0.153278 0.000361904 0.00534131 0.0028039 -0.000116046 0.024296 0.0144993 0.0416664 -0.00338131 -0.00132055 -0.00210791 0.0106605 0.00868995 -0.00631601 0.0409764 -0.0165159 -0.000695515 0.000309396 -0.020798 -0.00203947 -0.00535327 -0.000352084 0.00938935 -0.00296819 0.0110477 0.00112487 -0.00812201 -0.0326921 -0.00766254 -0.0213254 -0.00863795 -0.000103874 -0.0584993 -0.00242748 -0.0108623 0.0211659 0.00143954 -0.0110456 -0.0172496 0.0554766 -0.00588765 0.00059064 -0.0138309 0.0315438 -0.0144191 -0.0260861 -0.00200888 0.000268241 -0.0029595 0.00201482 0.00233078 0.00506555 0.00676077 -0.00312436 0.0221885 -0.0187214 0.000512728 0.0082535 -0.000586451 0.000397896 -0.0239259 -0.00386894 -0.00117041 -0.0165435 -0.0576651 0.0254358 -0.00642933 -0.0108501 -0.00734564 0.00489543 0.00286475 0.0231121 -0.00275515 -0.0320771 -0.00640824 0.0128226 -0.024881 -0.00207642 -0.0151018 0.011127 0.00269494 -0.00128726 0.0102858 0.0543413 -0.0195216 -0.000353216 -0.000380496 0.000442305 0.00136661 -0.00644874 0.00145227 -1.1543e-05 6.71557e-06 0.00666151 -0.0586501 -0.000800452 -0.00172761 -0.000590644 -0.00917077 -0.0017059 
0.000361904 0.00605021 -0.000676763 -4.36595e-05 0.000159674 -0.00158952 0.000827793 0.000349397 6.3077e-05 0.000290335 -4.0998e-05 -0.000375157 -0.00050144 -8.07949e-05 -0.000549825 -0.000525408 8.77403e-05 -2.91297e-06 0.00104704 0.000952567 0.000107527 0.000131532 0.000939595 0.000174421 -0.00118405 -0.000130294 0.000509432 -0.000463578 -2.18729e-05 -0.00166274 -0.000133789 -5.16354e-05 -0.001147 3.97893e-05 -0.00029824 0.000667505 0.000186264 0.000876511 -0.00062011 -0.000900781 0.000632766 0.00026677 -0.000330505 3.5602e-05 0.00162624 0.000461929 -6.50728e-05 9.90764e-05 0.000236662 0.000112977 0.000316279 0.000259914 0.000798998 0.000155019 0.000272868 -0.000610844 -4.8388e-05 -1.30234e-05 1.30338e-05 -0.000137385 -0.000238345 1.73496e-05 0.000146564 -0.000173117 -0.000148847 -0.00157485 0.000117311 0.000231315 0.000234543 2.41672e-05 -0.000281262 0.000127673 0.000212828 -0.000625287 0.000592701 -0.00180571 -0.000915034 -4.62111e-05 -0.000537312 -0.000721158 9.23814e-05 -0.000728021 -0.000305422 -0.00128395 0.000124241 0.000198968 0.000145898 8.13526e-05 0.000149588 0.000172043 0.000158581 0.000213219 2.62734e-05 -6.45027e-05 -0.000867333 0.000505602 -1.95051e-05 1.44143e-05 -0.000161835 6.02154e-06 
0.00534131 -0.000676763 0.110574 0.00372732 -0.00269969 0.0151551 -0.0016308 0.00687569 -0.000777147 -0.0018335 -0.00384585 0.00963352 -0.00220326 -0.00580767 -0.0114019 -0.00559683 -0.00163311 0.000258547 -0.0117376 -0.010499 -0.00343128 1.90841e-05 -0.0029839 -0.000646132 0.0392798 -0.00396391 -0.00328138 -0.00436701 -0.00165595 -0.00857343 -0.00343422 -5.65115e-05 -0.0144574 0.000528147 -0.0148928 -0.00458705 0.00149011 -0.00738439 -0.013374 -0.00749257 -0.00646689 0.000691795 -0.0126513 -0.00695191 -0.0116762 -0.0156723 -0.00195239 -0.00298778 -0.00839101 0.00256582 0.00129923 0.00272439 -0.00863939 -0.00174992 -0.00703355 -0.00218764 0.00209174 0.00140748 0.000483512 -0.00233925 -0.0100049 0.00285353 0.000578491 -0.0141507 -0.0131134 0.00791758 -0.00864686 -0.00422443 -0.00731287 -0.0119879 -0.0191651 0.000317406 -0.00176319 0.0093598 -0.00457423 0.0245138 0.0282858 0.00923708 -0.00531584 0.0274059 -0.00436338 0.000275719 0.0223725 0.0318532 -0.000420615 0.00318328 -0.000525365 0.00124527 -0.00142977 -0.00419497 -0.000226288 -0.000739644 0.00138627 -0.0020829 -0.0254318 -0.000998383 0.0014584 -0.00230833 0.00782298 0.00239162 
0.0028039 -4.36595e-05 0.00372732 0.0246836 -0.000647964 0.00593829 0.000871443 0.00268328 -0.000268074 0.000175826 -0.000233798 -0.00284303 0.00201798 -0.000973915 -0.00315303 -0.000443174 0.000395877 -0.00018814 -0.00222371 -0.00244253 -0.000158252 0.000603853 0.00131514 -0.000386505 0.00332057 0.000769713 -0.000447231 -0.00134107 -0.000217861 -0.00112946 -0.000447804 -0.000531778 -0.00322722 0.000327233 0.00432729 -0.000813311 0.00107958 -0.00250448 -0.00274182 -0.00107732 -0.000382715 -0.000321295 -4.90979e-05 -0.00194447 -0.00114977 -0.00185664 0.000129203 0.000221845 0.000530661 0.000633126 0.000381713 0.00364377 -0.0020786 -0.000290492 -0.00152066 0.000257815 0.00158958 0.00101843 -0.000102801 -0.000149781 0.00167783 0.000225935 -6.57955e-05 -0.00252629 -0.00275336 -0.00155224 -0.00338345 -0.00497608 -0.00342239 -0.00348739 -0.00446858 0.00136238 -0.000380433 -0.00138973 -0.000775262 0.00482141 -0.00105727 -0.00021362 0.000722642 -0.000220929 -0.000625389 -0.0038788 0.00556219 -0.00168713 -0.00241737 -0.000832076 4.84982e-05 0.000596622 0.000173702 -0.000755736 0.000728732 -9.01702e-05 0.000328979 0.00123737 -0.00126415 -0.000523358 0.00164272 -0.000616657 -0.00104524 0.000164369 
-0.000116046 0.000159674 -0.00269969 -0.000647964 0.0335568 -0.00977651 -0.000605445 -0.00301644 0.00102727 0.00344019 0.000483544 0.00232987 -0.00247469 -0.000185187 0.00578937 -0.000195487 0.000115683 4.90166e-05 -0.00187087 0.00801141 -0.000266711 0.000160779 -0.00106418 0.000662777 -0.00645543 0.00247522 -0.00101037 -0.00526526 0.00144064 -0.00402313 0.00437433 -0.000232797 -0.00414042 0.000692913 -0.00164637 -0.000642141 -0.00137124 -0.00495357 -0.00516542 -0.00738636 0.000908993 0.000829647 -0.00199232 0.00370094 0.00019445 -0.000346039 0.000846121 0.000477654 0.00518577 -0.000242349 -0.000286118 0.000592087 0.0022775 0.00042381 0.00823394 -0.00444214 -0.000521667 -0.000902188 0.000139028 0.00535864 -0.00410622 -0.000320125 0.000348005 0.00144247 0.0084342 -0.00926976 0.00162479 -0.00351367 0.00181456 -0.00150103 0.011029 -0.000369683 -0.000316981 -0.00275132 0.00176806 -0.00249607 0.000975213 -0.000181092 0.000376389 -0.00885872 -0.00121673 0.00010342 -0.00180025 -0.01168 0.00331535 -0.000651053 -2.20565e-05 0.000163051 -0.000233671 -0.000561736 0.000104626 0.000419772 -0.000429642 -0.00133953 -0.00247028 -0.000499191 0.000723124 0.00110151 -0.00111976 0.0019715 
0.024296 -0.00158952 0.0151551 0.00593829 -0.00977651 0.239646 0.0101077 0.0121541 -0.00263631 -0.00379937 -0.00310035 0.00728736 0.00510947 -0.00788484 0.0168867 -0.00318705 -0.00293634 -0.00137669 -0.0426682 -0.0312302 0.00103464 0.000326983 -0.00360569 -0.00316178 0.00756189 -0.00929588 -0.0156511 -0.0303194 0.000654029 -0.0203778 -0.0151601 -0.00499987 0.0103981 -0.0009874 -0.000747486 0.00973987 0.0103907 -0.024607 0.0193771 0.0572651 -0.00735288 0.00045892 -0.00337246 0.0126214 -0.0170087 -0.0381347 -0.00173937 0.00169624 -0.0306301 0.00343449 -0.00448063 -0.00591634 -0.00682237 -0.00549351 0.00555984 0.0185989 -0.00291004 0.00842174 -0.00185491 0.0149492 0.0119666 0.00257069 0.00317489 -0.0501263 -0.0353427 0.0633445 -0.0136851 -0.0196267 -0.023518 -0.0167756 -0.0223169 0.0130697 -0.0062297 -0.0199082 -0.0133866 0.0521221 -0.00379695 -0.0120763 -0.0339001 0.0134467 0.00246408 0.00276976 0.00255979 0.0579356 -0.0520058 -0.00677831 -0.000272302 -0.000963549 -0.00619229 -0.00606435 0.000185485 -0.00119013 -0.000617325 0.00769059 -0.0318392 0.00189835 0.00185369 -0.00121259 -0.0109295 -0.00255373 
0.0144993 0.000827793 -0.0016308 0.000871443 -0.000605445 0.0101077 0.0532525 0.0161542 -0.000652206 0.000941354 -0.000408387 0.00197651 0.00349831 -0.00135797 0.0001706 -0.00552595 0.000361562 -9.46133e-05 -0.0062316 -0.00265365 -0.00152071 -0.000453178 0.00558427 -0.000899371 0.00744022 -0.00104084 0.000665271 -0.0143409 -0.0010468 -0.0110942 -0.00218387 0.00187271 -0.0181422 -0.000612293 -0.00389622 0.000820252 -0.00183863 0.002019 -0.00251033 0.0169825 0.00373572 0.00180148 -0.00155814 0.0119375 0.000752112 -0.00710162 -0.000494568 0.000417366 -0.00488714 -0.000174486 -0.000166408 0.000193014 -0.000474274 -0.000441528 0.00621086 -0.00306122 0.000791217 0.000502734 -0.000128426 -0.000666214 -0.00700439 0.00079068 -0.000193775 -0.00366696 -0.015353 0.0051675 -0.00381153 0.00221021 -0.00709938 0.000981899 -0.00116244 0.00256216 8.82391e-05 -0.0112058 -0.000207952 0.00033531 -0.00686876 -0.00108948 -0.00676213 -0.000822641 0.000580853 -0.00609546 0.000225805 0.0187106 -0.00398184 -0.00186686 0.000252962 -6.91284e-05 -0.000153695 2.5346e-05 0.000129927 0.000288615 0.000742329 -0.000716929 -0.0168461 0.00184016 -0.00084366 -0.00153472 -0.00340979 -0.000659478 
0.0416664 0.000349397 0.00687569 0.00268328 -0.00301644 0.0121541 0.0161542 0.132714 0.000519453 -0.00158843 -0.00192271 0.00227998 0.0104892 -0.00501115 0.0145053 -0.0120926 0.00020165 2.60168e-05 -0.0177901 -0.00911306 -7.18695e-05 0.000487869 0.0209594 -0.00393358 0.0191933 -0.0045285 -0.00213763 -0.0392435 0.000405772 -0.0132782 -0.00525751 0.00214939 -0.058713 0.00253169 -0.00246702 0.00174806 -0.000509036 0.0116921 -0.0192885 0.041227 -0.00123464 0.00246614 0.00695443 0.0303767 -0.00226538 -0.0189454 -0.000834728 -0.00245778 -0.00701633 0.00411835 0.00207999 0.00258017 -1.73299e-05 -0.00147077 0.00679153 -0.018644 0.0018769 0.000955053 -0.000242724 0.000701661 -0.010014 -0.00105793 -0.00149199 -0.0102675 -0.0451261 0.00390441 -0.00477484 -0.0292961 -0.00826643 -0.00137173 -0.00880395 0.00792941 0.00196922 -0.00406769 0.000741573 0.00882549 -0.0117266 -0.00183218 -0.0173075 -0.0185853 0.00328354 -0.0145065 0.02169 0.0463075 -0.0117856 0.00118212 -7.80062e-05 0.000411148 0.00101015 -0.00151737 0.000662407 -0.000119814 0.00344007 0.00798983 -0.0445531 -0.00117467 -0.00240684 0.00107122 -0.00582491 -0.00128356 
-0.00338131 6.3077e-05 -0.000777147 -0.000268074 0.00102727 -0.00263631 -0.000652206 0.000519453 0.0298122 -0.000206035 0.00338843 -0.00154718 -0.00185211 0.00177488 -0.00472815 -0.00283784 0.00115045 5.43027e-05 0.00653312 0.00300721 0.00235432 0.00115515 -0.000481017 0.00262701 -0.0035639 0.000109388 -0.00122198 -0.0105708 -0.00119527 -0.00901891 -0.000213275 -8.6123e-05 -0.00413528 0.00103911 -0.00364831 -0.00146637 0.000550798 0.00705578 -0.0137057 -0.00400342 0.000204633 0.00442265 0.00108261 -0.000799257 -0.00258566 -0.00136124 -0.000349853 0.00315339 -0.000475355 -0.000287919 -0.000441109 -0.00037754 -0.00209771 0.000672257 0.00120452 -0.00240987 -0.000343721 -0.000614252 0.000836296 0.00197088 -0.00257042 0.000786889 0.000115235 -0.00147159 0.00045212 -0.00624427 -0.0014706 -0.00896097 0.0128737 0.00315215 -0.0012166 -0.00355927 0.00159592 0.0138335 0.00261923 -0.00878464 0.0020079 0.00201083 0.00121338 -0.00631247 0.000640754 0.0020717 -0.000792969 -0.00618987 -0.00164662 -0.000665627 0.000118497 -0.000175548 0.000133211 -0.0005199 9.87676e-05 -1.87953e-05 0.00075849 0.00436206 0.0015907 -0.000849315 0.000546311 0.0034103 0.00559312 3.56368e-05 
-0.00132055 0.000290335 -0.0018335 0.000175826 0.00344019 -0.00379937 0.000941354 -0.00158843 -0.000206035 0.029404 -0.000786171 -0.000428685 -0.00157293 -0.0010132 -0.000612837 -0.00137745 -0.00038639 -1.78482e-05 -0.00344034 0.00266392 -0.00104226 -0.000181312 -0.00105211 -0.000520849 -0.000146021 0.000536206 -0.000280803 0.00191626 0.000809562 0.00121005 0.00141643 0.000162208 0.000840571 -2.95628e-05 -0.000653945 0.000821606 -0.00138228 -0.00167463 0.00162979 -0.00438268 0.00221171 -0.000190878 -0.00218153 -0.0013332 0.00183249 0.000660419 7.08179e-05 0.00123504 -0.000577336 0.000324822 0.000669674 0.00225656 -0.000816906 -0.000198226 0.000976693 -0.00234963 -0.000281944 6.17267e-05 -0.000111641 0.000229814 -0.00241715 -0.000219652 0.000760044 -0.00173092 0.0051133 -0.00222596 0.000617313 0.00187274 -0.00166052 -0.0025757 0.00196549 -0.00232905 -1.04077e-05 -0.00692497 0.00169762 0.000801202 -0.00268349 -0.000382429 0.00139525 -0.00165717 -0.000541244 0.000982722 -0.000854491 -0.00458362 0.00145961 -0.000727325 -1.37318e-05 0.000256344 2.36015e-06 -0.000147483 0.000465679 -9.02429e-05 -0.000206649 -0.000648806 -0.00344717 -0.000488263 0.000118954 -0.000201598 -0.000108872 0.000351668 
-0.00210791 -4.0998e-05 -0.00384585 -0.000233798 0.000483544 -0.00310035 -0.000408387 -0.00192271 0.00338843 -0.000786171 0.0436826 -0.00679343 -0.000680731 0.00186366 -0.000152373 -0.000407837 0.00181263 6.09125e-05 0.00526179 0.00132998 9.85397e-05 -0.000150465 -0.000169203 0.002143 -0.00699082 0.000781056 0.00104866 -0.00867669 -0.00300624 -0.0103692 0.00115648 0.000477795 -0.000837129 0.000520959 0.00527957 -0.000273156 0.000562956 0.00219246 -0.0048943 -0.0053486 -0.0015343 0.000414977 0.00911175 -0.00108448 0.00060374 0.00241104 0.000584956 0.00144744 0.00592572 0.000803146 0.000135768 -0.00069996 0.00357788 0.00203657 0.00150193 -0.00111582 -0.000673518 7.66363e-05 9.32883e-05 0.00243438 0.00688513 -0.000100918 -6.70129e-05 0.00280977 -0.00248296 -0.0130741 0.00413979 0.00320468 0.00222576 -0.0048675 0.0063949 -0.00673007 -0.000919786 0.0082109 0.00060696 -0.0107635 -0.00696892 -0.00149384 -0.00200423 -0.0079749 -0.00177568 -0.00533141 -0.00283638 -0.00939977 -0.0066085 -0.00140961 -0.000167772 0.000186938 2.72246e-05 -0.00198012 -9.80948e-05 0.000253027 0.00074595 0.000934466 0.00935988 0.00345876 -0.000403217 0.00276894 -0.00132443 -0.000430229 
0.0106605 -0.000375157 0.00963352 -0.00284303 0.00232987 0.00728736 0.00197651 0.00227998 -0.00154718 -0.000428685 -0.00679343 0.167385 -0.00531882 -0.00133778 0.02518 0.00126189 -0.00325738 -0.000319817 -0.00317312 0.0100582 -0.00102093 -0.00122971 0.00451531 0.000231765 0.0229071 0.00378431 -0.00628044 0.00770413 -0.00476141 -0.00644284 0.00836205 -0.000203793 -0.021913 0.00245732 -0.025663 -0.0115104 0.0045324 -0.018548 -0.00617362 0.00499615 -0.000926833 -0.0026569 -0.028416 0.0167511 -0.000613088 -0.010381 0.00280542 -0.00378858 -0.00133128 -0.00080222 7.30982e-05 -0.00042869 -0.0101977 -0.00295694 -0.00168218 -0.0195712 -0.00296002 0.00086262 0.000817086 -0.00619948 -0.0302214 0.0001172 0.0014135 -0.00200828 -0.0287728 0.03039 -0.0108817 -0.0109528 -0.000576279 -0.01044 0.00454063 -0.00718874 -0.0043109 -0.0164542 -0.00850277 0.00864983 0.0249021 0.0025615 -0.0197395 0.0373857 -0.0046682 0.0107626 -0.000676573 0.0166553 -0.0146046 0.0106273 -0.000864467 -0.00200456 -0.00108684 -0.00752761 -0.000445993 -0.000145782 -0.00293758 0.00191303 -0.0530765 -0.00340556 0.000885038 -0.00733427 0.00267832 -0.00145274 
0.00868995 -0.00050144 -0.00220326 0.00201798 -0.00247469 0.00510947 0.00349831 0.0104892 -0.00185211 -0.00157293 -0.000680731 -0.00531882 0.0950804 -0.00241889 0.00580476 0.00104294 -0.00146826 0.000429234 -0.00696153 -0.00794027 -0.00259615 0.0013656 0.0143214 -0.0025768 0.00888861 0.0004222 -0.00154446 -0.0123906 -0.00424293 0.00879529 -0.0013097 2.92643e-05 0.012773 -0.000664167 -0.00572315 0.00222875 -0.00321248 -0.01054 0.00947962 0.00631957 -0.00586227 0.00137515 0.00556226 0.00297292 -0.00678948 -0.00435361 -0.000835959 0.000398759 -0.00342064 0.000412846 -0.00175932 -0.00113819 -0.00645128 -0.000273169 -0.00589742 -0.00784799 -0.000884038 0.00637358 -0.000702121 -0.00145558 0.00325861 0.000305358 -0.00076252 -0.0147624 -0.0115856 0.0163938 0.00816991 -0.00904928 -0.00103911 0.00834706 -0.0197278 -0.0108997 0.000695498 -0.0182356 -0.00155725 -0.0244149 -0.0053607 -0.00215283 -0.00811914 -0.00789752 -0.00281758 0.00239782 -0.00169561 0.015538 0.00330395 0.00120221 -0.000379159 -0.000377534 0.000577042 -0.000547132 -0.000338914 -0.000740681 0.000860688 0.00099508 -0.00544767 -0.000675765 -0.00167587 0.00510769 -0.00328564 -0.00162344 
-0.00631601 -8.07949e-05 -0.00580767 -0.000973915 -0.000185187 -0.00788484 -0.00135797 -0.00501115 0.00177488 -0.0010132 0.00186366 -0.00133778 -0.00241889 0.0539238 0.00111351 -0.00177651 0.00100716 -0.000185089 0.0135446 0.00857658 0.00489219 -0.000196136 -0.000674294 0.00472274 -0.0037093 0.0022819 -0.000160288 -0.00709969 -0.000476512 -0.00644809 0.00261292 -0.000696862 -0.00948115 0.00255725 -0.000546746 0.000329704 -0.00110651 0.00525419 -0.011655 -0.000797841 -0.00328855 0.000980463 0.00595218 0.00119123 -0.00173923 -0.00454702 0.000860003 -0.000682374 0.0117142 -0.000319255 -0.000529424 -0.000956919 0.00373368 0.00416287 0.0024998 -0.00561078 3.83106e-05 1.67776e-05 0.000473566 -0.00285494 0.00314542 -0.00106304 -0.000376144 0.00757147 -0.00545335 -0.0154131 0.00276149 -0.0119006 0.00790832 0.00861979 0.00360373 -0.00154979 0.00235488 0.00563886 0.000524025 -0.0019435 -0.00790631 0.000421064 0.00952701 0.00252485 -0.00218133 -0.0128842 -0.00125553 -0.0198138 -0.0119458 0.000104764 5.32785e-06 -0.000456706 0.00103522 0.000467281 0.000161793 0.00114636 -0.000681277 -0.00150877 0.00549578 -0.00140516 -0.00053916 0.00209029 -0.00509707 0.000114483 
0.0409764 -0.000549825 -0.0114019 -0.00315303 0.00578937 0.0168867 0.0001706 0.0145053 -0.00472815 -0.000612837 -0.000152373 0.02518 0.00580476 0.00111351 0.193569 -0.0124782 -0.00549893 0.000306812 -0.0377956 0.00188246 -0.00913196 -0.00266846 0.0197182 -0.000577012 -0.00917469 0.00728769 -0.00385247 -0.0356656 -0.0023064 -0.0141376 0.00757968 -0.00155784 -0.0110364 -0.000179123 -0.0156392 0.0115716 0.00101416 -0.0241142 0.0227736 0.0242741 -0.00376529 -0.00540496 -0.0201446 0.0227282 -0.0186022 -0.0172489 -0.00336382 -0.00688896 0.0195369 4.5584e-05 -0.000809592 -0.00180087 0.0035877 -0.00109516 0.0240076 -0.04054 -0.00344338 0.00735825 -0.00128547 0.00632908 -0.0101913 -0.00452986 0.00078881 -0.00853701 -0.0153799 0.0262939 0.0191554 -0.0196511 -0.0107965 -0.00653968 0.0236258 0.00124907 -0.0077042 -0.0235261 -0.00529993 0.0322266 -0.0135177 -0.00788241 -0.0199161 -0.00456071 -0.00438949 -0.0122198 -0.0022572 0.00826691 -0.0207851 -0.00119483 -0.000656887 -0.00183297 -0.00244832 -0.00865161 -0.000140023 0.00145352 0.00013043 -0.00713644 -0.0333637 -0.00154787 -0.000679109 0.00071314 -0.00975019 -0.00200985 
-0.0165159 -0.000525408 -0.00559683 -0.000443174 -0.000195487 -0.00318705 -0.00552595 -0.0120926 -0.00283784 -0.00137745 -0.000407837 0.00126189 0.00104294 -0.00177651 -0.0124782 0.159525 -0.00160528 -0.000157966 0.00730548 -0.013073 -0.00180955 0.00133921 -0.00910659 0.000528063 -0.000754151 0.00855657 -0.00448316 -0.00598831 0.00477968 0.0155262 -0.00635833 -0.00119625 0.00703422 0.00485592 -0.00946283 -0.0126041 -0.000153388 -0.0249967 -0.0066303 -0.0282633 0.00611915 0.000650087 -0.0124232 -0.00325129 0.00624223 0.0184037 0.00120532 0.00274898 0.00667617 -0.00278504 -0.00390922 0.000605579 -0.0103602 0.000254162 -0.0130314 0.0106739 0.00250632 -0.00540229 0.000869776 -0.00519284 -0.0112085 -0.0025889 -0.00177971 0.0231076 0.00768906 -0.0259886 -0.00904078 0.0130079 -0.0271865 -0.0103721 -0.0124323 0.00192143 0.00104013 0.00492941 -0.00211471 -0.00979463 -0.00932214 0.00177514 0.0254369 0.013671 -0.00721498 -0.0146331 -0.00268541 -0.00773748 0.0147048 -0.00252253 0.000203825 5.5647e-05 0.00208428 0.0107981 -0.000387709 -0.000602185 -0.0030118 -7.39936e-06 0.0232244 -0.00229099 0.00343333 -0.00471427 -0.000888243 -0.00130951 
-0.000695515 8.77403e-05 -0.00163311 0.000395877 0.000115683 -0.00293634 0.000361562 0.00020165 0.00115045 -0.00038639 0.00181263 -0.00325738 -0.00146826 0.00100716 -0.00549893 -0.00160528 0.0285622 -3.94603e-06 0.00391217 0.00156605 -0.000521585 0.000335712 0.00422709 0.00171528 -0.00294745 -3.39553e-05 0.00484865 -0.00660988 0.00114175 -0.00036917 -0.00140334 0.000411099 -0.00835377 0.000169252 0.00124037 -0.00123263 -0.000386246 -0.000415783 -0.00984018 0.00368644 0.000117915 0.000245857 0.00267017 0.000520673 -0.00152661 0.000980673 0.00015249 0.00115906 -0.00167183 -0.000230738 -9.99556e-05 0.000156024 -0.000633019 0.000254805 1.97007e-05 -0.00147141 0.000545818 -0.000578409 0.000133218 0.00140468 0.000280792 -0.000366187 -0.00029949 -0.00201347 -0.00350228 -0.00450817 -0.00139922 -0.00870619 0.00336422 0.00225469 -0.00462074 0.00444247 0.00224391 0.00251035 0.000562629 -0.00303211 -0.00327558 -0.000655939 0.0039484 -0.00198311 0.000301847 -0.000897403 0.000859912 0.00105154 -0.00239684 0.000776162 0.000942333 0.000292929 0.00120063 0.00207363 -6.31684e-05 -0.000134929 0.000442585 0.00274746 -0.000796549 -0.000511807 -0.000275199 0.000601952 -0.000670245 -0.000288644 
0.000309396 -2.91297e-06 0.000258547 -0.00018814 4.90166e-05 -0.00137669 -9.46133e-05 2.60168e-05 5.43027e-05 -1.78482e-05 6.09125e-05 -0.000319817 0.000429234 -0.000185089 0.000306812 -0.000157966 -3.94603e-06 0.00912595 0.00015844 0.000655933 0.000336118 1.03058e-06 0.00031666 -0.000135568 -0.000748583 -0.000224919 -0.000328515 0.000534018 -9.87122e-05 -0.00182902 -4.04436e-05 -7.79434e-05 0.000301299 5.59103e-05 -0.00135968 -0.000194219 0.00027906 0.000266076 -0.00163332 -0.000966099 -0.000367964 0.000180916 -0.000633739 0.000671749 0.000905795 0.000534395 0.000128299 -0.000123044 -0.000819888 -0.000151149 1.49399e-05 -0.000102057 -0.000146026 0.000285425 -0.000523438 -0.000525004 -6.45648e-05 0.000648516 3.94174e-05 -0.00041251 -0.000930347 0.000337241 -1.42184e-05 -0.000894496 -5.71597e-05 0.000415562 -0.00096719 0.000931536 0.000420278 -0.000283887 -0.00148054 0.000273688 0.000259608 -0.000297857 8.16187e-05 -0.00254628 0.000473684 -8.06745e-05 -0.0010353 -0.000697293 -0.000238365 0.00188843 -0.000481074 0.000408081 0.00163198 -0.000164939 3.59162e-05 -4.96101e-05 0.000238795 -0.000237525 -2.90907e-05 7.57842e-06 9.3709e-05 0.00134186 -0.000843797 -0.00011029 -0.000107578 -0.000228935 -0.00024644 0.000102573 
-0.020798 0.00104704 -0.0117376 -0.00222371 -0.00187087 -0.0426682 -0.0062316 -0.0177901 0.00653312 -0.00344034 0.00526179 -0.00317312 -0.00696153 0.0135446 -0.0377956 0.00730548 0.00391217 0.00015844 0.145591 0.0224962 0.00799416 -0.000698099 -0.00422817 0.0082434 -0.00303437 0.00126125 0.000317542 0.0140966 -0.00546321 0.00304744 -0.00552544 -0.000253781 0.0012794 0.00108521 -0.00344112 -0.0090683 -5.979e-05 0.0322845 -0.0187477 -0.0108478 0.00148305 0.0027606 -0.00869531 -0.0136271 0.00588583 0.00141738 0.00190759 0.00252274 -0.00949051 -0.00322459 -0.0043346 -0.00277616 -0.0118608 0.00633315 -0.0108845 -0.00333995 0.000644267 -0.00222596 0.00152356 -0.00591434 -0.0128403 0.00287905 -0.00154244 0.0129549 0.0034312 -0.0375533 0.0215895 -0.0200521 0.0321364 0.00974329 -0.0129988 -0.0140107 0.00557758 0.0372955 0.00238741 -0.0539526 -0.00477965 0.00214965 0.0298791 -0.00172803 -0.000797595 0.0193753 -0.00884324 -0.0290738 -8.89191e-05 -0.00353493 2.9315e-05 -0.00159345 0.00246889 -0.00198796 -0.000240761 -0.000619941 -0.00173617 -0.000296677 0.0231583 -0.0032794 -0.00228107 -0.0033938 0.00587823 -0.00121355 
-0.00203947 0.000952567 -0.010499 -0.00244253 0.00801141 -0.0312302 -0.00265365 -0.00911306 0.00300721 0.00266392 0.00132998 0.0100582 -0.00794027 0.00857658 0.00188246 -0.013073 0.00156605 0.000655933 0.0224962 0.107215 0.00366985 -0.000574061 -0.000447859 0.00650846 -0.0156002 0.000905893 -0.00397435 0.00333407 -0.00575296 -0.0137051 -0.00272837 -0.000257111 -0.016593 -0.000777284 -0.00636931 -0.0031718 -0.00133072 -0.00193464 -0.0221381 -0.00906926 0.00306938 0.00354599 0.0046939 0.00194962 0.00669311 0.00129223 0.000833278 0.000607013 0.00457261 -0.000709465 0.000798626 -0.00197587 0.00213619 0.00219666 0.00495218 -0.016226 -0.00181321 0.000567951 0.000301315 0.00321066 -0.00661831 -0.00143268 0.00055455 0.00366298 0.0105407 -0.00651009 0.0127043 -0.0116862 0.0212253 0.00928731 0.00836682 0.00290757 0.0028683 0.00123928 0.00230179 -0.0218372 -0.0110555 -0.00369625 0.00612208 -0.007038 -0.00428072 0.0106583 -0.00509681 -0.017514 -0.00786197 0.000597155 -0.000322673 -0.000642458 0.00206626 -0.00336492 0.000487674 -9.88245e-05 -0.000894152 0.00100372 0.00116256 -0.00139535 0.000535267 -0.000883848 -0.00646635 0.00028954 
-0.00535327 0.000107527 -0.00343128 -0.000158252 -0.000266711 0.00103464 -0.00152071 -7.18695e-05 0.00235432 -0.00104226 9.85397e-05 -0.00102093 -0.00259615 0.00489219 -0.00913196 -0.00180955 -0.000521585 0.000336118 0.00799416 0.00366985 0.0498111 0.00137635 4.87355e-05 0.00337931 -0.00503033 0.000447106 -0.00151065 -0.00123787 -9.22643e-05 -0.0173894 0.000142828 -0.000122131 0.000935104 0.00030184 -0.00411193 -0.00100068 0.00254577 0.00228947 -0.0138909 -0.00142281 -0.00209027 0.00281829 0.00383426 -0.00169352 -0.00087933 -0.00599519 0.00101917 0.000504643 -0.000803001 -0.00025276 -0.000625236 -7.48944e-05 0.00155417 0.00197817 0.00075966 9.22408e-05 0.000633774 0.0020297 0.000981563 -0.00134658 0.00329101 -0.000181627 0.000533086 0.00213761 0.0120461 -0.000943076 -0.00403007 -0.0092696 0.0138913 0.000770253 0.00320932 -0.00604025 0.00149262 0.0100909 -0.000599578 -0.0110248 -0.00414084 -0.00180014 0.00163201 -0.0114563 0.000591632 -0.00778192 -0.00165694 -0.0165793 -0.004417 -0.000515401 -8.34102e-05 0.00023322 -7.60563e-05 0.000647175 -0.000131666 -9.6956e-05 0.00184906 0.00548096 0.0104113 0.0013496 0.000930881 0.00312863 -0.00409111 -0.000276872 
-0.000352084 0.000131532 1.90841e-05 0.000603853 0.000160779 0.000326983 -0.000453178 0.000487869 0.00115515 -0.000181312 -0.000150465 -0.00122971 0.0013656 -0.000196136 -0.00266846 0.00133921 0.000335712 1.03058e-06 -0.000698099 -0.000574061 0.00137635 0.0166186 -0.000346403 -4.90466e-05 -0.00122792 -0.000169277 -0.000401066 -0.00358722 -0.000828038 -0.00272342 -0.000369163 -0.000117272 -0.00198867 0.000430203 -0.0022788 0.000437915 -0.000569753 -0.00160356 -0.00669164 -0.00145845 0.000318967 0.000646829 -0.000400115 -0.000602392 0.00116961 -0.00118875 -0.000101599 0.000735544 -5.58045e-05 0.000394562 0.000288722 0.000129907 0.00147308 0.000215308 -0.000816834 6.47032e-05 0.000594866 0.00170578 0.000157345 0.00187872 0.00025151 0.000527158 0.000909038 -0.001028 5.16629e-05 -0.000893647 -0.000785247 -0.00249969 0.0034242 0.000926802 -0.00174708 0.00175384 0.000109709 0.000628841 -0.000239763 -0.00192873 0.00140613 0.000200085 0.000861715 -0.00258089 0.000289869 -0.00344198 0.00126241 -0.00161116 0.000181509 -0.000323106 0.00013045 0.000871313 0.000460223 0.00212161 0.000552574 -6.37971e-05 -5.21853e-05 0.000934735 -0.00313959 0.000946128 0.00080198 0.000576099 -7.93997e-05 -0.000250455 
0.00938935 0.000939595 -0.0029839 0.00131514 -0.00106418 -0.00360569 0.00558427 0.0209594 -0.000481017 -0.00105211 -0.000169203 0.00451531 0.0143214 -0.000674294 0.0197182 -0.00910659 0.00422709 0.00031666 -0.00422817 -0.000447859 4.87355e-05 -0.000346403 0.0771758 -0.00115685 0.00286241 0.00127626 0.000350733 -0.0190062 0.00307668 -0.00590944 0.000269475 0.00021643 -0.0087224 -0.000326942 -0.00677168 -0.00126718 0.000120233 0.00368737 -0.00712084 0.00966945 0.00322534 -0.000394541 -0.00718559 0.00199346 -0.00521122 -0.0101899 -0.000506265 -0.000200573 0.00619614 0.000682145 0.00152775 0.000503987 -0.0056731 -0.000253448 -0.00196871 -0.0137336 0.000627862 0.0029565 -0.000177798 -0.00145147 -0.00130514 -0.00038343 -0.000828226 -0.00777073 -0.0118388 0.0129234 0.00554483 -0.0190833 0.00963618 0.00687046 -0.0116745 0.00160639 -8.79334e-05 -0.00693867 0.00217906 -0.00661078 -0.00495103 -0.00237137 -0.00690021 -0.00575387 -0.000697339 -0.00666781 0.00308273 0.00378835 -0.00922946 0.000268837 0.000113955 -0.000160405 0.00253389 -0.000594049 -0.000178418 -0.000465489 0.000440973 0.00242749 -0.0220752 0.00392867 -0.000379798 0.000134465 -0.00464523 -0.000254336 
-0.00296819 0.000174421 -0.000646132 -0.000386505 0.000662777 -0.00316178 -0.000899371 -0.00393358 0.00262701 -0.000520849 0.002143 0.000231765 -0.0025768 0.00472274 -0.000577012 0.000528063 0.00171528 -0.000135568 0.0082434 0.00650846 0.00337931 -4.90466e-05 -0.00115685 0.0341351 -0.00290067 0.000202616 -0.000284889 -0.00451513 -0.00169173 -0.004442 -0.00148497 -0.000443091 -0.00318288 0.00101491 -0.00176711 0.000112963 0.000446962 -4.36148e-05 -0.00573351 -0.00516706 0.000479757 0.00117193 0.00259958 -0.00146271 -0.000144729 0.00315822 -0.000170057 -0.000395237 -0.0011796 -0.000477338 -0.000153683 -0.000603866 -0.000657156 0.00102447 0.00256352 -0.00285926 3.03078e-05 6.47078e-05 0.000180243 -0.00119444 -0.00199938 0.000221403 0.000219916 0.00598866 0.00491409 -0.010127 -0.00181151 -0.00129231 0.00309468 -0.00115328 0.000611046 -0.00125518 0.000192161 0.00433201 -0.00013066 -0.0010218 -0.00309306 -0.000918232 0.00559492 -0.00153476 -0.00125742 -0.00666185 -0.00171973 -0.00881871 -0.00385461 -6.89342e-05 0.00015799 -6.46987e-05 0.00017824 -0.000619969 4.41333e-05 2.3227e-05 -0.000132697 0.00038223 0.00138823 0.00097074 -9.71586e-05 0.00126015 -0.0018663 -0.000229699 
0.0110477 -0.00118405 0.0392798 0.00332057 -0.00645543 0.00756189 0.00744022 0.0191933 -0.0035639 -0.000146021 -0.00699082 0.0229071 0.00888861 -0.0037093 -0.00917469 -0.000754151 -0.00294745 -0.000748583 -0.00303437 -0.0156002 -0.00503033 -0.00122792 0.00286241 -0.00290067 0.198711 -0.00329149 -0.00683027 -0.00568707 0.0042394 0.0050374 -0.0121301 0.00646056 -0.0275959 0.00068131 -0.00855816 -0.0136406 -0.00734362 0.00826553 -0.0101922 0.0219672 -0.00770248 0.000838537 -0.0313687 -0.0108397 -0.0160995 -0.0240862 -0.000659401 -0.00209819 -0.0229326 -0.000333869 0.00302802 0.00531968 -0.022363 -0.00201248 -0.00910281 -0.0108243 -0.00125214 -0.00516483 -2.5285e-05 -0.0144632 -0.0199577 0.00299499 -0.00203925 -0.00299916 -0.0491787 -0.00194392 -0.00192213 -0.0109656 -0.00995434 -0.00507173 -0.0311671 -0.0110334 0.000630859 0.0142477 -0.00754375 0.0345582 0.0238558 0.00738941 -0.00422592 0.0537204 -0.0101717 -0.0069775 0.0245252 0.0566236 -0.0296298 0.00603485 -0.00020921 -0.000574466 -0.00118092 -0.0112386 -0.000710226 -0.00198805 0.00231604 -0.0055637 -0.0442146 -0.0129911 -0.00120375 -0.00552018 0.0207179 0.00557765 
0.00112487 -0.000130294 -0.00396391 0.000769713 0.00247522 -0.00929588 -0.00104084 -0.0045285 0.000109388 0.000536206 0.000781056 0.00378431 0.0004222 0.0022819 0.00728769 0.00855657 -3.39553e-05 -0.000224919 0.00126125 0.000905893 0.000447106 -0.000169277 0.00127626 0.000202616 -0.00329149 0.0429003 -0.000706725 -0.00673037 0.00104132 -0.00265583 0.00391871 -0.000874168 -0.00577356 0.00386501 0.00268106 -0.00199299 0.000556489 -0.00382929 -0.00717641 -0.00758395 0.00138331 -0.000688341 -0.00703863 -0.00199826 -0.00147067 -0.00231973 0.000602139 0.00170128 0.022092 -0.000502028 -0.000303518 0.00263641 -0.00178733 0.000359241 0.000368773 -0.00199526 0.000699862 -0.000440018 0.000478159 0.000264976 -0.0061135 -0.000826788 -0.00019354 0.00887763 0.00163506 -0.0114499 -0.00524869 -0.00684295 -0.0047526 -0.00186541 0.00570863 -0.00264349 -0.00105859 0.00166564 2.39522e-05 0.00264089 -0.00510294 0.000178395 0.0117532 0.00220291 -0.00216799 -0.0100143 -0.000776371 -0.0138458 -0.0007571 -0.000498103 3.16159e-05 -0.000299657 0.000410985 0.00308608 0.000523779 0.000235267 -0.000313063 -0.000343852 -0.00134326 1.12856e-07 0.00109495 -0.00110372 -0.00307955 0.00134691 
-0.00812201 0.000509432 -0.00328138 -0.000447231 -0.00101037 -0.0156511 0.000665271 -0.00213763 -0.00122198 -0.000280803 0.00104866 -0.00628044 -0.00154446 -0.000160288 -0.00385247 -0.00448316 0.00484865 -0.000328515 0.000317542 -0.00397435 -0.00151065 -0.000401066 0.000350733 -0.000284889 -0.00683027 -0.000706725 0.0601451 0.00195938 0.0112466 0.00579008 0.00207882 0.00172017 -0.00386007 -0.000875277 -0.00182376 0.00219058 -0.00257041 -0.0015841 0.00896731 -0.0104381 -0.00069664 -0.000458284 0.000442462 -0.0035877 0.00680242 0.0178823 -0.00073339 -0.00225124 -0.0029032 -0.000231415 0.000402374 0.000724067 0.00285899 -0.000361012 -0.00290892 -0.00685928 0.000236222 -0.00254655 -3.71922e-05 -0.0028309 0.00984639 0.000458045 3.3659e-05 -0.00202091 0.00687507 -0.0182085 -0.0019771 0.00886639 -0.00730847 -0.00395662 -0.00311053 0.00222821 0.00244396 -0.00721639 0.000686115 -0.00988717 -0.00524521 -0.00108049 0.00221253 -0.00552949 -0.00183418 -0.00182114 0.000467378 -0.00792875 0.00964693 -0.00048805 0.00137814 1.34447e-05 0.00265866 0.00284728 -0.000182171 -0.000147003 -0.000178532 -0.00164771 0.00919459 -0.000113949 -0.00075992 -0.00162029 0.00173278 -0.000446857 
-0.0326921 -0.000463578 -0.00436701 -0.00134107 -0.00526526 -0.0303194 -0.0143409 -0.0392435 -0.0105708 0.00191626 -0.00867669 0.00770413 -0.0123906 -0.00709969 -0.0356656 -0.00598831 -0.00660988 0.000534018 0.0140966 0.00333407 -0.00123787 -0.00358722 -0.0190062 -0.00451513 -0.00568707 -0.00673037 0.00195938 0.24913 0.00125009 0.0368016 0.00850707 -0.00304209 0.0806994 -0.00848 0.00405457 -0.0107713 0.0118825 0.00180902 0.0517496 -0.0430277 -0.00711085 -0.00642233 -0.0339817 -0.0152573 0.00644432 0.0485468 -0.000754127 -0.012415 -0.0344209 -0.00350276 -0.00965277 -0.0046942 -0.000305248 -0.00341836 -0.0206851 0.0314276 -0.00123274 -0.00578798 -0.00243944 -0.0240069 0.00147867 -0.00528107 -0.000515201 -0.020752 0.0575417 0.00673771 -0.0104486 0.067607 0.000562813 0.000696726 -0.0213422 -0.040578 -0.00535977 -0.0277212 -0.00523058 -0.0455302 0.0129645 0.0056089 -0.0126781 -0.00585319 -0.00319167 0.0370994 -0.0160289 -0.0419746 0.0389168 -0.0100112 -0.00193067 -0.00306728 -0.000670634 -0.00795846 -0.00200792 5.06159e-05 -0.00253896 -0.00193126 0.0417122 -0.00545027 -0.00628536 -0.0144945 -0.00570749 -0.0010775 
-0.00766254 -2.18729e-05 -0.00165595 -0.000217861 0.00144064 0.000654029 -0.0010468 0.000405772 -0.00119527 0.000809562 -0.00300624 -0.00476141 -0.00424293 -0.000476512 -0.0023064 0.00477968 0.00114175 -9.87122e-05 -0.00546321 -0.00575296 -9.22643e-05 -0.000828038 0.00307668 -0.00169173 0.0042394 0.00104132 0.0112466 0.00125009 0.0856591 0.00169133 -0.00243324 -0.000561812 0.00774526 0.00150718 -0.010557 -0.00367259 -0.000656264 -0.00375128 0.00731156 -0.0123185 0.000654751 -0.00135201 -0.00699579 -0.000635302 0.000349968 -0.00684676 -0.00147577 -0.00210664 -0.00230117 -0.000799081 -0.00107446 -0.000725587 -0.00775132 0.000477305 0.00155335 -0.00470769 0.00187457 -0.00231681 0.000397515 -0.00196942 0.0120683 -0.000827857 0.000139555 -0.00570342 0.00255967 -0.0125851 -0.00870533 -0.00234998 -0.00851235 -0.00541975 0.00140274 0.000780359 0.00156759 -0.00553422 0.00415302 0.00554296 0.00577171 -0.000530876 -0.00614162 -0.00770703 -0.00208693 0.0038531 0.0029413 -0.00893211 -0.00189622 -0.00205174 0.000627351 1.9875e-05 -0.000522326 0.000429633 -0.000121038 0.000433681 -0.000587947 -0.00192008 0.00714824 0.00254388 -0.000479608 0.00189295 0.00184859 0.00311289 
-0.0213254 -0.00166274 -0.00857343 -0.00112946 -0.00402313 -0.0203778 -0.0110942 -0.0132782 -0.00901891 0.00121005 -0.0103692 -0.00644284 0.00879529 -0.00644809 -0.0141376 0.0155262 -0.00036917 -0.00182902 0.00304744 -0.0137051 -0.0173894 -0.00272342 -0.00590944 -0.004442 0.0050374 -0.00265583 0.00579008 0.0368016 0.00169133 0.167305 0.000600552 -0.00196393 0.0407913 -0.00169317 0.00316436 -0.00797791 -0.00757812 -0.00765671 0.0236394 -0.022151 -0.00184532 -0.0062293 -0.0262944 -0.0140604 0.00256765 0.0245798 0.000670085 -0.000129647 -0.00846544 -0.00501355 -0.00189794 -0.000431181 -0.00319835 -0.00637326 -0.024946 0.0146622 -0.00144403 -0.0197718 -0.00213886 -0.00914171 -0.00659669 -0.00758854 -0.00276337 0.0103241 0.0211176 -0.00662373 -0.0230026 0.0249119 -0.00861364 0.0119393 -0.0195381 -0.00137388 -0.000440617 -0.0257875 -0.00436351 0.00486642 0.00062514 0.000501932 0.0132874 0.00757138 -0.00171581 0.0276247 0.00290445 0.0132665 0.0203798 -0.00196427 -0.00105072 -0.00290233 -0.000585553 0.00138363 -0.00161328 -0.00284752 -0.00320205 -0.0101476 0.00837133 -0.0145356 -0.00677205 -0.00682482 -0.00125154 -0.00554328 
-0.00863795 -0.000133789 -0.00343422 -0.000447804 0.00437433 -0.0151601 -0.00218387 -0.00525751 -0.000213275 0.00141643 0.00115648 0.00836205 -0.0013097 0.00261292 0.00757968 -0.00635833 -0.00140334 -4.04436e-05 -0.00552544 -0.00272837 0.000142828 -0.000369163 0.000269475 -0.00148497 -0.0121301 0.00391871 0.00207882 0.00850707 -0.00243324 0.000600552 0.0639195 -2.30633e-05 0.0107195 9.27065e-05 -0.00313767 -0.00299719 0.000612219 -0.00675584 0.00179227 -0.0114272 0.000303917 -0.00102417 -0.00152503 -0.00668002 0.00120394 0.00542494 0.00569491 -0.000942625 0.00939805 -0.000910732 -0.000907008 -0.00089988 -0.00225769 0.00116607 -0.000535324 -0.00122808 -0.000942824 0.000732007 -0.000203463 -0.00226217 -0.00334453 0.00132548 0.000892758 0.00424673 0.0124606 -0.00250555 -0.00459084 -0.00775354 0.000116499 -0.00153541 0.0104277 -0.00772227 -0.00133121 -0.00597534 0.00152329 -0.0128363 0.00986883 0.000652957 -0.00365746 -0.010922 -0.000416267 -0.00532573 -0.000678969 -0.014012 0.00804138 -0.00109222 -0.000157246 -5.39895e-05 -0.000200516 0.000957186 -1.5621e-05 0.0011684 -0.00038435 -0.00113102 0.00903189 0.00167399 -0.000736561 -0.00156259 -0.00274017 0.000126166 
-0.000103874 -5.16354e-05 -5.65115e-05 -0.000531778 -0.000232797 -0.00499987 0.00187271 0.00214939 -8.6123e-05 0.000162208 0.000477795 -0.000203793 2.92643e-05 -0.000696862 -0.00155784 -0.00119625 0.000411099 -7.79434e-05 -0.000253781 -0.000257111 -0.000122131 -0.000117272 0.00021643 -0.000443091 0.00646056 -0.000874168 0.00172017 -0.00304209 -0.000561812 -0.00196393 -2.30633e-05 0.0250193 -0.00571739 -0.000272454 -0.00216843 -0.00138844 -0.000776197 -0.0011899 -0.00390636 8.73977e-05 -0.00174192 0.000604449 -0.00250482 0.000741875 0.000318285 -0.00115913 -0.000101834 0.000319722 -0.00162419 -3.41747e-05 0.000859177 -0.000193637 -0.00162193 -8.68957e-05 -0.00116652 0.00015405 0.00023132 0.000146409 2.19271e-05 0.000127801 -0.00187194 0.000959112 -5.10116e-05 -0.00279134 -0.00493001 1.70922e-05 0.000206241 0.00010797 0.0009039 0.000879264 -0.00123689 0.00176791 0.00053258 -0.00156104 -0.000495695 -0.00301667 0.00367457 0.000526068 -0.00172522 0.0012663 -0.000499553 0.00243453 -2.48696e-05 0.00629094 0.0012403 0.00192956 8.96584e-05 8.10616e-05 4.01765e-05 -1.08845e-05 -3.45723e-06 -0.00016545 1.27307e-05 -0.000492872 -0.0064473 -0.000449674 0.000270559 -0.000406198 0.00401421 -8.80783e-05 
-0.0584993 -0.001147 -0.0144574 -0.00322722 -0.00414042 0.0103981 -0.0181422 -0.058713 -0.00413528 0.000840571 -0.000837129 -0.021913 0.012773 -0.00948115 -0.0110364 0.00703422 -0.00835377 0.000301299 0.0012794 -0.016593 0.000935104 -0.00198867 -0.0087224 -0.00318288 -0.0275959 -0.00577356 -0.00386007 0.0806994 0.00774526 0.0407913 0.0107195 -0.00571739 0.248752 -0.00502847 0.00120362 -0.00876451 0.00666238 -0.0232289 0.060104 -0.0641237 -0.0113734 -0.00761079 -0.0185808 -0.0366623 -0.00621509 0.0286719 0.000776978 -0.00396487 -0.0227639 -0.00503723 -0.00772995 -0.00974003 -0.0120796 -0.00256166 -0.0302104 0.0202234 -0.00822775 0.000729633 -0.00293333 -0.00653996 0.0282802 -0.00197118 0.0032626 -0.0206001 0.0883429 0.027217 -0.0017806 0.053055 0.00802746 -0.021343 -0.0239295 -0.0330647 -0.0070749 -0.0273409 0.0024886 -0.0194629 0.0145251 -0.0100411 -0.0210011 -0.0222546 0.00631053 0.031824 -0.0312776 -0.0441753 0.0302505 -0.00903032 -0.00176567 -0.00262701 -0.00707147 0.00353649 -0.00281689 -0.00159347 -0.0028789 -0.0039615 0.0794666 0.006896 -0.00290994 -0.00525045 -0.0144275 -0.00357979 
-0.00242748 3.97893e-05 0.000528147 0.000327233 0.000692913 -0.0009874 -0.000612293 0.00253169 0.00103911 -2.95628e-05 0.000520959 0.00245732 -0.000664167 0.00255725 -0.000179123 0.00485592 0.000169252 5.59103e-05 0.00108521 -0.000777284 0.00030184 0.000430203 -0.000326942 0.00101491 0.00068131 0.00386501 -0.000875277 -0.00848 0.00150718 -0.00169317 9.27065e-05 -0.000272454 -0.00502847 0.0219733 -0.00292398 -0.000449822 0.000660636 -0.00114369 -0.00651915 -0.00420802 -0.000358057 9.13296e-05 -0.00441067 0.00142556 -0.00031772 -0.00373874 0.000475571 0.00016595 0.00583139 0.000180913 3.5456e-05 0.00223095 -0.00061056 0.000699219 0.000543541 -0.00148551 0.000534382 -0.000302611 0.00139949 0.000327902 -0.00254796 -0.000556506 -0.000157283 0.0012869 -0.00381395 -0.00633168 -0.00258165 -0.00523373 -0.00123785 -0.00139985 0.000390331 -0.001433 0.00019044 0.00228696 0.0027953 0.00358922 0.000608411 0.000989519 0.00515017 0.000634148 -0.000953451 -0.00708871 0.00124426 -0.00183891 -0.0010719 0.00107212 0.000211457 0.000382353 0.000238341 0.00110794 0.000492476 0.000125622 0.00117266 -0.000285032 -0.00150385 -0.000311161 0.000500277 0.00106328 -0.00013033 0.00043731 
