0.145943 -0.000372811 0.0200493 0.000257394 0.000164786 -0.00293264 -0.00113884 -0.0052031 -0.00710143 0.00357487 0.0186156 -0.011733 -0.0102137 -0.0153976 -0.000763821 -0.0320071 -0.0152566 -0.00411483 0.0117835 -0.0206628 0.00370726 0.00155404 -0.0101691 -0.00248396 0.000422469 0.0210536 0.0323789 0.00349926 -0.000762489 0.00408363 -0.00372378 0.00652419 0.0164385 -0.00160104 0.00761798 -0.00692325 -0.00941981 -0.0019484 -0.000448097 -0.000716669 0.00987704 0.00088695 0.000110672 0.0088381 0.000630526 -0.000367864 0.00488136 -0.00556398 0.00381288 0.00460106 -0.00193935 0.00464851 0.00275029 -0.0131572 -0.000103466 -0.00401303 0.00673181 -0.0242 0.00952386 -0.0068821 -0.0116916 -0.00729033 0.000129101 0.00629956 -0.00549321 0.000159008 -0.0011772 0.00219605 -0.0039883 -0.00959453 -0.00299217 -4.26224e-05 -0.0118667 -0.0156757 0.00558859 -0.020008 -0.0402122 0.00491337 0.0157934 0.0233966 -0.00317771 -0.00176447 -0.00074141 0.000840074 -0.00420406 -0.00386698 -0.00636021 -0.00697832 -0.0124126 0.000537403 1.74029e-05 -0.00144704 0.00160725 0.00489565 -0.0118003 -0.00644265 0.0270673 -0.0112058 -0.00406481 -0.0225815 
-0.000372811 0.0124355 5.95944e-05 -1.38145e-07 -5.4972e-05 -0.000278996 -0.000196222 -0.000314615 0.00139592 8.62449e-05 -0.000299707 2.25154e-05 -0.000297369 -0.00177997 -0.00273165 -0.00125316 -0.000585928 -0.000587422 -0.000995794 -0.000140958 -0.000503737 0.000295654 -0.00041029 0.000175454 -0.000512323 0.00139939 0.000448225 3.00363e-05 -0.000721576 0.000203735 -3.93777e-06 0.000622801 -0.000131245 -0.00161242 -0.000608186 -0.00101949 0.00030189 -1.89911e-05 3.67842e-06 0.000223995 -0.00140227 -0.000102947 0.000140373 -0.000737005 -7.4971e-05 -0.000345938 -0.000391382 -7.70966e-05 -0.000186957 -0.00109202 -0.000210839 -5.86798e-05 -0.000390892 9.66779e-05 -0.000173085 0.000468059 -9.15574e-05 -0.00063308 -0.000450079 -0.00029613 0.000289621 -0.000552801 0.000186644 0.000617807 0.00135316 -6.34008e-05 -0.000378863 8.66166e-05 0.000138028 -0.000614173 0.00110122 -0.000208158 -0.00034563 -0.000722136 0.000643076 -0.00112396 -0.000168405 -0.000424834 -0.000548796 -0.000663524 0.00072134 0.000302433 -2.12989e-05 0.000515428 -0.000274547 3.36401e-06 0.000209863 0.00157858 0.000274458 6.01088e-05 -0.000166675 0.000390439 0.000480887 -0.000134694 -0.000386837 -0.000642345 0.00202644 -0.00109785 0.000123791 0.00117267 
0.0200493 5.95944e-05 0.0957034 0.00056869 0.00260899 -0.00640686 0.00407175 -0.00304711 0.00157815 0.00340785 0.0137861 -0.00765277 -0.0058117 -0.00169928 -0.00389799 -0.0333053 -0.0110735 0.00808186 -0.00699369 -0.00547949 0.0011966 0.00485319 -0.00435383 -0.000999805 -0.0106939 -0.00173716 0.00943025 0.0115056 0.00330058 0.000725999 -0.000559532 -0.00466594 0.00480063 -0.0120179 0.0056486 0.00324133 0.0021269 0.00494509 -0.000264601 -0.000607286 -0.0149612 -6.55737e-05 0.000945651 0.00784791 0.000768768 -0.000176129 0.00868657 0.00440542 0.00210484 -0.00824398 0.00342101 0.00547213 -0.00435837 -0.00701323 -0.000703056 -0.00228039 0.00117858 -0.00796251 0.00404823 0.00626789 -0.00598192 -0.000599119 -9.42704e-05 0.00887574 -0.00410021 5.28157e-05 0.00189238 -0.000412374 -0.00137398 -0.00599238 -0.0047644 -0.00072499 -0.0144602 -0.012019 0.00530301 -0.0174131 -0.0182536 0.00111799 0.0143226 0.00822393 0.000609447 0.0008097 0.000366617 -0.000701231 -0.00722411 0.000678755 0.000567102 -0.00318167 -0.00543744 0.00407245 0.000905646 0.000706726 -0.00115056 0.00225357 -0.00580195 -0.005668 -0.00297973 -0.0151237 0.00380276 -0.000908784 
0.000257394 -1.38145e-07 0.00056869 0.027212 0.000351705 0.00129934 -0.000345288 -0.000899806 0.000689988 -0.000527594 -0.000317641 1.05815e-05 0.002447 -0.0017251 0.000490245 -0.00216014 -0.000811616 -0.00210979 0.000403241 -0.0019618 -0.000464122 0.000918587 -0.000820505 0.00025194 0.000904844 0.000403748 -0.00278359 0.000792261 -0.000758864 0.00110141 0.000229726 0.000300395 -0.00308487 -0.00199532 -0.000473223 7.25107e-05 -0.00260806 0.00144274 0.000107693 -0.000153785 -0.00167573 0.000317687 0.000934996 -0.000242991 0.00011508 -0.00348369 0.000934477 0.00252092 -0.000408948 -0.00158267 -0.000349949 9.52979e-05 -0.000925349 -0.000295547 0.000597737 0.000536344 0.00184483 -0.000335793 0.000398718 0.00143819 3.0114e-05 -0.000326166 0.000177302 -0.00102345 -4.01034e-05 0.000334449 0.000249692 -0.00083748 -9.89968e-05 -0.000733831 -0.00370464 -0.000309585 -0.00192482 -0.000945165 0.00275886 -0.00121199 -0.00182315 -0.000561337 0.000111015 -0.000617563 0.000623261 -0.000355364 0.000176753 0.000385224 -0.000647293 0.000484551 -7.82831e-05 -0.000832682 -0.00217154 -0.000485801 0.000428648 0.000423723 -0.000167209 0.000376096 -8.17257e-05 0.000979254 -0.00492936 -0.00311475 -0.000221968 0.00301691 
0.000164786 -5.4972e-05 0.00260899 0.000351705 0.0219275 0.000367422 0.00492455 0.00113559 0.00447547 0.00173023 0.00280366 -0.00010698 -0.000130186 -0.00264351 -0.0039205 0.000140174 -0.00123026 0.00824113 -0.00340343 -0.00248798 0.000535289 0.00125147 0.00276824 0.000223706 -0.00280898 -0.00264719 -0.000593487 -0.00174113 0.000338641 -0.00264831 0.00375949 -0.000783086 -0.00407984 -0.00463527 -0.00231721 0.00477938 -0.00263306 0.000261324 0.0009198 -2.67293e-05 -0.00775462 0.000364899 0.00149256 0.00228532 0.000625493 -0.00303132 2.44069e-05 -0.000830439 -0.000137333 -0.00805475 -0.000338224 -0.000212839 -0.00130069 0.000877923 0.000402441 -0.0010664 0.00145368 -0.0012192 0.00118026 0.000966767 -0.000806386 0.00403912 0.000103955 0.00328225 -0.000545474 0.000523263 -0.000349361 -0.000713212 -0.000549144 -0.000455229 -0.00323337 -0.000448518 -0.00107942 -0.00168531 -0.000850061 -0.00126368 -0.000740352 -0.000229876 0.00142996 -0.00146095 0.000113524 -0.000237491 0.000565376 -0.000818192 -0.00146816 0.00155149 -0.00129178 9.06877e-05 2.42688e-05 -0.000625995 -0.000352124 -0.000121415 -0.000494293 -0.000355752 -0.00036429 -0.000452601 -0.0016266 -0.00231706 0.000642827 0.00202504 
-0.00293264 -0.000278996 -0.00640686 0.00129934 0.000367422 0.146928 0.0188625 0.00793161 0.0159414 0.00410543 0.0202578 0.0184762 0.00455109 -0.0366577 -0.0304976 0.0169746 -0.00701631 0.00401605 -0.0292846 -0.00653777 0.0193536 -0.00109111 0.0137351 0.00805146 -0.0183689 -4.8732e-05 -0.0179381 -0.0112928 -0.00987311 -0.035361 -0.0261209 0.0173103 -0.0463609 -0.0301579 -0.0214621 0.0113061 -0.0269379 -0.00451485 0.00482838 0.000846752 -0.0734539 0.000885281 -0.000211227 -0.00852368 0.0011283 -0.0257835 -0.00446632 -0.00479567 -0.0021319 -0.0476682 -0.0043342 -0.00786081 -0.0116311 -0.0105466 0.00934156 0.0175532 0.0140106 0.018289 0.000951024 0.00154873 0.0194666 0.00718111 0.000451187 -0.00973566 0.020151 -0.000406671 0.00331404 0.000936806 0.00736361 0.0195829 0.0297367 0.00305357 -0.00104646 0.0388505 -0.00475622 0.0301269 0.024772 -0.0105347 -0.00777894 -0.00800994 0.0100322 -0.00225659 0.00130827 0.00733632 -0.00873545 0.00015913 -0.0149611 0.000627377 -0.00778933 -0.00437951 -0.00168239 0.00143689 0.0123278 0.000605944 0.0174004 0.00125081 -0.0026019 0.00948352 -0.00732845 -0.00325503 
-0.00113884 -0.000196222 0.00407175 -0.000345288 0.00492455 0.0188625 0.143796 -0.00105777 0.0287938 0.00461325 0.0521919 -0.00944361 -0.00159829 0.0211262 0.0173648 0.0197327 0.018821 0.0188975 -0.0191605 -0.00297924 -0.0016636 0.000609355 0.0198594 4.56821e-05 -0.0171823 -0.0333742 -0.00478867 0.00123391 -0.00302487 -0.0137651 -0.0120649 0.00255307 -0.0352056 0.0211499 0.00371519 0.0388191 -0.0143598 -0.00221158 0.0119257 -0.00433029 -0.0318433 0.00232537 -0.000231825 -0.00756485 0.00040478 -0.00315192 0.00992629 0.00106259 -0.00396497 -0.0156871 -0.00358929 -1.58694e-05 -0.00406352 -0.00510166 -0.00362917 -0.00622224 -0.0100109 -0.0266763 0.00193869 0.00779582 -0.0089994 0.0278655 0.000590266 0.00118461 -0.00131749 0.00342038 0.00703332 0.00336346 -0.000680943 -0.00242788 -0.0367555 -0.00119152 0.00377637 -0.0161404 -0.0109453 0.00158066 -0.0064023 -0.00714969 -0.00462473 -0.00178003 0.00397558 -0.00207159 0.000337638 -0.00512122 -0.0037301 0.00224029 -0.0110477 -0.00442541 -0.00534599 -0.00217508 0.00118606 0.00293553 0.00103611 -0.00307583 -0.0195239 -0.00844291 -0.0163061 -0.0392195 -0.00989744 -0.00864534 
-0.0052031 -0.000314615 -0.00304711 -0.000899806 0.00113559 0.00793161 -0.00105777 0.102911 0.010276 0.00423519 0.00715499 0.0230447 -0.00153464 -0.00303096 -0.00290991 -0.00606392 -0.0163991 -0.0061633 -0.0081503 -0.0197062 0.00945069 -0.00350529 -0.00611327 0.00363776 -0.00188816 0.00467975 0.00133425 -0.00313068 -0.00464653 -0.00564515 0.00649391 0.00689408 -0.00181515 -0.0329821 -0.0204064 0.00198709 -0.00633077 -0.000799769 -0.00257085 0.00114194 -0.0197987 0.000770519 0.00231883 -0.00105563 -0.00101421 -0.0140876 -0.00403828 -0.00536212 -7.56001e-05 -0.00258398 -0.000725378 0.00177031 -0.00572478 0.000825261 -0.00415125 0.00595146 -0.00699866 -0.00167424 -0.00456748 0.00245335 -0.0108429 -0.00557654 -4.76412e-05 -0.0061923 0.0108828 0.00173584 -0.00538978 -0.00301851 -0.000639041 0.0211572 -0.00107598 0.000685767 0.0229809 0.0209283 -0.00421533 -0.0130446 -0.0101819 0.00017632 0.000896977 -0.00567185 -0.00315271 -0.00097893 0.000390831 0.00696442 -0.00588431 0.00137663 0.0188638 -0.00225705 -0.00236738 -0.00145077 0.00415081 -0.00183168 -0.0054632 -0.00173055 -0.0213628 0.0131195 0.00131406 0.0293019 -0.00293667 -0.00983958 
-0.00710143 0.00139592 0.00157815 0.000689988 0.00447547 0.0159414 0.0287938 0.010276 0.128126 0.000386082 0.0246354 -0.000725768 0.0115235 -0.00320425 -0.0112281 0.00236208 -0.00324292 0.00185391 -0.0151367 0.0219052 0.00213 -0.00358101 0.0100451 0.000343083 -0.0145901 -0.0175076 -0.015737 -0.00215742 -0.00969383 -0.0200315 0.00435536 -0.00363888 -0.0127988 -0.0153099 -0.0028757 0.0337887 -0.00782724 -0.00203736 0.000985848 -0.000641315 -0.0306491 0.00118146 0.00281166 -0.00821881 -0.00102 0.000325733 -0.00383853 -0.00356503 -0.00323667 -0.0204941 -0.00358287 -0.00487867 0.00214391 -0.00614028 0.00363255 0.00611107 -0.00822842 0.00415033 -0.000751243 0.00193238 -0.003584 0.00620064 -0.000150067 -0.00663302 0.000865483 5.34987e-06 0.000329429 -0.00190984 -0.00226872 0.00666164 0.00652619 -0.00254216 0.00404926 -0.0143166 -0.00335529 0.00553398 0.00744455 -0.00924072 -0.00458932 -0.00734317 -0.00329812 -0.000886497 0.00154161 -0.00292075 -0.00786513 0.00313121 0.00740152 0.00603896 -0.00329217 -0.00494244 -0.000574976 -0.000371016 0.00364088 -0.00235944 -0.0116485 -0.00653417 -0.00835329 -0.000726996 -0.00450761 -0.00936637 
0.00357487 8.62449e-05 0.00340785 -0.000527594 0.00173023 0.00410543 0.00461325 0.00423519 0.000386082 0.0533482 0.00632382 0.000967131 -0.0027218 -0.00236793 -0.00797759 -0.0076551 0.00035711 0.00536158 -0.00692544 -0.0105286 -0.00103255 -0.00011599 0.00171438 -0.00011957 0.00285567 -0.000376622 0.00427301 -0.00277103 -0.00265616 -0.00729069 -0.00438941 -0.00129844 -0.00744974 -0.0117757 -0.0036834 0.000749668 -0.00664079 0.00289132 0.00273177 -0.000890657 -0.00089206 0.000260452 -0.000553023 0.00121642 -7.99346e-05 -0.000713709 0.00240049 -0.0013098 -0.000364894 -0.00536144 0.00061553 0.000908328 -0.000315841 -0.00145698 -0.00169023 -0.00198264 0.00342429 0.00174796 -0.000806916 -0.0022381 0.0017315 -0.000328859 0.000558766 0.00125444 -0.00115907 0.000113654 -0.000326319 -0.000863676 -0.000609916 -0.0020929 0.000652142 -0.000655318 -0.00313809 -0.00212908 -0.0016679 -0.00694711 -0.00226874 -0.000951834 0.00269134 -0.000627098 -0.00156968 -9.74631e-05 0.000283371 0.00262053 -0.00336941 0.00499525 -9.68446e-05 0.00493179 -0.00062287 -0.00102016 -0.000567756 7.05142e-05 -0.000405665 0.00144579 0.000885004 -0.00276283 0.00519871 -0.00488359 -0.00229558 0.00669912 
0.0186156 -0.000299707 0.0137861 -0.000317641 0.00280366 0.0202578 0.0521919 0.00715499 0.0246354 0.00632382 0.134317 -0.00892745 -0.00921507 -0.00728341 0.00391793 -0.0178071 -0.00387894 0.0316175 -0.0202899 -0.0258053 -0.00600882 0.00346888 0.0166043 0.000854513 -0.0103593 -0.00292057 0.0220993 0.0120726 0.00524626 0.0075109 -0.00850895 0.0162063 -0.00837769 0.00224473 -0.0186488 0.0211226 -0.0054934 -0.00263909 0.0144231 -0.000453376 -0.0437907 0.00223779 0.000332176 0.00435307 0.000292591 -0.00166887 0.00767195 -0.00493265 7.99982e-05 -0.0380668 -0.00353645 -0.00226493 -0.00757486 -0.0119856 -0.00213463 -0.00627222 -0.00381141 -0.0288257 0.0147016 0.00300152 -0.0129626 0.0244717 0.00259583 0.00769118 -0.000582998 0.00140347 0.0064957 0.0143216 -0.00266585 -0.0105432 -0.0331279 0.000145415 -0.00808933 -0.0176115 -0.00882017 -0.0305571 -0.0486841 0.00754973 0.00644192 0.0200051 0.00128567 -0.00189224 4.62153e-05 -2.06719e-05 -0.00707094 0.0050229 0.00880559 -0.00330324 -0.0024903 -0.00599274 0.00161767 0.00184582 -9.46557e-05 -0.000425639 -0.0330165 -0.00638594 0.0261587 -0.0341926 -0.00612084 -0.0192994 
-0.011733 2.25154e-05 -0.00765277 1.05815e-05 -0.00010698 0.0184762 -0.00944361 0.0230447 -0.000725768 0.000967131 -0.00892745 0.08358 0.00262768 -0.00500615 -0.0168382 0.0257665 -0.0110313 -0.00477303 0.00145703 -0.00506069 0.0130861 0.000267086 -0.000533344 0.00637452 -0.010563 0.00339678 -0.0138756 -0.0117006 -0.00695094 -0.0217129 -0.0097097 -0.0022169 -0.0102242 -0.032296 -0.0169278 -0.00536178 -0.0142301 -0.00112922 -0.00277022 -0.00072183 -0.027638 6.05396e-07 -0.000603723 -0.00677267 -0.000349768 -0.0170586 -0.00405641 -0.00210696 -0.00115014 -0.0155463 -0.0027653 -0.00255279 -0.00372773 0.0150478 0.00634131 0.0141391 -0.00430336 0.0128165 -0.00456582 0.000157179 -0.00479354 -0.00237359 0.000286179 -0.00550934 0.00973737 0.00154299 -0.00442546 -0.00604787 0.000417256 0.0234807 0.0122537 -0.000116548 0.0229712 0.0343922 -0.00389835 0.0137497 0.0131168 -0.00486125 -0.00514642 -0.00811142 -0.00143601 -0.00141272 0.000277488 0.00260393 -0.00119417 -0.00102858 0.0104812 -0.00151357 -0.0102226 -0.00142939 -0.00145728 -0.00107589 -0.000722416 -0.000302571 0.00084938 0.00960877 -0.00477005 0.0317774 -0.00189035 -0.00596563 
-0.0102137 -0.000297369 -0.0058117 0.002447 -0.000130186 0.00455109 -0.00159829 -0.00153464 0.0115235 -0.0027218 -0.00921507 0.00262768 0.153002 -0.00629801 -0.02078 0.022826 0.0121756 -0.0108923 -0.00530362 0.022934 -0.00465431 0.00314455 0.0109332 0.00105441 -0.0122744 -0.030197 -0.0213986 -0.0210518 -0.0088778 -0.0257048 -0.0250207 -0.0191898 -0.0216843 -0.0118769 -0.00115911 -0.00408093 -0.0286185 -0.00259487 0.0023016 -0.00371724 -0.00225772 -0.000390957 0.000607441 0.00376782 -0.000697069 -0.0185383 2.90156e-05 -0.00380318 -0.000322141 -0.0233081 -0.0035886 -0.00676699 0.0107752 0.0151853 0.0115779 0.00591396 -0.00861212 0.0361975 -0.000273188 0.00193507 0.0108366 -2.66405e-06 -0.000679911 -0.00667668 0.00503042 0.00284582 0.0134239 -0.00703492 -0.00173543 -0.000848385 -0.00393007 -0.00122812 0.00843594 -0.00189946 0.0142389 0.0370698 0.0419855 -0.0143019 -0.0074145 -0.0130608 0.0149281 -0.0027025 -0.000145815 -0.00669897 -0.0102505 -0.000581411 -0.00460342 -0.00173764 -0.0113689 -0.00306449 -0.0042301 -0.000598617 0.000890771 0.00133055 0.0195769 0.000988372 -0.0344384 0.0200786 -0.00959072 0.0071106 
-0.0153976 -0.00177997 -0.00169928 -0.0017251 -0.00264351 -0.0366577 0.0211262 -0.00303096 -0.00320425 -0.00236793 -0.00728341 -0.00500615 -0.00629801 0.21437 0.0843063 0.0574855 0.0357585 -0.0240136 0.0144202 0.0249027 -0.0271439 -0.0106888 -0.00873463 -0.00416283 0.0123255 -0.0448293 -0.0330774 -0.0176886 -0.018266 -0.0164064 -0.0242562 -0.0252798 -0.0264812 0.0170659 0.0255307 0.00867729 -0.0233373 3.57456e-06 -0.00436301 -0.00460839 0.0582551 0.00108186 -0.00714156 -0.024467 -0.00147297 0.0386579 0.00317515 -0.00372842 -0.00857066 0.0368132 -0.00125732 -0.00223305 0.0224687 0.0121668 -0.0077601 -0.0142471 -0.0224103 -0.00408711 -0.0122252 -0.00922944 -0.0125765 -0.00679599 -0.0018143 -0.00169677 -0.0117121 -0.00177223 0.00312158 -0.014231 -0.0060107 -0.00756392 -0.0626489 -0.0060105 0.0350126 -0.00582967 0.0083789 0.00881738 0.0335794 -0.0237895 -0.0160916 -0.00148075 -0.0051998 -0.00292829 0.000238567 -0.00637418 0.0220636 -0.00400459 0.00784586 -0.00863147 -0.0189919 -0.00573501 0.00284208 -0.00404472 -0.00315067 -0.0050784 0.00543623 0.00595439 -0.0432761 -0.010789 -0.00824602 0.00385425 
-0.000763821 -0.00273165 -0.00389799 0.000490245 -0.0039205 -0.0304976 0.0173648 -0.00290991 -0.0112281 -0.00797759 0.00391793 -0.0168382 -0.02078 0.0843063 0.247991 0.0368793 0.0306163 -0.0188851 0.0245923 -0.0139359 -0.0111572 -0.00273651 -0.000955081 -0.00457896 0.0326679 -0.0138262 -0.0320792 0.00990008 -0.0163383 0.0293062 -0.0243235 -0.00605824 -0.00615911 0.057035 0.0172647 0.0118197 -0.018273 -0.000323976 0.0017583 -0.00244379 0.0578499 0.000716557 -0.00709694 -0.0312373 -0.000573254 0.0304405 0.00308649 -0.0117788 -0.0117147 0.0489637 -0.00540971 -0.00103864 -0.0014095 -0.00854213 -0.0086701 -0.0083929 -0.0125998 -0.0332483 0.00176004 0.00886936 -0.0233279 -0.00158239 -0.000649452 0.00370799 -0.0104551 -0.00061644 -0.00067439 -0.00925027 -0.00580562 -0.00591732 -0.0521509 -0.005295 -0.00767056 -0.00272417 -0.00612845 -0.039038 -0.0316447 -0.0073929 -0.0181005 0.00782848 -0.00861336 0.00170755 -0.00141586 -0.00409924 0.0216429 -0.00312929 -0.00511348 -0.0150653 -0.0217205 -0.0121282 0.00785256 -0.00380567 -0.0138245 0.000198523 -0.0305603 0.0106541 -0.032106 -0.00346824 -0.00606414 -0.00631872 
-0.0320071 -0.00125316 -0.0333053 -0.00216014 0.000140174 0.0169746 0.0197327 -0.00606392 0.00236208 -0.0076551 -0.0178071 0.0257665 0.022826 0.0574855 0.0368793 0.248049 0.0292214 -0.0154291 0.0277019 0.054217 0.0156357 0.00636883 0.0116106 0.00261707 -0.0265349 -0.050442 -0.0744193 -0.0630543 -0.0299191 -0.0637746 -0.0631992 -0.0231086 -0.0668805 0.00237066 0.00238409 -0.00334584 -0.0576221 -0.00794584 -0.00157747 -0.0113572 0.00109357 -0.00116802 -0.00887119 -0.0365544 0.000429392 0.00606702 -0.0135075 -0.0071793 -0.00686486 -0.00501189 -0.0110938 -0.0206643 -0.00250497 0.0165387 0.00602986 0.00196878 0.00327872 0.0324634 -0.00590615 0.00550588 0.014637 0.0130495 -0.00162811 -0.0173204 0.00725269 0.00237461 -0.00372797 -0.0166992 -0.00158131 0.0296452 -0.00623215 -0.00959918 0.0390479 0.0247175 -0.00482303 0.0549831 0.0879883 -0.0301065 -0.0285744 -0.0175461 0.00233172 -0.0109628 -0.00080358 -0.0122535 0.0225746 -0.00852012 -0.0150293 0.000925467 -0.0282038 -0.012763 -0.000551033 -0.00317353 0.00492108 -0.00661154 0.0500719 0.00448425 -0.0586073 0.0393545 -0.0168372 0.0362649 
-0.0152566 -0.000585928 -0.0110735 -0.000811616 -0.00123026 -0.00701631 0.018821 -0.0163991 -0.00324292 0.00035711 -0.00387894 -0.0110313 0.0121756 0.0357585 0.0306163 0.0292214 0.142052 -0.00480046 -0.00646169 -0.0084632 -0.0215039 -0.00624378 0.0125993 -0.00212178 -0.0113158 -0.0320269 -0.0160051 -0.00331467 -0.00921575 -0.00418339 -0.0119791 0.00234547 -0.0170531 0.0346476 0.00916537 0.00482273 -0.000702099 0.00143193 0.00285731 -0.00291211 0.000278839 0.000333485 -0.00375026 -0.00726789 8.20707e-05 0.0100873 0.00294249 0.000136548 -0.0025143 0.00247459 -0.000874022 -0.00812303 -0.00129281 -0.00115653 -0.00430897 -0.00836311 -0.00136361 0.00638554 -0.00560352 -0.00282867 0.00991051 0.00125097 -0.00050921 -0.000360786 -0.000124728 -0.00175795 0.00895753 -0.00709455 -0.000971826 -0.0150186 -0.0247217 -0.00128541 -0.00212622 -0.00985825 -0.0030406 0.0144954 0.00399806 -0.0101187 -0.00933688 -0.00321358 0.00326998 -0.000449516 -0.000729912 -0.000885455 0.00567401 -0.00312746 -0.00693519 -0.000398767 -0.00756104 0.00319686 0.00399558 -0.00360305 0.00607907 -0.00140564 0.010982 -0.000257407 -0.0150585 -0.0293397 -0.00290583 0.00707042 
-0.00411483 -0.000587422 0.00808186 -0.00210979 0.00824113 0.00401605 0.0188975 -0.0061633 0.00185391 0.00536158 0.0316175 -0.00477303 -0.0108923 -0.0240136 -0.0188851 -0.0154291 -0.00480046 0.116475 -0.00918894 -0.00738288 0.0014705 0.00535181 0.0234754 0.00229548 -0.0189964 0.000634108 0.0236879 0.00228384 0.0233666 0.00626517 0.0283924 0.00211225 0.0048996 -0.000694736 0.00232074 0.0351556 0.0117994 -0.00112484 0.00806792 -0.000350686 -0.0430062 -2.71678e-05 0.000958193 0.0121838 0.000638491 -0.000510583 0.00186282 -0.00497389 0.000601329 -0.0496918 -0.00160718 -0.0053548 -0.00721289 -0.00511685 -0.000216679 -0.00578958 0.00621846 -0.0156476 0.00865346 -0.00184694 -0.0123287 0.031264 0.0012104 0.0173309 -0.0047722 0.00347861 0.00365312 0.0115868 -0.00200374 -0.0103428 -0.0231445 0.00307963 -0.0182427 -0.0148304 -0.00547411 -0.0236267 -0.0355862 0.0147978 0.0111828 0.0115668 -0.0032105 -0.00124846 0.000721079 -0.00212727 -0.0101501 0.00600111 -0.00970324 -0.00159536 0.00836527 -0.00490654 -0.0011842 -0.000959961 -0.00601454 -0.00244718 -0.0247174 -0.0056667 0.0180196 -0.0485435 0.00654904 -0.0127098 
0.0117835 -0.000995794 -0.00699369 0.000403241 -0.00340343 -0.0292846 -0.0191605 -0.0081503 -0.0151367 -0.00692544 -0.0202899 0.00145703 -0.00530362 0.0144202 0.0245923 0.0277019 -0.00646169 -0.00918894 0.214978 0.0412596 -0.00903865 -0.00307359 -0.00831431 -0.00415757 -0.0156661 -0.0152176 -0.0316901 0.014019 -0.0230497 -0.0146053 -0.049333 -0.0128946 0.00393209 0.00371146 0.0111028 -0.0108494 -0.0106085 -0.000790988 -0.00802237 -0.0046908 0.0528557 -0.000290218 -0.00163804 -0.0258276 -0.00205741 0.018438 0.000723297 0.00733199 -0.00231253 0.0407942 0.00553149 0.00540146 0.0101511 0.0260698 -0.00125017 -0.0063661 0.00945417 -0.0006814 -0.00901013 -0.00577779 -0.0133475 -0.0050125 -0.00118029 -0.0019839 -0.00843083 1.15349e-05 -0.0141014 -0.00600146 -0.00770915 -0.0143496 0.00973458 -0.00758257 0.0190686 -0.0212802 0.0156673 -0.00680848 0.0114899 -0.0189528 -0.0103408 0.00255273 -0.00472834 -0.00165479 -0.000925124 -0.00100725 0.00682445 -0.00254666 0.00473072 -0.0102738 -0.0244383 -0.00272544 -0.0017751 0.0023214 -0.00381151 -0.00412736 -0.00905561 -0.00397377 -0.0156978 0.0296787 -0.0125777 -0.00328322 
-0.0206628 -0.000140958 -0.00547949 -0.0019618 -0.00248798 -0.00653777 -0.00297924 -0.0197062 0.0219052 -0.0105286 -0.0258053 -0.00506069 0.022934 0.0249027 -0.0139359 0.054217 -0.0084632 -0.00738288 0.0412596 0.24998 0.0126486 0.000795386 0.00401872 -0.00205219 -0.0148835 -0.0372364 -0.0500306 -0.00814228 -0.0259301 -0.0604662 -0.0385567 -0.0324749 -0.0323132 -0.00661393 0.0487547 0.029498 -0.0304073 -0.00943352 -0.00981891 -0.0109671 0.0335491 -0.0035369 -0.00638382 -0.0400981 -0.00186832 -0.0202119 -0.0109023 -0.0108848 -0.00563906 0.00435732 -0.00383219 -0.00918096 0.00140566 0.00881011 0.00517567 0.00658293 0.00819605 0.0451621 -0.0111927 -0.0121614 0.0203711 -0.00562363 -0.00203218 -0.013529 -0.0080925 -0.000598857 -0.00696516 -0.011271 -0.00380376 0.00532292 0.0177802 -0.0102326 0.00184899 -0.0138579 0.0180623 0.0698274 0.0993115 -0.018093 -0.016018 -0.0118203 0.00228543 -0.00612037 0.000866951 -0.0155593 -0.00697096 0.00924694 -0.0270947 0.00221618 -0.0359615 -0.0114931 -0.010038 0.00275791 -0.0037728 -0.0112032 0.045581 -0.0129013 -0.0387287 0.0110132 -0.0146203 0.0221095 
0.00370726 -0.000503737 0.0011966 -0.000464122 0.000535289 0.0193536 -0.0016636 0.00945069 0.00213 -0.00103255 -0.00600882 0.0130861 -0.00465431 -0.0271439 -0.0111572 0.0156357 -0.0215039 0.0014705 -0.00903865 0.0126486 0.138266 0.012443 0.00238123 0.00596769 -0.00460876 0.00022007 -0.0241512 -0.0223638 -0.00916048 -0.0248402 -0.0118947 -0.0190627 -0.0178552 -0.030942 0.00204585 0.0163304 -0.0193712 -0.00119884 0.000454051 -0.000325044 -0.0152861 0.00151162 -0.00233442 -0.00773924 6.47541e-05 -0.0194248 -0.0041288 0.00415075 0.00193468 0.000927728 -0.00245347 -0.00487897 -0.00150419 -0.00722573 -0.00207793 0.00669925 0.0200092 0.00555625 -0.00200327 -0.00170135 -0.0011506 -0.000841647 -0.000285776 -0.0114425 0.00296652 -0.000686673 0.00482315 -0.00378492 0.002848 0.0288896 0.0148173 -0.00506672 -0.00528337 0.0191182 0.00133458 0.020342 0.0180512 -0.00605823 0.00179519 -0.00899658 0.00291692 -0.000693161 0.00109245 -0.000504637 -0.00996671 0.00650231 -0.00585894 -0.00196663 -0.0154231 0.00173771 -0.00168086 0.00502068 -0.00479093 0.000754325 0.00601356 0.00314289 -0.0266688 0.0133822 -0.00706495 0.00419363 
0.00155404 0.000295654 0.00485319 0.000918587 0.00125147 -0.00109111 0.000609355 -0.00350529 -0.00358101 -0.00011599 0.00346888 0.000267086 0.00314455 -0.0106888 -0.00273651 0.00636883 -0.00624378 0.00535181 -0.00307359 0.000795386 0.012443 0.0543034 0.00453685 0.000265146 -4.45228e-05 -0.00856936 -0.00831141 -0.00566007 -0.00165564 -0.00525275 -0.0046377 -0.00368385 -0.00256492 -0.00648246 0.000583542 0.00213568 -0.00483798 0.000194587 0.000626372 -0.00116796 -0.00571339 0.000193329 -0.000485637 -0.00355239 -0.000126256 -0.00377743 -0.00147288 -0.00210932 0.000314735 -0.0124758 0.000561646 -0.00124826 -0.00257991 -0.000577587 0.000787382 -0.0004712 0.0100449 0.00271819 0.00926277 0.00280895 0.00263343 0.00748788 0.00119533 -0.00042964 -0.000951663 0.000573365 0.00170328 0.0018105 -0.000453929 -0.00171852 0.00105843 -0.000360576 -0.00890267 -0.00577989 -0.00264477 -0.00500891 -0.00434315 -0.00326001 0.00214846 -0.00322917 -0.00162763 -0.000712095 0.00040614 -0.000412352 -0.00356364 0.00621385 -0.000538237 0.004372 -0.00180777 -0.00270054 0.000231458 0.00102722 -0.000868092 0.0018897 0.00283187 0.00196372 -0.00472415 0.00333536 -0.00125574 0.00224669 
-0.0101691 -0.00041029 -0.00435383 -0.000820505 0.00276824 0.0137351 0.0198594 -0.00611327 0.0100451 0.00171438 0.0166043 -0.000533344 0.0109332 -0.00873463 -0.000955081 0.0116106 0.0125993 0.0234754 -0.00831431 0.00401872 0.00238123 0.00453685 0.0842534 0.00203922 -0.0113112 -0.0233003 -0.0106797 -0.00653233 -0.00463066 -0.0186644 -0.00241371 -0.00524943 -0.00588297 0.00537996 -0.00260756 0.0190753 -0.00332044 -0.00216112 0.00780795 -0.00202471 -0.0254039 -0.000109194 -0.000992822 -0.0066803 -0.000415059 0.0018566 -0.000168821 8.16396e-05 -0.000909143 -0.0345736 -0.00174047 -0.00355879 -0.0045794 0.00496821 0.00607426 -0.00377478 -0.00043876 -0.00377505 0.00462811 0.00299849 -0.00496272 0.0182673 0.00079007 0.000576555 -0.000524109 0.001992 0.00489735 -0.000722064 -0.000558717 -0.00735262 -0.0162213 -0.00112264 -0.000486677 -0.0062408 0.00151357 0.00576249 -0.000695175 -0.00197785 -0.00148094 0.000451423 0.00558202 -0.00142311 0.00134525 -0.0014377 0.00133152 0.00339999 -0.0016628 -0.00242755 -0.00497808 -0.00307899 -0.000845844 0.000746167 -0.00160425 -0.000933563 -0.0107284 -0.00292626 0.00753647 -0.0257514 0.00316562 -0.00435598 
-0.00248396 0.000175454 -0.000999805 0.00025194 0.000223706 0.00805146 4.56821e-05 0.00363776 0.000343083 -0.00011957 0.000854513 0.00637452 0.00105441 -0.00416283 -0.00457896 0.00261707 -0.00212178 0.00229548 -0.00415757 -0.00205219 0.00596769 0.000265146 0.00203922 0.0208321 -0.00342839 0.00173631 -0.00172133 -0.00115675 -0.000545822 -0.00366304 -0.00174869 -0.000963928 -0.00553732 -0.00729852 -0.00304991 0.00406542 -0.00281351 5.4737e-05 0.000676886 0.000785695 -0.0108801 0.000372533 0.000381116 -0.000975061 1.96005e-05 -0.0041767 -0.000298991 -0.000116296 -0.000590486 -0.00836519 -0.00062484 -0.000656805 -0.000967544 -0.000702057 0.000414021 0.00324342 -7.80291e-05 0.00224705 -0.000427498 -0.000564438 -0.000992798 -0.000472904 -1.25233e-05 -0.00150007 0.00505957 0.000246 0.00127917 -0.00113355 0.0015227 0.00689828 0.000754251 -0.000507485 0.000498425 0.00818742 -0.000444488 0.00267659 0.000359947 -0.000492972 -0.000973032 -0.00153285 0.00180694 -0.000296982 0.000601166 -0.000472153 -0.000872135 -0.000793512 -0.00110408 -0.000479329 -0.00186006 -0.000183182 -0.0002669 0.000476624 -0.000530822 -0.00034742 0.000253884 0.00205938 -0.00407145 -0.000116664 0.00100663 -0.00122766 
0.000422469 -0.000512323 -0.0106939 0.000904844 -0.00280898 -0.0183689 -0.0171823 -0.00188816 -0.0145901 0.00285567 -0.0103593 -0.010563 -0.0122744 0.0123255 0.0326679 -0.0265349 -0.0113158 -0.0189964 -0.0156661 -0.0148835 -0.00460876 -4.45228e-05 -0.0113112 -0.00342839 0.176411 0.0452346 0.00833599 -0.00124104 -0.0067198 0.0366969 0.0225596 -0.00550692 0.00754105 -0.0162309 -0.00637167 -0.0230405 0.0111357 -0.000448704 -0.00587457 -0.000817191 0.0544728 -0.00126322 -0.00164115 -0.00416266 0.000338319 0.011612 -0.00643121 -0.0077017 -0.00387787 0.0364643 0.00374508 0.00629821 0.00586106 -0.00577098 -0.00750962 -0.00117893 -0.00386157 -0.0205029 0.00273021 0.00379338 -0.00757457 -0.00653646 1.76059e-05 -0.00311204 -0.00845696 -0.00156706 -0.00909578 -0.00161314 -0.00510852 0.000246083 -0.019727 0.00214914 -0.00866013 -0.00484296 -0.00788143 -0.0376184 -0.0359367 0.00926844 0.000873065 -0.00883682 -0.0051386 0.00277727 -0.00103888 0.000944379 0.00415514 1.06099e-05 -0.00630132 -0.00564449 0.00879518 0.00117936 -0.00187522 -0.00203803 -0.00163965 0.00634413 -0.014935 0.00879544 0.00269339 0.0174127 -0.00214544 -0.00456017 
0.0210536 0.00139939 -0.00173716 0.000403748 -0.00264719 -4.8732e-05 -0.0333742 0.00467975 -0.0175076 -0.000376622 -0.00292057 0.00339678 -0.030197 -0.0448293 -0.0138262 -0.050442 -0.0320269 0.000634108 -0.0152176 -0.0372364 0.00022007 -0.00856936 -0.0233003 0.00173631 0.0452346 0.232902 0.0560114 0.020954 0.0127678 0.0827406 0.0528299 0.00993894 0.0248738 -0.00165609 -0.0346309 -0.0246959 0.0300638 -0.00289825 -0.00909112 0.00616265 -0.00268739 -0.00208094 -0.00164322 0.0113133 -0.000778687 0.0101223 -0.00841224 -0.0160271 -0.00325868 0.0202343 0.000324448 0.00606019 -0.0109797 -0.0211842 -0.012616 0.00760289 -0.0208926 -0.0400057 0.00360429 0.00337213 -0.0358218 -0.0157922 0.000121532 0.0139884 -0.00536732 -0.00176085 -0.00904174 0.00492091 -0.00242128 0.0256017 0.00427675 0.0105746 -0.0247809 0.0162214 -0.0172392 -0.0690291 -0.0706449 0.0312668 0.00744456 -0.00476379 -0.00778642 0.00281485 -0.00187945 0.00779833 -0.00118728 -0.00902745 -0.0115475 -0.00330982 0.0234731 -0.00508663 -0.00637069 0.000917271 -0.0182011 0.00123583 -0.0371181 0.00623826 0.0402423 0.0320172 0.00906389 -0.0228807 
0.0323789 0.000448225 0.00943025 -0.00278359 -0.000593487 -0.0179381 -0.00478867 0.00133425 -0.015737 0.00427301 0.0220993 -0.0138756 -0.0213986 -0.0330774 -0.0320792 -0.0744193 -0.0160051 0.0236879 -0.0316901 -0.0500306 -0.0241512 -0.00831141 -0.0106797 -0.00172133 0.00833599 0.0560114 0.169406 0.0225453 0.0495124 0.0619552 0.0577416 0.028674 0.0471876 0.0204179 -0.0147575 -0.00380198 0.0352717 -1.78135e-05 0.002085 0.00356376 -0.0151749 -0.00160427 0.00569537 0.0433249 0.000129071 -0.00582767 0.00860408 -0.00740609 0.00493178 -0.0302201 -0.00259437 0.00247468 -0.0151249 -0.0204925 -0.00828465 -0.0102409 -0.0174954 -0.0385008 0.00444148 -0.0039969 -0.0256158 0.00390405 0.000596501 0.0212348 -0.00399152 0.0012068 -0.00231194 0.00948824 0.000102989 -0.0139864 -0.0248192 0.0127173 -0.0197511 -0.0188779 -0.010955 -0.0494817 -0.0726814 0.0379657 0.0272464 0.0207507 -0.00847922 0.002493 -0.000904492 0.00195759 -0.0124574 -0.00543382 -0.00262494 -0.00295443 0.0305197 -0.00265691 -0.00394898 -0.00472699 -0.00634461 0.00330686 -0.0435257 -0.00514122 0.0603792 -0.0424088 0.0160425 -0.0369734 
0.00349926 3.00363e-05 0.0115056 0.000792261 -0.00174113 -0.0112928 0.00123391 -0.00313068 -0.00215742 -0.00277103 0.0120726 -0.0117006 -0.0210518 -0.0176886 0.00990008 -0.0630543 -0.00331467 0.00228384 0.014019 -0.00814228 -0.0223638 -0.00566007 -0.00653233 -0.00115675 -0.00124104 0.020954 0.0225453 0.165194 0.00550566 0.0577605 0.00889351 0.0195676 0.0239327 0.0138382 0.0142653 0.00393368 0.0201881 0.00200788 -0.00140639 0.00402752 -0.00504868 1.15997e-05 0.00535561 -0.00238867 -5.96674e-05 -0.00103538 0.00265578 0.0123095 -0.00323233 0.0118384 0.00225309 0.0255687 -0.00852211 -0.0135685 -0.00547483 -0.000519848 -0.015568 -0.0192346 -0.00123099 0.000124226 -0.0131733 -0.0106721 -0.00095011 0.00831995 -0.0055337 -0.00127213 -0.00661668 0.00382278 0.00173302 -0.0108015 0.00791383 -0.00193345 -0.0270235 -0.0122112 -0.00307964 -0.0461192 -0.0524736 0.0075202 -0.00543416 0.00577954 -0.00266218 0.00186199 -0.00119748 0.00526829 -0.0124896 -0.00798182 0.000555947 -0.00692757 -0.00397492 0.0115341 0.000205102 0.000844769 -0.00276074 -0.00358554 -0.0329507 -0.00196769 0.0289599 -0.0163624 -0.00298856 -0.0289536 
-0.000762489 -0.000721576 0.00330058 -0.000758864 0.000338641 -0.00987311 -0.00302487 -0.00464653 -0.00969383 -0.00265616 0.00524626 -0.00695094 -0.0088778 -0.018266 -0.0163383 -0.0299191 -0.00921575 0.0233666 -0.0230497 -0.0259301 -0.00916048 -0.00165564 -0.00463066 -0.000545822 -0.0067198 0.0127678 0.0495124 0.00550566 0.0808648 0.0265866 0.0369088 0.00798484 0.0237826 0.0217439 -0.0041652 -0.00368119 0.0250926 0.00172151 0.00337695 0.000749494 -0.0180421 0.000221866 0.00431423 0.0288515 0.000776017 -0.00438728 0.00549108 -0.001286 0.00507668 -0.0256505 -0.00214399 0.000513118 -0.00514998 -0.00887845 -0.000875 -0.00581732 -0.00865178 -0.0185286 0.00201533 -0.000704141 -0.0102016 0.0103148 0.00103643 0.00998758 -0.00279877 0.000722334 0.00047945 0.0124743 0.0017842 -0.00829257 -0.0207167 0.00773961 -0.0131388 -0.0111125 -0.00713325 -0.0255415 -0.0374305 0.0229391 0.0150353 0.014684 -0.00354342 0.00111755 -6.89385e-05 -0.000750682 -0.00403418 -0.00296919 -0.00334993 -0.00268369 0.0250672 -0.00092643 -0.0016656 -0.00149817 -0.00231849 0.00299255 -0.0192444 -0.00205937 0.0178066 -0.032317 0.0121114 -0.0172474 
0.00408363 0.000203735 0.000725999 0.00110141 -0.00264831 -0.035361 -0.0137651 -0.00564515 -0.0200315 -0.00729069 0.0075109 -0.0217129 -0.0257048 -0.0164064 0.0293062 -0.0637746 -0.00418339 0.00626517 -0.0146053 -0.0604662 -0.0248402 -0.00525275 -0.0186644 -0.00366304 0.0366969 0.0827406 0.0619552 0.0577605 0.0265866 0.211161 0.0590898 0.026951 0.0726977 0.0627211 -0.0141606 -0.0162281 0.0570598 0.000377599 -0.00209945 0.00663994 0.0149747 -0.00215371 -0.000239449 0.016348 -0.00109506 0.015811 0.00361825 -0.00523707 -0.00550667 0.0217548 -0.00154719 0.017407 -0.0113067 -0.0238139 -0.0112383 -0.0165706 -0.0236663 -0.0597644 0.00596847 0.0120188 -0.0384086 -0.00336472 -6.77556e-05 0.0179902 -0.0110666 -0.00306596 -0.00403452 0.0025526 0.000951935 -0.0125314 -0.0287732 0.00775346 -0.0433033 -0.022376 -0.0187413 -0.100052 -0.112024 0.0293231 6.13775e-05 0.00698633 -0.0103596 0.00556061 -0.00195463 0.00726638 0.00157168 -0.00329858 -0.00161708 -0.00507025 0.0286997 0.00229619 0.00287517 -0.00159494 -0.0112019 0.00197893 -0.0613924 0.00232592 0.0255951 -0.00923079 0.0122744 -0.0334262 
-0.00372378 -3.93777e-06 -0.000559532 0.000229726 0.00375949 -0.0261209 -0.0120649 0.00649391 0.00435536 -0.00438941 -0.00850895 -0.0097097 -0.0250207 -0.0242562 -0.0243235 -0.0631992 -0.0119791 0.0283924 -0.049333 -0.0385567 -0.0118947 -0.0046377 -0.00241371 -0.00174869 0.0225596 0.0528299 0.0577416 0.00889351 0.0369088 0.0590898 0.177532 0.0134723 0.0514556 0.011202 -0.0116881 0.0109898 0.0610238 -0.00186284 -0.00481518 0.00544332 -0.00175289 -0.00086856 0.00249735 0.0259698 -0.000191794 0.00275656 -0.00672 -0.00256261 7.62964e-05 -0.00515484 -0.0001986 0.00178634 -0.0122927 -0.00738472 -0.00684443 -0.0133142 -0.0147055 -0.0343969 0.00119504 -0.00239699 -0.0255853 0.00201735 0.000106628 0.0133194 -0.00413345 -0.00288181 -0.00719205 0.00255256 0.00203492 -0.0179479 -0.0466415 0.00497218 -0.00592798 -0.0194343 -0.00974167 -0.0344 -0.0652147 0.0282895 0.0155807 -0.00494306 -0.00566285 0.00461228 -0.000244898 0.000185622 -0.00974597 -0.0035799 0.0141626 -0.00285957 0.0382665 -0.000967782 0.000841497 -0.00618372 -0.012022 9.97788e-05 -0.0455161 0.000516359 0.0433725 -0.0330188 0.0200148 -0.0241585 
0.00652419 0.000622801 -0.00466594 0.000300395 -0.000783086 0.0173103 0.00255307 0.00689408 -0.00363888 -0.00129844 0.0162063 -0.0022169 -0.0191898 -0.0252798 -0.00605824 -0.0231086 0.00234547 0.00211225 -0.0128946 -0.0324749 -0.0190627 -0.00368385 -0.00524943 -0.000963928 -0.00550692 0.00993894 0.028674 0.0195676 0.00798484 0.026951 0.0134723 0.121726 0.00347132 0.00367869 -0.0145498 0.00012087 0.0141817 -0.000890634 8.01292e-05 0.00337297 -0.0440504 -0.000228168 0.000582801 -0.00592355 0.00223436 -0.0197822 -8.51319e-05 -0.000215526 -0.000158969 -0.0170435 -0.00183995 0.00238152 -0.0123983 -0.0124144 -0.00183337 -0.00319762 0.00492343 -0.01119 0.0015868 -0.00299007 0.00237829 0.00112811 0.000692246 0.00883442 0.00682229 -0.00124392 -0.00484243 0.00235863 0.00142118 -0.00826893 0.00232734 0.00403924 -0.0150392 -0.00384434 -0.0024018 -0.0102712 -0.0247352 0.0082664 -0.00256333 0.00123504 -0.00351431 -0.000256539 -0.000433421 0.00939574 -0.00818987 -0.00363122 -0.00392191 0.00546919 0.0121781 0.0009373 0.00702352 -0.00294838 0.0121968 7.07983e-05 -0.00964876 0.0071349 0.0191953 -0.00782653 0.00622391 -0.0106777 
0.0164385 -0.000131245 0.00480063 -0.00308487 -0.00407984 -0.0463609 -0.0352056 -0.00181515 -0.0127988 -0.00744974 -0.00837769 -0.0102242 -0.0216843 -0.0264812 -0.00615911 -0.0668805 -0.0170531 0.0048996 0.00393209 -0.0323132 -0.0178552 -0.00256492 -0.00588297 -0.00553732 0.00754105 0.0248738 0.0471876 0.0239327 0.0237826 0.0726977 0.0514556 0.00347132 0.208433 0.0321138 -0.000425241 -0.0302908 0.0621825 0.00436272 -0.00372585 -0.000746984 0.0459355 -0.00203705 0.00150144 0.0200042 -0.00177013 0.00345671 0.00239326 -0.00467831 0.0056894 0.0140349 0.00357626 0.00308984 0.00223065 -0.00562467 -0.0035671 -0.013466 -0.015894 -0.0450095 0.00221887 -0.00401258 -0.0337705 -0.00248835 0.000232189 0.0122822 -0.0104461 -0.0021537 -0.00843575 0.00213955 0.00220586 -0.0222818 -0.000161418 0.00121519 -0.0138711 -0.0332508 -0.0061969 -0.0497517 -0.0695563 0.0202887 0.0174812 0.0173785 -0.0145727 0.00779139 -0.00105916 -7.00404e-05 -0.0020027 -0.000234397 0.0285302 -0.0115485 0.0229744 -0.00199401 0.00295292 -0.00331256 -0.0108453 5.67579e-05 -0.0532011 -0.00324775 0.0353598 -0.0135606 0.0162275 -0.0521514 
-0.00160104 -0.00161242 -0.0120179 -0.00199532 -0.00463527 -0.0301579 0.0211499 -0.0329821 -0.0153099 -0.0117757 0.00224473 -0.032296 -0.0118769 0.0170659 0.057035 0.00237066 0.0346476 -0.000694736 0.00371146 -0.00661393 -0.030942 -0.00648246 0.00537996 -0.00729852 -0.0162309 -0.00165609 0.0204179 0.0138382 0.0217439 0.0627211 0.011202 0.00367869 0.0321138 0.248251 0.0261579 0.00129008 0.0139578 -0.00348063 0.00262898 -0.00562103 0.0184556 -0.00238943 -0.00240362 0.00187899 0.00268437 0.0223181 0.0063032 -0.00375849 -0.00581874 0.0102327 -0.00726143 0.000341048 -0.00112125 0.00127641 0.00678725 -0.0289008 -0.0143137 -0.0570982 0.00206825 -0.000721688 -0.0291969 0.00997146 -0.000825765 0.0185542 -0.0128712 -0.00200129 0.00536109 0.00801499 0.000726826 -0.0304802 -0.0487902 -0.000800166 -0.00480647 -0.0449974 -0.0183204 -0.0459037 -0.0373924 0.0205261 -0.00977451 0.0164067 -0.00343069 0.00258264 -0.00295794 -5.72892e-05 0.0166194 -0.00943567 -0.0096135 -0.00745689 0.0117144 0.00390071 0.000329328 0.00227348 -0.00797469 -0.000889586 -0.0424145 -0.0155515 0.016108 -0.0291135 -0.00785966 -0.0250578 
0.00761798 -0.000608186 0.0056486 -0.000473223 -0.00231721 -0.0214621 0.00371519 -0.0204064 -0.0028757 -0.0036834 -0.0186488 -0.0169278 -0.00115911 0.0255307 0.0172647 0.00238409 0.00916537 0.00232074 0.0111028 0.0487547 0.00204585 0.000583542 -0.00260756 -0.00304991 -0.00637167 -0.0346309 -0.0147575 0.0142653 -0.0041652 -0.0141606 -0.0116881 -0.0145498 -0.000425241 0.0261579 0.169089 0.0209765 0.00280135 0.000357076 -0.00134907 -0.00296502 0.0194526 -0.00014786 -0.00191765 -0.015949 -0.000795355 0.00497396 0.00273325 0.00919863 -0.00580713 0.00829241 0.00294022 0.0109249 0.0155142 -0.0152666 -0.00342969 -0.0075791 -0.000413085 0.00393022 -0.00203934 -0.00743432 0.00264002 0.0042115 -0.0011608 -0.00899976 -0.0102959 0.00211925 0.0144336 -0.00590397 4.64455e-05 -0.0102464 -0.000584551 -0.00406867 -0.0268569 -0.0219423 0.00667095 -0.00432505 0.00477223 -0.0126598 -0.00836148 0.0132724 -0.00126322 0.00153675 -0.00104591 0.000882892 -0.0101682 -0.00984641 -0.0181942 -0.00590389 -0.0085069 0.0105612 -0.00400155 0.000462357 -3.64709e-05 -0.00403431 0.0169191 -0.00673463 -0.0150899 -0.0460163 -0.00229334 -0.0176679 
