0.0275877 0.000413246 0.00147205 0.00416174 0.00123677 -0.000371198 -0.00107752 0.00167263 -0.00233897 0.00148789 -0.00186518 -0.00219017 0.00131427 0.001335 -0.000407828 -0.00223374 -0.00598222 0.00529902 -0.00043474 -0.00390097 0.000457884 0.000646113 0.00234943 -0.00351842 -0.00319984 0.0020176 -0.000679767 -0.00697223 0.000681911 -0.000405775 -0.00413388 0.00149814 -0.00471091 -0.00351573 0.000176431 0.00115021 -4.34182e-05 0.000169902 0.000378368 0.00512957 0.000334493 0.00178762 0.004152 -0.000171999 -0.000777395 -0.000129327 -0.000682915 -0.000153409 -0.00107693 0.000410525 3.01045e-05 -0.00346349 -0.000142302 -0.000148811 3.88128e-05 0.00063152 -0.000774865 0.000205074 0.000491493 -0.00146627 -0.00119102 0.00113987 0.000106441 -0.000140657 3.36541e-05 0.000423998 0.00539408 5.96994e-06 0.000297438 0.000164229 7.982e-07 0.00126097 0.00672324 0.00138031 0.000410887 -0.000426998 -0.00185791 -0.00466475 0.00135886 -0.000560651 -0.00464598 0.00251265 -0.00241837 0.000846818 -0.00227049 0.00121706 -0.00638228 -0.000266007 -0.0011909 -0.000245303 -0.000847714 -0.00593209 0.00383392 0.000225832 0.00164236 0.000223848 -0.000237931 0.000588941 -0.00366779 -0.00459259 
0.000413246 0.0291564 -0.00176367 0.0124296 -0.00239691 0.00141152 0.00323803 0.0070347 0.00339142 -0.000359138 -0.00119905 -0.00131969 -0.000778319 0.0126469 2.2227e-05 -0.00322696 -0.00832301 0.00645897 0.00203461 -0.00278688 0.00518838 0.00595604 -0.000207752 -2.40116e-05 -0.00482607 -0.00128793 -0.00177061 -0.00981837 -0.00062846 0.000214157 -0.00395983 -0.000933675 -0.00512097 -0.00322411 -0.0012381 -0.00160924 0.000403773 7.31578e-06 -0.000942645 -0.00118983 -0.00566542 0.00423464 -0.00466241 0.00152883 -0.00164958 -0.00049048 -0.0026434 -0.000242424 -0.00038719 -0.00121972 0.00158586 -0.00282531 -0.00202502 -0.000867187 0.000455242 0.00216389 0.00356458 -0.00158279 -0.000865662 0.00151388 -0.00616493 0.00222869 -0.00087127 0.000482382 -0.00102365 0.000663194 -0.00206298 -0.000858303 0.00855905 -0.00256801 0.00151599 -0.000885629 -0.00388231 -0.00457672 -0.00147249 -0.000569683 -0.000663445 -0.00579987 -0.0028164 0.00991672 0.00301801 0.00360287 7.80965e-05 0.000149722 -0.00466342 -0.000156993 -0.00112593 -0.000353492 -0.000560404 -0.000107109 -0.00265409 -0.0066458 -0.000973968 -0.000271112 -0.000937306 -0.00133825 -0.000812741 0.00860683 -0.000975446 -0.00402217 
0.00147205 -0.00176367 0.0831636 0.00441971 0.0172908 0.00167544 0.01433 -0.00759791 -0.00471951 0.0139003 -0.0027868 0.00516204 0.00706038 -0.00946481 0.00504523 -0.0154716 -0.00435587 -0.00137326 -0.00344285 0.0109662 0.00228829 -0.0061671 0.00735058 0.0177803 0.00785598 -0.0104836 -0.00422917 -0.00248902 -0.00366289 -0.00318545 -0.0093715 0.00658911 -0.00747093 -0.0144153 0.00875225 0.00480478 0.00290826 0.000142103 0.00267205 0.00477377 -0.0105348 -0.00237476 0.00116942 0.0151952 -0.00162732 -0.00388967 0.00204763 -0.00140066 -0.00189552 0.000389841 0.000811611 -3.0123e-05 -0.00155713 0.0036526 -0.000202014 -0.00342332 -0.00449326 0.0102363 0.00208024 -0.00142518 -0.0180708 0.000998088 -0.00271773 -9.98466e-05 -0.00333895 -0.00726917 0.0033561 -0.000128788 -0.00651819 -0.00538442 0.00145351 0.00108102 -0.00503469 -0.00809408 -0.00121807 -0.000683677 -0.00237404 0.00717317 -0.00912132 -0.0108607 -0.00136787 -0.00280947 -0.0015495 -0.00716723 -0.0171998 0.00329509 -0.0058076 0.00183653 0.00212765 -0.000450538 -0.00689475 -0.00562117 0.00228707 0.00136591 -0.00250138 -0.00422196 -0.000296907 -0.00353637 -0.00772261 0.00240639 
0.00416174 0.0124296 0.00441971 0.209055 0.00933382 0.0063979 0.016105 0.0516051 -0.0100309 0.0247494 -0.00910573 -0.000598979 -0.00192544 0.0483344 -0.00110299 -0.0292151 -0.0376771 0.0284029 0.00561874 -0.0326134 0.0231101 0.0325633 0.0182198 0.00853306 -0.0392107 -0.0116294 -0.00993305 -0.0382602 -0.0104946 -0.00234867 0.0275183 -0.00634475 -0.0262932 -0.0310419 -0.00223428 0.00586187 0.0126359 -0.00044137 0.00602665 0.0099668 -0.0379614 0.0349008 -0.002414 0.0261926 -0.00899269 -0.0196103 -0.0265157 -0.00252272 -0.0117853 -0.0150151 -0.00131159 0.00188082 -0.0133829 -0.00393623 -0.000723322 0.0142144 0.0150747 -0.00679215 -0.000317569 0.00269983 -0.0522552 0.0102964 -0.00594085 0.00138851 -0.0100349 0.00121701 -0.0120912 -0.0130871 0.0352789 -0.0196386 -0.000362469 0.00365452 0.0227105 -0.045363 0.00557644 0.0261106 -0.0250818 -0.0408387 -0.0190416 0.0458087 -0.00735324 0.0188639 0.0205753 -0.0135101 -0.00196529 0.00257655 -0.00184853 0.00339246 -0.00331482 -0.00199103 -0.0134227 -0.0594163 -0.0097509 -0.00588077 -0.0115674 -0.00365537 -0.00653883 0.0241232 -0.0113465 -0.0345052 
0.00123677 -0.00239691 0.0172908 0.00933382 0.141938 0.0150125 0.0312137 -0.0136165 0.0107406 0.0353224 0.0240461 -0.00518575 0.00825563 -0.0087848 0.00344355 -0.0520305 -0.0535791 -0.00214134 -0.00223901 -0.0164776 -0.029239 -0.00757377 0.00662386 0.0290039 -0.00588845 -0.0251185 0.0281487 -0.0287591 0.00507668 0.0187146 -0.0203286 0.0123156 -0.0229673 -0.0127978 0.0195287 0.012853 0.00430868 7.26136e-05 0.00436242 0.014983 0.00181674 0.00911338 -0.0082357 0.00118072 -0.0277692 -0.01324 -0.00422104 -0.00127616 -0.00950023 -0.00215344 0.00319695 0.0295657 0.00264593 0.000831734 0.00262654 0.0124165 0.000670097 0.0236909 -0.0027262 -0.00708347 -0.0580941 0.0108874 -0.00558128 0.000245166 -0.00464067 0.0172467 0.00408839 -0.00734277 -0.00569147 -0.00785846 0.003942 0.0070231 -0.00566392 -0.0244356 0.0349089 -0.00398541 0.00133119 -0.0173354 -0.0116625 -0.0178128 0.0279223 -0.00858211 0.0166197 -0.00617141 -0.0548529 0.00651874 -0.0275742 0.0014474 0.00344006 0.000749884 -0.0199453 -0.0389308 0.00953434 0.0149154 -0.00153859 0.00976904 -0.00200258 -0.00642707 0.017978 -0.0086896 
-0.000371198 0.00141152 0.00167544 0.0063979 0.0150125 0.0963392 0.012824 0.00305306 0.0205252 0.0420158 0.0110644 -0.00986321 -0.00111016 0.00361149 0.00175772 -0.0153992 -0.0257169 -0.00135111 -0.000555398 -0.00644366 0.00714299 0.00299846 -0.00215654 0.000684339 0.00492099 0.00372647 0.00408676 -0.000713838 -0.00921295 -0.00211342 0.0038923 -4.18372e-05 -0.0173893 -0.00888202 -0.00385622 0.00299598 0.00182895 -0.000346995 -0.000259365 0.000980517 -0.0156806 0.0223456 -0.00472826 0.000814722 0.0148771 -0.00158752 -0.00339465 -0.00026566 -0.00555326 0.00415477 0.00326875 -0.0122743 -0.00207994 -0.000306387 -0.000314484 0.000587305 0.0105416 0.0095039 -0.000765865 -0.00414644 -0.0361379 -0.00369875 -0.000132699 -0.000227532 -0.00524187 0.00262847 -3.31449e-05 -0.000859878 -0.00380437 -0.0100143 0.00530713 0.0115774 4.32838e-05 -0.0189849 -0.00181075 0.0116134 0.00447766 -0.00653714 -0.00482258 -0.0103643 -0.00891918 -0.000719472 -0.00329805 -0.00131767 -0.000664288 -0.000676081 -0.0208256 0.000761447 0.00166499 0.000823363 -0.0131502 -0.0243549 -0.00421931 0.00233367 -0.00207109 -0.00616337 -0.000588553 -0.00253643 0.00685966 -0.0140752 
-0.00107752 0.00323803 0.01433 0.016105 0.0312137 0.012824 0.10615 0.00983475 0.000706265 0.0296993 0.013841 -0.0012473 0.0100842 0.00937915 0.0102857 -0.0302309 -0.0328781 0.000953324 -0.00257285 0.00104039 -0.00194259 0.00450032 0.00419486 0.013431 -0.009116 -0.0180571 0.0123655 -0.0224609 0.00647551 0.00550336 -0.0155074 0.00331709 -0.0149396 -0.00446457 0.0174188 0.0024962 0.0020948 -0.000150838 0.00824078 0.00314805 -0.0139424 0.0155136 -0.00740987 0.007033 -0.00100296 -0.0095735 -0.00417569 0.000453947 -0.00659307 -0.00467539 -0.00121452 -0.0160352 0.00017828 -0.00244404 0.00190845 0.00555129 0.00679472 0.0143975 0.00136141 -0.00428788 -0.0392021 0.000112312 -0.00385626 0.000340242 -0.00507368 -0.00481349 -0.000974523 -0.0021468 0.0042038 -0.0094917 0.0040988 0.0128328 -0.00864607 -0.0182628 0.00327308 -0.00360792 -0.00610653 -0.00601143 -0.00504356 -0.00639861 -0.00360937 0.0098928 0.000942427 0.000151669 -0.027647 0.000512537 -0.0184908 0.000496245 0.0152037 0.00225631 -0.014849 -0.0216068 -0.00427441 0.00342325 -0.00405479 -0.00590695 -0.0012779 -0.0018743 0.00225413 -0.0168307 
0.00167263 0.0070347 -0.00759791 0.0516051 -0.0136165 0.00305306 0.00983475 0.17033 -0.00628511 0.0065585 -0.00584053 -0.00938231 0.00272522 0.022168 0.00300181 0.011888 0.00165558 0.0155749 0.00576962 -0.00388014 0.0410182 0.0129378 0.00610737 -0.0260316 -0.0182345 0.00716717 -0.0168712 0.00940433 -0.00522204 -0.00638096 0.0094018 -0.00795705 -0.0179574 -0.0076004 -0.0058491 -0.00844555 0.00305208 8.11778e-05 -0.00437594 -0.00697042 -0.0305406 0.0144279 -0.0117378 0.003981 0.024078 -0.00778539 -0.016464 -0.00273975 -0.00934056 -0.00313104 -0.0026388 -0.026314 -0.00173798 -0.00757125 -0.00287719 -0.00204404 -0.00489096 -0.0092635 -0.00683738 0.000476919 0.0104403 0.00211884 0.00386702 -0.000348042 -0.00241572 -0.00859563 0.004737 -0.00501208 0.0202351 -0.0085756 0.000372943 0.00429065 0.0109971 -0.0210873 -0.0247154 0.00336079 -0.0111761 -0.0211151 -0.0032401 0.0405101 -0.00698184 0.0121482 -0.0107692 -0.015929 0.0212535 -0.0013413 -0.00146078 -0.00132723 -0.00787494 -0.000928425 0.00401797 -0.0295869 -0.0117495 -0.00525605 -0.00386226 -0.00677421 -0.00188804 0.00718268 -0.0228381 -0.0312758 
-0.00233897 0.00339142 -0.00471951 -0.0100309 0.0107406 0.0205252 0.000706265 -0.00628511 0.124885 0.00905858 0.0130399 -0.0115164 0.00212733 0.0150864 0.00187056 -0.00623477 -0.0346391 -0.00444936 -0.000443701 -0.00442859 -0.0164979 -0.0158818 -0.00790476 0.00506037 0.0172268 0.00110235 0.0174472 0.00133709 -0.00289431 0.00824527 -0.0186271 -0.00383482 -0.0196691 0.00628093 -0.0038708 0.00103653 0.000567754 -0.000385718 0.00254299 -0.00492316 -0.00678907 0.0179106 -0.0179394 -0.00857799 0.00704905 0.0068337 -0.00841087 0.00458942 0.00080956 0.0068236 0.00415269 -0.0118279 0.00532385 0.00563923 -0.00127684 0.00178514 0.0128576 -0.00527786 -0.00177852 0.000941233 -0.0343496 -0.00331294 -0.00207671 -0.00014109 -0.00418791 0.00213688 -0.00282332 0.00407246 -0.000148503 -0.00426014 0.0139794 0.00945553 -0.0196328 -0.0195447 -0.00172273 -0.00696336 0.00711189 -0.00193915 -0.00647879 -0.00695827 0.0110576 -0.00528215 -0.0148453 0.00821939 -0.0162727 -0.000564256 -0.00734103 -0.00201737 -0.00189794 0.00635954 -0.0151819 -0.00694008 -0.000246023 -0.000988608 0.000971579 -0.000357745 0.00110587 0.00457516 0.0187623 0.00312803 
0.00148789 -0.000359138 0.0139003 0.0247494 0.0353224 0.0420158 0.0296993 0.0065585 0.00905858 0.142901 0.00728656 -0.0100161 0.0081092 0.00542033 0.00249563 -0.0426437 -0.049761 -0.000200407 -0.00535951 -0.0167454 0.0130801 -0.00677001 0.0125471 -0.00139667 -0.0155777 0.00366869 0.0166578 -0.0325191 -0.00600477 0.00735231 -0.00661593 0.0111329 -0.0373822 -0.0169077 0.0125725 0.010096 0.00298012 -0.000326022 0.00995867 0.00910413 -0.0095781 0.0417727 0.00767997 0.0135082 0.00482008 -0.00647638 -0.00795894 0.00356225 -0.0104596 -0.0066294 0.00584734 -0.0160084 -0.00722758 -0.000804955 -0.00125401 -7.39447e-05 0.0199862 0.0226326 0.0078009 -0.00921379 -0.0434256 -0.00130809 -0.00315986 -0.000148381 -0.00619798 0.00989999 0.00224521 -0.00139764 -0.00366436 -0.010996 0.00533199 0.0149082 0.00670311 -0.0237483 0.0124196 0.0185422 -0.0117579 -0.0116601 -0.00950451 -0.0148203 -0.0131819 -0.006878 0.0159139 -0.000774726 -0.0231314 0.00184735 -0.0428893 0.00310906 -0.00234076 -0.00082918 -0.0198281 -0.0459884 0.00755187 0.00175627 -2.88838e-05 -0.00586741 -0.00498945 -0.00124359 -0.00432028 -0.0276431 
-0.00186518 -0.00119905 -0.0027868 -0.00910573 0.0240461 0.0110644 0.013841 -0.00584053 0.0130399 0.00728656 0.0804021 0.00651596 0.00185855 -0.00965647 0.003668 -0.013952 -0.0249993 -0.0045031 0.00527247 0.00684263 -0.0213664 -0.00368748 -0.00374401 0.00918152 -0.0102758 -0.0140817 0.0229767 -0.0114038 0.00612186 0.0141573 -0.0166151 -0.000431321 -0.0111529 0.00415669 0.00708262 -0.00245861 0.00143586 -0.000143585 -0.00052494 0.00120586 0.00237915 -0.00173345 -0.0111709 0.00519547 -0.0196076 -0.00825221 -0.00458147 0.000391902 -0.00461435 -0.0019494 0.00427957 -0.000335538 0.00550972 -8.28764e-06 0.00192004 0.00590482 0.0161581 -0.000796069 -0.00328904 -0.00228726 -0.0271032 0.000798467 -0.00203228 0.000912743 -0.00231047 0.020501 -0.00162363 -0.00266947 -0.00447776 -0.00498814 0.00868585 0.00525708 -0.0148453 -0.0190735 0.0167788 -0.00841134 -0.00184503 -0.0148928 -0.00117178 -0.00628629 0.0161083 -0.0011552 0.00368717 0.00864656 -0.0292929 0.00112375 -0.000573962 -0.00126238 0.00678997 2.37689e-05 -0.00703213 -0.00697221 -0.00390678 0.00899755 0.00275568 -0.000910891 0.00104688 -0.00416366 0.0118815 -0.000469389 
-0.00219017 -0.00131969 0.00516204 -0.000598979 -0.00518575 -0.00986321 -0.0012473 -0.00938231 -0.0115164 -0.0100161 0.00651596 0.120524 0.00159993 -0.00807103 0.00690522 -0.00232076 0.00384543 -0.00633141 -0.00336891 0.00716721 -0.0229555 0.00434663 -0.00107093 0.0014784 -0.00127087 -0.0149888 -0.00508004 0.00171336 -0.00435321 0.00226385 0.0126239 0.00232591 0.00627292 -0.0212181 -0.00204445 -0.00149905 0.00189658 -0.000273497 -0.00376012 -0.00465419 0.0241181 -0.00838147 -0.0234415 0.0216267 -0.00884819 -0.0136628 -0.00219177 0.000488446 0.00644323 -0.00878136 7.22129e-06 0.00679112 -0.00738159 0.00415895 0.000275711 0.00235083 0.00709987 0.00116191 -0.00254145 0.00325133 0.00114562 -0.00449129 -0.00152034 -0.000401671 -0.00236009 0.0159386 -0.0060252 0.00243274 -0.00608039 -0.000851943 -0.000333546 -0.00665593 -0.0132697 -0.00113394 -0.000616938 -0.00319651 -0.0113479 0.01679 -0.0127905 -0.0119139 -0.00813157 -0.00707807 0.00971952 -0.0114309 -0.00196236 -0.00223528 0.0162818 -0.000750465 0.00345619 -0.00232338 0.0123307 0.00893657 -0.00466125 -0.000102236 0.00506829 0.00428809 -6.14994e-05 -0.00137165 -0.00200832 -0.00388485 
0.00131427 -0.000778319 0.00706038 -0.00192544 0.00825563 -0.00111016 0.0100842 0.00272522 0.00212733 0.0081092 0.00185855 0.00159993 0.0425879 -0.0037687 0.00200048 -0.00714566 -0.0132981 0.00128857 -0.00174559 -0.000370654 -0.00627699 -0.00445552 0.00464033 -0.00366561 -0.00653572 0.000485643 0.00487105 -0.0105123 -0.00127836 0.00398967 -0.0064069 0.00424148 -0.0109598 -0.0023228 0.00401399 0.00448242 0.00160037 0.000219786 0.0013708 0.00448614 0.00337313 -0.000973843 -0.00317467 -0.00189835 -0.00960524 0.00315324 -0.00151634 0.00168225 -0.00140285 -0.000487639 0.00114698 -0.00581355 0.00142254 -0.000126862 -8.68538e-05 -0.000625705 0.0036539 0.00245729 0.00504711 -0.00151596 -0.00597761 0.00165712 0.00278299 -4.97592e-05 0.00167324 0.00345334 0.00727949 -0.000792904 9.84703e-05 -0.000640974 0.00357569 0.00316384 0.00644171 -0.000390889 0.0022544 -0.00234322 -0.0018686 -0.00834605 0.00300339 -0.00371412 -0.00694361 -0.000345087 0.00127433 -0.00111563 -0.0106561 0.000693915 -0.00751433 0.00013564 5.70615e-05 0.000173776 -0.000472508 -0.0110694 0.00427716 -0.000338456 0.00229469 -0.00239682 -0.00101876 -0.000317908 -0.00593297 -0.00760972 
0.001335 0.0126469 -0.00946481 0.0483344 -0.0087848 0.00361149 0.00937915 0.022168 0.0150864 0.00542033 -0.00965647 -0.00807103 -0.0037687 0.124381 0.00283819 -0.0256824 -0.0373133 0.0233251 0.00211315 -0.0138253 -0.00355723 0.0169618 0.00373904 -0.000601641 -0.0228427 -0.0137224 -0.000657709 -0.0368486 -0.00465085 -0.00579333 0.00416985 -0.00617389 -0.0110139 -0.00889297 -0.00593721 0.00226266 0.00645209 1.7799e-05 0.00828325 0.00339507 -0.0182524 0.0231631 -0.0156975 -0.00360307 -0.00741012 -0.00470274 -0.0107811 0.0021863 -0.00327315 -0.00569112 -0.000500348 -0.010968 -0.00579492 -0.0014438 -0.000183459 0.01281 0.0163553 -0.00649522 0.00244315 0.00621979 -0.0380559 0.0124166 -0.00394993 0.00160249 -0.00100165 -0.00522639 -0.010404 -0.00506104 0.0398506 -0.0112587 0.00198471 -0.000549176 0.019299 -0.0220621 -0.000483518 0.00261468 -0.00133105 -0.0129009 -0.00869684 0.0514483 0.0038983 0.0154003 -0.00691067 -0.000312337 -0.0166667 -0.00153696 -0.00607729 0.000663378 -0.00377445 0.000104295 -0.0100443 -0.0285255 -0.00572653 -0.00455942 -0.0042648 0.00490552 0.000327205 0.0205251 -0.00353609 -0.00916642 
-0.000407828 2.2227e-05 0.00504523 -0.00110299 0.00344355 0.00175772 0.0102857 0.00300181 0.00187056 0.00249563 0.003668 0.00690522 0.00200048 0.00283819 0.0470335 0.000192716 -0.00859831 -1.61916e-05 -0.000883299 0.0108151 -0.0161171 -0.00246198 0.00338562 -0.00379342 0.000599375 -0.0082017 -0.0012974 -5.18329e-05 -0.00234309 -0.00203333 -0.00833652 -0.000477524 0.0015028 -0.00519473 0.00356193 0.000146226 -0.000497723 0.000115374 0.0017963 0.00163888 -0.00393967 0.00783662 -0.00636338 0.000985869 5.35236e-05 -0.00412344 -0.00173231 0.000804046 0.000421473 0.00152003 0.00231684 -0.00468013 -0.00182345 0.000751599 0.000844663 0.00113289 0.00422417 -0.000387424 -0.0025482 -0.00180908 -0.00667798 -0.000800082 -0.00108319 -0.000292846 0.000220006 0.00411846 0.00055468 -0.0020593 0.000999905 -0.00149668 0.0042249 0.000660058 -0.00458693 -0.0078928 -0.00153476 -0.00101937 -0.0024982 0.00370928 0.00235434 -0.00115869 -0.00802233 0.00138747 -0.00462317 -0.00155444 -0.008746 3.04152e-05 -0.00484871 -0.000788256 0.00613006 -0.00055706 -0.000805361 -0.00101176 -0.00128763 0.00102196 0.000655939 0.00149365 -0.000539681 -0.00107502 -0.00408634 -0.00430638 
-0.00223374 -0.00322696 -0.0154716 -0.0292151 -0.0520305 -0.0153992 -0.0302309 0.011888 -0.00623477 -0.0426437 -0.013952 -0.00232076 -0.00714566 -0.0256824 0.000192716 0.232963 0.066984 -0.0232725 -0.00207341 0.0312308 0.0309322 -0.00211945 -0.0148415 -0.0430339 0.0325886 0.0348369 -0.0328704 0.0422285 -0.0163864 -0.0102954 0.0171572 -0.0160969 0.0135488 0.0316174 -0.0143132 -0.00898665 -0.0113281 -0.000762338 -0.0110488 -0.013897 -0.0038978 -0.0354673 0.00905314 0.00269423 0.0299798 0.00982635 0.000661618 -0.00663468 0.0138913 0.00300646 -0.0100346 -0.040148 0.0148179 0.00106322 -0.0027055 -0.0150388 -0.0194666 -0.0198882 -0.00669061 -0.0011012 0.0790327 -0.0159518 0.00752742 -0.0017505 0.00703949 -0.02375 -0.000490834 0.00316525 -0.0149246 0.00750846 -0.00614393 -0.0113293 0.0182884 0.0312536 -0.040498 -0.0137935 0.00598046 -0.023062 0.0245814 -0.0339869 -0.042027 -0.00461224 -0.00361547 0.00011463 0.0816558 -0.00393051 0.012813 -0.00387337 -0.00145902 0.00175336 0.00780914 0.0184568 -0.00980307 -0.00217718 0.0100744 -0.0284343 -0.000588989 -0.00775797 -0.0258414 -0.000228287 
-0.00598222 -0.00832301 -0.00435587 -0.0376771 -0.0535791 -0.0257169 -0.0328781 0.00165558 -0.0346391 -0.049761 -0.0249993 0.00384543 -0.0132981 -0.0373133 -0.00859831 0.066984 0.202578 -0.0203625 -0.00405669 0.0300077 0.056005 0.012396 -0.0171789 0.0087096 0.030345 0.00899246 -0.053346 0.0800032 0.000592647 -0.0258941 0.0340512 -0.0195579 0.0489287 0.0203422 -0.0193773 -0.0234603 -0.0141578 -0.00165571 -0.0170014 -0.0287537 -0.00945342 -0.062062 0.00762059 0.0051277 0.0308271 0.00812618 0.0195877 -0.0115644 0.00692535 0.00797958 -0.0201525 0.0134116 -0.00586744 0.00119025 -0.00469874 -0.0204944 -0.054237 -0.00926255 -0.00798165 -0.000804894 0.0795243 -0.0199436 0.00551768 -0.00140891 0.00808192 -0.041436 -0.00639457 0.00396006 -0.0166309 0.00768951 -0.0157941 -0.0139584 -0.00735257 0.0435767 -0.0450789 -0.00375265 0.00811371 0.0310791 -0.00317067 -0.00389518 -0.0181455 -0.00735033 0.0031319 -0.00955466 0.0757726 -0.00811883 0.041718 -0.000312896 -0.00583182 -0.00192399 0.0262426 0.0604171 -0.0336326 -0.00931682 -0.00324282 -0.00706957 0.000351835 -0.027858 -0.0323973 0.0306642 
0.00529902 0.00645897 -0.00137326 0.0284029 -0.00214134 -0.00135111 0.000953324 0.0155749 -0.00444936 -0.000200407 -0.0045031 -0.00633141 0.00128857 0.0233251 -1.61916e-05 -0.0232725 -0.0203625 0.0836631 0.00541152 -0.00271555 0.00233728 0.00649942 0.0136315 -0.0081569 -0.022809 -0.00532505 -0.00104764 -0.0304234 -0.00301214 -0.00236817 -0.0131101 -0.00207392 -0.0147117 -0.000178792 0.00124391 -0.00161898 0.00637528 0.000489583 0.000994466 0.00997529 -0.013385 0.00378291 0.00261141 -0.00554059 -0.01717 -0.00622681 -0.00493586 -7.92798e-05 -0.00564503 -0.00458804 0.00232903 -0.00975513 -0.00193495 -0.00297027 -0.000758623 0.00365264 0.00843948 -0.00409276 0.00102478 -0.000234417 -0.00607482 0.00709204 -0.00271546 0.000924451 0.00536448 0.00428086 0.000303693 -0.00393288 0.0216186 -0.00170917 0.00262409 0.000330321 0.0183514 -0.00380937 0.00554571 0.00578238 -0.0048075 -0.0151179 0.00410836 0.0406357 -0.00310362 0.00967968 -0.00946404 -0.00142782 -0.0202921 0.000463342 -0.0147275 -0.00037354 -0.00217024 -0.00024982 0.000785679 -0.0210647 0.00166774 -0.00276025 0.00207649 -0.000402183 -0.000397686 0.0158315 -0.00508834 -0.0126726 
-0.00043474 0.00203461 -0.00344285 0.00561874 -0.00223901 -0.000555398 -0.00257285 0.00576962 -0.000443701 -0.00535951 0.00527247 -0.00336891 -0.00174559 0.00211315 -0.000883299 -0.00207341 -0.00405669 0.00541152 0.0479844 -0.00382749 0.00139207 0.00843487 0.000960179 -0.0067391 -0.00736404 -0.00647824 -0.000364262 -0.00401346 -0.000287474 -0.0010907 0.00121691 -0.00194665 -0.00739083 0.00657939 -0.000239753 -0.0020877 0.00131648 -3.25928e-06 -0.00140194 9.10726e-05 -0.00848852 -0.00281142 -0.00902397 -0.00295725 -0.00827898 -0.00418965 -0.0041526 -0.000917754 -0.00203713 -0.00100365 0.000523188 0.00108812 0.00466232 -0.00140196 0.000950278 0.00356877 -0.00261439 -0.00333227 -0.00343486 0.00621768 -0.00270796 -0.000750016 -0.00157556 0.000442895 -0.000141914 0.000632506 -0.00229833 -0.00217476 0.000875211 7.03343e-05 0.00176059 -0.00262166 -0.00586687 -0.00534509 -0.00113569 -0.000316233 0.000426414 -0.00921362 -0.00366863 0.0143633 0.0153509 -0.000774503 -0.00189565 0.00262686 -0.00765721 -3.54608e-05 0.0131149 0.000745726 -0.000542764 -0.00059424 0.00190136 0.000270588 -0.00194545 0.00201626 0.00180816 -0.00111294 0.0010081 0.000124541 0.00843373 0.000251724 
-0.00390097 -0.00278688 0.0109662 -0.0326134 -0.0164776 -0.00644366 0.00104039 -0.00388014 -0.00442859 -0.0167454 0.00684263 0.00716721 -0.000370654 -0.0138253 0.0108151 0.0312308 0.0300077 -0.00271555 -0.00382749 0.171192 0.0116 0.00285863 -0.00892716 -0.0118854 0.0233888 -0.0226092 -0.0189695 0.0209241 -0.00976226 -0.0101757 -0.0310286 -0.00729648 0.0344045 0.0332026 -0.00185702 -0.00890985 -0.00420625 -8.93772e-05 -0.00402545 -0.00582631 -0.0157629 -0.0161984 -0.00542163 0.0222654 0.0175276 -0.00760544 0.0077921 -0.00336984 0.00275206 0.00796333 -0.00486161 -0.0181386 -0.00499006 0.00763249 -0.000559226 -0.00461769 -0.0132514 0.00176681 -0.0113045 -0.00594183 0.00752544 -0.0102892 -0.00332766 0.000181912 0.00679409 -0.0142175 0.00845671 -0.00665259 -0.00476759 -0.00221874 0.00025323 -0.0105982 -0.0186934 -0.00652704 -0.0205412 -0.0196456 0.00777014 0.00861648 0.0125117 -0.00889577 -0.00455568 -0.000412225 -0.023539 0.0134514 -0.0148134 -0.000790352 0.00372349 -0.00340448 -0.00117535 -0.00157103 -0.0128705 0.0217825 -0.0116462 -0.00107784 0.00189561 0.00140101 0.00236327 -0.0116678 -0.0196674 0.0391057 
0.000457884 0.00518838 0.00228829 0.0231101 -0.029239 0.00714299 -0.00194259 0.0410182 -0.0164979 0.0130801 -0.0213664 -0.0229555 -0.00627699 -0.00355723 -0.0161171 0.0309322 0.056005 0.00233728 0.00139207 0.0116 0.249647 0.0221386 -0.0181231 0.00675802 -0.0128672 0.0125645 -0.0447082 0.00276788 -0.014958 -0.0194634 -0.0172392 -0.0159977 -0.0104419 0.0344872 -0.0163915 -0.0174832 -0.00301721 -0.0017529 -0.00709672 -0.0124877 -0.0673442 -0.000448769 -0.00794402 0.0170323 0.0541938 0.019191 0.0177234 -0.00394241 -0.00808491 -0.0094034 -0.0106609 -0.0177433 0.00205618 -0.00383251 -0.000923082 -0.0068306 -0.0239253 -0.00473856 0.00308996 -0.0116986 0.0412211 -0.0108246 -0.00241979 -0.00142851 -0.00171056 -0.0322794 0.0035983 -0.0107069 -0.00148577 -0.0147503 -0.0042888 -0.00470782 -0.0153455 0.026659 -0.0468119 -0.00660997 -0.0122369 -0.00603608 -0.00742171 0.0135217 0.00849418 0.00643412 -0.00321818 0.00926695 0.0400235 -0.00731467 0.0137223 -0.000822166 0.00215212 -0.00346698 -0.0195293 -0.00383986 -0.0245945 -0.00620449 5.60892e-05 -0.0126765 0.00527554 -0.0115655 -0.0299392 0.00310937 
0.000646113 0.00595604 -0.0061671 0.0325633 -0.00757377 0.00299846 0.00450032 0.0129378 -0.0158818 -0.00677001 -0.00368748 0.00434663 -0.00445552 0.0169618 -0.00246198 -0.00211945 0.012396 0.00649942 0.00843487 0.00285863 0.0221386 0.117927 0.00164038 0.00782074 -0.0123864 -0.0190273 -0.0102127 0.00931542 -0.0100146 -0.00665429 0.0238522 -0.00577545 0.00352597 -0.00891576 -0.00763419 -0.00193904 0.00249349 -0.000414728 -0.00449446 -0.00390911 -0.0263532 -0.0112785 -0.0119565 0.0190744 -0.0107393 -0.00124971 -0.00680851 -0.00262057 -0.00566443 -0.00395512 -0.0051059 0.0133635 -0.0057747 0.00393069 0.00149687 0.0103186 -0.0051144 0.00106649 -0.00808616 -0.000422375 -0.0145964 0.00227864 -0.00465973 0.000626475 -0.0030647 -0.00825106 -0.00427624 -0.00337734 0.0011707 -0.00670468 -0.00308115 -0.000467844 -0.00968811 -0.0162039 -0.00645583 -0.0029068 -0.000166338 -0.0245373 -0.0188513 0.0180329 -0.0021561 -0.00035224 0.00497014 -0.00664793 0.00371369 0.00292099 0.02322 0.00371353 0.00302404 -0.00115417 0.00557088 -0.0144095 -0.00806959 -0.00192128 -0.0059677 -0.00467998 -0.00299652 0.000115417 -0.00274626 0.00559309 
0.00234943 -0.000207752 0.00735058 0.0182198 0.00662386 -0.00215654 0.00419486 0.00610737 -0.00790476 0.0125471 -0.00374401 -0.00107093 0.00464033 0.00373904 0.00338562 -0.0148415 -0.0171789 0.0136315 0.000960179 -0.00892716 -0.0181231 0.00164038 0.0683416 -0.00953131 -0.0101716 -0.00304173 -0.00522481 -0.00925494 -0.00376151 -0.00117557 0.0102815 0.00776286 -0.00973695 -0.00737035 0.00479734 0.0165817 0.00209673 0.000406391 0.00520834 0.0120815 -0.00822814 0.00728921 0.00550814 -0.00144071 -0.0141954 -0.00319357 -0.00682749 -0.000233769 -0.00105998 -0.00375123 0.00118983 0.000655803 -0.00336353 -0.00178784 -0.000761322 -0.00145527 0.00105853 0.00408023 0.00191841 0.0020608 -0.016455 0.0015067 0.000225322 0.000239897 -0.000411938 -0.00333389 -0.00149388 -0.00376873 0.00505789 -0.00306531 0.000193071 0.000785025 0.0114399 -0.0111972 0.00311562 0.020071 -0.0023591 -0.0144598 -0.00374715 0.00603131 -0.0131528 -0.00307965 -0.00447451 -0.00625111 -0.0108219 0.00567728 2.84114e-05 -0.000461703 -0.000910303 -0.00174774 0.0035262 -0.0129872 0.00802785 0.000364115 -0.00235104 0.000916193 -0.001654 0.00746021 -0.00311392 -0.0103553 
-0.00351842 -2.40116e-05 0.0177803 0.00853306 0.0290039 0.000684339 0.013431 -0.0260316 0.00506037 -0.00139667 0.00918152 0.0014784 -0.00366561 -0.000601641 -0.00379342 -0.0430339 0.0087096 -0.0081569 -0.0067391 -0.0118854 0.00675802 0.00782074 -0.00953131 0.172186 0.0184703 -0.0187825 0.0078337 0.00919961 0.0141492 0.00227729 -0.0150867 0.000485721 0.0166008 -0.0301439 -0.00184857 -0.00839045 0.00458359 -0.000136069 -0.000381101 -0.00815116 -0.00325762 -0.0167812 -0.00904564 0.0124432 -0.000954517 -0.0203961 0.0121378 -0.00221265 -0.0124922 0.00451938 -0.00495558 0.0390392 -0.00771808 0.00840671 0.00102106 0.0108153 -0.00378375 0.0115609 -0.00509419 -0.0084323 -0.0466363 0.000273658 -0.00963304 -6.78937e-05 -0.00657909 -0.0126803 -0.0120901 -0.00437158 -0.00427793 -0.00314436 -0.00337886 0.0121657 -0.0342868 -0.0223568 0.00461763 -0.0167091 0.00149411 0.0179089 -0.0244074 -0.00889012 0.032273 0.00679295 0.0131917 -0.0115437 -0.0340137 0.00282348 0.00186706 0.0024612 0.00711338 -0.00177569 -0.0234605 0.00351261 -0.00766621 0.00685279 -0.00796923 0.00147811 -0.00123991 -0.0093569 0.0122617 0.021699 
-0.00319984 -0.00482607 0.00785598 -0.0392107 -0.00588845 0.00492099 -0.009116 -0.0182345 0.0172268 -0.0155777 -0.0102758 -0.00127087 -0.00653572 -0.0228427 0.000599375 0.0325886 0.030345 -0.022809 -0.00736404 0.0233888 -0.0128672 -0.0123864 -0.0101716 0.0184703 0.195242 0.00720312 -0.0100825 0.075728 -0.00954581 0.000517243 0.0144924 -0.00900281 0.0242199 -0.0255798 -0.00847716 -0.00266231 -0.0059849 -0.000160111 -0.00513081 -0.0117241 0.0096739 -0.0122274 -0.0222209 0.000225961 0.0700848 -0.0236481 -0.00359517 -0.00597903 0.0165535 0.0173587 -0.00744276 0.00782906 -0.00821096 0.0104351 -0.000598341 0.000201777 -0.023409 0.00266873 -0.0099579 -0.000973835 -0.00405303 -0.0066946 -0.000513088 -0.00124025 -0.0029613 -0.0229322 0.00461062 0.00317082 -0.0167304 -0.00307336 -0.00182635 -0.00140786 -0.0319509 -0.0283844 -0.0181873 -0.0101667 0.0275662 0.0370564 -0.027394 -0.0334974 0.00978954 -0.015046 -0.00180018 -0.0186927 0.0193341 -0.00182035 -0.00273496 0.00276254 -0.000671713 0.00218486 -0.028856 0.0211941 -0.0119991 -0.006349 -0.0094882 0.00582709 -0.00168125 -0.0119875 -0.0157999 0.0258041 
0.0020176 -0.00128793 -0.0104836 -0.0116294 -0.0251185 0.00372647 -0.0180571 0.00716717 0.00110235 0.00366869 -0.0140817 -0.0149888 0.000485643 -0.0137224 -0.0082017 0.0348369 0.00899246 -0.00532505 -0.00647824 -0.0226092 0.0125645 -0.0190273 -0.00304173 -0.0187825 0.00720312 0.171769 -0.00904067 0.0152437 -0.00970252 -0.00605965 0.0134667 -0.00262601 -0.0314745 -0.0171884 -0.0055003 0.00205341 -0.00460603 -0.000917938 -0.00243026 -0.0071133 0.0306458 0.00254129 0.0360624 -0.00400708 0.0395939 0.0193236 5.93073e-05 0.001742 0.0137363 0.00391874 -0.00205737 -0.0196363 0.00215261 -0.00378034 -0.00333056 -0.00950448 0.00843305 -0.00525081 0.00662611 -0.0055718 0.030172 -0.0097174 0.00215249 -0.000736473 0.000960068 -0.016507 -0.00150984 0.0131886 -0.0128253 0.00292924 -0.00394145 0.00664449 0.0251585 0.0231204 -0.0069066 0.00968259 -0.00800733 -0.00270213 0.0171366 -0.0250902 -0.0436013 -0.000622117 -0.00785566 -0.000813478 0.060363 -0.00232343 -0.0572742 -0.00145628 -0.00364187 0.00369618 -0.00687843 -0.0297034 0.00226024 -0.0051787 -0.00101403 -0.0111335 -0.00415488 0.000172472 -0.00386829 -0.0366724 
-0.000679767 -0.00177061 -0.00422917 -0.00993305 0.0281487 0.00408676 0.0123655 -0.0168712 0.0174472 0.0166578 0.0229767 -0.00508004 0.00487105 -0.000657709 -0.0012974 -0.0328704 -0.053346 -0.00104764 -0.000364262 -0.0189695 -0.0447082 -0.0102127 -0.00522481 0.0078337 -0.0100825 -0.00904067 0.114134 -0.0354665 0.0213772 0.0356216 -0.00936726 0.0113628 -0.0312001 -0.0120772 0.0172549 -0.00159247 0.00464459 0.000629376 0.00759238 0.00114797 0.0190459 0.00727525 0.00159513 -0.0127555 -0.0333506 -0.0103459 -0.0089544 0.00828329 -0.00804797 -0.00305672 0.0124796 0.00132248 -0.000364898 -0.00285379 0.00316907 0.00753553 0.0286329 0.00866195 -0.00442053 -0.00425039 -0.0281977 0.00987336 -0.00318919 0.000890645 -0.00311453 0.0315578 0.00533773 0.000758015 0.00155459 0.00210067 0.00534356 0.00987424 0.00555421 -0.00621012 0.0604137 -0.0145752 -0.0054243 -0.0280686 0.00453064 -0.00739866 0.0120677 -0.000803829 0.0111293 0.0084464 -0.0428672 0.000856782 -0.0286153 0.000390514 -0.00172271 0.0050402 -0.012797 -0.0343024 0.0222223 -0.00186435 0.00176628 -0.00715012 -0.0019866 0.00659057 0.0227029 -0.0223775 
-0.00697223 -0.00981837 -0.00248902 -0.0382602 -0.0287591 -0.000713838 -0.0224609 0.00940433 0.00133709 -0.0325191 -0.0114038 0.00171336 -0.0105123 -0.0368486 -5.18329e-05 0.0422285 0.0800032 -0.0304234 -0.00401346 0.0209241 0.00276788 0.00931542 -0.00925494 0.00919961 0.075728 0.0152437 -0.0354665 0.249107 -0.0162982 -0.0213456 0.0307907 -0.0117868 0.0564774 -0.0115655 -0.0144994 -0.0117983 -0.0103654 -0.00105047 -0.0137371 -0.0180618 0.0160284 -0.0330735 -0.0121787 -0.00543685 0.053181 -0.010705 0.00103607 -0.00834123 0.00791857 0.0027809 -0.015278 0.014373 -0.0119542 0.00691488 -0.00498442 -0.0207062 -0.0336254 0.00178183 -0.0185865 -0.00368804 0.023076 -0.0149613 -0.00129709 -0.00301714 -0.0107534 -0.0333631 -0.0135647 0.00619909 -0.0243097 0.0196823 -0.00953988 -0.00469539 -0.0307719 -0.0158459 -0.0318409 -0.00557346 0.0128822 0.0493317 -0.0243563 -0.0506142 -0.00156476 -0.0218334 -0.00406721 -0.0338521 0.0728393 -0.00366397 0.0266315 0.00147225 -0.0032609 0.00115641 0.0107526 0.041553 -0.0220918 0.00130811 -0.0165828 -0.00238316 -0.000432243 -0.0230959 -0.00193784 0.0231659 
0.000681911 -0.00062846 -0.00366289 -0.0104946 0.00507668 -0.00921295 0.00647551 -0.00522204 -0.00289431 -0.00600477 0.00612186 -0.00435321 -0.00127836 -0.00465085 -0.00234309 -0.0163864 0.000592647 -0.00301214 -0.000287474 -0.00976226 -0.014958 -0.0100146 -0.00376151 0.0141492 -0.00954581 -0.00970252 0.0213772 -0.0162982 0.102804 0.0124408 -0.00591373 -0.000844166 0.0112722 0.00261452 0.00774842 -0.00097406 0.000346037 0.000458221 0.0040982 -0.00104669 0.00265799 -0.00790125 0.0128518 -0.0100619 -0.00896271 -0.00662044 -0.00427944 -0.000912609 -0.00554666 0.00386333 -0.00208062 -0.00129849 -0.00600642 -0.00306238 0.00143577 -0.00284369 0.000387638 -0.00152641 -0.00541617 -0.00222791 -0.00937716 0.000808255 -0.0038504 0.000253507 0.00379408 -0.000490721 -0.00342768 -0.00512962 0.00334709 0.0041573 -0.00129075 0.00604544 -0.00154549 -0.00144526 0.0111337 -0.00935599 0.000566711 0.00336416 -0.00361801 0.00248883 0.0208614 0.0108737 0.00850357 0.00248574 -0.0134213 0.000358118 -0.00618527 -0.00170928 -0.00415146 -0.00267309 -0.0063362 0.00208019 -0.00106932 -0.00219356 -0.00162429 0.00227114 -0.00221441 -0.00353612 -0.00374673 0.00954562 
-0.000405775 0.000214157 -0.00318545 -0.00234867 0.0187146 -0.00211342 0.00550336 -0.00638096 0.00824527 0.00735231 0.0141573 0.00226385 0.00398967 -0.00579333 -0.00203333 -0.0102954 -0.0258941 -0.00236817 -0.0010907 -0.0101757 -0.0194634 -0.00665429 -0.00117557 0.00227729 0.000517243 -0.00605965 0.0356216 -0.0213456 0.0124408 0.0726961 -0.00368879 0.00550023 -0.018787 0.00232683 0.012284 -0.00030455 -8.67026e-06 0.00035429 -0.000513482 -0.00189749 0.00889939 -0.00503369 -0.00495837 -0.00323127 -0.0194882 -0.00570718 -0.00657591 0.00279537 -0.0017889 -0.00398754 0.00324634 0.0018004 0.00301612 -0.000719419 0.00288964 -0.000386505 0.0112424 0.00130806 0.00183489 0.000180388 -0.0107032 0.00194703 -0.000884031 0.000160783 -0.00342959 0.0158079 0.0061081 -0.0011348 0.00119486 0.00023313 0.0015261 0.00152544 -0.00870639 -0.00439774 0.0289925 -0.00868122 -0.00409752 -0.0161089 -0.00595308 -0.00384715 0.014846 -0.00102695 0.0178996 0.000145988 -0.0257952 0.000650905 -0.00529612 2.12331e-05 0.000639918 0.000214347 -0.00803365 -0.0181671 0.00913813 -0.00137254 0.00162511 -0.00516877 -0.00111423 0.0036764 0.00190297 -0.0121495 
-0.00413388 -0.00395983 -0.0093715 0.0275183 -0.0203286 0.0038923 -0.0155074 0.0094018 -0.0186271 -0.00661593 -0.0166151 0.0126239 -0.0064069 0.00416985 -0.00833652 0.0171572 0.0340512 -0.0131101 0.00121691 -0.0310286 -0.0172392 0.0238522 0.0102815 -0.0150867 0.0144924 0.0134667 -0.00936726 0.0307907 -0.00591373 -0.00368879 0.203639 -0.00658413 0.0064941 -0.0413394 -0.00923107 0.00802674 -0.00171368 -0.000686549 -0.0045377 -0.00842124 0.00718822 -0.00388389 -0.0153223 0.000812586 -0.0045304 -0.00447145 -0.0239491 -0.00402727 0.00883441 0.00590006 -0.00807817 0.0243819 -0.0119416 -0.00451781 -0.00157002 -0.00425866 -0.0164072 0.0010973 0.00630958 0.0129883 -0.0220546 0.00261511 0.0104359 0.00102654 -0.00263282 -0.0185437 -0.0144968 0.00306234 0.000341876 -0.0149119 -0.00582565 -0.00106909 0.0214429 -0.0149109 0.00571377 0.0281056 -0.00130046 -0.0144894 -0.0254507 0.00727388 -0.0327547 -0.00996002 0.0299841 -0.0150517 0.0480565 -0.00419767 0.0293313 0.00668139 -0.0104421 -0.000978541 0.0120999 -0.026315 -0.0151362 -0.01178 -0.00552632 -0.00822343 -0.00628445 0.00467406 -0.0129935 -0.0232943 
0.00149814 -0.000933675 0.00658911 -0.00634475 0.0123156 -4.18372e-05 0.00331709 -0.00795705 -0.00383482 0.0111329 -0.000431321 0.00232591 0.00424148 -0.00617389 -0.000477524 -0.0160969 -0.0195579 -0.00207392 -0.00194665 -0.00729648 -0.0159977 -0.00577545 0.00776286 0.000485721 -0.00900281 -0.00262601 0.0113628 -0.0117868 -0.000844166 0.00550023 -0.00658413 0.0521567 -0.0109764 -0.00684398 0.00400543 0.00931553 0.00126785 3.03314e-05 0.00278589 0.00702875 0.013509 0.00178922 0.012251 -0.00203656 -0.0095065 -0.00225575 -0.00184695 0.00224686 -0.00214141 -0.0032998 0.00693139 -0.000795038 -0.00163426 -0.00146822 4.29717e-05 -0.00263839 0.00466269 0.0109915 -0.000772365 -0.00189679 -0.00590113 0.00391365 -0.00168741 -0.000160433 -0.00213642 0.00914975 -0.000486333 0.0033799 -0.00267449 1.24608e-05 -0.00062349 -0.000446989 0.00656372 0.000774559 0.0122661 0.00238765 -0.00478034 -0.00431339 0.00324126 -0.0113088 -0.00538231 -0.0030448 0.00059796 -0.00392825 -0.0112029 0.00423075 -0.0114898 -0.00063553 -0.00204583 -0.000775138 -0.00247891 -0.0108178 0.0235758 0.000466984 -0.000991113 -0.00262671 -0.000786273 0.0012332 0.00623627 -0.00895626 
-0.00471091 -0.00512097 -0.00747093 -0.0262932 -0.0229673 -0.0173893 -0.0149396 -0.0179574 -0.0196691 -0.0373822 -0.0111529 0.00627292 -0.0109598 -0.0110139 0.0015028 0.0135488 0.0489287 -0.0147117 -0.00739083 0.0344045 -0.0104419 0.00352597 -0.00973695 0.0166008 0.0242199 -0.0314745 -0.0312001 0.0564774 0.0112722 -0.018787 0.0064941 -0.0109764 0.20982 0.00426187 -0.0139514 -0.00890537 -0.00780192 0.000266182 -0.00465508 -0.00300309 0.00740373 -0.0237783 -0.0143513 -0.00592218 -0.00353422 -0.0165749 0.0040661 -0.00644608 -0.00586698 0.0069221 -0.00844925 0.0203908 -0.0120779 0.0029639 -0.00336509 -0.0108699 -0.0244861 -0.00853353 -0.00760834 -0.00135738 0.0123897 -0.00973228 -0.00535636 -0.0017077 -0.00430206 -0.0286813 -0.00524989 -0.012973 -0.0142166 0.00383129 -0.00929227 -0.0190865 -0.0321383 -0.00873452 -0.0334937 -0.001091 0.00635418 0.0619053 -0.00771974 -0.0217256 0.0309731 -0.0030514 -0.0124122 -0.0144115 0.0169183 -0.00388241 0.0491297 -0.00148501 -0.00721641 -0.00181023 0.0143622 0.079272 -0.0209629 0.00136369 -0.00556363 0.0189086 0.00197057 -0.0179692 -0.0123256 0.0731555 
-0.00351573 -0.00322411 -0.0144153 -0.0310419 -0.0127978 -0.00888202 -0.00446457 -0.0076004 0.00628093 -0.0169077 0.00415669 -0.0212181 -0.0023228 -0.00889297 -0.00519473 0.0316174 0.0203422 -0.000178792 0.00657939 0.0332026 0.0344872 -0.00891576 -0.00737035 -0.0301439 -0.0255798 -0.0171884 -0.0120772 -0.0115655 0.00261452 0.00232683 -0.0413394 -0.00684398 0.00426187 0.194298 -0.000994687 -0.0011639 -0.00647918 -0.000531876 -0.00175377 -0.00403848 -0.0289274 -0.0191681 -0.0177788 -0.0145793 -0.0182232 0.0114744 0.0102146 -0.00072547 0.00183876 -0.00919164 0.000158306 -0.0207067 0.0270496 -0.00413383 0.00220854 -0.0112144 -0.00816995 -0.0114665 0.00597191 0.00255748 0.0321776 -0.00762875 0.00232525 -0.00073031 0.00855855 -0.0112098 -0.00961467 -0.0101381 -0.00258095 -0.00193932 -0.000240071 -0.0117068 -0.0223636 0.0285714 -0.0182932 -0.00809646 0.00523657 -0.00993015 0.0256434 0.00237352 0.0146099 0.00390982 -0.017891 0.0214932 -0.0238533 -0.00261645 0.0221412 -0.00470741 0.009288 -0.00252772 0.00682656 0.0287148 -0.00459612 -0.00138679 0.00445653 0.00450912 0.00510556 -0.00790602 0.0045512 0.0287515 
0.000176431 -0.0012381 0.00875225 -0.00223428 0.0195287 -0.00385622 0.0174188 -0.0058491 -0.0038708 0.0125725 0.00708262 -0.00204445 0.00401399 -0.00593721 0.00356193 -0.0143132 -0.0193773 0.00124391 -0.000239753 -0.00185702 -0.0163915 -0.00763419 0.00479734 -0.00184857 -0.00847716 -0.0055003 0.0172549 -0.0144994 0.00774842 0.012284 -0.00923107 0.00400543 -0.0139514 -0.000994687 0.0662182 0.00637245 0.000491328 0.000488943 0.00763714 0.00516363 0.000103646 0.000987218 0.0116564 -0.00456128 -0.0145802 0.00117897 -0.00308778 0.00158901 -0.001848 -0.00146437 0.00340678 -0.00772993 0.00530892 -0.0012529 0.000937613 -0.00307963 0.00393205 0.00220474 -0.00283628 -0.00206789 -0.00646463 0.00098798 -0.00106173 9.02141e-05 -0.00211506 0.00606151 0.00861215 -0.000780142 2.4135e-05 -0.00194002 -0.000441915 0.00342034 -0.00435391 -0.00659565 0.0150789 -0.00393117 -0.00187741 -0.00682831 -0.00683511 -0.000384816 0.000714066 -0.00035173 0.0072202 -0.00126244 -0.0171175 0.00161655 -0.0138174 -0.000447486 0.00367874 0.000686542 -0.00186889 -0.00916967 0.00335117 0.0011616 -0.00270477 0.00025655 -0.000409506 -0.00234841 -0.00608071 -0.0100365 
