0.0685865 0.00982417 -0.00574235 -0.000248952 -0.000533519 0.0046265 -0.00422679 -0.00205105 -0.00111016 -0.0135217 -0.0188597 -0.00776557 -0.00511372 0.00121676 0.00149588 5.74345e-05 0.00192126 0.0101355 -0.010542 -0.000734454 -0.00349154 -0.00665938 -0.0013285 0.00271123 -0.000224895 0.00850918 -0.000240876 -0.00172059 -0.00483258 -0.00038411 0.0026047 -0.000615388 -0.00646486 0.00337525 0.000974106 -0.00414152 0.0026712 -0.00240342 -0.00418756 -0.00770769 0.000755601 0.00541225 -0.00068006 0.00578719 0.000661384 0.00718906 -0.00108764 -0.000452289 0.0010012 -0.00138772 -0.000660539 0.00661408 0.00112168 -0.00694559 0.000152849 -0.00593613 -0.00440034 0.00411478 -0.000593715 -0.000636154 0.00866226 0.012566 -0.00630367 0.00751574 0.00338742 -0.00980799 0.00716208 0.00330618 0.00269046 0.00188194 -0.00245773 0.00228925 0.00145534 -0.00351496 0.000627045 -0.000425404 -0.00727418 -0.0105024 -1.79954e-05 -0.0078624 0.00905044 -0.00361933 0.00664451 -0.000735831 0.000242181 -0.000312297 -0.000263836 -0.00195449 -0.00799134 -0.000210292 0.00112097 -0.00241631 -0.00853116 -0.00249637 -0.000514298 0.000224288 -0.000381061 0.000678422 0.000982548 -0.00678051 
0.00982417 0.119856 -4.33388e-05 0.0102919 0.00989346 -0.00468493 -0.021461 -0.0201937 -0.00561768 -0.0152117 -0.0349583 -0.0223589 -0.00613764 0.00317345 0.00342981 0.00035355 -0.0159308 -0.000305311 -0.0123835 -0.00155486 -0.0172376 -0.0287598 -0.0101933 0.00153813 0.00913242 0.00442706 0.00794898 0.016225 -0.00199657 -0.00509853 0.000719904 0.00471802 -0.00569336 0.00357635 -0.000571316 0.010461 0.00118014 -0.00628122 0.00701507 0.00268706 -0.00023497 0.00616904 -0.00383935 0.0180466 0.00333484 0.0133412 0.0243148 -0.00552716 -0.0010179 -0.00528768 -0.00109711 -0.00393821 0.00440904 -0.0157663 0.000264683 -0.0112947 -0.00177233 0.00493837 -0.000621538 0.00393622 0.0224915 -0.0149958 -0.0120555 -0.0223676 -0.0044555 -0.0343568 0.0255154 0.0179675 0.0183548 0.0239038 0.0271196 0.0025849 -0.00551864 -0.00373356 -0.00109362 -0.00192233 -0.0118584 -0.0193352 0.00393948 -0.0017279 -0.0107659 -0.00463781 0.00215655 0.00103071 -0.000878817 0.00129212 0.00148535 -0.00805695 -0.015342 -0.00165839 0.00449627 0.010975 -0.0104878 -0.00326334 -0.000515354 0.0113778 -0.00218269 0.00930626 -0.000325493 -0.0105974 
-0.00574235 -4.33388e-05 0.0960673 -0.0127732 0.0123634 -0.01898 0.0133148 -0.011642 0.0151116 -0.0185163 -0.00418188 0.0222931 0.0253791 -0.00474419 -0.00105741 -0.000258168 -0.00705149 -0.0137043 -0.00230617 -0.00168909 -0.00997475 0.00847735 0.0013722 -0.00373595 -0.00192986 -0.00792926 0.00350187 -0.00719248 0.0101485 0.00194154 0.00205005 -0.000274829 -0.00711176 -0.00107224 -0.0012596 0.0350308 -0.00972028 -0.00681475 -0.00403197 -0.00131932 -0.000514655 -0.00128534 -0.00428453 -0.00436308 -0.00147269 -0.0189191 0.000423671 -0.000994754 0.00145068 0.0233524 -0.00123135 -0.00299907 -0.000839663 0.0301498 0.000110484 0.005701 -0.00995649 -0.00119262 0.000173762 3.74067e-05 -0.00618937 -0.0141795 0.0229377 0.018398 0.00294524 0.0247134 -0.0367868 0.00126417 -0.00257712 0.00245007 -0.0130357 -0.00159031 -0.00682746 -0.0011473 0.000314466 -0.000165846 -0.000356846 0.0218422 0.00124936 -0.0154894 -0.00758581 -0.00780132 -0.00194671 -0.000937303 0.00282399 0.000754707 -0.0122589 -0.011335 0.0028842 -0.00128397 0.0017701 -0.00463827 -0.0226833 0.00242163 -0.000682865 -0.00704604 -0.00266658 -0.00857177 0.000441294 -0.0147678 
-0.000248952 0.0102919 -0.0127732 0.169846 -0.0232164 0.0792367 -0.0574801 -0.00293796 -0.0162535 0.026767 0.00939315 -0.0568928 -0.0393185 0.0046073 -0.00202622 -0.0021253 -0.0121378 -0.0296035 0.00303842 0.0153873 0.0186062 -0.0372046 -0.0115978 0.00886024 -0.00182422 -0.0136421 -0.0091989 0.0184917 -0.0105988 -0.00961337 -0.00805187 -0.00274596 -0.0128552 -0.00719937 -0.000349773 -0.0289737 -0.0123891 0.010963 0.0149963 0.0105055 -0.000618999 -0.00269819 0.0168952 0.0337264 0.00432191 0.0782878 0.00190293 -0.00152949 -0.00216638 -0.00882874 -0.00166446 -0.00212027 0.00181872 -0.0397721 -0.000339582 -0.0237165 -0.0109298 0.00418102 -0.00219759 -0.0257815 -0.00630752 0.0139381 -0.0299127 -0.0399129 -0.022016 -0.0446369 0.0392487 0.00729602 -0.00731157 0.000880997 -0.00590198 -0.00291913 0.00364193 -0.00366385 -0.000569101 -0.00373775 -0.0168554 -0.0160138 -0.00529432 0.0480546 -0.00885337 0.0679735 -0.000765956 -0.00401903 -0.000493895 -0.0057238 0.0669985 -0.00847337 -0.00335883 -0.000517182 -0.00402661 0.00869668 0.0109201 -0.0069677 0.000131359 -0.0193247 -0.00874621 -0.0106028 -0.00297925 0.0236237 
-0.000533519 0.00989346 0.0123634 -0.0232164 0.172057 -0.0380701 0.0271408 -0.00794526 0.00921859 -0.0210487 0.00773975 0.0362938 0.0194 -0.00285656 -0.000730044 -0.00215854 0.00110461 -0.0294217 -0.0186816 -0.000203746 -0.012896 0.00486071 -0.00287928 -0.00825332 0.00539517 -0.0120924 0.000565069 -0.0103987 -0.0100603 -0.00648236 0.0117496 -0.000997861 0.0234162 -0.00450294 -0.000225151 0.0203164 -0.0131086 -0.00285136 -0.00293469 0.0199002 -0.00106857 -0.00270554 -0.0131173 -0.00912839 -0.00522205 -0.0164164 0.00401658 0.00819816 0.00812929 0.00918129 -0.0010194 -0.00354178 -0.00110217 0.0221899 0.00049019 0.00861505 -0.00928913 -0.00609166 0.00164662 -0.0033397 -0.00487647 -0.0449811 -0.00745449 -0.00271828 0.00849393 0.0279403 -0.0314723 0.000988971 0.0040748 0.0150286 0.0122793 -0.00291243 -0.00883941 0.0077738 -0.00278391 -0.000267986 -0.00299065 -0.0061792 -0.00444545 -0.0131326 -0.0116347 -0.0173361 -0.0112112 -0.00297238 -0.000782871 -0.00244738 -0.000793657 0.00944508 -0.00212584 -0.000659989 -0.00149761 -0.0102786 0.00458568 -0.00355805 -0.00149858 0.00324017 -0.00297293 -0.0240698 0.000192583 -0.00643985 
0.0046265 -0.00468493 -0.01898 0.0792367 -0.0380701 0.196223 -0.0762345 0.00778868 -0.0229748 0.0416157 0.0121279 -0.0738699 -0.0523835 0.00758153 -0.000631276 -0.000189399 0.00197316 -0.0102855 -0.00400322 -0.002736 0.0233259 -0.0520448 -0.0117388 0.0114244 0.00397176 -0.00593012 -0.00429231 0.0111248 -0.0112018 -0.00929117 -0.00940505 -0.00142792 -0.00819849 -0.00576398 0.000526735 -0.0459351 -0.00162761 0.0156412 0.00817193 -0.0010678 -0.00065908 0.000249766 0.0240524 0.0275212 0.00745416 0.0811547 8.93395e-05 -0.00468289 -0.00135439 -0.0168637 8.05125e-05 -0.00292399 0.00204241 -0.0452475 -0.000816834 -0.0349947 0.000798538 0.00613155 -0.00247254 -0.0183039 -0.00530295 0.0116686 -0.0360078 -0.0342159 -0.0345758 -0.0549126 0.0630051 0.00651797 -0.00101954 -0.00381852 -0.015534 -0.000180815 0.0152346 -0.00763589 0.00227026 -0.00511036 -0.0205117 -0.0329578 -0.0010048 0.042708 -0.00465188 0.0468161 0.00663105 -0.00215034 -0.00153975 -0.0127912 0.0626543 -0.00464812 0.0129875 0.00141623 -0.00841924 0.00316776 0.0363381 -0.00875578 0.000957882 -0.00975888 -0.00938632 0.0140196 -0.00294724 0.0177968 
-0.00422679 -0.021461 0.0133148 -0.0574801 0.0271408 -0.0762345 0.238438 0.0281254 0.00922114 -0.0480711 -0.0240483 0.112972 0.061263 -0.0141885 0.000322022 -0.00395793 0.0261905 0.0195727 0.0101346 -0.0202328 -0.0134727 0.0518494 0.017685 -0.0140746 -0.0119695 -0.0179973 0.0047742 -0.0143283 0.0163298 0.00288382 0.00692495 -0.00580569 -0.0192034 -0.00261648 0.000515988 0.0558797 -0.0183786 -0.0260854 -0.0246394 -0.0160048 -0.0021585 -0.00899424 -0.0221251 -0.0309026 -0.00867422 -0.0769546 -0.0190197 -0.0017062 0.0033889 0.0300851 0.000566126 -0.00604459 -0.000128095 0.0757461 0.000318829 -0.00481037 -0.0141401 -0.00861982 0.00221605 0.0110338 -0.019718 0.00610206 0.0318125 0.0474019 0.0464385 0.0651856 -0.0649448 -0.0190274 -0.0170704 -0.00239884 -0.0296488 -0.00119121 -0.0168205 0.00792925 -0.00473451 0.00294277 0.032352 0.0393972 -0.00344728 -0.0460016 0.00327955 -0.0423941 -0.0205397 -0.00682168 5.80091e-05 0.0125277 -0.0526539 0.00735872 -0.0262454 -0.00411065 0.0104217 -0.0132864 -0.0261221 0.00784214 -0.00293011 -0.0110699 0.00225421 -0.0226544 -0.000513466 -0.0370963 
-0.00205105 -0.0201937 -0.011642 -0.00293796 -0.00794526 0.00778868 0.0281254 0.170796 -0.0280835 -0.0259141 -0.0290712 0.0281143 -0.00396183 0.00104088 0.00385772 0.00288827 0.0672128 0.0144986 0.0258999 -0.0053846 0.00419959 0.00305144 -0.00240149 -0.00350109 -0.00591553 0.000146997 -0.00746611 0.00877618 -0.0120403 -0.0040185 -0.00531814 -0.00185797 -0.0264491 0.0035323 0.00308832 -0.0157797 -0.0154915 -0.0139364 -0.0120812 -0.0182438 -0.00100546 0.000191862 0.0100677 0.00573269 0.00216358 0.0100582 -0.00589803 0.0017043 0.00394008 -0.00811226 0.00234923 -0.0029165 0.00618106 0.0111261 0.000236465 -0.0133679 -0.010887 -0.00413806 -3.82712e-05 0.0203181 -0.0180699 0.0298652 -0.00244103 -0.00397401 0.00860979 -0.024371 0.0017819 -0.0174055 -0.0108418 -0.00109088 -0.0100761 0.000393101 -0.00312467 0.0101944 -0.00365722 -0.00208153 -0.0232444 3.98211e-05 -0.0035193 -0.0101721 0.00432403 0.0161206 -0.00472435 -0.00313222 0.00118687 0.00657423 0.00565044 -0.00268564 -0.0359511 -0.000927935 0.0013034 -0.00534226 -0.00658835 -0.00438458 -0.000691986 -0.0114955 -0.00470607 0.015006 0.00045133 -0.00583859 
-0.00111016 -0.00561768 0.0151116 -0.0162535 0.00921859 -0.0229748 0.00922114 -0.0280835 0.168225 0.0454725 0.0109522 -0.00218961 0.0297671 -0.00399321 -0.0018581 -0.00317281 -0.0322506 -0.0284527 0.0244094 0.00461067 -0.0213106 0.000773935 0.0258123 -0.00281663 0.00335629 -0.0109658 -0.00393151 -0.012724 0.0148104 0.0162483 0.00319293 -0.00474641 0.0144093 -0.00130676 -0.00142996 0.0130548 -0.0183459 -0.0162971 0.00392781 0.0280421 -0.00138111 -0.00341584 -0.0073412 -0.00760081 -0.00433593 -0.0300347 -0.0098708 -0.00142037 -0.000510146 0.013922 -0.000779113 -0.00623569 -0.00131241 0.0305615 9.518e-05 0.0246277 0.00565505 -0.000987006 0.000851591 -0.00367412 -0.0199532 -0.0263076 0.029734 0.00435563 -0.0393634 0.0706598 -0.0845049 0.024006 -0.00637353 -0.00150636 -0.0200737 -0.00527832 -0.0124795 -0.00821589 0.000499773 -0.000186903 -0.024045 0.0159456 0.00180164 0.00606308 -0.0122175 -0.0179834 0.00585072 -0.00367636 -0.000511569 -0.00524947 0.00256115 -0.00202303 0.0161975 0.00307942 -0.000502004 -0.0177546 -0.0252067 0.00749177 -0.000997588 0.00565139 -0.00398698 -0.0324438 -6.48484e-05 -0.0205897 
-0.0135217 -0.0152117 -0.0185163 0.026767 -0.0210487 0.0416157 -0.0480711 -0.0259141 0.0454725 0.249853 0.0585178 -0.0783214 -0.042363 0.00056983 -0.00521798 -0.00348396 -0.0489768 -0.032231 0.0370458 0.00641726 -0.0154159 -0.000189494 0.0302015 0.00757141 0.0011633 -0.0139454 -0.00950173 -0.0217054 -0.0022202 0.00943473 -0.0131764 -0.00433946 0.0234693 -0.0213167 -0.00194075 -0.0378036 -0.00642279 0.0282524 0.00080949 0.0292475 -0.00230627 -0.0116582 0.00677649 0.00939463 -0.00217834 0.0192146 -0.00320055 0.00401095 -0.00620736 -0.0314212 -0.000870346 -0.0118039 -0.0038955 -0.0480973 -0.00154076 0.0210717 0.0197123 -0.00132932 -0.000454194 -0.0241106 -0.0266499 -0.0197892 0.0136518 -0.0385781 -0.0796343 0.00943947 -0.00301168 0.00763479 -0.0156423 -0.0206325 0.0216357 -0.00386716 0.00205618 -0.01732 6.07966e-05 -0.00502118 -0.0184422 0.0106169 -0.000768188 0.029273 -0.0036829 0.00528815 0.0154641 -0.00279768 -0.000818654 -0.00967589 0.031197 0.00471676 0.0348138 -0.000441735 -0.00378677 0.0140519 0.0411507 0.0088422 -0.00218627 0.0142653 -0.00345769 -0.0230594 0.000104126 0.00834148 
-0.0188597 -0.0349583 -0.00418188 0.00939315 0.00773975 0.0121279 -0.0240483 -0.0290712 0.0109522 0.0585178 0.242566 -0.0134015 -0.0106699 -0.00803225 -0.00558899 -0.00278799 -0.0177918 -0.0237964 -0.0191511 0.00744715 0.0284329 -0.025348 0.00271882 -0.000943929 -0.00504142 -0.00560192 -0.00536324 -0.0247571 0.00814142 -0.00797163 -0.00770811 -0.00615425 0.0289452 -0.0135764 -2.19823e-05 -0.0093643 0.0222396 0.025467 0.0260011 0.0343687 0.00137544 -0.00886789 -0.000281336 -0.0114609 -0.0122152 0.0158302 -0.0139271 -0.00326626 -0.0032396 -0.00971888 -0.00447348 -0.0146132 -0.0123907 -0.0386971 -0.00153198 0.0119272 -0.0241862 -0.00333484 1.61218e-05 -0.0396919 -0.0324596 -0.0393715 -0.0224408 -0.0251248 -0.0158527 -0.00340124 0.0137465 0.000352039 -0.0117699 -0.0219134 -0.00527782 -0.00687699 0.015675 0.000502897 -0.00337177 -0.000545564 0.0127333 -0.0145348 -0.0115957 0.0504096 -0.00575995 0.0171166 -0.00901074 -1.35243e-05 -0.00393498 -0.0226562 0.00469202 0.0214723 0.0180822 0.00263676 -0.0102065 -0.00435651 0.0402861 -0.00708639 -0.00272012 -0.00391109 -2.7196e-05 -0.0143047 -0.00200776 0.0747077 
-0.00776557 -0.0223589 0.0222931 -0.0568928 0.0362938 -0.0738699 0.112972 0.0281143 -0.00218961 -0.0783214 -0.0134015 0.214032 0.0853906 -0.0111986 0.000262715 -0.00203353 0.037941 0.0192492 -0.00100483 -0.0177232 0.00038503 0.0540071 0.00217902 -0.0134211 -0.00993061 -0.0155179 -0.00269032 -0.00511827 0.00677351 -0.000250265 0.00869148 -0.00567592 -0.0258677 0.00620841 0.000403203 0.0480108 -0.0155129 -0.0286845 -0.0136632 -0.0179103 -0.00119997 -0.00589454 -0.0181499 -0.0224857 -0.00406166 -0.0589384 -0.0155511 -0.00379729 0.00455897 0.0201204 0.00104703 -0.00305926 -0.00400152 0.0903679 0.00072044 -0.00384906 -0.0151151 -0.00463386 0.00375882 0.0147748 -0.0155373 0.0115133 0.00669337 0.0398498 0.0784315 0.0551441 -0.0644683 -0.0141968 -0.0154173 0.00237705 -0.0376092 -0.0067358 -0.012869 0.0180337 -0.00490084 0.00560635 0.023592 0.032847 -0.00542045 -0.0350658 0.00685433 -0.0372373 -0.0226542 -0.00504688 5.64427e-05 0.00312097 -0.0467889 -0.000456808 -0.0325367 -0.00280353 -0.00204536 -0.0194155 -0.0482763 -0.000156967 -0.00259466 -0.0232799 -0.0030864 -0.0153982 -0.000834399 -0.0261025 
-0.00511372 -0.00613764 0.0253791 -0.0393185 0.0194 -0.0523835 0.061263 -0.00396183 0.0297671 -0.042363 -0.0106699 0.0853906 0.18022 -0.00948223 -0.000839538 -0.00301477 -0.0157309 0.00760553 0.00684898 -0.00898207 0.000314147 0.0280399 0.00641148 -0.0125951 -0.00986146 -0.0113769 0.00594715 -0.0150416 0.0168748 0.0112601 0.011115 -0.0032453 -0.0241066 -0.00283286 3.41233e-05 0.0618591 -0.0112336 -0.0251919 -0.0114158 -0.00463842 -0.00162994 -0.00468692 -0.0183035 -0.0151619 -0.00489967 -0.0461648 -0.011033 -0.00816343 0.00051121 0.0195146 -0.00262205 -0.00789444 0.000914671 0.0600552 -1.42795e-05 0.0083231 -0.0120553 -0.00144619 -0.000224841 0.0280595 -0.0146155 -0.000866361 0.00464791 0.0230886 0.0488651 0.0552149 -0.0608314 0.00148198 -0.00706846 0.000957294 -0.03682 -0.0047553 -0.0107593 0.00449934 -0.0016958 0.00216251 0.0227355 0.0137271 -0.000345106 -0.0233188 -0.000284014 -0.0306015 -0.0147365 -0.00382124 -0.000864143 -0.00350514 -0.0390111 -0.0058299 -0.0142802 -0.00255512 -0.000122084 -0.0166444 -0.0468149 0.00169738 -0.00204944 -0.0135157 0.00191293 -0.010577 -0.00109695 -0.0248769 
0.00121676 0.00317345 -0.00474419 0.0046073 -0.00285656 0.00758153 -0.0141885 0.00104088 -0.00399321 0.00056983 -0.00803225 -0.0111986 -0.00948223 0.0515633 -0.000137259 0.00125489 0.000723291 0.00169234 -0.0020767 -0.00135934 0.000156058 -0.00843 0.00632989 -0.000638699 0.00206203 -0.00187854 0.000929413 0.00680263 -0.0013437 -0.00130535 8.70596e-05 0.000559306 0.00272566 0.00100946 -0.000633886 -0.0114723 -0.00423579 -0.000465615 -0.000800091 -0.00389216 0.000128911 0.000641637 0.000202791 0.00583389 0.00410372 0.00941542 0.00623889 -5.10491e-05 0.00112309 -0.00273764 6.5739e-05 0.000240208 0.00219262 -0.00638768 0.000121183 -0.00423116 0.00865116 0.000113479 7.1601e-05 -0.00380837 0.00559516 0.00146829 -0.00645936 0.00127949 -0.00957578 -0.0125776 0.00319003 -0.00210425 -0.00130942 -0.000396915 0.00697954 0.000465446 -0.00167513 -0.000962724 0.000459175 8.72813e-05 -0.0179986 -0.00798557 0.00154815 0.00441725 -0.00355835 0.00221173 0.0033347 0.0021286 -0.00035523 -0.00159379 0.00720712 -0.00355371 -0.00394438 0.00131063 0.000770546 0.00187799 0.00401099 0.00136266 0.000265952 -0.000110672 -0.000877506 0.00204752 -0.00031538 0.000487603 
0.00149588 0.00342981 -0.00105741 -0.00202622 -0.000730044 -0.000631276 0.000322022 0.00385772 -0.0018581 -0.00521798 -0.00558899 0.000262715 -0.000839538 -0.000137259 0.0169717 0.000608223 0.00387374 0.000222029 -0.00058617 -0.000297711 -0.00193426 -0.00286402 -0.00174167 0.000536272 0.000624396 0.00125673 0.00144176 0.000574947 -0.00131246 -0.000129925 0.000839484 8.39316e-05 -0.00129306 0.00063478 0.000393551 -0.00183788 -0.000730166 -0.00126024 0.000571446 -0.00162635 1.30601e-05 0.000565646 -0.000517275 -8.92379e-05 9.10787e-05 -0.00151407 0.00126709 0.000220821 5.9681e-05 -7.38521e-05 5.24661e-05 0.00107083 0.000419869 -0.000711814 8.24414e-05 -0.00191588 -0.000787299 -7.96678e-05 4.05519e-05 0.00300142 0.000840886 0.00291734 0.0011549 -0.00156328 0.000220621 -0.00243084 -9.45758e-05 0.000261483 0.00219735 0.000294772 -0.00132927 0.000581855 0.000159636 -0.000145773 -0.000216117 -0.000137877 -0.00103315 -0.000114541 0.00178811 -0.00207584 -0.000672274 0.000278171 0.00143961 -0.00017573 -0.000158326 0.000501581 -0.00178862 -0.0018529 -0.00258319 2.73601e-05 -0.000242283 8.30018e-05 -0.00198784 -0.000235864 9.8852e-05 0.000692162 0.000592996 0.000970514 -8.02448e-05 -0.00167891 
5.74345e-05 0.00035355 -0.000258168 -0.0021253 -0.00215854 -0.000189399 -0.00395793 0.00288827 -0.00317281 -0.00348396 -0.00278799 -0.00203353 -0.00301477 0.00125489 0.000608223 0.0189468 0.000689638 -0.000855354 -0.00110388 -0.000542107 -0.00233132 -0.00414911 -0.00102278 0.000489899 -0.000526801 0.00172391 -0.000431325 0.00133801 -0.00169288 -0.00073986 -0.000173179 0.00179755 0.00172039 0.00113828 -5.08596e-06 -0.00229307 0.000407547 0.000908769 0.00106561 -0.00177249 0.000305835 0.00109973 0.000143782 -0.000143161 0.00118329 -0.00134386 0.00103161 0.00161294 0.000145646 0.000492955 0.000586614 0.0024932 0.00106215 -0.00123949 1.34346e-05 0.00107171 0.00307359 -0.00031717 -4.429e-05 0.00221931 0.00111653 -0.00178809 0.00328922 0.00148422 -0.0028164 -0.00314062 0.000475161 -0.000943572 6.30809e-05 0.000633462 0.00373888 0.00044672 0.00104146 0.000496761 -0.000107022 0.000184369 -0.00594771 -0.00274064 0.000696624 -0.00218415 -0.00121313 -0.000598586 0.00140262 -4.71968e-05 0.000335719 0.00034305 -0.00337466 -0.00141149 -0.00219798 0.000664166 0.000926232 0.000479341 -0.000844817 -0.000329337 0.000624948 0.00109417 0.000809189 0.00129668 0.000481452 -0.000453638 
0.00192126 -0.0159308 -0.00705149 -0.0121378 0.00110461 0.00197316 0.0261905 0.0672128 -0.0322506 -0.0489768 -0.0177918 0.037941 -0.0157309 0.000723291 0.00387374 0.000689638 0.191956 0.0243124 -0.0032743 -0.00608062 0.0056648 0.00924915 -0.0138286 -0.00599985 -0.00718645 0.00260174 -0.00994348 0.00692483 -0.000975459 -0.00310429 -0.0014876 -0.00294246 -0.0216514 0.00359666 0.00372437 -0.00292914 -0.0103455 -0.0104238 -0.0134469 -0.0199592 -0.00162616 0.00493945 0.00544738 -0.00864576 0.00108687 0.0108406 -0.00359397 -0.00196942 0.00358228 -0.00671593 0.00207688 0.00733381 -0.00610675 0.00523702 0.000104179 -0.017912 -0.0107916 -0.00494041 -0.00214272 0.009195 0.00464996 0.0417653 -0.0010014 0.00517389 0.0100368 -0.0228483 0.0198641 -0.0158615 -0.0093477 0.0027938 -0.0207252 -0.00233303 0.00494399 0.000435171 -0.00532946 0.000379322 -0.0107356 -0.0141945 -0.0042891 -0.0171945 0.00629983 0.00691934 -0.00960438 -0.00359029 0.00102233 0.00123719 0.00770619 -0.0171773 -0.0347542 -0.000826122 -0.00188336 -0.00749436 0.00462604 -0.00887326 -0.000704301 -0.0130384 -0.00466891 0.0223128 -0.00148277 -0.00381787 
0.0101355 -0.000305311 -0.0137043 -0.0296035 -0.0294217 -0.0102855 0.0195727 0.0144986 -0.0284527 -0.032231 -0.0237964 0.0192492 0.00760553 0.00169234 0.000222029 -0.000855354 0.0243124 0.184604 -0.0157285 -0.0091787 0.0246555 0.010681 0.00049929 -0.00150774 -0.0072768 0.0259048 0.00762495 0.00619318 0.0031127 -0.000390712 -0.0066208 -0.000548098 -0.0180523 -0.00131031 0.000899148 -0.0220521 0.0402229 -0.00657184 -0.0195837 -0.0292287 0.00171438 0.000113599 0.00434149 -0.0132198 0.00396302 -0.0151409 -0.00697819 -0.000317221 -0.00219134 -0.00895539 -0.00081525 0.0125521 -0.000566905 -0.00914745 -0.000555131 -0.013149 -0.000545351 0.00500419 -0.00246213 0.0105579 0.0089339 0.016982 -0.025927 -0.00448248 0.0248516 -0.0519503 0.0464134 -0.0152127 -0.00676757 -0.00165655 -0.0266872 0.00376743 0.00764816 -0.002757 -0.00102207 0.00203367 0.0283201 -0.0126386 -0.00291212 -0.0181086 0.0463032 -0.0186947 -0.00282248 0.00447399 -0.00287911 -0.00936648 -0.0350897 0.00824651 -0.0030635 -0.00206241 -0.00230657 -0.00066296 -0.015592 -0.0104278 0.00117403 -0.0172919 -8.47243e-05 0.0201694 0.000441722 0.0115248 
-0.010542 -0.0123835 -0.00230617 0.00303842 -0.0186816 -0.00400322 0.0101346 0.0258999 0.0244094 0.0370458 -0.0191511 -0.00100483 0.00684898 -0.0020767 -0.00058617 -0.00110388 -0.0032743 -0.0157285 0.179182 0.0120585 -0.0268345 0.0355203 0.0223887 -0.00416639 -0.00815791 -0.0080696 0.00105785 0.00351113 0.00938049 0.00836066 0.00171468 -0.00345894 -0.0233567 -0.0106258 0.00333863 -0.0101339 -0.0191822 -0.0160993 0.0292306 -0.00438305 -0.000840292 -0.00434272 -0.00962702 0.0106463 -0.00189622 -0.0068275 -0.011412 -0.00392006 9.66917e-05 -0.0144209 0.000316443 -0.00570115 0.00144377 -4.70711e-05 -0.000265239 -0.00455336 -0.00952388 -0.00216212 -0.00021109 0.0162473 -0.0235353 -0.011971 0.0206822 -0.029595 -0.0163829 0.0270164 -0.0478287 -0.00195198 -0.0117846 -0.00434234 -0.0183265 -0.00495372 -0.01082 0.00233258 0.00465036 0.000941071 -0.0113745 0.0363762 0.00154977 0.0121301 -0.00760219 0.00948464 0.016089 -0.00199833 0.00429434 0.0141055 -0.00165666 0.0132711 0.000668643 0.00140227 0.00259396 0.00097091 -0.0661458 0.0123276 2.97401e-05 -0.00606582 -0.00720582 -0.0239569 -0.00196702 -0.0122622 
-0.000734454 -0.00155486 -0.00168909 0.0153873 -0.000203746 -0.002736 -0.0202328 -0.0053846 0.00461067 0.00641726 0.00744715 -0.0177232 -0.00898207 -0.00135934 -0.000297711 -0.000542107 -0.00608062 -0.0091787 0.0120585 0.0768747 0.00022583 -0.00507953 -0.00125547 -0.000569279 0.000942739 -0.00126287 -0.00248851 -0.00405591 -0.00155675 -0.00212593 -0.00314495 -0.00126749 0.000468177 8.40425e-05 0.000284445 -0.00879937 -0.00380748 0.00574561 0.0121519 0.00807861 0.000578567 -0.000654462 0.00205741 -0.000699833 -0.00214887 0.00570448 -0.00480639 0.0037019 0.000536491 0.000276996 -0.000964988 0.00228571 -0.000980492 -0.00470424 0.000241579 0.0157225 -0.0037084 -0.000433116 -0.000119424 -0.00208332 -0.00870756 -0.00902427 -0.00797987 -0.00277486 -0.010812 -0.000218822 -0.00818891 -0.00292576 -0.00176666 0.00363315 -0.00105445 -0.00191119 -0.0039713 -0.00159607 0.000339475 0.000155128 0.00331468 -0.00399339 -0.00107906 0.0142737 -0.00276984 0.0109822 0.00468869 0.000940646 -0.000854678 -0.00171326 0.00587224 -0.00348 0.00334222 0.000166217 -0.00155785 0.00034974 -0.0142529 -0.000129967 0.00048927 -0.00241307 -0.000256336 -0.00917206 -0.000866112 0.00645666 
-0.00349154 -0.0172376 -0.00997475 0.0186062 -0.012896 0.0233259 -0.0134727 0.00419959 -0.0213106 -0.0154159 0.0284329 0.00038503 0.000314147 0.000156058 -0.00193426 -0.00233132 0.0056648 0.0246555 -0.0268345 0.00022583 0.151017 -0.0102206 -0.00633626 0.00432701 -0.0067494 -0.000626017 -0.00538341 -0.00124418 0.00240016 -0.00649761 -0.00301638 -0.00269027 0.00101595 -0.00380773 -0.000998226 -0.0244247 0.0200236 0.0130131 -0.00829906 -0.00055395 -0.00039929 -0.00342501 0.00422416 -0.00453946 -0.0012522 0.0264064 -0.00894145 -0.00201424 -0.000133416 0.000719 -0.00074554 -0.000301989 -0.00281122 -0.0145763 -0.00074736 -0.0189144 -0.00963025 0.00110055 -0.00151242 -0.0252498 -0.0129609 -0.0144147 -0.042505 -0.0138827 0.0227136 -0.0282176 0.0378044 -0.0114038 -0.00801766 -0.00719412 -0.0239888 -0.00156395 0.01007 0.00187438 -0.00230925 -0.00142895 -0.00169259 -0.0304859 -0.00517502 0.029092 0.0347175 0.0280241 -0.0119874 -0.000449507 -0.00238891 -0.008983 0.00911809 0.0144116 0.012263 -0.000126755 -0.00547271 -0.000989727 0.0182153 -0.00859454 -0.00121967 -0.0185394 -0.00570748 -0.0104781 -0.000484883 0.0330873 
-0.00665938 -0.0287598 0.00847735 -0.0372046 0.00486071 -0.0520448 0.0518494 0.00305144 0.000773935 -0.000189494 -0.025348 0.0540071 0.0280399 -0.00843 -0.00286402 -0.00414911 0.00924915 0.010681 0.0355203 -0.00507953 -0.0102206 0.225382 0.00920999 -0.00966715 -0.00944981 -0.0102928 -0.0127067 -0.0223278 0.00140058 0.00731079 0.0060294 -0.0069583 -0.0130546 -0.0121489 -0.000969909 0.0340497 -0.0225133 -0.00497458 -0.0155415 -0.0071343 -0.00260344 -0.00833133 -0.00829899 -0.0200951 -0.00936275 -0.0387038 -0.0141808 0.00319287 0.000877672 0.00751712 0.00181298 0.00437911 -0.00890159 0.0371622 -0.000360971 0.0154614 -0.00338855 -0.00174112 -0.00190953 0.00624332 -0.0157682 0.038558 0.0476418 0.0063012 0.0181764 0.0700414 -0.0524952 -0.0165989 -0.0241334 -0.0141985 -0.00951003 -0.00643406 -0.0136063 0.00719152 -0.000136249 0.00420252 0.0176662 0.0516433 -0.00356509 -0.0352767 0.0221167 -0.0280243 -0.0155129 -0.00622493 0.00308756 0.00863221 -0.0248673 -0.00427833 -0.01753 -0.00496459 0.000817873 -0.0023045 -0.0412428 0.0035374 -0.000328343 -0.0032959 -0.0070685 -0.0295491 -0.000780843 -0.041892 
-0.0013285 -0.0101933 0.0013722 -0.0115978 -0.00287928 -0.0117388 0.017685 -0.00240149 0.0258123 0.0302015 0.00271882 0.00217902 0.00641148 0.00632989 -0.00174167 -0.00102278 -0.0138286 0.00049929 0.0223887 -0.00125547 -0.00633626 0.00920999 0.115595 -0.00531576 -0.00263447 -0.00227516 0.00563561 0.000600056 0.00568297 0.0143648 0.00653096 -0.00199449 -0.0065073 -0.00298502 -3.82813e-05 -0.014366 -0.00660776 -0.0040082 -0.00165743 -0.00455978 -0.000793813 -0.00314139 -0.0066273 0.00240727 -0.00159893 -0.0107864 -0.0008814 -0.00206392 -0.000121047 0.000328476 0.00135381 -0.0063077 -0.00155395 0.0165306 -0.000262406 -0.00907014 -0.001099 -0.000523073 0.000762616 -0.00643069 -0.00679964 -0.00369944 0.00464602 0.000449607 -0.0219564 0.0175216 -0.0258281 -0.0036745 -0.00580527 -0.0045108 -0.0084974 -0.00173298 -0.00755165 -0.0001929 0.00162395 0.00443764 -0.0294114 0.0151828 0.00013145 0.000595111 -9.33904e-05 -0.00689103 0.000769076 0.000180053 0.00028854 -0.00219987 0.001316 -0.000456332 -0.0127063 -0.00041675 0.00129462 -0.00782259 -0.00920534 0.00483491 -0.00078843 -0.00779395 -0.00238315 -0.00989087 -0.000569921 0.00154146 
0.00271123 0.00153813 -0.00373595 0.00886024 -0.00825332 0.0114244 -0.0140746 -0.00350109 -0.00281663 0.00757141 -0.000943929 -0.0134211 -0.0125951 -0.000638699 0.000536272 0.000489899 -0.00599985 -0.00150774 -0.00416639 -0.000569279 0.00432701 -0.00966715 -0.00531576 0.056237 0.00216676 0.00546075 -0.000833796 -0.00133253 -0.00650214 -0.00212116 -0.000967846 -4.9464e-05 0.000126548 -0.00115869 0.000132373 -0.010746 0.00596057 0.00669179 0.000963868 -0.000261903 0.000761632 -0.000142193 0.0010816 0.000858267 -0.000518018 0.00913445 -0.00181923 -0.00120263 -0.000354795 -0.00512104 0.000586023 -0.00139909 0.00200238 -0.0108685 -0.000195434 -0.00628475 0.00288789 -0.000112129 -1.38937e-05 -0.00409714 0.00201079 -0.000823828 -0.00340351 -0.0114592 -0.00574522 -0.0139729 0.0105837 -0.000503941 0.0016152 -0.00131312 -0.000226437 0.000190782 0.0141696 -0.00189253 0.000885636 0.00043875 -0.00538538 -0.00266833 0.00160462 0.00783633 -0.000136937 0.00632615 0.00285281 0.000339303 0.000559007 -0.000569963 0.00592364 -0.001439 -0.00127046 -9.42148e-05 -0.00210043 -0.00302686 0.00910387 -0.000163872 0.000958368 -0.00223899 -0.000833323 -0.000390665 0.00010233 0.00495657 
-0.000224895 0.00913242 -0.00192986 -0.00182422 0.00539517 0.00397176 -0.0119695 -0.00591553 0.00335629 0.0011633 -0.00504142 -0.00993061 -0.00986146 0.00206203 0.000624396 -0.000526801 -0.00718645 -0.0072768 -0.00815791 0.000942739 -0.0067494 -0.00944981 -0.00263447 0.00216676 0.0551291 -0.00233914 0.0043645 0.00546192 -0.0041516 -0.00280463 0.000911713 0.000213051 0.00900554 0.000217004 0.000124707 -0.0101095 0.000260142 -0.00377603 -4.70169e-06 0.000305194 2.02109e-05 0.000243778 0.000465919 0.00332384 -0.00127446 -0.00038915 0.00372425 -0.000217388 0.000552925 -0.00434509 0.00131008 -0.00286468 0.00322455 1.02519e-05 8.38051e-05 -0.00412693 0.00986957 -0.000303996 0.000902444 -0.00543443 0.0116067 -0.0100146 -0.00934675 -0.0114135 -0.00914085 -0.0104878 -0.00144667 0.000362045 0.0114562 0.00736726 0.0036585 6.18503e-06 0.00110763 -0.0017536 0.00331297 0.000280001 -0.00467821 -0.00363534 0.00339192 -0.000803236 -0.00368038 -0.00477433 0.004656 0.00205336 -0.000465885 0.00043982 0.012613 0.00478831 0.00223694 0.000191861 -0.00119007 0.00382987 -0.00333956 0.00237571 0.000302222 0.00586512 0.000300983 -0.00164055 -0.000743115 -0.00136649 
0.00850918 0.00442706 -0.00792926 -0.0136421 -0.0120924 -0.00593012 -0.0179973 0.000146997 -0.0109658 -0.0139454 -0.00560192 -0.0155179 -0.0113769 -0.00187854 0.00125673 0.00172391 0.00260174 0.0259048 -0.0080696 -0.00126287 -0.000626017 -0.0102928 -0.00227516 0.00546075 -0.00233914 0.087021 0.00470533 -0.00381072 -0.00704901 0.00404336 0.00355967 0.00400086 0.00199759 0.00212752 0.00246558 -0.00914331 0.0251667 -0.00179836 -1.08697e-05 -0.0100539 0.000636228 0.00548384 -0.00427341 -0.00797953 5.62262e-05 -0.0102814 -0.00167589 -0.00247996 -0.00146945 -0.00271289 0.000440868 0.000493825 0.000841885 -0.0176142 -0.000150701 -0.00910534 0.000397135 -0.000791475 -0.00113726 0.0260297 0.00988718 -0.00446114 0.00474986 0.000793346 -0.0011541 -0.0204248 0.0211673 -0.00377553 0.00370967 -0.000312943 0.00664602 0.00635519 0.0138581 -0.00356882 0.000397126 0.000680571 0.00545482 -0.00637042 -0.00160419 -0.0149096 0.00691027 -0.00487483 0.00322835 0.000831639 -0.000750045 -0.00495109 -0.0186268 -0.00456968 -0.00372823 -0.000778951 -0.00101359 -0.00600052 0.00584601 -0.00430202 0.00288764 0.000851257 0.00467987 0.0222786 -0.000590669 -0.000662189 
-0.000240876 0.00794898 0.00350187 -0.0091989 0.000565069 -0.00429231 0.0047742 -0.00746611 -0.00393151 -0.00950173 -0.00536324 -0.00269032 0.00594715 0.000929413 0.00144176 -0.000431325 -0.00994348 0.00762495 0.00105785 -0.00248851 -0.00538341 -0.0127067 0.00563561 -0.000833796 0.0043645 0.00470533 0.0673111 0.00124035 0.00288751 -0.000330687 -0.000900745 0.00144469 -0.00133695 -0.00220788 0.000136239 -0.00383036 0.0088882 -0.0051134 -0.00328631 -0.00294381 0.000904056 -0.000331322 -0.00368576 0.000222547 -0.000699811 -0.0096928 0.00117633 -0.00177102 9.16527e-05 -0.00244381 -0.000723088 -0.0021231 0.00308544 -0.00100961 -0.000117468 -0.00323065 -0.00259732 -0.00137589 0.000450419 0.00283743 -0.000989472 -0.0128724 -0.0101621 -0.00701084 0.0129011 -0.0073412 0.00258852 0.00295902 0.0144192 0.000640155 -0.00766253 0.00160904 -0.0023577 5.31884e-05 0.00388188 0.00105817 0.0112282 -0.00317717 0.00323528 -0.00244168 -0.00351393 -0.00704017 0.000763883 0.00424739 -0.000856243 -0.000994404 -0.00685222 0.00382464 0.00456306 -0.00102321 -0.00105016 -0.00438867 -0.00629358 0.000685134 -0.000193039 -0.00562957 -0.00109549 -0.00389719 -0.000789187 0.0140255 
-0.00172059 0.016225 -0.00719248 0.0184917 -0.0103987 0.0111248 -0.0143283 0.00877618 -0.012724 -0.0217054 -0.0247571 -0.00511827 -0.0150416 0.00680263 0.000574947 0.00133801 0.00692483 0.00619318 0.00351113 -0.00405591 -0.00124418 -0.0223278 0.000600056 -0.00133253 0.00546192 -0.00381072 0.00124035 0.112664 -0.0041795 -0.00222621 0.00384242 0.00461667 -0.0130172 -0.00338808 0.00184308 -0.0173499 -0.00399236 -0.011607 -0.00670096 -0.0140201 0.000342067 0.00241676 -4.14916e-05 0.0422642 0.0129465 0.0320876 0.0172656 -0.00356203 -0.00112213 -0.00226376 -0.000363753 0.000446515 0.00298674 -0.0214946 0.000455953 -0.0136454 0.00965724 0.00137271 7.92301e-05 -0.00244187 0.0212458 0.00385483 -0.0160612 -0.0202776 -0.00126776 -0.0338425 0.0245993 -0.00196374 0.00788832 0.0116172 0.0128478 0.0014439 -0.00726592 0.00475736 -0.00118688 -0.000631947 -0.0314684 -0.0115771 -0.000779338 0.00361223 -0.00395158 0.00178554 -0.00335998 0.00336838 -9.22837e-05 0.00715512 0.00329427 -0.000737637 -0.0126415 0.00226423 0.00103588 0.0123206 -0.0212344 -0.00419456 -8.87285e-05 -0.0104956 -0.00366425 -0.00473955 0.000871102 0.00218236 
-0.00483258 -0.00199657 0.0101485 -0.0105988 -0.0100603 -0.0112018 0.0163298 -0.0120403 0.0148104 -0.0022202 0.00814142 0.00677351 0.0168748 -0.0013437 -0.00131246 -0.00169288 -0.000975459 0.0031127 0.00938049 -0.00155675 0.00240016 0.00140058 0.00568297 -0.00650214 -0.0041516 -0.00704901 0.00288751 -0.0041795 0.114019 0.00642176 -7.5848e-05 -0.00157123 0.00204119 -0.00389494 -0.000187052 0.0120281 -0.00159888 0.00707735 -0.00272013 0.00559001 -5.61456e-05 -0.00193258 -0.00329911 -0.00919878 -0.0043559 -0.0217264 -0.00114006 -0.00267982 -0.00171028 0.00518894 -0.00125896 -0.00474292 -0.00218154 0.00453077 -0.000102966 0.00470133 -0.00890489 -0.000761836 -0.000856428 -0.00710079 -0.00904205 -0.0153218 0.00323741 -0.00342479 -0.00422139 0.0110474 -0.0126075 0.00311046 -0.00544443 -0.00219424 -0.0160124 -0.00138712 -0.00794906 -0.00185141 0.00222193 -0.000406571 -0.000856459 -0.0103004 0.00214642 0.00204139 -0.000939474 -0.0120084 -0.00608687 0.000855181 -0.000180425 0.00149955 -0.00865119 0.000464244 0.00552596 -0.000901505 0.00441876 0.00216058 -0.0055164 -0.00207757 -0.00123967 0.00104386 -0.000561752 -0.00619152 -0.000969287 0.000800845 
-0.00038411 -0.00509853 0.00194154 -0.00961337 -0.00648236 -0.00929117 0.00288382 -0.0040185 0.0162483 0.00943473 -0.00797163 -0.000250265 0.0112601 -0.00130535 -0.000129925 -0.00073986 -0.00310429 -0.000390712 0.00836066 -0.00212593 -0.00649761 0.00731079 0.0143648 -0.00212116 -0.00280463 0.00404336 -0.000330687 -0.00222621 0.00642176 0.0557766 0.00332384 -0.000296444 -0.00219502 -0.00151377 0.00135843 -0.000795582 -0.00387444 -0.00536115 -0.00213061 0.000610834 -0.000600446 0.000158141 -0.00327348 -0.00247618 -0.000270999 -0.00957288 -0.00128687 -0.00135756 -0.000574229 -0.000427269 -0.000647218 -0.000986739 -0.000847001 9.62456e-05 -0.000132549 0.00659897 -0.0001925 -7.55279e-05 -0.000280807 0.00346468 -0.0048936 -0.00878423 0.0182628 -0.00120608 -0.00981816 0.0204141 -0.0223685 0.00744017 -0.000269459 -0.000985753 -0.00389137 -0.000442151 -0.00229025 0.000612739 0.00120813 0.000807534 -0.00523429 0.0100633 -5.3472e-05 -0.00459494 0.00147432 -0.00761825 -0.00191152 -0.000469891 0.000570997 -0.000770707 -0.00863085 -0.000955066 0.00557346 0.000232562 4.02749e-05 -0.00506873 -0.00926599 -0.000472781 0.000463446 -0.000345353 0.000916791 -0.00723742 0.000103217 -0.0102069 
0.0026047 0.000719904 0.00205005 -0.00805187 0.0117496 -0.00940505 0.00692495 -0.00531814 0.00319293 -0.0131764 -0.00770811 0.00869148 0.011115 8.70596e-05 0.000839484 -0.000173179 -0.0014876 -0.0066208 0.00171468 -0.00314495 -0.00301638 0.0060294 0.00653096 -0.000967846 0.000911713 0.00355967 -0.000900745 0.00384242 -7.5848e-05 0.00332384 0.0512824 0.000634883 -0.00307141 0.00114818 0.00156671 0.0014607 -0.00263339 -0.00471075 0.00165695 -0.00487098 -0.000432417 0.00106628 -0.00413478 0.000905847 -0.000204592 -0.00741553 0.00493327 -0.00203548 0.00229195 0.00476665 0.000253841 -0.00073343 0.00209625 0.0063288 0.000166617 -0.00457988 -0.00170878 -0.00123808 4.42779e-05 0.00377703 0.00895909 -0.00395037 0.00678303 -0.000174441 -0.000382412 0.00925641 -0.0149178 -0.00273778 0.00200343 0.00345379 -0.00131396 -0.000375843 -1.41581e-05 -5.73107e-05 -9.37477e-05 0.000371044 -0.0188815 0.00555437 -0.000561092 -0.007534 0.000230991 -0.00755019 -0.00175021 -0.000525581 0.00214861 0.00196336 -0.00446165 -0.00399145 -0.00712756 0.000440979 0.00188067 -0.00178511 -0.0123634 0.00267575 -5.64075e-05 -0.00148845 -0.00201033 -0.00255427 0.000749974 -0.0102644 
-0.000615388 0.00471802 -0.000274829 -0.00274596 -0.000997861 -0.00142792 -0.00580569 -0.00185797 -0.00474641 -0.00433946 -0.00615425 -0.00567592 -0.0032453 0.000559306 8.39316e-05 0.00179755 -0.00294246 -0.000548098 -0.00345894 -0.00126749 -0.00269027 -0.0069583 -0.00199449 -4.9464e-05 0.000213051 0.00400086 0.00144469 0.00461667 -0.00157123 -0.000296444 0.000634883 0.0245344 0.000401337 0.00123121 -0.000215453 -0.00330946 0.00083931 0.00126402 -0.00129149 -0.00194119 -0.000113875 0.00216411 0.000191709 0.00426987 -2.16653e-06 0.00303676 0.0094979 -0.000800601 -0.000374777 0.000235004 -0.000215763 0.000145661 0.00256619 -0.00403787 -2.71357e-05 -0.00184636 0.00349052 2.42565e-05 -4.8928e-05 0.00278417 0.00630074 -0.00509331 -0.0021984 -0.00219501 -0.00246922 -0.00666456 0.00430032 -0.000492219 0.00415971 0.00223403 0.00987087 0.002218 0.000500633 -0.000591385 -0.000229039 9.64971e-05 -0.00724348 -0.0034771 0.00043237 -0.00171285 -0.00121485 -0.0026686 -3.71709e-05 7.28217e-05 0.000113222 0.00184795 -0.00276932 -0.00158363 -0.00182657 -9.72187e-05 5.87738e-05 0.00319364 0.00198453 -0.0010676 0.000454626 0.00192097 0.00171218 0.00384984 -0.000199416 -0.00234695 
-0.00646486 -0.00569336 -0.00711176 -0.0128552 0.0234162 -0.00819849 -0.0192034 -0.0264491 0.0144093 0.0234693 0.0289452 -0.0258677 -0.0241066 0.00272566 -0.00129306 0.00172039 -0.0216514 -0.0180523 -0.0233567 0.000468177 0.00101595 -0.0130546 -0.0065073 0.000126548 0.00900554 0.00199759 -0.00133695 -0.0130172 0.00204119 -0.00219502 -0.00307141 0.000401337 0.147077 -0.0053308 -0.00188809 -0.00331949 0.0165741 0.030512 -0.00235161 0.028563 0.00141169 -0.00382216 0.00031272 -0.0159456 -0.00469864 -0.014389 0.00210719 0.00596604 -0.0015697 -0.00501106 0.00014294 -0.000468756 -0.00337642 -0.016401 -3.21001e-05 0.0174517 0.0121322 -0.0022116 0.000701371 -0.0219937 -0.00160507 -0.0283522 -0.00845296 -0.0192322 -0.0299153 0.00278718 0.00946004 0.000875972 -0.00421461 -0.00215072 0.00905629 0.003362 0.00267054 -0.00437141 -0.00137757 0.00027589 -0.00496935 -0.0212472 -0.00393465 -0.00576596 0.000125485 -0.0117711 -0.00619572 0.00360692 -0.00097741 -0.00520913 -0.000565533 0.0100037 0.0269092 -0.00211712 -0.00702825 -0.00264286 0.0424594 -0.00245277 -0.000269853 0.0143065 0.008863 -0.00680337 0.000783623 0.0156785 
0.00337525 0.00357635 -0.00107224 -0.00719937 -0.00450294 -0.00576398 -0.00261648 0.0035323 -0.00130676 -0.0213167 -0.0135764 0.00620841 -0.00283286 0.00100946 0.00063478 0.00113828 0.00359666 -0.00131031 -0.0106258 8.40425e-05 -0.00380773 -0.0121489 -0.00298502 -0.00115869 0.000217004 0.00212752 -0.00220788 -0.00338808 -0.00389494 -0.00151377 0.00114818 0.00123121 -0.0053308 0.0705352 -0.000418698 0.00585876 0.00332589 -0.00204251 -0.00274094 -0.00277822 -0.000440786 0.00643057 0.00642368 -0.00328902 0.003564 -0.0151527 -0.00217067 0.0018254 0.000705209 0.00177684 0.000458061 0.00341132 0.00206809 0.0152953 0.000326214 -0.00144113 -0.000180886 -0.00126288 0.000877221 0.00454116 0.00450533 0.00756572 -0.00711266 0.0165443 0.0117537 -0.00110536 -0.0097515 -0.000369643 0.00435768 0.000103763 -0.00510883 -0.000286545 -0.00121253 -0.000480511 0.000158077 -0.000896683 -0.00789695 -0.00827075 0.0013124 -0.00678751 -0.00206083 -0.00435633 3.52949e-05 -0.000102298 -0.000460334 -0.00244639 -0.00123503 -0.00129399 -0.00672301 0.00105728 1.20342e-05 -0.00528803 -0.00226607 -0.00050878 -0.00026886 0.000335906 0.000583798 0.0134186 -0.000221439 -5.73536e-05 
0.000974106 -0.000571316 -0.0012596 -0.000349773 -0.000225151 0.000526735 0.000515988 0.00308832 -0.00142996 -0.00194075 -2.19823e-05 0.000403203 3.41233e-05 -0.000633886 0.000393551 -5.08596e-06 0.00372437 0.000899148 0.00333863 0.000284445 -0.000998226 -0.000969909 -3.82813e-05 0.000132373 0.000124707 0.00246558 0.000136239 0.00184308 -0.000187052 0.00135843 0.00156671 -0.000215453 -0.00188809 -0.000418698 0.0167144 -0.00136961 0.000906557 -0.00110346 0.00104034 0.000279811 -6.33187e-05 0.00019521 -0.000673747 -0.000626847 -0.000125364 -0.00133458 -0.000779565 -0.000535852 -0.000142244 -0.000999855 0.000239945 0.000901986 -0.000143732 -0.000699337 -7.95252e-06 -0.00137585 -0.00127493 -0.000250242 -0.000102661 0.00218457 -0.00045573 -0.000581369 -0.00223688 -0.00311547 -0.00126213 -0.00242103 -6.18791e-05 -0.000147094 9.62303e-05 0.00105476 -0.00264401 0.000272246 0.000212234 -0.000322731 0.000116119 0.000144355 -0.00164156 -0.00137745 -0.000166221 0.00115812 0.000460333 0.000174381 0.000787529 0.000376057 -0.000176009 -0.000842259 5.85303e-05 -0.000821876 -0.00130113 0.000125385 -0.000205464 -0.00128557 -0.00354194 -0.000491846 0.000172723 -0.00086934 -0.000160649 -0.00104073 -0.000194442 0.000645635 
