0.0758102 -0.00156282 -0.000571107 -0.0107486 -0.00544282 0.0134575 -0.0040692 0.00204451 -0.00510172 -0.00279873 -0.00766192 0.00364662 -0.00180163 -0.00616924 -0.00599902 0.0022701 0.00424781 -0.00626031 -0.00612319 0.000161685 0.00191795 0.00307139 0.000415654 -0.00269291 -0.0112422 0.00511925 0.0168636 0.0063373 -0.00599975 -0.00512967 -0.000378222 0.00653269 -0.000664441 -0.0120039 0.012625 -0.00022979 -0.00194671 0.00280293 -0.00590244 -9.21138e-05 0.00294742 -0.00893959 -0.000493564 -0.00239308 -0.00321078 -0.000869049 -0.00340619 -0.00173653 0.0110102 -0.00542166 -0.00330753 0.00331008 0.00126411 0.0040307 -0.00200876 -0.00173467 -0.0136492 0.00552208 -0.00158939 -0.00111138 0.000706195 -0.00651464 0.000323545 -0.00328621 -0.00301654 0.00272004 -0.0109007 -0.012962 -0.00117592 -0.0025241 -0.000478243 -0.0074515 0.00284008 -0.00126338 0.00257997 -0.00615924 0.0153086 0.00491003 -0.00265514 -0.0172391 0.00161754 0.0152416 0.00838586 -0.00217938 -0.000641988 -0.00111281 -0.0061024 0.00637651 -0.0019918 -0.00451868 -0.000263047 0.00164645 -0.00469139 -0.00592639 0.00083175 0.000723418 -0.00110531 0.00165619 0.00549507 0.00785212 
-0.00156282 0.0367107 0.00303072 0.00408968 0.00636968 0.000642268 -0.000420401 -0.000633193 -0.000265891 0.000658404 -0.00297577 -0.0002269 0.00128319 -0.000952989 -0.00241275 0.00260322 -0.000782966 -0.00419041 -0.00181585 -0.00067932 0.00203301 0.000616876 0.000960011 0.00463262 -0.0038755 0.00424372 0.000250926 -0.000566565 0.0059322 -0.00262441 -0.000546707 0.00452842 0.000442864 -0.00205484 0.000518326 -0.000176825 0.000181383 -0.00161259 -0.00166203 0.00388543 0.000552731 -0.00016508 0.000316953 0.00029845 -0.000772289 -0.00138029 0.00218297 7.88544e-05 -0.00479048 -0.00488926 -0.00231093 -0.00626431 0.00192779 -0.00236408 -0.00132552 -0.000456415 0.000848994 -0.00413989 0.00122757 -0.00662767 0.000243232 -0.00226649 -0.000295176 -0.00645832 -0.000690398 -0.00100924 -0.0017544 0.00930371 -0.00127595 0.000390345 -0.00110338 0.00539928 -0.00252535 -0.000533703 0.000368889 0.00536274 -0.00430169 -0.0025632 0.00060256 -0.00412325 -0.0030258 0.00179441 -0.00314669 -0.000609544 -0.00469874 0.000123583 -0.00116692 -0.000540802 -0.000318694 0.000563217 -0.000496204 0.00054084 -0.00464881 -0.0026572 0.000382641 -0.000234748 -0.000998685 0.000176637 0.00144088 -0.000772566 
-0.000571107 0.00303072 0.0255063 0.0123028 0.00928386 -3.41231e-05 0.00354075 0.00158357 0.00445955 0.00656953 -0.00191836 1.24188e-05 0.0015589 0.0027443 -0.00136467 -0.000885365 -0.000115291 -0.00657847 0.00124372 -0.000488278 -2.35585e-05 -0.00126431 5.72403e-05 -0.000581492 -0.00194479 -0.000364846 0.00196379 -0.000341338 0.00145603 -0.00110702 0.0010676 0.000329537 0.000838209 -0.00667445 -0.00976002 -0.000625796 -0.000697053 -0.000497921 -0.00230287 -0.00201407 -0.000164918 -0.00240654 -6.12187e-05 0.000257724 -0.000704443 -0.000828964 0.00562325 -3.53337e-05 -0.00624873 -5.55434e-05 -0.000408788 -0.00610574 0.000505684 0.00124349 -0.00136562 0.00134538 0.00342336 -0.00335022 -0.000112083 -0.0063005 0.000122675 0.00116908 -0.000242818 -0.00438499 -0.00101826 -0.00015591 -0.00340689 0.00991561 0.00052659 -0.000411435 0.00305625 0.000833991 -0.00747191 4.26472e-05 7.27676e-05 0.00165379 -0.00901938 -0.00260355 0.0048924 -0.000843785 -0.00222087 -0.00143574 -0.00350366 0.00067559 -0.00416119 -0.000194609 0.0067503 -0.00014738 7.20045e-05 0.000583029 0.000550504 -0.000268459 -0.00334228 -0.00363974 -0.000291371 -0.000253946 -0.00191951 -0.000335634 -0.000966727 -0.000321055 
-0.0107486 0.00408968 0.0123028 0.18891 0.044074 -0.00117866 0.030423 0.00264503 0.0316469 0.0240422 0.0186895 -2.78521e-05 0.0175035 0.0299808 -0.0171196 -0.0185014 0.000951444 -0.0411018 0.0184582 -0.00840967 -0.00964838 0.00875379 6.6607e-05 -0.00331587 0.00268861 -0.0110673 0.00958998 -0.00271849 0.0261748 -0.000621424 0.00148589 0.00236729 -0.000526037 -0.048811 -0.084126 -0.00320957 -0.0101196 -0.00942518 -0.0184884 -0.00357193 -0.00039671 -0.00979746 0.00132605 0.00277439 -0.00402483 -0.00765246 0.0192819 0.0103441 -0.0286088 0.0114782 -0.000376437 -0.0294514 -0.00185407 0.0103483 -0.0203899 0.0113275 0.0288407 -0.0430551 -0.00040553 -0.00493447 -0.00724084 0.0320439 -0.00107924 -0.0150112 -0.00562528 -5.7471e-05 -0.0299037 0.0640879 0.00284645 -0.00503138 0.0127795 0.00493952 -0.0623514 0.00337134 -0.00163801 -0.00930202 -0.0577023 -0.018002 0.0251927 -0.0196892 -0.0048017 -0.0139898 -0.0376943 -0.00537853 0.00432309 -3.57487e-05 0.0386182 -0.00193399 0.0135216 0.00596848 8.20381e-06 0.00295285 -0.0061866 -0.0188804 -6.02808e-05 -0.00517116 -0.0141534 0.00123701 -0.00716286 0.0193104 
-0.00544282 0.00636968 0.00928386 0.044074 0.224588 -0.00336712 0.0115484 -0.00061583 0.00949862 0.0460708 0.0305422 0.00912905 0.00519614 0.0211399 0.0268012 -0.000214121 -0.00565807 -0.0521718 0.0139841 -0.00289957 -0.000783352 0.0220583 -0.00639019 -0.00676556 -0.0295227 0.0343804 0.0204946 -0.00337181 0.0203743 -0.00669417 0.012183 0.00368204 -0.00467779 -0.0493075 -0.023011 -0.00659521 -0.00904491 -0.0037208 -0.0175332 0.00132039 0.000637274 0.00368666 -0.00608902 0.000959138 -0.00286289 -0.00446269 0.0217859 -0.000263878 -0.0266144 -0.0160275 -0.0126137 -0.0593484 -0.0152991 0.00345684 -0.00588472 -0.00351057 0.0337071 0.0196158 0.00757504 0.0109169 -0.0104655 -0.0121915 -0.00267642 -0.0458924 0.000614734 -0.00429569 -0.0338074 0.0896287 -0.00300883 -0.00732648 0.0262382 -0.0140838 -0.0386352 -0.0033337 0.000454676 0.00414421 -0.0610899 -0.0514469 0.000371773 -0.0138834 -0.0235252 -0.0138283 0.0139079 -0.00936303 -0.0205944 -0.00337274 0.00718392 -0.0112705 0.00342105 0.0228805 0.00802509 0.000431728 -0.0262074 -0.0180415 -0.00372744 -0.00838589 -0.00511152 -0.004559 -0.00854477 -0.00292877 
0.0134575 0.000642268 -3.41231e-05 -0.00117866 -0.00336712 0.0779985 0.00253451 0.00428316 -0.00899762 0.00466747 0.00837372 0.0103331 0.00364387 -0.00296523 -0.0110107 -0.00548425 -0.00121073 -0.0022561 0.0131996 -0.0020633 -0.00520629 -0.00102681 0.00256575 -0.00103558 0.00600098 -0.0185208 0.00360788 -0.000751484 -0.00449659 -0.00520936 -0.00237632 0.00130096 -0.00121043 -0.0164111 -0.0157385 0.00123637 -0.000553023 -0.00136373 -0.00316692 -0.00281047 0.00349816 -0.00949995 0.00919644 0.00191429 -0.000673749 -0.00309745 0.00314041 0.00173894 -0.00703157 0.000835253 -0.00234448 -0.012249 -0.00197667 0.00201111 -0.00647524 -0.00471594 -0.00680282 -0.00970276 -0.00297969 -0.0174336 -0.0017949 0.0240735 -0.000470407 -0.0131589 -0.00282946 0.000389713 -0.0117541 -0.00399872 -0.00131847 0.00199183 0.00252113 -0.00163518 -0.00882204 7.44857e-05 0.00237664 -0.00832533 -0.00571997 -0.00935516 0.0101901 -0.00147323 -0.0062689 -0.00235992 -0.00611381 0.00366396 0.0149448 0.000176617 0.0180738 0.00741413 0.0110731 -0.00652988 0.000720452 0.00135456 0.00445129 -0.00981689 -0.001656 0.00354622 0.000775044 0.00243524 -0.00206793 0.0224707 
-0.0040692 -0.000420401 0.00354075 0.030423 0.0115484 0.00253451 0.0954001 0.00426956 -0.00200077 0.00625894 0.0219713 0.00798404 0.0119411 1.86158e-06 -0.00201486 -0.00498726 0.00241561 -0.0236441 0.0276907 -0.00301125 -0.00670084 0.00194536 0.000947184 -0.00287668 0.00547703 -0.0128169 -0.019149 -0.00307086 -7.28156e-05 -0.00319649 -0.00288525 -0.00118063 -0.0010467 -0.0135345 -0.0396937 -0.00194789 -0.00266354 -0.00519163 -0.0041451 -0.00458698 0.00120685 -0.00513793 0.0118355 -0.000847831 -0.00306625 -0.00554072 0.00238194 0.00213334 -0.0251453 -0.0139389 0.0018348 -0.0195036 -0.00200083 0.00716566 0.000799316 -0.00326467 0.0203623 -0.0135003 -0.00173004 -0.00457265 0.002784 0.025915 -0.000446757 -0.0160142 -0.0030763 -0.00138875 -0.0112559 0.0286849 -0.00241628 -0.00423645 -0.00453885 -0.0128015 -0.0322211 -0.000649511 0.000146272 -0.00610272 -0.0317354 -0.0159061 0.0400893 0.00152947 -0.00444941 -0.00903348 -0.0164057 0.00939976 0.0156156 -0.000811965 0.0130344 -0.000138974 0.0253601 0.0132687 0.00378995 -0.00139041 -0.00936161 -0.0158939 -0.00166654 -0.00198455 -0.00638494 0.00062808 -0.00804304 0.0191961 
0.00204451 -0.000633193 0.00158357 0.00264503 -0.00061583 0.00428316 0.00426956 0.0403772 0.0104461 0.00137959 -0.00264711 0.00105837 -0.00123317 -0.000508456 0.000456022 -0.00052488 0.00308763 -0.00673002 -0.00156111 0.000925668 -0.00124214 4.19979e-05 0.00329115 -0.000483629 -0.00262796 -0.00537567 -0.00190403 1.56381e-05 0.000843732 -0.00511074 -0.000888385 -0.000240037 0.000530495 -0.0108989 -0.0133141 -0.000346944 -0.00130752 0.000462407 -0.00281373 -0.00206916 -5.70881e-05 0.00439077 -2.78561e-05 0.000898492 -0.000328398 0.00130375 0.00278025 0.00376477 0.000838361 -0.000727818 0.000562642 -0.00607821 0.00759484 0.00303114 -0.000935568 0.00371095 0.00357343 -0.00687085 -0.000414499 -0.0101519 -0.0008185 0.00235867 -0.000165259 -0.00348623 0.00113608 0.00254805 -0.000770396 -0.00178842 0.00429158 6.04777e-05 0.000616669 -0.0038233 -0.0105294 0.000457807 0.00162083 -0.00175047 -0.0130602 -0.00220353 0.000818337 -0.00768878 0.0034822 0.000285493 -0.000578092 -0.00150894 -0.000651248 0.000119547 0.00171986 0.00298482 -0.000376041 -0.000770056 -0.000106252 0.000906088 -0.00296574 -0.00208785 0.000774277 0.000361945 -0.00106758 0.00245922 0.00186855 0.00580353 
-0.00510172 -0.000265891 0.00445955 0.0316469 0.00949862 -0.00899762 -0.00200077 0.0104461 0.142341 0.00251846 -0.00369165 -0.000751323 0.00172282 0.0215102 0.0192948 -0.00672945 0.00106683 -0.0439756 -0.0133795 -0.0028164 -0.00917126 -0.00446985 -0.00160327 -0.00150635 -0.0259383 0.020122 -0.00935887 0.00479267 1.61975e-05 -0.021548 0.00664881 0.000262459 -0.00155489 0.0140644 -0.00352733 -0.00370491 0.000509065 -0.00190705 -0.00374985 0.000439744 -0.00203801 0.000138062 -0.00939989 0.000586817 -0.00625456 -0.00331517 0.00233751 0.00848729 0.0425403 -0.0160516 0.00232231 0.0388196 0.0183063 0.0187906 -0.00779836 0.0227754 0.0265888 -0.0279307 -0.00106915 -0.0303089 -0.00812433 -0.0277534 0.00069824 0.018155 -0.004054 -0.00204966 -0.00606495 0.00526257 0.0119386 -0.0111084 0.00543818 0.0166863 -0.0300921 -0.00100649 0.00100268 0.00252638 -0.0281359 -0.0112503 -0.0127041 -0.0207439 0.0351701 0.00862202 -0.0220144 -0.0105745 -0.03193 0.00705038 -0.017292 -0.00594444 -0.0156709 0.00344982 -0.0015633 -0.00428309 0.00178172 -0.0258516 -0.000442532 -0.00421388 -0.00592747 -0.00247532 -0.00397326 0.00432473 
-0.00279873 0.000658404 0.00656953 0.0240422 0.0460708 0.00466747 0.00625894 0.00137959 0.00251846 0.083771 0.0278229 0.0116431 0.00440291 0.0121207 -0.00543637 9.33534e-05 0.000598883 -0.0197928 0.0110631 -0.00155761 0.00450074 0.00178803 -0.00202624 -0.0022378 -0.0186613 0.0192747 0.0106311 6.24491e-05 0.0150955 -0.00800563 0.00219235 -0.00482183 -0.0016625 -0.0238247 -0.0221815 -0.00332539 -0.00317872 -0.00235426 -0.00747623 -0.000736772 0.00244609 0.00295356 -0.0037146 0.00202794 0.000637488 -0.00288408 0.0212815 -0.000803295 -0.0205192 -0.0019362 -0.00471965 -0.0254646 -0.00459227 -0.000855518 -0.00503115 -0.00218607 0.012545 0.00186885 -0.00192745 0.00114452 -0.00387919 0.00821064 -0.000970826 -0.0193332 0.00251652 -0.0011598 -0.0147185 0.0386822 -0.000134774 -0.00462251 0.0179703 -0.00342258 -0.02248 -0.00100213 0.000765739 -0.00840899 -0.0364321 -0.0136857 0.00144536 -0.01762 -0.00969302 -0.0117976 -0.00624787 -0.00656675 -0.0134834 -0.00102036 0.00836249 -0.00247698 -0.00113194 0.00649692 0.00694276 0.000191676 -0.0114149 -0.00950439 -0.000948249 -0.00259098 -0.00373722 0.000754127 -0.00654675 0.00527339 
-0.00766192 -0.00297577 -0.00191836 0.0186895 0.0305422 0.00837372 0.0219713 -0.00264711 -0.00369165 0.0278229 0.164756 0.0142404 0.0155047 0.0248489 -0.00856307 -0.00252526 0.00275434 -0.0171283 0.0369019 -0.00283052 -0.00300861 -0.0119682 -0.00307625 -0.00897431 -0.00350883 0.0103868 -0.000268261 -0.00222185 0.00705704 0.0029958 -0.0105505 -0.00687445 6.91744e-05 -0.0190565 -0.02251 -0.00421574 -0.00728078 -0.00334769 -0.00697975 -0.00974941 -0.000942668 -0.00330665 0.00518051 0.0035419 0.0077013 -0.00423987 0.0100986 0.00233153 -0.0279496 -0.00926804 -0.00813205 -0.0269858 -0.0126856 -0.00627402 -0.0117096 0.00453598 -0.00574112 0.028234 -0.00708602 0.0128389 -0.00355643 0.0299842 -0.000987643 -0.0240677 0.00665044 -0.00435704 -0.02673 0.0606423 -0.00541961 -0.00612132 0.00868538 -0.0349502 -0.0143243 0.00179204 0.000689368 -0.0250669 -0.0591865 -0.00967824 0.0135931 -0.00329944 -0.0144681 -0.0205203 -0.0046979 0.00364972 0.0125219 -0.000604566 0.0251523 -0.00608056 0.0123368 0.00130623 0.00372159 0.00045428 -0.0180832 -0.012881 -0.0015468 -0.0054662 -0.0169761 -0.00710701 -0.0163497 -0.00217646 
0.00364662 -0.0002269 1.24188e-05 -2.78521e-05 0.00912905 0.0103331 0.00798404 0.00105837 -0.000751323 0.0116431 0.0142404 0.0714486 0.00827283 -0.000479088 0.0111055 -0.00227861 0.00183023 -0.0141758 0.0055557 -0.000925491 -0.00390109 -0.000275416 -0.00050171 -0.00237736 -0.00574318 -0.00200747 0.00635702 -0.000141469 0.000138983 -0.0064096 0.00155276 0.00326968 -0.00115289 -0.0250996 -0.0189528 -0.000362234 -0.00249638 -0.00181313 -0.00479666 -0.00279208 0.00128328 -0.00262978 0.00217543 0.000257824 -0.000478803 -0.00242551 0.00569955 0.000205106 -0.01765 -0.000188008 -0.00341321 -0.017891 -0.00578058 -0.000170429 -0.000936556 -0.00406309 -0.000423931 -0.00111403 -0.00133679 0.00506866 -0.00214288 0.0156809 0.000129868 -0.0122179 -0.000251285 -0.00177653 -0.00932047 0.0199914 -0.00296514 -0.00116048 0.0193757 -0.0056254 -0.0131274 0.000671526 0.000431164 -0.00523986 -0.0168429 -0.0111638 0.000441731 -0.00976835 -0.00723395 -0.00615286 -3.61162e-05 -0.00144236 0.00237994 0.00126182 0.015841 0.00761508 0.0135855 -0.00369541 0.0036885 -0.000168773 -0.00573687 -0.00826538 -0.000201675 0.000975456 -0.0054965 0.00494269 -0.00234426 -0.000713903 
-0.00180163 0.00128319 0.0015589 0.0175035 0.00519614 0.00364387 0.0119411 -0.00123317 0.00172282 0.00440291 0.0155047 0.00827283 0.0607616 0.00711752 0.00961159 -0.0030387 3.38718e-06 -0.0101827 0.00781134 -0.00198956 -0.00332264 0.0023311 0.000752159 -0.00336773 0.00219999 -0.0146952 0.00205178 -0.0015015 0.000361833 -0.00460771 -0.0012696 0.00541514 0.000448453 -0.0153644 -0.0241246 -0.0036771 -0.00195638 -0.0020661 -0.00409829 -0.00465774 -0.000663741 -0.00505671 0.00217014 0.00178176 -0.000868048 -0.00334198 0.00158974 0.000962408 -0.0129337 -0.00632221 -0.00148706 -0.0153251 -0.00479711 -0.000787217 -0.0048376 -0.00111802 0.000100456 -0.00660947 -0.0018552 -0.00527548 -0.00132156 0.0208528 -0.000583914 -0.00431858 -0.000729122 -0.00134451 -0.0098391 0.0175782 -0.000929036 0.00358884 0.00622328 -0.00786853 -0.014852 0.00148817 -0.000168948 -0.00581242 -0.0219883 -0.00674265 0.00885952 -0.000805108 -0.00309641 -0.00543165 -0.00828209 0.00904494 0.014978 -0.000439899 0.020208 0.00133508 0.0086916 9.48503e-05 -0.000717789 -0.000656933 -0.00440819 -0.00782338 -0.00158582 -0.0013175 -0.00597269 -0.00222206 -0.00264037 0.00668839 
-0.00616924 -0.000952989 0.0027443 0.0299808 0.0211399 -0.00296523 1.86158e-06 -0.000508456 0.0215102 0.0121207 0.0248489 -0.000479088 0.00711752 0.109325 0.00199355 -0.00485269 0.0017768 -0.0156841 0.0123428 -0.00064049 -0.00512887 -0.00452407 -0.00139347 -0.00259792 -0.00317179 -0.00513953 0.00225029 -0.000250537 0.0153625 -0.00517762 -0.000213074 -0.00352417 0.00169215 -0.00672759 -0.0276078 -0.00437129 -0.00551695 -0.00262385 -0.00460015 -0.00258779 -0.00100765 0.00729108 -0.0054897 0.0121674 0.00211997 -0.00323798 0.00489598 0.00145565 -0.00100302 0.000895495 -0.00110453 -0.000789937 -0.00566544 -0.00508165 -0.00819201 0.00864259 0.00783897 -0.00925694 -0.0024064 -0.0102198 -0.00575672 -0.000933063 -0.00010715 0.00247298 -0.00165672 0.000524494 -0.0137893 0.036907 0.00458937 -0.00496228 0.0102229 -0.0111706 -0.01608 0.00050016 -0.000589245 -0.00856314 -0.0372358 -0.00853078 -0.00456746 -0.0158465 0.00221507 -0.0104862 -0.0101996 -0.00761726 -0.0103852 0.00152628 0.0162307 -0.00392174 -0.00417576 -0.00547577 -0.00155473 0.000355031 -0.00537519 -0.00910823 -0.00165819 -0.00332688 -0.00754591 0.00103121 -0.00280162 -0.0018048 
-0.00599902 -0.00241275 -0.00136467 -0.0171196 0.0268012 -0.0110107 -0.00201486 0.000456022 0.0192948 -0.00543637 -0.00856307 0.0111055 0.00961159 0.00199355 0.164523 0.0107717 -0.000227562 -0.0479192 -0.0126249 -0.00058448 -0.00289298 0.0134462 -0.00480073 -0.00831965 -0.0487993 0.0190719 -0.00907228 -0.00343565 -0.0145584 -0.00837994 0.00278361 0.00465552 -0.00133405 0.0195347 0.015943 -0.00369427 0.000305009 0.00148978 -0.011328 -0.00277773 0.000235573 0.028143 -0.00836865 -0.00460742 -0.00144226 0.0122259 -0.00632841 0.00243924 0.00446725 -0.0145179 0.00766516 -0.0178424 -2.41069e-05 -0.00967095 0.025374 -0.00570839 0.0143137 0.0199915 0.00882534 0.0258799 -0.00245564 -0.0250421 -0.00160548 0.000280208 -0.0034176 -0.00584233 -0.0167275 0.0166122 -0.00503813 -0.0144698 0.0129947 -0.00588924 -0.0218569 0.00018903 0.000306211 0.0128859 -0.024725 -0.0196391 -0.0162333 -0.00270462 0.00794601 -0.0152091 0.0294616 -0.00935944 -0.0258461 0.00448174 -0.0175951 0.00102294 -0.00956672 -0.00702842 -0.000876614 -0.00190983 0.000288822 0.00985614 -0.00368731 -0.00408363 0.00535574 -0.00249227 0.0151378 -0.0216848 
0.0022701 0.00260322 -0.000885365 -0.0185014 -0.000214121 -0.00548425 -0.00498726 -0.00052488 -0.00672945 9.33534e-05 -0.00252526 -0.00227861 -0.0030387 -0.00485269 0.0107717 0.0858828 0.00383401 -0.00612424 -0.00401049 -0.00116158 0.0173638 0.000427915 -0.00160281 -0.000326952 -0.0200897 0.00201056 -0.0103605 -0.00103108 -0.00295424 -0.0108119 -0.00654612 0.00281396 -0.00127786 0.0170696 0.0133221 -0.000669655 0.00266153 -0.00398756 -0.00279183 -0.000225142 -0.00131275 0.0157378 -0.00105249 -0.00260198 0.00184715 0.00520512 -0.00178503 -0.0025852 0.00127978 -0.0105283 0.00606279 0.000225689 0.0039545 -0.00772946 0.0128359 -0.00437105 -0.00965381 0.00470773 0.00601637 0.00429009 0.00355982 -0.00767208 -0.000244 -0.00415599 0.00131829 0.000583769 -0.00555814 0.00161779 -0.00214168 -0.00636192 -0.000656631 -0.0124165 0.017537 -0.00138329 0.00190255 0.00402321 -0.00979504 0.00271969 -0.00687022 -0.00839656 -0.00465789 -0.00327651 0.0145176 -0.0053579 -0.0112267 -7.74262e-05 -0.010136 0.00210903 -0.00666339 0.00120031 -0.00140448 0.00342271 -0.00837112 0.00670859 0.00141582 0.00134902 0.00109147 0.00324706 -0.0011108 -0.00806342 
0.00424781 -0.000782966 -0.000115291 0.000951444 -0.00565807 -0.00121073 0.00241561 0.00308763 0.00106683 0.000598883 0.00275434 0.00183023 3.38718e-06 0.0017768 -0.000227562 0.00383401 0.0403472 -0.00846035 0.00254531 -1.86328e-05 0.000318923 0.000589417 0.00148931 -0.00105961 -0.00494752 0.00153332 -0.000334302 0.000881385 0.00279858 -0.00552009 -0.00160758 -5.83012e-05 0.000310471 -0.00749432 -0.0108181 -0.000560605 -0.000851145 -0.000139002 -0.00218888 -0.00255754 0.000194277 0.00461515 -0.000992185 -0.00162052 -0.00085234 -0.00045927 -0.00132915 -0.000764448 -0.00119414 0.00174382 0.00104613 0.00114775 0.000738099 0.000831733 0.000433185 -0.000627446 -0.0018418 -0.000381097 -0.00122362 0.00351299 0.00115831 -0.000735832 0.000453445 -0.00335555 0.00240097 0.000336424 -0.00367378 -0.00110543 -0.00053161 -0.00218346 0.000717304 -0.00471557 0.00356809 0.000154041 0.00209763 0.00225056 -0.0134802 0.00237096 0.000812506 -0.00799388 0.000369425 0.00108331 0.00537922 0.000450872 -0.00168973 -0.000373897 -9.92884e-05 0.000939816 0.000522183 0.000142188 0.000303194 6.13962e-05 -0.00320791 -0.00238642 -0.000142187 -0.000279771 -0.00230696 0.000735121 0.00153585 -0.00132871 
-0.00626031 -0.00419041 -0.00657847 -0.0411018 -0.0521718 -0.0022561 -0.0236441 -0.00673002 -0.0439756 -0.0197928 -0.0171283 -0.0141758 -0.0101827 -0.0156841 -0.0479192 -0.00612424 -0.00846035 0.226179 -0.0230171 0.00878993 -0.00571621 -0.0222219 0.00238664 -0.00200843 0.0651973 -0.059638 0.0172626 -0.00752371 -0.00888876 0.0220638 -0.0140649 -0.01193 -0.00428854 0.0332455 0.0353105 -0.00123863 0.00659637 -0.013302 0.0208057 -0.0206046 -0.00660355 -0.0182172 -0.0134716 -0.00268205 -0.0046064 -0.00936904 -0.0136684 -0.00646756 0.00475101 -0.00652701 -0.000445396 0.0203704 -0.007798 -0.00473949 -0.0108445 -0.0176962 -0.0258998 0.00984252 -0.00718467 -0.0164027 0.00771426 0.000342928 -0.000791532 0.0125771 -0.00190484 -0.00250339 0.0610977 -0.0556529 0.00605444 0.0298385 -0.0252559 0.00803021 0.0769768 -0.0066495 -0.00310713 0.00839026 0.0892068 0.000285467 -0.0104779 0.0595599 -0.0277509 0.0168865 0.00752074 0.00885404 0.0345402 -0.00594061 -0.0115088 -0.00800971 -0.0121975 -0.0135136 -0.00875808 -0.00670502 0.0104019 0.0117148 -0.00116051 0.00512216 -0.00341745 -0.0141033 -0.0161363 0.00107168 
-0.00612319 -0.00181585 0.00124372 0.0184582 0.0139841 0.0131996 0.0276907 -0.00156111 -0.0133795 0.0110631 0.0369019 0.0055557 0.00781134 0.0123428 -0.0126249 -0.00401049 0.00254531 -0.0230171 0.103741 0.000122037 -0.00602963 -0.000743706 0.000962454 -0.00202842 0.00995336 -0.0234629 -0.0139719 -0.00384458 0.00525713 0.00459397 -0.00247302 0.00052777 0.000362318 -0.0279864 -0.0374011 0.00205478 -0.00532792 -0.00547583 -0.00510207 -0.00811011 -0.000928082 -0.0122264 0.0113576 0.00301171 -0.00120535 -0.00577999 0.00139734 -0.000670522 -0.0281255 0.00751841 -0.00136813 -0.0311815 -0.00914969 -1.92352e-05 -0.0042163 -0.00457956 0.0137459 -0.00409901 -0.00327705 -0.010204 -0.00314115 0.0344778 -0.000728044 -0.0279657 -0.000525544 -0.00128273 -0.0162615 0.0335954 -0.00175752 0.000445487 0.0032165 -0.0124675 -0.0168835 -0.000877651 -0.000697423 -0.00894327 -0.042898 -0.0174101 0.0287524 0.00468677 -0.0101661 -0.0119881 -0.011657 0.00918798 0.0193279 -0.0029014 0.0391578 0.00116186 0.0294619 -0.00213238 0.0010157 0.00676719 -0.00105785 -0.00743181 -0.00258046 -0.00211063 -0.0076967 0.00169285 -0.00875656 0.0134893 
0.000161685 -0.00067932 -0.000488278 -0.00840967 -0.00289957 -0.0020633 -0.00301125 0.000925668 -0.0028164 -0.00155761 -0.00283052 -0.000925491 -0.00198956 -0.00064049 -0.00058448 -0.00116158 -1.86328e-05 0.00878993 0.000122037 0.040614 0.000300865 -0.0027858 0.000125851 0.00131009 0.00201385 -0.00167106 0.00753034 -0.000391182 -0.0024995 0.00531669 0.000567195 -0.000254264 -0.00017154 -0.00392776 0.0106437 0.000748891 -0.000136173 -0.000477203 0.00303876 -0.00141036 -0.000285618 -0.0033657 -0.00325875 -0.000590983 -0.000926548 0.00219219 -0.0016724 -0.000591659 -0.00549911 -0.00327191 0.00183469 -0.00304236 -0.002428 -0.00236976 -0.00156333 0.00108234 0.000752181 0.00284499 -0.0010568 -0.00222726 0.00151121 -0.00835317 2.32582e-05 0.000269202 0.00294796 0.000483835 0.00256777 -0.00647516 0.00189767 0.00518535 -0.00121819 0.000317224 0.000271424 9.82208e-05 -0.000445566 0.000159179 0.00953812 -0.00172588 -0.00125798 0.00539382 0.000306779 0.000353166 -0.00415733 -0.00117802 -0.0077668 0.00061791 -0.00528144 -0.00105431 -0.00414035 -0.00122407 -0.000394122 0.000645411 0.00101277 0.0035263 -0.000726133 0.000161906 0.000261957 -0.00194205 0.000126081 -0.00530067 
0.00191795 0.00203301 -2.35585e-05 -0.00964838 -0.000783352 -0.00520629 -0.00670084 -0.00124214 -0.00917126 0.00450074 -0.00300861 -0.00390109 -0.00332264 -0.00512887 -0.00289298 0.0173638 0.000318923 -0.00571621 -0.00602963 0.000300865 0.0967309 0.00186406 -0.000718112 0.00360383 -0.0101771 0.0188635 0.000562752 -0.00112333 -0.00351611 0.00100654 0.00259769 -0.00497013 0.0019086 -0.000614624 0.0147643 0.0039935 -0.0017922 -0.00310018 -0.00519292 -0.00358422 0.000808952 0.00155494 -0.00713949 0.000177207 0.00498211 0.0139665 -0.00220719 -0.000958643 -0.00208722 -0.00920638 0.000263311 -0.0146794 0.00259428 -0.00791967 0.00526915 -0.00375689 -0.00995007 0.0156918 0.00261076 -0.00481517 0.00471912 -0.0111436 -0.000924442 0.00497137 0.00637352 0.00284217 -0.00349533 0.00176929 -0.00186632 -0.00237075 0.00728668 -0.0130739 0.012736 -0.000929074 0.00159448 0.00142274 -0.00939957 0.014268 -0.006372 -0.0148404 -0.00524761 0.00222274 0.00601331 -0.00651494 -0.0181023 -0.00192946 -0.014556 -0.000589989 -0.010593 -0.00459399 -0.00137579 0.00387537 -0.0099976 0.0138674 -0.00166584 0.00350676 0.0018899 0.00186441 -0.00459722 -0.00700911 
0.00307139 0.000616876 -0.00126431 0.00875379 0.0220583 -0.00102681 0.00194536 4.19979e-05 -0.00446985 0.00178803 -0.0119682 -0.000275416 0.0023311 -0.00452407 0.0134462 0.000427915 0.000589417 -0.0222219 -0.000743706 -0.0027858 0.00186406 0.101537 0.00198413 -0.00446426 -0.0139712 0.00771084 0.00628711 -0.00236483 -0.00220553 -0.000318848 0.00182847 0.0125376 -0.00103116 -0.0165818 -0.00305482 0.000438134 -0.00506634 0.000624225 -0.00800103 0.00607255 0.000270961 0.0108684 0.00706927 -0.00200653 -0.000591571 0.00653125 -0.000282814 -0.00148306 -0.00402299 0.00167741 -0.00569686 -0.0190428 -0.00565839 -0.00423429 -0.00440035 -0.00258965 -0.0055347 0.00558871 0.0035533 0.0206904 -0.0029424 -0.00677558 -0.000763174 -0.0132312 -0.000338873 -0.000100673 -0.0174839 0.0023693 -0.00384192 -0.0043402 -0.000830677 -0.000505399 -0.00870581 -0.00125815 0.000988372 -0.00061372 -0.0227712 -0.00861172 -0.00257964 -0.016015 -0.00547072 -0.01559 0.0135409 -0.00530045 0.00689674 0.000825628 -0.00497792 0.0038573 0.0113077 0.0048021 -0.00146771 0.00387107 -0.00482247 -0.00106094 0.00142925 -0.00059427 0.00863758 0.00303339 0.00116081 -0.00204682 
0.000415654 0.000960011 5.72403e-05 6.6607e-05 -0.00639019 0.00256575 0.000947184 0.00329115 -0.00160327 -0.00202624 -0.00307625 -0.00050171 0.000752159 -0.00139347 -0.00480073 -0.00160281 0.00148931 0.00238664 0.000962454 0.000125851 -0.000718112 0.00198413 0.0350933 -0.00161997 0.00317183 -0.00722087 -0.00821869 -0.000169824 -0.00334588 0.00319181 -0.00132471 0.00251791 -0.000346527 -0.0048804 -0.00438655 0.000987733 -0.000368327 9.45601e-05 0.000989683 -0.00252593 -0.000489458 -0.00476927 0.00127088 0.00188117 0.00121911 0.00274323 0.000131426 -0.000575242 -2.09312e-05 -0.00214622 0.00100897 0.00259366 -0.00244708 -0.000838395 -0.00158114 -0.00196604 -0.00598482 -0.00165835 -0.000489844 -0.00712559 0.000315764 0.00257937 5.30042e-05 -0.00117141 0.000170434 0.00121851 -0.000347353 -0.00394865 0.0016522 0.00689626 -7.64486e-05 -0.00356058 -0.00502022 0.00159145 0.000492907 0.000171015 -0.00428301 -0.000256725 0.00331864 0.00353242 0.00033986 -0.00165462 -0.000675175 0.00137626 -0.00244784 -2.35292e-05 0.00226396 0.00372462 -0.000459684 -0.000536896 -0.000114421 0.000924771 -0.000748559 0.00127583 -0.00011943 0.00227904 -0.00286801 -0.00114202 0.00352941 0.00546228 
-0.00269291 0.00463262 -0.000581492 -0.00331587 -0.00676556 -0.00103558 -0.00287668 -0.000483629 -0.00150635 -0.0022378 -0.00897431 -0.00237736 -0.00336773 -0.00259792 -0.00831965 -0.000326952 -0.00105961 -0.00200843 -0.00202842 0.00131009 0.00360383 -0.00446426 -0.00161997 0.0593634 0.00868423 0.00758691 -6.77768e-05 0.000324745 -0.0015043 0.00303794 -0.00266928 -0.000823074 -0.000316599 0.00420557 0.00728525 0.000601717 -0.000761281 -0.000699695 0.00386488 0.00581538 0.000170443 -0.00732395 -0.000909139 -0.000547162 -0.000541229 -0.000747229 -0.00259377 -0.000968813 -0.00945649 -0.00454505 -0.000896688 -0.00176175 0.00197795 -0.00220455 0.00855545 -0.0023117 0.00790021 -0.00554169 0.00260885 -0.00490804 -0.00133792 -0.00767197 -0.000397759 -0.00638771 1.50858e-05 0.000995035 0.000512827 -0.003805 -0.00212348 -0.00091141 -0.0022555 0.00496089 0.00557835 -0.000207227 0.000329633 0.0121224 0.0106994 0.00172087 -0.000504368 0.00115358 -0.0036162 0.00948834 -0.0096558 -0.0045574 -0.0108091 -0.00122734 -0.00865181 -3.08648e-05 -0.00490855 -0.00416971 0.000205448 -0.000259291 -0.00330015 -0.00316078 -0.00129306 0.00164106 0.00631636 0.00751678 0.000952699 -0.00375618 
-0.0112422 -0.0038755 -0.00194479 0.00268861 -0.0295227 0.00600098 0.00547703 -0.00262796 -0.0259383 -0.0186613 -0.00350883 -0.00574318 0.00219999 -0.00317179 -0.0487993 -0.0200897 -0.00494752 0.0651973 0.00995336 0.00201385 -0.0101771 -0.0139712 0.00317183 0.00868423 0.200011 -0.0553149 -0.023809 -0.00532473 -0.00623154 0.000115935 -0.0106316 -0.00294752 -0.004926 -0.0299262 -0.029141 -0.000470697 -0.0016541 -0.0104648 0.0186452 -0.022078 -0.00391102 -0.0308345 0.0218411 0.00361468 -0.0119855 -0.0116194 -0.00571417 -0.0054127 -0.0109705 0.00560746 0.00319468 0.0101796 -0.0102362 0.010085 -0.0215192 -0.00886561 -0.0152367 -0.0677718 -0.00403684 -0.0313451 -0.00455049 0.0350498 -0.000375959 -0.00560305 0.000450147 0.0052291 0.0370263 -0.0149675 0.00188046 0.0378826 -0.0197129 0.0173954 0.0429206 -0.00339308 -0.00303661 0.00501585 0.0399375 -0.0313394 0.0253976 0.054589 -0.0253617 0.00271941 -0.0333843 0.021274 0.0536337 -0.00690934 0.0504773 0.00215268 0.0244882 -0.00292475 -0.00626602 0.00115486 0.0145413 -0.0244849 -0.00236133 0.00483081 -0.0211744 -0.00635641 -0.0163292 0.0184034 
0.00511925 0.00424372 -0.000364846 -0.0110673 0.0343804 -0.0185208 -0.0128169 -0.00537567 0.020122 0.0192747 0.0103868 -0.00200747 -0.0146952 -0.00513953 0.0190719 0.00201056 0.00153332 -0.059638 -0.0234629 -0.00167106 0.0188635 0.00771084 -0.00722087 0.00758691 -0.0553149 0.243098 0.0147575 0.00617801 -0.000179897 -0.0242425 0.00983268 -0.00637428 0.00155739 0.0040917 0.045231 -0.013522 0.00571981 0.0147735 0.00426215 0.0378413 0.00238052 -0.0039758 -0.0200807 -0.00441272 0.00181191 0.00582292 -0.000529942 -0.00535214 0.00999093 -0.0198462 -0.0126939 0.00196737 -0.0103108 -0.0143884 0.0127594 0.00663239 0.00185849 0.0469041 0.00378487 0.038745 -0.00666713 -0.0602788 -0.00234409 0.0103585 0.0113276 0.00283246 -0.0313566 0.0286441 -0.00804731 -0.0214727 0.0184478 0.0119257 -0.0317498 0.000715925 0.00334716 0.0199411 -0.0259058 0.015051 -0.0141193 -0.0560439 0.0190785 0.00883289 0.018481 -0.0278537 -0.0442535 0.00198919 -0.0498622 -0.0139655 -0.0343734 0.00655559 0.00500054 -0.00781072 -0.0258501 -0.00969019 -0.00450883 -0.0103949 0.0150978 -0.000473533 -0.00284891 -0.0248554 
0.0168636 0.000250926 0.00196379 0.00958998 0.0204946 0.00360788 -0.019149 -0.00190403 -0.00935887 0.0106311 -0.000268261 0.00635702 0.00205178 0.00225029 -0.00907228 -0.0103605 -0.000334302 0.0172626 -0.0139719 0.00753034 0.000562752 0.00628711 -0.00821869 -6.77768e-05 -0.023809 0.0147575 0.215495 0.00501369 0.0396533 0.0090629 0.0234762 -9.19808e-05 0.00400388 -0.0378638 -0.0163924 -0.00802789 -0.0092737 0.00524051 -0.01409 0.0136778 0.00218003 -0.0101517 -0.0164688 -0.00566227 -0.00567277 -0.0113511 0.00235028 0.00158174 -0.0243718 0.0423977 -0.0136331 -0.0493982 -0.00954965 -0.00720446 -0.00386601 0.00302219 -0.00199084 -0.00185271 -0.00328276 0.0327904 -0.00304569 -0.00272546 -0.00235608 -0.0441413 -0.00943925 0.00194093 -0.0148732 0.00380854 -0.00717346 -0.00334237 0.0225151 0.00469674 -0.0151941 -0.00544865 -0.00280431 -0.00276767 0.0028805 0.00613433 -0.0189794 -0.0193243 -0.0156843 -0.00295283 -0.00618273 -0.000709459 -0.00245075 0.00224708 -0.000628939 -0.00304626 -0.000628492 -0.0177056 -0.000312708 -0.00287312 -0.0185532 0.00780984 -0.000244998 -0.000998015 0.0235214 0.00536101 -0.0122003 -0.0178254 
0.0063373 -0.000566565 -0.000341338 -0.00271849 -0.00337181 -0.000751484 -0.00307086 1.56381e-05 0.00479267 6.24491e-05 -0.00222185 -0.000141469 -0.0015015 -0.000250537 -0.00343565 -0.00103108 0.000881385 -0.00752371 -0.00384458 -0.000391182 -0.00112333 -0.00236483 -0.000169824 0.000324745 -0.00532473 0.00617801 0.00501369 0.0363293 0.00132989 -0.000931716 0.0010065 -0.00170059 -0.000251412 0.000339695 0.00798166 -0.000724436 0.000253001 0.00351309 -0.000806567 -1.35877e-05 -0.000379061 0.00157591 -0.0016786 -0.000877569 -0.00132458 -0.0017076 -0.000953337 -0.000771239 0.00387784 -0.00238064 -0.000413554 0.00748862 -0.000264986 -0.00208038 -0.00172778 0.00615295 -0.00410901 9.72341e-05 -0.00096238 -0.00179615 0.000203803 -0.0051906 0.000501635 0.00728511 -0.000890589 -0.000395533 -0.00177572 -0.002531 -0.000409069 -0.00209871 -0.00240703 -0.00243431 -0.00210813 0.000269417 -0.000247367 -0.00196812 0.00283037 0.00493479 -0.00358986 -0.00598687 0.00300551 0.00757506 -0.00278717 -0.00188809 -0.00555816 0.00210966 -0.00622961 -0.000650371 -0.00517268 0.000203043 0.00307558 -0.000570422 -0.00230376 -0.00391247 0.000229815 -0.000788246 -0.00104032 -0.00105463 0.00673941 -0.00252592 
-0.00599975 0.0059322 0.00145603 0.0261748 0.0203743 -0.00449659 -7.28156e-05 0.000843732 1.61975e-05 0.0150955 0.00705704 0.000138983 0.000361833 0.0153625 -0.0145584 -0.00295424 0.00279858 -0.00888876 0.00525713 -0.0024995 -0.00351611 -0.00220553 -0.00334588 -0.0015043 -0.00623154 -0.000179897 0.0396533 0.00132989 0.123152 -0.0151766 0.023015 -0.000653147 0.00814011 -0.0408197 -0.0468848 -0.00163286 -0.00692747 -0.00336042 -0.00844923 0.0136833 0.00185362 0.0039634 0.00619075 -0.00025701 -0.0051744 -0.00599215 0.00473448 0.00272227 -0.0170292 0.0364202 -0.00927058 -0.0351361 -0.00373969 0.00357843 -0.000792694 0.00107844 0.0295381 -0.0344469 0.00152252 0.0219996 -0.00566348 0.0184224 3.49493e-05 -0.0331727 0.0018993 0.004436 -0.0109218 0.0241894 -0.00410366 -0.00572108 0.0038911 -0.00465411 -0.0204679 -0.00314122 -0.000772729 -0.00763502 -0.0365052 -0.00272798 -0.000934159 -0.0298935 -0.0128514 -0.00676265 -0.0150944 -1.36803e-05 0.00267273 -0.000877419 0.000455168 -0.00227257 0.0129505 0.00249639 0.00187525 0.000409289 -0.0110166 -0.00678181 0.00532114 -0.00318521 0.013031 0.00840834 -0.0101583 0.0035878 
-0.00512967 -0.00262441 -0.00110702 -0.000621424 -0.00669417 -0.00520936 -0.00319649 -0.00511074 -0.021548 -0.00800563 0.0029958 -0.0064096 -0.00460771 -0.00517762 -0.00837994 -0.0108119 -0.00552009 0.0220638 0.00459397 0.00531669 0.00100654 -0.000318848 0.00319181 0.00303794 0.000115935 -0.0242425 0.0090629 -0.000931716 -0.0151766 0.164269 -0.0038392 0.0131862 -0.0025062 0.0087774 0.0319801 0.00903653 -0.00433096 -0.0011469 0.00393325 -0.0113761 0.000148228 -0.033221 -0.00264743 -0.00390463 -0.0062846 -0.00350906 -0.00320103 -0.000798779 -0.0370616 0.000407518 0.00857726 -0.00704981 0.00281884 -0.0118634 -0.00596956 -0.0107493 -0.0260602 0.0221527 0.000403873 -0.017518 0.0061326 -0.0102379 -0.00108738 -0.0208696 0.00222071 0.000691274 -0.00592915 -0.00613869 -0.00316496 0.0134285 -0.00410597 -0.0171198 0.012772 0.00218935 -0.00230372 0.00496237 0.0331368 -0.00307013 -0.00663212 0.0424806 -0.00388897 0.0164813 0.00792605 -0.000948934 -0.00924999 -0.000496863 0.00340655 -0.00119656 -0.00314011 -0.00815428 0.00187976 0.00426159 -9.48891e-05 0.0119995 0.000372228 0.00613334 -0.0149174 -0.00668202 -0.00168095 -0.022579 
-0.000378222 -0.000546707 0.0010676 0.00148589 0.012183 -0.00237632 -0.00288525 -0.000888385 0.00664881 0.00219235 -0.0105505 0.00155276 -0.0012696 -0.000213074 0.00278361 -0.00654612 -0.00160758 -0.0140649 -0.00247302 0.000567195 0.00259769 0.00182847 -0.00132471 -0.00266928 -0.0106316 0.00983268 0.0234762 0.0010065 0.023015 -0.0038392 0.0791011 0.00162239 0.0048382 -0.0202597 -0.00449312 0.000764573 0.000415752 0.00133656 -0.000615177 0.00841487 -0.000217976 -0.00795238 0.00126631 -0.000160953 -0.00205396 0.00031714 0.000652627 0.0027586 0.000889754 0.0165522 -0.00374459 -0.0129624 -0.00607161 -0.00239892 0.00185398 0.000474853 0.0058752 -0.0102705 0.00193387 0.010665 -0.00153122 -0.00415487 -0.000442015 -0.00263691 -0.0014006 0.00312272 -0.00208669 0.00265207 -0.00236245 -0.00360878 0.00480719 -0.00481374 -0.0169139 -2.89703e-05 -9.16666e-05 8.18022e-05 -0.00258807 0.00462298 -0.00788731 -0.0124388 2.37988e-05 -0.0056484 -0.00820843 -0.00342459 -0.0159353 0.000660176 -0.00880547 -0.000703714 -0.00413712 -0.00233398 0.00226537 -0.0017256 -0.00135841 0.0015582 -0.000141167 8.64368e-05 0.00820133 0.00302138 -0.00513839 -0.007062 
0.00653269 0.00452842 0.000329537 0.00236729 0.00368204 0.00130096 -0.00118063 -0.000240037 0.000262459 -0.00482183 -0.00687445 0.00326968 0.00541514 -0.00352417 0.00465552 0.00281396 -5.83012e-05 -0.01193 0.00052777 -0.000254264 -0.00497013 0.0125376 0.00251791 -0.000823074 -0.00294752 -0.00637428 -9.19808e-05 -0.00170059 -0.000653147 0.0131862 0.00162239 0.0783047 -0.000698224 -0.0144186 -0.00803558 0.00261337 -0.000404893 -0.00362109 -0.00443757 0.0010159 -0.000198536 -0.00250032 0.00295905 -0.00124274 -0.0039552 -0.00249702 -0.00212912 0.000273784 -0.0105539 0.000691002 -0.00310407 -0.0109749 -0.00166843 -0.00254311 -0.00458264 -0.00358662 -0.0144056 -0.00547269 0.00283158 -0.00582059 -0.00244498 0.00278207 -5.26315e-05 -0.00881576 -0.00168282 0.00110831 -0.00897704 0.0139194 -0.00254095 0.0031407 0.00252323 -0.00477665 -0.00322837 -0.00130575 0.00120596 0.00608736 -0.00838234 0.000769959 0.00146963 -0.0109012 -0.00342131 -0.00406325 0.010092 0.00171513 0.00827817 -0.000754461 0.00486053 0.00888912 0.00402255 -0.00180578 0.000352088 0.00260337 -0.00666082 -0.00262627 0.00389758 0.000614246 -0.00364421 0.00121226 0.00546224 -0.00986446 
-0.000664441 0.000442864 0.000838209 -0.000526037 -0.00467779 -0.00121043 -0.0010467 0.000530495 -0.00155489 -0.0016625 6.91744e-05 -0.00115289 0.000448453 0.00169215 -0.00133405 -0.00127786 0.000310471 -0.00428854 0.000362318 -0.00017154 0.0019086 -0.00103116 -0.000346527 -0.000316599 -0.004926 0.00155739 0.00400388 -0.000251412 0.00814011 -0.0025062 0.0048382 -0.000698224 0.0263777 -0.00221352 -0.00873619 0.00185693 0.000699225 0.00514981 -0.000130216 0.00530092 -0.000223807 -0.000689245 0.00126168 5.36062e-05 0.00122412 0.0028204 3.24779e-05 0.00296225 -0.003675 0.00905822 -0.000830543 -0.00572317 -0.00150458 -0.0015741 0.0023879 0.000894292 -0.0025175 -0.0049409 -0.000625965 0.00395524 -0.000620113 0.000447674 -0.00021905 -0.00356069 0.000659671 0.00252791 -0.00237074 -0.000850005 -0.000855519 -0.00157588 0.000823514 -0.0037805 -0.00786847 -0.000362398 0.000298271 -0.00343415 -0.00755814 0.00914689 0.000251401 -0.00346803 -0.000446532 -0.00362836 -0.0031927 -3.42084e-05 -0.00189834 -0.000328448 0.000599825 0.000656562 -0.000310214 -0.000664581 0.00108128 -0.00011708 -0.00353261 0.00337158 0.00107214 -0.000369524 0.00591032 0.000945384 -0.00127031 -0.00162438 
-0.0120039 -0.00205484 -0.00667445 -0.048811 -0.0493075 -0.0164111 -0.0135345 -0.0108989 0.0140644 -0.0238247 -0.0190565 -0.0250996 -0.0153644 -0.00672759 0.0195347 0.0170696 -0.00749432 0.0332455 -0.0279864 -0.00392776 -0.000614624 -0.0165818 -0.0048804 0.00420557 -0.0299262 0.0040917 -0.0378638 0.000339695 -0.0408197 0.0087774 -0.0202597 -0.0144186 -0.00221352 0.244769 0.0886864 -0.00551737 0.0210112 -0.00328187 0.0162901 0.00278584 -0.000398833 0.0212658 -0.0215296 -0.00526919 0.0068006 9.18258e-05 -0.0161141 -0.00572518 0.0433523 -0.0488617 0.0189514 0.0765309 0.0191666 0.00077139 0.0171285 0.00427605 -0.00978931 0.011647 0.00230308 -0.018406 0.0100553 -0.0604108 0.00163199 0.0309962 -0.0154837 -0.0122611 0.0169864 -0.0680155 0.00412391 -0.0139779 -0.0228413 0.0181519 0.0120756 -0.00283454 -0.00275592 0.00803836 0.0563402 0.0138478 -0.0170961 0.0112277 0.0222257 0.00083448 0.00510795 -0.00728003 -0.0308928 0.00237968 -0.0548326 -0.0150989 -0.0440684 -0.000447021 -0.00822739 -0.00570842 0.019949 0.0377009 -0.000730902 0.00373055 0.0164074 -0.0122092 0.00496148 -0.00710785 
