0.053386 -0.00319522 0.00339208 -0.00193301 -0.000924666 0.00640494 -0.00224877 -0.000402613 0.00160994 0.00111252 -0.0076316 -0.00601104 0.00175745 -0.0031887 0.00310249 0.00150589 -0.00758245 -0.000967011 0.00110171 -0.00246795 -0.00602789 0.00158164 0.0030695 -0.0043365 -0.00186252 0.000367349 -0.000921792 -0.00277973 -0.00204508 0.000670481 0.0103701 -0.00172072 0.00337838 0.000681131 0.00309915 0.000874137 0.00806389 -0.00120626 -0.000989268 -0.00237736 -0.0021306 -0.000492797 -6.9114e-05 -0.00683564 -0.000465871 -0.00513424 -0.00229023 -0.00203584 -0.000765408 -0.0101577 0.000962975 -0.00153223 -0.00037994 -0.00363791 0.00691268 0.000759775 0.00116927 0.00314604 -0.0016178 -0.00237638 0.00431593 0.00488286 0.00511331 0.000519856 -0.00388061 -0.00250898 -0.00250582 0.00255412 -0.00343946 1.0728e-05 0.00264907 0.00721877 -0.00115883 0.00436432 0.00194093 0.00557478 0.00302439 -0.000395367 -0.000921254 0.000209997 -0.00325446 -0.00708005 -8.39851e-05 -0.00398043 -0.00346382 -0.000229357 -0.00434718 -0.00520844 -0.00207145 -0.00614253 -0.000423821 0.00431281 -0.00256903 0.00346318 -0.000813804 -0.00705136 -0.00131784 -0.000453144 -0.00277172 -0.00181988 
-0.00319522 0.193174 0.0410519 -0.0108193 0.00397622 0.0419875 0.00100602 0.00467018 -0.00449942 -0.0166383 0.0326331 -0.0175265 -0.0100375 -0.0212487 -0.0106834 0.0104442 -0.0225975 -0.00910375 -0.00262524 -0.00643716 -0.0108456 -0.0542562 -0.0255607 -0.0240907 -0.0175053 -0.00632997 -0.00422551 -0.0526787 -0.0412007 -0.00820062 -0.0279976 -0.00943894 -0.0391925 -0.00917519 0.00800041 0.0651821 -0.00518441 -0.00137062 0.00650709 -0.0271418 -0.0417773 -0.00337175 -7.45879e-05 0.00890721 -0.0160847 0.0157894 0.000908113 0.0582394 -0.0105023 -0.0020956 0.0776282 0.00476878 0.0059002 -0.00185894 0.00935513 -0.0229696 0.0128 -0.00512002 0.00916192 -0.00941529 0.011669 0.0402352 0.00634325 -0.00616805 0.000115611 0.00184731 -0.0292066 0.0120211 -0.0205088 -0.00749064 -0.00517139 0.0608348 -0.00524106 -0.0208988 -0.00149746 0.0228887 -0.011678 -0.00891369 -0.00526964 0.00316624 -0.013618 -0.00761885 0.0013249 -0.000245853 0.036734 -0.0318317 0.022745 -0.00398889 -0.00930419 -0.00737287 0.00318348 -0.00649354 -0.00741112 -0.0199673 0.00229001 -0.0174631 -0.00669207 0.00809843 -0.00515689 0.0266973 
0.00339208 0.0410519 0.206421 -0.00790155 -0.0110806 0.0292137 -0.00399893 -0.00154708 -0.000961864 -0.00966007 -0.00225723 -0.0224457 -0.0171334 0.0127715 -0.0157936 -0.00095467 -0.0521866 -0.00919886 0.0066137 -0.0100036 -0.0195336 -0.005425 0.00152654 -0.023512 -0.00836056 -0.0105825 -0.00263717 -0.00524902 0.0231856 0.0119966 -0.00382275 -0.00724781 -0.0130912 -0.00809701 -0.0180761 0.0183933 -0.00896882 -0.00874749 -0.00276077 -0.00769024 -0.0062522 -0.00450431 -0.000230267 0.00995052 -0.00429708 0.00182918 -0.00242799 0.0139789 -0.00733736 0.0165315 0.0437826 -0.00217355 -0.00573899 0.00842969 0.019013 -0.00032454 0.0257142 0.00220875 0.00422384 0.00184231 0.00979497 0.0029996 -0.00882865 -0.000655691 -0.0119696 -0.00459077 -0.0181375 0.00614756 -0.0240272 -0.00167111 -0.0211237 -0.000240952 -0.0105903 -0.0271116 0.00549098 0.00519856 -0.0104474 -0.0175298 0.0140484 -0.00202562 -0.0197319 -0.00915749 -0.00203915 -0.00134283 0.0468241 0.0283136 -0.0119979 0.00299711 0.0198845 -0.0370366 0.000767739 0.0113601 -0.0217177 -0.0139842 -0.00868879 -0.0171239 0.000973709 -0.00158437 -0.0068729 0.00556853 
-0.00193301 -0.0108193 -0.00790155 0.0526305 0.00192444 -0.00836004 0.00013006 0.000119489 0.00066362 -0.00257236 -0.0046989 0.00809306 -0.00218347 0.00319042 -0.00201764 -0.00120628 0.0149583 5.29701e-05 -2.63618e-05 -0.000719382 0.000958078 0.0167479 0.00317659 0.0128636 0.00494846 0.000384702 0.000895814 -0.00272418 0.00590472 -0.00556403 -0.00611361 0.00257976 -0.00535513 -0.00342897 -0.0115487 -0.0083186 -0.00330679 0.00205003 0.000896785 -0.00565973 3.35939e-05 0.00785803 -4.7881e-07 0.000530252 0.00268847 0.00559767 -0.00130491 -0.0089211 -0.000227225 -0.0102802 -0.017692 -0.00192705 0.000672925 0.0104944 -0.0066907 0.0130085 -0.00213649 -0.0109573 -0.00422586 -0.0052717 -0.00137637 -0.00714139 -0.00123994 -0.00177017 -0.00340997 0.00478484 0.00132553 -0.00209036 0.00170244 -0.00168204 -0.0024504 -0.0132234 0.00142011 -0.00323669 -0.00191908 -0.00190235 -0.00349146 0.000255033 0.00404935 -0.00124277 0.0097008 0.00428186 0.00186306 0.000762424 -0.000310355 -0.00340372 -0.000803228 -0.0061464 -0.00417336 0.00884248 0.000298976 -0.000150058 -0.00175941 -0.000450035 -0.0021999 0.00427622 0.0121545 -0.00180659 -0.00120064 0.00290241 
-0.000924666 0.00397622 -0.0110806 0.00192444 0.0483119 -0.000498352 -0.00151291 0.00768121 -0.00132457 0.0043963 0.00232983 0.0113117 0.00810185 -0.00154604 -0.00320645 -0.00119757 0.00682652 -0.000452221 -0.000570008 -0.00250643 0.0018484 -0.000941068 -0.00349224 0.00706552 -0.00398205 -0.000956502 0.000721769 -0.0113489 -0.0106438 -0.00599254 -0.00345093 -0.00054904 -0.00639424 -0.00316447 -0.00770953 -0.000390286 -0.00478268 5.40509e-05 0.00113771 0.000227748 0.00293021 -0.000168496 0.00026374 -0.00618786 -0.00321916 -0.00298698 0.00171233 -0.00396812 -0.000729142 -0.00473253 -0.0126954 -0.00036639 0.00443807 0.000991804 -0.0076083 -0.00847817 -0.000882202 -0.00693756 0.00723489 -0.00535996 -0.0042058 -0.00435279 -0.00190893 -0.000486564 0.00209522 -0.00068947 -0.000590437 -0.000162483 0.00338334 -0.00200934 -0.00112992 -0.00340375 -0.00058209 0.00198596 -0.00192991 -0.00647451 -0.00186987 -0.000298334 -0.00167074 -0.000529624 0.015877 0.00196911 -0.000275702 0.000537759 -0.000576363 -0.00875675 0.00937977 -0.0054371 0.00389722 0.0105994 0.00198325 0.0110354 0.00123233 -0.00446518 0.013691 -0.00151619 -0.000308871 -0.000281149 0.00228539 0.00341193 
0.00640494 0.0419875 0.0292137 -0.00836004 -0.000498352 0.156177 7.14039e-05 0.00773172 -8.4152e-05 -0.00598791 0.000722166 -0.013735 -0.00464727 -0.0189945 0.00261028 0.00294515 -0.00342025 0.00560786 0.00849401 -0.00576344 -0.00940743 -0.0193674 -0.0188673 -0.0275623 -0.0124784 -0.00289229 -0.00254069 -0.0274647 -0.0509512 -0.0204602 0.000238975 -0.00583723 0.00165264 -0.0109302 0.00660671 0.0586173 0.026337 -0.00655414 0.00331448 -0.0121711 -0.0126499 0.00285765 -0.000380917 -0.0356685 -0.00703402 0.0151801 0.000926868 -0.00724485 -0.00764452 -0.0118689 0.0252083 -0.00443391 0.00125905 -0.0168264 0.00445598 -0.025681 0.0149623 -0.0138667 -0.00111993 0.0219897 0.0103275 0.0349002 0.00901339 -0.00417205 -0.013446 -0.0104158 -0.00118538 0.0258244 -0.0121748 -0.00796346 0.0352887 0.0219288 -0.00315563 -0.00788574 -9.29872e-06 -0.0347033 -0.0139155 -0.00775053 -0.00684326 -0.00227398 -0.00765012 -0.0310888 0.00251502 -0.0138395 0.0230133 -0.00981463 -0.00550357 0.00441534 -0.00366419 -0.0089967 -0.000909773 -3.29442e-05 -0.00626717 0.0117087 0.0070526 -0.00206864 0.00108991 -0.00511588 -0.00461628 0.0262072 
-0.00224877 0.00100602 -0.00399893 0.00013006 -0.00151291 7.14039e-05 0.0664482 -0.00112799 -0.000853905 -0.00557104 0.00182965 -0.00760635 -0.00361961 -0.00438605 0.00625508 -0.00135136 -0.00182497 0.00398943 0.000734994 -0.00180636 -0.00453212 -0.00823606 -0.00192957 -0.00567041 0.00376285 -0.000615562 8.76553e-05 0.00731033 0.0129607 0.00813865 -0.00187842 -0.000735568 -0.00115798 0.0068085 0.00102584 -0.00351212 0.000126519 0.00388423 -0.000985278 0.00114535 -0.00514623 -0.0011517 -0.000160806 -0.00790246 -0.000223433 -0.00441894 -0.00192339 -0.002246 -0.000719618 -0.0031043 0.00918405 3.33606e-05 -0.00235482 -0.000911745 0.0017304 0.0136977 -3.42894e-05 0.00187412 0.00452059 0.00281319 -0.00719377 -0.000679977 0.00447779 -0.00058651 -0.00105979 -0.00272683 -0.00162316 -6.93527e-05 -0.000723237 0.00181344 0.00290652 0.00228855 0.00588694 -0.000683124 0.00261193 0.00992954 0.00675512 -0.00319442 -0.000246714 -0.00169931 -0.00207266 -0.0010549 0.000715683 0.00169287 -0.010731 -0.0106059 -0.00381531 0.000339318 -0.00688647 -0.0136612 -0.000255832 -0.00395153 -0.00519868 -0.00246839 -0.00298893 -0.0135411 -0.00339891 0.00120187 0.00126034 -0.00487264 
-0.000402613 0.00467018 -0.00154708 0.000119489 0.00768121 0.00773172 -0.00112799 0.0377667 0.00356772 0.00489976 0.00203987 0.00333622 0.00276343 -0.00143856 -0.00219459 -0.00129388 -0.00222882 -0.000595197 0.00168497 -0.00139716 0.00129561 -0.00452149 -0.00262479 -0.00049533 -0.00240158 0.000182574 -0.00070378 -0.00920227 -0.00963684 -0.00416258 -0.00417941 -0.00077855 -0.00394779 -0.00311625 -0.00462793 0.00332524 0.00205001 0.00109083 0.000863928 -0.000609063 0.000715068 -0.000892644 -2.29282e-05 -0.00861734 -0.000651689 -0.00710043 0.00320087 -0.000865641 0.000336678 -0.00185603 -0.00110205 -0.000833347 7.31767e-05 0.00115745 -0.000136252 -0.0054606 -0.000464038 -0.00577687 0.00364929 -0.00514196 0.00251191 -0.000244637 -0.00155282 -0.000455782 -0.000572207 -0.000744282 -0.000387941 0.00334756 -0.00188775 -0.00166798 -0.00329379 0.00677514 -0.00116573 0.00174025 -0.0001767 -0.00609198 -0.0018969 0.0012348 -0.00261159 -0.000719798 0.00358096 2.22307e-05 -0.00048713 -0.00129116 -0.00298517 -0.00071716 0.00607178 -0.000212654 0.00547455 0.00031682 0.00171114 0.00864334 -0.00348738 -0.00385939 0.00824817 -0.00268221 -0.00135632 -0.00166719 -0.00207694 0.00256737 
0.00160994 -0.00449942 -0.000961864 0.00066362 -0.00132457 -8.4152e-05 -0.000853905 0.00356772 0.056878 0.0100638 -0.00640125 -0.00472058 0.0105916 -0.000209225 0.00097634 -0.00239152 -0.0119542 -0.000735816 0.00299957 0.00259142 0.00140115 -0.00852077 -0.0046248 -0.00964258 0.00381079 -2.13166e-05 -0.00098232 0.00213321 -0.00174827 -0.00696182 -0.00520897 -0.00185448 0.00479969 -0.00203399 -0.00406228 -0.0041142 0.00904141 0.00329635 -0.00184524 0.00748169 0.00476492 0.00204532 0.000526227 -0.0143057 0.0138639 -0.0144649 -0.000297656 -0.00388311 -0.00133581 -0.00115247 -0.00784589 0.00648039 -0.00136294 -0.00329035 0.00931298 -0.00208547 0.0021778 -0.00660639 0.000431969 -0.00220716 0.00366153 0.00141392 -0.00195415 0.000643135 -0.00302577 -0.00167787 -0.00494402 0.00587641 -0.00455121 -0.00297625 -0.00380933 0.00620207 -0.00171757 0.00675951 -0.000564917 -0.0105493 1.93049e-05 0.00200628 -0.00393159 -0.000270926 -0.00303942 0.00115177 0.00014689 -0.00216699 -0.00809445 0.00691686 0.000842075 -0.00323733 0.00415869 -0.0115113 -0.000689485 0.0120842 -0.00278885 0.000196085 0.00236939 -0.000162823 -0.00130612 0.00280086 -0.00199913 0.000805412 
0.00111252 -0.0166383 -0.00966007 -0.00257236 0.0043963 -0.00598791 -0.00557104 0.00489976 0.0100638 0.0958593 -0.00385086 0.0153535 0.0401058 0.0199833 0.0080196 -0.00319014 -0.00164248 0.000852568 0.00304812 0.00813109 -0.00885534 -0.0174033 -0.0094091 -0.0137662 -0.00777787 -0.00191457 -0.0019365 -0.027619 -0.0287924 -0.0119404 -0.0145708 -0.00150676 -0.00308389 -0.00481754 -0.0185337 -0.00946916 0.00931536 -0.00515212 -0.000549595 0.0208804 0.0401936 -0.00156406 0.000858479 -0.0263252 0.000864379 -0.022432 0.00492419 0.00295511 0.00586937 0.0194112 -0.0426167 0.00308458 0.00109159 -0.0121367 -0.0117424 -0.0160863 -0.00584779 -0.0140377 -0.00911269 -0.00219419 0.00986235 -0.0108689 -0.00281855 -0.0026433 0.00579579 0.00255512 0.0126823 -0.00041848 0.0123576 -0.00240204 -0.00518432 -0.0254913 -0.00308618 0.0421494 -0.00271294 -0.0248036 -0.00204693 0.00830058 -0.000130797 0.00223697 0.00590693 0.00172159 -0.00078227 0.00010274 -0.00735385 -0.0025164 0.00214496 -0.00809257 0.0166678 0.0145405 -0.00126516 0.0376079 0.000433451 0.000802452 0.00907499 0.0153231 -0.00160771 -0.00305019 -0.00633095 -0.00762685 
-0.0076316 0.0326331 -0.00225723 -0.0046989 0.00232983 0.000722166 0.00182965 0.00203987 -0.00640125 -0.00385086 0.159513 0.0174452 0.0020117 -0.000509946 0.00151936 0.00694881 -0.00307909 -0.002948 -0.00282522 0.00652757 0.00445237 -0.0313618 -0.00699438 -0.012042 -0.0110457 -0.00417132 -0.00173947 -0.0363908 -0.0336778 -0.00475129 -0.0389262 -0.00103438 -0.0273174 -0.0100064 0.00795897 0.00706357 -0.0143735 -0.00743912 0.00132078 0.00697283 0.00834438 0.00405208 1.39754e-05 0.0058034 -0.0115698 0.00356218 0.00941965 0.000169716 -0.0073557 -0.00363412 0.00543699 -0.00122988 0.0033055 0.0153664 -0.0117393 -0.00491606 -0.00506014 0.000534384 0.00802647 -0.00930966 0.00186606 0.00521242 0.000501809 -0.00372192 -2.94673e-06 0.00233283 -0.00696248 -0.00375318 -0.0089183 -0.00541756 -0.020109 -0.00655721 -0.00460486 -0.00182397 -0.00370297 0.00436158 -0.0123072 -0.00185344 0.00236766 -0.00477832 -0.00192363 0.000166361 -0.00264022 -0.00603663 0.0423571 -0.00885785 0.00939044 -0.0141069 4.15802e-05 0.00420699 0.00400784 0.00524474 -0.00220165 -0.0159897 0.0152452 0.0173482 -0.00228704 0.028227 -0.00466229 0.00530593 
-0.00601104 -0.0175265 -0.0224457 0.00809306 0.0113117 -0.013735 -0.00760635 0.00333622 -0.00472058 0.0153535 0.0174452 0.112412 0.0155825 0.0161015 -0.00462052 0.00246397 0.0417714 0.000380142 -0.00272549 0.00525568 -0.00769564 0.00589329 -0.0100681 0.0249497 -0.00708351 -0.00190948 -0.00168067 -0.0294346 -0.0230458 -0.015121 -0.0216083 -0.00260367 -0.0219672 -0.0069062 -0.0232858 -0.0161934 -0.00695288 -0.00635032 0.00598883 -0.00217833 0.0190253 -0.00056989 0.000138832 -0.0177923 -0.00983118 0.0298474 0.000919924 -0.0141206 -0.00221911 -0.00425859 -0.0370411 -0.0038104 0.00206736 0.00241296 -0.021768 0.00241767 -0.00588596 -0.0230779 -0.0136111 -0.0132195 -0.00257145 -0.0152252 -0.00629715 -0.002074 0.00679629 0.000374749 0.0249657 -0.0036918 0.024507 0.00111735 0.00458595 -0.0353702 0.00141042 0.00850778 -0.00453472 -0.0201331 -0.00951122 0.00447244 0.00399665 -0.000219754 0.0171726 0.00965746 -0.000400824 0.00167592 0.00933177 -0.0114285 0.00331243 -0.0131123 0.00114441 0.0509794 0.00249875 0.0125464 0.00771945 -0.00769628 0.00542294 0.015405 0.00151833 -0.00404999 0.0104353 0.0142761 
0.00175745 -0.0100375 -0.0171334 -0.00218347 0.00810185 -0.00464727 -0.00361961 0.00276343 0.0105916 0.0401058 0.0020117 0.0155825 0.103739 0.0134609 0.00587382 -0.00505282 -0.00844059 0.00237204 -0.00283328 0.00519282 -0.00605552 -0.0181475 -0.0134264 -0.0189929 -0.000459742 -0.00336611 -0.0019809 -0.0171467 -0.0210569 -0.0148629 -0.0154205 -0.00386773 0.01149 -0.00723885 0.00109153 -0.00381927 -0.000546576 -0.0039252 -0.00361077 0.0216055 0.0244496 -0.000511087 0.000766292 -0.0261875 0.00709544 -0.026007 0.00341639 -0.00338235 -0.000574051 0.00973472 -0.0321251 0.00899342 0.00331532 -0.0166343 -0.00516496 -0.0070571 -0.00862037 -0.0111281 0.000122567 0.00220195 -0.000421408 -0.0058359 -0.00233475 -0.0024033 0.00393678 -0.00105021 -0.0014931 0.000623657 -0.00229913 -0.00562875 0.00944821 -0.0162954 -0.000265755 0.0374573 -0.00303487 -0.0232755 0.000924311 0.00326754 -0.00452771 0.00268311 0.00605114 -0.00879265 -0.00072877 -0.00447144 -0.00938008 -0.00601138 0.00242159 -0.00836605 0.0164526 0.00251243 -0.00213931 0.0322337 0.00851197 -0.00112652 0.0144861 0.0221787 -0.00241823 0.000848942 -0.00339722 -0.00891237 
-0.0031887 -0.0212487 0.0127715 0.00319042 -0.00154604 -0.0189945 -0.00438605 -0.00143856 -0.000209225 0.0199833 -0.000509946 0.0161015 0.0134609 0.124468 -0.00264077 -0.0017544 -0.00379159 0.000132453 0.00290469 0.0143346 -0.000751689 0.0111103 -0.00598411 0.00647386 0.00453883 -0.00133794 -0.00151604 -0.0060857 0.0134857 -0.00874266 -0.00320958 -0.00275206 0.00595649 -0.00645421 -0.0212513 -0.0188373 -0.00191767 -0.0023148 -0.00171137 0.00327797 0.0113322 0.00181694 0.000865061 -0.0310412 0.0133274 0.00316273 -0.000688541 -0.014848 0.00133621 0.0253315 -0.0389155 -0.00125232 0.00331952 0.00114565 -0.00379618 0.000658696 -0.00606966 -0.0244207 -0.00414985 0.00812736 -0.00547921 -0.0190116 -0.00728316 0.00262467 0.0112865 -0.00264807 0.000877441 -0.00351482 0.00556579 -0.00212091 0.0113681 -0.0308391 -0.000699688 0.000595484 0.00449899 -0.0132985 -0.00954124 -0.00528651 0.009591 -0.00167001 0.00266864 -0.0151345 -0.00189439 0.000968745 0.00333209 0.0214554 -0.00882073 -0.0137039 0.00740664 0.0196374 0.00437465 0.0108694 -0.00615894 -0.00948732 0.00770647 -0.0117266 0.000887759 -0.00268817 -0.00322472 -0.00633946 
0.00310249 -0.0106834 -0.0157936 -0.00201764 -0.00320645 0.00261028 0.00625508 -0.00219459 0.00097634 0.0080196 0.00151936 -0.00462052 0.00587382 -0.00264077 0.0728014 -0.00164873 -0.00642345 0.00919244 -0.00181036 0.00116775 -0.0043097 -0.0154547 -0.00931614 -0.0131123 0.00647527 -0.000926918 -0.000480551 -0.000558451 -0.0137339 -0.00395713 -0.00804846 -0.000174383 0.026506 0.000888295 0.017029 -0.000460824 0.00811179 -0.00153396 -0.00216247 0.00586933 0.0119873 0.00155483 -3.90153e-05 -0.0165471 0.00306715 -0.0122837 -0.00101005 -0.00580082 0.00857461 0.00681823 -0.0242701 -0.00133565 -0.0024942 -0.00301818 -0.00781535 0.00227589 -0.00301979 -0.0132959 -0.000881071 0.0166582 0.00619756 0.0017473 0.00837849 -0.00127257 0.00735117 0.00117266 0.00492515 -0.00142964 0.00449538 -0.00161851 0.0150116 0.0033068 0.00211745 0.0316468 0.00185912 -0.009951 -0.00228318 0.00430057 -0.000378784 0.00138403 -0.00339976 -0.00935798 0.000858507 -0.00551828 -0.0177854 -0.0196322 -0.00619333 -0.00399078 -0.00414084 -0.013517 -0.00184183 -0.0011454 -0.00432731 0.0131136 0.001307 -0.0101511 -0.00233594 0.0042238 -0.00127258 -0.00210754 
0.00150589 0.0104442 -0.00095467 -0.00120628 -0.00119757 0.00294515 -0.00135136 -0.00129388 -0.00239152 -0.00319014 0.00694881 0.00246397 -0.00505282 -0.0017544 -0.00164873 0.0555487 0.0173729 -0.00216188 0.000268691 0.00371168 0.00151606 0.00190641 -0.00335973 0.0057683 -0.00263915 -0.000162221 -0.000590799 -0.0144355 -0.0026124 0.000878258 0.00109472 -0.000982907 -0.016319 0.00141414 -0.00960374 -0.00213905 -0.000496706 0.000141552 0.00335944 -0.00682248 -0.0105368 -0.00242798 -0.000166089 0.00145365 -0.00288645 0.020534 -0.00177757 7.52647e-05 -0.00224757 -0.00871174 0.00397003 -0.00239669 0.000135266 0.00252866 -0.0038026 0.00287499 -0.00140666 -0.00764855 -0.00524436 -0.00742974 -0.00446629 0.00139796 -0.00203166 -0.00163877 -0.00479317 -0.0006148 0.00526302 -0.000661379 -0.00296941 0.00539813 -0.00264236 -0.00735288 0.000122461 -0.00115789 -0.00153417 0.00523891 0.000833592 -0.000918957 0.000433336 -0.000877271 -0.00343039 -0.00523863 0.000227913 -0.00268437 0.0192369 -0.00564456 -0.00234872 0.00188283 -0.00491009 0.020053 0.000113501 -0.00749264 -0.00210922 0.000262455 -0.00344488 -0.00132932 0.000269787 -0.00282005 0.0027442 -0.000177141 
-0.00758245 -0.0225975 -0.0521866 0.0149583 0.00682652 -0.00342025 -0.00182497 -0.00222882 -0.0119542 -0.00164248 -0.00307909 0.0417714 -0.00844059 -0.00379159 -0.00642345 0.0173729 0.201293 0.0051811 -0.00310238 0.00209471 -0.0046125 0.0219391 -0.00597294 0.0533991 -0.00774244 0.00550618 0.00254202 -0.0452089 -0.0266492 -0.0282203 -0.00729388 0.000492398 -0.0479618 -0.00153803 -0.0469552 -0.00834949 0.00454979 -0.00588529 0.0138678 -0.0136451 -0.000338288 0.00643558 -0.000532982 -0.0193168 -0.0146963 0.0888998 -0.00537553 -0.0326368 0.00224497 -0.042885 -0.0326797 -0.0114571 0.00633905 0.017724 -0.038353 0.00182138 -0.0127816 -0.0241159 -0.0183863 -0.00844979 -0.0074362 -0.0181729 -0.0024299 -0.00573418 -0.0118955 0.00392922 0.0402927 -0.00639462 0.0294167 0.00416303 0.0111253 -0.0365678 0.0147507 -0.00236646 -0.0086433 -0.000147915 -0.00499729 0.00502189 0.0044543 -0.0040409 0.0155332 0.0173718 -0.000970113 -9.12005e-06 0.0161325 -0.0413952 -0.00905939 0.00040929 -0.0214626 0.0912678 0.00183001 -0.0191896 0.0115351 0.0224791 -0.00870689 0.0116518 0.0089438 -0.0106101 0.021437 0.0135399 
-0.000967011 -0.00910375 -0.00919886 5.29701e-05 -0.000452221 0.00560786 0.00398943 -0.000595197 -0.000735816 0.000852568 -0.002948 0.000380142 0.00237204 0.000132453 0.00919244 -0.00216188 0.0051811 0.0494279 -0.000735969 -0.000572138 -0.00313909 -0.00486907 -0.00429462 -0.00358715 -0.000459211 0.00242316 0.00311388 -0.00452895 -0.00796891 -0.00595566 -0.00447435 0.00139322 0.00460423 -0.00128204 -7.22682e-05 0.00216859 0.0118369 0.000350119 -0.000328712 0.00244516 0.00753233 0.00166734 -8.69101e-05 -0.0103763 0.0017948 -0.00405567 -0.00150708 -0.00359043 0.00188118 -0.00611594 -0.0148536 0.000252511 0.000106025 -0.00266225 -0.00756846 -0.00171688 -0.00176066 -0.00480045 -0.00465193 0.000596234 -0.00102209 -0.00208899 0.00100327 -0.000916747 0.000357292 0.000510648 0.0098466 -0.000863002 0.00614614 -0.000785993 0.0176196 -0.00374886 0.00602019 0.00921322 0.000493416 -0.0074503 -0.00107624 -0.000681381 -0.00275923 0.000519325 0.00545041 -0.00209887 0.000423624 0.00127354 -0.0106867 -0.00944458 -0.00160523 0.00260748 -0.00146554 -5.76072e-05 -0.000492983 -0.00316163 -0.000940629 0.00608532 0.00186074 -0.00176351 -0.00250241 -0.00043626 0.00413608 -0.00469523 
0.00110171 -0.00262524 0.0066137 -2.63618e-05 -0.000570008 0.00849401 0.000734994 0.00168497 0.00299957 0.00304812 -0.00282522 -0.00272549 -0.00283328 0.00290469 -0.00181036 0.000268691 -0.00310238 -0.000735969 0.0367962 -0.00221248 -0.00147539 0.0112008 0.00127357 -0.000983169 -0.00139708 -0.000199366 -0.000895971 -0.00207519 -0.00220934 -0.00125873 0.00689453 -8.15689e-05 0.00157222 -0.00249104 -0.00845061 -4.39783e-06 0.00364245 0.0010937 -0.00126699 -0.00436787 -0.00328624 0.00119525 4.04918e-05 -0.00465398 0.000970327 -0.00384447 -0.000418197 -0.00418716 -0.00123867 0.00765998 -0.0011783 -0.000608262 -0.00053607 -0.000320218 0.00192321 -0.00254659 0.00256414 -0.00528317 -0.00376311 3.49499e-05 -0.00381151 -0.00135236 -0.000352465 -1.97294e-06 -0.00255316 -0.00166682 0.0005223 0.00705207 0.000704503 -0.0021636 -0.00347294 -0.0031671 -0.00154905 -0.00411543 0.00173688 -0.00659609 -0.000153908 0.00145541 0.00337212 -0.00134422 -0.00196579 -0.000911792 -0.000323994 -0.00128961 -0.00378609 0.00963675 -0.00294345 -0.00261335 0.00061406 -0.00039858 -0.000221894 0.00419591 -0.00365229 -0.00139145 -0.00169747 -0.00483826 1.00809e-05 -0.0022218 -0.00124681 0.00627884 
-0.00246795 -0.00643716 -0.0100036 -0.000719382 -0.00250643 -0.00576344 -0.00180636 -0.00139716 0.00259142 0.00813109 0.00652757 0.00525568 0.00519282 0.0143346 0.00116775 0.00371168 0.00209471 -0.000572138 -0.00221248 0.071472 -0.00241385 -0.000369071 -0.000632528 -0.00426065 -0.00221707 -0.00125553 -0.000347537 -0.0113505 -0.00997464 -0.00351994 -0.00687711 -0.00148163 -0.000641501 1.38237e-05 -0.000814666 -0.00434675 0.00172287 -0.00362639 -0.000539994 0.0101631 0.00393658 -0.000792792 7.69799e-05 -0.0084326 0.00112033 -0.00238833 0.00237028 0.00301502 0.00289402 0.000116357 -0.0111744 0.00158883 -7.15561e-05 -0.00701904 -0.00771321 -0.00457294 -0.00358252 0.00115432 -0.00481847 0.00327016 -0.00214254 0.000101083 -0.00299162 0.00266727 0.000372664 0.000124009 0.00626166 0.000181514 -0.00252769 0.00409921 -0.00157786 -0.0148305 -0.000328152 0.00576404 -0.00116934 -0.0101783 2.54078e-05 0.0015697 -0.00339681 -0.000753528 -0.00370594 -0.00369093 -0.000285642 -0.00239998 0.00760496 -0.000580483 0.000869573 0.00425741 0.00359207 0.00372664 -0.000636212 0.0020962 0.00481626 -0.00512352 -0.000403822 0.00397125 0.000574274 -0.00198604 -0.00306912 -0.00369784 
-0.00602789 -0.0108456 -0.0195336 0.000958078 0.0018484 -0.00940743 -0.00453212 0.00129561 0.00140115 -0.00885534 0.00445237 -0.00769564 -0.00605552 -0.000751689 -0.0043097 0.00151606 -0.0046125 -0.00313909 -0.00147539 -0.00241385 0.132856 0.0245312 0.0139889 0.00737556 0.00199438 0.00391006 -0.00154791 0.0240179 0.0122054 0.00614604 -0.00296483 -0.00217253 0.00618139 0.00312349 -0.00020138 -0.0114413 -0.00112427 0.00331981 -0.00397213 -0.00152069 -0.00984262 0.00202524 -0.000195147 0.00705491 0.0116547 -0.00545549 -0.0025328 -0.0103066 -0.00558592 -0.00545932 -0.00189729 -0.0027219 -0.00560166 0.00535274 0.0129255 0.00384266 -0.00303153 -0.00388674 0.00479045 -0.00514505 -0.0139403 -0.00876992 -0.00720695 -0.00108795 0.00217668 -0.00156839 -0.0128655 -0.000376278 -0.0092101 -0.00356473 0.000880462 -0.00519514 -0.00106669 -0.00549846 -0.00326202 0.00331107 0.00223203 -0.00326275 -0.00550726 0.000800682 -0.00156063 -0.00293346 -0.00168884 -0.00688237 -0.00297236 0.0079747 0.0146585 -0.00424855 -0.0164025 -0.0106377 0.00495292 -0.012334 -0.0114987 -0.00634827 0.00487743 0.0162941 -0.00133282 -0.00115499 -0.00764301 -0.0106434 
0.00158164 -0.0542562 -0.005425 0.0167479 -0.000941068 -0.0193674 -0.00823606 -0.00452149 -0.00852077 -0.0174033 -0.0313618 0.00589329 -0.0181475 0.0111103 -0.0154547 0.00190641 0.0219391 -0.00486907 0.0112008 -0.000369071 0.0245312 0.204628 0.0193486 0.0319394 0.00712551 7.09105e-05 0.00047084 0.0294969 0.0351927 0.00877768 0.0549249 0.000666019 0.0291237 0.00428871 -0.0262419 -0.0284212 -0.00412682 -0.00298028 -0.00226968 -0.0232775 -0.0326054 -0.00339925 -0.000493127 0.0179871 0.000976714 0.0138029 -0.00843113 -0.0333245 -0.00476474 0.00664109 -0.0370587 -0.00688383 -0.0070646 0.0126898 -0.0127365 0.0339628 -0.000251576 0.0199214 -0.0181609 -0.0142248 -0.029616 -0.0300442 -0.00953341 0.00731709 0.00741086 -0.00234076 0.00286642 -0.00710169 0.00919863 -0.00135732 0.00499951 -0.0751122 -0.000465889 -0.0234487 0.000761712 -0.00899346 0.0160082 -0.00801995 0.0186811 -0.00842601 0.00314404 -0.00239298 0.000651267 -0.0126423 -0.02059 0.0347512 -0.0115861 -0.00322642 -0.0139496 0.02636 0.00144383 -0.0119668 -0.00848005 0.00828481 -0.019623 0.00288123 0.00671553 -0.0151633 0.00186306 -0.000614255 
0.0030695 -0.0255607 0.00152654 0.00317659 -0.00349224 -0.0188673 -0.00192957 -0.00262479 -0.0046248 -0.0094091 -0.00699438 -0.0100681 -0.0134264 -0.00598411 -0.00931614 -0.00335973 -0.00597294 -0.00429462 0.00127357 -0.000632528 0.0139889 0.0193486 0.130788 0.0121092 0.000741391 0.0041838 -0.00142737 0.0285998 0.0301373 0.0387219 0.0097678 -0.000665284 0.0208867 0.00276636 -0.00225074 -0.0200416 -0.0057168 0.00752785 -0.00500213 -0.00457453 -0.00826213 -0.00334334 -0.000449333 0.0532667 -0.00137615 -0.0166177 -0.00309159 -0.00923673 -0.00177046 0.0221412 -0.0145168 -0.006584 -0.00555637 0.013368 -0.0147539 0.0311885 -0.006887 0.0295686 -0.0110979 -0.00751456 -0.0199042 -0.00965806 -0.00335496 0.00388702 -0.00167366 0.00071737 -0.0115152 -0.00604361 -0.00879162 0.00229171 -0.0282817 -0.00931833 0.00161398 -0.0147737 0.00126139 0.0192277 0.0138398 -0.0103003 -0.00249819 -0.00480785 -0.00416566 -0.0126233 -0.0018815 -0.00706513 -0.0246857 0.00760343 0.0014292 0.000246712 -0.00614818 -0.00808949 -0.00210346 -0.0035323 0.00108326 -0.0127553 -0.00445898 -0.00606999 -0.00391001 -0.00576624 -0.00650106 -0.0133769 
-0.0043365 -0.0240907 -0.023512 0.0128636 0.00706552 -0.0275623 -0.00567041 -0.00049533 -0.00964258 -0.0137662 -0.012042 0.0249497 -0.0189929 0.00647386 -0.0131123 0.0057683 0.0533991 -0.00358715 -0.000983169 -0.00426065 0.00737556 0.0319394 0.0121092 0.162927 -0.00823124 0.00218233 0.0020908 -0.0102153 0.00230901 -0.00166705 -0.00196772 0.00546172 -0.0389522 -0.0142666 -0.0362328 -0.0157885 -0.0176513 -0.00385923 0.00306441 -0.0192662 -0.00570333 -0.00229519 -0.000368585 0.0108715 -0.0135468 0.0565586 -0.00593444 -0.0276944 -0.000554128 -0.016021 -0.00623276 -0.00906723 0.00401892 0.0298234 -0.0131335 0.00440224 -0.0103067 -0.0225287 0.00437716 -0.0189243 -0.0176853 -0.0221726 -0.0102198 3.65806e-05 -0.0074674 -0.0108095 0.00517374 -0.00918494 0.0267205 0.00880329 -0.00720284 -0.0113391 0.00281441 -0.0243874 -0.00664046 0.0164181 -0.00612121 -0.00313491 0.00829063 -0.00264671 0.0155045 0.0297815 0.00200011 0.0118691 0.012341 0.00495922 0.00477967 -0.00961981 -0.0121401 0.054986 0.00149943 -0.0124786 -0.00797716 -0.000513339 -0.00663868 -0.00359348 0.0110925 -0.0169011 0.00713548 0.0171007 
-0.00186252 -0.0175053 -0.00836056 0.00494846 -0.00398205 -0.0124784 0.00376285 -0.00240158 0.00381079 -0.00777787 -0.0110457 -0.00708351 -0.000459742 0.00453883 0.00647527 -0.00263915 -0.00774244 -0.000459211 -0.00139708 -0.00221707 0.00199438 0.00712551 0.000741391 -0.00823124 0.0877426 0.00253017 0.00182564 0.0362729 0.0270767 0.00411172 0.00172412 -0.00168516 0.0327972 0.00136427 -0.00182066 -0.0110826 -0.000291522 0.00957896 -0.00300752 -0.00620789 -0.0123806 0.00346606 -8.15974e-05 -0.00772672 0.0244111 -0.0104472 -0.0016649 -0.0119993 -0.00432677 0.00270024 -0.00548673 -0.00365221 -0.00297112 -0.00464693 0.00719821 0.0180064 -0.000646047 0.00413104 -0.00200911 0.0227497 -0.00783545 -0.0103108 -0.00428177 6.47106e-05 -0.000354195 -0.00105023 -0.00701526 -0.00365263 -0.0039817 0.0027725 0.00219263 0.00136516 -0.00111269 -0.00463222 0.0059365 -0.00142366 -0.00211999 -0.00527114 -0.00257556 -0.00262266 -0.00276405 -0.0103626 -0.00155612 -0.00260893 -0.0150976 0.00583194 -0.0038819 -0.00245791 -0.00590964 -0.0202481 5.4999e-05 -0.00972597 -0.00182335 -0.00150515 -0.00240212 -0.00094999 -0.00129325 0.00110073 0.000317713 -0.012117 
0.000367349 -0.00632997 -0.0105825 0.000384702 -0.000956502 -0.00289229 -0.000615562 0.000182574 -2.13166e-05 -0.00191457 -0.00417132 -0.00190948 -0.00336611 -0.00133794 -0.000926918 -0.000162221 0.00550618 0.00242316 -0.000199366 -0.00125553 0.00391006 7.09105e-05 0.0041838 0.00218233 0.00253017 0.0388667 0.000708328 0.00621747 0.00390827 0.000363986 -0.000650478 0.00343629 -0.000935018 0.000564647 -0.00302822 -0.00412469 0.00527526 -0.0002517 -0.00150864 -0.00137573 -0.00228125 0.00196965 -2.29865e-06 -0.000372544 0.00270404 -0.001518 -0.00132302 -0.00375879 0.000676725 -0.00717023 -0.0034242 -0.00153635 -0.000766452 -0.00240848 0.00234316 0.000149391 -0.00226983 0.000191304 -0.000101817 -0.000921042 -0.00208231 -0.0017664 6.39777e-05 -0.000218401 0.0015543 -0.00134502 0.000170881 -0.00115305 0.000494895 -0.000943688 -0.000136153 0.000917877 0.00221761 -0.00303218 0.00268079 0.00381968 0.00170305 -0.00111889 -0.00238744 -0.000535953 0.00145627 0.00256007 -0.00079329 0.000124415 -0.00775867 0.00405638 -0.000406836 -0.0012303 -0.00341426 -0.00147502 0.00160068 -0.00416961 0.00243324 0.00139977 -0.001947 -0.00305636 -0.00108429 0.00370875 0.000392321 -0.00404595 
-0.000921792 -0.00422551 -0.00263717 0.000895814 0.000721769 -0.00254069 8.76553e-05 -0.00070378 -0.00098232 -0.0019365 -0.00173947 -0.00168067 -0.0019809 -0.00151604 -0.000480551 -0.000590799 0.00254202 0.00311388 -0.000895971 -0.000347537 -0.00154791 0.00047084 -0.00142737 0.0020908 0.00182564 0.000708328 0.0305791 -0.00160838 -0.000713371 -0.0010061 -0.0032048 0.00346434 -0.00395052 0.000298392 -0.00256567 -0.00183289 -0.00165575 -0.000435081 -0.00013047 -0.0019377 -0.000171999 0.000949941 -7.29724e-06 -0.00165554 -0.00212634 -9.23628e-06 0.00061863 -0.00227893 0.00052733 -0.00650688 -0.00331133 -0.000747176 0.000274539 0.00113857 -0.00151822 -0.000535585 0.00117165 0.00322589 -0.000970624 -0.000363633 0.000822747 -0.00265938 -0.000987845 0.000741244 -0.000736501 -0.00130499 0.00376433 -0.00100334 0.00312211 0.000612353 -0.00133921 -0.00586666 0.00119496 -0.000191546 0.000569013 -0.00282244 -0.00109114 0.0020565 -0.00171966 0.000915187 0.00362731 0.00400576 0.00107783 0.00313135 0.00124426 -0.00103189 -0.000832342 -0.000185948 0.000449543 -0.000574788 -0.000278202 -0.000499407 -0.000318687 0.00836858 -0.000755888 0.000942472 0.00103518 -0.00212806 -9.24675e-05 -0.000566909 
-0.00277973 -0.0526787 -0.00524902 -0.00272418 -0.0113489 -0.0274647 0.00731033 -0.00920227 0.00213321 -0.027619 -0.0363908 -0.0294346 -0.0171467 -0.0060857 -0.000558451 -0.0144355 -0.0452089 -0.00452895 -0.00207519 -0.0113505 0.0240179 0.0294969 0.0285998 -0.0102153 0.0362729 0.00621747 -0.00160838 0.21859 0.0809027 0.0508801 0.0446679 0.00362417 0.0824714 0.00234914 0.0399858 -0.0268172 -0.00475694 0.0117977 -0.0122535 0.000557783 -0.00490503 0.00335911 -0.000747962 0.0555239 0.0226493 -0.055518 -0.00522582 -0.0131116 -0.00697474 0.0342836 0.0165307 -0.00348711 -0.0125162 -0.0116146 -0.00260842 0.0152682 -0.000705923 0.0415003 0.000188895 0.0210995 -0.0340979 -0.00960661 -0.00561038 0.0128528 0.00872784 -0.0022077 -0.0312859 -0.00932183 -0.0224816 -0.0021632 -0.0167381 0.00131451 -0.00261387 -0.0246755 0.0037972 0.00918156 0.0106935 -0.0141713 -0.00572161 -0.00561846 -0.00992828 -0.0284297 -0.00529761 -0.00868229 -0.0640002 0.0269324 -0.00961384 0.00709504 -0.00737463 -0.0647786 -0.00523516 -0.0339642 0.00953434 -0.0201314 -0.0122498 0.00636889 -0.00456714 -0.00228941 -0.00867071 -0.0259014 
-0.00204508 -0.0412007 0.0231856 0.00590472 -0.0106438 -0.0509512 0.0129607 -0.00963684 -0.00174827 -0.0287924 -0.0336778 -0.0230458 -0.0210569 0.0134857 -0.0137339 -0.0026124 -0.0266492 -0.00796891 -0.00220934 -0.00997464 0.0122054 0.0351927 0.0301373 0.00230901 0.0270767 0.00390827 -0.000713371 0.0809027 0.234346 0.0441434 0.057183 -9.83326e-06 0.0256624 0.0144683 0.00520752 -0.0427695 -0.00942798 0.0162594 -0.0119393 -0.00858667 -0.0304828 -0.00905346 -0.000960706 0.0568037 0.0218821 -0.0166212 -0.0109405 -0.018295 -0.00464555 0.00625079 0.000155753 -0.000352703 -0.0145454 0.00491077 0.0312088 0.0518963 -0.00315256 -0.00242065 0.0104335 0.00576806 -0.0311303 -0.0358135 -0.0139782 0.0034758 -0.000433484 0.00685778 -0.0363532 -0.0137808 -0.0183444 0.00783905 -0.017407 -0.00420116 0.00113678 -0.0324199 0.00389518 0.0385837 0.0232257 -0.0143266 0.0105773 -0.00660052 -0.0220943 -0.0226794 -0.00482612 -0.0033366 -0.0107608 0.0598182 -0.0100486 -0.0209453 -0.0197776 -0.0346138 0.00214257 -0.0353022 -0.0121303 -0.022941 -0.0102099 -0.026933 0.00740946 -0.0105383 -0.00189444 -0.0341255 
0.000670481 -0.00820062 0.0119966 -0.00556403 -0.00599254 -0.0204602 0.00813865 -0.00416258 -0.00696182 -0.0119404 -0.00475129 -0.015121 -0.0148629 -0.00874266 -0.00395713 0.000878258 -0.0282203 -0.00595566 -0.00125873 -0.00351994 0.00614604 0.00877768 0.0387219 -0.00166705 0.00411172 0.000363986 -0.0010061 0.0508801 0.0441434 0.139175 0.0172023 0.00125773 0.020353 0.0156832 0.00834977 -0.0168713 -0.00384718 0.00207464 -0.00409232 -0.00995723 -0.00670339 -0.00665246 -0.000512988 0.049658 -0.00282581 -0.0355406 -0.00371589 0.00524008 -0.00723767 0.0187602 0.0086601 -0.00100017 -0.0082693 0.00936364 -0.0125521 0.0310256 -0.00459108 0.027372 -0.0113293 -8.60851e-05 -0.0174521 -0.0119733 0.0011906 0.00529182 0.0115662 -0.00454447 -0.0178696 -0.00642465 -0.0122527 0.00439147 -0.0317131 -0.00508365 0.00184491 -0.011618 -0.00235886 0.0393499 0.0191834 -0.0131866 -8.20159e-05 -0.00354853 -0.0102915 -0.0213376 -0.00304845 -0.00444087 -0.0340684 0.00691518 0.00169208 -0.00252615 -0.0090518 -0.0291141 -0.00251914 -0.00609486 -0.00481323 -0.0192855 -0.00367634 -0.0108498 -0.00632559 -0.00453751 -0.00198092 -0.02023 
0.0103701 -0.0279976 -0.00382275 -0.00611361 -0.00345093 0.000238975 -0.00187842 -0.00417941 -0.00520897 -0.0145708 -0.0389262 -0.0216083 -0.0154205 -0.00320958 -0.00804846 0.00109472 -0.00729388 -0.00447435 0.00689453 -0.00687711 -0.00296483 0.0549249 0.0097678 -0.00196772 0.00172412 -0.000650478 -0.0032048 0.0446679 0.057183 0.0172023 0.176604 0.00224824 0.0260136 0.0050783 0.0301453 -0.00536269 -0.000666716 0.00869244 -0.00119942 -0.0148316 -0.028569 -0.0054099 -0.000552768 0.0199068 0.000300847 -0.012157 -0.00629834 -0.0168897 0.00235556 0.00450328 -0.00421275 0.000945698 -0.00106244 -0.0179631 0.0116408 -0.00257637 0.00227472 0.0246226 0.00311874 0.0100094 -0.0233469 -0.00772035 -0.00435042 0.00783839 -0.00705661 -0.00113099 -0.0110792 -0.000951579 -0.00696813 0.006643 0.00310598 -0.00336805 0.0017183 -0.0166603 0.00857038 -0.0145407 0.0247463 -0.00896613 -0.00992787 -0.00621415 -0.0107425 -0.0293072 -0.00115752 -0.00995056 -0.0227573 0.0142492 -0.0175017 0.00228814 -0.0159227 -0.00711305 -0.000541819 -0.0264824 0.00489875 -0.00149278 -0.0153044 -0.0171465 0.00467071 -0.00821191 0.00183247 -0.0075562 
-0.00172072 -0.00943894 -0.00724781 0.00257976 -0.00054904 -0.00583723 -0.000735568 -0.00077855 -0.00185448 -0.00150676 -0.00103438 -0.00260367 -0.00386773 -0.00275206 -0.000174383 -0.000982907 0.000492398 0.00139322 -8.15689e-05 -0.00148163 -0.00217253 0.000666019 -0.000665284 0.00546172 -0.00168516 0.00343629 0.00346434 0.00362417 -9.83326e-06 0.00125773 0.00224824 0.0400573 -0.00675115 -0.00150102 -0.0016749 -0.0026485 -0.0015298 -0.00219366 -0.000127029 0.00584775 0.00746206 0.0010082 4.64111e-05 0.00827376 -0.00197281 -0.00813017 -0.000341334 -0.00785667 -0.0002312 -0.00765015 -0.00389577 -0.000571465 4.1911e-06 -0.00397146 0.00377146 -0.0018083 0.000890373 0.00513495 0.0056184 -0.00513184 -0.00434622 -0.00354255 -0.000320106 -0.00100303 0.000299073 -3.65875e-05 8.31155e-05 -0.00111318 4.00159e-05 0.00587296 -0.0058317 -0.00435905 0.00292564 -0.0026416 -0.00091569 -0.000133419 -0.00218814 0.00020211 -0.00177643 -0.00093127 0.00574821 0.00731363 -9.98766e-05 0.00599201 -0.00365 0.00531544 -0.00222091 -0.000307831 0.000203286 -0.00632928 -0.000260098 0.00295936 0.0036571 -0.00251812 -0.000494675 0.00310165 0.000289258 0.00376261 3.48219e-05 -0.000351734 
0.00337838 -0.0391925 -0.0130912 -0.00535513 -0.00639424 0.00165264 -0.00115798 -0.00394779 0.00479969 -0.00308389 -0.0273174 -0.0219672 0.01149 0.00595649 0.026506 -0.016319 -0.0479618 0.00460423 0.00157222 -0.000641501 0.00618139 0.0291237 0.0208867 -0.0389522 0.0327972 -0.000935018 -0.00395052 0.0824714 0.0256624 0.020353 0.0260136 -0.00675115 0.223956 0.00125498 0.0712257 -0.0262197 0.0117955 0.0103011 -0.0115492 0.000609452 -0.00146292 -0.000123527 -0.000292531 0.00783637 0.0236042 -0.05744 -0.00679719 -0.00916374 -0.000788766 0.055937 -0.0386052 0.00100812 -0.00722666 -0.0317484 -0.00746413 0.0111262 -0.00614194 0.0252084 -0.00783275 0.0492754 -0.0172891 -0.000483684 0.0011003 0.0127951 0.025513 -0.00348382 -0.0202731 -0.00236429 -0.0136345 -0.00773171 0.0270274 -0.00650393 -0.00520003 0.012137 0.00728543 -0.0324718 0.0055518 -0.00869146 0.000426139 -0.0010877 -0.0131513 -0.0472402 -0.000529727 -0.0301623 -0.0683673 -0.0102396 0.00650477 -0.00209569 -0.00687987 -0.0684485 -0.00636458 -0.00774961 0.00548601 -0.00527407 0.00155791 -0.0182108 -0.0104027 -0.00198231 -0.00719189 -0.0285914 
0.000681131 -0.00917519 -0.00809701 -0.00342897 -0.00316447 -0.0109302 0.0068085 -0.00311625 -0.00203399 -0.00481754 -0.0100064 -0.0069062 -0.00723885 -0.00645421 0.000888295 0.00141414 -0.00153803 -0.00128204 -0.00249104 1.38237e-05 0.00312349 0.00428871 0.00276636 -0.0142666 0.00136427 0.000564647 0.000298392 0.00234914 0.0144683 0.0156832 0.0050783 -0.00150102 0.00125498 0.0939681 -0.00455595 -0.00818054 0.000532163 0.00602347 -0.00017276 0.00361088 -0.000827528 -0.00329066 -0.000129842 -0.0167345 0.00150811 -0.00483619 -4.19339e-05 0.00442052 0.00377626 -0.0136039 -0.00439047 0.00117828 -0.00274099 0.00809738 0.00424164 0.0180489 0.00772987 0.00862032 -0.00828316 -0.00353745 0.00783079 -0.000917132 0.00012627 -0.00112436 -0.00465413 -7.68055e-05 0.00404344 -0.00310517 -0.000747599 0.00116799 -0.005705 -0.0013208 0.000127319 0.00998969 0.00588407 0.0180417 0.00968587 0.00533101 -0.00690711 0.00146355 -0.00676755 -8.453e-05 -0.000180536 -0.00183088 -0.0115542 -0.00952295 -0.00315458 0.00119204 -0.00783452 -0.00394292 0.00110207 -0.00596719 -0.00806599 0.00375942 -0.00365089 -0.0215498 -0.004225 -0.00218798 0.000180873 -0.00987634 
0.00309915 0.00800041 -0.0180761 -0.0115487 -0.00770953 0.00660671 0.00102584 -0.00462793 -0.00406228 -0.0185337 0.00795897 -0.0232858 0.00109153 -0.0212513 0.017029 -0.00960374 -0.0469552 -7.22682e-05 -0.00845061 -0.000814666 -0.00020138 -0.0262419 -0.00225074 -0.0362328 -0.00182066 -0.00302822 -0.00256567 0.0399858 0.00520752 0.00834977 0.0301453 -0.0016749 0.0712257 -0.00455595 0.202986 0.00982077 -0.00929818 0.00499167 -0.0087241 -0.0106637 -0.0204969 -0.00247943 -0.000642478 0.0295178 -0.00581713 -0.0333826 0.000406544 0.0257115 0.00273078 0.0252799 0.0142959 0.00247073 -0.00057928 -0.0155486 -0.00521636 -0.0125266 -0.00384942 0.017272 0.00579354 0.0288807 0.0069605 0.0342156 0.0126914 0.00928338 0.0123501 0.00830741 -0.0211277 -0.000910317 -0.0189286 -0.00742861 0.0223027 0.0394316 -0.00338575 0.00221687 -0.00139518 -0.0125647 -0.00216967 -0.00197445 -0.0197282 0.00387562 -0.0170055 -0.0359979 0.00289984 -0.026207 -0.0309485 -0.0286133 0.00391545 0.00459153 -0.0142056 -0.0496787 -0.0040995 -0.0318005 0.0244658 -0.00278202 0.00277491 -0.020499 -0.00751851 0.00619391 -0.0103506 -0.0142517 
