0.17393 -0.0130207 -0.00195632 0.0299226 0.00952331 -0.00148471 -0.0148445 0.0106879 -0.0026853 0.00977578 0.00817438 -0.0313367 0.00222789 0.00150423 0.0219372 -0.00719064 -0.00718187 -0.00148474 0.00100005 -0.00238164 0.00153977 -0.00229254 -0.0162333 -0.0114948 0.00406324 -0.00612756 0.00520813 0.0379969 -0.00528106 0.00311171 -0.0226966 -0.00820169 0.0206823 -0.0180517 -0.00317304 -0.000727472 -0.00796952 -0.0067117 9.96631e-06 -0.0038598 0.00330301 -0.00499972 -0.0162307 -0.00574368 0.00278022 0.00731934 -0.00213376 0.0077364 -0.0113596 -0.0057769 0.00313323 0.00844609 -0.00993867 -0.00188808 0.0217998 0.00442089 -0.0164141 -0.00383373 -0.0180893 -0.00691009 -0.0071067 0.00546331 0.0135291 -0.0132469 -0.0262407 -0.0134882 -0.0286097 -0.00876254 -0.000521838 0.0107998 -0.00217919 -0.0107298 -0.00996913 0.00441034 -0.00429779 -0.011557 0.0050177 -0.00026498 -4.86594e-06 -0.0030902 -0.000218255 -0.00197013 0.00505465 -0.000763439 0.00174327 -0.0047455 0.0560799 -0.0188731 -0.00468882 0.0135004 -0.00459688 0.00155734 -0.00332831 -0.00317913 0.00861891 0.00135464 -0.0294173 -8.7394e-05 -0.00674578 -0.00897372 
-0.0130207 0.13163 0.00107847 -0.0183048 -0.00476956 -0.00420593 0.00812695 -0.0143933 0.00365278 -0.00862925 -0.0146846 0.0275134 -0.000457944 6.7411e-05 -0.00258609 -0.00288496 0.0198635 0.00590037 -0.00536093 0.00159814 0.0163624 -0.0012139 0.0361299 0.0066558 -0.000115704 -0.0250149 -0.00981537 -0.0306859 -0.00288922 -0.0216265 0.0164073 0.00745121 -0.00753266 0.00273467 -0.00175176 -0.0189202 0.00237966 -0.000241967 -0.0120638 -0.00291221 -0.00572076 -0.00631571 0.0309328 -0.0105572 0.00697731 -0.0221652 -0.000249716 -0.00247077 -0.00723292 0.00634042 -0.00303411 0.00454666 -0.00416498 5.22563e-06 0.00218856 0.00542647 0.0313146 0.00611609 -0.00998383 0.00167809 -0.00192674 -0.00129305 -0.0255864 -0.0206164 0.00621161 -0.00525828 0.025462 -0.0141309 0.00144426 -0.00842953 0.00055475 0.0042686 -0.0107849 -0.00521834 0.019377 -0.000750478 0.0066078 -0.00315532 -0.00161253 -0.00176548 -0.00149716 -0.00286111 0.00650642 0.00885096 0.00225798 -0.0042437 -0.0330126 0.0120404 -0.00623577 -0.0104255 0.000593013 -0.00603135 -0.0164021 0.000812174 -0.00371682 0.0130799 -0.00696487 -0.00109272 -0.00421073 0.00205483 
-0.00195632 0.00107847 0.0384715 -0.000758323 -0.00225876 0.0015621 0.00278007 -0.00227665 -0.000379314 -0.00747232 0.000878926 0.0144768 -0.0069285 0.000326495 -0.00148285 0.00340024 0.000532924 0.0067132 0.00159807 -9.61923e-05 -0.00507927 -0.00128161 -0.00976926 -0.00544861 0.000329495 -0.00380115 -0.00274748 -0.00956873 -0.00294474 -0.00542663 -0.00112025 0.00664422 -0.0023281 -0.000642574 -0.000269474 -0.000979251 0.000850744 -0.000796573 0.00255018 0.000329656 -0.00143403 0.00249501 0.00694147 -0.00112488 -0.00351999 -0.000901882 0.000420157 0.000234531 -0.00234581 -0.00094161 -0.000305688 0.00114788 -0.000363054 -0.000336016 -0.00606809 0.0010027 0.00336884 -0.00186987 0.000258267 0.000352159 -0.00625739 0.000859937 -0.00549477 0.000142744 -0.00348366 -0.000731472 0.00858984 -0.0029115 0.00277053 0.00124931 0.000412332 0.00457464 0.00232046 -0.00219395 0.000974696 0.00194061 -0.00103709 0.00112335 -0.000851142 -0.00097575 -0.000438395 0.0017335 0.00131852 0.000611247 0.00164357 -0.00142796 -0.00864199 -0.00092249 -0.00178601 0.000551231 0.00133402 -0.000582829 -0.0017055 -8.01311e-05 -0.000588329 0.00366121 0.00158152 -6.43311e-06 -0.00415561 0.00315887 
0.0299226 -0.0183048 -0.000758323 0.24842 -0.000180335 -0.00619396 -0.0161598 -0.0022788 -0.0107873 0.019505 0.0251731 -0.00495201 0.0403861 -0.00268747 0.00739343 0.00224986 -0.0250445 0.0051995 0.00238524 -0.00441601 0.0159009 0.000701708 -0.00443501 -0.0125873 0.00724762 -0.014943 -0.0103469 -0.00739287 -0.0403114 -0.0226141 -0.00530037 -0.00558344 -0.00315581 -0.0295759 -0.00361212 -0.0234135 -0.000218146 -0.00771314 0.00888875 -0.00406142 -0.0197817 0.000137075 -0.00669516 -0.0020065 -0.0386445 0.00643936 -0.00408548 -0.0021258 -0.0222809 -0.00800186 -0.00520826 0.00899629 0.0181187 -0.00192877 0.0451983 0.00175579 -0.0233129 0.00377008 -0.00483718 -0.00665545 -0.0423826 -0.0129009 0.0294119 -0.00766252 -0.0329071 -0.0227686 0.00248362 0.009658 -0.0024222 0.0698933 -0.00324685 0.000818415 0.0128369 0.0165593 -0.00991581 -0.00828957 -0.00232689 -0.000329699 -0.00267666 -0.00508476 -0.00095661 -0.0263172 0.02882 -0.00764153 -0.00116999 -0.00397598 0.0120299 -0.0231583 -0.0167795 0.0244201 -0.00380124 -0.00923217 -0.00299633 -0.00315077 -0.00261371 0.0221513 -0.00652547 -0.00343145 -0.0251113 -0.00450386 
0.00952331 -0.00476956 -0.00225876 -0.000180335 0.0585853 -0.000405507 -0.000412835 0.010735 0.00787825 0.0139422 -0.00377548 -0.0102052 -0.00452917 -0.000708831 0.0119289 -0.00255314 -0.00671929 -0.00474698 -0.00160801 -0.000750689 -0.00566323 0.00266749 -0.00935408 0.00690623 0.00250183 -0.000489722 0.00369972 0.0140351 -0.000176076 -0.00762984 -0.0111428 -0.00356839 0.00737275 -0.00204171 -0.000970244 0.00801381 0.0022002 -0.00023452 0.00426404 -0.0115183 -0.000191314 -0.00260204 -0.007219 0.00190553 0.000182107 0.00798749 0.00124938 0.000858083 -0.0022419 -0.00312879 -0.00048488 -0.00303349 -0.00347574 0.000349822 0.00195218 0.00656238 -0.00111989 -0.00134462 -0.00536408 0.000831213 -0.0095317 0.00400175 -0.00697547 0.0024362 -0.00673826 -0.00460788 -0.011035 0.00327006 -0.0012171 -0.00902579 -0.000890498 -0.00429812 -0.0041576 -8.6724e-06 -0.0030523 -0.00328825 -2.34157e-05 0.00172617 0.00109415 0.000535231 0.000434171 0.00441523 -0.00539536 -0.0030819 -0.00011428 -0.00206734 0.0218093 -0.00176492 -0.00577973 -0.0026336 -0.00495005 0.00199205 -0.00561036 0.000536631 0.00477702 -0.00691248 -0.00857167 -0.000293303 0.00489524 0.000588115 
-0.00148471 -0.00420593 0.0015621 -0.00619396 -0.000405507 0.0620486 -0.00390798 -0.00870793 0.0012059 0.0152449 0.00252661 -0.00454094 -0.00370479 0.00451578 -0.00355978 0.0010105 0.00739625 0.00753611 -0.00211321 0.000751995 -0.00875772 0.000671345 -0.00801227 -0.00179416 -0.00151123 -0.00328865 -0.00472837 0.00398409 -0.0036514 -0.0149089 -0.00891898 -0.000406007 -0.00193338 0.000609459 -0.000892444 -0.00116184 -0.00374983 -0.00376268 0.00865305 -0.0167638 0.00424777 -0.00237593 0.00293117 0.00123978 -0.00510445 0.018347 0.000986715 -0.00143165 -0.00135578 -0.000933552 -0.00225777 0.00107656 0.00365088 -4.89352e-05 -0.00302966 0.00748966 0.0059618 -0.00313907 0.00437059 -0.00304774 -0.0101709 -0.00148141 -0.00154028 0.0215098 0.00865326 -0.00175095 0.00116315 -0.000209278 -0.001626 0.00240866 -0.000739001 0.00503943 -0.00269169 -0.00151672 -0.0020151 -0.00131419 -0.00188048 0.00078947 -0.00327353 -0.0017889 -9.95904e-05 -0.00287571 -0.00898633 -0.00378961 0.000290958 0.00138356 0.0031416 -0.00428202 -0.0055341 -0.00456254 -0.00535263 -0.00293618 -0.00548959 -0.00117491 -0.000571772 0.0185933 -0.00444109 0.000899579 -0.00451772 0.000511883 
-0.0148445 0.00812695 0.00278007 -0.0161598 -0.000412835 -0.00390798 0.101143 0.00869249 0.00958395 -0.00903649 -0.00863098 0.010877 -0.013069 -0.00192248 0.00233127 -0.000903421 -0.00128305 0.00499283 -0.000588741 -0.000935037 -0.00588818 -0.00603363 -0.00482394 -0.00120621 -0.000117026 -0.000631761 -0.00438106 -0.0139717 0.000706671 0.00165877 0.00385502 -0.00016561 -0.00504871 -0.000728789 0.000262873 -0.00019861 0.00651918 -0.0018879 -0.00726397 -0.00383798 -0.0045244 -0.000728106 -0.00272256 -0.00396766 -0.00977836 -0.0112181 -0.000504409 -0.00119856 -0.00469588 -0.000594823 -0.000846836 -0.00114822 0.00244845 0.00127047 0.00490679 0.00294439 0.010415 0.000242436 0.00807174 0.0012735 -0.00515591 -0.000680296 -0.00457825 -0.00459743 0.00634298 -0.000546209 -0.00981541 0.00455334 -0.004789 -0.0151038 0.00150541 -0.000523026 -0.00141122 -0.00401004 -0.00346433 -0.00727962 0.00193935 -0.00291985 -0.00172829 0.00133189 -0.000210934 0.00652401 -0.00396901 0.0050534 0.000896805 -0.00202832 -0.0117766 0.00440749 0.00905209 -0.0132299 -0.0111914 0.00553468 0.00767995 0.00253413 -0.00267683 -0.00135936 0.0195992 0.00145199 0.010951 0.000392128 
0.0106879 -0.0143933 -0.00227665 -0.0022788 0.010735 -0.00870793 0.00869249 0.19422 -0.0021395 0.0131905 -0.0248055 -0.0552825 -0.00676189 -0.00570265 0.000284429 -0.0113504 -0.00156224 -0.0133097 -0.00375149 0.00336933 0.0355244 -0.0149181 0.01314 -0.00649446 7.15043e-06 -0.0272172 -0.0111005 0.0281877 -0.0114593 0.0327827 -0.0162591 -0.00727134 0.00438971 0.0119456 -0.0034251 0.0219384 0.00467173 -0.0136427 -0.000881954 0.000802765 -0.0121363 -0.00815258 -0.0289169 -0.0224083 0.0121365 0.00331201 -0.00412867 -0.00825234 -0.00361225 -0.000353854 -0.00363807 -0.00720264 -0.0145888 -0.000551253 0.02871 -0.00185028 -0.0176876 -0.0101199 -0.0222668 -0.0131464 0.0321288 0.00731296 0.0447155 0.0119633 -0.0051464 -0.0302517 -0.0647777 -0.00801036 -0.00426188 -0.052111 -0.00853298 -0.0142031 0.0293856 -0.0121501 -0.0033971 -0.00580725 -0.00525325 -0.00705312 0.0312634 0.00398318 -0.00291772 0.0182143 -0.0280388 -0.0120792 0.00545886 -0.011619 0.0378659 -0.00903447 0.0226031 -0.0318246 -0.00336026 0.0336807 0.0234721 0.000861838 -0.00413442 -0.0375014 0.029856 0.00183571 0.0457251 -0.013583 
-0.0026853 0.00365278 -0.000379314 -0.0107873 0.00787825 0.0012059 0.00958395 -0.0021395 0.0463958 -0.00430651 -0.00243719 0.00386644 -0.00807456 0.000362097 -0.00120459 -0.000631731 -0.00306998 0.0070262 -0.00180635 -0.00057196 -0.00513639 0.00368119 -0.00686549 -0.00474465 -0.000965957 0.00332864 -0.00156594 -0.00408054 0.00246428 -0.0106931 0.00254594 0.00108562 -0.000685048 -0.0015675 -0.000508117 0.00334458 0.00332488 0.000284772 -0.00133874 -0.0119964 0.00326774 0.000608851 0.000408429 0.00153426 -0.00224648 0.00578508 0.000556597 -0.000425238 0.00199241 -0.0016095 -0.00192499 -0.00229228 0.00157169 0.00151742 -0.00617694 0.00224452 0.00534031 -0.00106352 0.00218585 0.00150386 -0.00830466 0.00151063 -0.0127345 -0.00435734 -0.00276351 0.00311665 -0.000209096 0.00157211 -0.000183136 -0.00752583 0.00105429 0.0051838 -0.00213638 -0.000845604 9.03231e-05 0.00179783 0.00834432 0.000357339 0.00127557 0.00116652 0.000413254 0.00137586 -0.00496625 -0.00192271 0.000821673 0.00046825 0.00924041 0.00482698 -0.00188662 -0.0042006 -0.00182554 -0.00148535 -0.00413194 0.000304786 0.00295361 -0.0039783 -0.00247265 0.000367446 -0.00476147 -0.00011752 
0.00977578 -0.00862925 -0.00747232 0.019505 0.0139422 0.0152449 -0.00903649 0.0131905 -0.00430651 0.224668 0.000134261 -0.0255645 0.0148008 -0.0034405 0.0250739 0.00179525 0.0106962 -0.0191008 -0.0123889 -0.00175761 -0.0118407 0.02206 -0.0215859 0.0419957 -0.00765196 0.00392384 -0.0230803 0.0245173 -0.0356271 -0.0487173 -0.0152849 -0.00974405 0.00691355 -0.022802 -0.00194257 0.017185 -0.015975 -0.0184262 0.0248495 -0.0320897 -0.0131523 0.00659997 -0.0203306 -0.0012821 -0.0341553 0.0723176 -0.00541993 -0.00834428 -0.0146809 -0.0225679 -0.0173136 -0.00419187 0.0123772 -0.00307202 0.0259348 0.00812302 -0.00252228 -0.00255154 0.0161228 -0.00901985 -0.0387733 -0.00519554 -0.03276 0.0662291 0.00216354 -0.00320493 0.00965667 0.0383232 -0.00229954 -0.000465016 -0.00595528 -0.0142648 -0.028683 0.00350249 -0.0192746 -0.00936142 -0.00329767 1.80017e-05 0.00124863 -0.00483335 0.00107389 0.000998471 -0.00346603 -0.0169335 -0.00567843 0.00211603 0.0660282 -0.0198122 -0.029224 0.00629405 -0.0310915 -0.00396532 -0.0282748 0.00221556 -0.0045141 0.0274392 -0.0337259 -0.00155917 -0.000469735 0.00309875 
0.00817438 -0.0146846 0.000878926 0.0251731 -0.00377548 0.00252661 -0.00863098 -0.0248055 -0.00243719 0.000134261 0.148693 0.0086879 -0.0129181 0.00446978 0.00875279 0.00360614 -0.00994157 0.00316597 0.00626692 -0.00182179 -0.0135693 0.00344428 -0.0143938 -0.0152646 0.00584776 -0.000453465 -0.00105363 -0.00591632 -0.0116224 -0.0115915 0.0051722 0.00413657 -0.00601976 -0.0216182 0.000472912 -0.00325696 -0.00327974 -0.00361887 -0.00658131 -0.0167318 -0.00646304 0.00980247 0.0179746 -0.00674578 -0.0135321 0.00085457 0.00143888 -0.00269239 -0.000749508 -0.00622865 -0.00454625 -0.00207389 -0.00794396 -0.000921837 -0.00184346 -0.00620889 -0.00365201 -3.24916e-05 0.000847508 -0.00251992 -0.0169205 -0.0038972 0.000651075 -0.0182092 -0.0176344 -0.0141455 0.00598444 -0.0078487 -0.00731587 0.0201676 0.00667881 0.00384347 0.00799822 -0.00915672 -0.00559156 0.0109832 -0.00614024 -0.000722631 -0.00927792 -0.00390038 0.000301021 -0.0182058 0.00360944 0.000724169 -0.00253651 0.00180901 0.00225303 -0.00210582 -0.0112209 0.0151422 0.00190607 -0.00857065 0.0145934 0.000919647 0.0080252 0.0590033 -0.00118426 0.00161825 -0.0100485 0.0180411 
-0.0313367 0.0275134 0.0144768 -0.00495201 -0.0102052 -0.00454094 0.010877 -0.0552825 0.00386644 -0.0255645 0.0086879 0.192421 -0.0138537 0.00278387 0.00224371 0.00989222 0.0120591 0.00619922 -0.00157965 -0.00281048 -0.0342287 0.00625291 -0.00326499 -0.0153866 -0.00497185 -0.00785105 -0.0161424 -0.054486 -0.01847 -0.0414911 -0.00302317 0.0222253 -0.0151097 -0.0266532 -0.000647881 -0.00808297 0.0120169 0.0143811 -0.0141751 -0.00248279 -0.00415751 0.0157437 0.036032 0.00101713 -0.0258926 -0.0245577 0.00088542 0.00397193 -0.00390384 -0.0227709 0.00025223 -0.00389053 0.00579342 -0.000419849 -0.0216436 0.00363477 0.0248265 0.00571523 0.0197238 0.021659 -0.0349568 -0.00561308 -0.0651796 -0.0125373 -0.013856 0.0191871 0.108315 -0.00857918 0.00850088 0.0315823 0.00796235 0.0196136 -0.00465131 0.0117414 -0.0150218 0.00772402 -0.00561255 0.0065177 -0.0176972 -0.00514091 -0.00178732 -0.0085836 0.0274047 -0.00550701 -0.00257452 0.00410316 -0.0460956 0.0206409 -0.0156432 0.0445588 0.0149349 -0.0136733 -0.0154795 0.000695653 -0.00533111 0.0374292 -0.00864383 -0.00292239 -0.0332101 0.0160634 
0.00222789 -0.000457944 -0.0069285 0.0403861 -0.00452917 -0.00370479 -0.013069 -0.00676189 -0.00807456 0.0148008 -0.0129181 -0.0138537 0.202653 -0.00347583 -0.0139454 -0.00507403 0.0027126 -0.0242139 -0.00203736 -0.00331202 0.0468854 0.000233631 0.0154145 0.0211399 -0.00454595 0.0431782 0.0131638 0.0323481 0.00614232 -0.00432568 -0.00426473 0.00054896 0.00312593 0.0180804 -0.000616444 -0.0296522 -0.012805 0.00262517 -0.020579 0.0176243 -0.00227165 -0.00214554 -0.0119751 -0.0121498 0.031276 -0.0227373 -0.00344702 -0.00178004 -0.00659095 -0.00223411 -0.00566859 0.00354319 -0.00403092 -0.00016841 -0.0293435 -0.015012 -0.00988203 0.00799226 -0.0128721 -0.0131262 -0.00190345 -0.00382811 0.011153 -0.0220354 0.0037163 -0.0113632 0.005244 -0.00520514 0.00177219 0.0132683 -0.00792588 -0.0150113 -0.0127296 0.0020347 0.00394172 0.00318326 0.000106776 -0.00342592 0.0214296 0.00207447 -0.000422451 -0.0286227 -0.000564871 -0.000165089 -0.00288783 -0.0104529 -0.00899377 -0.00766312 0.00691228 0.00077807 0.00380947 -0.0117603 -0.0261682 -0.00420009 -0.00406857 -0.00518767 -0.0453204 0.000257832 -0.000759815 -0.0105378 
0.00150423 6.7411e-05 0.000326495 -0.00268747 -0.000708831 0.00451578 -0.00192248 -0.00570265 0.000362097 -0.0034405 0.00446978 0.00278387 -0.00347583 0.0311077 0.000113915 -0.000395157 -0.000135639 0.00179796 0.00266926 4.45711e-05 -0.00180561 5.32186e-05 -0.00125516 -0.00387176 0.0011339 -0.00287221 0.00137253 -0.00110516 0.00196923 -0.00464925 -0.00420083 0.00048769 0.00116423 -0.00448272 -3.98596e-05 -0.00175924 -0.00149181 -0.000830742 0.000742747 -0.00366954 0.000377796 -0.000345966 0.00432235 -0.0011483 2.88618e-05 0.000822138 0.00104992 0.00028086 0.00193541 -0.00124406 0.00101596 0.000435986 -0.00124627 -8.23051e-05 -0.00465338 0.00160473 0.00579033 0.00109454 0.00113209 -0.00122431 -0.00226029 -0.000226751 -0.00174052 0.00101227 -0.000888723 -0.000645946 0.00408657 -0.00086993 5.8059e-05 -0.000729197 -0.000729143 0.00187388 -0.000204259 -0.00187338 -0.000811015 -0.000499656 -0.000436914 -0.00019003 -0.00186194 -7.83819e-05 -0.000221901 -0.00224762 -0.000592687 -0.00184089 0.000213962 -0.00042747 -0.00152838 -0.00203643 -0.00212673 -8.03273e-05 0.00327782 -0.00153991 -0.0006115 -0.000428839 0.00238325 0.00517711 -0.00415036 -0.000108661 -0.00314435 0.000918689 
0.0219372 -0.00258609 -0.00148285 0.00739343 0.0119289 -0.00355978 0.00233127 0.000284429 -0.00120459 0.0250739 0.00875279 0.00224371 -0.0139454 0.000113915 0.104675 -0.00041085 -0.000544555 -0.00658667 0.000773643 -0.000858904 -0.0193241 0.00127686 -0.00233504 0.0149625 0.00315799 -0.0199531 -0.00549783 -0.00109028 -0.0125347 -0.0179128 -0.00707838 -0.00509965 0.0106446 -0.0149061 -0.000185862 -0.00162338 -0.00396997 -0.0032888 0.00470453 -0.0185903 -0.00484046 0.00451821 -0.0121568 0.0022646 -0.0152514 0.0205966 0.000713303 -0.000708818 -0.00957475 -0.00765663 -0.00372448 0.000766785 -0.00134135 -0.000993605 0.0168498 0.00798779 -0.00957905 0.00162868 0.00672423 0.00242219 -0.0173931 0.000232574 -0.0174855 0.0078444 -0.0105213 -0.00510743 -0.00243405 0.0079706 -0.00418391 0.0152989 -0.00174047 -0.00906846 -0.0131294 0.00764323 -0.00369238 -0.00775876 -0.000229705 0.000865062 -0.00238837 -0.0013949 -0.00112212 0.00292843 0.013566 0.00115304 -0.00175904 0.0057027 0.0238296 -0.00643623 -0.0105605 0.00457994 -0.0088923 -0.00325849 -0.0121382 0.00168421 0.00523532 0.00619611 -0.0124943 -0.000311705 -0.000590965 -0.004968 
-0.00719064 -0.00288496 0.00340024 0.00224986 -0.00255314 0.0010105 -0.000903421 -0.0113504 -0.000631731 0.00179525 0.00360614 0.00989222 -0.00507403 -0.000395157 -0.00041085 0.0564499 -0.00199125 0.00334687 0.00456976 0.00123606 -0.0099073 -0.00443109 -0.00720935 -0.0054588 0.00103583 -0.00722771 -0.00548935 -0.00943324 -0.00485956 -0.00990117 0.00889422 -0.000705034 0.00188592 -0.00714267 0.00165132 -0.000516248 -0.00173764 -0.00246152 0.00217396 -0.00717355 -0.00250104 0.00851467 0.000213508 -0.00115066 -0.00974388 -0.000227077 -0.00118442 -0.00133755 4.44003e-06 0.00258324 -0.00235169 0.00211847 -0.000254895 -0.00067992 -0.00930686 0.00106359 0.000180212 -0.00223723 -0.00162978 0.00155801 -0.00965837 -0.000994684 -0.00410215 0.0148021 -0.00581937 -0.00501224 0.00931307 0.00170705 -0.000183008 0.0129799 -0.00101341 0.00419647 -0.00207793 0.00539266 -0.00371906 -0.000653436 -0.00134444 0.00501054 -0.00286981 -0.000486262 0.000708547 0.000632474 -0.000329398 0.00184942 -0.000938083 -0.000926441 0.00357708 0.00342911 -0.00452555 0.009456 -0.00230337 -0.00183299 -0.0065722 -0.000569955 -0.00208905 0.00981875 0.0112327 -0.000884753 -0.00882909 0.00383966 
-0.00718187 0.0198635 0.000532924 -0.0250445 -0.00671929 0.00739625 -0.00128305 -0.00156224 -0.00306998 0.0106962 -0.00994157 0.0120591 0.0027126 -0.000135639 -0.000544555 -0.00199125 0.122202 -0.00536154 -0.00383261 0.00126773 0.0167454 0.00486121 0.0131324 0.0324183 -0.00263507 -0.0103008 -0.0105348 -0.0163669 -0.00319193 -0.0123881 -0.00927983 -0.000197741 -0.00972703 0.00128849 0.00124162 -0.00399524 -0.00374738 -0.00429944 -0.00242678 0.00675006 -0.00477834 -0.00269786 0.00814408 -0.00297756 -0.0107742 0.00482863 -0.00198291 -0.000882838 -0.0030467 -0.00789217 -7.19826e-05 -0.00374996 -0.00280035 -0.00014683 0.00134397 -1.05765e-05 0.0266505 0.00586674 0.00919694 -0.0032821 0.00910196 0.000339051 -0.0101284 0.00466915 0.0127368 0.00850889 0.0129945 -0.00867414 -0.00554705 -0.0167027 -0.00211575 0.00242206 -0.0167286 -0.00539062 1.1033e-05 0.00367632 -0.00647879 -0.00257416 -0.00120469 0.000364711 -0.00143149 -0.00262001 -0.00791536 -0.0074914 -0.00141084 -0.00423148 -0.0218558 0.00308534 -0.00129805 -0.0108434 -0.00772055 -0.00630655 -0.0165833 0.00163381 -0.00465544 0.0151704 0.00170757 0.00118297 -0.012632 -0.0034091 
-0.00148474 0.00590037 0.0067132 0.0051995 -0.00474698 0.00753611 0.00499283 -0.0133097 0.0070262 -0.0191008 0.00316597 0.00619922 -0.0242139 0.00179796 -0.00658667 0.00334687 -0.00536154 0.0951621 -3.02331e-05 -0.000433486 -0.0114651 -0.00126037 -0.00702567 -0.014536 -0.00243901 -0.0078612 -0.00706333 -0.0132783 -0.00701058 -0.0120745 -0.000955425 0.0051128 -0.0030515 -0.00931231 5.71345e-05 -0.0118284 0.00625061 0.00188699 0.000293614 -0.0105393 0.00730645 -0.00441957 -0.002888 0.00644384 -0.0134549 0.00228999 0.000263094 -0.0024772 0.00167516 0.00380233 0.00070629 0.00234708 0.00632607 -0.00100513 -0.00720006 0.00247353 0.0194748 -0.0034973 -0.00494995 0.00172055 -0.0145516 -0.00211355 -0.00499835 -0.000103403 -0.00539059 -0.0046385 -0.000398145 0.000202289 -0.00297578 0.00797392 0.00129863 0.0172457 0.0256855 -0.0069807 -0.00180017 0.00231808 0.00240312 -0.000683989 -0.00477486 -0.00287421 -0.000678549 -6.60618e-06 0.00444788 0.00320851 0.00210009 0.00671637 -0.0187501 -0.00123736 -0.00087812 -0.00611834 -0.00227211 -0.00486088 0.0174874 -0.000355026 -0.000361504 0.0138907 0.0134413 -0.000835066 -0.0151834 0.00479168 
0.00100005 -0.00536093 0.00159807 0.00238524 -0.00160801 -0.00211321 -0.000588741 -0.00375149 -0.00180635 -0.0123889 0.00626692 -0.00157965 -0.00203736 0.00266926 0.000773643 0.00456976 -0.00383261 -3.02331e-05 0.0632751 0.000311791 -0.000978314 -0.00195959 -0.00999504 -0.00981163 0.00936404 -0.000752035 0.00810084 -0.000186729 0.00462519 -0.00413137 -0.011324 0.00754605 -0.00432028 -0.00279895 2.29582e-05 -0.00701189 -0.00252699 -0.00208064 -0.0059719 -0.00438021 0.00220192 -0.000667123 -0.00192393 0.00133961 0.00888426 -0.00501118 0.0027822 -0.00061898 -0.00525959 0.00065461 0.00315014 -0.00233078 0.000111407 0.000335412 -0.00891364 0.0016312 -0.00540129 -0.00218203 -1.65905e-05 0.00127049 -0.00886026 0.000588742 0.0112643 -0.00803243 -0.00525224 -0.00430037 -0.0114471 -0.00391815 0.00335791 -0.00262177 2.40369e-05 0.00863839 0.0191925 0.00612858 -0.000897962 0.000730431 -0.00228561 7.68152e-05 -0.00117966 -0.00012475 -0.00028797 -0.00610627 0.000168455 -0.00183746 -0.000442831 -0.00216585 0.00272442 -0.00632022 -0.00266487 -0.000691067 0.00941948 -0.000733169 -2.54676e-05 -0.000143295 0.00352708 0.00490539 0.00744349 -0.000223381 -0.00819826 0.0013524 
-0.00238164 0.00159814 -9.61923e-05 -0.00441601 -0.000750689 0.000751995 -0.000935037 0.00336933 -0.00057196 -0.00175761 -0.00182179 -0.00281048 -0.00331202 4.45711e-05 -0.000858904 0.00123606 0.00126773 -0.000433486 0.000311791 0.0214485 0.00374483 0.00123587 0.00155496 -0.000229535 0.000159628 -0.00143758 -0.000535922 -0.0037998 0.00110133 0.000894065 -0.000575022 5.27802e-05 -0.000115298 0.00111698 -9.46312e-05 0.00104466 -0.00112324 -0.000903566 0.000435629 -0.00430808 -6.95424e-05 -0.000717102 -0.000227771 -0.00197725 0.00288544 0.00274663 0.000353299 -0.000623473 -0.00079066 0.00124182 -0.000105282 0.000996523 -0.000893457 0.000908404 -0.00316416 0.000691339 -0.000114725 -0.000630452 -0.000495554 -0.000961722 0.000741411 0.000288207 -0.00139989 0.00179655 0.00313608 -0.00108036 -0.00511635 -0.000144094 -0.000547653 -0.00363645 -0.000471463 -0.000299911 -0.000599102 0.000224311 0.00181543 0.00083947 -2.26824e-06 5.73399e-05 0.00180954 0.000771133 -1.57918e-07 -0.000365752 -0.00238604 -0.000208297 0.00041414 0.000286603 -0.00196541 -0.00112513 0.00167138 -0.0022029 -0.000647149 -0.000201672 0.000287352 -0.000200281 -0.000132119 -0.000995948 0.000871951 0.000203772 0.00168355 -0.000322529 
0.00153977 0.0163624 -0.00507927 0.0159009 -0.00566323 -0.00875772 -0.00588818 0.0355244 -0.00513639 -0.0118407 -0.0135693 -0.0342287 0.0468854 -0.00180561 -0.0193241 -0.0099073 0.0167454 -0.0114651 -0.000978314 0.00374483 0.198651 0.0108268 0.0186841 0.00770584 0.00149887 0.0181653 0.00211611 0.0178107 -0.00153987 -0.00217838 -0.00505164 -0.00363029 -0.0149007 0.0239327 -0.00424073 -0.00584784 -0.0156733 -0.00576829 -0.0192368 -0.000516041 0.000729708 -0.00829568 -0.00520771 -0.0197722 0.0462161 0.00538857 -0.00185583 -0.00756122 -0.0101006 0.00580257 -0.00494867 -0.00217834 -0.0126301 -0.000259934 -0.0348164 -0.0116947 -0.0101174 0.000319242 -0.00927808 -0.0128487 0.00987013 0.00687875 0.0174342 -0.0253542 0.00144343 -0.0127545 -0.0307476 -0.0131669 -0.000715699 -0.0451462 -0.00205669 0.000761591 0.00871735 -0.00735199 0.0369107 0.00771437 0.00645256 -0.00351432 0.0309116 0.00120446 0.000613057 -0.0256745 -0.0295598 -0.0113434 0.0053365 -0.0130105 0.00824474 -0.0153767 0.0177594 -0.0125595 -0.00211502 0.00585047 -0.0143055 -0.00247155 -0.0062157 -0.0114353 -0.0165578 0.00168683 0.00438137 -0.001495 
-0.00229254 -0.0012139 -0.00128161 0.000701708 0.00266749 0.000671345 -0.00603363 -0.0149181 0.00368119 0.02206 0.00344428 0.00625291 0.000233631 5.32186e-05 0.00127686 -0.00443109 0.00486121 -0.00126037 -0.00195959 0.00123587 0.0108268 0.134365 -0.0130958 -0.00221295 -0.00344946 0.0291253 -0.00170737 0.00582334 -0.00843189 -0.0253053 -0.0257873 -0.00493311 -0.00255036 -0.0247883 -0.00144992 -0.00988078 -0.00507211 0.0129284 -0.00413913 -0.0200532 0.0309968 -9.85827e-05 -0.00382922 0.00532088 -0.00415296 0.0271115 0.00185247 0.00157771 0.0104986 -0.00945673 0.000528131 -0.00848918 0.0029562 -0.00037531 -0.0241336 0.00630466 7.8513e-05 -0.00555466 0.0209601 0.00373115 -0.0338556 -0.00321251 -0.029805 0.0015183 -0.013096 0.00737318 0.0250465 0.00145068 0.00439526 -0.00208462 -0.000540187 -0.0115263 -0.0150038 0.0203742 -0.00449456 -0.0113754 0.0025188 0.00324101 0.0034171 -0.00198879 -0.000207758 -0.0146065 -0.00774565 -0.00829743 -0.00294673 0.00210214 0.0173083 -0.000814622 -0.0109672 0.0287809 -0.00360597 -0.00862688 -0.0103813 -0.00140735 0.00427758 0.000664757 -0.0230066 -0.000937387 -0.0250614 0.0133396 
-0.0162333 0.0361299 -0.00976926 -0.00443501 -0.00935408 -0.00801227 -0.00482394 0.01314 -0.00686549 -0.0215859 -0.0143938 -0.00326499 0.0154145 -0.00125516 -0.00233504 -0.00720935 0.0131324 -0.00702567 -0.00999504 0.00155496 0.0186841 -0.0130958 0.215654 0.0329229 0.000773151 -0.0241681 -0.000342559 -0.00949499 -0.00113598 0.0095548 0.0460759 0.00371012 -0.000208796 0.0120897 0.00346592 -0.0315953 -0.00797342 0.0032026 -0.0181172 -0.00769171 -0.00709613 -0.0161391 0.0026052 -0.0164305 0.00840843 -0.0327508 -0.00429734 -0.00550754 -0.0138641 -0.0135888 -0.00656007 0.00677595 -0.00445285 -0.000129205 -0.00204812 -0.00781419 0.00261621 0.0122218 -0.0143125 -0.0034557 0.0311163 -0.00904214 0.0243943 -0.0202542 0.0215046 -0.00988851 -0.00168489 -0.00573794 -0.00202194 -0.00292073 -0.00235235 0.00382099 -0.0290075 -0.00389096 0.0173157 -0.015587 0.0028655 -0.0066766 0.0176533 0.00234211 -0.00134376 -0.00929149 0.0152581 -0.00774428 0.000558105 0.000821279 -0.037927 -0.00474731 0.0227215 -0.0165364 0.00355559 -0.00895206 -0.00486898 -0.00163628 -0.00877175 -0.0284908 -0.0190341 0.0022411 0.0283002 -0.00536339 
-0.0114948 0.0066558 -0.00544861 -0.0125873 0.00690623 -0.00179416 -0.00120621 -0.00649446 -0.00474465 0.0419957 -0.0152646 -0.0153866 0.0211399 -0.00387176 0.0149625 -0.0054588 0.0324183 -0.014536 -0.00981163 -0.000229535 0.00770584 -0.00221295 0.0329229 0.195947 -0.00314777 -0.00351679 0.00383485 0.0142714 0.00436796 -0.0157115 -0.00765407 -0.00847477 0.00110119 0.00656384 0.0016568 0.00658608 -0.00591257 -0.000322997 0.0116517 0.0193545 -0.00604294 -0.00168583 -0.0146052 0.000847324 -0.012874 -0.00319596 -0.00230727 0.00142753 -0.0127709 -0.0147693 -0.00827447 -0.00131209 -0.00953946 -0.0024206 -0.00390789 -0.00195524 0.0168761 0.0121825 0.0188057 -0.00735548 0.011132 -0.00342954 -0.000839419 -0.00556845 0.006156 0.00749475 -0.0152719 0.0204185 -0.0066745 -0.0142799 -0.00374839 -0.000350319 -0.0203832 -0.0165041 0.000272562 -0.0102567 -0.0069298 -0.00717417 0.00469986 -0.00463016 0.00169106 0.00297877 0.0125773 -0.00823647 -0.000530238 -0.00308465 -0.00853004 -0.0161592 -0.0128808 -0.0321248 -0.0208379 -0.0085698 -0.017294 0.00187261 -0.00764971 -0.0182347 -0.020461 -0.000702771 0.00672572 -0.00656447 
0.00406324 -0.000115704 0.000329495 0.00724762 0.00250183 -0.00151123 -0.000117026 7.15043e-06 -0.000965957 -0.00765196 0.00584776 -0.00497185 -0.00454595 0.0011339 0.00315799 0.00103583 -0.00263507 -0.00243901 0.00936404 0.000159628 0.00149887 -0.00344946 0.000773151 -0.00314777 0.0370168 -0.00461142 0.00619981 -0.00084997 0.00280319 -0.00571351 0.00187587 0.000902488 -0.00201631 -0.00306362 -0.000297802 -0.00414571 -0.00162368 -0.000800704 0.000574302 -0.00346949 0.000574237 -0.000493633 -0.000549506 -0.00165242 0.00376103 -0.000678596 0.001889 7.84093e-05 -0.0020271 0.00405531 0.00393764 -0.000198147 -0.00285689 0.00129367 -0.000987765 0.000113931 -0.00393436 -0.000764389 -0.00199615 0.00032305 -0.00460889 0.000588756 0.00297492 -0.00481129 -0.00263565 -0.00154202 -0.00933818 -0.00319752 -0.000629048 -0.00179947 0.000851289 -0.00100875 0.00278037 0.0012288 -6.92845e-05 -0.00198091 -0.000634513 0.00067136 0.000237076 -0.000215695 0.000180984 -0.00452925 0.000930502 0.000501903 0.000482043 -0.00149561 0.00258394 -0.00139961 -0.00201022 -0.000140564 0.00313105 -8.02581e-06 -0.003039 -0.000225065 0.00509547 -0.00262538 -0.00357363 0.000781618 -0.000849151 0.00110955 
-0.00612756 -0.0250149 -0.00380115 -0.014943 -0.000489722 -0.00328865 -0.000631761 -0.0272172 0.00332864 0.00392384 -0.000453465 -0.00785105 0.0431782 -0.00287221 -0.0199531 -0.00722771 -0.0103008 -0.0078612 -0.000752035 -0.00143758 0.0181653 0.0291253 -0.0241681 -0.00351679 -0.00461142 0.185135 0.0218766 0.0565415 0.0247535 -0.00497445 0.00202504 -0.00837781 -0.00439243 0.00199681 -0.000740164 -0.00374479 -0.0159055 0.0110806 -0.0123758 -0.0183811 0.0261417 -0.00487004 -0.0220065 0.00746394 0.0238902 0.00837202 0.000248104 -0.00163782 0.00344705 -0.0092916 -0.00245372 -0.0108244 -0.00669446 0.00122611 -0.0548393 -0.0128862 -0.0217186 0.00129809 0.0249071 0.0001912 -0.0217125 -0.00236905 -0.0147529 -0.01917 0.000369999 0.0189806 -0.00830022 0.0223826 0.00515091 -0.0252657 -0.00350488 -0.0119571 -0.0184378 0.0199648 -0.00174817 -0.00313769 0.00908489 0.00534813 0.00964201 -0.000151116 -0.000621475 -0.0208887 -0.0080173 -0.00745446 -0.00342283 0.00187321 0.00430862 -0.000573927 0.0133046 0.0190152 -0.0042585 -0.00913765 -0.010996 -0.00123701 0.0035958 0.000591971 -0.0477026 -0.00122463 -0.0116135 0.0143606 
0.00520813 -0.00981537 -0.00274748 -0.0103469 0.00369972 -0.00472837 -0.00438106 -0.0111005 -0.00156594 -0.0230803 -0.00105363 -0.0161424 0.0131638 0.00137253 -0.00549783 -0.00548935 -0.0105348 -0.00706333 0.00810084 -0.000535922 0.00211611 -0.00170737 -0.000342559 0.00383485 0.00619981 0.0218766 0.0987991 0.0177115 0.0248699 0.0271762 -0.0036119 -0.00242923 0.00690278 0.016775 -0.000663606 -0.00702139 -0.00415516 0.0101355 -0.0046559 0.00553703 0.0105793 -0.00407937 0.000668613 -0.00115434 0.025541 -0.0206781 0.00139277 0.00365978 0.00136011 0.00578184 0.0117938 -0.00392788 -0.00909501 -0.000223552 -0.0286851 -0.00624006 -0.009028 0.00539828 -0.0042832 -0.00449576 0.0025683 0.00307585 0.0146052 -0.0220777 -0.000886196 -0.000701637 -0.0208481 -0.00475117 -0.000903088 -0.000863244 -0.00305823 -0.00384069 0.000271306 -0.0081439 0.00171881 -0.00603401 -0.00119568 -0.00276163 -0.00471302 -0.000911663 -7.50581e-05 -0.00899863 0.0119827 0.00793676 -0.000531969 0.00268147 -0.0119259 -0.00315878 0.00654614 -0.0116854 0.00550876 -0.00754973 -0.00480483 -0.0016867 0.0113267 -0.0207164 -0.0165131 0.000329869 -0.00548544 -0.00282412 
0.0379969 -0.0306859 -0.00956873 -0.00739287 0.0140351 0.00398409 -0.0139717 0.0281877 -0.00408054 0.0245173 -0.00591632 -0.054486 0.0323481 -0.00110516 -0.00109028 -0.00943324 -0.0163669 -0.0132783 -0.000186729 -0.0037998 0.0178107 0.00582334 -0.00949499 0.0142714 -0.00084997 0.0565415 0.0177115 0.212922 0.0113211 -0.0012005 -0.0118127 -0.0134538 0.0149391 -0.0092152 -0.002684 0.00437778 -0.021413 -0.00631895 -0.0117993 -0.0419127 0.0167907 -0.00913434 -0.0342121 -0.0130231 0.0205641 -0.00584577 -0.00134132 -0.00271941 -0.00528685 -0.00718196 -0.00561455 -0.0107 -0.0263829 -0.00150997 -0.0212667 -0.00668974 -0.0188051 -0.00710077 0.00608781 -0.0146581 -0.00388395 0.00289184 0.0343759 -0.00910679 -0.0191829 -0.0134741 -0.0310315 0.0150924 -0.00104239 -0.040293 -0.00795331 -0.0194573 0.00359 0.0123839 0.0119551 -0.00681951 0.00923055 0.00679702 0.0148772 -0.000940425 -0.000635606 -0.00894451 -0.0221853 -0.0159069 0.00223301 -0.00294014 0.0721808 -0.0206351 0.0103589 0.0153955 -0.0117596 0.00589844 -0.00790868 -0.00186185 0.00820982 0.00351109 -0.0437247 -0.000804274 0.0173862 -0.00311556 
-0.00528106 -0.00288922 -0.00294474 -0.0403114 -0.000176076 -0.0036514 0.000706671 -0.0114593 0.00246428 -0.0356271 -0.0116224 -0.01847 0.00614232 0.00196923 -0.0125347 -0.00485956 -0.00319193 -0.00701058 0.00462519 0.00110133 -0.00153987 -0.00843189 -0.00113598 0.00436796 0.00280319 0.0247535 0.0248699 0.0113211 0.121314 0.0266487 0.0133989 -0.00392961 -0.00467991 0.026043 -0.000253266 0.00452813 -0.00905132 0.00306559 -0.0105815 0.00810101 0.00180288 -0.00848246 -0.00602333 -0.0033327 0.0307003 -0.0252106 0.00274779 0.00225592 0.00443228 0.0101763 0.00723508 0.00310877 -0.00639087 0.00135874 -0.0235156 -0.00770187 -0.00151183 0.000604163 -0.000940329 -0.00303581 0.0347366 0.00461115 0.0182076 -0.0227655 0.023969 0.00999225 -0.0301237 -0.0105607 -0.00125133 -0.0313977 -0.00123741 -0.00458484 -0.00528378 -0.0112532 0.0119369 -0.00191974 -0.00100735 -0.00394678 -0.00116033 0.00526852 -0.000515711 -0.00101285 -0.00887745 0.011997 -2.29924e-05 0.000690226 -0.0178793 0.0106941 0.0093739 -0.0205707 0.0024545 -0.00629425 -0.0026226 -0.0011357 0.00784336 -0.0268696 -0.0109324 0.000157644 0.00705427 -0.00262914 
0.00311171 -0.0216265 -0.00542663 -0.0226141 -0.00762984 -0.0149089 0.00165877 0.0327827 -0.0106931 -0.0487173 -0.0115915 -0.0414911 -0.00432568 -0.00464925 -0.0179128 -0.00990117 -0.0123881 -0.0120745 -0.00413137 0.000894065 -0.00217838 -0.0253053 0.0095548 -0.0157115 -0.00571351 -0.00497445 0.0271762 -0.0012005 0.0266487 0.202223 0.00470521 -0.0115117 0.0011511 0.0445554 -0.000748962 0.0166744 0.00667575 -0.000217509 0.00655535 0.0663721 -0.00806738 -0.0139183 -0.0142799 -0.0187848 0.00731024 -0.0519733 -0.00511742 0.000551015 0.00646851 0.0113941 0.000645927 0.00118984 -0.0106914 -0.00198137 0.0177973 -0.0148016 -0.0363571 -0.00247479 -0.0278766 -0.0120787 0.0806039 -0.00278078 0.0586786 -0.0208354 0.00402169 -0.00558038 -0.0499647 -0.0215326 -0.00594274 -0.0324647 -0.00860311 -0.0162933 0.00703713 -0.0146469 0.00015627 -0.00275789 -0.008538 -0.0074343 -0.0049066 0.0025566 -0.00172737 0.046641 0.00281641 0.00614642 -0.00394041 -0.00794492 -0.0282101 0.000212004 0.0335682 -0.0330455 0.0145372 0.0229115 0.0569965 -0.00276128 -0.0070022 -0.0532135 0.0368787 -0.000360234 0.0218957 -0.0152212 
-0.0226966 0.0164073 -0.00112025 -0.00530037 -0.0111428 -0.00891898 0.00385502 -0.0162591 0.00254594 -0.0152849 0.0051722 -0.00302317 -0.00426473 -0.00420083 -0.00707838 0.00889422 -0.00927983 -0.000955425 -0.011324 -0.000575022 -0.00505164 -0.0257873 0.0460759 -0.00765407 0.00187587 0.00202504 -0.0036119 -0.0118127 0.0133989 0.00470521 0.221242 -0.00389666 -0.00514467 0.0257205 0.00431983 -0.0162177 -0.016065 -0.00494907 -0.00400125 -0.0104268 -0.0140936 0.00440517 0.0179292 -0.00376465 0.0121729 -0.00722906 -0.00244081 -0.00677722 -0.00562919 0.0034431 -0.0119026 0.00376528 -0.00884302 0.00334918 -0.0141954 -0.0139883 -0.00246367 0.00929974 -0.0133076 0.00246498 0.00268175 -0.00278778 -0.0139654 -0.0171276 0.0203597 0.0147299 -2.39975e-05 0.0141266 -0.00490609 0.000163888 0.000744306 -0.0106794 -0.0323548 -0.00952216 0.0264962 -0.00541487 0.0183069 -0.00217533 0.0113314 0.000984558 -0.000454623 -0.00705139 -0.0085313 0.00884877 0.000261777 0.0115784 -0.018757 0.0148918 0.016665 -0.00940709 -0.0144364 -0.0103736 -0.0332781 -0.00171568 0.00249688 -0.0364327 -0.0318913 0.000969148 0.0257542 0.0075067 
-0.00820169 0.00745121 0.00664422 -0.00558344 -0.00356839 -0.000406007 -0.00016561 -0.00727134 0.00108562 -0.00974405 0.00413657 0.0222253 0.00054896 0.00048769 -0.00509965 -0.000705034 -0.000197741 0.0051128 0.00754605 5.27802e-05 -0.00363029 -0.00493311 0.00371012 -0.00847477 0.000902488 -0.00837781 -0.00242923 -0.0134538 -0.00392961 -0.0115117 -0.00389666 0.0648948 -0.00479401 -0.00317534 0.000416523 -0.00943986 0.00630869 0.00464665 -0.00626735 -0.0024952 0.000248347 0.00235031 0.0142072 0.00414497 -5.81967e-05 -0.0129481 0.00086103 -1.01761e-05 -0.00587525 -0.00269206 0.00223544 -0.00080428 -0.00142138 -0.000480278 -0.0153354 -0.00369161 0.00835456 -0.00247332 -0.00661759 0.00951456 -0.0110173 -0.00126459 -0.00782663 -0.0103707 -0.00171809 -0.0092872 0.0106695 -0.0049225 0.00610564 0.00850946 0.00547684 0.020226 0.0171036 -0.00349968 -0.00211639 0.00943329 -0.00301206 -6.10721e-05 -0.000301819 -0.00185224 -0.000734557 -0.00735858 0.00462982 0.00197363 -0.000105149 0.00116688 -0.0147629 0.00320367 -0.00181155 -0.00487926 0.0137677 -0.0049596 -0.0028142 -0.000470022 -0.00235972 0.00763918 0.00211292 -0.00048354 -0.00975164 -0.0022047 
0.0206823 -0.00753266 -0.0023281 -0.00315581 0.00737275 -0.00193338 -0.00504871 0.00438971 -0.000685048 0.00691355 -0.00601976 -0.0151097 0.00312593 0.00116423 0.0106446 0.00188592 -0.00972703 -0.0030515 -0.00432028 -0.000115298 -0.0149007 -0.00255036 -0.000208796 0.00110119 -0.00201631 -0.00439243 0.00690278 0.0149391 -0.00467991 0.0011511 -0.00514467 -0.00479401 0.085478 -0.00716789 0.000895852 0.00159085 -0.00244028 0.00179493 0.000420899 -0.00441763 0.0013199 -0.00297879 -0.0102211 -0.00195829 -0.000123755 -0.00168639 -0.000230224 0.00168023 0.00867854 0.00569112 0.00313663 -0.000510829 -0.00314234 0.000220801 0.00438119 0.00108426 -0.00618637 -0.000818351 -0.00326206 -0.00295573 -0.00826207 0.000807401 -0.00673101 0.0075591 -0.00317928 -0.00105536 -0.0016431 0.00017824 -0.00154074 0.0150317 -0.000995369 -0.00822608 -0.0113678 0.00307828 -0.00765125 -0.00545645 -0.00142949 0.00122145 -0.000228573 0.00060385 -0.000496043 -0.000314704 6.0166e-05 0.00492933 -0.000279116 0.00208629 0.0171759 -0.0025344 -0.00355197 0.000996237 -0.00639754 0.00243826 -0.00806913 -0.00109099 0.00161834 -0.0102632 -0.0130359 -0.000729771 0.00151 -0.0055971 
-0.0180517 0.00273467 -0.000642574 -0.0295759 -0.00204171 0.000609459 -0.000728789 0.0119456 -0.0015675 -0.022802 -0.0216182 -0.0266532 0.0180804 -0.00448272 -0.0149061 -0.00714267 0.00128849 -0.00931231 -0.00279895 0.00111698 0.0239327 -0.0247883 0.0120897 0.00656384 -0.00306362 0.00199681 0.016775 -0.0092152 0.026043 0.0445554 0.0257205 -0.00317534 -0.00716789 0.168682 0.00180968 -0.00547224 -0.00510001 -0.0080175 0.00166818 0.0162447 -0.0116368 -0.00934595 -0.00968326 -0.00666736 0.00975773 -0.0184194 -0.00442987 -0.00173871 -0.00975065 0.0122291 -0.0113933 0.00111543 -0.010256 0.00231317 -0.00854286 -0.00689539 -0.0234596 0.00483633 -0.01911 -0.00302886 0.0417294 0.00678781 0.0372621 -0.0161014 0.0443268 -0.00104052 -0.0433962 -0.00870137 -0.00205001 -0.0248654 -0.00188705 0.00116901 -0.00437715 -0.0141705 0.0147484 -0.00387049 -0.000188198 -0.00597073 0.00925527 0.00154576 0.000785802 0.00543373 -0.0176772 0.00199764 -0.00267677 -0.00502091 -0.0111408 -0.00933218 0.0357546 -0.0273602 -0.00467915 0.007349 -0.00534406 -0.00251104 -0.00193205 -0.0339532 0.0159921 0.000516162 0.00457688 -0.0104098 
-0.00317304 -0.00175176 -0.000269474 -0.00361212 -0.000970244 -0.000892444 0.000262873 -0.0034251 -0.000508117 -0.00194257 0.000472912 -0.000647881 -0.000616444 -3.98596e-05 -0.000185862 0.00165132 0.00124162 5.71345e-05 2.29582e-05 -9.46312e-05 -0.00424073 -0.00144992 0.00346592 0.0016568 -0.000297802 -0.000740164 -0.000663606 -0.002684 -0.000253266 -0.000748962 0.00431983 0.000416523 0.000895852 0.00180968 0.0205435 -0.00200316 -0.000274882 -0.000546002 -0.000870084 0.00151994 -0.00106384 -0.000568346 -0.00201467 0.00305959 -0.0012301 -0.00166022 -0.000315404 0.000261881 0.00180257 0.0032851 0.0012367 0.000324987 -0.0014433 0.000483822 -0.00150212 -0.000967327 -0.000745109 0.000501299 0.000417207 0.00152085 0.000496013 0.000578317 0.000553702 -0.00200635 0.0028413 7.39404e-05 -0.00297635 0.000457699 0.000340678 0.00272778 0.000825893 0.00206406 -0.00216669 0.000308011 -0.000681576 -0.00104354 -0.00104586 0.000102946 0.0011014 -0.000134633 0.000330711 -0.0010609 0.000402277 0.00336709 -0.000299465 0.00180556 -0.00341086 0.000518276 0.000571573 -0.000861689 -0.00173926 -0.00110826 -0.000993192 0.000169033 -0.000407028 -0.00369874 -0.000997809 -4.27924e-05 -0.00194164 0.000162031 
