0.244695 0.0124258 -0.0164165 -0.00944914 0.054613 0.0421841 -0.0107283 -0.00397905 0.0162048 -0.018874 -0.010261 0.0531751 -0.00216145 -0.00820343 -0.0044822 -0.00259418 -0.012872 0.0189195 -0.0210886 6.1456e-05 -0.0397806 -0.00244741 -0.0201123 0.0135969 0.0307095 0.0259001 0.0405951 0.0508376 -0.00694124 -0.014484 -0.0115225 -0.0145714 -0.0145971 -0.0234194 -0.000966772 -0.00954912 0.0137117 -0.0224314 0.0375145 -0.0609805 0.0353785 -0.0231827 -0.0352512 -0.0106275 0.00125281 0.0389428 -0.00770149 -0.0167034 -0.0104491 -0.00437791 0.0237049 -0.00784086 -0.0243842 0.00726455 -0.0067549 -0.000441349 -0.0241545 -0.000764802 0.00179002 -0.030344 0.0636826 -0.00318377 -0.00912024 0.0170797 -0.0144977 -0.0147582 -0.0227611 -0.0128885 -0.0117332 -0.00839585 0.000380009 0.0257474 -0.00339782 -0.00786484 -0.00140221 -0.00471248 -0.00701387 -0.00770889 -0.00570898 -0.00361427 0.0436464 -0.00436265 -0.00526601 -0.00627089 -0.0367555 -0.00697222 -0.0437066 -0.0167809 0.00091412 -0.00981418 -0.0225227 -0.00395852 -0.00395122 -0.0153766 -0.0112175 -0.00131894 -0.00902939 -0.0164793 0.00631725 -0.00280849 
0.0124258 0.107038 -0.00156684 0.0113341 0.00916664 -0.000752542 0.0114047 0.00246197 -0.00216204 -0.00602131 -0.003555 -0.00169565 -0.000695941 -0.00560887 0.000636546 6.04533e-06 -0.00366972 0.00555513 -0.0131496 -0.00525979 -0.0139836 -0.00784942 -0.00181335 -0.0161227 -0.0161801 -0.0269711 -0.0268122 -0.00064543 -0.00172046 -0.00103517 0.00144336 -0.00330121 -0.00157139 0.00252026 0.00122336 0.000380349 -0.000392868 0.00123261 0.0340389 0.00851975 0.0133735 0.0129928 0.00459303 0.00161726 0.00620013 0.0011511 0.00830744 -0.0127439 -0.00137677 -0.00122224 0.00797703 0.00426248 -0.0112337 -0.00430937 0.00603192 -0.00644037 -0.00562606 -0.00108871 -0.00453898 -0.00406401 0.0163796 -0.00202535 0.00168508 -0.00400747 -0.00672093 -0.00283667 -0.026972 -0.0034815 -0.00691962 0.00978665 0.00173571 0.00895004 -0.00205018 -0.000316265 -0.000655824 0.000147404 -0.00825628 -0.00151494 0.000164515 0.000556931 -0.0264077 -0.002996 -0.000538829 0.0016765 -0.00359636 -0.00401833 0.00790797 -0.000811962 0.00988299 -0.000688909 0.00279965 -6.20583e-05 -0.00582686 -0.00735399 -0.000781743 0.00341181 0.000594057 -0.0143731 0.0077161 -0.000895435 
-0.0164165 -0.00156684 0.0986122 0.00552966 0.00879528 -0.009535 0.00454119 -0.00153368 -0.0142003 0.00498431 -0.00169982 -0.0175442 -0.00501516 -0.0016397 0.00275529 0.00427507 0.00136481 -0.00700166 -0.00165203 -0.0108469 0.0124276 0.0013849 0.00429596 0.00744558 -0.0226375 -0.015215 -0.026675 -0.022439 -0.00320237 0.00476053 0.00354061 0.000361828 0.00272674 0.0236451 0.000874485 0.00743573 -0.00798144 -0.00244616 -0.0115957 0.0326772 0.00526261 0.00261834 0.00991132 0.0120196 0.00152472 -0.00825821 0.00327973 -0.00975955 0.00324022 0.000198717 0.00447197 0.000517693 0.00110589 -0.00690455 -0.00234654 5.51154e-05 0.00606216 0.00124762 -0.00741334 0.00350657 0.00598827 0.00486737 0.00013447 -0.0105426 0.00199894 0.000884935 -0.0170781 -0.00324068 -0.0056628 -0.000485642 -0.00115686 0.000839189 0.00128354 -0.00743307 -0.000377398 -0.000426809 0.000195038 -0.000993691 -0.000319632 -0.00165228 -0.0316057 0.00426502 0.00121578 0.000434911 0.00724685 0.000233501 0.0135217 -5.34586e-05 -0.00205662 0.00138901 -0.00202467 -6.98112e-06 -0.00965637 -0.00137244 -0.00156174 0.014398 0.00551122 -0.0166869 -0.00188761 -5.56817e-05 
-0.00944914 0.0113341 0.00552966 0.166381 0.0118449 -0.0160475 0.017914 0.00158277 0.0122005 0.000652393 0.00060596 -0.0465702 0.00764781 -0.00193519 -0.000760622 -0.000878372 0.0140376 -0.00434539 -0.033727 -0.000267389 -0.00452547 -0.0035656 -0.00131682 -0.0124675 -0.0135437 0.00201302 -0.0211694 -0.00448163 0.00250549 0.00260491 -0.00335905 -0.00193 0.0414241 0.0344213 0.00642524 0.00744087 -0.0136556 -0.0122207 -0.00465377 0.00376613 -0.0302439 0.0103862 0.0428456 -0.0320222 -0.01617 0.0229185 0.0138083 -0.0462501 -0.00930899 -0.00123839 -0.00102598 0.00208696 -0.0049666 -0.0123061 -0.00340595 -0.0241028 -0.000315748 -0.000265212 0.0257649 0.0130927 -0.0145789 -0.00264095 -0.000892026 -0.0117852 -0.00153365 -0.00326178 -0.00826607 -4.46624e-05 -0.00266926 -0.0202321 -0.00296027 -0.0173464 0.00786952 0.0011088 -0.000855982 0.000346462 -0.0247137 0.00298592 0.00072299 -0.00189226 -0.0125217 0.00178349 0.00318141 0.0026057 0.00443629 0.0069884 0.0347687 -0.00440958 0.00329446 0.0101635 -0.0061099 -0.000665418 -0.017221 -0.0186328 -0.00256875 0.00687402 0.00152606 -0.0106613 0.0101959 -0.00113077 
0.054613 0.00916664 0.00879528 0.0118449 0.195136 0.00227418 -0.00713995 0.000956029 0.0230779 -0.00701469 -0.00635605 -0.0232807 0.0017075 -0.00711407 0.000313353 0.00697475 0.00929959 0.0117586 -0.0375789 -0.0127193 -0.0253062 -0.0113569 -0.010429 0.0141907 0.00140446 -0.0157809 -0.00642923 -0.0193539 -0.00746101 -0.00387173 0.00609971 -0.004667 -0.0165397 -0.00263426 -0.000111378 0.00053097 0.0157794 -0.015431 0.0123594 -0.0202212 0.0278141 -0.011844 0.00377472 0.024535 0.0113998 0.0115005 0.00053197 -0.0327318 0.00401943 -0.00316272 0.0298413 -0.00222017 -0.00640578 -0.00534428 -0.0141582 -0.00262511 -0.00798017 0.000582433 0.0268476 -0.0397727 0.063514 0.00411981 -0.00366152 -0.0119855 -0.00644838 -0.00161335 -0.0511162 -0.00737891 -0.00959005 0.00357094 0.00327633 0.0173162 -0.00181848 -0.00668196 -0.000758119 -0.00108462 -0.019707 -0.00299464 -0.00429398 -0.00242459 -0.0179156 0.00093829 -0.00472176 -0.00112818 -0.017208 0.0113968 -0.0122227 -0.00434575 0.0140634 0.00384781 -0.0109363 0.00182406 -0.0293316 -0.0222023 -0.00919218 0.0141826 0.000467953 -0.021264 0.00372477 -0.000304974 
0.0421841 -0.000752542 -0.009535 -0.0160475 0.00227418 0.168533 -8.86175e-05 -0.00372062 0.00984069 -0.0030477 -0.00278177 0.0375187 -0.00978225 0.00339791 -0.00988652 -0.00475023 -0.00689443 0.00388195 -0.00449762 0.0227078 -0.00932019 -0.00418179 -0.00430046 -0.00440746 0.0329178 0.058771 0.033671 0.0212043 -0.00494196 -0.00056263 -0.00414777 -0.00297978 -0.0103401 -0.0294164 -0.000248577 -0.00864054 0.00996989 0.00605034 -0.0120807 -0.0311976 -0.0265546 -0.0170831 -0.0317547 -0.0301192 -0.00730498 -0.023356 -0.00611142 0.0212818 -0.0084212 -0.00226908 0.0122268 -0.0100916 -0.0177393 0.000339328 -0.00220527 0.0152394 -0.000972197 0.00815372 -0.00779351 -0.0136674 -0.00803282 0.0116361 -0.00364515 -0.0117039 -0.0105087 -0.00771427 0.00513718 -0.00296121 0.0120649 -0.020203 -0.00141059 -0.00922524 -0.000772634 9.61546e-05 0.00242961 -0.00229918 0.0340293 -0.00281955 -0.00441348 -0.00307926 0.00430596 -0.00721064 -0.00131186 -0.00161772 -0.0288993 -0.0150665 -0.0303603 -0.00662176 -0.00674004 -0.0063626 -0.00739533 0.000445556 0.022462 0.00213811 0.00280292 -0.010047 -0.00754101 0.0125974 0.00185027 -0.000201437 
-0.0107283 0.0114047 0.00454119 0.017914 -0.00713995 -8.86175e-05 0.0621033 0.000170364 -0.00400093 0.00494368 0.000937009 -0.0106871 0.00287846 0.00375195 -0.000413384 1.81136e-05 -0.00019257 -0.0070117 -0.00737209 0.00109655 -0.00287902 0.00423203 0.00280948 -0.00732304 -0.0125515 -0.00223487 -0.0107801 -0.0208916 -0.000294535 0.00530335 0.00117073 0.00260258 0.0206644 0.00699608 0.000946832 0.00318344 7.20204e-05 0.00167726 -0.0101207 0.0135807 -0.00803911 0.0150486 0.00169925 -0.0106812 -0.00492787 -0.0197195 0.000158336 -0.0111464 -0.00322225 -0.000355226 0.000159118 0.000786592 -0.00495736 -0.00499235 0.00920131 -0.00621436 -0.00129 0.00333913 -0.00288211 0.00379664 -0.00829274 0.000790658 0.00209157 -0.00389313 -0.00308437 0.000484031 -0.00307469 0.00393542 0.00597428 0.000124141 -0.000596279 -0.00454874 0.00164653 0.00209951 0.00104032 0.000817934 -0.00440253 0.00287136 -0.00123857 0.0017289 -0.0156354 -0.00192017 0.00403826 0.0028962 0.00823126 -0.00686295 0.013199 -0.000215169 -0.000502033 0.00164937 -0.00113762 -6.87453e-05 -0.00441344 -0.00581326 7.95278e-05 0.00141514 0.00154305 -0.00332541 -0.00117024 -0.000510352 
-0.00397905 0.00246197 -0.00153368 0.00158277 0.000956029 -0.00372062 0.000170364 0.0321139 -0.000989038 0.00355337 0.0016017 0.00578903 0.000208339 -0.0010006 -0.00120462 0.000791567 -0.000343896 -9.47822e-05 -0.00212457 0.000144521 -0.00340613 -0.00163399 -0.000984292 -0.000654948 -0.0044055 -0.00862023 -0.00198935 -0.0063046 0.000576009 0.000145764 0.0030439 0.000233423 -0.00160245 -0.00313166 0.000365246 -0.000322205 -0.00327708 -0.00107251 0.00412879 0.00157181 0.000156866 -0.00129783 -0.00243667 -0.00324376 -0.00227937 -0.00340767 -0.00139115 -0.00498224 0.000648676 -0.000263772 0.00051045 -0.00116312 0.000419562 0.000853023 -0.00200431 0.00255426 0.00036837 -0.000593164 -0.000499528 -0.00187632 -0.0034797 0.000633498 0.00101347 0.00428163 0.00162155 0.00238354 -0.00318856 5.57683e-05 0.00179516 0.00674731 -0.000742528 0.00602769 -0.0013064 -0.000752298 -0.000254576 0.000998758 0.000764413 -0.000170446 0.000105514 -0.000162239 -0.00444087 -0.000900098 0.000450258 0.00218674 -0.00353629 -0.0011375 -0.00209302 0.000261688 0.00324676 0.000678523 0.00554273 0.000636256 -0.000674054 -0.00283652 -0.000349289 -0.00102582 0.003032 -0.00160289 -0.00114183 0.000216693 
0.0162048 -0.00216204 -0.0142003 0.0122005 0.0230779 0.00984069 -0.00400093 -0.000989038 0.131183 -0.00628681 -0.00324948 0.00889828 -0.00141877 -0.00609437 0.00024898 -0.00248192 -0.00154629 0.00726813 -0.00611593 0.00247055 -0.0024313 -0.00563041 -0.00294804 -0.0145441 0.0246077 0.0203212 0.0108719 0.0158967 -0.00273171 -0.00727259 -0.00151844 -0.00272337 0.000945482 -0.00390511 -0.00191028 -0.00359409 -0.00132157 -0.015345 0.00673093 -0.0196617 -0.0146397 -0.00697845 0.00401112 -0.0225169 -0.00350962 0.0275251 -0.000241964 -0.00536745 -0.0047647 -0.000904017 -0.0108729 0.00452699 -0.00118748 0.0122799 0.00749663 -0.0028665 -0.00095659 -0.00334954 0.0101521 -0.0213917 -0.00269738 -0.00703311 -0.00120776 -0.0190456 -0.00658167 -0.00469778 0.00496986 -0.00458592 -0.0100795 -0.0138856 -0.00554488 -0.0118842 0.00484601 0.0122129 -0.00152542 -0.000973526 0.00138052 -0.00128068 0.00217968 -0.0015598 0.00521068 -0.00264377 -0.00255539 -0.0019998 -0.0141927 0.00781893 -0.00953009 0.00428943 -0.00686629 0.000372075 -0.0062895 0.000388262 -0.0127838 -0.00534685 -0.00390375 0.00152045 -0.00502627 -0.0125887 0.00780714 0.000185983 
-0.018874 -0.00602131 0.00498431 0.000652393 -0.00701469 -0.0030477 0.00494368 0.00355337 -0.00628681 0.066477 0.0074944 -0.00977327 0.00130894 0.00836086 -0.000976009 7.94384e-05 -0.000292864 -0.00377736 -0.00512828 -0.0043165 0.000855229 0.00340606 -7.12362e-05 -0.000595925 -0.00976808 -0.0130859 -0.0097399 -0.0242012 0.00094007 0.0107376 0.00232871 0.00299193 0.00338921 0.00864716 0.000665919 0.00141829 -0.00707936 -0.00431394 -0.00780377 -0.00251235 -0.00848076 0.0144915 0.00417094 -0.0111376 -0.00603216 -0.0272778 -0.0047495 -0.000109199 -0.000962328 -0.00046191 0.00233907 0.00214218 -0.000805388 -0.00607993 -0.0022567 0.000691481 0.00643362 0.00603707 -0.00507962 0.000443754 -0.0184305 0.00186102 0.00563309 -0.00469603 -0.00083577 0.00622702 0.0062184 0.00311438 0.0107435 -0.00501308 -0.00363463 -0.00590167 0.00628835 -0.00483559 9.95796e-05 0.00141571 0.00688035 0.00709563 0.00109878 0.000806905 -0.0145996 0.00339289 0.00663734 0.00228153 0.010007 -0.0034503 0.0136534 -0.00026776 0.00710416 0.00182893 0.00850969 0.00280116 -0.00455337 -0.00358154 0.00455648 0.00668487 0.000760595 -0.00461559 -0.0032082 5.20187e-05 
-0.010261 -0.003555 -0.00169982 0.00060596 -0.00635605 -0.00278177 0.000937009 0.0016017 -0.00324948 0.0074944 0.0432808 -0.00736819 0.000925477 0.00461761 -0.000309904 0.00195794 0.00216332 -0.00292967 0.00115209 -0.000557839 0.00778719 0.0137117 0.00217338 -0.00880762 0.000884158 0.0043284 -0.00194265 -0.00987387 0.00378009 -0.000144676 -0.00029925 0.00159644 0.00480255 -0.000807726 0.000272041 0.000935316 -0.00667996 -3.96726e-06 -0.00761258 2.23416e-05 -0.00735388 0.000333797 -0.00632274 -0.0109183 -0.00474229 -0.0150637 -0.00244081 -0.00162809 -0.00127127 -0.000283429 -0.00168788 -0.00129016 -0.00316785 -0.00221801 6.85027e-05 -0.00344177 -0.000877125 -0.000199904 -0.00277393 0.00514236 -0.0108597 0.00100345 0.000718791 0.00482172 -0.00214628 0.00428682 0.0147902 0.0030768 0.00766476 -0.00399508 -0.00126032 -0.00625841 -0.000751181 -0.0015416 0.00045143 0.00145299 -0.000709405 -0.00031012 0.000170941 0.000796617 0.000827591 0.000396638 -0.000124219 0.00436566 0.00945031 0.00168078 0.00587422 0.00254094 -0.0015645 -0.000188458 0.00621604 0.000302267 -0.00213686 -0.00441864 -0.00074178 0.00026652 -0.00122968 -0.000217593 -0.00222361 -0.00013067 
0.0531751 -0.00169565 -0.0175442 -0.0465702 -0.0232807 0.0375187 -0.0106871 0.00578903 0.00889828 -0.00977327 -0.00736819 0.219132 -0.00819188 -0.0110278 -0.00455538 -0.00672199 -0.014841 0.00302498 0.0253919 -0.000420997 -0.0109114 -0.00964591 -0.00623271 -0.000704051 0.0194949 0.00398651 0.0251126 0.0223379 -0.00240261 -0.011841 0.00253321 -0.00867533 -0.0194648 -0.0319157 -0.00218529 -0.0111108 0.0132829 0.000784911 0.0434368 -0.0228478 -0.00132875 -0.0179121 -0.0383613 -0.00444067 -0.00177981 0.00616331 -0.00653939 -0.00555943 0.00763058 -0.00042506 -0.0152908 -0.00413739 0.00323479 0.0174565 0.00803631 0.0580098 -0.00513825 -0.00419079 -0.0317642 -0.000666554 -0.00937341 0.00253491 -0.00255519 0.00978062 0.00409417 -0.00854503 -0.0243064 -0.00735526 -0.0239134 0.0147547 0.0073824 0.035294 -0.0105322 -0.00707609 0.000770625 -0.00138518 0.0101371 -0.00569915 0.00358695 -0.00232305 0.0122154 -0.00906536 -0.00201213 -0.00380468 -0.0301929 -0.00232939 -0.0392799 -0.00799969 -0.00868478 -0.0120146 -0.00790452 -0.00055962 0.0328973 -0.00257338 0.00162955 -0.0140889 -0.00396255 -0.0299096 -0.00389186 -2.01078e-05 
-0.00216145 -0.000695941 -0.00501516 0.00764781 0.0017075 -0.00978225 0.00287846 0.000208339 -0.00141877 0.00130894 0.000925477 -0.00819188 0.0770709 -0.00246899 0.0023776 0.000243011 0.00183277 -0.00161669 0.00958959 0.00164844 -0.00351847 -0.00474012 0.000849934 -0.0142405 -0.0248387 -0.0136168 -0.0229807 -0.0171575 0.00538843 0.000178501 -0.00115476 -0.00103795 0.00865518 -0.0164851 -0.00159246 0.00637604 0.0159535 0.00975859 0.00590261 -0.00398278 0.00870581 0.00495054 -0.00801512 0.00499121 0.00449524 -0.00460868 -0.00436226 0.00351336 -0.00420284 0.000342165 -0.000150559 -0.00317085 -0.00192629 -0.00854392 -0.00393689 -0.00894563 -0.00292506 -4.31048e-05 0.0144846 0.00766339 0.00759923 0.00972731 -0.000423843 0.00680841 -0.00619055 0.00641616 -0.0114783 0.00232125 -0.0044884 0.0152089 -0.000459973 0.0104541 -0.00197259 0.00405819 -0.000245641 0.00184231 -0.00249089 0.00269113 -0.00195901 0.000601214 -0.0137795 -0.00299586 0.00268663 0.00274107 -0.00741102 -0.00948195 -0.00744535 0.00454963 -0.000265471 0.0111633 -0.00139216 -0.000103274 -0.00341676 -0.00685858 0.000172994 -0.00176465 0.000301679 -0.00848322 -0.000220931 0.00186471 
-0.00820343 -0.00560887 -0.0016397 -0.00193519 -0.00711407 0.00339791 0.00375195 -0.0010006 -0.00609437 0.00836086 0.00461761 -0.0110278 -0.00246899 0.0546375 -0.00111383 -0.00103647 -0.000424417 -0.00472068 -0.0043558 -0.00222537 0.00322577 0.00576671 0.00702916 0.00262886 -0.00186977 -0.00171455 0.00306339 -0.0110634 0.00187618 0.00191435 -0.00118561 0.000158117 0.00130223 0.0104073 0.000284985 0.00107341 -0.00607762 -0.00255509 -0.0105094 0.00116442 -0.0100186 0.00155806 0.00202701 -0.00303699 -0.00356313 -0.0180543 -0.00233022 -0.00385817 -0.000815106 0.000279224 0.00156967 0.00117634 -0.00263083 -0.00456809 -0.00157154 -0.00236529 0.00127109 0.00313861 -0.00175754 0.000142194 -0.0148313 -0.000373242 -0.000398584 -0.00662758 -0.00174525 0.000715563 0.011818 0.00365715 0.0158303 -0.00836553 -0.00210829 -0.00788928 0.00240983 -0.00306139 0.000827817 0.000365105 0.00104097 0.00188155 -0.000798298 0.00128664 0.00441873 0.00192649 0.00336183 0.000807756 0.00966042 -0.00184732 0.00430241 -0.00151035 0.00386274 -0.000666591 -0.000822917 0.00127376 -0.00270165 0.00428318 7.96673e-06 0.000391449 -0.00122986 0.0062459 -0.00238261 -0.000323508 
-0.0044822 0.000636546 0.00275529 -0.000760622 0.000313353 -0.00988652 -0.000413384 -0.00120462 0.00024898 -0.000976009 -0.000309904 -0.00455538 0.0023776 -0.00111383 0.0547914 0.000485226 0.00906397 -0.00491204 -0.00608768 0.00116358 -0.00479184 -0.0023843 -0.00177967 -0.00252313 0.00260125 -0.00579757 -0.00600432 -0.0158876 -0.000555392 0.00275501 0.000862083 -0.00082395 -0.00118238 -0.0031822 -0.000373737 0.0105342 0.00392836 0.00233402 -0.0140001 -0.00140255 -0.00146532 0.00331389 -0.000291064 -0.00283389 0.00015389 -0.0148899 -0.00197144 0.00402889 -0.00203919 0.00050509 0.00301007 -0.0027629 0.000671304 -0.00376787 -0.00286462 0.00238669 0.00242055 -4.24927e-06 -0.000896316 0.00365399 0.00816431 0.00312174 -0.000412259 -0.00472856 0.000385075 0.00052012 -0.00381577 -0.00116379 -0.00410185 -0.0022317 0.00422199 -0.00650022 0.00010373 0.00174703 0.00132027 0.000788157 0.000787201 0.00186956 0.00132841 0.00116299 -0.00424765 0.00177018 -0.000872357 0.00149855 0.00123763 0.00540649 -0.00098461 -0.000451745 -0.00185601 0.00260817 0.00103903 -0.000294055 0.000993048 0.00180674 4.01396e-05 0.00532756 -0.000929839 0.00108021 -0.00226867 0.000713122 
-0.00259418 6.04533e-06 0.00427507 -0.000878372 0.00697475 -0.00475023 1.81136e-05 0.000791567 -0.00248192 7.94384e-05 0.00195794 -0.00672199 0.000243011 -0.00103647 0.000485226 0.029168 0.00162681 0.00177401 -0.00192975 -0.00178755 -0.00262096 0.00324854 -0.00070113 0.000694491 -0.00268102 -0.00633089 -0.00868138 -0.00768856 -0.000870782 0.000999068 0.000873319 0.000454955 -0.00110121 4.89699e-05 -4.16273e-05 0.00204345 -0.00192979 -0.000484484 9.62861e-05 0.00811556 0.00831224 0.000264032 -0.00235848 0.00478268 0.00449965 -0.00203635 -0.000388424 -0.00175187 -0.00141339 -0.000356605 0.000836712 -0.00111186 0.000927389 -0.00370577 -0.000816005 -0.0026307 -0.000855018 -6.91443e-06 0.0032322 -0.0044862 0.00285986 2.111e-05 0.000328747 0.00324124 0.00228567 0.00507726 -0.00625013 -0.000275078 -0.000413477 0.0075416 -0.00048187 0.00187598 -0.000801867 -0.00112613 4.53888e-05 -7.24784e-05 -0.00251245 -0.000275287 -0.000476846 -0.000439582 -0.0107102 0.00159541 -0.000730415 0.000744127 -0.000990459 -0.00205242 -0.00239904 0.000636961 0.000723228 0.000286115 1.70586e-05 -3.30529e-05 -0.00418002 -0.00165832 0.000193293 0.00062863 0.00290934 -0.00403376 -0.00105048 0.000352635 
-0.012872 -0.00366972 0.00136481 0.0140376 0.00929959 -0.00689443 -0.00019257 -0.000343896 -0.00154629 -0.000292864 0.00216332 -0.014841 0.00183277 -0.000424417 0.00906397 0.00162681 0.0557252 -0.00422145 -0.0071703 -0.000362989 0.00206707 0.0028669 0.0010259 -0.00865816 -0.00623613 -0.00666396 -0.0172241 -0.0193104 0.00347411 -0.000300664 0.000954777 0.00417813 0.00133258 0.00768205 0.00128314 0.00509335 0.000455784 -0.000175659 -0.0075934 0.00302896 -0.0126098 0.0017913 0.00828707 -0.0091473 -0.0044593 -0.0120589 0.000621024 -0.00426765 -0.00175291 -0.000331126 0.0022074 0.000622854 0.000455909 -0.00524345 -0.00182343 -0.00693941 0.00140796 0.000128277 0.0154901 0.00990039 -0.00180966 0.00590447 0.000438468 -0.00716762 -0.000311345 0.000414629 -0.00673021 0.00577396 0.00107091 -0.00336417 0.00505637 -0.00730779 0.00105002 -0.00153777 0.000245241 0.00146098 -0.00121534 0.00230177 -0.000390568 0.000170752 -0.0159617 0.00537892 -0.000392597 0.00114404 0.00747381 0.009078 0.00835384 0.000626677 -0.000487228 0.00406922 0.00233149 -3.31527e-05 -0.00551821 -0.00586327 -0.00160181 0.0079507 -0.00116518 -0.00182229 0.00020444 0.000339827 
0.0189195 0.00555513 -0.00700166 -0.00434539 0.0117586 0.00388195 -0.0070117 -9.47822e-05 0.00726813 -0.00377736 -0.00292967 0.00302498 -0.00161669 -0.00472068 -0.00491204 0.00177401 -0.00422145 0.11287 -0.00667125 -0.0123254 -0.0014653 -0.00700095 -0.004703 0.0152996 0.000845449 -0.0021307 -0.00326676 0.00886154 -0.00129885 -0.00487388 -0.00117762 -0.00211113 -0.00793305 -0.0156555 -0.00123337 -0.00384505 0.00608463 -0.0109561 0.0279913 -0.0144537 0.0158175 -0.00718501 -0.0113719 0.00769735 0.00840358 0.0271073 0.0100016 -0.0153338 -0.00242108 -0.00063976 0.00769718 -0.00332602 0.00473805 0.00399099 -0.00222 -0.00933409 -0.00738909 -0.00237411 -0.00786866 -0.0126332 0.0125515 -0.00436622 -0.000517016 -0.000400739 -0.000609961 -0.00208929 -0.0137171 -0.00291134 -0.00904419 -0.000698214 -0.00491603 0.0151794 -0.00245412 0.00430827 -0.000574655 -0.00159536 -0.0120198 -0.00264683 -0.00334034 -0.00222847 0.00535199 -0.0033068 -0.00258699 -0.00125779 -0.0168429 -0.00203965 -0.0150984 0.00201974 0.000150623 0.00305026 3.11726e-05 -0.000800127 -0.00202333 -0.00600307 -0.003236 -0.00242452 -0.00377919 -0.0199796 0.0150988 7.34956e-06 
-0.0210886 -0.0131496 -0.00165203 -0.033727 -0.0375789 -0.00449762 -0.00737209 -0.00212457 -0.00611593 -0.00512828 0.00115209 0.0253919 0.00958959 -0.0043558 -0.00608768 -0.00192975 -0.0071703 -0.00667125 0.162183 0.0260832 0.0340161 -1.67542e-05 0.00598242 -0.0252971 0.0182523 0.0279311 -0.000455358 -0.00351137 0.00154055 -0.00697586 -0.0017323 -0.00132374 -0.0168161 -0.047372 -0.00314601 -0.0050467 0.00897245 0.035542 -0.0076741 0.00487996 0.0147092 -0.0178454 -0.0316437 0.00390346 -0.0100893 -0.0068857 -0.009765 0.0338796 -0.00767184 7.53579e-05 -0.0146119 -0.00356626 0.0166448 0.0145726 -0.00586242 0.00591348 -0.0051333 -0.00219243 -0.000876001 -0.00147482 -0.0172633 0.004003 -0.000351131 0.0424799 -0.00163874 0.0078461 0.00702567 0.00155674 -0.0125219 0.0262389 0.000871937 0.00237483 -0.00698367 -0.00375297 -0.000940372 -0.000448854 0.0194045 -0.0030267 0.000547192 -0.0037304 -0.0207581 -0.00604289 -0.00299481 -0.00207317 -0.0258363 -0.0248081 -0.0300987 0.0117668 -0.0119832 -3.55076e-05 -0.00862256 -0.0004232 0.016629 0.00610912 0.00198168 -0.0089064 0.00189619 -0.00341209 -0.0103942 0.0007357 
6.1456e-05 -0.00525979 -0.0108469 -0.000267389 -0.0127193 0.0227078 0.00109655 0.000144521 0.00247055 -0.0043165 -0.000557839 -0.000420997 0.00164844 -0.00222537 0.00116358 -0.00178755 -0.000362989 -0.0123254 0.0260832 0.126602 0.00716714 3.47938e-05 0.00235673 -0.0228527 0.0353065 0.052985 0.0251844 0.00398871 -4.12411e-05 -0.00273583 -0.00383765 -0.00474984 -0.00541821 -0.0308409 -0.000491251 -0.00135564 0.00165947 0.039129 -0.0336754 -0.00371769 -0.0224612 -0.0107058 -0.0180166 -0.0288642 -0.0137359 -0.0173025 -0.00892525 0.0388172 -0.00859239 -0.00158487 -0.00289981 -0.011249 -0.00788183 0.00136512 -0.00798408 -0.00409832 -0.00363578 0.0014339 -0.00738855 0.000588272 -0.0165669 0.0069927 -0.000235166 0.00530825 -0.00239012 -0.00289719 0.00870799 0.00516055 0.00509971 -0.00428047 -0.00467237 -0.0168945 -0.0024358 0.00156546 -0.000665016 -0.000959518 0.0365491 -0.00107655 -0.00309961 -0.0029742 -0.00741386 -0.00562222 -0.0017655 -9.11228e-05 -0.0176797 -0.0227623 -0.0216911 0.00138161 -0.0103661 0.00406512 -0.00234321 -6.33068e-05 0.0196868 -0.000876428 0.00242199 -0.00673157 -0.00545383 0.0136348 -0.00497512 0.000547256 
-0.0397806 -0.0139836 0.0124276 -0.00452547 -0.0253062 -0.00932019 -0.00287902 -0.00340613 -0.0024313 0.000855229 0.00778719 -0.0109114 -0.00351847 0.00322577 -0.00479184 -0.00262096 0.00206707 -0.0014653 0.0340161 0.00716714 0.131226 0.0130667 0.0155269 -0.0144653 -0.000950074 0.0282006 -0.0206436 -0.0187855 0.00788354 0.00168485 0.000145331 0.000306577 -0.00533132 -0.00400775 -0.00115971 -0.00249888 -0.0150088 0.00438099 -0.0268172 0.0241594 -0.0250866 0.00555485 -0.00299113 -0.0240269 -0.0143579 -0.0175887 -0.00591251 0.00484647 0.00075302 0.00109833 -0.0112268 -0.00260631 0.00357931 0.028521 0.00666648 -0.00587706 2.97263e-05 -0.000276184 -0.00980586 0.0174344 -0.0284324 0.00622665 0.00072566 -0.00179044 -0.00327982 -0.000112963 0.0389792 0.00666794 0.000345929 -0.0140092 -0.00103298 -0.0227507 -0.00419592 0.00127159 -0.000668273 0.0013855 0.000752026 -0.00229174 -0.00107117 0.000307156 0.00469766 -0.00292096 0.000265496 5.51631e-05 0.0206068 0.000677565 0.0224276 0.00663793 -0.0135651 0.00672404 -0.00208004 -0.000874205 -0.0101182 -0.00595276 0.00117948 -0.00100991 0.001486 -0.00638012 -0.00666532 -0.00046345 
-0.00244741 -0.00784942 0.0013849 -0.0035656 -0.0113569 -0.00418179 0.00423203 -0.00163399 -0.00563041 0.00340606 0.0137117 -0.00964591 -0.00474012 0.00576671 -0.0023843 0.00324854 0.0028669 -0.00700095 -1.67542e-05 3.47938e-05 0.0130667 0.0915956 0.00388618 -0.0150425 -0.00491542 0.0144963 -0.00769386 -0.0157383 0.000311754 -0.00110481 -0.00219251 0.00254739 0.0049596 0.012506 0.000831188 0.000149244 -0.00889486 -0.00625056 -0.0137084 0.0116178 -0.0176948 0.00472251 -0.00688382 -0.0171787 -0.00973932 -0.0139939 -0.00642584 -0.0112137 0.00109173 -0.00109133 -0.00599599 -0.000579752 -0.00482705 0.0119931 0.0122309 -0.00232003 0.00204978 -8.04558e-05 -0.00784797 0.00117782 -0.020582 -0.0034953 0.000314076 0.00383725 -0.0038333 0.000644636 0.0222216 0.00909928 0.010071 -0.00130689 0.000816176 -0.0116069 0.00161253 0.00430581 0.00181939 0.000658004 -0.00877303 0.000567873 -0.00241263 0.00256522 1.62507e-05 0.00391059 -0.00136251 0.00153392 0.0263064 -0.00118114 0.015784 0.00242137 -0.00713684 -0.00110618 0.00230298 -0.000248404 -0.00346211 -0.0114149 -0.00194361 0.00223959 -0.00138924 -0.0075559 -0.00544653 -0.000808384 
-0.0201123 -0.00181335 0.00429596 -0.00131682 -0.010429 -0.00430046 0.00280948 -0.000984292 -0.00294804 -7.12362e-05 0.00217338 -0.00623271 0.000849934 0.00702916 -0.00177967 -0.00070113 0.0010259 -0.004703 0.00598242 0.00235673 0.0155269 0.00388618 0.058175 -0.00217379 0.00454005 -0.00635204 -0.00838291 -0.0109887 -0.000387111 -0.000991341 0.000616001 0.00304713 2.02632e-05 0.00707434 0.000369302 0.00110283 -0.00141048 -0.000606053 -0.00931297 0.0197784 -0.00698846 0.00476542 0.00499512 0.00204681 -0.00249208 -0.0133676 -0.000453428 -0.00255267 -0.00187408 -5.11959e-05 -0.00380808 0.00410006 0.00139594 -0.000720873 0.00148409 -0.000831181 0.000243977 0.000224865 -0.00662175 -0.00115545 -0.0115802 -0.000240522 0.000404758 -0.0073239 -0.00336721 -0.000479742 0.00418737 0.00171772 0.00127677 -0.00186766 -0.00302983 -0.00748857 -0.000691095 0.00230845 6.99651e-05 0.0014092 0.00207922 0.000722982 -0.000441566 -0.000386644 -0.012259 -0.000335012 -0.000494063 0.00175392 0.00403053 -0.00173566 0.00725875 0.0027908 -0.00273705 0.00579475 -0.000136958 0.000155909 -0.00582137 0.00253943 0.00187707 0.000944808 0.00049051 -0.0040589 -7.38357e-05 -0.000265524 
0.0135969 -0.0161227 0.00744558 -0.0124675 0.0141907 -0.00440746 -0.00732304 -0.000654948 -0.0145441 -0.000595925 -0.00880762 -0.000704051 -0.0142405 0.00262886 -0.00252313 0.000694491 -0.00865816 0.0152996 -0.0252971 -0.0228527 -0.0144653 -0.0150425 -0.00217379 0.204429 -0.0157283 -0.0136903 0.0245816 0.0206644 -0.0120845 -0.00291733 0.00341821 -0.00511843 -0.00911229 0.00775937 0.00281178 -0.0101696 0.000220071 -0.0107695 -0.00284857 0.00225377 0.0544223 -0.0219194 0.0135627 0.04936 0.0215281 0.00583979 0.00963541 -0.0341626 0.00568054 -0.000293557 0.0159535 -0.00762922 0.0102829 -0.00455376 -0.014436 0.0040679 0.0033179 0.000616607 -0.0221266 -0.0285924 0.0245172 -0.0050846 -0.0030936 -0.0212248 0.00917305 -0.00643472 -0.0425743 -0.0067696 -0.00105709 -0.00592421 -0.00074308 0.0151122 -0.00620731 -0.0108423 -0.00331434 -0.00445615 -0.0141898 -0.00630452 -0.00298148 -0.00285369 0.0283182 -0.00300845 -0.00180009 -0.0037315 -0.0275486 0.0166597 -0.0200707 -0.014365 0.00847294 -0.00355418 -0.00472813 -0.00117627 0.00910065 0.00899013 0.00252776 -0.00733281 -0.00169742 -0.017441 0.000959984 -0.000551467 
0.0307095 -0.0161801 -0.0226375 -0.0135437 0.00140446 0.0329178 -0.0125515 -0.0044055 0.0246077 -0.00976808 0.000884158 0.0194949 -0.0248387 -0.00186977 0.00260125 -0.00268102 -0.00623613 0.000845449 0.0182523 0.0353065 -0.000950074 -0.00491542 0.00454005 -0.0157283 0.249629 0.0805345 0.105046 0.0352358 -0.0159679 -0.0101649 -0.010967 -0.0101098 -0.00640978 -0.0383226 -0.00764228 -0.00677994 -0.0261151 -0.00137643 -0.0361304 -0.0428689 -0.0322083 -0.0189382 -0.0435002 -0.03374 -0.022327 -0.00843763 -0.00809991 0.0554946 -0.0204759 -0.00203686 1.92588e-05 -0.018893 -0.0148129 0.00847346 -0.0146769 0.0113717 -0.0044241 -0.00653928 -0.0146634 -0.0061044 -0.00345975 -0.00763457 -0.0046439 -0.00259482 -0.0054142 -0.0107406 0.0593168 -0.00482733 -0.00461655 -0.0284747 -0.00250368 -0.0381491 -0.000773835 0.0104851 -0.001286 -0.00481157 0.0272923 -0.00177641 -0.00851103 -0.0127359 0.0444701 -0.00689778 -0.011586 -0.00604662 -0.038365 -0.0122287 -0.0556705 -0.00404253 0.00154706 0.000487352 0.00507597 -0.00201653 0.0218514 0.0214029 -0.00321571 -0.0129826 -0.0115406 0.0302782 -0.0122391 -0.000750445 
0.0259001 -0.0269711 -0.015215 0.00201302 -0.0157809 0.058771 -0.00223487 -0.00862023 0.0203212 -0.0130859 0.0043284 0.00398651 -0.0136168 -0.00171455 -0.00579757 -0.00633089 -0.00666396 -0.0021307 0.0279311 0.052985 0.0282006 0.0144963 -0.00635204 -0.0136903 0.0805345 0.234016 0.0787687 0.0395217 0.00301012 -0.00478253 -0.00861072 -0.00439754 0.00339065 -0.0535448 -0.00487094 -0.0109856 -0.00256619 0.0284917 -0.0606176 -0.0425599 -0.0532484 -0.0265195 -0.0464753 -0.07182 -0.0295332 0.00638259 -0.00987538 0.0319574 -0.0143188 -0.00403943 -0.00407669 -0.0226249 -0.0186117 0.0188276 -0.00145053 -0.0097829 -0.0119376 -0.00315008 0.00317847 0.00671251 -0.0152321 0.00637929 -0.00501357 -0.00560483 -0.0254176 -0.0114141 0.0547672 0.000282814 0.00804499 -0.0475287 -0.00581923 -0.0476853 0.00213675 0.0184243 0.00033718 -0.00265847 0.0244932 -0.0060642 -0.00990229 -0.00868304 0.0510856 -0.00918444 -0.00633106 -0.00552509 -0.0169908 -0.0240725 -0.0316297 -0.00941774 -0.0242675 0.00188816 -0.0123584 -0.0029291 0.0393104 0.00496494 -0.00139151 -0.0138954 -0.0109367 0.0400227 -0.00539738 -0.00190689 
0.0405951 -0.0268122 -0.026675 -0.0211694 -0.00642923 0.033671 -0.0107801 -0.00198935 0.0108719 -0.0097399 -0.00194265 0.0251126 -0.0229807 0.00306339 -0.00600432 -0.00868138 -0.0172241 -0.00326676 -0.000455358 0.0251844 -0.0206436 -0.00769386 -0.00838291 0.0245816 0.105046 0.0787687 0.239873 0.0569003 -0.0120152 -0.0142732 -0.00633682 -0.00826088 -0.00157164 -0.0438971 -0.00175899 -0.0146279 -0.00729782 -0.00186221 -0.0415958 -0.061252 -0.0218706 -0.0299093 -0.0342241 -0.0182034 -0.0235431 -0.00721236 -0.00876805 0.0343369 -0.0114403 -0.000375815 -0.00170306 -0.0119578 -0.0251668 0.0108406 -0.0186272 0.0262523 -0.00622118 -0.00611787 -0.0208678 -0.0185734 0.0122706 -0.00783625 -0.00666385 -0.000986573 -0.0110817 -0.00819153 0.0435985 -0.00610461 0.0103899 -0.0302347 -0.0124095 -0.03323 -0.00123902 0.00113376 -0.000629127 -0.00399591 0.021998 -0.00455309 -0.0033978 -0.00834616 0.0903896 -0.00980979 -0.00566044 -0.005292 -0.0393466 -0.0170318 -0.0646737 -0.0197838 0.0025401 -0.00265526 0.00733369 -0.0012512 0.0373835 0.0301958 -0.00542682 -0.0162843 -0.0128395 0.0549582 -0.00716674 -0.00076539 
0.0508376 -0.00064543 -0.022439 -0.00448163 -0.0193539 0.0212043 -0.0208916 -0.0063046 0.0158967 -0.0242012 -0.00987387 0.0223379 -0.0171575 -0.0110634 -0.0158876 -0.00768856 -0.0193104 0.00886154 -0.00351137 0.00398871 -0.0187855 -0.0157383 -0.0109887 0.0206644 0.0352358 0.0395217 0.0569003 0.220138 -0.00392695 -0.0156043 -0.0170136 -0.0132043 -4.58108e-05 -9.69271e-06 -0.00349789 -0.0201139 -0.0141232 -0.0121136 0.0211845 -0.0333877 0.00666376 -0.0276382 -0.000225876 -0.00470229 0.00429454 0.0749599 0.00790155 0.0242966 -0.00732061 -0.000853426 -0.0160698 -0.00618425 -0.0154761 0.003065 -0.00576526 -0.00980809 -0.0131787 -0.0103252 -0.0101461 -0.0193039 0.0195958 -0.0268492 -0.00909492 -0.00918471 -0.00830941 -0.0188331 0.0319701 -0.0147773 -0.0092688 -0.0300564 -0.011429 -0.0121295 -0.00443534 0.0103702 -0.00793353 -0.00622154 -0.00145359 -0.00945874 0.000907557 -0.00799654 0.0669048 -0.00971901 -0.00999917 -0.0141058 -0.026604 0.00774437 -0.0210268 -0.0182657 -0.00295788 -0.0132679 -0.00447121 -0.00442134 0.0145806 0.0293043 -0.00570324 -0.0237008 -0.00288557 0.0267225 0.00655061 0.000317924 
-0.00694124 -0.00172046 -0.00320237 0.00250549 -0.00746101 -0.00494196 -0.000294535 0.000576009 -0.00273171 0.00094007 0.00378009 -0.00240261 0.00538843 0.00187618 -0.000555392 -0.000870782 0.00347411 -0.00129885 0.00154055 -4.12411e-05 0.00788354 0.000311754 -0.000387111 -0.0120845 -0.0159679 0.00301012 -0.0120152 -0.00392695 0.0502911 0.00105452 0.000325227 0.0051224 0.00198856 -0.00174881 -0.000836555 -0.00153375 0.00106224 -0.00503864 -4.21727e-05 -0.00192348 -0.00827802 0.00208693 -0.00197058 -0.0074607 -0.00156553 0.00313601 -0.00167954 -0.00204966 0.00387895 0.0015993 -0.00302484 0.00277018 0.00494837 0.000518522 0.00351469 -0.00364415 0.000361501 0.000745496 0.000941959 0.00770177 -0.0157113 0.00129901 -0.000287401 -0.00256532 -0.00324899 -0.00043052 0.00518364 0.0016954 0.00226365 -0.00274909 -0.000524914 -0.00504206 -0.000688531 0.00975635 0.00252578 0.00227916 -0.00313224 -0.000139914 0.000595383 0.00035272 0.00188202 0.00120961 0.00217195 0.000170239 0.00689888 -0.00251747 0.00373461 0.00275677 -0.00142686 0.000920674 -0.000470654 -4.92626e-05 -0.00651509 -0.00421343 0.000860604 0.000775179 -0.00209962 -0.0015644 0.000467159 -0.000115547 
-0.014484 -0.00103517 0.00476053 0.00260491 -0.00387173 -0.00056263 0.00530335 0.000145764 -0.00727259 0.0107376 -0.000144676 -0.011841 0.000178501 0.00191435 0.00275501 0.000999068 -0.000300664 -0.00487388 -0.00697586 -0.00273583 0.00168485 -0.00110481 -0.000991341 -0.00291733 -0.0101649 -0.00478253 -0.0142732 -0.0156043 0.00105452 0.0595333 0.00165702 0.00198033 -0.000156413 0.000563927 4.91427e-07 0.000603446 -0.00067653 -0.00662742 -0.00527373 0.000563182 -0.0034268 0.0161374 0.00200631 -0.00519103 -0.00288603 -0.0172022 -0.0025765 -0.00940815 -0.00148301 0.00102012 0.00188049 -0.000143261 -0.0043738 -0.00120342 -0.001996 -0.00229164 0.00258221 0.00327993 -0.00147655 0.00135628 -0.0138934 -0.0005309 0.00447682 0.00106047 -0.000828907 0.00271576 0.0025678 -2.99783e-06 0.00828993 -0.00128011 -0.000552875 -0.00593419 0.00527617 -0.00187092 0.000709131 0.000582055 7.53664e-05 0.00159192 0.00127785 0.0034936 -0.00749623 0.00485529 0.00530027 0.000154562 0.0151197 -0.00467163 0.0145755 -0.00136812 0.000162307 -0.000405428 -0.00385113 0.00140443 -0.00176447 -0.000477857 0.00570465 0.00576438 0.00490075 0.00262331 -0.00258116 -0.000145728 
-0.0115225 0.00144336 0.00354061 -0.00335905 0.00609971 -0.00414777 0.00117073 0.0030439 -0.00151844 0.00232871 -0.00029925 0.00253321 -0.00115476 -0.00118561 0.000862083 0.000873319 0.000954777 -0.00117762 -0.0017323 -0.00383765 0.000145331 -0.00219251 0.000616001 0.00341821 -0.010967 -0.00861072 -0.00633682 -0.0170136 0.000325227 0.00165702 0.0438218 0.0043764 -0.0028399 -0.00344585 0.000891606 -0.000227479 0.00243978 0.00365817 -0.0031291 0.00564625 0.00231118 0.00135634 0.00215166 0.0068454 0.000590651 -0.00672947 0.00051543 -0.00874012 0.0036704 0.000406615 -0.0023154 -0.00106087 0.00833483 -0.00272118 -0.00159702 0.00872551 0.00445137 -7.77596e-05 0.0014802 -0.00591938 0.00206401 -0.000443277 0.00187838 -0.00282143 0.003461 -0.000166296 -0.00779527 0.000818599 -0.000116059 0.0020612 -0.000944241 0.0075474 -0.000448165 -0.00274722 -0.000102819 0.00085524 -0.00310345 0.000244464 -0.000506691 0.00138739 -0.0146168 0.000180718 0.00115943 0.00192684 -0.0011958 0.000131538 -0.000676936 0.00220187 -0.0016346 0.00232754 -0.000875585 0.000695534 -0.00109303 -0.00387275 0.000545747 -0.000294185 0.00473508 -0.00795529 0.000250827 0.000110405 
-0.0145714 -0.00330121 0.000361828 -0.00193 -0.004667 -0.00297978 0.00260258 0.000233423 -0.00272337 0.00299193 0.00159644 -0.00867533 -0.00103795 0.000158117 -0.00082395 0.000454955 0.00417813 -0.00211113 -0.00132374 -0.00474984 0.000306577 0.00254739 0.00304713 -0.00511843 -0.0101098 -0.00439754 -0.00826088 -0.0132043 0.0051224 0.00198033 0.0043764 0.0481477 -0.00103064 -0.00201949 0.00092499 -0.000300205 -0.000806524 0.00166611 -0.00547935 0.00354769 -0.00874827 0.003173 0.000708738 0.00396252 0.00123746 -0.00312862 0.000146237 -0.00902692 0.000883718 0.000864899 -0.00314858 -0.000500386 0.0132334 -0.00036114 0.0026847 -0.00332099 0.00374156 7.53679e-06 0.00168347 -0.00165591 -0.00612694 -0.00213963 9.06422e-05 -0.00425243 0.00253916 0.000266227 -0.00038445 0.000998355 0.00729717 0.00185018 0.000336251 0.00192095 0.000743846 0.00232493 0.00345547 0.00179568 -0.00445103 0.00158521 -0.00030905 0.000804582 -0.00827884 0.00618657 6.19793e-05 0.000140929 0.00746485 0.00380121 0.00437667 -3.36889e-05 -0.00343744 -0.00191179 -0.00140113 -0.000115315 -0.00441236 -0.00270568 0.00282401 0.000365926 -0.000381896 0.00448704 -0.00207736 -0.000357508 
-0.0145971 -0.00157139 0.00272674 0.0414241 -0.0165397 -0.0103401 0.0206644 -0.00160245 0.000945482 0.00338921 0.00480255 -0.0194648 0.00865518 0.00130223 -0.00118238 -0.00110121 0.00133258 -0.00793305 -0.0168161 -0.00541821 -0.00533132 0.0049596 2.02632e-05 -0.00911229 -0.00640978 0.00339065 -0.00157164 -4.58108e-05 0.00198856 -0.000156413 -0.0028399 -0.00103064 0.104054 0.025273 0.00376129 -0.000115722 -0.0108394 -0.00700156 -0.00674699 -5.72821e-05 -0.0229191 0.0115233 0.00642378 -0.0202451 -0.00866256 -0.00428357 0.00512623 -0.00976158 -0.00323411 0.000567366 -0.00842245 -0.00342932 -0.00991666 -0.0106225 0.00429182 -0.0108982 -0.00504765 0.000204291 0.00471862 0.0241232 -0.0235177 -0.00392115 0.000382253 -0.00633506 -0.00659136 0.000751625 0.0158125 0.00149141 0.000699898 -0.00097991 -0.00365016 -0.00846939 0.00512777 0.00711215 1.85571e-05 -0.000532221 -0.00965198 0.00144196 -0.000566855 -0.00174543 0.00533921 0.000510231 0.00147271 0.00281157 0.00815428 -0.00479965 0.0117579 -0.00250236 0.00216445 0.00624188 0.00136626 -0.000580429 -0.0082175 -0.000125511 0.000185992 -0.00251445 -0.00353436 -0.00460944 -8.42359e-05 -0.000313607 
-0.0234194 0.00252026 0.0236451 0.0344213 -0.00263426 -0.0294164 0.00699608 -0.00313166 -0.00390511 0.00864716 -0.000807726 -0.0319157 -0.0164851 0.0104073 -0.0031822 4.89699e-05 0.00768205 -0.0156555 -0.047372 -0.0308409 -0.00400775 0.012506 0.00707434 0.00775937 -0.0383226 -0.0535448 -0.0438971 -9.69271e-06 -0.00174881 0.000563927 -0.00344585 -0.00201949 0.025273 0.205548 0.00598449 0.00994924 -0.0206014 -0.0406763 0.0147246 0.0302852 -0.0334324 0.0127058 0.0669957 -0.0159152 -0.0049257 0.0139181 0.0179611 -0.042818 0.0194722 0.000198933 -0.00832671 0.0252493 -0.00948386 -0.00732692 0.0186537 -0.0202011 0.00594837 -0.00040366 0.00145468 0.0190808 -0.0233175 -0.0124032 0.00335539 -0.0288051 0.00784714 -0.0109506 -0.00460935 0.00552549 -0.00175934 -0.0293357 -0.00563025 -0.0266659 0.00934524 -0.00807249 -0.00116359 0.00126798 -0.0392051 0.00194484 0.00325114 0.00369913 -0.0174761 0.0205868 0.00314606 0.000271161 0.0444861 0.0234365 0.0837197 -0.00274204 -0.00101564 -0.00356628 0.00152592 -0.000495599 -0.0304615 -0.00810407 -0.00614448 0.0233356 0.00229046 -0.0320344 0.000794311 -0.00167254 
-0.000966772 0.00122336 0.000874485 0.00642524 -0.000111378 -0.000248577 0.000946832 0.000365246 -0.00191028 0.000665919 0.000272041 -0.00218529 -0.00159246 0.000284985 -0.000373737 -4.16273e-05 0.00128314 -0.00123337 -0.00314601 -0.000491251 -0.00115971 0.000831188 0.000369302 0.00281178 -0.00764228 -0.00487094 -0.00175899 -0.00349789 -0.000836555 4.91427e-07 0.000891606 0.00092499 0.00376129 0.00598449 0.0275835 -0.00027645 0.00286701 -0.00182927 0.00371112 0.00299874 -0.00291292 0.00204119 0.00360095 -0.00245053 -0.0010899 -0.00151383 0.00061771 -0.00811894 0.000720933 -0.000311807 -0.000204832 0.000680129 -0.0011329 -0.00184159 -0.000637559 -0.000195785 0.000240653 0.00167529 0.000255184 -0.00121021 -0.00104954 -0.000630185 0.000806711 4.36076e-05 -0.000930707 -0.000524698 -0.00747259 -0.000644381 -0.000573429 0.000324374 -0.000940763 0.0012512 0.000138764 -0.00201632 0.000670936 -0.000123664 -0.00278448 0.00045837 0.000146702 0.000533613 -0.00677537 3.74211e-05 0.000501163 0.00118807 -0.002168 -0.000635165 0.00260413 -0.000409263 0.00166026 -2.20733e-07 0.00111409 0.000119953 0.00213648 -0.00188669 0.00014748 0.000658147 -0.000761095 -0.00562412 0.00244897 -0.000154907 
