0.0426869 0.00450667 -0.00278123 0.011062 0.0016748 -0.00409892 -0.00115318 0.00156085 -0.0070331 -0.00111561 -0.00123449 -0.00344825 -0.000413127 -0.000613173 -0.000629503 -0.0010042 0.00132883 -0.00381627 0.000927867 -0.00256116 -0.00186395 -0.00237663 0.00716427 -0.000432145 0.00966051 0.00134319 0.000454956 0.00241579 -0.00247864 -0.00582664 0.00690792 -0.00923113 -0.00638903 -0.00965933 -0.00245864 0.00286478 -0.000966118 -0.00155823 -0.00309184 -0.0037977 -0.00351872 -0.00115445 -0.00444224 -0.00666649 0.0058575 0.00473712 0.0114909 0.0114117 0.00284001 0.00804407 0.00415445 -0.00643551 -0.00131379 0.00366435 -0.00104493 -0.00742327 0.000911433 -0.00149046 -0.00204753 0.00237733 -0.000523756 0.000194048 0.000504765 0.000169191 -3.9693e-05 0.00062324 -0.00288146 -0.00379125 -0.00653278 -0.00815339 0.000604781 0.000271667 -0.00222687 -0.00234755 -0.00104229 0.000464139 0.0016292 -0.000172269 0.000157978 -0.0157951 -0.005629 -0.0128002 -0.000719342 0.000184059 0.000759883 -0.0018877 0.00523444 -0.00198224 -0.00985412 0.00719589 0.0173317 0.000965837 -0.000580939 0.00181796 -1.00265e-07 -0.00172034 -9.78903e-05 0.00740429 -0.00170902 0.000495607 
0.00450667 0.180036 -0.0100114 0.051083 0.0306042 0.00112533 0.00276657 0.00932284 -0.028692 0.000502166 0.0136442 -0.00336241 -0.00158519 -0.00315837 -0.00189585 -0.00952856 -0.000123541 -0.0193594 -0.00135546 0.00493172 0.00995934 -0.00438177 0.0611231 -0.00336917 0.0331421 0.00406832 -0.00018871 0.00151983 -0.0325868 0.0566459 0.0207986 -0.0562837 -0.0107433 -0.0105239 -0.0246769 0.0374993 -0.0107661 -0.00512035 0.00493598 -0.0162667 -0.0518411 -0.0205437 -0.0361905 -0.0280554 0.00313299 0.00381562 0.00954504 0.0646821 0.00970987 0.00553761 0.0333991 0.0330073 -0.000190244 0.0514829 0.004518 -0.0359194 -0.00133324 -0.0100696 0.0198196 0.0045996 -0.00347001 0.0117309 -0.00105785 -0.0158988 0.00154868 0.00397949 -0.0277458 -0.0265576 -0.0331436 -0.0437033 -0.00226163 0.00581662 -0.0100711 -0.0093805 -0.0127199 0.00266961 -0.00679504 -0.00954714 -0.000194085 -0.0656481 0.00161269 -0.0585988 -0.0101328 -0.00755873 -0.00174238 0.0206849 -0.00958425 -0.00191971 -0.0333467 0.0098582 0.0356399 -0.0300602 -0.00421526 -0.000157706 -0.00668179 -0.00514484 0.00140097 0.00742774 -0.00123128 0.00285704 
-0.00278123 -0.0100114 0.221839 0.0170206 0.0166956 -0.000451201 0.0124882 0.00395883 -0.0138733 -0.000392794 -0.0226897 -0.0201527 0.00836205 -0.00306187 -0.00127227 -0.0166723 9.47748e-05 -0.0220697 -0.0205446 -0.00983675 0.004757 0.00423653 -0.00918796 -0.011173 -0.0342989 -0.00113194 0.00294246 -0.00925558 0.00988312 -0.0202769 0.033673 0.0215285 -0.0158775 0.000755521 0.00661692 0.00875452 0.0107557 -0.0117072 4.37533e-05 0.0246149 -0.0344334 0.00635938 0.00334962 0.0146207 -0.00058884 -0.00581651 -0.0140832 -0.0158589 -0.024892 -0.0271469 0.00978499 -0.0434425 -0.00160171 0.0106944 -0.0082307 0.00860976 -0.0150748 0.0110404 0.00472986 -0.0127268 -0.00287876 0.00306793 -0.00696002 0.000474247 0.00240451 0.000384263 -0.0234044 0.0334436 -0.0115387 -0.0118912 0.00420654 0.0142864 -0.0103105 -0.00837897 0.0036861 0.00117186 0.00949371 -0.0068542 0.000802168 0.0133323 0.0270203 -0.0128174 -0.00770556 0.00631301 0.00217575 -0.0125133 0.00212894 -0.0163429 -0.0187837 -0.00878519 0.00746158 -0.00394745 0.00998138 -0.00712846 0.0204519 -0.0076649 0.00129471 -0.0105656 0.00831943 -0.00102428 
0.011062 0.051083 0.0170206 0.155946 0.0371205 0.00427352 0.00284147 0.00909475 -0.0312329 -0.00295411 -0.00510496 -0.0110766 -0.00306243 -0.00200162 -0.00334742 -0.0125551 0.000969358 -0.0272159 -0.0143046 -0.0122222 0.0281444 -0.0176354 0.0511799 -0.00538077 0.00486327 0.00301947 0.00447863 -0.00534215 -0.0112921 0.0269322 0.0287881 -0.0428636 -0.0294043 -0.0108865 -0.0241063 0.0559383 -0.000497151 -0.00744933 -0.00582119 -0.00393575 -0.0371445 -0.0142637 -0.0167266 -0.00745989 0.00794313 0.00468844 0.00336602 0.0389938 -0.00507447 -0.0186667 -0.00325884 -0.00650936 -0.00411666 0.0719044 -0.00393889 -0.0277456 -0.00971475 0.00113882 0.0285522 0.000840787 -0.00203592 0.00125559 -0.00180484 -0.00592875 -0.00028325 0.00763399 -0.0345566 -0.0210086 -0.0248299 -0.0419356 0.00187053 0.0345872 -0.0137204 -0.0113091 -0.0072805 0.000907797 -0.00319751 -0.0144588 -0.00201412 -0.051547 0.0482282 -0.0598624 -0.00355724 0.000421656 -0.0012647 0.0113266 -0.00729669 -0.00927853 -0.0354107 0.0160667 0.0524799 -0.0168371 0.00207953 -0.00352931 0.00631795 -0.0233947 0.0082828 0.00335553 -0.00108386 -0.0032591 
0.0016748 0.0306042 0.0166956 0.0371205 0.134787 0.000487238 0.015636 0.0210913 -0.00923305 0.00511375 0.0129697 -0.0075564 0.000212121 0.00186511 -0.0017089 0.0050512 0.000107095 0.0077802 -0.00961392 -0.00674656 0.00498178 -0.00530927 0.0204848 -0.0058095 -0.00608798 0.00474723 0.0129223 0.00490376 -0.0343574 0.0153329 0.0134957 -0.0274452 -0.00442099 0.00603031 -0.00706076 0.0151291 -0.00748302 0.00230312 -0.00112508 -0.00927483 -0.0251496 -0.0131935 -0.0217538 -0.00880595 0.00158632 0.00207707 -0.0122557 0.0288515 -0.0105848 -0.0114009 0.0199574 -0.0129329 0.00319829 0.0288317 0.00498082 -0.0168326 -0.0153977 0.00446693 0.0105948 0.00560307 -0.00147705 0.0124559 0.00413588 -0.00620379 -0.000101321 0.00381515 -0.0248952 -0.0168428 -0.0225626 -0.0237622 -0.004388 -0.00242625 -0.0085754 0.000791643 -0.00556147 0.00194997 0.0119207 -0.0150579 0.00159809 -0.0494732 0.0257241 -0.0462505 -0.00712502 -0.00137984 -0.00201141 -0.00521771 -0.0134121 -0.00757389 -0.0333127 -0.00782275 0.0253819 -0.0166887 0.00808224 -0.00621613 0.0153236 -6.37429e-05 0.00663123 -0.00249318 0.00621263 -0.00326289 
-0.00409892 0.00112533 -0.000451201 0.00427352 0.000487238 0.123798 0.00181364 -0.00443938 -0.00819948 -0.0016514 0.0177476 0.00109078 -0.00372283 0.000500469 0.000929666 0.0218364 -0.000263451 0.0145126 0.0152531 -0.000458216 0.033873 -0.00645214 0.0242931 -0.0027651 0.0196448 0.00407307 -0.00309255 0.00817163 0.0102044 0.0220491 0.00615713 -0.0205448 -0.025542 -0.0100549 -0.0209573 0.00558548 -0.00746331 -0.00458976 -0.0101143 -0.0162864 -0.0369403 0.000362147 -0.00419194 -0.00280967 0.0173385 -0.00353455 -0.000697242 -0.0123259 -0.00361164 0.00185566 -0.0239956 0.0014578 -0.00464499 0.0195231 -0.00383332 -0.0141805 -0.00307834 -0.00207127 0.010602 -0.00866887 -0.00147686 0.000727373 0.0113759 -0.0102646 0.00115372 -0.00287463 -0.00605554 -0.00656323 -0.0200189 0.0108078 0.000662927 0.0199065 -0.00320784 -0.007041 -0.00374062 0.000469973 -0.00520439 -0.0124494 -0.00216651 -0.0174639 0.00966615 -0.0198578 -0.00182918 -0.00442593 0.00323914 0.0151107 -0.00593427 -0.00469958 -0.0177508 0.00769184 -0.0055628 -0.0136923 -0.0042893 -0.00942914 -0.00120509 -0.00607817 -0.00455378 6.64127e-05 -0.00564076 0.00976987 
-0.00115318 0.00276657 0.0124882 0.00284147 0.015636 0.00181364 0.0709468 0.00454473 -0.00220001 0.00235202 -0.00220018 -0.002037 0.00314532 -0.00158322 0.00306059 -0.000933294 8.9969e-05 0.00507822 0.00614899 0.006427 0.00190373 0.00469575 0.000846743 -0.00216555 -0.00282793 0.00398102 -0.00111636 -0.000160734 -0.0229349 -0.0117438 -0.00444772 -0.01146 -0.0103075 0.0132765 -0.00243894 -0.00191679 2.16273e-06 -0.00380163 -0.00269459 -0.00279733 -0.0105606 -0.00581149 -0.00840422 0.00946297 -0.00707725 -0.000376901 -0.0148891 -0.0082724 -0.0036156 0.00087169 -0.00407286 -0.0104729 0.00737785 0.00155389 0.000415242 -0.0141452 -0.00367222 -0.000126994 0.000537833 0.00510063 -0.001248 0.00198347 0.00406064 -0.00451453 0.000746901 -0.000787837 -0.00961984 -0.00541822 -0.00999032 0.00174353 0.00216236 0.00283762 -7.7503e-05 0.00710729 0.00018719 0.000609338 0.00466378 -0.00299768 0.000409058 -0.00798859 0.0208273 -0.0132214 0.00269591 -0.00265014 -0.000562565 0.00330774 -0.00313802 -0.00261519 -0.00614449 -0.010072 -0.000666003 -0.0122037 0.00982326 -0.00122664 0.00483499 0.0119726 0.00119058 -0.00303726 0.00975998 0.00230908 
0.00156085 0.00932284 0.00395883 0.00909475 0.0210913 -0.00443938 0.00454473 0.0874467 -0.00923349 -0.00247151 -0.00410059 -2.48205e-05 -0.00286617 0.000255142 -0.00088472 -0.00166595 0.00112007 -0.00569991 -0.00430373 -0.00465059 -0.0035926 0.00333631 0.00499895 -0.00107714 -0.00349236 0.00169739 0.00482449 -0.000698822 -0.013467 0.00086141 -0.00166338 0.000567634 -0.0025019 0.00394507 0.00243384 0.00385716 -0.00237217 -0.00295218 -0.00692459 -0.00364563 -0.0164023 -0.00290496 -0.000619739 0.000270719 0.00339148 0.000693103 -0.00862319 0.00454457 -0.00192304 0.00111755 0.00219246 -0.00525937 -0.00332249 0.0168057 0.0053486 -0.00421351 0.000667959 0.00694992 -0.0011364 0.00488462 -0.000174996 -0.00129805 -0.000422651 -0.00231393 -0.000668944 -0.00138275 -0.00733428 -0.00691754 0.00134012 -0.0113118 -0.00245168 -0.0104277 -0.00371419 -0.00209346 -0.00318156 -0.000382891 0.000534977 -0.0067542 0.0015033 -0.00882083 0.00520217 -0.00557088 -0.00445413 -0.00271883 -0.00100095 -0.00249231 -0.0021401 -0.00258983 -0.00203645 -0.000138531 0.0091105 -0.0128131 0.00258576 0.00394527 0.00290122 -0.00510661 0.00523599 -0.00296983 0.00153666 -0.00486347 
-0.0070331 -0.028692 -0.0138733 -0.0312329 -0.00923305 -0.00819948 -0.00220001 -0.00923349 0.15566 0.00334535 -0.00905122 0.022358 0.0169306 0.00538252 0.000632802 0.00106644 -0.000263537 0.0361968 0.00735773 0.00685998 -0.0212824 0.00726182 -0.0296457 -0.00379978 -0.0243629 -0.00386295 -0.00232148 -0.000663843 0.0126132 -0.0218047 -0.00455807 0.0306093 0.0135689 0.0264842 0.000648971 -0.0134707 -0.00287553 0.0154014 -0.0120385 -0.0132889 0.0507127 0.0176583 -0.0269485 -0.00787061 -0.0124542 0.00454123 -0.0344051 -0.0194939 -0.00441715 -0.0153382 -0.0015833 -0.0169317 -0.00268995 -0.0368796 -0.00228376 -0.00817889 -0.00932742 0.0103225 -0.0166032 -0.00717152 -0.000665174 -0.0093387 -0.00335536 0.00136635 -0.000775045 0.00203694 0.0176396 0.0249542 0.0171543 0.0258139 -0.00144071 -0.0217776 0.0157867 0.00285669 -0.00774663 -0.0016178 -0.0159245 0.00838213 0.000645565 0.0254108 -0.0426513 0.0313639 -0.000888279 -0.00265758 0.000514389 -0.00571647 -5.86066e-05 0.00541918 0.0181339 -0.0271437 -0.0120915 -0.0216422 0.0114002 -0.00553541 0.000539203 0.0140811 0.0159456 -0.00459285 -0.00462299 0.000749915 
-0.00111561 0.000502166 -0.000392794 -0.00295411 0.00511375 -0.0016514 0.00235202 -0.00247151 0.00334535 0.0549924 0.0148106 -0.00153961 -0.000280521 -0.000781351 -0.000212712 0.00253095 5.44086e-05 0.00401456 0.00360652 -0.0015858 -0.000766857 -0.00269542 -0.00488714 -0.00149067 -0.0064826 0.000388892 -0.00174132 0.00188057 0.000525235 -0.00395466 -0.00543893 -0.00757825 -0.00692501 -0.0048433 -0.00583231 -0.00225293 -0.00145718 -0.00294761 -0.000298205 0.0005906 -0.0112801 -0.00294939 -0.00176245 -0.00626617 -0.0019429 -0.000897676 -0.00885089 -0.00695855 -0.000340497 0.00429281 0.00421092 0.00706973 0.0100641 -0.0056003 0.000734844 -0.00312423 -0.000145073 0.00286081 0.00238999 -0.00235582 0.000632868 0.0068336 0.00283061 -0.00269764 -7.62818e-05 -0.00146296 0.0130032 -0.00398777 -0.000263347 0.0101642 0.000299105 0.00358228 -0.00255961 -0.00285415 -0.00262526 0.00189771 -0.000775333 -0.00401193 -0.000993679 0.000915178 0.0085983 -0.00305137 -2.56676e-05 0.000803091 -0.000280589 -0.00254801 -0.00638424 0.00116084 -0.00358121 -0.00801888 -0.0027866 -0.00570753 -0.000576193 0.0074724 -0.00226244 -0.00165704 -0.0035768 0.00143883 -0.00023048 0.00208346 
-0.00123449 0.0136442 -0.0226897 -0.00510496 0.0129697 0.0177476 -0.00220018 -0.00410059 -0.00905122 0.0148106 0.138987 -0.00496179 -0.00377795 -0.000831843 -0.000817501 0.0293211 -0.000195866 0.0307856 0.00756333 0.00210756 0.00490066 0.0189713 0.00375728 -0.000659836 0.0225844 0.000413084 0.001149 0.011079 -0.0169772 0.023684 0.0197483 -0.0273519 -0.00756925 -0.0133307 -0.00715739 -0.0100036 -0.00848369 -0.00584481 0.00702018 -0.01792 -0.0427122 -0.016602 -0.00406665 -0.0261761 0.0148765 0.00147894 -0.0109883 0.0130426 0.00942506 0.0227032 0.0253834 0.0160342 0.0140327 -0.0168912 0.00264772 -6.11594e-05 0.00288468 -0.003965 -0.00565586 -0.00485476 -0.00226227 0.00740344 0.0125629 -0.0121632 0.00104419 -0.00499129 0.0158545 -0.0121288 -0.0222414 0.0164891 -0.00343825 -0.00713891 -0.00354801 -0.00679928 -0.0066174 0.00120056 -0.00307685 -0.0159163 -0.00180294 -0.0338879 -0.0181068 -0.0265209 -0.00929224 -0.00401792 -0.000274296 -0.00587684 -0.000102408 -0.00425927 -0.0132101 -0.0195637 -0.00585144 -0.0151699 -0.00856494 0.0012977 -0.000495151 0.00203584 -0.00331908 0.00508929 -0.0065311 0.0126765 
-0.00344825 -0.00336241 -0.0201527 -0.0110766 -0.0075564 0.00109078 -0.002037 -2.48205e-05 0.022358 -0.00153961 -0.00496179 0.085975 0.0145049 0.00013229 0.000704474 0.00709176 -9.86703e-05 0.015484 0.00754954 0.00844832 -0.00645895 -0.0031876 -0.00590993 -0.00194434 -0.00797454 -0.00302872 -0.00407619 0.00123053 -0.0159205 0.00682372 -0.0251116 -0.004974 0.0177054 0.00954289 0.00490489 -0.00215866 -0.00312961 0.0022257 -0.00289011 -0.00515983 0.0277846 0.0008485 -0.0142034 -0.0196729 -0.00690894 0.00339074 -0.00916368 0.00240266 -0.00300738 0.00454207 -0.00424599 0.0166128 -0.00274577 -0.00828731 -0.000378989 -0.0047097 0.00276401 -0.00478004 -0.00610581 0.0027391 2.02904e-05 -0.00237633 0.000807328 -0.00202071 -0.000549809 0.00812828 -0.0059076 0.00110955 0.00125884 -0.00538505 -0.00225698 -0.0120281 0.00795754 0.0073884 -0.00399019 -0.000356854 -0.00326803 0.010738 -0.000313842 -0.00131727 -0.0211066 0.00799486 -0.00483141 -0.00247698 -0.000808829 0.00157153 -0.00721132 0.0172018 -0.00375865 -0.00977586 -0.00353465 -0.00388429 0.00113914 -0.00173435 -0.00504543 0.00926409 0.00160533 -0.00418462 -0.00343372 -0.00109157 
-0.000413127 -0.00158519 0.00836205 -0.00306243 0.000212121 -0.00372283 0.00314532 -0.00286617 0.0169306 -0.000280521 -0.00377795 0.0145049 0.0603548 -0.000510006 0.000579851 -0.00157521 1.78395e-05 0.013352 0.000881033 0.0037633 -0.00655923 0.0023142 -0.00886459 -0.00145395 -0.00844912 -0.00074059 -0.00230614 0.00157647 -0.00198514 -0.00739494 -0.00548053 -2.46943e-05 -0.00472808 0.0106527 0.00532393 -0.00280107 0.00169219 0.00189436 0.00390171 0.00185891 0.0161132 0.00259222 -0.014373 -0.00559755 -0.00775688 0.00246022 -0.0168465 -0.00555457 -0.00193697 -0.00404569 -0.000209274 -0.0118747 -0.000518721 -0.00941424 -0.00107084 -0.00763735 -0.00333377 -0.00257258 -0.00360264 0.00267339 -0.000214573 -0.00150715 -0.000668323 0.00238162 -0.000228505 0.00121324 -0.00862034 0.00518649 -0.00615794 -0.000719911 0.00107074 -0.00706348 -0.00121273 0.00179889 -0.0020232 -0.000542993 -0.00409925 0.00501458 0.00135067 0.00284416 -0.00964699 0.000362704 -0.00197045 -0.00199517 0.00089193 -7.65177e-05 -0.00494524 -0.00219741 0.000716542 -0.00889813 -0.000131052 -0.00595081 0.0048696 0.00136207 0.000126946 0.0166696 0.00699739 -0.00139547 0.00475313 0.0024248 
-0.000613173 -0.00315837 -0.00306187 -0.00200162 0.00186511 0.000500469 -0.00158322 0.000255142 0.00538252 -0.000781351 -0.000831843 0.00013229 -0.000510006 0.0390729 -0.000221006 -0.00138962 -7.5342e-06 0.000308461 -0.00330972 -0.00174829 0.000427415 -0.00328994 -0.00385597 -0.00137621 0.00323964 -0.00104822 0.000670488 -0.00045907 -0.0016608 0.010327 -0.00105362 -0.00806582 0.00920505 0.00843282 -0.000602614 -0.00204599 0.000314265 0.0113228 -0.00219421 -0.002854 0.00331436 -0.00239379 -0.00358489 -0.00719229 0.00869708 0.00115194 0.00632453 -0.00159621 0.00303597 0.0017995 0.00380072 -0.00287578 -0.00182729 -0.00563147 -0.00110051 -0.00200411 0.000630419 0.00888554 -0.000892166 -0.00185906 -0.000232736 0.00119011 -0.000507232 -0.000401651 -9.57704e-05 -0.000217366 -0.00637018 -0.00344643 -0.00469639 -0.00676813 -0.000848994 -0.00490367 0.00209503 -0.00427513 -0.00202826 0.000225835 -0.0025058 -0.00271431 -0.000289006 -0.0104106 -0.00861159 -0.0103161 -0.00261227 -0.000965092 4.78844e-06 -0.000101245 0.00125014 0.00281397 0.00984706 -0.000765822 -0.00216638 -0.00420962 0.00129478 0.0051072 -0.00260985 0.00292198 0.0061332 0.00129891 -0.000823667 -0.000704594 
-0.000629503 -0.00189585 -0.00127227 -0.00334742 -0.0017089 0.000929666 0.00306059 -0.00088472 0.000632802 -0.000212712 -0.000817501 0.000704474 0.000579851 -0.000221006 0.0216094 0.00223537 2.85638e-05 0.00102009 0.000811874 3.00699e-05 -0.000831187 3.55809e-05 -0.00177856 0.000625785 -0.000447081 -0.000189393 -0.000644955 0.00158958 0.000949648 0.000638021 -0.00669775 0.00133619 -0.00079984 0.00360816 -0.000438513 -0.00172727 0.00144835 -0.000174413 0.000231339 -0.000104092 -0.00152074 0.000802358 0.00104328 0.00246793 -0.00111093 -0.000715416 -0.00241381 -0.00352789 -0.000164076 0.000576519 -0.00261158 -8.45715e-06 -0.000290154 -0.00207358 0.000608424 -0.0024964 -0.000639077 0.00114115 -0.000486508 0.00155109 1.77813e-05 -0.000288274 -0.000121982 -9.15835e-05 0.000572908 -0.000388372 -0.000627965 -0.000809894 -0.000659286 -0.0010335 -0.000241647 -0.000992764 -0.000133129 -0.000769074 -0.000107557 -0.000185819 1.79218e-05 -0.000648818 0.000277421 0.00194016 0.00181226 0.00137301 0.000378037 -0.000406626 6.64404e-05 0.000346387 -0.00225692 -0.000731311 0.00406756 -0.00266604 -0.00187886 -0.000661168 -0.000522869 -5.74264e-05 -0.0010788 -0.00106578 -0.00013239 -0.000601287 0.00110404 -0.000229349 
-0.0010042 -0.00952856 -0.0166723 -0.0125551 0.0050512 0.0218364 -0.000933294 -0.00166595 0.00106644 0.00253095 0.0293211 0.00709176 -0.00157521 -0.00138962 0.00223537 0.0905148 0.00022552 0.0307191 0.00870122 0.00248068 0.00470732 -0.00702918 0.00178597 -0.00106634 0.0167579 -9.94703e-05 0.00815755 0.0155395 0.00362279 0.0114547 -0.0177178 -0.0128107 -0.00820392 -0.00368856 -0.00382017 -0.00740552 -0.0050636 -0.00310085 -0.00544806 -0.00779876 -0.0175382 0.000108655 -0.00417937 -0.0236462 0.00814088 -0.0018384 0.0142031 -0.00481933 0.00273957 0.0130052 -0.00941654 0.0131359 0.0046268 -0.0106111 0.000762654 0.00172784 -0.00255194 -0.0032135 -0.000220366 -0.0029097 0.000577494 -0.0040803 0.00735132 -0.00321056 0.000147388 -0.00293363 0.00999067 -0.0127135 -0.00933524 0.0208076 -0.000168124 -0.0129153 -0.00125424 -0.00346492 -0.00434017 -0.00102677 -0.0083995 -0.00568875 -0.0011468 -0.016947 -0.0183871 7.32987e-05 -0.0035692 -0.00216748 0.00198981 -0.00156144 -0.00705112 -0.00113911 -0.0111109 -0.00557992 -0.00211873 0.00967438 -0.00250822 -0.00834389 -0.00158004 -0.00111891 -0.00758093 0.000103074 -0.00555407 0.00355195 
0.00132883 -0.000123541 9.47748e-05 0.000969358 0.000107095 -0.000263451 8.9969e-05 0.00112007 -0.000263537 5.44086e-05 -0.000195866 -9.86703e-05 1.78395e-05 -7.5342e-06 2.85638e-05 0.00022552 0.00814372 0.000916573 0.000630512 0.00158288 -0.000391653 0.000853087 0.000140561 -0.000199909 0.000223974 -0.000147808 0.000666317 0.000337814 -0.00168589 -0.000185581 0.0011025 -0.00160783 -0.00101659 0.00144157 0.000846502 0.000182546 6.1397e-05 0.000327681 -0.000370504 -0.000621463 -0.000759021 -0.000313811 -0.0011137 -0.00176392 0.000660774 0.000273678 0.000928423 0.00140311 0.000553999 0.000380451 0.0014291 -0.00134693 -5.63096e-05 -0.000448196 0.000198839 -0.00119571 -0.000150992 0.000146951 -0.000456446 0.000325816 -6.38208e-05 -0.000275017 9.98716e-05 -0.000184695 2.16096e-05 4.07719e-05 -0.000981815 -0.000792794 -0.00112379 -0.00122708 -1.34669e-05 -0.000823689 0.000348388 -0.000396735 -0.000467289 -5.9893e-05 -0.000348871 -0.000738851 0.000197423 -0.003692 -0.00102113 -0.00231145 -0.000438459 -0.000113301 -3.35758e-05 -0.000381899 -0.00019376 -0.000447297 -0.000695365 -0.000700252 0.00149023 -0.000533682 0.000619264 -0.000129772 0.000389821 0.000398722 0.00029568 0.000417007 0.000345032 0.000515581 
-0.00381627 -0.0193594 -0.0220697 -0.0272159 0.0077802 0.0145126 0.00507822 -0.00569991 0.0361968 0.00401456 0.0307856 0.015484 0.013352 0.000308461 0.00102009 0.0307191 0.000916573 0.142898 0.0267708 0.0176884 0.00421767 0.0178396 -0.00962825 -0.00661072 0.00647266 -0.000758101 0.00074593 0.018232 -0.0274427 -0.0111418 -0.00365308 -0.0127997 -0.024311 0.02564 0.00410587 -0.0132655 -0.00701429 0.00350651 -0.00569847 -0.0123604 0.0081254 -0.00390224 -0.0326599 -0.0236731 0.00682185 0.000634078 -0.0193504 -0.0173822 0.000333313 0.00563195 0.00495057 -0.0152435 0.011819 -0.0272782 0.00249921 -0.015767 -0.00702502 0.00359192 -0.0103499 0.00915977 -0.00248472 0.00108071 0.0115578 -0.00999082 0.000581243 -0.00364114 0.0104574 -0.0111159 -0.0115813 0.0219381 -3.66728e-06 -0.0238529 0.00915751 0.0019169 -0.00589551 0.000704141 -0.0117127 -0.00667157 0.00173529 -0.0110033 -0.0342878 -0.0113889 -0.00262535 -0.00612115 0.000216762 -0.000563439 0.00462062 0.00167353 -0.00539336 -0.0243125 -0.0139274 -0.0118902 0.00429527 -0.0133414 -0.00595457 0.0304252 0.0112101 -0.00189812 0.00983309 0.0118776 
0.000927867 -0.00135546 -0.0205446 -0.0143046 -0.00961392 0.0152531 0.00614899 -0.00430373 0.00735773 0.00360652 0.00756333 0.00754954 0.000881033 -0.00330972 0.000811874 0.00870122 0.000630512 0.0267708 0.118332 0.0109047 0.00281299 0.00545775 0.0127907 -0.00340742 0.0130191 0.000284739 -0.00461834 0.00400963 -0.0174194 0.00942634 -0.0245292 -0.0225773 -0.0191316 -0.00864664 0.0256248 -0.00363824 -0.00337908 0.00270212 0.000763813 -0.0125733 -0.00863247 -0.00189984 -0.0109593 -0.0212258 -0.00343182 -1.23501e-06 -0.00491289 0.00164486 0.00529301 0.0333344 -0.00660867 0.000506842 0.00619318 -0.00941469 -0.00311257 -0.0177152 0.0125824 -0.0101242 0.00097379 -0.00508209 -0.00222035 -0.00632786 0.00811864 -0.00731063 -0.000952099 -0.00296813 0.0185032 -0.0172419 -0.00911055 -0.00316727 0.00231691 0.00584613 0.00239694 0.00105777 -0.00381519 -0.00104939 0.00476362 -0.00984432 0.00085194 -0.025777 -0.0079947 0.00346733 0.0113973 -0.0037041 -0.00102808 0.0118583 0.00544542 0.000610829 -0.0183209 -0.00675656 -0.00986237 -0.00283469 -0.00482053 -0.0112839 -0.00615185 0.00886953 -0.000535804 0.00199874 -0.00607621 0.00526588 
-0.00256116 0.00493172 -0.00983675 -0.0122222 -0.00674656 -0.000458216 0.006427 -0.00465059 0.00685998 -0.0015858 0.00210756 0.00844832 0.0037633 -0.00174829 3.00699e-05 0.00248068 0.00158288 0.0176884 0.0109047 0.0969902 -0.00536398 0.0216727 -0.0105576 -0.00241875 0.00808581 -0.00230995 0.000627994 -0.00371506 -0.00698767 0.00545981 0.00100405 -0.0245054 -0.00503126 0.00675828 0.0144842 -0.00616659 -0.00465069 -0.000572309 -0.000277147 -0.0106426 -0.00964815 -0.00612711 -0.00286333 -0.020001 -0.00631228 0.000214634 -0.0081722 0.00897064 0.00866452 0.0115551 0.00264901 0.00219917 0.0022759 -0.0149964 -0.000424878 -0.00273632 0.0100782 -0.00809251 -0.00667219 0.00733152 -0.00140693 -0.00214009 -0.0015909 -0.00529723 -3.69477e-05 -0.000383746 0.00595061 -0.00256306 -0.015376 0.011769 -0.00267961 -0.00920102 0.0176545 -0.00514056 -0.00585963 1.43575e-05 -0.00131206 -0.00467788 0.00371735 -0.0293826 -0.0189988 -0.00321682 -0.00295856 0.000532537 -0.000688284 0.00287991 0.00885428 0.00715768 -0.000373629 -0.0112373 -0.00591017 0.00187685 0.000942235 -0.00548614 -0.00813691 0.0091787 -0.0036717 -0.0030285 0.013068 0.00196768 
-0.00186395 0.00995934 0.004757 0.0281444 0.00498178 0.033873 0.00190373 -0.0035926 -0.0212824 -0.000766857 0.00490066 -0.00645895 -0.00655923 0.000427415 -0.000831187 0.00470732 -0.000391653 0.00421767 0.00281299 -0.00536398 0.119002 -0.0141781 0.02761 -0.00519636 0.0186383 0.00212153 -0.00402799 0.00262627 0.00918827 0.0216208 0.0129058 -0.0284727 -0.0284712 -0.00999839 -0.0264703 0.0187463 -0.00766347 -0.00685225 -0.00786908 -0.00555663 -0.0397597 -0.0111139 -0.00135171 -0.00910777 0.0179613 -0.00422072 0.0108517 -0.0120785 0.00504049 0.00990015 -0.0194416 -0.00832007 0.00113085 0.0360712 -0.00371148 -0.00882227 -0.00381184 -0.000226773 0.0400815 -0.0092236 -0.00144783 0.00874298 0.00843401 -0.0108643 0.00120757 -0.000901739 -0.0113064 -0.0121345 -0.0180157 -0.0125879 0.00404992 0.0362863 -0.00846634 -0.0144668 -0.00375277 0.00185194 -0.00942189 -0.0121548 -0.0024494 -0.0383003 0.0254048 -0.0237097 0.00438248 0.00517044 -0.000757017 0.00928635 -0.0126244 -0.00750527 -0.0226239 0.0157823 0.00245167 -0.00419139 -0.00480541 -0.00732534 -0.00036885 -0.011955 -0.00717054 0.00146591 -0.00483629 0.00850254 
-0.00237663 -0.00438177 0.00423653 -0.0176354 -0.00530927 -0.00645214 0.00469575 0.00333631 0.00726182 -0.00269542 0.0189713 -0.0031876 0.0023142 -0.00328994 3.55809e-05 -0.00702918 0.000853087 0.0178396 0.00545775 0.0216727 -0.0141781 0.138961 -0.0174844 -0.00210715 -0.00492988 -0.0021912 -0.00456639 -0.00324536 -0.0110867 -0.0159216 0.0353853 0.0115698 -0.00651513 0.0162751 0.00408312 -0.0106749 -0.00352486 -0.000194457 0.00886392 -0.0116275 0.00501564 -0.00474015 -0.00687238 -0.0110858 -0.00663273 -7.396e-05 -0.00761308 0.00164869 0.00548753 0.00172321 0.0229026 -0.0156258 0.00442913 -0.0364071 0.00082087 0.00237229 0.00956117 -0.00682479 -0.0185209 -0.00288817 -0.00268297 -0.00254221 -0.0041375 -0.00745865 0.00015299 -0.00449553 0.00858543 0.0168602 -0.0143492 0.0238145 -0.00359644 -0.019778 0.00581617 -0.00776249 -0.00985033 -0.000869198 0.00162967 -0.000952129 0.0013371 -0.00360992 -0.0257735 -0.0163995 -0.00362 -0.00428144 0.000737782 0.00108848 0.024518 -0.00399391 0.00373795 -0.0257771 -0.0102486 -0.0171189 -0.0011562 0.00173541 -0.00574811 0.0170265 -0.0013616 -0.00263788 0.0139038 0.00137308 
0.00716427 0.0611231 -0.00918796 0.0511799 0.0204848 0.0242931 0.000846743 0.00499895 -0.0296457 -0.00488714 0.00375728 -0.00590993 -0.00886459 -0.00385597 -0.00177856 0.00178597 0.000140561 -0.00962825 0.0127907 -0.0105576 0.02761 -0.0174844 0.158509 -0.00582366 0.0388035 0.0137038 -0.00147948 0.00491147 -0.0228028 0.0611081 0.00764191 -0.0442207 -0.020511 -0.0153811 -0.0208939 0.0384663 -0.00890563 -0.00237771 -0.0043803 -0.0193996 -0.0503745 -0.0126611 -0.0240554 -0.0147253 0.0135278 -0.00413706 0.00385709 0.0423297 0.00385839 0.0119936 -0.00466517 0.00800695 0.00738031 0.0728169 -0.00282433 -0.0354507 0.0125787 -0.00483084 0.0311259 0.00215404 -0.00364955 -0.00240648 0.00446309 -0.0118259 0.0018671 0.00398749 -0.0277509 -0.0285184 -0.027233 -0.0402546 -0.00176838 0.0259965 -0.0124625 -0.0123158 -0.00942571 -0.00109771 -0.00377584 -0.0142961 -0.00288704 -0.0710411 0.031843 -0.0534835 0.00165379 -0.00544166 -0.00119422 0.0166294 -0.00957289 -0.0047926 -0.0375742 0.015964 0.0250029 -0.0290267 -0.00540315 -0.0130958 0.00282286 -0.0192914 -0.000218906 0.00442258 -0.00904102 -0.00305605 
-0.000432145 -0.00336917 -0.011173 -0.00538077 -0.0058095 -0.0027651 -0.00216555 -0.00107714 -0.00379978 -0.00149067 -0.000659836 -0.00194434 -0.00145395 -0.00137621 0.000625785 -0.00106634 -0.000199909 -0.00661072 -0.00340742 -0.00241875 -0.00519636 -0.00210715 -0.00582366 0.0496991 0.00313777 -0.00117979 -0.00153757 0.00205512 0.00341799 -0.00673692 -0.00881358 0.00878487 0.00426678 -0.000708753 -0.00607903 -0.00486324 -0.000668828 -0.000757041 0.000713464 0.00223426 0.0128193 0.000977937 0.0104542 0.00674923 -0.00311672 -0.00155318 0.00347262 -0.0019899 0.00175539 -0.00497261 -0.00226432 0.00669946 -0.00211919 -0.00616093 1.4135e-06 0.00372279 0.00157723 -0.00210458 -0.00424608 0.00270483 0.0022948 0.00198102 -0.000523707 -0.00193862 -0.00034353 0.000553858 -0.00180593 0.0002965 0.00694017 -0.00160818 -0.00258024 -0.00386323 -0.00107171 0.00396609 -1.21767e-05 0.000776536 0.00178361 -0.000669938 -0.000552231 0.0124914 -0.00203754 0.00432741 -0.000515049 -0.00121159 -0.000492447 0.000564231 -0.00032133 0.00301639 0.00553394 0.000120719 -0.00279086 -0.00196926 -0.00178394 0.000565413 -0.00295476 -0.00308971 -0.00466913 -0.000464728 -0.00218624 -0.00202583 
0.00966051 0.0331421 -0.0342989 0.00486327 -0.00608798 0.0196448 -0.00282793 -0.00349236 -0.0243629 -0.0064826 0.0225844 -0.00797454 -0.00844912 0.00323964 -0.000447081 0.0167579 0.000223974 0.00647266 0.0130191 0.00808581 0.0186383 -0.00492988 0.0388035 0.00313777 0.15068 0.00768462 -0.00671937 0.0169525 -0.0154259 0.0507435 -0.00937011 -0.0424087 -0.0125115 -0.0071673 -0.00614786 0.00667713 -0.0069484 0.00651009 0.00291151 -0.019564 -0.0339666 -0.0116325 -0.0112335 -0.0272826 0.0274589 -0.00315804 0.0353446 0.0313689 0.0345684 0.0404941 0.0049443 0.0235891 0.00220512 0.0241699 -0.00343225 -0.019935 0.0239227 -0.00979569 0.00415217 0.00312086 -0.00260698 0.00132002 0.00476766 -0.0117682 0.000526577 -0.000946899 -0.00964566 -0.0233388 -0.0247386 -0.0267884 -0.00458306 -0.00708778 -0.00617301 -0.00998544 -0.0082595 0.000217902 -0.0125945 -0.015711 -0.000798737 -0.0545017 -0.0326523 -0.0441963 -0.00767275 -0.00605689 0.000916287 0.0208766 0.00108532 0.00330436 -0.0237636 0.0124081 -0.00417812 -0.00226807 -0.0118413 -0.00410147 -0.0122867 -0.0178048 -0.00819159 0.0104773 -0.00767789 -0.00339966 
0.00134319 0.00406832 -0.00113194 0.00301947 0.00474723 0.00407307 0.00398102 0.00169739 -0.00386295 0.000388892 0.000413084 -0.00302872 -0.00074059 -0.00104822 -0.000189393 -9.94703e-05 -0.000147808 -0.000758101 0.000284739 -0.00230995 0.00212153 -0.0021912 0.0137038 -0.00117979 0.00768462 0.0455352 -0.00197888 0.00180057 -0.0113644 0.00422396 -0.00586896 -0.000989685 -0.00271714 0.00182613 -0.00510702 0.000751592 -0.00288321 8.53583e-05 -0.000108189 -0.00423335 -0.0106976 -0.00409266 -0.00432555 0.00857525 -0.00381482 -0.00078511 -0.00756232 0.00572102 0.00620804 0.000607817 -0.00158715 -0.00324179 0.00388495 0.0101248 0.000175991 -0.00473381 0.00501792 -0.000883245 0.00490885 0.00209306 -0.000604057 -0.00177281 0.000573667 -0.00233713 0.000697633 0.00178918 -0.00329211 -0.00294182 -0.00505455 -0.00496559 -0.00165084 0.000730741 -0.001891 0.000983328 -0.000501166 -0.000382914 -0.00329134 -0.00273011 -0.000397828 -0.0127659 0.00672968 -0.010125 -0.00144213 -0.00183293 -0.00045073 0.000995332 -0.00108701 -0.000130019 -0.00555722 -0.00561071 0.00214666 -0.00684585 0.00195719 -0.000116733 0.00246611 -0.00240473 0.0042024 -4.74428e-05 0.00114295 0.000410953 
0.000454956 -0.00018871 0.00294246 0.00447863 0.0129223 -0.00309255 -0.00111636 0.00482449 -0.00232148 -0.00174132 0.001149 -0.00407619 -0.00230614 0.000670488 -0.000644955 0.00815755 0.000666317 0.00074593 -0.00461834 0.000627994 -0.00402799 -0.00456639 -0.00147948 -0.00153757 -0.00671937 -0.00197888 0.068832 0.000644114 -0.00123605 -0.00483707 0.0180304 -0.00385315 -0.00792204 0.00172901 0.00346821 -0.00181715 -0.00386404 -0.00306007 -0.0044715 -0.00324043 -0.00803961 -0.00252339 0.00297334 -0.00446449 -0.00171213 0.00098044 0.00496388 0.00733768 -0.00629711 -0.00845312 0.00383488 -0.00261063 -0.00212671 -0.00244583 0.00277496 0.00702934 -0.00272224 0.0021293 -0.00483213 -0.000397066 -9.03256e-05 -0.00121146 -0.000206292 -0.0032181 -0.000152995 0.00104542 -0.00275498 -0.00369642 -0.00291506 0.00612642 -0.000599521 -0.00552569 -0.00201396 -0.00316241 -0.00115199 -0.000258269 0.00293088 -0.00198157 0.00037678 -0.00861478 -0.00191497 -0.00229144 -0.00318564 0.00408182 0.000222775 -0.0039767 -0.0034038 -0.00357324 -0.00216651 -0.00205045 0.0057499 0.0092459 -0.000107619 -0.00476259 3.6366e-05 -0.00237484 -0.00205037 -0.00027924 -0.00290529 0.00175424 
0.00241579 0.00151983 -0.00925558 -0.00534215 0.00490376 0.00817163 -0.000160734 -0.000698822 -0.000663843 0.00188057 0.011079 0.00123053 0.00157647 -0.00045907 0.00158958 0.0155395 0.000337814 0.018232 0.00400963 -0.00371506 0.00262627 -0.00324536 0.00491147 0.00205512 0.0169525 0.00180057 0.000644114 0.0502884 -0.00854807 -0.00113141 -0.00475184 -0.00802047 -0.00893258 0.004981 -0.00756402 -0.00142963 -0.00171143 0.000551521 -0.00186238 -0.000506673 -0.00752375 -0.00175737 -0.00832556 -0.00624249 0.0112218 -0.000633947 0.00990858 -0.00459921 0.00410857 0.00738158 0.00063944 -0.00139386 0.00362234 0.00497271 0.000391316 -0.00831961 0.00168878 0.000257163 -0.00316404 0.000298746 -0.000780343 0.000428507 0.0095334 -0.0011827 0.000420399 -0.000257621 -0.00534636 -0.00745113 -0.00630741 -0.00445001 -0.00160819 -0.00574359 -0.0026887 -0.000895138 -0.00116317 0.000212249 -0.00270019 -0.00470416 -0.000364946 -0.00832184 -0.0072495 -0.014734 -0.00336971 -0.00229591 0.000289027 -0.000768431 -0.00590748 -0.00126761 -0.0109472 0.000175676 -0.00218862 0.00107541 -0.000816875 -0.00219917 0.000808345 -0.00165195 -0.00257589 0.00530586 -0.00124094 0.00110071 
-0.00247864 -0.0325868 0.00988312 -0.0112921 -0.0343574 0.0102044 -0.0229349 -0.013467 0.0126132 0.000525235 -0.0169772 -0.0159205 -0.00198514 -0.0016608 0.000949648 0.00362279 -0.00168589 -0.0274427 -0.0174194 -0.00698767 0.00918827 -0.0110867 -0.0228028 0.00341799 -0.0154259 -0.0113644 -0.00123605 -0.00854807 0.232237 -0.0120421 0.0295292 0.0279366 -0.02697 -0.0230094 -0.0178854 0.00546047 -0.004257 -0.0117459 -0.0189687 -0.0133054 -0.014881 0.00789415 0.0165576 -0.0163803 0.0187593 -0.00858987 0.0358571 -0.0626355 -0.00345978 -0.0353745 -0.0366935 -0.00384477 -0.0131027 -0.00747078 -0.0022167 0.0503837 -0.0166094 0.00640807 0.0158714 -0.0205622 0.00641081 -0.00354028 -0.00802635 -0.000854918 -0.00105564 -0.00919823 0.0435575 0.0504462 0.0137341 0.0564893 0.00227767 0.0120751 0.000619088 -0.0321009 -0.00224349 -0.00161461 -0.0214501 0.00880168 -0.00380483 0.0543498 -0.0310328 0.0281441 -0.00435731 0.00639706 0.00302997 0.00076267 -0.0165744 -0.00280996 0.018403 0.0430842 -0.0179261 0.0217181 -0.00803611 -0.00907207 -0.00510584 -0.011069 -0.0170164 0.000385907 -0.00491486 -0.0085168 
-0.00582664 0.0566459 -0.0202769 0.0269322 0.0153329 0.0220491 -0.0117438 0.00086141 -0.0218047 -0.00395466 0.023684 0.00682372 -0.00739494 0.010327 0.000638021 0.0114547 -0.000185581 -0.0111418 0.00942634 0.00545981 0.0216208 -0.0159216 0.0611081 -0.00673692 0.0507435 0.00422396 -0.00483707 -0.00113141 -0.0120421 0.200331 0.0144064 -0.0652374 0.0102111 0.00763841 0.00693703 0.0360869 -0.00865244 0.00305628 -0.00210945 -0.0307987 -0.0480498 -0.0189604 -0.0356802 -0.0521832 0.0129304 -0.00169055 0.0287798 0.0489216 0.0217953 0.0348525 0.0250668 0.0230717 0.00199862 0.0397284 -0.0026592 -0.0266315 0.00685829 -0.00230067 0.0308292 -0.00131707 -0.00363182 -0.00350973 -0.000993344 -0.0187223 0.0010423 -0.000425401 -0.0292872 -0.0423329 -0.0379264 -0.0398338 0.00123922 0.00670778 -0.00780508 -0.0194913 -0.015843 0.000275025 -0.00519837 -0.0192874 -0.00254249 -0.0949106 -0.0149778 -0.0525709 -0.0110899 -0.00480064 -0.000598946 0.0226745 -0.0120235 0.00658577 -0.0133913 0.00796015 0.0092123 -0.0193133 -0.0133765 -0.011646 -0.0106231 0.000148709 -0.00180581 -0.00169352 -0.00314779 -0.00460804 
0.00690792 0.0207986 0.033673 0.0287881 0.0134957 0.00615713 -0.00444772 -0.00166338 -0.00455807 -0.00543893 0.0197483 -0.0251116 -0.00548053 -0.00105362 -0.00669775 -0.0177178 0.0011025 -0.00365308 -0.0245292 0.00100405 0.0129058 0.0353853 0.00764191 -0.00881358 -0.00937011 -0.00586896 0.0180304 -0.00475184 0.0295292 0.0144064 0.236344 -0.00460657 -0.0469601 0.00364569 -0.0170845 0.0228048 -0.0137978 -0.0138919 -0.0150539 -0.037508 -0.0456867 0.00198195 -0.0333284 -0.0128153 0.0143642 0.00411463 0.0191091 0.0163975 -0.0156174 -0.0235906 0.0444594 -0.0229727 0.00221811 0.0129208 0.00513342 0.017058 -0.0106193 0.0110554 -0.00110469 -0.00845794 -0.00364484 -0.00228754 -0.00446216 -0.0190525 0.00143366 -0.00589517 -0.00566802 0.0257916 -0.029517 0.0313696 0.00835412 -0.00366097 -0.00768355 -0.0263978 -0.0133883 0.00137412 -0.00605543 -0.0171459 -0.00078628 -0.0356191 -0.0217079 -0.0574893 -0.0183738 0.000986676 0.00244097 0.00150966 0.0128867 -0.0156949 -0.0276919 -0.00269368 0.0147778 -0.00684331 -0.000835212 -0.0103852 0.00975881 0.0100956 -0.00687753 0.00445346 0.0135738 0.00212113 
-0.00923113 -0.0562837 0.0215285 -0.0428636 -0.0274452 -0.0205448 -0.01146 0.000567634 0.0306093 -0.00757825 -0.0273519 -0.004974 -2.46943e-05 -0.00806582 0.00133619 -0.0128107 -0.00160783 -0.0127997 -0.0225773 -0.0245054 -0.0284727 0.0115698 -0.0442207 0.00878487 -0.0424087 -0.000989685 -0.00385315 -0.00802047 0.0279366 -0.0652374 -0.00460657 0.217418 0.0156986 0.0106025 -0.0118214 -0.0250325 0.00386222 -0.00401346 0.0013658 0.0073059 0.0496662 0.0366302 0.0357732 0.0330483 -0.0199086 -0.0056678 -0.0167973 -0.0529816 -0.0139474 -0.0336033 0.00404028 -0.0284087 -0.0121244 -0.0443368 -0.00422312 0.0441319 0.00217092 0.00526961 -0.0280793 -0.0177182 0.000698352 -0.0159119 -0.00988437 0.0118922 -0.000848415 0.00156166 0.0252494 0.0409131 0.0709607 0.0335199 -0.00101767 -0.0268062 -0.00145728 0.0191891 0.00186551 -0.00426945 -0.00429432 0.0176778 -0.00151393 0.0984874 -0.0199319 0.0721176 -0.00182809 -0.00449856 0.00144448 -0.017069 0.00205426 -0.00976255 0.0382317 -0.0313144 -0.0271144 0.00668712 -0.00266145 0.0076036 0.0134656 -0.0168751 -0.00660756 -0.00405255 -0.0121203 -0.00649984 
-0.00638903 -0.0107433 -0.0158775 -0.0294043 -0.00442099 -0.025542 -0.0103075 -0.0025019 0.0135689 -0.00692501 -0.00756925 0.0177054 -0.00472808 0.00920505 -0.00079984 -0.00820392 -0.00101659 -0.024311 -0.0191316 -0.00503126 -0.0284712 -0.00651513 -0.020511 0.00426678 -0.0125115 -0.00271714 -0.00792204 -0.00893258 -0.02697 0.0102111 -0.0469601 0.0156986 0.186913 -0.00141044 0.000136238 -0.012304 0.00882022 0.019407 0.0141526 0.00847072 0.0599624 0.00448302 0.0142243 0.0027242 -0.0280433 -0.000214352 -0.0127419 0.00947039 -0.00491229 -0.00972509 0.00475233 0.022924 -0.0128395 -0.0485473 -0.00325004 0.00954284 -0.000666408 -0.00809539 -0.00854489 -0.0094214 0.000200477 -0.00361512 -0.00520293 0.0244065 -0.000642267 0.00989125 -0.0073886 0.00567754 0.0152068 -0.0271278 -0.000503583 -0.0339401 0.0171773 0.0186901 0.00366463 -0.00158296 0.00718701 0.0245914 0.000634135 0.0149891 -0.0349761 0.0401435 -0.00711413 0.00246949 -0.00217805 -0.00957251 0.00396039 0.0192372 0.0309691 0.000861651 -0.00933733 0.0131624 -0.00276124 0.0134012 -0.00662665 -0.0127418 0.00629647 -0.00801422 -0.019842 -0.0111592 
-0.00965933 -0.0105239 0.000755521 -0.0108865 0.00603031 -0.0100549 0.0132765 0.00394507 0.0264842 -0.0048433 -0.0133307 0.00954289 0.0106527 0.00843282 0.00360816 -0.00368856 0.00144157 0.02564 -0.00864664 0.00675828 -0.00999839 0.0162751 -0.0153811 -0.000708753 -0.0071673 0.00182613 0.00172901 0.004981 -0.0230094 0.00763841 0.00364569 0.0106025 -0.00141044 0.203879 0.00828786 0.00064877 0.00317026 0.0155417 0.00962413 -9.02561e-05 0.0325411 0.012028 -0.0403345 -0.00559653 -0.0172176 -0.00512099 -0.00749534 -0.0186033 0.0103539 -0.0119554 0.0130274 -0.0201841 -7.89106e-05 -0.0107428 0.000221977 -0.0187861 -0.00479071 0.0221971 -0.0174014 0.00297355 -0.0016383 -0.00904033 -0.00306938 0.00796729 -0.000170488 -0.00493302 -0.0239275 -0.00651275 0.00467976 -0.00588571 -0.00117098 -0.0317602 -0.00135887 0.00943887 -0.0147799 -0.00216149 -0.0234797 0.00628708 0.00179171 0.000530301 -0.0130273 -0.0156912 -0.0173737 -0.00999142 -0.00300402 0.00431839 -0.0192428 -0.00285966 0.017661 -0.031694 -0.0130275 -0.0183669 0.00661588 -0.0038238 -0.00730179 0.0169295 0.00975604 -0.00970949 0.0253154 -0.0063426 
-0.00245864 -0.0246769 0.00661692 -0.0241063 -0.00706076 -0.0209573 -0.00243894 0.00243384 0.000648971 -0.00583231 -0.00715739 0.00490489 0.00532393 -0.000602614 -0.000438513 -0.00382017 0.000846502 0.00410587 0.0256248 0.0144842 -0.0264703 0.00408312 -0.0208939 -0.00607903 -0.00614786 -0.00510702 0.00346821 -0.00756402 -0.0178854 0.00693703 -0.0170845 -0.0118214 0.000136238 0.00828786 0.189309 -0.0148061 0.0060695 0.00778136 0.00390989 0.00427066 0.0245391 -0.0180373 -0.0104473 -0.0162852 -0.015903 0.000392655 -0.0157434 0.0211748 -0.00655704 0.0231697 0.0114467 -0.0141636 -0.0052693 -0.00672897 -0.000586399 -0.00019601 0.00218716 -0.00645583 -0.0152401 0.00793035 -0.00160672 -0.0113988 -0.00339616 -0.00322079 -0.00191862 -0.00615307 -0.00898797 -0.0173619 0.00424172 -0.00155874 -0.00140557 -0.0030274 0.00394802 -0.00172554 -0.0021421 -0.00333966 0.006942 -0.0140803 0.0011792 -0.0121835 0.0055907 0.0157546 0.015297 0.00303796 -0.00288211 -0.0100829 0.0157824 -0.00231126 0.0142643 -0.0154226 -0.0122284 0.00154809 0.00382222 -0.00777593 -0.00169943 0.0193731 0.00170601 -0.00444541 0.017629 -0.00482258 
