0.162514 0.00867772 -0.0107128 -0.00188196 -0.00266325 -0.0175304 -0.0125224 -0.00498523 -0.0087819 -0.00317773 0.00796449 0.0204107 -0.00868532 -0.0114663 -0.00521403 -0.0252923 -0.00527902 -0.0191813 -0.00451576 -0.00538373 -0.0194308 -0.013907 -0.00889572 -0.0132651 -0.00843902 -0.00437913 -0.0210566 -0.000191714 0.00462846 0.0346522 0.00377564 0.0234364 0.0156645 0.0158316 0.000574118 -0.00291892 0.00788693 -0.00513347 0.00104569 -0.0144453 0.00207206 0.0173227 0.0137826 0.00534407 -0.000242427 0.0483297 0.00600669 8.10863e-07 -0.00452118 0.00210055 -0.00482252 -0.0128678 -0.00189946 -0.00193009 -0.0142003 -0.00818674 -0.0067244 0.00658415 -0.0324749 -0.00257087 0.00910575 -0.0127814 -0.0185566 -0.00685865 -0.00791473 0.000244548 -0.0144661 0.0528818 -0.0269751 -0.0135407 -0.0110736 -0.0158212 -0.0127328 0.0125064 0.00872499 -0.0227047 -0.00837455 -0.00406913 0.0342355 -0.0006135 -0.000716676 -0.0305172 0.0148037 -0.0161233 0.00566691 -0.0048807 0.000481154 -0.00418596 -0.00620355 0.0130081 -0.00181796 -0.00656407 0.0105383 0.00884953 -0.00266508 0.0119494 0.00548043 0.00291783 0.0102119 -0.0102783 
0.00867772 0.14058 0.00782584 -0.00360418 -0.00123519 -0.00794223 -0.00706333 0.000539927 0.00822696 -0.000141667 -0.00481919 0.0490792 0.004404 -0.000390126 0.00753501 -0.0167049 0.012743 -0.0226071 0.00163814 -0.00252961 -0.0100469 -0.0117926 0.0111921 -0.0106017 -0.00427639 -0.00331805 -0.000634964 -0.00544596 0.000414646 0.0179522 -0.00905438 0.00201723 0.000230409 -0.0111998 -0.00188309 -0.00358362 -0.00537262 -0.00558406 -0.0137754 -0.0200371 0.00166741 0.0077242 -0.00720723 -0.00563614 0.00120085 0.0237068 -0.00979357 -0.0105963 -0.0105867 0.00381717 0.0072504 0.0151452 -0.00206366 -0.000577602 -0.0211401 -0.00459322 -0.0141572 -0.00246192 -0.0157761 -0.00214821 0.0121691 -0.00756939 0.016477 0.00264315 -0.00850865 -0.00232562 -0.00881268 0.0228369 0.00307708 -0.0116675 -0.0112444 -0.00301015 0.00650611 -0.0193519 -0.0140398 -0.010007 -0.00903248 -0.00262072 0.0128609 -0.00470919 -0.00349526 -0.0312984 -0.00585835 0.0121001 -0.0139665 0.00184721 0.00789809 -0.00723024 0.0114666 0.00158546 -0.00561036 -0.00143327 0.00836381 -0.0117889 0.0184181 0.0111081 -0.00913125 -0.000687083 -0.00441977 0.0152748 
-0.0107128 0.00782584 0.114992 -0.000133849 0.00157675 0.017169 0.00973219 0.00163143 -0.00299275 0.00617389 -0.00998428 0.00362668 0.000286469 -0.00249566 0.00740936 -9.51104e-06 -0.0122611 0.0044896 0.00541004 0.0054473 0.00713641 -0.0119952 -0.00136792 -0.0117624 0.00146452 0.00102286 0.00357415 -0.000509398 -0.00060213 -0.00980745 -0.00575862 -0.0141892 0.00655168 -0.00186511 -0.00272501 0.00297595 -0.00905868 -0.00738341 0.00676672 -0.0045033 -0.0060025 -0.00972252 -0.0021433 -0.00714336 -0.000798899 -0.0192307 -0.0161168 -0.00617539 -0.00863139 -0.00278055 -0.004019 0.00524736 -0.00230943 -0.00593858 0.0220935 0.00901633 0.000882145 -0.00383158 0.00409197 -0.000141122 -0.0155333 0.007235 -0.00261009 -0.00701086 -0.0124174 0.00187619 -0.00441728 -0.018716 -0.00465224 -0.00815722 0.00303599 0.00655573 -0.00125793 -0.0198658 0.00692024 0.00793934 0.00161172 0.00161124 -0.0109672 0.000350095 0.005596 0.0229874 0.00408217 0.00406522 0.0126508 0.00220542 -0.00537629 -0.00503901 0.00528928 0.0101203 0.00188084 0.0130472 0.00646046 -0.0222038 0.0100075 -0.0283886 -0.0130452 -0.00351742 0.00500647 0.00114983 
-0.00188196 -0.00360418 -0.000133849 0.0262317 -0.00138896 -5.65819e-05 -0.000156109 -8.02752e-05 -0.00161708 0.00321502 0.00565963 -0.00494334 -0.000243068 0.00195462 -0.00147575 0.00535767 -0.00186565 -0.001519 0.00130267 0.000809011 -0.000675193 -0.000660558 -0.00323232 -0.00102568 -0.00200275 4.27708e-06 -0.00241751 -0.000464568 -0.000485161 -0.00182046 -0.000750328 -0.00162065 -0.00387195 0.000446565 0.000850576 0.000742347 0.000289852 0.000180822 -0.00103663 -0.000940866 -0.000874429 -0.00214086 0.000122602 -0.000522795 -0.000205356 -0.00658611 -0.000564691 -0.00187373 0.000951967 -0.000296532 -0.00112845 -0.00197128 0.000925598 -0.00110682 0.00146701 -0.000616621 0.000113212 -0.00191183 0.00699151 0.000198178 0.000733738 0.000495559 -0.00130847 0.002866 0.00394598 0.000144742 -0.00125242 -0.00435775 0.00372429 -0.000637223 -0.00193842 -0.00213559 -0.00119646 0.00575695 -0.00371186 0.00175205 0.00102623 -0.000417389 -0.00596967 3.38607e-05 -0.000475883 -0.000832406 0.000728934 -0.00229179 -0.00312849 -0.000443116 0.00902783 0.00528754 0.00134462 -0.00259192 0.00285073 -0.00186267 -0.000273129 0.00333028 -0.00204943 -0.0045696 -0.00170848 -0.000718902 -7.10395e-05 0.00284791 
-0.00266325 -0.00123519 0.00157675 -0.00138896 0.0708235 -0.00445439 0.010315 -0.000625276 -0.00373506 0.00320937 -0.00150019 0.0177427 -0.00189939 0.00814209 -0.00625499 -0.00922827 -0.0107447 0.00315136 -0.00704084 0.00307712 0.000576432 -0.00448784 -0.00589453 0.00711254 0.00123811 -0.00246136 -0.000651989 0.00137856 -0.00139309 -0.00119513 0.00235225 -0.00777453 -0.00665771 -0.0055209 -0.000623634 0.000929443 -0.00436088 -0.00646935 -0.00468249 0.00180194 0.000267183 -0.00828134 -0.00143662 -0.00298414 0.00202329 0.0154388 8.29713e-05 -0.00408808 0.00799042 0.00220133 -0.00142233 -0.00213884 -0.00269152 -0.0014612 0.00328697 0.00149638 -0.00249881 0.000577857 -0.00235702 0.000149118 0.00642231 -0.000230261 -0.00915034 -0.000261393 -0.00307251 -0.000733228 -0.00253929 0.000519799 -0.00389981 0.00493238 -0.00151987 -0.00219848 -0.00218415 0.00928152 0.000744827 -0.00522142 -0.00133801 0.000491185 0.00797605 -0.00171695 -0.000803147 0.00618978 -0.0105404 -0.00742663 -0.00663657 9.31886e-05 -0.0155335 -0.00468071 0.00201242 -0.00666999 -0.00176341 -0.000487117 -0.000654093 0.0120207 -0.00715048 0.0125484 -0.00953245 0.00427484 -0.00324484 0.007044 
-0.0175304 -0.00794223 0.017169 -5.65819e-05 -0.00445439 0.114288 -0.00390553 0.00888278 0.00492643 -0.00457912 -0.00605094 -0.0222372 -0.00448874 0.00501834 -0.00687303 -0.00741898 -0.00163721 0.00288432 0.00495818 0.00465661 0.0179246 0.00378641 -0.00983785 0.00184656 0.0212713 0.003168 0.00316351 -0.00439003 -0.00226722 -0.00507543 -0.00614752 -0.0208198 0.0129008 0.00325385 0.00262008 -0.00631678 -0.00483558 -0.00948289 0.0170369 -0.00505033 -0.00362361 -0.0162845 -0.0016193 -9.76656e-05 7.56854e-05 -0.0324297 -0.0151985 -0.00539431 0.0041961 0.000968185 0.00632528 0.00171915 -0.00530558 0.000394003 0.0183716 0.0065995 0.00380733 -0.00348018 0.014574 0.00261151 0.0173955 0.027598 -0.0122406 2.22587e-06 0.00446433 -0.000865601 0.0167209 -0.0257683 0.00538171 -0.00723994 -0.00352717 0.0166442 0.0109253 -0.00514168 -0.0122798 -0.000423331 0.00375953 0.00699174 -0.0129763 -0.000836706 0.00695852 0.0114204 -0.0158622 -0.00518193 -0.0166662 0.000988983 -0.0180626 0.0027409 0.000835993 -0.0174024 -0.00280504 0.0121646 -0.00504911 -0.0197529 -0.00717897 -0.0219921 0.00863999 0.00537243 -0.00707856 -0.00524066 
-0.0125224 -0.00706333 0.00973219 -0.000156109 0.010315 -0.00390553 0.0958522 -0.00145827 -0.00509719 0.0023644 -0.00848006 0.00294201 -0.000709823 0.0229844 0.0149848 -0.0149914 -0.00767937 0.0162937 -0.00992015 0.0030132 0.00756476 0.0121965 -0.000817536 0.000783153 -0.00245215 0.00203749 -0.0015546 0.00301747 -0.00166399 -0.011842 0.00145957 -0.00720179 -0.0158215 -0.00758169 -0.00134467 0.00697843 -0.0052414 0.0108631 0.000153125 -0.00351335 -0.00357367 -0.00860307 -0.00241008 -0.00560867 0.00113221 -0.0111693 0.00842056 -0.00763857 -0.00479254 -0.000519221 -0.00109108 0.00119375 -0.00499646 0.0010524 -0.00683618 0.00089314 -0.00522726 0.000411744 0.00802314 -0.00188957 -0.00464049 0.00618044 -0.00595001 -0.00636031 0.00135859 -0.00141998 0.00377537 -0.016702 -0.00950533 0.00482637 0.00201663 0.0071248 0.000403172 -0.0129948 0.00715527 0.00161096 -0.00535562 0.00114052 -0.00803464 0.000866018 0.0014903 0.0250583 -0.0196139 0.00888853 -0.0197821 0.00784644 -0.00966124 -0.00909456 -0.00435017 -0.00421738 -0.00270257 0.00898598 -0.00150488 0.017134 -0.00330787 -0.00805287 -0.00884645 0.00192811 -0.00677618 0.0117949 
-0.00498523 0.000539927 0.00163143 -8.02752e-05 -0.000625276 0.00888278 -0.00145827 0.0330637 0.00537945 0.00378578 -0.00229807 -0.00286152 -0.00064875 3.58068e-06 -0.00067011 -0.00226073 0.000397777 0.000277633 0.00131214 -0.000551085 0.00484744 0.00327555 -0.00118346 -0.000143991 0.0033618 0.0025194 0.00179266 -0.000784721 0.000206248 -0.00457084 -0.00090119 -0.00566494 0.00442237 -0.00276352 0.000523852 -0.00201001 -0.00239394 -0.00121165 0.00093466 -0.00322509 0.00122002 -0.00357073 -0.00109605 -0.00124862 0.000566402 -0.00746195 -0.00279412 -0.00096218 -0.00147503 -0.00030379 0.0041254 -0.0033621 -0.000992949 -0.00219457 -0.0002045 0.00133438 -0.00293086 0.00139829 -0.000425285 -4.92894e-05 -0.00439669 0.00787216 -0.00292231 0.0014317 -0.00292284 0.000201711 0.00292593 -0.00518129 0.0014321 -0.00217103 -0.00212034 0.00139264 -0.00151656 -0.00100184 -0.00265463 0.000678591 -0.000611217 0.00337928 0.00188469 -0.00101639 3.01901e-05 3.7227e-05 -0.00469475 0.000593584 -0.00338069 -0.00073592 -0.00117749 0.000712746 -0.000568011 -0.00203948 -0.00033636 0.00222882 -0.00190141 -0.00365674 -0.00115024 -0.00387379 0.00189402 0.000667915 0.00299841 0.00423033 
-0.0087819 0.00822696 -0.00299275 -0.00161708 -0.00373506 0.00492643 -0.00509719 0.00537945 0.141327 -0.00511753 -0.00421394 -0.00975637 -0.0047613 -0.00888806 -0.00580517 0.002215 -0.000133684 0.00859943 0.0242151 -0.00230037 -0.00791627 0.00538516 -0.00177407 -0.00771222 -0.000296328 0.00532769 -0.00554679 0.00515055 0.000341936 -0.00672494 -0.00381362 -0.0170149 -0.0213142 -0.0178589 -0.00114056 -0.00743411 -0.00632976 -0.00508732 -0.01427 -0.00295598 0.0036092 -0.0101726 -0.00476988 -0.00450743 -0.000677076 -0.0214654 0.0173864 0.0159346 -0.0120998 0.000901417 0.0098484 0.00197796 0.00601867 0.00583113 0.00124127 0.00891633 -0.00110207 0.00341353 0.00884769 0.00169215 -0.0203787 0.0141172 0.0104316 0.00875821 -0.00267193 0.0025706 -0.00169701 -0.00642055 0.0203987 0.00720583 0.00281003 0.000846265 0.0129399 -0.0347906 -0.00942015 0.0333671 0.00642186 0.000447288 -0.014623 -0.00353082 -0.00308818 0.00421344 -0.0285632 0.0103789 -0.0150503 0.000442721 0.015726 -0.0070802 -0.00266011 -0.0114273 -4.29345e-05 0.0027478 -0.0058543 -0.022756 0.013931 -0.0100476 -0.0117952 -0.00602856 0.00323344 -0.00459041 
-0.00317773 -0.000141667 0.00617389 0.00321502 0.00320937 -0.00457912 0.0023644 0.00378578 -0.00511753 0.0794578 0.0102521 -0.00658632 0.0130439 -0.000622298 -0.00336724 -0.00345711 0.00121858 -0.00355076 0.0133891 0.00145707 0.0070127 0.000276537 -0.00785811 0.000471857 -0.00382162 -0.00104208 -0.00671784 -0.002244 -0.000458999 -0.0107504 -0.00162164 -0.00170692 0.00396787 -0.00147541 0.000846848 0.00366349 -0.00611838 0.00775104 -0.00486123 -0.00547533 -0.00187377 0.00218567 -0.00124177 0.00129374 0.000373854 -0.0198031 -0.00204825 -0.00288285 -0.000105565 -0.00077141 -0.0027314 -0.000311652 0.00026165 -0.00500481 0.00968187 0.00302462 0.00122371 -0.00420521 0.000472294 -0.000204961 -0.0041624 0.0108756 -0.00165926 -0.00528039 0.00114923 0.000282327 -0.00255539 -0.0194931 0.000609178 -0.00453167 -0.00336797 -0.00527177 -0.00526835 0.00299498 -0.00189505 0.00210376 -0.00346429 0.00328955 -0.0129781 -0.000611378 0.00271173 0.0105361 0.0139864 -0.00351113 -0.0138024 -0.00181412 0.0148369 -0.00230259 0.00480993 0.000491728 0.00104689 -0.00693258 -0.000956008 0.00101471 -0.00721591 -0.00842444 -0.00650639 0.000523448 -0.00349121 9.50652e-05 
0.00796449 -0.00481919 -0.00998428 0.00565963 -0.00150019 -0.00605094 -0.00848006 -0.00229807 -0.00421394 0.0102521 0.138592 -0.0200238 0.00364274 0.0119517 0.00539816 0.0182332 -0.00569103 0.00808502 0.0261051 -0.00809132 -0.00639469 -0.0139761 -0.0144242 -0.00661369 -0.0126053 0.0012381 -0.0134221 -0.00474488 -0.00168019 -0.0170266 0.00998881 0.00257233 -0.0276119 0.00125027 -0.00154012 -0.00597104 0.00214969 0.0068953 -0.0125962 0.0135588 -0.0011899 -0.00343844 -0.00525897 -0.00145564 -0.0014069 0.0117563 -0.00333284 -0.00259346 0.0167316 0.00566358 -0.00188912 -0.0163795 0.0121625 0.00488067 -0.00717071 -0.00345995 0.0313489 -0.00148206 0.0165416 -0.0014733 -0.000863981 -0.0227626 -4.23646e-05 0.00810191 -0.000292481 -0.000692957 -0.0121125 0.00123358 0.0431339 0.0218093 -0.00397633 -0.0151068 -0.00564712 0.0244496 -0.0131605 -0.00441262 -0.000318534 -0.00257783 -0.00456849 -0.00522301 -0.00188603 -0.0263312 0.0242847 -0.0175491 -0.00352566 -0.00289567 0.0267266 0.0174404 -0.00341631 -0.00841314 0.00850978 -0.0149732 -0.00934576 -0.0241284 -0.0149242 -0.00414147 -0.00920115 -0.0114134 -0.00861191 -0.0355074 
0.0204107 0.0490792 0.00362668 -0.00494334 0.0177427 -0.0222372 0.00294201 -0.00286152 -0.00975637 -0.00658632 -0.0200238 0.218894 -0.00707268 0.0104883 -0.00477048 -0.0254888 -0.0130125 -0.045171 -0.0345232 0.000997578 -0.0295724 -0.0165753 0.00709826 -0.00542012 -0.00947143 -0.00830263 -0.0106258 -0.00654783 -0.000576679 0.054142 -0.0107346 -0.00560652 0.0120974 -0.0224169 -0.00604415 0.00781965 0.0137233 -0.015326 -0.016762 -0.0150253 -0.00867791 -0.00580402 -0.00307062 -0.00150439 -0.000219257 0.0441673 0.0144287 -0.021021 -0.0029081 0.0045356 -0.00118428 0.0157508 -0.00169634 0.00225862 -0.0179179 -0.0144087 -0.0248681 -0.00294323 -0.0198947 -0.00292104 0.0426443 -0.0211701 -0.0176387 0.00173359 -0.00496467 -0.00418406 -0.0141253 0.043872 -0.00920798 -0.0170731 -0.013879 -0.0161591 -0.00172789 0.00835147 -0.0205236 -0.0424534 -0.0127002 -0.00526979 0.0520484 -0.0141784 -0.004924 -0.021034 -0.0238816 0.00181091 0.014555 0.00359212 -0.0127115 -0.00517114 0.00186054 0.00889888 -0.00469591 -0.0121248 0.00788134 0.036467 0.00758677 0.0248628 -0.0126346 0.00816393 0.00241996 0.0499757 
-0.00868532 0.004404 0.000286469 -0.000243068 -0.00189939 -0.00448874 -0.000709823 -0.00064875 -0.0047613 0.0130439 0.00364274 -0.00707268 0.0744025 0.00300685 -0.00117898 0.00945854 0.000171042 -0.00795947 -0.00341635 0.00190141 0.00419569 0.00244556 -0.00122742 0.00593427 0.0038919 0.00182946 -0.00161614 -0.00314566 -0.000817544 -0.0100123 7.91661e-05 2.43514e-05 -0.000724051 0.00144205 -0.000941883 0.00685536 -0.00449023 0.00534843 -0.00427462 -0.00857597 -0.00265925 -0.00145505 -0.0032159 -0.00164734 -0.000305527 -0.00892472 0.00655582 -0.000898578 -0.00138442 -0.000459385 -0.00269037 -0.000725924 -0.00143073 4.61599e-05 -0.0078294 -0.00253775 -0.00427411 -0.00303044 -0.0103384 -0.00102147 -0.00575758 0.00366434 0.000324082 -0.00161923 -0.00712918 -0.000871635 0.00743742 -0.00755097 -0.00706095 -0.00434313 0.0122432 0.0019137 -0.00277405 0.00135822 -0.00821415 -0.00264255 -0.00171433 0.00186121 0.00274421 -0.00303967 -0.000223862 0.0135832 0.00792415 0.0102851 -0.0140973 0.00377652 -0.00620998 -0.00541518 -0.00214061 -0.00148402 -0.00271253 -0.00841832 -0.0017617 0.00988002 -0.00709828 0.00221691 -0.00482437 -0.00164123 0.00145073 0.0108347 
-0.0114663 -0.000390126 -0.00249566 0.00195462 0.00814209 0.00501834 0.0229844 3.58068e-06 -0.00888806 -0.000622298 0.0119517 0.0104883 0.00300685 0.102501 0.0119818 -0.00774643 0.000460773 0.0116709 -0.00436836 0.00284537 0.0205207 0.0123245 -0.0108241 0.0107625 -0.00591583 -0.00327185 -0.00784527 -0.00151291 -0.0010935 -0.00794771 -0.00354454 -0.0178068 -0.0251242 -0.000477461 -0.000141897 0.00178987 -0.0032796 0.00762726 3.52719e-05 -0.00282013 -0.0036311 -0.0086688 -0.00430481 0.00303684 0.00136581 -0.00777408 0.00446166 -0.00699806 0.0117416 0.00321848 0.00392913 -0.00535104 -8.68515e-05 -0.00210717 -0.00185618 0.00442331 0.00676428 0.00724608 0.0125996 0.000832474 0.00568608 -0.00317515 -0.0117642 -0.000794821 0.00697817 -0.00137592 -0.000101651 -0.0160053 -0.0102989 0.00565987 0.00224389 -0.00194606 0.00237188 0.00186884 -0.0131977 -0.0128478 -0.00280715 0.000789491 -0.00160616 -0.00645839 -0.000494094 0.0143856 -0.0156671 -0.00431751 -0.0278418 0.00264378 -0.0221829 -0.00433901 0.000142934 -0.00433062 -0.00405279 4.30704e-05 -0.00282138 0.0218171 -0.00973577 -0.00211006 -0.0128479 0.00591287 -0.0158272 0.00107522 
-0.00521403 0.00753501 0.00740936 -0.00147575 -0.00625499 -0.00687303 0.0149848 -0.00067011 -0.00580517 -0.00336724 0.00539816 -0.00477048 -0.00117898 0.0119818 0.145266 -0.0218523 0.00767071 0.00439529 -0.00374881 -0.00389864 -0.00613442 0.00657131 -0.0133419 -0.00231662 -0.00150456 -0.00397759 -0.00625007 -0.00647988 0.00477809 -0.018411 0.00887006 0.015598 -0.0180648 -0.0075255 -0.000247212 -0.00703463 -0.00800728 0.0297644 -0.00531328 -0.0341828 -0.00292107 0.00601721 -0.00282629 -0.00373352 0.000709765 0.00540926 -0.0146908 -0.00355165 -0.00564208 0.00205946 -0.000844534 0.0189471 0.000277648 -0.00691811 -0.0143352 -0.00763879 -0.00984975 0.0366605 -0.00570109 -0.00223857 0.00100292 -0.00222604 0.0140749 -0.00616487 -0.0199906 2.00765e-06 -0.00650272 0.00573409 -0.0186434 -0.00644939 -0.00174285 0.00569284 -0.00394051 -0.0226371 0.0302387 0.00341526 -0.00424141 -0.00358713 0.0129374 -0.00805449 -0.000404483 -0.00343688 -0.0115297 0.00635768 0.000908589 0.00373927 -0.00955769 -0.0108236 -0.00856386 0.0262488 -0.00384523 0.0178275 0.00623563 -0.0129452 0.00660774 -0.00711061 0.000493797 -0.00279111 -0.0112096 -0.0106299 
-0.0252923 -0.0167049 -9.51104e-06 0.00535767 -0.00922827 -0.00741898 -0.0149914 -0.00226073 0.002215 -0.00345711 0.0182332 -0.0254888 0.00945854 -0.00774643 -0.0218523 0.203646 -0.00479 0.00181866 -0.00746798 -0.00920702 -0.0259088 -0.00877888 -0.00097362 -0.00303027 -0.00481626 -0.00192277 0.0187932 -0.0008939 -0.00434868 -0.0334663 -0.00225228 -0.0157262 -0.0301246 -0.0209925 -0.00410823 0.000669337 0.0140319 -0.00546808 -0.0203989 0.0389671 -0.00766173 -0.0107967 -0.00561896 -0.0172093 -0.00299889 -0.0270757 0.000179226 0.0107857 0.0170533 -0.0036463 -0.00990811 -0.0167181 -0.00139317 -0.00181579 -0.0181481 -0.00756842 0.0218696 -0.020579 0.00297859 0.00283815 -0.0373529 -0.0226372 0.0181214 0.00531355 0.00638402 -0.00417907 -0.0137877 -0.0351908 0.0330849 0.0309114 0.0147299 -0.0156376 -0.00335617 0.0112676 -0.0153585 0.00392118 0.0129709 -0.00207595 -0.0201773 -7.12453e-05 -0.00551172 0.00884198 0.0195634 0.0219717 0.0534852 -0.00362455 0.0246266 0.0345183 0.0120987 -0.00512384 0.021543 -0.0121407 -0.0124688 -0.00586598 0.0161508 -0.000436017 -0.0204804 -0.0131381 0.0298426 -0.00936329 
-0.00527902 0.012743 -0.0122611 -0.00186565 -0.0107447 -0.00163721 -0.00767937 0.000397777 -0.000133684 0.00121858 -0.00569103 -0.0130125 0.000171042 0.000460773 0.00767071 -0.00479 0.149321 -0.016023 0.00825092 -0.00400452 0.00699702 0.00180802 0.0283309 -0.00449972 -0.0082353 -0.0054167 0.0119008 -0.00542214 0.0034962 -0.00287919 -0.00575062 0.0197367 -0.016339 -0.0103309 -0.000472923 -0.00896949 0.00566292 0.00437683 -0.00730155 -0.0159663 0.00649137 0.0462639 -0.00384154 0.0167501 0.000783359 -0.0194888 -0.0148029 0.00600363 -0.00601214 -0.000316598 0.00742635 0.0115701 0.00281969 0.00365174 -0.00683518 -0.00641965 -0.0114037 -0.00921955 -0.0232781 0.000554357 -0.0185314 0.00517946 0.0233741 -0.00320053 0.00849957 0.00251088 0.0107651 5.57925e-06 -0.0207977 -0.00934091 -0.0113105 0.00501851 0.0085364 -0.0222796 0.00985677 0.0140071 -0.00397295 -0.00205085 -0.0167993 -0.00694309 -0.00118256 -0.0184638 0.000587378 0.00988544 -0.020887 -0.00278681 0.00649626 -0.0072827 -0.000820735 0.0282075 -0.00582822 -0.00250082 -0.00410719 -0.0366315 0.0326403 -0.00352937 0.0147273 -0.00146987 -0.0162169 -0.0318974 
-0.0191813 -0.0226071 0.0044896 -0.001519 0.00315136 0.00288432 0.0162937 0.000277633 0.00859943 -0.00355076 0.00808502 -0.045171 -0.00795947 0.0116709 0.00439529 0.00181866 -0.016023 0.158058 0.0112624 0.00656824 0.0299888 0.00897306 -0.00734839 -0.00103137 -0.00844452 0.00289063 0.00778808 0.00394169 -0.00110129 -0.0358739 0.00843796 -0.0189697 -0.0386935 -0.0168758 -0.00118928 -0.00429259 -0.00839422 0.0124008 -0.000151803 0.00311486 -0.0025299 -0.0163426 -0.00587375 -0.00289497 -0.000128621 -0.0127207 0.00455952 0.00439029 0.0203433 -0.00205469 -0.000704325 -0.0188091 -0.00019199 -0.00329867 0.0388284 0.0213116 0.0108991 0.0125431 0.0136167 0.00016078 -0.0356355 0.00223138 0.00237938 -0.0052714 0.00865066 0.00125802 0.00315751 -0.0401671 -0.000164358 0.0248225 0.00727867 0.0103311 0.00550524 -0.020128 0.024009 0.0336347 0.0151578 -0.00325425 -0.0237236 -0.000331254 0.00512761 0.0306732 -0.00403475 -0.0107066 -0.0247719 -0.000775279 -0.0173406 -0.0117956 -0.00445501 -0.0113809 -0.0027405 0.0171444 -0.00403108 -0.0234157 -0.0138796 -0.0103747 -0.0201101 0.0032718 0.000813986 -0.024775 
-0.00451576 0.00163814 0.00541004 0.00130267 -0.00704084 0.00495818 -0.00992015 0.00131214 0.0242151 0.0133891 0.0261051 -0.0345232 -0.00341635 -0.00436836 -0.00374881 -0.00746798 0.00825092 0.0112624 0.148147 -0.00148797 0.0133201 -0.0090872 0.00736572 -0.00660671 -0.00370003 0.00735463 -0.00428871 0.00181007 -0.0015717 -0.0170095 -0.000624858 0.00672872 -0.0241801 0.00584835 -0.00153262 -0.00587449 -0.0106473 -0.00946349 -0.0155303 0.00707242 9.73603e-05 0.00388874 -0.00541688 0.00565871 -0.00015926 -0.0249532 -0.0114315 0.00863211 0.000541944 -0.000437037 -0.000732303 0.00446723 0.0144132 0.00366865 0.0161158 0.0133353 0.00945994 -0.0123553 0.0212842 -0.00114575 0.00188537 0.00974482 0.0112382 0.00740875 -2.88419e-05 0.0022064 -0.00331564 -0.0214609 0.0345133 0.000995768 -0.0144355 -0.0106241 0.00652082 -0.0114225 -0.00591503 0.0167971 0.0023176 -0.000370036 -0.0361631 0.00274894 0.000852266 -0.00926799 0.00678549 -0.00986305 -0.0229705 -0.000907675 0.030734 -0.00465083 0.0080761 -0.00428876 -0.000429445 0.00143445 -0.00709227 -0.0486103 0.0108158 -0.0426216 -0.00922079 -0.0113025 -0.008063 -0.0258666 
-0.00538373 -0.00252961 0.0054473 0.000809011 0.00307712 0.00465661 0.0030132 -0.000551085 -0.00230037 0.00145707 -0.00809132 0.000997578 0.00190141 0.00284537 -0.00389864 -0.00920702 -0.00400452 0.00656824 -0.00148797 0.0602128 0.00848519 -0.00289363 -0.00452689 0.00191246 0.00387049 0.00322293 0.00190478 -0.00103357 -0.000147011 -0.00593403 0.000314365 -0.00617034 -0.00325106 -0.00673861 1.19011e-05 0.00729429 0.0042155 -0.00274936 0.00228714 -0.00486128 -0.00177654 -0.00393133 -0.000717461 0.000448069 0.000548889 -0.00823005 0.0105384 -0.000196566 0.000614469 -0.000431816 -0.000748698 0.00574584 -0.000797315 0.000386143 0.00447285 0.00567304 -0.00201864 -0.00109016 -0.00184777 0.000344205 -0.00349156 0.00840383 -0.00440367 -0.000804453 -0.00303454 0.000913028 0.005467 -0.0087843 -0.00596219 -0.00401705 -0.00204005 0.00791319 0.00139724 -0.00911579 -0.00465411 -0.00264836 -0.00187535 0.000677833 -0.00520423 -0.00197395 0.0029956 0.00697463 -0.00689369 -0.00193515 -0.0123106 0.00235661 -0.00778986 -0.00174205 0.000982379 -0.00511041 -0.00271041 0.0019668 0.00036707 0.00189631 -0.00517196 0.00143681 -0.00530148 0.00397631 0.000509396 0.00301089 
-0.0194308 -0.0100469 0.00713641 -0.000675193 0.000576432 0.0179246 0.00756476 0.00484744 -0.00791627 0.0070127 -0.00639469 -0.0295724 0.00419569 0.0205207 -0.00613442 -0.0259088 0.00699702 0.0299888 0.0133201 0.00848519 0.119526 0.0153033 0.00977372 0.0206917 -0.0016988 0.00791743 0.00360622 -0.00281834 -0.00190806 -0.0135492 0.00186086 -0.000221569 -0.0121847 0.00359962 0.00064676 0.000612931 -0.00980823 0.00024677 0.00484289 -0.00874622 -0.000132647 -0.00123545 -0.00636805 0.00428418 0.00188352 -0.0249636 -0.00173377 -0.00522949 -0.00266909 -0.00174293 0.0070864 -0.00199685 -0.00109501 -0.00525037 0.01703 0.0126439 -0.00561392 -0.0119734 -0.00526548 0.00114165 -0.00627784 0.0329158 -0.00398458 -0.00602069 -0.0100291 0.000940178 0.0200734 -0.03527 -0.0159723 -0.00694403 -0.00414191 0.00723993 -0.00254369 -0.00554414 0.0109856 0.00295515 0.00392294 0.0054501 -0.0299072 0.00258078 0.0060616 0.0261685 0.000543662 4.7265e-05 -0.0337233 0.00145611 -0.0175923 -0.00974139 -0.000614417 -0.00751598 -0.00407128 -0.000503312 -0.00693322 -0.00963292 -0.0132103 -0.0177178 0.00683214 0.00601856 -0.0161315 0.000848022 
-0.013907 -0.0117926 -0.0119952 -0.000660558 -0.00448784 0.00378641 0.0121965 0.00327555 0.00538516 0.000276537 -0.0139761 -0.0165753 0.00244556 0.0123245 0.00657131 -0.00877888 0.00180802 0.00897306 -0.0090872 -0.00289363 0.0153033 0.125634 0.0087642 0.0149683 0.00091898 -0.00157813 0.00590777 -0.000252574 -0.000151088 -0.00539177 -0.00506062 -0.0197894 0.00754737 0.00118171 0.00821997 -0.00911607 -0.0031344 0.0271946 0.0116478 -0.0130577 0.00444746 -0.00207588 -0.00167398 -0.000819927 -0.0012057 -0.0421748 0.0280959 -0.00416981 0.00223344 0.000134342 0.00340638 -0.0109224 -0.00869435 0.00585519 -0.00505617 0.00231037 -0.0129767 -0.00534401 -0.000708606 0.00234654 0.00282178 0.014953 -0.00877843 -0.00924216 0.0107467 -0.0025341 0.0155361 -0.0282041 -0.0338668 -0.000813987 0.00491115 -0.00854507 0.00239335 -0.00131547 -0.0156103 -0.00694487 -0.00236667 0.0028855 -0.0116586 -0.0035586 -0.00176934 0.0435795 -0.0304712 0.0249766 -0.0278838 -0.000692586 -0.022172 -0.00843049 0.00269884 -0.00989872 -0.00494905 -0.00338074 -0.00802003 0.0219906 -0.00767293 0.0266972 0.00884262 0.00753063 -0.0118516 -0.00558381 
-0.00889572 0.0111921 -0.00136792 -0.00323232 -0.00589453 -0.00983785 -0.000817536 -0.00118346 -0.00177407 -0.00785811 -0.0144242 0.00709826 -0.00122742 -0.0108241 -0.0133419 -0.00097362 0.0283309 -0.00734839 0.00736572 -0.00452689 0.00977372 0.0087642 0.143415 -0.0020465 -0.00322246 -0.00128595 0.0363387 0.00727303 -0.000418228 0.0282915 -0.00126009 0.015099 -0.0215603 -0.0168575 -0.00395577 -0.00623149 0.00673267 -0.0127625 -0.00724486 0.0166701 0.00169919 0.03467 -0.00527745 0.0146615 0.000764725 -0.0170261 0.00521513 -0.00472021 -0.000679452 -0.00244566 0.00867946 0.0168381 -0.000325354 0.0158558 -0.00204783 -0.0033434 -0.0142238 -0.0110169 -0.0256277 -0.000190638 -0.00667839 -0.010355 0.0186401 -0.00791381 0.00504644 0.00412108 0.00961766 -0.0119218 -0.0328487 -0.00866094 0.00140393 0.000796516 0.0122566 -0.026362 0.0236576 -0.00836734 0.000459668 -0.00286449 -0.031766 0.000965677 0.000388187 -0.0144294 -0.0189454 0.0313349 -0.0202573 0.00222326 -0.01572 -0.00402704 0.00927481 0.0236451 -0.0049411 -0.00805577 -0.00571557 -0.0557679 0.0274718 -0.00390198 0.0206522 -0.00837516 -0.0135207 -0.0379899 
-0.0132651 -0.0106017 -0.0117624 -0.00102568 0.00711254 0.00184656 0.000783153 -0.000143991 -0.00771222 0.000471857 -0.00661369 -0.00542012 0.00593427 0.0107625 -0.00231662 -0.00303027 -0.00449972 -0.00103137 -0.00660671 0.00191246 0.0206917 0.0149683 -0.0020465 0.0958355 -0.001813 -0.00102162 -0.000347567 -0.00248603 -0.00122488 -0.00329753 -0.00183164 0.0103609 -0.0114531 -0.00319377 0.00316691 -0.000365954 0.00127715 -0.00217165 -0.00410652 0.000697075 0.000404778 0.00195419 -0.00212052 -0.000489167 0.000596182 -0.0109509 0.00856256 -0.00236607 0.00110436 0.0020124 0.0110754 -0.00719453 -0.00555973 -0.00255999 -0.00867064 -0.000666595 -0.00436076 -0.000842568 -0.00770921 0.0021793 0.0144943 0.0143654 -0.0073216 -0.00240307 0.00322053 -0.000846597 0.0211945 -0.00512313 -0.0113304 -0.00251839 -0.00216197 0.00356927 -0.00198172 -0.00146228 -0.000367865 -0.0116529 0.00436378 0.0018516 -0.000550391 -0.00285143 -0.000540705 0.0100204 -0.0114973 0.00308079 -0.0145878 -0.00156825 -0.0207813 -0.000408121 -0.001132 -0.0108065 -0.00340058 -0.00915424 -0.000360911 0.0150226 -0.0124819 0.00601497 0.00153015 0.0109648 -0.00896142 -0.00427035 
-0.00843902 -0.00427639 0.00146452 -0.00200275 0.00123811 0.0212713 -0.00245215 0.0033618 -0.000296328 -0.00382162 -0.0126053 -0.00947143 0.0038919 -0.00591583 -0.00150456 -0.00481626 -0.0082353 -0.00844452 -0.00370003 0.00387049 -0.0016988 0.00091898 -0.00322246 -0.001813 0.11221 -0.00161488 0.00636916 0.00349172 -0.00133525 -0.0110376 -0.00531671 -0.0121592 0.0439356 0.00664207 0.000134679 -0.00439574 0.00830962 0.000731943 0.00381693 -0.00712685 -0.0022431 -0.00802722 0.00487048 -0.0065871 -0.000120184 -0.00183142 -0.00132027 0.00126805 -0.0105523 -0.000662719 -0.00182737 -0.00221135 -5.59686e-06 -0.00337592 -0.00465052 -0.00210573 -0.00375575 0.00140708 -0.00680118 -0.00184131 -0.00417378 0.00737117 -0.0129162 -0.00180168 -0.012257 -0.00101872 0.00825283 -0.00324877 -0.00151363 -0.00446935 0.0125263 0.00965761 -0.00363393 -0.00048504 -0.00756557 -0.00199775 -0.00178565 0.00528691 0.0142004 0.00919875 -0.00150526 -0.00108743 -0.0206778 0.00274994 -0.00570213 -0.00130213 -0.023029 -0.00526803 -0.00678696 -0.00660145 -0.0045681 0.00518886 0.00301143 -0.0044328 -0.0104786 0.00460592 0.0119214 -0.00226684 0.0122381 -0.00121907 
-0.00437913 -0.00331805 0.00102286 4.27708e-06 -0.00246136 0.003168 0.00203749 0.0025194 0.00532769 -0.00104208 0.0012381 -0.00830263 0.00182946 -0.00327185 -0.00397759 -0.00192277 -0.0054167 0.00289063 0.00735463 0.00322293 0.00791743 -0.00157813 -0.00128595 -0.00102162 -0.00161488 0.0444126 -0.000626088 0.000233956 -0.000575302 -0.0048076 0.00649701 -0.00184931 -0.00798031 -0.00429953 -0.000972202 0.000768039 -0.00460551 -0.0053073 -0.00162042 0.00048167 0.000709733 -0.00625235 -0.00203645 -0.000826359 0.000230113 -0.00631331 0.00161243 0.00538862 -0.00381622 0.000310113 -0.000872793 0.00157898 -0.000663799 -0.00155763 -0.0052256 0.00200721 -0.000665253 -0.00379565 0.00471262 0.000384926 -0.00497967 0.00838202 0.000269602 0.000163005 -0.00286176 0.00165961 0.00778094 -0.00509929 0.00804247 -0.000132776 0.00280277 -0.00026859 -0.000924234 -0.00664489 -0.00134946 -0.000920219 0.00181697 0.00163687 -0.0067651 -0.000490876 0.000958408 0.00600553 -0.00305855 0.00235721 -0.00789093 0.00755716 0.00330818 0.000358037 -0.00280458 -0.00500194 -0.000846472 -0.00338423 -0.00174436 -0.000673064 -0.00282406 -0.0114141 -0.00347851 -0.000428212 0.00755541 0.00973249 
-0.0210566 -0.000634964 0.00357415 -0.00241751 -0.000651989 0.00316351 -0.0015546 0.00179266 -0.00554679 -0.00671784 -0.0134221 -0.0106258 -0.00161614 -0.00784527 -0.00625007 0.0187932 0.0119008 0.00778808 -0.00428871 0.00190478 0.00360622 0.00590777 0.0363387 -0.000347567 0.00636916 -0.000626088 0.111148 0.00164747 0.000441254 0.000808565 -0.00588158 -0.00828004 -0.0104025 -0.00824255 -4.4038e-05 -0.00559794 0.00536586 0.00613216 0.00370862 0.0175427 0.0015375 0.00506498 -0.00600957 0.00095774 6.97522e-05 -0.032912 -0.00138827 0.00681372 -0.00277793 -0.00262747 -0.00146358 0.00110237 -0.000142112 -7.30317e-05 0.00718593 0.000697072 4.27952e-05 -0.00932048 -0.00600371 1.62935e-05 -0.0143335 -0.00536302 0.0133401 -0.00518137 0.00226302 0.000565747 -0.00282564 -0.0174888 -0.0217668 -0.0048387 0.0074124 0.00643659 -0.001022 -0.0240256 0.00584265 0.00500589 0.00639958 -0.00191469 -0.0242176 -0.00362829 0.000849615 0.00666329 -0.0120956 0.0233023 0.00310791 -0.00223464 -0.0196821 0.000628146 0.012211 -0.00118234 -0.00217752 0.00499887 -0.00520179 -0.0357829 0.0116842 0.0132633 0.0120943 -0.00734093 -0.00238673 -0.00803173 
-0.000191714 -0.00544596 -0.000509398 -0.000464568 0.00137856 -0.00439003 0.00301747 -0.000784721 0.00515055 -0.002244 -0.00474488 -0.00654783 -0.00314566 -0.00151291 -0.00647988 -0.0008939 -0.00542214 0.00394169 0.00181007 -0.00103357 -0.00281834 -0.000252574 0.00727303 -0.00248603 0.00349172 0.000233956 0.00164747 0.0522247 -0.000372027 -0.00225044 0.00278677 0.000476865 -0.00579416 -0.00478453 -0.00101718 -0.000534074 -0.00276081 -0.00316713 0.000485186 0.00958526 -0.000475147 -0.00241575 -0.00011722 -0.000309597 -5.1799e-05 0.00376174 -0.00117358 -0.000964022 9.43879e-05 0.0018538 -0.000226134 -0.00399255 0.00227151 0.00523751 0.00280554 0.002833 0.00325284 0.00234065 0.00119632 0.00034008 -0.0106262 -0.00690919 -0.00199133 8.55724e-05 0.00598406 0.00109097 -0.00204509 -0.00100109 -0.00297218 0.00438555 0.00809756 -0.000563877 0.00532063 -0.00266799 0.00853689 0.00466651 0.000117339 -0.000943301 -0.00436248 0.00366741 -0.00111378 0.00176375 -0.00729437 -0.000283687 -0.00603398 -0.00122683 -0.00137845 -0.000600565 -0.00111792 0.000126574 0.00074649 -0.00436567 -0.00209501 -0.00224939 0.00142096 -0.00693289 -0.00571915 -0.00282035 -0.00258437 -0.00582764 
0.00462846 0.000414646 -0.00060213 -0.000485161 -0.00139309 -0.00226722 -0.00166399 0.000206248 0.000341936 -0.000458999 -0.00168019 -0.000576679 -0.000817544 -0.0010935 0.00477809 -0.00434868 0.0034962 -0.00110129 -0.0015717 -0.000147011 -0.00190806 -0.000151088 -0.000418228 -0.00122488 -0.00133525 -0.000575302 0.000441254 -0.000372027 0.0223953 0.000383453 0.000594019 0.00594998 0.0019825 -0.00111693 -0.000367668 -0.000155735 -0.000283913 0.000410185 -0.00166383 -0.00378153 -0.00032642 0.00432425 0.000687805 0.00285096 8.69345e-05 0.00113464 -0.00105861 0.00110871 -0.00130172 0.000474695 -0.00076489 0.000576596 -0.000961459 0.000778289 -0.00211563 -0.000742873 -0.00118264 0.0037665 -0.0029514 -9.2034e-05 -0.00451795 -0.00074721 0.00170901 -0.000567296 -0.00237462 1.8327e-05 -0.000443829 0.0054869 -0.00372455 -0.00149656 0.00115746 0.00164851 -0.00142623 -0.00393255 0.00453482 0.000186189 -0.000614444 -0.000116104 0.00283834 0.00035092 -0.00020374 -0.00441204 -0.00186873 0.000535962 -0.00357996 -0.00033987 -0.00236559 -0.00178295 -0.00116517 0.0038195 -0.000741732 0.00171329 0.00200316 -0.00345435 0.00150703 -0.00256876 0.00167127 -0.00113101 0.00112293 -0.0054808 
0.0346522 0.0179522 -0.00980745 -0.00182046 -0.00119513 -0.00507543 -0.011842 -0.00457084 -0.00672494 -0.0107504 -0.0170266 0.054142 -0.0100123 -0.00794771 -0.018411 -0.0334663 -0.00287919 -0.0358739 -0.0170095 -0.00593403 -0.0135492 -0.00539177 0.0282915 -0.00329753 -0.0110376 -0.0048076 0.000808565 -0.00225044 0.000383453 0.162059 -0.00669996 0.0065772 0.0150512 0.0065129 -0.00100803 -0.00719774 0.00303991 -0.0120651 0.00778835 0.00954584 0.00139654 0.0077544 0.00407868 0.0160881 0.00121047 0.0205969 0.0129251 -0.01464 -0.00595011 0.00174562 0.00818164 0.000942559 -0.00619951 0.010283 -0.0165988 -0.0107081 -0.0142206 -0.00533556 -0.0180749 0.000413118 0.0519315 -0.0176341 -0.018051 -0.00832653 0.0171216 -0.00132086 0.00294498 0.0497531 -0.0135632 -0.0140272 -0.012779 -0.00411734 0.00330074 -0.00106244 -0.0193099 -0.0320054 -0.00578444 -0.00322181 0.00585353 -0.00509222 -0.000903049 -0.0329334 -0.0248766 -0.00325292 -0.00146349 0.00182369 -0.0195243 0.00302076 0.00936582 0.000364024 -0.00389757 -0.00708219 0.00806361 -0.00564888 -0.00103649 0.0212052 0.00990746 5.04902e-05 -0.00974031 0.00890768 
0.00377564 -0.00905438 -0.00575862 -0.000750328 0.00235225 -0.00614752 0.00145957 -0.00090119 -0.00381362 -0.00162164 0.00998881 -0.0107346 7.91661e-05 -0.00354454 0.00887006 -0.00225228 -0.00575062 0.00843796 -0.000624858 0.000314365 0.00186086 -0.00506062 -0.00126009 -0.00183164 -0.00531671 0.00649701 -0.00588158 0.00278677 0.000594019 -0.00669996 0.0827915 0.0107511 -0.0159157 0.00298862 0.000365746 -0.00323217 -0.000257697 -0.000573064 -0.00355527 -0.00359975 -3.10355e-05 -0.00655284 -0.00336869 4.97246e-05 0.001789 0.00852538 0.0016071 0.0053066 0.00826871 0.00104916 -0.000158008 0.0054207 0.000928048 0.00319825 -0.00663476 -0.00401809 -0.00451344 0.00583866 -0.00708031 -0.000995119 -0.00469523 -0.00340325 -0.00217838 -0.0043608 -0.00421828 0.00249728 0.00479528 0.00421443 -0.00428311 0.000627598 -0.0011451 0.0013927 -0.00596163 0.00800563 0.0204394 -0.00355755 2.76276e-06 -0.000837963 -0.012878 0.000663299 -0.000953468 -0.0126802 0.00152356 -0.00429091 -0.00789134 0.00545854 0.00393265 -0.00178482 -0.00530616 0.000360866 -0.00205048 -0.00499493 -0.0050179 0.00120099 -0.00137592 0.00559206 -0.00726502 0.000284256 -0.00639622 -0.0018687 
0.0234364 0.00201723 -0.0141892 -0.00162065 -0.00777453 -0.0208198 -0.00720179 -0.00566494 -0.0170149 -0.00170692 0.00257233 -0.00560652 2.43514e-05 -0.0178068 0.015598 -0.0157262 0.0197367 -0.0189697 0.00672872 -0.00617034 -0.000221569 -0.0197894 0.015099 0.0103609 -0.0121592 -0.00184931 -0.00828004 0.000476865 0.00594998 0.0065772 0.0107511 0.182902 -0.0205272 0.00571634 0.000999925 0.00613743 0.00231571 -0.00792513 -0.0144153 -0.0184912 -0.00256032 0.0470665 -0.00240861 0.0158728 -0.00119732 0.0289831 -0.0197316 0.00800836 -0.00590924 -0.00245347 -0.00580454 0.0160582 0.00116163 -0.00312295 -0.0116079 -0.0145587 -0.0107003 -0.00610226 -0.0157899 -0.00225654 0.0130422 -0.0181119 0.0250104 -0.00237274 -0.0181221 0.000857087 -0.00129504 0.0368637 -0.0130583 -0.0181892 -0.0207956 0.00153783 -0.00413643 -0.0124436 0.0491953 -0.0132615 -0.0046715 -0.00491847 0.00855138 0.00193751 -0.000244066 -0.0462311 0.00827663 -0.000594535 -0.00113537 -0.00235651 0.00653299 -0.0109518 -0.00476987 0.0071407 -0.00434141 -0.00394138 0.0123459 -0.0178429 0.00802422 -0.0201093 0.0246947 -0.00895434 -0.0135248 -0.0240536 
0.0156645 0.000230409 0.00655168 -0.00387195 -0.00665771 0.0129008 -0.0158215 0.00442237 -0.0213142 0.00396787 -0.0276119 0.0120974 -0.000724051 -0.0251242 -0.0180648 -0.0301246 -0.016339 -0.0386935 -0.0241801 -0.00325106 -0.0121847 0.00754737 -0.0215603 -0.0114531 0.0439356 -0.00798031 -0.0104025 -0.00579416 0.0019825 0.0150512 -0.0159157 -0.0205272 0.213307 0.040145 0.00482849 0.00556786 -0.00476363 -0.00450579 0.0318974 -0.0286164 -0.00246702 -0.0130434 0.0148054 -0.0148038 -0.00151247 0.0114233 0.0053146 -0.00978444 -0.02138 -0.00435022 -0.00821007 -0.00962269 -0.017793 -0.00833127 -0.0109025 -0.00887976 -0.0243425 -0.00120344 -0.0235281 -0.00317367 0.0122212 0.0205232 -0.0299662 -0.00494244 -0.0132104 -0.00551393 0.00367422 0.0400929 -0.00791495 -0.0139876 0.0172714 -0.0017674 -0.0150287 0.0252157 -0.0317998 -0.0232128 -0.00734674 0.0049377 0.062905 0.00839062 -0.000861006 0.0140331 -0.00302463 -0.00858508 0.0280531 -0.00748791 -0.00339596 -0.0122572 -0.0153426 -0.0116816 -0.0055725 -0.0130603 0.00950072 0.0436807 -0.0249865 0.0220656 0.00890748 -0.000285438 0.0146317 0.0322976 
0.0158316 -0.0111998 -0.00186511 0.000446565 -0.0055209 0.00325385 -0.00758169 -0.00276352 -0.0178589 -0.00147541 0.00125027 -0.0224169 0.00144205 -0.000477461 -0.0075255 -0.0209925 -0.0103309 -0.0168758 0.00584835 -0.00673861 0.00359962 0.00118171 -0.0168575 -0.00319377 0.00664207 -0.00429953 -0.00824255 -0.00478453 -0.00111693 0.0065129 0.00298862 0.00571634 0.040145 0.120141 0.00314982 0.00592026 -0.0062346 -0.00426712 0.0193353 -0.0175786 0.0011771 -0.00772584 0.00783103 0.0017789 -0.000125557 0.00710497 -0.00658311 -0.00168201 -0.00756092 -0.00286441 -0.0053771 -0.00722183 -0.00636171 -0.00607018 0.00368332 -0.00765172 -0.00534209 -0.00845038 0.00954082 -0.00189186 0.00886794 0.0120515 -0.00957726 -0.00667991 -0.00386336 -0.00155675 -0.00484925 0.0151732 -0.0132688 -0.0070212 0.00638174 -0.00703055 -0.010276 0.025354 -0.013554 -0.0141169 -0.00476934 0.00225525 0.00883632 0.00451013 -0.00161078 0.00628753 0.0199053 -0.0140916 0.0150051 -0.00322969 0.00255597 -0.00758101 -0.00893312 -0.00557538 -0.00444355 -0.0139741 0.00503625 0.0219897 -0.0122763 0.00508107 0.00948092 -0.00428922 -0.0129856 0.0173669 
0.000574118 -0.00188309 -0.00272501 0.000850576 -0.000623634 0.00262008 -0.00134467 0.000523852 -0.00114056 0.000846848 -0.00154012 -0.00604415 -0.000941883 -0.000141897 -0.000247212 -0.00410823 -0.000472923 -0.00118928 -0.00153262 1.19011e-05 0.00064676 0.00821997 -0.00395577 0.00316691 0.000134679 -0.000972202 -4.4038e-05 -0.00101718 -0.000367668 -0.00100803 0.000365746 0.000999925 0.00482849 0.00314982 0.0331533 -0.00185984 0.00463931 0.00664944 0.00847183 -0.00414403 0.00165534 0.00243165 0.00165987 -0.00120809 -0.000161528 -0.00328519 0.00043971 0.00175668 0.00037944 -0.000543946 -0.00032573 -0.00209802 -0.000405123 -0.00145194 -0.000297009 -0.00117219 -0.000934766 -0.000378236 0.00350871 -0.000177627 0.00540152 -0.000795547 0.00172898 -0.000885656 -0.00252251 5.46906e-05 0.00134711 -0.00532235 -0.00518797 -0.00175103 -0.000828319 -0.00158372 -0.00193637 -0.000161334 -0.00327138 -0.00128121 -0.00143803 0.00177565 -0.00488539 -0.00128568 0.000465241 -0.00134025 -0.00454861 -0.00136683 -0.0042793 -0.000839893 -0.00441316 -0.00184562 0.00218172 -0.00136427 0.000801313 0.000746914 -7.37257e-05 -0.00273284 -0.000358237 0.00721384 -0.00158289 0.000101428 -0.000420467 -0.00545733 
