0.0959674 -0.000555489 -0.000706454 -0.00665665 -0.00246449 -0.00047498 -0.000205519 -0.0165111 0.0013031 0.00126442 -0.0134432 -0.0144299 -0.0075582 0.00703542 0.0182946 -0.0199065 0.0137741 -0.00152814 -0.00389497 0.00286294 0.0108633 -0.0236058 0.00221629 0.0259213 0.00838247 -0.00243211 -0.00227858 0.0134902 0.00495845 -0.00811608 0.0044053 -0.00111214 -0.00643034 0.0146925 -0.00280372 0.00413425 -0.00427837 0.0104416 -0.00601067 5.08255e-05 -0.00621902 2.52939e-05 -0.0180201 -0.00713092 0.00457211 -0.00798144 -0.000190399 -0.0255804 0.00303756 0.00565926 -0.0091937 0.00385946 0.00906042 -0.00152288 0.00059583 -0.0010457 0.000240124 -0.00137468 0.00459311 0.00388236 -0.020982 -0.000259559 0.00964078 -0.00171392 -0.000547303 -0.00375476 -0.00127368 0.00229724 -0.00744603 -0.026929 -0.0111306 0.0010279 0.00892924 -0.00538599 0.0436281 0.000380277 0.0130544 -0.0179822 -0.00250751 0.00826217 -0.00648272 -0.00318291 -0.00312199 -0.0217348 -0.00331078 0.000919383 0.00053632 -0.00567526 0.00916677 -0.00475556 -0.00159167 -0.00463188 -0.0045589 -0.00156812 -0.00568282 0.0259041 -0.00907153 -0.00550492 -0.00782451 0.0129429 
-0.000555489 0.0989765 0.0139065 -0.00905098 0.00226367 0.00178692 0.00359887 0.00788848 -0.000946203 -0.0157727 -0.0135774 -0.0135568 0.0259099 -0.00238607 -0.0119443 -0.0184531 -0.0105192 -0.00477742 -0.00399224 -0.0030904 -0.000465391 0.00996944 -0.000906402 0.000987943 0.000122559 -0.00307201 -0.0013564 0.000705541 -0.00402924 -0.0175184 0.0152891 -0.00127268 0.00856874 0.00539942 -0.00471111 -0.00462568 0.00199544 0.00356648 0.00441315 0.001284 0.0190862 0.00386797 -0.0221929 0.0145737 8.67362e-06 -0.00584041 -0.0122693 -0.00869953 -0.000218575 -0.00344471 0.000139346 -0.00127147 -0.00447906 -0.00155106 0.000672519 -0.00046961 -0.00203799 -0.00219091 0.000575919 0.00504678 -0.0081361 -0.00244549 -0.00466393 0.00398179 -0.000117343 -0.000733053 0.00883931 -0.00496849 -0.00334026 -0.0123057 -0.00213194 -0.00206019 0.00240164 -0.00774037 0.0141304 -0.00252212 0.00298786 -0.0143292 0.00729981 -0.00597744 -0.00425477 -0.000178732 0.00273153 -0.0252834 0.00487969 -0.00522437 0.0165715 0.00109552 0.0207349 -0.00394573 -0.00140249 -0.0144359 0.00598046 -0.00423349 -0.0025743 0.0188912 -0.0106137 0.000536073 -0.00753763 0.000735897 
-0.000706454 0.0139065 0.0475344 -0.00460305 0.00234405 -0.000711009 0.000299502 0.0134682 7.1846e-05 -0.00613846 -0.010605 -0.00117605 0.0117695 -0.000252481 -0.0125037 -0.011836 -0.00391965 -0.00518857 -0.00677653 -6.41665e-05 -0.00181759 -0.00389491 0.0124909 0.00705699 0.00169628 -0.0012543 3.78697e-06 -0.00554896 -0.000310155 -0.0154977 0.00667383 0.00108197 0.00339193 -0.0103737 -0.00286536 -0.000531962 0.000982147 -0.000607243 0.00195247 -0.000260074 0.00959601 0.00145103 -0.0153396 0.00650704 0.00375358 -0.00372637 -0.0159305 -0.00781893 0.00155748 -0.00412951 0.0016978 -0.00204978 0.00117047 -0.00027405 0.000353412 -0.00135804 -8.42306e-05 0.00229051 0.00116443 8.69099e-05 -0.0138095 0.00181661 -0.00345615 0.000748669 0.000449033 0.0028581 0.0145618 -0.001172 -0.00569477 -0.00561734 -0.00691018 0.00249007 -0.00198085 -0.00405604 0.00763378 -0.000361392 0.00308584 -0.0103498 0.00690696 -0.00580144 -0.00424019 -0.00222211 -0.000522601 -0.0108886 0.00676231 -0.00310127 0.0184 -0.00369663 0.0121446 -0.00227437 -0.00283339 -0.0107617 0.00888168 -0.00315119 -0.00198938 0.0207978 -0.00616408 -0.00225702 -0.00181949 0.0113953 
-0.00665665 -0.00905098 -0.00460305 0.132795 -0.00522732 0.000709827 0.000340156 -0.0312805 -0.000235791 -0.0123802 -0.00475916 -0.00219782 -0.0126216 0.00044693 -0.0419964 0.00826451 0.000850614 0.000395902 -0.0241031 0.00244156 0.00155919 0.00321979 -0.00789204 -0.00985292 -0.00191842 0.00380608 -0.00335032 -0.000957476 -0.00534165 -0.010379 -0.00182059 -4.46028e-05 -0.0102989 -0.0132829 0.00563628 0.00633903 4.26637e-05 -0.00838317 -0.00314018 -0.00177994 -0.0158477 -0.0122979 0.0557758 0.00374322 0.00404227 0.0238596 -0.0323161 0.0510526 -0.00327022 0.00518535 0.0155824 -0.00155853 -0.01154 -0.000557388 -0.000955159 0.00249844 4.59297e-05 -0.00439933 0.00203361 -0.00303326 -0.0262816 0.000756781 -0.0110155 -0.00280173 -0.000821851 -0.00656686 -0.00272517 -0.00388691 0.00970396 0.0432455 0.0110956 0.00406541 -0.00642436 0.00971876 -0.00927297 0.0187125 -0.00828841 -0.029428 -0.00404534 -0.00995078 -0.00320284 -0.00187683 -0.00602834 0.0220838 -0.00715342 0.0115104 -0.0163546 -0.00898911 -0.00707349 0.00982535 -0.00564413 0.00398198 -0.00305708 -0.00314002 0.000380179 -0.00360455 -0.014144 -0.00016059 0.0315364 0.013986 
-0.00246449 0.00226367 0.00234405 -0.00522732 0.0444641 -0.00189498 -0.000910976 0.0150572 -0.000269718 0.00407772 0.00677741 0.00418823 0.00117045 -0.000856972 0.00516431 -0.00168475 -0.0046402 -0.0029026 -0.00475228 0.000223705 -0.000775851 -0.000930177 -0.000572766 -0.00155071 0.000361234 -0.000752928 -0.000499222 -0.0046303 -0.00144233 0.00506215 0.00125915 -0.000749208 0.00305117 -0.00488514 -0.00256795 -0.00125391 0.00185337 -0.00104127 -0.000511191 -0.000564572 0.00386043 -0.00131689 -0.0127706 0.00162653 7.7821e-05 -0.00259203 0.00921163 -0.00948942 -0.000659769 0.000954061 -0.00391084 -0.00181324 0.00163767 -0.000318094 -3.69103e-05 -0.000443463 -0.000976524 -0.00119041 0.00119878 0.000232714 0.0044076 -0.00068013 -0.00143868 0.00115948 0.000406614 0.00543378 -0.000855664 -0.00363172 -0.0017202 -0.00796074 -0.0050032 -0.000856443 -0.00084785 -0.00386462 -0.00338269 -0.00203686 -0.00216018 0.00788616 0.00392793 0.00159311 0.00374761 -0.00175266 0.0032248 0.00256817 0.000688635 -0.001428 0.000881882 -0.00244929 0.00237325 -0.000876416 -0.000848414 -0.00788424 -0.00203892 -0.00158518 -0.000146132 0.000943098 -0.00503229 -0.00335541 -0.00230078 -0.00737292 
-0.00047498 0.00178692 -0.000711009 0.000709827 -0.00189498 0.068128 -0.0022834 -0.00199685 0.000665499 0.00277268 -0.0080691 -0.00300038 0.00329986 -0.00334273 -0.00748487 -0.000413144 -0.00125085 -0.00178324 0.000420617 -0.0010482 0.000725796 -0.0100168 -0.00294628 -0.00760143 -0.00289843 -0.00256434 -0.000711672 -0.00679115 -0.000900459 0.00315084 0.00104551 -0.000739378 0.00542822 0.000931326 0.00194617 -0.00109284 -0.00062872 0.00555035 0.00420428 0.000500356 0.00322643 -0.00309295 -0.00157577 0.000737925 -0.000946544 0.000560659 0.00380153 -0.00371602 -0.0012419 0.00179694 -0.00380794 -0.00196247 -0.00333681 -0.000774121 -4.6088e-05 0.00135061 -0.00121845 -0.00209106 -0.00237581 -0.00248064 0.00480591 0.000277507 -0.000872757 -0.00230379 -0.000417275 -0.00215579 0.000343262 0.00146348 -0.00124566 -0.00160918 0.00807127 -0.000552762 0.00414843 0.00599797 -0.00168505 0.00369691 0.00361337 -0.00687139 0.00169374 0.00302968 -0.00668665 -0.00157219 0.00225488 -0.000636468 -0.00246938 -0.0026575 0.00127737 0.00804242 -0.00188163 -0.00212609 0.0053786 -0.00707582 -0.00325511 0.00628728 -0.00115867 -0.0072054 -0.00632238 -0.000541238 -0.00441773 -0.00809077 
-0.000205519 0.00359887 0.000299502 0.000340156 -0.000910976 -0.0022834 0.0436594 -0.00555418 0.00053068 -0.00468883 -0.0060749 -0.000859523 0.00356503 0.000478117 -0.00529195 -0.0062032 -0.00837273 0.00464788 -0.00207623 -0.00127984 -0.000203484 0.000289852 -0.000190793 0.00264098 0.00109832 -0.000893372 0.000602457 0.00733481 0.00213003 -0.00417656 0.00232366 -1.90452e-05 -0.000462289 -0.00313271 -0.00204992 -0.00185636 -0.0011147 -0.00394471 0.00187751 0.00122232 -0.000495158 -0.00102459 0.00186908 0.00227498 0.00413516 0.000164758 -0.00761004 -0.000225068 -0.00114148 0.000753246 0.00544596 0.00131882 -0.00226833 -0.000216908 0.00131461 0.000456997 -0.000132853 -0.00169648 -0.000875759 0.00295722 -0.00819009 0.0011357 -0.00183806 0.00276216 -0.000176593 -0.00173302 -0.000460747 -0.000198224 -0.000669451 -0.000361084 0.00396122 -0.000458415 0.000496009 -0.00296836 0.00905908 -0.00407048 -0.00296681 -0.00439912 -0.00142303 -0.00245571 -0.00387527 0.00669723 0.000604394 -0.00182427 -0.00212526 0.00134299 0.00251079 -0.0031382 -0.000358374 -0.00151992 0.00132284 -0.00156327 0.00398448 -0.000307491 -0.00274134 0.000991175 -0.00338756 0.001029 -0.000795903 -0.00168954 
-0.0165111 0.00788848 0.0134682 -0.0312805 0.0150572 -0.00199685 -0.00555418 0.215153 -0.000197484 0.018646 -0.0100393 0.0522829 0.0190142 -0.00684313 0.027198 -0.00584745 0.0319391 -0.00551071 -0.0244795 -0.00607067 -0.0103468 0.00322029 0.00579011 -0.00444599 -0.00741362 -0.00331662 -0.00343248 -0.0353997 -0.00694278 0.0142979 0.00188045 0.000489317 0.0231952 -0.0464447 -0.0169508 -0.00455748 0.00422016 -0.00096133 0.00596388 -0.000868934 0.0327944 0.00844186 -0.0578649 0.0018845 -0.00150528 -0.010818 0.00932011 -0.0419686 -0.010805 -0.0102528 -0.00076939 -0.00366812 0.00839169 0.000207978 -0.00169262 -0.00358854 -0.00497843 -0.0103597 -0.00246806 -0.00851292 -0.00555055 0.000802473 0.00498853 -0.00207367 -0.00052237 0.0185676 0.0146623 -0.0181362 -0.0258702 -0.0370404 -0.0265578 0.000192772 -0.0133648 -0.0167996 -0.0155278 0.000987106 0.0152783 0.0116077 0.0170807 0.00107798 0.0114637 -0.00942088 0.0164915 -0.00813169 0.014556 0.00334175 0.0472809 0.0026588 0.0159185 -0.0150733 0.00814464 -0.0369493 0.00487423 -0.018872 0.000469608 0.0064703 0.00707598 -0.0181923 -0.01202 -0.0399692 
0.0013031 -0.000946203 7.1846e-05 -0.000235791 -0.000269718 0.000665499 0.00053068 -0.000197484 0.0193213 -0.00304384 -0.000791554 -0.00261232 -0.000424651 -0.000336065 -0.00442502 -0.0028323 -0.000964982 -0.000646633 0.00283004 -0.000138407 0.000293035 -0.00293686 0.000463421 0.000466987 0.000525509 0.000463287 9.11176e-05 0.000147628 -0.000187709 -0.00487797 -0.000138624 0.00123595 -0.000311882 0.00508793 0.000224638 -0.000401485 0.00132896 0.00142964 -0.000136294 0.000907424 -0.00127813 -0.000792925 -0.0010525 -0.00114797 0.000837387 -0.0011584 -0.000260825 -0.00235939 -0.000634353 0.00154354 6.23824e-05 -0.000671152 -0.000370521 0.000155179 0.000130321 -0.000366804 0.000223029 0.00255089 -0.000211859 0.00026527 -0.00266179 0.000575113 9.56417e-05 -2.39715e-05 3.8044e-05 0.00107152 0.00100412 0.00335304 -0.0013962 -0.00171391 -0.000107289 -7.23904e-05 0.00219835 -0.000442775 0.00202671 -0.000954467 -0.00201042 -0.00344202 0.00038332 0.000657611 -0.000433442 -0.000353974 0.00110395 -0.00117091 -0.00053002 -0.000951344 0.00251722 0.000643621 0.00106675 0.000371536 -4.44366e-05 -0.00349999 -0.000870656 -0.000542228 -0.000177151 -0.00142016 -0.00141375 -9.14026e-05 0.000726215 0.000496556 
0.00126442 -0.0157727 -0.00613846 -0.0123802 0.00407772 0.00277268 -0.00468883 0.018646 -0.00304384 0.218101 0.0334932 0.0232956 -0.0262216 0.00342997 0.0137338 0.0310938 0.0549751 -0.0157532 0.0129381 -0.0107866 -0.0122009 0.00672835 -0.00472966 -0.00290125 -0.00981499 -0.00382021 -0.0076713 -0.0267091 -0.0130786 0.0439186 -0.00590547 -0.00202103 -0.0108332 0.00517913 -0.00351089 0.00042967 -0.00340511 -0.00317046 -0.00532972 0.00710698 -0.0253463 -0.0142261 -0.0138721 -0.0216143 -0.00776044 -0.015522 0.0701387 -0.0261711 0.0111804 -0.0069226 -0.022539 0.0140688 0.0428548 -0.00215712 -0.00410889 -0.00433948 -0.0016039 0.000819751 -0.00813934 -0.00676202 0.0635791 -0.0052713 0.0116678 -0.00696705 -0.00134284 0.000729348 -0.00351246 -0.00558097 0.010819 -0.0332628 -0.042705 0.000645974 -0.00475306 -0.0100134 -0.0125055 -0.0271454 -0.0119918 0.0383821 -0.0124281 -0.0020054 0.00464736 -0.0189534 -0.00208173 -0.00978884 -0.0144433 -0.00376967 -0.0278378 -0.00787863 -0.0139871 0.00704441 -0.0105517 -0.0149226 -0.0230091 -0.00869405 2.62846e-05 0.0351388 -0.0153105 -0.0131844 -0.0111069 -0.0269498 
-0.0134432 -0.0135774 -0.010605 -0.00475916 0.00677741 -0.0080691 -0.0060749 -0.0100393 -0.000791554 0.0334932 0.186672 -0.0122528 -0.0164479 -0.0113808 0.036917 0.0350034 0.0416157 -0.0155392 0.0166836 -0.00218816 -0.00551096 0.0309874 -0.0237251 -0.0222949 0.000275188 -0.00279818 -0.00914774 -0.00432229 -0.0107091 0.0646361 -0.00805524 -0.0042268 0.00391977 0.0292112 0.00474379 0.00304874 0.00213699 0.00620639 -0.008096 -0.00390458 -0.0167685 -0.0111788 0.0010134 -0.0181101 -0.0055366 0.00174108 0.0511961 -0.0197078 -0.00396514 -0.00602568 -0.0218898 -0.00144962 0.0103644 0.00208827 -0.000896279 -0.00256445 0.000132276 -0.00217884 -0.00802593 -0.00918024 0.0694198 -0.00161282 -0.011219 -0.00491983 -0.00133649 -0.00488003 -0.00648005 -0.0240446 0.0464092 -0.0400246 -0.0202375 -0.000516747 0.00445802 -0.000264421 -0.0296961 0.00422778 -0.0241807 0.0546684 -0.00797336 0.00673854 0.0213472 -0.0125901 -0.00104839 0.0304392 -0.0107727 -0.00826934 -0.0256246 0.00712845 -0.0222075 -0.00302355 -0.0170147 -0.016139 -0.0208677 -0.00273164 0.00221291 -0.0443096 -0.0157779 -0.0139837 -0.0120759 -0.056653 
-0.0144299 -0.0135568 -0.00117605 -0.00219782 0.00418823 -0.00300038 -0.000859523 0.0522829 -0.00261232 0.0232956 -0.0122528 0.225146 -0.012319 -0.00281977 0.0159347 0.0206709 0.0299661 -0.0117455 -0.036156 -0.0034593 -0.00911646 0.0127804 -0.00313036 0.000564778 -0.0192936 0.00199238 -0.00562021 -0.0344696 -0.0104994 0.00506448 -0.00825745 -0.00129155 0.000401883 -0.0468621 -0.00386148 -0.00715917 0.00511564 -0.018634 0.00815405 -0.00314221 0.0147579 0.0121149 0.000301657 -0.014027 0.00633479 0.0119833 0.0120794 0.0296811 0.000537328 -4.43663e-05 0.000385664 -0.0123791 0.00341864 0.00431841 -0.00259903 -0.00273914 -0.00449521 0.00349292 -0.00830272 -0.0116663 0.00364801 0.00107252 0.00190455 -0.0104123 0.000321868 -0.00352499 -0.00312227 -0.0304198 -0.0204563 0.0146162 -0.0109304 0.000533076 -0.0161742 -0.0231593 -0.022869 0.000786543 0.00771219 0.0285784 -0.00857652 -0.0169356 -0.0383966 -0.00644881 -0.00963324 0.03322 -0.00546915 0.0142183 0.00922964 0.00748024 -0.00926018 -0.00594296 0.0317468 0.00127614 -0.0148721 -0.0160722 -0.000946621 0.00166613 -0.0167658 -0.00833418 0.00298598 -0.0230627 
-0.0075582 0.0259099 0.0117695 -0.0126216 0.00117045 0.00329986 0.00356503 0.0190142 -0.000424651 -0.0262216 -0.0164479 -0.012319 0.134198 -0.000966793 -0.0163957 -0.0264302 -0.0292298 -0.00613989 -0.000328213 -0.00378182 -0.0013356 0.0154082 -0.00703442 -0.00995335 -0.00750017 -0.000788723 0.00445901 -0.0117026 0.0107253 -0.0335894 0.00540726 0.00175698 0.0244786 -0.0220557 -0.00525846 -0.00781536 -0.00587047 0.00977286 0.00234195 -0.00186556 0.0235475 0.00774266 -0.0274165 0.0373979 0.0020905 -0.00570439 -0.0396615 -0.00266305 -0.0020382 -0.0117227 0.0174391 -0.00356867 -0.00396022 -0.0019377 0.00404352 -0.00109408 -0.00193185 -0.00345441 -0.00143524 -0.00369332 -0.0312884 0.00247917 -0.00957994 0.0125923 0.000271747 -0.000815769 0.00444407 -0.00901337 -0.0124331 -0.00799188 0.00614211 -0.00327482 -0.00442668 -0.00558373 -0.00306504 0.00463288 0.011068 -0.00882351 0.0188316 -0.00574742 -0.00765218 0.00856347 0.0060365 -0.00403693 0.0148302 0.00128328 0.0302554 0.00781098 0.00810348 -0.00876304 -0.00471207 -0.0143982 0.0282842 0.000255951 -0.00116565 0.010413 -0.0201904 -0.00321745 0.00423745 0.00402248 
0.00703542 -0.00238607 -0.000252481 0.00044693 -0.000856972 -0.00334273 0.000478117 -0.00684313 -0.000336065 0.00342997 -0.0113808 -0.00281977 -0.000966793 0.0528588 -0.0112599 -0.0130692 -0.00607232 0.00300125 -0.000251514 0.00408765 0.00219767 -0.00872333 0.0128887 0.0166058 -0.00311317 -0.000333735 0.00117581 0.00600782 0.00354016 -0.0123254 -5.17744e-05 0.00213865 -0.00398511 -0.00599436 -0.00257589 0.00262148 -0.000963967 0.000796678 -0.00197463 0.000239368 -0.00285005 -0.00333411 -0.00224294 0.00127754 0.00405526 -0.00239366 -0.00912791 -0.00165514 0.00148002 0.000700951 -0.00190053 0.00103389 0.000241899 0.000225707 -0.000549589 -0.00138283 0.000713691 0.00450833 0.000650867 0.00256722 -0.0127523 9.27856e-05 0.00204986 -0.000837648 0.000273467 0.000134528 0.00238544 -0.00241026 -0.0058446 0.00400905 -0.000566371 0.000773209 -0.00299048 -0.00445155 0.0139044 -0.006628 -0.00654821 -0.0109662 -0.00267571 0.000529877 -0.00647076 0.000986381 -0.000553251 -0.00377189 -0.00311408 0.00483309 -0.0049814 -0.00444817 -0.00120214 -0.001206 -0.00332354 0.00707752 0.00148421 0.00154369 0.000978812 0.018703 -0.00931674 0.000897624 0.00709645 0.0156162 
0.0182946 -0.0119443 -0.0125037 -0.0419964 0.00516431 -0.00748487 -0.00529195 0.027198 -0.00442502 0.0137338 0.036917 0.0159347 -0.0163957 -0.0112599 0.24981 0.0351487 0.0338044 -0.00560079 0.00139664 -0.0177175 0.00163028 -0.000392891 -0.0212978 2.74725e-05 -0.000455759 -0.00417886 -0.00317098 0.0329376 -0.00439194 0.0592149 -0.00652546 -0.00882462 -0.00666539 0.0166892 -0.00783818 -0.00740511 -0.00712106 0.0118083 -0.00607175 -0.00492402 0.00274093 0.0114461 -0.0447283 -0.0273793 -0.00782303 -0.0186322 0.0592993 -0.0663186 -0.00414246 8.43722e-05 -0.0297537 -0.00430196 0.0203053 0.00194831 -0.00183509 0.00227136 -0.00264603 -0.00938193 -0.00690569 -0.0214118 0.0441537 -0.0053878 0.0100357 -0.00351004 -0.0021322 -0.00280535 -0.0139789 -0.0290435 0.00666255 -0.0683582 -0.0194068 -0.0120967 0.00102075 -0.00839331 -0.0168326 -0.0102217 0.0175748 0.0551346 0.00159858 0.0244061 -0.00167693 0.000529831 -0.00218644 -0.0106841 0.00279318 -0.0168318 -0.00100167 0.0149846 -0.0186328 -0.0058243 0.00890225 0.0346363 -0.0159392 -0.000656387 -0.00947303 -0.0323972 0.00593303 -0.0207989 -0.0335159 -0.0552421 
-0.0199065 -0.0184531 -0.011836 0.00826451 -0.00168475 -0.000413144 -0.0062032 -0.00584745 -0.0028323 0.0310938 0.0350034 0.0206709 -0.0264302 -0.0130692 0.0351487 0.159404 0.0284913 0.0176684 0.0116966 -0.0227367 -0.014904 0.029793 -0.0178648 -0.0436392 -0.00647563 0.00193679 -0.0142548 -0.0101374 -0.0271806 0.0461425 -0.0160383 -0.00599627 -0.00238694 -0.00688918 0.0010195 -0.00681902 -0.00519005 0.00531662 -0.00454186 0.000573531 -0.0191212 -0.0072603 0.0459002 -0.0414224 -0.0133803 0.00400201 0.0352236 0.0300228 -0.00307602 -0.0036691 -0.0346481 0.000907173 -0.00378565 -0.000131477 -0.00445973 -0.00117036 -0.00748489 -0.00215713 -0.0089154 -0.0237711 0.0386076 -0.0110568 -0.0101318 -0.0119521 -0.00497488 -0.00336239 -0.00701542 0.0104762 0.0204039 0.0236461 0.015338 -0.00926959 -0.00691096 0.00766708 -0.0493137 -0.00905269 0.0275753 0.0418821 -0.0090567 -0.00335345 0.0101662 -0.0166441 -0.0119636 0.0426026 -0.0201928 0.00508352 -0.0224037 0.00754564 -0.0464783 0.0036744 0.00759221 0.0122903 -0.0330586 -0.000761706 -0.0049077 -0.0320972 0.0116995 0.00190489 -0.00748175 -0.0188113 
0.0137741 -0.0105192 -0.00391965 0.000850614 -0.0046402 -0.00125085 -0.00837273 0.0319391 -0.000964982 0.0549751 0.0416157 0.0299661 -0.0292298 -0.00607232 0.0338044 0.0284913 0.249873 -0.00459918 -0.00717713 -0.000529703 -0.00765732 0.0172939 -0.0125365 0.00928897 0.00887136 0.00277987 -0.0196865 -0.0411024 -0.0204602 0.0377781 -0.00118511 -0.00765513 0.0073819 0.0350048 -0.00237547 0.00131202 0.00046703 0.0263973 -0.00618418 -0.00347631 0.00426975 0.0063761 -0.020959 -0.0314365 -0.00384866 -0.0046053 0.0373084 -0.0452412 -0.00487549 -0.00807435 -0.0318546 -0.00675065 0.0101835 -0.0019444 -0.00441652 -0.00608643 -0.00340148 0.00693102 -0.00291626 -0.00106556 0.0254546 -0.00152893 -0.00271147 -0.0153699 -0.00203052 -0.00654102 0.00193923 -0.0252962 0.00840194 -0.0558851 -0.0485332 0.00166921 0.0115116 -0.0130785 0.0109821 0.0105836 0.0206976 -0.00247651 -0.00823072 0.0150484 -0.0141528 -0.0350371 0.000302253 -0.0151571 -0.0193348 0.00748098 0.0107845 0.00803517 0.0041429 -0.0150886 -0.0131994 -0.029591 -0.0361147 -0.0319305 -0.0105233 0.032351 -0.00141109 -0.0322141 -0.0266941 -0.0271166 
-0.00152814 -0.00477742 -0.00518857 0.000395902 -0.0029026 -0.00178324 0.00464788 -0.00551071 -0.000646633 -0.0157532 -0.0155392 -0.0117455 -0.00613989 0.00300125 -0.00560079 0.0176684 -0.00459918 0.113118 0.00594905 -0.0022906 -0.00100869 0.00431997 -0.00788262 -0.0129771 -0.000688647 0.00123664 -0.00237643 -0.00830341 -0.00158469 0.0134549 -0.00238164 -0.00150367 -0.0018412 -0.0153367 -0.00610174 -0.00533469 -0.000222397 -0.000150646 0.000531395 -0.000789865 0.00797878 0.00457366 0.0143799 -0.00619367 -0.000210926 -0.00254988 -0.00525699 0.0106975 -0.00370813 -0.00172573 -0.011879 0.00774344 -0.00975563 0.00105478 -0.000922632 0.00129299 -0.00110527 -0.00423879 0.000877339 -0.00287588 -0.0170288 -0.00296348 -0.000229895 0.00207979 -0.000930077 -0.00307158 0.00496674 0.00239281 -0.0113709 0.00788458 0.0118999 -0.0033605 -0.00424336 -0.00105426 0.00165347 -0.00863626 0.02624 0.00468712 -0.00261491 -0.0105386 -0.00836868 -0.00320515 0.0057344 0.00523867 -0.00452613 0.0166991 -0.00846871 -0.00209326 -0.00855516 0.000176745 0.00112383 -0.00865452 -0.00380868 7.67978e-05 -0.00697236 -0.00994768 0.0144046 0.0154667 0.00223763 -0.00232946 
-0.00389497 -0.00399224 -0.00677653 -0.0241031 -0.00475228 0.000420617 -0.00207623 -0.0244795 0.00283004 0.0129381 0.0166836 -0.036156 -0.000328213 -0.000251514 0.00139664 0.0116966 -0.00717713 0.00594905 0.182922 -0.00460196 0.00196827 -0.0128968 -0.00366811 -0.0146647 -0.00736371 0.000244283 0.00628523 0.0225064 0.00282197 -0.0197905 -0.00356792 0.000570758 -0.00728908 0.0406732 0.006287 -0.00284258 -0.00575892 -0.00184146 -0.0167784 -0.00155514 -0.0304374 -0.0139664 0.00582033 -0.00908031 -0.00356823 -0.0178678 0.025209 -0.00674685 0.00125938 -0.00174003 -0.00353228 0.00848854 0.0125876 -0.00171442 -0.000466127 -0.00173142 -0.00189271 0.0098311 -0.00760994 -0.00293975 0.0314165 4.22154e-05 0.0106204 0.00384889 -0.000365851 -0.000471392 -0.000663314 0.0169123 -0.00422341 -0.0137754 -0.00151102 -0.0029404 0.0100999 0.000782438 -0.00909773 -0.0251385 -0.0140397 0.0221771 -0.00775787 -0.00518826 0.0177188 0.0126411 -0.00484929 -0.0293599 -0.0029759 -0.0155293 -0.0185774 -0.0111017 -0.013266 -0.00566807 -0.0143156 0.0370614 -0.00651611 0.00680529 -0.000738236 -0.00246035 -0.0190422 0.00275443 -0.00344458 0.000647272 
0.00286294 -0.0030904 -6.41665e-05 0.00244156 0.000223705 -0.0010482 -0.00127984 -0.00607067 -0.000138407 -0.0107866 -0.00218816 -0.0034593 -0.00378182 0.00408765 -0.0177175 -0.0227367 -0.000529703 -0.0022906 -0.00460196 0.0551214 0.00202653 -0.00703349 0.0142682 0.0175477 -0.0019739 -0.000402325 -0.000236344 -0.00244966 5.36421e-05 -0.0117749 0.00449725 0.00209589 -0.00516059 0.00633668 -0.000121101 0.00646485 0.00215952 -0.00127595 -0.00294563 -0.000292804 -0.00610354 -0.00323001 -0.00826973 0.00536438 0.00112415 0.00164816 -0.0116461 -0.00477101 0.00265752 -0.0013214 0.00587395 -0.00203943 -0.00221555 -0.000549432 0.000206712 -0.000603319 0.00362733 0.00188512 0.00202046 0.00888617 -0.0129246 0.00278692 -0.000199487 0.000986323 0.00318259 -0.00246668 0.00326291 -0.00172278 -0.00569379 -0.00151988 -0.00494793 0.00335114 -0.00195908 -0.000529364 0.0121489 0.00405787 -0.00714741 -0.01471 -0.00133076 -0.00385276 -0.00645883 -0.00265472 0.00306284 -0.00566726 0.000472775 0.000675921 0.000171699 -0.00182056 0.0133973 -0.00164007 -0.00389386 -0.00146786 -0.000134136 0.00155591 0.00427054 0.014902 0.00555714 -0.0020126 0.00111363 0.0105167 
0.0108633 -0.000465391 -0.00181759 0.00155919 -0.000775851 0.000725796 -0.000203484 -0.0103468 0.000293035 -0.0122009 -0.00551096 -0.00911646 -0.0013356 0.00219767 0.00163028 -0.014904 -0.00765732 -0.00100869 0.00196827 0.00202653 0.0453098 -0.0102287 -0.00196075 0.00162946 0.00566448 -0.00044483 0.000889229 0.0095443 0.00411429 -0.00356978 0.00131566 -0.000361578 -0.00280308 0.00858614 0.00134392 0.00033256 -0.000528562 0.000383948 -0.00135273 -0.000433077 -0.00269622 -0.000713722 0.00599735 0.00191068 0.00123031 0.00335623 -0.00627669 -0.00183316 -0.00153725 0.00821921 0.00182461 -0.000963053 -0.00258581 -0.000939244 -1.55397e-05 -0.000463398 -0.000788313 -0.00228406 -0.00130685 -0.00108611 -0.00510614 0.00228709 -0.00363745 0.00156019 0.000677587 -0.0013792 -0.00228011 0.00269587 -0.0012688 -0.00255197 0.00333434 -0.000608448 0.00585253 0.00322169 0.00730871 0.00397777 -0.00605646 -0.009056 -0.00152709 0.00314152 -0.00283531 -0.000393458 9.93353e-05 -0.00928408 0.00250128 -0.00292588 -0.00227512 0.000685442 -0.000602776 -0.00248581 -0.00172246 0.0122307 -0.00215164 0.00569423 -6.86682e-05 -0.00678007 0.00190867 0.0018288 -0.00201689 -0.00439256 
-0.0236058 0.00996944 -0.00389491 0.00321979 -0.000930177 -0.0100168 0.000289852 0.00322029 -0.00293686 0.00672835 0.0309874 0.0127804 0.0154082 -0.00872333 -0.000392891 0.029793 0.0172939 0.00431997 -0.0128968 -0.00703349 -0.0102287 0.230976 -0.0264594 -0.0338501 0.00743072 0.00409121 -0.0107238 -0.0310334 -0.0118089 0.0180054 -0.000504638 -0.00362656 0.0145309 -0.0167607 -0.0176507 -0.0179943 0.0094172 0.000100922 0.0287751 -0.00514421 0.0201958 0.0130269 -0.0194756 0.00349153 -0.00423594 0.00415778 0.0391175 0.0107305 -0.000705958 -0.00418084 -0.000266494 0.000152017 0.00272606 0.00255534 -0.000953551 -0.00541167 -0.000851862 -0.00859103 -0.00464903 -0.00438145 -0.00341767 -0.00575169 -0.0168866 0.00913316 -0.00174299 -0.0143737 0.00210996 -0.0359086 0.034679 -0.0135504 -0.0289864 -0.00371968 -0.0173337 -0.0153399 -0.0200791 -0.0023776 0.0316407 0.0429697 -0.0079405 -0.0206623 -0.0146542 -0.0113037 0.00494374 0.0578079 -0.00491205 0.0243081 -0.0125222 0.00392382 -0.0179281 -0.0155656 -0.00113138 -0.0595422 0.00026739 -0.0174009 -0.0106263 -0.0130999 -0.0027398 -0.0175406 -0.0136113 -0.0247062 
0.00221629 -0.000906402 0.0124909 -0.00789204 -0.000572766 -0.00294628 -0.000190793 0.00579011 0.000463421 -0.00472966 -0.0237251 -0.00313036 -0.00703442 0.0128887 -0.0212978 -0.0178648 -0.0125365 -0.00788262 -0.00366811 0.0142682 -0.00196075 -0.0264594 0.109583 0.0382192 -0.00330285 -0.000563413 0.00110732 0.00568211 0.00188765 -0.0372809 0.00747697 0.00324654 -0.00924452 -0.0174315 -0.00622941 0.00995035 -0.000898408 -0.00766038 -0.00911554 0.00348535 -0.013493 -0.00864229 -0.00604631 -0.00113673 -0.000407965 -0.0103222 -0.0372447 -0.0139707 0.00789457 -0.00575337 0.0088945 -0.00278791 0.00425542 0.000322206 -0.000690151 -0.00068192 0.00256255 0.00594997 0.00654438 0.0129008 -0.0307972 0.0019268 0.00550512 -0.00332107 0.00218177 0.0063761 0.0114384 0.014779 -0.0145907 0.0117791 -0.00822922 0.00782188 -0.00439955 -0.0053676 0.0244233 -0.011962 -0.0107082 -0.0267019 -0.00168217 -0.0105013 -0.00241822 0.000786175 -0.00304431 -0.0195899 0.00474491 -0.000479895 0.0186217 -0.00714237 0.0109036 0.00165062 -0.00714333 0.00698891 0.0103077 -0.00450764 0.00272329 0.036862 0.00303779 0.00327896 0.0105971 0.0334741 
0.0259213 0.000987943 0.00705699 -0.00985292 -0.00155071 -0.00760143 0.00264098 -0.00444599 0.000466987 -0.00290125 -0.0222949 0.000564778 -0.00995335 0.0166058 2.74725e-05 -0.0436392 0.00928897 -0.0129771 -0.0146647 0.0175477 0.00162946 -0.0338501 0.0382192 0.119922 -0.00450652 -0.0043133 0.00257634 0.0131864 0.00672176 -0.0349319 0.00752788 0.000827505 -0.0107655 0.012796 -0.00291404 0.0195428 0.00250274 -0.0024286 -0.00896585 0.00123038 -0.0107151 -0.00513936 -0.0261341 0.00055077 0.00482908 -0.0111874 -0.019072 -0.028605 0.00310467 -0.00124905 0.0105328 -0.00460797 0.0085635 -0.000278505 -0.000308046 -0.00036641 0.00302616 0.0111639 0.00666629 0.0187331 -0.0239554 0.00290441 0.0203479 -0.00274905 0.00266649 -0.0023976 -0.00152193 -0.0110298 -0.0164586 -0.019655 -0.0220768 0.00750263 0.000470173 -0.0111652 0.0519737 -0.0100214 -0.0195039 -0.0302034 -0.00655545 0.00415505 -0.0147433 -0.00191004 -0.00333418 -0.0286959 -0.00349858 -0.00204139 0.012518 -0.0114564 0.0300499 -0.00196065 -0.00456205 0.00298027 0.00649137 -0.00427013 0.00209166 0.0514064 -0.00288416 -0.00483585 -0.0015595 0.0327469 
0.00838247 0.000122559 0.00169628 -0.00191842 0.000361234 -0.00289843 0.00109832 -0.00741362 0.000525509 -0.00981499 0.000275188 -0.0192936 -0.00750017 -0.00311317 -0.000455759 -0.00647563 0.00887136 -0.000688647 -0.00736371 -0.0019739 0.00566448 0.00743072 -0.00330285 -0.00450652 0.0892081 -0.0018883 -0.00356426 -0.00468884 -0.00108465 -0.00336129 -0.00185763 -0.00204311 0.00787386 0.0100262 -0.00378776 -0.00310805 -0.00196527 0.0119111 0.00645567 -0.00131456 0.0207556 0.0105244 -0.0107647 -0.00378804 0.000612347 -0.00160456 0.000333398 -0.015184 -0.00284807 -0.0027534 -0.00862113 0.000356177 -0.00195178 0.000796283 0.00100901 -0.00206706 0.00224956 -0.00520743 0.00657697 0.00170456 -0.00398294 2.9915e-06 -0.00587868 0.000508371 -0.000242105 -0.00122633 -0.00136247 0.00625932 0.00783889 -0.0161056 -0.00793375 -0.000448085 0.0114688 0.00161355 0.0108257 0.00260942 0.0111001 -0.00775458 0.00634612 0.0126322 -0.00555343 -0.00462792 0.00158227 -0.01067 0.0024368 -0.00418118 -0.00175636 0.00453092 0.000562803 -0.00429555 -0.00307512 -0.02003 -0.00237617 -0.00141618 -0.00237109 -0.00633431 -0.00489669 -0.00306417 -0.00631315 0.000929206 
-0.00243211 -0.00307201 -0.0012543 0.00380608 -0.000752928 -0.00256434 -0.000893372 -0.00331662 0.000463287 -0.00382021 -0.00279818 0.00199238 -0.000788723 -0.000333735 -0.00417886 0.00193679 0.00277987 0.00123664 0.000244283 -0.000402325 -0.00044483 0.00409121 -0.000563413 -0.0043133 -0.0018883 0.0428645 -0.000801075 -0.00225892 -0.000974473 -0.0068246 -0.000370252 -0.000304787 0.00288605 -0.0042964 0.000688301 0.0020672 0.00165119 -0.000309996 0.00108609 0.000674426 0.00143125 0.00616402 0.00463224 -0.000251053 0.000160748 0.004606 -0.00536194 0.00133847 0.000429303 0.00334863 -0.00145818 -0.000645452 -0.000376034 0.00180187 0.000125535 0.000410621 -0.000868459 -0.000629919 -0.000242891 -0.000476564 -0.00515189 0.000287418 -0.000972346 2.9869e-05 -4.63887e-05 0.000291459 -0.00158186 0.000958397 -0.00250736 0.00223377 -0.00274675 0.00257432 -0.000531109 -0.0012761 -0.00379883 0.00608485 0.00310201 0.00301734 -0.000309711 -0.00178743 -0.00125621 -0.00239179 -0.0020569 0.000968694 -0.000284258 -0.0019323 -0.00268853 -0.00217797 -0.00229704 -0.000206107 -0.000233473 -0.00424448 -0.00221805 -0.00240115 -0.00137062 -0.00121794 -0.00375479 -0.00202675 0.00192457 -0.000653007 
-0.00227858 -0.0013564 3.78697e-06 -0.00335032 -0.000499222 -0.000711672 0.000602457 -0.00343248 9.11176e-05 -0.0076713 -0.00914774 -0.00562021 0.00445901 0.00117581 -0.00317098 -0.0142548 -0.0196865 -0.00237643 0.00628523 -0.000236344 0.000889229 -0.0107238 0.00110732 0.00257634 -0.00356426 -0.000801075 0.0435265 0.0117902 0.0164037 -0.0108956 -0.00149327 0.00378717 -0.00367112 -0.00639349 0.00493241 6.99934e-05 -9.77986e-06 -0.00421595 -0.00206841 4.74816e-05 -0.00441006 -0.00238414 -0.00943225 0.00843922 -8.44042e-05 -0.00308547 -0.00395528 -0.000123041 -0.00125135 -0.00247855 0.0164921 0.00021371 0.000335365 -0.000464647 0.00099123 0.00029545 0.0039699 0.00200257 -0.000365657 -1.5164e-05 -0.00745942 0.00013129 0.00674424 -0.000738089 0.000236378 0.00191902 -0.000406474 0.000665087 -0.00613365 0.00733179 -0.00402933 -0.000872777 -0.00149329 -0.00415074 -0.000169122 -0.00142444 -0.0069574 -0.00844988 -0.00111609 -0.00168502 -0.00250581 0.0168743 0.00187282 -0.00849778 0.00784632 -0.00221282 -0.0030739 -0.00359304 -0.00341949 -0.000297878 0.00215327 0.00856061 0.0102722 0.00239659 0.00304091 -0.00286511 0.00121065 0.00366898 0.00222731 0.00959216 
0.0134902 0.000705541 -0.00554896 -0.000957476 -0.0046303 -0.00679115 0.00733481 -0.0353997 0.000147628 -0.0267091 -0.00432229 -0.0344696 -0.0117026 0.00600782 0.0329376 -0.0101374 -0.0411024 -0.00830341 0.0225064 -0.00244966 0.0095443 -0.0310334 0.00568211 0.0131864 -0.00468884 -0.00225892 0.0117902 0.147958 0.0105087 -0.0163285 0.00061519 0.00202235 -0.0124071 0.0305722 0.00824245 0.0010666 -0.00334293 -0.0057184 -0.0113257 0.000372081 -0.02216 -0.0111578 0.0100069 0.0027193 -0.00160161 -0.00598034 -0.0163062 -0.0151926 0.000980126 0.00459119 0.0201405 -0.0053403 -0.00326975 -0.0008219 -0.000137319 0.00419384 0.00188845 -0.00315577 -0.00114372 0.00220076 0.00309247 -0.000468331 0.00699728 0.00405734 -0.000558974 -0.00389201 -0.00858244 0.00269031 0.00232829 0.00214083 0.00645144 -0.0037814 0.00533233 0.00468203 0.00623359 -0.00946764 -0.0269106 -0.011128 -0.00536222 -0.00736386 -2.74859e-05 0.013223 -0.00482546 -0.0282211 0.00139019 -0.0126925 -0.0139331 -0.00296554 -0.0049762 -0.00221326 -0.00866721 0.0581508 0.00529674 0.0144121 0.000374994 -0.00672632 -0.00381539 0.00333217 0.00739887 0.0134782 
0.00495845 -0.00402924 -0.000310155 -0.00534165 -0.00144233 -0.000900459 0.00213003 -0.00694278 -0.000187709 -0.0130786 -0.0107091 -0.0104994 0.0107253 0.00354016 -0.00439194 -0.0271806 -0.0204602 -0.00158469 0.00282197 5.36421e-05 0.00411429 -0.0118089 0.00188765 0.00672176 -0.00108465 -0.000974473 0.0164037 0.0105087 0.063562 -0.0169559 -0.000989891 0.00547834 0.00118662 -0.0120321 0.00276775 -0.000724273 -0.00212781 -0.00372631 -0.00524854 -0.000658156 0.00182213 0.000184758 -0.0177189 0.0149708 0.00331419 -0.00541672 -0.0121953 -0.00704834 -0.00192919 -0.00395765 0.0173507 -0.00180632 0.000899327 -0.000444904 2.55024e-05 -0.00010375 0.00445849 -0.00015858 0.00221026 0.000516363 -0.0176922 0.00498153 0.00479427 0.00478255 0.000207915 0.00159624 0.000826569 -0.00492468 -0.00637879 -0.000202492 -0.00260516 0.000394085 -0.000716121 -0.00564836 0.0120578 -0.00204975 -0.00215348 -0.00969364 -0.000116901 -0.00253948 -0.00331331 0.0185003 -0.000346226 -0.00300138 0.0152666 0.00154606 0.00127272 -0.00415835 -0.00398386 0.00191 -0.00255767 -0.000893159 0.0187279 0.00301426 0.00152986 -0.00113336 -0.000823967 0.00251862 0.00172248 0.0108392 
-0.00811608 -0.0175184 -0.0154977 -0.010379 0.00506215 0.00315084 -0.00417656 0.0142979 -0.00487797 0.0439186 0.0646361 0.00506448 -0.0335894 -0.0123254 0.0592149 0.0461425 0.0377781 0.0134549 -0.0197905 -0.0117749 -0.00356978 0.0180054 -0.0372809 -0.0349319 -0.00336129 -0.0068246 -0.0108956 -0.0163285 -0.0169559 0.226553 -0.0094349 -0.00899551 -0.00105232 0.00677639 -0.0108371 -0.0149218 0.00141896 -0.0112471 0.0153387 -0.00239544 0.00290199 -0.000429871 -0.0127054 -0.023954 -0.0102652 0.0112322 0.0929783 -0.0339855 -0.00149012 0.0115025 -0.0357431 0.0115535 -0.00463802 0.000685812 -0.00254338 -0.00150618 -0.00259146 -0.00294228 -0.01241 -0.0109681 0.0731572 -0.00606973 0.0121505 -0.000721419 -0.00181982 -0.00260351 -0.0106624 -0.0384907 0.0101986 -0.0483686 -0.0162839 -0.00441552 -0.00536912 0.0085414 -0.0380229 0.00199984 0.00782839 0.0497184 -0.00854636 0.0166627 0.0292249 -0.0218103 0.0128512 0.0238241 -0.0180311 0.00325467 -0.0214697 0.00310093 -0.0175901 -0.00186047 0.00573645 -0.0280312 -0.0294115 0.00539605 0.00618221 -0.0623629 0.0260826 -0.0161039 -0.0230478 -0.0832334 
0.0044053 0.0152891 0.00667383 -0.00182059 0.00125915 0.00104551 0.00232366 0.00188045 -0.000138624 -0.00590547 -0.00805524 -0.00825745 0.00540726 -5.17744e-05 -0.00652546 -0.0160383 -0.00118511 -0.00238164 -0.00356792 0.00449725 0.00131566 -0.000504638 0.00747697 0.00752788 -0.00185763 -0.000370252 -0.00149327 0.00061519 -0.000989891 -0.0094349 0.0399138 -0.000473067 0.00138824 0.00271321 -0.00246004 0.000549586 0.00148944 -0.000517661 -0.000107478 0.000218582 0.00616838 -0.000413141 -0.0102522 0.00544891 4.44333e-05 -0.00147015 -0.0105787 -0.00755375 0.000510135 0.000297784 -0.00221921 6.80305e-05 0.000302521 0.000230794 0.000475419 0.000401349 0.000183889 -0.00137748 0.00123017 0.00518793 -0.00897195 0.000135293 -0.00222432 0.00151723 0.00110498 -0.000550491 0.00421674 -0.00435686 -0.00529451 -0.00706368 -0.00375369 -0.000456479 0.00267351 0.000324446 0.0113552 -0.000270412 0.000153578 -0.00724867 0.00140994 -0.00335661 -0.00343429 -0.00262246 0.00292363 -0.00897635 0.000687125 -0.000712152 0.0109379 -0.00280352 0.017385 -0.00193388 -0.00294615 -0.010322 0.000743295 -9.27307e-05 -0.001108 0.0135352 -0.00498046 -0.00222278 -0.00256878 -0.00137058 
-0.00111214 -0.00127268 0.00108197 -4.46028e-05 -0.000749208 -0.000739378 -1.90452e-05 0.000489317 0.00123595 -0.00202103 -0.0042268 -0.00129155 0.00175698 0.00213865 -0.00882462 -0.00599627 -0.00765513 -0.00150367 0.000570758 0.00209589 -0.000361578 -0.00362656 0.00324654 0.000827505 -0.00204311 -0.000304787 0.00378717 0.00202235 0.00547834 -0.00899551 -0.000473067 0.0314357 -0.00257861 -0.00208967 -0.000545749 0.00128205 0.000791744 -0.00149642 -0.00129734 -0.0004843 -0.00229198 -0.00109826 -0.00528232 0.00246096 -1.23066e-05 -0.00285203 -0.00364794 0.000226845 0.00144127 -0.00205345 0.00244884 -0.000875708 0.000786198 -0.000363783 -0.000115616 -5.98134e-05 0.00226712 0.0012891 0.00120669 0.0027094 -0.00609769 -0.000481478 0.00338614 -0.000700067 0.000457363 0.00527929 0.00331063 -0.00134396 -0.00211812 0.00363358 -0.00310727 0.000418937 -0.00134534 -0.00182863 -0.000160828 -0.00184053 -0.00324843 -0.00638343 -0.00120269 -0.00161757 -0.00109606 0.00639491 -0.00150806 -0.00416711 0.00427864 -0.000862188 -0.000654673 -0.0025261 0.00089406 -0.000807914 -0.000457848 -0.00253998 0.00311707 0.000241116 0.00737871 0.00440703 0.00100482 -0.00053126 -0.00126317 0.00901684 
-0.00643034 0.00856874 0.00339193 -0.0102989 0.00305117 0.00542822 -0.000462289 0.0231952 -0.000311882 -0.0108332 0.00391977 0.000401883 0.0244786 -0.00398511 -0.00666539 -0.00238694 0.0073819 -0.0018412 -0.00728908 -0.00516059 -0.00280308 0.0145309 -0.00924452 -0.0107655 0.00787386 0.00288605 -0.00367112 -0.0124071 0.00118662 -0.00105232 0.00138824 -0.00257861 0.0933018 -0.0124959 -0.00252001 -0.00455246 0.00522462 0.0204804 0.0018994 -0.00139078 0.0183193 0.0029199 -0.0188868 0.00655833 0.00141217 -0.00514915 -0.0102103 -0.00899794 -0.00395766 -0.000551607 -0.00257839 0.000636389 -0.00853219 9.38799e-07 0.00126874 0.000826085 -0.00166099 -0.00198769 -0.000472124 -0.00384913 -0.0122124 -0.00051791 -0.0104945 0.00401256 -0.000770308 -0.000604186 0.00311502 -0.0076475 0.00159712 -0.0189854 0.00237426 -0.00136706 -0.00257229 -0.00618145 -0.00107727 0.00154617 0.0169819 0.00673946 0.0116581 0.00404829 -0.00283651 -0.00438192 0.00362364 0.0140094 -0.000202194 0.00107699 0.005257 0.00884473 -0.00593631 -0.00595095 -0.00112441 -0.0276633 0.00638521 -0.00592782 -0.0040844 -0.011059 -0.0158952 -0.00446387 -0.000434627 -0.0134299 
0.0146925 0.00539942 -0.0103737 -0.0132829 -0.00488514 0.000931326 -0.00313271 -0.0464447 0.00508793 0.00517913 0.0292112 -0.0468621 -0.0220557 -0.00599436 0.0166892 -0.00688918 0.0350048 -0.0153367 0.0406732 0.00633668 0.00858614 -0.0167607 -0.0174315 0.012796 0.0100262 -0.0042964 -0.00639349 0.0305722 -0.0120321 0.00677639 0.00271321 -0.00208967 -0.0124959 0.20574 0.00551803 -0.00584623 0.000577071 0.0105726 -0.00254183 0.000634338 -0.0202595 -0.00956993 9.34157e-05 -0.0111906 -0.000411895 -0.0138751 0.0369947 -0.042849 -0.00395868 0.0128591 -0.0214799 -0.00706777 0.000449552 -0.00219029 0.000759947 0.00327807 0.00264003 0.00834102 -0.00145272 0.0182334 0.0647945 -0.00295638 0.0172477 -0.00185782 0.00108111 -0.00762262 -0.0140798 -0.00544606 0.0124033 -0.0544492 -0.0132732 -0.001704 0.0276852 0.00763786 0.0170928 -0.00835164 -0.0414792 -0.00495816 -0.00986818 0.0248872 0.000708696 -0.0161974 -0.000307595 -0.0482404 -0.0132372 -0.0255641 -0.0135403 0.0140757 0.0248842 -0.0082131 -0.00969258 0.0154849 -0.022021 -0.001008 0.00089213 0.000741855 -0.0171882 -0.0109645 -0.0176091 -0.00770411 
-0.00280372 -0.00471111 -0.00286536 0.00563628 -0.00256795 0.00194617 -0.00204992 -0.0169508 0.000224638 -0.00351089 0.00474379 -0.00386148 -0.00525846 -0.00257589 -0.00783818 0.0010195 -0.00237547 -0.00610174 0.006287 -0.000121101 0.00134392 -0.0176507 -0.00622941 -0.00291404 -0.00378776 0.000688301 0.00493241 0.00824245 0.00276775 -0.0108371 -0.00246004 -0.000545749 -0.00252001 0.00551803 0.0698168 0.00821653 -0.00311445 0.000329032 -0.0040279 -0.00024219 -0.00767214 -0.00151556 0.0220993 0.000257874 -0.000934136 0.00763219 -0.0130377 0.0113933 -0.00153894 -0.00361765 0.00488644 -0.00187591 -0.000860788 -0.00129992 -0.0004761 -0.0022387 2.28525e-05 -0.000978568 -0.0016226 -0.00322894 0.00915052 0.00474154 -0.00675033 -0.00209023 -0.000397212 -0.00180269 -0.00298775 0.00907731 0.00349918 0.0125029 0.00314495 -0.000854627 0.00667522 0.011203 -0.00960708 0.007483 -0.0103451 -0.00745445 0.00124687 -0.00423896 -0.000963456 0.000690734 -0.00426378 -0.0131792 0.00268426 -0.00636455 -0.00865035 -0.00149048 -0.00751408 0.00272711 -8.61984e-06 0.013691 -0.00144208 0.00724574 -0.000328503 -0.00903783 -0.00478329 0.00542633 0.00137813 -0.00719849 
