0.21578 -0.0102196 0.0012211 0.0179287 -0.0418268 0.0242134 0.0349288 0.00074057 0.0135705 -0.0157238 -0.0117471 -0.00634719 0.0228569 -0.00725477 -0.00508609 -0.00313989 -0.0434317 0.00102501 0.0468708 -0.00554642 0.0101187 0.00828164 -0.0082397 0.00188312 0.0170042 -0.0168091 -0.0141369 -0.054447 -0.0419495 -0.0397393 0.00332105 -0.0094387 -0.00987899 0.000447106 -0.00729021 -0.000206987 0.0393721 0.000647217 -0.0104352 -0.00024789 -0.00893632 0.00910431 0.0192724 -0.0174497 -0.0125666 -0.0144635 0.00603984 -0.0253206 -0.00034981 -0.00155056 0.0146947 -0.00051902 -0.0118877 -0.0190609 -0.00762978 0.00105087 0.0125256 -0.0243421 -0.00758402 -0.0618297 -0.00146885 -0.0058787 0.0103417 -0.00300761 0.0128509 0.0109193 0.00820736 0.0147276 -0.00653093 0.0534484 0.00294704 0.031687 0.0254373 0.00764587 -0.00503666 -0.00748762 -0.00285654 -0.0595443 -0.000159018 -0.0149033 0.000609222 -0.022066 -0.00275117 0.0143256 -0.0311368 -0.00672014 0.015641 -0.00589288 -0.00546673 0.0167475 0.0229074 -0.0309603 -0.00271616 0.000565988 0.0241761 0.0353701 0.00220658 0.00947956 -0.00340208 -0.0485214 
-0.0102196 0.190268 0.00395807 -0.0109301 -0.0275538 -0.0146474 0.0568774 -0.000846488 0.0249722 0.0340145 -0.0108718 -0.0322872 0.0176652 -0.00483706 0.0436499 -0.00352284 0.046958 -0.00238954 -0.0225937 -0.0149277 -0.00362744 -0.000645158 -0.00931936 -0.00431554 0.00700058 -0.0180862 0.0165071 0.0493753 -0.00889019 0.0417586 -0.0136332 0.00111716 -0.0081765 -0.00179947 -0.000780668 -0.0226732 -0.0060809 -0.00273549 -0.00822274 -0.000845658 -0.0203792 -0.0163606 -0.026017 0.0929172 -0.0172065 -0.0122118 -0.0199591 0.0658969 7.26851e-05 -0.00209215 -0.00879091 -0.0051973 0.017035 -0.0207054 -0.00823491 -0.00573028 -0.0337511 -0.0207626 0.00819505 0.0178152 -0.0177046 -0.0109102 -0.00558515 -0.0299319 0.00224413 -0.00891 -0.0209512 -0.00769281 -0.00964506 -0.0259952 -0.00804381 -0.00345232 0.00358454 -0.00672041 -0.0133789 -0.00351676 -0.00688027 0.00742735 0.0149064 -0.0256681 -0.010895 0.0171083 -0.021324 0.0147718 -0.0197886 -0.00308879 -0.0111539 -0.00942538 0.00927046 0.0170994 -0.00568597 0.00267206 -0.00364824 -0.000838556 -0.00897564 -0.0749248 0.000400031 0.0202024 -0.00297996 0.0148326 
0.0012211 0.00395807 0.0392741 -0.00106141 -0.003998 0.000957634 0.00746746 0.000197482 -0.00706924 -0.00263378 0.00755451 -0.00442649 -0.00340833 -0.00158914 -0.000606761 -0.00104427 0.000423377 0.000968851 -0.000351574 -0.0031075 0.00165329 -0.000798206 -0.00147172 -0.00142555 0.00127941 -0.0023758 0.0025875 0.00320603 0.000254696 -0.00676412 -0.000410862 0.000226739 -0.00132536 0.000593468 0.000689839 -0.00252001 -0.00113206 3.88868e-05 -0.00135614 0.000271605 -0.0010453 -0.00159315 0.00621084 0.00994563 -0.00104743 0.000693871 -0.000240349 0.00178824 -0.000198995 0.000576638 0.000371147 0.000883618 -0.00308372 -0.00296399 1.09802e-05 -0.00274082 -0.00124593 0.00579243 0.00102705 -0.000205663 -0.00043281 -0.0014541 0.00185027 -0.00319182 0.00308892 0.000999236 -0.00171456 -0.000520965 0.000159698 -0.00315953 -0.000408545 -0.00131346 -0.000888349 0.00279187 9.1672e-05 0.000101574 0.000581571 -0.0103917 -0.00250322 -0.0069364 -2.69293e-05 0.000532862 -0.00293862 0.000130777 -0.00433294 -0.000727683 0.000483255 -0.000837697 0.00186679 -0.00899389 0.00322492 0.000781448 -0.000830336 -0.000107643 0.00353923 -0.00759558 -0.000123649 0.00162641 -0.000366171 0.00106327 
0.0179287 -0.0109301 -0.00106141 0.0989138 -0.00737154 0.0197553 0.0258164 0.00163461 -0.00341456 -0.0275271 0.00502493 0.00116608 -0.00165638 -0.00573877 -0.0179258 -0.00314684 -0.0259644 -0.00102855 0.00965249 -0.00660169 0.002576 0.00572419 3.3731e-05 -0.00327242 0.00141253 -0.00721459 -0.00396882 -0.035195 -0.00852078 -0.0295967 0.00478695 -0.00425283 -0.00629983 -8.08645e-05 -0.00376016 0.011245 -0.00699314 0.000795259 -0.00532088 2.34249e-05 0.00613796 0.00260418 0.0212717 -0.0126978 0.0140904 -0.00690997 0.00300545 -0.024316 0.000446992 -0.00124794 -0.000154682 0.000536642 -0.0137882 -0.00950826 0.006137 -0.000938688 0.0240355 0.0200834 0.000393343 -0.00800095 0.0049315 0.0101937 0.000825205 -0.00681892 0.00109416 -0.00117551 0.00316125 -0.00164558 -0.0029615 -0.00101598 -0.000376135 0.000452406 -0.000150374 0.00590639 0.00859074 -0.00468425 -0.00028584 -0.0047668 0.00418213 0.00648853 -0.000245772 -0.00841423 -0.0117279 -0.00658763 -0.00999841 -0.00881034 -0.00420342 0.00478387 -0.00163508 -0.0010689 0.0161564 0.0106663 -0.00160566 0.00145824 -0.00524107 0.0246782 0.00102549 -0.00738076 0.00209835 -0.016719 
-0.0418268 -0.0275538 -0.003998 -0.00737154 0.184902 0.00997889 -0.0191468 -0.0106635 0.0104343 -0.0113625 -0.0209925 0.0164414 -0.0176032 -0.00787588 -0.0150637 -0.00376394 -0.00492033 -0.00131114 -0.0127628 0.00866975 -0.00228081 0.00161436 -0.00599151 -0.0104591 -0.00954458 0.0182472 -0.0193646 0.00958047 -0.0196207 0.0182511 0.00821581 -0.00470541 -0.00722796 3.33956e-05 0.00617648 0.0215055 -0.014494 -0.000999126 0.0225471 -0.000300782 -0.00785263 0.00199386 -0.0235298 -0.0288139 -0.0107899 0.0126142 -0.0133929 -0.0382594 0.000547813 -0.000247314 -0.00768434 -0.00250304 0.0243149 0.0157828 -0.00162615 6.51466e-05 -0.00874003 -0.00555726 -0.00220215 0.00589806 -0.00807301 -0.0423743 -0.0040322 0.0191629 -0.00832499 -0.0033798 -0.0168751 -0.00716618 0.0172522 0.00502688 0.0017584 -0.00460226 -0.0140459 -0.0113994 -0.0014449 -0.00173194 0.000823704 0.0579686 -0.00948269 4.81327e-05 0.00652365 0.0022805 0.0116677 -0.00463606 0.06111 0.0145616 -0.00160837 0.0156486 -0.00786472 -0.013891 0.00530504 0.00290342 0.002774 -0.000478405 -0.0028378 0.0359844 -0.00676081 -0.017235 0.00112044 -0.0190864 
0.0242134 -0.0146474 0.000957634 0.0197553 0.00997889 0.113202 0.0167492 0.00507057 0.0120409 -0.0175765 -0.00505375 0.0366591 0.00081837 -0.00641745 -0.00732637 -0.00264146 -0.0276493 0.00159588 0.00216669 -0.00585058 0.00259823 -0.0042765 -0.00829897 -0.000659988 -0.000166171 -0.00486253 -0.00103469 -0.0280162 -0.00367264 -0.0142202 0.00894126 -0.00517971 -0.00746472 0.000634084 -0.00402878 -0.000442049 -0.00726348 -0.00135526 0.0061343 -0.000340105 -0.00305342 0.000778878 0.0117366 -0.0202957 0.00334601 -0.00196379 0.00911432 -0.0222284 0.000140425 -0.000595111 -0.00392997 0.00450341 0.0101701 0.00611194 0.00477646 0.00837224 0.00234408 -0.0148614 -0.00138378 -0.0179306 0.00612691 -0.0155332 -0.00256563 -0.00218177 -0.000985829 -0.000404562 -0.000322363 -0.00121647 -0.000312607 0.00215531 0.00309507 0.0186921 -0.00523808 0.000583173 -0.00115283 -0.00438841 -0.00493696 0.000522231 -0.000209496 -0.016365 0.00344737 -0.0079673 -0.00791747 -0.00571265 -0.0043194 -0.00811235 -0.00184765 -0.00125678 -0.00316026 -0.00856861 0.0246237 -0.00593216 0.0089756 -0.0003485 -0.00174703 0.00535094 0.00667498 -0.0116896 0.000318823 -0.0143971 
0.0349288 0.0568774 0.00746746 0.0258164 -0.0191468 0.0167492 0.232384 -0.00771403 0.0225677 -0.021383 0.000713465 0.00810341 0.0240214 -0.0074436 0.0266832 -0.00601416 -0.0176051 -0.00527471 -0.0043747 -0.00479277 -0.00920971 -0.00913133 -0.0146242 -0.0229192 0.0077429 -0.0385789 0.00247595 -0.0191876 -0.0217163 0.00861233 -0.00251097 -0.0178568 -0.0296706 -0.00230384 -0.0107547 0.0010254 -0.00528038 -0.00168306 -0.017944 -0.00110421 -0.000234115 -0.020421 -0.00964721 0.0619975 -0.00399891 -0.0188433 -0.0267807 -0.0235274 0.000714067 -0.0037763 0.000533063 0.00105046 0.0112485 -0.0214106 0.01058 -0.0019968 0.0141006 -0.00337414 0.0125595 -0.0132489 -0.0174926 -0.00415646 -0.00579091 -0.0194827 0.0242293 -0.0223006 -0.0100058 0.00219492 -0.0111292 -0.00866493 -0.000419398 0.0157971 0.0128064 0.000918032 0.0145457 -0.0143314 -0.0057873 0.013007 0.0135955 -0.0455919 -0.0088232 -0.015146 -0.0387386 0.00673209 -0.0271447 -0.0227291 -0.0150518 0.00363171 0.00400106 0.00340944 0.0471693 0.0170502 0.00557068 -0.00202217 0.00365212 0.00342754 0.000416087 0.00426309 -0.00131648 -0.0237605 
0.00074057 -0.000846488 0.000197482 0.00163461 -0.0106635 0.00507057 -0.00771403 0.0529645 0.0032941 0.00704085 -0.0021524 0.00362161 0.0086192 0.00184426 0.00294785 0.000431111 -0.00495666 0.000887012 -0.00112138 -0.000725401 0.0017735 -0.00210422 -0.000363673 0.000860305 -0.00120588 -0.00783798 0.000522216 -0.00250729 0.00210308 0.00347768 0.00678301 0.000773684 0.00400667 0.00119802 0.00277558 -0.0031377 -0.00336726 -0.000254072 -0.00478927 0.000395601 -0.00731192 -0.00375464 -0.00288851 0.000934487 -0.00133563 0.00157318 0.012688 0.0038743 -0.000311908 0.000747379 0.0022453 0.000757295 -0.00622392 -0.00179668 -0.00241206 7.13e-05 -0.00260203 -0.0039523 -0.000230225 -0.00305545 0.00291216 -0.00469487 0.00201218 -0.00355474 -0.00144802 -0.000365547 -0.00405096 -0.00190998 -0.00175628 -0.006143 -0.0031973 0.00105037 0.00278859 -0.0016477 0.000803455 -0.000517844 0.00253401 -0.0113814 -0.00235817 -0.00441728 0.0019259 0.000187888 -0.00140519 -0.00283882 -0.00651821 -0.00519806 -0.00114841 -0.00236719 0.00157162 -0.00497686 0.000975461 -0.00158735 0.00206212 0.000415712 -0.00258618 -0.00317604 0.00391721 0.0039206 -0.000107124 0.00504349 
0.0135705 0.0249722 -0.00706924 -0.00341456 0.0104343 0.0120409 0.0225677 0.0032941 0.214055 -0.00638387 -0.0240135 -0.0119177 0.0165626 -0.0172001 0.0429074 -0.00257575 0.0512047 0.00095446 -0.00917614 0.00599837 0.00477796 -0.00248942 -0.00676855 0.0156261 -0.000866207 -0.0071136 -0.0196574 0.024579 -0.0509947 0.0283262 -0.0044693 -0.0151711 0.00312836 0.00110726 -0.00345372 -0.015422 0.00100005 -0.00391743 -0.0221821 -0.000698655 -0.0295892 -0.0125616 -0.0343131 0.0178183 -0.0194565 -0.00606053 -0.00881812 0.00742409 7.26442e-05 -0.00250086 -0.00758714 -0.00133414 0.0118266 -0.0128649 -0.00749017 0.00725205 -0.0209901 -0.0315435 -0.000128551 -0.0187022 -0.0208572 -0.0440837 -0.00245238 -0.00338181 -0.00250158 -0.0163013 -0.0196247 -0.00532838 -0.00553843 0.0050267 -0.00196488 0.00484116 0.0081899 -0.0122826 -0.00783293 -0.0111083 -0.00722062 0.0262916 0.0260442 -0.0133437 -0.00587659 -0.00337255 0.00280104 0.00425807 0.00649852 -0.0108586 -0.00191961 -0.000813644 0.00811746 0.0300352 0.00902121 -0.00648291 0.00876768 -0.00189212 0.00262795 -0.00860113 -0.00935646 0.00019326 -0.00333838 -0.00898469 
-0.0157238 0.0340145 -0.00263378 -0.0275271 -0.0113625 -0.0175765 -0.021383 0.00704085 -0.00638387 0.220831 -0.00311776 -0.0119413 0.017907 0.000635117 -0.00336386 0.00516289 0.0142404 -0.00482476 -0.0142793 0.0016535 -0.00663069 -0.0133401 -0.00583888 -0.0159588 -0.000725016 -0.0106088 0.0163634 0.032425 0.00377009 0.0406003 -0.00512186 0.0115835 0.0106128 -0.00283212 -0.000653614 -0.019497 -0.00183232 -0.00480999 0.0237547 -0.00141337 -0.0180248 -0.00818958 -0.0242656 -0.00349132 -0.0131667 0.0122485 0.0076002 0.0577149 0.000478569 0.00192414 0.00281545 -0.00423297 0.0590915 -0.0175867 -0.012616 -0.0112457 -0.0280801 -0.0245788 -0.00271201 0.0253547 -0.00179013 -0.0163702 -0.00385073 -0.0195032 -0.0101314 0.018622 -0.0178292 -0.0088729 -0.00819332 -0.0332933 0.00291596 0.00680365 0.00654015 -0.0127501 -0.0193433 0.00707807 -0.00782763 -0.0259916 -0.0195225 -0.0208552 -0.0171159 0.03087 0.00910362 0.0150666 0.00511785 0.0095164 -0.00764052 -0.00952297 -0.00186429 0.0225313 -0.0146788 -0.0183427 0.000580173 -0.00125517 -0.00340807 -0.0552978 0.00685301 0.00134458 -0.00140438 0.00345866 
-0.0117471 -0.0108718 0.00755451 0.00502493 -0.0209925 -0.00505375 0.000713465 -0.0021524 -0.0240135 -0.00311776 0.138179 -0.0148851 -0.0185835 0.0155093 -0.0189508 -0.0021246 -0.0113022 0.00233796 0.00785698 -0.0155366 -0.00074699 0.003981 0.015779 -0.00378398 0.00701884 -0.0111819 0.0108474 -0.0235293 -0.000974486 -0.0650626 -0.0102048 -6.03188e-05 0.00302997 -0.0009562 -0.00220056 0.000385722 -0.00330231 0.00180838 0.0047947 -0.000124074 0.00780502 0.00478354 0.0514345 -0.00925448 0.0263228 -0.00640669 0.000756466 -0.0152176 -0.000378538 -0.000471769 -0.0064473 -0.00159493 -0.0329128 0.00794195 0.00586016 -0.00257058 0.00801023 0.0436618 0.0049497 0.00985301 0.0113952 0.0203167 -0.00139198 -0.00820467 0.0059638 0.00367926 0.0289637 0.00805864 -0.00239035 0.0082003 0.014723 -0.00816538 0.00111348 0.016171 0.00136965 -0.00465367 -0.00282573 -0.031398 -0.00941653 -0.0123597 0.0026213 0.00281539 -0.0136109 -0.000890406 -0.015087 -0.00355187 -0.000299924 0.00256499 -0.003457 -0.0400248 -0.00935607 0.0267516 -0.00669985 0.00114336 -0.00663464 -0.00857769 0.00121507 -0.00953294 -0.002114 0.00408997 
-0.00634719 -0.0322872 -0.00442649 0.00116608 0.0164414 0.0366591 0.00810341 0.00362161 -0.0119177 -0.0119413 -0.0148851 0.162059 0.00868276 0.00964554 -0.0236183 0.0124972 -0.0413647 -0.00287608 -0.0102339 -0.000809041 -0.00995876 -0.0081118 -0.0149183 -0.00823594 -0.0106698 0.00128063 -0.00570706 -0.0379328 0.0167417 0.0306846 0.0177775 -0.00846874 -0.0120005 -0.00195019 -0.00404748 -0.00947457 -0.00952466 -0.0017382 0.00565323 -7.95557e-06 0.0162834 -0.00774658 -0.0158586 -0.0348615 0.00540882 0.000213848 -0.00214324 -0.030819 -0.00115754 0.000404158 0.00565001 0.00764761 0.00104117 0.0350576 0.0125862 -0.00252546 0.00132282 -0.0233546 -0.000588084 -0.0171849 -9.30377e-07 0.000185011 -0.00329681 0.0117379 -0.00538836 -0.00701242 1.29048e-05 -0.00231942 -0.00060944 -0.0145804 -0.0125376 0.00452405 -0.00575953 -0.0098458 0.000367393 -0.00443849 0.00393892 0.0290176 -0.0233877 0.00439498 -0.0017694 -0.0152918 0.00182686 -0.0107295 0.0017027 -0.0128374 -0.00887187 1.02817e-05 -0.0030369 0.0279372 0.0277928 -0.0148314 0.00876585 -0.00116018 -0.00453876 0.0427361 -0.000336332 -0.0167199 0.00492975 0.032484 
0.0228569 0.0176652 -0.00340833 -0.00165638 -0.0176032 0.00081837 0.0240214 0.0086192 0.0165626 0.017907 -0.0185835 0.00868276 0.122043 0.00383535 0.0147758 -0.000390691 0.00494779 -0.00177514 -0.00601125 0.0149053 0.000995588 -0.00387538 -0.013094 -0.0122546 -0.00391608 -0.0145499 -0.00913115 0.0117002 -0.0153907 0.0275803 0.00752203 -0.00403143 0.00274872 0.000245006 -0.00453105 -0.00417809 -0.007353 -0.00188045 -0.0056064 0.000273162 -0.00740608 -0.0079776 -0.0158581 0.00981341 -0.00773206 -0.00269468 0.000554478 0.00972165 -0.000659906 0.00018919 0.0100838 0.0035457 0.0127142 -0.0114665 -0.00496705 0.00015293 -0.00662654 -0.0230377 0.00442269 -0.0123624 -0.00464926 -0.0226706 -0.00150203 -0.0105309 0.00966364 -0.00547242 -0.0115595 -0.00534829 -0.00454332 -0.0130725 -0.0110436 0.00397168 -0.000783386 -0.00848581 0.00125176 -0.002849 0.00132685 -0.00970264 -0.00620457 -0.0179232 -0.00228591 -0.00421661 -0.00560879 -0.00378383 -0.0141698 -0.00772655 -0.00644725 -0.0031751 0.0069611 0.021203 0.0204368 -0.0125118 0.00236659 -0.00110501 -0.00295753 -0.0119377 -0.00193788 0.0154765 -0.000122446 0.00177525 
-0.00725477 -0.00483706 -0.00158914 -0.00573877 -0.00787588 -0.00641745 -0.0074436 0.00184426 -0.0172001 0.000635117 0.0155093 0.00964554 0.00383535 0.115677 0.00510313 0.00673263 -0.00570128 0.00190878 0.00586976 -0.00582437 -0.0055004 -0.00065554 0.00514555 -0.0063094 -0.00368076 0.0121986 0.000178779 -0.0133917 0.00336211 -0.00986837 -0.00323428 -0.00490727 0.00886771 -0.000832366 0.00640742 0.00589503 -0.00342709 -0.000748245 0.0179506 -0.000200542 -0.0187204 0.00642195 0.00918128 0.000137538 -0.00296944 -0.00500425 -0.00411451 -0.00954362 -0.000933192 0.000193484 -0.00231684 -0.000586395 -0.0232844 0.0108946 0.00717086 -0.0053211 -0.00629543 -0.0036953 -0.000622858 -0.00392408 0.00460326 0.0136387 -0.00262233 -0.00167395 0.00067056 0.00200247 0.0115284 -8.45197e-05 0.00203554 -0.0106017 -0.00758921 -0.000713478 -0.00371111 0.000558601 0.00527047 0.000507892 -0.000838045 -0.0185729 -0.0139413 -0.013493 0.00377449 0.00110789 0.013512 -0.00499055 -0.00194659 0.0083561 -0.00229484 -0.00133267 -0.00264851 -0.00778784 -0.00472052 -8.15747e-05 0.00146869 -0.000173096 -0.00414138 -0.00466305 -0.00104875 -0.0092256 0.000558052 -0.00149322 
-0.00508609 0.0436499 -0.000606761 -0.0179258 -0.0150637 -0.00732637 0.0266832 0.00294785 0.0429074 -0.00336386 -0.0189508 -0.0236183 0.0147758 0.00510313 0.198275 -0.00325544 0.0340179 0.0003933 -0.00417254 0.0114668 -0.00221156 -0.0109063 -0.0133983 -0.000889057 -0.00595213 -0.00477113 0.00242538 0.034586 0.00225607 0.0348634 -0.00595551 -0.0121697 0.000575277 -0.00115467 -0.00788499 -0.00635876 0.00233383 -0.00338325 -0.00633166 0.000511126 0.00652273 -0.0167763 -0.0268775 0.0782191 -0.0158184 -0.00582923 -0.0118828 0.0231551 -0.00122646 -0.00340438 -0.00635111 -0.00532467 -0.000769049 -0.0100517 -0.0101378 -0.00274029 -0.026375 -0.0243578 -0.00104304 -0.0143399 -0.00963887 -0.00454317 -0.00503289 -0.00557306 0.0116929 -0.0122848 -0.00993734 -0.00759951 -0.00657889 0.00337093 -0.0279965 -0.00018802 -0.00751987 -0.0104843 -0.00804786 -0.00455567 0.000166404 0.0164102 0.00181165 -0.0110795 -0.00785828 0.00166452 -0.0256976 0.00118271 -0.0293906 -0.0063495 -0.00255818 -0.0123994 0.0114062 -0.011009 0.00768421 -0.00753758 0.00866534 -0.00118227 -0.00966345 -0.0338065 -0.00611307 0.0215558 -0.00359618 0.000984326 
-0.00313989 -0.00352284 -0.00104427 -0.00314684 -0.00376394 -0.00264146 -0.00601416 0.000431111 -0.00257575 0.00516289 -0.0021246 0.0124972 -0.000390691 0.00673263 -0.00325544 0.0481702 -0.00769663 0.000687083 0.000233544 -0.00222723 -0.001801 -0.00144772 -0.00286569 -0.00325118 -0.000784506 -0.00204032 -8.45527e-05 -0.00259062 -0.000783893 0.00761546 -0.00048738 -8.82351e-05 0.00259247 0.000615714 -0.00082808 -0.00328232 -0.00177693 0.000427397 -0.000308765 4.57086e-05 0.00221903 -0.00275689 -0.0059876 -0.00506989 -0.00283087 0.000892975 -0.00206366 0.00474881 0.000206545 0.000169307 0.00141637 0.000660334 -0.00598797 -0.00195112 -0.000248536 -0.00203928 -0.00473242 -0.00588163 -5.30755e-06 0.00321025 -0.00244317 -0.000667841 -0.000138751 -0.00624457 -0.00280057 -0.00238821 -0.00247212 0.00209763 -0.00142349 -0.00649571 -0.000859995 0.00578983 0.00303146 -0.00186944 0.0032451 0.00137778 -0.000678026 0.000505747 -0.00600443 0.00711068 -0.00257896 0.00261814 0.00103212 -0.000106149 -0.00230785 -0.00252369 0.000429175 -0.000745994 -0.000755957 0.0164559 0.00373951 -0.00355073 0.0042119 -0.000405692 -0.000629158 -0.00396649 -0.000998161 -0.00335719 0.00262208 0.00693045 
-0.0434317 0.046958 0.000423377 -0.0259644 -0.00492033 -0.0276493 -0.0176051 -0.00495666 0.0512047 0.0142404 -0.0113022 -0.0413647 0.00494779 -0.00570128 0.0340179 -0.00769663 0.230004 0.00199788 -0.0290611 -0.00108025 -0.00647365 -0.0139524 0.00516208 0.00693054 -0.00503952 0.0164287 -0.00615604 0.0943758 0.0088506 0.0665599 -0.0168882 -0.00270087 0.0144951 -0.00246269 -0.00836707 -0.0201686 -0.0230497 -0.00326015 -0.02353 2.97411e-05 -0.0192159 -0.0186263 -0.0304107 0.0521668 -0.0197027 0.013874 -0.00231051 0.0588827 -0.0014322 4.2608e-05 -0.0100518 -0.00291481 0.0117337 -0.00807493 -0.0108865 -0.00977664 -0.0458203 -0.000401182 0.00146186 0.0126843 -0.0138112 -0.0215898 -0.00815504 -0.00985438 -0.0131899 -0.0071182 -0.0249827 -0.0144799 -0.00792793 -0.0235543 0.00402713 -0.0224673 -0.0130375 -0.0137788 -0.0204656 0.00552256 -0.00741018 0.0513047 0.00705994 0.0111697 -0.00429621 0.00321227 0.00256307 -0.00652925 -0.0076261 -0.0211953 -0.00514553 -0.0031272 0.00559399 0.0145325 -0.0235688 -0.0116704 0.000593845 -0.00353202 -0.014988 -0.0636873 -0.0111195 0.0210098 -0.00255269 0.0592062 
0.00102501 -0.00238954 0.000968851 -0.00102855 -0.00131114 0.00159588 -0.00527471 0.000887012 0.00095446 -0.00482476 0.00233796 -0.00287608 -0.00177514 0.00190878 0.0003933 0.000687083 0.00199788 0.023307 -0.000734377 -0.00130688 0.00232112 0.000495905 0.00138992 0.00450334 0.000647249 -0.000312315 -0.0016661 -0.00205395 -0.00172232 -0.00558857 -0.000728956 -0.000744797 0.00244857 0.000370948 0.000724487 -0.000916984 0.00156637 0.00126405 0.000372057 0.000126945 -0.00535163 -0.000584978 0.00245641 -6.68126e-05 -0.00128093 0.00144849 0.000244167 0.00151801 -4.05711e-05 -4.04845e-05 -0.000259743 0.000641744 -0.004356 -0.000475448 -0.000431581 0.00159705 -0.00268098 0.00212664 1.83578e-05 -0.00356884 0.000857845 -0.00221593 -0.000659037 -0.00233941 -0.00101014 0.000448667 0.00131273 0.00274745 0.00135159 0.00331399 0.00135116 0.00257783 0.00180682 0.000844625 -0.00127977 0.000633704 0.000329702 -0.00322028 0.00130277 -0.00323749 0.00139296 -0.000798963 -0.00203017 0.000937265 -0.000779178 -0.000292216 0.0016477 -0.000119042 0.000888779 -0.00558503 -0.00192079 -0.000212353 -0.000538904 8.4855e-05 -0.000436035 -0.00520501 0.000848281 0.000851361 0.000302007 -0.0019042 
0.0468708 -0.0225937 -0.000351574 0.00965249 -0.0127628 0.00216669 -0.0043747 -0.00112138 -0.00917614 -0.0142793 0.00785698 -0.0102339 -0.00601125 0.00586976 -0.00417254 0.000233544 -0.0290611 -0.000734377 0.0910473 -0.0057406 0.00234943 0.00463801 0.00393029 0.008143 0.00492936 0.00274775 -0.00226542 -0.034396 -0.0180925 -0.0387861 0.00209072 -0.00476501 -0.00340293 0.000916798 -0.00313396 -0.00148379 0.0239186 -5.57582e-05 0.0017161 0.000259542 -0.00782339 0.0236632 0.0292911 -0.0249748 9.29112e-05 -0.0054988 0.00311081 -0.0224324 -0.00024615 0.000295789 0.00491706 -0.00185567 -0.0187006 -0.00416544 0.00218618 -0.00231775 0.0152764 -0.00423237 -0.00311461 -0.0211646 0.00169216 -0.00413062 0.010564 0.010394 0.0001122 0.0112752 0.00524638 0.00766086 -0.00166115 0.0248982 0.00126788 0.00529127 0.00966457 0.0113452 0.00431828 -0.00396324 -0.00241602 -0.0427003 0.000170828 -0.0112728 0.00352346 -0.00805506 0.01556 0.00629931 -0.00780143 0.00457483 0.013802 -0.00071919 -0.00283687 -0.0087855 -0.00138722 -0.00608831 -0.00319226 0.000689123 0.014041 0.020701 0.000693571 -0.00489235 -0.00140934 -0.027123 
-0.00554642 -0.0149277 -0.0031075 -0.00660169 0.00866975 -0.00585058 -0.00479277 -0.000725401 0.00599837 0.0016535 -0.0155366 -0.000809041 0.0149053 -0.00582437 0.0114668 -0.00222723 -0.00108025 -0.00130688 -0.0057406 0.0996516 0.000493914 -0.0028713 -0.00655611 0.00177894 -0.00510027 0.0134422 -0.0103056 0.0129189 -0.00879164 0.0192252 -0.00199363 -0.00212655 -0.00179036 0.00105988 0.0036609 -0.0040648 -0.00515658 -0.000671459 -0.000386287 -0.000777602 0.00482395 -0.00507638 -0.0133597 -0.0083857 -0.00379365 0.00423393 0.00317794 -0.000574402 -0.000367338 -1.85502e-05 0.00113063 -0.000654006 0.0159692 -0.00386451 -0.00424147 -0.00337421 -0.00995726 -0.0114662 0.000136703 -0.0119869 -0.00106857 -0.0105451 -0.000498543 0.0152219 0.00468579 -0.00374778 -0.00745626 -0.00468161 0.00312762 -0.0125164 -0.0103467 -0.00282575 -0.00157383 -0.00623974 -0.000754015 -0.00268716 -0.00219677 0.0126825 -0.00712761 -0.0103006 -0.000491406 0.00233571 0.00835829 -0.00797972 0.0211257 0.00654199 -0.00202442 -0.00221224 -0.000367808 0.0172263 0.00554712 -0.00463462 0.000597172 -8.93793e-05 -0.00283631 -0.00744158 -0.00127687 0.00980085 -0.000551988 -0.015386 
0.0101187 -0.00362744 0.00165329 0.002576 -0.00228081 0.00259823 -0.00920971 0.0017735 0.00477796 -0.00663069 -0.00074699 -0.00995876 0.000995588 -0.0055004 -0.00221156 -0.001801 -0.00647365 0.00232112 0.00234943 0.000493914 0.0630012 0.0118328 -0.000189562 0.0110584 0.00554685 0.00406021 -0.0061617 -0.000131017 -0.0113593 -0.0128987 0.00117869 0.00335327 0.00699236 0.00209 0.00458731 0.00152426 0.00327663 -0.000472083 0.000154844 0.000515089 -0.0111022 -0.00125853 0.000594097 -0.00424973 -0.00341166 -0.00213077 -0.000563318 0.00304821 8.9964e-05 -4.51018e-05 0.00212181 -0.000479715 -0.00193005 -0.00504607 -0.00246299 0.00587387 0.000639386 -0.000903648 -0.00144594 -0.00137859 -0.000585241 -0.00297338 0.00518854 -0.00383723 0.003069 -0.00203367 0.000285864 0.00122946 0.000982701 0.00294007 -0.0067309 -0.0011149 -0.00422424 0.000898931 -0.00189875 -0.00101967 -0.00231807 -0.0162636 0.00745611 -0.00149223 -5.544e-05 0.0089633 -0.000353893 -0.00142146 0.00180344 -0.00278674 0.00258026 0.000565334 0.00125096 -0.0119271 -0.00422884 -0.000484046 -0.00260925 0.000519541 0.00606619 -0.00931518 -0.00103908 0.0022424 -0.000710661 -0.0117538 
0.00828164 -0.000645158 -0.000798206 0.00572419 0.00161436 -0.0042765 -0.00913133 -0.00210422 -0.00248942 -0.0133401 0.003981 -0.0081118 -0.00387538 -0.00065554 -0.0109063 -0.00144772 -0.0139524 0.000495905 0.00463801 -0.0028713 0.0118328 0.0868728 0.00663105 0.00489104 0.00330664 0.0138405 0.00040047 -0.0122715 -0.00423377 -0.0241143 0.00136214 -0.000454172 -0.004078 0.00123065 0.00268843 0.00637186 -0.00744292 0.000866809 -0.0039826 0.000202919 -0.00474726 0.00299045 0.0123798 -0.0117547 -0.00388835 -0.00140132 -0.00368728 0.00305294 -0.000440538 -0.001111 0.000112753 -0.000610687 -0.0101897 0.000619908 -0.00112891 0.00104872 0.00766866 0.00752097 -0.000335424 -0.00214811 -0.00104995 0.0021584 0.00524543 -0.00271568 0.00285846 -0.00226618 0.00785376 -0.00172258 -0.00158001 0.00818423 -0.0031285 -0.00576333 -0.00444047 -0.00177857 0.00222678 -0.000492907 -0.00277286 -0.00551646 0.0065133 0.00752971 -0.0042821 0.00211325 -0.00782839 -0.00205199 -0.00443953 -0.00065095 -0.00182701 -0.00125821 -0.00115781 -0.00763387 -0.00587617 -0.000782936 -0.0032628 -0.0008074 0.00281439 0.00093726 -0.00104602 0.00389984 -0.000991772 -0.0032119 
-0.0082397 -0.00931936 -0.00147172 3.3731e-05 -0.00599151 -0.00829897 -0.0146242 -0.000363673 -0.00676855 -0.00583888 0.015779 -0.0149183 -0.013094 0.00514555 -0.0133983 -0.00286569 0.00516208 0.00138992 0.00393029 -0.00655611 -0.000189562 0.00663105 0.100556 0.0146309 0.00872952 0.00227114 0.0137289 -0.00606462 0.00204517 -0.024188 -0.00416608 0.000960173 0.000670882 -0.000563478 -0.00065366 0.00389738 -0.00103828 -2.15883e-05 -0.00223955 -0.000406924 -0.00292154 0.00781084 0.0184638 -0.00625808 -0.000514235 -0.00509096 0.00907846 -0.00753327 0.000119812 -0.000646773 -0.00413915 -0.00242765 -0.0229207 -0.00658428 0.00310597 -0.00317432 0.00995778 0.0189359 0.000872831 0.0122598 0.00166399 -0.00560693 -0.00260153 -0.00317497 -0.00686046 0.00811748 -0.00171345 -0.000666281 -0.00077146 0.00912441 0.0167934 -0.00348055 -0.000699052 0.000933601 -0.00286087 0.000405978 0.000792703 -0.0110131 0.000386637 0.0102747 0.00402868 -0.00451323 -0.00882011 0.00111362 -0.00650818 0.000185234 -0.00341973 -0.00205627 -0.0016737 -0.0175084 -0.0121145 0.00169392 -0.00375393 0.000992919 -0.00216489 -0.00113752 0.00111362 -0.000597908 -0.00157946 -0.00499993 
0.00188312 -0.00431554 -0.00142555 -0.00327242 -0.0104591 -0.000659988 -0.0229192 0.000860305 0.0156261 -0.0159588 -0.00378398 -0.00823594 -0.0122546 -0.0063094 -0.000889057 -0.00325118 0.00693054 0.00450334 0.008143 0.00177894 0.0110584 0.00489104 0.0146309 0.129484 0.00473063 0.0209239 0.0110814 0.00530233 -0.0165944 0.00554419 -0.000164053 0.00233655 -0.000380991 -0.000388074 0.00243386 -0.0123439 0.0111188 0.00209569 -0.00688663 0.00132027 -0.0356928 0.0011786 -0.00200828 -0.00743298 -0.00811131 -0.00544138 0.00525931 -0.00923466 -0.000752173 -0.00107434 -0.0039587 -0.000312346 -0.026486 -0.0098497 0.00188379 0.00295431 -0.00481034 -0.0063559 0.00211104 0.00347977 -0.0108337 -0.0210424 -7.01348e-05 0.000803656 -0.000741255 0.00233845 -0.00866766 0.00112665 0.00609101 0.00907033 0.000707346 -0.00381694 0.00798468 0.00289985 0.00260373 -0.000199166 -0.00167397 -0.000358089 0.0185933 0.00998981 -0.00207508 -0.00882228 0.00438263 -0.00265633 0.0105187 -0.00307502 0.00824029 -0.00135234 0.00114948 -0.010924 -0.0117033 -0.00408512 -0.00660463 -6.18042e-05 0.0028655 -0.00470513 0.00553029 -0.00232871 -0.00198708 -0.0186413 
0.0170042 0.00700058 0.00127941 0.00141253 -0.00954458 -0.000166171 0.0077429 -0.00120588 -0.000866207 -0.000725016 0.00701884 -0.0106698 -0.00391608 -0.00368076 -0.00595213 -0.000784506 -0.00503952 0.000647249 0.00492936 -0.00510027 0.00554685 0.00330664 0.00872952 0.00473063 0.0589474 -0.00701774 0.00978509 -0.00762284 -0.0105951 -0.0177723 -0.00122406 0.00288526 -0.00222708 -0.00040665 -0.00233328 -0.0057142 0.00355602 -0.000270474 -0.00623212 0.00103126 -0.00486332 -0.00289539 0.00840525 -0.0013189 -0.00031008 -0.00320997 0.00139902 0.00397786 0.00049408 -0.000858337 0.000545178 -0.0012108 -0.00317451 -0.00231944 -0.00180865 0.00140799 -0.000200643 -0.00192219 0.00142814 -0.00654267 -0.00267081 0.00442209 0.00449644 -0.00593369 0.00398374 0.00157946 0.00137534 0.00393906 -0.00172524 0.0131399 0.00753283 0.000657496 0.0061571 0.00258828 -0.00224434 -0.00142472 0.00151853 -0.0188249 0.00697453 0.000238184 0.000294991 0.00108437 -0.00849545 0.00403397 -0.00935018 -0.0050033 0.00295923 -0.00137822 -0.000858299 -0.00584453 -0.00362683 -0.00471873 -0.0029896 0.000444332 -0.000341774 -0.0114807 0.00160338 0.00825452 -0.000959254 -0.0129166 
-0.0168091 -0.0180862 -0.0023758 -0.00721459 0.0182472 -0.00486253 -0.0385789 -0.00783798 -0.0071136 -0.0106088 -0.0111819 0.00128063 -0.0145499 0.0121986 -0.00477113 -0.00204032 0.0164287 -0.000312315 0.00274775 0.0134422 0.00406021 0.0138405 0.00227114 0.0209239 -0.00701774 0.151797 -0.0110898 -0.00123848 0.00200745 0.00416131 -0.00545882 -0.0026917 -0.0071813 0.000463738 0.00430775 3.45494e-06 -0.00824681 -0.00124903 0.0108925 0.00111217 -0.0134983 0.0131057 0.00717977 -0.0259435 -0.0104194 0.0086658 -0.00886049 -0.00560745 -0.00135709 0.00029397 -0.000686465 0.00022018 -0.0146013 0.0169895 0.00878688 -0.0085569 -0.0121127 -0.0122912 0.000256185 -0.0170978 0.00372501 -0.0150523 0.00668851 0.0357953 -0.00164303 0.00431832 -0.00173129 -0.00316911 0.000757958 -0.00919456 -0.00623332 -0.00811048 -0.0112734 -0.00618368 -0.00575642 0.00312285 -0.00434348 -0.00326302 -0.00166402 -0.00464763 -0.00820359 -0.00313022 0.0400323 -0.00929654 0.0294001 0.0164634 0.00414669 -0.00438539 -0.00372187 -0.00505693 -0.00812328 -0.00812597 -0.00479505 -0.000380707 -0.000716934 -0.0172799 -0.00114823 0.00267015 0.000963274 -0.00558777 
-0.0141369 0.0165071 0.0025875 -0.00396882 -0.0193646 -0.00103469 0.00247595 0.000522216 -0.0196574 0.0163634 0.0108474 -0.00570706 -0.00913115 0.000178779 0.00242538 -8.45527e-05 -0.00615604 -0.0016661 -0.00226542 -0.0103056 -0.0061617 0.00040047 0.0137289 0.0110814 0.00978509 -0.0110898 0.118733 -0.00142135 0.00978178 -0.00915511 -0.00779896 0.0118939 -0.00349542 0.000328656 -0.00391549 -0.00860315 -0.00222614 -0.000114036 0.000352966 0.000313048 -0.0186732 0.00216836 0.00930265 0.00832814 0.00387747 -0.00400875 -0.00144126 0.00559571 -0.000719844 -0.000374331 -0.00655738 -0.00246175 -0.00571845 -0.00578694 0.00318061 0.00759778 -0.00492143 -0.00730178 0.00367438 0.00529907 0.00291515 0.00137258 -0.00349495 -0.00780711 0.00156538 0.0119885 0.000855398 -0.00123691 -0.00204285 0.00506954 0.0122445 -0.00265475 -0.00196782 0.00862484 -0.00421456 0.00880885 0.000798864 -0.014409 0.0120125 0.0109415 -0.00793893 0.00124522 -0.0160598 -0.000211422 -0.0152886 0.00282329 -0.000456293 -0.00563466 -0.00203469 -0.0214485 -0.0116706 -0.0109023 -0.00520039 -0.00064441 -0.00675803 -0.0255018 0.017686 0.0038419 -0.00129421 -0.00582746 
-0.054447 0.0493753 0.00320603 -0.035195 0.00958047 -0.0280162 -0.0191876 -0.00250729 0.024579 0.032425 -0.0235293 -0.0379328 0.0117002 -0.0133917 0.034586 -0.00259062 0.0943758 -0.00205395 -0.034396 0.0129189 -0.000131017 -0.0122715 -0.00606462 0.00530233 -0.00762284 -0.00123848 -0.00142135 0.239504 0.00313951 0.0890549 -0.015946 0.0195111 0.00788277 -0.00149968 -0.0052717 -0.0140769 -0.0304815 -0.00503722 -0.00655168 -0.000745911 -0.00963821 -0.0304844 -0.0483101 0.0740332 -0.019051 0.00712951 0.000621894 0.081524 -0.00238619 -0.00270777 -0.00626637 -0.00582248 0.033354 -0.0220318 -0.0187681 0.0108984 -0.0370688 -0.0190753 0.00209734 0.0524635 -0.0260774 -0.0377078 -0.00826993 -0.0165477 -0.0122307 -0.0200486 -0.0331355 -0.0187365 0.000104935 -0.0579253 -0.0127037 -0.013736 -0.0231203 -0.0262342 -0.0197048 0.00851412 -0.0122182 0.0456774 0.00430327 0.0237839 0.000664202 0.0170876 -0.0093594 -0.0173503 0.00678729 -0.0119137 -0.0142019 -0.00254364 0.00540539 0.0363525 -0.0241776 -0.00427383 -0.00725446 -0.00251111 -0.0133183 -0.0687276 -0.00632593 0.0263154 -0.00444795 0.0337613 
-0.0419495 -0.00889019 0.000254696 -0.00852078 -0.0196207 -0.00367264 -0.0217163 0.00210308 -0.0509947 0.00377009 -0.000974486 0.0167417 -0.0153907 0.00336211 0.00225607 -0.000783893 0.0088506 -0.00172232 -0.0180925 -0.00879164 -0.0113593 -0.00423377 0.00204517 -0.0165944 -0.0105951 0.00200745 0.00978178 0.00313951 0.188598 0.0155744 -0.00683799 0.00942704 -0.00262852 -0.000949047 -0.00316222 0.00291791 -0.0186475 -0.000970376 -0.0114312 -0.000869269 0.0394971 -0.0143827 0.004188 0.0267054 0.0104946 0.000519873 0.00495283 0.0230527 -0.00206465 0.000627238 -0.00941771 -0.00263543 -0.00739306 0.0212756 -0.0117324 -0.0119341 -0.0123212 0.029239 -0.00617011 0.0222818 0.0190117 0.0391271 -0.0064948 -0.00544683 -0.00670903 -0.00735666 0.011856 -0.00346826 -0.00776959 -0.00966126 -0.00759054 -0.0129951 -0.0173654 -0.00366364 -0.0136816 0.0150046 0.0042277 0.0228955 -0.0255328 0.00977521 -0.00468889 -0.00650178 -0.0327588 -0.0144857 -0.0279927 -0.00854286 -0.00466852 -0.00445654 -0.00155044 -0.00432592 -0.0123257 0.0161858 0.00759734 -0.00163874 -0.0162682 -0.0185027 0.00510689 -0.0106619 -0.00110946 0.0612131 
-0.0397393 0.0417586 -0.00676412 -0.0295967 0.0182511 -0.0142202 0.00861233 0.00347768 0.0283262 0.0406003 -0.0650626 0.0306846 0.0275803 -0.00986837 0.0348634 0.00761546 0.0665599 -0.00558857 -0.0387861 0.0192252 -0.0128987 -0.0241143 -0.024188 0.00554419 -0.0177723 0.00416131 -0.00915511 0.0890549 0.0155744 0.218791 0.00905192 0.00818548 -0.00428608 -0.00451101 -0.0030653 -0.0309849 -0.0260313 -0.00480268 -0.013161 -0.00034913 0.00202642 -0.0315285 -0.0877951 0.0483433 -0.0256584 0.0107701 -0.00483341 0.0547815 -0.00104936 0.000147891 0.00263333 0.00122701 0.0499148 -0.0128612 -0.00815153 -0.00683914 -0.0355509 -0.0411946 -0.00253019 0.021161 -0.0365833 -0.0317294 -0.0108296 -0.0095685 -0.0161602 -0.0182673 -0.0504451 -0.0295349 -0.00731073 -0.0555172 -0.0294695 -0.00929671 -0.0131585 -0.0387279 0.00017837 0.00890253 -0.00279772 0.0745375 -0.0119796 0.0250595 -0.0112228 0.00735104 0.0073622 -0.0163049 0.0151601 -0.0224834 -0.0164153 -0.00531825 0.00513119 0.0610296 0.00760787 -0.0191685 0.00678981 -0.00421659 -0.0140921 -0.020109 -0.00515185 0.0175781 0.00252178 0.0406639 
0.00332105 -0.0136332 -0.000410862 0.00478695 0.00821581 0.00894126 -0.00251097 0.00678301 -0.0044693 -0.00512186 -0.0102048 0.0177775 0.00752203 -0.00323428 -0.00595551 -0.00048738 -0.0168882 -0.000728956 0.00209072 -0.00199363 0.00117869 0.00136214 -0.00416608 -0.000164053 -0.00122406 -0.00545882 -0.00779896 -0.015946 -0.00683799 0.00905192 0.0929253 -0.000460924 0.00298824 -0.000309344 0.0069531 -0.000178278 -0.0023045 0.000115575 -0.000741842 0.00101445 -0.0048098 0.00161059 -0.00155111 -0.00957018 -0.00333323 -0.00196159 0.00281776 -0.0162244 6.3542e-05 0.00057403 0.00132258 0.00338255 -0.00353649 0.00405284 -0.00458349 -0.000814385 -0.00654556 -0.0133371 0.00122333 -0.00819372 -0.00274139 -0.010648 0.00430719 0.00140235 0.00481496 -0.000868533 -0.00515268 -0.00261981 0.00593911 -0.00646941 -0.00656007 0.000325805 -0.00322982 -0.0012781 0.00780108 -0.0037741 0.00415133 -0.00526732 -0.00348514 -0.000365678 -0.000906934 -0.00166064 0.00378908 -0.00318372 0.00577662 -0.00100625 -0.00161149 0.000253783 0.00384635 -0.0147954 0.0198619 -0.00458538 0.00385743 -0.000995978 -0.00174334 0.016129 -0.000540413 -0.000485803 0.00341627 -0.00608083 
-0.0094387 0.00111716 0.000226739 -0.00425283 -0.00470541 -0.00517971 -0.0178568 0.000773684 -0.0151711 0.0115835 -6.03188e-05 -0.00846874 -0.00403143 -0.00490727 -0.0121697 -8.82351e-05 -0.00270087 -0.000744797 -0.00476501 -0.00212655 0.00335327 -0.000454172 0.000960173 0.00233655 0.00288526 -0.0026917 0.0118939 0.0195111 0.00942704 0.00818548 -0.000460924 0.0757288 0.00146876 0.00137609 -0.000957919 -0.00596418 -0.0051483 -7.17034e-05 -0.00489997 -0.000320982 0.00273701 -0.00356736 -0.0015421 7.96838e-05 0.00290363 0.000666525 0.00137445 0.0245645 0.00020126 -0.00045483 0.00165232 -0.000353376 0.00924383 -0.00256258 -0.0025474 0.0115694 -0.002687 -0.0040863 -0.0018344 0.0161776 -0.00259626 -0.00324085 -0.00109328 -0.00643151 -0.000689459 0.000694108 -0.0038539 -0.00281562 0.00113628 -0.00901064 3.3234e-05 -0.00191905 -0.00385926 -0.00265885 -0.000838051 0.00991898 0.00073994 -0.0171157 0.00236136 0.0176558 -0.00125094 0.00429603 -0.00451444 -0.00366555 -0.00333625 0.00129303 -1.68661e-05 -0.00325916 -0.00289728 -0.00358626 -0.0063742 -0.00545551 -0.00268432 0.000663994 -3.53902e-08 -0.0192059 0.0028749 -0.00390577 -0.000509755 -0.00960792 
-0.00987899 -0.0081765 -0.00132536 -0.00629983 -0.00722796 -0.00746472 -0.0296706 0.00400667 0.00312836 0.0106128 0.00302997 -0.0120005 0.00274872 0.00886771 0.000575277 0.00259247 0.0144951 0.00244857 -0.00340293 -0.00179036 0.00699236 -0.004078 0.000670882 -0.000380991 -0.00222708 -0.0071813 -0.00349542 0.00788277 -0.00262852 -0.00428608 0.00298824 0.00146876 0.0911082 0.00116557 0.00841788 0.00375826 0.000325561 -0.000348116 0.00352219 -0.000512703 -0.0176002 -0.00234814 -0.00366958 -0.00574105 0.000461776 0.000281859 0.00661667 0.0151087 -9.08195e-05 0.00179882 0.000388933 -0.00108168 -0.00142633 -0.0052625 -0.00366098 0.000400144 -0.00740948 0.00972486 -0.00246294 0.00876421 0.00395898 -0.00409002 0.000268455 -0.00620641 -0.00541741 0.00408333 -0.000168018 0.0021317 0.00448667 -0.00923457 -0.00664539 -0.00557649 -0.00374043 0.000271539 -0.00294976 0.00565826 0.000407565 -0.0218334 0.00124037 -0.00394769 0.00628166 0.0120596 0.000420242 -0.00388285 -0.00148224 0.00225224 0.00616022 0.00329644 -0.00157634 -0.0118938 -0.00769632 0.00342497 -0.00257939 -0.000310339 -0.0014425 -0.0114741 -0.00222894 -0.00597972 0.00187207 0.000859362 
0.000447106 -0.00179947 0.000593468 -8.08645e-05 3.33956e-05 0.000634084 -0.00230384 0.00119802 0.00110726 -0.00283212 -0.0009562 -0.00195019 0.000245006 -0.000832366 -0.00115467 0.000615714 -0.00246269 0.000370948 0.000916798 0.00105988 0.00209 0.00123065 -0.000563478 -0.000388074 -0.00040665 0.000463738 0.000328656 -0.00149968 -0.000949047 -0.00451101 -0.000309344 0.00137609 0.00116557 0.0168367 0.00015435 0.000697382 -0.000271188 -4.31689e-05 -0.000420908 4.20722e-05 -0.00156292 0.000639542 0.000770096 -0.000470733 7.25245e-05 -0.000398176 0.000803248 -0.000752337 0.000144333 0.000594769 0.000159184 0.000144944 -0.000895204 -0.00165013 -0.000447191 -0.000692277 -0.00107634 -0.00071419 0.000724766 -0.00198915 0.00137629 -0.00219358 0.00150233 -0.000670221 -0.000579312 0.00016299 -8.37747e-05 0.000555963 0.000271585 -0.0012797 0.00111009 -5.29085e-05 -0.000872054 0.0010922 0.000735962 0.000340223 4.75239e-05 -0.00262938 0.000313011 -0.00288467 0.00199941 -0.000479368 0.00165296 -0.000681559 0.000224914 0.00169944 0.00187355 -0.000234645 0.000469454 -0.000689075 -0.000357723 -0.000441991 -0.000268152 0.00015913 0.0010379 -0.000690102 8.87084e-05 -7.59398e-05 0.000233799 -0.00305996 
-0.00729021 -0.000780668 0.000689839 -0.00376016 0.00617648 -0.00402878 -0.0107547 0.00277558 -0.00345372 -0.000653614 -0.00220056 -0.00404748 -0.00453105 0.00640742 -0.00788499 -0.00082808 -0.00836707 0.000724487 -0.00313396 0.0036609 0.00458731 0.00268843 -0.00065366 0.00243386 -0.00233328 0.00430775 -0.00391549 -0.0052717 -0.00316222 -0.0030653 0.0069531 -0.000957919 0.00841788 0.00015435 0.0635871 0.00398407 -0.00257692 0.00166262 0.000998817 -0.000263743 -0.0167986 0.00249615 -0.00296495 -0.00252399 -0.00466077 0.00426413 -0.00323207 -0.00528947 -0.000315582 -0.00022147 -0.00143052 -0.000141103 -0.00337562 -0.000783743 -0.00362428 -0.00109917 -0.00600115 -0.00120313 0.000302479 -0.00263648 -0.00269578 0.00430188 0.00369529 0.000530078 0.00191916 -9.45619e-05 -0.00164915 -0.00102669 0.00811238 -0.0058327 -0.00700757 -0.00329492 -0.00436694 0.000626047 -0.00156993 -0.000727077 -0.00163925 -0.00698646 -0.0021071 -0.0012726 -0.000770934 0.00843254 0.00958734 -0.00223692 0.0179161 0.012937 -0.000289624 0.00219403 -0.000502765 -0.00171153 -0.00315965 0.00493934 -0.00163116 -0.000222177 0.00368127 -0.00266001 -0.00012159 -0.00485635 0.000215959 -0.00771037 
