0.0431152 -3.20831e-05 0.00618156 0.00219764 0.00642482 -0.00363318 0.00258816 -0.000150592 -0.012083 -0.00468416 0.0119965 0.00252637 0.00475544 0.0119009 0.0113102 -0.00371822 0.00106039 -0.000636485 -0.00641856 -0.0204883 0.000875709 -0.00155776 -0.000738837 0.00121836 -0.00257167 -0.00100892 -0.0114521 0.00256103 -0.000566064 0.000328125 0.000686756 0.0114216 -0.000169812 -0.00113378 -0.00217719 0.000451608 -0.00210036 0.000266959 -0.00132451 0.000251772 -0.00189134 0.00113529 0.00472444 -0.0044642 -0.0137189 0.00170006 0.00146097 -0.00267694 0.00016309 -0.00122951 3.97393e-05 0.00271623 0.00188635 0.0117492 0.00192203 -0.00308723 -0.00232896 -0.000643045 -0.00521826 -0.00147829 0.0117147 -0.000669969 -0.00213941 -0.00449296 0.00737145 -7.88127e-05 -0.000514507 0.00140077 -0.00134021 0.000444965 -0.00116228 -0.000349278 -1.30592e-05 -0.00243556 -0.00170106 -0.00439059 0.000469675 -0.00725431 -0.00647589 -0.0141057 -0.00823845 -0.00236699 -0.00148369 -0.000544285 0.000354236 -0.000315685 0.00111639 -0.000193974 0.00118652 -0.00277697 -0.00411779 -0.00248154 0.00702562 -0.000655992 1.66718e-05 0.00138517 0.00257857 -0.00100078 0.000435383 -0.000434657 
-3.20831e-05 0.00450439 0.000313763 0.000330449 2.75361e-05 -0.000467072 0.000202204 1.882e-05 -0.00200919 -0.000945136 -4.46442e-05 -0.000856025 -0.00191907 -6.77084e-05 -0.00100407 0.000557546 0.000105712 7.57928e-05 -0.000481012 -0.000278373 0.000189548 0.000201718 0.000267958 0.00103563 0.000166164 0.000107013 -0.000773368 0.000360198 0.000271163 0.000510164 -0.00138547 -0.000561909 0.000274817 0.000128461 -3.56388e-05 0.000353405 -0.000169217 0.00017046 0.00012857 0.000114536 0.000389083 0.000183352 0.0002724 0.000206331 -0.00193393 0.000322434 0.000324038 -0.000355486 -0.000838203 -6.41233e-05 -3.10251e-06 -0.00101364 -0.000578065 4.13164e-05 -0.000153184 0.000258778 0.000853287 0.000141918 -0.000472879 9.73911e-05 -0.00051151 1.63613e-06 5.29473e-05 -0.000488293 0.00075095 -6.98179e-05 0.000154505 0.000627345 -5.16037e-05 2.15112e-07 -2.51174e-06 -2.13199e-06 -3.81506e-05 -4.02166e-05 -3.83912e-05 0.000795512 0.000400756 0.00013044 0.00121301 -0.000395312 0.000394673 0.000425032 0.000417028 0.000125463 0.000105389 -2.60751e-05 -0.000146575 -4.57149e-05 -5.91698e-05 -0.00046793 -0.000741674 0.000324814 0.000560919 -0.000125839 4.2704e-05 0.000133498 -0.000394742 2.21165e-05 -0.000195196 9.81664e-05 
0.00618156 0.000313763 0.249566 0.00296153 0.0346665 -0.039478 0.00363804 -0.0181652 -0.0236451 -0.0318057 0.0282268 -0.00745517 0.00375449 0.00977964 -0.0118881 0.0380778 -0.00279698 -0.00263164 -0.0239251 -0.0475958 -0.00250827 -0.0078943 -0.0151935 -0.000566542 -0.00872176 0.0232083 -0.0540845 0.0243847 0.000628866 0.00766484 0.0228181 0.00369281 -0.00886906 -0.00918676 -0.0129984 0.00572849 -0.0203941 0.00119906 0.000591349 -0.00887541 -0.0180234 -0.0102667 0.0146113 -0.00715862 -0.0503052 -0.00883936 0.00270748 -0.00502065 -0.0325369 -0.00616518 -0.0027102 0.0136168 0.0110827 0.0927444 -0.0111338 -0.00946947 -0.0157083 -0.00702557 -0.0341227 -0.00190225 0.0104787 -0.00752982 -0.0126535 -0.00818384 0.0388537 0.0194527 -0.00419679 0.00843929 0.00121161 0.011495 -0.00767345 0.000439078 -0.0143487 -0.0144908 -0.00741141 -0.00367601 0.001051 -0.0188818 -0.0167937 -0.0526441 0.00724044 -0.00181136 -0.014783 0.0074914 -0.00120717 -0.00298281 0.0155752 -0.00189593 0.00368414 -0.00602113 0.00276357 0.00226384 0.00250256 0.00758906 0.00279665 0.00451011 0.0195364 0.00277965 0.00858671 -0.00433305 
0.00219764 0.000330449 0.00296153 0.0489399 0.00872447 -0.00134016 0.00257078 0.00261569 0.00451479 0.00149506 -0.00591195 0.000376314 0.0100909 0.00281588 0.0133678 -0.000125365 -0.000598747 -0.000730288 0.0105838 -0.00515067 -0.000881989 -0.00147053 -0.00198447 -0.00508659 -0.00069479 0.00781075 -0.00483303 -0.00143959 -0.000342608 0.00211315 -0.00234777 0.00208189 -0.00464465 -0.0008274 0.00109245 -0.00113671 -0.00179569 -0.00156502 -0.00116776 -0.00146721 -0.00253082 -0.00139632 0.00253638 0.00471824 -0.00486622 0.00120941 -0.000791621 -0.000130408 0.00976691 -0.00242231 -0.000380874 -0.01161 -0.00250081 -0.00123551 -0.00161186 -0.00221034 -0.00242327 -0.000216712 -0.00346776 -0.00119164 -0.00198611 -0.000166963 -0.000330137 -0.00492028 0.00580988 -0.00237603 -0.000301323 -0.00209175 -0.00343616 -0.000755405 -0.000428644 0.000393169 -0.00176418 -0.00226273 -0.000929568 -0.00258487 -0.000334057 -0.00672656 -0.00651169 -0.0056548 -0.0057844 0.00494728 -0.00138791 -0.000782411 -0.000627606 -0.000522583 -0.0018503 -0.000431904 -0.000754983 -0.00103728 3.49001e-05 -0.0029887 -0.00199356 -0.00159382 -0.000408787 -0.00126552 -0.000240423 -0.00329499 -0.000815693 -0.000227772 
0.00642482 2.75361e-05 0.0346665 0.00872447 0.115208 -0.0104481 0.00443843 0.00368268 -0.0164608 -0.0108123 0.012711 -0.00911103 0.011412 0.00430057 0.0115671 0.00984696 -0.00110242 -0.000804771 -0.0116849 -0.0227034 -0.00161798 -0.00464798 -0.00170333 -0.0153511 0.0107764 0.00639774 -0.016395 0.00400395 0.0010801 0.00339311 -0.0086084 0.0145096 0.00523844 -0.00438033 -0.00970748 -0.00142676 -0.00399166 -9.16453e-05 -0.000845632 -0.00365552 0.000112497 -0.00215521 -0.00303394 0.00193891 -0.0187105 -0.00338387 -0.000613311 -0.00418374 -0.0125615 -0.0109472 -0.000896917 -0.023877 -0.000926361 0.0331909 0.00114031 -0.0088961 -0.00456977 -0.00323258 -0.00955587 -0.00289719 0.0110536 -0.00240199 -0.00196253 -0.0116984 0.0175429 -0.0055898 -0.000655435 -0.00514052 -0.00412493 0.000168565 -0.00464647 -0.00137043 -0.00482903 -0.00457823 -0.00336994 0.00900557 -0.00064619 0.00408481 -0.00561069 -0.0145796 -0.0182007 -0.00165175 -0.00380221 -0.00313405 -8.04504e-05 -3.84823e-05 -0.0029114 -0.00187697 0.000246831 -0.00585533 -0.00196267 -0.00291975 -0.00309828 0.00336831 0.000897291 0.0110127 0.0132861 0.000975888 0.00633091 -3.78758e-05 
-0.00363318 -0.000467072 -0.039478 -0.00134016 -0.0104481 0.125707 -0.00121786 0.00994971 0.00166773 0.0250374 -0.0167465 0.0095463 0.00753763 -0.00421725 0.0146518 -0.0215029 -0.00162783 -0.000995813 0.0176898 0.0281073 -0.00474963 -0.00410339 0.00342234 -0.0098379 -0.00668897 -0.000266099 0.00388795 -0.00817987 0.00120149 0.00273967 0.00556274 -0.0134735 0.00959748 -0.00353913 0.00664372 -0.00418985 0.0215073 0.00330602 0.000853106 0.000435821 0.0165162 -0.000975617 -0.00948156 -0.0134635 0.00635272 -0.00693633 -0.000779034 -0.00541648 -0.00727242 -0.00223403 -0.00111513 -0.00985114 -0.0121144 -0.0448009 -0.00265778 -0.00618999 -0.000107272 0.0036714 -0.000726646 -0.000974759 -0.00693676 0.000504394 0.000344845 -0.00769425 -0.016045 -0.00946925 0.00202437 -0.00657211 -0.00399945 -0.00677536 0.00239148 -0.00117085 -0.0048578 0.0185924 0.00165804 0.000298162 -0.0016803 0.0317937 0.000992745 0.0149275 -0.0171954 -0.000278595 0.010203 -0.00332107 -0.000307443 0.000483 -0.00986211 -0.000337999 -0.0052625 -0.0113643 -0.00830324 0.00667797 0.00272813 0.00246923 -0.00206081 0.00545426 -0.0164535 -0.0086987 -0.00618999 0.00950061 
0.00258816 0.000202204 0.00363804 0.00257078 0.00443843 -0.00121786 0.015368 0.00133347 -0.00560243 -0.00100783 0.000625189 -0.00136411 -0.00115214 0.00278525 0.00164852 0.000837183 -8.67326e-05 -0.000187298 -0.00113962 -0.00477744 0.000217879 -0.00053491 0.000470512 0.00129774 -0.0010546 -0.00149943 -0.00269205 0.00100359 -7.9769e-05 0.00131884 -0.000261787 0.000847186 -0.000169278 -0.000422671 -0.00105969 0.000142719 -0.000600723 0.000689416 0.000111741 -0.000345541 0.000532125 -4.55995e-05 -0.00112952 -0.00118474 -0.00487353 0.00040465 0.000635032 -0.000756892 -0.0017295 -0.00144812 0.000185467 -0.0013934 0.000974054 0.00220799 0.000569079 0.000362778 -0.000102051 -0.000508122 -0.0016216 -0.000189501 0.000875226 -0.000340958 -0.000409017 -0.00189089 0.00268959 0.000203111 0.000181673 -0.000362992 -0.000329689 0.00125261 0.000258488 0.000256424 -0.000186539 -0.000317397 6.35692e-05 -0.000510606 0.000254523 -0.00132388 -0.0011034 -0.00456694 -0.00233249 0.000576234 -5.57919e-05 -0.000288505 7.43418e-05 -0.000101838 -0.00019452 -0.000211349 -0.000302067 -0.000800938 -0.000888822 -0.000108876 0.000869414 -0.000238903 0.00028641 0.00168142 0.000371689 -0.000447351 -0.00014682 -0.000201618 
-0.000150592 1.882e-05 -0.0181652 0.00261569 0.00368268 0.00994971 0.00133347 0.0666374 -0.00786196 -0.000909314 -0.00367416 0.00528554 -0.00755513 -0.000691383 0.00689635 -0.0129224 -0.000729005 -0.000158168 -0.00121065 -0.0103745 0.00299491 0.002914 0.00307048 -0.00922708 -0.00351313 -0.00374641 0.00197278 -0.00244982 -0.00091265 0.0151792 -0.0189992 -0.000390248 0.010547 0.00210735 -0.0001826 0.000108517 0.00337253 0.00168997 0.000595011 0.000988607 0.0124877 0.000763537 -0.0052246 0.000292599 -0.00998653 0.000233043 -0.00153325 -0.00492262 0.00752909 -0.00245546 -0.000474082 -0.0243955 -0.00394737 -0.00418167 0.00403348 -0.00337787 0.00295198 -0.000511477 0.00470955 0.00059578 -0.00394342 -0.000641849 -0.000154047 -0.00688225 -0.00143287 -0.00491498 0.000298386 -0.00177066 -0.00532224 -0.000479687 -0.000726237 0.00193923 -0.00213245 -0.000553198 0.000874815 0.00572014 0.000462365 -0.000659356 0.00433947 0.00333379 -0.0110813 0.000974195 -0.000525825 -0.00266017 9.63251e-05 0.00212767 -0.00211633 0.00045521 -0.000347676 0.00144622 -0.00166147 0.00124044 -0.00258492 0.0011889 0.00124189 -0.00497175 0.00960052 0.003543 0.00627298 -0.000315673 
-0.012083 -0.00200919 -0.0236451 0.00451479 -0.0164608 0.00166773 -0.00560243 -0.00786196 0.238271 0.0490349 -0.00345202 0.0160139 0.0471093 -0.00217544 0.0344319 -0.0561249 -0.00524811 -0.00130281 0.0380449 0.0133629 -0.012299 0.000108643 -0.0276768 -0.0343144 -0.0211842 0.00103367 0.0524304 -0.024387 -0.00425283 -0.0310191 0.0329375 0.0123957 -0.046333 -0.0045122 0.0145011 -0.0122879 -0.00699404 -0.0162509 -0.0115044 -0.00645836 -0.0250642 -0.0118665 -0.00483403 0.0277299 0.103092 -0.00713933 -0.0076463 0.0187005 0.0712274 0.00452694 -0.00239395 0.0158366 0.0352792 -0.0301387 -0.00958221 -0.014628 -0.0302184 -0.00370952 0.0130033 0.00260486 -0.0367068 0.00544849 -0.000252947 0.0158231 -0.0351429 -0.0134581 -0.00207512 -0.0134895 0.00591907 -0.0107599 0.00106847 -0.00718008 -0.000325503 -0.00879002 -0.00586906 -0.0394465 -0.00229945 -0.0547067 -0.0477964 0.0322317 0.0187844 -0.00830783 -0.00679344 0.000534136 -0.00831568 -0.00365507 -0.000303458 0.00198932 -0.00758899 0.0078706 0.0457161 -0.0294391 -0.038528 -0.029862 -0.00570283 -0.0340589 0.00469409 -0.00646121 0.015297 -0.00325922 
-0.00468416 -0.000945136 -0.0318057 0.00149506 -0.0108123 0.0250374 -0.00100783 -0.000909314 0.0490349 0.200197 -0.0181369 0.0149227 0.0736199 0.0024748 0.0654725 -0.0377306 -0.00166931 -0.00149294 0.0266157 0.00248014 -0.00160331 -0.00418584 -0.0151138 -0.00788669 0.00280087 0.00343634 -0.00946381 -0.0140027 -0.00024514 -0.0249332 0.0303209 -0.0123437 -0.0302854 -0.00178153 -0.00213819 -0.00720211 0.00354245 -0.0120169 -0.00973075 -0.00565453 -0.00833039 -0.00873538 0.0239969 -0.0156879 0.0410855 0.0018027 -0.00550838 0.00543797 0.0223879 0.00666307 0.000543141 0.0102753 0.00445712 -0.0431073 -0.00990894 -0.00693555 -0.00646974 -0.00126988 -0.0224903 -0.00271018 0.0243251 0.00273774 -0.000816711 0.0126874 -0.0120737 -0.0100898 0.000236115 -0.0126326 0.0164468 0.00517183 0.00892836 -0.00262892 -0.00325858 0.00957424 -0.000116956 -0.0427156 -0.00368633 -0.0188051 -0.0397612 -0.0296606 -0.049919 -0.00641054 0.00224665 -0.00757722 -0.00311718 -0.00170447 0.00907162 0.00535301 -0.00980415 0.00685356 0.016829 -0.010382 -0.00859825 -0.0180959 -0.00801907 0.00404997 -0.0235001 -0.0157105 -0.00998608 0.00539446 
0.0119965 -4.46442e-05 0.0282268 -0.00591195 0.012711 -0.0167465 0.000625189 -0.00367416 -0.00345202 -0.0181369 0.149283 0.0124299 -0.00204816 0.0116253 0.000806698 -0.0118166 0.00391238 -0.00174431 -0.0246733 -0.0439739 0.000357182 -0.00365613 -0.0079158 -0.00405817 -0.0104054 -4.58308e-05 -0.0319235 0.0141922 0.000411113 -0.0104454 -0.00785676 0.0351678 -0.00727383 -0.00377574 -0.0113688 0.00216827 -0.00951587 -0.000293203 0.00260116 0.00322411 -0.00721753 0.000695376 0.000793532 -0.00153725 -0.0403533 -0.00588368 0.00237313 -0.0124427 0.000430595 0.00195202 -0.00124979 0.00450446 0.0112736 0.0565637 -0.00261597 -0.0083101 -0.0078624 -0.00479634 -0.0157902 -0.00499377 0.0188425 -0.00264492 -0.00699037 0.00340675 0.0086431 -0.00144523 -0.000977247 0.00803308 0.00192177 -0.000331606 -0.00779899 -0.00151394 -0.00298439 -0.00393345 -0.00479491 -0.00525503 0.0028957 -0.0305397 -0.00989362 -0.0294586 -0.00429888 -0.00915979 -0.005417 0.00140228 -0.00240906 -0.00281895 0.00277982 0.000158792 0.00961767 -0.0143449 0.0255703 -0.00470076 0.00726425 -0.000928552 0.000137241 -0.00140571 0.0325039 0.00503751 0.0164844 -0.00516819 
0.00252637 -0.000856025 -0.00745517 0.000376314 -0.00911103 0.0095463 -0.00136411 0.00528554 0.0160139 0.0149227 0.0124299 0.215225 0.0290713 0.0155829 0.0723768 -0.000950545 0.000226602 -0.00415033 -0.0114941 -0.0426006 -0.00229172 -0.00526053 0.00255531 0.00224132 -0.0324316 -0.0196936 -0.0243594 0.00790701 -0.00375421 -0.00671211 0.0261405 -0.0115935 -0.00654504 -0.00362048 0.0120687 -0.00275987 0.0159575 -0.00287514 -0.00657326 -0.00636391 -0.000719816 -0.0065687 -0.0069277 -0.0303526 -0.0339147 0.00456178 0.000738161 -0.0165499 0.0192076 0.00864846 0.00128305 0.0051308 0.0293773 0.0268193 -0.0114035 -0.00548801 -0.0168117 0.00445598 -0.0324395 -0.00857521 0.0346361 -0.000801478 -0.00691808 -0.0235505 0.00416397 -0.00593319 -0.0043724 0.0086536 0.0370464 -0.000593766 0.00920798 -0.00262975 0.00878553 -0.00694425 -0.0114559 -0.0525664 -0.00108616 2.83119e-06 -0.0241502 -0.0417886 -0.0211795 -0.0165726 0.00316136 0.0100372 3.26213e-05 -0.0046565 -0.000799462 -0.00246696 -0.000773829 -0.0194616 -0.0103976 -0.0143697 -0.000279025 -0.0126578 -0.00476543 -0.0320476 0.0329785 -0.00431454 0.00771823 -0.00700065 
0.00475544 -0.00191907 0.00375449 0.0100909 0.011412 0.00753763 -0.00115214 -0.00755513 0.0471093 0.0736199 -0.00204816 0.0290713 0.226223 0.0115599 0.101212 0.00179353 -0.00456679 -0.00571307 0.0241841 -0.024383 -0.00280829 -0.0152572 -0.0130609 -0.0149172 0.0337365 0.0266628 -0.0261161 -0.00700373 -0.00272159 -0.0171253 0.0608532 -0.00454713 -0.0472219 -0.0101961 0.0159434 -0.0124625 -0.00460387 -0.0258566 -0.0196672 -0.0148873 -0.0204853 -0.0123074 0.0366408 -0.00849462 0.0300075 0.00971361 -0.00762784 0.0130327 0.0362577 0.00134345 -0.00078753 -0.00864398 0.00370186 0.00837198 -0.00903987 -0.00842846 -0.0161285 0.000370248 -0.0404524 -0.00966202 0.0712891 -0.000474364 -0.00667241 -0.0236767 0.0125268 -0.00747357 -0.00163099 -0.0175398 0.0201143 0.00229137 0.000893289 -0.00191591 0.00663705 -0.0109333 -0.00293905 -0.0585164 -0.00696745 -0.0212939 -0.0540186 -0.0483839 -0.0627276 -0.00961793 -0.00987763 -0.00566949 -0.0038563 -0.0036129 -0.0120672 -0.00223844 -0.00965045 0.00267793 0.0107302 -0.0257086 -0.0107542 -0.0325518 -0.0131347 0.00570764 -0.0144537 -0.0299553 -0.0228541 -0.00281225 
0.0119009 -6.77084e-05 0.00977964 0.00281588 0.00430057 -0.00421725 0.00278525 -0.000691383 -0.00217544 0.0024748 0.0116253 0.0155829 0.0115599 0.0690365 0.0285703 -0.00511697 0.00157304 -0.000667695 -0.00614483 -0.0287869 -0.000420806 -0.00163865 -0.00098758 -0.00667714 -0.00648493 -0.00199856 -0.017978 0.00479152 -0.000582364 -0.00135571 0.00611916 0.00687208 -0.00723391 0.000600272 -0.00130392 -0.0012873 -0.000979999 -0.00212041 -0.000257829 -0.000934512 -0.00419645 -0.000222125 -0.00134855 -0.00411303 -0.016946 0.0068823 -0.000467112 -0.00627599 0.00424483 -0.00402852 0.00128617 0.00822781 0.0193746 0.0130112 -0.000704964 -0.0057847 -0.00233184 0.000263791 -0.00981934 -0.00144806 0.00792573 0.000705859 -0.00353201 -0.00097694 0.00495134 -0.00140487 -0.00109053 5.76268e-05 0.000287994 -0.00397896 -0.00117206 -0.0010231 0.00335601 -0.00358636 -0.00143574 -0.0102304 -0.00051129 -0.0144922 -0.0119458 -0.0215758 -0.00613706 -0.00363476 -0.00217736 0.00098655 -0.00068009 -0.000684988 -9.38683e-05 -0.00147667 0.00323477 -0.00558191 -0.00439429 -0.00387559 0.00191403 -0.00231239 0.00103393 -0.00405097 0.00852313 -0.00501647 -3.13499e-05 -0.00175552 
0.0113102 -0.00100407 -0.0118881 0.0133678 0.0115671 0.0146518 0.00164852 0.00689635 0.0344319 0.0654725 0.000806698 0.0723768 0.101212 0.0285703 0.224593 -0.0440751 -0.00075835 -0.00437119 -0.00162316 -0.0582376 -0.00649154 -0.0084096 -0.0118993 -0.0200591 -0.0195572 0.0150484 -0.0482675 -0.00692108 -0.00314472 7.36203e-05 0.0393927 -0.00312841 -0.0309386 -0.00729161 0.0167653 -0.0108347 0.00703338 -0.0132677 -0.00978546 -0.00744436 -0.0115448 -0.00708603 0.0153237 -0.0238766 -0.0122212 0.0191711 -0.00515724 -0.0131352 0.0557476 0.00912507 -0.00038615 0.00171209 0.026916 0.00871098 -0.00578672 -0.0138466 -0.0231255 0.00550884 -0.0383737 -0.00813936 0.0588627 0.00335547 -0.000191259 -0.0341132 0.0250473 -0.0130443 -0.00260273 -0.0115139 0.0243612 -0.00250996 0.00269561 -0.00145877 0.0136725 -0.0103446 -0.0114297 -0.0490492 -0.0039011 -0.0412329 -0.0385797 -0.0553907 -0.0541703 -0.00948644 -0.00374447 -0.001073 -0.00304741 -0.00339965 -0.00539813 -0.00268241 -0.00661895 -0.00314322 -0.00629138 -0.0179619 -0.00240713 -0.020339 -0.0082444 -0.028065 0.0153464 -0.00756432 0.00468566 -0.00438336 
-0.00371822 0.000557546 0.0380778 -0.000125365 0.00984696 -0.0215029 0.000837183 -0.0129224 -0.0561249 -0.0377306 -0.0118166 -0.000950545 0.00179353 -0.00511697 -0.0440751 0.180079 -0.000555395 0.000131846 0.000636541 0.00587818 0.00970217 -0.00351798 0.0111931 0.0194143 0.0365655 -0.00134161 -0.000112328 0.0141566 -0.000457481 -0.000627976 -0.00879635 -0.0183885 0.0043471 -0.00399234 -0.00757504 0.00625979 -0.00631297 -0.00123455 -0.00517015 -0.00070582 -0.00603526 -0.00126645 0.00581278 -0.0146728 -0.0244505 -0.00606366 0.00149911 0.00244841 -0.0513968 0.000939463 0.00279841 -0.00842759 -0.0242689 0.0316297 0.00292162 0.0165099 -0.000463925 -0.00240098 -0.00803726 -0.0041237 0.00206408 -0.00337214 -0.00516704 -0.0205648 0.0113416 0.00841727 -0.000873453 0.014281 -0.000602306 0.0108015 0.00412077 0.00535129 0.000693482 -0.00855286 0.00696179 -0.00140527 0.000980387 0.0446551 0.000579427 -0.0224559 0.00459919 0.00299022 -0.00376791 0.00433969 0.00230778 -0.000745899 -0.00417648 -0.00344451 0.00129007 -0.00146835 -0.0262514 0.00205795 0.00179886 0.00206237 0.00356805 0.00852951 -0.00967806 -0.0095425 -0.0151288 -0.00615084 
0.00106039 0.000105712 -0.00279698 -0.000598747 -0.00110242 -0.00162783 -8.67326e-05 -0.000729005 -0.00524811 -0.00166931 0.00391238 0.000226602 -0.00456679 0.00157304 -0.00075835 -0.000555395 0.0182595 0.000240907 -0.00262839 -0.00459747 0.00194795 -0.000257174 0.00137516 0.000168153 -0.00220082 -0.00113366 -0.00368396 0.000351742 0.000534345 -0.0012575 -0.00129877 -0.000743867 0.000410579 0.000589302 -0.000806103 -4.50655e-05 0.000847595 0.000157283 0.000327453 0.00162193 0.000367194 0.00272326 0.00150823 -0.00051166 -0.00562506 -0.000155953 0.00220967 -0.000254779 -0.00172473 -0.000249467 0.000790751 0.00216383 -0.00039235 0.000161292 -0.000292297 0.000427845 -8.36004e-05 0.000603166 -0.00205481 0.00032615 0.00225815 0.000869215 -0.000572728 0.00154943 0.000863534 0.000689213 -0.0001945 0.00137036 0.000488802 -0.000213314 -0.000202841 -0.000144263 -5.5511e-05 -0.00101006 0.000417711 -0.000258119 0.000637663 -0.000336042 -0.00218017 -0.00310609 0.00150755 -0.000343969 0.000688247 -4.05981e-05 0.000228916 0.000148284 0.00121902 0.000121167 0.00166587 -0.00192834 -0.00250045 0.00129591 0.000836368 0.00222826 -0.000171231 -0.000302007 -0.000315625 -1.53885e-05 -0.000115789 -0.000330882 
-0.000636485 7.57928e-05 -0.00263164 -0.000730288 -0.000804771 -0.000995813 -0.000187298 -0.000158168 -0.00130281 -0.00149294 -0.00174431 -0.00415033 -0.00571307 -0.000667695 -0.00437119 0.000131846 0.000240907 0.016506 0.000762011 0.00216907 0.00168549 0.00227345 -0.000123679 -0.000859795 -0.000321222 -0.00089987 0.00159728 -0.000122271 0.000659982 -0.000239874 -0.00500993 -0.000216892 0.00111869 0.000726442 -0.00142024 0.00065655 -0.000664638 -0.000568172 -0.000223482 -9.80374e-05 -0.000286321 0.000322028 -0.000970425 0.000982322 -0.00123058 -0.00103178 0.000622315 0.000125649 -0.00264766 -0.00066396 9.61332e-05 -0.00279843 -0.0013271 -0.00428718 -0.000361858 0.000760019 0.00362004 -0.000258942 0.00309445 0.00174816 -0.0024332 -0.000154572 -0.000505982 0.000111957 -0.00168171 -0.00051103 -5.99427e-05 0.000271267 -0.000648354 -0.000183194 -0.000609283 -7.46018e-05 -0.000580111 0.000552036 -0.000347132 0.00416926 0.000433763 0.00119712 0.00457881 0.00216647 0.00410314 0.000868789 0.000932343 7.30556e-05 0.00131153 0.000222444 -0.000557844 1.30865e-05 8.39403e-05 -0.00159391 0.000167744 0.00103806 -0.00012411 0.00029657 0.00040047 0.00108369 -0.00126689 -0.000329058 -0.000524922 0.000354788 
-0.00641856 -0.000481012 -0.0239251 0.0105838 -0.0116849 0.0176898 -0.00113962 -0.00121065 0.0380449 0.0266157 -0.0246733 -0.0114941 0.0241841 -0.00614483 -0.00162316 0.000636541 -0.00262839 0.000762011 0.195438 0.0504452 -0.00231889 0.00130734 0.00115682 -0.00827747 0.024736 -0.00159847 0.0280137 -0.0134353 -0.00383481 -0.012033 0.0250202 -0.0130085 -0.0151608 -0.000834487 0.00440477 -0.00606808 0.00538864 -0.00782261 -0.00648099 -0.00734114 -0.00124462 -0.00513394 0.0117774 0.00687193 0.0412929 -0.0102086 -0.00271838 0.00526138 -0.0150811 0.0021967 -0.00126168 -0.00911596 -0.0143448 -0.0518039 -0.00707485 -0.00985846 0.0139188 -0.000963852 -0.00666605 -0.00408063 0.00409356 -0.00472604 -0.00788986 0.0079775 -0.0158553 -0.00670847 -0.00226624 -0.0106614 -0.0108113 -0.000709682 -0.0066535 -0.00236978 -0.00703005 -0.00671843 0.00162692 -0.0112952 -0.00288765 0.00720319 -0.0153801 0.0174586 -0.00171477 0.00886245 -0.00226937 -0.00175675 -0.00547307 -0.00228013 -0.00803409 -0.00169445 -0.00693676 -0.0151811 -0.0263421 -0.00783423 -0.021166 -0.00855896 0.000268753 0.0154277 -0.0185123 -0.0161328 -0.00955851 -0.00406163 
-0.0204883 -0.000278373 -0.0475958 -0.00515067 -0.0227034 0.0281073 -0.00477744 -0.0103745 0.0133629 0.00248014 -0.0439739 -0.0426006 -0.024383 -0.0287869 -0.0582376 0.00587818 -0.00459747 0.00216907 0.0504452 0.23174 -0.00414007 0.000364838 0.000508303 -0.0093582 0.0390136 -0.00783914 0.0484116 -0.0277789 0.00214942 0.00144107 0.0136125 -0.014271 0.0188399 0.00272384 0.00874423 -0.00977667 0.0103402 -0.000105949 0.000739873 -0.00940292 0.00856034 0.00224478 -0.0174143 -5.83089e-05 0.0633342 -0.0230596 -0.0051081 0.00737117 -0.0505553 -0.0304943 -0.00780963 0.0149827 -0.0451089 -0.0724476 0.00273866 0.00920141 0.0213209 -0.000784982 0.0275722 0.00594281 -0.0291377 -0.00265532 0.000193907 0.0278248 -0.0556032 -0.000691213 0.000453921 5.65591e-05 -0.0267169 -0.027727 -0.00834913 -0.00375786 -0.00542523 0.00856295 0.00142545 0.0271833 -0.00316691 0.0519931 0.0219274 0.0563235 0.0360333 0.0137113 0.000535885 -0.00323333 0.000553759 0.00208544 -0.00635446 -0.00276104 -0.00638888 -0.00139559 -0.00123095 0.0136028 -0.0190875 0.0057347 -0.00552838 0.0179896 -0.0453059 -0.0157922 -0.0188636 0.00810092 
0.000875709 0.000189548 -0.00250827 -0.000881989 -0.00161798 -0.00474963 0.000217879 0.00299491 -0.012299 -0.00160331 0.000357182 -0.00229172 -0.00280829 -0.000420806 -0.00649154 0.00970217 0.00194795 0.00168549 -0.00231889 -0.00414007 0.071001 -0.00119585 0.00131677 0.0126943 0.00176036 -0.00292774 -0.00521274 -0.00019075 0.000227039 -0.00473299 -0.0165729 -0.00604934 0.00231015 -0.000919224 -0.0065645 0.00155801 -0.00377445 -0.00241895 -0.000792997 0.000661722 -0.00200341 -0.00120709 0.0201077 -0.00744708 0.00167466 -0.00169181 0.000388147 -0.00336802 -0.00452776 -0.00234189 0.000556818 -0.00578812 -0.000702254 0.00529665 -0.00195709 0.000406039 0.00832279 0.000135256 -0.0017865 -0.00205641 -0.00430104 0.000684358 -0.0014922 -0.00467366 0.00536873 -0.00218033 -0.000712436 0.00283148 0.000904384 0.00250663 0.00203855 0.000655697 -0.00144304 -0.00328471 0.000905995 -0.00295291 0.00105475 -0.000987916 -0.000326737 -0.00777953 -0.00444658 -0.000378056 -0.000279263 -0.00104833 -0.000554923 0.0022035 -0.0034005 0.0014105 -0.00106278 0.00103885 0.00927803 -0.000419214 0.0029911 -0.00116669 0.00130708 -0.00434905 -0.00194317 -0.00331251 0.000668717 -0.0013797 
-0.00155776 0.000201718 -0.0078943 -0.00147053 -0.00464798 -0.00410339 -0.00053491 0.002914 0.000108643 -0.00418584 -0.00365613 -0.00526053 -0.0152572 -0.00163865 -0.0084096 -0.00351798 -0.000257174 0.00227345 0.00130734 0.000364838 -0.00119585 0.0455649 0.000661272 -0.0017333 -0.000900267 -0.00448143 0.00636908 0.00315562 -0.000611184 0.000848135 -0.00306849 -0.00154772 -0.00112499 0.0036093 -0.00044726 0.000385861 -0.00137558 -0.00142428 0.00204895 0.00253601 -0.00171076 -0.000189675 -0.00701899 -0.000706026 5.05182e-05 -0.000943038 -0.000684133 -0.00190543 -0.000837281 0.000741175 -0.000429396 -0.00104482 -0.00503559 -0.00993358 0.00201491 0.00384777 0.00308724 -0.00105385 0.0083118 0.00543341 -0.00694125 0.000132354 0.000223315 0.00175204 -0.00377593 0.000326013 0.000184097 -0.00152631 -0.0047934 -0.00112778 -0.000241055 0.000685609 -0.000628007 -0.0023749 -0.00107542 0.00964253 0.00177517 -0.00169991 0.00830316 0.00918286 0.00532111 0.000416795 -0.000905925 0.00268718 -1.43316e-05 0.000518957 0.0001146 0.000864674 0.00144687 0.00101799 -0.00149758 0.00148993 0.0019602 0.000199767 0.00504546 -0.00260005 -0.00331395 -0.00263931 -0.00174373 -0.000432886 
-0.000738837 0.000267958 -0.0151935 -0.00198447 -0.00170333 0.00342234 0.000470512 0.00307048 -0.0276768 -0.0151138 -0.0079158 0.00255531 -0.0130609 -0.00098758 -0.0118993 0.0111931 0.00137516 -0.000123679 0.00115682 0.000508303 0.00131677 0.000661272 0.095119 -0.00334085 -0.00121708 -0.00173791 -0.00268073 -0.00149554 0.000825376 0.000264067 -0.0165788 -0.00456195 0.0101314 0.00242233 -0.00618406 0.0011769 0.00580003 0.00727058 0.00429334 0.0021809 0.0102165 0.0100446 0.00569894 -0.00716643 -0.0141819 -6.69283e-05 0.00132368 0.0057161 -0.0135547 0.00837828 0.0019285 -0.0279439 -0.0129333 -0.00595332 0.000532602 -0.00576666 -0.00193497 0.00719882 -0.00545769 -0.00225425 0.00237747 0.00112194 0.00303511 -0.00974052 -0.00380801 -0.00485686 -0.00126896 0.00152035 0.00224723 0.00384138 0.00230962 -0.000448878 -0.00100234 0.00955886 0.00190811 0.000492882 -0.000262412 0.0351714 0.00272536 -0.00381235 -0.00918736 -0.00102224 -0.000177649 -0.00241691 0.000805019 -0.000194832 -0.0109975 -0.00126203 -0.00111779 -0.00284913 -0.0180789 0.00519936 -0.000642605 0.0113552 0.000160973 0.000835943 0.00372521 0.00921911 -0.00282915 0.00325493 
0.00121836 0.00103563 -0.000566542 -0.00508659 -0.0153511 -0.0098379 0.00129774 -0.00922708 -0.0343144 -0.00788669 -0.00405817 0.00224132 -0.0149172 -0.00667714 -0.0200591 0.0194143 0.000168153 -0.000859795 -0.00827747 -0.0093582 0.0126943 -0.0017333 -0.00334085 0.14805 0.0080995 -0.0111431 -0.00330294 0.0060364 -0.00127066 -0.00878119 0.00488564 -0.0134915 -0.00571833 -0.00293111 0.00376866 0.0125183 -0.0050276 -0.00298481 -0.00415534 0.000636969 -0.00176434 -0.00409447 0.0278406 -0.0173289 -0.0161024 0.00332517 0.00640574 -0.0120313 -0.0286266 0.00183443 0.0021855 0.0191977 -0.0139062 0.00265384 -0.00252852 0.0033517 0.00974553 0.00384125 -0.00996513 -0.00294107 0.000857546 -0.00240841 -0.00403144 -0.0164461 0.0195169 0.0163744 0.000567304 0.0046782 0.0218299 0.0144583 0.000950624 0.00345545 0.00118579 -0.00972547 0.00843659 -0.0118947 -0.00108224 0.00230953 0.0111549 -0.0226493 -0.000885165 -0.00464382 0.00382743 0.000848987 -2.25667e-05 -0.000872627 -0.00150134 -0.00188601 -0.006349 -0.00115452 -0.0158791 -0.00638595 0.0218494 -0.00697862 0.00222491 0.0148209 -0.00601344 -0.000261253 -0.00638241 -0.00469315 
-0.00257167 0.000166164 -0.00872176 -0.00069479 0.0107764 -0.00668897 -0.0010546 -0.00351313 -0.0211842 0.00280087 -0.0104054 -0.0324316 0.0337365 -0.00648493 -0.0195572 0.0365655 -0.00220082 -0.000321222 0.024736 0.0390136 0.00176036 -0.000900267 -0.00121708 0.0080995 0.191846 0.0121105 -0.0195707 -0.0121443 0.0024966 -0.00422727 -0.0193583 0.00482778 -0.00819728 -0.00478405 0.00985485 -0.00370289 -0.00384642 -0.00945808 -0.00878706 -0.0055775 0.00296184 -0.00701369 0.0194482 0.00807951 0.00301401 -0.00282129 -0.00599475 -0.00712287 -0.0392799 -0.00453271 -0.00274536 -0.00753768 -0.0303216 -0.00182247 0.00839968 0.00987105 0.0225523 -0.00598198 0.00322586 -0.00389682 0.0341578 -0.00432594 -0.00842419 -0.0159977 -0.0130265 -0.0038776 -0.000259536 -0.00392582 -0.00836697 -0.0037635 -0.00935199 0.000781701 -0.00496259 -0.00612283 -0.00792587 0.0111077 0.000469232 0.0229245 -0.0016093 -0.00277041 -0.00194412 0.00255284 -0.00381881 -0.00866659 0.000348518 -0.00180538 -0.0121899 -0.0012739 -0.00824312 -0.00480171 -0.0162743 0.00279956 -0.00713153 -0.00584617 -0.00306861 0.0273628 -0.0242627 -0.00716652 -0.0170504 -0.00392099 
-0.00100892 0.000107013 0.0232083 0.00781075 0.00639774 -0.000266099 -0.00149943 -0.00374641 0.00103367 0.00343634 -4.58308e-05 -0.0196936 0.0266628 -0.00199856 0.0150484 -0.00134161 -0.00113366 -0.00089987 -0.00159847 -0.00783914 -0.00292774 -0.00448143 -0.00173791 -0.0111431 0.0121105 0.124644 -0.0304722 -0.00322273 0.0022003 0.00846981 -0.00876825 -0.000368456 -0.0164215 -0.0029381 0.0100244 -0.00181682 -0.00435158 -0.00548095 -0.0031841 -0.00288764 -0.00645608 -0.00483946 0.0192016 0.00848682 -0.0206184 0.0212047 -0.00160043 -0.00777621 0.00709867 -0.0098681 -0.000239092 -0.0109636 -0.00348915 -0.00837632 -0.00597338 0.000210297 -0.00720353 0.00557288 -0.0114352 0.00283689 0.00253079 -0.000699576 0.00205741 -0.00637475 0.0234058 0.00183599 0.00115451 -0.00315391 -0.00760353 -0.00254445 -0.0052605 0.00116645 0.00551803 -0.00369148 -0.00361355 0.0018231 -0.00125893 -0.0114111 -0.000897001 -0.0204103 -0.0141794 0.00550871 -0.00246045 -0.00151998 0.00123726 -0.00237004 -0.00435732 0.000650458 -0.00258509 -0.00217401 0.00886132 0.00362186 -0.00104508 -0.00507626 -0.00372215 0.00569215 -0.00869779 -0.011595 -0.00685835 0.00284313 
-0.0114521 -0.000773368 -0.0540845 -0.00483303 -0.016395 0.00388795 -0.00269205 0.00197278 0.0524304 -0.00946381 -0.0319235 -0.0243594 -0.0261161 -0.017978 -0.0482675 -0.000112328 -0.00368396 0.00159728 0.0280137 0.0484116 -0.00521274 0.00636908 -0.00268073 -0.00330294 -0.0195707 -0.0304722 0.222641 -0.00931515 -0.00328694 -0.00665529 0.00928873 -0.00396541 0.00561103 0.00136978 0.00682628 0.00448838 -0.012777 -0.00638283 -0.000247149 -0.00219639 -0.00738359 0.00371519 -0.0263778 0.00999282 0.101691 -0.0133045 -0.00158795 0.0234959 -0.00217688 -0.003879 -0.00201992 -0.0106177 -0.0117938 -0.0465383 0.0076202 -0.0083855 5.53672e-05 -0.00952949 0.0480238 -0.000718442 -0.0725246 0.00466678 0.00365053 0.0286927 -0.0348278 -0.00579418 -0.00290611 -0.00637564 -0.0283088 -0.00519666 0.00251947 -0.00310979 -0.00401691 -0.00131903 0.0143711 0.0045103 -0.00298945 0.00964524 0.0101522 0.0924025 0.0353518 0.00127032 0.00285877 -0.00419709 -0.00480118 0.00494532 -0.0189272 -0.000909488 -0.000717811 0.0174953 -0.026506 -0.0116562 -0.0284681 -0.0101944 -0.00080213 -0.00701709 -0.00980567 -0.00424344 -0.0222027 0.000295997 
0.00256103 0.000360198 0.0243847 -0.00143959 0.00400395 -0.00817987 0.00100359 -0.00244982 -0.024387 -0.0140027 0.0141922 0.00790701 -0.00700373 0.00479152 -0.00692108 0.0141566 0.000351742 -0.000122271 -0.0134353 -0.0277789 -0.00019075 0.00315562 -0.00149554 0.0060364 -0.0121443 -0.00322273 -0.00931515 0.0774834 -0.000346973 -0.00303144 0.0126798 -0.00923768 -0.000162242 0.00120869 -0.00572635 0.00665358 -0.00255677 -0.000492955 -0.000579331 -0.00280735 -0.00458787 0.00284529 -0.00281606 -0.00356525 -0.0269993 0.00134585 -0.000300752 -0.00318582 -0.017547 -0.00230089 0.00106075 0.00739087 0.00202523 0.0290183 -0.00314112 -0.000755684 -0.0035883 0.00234155 -0.00852099 -0.00227511 0.00122602 -0.000851333 -0.00329917 -0.00620349 0.0180716 0.0054325 -0.00108254 0.00439214 0.00398179 0.00224969 0.00138402 -0.000746783 0.000640742 -0.00364243 0.00203883 -0.00192356 0.000784433 -0.00885593 -0.00685523 -0.0126781 0.00600284 -0.00288836 -0.0022024 0.00615863 -0.00113305 -0.000671828 0.00463893 -0.000355324 0.00941092 0.000231338 -0.00684504 0.00203163 0.00594028 0.00247567 0.00656591 -0.00267263 0.00106758 -0.00343872 -0.00592119 -0.00280208 
-0.000566064 0.000271163 0.000628866 -0.000342608 0.0010801 0.00120149 -7.9769e-05 -0.00091265 -0.00425283 -0.00024514 0.000411113 -0.00375421 -0.00272159 -0.000582364 -0.00314472 -0.000457481 0.000534345 0.000659982 -0.00383481 0.00214942 0.000227039 -0.000611184 0.000825376 -0.00127066 0.0024966 0.0022003 -0.00328694 -0.000346973 0.0180499 -5.61078e-05 -0.00667514 0.000651183 0.00143718 0.00046847 -0.00112756 -0.000396258 -0.000331175 0.000506192 0.000795683 -8.57237e-05 -9.08401e-05 0.00180094 -0.00223199 -0.000178454 -0.00461558 8.10341e-05 0.000768303 0.00146049 -0.000589111 0.00035821 -0.000112935 -0.00319821 0.000115664 -0.00338627 0.000133267 0.000531273 0.00222309 -0.000221791 0.000106921 0.000402734 -0.00125229 -1.41532e-05 0.00049073 -0.000625875 -0.00155826 -8.01339e-05 0.00124649 3.42633e-05 0.000305498 -0.000870922 -0.000480799 5.06597e-05 -0.000428112 0.0019052 -7.6382e-05 0.00390163 2.69953e-06 0.00208931 0.00103905 0.00108513 -0.00157097 0.000460311 0.00152602 -0.000375423 0.000255466 -2.46866e-05 -0.00133479 -0.000195144 0.000190071 -0.00151936 0.00147626 0.0014429 -0.000545385 0.00150437 -0.000476657 0.000987114 -0.00204695 -0.000390078 -0.00109694 0.00210087 
0.000328125 0.000510164 0.00766484 0.00211315 0.00339311 0.00273967 0.00131884 0.0151792 -0.0310191 -0.0249332 -0.0104454 -0.00671211 -0.0171253 -0.00135571 7.36203e-05 -0.000627976 -0.0012575 -0.000239874 -0.012033 0.00144107 -0.00473299 0.000848135 0.000264067 -0.00878119 -0.00422727 0.00846981 -0.00665529 -0.00303144 -5.61078e-05 0.109862 -0.00644762 -0.00127002 0.00645962 0.00200826 0.0117186 0.00088903 -0.000137036 0.00141016 0.000563576 -0.00271571 0.00585252 -0.00177166 -0.010726 -0.00478758 -0.0271033 0.00546314 0.00389505 -0.0111383 -0.00728066 -0.0117029 -0.00109351 0.00054504 -0.00306345 0.00540632 0.0101207 0.00460736 0.00116989 -0.0032514 -0.00527996 0.000547064 -0.00290544 -0.00117435 -0.00164952 -0.01058 0.00369323 0.000599139 -9.05515e-05 -0.00482318 -0.0127247 -0.00433748 -0.00197786 -0.00112993 0.00140002 -0.00194456 -0.003115 0.016734 -7.47643e-05 -0.000790666 0.0112269 0.000400367 -0.00394787 0.008894 0.0014428 -0.00184567 0.00291483 0.000220413 -0.00452577 -0.00126646 0.00159688 0.00491834 -0.0136336 0.00867795 0.00270252 0.00440408 0.00185346 0.00394016 0.0080567 0.00017109 0.00517523 -0.000344243 
0.000686756 -0.00138547 0.0228181 -0.00234777 -0.0086084 0.00556274 -0.000261787 -0.0189992 0.0329375 0.0303209 -0.00785676 0.0261405 0.0608532 0.00611916 0.0393927 -0.00879635 -0.00129877 -0.00500993 0.0250202 0.0136125 -0.0165729 -0.00306849 -0.0165788 0.00488564 -0.0193583 -0.00876825 0.00928873 0.0126798 -0.00667514 -0.00644762 0.243275 -0.0235695 -0.0305271 -0.00689953 0.012587 -0.00643819 0.00550362 -0.0222549 -0.00298931 -0.0126996 -0.0171924 -0.00704742 -0.0134898 -0.00267883 0.0362488 -0.00212638 -0.00437627 0.00239105 -0.0207561 0.00307752 -0.00127422 0.0857505 0.010741 -0.00484436 -0.0116058 -0.00569356 -0.0253782 0.00518989 -0.0300636 -0.00594245 0.0264367 -0.00103732 -0.0192557 0.00700101 0.00163135 0.0132143 -0.00712294 -0.00948205 0.00216341 -0.00968496 0.000655353 -0.00799284 0.00687589 -0.0205995 0.00256557 -0.0587652 -0.0047551 -0.0173593 -0.0501153 -0.0185852 0.0110788 -0.0058697 -0.0096059 0.00406134 -0.00185109 -0.00491448 0.00221854 -0.0042533 0.00331964 0.0279464 -0.0347977 -0.0134905 -0.00462405 -0.0203638 -0.000128791 0.00328468 -0.0337009 -0.015924 -0.0345361 -0.00883856 
0.0114216 -0.000561909 0.00369281 0.00208189 0.0145096 -0.0134735 0.000847186 -0.000390248 0.0123957 -0.0123437 0.0351678 -0.0115935 -0.00454713 0.00687208 -0.00312841 -0.0183885 -0.000743867 -0.000216892 -0.0130085 -0.014271 -0.00604934 -0.00154772 -0.00456195 -0.0134915 0.00482778 -0.000368456 -0.00396541 -0.00923768 0.000651183 -0.00127002 -0.0235695 0.139693 -0.00334953 0.00141189 0.00381653 -0.00412096 -0.0103671 -0.00312123 -0.000732777 0.00104149 -0.0096925 -0.00201601 -0.00915707 0.0124156 -0.0140072 -0.00676781 0.000367079 -0.00408095 0.0215766 0.00211144 -0.00204486 -0.00962337 0.00140374 0.0209676 0.0117861 -0.00789389 -0.0127997 -0.0024405 0.00421978 -0.00382232 0.000149043 -0.000345354 -0.00208956 0.00139245 -0.00636711 -0.00628754 -0.00139226 -0.00695604 -0.0157353 -0.00583052 -0.00750301 9.817e-07 -0.00472475 -0.00562434 -0.00483052 0.0123581 0.00122915 -0.0265691 -0.0115004 0.0102714 -0.00623788 -0.00614628 -0.00677153 -0.00628475 -0.00171393 -0.000723854 0.000822147 -0.000679327 0.00453896 -0.00735303 0.0384556 -0.0082047 -0.00502661 -0.00241205 -0.00171639 0.00920931 0.0192468 0.00245733 0.0105258 -0.00214224 
-0.000169812 0.000274817 -0.00886906 -0.00464465 0.00523844 0.00959748 -0.000169278 0.010547 -0.046333 -0.0302854 -0.00727383 -0.00654504 -0.0472219 -0.00723391 -0.0309386 0.0043471 0.000410579 0.00111869 -0.0151608 0.0188399 0.00231015 -0.00112499 0.0101314 -0.00571833 -0.00819728 -0.0164215 0.00561103 -0.000162242 0.00143718 0.00645962 -0.0305271 -0.00334953 0.123574 0.00306933 -0.00543476 0.00227069 -0.00106016 0.0204892 0.00591877 0.00279045 0.0243232 0.00719038 -0.0161161 -0.00684499 -0.0223098 -0.00820427 -0.00177625 0.00109661 -0.022439 -0.0107949 -0.000642538 -0.0373972 -0.0116133 9.93885e-05 0.00596562 -0.00570612 0.0117642 0.000313589 0.00788442 -0.00351472 -0.0148389 -0.000447698 -0.000734278 -0.000396955 -0.00296281 -0.00688958 -0.00172674 0.012374 -0.00184107 -0.00206056 -0.000312667 4.56908e-05 -0.00580133 0.00482189 -0.00530599 0.0236264 -0.000477932 0.0369095 0.0304415 0.0180311 0.000474011 -0.000418744 -0.00146651 -0.00183752 0.000457494 0.00560919 -0.00404519 -0.00165502 0.00248742 -0.0108218 -0.0160415 0.00572938 0.00717475 0.0135886 0.00203542 0.0157159 0.00857044 0.0181502 0.00413704 0.000830242 
-0.00113378 0.000128461 -0.00918676 -0.0008274 -0.00438033 -0.00353913 -0.000422671 0.00210735 -0.0045122 -0.00178153 -0.00377574 -0.00362048 -0.0101961 0.000600272 -0.00729161 -0.00399234 0.000589302 0.000726442 -0.000834487 0.00272384 -0.000919224 0.0036093 0.00242233 -0.00293111 -0.00478405 -0.0029381 0.00136978 0.00120869 0.00046847 0.00200826 -0.00689953 0.00141189 0.00306933 0.0389531 -0.00123193 -8.55048e-05 0.00102469 0.00584443 0.00115727 0.000297698 0.00305737 0.000766847 -0.00570984 -0.000499213 -0.00338835 -0.00058024 -0.000162492 -0.0008766 0.00176801 -0.00322751 0.000527778 -0.00731304 -0.00250322 -0.00742768 0.00211727 0.00175467 0.00234586 0.0015939 0.00562011 0.000589139 -0.00451605 0.00104083 0.000597055 -0.0036156 -0.00462889 -0.00110559 0.000945773 -0.000185275 0.00179163 -0.00184351 0.00058555 -6.3095e-05 0.0021386 0.00215281 -0.000332992 0.00851871 -0.000350546 -0.000701181 0.00186408 0.00592939 0.0023436 -0.0022683 0.00050339 0.000383696 -0.000297459 0.000365715 -0.000908554 -4.72057e-05 0.00214464 -0.000906108 0.00298459 0.0024131 0.00158535 0.00231331 0.000664252 0.00120019 -0.00261822 0.000428338 -0.00175794 0.000362257 
