0.150599 -0.00187376 0.00301212 -0.0110389 -0.00529532 0.00118462 -0.00414658 0.00124488 -0.0156008 -0.000864717 -0.00113209 -0.0142268 0.00271176 -0.00209101 -0.017086 -0.0056214 -0.00788619 0.0183039 0.0127181 -0.0200467 0.000538912 0.00163075 0.00632786 -0.030423 -0.0307505 0.0192253 -0.00720072 -0.00256044 -0.0288748 -0.0151226 -0.00824574 -0.00636183 0.00382564 -0.00475534 -0.00715661 0.00283575 -0.00997044 -0.00106534 -0.000466469 -0.00604499 -0.00555115 -0.0151493 0.0217286 -0.00675233 -0.0132057 0.0117849 -0.00200763 -0.0113431 -0.0169156 -0.000920391 -0.0171966 -0.00603673 0.0289442 0.0263205 0.00804334 -0.0102122 -0.0112685 -0.0154029 -0.00341048 0.000697977 -0.00203761 -0.000490677 -0.008323 0.016851 0.00532876 -0.00186241 -0.00684923 0.00316649 0.0237286 -0.0173905 0.0128613 -0.00659358 0.000463412 0.000161326 0.0399078 -0.0108551 0.00565505 -0.00712394 -1.50551e-05 -0.00696672 -0.000886905 0.00647041 -0.0105246 -0.0118732 0.00364848 -0.000829037 0.00124877 -0.00112741 -0.00941348 -0.00686579 -0.00586159 0.0189096 0.00256892 -0.00152378 0.0173099 -0.00206798 -0.0125178 0.0202449 0.0104422 0.0226364 
-0.00187376 0.248695 -0.012893 -0.00811064 0.00321679 -0.0177291 -0.0203832 0.0176577 -0.00724577 -0.00220619 -0.00974023 0.0304655 -0.0156622 -0.00358062 -0.0101337 -0.000631612 0.0143871 -0.022777 0.0044178 0.0279611 0.00168574 -0.00855366 -0.00730909 -0.0105931 -0.00764823 -0.0023757 0.0166238 -0.00908368 -0.00964734 0.0418319 -0.00692248 0.00412208 0.00990645 -0.0385774 -0.0228336 -0.0167257 0.0119191 -0.00656098 -0.0201179 0.00531523 -0.00348499 -0.0329166 0.0660584 -0.017019 -0.00643416 -0.00810773 0.0318473 0.00316588 -0.0462302 -0.000254354 0.0274292 -0.0162338 -0.0440712 -0.0285189 0.00305489 -0.0195774 -0.00203825 0.00708031 -0.00169779 -0.00903145 -0.0154406 -0.0106444 -0.00536666 -0.0144326 -0.00459442 -0.00105119 0.0224256 0.0178836 -0.0218911 -0.0169396 -0.0206672 -0.00345258 0.037686 -0.00850328 -0.0347361 0.0358715 0.00291703 -0.0182701 0.0166495 -0.0320353 -0.000359904 0.00211286 -0.0141335 -0.00342679 -0.0133284 0.00139243 0.0172514 -0.0234841 -0.00895603 0.00599269 0.0068976 -0.0181909 -0.00214856 0.0160892 -0.0162548 0.00817225 0.0253483 -0.0271843 0.0794435 -0.00195016 
0.00301212 -0.012893 0.0467889 -0.00228703 0.00084177 -0.00222392 0.00314829 -0.00382224 -0.00706305 0.000786007 -0.000570841 -0.00757726 -0.00268361 0.000380025 -0.00527431 -0.00120348 -0.00176179 0.00169415 -0.00762209 -0.000597963 -0.000648173 0.00711439 -0.000355883 -0.00581574 0.000511133 0.00160775 -0.00145444 -3.47382e-05 0.00273377 -0.0102047 0.00311117 0.00309367 -0.000861159 -0.00327078 -0.000456743 0.00243973 -0.0048031 0.000281851 0.000755068 -0.00184792 0.000503744 0.00480856 -0.0106603 0.000640993 0.00556295 -0.00231943 -0.00133698 -0.000438363 0.000352424 -0.000203696 -0.000100504 -0.00185318 -0.00205727 -0.00160377 -0.000196169 0.00241581 -0.00740235 0.000619966 0.00390307 0.000676005 0.010431 0.00159368 -0.000832336 -0.00140237 0.00154864 0.0115798 -0.0035641 -0.00369177 -8.07555e-05 -0.00536519 0.00226754 0.00117401 0.00501983 0.000921586 -0.00180481 0.00737844 -0.000935192 0.00618944 0.00392436 -0.00768606 0.00104445 -0.0012126 0.00474552 -0.000824432 -0.00430651 0.00321888 0.00366807 0.00163348 0.00377193 -0.00115489 0.00359811 -0.00345736 -0.000301704 -0.00368133 -0.00624844 -0.00751123 0.00994071 0.000370241 -0.0128053 -0.00143066 
-0.0110389 -0.00811064 -0.00228703 0.0837599 0.00410978 -0.000474564 0.00892852 -0.0023796 -0.00579765 0.00352388 0.00223772 0.0156894 0.0102985 9.94113e-06 -0.00243847 -0.00541683 0.0044824 -0.00859053 0.00426272 -0.00517413 -0.000917036 -0.00272196 0.00104331 -0.0073312 0.000177601 0.00612292 0.00725801 0.00219017 -0.00900233 -0.0152343 -0.00343484 -0.00167761 -0.00227914 0.00768078 -0.00432483 -0.00168321 0.000122177 0.00181534 -0.00334343 9.66554e-05 -0.000309874 -0.003632 -0.00685017 -0.00585559 0.00161154 -0.0062936 -0.00859459 0.00265912 0.00275515 -0.000161518 -0.00403215 -0.00138646 -0.00228666 0.0108128 -0.00408941 -0.0134311 -0.00684982 -0.00815926 -0.0016908 0.00124837 0.0021594 -0.000680447 0.0163033 0.000183483 0.00159485 -0.000527295 0.00485766 -0.00472566 -0.00292281 -0.00171978 0.0107596 0.00114793 -0.0137657 0.0261942 -0.000767883 -0.00913154 -0.00347627 0.0114288 -0.00530353 -0.0159336 -9.51949e-05 0.00205456 -0.00141461 -0.00507298 0.0259531 -0.00779774 -0.00387905 -0.00504365 -0.00404947 -0.000259711 0.000210748 -0.000575035 -0.000495441 -0.00244169 0.0132535 -0.00170519 -0.0094483 -0.00361479 -0.011541 -0.00532833 
-0.00529532 0.00321679 0.00084177 0.00410978 0.0723819 0.00221341 0.00897524 -0.00464295 -0.00574506 0.00634111 0.0008705 -0.0181398 0.00387516 3.88794e-05 -0.0071473 -0.0030843 0.00578951 -0.00343222 -0.00740625 -0.00136256 3.89802e-05 0.0116488 0.000969433 -0.00892683 -0.000878206 0.00109994 0.00386477 0.000613914 0.0127036 -0.00530506 0.00286677 0.00594501 -0.000226297 0.000344793 -0.00364799 -0.00252016 -0.00757895 -0.00102929 -0.00053453 -0.00121445 -0.00148943 -0.00384157 0.00585008 0.00637788 0.0104587 0.000807365 -0.00618511 0.00608607 -0.00197437 -0.000339335 0.00372035 -0.00168322 0.00125703 -8.56447e-05 0.00884287 -0.00208766 0.0023724 0.0145362 0.00181231 -0.000202661 0.00136671 0.0012896 0.00198143 -0.00215466 -0.00122456 -0.00200683 -0.00520071 -0.000802575 -0.00648838 -0.0198797 -0.00148092 0.00511929 -0.00544833 -0.00614069 -0.00219089 0.00665226 -0.00438365 0.00220977 -0.00342508 -0.00935858 -0.000397833 0.000930898 -0.000134763 0.00315468 0.000804517 -0.00394992 0.00623929 -0.00243108 -0.00120978 0.0104369 -0.00106916 -0.00348715 -0.000143577 -0.00748522 -0.00582286 -0.0153537 -0.00750822 -0.002122 -0.0244351 0.000685705 
0.00118462 -0.0177291 -0.00222392 -0.000474564 0.00221341 0.0808535 -0.00728411 -0.00518551 0.027354 0.00105875 0.000288901 -0.014568 0.00854136 0.00105513 -0.010901 0.00303605 -0.00284833 0.0010681 -0.00478826 -0.00922031 -0.000346075 -0.000283105 0.000577337 -0.00823818 0.00914006 -0.00221444 -0.000512101 8.88352e-05 -0.00650535 0.0230116 -0.000202198 -0.00644895 0.00109576 -0.00323164 0.000366421 -0.00123738 -0.0213949 -0.00140856 0.00876812 -0.00357506 0.000935527 0.00116736 -0.00851593 -0.00585607 0.00515027 -0.00230335 0.000856044 -0.00485422 0.00784709 -3.34367e-05 -0.00746018 0.0115234 -0.0039623 -0.00768004 0.00463979 0.0201767 0.000677569 -0.00604019 -0.0018717 -0.00134367 -0.000286644 -0.00315808 -0.00423126 0.0203313 -2.58268e-05 -0.0046847 -0.00585585 -0.00603913 -0.0065356 0.0223192 0.0125983 0.00197305 -0.00426469 0.00456539 -0.00646848 -0.0115985 -0.00467032 -0.00972478 -0.00733078 0.0207993 -0.00198452 -0.00106754 0.00698767 -0.00525612 -0.00542861 -0.00445687 -0.00641595 -0.000791008 -0.000266747 -0.00248069 -0.00488121 -0.00206556 0.000563654 -0.00610464 -0.00159822 0.00658024 -0.00939327 0.00721176 -0.0123089 -0.00648891 
-0.00414658 -0.0203832 0.00314829 0.00892852 0.00897524 -0.00728411 0.0991912 -0.00823381 -0.00980377 0.00819476 -0.00128933 0.0253559 -0.00148016 -0.00141344 0.0254085 -0.00369615 0.00458368 0.00475477 -0.0115066 -0.0119607 -0.000689961 0.00312162 -0.000867728 -0.0122265 -7.88245e-05 -0.0202199 -0.00755888 -0.00132934 0.0244591 -0.0283203 0.00236684 0.0156739 -0.00384931 0.0157435 0.00303548 -0.000684293 0.0391245 -0.00237559 -0.0035139 0.00134754 -0.00127204 -0.00683886 -0.0151787 0.0368731 0.020549 0.00261075 -0.0154655 -0.000799036 -0.00897436 -0.000381936 0.00758908 -0.00651637 0.0111322 0.00107187 -0.0127267 -0.0155314 0.0064708 0.00359103 -0.00244136 0.000196322 0.00267193 0.00583721 0.0261824 -0.0060771 1.20981e-06 -0.0060081 -0.00472166 -0.00865462 -0.0115403 -0.00904606 -0.0163016 -0.00129408 -0.0226711 -0.00371626 -0.0140883 0.0104755 -0.00276206 -0.0212568 0.00135844 -0.0146912 0.000350285 0.000801158 0.00672755 0.00814191 0.025268 -0.000653472 -0.00725149 0.00223777 -0.00363426 -0.00261718 0.0254332 -0.00530068 0.000766164 -0.0119669 -0.00255727 -0.0115428 -0.0120539 -0.00241725 -0.0362025 -0.0116845 
0.00124488 0.0176577 -0.00382224 -0.0023796 -0.00464295 -0.00518551 -0.00823381 0.0954441 0.00723472 -0.00274176 -0.000439492 0.00926452 -0.0130692 -0.000525577 -0.00057327 0.0123623 -0.000463586 -0.00555843 0.0135109 0.00687236 0.00303368 -0.0114975 -0.00117579 0.012546 -0.0129855 -0.000713275 0.00346075 -0.00406362 -0.0215365 0.00236102 -0.00484278 -0.00625376 -0.00321596 -0.00677599 -0.00438564 -0.00264814 0.00255019 0.00158239 -0.00485903 0.00740218 0.00326247 -0.00769632 0.00393067 -0.0136698 -0.0174305 -0.00536589 0.0162464 0.00568917 -0.0115794 0.000822804 -0.00605619 -0.00258492 0.00065631 -0.00464927 -0.0087155 -0.00641067 0.00113391 -0.0026126 -0.00177886 -0.00213939 -0.0015177 -0.00160893 -0.00661374 -0.00429298 0.00260052 -0.00677111 0.0132157 0.00286291 0.0037538 -0.0140361 -0.0142201 -0.00129118 -0.0018469 -0.00612886 0.0117964 -0.015277 0.0131096 0.00341643 -0.00684543 -0.00825488 -0.00160417 0.00105154 -0.00857876 -0.0052101 -0.00820569 -0.0104862 0.0064299 -0.00477358 -0.00378366 -0.00197394 -0.00747813 -0.000556609 -0.000878138 0.0109264 0.00676452 0.0027197 0.00950781 0.000571096 0.0367806 0.011736 
-0.0156008 -0.00724577 -0.00706305 -0.00579765 -0.00574506 0.027354 -0.00980377 0.00723472 0.161854 -0.00200842 -0.00156166 -0.0132986 -0.00987166 0.00200229 0.0159167 0.010079 -0.00930021 -0.00217209 -0.0196388 -0.0164821 -0.00103623 -0.00917982 -0.000710712 0.0172884 -0.00137361 -0.0257018 -0.00634624 0.00730737 -0.00962962 0.0572298 -0.00275387 -0.00670752 0.00487484 -0.0114326 -0.00133146 -0.00695227 -0.000808522 -0.00328343 0.0164774 0.000515094 0.0114697 -0.000271658 0.00240821 -0.0134905 -0.00929629 0.00316904 0.0189419 0.0111709 0.00566389 0.000311334 -0.0140138 0.0117548 -0.0168623 -0.0380763 -0.011031 0.0283306 0.0313589 -0.0236883 0.000773299 -0.000221747 -0.00274214 -0.00476874 -0.00523447 0.0185522 -0.00225017 -0.00652475 0.00555697 -0.00306427 -0.0316717 0.0374942 -0.0130664 -0.00382822 0.00136066 -0.00899648 -0.0372594 -0.0143435 -0.00563402 -0.0324219 -0.013006 0.0497309 -0.00255874 -0.00622553 0.00369413 0.00218228 -0.00883879 0.00431832 -0.00877105 0.000148887 -0.00460948 -0.00428689 0.00394874 -0.0181553 -0.00180286 -0.00723675 -0.012396 0.0372273 0.0158559 -0.00125737 -0.00921878 -0.0235974 
-0.000864717 -0.00220619 0.000786007 0.00352388 0.00634111 0.00105875 0.00819476 -0.00274176 -0.00200842 0.0777356 0.000460749 0.00693385 -0.00496379 -0.000345657 -0.00775562 0.00441731 0.019763 0.00436134 -0.0088884 -0.00390343 0.0017335 -0.00258118 0.000427963 -0.0168309 -0.00689597 0.0033759 0.0069789 -0.00249288 -0.0137962 -0.00953405 -0.000750024 0.00364842 0.00206368 -0.000775892 -0.00115009 -0.00183623 0.00675136 -0.000902741 0.0001243 0.00168895 -0.000424715 -0.00591117 0.0129827 0.0131932 -0.00549522 -0.000710343 -0.0102597 0.0127866 -0.00119696 0.000122655 -0.00483442 -0.00141624 -0.0011432 0.000763375 -0.000401447 -0.0114622 -0.00052085 -0.000514059 -0.0020931 -0.000120761 0.0039669 -0.00120966 0.0162606 -0.00207641 -0.00138684 -0.00530406 0.00738367 -0.00124656 -0.0104656 -0.0111606 -0.00720598 0.00144136 -0.00757398 -0.00166044 -0.00825031 -0.0108236 -0.00641051 -0.00575748 0.00400793 -0.0131884 0.00139788 0.000144175 0.00103 0.00515799 0.0183312 -0.00414443 0.00301864 -8.43745e-05 -0.0045485 0.00268353 0.000442132 -0.0050791 0.000994267 -0.00754453 0.00605698 0.00286958 -0.00788613 -0.00124371 -0.0158081 0.00238322 
-0.00113209 -0.00974023 -0.000570841 0.00223772 0.0008705 0.000288901 -0.00128933 -0.000439492 -0.00156166 0.000460749 0.0288327 -0.00306754 2.95634e-06 -4.02477e-05 -0.0040276 6.63116e-05 0.000156688 -0.00116682 0.00186958 -0.000610442 0.000331927 -0.00272464 0.000476105 -0.000268512 -0.00300296 0.00578153 0.00188455 -0.000193021 -0.00577236 -0.00681525 0.000636255 -0.000819189 -0.00128445 0.00678323 0.000567209 0.00149422 -0.00797207 0.000658077 -0.0010048 0.00065213 9.21521e-05 0.00464282 0.000190697 -8.31962e-05 -0.00320568 0.00189099 -0.0042493 0.00338937 0.000783107 -0.000196516 -0.00227991 -0.00118824 0.00449167 0.00309222 0.00377372 -0.0010123 -0.00192499 0.000798076 -0.000273389 0.00249038 7.5278e-05 -0.00036948 -0.000355942 0.000894294 0.00171976 0.00113472 -0.00113846 -0.000875256 0.000937489 -0.00285677 0.00480759 0.000406333 -0.00475567 0.000630049 0.00552021 -0.00498273 0.00178952 0.00365271 -0.00295088 -0.00266032 -0.000422398 -0.000245875 -0.00134343 -0.000704981 -0.00027058 -0.000117787 0.000933409 0.000830524 -0.000868054 -0.00108473 -0.00212251 -0.00153315 0.000748786 -0.00199606 0.00163301 -0.00163924 -0.00274269 0.00358881 -0.00588108 0.000846042 
-0.0142268 0.0304655 -0.00757726 0.0156894 -0.0181398 -0.014568 0.0253559 0.00926452 -0.0132986 0.00693385 -0.00306754 0.207925 -0.000676724 -0.00291634 0.0441498 0.00229088 0.00699202 -0.0136747 0.0128252 -0.0258311 0.0016079 0.0044458 -0.00379983 -0.0221539 0.00299311 -0.0254261 -0.00978682 -0.00361483 0.0244736 -0.00571488 -0.00862045 -0.00367553 -0.000288197 0.00595249 -0.0102163 -0.0114828 0.0672546 -0.00284554 -0.0108287 0.00360282 0.00958969 -0.0182431 -0.00358693 0.0291704 -0.00436708 -0.00670619 -0.0203782 -0.00984792 -0.0215629 0.000382371 0.0120476 -0.00907301 -0.00747818 -1.73714e-05 -0.0112084 -0.0354121 0.0306086 -0.00225214 -0.00550812 -0.00534318 0.000236244 -0.00651209 0.015771 -0.0322309 -0.0021415 -0.0156618 0.0174045 0.0064329 -0.0163499 0.0292943 -0.0245382 -0.00729798 -0.0371824 0.00565632 -0.029084 -0.000441884 -0.00781334 -0.0144704 0.00631707 -0.0410677 -0.000431533 0.000797139 0.000257735 -0.0188076 0.0403552 1.62909e-05 -0.0137927 -0.00768499 -0.0102924 -0.012622 0.0181265 -0.0154143 0.000519191 -0.00750519 -0.00267328 0.0497427 -0.0126106 -0.0109162 0.0160366 -0.0200266 
0.00271176 -0.0156622 -0.00268361 0.0102985 0.00387516 0.00854136 -0.00148016 -0.0130692 -0.00987166 -0.00496379 2.95634e-06 -0.000676724 0.151698 0.00034862 -0.00481856 -0.00462226 -0.00754745 0.000585172 0.000728408 8.24267e-05 -0.00222307 0.0322685 0.000321065 -0.0149958 0.0130443 -0.00359902 0.00758081 -0.00113621 0.0314826 0.00568894 -0.00424262 0.00467731 -0.00722 0.0127762 0.00167904 -0.00437529 -0.0182503 -0.00314816 0.00268337 -0.00697766 -0.00429236 0.00325836 -0.0099629 -0.017252 -0.00577546 -0.0030857 -0.000845346 -0.00706996 -0.0137648 -0.0010733 -0.00857872 -0.00431289 0.00882047 0.0178085 -0.0146228 -0.0041353 -0.0117104 0.00701632 -0.00244646 -0.000851959 0.00213345 -0.00284765 -0.00263876 -0.00237301 -0.00211289 0.013981 -0.00865888 -0.0101398 0.00632882 -0.0182033 0.00712669 0.00461909 0.000719257 0.00439608 0.00607666 -0.00450829 0.011106 0.017307 -0.0141621 8.538e-05 -0.00347499 -0.00283362 -0.00750351 -0.013802 0.00178748 0.00152811 -0.0085944 -0.00498363 -0.00252196 -0.000756191 -0.0114574 -0.00214807 -0.00175189 0.00169174 0.00667544 -0.0265578 -0.0108079 0.00763139 -0.0123001 -0.00468941 
-0.00209101 -0.00358062 0.000380025 9.94113e-06 3.88794e-05 0.00105513 -0.00141344 -0.000525577 0.00200229 -0.000345657 -4.02477e-05 -0.00291634 0.00034862 0.0161675 -0.00128313 0.00271375 -0.000914177 -0.000736757 -0.00135832 0.00290029 0.000125209 0.000246031 0.000232811 0.00341435 0.00173346 -0.00135737 -0.000529742 0.000702952 3.62549e-05 -0.00297361 0.000573375 -0.000752074 0.000214609 -0.000466461 0.000964094 -2.64066e-05 -0.00238802 -0.000222567 3.81077e-05 -0.000613029 0.00033135 0.0016788 0.000604451 -0.00111667 -0.000749312 -0.00127965 -0.00111053 0.000804775 0.00363974 8.11027e-05 -0.00016019 0.000424838 -0.000778607 -0.00249017 -0.00126681 0.0039549 -0.000922251 -0.00067759 -7.45767e-05 5.78139e-05 0.00112338 -0.000333342 -0.00113958 0.000783965 -0.000177917 0.000146204 0.000213672 -0.00102883 -0.00216123 0.000494775 -0.00108774 -0.000137416 -0.000870932 -0.000878139 -0.000878967 -0.00227633 -0.000698058 0.00129066 -0.00101988 0.00375313 0.000149003 -0.0003256 0.000255856 -0.000856626 -0.000666629 -0.000598118 -0.000251906 -0.000434291 -0.000413587 0.000158503 -0.00143364 -0.000500993 -0.000110687 0.00105248 -0.000702812 0.000734504 0.000730808 0.000273304 -0.00111088 -0.00138067 
-0.017086 -0.0101337 -0.00527431 -0.00243847 -0.0071473 -0.010901 0.0254085 -0.00057327 0.0159167 -0.00775562 -0.0040276 0.0441498 -0.00481856 -0.00128313 0.161921 0.00522402 -0.0084013 -0.00642424 -0.000313873 -0.0231454 -0.00183281 -0.0126189 -0.000839642 0.0224699 0.00436596 -0.0322246 -0.0122484 0.0161533 0.0467172 -0.00325086 -0.00529754 -0.00202602 -0.00504906 0.0194414 -0.00451308 0.000721517 0.0774705 0.00260483 -0.00327329 0.00820769 0.00628395 -0.00712451 -0.0245377 0.0208816 0.0147558 0.00976602 -0.0163293 -0.000752367 -0.00762875 0.000668997 0.00247781 -0.00562857 -0.0159418 -0.019921 -0.0221318 -0.0238863 0.0583709 -0.0110575 -0.00494 -0.00371712 -0.00435256 -0.00179519 0.00416188 -0.0213564 -0.00239665 -0.0181446 -0.00742296 0.00856596 -0.0176931 0.0417577 -0.0373925 -0.0030954 -0.0263195 -0.00892135 -0.0281404 -0.0025939 -0.00689409 -0.0334541 -0.00408299 0.0257172 -0.000777152 -0.0064514 0.00830827 -0.00516705 0.00274225 -0.00146154 -0.0183223 -0.00078509 -0.00551165 -0.00112659 0.0211809 -0.000766381 -0.001357 -0.00205666 -0.0182411 0.0387507 -0.0103743 -0.00876566 -0.0354879 -0.0179599 
-0.0056214 -0.000631612 -0.00120348 -0.00541683 -0.0030843 0.00303605 -0.00369615 0.0123623 0.010079 0.00441731 6.63116e-05 0.00229088 -0.00462226 0.00271375 0.00522402 0.0775944 0.00756905 0.00325565 -0.00255043 0.00775988 0.000813923 -0.00560946 0.00164957 0.00404519 -0.00238836 -0.00507414 -0.00114579 0.000389806 -0.0119411 -0.00456571 0.000304063 -0.00374694 0.000270828 -0.00560315 0.0059946 0.00213641 -9.90268e-05 0.00242699 -0.00132012 0.004733 0.00530071 0.0113115 -0.00250723 0.00664724 -0.00161237 0.00409746 0.000232317 -0.00263913 -0.00122154 9.7197e-05 -0.00598683 -9.54078e-05 -0.00748035 -0.0163558 -0.00299825 0.000511209 0.00286638 -0.0041965 -0.000230526 -0.00140496 0.00499094 -0.00284037 -0.00415678 -0.000808884 -0.000303841 -0.000447102 0.00339177 -0.00109558 -0.0147962 0.00102432 -0.0122287 -0.00256638 -0.0144281 -0.00641659 -0.0121738 -0.00889521 0.000991139 -0.00516519 -0.00227136 0.00569216 -0.00125304 -0.000667843 0.0045854 -0.000538263 -0.0104153 -0.00362882 0.00625337 0.00435028 -0.000956529 -0.00198795 -0.00243312 -0.0051976 0.000420368 0.00154146 -0.0140398 0.0120971 0.00223821 0.00225176 0.00430015 0.000436044 
-0.00788619 0.0143871 -0.00176179 0.0044824 0.00578951 -0.00284833 0.00458368 -0.000463586 -0.00930021 0.019763 0.000156688 0.00699202 -0.00754745 -0.000914177 -0.0084013 0.00756905 0.109741 -0.000720885 -0.0179471 -0.0017694 0.00268429 -0.0040562 -0.00106261 -0.0163943 0.00248044 0.00278738 0.0114053 -0.00235203 -0.0184945 -0.0191667 0.00646286 0.0154725 0.0030996 -0.0130642 -0.0014853 -0.0035218 -0.00187475 -0.00273636 0.00116376 0.0120528 -0.00101667 -0.00610597 0.0225375 -0.00336073 -0.00832794 -0.00455869 -0.000767692 -0.00208556 -0.00642638 -0.00034136 0.00919526 0.000197315 -0.0011524 -0.0100574 -0.00426342 -0.00675146 -0.00645485 0.00355097 -0.00199928 0.000658927 0.00348868 -6.61249e-05 0.0081607 -0.00501294 -0.00212807 0.000147317 0.0310081 0.00504748 -0.0199594 -0.0216156 -0.0125268 -0.000327873 -0.00529616 3.17696e-05 -0.0141034 0.00231428 -0.00504508 0.00187072 0.0140241 -0.0274219 0.0016138 0.00776295 -0.00773392 0.00111975 0.0070969 -0.00755762 0.0209562 -0.0047259 -0.00192275 -0.00305615 -0.00160809 -0.0071881 0.00226343 -0.0142667 -0.0125356 -0.00671441 -0.00434082 -0.00106491 0.0115119 0.00802547 
0.0183039 -0.022777 0.00169415 -0.00859053 -0.00343222 0.0010681 0.00475477 -0.00555843 -0.00217209 0.00436134 -0.00116682 -0.0136747 0.000585172 -0.000736757 -0.00642424 0.00325565 -0.000720885 0.114035 -0.00755956 -0.00788499 0.00119183 0.0234822 0.00315542 -0.0146288 -0.00260933 0.00271347 -0.0062733 -0.00173292 -0.00728467 -0.0113692 0.00329987 7.56284e-05 -0.00335628 -0.0210182 0.018202 0.00500595 -0.0124125 0.00131295 -0.00206969 -0.00253629 0.000290744 -0.00672969 -0.00711866 -0.00475397 -0.0119657 -0.00331819 -0.00186491 -0.00251393 -0.00752445 -0.000466856 0.00244756 -0.000630406 0.00619206 0.00440052 -0.00748494 0.0121313 -0.00655884 0.00118288 -0.000805997 0.00078078 -0.00174997 -0.00163044 -0.00450226 0.0123479 0.000473062 -0.00155769 -0.00571963 -0.00468038 8.66407e-05 -0.0107764 -0.00896649 -0.00295583 -0.000251127 -0.00301585 0.00489045 -0.000928034 -0.00122447 -0.000961648 -0.00545896 0.0110852 0.00310158 0.00228209 -0.00507012 0.0042297 0.000341345 0.00856018 0.000349888 0.015981 -0.00015215 -0.00344124 -0.00356235 0.00340655 0.0020509 -0.0102642 0.0121492 -0.0143396 -0.00112418 0.00711149 -0.00210521 -0.000206667 
0.0127181 0.0044178 -0.00762209 0.00426272 -0.00740625 -0.00478826 -0.0115066 0.0135109 -0.0196388 -0.0088884 0.00186958 0.0128252 0.000728408 -0.00135832 -0.000313873 -0.00255043 -0.0179471 -0.00755956 0.167003 -0.00190228 -0.00187943 -0.00281716 -0.000307012 0.0198947 0.00360948 0.0141791 -0.00139042 -0.000701297 -0.0148741 -0.0286138 -0.004373 -0.0168838 -0.0117669 0.0151242 -0.00787831 0.000859763 -0.000986673 0.00342578 -0.0102915 -0.00401066 -0.00766712 -0.00931113 -0.0245865 -0.0141494 -0.0218274 -0.00925391 0.00103895 -0.0204816 -0.00972081 -0.000977258 -0.00755239 -0.00965221 0.0151654 0.0483547 0.00181573 -0.0333749 -0.00629474 0.00319565 -0.00478229 -0.00101782 -0.00817257 -0.00415265 -0.0112656 -0.00931761 0.00375279 -0.00583962 -0.0116547 -0.00529221 0.0302742 0.00501976 0.0249122 -0.00810489 -0.0169844 0.00773243 0.0447302 -0.0360269 0.0147689 0.0114858 -0.0164192 -0.0102413 -0.00435128 0.000859757 -0.0117358 -0.000855807 0.0122718 -0.0163201 -0.0143967 -0.0101942 -0.00621532 -0.00579593 -0.0148336 0.0314016 0.00271433 0.00160903 0.0469783 -0.0096643 -0.0237182 0.00487285 0.0129695 0.0401055 
-0.0200467 0.0279611 -0.000597963 -0.00517413 -0.00136256 -0.00922031 -0.0119607 0.00687236 -0.0164821 -0.00390343 -0.000610442 -0.0258311 8.24267e-05 0.00290029 -0.0231454 0.00775988 -0.0017694 -0.00788499 -0.00190228 0.144456 -0.000279641 -0.00669905 -0.00224432 0.0355578 0.0193751 0.0241622 0.0193041 -0.00383612 -0.0152977 -2.85868e-05 0.00447907 -0.000318854 0.00121695 -0.00739114 0.00759582 -0.00137412 -0.0411989 0.00299742 -0.00865974 -0.00133891 -0.00333149 0.0107455 0.00119308 -0.0209213 -0.00439363 -0.00390042 0.0151592 -0.0112405 0.015179 -0.001742 0.0078745 -0.00282401 -0.0191146 -0.0220476 -0.00560088 0.00710907 -0.031596 -0.000530364 9.2085e-05 -0.00208049 -0.00223162 -0.00147664 -0.0135381 -0.00645902 -0.00209276 0.0152385 0.00250391 -0.00917332 -0.00129969 -0.0211377 -0.00321349 0.00151486 0.0131406 -0.00702556 0.00238124 -0.00793778 0.0022169 0.0364696 -0.0109422 -0.00681971 -0.00317051 -0.000752723 -0.00393926 -0.00885779 -0.0214622 -0.000421462 0.00827556 0.000986095 0.00453743 0.00935706 -0.0120633 -0.000167105 -0.00282437 0.020508 -0.00251245 -0.034706 0.0128263 -0.00781557 0.038105 0.00978812 
0.000538912 0.00168574 -0.000648173 -0.000917036 3.89802e-05 -0.000346075 -0.000689961 0.00303368 -0.00103623 0.0017335 0.000331927 0.0016079 -0.00222307 0.000125209 -0.00183281 0.000813923 0.00268429 0.00119183 -0.00187943 -0.000279641 0.0231593 -0.0011326 -0.000406207 -0.00140339 -0.00241833 9.75258e-05 -0.000539632 -0.000733838 -0.00322977 -0.00337982 -0.00089127 0.00271702 -0.000528016 -0.000807502 -0.000882978 -0.000480467 0.00230642 -0.00052604 -0.000488423 -0.000453052 -0.00024087 -0.000909328 0.0113557 0.000968805 -0.00224584 0.00284258 -0.00237817 0.00387945 -0.00315563 0.000760265 -0.00155442 -0.000628541 -0.00227032 -0.00349718 -0.000821688 -0.00135558 -0.000320614 -0.00224357 -0.000633156 -0.000367141 -0.000530579 -0.000174855 0.00169669 0.00125776 -0.0002913 -0.00206276 0.00187937 -0.00126823 -0.00135497 -0.00379099 -0.00330635 0.00021053 -0.00289845 0.000481422 0.000617968 -0.0025651 -0.00159127 -0.00103896 0.00356381 0.00160142 0.00137119 0.00209147 -0.00174868 0.00260035 -0.000734752 6.50255e-05 -0.00016391 -0.00116229 -0.000291158 -0.000298307 -0.000582247 -0.000195441 -0.000166526 -0.00129766 -0.00379891 -0.000484224 -0.00228395 -0.000934495 0.00594623 0.000535974 
0.00163075 -0.00855366 0.00711439 -0.00272196 0.0116488 -0.000283105 0.00312162 -0.0114975 -0.00917982 -0.00258118 -0.00272464 0.0044458 0.0322685 0.000246031 -0.0126189 -0.00560946 -0.0040562 0.0234822 -0.00281716 -0.00669905 -0.0011326 0.158948 0.000788665 -0.0152935 0.0336225 -0.008451 -0.00483365 -0.00603029 0.0267977 0.000235094 0.00366454 0.00551391 0.00131264 -0.0234743 0.00575241 -0.00303851 -0.013777 -0.0006953 -0.00101898 -0.00731866 -0.00143834 -0.0100257 -0.00766698 -0.0196037 0.0190135 -0.00592372 -0.0126586 -0.0102232 -0.0151474 -0.0013055 0.013757 0.00171865 0.0189921 0.0154412 -0.0183522 0.0108028 -0.0273276 0.0159852 -0.00205126 -0.00242039 0.000536105 -0.00497148 -0.0124078 0.0044331 -0.00111762 0.00127738 -0.00694241 -0.0111042 0.0100145 -0.0166434 -0.00464128 0.0035891 -0.0103079 -0.0123193 -0.0015992 0.0100817 0.0118546 -0.00172518 -0.013139 -0.0111577 0.00281089 -0.00537892 -0.00954539 -0.0072472 -0.00525891 0.0198046 0.00451301 0.000539645 -0.0083869 -0.0082241 -0.00399788 -0.011299 -0.00111968 0.00126191 0.00438699 -0.021629 -0.00952687 -0.000289704 0.00345021 -0.00632642 
0.00632786 -0.00730909 -0.000355883 0.00104331 0.000969433 0.000577337 -0.000867728 -0.00117579 -0.000710712 0.000427963 0.000476105 -0.00379983 0.000321065 0.000232811 -0.000839642 0.00164957 -0.00106261 0.00315542 -0.000307012 -0.00224432 -0.000406207 0.000788665 0.0254936 -0.000619043 -0.00222393 -0.00194849 0.000657233 0.00129955 -0.00204543 -0.00250734 -0.000590057 -0.00206789 -0.0018574 -0.00080441 0.00231859 0.000470142 -0.00386905 0.000671899 -0.00126908 -0.000742062 0.000821489 -0.000890565 -0.0038841 -0.00326252 -0.00180183 0.00489173 -0.00255139 -0.00125936 0.00078043 -6.45911e-05 -0.00125246 0.00020013 0.00456595 0.00436318 0.000278366 -0.00217297 0.000837667 -0.00135618 -0.000420163 0.00014639 -0.000701232 0.00145806 -0.00125074 0.0038336 0.000817621 -0.00254579 -0.00246443 0.000519604 0.00508237 -0.000419787 0.00102418 0.00108853 -0.00299111 -0.00157948 0.00507906 -0.00296142 -0.000233334 -0.000631043 -0.00175425 -0.0021013 -0.000486681 2.04414e-05 -0.00143745 -1.68009e-05 0.000842714 -0.000177397 -0.00123503 0.00187357 -0.000920061 0.000239859 -0.000481 0.00399273 0.000433407 -0.00216857 0.00468023 -0.0039305 -0.00384536 0.00420429 -0.00817601 0.0020917 
-0.030423 -0.0105931 -0.00581574 -0.0073312 -0.00892683 -0.00823818 -0.0122265 0.012546 0.0172884 -0.0168309 -0.000268512 -0.0221539 -0.0149958 0.00341435 0.0224699 0.00404519 -0.0163943 -0.0146288 0.0198947 0.0355578 -0.00140339 -0.0152935 -0.000619043 0.185347 0.0193987 -0.00260083 -0.00640576 0.0136444 0.000222123 -0.0097832 0.00481426 9.67458e-05 -0.00240193 -0.00306238 0.00596374 -0.00175184 -0.003048 0.00824652 -0.00935196 -0.00153968 0.000441264 0.00772919 -0.0236316 -0.0266429 -0.00078729 -0.00257124 0.00388576 0.00702705 0.0140513 -0.00124935 -0.00668012 -0.000820545 -0.0174396 -0.0198035 -0.0227303 -0.00181507 -0.00314498 -0.00744445 -0.0060691 -0.00357215 -0.00627204 -0.000467449 -0.0187596 -0.00224049 -0.000997725 -0.00505408 -0.0128986 -0.00507493 0.011597 0.0268427 -0.0243642 -0.00382927 -0.00171112 -0.0106426 0.014145 -0.0283519 -0.00176442 0.0108606 -0.00112264 0.0382741 -0.00176294 -0.00473039 -0.0105082 0.0100037 -0.0177113 0.00754296 -0.0107217 0.00553364 0.0106134 0.0151175 -0.013128 0.0153316 -0.00170144 0.0123668 0.00362389 -0.00952951 -0.019283 -0.00804892 0.015786 0.00744393 
-0.0307505 -0.00764823 0.000511133 0.000177601 -0.000878206 0.00914006 -7.88245e-05 -0.0129855 -0.00137361 -0.00689597 -0.00300296 0.00299311 0.0130443 0.00173346 0.00436596 -0.00238836 0.00248044 -0.00260933 0.00360948 0.0193751 -0.00241833 0.0336225 -0.00222393 0.0193987 0.176332 -0.0283939 0.00132542 0.00156653 0.0430964 0.0145242 0.0141145 0.00424389 0.00150663 -0.0111319 0.0197705 0.00345156 -0.0136893 0.00276171 0.00426898 -0.00505648 -2.45858e-05 -0.00535178 -0.0255429 -0.0176956 0.0487999 -0.00623594 -0.0262247 -0.0137235 0.0181108 -0.00102228 0.0189197 0.00124619 -0.00454594 -0.0222733 -0.0195411 0.00890912 -0.0241963 0.0210346 -0.00346859 -0.00299287 -0.00702737 -0.00266054 -0.018358 -0.0150553 -0.00412222 -0.00683499 -0.00334779 -0.0164274 0.000508979 0.0148692 -0.00737928 0.008469 0.00381638 -0.00597079 -0.0133895 0.0128895 -0.00850061 -0.0102976 -0.02299 0.00327863 -0.0026257 -0.00890645 0.0133618 -0.010741 -0.0164885 0.0184672 -0.0132887 0.0025411 -0.00650194 0.00472304 0.000737995 0.00407202 0.000747794 -0.0116442 -0.0161411 -0.00684123 -0.0174779 -0.00758624 -0.0204596 -0.0174889 
0.0192253 -0.0023757 0.00160775 0.00612292 0.00109994 -0.00221444 -0.0202199 -0.000713275 -0.0257018 0.0033759 0.00578153 -0.0254261 -0.00359902 -0.00135737 -0.0322246 -0.00507414 0.00278738 0.00271347 0.0141791 0.0241622 9.75258e-05 -0.008451 -0.00194849 -0.00260083 -0.0283939 0.172459 0.0108289 -0.00173575 -0.053435 -0.0247583 -0.000603318 -0.00615956 0.00187777 0.00402555 -0.00322403 0.00211583 -0.0513188 0.0015375 -0.00582468 -0.00444275 -0.00566335 0.0186051 0.00117528 -0.0326968 -0.0103245 -0.00342894 -0.0171792 -0.0109769 0.021472 -0.000120145 -0.0212914 0.00801395 -0.0137141 0.0221247 0.036281 -0.00238337 -0.0292955 -0.00460346 0.00322198 0.00356219 0.00170631 -0.000310938 -0.013357 0.0172797 0.00276957 0.0110934 -0.00243735 -0.0025219 -0.00322318 -0.00360826 0.0285584 -0.0061796 -0.0187576 0.012527 0.026808 -0.0417859 0.00516515 0.041772 -0.00701129 0.00847929 -0.00142655 0.000440819 -0.011401 -0.0111352 0.00366317 -0.00895168 0.01559 0.00215219 0.00976874 0.00557465 -0.0176133 -0.0045247 0.00163969 0.0115834 -9.00889e-05 -0.0223683 -0.0119508 -0.00258373 0.0203341 0.0393593 
-0.00720072 0.0166238 -0.00145444 0.00725801 0.00386477 -0.000512101 -0.00755888 0.00346075 -0.00634624 0.0069789 0.00188455 -0.00978682 0.00758081 -0.000529742 -0.0122484 -0.00114579 0.0114053 -0.0062733 -0.00139042 0.0193041 -0.000539632 -0.00483365 0.000657233 -0.00640576 0.00132542 0.0108289 0.0807765 0.000712771 -0.00872494 0.011957 -0.00045305 -0.000951886 -0.00154699 -0.00546397 -0.00331464 -0.00278752 -0.0203807 0.00192526 -0.00122379 0.00499055 -0.00335458 0.00181228 0.0157922 -0.0131425 -0.00666542 -0.00478106 0.00411634 0.00596041 0.00318573 7.6237e-05 0.00240996 0.00189591 -0.0105858 -0.00600005 -0.00239013 -0.00952812 -0.0141945 -0.000891766 0.00120492 0.00068666 -0.000257788 -0.00140349 -0.00223544 0.00110357 -0.00168316 0.00633696 0.0145137 -0.00292874 -0.00508136 -0.0186036 -0.000779072 0.00424286 0.0037007 -3.68774e-06 -0.00955616 -0.00412579 -0.00152053 0.00725301 -0.00349459 -0.0103074 -0.00114568 0.000361344 -0.000766198 -0.00849411 -0.00423597 -0.00254442 0.00365941 -0.00321428 -0.00178543 0.00633508 -0.00646796 -0.0080539 -0.00107193 0.00236268 0.00812876 -0.0166156 0.000477753 -0.00450697 0.0150063 0.0013329 
-0.00256044 -0.00908368 -3.47382e-05 0.00219017 0.000613914 8.88352e-05 -0.00132934 -0.00406362 0.00730737 -0.00249288 -0.000193021 -0.00361483 -0.00113621 0.000702952 0.0161533 0.000389806 -0.00235203 -0.00173292 -0.000701297 -0.00383612 -0.000733838 -0.00603029 0.00129955 0.0136444 0.00156653 -0.00173575 0.000712771 0.0523615 0.00729126 -0.00436711 -5.60209e-06 -0.00110194 -0.00288492 -0.00359373 0.000878876 -0.000646657 -0.00152571 0.00218868 -0.000315603 -0.000979055 0.0020021 0.00624168 -0.00183261 -0.0100699 0.00337771 0.00225345 -0.00277307 0.00478355 0.00539932 2.35507e-05 -0.00300251 0.000871083 -0.00927945 -0.00460503 0.00244766 -0.00579233 0.0076672 -0.00219377 -0.00110147 -0.00028441 0.000725822 0.000679365 -0.00273258 -0.0036809 -0.000607976 -0.00163222 -0.00243852 -0.0032492 -0.00498769 0.00486364 -9.91543e-05 0.0010069 -0.000258373 0.00305163 -0.00485699 -0.00426754 -0.00320366 -0.00736811 0.000144788 0.0121213 -0.000838158 -0.00123141 0.00086806 -0.000416972 5.6006e-05 0.0036782 -0.00412929 -0.00191714 0.00150955 0.00155087 -0.00321411 -0.00104376 -0.000489844 -0.00281533 -0.00502805 0.0097261 -0.00898328 -0.00303474 -0.00888512 -0.00304341 
-0.0288748 -0.00964734 0.00273377 -0.00900233 0.0127036 -0.00650535 0.0244591 -0.0215365 -0.00962962 -0.0137962 -0.00577236 0.0244736 0.0314826 3.62549e-05 0.0467172 -0.0119411 -0.0184945 -0.00728467 -0.0148741 -0.0152977 -0.00322977 0.0267977 -0.00204543 0.000222123 0.0430964 -0.053435 -0.00872494 0.00729126 0.221007 0.0141334 0.000921992 0.0178082 0.000700384 0.0134063 -0.00104356 -0.00750887 0.0520818 -0.00126467 -0.00185897 -0.00109248 -0.000490034 -0.020606 -0.0226156 0.0310344 0.0424384 0.000830815 -0.0149902 0.000611037 -0.00470716 -0.00115815 0.0373694 -0.00314225 0.0106725 -0.00939479 -0.0148564 -0.0132212 0.0365071 0.0230586 -0.00481828 -0.00406808 -0.000371721 -0.00154415 -0.000883428 -0.030071 -0.00369638 -0.00763205 -0.0239792 -0.0038978 -0.00463241 -0.0132109 -0.0315327 0.00360923 0.00695673 -0.0257927 -0.0431638 0.0480836 -0.0159508 -0.0272212 -0.015222 -0.000131198 -0.0027186 -0.0108086 0.0158151 0.00535003 -0.00202003 0.0155077 -0.0239098 -0.00807676 -0.00213163 0.0111645 0.0184517 -0.00280805 -0.00465089 -0.0222036 -0.0315208 -0.0168582 -0.0101882 -0.00820807 -0.0539094 -0.0316584 
-0.0151226 0.0418319 -0.0102047 -0.0152343 -0.00530506 0.0230116 -0.0283203 0.00236102 0.0572298 -0.00953405 -0.00681525 -0.00571488 0.00568894 -0.00297361 -0.00325086 -0.00456571 -0.0191667 -0.0113692 -0.0286138 -2.85868e-05 -0.00337982 0.000235094 -0.00250734 -0.0097832 0.0145242 -0.0247583 0.011957 -0.00436711 0.0141334 0.244978 -0.00721228 -0.0136385 0.0143728 -0.0201787 -0.00489757 -0.0161089 -0.0110555 -0.01108 0.0154592 -0.0122846 -0.00239383 -0.00924613 0.0172805 0.011746 0.0108768 -0.0163438 0.046019 -0.00320881 -0.00752464 -0.000452164 0.00414324 0.011804 -0.045815 -0.0504873 -0.010627 0.0446881 0.00438104 -0.0145608 0.00554605 -0.00738587 -0.0115442 -0.00863273 -0.0209267 0.00901229 -0.00830672 -0.00283073 -0.00587706 -0.00354635 -0.0307157 0.032356 -0.00184887 0.00269295 0.035439 -0.024419 -0.0589928 0.0268839 -0.00400582 -0.0306181 -0.0132944 0.0420378 -0.00516338 -0.0122688 0.00519585 -0.0148143 -0.0349857 0.0129287 -0.0147978 0.000945838 0.00491869 -0.00831539 0.00959794 -0.0309244 -0.00491458 0.0285482 -0.015846 0.014449 0.0359133 -0.0148079 0.032673 -0.0379462 
-0.00824574 -0.00692248 0.00311117 -0.00343484 0.00286677 -0.000202198 0.00236684 -0.00484278 -0.00275387 -0.000750024 0.000636255 -0.00862045 -0.00424262 0.000573375 -0.00529754 0.000304063 0.00646286 0.00329987 -0.004373 0.00447907 -0.00089127 0.00366454 -0.000590057 0.00481426 0.0141145 -0.000603318 -0.00045305 -5.60209e-06 0.000921992 -0.00721228 0.0621631 0.0043871 0.00109313 -0.000450324 0.0111513 0.00423954 -0.0119479 -0.00195977 0.00345265 0.00150305 -0.00111039 0.00329711 -0.00700465 -0.00682069 0.00999213 -0.00173547 -0.00499505 -0.00673995 -0.00336322 -0.000558507 0.00385954 -0.00238642 -0.000644044 -2.77668e-05 0.00210798 0.00675335 -0.00629546 0.00926669 0.00120818 0.00419458 0.00273392 -0.000456573 -0.00350387 -0.00280142 -0.000362774 0.00221533 -0.00299176 -0.0014803 -0.00723787 -0.0101946 -0.00106941 0.00220294 0.00314479 -0.00379615 0.00214643 0.00362552 -0.00131362 0.0112944 -0.00299723 -0.00446503 -0.000312902 -0.00119928 0.00169878 -0.00215457 -0.00738044 0.00129185 -2.18746e-05 0.00161911 0.00302911 -0.00275539 0.000247453 -0.0018224 0.00102429 -0.00641078 -0.0110953 -0.0154536 0.000498513 -0.0017229 -0.00835444 0.00377778 
-0.00636183 0.00412208 0.00309367 -0.00167761 0.00594501 -0.00644895 0.0156739 -0.00625376 -0.00670752 0.00364842 -0.000819189 -0.00367553 0.00467731 -0.000752074 -0.00202602 -0.00374694 0.0154725 7.56284e-05 -0.0168838 -0.000318854 0.00271702 0.00551391 -0.00206789 9.67458e-05 0.00424389 -0.00615956 -0.000951886 -0.00110194 0.0178082 -0.0136385 0.0043871 0.0954047 0.00429767 -0.00303099 0.00260694 -0.00306299 -0.00408238 -0.000634839 -0.00119488 -0.00258907 -0.00267302 -0.0023587 0.0286643 0.00789475 0.00159511 0.00820172 0.00484101 0.0151082 -0.00621208 0.000455534 0.00700098 -0.00341244 -0.0120506 -0.0167481 -0.00386839 -0.0114046 -0.00786415 -0.00665837 -0.00074807 -0.00180414 0.00025278 0.00431747 0.00439972 -0.00401148 -0.00179414 0.0183966 0.004985 -0.00257597 -0.0154607 -0.0294017 -0.0176357 0.00309899 -0.00324318 -0.00558294 -0.0126823 0.00785514 -0.00482539 -0.0143994 0.016114 -0.0102958 0.00332941 0.00122132 -0.00440305 0.0172625 -1.88192e-05 0.00511997 0.00864283 -0.00222291 -0.000833168 0.00156299 -0.00105665 -0.000360904 -0.00079503 -0.0078715 -0.0218436 -0.0130007 -0.0041657 -0.00499741 0.00182766 -0.00846479 
0.00382564 0.00990645 -0.000861159 -0.00227914 -0.000226297 0.00109576 -0.00384931 -0.00321596 0.00487484 0.00206368 -0.00128445 -0.000288197 -0.00722 0.000214609 -0.00504906 0.000270828 0.0030996 -0.00335628 -0.0117669 0.00121695 -0.000528016 0.00131264 -0.0018574 -0.00240193 0.00150663 0.00187777 -0.00154699 -0.00288492 0.000700384 0.0143728 0.00109313 0.00429767 0.0867198 -0.0028912 -0.00255288 -0.00226852 -0.00654744 -0.00112889 -0.000417558 -0.00100585 0.0014183 -0.00521018 0.0196336 0.00100161 0.00191007 0.00105347 -0.00674095 0.0033106 -0.00124538 4.08419e-05 0.00259388 -0.000280813 -0.00884954 -0.00992978 -0.00537902 0.0135507 -0.00882043 -0.0026288 -0.00117869 -0.000622931 -0.00419413 -0.00214508 -2.79891e-05 0.00211944 -0.00167394 -0.00371943 0.00267279 0.000297143 -0.0100652 0.0026452 -0.0116894 0.00071129 -0.00211731 -0.00573069 -0.00968992 -0.00505759 -0.00462683 -0.0105009 0.00133868 0.0100464 0.00168352 -0.000999251 -0.0076834 -0.00160186 -0.00297975 0.00368125 0.000802717 -0.000162319 -0.00319318 0.00789763 -0.0061257 -0.00868015 -0.00030772 0.000921201 -0.0152507 0.0163332 -0.00546799 -0.000165967 0.00972768 -0.00366912 
-0.00475534 -0.0385774 -0.00327078 0.00768078 0.000344793 -0.00323164 0.0157435 -0.00677599 -0.0114326 -0.000775892 0.00678323 0.00595249 0.0127762 -0.000466461 0.0194414 -0.00560315 -0.0130642 -0.0210182 0.0151242 -0.00739114 -0.000807502 -0.0234743 -0.00080441 -0.00306238 -0.0111319 0.00402555 -0.00546397 -0.00359373 0.0134063 -0.0201787 -0.000450324 -0.00303099 -0.0028912 0.151716 -0.00331263 0.00931458 0.0128814 0.0014956 -0.00356247 0.00572528 -0.00377472 0.00801409 -0.0174321 0.0224447 0.00425399 0.00877992 -0.0198923 -0.00289793 -0.00921297 -0.000292336 -0.0182147 -0.00839931 0.0182097 0.0290019 -0.00338551 -0.0149718 0.00937692 -0.0122491 -0.00503843 0.0015047 -0.00176142 -0.00088074 0.0175304 0.00192401 0.00218017 -0.000441379 -0.0137841 -0.00398488 0.00361527 -0.00234477 0.00108288 -0.00275779 -0.0250402 -0.00324492 0.0193256 -0.00500837 0.00567751 0.00255772 -0.0133046 -0.00256579 -0.00297106 -0.00269529 0.00479854 -0.00705293 -0.00479316 -0.0141519 -0.0126437 -0.00822631 -0.00627396 0.000893218 -0.00132552 0.00818052 0.00156272 0.0023663 0.0137618 -0.00153775 -0.00984877 0.0166109 -0.028957 0.00342038 
