0.192944 0.00273414 0.0105084 0.0417095 -0.0033414 0.0113857 -0.000590702 -0.00549464 -0.00772695 -0.00871441 -0.0111255 -0.0652157 -0.00333057 0.0432839 0.0113974 0.00381809 -0.00108219 -0.00827743 -0.0691391 -0.0032753 -0.00703783 -0.00776533 -0.00958532 -0.000828829 0.00812681 -0.0320445 0.0297253 -0.00251208 -0.00736214 0.00328545 -0.00387203 -0.0592761 0.0276691 -0.000514377 0.021997 -0.0355726 -0.00398125 -0.0370132 -0.0608748 -0.00873449 -0.00600888 0.00903625 0.0163783 0.000595036 0.0452901 -0.0122405 -0.00218884 0.00671915 0.000557687 0.0388871 -0.00314234 0.0502285 0.0114029 -0.0028564 -0.000230084 0.0159291 0.0224823 -0.0288247 -0.0020998 -0.00141504 -0.0755968 0.00127405 0.00738309 -0.0224364 0.0111044 0.00759191 -0.00311827 -0.0282307 0.00520254 -0.0146453 -0.0665681 0.00241538 0.016942 0.0333325 -0.00413304 -0.00503199 -7.15445e-05 0.00639598 0.00503405 -0.00441115 0.00943827 -0.000555843 0.00516096 -0.00128348 0.00126844 -0.00188881 0.0226711 -0.0126527 0.00131117 0.00647187 -0.0206936 -0.0031468 -0.049761 0.00190118 0.000423677 0.00543277 -0.0248705 0.0167796 0.00439139 0.0643738 
0.00273414 0.0303788 -7.14813e-05 -0.00106867 -0.00163209 -0.000179678 0.000237536 -0.00101453 0.00307903 -0.00048449 -0.00353212 -0.00577534 -0.000928009 0.000370226 -0.000329212 0.000842291 -0.000424972 -0.0023483 -0.00560457 -0.000471934 0.00134404 0.000630771 -0.000250359 -0.00115417 0.00101599 -0.00748358 0.00154498 -0.00031372 0.0023722 -0.000712915 0.00211892 0.00147646 -0.00338557 -0.000593176 0.00140056 -0.00133708 0.00341115 -0.0015297 -0.00746767 -0.00712117 0.000281665 -0.00200423 -0.000972536 -0.00100044 -0.0020224 -0.00193193 0.000847743 -0.000263267 0.000191038 0.00198573 0.00120811 0.00251863 0.0052136 -0.00220919 0.000643718 -0.000391677 0.00103385 -0.00145197 -0.000233623 -0.000849152 -0.00153588 -0.00019407 -0.000652755 -0.000921614 -0.0018242 -3.81306e-05 -0.000599848 -0.000620617 0.00429338 0.000601884 -0.0108447 0.000144928 -0.000320578 0.00591882 -0.000450455 0.00114926 -0.000377898 0.00489679 0.00474241 -0.000561268 0.000905144 -0.000245451 0.00142533 2.06405e-05 1.31907e-05 -0.000899767 -0.00547698 6.04461e-08 0.00189989 0.00132129 -0.0021847 -0.000502405 -0.00240099 0.00364151 0.00292899 -0.00043791 -0.0043865 0.00142054 0.00227502 -0.000458618 
0.0105084 -7.14813e-05 0.0540131 -0.00429551 0.0015233 0.00703789 0.000354466 0.000854859 -0.00468995 0.000392213 -0.00203018 -0.00813013 -0.00162927 0.00621018 -0.00217538 0.00328988 -0.00233209 0.00361989 -0.0204571 -0.000810787 -0.000794549 -0.000930024 -0.000149977 -0.00242143 0.00278308 -0.00829588 0.0017048 0.00144291 0.0075178 0.00991603 -0.000654392 -0.00597257 0.00363339 -0.00117639 0.00130433 -0.0120969 0.000524145 -0.00743111 -0.00842273 0.00557844 -0.000773149 -3.16962e-05 0.00499935 0.003962 0.00789169 -0.0046795 0.00318652 0.0035513 -0.00142184 0.00021939 0.0009351 -0.000510962 -0.00412633 -0.00338993 -0.00417763 0.00255806 -0.00299775 -0.00583862 -0.000356703 -0.00119758 -0.00868143 0.00141576 -0.000485502 0.000599539 0.000361865 -0.000851279 -0.00016625 -0.00699591 -0.0016193 0.00594261 -0.0137955 0.000477857 0.00434587 -0.00411674 0.00133353 -0.000881872 3.3186e-05 -0.00252319 0.00670682 8.90232e-05 0.00224799 -0.000491613 -0.00271768 0.000310556 0.000163958 -0.00405705 -0.0115726 -0.00223012 0.00528811 0.00635509 -0.00202055 -0.00171704 -0.0102426 0.00314026 0.0125647 0.000780009 -0.00743195 -0.000229546 0.00385679 0.00177116 
0.0417095 -0.00106867 -0.00429551 0.163693 0.0211518 -0.0475964 0.000755987 0.000988739 0.0326595 0.00168272 -0.0181276 -0.0704949 0.0117193 0.0357434 0.0292981 0.00404911 0.0120532 0.0124755 -0.0257647 0.0041679 0.00317874 -0.00104462 -0.0223809 -0.0268253 0.0120644 -0.0585784 0.0315857 0.0011099 -0.0373193 -0.00184945 -0.00468731 -0.0801062 -0.0561981 0.0118476 -0.0105404 -0.0547304 0.00159115 -0.0284802 -0.0671975 -0.0423795 -0.0189433 -0.00815931 0.00240899 0.00366103 0.00304634 -0.00229288 0.00884235 0.0141417 0.00175545 -0.000473817 0.0153138 0.0386662 0.0295874 0.0264411 0.0199996 0.0266868 0.0204873 -0.00799742 -0.00103967 0.00343088 -0.0565912 0.0021974 -0.00217913 -0.00194751 0.00684219 0.00902029 0.00204363 0.0192164 -0.00724456 -0.0180548 -0.0557544 0.00148209 0.0296762 0.0149129 -0.00128853 -0.00239196 0.00335885 0.00724642 -0.00397062 -0.00438376 -0.00526215 0.000224787 0.0164041 9.3856e-06 -5.77423e-06 0.0343237 0.0552834 -0.00371816 -0.00223935 -0.00544698 -0.0197133 0.00365243 -0.0546853 -0.000931797 -0.0105026 0.00439791 -0.0166329 0.030203 0.0113938 0.0716337 
-0.0033414 -0.00163209 0.0015233 0.0211518 0.0694205 -0.0149001 0.000420266 0.00733306 0.0133948 0.00465166 -0.0076016 -0.0216085 0.003732 0.0108824 0.00609071 0.000450149 0.00601615 0.010972 -0.00560145 0.00545588 0.00606674 0.000212338 -0.00515589 -0.00845102 0.00467797 -0.0139868 0.00850188 0.00161711 -0.0135747 0.00244642 -0.00146144 -0.0200371 -0.0155571 0.0042451 -0.00315347 -0.0154544 0.00242021 -0.00499487 -0.0159195 -0.010094 -0.000472648 -0.00182931 0.00103414 -0.0022855 -0.0139168 -0.00475342 -0.000321038 0.00333726 -0.0010154 -0.00655164 0.00990473 3.14084e-05 0.00896186 0.0204187 0.000651407 0.00572167 0.00297216 -0.00221298 -0.00013268 0.00202121 -0.0102259 0.000810125 -0.000506058 0.00156256 7.41956e-05 0.00233703 0.00223556 0.00420112 -0.00455753 -0.00992451 -0.0146704 0.000935467 -0.00104898 -0.00344572 0.00139267 -0.000131239 0.000254039 0.000993222 -0.00154555 -0.00191755 -0.00235136 -0.000601395 -0.00348865 0.00172924 -0.000136374 0.00717248 0.00302703 0.000810781 -0.000942835 -0.000491332 -0.00206987 0.0024733 -0.012114 0.000217103 -0.00402773 -7.14654e-05 -0.000666551 -0.0036796 0.00398816 0.0136804 
0.0113857 -0.000179678 0.00703789 -0.0475964 -0.0149001 0.245494 0.000151793 -0.00121644 -0.0465546 -0.00835378 0.0214002 0.0281597 -0.00920375 -0.0177687 -0.0119327 -0.00935505 -0.0211063 -0.00364876 -0.0266767 -0.00760409 -0.0118508 -0.00725772 0.0225053 0.0397121 -0.0332095 0.0471636 -0.0198954 -0.00529581 0.0125197 -0.00278899 -0.00401803 0.0447698 0.0498578 -0.0116411 0.00617855 0.0314614 0.000471569 0.0391465 0.0608501 0.0450717 0.0123135 0.0201849 0.0070053 -0.00322359 0.0269844 -0.0152727 -0.00113092 -0.0106332 -0.00988993 -0.00626534 -0.00802381 -0.0183603 -0.0232203 -0.0305645 -0.0265191 -0.00999903 -0.0255668 -0.00567183 -0.00139577 -0.00938334 0.0276992 -0.00305902 0.0160131 -0.0103642 -0.00136044 -0.0125077 -0.00566966 -0.0296379 -0.0118165 0.0150721 0.0517791 -0.00491819 -0.0107309 -0.0122082 0.000824729 -0.00438712 -0.00274757 -0.0086768 -0.00704527 -0.0105618 -0.00116758 -0.00104522 -0.0211075 -0.00166696 -0.00134143 -0.0211439 -0.036468 -0.00955417 -0.0173448 -0.00409572 0.0121612 -0.00876433 0.0182738 -0.0159214 -0.0152419 -0.00763514 -0.00774268 -0.0398174 -0.0234834 -0.0252416 
-0.000590702 0.000237536 0.000354466 0.000755987 0.000420266 0.000151793 0.010887 0.000828331 0.00248584 0.000313493 -0.000413637 -0.0032821 -0.000338808 -0.000319633 -0.000365559 -0.000128019 0.00048301 0.00120979 -0.00140952 7.09338e-05 0.000938285 -0.000125481 -0.000535123 -0.00096799 -0.000239823 -0.00202085 1.54828e-06 -3.51699e-05 -0.000674025 0.00011837 9.60381e-06 -0.000913852 -0.00232947 0.000161521 -0.000325378 -0.000748462 0.000916135 0.00107435 -0.00141562 -0.000346196 -0.00112991 0.000158094 -0.000309915 -0.000541484 -0.00194777 -0.000365851 8.04332e-05 -3.39769e-05 0.000223728 -0.000990967 0.000358326 -0.00069514 0.00020033 0.000778953 -2.87421e-05 -0.00027013 0.000290019 -0.00019343 0.000218705 -7.91235e-05 -1.39392e-05 -7.45746e-05 -0.00136859 0.00129649 -0.000127348 -8.92158e-05 0.000127296 0.00179881 -0.000195171 -0.00053351 -0.000451728 2.6104e-05 0.000430896 0.000584764 0.000219734 6.28604e-05 -0.000144931 5.56317e-05 -6.66639e-05 0.000296084 -0.000462367 0.000180554 -0.000430784 4.92986e-05 9.70922e-05 2.33268e-05 -0.00155606 -2.28184e-05 0.000349246 2.02211e-06 0.000544098 0.000202529 0.000240608 0.000306383 7.91778e-05 -8.00159e-06 -0.000929301 0.000326869 -4.48963e-05 -0.000394941 
-0.00549464 -0.00101453 0.000854859 0.000988739 0.00733306 -0.00121644 0.000828331 0.061073 0.00366998 -0.000415438 0.000608981 -0.0205626 0.00295965 -0.00436945 -0.000248258 0.000613938 0.00428931 0.00783066 -0.00956667 0.0031815 0.000877259 0.000615845 -0.00452424 -0.00439638 0.00251576 -0.0168502 0.00155107 0.00160174 -0.000165801 0.00763254 -0.00096944 -0.00900272 -0.0153364 -0.000797309 -0.0038733 -0.0129074 -0.00301963 0.00483849 -0.00832347 -0.00168011 0.00219792 -0.00247614 -0.00173676 0.00500712 -0.00901482 -0.00273024 0.000319022 -0.000933591 0.000845895 -0.0107627 0.00238551 0.00535389 0.00104413 0.00395485 0.000252782 0.00255762 -0.00264833 -0.00191922 0.000216355 0.00168754 -0.00609439 0.00241614 0.000316544 0.00195183 0.000407584 0.00238919 0.00192231 -0.00198417 0.00183815 -0.00838552 -0.00601922 9.76286e-05 0.00188416 -0.000451525 0.00353465 0.00186017 0.000977127 -0.00205731 0.000332615 0.00438988 -0.00267063 -0.000320712 0.000204666 0.000372429 -0.000156249 0.00249529 -0.0050277 -0.000645852 0.00403615 -0.000919584 0.00160067 0.00217161 -0.000370562 0.00391146 0.00487872 -0.000763808 -0.00168984 0.006052 0.00264042 0.00214454 
-0.00772695 0.00307903 -0.00468995 0.0326595 0.0133948 -0.0465546 0.00248584 0.00366998 0.173663 0.00214451 -0.0237212 -0.0274487 -0.00461035 0.00694397 -0.00265203 0.000174488 0.00835027 0.00331241 0.00597927 0.00275991 -0.00249971 0.00737606 -0.0140348 -0.0178834 0.0106759 -0.0318803 0.0132584 0.00183158 -0.00807672 -0.0151602 0.00315244 -0.0179261 -0.0247559 0.00686442 -0.0176692 0.00877767 0.0220757 -0.00958481 -0.0611952 -0.052214 -0.000933132 -0.0144261 -0.00611672 -0.0121518 -0.0502915 0.00708767 -0.00244968 0.0103778 0.00676664 -0.0166565 0.012625 0.00748688 0.0117628 0.0163799 0.0261229 -0.00518671 0.0153974 -0.0110232 -0.00167538 0.0113251 0.000605833 -0.00176749 -0.00033136 0.0140043 -0.0101059 0.0110319 0.00167399 0.043053 0.00777579 0.0115437 -0.0480958 0.0026621 -0.00400256 0.0190193 0.0050693 -0.00191027 0.00245537 0.00152396 -0.00808505 -0.00288932 -0.0152429 -0.00197643 0.016102 0.00151727 -3.16677e-05 0.00815577 -0.00427022 -0.00103169 0.00387359 0.00382982 -0.00880127 0.0140631 -0.0141839 -0.0132905 -0.000631927 -0.00222758 0.000354032 0.0181418 0.00663916 -0.00098598 
-0.00871441 -0.00048449 0.000392213 0.00168272 0.00465166 -0.00835378 0.000313493 -0.000415438 0.00214451 0.065016 0.00544208 -0.007089 0.00114037 0.00225866 0.00109199 0.00533151 -0.000105416 0.00267925 -0.000744733 0.00318725 0.00107371 -0.00119955 0.00360935 -0.0108089 0.00636454 -0.018962 -0.00387793 0.00490524 -0.0117679 0.00359096 -0.000461314 -0.0180598 -0.012715 -0.001028 -0.0049186 -0.00373575 -0.00266829 -0.00988068 -0.00259584 -0.00553617 -0.00704134 0.00664398 -0.00261675 0.00108187 -0.0056632 0.000388985 0.00367809 0.00134483 0.000146599 -0.00823777 0.00310355 0.00348538 -0.00125762 0.00816866 0.00985241 -0.000699179 0.00213159 -0.00328814 -0.000272748 -0.0019955 0.00740182 0.00192392 -0.00408475 0.0094765 0.0065239 -0.00205797 0.00774871 0.0123448 0.00348053 0.00229657 -0.0129353 1.68127e-05 8.34161e-05 -0.0103883 0.00300511 -0.000205293 -0.00078016 0.00578958 -0.000245885 -0.000736981 -0.00141129 0.00193741 -0.00208482 0.00227072 0.000426938 0.00944133 0.00138728 0.00132013 -0.00230246 -0.00383526 -0.00142978 -0.00125052 -0.0120314 -0.00512055 -0.00702997 0.000288976 -0.00813619 -0.00478212 0.00459941 0.00937905 
-0.0111255 -0.00353212 -0.00203018 -0.0181276 -0.0076016 0.0214002 -0.000413637 0.000608981 -0.0237212 0.00544208 0.139681 0.00935488 0.00398261 -0.013428 -0.00442703 0.00731439 -0.00665753 -0.00265094 -0.0084325 0.00193689 -0.00349939 -0.00492066 0.00685974 0.00221753 -0.000419387 0.0106454 -0.00922973 0.000889922 -0.00594643 -0.00440886 -0.00038658 0.00278599 0.00537969 -0.00324297 -0.00823293 -0.0083899 -0.00887655 0.005585 0.0386383 0.0372722 0.00748287 0.00433811 -0.0007479 0.00163708 -0.00834363 0.00501395 0.00192941 0.000338635 -0.0054951 -0.00173227 -0.00784105 -0.0243894 -0.0127165 -0.00826177 -0.00153467 -0.00686124 -0.0113283 0.00652925 0.000839461 -0.00520938 0.00505114 -0.000496813 -0.0141336 0.00297422 0.00588296 -0.00538244 0.00813796 0.00149533 -0.00721899 -0.00682978 0.0430605 0.0024631 -0.00872679 -0.0236372 -0.000897934 -0.00126277 -0.00364774 0.00167375 -0.00704947 0.00232694 0.0102377 0.00184943 -0.00967606 -0.00120596 0.000346651 -0.00747882 -0.0070188 0.00101569 -0.0115006 -0.00630758 -0.000576974 -0.00339149 0.0292605 -0.00711745 -0.0112359 0.000350851 0.00622529 -0.0173865 -0.0115352 -0.0225782 
-0.0652157 -0.00577534 -0.00813013 -0.0704949 -0.0216085 0.0281597 -0.0032821 -0.0205626 -0.0274487 -0.007089 0.00935488 0.249936 -0.0106463 -0.0564525 -0.0248596 -0.0113361 -0.0142198 -0.0192653 0.057471 -0.00984003 -0.00764112 -0.0077254 0.0281569 0.0362835 -0.0397762 0.0770918 -0.0390289 -0.00292145 0.0218784 -0.0315353 0.00209348 0.119631 0.0640852 -0.00895112 -0.0328888 0.0739387 0.00428475 0.0227132 0.122695 0.0174532 0.0294249 -0.00927044 -0.0166546 -0.0103746 -0.000262272 0.0203427 -0.00108705 -0.0151423 -0.00889221 -0.0357279 -0.0216273 -0.0512297 -0.0343939 -0.0375493 -0.0212711 -0.0317919 -0.046224 0.000965747 -0.000172746 -0.00911214 0.0730525 -0.0071986 0.0190249 0.00185444 -0.006088 -0.0155706 -0.0081517 -0.0236821 0.00790001 0.0297944 0.0874585 -0.00304687 -0.0298932 -0.0276423 -0.00550894 -0.00363892 -0.00292521 -0.0166061 -0.0209011 8.33058e-06 0.00105223 -0.000184465 -0.0192537 -0.000284881 -0.0026932 -0.0279165 -0.0102892 0.015477 -0.00827383 -0.0239423 0.0158126 -0.00488582 0.061322 -0.00332247 0.000609355 -0.0104362 0.0493885 -0.0462511 -0.0301173 -0.0925314 
-0.00333057 -0.000928009 -0.00162927 0.0117193 0.003732 -0.00920375 -0.000338808 0.00295965 -0.00461035 0.00114037 0.00398261 -0.0106463 0.0533169 0.0143167 0.0131153 0.00266057 0.00424453 0.00211485 -0.0061581 0.00319775 -1.45274e-05 -0.00110574 -0.00505491 -0.00923242 -0.000814293 -0.00961655 0.00274408 0.00137927 0.000323631 0.00403822 -0.000673068 -0.0202954 -0.019849 0.0020672 -0.00118291 -0.0176979 -0.00172623 -0.00534858 -0.0142393 -0.00547958 -0.00412269 -0.00503959 -0.00163997 0.0137222 -0.00036569 -5.19819e-05 0.000915394 0.00146553 0.00113198 -0.00770847 -0.00216095 0.0128284 0.00112956 0.0072302 0.00838519 0.00876195 -0.00396597 -0.00200917 0.000769183 0.0033736 -0.0144173 0.00311475 -0.00201361 -0.0043905 0.000743428 0.00251913 0.000985726 -0.0064556 0.000336594 -0.000122291 -0.00827478 0.000924389 0.00124639 -0.00535753 -0.000347362 -0.0011604 0.000181204 -0.00231368 0.00590014 0.000272522 -0.00306448 0.00241084 0.00584188 -0.000202484 -7.4017e-05 -0.00144829 0.0101259 0.000444699 0.00747924 -0.00291711 -0.00276531 -0.00130939 -0.00962442 0.00271969 0.00567922 0.000576908 -0.0045386 0.00408201 -0.00295517 0.00764152 
0.0432839 0.000370226 0.00621018 0.0357434 0.0108824 -0.0177687 -0.000319633 -0.00436945 0.00694397 0.00225866 -0.013428 -0.0564525 0.0143167 0.119646 0.0296286 0.0143041 0.00885204 -0.00321022 -0.031936 0.00464194 0.00352101 -0.00120234 -0.0140475 -0.0238854 0.019934 -0.0313941 0.025439 0.00055749 -0.0101209 0.00427078 -0.000582479 -0.0442572 -0.0168775 0.00463429 0.00747766 -0.0351933 -0.00294148 -0.023762 -0.052645 -0.0235619 -0.0144377 -0.00218363 -0.00128856 0.00919266 -0.00811802 -0.00778376 -0.00218508 0.0064939 0.00355451 0.014587 0.00737884 0.0329111 0.0130342 0.01545 0.00882703 0.0293621 0.0187122 -0.0151576 -0.000717249 0.00720256 -0.0518025 0.00400146 -0.0121214 -0.00575925 0.00382794 0.00964983 -0.00142017 -0.00614925 -0.000196129 -0.0143265 -0.0499414 0.00188248 0.00993468 0.00942591 -0.000443528 -0.00210776 -0.000861526 0.00123819 0.015866 -0.00138546 0.00267575 -0.00160458 0.00478533 -0.000645955 -0.000282169 -0.000903755 0.00403576 -0.00443048 0.00727254 0.00294504 -0.0126713 -0.000722334 -0.0313414 0.00406363 -0.000367525 0.00374017 -0.0170697 -0.00191261 0.00711866 0.056208 
0.0113974 -0.000329212 -0.00217538 0.0292981 0.00609071 -0.0119327 -0.000365559 -0.000248258 -0.00265203 0.00109199 -0.00442703 -0.0248596 0.0131153 0.0296286 0.0629759 0.00170905 0.00786895 0.000925506 -0.0166336 0.00371523 0.00468288 -0.000165513 -0.00694842 -0.00995083 0.00758001 -0.0205799 0.00993743 -0.000367607 -0.0122123 0.00182774 -0.00148329 -0.0320589 -0.0199123 0.000879482 -0.000104773 -0.0311667 -0.00247978 -0.0126727 -0.0256081 -0.0154052 -0.00785171 -0.00293311 0.000117693 0.0114495 0.00592655 -0.00254679 0.00445457 0.00283937 0.00179553 0.00115592 0.00109468 0.0246405 0.00535133 0.00927109 0.00840607 0.0162212 0.00384173 -0.00676674 -0.000339279 0.0014713 -0.0241964 0.00384945 -0.00519399 -0.0018821 0.00278963 0.00665914 -0.000694823 -0.00413735 -0.000821316 -0.00603273 -0.0213761 0.00144889 0.0105299 0.00234346 -0.00128996 -0.00168579 -0.000623426 -0.000472048 0.00708825 -0.00111722 -0.00249386 0.000654339 0.000941982 0.000130819 -7.15412e-05 0.00391688 0.0230444 -0.00283659 -0.00292411 -0.00293153 -0.00642073 -0.000204377 -0.0185323 0.00215911 -0.00559663 0.00088646 -0.00705746 0.00256442 0.00450467 0.0294967 
0.00381809 0.000842291 0.00328988 0.00404911 0.000450149 -0.00935505 -0.000128019 0.000613938 0.000174488 0.00533151 0.00731439 -0.0113361 0.00266057 0.0143041 0.00170905 0.0455815 0.000936049 -0.000793559 -0.00358494 0.00227826 -0.00115212 0.00230689 -0.00345765 -0.00588081 0.0128251 -0.006329 0.00667596 0.00173706 -0.00860937 0.00216974 -0.000659142 -0.0150657 -0.0118094 0.000573054 0.00357763 -0.0177981 -0.000531895 -0.00829557 -0.0124077 -0.00716744 -0.00261051 -0.00282793 -0.000200342 0.0041522 -0.000714766 -0.00366843 0.000539512 0.00276922 -0.000226541 0.0110234 -0.000284233 -0.000986768 0.000677261 0.00365918 0.0041094 0.0039087 0.00630731 -0.00322293 -0.000270426 0.00103249 -0.00581063 0.00137454 -0.00490102 0.00396589 0.00215983 0.000370082 0.00354957 0.00614578 -0.000260527 -0.00578278 -0.0146955 0.0013307 0.0024139 -0.00655022 0.000337054 -0.000888836 -0.000929046 0.0016027 0.00718752 6.86864e-05 0.00162776 0.000227101 -0.0019473 -0.00012859 0.000637778 0.00204238 -0.00328774 0.00158379 -0.00172104 0.00436879 -0.004706 0.000633071 -0.00782131 -0.000583752 -0.00142415 0.000953523 -0.00666257 -0.00243428 0.00300187 0.00292991 
-0.00108219 -0.000424972 -0.00233209 0.0120532 0.00601615 -0.0211063 0.00048301 0.00428931 0.00835027 -0.000105416 -0.00665753 -0.0142198 0.00424453 0.00885204 0.00786895 0.000936049 0.0657805 0.00150548 -0.00249484 0.0036528 0.00123934 0.00413264 -0.00859418 -0.00551724 0.00590413 -0.00627937 0.00929593 0.00238864 -0.011977 0.00593283 -0.00134688 -0.0173591 -0.0291152 0.00107105 -0.00202128 -0.0169138 -0.00031774 -0.00925031 -0.00783144 -0.0115105 -0.00597687 -0.00661702 -7.06101e-05 -0.000529197 -0.00242058 -0.00159044 -0.00254795 6.46389e-05 0.00199733 -0.000105222 0.000913867 0.00479402 0.0101454 0.0155255 0.000287817 0.0111979 0.00266506 -0.00297258 -7.25631e-05 0.00311302 -0.00755967 0.00119788 -0.00762099 0.00582267 -2.09772e-05 0.00331457 -0.00123327 0.00743295 -0.00269708 -0.0028661 -0.0153427 -0.00042861 0.00872542 0.00697506 0.00140488 -0.00109096 0.000783068 -0.00256263 0.00434915 0.000271678 -0.00314199 -0.000999126 0.000462441 0.000458811 0.000973698 0.00491589 0.000309713 -0.00062652 -0.000245725 -0.000199935 -0.00526371 0.00471878 -0.00503742 -0.000748117 -0.000491129 0.000421884 -0.0102797 0.00200023 0.00177743 0.00679887 
-0.00827743 -0.0023483 0.00361989 0.0124755 0.010972 -0.00364876 0.00120979 0.00783066 0.00331241 0.00267925 -0.00265094 -0.0192653 0.00211485 -0.00321022 0.000925506 -0.000793559 0.00150548 0.0858527 -0.0167753 0.00212123 -0.000123774 0.0035477 -0.00346203 -0.00904144 -0.0042763 -0.0154776 0.000838474 0.00180565 -0.00685583 0.0123709 -0.00208788 -0.0146255 -0.0187787 0.00704362 -0.0035022 -0.00879561 -0.000882403 0.00133761 -0.00572133 0.0230997 0.00149621 0.00498475 0.00186746 -0.00132922 -0.00728999 -0.00766398 -0.0016849 0.00564641 -0.00180299 -0.0159115 0.00390346 -0.00280544 0.000739644 0.00719139 0.000666056 0.00434491 -0.00777323 -0.00410609 0.00131318 0.00314178 -0.00353402 -1.98497e-05 -0.00659265 0.00370422 -0.00177291 -0.000466973 0.00317241 0.0100584 -0.00539037 -0.00916211 -0.00438663 -0.00087867 0.0043268 -0.00952016 0.00423556 -0.000561383 0.00143213 -0.00415299 -0.00372458 -0.00012412 0.0013874 0.0017146 -0.00133929 0.00185138 0.000200026 0.00831912 -0.00584961 -0.00206032 -0.00390038 -0.00217735 0.00611318 0.00232082 -0.00874431 0.00105578 0.000958379 -0.00106905 -0.00808068 0.0038464 0.000424096 0.0093972 
-0.0691391 -0.00560457 -0.0204571 -0.0257647 -0.00560145 -0.0266767 -0.00140952 -0.00956667 0.00597927 -0.000744733 -0.0084325 0.057471 -0.0061581 -0.031936 -0.0166336 -0.00358494 -0.00249484 -0.0167753 0.249112 -0.00421061 -0.00502589 -0.000635028 0.00590004 0.00101931 -0.0167789 0.0565789 -0.0218981 0.00152557 -0.0179091 -0.0188341 0.00155751 0.0521873 -0.0275423 -0.000824409 -0.015414 0.067174 -0.0145508 0.0473596 0.0405582 -0.0278492 -0.0220747 -0.0357025 -0.0222373 -0.0119523 -0.0495022 0.0278181 -0.011587 -0.0149168 -0.00266179 -0.0231326 -0.0113619 -0.03347 -0.0191934 0.0115393 0.00221072 -0.0230813 -0.0181202 0.0391902 -0.0015202 -0.00766863 0.101648 -0.00555163 -0.00227249 0.00199455 -0.0194705 -0.0120049 -0.00188815 0.0409274 -0.0088143 0.0061197 0.0592184 -0.00422994 -0.0193703 -0.0267998 -8.10335e-06 0.00556009 0.00166356 -0.00434691 -0.0075121 -0.00316936 -0.0269535 -0.000352971 -0.00407258 0.00121198 -0.00184962 0.0105899 0.0140781 0.013342 -0.00524215 -0.0193254 -0.0107192 0.00220314 0.0655323 -0.0168328 -0.0290013 -0.00684764 0.042443 -0.00212733 -0.0152757 -0.0490388 
-0.0032753 -0.000471934 -0.000810787 0.0041679 0.00545588 -0.00760409 7.09338e-05 0.0031815 0.00275991 0.00318725 0.00193689 -0.00984003 0.00319775 0.00464194 0.00371523 0.00227826 0.0036528 0.00212123 -0.00421061 0.0287108 0.00395043 0.00195644 -0.000666135 -0.0047201 0.00506338 -0.0105563 0.00274905 0.00138262 -0.00545148 0.00291237 0.000473182 -0.0118887 -0.00847808 5.63151e-05 -0.000187541 -0.0105469 -0.000710691 -0.00405829 -0.00349532 -0.00370503 -0.003738 0.00110046 0.000235916 0.000683963 -0.00294596 0.00277954 0.000835749 0.00176418 0.000111159 -0.00313364 0.00522249 -0.00103633 0.00278866 0.00602397 0.00081478 0.00271653 0.0018787 -0.000618365 2.5443e-05 0.00171702 -0.00700793 0.000513266 -0.00233465 0.00271286 -0.000666855 0.00150003 0.000277621 0.00212691 -0.00162827 -0.00294404 -0.00811381 0.00016601 0.00084318 -0.00166206 0.000851441 0.000390223 0.000506447 0.00255376 0.000768803 7.20475e-06 -0.00128329 0.00024941 -0.000844724 0.000226466 -0.000125122 0.00220433 -0.000603766 0.000377613 -0.000403157 9.63932e-06 0.00040916 0.0011403 -0.00518839 -0.00144475 -0.0022723 0.000403871 -0.00320667 0.00156583 0.000649489 0.00510496 
-0.00703783 0.00134404 -0.000794549 0.00317874 0.00606674 -0.0118508 0.000938285 0.000877259 -0.00249971 0.00107371 -0.00349939 -0.00764112 -1.45274e-05 0.00352101 0.00468288 -0.00115212 0.00123934 -0.000123774 -0.00502589 0.00395043 0.061537 0.00368549 0.0010691 -0.00984968 0.0049531 -0.00217953 0.00224489 -0.000416232 -0.0108566 0.000718625 -0.00100455 -0.00750775 -0.00591448 0.000593487 -0.00192866 -0.00508004 -0.00178751 0.00106447 0.000183057 0.00194983 -0.00550619 0.00568416 -0.00192554 -0.00166735 -0.00994525 -0.00168037 0.000364384 -0.0011345 -0.000906689 -0.000226657 -0.00109976 -0.00269875 0.0114818 0.00173547 -0.00193379 0.000619555 0.00214001 0.000153341 0.000690689 0.00201142 -0.00687108 -0.00051515 -0.00369002 0.00188103 -0.000917032 5.52671e-05 0.000136252 0.00599293 -0.00142656 -0.00255307 -0.00164241 -0.00035538 -0.00267577 0.00332846 0.000869784 0.000998958 -0.000783766 0.00364011 0.00159501 0.000470606 -0.00235901 -0.000810407 -0.000277293 9.65642e-05 0.000195104 0.00237783 0.00277474 -0.00144546 -0.00192722 -0.00213812 0.00402342 -0.000136284 -0.00944797 -0.00123835 -0.00513783 0.00103486 -0.00047691 -0.00408564 -0.000886498 0.00746355 
-0.00776533 0.000630771 -0.000930024 -0.00104462 0.000212338 -0.00725772 -0.000125481 0.000615845 0.00737606 -0.00119955 -0.00492066 -0.0077254 -0.00110574 -0.00120234 -0.000165513 0.00230689 0.00413264 0.0035477 -0.000635028 0.00195644 0.00368549 0.0454962 0.00273602 -0.00210222 0.00916742 -0.0020479 -0.000708155 -0.00017194 -0.0085155 -0.00178719 0.000946275 -0.00588921 -0.0137253 0.002484 0.00265425 -0.000134564 0.00354712 0.000760704 -0.00778434 -0.00638703 -0.00481563 -0.002512 0.00321506 0.000734036 -0.00515638 -0.00294501 -0.00059732 -0.00104201 0.00407782 0.0105553 0.000749321 -0.00378818 0.0094775 0.00238576 -0.000496286 -0.00176837 0.0094898 0.0024924 7.85769e-05 0.00386871 -0.00331379 -4.07102e-05 -0.00249348 0.00748085 -0.00123419 0.0044502 -0.000162066 0.0126454 -0.00166778 -0.00181116 -0.0110371 -0.000159526 -0.00151309 -0.00166333 0.000460615 -0.00128314 0.000835542 0.000540286 0.000746674 -0.00120796 -0.00326303 -7.44064e-05 -0.000368577 0.000134358 -0.000149631 0.00248045 -0.00467892 -0.000774902 -0.00256591 0.000725614 -0.000289062 0.00510477 -0.00864336 -0.00574448 -0.00478864 -3.8371e-05 -0.00365329 -0.000824306 -0.00089552 -0.00419346 
-0.00958532 -0.000250359 -0.000149977 -0.0223809 -0.00515589 0.0225053 -0.000535123 -0.00452424 -0.0140348 0.00360935 0.00685974 0.0281569 -0.00505491 -0.0140475 -0.00694842 -0.00345765 -0.00859418 -0.00346203 0.00590004 -0.000666135 0.0010691 0.00273602 0.113234 -6.64581e-05 -0.00679193 -0.00358095 -0.00912677 -0.00184054 0.00908796 -0.010506 -0.00034493 0.0239893 0.0223564 -0.00265107 -0.00445445 0.0265277 -0.000162172 0.0106064 0.0215261 0.000834964 0.00997525 0.00538799 -0.000952999 -0.00495369 0.00595206 0.016141 -0.00383882 -0.00514458 -0.00264907 -0.0149289 -0.00927529 -0.00867872 -0.00709654 -0.0123491 -0.00549357 -0.00816871 -0.0132401 0.0044403 -0.000446654 -0.00379295 0.0054692 -0.00212784 0.0203895 -0.0055762 -0.000795365 -0.00550749 -0.00153158 -0.00660575 0.00520246 0.015137 0.00840518 -0.000507423 -0.00572572 -0.0268262 -0.00123947 -0.00142787 -0.00181688 0.00191115 -0.00732496 -0.00295114 -0.00304031 0.00138695 -0.00614386 -0.000637085 -0.00060139 -0.00848597 -0.0173923 -0.00105291 -0.00457019 -0.00837494 -0.00188686 -0.00212626 0.010922 0.000367986 -0.00923314 -0.00203921 0.0131643 -0.014164 -0.00925692 -0.0248999 
-0.000828829 -0.00115417 -0.00242143 -0.0268253 -0.00845102 0.0397121 -0.00096799 -0.00439638 -0.0178834 -0.0108089 0.00221753 0.0362835 -0.00923242 -0.0238854 -0.00995083 -0.00588081 -0.00551724 -0.00904144 0.00101931 -0.0047201 -0.00984968 -0.00210222 -6.64581e-05 0.172866 -0.00717877 0.030104 -0.0111173 -0.001735 -0.00567766 -0.01802 -0.00117086 0.0261681 0.0212746 -0.0069003 0.00577294 0.0130572 0.00396984 0.0195157 0.0464947 -0.00638202 0.00345935 -0.0120528 0.00172841 -0.00597664 0.0151919 -0.00638283 0.00223749 -0.00279005 -0.00133628 0.0124703 -0.0085464 -0.0227755 -0.0102368 -0.018269 -0.0155302 -0.0140956 0.00658622 0.00671521 0.000392338 -0.00459165 0.0342984 -0.00145901 -0.00413364 0.00529532 -0.00142449 0.00542864 -0.00407031 -0.0116631 -0.0105353 0.0035316 0.0256107 -0.000274095 -0.00935202 0.00663433 -0.00509749 -0.000540643 -0.00335057 -0.00143717 -0.00813858 -0.0073038 -0.0112573 -0.00313792 -0.0118844 -0.00193871 5.09902e-05 -0.0212739 -0.0110775 -0.00322281 -0.0160149 0.00435057 -0.015156 -0.00216042 0.0178836 -0.00629441 -0.0189488 -0.00215509 0.00993341 -0.0160841 -0.00649763 -0.0296204 
0.00812681 0.00101599 0.00278308 0.0120644 0.00467797 -0.0332095 -0.000239823 0.00251576 0.0106759 0.00636454 -0.000419387 -0.0397762 -0.000814293 0.019934 0.00758001 0.0128251 0.00590413 -0.0042763 -0.0167789 0.00506338 0.0049531 0.00916742 -0.00679193 -0.00717877 0.0895213 -0.0299281 0.0218782 0.00183954 -0.0208192 0.00696188 -0.000401804 -0.0411335 -0.0216218 -0.00110109 0.000613126 -0.0386432 -0.00019079 -0.0164298 -0.0336778 -0.01611 -0.0111646 -0.00269991 -0.000678345 0.00506965 -0.0124888 -0.00555667 0.00287477 0.00453243 0.00922695 0.0197064 0.0042582 -0.00266587 0.014755 0.00820081 0.00338477 0.00345776 0.0438952 -0.0026081 -0.000654479 0.00461301 -0.0228663 0.00143763 -0.00488384 0.00911786 0.0021642 0.0138857 0.00487228 0.0159377 -0.00327963 -0.00966001 -0.0320762 0.00306134 0.00643848 0.00414805 -0.00151564 0.00321695 0.00213449 0.0103042 0.00595633 -8.33459e-06 -0.00148965 -0.000771137 -0.00185403 -0.000361834 0.00121035 0.00102972 0.000985465 -0.00443033 -0.00547649 0.00693099 -0.00796302 0.00500596 -0.0236563 -0.00372293 -0.00738527 0.00273869 -0.0131692 0.00886384 0.0265926 0.0181559 
-0.0320445 -0.00748358 -0.00829588 -0.0585784 -0.0139868 0.0471636 -0.00202085 -0.0168502 -0.0318803 -0.018962 0.0106454 0.0770918 -0.00961655 -0.0313941 -0.0205799 -0.006329 -0.00627937 -0.0154776 0.0565789 -0.0105563 -0.00217953 -0.0020479 -0.00358095 0.030104 -0.0299281 0.242597 -0.0233891 -0.0019245 0.0143045 -0.0137021 0.00472498 0.0788631 0.0427367 -0.00725943 -0.000813711 0.052744 -0.00554722 0.0318195 0.0534379 0.0421941 0.00575654 -0.00964392 0.00213717 -0.0148927 -0.00941976 0.00341287 -0.00959197 -0.00859507 -0.00948009 0.013657 -0.0158107 -0.0447535 -0.0201578 -0.0207013 -0.0317678 -0.0241435 -0.0270075 0.0121816 0.00156695 -0.0032665 0.0704427 -0.00471592 -0.0147986 -0.0103769 -0.00237939 -0.0151008 -0.00800164 -0.0149725 -0.0198626 -0.0123078 0.0794784 -0.0033667 -0.0231326 0.00968119 -0.0049663 -0.00482821 -0.00519526 -0.0128369 -0.006633 -0.00860052 -0.0106511 -0.00470496 -0.0176204 -0.000224492 -0.00180591 -0.0223198 -0.0287844 0.00811692 -0.0210482 -0.00569781 0.00146175 -0.00757343 0.05801 -0.0236552 -0.0128258 -0.00252639 0.0306758 -0.0307156 -0.0249001 -0.0645156 
0.0297253 0.00154498 0.0017048 0.0315857 0.00850188 -0.0198954 1.54828e-06 0.00155107 0.0132584 -0.00387793 -0.00922973 -0.0390289 0.00274408 0.025439 0.00993743 0.00667596 0.00929593 0.000838474 -0.0218981 0.00274905 0.00224489 -0.000708155 -0.00912677 -0.0111173 0.0218782 -0.0233891 0.0872186 -1.29638e-05 -0.019159 0.0110327 -0.00137573 -0.0340397 -0.0141522 0.00300794 -0.00166048 -0.0349605 0.00131331 -0.0156804 -0.0363753 -0.0105355 -0.00805972 -0.00580016 -0.000795988 -0.00174923 -0.00731885 -0.00700727 -0.0033961 0.00485518 0.00253784 0.0140422 0.00402048 0.0109576 0.0127057 0.0151536 0.00255011 0.0157296 0.0108263 -0.00815039 -0.000551104 0.00461204 -0.0313789 -0.000442929 -0.00437783 -0.00928221 -0.00257063 0.010637 -0.00190646 -0.00171589 -0.0034811 -0.0119337 -0.0296978 0.00195343 0.0162587 0.0152643 -0.00170682 -0.000439078 -0.000862576 0.00578707 0.00321641 -0.00223355 -0.0023948 -0.000745543 0.00576489 -7.47087e-06 0.000643506 0.00387528 0.0128244 -0.0031597 -0.00395952 0.00388105 -0.00843322 0.00334957 -0.0217231 -0.00261913 -0.00694224 0.00491862 -0.00657387 0.0153601 0.0110533 0.0226129 
-0.00251208 -0.00031372 0.00144291 0.0011099 0.00161711 -0.00529581 -3.51699e-05 0.00160174 0.00183158 0.00490524 0.000889922 -0.00292145 0.00137927 0.00055749 -0.000367607 0.00173706 0.00238864 0.00180565 0.00152557 0.00138262 -0.000416232 -0.00017194 -0.00184054 -0.001735 0.00183954 -0.0019245 -1.29638e-05 0.0208962 -0.00366293 0.00405828 0.0016177 -0.0054479 -0.00420814 -2.7277e-05 -0.0019341 -0.00505942 -0.000167806 -0.00258788 -0.00308105 -0.00393397 -0.00281185 -0.00104516 -0.000571126 0.000826534 -0.00493704 0.00471226 -2.9026e-05 0.00213598 0.000282699 -0.00328028 -0.000129528 -0.00248765 -0.000481642 0.00112991 0.000965173 0.000212937 -0.00126766 -0.00111531 -1.49894e-05 8.6994e-06 0.00162255 0.00163253 -0.00185464 0.00151423 -0.000175983 -0.000160313 0.000266097 0.00181715 0.000174997 -0.00166194 -0.00121224 0.000190641 0.00153495 -0.000697686 0.0038452 0.00112766 -0.000303143 -0.000315189 0.00120202 -0.000370112 -0.000918838 0.000156392 -0.000416245 0.000522837 -6.38554e-05 0.000570756 -0.000291116 0.00174229 -0.000989297 -0.000681432 -0.00212233 -1.25211e-05 -0.00118087 -0.00201534 -0.000311972 0.000528771 -0.0010475 0.00154569 5.27318e-05 -0.000276793 
-0.00736214 0.0023722 0.0075178 -0.0373193 -0.0135747 0.0125197 -0.000674025 -0.000165801 -0.00807672 -0.0117679 -0.00594643 0.0218784 0.000323631 -0.0101209 -0.0122123 -0.00860937 -0.011977 -0.00685583 -0.0179091 -0.00545148 -0.0108566 -0.0085155 0.00908796 -0.00567766 -0.0208192 0.0143045 -0.019159 -0.00366293 0.193059 -0.00370018 0.00883247 0.0596211 0.0278637 -0.0026559 -0.0109765 0.0195915 -0.00406272 0.00344706 0.00163145 0.0101621 0.0167978 -0.0191157 -0.00068547 -0.0033976 0.00279115 -0.00367226 -0.00566153 -0.00791676 -0.00791896 -0.0285997 -0.0113867 0.00307011 -0.0149323 -0.0217054 -0.00145942 -0.0108666 -0.0230948 0.00228264 0.00048616 -0.00339973 -0.0145223 -0.00209547 0.0126934 -0.0138691 -0.00809557 -0.00873936 -0.00443637 -0.0372876 0.00441859 0.0135391 0.00801873 -0.00196326 -0.0116362 0.0196964 -0.00175944 -0.0052162 -0.00527014 -0.0130235 0.00455001 0.0089378 0.000189617 -0.000780791 0.000606034 -0.00192272 -0.000928413 -0.0203467 -0.0305775 -0.00730235 0.0334258 0.00647336 0.00578165 -0.00679328 0.0279487 0.0388638 0.0687223 -0.0049804 -0.00067373 -0.00438622 -0.0125111 -0.0404658 
0.00328545 -0.000712915 0.00991603 -0.00184945 0.00244642 -0.00278899 0.00011837 0.00763254 -0.0151602 0.00359096 -0.00440886 -0.0315353 0.00403822 0.00427078 0.00182774 0.00216974 0.00593283 0.0123709 -0.0188341 0.00291237 0.000718625 -0.00178719 -0.010506 -0.01802 0.00696188 -0.0137021 0.0110327 0.00405828 -0.00370018 0.115881 -0.000147215 -0.0333895 -0.0107725 -9.45279e-05 0.016302 -0.0482617 -0.00507062 -0.0147062 -0.0307321 0.0031426 -0.0111026 0.0151148 0.0127165 0.00488743 0.0259192 -0.00716951 -0.00493218 0.00557632 -0.00254578 0.0154428 0.0100053 0.00372041 -0.00209692 0.0161676 -0.00609144 0.0128979 -0.00251704 -0.00792865 4.45203e-05 -0.00230922 -0.0251994 0.00547644 -0.00783817 -0.0135073 0.00611966 -0.00117959 0.00285534 -0.0243531 -0.00548214 -0.0128422 -0.0117825 -0.00173544 0.0135923 -0.00561726 0.00241377 0.00247646 -0.00185533 -0.00469962 0.0181083 -0.00141311 -0.00175577 0.00247787 -0.00344175 0.000540215 0.00146737 0.000585946 0.0153484 -0.00396167 0.0029073 0.0138721 -0.00254689 -0.002594 -0.0278208 0.00267103 0.0144543 0.002762 -0.0131863 0.00209086 0.0169591 0.0174043 
-0.00387203 0.00211892 -0.000654392 -0.00468731 -0.00146144 -0.00401803 9.60381e-06 -0.00096944 0.00315244 -0.000461314 -0.00038658 0.00209348 -0.000673068 -0.000582479 -0.00148329 -0.000659142 -0.00134688 -0.00208788 0.00155751 0.000473182 -0.00100455 0.000946275 -0.00034493 -0.00117086 -0.000401804 0.00472498 -0.00137573 0.0016177 0.00883247 -0.000147215 0.0307456 0.00749975 0.00539272 -8.27119e-05 0.00119605 0.00233727 -2.2395e-05 -0.00341975 -0.00530739 -0.0071753 -0.00265701 -0.0030811 0.000428478 -0.00153621 -0.00207331 0.00553964 -0.000262174 -7.7019e-05 -2.37711e-05 0.00107308 0.00105451 -0.00309884 -0.000769496 -0.00221637 8.68694e-05 -0.0019801 0.000378939 0.00258769 -0.000159759 0.000173457 0.00296369 -0.000404001 -0.000591922 -0.00060935 -0.00113329 0.000302568 -0.000636265 -0.00494957 0.00108205 -0.000142844 -0.00146633 5.20431e-05 -0.00169947 -0.0024475 0.00036416 -6.7356e-05 -0.000735835 0.000669691 -6.84715e-05 0.000238573 -0.00188398 0.00037663 0.000227758 -0.000176067 -0.000151101 -0.00138617 -0.00716396 0.000565295 0.000782599 4.13444e-05 -0.00230382 -0.000285309 0.00462008 -0.000887541 0.000694112 -0.000366868 0.00193576 -0.00130791 -0.000454692 -0.00588624 
-0.0592761 0.00147646 -0.00597257 -0.0801062 -0.0200371 0.0447698 -0.000913852 -0.00900272 -0.0179261 -0.0180598 0.00278599 0.119631 -0.0202954 -0.0442572 -0.0320589 -0.0150657 -0.0173591 -0.0146255 0.0521873 -0.0118887 -0.00750775 -0.00588921 0.0239893 0.0261681 -0.0411335 0.0788631 -0.0340397 -0.0054479 0.0596211 -0.0333895 0.00749975 0.246323 0.072678 -0.00950171 -0.0280159 0.0913394 0.00520338 0.0496734 0.091897 0.0191432 0.0434182 -0.0200211 -0.0151084 -0.0236034 -0.0342583 0.00872555 -0.0036711 -0.0193093 -0.0126716 -0.0329776 -0.0218433 -0.0510403 -0.030511 -0.0412913 -0.0267542 -0.0329638 -0.0387175 0.01785 0.000234955 -0.0116996 0.0795331 -0.00798209 0.00456191 0.00418196 -0.0138838 -0.0188923 -0.00912817 -0.0270662 0.00318018 0.0193755 0.0749845 -0.00313431 -0.033394 -0.00552034 -0.00501192 -0.00181828 -0.00246444 -0.0151206 -0.0192323 0.00742938 -0.000103277 -0.00588124 -0.0219876 -0.00113085 -0.00303976 -0.0272277 -0.0605341 0.0119203 -0.00234629 -0.00981177 0.0226266 -0.0054555 0.0944168 0.012166 0.00735894 -0.0100286 0.0270645 -0.0357179 -0.0324186 -0.105734 
0.0276691 -0.00338557 0.00363339 -0.0561981 -0.0155571 0.0498578 -0.00232947 -0.0153364 -0.0247559 -0.012715 0.00537969 0.0640852 -0.019849 -0.0168775 -0.0199123 -0.0118094 -0.0291152 -0.0187787 -0.0275423 -0.00847808 -0.00591448 -0.0137253 0.0223564 0.0212746 -0.0216218 0.0427367 -0.0141522 -0.00420814 0.0278637 -0.0107725 0.00539272 0.072678 0.239619 -0.00836549 0.00709898 0.0472116 -0.00218413 -0.0151283 0.0375727 0.0218951 0.0228716 0.0233596 3.4076e-05 -0.010801 0.0236659 0.00781575 -0.00718279 -0.00515588 -0.00513881 0.00399279 -0.0114054 -0.0196119 -0.0167556 -0.0368153 -0.0225497 -0.0184305 -0.0114058 -0.016864 -0.00175108 -0.0103885 -0.00341839 -0.00783816 0.0116605 -0.0166763 -0.00371221 -0.0113751 -0.0102864 -0.0640529 0.00767002 -0.00699278 0.0493586 0.00140025 -0.024216 0.0130616 -0.0019444 -0.00365113 -0.00246883 -0.00934505 -0.0205753 -0.00134905 0.0127765 -0.00388941 -0.0175278 -0.00224615 -0.00142191 -0.035132 -0.00898854 -0.0019194 -0.00716671 0.00658292 0.0089333 -0.00631379 0.0134861 -0.00642259 -0.00540189 -0.000891771 0.031809 -0.0233196 -0.0184174 -0.0348738 
-0.000514377 -0.000593176 -0.00117639 0.0118476 0.0042451 -0.0116411 0.000161521 -0.000797309 0.00686442 -0.001028 -0.00324297 -0.00895112 0.0020672 0.00463429 0.000879482 0.000573054 0.00107105 0.00704362 -0.000824409 5.63151e-05 0.000593487 0.002484 -0.00265107 -0.0069003 -0.00110109 -0.00725943 0.00300794 -2.7277e-05 -0.0026559 -9.45279e-05 -8.27119e-05 -0.00950171 -0.00836549 0.0366914 -0.00142855 0.00178195 0.000180418 -0.00513493 -0.0119796 -0.00450825 -0.00281351 0.00140418 0.000532219 -0.00148973 -0.0076074 -0.00102266 -0.00146465 -3.88759e-05 -1.68058e-05 -0.00220756 0.000789343 0.000378527 0.00313649 0.00390084 0.00424477 0.00134363 -0.00125164 0.00166121 0.000770429 0.00448845 -0.0103172 0.00022598 -0.00436703 -0.0010889 0.000621039 0.00272687 -0.000620188 0.00882702 0.000458712 -0.002374 -0.00503734 4.0951e-05 0.00233316 4.72977e-05 0.000193585 -0.00106756 0.00148239 -0.0008581 -0.00118024 -0.000697156 -0.0022702 8.97543e-05 0.00807297 -0.000240286 9.36509e-06 0.00690596 0.000713131 -0.000126524 0.00143552 -0.00175276 -0.00415886 0.0015432 -0.00768079 -0.00255727 0.000841552 -0.00065876 0.000464725 0.00455666 0.000135652 0.00686716 
0.021997 0.00140056 0.00130433 -0.0105404 -0.00315347 0.00617855 -0.000325378 -0.0038733 -0.0176692 -0.0049186 -0.00823293 -0.0328888 -0.00118291 0.00747766 -0.000104773 0.00357763 -0.00202128 -0.0035022 -0.015414 -0.000187541 -0.00192866 0.00265425 -0.00445445 0.00577294 0.000613126 -0.000813711 -0.00166048 -0.0019341 -0.0109765 0.016302 0.00119605 -0.0280159 0.00709898 -0.00142855 0.101203 -0.0141876 -0.00134007 -0.0141014 -0.027188 -0.00299113 -0.0100074 0.0127062 0.0171313 0.00570603 0.0368751 -0.00467023 -0.00734236 0.00208524 0.00135983 0.049764 0.0136152 0.0106009 -0.00133322 0.00272765 -0.00886649 0.00193563 0.012383 -0.00532189 -0.000465396 -0.000840312 -0.0195003 0.00120988 -0.00563248 -0.0113267 0.00375349 -0.00209781 0.000265768 -0.0121689 -0.00633705 -0.0138228 -0.0242978 -0.000156873 0.000111265 0.00105433 -0.00114713 0.0026327 -0.00235701 0.00381037 0.016994 -0.00342792 0.00459542 -0.00069735 -0.00406737 -0.00110906 0.0011307 -0.00361163 -0.00853644 -0.00456183 -0.00597873 0.022541 -0.00945663 -0.000820705 -0.0181694 0.00038556 -0.00692238 0.00546486 -0.00929198 -0.00239001 0.00563941 0.0185143 
