0.0672209 0.000429674 -0.000279964 -0.000327125 -0.00035062 0.000111778 -0.000522949 -0.00101713 -0.0010179 -0.00193931 -0.000607485 -0.00298826 -0.00167208 -0.0012978 -0.00236271 -0.00355187 -0.00216187 -0.00322918 -0.000956745 -0.00102416 -0.00090689 -0.000414432 -0.0015491 -0.00343731 -0.00131084 -0.0024859 -0.00286333 -0.00263132 -0.000676354 -0.000806644 -0.000812324 3.92061e-05 -0.000873798 -0.000291002 0.0003671 1.81482e-05 -0.000970121 -0.000254007 -0.000527397 -0.000716937 0.0001329 -0.000909705 -0.000460669 -0.00100254 -0.000528463 -0.000182925 -0.000879156 -0.000466879 -0.000748377 -1.32375e-05 -0.000255558 -0.000226067 -0.000654394 -0.000177446 0.000378118 -0.000759486 -8.30366e-06 -0.000612769 -0.000513369 -0.00038808 -0.000729727 0.000264268 -0.000575788 -6.2668e-05 -0.00033621 -0.0007076 -0.000426455 -0.000285727 -0.00052842 -0.000319083 -0.000322441 -7.72626e-05 -0.00102168 -0.000252612 -0.000419738 -0.000541145 -0.00043904 -0.00037022 -0.000448467 1.59353e-05 -0.000369437 -0.000231306 -0.000204544 -0.000593401 -0.000149456 -0.000725715 -0.00026056 -0.000557379 -4.25649e-05 -0.000511165 -0.000638431 -0.000336364 0.000292751 -0.00030463 -0.000215795 -0.000927544 0.00079267 6.00513e-05 -0.000454524 -0.000114101 
0.000429674 0.0864221 -0.00019676 -0.000308131 0.000163577 0.000303771 5.07401e-05 -0.00157225 -0.000734441 -0.00122806 -0.00173585 -0.0014844 0.00115168 -0.00273441 -0.0038101 -0.000634836 0.00106112 -0.00352157 -0.0029806 0.00171087 -0.000649277 -0.00291242 -0.00248757 -0.00282271 -0.00612964 -0.00229189 -0.00316586 -0.000577428 -0.0010704 -0.000720058 -0.00163855 -0.00125324 -0.000608039 -0.00163841 -0.00108941 0.000218935 -0.000212596 -0.0013411 -0.00127418 -0.000705299 -0.00134749 -0.000757271 -0.00166993 -0.000599553 -0.00115055 0.000604063 -0.00113857 -0.000566865 -0.00120605 -0.00156128 -0.000100026 -0.000437372 -0.00116182 -0.000179137 -6.30705e-05 -0.000261044 -0.000269573 -0.000370289 -0.000796566 -0.000210293 5.04387e-07 -0.00139621 -0.00105414 -0.000750865 -0.000990846 0.000248522 -0.000703599 -0.000688881 -0.000587799 -0.000981407 -0.000143393 -0.000454645 -0.000455089 -0.00059929 -0.000605543 -0.000164184 -5.43352e-05 -0.000414026 -0.000641139 -0.000321096 -0.000794872 -0.000191042 -0.00119067 -0.00213814 -0.00031395 -0.000277297 1.42189e-05 -0.000795422 -0.000306975 -9.54717e-06 -0.000625426 -0.000851707 -0.00118397 0.00049071 -0.0001538 -0.00206751 -0.00098735 -0.000388002 -0.00126669 -0.000945356 
-0.000279964 -0.00019676 0.0942012 -0.00190133 0.000577886 -0.00126522 -0.00101583 0.000399386 -0.00133455 -0.000425993 -0.00234757 -0.00172846 -0.00167971 -0.00486627 -0.00151055 -0.00323545 -0.00455793 -0.00170739 -0.00271 -0.0017294 0.000488543 0.00149422 -0.00194402 -0.00285782 -0.00172059 -0.00134367 -0.000785292 -0.00123701 -0.000415142 -0.000921819 -0.00231002 -0.0023439 -0.00123545 -0.00182849 -0.00108019 -0.00142987 -0.00128171 -0.000951657 0.000603927 -0.00104185 -0.00147784 -0.000223074 -0.000956061 -0.000763047 -0.00035336 -0.000297748 -0.000352784 -0.000795015 -0.00100145 -0.0016248 -0.00023365 -0.00119989 -0.00147901 -0.000649664 -0.00114061 -0.000759383 -9.34121e-05 -0.000671771 -0.000340075 -0.000833667 -0.000907207 -0.000819666 -0.0010781 -0.000190833 -0.000846074 -0.000909195 -0.000911003 -0.000644537 -0.000886033 -0.000100248 -0.00021806 -0.00024789 0.000523875 -0.000531294 -0.000543803 -0.000513426 -0.00061335 -0.000162989 -0.000988693 -0.000990352 -0.000823418 -0.00097678 -0.000618018 -0.00136943 -0.000632459 -0.000323614 -0.000467498 -0.00175223 -0.000747701 -0.000230945 -0.000163731 -0.000984027 -0.000249764 -0.000620205 -0.00101584 -0.000599826 -0.000787618 -0.000441133 -0.00154891 0.000634088 
-0.000327125 -0.000308131 -0.00190133 0.089097 -0.000201433 -0.000946605 0.000617675 0.000329477 -0.000708209 -0.0024656 0.000284217 -0.00137078 -0.000312267 -0.00334954 -0.00280109 -0.00060152 -0.00271008 -0.000984964 -0.00431745 -0.00400993 0.000625086 -0.00105256 -0.00291005 -0.00110689 -0.00318109 -0.00366337 -0.000874402 -0.00134558 -0.00204444 -0.000766164 -0.00178267 -0.00125854 -0.000758415 -0.000631957 -0.00112607 -0.00123294 -0.000947273 -0.000230029 -0.00107334 -0.000395932 -0.00115503 0.000181942 0.000167174 -1.01355e-05 -0.000281207 -0.00048821 -0.000765756 -0.000709357 -0.000611024 -0.00101152 -0.000341316 0.000191005 2.47826e-05 -0.000827384 -0.00131526 -0.00109699 -0.000461435 -0.000475126 -0.000815536 -0.000887087 -0.000294407 -0.000816908 -0.00113367 0.000279411 -0.000127097 -0.000376534 -0.000416434 -0.000761028 -0.000896752 -0.000922414 -0.00100691 -0.00114087 -0.000707911 -0.00115533 -0.000344489 -0.000763988 -0.000437966 -0.000614099 -0.000729074 -0.00123273 -0.000122819 -0.000280328 -0.00134681 -0.000562337 -0.00114843 0.000144675 -0.000856216 -0.000187556 -0.000123703 -0.000137137 0.000100199 -0.000386414 -0.000430659 -0.000760197 -0.000678613 -0.00119303 -0.00163317 -0.00116928 -0.000724905 -0.00147223 
-0.00035062 0.000163577 0.000577886 -0.000201433 0.0780324 -0.000520073 -7.5403e-05 -0.000655899 -0.000445626 -0.000209076 -0.00152849 -0.00269035 -0.00366266 -0.000826606 -0.000189971 -0.00208686 -0.00354529 -0.00389976 -0.00183524 -0.00170024 -0.00267439 0.000576095 -0.000966336 -0.00437063 -0.00274339 -0.000741333 -0.00310308 -0.0011201 0.000224203 -0.00135541 -0.00175631 -0.00166483 -0.000611446 -0.00205259 -3.02e-05 -0.00122262 -0.000487589 -0.000586146 -0.0002565 -0.00107387 -0.000262024 -0.000305896 -0.00151648 0.000251292 -0.000511403 -0.000525918 -5.59521e-05 -0.00114661 -0.000436656 -0.000477666 -0.00101629 -0.000307182 -0.000203547 -0.000125167 -0.000942679 -0.000231696 7.62769e-05 -0.00100608 -0.000670515 -0.000439108 -0.000935875 -0.000859265 -0.000201396 -0.000977941 -0.000250593 -0.000849076 -7.10573e-05 -0.000505974 -9.77583e-05 -0.000224756 -0.000343374 -0.000665822 -0.000961423 -0.00137169 -0.000741285 -0.000778758 -0.000166592 -0.000125639 -9.73415e-05 -0.000362311 0.000191272 -0.000562088 0.000150618 -5.09825e-05 -0.000310123 -0.000346882 -0.00104264 -0.000340837 -0.00072193 -0.000847575 -0.000756215 0.000314186 -0.000455534 -0.000253252 -0.000792817 -0.000818002 -0.000284682 -0.000410937 -0.000659595 0.000105399 
0.000111778 0.000303771 -0.00126522 -0.000946605 -0.000520073 0.0888267 -0.000173083 -0.000874004 -0.000217998 -0.00145542 -0.00120301 -0.00335102 0.000485252 -0.00141892 -0.00202304 -0.00257284 -0.00347214 -0.00329542 -0.00334289 0.00084313 -0.00115959 -0.00153805 -0.00241848 -0.0053275 -0.00149599 -0.00121977 -0.00291893 -0.00163654 -0.00143581 0.000522935 -0.000408627 -0.00115057 -0.00038996 -0.00180287 -0.000902323 -0.00124145 -0.000588459 -0.000892122 -0.00064361 -0.000795606 -0.000813297 -0.000245843 -0.000861275 -0.000910516 -0.000976991 -0.000296847 -0.000109104 -0.00159218 -0.000321123 -0.00161534 -0.000298158 -0.00123883 -0.00104272 -0.000496143 -0.000213654 -0.000607491 -0.000916525 -0.000662753 -0.00126975 0.000161806 9.74235e-05 -4.0074e-05 8.14801e-05 -0.000396937 -0.000146554 -0.000328532 -0.00110044 -0.000309559 -0.00106787 -0.00127666 -0.00108192 -0.000453896 -0.00142059 -0.000604842 0.000223541 -0.000160156 -0.000729988 1.38753e-05 -0.000895147 -0.00025606 -0.000205995 -0.000550715 -0.00063947 0.000151925 -0.000337002 -0.000684296 -0.000547431 -0.00058627 -0.000525895 -0.00131556 -0.00122816 -0.000787289 -0.00102662 -0.000594149 -0.000994999 -0.000667503 -0.000276945 -0.000477305 -0.000140629 -0.00138163 
-0.000522949 5.07401e-05 -0.00101583 0.000617675 -7.5403e-05 -0.000173083 0.0970428 0.000197392 -0.000784462 -0.00131083 0.000434308 -0.00291832 -0.00235257 -0.000830478 -0.00312368 -0.00335974 -0.00406775 -0.00240667 -0.0054667 -0.0056191 -0.000557872 -0.00431818 0.000933814 -0.00353369 -0.00058451 -0.00360475 0.00013322 -0.00392047 -0.000242012 -0.00115274 -0.00146715 -0.000823712 -0.00120708 -0.00174128 -0.00107876 -0.00086928 -0.00172366 -0.00164767 -0.000506524 -0.00103885 -0.000523499 -0.000234423 -0.000831244 -0.000790675 -6.36202e-05 -0.00145759 -0.00132549 -0.00126709 -0.000228066 -0.000253692 -0.00100251 -0.00104905 0.00024799 -0.00137176 -0.000350937 -0.000601342 4.12857e-05 -0.000443176 1.56052e-05 -0.000957799 -0.000103278 -0.0004721 -0.000900256 -0.000261308 -0.00109642 -4.42315e-05 -0.000341008 -0.000981876 -3.27539e-06 -0.000680257 -0.000608486 0.000197126 -0.000921451 -0.00170385 -0.000734071 -0.000835619 -5.28451e-05 -0.0004206 -0.00104701 -0.00086335 -0.000693415 -0.00018946 0.000128819 -0.00233308 -4.5322e-05 -0.000124684 0.000157571 -0.00122659 -0.000333307 -0.0013911 0.000339138 -0.00107475 -0.000706085 0.000135824 -0.000283696 -0.0010134 -0.000827515 -0.00100218 -0.00106431 0.000504597 
-0.00101713 -0.00157225 0.000399386 0.000329477 -0.000655899 -0.000874004 0.000197392 0.104076 0.00067319 -0.00221629 0.000439469 -0.00307886 -0.000807209 -0.00150111 0.00141843 -0.00332066 -0.00388622 -0.00448457 -0.00514974 -0.00265851 -0.00397085 -0.00467828 -0.00365183 -0.00362168 -0.00105982 -0.00290899 -0.00154189 -0.00148071 -0.00445579 -0.00141615 -0.000885933 -0.000906853 -0.000516336 -0.00127068 -0.00107247 -0.000345176 -0.00116378 -0.0019633 0.000879905 -0.000998589 -0.000650511 -0.000584264 -0.0001146 -0.000538594 0.000314063 -0.000494535 3.00893e-06 -0.000735776 8.06992e-05 -0.000912274 -0.000151098 -0.0004958 -0.000288106 -0.000762812 -0.000656534 -0.00102298 -0.000928296 -0.00138976 -0.00109854 -0.000745275 -0.00139684 0.000446208 -0.00114282 -0.000609282 -0.00106054 -1.42687e-05 -0.00120493 -0.00160211 -0.00117721 -0.000376772 -0.000465438 -0.00053349 -0.00148927 -0.00168676 -0.0002705 -0.000419385 -0.000127721 -0.00104911 -0.00217874 -0.000474207 -0.000158292 -0.000890064 -0.000773826 -0.00142521 -0.000661661 -0.00163339 -0.000471005 -0.00113259 -0.000313277 -0.000461524 -0.000167026 -0.000556396 -7.28707e-05 -0.00102773 -0.000858315 -0.00081138 0.00022318 -0.000823631 0.00040331 0.000334706 
-0.0010179 -0.000734441 -0.00133455 -0.000708209 -0.000445626 -0.000217998 -0.000784462 0.00067319 0.112229 -0.000761572 0.000566559 -0.00215867 -0.00215447 -0.00225817 -0.00132375 -0.00460242 -0.00342584 -0.00206332 -0.00209061 -0.00136652 -0.00541367 -0.0041338 -0.000892481 -0.0060587 0.00105635 -0.00198678 -0.0031415 -0.00182528 -0.00103888 -0.00266644 -0.00145437 -0.00182535 -0.00151727 -0.00116693 -0.00164978 -0.00146296 -0.000391306 -0.00132916 -0.000657527 -0.00165314 -0.000605669 -0.00113622 -0.00090273 -0.00121511 -0.00130897 -0.000324343 -0.000278329 -0.00149064 -0.00108768 -0.00190672 -0.00115289 -0.000883463 -0.00131717 -0.000157105 -0.000801475 -0.000543471 -0.000969559 -0.000173917 -0.00087875 -0.000969927 -0.000733872 -0.000380764 -0.00132568 -0.000601842 -0.0013519 -0.000236853 -0.00091124 -0.000772543 -0.000302905 -0.000969501 -2.60364e-05 -0.00123176 -0.00216484 -0.000530757 0.00039465 -0.000658016 -0.000692962 1.09966e-05 2.38911e-05 -0.0013172 -0.000814862 -0.00127703 0.000423338 -0.0012564 -0.000539106 -0.000396262 -0.00134132 -0.000444422 -0.00123513 -0.000773147 -0.000314441 -0.0012109 -0.000408748 -0.00172129 -0.000688036 0.000393495 -0.00105091 -0.000873123 -0.000610628 -0.000788608 
-0.00193931 -0.00122806 -0.000425993 -0.0024656 -0.000209076 -0.00145542 -0.00131083 -0.00221629 -0.000761572 0.143832 -0.0042515 -0.00318911 -0.0025762 -0.00279122 -0.00196057 -0.00256615 -0.00680264 -0.00530144 -0.00464525 0.00452905 -0.00948473 -0.000576831 -0.00632278 -0.00616962 -0.00281398 0.000910575 -0.00310327 -0.00176159 -0.0019404 -0.000799751 -0.0031035 -0.00260158 -0.000237406 -0.00288616 -0.000767441 -0.000828248 -0.00135885 -0.00262244 -0.000753811 -0.000376925 -0.00187865 -0.000510477 -0.00210072 -0.00124572 -0.00125261 -0.000548064 -0.0001964 -0.0013555 -0.000640689 -0.0022205 -0.000966194 -0.00230835 -4.99927e-05 -0.00145466 -0.00151619 -0.000733081 -0.00177503 -0.00135976 -0.00126113 -0.000358634 -0.000929305 -0.00115601 0.000562221 -0.00198822 -0.00091572 -0.00130091 -0.00112992 0.00111366 -0.00142771 -0.00188619 -0.00118265 -0.00143741 -0.000196409 -0.00118897 -0.000864722 -0.00149385 0.000295245 -0.0004322 -0.000530476 -0.0022054 -0.00010724 -0.000863601 -0.00107829 0.000372088 6.52334e-05 -0.000417266 -0.0010467 -0.00180042 -0.000476101 0.000116913 -0.00170619 -0.00120186 -0.000727306 -0.000271359 -0.000135664 -0.0010322 -0.000177986 -0.00024941 -0.00042633 -0.00147512 
-0.000607485 -0.00173585 -0.00234757 0.000284217 -0.00152849 -0.00120301 0.000434308 0.000439469 0.000566559 -0.0042515 0.149382 0.00127576 -0.00278598 0.00445828 -0.00339189 -0.00182042 -0.00082736 -0.00370832 -0.00188333 -0.00552897 -0.000427356 -0.00340612 -0.00815007 -0.00247511 -0.00676371 -0.00324224 -0.00346893 0.000878327 -0.00346167 -0.00297413 -0.00158445 -0.000630141 -0.00337695 -0.00141232 -0.00183163 -0.00231697 -0.00179418 -0.00172823 -0.000851259 -0.000455416 -0.00053756 9.19087e-05 -0.000909594 -0.00108467 -0.000185792 -0.00237367 -0.00193938 -0.000995109 -0.00257497 -0.00157832 -0.000726882 -0.000160277 -0.00248117 -0.00161125 -0.00120866 0.000369115 -0.00205919 -0.00181771 -0.00243658 -0.000938057 -0.000143546 -0.000988273 -0.00187698 -0.000768144 -0.000851993 -0.00124656 -0.00112445 -0.00155828 -0.00122194 -0.00232613 -0.00277354 -0.000990271 -0.00118561 -0.00110919 -0.00176635 -0.000886897 -0.00151712 -0.000782918 -0.0016855 -0.00123039 0.000444516 -0.0014824 -0.00213407 -0.0030734 -0.000239912 -0.000812203 -0.000502383 -0.00155135 -0.000777503 -0.000743121 -0.000974721 -0.000614359 0.000374911 -0.00189558 -0.00167373 -0.00234681 -0.00142943 -0.00139645 -0.00219722 -0.00153116 
-0.00298826 -0.0014844 -0.00172846 -0.00137078 -0.00269035 -0.00335102 -0.00291832 -0.00307886 -0.00215867 -0.00318911 0.00127576 0.190369 -0.00127054 0.00249013 -0.00287417 -0.0011761 0.000259237 -0.00131923 -0.00876214 -0.00514694 -0.00264405 0.000112484 -0.00552664 -0.00689321 -0.0030548 -0.00802647 0.000636034 -0.00165193 0.000937367 -0.00588491 -0.00163757 -0.00186439 -0.00418957 0.000235419 -0.00260179 -0.00187981 -0.00329542 -0.00143394 -0.000699469 -0.00146683 0.000541836 0.000538602 -0.00115118 -0.00115479 -0.00215706 -0.00100957 -0.00197254 -0.00298966 -0.00229176 0.000997964 -0.0011891 -0.00247113 -0.00395099 -0.0017425 -0.00335213 -0.00247096 -0.0019807 -0.0035577 -0.00116047 -0.00151605 -0.00161391 -0.000626149 -0.000877146 -0.00207252 -0.00123676 -0.0004853 -0.00120307 -9.31866e-05 -0.00212309 -0.00234512 -0.00121992 -0.00200629 -0.00193614 -0.000670384 -0.00126844 -0.000750919 -0.00102683 -0.000922559 -0.00193287 -0.00284538 -0.000909835 -0.00135981 -0.00209626 -0.00144315 -0.00130127 -0.00164208 -0.00205681 -0.000478494 -0.000773123 -0.00156151 -0.00343038 -0.00170719 -0.00254153 -0.00132405 -0.0026972 -0.00194978 -0.00333971 -0.000709962 -0.00195761 -0.00348205 
-0.00167208 0.00115168 -0.00167971 -0.000312267 -0.00366266 0.000485252 -0.00235257 -0.000807209 -0.00215447 -0.0025762 -0.00278598 -0.00127054 0.18362 -0.000959124 -0.00255525 -0.00530562 0.000237542 -0.00788157 -0.00407691 -0.00664815 -0.00153486 -0.00477623 -0.0121261 -0.0064663 -0.00650544 -0.00850724 -0.00272608 -0.0040757 -0.00330865 -0.000304707 -0.00337269 -0.00164195 -0.0025559 -0.00269668 -0.00223501 -0.00176726 -0.00224752 -0.00137303 -0.00304025 -0.00196378 -0.000973935 -0.000448986 -0.00440886 -0.000344652 -0.00127113 -0.000826683 -0.00099976 -0.000927313 -0.00205633 -0.00188266 -0.00135183 -0.00204987 -0.00194169 -0.00220717 -0.00227993 -0.000926394 -0.00139703 -5.55678e-05 -0.00153407 -0.00162736 -0.0003411 0.00128874 -0.00111827 -0.000822937 -0.000746174 0.000878641 0.000390449 0.000352633 -0.00173828 -0.0022996 -0.00286381 -0.000161765 0.000187902 0.00081336 -0.00255637 -0.00165428 -0.00133268 -0.00041081 -0.000129307 -0.00154079 -0.0019705 -0.000562227 -0.0013451 5.55301e-05 -0.000464546 -0.00118164 -0.000647506 -0.00102954 -0.000756068 -0.00163007 -0.00303034 -0.00177139 -0.00166103 -0.00068775 -0.00134575 -0.000344549 -0.00159638 0.0015161 -0.00207643 -0.00172438 
-0.0012978 -0.00273441 -0.00486627 -0.00334954 -0.000826606 -0.00141892 -0.000830478 -0.00150111 -0.00225817 -0.00279122 0.00445828 0.00249013 -0.000959124 0.217472 -0.000156698 -0.00357237 0.000831746 -0.0101208 -0.00519804 -0.0106439 -0.00627885 -0.00541957 -0.00533081 0.00172001 -0.00448845 -0.0110782 -0.00324573 -0.000630775 -0.000394955 -0.00270276 -0.00300662 -0.00408262 -6.21898e-05 -0.0023307 -0.00143981 0.000227265 -0.00198398 -0.00252018 -0.00198675 -0.0013213 -0.00271087 -0.00375219 -0.00089936 -0.000783542 -0.00327203 -0.000900302 -0.00165183 -0.00241241 -0.000554897 -0.00139142 -0.00101971 -0.00257198 -0.0039113 -0.00170227 -0.00308244 -0.00104163 -0.000524082 -0.0029101 -0.00232331 -0.001011 -0.00168313 -0.00241101 -0.00330079 -0.00366541 -0.000556923 -0.00181532 -0.00180963 -0.000593601 -0.00122382 -0.00259729 -0.00175482 -0.000100399 -0.0040059 -0.000875782 -0.000791554 -0.00300175 -0.00271648 -0.00191312 -0.000259953 -0.00245103 -0.000644725 -0.000480815 -0.00162567 -0.00118092 -0.00150136 -0.00216896 -0.00167046 -0.00119536 -0.00136982 -0.00307243 -0.00231058 -0.00319683 -0.00234575 -0.00294627 -0.00156255 -0.00324761 -0.00222664 -0.00359132 -0.002057 -0.00202012 
-0.00236271 -0.0038101 -0.00151055 -0.00280109 -0.000189971 -0.00202304 -0.00312368 0.00141843 -0.00132375 -0.00196057 -0.00339189 -0.00287417 -0.00255525 -0.000156698 0.215432 -0.000916205 -0.00626029 -0.00141933 0.00197825 -0.0092445 -0.0123556 -0.00870606 -0.0114975 -0.0015314 0.00137351 -0.00560438 -0.000290698 -0.00473279 -0.00983915 -0.00472107 -0.000779394 -0.00253081 3.26203e-05 -0.00564108 -0.00269362 -0.00114602 0.00038573 -0.00152129 -0.00292779 -0.00260663 -0.00164437 -0.00140989 -0.00104085 -0.000977061 -0.00185216 -0.000983369 -2.96255e-05 -0.000864063 -0.00064615 -0.0021586 -0.00122427 -0.00274558 -0.00235058 -0.00137099 -0.00193178 -0.00166877 -0.00229684 -0.00133663 -0.00424854 -0.00144618 -0.0008818 0.00163986 0.000115897 -0.0020409 -0.000450605 -0.000541934 -0.00218961 -0.00221556 0.0017828 -0.00136375 -0.00114058 -0.0036375 -0.00292938 -0.00136675 -0.00137976 -0.00321359 -0.000449676 -0.000242296 -0.00233103 0.000107734 -0.00202373 -0.000847456 -0.00477272 -0.0041075 -0.00121465 -0.00280927 -0.00164105 -0.0028206 -0.00197349 -0.002891 -0.00265295 -0.00116861 -0.00143452 -0.00132807 -0.00116535 -0.000289094 -0.0024413 -0.000700601 -0.00205741 -0.00227709 
-0.00355187 -0.000634836 -0.00323545 -0.00060152 -0.00208686 -0.00257284 -0.00335974 -0.00332066 -0.00460242 -0.00256615 -0.00182042 -0.0011761 -0.00530562 -0.00357237 -0.000916205 0.238399 -0.00480469 -0.00396877 -0.000136097 -0.00608642 -0.00742377 -0.0147187 -0.00701207 -0.00139719 -0.006896 -0.00795737 -0.00488751 -0.00746969 -0.00164205 -0.0060834 -0.00235805 -0.000120584 -0.00121922 -0.00311871 -0.00124594 -0.000534233 -0.00553757 0.00129594 -0.00380382 0.000264265 -0.00304466 -0.00309791 -0.00345621 -0.00358611 -0.000911285 -0.00123006 -0.00416549 -0.000365205 -0.00356442 -0.00359785 -0.00242243 -0.00229576 -0.00309893 -0.00178744 -0.000891002 0.000793488 0.000385105 -0.00158501 0.000272044 -0.00207142 -0.00156015 -0.0020134 -0.00312838 -0.000574231 -0.00133626 -0.002628 -0.00039571 -0.000637166 -0.000799718 -0.00136252 -0.0014609 -0.00223131 0.000441723 -0.000903224 -0.00190784 -0.00141979 -0.00169123 -0.000937306 -0.00252423 0.00092281 -0.00214731 -0.00249395 -0.00159805 -0.00389919 -0.00208028 -0.00327889 -0.00336731 -0.00225564 -0.00162705 -9.78596e-05 -0.00147192 -0.00109598 -0.00114491 -0.000629481 -0.000676124 -0.00251857 -0.00171117 -0.00200779 0.00107085 -0.00331593 
-0.00216187 0.00106112 -0.00455793 -0.00271008 -0.00354529 -0.00347214 -0.00406775 -0.00388622 -0.00342584 -0.00680264 -0.00082736 0.000259237 0.000237542 0.000831746 -0.00626029 -0.00480469 0.249432 -0.00699266 -0.00398368 -0.00347347 -0.000322857 0.0059006 -0.00531618 -0.0126124 -0.0175603 -0.00188798 0.00135889 -0.00660765 -0.0102336 -0.00246425 -0.00733031 -0.00174107 -0.00336463 -0.00088426 -0.00167762 -0.00416284 -0.00187231 -0.000750618 -0.00146355 -0.00169143 -0.000677552 -0.00154377 -0.00141674 -0.00332078 -0.00147342 -0.00270133 -0.00148667 -0.00313535 -0.00290255 7.56888e-05 2.17284e-05 -0.000897144 -0.00270208 -0.000813578 -0.00376607 -0.00409596 -0.00392875 -0.00283492 -0.00251882 -0.00220708 -0.00252154 -0.00243769 -0.00193784 -6.51085e-05 0.00159234 -0.00279496 -0.00125788 -0.00304672 -0.00221437 -0.00164643 -0.00291719 -0.00114223 -0.00157189 -0.000819727 -0.00233539 4.59793e-05 -0.00190087 -0.000812893 -0.00111319 -0.00409599 -0.00199747 -0.00235567 -0.00346317 -0.00356686 -0.000162733 -0.00135221 0.000653296 -0.00135153 -0.00052446 -0.00447802 -0.000602303 -0.00234963 -0.00198198 -0.00343483 -0.0020709 -0.00231259 -0.00136453 -0.00171225 -0.00160706 -0.00481196 
-0.00322918 -0.00352157 -0.00170739 -0.000984964 -0.00389976 -0.00329542 -0.00240667 -0.00448457 -0.00206332 -0.00530144 -0.00370832 -0.00131923 -0.00788157 -0.0101208 -0.00141933 -0.00396877 -0.00699266 0.247696 -0.00244951 -0.00389221 -0.00117477 -0.0111133 0.00132308 0.0011139 0.00196494 0.00466724 -0.000639441 -0.006846 -0.0076253 -0.000972575 -0.00183432 -0.00190873 -0.00423596 -0.000582082 -0.00469292 -0.000848302 -0.00505876 -0.00413433 -0.00326534 -0.000314738 -0.00161446 -0.00381434 -0.003149 -0.00238609 -0.00290722 -0.00392045 -0.00151365 0.00191976 -0.000336583 -0.00327168 -0.00172767 -0.000906958 -0.00688726 -0.00135498 -0.000909273 -0.00421495 -0.000474041 -0.00354672 -0.000863516 -0.000867721 -0.0016721 -0.00426052 -0.00365121 0.000515039 -0.00342169 -0.00265943 -0.00236576 -0.00119055 -0.000342168 -0.00512296 -0.00179216 -0.00316929 -0.00373859 -0.00393005 -0.00297785 -9.85075e-05 -0.0024289 -0.00224481 -0.00192918 -0.000807115 -0.00191255 -0.00120498 -0.00206771 -0.0029888 -0.00233937 -0.000705053 -0.00257017 -0.00264933 -0.00316797 -0.00270443 -0.00195789 -0.00330871 -0.00110656 -0.000662674 -0.00222822 -0.00163039 -0.00172612 -0.00278122 -0.000392323 -0.000732188 
-0.000956745 -0.0029806 -0.00271 -0.00431745 -0.00183524 -0.00334289 -0.0054667 -0.00514974 -0.00209061 -0.00464525 -0.00188333 -0.00876214 -0.00407691 -0.00519804 0.00197825 -0.000136097 -0.00398368 -0.00244951 0.249356 0.00632931 0.00249183 -0.012067 -0.00487262 -0.00884999 -0.00751891 -0.00369765 -0.00258284 -0.00155071 -0.00598988 -0.0125993 -0.00521891 -0.00419416 -0.00113862 -0.00218745 -0.00248326 -0.00166773 -0.00141999 -0.00427895 -0.00375592 -0.00323408 -0.000355429 -0.00321667 -0.000478943 -0.00328382 -0.00466715 -0.00161859 -0.000126861 -0.000584814 0.000119485 -0.00105675 -0.00301151 -0.00149491 -0.00225897 -0.0013477 -0.00439645 8.68443e-07 -0.00281121 -0.00203574 -0.00174802 -0.00277243 -0.00326621 -0.00305613 -0.00263387 -0.000644288 0.000146333 -0.00239212 -0.000607447 -0.00287369 -0.00299324 -0.00165225 -0.00144718 -0.00279774 -0.000109511 0.000199474 -0.00463816 -0.00510583 -0.000751572 -0.00249017 -0.00042788 -0.00239504 -0.000425338 -0.00156366 -0.00172962 -0.00146357 -0.000838132 -0.00356845 -0.00260182 -0.00142673 -0.00266622 -0.00395061 -0.00238936 -0.00196439 -0.0030886 -0.00132325 -0.000465857 -0.00113199 0.00149491 -0.00160942 -0.0020646 -0.00100397 
-0.00102416 0.00171087 -0.0017294 -0.00400993 -0.00170024 0.00084313 -0.0056191 -0.00265851 -0.00136652 0.00452905 -0.00552897 -0.00514694 -0.00664815 -0.0106439 -0.0092445 -0.00608642 -0.00347347 -0.00389221 0.00632931 0.249974 -0.00230163 0.00460002 -0.00431171 -0.0119796 -0.00736665 -0.00662501 -0.00930449 -0.00596837 0.000295228 -0.00991664 -0.0064163 -0.0055696 -0.00275151 -0.00373212 -0.0027081 -0.000736071 -0.000881706 -0.00314692 -0.00290061 -0.00419068 -0.00236082 -0.00230727 -0.00506823 -0.00267995 -0.00287747 -0.00122358 -0.00152473 -0.00250413 -0.00258903 -0.000941625 -0.000913084 -0.00170279 -0.00277293 -0.00147766 -0.000241282 -0.000684552 -0.00196809 -0.00195965 -0.000585285 -0.00120115 -0.00184058 -0.00315771 0.00029048 -0.00318251 -0.00109674 -0.00228832 -0.00317605 -0.00190114 -0.00180023 -0.00183519 -0.000895 0.000370144 -0.00032944 -0.000773618 -0.00175917 -0.00243779 -0.00140899 -0.00204291 0.000858072 -0.000843349 -0.000732107 -0.00211295 -0.00150687 -0.000182265 -0.00264792 -0.00190352 -0.00225267 -0.00340956 -0.00058971 -0.00259902 -0.00165668 -0.00290179 -0.00132007 -0.00143765 -0.00383407 -0.00167871 -0.00125654 -0.00242491 -0.00385605 -0.00356533 
-0.00090689 -0.000649277 0.000488543 0.000625086 -0.00267439 -0.00115959 -0.000557872 -0.00397085 -0.00541367 -0.00948473 -0.000427356 -0.00264405 -0.00153486 -0.00627885 -0.0123556 -0.00742377 -0.000322857 -0.00117477 0.00249183 -0.00230163 0.249924 -0.00987718 -0.00377043 -0.00245454 0.00192402 -0.00696518 -0.0100058 -0.00506142 -0.00858255 -0.00208434 -0.0018568 -0.00365737 -0.00368732 -0.00412836 -0.00312557 -0.00392445 -0.00720708 -0.00129849 -0.00239191 -0.000315584 -0.00338629 -0.000159061 -0.0042334 -0.00200623 -0.0026062 -0.00379613 -0.00053523 -0.000146786 -0.0042052 -0.00229376 -0.00203727 -0.00236086 -0.00335431 -0.0025041 -0.00385939 -0.00241853 0.000878695 0.00283777 -0.000345191 -0.00126681 -0.000994448 -0.00266327 -0.00281755 -0.00167153 -0.000159746 -0.00212859 -0.00231129 -0.00601338 -0.00373491 -0.00102207 -0.000949827 -0.00203101 -0.00195107 -0.00155281 -0.000658407 -0.00149074 -0.00106409 -0.00181912 -0.00408953 -0.00284988 -0.00221716 -0.00110328 0.0012521 0.00262483 -0.0032026 -0.00124771 -0.00275444 -0.00387333 -0.000876729 -0.00148079 -0.00231912 -0.00124756 -0.00442005 -0.000956789 -0.00107113 -0.00411027 -0.001593 -0.00385828 -0.00158513 -0.00196581 
-0.000414432 -0.00291242 0.00149422 -0.00105256 0.000576095 -0.00153805 -0.00431818 -0.00467828 -0.0041338 -0.000576831 -0.00340612 0.000112484 -0.00477623 -0.00541957 -0.00870606 -0.0147187 0.0059006 -0.0111133 -0.012067 0.00460002 -0.00987718 0.247572 -0.0135034 -0.00590886 -0.00323721 -0.00840203 -0.010014 -0.0017553 -0.00283145 -0.00291008 -0.00583398 -0.00528581 -0.00604987 0.0016569 -0.00128261 0.000789576 -0.00155984 0.000647604 -0.00236103 -0.0017701 -0.000667367 -0.000350981 0.00136621 -0.0033231 -0.0024983 -0.000811037 -0.00157759 -0.00311767 -0.000695396 -0.00379732 -0.00270202 -0.00188673 0.00111253 -0.00252527 -0.00260926 -0.00321955 -0.00265141 -0.00276328 -0.00268882 -0.00348463 -0.00151809 -0.00361597 0.000101304 -0.00285302 -0.00340131 -0.00100247 -0.00220178 -0.00188869 5.73718e-05 -0.00248828 -0.000482137 -0.00293368 -0.00291861 -0.00323499 0.000370079 -4.18605e-05 -0.000984448 -0.00129873 -0.0010971 -0.00277459 -0.000316632 -0.00167338 0.000606988 -0.000877566 -0.00132461 -0.0024511 -0.00143485 -0.00012086 -0.00198538 -0.000688631 -0.00161862 -0.00158665 -0.00411027 -0.000906846 -0.00198118 -0.0010192 -0.00190283 -0.000732272 -0.00222855 -0.00148529 
-0.0015491 -0.00248757 -0.00194402 -0.00291005 -0.000966336 -0.00241848 0.000933814 -0.00365183 -0.000892481 -0.00632278 -0.00815007 -0.00552664 -0.0121261 -0.00533081 -0.0114975 -0.00701207 -0.00531618 0.00132308 -0.00487262 -0.00431171 -0.00377043 -0.0135034 0.249955 0.00217725 0.00336952 0.00252515 0.00129993 -0.00322821 -0.00110999 -0.0032185 -0.00261123 -0.00147822 -0.00764844 0.000153986 -0.00306076 -0.00175502 0.00135675 -0.00268107 -0.000657835 -0.00122509 -0.00392346 -0.000430491 -0.00166616 -0.00207828 -0.00376463 -0.00264672 -0.00411195 -0.0025981 -0.00143466 -0.00218276 -0.00287631 3.11874e-05 0.000674787 -0.000935171 -0.00226767 -0.00142382 -0.00298752 -0.00205521 -0.000139152 -0.00234877 -0.00514121 -0.00376697 -0.00174509 -0.0022506 -0.00271091 -0.00248589 -0.00339923 -0.00130874 -0.00150958 -0.00104645 -0.00276466 -8.9272e-05 -0.00166264 -0.00139703 -0.00215862 -0.00315731 -0.000229806 -0.00241214 -0.00123649 -0.00145163 -0.00133592 -0.00428465 -0.00310533 -0.00197011 -0.00335374 -0.00194915 -0.00148359 -0.000796059 -0.00207146 -0.0012143 -0.00255252 -0.00286926 -0.00391433 -0.00385075 -0.00339799 -0.00186689 -0.00142928 -0.0037914 -0.00230496 -0.00122936 
-0.00343731 -0.00282271 -0.00285782 -0.00110689 -0.00437063 -0.0053275 -0.00353369 -0.00362168 -0.0060587 -0.00616962 -0.00247511 -0.00689321 -0.0064663 0.00172001 -0.0015314 -0.00139719 -0.0126124 0.0011139 -0.00884999 -0.0119796 -0.00245454 -0.00590886 0.00217725 0.249491 0.000469502 0.000181871 0.000872478 0.00216026 -0.00552881 -0.00772545 -0.00684517 -0.00208524 0.000934708 -0.00321437 -0.00310936 -0.00507923 -0.00273694 -0.000712767 -0.0019082 -0.00312661 -0.00287233 -0.00279167 -0.00225855 -0.00404825 -0.00384374 -0.00477824 -0.00415477 -0.000666703 0.000181957 -0.00142366 -0.000817893 -0.00162803 -0.00138194 -0.000985534 -0.000244566 -0.00203233 0.000290776 -0.00193155 -0.00230504 -0.00298667 -6.97458e-05 -0.000194995 -0.000482454 -0.00307479 -0.00293677 -0.00528188 -0.0025867 -0.00248358 -0.00415124 -0.000570897 -0.00114138 -0.00237285 -0.00236362 -0.00276482 -0.00323984 -0.00150156 -0.00332249 -0.00185174 -0.00239955 -0.00057208 -0.00409033 -0.000935581 -0.00218837 0.00290629 -0.00302917 0.000706095 -0.00305638 -0.000618948 -0.000925177 -0.00191285 -9.5228e-05 -0.000587621 -0.00106774 -0.00185695 -0.00347077 -0.00247291 -0.00305687 -0.00377137 -0.00111986 -0.00248793 
-0.00131084 -0.00612964 -0.00172059 -0.00318109 -0.00274339 -0.00149599 -0.00058451 -0.00105982 0.00105635 -0.00281398 -0.00676371 -0.0030548 -0.00650544 -0.00448845 0.00137351 -0.006896 -0.0175603 0.00196494 -0.00751891 -0.00736665 0.00192402 -0.00323721 0.00336952 0.000469502 0.2482 -0.00210126 -0.00532797 -0.00456527 -0.009806 -0.00185077 -0.00347324 -0.00463093 -0.00790464 -0.00701566 -0.00624812 -5.992e-06 -0.00182512 -0.00179388 -0.00359938 -0.00446801 -0.000161963 -3.86188e-05 -0.00278099 -0.00111214 -0.00231334 -0.00192223 0.0010295 -0.0028138 -0.00174914 -0.00129677 -0.0042922 2.338e-06 -0.000580098 -0.00096698 0.000178025 -0.00378202 0.000296957 -0.0012191 -0.000485736 -0.000151977 -0.000185704 -0.000218243 -0.00200818 -0.00372686 -0.00601036 -0.00202668 -0.00216084 -0.00466317 -0.00163994 -0.00227861 -0.00284381 -0.0015763 -0.000794728 -0.0045362 -0.00119091 -0.00113184 -0.00204736 -0.0028497 -0.000820572 -0.00256574 -0.00130025 -0.00186278 -0.00206919 -0.00300101 -0.00319816 -0.000543092 -0.00201985 -0.00095953 -0.00394379 -0.00134295 -0.00229418 -0.00306566 -0.00284905 -0.00255677 0.000748362 -0.000158319 -0.0021554 -0.00121216 -0.002199 -0.00389137 
-0.0024859 -0.00229189 -0.00134367 -0.00366337 -0.000741333 -0.00121977 -0.00360475 -0.00290899 -0.00198678 0.000910575 -0.00324224 -0.00802647 -0.00850724 -0.0110782 -0.00560438 -0.00795737 -0.00188798 0.00466724 -0.00369765 -0.00662501 -0.00696518 -0.00840203 0.00252515 0.000181871 -0.00210126 0.234666 -0.00432619 -0.0033901 -0.000632664 -0.000114966 0.000254725 -0.00663552 -0.00251654 -0.00362467 -0.0011404 -0.000639697 -0.00110809 -0.00175104 -0.0041592 -0.00263601 -0.000500028 -0.00264087 -0.0020086 -0.0029563 -0.00268421 -5.27274e-05 -0.0030151 -0.00235221 -0.00307015 -0.00128828 -0.00307511 -0.00321386 -0.0023704 -0.00182642 -0.00334761 -0.00117636 -0.00329491 -0.00270857 -0.000448019 0.000223626 -5.00771e-06 -0.00159537 -0.000513126 -0.000514999 -0.00270032 -0.00281957 -0.00258987 -0.00238376 -0.00241486 -0.00327366 -0.00417603 -0.00236406 -0.00189986 -0.00356255 -0.00273124 -0.00189234 -0.00181381 -0.00203011 -0.00156868 -0.0017975 -0.00302015 -0.000817376 -0.00202873 -0.00201632 -0.000979895 -0.00270452 -0.000952845 0.000807841 -0.0021553 0.000908405 -0.00171424 -0.00125428 -0.0010179 -0.00181801 -0.00319854 -3.5462e-05 -0.00289677 -0.00196737 -0.00226904 -0.00260539 
-0.00286333 -0.00316586 -0.000785292 -0.000874402 -0.00310308 -0.00291893 0.00013322 -0.00154189 -0.0031415 -0.00310327 -0.00346893 0.000636034 -0.00272608 -0.00324573 -0.000290698 -0.00488751 0.00135889 -0.000639441 -0.00258284 -0.00930449 -0.0100058 -0.010014 0.00129993 0.000872478 -0.00532797 -0.00432619 0.230958 -0.00156716 -0.00765554 -0.00301381 0.00418807 -0.000696607 -0.00292304 -0.00489331 -0.00309084 -0.0040612 -0.00480969 -0.00249624 -0.000172401 -0.0036047 -0.00218557 -0.00336553 -0.000372804 -0.00209879 -0.000306377 -0.00293972 -0.00642633 -0.00146985 -0.00156296 -0.00239726 -0.000692909 -0.00366211 -0.00179977 -0.00153854 -0.00155897 -0.00261426 -0.00488511 -0.000156354 -0.00239043 -0.00198661 -0.00193184 -0.000168968 -0.00296579 -0.00395348 -0.00082081 -0.00222452 -0.00292967 -0.00143534 -0.00175778 -0.00133921 -0.00107 -0.00153557 -0.0012391 -0.000984518 -0.00135346 -0.00168657 -0.00242735 -0.00212803 -0.00348828 -0.00232493 -0.00191128 -0.000616677 -0.00356874 -0.00727078 -0.00125143 -0.000548831 -0.00102364 -0.0019969 -0.00193266 -0.0043157 -0.0010049 -0.00192092 0.00113438 -0.00236533 -0.00215354 0.00137127 -0.0046034 -0.00240562 -0.00266026 -0.000924749 
-0.00263132 -0.000577428 -0.00123701 -0.00134558 -0.0011201 -0.00163654 -0.00392047 -0.00148071 -0.00182528 -0.00176159 0.000878327 -0.00165193 -0.0040757 -0.000630775 -0.00473279 -0.00746969 -0.00660765 -0.006846 -0.00155071 -0.00596837 -0.00506142 -0.0017553 -0.00322821 0.00216026 -0.00456527 -0.0033901 -0.00156716 0.198629 -0.00341973 -0.00301299 -0.00473989 -0.00248131 0.00336582 0.000322747 -0.00421628 -0.00131313 8.16785e-05 -0.00422157 -0.00292377 0.000283297 -0.00369026 -0.000688437 -0.000296147 -0.00191019 -0.00140488 -0.00218127 -0.00336011 -0.00228947 -0.00155532 -0.00240431 0.000117425 -0.00221345 -0.000469424 -0.0013253 -0.00148088 -0.00163927 -0.00208336 -0.00238025 -0.00264789 0.000157404 -0.00154068 -0.00122525 -0.00269106 -0.00541743 -0.000115115 -0.000252326 -0.00142112 -0.000730894 -0.000541006 -0.00301754 -0.00168929 -0.00114236 -0.00169923 -0.000903408 -0.00200679 -0.00272979 -0.0007341 -0.00189476 -0.00189186 -0.00302533 -0.000611944 -0.00285312 -0.00266456 -0.00180989 -0.000729587 -0.00103233 -0.00326235 -0.00231277 -0.000501449 -0.00126123 -0.0014299 -0.00212572 -0.00211533 -0.000923442 -0.00333199 -0.000316589 -0.00143989 -0.00212018 -0.00215486 -0.00134327 
-0.000676354 -0.0010704 -0.000415142 -0.00204444 0.000224203 -0.00143581 -0.000242012 -0.00445579 -0.00103888 -0.0019404 -0.00346167 0.000937367 -0.00330865 -0.000394955 -0.00983915 -0.00164205 -0.0102336 -0.0076253 -0.00598988 0.000295228 -0.00858255 -0.00283145 -0.00110999 -0.00552881 -0.009806 -0.000632664 -0.00765554 -0.00341973 0.180165 0.00104095 0.000153489 -0.00243173 -0.00134661 0.000252279 -0.000389868 -0.00191973 -0.000549399 -0.000673959 -0.000698478 0.000191589 -0.002239 -0.00112195 0.000195724 -0.00213322 -0.00193381 -0.000844315 -0.00153826 -0.00076521 -0.00312396 -0.0010809 -0.0018828 -0.0018142 -0.00281528 -0.000728894 -0.00208142 -0.00180298 0.001071 -0.002096 -0.00180666 -0.000847265 -0.00257636 -0.00220114 -0.0015282 -0.00118709 -0.00121676 -0.000133341 -0.00325016 -0.000952838 -0.000700456 -0.000512559 -0.0019699 -0.00152793 -0.000536657 -0.00188594 0.000166761 -0.00162033 -0.00266878 -0.000379897 0.000361953 -0.00272383 -0.00184388 -0.00051943 -0.000812213 -0.00224249 -0.00179547 -0.00221151 -0.000968021 -0.0018517 -0.000768192 -0.00193002 -0.000865321 0.000650207 -0.000259126 -0.000351154 0.000457138 -0.00133174 -0.00106597 -0.00205844 -0.00286353 -0.00080518 
-0.000806644 -0.000720058 -0.000921819 -0.000766164 -0.00135541 0.000522935 -0.00115274 -0.00141615 -0.00266644 -0.000799751 -0.00297413 -0.00588491 -0.000304707 -0.00270276 -0.00472107 -0.0060834 -0.00246425 -0.000972575 -0.0125993 -0.00991664 -0.00208434 -0.00291008 -0.0032185 -0.00772545 -0.00185077 -0.000114966 -0.00301381 -0.00301299 0.00104095 0.165878 -0.000857117 -0.000979457 -0.00127554 -0.00162844 -0.00190812 -0.00111576 -0.00108414 -0.00135581 -0.00151808 -0.00248328 -0.00138534 -0.000771739 -0.00116296 0.00136928 0.000181014 -0.00193144 -0.00217754 -0.00179503 -0.00198061 -0.00208005 0.000721613 -0.00249958 -0.0020701 -0.00188011 -0.00119179 -0.00184808 0.000365419 -0.00163582 -0.00259753 -0.00133456 -0.000224798 -0.00351818 -0.000999616 -0.00107715 -0.00123213 -0.00219932 -0.000545921 0.000134242 -0.0018952 -0.00171305 -0.00248574 -0.000352455 -0.00176766 -0.00225337 -0.00212638 -0.000722671 -0.00213766 -0.00104285 -0.00194279 -0.00270145 -0.00110835 -0.00125195 -0.00110142 0.00185651 -0.00106824 -0.00144 -0.000174295 0.000996232 -0.00165177 -0.0007003 -0.00013174 2.64151e-05 -0.000452467 -0.00150177 -0.000461676 -0.00224819 9.2141e-05 -0.00109578 -0.00220439 5.40115e-05 
-0.000812324 -0.00163855 -0.00231002 -0.00178267 -0.00175631 -0.000408627 -0.00146715 -0.000885933 -0.00145437 -0.0031035 -0.00158445 -0.00163757 -0.00337269 -0.00300662 -0.000779394 -0.00235805 -0.00733031 -0.00183432 -0.00521891 -0.0064163 -0.0018568 -0.00583398 -0.00261123 -0.00684517 -0.00347324 0.000254725 0.00418807 -0.00473989 0.000153489 -0.000857117 0.155726 -0.00333161 -0.00214195 -0.00357175 -0.00142114 -0.00146027 0.000523639 -0.00181181 -1.52053e-05 0.000783019 -0.000294759 -7.04937e-06 -0.00144093 3.94057e-05 -0.0024171 -0.00092168 -0.00109834 -0.00253635 -0.00211777 0.00160984 -0.000628513 -0.00189498 -0.00203006 -0.00159436 -0.000330427 -0.00165353 -0.00210237 -0.000785776 -0.000174803 -0.00124492 -0.000915058 -0.00115946 -0.00356826 -0.00180862 -0.00182127 -0.00202087 -0.000551307 -0.000887039 0.000109543 -0.00161278 -0.00231001 -0.00223269 -0.0030122 -0.000895258 0.000392753 -0.00167267 -0.000155459 -0.00111882 -0.00084191 -0.000842878 -0.00153585 -0.000800054 -0.00112041 -0.00177455 -0.000690735 0.000743833 -0.00143527 -0.00141177 -0.000913307 -0.00125755 -0.00164303 -0.00286486 -0.000124894 -0.00145653 -0.00113866 -0.00150549 9.74968e-07 -0.00134078 -0.0036431 -3.87143e-05 
3.92061e-05 -0.00125324 -0.0023439 -0.00125854 -0.00166483 -0.00115057 -0.000823712 -0.000906853 -0.00182535 -0.00260158 -0.000630141 -0.00186439 -0.00164195 -0.00408262 -0.00253081 -0.000120584 -0.00174107 -0.00190873 -0.00419416 -0.0055696 -0.00365737 -0.00528581 -0.00147822 -0.00208524 -0.00463093 -0.00663552 -0.000696607 -0.00248131 -0.00243173 -0.000979457 -0.00333161 0.12916 -0.000672748 0.00225421 -0.00109111 -0.000825941 -0.0014993 -0.000852383 -0.000109955 -0.00122088 -0.00196494 -0.000573917 -0.000875125 -0.000992305 -0.000678705 -0.00108898 -0.00176715 -0.000823078 8.20598e-05 -0.000431633 -0.000826015 -0.0012853 -0.00109023 -0.000233029 0.00117597 -0.00225234 -0.00184437 -0.00018785 -0.0020114 -7.54927e-05 -0.000875473 -0.00023848 -6.52488e-05 -0.000529088 -0.00147742 -0.00138544 -0.00128394 -0.00106685 -0.00118424 -0.000789821 0.000123256 -0.000425389 -0.000273729 -0.000359696 -0.00129781 -0.00100215 -0.00141902 -0.000504766 -0.000882754 -0.000590439 -0.000922751 -0.00172401 -0.00105556 -0.00200711 -0.00105815 -0.00123712 -0.00190936 -0.00116282 -0.00156532 -0.00101414 5.07236e-05 -0.00180039 -0.00129681 -0.000417677 -0.00100086 -0.00058502 -0.00149997 -0.000100893 -0.000642533 0.000847434 
-0.000873798 -0.000608039 -0.00123545 -0.000758415 -0.000611446 -0.00038996 -0.00120708 -0.000516336 -0.00151727 -0.000237406 -0.00337695 -0.00418957 -0.0025559 -6.21898e-05 3.26203e-05 -0.00121922 -0.00336463 -0.00423596 -0.00113862 -0.00275151 -0.00368732 -0.00604987 -0.00764844 0.000934708 -0.00790464 -0.00251654 -0.00292304 0.00336582 -0.00134661 -0.00127554 -0.00214195 -0.000672748 0.119238 -3.54731e-05 -0.00045917 -0.00165337 0.000256553 0.000423121 -0.001771 -0.00138981 -0.00156199 -0.00126959 -0.00179771 -0.00018523 -0.000669588 -0.00103223 -0.000371513 -0.00108424 -0.0015022 -0.000233463 -0.00189716 -0.0016099 -0.00153413 -0.000902902 -0.000981521 -0.00145484 -0.000290547 -0.00180077 -0.00139196 -0.00104888 -0.000648434 -0.000723224 -0.000596007 -0.00180998 -0.000369675 -6.14804e-05 0.000114675 -9.44612e-05 -0.000785518 -0.00141269 0.000785476 -0.000950034 -0.000314174 -0.00140856 -0.000993528 -0.00253996 -0.000504285 -0.00102018 -0.00224102 -0.000189032 -0.00110438 -0.000504339 -0.00151844 -4.77279e-05 -0.000405679 -0.000325335 -0.00088135 -0.000970185 -0.000294002 -0.00126603 -0.000539725 -0.000392112 -0.000186931 0.000758259 -0.00030572 -0.00218133 -0.0014375 -0.00136453 2.70239e-05 -0.000602902 
