0.0934051 -5.20891e-05 -0.00062072 -8.13262e-05 0.000154634 -0.0013182 -0.00181815 -0.00184138 -0.0029886 -0.000652101 -0.00111121 -0.000921418 -0.00258643 -0.00226266 -0.00263307 -0.00179432 -0.0017854 -0.00322394 0.000102533 -0.00307707 -0.00105422 -0.00206234 -0.00256461 -0.00218444 -0.00174754 -0.00225851 -0.00285618 -0.00197879 -0.00335465 -0.000177904 -0.000708182 -0.00179535 0.000453184 -0.00128146 -0.00054961 -0.00101089 -0.000862479 -0.00032826 -0.00141671 0.000144201 -0.000556985 -0.000587343 -0.00106347 0.000333812 -0.000725278 -7.15468e-05 -0.000745554 -0.000217783 -0.00123692 -0.000326872 -2.0308e-05 -0.000675507 -0.000927883 -0.000216812 -0.000826909 -0.000265248 -0.000798786 -0.000157147 -0.000944638 -0.000891915 -0.000336508 -0.000368081 -0.000469919 -0.00168253 -0.000551203 0.000344712 -0.000314265 -0.00030386 -0.00100979 0.000802022 -0.000767499 -0.000824316 -0.000844992 -0.00041523 -0.00108256 -0.000666194 -0.00142153 -0.000923134 -0.000802313 -0.00117921 -0.00087367 -0.00171208 -0.000720418 5.85529e-05 -0.00038555 -0.000189453 -0.000503104 -0.00105792 -0.000645731 -7.15872e-05 -0.00159696 -0.000395334 -0.00134945 -0.00119246 -0.000968801 -0.000181217 -0.000398309 -0.000732493 -0.000699697 5.57192e-05 
-5.20891e-05 0.0657947 0.000172635 0.000105475 -0.000671075 0.000111573 0.000155763 0.000137572 -0.00108781 -4.28755e-05 0.000110757 -0.000688985 -0.000882186 -0.000811508 -0.000927756 -0.00204338 -0.00190449 -0.0025155 -0.000784632 -0.00210017 -0.00339306 -0.0023039 -0.00334848 -0.00249652 -0.00130265 -0.00239339 -0.00338634 -0.00135776 -0.00198801 -0.000821159 -0.00150432 -0.000380366 0.000172066 -0.000163359 -0.00129269 -0.000176576 -0.000526237 -0.000163887 -0.000758611 -0.00101778 -0.00144948 -0.000941106 -0.000543332 -0.000499475 -0.000546435 -0.000869889 1.56623e-05 -8.73301e-05 -0.000410046 -0.000271798 -0.000442233 -0.000630582 -3.31492e-05 -0.000355496 -0.000352791 -0.00040809 0.000393813 -0.00053565 0.000120945 -0.000194071 -0.000585313 -0.000666865 -0.000725799 -0.000285185 -0.000649454 -0.000403263 -0.000605968 -0.000919295 -0.00117809 -0.000175303 -0.000200581 1.62678e-05 -0.000337496 0.000139451 -0.000478829 -0.000282748 -0.000854835 0.000360865 -0.000527371 -0.000686424 -0.000185798 -0.000712617 -0.000469197 -0.00100548 -2.71246e-05 -0.000234197 6.62523e-05 -0.000902785 -0.000834793 -0.000553852 -0.000638884 -0.000180532 -0.000291318 -0.000437135 0.000366225 0.000163792 -0.000137504 -0.000407974 4.29128e-05 -6.1752e-06 
-0.00062072 0.000172635 0.0907704 -0.000606711 0.000228223 0.000233894 -0.000471259 0.000243258 -0.00126366 -0.00166005 -0.00116161 0.000273954 -0.000962876 -0.000300273 0.000416788 -0.00256105 -0.000873152 -0.00387418 -0.00115063 -0.00210382 -0.00391289 -0.00339096 -0.00432381 -0.0038014 0.000444716 -0.00212805 -0.0017938 -0.00139179 -0.00149331 -0.00265383 -0.00152292 -0.0024863 -0.000528176 -0.00161078 -0.00116736 -0.000881379 -0.000158815 -0.000401381 -0.00124333 -5.05312e-05 -0.00224974 -0.000786073 -0.00148471 -0.00087098 0.000291221 -0.000296638 -0.00105334 0.000329195 -0.00107434 -0.000727085 -0.000139732 -0.000959466 -0.00104347 -0.000851144 -0.000647778 -0.00062471 -0.000811386 0.000104663 -0.000645894 -0.000682173 -8.61746e-05 6.55398e-05 -0.00116032 -0.000473098 -0.000359045 -0.000738376 -1.3925e-05 -0.00087119 -0.000952493 -0.000748077 -0.00138725 -0.00117929 -0.000949993 -0.000352275 -0.00146423 -7.55347e-05 -0.00148824 -0.000646674 -0.000497785 -0.000710908 -0.00157098 -0.000970032 -0.0010533 0.000128667 -0.000449369 -0.000581752 -0.000453735 -0.000369452 -0.000313327 -0.000378321 -0.000947275 -0.000976353 -0.000783792 0.000419681 -0.000517962 -0.00111713 -0.000624152 -0.000130628 -0.0007412 -0.00048973 
-8.13262e-05 0.000105475 -0.000606711 0.112869 2.46935e-05 -0.00106801 0.000634477 0.00140861 -0.000744409 -0.00186232 -0.00123044 -0.00244208 -0.00383697 0.000833505 -0.00199263 -0.00197474 -0.00230257 -5.9084e-05 -0.00211116 -0.00169113 0.000325078 -0.00325244 -0.00267406 -0.0034819 -0.000758098 -0.00608535 -0.0014733 -0.00227357 -0.0019837 -0.000127612 -0.00216877 -0.00110919 -0.0028329 -0.000273826 -0.00245399 -0.00204199 -0.00184936 -0.00116208 -0.000694944 -0.00076476 -0.00170165 -6.17759e-07 -0.00120007 -0.00114192 -0.000900869 -0.000107108 -0.00130072 -0.00272431 -0.000469726 -0.00039061 -0.0017658 -0.000367216 -0.000386851 -0.000791538 -0.00202801 -0.000918417 -0.002049 -9.59633e-05 -0.000655769 -0.00102535 -0.000787869 -0.00115053 -0.000374738 -0.000902914 -0.00100613 -0.000274345 -0.00158133 -0.00108119 -0.000820709 -0.000746745 -0.00174053 -0.000679304 -0.00161268 -0.000689632 1.23351e-05 -0.000722767 -0.00117127 -0.000546258 -0.000768876 -0.000445967 -0.000438486 -0.00149271 -0.00127521 -0.000506085 -0.000488942 -0.000247799 -0.00111707 -0.00159366 -0.00175289 -5.79612e-06 -0.00157885 -0.00164976 -0.00113323 -0.000834842 -0.00113506 -0.000657425 -0.000996815 -0.00133495 -0.00109094 -0.000291898 
0.000154634 -0.000671075 0.000228223 2.46935e-05 0.111647 -0.00105255 -9.69088e-05 -0.00190478 -0.00142275 -0.00101972 -0.000108929 0.000332354 -0.00403569 0.00068093 -0.000831631 -0.003249 -0.00282264 -0.00614745 -0.00364975 0.0001325 -0.00419533 -0.00152226 -0.00259692 0.00141131 -0.00160945 -0.00413304 0.000774377 -0.00296754 -0.00302529 -0.00123781 -0.0028035 -0.00103329 -0.00208066 -0.000736385 -0.00184076 -0.000632319 -0.00124325 -0.000797065 -0.00013632 -9.88246e-05 -0.00146404 -0.00102193 -0.00162174 -0.00165878 -0.000775953 -0.00157279 -0.00150646 -0.00101501 -0.00120939 -0.000321625 -4.69053e-05 -0.00117598 -0.00113633 -0.00146216 -0.00148583 -0.00101074 -0.000804846 -0.000804142 -0.00156151 -0.000495629 -0.000886395 -0.00127426 1.39517e-05 -0.000399425 0.000220831 -0.00159205 -0.000463702 -0.00154018 -0.00147263 -0.00110413 0.000491223 -0.00207135 -0.000631955 -0.00118499 -0.00180674 -0.000868111 -0.00116408 -0.00132156 -0.000917951 6.72319e-05 -0.00108566 -0.00209157 -0.00234501 -0.000867588 -0.000321789 -0.00120437 -0.000793395 -0.00140809 -0.00157396 -0.000372916 -0.000982317 -0.00132195 0.000346806 -0.00120133 0.000509594 -0.000762143 -0.000130827 -0.000443967 0.000579777 -0.000154537 
-0.0013182 0.000111573 0.000233894 -0.00106801 -0.00105255 0.0955888 0.000204192 0.00111082 -0.00115547 -0.000393812 0.000730286 -0.00193834 -0.00223624 -0.00529109 -0.00241702 -0.0021816 -0.00193148 -0.0032764 -7.45601e-05 -0.00106868 -0.000817583 -0.00351734 -0.0010898 -0.00521581 -0.00122196 -0.0022251 -0.00301918 -0.000780593 -0.000415539 -0.00181076 -0.00252417 -0.000237002 -0.000644457 -0.0017767 -0.00104442 -0.00100351 -0.00167446 -0.000542715 -0.00148731 -0.00149522 -0.00208084 -0.00100082 -0.000920364 -0.00150864 -0.000952912 -0.000687955 -0.001241 -0.00165967 -0.00085811 -0.000131208 -0.000212316 -0.0010864 0.000897358 -0.000940954 -0.00168424 -0.000586727 -0.000769133 0.000154831 -0.00115978 0.000493009 -0.000535275 -0.000788819 -0.000719355 -0.000291341 -0.00147288 -0.00062332 -8.81113e-05 -0.00148317 0.00111513 -0.000571189 -0.000687912 -0.00145852 -0.000296406 0.000439252 -0.0008656 -0.000390231 -0.00073462 -0.00100842 -0.000637774 -9.09027e-05 -0.000941542 -0.000170495 -0.000877611 -0.000933933 -0.00037298 -0.000419718 -2.06129e-05 -0.00137191 -0.000278737 -0.000525269 -0.0010331 -0.00093633 0.000180209 -0.000579444 -0.00157866 -0.000572057 -0.000579611 -0.00111146 -0.00060339 -0.000180456 
-0.00181815 0.000155763 -0.000471259 0.000634477 -9.69088e-05 0.000204192 0.0929737 -0.000517122 -0.000901663 0.000476205 -0.000295687 -0.000874295 -0.00236891 -0.00300465 -0.00162413 -0.00200552 -0.00631902 -0.00419536 0.00106487 -0.00229389 -7.29182e-05 -0.00376574 -0.00182918 -0.00161978 -0.00498941 -0.00161335 0.000100122 -0.00221606 -0.000416949 -0.00022848 -0.000422187 -0.000122708 -0.00102034 1.73498e-05 -0.00175631 -0.00104793 -0.00152443 -0.00107062 -0.00211586 -0.00118491 -0.00113843 -0.00097558 -0.000512856 -0.000877142 -0.00116351 -0.000542639 0.000116255 -0.000470957 -0.000456228 -0.000159813 -0.000830512 -0.00201022 -0.00175476 -0.000182957 -0.000368797 -0.000601641 -0.00129056 -0.000533187 -0.00168674 -0.000269623 -0.000628825 -0.00124826 -0.00142827 -0.00148151 -0.000849177 -3.43574e-05 -0.000305833 -0.000467133 -0.00196629 -0.000809968 -4.88302e-05 -0.000888162 -7.81991e-05 -0.000687674 -0.000228859 -0.000511197 -0.000829694 0.000474814 -0.000575554 -0.000475419 0.000360292 -0.000291947 -0.000853789 -0.000712078 -0.0013726 0.000572559 -0.000695823 -8.20463e-05 -0.0014763 -0.00120187 -0.000652893 -0.00146355 0.000141977 -0.000363729 -0.000769191 -0.00127881 -0.001789 -0.000273935 -0.00107269 0.000230694 
-0.00184138 0.000137572 0.000243258 0.00140861 -0.00190478 0.00111082 -0.000517122 0.117148 -0.00106564 -0.000159983 -0.00171441 -0.00192273 -0.00125225 -0.00400527 0.000751812 -0.00259802 -0.0020539 -0.00276265 -0.00184912 -0.00442384 -0.00193335 -0.00666338 -0.00348506 -0.00322064 -0.00226656 0.000703768 -0.0049209 -0.00442446 -0.000814262 -0.000592227 -0.00267592 -0.00235485 -0.0016705 -0.00102333 -0.000609991 -0.00177696 -0.00181306 0.00058056 -0.00136144 -0.000746977 -0.00176936 -0.000152541 -0.00078384 -0.000778059 -0.000315908 -0.00155542 -0.00126271 -0.00150396 -0.00138562 -0.000279742 -0.000680522 -0.00133796 -0.00168335 -0.00070439 -0.000454148 -0.000769642 -0.000291999 -9.20961e-05 -0.000458071 0.000389639 -6.25679e-05 -0.00104583 -0.00124252 -0.000701724 -0.00212675 -0.000643854 -0.000851969 -0.00194057 0.000808509 -0.00197884 -0.000741685 -0.000467743 -0.000956835 -0.000893694 -0.00119044 -0.000575973 -0.000888292 -0.00126289 -0.000530645 -0.000325083 -0.000776034 -0.000265226 -0.000320672 -0.000425252 -0.00169066 -0.00171863 -0.000676399 -0.000828709 -0.00122419 -0.000916667 -0.000634764 0.000136548 -0.00250398 -0.000880964 -0.00114125 -0.000895685 -0.00199684 -0.000123105 -0.0012696 -1.78402e-05 
-0.0029886 -0.00108781 -0.00126366 -0.000744409 -0.00142275 -0.00115547 -0.000901663 -0.00106564 0.138919 0.000728517 0.00187947 -0.00214971 0.000201791 -0.000982127 -0.00427281 -0.00581312 -0.00361699 -0.00171058 -0.00328935 -0.00364147 -0.00757088 -0.000404284 -0.00554235 0.00280306 -0.00023684 0.00115296 -0.00267066 -0.0013792 -0.0064027 -0.00341989 -0.00120369 -0.00132777 -0.00308418 0.00015631 -0.0033592 -0.00146252 0.000254726 -0.000950415 -0.00307147 -0.00195895 -0.00167721 -0.00246619 -0.000906733 -0.00200327 0.000738795 -0.000857488 -0.00183406 -0.00163155 -0.000487162 -0.000946438 -0.000702965 -0.000913821 -0.000751797 -0.00185281 -0.00241802 -0.000612939 -0.00154862 -1.49437e-05 -0.00142258 -0.000668274 -0.000729962 -2.60807e-05 -0.00198064 -6.44257e-05 -0.000498423 -0.00202087 -0.00169824 -0.00284173 -0.00112163 -0.0010175 -0.00159773 -0.00119915 -0.00184722 -0.000665264 -0.00189512 -0.000771948 -0.0015914 -0.000898335 -0.000786313 0.000414199 -0.00120536 -0.00133492 0.000210415 -0.000967469 -0.00147178 -0.000340716 -0.00115268 -0.00161824 -0.00198409 -0.00163847 -0.000160468 -0.00166502 -0.000849437 -0.000627234 -0.000926716 0.000249513 -0.000861658 -0.00130649 -0.00116152 -0.00131641 
-0.000652101 -4.28755e-05 -0.00166005 -0.00186232 -0.00101972 -0.000393812 0.000476205 -0.000159983 0.000728517 0.130098 -0.00132874 0.000425515 -0.00251157 -0.00316252 -0.0025532 0.000468222 0.000328668 -0.00292268 -0.00705371 -0.00596909 -0.00383281 -0.00321993 -0.00303181 -0.00550504 -0.00475533 -0.00101495 -0.00356933 -0.00143055 -0.00144352 -0.000650862 -0.000909628 -0.00278384 -0.00150551 -0.00141056 0.00106661 -0.00207847 -0.000924176 -0.00044096 -0.00310089 -0.00162581 7.89811e-05 -0.000455202 -0.00107707 -0.000510659 -0.000689225 -0.000400169 -0.00140243 -0.00289373 -0.00111063 -0.000502721 -0.00126246 -0.00147684 -0.00166792 -0.000762468 -0.00089841 -0.000656608 -0.000272319 -0.000380774 -0.0011739 -0.00191612 -0.0013709 -0.0009459 -0.00157269 -0.00132025 -0.00110328 -0.00176537 -0.000696043 -0.00130426 -0.000728701 -0.000187498 -0.00132718 -0.00113051 -0.00184443 -0.000638824 -8.5134e-05 -0.000523384 -0.000757196 -0.000847617 -1.07663e-05 -0.00102914 -0.00100372 -0.00111078 -0.000568556 -0.00139022 -0.000202973 -0.000347947 -0.000731564 -0.0018819 -0.00176709 -0.00128196 -0.00169302 -0.000726033 -0.000881699 -0.00104663 -0.000370677 -0.000821806 -0.000184453 -0.00144016 -0.000800933 -0.00219344 
-0.00111121 0.000110757 -0.00116161 -0.00123044 -0.000108929 0.000730286 -0.000295687 -0.00171441 0.00187947 -0.00132874 0.151994 -0.00302913 -0.00201228 -0.00444583 -0.00424927 -0.00319259 -0.00242615 -0.0032921 -0.00565427 -0.00602525 0.00143633 -0.00192182 -0.00528638 -0.000911339 -0.00511388 -0.00295131 -0.0024408 -0.00216544 -0.00174997 -0.00169491 -0.00227326 -0.00281877 -0.00531183 -0.00423988 -0.00110993 -0.00173613 0.0006541 -0.00199826 -0.00275407 -0.00175398 -0.00206104 -0.00209644 -0.00174996 -0.000557687 -0.000906049 -0.00223811 -6.86984e-05 -0.00141243 -0.00197174 -0.00139509 -0.00122396 -0.000401343 -0.0015852 -0.001099 -0.00108569 -0.00175067 -0.00199519 -0.000689826 -0.00251484 -0.000426412 -0.00116281 -0.0010492 -0.00110754 -0.0017529 -0.000966053 -0.0014659 -0.00205616 -0.00208852 0.000458897 -0.000307752 -0.00075816 -0.00154453 -0.00229217 -0.00156728 -0.00166105 0.000269039 -0.000609382 -0.000667155 -0.000764653 -0.000895688 -0.00076986 -0.000898985 -0.00169508 -0.00106449 -0.000207876 -0.000735522 -0.000896278 -0.00133782 -0.00121332 -0.000782454 0.000215657 -0.000391629 -0.00154116 -0.000631935 -0.000680371 -0.000449856 -0.000721418 -0.00140943 -0.00138669 -0.00147851 
-0.000921418 -0.000688985 0.000273954 -0.00244208 0.000332354 -0.00193834 -0.000874295 -0.00192273 -0.00214971 0.000425515 -0.00302913 0.173805 -0.00291948 -4.91693e-05 -0.00304572 -0.0026103 -0.00434916 -0.00448935 -0.00303683 0.00304255 -0.00229885 0.00141705 -0.00631072 -0.00333505 -0.00432119 -0.00273818 -0.00353663 -0.00555563 -0.00593306 -0.0048799 -0.0057291 -0.0013241 0.000898153 -0.00269836 -0.00192465 0.000218561 -3.46879e-05 -0.000342439 -0.00352982 -0.00129463 -0.000307413 -0.000386506 -0.00223639 -0.00178439 -0.000907099 0.000919518 -0.00133161 -0.00115366 -0.00236989 -0.000497748 -0.00049151 -0.00161871 -9.99258e-05 -0.000858019 -0.00160944 -0.0032972 -0.000711262 -0.00296414 -0.00229305 -0.00233273 -0.00159668 -0.00145253 -0.00081822 -0.00348128 -0.00086987 -0.00259526 -0.00106546 0.000127996 -0.00114876 -0.00211568 -0.000140769 -0.00392465 -0.00225 -0.00224972 0.000108703 -0.00156801 -0.00264469 -0.00178251 -0.000817592 -0.00151596 -0.0018177 -0.00134169 -0.000359431 -0.000440373 -0.000911478 -0.00163212 -0.0024081 -0.00288954 -0.00173822 -0.00220132 -0.00190372 -0.00172491 -0.00225494 -0.00207371 -0.00138718 -0.00123301 -0.00197742 -0.00150232 -0.00188561 -0.00034483 
-0.00258643 -0.000882186 -0.000962876 -0.00383697 -0.00403569 -0.00223624 -0.00236891 -0.00125225 0.000201791 -0.00251157 -0.00201228 -0.00291948 0.185895 -0.00161863 0.000477887 -0.00778217 0.000634826 -0.00541315 -0.00522871 -0.00642528 -0.00934359 -0.00743937 -0.00259566 -0.0029514 -0.00483309 -0.00792212 -0.00117378 -0.00514642 -0.00110906 -0.00296997 -0.00426123 -0.0042799 -0.00244215 -0.00282676 0.000156521 0.00190228 -0.00167573 -0.000921148 -0.000175462 -0.00283973 -0.000525975 -0.000782633 -0.00167253 -0.00176926 -0.00103427 -0.000730908 -0.000392412 0.000354529 -0.00127642 0.00164378 -0.00187271 -0.00238068 -0.0019008 -0.000507698 -0.00421258 -0.00183141 -0.00241669 -0.000387405 0.000586509 -0.0012388 0.000942388 -0.000974377 -0.000986203 -0.000322899 0.000189666 -0.00130925 -4.01026e-05 0.000499821 -0.00246919 0.000573164 -0.000600859 -0.00108212 -0.00115729 -0.000850632 -0.00115955 -0.000927662 -0.00295764 -0.00257408 -0.000503959 -0.00173764 -0.00136457 -0.00161601 -0.00096012 -0.00186934 -0.000984869 -0.00203889 -0.00158978 -0.00166118 -0.0012476 -0.000830575 -0.00115865 -0.000860861 -0.00238251 -0.00242205 -0.000944192 -0.00247246 -0.00187782 -0.00137727 -0.00301767 -0.00181581 
-0.00226266 -0.000811508 -0.000300273 0.000833505 0.00068093 -0.00529109 -0.00300465 -0.00400527 -0.000982127 -0.00316252 -0.00444583 -4.91693e-05 -0.00161863 0.226876 -0.00152143 -0.00195281 -0.0046091 -0.000344492 0.000790086 -0.0114463 -0.00664214 0.00286866 0.000693532 -0.00757238 0.00224839 -0.0056151 -0.00495041 -0.00727591 -0.00702974 -0.00378268 -0.0021248 -0.00358677 -0.00597985 -0.00121652 -0.00125173 -0.00230071 -0.00238779 -0.00153753 -0.0025585 -0.0032482 -0.00189361 -0.00110192 -0.00233692 -0.00224633 -0.00170688 -0.0014513 -0.0024139 -0.000296698 -0.00086804 -0.00334049 -0.00364222 -0.00150097 -0.00320331 -0.00309922 -0.0021762 0.00087815 0.000249581 -0.00249431 -0.000893006 -0.00422363 -0.000963526 -0.00286726 -0.000755732 -0.00425522 -0.0014537 0.000152108 -0.00286562 -0.00186871 -0.00452842 -0.00318246 -0.000711861 -0.00313288 -0.00112755 -0.00294904 -0.00267889 -0.00162328 -0.00157164 -0.00294542 -0.00278459 -0.00257597 -0.00382979 -0.00350579 -0.00263985 -0.00275116 -0.000641143 -0.000816004 -0.00227582 -0.0012182 -0.00280854 -0.000612584 -0.0016449 0.000139775 -0.00257505 -0.00205578 -0.000968513 -0.00313117 -0.00118984 -0.00173829 -0.00191728 -0.00149181 
-0.00263307 -0.000927756 0.000416788 -0.00199263 -0.000831631 -0.00241702 -0.00162413 0.000751812 -0.00427281 -0.0025532 -0.00424927 -0.00304572 0.000477887 -0.00152143 0.204799 -0.00662964 -0.00291187 -0.00191802 -0.00186464 -0.000535343 -0.0103796 -0.00651651 -0.00595464 -0.0106088 -0.00965039 -0.00563294 -0.0056436 -0.00505723 -0.00293107 -0.00708154 -0.00103978 -0.0023634 -0.00100192 -0.00438462 -0.000662786 -0.000181852 -0.00127099 -0.00384041 -0.00295871 -0.00270959 -0.00134567 -0.00192966 -0.000381714 -0.00086552 -0.00412853 0.00038828 -0.00213496 -0.00159914 -0.00163415 -0.00273273 -7.07544e-05 -0.0028665 -0.00405738 -0.000135926 -0.000985164 -0.00230033 -3.12111e-05 -0.00135389 -0.00225187 -0.000736677 -0.000370424 -0.00120022 -0.000679115 -0.00353414 -0.00189749 -0.00045296 -0.00114543 0.000935482 -0.00294549 -0.000499076 -4.61968e-05 2.31257e-05 -0.000829157 0.00136244 -0.000823985 -0.00175899 -0.00157292 -0.000107135 -0.000898648 -0.00184411 -0.0011101 -0.00205431 -0.00191631 -0.00326873 -0.000924609 -0.00121929 -0.00080379 -0.00323492 -0.00131257 -0.00120553 0.00328249 -0.000925962 0.000216799 -0.00096148 -0.000808213 -0.00235036 -0.00147741 -0.00258892 -0.00188771 -0.00265855 
-0.00179432 -0.00204338 -0.00256105 -0.00197474 -0.003249 -0.0021816 -0.00200552 -0.00259802 -0.00581312 0.000468222 -0.00319259 -0.0026103 -0.00778217 -0.00195281 -0.00662964 0.225808 -0.00225151 -0.00468621 -0.00116911 -0.001657 -0.0138665 -0.0169321 -0.000513406 -0.00572441 -0.00353019 0.00249161 -0.00517507 -0.00339551 -0.00517926 -0.00346611 -0.00757463 -0.00213748 -0.00253841 -0.000932495 -0.00319012 -0.00269719 -0.00422132 -0.00074403 -0.0010346 -0.00138067 -0.00365328 -0.00114139 -0.00246557 0.00021137 -0.000752159 -0.00218228 0.000100651 0.000587362 -0.00147991 -0.00229853 -0.000722091 -0.00120403 -0.00301192 -9.07311e-05 -0.000862357 -0.00151147 -0.00224173 -0.00343077 -0.00134628 -0.00233029 -0.0014276 -0.00165765 -0.00141571 -0.00333211 -0.002236 0.000625636 -0.00247664 -0.000934493 -0.00193016 -0.00343344 -0.00304728 -0.00318789 0.0010491 -0.00107736 0.000533563 0.000579886 -0.00347193 -0.00191921 -0.0016069 -0.000825343 5.78444e-05 -0.00108272 -0.00137675 0.000701241 0.000268536 -0.00128905 -0.00104836 -0.00209979 -0.00311565 -0.00127004 -0.00336582 -0.00150068 -0.00369709 -0.000459225 6.24093e-05 -0.000910033 -0.00205007 0.00107665 -0.0019879 -0.00427873 
-0.0017854 -0.00190449 -0.000873152 -0.00230257 -0.00282264 -0.00193148 -0.00631902 -0.0020539 -0.00361699 0.000328668 -0.00242615 -0.00434916 0.000634826 -0.0046091 -0.00291187 -0.00225151 0.246304 0.00538234 -0.00594209 0.000895109 -0.00948216 -0.00865677 0.000234153 0.0016503 -0.00673615 -0.000214613 -0.0107913 -0.00512336 -0.00829248 -0.00922222 -0.00382657 -0.00508303 -0.00443457 -0.00280422 1.7811e-05 -0.00283493 -0.00208446 -0.0018771 -0.000990035 -0.00231334 -0.00217651 -0.000505949 -0.0012772 -0.00203126 -0.000853058 -0.00499717 -0.00286519 -0.00262246 -0.0029765 -0.00352884 -0.000344434 -0.00168136 -0.00623358 -0.00218395 -0.000348417 -0.00359327 -0.00131053 -0.00340931 -5.34591e-05 -0.00191676 -0.00282918 -0.00429964 -0.000546076 -0.00136929 -0.000830774 -0.00215593 0.000299927 -0.00257102 -0.00273254 -0.00353379 -0.00354906 -0.00202934 -0.00123733 -0.00141129 0.000297901 -0.00274035 0.00081145 -0.00131471 -0.00123213 -0.00280613 -0.00337479 -0.00236941 -0.0018866 -0.000751745 -0.000620308 -0.0006088 -0.00270524 6.20773e-05 -0.00333093 -0.00141369 -0.00446315 -0.00125979 -0.00119441 -0.00129894 -0.00341543 -0.00374559 -0.000960688 -0.00249352 -0.00258066 -0.00547998 
-0.00322394 -0.0025155 -0.00387418 -5.9084e-05 -0.00614745 -0.0032764 -0.00419536 -0.00276265 -0.00171058 -0.00292268 -0.0032921 -0.00448935 -0.00541315 -0.000344492 -0.00191802 -0.00468621 0.00538234 0.249895 -0.00206925 -0.00596123 0.000821903 -0.00251919 -0.00656717 -0.010249 -0.00179295 -0.00643753 0.00308501 -0.00140821 -0.00252414 -0.00648194 -0.00299922 -0.00417551 -0.00327736 -0.00271538 -0.00410975 -0.00511707 -0.00243164 -0.00339979 -0.00269113 -0.0011119 -0.0032417 -0.00246971 -0.000988692 -0.00284919 0.000122511 -0.0039795 -0.000503372 -0.00412543 -0.00261487 -0.00232353 -0.00387858 -0.000471788 -0.00223167 -0.00123876 -0.00159227 -0.00237514 0.00160527 -0.00212003 -0.00201557 -0.00258786 -0.00384109 -0.00128724 0.000203812 -0.00223334 -0.00236429 -0.0032039 -0.00272854 -0.00182318 -0.000156836 -0.00348124 -0.00279418 0.000818276 -0.0037762 -0.0024315 -0.00260542 -0.0013277 0.000439507 -0.00438752 -0.00182349 -0.00159116 -0.00232382 -0.00317219 -0.00110412 -0.0018885 -0.00356914 -0.00167219 -0.00109338 -0.00558907 -0.00211244 -0.00157333 -0.00595372 -0.000534476 -0.00371338 -0.00161912 -0.00231039 -0.000941428 -0.00279811 -0.00182482 -0.00174567 -0.00449921 
0.000102533 -0.000784632 -0.00115063 -0.00211116 -0.00364975 -7.45601e-05 0.00106487 -0.00184912 -0.00328935 -0.00705371 -0.00565427 -0.00303683 -0.00522871 0.000790086 -0.00186464 -0.00116911 -0.00594209 -0.00206925 0.24885 -0.0145473 -0.00971988 -0.0073688 -0.0116956 -0.00371862 -0.00667607 -0.00154625 -0.00728936 -0.00434159 -0.00975041 -0.00288275 -0.00265662 -0.000666633 -0.00362026 -0.00164181 -0.00316274 -4.31675e-05 -0.00355845 -0.00189628 -0.00459571 -0.0024325 -0.00158051 -0.00278434 -0.00143773 -0.00208689 -0.000444076 -0.00265503 -0.000983275 -0.00297904 -0.00318847 -0.00461882 -0.000647055 0.00122544 -0.00223599 -0.00205204 -0.000891156 0.00201008 -0.0042369 -0.0029116 -0.00197867 -0.00231568 -0.00279484 -0.000375769 -0.00380012 -0.000528337 -0.00376933 -0.00249149 -0.000235972 -0.00214606 -0.00247392 -0.00162124 0.000769449 -0.00331324 -7.71762e-05 -0.000454087 -0.00301366 -0.00245789 7.02335e-05 -0.000303069 0.00069935 -0.00350248 -0.0021769 -0.000975612 -0.00023704 -0.000952721 -0.00203105 -0.00176494 -0.00265925 -0.00315629 -0.000740364 -0.00296336 0.000506489 -0.00108028 -0.00198145 -0.00117183 -0.00225341 -0.00142028 -0.00434137 -0.000890558 -0.000658317 -0.00250938 
-0.00307707 -0.00210017 -0.00210382 -0.00169113 0.0001325 -0.00106868 -0.00229389 -0.00442384 -0.00364147 -0.00596909 -0.00602525 0.00304255 -0.00642528 -0.0114463 -0.000535343 -0.001657 0.000895109 -0.00596123 -0.0145473 0.249022 -0.00346636 -0.00304334 -0.0055361 -0.00278623 -0.004823 -0.00910345 -0.00547274 -0.00212839 -0.000233352 -0.00541486 -0.00230167 -0.00060819 -0.00502683 -0.00356883 -0.00461982 -0.00110022 -0.00340712 -0.00099225 0.000375554 -0.00326345 0.0012755 -0.00358294 -0.000528237 -0.0035791 -0.00531723 -0.004538 -0.00149712 -0.000692376 -0.00152664 0.000869879 -0.00280973 -0.00114618 0.000559424 -0.00343385 -0.00140287 0.000558309 0.000344084 -0.00255131 -0.00276538 -0.00175477 -0.00415455 -0.00313458 -0.00113691 -0.00104579 -0.000925489 -0.00172877 -0.002059 -0.00180682 -0.00208454 0.000499118 -0.00423593 -0.00216107 -0.003095 -0.00397369 -0.000966786 -0.00294059 -0.00216802 -0.00267752 -0.00190779 -0.000550689 -0.0032723 0.000388949 0.00110342 -0.00142242 -0.00200245 -0.00365755 -0.00378461 -0.00300389 -0.00107128 -0.00193674 -0.00236313 -0.00320682 0.000195113 -0.000852854 -0.00168686 -0.00439199 -0.00126552 -0.00235545 -0.00230618 -0.000939295 
-0.00105422 -0.00339306 -0.00391289 0.000325078 -0.00419533 -0.000817583 -7.29182e-05 -0.00193335 -0.00757088 -0.00383281 0.00143633 -0.00229885 -0.00934359 -0.00664214 -0.0103796 -0.0138665 -0.00948216 0.000821903 -0.00971988 -0.00346636 0.246314 -0.00732983 0.00326538 -0.00359707 -0.00118361 -0.00181141 -0.00235369 -0.00280206 -0.00258115 -0.00502643 -0.00190007 -0.00278319 -0.00415543 -0.00111189 -0.00171691 -0.00343751 -0.00185362 -0.00337551 -0.00221056 0.00103884 0.00159364 0.000319628 -0.000371768 -0.00225995 -0.00163758 -0.00255121 -0.000963096 -0.00256878 -0.00138918 -0.00180307 -0.00143585 -0.0025395 -0.00234515 -0.00361991 4.1305e-05 -0.00109145 -0.000983971 -0.00156132 -0.00543471 -0.00287705 -0.00230488 -0.00123383 -0.00347504 -0.000293629 -0.00354095 -0.00261724 -0.00301166 -0.00186806 -0.00181897 -0.0037544 -0.00236392 -0.000614248 -0.00501326 -0.00489431 -0.00107372 -0.00217954 -0.000428957 -0.00131281 -0.00208022 -0.00242857 -0.00034158 -0.00156017 -0.00196444 -0.00130183 -0.00180496 -0.000179441 -0.000427199 -0.002292 -0.000956903 -0.0012086 -6.09287e-06 -0.0022894 -0.00182415 -0.0013148 -0.00267748 -0.00268362 0.000497461 -0.00550489 -0.00307334 -0.00128909 
-0.00206234 -0.0023039 -0.00339096 -0.00325244 -0.00152226 -0.00351734 -0.00376574 -0.00666338 -0.000404284 -0.00321993 -0.00192182 0.00141705 -0.00743937 0.00286866 -0.00651651 -0.0169321 -0.00865677 -0.00251919 -0.0073688 -0.00304334 -0.00732983 0.249937 -0.00511042 -0.00825415 -0.00300214 -0.00897571 -0.0100069 0.00411184 -0.00931335 -7.43458e-05 -0.00664834 0.00200461 0.00105769 -0.00597843 -0.0019029 -0.00220505 5.72497e-05 -0.00455216 -0.00176417 0.000107553 -0.00294021 -0.00233468 -0.00208894 -0.00221637 0.00055239 -0.00134047 -0.00488742 -0.000719619 0.00240638 -0.000645459 0.00210078 -0.00186975 0.00050746 -0.00107886 -0.00392916 -0.00362269 -0.00111905 -0.00327674 -0.00216933 -0.00190122 -0.00113083 -0.000953533 -0.00187989 -0.00231558 0.00295112 -0.00438884 -0.000984891 -0.00197961 -0.00111181 -0.000120468 -0.00123473 -0.0038936 -0.00287145 -0.00329109 -0.00203299 -0.00120219 -0.00123377 -0.00123521 -0.00580961 -0.00199181 -0.00451422 -0.00262874 -0.00218663 -0.00286722 -0.00215107 -0.00142019 -0.0032655 -0.000686273 0.000829384 0.000660524 -0.0013376 -0.00325086 -0.00135692 -0.00295556 -0.0022949 -0.00235407 -0.000491198 -0.000403809 0.000332163 -0.00231731 
-0.00256461 -0.00334848 -0.00432381 -0.00267406 -0.00259692 -0.0010898 -0.00182918 -0.00348506 -0.00554235 -0.00303181 -0.00528638 -0.00631072 -0.00259566 0.000693532 -0.00595464 -0.000513406 0.000234153 -0.00656717 -0.0116956 -0.0055361 0.00326538 -0.00511042 0.249999 0.00450416 -0.00640679 -0.00147481 0.000966354 -0.00823424 -0.00420047 -0.00768641 -0.00475384 -0.00227203 -0.00285529 -0.000781559 -0.00300145 -0.00306933 -0.00348777 -0.00199727 0.00376167 -0.0018883 -0.00248154 -0.00277645 -0.00284166 -2.88272e-05 -0.00361497 -0.00202035 -0.00124241 -0.00400089 -0.000841092 -0.00287392 -0.00304654 -0.00438586 -0.000637948 -0.000863297 -0.002674 -0.00167801 -0.00238104 -0.00206653 -9.22288e-05 -0.00269431 -0.00272313 -0.00175256 -0.00474268 -0.00333829 -0.00378551 -0.00255543 -0.00137457 -0.000757004 -0.0051326 -0.00292632 -0.00370049 -0.00163526 -0.00242834 -0.00293102 0.000465516 -0.00187167 -0.00207062 -0.00220967 -0.0019788 -0.00167569 -0.00443988 -0.0033902 -0.0015632 -0.00205999 -0.00139915 0.000340174 -0.00215562 0.000825868 -0.00153905 -0.00123619 -0.00196754 -0.00250171 -0.00318532 6.6363e-05 -0.00430501 -0.00428503 0.000785521 -0.00260398 -0.000715024 -0.00356344 
-0.00218444 -0.00249652 -0.0038014 -0.0034819 0.00141131 -0.00521581 -0.00161978 -0.00322064 0.00280306 -0.00550504 -0.000911339 -0.00333505 -0.0029514 -0.00757238 -0.0106088 -0.00572441 0.0016503 -0.010249 -0.00371862 -0.00278623 -0.00359707 -0.00825415 0.00450416 0.249537 -0.00428989 0.000526619 0.00156737 -0.00767584 -0.00599405 -0.00509849 -0.000667266 -0.00706742 -0.00126512 -0.00236444 -0.00479478 -0.00146715 -0.00199608 -0.00206996 -0.00148492 -0.00157845 -0.0033414 -0.00506469 -0.000985651 -0.00161291 -0.00292842 0.00112979 -0.000860281 -0.00216029 -0.00290401 -0.00200308 -0.00278629 -0.00254357 -0.00194005 -0.00326401 -0.00297146 -0.00217146 -0.00286334 -0.00244179 -0.00218992 -0.00353978 -0.000710436 -0.0017465 -0.00155822 -0.00262401 -0.00333424 -0.000669773 -0.00185368 -0.00416122 -0.00302791 -0.00177242 -0.00170412 -0.00301836 -0.000467849 -0.0019139 -0.00200801 -0.00193599 -0.000734956 -0.00447288 -0.00228106 -0.00184142 -0.000830091 0.000688372 -0.00307227 -0.00264701 -0.000762778 -0.00428251 -0.0022844 4.42428e-05 -0.00441269 -0.00111657 -0.00356315 -0.00147092 -0.00224786 -0.00107894 -0.00128472 -0.00293411 -0.00207484 -0.00145933 -0.00205068 -0.000832094 
-0.00174754 -0.00130265 0.000444716 -0.000758098 -0.00160945 -0.00122196 -0.00498941 -0.00226656 -0.00023684 -0.00475533 -0.00511388 -0.00432119 -0.00483309 0.00224839 -0.00965039 -0.00353019 -0.00673615 -0.00179295 -0.00667607 -0.004823 -0.00118361 -0.00300214 -0.00640679 -0.00428989 0.2453 -0.00123732 -0.00215353 -0.00685639 -0.00627395 -0.00115867 -0.00638014 -0.00649099 -0.00506782 -0.00194327 -0.00260506 -0.00283275 0.000715944 -0.000940214 -0.000834609 0.00104819 -0.00147902 -0.00158301 8.12579e-05 -0.00118807 -0.0021573 -0.00199278 -0.00206267 -0.00174405 0.000520124 -0.00242393 -0.00211784 -0.00277563 -0.00166046 -0.0018645 -0.0053888 -0.0048064 -0.00298587 -0.00150051 -0.00241004 -0.00159551 -0.000301889 -0.00331521 -0.00304462 -0.00244118 -0.00300084 0.000353262 -0.00282347 -0.00354378 -0.0021074 -0.00179187 -0.000867221 -0.00293704 -0.00276694 -0.00101689 -0.00157837 -0.00131994 -0.00126304 -0.00500138 -0.000394959 -0.0019717 -0.00126844 -0.00217869 -0.00291885 -0.00355224 -0.002468 -0.00322365 -0.00237402 -0.00261826 -0.00214893 -0.00360451 -0.00247754 -0.00202007 -0.000829495 3.29082e-05 -0.00148009 -0.0014039 -0.00260761 -0.00238462 -0.00204703 0.000107233 
-0.00225851 -0.00239339 -0.00212805 -0.00608535 -0.00413304 -0.0022251 -0.00161335 0.000703768 0.00115296 -0.00101495 -0.00295131 -0.00273818 -0.00792212 -0.0056151 -0.00563294 0.00249161 -0.000214613 -0.00643753 -0.00154625 -0.00910345 -0.00181141 -0.00897571 -0.00147481 0.000526619 -0.00123732 0.218617 -0.010651 -0.00317221 -0.00262966 -0.0035036 -0.00518496 -0.000654753 -0.00423641 -0.00270227 -0.00238012 -0.00192103 -0.00494366 -0.000321666 -0.00331009 -0.0014309 -0.000167091 -0.00133992 0.000206449 -0.000941758 -0.000873204 -0.00141768 -0.00238316 -0.000559839 -0.00285057 -0.00436533 -0.00259509 0.000670826 -0.00393362 -0.00166984 -0.00224761 -0.001995 -0.000708912 -0.00207421 -0.00131618 -0.000767716 -0.00150131 -0.000911214 -0.00155884 -0.000640581 -0.00218874 -0.00286553 -0.000790672 -0.000312372 -0.00172789 -0.00305475 -0.00110012 -0.00081322 -0.00156064 -0.00214758 -0.00292452 -0.000264021 -0.00188892 -0.000615774 -0.000539558 -0.0020879 0.000373902 -0.00232695 -0.00179546 -0.00249708 -0.0031917 -0.000911454 -0.00125381 -1.09665e-05 0.000493064 -0.00282514 -0.00349217 -0.00293848 -0.00274071 -0.00190789 -0.00143353 -0.0028525 -0.00144829 -0.00208505 -0.00233638 -0.00293321 
-0.00285618 -0.00338634 -0.0017938 -0.0014733 0.000774377 -0.00301918 0.000100122 -0.0049209 -0.00267066 -0.00356933 -0.0024408 -0.00353663 -0.00117378 -0.00495041 -0.0056436 -0.00517507 -0.0107913 0.00308501 -0.00728936 -0.00547274 -0.00235369 -0.0100069 0.000966354 0.00156737 -0.00215353 -0.010651 0.232065 -0.00838334 -0.00253722 -0.0015348 -0.00254214 -0.00547059 -0.00152116 -0.00429383 -0.00340024 -0.00393889 -0.000749265 -0.00264276 -0.00165719 -0.000516365 -0.00083689 -0.00191146 -0.00221306 -0.00383346 -0.00205523 -0.000920007 -0.000144716 -0.000342033 -0.00244966 6.42818e-05 -0.00281217 -0.000738301 -0.00204591 0.000469989 -0.000935456 -0.00232516 -0.00266089 -0.000984644 -0.00248469 -0.000401596 -0.0021264 -0.00368187 -0.00161456 -0.00217796 -0.00178045 -0.00441242 -0.00157982 -0.00263904 -0.000210574 -0.000944945 -0.00107811 -0.00162345 0.00160821 -0.00189159 -0.00310805 -0.0026975 -0.00212287 -0.00216918 0.000357414 -0.000940077 -0.00178275 -0.00195745 -0.00304675 -0.0047359 -0.00122772 -0.000695502 -0.000644715 -0.00123989 -0.00382484 -0.00464708 -0.00129273 -0.00250563 -0.00224811 -0.00144397 0.000248276 -0.00216385 -0.00540562 -0.00157889 0.000203645 0.000341838 
-0.00197879 -0.00135776 -0.00139179 -0.00227357 -0.00296754 -0.000780593 -0.00221606 -0.00442446 -0.0013792 -0.00143055 -0.00216544 -0.00555563 -0.00514642 -0.00727591 -0.00505723 -0.00339551 -0.00512336 -0.00140821 -0.00434159 -0.00212839 -0.00280206 0.00411184 -0.00823424 -0.00767584 -0.00685639 -0.00317221 -0.00838334 0.21796 0.00319341 -0.00123167 0.00374636 0.00391583 -0.0061472 -0.00707394 0.000292786 -0.00196748 -0.00161876 -0.00244969 -0.00320948 -0.00393588 -0.00211436 -0.0010659 -0.00177482 -0.00296755 -0.00241329 -0.00264894 -0.00371913 -0.00460618 -0.000769041 -9.21754e-05 -0.000175559 -0.00238139 0.00123964 -0.00239552 -0.00525262 -0.00378611 -0.00215434 -0.000577941 0.000396019 3.07845e-05 -0.00164829 0.000145641 -0.000589035 -0.00263943 -0.000154592 -0.00204627 -0.000496616 -0.00313157 -0.00112806 -0.00288428 -0.00235462 -0.00139878 -0.00201543 -0.00282147 -0.000933827 -0.00338084 -0.00414314 -0.000347855 -0.000593429 -0.00226742 -0.00104201 -0.000867351 -0.00248845 -0.00196132 -0.00220685 -0.000895429 -0.00194168 -0.00261811 -0.000947862 -0.000230911 -0.00249 -0.00390376 0.000698641 -0.002446 -0.00197096 -0.000421706 -0.00174143 -0.00179066 -0.00209379 -0.00324648 
-0.00335465 -0.00198801 -0.00149331 -0.0019837 -0.00302529 -0.000415539 -0.000416949 -0.000814262 -0.0064027 -0.00144352 -0.00174997 -0.00593306 -0.00110906 -0.00702974 -0.00293107 -0.00517926 -0.00829248 -0.00252414 -0.00975041 -0.000233352 -0.00258115 -0.00931335 -0.00420047 -0.00599405 -0.00627395 -0.00262966 -0.00253722 0.00319341 0.183267 0.0014611 -0.00120217 -0.00441496 0.00266034 -0.000279074 -0.00280415 -0.00260743 -0.00304412 -0.00130842 -0.00156754 -0.00104006 -0.00136227 -0.00022732 -0.00206936 -0.00188636 -0.000841589 -0.00193424 -0.000250488 -0.00195654 -0.00318471 -0.00261892 -0.00264012 -0.00181882 0.000837565 -0.00211895 -0.00140747 -0.000536087 -0.00185505 -0.00082139 -0.000823602 -0.00130166 0.000143842 -0.0017268 -0.000418403 -0.0015961 -0.00174859 -0.00289199 2.11983e-06 0.000339527 0.00119171 -0.000871371 -0.00238348 -0.00114994 -0.0012325 -0.00175438 -0.00198651 -0.000285125 -0.00312032 -0.00170707 -0.00147354 -0.00143079 -0.000445593 0.00031102 -0.000918834 -0.00183398 -0.000936639 -0.000627722 -0.00111903 -0.000748638 -0.00043777 -0.00162959 -0.0022047 -0.00173775 -0.00177321 -0.00165557 -0.00183511 -0.000875815 -0.000430378 -0.000595115 -0.000430852 0.000128891 
-0.000177904 -0.000821159 -0.00265383 -0.000127612 -0.00123781 -0.00181076 -0.00022848 -0.000592227 -0.00341989 -0.000650862 -0.00169491 -0.0048799 -0.00296997 -0.00378268 -0.00708154 -0.00346611 -0.00922222 -0.00648194 -0.00288275 -0.00541486 -0.00502643 -7.43458e-05 -0.00768641 -0.00509849 -0.00115867 -0.0035036 -0.0015348 -0.00123167 0.0014611 0.150461 -0.00160277 0.00106041 0.00173627 -0.00215794 -0.00112867 -0.00196192 -0.000240162 -0.000622294 -0.00239605 -0.00131082 -0.00141568 -0.00112916 -0.000800214 -0.000192508 -0.00155858 -0.000467568 -0.00199606 -0.00194085 -0.00111912 -0.00110103 -0.00188743 0.000575859 -0.00105584 -0.00147502 -0.00161021 -0.000200164 -0.00230941 -0.00129263 0.000760989 -0.00161601 -0.001223 -0.00141995 -0.00108778 -0.00141871 -0.000901742 -0.000492231 -0.000184002 -0.00104141 -0.00214666 -0.000395145 -0.000776521 -0.00179228 -0.00184308 -0.00084693 -0.00110396 -0.000280473 -0.000958651 -0.00213065 -0.000305122 -0.000341668 9.05755e-05 -0.000775688 -0.000937616 -0.00149584 -0.000466309 -0.00139641 -0.000795402 -0.000563931 -0.000672802 0.000197806 -0.000196151 -0.00135252 -0.00170035 -0.00165326 -0.000711607 0.000115405 -0.00121784 -0.000427136 -0.00140009 -0.000506997 
-0.000708182 -0.00150432 -0.00152292 -0.00216877 -0.0028035 -0.00252417 -0.000422187 -0.00267592 -0.00120369 -0.000909628 -0.00227326 -0.0057291 -0.00426123 -0.0021248 -0.00103978 -0.00757463 -0.00382657 -0.00299922 -0.00265662 -0.00230167 -0.00190007 -0.00664834 -0.00475384 -0.000667266 -0.00638014 -0.00518496 -0.00254214 0.00374636 -0.00120217 -0.00160277 0.149002 -0.000154814 -0.000333308 -0.000688209 -0.000992855 0.000371011 -0.00250294 -0.00141137 -0.00219452 -0.00138234 -0.00209917 -0.000382858 -0.00201152 -0.0018163 -0.00185255 -0.00119818 -0.0020912 -0.00126002 -0.00131091 -0.000339996 -0.00110914 -0.0021632 -0.000917621 -0.00173284 -0.000329476 -0.0022657 -0.00129907 -0.000762524 -0.00110021 -0.000497243 -0.00100063 -0.00170563 -0.000983315 -0.00011953 -0.00016541 -0.000629941 -0.000399349 -0.0016184 -0.000640228 -0.000687164 -0.00131197 -0.000872154 0.000831188 -0.000978491 0.000195175 -0.000425542 -0.00108687 0.000140538 -0.00137806 -0.00122014 -0.00200325 -0.00136488 -0.00137011 0.000949736 -0.00207708 -0.000330746 -0.000946333 -0.00162996 -0.00141322 -0.000379595 -0.00108344 -0.000925207 9.73779e-05 -0.00271154 -0.00180446 0.000653457 -0.00132644 -0.00150554 -0.00120729 -0.000372726 
-0.00179535 -0.000380366 -0.0024863 -0.00110919 -0.00103329 -0.000237002 -0.000122708 -0.00235485 -0.00132777 -0.00278384 -0.00281877 -0.0013241 -0.0042799 -0.00358677 -0.0023634 -0.00213748 -0.00508303 -0.00417551 -0.000666633 -0.00060819 -0.00278319 0.00200461 -0.00227203 -0.00706742 -0.00649099 -0.000654753 -0.00547059 0.00391583 -0.00441496 0.00106041 -0.000154814 0.145972 -0.000484922 -0.0041252 -0.000971559 -0.00189314 -0.00153763 -0.000889227 -0.00106546 -0.0020543 -0.000414542 -0.000133382 -0.00111979 -0.000875567 -0.00108847 -0.00193619 -0.00342491 -0.00171333 -0.00174234 -0.00100907 -0.000132116 -0.000845391 -0.00100558 -0.000771866 -0.00114075 6.31993e-05 -0.000724466 -0.00141762 -0.00128341 -0.00184725 -0.00165866 -0.00154232 -0.000353496 -0.00144372 -0.00190371 -0.00135191 -0.000558426 -0.00144737 -0.00162928 -0.00111147 -0.00027045 0.000681953 -0.00254541 -0.00108982 -0.00201335 -0.00126644 -0.00161144 -0.00242298 -0.00157188 -0.000559064 -0.00204703 -0.00118148 -0.00163882 -0.00211013 -0.00208177 -0.000292384 -0.000256862 -0.00171546 -0.000648615 0.000660006 -0.00168091 -0.00108739 -0.000513126 -0.00162453 -0.00126793 -0.00107465 -1.06338e-06 -0.00101022 -0.000900297 -0.00124311 
0.000453184 0.000172066 -0.000528176 -0.0028329 -0.00208066 -0.000644457 -0.00102034 -0.0016705 -0.00308418 -0.00150551 -0.00531183 0.000898153 -0.00244215 -0.00597985 -0.00100192 -0.00253841 -0.00443457 -0.00327736 -0.00362026 -0.00502683 -0.00415543 0.00105769 -0.00285529 -0.00126512 -0.00506782 -0.00423641 -0.00152116 -0.0061472 0.00266034 0.00173627 -0.000333308 -0.000484922 0.137457 0.000112644 0.000698029 -0.00145853 -0.000573576 -0.000689387 -0.000696783 -0.00109305 -0.000208166 -0.000479414 -0.00153733 -0.0010851 -0.000207056 -0.00237129 -0.00162131 -0.00150718 -0.000937613 -0.00252577 -0.000607555 -0.00189339 -0.00129396 -0.000876652 -0.00241822 -0.000966342 -0.00208496 -0.000758927 -0.00113628 -0.000877713 -0.000260733 -0.00221311 -0.0011364 0.00182017 -0.00242634 -0.000413246 -0.00155552 -0.0010832 -0.00164227 -0.00010161 -0.00193312 -0.00106937 -0.00138839 0.000588914 -0.00187219 -0.000702842 -0.00121648 -0.00098095 -1.93523e-05 -0.00107959 -0.0004556 -0.00265602 -0.000923097 -0.00220946 -0.00103644 -0.00202153 -0.00071319 -0.0009422 0.000299254 -0.00108833 -0.00238435 -0.000494319 -0.000841257 -0.000361332 -0.00223325 -4.23505e-05 -0.000797768 -0.000961997 -0.00120786 -0.00251697 
