0.0698141 -0.000180258 -0.000138361 -3.30368e-05 -0.00060439 -0.000257329 -0.000430961 -0.000141111 -0.000898477 -0.000689294 -0.000507792 -0.000947775 -0.000922603 -0.00176633 -0.00279331 0.000199442 -5.71799e-05 0.000849595 -0.00255126 -0.00390548 -0.00281537 -0.00345696 -0.00111094 -0.00221952 -0.00246514 -0.00238173 -0.00193022 -0.00165912 -0.000577737 -0.000511553 -0.00202462 -0.00236029 -0.000595857 -0.000745503 -0.00145184 -0.000306221 -0.00144125 -0.00151776 -0.000244397 -0.000269362 -0.000501663 -0.000481617 -0.000420219 -0.000133001 -0.00057366 -0.000272763 -0.000307073 -0.000158259 -0.000780512 -0.000224301 -0.000210284 -0.000349726 -0.000656275 7.49285e-06 -0.00103058 -0.000165531 -0.000140275 -0.000262647 -0.000684418 -1.25918e-05 -0.000373222 -0.000376944 -0.000288064 -0.000550614 -0.000319784 -0.000439895 5.97822e-05 0.000296492 -0.000752306 -0.000282422 -0.000422707 -0.000266684 -0.00106293 -0.000247499 -0.000441646 -0.000117806 -0.000266604 -0.000467647 -0.000354635 0.000129443 -2.03379e-05 -0.000488917 -2.95824e-05 -0.000853004 -0.000907443 -1.77345e-05 -6.42978e-05 -0.000578206 -0.000628202 -0.00098896 -0.00109545 -0.000357828 -0.0006586 -0.00135608 -0.000146844 -0.000764164 -0.000143759 -0.000101413 -0.00032431 -0.000524064 
-0.000180258 0.065373 -0.000541565 -0.000903612 0.00054001 -0.000380564 -0.000591378 0.000428462 -0.000879303 -0.00124862 -0.000606996 -0.0024512 -0.000791808 -0.000549067 -0.000434601 -0.000737323 7.29324e-05 -0.000678941 -0.00209033 -0.000980221 -0.00257896 -0.00207686 -0.0021314 1.36143e-05 -0.00359602 -0.00166005 -0.00320803 -0.00247596 -0.000650165 -0.00219774 -0.000935292 -0.00119278 -0.000339733 -0.000931913 -0.000824801 -0.000643621 -0.000365571 -0.00057453 -0.00045679 -0.000636261 -0.000164096 -0.000816567 -0.000624706 -0.000128542 -0.000899512 -0.00106446 -2.75246e-05 -0.000563757 -0.00103474 0.000224585 0.000112455 0.000251991 -0.000430021 -0.000504361 -0.000243656 -0.000267423 -0.000409971 -0.000825621 -0.000321983 -0.00033463 -0.000321895 -0.000410031 -0.00065073 -0.000302362 -0.000478439 -0.000417632 -0.000311697 -0.00036816 -0.000699423 0.000376122 -0.000710854 -0.000334209 -0.000354695 -3.31371e-05 6.46466e-05 -0.0002082 -0.000658174 -0.000877694 -0.000106229 -0.000615948 -0.000855035 -0.000562506 -0.00076081 5.80189e-05 -0.0010174 -0.000364577 -0.000338173 -0.00101358 -0.000572394 -0.000962708 -0.000297952 -0.000184572 -0.000955439 0.000718505 -0.000639576 -0.000119292 -0.000450559 -0.000155087 -0.000289361 -0.000651989 
-0.000138361 -0.000541565 0.0766695 -0.00083257 -0.000934799 -0.00078729 0.000357352 8.96951e-05 -0.000851726 -0.0013965 -0.000587966 -0.00126695 -0.000703652 -0.0018703 -0.000275326 0.000208483 -0.0028765 -0.00143229 -0.00186415 -0.00152519 -0.00378599 -0.00283409 -0.00362676 -0.00304595 -0.0037957 -0.000428348 -0.00249502 -0.00382844 0.00135474 -0.000803695 -0.00207652 -0.000530008 -0.000849348 -0.000393912 0.00100513 -0.001411 -0.00155152 -0.00161273 -0.00103553 -0.000554543 -0.000888194 -0.000691285 -0.000553965 -0.0011371 0.000144511 -0.000633918 -0.000379715 -0.000760512 0.000125039 -8.53598e-05 -0.000381452 -0.0002973 -0.000369408 -0.000336166 -0.000215909 -0.000734304 -0.000217728 -0.00088781 1.43004e-05 -0.000149087 -0.000388915 -0.000245475 -0.000709826 -0.000807149 -0.00077998 -0.000952859 -0.000328022 -0.000497722 -0.000211903 -0.000287494 3.41475e-06 -0.0010903 -0.000232456 -0.000307999 -4.06789e-05 -0.000716519 -0.000623681 -0.000259801 6.46955e-05 -0.000390931 -0.000182236 -0.000219294 -0.00105861 -3.92941e-05 -0.000211336 -0.000301396 -0.000578546 -0.000137294 -0.000887542 -0.000890536 -0.00042803 0.000124088 -0.000103165 -0.000834976 -0.000994223 -0.000752587 -0.000701209 -0.000789807 -0.000505604 -0.000410159 
-3.30368e-05 -0.000903612 -0.00083257 0.0963607 0.000312023 -0.000769833 0.000134667 -0.00132272 -0.00128253 -0.00150125 -0.000447693 -0.000877189 -0.00145671 -0.00192768 -0.00354763 -0.0046066 -0.00163174 -0.00316802 0.000438709 -0.001554 -0.00259278 -0.00181822 -0.00253228 -0.00187347 -0.0014212 -0.00271624 -0.000168636 -0.00408319 -0.00131068 0.000116657 -0.00187213 -0.000465202 -0.00164343 -0.000599842 -0.00114136 -0.000277743 -0.000520884 -0.000641951 -0.00105013 -0.000171438 -0.000989025 -0.00146403 -0.00129857 -0.000360016 -0.000527209 -0.000715433 -0.000834289 -0.000989233 -0.000901768 -0.000701549 -0.00075799 -0.001381 -0.000250052 -0.000765698 -0.00145664 -0.000616416 -0.000865322 -0.00062421 0.000156383 -0.000663305 -0.00051159 -0.000713882 -0.000138783 5.2437e-05 -0.00071076 -0.000556121 0.000495107 -0.00107363 -0.00101872 -0.000985516 -0.00136566 -0.00114969 9.09786e-05 -0.00106391 3.95564e-07 -0.000225859 -0.000308752 -0.000517486 -0.00084644 -0.000710498 0.00036714 -0.00114672 -0.001745 -0.000564987 -0.00165005 -0.0012051 -0.000625215 -0.000212229 -0.000618018 -0.00171181 -0.00078135 -0.000305636 -1.27515e-05 0.00019704 -0.00183678 -0.00127775 -0.00058858 -0.000802369 -0.00123616 -0.00157908 
-0.00060439 0.00054001 -0.000934799 0.000312023 0.0862548 -0.000308174 -0.000255925 -9.7125e-06 -0.000763559 9.67291e-05 -0.000762394 -0.000525294 -0.0013437 -0.00232084 -0.00260422 -0.00207292 -0.00222395 -0.00278223 -0.00079167 -0.00116266 -0.00321 -0.00265377 -0.00218953 -0.00153798 -0.00233144 -0.00141488 -0.0011945 -0.00258362 -0.000472765 -0.00351773 -0.00201276 -0.00153366 -0.00207518 6.6095e-05 -0.00101143 -0.000744668 0.000150637 -0.000953601 -0.000123692 -0.000696219 -0.00122842 -0.000443227 -0.000631503 -0.000976697 -0.000960553 -0.000411029 -0.000358515 -0.000563883 -0.00116695 -0.000775053 -0.000149926 -0.000493817 -0.000812178 -0.000244038 -0.000280832 -0.000880345 -0.000784478 0.000213093 -0.00038248 -0.000444683 0.000278116 -0.000533713 -0.000179962 -0.000501267 -0.000882446 0.00042393 -0.000840784 -0.00052829 -0.000950004 -0.000450871 -0.000723194 -0.000695289 -0.00137313 -0.00130706 -0.00103424 -0.000405954 -0.0017464 -0.00115235 -0.000447448 -0.000715781 -0.00121228 -0.000760372 -0.00080024 -0.0011572 0.000375987 -0.000616478 -4.93178e-05 -0.000362259 -0.000817359 -0.000675753 -0.000777704 -9.24611e-05 -0.00063703 -0.000658225 -0.00152412 -0.000221092 -6.16326e-05 0.000226404 -0.000937954 -0.00139567 
-0.000257329 -0.000380564 -0.00078729 -0.000769833 -0.000308174 0.0768603 -0.000570412 0.000457004 -0.000311076 0.00138364 -0.00079306 -0.00217752 -0.0009497 -0.00304687 -0.00293513 -0.00175167 -0.0028611 -0.00414653 -0.00134448 -0.00168458 -0.00283043 -0.00148952 -0.00556101 0.000139146 -0.00187322 0.000694293 -0.00193042 -0.001334 -0.00155419 -0.00191796 -0.00194834 -0.000671153 -0.00143408 -0.00137695 -0.000822182 0.000211626 -0.00103585 -0.00174213 -0.000478347 -0.00141787 -0.00044944 -0.000753834 -0.00113715 -0.000189284 -0.000454427 -0.000166167 -0.00060951 -0.000637733 -0.000915519 -0.000209486 0.000172802 -0.000791906 -0.000838457 -0.000147412 -0.000303574 -8.95279e-05 -0.000429092 -0.000190652 -0.000435119 -0.000477047 -0.00057133 -0.000116962 -0.000764042 0.000358076 4.58697e-05 -0.00136581 -0.0005184 0.00011238 -0.00110964 -0.000395171 6.86799e-05 -0.000538704 -0.000879068 -0.000582541 3.56888e-05 -0.00124093 -2.69146e-05 0.000691559 -0.00035678 -0.000512361 3.98967e-05 -0.000458034 -0.000552029 -0.000847189 -0.00043102 -0.000474699 -0.000863693 -0.000343921 0.000235164 -0.000538998 0.000821173 -0.000665472 -0.000172808 -0.000484511 -0.000561275 -0.00106199 -0.000592726 -0.0004694 -0.000238786 -0.000873839 
-0.000430961 -0.000591378 0.000357352 0.000134667 -0.000255925 -0.000570412 0.0952704 0.00121902 8.80183e-05 -0.00102309 -0.000227999 -0.00104291 -0.000368936 -0.0033273 -0.00125985 -0.00203419 -0.00322542 -0.00129489 -0.0018791 -0.00214513 -0.0016087 -0.00133353 -0.00120575 0.00135289 -0.00478872 -0.000844267 -0.00760376 -0.00331622 -0.00044659 0.000431779 -0.00533466 -0.00266969 -0.00108752 -0.00101551 -0.000200757 -0.00119515 -0.000203471 -0.00121096 0.000424088 -0.00121523 -0.000965743 -0.000606039 -0.000756622 -0.00104248 -0.000928204 -0.00119463 0.000172569 -0.000350703 -0.000349819 -0.000777812 -0.000841341 -0.000521542 -0.00061781 -1.93046e-05 -0.000280098 -0.00019322 -0.000535734 -0.000355288 -0.000934534 -0.00117116 -0.000851111 -0.00152706 6.14406e-05 -0.000474148 -0.000284524 -0.00031404 -0.000763118 -0.000427229 -0.00134343 -0.000760243 -0.000526051 -0.000805812 -0.00119337 -0.000580397 -0.000955673 -0.000466408 -0.00178326 -0.000735539 -0.000869826 -0.000643449 -0.0010126 -0.000996193 -0.000623404 -0.000202076 -0.00139034 -0.000910085 -0.000991219 -0.00127279 -0.00122851 -0.000723688 -0.00183457 -0.000448862 -0.000728752 -0.000927452 -0.000519418 -0.0006671 2.60353e-05 -0.000777723 -0.00050249 -0.00107621 
-0.000141111 0.000428462 8.96951e-05 -0.00132272 -9.7125e-06 0.000457004 0.00121902 0.11172 -0.000401916 -0.00117103 -0.00126711 -0.00039804 -0.0010769 -0.00427615 -0.00656081 -0.00178133 -0.00554338 -0.00264256 -0.00144115 -0.000711142 -0.00618797 -0.00251787 -6.33574e-05 -0.00217101 -0.00267566 -0.00185215 -0.00208125 -0.00406051 -0.00254306 -0.00277053 -0.00150993 -0.00132463 -0.00149464 -0.0017291 -0.00284802 -0.00102655 -0.000229092 -0.00150571 -0.000382072 -0.00216715 -0.000631943 -0.000681893 -0.00126751 -0.000644715 -0.00123831 -0.000487504 -0.000313482 -0.00105828 -0.000450686 -0.0002474 -0.000965303 0.000272083 -0.000882401 -0.000264228 -0.000920043 0.000434645 -0.000345589 -0.000636675 -0.00078257 -0.00124117 -0.00110867 -0.00135774 -0.000557101 -0.000637703 0.000125764 -0.000693054 -0.000958749 -0.000831265 -0.000936978 -0.000180765 -0.000890111 0.000108412 -0.00135614 -0.000709702 -0.000434735 -0.000705482 -0.00121225 -0.0013597 -0.000590506 -0.000760651 -0.000192671 -0.000375812 -0.00141148 -0.000957201 -0.00135757 -0.000692516 -0.00137102 -0.00057053 -0.000554025 0.000214123 0.00067422 -0.000776754 -0.00180375 -0.00105495 -0.000770415 -0.000797524 -0.00108099 -0.00164754 -0.000694732 -0.00140794 
-0.000898477 -0.000879303 -0.000851726 -0.00128253 -0.000763559 -0.000311076 8.80183e-05 -0.000401916 0.126078 -0.00188983 1.65159e-05 -0.00115077 -0.0019346 -0.000575162 -0.00209521 -0.0062134 -0.00599795 -0.00269909 -0.00483057 -0.0020324 -0.00212261 -0.00197705 -0.00549447 -0.00453585 -0.00336881 -0.00158952 -0.00219117 0.000402554 -0.00129259 -0.00127576 -0.00276263 -0.00184574 -0.000713746 0.000415205 -0.000911271 0.000365855 -0.00144193 -0.00189976 -0.00151466 -0.00173486 -9.36877e-05 -0.00126843 -0.00194062 -0.00111533 -0.00121777 -0.000391046 -0.000978732 -0.000172137 0.000106907 -0.00131238 -0.00105059 -0.0023492 -0.00121712 0.00017419 -0.00178103 -0.000536764 -0.00198115 -0.000852996 5.41132e-06 -0.00146287 -0.000280518 0.00034168 -0.00267608 -0.00166752 -0.00120913 -0.00228272 -0.000516803 -0.00104791 -0.00043447 -0.000697429 -0.000453442 -0.000637392 -0.00176526 -0.000717195 -0.000487952 -0.00114272 -0.00155126 -0.00182598 -1.38052e-05 -0.00079907 -0.000568807 -0.00108618 3.14015e-05 -2.30852e-06 -0.00044192 -0.00012599 -0.00142203 -0.000938052 -0.00119087 -0.000628317 -0.000922924 -0.00224742 -0.00115539 -0.000317658 -0.000618079 -0.00180493 -0.00190447 1.12584e-05 -0.00097618 -0.000277043 
-0.000689294 -0.00124862 -0.0013965 -0.00150125 9.67291e-05 0.00138364 -0.00102309 -0.00117103 -0.00188983 0.132469 -0.000306483 -0.00118678 -0.00126997 -0.00182655 -0.000289331 -0.00342906 -0.00520266 -0.00253325 -0.00455262 0.00049556 -0.000379764 -0.00211177 -0.00574814 -0.00134133 -0.00549902 -0.00300307 -0.00229536 -0.00409855 -0.000436989 -0.00226688 -0.00152469 -0.0041643 0.000113603 0.000724842 -0.00191059 -2.87045e-05 -0.00096671 -0.00161825 -0.0021423 -0.00236394 -0.00177316 -0.0020219 -0.00280103 -0.00140931 -0.000835185 -0.000881587 -0.00169287 0.000571807 -0.000369019 -0.000346864 0.00054175 -0.00155006 -0.000387771 -0.00124796 -0.000640742 -0.0012083 -0.000899574 -0.000934238 -0.00142564 6.1345e-05 -0.001803 -0.00133349 -0.00220535 -0.00191784 -0.00256034 -0.00187407 -0.000678169 -0.00103865 -0.000157441 2.55379e-05 0.000261284 -0.0011329 -0.00230422 -0.00138861 -0.000104557 -0.000973715 -0.00136041 -0.00100646 -0.00035438 -0.000809747 -0.00134411 -0.000158291 -0.000498311 -0.00121065 -0.00182712 -0.000883368 -0.000600246 -0.000774479 -0.00140565 -0.00114134 -0.00166417 -0.000539078 -0.000487618 -0.00125138 -0.00140263 -0.00215134 -0.00152516 -0.00108244 0.000874515 -0.0028269 
-0.000507792 -0.000606996 -0.000587966 -0.000447693 -0.000762394 -0.00079306 -0.000227999 -0.00126711 1.65159e-05 -0.000306483 0.150672 -0.000123306 -0.00075044 -0.000835189 -0.00195019 -0.00114548 -0.00430908 -0.0026015 -0.000570048 -0.00814295 -0.00111512 -0.00188522 -0.0032427 -0.00470239 -0.00994132 -0.0054728 0.00157415 -0.0030078 -0.00224921 -0.00178921 -0.00107737 -0.00195009 0.0001159 -0.00184393 -0.00259493 -0.000267924 -0.000818638 -0.00285829 -0.00185926 -0.000882844 -0.00139661 -0.00139629 -0.00206008 -0.000579988 -0.000835409 -0.00101628 -0.000505801 -0.000208233 -0.000551785 -0.00204187 -0.000963483 -0.000869573 -0.00097211 -0.00111591 -0.00106776 -0.00186553 -0.00118122 -0.000786932 -0.000752136 -0.0023803 -0.00023366 -0.000989242 -0.000405935 -0.00188163 -0.00143783 -0.00151194 -0.000850138 -0.00286919 -0.000937201 -0.00172908 -0.00159286 -0.0005411 -0.00115326 0.000290836 -0.000951799 0.000141496 -0.00219023 -0.00189255 -0.000583482 -0.0012786 -0.00119996 -0.00129334 -0.000295197 -0.000987996 -0.00179287 -0.00118099 -0.0026394 -0.00190931 -0.00185766 -0.00179775 -0.00197458 -0.00176787 -0.00144581 -0.00101776 -0.00172942 -0.00163712 -0.00264189 -0.00344653 -0.0012311 -0.00189246 
-0.000947775 -0.0024512 -0.00126695 -0.000877189 -0.000525294 -0.00217752 -0.00104291 -0.00039804 -0.00115077 -0.00118678 -0.000123306 0.160455 -0.000746303 -0.00145461 -0.00184129 -0.00722098 -0.00138352 -0.00417083 -0.0029391 -0.00557179 -0.00654879 -0.00123204 -0.00234195 -0.00970889 -0.00729171 -0.000862687 -0.00419431 -0.00184439 -0.0006628 -0.000375929 -0.00383048 -0.0046252 -0.00265473 0.000376994 -0.00104888 -0.0010856 -0.000777507 -0.00139308 -0.00111338 -0.00158466 -0.000772275 -0.000398446 -0.00109082 -0.000284944 -0.00279133 -0.00155255 -0.000700566 -0.0020698 -0.00135171 -0.00112411 -0.000403441 -0.00154377 -0.000299803 0.000576131 -0.00249759 -0.000581571 -0.00100731 -0.00163341 -0.00128562 -0.00105339 -5.14009e-05 -0.00145506 -0.00146584 6.11941e-05 0.000254793 -0.00211901 -0.00129962 -0.00379252 -0.000316646 -0.000701084 -0.00275044 -0.000762305 -0.00281997 -0.00279595 -0.000811668 0.0002911 -0.000141995 -0.00167911 -0.000368721 -0.0011503 -0.000205401 -0.00128613 -0.00294198 -0.000940359 -0.00152891 -0.00168211 -0.00183313 -0.0019166 -0.00239985 -0.00355704 0.0010661 0.000285313 0.000847207 -0.000628811 0.0010108 -0.000306483 -0.00205063 -0.0021134 -0.00139048 -0.00286612 
-0.000922603 -0.000791808 -0.000703652 -0.00145671 -0.0013437 -0.0009497 -0.000368936 -0.0010769 -0.0019346 -0.00126997 -0.00075044 -0.000746303 0.168577 0.000614329 0.000501942 -0.00554235 -0.00400067 -0.00453101 -0.00734547 -0.00321915 -0.00793919 -0.0054356 -0.00837367 -0.00436367 -0.000490724 -0.0041419 -0.00441568 -0.00294484 -0.00525902 -0.000892195 -0.00561919 -0.00294563 -0.00244019 -0.00384333 -0.00179959 -0.00222315 -0.00319217 -0.00119253 -0.00165265 -0.000391512 -0.000376104 -0.000410695 -0.00218288 -0.000782215 -0.00182861 -0.000545834 -0.000200657 -0.00129948 -0.000880614 -0.00026773 -0.00105328 -0.00100709 -0.00192451 -0.000589883 -0.00121193 -0.00102812 -0.00304643 -0.000765336 -0.000153841 -0.000462404 -0.00041414 -0.000833753 -0.00199398 -0.00186497 -0.00177321 -0.00140137 -0.00178911 -0.00032321 -0.00156161 -0.000554029 -0.000401513 -0.00125226 -0.00372251 -0.00181473 0.00030016 -0.000862261 -0.000657333 -0.00300607 -0.00124051 0.000479245 -0.00188784 -0.000783076 0.000584263 -0.0021128 -0.00138717 -0.00227418 -0.000533616 -0.000439732 -0.00017959 0.000795445 -0.000650171 -0.00235464 -0.00124367 -0.00160511 0.000204635 -0.000302077 -9.62167e-05 -0.00137296 -0.00122413 -0.00161539 
-0.00176633 -0.000549067 -0.0018703 -0.00192768 -0.00232084 -0.00304687 -0.0033273 -0.00427615 -0.000575162 -0.00182655 -0.000835189 -0.00145461 0.000614329 0.204215 -0.00675312 -0.000336752 8.48358e-06 -0.000501919 -0.00609038 -0.000814193 -0.00956308 -0.00894459 -0.00522703 -0.007356 -0.00702741 -0.00551137 -0.00241127 -3.59696e-05 -0.00276151 -0.00329756 -0.00224002 -0.00068086 -0.00288591 -0.00276932 -0.00268705 -0.0032049 -0.00333284 -0.000877727 -0.00271016 -0.00196109 -0.000801051 -0.00102864 -0.0015054 -0.00124572 -0.00328669 -0.00202394 -0.00102635 0.000407438 -0.000699267 -0.00233714 -0.000571124 -0.00219708 -0.00112482 -0.00210025 -0.00173156 -0.00129717 -0.00136195 -0.00183905 -0.00145535 -0.000453647 -0.00154831 -0.00149024 -0.00105319 -0.00239229 -0.00256912 -0.000323364 -0.00115094 -0.00193664 0.000299558 -0.00127348 0.000252734 -0.00138292 -0.00231407 -0.000394651 0.000208931 -0.0014387 -0.00204529 -0.000874969 -0.00137698 -0.000676363 -0.000974144 -0.000906368 -0.000301283 -0.0012861 -0.00454393 -0.000571213 -0.00147549 -0.00317882 -0.00118364 -0.000816151 -0.00268237 -0.00377616 -0.0017831 -0.00262076 -0.00263728 -0.0012021 -0.00256772 -0.00174087 -0.0037138 -0.00195953 
-0.00279331 -0.000434601 -0.000275326 -0.00354763 -0.00260422 -0.00293513 -0.00125985 -0.00656081 -0.00209521 -0.000289331 -0.00195019 -0.00184129 0.000501942 -0.00675312 0.224111 -0.00638297 -0.00727205 -0.0016507 -0.00810919 -0.00316341 -0.00891175 -0.00114201 -0.00204978 -0.00424277 -0.00605153 -0.0118709 -0.00791805 0.000934237 -0.000851925 -0.000391473 -0.00465085 -0.00556391 -0.0040881 -0.0034726 -0.00182619 -0.000407492 -0.00342964 -0.000797386 -0.00177736 -0.00147426 -0.00169456 -0.00202618 -0.00200714 -0.0016896 -0.000477579 -0.000711698 -0.000686544 -0.000438231 -0.00312327 -0.00256334 -0.00139159 -0.00266114 -0.0024171 -0.00335986 -0.00197628 -0.00123445 -0.00153424 -0.00145292 -0.00274999 -0.00291604 -0.00145255 -0.000487142 -0.00179555 0.000117848 0.00211488 -0.00440979 -0.00156017 -0.00368654 0.000868857 -0.00239225 -0.000920232 -0.000640423 -0.00210795 -0.0018518 -0.0021596 0.0026295 -0.00292871 0.000480414 -0.000399773 -0.00269871 -0.0026417 0.000124557 -0.00111845 -0.0024756 -0.00160425 -0.000283804 -0.00241622 -0.00309351 -0.00366427 -0.00436072 -0.00198047 -0.000456993 -0.000693565 -3.59125e-05 -0.00368385 -0.00253624 -0.00147003 -0.00213895 -0.00029896 0.000509847 
0.000199442 -0.000737323 0.000208483 -0.0046066 -0.00207292 -0.00175167 -0.00203419 -0.00178133 -0.0062134 -0.00342906 -0.00114548 -0.00722098 -0.00554235 -0.000336752 -0.00638297 0.237306 -0.00346076 0.000171946 -0.00354825 -0.000798347 -0.00231823 -0.0124814 -0.016044 0.00279212 -0.0130015 -0.00385476 -0.00235899 0.000713261 -0.00024913 -0.00692165 -0.00165651 -0.00600625 -0.00236969 -0.00214637 -0.00205102 -0.00392447 -0.00288098 -0.000845999 -0.00106386 -0.00162175 -0.00289115 -0.00147183 -0.00231679 -0.000717801 -0.00311222 -0.00136736 -0.000137592 -0.00166315 -0.0013179 -0.000379322 -0.0019005 -0.00195108 -0.00347253 -0.00129763 -0.00319998 -0.00117714 0.000215867 -0.00181713 -0.002788 -0.00225182 -0.00276521 -0.0013102 -0.00296607 -0.00160121 -0.0007492 -0.00260287 -0.00198615 0.00188831 -0.000714164 -0.000440319 -0.00189171 -0.00179805 -0.00128687 -0.00269439 -0.0034232 -0.00189784 -0.00202689 -0.00562985 -0.00254942 -0.00131321 -0.00201647 -0.00319118 0.000328451 -0.0019859 -0.000760443 0.00128102 -0.000922435 -0.00154551 -0.00171347 -0.0043492 -0.00370489 -0.00237163 -0.00323619 -0.000443404 -0.00229503 -0.00269328 -0.00159251 0.00023882 -0.00166613 -0.00311942 
-5.71799e-05 7.29324e-05 -0.0028765 -0.00163174 -0.00222395 -0.0028611 -0.00322542 -0.00554338 -0.00599795 -0.00520266 -0.00430908 -0.00138352 -0.00400067 8.48358e-06 -0.00727205 -0.00346076 0.245513 -0.000137077 0.00345904 -0.00118974 0.00035152 -0.0113853 -0.00155955 -0.00815109 -0.00456519 -0.00734546 -0.0106505 -0.00459653 -0.00701033 -0.000237252 -0.000418146 -0.000575999 -0.00014134 -0.00317796 -0.0013353 -0.00611856 -0.00266946 -0.00384825 -0.00367793 -0.00242088 -0.00229974 -0.000652929 -0.0013378 -0.00174866 -0.00340655 -0.00262601 -0.000280322 -0.00134842 -0.000628621 -0.00238674 -0.00382522 -0.00173277 0.000625353 -0.00233224 -0.000127764 -0.00242391 -0.00475957 -0.00138554 -0.00346152 -0.00280473 -0.00205362 -0.00270569 -0.00198491 -0.00245065 -0.0026185 0.00186002 -0.00233955 0.000513409 -0.00212015 -0.00195969 -0.00310226 -0.00228105 -0.00126282 8.53158e-05 -0.003191 -0.00392149 -0.00137662 -0.000876387 -0.00314182 -0.00139956 -0.00290284 -0.0028029 -0.00122036 -0.00070998 -0.00265503 -0.00370394 -0.00417339 -0.00414132 -0.00229025 0.000107011 -0.00266241 -0.0026449 -0.00172973 -0.00141393 0.000279637 -0.00161733 -0.00245514 -0.00315979 -0.00115119 -0.00182892 
0.000849595 -0.000678941 -0.00143229 -0.00316802 -0.00278223 -0.00414653 -0.00129489 -0.00264256 -0.00269909 -0.00253325 -0.0026015 -0.00417083 -0.00453101 -0.000501919 -0.0016507 0.000171946 -0.000137077 0.248857 -0.00684914 0.000766982 -0.00399451 -0.0137287 -0.00419909 -0.007707 -0.0111698 -0.00271212 -0.00459903 -0.00607672 -0.00139894 -0.00734461 -0.00590591 -0.00465591 7.04845e-05 -0.00270067 -0.00458334 -0.0024833 -0.000921448 -0.00168666 -0.000525852 0.000355644 -0.00361157 -0.00169889 -0.00353939 -0.00368748 -0.00222371 -0.0022905 -0.000735913 -0.00305825 -0.000146 -0.00202635 -0.000429477 -0.00257207 -0.000187367 -0.00290351 -0.00289404 -0.00352149 -0.000145263 -0.00239421 -0.00229016 -0.000927883 -0.00181398 -0.000256867 -0.00273479 -0.00217041 -0.00190478 -0.000724348 -0.00276335 -0.00315969 -0.00297547 -0.00126301 -0.000621569 -0.00237188 -0.000307099 -0.00232954 -0.0012343 -0.000648758 -0.00227583 -0.00264943 -0.00134134 -0.00329851 -0.00397737 -0.00215249 0.000482053 -0.00229579 -0.00191851 -0.000506577 -0.00270496 -0.0012777 -0.00382022 -0.00271156 -0.00358569 -0.00403158 -0.00144804 -0.00318092 -0.00233761 0.00135396 -0.00482361 -0.000134333 -0.00383221 -0.00182651 
-0.00255126 -0.00209033 -0.00186415 0.000438709 -0.00079167 -0.00134448 -0.0018791 -0.00144115 -0.00483057 -0.00455262 -0.000570048 -0.0029391 -0.00734547 -0.00609038 -0.00810919 -0.00354825 0.00345904 -0.00684914 0.249999 0.00468004 -0.00294968 -0.00489926 0.00116143 -0.00104411 -0.00939213 -0.0118972 -0.00338345 -0.0122733 -0.0129717 -0.0102402 -0.00401174 -0.00186493 -0.00164152 -0.00421319 0.000346342 -0.00244616 -0.00251596 -0.0022673 -0.00570597 -0.000949761 5.3189e-05 -0.0030362 0.000576613 -0.00210476 -0.000900305 -0.00180883 -0.00265797 -0.00191422 -0.00207773 -0.00145499 -1.90499e-05 -0.000589599 -0.00237513 -0.00115841 0.00028374 -0.00147938 -0.00214122 -0.00379537 -0.00148393 -0.00397256 -0.00310449 -0.0027654 -0.00312518 -0.000280203 -0.00264545 -0.00206248 -0.00399595 -0.00036905 -0.00172415 -0.000393205 -0.0022056 -0.00311259 -0.00220868 -0.00303264 -0.000508502 -0.00297793 -0.000137311 -0.00170972 -0.00182161 0.000657118 -0.00274238 -0.00316476 -0.00271942 -0.00144476 -0.00246285 -0.00185402 -0.00303934 -0.00271482 -0.00181533 0.00105003 -0.00198693 -0.00157862 -0.00135009 -0.00104313 -0.00541824 -0.000218766 -0.00219982 0.000947781 -0.00177444 -0.00351105 
-0.00390548 -0.000980221 -0.00152519 -0.001554 -0.00116266 -0.00168458 -0.00214513 -0.000711142 -0.0020324 0.00049556 -0.00814295 -0.00557179 -0.00321915 -0.000814193 -0.00316341 -0.000798347 -0.00118974 0.000766982 0.00468004 0.249218 0.00135622 0.00114913 -0.0105135 0.00133851 -0.00585381 -0.0130384 0.000334383 -0.00714754 -0.00503911 -0.00791802 -0.00317728 -0.00540471 -0.00448133 -0.00574158 -0.00366102 -0.00795886 -0.000830721 -0.00170167 -0.00291209 -0.00320298 -0.00327197 -0.000596792 -0.00146469 -0.00170603 -0.00210348 -5.22698e-05 -0.00254777 -0.00263227 -0.00476917 -0.00269227 -0.0018345 -0.000223387 -0.00137555 -0.00302877 -0.00293833 -0.00323444 -0.0030883 -0.003636 -0.00367197 -0.00193041 -0.00429752 -0.00213409 -0.003488 -0.00184958 -0.00196688 -0.00517416 0.00195894 -0.00141229 -0.0011551 -0.00201549 -0.0030043 -0.00338656 -9.75935e-05 -0.00271055 -0.00219712 -0.00564521 -0.0043076 -0.000430769 -0.000490159 -0.00285026 -0.00161465 -0.000442888 -0.00358742 -0.0025499 0.000966123 -0.00129987 -0.00259641 -0.00175671 -0.00145479 -0.00472858 -0.00138179 -0.000349739 -0.00340166 -0.00148865 -0.00227697 -0.000522225 -0.00331179 -0.00167027 -0.00205278 -0.00318232 
-0.00281537 -0.00257896 -0.00378599 -0.00259278 -0.00321 -0.00283043 -0.0016087 -0.00618797 -0.00212261 -0.000379764 -0.00111512 -0.00654879 -0.00793919 -0.00956308 -0.00891175 -0.00231823 0.00035152 -0.00399451 -0.00294968 0.00135622 0.249976 8.69798e-05 -0.00938072 -0.00473501 0.000226837 -0.00145036 -0.00382114 -0.00743809 -0.00600556 -0.011577 -0.000481396 -0.00576257 -0.000681892 -0.00166764 -0.00110114 -0.0015809 -0.000650661 -0.0031124 -0.000522863 -0.00270882 -0.00374561 -0.00146297 -0.00121647 -0.00145779 -0.00380848 -0.0036425 -0.00190233 -0.00289978 -0.00289662 -0.00170161 -0.00349225 9.25196e-05 -0.000513304 -0.00278186 -0.00040751 -0.00478677 -0.00213698 -0.00214716 -0.00232003 -0.00165355 -0.00269915 -0.00135769 -0.00208596 -0.000692901 -0.00235484 -0.00291319 -0.00238072 -0.000666804 -0.00209004 -0.00207482 -0.0024398 -0.00207315 -0.00292408 -0.00183893 -0.0046602 -0.00260614 -0.00295238 -0.000471965 -0.00209148 -0.00254651 -0.0020352 -0.00358909 0.000159291 -0.000106948 -0.00193278 -0.00166509 -0.00231998 -0.000650007 -0.000842905 -1.97519e-06 -0.00391604 0.00041903 -0.000614527 -0.00109423 -0.00252302 -0.00261198 -0.00482851 -0.00155115 -0.000367908 0.00100889 
-0.00345696 -0.00207686 -0.00283409 -0.00181822 -0.00265377 -0.00148952 -0.00133353 -0.00251787 -0.00197705 -0.00211177 -0.00188522 -0.00123204 -0.0054356 -0.00894459 -0.00114201 -0.0124814 -0.0113853 -0.0137287 -0.00489926 0.00114913 8.69798e-05 0.249885 -0.00314116 -0.0074366 -0.00177534 -0.0128993 -0.000342079 -0.00724259 -0.000146223 -0.00124777 0.00167562 -0.0037402 -0.00107984 -0.00436414 -0.00226332 -0.00257364 -0.000936322 -0.00370557 -0.00384566 -0.00421545 -9.62337e-05 -0.00115878 -0.00183118 -0.00336779 -0.00155196 0.000111611 -0.00218548 -0.00274029 -0.00142059 -0.00169084 -0.000727879 -0.00150561 -0.00108262 -0.000534943 -0.00167465 -0.002269 -0.0014118 -0.000407477 -0.00177073 -0.000844472 -0.003066 0.00126657 -0.00202208 -0.00241604 -0.00230868 -0.00327189 -0.00361495 -0.00320804 -0.00127158 -0.00359271 -0.0031116 -0.000496616 -0.0042101 -0.000787735 -0.000845412 -0.00146547 -0.00406321 -0.000342378 -0.000728622 -0.000927553 -0.00221604 -0.00179143 -0.0023889 -0.00195966 -0.00179565 -0.0031181 -0.000911353 -0.00206936 -0.0025155 -0.00301912 -0.00043209 -0.00251555 -0.000193058 0.00122935 -0.00226187 -0.00291894 -0.00340252 -0.000911045 -0.00404819 -0.00255384 
-0.00111094 -0.0021314 -0.00362676 -0.00253228 -0.00218953 -0.00556101 -0.00120575 -6.33574e-05 -0.00549447 -0.00574814 -0.0032427 -0.00234195 -0.00837367 -0.00522703 -0.00204978 -0.016044 -0.00155955 -0.00419909 0.00116143 -0.0105135 -0.00938072 -0.00314116 0.249843 -0.00671614 0.00136667 -1.07855e-05 -0.00571081 -0.010334 0.00170043 -0.00184738 -0.010898 -0.00493631 -0.00608199 0.00187399 -0.00146519 -0.00381933 -0.00026649 -0.00293547 -0.00228547 -0.00144611 -0.00217147 -0.000513668 -0.00120483 -0.00054931 -0.00360875 -0.0036785 -0.001726 -0.0034039 -0.000465808 -0.000233652 -0.00212556 -0.000919731 -0.00362287 -0.00295726 -0.00170138 -0.000663843 -0.000630339 -0.00204092 -0.00019893 -0.00355685 -0.00099812 -0.00350257 -0.000325603 -0.00295735 -0.00451773 -0.00144574 -0.00365733 -0.00132606 -0.000426129 -0.000966317 -0.00356029 -0.00202269 0.000786711 -0.00193419 -0.00192746 -0.00125736 6.70492e-05 -0.00131077 -0.00175985 -0.00176057 -0.00178407 -0.00141671 -0.00210513 -3.45332e-05 -0.00468262 -0.00280451 -0.00207327 0.000628624 -0.00258001 -0.000679075 -0.000358497 -0.000271806 -0.00417993 -0.00469984 0.00158827 -0.00288215 -0.00143477 -0.00365436 0.000467439 0.00227737 
-0.00221952 1.36143e-05 -0.00304595 -0.00187347 -0.00153798 0.000139146 0.00135289 -0.00217101 -0.00453585 -0.00134133 -0.00470239 -0.00970889 -0.00436367 -0.007356 -0.00424277 0.00279212 -0.00815109 -0.007707 -0.00104411 0.00133851 -0.00473501 -0.0074366 -0.00671614 0.245498 -0.00391403 -0.00736541 0.00195053 -0.00608126 -0.00875592 -0.00396161 -0.00630619 -0.00252084 -0.00533672 -0.004207 -0.000185822 -0.00160977 -0.00412303 -0.00260622 0.000147808 -0.000974476 -0.00108627 -0.0024631 0.00118023 -0.00302557 0.000226736 -0.00373015 -0.000696961 -0.00124376 -0.00143717 -0.00217281 -0.00419063 -0.000779568 -0.00293973 0.000444995 -0.00172123 -0.00136269 -0.00120205 -0.00182454 -0.00107489 -0.00259928 -0.00115513 -0.00194942 -0.0029594 -0.00326453 0.00161158 -0.00177859 -0.00300734 -0.00407996 -0.00243738 -0.00250567 -0.000825702 -0.0032873 -0.000450742 -0.00129948 -0.00121768 -0.00367882 -0.000963385 -0.00470722 -0.00191186 -0.00118661 0.000263049 -0.00219485 -0.00377106 -0.0030992 -0.00241055 -0.00297421 -0.000149824 -0.000112662 -0.00311123 -0.00116603 -0.00454984 -0.00137115 -0.00197739 -0.00109593 -0.00232103 -0.00263558 -0.00249372 -0.00280566 -0.000901932 -0.000763993 
-0.00246514 -0.00359602 -0.0037957 -0.0014212 -0.00233144 -0.00187322 -0.00478872 -0.00267566 -0.00336881 -0.00549902 -0.00994132 -0.00729171 -0.000490724 -0.00702741 -0.00605153 -0.0130015 -0.00456519 -0.0111698 -0.00939213 -0.00585381 0.000226837 -0.00177534 0.00136667 -0.00391403 0.243702 -0.00622244 0.00375528 -0.00525341 -0.00815362 0.00106888 -0.00469871 -0.0086671 -0.00538845 0.000319778 -0.00141037 -0.00160959 0.000837336 -0.00109384 -0.00340579 -0.00385985 0.000259707 -9.63951e-05 -0.00344437 -0.00274817 -0.00146928 -0.000452303 -0.00207837 -0.00137323 -0.00352665 -0.00119265 -0.00177156 -0.00227001 -0.000813657 -0.00140848 -0.0038059 -0.00234796 -0.00347419 -0.000615227 -0.00140243 -0.000557252 -0.0017697 -0.00134738 -0.00398988 -0.000936165 -0.00113093 -0.00162506 -9.65546e-07 -0.00246042 -0.00194201 -0.00231366 0.000128954 -0.00194744 0.00118024 -0.00248681 -0.00311527 -0.00397712 -0.00140086 -0.000311609 -0.00232038 -0.000157677 -0.000277023 -0.00138231 -0.00261234 -0.00275994 -0.00108774 -0.00128729 0.00135102 0.00102737 -0.00029245 -0.00189296 -0.00212245 -0.0012642 -0.00277929 -0.00196188 -0.00160429 -0.0021453 0.00131907 -6.68882e-05 -0.00165179 -0.0012214 
-0.00238173 -0.00166005 -0.000428348 -0.00271624 -0.00141488 0.000694293 -0.000844267 -0.00185215 -0.00158952 -0.00300307 -0.0054728 -0.000862687 -0.0041419 -0.00551137 -0.0118709 -0.00385476 -0.00734546 -0.00271212 -0.0118972 -0.0130384 -0.00145036 -0.0128993 -1.07855e-05 -0.00736541 -0.00622244 0.219326 -0.00158251 -0.00208827 -0.00437597 0.00109288 -0.000209311 -2.2222e-05 -0.00364505 -0.00180415 -0.00256466 0.000105485 -0.000296277 -0.00155438 -0.00206347 -0.00145138 -0.00318645 -0.0033158 -0.000192242 -0.00119428 -0.00173589 -0.00137185 -0.000450049 -0.00208097 -0.000930183 0.000433541 0.000316997 -0.00287885 -0.00230815 -0.00158838 -0.00171953 -0.000674873 -0.00130513 -0.00189189 -0.00162831 -0.000455649 -0.0015722 -0.0014246 -0.00194265 -0.00200954 -0.000579419 -0.00104036 -0.00177079 -0.00170901 -0.00252813 -0.0014559 -0.00098363 -0.000692513 -0.000120712 -0.000546664 -0.00162727 -0.00245108 0.00170038 -0.00203399 -0.00297049 -0.00173134 -0.00170718 -0.000763052 -0.000784617 -0.00178709 3.61727e-05 -0.00215802 -0.00129062 -0.000635056 -0.00492585 -0.000866051 -0.000606028 -0.00275041 -0.00175634 -0.00332711 -0.00211185 -0.00115012 0.000851824 -0.00357543 -0.00170266 -0.00235716 
-0.00193022 -0.00320803 -0.00249502 -0.000168636 -0.0011945 -0.00193042 -0.00760376 -0.00208125 -0.00219117 -0.00229536 0.00157415 -0.00419431 -0.00441568 -0.00241127 -0.00791805 -0.00235899 -0.0106505 -0.00459903 -0.00338345 0.000334383 -0.00382114 -0.000342079 -0.00571081 0.00195053 0.00375528 -0.00158251 0.235142 -0.00229748 -0.000901979 -0.00908792 0.000591223 -0.00353008 -0.000310936 0.000720286 -0.00305931 -0.00210628 -0.00110219 -0.00155401 -0.0024341 -0.00433274 -0.00332473 -0.00228918 -0.003001 -0.00064533 -0.00207769 0.000220419 -0.00392434 0.000144414 -0.00297043 -0.00403772 -0.000692906 -0.00110763 -0.00113119 -0.00319022 -0.00131499 -0.00392514 -0.00143739 -0.00124311 0.000699554 -0.00192003 -0.00237543 -0.00313861 -0.00163591 -0.00172808 -0.000562874 -0.00301303 -0.000338974 -0.00273113 -0.00473996 -0.00371619 -0.00251203 -0.00183011 -0.00354228 -0.00334605 -0.00164559 -0.00141662 -0.00447568 -0.00303404 -0.00137207 -0.00119502 -0.00130981 -0.00310484 -0.00106903 -0.00207922 -0.00264968 -0.00168102 -0.000823994 -0.00395357 -0.000509482 -0.00190173 -0.00339037 -0.00133982 -0.00218413 -0.00414329 -0.00345753 -0.00120245 -0.00222723 -0.00411278 -0.00419548 -0.00601102 
-0.00165912 -0.00247596 -0.00382844 -0.00408319 -0.00258362 -0.001334 -0.00331622 -0.00406051 0.000402554 -0.00409855 -0.0030078 -0.00184439 -0.00294484 -3.59696e-05 0.000934237 0.000713261 -0.00459653 -0.00607672 -0.0122733 -0.00714754 -0.00743809 -0.00724259 -0.010334 -0.00608126 -0.00525341 -0.00208827 -0.00229748 0.209073 -0.00347579 0.00207776 0.0011894 -0.00245469 -0.00123979 -0.00425665 -0.00274843 -0.00256518 -0.00466664 0.000603867 -0.0013334 -0.00213969 -0.00101835 -0.000430786 -0.0012083 0.00056582 -0.00220283 -0.00262872 -0.00103337 0.000307004 -0.00141357 -0.00212744 -0.00308303 -0.00125926 -0.00234183 -0.000608919 -0.00170612 -0.0014569 -0.000614165 -0.000702363 -0.00334667 -0.00271489 -0.00124332 -8.3829e-05 -0.00190064 -0.00155646 -0.00230736 -0.000825467 -0.00196213 -0.00280816 -0.000391095 9.42292e-05 -0.000480185 -0.00157938 -0.000806133 -0.00136858 -0.00174928 0.00226594 -0.00203395 -0.00418968 -0.000900305 -0.003482 -0.00028074 0.000281259 -0.00164624 0.000148093 0.000363408 -0.0015638 -0.00174696 -0.00144508 -0.00165582 -0.00177994 -0.000901899 -0.00185881 -0.00223884 -0.00169008 -0.00110318 -0.00220051 -0.00244347 -0.00199299 -0.00191596 -0.00200789 
-0.000577737 -0.000650165 0.00135474 -0.00131068 -0.000472765 -0.00155419 -0.00044659 -0.00254306 -0.00129259 -0.000436989 -0.00224921 -0.0006628 -0.00525902 -0.00276151 -0.000851925 -0.00024913 -0.00701033 -0.00139894 -0.0129717 -0.00503911 -0.00600556 -0.000146223 0.00170043 -0.00875592 -0.00815362 -0.00437597 -0.000901979 -0.00347579 0.197293 -0.00238986 -0.000621078 0.000866913 -0.00037394 -0.00427776 -0.00255791 -0.00274799 -0.00269166 -0.00172756 -0.00203649 -0.000402766 -0.00227854 -0.00168361 -0.00202425 -0.00182147 -7.048e-05 -0.00153712 -0.00160611 0.000970769 -0.00232078 -0.0023308 -0.0031686 -0.00287362 -0.00220027 -0.00175114 -0.00195254 -0.00182841 -0.00112561 -0.00063791 -0.00214809 -0.00234997 0.000843025 -0.0038904 0.0010447 -0.000297892 -0.00362944 -0.00180495 -0.00101571 -0.00249055 -0.00119201 -0.00228022 -0.00140232 -0.00118643 -0.00220626 -0.00335581 -0.00228363 -0.00267433 -0.00310448 -0.00108525 -0.00124685 -0.00237228 -0.00207791 -0.00191927 -0.00276727 -0.000911247 -0.00334906 -0.000443979 -0.00211385 -0.00178154 -0.00151577 -0.00197834 -0.00172278 -0.00156697 -0.00219364 -0.00247836 -0.00165258 -0.000674224 -0.000755661 -0.00134003 -0.000416067 0.000193475 
-0.000511553 -0.00219774 -0.000803695 0.000116657 -0.00351773 -0.00191796 0.000431779 -0.00277053 -0.00127576 -0.00226688 -0.00178921 -0.000375929 -0.000892195 -0.00329756 -0.000391473 -0.00692165 -0.000237252 -0.00734461 -0.0102402 -0.00791802 -0.011577 -0.00124777 -0.00184738 -0.00396161 0.00106888 0.00109288 -0.00908792 0.00207776 -0.00238986 0.175448 0.0017158 0.00154752 -0.00135843 -0.0027451 -0.00126009 -0.00131442 -0.00345309 -0.000827698 -0.000281784 -0.000187411 -0.00127758 0.0010195 -0.00265694 0.000204193 -0.000648076 -0.000968193 -0.0013348 -0.00188564 0.000219829 -0.000532449 -0.00258027 -0.0025416 -0.00209575 -0.00120866 -0.000558142 -0.00200579 -0.00196435 -0.000815751 -0.000805336 -0.00167602 -0.0015734 -0.00303418 -0.00175835 -0.00193373 -0.00272016 -0.000402048 -0.000473657 -0.00299303 -0.00381239 -0.00143852 -0.00279602 -0.00182464 -0.000651079 -0.00272556 -0.00094045 -0.00149098 -0.00121782 -0.000424318 -0.00105227 -0.00157741 0.00057395 -0.0024043 -0.00212324 -0.00106296 -0.00328758 -0.00132167 -0.00124291 -0.000837737 -0.00219127 -0.00324925 -0.00225932 -0.00248787 -0.00023909 7.7159e-05 -0.000318468 -0.0024729 9.04924e-05 -0.00243533 -0.000886648 -0.000258852 
-0.00202462 -0.000935292 -0.00207652 -0.00187213 -0.00201276 -0.00194834 -0.00533466 -0.00150993 -0.00276263 -0.00152469 -0.00107737 -0.00383048 -0.00561919 -0.00224002 -0.00465085 -0.00165651 -0.000418146 -0.00590591 -0.00401174 -0.00317728 -0.000481396 0.00167562 -0.010898 -0.00630619 -0.00469871 -0.000209311 0.000591223 0.0011894 -0.000621078 0.0017158 0.181833 -0.000866689 -0.00200607 -0.00123437 0.000220836 -0.00060939 -0.00426992 -0.00335183 -0.00199671 -0.000456757 -0.00286964 -0.0023775 -0.000708094 -0.00156453 -0.0028396 -0.00366273 -0.00143465 -0.00149301 -0.00136589 -0.00212756 -0.00159091 -0.000359856 -0.00127744 -0.00130823 -0.002544 -0.00109249 -0.00143993 -0.00207923 -0.00175647 -0.000490584 -0.000382646 -0.00118752 -0.000385271 -0.00417543 -0.00112719 -0.000700188 -0.000896149 -0.00151399 -0.000972901 -0.00207879 -0.000776023 -0.000872026 -0.000689819 -0.00156946 -0.00197419 -0.00183168 -0.000852581 -0.00145222 -0.000969646 -0.00051433 -0.000965852 -0.00203717 -0.00231215 -0.00121416 -0.00217543 -0.00327615 -0.00212194 -0.00117932 3.29576e-05 -0.00272339 -0.00200765 -0.00130371 -0.000698785 -0.00182242 -0.00341788 -0.00197302 -0.000596042 -0.00257554 -0.00159258 -0.00136601 
-0.00236029 -0.00119278 -0.000530008 -0.000465202 -0.00153366 -0.000671153 -0.00266969 -0.00132463 -0.00184574 -0.0041643 -0.00195009 -0.0046252 -0.00294563 -0.00068086 -0.00556391 -0.00600625 -0.000575999 -0.00465591 -0.00186493 -0.00540471 -0.00576257 -0.0037402 -0.00493631 -0.00252084 -0.0086671 -2.2222e-05 -0.00353008 -0.00245469 0.000866913 0.00154752 -0.000866689 0.150664 -0.00192911 -0.00242372 -0.00207516 0.000357971 -0.00122428 0.000585153 -0.000831954 -0.00153147 -0.000746629 -0.000999983 -0.00270363 -0.000228382 -0.00037127 -0.00229696 -0.00110777 -0.000959044 -0.00280748 -0.00113985 -9.79978e-05 -0.00118677 -9.38172e-05 -0.000551708 -0.000959612 0.000185924 -0.00098976 -0.00170374 -0.0012497 -0.000545513 -0.00115755 -0.00117277 -0.000255825 -0.00011051 -0.000829786 -0.00116187 -0.00131597 -0.000284452 -0.000357173 0.000202324 -0.00147913 -0.00235779 -0.000952679 -0.00097428 -0.000767294 -0.00143392 -0.00103524 -0.000840237 -0.000600002 -0.00153496 -0.00139597 -0.0013433 -0.000941316 0.000487414 -0.000303278 -0.00172467 -0.00119309 -0.00196093 -0.000271169 -0.00151801 -0.000564561 -0.00101344 -0.000633949 -0.00169759 0.000556469 -0.00128826 -0.000714369 -0.000722239 -0.00275641 -0.00250259 
