0.0711348 -0.000882018 -0.000784144 -0.000715122 -0.000352443 3.64115e-05 -0.000728299 -0.000298005 -0.000597319 -0.000265403 -0.000665973 -0.00111027 -0.00185196 -0.00290769 -0.00125743 -0.00114086 -0.00404612 -0.00339628 -0.000125194 -0.000612445 -0.00203215 -0.000352666 -0.0024926 -0.00152671 -0.0023085 -0.00299315 -0.0017617 -0.00103282 -0.00240794 -0.000227271 -0.00231543 -0.000664478 -0.00119463 -0.000264047 -0.000664287 -0.000703167 -0.000607105 -0.000836552 -0.00101955 -0.000284523 -0.000653678 9.09714e-05 -0.000414897 -0.000347907 -0.0011592 -0.00014962 -0.000775866 -0.000579691 -0.000913244 0.000398065 -4.03821e-05 -0.000328151 -0.00112025 -1.92636e-05 -0.00105279 -0.00120086 -0.00058622 -0.000466888 -0.000726943 0.000432984 -0.000577217 -0.000837136 6.98584e-05 0.000261969 -0.000645278 -0.000196153 -0.000611291 -0.000254292 9.05601e-07 0.000113737 -0.00106131 -0.000338819 -0.000423772 -0.000704962 -0.000634897 -0.000746987 -0.000108274 -0.000627354 -0.000395402 -0.000719694 4.39828e-05 -0.000121176 -0.000884468 -0.000299082 -0.000527541 -0.00083045 -0.000127215 -0.00078307 -0.00055659 -0.000803733 -6.07316e-05 0.000333664 -0.000103557 -3.78855e-05 -0.000394246 -0.00042047 -0.000199075 -0.000527952 0.000956468 -0.000351616 
-0.000882018 0.0952134 -0.00150506 -8.99148e-05 0.000307922 -0.000232334 -0.000995961 -0.000933043 -0.00184269 -0.00130213 -0.00264899 -0.00117389 -0.00184329 -0.0028574 -0.00154854 -0.00175851 -0.00377737 -0.0015164 -0.0010164 -0.00259098 -0.0013904 -0.00475934 -0.00287408 -0.00198995 -1.6094e-05 -0.00119005 -0.000974689 -0.00188535 -0.00242713 -0.00335005 -0.00133039 -0.00178856 -0.0017088 -0.000917868 -0.000880532 -0.000501048 0.0014788 -0.00139777 -0.00137707 -0.000303286 -0.000327205 -0.00060594 -0.000476529 -0.000350884 -0.00097961 -0.000896113 9.21081e-05 -0.00105924 -0.00106665 -0.000735455 -0.000511032 -0.00035187 -0.00092862 -4.24377e-05 0.000450826 -0.00130189 -0.00135668 -0.000943879 -0.000630868 0.000312981 -0.00147151 -0.000975578 -0.000274375 -0.00152895 -0.00131899 -8.10418e-07 -0.000852372 -0.00039886 -0.00112502 -0.000481759 -0.000754239 0.000253697 -0.00133409 4.63554e-05 -0.00177844 -0.000320144 -0.000545764 -0.000520261 -0.000250215 -0.0012982 -0.000146427 -0.000531954 -0.000692916 -0.00042308 -0.000614445 -0.000353206 -0.000624317 -0.000607909 -0.000370546 -0.000862126 -0.000448748 -0.000120386 -0.00110665 -0.000272329 -0.000620724 -0.00130116 -0.000534332 -2.77696e-05 -0.00106766 -5.75595e-05 
-0.000784144 -0.00150506 0.0997343 -0.00102561 -0.00139048 -0.000756642 0.000775392 -0.000684191 -0.000635871 -0.00060396 -0.00210906 0.000210347 -0.00527262 -0.00143522 -0.00125193 -0.00243523 -0.00113095 -0.00338299 -0.00505427 -0.0019113 -0.00216609 -0.00382794 0.00206012 -0.00346337 -0.00532312 -0.00252109 0.000239406 -0.00189722 -0.000486183 -0.00336516 -0.00143374 -0.000847707 -0.00090188 -0.000738973 -0.00161157 -0.000727524 -0.00143659 -0.000636578 -0.00108729 -0.000963346 -0.000686912 -0.000874999 -0.000458662 -0.000351146 -0.00101166 -0.000540463 -0.000872877 -0.0013239 -0.000507054 -0.000444806 -0.000955747 -0.00147255 -0.00125874 -0.000645707 2.76486e-05 -0.000918961 -0.000300303 -0.000621677 -0.00013782 -0.00149059 -0.000512426 -0.000564391 -0.000704089 -0.00105871 -0.000204369 -0.000674748 -0.000818044 -0.000535866 2.59653e-06 -0.000314692 -0.00129318 -0.000760492 -0.00075078 -0.000463122 -0.000638704 -0.00145529 -0.00016242 -0.00130687 -0.000598454 -0.000759002 -0.000641748 -0.00104809 -0.000315858 -0.00034209 -0.000740116 0.000312846 -0.000389113 -0.000707894 -0.00115979 -0.00104131 0.000155625 -0.000728183 -0.000213189 -0.000452597 -0.000378013 -0.000820119 -0.00086106 -0.000294811 -0.000260332 0.000131171 
-0.000715122 -8.99148e-05 -0.00102561 0.0914515 -0.000727813 -0.000538084 0.000304362 -0.00024398 -0.00192645 -0.00296946 -0.0012178 -0.00124892 -0.00459779 -0.00168138 -0.00322983 -0.00166146 -0.0019303 -0.00149359 -0.00146812 -0.00304545 -0.00741118 1.6993e-05 -0.00290185 -0.0043837 0.000464793 -0.000684405 -0.000242323 -0.000693846 -0.00128098 -0.00114427 -0.00141715 -0.00151818 -0.000473802 0.00105918 0.00059669 -6.513e-05 -0.00184364 -0.000331175 -0.000616244 1.95843e-05 0.00011148 -0.0013094 -0.000437446 -0.000318716 -0.00172736 -0.000783103 -0.000337053 2.51731e-05 -0.00102753 -0.0013703 -5.10035e-05 0.00045294 0.000135892 -0.000619377 -0.000953962 -0.000224919 -0.000353153 -0.000606511 -0.000555766 -0.00125974 -0.000396497 -0.000796383 -0.00133721 -0.000720315 -0.000656122 -0.000907235 -0.000723499 -0.000350766 -0.00140339 -0.00182811 -0.000938544 -0.000621217 -0.00127615 -2.08928e-05 -0.000829358 -0.00055583 -0.000724864 -0.000280101 -0.000522573 0.000814245 -0.000723635 -0.000518673 -0.000834461 -0.00180502 3.47824e-05 -0.000949896 -0.00144915 -0.000760046 0.000364224 -0.000752594 -0.00127196 0.000314569 -0.000672355 -0.000174733 -0.00088896 -0.000743327 -0.00152607 -0.000803016 2.4057e-05 -0.000673238 
-0.000352443 0.000307922 -0.00139048 -0.000727813 0.0993483 -4.8855e-05 0.000147289 -0.000356374 -0.00152439 -0.00035037 -0.00147724 -0.00198789 -0.0031799 -0.00343472 1.62235e-05 -0.00281629 -0.00611422 -0.00424075 -0.000588925 -0.00235203 0.00123188 -0.00249788 -0.00248918 -0.0047686 -0.00455099 -0.000920025 -0.00331445 -0.0021795 8.86244e-05 -0.000985171 -0.00163949 -0.00108519 0.000563901 -0.00147224 -0.00112519 -0.000324677 -0.00167142 -0.00064961 -0.000260384 -0.00137019 -0.00161945 0.000103837 -0.000808264 -0.00215148 -0.00117167 -0.000245549 -0.000517251 -0.00109211 -0.00128123 -0.000269176 -0.000823383 -0.00115768 -0.00101532 -0.000355885 -0.00028608 -0.000624194 -0.000403004 -0.00177641 0.000194863 -0.000625649 -0.000234614 -0.000315419 -0.0010156 0.000164987 -0.000882323 -0.000685867 -9.39474e-05 -0.000439374 -0.00131289 -0.000373448 0.000538443 -0.00125051 -0.000985101 0.000221091 -0.00117591 -0.000847687 -1.14007e-05 -0.00105816 -0.00160753 -0.00115461 -0.00163464 -0.000453515 0.000393754 -0.0014398 -0.000563216 -0.000661594 -0.000571985 -0.000452794 -3.97945e-05 -0.00069641 -0.000128618 1.13787e-05 -0.000674356 -0.000423275 -0.00082288 -0.000568623 -0.00122026 0.000174407 -0.00014504 -0.00109501 
3.64115e-05 -0.000232334 -0.000756642 -0.000538084 -4.8855e-05 0.0803788 -0.00117597 -0.000140388 -0.000733722 -0.000556869 -0.0015259 -0.00170237 -6.89546e-05 -0.0016107 -0.000522267 8.90097e-05 -0.000456256 -0.00218021 -0.00265195 5.95433e-05 0.000202094 -0.00620441 -0.00436873 -3.67469e-05 -0.00375827 -0.0030615 -0.00250682 -0.00163358 -0.00148517 -0.00162828 -0.00162513 -0.000656341 -0.000767923 -0.00100419 -0.00124753 -0.000674115 -0.000498577 -0.000592033 -0.00188081 -7.34387e-05 -0.000676866 -0.00121923 -0.000320563 -0.000504487 -0.00110225 -0.00101084 -0.000513607 -0.000391876 -0.000230155 -0.000286615 -0.000217562 -0.00129195 -0.000188342 -0.000527303 -0.000638282 -0.00112758 -0.000812634 -0.000711619 -0.00101132 -0.00120556 -6.33689e-05 -0.000366541 -0.00028281 -0.000134643 -0.00016508 -0.000153366 -0.000932758 -0.000427428 -0.000391132 -0.000775115 -0.000569867 -0.000934027 -0.00108176 -0.000343319 -0.000778533 -0.000432658 -0.00113501 -0.000590537 -0.00140723 -0.000780188 -0.000579399 -0.00059759 0.00126371 -0.000819542 -0.000615966 -0.000403346 0.000116187 -0.000156907 -0.000816723 -0.00058688 0.000291355 -0.00107922 -0.00057111 -0.000489918 -0.000631396 -0.000192531 -0.000638753 0.000290471 -3.61973e-05 -0.000173052 
-0.000728299 -0.000995961 0.000775392 0.000304362 0.000147289 -0.00117597 0.104321 -0.000806985 0.00237915 -0.00146197 -0.00140542 -0.0021626 -0.0010042 0.000320614 -0.00108132 -0.00209927 -0.00154475 -0.00326946 -0.00279675 -0.00525168 -0.00141721 -0.00134861 -0.000831832 -0.00411309 0.00165275 -0.00432081 -0.00327203 0.000246209 -0.0016052 -0.00179127 -0.00317407 -0.000938305 -0.00178953 -0.00124402 -0.00204497 -0.00163183 -0.000294059 -0.000548514 -0.00147455 -0.000786561 -0.00190407 -0.00066309 -0.00131042 -0.000518516 -0.00105903 -0.000554755 1.04735e-05 -0.000709336 -0.000852129 -4.65345e-05 -0.000369916 -0.00120841 -0.000109083 -0.00125833 -0.000367486 -0.00200678 -0.000187571 -0.00172525 -0.000458043 -0.000871725 -0.000565424 -0.0015545 -0.00160215 -0.00169056 -0.000562932 -0.000840392 -0.000266664 -0.000212648 -0.000380189 -0.00242689 -0.000597103 -0.000869563 0.000238948 -0.00244575 -8.29666e-05 -0.000570421 -0.000997333 -0.000543656 -0.00141148 -0.000808248 -0.0014755 -0.00107448 -0.0016049 -0.00078465 -0.000659788 -0.000763053 -0.0012901 -0.000161121 -0.000740199 -0.00101598 -0.000429809 -0.00039968 -0.000929415 -0.000349615 -0.00155647 -0.000854596 -0.00131789 -0.00102169 -0.000824248 -0.000122204 
-0.000298005 -0.000933043 -0.000684191 -0.00024398 -0.000356374 -0.000140388 -0.000806985 0.107348 -0.000473857 -0.000408932 -0.00180497 -0.00142016 -0.00271954 0.000657512 -0.00427179 -0.00438283 -0.000895759 -0.00339314 -0.00355389 -0.00463647 -0.00418297 -0.00451372 -0.00785374 -0.00331828 -0.00437258 -0.00289613 -0.000386162 -0.00254987 0.000440866 -0.000423892 -0.00297232 0.000439957 -0.00214071 2.86193e-05 -0.00153937 -0.000477316 -0.0020382 -0.000743598 -0.000156877 -0.000236901 -0.000426744 -0.000683579 0.000206758 0.00113546 -0.000146914 -0.000877746 -0.000520411 -0.000990009 -0.000137605 -0.00123777 -0.000263255 -0.00026801 -0.000351198 -0.000421399 -0.000744119 -0.00113575 -0.00135993 -0.000968124 -0.000612844 -0.000842018 -0.000669325 0.000110985 -0.00190368 -0.000661598 -0.000581496 -0.00120135 6.91676e-06 -0.00134742 -0.00106271 -0.000915398 0.000224239 -0.000140515 -0.00173916 -0.000991844 -0.0014477 -0.000502168 -0.000631788 -0.000489567 -0.000877729 -0.00121231 -0.00106853 -0.000834458 -0.000349315 -0.000130541 -0.000997628 -0.000840085 -0.000127857 0.000378996 -1.76212e-05 -0.000681895 0.0002386 -0.000696962 -0.000559004 -0.000310378 -6.28733e-05 -0.00104767 -0.000937528 -0.000340024 -0.000908523 -0.000716189 
-0.000597319 -0.00184269 -0.000635871 -0.00192645 -0.00152439 -0.000733722 0.00237915 -0.000473857 0.129073 -0.00171787 9.3957e-05 -0.00153351 -0.00219311 -0.000307502 -0.00177928 -0.00336576 -0.00335322 -0.0047439 -0.00481088 -0.00139605 -0.00286009 -0.00580345 -7.14419e-05 -0.000680172 -0.00356551 -0.00205483 -0.00401035 0.000646474 -0.00234405 -0.00273021 -0.0021852 -0.00115083 -0.00092626 -0.00111319 -0.00257113 -0.00223091 -0.0010897 -0.000661632 -0.00204766 0.000392905 -0.00119317 -0.00161496 -0.00199243 -0.00144434 -0.00149341 -0.000442583 -0.00100485 -0.000253056 -0.000722123 -0.0014966 -0.00152638 -0.000944341 0.000105344 -0.00117723 -0.0011553 -0.000920144 -0.000533701 -0.000757639 -0.00142473 -0.0034428 -0.000687632 -0.00121154 -0.000913981 -0.000523173 -0.000623912 -0.000846425 -0.000575511 -0.000785635 0.00166675 -0.000746261 -0.00151831 -0.00128854 -0.00126915 -0.00132283 -0.00269523 -0.000106393 -0.0011686 -0.000367565 -0.00101026 -0.00037978 -0.00110267 -0.000175711 -0.000645626 -0.0022841 -0.000175766 -0.00183581 -0.000397711 -0.000345026 -0.000911386 -0.00111832 -0.000482258 -0.00247592 -0.00102377 -0.00159192 -0.00183105 -0.00106542 -0.00161126 -0.00135764 5.77368e-06 -0.0013198 
-0.000265403 -0.00130213 -0.00060396 -0.00296946 -0.00035037 -0.000556869 -0.00146197 -0.000408932 -0.00171787 0.139559 -0.00289306 0.00105458 -0.000112062 -0.00507104 -0.00405409 -0.0043313 -0.00559603 -0.00940294 -0.00574086 -0.00329183 0.000708242 -0.0023277 -0.00242668 0.000723375 -0.00377226 -0.00381904 -0.0018125 -0.00586293 0.000440439 -0.00146502 -0.00321248 -0.000378459 -0.00186288 -0.0021405 -0.000257172 -0.00146505 -0.000921544 -0.00187805 -0.00205103 -0.00165484 -0.00269541 -0.000934586 4.10811e-05 -0.00170045 -0.000321642 -0.00218779 0.000156874 -0.000590265 -0.000288055 -0.000407057 -0.00081157 -0.00127804 -0.00231403 -0.000979384 -0.00121313 -0.00250674 -0.00114293 -0.000540954 -0.00166489 -0.000362496 0.000451483 -0.00150617 -0.000524961 -0.00143523 -0.00107984 -0.00201278 -0.00121657 -0.000263795 -0.000977363 0.00011292 -0.00150677 -0.000201013 -0.000932937 -0.00142717 -0.000303252 -0.00099474 -0.000453514 -0.00194267 -0.000374123 0.000278136 -0.000568649 -0.000172189 -0.00262597 -0.00215296 -0.00160051 -0.000492796 0.000301519 0.000395798 -0.000414406 -0.000620764 -0.00150206 -0.00158512 -0.00115571 0.000212239 -0.00190236 0.000310251 -0.00126342 -0.000402128 -0.00113785 -0.000618606 
-0.000665973 -0.00264899 -0.00210906 -0.0012178 -0.00147724 -0.0015259 -0.00140542 -0.00180497 9.3957e-05 -0.00289306 0.137707 0.00035914 -0.000889179 -2.3666e-05 -0.00203897 -0.00178827 -0.00417413 -0.00527813 -0.00145167 -0.0033598 -0.00562327 -0.00387345 -0.000527884 -0.00223233 -0.00339348 -0.00297218 -0.00306466 -0.00106241 -0.000998289 -0.00263832 -0.00365584 -0.00177626 0.000144094 -0.0018183 -0.000522557 -0.001004 -0.000873888 -0.00123235 -0.0012677 -0.000302891 -0.00154833 -0.00120297 -0.00153327 -0.00199289 -0.00279602 -0.000322028 -0.000316358 -0.00169795 -0.00155687 -0.00155463 -0.00144694 -0.000312142 -0.000796361 -0.000385266 -0.00175339 -0.00196225 -3.8627e-05 -0.000480871 -0.000616047 -0.00175186 -0.00155229 -0.000789793 0.000100267 -0.00164236 -0.00104752 -0.00146805 -0.000616937 -0.000501881 -0.000252756 -0.000720593 -0.00154618 5.53903e-05 -0.00118785 -0.00253832 -0.000355292 -0.00202455 -0.00148974 -0.000469637 -0.00117426 -0.00199919 0.000338138 -0.00118182 -0.000728964 -0.00103564 -0.000884081 -0.000976888 0.000162445 -0.00112424 -0.00106018 -0.000933391 -0.00129567 -0.00142528 -0.000873098 -0.00103832 -0.000579429 -0.00168285 -0.00173999 -0.00188562 -0.00145449 -2.57797e-05 
-0.00111027 -0.00117389 0.000210347 -0.00124892 -0.00198789 -0.00170237 -0.0021626 -0.00142016 -0.00153351 0.00105458 0.00035914 0.163862 -0.0002587 0.000246174 0.0025408 0.000464253 -0.00494751 -0.00469162 -0.00318554 -0.00401918 -0.00709329 -0.00410786 -0.0105904 -0.00155665 -0.010018 -0.00447016 -0.00424616 -0.00416542 -0.00114913 -0.00218628 -0.00259579 -0.00169529 0.00136839 -0.000599564 -0.00247398 0.000709269 5.69742e-05 -0.00179207 -0.00055473 -0.00157258 -0.00166799 -0.000868805 -0.000869578 -0.000656939 -0.00041261 -0.00118362 -0.00122796 -0.000993576 -0.00248187 -0.00203512 -0.00182403 -0.00169341 -0.00206612 -0.00124348 -0.00154554 -0.00158834 -0.000605434 -0.000648229 -0.00159982 -0.00030144 -0.0027357 -0.00232597 -0.00255584 -0.00166493 -0.00265432 -0.00129198 -0.00131306 0.000595894 -0.000734002 -0.00154784 -0.00156913 -0.000577331 -0.00208519 -0.00132698 -0.00225057 -0.000820755 -0.00168376 -0.00166764 -0.00194749 -0.000548121 -0.000237433 -0.00125174 -0.000798742 -0.00257306 -0.00240815 -0.00157915 -0.00158589 -0.000237674 -0.000523471 -0.000382347 -0.00107675 -0.00136283 -0.00129865 -0.000721862 7.40349e-08 -0.00103878 -0.00192211 -0.00193031 -0.00157643 -0.0018384 
-0.00185196 -0.00184329 -0.00527262 -0.00459779 -0.0031799 -6.89546e-05 -0.0010042 -0.00271954 -0.00219311 -0.000112062 -0.000889179 -0.0002587 0.199405 -0.00174375 -0.0033426 -0.00324448 -0.001351 -0.00590758 -0.000620042 -0.00137679 -0.00446758 -0.00433338 -0.00841562 -0.00313878 -0.00583175 -0.00178316 -0.00514005 6.57027e-05 -0.00474567 -0.00143168 -0.00551234 -0.00339683 -0.00304595 -0.00483728 -0.00531817 -0.00384206 -0.00404917 -0.00285565 -0.00368696 -0.00276342 -0.0013316 -0.000877257 0.000336017 -0.00457285 -0.00265295 -0.00086476 -0.000982237 -0.00155979 -0.00126645 -0.00169964 -0.00194828 0.000279182 -0.000708944 -0.00179184 -0.00158219 -0.00164143 5.41762e-05 -0.00279297 0.000309072 -0.000180544 -0.000303193 -0.0025069 0.00188697 0.000111744 -0.000553791 -0.000680126 -0.000641803 -5.5549e-06 -0.00315725 -0.000813003 -0.000360267 -0.00112685 -0.00364364 -0.00119792 -0.000255416 -0.00122963 -0.00159459 -0.00415759 -0.00165868 -0.00229736 7.50829e-05 -0.00223013 -0.00129484 -0.000902716 -0.00173805 -0.00182912 0.000273791 -0.00170462 -0.00210514 -0.00152586 -0.00222026 -0.00323641 -0.000945174 -0.00198261 -0.00153419 -0.000975508 -0.000430376 -0.00189454 -0.00189267 -0.0015438 
-0.00290769 -0.0028574 -0.00143522 -0.00168138 -0.00343472 -0.0016107 0.000320614 0.000657512 -0.000307502 -0.00507104 -2.3666e-05 0.000246174 -0.00174375 0.207037 -0.00255205 -0.00508349 -0.00335838 -0.00289432 -0.00200072 -0.00523417 -0.00380847 -0.0103991 -0.00520021 -0.00312389 -0.00382971 -0.0033808 -0.00140331 -0.0037437 -0.00422938 -0.00863618 -0.00282811 -0.00420291 -0.00426985 -0.00321041 -0.00360334 -0.00201286 -0.00501668 -0.000587596 -0.00211573 -0.000917205 -0.00171225 -0.00137113 0.000578142 -0.000287054 -0.00246374 -0.000279822 -0.00273943 -0.00206184 -0.00249153 -0.00123738 -0.00306969 -0.00152689 -0.00264494 -0.00153863 -0.000426732 -0.00100606 -0.000914923 -0.000226346 -0.000148673 0.00164212 -0.00107966 -0.00313316 -0.00124635 -0.00430963 -0.00287311 -0.00226564 -0.00180439 -0.00137286 -0.00131536 -0.00122059 -0.00147088 -0.000800291 -0.00231249 -0.000725239 4.99055e-05 -6.84077e-05 -0.00079639 0.00168054 -0.00291175 -0.00352441 -0.00177961 -0.00140373 -0.00218806 -0.00363424 -0.00195468 -0.00150057 -0.00363571 -0.00131441 0.00178124 -0.00315511 -0.00304773 -0.00315726 -0.00313256 -0.000562185 -0.000251887 -0.000660496 -0.000939499 -0.00198039 -0.00106245 -0.000539645 
-0.00125743 -0.00154854 -0.00125193 -0.00322983 1.62235e-05 -0.000522267 -0.00108132 -0.00427179 -0.00177928 -0.00405409 -0.00203897 0.0025408 -0.0033426 -0.00255205 0.226811 -0.00370439 -0.00228936 -0.00685426 -0.000293556 -0.00311123 -0.00933765 -0.00121598 -0.00359003 -0.00865445 -0.00581046 -0.00896799 -0.0122618 -0.00101557 -0.0025798 -0.00570962 -0.00394437 -0.00356266 -0.00330911 -0.000865867 -0.00346101 -0.0021936 -0.000315895 -0.00215062 -0.00152575 -0.00353493 -0.000879074 -0.00255737 0.000569405 0.000173444 -0.00259214 -0.00184407 -0.00129932 -0.000967109 0.000344731 -0.00217535 -0.00295902 -0.00116978 -0.00254998 0.000526865 -0.00173874 -0.00250658 -0.00210497 -0.00592317 -0.00437669 0.000466916 0.00127758 -0.00141946 -0.00177125 -0.00233728 -0.00197427 -0.00141397 -0.00112776 -0.00188349 -0.00195106 -0.00270032 -0.000993059 -0.00119863 -0.000434164 -0.00315564 -0.00272142 -0.00263429 -0.000836635 -0.00168519 -0.000913719 -0.00496348 -0.00263415 -0.00230318 -0.00105894 -0.00159495 0.000224235 -0.00339433 -0.00170466 -0.000776149 -0.00177068 -0.00216793 -0.00182638 -0.00230872 -0.000607636 -0.000783644 -0.00407199 -0.00130407 -0.0033405 -0.00234931 -0.000266579 0.000261129 
-0.00114086 -0.00175851 -0.00243523 -0.00166146 -0.00281629 8.90097e-05 -0.00209927 -0.00438283 -0.00336576 -0.0043313 -0.00178827 0.000464253 -0.00324448 -0.00508349 -0.00370439 0.237691 -0.00185856 -0.0021438 0.00132611 -0.00113952 -0.00407997 -0.00938208 -0.00701271 -0.00250237 1.23331e-05 -0.00815438 -0.0132937 -0.00453344 -0.0033967 -0.0032906 -0.00734049 -0.00571087 -0.00721988 -0.0047732 0.00186263 -0.00138377 0.000688347 -0.000769353 -0.00109282 -0.00120158 -0.00317501 -0.00210538 -0.00294244 -0.00172963 -0.00127043 -8.47935e-05 -0.00232756 -0.00114419 -0.0010404 -0.00492004 -0.00150633 -0.0023429 0.000772446 -0.00321849 -0.00546346 -0.00195155 -0.00237296 -0.00464041 -0.000747965 0.00014329 -0.00171092 -0.00243223 -3.47265e-05 -0.00236196 -0.000698808 -0.00482332 -0.00162566 -0.00133493 -0.00277968 -0.00126288 0.000137673 -0.00108243 0.000259231 -0.00283109 -0.00262786 -0.000954604 -0.00384796 -0.00237043 -0.00116783 -0.00148546 -0.0024721 -0.00237659 -0.000939133 0.000595297 -0.00229739 -0.00219067 -0.00298698 -0.00198064 -0.00284981 -0.000541737 -0.00203659 -0.00310456 0.000153108 -0.00161012 -0.00300101 -0.00109648 -0.00164227 -0.00279822 -0.00198061 -0.00178126 
-0.00404612 -0.00377737 -0.00113095 -0.0019303 -0.00611422 -0.000456256 -0.00154475 -0.000895759 -0.00335322 -0.00559603 -0.00417413 -0.00494751 -0.001351 -0.00335838 -0.00228936 -0.00185856 0.239303 -0.00262895 -0.0074451 -0.00669693 -0.00399964 -0.000263309 -0.00766523 -0.00666831 0.00243093 0.000977931 -0.0042733 -0.00625071 0.000313279 -0.00318624 -0.00105665 -0.00377416 -0.00202427 -0.00249083 -0.00202979 -0.000686973 -0.0045018 -0.00253407 -0.00294075 -0.00312099 -0.00121853 -0.00338783 -0.00139242 -0.0036635 -0.000348714 -0.00414009 -0.00254322 0.000172908 -0.00292952 -0.00179674 0.00059555 -0.00246298 -0.00272241 -0.00167547 -0.00336488 -0.00225312 -0.00253345 -0.0027792 -0.00254606 -0.0041412 -0.0022046 -0.00275785 -0.00209084 -0.00242039 -0.00126832 -0.00539965 -0.00286872 -0.00321657 -0.000847715 -0.00217088 -0.00197371 -0.00230959 -0.000680513 -0.00172704 -0.00240034 -0.00180008 -0.00277879 -0.00259424 0.000243555 -0.00301264 -0.00125988 -0.00244177 -0.00259024 -0.00298074 -0.00148535 0.000363527 -0.00100304 -0.00133888 -0.0011835 -0.00123335 2.1214e-05 -0.00208853 0.000739234 -0.00357813 -0.00202737 -0.00205053 -0.00256307 -0.00239269 -0.00136721 -0.00209353 
-0.00339628 -0.0015164 -0.00338299 -0.00149359 -0.00424075 -0.00218021 -0.00326946 -0.00339314 -0.0047439 -0.00940294 -0.00527813 -0.00469162 -0.00590758 -0.00289432 -0.00685426 -0.0021438 -0.00262895 0.249754 0.00343815 -0.0044035 -0.00595558 -0.00178712 -0.00329352 -0.0091194 0.0063156 -0.00549071 -0.00984557 -0.00328894 -0.00521236 -0.00501071 -0.00128131 -0.00137668 9.49277e-05 -0.00438677 -0.00345583 -0.00197237 -0.00306534 -0.000403 -0.000444171 -0.00139758 -0.00247887 -0.00306763 -0.00188834 4.91667e-05 -0.00465457 -0.00228417 -0.00268117 -0.00333914 -0.000744379 -0.000859544 -0.0028533 -0.000565206 0.000959517 -0.00166806 0.00104826 -0.00430758 -0.0011164 -0.00281106 -0.000267254 -0.00145317 -0.00256245 -0.00363281 0.00198086 -0.00368792 6.59027e-05 -0.00416246 -0.00318892 -0.00431809 -0.00237308 -0.00346867 -0.00172705 -0.00338665 -0.00242254 -0.0023927 -0.00260404 -0.00228416 -0.00359195 -0.00208167 -0.00192955 -0.00293963 0.000324119 -0.00194854 0.000169899 -0.00105084 -0.00137133 -0.00173572 -0.00408049 -0.00333014 -0.0021217 -0.00386467 -0.00128443 -0.000354241 -0.000104787 -0.00217832 -0.00176303 -0.00124123 -0.00187313 -0.000942514 -0.00449725 -0.00205509 
-0.000125194 -0.0010164 -0.00505427 -0.00146812 -0.000588925 -0.00265195 -0.00279675 -0.00355389 -0.00481088 -0.00574086 -0.00145167 -0.00318554 -0.000620042 -0.00200072 -0.000293556 0.00132611 -0.0074451 0.00343815 0.248897 0.00575468 -0.00212976 -0.00697786 -0.0117934 -0.0189132 -0.0082982 -0.00736087 -0.00562896 -0.00595884 -0.00260984 -0.00928668 -6.70449e-06 -0.00219172 -0.00290674 -0.00274537 -0.00412384 -0.00124916 -0.00352701 -0.00330233 -0.000351133 -0.00113535 -0.000265816 -0.00116539 -0.00296362 -0.00309793 -0.00323245 -0.00218786 -0.000723005 -0.00156082 0.000796375 -0.000843619 -0.000577088 -0.00129196 -0.00100884 -0.00117286 -0.00126053 -0.00331025 0.000218672 0.00131608 -0.00285776 -0.00437692 -0.00127846 -0.00157157 -0.00471334 -0.00322911 -0.000401239 -0.00304625 -0.00242083 -0.00429814 -0.00294719 -0.00160823 -0.000533004 -0.000620356 -0.00206263 -0.00128687 -0.00337922 -0.00169245 -0.000448247 -0.000262214 -0.00135696 -0.0016478 -0.000373865 -0.00306577 -0.00274072 4.38256e-05 -0.001993 -0.00324553 -0.00382689 -0.00294446 -0.00366542 -0.00335851 -0.00161521 -0.00410492 -0.00360564 -0.00119389 -0.00295788 -0.00123252 -0.0023539 -0.00195501 -0.00142775 -0.00212867 
-0.000612445 -0.00259098 -0.0019113 -0.00304545 -0.00235203 5.95433e-05 -0.00525168 -0.00463647 -0.00139605 -0.00329183 -0.0033598 -0.00401918 -0.00137679 -0.00523417 -0.00311123 -0.00113952 -0.00669693 -0.0044035 0.00575468 0.244851 -0.00243032 0.000407362 -0.00140917 -0.00400912 -0.00456795 -0.00818452 -0.00688802 -0.0122153 -0.00254179 -0.00551655 0.000914801 -0.00381022 -0.00126364 0.000437721 -0.00418608 -0.00323119 -0.00294726 -0.000638395 -0.00362362 -0.00365312 -0.00147311 -0.00113129 -0.00318657 0.000165598 0.00126148 -0.00193505 -0.00166863 -0.00195116 -0.00295487 -0.00064967 -0.00178318 -0.00311582 -0.00293896 -0.00172719 -0.00178201 -0.000669697 -0.00468938 -0.000678912 -0.00212276 -0.00309628 -0.000564573 -0.00113127 -0.00385682 -0.00421935 -0.0027067 0.000141077 -0.00284805 -0.00155687 -0.00258989 -0.000948319 -0.00249448 -0.00278326 -0.00347251 -0.000586295 -0.00130257 -0.00168838 -0.00087269 -0.000664333 -0.00549049 -0.00270921 -0.00197654 -0.00378782 -0.00167107 -0.00193534 -0.00147282 -0.00339341 -0.000523213 -0.00403503 -0.00358541 -0.00022981 -0.00185967 -0.00149441 -0.00207343 -0.00269764 -0.00455228 -0.0021185 -0.00155574 -0.00242853 -0.00287824 -0.00413785 
-0.00203215 -0.0013904 -0.00216609 -0.00741118 0.00123188 0.000202094 -0.00141721 -0.00418297 -0.00286009 0.000708242 -0.00562327 -0.00709329 -0.00446758 -0.00380847 -0.00933765 -0.00407997 -0.00399964 -0.00595558 -0.00212976 -0.00243032 0.247539 -0.00353296 -0.00480845 0.000198991 -0.0156128 -0.00570446 -0.00354014 -0.00501204 -0.00740943 -0.000610968 -0.00142184 -0.00149735 -0.004018 -0.00446929 -0.000768288 -0.00337574 -0.00160431 -0.00293123 -0.00214254 -0.000328255 3.66954e-05 -0.00170446 -0.00160372 -0.00363803 -0.0032942 -0.00543185 -0.000880409 -0.00322952 -0.000656336 -0.00396182 -0.00119072 -0.00601444 -0.00191881 -0.00328014 -0.000912001 -0.00178221 -0.00288484 -0.00152449 0.000854845 0.00135135 -0.00129097 -0.00117811 -0.000641992 -0.00201238 -0.000741382 0.00154496 0.000192891 -0.00495877 -0.00200692 -0.00339668 -0.000738529 -0.00264705 0.000117457 -0.00136536 -0.000617005 -0.0030146 -0.00212157 -0.00371761 -0.00335583 -0.0012696 -0.00337774 0.000467856 -0.00153074 -0.000195317 -0.00260496 0.00106367 -0.000885903 -0.00336749 -0.000868612 -0.00249787 -0.00152865 -0.00351229 -0.00355052 -0.00273679 -0.0022028 -0.00335543 -0.00168748 -0.00021768 -0.00150315 -0.00173047 
-0.000352666 -0.00475934 -0.00382794 1.6993e-05 -0.00249788 -0.00620441 -0.00134861 -0.00451372 -0.00580345 -0.0023277 -0.00387345 -0.00410786 -0.00433338 -0.0103991 -0.00121598 -0.00938208 -0.000263309 -0.00178712 -0.00697786 0.000407362 -0.00353296 0.249157 -4.11187e-05 -0.00269764 -0.00991804 -0.00539158 -0.00392929 -0.00820103 -0.00584277 0.00067635 -0.00428658 -7.58755e-05 -0.00337813 0.00245013 0.000421341 -0.00181267 0.000205685 -0.00287644 -0.00222141 -0.00228304 -0.000555983 -0.00338191 -0.000891459 -0.00178572 -0.000654075 -0.00340862 -0.000945956 -0.0019217 -0.00189472 -0.00135046 -0.00315654 -0.00482742 6.18256e-05 -0.00263752 -0.00159841 -0.00131755 -0.00170268 -0.00511452 -0.000732384 -0.00116294 -0.0021849 -0.0013941 -0.00216928 -0.00256947 -0.00213668 -0.000944628 -0.00397974 5.29267e-05 -0.0022658 -4.29911e-05 -0.000998119 -0.00240138 -0.00275576 -0.00223533 -0.00129215 -0.001263 -0.00198722 -0.00147269 -0.00170657 -6.39925e-05 -0.00216517 -0.00108767 -0.00644397 -0.00155061 -0.00108977 -0.00216316 -0.00248224 -0.000402085 -0.00103404 -0.000948977 -0.00489953 -0.00325835 -0.00249633 -0.002732 -0.00295479 -0.00398453 -0.00223454 -0.00346416 -0.00130788 -0.00338111 
-0.0024926 -0.00287408 0.00206012 -0.00290185 -0.00248918 -0.00436873 -0.000831832 -0.00785374 -7.14419e-05 -0.00242668 -0.000527884 -0.0105904 -0.00841562 -0.00520021 -0.00359003 -0.00701271 -0.00766523 -0.00329352 -0.0117934 -0.00140917 -0.00480845 -4.11187e-05 0.249895 -0.00287475 0.00188393 -0.0036184 -0.00185726 -0.0042902 -0.00684508 -0.00606352 -0.00288938 -0.00150315 -0.00576877 -0.00658046 0.000284246 -0.000880252 -0.00152248 -0.000479907 -0.000478074 -0.000771723 -0.0013489 -0.00189848 -0.00270107 -0.00167089 -0.0030594 -0.00122933 -0.00125755 -0.00316027 -0.00312616 0.000955329 -0.000432314 -0.00375215 -0.00254606 -0.000997403 -0.00502017 -0.00221082 -0.00158981 -0.00146611 -0.00239254 -0.003911 -0.00138525 -0.00198059 -0.00086581 -0.00295039 -0.00266893 -0.00118955 -0.00122351 -0.00170764 -0.0025445 -0.00113552 -0.00222294 -0.00119485 -0.00268873 -0.00200042 -0.002161 -0.0037266 -0.00179418 -0.00249825 -0.00143481 -0.00341427 -0.00177189 -0.000108285 0.000117171 -0.00416365 -0.00292641 -0.00151791 -0.0022258 0.000225269 -0.0021407 -0.00199378 -0.00212653 0.000479116 -0.00174261 -0.00294531 -0.00335774 -0.000681623 -0.000713502 -0.00311462 -0.00151203 -0.00121831 
-0.00152671 -0.00198995 -0.00346337 -0.0043837 -0.0047686 -3.67469e-05 -0.00411309 -0.00331828 -0.000680172 0.000723375 -0.00223233 -0.00155665 -0.00313878 -0.00312389 -0.00865445 -0.00250237 -0.00666831 -0.0091194 -0.0189132 -0.00400912 0.000198991 -0.00269764 -0.00287475 0.241845 -0.00761936 0.00112217 -0.00969129 -0.00107523 -0.010687 -0.0019259 -0.00391935 -0.00491075 0.000815385 -0.000806052 -0.000934881 -0.00328421 -0.00144382 -0.000808549 -0.00409193 -0.00159467 -0.00148769 -0.00360488 -0.00350298 -0.00420386 -0.000726877 -0.00114799 -0.00130071 -0.00147497 -0.0014417 -0.00390906 -0.00118799 -0.000238446 -0.0029803 -0.00154001 -0.00222393 -0.00180759 -0.00335774 -0.000694666 -0.0030335 -0.00284416 -0.00204106 0.00144522 -0.00111582 -0.000226468 -0.00281186 -0.00355181 -0.00314091 -0.00331462 -0.000173233 -0.00147939 -0.00169435 -0.00188985 -0.00369653 -0.000144062 -0.00189322 -0.00230162 -0.00270246 -0.00315204 -0.000161948 -0.000328134 -0.00137487 -0.000577503 -0.000561663 -0.00168303 -0.0006295 4.71959e-05 -0.000528911 -0.00197248 -0.00267735 -0.00158857 -0.00162186 -0.00192411 -0.00156962 -0.0010153 0.000760465 -0.00155042 -0.001281 -0.00246226 -0.00227034 -0.000576264 
-0.0023085 -1.6094e-05 -0.00532312 0.000464793 -0.00455099 -0.00375827 0.00165275 -0.00437258 -0.00356551 -0.00377226 -0.00339348 -0.010018 -0.00583175 -0.00382971 -0.00581046 1.23331e-05 0.00243093 0.0063156 -0.0082982 -0.00456795 -0.0156128 -0.00991804 0.00188393 -0.00761936 0.248055 -0.0007212 -0.00445554 -0.00184993 0.00558723 -0.00106625 -0.00123412 -0.00413168 -0.000420932 -0.00616058 -0.00480241 -0.00322134 -0.00284703 -0.00353272 -0.00141772 -0.0036367 -0.00446684 -0.001581 -0.000697938 0.000822968 -0.00191834 0.00178311 -0.00383877 -0.000452856 -0.00146707 -0.00112992 -0.00146384 -2.75432e-05 -0.00221597 -0.00261952 -0.00282029 -0.00213285 -0.00151852 -0.00341686 -0.0059135 -0.00317335 -0.00248588 -0.00637926 -0.00360951 -0.00175936 -0.00231138 -0.00204995 -0.00220555 -0.00226325 -0.00100003 -0.00315625 -0.0015495 -0.00230347 -0.00427773 -0.00222026 4.1393e-05 -0.00285838 -0.0021752 -0.00163668 -0.00397363 -0.00380304 -0.00257679 -0.00293506 -0.00255068 -0.00292184 -0.00131096 -0.00160658 -0.00369616 -0.0014413 -0.00096898 -0.00187399 -0.000665714 -0.00101042 -0.0030512 -0.00263813 -0.00101131 -0.000343547 -0.000332247 -0.00146156 -0.00173186 1.659e-05 
-0.00299315 -0.00119005 -0.00252109 -0.000684405 -0.000920025 -0.0030615 -0.00432081 -0.00289613 -0.00205483 -0.00381904 -0.00297218 -0.00447016 -0.00178316 -0.0033808 -0.00896799 -0.00815438 0.000977931 -0.00549071 -0.00736087 -0.00818452 -0.00570446 -0.00539158 -0.0036184 0.00112217 -0.0007212 0.22965 0.00392144 -0.00336099 -9.71543e-05 0.00263824 -0.00295487 -0.00348597 -0.00603976 -0.00538154 -4.13201e-05 -0.00169156 -0.00118851 -0.00382706 -0.00259304 0.000352674 -0.00455901 -0.00150017 -0.00247764 -0.00333408 2.60139e-05 -0.00210612 -0.00198726 -0.000470203 -0.00330097 0.000355984 -0.00179305 -0.00307591 -0.00159226 -0.00128451 -0.000824144 0.0011238 -0.00339141 -0.00170368 -0.00109258 -0.00342381 -0.00297206 -0.0018953 -0.00365025 -8.99635e-05 -0.00138945 -0.00284815 -0.00148944 -0.000568904 -0.00286141 -0.00315761 -0.00161007 -0.00220445 -0.00235364 -0.00190567 -0.00145152 -0.00415343 -0.00397333 -0.00238591 0.000142508 -0.00228451 -0.00306149 -0.00173828 -0.00146324 -0.00350904 -0.00110709 -0.00161708 -0.00278023 -0.00149196 -0.00212112 -0.00110431 -0.00196659 -0.00223743 -0.00238236 -0.000416108 -0.00125904 -0.000863417 -0.0015694 -0.000886247 -0.00352995 -0.00272141 
-0.0017617 -0.000974689 0.000239406 -0.000242323 -0.00331445 -0.00250682 -0.00327203 -0.000386162 -0.00401035 -0.0018125 -0.00306466 -0.00424616 -0.00514005 -0.00140331 -0.0122618 -0.0132937 -0.0042733 -0.00984557 -0.00562896 -0.00688802 -0.00354014 -0.00392929 -0.00185726 -0.00969129 -0.00445554 0.00392144 0.222143 -0.000721468 0.000471438 0.00227085 -0.00252425 -0.00192939 -0.00473937 -0.00278449 -0.00120161 -0.000386517 -0.00396074 -2.79504e-05 -0.001854 -0.00116309 -0.00216333 -0.000574556 8.92147e-05 -0.00157692 0.000667541 -0.00167884 -0.00148329 -0.00172118 -0.000385944 -0.000255001 -0.00166641 -0.00247518 -0.00244433 -0.000893183 -0.0014373 -0.00259729 -0.00222359 0.00039826 -0.00363033 -0.00188167 -0.000746476 -0.0013475 -0.00175158 -0.00213659 -0.000889132 0.000783988 -0.00210418 -0.00304947 -0.00132641 -0.00275047 -0.00384267 -0.000977937 -0.0020583 -0.000356983 -0.00232627 -0.0027166 -0.00241793 -0.00261482 -9.58958e-05 -0.000186796 0.000393645 -0.00052549 -0.00288218 -0.00223687 2.0072e-05 -0.00130874 -0.00155638 -0.0026184 -0.000949341 -0.00374382 -0.00243311 -0.0023619 -0.00187376 -0.0025471 -0.00192908 -0.00296708 -0.00192365 -0.00165252 -0.00345949 -0.00255277 
-0.00103282 -0.00188535 -0.00189722 -0.000693846 -0.0021795 -0.00163358 0.000246209 -0.00254987 0.000646474 -0.00586293 -0.00106241 -0.00416542 6.57027e-05 -0.0037437 -0.00101557 -0.00453344 -0.00625071 -0.00328894 -0.00595884 -0.0122153 -0.00501204 -0.00820103 -0.0042902 -0.00107523 -0.00184993 -0.00336099 -0.000721468 0.201998 -0.00432485 -0.00298781 -0.000321743 -0.00161727 -0.000944952 -0.00270275 -0.00154316 -0.00256979 -0.00263844 -0.00164714 -0.0013215 -0.00199541 -0.00193319 -0.00231857 0.000148335 -0.00284957 -0.00158937 -0.00108124 -0.00141217 -0.00158125 -0.00230945 -0.000680549 -0.00230081 -0.000429064 0.000110791 -0.00247636 -0.00204183 -0.00146785 -0.000992966 -0.000848056 -0.000931903 -0.00326563 -0.00256621 -0.00226095 -0.00256607 -0.000539439 -0.00252611 -0.00115129 -0.000280048 -0.0010936 -0.000735802 -0.00287704 -0.00440837 -0.00218483 -0.000988865 -0.00250293 -0.000687517 0.000150184 -0.00111846 -0.00207638 -0.0033931 -0.000526985 -0.000453735 -3.27869e-05 0.000154716 -0.00110327 -0.00182607 -0.00335494 -0.00120474 -0.00276064 -0.00271638 -0.0032826 -0.00106345 -0.000106658 -0.000921989 -0.00245822 -0.000146223 -0.00251036 -0.00178796 -0.00194256 -0.000694477 -0.00106424 
-0.00240794 -0.00242713 -0.000486183 -0.00128098 8.86244e-05 -0.00148517 -0.0016052 0.000440866 -0.00234405 0.000440439 -0.000998289 -0.00114913 -0.00474567 -0.00422938 -0.0025798 -0.0033967 0.000313279 -0.00521236 -0.00260984 -0.00254179 -0.00740943 -0.00584277 -0.00684508 -0.010687 0.00558723 -9.71543e-05 0.000471438 -0.00432485 0.174194 -0.00333805 -0.00238545 -0.000981027 -0.00123711 -0.00271427 -0.00419831 -0.000870453 0.000824065 -0.00253909 -0.0025522 -0.00190594 -0.00299863 -0.00114618 -0.000711423 -0.00283205 -0.00294339 -0.00221951 -0.00227786 -0.000250181 -0.00137094 -0.00286619 -0.00145289 -0.00101855 -0.00173929 -0.000972732 -0.00141925 0.000250895 -0.000956154 -0.00124796 -0.000720012 -0.00251825 -0.00146309 -0.00186987 -0.00303675 -0.000602564 -0.000242841 -0.00307797 -0.00127846 -0.00416942 -0.000222732 -0.000975457 -0.0012761 0.000588018 -0.00392453 0.000549244 -0.00217613 -0.00283724 -0.001322 -0.00103693 6.95541e-05 -0.00207128 -0.000707041 -0.00313096 -0.00263641 -0.000807963 -0.000761081 -0.00126575 -0.00116692 0.000475352 -0.0015196 -0.00198591 -0.00146979 -0.00213603 -0.00132471 2.9972e-05 -0.000649724 -0.00123431 -0.00120068 0.00109325 -0.000726264 -0.00202087 
-0.000227271 -0.00335005 -0.00336516 -0.00114427 -0.000985171 -0.00162828 -0.00179127 -0.000423892 -0.00273021 -0.00146502 -0.00263832 -0.00218628 -0.00143168 -0.00863618 -0.00570962 -0.0032906 -0.00318624 -0.00501071 -0.00928668 -0.00551655 -0.000610968 0.00067635 -0.00606352 -0.0019259 -0.00106625 0.00263824 0.00227085 -0.00298781 -0.00333805 0.167035 -0.000805447 -0.0022816 -0.00437229 -0.000494382 -0.0045509 -0.00129856 -0.00125202 -0.00112981 -0.00305461 -0.000683144 -0.000948852 -0.001541 -0.00103639 -0.00206147 -0.00117926 -0.001137 -0.00114066 -0.000567107 -0.00206228 -0.000997762 0.000790032 -0.00081972 -0.00138571 -0.00143881 -0.000121327 0.000963862 -0.00102464 -0.00132795 -0.00119882 -0.00188156 -0.00179063 -0.000998197 -0.000753543 -0.000482886 -0.00182386 -0.0011304 -0.00156126 -0.00340474 -0.00190046 -0.00192393 -0.00360481 -0.000277753 -0.000926751 -0.00254554 -0.000925837 -0.00148763 -0.000523536 -0.00118871 0.000227809 -0.00322421 -0.000638828 -0.000668586 -0.00187517 -0.000839472 -0.00217677 -0.00118585 -0.000996689 -0.00118573 -0.000343487 -0.000121391 -0.00160475 1.48214e-05 -0.000996921 -0.000884502 0.000148907 -0.00232235 -0.00190906 0.000456413 -0.00213119 -0.00307751 
-0.00231543 -0.00133039 -0.00143374 -0.00141715 -0.00163949 -0.00162513 -0.00317407 -0.00297232 -0.0021852 -0.00321248 -0.00365584 -0.00259579 -0.00551234 -0.00282811 -0.00394437 -0.00734049 -0.00105665 -0.00128131 -6.70449e-06 0.000914801 -0.00142184 -0.00428658 -0.00288938 -0.00391935 -0.00123412 -0.00295487 -0.00252425 -0.000321743 -0.00238545 -0.000805447 0.15475 -0.000692061 0.000207811 -0.00253955 0.0010443 -0.000819587 -0.0025244 -0.000901729 -0.00285256 -0.00167124 -0.00161128 -0.000495478 -0.00256972 -0.0014285 -0.00142379 -0.000377245 -0.000831853 -0.00224085 -0.0016475 -0.00239906 -0.00167702 -0.00205961 -0.00255172 -0.000146744 -1.18947e-05 -0.00133781 -0.00125048 -0.000921107 -0.000969742 -0.0014919 -0.0011634 0.000258723 -0.000668445 -0.000834932 -0.00040398 -0.000714013 -0.00190649 -0.000235862 -0.00125749 -0.00201628 -0.00202174 -0.0019593 0.000439683 1.81845e-06 -0.000711863 -0.000199498 -0.00203893 -0.00188954 -0.00125374 -0.00157122 -0.00197548 -0.00138818 -0.0020492 -0.00155225 -0.00222692 -0.0011267 -0.000242994 0.000199634 -0.000767875 -0.00133016 -0.000634726 -0.000195382 -0.00110728 -0.00169839 -0.000979603 -0.000756315 -0.00135815 -0.00240787 -0.000555372 -0.00290301 
-0.000664478 -0.00178856 -0.000847707 -0.00151818 -0.00108519 -0.000656341 -0.000938305 0.000439957 -0.00115083 -0.000378459 -0.00177626 -0.00169529 -0.00339683 -0.00420291 -0.00356266 -0.00571087 -0.00377416 -0.00137668 -0.00219172 -0.00381022 -0.00149735 -7.58755e-05 -0.00150315 -0.00491075 -0.00413168 -0.00348597 -0.00192939 -0.00161727 -0.000981027 -0.0022816 -0.000692061 0.106014 -0.00064325 -0.000208762 0.000277898 0.000612837 -0.000457474 -0.000338353 -0.000863003 -0.000831404 -0.00091676 -0.000577343 -0.000827703 -0.00122594 -0.00163657 -0.00154848 -0.0014211 -0.000311214 -0.000500536 8.24716e-05 -0.0010015 -0.000246008 -0.00138837 -0.00063692 -0.000733205 -0.000103659 1.37419e-05 -0.000961853 -0.000970724 -0.00137854 -3.0489e-05 -0.000267707 0.000581817 -0.000650245 -0.00145943 -0.000971355 -0.00145619 -0.00164908 -0.000873636 -0.00088959 0.000212245 -3.97516e-06 -0.00144665 -0.0010481 -5.38844e-05 -0.000665084 -0.000948133 0.000112183 0.000337452 -0.000146187 -0.000264911 -0.00041989 -0.000860651 -0.000378058 -0.00118552 -0.000711689 -0.000427089 -0.000165451 -0.00148573 -0.000729782 -0.000989839 -0.00126811 -0.00113468 0.000391188 -0.000767379 -0.000886514 -0.000273674 -0.000695406 -0.000623778 0.0001122 
