0.0828905 -0.000808608 -0.000512867 -0.000827889 -0.000529192 1.26038e-05 0.000845641 -0.000675031 -0.00116656 -0.00154398 -0.00216566 -0.00140323 -0.00177358 -0.00322871 -0.00398381 -0.000860504 -0.00266487 -0.0035586 -0.00160532 0.000766281 -0.00271809 -0.00248824 -0.00420587 -0.00375547 -0.00125673 5.33492e-05 -0.0011071 0.000912817 -0.000308627 1.28663e-05 -0.000288136 -0.00175069 -0.000929314 -0.00180282 -0.00131158 0.000106386 -0.000744473 -0.000404478 -0.000580055 -0.00102233 -0.00076148 -0.000324691 -0.000750398 -0.000671433 -0.000542851 -0.000757764 -0.000760703 -0.000804496 -0.000634931 -0.000426142 -0.000774831 -0.000138258 -0.000266985 -0.000623529 -0.000734805 -0.000128774 -0.000371145 -0.000613092 -0.000386254 -0.000581624 -0.000823311 -0.000702415 -5.5217e-05 -0.000481787 -0.000447471 -0.00110912 0.000499067 -0.000413132 -3.52831e-05 -0.000739549 -0.000119862 -0.000765566 -0.00052267 -0.000255423 -0.000408225 -0.0016948 -0.000375414 2.32307e-06 -0.00135108 -0.000142617 9.17256e-05 -0.0010289 -0.00106242 -0.000293248 -0.000572129 -0.000754079 -0.000738184 -0.001113 -0.000400888 -0.00131388 -0.000289794 -0.000450105 -0.000677841 -0.000670053 -0.000799426 -0.00077309 0.000522102 -0.000769553 -0.000689987 -0.000839559 
-0.000808608 0.0815005 -0.000201327 -0.00107181 -0.000620331 -0.000516575 -0.00035852 0.000149272 -0.00046604 -0.00179409 -0.000532569 -0.000324657 -0.00202657 -0.000597704 -0.00111957 -0.00131807 -0.00430614 -0.000812054 -0.00487891 -0.000290515 -0.00197405 -0.000783352 -0.00232699 -0.00368531 -0.000626583 -0.000736359 -0.00188093 -0.00142509 -0.00265379 -0.000890508 -0.00135022 -0.000808326 -0.00146118 -0.00162912 -0.000538179 8.69828e-05 -0.000116777 -3.92263e-05 0.000402625 -0.000649522 0.000317765 -0.00120713 -0.000551416 -0.000656423 -0.000417882 -0.00128914 -0.00103925 -0.000570463 -0.000250604 -0.00109834 -4.48991e-05 -0.00107518 -0.000200717 -0.000120086 -0.000220334 -0.00161306 -0.00056394 -0.000719211 -0.000902672 -4.56803e-05 -0.000517969 -0.000100725 -0.000869262 -0.00117025 -0.000558269 -0.000809678 -0.000103444 -0.000585372 -0.00134499 -0.000669096 -0.000267883 -0.000656326 -0.00157071 -0.00106778 -0.000933538 -0.00191969 -0.00023667 -1.5111e-05 -0.00054756 8.14226e-05 -0.000644194 -5.75404e-05 -0.000916505 -0.00110029 -0.000104168 -0.000917975 -0.000223294 -0.00105988 -0.000669722 -0.000226278 -0.000540806 0.000220072 -0.000596999 -0.000786671 -0.000957487 -0.00030051 -0.000535517 -0.000502311 -0.000112699 -0.000355508 
-0.000512867 -0.000201327 0.0749959 -0.00097103 0.000527326 0.000292434 0.000370781 -0.000567463 -0.000360142 -0.00067877 -0.00158473 -0.00183418 -0.000800493 -0.00102441 0.000310956 -0.00291131 -0.00103412 -0.00202626 -0.000971662 -0.00251715 -0.00113686 3.9652e-05 -0.00164592 -0.00077375 -0.00391648 -0.00375 -0.00288908 -0.00158644 -0.00183459 -0.000978356 -0.000553215 -0.00146467 -0.000639236 -0.00136188 -0.000367465 -0.00141665 -0.00054571 -0.000693328 -0.000820317 -0.000983214 -0.000570874 -0.000933759 -0.000568385 -0.00127294 -0.000584681 -0.00115762 4.74637e-05 -0.000603233 -0.000381529 -0.000552213 -0.000803456 -0.000456022 -0.000856065 0.000417533 -0.00077765 -0.00079991 -0.00078773 -0.000373879 -0.00040693 -0.000690821 -0.000909216 -0.00101436 0.000194175 -0.000971597 -0.00070199 -0.000502887 -0.000246515 5.56461e-05 -0.000886772 -9.41236e-05 -0.000416567 -0.00039554 -0.00034038 -0.000504164 -0.000709187 -0.000869972 -0.000212863 -0.00059152 -0.000955344 -0.000810274 -0.000378052 -0.000795708 -0.000112839 -0.000345196 -0.000636047 -0.000465276 -0.000556661 0.000306499 -0.00119593 -8.88372e-06 -0.000741256 -0.000936279 -0.000583634 -0.000907333 -0.00059905 -8.26525e-05 -0.000463605 -0.000121142 0.000264264 0.000170951 
-0.000827889 -0.00107181 -0.00097103 0.0899175 -0.00103845 0.000187956 -0.00110588 -0.000178206 -0.000125888 -0.000995203 -0.0017615 -0.000885555 -0.00148994 0.000407566 -0.000702518 -0.00204623 -0.0018557 0.000568563 -0.0042689 -0.00357584 -0.000799991 -0.0038251 -0.00240501 -0.00475362 -0.00124711 -0.00026822 0.000745211 -0.00103649 -0.00247741 -0.00267241 -0.00163967 -0.00139831 -0.000894326 -0.00046629 -0.000769117 -0.000464637 0.000105831 -0.00127482 0.000254656 -0.000799342 -0.000960907 -0.000554728 0.000406394 -0.000614433 -0.00042072 -0.00188477 -0.000538997 -0.00157588 -0.000320037 -0.000802912 -0.001042 -0.000130893 -0.000652309 -0.000911918 -0.00117434 -0.000206714 -0.000394449 -0.00033728 -0.000313121 -0.000408955 -0.000872248 -0.0014406 -0.00118239 -0.00122686 5.95661e-05 -0.000900411 -0.000626535 -3.20626e-05 -0.000364846 -0.00130508 -0.00109513 -0.00103958 -0.000982269 0.000211994 -0.00067691 -0.00101382 -0.000631978 -0.000641616 -8.46148e-05 -0.00131948 -0.000912395 -0.000937629 0.000731622 -0.00111868 -0.000170296 -0.000857419 -0.00163651 -0.000701952 -0.00127686 -0.000419605 -0.000138344 -0.00105366 -0.000493294 -0.000634393 -0.000155215 -1.47023e-05 -3.439e-05 -0.00194079 -0.00189005 -0.00043645 
-0.000529192 -0.000620331 0.000527326 -0.00103845 0.0822669 -0.000260917 0.000218905 -0.00027687 -0.00096272 0.000773537 -0.0007711 0.000247041 -0.00129148 -0.00142401 -0.00112286 -0.00225303 -0.00291937 -0.00173701 -0.00275989 -0.00052293 -0.00266997 -0.00217108 -0.00135828 -0.00173925 0.00074679 -0.00584114 -0.00132495 -0.00191579 -0.0028539 -0.00114524 -0.00167911 -0.000950626 -0.00183282 -0.000276438 -0.000593056 -0.000661081 0.000419366 -0.000519929 -0.00135271 -0.000227338 -0.000911149 -0.000577069 -9.71897e-05 -0.000467681 0.000413753 -0.000339812 -0.000366391 -0.000675988 -0.000129817 -0.000855573 -0.000729353 -0.0015801 -0.000611641 -0.000992066 -0.000850747 -0.00122397 -0.000805707 -0.000499408 -0.000441227 -0.000581757 -0.00106966 -0.00111697 6.62122e-05 -0.000303759 -0.00118385 -0.00153061 -0.000133306 -5.31686e-05 -0.000262835 -0.000904256 0.000520424 0.000520698 -0.000567396 -0.000985516 -0.000588127 8.08221e-05 -0.00092452 -0.000152369 -0.00012265 -7.83241e-05 0.000224149 -0.000506191 -0.00111398 -0.00112712 -0.000290668 -0.00168567 -0.000421007 -0.000777929 -0.000986789 -0.00123206 -0.000887418 -0.000322954 -0.000944368 -0.00132939 -0.000794183 -0.000560823 -0.000861856 -0.00111407 -0.000739471 -0.00101318 
1.26038e-05 -0.000516575 0.000292434 0.000187956 -0.000260917 0.091775 -0.00114353 -0.000625762 -0.00132861 -0.000154264 0.000778979 -0.00181591 -0.000907269 -0.00170785 -0.00241967 -0.00280619 -0.00192896 -0.00340362 -0.0029496 -0.00349639 -0.00267688 -0.000155874 -0.00366915 -0.00232042 -0.00189782 -0.00152465 -0.00105755 -0.00230645 -0.00184372 -0.000790799 -0.000498451 -0.00196255 -0.00123595 -0.00086937 -0.000841258 -0.00122406 -0.000900972 -0.000160716 -0.000310807 -0.000360069 -0.00106032 -0.00100426 0.000347413 -0.000775116 -0.000640338 -0.000783638 0.000832305 -0.00146659 -0.000384034 0.000121238 -0.000559647 -0.000612759 -0.000625753 -0.000575662 -0.000516014 -0.00113214 -0.000527708 -0.00108106 -5.47078e-05 -0.000647699 -0.000912175 -0.00145467 -0.000351371 -0.000673808 -0.000150925 -0.000587426 -0.000648444 -0.00116647 -0.000863857 -0.000936744 -0.000757068 -0.000831677 -0.00054652 -0.000343557 -0.000655158 -0.000450842 -0.000510336 -0.000433614 -0.000238493 0.000247597 -0.000307128 -0.000428585 -0.00066927 -0.0012603 -0.000865368 -0.000323604 -0.000691323 -0.00176449 -0.000798692 -0.00112372 -0.000448085 -0.00115643 -0.00101599 -0.00137793 -0.0001575 -0.00104822 -0.00128376 -0.000534732 -0.000753229 -0.00155391 
0.000845641 -0.00035852 0.000370781 -0.00110588 0.000218905 -0.00114353 0.0899052 -0.00119118 -0.00181049 -0.000482808 -0.00200461 -0.0023202 -0.00376077 -0.00373046 -0.00471834 -0.001773 -0.00155974 -0.00114703 0.00038491 -0.00327428 -0.000934705 -0.0039403 -0.00263981 -0.00110029 -0.000299544 0.00166166 -0.00237053 -0.00130852 -0.000431431 -0.00180681 -0.00215587 -0.000357201 -0.00192747 -0.00161189 -0.00055455 -0.000893677 -0.000161519 5.66893e-05 -0.000380101 -0.000997406 -0.000305417 0.000263767 -0.000344012 0.000189713 -0.000973584 -0.000886538 -0.000895514 -0.00095663 -0.000401555 -0.00038347 -0.000689226 -0.00134916 -0.00120125 -0.000284688 -0.000641933 -0.000923599 -0.00108391 -0.000378697 -0.000712501 -0.000575423 -0.000510459 -0.00113713 -0.000609671 -0.00123797 -0.000400973 -0.000684036 -0.000527563 -0.00086392 -0.00030206 0.000162582 -0.00101867 -0.00100516 -0.000930606 -0.000296752 -0.000872416 -0.00156358 -0.000429879 -0.000202479 -0.000467873 -0.000408771 -0.000994315 -0.000776467 -0.000694217 -0.000305976 0.00017477 -0.000642397 -0.000870374 -0.000224383 -0.000945013 -0.00101086 1.60503e-05 -0.000644505 -0.0011393 -0.000840132 -0.00108061 -0.000689825 -0.000954947 -0.000224821 -0.000414988 -0.00108801 
-0.000675031 0.000149272 -0.000567463 -0.000178206 -0.00027687 -0.000625762 -0.00119118 0.104228 0.00110854 -0.00178365 -0.00178325 -0.000829185 0.000207677 -0.00215955 -0.00472811 -0.00479677 -0.00291635 -0.0024113 -0.00208431 -0.000680111 -0.000498534 -0.00460292 -0.00341895 -0.00206853 -0.00209168 -0.00266442 -0.0024862 -0.00414151 -0.00165757 -0.00122076 -0.0024904 -0.00144899 -0.00075891 0.0013054 -0.00174417 -0.00116234 -0.00144868 -8.56752e-05 -0.000485561 -0.00140835 -0.000949688 -0.000115933 -0.00132863 -0.00102372 -0.000171407 -0.00211406 -0.000591474 -0.00128216 -0.000470305 -0.00093065 -0.00132735 -0.00113047 -0.000326115 -0.00128765 -0.000261362 -5.57504e-05 0.000111901 -0.000431935 5.47042e-05 -6.51288e-05 -0.000603411 0.000103701 -0.000365075 -0.000944334 -0.000411909 -0.000888535 -0.000120877 -0.00164524 -0.000280016 -0.00118598 -0.000968941 -0.00178519 -0.000389787 -0.00153414 -0.00150564 -0.00138067 -0.000806204 -0.000224263 -0.00145958 -0.00132202 -0.00121874 -0.00127539 -0.000520011 -0.000912688 -0.00096284 -0.000918132 -0.000529063 6.22164e-05 0.000415861 0.000114858 -0.000345955 -0.000614738 -0.000138187 -0.0019807 -0.000371213 -0.000902433 -2.18486e-05 2.59e-05 -0.00149058 -0.000428739 
-0.00116656 -0.00046604 -0.000360142 -0.000125888 -0.00096272 -0.00132861 -0.00181049 0.00110854 0.10451 -0.00158379 -0.000326079 -0.00219577 -0.00221932 0.000805793 -0.000721076 -0.004025 -0.0045411 -0.00193901 -0.00281481 -0.00152891 -0.00258108 -0.00338774 -0.00430612 -0.00289313 -0.00291993 -0.00624572 0.000364625 -0.00227208 -0.0029832 0.000374464 -0.000949156 -0.00029936 -0.00173761 -0.00119969 -0.000651696 0.000284103 -0.000300461 -0.000631967 -0.000702671 -0.000516508 -8.2199e-05 -0.00114795 -0.000931765 -0.000831281 -0.00110092 -0.00090048 -0.000474811 -0.00176784 -9.61705e-06 6.36282e-05 -0.00102672 -0.000813807 -0.00107658 -0.00102813 -0.000997777 -0.000822083 -0.000748474 -0.000599414 -2.53103e-05 -0.000554421 -0.000577926 -0.000204547 -0.000243461 -0.000280929 -0.000891985 -0.00131467 -0.000783024 -0.000489089 -0.00208712 -0.00113638 0.000122216 -1.26581e-06 -0.000969158 -0.00114917 -0.000879637 -0.000690927 -0.000917839 -0.000856872 -0.00127106 -0.000757556 -0.000762947 -0.000942709 -0.000917577 -0.000177311 -0.000895218 -0.00204634 -0.000616058 -0.00103236 -0.00163815 -0.000256165 -0.00163439 -0.000563902 -0.00122474 0.000214483 -0.000168047 4.7967e-05 -0.00127957 -0.000569342 0.000361796 -0.000396958 
-0.00154398 -0.00179409 -0.00067877 -0.000995203 0.000773537 -0.000154264 -0.000482808 -0.00178365 -0.00158379 0.139131 -0.00059693 -0.000202485 -0.000927917 0.00256893 -0.00462263 -0.00266639 0.0018648 -0.00136499 -0.00900609 -0.000406269 -0.00236297 -0.00203282 -0.00119612 -0.00363954 -0.00110498 -0.00682161 -0.0049758 -0.00703267 -0.00384638 -0.00156517 -0.00334512 -0.00210011 -0.00276675 -0.00208606 -0.00182603 -0.00141353 -0.000770197 -0.00035564 -0.000619132 0.000395739 -0.00165381 -0.000726018 -0.00017766 -0.00237925 -0.00119837 -0.00134 -0.000583728 -0.000898849 -0.000758625 -0.00292878 -0.00178701 -0.00111803 -0.000432102 -0.00173508 -0.000826454 -0.00169868 -1.00668e-05 -0.000402107 6.83768e-05 -0.000260684 -0.000745601 -0.00138728 -0.00100877 -0.000795981 -0.00146721 -0.00226136 -0.00102911 -0.000621937 -1.97312e-05 -0.000260217 -0.00135607 -0.00110856 -0.000391483 -0.0018559 -0.000721598 -0.00290673 -0.000627198 -0.000425409 -0.0010424 -0.00111275 -0.00128758 -0.00126101 -0.000519662 -0.000850034 -0.000582302 -0.0022316 0.000149808 -0.00152226 -0.00190184 0.000522822 -0.000419142 -0.00019313 -0.000406534 -0.00223329 -0.00150282 -0.00171193 -0.00195117 -0.00133498 -0.00298236 -0.00185217 
-0.00216566 -0.000532569 -0.00158473 -0.0017615 -0.0007711 0.000778979 -0.00200461 -0.00178325 -0.000326079 -0.00059693 0.144243 -0.000913176 -0.000555565 0.000122754 0.000693055 -0.00198172 -0.00501088 -0.0069883 -0.00407908 -0.00568774 0.000992437 -0.000305828 -0.00466429 -0.00470366 -0.00546495 -0.00285242 -0.00131906 0.000158286 -0.0055882 -0.000189778 -0.000519714 -0.00111376 0.000148265 -0.00322409 -0.00209191 -0.00102618 -0.002399 -0.00058406 -0.0010212 -0.00104243 -0.000199717 -0.00218033 -0.00047608 -0.000397875 -0.000150292 -0.000967973 -0.00158025 -0.00107999 -0.000644806 -0.00174398 0.000237304 -0.00111682 -0.000357304 -0.0015767 -0.000772036 -0.00194935 -0.00201508 -0.00068536 -0.00261692 -0.00141939 -0.00102964 -0.000336696 -0.00199559 -0.000943536 -6.34938e-06 -0.000934401 -4.183e-05 -0.0016426 -0.00140221 -0.00208036 -0.00201023 -0.000496609 -0.00174285 -0.00218507 -0.00163804 -0.00179003 -0.00123833 -0.0016241 -0.000986148 -0.000274924 -0.000642421 -0.00199511 -0.00203982 -0.000891397 -0.000580838 -0.00091212 -0.00242503 -0.00125127 -0.00033547 -0.00120957 0.000585621 -0.00120418 -0.000272241 -0.00106744 -0.00155708 -0.0027739 -0.00241935 -0.00105824 -0.0013147 -0.00282616 
-0.00140323 -0.000324657 -0.00183418 -0.000885555 0.000247041 -0.00181591 -0.0023202 -0.000829185 -0.00219577 -0.000202485 -0.000913176 0.174687 -0.00617148 -0.000561446 -4.46359e-05 -0.00443921 -0.000637972 -0.0022506 0.00143531 0.0047683 -0.0111044 -0.00417225 -0.00616207 -0.00348064 -0.00624954 -0.00544415 -0.00562665 -0.00423676 -0.000999942 -0.00585728 -0.000896119 -0.00528969 -0.00330029 -0.0032972 -0.00251367 0.000487926 0.000229348 -0.001863 -0.0014835 -0.00187898 -0.00116456 -0.00334104 -0.00153678 -0.00042304 0.000657694 -0.00186386 -0.00112567 6.26973e-05 -0.000758059 -0.00187744 -0.00129193 -8.46339e-05 -0.000883729 -0.00316263 -0.000142838 -0.00219863 -0.000856534 -0.000901771 -0.00114767 -0.00199521 -0.00141286 -0.00161419 -0.00126046 -0.000686812 -0.0014906 -0.00283934 -0.00144526 -0.00162398 -0.00204818 -0.00141518 0.00064392 -0.00131426 -0.00307045 0.00202584 -0.000672667 0.000393456 -0.000495051 -0.00150842 -0.00117761 -0.00121058 -0.00115497 -0.00185607 -0.000755792 -0.00272122 -0.00114859 -0.00267348 -0.00244809 -0.00124556 -0.00267743 0.000677288 -0.00174136 -0.00170065 -0.00159663 -0.00141062 -0.00391012 4.77738e-05 -0.0020663 -0.00201678 -0.00111952 -0.0033929 
-0.00177358 -0.00202657 -0.000800493 -0.00148994 -0.00129148 -0.000907269 -0.00376077 0.000207677 -0.00221932 -0.000927917 -0.000555565 -0.00617148 0.193373 -0.00694251 -0.00148603 -0.00272778 -0.0030556 -0.00653269 -0.00372653 -0.00997203 -0.00326638 -0.00440474 -0.00647494 -0.000276168 -0.00236695 -0.00238182 -0.00623653 -0.00268383 -0.00506034 -0.00351778 -0.00225619 -0.00189435 -0.00117302 -0.00215718 -0.00189868 -0.000313988 -0.00156524 -0.0011064 -0.00278283 -0.000500937 -0.0037307 -0.00172813 -0.000736105 -0.000574956 -0.00199444 -0.00118649 -0.00316625 6.36408e-05 -0.00210719 -0.00321196 -0.0011033 -0.000786286 -0.000643122 -0.000908805 -0.000411711 -0.00139099 -0.00198228 -0.00255597 -0.00231627 -0.00101168 0.000585848 -0.000456486 -0.000690521 -0.00451789 -0.00162301 0.000417144 -0.00164775 -0.00306197 -0.00121688 -0.00223816 0.000170811 -0.00143051 -0.000936962 -0.00124608 -0.000774052 -0.00194818 -0.00264729 -0.00107368 -0.00140549 -0.000950558 -0.00210345 -0.000433005 -0.00168389 -0.00348706 -0.00228107 -0.000897301 -0.00161158 -0.0022108 -0.00162607 0.000903367 -0.00220972 -0.00230278 -0.000286295 -0.00156249 0.000327947 -0.00210028 -0.000466409 -7.14708e-05 -0.000360046 -0.0022574 
-0.00322871 -0.000597704 -0.00102441 0.000407566 -0.00142401 -0.00170785 -0.00373046 -0.00215955 0.000805793 0.00256893 0.000122754 -0.000561446 -0.00694251 0.188654 -0.000291215 -0.00166595 0.00113005 -0.00417799 -0.0075217 -0.00692897 -0.00111309 -0.00750066 -0.00407501 -0.00663327 -0.000389246 -0.00664386 -0.00759377 0.00093834 -0.0029912 -0.00418343 -0.00354938 -0.00432307 -0.00343424 -0.00178408 -0.00251608 -0.00225475 -0.00178305 -0.00118478 -0.000621944 -0.00226654 -0.00155419 -0.00142648 -0.000741359 -0.0014183 -0.000518301 -0.00339898 -0.000354345 -0.00262258 -0.00145156 -0.00232716 -0.00305258 -0.000939762 -0.0035965 -0.000374714 -0.00338377 -0.00210521 0.000162438 -0.00144815 -0.000837275 -0.000563701 -0.00125967 -0.000350708 -0.00224659 0.000951929 -0.00152969 -0.00183804 -0.0011479 -0.000249418 -0.00393026 -0.000316723 -0.000609907 -0.00167133 -0.00233046 -0.0026238 -0.0015312 -0.00163097 -0.00117221 -0.00142653 -0.00154353 -2.4011e-05 -0.00205007 -0.00162869 -0.00112245 -3.32991e-05 -0.000865575 -0.000113919 -0.00229422 -0.00121056 -0.00219503 -0.000632415 -0.00215765 -0.000248919 -0.00183259 -0.000224971 -0.00216148 -0.00236028 -0.00256355 -0.00195964 -0.00337076 -0.000364435 
-0.00398381 -0.00111957 0.000310956 -0.000702518 -0.00112286 -0.00241967 -0.00471834 -0.00472811 -0.000721076 -0.00462263 0.000693055 -4.46359e-05 -0.00148603 -0.000291215 0.219922 -0.00788055 -0.00624079 -0.00248623 -0.00429358 -0.0126717 -0.00866293 -0.00890854 -0.00142997 -0.00179606 -0.0073142 -0.00632827 -0.00527793 -0.00812898 -0.000508581 -0.00692485 -0.00675319 -0.00481202 -0.00266382 -0.00455304 0.00133776 -0.00215295 -0.00246917 -0.00097834 -0.00138836 -0.00269964 -0.000532364 -0.000649738 0.00134114 -0.000459344 -0.00164293 -0.00145518 -0.0018119 0.00129613 -0.000882514 -0.00114203 -2.20321e-06 -0.000986162 0.00080735 -0.00234926 -0.00482787 -0.00299195 -0.00142871 -0.00188838 -0.00170241 0.00227585 -0.00116576 -0.00200551 -0.000274931 -0.0020452 -0.000940059 -0.00307725 -0.00230498 -0.000771923 -0.00263386 -0.001327 -0.00182203 0.000786424 -0.00119964 -0.00114691 0.000347413 -0.00203735 -0.00120171 -0.00363864 0.00036541 -0.00244481 -0.00347762 0.000989842 -0.0021424 -0.00327124 -0.000702596 -0.00227188 -0.00429245 -0.0016107 -0.00380191 -0.00279191 6.74452e-05 -0.000368766 -0.00135556 8.58085e-06 -0.00165243 -0.00177365 -0.000226137 -0.00252621 -6.26563e-05 -0.000146559 
-0.000860504 -0.00131807 -0.00291131 -0.00204623 -0.00225303 -0.00280619 -0.001773 -0.00479677 -0.004025 -0.00266639 -0.00198172 -0.00443921 -0.00272778 -0.00166595 -0.00788055 0.216961 -0.00398921 4.94161e-05 -0.00369091 -0.00834255 -0.00327335 -0.00806742 -0.00282463 -0.00485306 -0.00461889 -0.00469699 0.000691652 -0.00221592 -0.00779118 -0.00476387 -0.00146955 -0.00445245 -0.00209791 -0.00356727 -0.00193194 -0.00223276 0.000572177 -0.00234122 -0.000568675 -0.000854635 -0.00139159 0.000240492 -0.00144916 -0.000631589 -0.00276849 -0.00212826 0.000157384 -0.00224587 -0.00193034 -0.00240269 -0.00133331 -0.00186576 -0.00315327 -0.00230952 -0.00210023 -0.00276947 -0.000420672 -0.000457841 -0.00289972 -0.00144441 -0.000941755 0.000505128 -0.00154755 0.000929797 -0.000378858 0.000200542 -0.00132721 0.000267797 -0.00173616 -0.00150764 -0.00147955 -0.00117987 -0.000463555 -0.00124128 -0.000424592 -0.00437193 -0.00160889 6.06684e-05 -0.00422339 -0.00215913 -0.0022229 -0.000815423 -0.00170991 -0.00184018 -0.00141465 -0.00208275 -0.0021278 0.0002866 -0.00226175 -0.00167338 -0.00259996 -0.00248099 0.000117707 -0.00266729 -0.0014422 -0.000408763 -0.00313702 -0.00492557 -0.00343754 -0.00270263 
-0.00266487 -0.00430614 -0.00103412 -0.0018557 -0.00291937 -0.00192896 -0.00155974 -0.00291635 -0.0045411 0.0018648 -0.00501088 -0.000637972 -0.0030556 0.00113005 -0.00624079 -0.00398921 0.248797 -0.000479499 -0.0013253 -0.00490992 -0.00443898 0.000218988 -0.00662399 -0.00191859 -0.00829211 -0.00812209 -0.00904535 -0.00653447 -0.00757433 -0.00916439 -0.00720094 -0.00233181 0.00126748 -0.00292415 -0.00184965 -0.00480662 -0.00106943 -0.00222145 -0.00209471 -0.00210637 -0.00128293 -3.68223e-05 -0.00266292 -0.00397145 -0.00386635 -0.00181817 -0.000659651 -0.00385587 -0.00251342 -0.00128242 -0.00283378 -0.0037065 -0.00209296 -0.00483912 -0.000899854 -0.00158303 -0.00284386 -0.00226012 -0.00130537 -0.00059715 -0.0031277 -0.00248733 -0.00366276 -0.00325594 -0.0010031 -0.000792953 -6.77672e-05 0.00225661 -0.00131396 -0.000448431 -0.000624244 -0.00242711 -0.00284181 -0.000532893 -0.0008317 -0.00381676 -0.00267548 -0.000961758 -0.00314179 -0.001729 -0.00237369 -0.00109129 -0.00108449 -0.00222243 -0.00132166 -0.000186761 -0.00380564 -0.00139026 -0.00292646 -0.00272214 -0.00213412 -0.00234384 -0.000141967 -0.00161383 -0.00400438 -0.00392729 -0.00245179 -4.79878e-05 9.19959e-05 -0.0014876 
-0.0035586 -0.000812054 -0.00202626 0.000568563 -0.00173701 -0.00340362 -0.00114703 -0.0024113 -0.00193901 -0.00136499 -0.0069883 -0.0022506 -0.00653269 -0.00417799 -0.00248623 4.94161e-05 -0.000479499 0.241943 8.25081e-05 -0.0135716 0.00150111 -0.00155514 0.00236932 -0.0073685 -0.00665894 -0.0100647 -0.0109105 -0.0049148 -0.00752577 -0.00174209 -0.00476158 -0.0071983 -0.00512096 0.000837139 -0.0023122 -0.00209348 -0.000452292 -0.00224644 -0.00048689 0.000994957 -0.000106415 -0.000372194 -0.00244456 -0.000663451 -0.00376956 -0.00113919 0.000524127 -0.00303209 -0.00275857 -0.00140926 -0.00321021 -0.0019849 0.000511881 -0.000847063 -0.000834082 -0.000533687 -0.00223043 -0.00132687 -0.00162013 -0.00115321 -0.00215973 -0.00107888 -0.00245138 -0.00176576 -0.00440671 -0.00435873 -0.0030766 -0.00207731 -0.001768 -0.00243064 -0.00255834 -0.00457392 -0.000130024 -0.00209239 -0.00216771 0.00183856 -0.00436045 -0.00225246 -0.000969899 -0.00352923 -0.00217315 -0.00238694 -0.00322774 -0.00437742 -0.00233931 -0.00489337 -0.00140195 0.000226364 -0.000808801 -0.000652324 -0.00282759 -0.000140184 -0.00132675 -0.00144902 -0.00165075 -0.000891832 -0.00104115 -0.00365408 -0.0039877 -0.00427338 
-0.00160532 -0.00487891 -0.000971662 -0.0042689 -0.00275989 -0.0029496 0.00038491 -0.00208431 -0.00281481 -0.00900609 -0.00407908 0.00143531 -0.00372653 -0.0075217 -0.00429358 -0.00369091 -0.0013253 8.25081e-05 0.249667 0.00404886 -0.00620967 -0.00945501 -0.0089698 0.000549901 -0.013587 -0.00303815 -0.00901396 -0.00572029 -0.00651314 -0.00256552 -0.00356383 -0.00629637 -0.0045351 -0.0030285 -0.00435239 -0.00461325 -0.00109619 -0.00283273 -0.0038664 -0.00153914 -0.00357415 -0.00140762 -0.000802514 -0.00202142 -0.000260386 -0.000224061 -0.00221501 -0.00298587 -0.00209495 -0.000449808 -0.000816198 -0.00381567 -0.00351736 -0.000322917 -0.000785924 -0.00113519 -0.00269203 0.000354325 -0.00151775 -0.00292119 -0.00353172 -0.00359276 -0.00204872 -0.00100636 -0.0020698 -0.00140032 -0.00492621 -0.00432531 -0.00421295 -0.00152865 -0.00151919 -0.00306938 -0.00165152 0.000192576 -0.00108766 0.000289667 -0.00304445 -0.00144584 -0.000520815 -0.00162956 -0.00183872 -0.000817851 0.000254961 -0.00166149 -0.000864348 -0.00323528 -0.00054395 0.00272598 0.00113943 -0.00101021 -0.00195498 -0.00330868 -0.00114385 -0.00180027 -0.0026382 0.00115525 -0.00160424 -0.0044487 0.000825698 -0.00329134 
0.000766281 -0.000290515 -0.00251715 -0.00357584 -0.00052293 -0.00349639 -0.00327428 -0.000680111 -0.00152891 -0.000406269 -0.00568774 0.0047683 -0.00997203 -0.00692897 -0.0126717 -0.00834255 -0.00490992 -0.0135716 0.00404886 0.249883 -0.00632605 -0.00269935 -0.00343386 -0.0123653 -0.00502096 -0.0117112 -0.00312179 -0.0029237 0.00365002 -0.000340192 0.00157909 0.00380182 -0.00344258 -0.00193152 -0.00253565 -0.00307751 -0.00386585 -0.00144454 -0.00394089 -0.0033961 -0.00159662 -0.00148233 -0.000746809 -0.00145979 4.27303e-05 -0.00170089 -0.00266045 0.000120055 -0.00102488 -0.00385126 -0.000616648 -0.00277146 -0.00404714 -0.00218348 -0.00285559 -0.00102351 -0.00266913 -0.0021632 -0.00174898 -0.00326656 -0.00253639 -0.00268417 -0.00105278 -0.000688801 -0.00237905 -0.00423222 -0.000971846 -0.00310705 -0.0040927 -0.0017648 -0.00128201 -0.00282767 -0.00404442 -0.00213685 -0.0029154 -0.00169416 0.000315286 -0.000696757 -0.00275268 -0.00312384 0.000479116 -0.00319936 -0.00318666 3.5188e-05 -0.00239031 0.000264074 -0.00098169 -0.000111048 -0.00300238 -0.00196018 -0.00351457 -0.00162815 -0.00123414 -0.00333656 -0.000351361 -0.0027269 -0.0023878 -0.00250775 -0.00248515 -0.00194372 
-0.00271809 -0.00197405 -0.00113686 -0.000799991 -0.00266997 -0.00267688 -0.000934705 -0.000498534 -0.00258108 -0.00236297 0.000992437 -0.0111044 -0.00326638 -0.00111309 -0.00866293 -0.00327335 -0.00443898 0.00150111 -0.00620967 -0.00632605 0.249721 -0.0057556 0.00764325 -0.00714725 0.000717431 -0.00192991 -0.0032613 -0.0030323 -0.01555 -0.00931501 -0.00403253 -0.00174532 -0.00466564 -0.00222142 -0.00381054 -0.00173386 -0.00523606 -0.000950722 -0.000762635 -0.00175924 -0.00204165 -0.00453002 -0.00395685 -0.00193637 -0.00334515 -0.00257009 -0.000370034 -0.0032254 -0.00163663 8.38977e-05 -0.00273697 -0.00161277 -0.00333299 -0.00141645 -0.0031174 -0.000458189 -0.00165817 0.000273094 -0.000838365 -0.00452758 -0.00138442 0.000860773 -0.0016027 -0.00036922 -0.00314134 0.000879714 -0.00164002 -0.00341075 -0.00193005 -0.00257359 -0.00171391 -0.00213911 -0.00119031 -0.00262705 -0.00215377 -0.00580863 -0.00287058 -0.00318497 -0.00262638 -0.00265645 -0.00239054 -0.00391555 -0.00270661 -0.00192085 -0.00348787 -0.00345643 -0.00109985 0.00053441 -0.00142135 -0.00136266 0.000555627 -0.00148564 -0.0026694 -0.00293136 -0.00183213 -0.00166457 0.000564226 -0.00184571 -0.0059146 -0.00222978 
-0.00248824 -0.000783352 3.9652e-05 -0.0038251 -0.00217108 -0.000155874 -0.0039403 -0.00460292 -0.00338774 -0.00203282 -0.000305828 -0.00417225 -0.00440474 -0.00750066 -0.00890854 -0.00806742 0.000218988 -0.00155514 -0.00945501 -0.00269935 -0.0057556 0.2495 -0.00479131 0.00398503 -0.0064495 0.00056526 -0.00486474 -0.00645519 -0.00387939 -0.00834972 0.000671529 -0.00324953 -0.00320129 -0.00300312 -0.0045711 -0.00118048 -0.000224764 -0.00101171 -0.00320568 -0.000190971 -0.00160475 -0.000573792 -0.00365193 -0.00384887 -0.00400024 -0.000261143 -0.00287974 -0.00412123 -0.00415034 -0.0036002 0.000747982 -0.00329145 -0.000809204 -0.00450195 0.00043726 -0.00361087 -0.00175558 -0.00366875 -0.00177913 -0.0016365 -0.000622765 -0.00255201 -0.0032293 -0.00053114 -0.0012385 -0.000635084 -0.00147435 -0.00102736 0.00311791 -0.00309381 -0.00113126 -0.00269772 -0.0023377 -0.00135046 -0.000265236 -0.000723777 -0.00274948 -0.00208167 -0.00258118 -0.000736968 -9.76374e-05 -0.00175457 -0.00163169 -0.00285741 -0.00335705 -0.00383357 -0.00225316 -0.00434365 -0.00281874 -0.0030911 -0.00274019 -0.00280656 -0.00196723 -0.000288819 -0.00175731 -0.0037025 -0.00198487 -0.00172225 -0.00175803 -0.00287093 
-0.00420587 -0.00232699 -0.00164592 -0.00240501 -0.00135828 -0.00366915 -0.00263981 -0.00341895 -0.00430612 -0.00119612 -0.00466429 -0.00616207 -0.00647494 -0.00407501 -0.00142997 -0.00282463 -0.00662399 0.00236932 -0.0089698 -0.00343386 0.00764325 -0.00479131 0.249504 -0.00249199 -0.00401838 -0.00369243 -0.00154915 -0.00970652 -0.00183538 -0.0026501 -0.00851235 -0.00201573 -0.00677927 -0.000260017 -0.0019175 -0.00180748 -0.00431563 -0.00288595 -0.00113762 0.000250476 -0.0017067 -0.00142575 -0.00272557 -0.00171257 -0.00555726 -0.00364324 -0.00196872 -0.00299085 -0.000438552 -0.00231775 -0.00312074 -0.00436156 -0.00118957 -0.000106298 0.00116817 -0.00212136 -0.00257715 -0.00230847 -0.00213567 -0.00211572 -0.0027646 -0.00119553 -0.00195527 -0.000879817 -0.000784297 -0.00243177 -0.00098897 -0.00067463 -0.00268709 -0.00225376 -0.00168402 -0.00289173 -0.000473144 -0.00123543 -0.00233368 0.000972019 -0.000411451 -0.00291948 -0.00227403 -0.00104512 -0.00240549 0.000179012 -0.00236212 -0.00485622 -0.00119389 -0.00299073 -0.00301745 -0.00426678 -0.0034145 -0.00252681 -0.000718884 -0.00400745 -0.00429909 -0.00379694 -0.000676245 -0.00182007 -0.00227825 -0.00336726 -0.00368098 -0.00180219 
-0.00375547 -0.00368531 -0.00077375 -0.00475362 -0.00173925 -0.00232042 -0.00110029 -0.00206853 -0.00289313 -0.00363954 -0.00470366 -0.00348064 -0.000276168 -0.00663327 -0.00179606 -0.00485306 -0.00191859 -0.0073685 0.000549901 -0.0123653 -0.00714725 0.00398503 -0.00249199 0.247529 -0.00564124 -0.00170658 -0.00102023 -0.00388767 0.000234313 0.00169723 -0.00869923 -0.00533401 -0.00447649 -0.00432522 -0.00242532 -0.00305842 -0.00281361 -0.000713202 -0.00325178 -0.00225944 -0.000644739 0.000558924 -0.0031762 -0.00297785 -0.00261271 -0.00114057 -0.00142896 -0.00276714 -0.00227137 -0.00138403 -0.00371761 -0.0022129 -0.00179217 -0.0021095 -0.00244034 -0.000350575 -0.00175368 -0.00253409 -0.00375431 -0.00252621 -0.00463986 -0.00045662 -0.00252823 -0.00353167 -0.00141896 -0.003535 -0.00137993 -0.00211171 0.000241877 -0.00255679 -0.00292834 -0.00148668 -0.00199786 -0.0041453 -0.00250482 0.000443079 -0.00288525 -0.00300179 -0.00145915 -0.00211744 -0.00326063 -0.00143329 -0.00291387 -0.00130169 -0.00380533 -0.00121379 -0.00195106 -0.0038918 0.000529418 -0.00248028 -0.00414155 -0.0013224 -0.00290247 -0.00173682 -0.0030973 -0.00193416 -0.00123585 5.53951e-05 -0.00416702 0.00262143 
-0.00125673 -0.000626583 -0.00391648 -0.00124711 0.00074679 -0.00189782 -0.000299544 -0.00209168 -0.00291993 -0.00110498 -0.00546495 -0.00624954 -0.00236695 -0.000389246 -0.0073142 -0.00461889 -0.00829211 -0.00665894 -0.013587 -0.00502096 0.000717431 -0.0064495 -0.00401838 -0.00564124 0.246685 0.00114338 0.00173021 -0.00353101 -0.00178877 -0.000109019 -0.00578294 -0.00215988 -0.0047178 -0.00049268 -0.00510007 -0.000496372 -0.00248623 -0.00105289 -0.00289117 -0.00160379 -0.00388591 -0.00154459 -0.00177984 -0.00374221 0.000504007 -0.0046922 -0.00231792 -0.00245754 -0.00103741 -0.00371329 -0.00096202 0.000620151 -0.00205374 0.000819537 -0.00318661 -0.00183445 -0.00326902 -0.000860138 0.000613475 -0.00265347 0.000938831 -0.000261733 -0.00220483 -0.00207703 -0.00160907 -0.00152695 -0.00457589 -0.00361908 -0.00272872 -0.00146367 -0.00176585 -0.000448946 -0.00309651 -0.00212397 -0.00448012 -0.00355787 -0.0019128 -0.00198 -0.00221548 -0.00013653 -0.00142897 -0.000991043 -0.00266335 0.000170517 -0.00288577 -0.000893817 -0.00133127 -0.00429168 -0.00338977 -0.00187915 -0.000984661 -0.00373006 -0.00563593 -0.00264956 -0.00165913 -0.00304242 -0.00484933 -0.00224336 -0.00163336 -0.00308598 
5.33492e-05 -0.000736359 -0.00375 -0.00026822 -0.00584114 -0.00152465 0.00166166 -0.00266442 -0.00624572 -0.00682161 -0.00285242 -0.00544415 -0.00238182 -0.00664386 -0.00632827 -0.00469699 -0.00812209 -0.0100647 -0.00303815 -0.0117112 -0.00192991 0.00056526 -0.00369243 -0.00170658 0.00114338 0.24253 -0.00263838 -0.00349278 -0.00403601 0.00276276 0.0005649 -0.00667412 0.000608741 -0.000750692 -0.00265477 -0.00231266 -0.00347457 -0.00194406 -0.00254955 -0.00150827 -0.00241165 -0.00112644 -0.00253518 -0.0032684 -0.00192085 -0.00384887 -0.00277357 -0.00136686 -0.00194501 -0.0020755 -0.00255154 -0.000802137 -0.00227312 -0.0036126 -0.00270037 -0.00275922 -0.00127218 -0.000389054 -0.00317943 0.000265662 -0.00227993 -0.00300689 -0.00219996 -0.00213067 -0.00276471 -0.00141232 -0.00223464 -0.000233965 -0.00325895 -0.00131182 -0.00297016 -0.0041588 -0.00294983 -0.00120362 -0.000737284 -0.00326468 -0.00189587 -0.00372193 -0.00128379 -0.00116409 -0.00236988 -0.00257594 -0.00118153 -0.00209226 -0.000633836 -0.00253285 -0.00265402 -0.00292426 -0.00172606 -0.001462 -0.000526557 -0.00263221 -0.000529772 -0.00252673 0.000782607 -0.00353704 -0.00121123 -0.00119018 -0.00308889 -4.70891e-05 
-0.0011071 -0.00188093 -0.00288908 0.000745211 -0.00132495 -0.00105755 -0.00237053 -0.0024862 0.000364625 -0.0049758 -0.00131906 -0.00562665 -0.00623653 -0.00759377 -0.00527793 0.000691652 -0.00904535 -0.0109105 -0.00901396 -0.00312179 -0.0032613 -0.00486474 -0.00154915 -0.00102023 0.00173021 -0.00263838 0.237268 -0.00159197 -0.000503983 -0.00326827 -0.000978088 0.000176478 -0.00195003 -0.00328106 -0.0049531 0.000420098 -0.00163003 -0.00250369 -0.00244809 -0.00290274 -0.00223834 -0.00241788 -0.000307677 -0.000497582 -0.000568971 -0.00614013 -0.00317228 -0.00345531 -0.00142039 -0.000872263 -0.00202535 0.000246401 -0.000959027 -0.00194556 -0.00182246 -0.00197173 -0.00393999 -0.00140235 -0.00295214 -0.00334431 -0.000651037 -0.000990742 -0.00192025 -0.00162593 -0.00336493 -0.000276959 -0.00141359 -0.00150585 -0.000340615 -0.00171341 -0.00467821 -0.00377572 -0.00380695 -0.00288157 -0.00278397 -0.00575672 -0.00130967 -0.00194199 -0.00310284 -0.00222684 -0.00102678 -0.002385 -0.00296067 -0.0019795 -0.00133363 -0.00231149 -0.00385962 -0.00250995 -0.00388609 -0.00367638 -0.00257665 0.000920771 -0.00310601 -0.000551959 -0.00386279 -0.00221794 -0.000547083 0.00178038 -0.00109513 -0.00135335 
0.000912817 -0.00142509 -0.00158644 -0.00103649 -0.00191579 -0.00230645 -0.00130852 -0.00414151 -0.00227208 -0.00703267 0.000158286 -0.00423676 -0.00268383 0.00093834 -0.00812898 -0.00221592 -0.00653447 -0.0049148 -0.00572029 -0.0029237 -0.0030323 -0.00645519 -0.00970652 -0.00388767 -0.00353101 -0.00349278 -0.00159197 0.192804 0.00250651 -0.00109712 -0.000195684 -0.00227456 -0.00188268 -0.0016908 -0.000450133 -0.00106785 -0.00208111 -0.00190655 -0.00111447 -0.00215791 -0.000800056 -0.00113991 -0.00219843 -0.0022327 -0.000537171 -0.00310482 -0.00499444 -0.00152824 -0.00123198 -0.00146792 -0.00243626 -7.00258e-05 -0.00201137 -0.000717424 -0.00163667 -0.0025189 -0.000406488 -0.00160426 -0.00282856 -0.00208035 -0.00139054 -0.00277105 -0.00173007 -0.00289772 -0.00129843 -0.000389523 -0.000718239 -0.00101515 -0.000508474 -0.000457316 -0.000259154 -0.00180606 -0.000567363 -0.00300767 -0.00225764 -0.00273337 0.000188128 -0.000468507 -0.00326436 -0.000598751 0.000494416 -0.00311131 -0.00144912 -0.00118449 -0.000972484 -0.000304217 -0.000159699 -0.00121484 -0.00185013 -0.00107884 -0.00113316 -0.00283679 -0.00199841 -0.00165818 -0.00117919 -0.0035344 0.000568038 -0.00215505 0.000770685 -0.00183499 
-0.000308627 -0.00265379 -0.00183459 -0.00247741 -0.0028539 -0.00184372 -0.000431431 -0.00165757 -0.0029832 -0.00384638 -0.0055882 -0.000999942 -0.00506034 -0.0029912 -0.000508581 -0.00779118 -0.00757433 -0.00752577 -0.00651314 0.00365002 -0.01555 -0.00387939 -0.00183538 0.000234313 -0.00178877 -0.00403601 -0.000503983 0.00250651 0.222834 -0.00189006 -0.000295227 0.00231932 -0.00322217 -0.00185073 -0.00197803 -0.00356742 -0.00393911 -0.00247732 -0.00310146 -0.0031312 -0.00269137 -0.00220177 -0.00234383 -0.00127745 -0.0012401 -0.000441645 -0.00287771 -0.00278711 -0.00107775 -0.00231292 -0.0011891 -0.00249993 -0.00111286 -0.00152433 -0.000635378 -0.00287253 -0.000870366 -0.00265215 -0.00145774 -0.00157377 -0.00227252 -0.00253902 0.00127074 -0.00282173 -0.000755936 -0.00257 -0.00150388 -0.00234974 -0.00475237 -0.00184456 -0.0025925 -0.00213828 -0.00416851 -0.00166592 -0.0019396 -0.00179277 0.000997882 -0.00159608 -0.00168098 -0.00195469 -0.0024628 -0.00235761 -0.00114927 -0.000489667 -0.00298016 -0.000613861 -0.00104741 -0.00148916 -0.00361773 -0.00284038 -0.00161714 -0.000169413 -0.00180282 -0.00148781 -0.00385971 -0.00255478 0.0010715 -0.0017845 -0.00348542 -0.00400671 
1.28663e-05 -0.000890508 -0.000978356 -0.00267241 -0.00114524 -0.000790799 -0.00180681 -0.00122076 0.000374464 -0.00156517 -0.000189778 -0.00585728 -0.00351778 -0.00418343 -0.00692485 -0.00476387 -0.00916439 -0.00174209 -0.00256552 -0.000340192 -0.00931501 -0.00834972 -0.0026501 0.00169723 -0.000109019 0.00276276 -0.00326827 -0.00109712 -0.00189006 0.174699 -0.00259698 -0.00375142 0.000400414 -0.000173107 -0.000337814 -0.00138623 -0.00255628 -0.00136558 -0.00211646 -0.00094329 -0.00273839 -0.0023232 -0.00160081 -0.00108833 -0.00043724 -0.000702694 -0.00244366 -0.00145731 -0.00105272 -0.00109348 -0.000682702 -0.00145097 -0.00161751 -0.00102265 -0.000890477 -0.00137144 -0.00040481 -0.0014016 -0.00221603 -0.00224474 -0.00164235 -0.00106237 -0.00173697 -0.00132705 -0.0016953 -0.00208381 -0.000868151 -0.0018047 -0.00223209 -0.000844028 -0.00159887 -0.00179878 -0.00189591 -0.00106091 -0.00342453 -0.00351065 -0.000541263 -0.00110684 -0.000576803 -0.00163438 -0.000151716 -0.00116544 -0.00119024 -0.00025362 -0.000544261 -0.00232819 -0.000520583 -0.00139902 -0.00046864 -0.000570613 -0.000943146 -0.00182172 -0.000934265 -0.00257198 -0.00224471 -0.00301058 -0.00104809 -0.00276086 -0.00112928 -0.00197788 
-0.000288136 -0.00135022 -0.000553215 -0.00163967 -0.00167911 -0.000498451 -0.00215587 -0.0024904 -0.000949156 -0.00334512 -0.000519714 -0.000896119 -0.00225619 -0.00354938 -0.00675319 -0.00146955 -0.00720094 -0.00476158 -0.00356383 0.00157909 -0.00403253 0.000671529 -0.00851235 -0.00869923 -0.00578294 0.0005649 -0.000978088 -0.000195684 -0.000295227 -0.00259698 0.154359 0.000837149 -0.00240687 0.0005599 -0.00224864 -0.00093843 -0.00111513 -0.000215875 -0.00139197 -0.00174689 -0.00227812 -0.00161713 -0.00107689 -0.00144334 0.000565003 -0.00292409 -0.000374291 0.00012516 -0.00165158 -0.000761129 -0.00142056 -0.00132727 -0.000320955 -0.000839152 -0.00125628 0.000754362 -0.000894918 -0.000749232 -0.00204136 -0.00178262 -0.000514176 -0.00124253 -0.00108251 -0.00100741 -0.000316352 -0.000437642 -0.00188118 -0.00402 -0.0012036 -0.00122473 -0.00110564 -0.000871096 -0.000751026 -0.00257109 -0.00115189 -0.00231733 -0.000215934 0.000917993 -0.000835906 -0.000395473 -0.00219499 -0.00159291 -0.00107284 0.000391415 -0.000111355 -0.00184189 -0.000770438 -0.00234735 -0.00191322 -0.000441348 -0.00134428 -0.00155996 -0.00169725 7.62916e-05 -0.00157687 -0.00151861 -0.00209365 -0.00241857 -0.00306679 -0.000858421 
-0.00175069 -0.000808326 -0.00146467 -0.00139831 -0.000950626 -0.00196255 -0.000357201 -0.00144899 -0.00029936 -0.00210011 -0.00111376 -0.00528969 -0.00189435 -0.00432307 -0.00481202 -0.00445245 -0.00233181 -0.0071983 -0.00629637 0.00380182 -0.00174532 -0.00324953 -0.00201573 -0.00533401 -0.00215988 -0.00667412 0.000176478 -0.00227456 0.00231932 -0.00375142 0.000837149 0.135765 -0.000513731 -0.00189845 0.000693355 -0.00058315 -0.000893782 -0.000957843 -0.00107052 -0.000879725 -0.00157005 -0.000982152 -0.00119831 -0.00151504 -0.000836036 -6.1608e-05 -0.00149571 -0.000327251 -0.000839272 -0.000758801 0.000110371 -0.000734706 -0.000910343 -0.000855395 -0.00241366 -0.00100482 -2.09857e-06 -0.000420835 -0.00120174 -0.00089342 -0.00156063 -0.00116671 -0.00124642 -0.00171399 -0.000372864 -0.000386357 -0.000178695 -0.00113275 -0.000659886 -0.0004697 -0.0015954 -0.000956915 -0.00183033 -0.00188419 -0.00149673 1.09896e-05 0.000206927 -0.000625347 -0.00113058 -0.000902098 -0.000686198 -0.00286097 -0.00156709 0.000416733 -0.00241681 -0.00135422 -0.000814326 -0.0011999 -0.00199556 -0.000946713 -0.000989677 -0.000569782 -0.00118851 0.000477528 -0.000962281 -0.00107034 3.86453e-05 -0.00107707 -0.00189403 -0.0016754 
