0.0732199 -0.00076592 -0.000475409 -0.000579313 2.79143e-05 -0.00101101 0.000329538 -0.00105078 2.46807e-05 0.000342551 -0.000755069 -0.0032686 -0.00252624 -0.00180546 -0.00252293 -0.00229746 -0.00397382 -0.00370306 8.07263e-05 -0.00207523 -0.00040373 -0.00397053 -0.00120125 -0.00342441 7.76935e-05 -0.000296445 -0.00143264 0.000179557 -0.00270795 -0.00149672 -0.000380008 -0.00112344 -0.00046881 -0.000654078 0.000758135 -0.000498691 0.000131162 -0.000788601 -0.000852705 0.00014939 -0.000453299 -0.000426333 -0.00052664 -0.00110566 0.000228832 -0.000445969 -0.00020221 -0.000625227 -0.000278179 -0.000888873 -0.000470707 7.57149e-05 -0.000670548 -0.000339958 -0.000356896 -0.00104682 -0.00107202 -0.000134803 -0.00042327 0.000112209 -8.95422e-05 -0.00116986 -6.00942e-05 0.000676269 -0.000692274 -0.000142069 2.34854e-05 -0.000114459 -0.000331296 -0.000468569 -0.000631893 -0.00052097 -0.000697421 -0.000922189 -0.00140349 -0.000906396 -0.000682704 5.65971e-05 -0.000873556 -0.000823245 -0.00125092 -5.39184e-05 -0.000565201 -0.000353402 -0.000951531 -0.000174758 -0.00029868 -0.00140713 -0.00125547 -0.000717697 -0.00121489 -0.0005651 0.000141318 -0.000455671 -0.00020014 -0.000533784 -0.000158022 -0.000308438 2.53292e-05 0.000311498 
-0.00076592 0.0950926 0.000472313 0.000756788 -0.000217136 -0.000993921 -0.000810087 -0.000948939 -0.00280667 0.000755881 -0.000705894 -0.00200517 3.17636e-06 -0.00467386 -0.00161102 -0.000838706 0.00491569 -0.00126906 -0.00141661 -0.00401542 -0.00328508 -0.00173168 -0.00617006 -0.00253617 -0.00125478 -0.000604884 -0.00108218 -0.00197491 -0.00385952 -0.00182956 -0.00118855 -0.00217569 -0.0011274 -0.00128736 -0.00139192 -0.0014345 -0.00168692 -0.000190689 -0.000187597 -0.000509773 -0.000964584 -0.000196848 0.000240057 -0.000751404 -4.99766e-05 -0.00061906 -0.00116107 -0.000111798 -0.00123111 -0.000829377 -0.000792588 -0.00142808 -0.0011227 -0.000273945 -0.00110583 -0.00046034 -0.00114889 -0.00118166 -3.39128e-06 -0.000679042 -0.000857503 -0.000139469 -0.000628843 -0.000430917 -0.000207352 -0.000290665 -0.000792895 -0.00153721 -0.000770232 -0.000637282 -0.000980398 -0.000774066 -0.000440718 -0.000537423 -0.000782078 -0.00123929 -0.00126235 -0.00112122 -0.000628186 -0.00150958 -0.00192066 -0.00152199 1.69421e-05 -0.000435079 -0.0011957 -0.00104754 -0.000341452 -0.000931304 -0.000532571 -0.000700061 -0.00140732 0.00045847 -0.000433442 -0.00115348 -0.0002839 5.84096e-05 -0.000236032 -0.00122757 -0.0006993 -0.000435926 
-0.000475409 0.000472313 0.0819535 -6.93406e-05 0.00068084 -0.000231822 -0.000164909 -0.00037129 -0.00183467 -0.000304571 -0.000738146 -0.00137851 -0.00113955 0.000367672 -0.00188857 -0.00146499 -0.000918492 -0.00094012 0.000812468 -0.00232896 -0.00459472 -0.0032747 -0.00353948 -0.00532933 0.00157985 -0.00354175 -0.00158108 -0.00234937 -0.00214017 0.00137121 -0.000493715 -0.00125612 -0.000671692 -0.00098227 -0.00213343 -0.000878455 -8.56557e-05 -0.000541434 -0.00124107 -0.000323326 -0.000818451 -0.000180927 -0.000252469 -0.000787609 -0.000838934 -0.000943788 -0.000135992 -0.000698356 -0.000687697 -0.0003932 -0.000607788 -0.00085673 -0.00089669 -9.61959e-05 -0.00114077 -0.000562284 -0.00055847 -0.000786579 4.49973e-05 -4.17343e-05 -0.000552371 -0.00127707 -0.000635183 -0.000258071 -0.000766254 -0.000948492 -0.0007809 -4.81333e-05 -0.000603854 -0.000988733 -0.000366823 -0.000289726 -0.00086633 -0.0011136 -0.00126222 -0.000901999 0.000138915 -0.000624206 -0.000197394 -0.000380353 -0.000931698 -0.00155384 -0.00118766 -0.000971341 5.77434e-05 -0.0011411 -0.000917867 0.000225196 -0.000937 -0.000721124 -0.00061985 -0.0012216 -0.000416624 -0.000423902 -0.000946071 -0.000809759 0.000267048 -0.00088862 -0.000548552 -0.000381626 
-0.000579313 0.000756788 -6.93406e-05 0.0756109 -0.000356625 -0.000129794 -0.000426665 -0.000336039 -0.000185955 0.00043477 -0.00272216 -0.00142503 -0.00153609 -0.00204712 -0.00191217 -0.00133433 0.000162874 -0.00216598 -0.00259426 -0.00133296 -0.00448915 -0.00357408 -0.00103069 -0.00110295 -0.00131524 -0.00157468 -0.00319181 -0.0024424 -0.00141854 -0.00058279 -0.000660852 -0.000235007 -0.000484056 -0.000451936 -0.000691174 -0.00122752 -0.000759828 -0.000370029 -0.000512296 -0.00107063 -0.000814116 -0.000513469 -0.000177818 7.25549e-05 -0.000810628 -0.000309112 -0.000858348 -0.000919945 3.54971e-05 -0.00025927 -0.000411155 -0.000732698 -0.000491865 -0.00062439 -0.00118656 -0.000369862 -0.000565049 -0.000887466 -0.00084951 -0.000887328 7.60038e-05 -0.000310418 -0.000692559 0.000133658 -0.000411234 0.000106406 -0.00050148 -0.000495804 -0.000765325 -0.000979386 -0.000895194 -0.00072787 0.000292413 -0.000177247 -0.000574566 -0.00111605 -0.000480773 -0.000560876 -0.000290203 -0.000851239 -0.00139149 -0.000543151 -0.000535198 -0.000857328 -0.000586077 -9.71617e-05 -0.000762126 -0.000614416 -0.000120001 2.38225e-05 -0.000892753 -0.000518682 -0.00072326 -0.000852649 -0.000129752 7.79648e-06 -6.16447e-05 -0.000416752 -0.00067191 -0.000100845 
2.79143e-05 -0.000217136 0.00068084 -0.000356625 0.0841296 0.000356847 8.01216e-05 0.000484901 -0.000291677 0.000921517 -0.000502631 -0.0028589 -0.00172778 2.22252e-06 -0.0026561 -0.00129045 -0.00281548 -0.00158785 -0.00127775 -0.00157694 -0.00196931 -0.00224498 -0.0038003 -0.0047286 -0.00244863 -0.00361535 -0.00206231 -0.00391243 -0.000502704 -0.00233036 -0.00199733 -0.001742 -0.00230038 -0.00061758 -0.00212159 -0.00030979 0.000266411 -0.000114074 -0.000222522 -0.00125091 -0.00124815 -7.93096e-05 -6.35212e-05 -0.000656018 -0.00103187 -0.00108224 -0.000389894 -2.58114e-05 -0.00114251 -0.000694041 -0.000305545 -0.00104477 -0.000515987 -0.000199986 -0.000672947 -0.000581163 -0.000616929 -0.000569248 -0.000238822 -0.000726209 -0.000645926 -0.00107275 -0.000529046 -0.000257763 -0.00130544 -0.000299285 0.000179875 -0.000814191 -0.000784495 -0.000335325 -0.000175143 -0.000427948 -0.000649586 0.000166554 -0.000749539 -0.00039971 -0.000273686 -0.000225834 -0.000399961 -0.000408171 -0.000840665 -7.6086e-05 -0.000684212 -0.000739637 -0.000785949 -0.000779882 -9.87959e-05 0.000236508 -0.00122565 -0.00163496 -1.32333e-05 -0.000441701 -0.000505913 -0.000261297 -0.000330521 -0.000451084 -0.000432645 0.000480907 -0.000777395 -0.000845299 
-0.00101101 -0.000993921 -0.000231822 -0.000129794 0.000356847 0.0960916 -0.000862376 0.000261013 -0.0018526 -0.000651941 -0.0010273 -0.00323887 0.000153944 -0.00169817 -0.00218864 -0.00235908 -0.000883493 -0.00509157 -0.00235441 -0.00388874 -0.00515092 -0.000513653 -0.00237789 7.21538e-06 0.000424844 0.000487566 -0.00223493 -0.00391955 -0.00290268 -0.00174468 -0.00284239 -0.000808841 -0.000355414 -0.000588828 0.000155786 -0.00170225 -0.000679352 -0.000898553 -0.000147163 -0.000403951 -0.00163435 -0.00092447 -0.000214227 -0.000688763 -0.000671276 -0.000525783 -1.97508e-05 -0.000482333 0.000197098 -0.000368258 -0.000111764 -0.000803745 -0.000415183 -0.000964063 -0.000800538 -0.000813131 -0.000900659 -0.000491091 -0.00154122 -0.000689796 -0.00146803 -0.00074006 -0.00100977 -0.000637852 -0.00107161 -0.000292226 -0.00119808 -0.000282468 -0.000843409 -0.000760513 -0.000929722 -0.000961108 -0.00120044 -0.00108425 -0.00111959 6.03609e-05 -0.000452701 0.000277638 -0.00129457 -0.000676705 -0.000432881 -0.00105265 -0.000807053 -0.00113734 -0.00114529 -0.000270393 -0.00134547 -0.00192881 -0.0014093 -0.000693443 -0.000390248 0.00022146 -2.82068e-05 -0.00115558 -0.000713262 -0.000950609 0.000134285 0.000221426 9.27249e-06 -0.000781576 
0.000329538 -0.000810087 -0.000164909 -0.000426665 8.01216e-05 -0.000862376 0.102869 -0.00076518 1.66557e-05 -0.00173029 -0.000404004 -0.00184008 -0.00396922 -0.00220614 -0.00348948 -0.00132042 -0.00368937 -0.00428589 -0.00251018 -0.000926164 -0.00327718 0.00084291 -0.00587325 -0.00255735 -0.00239539 -8.81954e-05 -0.00195869 -0.000274865 -0.00216473 -0.0012352 -0.0010513 0.000861762 -0.00194442 -0.00187758 8.78123e-06 -0.000204464 -0.000596313 -0.00148732 -0.00209975 -0.00122171 -0.000446158 -0.000910363 -0.000228549 -0.00140841 -0.00106752 -0.000989824 -0.000859916 -0.000790319 -0.000375603 -0.000736403 -0.000970499 -0.00120334 -0.00113042 -0.000441557 -0.00161171 -0.000793922 -0.000547273 -0.00118528 -0.000291433 -0.000188302 -0.000374678 -4.83818e-05 8.74828e-05 -0.00152745 -0.000820562 -0.000696787 -0.00146492 -0.00195905 -0.00136981 -0.000994424 -0.00112841 -0.00131781 -0.000628948 -0.000909386 -0.000761059 -0.000332818 0.000187383 -0.000638761 -0.00159422 -0.000604314 -0.00132881 -0.00092908 -0.000329178 -0.000670236 -0.000195576 -0.000734744 -0.000455412 -0.000765229 -0.000662543 -0.000470622 -0.00105386 -0.000448024 -0.000412821 -0.00132878 -0.000581465 0.000520606 -0.000640424 0.000360312 -0.00158299 -0.000517797 
-0.00105078 -0.000948939 -0.00037129 -0.000336039 0.000484901 0.000261013 -0.00076518 0.1059 -0.00042989 -0.000518235 -0.000790288 -0.000744847 -0.000264115 -0.00162784 -0.00413935 -0.00545923 2.23629e-05 -0.00330544 -0.00319232 -0.00398638 -0.00247352 -0.0016658 -0.00308711 -0.00286971 -0.00192479 -0.00645499 -0.00134801 -0.00318311 -0.000619814 -0.00171685 -0.00148518 -0.00110385 -0.00137643 -0.00065744 -0.000635772 -0.00224293 -0.000943932 -0.000452442 -0.000416326 -0.000364666 -0.00215682 -0.00142665 -0.000107781 0.000188042 -0.00122385 -0.000894797 0.000422397 -0.000118885 -0.00106581 -0.000486874 -0.00116571 -0.000693986 -0.000224019 0.000243465 -0.000571625 -0.000795665 -0.00126095 -0.000425572 -0.00070725 -0.000666798 -0.000398559 -0.00153421 -0.000429348 -0.000554585 -0.00134534 -0.00111856 -0.000721832 -0.00181723 0.000711587 -0.0012231 -0.000351247 -0.0012404 0.00101728 -0.000610167 -0.000742263 -0.000547225 -0.00028036 -0.000595951 -0.000159016 -0.000386542 -0.00130658 -0.00136099 -0.00171377 -0.00172312 -0.000690741 -0.000925627 -0.000539215 -0.00101726 -0.0011428 -0.00272617 -0.000495931 -2.04273e-05 -0.00066989 -0.000691352 -0.000599962 -0.000880385 -0.000384866 -0.000430735 -0.000198405 -0.000731207 
2.46807e-05 -0.00280667 -0.00183467 -0.000185955 -0.000291677 -0.0018526 1.66557e-05 -0.00042989 0.116659 -0.000227807 -0.00101296 -0.000401838 -0.00116402 -0.000706783 -0.00292305 -0.0033028 -0.00340075 -0.00173781 -0.00424622 -0.000615734 -0.00278627 -4.51465e-05 -0.00692841 -0.00335044 -0.00349801 -0.00411968 -0.00281465 -0.00243493 -0.00216488 -0.00341689 -0.00067959 -0.0012032 -0.00130307 -0.00149324 -0.00164426 -0.000974085 -0.00138576 -0.0020406 -0.00139609 -0.00136171 0.000495293 -0.000229867 -0.000704963 -0.00233664 -0.000756644 -0.000280059 -0.000869578 -0.000980866 -0.000671684 -0.000943497 -0.000404047 -0.000359883 -7.5217e-05 -0.000720089 -0.000596433 -0.000209366 -0.00134314 -0.000683498 -0.000204392 -0.00177592 -0.00135698 -0.000540051 -0.000914593 -0.0018853 -0.000879895 0.000474711 -0.00065629 -0.00141417 -0.000760138 -0.000692442 -0.000461246 -0.00154325 -0.000368421 -0.000622004 -0.000934248 -0.000557513 0.00020103 -0.000437695 -0.000353713 -0.000631395 -0.00144767 -0.000142943 -0.000764941 -4.2569e-05 -0.000564639 -0.000476267 -0.00190451 -0.00235964 -0.00163966 6.99605e-05 -0.000391182 -0.00119495 -0.000897738 -0.000448769 -0.000839157 -0.000293687 -0.00133392 -0.000730879 -0.000551537 -0.000579186 
0.000342551 0.000755881 -0.000304571 0.00043477 0.000921517 -0.000651941 -0.00173029 -0.000518235 -0.000227807 0.126332 -0.003456 -0.00271634 -0.000632574 -0.0028825 -0.00529718 -0.00309046 -0.00399069 -0.00230666 0.00244077 -0.00131725 -0.00147173 -0.00539194 -0.00417098 -0.00780523 -0.00612741 -0.00358705 -0.00453109 -0.00242538 -0.00191008 -0.00447061 -0.00254421 -0.00175562 -0.00128166 -0.000401591 -0.00150406 0.000273368 -0.000667091 -0.00286665 -0.00164786 -0.00112154 -0.00191582 -0.00100141 -0.00122019 -0.000549971 -0.00194622 -0.000731073 -0.00132036 0.00036448 -0.000534362 -0.00108497 -0.000867556 -0.00152541 -0.000884479 -0.000625121 -0.000843203 0.000101479 -0.00211824 -0.00031029 -7.5417e-05 -0.000222646 0.000274007 -0.00217226 -0.000915178 -0.000979398 0.000314067 -0.000589232 -0.00108164 -0.00124053 -0.0012911 -0.000279412 -0.00141981 -0.000754115 -0.000415781 -0.00084902 -0.0016735 -0.000428967 -0.000204628 -0.00046937 -0.000872527 -0.00107182 0.00132863 -0.00148048 -0.000900013 -0.00038179 -0.000624061 0.000444239 -0.000100971 -0.000217009 -0.00110129 -0.00169883 -0.00137132 -0.000832834 -0.000702484 -0.000939712 -0.000792307 -0.000799461 -7.86555e-05 -0.00147475 -0.000113133 -0.00142936 
-0.000755069 -0.000705894 -0.000738146 -0.00272216 -0.000502631 -0.0010273 -0.000404004 -0.000790288 -0.00101296 -0.003456 0.147666 -0.0025302 0.00189153 -0.00406073 -0.00184173 -0.00272693 -0.0032973 -0.00679237 -0.0061916 -0.00424556 -0.00472042 -0.00149288 -0.00559218 -0.00072675 -0.00135106 -0.00649306 -0.00235183 -0.0047429 -0.00277887 -0.000256777 -0.000596645 -0.00121651 -0.00315499 -0.000974732 -0.00131532 -0.00169861 -0.000557359 -0.00183128 0.00023191 -0.00199479 -0.00154129 -0.000737496 -0.00117455 -0.00229483 -0.00136338 -0.000288716 0.000285538 -0.00055912 -0.00209252 -0.000993099 0.000517359 -0.00237198 0.000312915 -0.00179187 -0.00203247 -0.00176606 -0.00157217 -0.00209183 -3.30497e-05 -0.00097789 -0.00189748 -0.00118004 -0.00176396 -0.0022812 -0.00277493 -0.000564026 -0.000201408 -0.000429793 -0.000568237 -0.000367373 -0.000988662 -0.000362379 -0.000869774 -0.000735128 0.000184609 -0.000520262 -0.00183737 -0.00206222 -0.000916991 -0.00154473 -0.000746692 -0.00133354 0.000300398 -0.00134726 -0.00104549 -0.000838226 -0.000332167 0.00021128 -0.000698082 -0.00236207 -0.000706265 0.000274978 -0.000770939 8.42257e-05 -0.00118739 -0.00368507 -0.00100104 -0.00104838 -0.000567081 -0.00109445 
-0.0032686 -0.00200517 -0.00137851 -0.00142503 -0.0028589 -0.00323887 -0.00184008 -0.000744847 -0.000401838 -0.00271634 -0.0025302 0.182383 -0.00373582 -0.00521888 0.00132974 0.00240327 -0.00205036 -0.00060769 -0.00553285 -0.00101338 -0.00127889 -0.00417031 -0.00521573 -0.0077167 -0.00641946 -0.00422235 -0.00766629 -0.00531455 2.74887e-05 -0.000363791 -0.00101361 -0.00446236 -0.000655716 -0.000188712 0.000309399 -0.000879963 -0.00180895 -0.000213263 -0.00183216 -0.00104109 -0.00245853 0.000484272 -0.000574809 -0.000551853 -0.00163231 -0.00167964 -0.00115168 -0.00157203 -0.00287023 -0.00247193 -0.00159279 -0.00158865 -0.0025363 -0.00187686 -0.000934069 -0.00185672 -0.00194398 -0.0021966 -0.00171516 -0.00139319 -7.94936e-06 -0.00110928 -0.00201605 -0.00138377 -0.00229481 -0.000894103 -0.00197994 -0.000867498 -0.00234255 -0.00180215 -0.000113067 -0.000658463 -0.00328488 0.000158614 -0.000240096 -0.00117217 -0.0015189 -0.00133551 -0.00122801 -0.00331008 -0.0018887 -0.00228895 -0.00158026 -0.00242813 -0.00115489 -0.00138808 -0.00101615 -0.00127415 -0.00171632 -0.0030559 -0.00234549 -0.00334315 -0.00133641 -0.00325504 -0.000942785 -0.000197754 -0.000516735 -0.000652745 -0.00104711 -0.000479304 
-0.00252624 3.17636e-06 -0.00113955 -0.00153609 -0.00172778 0.000153944 -0.00396922 -0.000264115 -0.00116402 -0.000632574 0.00189153 -0.00373582 0.191111 0.0013996 0.0011414 -0.00471849 0.00210235 -0.00312372 -0.00704391 0.000774029 -0.00961079 -0.00972204 -0.00598989 -0.00156649 -0.000591885 -0.00542555 -0.00253352 -0.00711186 -0.00217721 -0.00323434 -0.00271922 -0.00353751 -0.00303124 9.03097e-05 -0.00555656 -0.000835149 -0.000673627 -0.00327242 -0.00208067 -0.00120292 -0.00292212 -0.00236577 -0.00176839 -0.00180014 -0.00160911 -0.00195197 -0.000307974 -0.00197394 -0.00145033 -0.00189285 -0.000986705 -0.00142319 -0.000723767 -0.00246037 -0.00275409 -0.00344305 0.000156964 -0.00259565 -0.00280801 -0.00170582 -0.000446008 -0.000874751 -0.00240568 -0.00295346 -0.00185267 -0.00274541 -0.0021559 -0.00364284 -0.00125334 -0.000194241 -0.00211369 -0.00169233 -0.00194122 0.00122594 -0.00122931 -0.00173482 -0.000769671 -0.00273897 -0.000544883 -0.00217002 0.001303 -0.00193639 -0.00100112 -0.00206582 -0.00429577 -0.00149059 -0.00143029 -0.000952208 -0.00194394 -0.00362524 -0.00122678 -0.000450337 -0.00199381 -0.000357311 -0.00193447 -0.000342214 0.000115485 -1.08837e-05 -0.00236626 -0.00118801 
-0.00180546 -0.00467386 0.000367672 -0.00204712 2.22252e-06 -0.00169817 -0.00220614 -0.00162784 -0.000706783 -0.0028825 -0.00406073 -0.00521888 0.0013996 0.226005 -0.00247864 -0.00425889 0.00602664 0.00461046 0.0029543 -0.00616226 -0.00490044 -0.00753171 -0.00964969 -0.00217663 -0.010318 -0.00879179 -0.00497581 -0.00363736 -0.00460588 -0.0049165 -0.00292413 -0.00204841 -0.00383589 -0.00549648 -0.00190332 0.00325895 -0.00328456 -0.00193829 -0.00138602 -0.00191748 -0.000810835 -0.00240878 -0.00251043 -0.00137367 -0.00300749 -0.000622421 -0.00258337 -0.00547372 -0.00308401 0.000171174 -0.0015584 -0.000717863 -0.00135576 -0.00180327 -0.000792395 0.000478408 -0.00230063 -0.00183787 -0.00169702 -0.00272317 0.000200581 -0.00389933 -0.00331583 -0.00250862 -0.00129384 -0.00261896 -0.00151367 0.000962688 -0.00135748 -0.00466 -0.0016359 -0.00129059 -0.0037295 -0.00305621 -0.00263289 -0.00264049 -0.00333186 -0.000580653 -0.00359282 -0.00293278 -0.0016105 0.000679383 -0.002836 -0.00251602 -0.00276078 -0.0024784 -0.00206615 -0.00322151 -0.00190115 -0.00187654 0.000144869 -0.00174965 -0.000825708 -0.00145334 -0.00216482 -0.00231755 -0.00181373 -0.00175633 -0.0037033 -0.000891953 
-0.00252293 -0.00161102 -0.00188857 -0.00191217 -0.0026561 -0.00218864 -0.00348948 -0.00413935 -0.00292305 -0.00529718 -0.00184173 0.00132974 0.0011414 -0.00247864 0.218507 0.00176515 -0.00309959 -0.00861379 -0.00709325 -0.00032397 -0.0101246 -0.0113218 -0.00583098 -0.00483705 -0.00411644 -0.00362722 -0.00630212 -0.00272838 -0.00385248 -0.00138259 -0.0022319 -0.00264013 -0.00218179 0.00127739 -0.0050649 -0.000327238 0.000695647 -0.00198402 -0.00100587 -0.0015889 -0.00364535 -0.00276361 -0.000941002 0.00035558 -0.00256408 -0.00236057 -0.00245629 -0.0025128 -0.00131592 -0.00151954 -0.00187336 -0.00184635 -0.00301786 -0.00103051 -0.00228978 6.2595e-05 -0.000131787 -0.00151976 -0.00261707 -0.00178463 0.000680653 -0.00151358 -0.00208968 -0.00282753 -0.0034952 -0.000606133 0.000574782 -0.00261066 -0.0043569 -0.00182563 -0.00168255 -0.00186191 -0.0021946 -0.00231652 -0.00147619 -0.00291345 -0.00181999 -0.00180013 -0.00230792 -0.000513326 -0.000767145 -0.00136526 -0.0016419 -0.00239829 -0.00272236 -0.00125351 -0.00299015 -0.00198885 -0.00103337 -0.000492395 -0.00143577 -0.00146835 -0.00152441 -0.00143836 -0.00072383 -0.00243454 -0.000212425 -0.000595559 -0.00133106 -0.000942597 
-0.00229746 -0.000838706 -0.00146499 -0.00133433 -0.00129045 -0.00235908 -0.00132042 -0.00545923 -0.0033028 -0.00309046 -0.00272693 0.00240327 -0.00471849 -0.00425889 0.00176515 0.228846 -0.00309165 -0.00298746 0.00345874 -0.00550871 -0.00136821 -0.00997958 0.00168532 -0.00519736 -0.00491989 -0.00468592 -0.0101606 -0.0105378 -0.016122 -0.00496031 0.00115083 -0.00148832 -0.00394038 -0.00258182 -0.00190152 -0.00377337 -0.00217629 -0.000710897 0.000208794 -0.0017422 -0.00215515 -0.000798325 -0.000943542 -0.000956792 -0.00273805 -0.00335364 -0.00469813 -0.00158933 -0.00187183 0.000175537 -0.00338731 -0.00264426 -0.00241093 -0.00339139 -0.00191009 0.000396466 -0.000776307 -0.00265021 -0.00139011 -0.0017706 -0.00303909 0.000448799 -0.00137037 -0.00248628 -0.00312855 -0.00161327 -0.00101542 -0.00306482 0.00017017 -0.00347809 -0.000321612 0.000403641 -0.00271941 -0.00175429 -0.00100764 -0.00150517 -0.000437966 -0.00130599 -0.0025094 -0.00158679 -0.00362467 -0.00201929 -0.00144582 -0.00333395 -4.26459e-05 -0.000858687 -0.00137949 -0.00386474 -0.00245704 -0.00418036 9.97039e-05 0.00104838 -0.00474591 -0.00025111 -0.00153181 -0.00203744 -0.00203326 0.0010937 -0.00266496 -0.00280663 
-0.00397382 0.00491569 -0.000918492 0.000162874 -0.00281548 -0.000883493 -0.00368937 2.23629e-05 -0.00340075 -0.00399069 -0.0032973 -0.00205036 0.00210235 0.00602664 -0.00309959 -0.00309165 0.249992 -0.00399185 -0.00317967 -0.0109558 -0.000900125 -0.00223646 -0.00997402 -0.00141149 -0.00653019 -0.00492065 -0.0117262 -0.0102203 -0.00428383 -0.00240096 -0.00231852 -0.00439532 -0.000887675 -0.00528336 -0.00397879 -0.0013561 -0.00388492 -0.000508934 -0.00286046 -0.00141361 -0.00383884 -0.00311649 -0.00209697 0.000521655 -0.0019841 -0.00164256 -0.000667586 0.000559328 -0.00183996 -0.00255908 -0.00399903 -0.0011361 -0.000429505 -0.00227633 -0.00108043 -0.00234137 -0.000910339 -0.00433485 -0.00318654 -0.00200007 -0.00328735 -0.00187718 -0.00150193 -0.00361899 -0.00485856 -0.00357138 -0.00171214 -0.00347779 -0.00151569 -0.00320711 -0.00185913 -0.000531681 -0.00159712 -0.000878293 -0.0031363 -0.000625958 -0.00217322 -0.0020256 -0.00134925 -0.00432873 -0.00320802 0.000992138 -0.00350095 -0.00253134 -0.00409461 -0.00202554 -0.00316721 -0.00158647 -0.000328524 -0.000145397 -0.00457925 -0.00208118 -0.000476257 -0.0028513 -0.000497568 -0.00389135 -0.00108481 -0.00305173 -0.00591708 -0.0028723 
-0.00370306 -0.00126906 -0.00094012 -0.00216598 -0.00158785 -0.00509157 -0.00428589 -0.00330544 -0.00173781 -0.00230666 -0.00679237 -0.00060769 -0.00312372 0.00461046 -0.00861379 -0.00298746 -0.00399185 0.249938 0.00293525 -0.00271862 0.0014072 -0.00921431 0.00113038 -0.00462286 -0.0154059 -0.0068252 -0.00338872 0.00387965 -0.00528823 -0.00610218 -0.00534964 -0.0041869 -0.00339818 -0.0044342 -0.00262537 -0.00293346 -0.00229864 -0.00372893 -0.00257399 -0.00255111 -0.00127122 -0.00314843 -0.00128875 -0.00200853 0.00113244 -0.00187404 -0.00111784 -0.00177739 0.00130409 -0.00023647 -0.00187202 -0.00247612 -0.00202948 -0.00463189 -0.00399629 -0.00246405 -0.00315553 -0.000944595 -0.00291385 -0.00209898 -0.000996155 -0.00510976 -0.00281877 -0.000183205 -0.00164971 -0.00259497 -0.000382196 -0.000539224 -0.00185036 -0.00208672 -0.00278912 -0.00333241 -0.00284248 -0.00288926 -0.00341145 -0.00434309 -0.00334575 -0.00173093 -0.00239854 -0.00060003 -0.00280388 -0.00208087 0.000445598 -0.00214816 -0.00200225 -0.00296869 -0.00284734 -0.00468886 -0.000329435 -0.00218795 -0.00313851 -0.00030584 -0.00361848 -0.00118075 -0.00167772 -0.000593452 2.93808e-06 -0.00512149 -0.00111162 -0.00262454 
8.07263e-05 -0.00141661 0.000812468 -0.00259426 -0.00127775 -0.00235441 -0.00251018 -0.00319232 -0.00424622 0.00244077 -0.0061916 -0.00553285 -0.00704391 0.0029543 -0.00709325 0.00345874 -0.00317967 0.00293525 0.249417 -0.00379236 0.00628537 -0.00971002 0.000976126 -0.00886826 -0.00936864 -0.00493641 -0.0102621 -0.00534685 -0.00338186 -0.00411609 -0.00991762 -0.00222223 -0.00239391 -0.00298903 -0.00537839 -0.00256418 0.00164967 -0.00173593 -0.00115429 -0.00536126 -0.00169854 -0.00202824 -0.00435583 -0.00473481 -0.00337605 -0.000804699 -0.0058474 -0.00286852 -0.00345827 -0.00256443 -0.00329731 -0.00348007 -0.00348121 -0.00204162 -7.0526e-05 -0.00206049 -0.00296083 -0.00082869 -0.00223954 -0.00179622 0.00112906 -0.00175291 -0.00175733 -8.10631e-06 -0.00143745 -0.00166392 -0.00203586 -0.000596229 -0.00117423 -0.00160239 -0.00388976 -0.00127177 -0.00351528 -0.00205658 -0.00237097 -0.00296798 -0.00136233 -0.00222919 -0.00195464 -0.00141202 -0.000655861 -0.00426919 -0.00270048 -0.00315826 -0.000819142 -0.00199283 -0.00155621 -0.00405724 -0.000856458 -0.00346656 -0.000625361 -0.000906571 -0.00192057 -0.00634454 -0.00157928 -0.00396423 -0.00254107 0.000157402 -0.000234188 -0.00146369 
-0.00207523 -0.00401542 -0.00232896 -0.00133296 -0.00157694 -0.00388874 -0.000926164 -0.00398638 -0.000615734 -0.00131725 -0.00424556 -0.00101338 0.000774029 -0.00616226 -0.00032397 -0.00550871 -0.0109558 -0.00271862 -0.00379236 0.248731 -0.0115261 -0.0094145 -0.00461123 -0.00523315 0.00368833 -0.00560288 -0.00452025 -0.0102453 -0.00082518 -0.00797188 -0.00659149 -0.00283857 -0.00183939 -0.0019139 -0.00168432 -0.00102987 -0.0017975 -0.00187747 -0.00333138 -0.00296952 -0.00220561 -0.00111386 -0.000506832 0.00103576 -0.0037904 -0.00424754 -0.00242426 -0.00165104 -0.00260896 -0.00257949 -0.000702385 -0.00169241 -0.00193825 -0.00341489 -0.00208674 -0.0030773 -0.000772201 -0.00221053 -0.00274071 -0.000602018 -0.00167388 -0.00183937 -0.00335192 -0.00366223 -0.00319066 -0.00222442 -0.00239444 -0.000173664 -0.000316964 -0.00401424 -0.00313414 0.000411776 -0.00236636 0.00134037 -0.00164253 -0.00103391 -0.00301388 -0.00348467 -0.00172847 -0.00177154 9.73561e-05 -0.00237234 -0.00242432 -0.00118263 -0.00264107 -0.0030105 -0.00310929 -0.000834981 -0.00102264 -0.00338736 -0.00216728 -0.00224235 -0.000338575 -0.000216306 -0.00241141 0.000631395 -0.000839227 -0.00234083 -0.000978755 -0.00119949 
-0.00040373 -0.00328508 -0.00459472 -0.00448915 -0.00196931 -0.00515092 -0.00327718 -0.00247352 -0.00278627 -0.00147173 -0.00472042 -0.00127889 -0.00961079 -0.00490044 -0.0101246 -0.00136821 -0.000900125 0.0014072 0.00628537 -0.0115261 0.249759 -0.00445747 -0.00604693 -0.00751942 -0.0049777 -0.00528095 -0.00626755 -0.00387524 -0.00501632 -0.00736181 -0.00229027 -0.00410826 -0.000550603 -0.00467004 -0.00241208 -0.0063097 -0.00254262 -0.00298189 -0.00162896 -0.00201396 -0.00168822 -0.000863822 -0.000927809 -0.00166094 -0.00120597 0.000872687 -0.00422902 0.00057832 -0.00146552 -0.00281684 -0.00157828 -0.00401411 -0.00126351 -0.000366066 -0.00179911 -0.00147589 -0.00130158 -0.00241249 -0.0010841 -0.00165996 -0.000625863 -0.000269666 -0.00263237 -0.00078539 0.000950917 -0.000613593 -0.00208412 -0.00222335 -0.00384214 -0.000559712 -0.0039603 -0.0024286 0.000674981 -0.00280953 -0.00160954 -0.00418957 -0.00205352 -0.00242715 -0.00431581 -0.00222851 -0.0010917 -0.001835 -0.00289463 -0.00126218 -0.000960634 0.000173415 -0.000854385 -0.00205028 -0.00238524 -0.00315346 -0.00121532 -0.00276778 -0.00273802 -0.00250028 -0.00236611 -0.000768717 -0.00159981 -0.00145251 -0.00215746 -0.000533458 
-0.00397053 -0.00173168 -0.0032747 -0.00357408 -0.00224498 -0.000513653 0.00084291 -0.0016658 -4.51465e-05 -0.00539194 -0.00149288 -0.00417031 -0.00972204 -0.00753171 -0.0113218 -0.00997958 -0.00223646 -0.00921431 -0.00971002 -0.0094145 -0.00445747 0.249963 -0.000942715 -0.00260829 -0.00447515 -0.00654896 -0.0055108 -0.00826247 -0.00204462 -0.00647579 -0.00443875 -0.00337893 -0.00333888 -0.0052613 -0.00131517 -0.00478434 -0.00437287 -0.00129192 -0.00280631 -0.00451162 -0.00214283 -0.00115518 -0.000970214 -0.00276657 -0.000946274 -0.00273074 -0.00119163 -0.00270582 -0.00200939 -0.00252506 -0.00245458 0.000476543 0.000638055 -0.000280816 -0.000796322 -0.00287378 -0.00151871 -0.00241746 -0.000450595 -0.000332169 -0.00421404 -7.24221e-05 -0.00103117 -0.00114539 0.00207982 -0.00314267 -0.00093607 -0.00212239 -0.00159455 -0.00182605 0.000785942 -0.0021835 0.000767108 -7.42658e-05 -0.000810663 -0.000504522 0.00113396 -0.00247385 -0.00110642 -0.0016367 -0.00091204 -0.00217178 -0.00153642 0.0014876 0.00178613 -0.000833626 -0.000598862 -0.000561922 -0.000865009 -0.00243188 -0.000923249 -0.00267913 -0.00180489 -0.000282454 -0.00287692 -0.00341139 -0.00300242 -0.000226274 -0.00280133 -0.00286655 
-0.00120125 -0.00617006 -0.00353948 -0.00103069 -0.0038003 -0.00237789 -0.00587325 -0.00308711 -0.00692841 -0.00417098 -0.00559218 -0.00521573 -0.00598989 -0.00964969 -0.00583098 0.00168532 -0.00997402 0.00113038 0.000976126 -0.00461123 -0.00604693 -0.000942715 0.24724 -0.000774735 -0.00441425 -0.000153982 0.00262423 0.000487236 -0.00470412 -0.00529528 -0.0051763 -0.00559522 0.000435435 -0.00114751 -0.00221264 -0.000992464 -0.00212487 -0.00121576 -0.00094611 -0.00151897 0.000109228 -0.00217516 -0.00378184 -0.00103569 -0.00044543 -0.0032189 -0.000456116 -0.00216863 -0.00162291 -0.00130448 -0.00231718 -0.00153525 -0.00134016 -0.00223521 -0.00278109 -0.00303583 -0.00382858 -0.00158191 -0.00268995 -0.000889132 -0.00146326 -0.000824516 -0.001543 0.000408365 -0.00280281 -0.00287325 -0.00445424 -0.00139091 -0.00252725 -0.00273421 -0.00124904 -0.00333782 -0.00139024 -0.00218694 -0.000537087 -0.00106633 -0.00317255 -0.00258141 -0.000517729 -0.00159671 -0.000592161 -0.00223499 -0.00362337 -0.00268576 -0.00252219 -0.00086025 -0.00343517 -0.00241284 -0.000872229 -0.000412285 -0.00137287 -0.00126508 -0.00220476 -0.00488084 -0.00366163 -0.00427389 -0.00360215 -0.00267677 -0.00238831 -0.00412053 
-0.00342441 -0.00253617 -0.00532933 -0.00110295 -0.0047286 7.21538e-06 -0.00255735 -0.00286971 -0.00335044 -0.00780523 -0.00072675 -0.0077167 -0.00156649 -0.00217663 -0.00483705 -0.00519736 -0.00141149 -0.00462286 -0.00886826 -0.00523315 -0.00751942 -0.00260829 -0.000774735 0.247392 -0.00615727 0.00114429 -0.00581516 0.00102883 -0.00375772 -0.00379606 0.00258452 -0.000992771 -0.00243123 -0.00279004 0.00212766 -0.00384007 -0.0047953 -0.00186387 -0.00211779 -0.00169557 -0.00254229 -0.0017167 -0.00307625 -0.00143895 -0.00198093 -0.00351739 -0.00135393 -0.00305308 -0.00218132 -0.00144373 -0.00238021 -0.000750133 -0.00284101 -0.0042665 -0.00202566 0.00134733 -0.00272735 -0.00435974 -0.00343728 -0.00347128 -0.00424359 0.00168903 -0.0032141 -0.00497213 -0.00207321 -0.0014926 -0.00102118 -0.00163479 -0.00233266 -0.00433322 -0.00018581 -0.00218326 -0.00249594 -0.00215453 -0.00154023 -0.00173691 -0.00124257 -0.000740994 -0.00146425 -0.00393497 -0.00186058 -0.00195426 -0.00048407 4.357e-05 -0.00146773 -0.00173165 -0.000916924 -0.00556779 -0.00256696 -0.00140552 -0.000667142 -0.00396515 -0.00233763 -0.00189515 -0.00199929 -0.00448542 -0.0034158 -0.00325631 0.0020613 -0.000871574 
7.76935e-05 -0.00125478 0.00157985 -0.00131524 -0.00244863 0.000424844 -0.00239539 -0.00192479 -0.00349801 -0.00612741 -0.00135106 -0.00641946 -0.000591885 -0.010318 -0.00411644 -0.00491989 -0.00653019 -0.0154059 -0.00936864 0.00368833 -0.0049777 -0.00447515 -0.00441425 -0.00615727 0.238512 -0.00903128 -0.00355381 -0.00671773 -0.0016152 0.00351484 -0.00720521 -0.0010291 -0.00407237 -0.00324362 -0.00111695 0.00131941 -0.00366007 -0.000620004 -0.000756629 -0.00246649 -0.00292822 -0.00250679 -0.000939035 -0.00407572 -0.000490124 -0.0029447 4.78075e-05 0.00118773 0.000135246 -0.000467154 -0.00135243 -0.0010155 -0.00034348 -0.000529264 -0.00136404 -0.00488161 -0.00237746 -0.00240724 -0.00129153 -0.00270489 -0.000696081 -0.00201243 0.000699136 -0.00267304 -0.00376264 -0.00272971 -0.00396866 -0.00250126 6.22579e-05 -0.00120924 -0.00184021 -0.002105 -0.000784974 0.000285416 -0.0032305 -0.00066916 -0.00177524 0.00146039 -0.00106851 -0.00199777 -0.00490138 -0.00269887 -0.00278447 -0.00387481 -0.00253242 -0.00358107 -0.00144489 0.000347238 -0.00133369 -0.00239274 -0.00212578 -0.000254295 -0.000855612 -0.00205087 -0.00178405 -0.00246942 -0.00336297 -0.0032874 -0.00240567 -0.000459348 
-0.000296445 -0.000604884 -0.00354175 -0.00157468 -0.00361535 0.000487566 -8.81954e-05 -0.00645499 -0.00411968 -0.00358705 -0.00649306 -0.00422235 -0.00542555 -0.00879179 -0.00362722 -0.00468592 -0.00492065 -0.0068252 -0.00493641 -0.00560288 -0.00528095 -0.00654896 -0.000153982 0.00114429 -0.00903128 0.240462 0.000164809 0.00167444 -0.0074209 0.00389001 0.000305441 -0.00595094 -0.00305184 -0.00384582 -0.000173216 -0.00456547 -0.00370394 -0.00251023 -0.000682139 0.000149727 0.000754882 -0.00308263 -0.00299878 -0.00145486 -0.00282463 -0.00133129 -0.00256755 -0.00368038 -0.00130162 -0.0010405 -0.00165213 -0.00242448 -0.00154148 -0.00315895 -0.000757895 -0.00102291 -0.00262508 -0.00240085 -0.00151433 -0.00194507 -0.000508245 -0.000162497 -0.00349383 -0.00484053 -0.00139945 -0.00189099 -0.00105666 -0.00288555 -0.00131069 -0.00115776 -0.00359647 -0.00193586 -0.000286275 -0.00408675 -0.00275919 -0.00162569 -0.0011667 -0.000432252 0.000498379 -0.00313201 -0.00334004 -0.00486542 -0.00136288 -0.00265404 -0.00205919 -0.00153273 -0.000467384 -0.000308956 -0.00191288 0.00155525 -0.002464 -0.00369816 -0.00174506 -0.00182456 -0.000526318 -0.00206549 -0.00205367 -0.0019921 -0.003797 -0.00303021 
-0.00143264 -0.00108218 -0.00158108 -0.00319181 -0.00206231 -0.00223493 -0.00195869 -0.00134801 -0.00281465 -0.00453109 -0.00235183 -0.00766629 -0.00253352 -0.00497581 -0.00630212 -0.0101606 -0.0117262 -0.00338872 -0.0102621 -0.00452025 -0.00626755 -0.0055108 0.00262423 -0.00581516 -0.00355381 0.000164809 0.216009 0.00189382 0.00381164 -0.00294816 -0.00373721 -0.00236353 -0.00414526 9.85855e-05 -0.00482514 -0.00352386 0.0013027 -0.00346829 -0.00105694 -0.000816407 -2.68606e-05 -0.00168246 -0.00101161 -0.00335262 0.000458368 -0.0028318 -0.00105028 -0.00296553 -0.00158629 -0.0010617 -0.00192809 -0.000351967 -0.00300991 -0.00169724 -0.0023187 -0.00160013 -0.00244997 -0.000380419 -0.000546391 -0.000941322 -0.00236869 -0.000987732 -0.00136224 -0.00149793 -0.0024321 -0.00181142 -0.0012613 -0.00261621 -0.00274279 -0.000593583 -0.0027941 -0.00314622 -0.00124342 -0.00345539 -0.00126119 -0.00129544 -0.00150554 -0.000631368 -0.000537749 -0.00204576 -0.00132672 0.000440403 -0.00166515 -0.00230408 -0.00298419 2.98676e-05 -0.000908227 -0.00110269 -0.00139354 -0.00179883 -0.00252874 -0.000277613 -0.000968278 -0.000377645 -0.00110166 -3.16283e-06 -0.000641108 -0.00250633 -0.00215834 -0.00224715 
0.000179557 -0.00197491 -0.00234937 -0.0024424 -0.00391243 -0.00391955 -0.000274865 -0.00318311 -0.00243493 -0.00242538 -0.0047429 -0.00531455 -0.00711186 -0.00363736 -0.00272838 -0.0105378 -0.0102203 0.00387965 -0.00534685 -0.0102453 -0.00387524 -0.00826247 0.000487236 0.00102883 -0.00671773 0.00167444 0.00189382 0.21768 -0.00365222 -0.00384101 -5.9441e-05 -0.00142892 -0.000788463 -0.00112762 -0.0024651 -0.00269622 -0.00328744 -0.000837338 -0.00250449 -0.00347454 -0.0006298 -0.00267004 -0.00146157 -0.00354793 -0.000485332 -0.00272078 -0.00213459 -0.00538786 -0.000773463 -0.00108332 -0.00200213 -0.00387358 -0.00228646 -0.00110036 -0.00295579 -0.00260642 -0.00271286 0.00151408 -0.000606 -0.00249059 -0.00258876 -0.00181239 -0.00171134 -0.00111403 -0.000694135 -0.00100735 -0.00148019 -0.00215911 -0.00136763 -0.00162457 -0.00340745 -0.000893881 -0.00225518 -0.00251495 -0.00277583 -0.00113955 -0.000903496 0.000150053 -0.000355737 -0.00214992 -0.00124597 -0.00105591 0.000135491 -0.000223555 -0.0028887 -0.00205317 -0.00251379 -0.00185081 -0.00187404 -0.00115114 0.000328089 -0.0011779 -0.00163238 -0.00107289 -0.000536654 -0.00120442 -0.00104315 -0.00172324 -0.00340703 -0.000992103 
-0.00270795 -0.00385952 -0.00214017 -0.00141854 -0.000502704 -0.00290268 -0.00216473 -0.000619814 -0.00216488 -0.00191008 -0.00277887 2.74887e-05 -0.00217721 -0.00460588 -0.00385248 -0.016122 -0.00428383 -0.00528823 -0.00338186 -0.00082518 -0.00501632 -0.00204462 -0.00470412 -0.00375772 -0.0016152 -0.0074209 0.00381164 -0.00365222 0.196972 -0.00230644 -0.00264733 -0.00364226 -0.0036402 -0.000731732 -0.00450186 -0.00193692 -0.00304048 -0.00189811 -0.00245528 -0.00419034 -0.00362313 -0.00144002 0.000429434 -0.00184527 -0.00228876 -0.00302928 -0.00148247 -0.00215729 -0.000341386 -0.00313488 0.000369828 -6.96277e-05 -0.00166431 -0.000443022 -0.000803591 -0.000463575 -0.00105956 0.000693452 -0.000840787 0.0001538 -0.000619443 -0.00239405 0.000430188 -0.00120387 -0.000506493 -0.00340069 -0.000251244 -0.0025198 -0.00186984 9.82152e-05 -0.00106003 -0.00142965 -0.00222981 -0.000622015 -0.00153803 -0.00126477 -0.0013305 -0.00167548 0.000642221 0.000541333 -0.000548163 -0.00040426 -0.00269046 -0.00189456 -0.000324681 -0.00279881 -0.00072204 -0.00117223 -0.00198867 -0.00189687 -0.00218924 -0.00205206 -0.00170794 -0.00246485 -0.00117058 -0.00280136 -0.00109708 -0.00168673 -0.00144804 -0.00159998 
-0.00149672 -0.00182956 0.00137121 -0.00058279 -0.00233036 -0.00174468 -0.0012352 -0.00171685 -0.00341689 -0.00447061 -0.000256777 -0.000363791 -0.00323434 -0.0049165 -0.00138259 -0.00496031 -0.00240096 -0.00610218 -0.00411609 -0.00797188 -0.00736181 -0.00647579 -0.00529528 -0.00379606 0.00351484 0.00389001 -0.00294816 -0.00384101 -0.00230644 0.180065 -0.00194382 0.000161395 -0.00200426 -0.00285489 -0.00270556 -0.000339819 -0.000965902 -0.00296672 -0.0022429 -0.000715183 0.0013269 -0.00148271 -0.000392065 -0.000979666 -0.00258941 -0.00163275 0.00114448 -0.00245029 -0.00122608 -0.000359461 -0.00119979 -0.0024964 -0.0016389 -0.00175548 -0.00214219 -0.00105962 -0.00154325 -6.44983e-05 -0.00277259 -0.00101655 -0.000123998 -0.00294137 -0.00154215 -0.000830549 -0.00137651 -0.00133177 -0.00268256 -0.00178866 -0.000437372 -0.00134819 -0.00122591 -0.00115778 -0.00102728 -0.00219672 -0.00175611 0.000126139 -0.00061998 -0.000802506 -0.00241851 -0.00217912 -0.000566348 -0.00142836 -0.00226776 -0.00188035 -0.0014856 -0.000726174 -0.00203078 -0.00166725 -0.00361099 -0.00120636 -0.00187139 -0.00255544 -0.000222796 -0.00218701 -0.00201259 -0.00064161 -0.0013766 -0.00272443 -0.00156154 -0.00169511 
-0.000380008 -0.00118855 -0.000493715 -0.000660852 -0.00199733 -0.00284239 -0.0010513 -0.00148518 -0.00067959 -0.00254421 -0.000596645 -0.00101361 -0.00271922 -0.00292413 -0.0022319 0.00115083 -0.00231852 -0.00534964 -0.00991762 -0.00659149 -0.00229027 -0.00443875 -0.0051763 0.00258452 -0.00720521 0.000305441 -0.00373721 -5.9441e-05 -0.00264733 -0.00194382 0.144691 -0.000184035 -0.000739218 -7.33475e-05 -0.000612796 0.000462026 -0.00160322 -0.000863018 -0.00190376 -0.00180282 -0.000120143 -0.000380751 -0.000930557 -0.000932997 -0.000951979 -0.00184232 -0.00145018 -0.0012141 -0.000351197 -0.00181138 -0.0017679 -0.00135796 -0.00190327 -0.00171391 -0.000509456 -0.00113955 0.00026587 -0.00160433 -0.000558248 -0.00123827 -0.000941344 -0.00172481 3.02949e-05 -0.00132566 -0.00170289 0.000348597 -0.0013265 -0.00226582 -0.000805164 -0.000126751 -0.000564193 -0.000751272 -0.000471447 -0.00233903 -0.000533821 -0.00190891 0.000280709 -0.00102305 -0.00202347 -3.91618e-05 -0.00128784 -0.000443414 -0.00178086 -0.000656418 -0.00170415 -0.000697038 -0.00164435 -0.00247756 -0.00153283 -0.000473962 -0.00136051 -0.000174681 -0.00125156 -0.00130815 -0.00282624 -0.00155961 -0.000617068 -0.00222941 -0.00136598 -0.000809415 
-0.00112344 -0.00217569 -0.00125612 -0.000235007 -0.001742 -0.000808841 0.000861762 -0.00110385 -0.0012032 -0.00175562 -0.00121651 -0.00446236 -0.00353751 -0.00204841 -0.00264013 -0.00148832 -0.00439532 -0.0041869 -0.00222223 -0.00283857 -0.00410826 -0.00337893 -0.00559522 -0.000992771 -0.0010291 -0.00595094 -0.00236353 -0.00142892 -0.00364226 0.000161395 -0.000184035 0.13113 -0.00153976 -0.00232206 0.00111454 -0.000512648 -0.00242794 -0.000542478 -0.00130347 -0.00120041 -0.000403347 -0.000717433 -0.00049766 -0.00138185 -0.000483237 0.000283898 -0.000952516 -0.00168873 -0.00105918 -0.000598888 -1.24764e-05 -0.00135809 -0.0010845 -0.000685661 -0.00113942 -0.00182429 0.0012794 -0.000852247 -0.00140777 -0.00115998 -0.00200312 -0.00154709 -0.000682403 0.000969101 -0.000537515 -0.000925551 -0.00086536 9.9162e-05 -0.00200889 -0.00142482 -0.00147628 0.000100206 -0.000736605 -0.000697845 -0.00166807 -0.000196319 -0.000347734 -0.00088266 -0.00206669 9.33525e-05 -0.000460074 -0.000954754 -0.00120833 -9.99166e-05 -0.00203321 -0.000350996 -0.00141795 -0.00101854 -0.00218422 -0.0012927 -0.00119791 -0.00120782 6.01529e-05 -0.00118283 -0.00156489 -0.000937648 -0.00166046 -0.000486008 -0.00126475 -0.00129273 
