0.0632755 0.000134064 -0.000351607 -0.000403652 8.22973e-05 0.000306558 -0.000759639 -0.00105883 -0.00131872 0.000402373 -0.000310931 -0.000767923 -0.000658508 -0.00201293 -0.00201294 -0.00165545 -0.00259221 -0.00257172 -0.00165588 -0.00328269 -0.0028409 -0.00227645 -0.0021976 -0.0019446 -0.00321299 -0.00246075 -0.00228459 -0.000352862 -0.00128698 0.000434092 -0.0016832 -0.00105314 -0.000837023 0.000828645 3.8378e-06 -0.000450113 -0.000490814 -0.000221096 -0.000117905 0.000117082 -0.000338468 -0.000319669 5.65421e-05 2.12926e-05 -0.000122881 -0.00074531 -4.70333e-06 -0.000596365 -0.000720546 -0.000215777 -0.000250485 -0.000128017 -0.000290033 -0.000221581 -0.000204659 0.000150182 -0.000571357 -0.000269452 -0.000346235 0.000101259 -0.000181978 0.000146583 -0.00082852 -0.000817447 -0.000756674 -0.000633873 -0.000295751 -0.000522794 -0.000342512 -0.000247773 -0.000295127 -0.000262681 -0.000421996 -0.000279886 -0.000742554 -0.000440911 -0.000252605 -0.000560914 -0.000876652 -0.000406543 -0.000669597 -0.000528458 -0.000330281 -0.000116193 -0.0010409 -0.000732251 -5.46564e-05 8.73732e-05 -0.000399852 -0.000722854 -9.24608e-05 -0.000498322 -0.00025091 -0.000438148 7.73254e-06 -0.000341818 4.6326e-05 -0.000253162 -0.000450153 0.000355655 
0.000134064 0.0714297 -0.00070397 -0.00029875 -0.000908869 0.000177731 -0.000576457 -0.000561065 -0.00108397 -0.000449953 -0.00122919 -0.000299434 -1.06662e-05 -0.0019016 -0.0012815 0.000186069 -0.00234642 -0.00024184 -0.00257112 -0.000474497 -0.00143273 -0.00360431 -0.00405589 -0.00210004 -0.00113569 -0.00148268 -0.00229767 -0.00368203 -0.00324335 -0.00177435 -0.00150855 -0.00163697 -0.000581698 -0.000382083 -2.6447e-05 -0.000930674 -0.000426805 -0.00126957 5.44595e-05 -0.000478574 0.00013533 -0.000585349 -0.000729693 -0.000828386 -0.000330072 -0.00027991 -0.000621431 -0.000336186 -0.000115626 -0.00067567 0.00010359 0.000172302 -0.000579799 -0.00034293 -0.000308946 -0.000141289 -0.00082508 -0.000386055 -0.000389551 -0.000706073 -0.000622683 -0.000552549 -0.000306845 -0.000834815 -0.0014175 -0.0012567 -3.18785e-05 -0.000689521 -0.000304793 -0.000465812 -0.000509733 -0.000680929 0.000325706 0.000124048 -0.00053854 -0.00067205 -0.000332932 -0.000882973 -0.000430026 -0.00089519 -0.000232919 -0.000553873 -0.00035163 -0.000801359 -0.000944545 -0.000178845 0.000384614 -0.000273151 0.000227265 -0.000462327 -0.000730308 -0.000828409 -0.000702249 -0.000137467 -0.000965741 -0.000477517 -7.59281e-05 0.000448403 0.000156309 0.000253569 
-0.000351607 -0.00070397 0.0900635 -2.76453e-05 -0.000132071 -0.000815704 -0.000477529 0.000230124 -0.00107908 -0.00121226 0.000443648 -0.000571344 -0.00209004 -0.00196326 -0.00276773 -0.00457314 -0.00291136 -0.0031387 -0.00171713 -0.00235975 -0.00100818 -0.000634861 0.00164805 -0.00315386 -0.00129785 -0.00390064 0.000789645 -0.00374418 -0.00197916 0.000781396 -0.0012241 -0.00267164 -0.000355294 -0.000852373 -0.00144118 -0.00154449 -0.00131767 -0.00108415 -0.000629805 -0.00134501 -0.00101777 -0.000732 -6.37697e-05 -0.000285299 -0.00139297 -0.000620444 -0.000700573 -0.0012057 -0.00125759 -0.000749757 0.000263176 0.000278579 -0.000735987 -0.000374754 -0.000424421 -0.00060423 0.000221911 -0.000312464 -0.000636869 -0.00114222 -0.000676629 -0.000822123 -3.36261e-05 -0.000752406 -0.000789226 -0.00110661 -0.000469958 -0.00121154 -0.00027325 -0.0010437 -0.00119186 -0.000447485 -0.000342441 -0.000689636 -0.000747652 -0.00149754 -0.000544103 -0.00064524 -0.000966885 -0.00132566 -0.000904396 -0.000658191 -0.000488437 -0.000322612 -0.000784626 -0.00085974 -0.00113362 -0.000342238 -0.000254617 -0.000574537 -0.000622747 -0.000140421 -0.000292129 -0.000927341 -0.000322038 -0.000962506 -0.000582983 7.67437e-05 -0.000859436 -0.00085294 
-0.000403652 -0.00029875 -2.76453e-05 0.100758 0.000198587 -0.00103895 -0.000684265 -0.000542659 -0.000521455 -0.00194451 -0.000193222 -0.0037532 -0.00210778 -0.00368734 -0.00553633 -0.00359504 -0.00140852 -0.00396442 0.000164482 -0.00407843 -0.00204293 -0.00119563 -0.00135026 -0.00333052 -0.00309769 -0.00289333 -0.00387123 0.000110457 -0.00252225 0.000302034 -0.000309219 -0.00131144 -0.000879348 -0.00134984 -0.000315235 -0.000749374 -0.00151309 -0.00152024 -0.000780714 -0.00223078 -0.00260008 -0.000600471 -0.00079924 -0.000270984 0.000138459 -0.00129715 -0.000481717 -0.00100864 -0.000789212 -0.000255047 -8.73947e-06 -0.00138569 -0.000545998 -0.000617149 -0.00146808 -0.000627368 -0.000853967 -0.000653893 -0.00114825 -0.00126102 -7.74296e-05 0.000331301 -0.0012774 -0.00219313 -0.000187503 -6.62146e-05 -0.000763229 7.444e-05 -0.00090419 -0.000537189 -0.000675405 -0.00072672 -0.000598871 -0.00113627 -0.000611612 -8.98161e-05 -0.000641009 -0.000428788 -0.000887037 -0.000144315 -0.000343939 -0.000376003 0.000115604 5.4768e-05 8.70563e-05 0.000507941 0.000237329 -0.000788209 -0.000701648 -0.000941752 -0.000908747 -0.00156054 -0.000349643 -0.000484051 -0.000831634 -7.49921e-05 -0.00132029 -0.000285193 -0.000606128 0.000160706 
8.22973e-05 -0.000908869 -0.000132071 0.000198587 0.0838094 0.000607028 -9.66545e-05 -0.000688221 0.00207749 -0.00164964 -0.000892291 -0.000978424 -0.00216717 -0.00233156 -0.00319136 -0.0012246 -0.00527311 -0.0012584 -0.00353275 -0.00298525 -0.00242289 -0.000773453 -0.00357567 -0.00140303 -0.00330256 -0.00198741 -0.000593208 5.21692e-05 -0.00204749 -0.00136042 -0.00157941 -0.000814118 -0.00140244 -6.66707e-05 -0.00128125 -0.00101295 -0.000941324 -0.00204378 -0.0011972 -0.000693641 -0.00062589 -0.000503038 -0.000772141 -0.000643369 0.000184941 5.76483e-05 -0.000472642 -0.000733731 -0.00137901 -0.000274973 -0.00110267 -0.000604723 5.07385e-05 -0.000829097 -0.000470577 -0.000826778 -0.000822225 -0.000958532 -0.000996979 -0.000534149 -0.00106754 -0.000632671 -0.00144007 -0.000900686 -0.000434774 -0.00105568 -0.000100211 -0.000143653 -0.000687738 -2.69988e-06 -0.000712776 -0.000211196 -0.000943337 -0.000984011 -0.000353533 -0.000315624 -0.000587087 -0.00112548 -0.00027834 -0.000679723 -0.000615563 8.97553e-05 0.000529307 0.000104498 -0.000724178 4.87985e-05 0.000386047 -0.000282435 -0.000753407 -0.000531007 -0.000665355 -0.000124493 -0.00055501 -0.000737874 -0.000132422 -0.00109613 0.000818532 -0.000183881 -0.000905676 -0.000773198 
0.000306558 0.000177731 -0.000815704 -0.00103895 0.000607028 0.102805 -0.000620759 -6.09535e-05 0.000754858 -0.000309689 -0.00178762 -0.000290903 -0.00196837 -0.00266078 -0.00237945 -0.00145092 -0.00556834 -0.00543829 -0.00156001 4.52376e-05 0.00200142 -0.00598925 -0.0033294 -2.2482e-05 -0.00261737 -0.0011085 -0.00277692 -0.00152915 -0.0022352 0.000467281 -0.00143988 -0.00127421 0.000883238 -0.00168444 -0.00116549 -0.00169819 -0.00124006 -0.000988576 -0.000140198 -0.000167094 -0.000961906 -0.00142939 -0.0013216 -0.000352314 -0.000615342 -0.000636368 -0.000735063 -0.00101083 0.000138863 0.000117054 -0.000618492 -0.00105796 -0.000702763 -0.00149576 -0.0012881 -0.000204142 -0.000987052 -0.000485187 -0.00136837 -0.000123003 -0.000784766 -0.00138142 -0.000987415 8.58486e-05 0.000234389 -0.000986906 -0.00126404 -0.00152833 -0.00106996 -0.000908405 -0.00116078 -0.00130789 -0.000308071 -0.00146376 -0.00114377 -0.000421473 -0.00027515 -0.000773287 -0.00100087 -0.000835581 -0.000555593 -0.00111202 -0.000941304 -0.0011482 -0.000465986 -0.000550052 -0.00236938 -0.00143827 -0.0014726 -0.000419447 -5.9144e-05 -0.000728333 -0.00140764 -0.00143484 -0.000539004 -0.000458445 -0.00128655 -0.000921659 -0.00120081 -0.00176242 
-0.000759639 -0.000576457 -0.000477529 -0.000684265 -9.66545e-05 -0.000620759 0.106565 -0.000343007 0.000498997 0.00199911 -0.000907868 -0.00118655 -0.00395731 -0.00140662 -0.00220779 -0.00207285 -0.00244101 -0.00189556 -0.00195703 -0.002598 -0.000788288 -0.00527618 -0.00656063 0.000768983 -0.0048527 -0.0036641 -0.00200089 -0.0029622 -0.000870534 -0.00270498 -0.00039462 -0.00273775 -0.000690564 -0.000800494 -0.00135102 -0.00115681 0.000242718 -0.00253602 -0.00103385 -0.00146759 -0.000358818 -0.00114353 -0.0017009 -0.000939062 -0.00127465 0.000359227 -0.000762061 -0.00112734 -0.00110005 -0.000804877 -0.00113993 -0.000366513 -0.000575463 -0.00112414 -0.000935834 -0.00120844 -0.000912546 -0.000711931 -0.00129783 -0.00141846 -0.00158116 -0.000244165 -0.00164743 -0.000243053 -0.00104456 0.000145676 0.000315078 -0.000728603 -0.00032742 -0.00151216 -0.000770967 -0.00130793 -0.000595757 -0.000854568 -0.000185617 -0.0019112 -5.25748e-06 -2.74571e-05 -0.00017496 -0.000566373 1.62228e-06 -0.000516508 -0.000856058 -0.00147731 -0.000183147 -0.000359809 -0.000837794 -0.000820984 -0.00114344 -0.000412426 -0.00083263 -0.000241383 0.000658475 -0.000330804 1.29557e-05 -0.000567343 -0.000406645 -0.00114333 -0.00110577 -0.00166382 
-0.00105883 -0.000561065 0.000230124 -0.000542659 -0.000688221 -6.09535e-05 -0.000343007 0.10276 0.000279346 0.000419011 -0.00160354 0.00167931 -0.000730283 -0.00226988 -0.00339636 -0.00237741 -0.00247681 -0.00634713 -0.0026225 -0.00144891 -0.00444003 -0.00247936 0.000778187 0.000994219 -0.004164 -0.00287998 -0.00368698 -0.000965555 -0.000905638 -0.000691323 -0.000630506 -0.00301425 -0.00143966 -0.00168775 -0.00120843 -0.000114256 -0.000178497 -0.00186747 -0.000196515 -0.00162998 -0.00133332 -0.00111578 -0.000407347 -0.000828953 -0.000174849 -0.000548782 -0.000506184 -0.00139169 -0.000914388 -0.000447492 -0.000122312 -0.000584036 -0.000354782 -0.000978522 -0.000839499 -0.000875335 -0.000420909 -0.000526685 -0.000688041 -0.00164412 4.05267e-05 -0.000340766 -0.000480318 -0.000763436 -0.00104178 -0.00170294 -0.000187007 -0.000679528 -0.000869807 -0.000454698 -0.0008442 -0.00123047 -0.0014057 -0.00105166 -0.000538419 -0.000649967 -0.00138981 -0.00152867 -0.000854779 -0.00202232 -0.00270015 -0.000823015 -0.000598327 -0.000863104 -0.00118265 -0.000654705 -0.000681121 -0.000599538 -0.000746979 -0.000515202 -2.01676e-05 -4.372e-05 -0.000631001 -0.000269268 0.000548698 -0.0014943 -0.00189381 -0.000663973 -0.00096356 -0.000938057 
-0.00131872 -0.00108397 -0.00107908 -0.000521455 0.00207749 0.000754858 0.000498997 0.000279346 0.121764 -0.003472 -0.00244359 -0.0016225 -0.00196558 0.00112774 -0.00313794 -0.00507753 -0.00296581 -0.00148918 -0.00406468 -0.000900056 -0.00439856 -0.00117928 -0.00235288 0.00110214 -0.00382764 -0.00677865 -0.00125748 -0.00254653 -0.00185594 -0.00373977 -0.00132969 -0.00136958 -0.00131612 -0.000907483 -0.00103355 -0.00113113 -0.00056524 -0.00229338 -0.000248406 4.36837e-05 -0.00219035 -0.000518706 -0.00236017 -0.00144669 -0.000665019 -0.00136859 -0.0007469 -0.00143876 -0.000857102 -0.00121184 -0.000202916 -0.00195205 -0.000608821 0.000350223 -0.00106205 -0.000863591 -0.00113228 -0.00134863 -0.00167469 -0.00119644 -0.00135892 -0.00116307 -0.000307984 -0.00166238 -0.00091091 -0.0010626 -0.000798028 -0.00160031 -0.0014238 -0.00175822 -0.000510049 -0.00142097 -0.00108899 -0.000477442 -0.00102484 -0.00124056 -0.000796284 -0.00186151 -0.0012571 -0.00183172 -0.00111084 -0.000482008 -0.00112001 -0.000978676 -0.00113752 0.000186873 -0.000220624 -0.000965103 -0.000568922 -0.00117727 -0.00130156 -0.000702575 -0.000376082 -0.0013554 0.000257928 -0.000484677 -0.000371798 0.000386066 0.000239684 -0.00104116 
0.000402373 -0.000449953 -0.00121226 -0.00194451 -0.00164964 -0.000309689 0.00199911 0.000419011 -0.003472 0.144613 -0.000446424 -0.00187511 0.000287843 -0.00221367 -0.00100516 -0.00175045 -0.003323 -0.00289381 -0.00482449 -0.00946874 -0.00175494 -0.0029609 -0.00720781 -0.000701041 -0.00301321 -0.00338136 -0.00587419 -0.00314803 -0.00192661 6.52989e-05 -0.0031042 -0.00175684 -0.00271293 4.32431e-05 -0.000380127 0.000116559 -0.00217573 -0.00198722 -0.00161888 -0.000413027 -0.000404524 -0.00133016 -0.000882245 -0.00208515 -0.000979544 -0.00145827 -0.000876693 -0.00284127 -0.00082183 -0.00129124 -0.00170689 -0.0011097 -0.000248939 -0.000267591 -0.000755524 -0.00106358 -0.000849953 -0.000261923 -0.00160771 -0.00212712 -0.00116898 -0.0004963 -0.00123843 -0.000862817 -0.00181268 -0.00124367 -0.00115664 0.0001193 -0.000910938 -0.00182272 -0.000269477 -0.000873713 -0.00220405 -0.000333317 -0.00139129 -0.00222523 -0.000824313 -0.000837104 -0.00172642 -0.00121013 -0.00206583 7.74599e-05 -0.00167664 -0.00232606 -0.00203339 -0.00193508 -0.000732074 -0.0006726 -0.00101986 -0.000754884 -0.00129487 -0.00140951 -0.000453238 -0.00017605 -0.000992574 -0.000574341 -0.000660798 -0.00101149 -0.00147874 -0.000340915 
-0.000310931 -0.00122919 0.000443648 -0.000193222 -0.000892291 -0.00178762 -0.000907868 -0.00160354 -0.00244359 -0.000446424 0.144044 -0.00216756 0.00146917 -0.000308782 -0.000471486 -0.00134801 -0.00605367 -0.00434032 -0.000718696 -0.00370638 -0.00489203 0.000483648 -0.00591834 -0.00753642 -0.00163011 -0.00379802 -0.0047805 -0.000820232 -0.00669817 -0.00356333 0.00194885 -0.00198988 -0.00282563 -0.000946075 -0.00084347 -0.0017586 -0.00341809 -0.00153959 -0.00111524 -8.02819e-06 -0.000982843 -0.000735278 -0.000426182 0.000525318 -0.00105514 -0.00156727 -0.00270043 -0.00242061 -0.000929417 -0.00324198 -0.00140125 0.000156156 -0.00141323 -0.00267146 -0.0021735 -0.000130183 -0.0018633 -0.000429185 8.85397e-05 -0.00220032 -0.00176601 -9.99839e-05 -0.00218942 -0.000331545 -0.000696248 -0.000604415 -0.00236688 -0.000654804 -0.00169877 -0.00225712 -0.000256449 -0.000379711 0.00010334 -0.00218779 3.24228e-06 -0.000461285 -0.00119953 -0.00152067 -0.000636056 -0.00179229 -0.000833442 -0.000869606 -0.000744833 -0.00100597 -0.00138005 -0.00118614 -0.000285321 -0.000996345 -0.000489011 -0.00201856 -0.000713108 -0.00115663 -0.000446161 -0.00170535 -0.00102645 -0.00207908 -0.00083083 0.00113175 -0.00159518 -0.000584007 
-0.000767923 -0.000299434 -0.000571344 -0.0037532 -0.000978424 -0.000290903 -0.00118655 0.00167931 -0.0016225 -0.00187511 -0.00216756 0.163349 -0.000257499 -0.00216757 -0.00814675 -0.00217151 -0.00356865 -0.00609125 -0.00578207 -0.00339441 -0.000678026 -0.00804075 -0.00152488 -0.00761533 -0.00750987 -0.0028569 -0.00359096 -0.000210136 -0.000512506 -0.00302707 -0.0030852 -0.000752538 -0.000693379 -0.00149722 -0.00203373 -0.00367732 -0.00204863 0.000769055 -0.000375737 0.000101508 -0.00100161 6.11873e-05 -0.00237473 -0.000840944 -1.92542e-05 1.37201e-05 -0.00122491 -0.00144088 -0.00112265 -0.000351167 -0.000628496 -0.000627854 -0.000977524 -0.00180089 -0.00107387 -0.000481705 -0.00265264 -0.000756971 -0.000541034 -0.00211578 -0.00162809 -0.00165285 -0.00206607 -0.000999645 -0.000889629 -0.00115473 -0.00046835 -0.000966067 -0.00216162 -0.00111628 -0.000389099 6.42287e-05 -0.000995665 -0.000881805 -0.000827003 -0.00283124 -0.000822146 -0.00156578 -0.0006766 -0.00146549 -0.00214663 -0.00173727 -0.00180282 3.69325e-05 -0.00184833 -0.00186761 -0.00156382 -0.0012371 -0.00020881 -0.00241893 -0.0008036 -0.00112406 -0.00226876 -0.00197102 -0.00119506 0.000536233 -0.0026603 -0.00106812 -0.000167049 -0.00210829 
-0.000658508 -1.06662e-05 -0.00209004 -0.00210778 -0.00216717 -0.00196837 -0.00395731 -0.000730283 -0.00196558 0.000287843 0.00146917 -0.000257499 0.175866 -0.0020447 -0.00594314 -0.00275549 -0.00634967 -0.00816456 -0.00866093 -0.00558067 -0.00416156 -0.00303263 -0.00608528 -0.00157039 -0.00644458 -0.00440313 0.000519363 -0.00174507 -0.00492899 7.61534e-05 -0.000940003 -0.000748953 -0.00268023 -0.00143428 0.000523368 -0.00134856 -0.00164417 -0.00178767 -0.00059015 0.000301208 -0.000464504 0.000591718 -0.00239595 -6.40264e-05 -0.0014354 -0.000215855 -0.00116734 -0.00267225 -0.00186457 -0.00222357 -0.00213677 -0.00140768 8.95533e-05 -0.0021906 -0.0026446 -0.00114248 -0.0026989 -0.00178716 -0.00214631 -0.000170309 -0.00161239 -0.00167643 0.000329612 -0.00126837 -0.0022347 -0.00190607 -0.00116174 -0.00163669 -0.000810835 5.60766e-05 -0.00191015 0.000104719 -0.000547849 -0.000198312 -0.00155063 -0.000439379 -0.000302874 -0.00211218 -0.000747928 -0.00297556 -0.00173817 -0.00188822 -0.00150632 -0.000628564 -0.00126257 -0.00203264 -0.00252101 -0.00202455 -0.00107456 -0.00239022 -0.00153514 0.000256594 -0.000449675 -0.00024092 -0.00206402 -0.00120681 -0.00326054 -0.000901484 -0.00145436 -0.00141322 
-0.00201293 -0.0019016 -0.00196326 -0.00368734 -0.00233156 -0.00266078 -0.00140662 -0.00226988 0.00112774 -0.00221367 -0.000308782 -0.00216757 -0.0020447 0.207443 -0.00443971 0.00474779 -0.00350145 -0.00406295 0.00259258 -0.00927347 -0.0120566 0.00323497 -0.00300157 -0.00790823 -0.00378991 -0.00837872 -0.0052867 -0.00326534 -0.00474035 -0.00435479 -0.00562332 -0.00203496 -0.00310692 -0.00511617 -0.00111837 -0.000192814 -0.000641698 -0.00269417 -0.000345358 -0.00100705 -0.00119959 -0.000874509 -0.0045112 -0.000129254 -0.00117783 -0.00191824 -0.00140588 -0.000785262 -0.00166016 -0.00255099 -0.00183424 -0.00135838 -0.000106151 -0.00231682 -0.00156981 -0.00069513 -0.00183896 -0.00186677 -0.00277452 0.000647196 -0.00174912 -0.00269488 -0.00178574 -0.000800045 -0.00127333 -0.00155843 -0.000640234 -0.000923257 -0.00155093 -0.0025294 0.000810333 -0.00218307 -7.52592e-05 -0.00151816 -0.00320138 -0.00327551 -0.00136904 -0.00287153 -0.00339838 8.50948e-05 -0.00194329 -0.00104858 -0.000955123 -0.000815874 -0.0026782 -0.000904346 -0.00270938 -0.0013334 -0.00233136 -0.000920617 -0.00280798 -0.00170602 -0.000344102 -0.00364405 -0.00186395 -0.00352745 -0.000454386 -0.00230155 -0.00201946 -0.00149907 
-0.00201294 -0.0012815 -0.00276773 -0.00553633 -0.00319136 -0.00237945 -0.00220779 -0.00339636 -0.00313794 -0.00100516 -0.000471486 -0.00814675 -0.00594314 -0.00443971 0.225255 0.0034335 0.000880031 -0.00199663 -0.00152933 -0.0063223 -0.00904111 -0.00704566 -0.00872522 -0.000444813 -0.0065328 -0.00173648 -0.00221723 -0.00606085 -0.00257079 -0.00451371 -0.00431554 -0.00305435 -0.000801787 -0.00241832 -0.00352434 -0.00250424 -0.00282657 -0.00295704 -0.00322756 -0.000637624 -0.00362697 -0.0029271 0.000596343 -0.00223671 -0.00281652 -0.00318194 -0.00191591 -0.000680689 -0.00118462 -0.00196158 -0.00185869 -0.000935838 -0.00263001 -0.00180276 -0.0022284 -0.00102977 0.000849013 -2.60812e-05 0.00181966 -0.00276928 -0.00177027 -0.00245156 9.09092e-05 -0.00101305 -0.00203669 -0.000687195 -0.00322071 -0.00275877 -0.00179024 -1.96008e-05 -0.0025634 -0.00279227 -0.00120389 -0.00413322 -0.00241104 -0.00309389 -0.00133084 -0.00268669 -3.36183e-05 -0.00171006 -0.000994145 -0.000966732 -0.000819346 -0.00174681 -0.000480772 -0.00186123 -0.00208582 -0.000635683 -0.00017298 -0.00315619 -0.00215116 -0.000206502 -0.00125783 -0.00208139 -0.000214409 -0.00329415 -0.000354738 -0.00309604 -0.00154451 -0.00336259 
-0.00165545 0.000186069 -0.00457314 -0.00359504 -0.0012246 -0.00145092 -0.00207285 -0.00237741 -0.00507753 -0.00175045 -0.00134801 -0.00217151 -0.00275549 0.00474779 0.0034335 0.225387 -0.00660574 -0.00428832 -0.00305518 -0.00841122 -0.00556753 -0.00599805 -0.00510864 -0.0121854 -0.00507071 -0.006276 -0.00598414 -0.000315446 -0.00352683 -0.0108239 0.000677542 -0.00154283 -0.000700583 -0.00371285 -0.00399159 -0.00221844 -0.00376491 -0.00299876 -0.000118018 -0.00123591 -0.00105138 -0.00185108 -0.00412098 -0.00350388 -0.000821479 -0.00262298 -0.00166511 -0.00319164 -0.000253394 -0.000711343 -0.00214107 -0.00288041 -0.000766368 0.00157969 -0.00125421 -0.000705153 0.00199203 -0.00177281 0.000349685 -0.000844724 -0.00374887 -0.000264761 -0.000141443 -0.00143901 -0.00257585 -0.00156687 -0.00166587 -0.0014329 -0.00301036 -0.00246105 0.000227443 -0.00317439 -0.00129122 -0.000985721 -0.00540337 -0.00366308 -0.00160424 -0.00241139 -0.00314601 -0.000583053 -0.00177053 -0.00124001 -0.000615209 -0.00524875 -0.000571711 -0.00180914 -0.000963163 -0.00148249 0.00104089 -0.00140187 -0.00317811 -0.00179433 -0.00102757 -0.00352073 -0.00211001 -0.00380933 -5.76044e-05 -0.00274625 -0.000505635 -0.00148813 
-0.00259221 -0.00234642 -0.00291136 -0.00140852 -0.00527311 -0.00556834 -0.00244101 -0.00247681 -0.00296581 -0.003323 -0.00605367 -0.00356865 -0.00634967 -0.00350145 0.000880031 -0.00660574 0.248508 0.00209086 -0.00102957 0.00389066 -0.00199721 -0.00602462 0.000996784 0.00303544 -0.0096117 -0.0035884 -0.00713913 -0.0035795 -0.0108062 -0.0040657 -0.00545074 -0.00456671 -0.00241184 -0.00415878 -0.002225 -0.000678457 -0.00268012 -0.000265403 -0.0014651 -0.00240372 -0.00192703 -0.000249751 -0.00291646 -0.00384214 -0.000458248 -0.00352538 -0.00141593 -0.00490116 -0.00233711 0.00215507 -0.00222537 -0.00433298 -0.00248206 -0.00412934 -0.00129634 -0.0020737 -0.000297539 -0.00181368 -0.00484196 -0.00243598 -0.0015647 -0.00165491 -0.00254755 -0.00342727 -0.00124373 -0.00345577 -0.00465473 -0.00308537 -0.00228925 -0.000958102 -0.00343207 -0.00229839 -0.00172209 -0.000510678 -0.00370708 -0.0042392 -0.0026053 0.00121419 -0.00210721 -0.000855729 -0.00101859 -0.00207324 -0.00268949 -0.00107173 -0.00293458 -0.00217002 0.000131777 -0.00454126 -0.00405813 -0.00195669 -0.00319071 -0.000961701 -0.00359112 -0.000948969 0.000242108 -0.000971462 -0.00242201 -0.000968149 -0.0018657 -0.00031688 
-0.00257172 -0.00024184 -0.0031387 -0.00396442 -0.0012584 -0.00543829 -0.00189556 -0.00634713 -0.00148918 -0.00289381 -0.00434032 -0.00609125 -0.00816456 -0.00406295 -0.00199663 -0.00428832 0.00209086 0.249997 0.00522182 -0.0107767 0.000231065 -0.0065238 -0.00392934 -0.0200827 0.00249211 -0.00281212 0.00390798 -0.00613563 -0.00533627 -0.00287863 -0.00446426 -0.00432257 0.0012061 -0.00352338 -0.000253665 -0.00301792 -0.00198522 -0.00265883 -0.00322492 -0.00761071 -0.000775866 -0.00209196 -0.00242845 -0.00469129 -0.00281992 -0.00386463 -0.00071879 -0.00161435 -0.00230955 -0.00136676 -0.000946514 -0.00140316 -0.000350288 -0.000597269 -0.0034782 -0.0021741 -0.000791628 -0.00280058 -0.00331823 -0.00151553 0.00126888 -0.0030283 -0.00256956 -0.00438715 -0.00379452 0.0011287 -0.00147755 -0.000822758 -0.00226222 -0.00259722 0.000242273 -0.00495591 -0.003979 -0.000985969 -0.000971881 -0.00168125 -0.00327255 0.000220322 -0.00252589 -0.000926588 -0.0022903 -0.00201191 -0.00202152 -0.00270584 0.000474281 -0.00207215 -0.000625298 -0.000542134 -0.000886462 -0.00290811 -0.00253979 -0.00286232 -0.00186409 -0.00289193 -0.000913765 -0.00142826 -0.00342308 -0.00200751 -0.00491556 -0.00155616 
-0.00165588 -0.00257112 -0.00171713 0.000164482 -0.00353275 -0.00156001 -0.00195703 -0.0026225 -0.00406468 -0.00482449 -0.000718696 -0.00578207 -0.00866093 0.00259258 -0.00152933 -0.00305518 -0.00102957 0.00522182 0.248699 -0.00621924 -0.0104117 -0.000895543 -0.00432342 -0.00728846 -0.00852279 -0.00553531 -0.00579311 -0.00895345 -0.00790546 0.00100607 -0.00847977 -0.00386567 -0.00117651 -0.000713625 -0.000491567 -0.00313538 -0.00396348 -0.00246877 -0.00109148 -0.0048114 -0.00184144 -0.00300715 -0.0032281 -0.00174608 -0.00394259 -0.00346991 -0.00138063 -0.0031654 0.00043444 -0.00412609 -0.00106098 -0.0041131 -0.00295919 -0.00332152 -0.00372745 -0.00345709 -0.00161569 -0.00108258 -0.000300088 -0.00274007 -0.000715158 -0.000999898 -0.000551807 -0.00198648 -0.00268092 0.000509216 -0.00216129 -0.00124708 -0.00244763 -0.00128191 -0.000488452 -0.0028767 0.000221973 -0.00253726 -0.00337294 -0.00164344 -0.00283238 -0.000401815 -0.000373026 -0.000406154 -0.00330792 -0.00471434 0.000666011 -0.00307149 -0.00156237 -0.00397225 -0.00312651 0.000271106 -0.00230796 0.000946474 -0.000814058 -0.0025608 -0.000179274 -0.00151445 -0.00132673 -0.00160784 -0.00165083 -0.00418665 -0.00246775 -0.00174466 
-0.00328269 -0.000474497 -0.00235975 -0.00407843 -0.00298525 4.52376e-05 -0.002598 -0.00144891 -0.000900056 -0.00946874 -0.00370638 -0.00339441 -0.00558067 -0.00927347 -0.0063223 -0.00841122 0.00389066 -0.0107767 -0.00621924 0.248808 0.000822547 -0.00123574 -0.00611297 0.00326763 -6.16395e-05 -0.0107076 -0.00917311 -0.00657528 -0.000790878 -0.0030777 0.0010563 -6.70768e-05 -0.000813419 -0.0054903 -0.00073064 -0.00417348 -0.00357434 -0.000923127 -0.00292648 -0.00276794 -0.003769 -0.00100719 -0.00399358 -0.00276979 -0.0029359 -0.00135156 -0.000673155 -0.00114178 -0.00369489 0.000405236 -0.000831145 -0.00286647 -0.00220618 0.00249429 -0.00311974 -0.00158729 -0.00259383 -0.00146748 -0.000614281 -0.00173513 -0.00425717 -0.00367796 -0.000637814 -0.000888411 -0.00264196 -0.00460759 -0.00266922 -0.00302903 -0.00244808 -0.00252081 -0.00316377 -0.000180492 -0.00258841 -0.00294785 -0.00190536 -0.000564425 -0.000306664 -0.00426513 -0.00431138 -0.00231828 -0.00150575 -0.000223618 -0.00298401 -0.000395851 0.000866575 -0.00160533 -0.00153401 -0.00336839 -0.00186935 -0.00111404 -0.00182182 -0.00110724 -0.00425039 -0.000695329 -0.00344104 -0.00240277 -0.000788533 -4.5579e-05 -0.00137652 -0.00235662 
-0.0028409 -0.00143273 -0.00100818 -0.00204293 -0.00242289 0.00200142 -0.000788288 -0.00444003 -0.00439856 -0.00175494 -0.00489203 -0.000678026 -0.00416156 -0.0120566 -0.00904111 -0.00556753 -0.00199721 0.000231065 -0.0104117 0.000822547 0.249966 -0.0073642 -0.0102154 -0.00140712 0.00171911 -0.000322182 -0.00894757 -0.00665587 -0.00731339 -0.00714021 -0.00527657 -0.00365949 -0.00526827 -0.00532287 -0.00131842 -0.000998422 -0.0041718 -0.000369964 -0.000826739 -0.000646908 -0.00113618 -0.00168117 0.000455922 -0.00238589 -0.00354983 -0.00175698 -0.00111461 -0.00275649 -0.00493431 -0.00172578 -0.00125639 -0.00337985 -0.00101571 -0.000967886 0.000811002 -0.00206904 -0.00301175 -0.00178925 -0.00455151 -0.00476028 -0.00128547 -0.000424419 -0.00254853 -0.000312846 -0.00283512 -0.000659427 -0.0011293 -0.000554476 -0.00197061 -0.000287712 -0.00293176 0.00316198 -0.00571975 -0.00309394 -7.56582e-05 -0.0012212 -0.000278623 -0.000187769 -0.000547069 -0.000172597 -0.00390408 -0.000683504 -0.00225523 -0.00161113 -0.00274714 -0.00345087 -0.00160146 -0.00224247 -0.00301542 -0.00293913 -0.00188923 -0.00222572 -0.00370395 0.000202412 -0.000805717 -0.00405678 -0.00127498 -0.00140119 0.000454779 -0.0027789 
-0.00227645 -0.00360431 -0.000634861 -0.00119563 -0.000773453 -0.00598925 -0.00527618 -0.00247936 -0.00117928 -0.0029609 0.000483648 -0.00804075 -0.00303263 0.00323497 -0.00704566 -0.00599805 -0.00602462 -0.0065238 -0.000895543 -0.00123574 -0.0073642 0.24867 -0.00594681 -0.0104954 0.00175672 -0.00955042 -0.00351892 0.00317166 -0.00243953 -0.00190372 -0.00357525 -0.00520438 -0.00384156 -0.00547721 -0.00173791 -0.00333954 -0.0026881 -0.00430491 -0.0020799 -0.00129258 -0.00225061 -0.000907686 -0.000264913 -0.000840458 -0.00621553 -0.00192305 -0.00318037 -0.00254943 -0.00148282 -0.00286036 -0.00270665 -0.00200353 -0.000930461 -0.00301784 -0.00311391 -0.00335822 -0.00312383 -0.00167606 -0.00100363 -0.00121614 -0.00252116 -0.000852173 -0.00278458 0.000287667 -0.00345134 -0.0016685 -0.00138133 -0.00281223 -0.00262435 -0.000678712 -0.00134117 -0.00268042 0.000345862 -0.00160333 -0.00206403 0.00168552 -0.000609609 -0.000970414 -0.00255163 -0.00360151 -0.00294789 -0.00306479 0.000340252 -0.00135306 -0.00298559 -0.00194993 -0.00262077 -0.00252021 -0.00150712 -0.00179889 -0.000923644 -0.00272747 -0.00190432 -0.00143846 -0.002395 -0.0026701 -0.00115712 -0.00278276 -0.00124118 -0.00323934 
-0.0021976 -0.00405589 0.00164805 -0.00135026 -0.00357567 -0.0033294 -0.00656063 0.000778187 -0.00235288 -0.00720781 -0.00591834 -0.00152488 -0.00608528 -0.00300157 -0.00872522 -0.00510864 0.000996784 -0.00392934 -0.00432342 -0.00611297 -0.0102154 -0.00594681 0.249779 -0.00958106 -0.00788726 -0.00219326 -0.0031835 -0.00186838 -0.00276041 -0.00601744 -0.00213016 -0.000135248 -0.00610198 0.000529633 -0.00475345 -0.000553719 -0.00293994 -0.00225901 -0.00257109 -0.00418276 -0.000550128 -0.00341169 -0.00275832 -0.00136842 -0.00118945 -0.00194222 -0.00207495 -0.00206156 0.000244517 -0.000328186 0.000137551 -0.00149219 -0.000974585 -0.00191132 -0.00188473 -0.00246976 -0.001423 -0.00363186 -0.000310968 -0.000855596 -0.00172547 -0.00189441 -0.00468247 -0.00177613 2.05217e-05 -0.00107268 -0.00236827 1.89314e-05 -0.00153522 -0.00115969 -0.00209497 -0.00120483 -0.00515016 0.000742234 0.000704168 -0.00113366 -0.0033827 -0.000646213 -0.00105925 -0.00365887 -0.00174256 -0.00234333 -0.00118841 -0.00183256 -0.00261615 -0.00388085 -0.00235204 -0.00207796 -0.000508174 -0.00222481 -0.000235418 -0.00313658 -0.00449501 -0.00155481 -0.00173751 -0.00149236 -0.0015055 -0.00261967 -0.00254016 0.000308718 
-0.0019446 -0.00210004 -0.00315386 -0.00333052 -0.00140303 -2.2482e-05 0.000768983 0.000994219 0.00110214 -0.000701041 -0.00753642 -0.00761533 -0.00157039 -0.00790823 -0.000444813 -0.0121854 0.00303544 -0.0200827 -0.00728846 0.00326763 -0.00140712 -0.0104954 -0.00958106 0.245219 -0.00321426 0.0005598 -0.00991114 -0.00323807 0.000882153 -0.00245516 -0.00432424 -0.00359885 -0.00685083 -0.00229411 -0.00378978 -0.000805116 -0.000694723 -0.00388731 -0.000733475 -0.00165312 -0.00219804 -0.000400425 -0.00154177 -0.00115864 -0.00108313 -0.00194853 -0.00161495 -0.0001466 -0.00261188 -0.00158238 -0.00126035 -0.00200317 -0.00323529 -0.00257546 -0.000726095 -0.00168038 -0.0012222 -0.00116312 -0.00138501 -0.00325658 -0.00360056 -0.0035232 0.00115707 -0.00352601 -9.37474e-05 -0.00259214 -0.00268412 -0.00196811 -0.00243415 -0.00202136 -0.00280591 -0.00250633 -0.00150649 -0.0012448 -0.00111988 -0.00144511 -0.00152482 -0.00104035 -0.000940951 -0.00359275 -0.00145895 -0.00157201 -0.00307678 -0.00236675 -0.00413379 -0.000866321 -0.0018788 -0.00249966 -0.00277468 -0.000397316 -0.00222899 -0.00120863 -0.00185414 -0.0013698 -0.00140487 -0.000136159 -0.00231098 -0.00191281 -0.00148482 -0.0028639 
-0.00321299 -0.00113569 -0.00129785 -0.00309769 -0.00330256 -0.00261737 -0.0048527 -0.004164 -0.00382764 -0.00301321 -0.00163011 -0.00750987 -0.00644458 -0.00378991 -0.0065328 -0.00507071 -0.0096117 0.00249211 -0.00852279 -6.16395e-05 0.00171911 0.00175672 -0.00788726 -0.00321426 0.248908 -0.00327287 -0.0035118 -0.00286675 -0.0111704 -0.00263361 -0.00282078 -0.000825844 -0.00284082 -0.000245668 -0.00240112 -0.00186443 -0.00428464 -0.00383805 -0.00323657 -0.00119614 -0.0032924 -0.00242971 -0.00148791 -0.000342819 -0.00024892 -0.00158535 -0.00522482 -0.00166107 -0.00342006 -0.00244353 -0.00284183 -0.00199242 -0.00219962 -0.00288912 -0.00166029 -0.00275666 -0.00353624 -0.00090685 -0.00405624 -0.000245094 -0.00205868 -0.00220185 -0.000578638 -0.00343581 6.12371e-05 -0.0015808 -0.00121459 -0.00225304 -0.00230364 -0.00212841 -0.00066 -0.00296672 -0.00170587 -0.00119281 -0.00163394 -0.00013922 -0.00275688 -0.000584494 -0.00505394 -0.00213443 -0.00103382 -0.00413802 -0.00229095 -0.00213409 -0.00262369 0.000174282 -0.00195241 -0.000937009 -0.00197424 -0.00232728 -0.000806068 -0.0030629 -0.000101874 -0.00144316 -0.0025626 -0.00211946 -0.00173492 -0.000892953 -0.000521306 -0.0028435 
-0.00246075 -0.00148268 -0.00390064 -0.00289333 -0.00198741 -0.0011085 -0.0036641 -0.00287998 -0.00677865 -0.00338136 -0.00379802 -0.0028569 -0.00440313 -0.00837872 -0.00173648 -0.006276 -0.0035884 -0.00281212 -0.00553531 -0.0107076 -0.000322182 -0.00955042 -0.00219326 0.0005598 -0.00327287 0.241029 -0.00130626 -0.00712944 0.00033829 -0.0034621 0.00119288 -0.00622604 -0.0039958 0.000231451 -0.0033927 -0.00457303 9.99475e-05 0.000339228 -0.00262407 -0.00231551 -0.000207046 -0.00140565 -0.00179184 -0.00309033 -0.00144939 0.000410005 -0.00191392 -0.000463005 -0.00218066 -0.00112502 -0.00387448 -0.00213008 7.15256e-05 -0.001058 -0.000348126 -0.00115851 -0.00110303 -0.00214528 -0.00384561 -0.00124679 -0.0012893 -0.00228157 -0.00450097 -0.00387531 -0.00096091 -0.00242959 -0.000785725 -0.00145513 -0.000303978 -0.000625532 -0.00225239 -0.00339333 -0.00165228 -0.00110469 0.000938931 -0.00125854 -0.00329926 -0.00540035 -0.00126842 0.000140927 -0.00305256 -0.00153801 -0.00108044 -0.00230962 -0.0031987 -0.00227338 -0.00228192 -0.00157457 -0.00256675 -0.00145772 -0.00403589 -0.00177843 -0.00140678 -0.00202926 -0.00186335 -0.00295377 -0.00085109 -0.00236157 -0.00367162 -0.00339911 
-0.00228459 -0.00229767 0.000789645 -0.00387123 -0.000593208 -0.00277692 -0.00200089 -0.00368698 -0.00125748 -0.00587419 -0.0047805 -0.00359096 0.000519363 -0.0052867 -0.00221723 -0.00598414 -0.00713913 0.00390798 -0.00579311 -0.00917311 -0.00894757 -0.00351892 -0.0031835 -0.00991114 -0.0035118 -0.00130626 0.22043 -0.00660041 -0.00523526 -0.000416045 -0.002718 -0.00221109 0.000233137 -0.000816672 -0.00423159 -0.00304234 -0.00135272 -0.000224155 0.000727489 -0.0014172 0.000781855 -0.00174957 0.000651072 -0.00143814 -0.00234135 -0.00170264 -0.00298774 -0.0021182 -0.00238814 -0.00185523 -0.00286979 -0.00124596 -0.0014852 -0.00153686 -0.00084504 -0.000843791 -0.0019489 -0.00270682 -0.00103282 -0.000237881 -0.000897607 -0.00116035 -0.00039819 -0.0022522 -0.00209696 -0.00205271 -0.00270899 -0.00125143 -0.00104422 -0.00397624 -0.00159359 -0.00456202 -0.00019387 -0.00183469 -0.00204985 -0.00253582 -0.00158259 -0.00221457 -0.00179597 -0.00170125 0.000422183 -0.000523758 -0.0006536 -0.000904502 -0.00221108 -0.00180792 -0.00193192 -0.00290749 -0.000929402 -0.00150935 -0.00189127 -0.00138657 0.000163785 -0.00312534 -0.00108231 -0.000663685 -0.00337735 -0.00469053 -0.00246475 -7.61354e-05 
-0.000352862 -0.00368203 -0.00374418 0.000110457 5.21692e-05 -0.00152915 -0.0029622 -0.000965555 -0.00254653 -0.00314803 -0.000820232 -0.000210136 -0.00174507 -0.00326534 -0.00606085 -0.000315446 -0.0035795 -0.00613563 -0.00895345 -0.00657528 -0.00665587 0.00317166 -0.00186838 -0.00323807 -0.00286675 -0.00712944 -0.00660041 0.202308 -0.00273061 -0.00483823 -0.000943379 -0.00101353 0.000767457 -0.00452583 -0.00272601 -0.000548966 -0.00183871 -0.000715035 -0.00263822 -0.00246279 -0.00417754 -0.000868109 0.000355346 0.000899858 -0.000424822 -0.00286596 -0.00186526 -0.00150223 -0.00146153 -0.00187692 -0.00158307 -0.00154354 -0.001867 -0.00229896 -0.00160826 0.00016624 -0.00247432 -0.0030352 -0.00173309 -0.000327023 -0.00031233 -0.000343336 -0.00214146 -0.00233076 -0.000782915 -0.00412584 -0.00239275 -0.000737956 -0.00330881 -0.00272029 -0.00329496 -0.00171979 -0.000322625 -0.00127465 -0.0028046 -0.00109808 -0.00221477 -0.00232984 -0.00280197 -0.00148353 0.000184203 -0.00175636 -0.00212975 -0.00186769 -0.000902666 0.00125075 -0.00192198 -0.00134158 -0.00202992 -0.00241332 -0.00415001 -0.00196731 -0.00199461 -0.00203699 -0.00147511 -0.000562188 -0.000426031 -0.00177361 0.000895803 -0.00142695 
-0.00128698 -0.00324335 -0.00197916 -0.00252225 -0.00204749 -0.0022352 -0.000870534 -0.000905638 -0.00185594 -0.00192661 -0.00669817 -0.000512506 -0.00492899 -0.00474035 -0.00257079 -0.00352683 -0.0108062 -0.00533627 -0.00790546 -0.000790878 -0.00731339 -0.00243953 -0.00276041 0.000882153 -0.0111704 0.00033829 -0.00523526 -0.00273061 0.212323 0.00120557 -0.00117013 3.09713e-05 -0.00378713 -0.00201105 -0.00344565 -0.00163076 0.000286066 -0.000270677 -0.00246615 -0.0012939 -9.13465e-05 -0.00366513 -0.00299671 -0.00238767 -0.00130491 -0.00322992 -0.000936674 -0.00234075 -0.00254053 -0.00108704 -0.00099261 -0.00200737 -0.000894224 -0.00117325 -0.00268692 -0.00155172 -0.00258366 -0.00173325 0.0017381 -0.00280242 -0.00148107 -0.00231743 -0.00178644 -0.00101685 -0.00117563 -0.00276749 -0.000361085 -0.000353823 -0.00110117 -0.00221836 -4.6084e-05 -0.00106531 -0.00199347 -0.00297412 -0.00057347 -0.0029236 -0.0008677 -0.00299995 -0.00193078 -0.00271582 -0.00199706 -0.00151051 -0.00107974 -0.00146477 -0.00306813 -0.00087808 -0.00158762 -0.0019889 -0.00113554 -0.00341661 -0.00249525 -0.00335507 -0.00132229 -0.000464695 -0.00215593 7.36538e-05 -0.00146569 0.00122767 -0.00343205 -0.00119696 
0.000434092 -0.00177435 0.000781396 0.000302034 -0.00136042 0.000467281 -0.00270498 -0.000691323 -0.00373977 6.52989e-05 -0.00356333 -0.00302707 7.61534e-05 -0.00435479 -0.00451371 -0.0108239 -0.0040657 -0.00287863 0.00100607 -0.0030777 -0.00714021 -0.00190372 -0.00601744 -0.00245516 -0.00263361 -0.0034621 -0.000416045 -0.00483823 0.00120557 0.157345 -0.00127539 3.24394e-05 -0.0032688 -0.000387091 -0.000316866 -0.00197504 -0.00180677 -0.00161621 -0.00110254 -0.000921492 -0.00195264 -0.000817102 -0.000867641 -0.00173533 -0.0005787 -0.000493274 -0.000794286 -0.00296179 -0.000343663 -0.000864269 -0.000136877 -0.00089949 -0.00224674 -0.0022394 -0.00143404 5.42425e-06 -0.00140385 -0.00117945 -0.00339331 -0.000944515 -0.000853926 -0.000516367 -0.00195936 -0.00187266 -0.00117193 -0.00310846 -0.000431257 -0.00152464 -0.00104283 -0.00138078 -0.000636497 -0.00233046 -0.00100484 -0.00190233 -0.00206259 -0.00259796 0.000161104 -0.000194252 -0.000714772 -0.0016228 -0.00190497 -0.00114493 -0.00145102 -0.000593145 -0.000235975 -0.00155165 -0.00205213 -0.000327162 -0.00145354 -0.000495273 -0.000464424 -0.000793558 -0.000611236 -0.00115761 -0.000279681 -0.000149929 -0.00235314 1.60408e-05 -0.00294835 -0.001603 
-0.0016832 -0.00150855 -0.0012241 -0.000309219 -0.00157941 -0.00143988 -0.00039462 -0.000630506 -0.00132969 -0.0031042 0.00194885 -0.0030852 -0.000940003 -0.00562332 -0.00431554 0.000677542 -0.00545074 -0.00446426 -0.00847977 0.0010563 -0.00527657 -0.00357525 -0.00213016 -0.00432424 -0.00282078 0.00119288 -0.002718 -0.000943379 -0.00117013 -0.00127539 0.152624 -0.000177741 -0.00244779 -0.0002344 0.00125078 -0.000429898 -0.002845 -0.00234974 -0.00235377 -0.00199487 -0.0022775 -0.00301289 -0.00123559 -0.000976899 -0.000850413 -0.00189616 -0.000922417 -0.00279885 -0.00102425 0.000121282 -0.00129454 -0.000554148 -0.00220666 -0.00162219 -0.00207462 -0.0012192 -0.00148147 -0.00210486 -0.00029206 -0.00162656 -0.00092149 -0.00139847 -0.00194339 -0.000151134 0.00113307 -0.00136353 -0.00147493 -0.00126017 -0.00131177 -0.00106909 -0.00112551 -0.0019913 -0.00196725 -0.00149869 -0.00136995 -0.000959204 -0.00168035 -0.00252991 -0.000820803 -0.00109302 -0.000700165 -0.00207261 -0.000520672 -0.00162041 -0.00212966 -0.00105929 -0.001591 -0.00189844 -0.00137691 -0.0013569 -0.000245667 0.000823673 -0.000776437 -0.00123233 0.000491441 -0.00205673 -0.00230698 -0.000923083 -0.000145741 -0.00127628 
-0.00105314 -0.00163697 -0.00267164 -0.00131144 -0.000814118 -0.00127421 -0.00273775 -0.00301425 -0.00136958 -0.00175684 -0.00198988 -0.000752538 -0.000748953 -0.00203496 -0.00305435 -0.00154283 -0.00456671 -0.00432257 -0.00386567 -6.70768e-05 -0.00365949 -0.00520438 -0.000135248 -0.00359885 -0.000825844 -0.00622604 -0.00221109 -0.00101353 3.09713e-05 3.24394e-05 -0.000177741 0.13912 -0.00227801 -8.90587e-05 -0.0024739 -0.00126972 -0.00259727 -0.00302979 -0.00103947 -0.000353214 -0.00214077 -0.0010861 -0.000188227 -0.00172025 -0.00119663 -0.000221113 -0.000649138 -0.000852623 -0.00176719 -0.00129551 -0.00117503 -0.00185823 -0.000609664 -0.000840981 0.000341696 -0.000564786 -0.00184068 -0.00124965 -0.0013093 -0.00226373 2.17723e-05 -0.000441348 0.000119042 -0.00159998 -0.00169052 0.00135136 -0.000501137 -0.00154907 -0.00174632 -0.000898489 -0.0026562 -0.00292354 -0.0021618 -0.00167191 -0.000284664 -0.00102053 -0.000654965 -0.000916772 -0.00104346 -0.000586041 -0.00208861 -0.00133664 -0.00122889 -0.000764932 -0.00035323 -0.00134838 -0.000700461 -0.000965906 -0.00022495 -0.000517304 -0.00056473 -0.000998296 -0.000744096 -0.000537747 -0.000953619 -0.00126234 -0.00227707 -0.000962326 -0.000503353 -0.000740029 
