0.0790603 -0.000542998 -0.000220659 2.65555e-05 -0.000350629 -0.000420991 -0.000106686 -0.000491804 -0.000594715 -0.00125715 -0.000906134 -0.00194164 0.000584604 -0.00116987 -0.00140291 -0.00115193 -0.00192526 -0.00281279 -0.000823178 -0.0035255 -0.00126168 -0.000543449 -0.00221587 -0.00310061 -0.00336899 -0.00186882 -0.00103211 -0.00244661 -0.00294902 -0.00217941 -0.000995046 -0.00105022 -0.00093143 -0.000887814 -0.000460656 -0.000289329 -0.0002387 -8.95254e-05 -0.00120684 -0.00127605 -0.000573988 -0.000622247 -0.000126955 -0.000860398 -0.000837288 -0.000664042 -0.00111029 -0.000498735 -0.000349781 -0.000253754 0.000118026 -1.18468e-05 -0.000350611 -0.000691024 -0.000301977 -0.000822085 -0.000356271 -0.000299025 -0.00139623 6.61051e-05 -0.000940529 -0.000215038 -0.000179495 7.36365e-05 -0.000745911 -0.00109848 -0.000398302 -0.000575147 -0.000363441 -0.000530466 -0.000115774 -0.000364348 -0.000577623 -0.000442151 -0.000298598 -0.000406548 6.55795e-05 -0.00079182 -0.000448682 -0.000481853 -0.000599631 -0.0010126 -0.00108585 -0.00107094 -0.000638658 -0.000870877 0.00043516 -0.000792819 -0.000835113 -0.00064772 -0.000725786 -0.000839704 0.00018632 -0.000317334 -0.00129785 -0.000612909 -0.000795707 -0.000909931 -0.000820607 0.000395553 
-0.000542998 0.0759452 0.000781678 -0.000594778 -0.000648798 -0.000563607 -0.00047321 -0.000260669 -0.00104828 -0.00111182 -0.00193479 -0.00228597 0.000509104 -0.00148788 -0.00338569 -0.00314891 -0.00154147 -0.00046707 -0.00396588 -0.00305187 -0.00175542 0.000191499 -0.000238684 -0.00189127 -0.00167511 -0.0042776 -0.00200554 -0.00083502 -0.000438273 4.08786e-05 -0.000934837 -0.00187664 7.04392e-05 -0.000973297 -0.000140106 -0.000899927 -0.000407524 -0.00177964 -0.000629228 -0.000262071 9.1212e-05 2.53533e-05 -0.000928779 -0.000629539 -0.000530023 -0.000256969 -0.000881254 -0.00111683 -0.000996018 -0.000634678 -0.000520678 -0.000382589 -0.000331169 -0.000845519 -0.000864903 -0.000371774 -0.000542234 -0.00102324 -0.00012241 -0.000548033 -0.00045346 0.000122358 -7.6141e-05 -1.06953e-05 -0.000422275 -7.25771e-05 -0.000640857 -0.000262337 -0.000569871 -0.000278738 -0.000281658 -0.000785346 0.000161613 -0.000242055 -0.000666851 -3.88159e-05 -0.000342269 -0.000567675 -0.000494625 -5.4954e-05 -0.000741916 -0.000192802 -1.04299e-05 0.000225911 -0.000416842 -0.00116041 -0.000895047 -0.00101208 -0.000317824 -0.000529504 -0.000573217 -0.00138102 -0.000551422 -0.000702797 -0.000944461 -0.000783009 -0.000604157 -0.000470115 -0.000774933 -0.00078151 
-0.000220659 0.000781678 0.075702 0.000283185 -0.000458781 -0.000582524 -0.000520368 -0.000900107 -0.000297331 -0.000556553 0.00010277 -0.00243414 4.32842e-05 -0.00278651 -0.00166243 -0.00317103 -0.00177696 -0.0046544 -0.00201179 -0.00331199 -0.00430895 -0.00192722 -0.00162511 -0.0016292 -0.00241516 -0.00244307 0.000991215 -0.00217412 -0.00173619 -0.00323004 -0.000698574 -0.000586712 -0.000721246 -0.00101559 -0.000203002 -0.000615315 -0.000792084 -0.00029315 -0.000107412 -0.000900851 7.413e-05 -0.000522445 0.000117192 -0.000482296 -0.000370269 -7.38924e-05 -2.98496e-05 0.000107578 -0.000964855 -0.000689082 -0.000509832 0.00036951 -0.000590863 -0.000155794 -0.000786599 -0.000105116 -0.00128055 -0.00114482 -0.000942494 -7.89992e-05 -0.00105376 -0.000286256 -0.00097093 -0.000900415 -0.00106496 -9.66871e-05 -0.00105477 -0.00066187 -0.00116956 -8.19278e-05 -0.000712274 -5.27532e-05 -0.000226388 -0.000270151 -0.000498959 -1.48843e-05 -6.17794e-05 -0.000176451 -4.98591e-05 0.000390626 -0.000480891 -5.01265e-05 -0.000633068 -0.00088532 -0.000738622 -0.000496173 -0.000483115 -0.000801746 -0.000718291 5.52394e-05 -0.000353342 4.4217e-05 -0.000891462 -0.000518151 -0.000617259 -0.000433982 0.000628885 -0.000474644 0.000202551 -0.000416897 
2.65555e-05 -0.000594778 0.000283185 0.0894023 -0.000608441 -0.000309799 -0.00127083 -0.000102054 -0.000392167 -0.00100981 7.54945e-05 -0.00180797 -0.00310873 -0.00125335 -0.000299336 -0.00304376 -0.000745095 -0.00323812 -0.00201082 -0.00267391 0.000389298 -0.000369144 -0.00224811 -0.0029697 -0.0023111 -0.00464709 -0.000301535 -0.0028612 -0.00224665 -0.0017988 -0.000546413 -0.00194067 -0.000819751 -0.00176912 -0.00204749 -0.000983821 -0.00139334 -0.000247197 -0.00100142 -0.000865623 -0.000826197 0.000413224 -0.000944232 -0.00161205 -0.000502939 -0.000972617 -0.000603793 -4.20206e-05 -0.000929795 -0.000463353 -0.000556653 -0.000861931 -0.000565285 -0.00129868 -0.000664863 -0.000601241 -0.00149141 -0.00125693 -0.000451032 -0.000401735 -0.000224638 -0.000943206 -0.0012237 -0.000455307 -0.00086362 -0.000574274 -0.00153596 -0.000606178 -0.00117485 -0.000881776 -0.00131632 -0.000257528 0.000526725 -0.000354784 -0.00122426 -0.000251331 -0.000629539 -0.000491367 -0.000348696 -0.000770051 -0.000857855 -0.000268279 -0.000252979 -9.23676e-05 0.00021526 -0.000297037 -0.000901978 -0.000145527 -0.0010686 0.000280378 -0.000931799 -0.00117823 -0.000841372 -6.81425e-05 -0.000381387 4.88816e-06 -0.000710815 2.61781e-05 -0.000798618 0.000162761 
-0.000350629 -0.000648798 -0.000458781 -0.000608441 0.0903671 -0.000432394 -0.000858702 -0.00165578 8.16021e-05 -0.000991601 -0.00164619 -0.000287942 -0.000361121 -0.000945788 -0.00101627 -0.000766197 -0.00376399 -0.00101932 -0.000905961 -0.00401461 -0.000545996 -0.00314154 -0.00352255 -0.00361685 -0.00179195 -0.00224756 -0.0011878 -0.00234196 -0.00316361 -0.000969069 -0.000488472 -0.00230807 -0.000759846 -0.000475801 1.98923e-05 -0.000171747 -0.00247386 -0.00087378 -0.000721989 -0.00079592 -0.0007722 -0.000857284 -0.000696176 -0.000464903 -0.000470276 -0.000868854 0.000237681 -0.000330354 -0.000475182 -0.000539881 -0.000677571 -0.000743382 -0.000407555 -0.000885346 -0.00067011 -0.000705838 -0.00050166 -0.000763202 -0.000318178 -0.000213821 -0.000336492 -0.000405148 -2.75669e-05 -0.000695241 -0.000216944 -0.000592262 -0.00103535 -0.000445404 -0.0014338 -0.000353677 -0.000362814 0.000580186 -0.000457059 -0.000578112 -0.00117572 8.61128e-06 -0.000568396 -0.000718563 -0.00093912 0.000231245 -0.00010534 -0.000707822 -0.00107142 -0.0016439 -0.00078128 -0.000363439 0.000364205 -0.000789067 -0.00171837 -0.0013676 0.000175866 -0.00155122 -0.0016435 -0.0006806 -0.00133894 -0.000197358 -0.00114425 -0.00033159 -0.00134993 -0.00124642 
-0.000420991 -0.000563607 -0.000582524 -0.000309799 -0.000432394 0.099892 -0.00118839 -0.000108541 -0.000522489 0.00126049 -0.000791645 0.000747758 -0.0050878 -0.00167955 -0.00275709 -0.000261382 -0.00133497 -0.00266256 -0.00258563 -0.0073923 -0.00445521 -0.00133646 -0.00157436 -0.00143724 -0.00171532 -0.00236432 -0.0010419 -0.000618865 -0.00138038 -0.000936805 -0.000298524 -0.000691745 2.16492e-05 -0.00152709 0.000483541 -0.000437649 -0.00192499 -0.00200879 -0.000288386 -0.000663227 -0.000549449 -0.000901974 -0.00141967 -0.000976152 -0.00105327 -0.00136832 0.000295899 0.000668752 -0.000633325 -0.00115707 -0.000335359 -0.000612404 -0.000229789 -0.000421956 -0.0010051 -0.00024489 -0.000474836 -0.000312247 -0.000810615 -0.000855265 -0.000894916 -0.00121231 -9.06183e-05 -0.00110189 -0.00173665 -0.00141281 -0.00136863 -0.00105376 -0.000875891 -0.000699875 -0.000533947 -0.000932761 -0.000320261 0.000286353 -0.000726766 -0.000630426 0.000194551 -0.00108231 -0.000818372 -0.000850642 -0.00117533 -0.00162164 -0.00131349 -0.00170901 -0.00130782 -0.000491726 -0.00139445 -0.000463985 -0.00101938 1.13783e-05 -0.00145164 -0.00184246 -0.00118194 -0.000949244 -0.000354548 -0.00075991 -0.00043906 -0.00092835 -0.000922688 -0.00144827 
-0.000106686 -0.00047321 -0.000520368 -0.00127083 -0.000858702 -0.00118839 0.0833849 -0.000406881 -0.000129363 -0.00230194 0.000124426 -0.00148878 -0.00177404 -0.000892941 -0.00234174 -0.00160039 -0.00327282 -0.00352962 -0.00484502 -0.00225943 -0.0029276 -0.000531605 -0.00030056 -0.00245814 -0.000170821 -0.00057011 -0.0028392 -0.00110198 -0.00141434 -0.00147522 -0.00166109 -0.000435409 -0.000172133 -0.00116481 5.2306e-05 -0.00090032 -0.000271823 -0.00123735 -0.000622625 1.49184e-05 -0.00122109 -0.00186661 7.41937e-06 -0.000893743 -3.16383e-05 -0.000690671 -0.000963413 -0.000536603 -0.000383457 1.05446e-05 -0.000349053 -0.000564523 -5.60326e-05 -0.000942925 -0.00130607 -0.000565642 1.05451e-05 -0.000792921 -0.000463131 -0.00144331 0.000212956 8.45208e-05 -0.00100317 -0.000196976 -0.000653807 -9.88836e-05 0.000949919 -0.00099099 -0.00203454 -0.00109607 8.56827e-05 -0.000676447 -0.000789624 -0.00039073 -0.000749551 -0.00118375 -0.000991146 -0.000281617 -0.000505846 -0.000839116 -0.000509979 -0.000960098 -7.57517e-05 -0.000798363 -0.0010112 0.000566756 -8.01273e-05 -0.000141654 -0.000556905 -0.000421664 -3.09894e-05 1.9299e-05 -0.00132835 -0.000525145 -0.000549638 0.000253483 -0.00112272 -0.000498058 -0.000557789 -0.00153983 
-0.000491804 -0.000260669 -0.000900107 -0.000102054 -0.00165578 -0.000108541 -0.000406881 0.112478 -0.000514385 -0.000919311 -0.0011778 -0.000253098 0.00103502 4.18604e-05 -0.00138039 -0.00244131 -0.00547263 -0.00232383 -0.00370723 -0.00528312 -0.00542259 -0.00212285 -0.00309251 -0.00468744 -0.00332788 -0.00307506 0.000588252 -0.00310547 -0.00201237 -0.00157601 -0.000364407 0.00183402 -0.001185 -0.000422855 -0.00035243 -0.000944202 -0.00215079 -0.00152081 -0.00180588 -0.00107305 -0.00113397 -0.00206606 -0.000423235 -0.00117757 -0.000200603 -0.000995065 -0.00114057 -0.00113199 -0.000734257 -0.00049039 -0.000845216 -0.00141377 -0.00119229 -0.000104328 -0.0012474 -0.000771029 -0.000440742 -0.00139526 -0.000824676 -0.00143812 -0.00153674 -0.000363282 -0.000300185 -0.000710763 -0.000176078 0.000310058 -0.00183043 -0.00138859 -0.0018368 -0.00146725 -0.000749607 -0.000519401 -0.00165889 0.000509877 -0.00152127 4.77382e-05 1.18154e-05 -0.000603284 -0.000329058 0.000214749 -0.000705839 -0.00176153 -0.00138889 0.00103018 -0.00109773 6.56997e-05 -0.000197355 -0.000278684 -0.000224782 -0.000901642 -0.0008213 -0.00175376 -0.00123539 -0.000430566 -0.00199237 -0.000599781 -0.0012886 -0.00195831 -0.00054731 -0.00118429 
-0.000594715 -0.00104828 -0.000297331 -0.000392167 8.16021e-05 -0.000522489 -0.000129363 -0.000514385 0.11354 0.000464551 0.00121837 0.000407465 0.00226364 0.000100363 -0.000428998 -0.00154078 -0.00444633 -0.00501978 -0.00591922 -0.00110286 -0.00373062 -0.00106519 -0.00646444 -0.0048633 -0.00273382 -0.00272611 -0.00339186 -0.00423757 -0.00561767 -0.00071195 -0.000609129 -0.00171875 -0.00178394 -0.000825342 0.000905422 -0.000770815 -0.00180592 -0.00166287 -0.00184927 -0.000121201 0.000206061 -0.00155413 -0.0012103 -0.00107273 -0.00125055 -0.000432761 -0.00014296 -0.000664522 -0.000902327 -0.000759229 -0.0017605 0.000639272 -0.00138321 -0.000705384 -0.000200828 -0.00118849 -0.000194628 -0.00111628 -0.000614244 -0.000766971 -0.000280437 -0.00105059 -0.00108604 -0.000878366 -0.000938192 -0.00145312 -0.00155731 -0.00122799 -0.00101121 -0.00177788 -0.000404574 -0.0012329 -0.00148559 -0.000371108 -0.00157962 -0.000957511 -0.000140508 -0.00144995 0.000645519 -0.000601483 -0.000669055 -0.000416042 -0.00189626 -0.00147695 0.000885786 -0.000678455 1.08184e-06 -0.00155768 -0.000448743 -0.00121607 -0.00122726 -0.00106537 -0.00139456 -0.000732176 -0.000687319 -0.00123452 0.000761057 -0.000851093 -0.00166626 -0.000851541 
-0.00125715 -0.00111182 -0.000556553 -0.00100981 -0.000991601 0.00126049 -0.00230194 -0.000919311 0.000464551 0.14978 -0.000667075 -0.00151827 -0.000337383 -0.000356016 -0.00322528 -0.00356782 -0.00530207 -0.00692254 -0.00213417 -0.005445 -0.00481885 0.00264028 -0.000917567 -0.0048931 -0.00415141 -0.00551738 -0.00235822 0.00401406 -0.00242221 -0.00147203 -0.0022816 -0.00284011 -0.00217829 -0.00107741 -0.00341072 -0.0021434 -0.00190717 -0.00173943 -0.000344446 -0.00165321 -0.00189236 -0.00128902 -0.00069662 -0.00121181 -0.00141212 -0.000960788 -0.00125987 -0.00243499 -0.000714839 -0.00270916 -0.00184256 -0.0015033 -0.00239416 -0.00120737 -0.00174788 -0.00113553 -0.000657694 -0.00235837 -0.00153567 -0.00118876 -0.000281175 -0.000367552 -0.00190216 -0.00184432 -0.00101952 -0.00140768 -0.00148477 -0.0021325 0.000141881 -0.00199795 -0.000767048 -0.00111182 -0.000313933 -0.000409602 0.000913615 -0.00100966 -0.00123749 -0.00237069 -0.00138762 -0.00167882 -0.00214941 -0.00121575 -0.00101455 -1.38643e-06 -0.000719729 -0.00101767 -0.00157859 -0.000833692 -0.00148761 -0.00221938 -9.36346e-05 -0.000710747 -0.000450921 -0.00184832 -0.00100676 0.000925507 -0.00136343 -0.00232444 -0.00158506 -0.00189184 
-0.000906134 -0.00193479 0.00010277 7.54945e-05 -0.00164619 -0.000791645 0.000124426 -0.0011778 0.00121837 -0.000667075 0.133742 -0.00333956 -0.000397764 0.000374165 -0.00210826 -0.00285975 -0.00395044 -0.00568977 -0.00134067 -0.00666498 -0.00357484 -0.00427588 -0.0045304 -0.00565833 -0.00162604 -0.00135066 -0.00111276 -0.00182318 -0.00269491 -0.00274091 -0.00216992 -0.00279752 0.000187448 -0.00192823 -6.18613e-05 0.000121475 -0.00218929 -0.00209399 -0.00184277 -0.000689379 -0.00100595 -0.000867997 -0.000854244 -0.000163994 -0.000726431 -0.00193287 -0.000788992 -9.84674e-05 -0.000798741 -0.00193169 -0.000339884 -0.000426826 -0.000772881 -0.000910796 -0.000752479 -0.000494334 -0.00113322 -0.000274976 -0.00138699 -0.000785158 -0.00135097 -0.00157662 -0.00233079 -0.000649518 -0.000484629 -0.00108724 -0.00112919 -0.002102 -0.000860412 -0.00166551 -0.00074481 -0.000605077 -0.00256773 -0.000143884 -0.000925027 -0.000897975 -0.000855999 -0.00122774 -0.00191843 -0.000345535 0.000929742 -0.000466683 -0.000387642 -0.00155905 -0.000564567 -2.03414e-05 -0.00200229 -0.00135986 -0.00194283 -0.000689608 -0.000456031 -0.00145039 -0.00152955 0.000319418 -0.00108771 -0.000367219 -0.0007866 -0.000958001 -0.00227805 -0.00273705 
-0.00194164 -0.00228597 -0.00243414 -0.00180797 -0.000287942 0.000747758 -0.00148878 -0.000253098 0.000407465 -0.00151827 -0.00333956 0.175598 -0.00309252 0.000852345 -0.00253677 -0.00436269 -0.00284876 -0.00529046 -0.000687121 -0.00217023 -0.00131084 -0.00578731 -0.00553407 -0.00162764 0.000549106 -0.00126422 -0.0050865 -0.00479757 -0.00561532 -0.00563786 -0.00252236 -0.0020058 -0.000545027 -0.00336293 -0.00361217 -0.00115397 -0.001696 -0.0019196 -0.00176604 -0.00174429 0.000262556 -0.0015647 -0.00153382 -0.00287761 -0.0018502 -0.0012836 -0.00173323 -0.00276737 -0.0010681 -0.00160955 -0.000990228 0.000716809 -0.00210843 -0.00170337 -0.00158205 -0.0031546 -0.00168039 -0.00110074 -0.00114339 -0.000878687 -0.000396203 -0.00106105 -0.00208746 -0.00193484 -0.0022223 0.000381149 -0.000127503 -0.00189564 -0.00208058 -0.00125721 -0.00144806 -0.00165709 -0.00163367 -0.00204644 -0.0024019 -0.000329707 -0.00127512 -0.00104755 -0.00114557 -0.00114858 -0.000888285 -0.00196544 -0.000947701 -0.00264223 0.00115006 -0.00113384 -0.00185068 -0.00379042 -0.00337421 -0.00133345 -0.00164766 -0.00123422 0.000124001 -0.000545585 -0.001168 -0.00147852 -0.00101997 -0.00160144 0.000224609 -0.00322976 
0.000584604 0.000509104 4.32842e-05 -0.00310873 -0.000361121 -0.0050878 -0.00177404 0.00103502 0.00226364 -0.000337383 -0.000397764 -0.00309252 0.195428 -0.00163247 -0.00329447 -0.00327995 -0.00566215 0.000638907 -0.00741936 -0.00924285 -0.0083396 -0.00144073 -0.00229556 -0.00327532 -0.0043092 -0.00583681 -0.00440541 -0.0039123 -0.00336383 -0.00250144 -0.000443709 -0.00363022 -0.00533496 -0.00230661 -0.00110774 -0.0025202 -0.00141062 -0.00194277 -0.00294239 -0.00184571 -0.00349542 -0.000123094 -0.00210341 -0.00123657 -0.00213687 -0.00259185 -0.00249691 -0.000891692 -0.00144201 -0.00337211 -0.00181561 -0.00108226 -0.0018992 -0.00140399 -0.000300804 -0.00235577 -0.000721326 -0.00254984 -0.00285214 -0.00208719 -0.0025606 -0.00214716 -0.00242877 -0.000932305 -0.00298491 -0.00105912 -0.00108963 -0.00134305 -0.00190085 -0.000999806 -0.0011706 -0.00140922 -0.00125575 -0.000778529 -0.00321774 -0.00262866 -0.000501863 -0.00213116 0.000902304 0.00101367 -0.00175853 -0.00135182 -0.000234965 -0.00224422 -0.00177813 -0.00176627 7.01753e-05 0.000143529 -0.00114946 -0.00282031 -0.000327826 -0.00105917 -0.00119511 -0.00146634 -0.00179451 -0.00235962 -0.0017426 -0.00135485 0.000102883 -0.00297764 
-0.00116987 -0.00148788 -0.00278651 -0.00125335 -0.000945788 -0.00167955 -0.000892941 4.18604e-05 0.000100363 -0.000356016 0.000374165 0.000852345 -0.00163247 0.188957 -0.0083119 0.00198624 -0.00291364 -0.00401907 0.000462313 -0.00745862 -0.0106399 -0.00571728 -0.00608393 -0.00625019 -0.010659 -0.00823004 -0.00563177 -0.00394942 -0.00386888 -0.00196855 -0.000468109 -0.000157422 -0.000777617 -0.000616203 -0.00211176 -0.000931106 -0.00286557 -0.00215825 -0.00137927 -0.00039969 -0.00191732 -0.00172244 -0.00124665 -0.00113886 -0.000752783 -0.00147093 -0.000258121 -0.000137224 -8.28593e-05 -0.00113356 -0.00183766 -0.000463483 -0.00287584 -6.62352e-05 -0.00196585 -0.00138624 -0.00183141 -0.00180025 -0.00334615 -0.000909655 -0.00205135 -0.000788475 -0.00201018 -0.00112986 -0.00110461 -0.000991434 0.00105024 -0.00034016 -0.00237799 -0.000448155 -0.00172038 -0.00118874 -0.00193885 -0.000616775 -0.00037269 -0.000730763 -0.00137535 -0.00148698 -0.00365131 -0.0016462 -0.00284793 -0.0012968 0.000307711 -0.00149229 0.000482014 -0.00139543 -0.00119383 -0.00272473 -0.001761 -0.000943294 -0.000218539 -0.000995936 -0.00394574 0.000254523 -0.00257037 -0.00103721 -0.00274901 -0.00270465 -0.00180276 -0.00310405 
-0.00140291 -0.00338569 -0.00166243 -0.000299336 -0.00101627 -0.00275709 -0.00234174 -0.00138039 -0.000428998 -0.00322528 -0.00210826 -0.00253677 -0.00329447 -0.0083119 0.225838 -0.000259353 0.0030067 0.000240735 -0.00205047 -0.00144412 -0.00402762 -0.00506772 -0.00436182 -0.00338834 -0.00274885 -0.0074157 0.000195845 -0.00379497 -0.0052445 0.00253803 -0.00704106 -0.00407166 -0.00361482 -0.00599607 -0.00286055 -0.00597825 -0.00254742 -0.00114685 -0.00344562 -0.00451765 -0.00321538 -0.00118114 -0.00283391 -0.00198739 -0.00197416 -0.00168567 -0.0028944 -0.0020952 -0.00203224 -0.00467209 -0.00173606 -0.00418493 -0.00343005 -0.00186535 -0.00165179 -0.00140746 -0.00106807 -0.00266565 -0.000995247 -0.00302731 -0.0020251 -0.00206242 -0.00147593 -0.000784583 -0.00377287 -0.00137276 -0.00321331 -0.00112829 -0.00119981 -0.00263559 -0.00247203 -0.00338296 -0.00246287 -0.00131105 -0.00219993 -0.00105614 -0.00160326 -0.000546297 -0.00214611 -0.000162805 -0.00157443 -0.00100303 1.16613e-05 -0.000523553 -0.00234912 -0.00260042 -0.00286114 -0.00270524 -0.0030918 -0.000951235 -0.00315491 -0.00262645 -0.00101404 -0.00242093 -0.000892745 -0.0023114 -0.00148571 -0.00111639 -0.000380913 2.52735e-05 
-0.00115193 -0.00314891 -0.00317103 -0.00304376 -0.000766197 -0.000261382 -0.00160039 -0.00244131 -0.00154078 -0.00356782 -0.00285975 -0.00436269 -0.00327995 0.00198624 -0.000259353 0.223323 -3.23824e-05 -0.00539053 -0.00253473 -0.00410483 -0.00974131 0.00303762 -0.0102778 -0.00399424 -0.00426611 -0.00560193 -0.00660985 -0.0101523 -0.007262 -0.00493293 -0.00243591 -0.00327055 -0.00150649 -0.00340638 -0.00502411 4.19878e-06 -0.00125803 -0.00174184 -0.00390114 -0.00243878 -0.000317006 -0.00219934 -0.00189442 -0.0025635 0.000130464 -0.00152327 -0.0019103 -0.000189196 -0.000716795 -6.67807e-05 -0.00123719 -0.00381373 -0.00380056 -0.00065238 0.00142445 3.60554e-05 -0.00249112 -0.000410615 -0.00165677 -0.0010621 -0.000893146 0.000230336 -0.0024685 -0.00279009 -0.00165102 -0.00355305 -0.0022468 -0.000396024 -0.000291828 -0.00109875 0.00133198 -0.000306959 0.000320433 -0.000636034 -0.00313645 -0.00196342 -0.00309643 -0.00146121 -0.00307236 -0.000627295 -0.000654002 -0.0028727 -0.00195009 -0.00366147 -0.00101945 -0.00153285 -0.00337405 -0.00352502 -0.00233015 -0.00348306 -0.00324716 -0.0036655 -0.00249786 -0.00186913 -0.00217947 -0.00134693 -0.00114909 -0.0013622 -0.0014038 -0.00116693 
-0.00192526 -0.00154147 -0.00177696 -0.000745095 -0.00376399 -0.00133497 -0.00327282 -0.00547263 -0.00444633 -0.00530207 -0.00395044 -0.00284876 -0.00566215 -0.00291364 0.0030067 -3.23824e-05 0.244352 -0.00399534 0.00102233 0.00160935 -0.00505061 -0.00395433 -0.00663568 -0.0111565 -0.00866091 -0.0059111 -0.00830389 -0.00842954 -0.00163706 -0.00506838 -0.00664943 -0.0056378 -0.00167281 -0.00281681 6.89257e-05 -0.00616455 -0.00433128 -0.00122014 -0.00400929 -0.00175812 -0.00284668 -0.00315302 -0.00466956 -0.00193742 -0.000666467 -0.00413926 0.000179267 4.53364e-05 -0.00197989 -0.00168463 -0.00251495 -0.00143354 -0.000896793 5.845e-05 -0.00446077 1.41961e-05 0.00045676 -0.000464829 -0.000671341 -0.00167556 -0.00164613 0.000468392 -0.00139365 -0.00246454 -0.000381929 -0.00243052 -0.000503676 -0.00146686 -0.00239376 -0.00285646 -0.000607893 -0.000450912 -0.001591 -0.00180903 -0.00164928 -0.00085976 -0.00226627 -0.00177828 -0.00500174 -0.00140774 -0.00109561 0.000119457 -0.00237952 -0.00171094 -0.00129443 -0.00378232 -0.000236021 -0.00400444 -0.00346388 -0.00383672 -0.00196247 -5.13033e-06 -0.00136422 -0.000322495 -0.00166105 -0.00342017 -0.00227852 -0.000575475 -0.00166907 -0.00213206 
-0.00281279 -0.00046707 -0.0046544 -0.00323812 -0.00101932 -0.00266256 -0.00352962 -0.00232383 -0.00501978 -0.00692254 -0.00568977 -0.00529046 0.000638907 -0.00401907 0.000240735 -0.00539053 -0.00399534 0.246486 -0.0023011 -0.00176597 0.00522932 -0.00309607 -0.0132044 -0.00756275 -0.00992145 -0.00680863 -0.00812044 -0.00876294 -0.00510817 -0.00216485 -0.00514466 -0.00678496 -0.00551319 -0.00203636 -0.00030309 -0.00110776 -0.00309357 -0.00296748 0.000424095 -0.00048336 -0.00228547 -0.00156928 -0.00254215 -0.00277444 -0.00418769 0.000306763 -0.00348276 -0.00401516 -0.00532549 0.000319894 -0.00139565 -0.00248951 -0.00364442 -0.00257807 0.000811771 -0.000438372 -0.000786597 -0.00410673 0.000654071 -0.00252657 -0.00170413 -0.00196345 -0.0022077 -0.00176307 -0.00217349 -0.000453187 -0.00241091 -0.00103445 -0.000614733 -0.00102964 -0.00145169 -7.5864e-05 -0.00215796 -0.000700283 -0.0017357 -0.00249443 -0.000984051 -0.000898007 -0.00349596 -0.000973461 -0.00104043 -0.00189007 -0.00211877 -0.000405668 -0.00178466 -0.00222571 -0.00118967 -0.00435156 -0.000611097 -2.77759e-05 -0.000470612 -0.000103984 -0.00206548 -0.0024713 -0.00194312 -0.00404624 2.92128e-05 -0.000863866 -0.00181281 0.0020388 
-0.000823178 -0.00396588 -0.00201179 -0.00201082 -0.000905961 -0.00258563 -0.00484502 -0.00370723 -0.00591922 -0.00213417 -0.00134067 -0.000687121 -0.00741936 0.000462313 -0.00205047 -0.00253473 0.00102233 -0.0023011 0.249563 -0.00448284 -0.00501598 0.00179104 -0.0123767 -0.0195232 -0.00513724 -0.00178936 -0.0190043 -0.000121829 -0.00333334 -0.00630523 -0.0076666 -0.00224465 -0.00666861 -0.00472614 -0.00187629 -0.00176876 -0.0048786 4.29812e-06 -0.0029525 -0.00412412 -0.00250722 -0.00321054 -0.00174567 -4.91297e-05 0.000584306 -0.00156727 -0.00197216 -0.00283902 0.000815435 -0.00134582 -0.00212474 -0.00316032 -0.00201853 -0.00132279 -0.00156987 -0.00246231 -0.00220836 -0.00216993 0.000638762 -0.00323091 -0.0027235 -6.71762e-05 -0.00229963 -0.00168379 -0.0039609 -0.00181112 -0.00522756 -0.00153359 -0.00212483 -0.00473961 -0.00162137 -0.00392676 -0.00332037 -0.000718988 0.00109728 -0.00126419 -0.00308293 -0.00194672 0.000800669 -0.000974143 -0.000627301 -0.00224203 -0.00185246 0.00229183 -0.00255396 -0.00100981 -0.00306022 -0.00207076 -0.00207227 -0.000949509 0.000842609 0.001635 -0.00161507 -0.00176741 -0.00147318 0.000399482 -0.0013696 -0.00030046 0.00106201 -0.00227608 
-0.0035255 -0.00305187 -0.00331199 -0.00267391 -0.00401461 -0.0073923 -0.00225943 -0.00528312 -0.00110286 -0.005445 -0.00666498 -0.00217023 -0.00924285 -0.00745862 -0.00144412 -0.00410483 0.00160935 -0.00176597 -0.00448284 0.246578 0.00607629 0.00303036 -0.00732505 -0.00158322 -0.00169009 -0.0053897 -0.00405747 -0.0103011 -0.00338225 -0.00439722 -0.00432372 -0.00408426 -0.00236883 -0.0020085 -0.00487629 -0.00364371 0.00107621 -0.00351943 -0.00233178 -0.00107323 -0.00400928 0.000210773 -0.0036722 -0.00260002 -0.00228739 -7.49644e-05 -0.00269956 -0.00283928 -0.00252053 -0.00204799 -0.00156937 -0.000895777 -0.000307256 -0.00269941 0.000213344 -0.00123603 -0.00212709 -0.00302289 -0.00206701 -0.00222176 -0.000218988 -0.00346646 0.000651441 -0.00178221 0.000199537 -0.00335295 -0.00204849 -0.00065671 -0.00253054 -0.00175854 -0.00254521 -0.0021977 0.000517281 -0.00312519 -0.00357695 -0.00212893 -0.00328525 -0.00166555 -0.000416566 -0.00163343 -0.00167139 -0.00195588 -0.00301549 -0.00278041 -0.000415434 -0.00301594 -0.00319925 -0.00143862 -0.00507591 -0.000484657 -0.00585906 -0.000333447 -3.52639e-06 -0.00399945 0.00101953 -0.00151207 -0.00176875 -0.00305793 -0.00281816 -0.00173803 
-0.00126168 -0.00175542 -0.00430895 0.000389298 -0.000545996 -0.00445521 -0.0029276 -0.00542259 -0.00373062 -0.00481885 -0.00357484 -0.00131084 -0.0083396 -0.0106399 -0.00402762 -0.00974131 -0.00505061 0.00522932 -0.00501598 0.00607629 0.247055 -0.00441963 -0.000115568 -0.000807366 -0.00857476 -0.00309289 -0.00697177 -0.0024375 -0.0029489 -0.0115954 -0.00420254 -0.00715698 -0.00351816 0.00331258 -0.00296312 -0.00278214 -0.000103412 -0.00264436 -0.00351325 -0.00310568 -0.00448838 -0.0010144 -0.00214301 0.000178115 -0.00192416 -0.000888185 -0.00316298 -0.00180497 -0.00376033 -0.00205588 -0.00351917 -0.00373144 -0.00209622 -0.00376545 -0.000677291 -0.00107261 -0.0020544 -0.0036952 -0.000223905 -0.00207094 0.000146651 -0.00161511 -0.00256932 -0.00145397 -0.00060621 -0.00211456 -0.00130269 -0.00456948 0.0011746 -0.00237289 -0.00246123 -0.00264646 -0.00135837 -0.00181112 -0.000651638 -0.00353601 -0.000646679 -0.00144506 -0.00221091 -0.00351234 -0.000351225 -0.00179417 -0.00204185 -0.00170215 -0.0033367 -0.00461733 -0.000706839 -0.00323255 -0.00104547 0.000498657 -0.00390088 0.00153737 -0.00299362 -0.0011872 0.000453205 -0.00219142 -0.00191241 -0.00462989 -0.00168764 0.000193913 
-0.000543449 0.000191499 -0.00192722 -0.000369144 -0.00314154 -0.00133646 -0.000531605 -0.00212285 -0.00106519 0.00264028 -0.00427588 -0.00578731 -0.00144073 -0.00571728 -0.00506772 0.00303762 -0.00395433 -0.00309607 0.00179104 0.00303036 -0.00441963 0.24822 -0.00468619 -0.00688122 -0.00843714 -0.0104853 -0.0104837 -0.0105291 -0.00504241 -0.0035749 -0.00323218 -0.000774972 -0.00543501 -0.00192067 -0.00301735 0.00073733 -0.00365661 -0.00264233 -0.0025475 -0.000153773 -0.00313352 -0.00585406 -0.00214309 -0.00103067 -0.00196657 -0.00334822 -0.00284031 -0.000797848 -0.00257027 -0.00203361 -0.00255829 -0.00310716 -0.00122847 -0.00121502 -0.00191481 -0.00155655 -0.00401295 -0.00123513 -0.00261457 -0.000888124 -0.00161454 -0.00280641 -0.00311749 0.000912806 -0.00122614 -0.00237302 -0.0049818 -0.000675111 -0.00505919 0.000689227 -0.00356971 -0.00178501 -0.000384121 -0.000831944 -0.00013757 -0.00249825 -0.000415704 -0.00449727 -0.00112725 -0.000462284 -0.0024897 -0.00449816 -0.00156767 -0.00207558 -1.01419e-05 -0.00675167 -0.00097776 -0.00266261 -0.00334881 -0.00134832 -0.000838399 -0.00188913 -0.00375582 -0.00146391 -0.00225243 -0.00318021 -0.00339304 -0.00192337 -0.00108271 -0.00383144 
-0.00221587 -0.000238684 -0.00162511 -0.00224811 -0.00352255 -0.00157436 -0.00030056 -0.00309251 -0.00646444 -0.000917567 -0.0045304 -0.00553407 -0.00229556 -0.00608393 -0.00436182 -0.0102778 -0.00663568 -0.0132044 -0.0123767 -0.00732505 -0.000115568 -0.00468619 0.245584 -0.00264563 -0.000720658 0.000320639 -0.00178713 0.00486548 -0.00613803 -0.00403779 -0.00232385 -0.00566771 -0.00201923 -0.00299883 -0.000318097 -0.00255167 -0.00129315 -0.00151152 -0.00228015 0.00164624 -0.00131829 -0.00467979 7.61733e-05 -0.00325008 -0.00111821 -0.00188977 -0.00342226 -0.00401528 -0.00143176 -0.0017609 -0.00210472 -0.00363066 -0.00199912 -0.00179345 -0.00283152 -0.00229199 -0.00161132 -0.000480346 -0.00343744 -0.0025068 -0.000562786 -0.00140957 -0.00171398 -0.00365684 -0.000878784 -0.00118083 0.00114461 -0.00195014 -0.00360496 -0.00214388 -0.00121611 -0.00273185 -0.00421619 -0.00305118 -0.00133578 -0.000852423 -0.00119454 -0.00172283 -0.00224782 -0.0031965 -0.00139391 -0.00268847 -0.000654622 -0.00131286 -0.00154536 0.000255897 0.000233624 0.00140635 -0.00118698 -0.00130321 -0.0014159 -0.0033915 -0.00243763 -0.00360766 -0.00453728 -0.000909449 -0.00332905 0.000104906 -0.00254367 -0.00301889 
-0.00310061 -0.00189127 -0.0016292 -0.0029697 -0.00361685 -0.00143724 -0.00245814 -0.00468744 -0.0048633 -0.0048931 -0.00565833 -0.00162764 -0.00327532 -0.00625019 -0.00338834 -0.00399424 -0.0111565 -0.00756275 -0.0195232 -0.00158322 -0.000807366 -0.00688122 -0.00264563 0.248911 -1.40473e-06 -0.00428502 -0.000210314 0.00452507 -0.00179409 0.000882379 -0.00263654 -0.00709617 -0.0042832 -0.00372179 -0.00213931 -0.00249126 -0.000948292 -0.0037304 0.000506356 -0.00221766 -0.000425469 -0.000386106 -0.00270452 -0.000954329 -0.00244 -0.000381527 -0.00163162 -0.00123757 -0.00200707 -0.00298032 -0.00131462 -0.000259109 -0.000592387 -0.00135072 -0.00253061 -0.00139862 -0.00233947 -0.00419011 -9.04317e-05 0.000832543 -0.00305778 -0.00255635 -0.00183414 -0.0016843 -0.0033342 -0.000602477 0.000576035 -0.0035883 -0.00131567 1.14197e-05 -0.00251164 -0.000972633 0.000140386 -0.00146573 -0.00151003 -0.000518815 -0.00151539 -0.00176034 -0.00344034 -0.00424285 -0.0035283 -0.00121698 -0.00177916 -0.00355187 -0.00430322 -0.00299649 -0.00406651 -0.0017932 -0.000698752 -0.00231147 -0.00400628 -0.00421606 -0.00145989 -0.0013946 -0.000638701 -0.00194779 -0.00372376 -0.00290545 -0.00218283 -0.00108197 
-0.00336899 -0.00167511 -0.00241516 -0.0023111 -0.00179195 -0.00171532 -0.000170821 -0.00332788 -0.00273382 -0.00415141 -0.00162604 0.000549106 -0.0043092 -0.010659 -0.00274885 -0.00426611 -0.00866091 -0.00992145 -0.00513724 -0.00169009 -0.00857476 -0.00843714 -0.000720658 -1.40473e-06 0.242709 -0.00114035 -0.00062837 0.00259938 -0.0012886 -0.00610022 -0.00118041 -0.00217752 -0.00225794 -0.00434718 -0.00150641 -0.004601 -0.00123294 -0.00590496 -0.000317585 -0.00247943 -0.00190649 0.000560715 -0.00232719 -0.00306403 -0.000842644 -0.0036188 -0.00330106 -0.0031837 -0.00206337 -0.00163441 -0.00187773 -0.00330102 4.734e-05 -6.80453e-05 -0.000484192 -0.000269282 -0.00221249 0.00125422 -0.00265676 -0.00257156 -0.00332143 -0.00135746 -0.000720095 -0.000468821 0.000142588 -0.00179187 -0.00521111 -0.00479458 -0.00394459 -0.00164063 -0.00350488 -0.00518389 -0.00386636 -0.00193339 -0.00100088 -0.00375363 -0.00321359 -0.00133132 -0.00166417 -0.00167009 -0.00349043 -0.000988926 -0.00160805 -0.00316271 -0.00290758 0.000878356 -0.00245762 0.000997968 -0.00316196 -0.00202976 -0.00183866 -0.000968364 -0.00325242 -0.00090511 -0.00284943 -0.000823652 -0.00201243 -0.0020578 -0.00205077 -0.00184009 
-0.00186882 -0.0042776 -0.00244307 -0.00464709 -0.00224756 -0.00236432 -0.00057011 -0.00307506 -0.00272611 -0.00551738 -0.00135066 -0.00126422 -0.00583681 -0.00823004 -0.0074157 -0.00560193 -0.0059111 -0.00680863 -0.00178936 -0.0053897 -0.00309289 -0.0104853 0.000320639 -0.00428502 -0.00114035 0.246306 -0.00200106 -0.00496352 -0.00526843 -0.00637976 -0.00216483 0.0015225 -0.00900707 0.000772525 -0.00261296 -0.00225889 -0.00261774 0.000306739 -0.00157681 -0.00186272 -0.000672099 -8.09048e-05 -0.00082387 0.0014716 -0.00219926 -0.00164102 -0.00388833 -0.00412861 -0.00176253 -0.000775734 -0.00140042 -0.0015453 0.000144703 -0.00284777 -0.000488369 -0.00336139 -0.000338327 0.000715326 -0.00205645 -0.000895479 -0.00294378 -0.00326501 -0.00157673 -0.00461403 -0.0033702 -0.00170685 -0.000642596 -0.00195923 -0.000297317 -0.00271626 -0.000986438 -0.000646627 -0.000692866 -0.00136715 -0.0043922 -0.000840941 -0.0025875 0.000430401 -0.00258204 -0.0025097 -0.00460994 -0.00224795 -0.00407897 -0.00407313 -0.0043195 -0.00228427 -0.00375102 -0.00119617 -0.00204178 -0.000814695 -0.00307852 -0.00261123 -0.00100967 -0.0017952 -0.002172 -0.000679124 0.0022803 -0.00236891 -0.000170973 -0.00331217 
-0.00103211 -0.00200554 0.000991215 -0.000301535 -0.0011878 -0.0010419 -0.0028392 0.000588252 -0.00339186 -0.00235822 -0.00111276 -0.0050865 -0.00440541 -0.00563177 0.000195845 -0.00660985 -0.00830389 -0.00812044 -0.0190043 -0.00405747 -0.00697177 -0.0104837 -0.00178713 -0.000210314 -0.00062837 -0.00200106 0.209603 -0.00579683 -0.00105814 -0.00259012 -0.00174774 0.000826068 0.00035244 -0.00180857 -0.00283722 -0.00065875 -0.00220594 -0.00106035 9.22935e-05 -0.00224943 -0.00221485 -0.00322159 -0.000182832 -0.00276497 -0.00225911 -0.00146502 -0.00158579 -0.00180478 -0.00134914 -0.00130265 -0.00123278 0.000213563 -0.00168574 -0.00302876 -0.00104503 -0.00128119 -0.00165203 0.00249363 -0.00209423 -0.00130384 -0.00288383 0.000235076 -0.000673667 -0.000419469 -0.00269378 0.00041471 -0.00326698 -0.0020963 -0.00445588 -0.000961991 -0.00175495 5.74988e-05 -0.00465713 -0.000457258 -0.000882704 -0.00112497 -0.000810634 0.000115856 -0.00122624 -0.00233438 -0.000671733 -0.00241715 -0.00132049 -0.00192834 -0.00126861 -0.00186035 -0.000938924 -0.000578304 -0.000694314 -0.00143273 -0.00131475 -0.00401357 -0.00181019 -0.0024482 -0.0022747 -0.00284151 -0.00127849 -0.00280659 -0.00175706 0.000237397 
-0.00244661 -0.00083502 -0.00217412 -0.0028612 -0.00234196 -0.000618865 -0.00110198 -0.00310547 -0.00423757 0.00401406 -0.00182318 -0.00479757 -0.0039123 -0.00394942 -0.00379497 -0.0101523 -0.00842954 -0.00876294 -0.000121829 -0.0103011 -0.0024375 -0.0105291 0.00486548 0.00452507 0.00259938 -0.00496352 -0.00579683 0.213215 -0.00113683 0.000717165 -0.00250382 -0.00342792 -0.0020313 -0.00385917 -0.00140615 -0.00251608 -0.00226895 -0.00321354 -0.000428857 -0.0022496 -0.0022843 -0.00239878 -0.00297424 -0.00103316 -0.00184825 -0.00246874 0.000287244 -0.00286986 -0.00236699 -0.00197279 -0.00155315 -0.00018021 -0.00243918 -0.0017566 -0.00386375 -0.000497099 0.00132807 -0.00189216 -0.00113977 -0.0019162 -0.000831353 -0.00130876 -0.00085633 -0.00105747 -0.00282218 -0.00172721 -0.00324622 -0.00111499 -0.00277889 -0.00238773 -0.00107845 -0.00303146 -0.00321634 -0.00338075 6.77605e-06 -0.00102453 -0.00153755 -0.00408778 -0.00102051 -0.00406315 -0.00146679 -0.000589492 -0.000505044 -0.00239944 -0.00227739 -0.00106474 -2.42525e-05 -0.00287627 0.00080936 -0.0016656 -0.00274467 -0.00211003 -0.00124656 -0.00100554 -0.00226917 -0.00111927 -0.00174183 -0.00180556 -0.00232124 -0.00257026 
-0.00294902 -0.000438273 -0.00173619 -0.00224665 -0.00316361 -0.00138038 -0.00141434 -0.00201237 -0.00561767 -0.00242221 -0.00269491 -0.00561532 -0.00336383 -0.00386888 -0.0052445 -0.007262 -0.00163706 -0.00510817 -0.00333334 -0.00338225 -0.0029489 -0.00504241 -0.00613803 -0.00179409 -0.0012886 -0.00526843 -0.00105814 -0.00113683 0.195559 0.00265336 -0.000258425 0.0010071 -0.000793247 0.000390607 -0.00402737 -0.00237303 -0.00268025 -0.000400437 -0.00154969 -0.00104059 -0.00196405 -0.00268668 -0.00132862 -0.0030971 -0.000317317 -0.000817714 -0.00108168 -0.00153346 -0.000948214 -0.000955396 -0.00120015 -6.76241e-05 -0.00121514 -0.00277692 -0.00323361 -0.00037871 -0.00202801 -0.00230119 -0.00250962 0.000132901 -0.00179639 0.000120211 0.000290589 -0.00366462 -0.000955806 -0.00208571 -0.00370319 -0.000161049 -0.002902 -0.00130236 -0.00161242 -0.00107065 -0.0033169 -0.00122161 -0.00144439 -0.000213734 -0.00219603 -0.00350122 -0.000718613 -0.00189342 -0.0021143 -0.00123138 -0.000513379 -0.00112984 -0.00176551 -0.00134495 -0.00305875 -0.00169134 -0.000870919 -0.00160824 -0.000644448 -0.00351714 0.00127358 -0.00196211 -0.00165112 -0.00150155 -0.00252241 -0.00115161 -0.00236916 -0.00388813 
-0.00217941 4.08786e-05 -0.00323004 -0.0017988 -0.000969069 -0.000936805 -0.00147522 -0.00157601 -0.00071195 -0.00147203 -0.00274091 -0.00563786 -0.00250144 -0.00196855 0.00253803 -0.00493293 -0.00506838 -0.00216485 -0.00630523 -0.00439722 -0.0115954 -0.0035749 -0.00403779 0.000882379 -0.00610022 -0.00637976 -0.00259012 0.000717165 0.00265336 0.183211 0.000935028 -0.00289473 -0.00360045 -0.00243075 -0.000110653 -0.00117467 -0.00227279 -0.00216565 -0.00162927 7.88539e-05 -0.00197148 -3.28984e-05 -0.000294587 -0.00219337 -0.00229811 -0.00194549 -0.00139508 -0.00155587 -0.00163721 -0.00200693 -0.00215039 -0.000139364 0.000522976 -0.00210169 -0.00342628 -0.00102004 -0.00063164 -0.00349168 -0.00195827 -0.000184574 -0.00225391 -0.0027631 -0.00179657 -0.00157953 -0.00283224 -0.00175919 -0.000598265 -9.70444e-05 -0.00210421 -0.00167993 -0.00147927 1.59783e-05 -0.00175082 -0.00206275 -0.00159258 -0.000715114 -0.000322258 -0.00195998 -0.000299921 -0.00106954 -0.00176449 -0.00112913 -0.00126914 -0.000971783 -0.00132058 -0.00305485 -0.00308466 -0.00253194 -0.00310658 -0.00201332 -0.00161881 -0.00320336 0.00167832 -0.00154546 -0.00084075 -0.00028143 -0.000819429 -0.00011351 -0.0031844 -0.00164531 
-0.000995046 -0.000934837 -0.000698574 -0.000546413 -0.000488472 -0.000298524 -0.00166109 -0.000364407 -0.000609129 -0.0022816 -0.00216992 -0.00252236 -0.000443709 -0.000468109 -0.00704106 -0.00243591 -0.00664943 -0.00514466 -0.0076666 -0.00432372 -0.00420254 -0.00323218 -0.00232385 -0.00263654 -0.00118041 -0.00216483 -0.00174774 -0.00250382 -0.000258425 0.000935028 0.137635 -0.00172671 -0.000305009 0.00100062 -0.00111457 -0.00102824 -0.000839784 -0.00114504 -0.000992944 8.30114e-05 -0.000313253 -0.0015699 -0.00065089 -0.000717823 -0.000451096 -0.000604609 -0.000356266 0.000187448 -0.00071036 -0.00165445 -0.00157867 -0.000910742 -0.000789732 -0.000887644 -0.00178418 -0.00108168 -0.00134513 -0.00120443 -0.00340832 -0.000279039 -0.000921803 -0.000451423 -0.00120955 -0.00186783 -0.00133237 -0.00159827 -0.000540754 -0.00161389 -0.00161066 -8.67728e-05 -0.00133511 -0.000477147 0.000785908 -0.00121966 -0.000662243 -0.00135195 -0.00112664 -0.00108938 -0.000778082 -0.000696929 -0.00161635 -0.00174307 -0.00112932 -0.00101082 0.000455288 -0.001039 -0.00141599 -0.00167268 -0.00215221 -0.00143193 -0.00136801 -0.00232849 0.000730338 -0.000724429 -0.00198927 -0.000878572 -0.0011093 -0.000568786 -0.0026508 -0.00156857 
-0.00105022 -0.00187664 -0.000586712 -0.00194067 -0.00230807 -0.000691745 -0.000435409 0.00183402 -0.00171875 -0.00284011 -0.00279752 -0.0020058 -0.00363022 -0.000157422 -0.00407166 -0.00327055 -0.0056378 -0.00678496 -0.00224465 -0.00408426 -0.00715698 -0.000774972 -0.00566771 -0.00709617 -0.00217752 0.0015225 0.000826068 -0.00342792 0.0010071 -0.00289473 -0.00172671 0.141875 -0.000665948 -0.000184059 -0.00235104 -0.00013945 -1.56075e-05 -0.00119198 0.000239422 -0.00162518 -0.00279513 -0.00131007 -0.000688844 -0.00116987 -0.000993985 -0.00183626 -0.0016744 -0.000855499 -0.000961711 -0.000805017 -0.000591001 -0.000716308 0.000615306 -0.00027646 -0.000603243 -0.00116075 -0.000972526 -6.96803e-05 -0.00122632 -0.000616695 -0.00134905 -0.00350401 -0.00169783 -0.000529431 -0.00136745 -0.000580777 -0.00295312 -0.00166924 -0.00107895 -0.000938901 -0.00105801 -0.00150626 -0.00076531 -0.00132541 -0.00124801 -0.000266252 -0.00155409 6.5411e-05 -0.00132003 -0.000450794 -0.000338918 -0.00135385 0.000627689 -0.00122322 -0.00127628 -0.00094651 1.27818e-05 -0.00105559 0.000495685 -0.00122361 -0.000549037 -0.00230376 -0.00211494 -0.00121233 -0.000934818 -0.00131329 -0.000206914 -0.000886346 0.000199489 -0.00266559 
