0.0883348 -0.000535764 0.000207443 -0.0004994 -0.000497333 0.000125549 -0.00075069 -0.00031008 -0.00134155 -0.00107517 -0.00249043 7.48977e-05 -0.000746609 -0.0028273 -0.00264713 -0.00109925 -0.00325165 -0.00286882 -0.0029774 -0.00225663 -0.00101938 0.000695752 -0.00222294 -0.00179831 -0.00112298 -0.00477651 -0.00192044 -0.00164893 -0.000858314 -0.000877194 -0.00178065 -0.00177408 -0.00166859 -0.00225686 -0.00224153 -0.000529757 -0.000161516 -0.000835565 -0.00049299 2.69323e-05 -0.000214409 -0.000774923 -0.000369831 -0.00111391 -0.000457554 0.000143841 5.38021e-05 -0.000749136 -0.000822434 -0.000708638 -0.000483085 -0.000397367 -0.000785502 -0.00122879 -0.00115932 -0.000724542 -0.000204068 -0.000595358 -0.00114415 -0.00066758 -0.00165982 -0.00105478 2.00073e-05 -0.00104084 -0.00108031 -0.000443132 -0.00122092 -0.000324853 -0.00064538 0.000118375 0.000354135 -0.000165893 -0.000688312 -0.00140187 -0.000537529 -0.000801237 -0.000933109 -0.000279144 -0.000696348 -0.000404597 -0.00124429 -0.000657145 -0.000888942 -0.00120077 -0.000181509 -0.000419171 -0.000429673 0.000322758 -0.000251335 -0.000236196 -0.000343622 -0.000242932 -0.00126767 -0.0012608 -0.000407642 -0.00069575 -1.89317e-05 -0.000548393 -0.000321777 0.000278652 
-0.000535764 0.0847452 5.65784e-05 -0.000113316 -6.88316e-05 9.15333e-05 0.000145825 -0.000957172 0.000771098 -0.0014958 -0.00122553 -0.00126111 -0.000653937 -0.00330195 -0.000230523 -0.00208991 -0.00253094 -0.00457812 -0.00246835 -0.00105507 -0.000396738 -0.00191517 -0.00111245 -0.00328147 -0.000410684 -0.00284161 -0.00272548 -0.00156417 -0.000254412 -0.00233747 -0.001394 -0.00133926 -0.00111313 -0.00136506 -0.000822248 -0.000487214 -0.00131156 -0.000844106 0.000231653 -5.82584e-05 -0.000651495 -0.000894611 2.14832e-05 -0.000335145 -0.00105191 -0.000821207 -0.000885149 -8.65428e-05 -0.00063236 0.00030151 -0.000974286 -0.0012748 -0.000344077 0.000124864 -0.00109841 -0.000246563 -0.000617677 -0.00024224 -0.0015045 -0.000556343 -0.00142512 -0.00133563 -0.000279594 -0.00191963 -0.00111074 -6.70612e-06 -0.000538986 -0.000152373 -0.000169526 -0.00101887 -0.000359901 -0.000662357 -0.000148784 -0.000614471 -0.000708672 -0.000948977 -0.000231578 -0.00106587 -0.000272099 -0.00142053 -0.00046244 -0.00203397 -0.00020478 -0.00064712 -0.000217008 -0.000179028 -0.00108177 -0.000373404 -0.00076145 -9.46531e-05 -0.00115594 -0.000208427 -0.000437254 -0.00144299 -0.000709696 0.000205246 -0.00112076 -0.000489366 -0.000155783 -0.00017061 
0.000207443 5.65784e-05 0.0824753 -0.000771766 -0.000700394 -0.000393879 -0.000382746 4.15901e-05 -0.000614572 -0.00106243 -0.00154262 -0.00139656 -0.00100986 -0.00177149 -0.0032972 -0.00127427 -0.00297955 -0.00466729 -0.00400333 -0.00149161 -0.000741859 -0.00209963 -0.00317447 -0.00345589 -0.0025028 -0.00274135 -0.00176709 0.000133953 -0.000310129 3.84588e-05 -0.00089808 -0.00166586 -0.00103336 -0.00117264 -0.00150187 -0.000953728 -0.000464704 -0.000247371 -0.000719653 -0.000896226 -0.00116273 -0.000844639 0.000185563 4.5507e-06 -0.00105619 -0.000367577 -7.08411e-05 -0.000502542 -0.000273038 -0.000184516 -0.000734854 -0.00114024 -0.000118265 -0.000505197 -0.000652412 -0.00118125 -0.000396276 -0.000960615 -0.000370542 -0.000736392 -0.000798281 0.000431668 -0.000221943 -0.000758187 -0.00078585 -9.90148e-05 -0.000523548 -9.90475e-05 -0.000830586 -0.000133653 -7.84826e-05 -0.000922727 -0.000645281 -4.68668e-05 -0.000716869 -0.000615754 -0.000730449 0.000202128 -0.000362793 -0.000845464 -0.000670174 -0.00135568 -0.000427519 -0.000545246 -0.000440797 -0.000142217 -0.000706425 -0.000897255 -0.000272327 -8.77496e-05 0.000475516 -0.000371629 -0.000413069 -0.000332658 -0.00074308 -0.000413966 -0.0010559 -0.000595177 6.78367e-05 -0.000670524 
-0.0004994 -0.000113316 -0.000771766 0.0792562 -3.49713e-05 0.000752379 -2.38409e-05 -0.000733294 0.000606253 -0.000237469 -0.000262536 -0.000831682 -0.000546969 -0.00194254 -0.00336997 -0.0023579 -0.000878175 -0.000838775 -0.00223652 -0.00236861 -0.00126024 -0.000773639 -0.00144537 -0.0019756 -0.00189483 -0.00342461 -0.00356205 -0.00102306 -0.000665741 -0.0030594 -0.00122544 -0.000626604 -0.0010231 -0.000654245 -0.00183157 -0.00104945 -0.000796134 0.000157662 -0.000444947 6.53881e-05 -0.00122692 -0.00100311 -0.000560338 9.49269e-05 -0.000500458 -0.000703424 -0.000799913 -0.000717077 -0.000281949 8.88975e-05 -5.68944e-05 -0.000229579 -0.000381687 0.000261849 -0.000920086 -0.000521701 -0.000977595 -0.000869554 -0.000483509 -0.000718961 -0.00162963 -0.000525975 0.000214668 -0.000578726 -0.00117976 -0.000437833 -0.00151951 -0.000523283 -0.00115269 -0.000599104 -0.000512555 -0.00040419 -0.00010172 -0.000854787 -0.00014871 -0.000719361 -0.000764241 -0.00108302 -0.000398509 -0.00135567 -0.000218312 -0.000716556 -0.000892703 -0.000745291 -0.000580531 -0.000701129 -0.000515578 -0.000952548 -0.000496941 -0.000739613 -0.000648159 -0.000531135 -0.00117295 -0.000385042 -0.000712499 -0.000326103 -0.00106699 -0.000607929 -0.000160344 0.00089793 
-0.000497333 -6.88316e-05 -0.000700394 -3.49713e-05 0.0969251 -0.00150545 0.000396744 0.000878214 -0.000315376 0.0016691 -0.00265401 -0.00215907 -0.000352124 -0.000848784 -0.0019521 -0.00102289 -0.00245385 -0.00339047 -0.00404289 -0.000965691 -0.0030443 -0.00329258 -0.00446246 -0.00572056 -0.00246757 -0.00153796 -0.0022432 -0.00130553 -0.00139552 -0.00152072 -0.00131618 -0.00115545 -0.000945961 -0.000678254 -0.00197887 -0.00221365 -0.00115559 -0.00144899 -0.000653682 2.60622e-06 -0.00109351 -0.000528549 -0.000299225 -0.000843565 -0.000849656 -0.00062665 -0.00087805 -0.000727578 -0.000879437 -0.000883821 -0.000557114 0.000129734 -0.00160871 5.46359e-05 -0.000661622 -0.000108273 -0.000380041 -0.000998537 -0.000469755 -0.000632565 -0.000187482 -0.000832521 -0.000122251 -0.000791825 0.000161198 -0.000164312 -0.000747605 0.000568942 -0.000658184 -0.000432699 -0.000475922 -0.000886531 -0.00142732 -0.000239691 0.000249628 -0.000295215 -0.000373306 -0.000457623 -0.00133991 -0.00109656 -0.000863611 -0.00045582 -0.000613514 -0.000299756 -0.00210561 -0.00038479 -0.000892942 -0.00130558 -0.000391429 -0.00107171 -0.000347451 -0.00167106 -0.0010868 0.000167206 -0.000837401 -8.07996e-05 -0.00128341 -0.00102028 -0.000363282 -0.00107098 
0.000125549 9.15333e-05 -0.000393879 0.000752379 -0.00150545 0.117315 -0.000737388 -0.000630709 -0.00130812 -0.000376495 -0.00229863 -0.000939112 -0.00218266 -0.000362621 -0.00312889 0.00203791 -0.0039164 -0.00205802 -0.00289799 0.000113721 -0.00347513 -0.000387359 -0.00608767 -0.00097608 -0.00171223 -0.00402535 -0.00433646 -0.00231551 -0.000732226 -0.00269342 -0.000894369 -0.00139571 -0.00271979 8.44157e-05 -0.000973511 -0.000871078 -9.83842e-05 -0.000418509 -0.00199232 -0.000791061 -0.00103058 -0.00116118 0.000405709 -0.000734757 -0.00103634 -0.00207842 -0.000664634 -0.00170017 -0.000123861 -0.000558428 -0.00151838 -0.00117361 -0.000416563 -0.00124194 -0.00198728 -0.00177244 -0.0014683 -0.00146423 -0.00117975 6.65406e-05 -0.0027997 -0.0021924 -0.00149222 -0.000436665 -0.000385555 -0.000321601 -0.000649056 -0.000915282 -0.00135605 -0.000774883 -0.000304969 -0.00130273 -0.00140902 -0.000764642 0.000224338 -0.00121621 -0.00106875 -0.00138375 -0.00178374 0.000414356 -0.00132476 -0.000770465 -0.000660609 -0.000732907 -0.0017574 -0.000637365 -0.00108247 -0.000565143 -0.0017367 -0.00144969 -0.000402233 -0.00174499 -0.00275026 -0.00159899 -0.00019815 -0.00119007 -0.000719628 -0.000580482 0.000187765 -0.000416629 
-0.00075069 0.000145825 -0.000382746 -2.38409e-05 0.000396744 -0.000737388 0.0897872 -0.000146934 -0.00149159 -0.000912387 -0.00121827 -0.000183648 -0.00125785 -0.00059 -0.000257193 -0.00411698 -0.00259777 -0.00361134 -0.00342981 -0.00251804 -0.00459493 -0.00502311 -0.00249002 -0.00241198 -0.00246149 -0.00223463 -0.00411898 -0.00206156 -0.000462869 0.000622284 -0.00189722 -0.00243932 -0.00111393 -0.000421893 -0.00156716 0.0002871 -0.000916603 -0.00102938 -0.000102137 -0.000797343 -0.000325312 -0.000525254 -0.000594535 -0.000950199 -0.00139684 -0.000677901 -7.9134e-05 0.000283071 -0.000383286 -0.000394412 -0.000871839 -0.000785929 -0.000605544 -6.16171e-05 -0.000297529 -0.00105728 -0.000348988 -2.85027e-05 -0.00110845 -0.000273416 -0.00128471 -0.000120915 0.000335366 -0.000300739 -0.000781764 -0.000249248 -0.000540125 -4.5211e-05 -0.000566728 -0.000231202 -0.000211864 -0.000696151 6.15254e-05 -0.000657244 -0.000699742 0.000403522 -0.00115329 -0.000746818 -0.000596392 -0.00103015 -0.000765411 -0.000253261 -0.000181661 -0.00072611 -0.000608545 -2.01319e-05 -0.000210389 -0.000394738 -0.000784559 -0.000602208 -0.000622791 -0.00103884 -0.00114747 -0.000497847 -0.00126621 -0.00021115 -0.000825507 -0.00056414 -0.00117246 0.000620058 
-0.00031008 -0.000957172 4.15901e-05 -0.000733294 0.000878214 -0.000630709 -0.000146934 0.0966751 -0.00066706 -0.000403555 0.000129717 -0.00103153 -0.000343393 -0.00151795 -0.00255257 -0.00508166 -0.00341454 -0.00222874 -0.00157244 -0.00429499 -0.00329842 0.000346904 -0.00195023 -0.000233262 -0.002581 -0.00141276 -0.000673415 -0.00422097 -0.00135958 -0.00245885 -0.00167142 -0.00170355 -0.00130942 -0.00190769 -0.000392078 -0.00181093 -0.000600852 -0.000850357 -0.000664942 -0.000994668 -0.00121878 -0.000837579 -0.000137249 0.000442362 -0.000927451 -0.000296183 -0.000456577 -0.000679128 -0.00075248 -0.000688116 0.000262262 -0.00127486 -0.00109295 -0.000814927 -0.000413419 -0.000327145 0.000385547 -0.000162108 -0.00119601 -0.00134461 -0.00122562 -0.00102691 -0.000571106 -0.000633548 -0.00166088 0.000671886 -0.00160112 -0.000555125 0.000424256 -0.000521299 -0.000150538 -0.000153817 -0.000965643 -0.000876737 -0.00112749 -0.000676619 -0.000795143 -0.000265645 -0.000415071 -0.00108165 -0.00068508 -0.00128577 -0.00137392 -0.00137004 -0.000773744 -0.00084641 -0.000599508 -0.000495753 -0.0012845 -0.00144155 -0.00104365 -0.000885594 -0.00162525 -0.000326092 9.60157e-05 -0.00114329 -0.000324192 -0.00131306 9.75969e-05 -0.000729498 
-0.00134155 0.000771098 -0.000614572 0.000606253 -0.000315376 -0.00130812 -0.00149159 -0.00066706 0.105947 0.00044905 -6.27213e-05 0.000507174 -0.000661261 0.000379082 -0.00421908 -0.00511545 -0.00315461 -0.0038797 -0.00406085 -0.00394686 -0.000325368 -0.00489549 -0.00573414 -0.00253177 -0.00278017 -0.00244999 -6.57203e-05 -0.00026101 -0.00259103 -0.00464022 -0.00106256 -0.00137142 -0.000197288 -0.00197897 0.000143806 -0.0010758 -0.0010145 -0.000388082 -0.000979468 -0.000266686 -0.000695012 -0.000923588 -0.0011187 -0.000485637 -0.000676581 -0.00135501 -0.000283653 -0.00104329 -0.00017496 -0.00100574 -0.000742501 -0.00194468 -0.00154137 -0.000671283 -8.28859e-06 -0.00155047 -0.000223223 -0.000986149 -0.00171149 0.000249058 -0.00044614 -0.000406726 -0.000991463 -0.00159172 -0.000149053 -0.000220792 -0.000730588 0.000326223 -0.00180262 -0.00108702 -0.000794876 -0.00197212 -0.000353454 -0.000635956 -0.00081724 -6.77974e-05 0.00024744 -0.00106885 -0.00127929 -0.000469527 -9.38659e-05 -0.00163147 0.000162549 0.000436957 -0.00120851 -0.000134411 -0.000857367 -0.00083995 -0.000486567 -0.000780548 -0.000489962 1.17937e-05 -0.0016161 -0.00134192 -0.000926194 -0.000183706 -0.000855866 -0.00066106 7.278e-05 -0.000727897 
-0.00107517 -0.0014958 -0.00106243 -0.000237469 0.0016691 -0.000376495 -0.000912387 -0.000403555 0.00044905 0.138862 -0.00128744 -0.00171752 -0.00260183 -0.00258123 -0.00441984 -0.00101875 -0.00419133 0.000240922 -0.00676473 -0.00588072 -0.00404146 -0.00381754 -0.00397117 7.44428e-05 -0.00510446 1.79577e-05 0.000159623 -0.0023097 -0.00230588 -0.00157059 -0.00326409 -0.00280806 -0.00245073 -0.000808491 -0.0030414 -0.00304225 -0.00193205 -0.00173721 -0.00178411 -0.00138482 0.000579458 -0.0015725 -0.00164821 -0.00111741 -0.00196273 -0.00039885 -0.00229683 -0.000364847 -0.000792715 -0.00174844 -0.000979843 -0.00113297 -0.00155789 -0.000114671 -0.00198866 -0.000563342 -0.000896602 -0.00116967 -0.00171837 0.000770712 -0.000179954 -0.00173815 0.000468411 -0.000561822 0.000724547 -0.00210706 -0.00123597 -0.000777185 -0.000722945 -0.000523278 -0.000948916 -0.000574784 -0.000486558 -0.000735464 -0.00102928 -0.000211488 -0.000412006 -0.00167293 -0.00127826 -0.00112317 -0.000631283 -0.000520599 -0.00210636 -0.0012651 -0.00264404 -0.0019212 -0.00128357 -0.00037705 -0.00108209 -0.00194956 -0.000721881 -0.000339732 -0.000693727 -0.000377321 -0.000396901 -0.00158905 -0.00208088 -0.00169943 -0.00252932 -6.23353e-05 
-0.00249043 -0.00122553 -0.00154262 -0.000262536 -0.00265401 -0.00229863 -0.00121827 0.000129717 -6.27213e-05 -0.00128744 0.14937 -8.43675e-06 -0.00250244 -0.00217282 -0.00231177 -0.00280239 -0.00147737 -0.00181281 -0.00515457 -0.00475775 -0.00269517 -0.00287877 -0.00604602 -0.0051967 -0.00677562 0.000145949 -0.00313337 -0.0047889 -0.00334951 -0.00456702 -0.00127292 -0.0021534 -0.000646682 -0.00247188 -0.0018219 -0.000411268 -0.00190699 -0.000965926 -0.00153788 -0.00167491 -0.000311684 -0.00140382 -0.000691922 -0.00140228 4.00429e-05 8.03516e-05 -0.00066383 -0.000658922 -0.000912446 -0.00144791 -6.22205e-05 -0.00223661 -0.00129171 -0.000694544 -0.00109974 -0.00270188 -6.75717e-06 -0.00226043 -0.000876032 -0.00176878 -0.00233186 -0.00212129 -0.000571785 -0.000545708 -0.000970093 0.000334679 -0.00152889 -0.000208857 -0.00220273 -0.000918785 0.000117692 -0.000888977 -0.00167579 -0.00118097 -0.000698466 -0.00181044 -0.00223272 0.000335378 7.46243e-05 -0.000969213 -0.000653401 -0.00136856 -0.00190904 -0.00132158 -0.000399966 -0.000593368 -0.00154493 0.000808754 -0.000820837 -0.00139953 -0.00222883 -0.00122149 -0.00268622 0.000185396 -0.0010333 -0.000401591 -0.000552505 -0.00211418 7.33895e-05 0.000239117 
7.48977e-05 -0.00126111 -0.00139656 -0.000831682 -0.00215907 -0.000939112 -0.000183648 -0.00103153 0.000507174 -0.00171752 -8.43675e-06 0.175835 -0.00291409 -0.00584648 -0.00593857 -0.0055143 -0.00460849 -0.00474298 -0.003374 -0.0031135 -0.00318621 -0.00458743 -0.000870992 -0.00361629 -0.00264752 0.00299095 -0.00707549 -0.00616292 -0.0012546 -0.00216674 -0.00369733 -0.00103862 -0.00232326 -0.00214833 -0.00198559 -0.00210978 0.000461371 -0.00122767 -0.00263304 -0.00138695 -0.000888038 -0.000551817 -0.00286156 -0.00190761 -0.00198957 -0.00128972 -0.00107044 -0.00150176 -0.0014185 -0.00196973 -0.0010193 -0.00245499 -0.000561872 -0.00138245 -0.000779477 -0.00109443 -0.00125616 -0.00120582 -0.00170863 -0.00334865 -0.000853941 -0.00198507 -0.00232535 -0.00222795 -0.000897072 -0.00273128 -0.00286168 -0.000899887 -0.00155146 -0.0028574 -7.7663e-05 -0.000946285 0.000746557 -0.00330447 -0.000747367 -0.00056606 -0.000210785 -0.00254568 -0.00029302 -0.00131356 -0.000186197 -0.000639983 -0.000373438 -0.00149922 6.23507e-05 -0.00214775 -0.00210691 -0.000756167 -0.00231058 -0.00173933 -0.00223398 -0.000744099 -0.00046801 -0.00202046 -0.00131324 -0.000590771 -0.000867822 -0.00129365 -0.00212209 -0.00210839 
-0.000746609 -0.000653937 -0.00100986 -0.000546969 -0.000352124 -0.00218266 -0.00125785 -0.000343393 -0.000661261 -0.00260183 -0.00250244 -0.00291409 0.14666 -0.0018022 -0.0025565 -0.000514986 -0.00196341 -0.0055212 -0.00858251 -0.00649385 -0.0079642 -0.00867322 -0.0018019 -0.00189188 -0.00774333 -0.00504539 -0.00149202 -0.00141676 -0.00433995 0.00130025 -0.00434393 -0.00143566 0.000151153 -0.00201488 -0.00109173 -0.00218845 0.00102684 -0.00201057 -0.000164345 -0.000702307 -0.00203735 -0.000854809 -0.000369725 -0.00151346 0.000142694 -0.000658842 -0.000194634 -0.000422483 -0.00149428 -0.00204145 -0.00141933 -0.00046749 -0.000918559 -5.42689e-05 -0.00186832 -0.00146199 -0.000929048 -0.00104822 -0.00131986 -0.00152128 -0.0017476 -0.000221343 -0.00118949 0.000718697 -0.00168733 -0.00062088 -0.000274628 -0.000744544 -0.00161832 -0.000923598 -0.000447527 -0.000756812 -0.00115975 -0.000396065 0.000151074 -0.000576386 3.84678e-05 -0.00186624 3.58706e-05 0.000153204 -0.00114878 -0.00186107 -0.000674236 3.87569e-05 -0.000453053 -0.00168625 -0.00180995 -0.000703769 -0.00159874 -0.00115474 -2.76982e-05 -0.00122091 -0.000305042 -0.000920526 0.000130891 -0.000559869 -0.0025711 7.47942e-05 -0.00211856 0.000546086 
-0.0028273 -0.00330195 -0.00177149 -0.00194254 -0.000848784 -0.000362621 -0.00059 -0.00151795 0.000379082 -0.00258123 -0.00217282 -0.00584648 -0.0018022 0.190992 -0.00461485 0.00288437 -0.00621474 0.000903571 -0.00532656 -0.00448598 -0.00657423 -0.00210602 -0.010699 -0.00706175 -0.00207401 -0.00841624 -0.00311805 -0.00194031 -0.00585359 -0.00515736 -0.00175357 -0.000198663 -0.00311192 -0.00310256 -0.00297864 -0.00158124 -0.0024793 -0.00178265 -0.00146537 0.000477657 0.00069302 0.000869051 -0.00150155 -0.000975763 -0.00162271 -0.00282267 -0.00222577 -0.00112553 -0.000100735 -0.00036786 -0.00112924 0.000104606 -0.00250629 -0.00228907 -0.00423754 -0.002321 -0.00221349 -0.000656616 -0.00202193 -0.00213194 -0.0017482 -0.00144273 0.00106426 -0.00118477 -0.00209379 -0.00177482 0.000581493 -0.00160581 -0.00155751 -0.00293496 -0.000640713 -0.00107169 -0.00161147 -0.000717273 0.000152119 -0.00146148 -0.0021041 -0.00148571 -0.00144275 -0.00201606 -0.00114725 -0.00343351 -0.00202022 -0.00115839 -0.000656316 0.000932416 -0.00209519 -0.000575614 -0.000543159 -0.00108732 -0.000840603 -0.00121592 -0.00257082 -0.00250953 -0.000886326 -0.000287054 -0.00198661 -0.000755826 -0.000940468 -0.000517666 
-0.00264713 -0.000230523 -0.0032972 -0.00336997 -0.0019521 -0.00312889 -0.000257193 -0.00255257 -0.00421908 -0.00441984 -0.00231177 -0.00593857 -0.0025565 -0.00461485 0.231461 -0.00172297 0.007905 -0.00508484 0.00384949 -0.00294762 -0.0100393 0.00105788 -0.00510581 -0.00467692 -0.0117863 -0.00209235 -0.00296172 -0.00310694 -0.00557886 -0.00514323 -0.00060307 -0.000993537 -0.00298348 -0.00123505 -0.00555582 -0.00129551 -0.00417791 -0.00188237 -0.00264511 -0.00118031 -0.00144342 0.000411097 -0.00140351 0.000959233 -0.00334046 -0.00164485 -0.00298078 -0.00186812 -0.00154883 -0.000153455 -0.00366345 -0.00195377 -0.00117964 -0.00209578 -0.00215499 -0.00334679 -0.00167985 -0.000475419 -0.000221204 -0.00162557 -0.00334557 -0.0025695 -0.0028961 -0.00155577 -0.00202982 -0.0039053 -0.00381127 -0.00148092 -0.0028988 -0.00180477 -0.00322538 -0.000818865 0.000742871 -0.00262772 -0.00216374 -0.00240162 -0.0031319 -0.00256423 -0.00130961 -0.00346323 -0.0019083 -0.00178548 -0.000632569 -0.00154167 -0.00314036 -0.00224623 -0.00142296 -0.00158027 -0.00108439 -0.00174563 -0.00365541 -0.003228 -0.0015625 -0.0035401 -0.00272149 -0.00121151 -0.00123358 -0.00215259 -0.00254103 -0.00237336 
-0.00109925 -0.00208991 -0.00127427 -0.0023579 -0.00102289 0.00203791 -0.00411698 -0.00508166 -0.00511545 -0.00101875 -0.00280239 -0.0055143 -0.000514986 0.00288437 -0.00172297 0.227828 -0.0018011 -0.000395746 -0.0164564 0.00293164 -0.0116178 -0.00545614 -0.0135872 -0.0108962 -0.0052935 -0.00925344 -0.00569431 0.000759429 -0.00435258 -0.00248798 -0.00141778 -0.00274798 -0.00583804 -0.00226447 -0.00312812 7.92095e-05 -0.00483615 -0.00271788 0.000301851 -0.00178649 -0.00141613 -0.000931328 -0.00265358 4.83638e-05 -0.00294095 -0.000780165 -0.00102715 -0.000473286 -0.000959775 -0.00154627 -0.00105601 -0.00258583 -0.00302321 -0.00051175 -0.00044911 -0.00264451 -0.00412584 -0.00067281 -0.000397273 -0.0011282 -0.00307439 -0.0016346 -0.0021495 0.000694297 -0.000760831 -0.00205751 -0.00010353 -0.00273149 -0.00288197 -0.000477584 -0.0011414 -0.00105369 -0.00129329 -0.000294733 -0.00141788 -1.83662e-05 -0.00010585 -0.00182964 -0.00399266 -0.00236047 -0.00298244 -0.00168595 -0.000964358 -0.00154203 -0.00195884 -0.00134232 -0.00159208 -0.000628712 -0.00178769 -0.00279723 -0.0011772 -0.000863958 -0.00094647 -0.00220789 -0.00153825 -0.00192292 -0.001103 -0.00270839 -0.00321534 -0.000136469 
-0.00325165 -0.00253094 -0.00297955 -0.000878175 -0.00245385 -0.0039164 -0.00259777 -0.00341454 -0.00315461 -0.00419133 -0.00147737 -0.00460849 -0.00196341 -0.00621474 0.007905 -0.0018011 0.245522 -0.0120226 0.00633583 -0.00806144 -0.00448502 -0.00743829 -0.00367669 -0.0108079 -0.00362423 0.00212426 -0.00550545 0.001106 -0.00859385 -0.00272492 -0.000841687 -0.00707865 -0.00328593 -0.00215279 -0.00623435 -0.00182851 -0.00337096 -0.00397762 -0.00241647 -0.000601528 -0.00244408 -0.000814763 -0.0021333 -0.00169964 -0.00333506 -0.00359882 -0.00308277 -0.00100704 -0.0029644 -0.00172677 -0.0015546 -0.00191327 -0.00295489 -0.000911184 -0.00135498 -0.00216613 -0.00237231 -0.0023315 -0.00170735 -0.00222586 -0.00165769 -0.00342976 -0.000513288 -0.000146996 -0.0014704 -0.00209805 0.000873314 0.000562583 -0.00119764 -0.00270335 -0.00206028 -0.0021444 -0.00114141 -0.00431607 -0.00240955 -0.00197727 -0.000849708 -0.00128782 -0.00313634 -0.00164887 -0.00276596 -0.00224584 -0.00289591 -0.00167379 -0.00489563 0.00033561 -0.00394365 -0.00225706 -4.88841e-06 -0.000874799 -0.000580517 -0.000586707 -0.00466217 -0.00133077 -0.00353856 -0.00185342 -0.0022266 -0.00179989 -0.00304364 -0.002934 
-0.00286882 -0.00457812 -0.00466729 -0.000838775 -0.00339047 -0.00205802 -0.00361134 -0.00222874 -0.0038797 0.000240922 -0.00181281 -0.00474298 -0.0055212 0.000903571 -0.00508484 -0.000395746 -0.0120226 0.249876 0.000891346 -0.00290541 -0.00961656 0.0058272 -0.00346623 -0.00402425 -0.010198 -0.00497848 -0.0111549 -0.00476293 -0.00114295 -0.00496838 -0.00459202 -0.00126289 0.00107097 -0.00382326 0.000616566 -0.0038353 -0.00437638 -0.00217505 -0.00217451 -0.003077 -0.00025285 -0.00271428 -0.00236749 -0.00133492 -0.00129688 -0.0010741 -0.000718751 -0.00249684 -0.000999332 -0.00415454 -0.00221183 -0.0012077 -0.00331578 -0.00139884 -0.00468493 -0.000168168 0.0016227 -0.00344634 -0.00318059 0.000275793 -0.000402139 -0.00339742 -0.00276252 0.000391303 -0.00285412 -0.000680039 -0.00326338 -0.0037212 -0.00293233 -0.00458256 -0.000941326 -0.00367733 -0.0015378 -0.000287541 -0.00203321 -0.00132444 -0.00165772 -0.00549457 -0.00158858 -0.000709052 -0.00254233 -0.00183569 -0.00445184 -0.00356029 -0.0028897 -0.00147886 -0.00136705 -0.00201124 -0.000574281 -0.00151671 -0.00194473 -0.00102046 -0.00230189 -0.00114442 -0.00143939 -0.00224648 -0.000959801 -0.00236696 -0.00350187 -0.00145531 
-0.0029774 -0.00246835 -0.00400333 -0.00223652 -0.00404289 -0.00289799 -0.00342981 -0.00157244 -0.00406085 -0.00676473 -0.00515457 -0.003374 -0.00858251 -0.00532656 0.00384949 -0.0164564 0.00633583 0.000891346 0.249928 -0.0129581 0.00277974 -0.0107157 0.00223214 -0.00355384 -0.00561105 0.00101946 -0.00340346 -0.00599676 -0.00254868 -0.00577056 -0.00170709 -0.00622103 -0.00541379 -0.000433992 -0.000484421 -0.00406431 -0.00341007 -0.00245687 -0.00245618 -0.00237626 -0.00225586 -0.001459 -0.00281275 -0.00245136 -0.000885533 0.000168303 -0.00185825 -0.00144648 -0.00182718 -0.00291832 0.000152908 -0.00194135 0.00058579 -0.00384649 -0.0010577 -0.00102384 -0.00310841 -0.00021236 -0.000676441 -0.00271956 -0.000474388 -0.00286785 -0.00169425 -0.00135207 -0.00191222 -0.00136543 7.55309e-05 -0.00378303 -0.000732138 -0.0014272 -0.00199554 -0.00220397 -0.00104305 -0.00110636 -0.00310368 -0.00338898 -0.00303554 -0.000870778 -0.00226762 -0.00170047 -0.00329102 -0.00100985 -0.00189707 -0.00227144 -0.00571262 -0.0035714 0.000337934 -0.00316406 -0.00145756 -0.00152727 -0.0025685 -0.00230982 -0.00323052 -0.0033004 -0.00166415 -0.00352226 -0.00200628 8.36061e-05 -0.00220265 -0.00197692 
-0.00225663 -0.00105507 -0.00149161 -0.00236861 -0.000965691 0.000113721 -0.00251804 -0.00429499 -0.00394686 -0.00588072 -0.00475775 -0.0031135 -0.00649385 -0.00448598 -0.00294762 0.00293164 -0.00806144 -0.00290541 -0.0129581 0.249183 -0.00864428 0.00596262 -0.000832846 -0.00630213 -0.00952078 -0.000779556 -0.00884041 -0.004507 0.000171233 -0.00232406 -0.00351097 -0.0035327 -0.00882668 -0.00502148 0.00088357 -0.00115114 -0.00258624 -0.000857956 -0.00294753 -0.00197608 -0.00160585 -0.00179195 -0.00229222 -0.00292384 -0.00143008 -0.00233158 -0.00165653 -0.00206049 -0.00234821 0.000100408 -0.00108377 -8.20946e-05 -0.00159171 -0.0032591 -0.00125528 -0.00138179 -0.00121968 -0.000968678 -0.00216663 0.00101023 -0.00354882 -0.00143358 -0.00136314 -0.00562696 -0.00416929 -0.00299659 -0.00539648 -0.00238158 -0.00116382 -0.00310788 -0.00294655 -0.00141825 -0.00400543 -0.000370404 -0.00101481 -0.00187531 -0.00282657 0.000893971 -0.00313291 -0.00346257 -0.00267461 -0.00351846 -0.0015747 -0.00143848 -0.00188888 0.00218059 -0.00205328 -0.000914824 -0.000940774 -0.00155113 -0.00332178 -0.00147703 -0.00214195 -0.00255579 -0.00149321 -0.00150621 -0.00320382 -0.00347967 -0.00143757 9.53939e-05 
-0.00101938 -0.000396738 -0.000741859 -0.00126024 -0.0030443 -0.00347513 -0.00459493 -0.00329842 -0.000325368 -0.00404146 -0.00269517 -0.00318621 -0.0079642 -0.00657423 -0.0100393 -0.0116178 -0.00448502 -0.00961656 0.00277974 -0.00864428 0.249994 -0.0163903 0.00365007 -0.000797904 0.00279471 -0.000643563 -0.0066934 -0.00790098 -0.0022251 -0.00395942 -0.00631621 -0.00408182 -0.00183325 -0.00421688 -0.00202976 -0.00358351 -0.00184267 -0.00118974 -0.00287831 -0.00188635 -0.00454835 -0.00253244 -0.00149268 -0.00174158 0.000204121 -0.00102995 -0.000638652 -0.00407312 -0.00030911 -0.00285006 -0.00182031 -0.00391835 -0.00394688 -0.00302117 -0.000460188 -0.00159917 -0.00132712 -0.0025268 -0.00165176 -0.000980908 -0.00232975 -0.000364982 -0.00274523 -0.0043834 -0.00152115 -0.00213275 -0.00103884 -0.0037516 -0.00117671 -0.00219209 -0.000947729 -0.00226571 -0.00220324 -2.35553e-05 -0.00220577 -0.00140417 -0.00171619 -0.00186042 -0.00171552 -0.00100063 -0.000827162 0.00164112 -0.00287745 -0.00193575 0.000444067 -0.00350169 -0.00222056 -0.00290592 -0.00292274 -0.00255692 -0.000476201 -0.00427742 0.00125827 -0.000117242 -0.00132523 -0.00171136 5.51362e-06 -0.000931003 0.000418394 -0.00166552 
0.000695752 -0.00191517 -0.00209963 -0.000773639 -0.00329258 -0.000387359 -0.00502311 0.000346904 -0.00489549 -0.00381754 -0.00287877 -0.00458743 -0.00867322 -0.00210602 0.00105788 -0.00545614 -0.00743829 0.0058272 -0.0107157 0.00596262 -0.0163903 0.246785 -0.00613108 0.00428808 0.000496677 -0.00458771 -0.00292245 -0.00612337 0.000973992 -0.00815344 -0.00363555 -0.000944567 -0.00644979 -0.00512795 -0.00384579 -0.0026172 -0.00209743 -0.00177853 -0.00190732 -0.00168176 -0.00232215 -0.00288957 -0.00245639 -0.0029009 0.000940952 -0.00228651 -0.00508408 -0.00118456 -0.00285786 -0.00163256 -0.00404214 0.00217787 0.00108693 -0.00152216 -0.0041392 -0.00224877 -0.00189178 -0.00394156 -0.00184169 -0.00420199 -0.00268844 -0.00456936 -0.00130416 -0.000823878 -0.00348026 -0.0019686 -0.00484736 0.00117614 -0.00114966 -0.000324082 -0.00129099 -0.00509534 -0.000934937 -0.00449783 -0.000602509 -0.00235556 -0.000827764 -0.00149775 -0.0012957 -0.0038022 -0.00409386 -0.00372818 -0.00213187 -0.0014645 -0.00361909 -0.00323506 -0.0021241 -0.000317003 -0.00140668 -0.000955359 -0.00264504 -0.000718836 -0.00226139 -0.00295499 -0.0023082 -0.00292925 -0.000546337 -0.000340492 -0.00126291 -0.00351816 
-0.00222294 -0.00111245 -0.00317447 -0.00144537 -0.00446246 -0.00608767 -0.00249002 -0.00195023 -0.00573414 -0.00397117 -0.00604602 -0.000870992 -0.0018019 -0.010699 -0.00510581 -0.0135872 -0.00367669 -0.00346623 0.00223214 -0.000832846 0.00365007 -0.00613108 0.248314 -0.000851232 0.00281669 -0.00788083 0.00171689 -0.00820761 -0.00472264 -0.00445837 -0.00380498 -0.0075435 -0.00178464 -0.000173757 -4.09426e-05 -0.000692378 2.4585e-05 -0.00268062 -0.00310576 -0.00420277 -0.00153766 -0.00319524 -0.00393638 -0.00283553 -0.00132891 -0.00287876 0.000436618 -0.00436842 -0.00226315 -0.00227067 -0.00341741 -0.00265517 -0.000616033 -0.00465303 -0.00186983 -0.00221047 -0.00377839 -0.000185549 -0.000523554 -0.00219343 -0.00229506 0.000371779 -0.0025137 -0.0040258 -0.0074169 -0.00185883 -0.0036659 -0.00106188 -0.00190568 -0.00329452 -0.00168351 -0.000841085 -0.00202908 -0.00140922 -0.00260904 -0.00250728 -0.000814334 -0.00350295 -0.000994418 -0.00483992 -0.000209231 0.00082372 -0.0033041 0.000541744 0.00037832 -0.00472967 -0.00100079 -0.00167175 -0.00147893 -0.00055552 -0.000809584 -0.00250127 0.000427356 -0.000653057 -0.00272814 -0.00149964 -0.00285286 -0.00158903 -0.00267574 -0.00246915 
-0.00179831 -0.00328147 -0.00345589 -0.0019756 -0.00572056 -0.00097608 -0.00241198 -0.000233262 -0.00253177 7.44428e-05 -0.0051967 -0.00361629 -0.00189188 -0.00706175 -0.00467692 -0.0108962 -0.0108079 -0.00402425 -0.00355384 -0.00630213 -0.000797904 0.00428808 -0.000851232 0.249884 -0.00446138 -0.0065769 0.00164794 -0.00629317 -0.00643378 -0.00829928 -0.00439247 -0.00413912 -0.000105108 0.000304975 -0.000749304 -0.001936 -0.00392969 -0.00186618 -0.00228416 -0.00083715 -0.00422086 -0.00319322 -0.00117408 -0.00180949 -0.000565991 -0.00515701 -0.00249642 -0.00262756 -0.00210675 -0.00118504 -0.00104054 -0.00146693 -0.001704 -0.00328182 -0.000611889 -0.000743352 -0.00253005 -0.00140683 -0.00352623 -0.00233384 -0.00236791 -0.00102508 -0.00189319 -2.97451e-05 -0.00275983 -0.0021844 -0.000139285 -0.0037181 -0.00100634 -0.0018255 -0.00212523 0.000516993 -0.00368224 -0.00301196 -0.00166421 -0.000750101 -0.00292383 -0.00108924 -0.000757203 -0.000459879 -0.00154905 -0.000490124 -0.00296458 -0.00285557 -0.00274675 -0.00440856 -0.0030564 -0.00132097 -0.00193635 -0.00395021 -0.00377567 -0.00106256 0.000575013 -0.00161322 -0.00163624 -0.00284389 -0.00426822 -0.000803639 -0.00173736 -0.00331153 
-0.00112298 -0.000410684 -0.0025028 -0.00189483 -0.00246757 -0.00171223 -0.00246149 -0.002581 -0.00278017 -0.00510446 -0.00677562 -0.00264752 -0.00774333 -0.00207401 -0.0117863 -0.0052935 -0.00362423 -0.010198 -0.00561105 -0.00952078 0.00279471 0.000496677 0.00281669 -0.00446138 0.245892 -0.00538854 -0.00236125 -0.00572934 -0.00800319 -0.00352525 -0.00583752 -0.00187235 -0.004218 2.33254e-05 -0.000820243 -0.00253106 -0.000792288 -0.0031031 -0.00247228 0.000437524 -0.00291056 -0.00277476 -0.000810333 -0.00276531 -0.00410496 -0.000702674 -0.00239059 -0.00250037 -0.00348952 -0.00018217 -0.00107173 -0.00133795 -0.00111507 -0.00274563 -0.000915447 0.000453403 -0.00209078 0.000685132 -0.00268583 -0.00297985 -0.000765098 -0.000273947 0.000207548 -0.00294134 -0.00162442 -0.00102547 0.000709156 -0.00234261 -0.0025104 -0.00159631 -0.00123598 -0.00265522 -0.0035316 -0.00435615 -0.00156963 -0.00533077 -0.000936304 -0.0031651 -0.00332395 -0.00226072 -0.000247211 -0.00121005 -0.00216818 -0.000944251 -0.00206285 -0.00244257 -0.00328557 -0.000453812 -0.00405344 -0.0018416 -0.000498675 -0.000133396 -0.000204673 -0.00359239 -0.00337111 -0.000938688 -0.00299205 -0.00079344 -0.00219991 -0.00263533 
-0.00477651 -0.00284161 -0.00274135 -0.00342461 -0.00153796 -0.00402535 -0.00223463 -0.00141276 -0.00244999 1.79577e-05 0.000145949 0.00299095 -0.00504539 -0.00841624 -0.00209235 -0.00925344 0.00212426 -0.00497848 0.00101946 -0.000779556 -0.000643563 -0.00458771 -0.00788083 -0.0065769 -0.00538854 0.241494 -0.00373296 -0.00694617 -0.00110457 -0.00205591 -0.00562366 -0.00299654 -0.00361951 -0.00431065 -0.00144098 -0.00115007 -0.00232697 -0.00147755 -0.00112347 -0.00209208 -0.00187556 -0.000376633 -0.00230292 0.000741945 -0.000857521 -0.00341249 -0.00185956 -0.000675593 0.000910107 -0.00422979 -0.000795163 -0.00251916 -0.0021067 -0.00414521 -0.00332035 -0.00339466 -0.00318696 -0.00239246 -0.00279958 -0.00306996 -0.00334415 -0.00201519 -0.00345364 -0.00323831 -0.00105914 -0.00137184 -0.00163325 -0.0014895 -0.000707956 -0.00166266 -0.00286289 -0.00254144 -0.00298848 -0.00198205 -0.00183016 -0.00218437 -0.00201184 -0.0010365 -0.00137281 -0.00266062 -0.00114378 -0.00382269 -0.00311261 -0.000847545 -0.00298847 -0.00101964 -0.001217 -0.00273189 -0.0033334 -0.00250802 -0.00170314 -0.00216115 -0.00172049 -0.00206863 -0.00246435 -0.00119563 -0.000845154 -0.00466091 -0.00167779 -0.00236686 
-0.00192044 -0.00272548 -0.00176709 -0.00356205 -0.0022432 -0.00433646 -0.00411898 -0.000673415 -6.57203e-05 0.000159623 -0.00313337 -0.00707549 -0.00149202 -0.00311805 -0.00296172 -0.00569431 -0.00550545 -0.0111549 -0.00340346 -0.00884041 -0.0066934 -0.00292245 0.00171689 0.00164794 -0.00236125 -0.00373296 0.212466 -0.00904972 -0.00635663 -0.00607081 -0.000803305 -0.0011163 0.000553847 -0.00394782 -0.000450191 0.000519854 -0.00198122 -0.0036518 -0.00194572 -0.00192931 -0.00111772 -0.00158852 -0.00325728 -0.00153782 -0.00158827 -0.00185818 -0.00256575 -0.00166276 -0.00159761 -0.00265863 -0.000595772 -0.00118865 -0.002713 -0.00161864 -0.00320496 -0.00060997 -0.00187365 -0.00227495 -0.00316846 -0.00180197 -0.000868154 0.00018402 -0.00110879 -5.00132e-05 -0.0018349 -0.000396524 -0.00321384 -0.000582144 -0.00165704 -0.000767006 -0.00228675 -0.00226042 -0.00160529 -0.00112833 -0.00184776 -0.00146381 -0.00246836 -0.00182771 -0.00228478 -7.66654e-07 0.000759691 -0.000297402 -9.66783e-06 -0.000672369 -0.000406832 -0.00175632 -0.00204121 -0.000655637 -0.0011932 -0.000641396 -0.000616892 -0.00205598 -0.00129254 -0.00247746 -0.000110992 -0.00112275 -0.00236853 -0.00289202 -0.00243034 -0.00202676 
-0.00164893 -0.00156417 0.000133953 -0.00102306 -0.00130553 -0.00231551 -0.00206156 -0.00422097 -0.00026101 -0.0023097 -0.0047889 -0.00616292 -0.00141676 -0.00194031 -0.00310694 0.000759429 0.001106 -0.00476293 -0.00599676 -0.004507 -0.00790098 -0.00612337 -0.00820761 -0.00629317 -0.00572934 -0.00694617 -0.00904972 0.204678 -0.00212434 0.00457155 0.00408441 0.00189554 -0.00419119 -0.00371943 -0.00319978 -0.00409398 -0.00304754 -0.00277903 -1.25525e-05 -0.00176139 -0.00129353 -0.000354502 -0.0015026 -0.0023668 -0.00360846 -0.00237425 -0.00169237 -0.000773376 -0.000907019 0.000106892 -0.000368199 -0.000746584 -0.00209492 -0.000448008 -0.000965664 -0.002277 0.00090552 -0.00300092 -0.000717602 -0.0010656 -0.0017309 -0.00040152 -0.00284551 -0.00270494 0.00113467 -0.00190623 -0.00306066 -0.000779744 -0.00186603 -0.00282442 -0.00174181 -0.00297629 -0.000798423 -0.00208371 -0.000592035 -0.00180921 -0.00185555 -0.00384604 -0.00282206 0.00108401 -0.000373889 -0.00351554 -0.00189129 -0.00232385 -0.00285018 -0.00139783 -0.00100783 -0.00210347 -0.00136291 -0.00292543 -0.000271493 -0.00243776 -0.00334374 0.000440717 -0.000874011 -0.00199099 -0.00333899 0.000360027 -0.000475002 -0.00100179 
-0.000858314 -0.000254412 -0.000310129 -0.000665741 -0.00139552 -0.000732226 -0.000462869 -0.00135958 -0.00259103 -0.00230588 -0.00334951 -0.0012546 -0.00433995 -0.00585359 -0.00557886 -0.00435258 -0.00859385 -0.00114295 -0.00254868 0.000171233 -0.0022251 0.000973992 -0.00472264 -0.00643378 -0.00800319 -0.00110457 -0.00635663 -0.00212434 0.174855 -0.00543976 -0.000324549 0.000620618 -0.00373271 0.00088938 -0.00201694 -0.00349305 -0.00223828 -0.000865198 -0.00200719 -0.00158899 -0.00284845 -0.00214583 -0.000714307 -0.00284588 -0.00192296 -0.000694841 -0.00188584 -0.000663902 -0.000109214 -0.000169605 -0.00217742 -0.0018375 -0.00261553 -0.00171471 -0.00025075 -0.00124417 -0.00159235 -0.000696138 0.000542948 -0.000917765 -0.00152358 -0.00390932 -0.000843057 -0.00157695 -0.00217419 -0.000407664 -0.00122046 -0.00150526 -0.000889898 -0.0020051 -0.00131822 -0.000781258 -0.00127768 -0.00141894 -0.00214088 -0.000467874 -0.00217096 -0.00254111 -4.24597e-05 -0.00185314 0.000137447 -0.00190253 -0.00206871 0.0012684 -0.000243552 -0.00251516 0.00044069 -0.00198242 -0.000290021 -0.00128933 -0.00136073 -0.00230663 -0.00143672 -0.00153107 -0.000388595 -0.00233525 -7.82113e-05 -0.00177695 -0.000954974 0.000303654 
-0.000877194 -0.00233747 3.84588e-05 -0.0030594 -0.00152072 -0.00269342 0.000622284 -0.00245885 -0.00464022 -0.00157059 -0.00456702 -0.00216674 0.00130025 -0.00515736 -0.00514323 -0.00248798 -0.00272492 -0.00496838 -0.00577056 -0.00232406 -0.00395942 -0.00815344 -0.00445837 -0.00829928 -0.00352525 -0.00205591 -0.00607081 0.00457155 -0.00543976 0.159281 0.000285742 -0.00132097 0.000479438 -0.00124528 -0.00497112 -0.00342863 -0.000259343 -0.000426523 -5.39024e-05 -0.0014328 0.000216956 -0.00177895 -0.0022273 1.00079e-05 -0.000893903 -0.00229733 -0.00174044 -0.000201258 -0.000610509 -0.00114629 -0.00137046 -0.000495607 -0.00117072 -0.000266932 -0.00198083 0.0001185 -0.000748217 -0.00086405 -0.00187995 -0.000977404 0.000276956 0.000479338 -0.000708032 -0.000983054 -0.00137334 -0.00164667 -0.00198519 -0.000411391 -0.00150514 -0.00242256 -0.00228161 -0.00207555 -0.00277554 -0.000822781 4.62971e-05 -0.000171974 7.67116e-06 -0.00149783 -0.00103636 -0.00178191 -0.00024572 -0.00140591 0.000341409 -0.00125464 -0.00119802 -0.0015456 -0.000427969 -0.00161319 -0.00105977 -0.000399509 0.000599741 -0.00051759 0.00115126 0.000102275 -0.00131117 -0.00193672 -0.000143573 -0.000293281 -0.0007179 -0.0021609 
-0.00178065 -0.001394 -0.00089808 -0.00122544 -0.00131618 -0.000894369 -0.00189722 -0.00167142 -0.00106256 -0.00326409 -0.00127292 -0.00369733 -0.00434393 -0.00175357 -0.00060307 -0.00141778 -0.000841687 -0.00459202 -0.00170709 -0.00351097 -0.00631621 -0.00363555 -0.00380498 -0.00439247 -0.00583752 -0.00562366 -0.000803305 0.00408441 -0.000324549 0.000285742 0.167955 0.00207749 -0.00333608 -0.00258977 -0.00170716 -0.00139729 -0.00190339 -0.000570197 -0.00162493 -0.000591857 -0.000821344 -0.000790303 -0.0021471 -0.00196809 -0.00153828 -0.00166817 -0.00193309 -0.000897151 -0.00248577 -0.00147968 -0.00253403 -0.00294768 -0.00103866 -0.00119339 -0.00151077 -0.00112244 -0.000859152 -0.000430187 -0.000438171 -0.000770892 -0.00174031 -0.00223257 -0.00122537 -0.00346216 -0.00192644 -0.00183973 -0.00268638 -0.00134982 -0.00211483 -0.00204666 -0.00196705 -0.00212591 -0.00111904 -0.00128636 -0.00145747 -0.00146255 0.00047224 -0.00220278 -0.00198656 -0.000383182 -0.00163302 0.000379287 -0.00144308 -0.000839412 -0.000467005 -0.00286394 -0.00182531 -0.00195566 -0.00101914 -0.00319751 -0.00111611 -0.00113731 -0.000576849 -0.00257554 -0.000767528 -0.00126331 -0.00124383 -0.00181507 -0.00204698 -0.0006744 
-0.00177408 -0.00133926 -0.00166586 -0.000626604 -0.00115545 -0.00139571 -0.00243932 -0.00170355 -0.00137142 -0.00280806 -0.0021534 -0.00103862 -0.00143566 -0.000198663 -0.000993537 -0.00274798 -0.00707865 -0.00126289 -0.00622103 -0.0035327 -0.00408182 -0.000944567 -0.0075435 -0.00413912 -0.00187235 -0.00299654 -0.0011163 0.00189554 0.000620618 -0.00132097 0.00207749 0.144719 -0.00150643 -0.00124617 -0.00213422 -0.000666233 -0.00173521 -0.00205935 -0.00109473 -0.00146372 -0.00140209 -0.000407402 -0.00155845 -0.000838025 -0.00119037 -0.00143629 -0.000643298 -0.000629515 -0.000344557 -0.000771777 0.00073203 -0.00169313 -0.00155793 -0.00109124 -0.00165416 -0.00112823 -0.00155591 -0.00309123 -0.000677631 -0.000751425 -0.00168291 -0.00111935 -0.00121495 -0.00222638 0.00116612 -0.00115132 -0.00395624 -0.000955174 -0.00208337 -0.000129374 -0.000593526 -0.00098398 -0.000625519 -0.000970767 -0.000484488 -0.000425162 -0.0003619 -0.0017411 -0.00085568 -0.000924659 -0.00132516 -0.00194222 -0.00150041 -0.00206683 -0.000689434 -0.000644163 -0.000162362 -0.000648741 -0.00185751 -0.00158003 -0.00127227 -0.00103642 -0.002715 -0.00171597 -0.00243334 -0.000529808 -0.00274858 -0.000323736 -0.0010861 -0.00116072 
