0.0697597 -0.000847019 5.559e-05 0.000154907 -0.000945571 -0.000631663 -0.000854305 -0.000439 -0.00148029 -0.00075232 -0.000580077 -0.00240306 -0.00150933 -0.000939338 -0.000747115 -0.000547777 -0.00180644 -0.000364195 -0.000527699 -0.00246302 -0.00370538 -0.00293718 -0.00200918 -0.00380996 -0.00228877 0.000590564 -0.00232626 -0.00130201 -0.00084898 0.000983452 -0.000580785 -0.00153555 -0.000517704 -0.000588621 7.97845e-05 -0.000861888 7.91228e-05 -0.00117626 -2.48759e-05 -0.000514472 -0.000177122 -0.000266036 -0.000168918 -0.000410933 -0.00114637 -0.000906219 -0.000304158 -0.000336587 -0.00061014 8.79526e-06 -0.000426711 -0.000103378 -0.000677931 -0.00102854 -0.000145292 -0.000175532 -9.84528e-05 -0.000447241 -0.000142126 -0.00019484 -0.000426437 -0.000370683 -0.000209036 -0.000456293 -0.000611837 -0.00131407 -0.000543425 -0.000604626 -0.00046203 -0.000981444 -0.000209512 -2.89522e-05 -0.000958629 -0.000448204 -0.000845473 -0.000772471 -0.000942609 -0.000258556 -0.000168175 -0.000169222 -0.000275702 -0.000227648 -0.000348791 -0.000554589 -0.00188598 -9.42951e-05 -0.000353671 -0.000588137 -0.00110665 -0.00057143 -0.00100719 -0.00023069 -0.000482853 -0.000607748 0.000618851 -0.000261191 -0.00078299 -0.000538694 -0.000416696 -0.000581514 
-0.000847019 0.08495 -0.00046391 -0.000610657 -0.00036208 -0.00064665 -0.000408917 -0.00151466 0.001098 -0.000335841 -0.00219411 -0.00181954 -0.00207111 -0.00180648 -0.00256466 -0.00321588 0.00112531 0.00221378 -0.00401062 -0.0021653 -0.00234776 -0.00360712 -0.000615401 0.00235275 -0.00323525 -0.00332721 -0.00316901 -0.00182742 -0.00095074 -0.0030102 -0.000285859 -0.00104669 -0.00109504 -0.000130377 -0.000346535 -0.000161308 -0.000449251 -0.00121273 0.000137068 -0.000943992 0.000316943 -0.00146848 -0.000478163 -0.000705033 -0.000914498 -0.000932763 -0.000608539 -0.000996112 8.96089e-05 -0.000847238 -0.000608939 -0.00142892 8.03726e-06 -0.00147938 -0.000231191 -0.000741005 -0.000890263 -0.00130882 -0.000686766 -0.00135552 -0.000345794 -0.000371768 3.8939e-05 -0.00110706 -0.00106967 -0.000781367 -0.000172382 -0.000284759 -0.000772072 -0.00125777 -0.00140587 -0.000679712 -0.00069607 -0.00125882 -0.000825514 -0.0012647 0.000506492 -0.00129826 -2.78661e-05 -0.000396613 -0.000232405 -0.00145508 -0.000940609 -0.000177729 -0.000894315 -0.00115202 5.94708e-05 -0.000674128 0.000195476 -0.000790581 -9.69661e-05 -0.000537219 -0.00118275 -0.000446166 -0.000497742 -0.000551072 -0.000648357 -0.000134211 3.90261e-06 -0.000187395 
5.559e-05 -0.00046391 0.0792626 0.000656284 -0.000156081 -0.000198164 0.000438796 -0.00131031 -0.00176721 -0.000996093 -0.000718589 -0.00123954 -5.53962e-05 0.00128745 -0.00231836 -0.00287121 0.000491696 -0.00302614 -0.00233723 -0.00211424 1.66149e-05 -0.00174805 -0.00111308 -0.00214861 -0.00231197 -0.0039119 -0.00273969 -0.00125049 -0.00173607 -0.0020955 -0.0014056 -0.000976584 -0.00187043 -0.000152296 -0.00102708 -0.000939864 0.000765418 -0.000777185 -0.000322506 -0.000676058 -0.00137271 -0.00012563 -0.000260275 -0.000561588 -0.000543296 -7.44562e-05 -0.000620509 -0.000196251 -0.00109612 7.53559e-05 -0.000479423 -0.000672717 -0.0005253 -0.000846566 -0.00147853 -0.000663927 -0.000978941 -0.000727083 -0.000286493 -9.96421e-06 -0.00095987 -0.000741281 -0.000663783 -0.000410063 -0.00112053 -0.000796616 -0.000596096 -0.000660121 -0.000665308 -0.00100266 -9.6527e-05 -0.000143719 -0.000974057 -0.000704712 -0.00120847 -0.000882021 -0.000142002 4.44161e-06 -0.00132233 -0.000427222 -0.00052958 -0.000432134 -0.000303067 0.000494531 -0.00158679 -4.94494e-05 -0.000930123 -0.000432845 -0.00101219 -0.000589191 -0.000271371 -0.00124225 -0.000453835 9.22316e-05 -0.000690458 -0.000981896 -0.000593811 -0.000664915 -0.000224574 -0.000839944 
0.000154907 -0.000610657 0.000656284 0.0704859 0.000690392 0.000206094 -0.000182629 0.000624181 0.000112121 -0.000444631 -0.00159682 -0.000530065 -0.000262245 4.86545e-05 -0.00234672 -0.00300937 -0.000945348 -0.00448734 -0.00183909 -0.00145524 -0.00525832 -0.00393624 -0.00162428 -0.00332375 3.27397e-05 -0.00209818 -0.00212155 -0.00140106 -0.00175149 -0.000966858 0.000303724 -0.00109142 -0.00203454 -0.000590148 -0.000841467 -0.00119787 -0.000798186 -0.00117966 -0.000689515 -0.000579626 -0.000466142 -0.000234717 -1.22474e-05 -0.000488982 -0.00045375 -0.000201297 -0.000183804 -0.000255395 -0.000614976 -0.000722623 -0.000382209 -0.00064926 -0.000624375 -0.000291249 -0.000529272 -0.000578267 -6.7028e-05 -0.000876203 -0.000473814 -0.000246692 -0.00165455 -2.32995e-05 -0.000564694 -7.98395e-05 0.000198753 -0.000957805 -0.000318968 -0.000583426 6.39854e-05 -0.00108337 -0.000909475 -5.48811e-05 -0.000766841 -0.000247686 -0.000674404 -0.000252103 -0.000688952 -3.73345e-05 -0.000335251 -0.000822775 -1.40301e-05 0.00010356 -0.000223902 -2.13092e-05 -0.000736183 -0.00068771 0.000100299 -0.000174439 -0.000227268 -0.000816936 -0.000267538 0.000184005 -0.000675016 -0.000346587 -0.000946274 -0.00105724 -8.07278e-06 0.000469908 -0.000521494 -0.00010924 
-0.000945571 -0.00036208 -0.000156081 0.000690392 0.0956374 -0.000808002 -6.27766e-05 -0.00132328 0.000707047 0.0016706 -0.00148196 -0.000368116 0.000810041 -0.00139252 -0.00221102 -0.00095981 -0.00206736 -0.000838307 -0.00329963 -0.000643223 -0.00377151 -0.00408287 -0.00251735 -0.0028297 -0.0031912 -0.00373152 -0.00448766 -0.00291852 -0.00419968 -0.00230824 -0.00121719 -0.000804593 -0.000604998 -0.000977403 -0.000296193 -0.00119145 -0.00038421 -0.000922155 -0.0018374 -0.00035406 -0.00109584 -0.000572364 -0.000415451 -0.000572775 -0.00121065 -0.0014926 -0.000387556 -0.000518651 -0.00116596 -0.000260631 -0.000163937 -0.000146729 -0.00046182 -0.000880109 -0.000587193 -0.000522245 -0.000104946 -0.000646293 -0.000830728 -8.76147e-05 -0.00104266 -0.00120679 -0.00153305 -0.00119312 -0.000236471 -0.00172157 -0.000831928 -0.000401134 -0.00124824 -0.000891133 -0.000232734 0.000155637 -0.000703885 -0.000350136 7.94648e-05 -0.00100796 -0.00141028 -0.00104912 4.35579e-06 -0.00110351 -0.0012548 -0.000159393 -4.11315e-06 -0.000362842 -0.00160689 -0.000998908 0.000562711 -0.000824593 -0.000321396 -0.000927116 -0.000629237 -0.000151432 -0.00117695 -0.000694216 -0.000275274 -0.000935923 -0.000939864 -0.000864281 -0.00051344 0.000158467 
-0.000631663 -0.00064665 -0.000198164 0.000206094 -0.000808002 0.0942839 -0.000251341 0.000238048 -0.00122423 -0.00104023 6.68531e-05 -0.0020352 -0.0013612 -0.000664374 0.00243031 -5.92022e-05 -0.0025572 -0.00545863 0.000851994 -0.00102071 -0.0055439 -0.00128043 -0.00495455 -0.00224868 -0.000806662 -0.00225033 -0.00173999 -0.00239297 -0.00152416 -0.00446298 -0.00300579 -0.00140341 -0.000311511 -0.000369864 -1.31637e-05 -0.000935709 -0.0010747 -0.00080161 -0.00088417 -0.000182208 -0.000871456 -0.000626441 -0.000382255 -0.000484945 -0.000826863 -0.00108452 -0.00132188 -0.000639763 -0.000625866 -0.00147184 -0.000613819 -0.00123209 -0.000814081 0.000635816 -0.000680441 -0.000921081 -0.000716661 -0.000908745 -0.00123308 -0.00148768 -0.00148936 0.000169088 -0.000766329 -0.00056998 -0.00157815 -0.00021914 -0.000562241 -0.000705313 -0.00065202 -0.000328073 -0.00168541 0.000229956 -0.00128963 -0.00018996 -0.000478008 -0.00118565 -0.00222235 -0.00156571 -0.00119034 -0.000845449 -0.000922624 -0.000361221 -0.000217629 -0.00119691 -0.000601683 -0.000295349 -0.000525816 -0.000503767 -0.0013106 -0.00104573 -0.000503017 -0.000343666 -0.000163157 -0.000388198 -0.00113923 -0.000110759 0.000776372 -0.000422167 -0.000673989 -0.000552674 
-0.000854305 -0.000408917 0.000438796 -0.000182629 -6.27766e-05 -0.000251341 0.0867946 5.92754e-05 0.000367981 -0.000205898 -0.000900106 -0.00127319 -0.00089087 -0.00176023 -0.00510968 -0.00284503 -0.00151135 -0.00327672 -0.00382793 -0.00238713 -0.00572049 -0.00259796 -0.00181193 0.00239999 -0.00441362 -0.00156691 -0.00171557 -0.00245089 -0.002368 -0.00334474 0.00128401 -0.00130109 -0.00135619 0.000413595 -0.000910239 -0.00130561 -0.00042045 -0.00115982 -0.0013875 -0.000315818 -0.000450454 -0.000926203 4.34803e-05 -0.000168571 -0.00148482 -0.000352824 -9.01399e-05 -0.000943308 -0.000445535 -0.00093328 -0.000227319 0.000302949 0.000282437 -0.00107037 -7.267e-05 -0.000566579 -0.00036747 -0.000692739 -0.000634655 -0.000560655 -0.00126193 0.000668917 -0.000222099 -0.000866094 -0.000165298 -0.000125932 -0.000191289 -0.000143142 -0.000546299 -0.00104504 -0.000636378 -0.000799312 -0.0013632 -0.000555496 -0.000653096 -0.00036289 -0.00092799 -0.000203525 -0.00118743 -0.000612878 -0.000996344 -0.000616321 -0.00107621 -0.000692293 -0.000949777 -0.000235066 -0.000551709 -0.000953426 -0.000724227 -0.000875471 -0.00113224 -0.000374158 0.000371608 -0.000615937 -0.000463677 -0.000937157 -0.000667813 -4.45767e-05 0.000154166 7.64298e-05 
-0.000439 -0.00151466 -0.00131031 0.000624181 -0.00132328 0.000238048 5.92754e-05 0.105007 -0.00148969 0.00142456 -0.00323193 -0.000533297 0.000107423 -0.00213022 -0.00216791 -0.00395075 -0.00597562 -0.0014784 -0.00377675 -0.0030932 -0.000948117 -0.00422716 -0.00542754 -0.00303129 -0.00431467 -0.00332866 -0.00211995 -0.00310738 -0.00133915 -0.00179859 0.00045474 -0.00169439 -0.00162449 0.00119671 -0.00168602 -0.000175299 -0.000933882 0.00037342 -0.00124242 -0.000448992 0.000346644 -0.000671077 -0.000265582 -0.000593654 -3.07419e-05 -0.000392542 -0.00102508 -0.00103673 -0.00115213 -4.70376e-05 -0.000140411 -0.000383058 -0.000619404 -0.00207928 -0.000296614 -0.0008634 -0.000734901 -0.000889446 -0.000243022 -3.19276e-05 -0.000777532 -0.000645265 -0.000709644 -0.000926548 -0.000319293 -0.00170319 -0.000897906 -0.000276717 -0.000404867 -0.00092418 -0.000667953 -0.000518773 -0.00123891 -0.000235765 -0.000724867 -0.000754555 -0.00119034 -0.00173242 0.000683046 -0.00126184 -0.000263583 -0.000423795 -0.000562282 -0.00122237 -0.00104036 -0.0019508 0.000136225 -0.000414505 -0.000297096 -0.000921183 -0.000819854 -0.000284618 -0.000784239 -3.67756e-05 -0.000559969 -0.000332109 -0.000981201 -0.000452433 -0.00108271 -0.000952185 
-0.00148029 0.001098 -0.00176721 0.000112121 0.000707047 -0.00122423 0.000367981 -0.00148969 0.121196 -0.00110713 0.00159288 -0.00117845 0.000805068 -0.00222651 -0.00251466 -0.00349581 -0.00398635 -0.00435124 -0.00578835 -0.00404724 -0.00284134 -0.00212517 -0.00647382 -0.00385678 -0.00273933 -0.00564229 -0.00170492 -0.00250974 -0.00272583 0.000200056 -0.0019205 1.52162e-05 -0.00234446 -0.00080486 -0.0010441 0.000901802 -0.00129381 -0.00152957 -0.00183023 -0.000468654 5.19577e-05 -0.00103847 -0.000403756 -0.00129254 -0.000884065 -0.000112338 -0.00105644 -0.000150889 -0.000417988 -0.00120912 -0.000884389 -0.000794139 -0.00106381 -0.000487252 -0.00115067 -0.000482784 -0.00111494 -0.000371846 -0.00100623 -0.00101276 -0.00106218 -0.000409456 -0.00125644 -0.00109265 -0.00113857 -0.000299876 0.000295832 -0.000457018 -0.000257024 -0.000431531 -0.00178188 -9.43902e-05 -0.00121349 -0.00129047 -0.00252449 -0.00166047 0.000349498 -0.000602155 -0.00162691 -0.00161691 -0.000480731 -0.000797464 -2.31591e-05 -0.00115658 -0.000924244 -0.000944569 -0.00149139 -0.00109813 -6.64445e-05 -0.000950457 -0.0013801 0.000215049 -0.00156723 -0.000760897 -0.00238246 -0.00128917 -0.000703033 6.73642e-05 -0.000360244 -0.0013365 
-0.00075232 -0.000335841 -0.000996093 -0.000444631 0.0016706 -0.00104023 -0.000205898 0.00142456 -0.00110713 0.137081 0.000446841 0.00202129 -0.00115495 -0.000174858 -0.00201031 -0.000922666 -0.00142216 0.00286906 -0.00287763 -0.00427971 -0.00292938 -0.00528434 -0.00693395 -0.00519271 -0.00208999 -0.00977446 1.85089e-05 -0.00597705 -0.00276187 -0.00342713 -0.00215511 -0.00174894 -0.00185935 -0.000515353 -0.00036546 -0.00141312 -0.000190334 -0.000639194 -0.00113406 -0.000313534 -0.00121346 -0.00210914 0.000455888 -0.00154248 -0.00196541 -0.00162808 -0.000780776 -0.000575571 -0.00155788 -0.000878492 -0.00198118 -0.000898825 -0.00103648 -0.00135219 -0.000732302 -0.000678951 3.94563e-05 -0.00137202 -0.00102931 -0.00031338 -0.000338501 -0.00117862 -0.000823316 -0.00241401 -0.000741758 -0.00141092 -0.00035683 -0.000567581 -0.00288791 -0.00244862 -0.00248306 -0.00136923 -0.00117318 -0.00125969 -0.00212813 -0.00109755 -0.000345764 -0.00145611 -0.00126684 -0.00158253 -0.00174455 -0.000727453 -0.00112389 -0.000683332 -0.00315431 -0.00135263 0.000802411 -0.00191932 -0.00142179 -0.00246358 -0.00147016 -0.00130937 -0.00110371 0.000654123 -0.000677552 -0.00192928 -0.00239283 -0.000136608 -0.00128401 -0.00118314 
-0.000580077 -0.00219411 -0.000718589 -0.00159682 -0.00148196 6.68531e-05 -0.000900106 -0.00323193 0.00159288 0.000446841 0.145366 -0.00225833 -0.00242763 0.00108753 -0.0053504 -0.000437429 -0.0063905 -0.00212243 -0.00230144 -0.00132651 -0.00645608 -0.00226881 -0.00524706 -0.00747338 -0.00405013 -0.00574609 -0.00561359 -0.00234549 -0.00350102 -0.00118589 -0.00352265 -0.00296444 -0.000921398 -0.0018957 -0.00266395 -0.0016654 -0.00018019 -0.00119433 -0.000153694 -0.00101016 0.000254888 -0.00118892 -9.93172e-05 0.000386191 -0.000980398 -0.000768961 -0.00122419 9.85387e-05 -0.000997275 -0.00169216 0.000370955 -0.00166376 -0.00186622 -0.00107201 -0.000465067 -0.000506806 -0.00133094 -0.0013534 0.000883287 -0.000816113 -0.000182053 -0.00187729 0.000259172 -0.000187853 -0.000629873 -0.000553144 -0.00118759 -0.000306828 -0.00159731 0.000581776 -0.00226212 -0.000728876 -0.00222403 -0.000921889 -0.00158332 -0.000490175 -0.000184384 -0.0017689 -0.000871785 -0.00110019 -0.00135062 -0.000602603 -0.00139074 -0.000851737 -0.00311013 -0.00138476 -0.00162082 -0.000919508 -0.00154385 -0.000890396 -0.00186836 -6.02694e-05 -0.00197598 -0.00143758 -4.54045e-05 -0.00121904 -0.000927969 8.99246e-05 0.000296028 -0.00252072 
-0.00240306 -0.00181954 -0.00123954 -0.000530065 -0.000368116 -0.0020352 -0.00127319 -0.000533297 -0.00117845 0.00202129 -0.00225833 0.173942 -0.00169119 0.00102144 -0.00121183 -0.00423468 -0.00185966 -0.00694121 0.00113837 -0.00474828 -0.00321993 -0.0112465 -0.00459204 -0.00454593 -0.00664896 -0.00325528 -0.00388338 -0.00145177 -0.00624717 -0.00199324 -0.00356376 -0.00241879 7.36451e-05 -0.00124246 -0.00138559 -0.00187434 -0.00153902 -0.00159736 -0.00198307 -0.00198203 -0.00156109 -0.00101424 -0.00139211 -0.00264575 -0.00183706 -0.000999336 -0.00190475 -9.00986e-05 -0.00167342 -0.00120933 -0.00037156 -0.00133355 -0.000703465 -0.00287751 -0.00173105 -0.00260209 -0.00227566 -0.000568899 -0.00183621 0.000341259 -0.000551189 -0.00100859 -0.000658001 -0.00186522 -0.00165877 -0.000144534 -0.000985154 -0.00160682 -0.00168667 -0.00105174 -0.00145916 -0.00135833 -0.000296598 -0.000881668 -0.00161819 -0.00147981 -0.00168612 -0.00179121 -0.000412708 5.06673e-05 0.000341459 -0.00182838 -0.000395529 -0.00016629 -0.00180811 -0.00191965 -0.0027302 -0.00319292 -0.000826746 -0.000860893 -0.00115472 -0.000984531 -0.00357286 -0.00101862 -0.00138117 -0.00276611 -0.00216881 -0.000341203 -0.00133741 -0.000652511 
-0.00150933 -0.00207111 -5.53962e-05 -0.000262245 0.000810041 -0.0013612 -0.00089087 0.000107423 0.000805068 -0.00115495 -0.00242763 -0.00169119 0.189077 0.0015979 -0.00111784 -0.00812746 -0.00129471 -0.00556797 -0.00138322 -0.00336921 -0.00881996 -0.00636085 -0.00642113 -0.0054881 -0.000788208 -0.00915628 -0.004011 -0.00282757 -0.00625905 -0.00099546 -0.00314098 -0.00277591 -0.00283623 -0.00286462 -0.000326947 -0.00351705 -0.00188236 -0.00236673 -0.00304821 -0.00130213 0.000552393 -0.0013009 -0.00150238 -0.00198172 -0.00162052 -0.00082118 -0.00215239 -0.000928417 -0.000442734 0.000257786 -0.000297031 -0.0017702 -0.000521613 -0.00242314 -0.000137495 -0.00116727 -0.0011744 -0.00183003 -0.00160925 -0.00160271 -0.00476272 -0.000322489 -0.00201328 -0.00169472 -0.00177762 -0.00289848 -0.000281056 -0.00233601 -0.00335757 -0.00147469 -0.000957367 -0.00223142 -0.00302099 -0.000545206 -0.00195571 -0.000770116 -0.000113035 -0.000423349 -0.00214355 -0.000347222 0.00026671 -0.00137009 -0.00233379 -0.00488156 -0.000995934 -0.00220835 -0.00147381 -0.000987407 -0.000851515 -0.00177307 -0.000564119 -0.00280608 0.000158587 -0.000612905 -0.0019566 -0.00235955 -0.000674736 -0.00145521 -0.000851337 -0.00129401 
-0.000939338 -0.00180648 0.00128745 4.86545e-05 -0.00139252 -0.000664374 -0.00176023 -0.00213022 -0.00222651 -0.000174858 0.00108753 0.00102144 0.0015979 0.21564 -0.00118029 -0.00660011 -0.00536891 -0.00541623 -0.00238708 -0.00521915 -0.0157556 -0.00266867 -0.00351432 -0.00226745 -0.00665407 -0.00533378 -0.00910961 -0.0105737 -0.00653683 -0.00434069 -0.00151377 -0.00223561 -0.0037484 -0.00285518 0.000753089 -0.00096472 -0.00146407 -0.003862 -0.00210729 0.000363489 -0.0023331 -0.00118785 -0.00137686 -0.000235427 -0.000377851 -0.00221908 -0.00122536 -0.00151845 -0.00176456 -0.000378677 -0.00124781 -0.000170871 -0.00129867 4.07162e-05 -0.00053172 -0.00272734 -0.00247422 -0.00223963 -0.000507334 -0.00146114 -0.00299332 6.16364e-05 -0.00196098 -0.00341331 -0.00423438 -0.00357646 -0.00193807 -0.00129547 -0.00345307 -0.00150161 -0.0037204 0.00029771 -0.00331864 -0.00352558 -0.00223995 -0.00185067 -0.00144006 -0.00122642 -0.00120035 -0.00175361 -0.000568209 -0.000100211 -0.00194996 -0.0014277 -0.0025387 -0.00355807 -0.00206665 -0.00146311 4.41525e-05 -0.00112536 -0.00255416 -0.000466154 -0.00300205 -6.25363e-05 -0.00125979 -0.00137772 0.000869544 -0.00244051 -0.00163487 -0.00282759 
-0.000747115 -0.00256466 -0.00231836 -0.00234672 -0.00221102 0.00243031 -0.00510968 -0.00216791 -0.00251466 -0.00201031 -0.0053504 -0.00121183 -0.00111784 -0.00118029 0.20702 0.000404044 -0.00311399 -0.00629718 -0.000466615 -0.00467482 -0.00315885 -0.0105428 -0.0147057 0.000406857 -0.00666876 -0.00323496 -0.00233737 -0.00441922 -0.00458441 -0.00579394 -0.00459512 -0.00182061 -0.00525463 -0.00313267 0.00108671 -0.00184375 -0.000810262 -0.0018193 -0.00168182 -0.00181354 -0.00145964 0.000861389 -0.00180597 -0.00277273 -0.000751764 -0.00219521 -0.00261031 -0.00314014 -0.000410902 -0.0027967 -0.00123386 -0.00029737 -0.00176767 0.000338842 -0.000974963 -0.000301127 -0.00160014 -0.00149518 -0.000768975 5.50924e-05 -0.00221429 -0.00112091 -0.00102204 -0.00244598 -0.0020368 -0.0036192 -0.00137239 0.00106877 -0.00396874 -0.000801552 -0.00108369 -0.00112781 -0.00148055 -0.00132791 -0.00173285 -0.000111462 -0.00246935 -0.00301692 -0.00116205 -0.00191917 -0.00017526 -0.00257427 -0.000647466 -0.00194405 -0.00110014 -4.10229e-05 -0.00148904 -0.00197332 -0.00295282 -0.00187341 -0.000751834 -0.00194351 -0.00043138 -0.00146259 -0.00351297 -0.000849776 -0.000678141 -0.000148062 -0.00184144 -0.00324371 
-0.000547777 -0.00321588 -0.00287121 -0.00300937 -0.00095981 -5.92022e-05 -0.00284503 -0.00395075 -0.00349581 -0.000922666 -0.000437429 -0.00423468 -0.00812746 -0.00660011 0.000404044 0.234036 -0.00713741 -0.0036539 0.00217677 -0.0015813 -0.00447016 0.00044135 -0.0160046 -0.00851551 -0.00587568 -0.00777853 -0.000725081 -0.0100208 -0.00528026 -0.0055389 -0.00606722 -0.00258239 -0.00158723 -0.00436702 -0.000857047 -0.00108741 0.000439662 -0.00117574 -6.55505e-05 -0.00219267 -0.0014698 -0.000417165 -0.00221267 -0.00420102 -0.00120994 -0.00121516 -0.00088753 -0.00131636 -0.00115444 -0.00130008 -0.00373805 -0.00138062 -0.00235365 -0.00140496 -0.00143687 -0.000771429 -0.00218596 -0.000651929 -0.00246824 -0.000513085 -0.000781491 -0.00215073 -0.00168508 -0.00234867 -0.00164341 -0.00262534 -0.00196423 -0.000937265 -0.001959 -0.000961624 -0.00105694 -0.00206105 -0.00106916 -0.000128425 -0.00241796 -0.0024103 0.000243537 -0.00189022 -0.00176865 -0.000944897 -0.000925836 -0.00180298 0.000206837 -0.00367749 -0.00184586 -0.00206862 -0.00147765 -0.00139668 -0.00374735 -0.00195645 -0.00168926 -0.000664861 -0.00314395 -0.0033817 -0.00262972 -0.001728 -0.0033083 -0.00140212 -0.001726 0.0015594 
-0.00180644 0.00112531 0.000491696 -0.000945348 -0.00206736 -0.0025572 -0.00151135 -0.00597562 -0.00398635 -0.00142216 -0.0063905 -0.00185966 -0.00129471 -0.00536891 -0.00311399 -0.00713741 0.244816 -0.00252322 -0.00837109 -0.00234117 0.000203041 0.00597647 -0.0085894 -0.00210828 -0.00972903 -0.0185704 -0.00780698 -0.00178116 0.00144098 -0.00206283 -0.00114335 -0.00456458 -0.00400078 -0.00235984 -0.00169568 -0.00325898 -0.00204802 -0.00265671 -0.00265171 -0.000769295 -0.000272176 -0.00166912 -0.000931997 -0.00216446 -0.0035199 -0.00141959 -0.00288493 -0.00340136 -0.00225143 -0.00280484 -0.00359539 -0.00570529 -0.00214966 -0.00101554 -0.00203004 -0.000965266 -0.000967197 -0.00538434 -0.000874759 -0.00265696 -0.00207329 -0.00239263 -0.00313491 -0.00169303 -0.00111966 -0.00187275 -0.00122255 -0.000667606 -0.00155 -0.00120226 -0.00190472 -0.00201303 0.00116987 -0.0012865 -0.00147904 -0.00340501 -0.00364696 0.000799583 -0.00181531 -0.00147743 -0.00141359 -0.00298431 -0.0038488 -0.00252903 -0.000856015 -0.000784587 -0.00171915 -0.00175808 -0.00380707 -0.000445025 -0.00210203 -0.00296993 -9.29582e-05 -0.00227976 -2.92897e-05 -0.00211271 -0.00299328 -0.00166698 -0.00426213 -0.002278 
-0.000364195 0.00221378 -0.00302614 -0.00448734 -0.000838307 -0.00545863 -0.00327672 -0.0014784 -0.00435124 0.00286906 -0.00212243 -0.00694121 -0.00556797 -0.00541623 -0.00629718 -0.0036539 -0.00252322 0.248648 -0.0035737 -0.0026716 0.002204 -0.00493375 -0.00996846 -0.00812103 -0.010832 -0.00326948 -0.00181523 -0.00413038 -0.00559719 -0.00185642 -0.00325889 -0.00998154 -0.000565703 -0.00401072 0.000132616 -0.00174131 0.000657886 -0.00163302 0.000156071 -0.00322655 -0.00245203 -0.00244507 -0.0018554 -0.00152183 -0.00162267 -0.000702276 -0.00224654 -0.00221033 -0.00135344 -0.00170091 -0.00204145 -0.000878322 -0.00214162 -0.00176849 -0.00302545 -0.00247414 -0.00238319 -0.00102978 -0.00171302 -0.00266982 -0.00088666 -0.00419231 -0.00281411 -0.00290679 -0.00109607 -0.00251393 -0.00179639 -0.00119794 0.000681935 -0.00408263 -0.00114635 -0.00133369 -0.000996083 -0.00287742 -0.00133199 -0.00262251 0.00143724 -0.000919324 -0.000423098 -0.00154296 -0.0010259 -0.00403648 -0.00253991 -0.00044511 -0.00124451 -0.00425936 -0.00428519 -0.000919104 -0.0033454 -0.000618158 -0.00386122 -0.0022013 -0.00409154 -0.00189177 -0.00145635 -0.00402433 -0.00388537 -0.00290332 -0.00139333 -0.00066642 
-0.000527699 -0.00401062 -0.00233723 -0.00183909 -0.00329963 0.000851994 -0.00382793 -0.00377675 -0.00578835 -0.00287763 -0.00230144 0.00113837 -0.00138322 -0.00238708 -0.000466615 0.00217677 -0.00837109 -0.0035737 0.248593 0.00347391 -0.000973608 -0.011468 0.00115416 -0.00493038 -0.00183191 0.000666588 -0.00639397 -0.00334737 -0.0030876 -0.00668457 -0.00463366 -0.00603015 -0.00419209 -0.00281621 -0.00169544 -0.00171352 -0.00225049 -0.00143415 -0.00243797 -0.00442582 -0.00578725 -0.00258406 -0.00391223 -0.000779676 -0.00236332 -0.00119981 -0.00229867 -0.0010392 -0.0010694 -0.00241071 -0.00207561 -0.00098549 -0.00213007 0.000704425 -0.0004148 -0.00326504 -0.00259786 -0.000211791 -0.000106042 -0.00432442 0.000638555 -0.00184397 -0.00326349 -0.00221436 -0.00239621 -0.00136214 -0.0046806 -0.00222683 -0.00326892 -0.0020548 -0.00215567 -0.00163095 -0.00359777 -0.00241624 0.000412467 -0.00301702 -0.00307696 -0.0024397 -0.00464569 -0.000797252 -0.00294069 0.000528845 -0.00167106 -0.00366103 -0.00228493 -0.00347007 -0.00317341 -0.0018372 -0.00437561 -0.00222191 -0.00417914 -0.00317509 -0.00437975 -0.00104747 -0.00269197 -0.00228898 -0.00446301 -0.00119088 -0.00227743 -0.00525069 
-0.00246302 -0.0021653 -0.00211424 -0.00145524 -0.000643223 -0.00102071 -0.00238713 -0.0030932 -0.00404724 -0.00427971 -0.00132651 -0.00474828 -0.00336921 -0.00521915 -0.00467482 -0.0015813 -0.00234117 -0.0026716 0.00347391 0.248244 -0.000382882 0.000510328 -0.00631204 -0.0108696 -0.00203958 -0.00994033 -0.00879796 -0.00213471 -0.0102418 -0.00267347 -0.00246517 -0.00514454 -0.00333753 -0.00191801 -0.00297837 -0.00241938 -0.00070879 -0.00418501 -0.00405915 -0.0017669 0.00166055 -0.000948567 -0.001435 -0.00243751 -0.00180539 -0.00269757 -0.00432961 -0.000860241 -0.000300406 -0.00303273 -0.00100348 -0.00138637 -0.00350306 -6.59746e-05 -0.00470656 -0.0020711 -0.00148188 -0.000936817 -0.00509594 -0.00354429 -0.00225878 -0.00169175 -0.0026211 -0.00156851 -0.00134479 -5.57272e-05 -0.00202057 -0.00421547 -0.0034875 -0.000604412 -0.00281081 0.000477136 0.000441837 -0.00187147 -0.00100001 -0.00162834 -0.00455378 0.000973229 -0.00236946 -0.00426441 -0.00388276 -0.00180754 -0.0048506 -0.00438546 0.00125651 -0.00223688 -0.00213247 -0.00258272 -0.0044533 -0.00370977 -0.00229091 -0.00145291 -0.00269682 -0.000338713 -0.000977274 5.20716e-05 -0.00195225 -0.00385606 0.000328275 -0.0018253 
-0.00370538 -0.00234776 1.66149e-05 -0.00525832 -0.00377151 -0.0055439 -0.00572049 -0.000948117 -0.00284134 -0.00292938 -0.00645608 -0.00321993 -0.00881996 -0.0157556 -0.00315885 -0.00447016 0.000203041 0.002204 -0.000973608 -0.000382882 0.247298 -0.000129866 -0.0010562 -0.000568582 -0.000801627 -0.00563401 -0.00737478 -0.00450375 -0.00154443 -0.00785359 -0.00542533 -0.00160651 -0.00504353 -0.000848525 -0.00342098 -0.00217029 -0.00382949 -0.000307976 -0.00161508 -0.00363199 -0.00522768 -0.00278508 -0.00295125 -0.00311489 -0.00065809 -0.00344379 -0.00366747 -0.00231377 -0.000733925 -0.000587211 -0.00162074 -0.00436849 -0.00119708 -0.00398092 -0.00245015 -0.000330474 -0.000911987 -0.00441202 -0.00144017 0.000187435 -0.00270319 -0.00346656 -0.000438762 -0.00204438 -0.000412968 -0.00320602 -0.00299603 -0.00273687 0.000482245 -0.00101025 -0.00104999 -0.00228363 -0.00287255 -0.000521873 -0.0014665 -0.000950028 -0.00213459 -0.000818279 -0.00240609 -0.00264244 -0.000662147 -0.00201424 -0.000836956 -0.0022671 0.000848605 0.000264633 -0.00238965 -0.00217265 -0.00157858 -0.00142519 -0.003706 -0.0033299 -0.00125236 -0.00305507 -0.00252576 0.00133511 -0.0030386 -0.00193898 -0.00319488 -0.0014254 
-0.00293718 -0.00360712 -0.00174805 -0.00393624 -0.00408287 -0.00128043 -0.00259796 -0.00422716 -0.00212517 -0.00528434 -0.00226881 -0.0112465 -0.00636085 -0.00266867 -0.0105428 0.00044135 0.00597647 -0.00493375 -0.011468 0.000510328 -0.000129866 0.24906 -1.50945e-05 0.000715379 -0.0153319 0.00403012 -0.00537142 -0.00833248 -0.000991203 -0.00469899 -0.00398682 -0.0015347 -0.0022448 -0.00679958 -0.00541802 -0.00356436 -0.0029316 -0.0020857 -0.00132382 -0.00160387 0.00138716 -0.00367942 -0.00290904 -0.00131408 -0.00223034 -0.00153367 -0.00162231 -0.00192729 -0.00373426 -0.00191013 -0.00266743 -0.000297524 -0.00150509 -0.000340597 -0.000116599 -0.000887269 -0.00248408 -0.00282796 -0.00301415 -0.00317933 -0.00169474 -0.00193119 -0.00306224 -0.00217161 -0.00121129 -0.00168841 -0.00372635 -0.0019153 -0.00337807 -0.00126256 -0.000725543 -0.000716555 -0.00129424 -0.00149188 0.000509697 -0.00284825 -0.00152714 -0.00459479 -0.00125963 -0.00264712 -0.00145669 -0.00191425 -0.00232466 -0.00157084 -0.00113543 -0.00140177 -0.000883663 -0.00131573 -0.00366127 -0.00316291 -0.00167736 -0.00316563 -0.000190174 -0.00143427 0.000240037 -0.00157781 -0.0023955 -0.0042511 -0.00313493 -0.00120884 
-0.00200918 -0.000615401 -0.00111308 -0.00162428 -0.00251735 -0.00495455 -0.00181193 -0.00542754 -0.00647382 -0.00693395 -0.00524706 -0.00459204 -0.00642113 -0.00351432 -0.0147057 -0.0160046 -0.0085894 -0.00996846 0.00115416 -0.00631204 -0.0010562 -1.50945e-05 0.249293 -0.0100036 0.00498158 0.00573942 -0.000550881 -0.00595542 -0.00365964 -0.00349497 -0.00234686 -0.00148209 -0.00433621 -0.00254912 -0.00567482 -0.00158733 -0.00237261 -0.00493808 -0.000893689 -0.000568334 -0.0013627 -0.00214712 -0.00241702 -0.000745331 -0.00129569 -0.00396881 -0.00211378 -6.97924e-06 -0.00513571 -0.000268701 -0.00275036 -0.00227967 -0.00195778 -0.00085576 -0.00380161 -0.00473505 -0.0019725 -0.000763215 -0.00171101 -0.000893738 0.000131455 -0.000783288 0.00100088 -0.000900924 -0.000332478 0.000815139 -0.0031889 -0.00271752 0.000190844 -0.00373213 -0.000532879 -0.0010989 -0.000161757 -0.00611747 0.00211815 0.000976504 -0.00109726 -0.00261641 0.0002817 -0.00318107 -0.0020796 -0.00400847 -0.00318072 -0.00198489 -0.00531565 0.0001551 -0.00152779 -5.29094e-05 -0.00249838 -0.00330449 -0.000881319 -0.00146991 0.000899017 -0.00272703 -0.00228494 -0.00130215 -0.000736678 -0.00142517 -0.00311063 -0.00188213 
-0.00380996 0.00235275 -0.00214861 -0.00332375 -0.0028297 -0.00224868 0.00239999 -0.00303129 -0.00385678 -0.00519271 -0.00747338 -0.00454593 -0.0054881 -0.00226745 0.000406857 -0.00851551 -0.00210828 -0.00812103 -0.00493038 -0.0108696 -0.000568582 0.000715379 -0.0100036 0.249621 -0.00315903 -0.00492539 -0.00263664 0.000172307 -0.00104772 -0.00648569 -0.00324723 -0.00229505 -0.00339462 -0.00350075 -0.00168463 -0.00446804 0.000359549 -0.00420544 -0.00267668 -0.00401925 -0.00504436 -0.00268614 -0.00405766 -0.0019433 -0.0039387 -0.00307442 0.000545691 -0.00267044 -0.00156663 -0.00116207 -0.00200226 -0.00301567 -0.00117427 -0.00347755 -0.000462369 -0.00153928 -0.00179969 -0.00246058 -0.00109422 -0.00145781 -0.00459714 -0.000295042 -0.0020872 -0.000572452 -0.00415987 -0.00400899 0.00145141 -0.00168708 -0.0029161 -0.00419077 -0.0018947 -0.00269958 -0.000506707 0.000197129 -0.00229808 -0.00372792 -0.00186605 -0.00260338 -0.0034934 0.000521258 -0.00144625 -0.000202711 -0.000169558 9.37949e-05 -0.00125458 -0.00114641 -0.00132304 -0.00465752 -0.00188336 -0.00274707 -0.000107062 -0.00196635 -0.000428031 -0.000460641 -0.00425998 -0.00378449 -0.00139429 -0.00145298 -0.00114408 -0.00169735 
-0.00228877 -0.00323525 -0.00231197 3.27397e-05 -0.0031912 -0.000806662 -0.00441362 -0.00431467 -0.00273933 -0.00208999 -0.00405013 -0.00664896 -0.000788208 -0.00665407 -0.00666876 -0.00587568 -0.00972903 -0.010832 -0.00183191 -0.00203958 -0.000801627 -0.0153319 0.00498158 -0.00315903 0.241517 -0.00297712 0.00169664 -0.0068096 -0.0034728 -0.00309491 0.000581627 -0.0010453 -0.00392081 -0.000238738 -0.00366428 -0.00174056 -0.0042087 -0.000557564 -0.00250572 -0.00110544 -0.00257639 -0.00432431 -0.000954914 -0.00175013 -0.00284443 -0.0015383 -0.00095279 -0.00251507 -0.00304594 -0.000729402 -0.00190963 -7.60848e-05 -0.00240733 -0.00293988 -0.00076129 -0.00389301 -0.00197572 -0.00167187 -0.00331013 -0.00308821 -0.000728784 -0.00135271 -0.000149393 -0.00118686 -0.00103585 -0.00124857 -0.00289267 -0.000694708 -0.00107193 0.000461598 -0.00238814 -0.00369665 -0.00104532 -0.00425676 -0.00398257 -0.000391661 -0.00148136 -0.00401908 -0.00155137 -0.00243611 -0.000991571 -0.00323369 -0.00293956 0.00195455 -0.00236406 -0.0029603 -0.00128318 -0.00273034 0.000252394 -0.000351299 -0.00283953 -0.00122854 -0.00142979 -0.00218778 -0.00447139 -0.00243361 -0.0025976 -0.000394757 -0.0024716 -0.000550663 
0.000590564 -0.00332721 -0.0039119 -0.00209818 -0.00373152 -0.00225033 -0.00156691 -0.00332866 -0.00564229 -0.00977446 -0.00574609 -0.00325528 -0.00915628 -0.00533378 -0.00323496 -0.00777853 -0.0185704 -0.00326948 0.000666588 -0.00994033 -0.00563401 0.00403012 0.00573942 -0.00492539 -0.00297712 0.231135 -0.00416986 0.00386202 0.000996798 0.00202578 0.000507341 -0.00277042 -0.00425783 -0.00304756 -0.00273008 -0.0022834 -0.00317758 -0.0018218 -0.000515351 -0.000674583 -0.00235258 -0.00240919 -0.00169283 0.00192784 -0.00277081 -0.00193973 -0.00111445 -0.00178334 -0.00128014 -7.60377e-05 -0.00152019 0.00104494 -0.00478421 -0.00221504 -0.00212514 -0.000585708 -0.000383081 -0.00199223 -0.00210615 -0.00241792 0.000650296 -0.0020158 -0.00307521 -0.000301856 -0.000191309 -0.00389115 -0.00247252 -0.00189126 -0.00289438 -0.00125443 0.00105347 -0.00297525 -0.00329854 0.000506823 -0.00224532 -0.00392572 -0.000957774 -0.00331211 -0.000233848 7.41016e-05 -0.00254199 -0.00247068 -0.00273889 -0.000309534 -0.0020491 -0.00324462 -0.00217005 -0.00131211 -0.0016402 -0.00226657 -0.000402455 -0.000508602 -0.00326 -0.00432827 -0.00215183 -0.0024602 -0.00287649 -0.00402827 -0.00237687 -0.00228748 
-0.00232626 -0.00316901 -0.00273969 -0.00212155 -0.00448766 -0.00173999 -0.00171557 -0.00211995 -0.00170492 1.85089e-05 -0.00561359 -0.00388338 -0.004011 -0.00910961 -0.00233737 -0.000725081 -0.00780698 -0.00181523 -0.00639397 -0.00879796 -0.00737478 -0.00537142 -0.000550881 -0.00263664 0.00169664 -0.00416986 0.234338 -0.00262482 -0.00495749 -0.00607336 -0.00238238 -0.00111062 0.000454233 -0.00094315 -0.00089642 -0.00236678 -0.000108351 -0.000833933 -0.000582612 -0.00095029 -0.00117851 -0.00199953 -0.00227592 -0.00358706 -0.000308016 -0.00333618 -0.00155965 -0.00188918 -0.0018731 -0.00271024 -0.00155114 -0.00160848 -0.00349533 -0.00186623 -0.00165452 -0.00208945 -0.00133509 -0.00229722 -0.00317229 -0.00141336 -0.00340753 -0.000192504 -0.000636001 -0.000854857 -0.00124649 -0.000846311 -0.00338249 -5.48841e-05 -0.00186189 -0.00341307 -0.00282941 -0.00111161 -0.00264092 -0.00212376 -0.0026032 0.000861491 0.00160944 -0.00332857 -0.001595 -0.00420635 -0.00158562 -0.00338187 -0.000324754 -0.000840725 -0.00323047 -0.00139262 -0.00382539 -0.00108359 -0.00331063 -0.00200041 -0.00263586 -0.00334231 -0.00177291 0.000311088 -0.00203271 -0.0039781 -0.00271057 -0.00087453 -0.00328055 -0.00359836 
-0.00130201 -0.00182742 -0.00125049 -0.00140106 -0.00291852 -0.00239297 -0.00245089 -0.00310738 -0.00250974 -0.00597705 -0.00234549 -0.00145177 -0.00282757 -0.0105737 -0.00441922 -0.0100208 -0.00178116 -0.00413038 -0.00334737 -0.00213471 -0.00450375 -0.00833248 -0.00595542 0.000172307 -0.0068096 0.00386202 -0.00262482 0.205369 -0.00235725 0.00143033 0.000915372 0.00131073 -0.00293487 -0.00375588 -0.000714464 -0.00353365 -0.00278975 -0.00262831 -0.00236613 -0.00157627 -0.00128896 -0.00192404 -0.00213787 -0.000409347 -0.00334863 -0.0025349 -0.00125735 -0.000628221 -0.000751044 -0.00271063 -0.00313902 -0.00103871 -0.00025036 -0.00419292 -0.00168791 -0.000155386 -6.11172e-07 0.00011699 -0.000797874 -0.00106705 -0.00239998 -0.00229409 -0.00073067 -0.000384408 -0.000564552 -0.00121584 -0.00179421 -0.00104729 -0.00168143 -0.00251022 -0.00200508 -0.00255081 -0.000710641 -0.00261045 -0.00365214 -0.00142695 -0.00348219 -0.0032735 -0.00286167 -0.000174391 -0.00156479 -0.00198349 -0.000124742 -0.00181575 0.000293496 -0.00143927 -0.00294748 -0.000322448 -0.000812541 -0.00126225 -0.00220554 -0.000830771 -0.00161278 -0.00240479 -5.19623e-05 -0.00149032 -0.00352744 -0.00270699 -0.000866295 0.000243002 
-0.00084898 -0.00095074 -0.00173607 -0.00175149 -0.00419968 -0.00152416 -0.002368 -0.00133915 -0.00272583 -0.00276187 -0.00350102 -0.00624717 -0.00625905 -0.00653683 -0.00458441 -0.00528026 0.00144098 -0.00559719 -0.0030876 -0.0102418 -0.00154443 -0.000991203 -0.00365964 -0.00104772 -0.0034728 0.000996798 -0.00495749 -0.00235725 0.201609 0.00150048 -0.00226829 -0.00167656 -0.000492391 -0.00179041 -0.00237062 -0.000470657 -0.00215161 -0.00285018 -0.0019932 -0.00137061 -0.00334129 -0.00106187 -0.00151356 -0.00165669 -0.00119606 0.00048329 -0.00267303 -0.00263637 -0.000501252 -0.00200686 -0.00116564 -0.00169157 -0.000910253 -0.00326192 -0.00046056 -0.00126365 -0.00167564 -0.00213832 -0.000816837 -0.0021851 -0.000239818 -0.00329 -0.00122328 -0.00149734 -0.00143885 -0.00112963 -0.000317496 -0.00236695 0.000919694 -0.000650299 -0.00270231 -0.00134362 -0.00174833 -0.000702281 -0.00438099 -0.00167701 -0.00293996 -0.00335966 -0.00201226 -0.0020441 -0.00205103 -0.00154162 -0.00208365 -0.0012062 -0.00126514 -0.00156747 -0.000182107 -0.000763436 -0.00213751 -0.00123722 -0.00221185 -0.00160724 -0.00244089 -0.00107008 -0.00190159 -0.00125866 -0.00236511 -0.00158608 -0.00202566 -0.00222039 
0.000983452 -0.0030102 -0.0020955 -0.000966858 -0.00230824 -0.00446298 -0.00334474 -0.00179859 0.000200056 -0.00342713 -0.00118589 -0.00199324 -0.00099546 -0.00434069 -0.00579394 -0.0055389 -0.00206283 -0.00185642 -0.00668457 -0.00267347 -0.00785359 -0.00469899 -0.00349497 -0.00648569 -0.00309491 0.00202578 -0.00607336 0.00143033 0.00150048 0.184598 -0.00172756 -0.00399534 0.00161841 -0.000392047 -0.0027578 -0.000852253 -0.0011239 0.00103793 -0.00213633 -0.000751198 -0.00210169 -0.000522082 -0.00265627 0.000382907 -0.00171258 -0.00258452 -0.0012432 -0.00175521 -0.00152114 1.96443e-05 -0.00146556 -0.00151838 -0.00123881 -0.00268628 -0.00317047 -0.00160822 -0.00150474 0.000100414 -0.000264317 -0.00157037 -0.00124128 -0.00130711 -0.0015686 -0.00181644 -0.00143191 -0.00299344 -0.00233963 -0.00279223 -0.00141428 -0.00140459 -0.002253 -0.000487252 -0.00398332 -0.000335547 -0.00368497 -0.00254271 -0.00170163 -0.000792691 -0.00290572 0.000261152 -0.00186217 -0.0012456 -0.00271817 -0.00214679 0.000852875 -0.0031252 -0.00260335 -0.000343613 -0.00134836 0.000630983 -0.00227729 -0.000705327 -0.00072169 -0.00229188 0.000714881 0.000267474 -0.00332726 -0.00195611 -0.00149167 -0.0023627 
-0.000580785 -0.000285859 -0.0014056 0.000303724 -0.00121719 -0.00300579 0.00128401 0.00045474 -0.0019205 -0.00215511 -0.00352265 -0.00356376 -0.00314098 -0.00151377 -0.00459512 -0.00606722 -0.00114335 -0.00325889 -0.00463366 -0.00246517 -0.00542533 -0.00398682 -0.00234686 -0.00324723 0.000581627 0.000507341 -0.00238238 0.000915372 -0.00226829 -0.00172756 0.13765 -0.00119766 -0.00351921 0.00100972 -0.0012432 -0.0019456 -0.00196613 0.00032904 -0.00208131 -0.00161748 -0.00151348 -0.00271733 -0.000301998 -0.000100827 -0.00145536 -0.000279325 -0.001563 -0.000558472 -0.000919868 -0.000302194 -0.00143012 -0.00084081 -0.000202922 -0.00011502 -0.00267597 -0.0014733 -0.000187627 -0.000972465 -0.00126823 -0.00154174 -0.00167224 -0.000448496 -0.000198639 -0.000666657 -0.00108295 -0.00255975 -0.00114243 -0.00199308 -0.00101739 1.44909e-05 -0.00189769 -0.000616195 -0.00170968 0.00048997 -0.0017035 -0.00133944 -0.00144756 -0.000697758 6.00814e-05 -0.00245878 -0.00157843 -0.000473766 5.85913e-05 -0.000779742 -0.00269517 -0.00129945 -0.00152288 -0.00245932 -0.000629991 -0.0013846 -0.00148244 -0.000829029 -0.00015567 -0.000968627 3.12171e-05 -0.000716673 -0.00127169 -0.000610834 -0.00218461 -0.000143974 
-0.00153555 -0.00104669 -0.000976584 -0.00109142 -0.000804593 -0.00140341 -0.00130109 -0.00169439 1.52162e-05 -0.00174894 -0.00296444 -0.00241879 -0.00277591 -0.00223561 -0.00182061 -0.00258239 -0.00456458 -0.00998154 -0.00603015 -0.00514454 -0.00160651 -0.0015347 -0.00148209 -0.00229505 -0.0010453 -0.00277042 -0.00111062 0.00131073 -0.00167656 -0.00399534 -0.00119766 0.132626 -0.00196504 -0.000855242 -0.000882266 -0.00170465 -0.00119836 -0.00142456 -7.84573e-06 -0.00095903 -0.00217191 -0.000935347 -0.00141937 -8.44491e-05 0.000529339 -0.00101052 -0.000552957 -0.00022775 -0.000854713 -0.00162484 -0.000352363 -0.00123304 -0.000432919 -0.00102193 -0.000380667 -0.000889984 -0.0014212 -0.00073662 -0.000847613 -0.000406567 -0.000495872 -0.000564174 -0.000177369 -0.00147716 -3.85443e-05 -0.00165394 -0.000172399 -0.000880161 -0.000181159 -0.00233087 -0.00140806 -0.00129363 -0.0021877 -0.0006446 -0.0012327 -0.00136334 -0.00185746 -0.00135056 -0.00157152 -0.00078137 -0.000947443 -0.00105384 -0.00134456 -0.00194042 -0.00294564 -0.0007239 -0.000345268 0.00014939 0.000568034 -0.000206265 -0.00072448 0.000336487 -0.000946876 1.09137e-06 -9.9613e-05 -0.00133582 -0.00203944 -0.00154741 -0.000261923 -0.000973194 
