0.0761907 -0.000907657 -0.000220229 0.000449954 0.000102392 0.000422868 -0.000211773 -0.000933365 -0.000407785 -0.000600838 -0.00176903 -0.000816449 -0.00270901 -0.00166676 -0.00199007 -0.000473392 -0.00122016 -0.00164811 -0.00174646 -0.00208033 -0.00407061 -0.00284602 -0.00317391 -0.000909638 -0.00364854 -0.00173435 -0.00298576 -0.000433066 -0.000532071 -0.00166806 -0.00244705 -0.00134556 -0.000712034 -0.000341185 -0.000749294 -0.00039907 -0.00130351 1.63435e-05 -0.00103133 -7.31878e-05 -0.000735525 -0.000451788 -0.000107035 -0.00141816 -0.000806757 -0.000727441 -0.00109269 -0.000299662 -0.000631159 0.000406454 -0.000348574 -0.000470096 -0.000518092 -0.000839933 -0.000659074 -0.000127874 -0.000837901 0.000244483 -0.00118814 0.000270639 -0.000800228 -0.000202425 -0.000376622 -0.000452519 0.000155565 -0.000393125 -0.000394137 -0.000132941 -0.000571109 0.000196814 -0.000869216 -8.30233e-05 -0.000436648 0.000167148 -0.000280633 -0.00118581 -0.00083313 -0.001126 -0.000505333 -0.000534294 -0.000807176 1.93642e-05 -0.000668478 -0.000201679 -0.000675723 -0.000315129 9.17643e-06 -0.000526362 -0.00050786 -0.000373563 -0.000763969 5.49441e-05 -0.000335719 -0.000561585 -0.000613023 -0.000158918 1.0554e-05 -0.000532225 -0.000451357 -0.000981829 
-0.000907657 0.0831305 -0.000207565 -0.000678762 -0.000374301 0.000716547 -0.000538604 -0.00112278 -0.000845 -0.00130576 -0.0025742 -0.00216041 -0.000740275 -0.00211949 -0.00230587 -0.000879587 -0.00164881 -0.00342497 -0.000403119 -0.00236381 -0.000966996 -0.00115558 0.000401443 -0.00179766 -0.000961855 -0.00357354 -0.00224018 -0.00172492 -0.00243429 -0.000512741 -0.00115967 -0.00230714 -0.000978107 -0.000763273 -0.00197668 -0.000976291 -0.000587554 -0.000493268 -0.000593621 -0.000546376 -0.000693664 -0.00075807 -0.000775526 -0.00126938 -0.0011526 0.000141778 -0.000953231 -0.000450544 -0.000444485 -0.000848616 -0.0010344 -0.000705846 -0.000299413 -0.00030136 -0.00103154 -0.000247116 -0.000829306 -0.000615545 -0.00111893 -3.23078e-05 -0.000219512 -0.000855578 0.000102926 -0.000750613 -0.000903432 0.000118118 -0.000773408 -0.000465989 -0.000648833 -0.00028481 -0.00126221 -0.000147875 -0.000732858 -0.000804704 -0.000315266 -0.00102677 -0.000575243 -0.000205585 -0.000235561 -0.00100661 -0.000959133 -0.000194371 -0.000141454 -0.000118877 -0.00103319 -0.000258066 -0.000771724 -1.01448e-05 -0.0011756 -0.000953098 -0.000390202 0.000134017 -0.000447076 -0.000344254 -0.000719162 -0.000645849 -0.000382372 -0.0002501 0.000126129 -0.000949331 
-0.000220229 -0.000207565 0.0691925 0.000267501 -0.000821955 0.000168975 -0.000449009 -0.000130709 -0.000635235 -0.000641319 -0.00141387 -0.00169834 -0.000599523 -0.00102133 -0.00232517 -0.0017307 -0.00279618 -0.00225137 -0.00428207 -0.0025737 -0.00212863 -0.00127439 -0.00394027 -0.00109501 -0.00219861 -0.000536125 -0.000206673 -0.00275352 -0.00116218 -0.00117546 -0.000633691 -0.000118311 -0.000726593 -0.000315536 -0.000682821 -0.000675427 -0.000575853 0.000265417 -0.000187439 -0.000223682 -0.000185711 -0.00094629 5.95452e-05 0.000197164 -0.00148329 -0.000958628 -0.000550951 -0.000645697 -0.00102955 -0.000768288 -0.000135666 -0.000154739 -0.000314238 -0.000135084 -0.000638172 9.71969e-05 -0.000755031 -0.000611043 -0.000463486 -0.00111746 -0.000560195 -0.00083146 0.000165915 -0.00101838 0.000139597 -0.000547065 4.60314e-05 -0.000242849 -0.000252795 0.000113258 -0.000260295 -0.000587985 -0.000137045 -0.000352319 -0.000259455 -0.000877987 -0.000182415 -0.000769042 -0.000656575 0.000146777 -0.000713542 -0.000177295 -0.000103108 -0.000176971 -0.00062641 -0.000446846 -0.000296029 -0.00100973 -0.000983097 -0.000396986 -0.000245181 -0.000833261 2.38487e-05 -0.000752057 0.000269347 -0.000662793 -0.000740927 -0.000777245 0.000408407 0.000217683 
0.000449954 -0.000678762 0.000267501 0.0855149 -0.000579077 -0.00155838 -0.000735398 -7.55665e-05 0.000117052 -0.000963996 -0.00188867 -0.000746019 -0.000327652 -0.0016459 -0.000972665 -0.00155608 -0.00223932 -0.00169863 -0.00355386 -0.00119383 -0.000294426 -0.00159962 -0.00571667 -0.00135495 -0.00336503 -0.00240769 -0.00229287 -0.000341823 -0.00252212 -0.00161953 -0.000515107 -0.000420816 -0.00106448 -7.35044e-05 -0.00184766 -0.000616814 -0.000827534 -0.000420054 -0.000944898 -0.000833579 -0.000666338 -0.00103553 -0.000542014 -0.00115501 -0.000924996 -0.00140151 -0.000487355 -0.000606796 -0.00149973 -0.000849476 -0.000855105 0.000335882 -0.000696853 -0.000471494 -0.000808189 -0.000232789 -0.000460593 -0.000423755 -0.00127354 -0.000802576 -0.000902517 0.000406293 -0.00114021 -0.00171906 -0.000164554 9.25745e-05 -0.000578696 -0.000414952 -0.000724564 0.000441826 -0.000562118 -0.000777897 -0.000346997 -0.000615004 -0.00117483 -0.000806318 -0.000233638 -0.00105798 -0.00042177 -0.000250513 -0.000664974 -0.0010241 -0.00020056 -0.000251543 -0.000186711 -0.000311948 -1.77717e-05 -0.00117096 -0.00105665 -0.000697945 -0.000700464 -0.000318126 -0.0004595 -0.000332882 -0.000807579 -0.000917138 -0.000517309 -0.000643683 -0.000217952 -0.000549916 
0.000102392 -0.000374301 -0.000821955 -0.000579077 0.0881923 -0.000298908 5.79699e-05 -0.00028175 0.000281142 -0.00150044 -0.00126533 -0.000892241 -0.0036622 -0.00281708 -3.00128e-05 0.00019177 -0.00129925 -0.00285337 -0.00333627 -0.00353587 -0.00373428 -0.00317162 -0.00307741 0.000603762 0.000270672 -0.00126458 -0.000552393 0.00146413 -0.000964454 -0.000389424 -0.00156203 -0.00129894 -0.000322051 -0.000325357 -0.00148165 -5.26026e-06 -0.000638872 -0.00163273 -0.00132508 -0.000215514 -0.000289834 -0.00132422 -0.000962021 -0.000499576 -0.00165905 -0.000909668 -0.000672617 -0.000616222 -0.000238763 -0.00101405 -0.000753991 -0.00109763 -0.00132704 -0.00115301 -0.000821624 -0.000337608 -0.000361325 -0.000668731 -0.00114088 -0.00181497 -0.000452971 -0.000214205 0.000182314 -0.00118999 -0.000831206 -0.000758013 -0.000782463 -0.0015883 -0.000942568 -0.000425276 -0.00114556 -0.000746383 -0.0004207 -0.000280361 -0.000777992 -0.000328458 -0.000851406 -0.00138475 0.000323569 -0.00103143 -0.000818271 -0.000635018 -0.00108084 -0.000919667 -7.07298e-05 0.000199686 -0.00100399 -0.00127447 -0.000324979 -0.00148646 -0.000652093 -0.00102582 -0.00123625 -0.00124293 -0.00040947 -0.00022014 -0.000409355 -0.000508285 -0.000812375 -0.000413982 
0.000422868 0.000716547 0.000168975 -0.00155838 -0.000298908 0.10223 -0.000808003 -0.00114526 6.08404e-05 -0.000220957 0.000612057 -0.00237467 -0.00269841 -0.00311996 -0.00108302 -0.00182361 -0.00231618 -0.000142761 -0.0035914 -0.00596236 -0.00458539 -0.000314594 -0.00490076 -0.00219736 -6.83103e-05 0.000934456 -0.00407113 -0.000391913 -0.00148809 -0.00241399 -0.00199098 -0.0028081 -0.00153872 -0.000697407 -0.000966117 -0.00193861 -0.00179524 -0.00082212 -0.000938231 -0.00176593 -0.00116971 8.04585e-05 -0.000973687 -0.00225128 -0.000679866 -9.49305e-05 -0.000705033 -0.000348485 -0.00100421 -0.000481501 -0.000524755 -0.000899752 -0.000925005 -0.000916295 -0.000543163 -0.000842035 -0.00069404 -0.000781585 -0.000267243 1.25578e-05 -0.000702707 -0.00121065 -0.00118775 -0.00172996 -0.000962481 -0.000134078 -0.000395547 -0.000161125 -0.00139653 -0.00089701 -4.91728e-05 -9.30036e-05 -0.000383896 -0.000811331 -0.000364706 -0.000461141 0.000303466 -0.000371642 -7.65085e-05 -0.000521893 -0.00156002 4.71258e-05 -0.000865786 -0.000934002 -0.000896146 -0.000558038 -0.000721002 -0.000542658 -0.000337692 -0.000312561 -0.00110508 -0.00160793 -0.000806056 -0.00127208 -0.00100593 -0.00118695 -0.000911734 -0.00016895 -0.00119471 -0.000750954 
-0.000211773 -0.000538604 -0.000449009 -0.000735398 5.79699e-05 -0.000808003 0.0942158 -0.000970901 0.000969655 -0.00182892 0.000790761 -0.00117911 -0.00197232 -0.0038237 -0.00193962 0.000468098 -0.000394389 -0.00347311 -0.00299977 -0.00324216 -0.00342814 -0.00355698 -0.00409677 -0.00308604 -0.0028766 -0.00123287 -0.00198746 -0.00089689 -0.000787445 -0.00255953 -0.00209036 -0.00105636 -0.00102858 -0.00103379 -0.000597051 0.000151812 -0.000873088 -0.0017147 -0.00100196 -0.000548679 -0.00068007 -0.00108566 -0.000894073 -0.00131383 -0.00146285 -0.000324765 -0.00130264 -0.00103156 -0.00131615 8.17095e-05 -0.000206433 -0.00171026 0.000364414 -0.000505498 -0.000505974 -0.000637326 0.000281947 -0.0010757 -0.000914802 -0.00063005 4.84467e-06 -0.000660675 -0.000887624 -0.00100733 -0.00117688 -0.000569819 -0.000749003 -0.000803743 -0.00101009 -0.000110458 -0.00050573 -0.000106656 -0.00100313 -0.000449996 -0.000222409 -0.000923655 -3.04662e-05 -0.00180552 -0.000943873 -0.000194915 -0.000442982 -0.000250971 -0.000540847 -0.000573535 0.000179836 0.000494765 -0.000620094 -0.00103465 -0.000728236 -0.00110559 -0.000331543 -0.000712317 0.000214593 -0.000685817 -0.00119773 -0.000821636 -0.00053798 0.000383934 -0.00042856 -0.000868006 
-0.000933365 -0.00112278 -0.000130709 -7.55665e-05 -0.00028175 -0.00114526 -0.000970901 0.115524 4.40334e-05 0.00106726 -5.53135e-05 0.00300782 0.00161425 -0.00040975 -0.00459381 -0.00216479 -0.00335562 -0.00532661 -0.00219081 -0.0010286 -0.0030754 -0.00408331 -4.42211e-05 -0.00877095 -9.7284e-05 -0.00357502 -0.00355383 -0.0024961 -0.00276887 -0.0038964 -0.000579609 -0.00246574 -0.00225752 -0.00248439 -0.00100043 -0.00111166 -0.000975554 -0.00123993 3.8922e-05 -0.000437267 -0.000123885 -0.000597987 -0.00110173 -0.000191415 0.000218175 -0.00239447 -0.0011115 -0.000475978 -0.000926689 -0.00103484 -0.00148851 -0.00148232 -0.00177124 0.000456698 -0.00106563 -0.00026554 -0.000594315 -0.000277545 -0.00130869 -0.00207267 -1.90988e-05 -0.00176505 -5.49159e-05 -0.00190278 -0.00138818 -0.000920777 -0.000318463 -0.00176423 -0.000833641 -0.00063187 -0.00102871 -0.00147064 -0.00178327 -0.00150599 -0.00128429 -0.000846185 -0.000814666 -0.00034831 -0.000129678 -0.00200232 -0.000451104 -0.00174716 -0.00124583 -0.00129734 -0.000632321 -0.000224317 -0.000100013 0.000307267 -0.00175605 -0.000891684 -0.000414631 -0.00147487 -0.00107167 0.000728375 -0.000280604 -0.000669261 -0.000122623 -0.00133927 -0.00127841 -0.000212028 
-0.000407785 -0.000845 -0.000635235 0.000117052 0.000281142 6.08404e-05 0.000969655 4.40334e-05 0.120963 -0.00117568 -0.000673792 -0.00134284 -0.000430508 -0.000705373 0.000124774 -0.000828705 -0.00398813 -0.00489159 -0.00527807 -0.00352313 -0.00722581 -0.00425384 -0.00505186 -0.00256552 -0.00420845 -0.00353994 -0.00310046 0.00206942 -0.00109707 -0.00132515 -0.00157802 -0.00142713 -0.00042319 -0.000732639 -0.000496178 -0.000280592 -0.00174878 -0.00173741 -0.00183872 -0.00209128 -0.000805727 -0.0019112 -0.000854829 -0.00111542 -0.00268647 -0.000868834 -0.000963145 -0.00166819 -0.000339456 -0.000745852 -0.000607226 0.000246356 -0.000882814 -0.0011306 -0.00115141 -0.00173022 0.000644784 -0.000955598 7.74193e-05 -0.000520826 -0.000919543 -0.00173415 -0.000638504 -0.000792418 -0.00124096 -0.000959921 -0.00180957 -0.00127336 -0.00146586 -0.00121792 -0.000565095 -0.00105204 -0.00137171 -0.000274752 -0.000821818 -0.0011412 -0.000469867 -0.00145243 6.59258e-05 -0.000894242 -0.00112314 -0.000568846 -0.000908082 -0.000851127 -0.000879391 -0.000478724 -0.000291425 -0.000591643 -0.00128202 -0.000474921 -0.00160097 -0.00108887 -0.000953736 -0.00118178 0.000314292 -0.000723792 -0.000944536 -0.00202992 -0.00048296 -0.00104213 
-0.000600838 -0.00130576 -0.000641319 -0.000963996 -0.00150044 -0.000220957 -0.00182892 0.00106726 -0.00117568 0.13657 -0.00250819 -0.00271057 3.42829e-05 0.00490495 -0.00386322 -0.00188431 -0.000979674 -0.00659429 -0.00121841 -0.000452155 -0.00366987 -0.00146302 -0.00818318 -0.00428178 -0.00667059 -0.00368105 0.000955455 -0.00189749 0.000997523 -0.00431127 -0.00200727 -0.00112219 -0.00171407 -0.00152812 -0.000289972 -0.00252178 -0.00169593 -0.000628016 -0.00140724 -0.000774995 -0.00160152 -0.00130519 -0.00107226 -0.00147526 -0.00180346 -0.000452346 -0.00160159 0.000640421 -0.0022048 -0.00144722 -0.00155965 -0.00107598 -0.00166356 -0.00173158 -0.002235 -0.00154467 -4.08888e-05 -0.00116135 -0.000786486 -0.00139228 -0.00243223 -0.00133825 -0.000958968 -0.00168813 -0.00195392 -0.000536458 -0.000941877 -0.00108779 -0.00142194 -0.00108636 -0.00135057 -0.00188865 -0.00104633 -0.00029392 -0.00127105 -0.00236634 -0.000677057 0.000549977 -0.00130412 -0.000878633 -0.000539248 -0.000329222 -0.0014311 -0.00179873 -0.00128556 -0.000459345 -0.0014112 -0.00257404 -0.00110072 -0.000622918 -0.0013695 -0.00214121 -0.000554628 -0.000422584 -0.00060267 -0.00221139 0.000348719 -0.000158105 0.000534297 -0.000616104 
-0.00176903 -0.0025742 -0.00141387 -0.00188867 -0.00126533 0.000612057 0.000790761 -5.53135e-05 -0.000673792 -0.00250819 0.152001 0.00326211 0.000840221 -0.00493021 -0.000148594 -0.00451845 -0.00521003 -0.0110195 -0.00939576 -0.00559011 -0.00167177 -0.00387909 3.00235e-05 -0.00642635 -0.00232018 -0.00187335 -0.00201121 -0.00644072 -0.00192395 -0.00326817 -0.00285661 -0.00265102 -0.000491949 -0.000195007 -0.00287628 -0.000484492 -0.00211213 -0.000466346 -0.00184667 -0.000476335 -0.000821658 -0.000181363 -0.00108355 -0.00164662 -0.000978956 -0.00115662 -0.000170865 -0.000830016 -0.00158767 -0.00148538 -0.000762339 -0.00136293 -0.000858985 -0.000918706 -0.000411048 -0.00148288 -0.000423548 -0.000549975 -0.000896934 -0.00133948 -0.000807776 -0.00117529 -0.0021524 -0.00179675 -0.00127876 -0.00147655 -0.00105642 0.00124269 -0.000471187 -0.00103756 -0.00149042 -0.00141802 -0.000594972 0.000176267 -0.000580074 -0.000505695 -0.000228499 -0.00108888 -0.000548066 -0.000858941 -0.000149878 0.000517704 -0.00048283 -0.00172747 -0.00130174 -0.00184629 -0.000874627 -0.00213628 -0.00202567 -0.000571844 -0.000991239 -0.00111531 -0.00141583 -0.00144942 -0.00214682 -0.00222944 -0.00124716 -0.000342086 -0.00138723 -0.00128346 
-0.000816449 -0.00216041 -0.00169834 -0.000746019 -0.000892241 -0.00237467 -0.00117911 0.00300782 -0.00134284 -0.00271057 0.00326211 0.169606 -0.00405212 0.000350366 -0.00235234 -0.000353822 -0.00512838 -0.00553966 -0.00585341 -0.00805018 -0.00420478 -0.00703282 0.00135677 -0.00630805 -0.00372153 0.00121361 -0.000932942 -0.00468828 -0.005004 -0.00184505 -0.00179348 -0.00394618 -0.00318404 0.000329631 -0.00247057 -0.00228356 -0.00173024 -0.00215459 -0.00340098 -0.000313358 -0.0027239 -0.00383669 -0.00133784 -0.00343971 -0.00185424 -0.00249155 -0.000369249 -0.00141803 -0.00248074 -0.00160293 3.63387e-05 -0.00214133 -0.00222976 -0.000986428 -6.21474e-05 -0.00163265 -0.00159139 -0.000846729 -0.00238536 -0.00119988 -0.000773135 -0.00196496 7.7897e-06 -0.00286873 -0.00079133 -0.000682682 -0.00258903 -0.000550816 -0.00150688 0.001075 -0.00194547 -0.00118115 3.5681e-05 -0.000461467 0.000338496 -0.00248173 -0.000904852 -0.000936058 -0.00150278 -0.000701745 -0.000713462 -0.00345303 0.00103628 -0.00214684 -0.00207513 -0.000938398 -0.00181549 -0.00211244 -0.00112825 -0.000726951 -0.00117121 -0.00115872 -0.00156267 0.000877823 -0.00237896 0.000132316 -0.000278968 -0.00102407 -0.000570419 -0.00267259 
-0.00270901 -0.000740275 -0.000599523 -0.000327652 -0.0036622 -0.00269841 -0.00197232 0.00161425 -0.000430508 3.42829e-05 0.000840221 -0.00405212 0.182344 0.00153147 -0.000560789 -0.00524932 0.00139265 -0.00245347 -0.000912052 -0.00799615 -0.00389986 -0.00680496 -0.00392717 -0.00133851 -0.00634413 -0.00517375 -0.00500194 -0.00887254 -0.00265742 -0.00415616 -0.00422774 -0.00259185 -0.00106758 -0.00412442 -0.000624786 -0.00194713 -0.00221864 -0.000695625 -0.000930395 -0.00105205 -0.00337375 -0.00270284 -0.00266434 -0.00256376 -0.00117196 -0.00197627 -0.00224408 -0.0022425 -4.32741e-05 -0.00126503 -0.000342808 -0.00118384 -0.000985987 -0.00329831 -0.0023553 -0.000551236 -0.0021518 0.000408773 -0.00266701 -0.00199195 -0.00201169 -0.0020574 -0.00233134 0.000497992 -0.00233618 -0.00132781 -0.00223169 -0.00157557 0.000712309 -0.00113083 -0.000795269 0.000271348 -0.0019392 -0.00267553 -0.0014692 -0.00134679 -0.00133191 -0.000709696 -0.000843366 -2.93647e-05 -0.00161578 -0.00152361 -0.000588658 -0.00183294 0.000961514 -0.00161827 -0.00111158 -0.00191624 -0.00217769 -0.00279273 -0.000399051 -0.000432649 -0.00135755 -0.00131917 -0.00153107 -0.00118781 -0.0037566 0.000114426 -0.0012439 -0.00037847 
-0.00166676 -0.00211949 -0.00102133 -0.0016459 -0.00281708 -0.00311996 -0.0038237 -0.00040975 -0.000705373 0.00490495 -0.00493021 0.000350366 0.00153147 0.204742 -0.00135267 0.00205406 -0.000282798 0.00132565 -0.00331731 -0.007531 -0.00862172 -0.0074801 -0.00331398 -0.0101457 -0.0112411 -0.0107305 -0.000496182 -0.00473659 -0.000102064 -0.00522463 -0.00202299 -0.00255527 -0.00220582 -0.0011634 -0.00219437 -0.00573824 -0.00372936 -0.0018693 0.000556983 -0.00190023 -0.0030193 -0.00351267 -0.00206239 -0.00175794 -0.0009155 -0.00388707 -0.00116926 -0.00211085 -0.00124261 -0.00191833 -0.0016468 -0.00269364 -0.000329333 -0.00169114 -0.00184708 -0.000474061 -0.00112274 -2.06509e-05 -0.00210146 -0.00086643 -0.00191845 -0.001229 -0.00145495 -0.0025471 -0.00164037 -0.00162914 -0.00205957 -0.00334662 -0.000259584 0.000599305 -0.00105513 -0.000712387 -0.00318568 -0.00156135 -0.00179133 -0.00246248 -0.00140362 -0.00204031 -0.00139833 -0.00115019 -0.000975347 -0.00278906 -0.00283181 -0.00119285 -0.00192014 -0.000941513 -0.00154602 -0.00282322 -0.00203487 -0.00281529 -0.00279079 -0.00136495 -0.00100024 -0.0007778 -0.000992159 -0.00353731 0.000183353 0.000898152 -8.67975e-05 0.000723938 
-0.00199007 -0.00230587 -0.00232517 -0.000972665 -3.00128e-05 -0.00108302 -0.00193962 -0.00459381 0.000124774 -0.00386322 -0.000148594 -0.00235234 -0.000560789 -0.00135267 0.205145 -0.00331396 -0.00830258 -0.00144765 -0.0019946 -0.0053684 -0.000806828 -0.00370257 -0.00532602 -0.00519807 -0.0135838 -0.0112469 -0.00366429 -0.00316553 -0.00421077 -0.00283198 -0.00975728 -0.00253287 -0.000362304 -0.001277 -0.000892002 -0.00346917 -0.00244099 -0.00164408 -0.000183466 -0.00304477 -0.0010274 -0.00175155 -0.00132228 -0.00139842 -0.00210685 -0.00165556 -0.00105919 -0.00402575 -0.00397129 0.000308773 -0.000692087 -0.00144413 0.000425864 -0.00164389 -0.000400798 -0.00112393 0.000791299 -0.00182225 -0.00119369 -0.000351927 -0.00180321 -0.00212744 -0.00106387 -0.000417318 -0.000753923 -0.00185126 -0.00197511 -0.00366087 4.01726e-05 -0.00320069 -0.000611314 -0.00210653 -0.00159214 0.0014318 -0.00281848 -0.00251586 0.000112384 2.69686e-05 -0.0018197 8.59267e-05 -0.00111753 -0.000642098 -0.0018053 -0.00105896 -0.00217834 0.000208346 -0.0024765 -0.00123838 -0.000248692 -0.00276419 0.000594356 0.00108502 -0.0031841 -0.00304289 -0.00301768 -0.000321015 -0.00127279 -0.0014799 -0.00265077 -0.00328696 
-0.000473392 -0.000879587 -0.0017307 -0.00155608 0.00019177 -0.00182361 0.000468098 -0.00216479 -0.000828705 -0.00188431 -0.00451845 -0.000353822 -0.00524932 0.00205406 -0.00331396 0.234932 0.00331281 -0.00887115 -0.00417796 -0.00606851 -0.00817966 -0.0151169 -0.00374882 -0.00317173 -0.00105624 -0.0100995 -0.00942673 -0.00242979 -0.00301233 -0.00593162 -0.0034665 -0.00497635 -0.00490045 -0.00390423 -0.00186548 -0.00150959 -0.00354719 -0.00147638 -0.00119966 -0.00191337 -0.000822843 -0.00213633 -0.00144417 -0.00126767 -0.00348747 -0.00260731 -0.00162755 -0.00358524 -0.00250138 -0.00236409 -0.00119756 -0.00287658 -0.00337031 0.000203368 -0.0030125 -0.0031409 -0.00200007 -0.00211297 -0.00185211 -0.00240553 -0.000356765 -0.000821613 -0.00166995 -0.00486001 -0.00372714 -0.00178951 0.00116097 0.00160272 -0.0016717 -0.00311935 -0.0015173 -0.00252528 -0.00254005 -0.00154748 -0.000845685 -0.00301393 -0.00210242 -0.00288583 -0.000794689 -0.0014106 -0.00275268 -0.00304448 -0.00191849 -0.00146021 0.000250298 -0.00260615 -0.00119977 -7.9122e-05 -0.0014507 0.000148946 -0.00140872 -0.00279263 -0.00242083 -0.00216318 -0.00100838 -0.00196645 -0.000738296 -1.24711e-05 -0.00017843 -0.00128485 
-0.00122016 -0.00164881 -0.00279618 -0.00223932 -0.00129925 -0.00231618 -0.000394389 -0.00335562 -0.00398813 -0.000979674 -0.00521003 -0.00512838 0.00139265 -0.000282798 -0.00830258 0.00331281 0.24882 -0.00548576 -0.00819254 -0.00191384 -0.00675537 0.00300307 -0.00766153 -0.00421194 -0.00576265 0.000434673 -0.0148349 -0.00352062 -0.00639398 -0.000380814 -0.00284632 -0.0064818 -0.00412179 -0.00395005 -0.00142794 -0.00386174 -0.000762433 -0.00104745 -0.00288906 -0.000973605 -0.00223152 -0.00273449 -0.00210494 -0.00124774 -0.0034754 -0.000570175 -0.00428259 0.000228192 0.00111325 -0.00325576 -0.00224513 -0.0033561 0.000396246 -0.00298841 -0.00221167 -0.00377481 -0.00234997 -0.00333332 -0.0030478 -0.00246263 0.000327278 -0.00239961 -0.00394793 0.00156876 -0.00196937 -0.00200586 -0.0021305 -0.00242689 -0.00242134 -0.00179846 -0.00221895 -0.00111008 -0.00569113 -0.00115423 -0.00058772 -0.00262131 -0.00290262 -0.00104028 -0.00188298 -0.000958569 -0.00483127 -0.00355899 -0.000695977 -0.000921639 -0.0035278 -0.00381099 -0.000786873 -0.00055977 -0.00270623 -0.00109785 -0.000921166 -0.00493274 -0.00141346 -0.00176877 -0.0023712 0.000289184 -0.00355897 -0.00256884 -0.000204633 -0.00307135 
-0.00164811 -0.00342497 -0.00225137 -0.00169863 -0.00285337 -0.000142761 -0.00347311 -0.00532661 -0.00489159 -0.00659429 -0.0110195 -0.00553966 -0.00245347 0.00132565 -0.00144765 -0.00887115 -0.00548576 0.249968 -0.00386742 0.0019026 -0.00229855 0.00215065 0.00033389 -0.00323299 -0.00915709 -0.00529198 -0.00209162 -0.00111012 -0.00327997 -0.00212548 -0.00769517 -0.0014727 -0.00883406 -0.00489393 0.000312714 -0.0043479 -0.000434623 -0.0033683 0.000901241 -0.00264639 -0.00307065 -0.00209011 -0.0032806 -0.00149973 -0.00170911 -0.00502714 -0.00410112 -0.0012383 -0.00282854 -0.00326116 -0.00245312 -0.00309869 -0.00287587 0.000182517 0.000496401 -0.00323292 -0.00244613 6.00237e-05 -0.000257147 -0.00479482 -0.00381183 -0.000126395 -0.00326391 -0.00171625 -0.000158123 0.000426497 -0.00351677 -0.00117872 -0.0024933 0.000106005 -0.00170305 0.00221391 -0.0012976 -0.00202877 -0.00450443 -0.00131367 -5.44396e-05 -0.00137182 -0.00149633 -0.00466254 0.000221447 -0.00221007 -0.00225615 -0.000403037 -0.00171541 -0.000832495 -0.00351955 -0.00155081 -0.00195567 -0.00339628 -0.00290926 -0.00451657 -0.00191929 -0.000991515 -0.00175855 -0.000612983 -0.0046831 -0.00456707 -0.00289157 -0.00267891 
-0.00174646 -0.000403119 -0.00428207 -0.00355386 -0.00333627 -0.0035914 -0.00299977 -0.00219081 -0.00527807 -0.00121841 -0.00939576 -0.00585341 -0.000912052 -0.00331731 -0.0019946 -0.00417796 -0.00819254 -0.00386742 0.249952 0.00880303 -0.00393818 0.00176684 -0.00788321 -0.0101429 -0.00782077 -0.00801722 -0.00255817 -0.00429164 -0.00395881 -0.00827835 -0.00169639 -0.0058655 -0.000597264 -0.00442269 0.00109056 -0.0010491 -0.000461524 -0.00128494 3.79546e-05 -0.00170146 -0.0047363 -0.00167302 -0.00395695 -0.00374149 -8.14771e-05 -0.00194884 0.000135032 -0.000854396 0.00202811 -0.0021497 -0.00248096 -0.00140519 -0.00391381 -0.00190037 -0.00517587 -0.00239368 -0.00230537 -0.00180769 -0.00153338 -0.00248027 -0.0022697 -0.00231622 -0.00056336 -0.00383927 -0.00322683 -0.00404593 0.00126056 -0.00216713 -0.00265651 -0.00405723 -0.00372048 -0.00186895 -0.00132754 -2.20335e-05 1.98703e-05 -0.0021154 -0.00341226 -0.000643692 -0.00239161 -0.00172345 0.00186517 -0.00115649 -0.00412484 -0.00150316 -0.00252939 -0.000260316 -0.00311592 -0.00350684 -0.000730663 -0.00313135 -0.00176713 -0.0010788 -0.00225679 -0.0028802 0.000193938 -0.00143115 -0.00257826 -0.00224276 -0.00406053 -0.0016126 
-0.00208033 -0.00236381 -0.0025737 -0.00119383 -0.00353587 -0.00596236 -0.00324216 -0.0010286 -0.00352313 -0.000452155 -0.00559011 -0.00805018 -0.00799615 -0.007531 -0.0053684 -0.00606851 -0.00191384 0.0019026 0.00880303 0.249985 -0.00045034 -0.000293279 -0.00613831 -0.00593172 -0.00751931 -0.0128186 -0.0101605 -0.0114787 -0.0112501 0.000287925 -0.00167161 -0.00584835 -0.00254466 -0.00114794 -0.0019563 -0.000748412 0.00117512 -0.00223683 -0.00216328 -0.000634 -3.56241e-05 -0.000715508 -0.00205717 -0.00165509 -0.000886565 -0.00164744 0.00123706 -0.00215025 -0.00319034 -0.00192331 -0.00271101 -0.000214185 -0.00331959 -0.00151249 -0.00167997 -0.00116 -0.00302136 -0.00205056 -0.00101583 -0.00122159 -0.0026754 -0.00202321 -0.00410813 -0.00175152 -0.00198313 -0.00151059 -0.00108441 -0.00236499 -0.00129828 -0.001649 -0.00182372 -0.00567984 -0.00137635 -0.00350514 -0.00191685 -0.00121513 -0.00301948 0.000836955 -0.0032467 -0.002932 -0.00256917 -0.00208732 -0.00157731 5.56073e-05 -0.00160324 -0.000758438 -0.00252341 -0.000248951 -0.00451451 -0.00105044 -0.00231528 -0.00176398 -0.00109464 -0.00135951 -0.00236832 -0.00227963 -0.00170185 -0.00015734 -0.00159877 -0.00191325 
-0.00407061 -0.000966996 -0.00212863 -0.000294426 -0.00373428 -0.00458539 -0.00342814 -0.0030754 -0.00722581 -0.00366987 -0.00167177 -0.00420478 -0.00389986 -0.00862172 -0.000806828 -0.00817966 -0.00675537 -0.00229855 -0.00393818 -0.00045034 0.249997 0.000331685 0.000725692 -0.0183651 -0.00213789 -0.00356029 -0.00635375 -0.00628334 -0.00510495 -0.00283474 -0.00180861 -0.00110641 -0.00308298 -0.00246946 -0.00360047 -0.00261862 -0.00149585 -0.0038742 -0.0037174 -0.00135529 -0.00257092 -0.00194715 -0.00263023 -0.002382 -0.00146162 -0.00169661 0.00127867 -0.00334937 -0.00160559 -0.000796471 -0.00212041 -0.00267785 -0.00331655 -0.000559264 -0.00257265 -0.000845295 -0.00345968 0.000750868 -0.0031249 -0.00130994 -0.000614311 -0.00149391 -0.000589675 -0.00265765 -0.00179687 -0.00231212 -0.000843641 -0.0024923 -0.000408012 -0.00280485 -0.00157235 -0.00170966 -0.000304772 -0.00320174 0.000296423 -0.00140798 -0.00248599 -0.000520572 -0.00343508 -0.00185836 -0.00325709 -0.00213513 -0.0011837 -0.00207584 -0.000909764 -0.00348673 -0.00110467 -0.00170297 -0.000498451 -0.00174348 -0.00117009 0.00022156 -0.00190107 -0.00401168 -0.00368331 -0.00155705 -0.00288555 -0.00291175 -0.00177013 -0.000900935 
-0.00284602 -0.00115558 -0.00127439 -0.00159962 -0.00317162 -0.000314594 -0.00355698 -0.00408331 -0.00425384 -0.00146302 -0.00387909 -0.00703282 -0.00680496 -0.0074801 -0.00370257 -0.0151169 0.00300307 0.00215065 0.00176684 -0.000293279 0.000331685 0.24997 -0.00852267 -0.0078906 0.0003413 0.00187765 -0.0106643 -0.00467551 -0.00917491 -0.00505412 -0.00648176 -0.00723443 -0.00298467 -0.00265724 -0.00212465 -0.00285057 0.00142459 -0.000728482 -0.00166738 -0.0023844 -0.00405254 -0.00292599 -0.00225642 -6.55299e-05 -0.000545967 -0.00126495 -0.00309241 -0.00177326 -0.00459902 -0.0017665 -0.00181607 -0.00168663 -0.000727544 -0.00267003 -0.000531351 -0.000810994 -0.00191465 -0.00267623 -0.00151312 0.00272427 -0.00426142 -0.000436201 -0.00114477 -0.000905476 -0.000435651 -9.83578e-05 -0.00223778 0.00108686 -0.00276427 -0.004177 -0.000782475 -0.00262772 -0.00207726 -0.00586851 -0.00308727 -0.00154885 -0.00141302 -0.00161444 -0.000185916 -0.00285864 -0.00152151 -0.000658563 -0.000989738 -0.00213864 -0.00180937 -0.00254108 -0.00388408 -0.000643771 -0.0042386 -0.0027661 -0.00126456 -0.0018657 -0.00211151 -0.00506689 -0.00140769 -0.00250924 -0.00230848 -0.00253305 -0.00264213 -0.00343735 
-0.00317391 0.000401443 -0.00394027 -0.00571667 -0.00307741 -0.00490076 -0.00409677 -4.42211e-05 -0.00505186 -0.00818318 3.00235e-05 0.00135677 -0.00392717 -0.00331398 -0.00532602 -0.00374882 -0.00766153 0.00033389 -0.00788321 -0.00613831 0.000725692 -0.00852267 0.24959 -0.0014121 -0.00105628 0.00123347 0.00308967 -0.00446067 -0.00114814 -0.00049679 -0.00565504 -0.00527361 -0.00399983 -0.00275704 -0.00434562 -0.00431048 -0.0011721 -0.00418742 -0.0033527 -0.000750916 -0.00214095 0.00039341 -0.000282029 0.000864662 0.000703068 -0.00525051 -0.00207851 -0.000737806 -0.00438085 -0.00278302 -0.00147186 -0.00369372 -0.00190202 -0.00156105 -0.00492175 -0.00333768 -0.00315432 -8.12398e-06 -0.00268722 -0.00218311 -0.000917109 -0.00256926 -0.00212459 -0.000539732 -0.00490444 -0.000829773 -0.00555 -0.000961807 0.000735849 -0.0034755 -0.00136872 -0.00230757 -0.00227895 -0.00412533 -0.00176806 -0.00343718 -0.00421038 -0.0021435 -0.00213647 4.16568e-05 -0.00217295 -0.00382285 -0.00227654 -0.00144876 -0.00421656 -0.00185471 -0.00129557 -0.00197435 -0.00326127 -0.00270577 -0.00155627 -0.00390809 -0.000983252 0.000500097 0.000193722 -0.00292744 0.00123121 -0.00314529 -0.00384118 -0.00272502 
-0.000909638 -0.00179766 -0.00109501 -0.00135495 0.000603762 -0.00219736 -0.00308604 -0.00877095 -0.00256552 -0.00428178 -0.00642635 -0.00630805 -0.00133851 -0.0101457 -0.00519807 -0.00317173 -0.00421194 -0.00323299 -0.0101429 -0.00593172 -0.0183651 -0.0078906 -0.0014121 0.241976 -0.000441005 -0.000679258 -0.00223053 -0.00845511 -0.00762796 -0.00268947 0.00292974 0.000132744 -0.00400171 -0.00299038 -0.00217572 -0.00171437 -0.00250164 -0.00164831 -0.00385219 -0.00373705 -0.00309523 -0.00276698 0.000868169 -0.00140251 -0.00162761 0.00219029 -0.0050547 -0.00104212 -0.00197115 0.000975824 -0.000175102 0.000596002 -0.0012557 -0.00204574 -0.00229962 -0.00205641 -0.00104904 -0.00377924 -0.0021973 -0.00287425 -0.00223585 -0.000689655 -0.00213768 -0.00431172 -0.0023411 -0.00305372 -0.00116757 -0.00200631 0.000590897 -0.00313565 -0.00144904 -0.00078928 -0.00405342 -0.00250469 -0.00196916 -0.000255994 -0.00179545 -0.00139871 4.27852e-05 -0.000374886 -0.00378859 -0.00123913 -0.00121397 -0.000709515 -0.00184208 -0.00202387 -0.00171384 -0.000138264 0.000153831 -0.00178574 -0.00162183 0.000446788 -0.000206905 -0.0020062 -0.00239398 -5.86887e-05 -0.00230176 -0.00243416 -0.00221489 0.00112896 
-0.00364854 -0.000961855 -0.00219861 -0.00336503 0.000270672 -6.83103e-05 -0.0028766 -9.7284e-05 -0.00420845 -0.00667059 -0.00232018 -0.00372153 -0.00634413 -0.0112411 -0.0135838 -0.00105624 -0.00576265 -0.00915709 -0.00782077 -0.00751931 -0.00213789 0.0003413 -0.00105628 -0.000441005 0.244991 -0.00773374 -0.0108769 0.00343151 0.00263911 -0.00761669 -0.00459847 -0.00233962 -0.00368708 -0.00104011 -0.00472151 0.000140011 -0.00157293 -0.00356812 -0.00290947 -0.00415586 -0.00302177 0.00116425 -0.00248403 -0.0011958 0.000404312 -0.00145296 -0.00197022 -0.00124286 -0.00212914 -0.00254077 -0.0021266 -0.00203898 -0.00107623 -0.00321864 -0.000717786 -0.00152392 -0.00259364 -0.00206249 -0.002278 -0.00221863 -0.000267697 -0.00374255 -0.00202919 -0.00205499 -4.14633e-05 -0.000635758 -0.00014364 -0.000548857 -0.00314351 0.000166525 0.000736211 -0.00336104 -0.00225452 -0.00291772 -0.00227364 -0.00124113 -0.00500454 -0.0042905 -0.0014854 -0.00253819 -0.00234154 -0.00112209 -0.00328026 -0.00114774 -6.53604e-05 -0.00215472 -0.00369389 -0.00152945 -0.00187295 0.000251777 -0.00267512 -0.00371682 -0.00310014 -0.000224866 0.000672199 -0.00115296 0.000222972 -0.00248981 -0.00141715 0.00149746 
-0.00173435 -0.00357354 -0.000536125 -0.00240769 -0.00126458 0.000934456 -0.00123287 -0.00357502 -0.00353994 -0.00368105 -0.00187335 0.00121361 -0.00517375 -0.0107305 -0.0112469 -0.0100995 0.000434673 -0.00529198 -0.00801722 -0.0128186 -0.00356029 0.00187765 0.00123347 -0.000679258 -0.00773374 0.242107 -0.00191033 -0.000505377 0.000636102 -0.00130697 -0.00255065 -0.00179974 -0.00195668 -0.00272048 -0.00397984 -0.00119236 -0.00232914 -0.00464385 -0.0025015 -0.00373637 0.0010806 -0.0011373 -0.00133665 -0.00345796 -0.00095544 -0.00205121 -0.00315375 -0.0043618 -0.000170719 -0.0014051 -0.00177184 -0.00253269 -0.00196918 -0.00116935 -0.00213969 -0.00437456 -0.00187566 -0.000886531 -0.00433669 -0.000309807 -0.000719134 0.000113966 -0.0012096 -0.0007134 -0.00120922 -0.00140832 -0.00302298 -0.00286528 -0.00192358 0.000766965 -0.00229029 -0.00372893 -0.000117484 -0.00311324 -0.001877 -0.00417334 -0.000671138 -0.000244274 -0.00160452 -0.00193052 -0.00108398 -0.00488373 -0.00243772 -0.0019337 -0.00132013 -0.00166151 -4.92232e-06 -0.00415635 -0.00333532 -0.00475227 -0.00464943 -0.0029699 -0.00144706 -0.000700941 -0.00377358 -0.00106906 -0.00280538 -0.00114849 -0.000853124 -0.00328989 
-0.00298576 -0.00224018 -0.000206673 -0.00229287 -0.000552393 -0.00407113 -0.00198746 -0.00355383 -0.00310046 0.000955455 -0.00201121 -0.000932942 -0.00500194 -0.000496182 -0.00366429 -0.00942673 -0.0148349 -0.00209162 -0.00255817 -0.0101605 -0.00635375 -0.0106643 0.00308967 -0.00223053 -0.0108769 -0.00191033 0.231275 -0.00602526 0.00104175 -0.00979172 -0.00327133 0.000525356 0.000611471 -0.000405005 -0.0040679 -0.00506727 -0.00279265 -0.00285475 -0.0015881 -0.00185421 -0.0034874 -0.00224571 8.52604e-05 -0.00414479 -0.00149921 -0.000630827 0.000248892 -0.00129485 0.00229517 -0.000625322 -0.00291123 -0.00144346 -0.0030769 -0.00152885 -0.00183003 9.35631e-05 -0.00134194 -0.00256922 -0.000389708 -0.00153591 -0.00128242 -0.0018971 -0.00318319 -0.00089379 -0.00205923 -0.000974864 -0.00362712 -0.00152808 -0.00360227 -0.00127751 -0.00272588 -0.000145329 -0.00176982 0.000529856 -0.00240573 0.000709034 -0.00146055 -0.0036644 -0.00170169 -0.00300683 -0.0012654 0.00116938 -0.00207564 -0.00178569 -0.00139418 -0.00179319 -0.00180718 -0.00176286 -0.00112155 -0.00223586 -0.00142062 0.000115249 -0.00196997 -0.00174866 -0.00310916 -0.00132864 -0.00207143 -0.00160921 -0.00211138 -0.0024504 
-0.000433066 -0.00172492 -0.00275352 -0.000341823 0.00146413 -0.000391913 -0.00089689 -0.0024961 0.00206942 -0.00189749 -0.00644072 -0.00468828 -0.00887254 -0.00473659 -0.00316553 -0.00242979 -0.00352062 -0.00111012 -0.00429164 -0.0114787 -0.00628334 -0.00467551 -0.00446067 -0.00845511 0.00343151 -0.000505377 -0.00602526 0.209813 -0.000877416 -0.00042515 -0.00400389 -0.00052539 -0.00119941 0.00145007 -0.00274535 -0.00166777 -0.000670542 -0.00160267 -0.00224835 -0.00390043 0.00241612 -0.000480565 -0.00163959 -0.00121235 -0.00119678 -0.00269269 -0.00197126 -0.00122467 -0.00230247 -0.00193921 -0.00146221 -0.00331664 -0.00151233 -0.000464388 -0.000660145 -0.00198879 -0.00115808 -0.00357978 -0.00104907 -0.0039868 -0.00161621 -0.00350938 -0.000557118 -0.00103995 -0.00103041 0.00152858 -0.00175392 -0.00234827 -0.0021432 -0.00243559 -0.00172925 -0.00284352 -0.00278668 -0.00260273 -0.00150272 -0.000676457 -0.00254603 -0.00314669 -0.00308222 -0.00172468 -0.00280836 -0.00105766 -0.00177692 -0.00141079 -0.00288384 0.000570029 -0.000792869 -0.00252419 -0.00130799 -0.00177308 -0.00288802 -0.00300233 -0.00299892 -0.000713657 -0.00194452 -0.00138987 -0.000803477 -0.00223081 -0.00290169 -0.00267916 
-0.000532071 -0.00243429 -0.00116218 -0.00252212 -0.000964454 -0.00148809 -0.000787445 -0.00276887 -0.00109707 0.000997523 -0.00192395 -0.005004 -0.00265742 -0.000102064 -0.00421077 -0.00301233 -0.00639398 -0.00327997 -0.00395881 -0.0112501 -0.00510495 -0.00917491 -0.00114814 -0.00762796 0.00263911 0.000636102 0.00104175 -0.000877416 0.188383 -0.000573303 -0.00413645 -0.000950369 -0.00137911 0.000118576 -0.000631376 -0.00411082 -0.00173662 -0.00327425 -0.00289268 -0.00128558 -2.10744e-05 0.000620105 -0.000961072 -0.00111025 -0.00234015 -0.0023253 -0.00190075 -0.00159836 -0.00222894 -0.00163131 -0.000111532 -0.00318371 0.00212209 -0.00179833 -0.00122015 -6.88163e-05 8.65166e-05 -0.00177282 -0.00129964 -0.00218731 -0.00178675 -0.00294131 -0.00224353 -0.00382612 -0.00172497 -0.00168266 -0.00265649 -0.00242016 -0.0026714 -0.00259788 -0.00279121 -0.00368949 -0.00146942 -0.00179051 -0.00345248 -0.00358563 0.000779556 -0.00201335 -0.00107146 -0.00122839 -0.00133864 -0.00189244 -0.00158568 -0.00131038 -0.000113661 -0.0017879 -0.000536698 -0.00153723 -0.00232355 0.000199672 -0.000547265 -0.00213415 -0.00246034 -0.00135652 -0.00123629 -0.00144731 0.000238522 -0.00219538 -0.00100147 -0.00120124 
-0.00166806 -0.000512741 -0.00117546 -0.00161953 -0.000389424 -0.00241399 -0.00255953 -0.0038964 -0.00132515 -0.00431127 -0.00326817 -0.00184505 -0.00415616 -0.00522463 -0.00283198 -0.00593162 -0.000380814 -0.00212548 -0.00827835 0.000287925 -0.00283474 -0.00505412 -0.00049679 -0.00268947 -0.00761669 -0.00130697 -0.00979172 -0.00042515 -0.000573303 0.159561 0.00127222 0.00130032 0.000519098 0.000497491 -9.90496e-06 -0.000962996 -0.00145362 0.000568109 -0.00212849 -0.000499118 -0.00171544 -0.000527341 -0.00124803 -0.00103241 -0.00269803 -0.00154376 -0.0015664 -0.00116622 -0.00133566 -0.00189334 -0.000601771 -0.00164108 -0.00206432 0.000571637 -0.00155882 -0.00173723 -0.000476084 -0.0011338 -0.000477849 -0.00231599 -0.00202241 0.000122387 -0.00110992 -0.000987305 -0.000608208 -0.00160055 -0.00137504 -0.00196979 -0.00140431 -0.00155777 -0.00120488 -0.00136158 -0.000245712 -0.000477503 -0.0015093 -0.0011941 -8.09771e-05 0.00180703 -0.000233974 -0.00137451 -0.00199559 -0.00216903 -0.000620912 -0.00120672 -0.00306026 -0.00269945 -0.00225964 0.000140506 -0.0013632 -0.00137715 -0.00148948 -0.00372782 -0.000523678 -0.00193513 -0.000933623 -0.00137697 -0.00074442 -0.000603219 -0.000902238 -0.000850398 
-0.00244705 -0.00115967 -0.000633691 -0.000515107 -0.00156203 -0.00199098 -0.00209036 -0.000579609 -0.00157802 -0.00200727 -0.00285661 -0.00179348 -0.00422774 -0.00202299 -0.00975728 -0.0034665 -0.00284632 -0.00769517 -0.00169639 -0.00167161 -0.00180861 -0.00648176 -0.00565504 0.00292974 -0.00459847 -0.00255065 -0.00327133 -0.00400389 -0.00413645 0.00127222 0.154878 0.00053968 -0.00255924 -0.00179946 -0.000178479 0.000276488 -0.00184287 -0.000804852 -0.000866516 -0.000591505 -0.000297094 -0.00161789 -0.0013546 -0.0036816 -0.000444962 -0.00149338 -7.66319e-05 -0.000542569 -0.00153561 -0.000476347 0.000365984 -0.00132329 -0.0022716 -0.00145837 -0.00169189 -0.000107169 0.000306129 -0.00311859 -0.000182037 -0.00205027 -0.00125232 -1.71124e-06 -0.000187205 -0.00231122 -0.00159838 -0.00102345 -0.00113651 -0.00135759 -0.0013168 -0.000339053 -0.00172918 -0.00194875 1.59049e-05 -0.000846064 -0.000335731 -0.000610802 -0.0017774 -0.00185944 -0.00133577 -0.00196409 0.000758881 -0.00160269 0.000646502 6.93726e-05 -0.00162864 -0.00282504 -0.00216183 -0.000900844 -0.00270718 -0.00188677 -0.00155323 -0.00176647 -0.000519613 -0.00235857 0.000374496 -0.00137628 -0.00137615 -0.000426063 0.00129539 -0.000237092 
-0.00134556 -0.00230714 -0.000118311 -0.000420816 -0.00129894 -0.0028081 -0.00105636 -0.00246574 -0.00142713 -0.00112219 -0.00265102 -0.00394618 -0.00259185 -0.00255527 -0.00253287 -0.00497635 -0.0064818 -0.0014727 -0.0058655 -0.00584835 -0.00110641 -0.00723443 -0.00527361 0.000132744 -0.00233962 -0.00179974 0.000525356 -0.00052539 -0.000950369 0.00130032 0.00053968 0.137568 0.001302 -0.0011365 -0.000558559 0.000827541 0.000172408 -0.000809955 -0.00136317 -0.00130498 -0.000204065 -0.00111118 -0.00206635 -0.00158948 -0.00253521 -0.000640587 -0.00246575 -0.000954809 -0.00197741 -0.00214981 -0.000789339 -1.34077e-05 -1.53567e-05 -0.00129416 -0.000278929 -0.00119638 -0.00160285 -0.00250299 -3.96654e-05 -0.00107572 -0.0016265 -0.000161395 -0.00124653 -0.00163439 -0.000419882 -0.00122032 -3.81782e-05 3.265e-05 8.40918e-05 -0.00055334 -0.0010734 -0.00256934 -0.00129553 -0.00069004 -0.0019154 0.000565671 -0.0018992 -0.00141317 -0.00104033 -0.00169417 0.000452443 -0.000850297 -0.00105216 -0.00188999 -0.00169089 -0.000982538 -0.00131187 -0.00125307 -0.000308077 -0.00163675 -0.000213382 -0.000862999 -0.00107785 -0.00126328 -0.00137234 -0.000154565 -0.00205045 -0.000445509 -0.000486644 -0.0019108 
