0.0819695 -0.000610638 0.000637235 -0.000410204 -8.3388e-05 -0.000129362 -0.00110547 -0.00101208 -0.000177868 -0.00107532 -0.00032648 -0.000783531 -0.00231595 -0.00238708 -0.00312884 6.44356e-07 -0.00141351 -0.000958057 -0.00319408 -0.00455469 -0.000255047 -0.00101825 -0.00247208 0.00061682 -0.0025779 -0.00305648 -0.000544179 -0.00228957 -0.00180229 -0.000925456 -0.000687781 -0.00115055 -0.000599146 -0.00027912 -0.00128315 -0.000729591 -0.00115527 -0.000781927 -0.000737829 -0.00123618 -0.000285325 7.80935e-05 -0.000363397 -0.000937378 -0.000589247 -0.000330721 -0.00034287 -0.000456746 -0.000614374 -0.00067894 -0.000770832 -0.000470124 -0.000307034 -0.00101571 -0.000695205 -0.000425769 -0.00042722 -0.000590962 -0.00138415 -0.00107815 -0.00023544 -0.00104028 -0.000968424 -0.00122788 -0.00104768 -0.00204956 -0.00135985 -9.46205e-05 -0.000459871 -0.00094356 -0.000826326 -0.000337946 -0.000618137 -0.000925817 -0.000325554 -0.000397006 0.000331976 -0.000356078 -0.000239264 -0.000160217 -0.000760036 -0.000791031 -0.000498323 -0.00113264 -0.000425499 -0.000171809 -0.000956259 -0.00113119 -0.00111018 -0.00027941 -0.00121187 -5.97505e-05 -0.00109707 -0.000458628 -0.000380668 0.000271777 -0.000391321 -0.000257247 -1.42414e-05 -0.000152862 
-0.000610638 0.0751994 -0.000330261 -0.000693479 -0.00134684 -0.000284343 -0.000165438 -0.000216158 -0.0014909 -0.000770279 -0.00127274 -0.000720745 -0.00185778 -0.00282867 -0.000557115 -0.00043806 -0.00289489 -0.00282947 7.89131e-05 -0.00272109 -0.00149578 -0.00409066 -0.000494966 -0.00222465 0.00041344 -0.00235897 -0.00154368 -0.00186576 -0.00126822 -0.00217465 -0.00134532 -0.000668005 -9.42872e-05 -0.000724681 -0.00170824 -0.000291075 -0.000757481 -0.00107496 -0.000888419 -0.000503091 -0.000420063 -0.000490323 -0.000206653 -0.000888469 -0.000408428 -0.000421283 -0.00128479 -7.37023e-05 -0.000157574 -0.000520914 -0.00143337 0.000186398 -0.000516259 -0.000460757 -0.000710502 -0.000673004 -0.000389173 -0.000620027 -0.000700391 -0.000235081 6.66517e-05 0.000400993 -0.00018701 -0.00057638 -0.000511941 -0.000629525 -0.000815086 -0.000532918 -0.000990725 -0.000218894 -0.000139891 -0.000418755 -0.00109716 -0.000792964 -0.000532925 -0.00043549 -0.000926243 -0.00025715 -0.000766832 -0.000550413 -0.000335534 -0.000274644 -0.000488484 -0.000288641 -0.000862573 -0.000146198 -0.000972234 -0.000207266 -0.000829603 0.000774684 -0.000438062 -0.000523519 -0.000417239 -0.000852409 -0.00078833 -0.000535253 -0.000399456 0.000175267 -0.000490083 0.000146601 
0.000637235 -0.000330261 0.0949401 -0.000753493 -0.000410188 -5.11184e-05 -0.000709591 -0.00114252 -0.000158211 -0.000846677 0.00100464 7.49643e-05 -0.00141539 -0.00229103 3.29936e-05 -0.0041174 -0.00561186 -0.00160495 -0.00103914 -0.00384379 -0.00319648 -0.00322242 -0.00438316 -0.00103536 -0.00126419 -0.00210435 -0.00329208 -0.00467161 -0.00148168 -0.00261958 -0.00220435 -0.00238388 -0.00146723 -0.00164534 -0.00126126 -0.000790621 -0.000450356 -0.00136385 0.000952161 0.000363605 -0.000522949 -0.000185242 -0.000897545 -0.00118543 0.000215668 -0.000869226 -0.001486 -3.7217e-05 0.000505821 -0.00033229 -0.0012018 -0.000508365 -0.00144957 -0.000721312 -0.00045483 -0.000413263 -0.00176869 -0.00085141 -0.000254091 0.000107333 -0.000449168 -0.000603547 -0.000681018 -0.000410102 -0.00143385 -0.00138484 -0.00171255 -0.000982214 -0.00102527 -0.00101128 -0.000497701 -0.00129926 -0.00112111 3.94955e-05 -0.00109578 -0.000207371 1.40141e-05 -0.000209973 -0.000246136 -0.000149389 -0.000156396 -0.00120364 0.000423653 -0.000250216 -0.000881871 -0.000375626 -0.000591399 0.000319035 -0.00138544 -0.00038718 4.86557e-05 -3.87682e-05 -0.00108891 -0.000435051 -0.000286552 -0.000583223 -5.0988e-05 -0.00114296 -0.000298773 0.000300778 
-0.000410204 -0.000693479 -0.000753493 0.104723 -0.000841308 0.000111647 -0.000680717 -0.00130546 -0.00144369 -0.00283135 -0.00149019 -0.00275892 -0.000501821 -0.00239686 -0.00115219 -0.00362533 -0.00320498 -0.0010504 -0.00142621 -0.00201042 -0.00142598 -0.00037986 -0.000230521 -0.00276959 -0.0044214 -0.00295586 -0.00327988 -0.00214878 -0.00240561 -0.00311283 -0.000198526 -0.000269727 -0.00180747 -0.000647259 -0.000582027 0.000416505 0.000490618 -0.00147467 -0.00153597 -0.00105696 -0.000298006 -0.00156273 -0.000383841 -0.000514507 -0.00141022 -0.000464378 -0.00228307 -0.00121826 -0.000473447 -0.000617205 -0.00152569 -0.00154519 -0.000215121 -0.00120261 -0.000994866 -0.000657753 -0.000890996 -0.000204044 -0.00117143 -0.000673191 -0.000875218 -0.000634487 -0.0020601 -0.00187962 -3.4513e-05 -0.000784828 -0.000423694 -0.000280478 -0.00100023 -0.000189193 -0.000456957 -0.00115638 -0.000228806 -0.000571874 4.06416e-05 -0.000357274 -0.00239924 -0.000509203 -0.000197516 -0.000214249 -0.000569131 -0.000126626 -0.000408559 -0.00126948 0.000209432 -0.000561929 -0.000835725 -0.000577315 -0.00120995 -0.000178151 8.90879e-05 -0.000989709 -0.00162408 -0.000916425 -0.0023135 -0.000402534 -0.000375984 -0.00137905 -0.000862983 0.000360465 
-8.3388e-05 -0.00134684 -0.000410188 -0.000841308 0.0909604 0.000375216 0.000576398 -0.000299547 0.000449632 0.000115473 -0.00117404 -0.0015943 -0.00141253 -0.00164684 -0.00271992 -0.00543807 -0.0035402 -0.00235084 -0.00304968 -0.00501749 -0.00304739 -0.001085 -0.00241238 -0.00180745 -0.000626075 -0.00176709 -0.000187165 -0.00264526 -0.00239766 -0.00103616 -0.00153634 -5.39569e-06 -0.000729031 -0.00106227 -0.00196429 -0.00094143 -0.000433161 -0.00108538 -0.000416247 -0.00017146 -0.000679892 -0.000483126 -0.00180044 -0.000732484 0.000223476 -6.60574e-05 -0.000748662 0.000141292 -0.000815379 -0.000996404 -0.00120189 -0.00063383 0.000447646 -0.000912241 -0.000652018 -0.000776228 -0.000505178 0.000131012 0.000210565 -0.000379291 -0.000898129 0.0003571 -4.84481e-08 -0.000838324 -0.000769184 -0.00128391 -0.00154942 -0.0018656 -0.000388256 0.000358151 0.00124149 -0.0010247 -0.00161137 -0.00042568 -0.000551649 -0.000250944 -0.00028049 -0.000619057 -0.000722983 -0.000645142 -0.000692625 -0.000343667 -8.08257e-05 -0.000806806 -0.000148882 -0.000684419 -0.000209279 -0.00102899 -0.000830705 -0.00128386 -0.00181896 0.000107833 -0.000893133 -0.00104824 -0.000893403 0.00041117 -0.000315855 -0.000856762 -0.000953894 -0.00182676 
-0.000129362 -0.000284343 -5.11184e-05 0.000111647 0.000375216 0.0992888 -0.000468785 -0.00048595 -7.41191e-05 -0.00158736 0.000880315 -0.00159751 -0.00240135 -0.00359086 -0.00201109 -0.00191049 -0.0049911 -0.00309221 -0.000127288 -0.0062933 -0.00271516 -0.00159025 -0.00249197 -0.00540212 -0.00301333 -0.00202779 0.00164539 -0.00133692 -0.0014715 -0.00144806 -0.00212725 -0.00253309 0.000225801 -0.000579709 -0.000804936 -0.000999691 -0.000763624 -0.00120782 -0.0012201 -0.000650907 -0.000886268 -0.000625572 -0.00168957 -0.000170479 -0.00113442 0.000132924 -0.000418933 -0.00132554 0.000306053 -0.00111926 -0.00064016 -0.00174572 -0.00108761 -0.000465426 -0.000345251 8.06763e-05 -0.00131359 -0.00089392 0.000247652 -0.000828937 4.98924e-05 0.000592059 4.09801e-05 -0.000690351 -0.00161469 -0.00154096 -0.000822754 -0.00155655 -0.00130789 -0.000816602 -0.000669716 -0.00135478 -0.00149863 -0.000435869 -0.000777028 -0.000596759 -0.000400128 2.16436e-05 -0.000772812 -0.000810883 -0.000878703 -0.000695062 -0.001345 0.000265885 -0.000864981 -0.000580764 0.000424434 -7.84301e-05 0.000132338 -0.00010767 -0.0018076 -0.000299432 -0.00112372 0.000128612 -0.00192215 0.00060187 -0.000810781 -0.000954431 -0.000832406 -0.00141358 
-0.00110547 -0.000165438 -0.000709591 -0.000680717 0.000576398 -0.000468785 0.112791 -0.0006041 -0.000135728 -0.00279888 -0.000520871 -0.000382199 -0.000495759 -0.00207973 -0.00174223 -0.00120705 -0.00506076 -0.000502167 -0.000569943 -0.00311942 -0.00413246 0.00138562 -0.00332994 -0.00477313 -0.00344131 -0.00322883 -0.00315478 -0.00657619 -0.00386786 -0.00171311 -0.00389326 7.28487e-05 -0.00161421 -0.000187938 -0.00191494 -0.000490435 0.00126084 -0.00202656 -0.000601301 -0.00101078 -0.000504035 -0.00172926 -0.000532628 -0.0013557 -0.000936925 0.000131377 -0.000210531 0.000833901 -0.000125216 -0.000841491 -0.000677699 -0.00191229 -0.000140803 -0.00119978 -0.0013401 -0.000914738 -0.00117429 -0.000916194 -0.00129111 -0.00233199 -0.00131835 -0.000233493 -0.000122469 -0.000749282 -0.000649954 -0.000418971 -0.00124866 -0.00108153 -0.00118266 -0.000857843 -0.000651745 -0.000245645 -0.00148296 -0.000333706 -0.0010848 -0.00125952 -0.000854745 -0.00117166 0.000416988 -0.00105575 -0.00125197 -0.00147358 -0.00015717 -0.000307991 -0.00143141 0.000102992 -0.000842604 -0.0013247 -0.00126303 -0.00087115 -0.00113226 -0.00110492 0.000296188 -0.000706437 -0.00108794 -0.000975368 -0.000348554 0.000153996 -0.00135341 5.45073e-05 
-0.00101208 -0.000216158 -0.00114252 -0.00130546 -0.000299547 -0.00048595 -0.0006041 0.108438 1.98884e-05 0.000118164 -0.000573818 -0.000201598 -0.00195993 -0.00113723 -0.00297357 0.00135717 -0.00207815 -0.00109197 -0.00409685 -0.0033139 -0.00443896 -0.0018143 -0.00190649 -0.00432304 -0.00406034 -0.00400229 -0.00444425 -0.00412911 -0.00179868 1.50063e-05 -0.000844892 0.000408593 -0.00278927 -0.00212188 -0.000925331 -0.00117047 -0.000413615 -0.00146577 -0.00133945 -0.000880272 -0.0012312 -0.00014977 -0.000204718 -0.000483487 -8.00563e-05 -0.000814047 -6.72123e-05 0.000427187 -0.000410106 -0.00114429 -0.000771726 -0.00115445 -0.000820613 -0.000776446 -0.000390029 -0.000498085 -0.000144196 -0.00216702 7.94329e-05 -0.00076478 -0.000699464 -0.000514702 5.50328e-05 -0.000650426 -0.000436102 -0.000833768 -1.48484e-06 -0.000636023 -0.000337159 -0.00101151 -0.00171181 -0.000797323 -0.000976203 -0.00104147 -9.80355e-05 -0.00121278 -0.00266388 0.000909419 -0.000266567 0.000196748 -0.0017867 -0.00127825 -0.00068477 -0.00131108 -0.000592737 -0.00139043 -0.000896639 -0.000694006 -0.000276338 -9.93384e-05 -0.000164793 -0.000890507 -0.00166282 -0.000959598 -0.00116312 -0.000608524 -0.00194687 -0.00100804 -0.00100371 -0.00228455 
-0.000177868 -0.0014909 -0.000158211 -0.00144369 0.000449632 -7.41191e-05 -0.000135728 1.98884e-05 0.129573 0.000665032 0.000262474 -0.00196921 -0.00156026 -0.00112783 -0.00525245 -0.0066678 -0.00199383 -0.00376738 -0.00455915 -0.00309728 -0.00570604 -0.00226132 0.000507854 -0.00404175 -0.00536244 -0.00262957 -0.000618078 -0.00337687 -0.00135429 -0.00172405 -0.00255201 -0.00176697 -0.00120372 -0.000409177 -0.00194492 -0.00169011 -0.00144031 -0.000998922 -0.00160503 -0.000327468 -0.000684071 -0.00171903 -0.000820995 -0.000683723 -0.000807532 -0.000562242 -0.000934808 -0.00163997 0.000251652 -0.00131036 -0.00138925 -0.000125031 -0.000730846 -0.00121563 -0.00053168 -0.000868636 -0.00219141 -0.00152903 -0.000686036 -0.00126113 -0.00147436 -0.000790374 -0.00106631 -0.00117679 -0.000940205 -0.00136962 -0.000367419 -0.00146029 -0.00158652 -0.000707337 -0.00106991 -0.000646583 -0.00170316 -0.000803224 -0.000432232 -0.000990357 0.000232206 -0.000339651 -6.73791e-05 -0.00111904 -0.00104733 -9.01976e-05 -0.000480055 -0.000826742 -0.00171254 -0.000402592 -0.00182789 -0.00155541 -0.00148156 -0.000758314 -0.00282623 -0.000585109 -0.000213103 -0.00103069 -0.000538671 -0.000469899 -0.00103844 -6.90851e-05 -0.00266828 -4.88755e-05 
-0.00107532 -0.000770279 -0.000846677 -0.00283135 0.000115473 -0.00158736 -0.00279888 0.000118164 0.000665032 0.132876 -0.00110578 -0.00279225 -0.00234509 -0.00198296 -0.003538 -0.00104509 -0.00035587 -0.00601877 -0.00308174 -0.00445786 -0.00555624 -0.00374429 0.000301952 -0.00444339 -0.0044302 -0.00310862 -0.000346628 -0.0024268 -0.00213312 -0.000561769 -0.00126663 -0.00141632 -0.000104396 -0.00286206 -0.0017528 0.000212393 0.000123384 -0.00221445 -0.00186607 -0.00277045 -0.000575728 -7.62213e-05 -0.00177387 -0.00134435 -0.000751327 0.000879874 -0.000493107 -0.00145729 -1.00948e-05 -0.000793805 -0.00152718 -0.000491263 -0.00221079 -0.000955027 -0.000401733 -0.00128227 0.000262931 -0.00140805 -0.001379 -0.00124207 -0.00110644 -0.00144291 -0.0019455 -0.00102823 -0.00107558 -0.000218085 -0.00145164 -0.00078076 -5.2277e-05 -0.000918577 -0.000894111 -0.000852251 -0.00221172 -0.00230787 -0.000594901 -0.00175102 -0.00120581 -0.000439118 -0.00135503 -0.000476126 -0.000778539 -0.00115734 -0.00131825 -0.00101958 -0.00042554 -0.00119115 -0.000404155 -0.00219532 -0.000146556 -0.00108914 -0.0013984 -0.000560773 -0.00137648 -0.00215955 -0.000642426 0.000229937 -0.00126534 0.000526184 -0.00199777 0.000733116 
-0.00032648 -0.00127274 0.00100464 -0.00149019 -0.00117404 0.000880315 -0.000520871 -0.000573818 0.000262474 -0.00110578 0.151015 -0.0023079 -0.00274923 4.24745e-05 -0.00194722 -0.00631106 -0.00906064 -0.00298549 -0.00145853 0.000433341 -0.0076176 -0.00647156 -0.00537338 -0.00287254 -0.00619523 -0.00368383 -0.000601812 -0.00275416 -0.00144299 -0.00329097 -0.00337915 -0.00128287 -0.00038578 -0.00118783 -0.00239261 -0.00224312 -0.00116761 0.000131339 0.000996126 -0.000674373 0.00019141 -0.000854551 -0.00316704 -0.000874549 -0.00206758 -0.00149927 -0.00115466 -0.00114795 -0.000155571 -0.000557272 -0.00202354 -0.000343309 -0.00140776 -0.0008711 -0.00161964 -0.00186479 -0.000600598 -0.00288102 -0.00101904 -0.000622985 -0.000757289 -0.00049444 -0.00155468 -0.00161065 -0.00115368 -0.00190234 -0.00142141 -0.000742776 -0.000670399 -0.000332437 -0.00136232 -0.000370363 -0.00221104 -0.00226265 -0.00155648 -0.00115554 -0.00144766 -0.00111225 -0.00014798 -0.000848802 -0.00303491 -0.0011723 -0.000461252 0.000305848 -0.0011378 -0.00069623 -0.00026072 -0.00155014 -0.00185828 -0.000322205 -0.000699904 0.0003036 -0.00139664 -0.00226615 -0.00080929 -0.000917054 -0.000282822 -0.00034396 -0.00236991 -0.00183771 
-0.000783531 -0.000720745 7.49643e-05 -0.00275892 -0.0015943 -0.00159751 -0.000382199 -0.000201598 -0.00196921 -0.00279225 -0.0023079 0.138705 -0.0036745 -0.00314639 -0.000256129 -0.00112645 0.00162768 -0.00832488 -0.00611958 -0.0118449 -0.00546077 -0.00557561 -0.00426815 -0.00325156 -0.00389548 -0.00447536 -0.00289884 -0.000134982 -0.000759265 -0.000148616 -0.00480118 -0.00355658 -0.000367248 -0.000837676 -0.00254608 0.000637117 -0.00225224 -0.00188088 -0.000144915 0.000407891 -0.00109054 -0.000568755 0.000723417 -0.000383874 -0.000444176 -0.000867067 -0.000610794 -0.00179969 -0.00167987 -0.00206173 5.56568e-05 -0.00094066 -0.00092787 0.000263848 -0.000543033 -0.00109166 -0.00133163 0.000916977 6.85191e-05 8.78342e-05 -0.000941229 -0.00144225 -0.000403327 0.000715098 -1.77014e-05 -0.000783945 -0.00190699 -0.000343334 -0.000576421 -0.000462832 -0.000311334 -0.000936452 -0.00248254 -0.000768699 -0.000715284 -0.00152322 -0.00153813 -0.000743437 -0.00126027 -0.000689331 -0.000213344 -0.000625352 -0.000943023 -4.80885e-05 -0.00190647 -0.0013954 -0.000609398 -0.00077502 -0.00029402 -0.00106802 0.000316425 -0.000201257 0.00041659 -0.00143771 2.2583e-05 -0.00143141 -0.000839384 -0.00149336 -0.000657934 -0.00205577 
-0.00231595 -0.00185778 -0.00141539 -0.000501821 -0.00141253 -0.00240135 -0.000495759 -0.00195993 -0.00156026 -0.00234509 -0.00274923 -0.0036745 0.185501 0.00209833 -0.00913407 0.00164994 -0.00243826 -0.00395733 -0.00187949 -0.0028714 -0.0050258 0.000246587 -0.00609743 -0.00166275 -0.00700397 -0.000463044 -0.00641893 -0.00474374 -0.00391469 -0.000653242 -0.00639683 -0.0050189 -0.00359147 -0.00185872 -0.00162933 -0.00245287 -0.00249326 -0.00338521 0.000901696 -0.00349881 -0.00189123 -0.00284762 -0.00115268 0.000244196 -0.00105027 -0.00282814 -0.0013118 -0.00128319 -0.000982328 -9.83241e-05 -0.00193486 -0.00159978 -0.00129904 -0.000805089 -0.00306126 -0.00205873 -0.00092008 -0.00217543 -0.000334604 -0.00129064 -0.0023557 -0.000797124 -0.00131161 -0.000687191 -4.38164e-05 -0.000242212 0.00261469 -0.00315006 -0.00183311 -0.00105875 -8.54551e-05 -0.000635448 0.000378117 -0.00221227 -0.00167323 -0.000341397 -0.00126752 -0.000804279 -0.00193378 -0.000278177 -0.00150512 -0.00319821 -0.00221682 -0.00261007 -0.00104667 -0.00103437 -0.00151226 -0.00338699 -0.00216994 -0.000712089 -0.0019843 -0.00204464 -0.00247925 -0.00143387 -0.00142533 -0.00101001 -0.00167919 -0.00148466 3.52913e-05 -0.00182111 
-0.00238708 -0.00282867 -0.00229103 -0.00239686 -0.00164684 -0.00359086 -0.00207973 -0.00113723 -0.00112783 -0.00198296 4.24745e-05 -0.00314639 0.00209833 0.198655 -0.00310554 -0.00974677 -0.00641998 -0.0061157 -0.00956612 -0.00426711 -0.00320896 -0.00374364 -0.00697635 -0.0024989 -0.0032813 -0.00281902 -0.00263066 0.00266528 -0.000984648 -0.0028644 -0.00249851 0.000192433 -0.00172426 -0.000954425 0.00158678 -0.00524848 -0.00316319 -0.00234006 -0.00136915 -0.00119412 -0.00235904 -0.00219387 -0.000298199 0.00147867 5.01063e-05 0.000821032 5.87691e-06 -0.00127997 -0.000997229 3.07326e-05 -0.00182031 -0.000432235 -0.00346711 -0.00135079 -0.00147392 -0.000569275 -0.00157349 -0.000132965 -0.00268533 -0.00334934 -0.00073661 -0.00176302 -2.90478e-05 -0.00257547 -0.00103312 -0.00317973 -0.00126976 -0.00099423 -0.000939619 -0.00131845 -0.000951571 -0.00137799 -0.00336057 -0.00147738 -0.00025905 -0.00162611 -0.00230509 -0.00335401 -0.00115632 -0.00302001 -0.00167303 -0.00278362 -0.00151021 -0.00151149 -0.00214899 -0.000902785 -0.00171835 -0.00335825 -0.0017178 -0.00208294 -0.00146041 -0.00259889 -0.00247857 -0.00173555 -0.00192696 -0.00197571 -0.00202481 -0.00228657 -0.00200257 -0.00168202 
-0.00312884 -0.000557115 3.29936e-05 -0.00115219 -0.00271992 -0.00201109 -0.00174223 -0.00297357 -0.00525245 -0.003538 -0.00194722 -0.000256129 -0.00913407 -0.00310554 0.224016 -0.00170625 -0.00587776 -0.0050447 -0.0101021 0.0010862 -0.00363262 -0.0122777 -0.0057549 -0.00660056 -0.00347013 0.00173971 -0.00373183 -0.00559412 -0.00716246 -0.00354453 -0.00157909 0.000500695 -0.00040286 -0.00219369 -0.0010602 0.000394958 -0.00253761 5.58925e-05 -0.0017893 0.00167446 -0.000369261 -0.00192953 -0.00163896 -0.00218234 -0.00208166 -0.000753396 -0.00295994 -0.00152931 -0.00135889 -0.00180766 -0.000729429 -0.00309949 -0.00173519 0.000908626 -0.0032659 -0.00326071 -0.00167959 -0.00254303 -0.00305566 -0.00219194 -0.00201603 -0.000196765 -0.00363317 -0.00122822 0.000596936 -0.00377694 -0.00395352 -0.00260499 -0.00263019 -0.0015916 -0.00165964 -0.00198796 -0.000737427 -0.000959574 -0.00044082 -0.00278397 -0.00497662 -0.00300583 -0.000721145 -0.0031882 -0.00357189 -0.0011752 -0.00143178 -0.0017099 -0.00323438 -0.00123341 -0.000584518 -0.00287541 -0.000982905 -0.000173299 0.0020286 0.000341522 -0.00292331 -0.00122181 -0.00180928 -0.00187269 -0.00240068 -0.000974754 -0.00134872 -0.00200748 
6.44356e-07 -0.00043806 -0.0041174 -0.00362533 -0.00543807 -0.00191049 -0.00120705 0.00135717 -0.0066678 -0.00104509 -0.00631106 -0.00112645 0.00164994 -0.00974677 -0.00170625 0.24067 -0.00251281 0.00354365 -0.00609383 0.000676704 -0.0042207 -0.0135996 -0.000248971 -0.00195672 -0.00622793 -0.0108878 -0.00864585 -0.00483937 -0.00551722 -0.00523297 -0.00601795 -0.00376607 -0.00230889 -0.00174984 -0.00167741 -0.000320048 -0.00133485 -0.00177856 -0.004616 -0.00135326 -0.00359113 0.000466424 0.00144504 -0.000622971 -0.00398089 -0.00158199 -0.00166891 -0.00317914 -0.000871792 -0.00209397 -0.00099007 -0.000738473 -0.00169358 -0.00136407 -0.00174872 -0.00133427 0.00014178 -0.00217779 -0.00119407 -0.00310747 -0.0012397 5.13446e-05 -0.000619627 -0.000405323 -0.00102388 -0.000221897 -0.000596746 -0.00479623 -0.00278528 -0.00182504 -0.00354049 9.32663e-06 -3.4296e-05 -0.00505577 -0.00261092 -0.00440612 -0.00593347 -0.00183081 -0.00334161 -0.00175844 -0.00146846 -0.00426716 -0.0027374 -0.00173357 -0.00113704 -0.000731059 -0.00347131 -0.00197997 -0.00143574 -0.00169614 -0.00114325 -0.0024214 -0.002214 -0.00234142 -0.000162162 -0.00290808 -7.85096e-05 -0.00228128 0.000448349 -0.00404065 
-0.00141351 -0.00289489 -0.00561186 -0.00320498 -0.0035402 -0.0049911 -0.00506076 -0.00207815 -0.00199383 -0.00035587 -0.00906064 0.00162768 -0.00243826 -0.00641998 -0.00587776 -0.00251281 0.239727 -0.00174097 0.00416971 -0.00535131 -0.00907667 -0.00445996 -0.00886112 -0.00493145 -0.00246332 -0.00925964 -0.0041028 -0.0034684 -0.0052054 -0.00367487 -0.00785504 0.000263206 -0.00436147 -0.00370575 -0.00117018 -0.0019164 0.00201369 -0.00158917 -0.00225608 -0.00104913 -0.0027442 -0.00225319 -0.00155213 -0.00186367 -0.00248197 -0.00200965 -0.00243399 -0.000523153 -0.00372726 -0.00138426 -0.00134061 -0.000797469 -0.00286089 0.00104225 -0.00287498 -0.00146104 -0.00123174 -0.00070363 0.00145175 -0.00120089 -0.000747839 -0.00451384 -0.000131032 -0.00193696 -0.000445496 -0.00343402 -0.00506179 -0.00311881 -0.00261253 -0.00249436 -0.001457 1.61101e-05 -0.00181527 -0.00252734 -0.000557681 -0.00525057 -0.00256896 0.00143087 -0.00131806 -0.0014662 -0.00221739 -0.000802133 -0.00159136 -0.00302741 -0.00157397 -0.00281034 -0.00132981 -0.00204091 -0.00143348 -0.00110585 0.00230679 -0.00086375 -0.00278023 -0.0044379 -0.000866824 -0.00315126 -0.00198834 9.37544e-05 -0.0019258 -0.00133943 
-0.000958057 -0.00282947 -0.00160495 -0.0010504 -0.00235084 -0.00309221 -0.000502167 -0.00109197 -0.00376738 -0.00601877 -0.00298549 -0.00832488 -0.00395733 -0.0061157 -0.0050447 0.00354365 -0.00174097 0.24805 -0.00563604 -0.00221967 -0.00430368 -0.0042947 -0.00914115 -0.01469 -0.00546988 -0.00434268 -0.0100652 -0.00488883 -0.0050408 -0.0083494 0.000498232 -0.00546146 -0.000672149 -0.00267328 -0.00461525 -0.00129365 -0.00231056 -0.000462848 -0.00302731 -0.00302129 -0.00367905 -0.00324346 0.00172459 -0.00225847 -0.0020603 -0.00368855 -0.00221591 -0.000984203 -0.000277175 -0.00168996 0.00086517 -0.000455176 0.000534551 -0.00528946 -0.00175377 -0.00149456 -0.000757699 -0.00172269 -0.00305725 -0.00234754 -0.000698005 0.000447799 -0.000181029 -0.00191707 -0.00394506 -0.00171668 -0.000851356 -0.000404198 -0.00162172 -0.00425455 -0.00173486 -0.00259276 -0.00208537 -0.00338886 -0.0011284 -0.00180849 -0.0020657 -0.000610925 -0.00242182 -0.00311477 -0.00359802 -0.00229215 -0.00103476 -0.00334096 -0.0020765 -0.000944409 -0.000486226 0.000431276 -0.000910938 -0.0014279 -0.00356051 -0.000450152 0.00120947 -0.00358068 -0.00147686 0.000569349 -0.00418529 -0.0039236 0.00239711 -5.05697e-05 
-0.00319408 7.89131e-05 -0.00103914 -0.00142621 -0.00304968 -0.000127288 -0.000569943 -0.00409685 -0.00455915 -0.00308174 -0.00145853 -0.00611958 -0.00187949 -0.00956612 -0.0101021 -0.00609383 0.00416971 -0.00563604 0.249932 -0.000205992 0.000816661 0.00718658 -0.00710746 -0.00469227 -0.00844171 -0.0112748 -0.0115265 -0.00595475 -0.00422365 -0.00575906 -0.0023961 -0.00362059 -0.00148881 -0.00327792 -0.00143355 -0.0022193 0.000740014 -0.00497248 -0.00121146 -0.00259209 0.000555788 -0.00191902 -0.00230085 -0.000967003 -0.000805705 -0.00136399 -0.00313294 -0.00247514 -0.00271855 -0.00253683 -0.00432187 -0.00432359 -0.00309231 -0.00136681 0.00122312 -0.00218165 -0.00160367 -0.00154515 -0.000788818 0.000887551 -0.00328892 0.00016666 -0.00176012 -0.00159804 -0.000598306 -0.00183695 -0.00430861 -0.00417815 -0.00114567 -0.00151404 -0.00354695 -0.00230171 -0.00157856 -0.0019617 -0.00234936 -0.00280357 -0.00108576 -0.00155297 -0.00175727 -0.00380078 -0.00111225 -0.00178869 -0.000820061 -0.00200242 -0.00146336 -0.000993928 -0.000617698 -0.00112308 -0.00275079 -0.00120925 -0.00496658 -0.00193364 -0.00413905 -0.00351079 -0.00353834 -0.00376677 -0.000728248 -0.00325444 -0.000768662 -0.000458988 
-0.00455469 -0.00272109 -0.00384379 -0.00201042 -0.00501749 -0.0062933 -0.00311942 -0.0033139 -0.00309728 -0.00445786 0.000433341 -0.0118449 -0.0028714 -0.00426711 0.0010862 0.000676704 -0.00535131 -0.00221967 -0.000205992 0.245055 0.00185642 0.00152254 -0.00217719 -0.000442867 -0.00713799 -0.00627279 -0.00765688 -0.00524862 -0.00383037 -0.00455191 -0.00312723 0.000316115 -0.00505007 -0.00209734 0.000928671 -0.00253677 -0.0039334 3.22275e-05 -0.00318255 -0.00582854 -0.00153787 -0.00172916 2.67169e-05 -0.00356358 -0.00414664 -0.000557271 -0.00358067 -0.00225097 -0.00294321 -0.000238028 -0.00136653 -0.00128807 -0.00242396 -0.00176436 -0.0016182 -0.0032703 -0.0031939 -0.00350111 -0.00239742 -0.00290782 -0.00329983 -0.00178136 -0.00576806 -0.00160202 -0.000798791 -0.000460008 -0.0019835 0.000262983 -0.0031547 -0.00320449 -0.00550248 -0.00123858 0.000204263 -0.00292691 -0.00325267 0.00169649 -0.00149098 -0.00274975 -0.00148933 -0.00155667 -0.0017859 -0.000961799 0.000240929 -0.00254035 -0.00291252 -0.00172142 -0.00117922 -0.00324323 -0.00056573 -0.00472729 -0.00416639 -0.00274141 -0.00187019 -0.0018537 1.37119e-05 -0.000489435 -0.00262374 -0.00117809 -0.00292459 -0.00206363 
-0.000255047 -0.00149578 -0.00319648 -0.00142598 -0.00304739 -0.00271516 -0.00413246 -0.00443896 -0.00570604 -0.00555624 -0.0076176 -0.00546077 -0.0050258 -0.00320896 -0.00363262 -0.0042207 -0.00907667 -0.00430368 0.000816661 0.00185642 0.249861 -0.00569802 0.000748163 -0.00424171 -0.00857608 -0.0071128 -0.00848297 -0.00426454 -0.00310575 0.000518605 -0.00410813 -0.0029485 -0.003446 -0.00159612 -0.00616112 -0.00486237 -0.000180629 -0.00236846 -0.00156235 -0.00325831 -0.0031237 -0.00314353 -0.00369127 -0.0017853 -0.00132062 -0.00304819 -0.00279037 -0.000780817 -0.00307534 -0.000400781 -0.000899894 -0.00239748 -0.000902141 -0.00213488 -0.000219843 -0.00277701 -0.00216566 -0.00102812 -0.00409076 -0.00460314 -0.00174543 -0.00153891 0.000420923 -0.00394502 -0.00167657 0.00147896 0.000468481 -0.00252815 -0.00302051 -0.00133357 -0.00102688 -0.00168372 -0.00301237 -0.00175509 -0.000977706 -0.000513918 -0.0029203 -0.00473014 -0.00157653 -0.00243105 -0.0042652 -0.00172507 -0.00330233 -0.00176418 0.00132408 -0.00196728 0.00158983 0.00172291 0.000196477 -0.000442963 0.000541686 -0.00303916 -0.00289877 -0.000296233 -0.00392393 -0.00242665 -0.00184268 -0.00203878 -0.00138493 -0.00294108 
-0.00101825 -0.00409066 -0.00322242 -0.00037986 -0.001085 -0.00159025 0.00138562 -0.0018143 -0.00226132 -0.00374429 -0.00647156 -0.00557561 0.000246587 -0.00374364 -0.0122777 -0.0135996 -0.00445996 -0.0042947 0.00718658 0.00152254 -0.00569802 0.247429 -0.00709066 0.00380687 -0.00627146 -0.00156515 -0.0100571 -0.010386 -0.00628194 -0.00197867 -0.00664822 -0.00727232 -0.00304571 -0.000117181 -0.00217148 -0.00363856 -0.00412766 -0.00537798 -0.00444516 -0.00301024 -0.00181446 -0.00224338 -0.000798358 -0.00265282 -0.000608067 -0.0014773 -0.00313049 -0.00159941 -0.00256191 -0.00319331 -0.00741777 -0.00298815 -0.00132981 -0.000802215 -0.00169113 -0.00178145 -0.000886162 -0.00246504 -0.0008644 -0.000286131 -0.00225359 -0.00319304 -0.00164498 -0.00316038 -0.00223021 -0.00015943 -0.00213933 -0.00104883 -3.55133e-05 0.00105058 -0.000860931 -0.00155726 -0.00293018 -0.000249762 -0.00427146 -0.000215997 -0.00149202 -0.00241213 -0.00116142 -0.00106371 -0.00234376 -0.00331847 -0.000774864 -0.00178972 -0.00178616 -0.00425269 -0.00389276 -0.000901728 0.000895602 -0.000538872 -0.001293 -0.00255374 -0.00126689 -0.00230072 0.000903084 0.000219702 -0.000500115 -7.84103e-05 -0.00222451 -0.00334482 
-0.00247208 -0.000494966 -0.00438316 -0.000230521 -0.00241238 -0.00249197 -0.00332994 -0.00190649 0.000507854 0.000301952 -0.00537338 -0.00426815 -0.00609743 -0.00697635 -0.0057549 -0.000248971 -0.00886112 -0.00914115 -0.00710746 -0.00217719 0.000748163 -0.00709066 0.248963 -0.0015606 -0.00102769 -0.00603988 6.26105e-06 -0.00176534 -0.00560577 -0.00303518 -0.000582435 -0.00716777 -0.00595996 -0.00601617 0.000263393 -0.00179021 -0.00372656 -0.00669331 0.000181235 -0.00276962 -0.00384195 0.000246593 -0.00506037 -0.000342516 0.000441038 -0.000165615 -0.000695717 -0.00155794 -0.000309448 -0.000690717 -0.00215374 -0.00260625 -0.00497225 -0.00377246 -0.00109285 -0.000704846 -0.00246626 -0.00177588 -0.00164466 -0.00263657 0.000379511 -0.00126674 -0.00270744 -0.00328672 -0.000174497 0.000266862 -0.00275638 0.000735466 -0.00272287 -0.000995982 -0.00468878 -0.00259465 -0.0015064 -0.00294257 -0.000676599 -0.00159101 0.000814307 -0.00266712 -0.00147598 -0.00109538 -0.00361485 -0.0031189 -0.00350532 -0.000621718 -0.00127873 -0.00147659 -0.00193954 -0.00138567 -0.00213754 -0.00296544 -0.00579963 -0.00236087 -0.00290738 -0.00293821 -0.00241313 -0.00170892 -0.00390498 -0.00281259 -0.00252415 -0.000243519 
0.00061682 -0.00222465 -0.00103536 -0.00276959 -0.00180745 -0.00540212 -0.00477313 -0.00432304 -0.00404175 -0.00444339 -0.00287254 -0.00325156 -0.00166275 -0.0024989 -0.00660056 -0.00195672 -0.00493145 -0.01469 -0.00469227 -0.000442867 -0.00424171 0.00380687 -0.0015606 0.249283 -0.00555919 -0.00388334 -0.0100276 -0.00410023 -0.0019571 -0.00458899 -0.00499724 -0.00247882 -0.00632749 -0.00279536 -0.00275053 -0.00544009 -0.00232839 -0.00197875 -0.00417322 -0.00188403 -0.00269816 -0.000334825 -0.00180563 -0.0042452 -0.0016696 -0.00296383 -0.00110074 -0.00498901 -0.0027584 -0.00265388 -0.00070356 -0.00311181 -0.00440558 -0.000701459 -0.00337935 -0.00196219 0.000378238 -0.00192956 -0.00165791 -0.00233343 -0.00245391 -0.00221317 -0.000989862 0.000127943 -0.00243156 -0.00337727 -0.00107764 -0.000767566 -0.00148859 -0.002152 -0.00172058 -0.00233987 -0.00062901 -0.00105465 -0.00111421 0.000175273 -0.00238342 -0.0039228 -0.00185262 -0.000158022 -0.0010627 -0.00141818 -0.00445266 -0.000147197 -0.00113996 -0.000881703 -0.00214006 0.00152646 -0.000782231 -0.000753189 -0.00318984 -0.00202137 -0.00288865 0.00156299 -0.00242214 -0.00467868 -4.50111e-05 -0.0027579 -0.0028281 -0.000844012 
-0.0025779 0.00041344 -0.00126419 -0.0044214 -0.000626075 -0.00301333 -0.00344131 -0.00406034 -0.00536244 -0.0044302 -0.00619523 -0.00389548 -0.00700397 -0.0032813 -0.00347013 -0.00622793 -0.00246332 -0.00546988 -0.00844171 -0.00713799 -0.00857608 -0.00627146 -0.00102769 -0.00555919 0.242724 0.0010459 -0.00478718 -0.00339813 -0.00659918 -0.00524122 -0.000450162 0.000194128 -0.00284268 -0.00549659 -0.002405 -0.00268037 -0.00480689 -0.00207703 -0.00419642 -0.00278091 -0.000521382 -0.00254786 -0.000597118 -0.00267914 -0.00168355 -0.00168536 -0.00166039 -0.00121778 -0.00162505 -0.000330609 -0.000260121 -0.000942211 -0.00102157 -0.000721201 -0.000275136 -0.00160467 -0.00206166 -0.000800071 -0.00601273 -0.00253603 -0.00241221 -0.00119302 -0.0010225 -0.00194777 -0.00190791 -0.00319252 -0.00303679 -0.000718734 -0.00146608 -0.00114834 -0.00132132 -0.00128165 -0.00117918 -0.000154711 -0.00199667 -0.00234819 -0.00052281 -0.000840402 -0.0018007 -0.00215119 0.00051542 -0.00106492 -0.00135057 -0.00186769 -0.00159653 0.000270555 -0.00189124 -0.00308147 -0.00265368 -0.00165169 -0.00127478 -0.00216435 -0.00169418 0.000310083 -0.00199833 0.000662923 -0.00145633 -0.00358658 -0.00162794 -0.00276962 
-0.00305648 -0.00235897 -0.00210435 -0.00295586 -0.00176709 -0.00202779 -0.00322883 -0.00400229 -0.00262957 -0.00310862 -0.00368383 -0.00447536 -0.000463044 -0.00281902 0.00173971 -0.0108878 -0.00925964 -0.00434268 -0.0112748 -0.00627279 -0.0071128 -0.00156515 -0.00603988 -0.00388334 0.0010459 0.236889 0.0011302 0.000409445 0.00448404 -0.00293469 0.00527405 -0.00287531 -0.00105275 -0.00312758 -0.00313717 -0.00250045 -0.00428333 -0.00244344 -0.00358882 -0.002251 -0.000792588 -0.00192817 -0.00300043 -0.00206633 -0.00286443 -0.00308724 -0.000465121 -0.00376672 -0.00174054 -0.0028553 -0.00127357 -0.00107124 -0.0024709 -0.00279823 -0.00101264 -0.00121633 -0.00220492 -0.00126815 -0.0023321 -0.00213684 -0.000926731 -0.00344171 -0.0024345 -0.000965701 -0.00297477 -0.00195842 -0.00213833 -0.000150743 0.000277603 -0.00206734 -0.000270822 -0.00441181 -0.000818572 -0.00377625 -0.000816337 -0.000303897 -0.00183069 -0.00218813 -0.00268284 -0.00135944 0.00191494 -0.00154866 -0.00276294 -0.00186153 -0.00207235 -0.00165445 -0.00172179 -0.00455816 -0.00292285 -0.00442745 -0.00138596 -0.00540684 -0.00250557 -0.00311818 -0.00195096 -0.00395456 -0.00189876 -0.00281137 -0.00118404 -0.00203554 
-0.000544179 -0.00154368 -0.00329208 -0.00327988 -0.000187165 0.00164539 -0.00315478 -0.00444425 -0.000618078 -0.000346628 -0.000601812 -0.00289884 -0.00641893 -0.00263066 -0.00373183 -0.00864585 -0.0041028 -0.0100652 -0.0115265 -0.00765688 -0.00848297 -0.0100571 6.26105e-06 -0.0100276 -0.00478718 0.0011302 0.209321 0.00087688 0.00193269 0.000508255 -0.000690922 -0.00182117 -0.00119311 -0.000482114 -0.00203011 6.36788e-05 -0.000884442 -0.00120263 0.000145716 -0.00175491 -0.00131279 -0.00226032 -0.00193096 -0.00301354 0.000463956 -0.00262351 -0.00202063 -0.00137705 -0.0021314 -0.00237351 -0.00438985 -0.000406854 -0.00210007 -0.00274238 -0.00015578 -0.000788052 -0.00243642 -0.00264366 0.000344238 -0.00111221 -0.000237848 -0.00354485 -0.00143367 -0.0011466 -0.000752166 -0.00291223 -0.00272757 -0.00222186 1.34627e-05 -0.00275221 0.00159816 8.17542e-05 -0.00253634 -0.00201645 -0.00127303 -0.00174942 0.000499656 0.000519382 -0.00147635 -0.00229804 -0.000468762 -0.000677227 -0.00191782 0.000271051 -0.00275396 -0.00368502 -0.00326579 -0.0034953 -0.00263697 -0.00192193 -0.00376317 -0.000658167 -0.000426104 0.00133168 -0.00179008 -0.0015034 -0.00172104 -0.00219911 -0.0017362 -0.00213103 
-0.00228957 -0.00186576 -0.00467161 -0.00214878 -0.00264526 -0.00133692 -0.00657619 -0.00412911 -0.00337687 -0.0024268 -0.00275416 -0.000134982 -0.00474374 0.00266528 -0.00559412 -0.00483937 -0.0034684 -0.00488883 -0.00595475 -0.00524862 -0.00426454 -0.010386 -0.00176534 -0.00410023 -0.00339813 0.000409445 0.00087688 0.204942 -0.0041604 -0.00574122 -0.000750009 -0.00262826 0.00106297 -0.00397744 0.00171641 -0.00176774 -0.00280135 0.000693789 0.000365463 -0.001827 -0.000832479 -0.00106143 -0.00273121 -0.00185561 -0.00172602 -0.00202543 -0.00252628 -0.00151246 -0.00137825 -0.00112297 -0.00124652 0.000264531 -0.00119288 -0.00266879 -0.00338811 -0.00235619 -0.0020031 -0.00107633 -0.00189847 -0.000923923 -0.000408033 -0.00199988 0.000744326 -0.00121647 -0.00204459 0.000108007 -0.00168617 -0.00215944 -0.00145004 -0.00151883 -0.00315724 -0.00106247 0.000389526 -0.0016915 -0.000374548 -0.00260926 -0.00229071 -0.00274042 -0.00289831 6.20238e-05 -0.00100527 -0.00178088 -0.00244353 -0.00220006 -0.000453083 -0.00206621 -0.00104252 -0.00389804 -0.00223592 -0.00248313 -0.00156559 -0.00083259 -0.00310895 9.87476e-05 0.000118531 -0.00423223 -0.00139168 -0.00111625 -0.00146603 -0.00169998 
-0.00180229 -0.00126822 -0.00148168 -0.00240561 -0.00239766 -0.0014715 -0.00386786 -0.00179868 -0.00135429 -0.00213312 -0.00144299 -0.000759265 -0.00391469 -0.000984648 -0.00716246 -0.00551722 -0.0052054 -0.0050408 -0.00422365 -0.00383037 -0.00310575 -0.00628194 -0.00560577 -0.0019571 -0.00659918 0.00448404 0.00193269 -0.0041604 0.167832 0.000260594 -0.00202628 -0.000735312 -0.00305666 0.00126146 -0.00143846 -0.00285004 -0.000340591 -0.00128292 -0.0015441 -0.00116876 -0.000124097 -0.00147678 -0.00203033 -0.00194308 -0.00265685 -0.0026017 -0.00262748 -0.000612362 0.00017738 -0.000695613 -0.00357959 1.60983e-06 -0.000419704 -0.0012719 -0.000275477 -0.00167116 -0.000929266 -0.00104019 -0.00127412 -0.00187872 -0.001629 -0.000428902 -0.00123306 -0.000360182 -0.00179663 -0.00278746 -0.00101846 -0.00127982 -0.00132201 -0.00185263 -0.00133237 -0.00104048 -0.000616582 -0.00125389 -0.00133228 -0.000288728 -0.000952179 -0.0014231 -0.00069253 -0.00161361 -0.000594026 -0.000480542 -0.000796406 -0.00252576 -0.00115979 -0.00135322 -0.0022214 -0.00221287 0.000183984 -0.0031796 -0.000564054 -0.00180533 -3.08001e-05 -0.0012776 -0.000219998 -0.00171427 -0.000701742 -0.000660272 -0.00249492 -0.000563555 
-0.000925456 -0.00217465 -0.00261958 -0.00311283 -0.00103616 -0.00144806 -0.00171311 1.50063e-05 -0.00172405 -0.000561769 -0.00329097 -0.000148616 -0.000653242 -0.0028644 -0.00354453 -0.00523297 -0.00367487 -0.0083494 -0.00575906 -0.00455191 0.000518605 -0.00197867 -0.00303518 -0.00458899 -0.00524122 -0.00293469 0.000508255 -0.00574122 0.000260594 0.156175 0.000696696 0.000117157 -0.00131077 0.00131596 -0.000898612 -0.00136646 -0.000180057 -0.00236729 -0.00218785 -0.000908124 -0.00150495 -0.000124787 -0.00123769 -0.000868408 -0.000790931 -0.00226796 -0.00138018 -0.000838352 -0.000864175 -0.00164077 -0.00175142 -0.00157995 -0.000900315 -0.00193766 -0.00172243 -0.00139809 -0.000584314 -0.000405081 -0.00087797 -0.00125945 -0.0020753 -0.00198362 -0.00131038 -0.000288617 -0.0019226 -0.00128597 0.00110955 -0.00303945 -0.00114754 -0.00130437 -0.00131606 -0.000692063 -0.00314158 -0.000517585 -0.00122547 -0.00152989 0.000252072 -0.00200731 -0.00206732 -0.00135495 0.00100734 -0.00100917 -0.000731663 -0.00174065 -0.00184183 -0.00205797 -0.00112237 -0.00093523 -0.00277903 -0.00116595 -0.00229308 -0.000953379 -0.0009226 -0.000536178 0.000695343 -0.00120305 0.000149587 -0.000843981 -0.00230625 -0.00210895 
-0.000687781 -0.00134532 -0.00220435 -0.000198526 -0.00153634 -0.00212725 -0.00389326 -0.000844892 -0.00255201 -0.00126663 -0.00337915 -0.00480118 -0.00639683 -0.00249851 -0.00157909 -0.00601795 -0.00785504 0.000498232 -0.0023961 -0.00312723 -0.00410813 -0.00664822 -0.000582435 -0.00499724 -0.000450162 0.00527405 -0.000690922 -0.000750009 -0.00202628 0.000696696 0.146934 0.000421857 0.000781549 -0.000238015 -0.00139302 -0.000427564 -0.00217346 0.000425756 -0.00233471 -0.000180359 -0.00116589 -0.00136328 -0.00270485 5.46703e-05 -0.00132863 -0.000626773 -0.00092435 -0.0013496 -0.000785524 -0.00100984 -0.00146991 -0.000855423 -0.000998363 -0.00122522 -0.000461291 -0.00100546 5.54239e-05 -0.000632616 -0.00262171 -0.00199895 0.000474757 -0.000929662 -0.00151399 -0.00130961 -0.00189421 -0.00210424 -0.00194365 -0.000633213 -0.000728232 -0.00103864 -0.00249707 -0.000678643 -0.000962874 -0.000557758 -0.00235339 -0.000944302 -1.7096e-05 -0.00229345 -0.00208245 -0.0016672 -0.00171979 -6.4235e-05 -0.00187623 -0.000740106 -0.000111082 -0.00204931 -0.00219921 -0.00145477 -0.000468664 -0.00055702 -0.00194727 -0.00232324 -0.000545614 -0.00223597 -0.000425592 -0.000976772 -0.00186241 -0.00163575 -0.000513321 -0.00152572 
-0.00115055 -0.000668005 -0.00238388 -0.000269727 -5.39569e-06 -0.00253309 7.28487e-05 0.000408593 -0.00176697 -0.00141632 -0.00128287 -0.00355658 -0.0050189 0.000192433 0.000500695 -0.00376607 0.000263206 -0.00546146 -0.00362059 0.000316115 -0.0029485 -0.00727232 -0.00716777 -0.00247882 0.000194128 -0.00287531 -0.00182117 -0.00262826 -0.000735312 0.000117157 0.000421857 0.152891 -0.000480208 -0.00146315 -0.0010187 -0.00144988 -0.000874856 -0.000507711 -0.00244605 -0.000595692 -0.00150154 -0.00206936 -0.000175037 -0.00223968 -0.00183367 -0.000792409 -0.00244212 -0.000972224 -0.00204721 -0.00136735 -0.000502611 -0.000777562 -5.44972e-05 -0.00324105 -0.00310096 -0.00165892 -0.00271619 -0.000421586 -0.000178723 -0.00219172 -0.00187503 -0.00241139 -0.00116227 -0.000646273 7.55238e-06 -0.00172326 -0.000626638 -0.00219454 -0.00224679 -0.000460309 -0.00193205 -0.000298197 -0.00102775 -0.00174087 -0.00142632 -0.00154593 -0.00102953 -0.000169062 -0.000993365 -0.00132739 -0.00193692 -0.000831935 -0.000451285 -0.0026581 -0.000904949 -0.00157871 -0.000985263 -0.00131763 -0.00224466 -0.00178756 1.78768e-05 -0.00198607 -0.00179063 -0.00159852 -0.00144747 -0.00163703 -0.00115511 -0.00120002 -0.00228159 -0.00282411 
