0.0762812 0.000161181 -0.00014456 -0.000137027 0.000516014 -0.000111929 0.000346264 -0.000703288 -0.00125286 -0.00163867 -0.000309429 -0.00170513 -0.000771279 -0.00366111 -0.00455469 -0.00274577 -0.00396187 -0.00286688 5.97204e-06 -0.00283131 -0.00236697 -0.00187716 -0.000407121 -0.00319424 -0.000916664 -0.00113015 3.91673e-05 -0.00206478 -0.00211691 -0.000924999 0.000450726 -0.00145999 -0.000206883 -0.00106931 -0.000732616 -0.000909761 -0.00045718 -0.000405884 3.41324e-05 -0.000813493 -0.000758508 -0.000580508 -0.000517308 -0.000140952 -0.00032241 -0.000610117 -0.000665747 -0.0003305 -0.000560717 0.000123827 -0.000275313 -0.000395255 -0.000630462 -0.000607527 -0.000483628 -0.000879634 -0.00050395 0.000450196 -0.000296834 0.000145364 -0.00145885 -0.000411746 1.93132e-05 -0.000168418 -0.000615922 -0.00019901 -0.000383326 -0.000915956 -0.000945705 -0.0006567 -0.000219876 -0.00106525 -0.000476894 -0.00100104 -0.000906121 -0.000542716 -0.000990992 -0.000719658 0.000235492 -0.000632023 -0.0010148 -0.000668214 -0.00107128 -0.000362394 -0.000364783 -0.000268868 -0.00109442 -0.000630727 -0.00037314 -0.000770759 -0.00130431 0.000141826 -0.00084007 6.65655e-05 -0.000227492 -6.09171e-06 -0.000323821 -0.000160085 5.55129e-05 -0.000272022 
0.000161181 0.0789425 -0.000509646 4.98833e-06 0.000240134 -0.000717373 0.000243745 -0.00151392 -0.00100303 -0.000879499 -0.000446582 -0.00274272 -0.00177446 -0.00110352 -0.002924 -0.00300002 -0.00437187 -0.00262125 -0.0023218 -0.000794997 -0.00065383 -0.00204924 -0.00482124 -0.00272039 0.00317518 -0.00257312 -0.00232842 0.000317092 0.000454245 -0.00114843 -0.000287393 -0.00147346 -0.00140325 -0.000949634 -0.00111408 -0.00115426 -0.000238025 -0.000144461 -0.000430706 -0.000424346 -0.000536904 -0.000459378 -0.000907896 -0.00060592 -0.00114156 -0.000587529 -0.000416073 -0.000235183 0.000161638 -0.00140535 2.06802e-05 -3.89504e-05 -0.000229541 0.000542588 -0.000690013 -0.000908552 -0.000681157 -0.000481974 -0.000568157 -0.000471682 -0.00114714 -0.000820645 -0.00026214 -0.000260728 -0.00019306 -0.000344507 -0.000546772 -0.000934832 0.000106655 -0.000615573 -0.000864543 -0.000810578 0.000427985 -9.0921e-05 -0.000982883 -0.000421201 0.000671651 -6.35207e-05 -0.000870689 -0.000199172 -0.000814873 -0.000506568 -0.000871339 -0.000393988 -0.000347225 -0.000747114 -0.00100753 -0.00100488 -0.000144851 -0.00119639 -0.00187187 -0.000192838 -0.000734722 -0.00041989 -0.00116305 -0.00166396 -0.000366618 -0.000952991 -0.00077485 0.00013894 
-0.00014456 -0.000509646 0.0825432 4.11973e-05 0.000665192 -0.000457626 3.72526e-05 -0.000315604 -0.000199362 -0.00127805 -0.00151958 -0.00212723 -0.00205671 -0.00140835 -0.00298538 -0.00535563 -0.00405107 -0.00276992 -0.000885954 -0.000969501 -0.000614613 -0.00335522 -0.00449169 -0.00331348 -0.001224 9.46137e-05 -0.000117908 -5.44871e-05 -0.00217341 -0.000670319 -0.000564289 -0.000889417 -0.00190252 -0.000821866 -0.000108948 -0.00066134 0.00027646 -0.00135713 -0.0013383 -0.000689824 -0.000468058 -0.000567469 -0.000694373 3.82486e-05 -0.00114347 -0.00100112 -0.000720882 -3.53177e-05 -0.000603442 -0.0003153 -0.00101593 -0.000240601 -0.000702012 -0.00108713 -0.000751796 -0.000789067 0.000666069 -0.000273106 -0.000363333 -0.000110749 -0.000843603 4.43243e-05 -0.000562806 -0.000688895 0.000214017 -0.000167098 -0.00032789 -0.000579896 -0.000432645 9.60476e-05 -0.000132242 6.90293e-05 -0.000405376 -0.00104503 -0.000708955 -0.000131244 -0.000794468 -0.000569256 -0.000519625 -0.00071764 -0.00140348 -0.00132535 -0.000240183 -0.000305049 -0.000684761 -0.000680541 -0.00185466 -0.000538586 -0.000557725 -0.000495448 -0.000359063 -0.000469988 -0.000395497 -0.000491119 3.30323e-06 -0.000842999 -0.000769873 -0.000933896 -0.000894475 -0.000653534 
-0.000137027 4.98833e-06 4.11973e-05 0.0968666 -0.000189711 -0.00114919 -0.000825097 -0.000752333 -1.25383e-05 -0.00277244 -0.000336963 -0.0015693 0.00214319 -0.000692034 -0.000831904 -0.00417414 -6.97703e-05 -0.00341336 -0.00520535 -0.00688524 -0.000510021 -0.000554901 0.00068506 -0.00167823 -0.0022111 -0.00170898 -0.0030181 -0.000445718 -0.00154475 -0.00088228 -0.00180763 -0.000856486 -0.000726188 -0.000298908 -0.000445368 -0.000879748 -0.000784237 -0.00124335 -0.000317236 -0.000441682 -0.000658858 -0.000835732 -0.000762772 -6.41663e-05 -0.000246746 -0.000579221 -0.000725209 -0.000636402 -0.000583604 -0.000987426 -0.00048929 -0.00167821 -0.00178196 -0.00179502 -0.00117588 -0.000271925 -0.000705583 -0.000317238 -0.000266037 -0.000668139 -0.000705387 -0.000750734 -0.000364999 -0.000909024 -0.000280159 -0.00109904 -0.000361274 -0.00148995 -0.000176277 -0.00021448 -0.000713797 -0.000836893 -0.000883487 -0.000258189 -0.00116695 -0.00136422 -0.00061565 -0.0017895 -0.00177266 -0.00146958 -0.000657261 -0.00145458 -0.00113793 -0.001063 -0.000710034 -0.000786601 -0.00155451 -0.00133996 0.000135651 -0.000736155 -0.000604149 -0.000981803 -0.00113321 -0.000601503 -0.000645136 -0.00164339 -0.00127094 -0.00156425 -0.000156322 -1.30168e-05 
0.000516014 0.000240134 0.000665192 -0.000189711 0.0908272 -6.15375e-05 -0.00126836 -0.00115915 3.59736e-05 -0.00012748 -0.00114119 -0.00251492 -0.00168465 -0.00115906 -0.00225351 -0.00354501 -0.00334717 -0.00370598 -0.00142806 -0.00440282 -0.000182161 -0.00176584 -0.00437293 -0.00124502 -0.000636557 -0.00347934 6.53938e-05 -0.00237073 -0.0012195 -0.00262483 -0.000468151 -0.00174859 -0.00248649 -0.0010692 -0.000608691 -0.000194095 -0.00105169 -0.000613429 -0.00024733 -0.000637396 0.000525946 -0.00161067 -0.0011179 -0.000460893 -0.000876491 -0.000795513 -0.000654291 -0.000389895 -0.00104672 -0.0005295 -0.000338269 -0.000812927 -0.00110024 -0.000381393 -0.00015089 -0.00103569 -0.00116339 -0.000359029 -0.000492503 -0.000321574 -0.00129086 -0.00077715 -0.000641609 -0.000210868 -0.000944839 -0.000973239 -0.000820549 -0.00144061 -0.000357507 -0.000571504 -5.0776e-05 -0.000622604 0.00070027 0.000113121 -0.00027727 -0.000613613 -3.61021e-05 -0.000481157 -0.00106763 -0.000751129 -0.00144859 -0.000503467 -0.000798577 -0.000291987 -0.00102014 -0.000266282 -0.00192476 -0.00162415 -3.63951e-05 -0.000388862 -0.000807684 -0.00019543 -0.000434883 -0.000668432 -0.000778952 -0.000771629 -3.22955e-05 -0.00012044 -0.000215269 -0.000783677 
-0.000111929 -0.000717373 -0.000457626 -0.00114919 -6.15375e-05 0.100082 0.00014178 -0.000695513 -0.00230796 -0.000262402 -0.000509916 -0.00168653 -0.00414954 -0.000495072 -0.00188369 -0.00463156 -0.00267876 -0.00375687 -0.00187373 -0.00312073 -0.00352805 -0.00530482 -0.00267832 -0.000316426 0.00201731 -0.00228367 -0.00181556 -0.00161887 -0.00148981 -0.00266515 -0.00244358 -0.0018642 0.00138891 -0.00159905 -0.000309961 -0.00160706 -0.000653342 -0.00128191 -0.00111304 -0.00013246 -0.000672975 -0.000981301 -0.000571271 -0.000535766 -0.000700655 -0.00108007 -0.00141112 -0.000957398 0.000100829 -0.00110146 -0.00103231 -0.000326794 -0.00137379 0.000918611 -0.000939297 -0.000420438 -0.000133638 -0.000680987 -0.00166459 -0.000813807 -0.00151327 -0.000772373 -0.000153132 -0.00103843 0.000334189 -0.000678017 -0.000622158 -0.000134725 -0.000854212 -0.00080437 -0.000569998 0.000142683 0.000130255 -0.00115241 -0.00108136 -0.000711021 -0.000864139 -0.000652078 -0.0010075 -0.00100188 -0.000140341 -0.000679299 -6.46401e-05 -0.000625245 -0.000696995 -0.000948909 -0.000125959 -7.19627e-05 -0.000580118 -0.00180745 -0.00096841 -0.00105892 -0.000321214 -0.000529627 -0.000722622 -0.000456085 -0.00114349 -5.11432e-05 -0.00137372 -0.000626116 
0.000346264 0.000243745 3.72526e-05 -0.000825097 -0.00126836 0.00014178 0.0875725 -0.000278156 -0.00154318 1.47322e-05 3.21932e-05 -0.000881036 -0.0016616 -3.69632e-05 -0.00313916 -0.00191382 -0.00424628 -0.00316221 -0.00180078 -0.00354104 -0.00368617 -0.00180662 -0.000917921 -0.00305382 -0.00138239 -0.00193915 -0.00461047 -0.00404961 -0.00234056 -0.0031585 -0.000914884 -0.00099478 -0.00160361 -0.000937533 -0.000169374 -0.000605683 -0.000992442 -3.95468e-05 -0.000588709 -0.00078874 -0.0006873 0.00037523 -0.000350296 -0.000721737 -0.000600803 5.39999e-05 -0.000978179 -0.000754301 -0.000765431 -0.000283038 -0.000638899 -5.50512e-05 -0.000198564 -0.000779912 -0.000109398 -0.000260017 1.75656e-05 -5.86415e-05 -5.65586e-05 -0.000714599 -0.000943948 -6.00734e-05 -0.000154521 -0.000877621 -0.000765907 -0.000457837 -0.000627509 -0.000479989 -0.00110686 3.96867e-05 -0.000506498 -0.000891844 0.000511419 -0.000828217 -0.000912236 -0.00105048 -0.000447429 -1.41665e-05 -0.000336905 -0.000960363 -0.000883643 -0.00101935 -0.000792985 -0.000605368 -0.000190974 -0.000313518 -0.000183534 -0.000663887 -0.000404643 -0.000603398 -0.000906325 -0.000538082 -0.00104101 2.91401e-05 -0.000999701 -0.00101277 -7.32219e-05 -0.000104669 -0.000939745 0.000174683 
-0.000703288 -0.00151392 -0.000315604 -0.000752333 -0.00115915 -0.000695513 -0.000278156 0.0959122 -0.000470718 0.00157872 0.000927452 -0.00183512 -0.000614347 -0.00502632 -0.00598436 -0.00324058 -0.00311034 -0.0010637 -0.00520554 -0.00197079 -0.00183432 -0.0031119 -0.00367467 -0.00186866 -0.000922274 -0.00236362 -0.00203725 0.000272534 -0.00177625 -0.00252685 -0.00116424 -0.00172809 -0.000717067 0.000892841 -5.58487e-05 -0.0014237 -0.000736319 -0.000952021 -0.000956199 -0.00144048 -0.000776577 -0.00121693 -0.00113524 -4.9947e-05 -0.000569724 -0.00105616 -0.000778991 -0.00085922 -0.000197655 -0.0006689 -0.00073361 -0.000416199 -0.000128985 -2.47118e-05 -0.000954582 -0.000769146 7.12784e-06 -0.000854668 -0.000509298 -0.000122549 -0.000301612 -0.000949136 0.000119384 0.000654242 -0.000908297 -0.000233512 -0.000379885 -0.000393736 -0.00107318 -0.00104975 -0.000112686 -0.00195351 -0.00112767 -0.00121163 -0.00074378 -8.32083e-05 -0.00078074 -0.000350608 -0.00141068 -0.000752889 -0.00028913 -0.000327998 -0.000595938 -0.00112615 -0.0007431 -0.000280361 -0.000461175 0.000121702 -0.000483851 -0.000787209 -0.000100316 0.000482003 -0.000826544 -0.000639393 -0.000534019 -0.00104304 -0.00126367 -0.000372349 -0.0017126 -0.000512242 
-0.00125286 -0.00100303 -0.000199362 -1.25383e-05 3.59736e-05 -0.00230796 -0.00154318 -0.000470718 0.121281 -0.00204662 -0.00153537 -0.00194572 -0.00308532 -0.000677792 -0.00339061 -0.00250261 -0.00416088 -0.000166633 -0.00360444 -0.00830698 -0.00304565 0.00200911 -0.00395012 -0.00273792 -0.00354854 -0.00348241 9.44818e-05 -0.00289951 -0.00297331 -0.00355549 4.22754e-05 -0.00338039 -0.00119341 -0.000511289 -0.00168102 -0.00102298 9.20169e-05 -0.001301 -0.000594144 -0.000529513 -0.00126876 0.000243365 -0.000111027 -0.000824981 -8.98114e-07 -0.00201577 -0.000624711 -0.000727353 -0.00176727 0.000237344 -0.000724389 0.000180918 -0.0010269 -0.000633052 0.00030967 -0.000800985 -0.000442608 -0.00075276 -0.0009828 -5.93725e-05 -0.00190994 -0.00207864 -9.43571e-05 -0.00132413 -0.00085231 -0.0012259 -0.00204605 0.000686879 -0.00112366 -0.000855997 -0.000260732 -0.00101444 -0.000353911 -0.000856399 -0.00109474 -0.000737691 -0.000719094 -0.00158365 -0.00111519 0.000463498 -0.00129473 -0.00141283 -0.000816918 -0.00130775 -0.00069242 -6.28638e-05 -0.00128091 -0.00108745 -0.000408952 -0.00157025 -0.00080783 -0.00103634 -0.00101711 -0.000772752 -0.000856568 -0.000596451 -0.0005739 -0.00151499 -0.000870989 -0.00106521 
-0.00163867 -0.000879499 -0.00127805 -0.00277244 -0.00012748 -0.000262402 1.47322e-05 0.00157872 -0.00204662 0.124529 -0.000924696 -0.000840782 8.60705e-06 -0.000939208 -0.00251429 -0.00217421 -0.0054483 -0.00365492 -0.0078723 -0.00329584 -0.00412614 -0.00670601 -0.00472451 -0.00292254 -0.00311731 -0.00378225 -0.00587592 -0.00211451 -0.00213486 -0.00212881 -0.00256462 -0.0039435 5.2537e-05 0.00010895 -0.000554251 -0.000851511 -0.000841245 -0.000600858 -0.000907411 -0.00081054 -0.000951629 -0.000382031 -0.00023724 -0.000561683 -0.00178583 -0.000880703 -0.00141332 -0.00110591 -0.00122145 -0.000513104 -6.11185e-05 -0.000224807 0.000158203 -0.000681702 -0.00110251 -0.00135668 0.0006323 -0.00147804 -0.001297 -0.000666096 -0.000252075 -0.000407005 -0.000848943 -0.000810722 -0.000603353 -0.000461781 -0.00147035 -0.000653631 -0.000743454 -0.000397305 5.82762e-05 0.000411616 -0.00013155 -0.00162068 -0.00163598 -4.90648e-05 0.0011237 -0.000875316 -0.00112414 -0.000377418 -0.00210863 -0.000346156 0.000905879 -0.000942181 -0.000103385 0.000396064 -0.00103523 -0.00120851 -0.000275001 1.25796e-06 -0.00110003 -0.00134502 -0.000853847 -0.00105926 -0.00116209 -0.00106301 -0.000603568 -0.000549613 -0.00115056 -0.00131383 
-0.000309429 -0.000446582 -0.00151958 -0.000336963 -0.00114119 -0.000509916 3.21932e-05 0.000927452 -0.00153537 -0.000924696 0.12743 -0.00428158 -0.00175233 -0.00105538 -0.0030401 -0.00344495 -0.00468857 -0.0037073 -0.00338519 -0.00245513 -0.00419701 -0.00457271 -0.00351585 -0.00575073 -0.00346482 -0.00542237 -0.00359741 -0.00186326 -0.000472958 -0.00276446 -0.0019088 -0.00261022 -0.00106513 -0.00259022 -0.0011594 -0.00132424 -0.00126942 -0.000875084 -6.30016e-05 -0.00149726 -0.00107679 0.000379323 -0.00122666 -0.00029864 -0.000803008 -0.000943179 -0.000740875 -0.00170255 -0.00110665 -0.00061167 -8.0718e-05 -0.000268815 0.000457365 -0.000776848 -0.000137651 -0.00178284 -0.000596089 -0.000354796 -0.00101413 -0.001449 0.000675739 -0.000987159 -0.00075348 -0.00124982 -0.000783277 -0.000858861 -0.00135483 -0.000701659 -5.72155e-05 -0.000111852 -0.000982506 -0.000485778 -0.00110239 -7.26131e-05 -0.00158043 -0.00181102 -0.00130881 -0.000447564 -0.0009846 -0.000335792 -0.000290799 -0.0013283 -0.000397649 -0.000846431 -0.00058617 -0.00144761 -0.00103966 -0.00181492 -0.000220437 -0.000567787 -0.000698701 -0.000706444 -0.0002873 -0.00071503 -0.00100759 -0.000408492 -0.00112406 0.000109887 -0.000690054 -0.000375676 
-0.00170513 -0.00274272 -0.00212723 -0.0015693 -0.00251492 -0.00168653 -0.000881036 -0.00183512 -0.00194572 -0.000840782 -0.00428158 0.180337 -0.00167485 0.00079621 -0.0063112 0.00302145 0.0015529 -0.00569748 -0.00494915 -0.00559678 -0.00244574 -0.00418736 0.00355582 0.000626131 -0.00691986 0.000987612 -0.0025056 -0.00652655 -0.00740177 -0.00374955 -0.00433777 -0.00714185 -0.00392294 -0.000696182 -0.00144007 -0.0014464 -0.00182098 0.00119927 -0.00106715 -0.00284826 -0.000577392 -0.00115685 -0.00298756 -0.00165664 -0.00280392 -0.00153115 -0.00201408 -0.0010143 -0.00151193 -0.000631448 -0.00121292 -0.000926143 -0.00306243 -0.00162673 -0.000452697 -0.000176162 -0.00334905 -0.00324679 -0.000519325 -0.000821357 -0.000835796 -0.000821685 -0.0007285 -0.00180229 -0.00108789 -0.00156565 -0.000784674 0.00021366 -0.0019588 -0.00149078 -0.00164184 -0.00134675 -0.00222634 -0.00196785 -0.00141977 -0.00138676 -0.00281615 -0.000988746 -0.00214873 -0.0011218 -0.00142913 -0.00228916 -0.00162632 -0.00190896 -0.00199207 -0.000450877 -0.00265986 0.000754539 -0.000245725 -0.00072772 -0.0012419 -0.000792168 -0.00204339 -0.00212726 -0.00239064 9.45179e-05 -0.00208819 -0.00297928 -0.000616973 -0.00129267 
-0.000771279 -0.00177446 -0.00205671 0.00214319 -0.00168465 -0.00414954 -0.0016616 -0.000614347 -0.00308532 8.60705e-06 -0.00175233 -0.00167485 0.199639 -0.00373732 0.00180979 -0.00620419 -0.00254446 -0.00114731 -0.00787439 -0.00931221 -0.00207258 -0.00241436 -0.00618744 -0.00549459 -0.00184404 -0.00538078 -0.00376324 -0.00441872 -0.00411372 -0.00225233 -0.0048512 -0.00290697 -0.00589938 -0.000800887 -0.000127127 -0.00212654 -0.00124209 -0.00309486 -0.00194948 -0.00312643 -0.00211296 -0.00195933 -4.43603e-07 -0.00127909 -0.00195066 -0.00132173 -0.00145763 -0.00245146 -0.00128906 -0.00153808 -0.00148693 -0.000686107 -0.000840043 -0.00023127 -0.00253697 -0.000638611 -0.00212052 -0.00286355 0.00115089 -0.000857614 -0.00277693 -0.00094104 -0.00130622 -0.00171236 -0.00109211 -0.00371832 -0.000239963 -0.00131361 -0.000687866 -0.000977544 0.00015638 -0.000678809 -0.00276312 -0.00102882 -0.00316962 -0.00174162 -0.00207174 -0.000953355 -0.000671689 -0.000936193 -0.00260115 -0.000260373 0.00110328 -0.00118482 -0.00288808 -0.000904055 -0.00354982 -0.000667469 -0.00286075 -0.00175866 0.00114502 -0.00181433 -0.00350016 -0.00279598 -0.00294024 -0.00161017 -0.00189991 -0.00225055 -0.0024 -0.000754555 
-0.00366111 -0.00110352 -0.00140835 -0.000692034 -0.00115906 -0.000495072 -3.69632e-05 -0.00502632 -0.000677792 -0.000939208 -0.00105538 0.00079621 -0.00373732 0.207355 0.0018394 -0.00601819 -0.00394665 -0.00525767 -0.00318068 -0.00433648 0.00241004 -0.00578523 -0.00652996 -0.0025531 -0.0115768 -0.00823849 -0.00538468 -0.0022909 -0.00546136 -0.00579695 -0.00243235 -0.00532799 -0.00126718 -0.00308274 -0.00312029 -0.00034764 -0.00135636 -0.00236784 -0.00195411 -0.00168196 -0.000679931 0.000322824 -0.000810131 -0.000577202 -0.000460438 -0.00141062 -0.00184544 -0.00117783 -0.00149318 -0.00281351 -0.00176908 -0.00194197 -0.0024045 -0.00209635 -0.00232211 -0.00277019 -0.00231958 -0.00175671 -0.000718677 -0.00200942 0.00416248 -0.000900093 -0.00225995 -6.18437e-06 -0.00173477 -0.00202164 -0.00460141 5.5644e-05 -0.00271776 -0.00142179 -0.000513626 -0.00131099 0.000307019 -0.00125012 -0.00287041 -0.00137494 -0.000214987 -0.00335384 0.000179175 -0.00202286 -0.00258996 -0.00254389 -0.0027008 -0.000649456 -0.00213282 -0.00214269 -0.00191857 -0.00395451 -0.000409962 -0.00223761 -0.0019671 -0.00329246 -0.00257387 -0.000866871 -0.000816276 -0.00111093 -2.7992e-05 -0.00263006 -0.00279739 -0.000824709 
-0.00455469 -0.002924 -0.00298538 -0.000831904 -0.00225351 -0.00188369 -0.00313916 -0.00598436 -0.00339061 -0.00251429 -0.0030401 -0.0063112 0.00180979 0.0018394 0.224906 0.00155141 0.00137788 -0.00103177 0.0019542 -0.00466556 -0.00366034 -0.00671072 -0.0103717 -0.00481455 -0.00679842 -0.00687965 -0.00833667 -0.00946572 -0.00833668 -4.49471e-05 -0.00395711 -0.00600305 -0.00404708 -0.00549303 -0.00174473 -0.000978685 -0.00171591 -0.00223477 -0.00262908 0.00125672 -0.000874507 -0.000331204 -0.000874769 -0.00335976 -0.00131588 -0.000915472 -0.000821054 -0.00205896 -0.000652611 -0.00183682 -0.00110626 -0.00219865 -0.00206886 -0.00177848 -0.000779788 -0.000702698 -0.00125066 -0.00252537 -0.0019712 -0.00283006 -0.00330703 -0.00025099 -0.000230119 -0.00226345 -0.000165195 -0.0027262 -0.000101936 -0.00315066 -0.000712539 -0.0033933 -0.00161569 -0.00299417 -0.00168391 -0.000436799 -0.0001423 -5.07833e-05 -1.60709e-05 -0.00231571 0.000703276 -0.000820979 -0.00188233 -0.0024559 -0.00296556 -0.00142498 -0.00151569 -0.00166287 -0.00106439 -0.00404154 -0.00101222 -0.00100665 -0.00296481 -0.0034898 -0.000794464 -0.00174299 -0.00135183 -0.00328773 -0.00333704 -0.000288446 -0.00213716 -0.000608564 
-0.00274577 -0.00300002 -0.00535563 -0.00417414 -0.00354501 -0.00463156 -0.00191382 -0.00324058 -0.00250261 -0.00217421 -0.00344495 0.00302145 -0.00620419 -0.00601819 0.00155141 0.242515 0.00192181 0.00531916 -0.00223737 -0.00419299 -0.00166325 -0.00108233 -0.00469061 -0.00280934 -0.0046831 -0.00757001 -0.0059765 -0.0124396 -0.0111485 -0.00263779 -0.00477775 -0.00646159 -0.00498443 -0.00681154 -0.00225684 -0.00224422 9.41192e-06 -0.00254567 -0.00268307 -0.00351113 -0.00238573 -0.0045481 -0.00212412 -0.00270393 -0.0015514 -0.0019805 0.000670285 -0.000983308 -0.00361505 -0.00136992 0.00113982 -0.00244264 0.000209166 -0.00324021 0.00116444 -0.00331753 -0.00382806 -0.0038383 -0.00313613 -0.000472942 -0.000888591 -0.00188982 -0.00236167 -0.00134422 7.43848e-05 -0.00215217 -0.000328568 -0.00204063 0.000308881 -0.00162417 -0.00348031 -0.00100028 -0.00158612 -0.00208159 -0.000446995 -0.00193707 -0.0029913 -0.00252456 -0.00250591 -0.00107421 -0.00271179 -0.00115639 -0.003409 -0.00033555 -0.00272918 -0.00349565 -0.000904755 -0.00152711 -0.000394749 -0.00263845 -0.00155876 -0.0025764 -0.000889673 -0.000773996 -0.00322429 -0.00354533 0.000268933 -0.00361925 -0.00075014 -0.00177908 
-0.00396187 -0.00437187 -0.00405107 -6.97703e-05 -0.00334717 -0.00267876 -0.00424628 -0.00311034 -0.00416088 -0.0054483 -0.00468857 0.0015529 -0.00254446 -0.00394665 0.00137788 0.00192181 0.249954 -0.00179167 -0.00856761 -0.000746258 -0.00439905 -0.00858658 -0.0066076 6.54779e-05 -0.00282114 -0.0111813 -0.00350721 -0.00507985 -0.00335667 -0.00197343 -0.00483782 -0.00596286 -0.0030585 -0.00700598 -0.00226025 -0.00301769 -0.0029718 -0.00498174 -0.0038292 -0.00386525 -0.000815133 -0.00365276 -0.00197805 -0.00301643 -0.00149346 -0.00351632 -0.000907816 -0.00127407 -0.00270681 -0.00238712 -1.09547e-07 -0.00182277 -0.001997 -0.00354924 -0.001999 0.000213007 -0.00398008 -0.000958056 -0.00303361 -0.00164446 -0.00345286 -0.00275545 -0.00171745 -0.00144922 -0.00212371 0.00203466 -0.0019779 -0.00229705 -0.00367246 -0.0016722 -0.00118973 -0.00258072 -0.00437473 -0.00259836 -0.00060749 -0.0023781 -0.00534238 -0.00337358 -0.00303658 -0.00144009 -0.000899869 0.00167508 -0.00178118 -0.00218231 -0.000187332 -0.00200027 -0.00373155 0.000901078 -0.00105107 -0.00120798 8.49861e-05 -0.00122182 -0.00120214 1.63075e-05 -0.00179716 -0.00193017 -0.000631845 -0.001709 0.000346587 -0.00280226 
-0.00286688 -0.00262125 -0.00276992 -0.00341336 -0.00370598 -0.00375687 -0.00316221 -0.0010637 -0.000166633 -0.00365492 -0.0037073 -0.00569748 -0.00114731 -0.00525767 -0.00103177 0.00531916 -0.00179167 0.249314 0.00177779 -0.00702481 -0.00247493 -0.00205992 -0.00188667 -0.013169 -0.00737292 0.00527255 -0.00341179 -0.00545805 -0.00469234 -0.00400885 -0.00924869 -0.0065553 -0.00192918 -0.00463513 -9.72079e-05 -0.00299099 -0.00329417 -0.0016504 -0.00287157 -0.00218571 -0.00255595 -0.000902901 0.000308 -0.00270013 -0.00246522 -0.00335902 -0.00363478 -0.00258647 -0.00112568 -0.00259903 -0.00166681 -0.000551928 -0.0029819 -0.00253395 -0.00319551 -0.00171186 -0.00311207 -0.000836756 -0.0032943 -0.00108883 0.00133615 -0.00184629 -0.00218636 -0.000500825 -0.00173013 -0.00194795 -0.00144083 -0.00353793 -0.00190122 -0.000530339 -0.00430374 -0.00413531 -0.00133165 -0.00150456 -0.00501124 -0.00335084 -0.00312167 -0.000577794 -0.00246486 4.12563e-05 -0.000772071 -0.0035315 -0.00240093 -0.00296204 -0.00159377 -0.00193559 -0.00190905 -0.00276747 -0.00117791 -0.00224305 -0.00330559 -0.00122357 -0.00204821 -0.00125046 -0.00455453 -0.00400181 -0.00389152 -0.0027403 0.000519666 -0.00242031 
5.97204e-06 -0.0023218 -0.000885954 -0.00520535 -0.00142806 -0.00187373 -0.00180078 -0.00520554 -0.00360444 -0.0078723 -0.00338519 -0.00494915 -0.00787439 -0.00318068 0.0019542 -0.00223737 -0.00856761 0.00177779 0.249564 -0.00441351 -0.0104405 -0.00153447 -9.46106e-05 -0.00564599 0.00227873 -0.00626141 -0.00161666 -0.00711283 -0.004915 -0.00758075 -0.00204265 -0.00128125 -0.00274693 -0.00130605 -0.00248388 -0.00119268 -0.00561776 -0.00397181 -0.000328616 -0.00360189 -0.000896262 -0.000192171 -0.00385073 -0.00395068 -0.00399377 -0.00196878 -0.00194499 -0.00320165 -0.00133536 -0.00109464 -0.00227299 0.0011097 -0.000734319 -0.00275153 -0.000685024 -0.00368893 -0.000308945 -0.0023007 -0.00267199 -0.00162719 -0.00150861 -0.000705235 -0.00334634 -0.00127618 -0.000788722 -0.00123522 -0.00117438 -0.00316587 -0.00401758 -0.00371586 -0.00156172 -0.00292464 -0.00387731 -0.00407028 -0.00322764 -0.00183057 -0.00248316 -0.000390979 -0.0013928 -0.00223176 -0.00127071 -0.003765 -0.0010149 -4.7901e-05 -0.00345936 -0.00118679 -0.00170469 -0.00442026 -0.00381587 -0.00258884 -0.00288455 -0.00102725 -0.0023424 -0.00284041 -0.000295139 -0.000900796 -0.0018784 -1.08363e-05 0.000305963 -0.00256513 
-0.00283131 -0.000794997 -0.000969501 -0.00688524 -0.00440282 -0.00312073 -0.00354104 -0.00197079 -0.00830698 -0.00329584 -0.00245513 -0.00559678 -0.00931221 -0.00433648 -0.00466556 -0.00419299 -0.000746258 -0.00702481 -0.00441351 0.245904 -0.000925934 -0.00156863 -0.000581498 0.00534903 0.00236421 -0.00812109 -0.0103266 0.00144004 -0.0023711 -0.00334051 -0.00649405 0.00309825 -0.00297185 -0.000951679 -0.00705746 -0.00358405 -0.0019448 -0.00459916 -0.000632467 -0.00334151 -0.000204796 -0.00322881 -0.00254896 -0.00363601 -0.00491144 -0.00174864 -0.00149247 -0.002456 -0.000575617 -0.00094125 -0.00276622 -0.000895267 -0.00176471 -0.00140328 -0.00323616 -0.000959145 -0.00263155 -0.0033981 -0.00134259 -0.00304344 -0.00217154 -0.00244155 -0.000466306 0.000480573 -0.00143336 -0.00338901 -0.00331823 -0.00332014 -0.00099498 -0.00290543 -0.00304308 -0.000498167 -0.00361321 -0.00223047 -0.00324074 -0.00218545 0.00027995 -0.00109615 -0.00267561 -0.00286793 -0.00257155 -0.00181229 -0.00178149 -0.000400358 -0.00196246 -0.00313828 -0.00016634 -0.00377739 -0.00165278 0.000236734 -0.00153505 -0.00319307 -0.00162328 -0.00276437 -0.00105991 -0.00275482 -0.00163864 -0.00200433 -0.00083476 -0.00173048 
-0.00236697 -0.00065383 -0.000614613 -0.000510021 -0.000182161 -0.00352805 -0.00368617 -0.00183432 -0.00304565 -0.00412614 -0.00419701 -0.00244574 -0.00207258 0.00241004 -0.00366034 -0.00166325 -0.00439905 -0.00247493 -0.0104405 -0.000925934 0.249885 0.00347817 0.00105185 -0.0134724 -0.00490123 -0.00593302 -0.00641852 -0.00931939 -0.00466942 -0.00672291 -0.00206569 -0.0030701 -0.0039412 -0.00517637 -0.00253003 -0.00305782 -0.00528603 -0.0015249 -0.00330839 -0.00217679 -0.00337616 -0.00232487 -0.00199675 -0.00086752 -0.00325669 -0.00250974 -0.00107169 -0.000560908 -0.00132356 -0.0033071 -0.00206547 -0.00276956 -0.00222319 -0.000508654 -0.00235496 -0.00114157 -0.00241545 -0.00347041 -0.00528386 -0.00190983 -0.00168548 -0.00239214 -0.00154337 -0.00141309 -0.00418048 -0.00273543 -0.000247621 -0.0024881 -0.00206949 -0.0043467 0.000667468 -0.00139017 -0.000326656 -0.000534692 -0.00368206 -0.00252056 -0.00142836 -0.000766654 -0.00372497 -0.00346627 -0.00343489 -0.0024024 -0.00471046 -0.00371045 -0.000930624 0.000541549 -0.00052969 -0.000890118 -0.002107 -0.00117469 -0.0017616 -0.0017421 -0.000147705 -0.00129105 -0.00124183 -0.00323189 -0.00226946 -0.000894824 -0.00417301 0.000691174 
-0.00187716 -0.00204924 -0.00335522 -0.000554901 -0.00176584 -0.00530482 -0.00180662 -0.0031119 0.00200911 -0.00670601 -0.00457271 -0.00418736 -0.00241436 -0.00578523 -0.00671072 -0.00108233 -0.00858658 -0.00205992 -0.00153447 -0.00156863 0.00347817 0.249866 -0.00652516 0.00372126 -0.00679256 -0.000685525 -0.00694614 -0.00474567 -0.00712898 -0.00165924 -0.00389795 -0.00874852 -0.0040854 -0.0039412 -0.00258701 -0.00282646 -0.00551638 -0.00365553 -0.00154736 0.000584209 -0.00339585 -0.00267799 -0.00217328 -0.00184259 -0.00188228 -0.00248445 -0.00243231 -0.00361564 -0.00247416 -0.00136225 -0.0018395 -0.00258803 -0.00128431 -0.0034551 -0.00327763 -0.00233533 -0.00176198 -0.00147063 -0.0018083 -0.00115317 -0.00253358 -0.00190202 -0.00226024 -0.0033521 -0.00229475 -0.00163897 -0.00112677 -0.00278484 -0.00261213 -0.00489139 -0.00098147 -0.00305882 -0.00066393 -0.00100108 -0.00156702 -0.00263897 -0.00239355 -0.00107927 -0.00224359 -0.00531603 0.00104656 -2.33089e-05 -0.00330804 -0.00242558 -0.000232669 -0.00229454 0.000608625 -0.00475718 -0.00213266 -0.000508958 -0.000990848 -0.00122541 -0.00186154 -0.00169846 -0.00221635 0.000652511 -0.00551728 -0.00236504 -0.00170958 -0.000720384 
-0.000407121 -0.00482124 -0.00449169 0.00068506 -0.00437293 -0.00267832 -0.000917921 -0.00367467 -0.00395012 -0.00472451 -0.00351585 0.00355582 -0.00618744 -0.00652996 -0.0103717 -0.00469061 -0.0066076 -0.00188667 -9.46106e-05 -0.000581498 0.00105185 -0.00652516 0.248825 -0.000407152 0.0011342 -0.00477068 -0.00602315 -0.00983725 -0.00523202 -0.00297192 -0.00331637 -0.00301544 -0.00246535 -0.000231187 -0.0040519 -0.000850846 -0.000474593 -0.00332402 -0.00126296 -0.000343593 -5.25666e-06 -0.00148919 -0.00441664 -0.00224113 -0.0022161 -0.00404937 -0.00220159 -0.00321858 -0.0019173 -0.00177866 -0.00146857 -0.00248716 -0.00202941 -0.00349859 -0.00401463 -0.00291389 -0.00228296 -0.00020652 -0.0034869 -0.00127993 0.000182507 -0.00322901 -0.00349816 -0.00158706 -0.00285515 -0.00183504 -0.00177366 -0.00102936 -0.0022137 -0.00424191 -0.00241037 -0.00168765 -0.00332347 -0.00332624 -0.000488131 -0.00262784 -0.00160891 -0.00352565 -0.00450184 -0.00289015 -0.00324372 -0.00256431 -0.00242278 -0.00263197 -0.00180502 -0.00158683 0.000651849 -0.000744443 -0.00265169 -0.00177703 -0.00402325 -0.00129954 -0.000145649 -0.00317396 -0.000375351 -0.000575822 -0.000504707 2.04213e-05 -0.00331741 -0.0018 
-0.00319424 -0.00272039 -0.00331348 -0.00167823 -0.00124502 -0.000316426 -0.00305382 -0.00186866 -0.00273792 -0.00292254 -0.00575073 0.000626131 -0.00549459 -0.0025531 -0.00481455 -0.00280934 6.54779e-05 -0.013169 -0.00564599 0.00534903 -0.0134724 0.00372126 -0.000407152 0.24994 -0.00125286 -0.00474886 -0.00868567 0.00237795 -0.00353229 -0.00837588 -0.00366878 0.00556545 -0.00221217 -0.00550944 -0.0026516 -0.00370317 -0.00205079 -0.0012327 -0.00179852 -0.00379377 -0.00214779 -0.00244307 -0.00190604 -0.00063085 -0.000347868 -0.00132821 -0.000738572 -0.00299396 -0.0023274 6.53638e-05 -0.00313723 -0.00522718 -0.00390532 -0.0031731 -0.00308521 0.000406231 -0.00333851 -0.00301652 -0.00451528 -0.00190379 -0.00317807 -0.00322565 0.000485898 -0.00327223 -0.0027698 -5.73571e-05 -0.00441815 -0.00198063 -0.00185317 -0.000550987 -0.0024939 -0.00191122 -0.00392263 -0.00356902 -0.000493183 -0.0024397 -0.00169229 -0.0012904 -0.00425368 -0.00319929 -0.00121925 -0.00100224 -0.00420666 -0.00132204 -0.00182812 -0.00325114 -0.00444842 -0.00142256 -0.00290659 -0.0031517 -0.00159991 -0.00169228 -0.00181012 -0.00173867 -0.00270568 -0.000316687 -0.00147249 -0.000962865 -0.00478972 -0.00363435 
-0.000916664 0.00317518 -0.001224 -0.0022111 -0.000636557 0.00201731 -0.00138239 -0.000922274 -0.00354854 -0.00311731 -0.00346482 -0.00691986 -0.00184404 -0.0115768 -0.00679842 -0.0046831 -0.00282114 -0.00737292 0.00227873 0.00236421 -0.00490123 -0.00679256 0.0011342 -0.00125286 0.249926 0.00164647 0.000313458 -0.00228994 -0.00409446 -0.000967635 -0.00180777 -0.00226772 -0.00742939 -0.00100192 -0.00217124 -0.00190918 -0.000599875 -0.000577667 -0.00368269 -0.0031793 -0.00298904 -0.00382082 -0.00203792 -0.00252529 -0.00221687 -0.00134158 -0.00339391 -0.00133022 -0.00168766 -0.00224848 -0.00317466 -0.00192886 -0.00294405 -0.0015005 -0.00209031 -0.00194524 -0.0012908 -0.00571071 -0.0031316 -0.00236017 -0.00648245 -0.00462406 -0.00199928 -0.00329036 -0.00487292 -0.00304492 -0.000987991 -0.00356869 -0.00327616 -0.000282337 -0.00376051 -0.00248518 -0.000501067 -0.00316395 -0.00359442 -0.00196786 -0.00210834 -0.00260697 -0.00341321 -0.00217329 -0.00554738 -0.000388708 -0.00563453 -0.00291486 -0.0014321 -0.00314295 -0.00355471 -0.00259519 -0.00125508 -0.00157673 -0.00173594 -0.00119495 -0.00424148 0.000333809 -0.00210753 -0.00302554 -0.00258095 -0.00214278 -0.0032746 -0.00260573 
-0.00113015 -0.00257312 9.46137e-05 -0.00170898 -0.00347934 -0.00228367 -0.00193915 -0.00236362 -0.00348241 -0.00378225 -0.00542237 0.000987612 -0.00538078 -0.00823849 -0.00687965 -0.00757001 -0.0111813 0.00527255 -0.00626141 -0.00812109 -0.00593302 -0.000685525 -0.00477068 -0.00474886 0.00164647 0.233187 0.000472234 -0.0016138 -0.00256989 0.00204632 -0.00214744 -0.00393842 -0.00205372 -0.00400608 -0.00227084 -0.00487716 -0.00409223 -0.00174327 -0.00254019 -0.00179155 -0.00161658 0.00106848 -0.00240094 -0.00184874 -0.00118129 -0.00127018 -0.00126719 -0.000329674 -0.000203789 -0.000466091 -0.00282821 -0.00209132 -0.00335442 -0.00149677 -0.00173275 -0.00154534 -0.000467757 -0.00164774 -0.00163321 -0.00149188 -0.00558353 -0.00112998 -0.00149612 -0.00168028 0.000812811 -0.00191188 -0.00357717 -0.00206444 -0.00185746 -0.00222186 -0.00198086 -0.000333455 -0.00169073 -0.00292016 -0.00345358 -0.00190641 -0.00559149 -0.00220701 -5.17076e-05 -0.000896601 -0.00182367 -0.00121984 -0.00218321 -0.00235703 -0.00375741 -0.00162961 -0.0026715 -0.000142572 -0.00341525 -0.00244372 -0.00212447 -0.00242206 -0.00182594 -0.00118887 -0.00281702 0.000584712 -0.00312388 -0.00241185 -0.00308804 -0.00251762 
3.91673e-05 -0.00232842 -0.000117908 -0.0030181 6.53938e-05 -0.00181556 -0.00461047 -0.00203725 9.44818e-05 -0.00587592 -0.00359741 -0.0025056 -0.00376324 -0.00538468 -0.00833667 -0.0059765 -0.00350721 -0.00341179 -0.00161666 -0.0103266 -0.00641852 -0.00694614 -0.00602315 -0.00868567 0.000313458 0.000472234 0.229964 -0.00194967 -0.00475647 -0.00385066 -0.00305447 -0.00386505 -0.00153904 -0.00345219 -0.00293292 -0.00168392 0.000301562 -0.00482852 -0.00262902 -0.00481984 -0.00235829 -0.00255574 -0.0012014 0.00017876 -0.00133246 -0.00205001 -8.78305e-05 -0.00102806 -0.00157581 -0.0033557 -0.00169178 -0.00231761 -0.0042073 -0.00213949 -0.00201165 -0.00192723 -0.00155018 -0.000325979 -0.00170235 -0.00187808 -0.00227402 -0.000820669 -0.00256299 0.000257339 -0.00164946 -0.00219464 -0.00174932 -0.00134691 -0.000779598 -1.94181e-05 -0.00240431 -0.0012187 -0.000851399 -0.00311302 -0.00039511 9.53512e-05 -0.00306489 -0.00141603 -0.00152487 -0.00120216 -0.00175151 -0.00103803 0.000665749 -0.00205436 -0.00059768 -0.000147806 -0.00519418 -0.00257641 -0.0003247 -0.00166061 -0.00378527 -0.00342355 -0.00146569 -0.00210701 -0.00198122 -0.0006811 -0.000387501 -0.000906557 -0.000534252 -0.00228048 
-0.00206478 0.000317092 -5.44871e-05 -0.000445718 -0.00237073 -0.00161887 -0.00404961 0.000272534 -0.00289951 -0.00211451 -0.00186326 -0.00652655 -0.00441872 -0.0022909 -0.00946572 -0.0124396 -0.00507985 -0.00545805 -0.00711283 0.00144004 -0.00931939 -0.00474567 -0.00983725 0.00237795 -0.00228994 -0.0016138 -0.00194967 0.20275 -0.00140303 -0.00236412 -0.00352306 0.00234499 -0.0035114 0.000884623 -0.000735017 -0.00285179 -0.000420543 -0.00141505 -0.000450452 -0.000356104 -0.00273767 -0.00320313 -0.00208477 -0.00149822 -0.0017945 -0.000838135 -0.0020778 -0.00144786 -0.00076242 0.000122344 -0.00327936 -0.0020192 -8.27708e-05 -0.0012156 -0.00209591 -0.00141417 -0.00135696 0.00142033 -0.00258314 -0.0028106 -0.00149568 -0.00118193 -0.00191983 -0.00197298 -0.00257642 -0.0036681 -0.00147059 -0.00351786 -0.00187021 -0.000903011 -0.00209485 -0.0020736 -0.00252502 -0.00160137 0.00188038 -0.000386453 0.000893491 -0.000749236 -0.00298995 -0.00315009 -0.00255114 -0.000232367 -0.00173561 -0.00143314 -0.00146864 -0.000120878 -0.00280205 -0.000621435 -0.0016564 -0.000348417 -0.00192071 -0.00152536 -0.000437547 -0.00252878 0.000375071 -0.00226668 -0.00147795 -0.00302213 -0.00291361 0.00049375 
-0.00211691 0.000454245 -0.00217341 -0.00154475 -0.0012195 -0.00148981 -0.00234056 -0.00177625 -0.00297331 -0.00213486 -0.000472958 -0.00740177 -0.00411372 -0.00546136 -0.00833668 -0.0111485 -0.00335667 -0.00469234 -0.004915 -0.0023711 -0.00466942 -0.00712898 -0.00523202 -0.00353229 -0.00409446 -0.00256989 -0.00475647 -0.00140303 0.160984 7.86808e-05 -0.00204498 0.00200755 0.000598262 0.000378991 -6.88304e-05 -0.000682515 -0.00167795 -0.00111593 -5.97161e-06 -0.000561381 -0.00029602 -0.00091623 -0.0015003 -0.001435 -0.00170203 -0.000242805 -0.00243633 -0.000866991 0.000815898 -0.0018072 -0.00168169 -0.000533818 -0.000583154 -0.00153345 -0.000618976 -0.00117249 -0.00119714 -0.00032464 0.000557251 -0.00153007 0.000501274 -3.91713e-06 0.000412408 -0.00225352 -0.00230925 -0.000690423 -0.00128354 -0.00163955 -0.00115156 -0.00108058 -0.00239621 -0.00085773 -0.00240826 0.000767881 -0.00221412 -0.0010197 -0.000921686 -0.000855586 0.00019787 -0.00199329 -0.00126922 -0.000585442 0.000683293 -0.00167197 -0.00169243 0.000210334 6.17638e-05 -0.000533106 0.000169631 -0.000706364 0.000498167 0.000214587 -0.00100285 -0.000905832 -0.00108596 -0.00228506 -0.000215439 -0.00133481 -0.00192578 -0.00133702 
-0.000924999 -0.00114843 -0.000670319 -0.00088228 -0.00262483 -0.00266515 -0.0031585 -0.00252685 -0.00355549 -0.00212881 -0.00276446 -0.00374955 -0.00225233 -0.00579695 -4.49471e-05 -0.00263779 -0.00197343 -0.00400885 -0.00758075 -0.00334051 -0.00672291 -0.00165924 -0.00297192 -0.00837588 -0.000967635 0.00204632 -0.00385066 -0.00236412 7.86808e-05 0.160032 -0.000368217 -0.00107233 -0.0012108 0.000393936 -0.00204521 -0.00208683 -0.000506998 -0.00217289 -0.00276493 -0.00195279 -0.000574653 -0.00174828 -0.000656368 -0.00205271 -0.000810847 -0.000202194 -0.00165227 -0.00165717 -0.00197185 -0.00206993 -0.000660308 -0.000611616 -0.00137445 -0.00222683 -0.00056085 -0.0012067 0.000285067 -0.000724774 0.00096622 3.33997e-05 -0.00149784 -0.00129304 -0.00207311 -0.00190316 0.000142708 0.000399524 -0.00199459 -0.00230309 -0.00130703 -0.00163377 -0.0020466 -0.000183399 -0.00029506 -0.00025079 -0.00141072 -0.000108589 -0.00227571 -0.00195311 -0.00207142 -0.000672315 -0.00141148 -0.00169573 -0.00163185 -0.00142739 -0.000606717 -0.00123644 -0.00115964 -0.000616755 -0.00149717 -0.000973095 -0.00233581 -0.000533062 -0.000270276 -0.00138135 -0.00137468 -0.00144414 -0.000116785 -0.00203459 9.62794e-05 -0.00116301 
0.000450726 -0.000287393 -0.000564289 -0.00180763 -0.000468151 -0.00244358 -0.000914884 -0.00116424 4.22754e-05 -0.00256462 -0.0019088 -0.00433777 -0.0048512 -0.00243235 -0.00395711 -0.00477775 -0.00483782 -0.00924869 -0.00204265 -0.00649405 -0.00206569 -0.00389795 -0.00331637 -0.00366878 -0.00180777 -0.00214744 -0.00305447 -0.00352306 -0.00204498 -0.000368217 0.154094 -0.00402202 -0.000311526 3.142e-06 -6.61339e-05 0.000456105 -0.00175303 -0.000732294 -0.00119334 -0.00247355 -0.00111781 -0.00277143 -0.000994768 -0.00147336 -0.00108548 -0.00210657 -0.00122116 -0.000725143 -0.00164121 -0.000504897 -0.00128343 -0.00105423 -0.000685411 0.000852483 -0.000335107 0.000958515 -0.00129971 -0.00133967 -0.00109852 -0.00198303 -0.000420212 -0.000590327 -0.000530667 -0.00110368 -0.000533205 -0.00231735 -0.00119839 -0.000105219 -0.000753869 -0.00108315 -0.00018418 -0.000590029 -0.000381648 -0.00146595 -0.00175894 -0.000754172 -0.00205522 -0.000106965 -0.000553043 0.000524731 -0.000480142 -0.00151976 -0.00111764 -0.00245908 -0.00160915 -0.001148 -0.00284259 -0.00203968 -0.00101829 -0.00186859 -0.000981112 -0.00124563 -0.000636219 -0.000235265 -0.00129118 -0.000610829 -0.00134106 -0.00127298 -0.00214094 -0.000767368 
-0.00145999 -0.00147346 -0.000889417 -0.000856486 -0.00174859 -0.0018642 -0.00099478 -0.00172809 -0.00338039 -0.0039435 -0.00261022 -0.00714185 -0.00290697 -0.00532799 -0.00600305 -0.00646159 -0.00596286 -0.0065553 -0.00128125 0.00309825 -0.0030701 -0.00874852 -0.00301544 0.00556545 -0.00226772 -0.00393842 -0.00386505 0.00234499 0.00200755 -0.00107233 -0.00402202 0.150356 0.00149838 -0.000759139 -0.00193507 -0.00027778 -0.00118069 -0.000375024 -0.00172133 9.64614e-05 -0.00119919 -0.000735251 -0.00201312 -0.000305093 -0.000546377 -7.90655e-05 -0.00149581 -0.00123444 -9.13265e-05 -0.00217119 -0.000444098 -0.000664781 -0.00114782 -0.000679751 -0.000927494 -0.0012542 0.000439076 -0.00168236 -0.0010244 -0.00206974 -0.00294259 -0.00132376 0.000243562 -0.000924963 -0.00183162 -0.00219596 -0.00123449 -0.000768275 -0.0011805 -0.000868926 -0.000244962 -0.00132773 -0.00212436 5.35e-05 -0.00121451 -0.00177 -0.00150382 0.000182413 -0.00112227 -0.000216501 -0.00144502 -0.00177758 -0.00103127 -0.000120481 -0.000942205 -0.00132604 -0.00243544 -0.00183184 -0.0012824 -0.00111874 -0.00128662 -0.00154354 -0.000855917 -0.00141338 -1.89551e-05 -0.00110344 -0.00160873 -0.00161382 -0.0013676 -0.000363141 
