0.0817344 -0.000657054 3.94393e-05 -0.000148809 -0.00017138 -0.000527946 -0.000242322 -0.000924966 -0.000931622 -0.00235393 -0.00122109 -0.0006843 -0.00328501 -0.00162791 -0.000258138 -0.00458749 -0.00121858 -0.00128841 -0.00437876 -0.00398464 -0.00150489 -0.00337325 -0.00166168 -0.000856682 0.00107866 -0.00360602 -0.00199169 -0.000717607 -0.00287088 -0.00150757 -0.00180392 -0.00116551 -4.4624e-05 -0.00107262 -0.00017566 -0.000585832 -0.000711551 -0.00160494 -2.65049e-05 -0.00165255 -0.000117926 -0.00173354 -0.000564575 -0.0010023 0.000131338 0.000402878 -6.1956e-05 -0.000215403 -0.00025291 -0.00103953 -0.00040556 -0.000628344 -0.000422291 0.000180932 -0.000228402 -0.000392923 0.000202373 -0.000766481 -0.00155311 -0.00114944 -0.0004422 -0.000345387 -0.000252806 -0.000401702 0.000289913 3.62952e-05 -0.000390268 -0.000498802 -0.000967975 -0.000231554 -9.67361e-05 5.56506e-05 -0.000523906 -0.000552295 -0.000924765 -0.00109613 -0.0003509 -0.000767332 -0.000857844 -0.000797941 -0.00132297 -0.00123115 -0.000605659 -0.00115836 -0.000107034 -0.000472401 -3.39917e-05 1.76542e-05 4.87208e-05 -0.00102285 -0.00101073 -0.00120004 0.000498043 -0.00059735 0.000445237 -0.00149778 6.54454e-05 0.000681479 0.000106428 -0.000295031 
-0.000657054 0.0837667 -0.000289791 -0.000256223 1.08901e-05 -0.00117139 0.000152218 -0.00123492 -0.00123292 -0.00241942 0.000443948 -0.00307278 -0.00345863 -0.00348825 -0.00143621 -0.000775412 -0.000112294 -0.00551991 -0.00431093 -0.00462682 -0.00290274 0.000150269 -0.000824465 -0.00257712 -0.00570351 -0.000876422 -0.00197017 -0.00168101 -0.000760816 -0.000644732 -0.000397529 -0.00152154 -0.000186119 0.000317298 -6.78837e-05 0.000442639 -0.00129653 -0.000546134 -0.000909583 -0.000426923 -0.000553456 -0.000885546 -0.000562383 -0.000679365 -0.000529512 3.87331e-05 -0.000731601 -0.000138112 -0.00139591 -0.000746202 -0.000602787 -0.000554151 -0.000382069 -0.000252069 -0.000531516 -0.000456068 -0.000508383 -0.000290586 -0.000156445 -0.000672972 -0.00129396 -0.000270171 -0.000375822 -0.000546273 0.000123788 0.000298741 0.000369424 -0.000200264 -0.000284402 -0.000323961 -0.0011265 -0.00083487 -0.00118237 0.000247926 0.000204732 -0.00148315 -0.000849068 0.000634559 0.000317613 0.000961919 -0.000646048 -0.000378435 -0.000868252 -0.000783949 -0.000719757 -0.000611739 -0.000821405 -5.96318e-05 -0.00154964 -0.000792543 0.00028479 -0.000763613 0.000138084 -0.000632039 -0.000350916 -0.000922468 -0.000639869 -0.000405706 -0.000522097 -0.000680001 
3.94393e-05 -0.000289791 0.09271 -0.000400861 -0.000696203 0.000343837 -0.00157817 -0.00120268 -0.00112365 -0.00211537 -0.00141546 -0.00132313 -0.00205719 -0.00263751 -0.00214708 0.000619554 -0.000372831 -0.00276464 -0.00253064 -0.00458329 -0.000232756 -0.00158133 -0.000650268 -0.00121233 -0.00377625 -0.00225614 -0.00361196 -0.00169521 -0.00147231 -0.00360815 -0.000556932 -0.00113168 -0.00141773 -0.00166758 8.1644e-06 -0.000984101 -0.000680683 -0.000652881 -8.62308e-05 -0.000537303 -0.00123235 -0.00188348 -0.00122196 2.42431e-06 9.18443e-05 -0.00127745 -0.00129529 6.9967e-05 -0.000769182 2.87107e-05 -0.000523871 -0.00113603 -0.000248352 2.60846e-05 -0.000558375 -0.000627031 -0.0001042 -0.000443925 -0.000717116 -0.00133979 -0.000832762 -0.000114176 -0.000271757 -0.00119159 0.000101479 0.00087533 -0.00157843 -0.000391804 -0.00131323 -0.000957619 -0.000503614 -0.000899179 -0.00164524 -0.00161135 -0.000146386 -0.00117657 -0.000384057 -0.000338538 -0.000614408 -0.001008 -0.000568196 -0.0011209 -0.000618015 -0.000712625 -9.56981e-05 -0.00108989 -0.001093 -0.000599225 -0.00095752 -0.000389144 -0.000596378 -0.000158268 0.000473996 -0.000872741 -0.000191592 -0.000144689 -0.000743108 -0.000745089 0.00019303 -0.00148037 
-0.000148809 -0.000256223 -0.000400861 0.0925504 -0.000380726 -0.000854143 -0.000395898 -3.18898e-06 -0.000839517 -0.00112508 -0.00184035 -0.000837415 -0.00242523 -0.000556387 -0.00280587 0.000465143 -0.00320596 -0.000980245 0.000742478 -0.000745352 -0.00582178 -0.00444846 0.001247 -0.000663798 0.000103995 -0.00143217 -0.0036048 -0.00146336 -0.00339266 -0.00231698 -0.00128183 -0.00134149 0.000304197 -0.00045992 -0.000971657 -0.00116064 -0.00109882 -0.000913363 -0.0005526 -0.00116857 -0.000569764 -0.00106511 -0.000496348 -0.000890125 -0.00135606 -0.00195414 -0.000350702 -0.00131849 -0.000151568 -0.000633654 -0.000511109 -0.000277407 -0.000285378 -0.000804495 -0.00114723 -0.000966737 -0.000566264 -0.00136351 -0.00189742 -0.000140306 -0.000257435 -0.000786094 -0.000342806 -0.00107832 -0.00154268 -0.000709758 -0.000308359 -0.000561656 -0.000939908 -0.000191732 -0.000883462 -9.52406e-05 -0.00039798 -0.00088034 -0.00112417 -0.000591814 -0.00199579 -0.000298255 -0.000750949 -0.00135403 -0.00151611 -0.000769697 -0.00122994 -0.000514286 0.000585417 -0.00113782 -0.000726478 -0.00113685 -0.000299291 -0.000630977 -3.06383e-05 -0.000383163 -0.000431261 -0.00142415 -0.00121415 -0.00106021 -0.000275982 -0.000433972 -0.000592545 -0.000460411 
-0.00017138 1.08901e-05 -0.000696203 -0.000380726 0.0883792 -0.000302077 -0.000750037 -0.000488874 -0.000772307 0.000167096 0.000773909 -0.00148902 -0.00206653 -0.00277746 -0.000825671 -0.00157172 -0.00334606 -0.00225977 -0.00261619 -0.00308009 -0.00236497 9.95502e-05 -0.00176908 -0.00316505 -0.0026011 -0.00409679 0.00113844 -0.000321559 -0.00082154 -0.0017127 -0.00266246 -0.00214846 -0.00064611 -0.00109842 -0.00147852 -2.52572e-06 -0.00117377 -0.00187305 -9.24164e-07 -0.00108069 -0.000152378 -0.00116272 -0.000853471 0.00029587 -0.00121534 -0.00174722 -0.00130212 -0.000919399 8.17615e-05 -0.00134108 5.92729e-05 0.000388455 -0.000855637 -0.000461248 -0.000195014 -9.24261e-06 -0.000573745 -0.00108377 -0.00126186 -0.000313006 -0.000713691 -8.95438e-07 -0.000406255 -0.000928712 -0.00142881 -0.0008384 -0.000762585 -0.000598537 -0.00118514 -0.000191888 -0.00071753 -0.000607437 -0.000411169 -0.00022318 -0.000243059 -0.000846792 -0.000703135 -0.000883535 -0.00029278 -0.000662242 -0.000753639 -0.000918468 -0.000468001 -0.0012806 -0.000321059 -0.000838669 -0.000275684 1.71218e-05 -0.00105173 0.000117535 0.0004583 -0.000839156 -0.000310999 -0.000884078 -0.000164195 -0.000815257 -0.00154217 -0.000279506 -0.00142336 -0.00111602 
-0.000527946 -0.00117139 0.000343837 -0.000854143 -0.000302077 0.0919042 -0.000276896 0.000700704 -0.000725558 -0.000421538 -0.00199343 -0.00240138 -0.00156885 -0.00260428 -0.00283825 -0.00212574 -0.00339331 -0.0047359 -0.00594367 -0.00130703 -0.00112207 -0.00162323 0.000485421 -0.00160335 -0.00250097 -0.000752069 0.000826131 -0.0021434 -0.000472364 -0.000117741 -0.00169656 0.000524396 -0.0014914 -0.000815335 -0.00145413 -0.0008249 -0.000646556 -0.00188075 -0.00101015 -0.00172817 -0.00148123 -0.000590842 -0.0016328 -0.000391586 -0.000603801 -0.00110861 -0.000879396 -0.000487502 -0.000351162 -0.000140271 -6.06973e-05 -0.0010928 7.51365e-05 2.04671e-05 -0.000730209 -0.000958362 -0.00121998 -0.000309568 -0.00046538 -0.00102276 -0.000370955 -0.00107236 -0.000188941 -0.000113402 0.000634907 -0.00105709 -0.000482441 -0.000623289 -0.000528844 -0.000747499 -0.000963036 -0.000678449 -0.00109027 -0.000686664 -0.000721178 -0.000727894 -0.000710703 -0.000373179 -0.000322569 -0.000871852 -0.000884874 0.000602158 -0.000717592 -0.000564555 -0.000961201 -0.000885786 -0.00100974 -0.000887335 -0.000152585 -0.00048974 -0.0011391 -0.000694138 0.000558665 -0.00100556 -0.000106566 -0.0011848 -0.000259924 -0.00152592 -0.00151806 -0.00175638 
-0.000242322 0.000152218 -0.00157817 -0.000395898 -0.000750037 -0.000276896 0.102735 -0.000788003 -0.000894774 -0.000760331 -0.00269285 -0.0010134 -0.000277813 0.000541036 -0.00172561 -0.00132169 0.000240337 -0.000575928 -0.00294195 -0.00103538 -0.00748885 -0.00326794 -0.0032614 -0.00426248 -0.00238159 -0.00263878 -0.00249964 -0.000784418 -0.00244184 -0.00204248 -0.00317949 -0.00277941 -0.000804676 -0.000881908 -0.00100139 -0.00186172 -0.00191358 -0.000496189 -0.000744471 -8.12927e-05 -0.000565475 -0.000864986 -0.000184664 -0.00123999 -0.00082085 -0.00102196 -0.0013568 -0.000840284 -0.00042434 -9.58718e-05 -0.000889467 -0.00158438 -0.000584686 -0.00121344 -0.000170169 7.24034e-05 -0.000477599 -0.000284948 -0.00060385 -0.000162472 -0.00129829 -0.000242808 -0.000437886 -0.000335226 -0.000318016 -0.00173254 -0.00163429 -0.000984211 -0.00101873 -0.000883536 -0.00091398 -0.000977546 -0.000833754 -0.00142487 0.000301635 -0.000114351 -0.000152298 -0.000175519 -0.000233524 0.000234297 0.00137746 -0.000814883 -0.000280416 -0.000495908 -0.000942072 -0.0010236 -0.000988412 -0.000959605 -0.000785389 -0.00191988 -0.000658288 -0.000840174 -0.000151926 -0.0015815 -0.000164743 -0.000953661 -0.00205226 0.000349183 -0.000882033 -0.00132665 
-0.000924966 -0.00123492 -0.00120268 -3.18898e-06 -0.000488874 0.000700704 -0.000788003 0.109779 0.00156644 -0.000549305 -0.000645714 -0.00232594 -0.0012082 0.000606866 -0.00348334 -0.00330928 -0.00351058 -0.00610623 -0.000659464 -0.00467313 -0.000970362 -0.00385204 -0.000454954 -0.00165117 -0.0036137 -0.000490856 -0.00357656 4.22669e-05 -0.00529216 0.000546047 -0.00291274 -0.00167659 -0.00112045 -0.00128462 -0.00215225 -8.70577e-05 -0.00163173 -0.00216854 0.000392938 -0.00114699 -0.000757709 -0.00167816 -0.00162979 -0.00131356 -0.000754573 -0.00151542 -0.0011569 -0.00161556 -0.00133231 -0.000164212 -0.000769877 0.000604755 0.000484743 -0.00100584 0.000503837 -0.00133502 -0.00123139 -0.000542152 -0.00104048 -0.000929988 -0.000597 -0.00100709 -0.000214983 -0.000346986 -0.000198395 -0.000643563 -1.82818e-05 -0.00123864 -0.00021756 -0.00116204 -0.00132314 -0.00108277 -0.00115432 -0.000825388 -0.000879388 -0.000790832 -0.00100184 -0.00146429 -0.000381046 -0.000563763 -0.00084542 -0.000770545 -0.000895955 -0.00110724 -0.00142215 -0.000678759 -0.000329466 -0.00197373 -2.22435e-05 -0.00109578 -0.000315434 -0.0012252 -0.000797388 -0.000680898 0.000819614 -0.00121521 -0.000795219 -0.000573872 -0.00182894 -0.000392841 
-0.000931622 -0.00123292 -0.00112365 -0.000839517 -0.000772307 -0.000725558 -0.000894774 0.00156644 0.109185 -0.000867619 -0.00284072 -0.00241445 -0.00227549 -0.0012522 -0.0044246 -0.00148177 -0.00402284 -0.00299289 -0.00605499 -0.00167576 -0.00277869 -0.00581507 -0.00251472 -0.00157189 -0.00102131 -0.00307534 -0.000666618 0.000419221 -0.00176027 0.000198101 -0.000946085 -0.00448018 -0.000682966 -0.00238996 -0.00225589 -0.00154582 -0.00128736 0.000187757 -0.000597271 -0.00197366 -0.00108303 -8.28529e-05 -0.00110993 -0.00115753 -0.000525941 -0.00113158 -0.00178971 -0.000420974 -0.000962088 -0.00022317 -0.00103301 -0.0006835 -0.000257883 -0.000963375 2.57715e-05 -0.00096987 0.000267574 -0.00104326 0.000122632 2.35508e-07 0.000377743 -0.0011325 -0.000289771 4.35565e-05 -0.00135316 0.00131626 -0.000418785 -0.00116964 -0.000381572 -0.00124372 -0.000343401 0.000106457 -0.000441891 -0.00140392 2.25886e-05 8.23541e-05 0.000131528 -0.00125314 -0.00188891 -0.000281438 -0.00138414 -0.00137607 -0.00166702 -7.80299e-05 -0.00163884 -0.000369095 -0.000924708 -0.000827893 -0.000109648 -0.00186185 -0.00128066 0.000172807 -0.000514636 -0.000910736 -0.000371018 -0.0025079 0.000349799 -0.000925662 -0.000693426 9.16803e-05 
-0.00235393 -0.00241942 -0.00211537 -0.00112508 0.000167096 -0.000421538 -0.000760331 -0.000549305 -0.000867619 0.147339 -0.00254462 -0.00257144 -0.00293528 0.000820181 0.000948997 -0.0049734 -0.00677047 -0.000428299 -0.00481975 -0.00293095 -0.000644486 -0.00285904 -0.00484529 -0.00420338 -0.00298661 -0.00369374 -0.00192707 -0.00276314 -0.00104072 -0.00368273 -0.00420021 -5.6292e-05 -0.00236843 -0.00227129 -0.000519766 -0.00259338 -0.000953617 -0.000164538 -0.00155685 -0.00166665 -4.14665e-05 -0.00116499 -0.000153 -0.0025038 -0.00174711 -0.00186034 -0.00159587 -0.00198153 -0.00134901 -0.00125306 -0.00023032 -0.00115126 -0.0013887 -0.00158104 0.000516429 -0.00125115 -0.0012511 -0.00160791 -0.00110784 -0.000430082 -0.00127196 -0.000677744 -0.000658482 -0.00179874 -0.00203294 -0.00181159 0.0012872 -0.00106637 -0.0017203 -0.000633141 -5.61971e-07 -0.0016056 -0.00148704 -0.000567859 -0.00116868 -0.00033525 -0.000692166 -0.000944965 -0.000270314 -0.000912589 -0.00149907 -0.00162746 -0.0011275 -0.0013433 -0.00165973 -0.000879376 -0.00115121 -0.000399817 -4.4783e-05 -0.00155643 -0.00125066 -0.000419242 -0.00160393 -0.000684409 -0.000537897 -0.00121648 -0.00270835 -0.00101441 -0.00194454 -0.00152091 
-0.00122109 0.000443948 -0.00141546 -0.00184035 0.000773909 -0.00199343 -0.00269285 -0.000645714 -0.00284072 -0.00254462 0.123422 -0.00226159 -0.00145973 -0.00404088 -0.00479204 -0.000284875 -0.00374741 -0.00706635 -0.00313374 -0.00480249 -0.00444775 -0.00312515 -0.00460913 -0.00167575 -0.00232721 -0.0034673 -0.0029454 -0.00244024 -0.00260336 -0.00264809 -0.00318937 -0.00113182 -0.000100221 -0.000694749 -0.00148452 -0.000933146 -0.000326967 -0.000875635 -0.000394228 -0.000190607 -0.00109475 -0.000953324 -0.00137831 -0.000194481 -0.000423999 4.60697e-06 0.000471676 -0.00057637 -0.00106787 -0.000914889 8.098e-05 -0.000432699 -0.000313446 -0.000805774 -0.00110768 -4.70636e-05 -0.000792573 -0.00122361 -0.00144292 -0.000609083 -0.00048191 0.000549613 -0.000991762 -0.00145682 -0.000970456 -0.000507876 -0.000956057 4.76324e-05 0.000557541 -0.000489284 -0.000770854 7.57537e-05 -0.000538186 -0.00179516 -0.00175282 -0.000883863 -0.000523687 -0.00161597 0.000540739 -0.00161209 -0.000141187 -0.000887201 -0.000390158 -0.000581905 -0.000441756 -0.000338105 -0.000773431 -0.000107142 -0.00130785 -0.00112604 0.000290026 -0.000799649 -0.0018109 -1.86509e-06 -0.000551652 -0.00104633 -3.30181e-05 -0.00105594 -0.00125926 0.000515061 
-0.0006843 -0.00307278 -0.00132313 -0.000837415 -0.00148902 -0.00240138 -0.0010134 -0.00232594 -0.00241445 -0.00257144 -0.00226159 0.188217 0.00433041 0.00229843 0.00218593 -0.00178696 -0.00028164 0.000618199 -0.00208812 -0.0127313 -9.60681e-05 -0.00741888 -0.0112357 -0.00189183 -0.00373682 0.000161429 -0.00729716 -0.00388295 0.000788731 -0.00365534 -0.00201781 -0.00271414 -0.00266987 -0.00172079 0.00137448 -0.000655661 -0.00162162 -0.00231766 -0.00113135 -0.00384092 -0.0017678 -0.00116057 -0.0015529 -3.41827e-05 -0.00162417 -0.00177115 -0.000316804 -0.00245324 -0.00094756 -0.00334104 -0.00114388 -0.00158352 -0.00161345 -0.00240125 0.000275889 -0.00145032 -0.000778523 -0.00116699 -0.00214648 -0.00222723 -0.000384989 -0.00202104 -0.00171593 -0.00171538 -0.00356912 -0.00246946 -0.00195751 -0.00145368 -0.00252821 -0.00247993 -0.00199382 -0.00186431 -0.00049749 -0.00126899 -0.002918 -0.000702511 -0.00102052 -0.00151104 -0.00203172 -0.00102417 -0.0026072 -0.00123482 -0.00150113 -0.00136397 -0.00277561 -0.0021202 -0.00205245 -0.00210024 -0.00145558 -0.00289549 -0.00322209 -0.0020883 -0.00148712 -0.00151128 -0.0022756 -0.00267954 -0.00389281 -0.0012955 -0.00075022 -0.00114492 
-0.00328501 -0.00345863 -0.00205719 -0.00242523 -0.00206653 -0.00156885 -0.000277813 -0.0012082 -0.00227549 -0.00293528 -0.00145973 0.00433041 0.186301 -0.000156089 -0.00021947 -0.00320486 -0.00284738 -0.00552946 0.00052765 -0.00388851 -0.0051154 -0.010955 -0.00592574 -0.00154398 -0.00455018 -0.0101143 -9.88675e-05 -0.00257482 -0.00398116 -0.00112264 -0.00404629 -0.00324539 -0.00445132 -0.00473317 -0.00163538 -0.00221574 -9.20322e-05 -0.0017593 -0.000321294 -0.00153713 0.000875362 -0.000350494 -0.00294966 -0.00035854 -0.00101486 -0.00138922 -0.000295928 -0.00155172 -5.80664e-05 -0.00246014 -0.00112625 -0.00136116 -0.00207001 -0.00321125 -0.000554276 -0.00106137 -0.00200578 -0.00131055 -0.000757635 -0.00158572 -0.000877053 3.87603e-05 -0.000913325 -0.00149086 9.9829e-05 -0.00108267 -0.000571657 -0.000207291 -0.00191137 0.000723895 -0.00127914 -0.000907503 -0.00407693 -0.000958559 -0.000807082 -0.00254436 -0.00212094 -0.00038107 -0.00134293 -0.00102513 -0.000863444 -0.00239166 -0.00121711 -0.00224864 -0.00282648 -0.00167615 -0.000703352 -0.00207171 -0.00258151 -0.00150344 -0.00163799 -0.00227993 -0.00135985 -0.00134976 -0.000788365 -0.00207568 -0.00273987 -0.00189759 -0.00274847 -0.00108273 
-0.00162791 -0.00348825 -0.00263751 -0.000556387 -0.00277746 -0.00260428 0.000541036 0.000606866 -0.0012522 0.000820181 -0.00404088 0.00229843 -0.000156089 0.210064 -0.00664626 -0.00352686 -0.00150918 -0.00282103 -0.000561706 -0.000972654 -0.00289545 -0.00866441 -0.0116747 -0.00351125 -0.00435846 -0.00565356 -0.0076885 -0.00316811 -0.00835943 -0.00158728 -0.00549743 -0.00347122 -0.000505869 -0.00211034 -0.004973 -0.00220318 -0.00332823 -0.00122022 -0.00082659 -0.00312461 -0.00145712 -0.000486564 -0.00139769 -0.00181554 -0.00170607 -0.00328513 -0.00352378 -0.001721 -0.00279607 -0.00153172 -0.00220243 -0.000745327 -0.00135067 -0.00193226 -0.000232805 -0.000678206 -0.00161184 -0.00446334 -0.00164258 -0.00105364 -0.00219725 -0.0025538 -0.00314445 -0.000223765 -0.00106379 -0.00138671 -0.00172063 -0.000976262 -0.00339897 -0.000628575 -0.00294666 -0.0017905 0.00123195 -0.00169693 6.72938e-06 -0.00321544 -0.0010674 -0.000892034 -0.00186337 -0.00166759 -0.00125956 0.00185902 -0.000875961 -0.00101185 -0.00299974 -0.00235498 -0.000684314 -0.00071002 0.000340006 -0.00191486 -0.00209879 -0.0010488 -0.00269955 -0.00213219 -0.000599141 -0.00120727 -0.00220584 -0.000210736 -0.00164173 -0.00404435 
-0.000258138 -0.00143621 -0.00214708 -0.00280587 -0.000825671 -0.00283825 -0.00172561 -0.00348334 -0.0044246 0.000948997 -0.00479204 0.00218593 -0.00021947 -0.00664626 0.216672 -0.00170502 -0.0082013 -0.001873 -0.000318436 -0.0059208 -0.00937678 -0.00818872 -0.00516867 -0.00984411 -0.0060146 -0.00524042 -0.00708155 -0.00278904 0.00402892 -0.00365038 -0.00362705 -0.00348366 -0.00297055 -0.000879485 0.000320158 -0.00134216 -0.00172679 -0.0010967 -0.000685635 -0.000408057 -0.00141413 -0.00275563 -0.00209318 -0.00107691 -0.00158888 0.00071985 -0.000141782 0.000489029 -0.00113466 -0.000444095 -0.00243148 -0.000548465 -0.00103677 -0.00147421 -0.00128391 -0.00051455 -0.00225112 -0.00220918 -0.00235542 -0.00165816 -0.00203688 -0.00273084 -7.12404e-05 -0.000921421 -0.00117094 -0.00293303 -0.00157916 -0.00272096 -0.00236405 -0.00212572 -0.00201847 -0.000355624 -0.00120297 -0.00178411 -0.00256451 -0.00145221 -0.00163614 -0.00318659 -0.00173321 0.000457342 -0.00228148 -0.00169554 -0.00349588 -0.00298253 -0.00290026 -0.00231509 -0.000897223 -0.00245684 -0.00204332 -0.00138632 -0.00265376 -0.00153399 -0.000622435 -0.00524042 0.000784712 -0.00146097 -0.00358702 -0.00153816 -0.00140362 -0.00191638 
-0.00458749 -0.000775412 0.000619554 0.000465143 -0.00157172 -0.00212574 -0.00132169 -0.00330928 -0.00148177 -0.0049734 -0.000284875 -0.00178696 -0.00320486 -0.00352686 -0.00170502 0.228393 -0.00317294 0.00110166 -0.00108147 -0.00348994 -0.00926165 -0.00561778 -0.00777788 -0.0129466 -0.00985047 -0.00212975 -0.000920114 -0.00742112 -0.00974346 -9.2402e-05 -0.00628262 -0.00240621 -0.00229124 -0.00129612 -0.000936984 0.000550178 -0.00237658 -0.00275169 -0.00181546 -0.00158955 -0.00155933 0.000399583 -0.00451628 -0.00250933 -0.00193401 -0.00420563 0.000610669 -0.00313676 -0.00322543 -0.00587748 -0.00303945 -0.000349205 -0.0011876 0.00252777 -0.00291822 -0.000481857 -0.00180915 -0.000140034 -0.00218573 -0.00124617 -0.000815016 0.000257183 -0.00133925 -0.0007211 -0.00234547 -0.00168458 -0.00278225 -0.00138 -0.00175963 -0.00248254 -0.00083914 -0.00294582 -0.000531348 -0.00185899 -0.00098502 -0.00396184 -0.00282861 -0.00237236 -0.00252058 -0.00316672 -0.000694558 -0.00231868 -0.0022834 -5.8255e-05 -0.00142022 -0.00322091 -0.00226141 -0.00143275 -0.00130081 -8.19815e-05 -0.000740247 -0.00139723 -0.000768972 -0.00197352 -0.00338607 -0.00141655 0.000155328 -0.000793073 -0.00237615 -0.00360678 
-0.00121858 -0.000112294 -0.000372831 -0.00320596 -0.00334606 -0.00339331 0.000240337 -0.00351058 -0.00402284 -0.00677047 -0.00374741 -0.00028164 -0.00284738 -0.00150918 -0.0082013 -0.00317294 0.246606 -0.00207192 0.00034496 -0.00289242 -0.000984771 -0.00467291 -0.00946941 -0.0147746 -0.0105626 -0.00157729 -0.00601663 -0.00729406 -0.00251961 9.89287e-05 -0.0057285 -0.000292915 -0.00250145 -0.00348801 -0.00256597 -0.00488346 -0.000649972 -0.00266473 -0.00129531 -0.000757894 -0.00276031 -0.00279266 -0.00224714 -0.00184897 -0.00288752 -0.0033776 -0.00355042 -0.00223368 -0.000373641 -0.00276544 -0.00163127 -0.00362062 -0.00122992 -0.000574195 -0.00260434 -0.000609798 -0.00138856 -0.00125103 0.000387169 -0.00159286 -0.00277443 -0.0026158 -0.00431577 -0.00215694 -0.00302768 -0.000766609 -0.000229183 -0.00165335 -0.00248283 -0.00165534 -0.00214852 -0.00260096 -0.00285717 -0.00267888 -0.00248291 -0.00110422 -0.00104708 -0.00106002 -0.00217211 -0.000238144 -0.0012034 -0.00388806 -0.00252735 -0.000471724 -0.000237216 -0.0018044 0.000504292 -0.000766865 -0.00253421 -0.00241848 0.000413843 -0.00261578 -0.00178972 -0.00336272 -0.00224164 -0.00358214 -0.00100222 -0.0011707 -0.00119548 -0.0029978 
-0.00128841 -0.00551991 -0.00276464 -0.000980245 -0.00225977 -0.0047359 -0.000575928 -0.00610623 -0.00299289 -0.000428299 -0.00706635 0.000618199 -0.00552946 -0.00282103 -0.001873 0.00110166 -0.00207192 0.247506 -0.00610422 -0.00283429 -0.00105277 0.00214383 -0.00746964 0.0016732 -0.00581635 0.00205812 -0.00790436 -0.00900373 -0.00681947 -0.00819241 -0.0013783 -0.00396725 -0.00441243 -0.00566899 -0.00096415 -0.00133162 -0.000208261 -0.00128504 -0.00492925 -0.00285344 -0.00168309 -0.0035564 0.00017995 -0.00169271 -0.00255813 -0.00301464 -0.00214493 -0.000641305 -0.000622723 -0.00112808 -0.00289161 -0.00229273 -0.00338219 -0.00298093 -0.00311114 -0.00261152 -0.00103278 -0.00156522 -0.000311049 -0.00240689 -0.00281594 -0.00198478 0.000235495 -0.000921392 -0.00438535 -0.00296971 -0.00339673 -0.00358111 -0.00312873 -0.00246701 -0.000927556 -0.00295246 -0.000282305 -0.0031414 -0.00257797 -0.00144621 -0.000558062 -0.000747588 -0.00101625 -0.00061497 -0.00286726 -0.00408184 -0.000678983 -0.00195147 -0.00213132 -0.00286638 -0.00358302 -5.36187e-05 -0.0032604 -0.00424251 -0.00159938 -0.00190246 -0.00257598 -0.000896012 -0.00249095 -0.00139279 -0.00217566 -0.00245807 -0.00179963 -0.00375514 
-0.00437876 -0.00431093 -0.00253064 0.000742478 -0.00261619 -0.00594367 -0.00294195 -0.000659464 -0.00605499 -0.00481975 -0.00313374 -0.00208812 0.00052765 -0.000561706 -0.000318436 -0.00108147 0.00034496 -0.00610422 0.249109 -0.00478348 -0.00527638 -0.00170633 0.000668713 -0.00839144 -0.000913701 0.00162582 -0.00660301 -0.00662742 -0.0063033 -0.00321646 -0.00601729 -0.00272332 -0.00331445 -0.00267929 -0.00281725 -0.00575589 -0.00218622 -0.00363177 -0.00250407 -0.00337361 -0.00325054 -0.00214043 -0.00561733 -0.00478573 -0.00126062 -0.00362585 -0.000960986 -0.00509224 -0.00138448 -0.00252415 -0.00256682 -0.00188632 0.000391929 -0.00186796 -0.00349072 -0.00269285 -0.00228471 -0.00121859 -0.00319047 -0.00196702 -7.82805e-05 -0.00188376 -0.00228807 -0.00137337 -0.00450053 -0.00183384 -0.00258166 -7.38278e-05 -0.00513118 -0.00132847 -0.000780124 -0.000348011 -0.00346056 -0.00207013 -0.00178525 -0.0031185 -0.00399838 -0.00086703 -0.0020793 -0.000636226 -0.00106187 -0.00147686 -0.000554326 -0.00342412 -0.00159453 -0.00258019 -0.00416985 -0.000764869 -0.00317878 -0.00259426 -0.00315425 -0.000501895 -0.0041749 -0.000776444 -0.0021957 -0.000656691 -0.00295964 0.00231812 -0.000800134 -0.000716197 
-0.00398464 -0.00462682 -0.00458329 -0.000745352 -0.00308009 -0.00130703 -0.00103538 -0.00467313 -0.00167576 -0.00293095 -0.00480249 -0.0127313 -0.00388851 -0.000972654 -0.0059208 -0.00348994 -0.00289242 -0.00283429 -0.00478348 0.249803 -0.00145634 -0.0103624 -0.00147266 -0.00168578 -0.00368441 -0.00219495 -0.0067574 0.000710761 -0.00627121 -0.00410937 0.000311636 -0.00361487 -0.000653547 -0.00359144 -0.00358814 -0.00520226 -0.00278774 -0.00112658 -0.00223462 -0.00241707 -0.00279159 -0.000940198 -0.0012698 -0.00028834 -0.00252938 -0.00103494 -0.00221019 -0.00177942 -0.00156507 -0.000414008 -0.00257809 -0.00456178 -0.0022222 -0.000710969 -0.00367128 -0.00253744 -0.00441133 -0.00276827 -0.00444411 -0.00405556 -0.000476743 -0.00274679 -0.00386105 -0.00126183 -0.00222861 -0.00484385 -0.00163797 -0.00152895 0.000309589 -0.00311415 -0.000818834 -0.000199778 -0.00247011 -0.00266138 -0.00354931 -0.001056 -0.0010901 -0.00306963 -0.0010983 -0.00348086 -0.000708733 0.0010376 -0.00312386 0.000706807 -0.0010791 -0.000863981 -0.00093656 -0.00196649 -0.00130763 -0.00202914 -0.00273684 -0.000416055 -0.00123709 -0.00239711 -0.00314724 -0.00235864 0.000811666 -0.00316583 -0.00097776 -0.00309175 
-0.00150489 -0.00290274 -0.000232756 -0.00582178 -0.00236497 -0.00112207 -0.00748885 -0.000970362 -0.00277869 -0.000644486 -0.00444775 -9.60681e-05 -0.0051154 -0.00289545 -0.00937678 -0.00926165 -0.000984771 -0.00105277 -0.00527638 -0.00145634 0.246346 -0.000901428 -0.00202728 -0.000784154 -0.00830394 0.00460536 -0.0109722 -0.00803032 -0.00383231 -0.00337955 -0.00314995 -0.00153288 -0.00357732 -0.0042652 -0.00261652 -0.0067397 -0.000588848 -0.00206821 -0.00285592 -0.00172267 0.00121762 -0.00289728 -0.00193177 -0.00467187 -0.00224147 -0.000363387 -0.00597421 -0.00149014 -0.000262717 -0.000658919 -0.00159007 -0.00194919 -0.00380114 -0.0018398 -0.00236868 -0.000745739 -0.00130396 -0.00159404 0.000981159 -0.00175744 -0.00110018 -0.00264502 -0.00381846 -0.003122 -0.002357 0.000895874 -0.00183194 -0.00152185 0.000141241 -0.00446271 -0.00293441 -0.00256371 -0.000871226 -0.0016334 -0.00193458 -0.00243813 -0.00191541 -0.00203846 -0.00152119 -0.00372506 -0.00332986 -0.000252868 -0.000790038 -0.0028786 -0.00375279 -0.00252508 -0.0025405 -0.00288481 -0.00241164 -0.00183019 -0.000372633 -0.00268631 -0.00151901 -0.00246675 -0.000438777 -0.0028919 -0.00449535 -0.00293954 0.000203974 -0.000364368 
-0.00337325 0.000150269 -0.00158133 -0.00444846 9.95502e-05 -0.00162323 -0.00326794 -0.00385204 -0.00581507 -0.00285904 -0.00312515 -0.00741888 -0.010955 -0.00866441 -0.00818872 -0.00561778 -0.00467291 0.00214383 -0.00170633 -0.0103624 -0.000901428 0.249982 -0.00371058 0.00227417 -0.00777746 -0.00342829 -0.000295984 -0.00695922 -0.00838797 -0.00413142 -0.00195057 -0.000821544 -0.00184354 0.00132479 0.00169387 -0.0014015 -0.000199332 -0.00216268 -0.00258107 0.000331815 -0.00209408 -0.00319216 -0.00342038 -0.00202185 -0.0029652 -0.00196257 -0.00196783 -0.00181764 -0.00224873 -0.00257586 -0.00393061 -0.00243177 -0.00260907 -0.00189578 -0.00171502 -0.00141313 -0.00126985 -0.0039248 -0.000513441 -0.004016 -0.00319505 -0.00256022 -0.00157387 -0.00343526 -0.00141502 -0.0021441 -0.00412787 -0.00178515 -0.00280568 -0.000391403 -0.00445277 -0.00311086 -0.00297389 -0.00170052 -0.00287391 -0.000825932 -0.000247845 -0.000916735 -0.00323125 -0.00278901 -0.00192516 -0.00171666 -0.000854157 -0.00166732 -0.00120231 -0.00211883 -0.0018237 -0.00119172 -0.00283274 -0.00296067 0.000212581 -0.00303779 -0.00185268 -0.00252964 -0.00057383 -0.00205624 -0.000714112 -0.000401756 0.000689717 -0.000816228 
-0.00166168 -0.000824465 -0.000650268 0.001247 -0.00176908 0.000485421 -0.0032614 -0.000454954 -0.00251472 -0.00484529 -0.00460913 -0.0112357 -0.00592574 -0.0116747 -0.00516867 -0.00777788 -0.00946941 -0.00746964 0.000668713 -0.00147266 -0.00202728 -0.00371058 0.24993 0.00133679 -0.0018045 -0.00131781 0.00170212 -0.00594977 -0.00426909 -0.00104245 -0.00351269 -0.00824232 -0.00277936 -0.00314548 -0.0055981 -0.0010407 -0.000764748 0.00174702 0.000465773 -0.00478419 -0.00594131 -0.00175467 -0.000204547 -0.00136243 -0.00292228 -0.00122326 -0.00308229 -0.00216111 -0.00143672 -0.000433266 -0.00204033 -0.00227824 -0.00279565 -0.00222904 -0.00239665 -0.00201013 -0.00291213 0.00200235 -0.00230727 -7.51195e-05 4.22486e-05 -0.000735592 -0.00377684 -0.00372862 -0.00132439 -0.000502291 -0.0015698 -0.00136319 -0.00220051 -0.00239248 -0.00299573 -0.00142868 -0.00352924 -0.00408216 -0.00435176 -0.00162584 -0.00358271 -0.00173508 -0.00326024 -0.00215161 0.000497953 -0.0039355 -2.70323e-05 -0.00250052 -0.00162243 -0.00330386 -0.00160578 -0.00407841 -0.00122533 -0.00150727 -0.00406633 -0.00298604 -0.00486215 -0.00261012 -0.0013882 0.00114077 0.000129334 -0.00186378 -0.0027635 -0.00437116 
-0.000856682 -0.00257712 -0.00121233 -0.000663798 -0.00316505 -0.00160335 -0.00426248 -0.00165117 -0.00157189 -0.00420338 -0.00167575 -0.00189183 -0.00154398 -0.00351125 -0.00984411 -0.0129466 -0.0147746 0.0016732 -0.00839144 -0.00168578 -0.000784154 0.00227417 0.00133679 0.247179 -0.00406834 0.000883728 -0.00143032 -0.0016666 -0.00640409 -0.00411138 -0.00239329 -0.00641382 -0.00554591 -0.00282242 -0.0050128 -0.00104113 -0.00406218 -0.0015121 -0.00151155 -0.00242895 -0.000550255 -0.00360108 -0.000940883 -0.00338759 -0.00229652 0.000100703 -0.00131335 -0.00215546 -0.00174791 -0.00160487 -0.000844253 -0.002023 -0.00216637 -0.00359719 -0.00375974 -0.00273766 -0.000335791 -0.00357589 -0.00276349 -0.00334617 -0.00358011 -0.000256652 -0.00232477 -0.00260534 -0.00152587 -0.00336578 -0.00298432 -0.0026204 -0.0012388 -0.00394958 -0.0029041 -0.000338642 -0.00504485 0.0010327 0.000586481 -8.91801e-05 -0.00207125 -0.00220951 -0.00198101 -0.00415557 -0.000602248 -0.00161183 -0.000678931 -0.00272461 -0.000675589 -0.00132308 -0.00263835 -0.000951642 -0.00177612 -0.00122001 -0.0048913 -0.00114865 -0.0017734 -0.00208672 -0.00406396 -0.00019598 -0.00249997 -0.003668 -0.00537577 7.42541e-05 
0.00107866 -0.00570351 -0.00377625 0.000103995 -0.0026011 -0.00250097 -0.00238159 -0.0036137 -0.00102131 -0.00298661 -0.00232721 -0.00373682 -0.00455018 -0.00435846 -0.0060146 -0.00985047 -0.0105626 -0.00581635 -0.000913701 -0.00368441 -0.00830394 -0.00777746 -0.0018045 -0.00406834 0.242761 -0.00678639 -0.00681682 0.00273159 -0.00546526 -0.00656059 0.000182886 -0.00179758 -0.00447937 -0.00218554 -0.00411738 -0.00161145 -0.00557809 -0.00238208 -0.00226743 -0.00316589 -0.00303253 -0.00179506 -0.00283672 -0.00206746 0.00170879 -0.00257117 -0.00329105 -0.00489163 -0.00106088 -0.0032963 0.000626295 -0.00256225 0.000968269 -0.000879757 -0.000855214 -0.00442957 -0.00404157 -0.00185434 -0.00444955 0.000295728 -0.00405165 -0.000732055 0.000227608 -0.0024074 -0.00148931 -0.000904727 -0.000201535 -0.00258927 0.0010079 0.00163521 -0.000608754 -0.00244312 -0.000999667 -0.00053786 -0.00343682 -0.0032364 -0.000336284 -0.000537254 -0.00323233 -5.5288e-05 -7.45084e-05 -0.00100233 -0.00133562 -0.00353306 -0.00107249 -0.00171811 -0.00186911 -0.00190537 -0.00120549 -0.00203704 -0.000993563 0.0012543 -0.00386172 -0.00118194 -0.00161028 -0.00475175 0.000551231 -0.00303307 -0.000809119 0.000144098 
-0.00360602 -0.000876422 -0.00225614 -0.00143217 -0.00409679 -0.000752069 -0.00263878 -0.000490856 -0.00307534 -0.00369374 -0.0034673 0.000161429 -0.0101143 -0.00565356 -0.00524042 -0.00212975 -0.00157729 0.00205812 0.00162582 -0.00219495 0.00460536 -0.00342829 -0.00131781 0.000883728 -0.00678639 0.24916 -0.00902496 -0.00958601 0.00133358 -0.00132656 -0.00857169 -0.00153026 -0.00454231 -0.00225019 -0.00581645 -0.00249101 -0.00294525 -0.00423374 -0.00298496 -0.00250906 -0.000625319 -0.000906965 -0.00227729 0.000281733 -0.00345355 -0.00179336 -0.00263927 -0.00197409 -0.00197066 -0.00290828 -0.000966088 -0.00124633 -0.00214344 -0.00222552 -0.00324466 -0.00200447 -0.00332902 -0.00278526 -0.00157037 -0.0015558 -0.00186085 -0.00220429 -0.00389656 -0.00386001 -0.00355763 -0.00336084 -0.00343859 -0.00371539 -0.0019853 -0.00362881 -0.0015131 -0.00259915 -0.000602452 -0.00126765 -0.00401863 -0.00328949 -0.0022273 -0.00296198 -0.00327503 -0.00413501 -0.00250377 -0.00214284 -0.00378966 -0.00115888 -0.00308594 -0.000284397 -0.00333161 -0.00191944 0.000212758 -0.00105195 -0.00416696 -0.00129064 -0.000402355 -0.00234477 -0.00137555 -0.00279332 -0.00123963 -0.00267711 -0.00305523 -0.00205005 
-0.00199169 -0.00197017 -0.00361196 -0.0036048 0.00113844 0.000826131 -0.00249964 -0.00357656 -0.000666618 -0.00192707 -0.0029454 -0.00729716 -9.88675e-05 -0.0076885 -0.00708155 -0.000920114 -0.00601663 -0.00790436 -0.00660301 -0.0067574 -0.0109722 -0.000295984 0.00170212 -0.00143032 -0.00681682 -0.00902496 0.217916 0.000295546 -0.00387783 -0.00576225 -0.00263019 -0.00194801 -0.00306372 -0.000987548 -0.00309869 -0.00121784 -0.000848126 -0.00204899 -0.00179469 -0.000767111 1.98407e-06 -0.00127572 -0.000866978 -0.000708998 -0.00297466 -0.00114137 -0.00120816 -0.00150425 -0.0024786 -0.000833516 -0.000867285 -0.000550128 -0.0014446 -0.00142044 -0.0012947 -0.000793941 -0.00226051 -0.00095755 -0.00122383 -0.00247459 -0.00387095 -0.000849394 -0.000784246 -0.0011465 -0.0031638 -0.00325047 -0.000604351 -0.00143255 -0.00309521 -0.00179971 -0.00119793 0.000187217 -0.00359446 8.06996e-05 0.000966666 -0.00228187 -0.00140737 -0.00114241 -0.000305304 -0.00199895 -0.00172423 -0.00269725 -0.001793 -0.00122241 -0.00230566 -0.00124659 -0.00189572 -0.00123821 -0.00183498 -0.00339865 -0.00270809 -0.00116822 -0.00098239 -0.000119222 -0.00116077 -0.000507643 -0.00246488 -0.0020477 -0.00276653 -0.00188099 
-0.000717607 -0.00168101 -0.00169521 -0.00146336 -0.000321559 -0.0021434 -0.000784418 4.22669e-05 0.000419221 -0.00276314 -0.00244024 -0.00388295 -0.00257482 -0.00316811 -0.00278904 -0.00742112 -0.00729406 -0.00900373 -0.00662742 0.000710761 -0.00803032 -0.00695922 -0.00594977 -0.0016666 0.00273159 -0.00958601 0.000295546 0.185714 -0.0088269 -0.00126355 0.00151265 -0.00251261 -0.0014467 -0.00334487 -0.00228821 -0.000342531 -0.00125517 -0.00290885 -0.00116458 -0.00114943 -0.000974037 -0.00494788 -0.000327096 -0.000206044 -0.00185051 -0.000772777 0.000242801 -0.000568978 -0.00126545 -0.000261612 -0.000854658 0.000768233 -0.00191087 -0.00189205 0.000334033 -0.00197316 -0.00240127 -0.00165258 -0.00242247 -0.00192539 -0.0019135 -0.000352565 -0.00185671 0.00032923 -0.00422041 -0.00255672 -0.00122324 -0.000229908 -0.000722635 -0.000542921 -0.00107742 -0.00128308 -0.000128193 -0.00140253 -0.00214304 -0.00165134 -0.00126874 -0.000437499 -0.00232261 -0.00160969 -0.00136508 -0.000453447 -0.00142674 -0.000120249 -0.00116853 -0.0017887 -0.00142774 -0.000249092 -0.00123814 -0.002927 0.000124721 -0.0021508 -0.000655789 -0.000908146 -0.00155592 -0.000753899 -0.00291671 0.00117607 -0.00320366 -0.00147549 
-0.00287088 -0.000760816 -0.00147231 -0.00339266 -0.00082154 -0.000472364 -0.00244184 -0.00529216 -0.00176027 -0.00104072 -0.00260336 0.000788731 -0.00398116 -0.00835943 0.00402892 -0.00974346 -0.00251961 -0.00681947 -0.0063033 -0.00627121 -0.00383231 -0.00838797 -0.00426909 -0.00640409 -0.00546526 0.00133358 -0.00387783 -0.0088269 0.191677 -0.00485461 -0.00106894 -0.00083553 -0.00150157 -0.00117227 -0.000495392 -0.00159914 -0.00178527 -0.0028905 -0.000705001 -0.00260344 -0.000335258 0.000193492 0.000516435 -0.000565652 -0.000979789 -0.00287527 -0.00265206 -0.00050703 6.70121e-05 -0.00308331 -0.00155862 -0.00178699 -0.000382005 -0.00241936 -0.00121009 -0.00148795 -0.000638722 -0.00268537 -0.00160333 0.00116903 -0.0014286 -0.00148587 -0.000687099 -0.000463953 -0.0020625 -0.00110661 -0.00129498 -0.000594671 -0.000866547 -0.000958014 -0.000343141 -0.00160426 -0.00101106 -0.00167162 -0.00139517 0.000195246 -0.000798119 -2.4312e-05 -0.000587668 0.00016997 -0.00208167 -0.00206156 -0.000622751 -0.000988448 -0.00144313 -0.000285381 -0.000742383 -0.0018599 -0.000754651 -0.00137123 -0.00213819 -0.00312142 -0.00214265 -0.00326949 -0.0021493 -0.000469101 -0.0008177 -0.00164501 -0.000658678 -0.000859983 
-0.00150757 -0.000644732 -0.00360815 -0.00231698 -0.0017127 -0.000117741 -0.00204248 0.000546047 0.000198101 -0.00368273 -0.00264809 -0.00365534 -0.00112264 -0.00158728 -0.00365038 -9.2402e-05 9.89287e-05 -0.00819241 -0.00321646 -0.00410937 -0.00337955 -0.00413142 -0.00104245 -0.00411138 -0.00656059 -0.00132656 -0.00576225 -0.00126355 -0.00485461 0.167211 -0.00376188 -0.00111559 -0.00137196 -0.000319592 -0.00189238 -0.00210547 -0.00230051 -0.00016411 -0.000269289 -0.000443592 -0.00140615 -0.000818708 0.000412316 -0.000709598 -0.00215022 -0.00324281 -0.0014578 -0.00276328 -0.00129087 -0.00162653 -0.00184829 -0.00094757 -0.00148098 -0.00100287 -0.00120073 0.000212249 -0.000479867 -0.00188623 -0.0025011 -0.000524134 -0.000434345 -0.0018665 -0.000740154 -0.00301172 0.00139487 -0.00113336 -0.00117758 -0.00038312 -0.00191706 -0.00110355 -0.000753889 -0.0014337 -0.00263328 -0.000720744 -0.000303186 -0.000375542 -0.00212907 -0.00103854 -0.00304992 -0.00107646 -6.70683e-05 -0.000764611 -0.00156734 -0.00144434 -0.00250748 -0.000223062 -0.0013418 -0.00258502 -0.00187313 0.000193226 -0.00181842 -0.00156277 -0.00135416 -0.00242203 -0.000395663 -0.00267718 -0.000798552 -0.000668284 -0.00173819 -0.00175413 
-0.00180392 -0.000397529 -0.000556932 -0.00128183 -0.00266246 -0.00169656 -0.00317949 -0.00291274 -0.000946085 -0.00420021 -0.00318937 -0.00201781 -0.00404629 -0.00549743 -0.00362705 -0.00628262 -0.0057285 -0.0013783 -0.00601729 0.000311636 -0.00314995 -0.00195057 -0.00351269 -0.00239329 0.000182886 -0.00857169 -0.00263019 0.00151265 -0.00106894 -0.00376188 0.160413 -0.00272546 -0.00171276 0.00158597 -0.00131013 -0.000329243 -0.00332417 -0.00171638 -0.00124054 -0.00253963 -0.00170906 0.00060939 -0.000759651 -0.000830462 0.000211484 0.000355486 -0.000361068 -0.000823524 -0.00108418 -0.00132432 -0.00222197 -0.000921321 -0.0012114 -0.00162929 -0.000649206 -0.00170633 -0.000268007 0.000987125 -0.000597149 -0.00117302 0.000609497 -0.000981194 -0.000317773 -0.00163539 0.000412234 -5.8336e-05 -0.000781759 -0.000516252 -0.000132061 -0.00109774 -0.00102872 -6.31581e-05 -0.00292421 0.000112817 -0.00282677 -0.0030836 -0.00249309 -0.000792843 -0.00146299 -0.00183284 -0.00146748 -0.00155975 -0.00146408 -0.00109262 -0.0029337 -0.000274363 -0.000486639 -0.0020253 -0.00204228 -9.60201e-05 -0.00202325 -0.00144587 -0.00212788 -0.000707532 -0.00165571 -0.00112742 -0.000146215 -0.00114204 -0.00172783 -0.00309998 
-0.00116551 -0.00152154 -0.00113168 -0.00134149 -0.00214846 0.000524396 -0.00277941 -0.00167659 -0.00448018 -5.6292e-05 -0.00113182 -0.00271414 -0.00324539 -0.00347122 -0.00348366 -0.00240621 -0.000292915 -0.00396725 -0.00272332 -0.00361487 -0.00153288 -0.000821544 -0.00824232 -0.00641382 -0.00179758 -0.00153026 -0.00194801 -0.00251261 -0.00083553 -0.00111559 -0.00272546 0.149604 9.47172e-05 -0.000737474 -0.000530738 0.000533176 -0.000234845 -0.00137492 -0.00208397 -0.000644773 -0.00161813 -0.0021635 -0.000689727 -0.0008374 -0.000864908 -0.00199055 0.00134525 -0.00157795 -0.00139042 -0.000441833 -0.00141872 -0.000235008 -0.00158268 -0.00103998 -0.00137735 -0.00202978 -0.00138804 -0.0019806 -0.00103285 -0.0017693 -0.00183548 -0.00120305 -0.00122243 -0.00229419 -0.002182 -0.00280628 0.000315027 -0.000534585 -0.00162385 -0.00223065 -0.00204534 -0.00129117 -0.000835271 -0.000464169 -0.000996863 -0.0010836 -0.00198142 -0.000742944 0.000422582 0.000453901 -0.00273286 -0.00219196 -0.00112036 -0.000888102 -0.00143487 -0.00146343 -0.000840795 -0.0010452 -0.00172421 -0.000532365 -0.000397517 -0.000175864 -0.00202703 -0.0021688 -0.00168322 -0.000644746 -0.000856146 -0.000645405 -0.00148021 -4.03265e-06 
