0.0989022 -0.000415102 -0.000589747 -0.000565123 0.000617582 0.00042085 -0.00176627 -0.000844891 -0.00170625 -0.00130575 -0.00112446 -0.00302335 -0.00131333 -0.0038214 -0.00500612 -0.00019411 -0.00210025 -0.00244676 -0.00215789 -0.00308981 -0.00101042 -0.00403301 -0.0018038 0.000243133 -0.00145669 -0.00251546 -0.00100897 -0.00140201 -0.00245271 -0.00124587 -0.00328864 -0.000762998 9.05545e-05 -0.000467074 -0.000980551 -0.00128672 -0.00100939 -0.00104927 -0.0002269 0.000374904 -0.00106642 -0.000624823 -0.000720085 -0.00122262 -0.000330368 -0.00032994 -0.00100928 -0.000431606 -0.000683138 -0.000601106 -0.00097409 -0.00139212 -0.000692548 -0.000696169 -0.000752063 -0.000723476 -0.000482911 -0.000226455 -0.00123066 0.000122379 0.000178611 -0.000233422 -0.00101702 -0.00201122 -0.00203663 -0.000904184 -0.000363491 -0.000448504 -0.00124468 -0.000238058 -0.000332633 -0.000366832 -0.000802372 -0.000657746 -0.000882268 -0.000945713 -0.000796961 0.000357622 -0.00124554 -0.000529144 -0.00203135 -0.001261 -0.000721334 -0.00139923 -0.00135339 -0.00127072 -0.000866103 -0.000208159 -0.00144263 3.60467e-05 -0.00150193 -0.000590468 -0.00011016 -0.00110787 0.00010943 -0.000516214 0.000717362 -0.00113491 2.91928e-05 3.30171e-05 
-0.000415102 0.0748953 -0.000465909 -0.000416128 0.000671054 -0.000886726 -0.00156936 -0.00050807 0.00074528 -0.0010943 -0.00168018 -0.000973451 -0.000991513 -0.00209206 -0.00324179 -0.00343386 -0.00232672 -0.00261294 -0.00201053 -0.00314782 -0.00354136 -0.00145707 -0.00399185 -0.00072338 -0.00143546 -1.28155e-05 -0.00237917 -0.000749097 0.000368493 -0.000539996 -0.000858109 -0.00110714 0.000313553 -0.0001383 -0.000261171 -0.00073764 -0.00127051 -0.000702022 -0.000728598 -0.000305824 -0.000126294 -0.000206914 -0.000300424 -0.000472155 -0.000590188 -0.000423892 -0.000401568 -0.000639247 -0.00039387 -0.000601561 -0.000851095 -0.000634259 -0.000387243 -0.000592595 -0.000474968 -0.000466446 0.000243607 -0.00117736 -0.00081718 -0.000667 -5.38632e-05 -0.000360653 -0.00048137 -0.000136068 -0.00156474 -0.00020801 -0.000867284 -2.28443e-05 -0.00032961 -0.000855291 -0.000252494 -0.000907568 -0.000391695 -3.82281e-05 -0.000463611 -0.000432182 -0.000818464 -0.000379344 -5.78537e-05 8.93618e-05 3.43943e-05 -2.23237e-05 -0.000948583 -0.000846204 -0.000282675 -0.00113908 -0.000897161 -0.000694368 -0.000579663 -0.000423382 0.000575781 -2.7098e-05 -0.000996592 -0.000356449 -0.000593291 -0.000515566 -0.000137831 2.92137e-05 -0.000736774 -0.0011176 
-0.000589747 -0.000465909 0.0923414 0.0010543 0.000298122 -0.000550039 3.76605e-05 0.000130192 0.000111468 -0.000578378 -0.00226629 -0.00255351 -0.00425174 -0.00182937 -0.00152582 -0.00162165 -0.000424104 -0.000948319 -0.00352498 -0.0012447 -0.00201607 -0.00570563 -0.00427255 -0.00133267 -0.000418475 -0.0030714 -0.00303125 7.40158e-05 -0.0010959 -0.00144826 -0.00196067 -0.00127349 -0.000300571 -0.002598 -0.000337641 -0.00080566 -0.000883626 -0.000921777 4.93326e-05 -0.00101258 -0.000417136 -0.000895673 -0.00150276 -0.000816731 -0.000262387 -0.00156711 -0.00126595 -0.000185684 0.00011327 -0.000206839 -0.0012558 7.4255e-05 -0.000127023 -0.00053038 -0.000317319 -0.00061964 -0.00134754 -0.000989798 -0.000609102 -0.000227553 -0.000450217 -0.000611472 -0.000204488 -0.000396887 -0.000121487 -0.000252321 -0.000329201 -0.00123558 -0.00144067 -0.00118329 -0.00127798 -0.000528545 -0.000747019 -0.000806167 -0.000654883 -0.000582836 -0.000229396 -0.00125022 -0.000832119 -0.00047159 -0.000454702 -0.000286071 -5.50676e-05 -0.000845752 -0.000934833 -0.00112941 -0.000889007 -0.000543465 -0.000641895 -0.00046683 -0.00115735 0.00010982 -0.00135594 -0.000845361 -0.000248268 -0.00119357 -0.000248819 -0.000654309 -0.00106437 0.000232795 
-0.000565123 -0.000416128 0.0010543 0.0891649 0.000510626 0.00149373 0.000307298 0.000788101 -0.00138869 0.000284467 -0.000406278 -0.00141394 -0.00429699 -0.00122827 -0.00339447 -0.00406201 -0.00233664 -0.00353186 -0.00318825 -0.00207981 -0.00292428 -0.0038546 -0.00169994 -0.00388751 0.000134056 -0.000917603 -0.00212534 -0.000724358 -0.00316984 -0.000798751 -0.000990276 -0.000627945 -0.00112231 0.000712199 -0.000489229 -0.00112323 0.000304227 -0.000146089 -0.000486298 -0.00070226 -0.000171149 -0.000564093 -0.000370731 -0.00175789 -0.00113943 -0.000512793 -0.000386779 -0.00105881 -0.000721976 -0.000476023 -0.0003903 -0.00181737 -7.2041e-05 -0.000484991 -0.00181565 -0.00128846 -0.000287743 -0.000966576 0.000525193 -0.000309563 -0.000585714 -0.000446945 -0.000692228 -0.000661576 -0.00183788 -0.000495348 6.63041e-05 -0.00058676 -0.000273219 -0.000378338 -0.00106423 -0.000183183 -0.000608009 -0.000584507 -0.000290743 -0.000989911 -0.000924212 -0.000510192 -0.0010664 0.000780356 -0.000807833 -0.00058896 -0.000598266 -0.00102759 -0.000396426 -0.00101963 -0.00021545 -0.00014268 -0.00090157 -0.000572903 -0.00205366 -0.000614578 -0.00148992 -0.000490841 -0.000946788 -0.000781538 5.59676e-05 -0.000942621 -0.000524539 -0.00119583 
0.000617582 0.000671054 0.000298122 0.000510626 0.090928 -0.000295416 -0.000711951 -0.000549585 0.00071865 -0.000274345 -0.0014754 -0.00039298 -5.86861e-05 -0.00253517 -0.00105322 -0.00318959 -0.00466601 -0.00500465 -0.00197393 -0.00459144 0.000316952 -0.00462806 -0.00366657 0.00018181 -0.000125256 -0.00183837 -0.00046292 -0.000532275 -0.00263901 -0.0019529 -0.00139564 -0.000391818 -0.00154647 -0.00062819 -0.00159944 -0.00190393 -0.000983601 -0.00122867 -0.000453564 -0.00102995 -0.000716578 -0.00107304 -0.00124784 -0.000549935 -0.00114259 -0.00079741 7.60023e-05 -0.00112641 -0.00152023 0.000637522 0.000280218 -0.000702882 -0.00100032 -3.1011e-05 -0.000786483 0.000170298 -0.00109611 -0.000711309 -0.00221656 -0.000628938 -4.1949e-05 -0.000722576 -0.000409019 -0.0010942 -0.000960301 -0.000996905 -0.000391611 -0.00103346 -0.00108822 -0.000659071 -0.00050317 -0.000914953 -0.00140827 -6.16524e-05 0.000539177 -0.00191542 -0.00101944 -0.00154796 -0.000742213 -0.00148408 -0.000979279 -0.000796809 -0.000996722 -0.000760085 -0.000534081 -0.00133557 -0.000675739 0.000824685 1.411e-05 -0.00020115 -0.00118276 0.000234908 0.000126093 -0.00011772 0.000289862 -0.000891846 -0.000874209 0.000600837 -0.000951039 -0.00161843 
0.00042085 -0.000886726 -0.000550039 0.00149373 -0.000295416 0.0965171 -0.000305583 -0.000629381 -0.00049239 -0.000194153 -0.000544787 -0.000804586 -0.00383365 -0.000815701 -0.00293658 -0.00136802 -0.00397679 -0.00246628 -0.000566124 -0.00121406 -0.00029392 -1.03814e-06 -0.00193031 -0.00286479 -0.00287705 -0.00400231 -0.00297786 -0.00543069 -0.000161618 -0.000319296 -0.0027113 -0.00290224 -0.00184876 0.00057644 -0.000494075 -0.000257342 -0.000695065 0.000918605 -0.00131114 -0.00117355 -0.000118357 -0.000127468 -0.000669114 -0.00105669 0.000247542 -0.000496716 -0.0015331 -0.00109846 -0.000985227 6.62914e-05 -0.00113687 -0.00101233 -0.000883726 -0.000445381 -0.000742181 -0.000837061 -0.00146353 -0.000610948 -0.00115001 -0.000716541 0.000387185 -0.000366947 -0.000638863 -0.000736668 -0.000843522 -0.00143889 0.000214364 -1.69515e-05 -0.00109103 -0.000776034 1.62109e-05 -0.000640889 -0.000825929 -0.000984698 -0.000761004 -0.00113037 -0.00160202 0.000264848 -0.00149931 -0.000237368 -0.000946647 -0.0019987 -0.000439302 -0.000687302 -0.000748933 -0.000509705 -0.000444708 -0.000754408 -0.0015431 -0.000512535 -0.00128933 -0.0013087 -0.00104583 -0.000839441 -0.000866311 -0.00149278 -0.00115295 -0.000750656 -0.000672941 -0.000312046 
-0.00176627 -0.00156936 3.76605e-05 0.000307298 -0.000711951 -0.000305583 0.104774 -0.00146533 -0.000168916 -0.0017585 0.000128367 -0.00113201 -0.00238518 -0.00323853 3.28003e-05 -0.00215017 -0.000361133 -0.00118289 0.000231309 -0.00563121 0.000605497 -0.00391143 -0.00148399 -0.00205461 -0.00361697 -0.00271323 -0.0014001 -0.00131805 -0.00190537 -0.00317249 -0.00157014 -0.000487036 -0.000861189 0.000827782 -0.000353154 -0.000859696 -0.00130255 -0.00219318 -0.000663303 -0.00138251 -0.000957695 -0.000621375 -0.00123662 -0.00139152 -0.00103041 -0.00105218 -0.00121833 -0.00107519 -0.000907693 -0.00119103 -0.00160123 0.000133383 -0.00043248 -0.00106546 -0.00110779 -0.00120713 -0.00117262 -0.000240153 -0.00102716 -0.00100934 -0.000722998 -0.00120825 -0.000866556 -1.25196e-05 -0.000464099 -0.00148406 -0.000721088 -0.000239015 -0.00069932 -0.000435182 -0.00161397 -0.00263732 -0.000985793 -0.000573427 -0.00106674 -0.00128546 -0.000508674 -0.00028086 -0.000907816 -0.00102674 0.000176813 -0.000764305 -0.000588921 -0.00168116 -0.00185149 -0.00176205 -0.000901901 -0.000745869 -0.00102558 -0.000749793 -0.000835816 -0.00156186 -0.000795553 0.000603845 -0.000215967 -0.000835522 -0.000174754 0.000242937 -0.000393377 -0.000856818 
-0.000844891 -0.00050807 0.000130192 0.000788101 -0.000549585 -0.000629381 -0.00146533 0.0958794 0.000230971 -0.000818862 -0.000705834 -0.000456078 0.000157564 -0.00222825 -0.00367208 -0.00451038 -0.000686412 -0.00343623 -0.00561101 -0.00168573 -0.00484231 -0.00325523 -0.00414834 -0.00288271 -0.00184574 -0.00246878 -0.00205497 0.000193889 -0.00224944 -0.00133297 -0.000754204 -0.000220277 -0.000343401 -0.00142267 -0.00152606 -0.000580962 -0.000311938 -0.000878815 0.000356366 -4.7994e-05 -0.000225628 -0.000171457 -0.000800539 -0.0011168 -0.000287736 -0.000122565 -0.000375111 -0.000720057 -0.001425 -0.000756082 -0.000107881 -0.000505172 0.000111574 -0.00110437 -0.000666685 -0.00173555 -0.000254372 -0.000267008 -0.00146697 -0.000549754 -0.000329166 -0.000547446 -0.000262051 -0.000788797 -0.00108443 -0.000783144 -0.000582155 -0.00145857 -0.000843354 -0.00023477 -0.000778016 -0.00149893 0.000263641 -0.000692917 -0.00137328 -0.00139624 -0.000128897 -0.000971295 -0.000758071 -0.000750014 -0.000484117 -0.000514495 -0.00115854 -0.000369656 -0.000206607 -0.00135669 -0.000128132 -0.000115875 -0.000455077 -0.00153611 -0.000769946 -0.000238448 -0.000478118 0.000323911 -0.000428128 -0.000740638 -0.000519282 -0.00113849 -0.000230135 -0.000671927 
-0.00170625 0.00074528 0.000111468 -0.00138869 0.00071865 -0.00049239 -0.000168916 0.000230971 0.110951 -8.89364e-05 0.000568279 -0.000234799 0.00131013 -0.00337174 -0.00201851 -0.00340767 -0.00121986 -0.00663181 -0.00273431 -0.0070174 -0.00445253 0.000130211 -0.00188245 0.000194088 -0.00364546 -0.0026614 -0.000727524 0.000645326 -0.00498818 -0.00265876 -0.00185437 -0.000868523 -0.00121286 -0.00074298 -0.00240953 -0.00122491 -0.00104685 -0.00138145 -0.000406499 -0.00166121 -0.00109055 -0.00197095 -0.000836831 -0.000891311 -0.00107284 -2.68409e-05 -0.00118257 -0.000322171 -0.00136158 -0.000606882 -0.00158553 -0.000826299 -0.000445966 -0.000324734 -0.00149249 -0.000883298 -0.00121804 -0.000477457 -0.00102038 -0.0017698 -0.00103495 -0.000401653 2.3726e-05 -0.000520488 -0.00089925 -0.000745212 -0.00193783 -0.000609211 -0.00104203 -0.00107403 -0.00124768 -0.0010734 0.00034104 -0.00120836 -0.000993628 -0.000521232 -0.000849442 -0.00111477 0.000701524 -0.000416421 -0.000991044 -0.000146941 -0.000765846 -0.00193779 -0.000649236 0.000440497 -0.000974191 -0.000661791 -0.000736812 -0.000930458 -0.000498163 -0.00159221 -0.00126542 -0.00124535 -0.000637175 -0.000613513 -0.00116542 -0.00170451 0.000350056 -0.00154343 
-0.00130575 -0.0010943 -0.000578378 0.000284467 -0.000274345 -0.000194153 -0.0017585 -0.000818862 -8.89364e-05 0.126117 -0.000399063 -0.00221913 0.000884591 0.0020626 -0.00641946 -0.00639382 -0.00500698 -0.0033958 -0.00474606 -0.00265963 -0.00626708 0.00145599 -0.00548236 -0.00526717 -0.0041176 -0.00220654 -0.00391457 -0.0020149 -0.00277198 -0.00282152 -0.0018324 -0.000926695 -0.00187409 -0.000299586 -0.00034115 -0.000807554 -0.00113616 -0.000351075 -0.001401 -0.00122568 0.00109979 0.000147185 -0.000898621 -0.000763832 -0.000285717 -0.000822142 -0.00143179 -0.00183601 -0.00113108 -0.000237941 -0.00142632 -0.00140908 -0.00152175 -0.000299631 0.000111727 -0.000218981 -0.00151973 -0.000561589 0.00074963 -0.00177388 0.000194515 -0.000650626 -0.00127416 -0.000838329 -0.00182964 -0.00120664 -0.00105308 -0.00126944 -0.000415525 -0.000960321 -2.00374e-05 -0.00173457 -0.00132869 -0.000578298 -0.00116711 -0.000380442 -0.000372069 -0.000910986 -0.00151357 -0.00155939 -0.000543828 -0.00161099 -0.00117778 9.75749e-05 -0.00123179 -0.000428097 0.00032335 -0.000642685 -0.00156659 -0.000522082 9.70067e-06 -0.00105285 -0.000295849 -0.000747792 -0.000424229 -0.00160202 -0.000958779 0.000128782 -0.000807203 -0.0024409 
-0.00112446 -0.00168018 -0.00226629 -0.000406278 -0.0014754 -0.000544787 0.000128367 -0.000705834 0.000568279 -0.000399063 0.155273 0.000761513 -0.00158887 0.00236909 -0.00551953 -0.000919943 -0.00150167 -0.00107627 -0.00919656 -0.00529685 -0.00606543 -0.00470289 -0.0046516 0.00145031 -0.0057491 -0.000830851 0.000415924 -0.00351193 -0.00446452 -0.00270566 -0.0046428 -0.00307899 0.000649721 0.000441662 -0.00120049 -0.00233078 -0.00196452 -0.00183139 -0.00136369 -0.00142529 -0.000773729 -0.000665764 -0.00106764 -0.000937944 -0.00066692 -0.00203984 -0.00157719 -0.00296199 -0.00262185 -0.00111747 1.12775e-05 -0.00289722 -0.00126809 -0.000942012 -0.00120051 -0.000678432 -0.00129835 -0.00121054 -0.00260838 -0.00105395 -0.00161582 -0.00178849 -0.00086608 -0.00156239 -0.00374841 -0.00122997 -0.00189352 -0.00210457 -0.00088333 -0.00114887 -0.000605263 -0.00164334 -0.00176917 -0.00268603 -0.000895915 -0.0023855 -0.00159065 -0.00243492 -0.00179023 -0.000276037 -0.00224907 -0.00136312 0.00128374 -0.000346983 -0.000793293 -0.000325079 -0.00241649 -0.00193371 0.0020325 -0.00192397 -0.00201869 -0.000603866 -0.0011588 -0.00170549 -0.000163976 -0.000801713 -0.000479767 -0.000524816 -0.00111487 -0.000733364 
-0.00302335 -0.000973451 -0.00255351 -0.00141394 -0.00039298 -0.000804586 -0.00113201 -0.000456078 -0.000234799 -0.00221913 0.000761513 0.150834 0.00146712 -0.00374844 -0.0030444 0.000723317 -0.00139759 -0.00642277 -0.00404063 -0.00591745 -0.00725941 -0.00522406 -0.00851483 -0.00243989 -0.00504844 0.000442791 -0.000704426 -0.00192972 -0.00227955 -0.00281101 -0.00220858 -0.00352474 -0.00136065 -0.00193544 -0.00214211 -0.000498491 -0.000769096 -0.00162299 0.000309886 -0.00231319 -0.000506832 -0.00146212 -0.00117791 -0.000930638 -0.00130812 -0.000328651 -0.00112029 -0.000570223 -0.00138115 -0.000592847 -0.00198624 0.000334247 -4.01031e-05 -0.000630738 -0.00167502 -0.00163881 -0.00101058 -0.00120109 0.000853885 -0.00186122 -0.000782852 -0.000713154 -0.000929694 -0.000644093 -0.00257865 -0.00135074 -0.00101996 -0.00132248 -0.000462187 -0.000864456 -0.000319937 -0.000907981 -0.000353547 -0.000943176 -0.0017376 0.000317089 -0.00150615 -0.00144276 -0.00035305 -0.00251906 -0.00200123 -0.00125401 -0.00132229 -0.00157775 -0.000954203 0.000129049 -0.00107626 -0.00208346 -0.000997763 -0.00292456 -0.00117817 -0.00204528 -0.00125301 -0.00246322 -0.000740705 -0.000850132 -0.000673481 -0.00153626 0.000280534 -0.000986172 
-0.00131333 -0.000991513 -0.00425174 -0.00429699 -5.86861e-05 -0.00383365 -0.00238518 0.000157564 0.00131013 0.000884591 -0.00158887 0.00146712 0.191793 -0.0076922 0.000628137 -0.00268897 -0.00329015 -0.00457773 -0.00226546 -0.00698504 -0.00756351 -0.00210387 -0.00191041 -0.00705237 -0.00464943 -0.00117285 -0.00141588 -0.00750893 -0.00668775 -0.00420265 -0.00534381 -0.0024287 -0.00449273 -0.00320159 -0.00368707 -0.0034254 -0.0011863 0.000297335 -0.00131427 -0.00154931 -0.00129368 -0.00119747 -0.000672654 -0.000527133 -0.00100789 -0.00139941 -0.00118613 -0.00137946 -0.00192523 -0.000156681 -0.00347796 -0.00203793 -0.00147443 -0.000805343 0.000978822 -0.00210195 -0.00207197 -0.000461856 -0.00212233 -0.000320845 -0.00301265 -0.00309385 -0.00114579 -0.00213178 -0.00218615 -0.00156825 -0.000183915 -0.0024088 6.18317e-06 -0.000821546 -0.00147399 -0.00402738 -0.00131842 -0.00183711 0.00116087 -0.00135811 -0.000251756 -0.00040654 -0.000982138 -0.00164586 -0.000644905 -0.00251926 -0.000369537 -0.00171411 -0.00116929 -0.000458381 -0.00243512 -0.00177785 -0.000657247 -0.0026148 -0.000830194 -0.00177821 -7.10461e-05 -0.00115378 -0.00112904 -0.000797824 -0.00107398 -0.000650642 -0.0014327 -0.0028152 
-0.0038214 -0.00209206 -0.00182937 -0.00122827 -0.00253517 -0.000815701 -0.00323853 -0.00222825 -0.00337174 0.0020626 0.00236909 -0.00374844 -0.0076922 0.213649 -0.000132256 0.00636823 -0.00726217 -0.00417725 -0.00166674 -0.00319046 -0.00478179 -0.00748594 -0.00789446 -0.0107098 0.00225261 -0.010009 -0.000453639 -0.00505471 -0.00104219 -0.00355198 -0.00472081 -0.00730305 -0.00384624 -0.000157542 -1.838e-06 -0.00381781 -0.00162079 0.00158999 -0.00234958 -0.00234693 -0.000459456 -0.000667309 -0.00322875 -0.00186865 -0.00213024 -0.000938618 -0.00272742 -0.00220916 0.000542109 -0.00304313 -0.00191279 -0.000457696 -0.0016037 -0.000967344 -0.00134255 -0.00171074 -0.00172094 -0.00219338 -0.000308358 -0.00210271 -0.00354254 -0.00130567 -0.00175262 -0.00179809 -0.0021401 -0.0011343 -0.00244418 -0.00186069 -0.00339726 0.000174888 -0.0022736 -0.00301457 -0.00301395 -0.00331467 -0.00380481 0.000657333 -0.00172228 -0.000655523 -0.00205752 -0.00227405 -0.00106285 -0.00181731 -0.00207861 0.000948013 -0.00244807 -0.000566159 0.000243534 -0.00338657 -0.00183267 -0.00308724 -0.00186047 -0.000730411 0.000269377 -0.00276622 -0.0023139 -0.00258871 -0.0011446 -0.000689361 -0.00326317 -0.000212974 
-0.00500612 -0.00324179 -0.00152582 -0.00339447 -0.00105322 -0.00293658 3.28003e-05 -0.00367208 -0.00201851 -0.00641946 -0.00551953 -0.0030444 0.000628137 -0.000132256 0.239379 -0.00321218 -0.0101442 5.99834e-05 0.00185656 -0.00219057 -0.00484549 -0.00470729 -0.000440056 -0.00233061 0.00379699 -0.00745079 -0.00430744 -0.00642627 0.00165002 -0.00692985 -0.00348149 -0.00565062 -0.000549233 -0.00351094 -0.00313239 -0.00740485 -0.00523969 -0.00539804 -0.0017166 -0.0044871 -0.00151525 -0.00250244 -0.0017546 -0.00145687 -0.0023542 -0.00195413 -0.000808644 -0.000464442 -0.00395738 -0.00315779 -0.00213084 -0.00153481 -0.00125155 -0.0020894 -0.000691834 -0.00395331 -0.00242988 -0.00294103 -0.00330684 -0.000997697 -0.00141826 -0.00205056 0.00198678 -0.00171512 -0.00437833 -0.0023381 -0.00141374 -0.000966809 -0.00103717 -0.0015479 -0.00220017 -0.00290881 -0.000846781 -0.00182329 -0.00212266 -0.00227214 -0.00142619 -0.000733142 -0.00301122 -0.00131484 -0.00181643 -0.000560641 -0.00158163 -0.00311022 0.000342185 -0.00297601 -0.00123055 0.0007672 -0.00460082 -0.00251916 -0.00130765 -0.00141041 -0.00149376 -0.00243363 -0.00271459 -0.00153045 -0.00388246 -0.00115897 -0.00216719 -0.00570707 
-0.00019411 -0.00343386 -0.00162165 -0.00406201 -0.00318959 -0.00136802 -0.00215017 -0.00451038 -0.00340767 -0.00639382 -0.000919943 0.000723317 -0.00268897 0.00636823 -0.00321218 0.246747 0.00452212 -0.00362169 -0.00406023 -0.001496 -0.00331575 -0.00773012 0.00636403 -0.00742028 -0.00673621 -0.00795072 -0.00428975 -0.00994621 -6.59996e-05 -0.00607433 -0.00727927 -0.00442216 -0.00300169 -0.00359562 -0.0018694 -0.0022746 -0.00379174 -0.00473353 -0.00182619 -0.00153318 0.000270049 -0.00122155 -0.00212837 -0.00167152 -0.0029787 -0.00306073 -0.00175829 0.00104697 -0.00183882 -0.00387179 -0.0047794 -0.00414352 -0.00228318 -0.00108966 -0.0016357 -0.000506826 -0.00261024 -0.00161392 -0.00142837 -0.000748089 -0.00162612 -0.00292307 -0.0018099 -0.00423444 -0.00145963 -0.00109481 -0.00210809 5.51185e-05 -0.00272565 -0.00163033 -0.00227041 -0.00281356 -0.00474882 -0.00321719 -0.00315969 -0.00206496 -0.00199201 -0.00115273 -0.004117 -0.00297022 -0.00517871 -0.00308748 -0.00367993 -0.00278827 -0.00255675 -0.00160514 -0.00250651 -0.00144364 -6.42901e-05 -0.0030788 -0.00192799 3.29162e-05 -0.00252474 -0.00178478 -0.00232502 -0.0017884 -0.00211483 -0.00309183 -0.00180784 -0.00110004 
-0.00210025 -0.00232672 -0.000424104 -0.00233664 -0.00466601 -0.00397679 -0.000361133 -0.000686412 -0.00121986 -0.00500698 -0.00150167 -0.00139759 -0.00329015 -0.00726217 -0.0101442 0.00452212 0.247587 -0.0136425 -0.00673446 -0.00583252 -0.000621044 -0.00662887 -0.00936025 -0.00114765 -0.00654462 -0.00230842 -0.00341953 0.00193697 -0.00943331 -0.00342589 -0.00334818 -0.00672352 -0.000518349 -0.0037014 -0.00324155 -0.000380131 -0.00172546 -0.00193077 -0.00163618 -0.00171372 -0.00163986 -0.00214265 -0.0020682 -0.0044555 -0.000311477 -0.00169124 -0.000561465 -0.00323256 -0.000240401 -0.00175113 -0.00154076 -0.00287198 -0.000833236 -0.00126847 -0.00123085 -0.00313631 -0.0017784 -0.00360843 -0.00123785 -0.00230848 -0.00333162 -0.000959148 -0.00358435 -0.00312999 -0.000296959 -0.00159713 -0.00164682 -0.00283168 -0.00257974 -0.00157478 -0.00199844 -0.00212056 -0.00224926 -0.00224873 -0.00284684 -0.00369587 -0.00388091 -0.00419384 -0.00112973 -0.00187677 -0.00134895 -0.000298714 -0.000638178 -0.00365828 -0.00236498 -0.00137113 -0.00334748 -0.00051622 -0.00117083 -0.00203355 -0.000307938 -0.00212974 -0.00103923 -0.000832031 0.00134543 -0.000679869 0.00099359 -0.000996073 -0.00361455 -0.00363642 
-0.00244676 -0.00261294 -0.000948319 -0.00353186 -0.00500465 -0.00246628 -0.00118289 -0.00343623 -0.00663181 -0.0033958 -0.00107627 -0.00642277 -0.00457773 -0.00417725 5.99834e-05 -0.00362169 -0.0136425 0.24937 0.00233082 0.00176648 -0.00836259 -0.002296 -0.00388849 -0.00520801 -0.00449521 -0.00953821 -0.0151414 -0.00352354 -0.00234801 -0.00624386 -0.00465463 -0.000187381 -0.00340549 -0.00236131 -0.00280064 -0.00428459 -0.00227386 -0.000844013 -0.000295228 0.000187803 -0.00170028 -0.00141049 -0.0039143 -0.0007606 -0.0036664 -0.00159513 -0.00517713 -0.000168484 0.000449856 -0.000713437 -0.00186562 -0.00241785 -0.00291579 -0.00231446 -4.11334e-05 -0.00225638 -0.000447532 -0.00236553 -0.00128944 -0.00200409 -0.00183354 0.000491096 -0.00318317 0.000147901 -0.00275623 -0.00273914 -0.00264235 -0.00245274 -0.00325461 0.000365988 -0.000390467 0.000206492 -2.71308e-05 -0.00146863 -0.00208776 -0.00423384 0.000309005 0.000202705 -0.00297701 -0.00210904 -0.00165684 -0.00139181 -0.00205296 0.000713622 -0.00229148 -0.00485655 -0.00255908 -0.00346928 -8.13949e-05 -0.00276459 -0.00301402 -0.00414685 -0.00403311 -0.000914675 -0.0028928 -0.000207937 0.000630556 0.000715212 -0.0039718 -0.00113409 
-0.00215789 -0.00201053 -0.00352498 -0.00318825 -0.00197393 -0.000566124 0.000231309 -0.00561101 -0.00273431 -0.00474606 -0.00919656 -0.00404063 -0.00226546 -0.00166674 0.00185656 -0.00406023 -0.00673446 0.00233082 0.249502 0.00531404 -0.000306732 -0.0113482 -0.00334448 -0.0104111 -0.00515692 -0.00855771 -0.0106994 -0.00727432 -0.00742183 -0.00375799 -0.00310781 -0.000948103 -0.00435702 -0.00430252 -0.00169318 -0.00186287 -0.000566622 -0.000186995 -0.00207721 -0.00133401 -0.000856388 -0.00234306 -0.00107426 0.000810061 -0.00141022 -0.00371576 -0.00387704 -0.00225836 -0.00459703 -0.00447256 -0.00300948 -0.000803627 -0.000568894 -0.00260731 -0.00380116 -0.00214882 -0.00118676 -0.00113948 -0.00147736 -0.000809414 -0.00484727 -0.00236945 -0.00274142 -0.00224617 0.00102491 -0.00354646 -0.00127153 -0.00120343 -0.00115344 -0.0010659 -0.00180515 -0.00413186 -0.000203943 -0.00279287 -0.00137044 -0.00178108 -0.0017879 0.000149842 -0.001311 -0.00284014 -0.00171563 -7.58513e-05 -0.00474082 -0.00328445 -0.000501298 -0.00141901 -0.00325693 -0.00269439 -0.00141011 -0.00280005 -0.00251287 -0.00269276 -0.000793535 0.000566362 -0.00276594 -0.00244646 0.00027141 -0.00163981 -0.000432761 -0.00305638 
-0.00308981 -0.00314782 -0.0012447 -0.00207981 -0.00459144 -0.00121406 -0.00563121 -0.00168573 -0.0070174 -0.00265963 -0.00529685 -0.00591745 -0.00698504 -0.00319046 -0.00219057 -0.001496 -0.00583252 0.00176648 0.00531404 0.249764 -0.00255422 -0.00477622 -0.00517795 0.00164347 -0.00403556 -0.0135779 -0.0127411 -0.0124959 -0.00447458 -0.00327327 0.000492999 -0.00230213 -0.00614603 -0.00267149 -0.00154827 -0.00465712 -0.000921984 -0.00248237 -0.00412337 -0.00226154 -0.000376661 -0.000581993 -0.00023433 -0.00307712 -0.00114667 -0.00176736 -0.000307959 -0.000657029 -0.0021968 -0.00238866 -0.00235172 -0.00199242 -0.00183958 -0.00222518 -0.00266355 -0.00177086 -0.00227651 -0.00109662 0.00181636 -0.00282913 -0.00602552 -0.00284868 -0.00200243 -0.00233964 -0.00213348 -0.00285961 -0.00078491 -0.0017775 -0.00124033 0.000106842 -0.00165214 0.000103073 0.000161083 -0.00237471 -0.0013778 -0.00128351 -0.00246038 -0.00198152 -0.00327442 -0.000227014 -0.00287296 -0.00311842 -0.000558463 -0.00233698 -0.000513917 0.00106743 -0.00167725 -0.00304271 -0.00253835 -0.0023092 -0.000300377 -0.00192826 -0.00261464 -0.00128047 -0.00153075 -0.00496372 -0.00209868 -0.00209981 -0.0012351 -0.00330067 
-0.00101042 -0.00354136 -0.00201607 -0.00292428 0.000316952 -0.00029392 0.000605497 -0.00484231 -0.00445253 -0.00626708 -0.00606543 -0.00725941 -0.00756351 -0.00478179 -0.00484549 -0.00331575 -0.000621044 -0.00836259 -0.000306732 -0.00255422 0.249391 -0.00090287 -0.00603229 -0.00180035 -0.00254764 -0.00622522 -0.00730672 -0.00313846 -0.00755613 0.000427831 -0.00296269 -0.00300169 -0.003574 -0.00621055 -0.00552879 7.18555e-05 -0.00334471 0.000345829 -0.00196558 0.00041367 -0.00365399 -0.00195769 -0.00213694 -0.00313606 -0.00205233 -0.00401279 -0.00378774 -0.00379415 -0.0020173 -0.00150531 -0.00183082 -0.00108567 -0.00158469 -0.00279516 -0.000909319 -0.0015719 -0.00247597 -0.00340715 -0.000488671 -0.00299069 -0.00290462 -0.00167179 -0.0023193 -0.0011961 0.00233866 -0.00195351 -0.000469663 -0.00186168 -0.000708485 -0.0038619 -0.00292047 -0.00236085 -0.00490145 -0.00156334 0.00130356 -0.00333211 -0.00324505 -0.00359933 -0.00257628 -0.000499411 -0.00155771 -0.00193175 -0.00221577 -0.000716479 -0.000583997 -0.00146243 -0.00256144 -0.000682551 -0.00228349 -0.00126169 -0.00191634 -0.00229284 -0.00162979 -0.00210177 -0.00101693 -0.00284071 -0.00266314 -0.00261389 -0.000505457 -0.000115621 
-0.00403301 -0.00145707 -0.00570563 -0.0038546 -0.00462806 -1.03814e-06 -0.00391143 -0.00325523 0.000130211 0.00145599 -0.00470289 -0.00522406 -0.00210387 -0.00748594 -0.00470729 -0.00773012 -0.00662887 -0.002296 -0.0113482 -0.00477622 -0.00090287 0.249994 -0.000874862 -0.00501797 -0.00252943 -0.00362277 -0.00684124 -0.00716555 -0.00519451 -0.00407776 -0.000995077 -0.000494006 -0.00218218 -0.00293399 -0.000716103 -0.000392997 -0.00202764 -0.00393423 -0.00318046 -0.00461634 -0.00581757 -0.0023233 -0.000541497 -0.00245292 -0.00141172 -0.00110876 -0.00302207 -0.00137083 -0.0029858 -0.00268111 -0.00338456 -0.000552629 -0.00312765 -0.00164514 -0.00198793 -0.000679476 -0.000870033 -0.0032087 -0.00334998 -0.00395347 0.000943439 -0.000362379 -0.00260832 -0.000720805 -0.00278968 -0.00291809 -0.000762377 -0.00222405 -0.00158007 -0.000660741 -0.00273816 -0.000487576 -0.00250129 -0.00153769 -0.000459888 -0.0017106 -0.00181833 -0.0026259 0.000177024 -0.00317104 -0.00182262 -0.00256278 -0.000985026 -0.00185847 -0.00417507 -0.0033748 -0.000749838 -0.0021145 -0.0017313 -0.00354961 -0.000575253 -0.00207834 -0.00158966 -0.00377516 -0.000928906 -1.98224e-05 0.000290819 -0.00185511 0.00139931 -0.00094315 
-0.0018038 -0.00399185 -0.00427255 -0.00169994 -0.00366657 -0.00193031 -0.00148399 -0.00414834 -0.00188245 -0.00548236 -0.0046516 -0.00851483 -0.00191041 -0.00789446 -0.000440056 0.00636403 -0.00936025 -0.00388849 -0.00334448 -0.00517795 -0.00603229 -0.000874862 0.249757 -0.00251449 -0.0132364 -0.00241618 -0.0053619 -0.00451295 -0.00662158 -0.00382767 -0.00622274 -0.00295751 -0.00434899 -0.00253966 0.000286412 0.000157015 -0.000994942 -0.00342612 -0.00104527 -0.00168617 -0.00132542 -0.000896233 -0.00155526 -0.000626775 -0.00329417 -0.00199502 4.15402e-06 -0.00190105 -0.00277149 -0.00237709 -0.00263686 -0.00314273 -0.00240909 -0.00224698 -0.00352839 -0.00101234 -0.000596736 0.000801213 -0.00188725 -0.00279196 -0.00544817 -0.00211362 -0.00403676 -0.00238032 -0.00199986 -0.00154478 -0.00330948 0.000366834 -0.00129542 -0.00258901 -0.00161185 -0.00146544 -0.00202511 -0.00189182 -0.00186934 -0.00127405 -0.000231567 -0.00230846 -0.00117099 -0.000617824 -0.00122413 0.00156422 -0.00379862 -0.00390308 -0.0027916 -0.000998843 -0.00218046 -0.00117745 -0.00260681 -0.00262878 0.000396014 -0.00178777 -0.0021689 -0.00122667 -0.000609262 -0.00230969 -0.00407171 -0.00165508 -0.00243 -0.00178483 
0.000243133 -0.00072338 -0.00133267 -0.00388751 0.00018181 -0.00286479 -0.00205461 -0.00288271 0.000194088 -0.00526717 0.00145031 -0.00243989 -0.00705237 -0.0107098 -0.00233061 -0.00742028 -0.00114765 -0.00520801 -0.0104111 0.00164347 -0.00180035 -0.00501797 -0.00251449 0.245274 -0.00922405 -0.00217591 -0.00422821 -0.00500874 -0.0115078 -0.00672401 -0.00618542 0.00121791 -0.00332677 -0.00244363 -0.00434667 -0.000861057 -0.00341664 -0.00223496 -0.000552323 -0.0024375 -0.00490951 -0.00187371 -0.000215362 -0.00269985 -0.00341632 -0.000477499 -0.00165148 -0.000569854 -0.00405624 -0.0018436 0.000409749 -0.00220201 -0.000195327 -0.00483339 -0.000734354 -0.00184893 -0.0017753 -0.0031537 -0.00162361 -0.000931099 -0.000431273 -0.00235677 -0.00228513 -0.00290421 -0.00253835 -0.00225638 -0.00377336 -0.00365054 0.00062696 -0.00318759 0.000476976 -0.00157807 -0.000929925 -0.000724476 0.000795344 -0.00204936 -0.0028137 -0.00170091 -0.00213653 -0.00196062 -0.00140936 -0.00147757 -0.00196459 -0.000924433 -0.00258349 -0.00162277 -0.00255344 -0.00144657 -0.00271704 -0.000332664 -0.000765515 -0.00061974 -0.00248196 -0.00440774 -0.00145192 -0.00123302 -0.0039864 -0.00157771 -0.00111226 -0.00181802 
-0.00145669 -0.00143546 -0.000418475 0.000134056 -0.000125256 -0.00287705 -0.00361697 -0.00184574 -0.00364546 -0.0041176 -0.0057491 -0.00504844 -0.00464943 0.00225261 0.00379699 -0.00673621 -0.00654462 -0.00449521 -0.00515692 -0.00403556 -0.00254764 -0.00252943 -0.0132364 -0.00922405 0.240032 -0.00580435 -0.000597733 -0.00738848 -0.00264004 -0.00228133 -0.00444504 -0.00931628 -0.00618505 -0.00749867 -0.00185095 -8.0187e-05 -0.00188164 -0.00129072 -0.00280495 -0.00139931 -0.00221037 -0.0026128 -0.000239686 -0.00406517 -5.24869e-05 -0.000831468 -8.03428e-05 -0.00250863 -0.00129622 -0.00160564 -0.00197995 -0.00101185 -0.000440943 -0.00149138 -0.00110844 -0.00151965 -0.00312158 -0.00259024 -0.00205951 -0.00215541 0.000732333 -0.00283432 -0.00088502 -0.00130931 -0.00128028 0.00169899 -0.000505303 -0.00276005 -0.00166351 -0.000241443 -0.00181756 -0.00317248 -0.00247261 -0.00252746 -0.00300646 -0.00118178 -0.00213039 -0.00185657 -0.00320699 -0.000527189 -0.00229828 -0.00270563 -0.00221053 -0.00154787 -0.00236503 -0.00178145 -0.00115977 4.1643e-05 -0.00442265 -0.00144199 -0.00146998 -0.00178869 0.00157154 -0.00378985 -0.00251742 -0.00172597 -0.00123141 -0.00162151 -0.00377692 -0.00108828 
-0.00251546 -1.28155e-05 -0.0030714 -0.000917603 -0.00183837 -0.00400231 -0.00271323 -0.00246878 -0.0026614 -0.00220654 -0.000830851 0.000442791 -0.00117285 -0.010009 -0.00745079 -0.00795072 -0.00230842 -0.00953821 -0.00855771 -0.0135779 -0.00622522 -0.00362277 -0.00241618 -0.00217591 -0.00580435 0.22422 0.00126219 -0.0047537 0.00183517 -0.000973224 -0.00255522 -0.00774715 -0.00142464 -0.000116075 -0.00328134 -0.000362176 -0.000216205 -0.00260722 -0.00287464 -0.00466324 -0.0025361 -0.00270796 -0.00195558 -0.00207236 -0.00239392 -0.000964924 -0.00315319 -0.00369448 -0.000814657 -0.000617928 0.00110315 -0.00175495 -0.00198014 -0.00281314 -0.000210248 -0.000659658 -0.00275641 -0.00262192 -0.00293641 -0.000485981 -0.00104259 -0.00194225 -0.0017041 -0.00145323 0.000427696 -0.00126973 -0.00156944 -0.00184138 -0.00129978 -0.00200299 -0.00176146 -0.000538089 0.000562179 -0.00171277 -0.00199488 -0.00333509 -0.000421443 -0.00108812 -0.00361511 -0.00229523 0.000315379 -0.0014268 -0.0011718 0.00024664 -0.00205515 0.000660406 -0.000908556 -0.00295439 -0.00136061 -0.00208058 -0.00417117 -0.0015564 -0.00233712 -0.00170592 -0.00208262 -0.00122642 -0.000354583 -0.00117123 -0.000766912 -0.000104129 
-0.00100897 -0.00237917 -0.00303125 -0.00212534 -0.00046292 -0.00297786 -0.0014001 -0.00205497 -0.000727524 -0.00391457 0.000415924 -0.000704426 -0.00141588 -0.000453639 -0.00430744 -0.00428975 -0.00341953 -0.0151414 -0.0106994 -0.0127411 -0.00730672 -0.00684124 -0.0053619 -0.00422821 -0.000597733 0.00126219 0.22269 -0.00263782 -0.00519265 -0.00142151 -0.00126984 -0.00189163 -0.0014884 -0.00194848 -0.00158493 -0.00152315 0.00105219 -0.00287714 -0.00273895 -0.000313852 -0.00392066 -0.00300627 -0.00154741 -0.00246131 -0.000130609 -0.00155695 -0.00059322 -0.000122724 0.000307101 9.76426e-05 -0.00168181 -0.00304704 -0.00243256 -0.00212726 -0.00274721 -0.000146647 0.000611744 -0.000580656 -0.00424027 -0.0045712 -0.000469535 -0.000763643 -0.00199908 -0.00299691 -0.00340114 0.000271213 -0.00245253 -0.00121456 -0.00141046 -0.00168184 -0.00214926 -0.00168329 -0.000455743 -0.00439655 -0.00361549 -0.00183682 -0.00201168 -0.000972181 -0.00168226 -0.00126776 3.25538e-05 -0.00308963 -0.00149325 -0.000153616 -0.00247329 -0.000961319 -0.00127467 0.000425398 0.000137173 -0.00230703 -0.00343117 -0.00379867 -0.00160636 -0.0028744 -0.00206756 0.000256053 -0.00181046 -0.00364557 -0.000461462 -0.00225716 
-0.00140201 -0.000749097 7.40158e-05 -0.000724358 -0.000532275 -0.00543069 -0.00131805 0.000193889 0.000645326 -0.0020149 -0.00351193 -0.00192972 -0.00750893 -0.00505471 -0.00642627 -0.00994621 0.00193697 -0.00352354 -0.00727432 -0.0124959 -0.00313846 -0.00716555 -0.00451295 -0.00500874 -0.00738848 -0.0047537 -0.00263782 0.210073 -0.00179066 0.000969846 -0.00122285 -0.000524619 0.00180779 -0.00141294 -0.000570725 -0.00111214 -0.00155023 -0.00290117 0.000720273 -0.00183481 -0.00291325 -0.000522085 -0.00284072 -0.00171934 -0.00233056 -0.000218144 -0.00159664 -0.00401773 -0.000550894 -0.000812934 -0.000794475 -0.00237992 -0.00125586 -0.00103964 -0.00104548 -0.00197308 0.000218689 -0.00102901 -0.00228847 -0.00357087 -0.00141721 -0.00100408 -0.00231094 -0.00119212 -0.00367571 -0.00287456 -0.00153922 -0.00240282 -0.00109354 -0.00283348 -0.00228402 -0.00280807 -0.000940667 -0.0015064 -0.00499436 -0.00339965 -0.00285825 -0.00169576 0.000642171 0.000245538 -0.00160678 -0.0013799 -0.000767441 -0.00283073 -0.00123683 -0.00103949 -0.00141598 -0.00280033 -0.00222793 0.00173852 -0.00150993 -0.000825072 -0.00227309 3.12303e-06 -0.00114993 -0.00205115 -0.000982508 -0.00118757 -0.00277184 -0.00011404 
-0.00245271 0.000368493 -0.0010959 -0.00316984 -0.00263901 -0.000161618 -0.00190537 -0.00224944 -0.00498818 -0.00277198 -0.00446452 -0.00227955 -0.00668775 -0.00104219 0.00165002 -6.59996e-05 -0.00943331 -0.00234801 -0.00742183 -0.00447458 -0.00755613 -0.00519451 -0.00662158 -0.0115078 -0.00264004 0.00183517 -0.00519265 -0.00179066 0.190955 -0.00488099 0.00182844 -0.00192329 -0.00373069 -0.00281705 -0.00153023 -0.00366507 -0.0023976 -0.00397179 -0.000269458 -0.000277252 -0.00106402 -0.000222399 -0.00135052 0.000206255 -0.000463323 -0.00096013 -0.00213753 -0.00189966 0.000859655 -0.00163257 -0.000823815 -0.000164195 -0.000325144 -0.00174253 -0.00105572 -0.00132603 -0.00141494 -0.00228495 -6.26442e-06 0.000517304 -0.000320999 -0.00145328 8.37069e-05 8.08168e-06 -0.000757992 -0.00163313 0.000168956 0.000799341 -0.00134616 -0.00214257 -0.00159191 -0.000960492 -0.00194584 -0.00124116 -0.00276199 0.00137058 -0.00140139 -0.000638308 -1.01461e-05 -0.00346898 -0.00243371 -0.00262991 -0.0015173 -0.000944251 0.000106271 -0.00439556 -0.000837013 -0.00257738 -0.00146808 0.000456951 -0.00114093 -0.00150911 -0.00147451 -0.0019155 -0.00155151 -0.0017036 -0.00196354 -0.00201857 -0.00343565 -0.00153095 
-0.00124587 -0.000539996 -0.00144826 -0.000798751 -0.0019529 -0.000319296 -0.00317249 -0.00133297 -0.00265876 -0.00282152 -0.00270566 -0.00281101 -0.00420265 -0.00355198 -0.00692985 -0.00607433 -0.00342589 -0.00624386 -0.00375799 -0.00327327 0.000427831 -0.00407776 -0.00382767 -0.00672401 -0.00228133 -0.000973224 -0.00142151 0.000969846 -0.00488099 0.148303 0.00128528 -0.00200062 0.00060223 -0.00135211 -0.000759024 0.00052233 0.000300827 -0.0035416 -0.000887708 -0.00115387 -1.56703e-05 -0.00218849 -0.00055247 -0.00171108 0.000414972 -0.00178168 -0.000542193 -0.000597968 -0.00121063 -0.000272542 -0.00081872 -0.000249928 -0.000444727 -0.00033519 -0.0024239 -0.0012911 -0.000772888 -0.000459719 -0.00123093 -0.00095918 -0.000354742 -0.000791225 -0.000646843 -0.000932136 -0.000606025 -0.00141744 -0.00141736 0.000633409 0.000193183 -0.00212787 -0.000709877 -0.0025699 -0.00100997 -0.00118254 0.000441174 -0.00268269 -0.000287664 -0.00265627 -0.000671923 -0.00172358 -0.000341774 -0.00165927 -0.000113728 -0.00122386 -0.00133095 -0.000417228 -0.000818204 -0.00150711 -0.000705587 -0.000722837 -0.00156766 -0.000726936 -0.000948207 -0.00016674 -0.00127034 -0.00129075 -0.0029525 -0.00124794 -0.000823943 -0.00146231 
-0.00328864 -0.000858109 -0.00196067 -0.000990276 -0.00139564 -0.0027113 -0.00157014 -0.000754204 -0.00185437 -0.0018324 -0.0046428 -0.00220858 -0.00534381 -0.00472081 -0.00348149 -0.00727927 -0.00334818 -0.00465463 -0.00310781 0.000492999 -0.00296269 -0.000995077 -0.00622274 -0.00618542 -0.00444504 -0.00255522 -0.00126984 -0.00122285 0.00182844 0.00128528 0.148462 0.000625985 7.69412e-05 -0.000883314 -0.000158404 -0.00144458 0.000327835 2.96071e-05 -0.00185206 0.000146189 -0.00105925 -0.0016766 -0.00119131 6.62036e-05 -0.00210652 3.08056e-06 -0.0015397 -0.0024464 -0.00115751 -0.000976458 -9.16278e-05 -0.00162287 -0.000892129 -0.000619341 -0.00148684 -0.00183479 -0.00094196 -0.00203227 -0.00119894 -0.00157006 -0.000853571 -0.000279138 0.000579106 -0.00109671 -0.00283826 -0.00139403 -0.00257172 -0.000316214 -0.0013863 -0.00196359 -0.00129043 -0.00139899 -0.000376102 -0.000226403 -0.00150662 -0.00148656 -0.000930178 -0.000994487 -0.000218271 -0.0019358 -0.000426281 -0.000910504 -0.00110485 -0.000510201 -0.00107767 -0.000995806 0.00015232 -0.000208183 0.000312279 0.00119783 -0.00221069 -0.0027517 -0.00217448 0.000243895 -0.0014123 0.000738967 -0.00282533 -0.00259053 -0.0012434 -0.00241829 
-0.000762998 -0.00110714 -0.00127349 -0.000627945 -0.000391818 -0.00290224 -0.000487036 -0.000220277 -0.000868523 -0.000926695 -0.00307899 -0.00352474 -0.0024287 -0.00730305 -0.00565062 -0.00442216 -0.00672352 -0.000187381 -0.000948103 -0.00230213 -0.00300169 -0.000494006 -0.00295751 0.00121791 -0.00931628 -0.00774715 -0.00189163 -0.000524619 -0.00192329 -0.00200062 0.000625985 0.14885 -0.00152958 -0.00317178 -0.00114643 -0.00315852 -0.00219805 -0.000291139 -0.00160784 -0.00281241 -0.00248232 -0.00132159 -0.00171522 -0.000948048 -0.00159994 -0.00032691 -0.00196486 -0.00115979 -0.00158431 -0.00128351 -0.00153348 -0.000544641 -0.000545379 -0.00238529 -0.00111202 -0.000100858 -0.000860886 -0.000910082 -0.00157592 0.00022706 -0.001481 -0.000851231 -0.000945458 0.000492019 -0.000609502 -0.00244348 0.000766907 -0.000820497 -0.00128197 -0.00140203 0.000425094 -0.000355171 -0.00243054 -0.00132974 -0.00289186 -0.00268468 0.000471724 0.00019716 -0.0007444 -0.000437069 -0.00129202 -0.0011419 -0.000278035 -0.00142992 -6.02812e-05 -0.00287569 -0.0010237 -8.99504e-05 -0.000517032 0.000436904 -0.000506498 -0.000555002 -0.00103734 -0.000446302 -0.00160435 -0.000859434 -0.00149818 -0.000979414 -0.000416996 -0.000525117 
