0.0734636 -0.000164318 7.57121e-05 5.36278e-05 -0.00105875 -0.000794309 -0.00064505 -0.00117181 -0.000113919 -0.00170382 -0.00110153 -0.00143692 -0.00227038 -0.000805407 -0.000757248 -0.00075665 -0.0021601 -0.00313061 -0.00171089 -0.00309767 -0.003464 -0.0023509 -0.00229276 -0.00154615 -0.00251871 -0.00183465 0.000196921 -0.00222086 -0.000881711 -3.04529e-06 -0.00169004 -0.0011456 -0.000563886 -0.00115646 -0.00081279 -0.000462378 -0.000979638 -0.00129842 -0.00042026 0.000125128 -0.00021006 -6.79777e-05 -0.000225418 -0.000506062 -0.000234603 -0.00093607 -0.000366311 -0.000253329 0.000276089 0.000120125 -0.000150998 2.50925e-05 -0.000227575 -0.000793407 -0.00141684 -0.000227441 -0.000604344 0.000211455 -6.30777e-05 -0.000503385 -0.000294817 -0.000607253 -0.000560842 -0.00017907 -0.00126527 -0.000499554 -0.000312373 -0.00132126 -0.000880584 -0.000376921 -0.0017524 -0.000781703 -0.000490805 -0.00133386 -0.000528703 -0.000434826 -0.00088092 -0.000123887 -0.000573144 -0.000424139 -0.000365512 -0.00161502 -0.000204772 0.000316394 -0.000515067 -3.00544e-05 -0.000648781 -0.00113794 -0.000311484 1.57391e-05 -0.000244388 0.000125681 -0.000253131 -0.000203221 5.4704e-05 -0.000277319 0.000101179 -0.000397391 -0.00012639 9.99345e-05 
-0.000164318 0.0711076 -0.000100206 -3.80468e-05 -0.000282887 -0.000435593 0.000113355 -0.000610781 -0.00106486 -0.00205712 -0.00194074 -0.000354644 7.32132e-06 -0.00205016 -0.00258373 -0.00216453 -0.00133782 -0.000857914 -0.003253 -0.00378568 -0.00346967 -0.00147679 -0.00133942 0.00142056 0.000526201 -0.003129 -0.00122168 -0.000286303 -0.00129635 -0.000110937 -0.000825926 -0.000608825 -0.00135462 -0.00155698 -0.00142701 -0.000748429 -0.000967291 -0.000434038 -0.000573185 -0.000623914 2.53167e-05 -0.000224008 -0.000241033 -0.000275371 -0.000433011 -0.0010176 2.92004e-05 -0.000346383 -0.00027077 -8.08919e-05 -0.000656686 -1.42641e-05 -0.000466107 -0.000241897 -0.00102802 -0.000505106 -0.000879784 -0.000741424 -0.000134974 -0.000557833 -0.000795762 -0.000587111 0.000185063 -0.000856236 -0.00069755 -0.000940368 -0.000691764 -0.000576986 -9.89109e-05 -0.000607927 -0.000827785 -0.000910681 -0.000321126 -0.000845784 -0.000548725 0.000121223 -0.00130432 -4.48642e-05 -0.000373123 -0.000253475 -0.000637243 -0.00101257 -5.36623e-05 -0.000579549 -1.29993e-05 -0.000970132 -0.000574103 -0.000345865 -0.000432723 0.000131217 -0.000182398 -0.000600635 -0.000470788 0.000230686 -0.000562055 -0.00108425 -0.000572672 -0.000962929 -0.000612961 -0.000300193 
7.57121e-05 -0.000100206 0.0827929 -0.000192509 -0.00056005 -0.000857421 -0.000413959 -0.000294509 0.00011315 -0.00083994 -0.00286676 6.44779e-05 -0.00211083 -0.00183232 -0.00148697 -0.00254135 0.00038694 -0.00181406 -0.00195725 -0.00170507 -0.00329663 -0.00152138 -0.000501254 -0.00372195 -0.00324186 -0.00185161 -0.00168512 0.000557836 -0.000911419 8.37117e-05 -0.00255215 -0.00201231 -0.000548186 -0.000850129 -0.000978159 -0.000454891 -0.00115884 -0.000877893 -0.000437465 3.7298e-05 -0.000692986 -0.00100947 -0.000948853 -0.0013344 -0.000327501 -0.00120611 0.000342276 -0.000125132 0.000119929 -0.00012992 -0.000252723 8.1996e-05 -0.001209 -0.000814073 -0.00102817 -0.000984854 -0.000791637 -0.00035661 -0.000662545 -0.000432592 -0.00107099 -0.000814707 3.59335e-05 -1.71817e-05 -0.000575891 -0.000792576 -0.000151364 -0.00120864 -0.000990524 -0.000140334 -0.00098712 -0.000628354 -0.000360445 -0.000225532 -0.00117031 -0.000610668 -0.000421435 -0.000582626 -0.000722798 -0.00101358 -0.00169528 -0.000894547 -0.00101277 -0.000157904 -0.000936563 -0.000132599 -0.00113046 -0.00080604 -0.000304358 -0.000905366 -0.000869125 -0.00106048 -0.000627844 6.77535e-05 -0.000156405 -0.000748066 -0.000801451 -0.000605331 -0.000184205 -0.000765 
5.36278e-05 -3.80468e-05 -0.000192509 0.0854593 -0.00106226 0.000631117 -0.000709642 -0.000660708 -0.000806478 -0.00113098 -0.00164143 -0.00217449 0.000552765 -0.00232459 -0.00156938 -0.0035703 -0.00376746 -0.00534234 -0.00332998 0.000778362 -0.00346558 -0.00236953 -0.00181715 -0.00210414 -0.00100582 -0.00179671 -0.00340903 -0.00109205 -0.0010079 0.000864201 -0.00211683 -0.00201979 -0.00128834 0.000857389 0.000832299 -0.000506736 -0.00121133 -0.00063299 0.000160814 -0.000794954 -0.00146684 -0.000711585 -0.000693011 -0.000914615 -0.000928205 0.000241937 -0.00116211 -0.00080158 0.00022809 -0.000376122 -0.000610506 -0.000325251 0.000327525 -0.000297495 -0.000673714 0.000281772 -0.000701035 -0.000353142 -0.00057388 -0.000676272 -0.00114227 -0.000415653 -0.000225176 -0.000372788 -0.000493199 4.39141e-05 -0.000381835 -0.00114762 -0.000948476 -0.000133448 -0.000700958 -0.00141359 -0.000403536 -0.00110627 0.000147072 -0.000494067 -0.000926475 -0.00103588 -0.000750493 -0.000524368 -0.00109516 -0.00106397 -0.000659253 -0.000137743 -0.000273519 -0.000410837 -0.000807003 0.000276164 -0.000541802 -0.000475142 -0.000917921 -0.000280837 -0.000970041 -0.000536394 -0.000728144 -0.0016802 0.000395899 -0.00187512 -0.00053167 -0.000306537 
-0.00105875 -0.000282887 -0.00056005 -0.00106226 0.089182 0.000560656 -0.000189704 -4.02819e-05 9.33525e-05 0.000610146 -0.000233338 -0.00105206 -0.00109063 -0.00289364 -0.00374964 -0.00386112 -0.000753221 -0.00281861 0.000521685 -0.00134608 -0.00220174 -0.00425912 -0.00322994 -0.0021531 -0.00170528 -0.00148786 -0.00319857 -0.00148361 0.00105485 -0.00171408 -0.00198102 0.000720385 -0.00102352 -0.00116348 -0.00111034 -0.00198123 -0.00097393 -0.00135633 -0.000784929 -0.000621031 -0.00161935 -0.00144784 -0.00123441 0.00018997 0.000100259 -0.000537856 -0.00141447 -0.00101111 -0.00142977 0.000374049 -0.00024022 -0.000819868 -0.00115366 -0.00100887 0.00010384 -0.000595197 0.000308247 -0.000825787 3.1022e-05 0.000422406 -0.00121795 -0.00029753 -0.000886948 -0.000235415 -0.00116006 -0.00063802 -0.000123414 -0.00129288 -0.000504672 -0.000120945 -0.000983987 -0.00036092 -0.00145388 -0.000432061 -0.00131001 -0.000394378 -0.00131441 -8.65931e-05 -0.000312194 -0.000539243 -3.16112e-05 -0.000807153 -0.000383008 -0.00147061 -0.0003699 -0.00112034 -0.00111341 -0.000123214 -0.000686759 -0.000906955 -0.000920479 -0.000950432 0.000592534 -0.000492512 -0.000794287 -0.000810765 -0.000988605 -0.00141431 -0.000919379 -0.000136404 
-0.000794309 -0.000435593 -0.000857421 0.000631117 0.000560656 0.087701 -0.00100365 -0.000543426 -0.0011927 -0.000104474 -0.000652261 -0.00190848 0.000178509 -0.000823414 -0.00326451 -0.00311091 -0.00562127 -0.00380324 0.00165078 0.000903653 -0.000877329 -0.00328585 -0.00329546 -0.00303892 0.000134217 -0.00200647 -0.00352728 0.000473679 -0.00180553 -0.00120206 -0.00252883 -0.00191118 -0.000571337 -0.000423993 0.000244792 -0.000910369 -0.00108652 -0.000950813 -0.00162711 -0.00113754 -0.00152025 -0.000711924 -0.00107642 0.000176596 0.000251774 -0.00124245 -0.000546476 -0.00151632 -0.000534837 -0.000641294 -0.000255974 -0.000238127 7.63918e-05 -0.000900073 8.29948e-05 -0.00143567 -0.00113456 -0.000487473 -0.000408402 -0.000489712 -0.000577102 -0.000378999 -0.00142825 -0.000759151 -0.000441539 -9.43712e-05 -0.000989092 -0.000820126 -0.000879378 -0.000595717 -0.000998088 -0.000981105 -0.000910006 -0.000464701 -0.00088068 -0.000587072 0.000287845 -0.00173936 -0.000340669 -0.000789969 -0.00122829 -0.00126093 -0.00051 -0.000848926 -0.000802024 -0.000778261 -0.00113132 -0.000593086 0.000220569 -0.000378158 4.28901e-05 -0.000360427 4.08198e-06 -0.00122799 -0.000356243 -0.000615669 -0.000141554 -0.00109055 8.35964e-05 -0.000284195 
-0.00064505 0.000113355 -0.000413959 -0.000709642 -0.000189704 -0.00100365 0.118056 -0.00085921 -0.00253218 9.50962e-05 -0.000965444 -0.00199156 -0.0024829 -0.000380785 -0.00569129 -0.000233701 -0.00247072 0.000828159 -0.00567901 -0.004626 -0.005561 -0.00189951 0.000888516 -0.00144761 -0.00285115 -0.00177798 -0.00189718 -0.00388385 -0.00171482 -0.00356227 0.000739783 -0.000736556 -0.00048362 -0.0017907 -0.000270582 -0.00193864 -0.0011882 -0.00162163 -0.00127812 -3.54196e-05 -9.99216e-05 -0.000846921 -0.000236714 -0.00221309 0.000318623 -0.000870899 -0.00084816 -0.000618179 -0.000805051 -0.0013016 -0.000869035 -0.000995999 -0.000652775 -0.00120004 0.000431135 -0.00116607 -0.00130425 -0.00155452 -0.000559324 -0.000707669 -0.000919033 -0.00108191 -0.000961849 -0.000414953 -0.00139401 -0.00138377 -0.000202118 -0.000380376 -0.00146586 -0.00088945 -0.00113331 -0.000294951 -0.000716253 -0.00147475 -0.000784818 -0.000561885 -0.00100478 -0.00101182 -0.00156436 -0.00166193 -0.00113506 -0.000457766 -0.00114211 -0.00144956 -0.00147415 -0.00187487 7.22185e-07 1.69573e-05 -0.00182927 -0.00143341 -0.000538433 -0.000633774 -0.00153484 -0.000937654 -0.00170861 -0.00174524 -0.00122579 -0.00135946 -3.53512e-06 -3.88638e-05 
-0.00117181 -0.000610781 -0.000294509 -0.000660708 -4.02819e-05 -0.000543426 -0.00085921 0.103976 -0.00117511 -0.00124641 -0.00111657 -0.00162242 -0.00132537 -0.00433496 -0.00108214 -0.00475343 -0.00134439 -0.00097781 -0.00242973 -0.00324017 -0.00229693 -0.00291034 -0.00415589 -0.00340534 -0.00277783 -0.00171004 -0.00221727 -0.00359406 -0.00194827 -0.00175961 -0.000455193 -0.00136069 0.000861951 -0.00191287 -0.00129901 -0.00067069 -0.000225971 -0.000699733 -0.00170508 -0.00149322 -0.00124448 -3.57185e-05 3.83373e-05 -0.000766869 -0.000464514 -0.00105571 0.000508636 -0.00145842 -0.000354413 -0.000936835 -0.000512614 -0.000828508 -0.000968314 -3.11002e-05 -0.00117048 -0.000832519 -0.000817053 -0.00047748 -0.00021757 -0.000325604 -0.00211087 7.0742e-05 -0.000747799 -0.0013432 -0.0013539 -0.00185306 -0.00125979 -0.00116785 -0.001344 -0.0002042 -0.000984218 -0.00104718 -9.08825e-05 -0.000767818 -6.33989e-05 -0.000237298 -0.000652211 -0.000993983 -0.000414556 -0.000192741 -0.000387951 -0.000941688 -0.000382985 0.00101549 -0.00114747 -0.000400277 -0.000101847 -0.000865898 2.33019e-05 -0.000663138 -0.00104815 -0.00133429 -7.00601e-05 -0.000171546 0.000155739 -0.00155649 -0.00130533 0.000574828 -0.00140549 -0.000687616 
-0.000113919 -0.00106486 0.00011315 -0.000806478 9.33525e-05 -0.0011927 -0.00253218 -0.00117511 0.128043 -0.000296881 -0.00110718 -0.000498248 -0.00171057 0.000792199 -0.00509903 -0.00336964 -0.00599027 -0.000720753 -0.00239282 -0.00110764 -0.00417419 0.00104859 0.000225879 -0.00184024 -0.00377558 -0.00534287 -0.00459678 -0.00213805 -0.0042224 -0.00405704 -0.0017148 -0.00295594 -0.00310607 -0.0030907 -0.000741935 -0.000477566 -0.00111285 -0.00102868 -0.000959886 -0.000269756 -0.000411572 -0.00183539 -0.00138278 -0.000382575 -0.00123988 0.000485182 -0.00151649 0.00076984 -8.32612e-05 -0.000268658 -0.00098647 -0.000735701 -0.00121608 -0.00172842 -0.0016842 -0.00125718 -0.00051647 -0.00140807 -0.00130797 -0.000765588 -0.00204164 -0.00136496 -0.000629765 -0.00142256 -0.00132598 -0.00108775 0.000558953 -0.0019766 -0.000945569 -0.00106156 -0.00138665 -0.00234362 -0.000889651 -0.00112764 -0.000947378 -0.000554993 -0.00102949 -0.00121335 -0.00090613 -0.00073763 0.00120307 -0.00183375 -0.000899763 -0.00046121 -0.00115661 -0.000682229 -0.00127195 -0.0010358 -0.00149813 -0.00129661 -0.00167283 -0.000572906 -0.000871768 0.000247309 -1.68023e-05 -0.000829782 -4.00138e-05 -0.00099302 -0.00194854 4.79105e-06 
-0.00170382 -0.00205712 -0.00083994 -0.00113098 0.000610146 -0.000104474 9.50962e-05 -0.00124641 -0.000296881 0.143635 -0.00129076 -0.00110299 -0.00127251 -0.00550848 -0.00488346 -0.00241482 -0.00326691 -0.00104354 -0.00571738 -0.00199524 -0.00595986 -0.00524708 -0.000699634 -4.80343e-05 -0.00253344 0.000613564 -0.00607323 0.00100707 -0.00426183 -0.0043974 -0.000451365 -0.00258218 -0.00226726 -0.00269648 -0.00137918 -0.00171024 -0.00262809 -0.00168226 -0.00148312 -0.00247851 -0.00201143 -0.00156506 -0.00111343 -0.00149865 -0.000306844 -0.0014273 -0.00281162 -0.000811271 -0.00255469 -0.00109384 -0.00124999 -0.00118663 -0.000560752 -0.000804387 -0.000159046 -0.00031941 0.000306771 -0.00112787 -8.6904e-06 -0.000866786 -0.000478253 -0.000794103 -0.000912344 -0.00187479 0.000105161 -0.00186245 -0.002184 -0.00183171 -0.0007136 -0.000846586 -0.00135678 -0.00109667 -0.000927376 -0.00036623 -0.00170842 -0.00156878 -0.000751541 -0.00200599 -0.000834581 -0.000542131 -0.00103507 -0.000445517 -0.00140629 -0.00253454 -0.00054572 -0.00110848 -0.000595692 0.000445171 -0.000516979 -0.00134828 -0.00151796 -0.00152918 -0.00159306 -0.00103092 -0.000127366 -0.000777169 7.93235e-07 -0.00161415 -0.000262682 -0.0002407 
-0.00110153 -0.00194074 -0.00286676 -0.00164143 -0.000233338 -0.000652261 -0.000965444 -0.00111657 -0.00110718 -0.00129076 0.158586 -0.00214143 0.00289422 -0.00136221 -0.00198717 -0.00369424 -0.00955209 -0.00489436 -0.00392036 0.00134666 -0.00354508 -0.00128685 -0.00769423 -0.00398914 -0.00410476 -0.00401811 -0.0070393 -0.00289252 -0.00582027 0.00108002 -0.00258033 -0.0029332 -0.00233016 -0.00338948 -0.00120863 -0.000750414 -0.00203758 -0.000301279 -0.00109664 -0.00209196 -0.00151574 -0.000660948 -0.000797443 -0.00138266 -0.00046082 0.000443583 -0.00174032 -0.00118495 -0.000784127 -0.00151561 -0.000245244 -0.000471368 -0.00190607 -0.00128687 0.000123265 -0.000669989 -0.00176604 -0.000758782 -0.000704992 -0.000152597 -0.000384595 -0.000741269 -0.0013254 -0.000309824 -0.000388757 -0.000887777 -0.0004872 -0.00107155 -0.000853994 -0.00172891 -0.00232614 -0.000580226 0.000395658 -0.0020904 -0.00218311 -0.00173667 -0.00211705 -0.00215873 0.000611659 -0.000820281 -0.000967045 -0.00083943 -0.00183363 -0.00181913 -0.00146604 -0.00112381 -0.00108831 -0.00118462 -0.00219725 -0.00105284 0.000758287 -0.000993234 -0.0019003 -0.00161587 -0.000558332 0.000239065 -0.00241788 -0.0026072 -0.00199815 -0.00104142 
-0.00143692 -0.000354644 6.44779e-05 -0.00217449 -0.00105206 -0.00190848 -0.00199156 -0.00162242 -0.000498248 -0.00110299 -0.00214143 0.167041 -0.00279368 0.00155265 -0.0016282 -0.00243879 0.00360958 -0.00598286 -0.000167071 -0.0051888 -0.00335382 -0.00283749 -0.00778957 -0.0026005 -0.00400373 -0.00607747 -0.00498054 -0.00473934 -0.00293986 -0.00404899 -0.002896 -0.0017209 0.00126638 -0.00240536 -0.00178135 -0.00111889 -0.0011391 -0.00196649 -0.00190063 -2.80754e-05 -0.00262973 -0.00124462 -0.0024725 -0.00140988 -0.00214163 -0.0026993 -0.00017092 -0.000927117 -0.00225357 0.00103152 -0.000634098 -0.00228657 -0.00213445 -0.0017499 -0.00248896 -0.0003634 -0.00256064 -0.00116532 -0.000978792 -0.000783287 -0.000727523 -0.00225101 -0.00137687 -0.000594787 -0.00293027 0.000705888 -0.00190091 -0.00326244 -0.00369351 -0.00136398 -0.00227711 -0.000264235 -0.00114753 -0.00119244 -0.00054427 -0.00120328 -9.89146e-05 -0.00280399 -0.00123021 0.000152392 3.44043e-05 -0.000347496 -0.000827834 -0.0011632 -0.00092797 -0.00130033 -0.00160859 -0.00161555 -0.0018572 -0.00127006 -0.00225886 -0.000687355 -0.000949519 -0.00113036 -0.0021939 -0.00072046 -0.00174903 -0.000585954 -0.00133866 -0.00215767 
-0.00227038 7.32132e-06 -0.00211083 0.000552765 -0.00109063 0.000178509 -0.0024829 -0.00132537 -0.00171057 -0.00127251 0.00289422 -0.00279368 0.192463 0.00154673 -0.00332291 -0.00671381 0.00209917 -0.00720697 -0.0100034 -0.000197036 -0.00601529 -0.00839286 -0.00475787 -0.00616722 -0.00942095 -0.00916212 -0.000519945 -0.0046317 -0.00541497 -0.00253749 0.000700761 -0.00238681 -0.000849476 0.00166699 -0.00396735 -0.0010959 -0.00180794 -0.000619347 -0.0023755 -0.00201339 -0.00110266 -0.00195898 -0.00328329 -0.00136452 -0.00203395 -0.00141792 -0.000537919 -0.00160207 -0.00186466 -0.00162975 -0.000522023 -0.00284595 -0.00306126 -0.00220127 8.9091e-05 0.0014678 -0.00148832 -0.00107062 -0.00132074 -0.00320273 -0.00316533 -0.000358258 -0.000610742 -0.00145273 0.000773901 -0.00213334 -0.00134274 -0.00353359 -0.00158907 -0.00126231 -0.00265513 -0.00300538 -0.000182815 -0.00086712 -0.000856028 -0.000391045 -0.00148263 0.000674834 -5.74302e-05 -0.000833021 -0.000827682 0.00122887 -0.002322 -0.00180896 -0.00143344 -0.00179048 -0.000214277 -0.00256619 -0.0032185 -0.00169647 -0.00105283 -0.000444628 -0.00211206 -0.00107458 -0.00116383 -0.00221994 -0.00279125 -0.00141096 -0.00211267 -0.00315902 
-0.000805407 -0.00205016 -0.00183232 -0.00232459 -0.00289364 -0.000823414 -0.000380785 -0.00433496 0.000792199 -0.00550848 -0.00136221 0.00155265 0.00154673 0.201045 -0.0112404 -0.0017614 -0.00469896 0.000214182 -0.00163917 -0.0067002 -0.00401538 -0.00640207 0.000799496 -0.00583211 -0.0051898 -0.0154587 -0.00481494 -0.00738656 -0.0025485 -0.00591115 -0.00115637 -0.00459044 -0.00110636 -0.00232073 -0.000445682 -0.00197677 -0.000699931 -0.00120546 -0.00200995 1.06553e-05 -0.00204283 -0.000488537 -0.000783028 -0.000448312 -0.00157248 -0.00202693 -0.00240845 -0.000788932 -0.000938588 -0.00265583 -0.00134283 -0.001952 -0.00225274 -0.000902156 -0.00158344 -0.00181243 -0.00376124 -0.00145724 -0.00236234 -0.00234373 7.62874e-05 -0.0011819 -0.000168882 0.000568853 -0.000131098 -0.000586881 0.000390979 -0.00149876 -0.00146633 -0.00213382 -0.00140046 -0.000750526 0.0014207 -0.00315427 0.000334554 -0.00232006 -0.00163208 -0.00341172 -0.00152809 -0.00146792 -0.00218574 -0.00271195 -0.00137321 -0.000870408 -0.00145578 -0.00215134 -0.00252308 -0.000610585 -0.00296725 -0.00179666 0.000247931 0.000755774 -0.00183485 -0.00174937 -0.00148294 -0.00118224 -0.00261137 -0.0022963 -0.00161148 -0.000157848 
-0.000757248 -0.00258373 -0.00148697 -0.00156938 -0.00374964 -0.00326451 -0.00569129 -0.00108214 -0.00509903 -0.00488346 -0.00198717 -0.0016282 -0.00332291 -0.0112404 0.246141 -0.00453217 -0.00176229 0.00463566 0.00136345 0.00144891 0.00274321 -0.00318926 -0.00417261 -0.00334354 -0.00343087 -0.00542958 -0.00279349 -0.00779057 -0.00789543 -0.00230959 -0.00572386 -0.00676759 -0.0060806 0.000963862 -0.00216892 -0.00269703 -0.00480415 -0.00124072 -0.0025993 -0.000591549 -0.00222021 -0.00398635 -0.0031049 -0.00408777 -0.00238329 -0.00375879 -0.00362018 -8.77565e-07 -0.00190303 -0.00337385 -0.00316323 -0.00157028 -0.00248439 -0.00262269 -0.00235334 -0.00187481 -0.00214445 -0.000331648 -0.00183645 -0.00190965 -0.00243549 -0.00154477 -0.00193212 -0.00172304 -0.000327679 -0.00067923 -0.00154358 -0.000628743 -0.00336925 -0.00074677 -0.00276426 -0.00348983 -0.00160702 -0.00622617 -0.00122566 -0.00259966 -0.00405338 -0.00332206 -0.000831284 -0.00182659 -0.00200788 0.000713422 -0.00278228 -0.000937456 -0.00125456 -0.00306662 -0.00237152 -0.000937709 -0.00106759 -0.00159382 0.00217248 -0.0033163 -0.0021583 -0.00490303 -0.000882972 -0.00397449 -0.0031115 -0.001221 -0.00379348 -0.00152521 
-0.00075665 -0.00216453 -0.00254135 -0.0035703 -0.00386112 -0.00311091 -0.000233701 -0.00475343 -0.00336964 -0.00241482 -0.00369424 -0.00243879 -0.00671381 -0.0017614 -0.00453217 0.236043 -0.00182987 0.000915385 -0.00482561 -0.000538264 -0.00678252 -0.00535403 0.000934764 -0.00342608 -0.00934873 -0.00153992 -0.00024679 0.00187293 -0.00517428 -0.00647716 -0.00367483 -0.00201255 -0.00451508 0.000891585 -0.00693553 -0.00205555 -0.00288292 -0.0024571 -0.00166943 -0.000808761 -0.00186866 -0.00232725 -0.00152691 -0.00382272 -0.00295868 -0.000877964 -0.00274827 -0.00141002 9.12182e-05 -0.0030593 -0.00294532 -0.00273331 -0.000986374 -0.00130152 -0.00161154 -0.0027292 -0.00130982 -0.0012831 -0.00226314 -0.00279833 0.000542115 -0.00114091 -0.00119144 -0.00205359 -0.00223443 -0.0040922 -0.00373714 -0.00192327 -0.00129853 -0.00205924 -0.00191388 -0.00164695 -0.00185795 -0.000658096 -0.0013485 -0.00246335 -0.00261301 5.71462e-06 -0.00289773 -0.00382039 -0.00189063 -0.00214572 -0.00033303 -0.00136486 -0.00206703 -0.00219415 -0.00324226 -0.00302521 -0.00469703 -0.00199023 -0.00129618 -0.00438591 -0.00149422 -0.00166011 0.000158145 -0.00229722 -0.00467002 -0.000409429 -0.00309624 -0.00121178 
-0.0021601 -0.00133782 0.00038694 -0.00376746 -0.000753221 -0.00562127 -0.00247072 -0.00134439 -0.00599027 -0.00326691 -0.00955209 0.00360958 0.00209917 -0.00469896 -0.00176229 -0.00182987 0.24414 -0.00463229 -0.00961716 -0.0012358 -0.00410925 0.000480391 -0.00204322 -0.0112245 -0.00843935 -0.00702328 -0.000881325 -0.00478058 -0.00663024 -0.00357758 -0.0054952 -0.0025897 -0.00518093 -0.00156232 -0.00306754 -0.000594439 -0.00231444 -0.00355653 -0.00282594 -0.00120787 -0.000486807 -0.00404831 -0.00582392 -0.00128273 -0.00160614 -0.00286305 -0.00358866 -0.00213095 -0.00140818 -0.00137537 -0.000531868 -0.00234713 -0.00564717 -0.0029372 -0.00223093 -0.000415228 -0.000729399 -0.000171522 -0.00202471 -0.00115957 -0.00259025 -0.00168157 0.000727959 -0.00050536 -0.00425134 -0.00382326 -0.00128673 -0.000589721 -0.00011368 -0.000735348 -0.00239533 -0.0025258 -0.0030656 0.00163318 -0.00211171 -0.000364141 -0.00328123 -0.000430676 -0.00133351 -0.00277944 -0.00315596 0.000925402 -0.00116873 0.00238318 -0.00220416 1.1984e-06 -0.00260497 -0.00385549 -0.000406706 -0.00335665 -0.00281864 -0.00526453 -0.001259 -0.00244434 -0.00181913 -0.00354668 -0.0024821 -0.000784533 -0.00311902 -0.0022777 
-0.00313061 -0.000857914 -0.00181406 -0.00534234 -0.00281861 -0.00380324 0.000828159 -0.00097781 -0.000720753 -0.00104354 -0.00489436 -0.00598286 -0.00720697 0.000214182 0.00463566 0.000915385 -0.00463229 0.246177 0.00101199 -0.00175662 -0.00142406 -0.00767481 -0.0118587 -0.0135215 -0.00380199 -0.00848447 -0.0169327 0.00111315 -0.00156664 -0.0074372 -0.0035692 -0.00287932 -0.00199852 -0.00259105 -0.00390922 -0.00483651 -0.00328517 -0.00247912 -0.00334143 -0.00492709 -0.00452313 -0.000472178 -0.00170457 -0.000683648 -0.00376723 -0.000613571 -0.00211082 -0.00238365 -0.00372277 -0.00293495 -0.00280893 -0.00208903 0.000276546 -0.000614986 -0.0036172 -0.0025111 -0.00097175 -0.00232481 -0.00046541 -0.00354523 -0.000980445 -0.00136683 -0.00142701 -0.00193662 -0.00202896 -0.00216319 -0.00204957 -0.00160236 -0.000340591 -0.00120472 -0.0012123 1.74072e-05 -0.00242614 -0.00102099 -0.00221505 0.00120987 -0.00115357 -0.00440323 -0.00068951 -0.00149598 -0.000480423 -0.00379067 -0.00234761 -0.00167652 -0.00181765 -0.0033887 -0.00113457 -0.00117481 -0.00280307 -0.00410912 -0.00234214 -2.05738e-05 -0.00291793 -0.000484289 -0.000648344 -0.0027955 -0.00166206 4.22391e-05 0.000230394 4.4091e-06 
-0.00171089 -0.003253 -0.00195725 -0.00332998 0.000521685 0.00165078 -0.00567901 -0.00242973 -0.00239282 -0.00571738 -0.00392036 -0.000167071 -0.0100034 -0.00163917 0.00136345 -0.00482561 -0.00961716 0.00101199 0.249721 0.000514641 0.00230728 -0.00571775 -0.0046928 -0.0122728 0.00184115 0.000118438 -0.00611323 -0.00532047 -0.0043524 -0.00444773 -0.00396006 -0.00194452 -0.00568263 0.000686001 -0.00287658 -0.00218304 -0.00254411 -0.0010275 -0.00404435 -0.00368314 -0.00649194 -0.00174003 -0.00252845 -0.00325209 -0.00265413 -0.00475749 -0.000455685 -0.00280603 -0.00373438 -0.00167418 -0.000521322 -0.00066922 -0.00261754 -0.00230567 -0.00478721 -0.00340211 0.000625467 -0.00129327 -0.00438809 -0.00320732 0.00025229 -0.00174594 -0.00348339 -0.0039857 -0.00360012 -0.000417687 -0.00260654 -0.00343757 -0.00150998 -0.00603084 -0.00228381 -0.00144191 -0.00121168 -0.00175152 -0.00261268 -0.00182318 0.00165772 -0.00440327 -0.00288622 -0.00193688 -0.00213461 -0.00158068 -0.000820389 -0.00297593 -0.00205394 -0.00265665 -0.00192982 -0.00142573 -0.00127882 -0.00449612 0.000279173 -0.000963427 0.000192733 0.000595954 -0.00143131 -0.00150414 -0.00267959 -0.00359865 -0.00138844 -0.00246069 
-0.00309767 -0.00378568 -0.00170507 0.000778362 -0.00134608 0.000903653 -0.004626 -0.00324017 -0.00110764 -0.00199524 0.00134666 -0.0051888 -0.000197036 -0.0067002 0.00144891 -0.000538264 -0.0012358 -0.00175662 0.000514641 0.249623 0.0015831 -0.00782502 -0.00341018 -0.00957797 -0.00852262 -0.00300452 -0.00440899 -0.00298701 -0.00331399 -0.00695157 -0.00921159 -0.00556006 -0.00346825 -0.00355372 -0.00202372 -0.0034549 -0.000499938 -0.00405106 -0.00271035 -0.00224889 -0.00450787 -3.3905e-05 -0.00165109 -0.00320099 -0.00136817 -0.00465227 -0.00275775 -0.00138959 -0.00098787 -0.00353898 -0.00144511 -0.00206702 -0.000800999 -0.00138156 -0.00251853 -0.000489974 -0.00239871 -0.0024387 -0.00124082 -0.0026227 -0.0030138 -0.00119186 -0.00214278 -0.00179977 -0.00177545 -0.00259386 -0.000569409 -0.00352322 -0.00307296 -0.00116805 -0.00268043 -0.00294258 -0.00312231 -0.00107537 -0.00443943 -0.0024178 -0.00376301 -0.00180215 -0.00228005 -0.00313864 -0.00300808 -0.000919361 -0.0033727 -0.0014089 -0.00171486 -0.000675306 8.54605e-05 -0.00176414 -0.0029066 -0.00120409 -0.00249034 -0.00423949 -0.00311635 -0.00280727 -0.00142575 -0.00325098 -0.00147414 -0.00443648 -0.0020612 -0.000697836 
-0.003464 -0.00346967 -0.00329663 -0.00346558 -0.00220174 -0.000877329 -0.005561 -0.00229693 -0.00417419 -0.00595986 -0.00354508 -0.00335382 -0.00601529 -0.00401538 0.00274321 -0.00678252 -0.00410925 -0.00142406 0.00230728 0.0015831 0.248353 -0.010181 -0.000979723 -0.00162684 -0.00488614 0.00315001 -0.000639857 -0.00806886 -0.00735477 -0.000983185 -0.00428674 -0.00524951 -0.00114005 0.000714959 -0.00261305 -0.00467261 -0.00303653 -0.000925768 -0.00148483 -0.00351227 -0.00461911 -0.00412353 -0.00250745 -0.00136785 -0.000299818 -0.00168508 -0.00206958 -0.00294554 -0.00192724 -0.00232334 -0.00197875 -0.0013637 -0.00339916 -0.00248173 -0.0020981 -0.00142509 -0.00103512 -0.00112919 -0.00134438 -0.0012258 0.000434682 -0.000138911 -0.00457763 -0.00169822 -0.00430005 -0.00340813 -0.00120761 -0.00227144 -0.00251246 -0.00212898 -0.00091308 -0.000311934 -0.00283163 -0.00105228 -0.000603138 -0.00362488 -0.00193381 -0.00473662 -0.00205452 -0.00331564 -0.00494156 -0.00315735 -0.00137755 -0.00359003 -0.00220048 -0.00305921 -0.00147588 -0.00292506 -0.00252106 -0.0016421 0.000141696 -0.00221651 -0.00031761 -0.00239683 -0.00243344 -0.000375734 -0.00226269 -0.00245688 -0.00492808 -0.00452493 
-0.0023509 -0.00147679 -0.00152138 -0.00236953 -0.00425912 -0.00328585 -0.00189951 -0.00291034 0.00104859 -0.00524708 -0.00128685 -0.00283749 -0.00839286 -0.00640207 -0.00318926 -0.00535403 0.000480391 -0.00767481 -0.00571775 -0.00782502 -0.010181 0.249938 -0.00393364 -0.00600891 -0.00750781 0.00105313 -0.00740134 -0.00738112 -0.00558522 0.00121627 -0.00262689 -0.00264739 -0.00405338 -0.00646709 -0.00506967 -0.000729788 0.000158422 -0.00306448 -0.00136336 -0.00243211 -0.00119927 -0.00239253 -0.000377492 -0.000599478 -0.0018851 -0.0023005 -0.0014817 -0.00170606 -0.000325197 -0.000783431 -0.00301983 -0.000473711 -0.000391621 -1.00304e-05 -0.000238631 -0.000840822 -0.000505905 -0.00175443 -0.000414515 -0.000137735 -0.00324174 -0.00279732 -0.000631133 -0.0035663 -0.00319097 -0.000860909 -0.001888 -0.0014066 -0.00251139 -0.00181464 0.00039992 -0.00206412 -0.00247925 0.00131229 -0.00337528 -0.00152714 -0.00407656 -0.0048955 -0.00282093 -0.00271982 -0.00183833 -0.00172836 -0.00333653 -0.000393458 -0.00203436 0.000376566 -0.00129822 -0.00347147 -0.00270456 -0.00320903 -0.00436667 -0.00408945 0.000123491 -0.00326529 -0.000599522 -0.000960566 -0.00251721 0.00037356 -0.00213613 -0.00137234 
-0.00229276 -0.00133942 -0.000501254 -0.00181715 -0.00322994 -0.00329546 0.000888516 -0.00415589 0.000225879 -0.000699634 -0.00769423 -0.00778957 -0.00475787 0.000799496 -0.00417261 0.000934764 -0.00204322 -0.0118587 -0.0046928 -0.00341018 -0.000979723 -0.00393364 0.24978 -0.00402926 -0.00590528 -0.00409499 -0.00687312 -0.00727925 -0.00689173 -0.00144374 -0.000920251 -0.0100101 -0.00309486 -0.000337505 -0.00414929 -0.00282939 -0.00203049 -0.000781357 -0.000173765 -0.000298078 0.000757547 -0.00158893 -0.00372727 -0.00174718 -0.000710646 -0.00165904 -0.00310719 -0.000866469 -0.000928115 -0.00164548 -0.00364791 -0.00304596 -0.00287849 -0.00513188 -0.00271304 -0.00308725 -0.00125764 -0.00249921 -0.00232292 -0.00308347 -0.00100642 -0.0013493 -0.00221257 -0.0020764 -0.00119015 -0.00194066 -0.00344093 -0.0021845 -0.00465005 -0.00185915 -0.000836207 -0.00301187 -0.00129833 -0.00425846 -0.00153565 -0.00254583 -0.00215294 -0.00214747 -0.00154038 -0.000597292 -0.00133156 -0.00237854 -0.000319203 -0.00147917 -0.00174503 -0.0019391 -0.000781986 -0.00138383 -0.00158539 -0.00252619 -0.00349095 -0.00207542 -0.00216279 -0.00238422 -0.00151387 -0.00234329 -0.00175365 -0.00244436 -0.000501104 -0.00195742 
-0.00154615 0.00142056 -0.00372195 -0.00210414 -0.0021531 -0.00303892 -0.00144761 -0.00340534 -0.00184024 -4.80343e-05 -0.00398914 -0.0026005 -0.00616722 -0.00583211 -0.00334354 -0.00342608 -0.0112245 -0.0135215 -0.0122728 -0.00957797 -0.00162684 -0.00600891 -0.00402926 0.249999 -0.0054032 0.00187015 -0.00480946 -0.00203497 -0.00181771 -0.00134325 -0.00433311 -0.000415802 -0.0043776 -0.00558008 -0.000174303 -0.00180478 -0.00154379 -0.00302244 -0.0026249 0.000493784 -0.000324889 -0.000247596 -0.000828573 -0.00234538 -0.000414929 -0.0011837 -0.00189447 -0.0042136 -0.000576294 -0.000441489 -0.000940232 -0.000427502 -0.00264473 -0.00157658 -0.000309224 -0.00247364 -0.00361655 -0.00215327 -9.62104e-05 0.000740108 -0.00280572 -0.00238686 -0.00242514 -0.00238174 0.00271253 -0.00259422 -0.00308875 -0.000124545 -0.00138891 -0.00283666 -0.0013027 -0.00138566 -0.000787419 -0.00164876 -0.00245031 -0.00430492 -0.000191169 -0.000287362 -0.00351745 -0.00265434 -0.00293881 -0.0015201 -0.00368038 -0.00295193 -0.00213051 -0.00469182 -0.00219405 -0.00581199 -0.00122081 -0.000889611 -0.00283195 -4.62738e-06 -0.000642427 -0.00293587 -0.00276825 -0.0039646 -0.00165455 -0.00104132 -0.00191117 -0.0039691 
-0.00251871 0.000526201 -0.00324186 -0.00100582 -0.00170528 0.000134217 -0.00285115 -0.00277783 -0.00377558 -0.00253344 -0.00410476 -0.00400373 -0.00942095 -0.0051898 -0.00343087 -0.00934873 -0.00843935 -0.00380199 0.00184115 -0.00852262 -0.00488614 -0.00750781 -0.00590528 -0.0054032 0.248148 -0.00530568 -0.00902029 0.000579555 -0.0036258 -0.0018265 -0.00403622 -0.00870454 -0.00335956 -0.00333309 0.000207446 -0.00307969 -0.000182141 -0.000739173 -0.00364745 -0.00181815 -0.00266241 -0.00213682 -0.00375629 -0.000254549 -0.00339926 0.0005013 0.00097942 -0.002541 -0.00234958 -0.00158864 -0.0041423 -0.00061743 -0.00241659 -0.00267547 -0.00110011 -0.00336064 -0.00352001 -0.00347199 -4.45328e-05 -0.000137892 -0.00254686 -0.00107385 -0.00355536 -0.00311922 0.00033513 -0.000379821 -0.000545431 -0.00112208 -0.0013151 -0.0024156 -0.00285541 -0.00205016 -0.000825647 -0.00271574 -0.000805254 -0.00133436 -0.00125068 -0.00106229 0.000947828 -0.00191642 -0.00139305 -0.00431173 0.000890737 -0.0036465 -0.00266366 -0.00258921 -0.002389 -0.00239435 -0.000559782 -9.39187e-05 -0.0019626 -0.00212877 -0.00190936 -0.00236253 -0.00321852 0.000944189 -0.000725156 -0.00398289 0.000788424 -0.00037467 
-0.00183465 -0.003129 -0.00185161 -0.00179671 -0.00148786 -0.00200647 -0.00177798 -0.00171004 -0.00534287 0.000613564 -0.00401811 -0.00607747 -0.00916212 -0.0154587 -0.00542958 -0.00153992 -0.00702328 -0.00848447 0.000118438 -0.00300452 0.00315001 0.00105313 -0.00409499 0.00187015 -0.00530568 0.240543 -0.00203123 -0.00961698 0.00106578 -0.00282503 -0.0030747 -0.00367267 -0.00746703 -0.00411545 -0.00457975 -0.00110452 0.000762078 0.000232711 -0.00118814 -0.00114144 -0.00191535 1.58767e-05 -0.00225093 -0.00202696 -0.00263031 -0.00192412 -0.00274414 -0.00148129 -0.00389309 -0.0025371 -0.00175646 0.000377964 -0.00258939 -0.00141283 -0.00295031 -0.00208674 -0.00372535 -0.00218267 -0.00396269 8.77806e-05 -0.00247607 -0.00205435 -0.0022078 -0.00198737 -0.00505814 -0.00160898 -0.00307247 -0.00327393 -0.00156874 -0.00203891 0.00115229 -4.20733e-05 -0.00219041 -0.00267966 -0.000412849 -0.00226969 -0.00168271 7.12931e-06 -0.00247858 -0.00264354 -0.00374817 -0.00340799 -0.00214444 -0.00213194 -0.00210587 0.000457552 -0.0028557 -0.00267202 0.000573721 -0.00207397 -0.003726 0.00144544 -0.00170101 -0.0014765 -0.00335569 -0.00220772 -0.00222651 -0.00220945 -0.00158862 -0.000726523 
0.000196921 -0.00122168 -0.00168512 -0.00340903 -0.00319857 -0.00352728 -0.00189718 -0.00221727 -0.00459678 -0.00607323 -0.0070393 -0.00498054 -0.000519945 -0.00481494 -0.00279349 -0.00024679 -0.000881325 -0.0169327 -0.00611323 -0.00440899 -0.000639857 -0.00740134 -0.00687312 -0.00480946 -0.00902029 -0.00203123 0.223334 -0.00166998 0.00111342 -0.00267871 0.000841826 0.00199027 -0.000744458 -0.00389883 -0.00240538 -0.00148755 -0.00258111 -0.00191191 -0.00042804 -0.000469549 -0.001832 -0.00260156 -0.00262996 -0.00188781 -0.000393724 -0.00160953 -0.00265589 -0.00177131 -0.00242057 -0.00105424 -0.000919814 -0.00159171 0.000231989 -6.65829e-05 -0.00191075 -0.000586001 -0.0019099 -0.00144931 -0.00147247 -0.00214288 -0.0037724 -7.19312e-05 -0.00160785 -0.00280333 -0.001963 -0.00193095 -0.00342801 0.00143152 -0.00112326 -0.0014973 -0.00346753 -0.00201051 -0.00273324 -0.00211093 -0.00165004 -0.00136697 -0.00262251 -0.000297475 -0.00399913 -0.000730842 -0.00188721 -0.00106671 -0.00167374 -0.0018895 -0.00135656 -0.0013313 -0.000161207 -0.00215434 -0.000773555 -0.00123962 -0.00281586 -0.00159045 0.000209098 -0.000126923 -0.00372286 -0.00243121 -0.000219137 -0.0034372 -0.00285221 -0.00291807 
-0.00222086 -0.000286303 0.000557836 -0.00109205 -0.00148361 0.000473679 -0.00388385 -0.00359406 -0.00213805 0.00100707 -0.00289252 -0.00473934 -0.0046317 -0.00738656 -0.00779057 0.00187293 -0.00478058 0.00111315 -0.00532047 -0.00298701 -0.00806886 -0.00738112 -0.00727925 -0.00203497 0.000579555 -0.00961698 -0.00166998 0.220705 -0.00238774 -0.00244726 -0.00471228 4.73677e-05 -0.00140034 -0.00201931 -0.000765453 -0.00225509 -0.0019954 -0.00153246 -0.00252419 -0.00241024 -0.00236071 -0.000492371 -0.00204408 0.000954264 -0.00149607 -0.00405525 -0.00200764 -0.0034202 -0.00163864 -0.0024374 -0.00266472 -0.00231222 -0.00166458 -0.000813642 -0.00285827 -0.0022104 -0.00302713 -0.0034375 -0.00218672 -0.00339791 -0.000573516 -0.00365353 -0.00123035 -0.00205309 -0.00232147 -0.00288655 -0.00240383 -0.00458803 -0.00453915 -0.00223214 -0.00324297 -0.00362504 -0.000563651 -0.00288665 -0.000743823 -0.000703551 0.000189661 0.000651544 0.000512326 0.000686783 -0.00390091 -0.002015 -0.00289672 -0.0012055 -0.00343442 -0.00214878 -0.00148605 -0.00021184 0.00056358 -0.00144475 -0.00271472 -0.000617613 -0.000353107 -0.000754337 -0.00234177 -0.0015507 -0.000343544 0.00119569 -0.00308091 -0.00210819 
-0.000881711 -0.00129635 -0.000911419 -0.0010079 0.00105485 -0.00180553 -0.00171482 -0.00194827 -0.0042224 -0.00426183 -0.00582027 -0.00293986 -0.00541497 -0.0025485 -0.00789543 -0.00517428 -0.00663024 -0.00156664 -0.0043524 -0.00331399 -0.00735477 -0.00558522 -0.00689173 -0.00181771 -0.0036258 0.00106578 0.00111342 -0.00238774 0.184863 -0.00284463 -0.00413848 -0.000909564 0.00047838 0.00161778 -0.000495256 -0.00112312 -0.0017945 -0.00118254 0.000966796 -0.00259267 -0.00130602 -0.0015958 -0.00192303 -0.000282443 -0.00190484 -0.00015032 -0.00187852 9.28208e-05 -0.00212202 6.45863e-06 -0.000656609 -0.00279987 -0.00079063 -0.00222067 -0.000937761 -0.00266274 -0.00108728 -0.00265016 -0.000971634 -0.00281242 -0.00208831 -0.00185584 -0.00141274 -0.00153737 -0.00260441 -0.00178957 -0.0010732 -0.000554058 -0.00249848 -0.000852766 0.00048015 -0.0016005 -0.00259167 -0.0016315 -0.00218093 -0.00120707 -0.000511339 -0.00061961 -0.00176939 -0.00112172 -0.00227259 -0.00213929 -0.000455338 -0.00135283 -0.00291347 -0.00157815 -0.00132887 -0.00111981 -0.00224836 -0.000722989 -0.00108063 0.000732413 -0.00023652 -0.00102213 -0.00269914 -0.00222214 -0.00346373 5.78549e-05 -0.000277664 -0.000692299 
-3.04529e-06 -0.000110937 8.37117e-05 0.000864201 -0.00171408 -0.00120206 -0.00356227 -0.00175961 -0.00405704 -0.0043974 0.00108002 -0.00404899 -0.00253749 -0.00591115 -0.00230959 -0.00647716 -0.00357758 -0.0074372 -0.00444773 -0.00695157 -0.000983185 0.00121627 -0.00144374 -0.00134325 -0.0018265 -0.00282503 -0.00267871 -0.00244726 -0.00284463 0.154537 -0.00400133 -0.00327972 -0.000617252 -0.00229896 -0.00161122 -0.00247637 -0.00273531 -0.00149404 -0.000729507 -0.000952393 -0.00122149 -0.000426555 -0.00154994 -0.00126925 -0.000566865 -0.00158247 -0.00174965 -0.00113747 -0.000508208 -0.000641159 -0.000239175 -0.00188752 -0.00028211 -0.000152803 -0.000625751 -0.000979656 -0.000830955 -0.00176438 -0.0015774 -0.000846334 -0.000657819 -0.000750349 -0.00169736 -0.000752018 -0.00239704 0.000229355 -0.000915419 -0.000906695 -0.000607248 -0.00108455 -0.00176941 -0.000673771 -0.00101739 -0.00297891 -0.00131284 -0.000554891 -0.000204081 -0.00190312 -0.000761005 -0.000698667 -0.00145119 -0.000438005 -0.000563469 8.73277e-05 -0.00175188 -0.000792015 -0.00155755 -0.001462 -0.001375 -0.00154494 -0.00104897 -0.000343385 -0.00055965 -0.00071311 -0.000332058 -0.000377996 -0.00066484 -0.00132614 -0.0017729 -0.00144759 
-0.00169004 -0.000825926 -0.00255215 -0.00211683 -0.00198102 -0.00252883 0.000739783 -0.000455193 -0.0017148 -0.000451365 -0.00258033 -0.002896 0.000700761 -0.00115637 -0.00572386 -0.00367483 -0.0054952 -0.0035692 -0.00396006 -0.00921159 -0.00428674 -0.00262689 -0.000920251 -0.00433311 -0.00403622 -0.0030747 0.000841826 -0.00471228 -0.00413848 -0.00400133 0.146584 -0.00278436 -0.000317806 -0.00210614 0.000273675 1.19419e-05 -0.0020853 -0.00173197 -0.000899194 -0.00145926 -0.000476536 -0.00177197 -0.00137102 -0.00217246 -0.00189883 -0.000940269 -0.00081077 -0.000457204 -0.00146884 -0.00142886 -0.000820238 -0.00076203 -0.000409075 -0.002073 -0.000721405 -5.48685e-05 0.000100154 -0.000362512 -0.00104785 -0.00160676 0.000157829 -0.00123939 -0.000497384 -0.00184764 -0.000617217 -0.00194829 -0.00223855 0.000647151 -0.00199064 -0.000775694 -0.00123417 0.000474512 7.42666e-05 -0.00110552 -0.000991387 -0.000612728 -0.000918146 -0.000734679 -0.00133264 -3.41084e-05 0.000652538 0.00061222 -0.00109722 -0.00273374 -0.00105263 -0.00180441 -0.000279744 -0.00132917 -0.00029562 -0.000489685 -0.000478617 -0.00209776 -0.00152379 -0.000434956 -0.000219986 -0.000924808 9.02357e-05 -0.00149301 -0.000459947 -0.000375465 
-0.0011456 -0.000608825 -0.00201231 -0.00201979 0.000720385 -0.00191118 -0.000736556 -0.00136069 -0.00295594 -0.00258218 -0.0029332 -0.0017209 -0.00238681 -0.00459044 -0.00676759 -0.00201255 -0.0025897 -0.00287932 -0.00194452 -0.00556006 -0.00524951 -0.00264739 -0.0100101 -0.000415802 -0.00870454 -0.00367267 0.00199027 4.73677e-05 -0.000909564 -0.00327972 -0.00278436 0.150277 -0.00022664 -0.000601482 -0.00122359 -0.000398398 -0.000989147 -0.00101982 -0.00115953 -0.00123265 -0.00188105 -0.00127635 -7.07271e-05 -0.000568535 -0.000837767 0.000250469 5.80217e-05 -0.00167462 -0.00210483 -0.000872127 -0.000354707 -0.001397 -0.00156289 -0.00123566 -0.000453625 -0.00115687 0.00027982 -0.0029641 -0.00112917 -0.00112253 -0.00270304 0.000648315 -0.0005533 -0.00132384 -0.00206759 -0.00195608 -0.00134969 -0.000938026 -1.33833e-05 -0.00108215 -0.00226291 -0.00171192 -0.00131191 -0.00161545 -0.00141511 0.000210041 -0.000857749 -0.00111608 -0.0012235 -0.000600054 -0.000181058 -0.00182854 -0.000435963 -0.00217055 -0.000332963 -0.000304979 -0.00124482 -0.000774982 0.000597252 -0.00174768 -0.000817884 -0.000599271 -0.000936565 -0.000606663 -0.00112132 -0.000564695 -0.000517863 -0.000971299 -0.000576712 -0.00133743 
-0.000563886 -0.00135462 -0.000548186 -0.00128834 -0.00102352 -0.000571337 -0.00048362 0.000861951 -0.00310607 -0.00226726 -0.00233016 0.00126638 -0.000849476 -0.00110636 -0.0060806 -0.00451508 -0.00518093 -0.00199852 -0.00568263 -0.00346825 -0.00114005 -0.00405338 -0.00309486 -0.0043776 -0.00335956 -0.00746703 -0.000744458 -0.00140034 0.00047838 -0.000617252 -0.000317806 -0.00022664 0.112324 0.00102127 -0.00129936 -0.000797893 -6.40698e-07 -0.000724034 -0.000674916 -0.000464762 -0.000943587 -0.000361548 -0.00104147 -0.0001341 0.000198236 -0.00156962 -0.00197994 -0.00096383 0.000385992 -0.000166402 -1.04665e-05 -0.000831914 -0.00102255 -4.63979e-05 -0.00043002 -0.000898082 0.000631973 -0.000791752 -0.00028135 -0.000409581 -0.000368758 -0.000308369 -0.00184234 -0.000295327 -0.00154858 -6.88508e-05 -0.00131479 -0.00103733 -0.00161856 0.000466978 -0.00160763 -0.000761607 -0.000606833 -0.000548257 0.000179138 -0.00082456 0.000235435 -0.00235174 -0.000632501 -0.000383446 1.90996e-05 -0.000153801 7.79276e-05 -0.00104672 -0.00114491 -0.00144369 -0.000529999 -0.000911418 -0.000499361 -0.000965974 -0.00131378 -0.00189448 -0.000495869 -0.000827474 -0.000843143 -0.00199666 -0.00102706 -0.00047393 -0.000862054 -0.000534923 
