0.0834493 -0.000828925 -0.00065361 0.000227416 -0.000761975 -0.000374647 -0.000548032 0.000835102 2.97298e-05 -0.000634866 -0.000906134 0.000718761 -0.00118822 -0.0031907 -0.000666285 -0.00334167 -0.00301613 -0.00118427 -0.000602905 -0.00089592 -0.000239419 -0.00207303 -0.00300103 -0.00248196 -0.000883487 -0.00312136 -0.00395168 -0.00241179 -0.0017293 -0.00204565 -0.000701598 -0.00182097 -0.00186998 -0.000683691 -0.000583221 -0.00120887 -0.00115816 -0.00138223 -0.000619761 -0.000275187 -0.00051162 -0.000374096 -0.00191838 -0.000730133 -0.000577892 -0.00102199 -0.000499147 -0.00115556 -0.000150118 -0.000410436 -0.000251414 -0.00065471 -0.000621318 -0.000107413 -9.66806e-05 -0.000151124 -0.000255788 -0.000980248 -0.00139144 -0.000248856 -0.000848781 -0.000990016 -1.53185e-05 -0.00095366 -0.000619455 -0.00116125 -0.00061351 0.000126785 -0.000406018 -0.000570618 -0.00100826 -0.000866953 6.31124e-05 -0.000162859 -0.000874569 0.000415115 -0.000888637 -0.00102163 -0.000426295 -0.00130219 -0.000755014 -5.85252e-05 -0.00066548 -0.000392776 -0.000770059 -0.0017406 -0.000533687 -0.000196788 -0.000338395 -0.000679435 6.4376e-05 -0.00132073 0.000520885 -0.000283809 -0.000534962 -0.0011247 -0.000202675 -0.000926141 -0.000403069 0.000351358 
-0.000828925 0.0794129 -0.000478153 0.00026122 0.000648606 -0.000417814 -0.000476714 0.000383021 -0.000366971 -0.00209519 -0.000431544 -0.0022967 -0.0025949 -0.00289335 -0.00171736 -0.000343925 -0.00211001 -0.000652356 -0.00267196 -0.00206588 -0.00324971 -0.000901882 -0.00235963 4.46075e-05 -1.22242e-05 -0.00418126 -0.000466287 -0.000864878 -0.00321868 -0.00324394 -3.71564e-05 -0.000762816 -0.00114388 -0.00143035 -0.00158978 -0.000264386 -0.00117692 -0.000215204 -0.000335906 -0.00128855 -0.000623478 -0.000670842 -0.000808215 -0.000508984 -0.000961005 -0.000262485 -0.000298031 -0.00086068 0.000498068 -0.00022392 -0.000712334 -0.00140471 -0.00085966 -0.00109895 -0.000671302 -0.00053519 -0.000564776 -0.000857891 -0.000689648 -0.0011502 -0.000459261 -0.000163813 -0.000701368 -0.000759303 0.000453041 -0.000713789 9.15457e-05 8.1751e-05 -0.000423445 -0.000101288 -0.000708082 -0.00123038 -0.000572038 -0.000268617 0.000504588 -5.00555e-05 -0.000132392 -0.00123989 0.000163067 -0.000906824 -0.000325346 0.000311108 -0.000492925 -0.000975517 -4.49441e-05 1.12506e-05 -0.000542533 -0.000645287 -0.00131933 -0.000400783 -0.00082836 -0.000754902 -0.000834382 -0.000691652 -0.00102315 -0.000973294 -0.000692911 -5.94099e-05 -0.000357705 -0.000524291 
-0.00065361 -0.000478153 0.0881015 -0.000777801 -0.000703033 0.00016828 7.1286e-05 -0.00139974 -0.000685835 -0.000196682 -0.000286991 -5.9559e-05 -0.00291371 -0.001359 -0.000798027 -0.00396998 -0.000223098 -0.00519586 -0.00331956 -0.00432728 0.000104451 -0.00151733 -0.00265097 -0.000468074 -0.0010336 -0.00252938 -0.00184872 -0.00316667 -0.00185974 -0.0016277 0.000110064 -0.00130437 -0.00118924 -0.000460794 -0.00133194 -0.0008444 -0.00169626 -0.000519825 -0.000378716 -0.00036704 -0.000425777 -0.0013054 -0.00139442 0.000260335 -0.000913437 -0.00023163 -0.00092961 0.000152476 -0.00089268 -0.0011508 -0.000207553 -0.000635481 -0.000889963 -0.000766137 -0.000694284 -0.000891013 -0.000187788 -9.03308e-05 -0.000717088 -0.000313589 -0.000717113 -0.000821417 -0.000679137 -5.6498e-05 -0.00110468 -0.00110335 -0.00143007 -0.000534304 -0.00128199 -0.000640609 -0.000706394 -0.00119397 -0.000294483 -0.000757284 -0.000452188 -0.000247411 -0.000850114 -0.00102497 -0.000142565 0.000766999 -0.00044486 -0.000402625 -0.000454828 -0.000772872 -0.000595834 -8.67394e-05 -0.000649668 0.000186898 -0.00120897 -0.00105262 -0.000531507 -0.00078992 -0.00126518 -0.000995486 9.92899e-05 -1.97402e-05 -0.00126486 -0.000727552 0.000387992 -0.000328115 
0.000227416 0.00026122 -0.000777801 0.0866551 0.000378539 -0.00107451 2.26403e-05 -0.000725451 -0.000686328 -0.000663007 0.000758701 -0.00172657 -0.00256972 -0.00135295 -0.000952745 -0.00168082 -0.00295679 0.000554387 -0.00379713 -0.0018067 -0.00367309 -0.00225394 -0.00242456 -0.00367595 -0.00167408 -0.00140304 -0.00125104 0.000173376 -0.000263298 -0.00234087 -0.000649829 -0.000237264 -0.00225871 5.0287e-05 -0.000354214 -0.000431347 -0.0010044 -0.00145332 -0.000487198 -0.00067879 -0.000570839 -0.00140593 -0.00114049 0.000433353 -0.000355025 -0.000491098 -0.000726026 -0.00109985 -0.000414984 -0.000461117 -0.000488448 -0.00226176 -0.00107207 -0.000651385 0.000480807 -0.000862836 -0.000110993 -0.00063696 0.000167336 -0.00019411 -0.000308707 -0.00135903 -0.000771247 -0.000959689 -0.000640921 -0.00113998 -0.000523331 -0.00196428 -0.000705683 -0.000688271 -0.000971929 -0.000445554 -0.000788117 -0.000365868 -0.000576643 -0.000649176 -0.000834397 -0.000403606 -0.000874604 -0.00109129 -0.00100795 -0.000538973 -0.000727316 -0.000596533 -0.000566579 -0.000812325 -0.00053575 -0.000469254 0.000851054 -0.000118321 -0.0012557 -0.000673857 -0.00030628 -0.000981012 -0.00151 -0.000582222 -0.000950654 -0.00182786 -0.00079106 -0.000470876 
-0.000761975 0.000648606 -0.000703033 0.000378539 0.0845334 -1.92727e-05 -0.000444316 0.000233733 -0.000669882 -0.00035035 -0.00138021 0.00030876 -0.00348818 -1.71187e-05 -0.00280737 -0.001344 -0.00135071 -0.00178828 -0.00316108 -0.000612521 -0.0034453 -0.0055973 -0.00426964 -0.00263587 -0.00124787 -0.000788692 -0.00268065 -0.00192781 -0.00199347 -0.00132424 -0.00147625 0.000467254 -0.000592629 -0.00106788 -0.000658894 -0.000683305 0.000290409 -0.00113008 -0.00148436 -0.000492361 -0.000741617 0.000442543 -0.00154729 -0.00124592 -0.000935606 -0.0008629 -0.000465768 -0.00132749 -0.000854773 -0.000472501 -0.000552422 -0.0013566 -0.000970884 -2.83951e-05 -0.000660254 -7.27553e-05 -0.000789132 -0.00128119 -0.000186139 1.88709e-05 1.21236e-06 -0.000964436 -0.000158483 -0.00057685 -0.000617581 -0.00112509 -0.000601324 -0.0018426 -0.000856072 -0.000421155 -0.000433111 -0.00103191 -0.000321558 -0.000647487 -0.0004094 -0.000749183 -0.000846336 -9.78415e-05 -0.000623401 -0.000145002 0.000498883 -0.000665257 -0.00105595 -0.000931295 -0.000958904 -0.000650692 -0.000143826 -6.82083e-05 -0.000231252 0.000317924 -0.00082046 -0.000534247 -0.000923131 -0.000639647 -0.000796793 -0.000548432 -0.000106758 -0.000318413 0.000174553 0.000293901 
-0.000374647 -0.000417814 0.00016828 -0.00107451 -1.92727e-05 0.0918131 0.000451544 9.36084e-05 -0.000248072 -0.000572656 0.00048587 -0.000961226 -0.00197026 -0.00169562 -0.00555935 0.000325461 -0.00366846 -0.000991006 -0.00455883 -0.00364283 -0.000708031 -0.0021317 -0.00259264 -0.00130951 -0.00185605 -0.00204585 -0.00182533 -2.02459e-05 -0.00108874 -0.000895071 -0.00150965 0.000375961 -0.000942294 -0.00240549 6.22743e-05 -0.00138961 -0.00068253 -0.000793182 -0.00113124 -0.000443449 -0.000829439 -0.00129133 -0.000974255 -0.000912255 -0.0008087 -0.000393687 -0.00121224 -0.00050306 -0.000460545 -0.000274767 -0.000621305 -0.000295977 -0.000720373 -0.0019744 0.000339589 -0.000198886 -0.00040895 -0.00141759 -0.000505001 0.000243552 -9.35029e-05 -0.000891438 -0.00102607 -0.000770401 -0.00170677 -0.00117429 -0.00121911 -0.000267362 -0.000965322 -0.000911169 -7.74639e-05 -0.000256065 -0.000305956 0.0001998 -0.00177865 -0.000523599 -0.000318598 -0.00051589 -0.000678693 -0.000879338 -0.00128621 -0.000847531 -0.00135429 -0.000383553 -0.000426222 -0.00126346 -0.00140378 -0.000850801 -0.00126549 -0.000335125 -0.00143985 -9.17978e-05 -0.000416827 -0.000481093 -0.00109582 -0.000792365 -0.000960316 -0.000848011 -0.000446031 -0.000882881 
-0.000548032 -0.000476714 7.1286e-05 2.26403e-05 -0.000444316 0.000451544 0.0982871 0.000791511 -0.00108064 0.000264383 -0.000588679 -0.000338474 -0.00156039 -0.00499026 -0.0030722 -0.0014935 -0.00140957 -0.00265204 -0.00620272 -0.00312912 -0.00241573 -0.00155886 -0.000150984 -0.002937 -0.00362184 -0.000327583 -0.00185523 -0.00186627 -0.00120908 -0.000995147 -0.000466589 -0.000842717 -0.0012518 -0.000606136 -0.00190978 -0.00204004 -0.00129828 -0.000791538 -0.000757939 -0.00128211 -0.00276377 -0.000497281 -0.00159506 -0.00117533 -0.000445178 -0.00131178 -0.000552739 0.000116269 -0.00113389 -0.00157585 0.000123146 -0.00080747 -0.000849106 -0.000696564 -0.000822606 -0.000316761 -0.000284306 -0.000664504 -0.000925875 -0.000487579 4.77225e-06 -0.000778349 -0.00124851 -0.000441326 -0.000250007 -0.000274752 -0.000441005 -0.00186144 -0.000969775 -0.000639631 -0.000664685 -0.00118404 -0.00137796 -0.000271103 -0.00051106 0.000437643 -0.00169914 -0.000408504 -0.0009892 -0.000345478 5.74278e-05 -0.00067535 -0.000387817 -0.000854755 -0.00146118 -0.000144073 3.86883e-05 -0.00168393 -0.000964064 -0.000522222 -0.00015356 -0.000832164 9.01747e-05 -0.000399659 -0.000920327 -0.000213083 -0.00147191 -0.0011672 -0.000596775 -0.000875608 
0.000835102 0.000383021 -0.00139974 -0.000725451 0.000233733 9.36084e-05 0.000791511 0.110058 -0.000499972 -0.000156698 -0.00189821 -5.53815e-05 -0.00193288 -0.00194786 -0.00401215 -0.00370184 -0.00562537 -0.00412344 8.46159e-05 -0.00309335 -0.00201025 -0.0015193 -0.000572079 -0.00433986 -0.00327853 -0.00119652 -0.00305703 -0.00171561 -0.00225471 -0.00101109 -0.00283665 -0.00170721 -0.00162329 0.000772781 -0.000965819 -0.00125772 -0.000354549 -0.00209614 -0.00101682 -0.000708304 -0.000119189 -0.000126614 -0.0016655 -0.00101881 -0.000291058 -0.00111674 -0.000561732 -0.00181984 -0.000825131 -0.000963629 -0.000309596 -0.000798848 -0.00084545 -0.00129361 -0.00222772 3.7294e-05 0.000912404 -0.00119843 -0.00120436 -0.000197424 -8.25506e-05 0.000316799 -0.00104576 -0.000859156 -0.00102385 -0.000477797 -0.00113218 -0.0010007 -0.00082745 -0.00202039 -0.00146395 -0.00106071 -0.00113606 -0.000428919 -0.000259653 -0.00128655 -0.00126464 -0.00130392 -0.000615812 -0.000278503 -0.000625561 -0.000460369 -0.000503744 -0.000471508 -0.000757342 -0.00178346 -0.00083707 -0.00153415 -0.00108233 -0.000625174 -0.00168137 -0.00085079 -0.00112165 -0.000883731 -0.000398281 0.000325385 -0.001594 -0.0007306 -0.00105637 -0.00100053 
2.97298e-05 -0.000366971 -0.000685835 -0.000686328 -0.000669882 -0.000248072 -0.00108064 -0.000499972 0.0994489 0.000860491 -0.000385892 0.000861163 -0.00131138 -0.00234427 -0.00403359 -0.00368268 -0.00366809 -0.00225774 -0.000785662 -0.00394163 -0.0041519 -0.00339477 -0.00374158 -5.72663e-05 -0.00223519 -0.00344319 -0.00453842 -0.00120772 -0.00351623 -0.00113105 -0.00235695 -0.00197593 -0.00320288 -1.9183e-05 -0.000323184 -0.000851023 -0.000549626 -0.00137408 -0.000917713 -0.000690139 -0.00109603 0.000242592 -4.38765e-05 -0.00136294 0.000434463 -0.00129887 -0.000726819 -0.00177859 -0.000738634 -0.00076026 0.000322725 -0.000463493 -0.000658438 -0.00136357 -0.000656981 -6.1149e-05 0.000308376 -0.000170684 -0.000217926 -7.25273e-05 -0.00138064 0.000228342 6.66946e-05 -0.000747763 -0.000168237 0.000954985 -0.00115552 0.000972181 -0.00068635 -0.00105422 -0.00066415 0.00011326 -0.00123055 0.000338156 -0.000852209 -0.00107236 -0.00032852 4.12678e-06 -0.00122484 -0.000653821 -0.000889092 -0.00118463 -1.22814e-05 -0.000720093 -0.00107163 -0.00133661 -0.000782038 0.000410195 -0.00115953 -0.000578369 -0.00103089 -0.00130939 -0.000475875 -0.00121026 -0.000801423 -0.00103035 -0.000700105 -0.00101091 -0.000481784 -0.000794439 
-0.000634866 -0.00209519 -0.000196682 -0.000663007 -0.00035035 -0.000572656 0.000264383 -0.000156698 0.000860491 0.130554 -0.000171811 -0.00239561 -0.00123611 -0.0016711 -0.00363737 -0.004948 -0.00701545 -0.00383212 -0.00602143 -0.0053303 -0.00066421 -0.00186424 -0.00276057 0.00203972 -0.00479846 -0.000889358 -0.00134042 0.000330845 -0.00202741 -0.00468156 -0.000782445 -0.00382353 -0.00236744 -0.00191545 -0.000909722 -0.00297146 -0.00234994 -0.00158298 -0.000670514 -0.000535652 -0.00149112 -0.00145624 -0.00220731 -0.00188618 -0.00087249 -0.000978905 -0.00128436 -0.00136238 -0.00147886 -0.00125075 -0.000522635 -0.00191298 0.000234867 0.000508739 -0.00134663 -0.00194908 -0.000915109 -0.00144818 -0.0015459 -0.00115228 -0.0011617 -0.000714497 -0.000625344 -0.001835 -0.00192254 -0.000617178 -0.000253323 0.000395769 -0.000765464 -0.00144281 -0.000966673 0.000268131 -0.000466982 -0.00108258 -0.000302371 -0.00158812 0.000379395 -0.00116509 -0.00168175 -0.00145667 -0.00291032 -0.000613419 6.0537e-05 -0.00106769 -0.00179907 0.000628416 -0.00181139 -3.06097e-05 -0.000224804 -0.00131946 0.00112691 -0.000813663 -1.69613e-05 -0.00209209 0.000741157 -0.000464031 0.00022534 -0.00247918 -0.00113002 -0.000872419 
-0.000906134 -0.000431544 -0.000286991 0.000758701 -0.00138021 0.00048587 -0.000588679 -0.00189821 -0.000385892 -0.000171811 0.134597 -0.00221282 -0.00246602 -3.14806e-05 -0.000750178 0.00371609 -0.00493135 -0.00405408 -0.00600621 -0.00519726 -0.00613844 0.00054455 -0.0020852 -0.00975634 -0.00248603 -0.00257876 -0.00451027 -0.00339049 0.000624319 -0.00405376 -0.00152259 -0.00228659 -0.00282489 -0.000483031 -0.00341253 -0.00144127 -0.00201227 -0.000332938 0.000390139 -0.00125862 -0.00188397 -0.000377926 -0.00132398 -0.00151382 -0.000860407 -0.000840924 -0.000716656 -0.00172814 -0.00126346 -0.00133607 -0.000554999 -0.00125671 -0.000824103 -0.00188455 0.000475368 -0.00123749 -0.00113632 -0.00221288 -0.00149196 -9.61472e-05 8.52033e-05 -0.000952733 -0.000550822 -0.00126672 0.000140228 -0.00163996 -0.000612798 -0.000664258 -0.00127345 -0.00237695 -0.000588238 -0.000673598 -0.000709316 -0.000485001 -0.000790225 -0.00241314 -0.00085465 -0.00117539 -0.000913229 -0.000659515 -0.00124895 -0.000265328 -4.58457e-05 -0.000953772 -0.00119134 -0.000370846 -0.00115181 -0.00108813 -0.000359986 -8.74065e-05 -0.00162386 -0.000262989 -0.000724503 -0.000817608 -0.00167236 -0.00179563 -0.00163511 -0.00108651 0.000222673 -0.00224495 
0.000718761 -0.0022967 -5.9559e-05 -0.00172657 0.00030876 -0.000961226 -0.000338474 -5.53815e-05 0.000861163 -0.00239561 -0.00221282 0.163846 0.00021533 0.000888244 -0.00720721 -0.00337738 0.00147284 -0.00491815 -0.00157495 -0.0118115 -0.00803676 -0.00248378 -0.0058102 -0.00208659 -0.00488443 -0.00533883 -0.0113025 -0.00342356 -0.00661081 -0.00446158 -0.000399362 0.00011127 -0.00207905 -0.00197652 -0.00195117 -0.00148087 0.000251014 -0.00062734 -0.00215855 0.000682385 0.0015939 -0.000894078 -0.000726564 -0.00350683 -0.00163566 -0.00360688 -0.00237653 -0.00171222 -0.000611918 -0.00137158 8.36267e-05 -0.00173499 -0.0020478 0.000621159 -0.000975646 -0.00220107 -0.000840247 -0.00173834 -0.000902855 -0.00153514 -0.00209195 0.00012896 -0.000607082 -0.00148157 -0.00238426 -0.00107726 -0.000930427 -0.00301236 -0.0020157 8.15035e-05 0.000197973 -0.00144776 -0.00120297 -0.000205106 0.000506787 -0.00104918 0.00233137 -8.7698e-05 -0.00245044 -0.000925375 -0.00139677 -0.000917354 9.26968e-05 0.000105218 -0.00132582 -0.00256629 -0.00048065 -0.00137344 -0.00115483 -0.000759588 -0.000690514 -0.000603002 -0.00154391 -0.000388673 -0.00198136 -0.00140065 -0.00116918 -0.00163189 -0.00109278 -0.00118751 
-0.00118822 -0.0025949 -0.00291371 -0.00256972 -0.00348818 -0.00197026 -0.00156039 -0.00193288 -0.00131138 -0.00123611 -0.00246602 0.00021533 0.188579 0.00526789 -0.00506849 -0.00763701 -0.000732211 -0.00167915 -0.00146826 -0.00679309 -0.0027186 -0.0033443 -0.0162336 -0.00666389 -0.00616588 0.00146 0.000989443 -0.00325908 -0.000297523 -0.00609731 -0.00216706 -0.00254315 -0.00307394 -0.00389313 -0.00169134 -0.00145881 -0.000822537 0.000160619 -0.00158058 -0.00012856 -0.00263219 -0.000898365 -0.000636962 -0.00239633 -0.00148195 -0.00307154 -0.00203397 -0.000297471 -0.00408303 -0.00153166 -0.00173524 -0.0017351 -0.000955535 -0.000988624 0.000775345 -0.00207911 -0.000301824 -0.00141208 7.29575e-06 -0.00170906 -0.000819778 -0.00227764 -0.000563705 -0.00205609 -0.00322611 -0.00047153 -0.000583179 -0.00251111 2.72468e-05 -0.00025014 0.000357843 -0.00296637 -0.00302484 -0.00109008 -0.00318438 -0.0025973 -0.00156822 -0.00253607 -0.000922951 -0.00181978 -0.00183817 -0.000221207 -0.00123381 -0.000260936 -0.00274257 -0.00116242 -0.00124384 -0.00141251 -0.00293111 -0.000645854 -0.000877425 -0.000462386 -0.00226002 -0.000483419 -0.00069672 -0.00157523 -0.00236303 -0.0013936 -0.00124449 -0.00159309 
-0.0031907 -0.00289335 -0.001359 -0.00135295 -1.71187e-05 -0.00169562 -0.00499026 -0.00194786 -0.00234427 -0.0016711 -3.14806e-05 0.000888244 0.00526789 0.218574 -0.00167636 -0.00278721 -0.00177706 -0.00683012 0.00256456 -0.00283526 -0.000898931 -0.00672221 -0.00808391 -0.0090209 -0.00573049 -0.00624823 -0.00704758 -0.00312788 -0.00474183 -0.00620987 -0.00386059 -0.00351811 -0.00380483 -0.00501666 -0.000961009 0.00019812 -0.00163686 -0.00226885 -0.00372697 -0.00289998 -0.00427386 -0.000691806 -0.0027139 -0.00433298 -0.00143049 -0.00396763 -0.000855489 -0.00216464 -0.00364421 -0.00080329 -0.000680647 -0.00110091 -0.00220643 -0.00018491 -0.00468938 -0.00248793 -0.00310075 -0.00025905 -0.00210505 -0.00206604 -0.00108727 -0.00318821 -0.00135124 -0.00253467 -0.00340785 -0.000783362 -0.00209746 -0.00307129 -0.000189624 0.000141812 -0.000757955 -0.00396286 0.000413611 -0.00168198 -0.00181918 -0.00245544 -0.00114924 -0.00174063 -0.00315631 0.000914271 -0.00484671 -0.000948213 -0.000568065 -0.000765336 -0.0025369 -0.00296009 -0.00262355 -0.00150545 0.000276441 0.000607656 -0.001288 -0.00123779 -0.00291351 -0.00141461 0.000863964 -0.00214975 -0.000456758 8.39753e-05 -0.001901 -0.00155934 
-0.000666285 -0.00171736 -0.000798027 -0.000952745 -0.00280737 -0.00555935 -0.0030722 -0.00401215 -0.00403359 -0.00363737 -0.000750178 -0.00720721 -0.00506849 -0.00167636 0.231394 -0.00343852 0.000498135 -0.00517139 -0.00158562 0.0008897 -0.00214008 -0.00533733 -0.00336826 -0.00397369 -0.0073293 -0.000615313 -0.00627231 -0.00772639 -0.000154577 0.000872701 -0.00666138 -0.00511586 -0.00113372 -0.00181733 -0.00533686 -0.00239762 -0.00112715 -0.00239241 -0.00248467 -0.00315957 -0.00390774 -0.000549015 -0.00309233 -0.00336841 -0.00084266 -0.00410026 -0.00159122 -0.00286096 -0.00146634 -0.0017009 -0.0026147 4.38231e-05 -0.00349975 -0.00238231 -0.000827034 -0.00242007 -0.00292291 -0.00286986 -0.00460937 -0.00101238 -0.00202185 -0.00413414 -0.00319349 -0.000561282 -0.0014828 -0.00202188 -0.00137825 -0.00272281 -0.00187403 -0.000327773 -0.000667799 -0.0049338 -0.000969919 -0.0019404 -0.0022538 -0.00174067 -0.00272213 -0.0010785 -0.00246971 -0.000540577 -0.00413048 -0.00059893 -0.00192172 -0.00140959 -0.00195574 -0.00300548 0.000505951 -0.000754637 -8.7263e-05 -0.000860281 -0.00295488 -0.00169023 -0.00135718 -0.00170619 -0.00207699 -0.0012097 -0.00036606 -0.000588693 -0.00209768 0.000939254 
-0.00334167 -0.000343925 -0.00396998 -0.00168082 -0.001344 0.000325461 -0.0014935 -0.00370184 -0.00368268 -0.004948 0.00371609 -0.00337738 -0.00763701 -0.00278721 -0.00343852 0.245026 -0.0054084 -0.000108168 -0.00813392 0.00325063 -0.00534693 -0.00333912 -0.00367148 -0.00326072 -0.00293535 0.00131693 -0.00273865 -0.0034435 -0.0113452 -0.00518155 -0.00407111 -0.00118269 -0.00513037 -0.00709469 -0.000800275 -0.00415432 -0.00472586 -0.00408266 0.000284395 -0.00160867 -0.00344772 0.000220978 -0.0039544 -0.00270058 -0.00277939 -0.00155487 -0.0016654 -0.00403986 -0.00192791 -0.00165605 -0.000112498 -0.00235607 -0.00147316 -0.00367964 -0.00125637 -0.0024611 0.000318354 -0.00300082 -0.0017292 -0.00080367 -0.000332901 0.00151953 -0.00268043 -0.000682636 -0.00254647 -0.000360613 -0.00226839 -0.00593523 -0.00150087 -0.00415835 -0.00168503 -0.00223595 -0.00257633 -0.00267905 -0.000728857 -0.000658598 4.8793e-05 -0.000106755 -0.00322749 -0.00246217 -0.00284787 -0.00171011 -0.00302623 -0.00541636 -0.00404486 -0.00179656 -0.00272924 -0.00265322 -0.000947152 -0.000487218 -0.00136359 -0.00253672 -0.00214876 -0.0027275 -0.00233141 -0.00378717 -0.00220407 -0.00333278 -0.00129339 -0.0017081 
-0.00301613 -0.00211001 -0.000223098 -0.00295679 -0.00135071 -0.00366846 -0.00140957 -0.00562537 -0.00366809 -0.00701545 -0.00493135 0.00147284 -0.000732211 -0.00177706 0.000498135 -0.0054084 0.248436 -0.00508259 0.00163391 -0.00225742 -0.00883921 0.00250255 -0.0101089 -0.00272099 -0.0081596 -0.000331329 -0.00732583 -0.00810321 -0.00593434 -0.00647576 -0.00554208 -0.00317328 -0.00372112 -0.00261291 -0.00282413 -0.0042706 -0.00258159 -0.00161333 0.000239062 -0.00430384 -0.0055508 -0.00021562 -0.00164803 -0.00345002 -0.00251267 -0.000773031 -0.00280491 -0.00235272 -0.00104697 -0.00161564 -0.00294504 -0.00252801 -0.000542448 -0.0014029 -0.00174396 -0.00325364 -0.00337591 -0.00107029 -0.00101594 -0.000386189 -0.00258421 -0.0013108 -0.00143601 0.000374218 -0.00239389 -0.00375076 -0.000287319 -0.00324105 -0.00139539 -0.000666749 -0.00238888 -0.00118359 -0.00136756 -0.00190355 -0.00179518 -0.00112512 -0.00437764 -0.00114584 -0.00391215 -0.00439898 -0.000581668 -0.00105426 -0.00484204 -0.00178217 -0.00216115 -0.00429423 -0.000337509 -0.000787786 -0.00217356 -0.00359491 -0.00295063 -0.00130619 -0.00329771 -0.00168447 -0.00360337 -0.00151978 0.0018719 -0.000419933 1.42407e-05 0.000122673 
-0.00118427 -0.000652356 -0.00519586 0.000554387 -0.00178828 -0.000991006 -0.00265204 -0.00412344 -0.00225774 -0.00383212 -0.00405408 -0.00491815 -0.00167915 -0.00683012 -0.00517139 -0.000108168 -0.00508259 0.239332 -0.0102832 0.00636032 -0.00475598 -0.00597574 -0.00540099 -0.00228244 -0.00543393 -0.00444193 -0.00699591 -0.00618277 -0.00252059 -0.0038652 -0.00088278 -0.0018416 -0.000179963 -0.00182426 0.000112281 -0.00210795 -0.00121202 -0.000464815 -0.00330635 -0.00469246 -0.00265607 -0.00250742 -0.000293603 -0.000169147 -0.00417405 -0.000695975 -0.0021959 -0.00128453 -0.00224312 -0.000807477 -0.0014381 -0.00279251 0.000927293 -0.000755311 -0.000824479 -0.00236498 -0.00195016 -0.00275572 0.000728333 -0.00430551 -0.00169995 -0.00121148 -0.000631402 -0.0020271 -0.00099484 3.35094e-05 -0.00222166 -0.00212177 -0.00299335 -0.00320043 -0.00094603 -0.00359187 -0.00401473 -0.00331692 -0.00184445 -0.00225724 -0.00101382 -0.00216528 -0.00144707 -0.00186107 -0.00466622 -0.00318808 -0.00419279 -0.0011261 -0.00260899 -0.000250942 -0.00110119 -0.00132175 -0.00248327 -0.00362856 -0.0024519 -0.00113593 -0.00255428 -0.000754882 -0.00257013 -0.0034685 -0.00232708 -0.00337767 -0.00354196 -0.0023519 
-0.000602905 -0.00267196 -0.00331956 -0.00379713 -0.00316108 -0.00455883 -0.00620272 8.46159e-05 -0.000785662 -0.00602143 -0.00600621 -0.00157495 -0.00146826 0.00256456 -0.00158562 -0.00813392 0.00163391 -0.0102832 0.249892 -0.00129838 -0.0146896 0.000498698 7.0505e-05 -0.000862744 -0.00892666 -0.0110523 0.00215122 -0.00488799 -0.00708951 -0.0141307 -0.000610928 -0.00176526 -0.00294167 -0.00410232 -0.000259571 -0.00186539 -0.00388216 -0.00265236 -0.00247771 -0.000579717 -0.00292701 -0.00183588 -0.00181416 -0.000218181 -0.000371423 -0.00230441 -0.00274583 -0.00228402 -0.00208168 -0.00382313 -0.00164161 -0.000708709 -0.00168996 -0.00202174 -0.00261847 -0.00335611 -0.00279058 -0.00136318 -0.00184212 -0.00295983 0.000644665 -0.00323464 -0.00187837 -0.0020706 -0.00204927 -0.00323288 -0.00138776 0.000499994 -0.00183839 -0.00130411 -0.00177594 -0.00282431 -0.00148692 -0.00220985 -0.00170773 -0.00167332 -0.0003412 -0.00287392 -0.000557411 -0.000739238 -0.00230303 -0.00252289 0.000690614 -0.00110166 0.000150652 -0.00176284 -0.00290694 -0.00382498 -0.00235941 -0.00104125 -0.00321193 -0.0029208 -0.00366124 -0.0018494 -0.00133953 -0.00345201 -0.000666962 -0.000889481 -0.00307167 -0.00116278 
-0.00089592 -0.00206588 -0.00432728 -0.0018067 -0.000612521 -0.00364283 -0.00312912 -0.00309335 -0.00394163 -0.0053303 -0.00519726 -0.0118115 -0.00679309 -0.00283526 0.0008897 0.00325063 -0.00225742 0.00636032 -0.00129838 0.247905 -0.00563695 -0.00452533 2.22152e-05 -0.00537658 -0.00653269 -0.00504767 0.00273778 -0.00401226 -0.000414778 -0.00384623 -0.0053231 -0.00633064 -0.00469749 -0.00237907 -0.00744384 -0.00234302 -0.00287825 -0.00272753 -0.00267842 -0.00363406 -0.0012185 -0.00204331 -0.00293286 -0.000802437 -0.00506558 -0.00134701 -1.39039e-05 -0.000905851 -0.00192512 0.000848598 -0.000739577 -0.00140132 -0.000533652 -0.000684458 -0.00278992 -0.00219684 -0.000170547 -0.00462143 -0.0021535 -0.00548263 -0.00162986 -0.00223678 -0.00205429 0.000429728 -0.00317897 -0.00383897 -0.00407255 0.000877072 -0.000416284 -0.00427616 -0.00310543 -0.00261422 -0.00306607 -0.00128776 -0.00532084 -0.000290102 -0.00350245 -0.00285298 -0.00203812 -0.0041737 -0.00479506 -0.0023323 0.000124258 -0.00263268 -0.00117983 -0.00320669 -0.000284081 -0.00261753 -0.00250676 0.00023635 -0.00367407 -0.00135252 -0.00254196 -0.00275806 -0.00351261 -0.00244842 -0.00351471 0.000796465 -0.001674 -0.00159649 
-0.000239419 -0.00324971 0.000104451 -0.00367309 -0.0034453 -0.000708031 -0.00241573 -0.00201025 -0.0041519 -0.00066421 -0.00613844 -0.00803676 -0.0027186 -0.000898931 -0.00214008 -0.00534693 -0.00883921 -0.00475598 -0.0146896 -0.00563695 0.248853 -0.00837383 0.00100324 -0.00454833 0.00054614 -0.002796 -0.00334929 -0.00649705 -0.00568611 -0.00666706 -0.00639319 -0.00280992 -0.00505374 -0.00354296 -0.0037264 -0.00375895 -0.000359862 -0.000682943 -0.00231756 -0.00310464 -0.0015479 -0.00408338 -0.00233854 0.000754393 -0.0030959 -1.3174e-05 -0.00244516 -0.00203798 -0.00364136 -0.000445216 -0.00177501 -0.000370413 -0.000779868 -0.00329352 -0.0025423 -0.00162154 -0.00326207 -0.000520249 -0.000937406 -0.00101772 -0.00276388 -0.00236218 -0.00100353 -0.00112017 -0.000873354 -0.00313665 -0.00104523 -0.000471839 -0.000268914 -0.000199534 -0.00251658 -0.00376861 -0.00178412 -0.00152721 -0.00231582 -0.00176381 -0.00223751 -0.000476975 -0.000276655 -6.8672e-05 -0.000936526 -0.0027425 -0.000232373 0.000470583 -0.00448114 -0.00136838 -0.000620678 -0.00208688 -0.00191079 -0.00181006 -0.00416417 -0.00327895 -0.0023184 -0.0016564 -0.000649098 0.000177355 -0.0017779 -0.00135494 -0.000534246 -0.00480861 
-0.00207303 -0.000901882 -0.00151733 -0.00225394 -0.0055973 -0.0021317 -0.00155886 -0.0015193 -0.00339477 -0.00186424 0.00054455 -0.00248378 -0.0033443 -0.00672221 -0.00533733 -0.00333912 0.00250255 -0.00597574 0.000498698 -0.00452533 -0.00837383 0.249178 -0.00975465 -0.00453042 -0.00939529 -0.00527463 -0.00872716 -0.00271618 -0.00440974 -0.00321224 -0.00437841 -0.00492939 -0.00383066 -0.00343628 -0.00279464 -0.00216964 -0.00337295 -0.00201856 -0.00198891 -8.9818e-05 0.00160978 -0.00326764 -0.000374971 -0.00279296 -0.00214781 -0.00124039 -0.000744013 -0.00256763 -0.00270546 -0.00475127 0.00011394 -0.0003333 -0.00281183 -0.00360368 -0.00206406 -0.00205483 -0.0012251 -0.00207281 -0.000477614 -0.00540206 -0.00229041 -0.00165631 -0.0026689 -0.00260911 -0.00217225 -0.00328497 -0.00376413 0.00041545 -0.00171908 -0.00518457 -0.00137657 -0.0027242 -0.000775133 -0.00257284 -0.00158257 -0.000344979 0.00113381 -0.00214002 -0.00140149 -0.00128968 -0.00139617 -0.00208655 0.000114323 -0.00269656 0.000348966 -0.00248386 -0.00482585 -0.00322457 -0.00477146 -0.0016573 8.01859e-05 -0.00237299 -0.00218345 0.000120661 -0.00206744 -0.00274445 -0.00173053 0.000854469 -0.00149343 -0.00164218 
-0.00300103 -0.00235963 -0.00265097 -0.00242456 -0.00426964 -0.00259264 -0.000150984 -0.000572079 -0.00374158 -0.00276057 -0.0020852 -0.0058102 -0.0162336 -0.00808391 -0.00336826 -0.00367148 -0.0101089 -0.00540099 7.0505e-05 2.22152e-05 0.00100324 -0.00975465 0.249837 -0.00210158 -0.00392803 -0.0104477 0.00233258 -0.00451682 -0.00475597 -0.000737062 -0.00137133 -0.0011337 -0.00784749 -0.00190319 -0.000117854 0.000917608 -0.00284964 -0.00220139 -0.00300816 -0.00163875 0.00236865 -0.00583824 -0.00278724 -0.000884456 -0.000215287 -0.00263633 -0.00403029 0.000434178 -0.000375271 -0.00172069 -0.00176648 -0.00244518 -0.00275937 -0.00132371 -0.00255601 -0.00281742 -0.000212443 -0.00253643 -0.00286573 -0.00277378 -0.00144464 -0.00270249 -0.00199806 -0.00126296 0.00159766 -0.0034995 -0.00337547 -0.000510673 -0.00129538 -0.00177456 -0.00281377 -0.00227647 -0.000226456 -0.00240904 -0.00101976 -0.0034213 -0.00134975 -0.0025429 -0.000378824 -0.00244455 0.000276868 -0.00306591 -0.0027701 -0.00257011 -0.00151949 -0.0030449 -0.00171588 -0.00251528 -0.00192254 -0.000215199 -0.00272709 -0.000311682 -0.000691308 -0.00373773 -0.00338324 -0.00330787 -0.00272111 -0.00301537 -0.00195279 -0.00278221 
-0.00248196 4.46075e-05 -0.000468074 -0.00367595 -0.00263587 -0.00130951 -0.002937 -0.00433986 -5.72663e-05 0.00203972 -0.00975634 -0.00208659 -0.00666389 -0.0090209 -0.00397369 -0.00326072 -0.00272099 -0.00228244 -0.000862744 -0.00537658 -0.00454833 -0.00453042 -0.00210158 0.246652 -0.00638628 -0.00653192 -0.00672875 0.00133796 -0.00157077 -0.00220319 -0.00380361 -0.00565671 -0.00392998 -0.00431254 -0.00193287 -0.00180134 0.000508642 -0.00232228 -0.00504997 -0.0013099 -0.00268294 -0.00362101 -0.00249496 -0.00516882 -0.00170027 -0.00160093 -0.00399056 -0.00151248 -0.00429682 0.000788835 0.0012788 -0.000435372 -0.00304554 -0.00216003 -0.00285648 -0.00141897 -0.00210648 -0.00240642 -0.00204793 -0.00404901 -0.00152691 0.00160864 -0.00148823 -0.00130536 -0.00127927 -0.00228181 -0.00132411 -0.00176428 -0.00186704 -0.00123741 -0.00218499 -1.22756e-05 -0.00114456 -0.00314702 -0.000436396 -0.00291807 -0.00263941 -0.00304253 -0.00127575 -0.00280873 -0.00115391 -0.000155973 -0.00203327 -0.000735986 -0.00291364 -0.00303099 -0.00106859 -0.00128369 -0.00264506 -0.00358239 -0.00307767 -0.00355788 -0.00254301 -0.00283759 -0.000327907 -0.00271638 -0.00153124 -0.00429105 -0.00299844 -0.00186441 
-0.000883487 -1.22242e-05 -0.0010336 -0.00167408 -0.00124787 -0.00185605 -0.00362184 -0.00327853 -0.00223519 -0.00479846 -0.00248603 -0.00488443 -0.00616588 -0.00573049 -0.0073293 -0.00293535 -0.0081596 -0.00543393 -0.00892666 -0.00653269 0.00054614 -0.00939529 -0.00392803 -0.00638628 0.244386 -0.00271464 -0.00622817 -0.00429506 -0.000488864 0.00212976 -0.00410207 -0.00866496 0.00279582 -0.00208612 -0.00640172 -0.00474455 -0.00280741 -0.00262448 -0.000695011 -0.00336721 -0.000795616 -0.00171527 -0.00264127 0.000412877 -0.000817357 -0.00180293 -0.00147209 -0.000733684 0.000609566 -0.00216882 -0.00239261 -0.00312065 -0.00145586 -0.00153525 -0.00158966 -0.00163819 -0.00291218 -0.0021243 -0.000442187 0.00158676 -0.00376102 -0.000545727 -0.00329129 -0.00296847 -0.00183722 -0.000573504 -0.00298495 -0.000870402 -0.00207533 -0.000184045 -0.00346402 -0.00111895 -0.00158596 -0.000898348 -0.00233759 -0.00139391 -0.0036094 -0.0026275 -0.000774669 -0.00272314 -0.0018917 -0.00280864 -0.00150503 -0.000181205 -0.00241054 -0.00101632 -0.00328162 -0.00297875 -0.000339887 -0.00274632 -0.00038129 -0.00329264 -0.000118898 -0.00244661 -0.000952005 0.000802518 -0.00183146 -0.00357905 -0.00196303 -0.00240518 
-0.00312136 -0.00418126 -0.00252938 -0.00140304 -0.000788692 -0.00204585 -0.000327583 -0.00119652 -0.00344319 -0.000889358 -0.00257876 -0.00533883 0.00146 -0.00624823 -0.000615313 0.00131693 -0.000331329 -0.00444193 -0.0110523 -0.00504767 -0.002796 -0.00527463 -0.0104477 -0.00653192 -0.00271464 0.232694 -0.00406258 -0.00587414 -0.0002362 -0.00317971 -0.00330441 -0.00556619 -0.00233958 -0.00073195 -0.000758426 -0.00139724 -0.00324954 -0.00205352 -0.00238713 -0.00154902 -0.0027207 -0.00313153 -0.00231679 -0.00183382 -0.00231959 -0.00209138 -0.00128596 -0.00413203 -0.000511088 -0.00129244 -0.002407 -0.000658289 0.000804369 -0.0030301 -0.00102714 0.000666679 -0.00130116 -0.00326226 -0.00201235 -0.00438143 -0.00169411 -0.00167677 -0.00154159 -0.000811809 -0.00383717 -0.00323684 -0.00115672 -0.00169139 -0.000738567 -0.00217776 -0.000543976 -0.0014417 -0.00295378 -0.00182991 -0.00161575 -0.0028297 -0.00258314 -0.00134368 -0.00381397 -0.00210619 -0.00242367 -0.000309098 -0.00200626 -0.00326838 -0.002587 -0.00285005 -0.00230291 -0.000546714 -0.00288135 -0.000759824 0.000331241 -0.000221864 -0.00217524 -0.00141465 -0.00158724 -0.000917861 -0.00381848 -0.00446602 -0.00176993 -0.00159156 
-0.00395168 -0.000466287 -0.00184872 -0.00125104 -0.00268065 -0.00182533 -0.00185523 -0.00305703 -0.00453842 -0.00134042 -0.00451027 -0.0113025 0.000989443 -0.00704758 -0.00627231 -0.00273865 -0.00732583 -0.00699591 0.00215122 0.00273778 -0.00334929 -0.00872716 0.00233258 -0.00672875 -0.00622817 -0.00406258 0.235186 -0.00610387 -0.00650615 -0.0030962 -0.00222512 0.00304111 -0.00354186 -0.00167581 0.000987382 -0.000905947 -0.0023931 -0.00464769 -0.00182575 -0.000695996 9.12273e-05 -0.0016017 0.00100398 0.000305961 -0.00168434 -0.00335518 -0.0011373 -0.00118011 -0.00129657 -0.000444572 -0.0023063 -0.000985769 -0.00303742 -0.00127202 -0.000371808 -0.00262473 -0.00350123 -0.00145122 -0.00218294 -0.00237898 -0.00291042 -0.0013421 -0.00141839 -1.31219e-05 -0.00258602 -0.00158343 -0.00169036 -0.00281669 -0.00177274 -0.00416902 0.000764611 0.000701394 -0.00369661 -0.00109693 -0.00265304 -0.00355767 -0.00151659 -0.000909362 -0.00244244 -0.00265001 -0.00223779 -0.00272553 -0.00219883 -0.00398793 -0.00226325 -0.00296721 -0.00343421 -0.0025485 -0.0020865 -0.00251299 -0.00181202 -0.0021727 -0.00164274 -0.00038991 -0.00367332 -0.0018216 -0.00221889 -0.00308948 -0.00149735 -0.00365362 
-0.00241179 -0.000864878 -0.00316667 0.000173376 -0.00192781 -2.02459e-05 -0.00186627 -0.00171561 -0.00120772 0.000330845 -0.00339049 -0.00342356 -0.00325908 -0.00312788 -0.00772639 -0.0034435 -0.00810321 -0.00618277 -0.00488799 -0.00401226 -0.00649705 -0.00271618 -0.00451682 0.00133796 -0.00429506 -0.00587414 -0.00610387 0.195922 -0.0024112 -0.00359218 -0.00232213 -0.00149817 0.000173288 0.000804888 -0.00220412 -0.00155858 0.00039527 -0.00110514 0.000897159 -0.00293242 -0.00207749 0.00130906 -0.000708907 -0.00265657 -0.00282077 -0.00154721 -0.00102132 -0.00173523 0.000144071 -0.000910434 -0.00282681 -0.000480616 -0.00216501 -0.00243697 -0.00303768 0.000596309 -0.00216725 0.000160893 -0.00187977 -0.00217627 -0.0013779 -0.00211114 -0.00111147 -0.00289612 -0.00359857 -0.00210154 -0.00232538 -0.000439117 -0.00125408 -0.0011057 -0.000520295 -0.00100875 -0.00125528 -0.000249621 -0.00111638 -0.00143907 -0.0030569 -0.0024263 -0.00231942 -0.000424639 -0.00223238 -0.000557519 -0.000881502 -0.00115102 -0.000410791 -0.00396439 -0.00157658 -0.000557466 -0.00302481 -0.00180983 -0.00273626 -0.000580058 -0.00110088 -0.00258598 -0.000687151 -0.00125589 -0.00156717 -0.00182212 -0.00181132 -0.000780552 
-0.0017293 -0.00321868 -0.00185974 -0.000263298 -0.00199347 -0.00108874 -0.00120908 -0.00225471 -0.00351623 -0.00202741 0.000624319 -0.00661081 -0.000297523 -0.00474183 -0.000154577 -0.0113452 -0.00593434 -0.00252059 -0.00708951 -0.000414778 -0.00568611 -0.00440974 -0.00475597 -0.00157077 -0.000488864 -0.0002362 -0.00650615 -0.0024112 0.19828 0.00211559 -0.00209974 -0.00405067 0.00205453 -0.000572938 -0.00382517 -0.000917509 -0.00304724 -0.00206426 -0.00164617 -0.00273001 -0.000662826 -0.000831797 -0.000558743 -0.00206526 -0.0013561 -0.000559062 -0.000957975 -0.000662874 -0.000505414 -0.00122126 -0.00190172 -0.00246448 -0.00150125 -0.00314273 -0.0012647 -0.00188509 -0.000743947 -0.00169291 -0.00345467 -0.00177277 -0.00342934 -0.00188261 -0.00131697 -0.00172645 -0.00152512 -0.00228706 -0.00254025 -0.0023124 -0.00269432 0.000421498 -0.00273714 -0.0011735 -0.00179359 -0.00110225 -0.00145299 -0.000266767 -0.00385084 -0.00114873 -0.00247844 -0.00274425 -0.00228262 -0.00233624 -0.00196301 -0.00265017 -0.000811755 -0.00133673 -0.00178851 -0.00203703 -0.000929532 -0.0021331 -0.00149071 -0.000869975 -0.000633645 -0.00233087 -0.00181027 -0.000217491 -0.00282474 -0.000297835 -0.00189067 9.59075e-05 
-0.00204565 -0.00324394 -0.0016277 -0.00234087 -0.00132424 -0.000895071 -0.000995147 -0.00101109 -0.00113105 -0.00468156 -0.00405376 -0.00446158 -0.00609731 -0.00620987 0.000872701 -0.00518155 -0.00647576 -0.0038652 -0.0141307 -0.00384623 -0.00666706 -0.00321224 -0.000737062 -0.00220319 0.00212976 -0.00317971 -0.0030962 -0.00359218 0.00211559 0.183221 -0.00114428 -0.00173056 0.00063341 -0.000719082 -0.000376669 -0.00299595 -0.000565274 -0.00224145 -0.00172807 -0.00170852 -0.000962806 -0.0022111 -0.00118577 -0.00317252 -0.00187712 -0.00203983 -0.00204057 -0.000220156 -0.000984537 -0.00196579 -0.00107678 -0.00289516 -0.003103 -0.0016688 0.000463506 0.00114583 -0.00320525 -0.00125563 -0.000209376 -0.00204102 -0.00192281 -0.00107402 -0.00281635 -0.000123726 -0.000932761 -0.00231096 -0.000178846 -0.00292774 -0.00239514 -0.00272519 -0.000573259 -0.00170301 -0.000739981 -0.000526104 -8.17523e-06 -0.00256272 -0.000970737 0.000696235 -0.00088367 -0.00284486 0.000360675 -0.00374742 -0.00120418 0.000558725 -0.000289014 -0.00149376 -0.00115046 0.000247398 -0.000816915 -0.00130927 -0.00171333 -0.00113977 -0.00115145 -0.000461571 -0.000856958 -0.000530531 -0.000608755 -0.00277432 -0.00240479 -0.000940993 
-0.000701598 -3.71564e-05 0.000110064 -0.000649829 -0.00147625 -0.00150965 -0.000466589 -0.00283665 -0.00235695 -0.000782445 -0.00152259 -0.000399362 -0.00216706 -0.00386059 -0.00666138 -0.00407111 -0.00554208 -0.00088278 -0.000610928 -0.0053231 -0.00639319 -0.00437841 -0.00137133 -0.00380361 -0.00410207 -0.00330441 -0.00222512 -0.00232213 -0.00209974 -0.00114428 0.134747 -0.000597816 -0.000751192 0.000255905 -0.000694446 0.000162265 -0.00208645 -0.00132426 -0.000939341 -0.000174776 -0.00195678 -0.0015266 -0.000738312 -0.00106841 -0.00103004 -0.00108774 -0.000230608 -0.00160301 -0.000228045 -0.00115627 -0.000727642 -0.000181207 -0.000949247 0.000407497 0.000362094 -0.00204943 -0.00212244 -0.000906599 -0.000915464 -0.00249427 -0.000673388 -0.00214025 -0.00021669 -0.00124938 -0.000921345 -0.00138641 -0.00115123 -0.00181489 -0.00191427 0.000406091 -0.000277694 -0.000998639 -0.00091304 -0.000792678 -0.000671241 -0.00206686 -0.00117888 -0.00180619 -8.39854e-05 -0.000356267 -0.00170514 -0.000358193 -0.000540055 -0.000934646 0.000978397 0.000444111 -0.00170527 -0.000847163 -0.000900231 -0.00130879 -0.000405489 -0.00170718 -0.000434578 -0.000512998 -0.000714096 -0.000753958 -0.00145424 -0.000737239 -0.00060639 -0.00109133 
-0.00182097 -0.000762816 -0.00130437 -0.000237264 0.000467254 0.000375961 -0.000842717 -0.00170721 -0.00197593 -0.00382353 -0.00228659 0.00011127 -0.00254315 -0.00351811 -0.00511586 -0.00118269 -0.00317328 -0.0018416 -0.00176526 -0.00633064 -0.00280992 -0.00492939 -0.0011337 -0.00565671 -0.00866496 -0.00556619 0.00304111 -0.00149817 -0.00405067 -0.00173056 -0.000597816 0.13226 -0.00130772 0.000575513 0.000629027 -0.00119186 0.000194036 -0.0020285 -0.000852836 -7.03202e-05 -0.00135224 -0.00108376 3.96504e-05 -0.000703152 -0.0010766 -0.00170691 -0.00087108 -0.00131403 -0.00139983 -0.000644798 -0.000933005 -0.00069628 -0.00160054 -0.000865485 -0.00160402 -0.000809417 -0.00105417 -0.00106798 -0.0012575 -0.000793215 -0.000362546 -0.000954164 -0.0012226 -0.000937174 -0.0013209 -0.0022348 -0.000389996 -0.00194443 -0.0016109 -0.00248703 -2.46741e-05 -0.000463588 -0.00160851 -0.00169865 -0.00114696 -0.000677942 -0.00124641 -2.82089e-07 6.7026e-05 0.000112676 -0.000731323 -0.000186862 -0.00165063 -0.000641168 0.000223374 -0.000137298 0.000576004 -0.000915272 1.52756e-05 -0.00142905 -0.000794969 -0.00147192 -0.00162638 -0.000551958 -0.000640856 -0.000848476 -0.000575825 -0.00168739 -0.000832512 -0.000479636 
