0.0664514 -0.000429422 -0.00017693 7.67585e-05 -0.000712101 -0.000489062 -0.000759176 -0.000553953 -0.000261769 -0.00159236 -0.000893681 -0.000923094 -0.00109831 -0.000801152 -0.001465 -0.000549126 -0.00184519 -0.00349211 -0.00151126 0.000229027 -0.00300307 -0.00397511 -0.00129187 -0.00222684 -0.00117683 -0.000330741 -0.00156197 -0.00208472 -0.00153492 0.000257327 -0.00142071 -0.000155922 -0.00053125 -0.000722537 -0.000544759 0.00029876 0.000326329 -0.000857442 -0.0003061 -0.000562988 -0.00110409 -0.00108554 -0.000695596 -0.000654208 -0.000104031 -0.000846864 -0.000378453 -0.000153222 -0.00012153 -0.000686269 -0.00088469 -0.000373671 0.000381873 -0.000553112 -0.000647911 -0.000623452 -0.000445807 -0.000472625 -0.000638121 -4.17748e-05 -0.00039266 -0.000955812 -0.000190773 -5.56251e-05 -0.000680128 -0.000940465 -0.000408839 0.000236584 -0.000618875 -0.000281444 -0.000947469 2.08141e-05 -0.00025969 -0.000786322 -1.42758e-05 -0.000721722 -0.000722597 -0.000762975 -0.000675653 -0.0010991 -0.000478912 0.000245041 -0.000772202 -0.000310783 -0.000457919 -0.00104156 -0.000890545 -0.00119886 -0.000493792 8.82767e-05 -0.000528195 -6.44517e-05 -5.43182e-05 -0.000913304 -0.000441014 -0.000586066 0.000228126 -0.000194717 0.000213351 0.00023978 
-0.000429422 0.0964379 -0.000810282 0.000118507 0.00056643 0.000426703 -0.000968723 -0.00206211 -0.000686978 -0.00122612 -0.00173735 -0.00144304 -0.00359531 -0.00286505 -0.00270857 -0.00400061 -0.00165239 0.00108208 -0.00127585 -0.00359319 -0.00331331 -0.00468321 -0.00288078 0.000748538 -0.00219788 -0.00129528 -0.00193591 -0.00268182 0.000668942 0.000602751 -0.00275292 -0.00247205 -0.000712553 -0.000476658 0.000287825 -0.00182918 -0.00157985 -0.000840261 0.00023302 0.000344836 -0.000202735 -0.00136895 -0.000141522 -0.000196327 -0.00130316 -0.00117852 -0.00103859 0.000510486 -0.000732412 -0.00126146 -0.00198837 3.02272e-05 -0.000605044 0.000166817 -0.000344249 -0.00100994 -0.00181523 -0.000909939 0.000350883 -0.000349411 -0.000661205 -0.000162537 -0.00074657 -0.000677563 -0.00112176 -0.000232394 -0.000772828 -0.00114737 -0.00118804 0.000418191 -0.000293996 5.86442e-06 -0.00197613 -0.00112589 -0.0012226 -0.000814909 -0.000824895 -0.00166168 -0.000891996 -0.000214193 -0.000929508 -1.86956e-05 -0.000966096 -0.00113761 -0.000449238 -0.00102041 -0.000392156 -0.000737169 -0.00113432 -0.00135238 -0.00117818 -0.000961018 -0.000711248 -5.12621e-05 -0.000120806 7.3518e-05 -0.00142189 -0.000891142 -0.000280887 -0.000430418 
-0.00017693 -0.000810282 0.0718744 -0.000336175 -0.000327382 0.000190643 -0.000855906 -0.000951254 0.000519566 -0.000714529 -0.000359397 -0.000866248 -0.000714898 -0.000112284 -0.00106337 -0.00210987 -0.00423597 -0.00304313 -0.00264748 -0.00152336 -0.00341812 -0.00410681 -0.00167251 -0.00146722 -0.00342956 -0.00142585 7.53039e-05 -0.00173107 -0.0021027 -0.000700165 -0.0012359 -0.00104609 -0.000661029 0.000509205 -1.27189e-06 -0.00074159 -0.000510134 -0.00021277 -0.000627092 -0.000927659 -0.000121903 -0.000738499 -0.00024944 -0.000186535 -0.000603623 -0.000618043 -0.000618418 -0.000175256 -0.000580109 -0.000850662 -0.000110741 -0.000346613 -0.000180473 -0.00023639 -0.00116847 -0.00113194 0.000189916 -0.000650851 -0.000291356 -0.000308368 -0.00061727 -0.000651153 -0.000510331 -0.000675341 0.00026283 -0.000766025 -0.000564061 -0.000256431 6.68554e-05 -0.000698137 -0.00082095 1.80901e-05 -0.00017625 -0.00102564 -0.00022038 -0.000281356 -5.17197e-05 -0.000477327 -0.000408278 -0.000613124 -0.00114298 -0.000496361 0.000273489 -0.0013004 2.63039e-06 -0.000820002 -0.000557579 -0.00129413 -0.000718881 -0.00034667 3.89935e-05 -4.78279e-05 -0.000237223 -0.000909037 -0.000956276 0.000120939 -0.000576806 0.000231246 0.000300561 -0.000422993 
7.67585e-05 0.000118507 -0.000336175 0.0878774 8.36312e-05 -0.000783539 -4.87073e-05 0.000433395 -0.000423696 -0.00149411 -0.00230297 -0.00289966 -0.00253487 -0.00124547 -0.00239742 -0.00108407 0.00183554 -0.00247762 -0.00239782 -0.00302538 -0.00285957 -0.00394274 -0.00579735 -0.00483148 -0.00293086 -0.00063509 -0.000206842 -0.00102513 0.000189436 -0.000342795 -0.000902331 -0.0014901 0.000507994 -0.000975307 -0.00107536 -0.00121045 -0.00145197 -0.000664822 -0.00148761 -0.000749821 -0.000470505 -0.00193956 -0.00127955 -0.000400904 -0.000486811 -0.00098444 -0.000363159 -0.000671138 -0.00064836 -0.000354121 -0.000197206 -0.00038505 -9.9872e-05 0.000191926 -0.000235872 -0.000415126 -0.000200337 -0.000283702 -0.000669744 6.18031e-05 -0.000371234 -0.00100543 -0.000494587 -0.000393975 -2.26694e-05 -0.00076124 -0.00017343 -0.00106228 -0.00136957 -0.000215544 -0.00048345 -0.000229723 -0.000896496 -0.000936233 -0.000323266 -0.000761171 -0.000870494 -0.000933081 -0.0012619 -0.00128369 -0.000816348 -0.000334462 -0.000279305 -0.000171702 -0.000776415 -0.000730762 -5.59181e-05 -0.00124357 -0.000287944 -0.000790236 0.000187222 -4.66857e-05 -0.000997425 -0.000753931 -0.000145951 -0.00108364 -0.000182698 -0.00141607 -0.00180665 0.000322197 
-0.000712101 0.00056643 -0.000327382 8.36312e-05 0.0946242 -0.000154921 -0.0013051 -0.00113859 -0.00141712 -0.000199251 -0.00172841 -0.00244626 -0.00185528 -0.00303788 -0.00252549 -0.00299532 -0.00255386 -0.00108928 -0.000579842 -0.00154698 -0.00330506 -0.000612029 -0.0057215 -0.00115586 -0.00187088 -0.0018738 -0.00157612 -0.000932293 -0.0019617 0.000122718 -0.000500181 -0.00025171 -0.0011299 0.00014866 0.000573885 -0.0005242 -0.000413656 -0.00111855 -0.000132563 -0.00122862 -0.00102844 -0.000732253 -0.000384342 -0.00138891 -0.00115279 -0.000917457 -0.000559503 -0.000965044 -0.000860768 -0.00204817 -0.00107292 -0.000281571 -0.000870189 -0.000294775 -0.000620573 -0.000729554 -0.000765406 -0.00016625 0.000291754 -0.000654816 -0.000567995 -0.000875966 -0.000763254 0.00020563 -0.000942047 -0.00190633 -0.00101394 -0.000221218 -0.00150568 -0.00177652 -0.000700127 -0.000506493 -0.000270902 -0.000893475 -0.000701918 -0.000470834 -0.00200488 -0.000564084 -0.00100045 -0.000546691 -0.000567818 -0.000569743 -0.00127661 -0.000603727 0.000167593 -0.000910414 -0.000345427 -0.000920181 -0.00129146 -8.43722e-05 -2.55231e-05 -7.56939e-05 -0.000835693 -0.00157136 -0.00104571 -0.000329051 -0.00106775 -0.000805436 -0.000244962 -0.00156539 
-0.000489062 0.000426703 0.000190643 -0.000783539 -0.000154921 0.0959863 0.000198059 -0.000621224 -0.000391701 -0.000212531 0.000784814 -0.000252158 -0.00190348 -0.000449681 -0.00315195 -0.00189442 -0.00604417 -0.00441817 -0.00131086 -0.00250454 -0.00333516 -0.00283783 -0.00109107 -0.00130056 -0.00417094 -0.00295593 -0.00303735 -0.00277659 -0.00365951 7.16793e-05 -0.000299869 -0.00161572 -0.00214973 -0.000923727 -0.00111771 -0.000625071 -0.00121067 -2.04979e-05 -0.000643642 -0.000826055 -0.000305566 -0.00104386 -0.000427136 -0.000565155 -0.00132227 -0.00101953 -0.000560763 -0.000886656 -0.00137443 -0.000796998 -0.000453004 -0.000821257 0.00086281 -0.000986169 -0.000230945 -0.000584782 -0.000131339 -0.000364761 -0.000635859 -0.000483303 -0.000270731 -0.00141919 -0.00120585 2.06815e-06 -0.000273402 -0.000140595 -0.000683717 -3.44983e-05 -0.000579849 -0.00114577 -0.00124111 -0.000900109 -0.000885044 -0.000664522 -0.000790127 -0.000834906 -0.000579439 -0.0011999 -0.00123251 -0.00082929 -0.000802354 -3.44075e-05 -0.000537861 -0.00080093 2.96433e-05 -0.00132333 -0.000500948 -0.00107928 -0.000692688 -0.000147131 0.000722749 6.48392e-05 -0.000471529 -0.000432694 -0.00159197 0.00012395 -0.000878508 -0.00122687 -0.000987958 -0.000871369 
-0.000759176 -0.000968723 -0.000855906 -4.87073e-05 -0.0013051 0.000198059 0.104823 0.000150721 0.00080452 -0.00143004 -0.00105157 -0.0002829 -0.00189774 -0.0028725 -0.00038097 -0.00164576 -0.00182504 -0.00348014 0.000327665 -0.00122766 -0.00175751 -0.00368145 -0.0011968 -0.00109486 -0.00138716 -0.00156791 -0.00316102 -0.00347631 -0.0046068 -0.000849729 -0.00132903 -0.000899531 -0.00170705 -0.00154713 -0.00147354 -0.00168831 0.00122367 -0.000578527 -0.000995599 -0.000588225 -0.000989542 -0.00151851 -0.00116945 -0.00193761 -0.000308981 -0.00151622 -0.000966048 -0.00128263 -0.000994353 5.14038e-06 -0.000279871 0.000151089 -0.00129411 -0.000766641 -2.90493e-05 -0.000874851 -0.000252459 -0.0017819 -0.000761277 -0.00108261 -0.000508752 -0.00153265 -0.000539979 -0.000285857 -0.000966386 -0.00132357 0.000139034 -0.0005157 -0.000550275 -0.000875051 -0.00153185 -0.00165833 -0.00124688 -0.000884584 -0.000839188 0.000217193 -0.00186812 -0.00182253 -0.001198 -0.000751527 -0.0010315 -0.000296885 -0.00126832 -0.000805804 -0.00101156 -1.82812e-05 -0.00178189 -0.00175122 -0.000381871 0.000447894 -0.0014639 4.63108e-05 -0.000968421 -0.000825999 -0.00070946 -0.00113094 -0.00123175 -0.0011808 -0.00185874 -0.000493243 
-0.000553953 -0.00206211 -0.000951254 0.000433395 -0.00113859 -0.000621224 0.000150721 0.121214 0.000308884 -0.00112435 -0.00306727 -0.000226997 -0.000795296 0.000186099 -0.000542476 -0.00317623 0.000176111 -0.00140215 -0.00764821 -0.0045241 -0.00214277 -0.00484314 -0.00318461 -0.00230975 -0.0010534 -0.00418264 3.23795e-05 0.00187143 -0.00176044 -0.000536866 0.000869648 -0.000845749 -0.00335016 -0.00035754 -0.000608434 -0.00157133 -0.00125844 -0.000371362 -0.00114009 -0.00162008 -0.00156803 -0.00222748 -0.00189109 -0.00185272 -0.00140626 -0.00157845 -0.000535099 -0.00134335 -0.0010596 -0.000587785 -0.00281288 -0.00163197 -0.000753603 -0.000619837 -0.00103151 -0.00158422 -0.000957963 -0.000840046 -0.00132783 -0.00182966 -0.000628838 -0.000828994 0.000243392 -0.00126219 -0.000960634 -0.000733377 -0.000702842 -0.00182163 -2.05526e-05 -0.00108554 -0.000923442 -0.000535771 -0.000255637 -0.000974947 -0.00207646 -0.000513532 -0.00138745 -0.00192703 -0.00142744 -0.00174695 -0.000491051 -0.00129714 0.000172089 -0.000149115 -0.000205205 -0.0010312 -0.00159502 -0.00291968 0.000191436 -0.000891409 -0.000538909 -0.00127026 -0.00116378 -0.00132103 -0.0014551 -0.00158712 -0.000321447 -0.00166759 -0.000609828 -0.0011111 
-0.000261769 -0.000686978 0.000519566 -0.000423696 -0.00141712 -0.000391701 0.00080452 0.000308884 0.0978589 0.00137738 -0.00105199 -0.000484386 -0.00138788 -0.000408977 -0.00411551 0.000383433 -0.00288774 -0.00177244 0.000783902 -0.00582724 -0.00618425 -0.00343955 -0.0017354 -0.00109748 -0.00238947 -0.00270144 -0.0029418 -0.000545691 -0.00160014 -0.00215859 -0.00215531 0.000154239 9.75691e-05 -0.00147983 -0.000683332 -0.000755604 -0.000606281 -0.000155478 -0.000742503 -0.000741227 -0.00224684 -0.00082047 -0.00114352 -0.00101071 -0.000947023 -0.000819705 -0.000469385 -0.00111046 -0.00020296 -0.00100244 -0.00107017 -0.001797 -0.00096849 -0.00079078 -0.000658633 -0.00107903 -0.000135129 -1.62685e-05 -0.000735699 -0.00050037 0.00134637 -0.00100501 -0.000967986 -0.000783059 -0.000996064 -0.00137865 -0.000851441 -0.000718851 -0.000473014 -0.000660518 -0.000720643 -0.000408022 -0.000289172 6.68715e-05 -0.000715519 -0.00117155 -0.000425449 -0.000943887 -0.00112513 -0.000877526 -0.000615807 -0.00112075 -0.00169435 -0.00149765 -0.000929766 -0.000589059 -0.000886569 -0.00127217 -0.000999245 -0.00115911 -0.000535606 -5.62851e-05 -0.0012927 -0.00116294 -0.00127823 -0.000468104 -0.000425338 -0.000745444 -0.000698176 -0.00100696 
-0.00159236 -0.00122612 -0.000714529 -0.00149411 -0.000199251 -0.000212531 -0.00143004 -0.00112435 0.00137738 0.12791 -0.000765685 -0.00222435 -0.00399377 -0.000739352 -0.00657506 -0.00308273 -0.00406393 -0.00453612 -0.000491441 -0.00413321 -0.00505896 -0.00270863 -0.000871807 -0.00419111 -0.00235101 -0.00570585 -0.00403176 -0.00256918 -0.00328967 -0.00283192 -0.00210348 -0.00179836 -0.000398805 -0.000703318 -0.00233505 -0.00240692 -0.000136547 -0.000925512 -0.000406083 -0.00120114 -0.00161978 -0.000914669 -0.000845646 -0.000975139 -0.00166207 0.000203419 -0.000926319 -5.80264e-06 -0.0010212 -0.000467201 -0.00152698 -0.000922938 -0.000272158 -5.5707e-05 0.000321818 0.00118836 -0.000301055 -5.38704e-05 -0.0004107 -0.00117049 -0.00128775 -0.000994327 -0.000492391 -0.000418957 -0.000486013 -0.00134234 -0.000639192 -0.00211051 -0.00131935 -0.000650253 -0.00140089 -0.00075536 -0.00142632 -0.00160032 -0.00116554 -0.000859367 -0.00157308 -0.000782489 0.000652599 -0.00102999 -0.000871972 -0.000659153 0.000365702 -0.00216934 -0.000821269 0.000263436 -0.000897082 -0.000720601 -0.000586105 -0.00140121 -0.000462403 -0.000390202 -0.00105811 -0.000169689 -0.00118209 -0.00015009 -0.00112216 7.92509e-05 -0.0013995 -0.000190867 
-0.000893681 -0.00173735 -0.000359397 -0.00230297 -0.00172841 0.000784814 -0.00105157 -0.00306727 -0.00105199 -0.000765685 0.140157 -0.0025548 0.000569603 -0.0013567 -0.00404717 0.000672494 -0.00356766 -0.00379921 -0.00702888 -0.00374297 -0.00235611 -0.00476798 -0.00502022 -0.00319695 -0.00126688 -0.00472355 -0.00474773 -0.00198874 -0.00159522 -0.000597546 -0.00132471 -0.00177445 -0.00198166 -0.000927961 -0.00239939 -0.000566673 -0.00129016 -0.00230658 -0.00205435 0.000308027 -0.000417178 -0.000324086 -0.000446997 -0.00145094 -0.00235399 0.000139211 -0.00123106 -0.000741732 -0.000882901 -0.00224295 -0.00129348 -0.00175548 -0.00166642 -0.000588504 -0.0015436 -0.00181649 0.000786075 -0.00125089 0.0004076 -0.000793127 -0.00150158 -0.00177605 -0.0018783 -0.00114385 -0.000303375 -0.000578696 -0.00135174 -0.000367865 -0.0007472 -0.00101032 -0.00216024 -0.00135402 0.000404157 -0.0025529 -0.000598632 -0.000776245 -0.000413039 -0.000574149 0.000821689 2.22854e-05 -0.00171758 -0.000165692 -0.00071799 -0.00174871 -0.000338003 0.000173041 -0.00064301 -0.00102084 -0.00173657 -0.00040265 -0.000535352 -0.00139065 -0.00166123 -0.00148281 -0.00150619 -4.73452e-05 -0.00187767 -0.00199807 -0.000585177 -0.00184009 
-0.000923094 -0.00144304 -0.000866248 -0.00289966 -0.00244626 -0.000252158 -0.0002829 -0.000226997 -0.000484386 -0.00222435 -0.0025548 0.177423 -0.00138169 -0.00280774 -0.00438904 0.0027239 0.000138326 -0.00611949 -0.00207048 -0.00664682 -0.00386463 -0.00572725 0.00104011 -0.00616509 -0.00423109 0.0021527 -0.00992888 -0.00386826 -0.0049825 -0.00414904 -0.00309255 -0.00302514 -0.00366304 -0.00118058 -0.00253351 -0.00339612 -0.000509814 -0.000315785 -0.00187801 -0.00184898 -0.000924132 -0.00123539 -0.00313525 -0.00138504 -0.00103848 -0.00162337 -0.00226165 -0.00110552 8.98895e-05 -0.000246291 -0.00143866 -0.00121011 -0.000758967 -0.000749133 -0.0021621 -0.00127572 -0.00263564 -0.00251571 -0.00200449 -0.000737385 -0.0018765 -0.00227859 -0.000355115 0.00027407 0.000211017 -0.00342271 -0.000693776 -0.00201533 -0.00191368 -0.00105416 -0.000136505 -0.00199719 -0.00106833 0.000331365 -0.0008859 -0.00230612 -0.00114218 -0.00393603 -0.00164555 -0.000542979 -0.000612594 0.000194267 0.00167658 -0.00107455 -0.00156722 -0.000620145 -0.00117027 -0.00315383 -0.00104909 -0.00174632 -0.00264097 -0.00129322 0.000908668 -0.00152695 -0.0012821 -0.00278896 -0.00335343 -0.0026538 -0.00116727 -0.00137054 
-0.00109831 -0.00359531 -0.000714898 -0.00253487 -0.00185528 -0.00190348 -0.00189774 -0.000795296 -0.00138788 -0.00399377 0.000569603 -0.00138169 0.180316 -0.00172495 0.00393603 0.00209827 0.00379417 -0.00490749 -0.00854276 -0.00760139 -0.00708521 -0.00396797 -0.00838741 -0.00480487 -0.00647264 -0.00440042 -0.00515457 -0.00371414 0.00115071 -0.00777559 0.000851712 -0.00224933 -0.00242324 -0.00141247 -0.000947061 -0.00317772 -0.00255478 -0.00141336 -0.00146083 -0.000953362 -0.000750851 -0.00292271 -0.000371445 -0.00330684 -0.00169124 0.00165145 -0.00168611 -0.00141809 -0.00387268 -0.000343741 -0.000501671 -0.000959642 -0.00295313 -0.00170927 -0.000375695 -0.00182125 -0.000978076 0.000182277 -0.00176806 0.000134979 -0.000199993 -0.000160666 0.000254788 -0.000908332 -0.00251451 -0.000641697 -5.36266e-05 -0.00177285 -0.00159344 -0.00173784 -0.00101896 -0.00227995 -0.00064323 -0.00432574 -0.000766923 -0.00170875 -0.0017243 -0.0018934 0.000118068 -0.00209926 -0.00277192 0.000401507 -0.00104623 -0.000688276 -0.00120078 -0.00110139 -0.00196223 -0.00104455 -0.0011199 -0.00180844 -0.000919987 -0.0025955 0.000701893 -6.22517e-05 -0.00279365 -0.00201426 -0.00109815 -0.00204218 -0.00276307 -0.00336483 
-0.000801152 -0.00286505 -0.000112284 -0.00124547 -0.00303788 -0.000449681 -0.0028725 0.000186099 -0.000408977 -0.000739352 -0.0013567 -0.00280774 -0.00172495 0.194035 -0.0102977 -0.0117656 -0.00165164 -0.000364458 -0.00494281 -0.0108135 -0.00109379 -0.0027869 0.00048604 -0.00698341 -0.00111414 -0.00502332 -0.00329764 -0.00555844 -0.0061162 -0.0024951 0.000810058 -0.00472315 -0.00432171 -0.00240458 -0.00385312 -0.00305007 -0.000901664 -0.00309864 -0.00220235 -0.00129854 -0.00187252 -0.000166936 -0.00247458 -0.00175562 -0.000584575 -0.00340052 -0.0023233 -0.000955268 -0.00140331 0.00198057 0.000836555 -0.0013531 -0.0015729 -0.00123996 -0.00186645 -0.00217064 -0.000943525 -0.00125416 -0.00354062 -0.0023317 -0.00114162 -0.000113195 -0.000857081 -0.00413648 -0.000738237 0.00107871 -2.38239e-05 -0.00217688 -0.00143229 -0.000959223 -0.00408931 -0.00207835 -0.00185083 -0.000533734 -0.00169976 -0.00174429 0.000491167 0.000494 -0.000333825 0.000584912 -0.000632554 -0.00258702 -0.00113001 -0.00334971 0.000461685 0.00052566 -0.00323547 -0.00260846 -0.000492729 -0.00211691 -0.000165239 0.000315612 -0.000967066 -0.00126874 -0.00125303 -0.00232767 -0.0027075 0.00041321 -0.00265055 -0.00150744 
-0.001465 -0.00270857 -0.00106337 -0.00239742 -0.00252549 -0.00315195 -0.00038097 -0.000542476 -0.00411551 -0.00657506 -0.00404717 -0.00438904 0.00393603 -0.0102977 0.230256 -0.00292355 -0.0020577 0.00122862 -0.00425968 0.00018036 -0.00109392 -0.00297415 -0.00549235 -0.0117653 -0.00622688 -0.00494724 -0.000326356 -0.00349881 -0.00297721 -0.0064202 -0.00723162 -0.0020625 -0.00259054 -0.0028082 -0.00153525 -0.000665637 -0.00138462 -0.00333757 -0.00059899 -0.000945121 -0.00156806 -0.00338391 -0.00142682 -0.00270695 -0.00180042 -0.00354529 -0.00349075 -0.00151313 -0.00257047 -0.00354206 -0.00179671 -0.00139196 -0.00216104 -0.00152886 -0.00358001 -0.0028061 0.00185899 -0.00149001 -0.00158855 -0.000452615 -0.000850718 -0.00223523 -0.00234771 -0.000665622 -0.00156034 -0.00257582 -0.000714194 -0.00350477 -0.0006142 -0.00402892 -0.00180498 -0.00248612 -0.00289674 -0.00152914 -0.000496015 -0.00158997 0.000605319 -0.00333807 -0.00307205 -0.00160729 -0.000713239 -0.00137791 -0.00173588 -0.00305312 -0.00124359 -0.00361349 -0.000354766 -0.000967961 -0.00149701 -0.000891254 -0.00205466 -0.00351459 -0.00140317 0.000627813 -0.00193222 -0.00213057 -0.00228634 -0.00256939 -0.00280266 -0.00250669 
-0.000549126 -0.00400061 -0.00210987 -0.00108407 -0.00299532 -0.00189442 -0.00164576 -0.00317623 0.000383433 -0.00308273 0.000672494 0.0027239 0.00209827 -0.0117656 -0.00292355 0.238626 -0.00633389 -0.013097 -0.00218535 -0.00290784 -0.00253694 -0.00449925 -0.00862008 -0.0122965 -0.00722271 -0.00501146 -0.00185906 -0.00427593 -0.00733185 -0.00136156 -0.0050934 -0.00407094 -0.000315876 -0.00350899 -0.00448588 0.000780816 -0.00396719 -0.000222972 -0.00145146 -0.00149675 -0.0024379 -0.00202356 -0.0020376 0.00017097 -0.00169534 -0.00283871 -0.000984843 -0.00139494 -0.00243645 -0.00356457 -0.000983305 0.000505625 -0.0018943 -0.00220571 -0.000377582 -0.000814537 -0.000585076 -0.00281771 -0.00387953 -0.00214377 -5.56504e-05 -0.00155422 -0.00251876 -0.00385354 -0.0023351 -0.00286745 -0.00153608 -0.00253558 -0.00350954 -0.0015216 -0.00133962 -0.00206712 -0.00209101 -0.00201915 -0.00138281 -0.00315397 -0.00179228 -0.00418289 -0.00232523 -0.00024299 0.000205229 -0.00220987 -0.004447 -0.000262277 -0.00033967 -0.00218667 -0.00217204 -0.00387654 -0.00102597 -0.00124895 -0.00184677 -0.000876206 0.000663306 -0.0011673 -2.27693e-05 -0.00152606 -0.000675489 -0.00229082 -9.6408e-06 -0.00326545 
-0.00184519 -0.00165239 -0.00423597 0.00183554 -0.00255386 -0.00604417 -0.00182504 0.000176111 -0.00288774 -0.00406393 -0.00356766 0.000138326 0.00379417 -0.00165164 -0.0020577 -0.00633389 0.249217 -0.00268038 0.00335193 -0.0049494 -0.00877447 -0.00147717 -0.00628104 -0.000571407 -0.00515192 -0.00819808 -0.0104665 -0.000676363 -0.00479916 -0.00230721 0.00103139 -0.00521594 -0.00451278 -0.003734 -0.00182768 -0.00597748 -0.00227215 -0.00280129 -0.00345183 -0.00128496 -0.00273253 -0.000751413 -0.00176061 -0.0040985 -0.00255815 -0.00115223 -0.00210004 -0.0018712 -0.00165583 -0.00250705 -0.00103177 -0.00216517 -0.000414072 -0.00264368 -0.00327676 -0.00102501 -0.00120105 -0.00213056 -0.00298267 -0.00230693 -0.00371485 -0.00400757 -0.00175719 -0.00328576 -0.00242668 -1.40922e-05 -0.000807688 -0.00702285 -0.00357405 -0.00197836 -0.00383421 -0.00307734 -0.00292597 -0.00337004 -0.00281707 -0.00212172 -0.0018497 -0.000246124 -0.00181697 -0.00215203 -0.00355191 -0.00131947 -0.000346052 -0.000846947 -0.000403969 -0.00153482 -0.0029867 -0.000670688 -0.00329662 -0.000469943 -0.00139473 -0.00154194 -0.00442859 -0.00347762 -0.00209884 -0.0033117 -0.00302781 -0.0016567 -0.00218116 -0.00170261 
-0.00349211 0.00108208 -0.00304313 -0.00247762 -0.00108928 -0.00441817 -0.00348014 -0.00140215 -0.00177244 -0.00453612 -0.00379921 -0.00611949 -0.00490749 -0.000364458 0.00122862 -0.013097 -0.00268038 0.24786 -0.00470236 -0.00430569 0.000990341 -0.00768561 -0.00103726 -0.00482225 -0.00282833 -0.0104947 -0.00335101 -0.00613831 -0.00321226 -0.00182537 -0.00169096 -0.00716581 -0.00260643 -0.00173149 -0.00413338 -0.00424171 -0.00141938 -0.00105629 -0.000762314 -0.000882617 -0.00253359 -0.0014502 -0.00150824 -0.00257618 -0.000854187 -0.0047993 -3.90266e-05 -0.00226739 -0.00255031 -0.00254275 -0.004074 -0.00156777 -0.00158281 -0.00074639 -0.003096 -0.00471856 -0.00325724 -0.00217781 -0.000967179 0.00026979 -0.00275875 -0.00234322 -0.00182633 -0.00307421 -0.00375409 0.000780751 -0.00102407 -0.00172999 -0.000422838 -0.0013647 -0.000796409 -0.00399037 -0.00257712 -0.0011527 -0.0025585 -0.00222454 -0.00114315 -0.000747655 -0.00184672 -0.000912586 -0.00489809 -0.00248786 -0.0030885 -0.00169273 -0.00136916 -0.00524116 -0.00334721 0.000315836 -0.00120375 -0.000554329 -0.000406322 -0.0030884 -0.00103004 -0.00022443 -0.000879197 -0.00113875 -0.00384359 -0.000335311 0.000142572 -0.00551154 
-0.00151126 -0.00127585 -0.00264748 -0.00239782 -0.000579842 -0.00131086 0.000327665 -0.00764821 0.000783902 -0.000491441 -0.00702888 -0.00207048 -0.00854276 -0.00494281 -0.00425968 -0.00218535 0.00335193 -0.00470236 0.249972 -0.000421044 -0.00328387 0.00145366 -0.00302725 -0.0051289 -0.0115701 -0.00901762 -0.009857 -0.00248086 -0.00269226 -0.00820566 -0.00494057 -0.00224132 -0.00159666 -0.00517384 -0.00483183 0.00129166 -0.0040776 -0.00309112 -0.00105726 -0.0046282 -0.00355054 -0.00358243 -0.000951564 0.000513988 -4.12975e-05 -0.00113751 -0.00048956 -0.000749112 -0.00275456 -0.0019075 -0.00233382 -0.000138009 -0.00123583 -0.00203358 -0.00192037 -0.00135986 -0.0041637 -0.00208363 -0.00213276 -0.0028209 -0.00160731 -0.00239248 -0.00321336 0.000224495 -0.00269274 -0.00349646 -0.00289754 -0.00296198 -0.000553315 -0.00212537 -0.00199034 -0.00163353 -0.00377046 -0.00237359 -0.00363484 -0.00401722 -0.00573276 -0.00110036 -0.000600673 -0.0013065 -0.000332782 -0.00289156 -0.00042851 0.00182101 -0.00240505 0.000283272 -0.00178884 -0.000544832 -0.00266287 -0.00278351 -0.00283018 -0.00346984 -0.00288915 -0.00384466 -0.00315717 -0.00243773 -0.00135128 -0.00127431 -0.000621408 -0.00190439 
0.000229027 -0.00359319 -0.00152336 -0.00302538 -0.00154698 -0.00250454 -0.00122766 -0.0045241 -0.00582724 -0.00413321 -0.00374297 -0.00664682 -0.00760139 -0.0108135 0.00018036 -0.00290784 -0.0049494 -0.00430569 -0.000421044 0.249996 -0.00135281 -0.00178848 -0.000557575 -0.0104477 -0.000318253 0.000413598 -0.00504446 -0.0068876 -0.00811492 -0.00345426 -0.00548772 -0.00177827 -0.00236544 -0.00334609 -0.00228043 -4.51508e-05 -0.00267704 -0.00112183 0.000274521 -0.00213893 -0.00213971 -0.00396526 -0.00158474 -0.000163044 -0.000292248 -0.00102901 -0.00238682 -0.00303275 -0.00317528 -0.0017507 -0.00199193 -0.0029052 -0.000496657 -0.00233838 7.13178e-05 -0.00268065 -0.00394184 -0.00447446 0.000370911 -0.00046466 -0.00223179 -0.0017257 -0.00205206 -0.0043264 -0.00293674 -0.00222218 -0.00239913 -0.00283746 -0.00174574 -0.00301792 -0.000212521 -0.00166743 -0.00280294 -0.00232163 -0.000829333 -0.00164705 -0.00126248 -0.00328972 -0.00225752 -0.00407911 -0.00129393 -0.00384052 -0.00195774 -0.00361594 -0.00113378 -0.00075572 -0.000779248 -0.00345854 -0.00426355 -0.000493502 -0.00156203 -0.00238825 -0.00234503 -0.0021805 -0.00079617 0.000311547 0.000529608 -0.00277828 -0.00385334 -0.00170096 
-0.00300307 -0.00331331 -0.00341812 -0.00285957 -0.00330506 -0.00333516 -0.00175751 -0.00214277 -0.00618425 -0.00505896 -0.00235611 -0.00386463 -0.00708521 -0.00109379 -0.00109392 -0.00253694 -0.00877447 0.000990341 -0.00328387 -0.00135281 0.249579 0.00142808 0.0023884 -0.0035159 0.00434795 -0.00431239 -0.00854658 -0.00535404 -0.00596884 -0.000617186 -0.00990933 -0.00811154 -0.0033282 -0.0022181 -0.001545 -0.00348583 -0.0029389 -0.00323002 -0.00141047 -0.00230039 -0.00364624 -0.00123116 -0.0016017 -0.00295195 -0.00281293 -0.000425396 -0.00143803 -0.0032707 -0.000757617 -0.00374885 -0.000601772 -0.00377175 -0.00368397 -0.00251821 -0.00421603 0.000494473 0.000149906 -0.00350655 -0.000599366 -0.00360649 -0.00247803 -0.00297263 -0.00176567 -0.00181442 -0.0014792 -0.00471558 -0.00138309 -0.00124818 -0.00180154 -0.000905256 -0.00225755 -0.00285199 -0.00306702 -0.00159469 -0.00344564 -0.00224459 -0.000430414 -0.0011246 -0.00239123 -0.00182659 -0.000368724 -0.00438162 -0.00232172 -0.000565712 -0.00094462 -0.00488649 0.000184036 -0.00123331 -0.00142983 -0.00257364 -0.00329556 -0.000438032 -0.00267047 0.00107337 -0.00246729 -0.00226422 -0.00351436 -0.000154477 -0.00556665 -0.00276021 
-0.00397511 -0.00468321 -0.00410681 -0.00394274 -0.000612029 -0.00283783 -0.00368145 -0.00484314 -0.00343955 -0.00270863 -0.00476798 -0.00572725 -0.00396797 -0.0027869 -0.00297415 -0.00449925 -0.00147717 -0.00768561 0.00145366 -0.00178848 0.00142808 0.249443 -0.00163677 -0.00430314 0.000134417 0.00178421 -0.003084 -0.00917592 -0.00417028 -0.00732493 -0.00161934 -0.00365145 -0.0065811 -0.00234471 -0.00317046 -0.00335968 -0.00179416 -0.00264013 -0.000883481 -0.000155954 -0.00282229 -0.000131412 -0.00204107 -0.0031722 -0.0015418 -0.00104487 -0.00268891 -0.000744094 -0.00347673 8.62164e-05 -0.00137133 0.000454052 -0.00297637 -0.00457623 -0.00209594 -0.000691521 -0.00372171 -0.000125502 -0.00469005 -0.00443145 -0.00277532 0.000291883 -0.00153031 -0.00259717 -0.00238277 -0.00316385 -0.00166266 -0.000579906 -0.00159728 -0.00128165 -0.00427013 -0.00449107 -0.00224014 -0.000546896 -0.00265208 -0.00107571 -0.00159843 -0.00122507 -0.00256698 -0.00203097 -0.0034467 -0.00286776 -0.0047994 -0.00388381 0.000756585 -0.00404584 -0.00125947 -0.00293158 -0.000659348 -0.00249456 -0.00388905 -0.00234028 -0.00193121 -0.00343218 -0.000567246 -0.00354659 -0.000728412 -0.00170701 -0.00155403 -0.000734697 
-0.00129187 -0.00288078 -0.00167251 -0.00579735 -0.0057215 -0.00109107 -0.0011968 -0.00318461 -0.0017354 -0.000871807 -0.00502022 0.00104011 -0.00838741 0.00048604 -0.00549235 -0.00862008 -0.00628104 -0.00103726 -0.00302725 -0.000557575 0.0023884 -0.00163677 0.249933 -0.00125877 -0.00434784 -0.00716256 -0.0121147 -0.00778733 -0.000593381 -0.00734739 -0.00550514 -0.00619112 -0.00612325 -0.000441399 -0.00509675 -0.000813508 0.000181945 -0.00386283 -0.00270459 -0.00183781 -0.00166409 -0.00340663 -0.00280969 -0.00343069 -0.00129451 -0.0031225 -0.00247954 -0.00262001 -0.000567342 4.97069e-05 -0.000783919 -0.00361187 -0.00305845 -0.00186798 -0.000598491 -0.00241235 9.31175e-06 -0.00302953 -0.00199151 -0.00442159 -0.000441886 -0.00183177 -0.00194239 -0.00224038 -0.00198123 -0.00363798 -0.000796457 0.000706119 -0.000969944 -0.00223439 -0.00128068 -0.0029813 0.000999026 -0.00194576 -0.00508794 -0.00314218 -0.000212649 -0.00224545 -0.00164659 -0.00471402 -0.0024552 -0.0018428 -0.00338034 -0.00247149 -0.00509201 -0.00224571 -0.0021857 -9.09564e-05 -0.000853969 -0.000275518 -0.00177338 5.91623e-05 -0.000854439 -0.000368945 -0.00368747 -0.00257564 -0.00341195 0.00145314 -0.000501691 -0.00204307 
-0.00222684 0.000748538 -0.00146722 -0.00483148 -0.00115586 -0.00130056 -0.00109486 -0.00230975 -0.00109748 -0.00419111 -0.00319695 -0.00616509 -0.00480487 -0.00698341 -0.0117653 -0.0122965 -0.000571407 -0.00482225 -0.0051289 -0.0104477 -0.0035159 -0.00430314 -0.00125877 0.248071 -0.00290736 -0.00884649 -0.00141617 -0.00092914 -0.00724511 -0.00267598 -0.00385793 0.000399036 -0.00409151 -0.00506215 -0.0021698 -0.00161649 -0.00286307 -0.00221936 -0.00346855 -0.00162247 0.000105721 -0.00136997 -0.00309838 0.00105305 -0.00138386 -0.000661513 -0.00221994 -0.00265527 -0.000169273 -0.00479044 -0.000457783 -0.00316735 -0.00223806 -0.00064688 -0.00113482 -0.00072564 -0.0027238 -0.000227994 1.37959e-05 -0.00226644 -0.000899589 0.00120284 -0.00135269 -0.00199841 -0.00122486 -0.00363184 -0.00301431 -0.0026322 -0.000302424 -0.000160571 -0.00266698 -0.00424464 -0.00167421 -0.00347516 -0.0024548 -0.00180085 -0.0018594 -0.00241239 -0.00199652 -0.00433918 -0.00156062 -0.00175529 -0.00385052 -0.0032784 -0.00100309 -0.00241533 -0.00350698 -0.000314948 0.000347432 -0.00139293 -0.00229953 -0.0018935 -0.00313337 -0.000236411 -0.000558185 -5.99816e-05 -0.0022964 -0.00241594 -0.000833431 -0.00113092 
-0.00117683 -0.00219788 -0.00342956 -0.00293086 -0.00187088 -0.00417094 -0.00138716 -0.0010534 -0.00238947 -0.00235101 -0.00126688 -0.00423109 -0.00647264 -0.00111414 -0.00622688 -0.00722271 -0.00515192 -0.00282833 -0.0115701 -0.000318253 0.00434795 0.000134417 -0.00434784 -0.00290736 0.249161 -0.00550974 -0.00546384 0.000328812 -0.00523026 -0.000385046 -0.00789436 -0.002255 -0.00314621 -0.0012707 -0.00539111 -0.00308655 -0.00526797 -0.00189765 -0.00378315 -0.00325142 -0.00362841 -0.0011493 -0.00300598 0.00186738 -0.00293121 -0.00224492 -0.00149939 -0.00173391 -0.00271469 -0.00225345 -0.0025659 -0.00210542 -0.00180133 -0.00223704 -0.00139044 -0.00404805 -0.000366948 -0.0028707 -0.00215081 -0.000286574 -0.00243475 -0.00181147 -0.0029815 -0.00163759 -0.00362908 0.00157661 -0.00370386 -0.00342301 -0.00490175 -0.00261341 -0.00324257 -0.000966323 -0.00296046 -0.000888881 -0.00198884 -0.00166737 0.00069439 0.000188885 -0.00449663 -0.00220518 -0.00307354 -0.00516881 -0.000401593 -0.0018623 -0.00153143 -0.00184927 -0.00361374 -0.00324119 -0.00379035 -0.00072299 -0.000839308 -0.00112194 -0.00175824 -0.00202147 -0.00287881 -0.00264103 -0.0018761 -0.00219098 -0.00171731 0.000987147 
-0.000330741 -0.00129528 -0.00142585 -0.00063509 -0.0018738 -0.00295593 -0.00156791 -0.00418264 -0.00270144 -0.00570585 -0.00472355 0.0021527 -0.00440042 -0.00502332 -0.00494724 -0.00501146 -0.00819808 -0.0104947 -0.00901762 0.000413598 -0.00431239 0.00178421 -0.00716256 -0.00884649 -0.00550974 0.23574 -0.00445131 -0.00575067 -0.00452821 -0.0028805 -0.00314124 -0.000188166 -0.00522259 -0.00102771 0.000830214 -0.00151906 -0.00244179 -0.00138741 -0.000382276 -0.0023493 -0.00109402 -0.00160589 -0.0013862 -0.00190628 -0.00233257 -0.000892229 -0.000385853 -0.000975842 0.000434124 -0.00447571 -0.00181938 -0.00101876 -0.00088255 -0.00411401 -0.00308979 0.000627012 -0.00238752 -0.0034909 -0.000793706 -0.00038832 -0.0021081 -0.00460715 -0.000254719 -0.00331582 -0.00083926 -0.0047102 -0.00389342 0.000252163 -0.0018148 0.000968617 -0.00188811 -0.000621598 -0.000698247 -0.000844517 -0.000362805 -0.00379237 -0.00351426 -0.00148589 -0.00280812 -0.00181537 0.000527118 0.00156485 -0.00119168 -0.00112401 -0.00314849 -0.00201817 0.000166692 -0.00242034 -0.00300959 -0.0013014 -0.00146553 -0.00452109 0.000858418 -0.00338108 -0.00210682 -0.00284234 -0.00140449 -0.00345569 -0.00130697 -0.00361514 
-0.00156197 -0.00193591 7.53039e-05 -0.000206842 -0.00157612 -0.00303735 -0.00316102 3.23795e-05 -0.0029418 -0.00403176 -0.00474773 -0.00992888 -0.00515457 -0.00329764 -0.000326356 -0.00185906 -0.0104665 -0.00335101 -0.009857 -0.00504446 -0.00854658 -0.003084 -0.0121147 -0.00141617 -0.00546384 -0.00445131 0.194571 -0.00278359 -0.00430373 -0.00194394 0.00181379 0.00184025 -0.00243469 -0.000468835 0.000169084 -7.11699e-05 -0.00321915 -0.0011682 -0.0021152 -0.0010262 -0.000627866 0.000589066 -0.0019168 -0.00251463 0.00158986 -0.00162045 -0.0010031 -0.00267347 -0.000620686 -0.000775122 -0.00152544 -0.00179809 0.000339956 -0.00281802 -0.00164001 -0.00176898 -0.00142709 -0.00112357 0.000774828 -0.000203603 -0.0011122 -0.000964156 -0.0020529 -0.00201066 0.000661813 -0.00166075 -0.00056202 -0.00101102 -0.0021479 -0.00272935 -0.00233044 -0.000303218 -0.00135506 -0.00033231 -0.000167434 0.000563245 -0.0020827 -0.001319 -0.000287283 -0.000787506 -0.00107257 -0.00226649 -0.00443621 -0.00246284 -0.00166457 -0.00137855 -0.00256391 -0.000934049 -8.90239e-05 -0.0010171 -0.000138785 0.000437428 -0.00252343 -0.000263736 0.000229961 -0.00273093 3.69803e-06 -0.00242787 -0.000638829 -0.00271307 
-0.00208472 -0.00268182 -0.00173107 -0.00102513 -0.000932293 -0.00277659 -0.00347631 0.00187143 -0.000545691 -0.00256918 -0.00198874 -0.00386826 -0.00371414 -0.00555844 -0.00349881 -0.00427593 -0.000676363 -0.00613831 -0.00248086 -0.0068876 -0.00535404 -0.00917592 -0.00778733 -0.00092914 0.000328812 -0.00575067 -0.00278359 0.208943 -0.000941071 -0.000128238 -0.00312269 -0.00244425 -0.00216754 -0.0014239 -0.00243688 -0.00082531 -0.000446835 -0.00351019 -0.000884 -0.00141079 -0.00057263 -0.00179325 -0.00243873 -0.00300382 -0.00425236 -0.00273396 -0.00168276 -0.000593728 -0.00230946 -0.00201377 -0.00387154 -0.00216635 -0.00272028 -0.000251349 0.00107168 -0.00175731 -0.00368395 -0.000828196 -0.00142886 -0.0039145 -0.00157264 -0.00296684 -0.00206757 -0.000942818 -0.000954763 0.00179224 -0.00133331 0.00126274 -0.00168609 -0.00302242 -0.000738497 -0.00116218 -0.00223467 -0.00158456 -0.00165541 -0.00152746 -0.00123278 -0.0037958 -0.00262235 -7.51777e-05 -0.000655693 -0.00083266 -0.00305897 -0.00150017 -0.00370845 -0.00223639 -0.00149682 -0.00101024 -0.00225846 -0.00190554 -0.000862576 -0.0016553 -0.00337012 -0.000896663 -0.00299232 -0.00209772 -0.00234506 -0.001551 -0.000687387 0.00147623 
-0.00153492 0.000668942 -0.0021027 0.000189436 -0.0019617 -0.00365951 -0.0046068 -0.00176044 -0.00160014 -0.00328967 -0.00159522 -0.0049825 0.00115071 -0.0061162 -0.00297721 -0.00733185 -0.00479916 -0.00321226 -0.00269226 -0.00811492 -0.00596884 -0.00417028 -0.000593381 -0.00724511 -0.00523026 -0.00452821 -0.00430373 -0.000941071 0.182982 -0.00188064 -0.00273628 -0.000598096 0.000329882 0.000295469 -0.00281591 -0.0021138 0.00141087 -0.00121698 -0.00135199 1.29369e-05 -0.000943421 -0.000980549 2.89865e-05 -0.000961749 -0.000558787 -0.00195732 -0.00145984 -0.00147837 -0.00167062 -0.00289288 -0.00220051 1.14374e-05 -0.00187931 -1.44722e-05 -0.00206719 -0.00135772 -0.00198157 -0.000468631 -0.00127978 -0.00133903 -0.000957576 -0.000883763 0.000467502 -0.00110404 -0.000452305 -0.00204416 0.000182428 0.000604588 -0.000604632 0.000149238 -0.00130357 -0.00190701 -2.3291e-05 -0.00187768 -0.000160594 -0.000972525 -0.00146374 -0.00258325 -0.002664 -0.000140849 0.000325697 -0.00149507 -0.00169152 -0.00240776 -0.00264032 -0.00309964 -0.000864657 -0.00212062 -0.000248774 -0.00129836 -0.0014017 -0.00263917 -0.00221584 -0.00228447 -0.00181884 -0.000897179 -0.00135296 -0.00169168 -0.00218498 -0.00378984 
0.000257327 0.000602751 -0.000700165 -0.000342795 0.000122718 7.16793e-05 -0.000849729 -0.000536866 -0.00215859 -0.00283192 -0.000597546 -0.00414904 -0.00777559 -0.0024951 -0.0064202 -0.00136156 -0.00230721 -0.00182537 -0.00820566 -0.00345426 -0.000617186 -0.00732493 -0.00734739 -0.00267598 -0.000385046 -0.0028805 -0.00194394 -0.000128238 -0.00188064 0.156142 -0.00229027 -0.00102534 -0.00291839 -0.00176959 -0.000707086 -0.000741233 -0.00114658 -0.000890782 -0.00180187 -0.00106063 -0.000896839 -0.00060364 -0.000648012 -0.000256182 -0.00174481 -0.00233653 -0.00111246 -0.00141823 -0.000768286 -1.98378e-05 -0.0033424 -0.00154958 0.000271177 -0.00191782 -0.000277019 -0.00107636 -0.00266381 -0.000901202 -0.000506482 -0.00110732 -0.00245867 0.00044273 -0.00126581 -0.00206809 -9.81482e-05 -0.00047091 -0.00073964 -0.0010971 -0.00145984 -0.000945148 -0.00176578 -0.000896404 -0.00165467 -0.0016249 -0.000536023 -0.000991529 -0.00329941 -0.000998983 -0.00132066 -0.00141527 -0.000365554 -0.000368762 -0.000896262 -0.00140196 -0.000388109 -0.00146223 -0.00165891 -0.00156833 -0.00321964 -0.00119737 -0.00134238 -0.000570298 -0.00109241 -0.00200657 -0.000193385 0.00049501 -0.0019911 -0.00172892 -0.00138192 -0.00177016 
-0.00142071 -0.00275292 -0.0012359 -0.000902331 -0.000500181 -0.000299869 -0.00132903 0.000869648 -0.00215531 -0.00210348 -0.00132471 -0.00309255 0.000851712 0.000810058 -0.00723162 -0.0050934 0.00103139 -0.00169096 -0.00494057 -0.00548772 -0.00990933 -0.00161934 -0.00550514 -0.00385793 -0.00789436 -0.00314124 0.00181379 -0.00312269 -0.00273628 -0.00229027 0.15584 -0.000591659 -0.00232652 0.00181795 0.00155223 -0.00115285 -0.00185883 -0.0017019 -0.00230663 -0.00139492 -0.0017056 -0.000800918 -0.00142599 -0.00274876 -0.00147978 -0.00200181 3.50017e-07 -0.00104009 -0.000784779 -0.000881115 -0.00142621 -0.00175043 -0.00203052 -0.000995445 -0.00136606 -0.000446911 -0.000681995 -0.00142579 -0.00155988 -0.000811459 -0.000393579 7.50791e-05 -0.000294686 -0.00043527 -0.00116436 -0.00198378 -0.000940782 -0.0011397 -0.000306471 -0.00180339 -0.00198661 -0.000709041 -0.00210439 -0.00210273 -0.00128427 -0.00157102 -0.00170073 -0.00022343 -0.00129425 -0.002536 -0.00157188 -1.05049e-05 0.000234413 -0.00290305 -0.000567699 -0.00157603 -0.000736508 -0.00228369 -0.00118431 -0.0017862 -0.000734859 -0.000334223 -0.000586018 -0.00203867 -0.00124785 -0.000519402 0.000494027 -0.00173709 -0.00276336 -0.00050049 
-0.000155922 -0.00247205 -0.00104609 -0.0014901 -0.00025171 -0.00161572 -0.000899531 -0.000845749 0.000154239 -0.00179836 -0.00177445 -0.00302514 -0.00224933 -0.00472315 -0.0020625 -0.00407094 -0.00521594 -0.00716581 -0.00224132 -0.00177827 -0.00811154 -0.00365145 -0.00619112 0.000399036 -0.002255 -0.000188166 0.00184025 -0.00244425 -0.000598096 -0.00102534 -0.000591659 0.131858 0.000606089 -0.0010383 -0.000174761 -0.000711152 -0.00016771 -0.000936605 -0.00168149 -0.00154264 0.000214792 -0.00309339 -0.000445276 -0.00213438 -0.00015058 -0.00123618 7.29455e-05 -0.000235225 -0.00173307 -0.000689923 -0.00161211 -0.00214801 -0.00092957 -0.00120397 -0.000773545 -0.00205046 -0.00189498 -0.000278185 0.000303102 -0.0012185 -0.000265357 -0.00107564 -0.000587228 -0.00157732 -0.00013646 -0.00187904 -0.00111332 -2.37751e-05 -0.00018776 -0.00191191 -0.00131806 -0.000262895 -0.0012031 -0.000789893 -0.000744235 -0.000367596 -0.0023461 -0.00165613 -0.000847295 -0.0013165 -0.00111397 -2.22696e-06 -0.00160292 7.35892e-05 -0.00109367 -0.00112403 -0.0011013 -0.00114812 0.000320753 -0.00103481 -0.000587689 -0.00133159 -0.0020066 -0.00238699 -0.000754206 -0.00152527 -0.000457484 -0.000306159 0.000357668 -0.000994714 
