0.0789165 -0.000527469 -0.00028754 0.000257085 0.000332439 -0.00150992 -0.000871378 -0.00180143 -0.00164269 -0.000923959 -0.00140326 0.000253184 -0.00132572 -0.00132755 -0.000586167 -0.00333928 -0.00538644 -0.00494346 -0.00168192 -0.0030107 -0.00345462 -0.00373185 -0.0026159 -0.00150084 -1.41192e-05 0.000732133 -0.000170967 -0.00135304 -0.00170544 -0.00142889 0.000109737 -0.000870822 -0.00158955 0.000365494 -5.47074e-05 -0.000466706 -0.000995226 -0.000832686 -0.000110644 -5.71247e-06 -0.00081748 -0.000501449 -0.000111584 -0.000493764 0.000317858 -0.000340661 -0.000538383 -0.000735901 -0.000706947 -0.000302482 -0.000758755 -0.000664612 -0.00101111 -0.00127481 -0.000275528 -0.000666653 -0.000448533 -0.00044206 -0.000547376 3.73496e-05 9.54585e-05 -0.000656069 3.51005e-05 -0.000759452 -0.000665729 -0.00062507 -0.000766651 -0.000897737 0.000135583 -0.000906538 -0.00104906 -0.000596506 -0.000853371 -0.000138032 -0.000499096 -0.000818346 -0.000585747 0.000124297 -0.00068522 0.00012797 -0.000434759 -0.00078166 -0.000330445 -0.000527086 -0.000530348 -0.000279391 -0.000968631 -0.000681487 -0.000733759 0.000210212 -0.000665367 -0.00086035 -0.000939952 -0.000496846 -0.000694516 -0.000275414 2.86201e-05 0.000410757 -0.000100221 -0.000578273 
-0.000527469 0.08544 0.000488151 -0.000404693 0.000100129 -0.00100914 0.000337443 -0.00129771 -0.000408774 -0.00126276 -0.0022928 -0.001215 -0.00125676 -0.00167411 -0.00291107 -0.00321175 0.000675549 -0.0032671 -0.000414409 -0.00123755 -0.00294245 -0.0026336 -0.00473656 -0.00164164 -0.00141113 0.000996516 -0.00115464 -0.00381539 -0.0014053 -0.0020987 -0.000570121 -0.00117314 -0.00152085 -0.00156368 -0.00113949 2.71171e-05 -7.8126e-05 -0.000165783 -7.50412e-05 -0.000841229 -0.00111997 -0.00102522 -0.00182703 -0.000575942 -0.00119717 -0.000411655 -0.000134065 -0.000801319 -0.000377923 -0.000367909 -0.00198309 -0.000119913 -0.000969121 -0.000474094 -0.000817703 -0.000107054 -0.000555364 -0.000917858 -0.0005283 -0.00046436 -0.000389246 -0.000548992 0.000180353 -0.000829633 -0.00101129 -0.000661886 -0.00058182 0.000297546 -0.00142555 -0.000284889 -2.80553e-05 -0.000570124 -0.000397036 -0.000510464 -0.0014659 -0.000346311 -0.0012905 -0.000613547 -0.000821767 -0.000365318 -0.000628185 -0.000829123 -0.000153932 -0.00071967 -0.00045874 -0.000796944 -0.00151586 -0.000350048 -0.000811255 -0.000613301 0.000419773 -0.000633459 -0.000369134 -0.000981726 -0.000689934 6.92439e-06 -0.00103478 0.000499355 -0.000151863 -0.000455544 
-0.00028754 0.000488151 0.084047 -0.000356868 -0.00035904 -0.000183345 -0.00084282 0.000207186 -0.00149169 -0.00191238 -0.00271208 -0.00128032 -0.000890957 -0.00146971 -0.00248447 -0.00449425 -0.00108308 4.07853e-05 -0.00453571 -0.00294487 -0.00277456 -0.000118781 -0.00243604 -0.0017417 -0.00182344 -0.000576143 -0.00185251 -0.00147899 -0.000527638 -0.00228771 -0.000937227 -0.00263788 -0.00130787 -0.000551283 -0.000826076 -0.000299485 -0.000565835 -0.000745491 -0.00028763 -0.00043563 -0.00107235 -0.000681986 -0.000950327 -0.000947601 -0.00210755 -0.00113879 0.000234113 -0.000910583 -0.000702374 -0.000956102 -0.000787394 -0.000343893 -0.0006167 -0.000260227 -0.000584498 0.000287099 -0.000452384 -0.000231244 0.000234208 0.000141449 -0.000784263 -0.000575642 -0.000757674 -0.000617074 -0.00043432 -0.000294616 -0.000875129 -0.00060228 -0.000216642 -0.000654152 0.000444873 0.000143633 -0.00113461 -0.000711029 -0.000570792 -0.000355614 -0.000602618 -0.000446086 -0.00110452 -0.000195672 -0.000358526 -0.00058773 -0.000306592 -0.00076061 -0.00101671 -0.000106011 -0.000876694 1.50987e-05 -0.00018768 -0.000336859 -0.00106589 -0.000649165 -0.000327463 -0.000803859 -0.000464884 -0.000420509 -0.000291892 -0.000492331 -0.000890924 -0.00112153 
0.000257085 -0.000404693 -0.000356868 0.0792246 6.57073e-06 -0.00105862 -0.000370208 -0.000881366 -0.000563621 -0.00178921 -0.00226773 -0.000694984 -0.002493 -0.00112243 -0.00177538 -0.00101298 -0.00305536 -0.000373617 -0.000405471 -0.00363232 -0.00154376 -0.00425881 -0.00230513 -0.00207143 -0.000235317 -0.00252435 -0.00202981 -0.00285056 -0.00101426 -6.70092e-05 -0.00120881 -0.00249533 0.000149608 -0.000747004 -0.000791864 0.000495733 -0.000454725 -0.00110078 -0.000680733 -0.00083648 -0.000521993 0.000167732 -0.000936376 -1.54737e-05 -0.00166134 -0.000627969 -0.00163549 -0.000414362 0.000528882 -0.000667842 -0.000153045 -0.000382915 -0.0002052 -0.000314933 -0.000779996 -0.000355387 -0.000874429 -0.000269888 -6.97264e-05 -0.000551966 -0.000159727 -0.000799636 -0.000146469 -0.000423706 -0.000748491 -0.000613427 -0.000897368 -0.00122065 -0.000813664 -0.000155922 -0.00103158 -0.000666796 -0.000137959 -0.000743916 -0.00121431 -0.000878417 -0.000176073 -0.000544307 -0.000105926 -0.000521477 -0.000232512 -0.000781857 -0.000664571 -0.000668583 -0.000666048 -0.000415026 -0.000883037 -0.000243885 -0.000195029 -0.000413821 -3.98869e-05 -0.000427589 -0.000365893 0.000133455 -0.000199604 -0.000232614 -0.00102177 -9.55325e-06 -0.000756597 -0.000833657 
0.000332439 0.000100129 -0.00035904 6.57073e-06 0.0831561 7.86414e-05 -0.000136708 -0.001094 -0.000478618 0.00206005 -0.00162412 -0.00110894 -0.00226665 -0.00180767 -0.00495653 -0.000413496 -0.00455659 -0.00245305 -0.00227843 0.00141481 -0.0032389 -0.00449422 -0.00199638 -0.00361157 -0.00293038 -0.00274095 -0.000797527 -0.00180897 -0.0014048 -0.00104447 -0.00254431 -0.000451513 -0.00227631 0.000883689 0.000123635 -0.000465454 -0.000623446 -0.000447957 -0.000342311 -0.00111159 -5.73712e-05 -0.00118196 -0.000684998 -0.0007125 -0.0011323 -0.000837565 -0.000393512 -0.000848149 -0.00119354 -0.00128553 -0.00110484 -0.000244948 -0.0003683 -0.000150677 -0.000356324 -0.00055684 -0.000455785 -0.000644346 -0.00130825 -0.000775683 -0.000476231 -0.000460647 -0.000484406 -0.000832013 -0.000176984 4.57835e-05 0.000193558 -0.00100628 -0.00106465 -8.99298e-05 -0.00112734 -0.000853144 -0.000112993 -0.000957887 -3.78997e-05 -8.85016e-05 -0.000472054 -0.000784972 -0.000184758 -0.000388478 -3.56101e-05 -0.000164933 -0.000418723 -0.000988253 -0.000188918 -0.000404662 -0.00100698 0.000253822 -5.70201e-05 -0.000373398 -0.000605015 2.26235e-05 -0.000397356 -0.000834323 -0.000519306 -0.000446046 -0.000721274 5.72267e-06 -0.0013816 -0.000376662 
-0.00150992 -0.00100914 -0.000183345 -0.00105862 7.86414e-05 0.119038 -0.000857119 -0.00159472 -0.0027935 -0.00109224 -0.00172849 -0.00234687 -0.00426421 0.000272431 -0.000692982 -0.00563381 -0.00076506 -0.0016049 -0.00074391 -0.00199826 -0.000831259 -0.00120099 0.00266711 -0.00305999 -0.00108375 -0.00257323 -0.00241845 8.92402e-05 -0.003557 -0.00079052 -0.00295076 -0.0023245 0.000237813 -0.00131384 -0.00196944 -0.000778837 -0.00102369 -0.00212935 -0.000403949 -0.00122743 -0.000490004 -0.00141263 -0.00184465 -0.00184992 -0.000527472 -0.00096356 -0.0010712 -0.000863377 -9.83138e-06 -0.0015461 -0.00155704 -0.00109013 -0.000839911 -0.00127636 -0.000875472 -0.0016094 -0.000513619 -0.00132977 -0.00156627 -0.00182184 -0.00136299 -0.000653348 -0.00139544 -0.000977261 -0.0014025 -0.000582584 -0.00030579 -0.00186303 -0.000900189 -0.00107074 -0.00126366 0.000274176 -0.000830523 -0.000690575 -0.00135331 -0.000734022 -0.00110133 -0.000457599 -0.00142719 -0.00112242 -0.000445518 -0.00105111 0.000232544 -0.00151462 -0.000510792 -0.00204401 -0.00172358 -0.000967527 -0.00126427 -0.000736731 -0.000901121 -0.00108396 -0.00153033 -0.00263692 -0.000488608 -0.00102162 0.000247824 -0.000558182 -0.00142999 -0.00116148 
-0.000871378 0.000337443 -0.00084282 -0.000370208 -0.000136708 -0.000857119 0.101946 -0.00113403 -0.000788973 -0.002281 -0.00175609 0.000391235 -0.00138201 -0.00322489 -0.0023887 -0.00239077 -0.00309128 -0.00316893 -0.00471334 -0.000990127 -0.00451249 -0.00255125 -0.00410678 -0.00344598 -0.0028313 0.000151492 -0.00328486 0.00222006 0.000435941 -0.00252196 -0.00186925 0.00024474 -0.000866128 -0.00133376 -0.00122508 -0.00121337 -0.00115454 -0.000818126 -0.000835093 -0.00129501 -0.0011126 -0.000538734 -4.80269e-05 -0.000265121 -0.00164132 0.000328593 -0.000913399 -0.000539923 -0.000490461 -0.000155132 -0.000941383 -0.000981709 -0.000893801 -0.00151736 -0.000815923 9.91697e-05 -0.000309292 -0.00059246 -0.00133116 -0.000549932 -0.000798322 -0.000655216 -0.00102777 -0.000571121 -0.00089152 -0.00122315 -0.000958055 -0.000734743 -0.00132148 -0.000961921 -0.00123026 -0.000817042 -0.000393527 -0.000158592 -0.000691232 3.58751e-05 -9.18202e-05 -0.000128686 -0.000796107 -0.000954391 -0.00159316 -0.000661344 -0.000611523 -0.00049951 -0.000531999 -0.000415429 -0.000583862 -0.00153775 -0.000700341 0.000395756 -0.000738585 -0.000392734 -0.000426412 -0.000192414 -0.000688533 -0.00123814 -0.000947238 -0.000938683 -0.000788425 -0.000803851 
-0.00180143 -0.00129771 0.000207186 -0.000881366 -0.001094 -0.00159472 -0.00113403 0.114166 -0.00242376 -0.00099469 -0.00151896 -0.00201896 -0.000685223 -0.000912853 -0.00453153 0.000971241 -0.00171646 -0.000308723 1.60137e-05 -0.00125304 -0.00330542 -0.00395046 -0.00375699 -0.00496283 -0.00266955 -0.0068766 -0.00162643 -0.00525199 0.00222824 -0.00367067 -0.000853024 -0.000297564 -0.00182348 -0.00130709 -0.000152273 0.000291982 -0.00148523 -0.000418721 -0.000142827 0.000266725 -0.00170179 -0.00177752 -0.00137803 -0.000851161 -0.0013591 0.000382642 0.000398418 -0.000882261 -0.00109202 -0.000429925 -0.00261665 -0.000365358 -0.000451393 -0.0014488 -0.00108511 -6.51785e-05 -0.001111 -0.00170572 -0.00135637 -0.00185757 -0.00144149 -0.00074608 -0.00128853 -0.00128951 -0.000989528 -0.00109714 -0.00133485 -0.000501185 -0.000424838 -0.000725619 -0.000940006 -0.00120233 -0.000172394 -0.000601862 -7.37675e-05 -0.000726999 -0.000748467 -0.000661609 -0.000851785 -0.000414295 -0.00101013 -0.00142907 -0.00172042 -0.00141794 -0.00174387 -0.00112846 -0.000211465 -3.88614e-05 -0.000367612 -0.000496742 0.00091684 -0.00107823 -0.00133924 -0.000227868 -0.000480131 0.000177589 -0.00134601 -0.00058479 -0.0014075 0.000491337 
-0.00164269 -0.000408774 -0.00149169 -0.000563621 -0.000478618 -0.0027935 -0.000788973 -0.00242376 0.122333 0.000454905 -0.00276683 -0.000693128 -0.000204381 -0.00207408 -0.00350495 -0.000198988 -0.00421901 -0.00371328 0.000247 0.00172752 -0.00357182 -0.00556204 -0.00451121 -0.0043514 -1.20674e-05 -0.00241105 -0.00239931 0.00083779 -0.00017004 -0.0057057 -0.00518635 -0.0017724 -0.00111754 0.000291887 -0.00104337 -4.72185e-05 -0.00142251 -0.00110189 -0.00032337 -0.000788294 -0.00165636 -0.00126761 -0.00136961 -0.00124196 -0.00282612 -0.00122277 -0.000376344 -0.00102398 -1.54561e-05 -0.000857265 -0.000633483 -0.00105152 -0.000262209 -0.00123208 0.000729463 -0.00149292 -0.000598987 -0.00115814 -0.000927587 -0.00106867 -0.000502307 -0.00198965 -0.000791628 -0.00134403 -0.00185613 -0.00107601 -0.000884691 -5.45484e-05 -0.0014078 -0.000106074 -0.00116647 -0.00105391 -0.00047697 -0.00175039 -0.00111293 -0.000307032 -0.000377141 -0.00150957 -0.00137459 -0.000203683 -0.000784727 -0.00120615 -0.00215387 -0.000415695 -0.000927014 -0.000699062 -0.00212448 -0.000507907 -2.11382e-05 -0.00115159 0.000292969 -0.00177611 -0.00118537 -0.00130762 -0.000215891 0.000355604 -0.00115926 -0.00135163 -0.000697186 -0.000492718 
-0.000923959 -0.00126276 -0.00191238 -0.00178921 0.00206005 -0.00109224 -0.002281 -0.00099469 0.000454905 0.11861 0.0028331 2.09383e-05 -0.00261888 -0.00317231 -0.00459708 -0.00323634 -0.00556528 -0.000181963 -0.00493128 -0.00166781 -0.00388155 -0.00388302 -0.00226861 -0.00626673 -0.00589896 -0.00342821 -0.0021366 -0.000703204 -0.0040342 -7.9287e-05 -0.00106001 -0.00249918 -0.00115213 2.96999e-05 -0.00112352 0.000250861 -0.00051583 -1.13772e-05 -0.00107449 -0.000311512 0.000531004 -0.000820809 -0.000472298 -0.00124666 0.000719616 -0.00101966 -0.00122915 1.9061e-05 -0.000174881 -0.000466265 -0.000543201 -0.000385145 8.30766e-05 -0.00166313 -0.000256858 -0.00232882 -0.00105022 -0.00185749 -0.00114057 -0.000552732 -0.000924103 0.000171354 -0.000875296 -0.000997683 -0.000612114 -0.000726326 -0.00053745 -0.00147941 -0.00224321 -8.09015e-05 -0.00210151 -0.000141306 -1.50375e-05 -0.00036947 -0.00121958 -0.00134401 -0.000979811 -0.000807058 -0.000863738 -9.50424e-05 -0.00058046 -0.000168247 7.24064e-05 -0.00103726 -0.000591978 -0.000916742 0.000283155 -0.00087139 -0.0010711 -0.00154333 -0.00197344 -0.000473943 -0.00101343 -0.00295392 0.00025214 0.000314651 -0.00134208 -0.000604636 -0.00157071 -0.00181654 
-0.00140326 -0.0022928 -0.00271208 -0.00226773 -0.00162412 -0.00172849 -0.00175609 -0.00151896 -0.00276683 0.0028331 0.151873 -0.00102595 0.00306625 0.000515735 -0.00512837 -0.000612397 -0.00397363 -0.00140648 -0.00562298 0.00276565 -0.00633207 -0.00174807 -0.00767789 -0.00728932 -0.00610758 -0.00649668 -0.00375517 -0.00761681 -0.00457737 0.00266934 -0.00191591 -0.000903955 -0.0019157 -0.000347356 -0.00271347 -0.000526945 -0.00160789 -0.000377246 -0.00116883 0.000205426 -0.00196921 7.80104e-05 -0.000195536 -0.000818033 0.00102698 -0.00247107 -0.00131531 0.00065082 -0.000172271 -0.00244514 0.000496454 0.000250364 -0.00225293 -0.00124373 0.000188422 -0.00271727 -0.00131087 -0.00163413 -0.000413913 -0.00177884 -0.00105126 -0.00180589 -0.000314119 -0.000899129 -0.00193249 -0.000803353 -0.00138123 -0.000701943 -0.00162119 -0.00144511 -0.00251017 -0.000689212 -0.00100399 -0.000994331 -0.00133385 -0.00203792 -0.00171226 -0.00107717 -0.000667214 -8.71273e-05 -0.00077743 -7.12444e-05 -0.0026287 -0.000664226 -0.000517459 -0.000496748 -0.00103147 -0.00020523 -0.00136557 -0.000600409 -0.00189103 -0.00250384 -0.0024875 -0.000600331 -0.000730968 -0.00170573 -0.00205059 -0.000264496 -0.00127116 -0.00102975 
0.000253184 -0.001215 -0.00128032 -0.000694984 -0.00110894 -0.00234687 0.000391235 -0.00201896 -0.000693128 2.09383e-05 -0.00102595 0.155308 -0.00286183 0.000536484 -0.00100985 -0.00136295 -0.00477648 -0.00325495 -0.00171746 -0.00436267 -0.00352486 -0.00498097 -0.007997 -0.00688827 -0.00502456 -0.0101653 -0.00256452 -0.00299226 -0.00273767 -0.00352214 0.000973071 -0.000252158 -0.00448925 0.00106338 -0.00212281 -0.0020122 -0.00136642 -0.000696248 -0.00326152 -0.00180093 -0.00263834 -0.000287266 -0.000610078 7.32139e-05 -0.000275308 -0.00130801 -0.00198938 -0.000961616 -0.00155438 -0.000851047 -0.00132878 -0.00101811 -0.00213671 -0.00154452 -0.0022353 -0.00193526 -0.00114747 -0.00106947 -0.00244352 -0.00153048 -0.000603272 -0.00139723 -0.00075269 -0.000415369 -0.000952161 -0.000822587 -0.00214063 -0.002165 -0.00115136 -9.48447e-05 0.00080676 2.98959e-06 -0.00159211 -0.000329708 -0.000353123 -0.00148324 -0.000843081 -0.000835629 -0.00105936 -0.00025365 -0.000646219 -0.00103812 -0.00109676 -0.00144169 -0.00147202 -0.000899586 -0.000201409 -0.00234775 -0.000444212 -0.000527392 -0.00142676 0.000518489 -0.000514901 -0.001647 -0.000321147 -0.00155948 -0.00156784 -6.15577e-05 -0.00150452 -0.000989802 
-0.00132572 -0.00125676 -0.000890957 -0.002493 -0.00226665 -0.00426421 -0.00138201 -0.000685223 -0.000204381 -0.00261888 0.00306625 -0.00286183 0.190012 -0.00252112 -0.0051191 0.000893616 -8.43399e-05 -0.00487557 -0.00344999 -0.00422488 -0.00737322 -0.00883341 -0.00643343 -0.00267256 0.000185765 -0.0106112 -0.0094599 -0.00519421 -0.00149741 -0.00518699 -0.00344144 -0.0019707 -0.00206175 -0.00110579 -0.0018087 -0.00119284 -0.0019552 0.000716825 -0.000145586 0.000492232 -0.000958327 -0.00218338 0.000725692 -0.00134432 -0.00303304 -0.00172112 -0.00161446 -3.82855e-05 -0.00142083 -0.001242 -0.00300365 -0.00211343 -0.000505319 0.000190369 -0.000844048 -0.000978678 -0.000274473 -0.00255982 -0.00296566 -0.000872353 -1.7642e-05 -0.0013378 -0.00202865 -0.00104179 -0.00190864 -0.000978786 -0.000615875 -0.00121856 -0.00262003 -0.00236656 -0.00215537 -0.00239874 -0.000373006 -0.000928943 -0.00202416 -0.00136595 0.000282605 -0.00212485 -0.000957816 -0.00172268 -0.0022333 -0.00202932 -0.00144359 -0.000967827 -0.00128587 -0.000480291 -0.000378531 -0.00240564 -0.00121501 -0.000581645 -0.00241767 -0.00378393 -0.00135947 -0.00114096 -0.00295381 -0.000844208 -0.000546839 -0.00052489 -0.000577083 -0.00206784 
-0.00132755 -0.00167411 -0.00146971 -0.00112243 -0.00180767 0.000272431 -0.00322489 -0.000912853 -0.00207408 -0.00317231 0.000515735 0.000536484 -0.00252112 0.207915 -0.00306207 -0.00691361 -0.00628757 0.001425 -0.00517033 -0.00755475 -0.00619815 -0.00797054 -0.00517276 -0.00469388 -0.00358593 -0.00510857 -0.00204352 -0.00222491 -0.00248944 -0.00658991 0.00131982 -0.00680395 -0.0045047 -0.00382661 -0.00223172 0.000622904 -0.000726008 -0.00255199 -0.00311305 -0.00252249 -0.00213261 -0.00157453 -0.00390022 -0.00193116 -0.000371432 -0.00139099 -0.00197 -0.00125696 -0.00186577 -0.00130992 0.00240899 -0.000954744 -0.00167659 -0.00195775 -0.00220407 -0.000593488 -0.000361018 -0.00209299 -0.00115911 -0.00167345 -0.000656273 -0.000583292 -0.00295209 -0.000765273 -0.000965494 -0.00283276 -0.00203226 -0.00217295 0.000321474 -0.00166662 -0.00452872 -0.00141524 -0.0019435 -0.00368194 -0.00100332 -0.00275326 -0.000303813 -0.000567672 -0.000971943 -0.00150194 -0.000813076 -0.00157364 -0.00228403 -0.00219311 -0.000484471 -0.000250108 0.000117746 -0.000196776 -0.00110415 -0.00208967 -0.00351081 -0.000268443 -0.001317 -0.00143363 -0.00285976 -0.00235384 0.000750945 -0.00274182 -0.00175938 -0.00464406 
-0.000586167 -0.00291107 -0.00248447 -0.00177538 -0.00495653 -0.000692982 -0.0023887 -0.00453153 -0.00350495 -0.00459708 -0.00512837 -0.00100985 -0.0051191 -0.00306207 0.232191 -0.00693366 -0.00935579 -6.44299e-06 0.00345393 -0.00668924 -0.00021647 -0.00668708 -0.00486035 -0.00338028 -0.0051339 -0.00430652 -0.00229596 0.00138669 -0.00682084 -0.00678226 0.000673261 -0.00129992 -0.00275057 -0.00148221 -0.00554951 -0.00251447 -0.00143405 -0.00195945 -0.00215171 -0.00328972 -0.00251738 -0.00309866 -0.000889903 -0.001955 -0.000601242 -0.00100122 -0.00195373 -0.00280048 -0.00302434 -0.00288879 -0.00193868 -0.00227359 -0.000255647 -0.00235122 -0.000445968 -0.00251976 5.20158e-05 -0.00264062 0.00228287 0.000157281 -0.00121599 -0.00199814 -0.00122776 -0.00346199 -0.00229277 -0.000633568 -0.00157277 -0.00294323 -0.00143017 -0.00330074 -0.00336304 -0.00238711 -0.00213497 -0.00093002 -0.00296049 -0.00101167 -0.00246925 -0.0018969 -0.0018898 -0.00147397 -0.00254149 -5.68863e-05 -0.000138044 -0.00095532 -0.00309716 -0.00236319 -0.00286778 -0.00199056 -0.000794052 -0.00195158 -0.00155049 -0.0036656 -0.0020508 -0.00127087 -0.00126447 -0.00198836 -0.00281909 -0.00169571 -0.0012929 -0.00344318 
-0.00333928 -0.00321175 -0.00449425 -0.00101298 -0.000413496 -0.00563381 -0.00239077 0.000971241 -0.000198988 -0.00323634 -0.000612397 -0.00136295 0.000893616 -0.00691361 -0.00693366 0.238725 -0.00138759 0.000360497 -0.00101797 0.00423271 -0.00155957 -0.0124666 -0.00709706 -0.00896439 -0.00480197 -0.000140411 -0.00709874 -0.00663114 -0.00160669 -0.00438177 -0.00660344 -0.00198794 -0.00307156 -0.00416408 -0.00180653 -0.00113651 -0.00367995 -0.00257463 -0.00300611 -0.000914432 -0.000913216 0.000363516 -0.00333935 -0.00314613 -0.000417091 -0.00336749 -0.00305444 -0.00108484 -0.00314247 -0.00395962 -0.00288823 -0.00241738 -0.00125176 -0.00217452 8.57881e-05 -0.00318243 -0.00189753 -0.0037182 -0.000605939 -0.00403219 -0.00170797 -0.00289437 -0.000731126 -0.00227661 -4.51631e-07 -0.00186101 0.000624989 -0.002089 -0.000403998 -0.00332613 -0.00434015 -0.00188902 -0.00160336 -0.003368 -0.00179226 -0.00183868 -0.00116756 -0.00173493 -0.00301227 -0.00223491 -0.0017328 -0.00364716 -0.0032915 -0.00218335 -0.000210442 -0.000944197 0.000816149 -0.00319904 -0.00186932 -0.00247322 -0.0017157 -0.000465167 -0.00241266 -0.000976588 -0.00349313 -0.00121096 -0.00219378 -0.00239625 -0.00309699 -0.000843483 
-0.00538644 0.000675549 -0.00108308 -0.00305536 -0.00455659 -0.00076506 -0.00309128 -0.00171646 -0.00421901 -0.00556528 -0.00397363 -0.00477648 -8.43399e-05 -0.00628757 -0.00935579 -0.00138759 0.248659 -0.00431255 -0.0025863 -0.00706453 0.00135093 0.00549452 -0.00572142 -0.00795004 -0.000734658 -0.00919598 -0.00846417 -0.00515457 -0.00273655 -0.00263847 0.000537738 -0.00280004 -0.00274764 -0.00391165 -0.00334417 -0.00363678 -0.00389884 -0.00262183 -0.00524928 -0.00190732 -0.00165223 -0.00163605 -0.00419882 -0.00167063 -1.22834e-06 -0.0015841 -0.00140461 -0.000513789 -0.000489419 -0.00160633 -0.00436507 -0.00118336 -0.00189021 -4.67222e-05 -0.00390544 -0.00168176 -0.00345382 0.000112602 -0.00355374 -0.00314785 -0.00216357 -0.00247538 -0.00133533 0.00122069 -0.00303352 -0.000237746 -0.00216657 -0.000470999 -0.0010893 -0.00194244 -0.00189016 -0.00183105 -0.00270417 -0.00194451 -0.00172376 -0.00309312 -0.00149848 -0.00271258 -0.0045266 -0.00435628 -0.00142296 -0.000663693 -0.00158095 -0.00187351 -0.00213438 -0.00220279 -0.00181062 -0.00587632 -0.00106024 -0.00313017 -0.00158202 -0.00141959 -0.000507952 -0.00172512 0.000169181 -0.00476291 -0.00220759 -0.000171908 -0.00245731 -0.00046832 
-0.00494346 -0.0032671 4.07853e-05 -0.000373617 -0.00245305 -0.0016049 -0.00316893 -0.000308723 -0.00371328 -0.000181963 -0.00140648 -0.00325495 -0.00487557 0.001425 -6.44299e-06 0.000360497 -0.00431255 0.249929 -0.00188049 -0.00437669 0.00263558 0.000827293 -0.00682679 -0.00622545 -0.00486175 -0.00523381 -0.0071496 -0.00551187 -0.00848574 -0.00436807 -0.00303042 -6.10777e-06 -0.00343202 -0.00436699 -0.00118854 -0.00202464 -0.00480633 -0.00147039 -0.00293881 -0.000165542 -0.00331019 -0.00113423 -0.00358591 -0.0021275 -0.00101892 -0.00112972 -0.00256686 -0.000622957 0.000588817 -0.00207625 -0.00127519 -0.00319155 -0.00156307 -0.00303496 -0.00189317 -0.00108077 -0.00299419 -0.00186851 -0.00454987 -0.0032873 -0.00328619 -0.0015633 -0.00285086 -0.00109823 -0.00270641 -0.0037729 -0.00115507 -0.00320139 -0.00515088 -0.00300669 -0.00404138 -0.00117301 -0.00451436 -0.00231494 -0.00273504 -0.00176192 -0.00123654 -0.00244063 -0.00189846 -0.00145655 -0.00179799 -0.00350326 -0.00238474 -0.00292373 -0.00201108 -0.00239332 -0.00258738 -0.00416184 -0.0022039 -0.00290171 -0.00413395 -0.00117758 -0.00222355 -0.00310513 -0.00111078 -0.00158831 -0.00382119 -0.00151034 -0.00109708 -0.00327366 
-0.00168192 -0.000414409 -0.00453571 -0.000405471 -0.00227843 -0.00074391 -0.00471334 1.60137e-05 0.000247 -0.00493128 -0.00562298 -0.00171746 -0.00344999 -0.00517033 0.00345393 -0.00101797 -0.0025863 -0.00188049 0.248347 -0.00437307 -0.00684308 0.00791463 -0.00380779 -0.0084928 -0.00309636 -0.00819763 -0.00373871 -0.00786976 -0.00627925 -0.00319447 -0.00235101 -0.00326018 -0.00454771 -0.00476268 -0.007077 -0.0025895 -0.00391545 -0.00130798 -0.00461115 -0.000835746 -0.00268726 -0.000496704 -0.00228569 -0.00247794 -0.00415301 -0.00167918 -0.00197689 -0.00182344 -0.00247649 0.000351275 -0.004937 -0.00328154 0.000227276 -0.0012068 -0.00182881 -0.00400717 -0.00218728 -0.00261661 -0.00479512 -0.00214811 -0.001464 -0.0025014 -0.0014159 -0.00523767 -0.000187956 -0.00120785 -0.00151822 -0.000660355 -0.00251953 -0.00219264 -0.00308841 -0.0025294 -0.00130083 -0.00267465 -0.0030319 -0.00181326 -0.00258646 -0.00237332 -0.00126671 -0.00249268 -0.00286718 -0.00142997 -0.00273112 -0.00295607 -0.00223393 -0.00210963 -0.000208909 -0.00248252 -1.73063e-05 -0.00136259 -0.00181762 -0.00101473 -0.00382774 -0.00364788 -0.00059414 -0.00145326 -0.00184787 -0.00353456 -0.00130844 -0.00168192 
-0.0030107 -0.00123755 -0.00294487 -0.00363232 0.00141481 -0.00199826 -0.000990127 -0.00125304 0.00172752 -0.00166781 0.00276565 -0.00436267 -0.00422488 -0.00755475 -0.00668924 0.00423271 -0.00706453 -0.00437669 -0.00437307 0.249285 -0.0105953 -0.00276727 -0.0108084 0.00139989 -0.00674088 -0.00575239 -0.0115634 -0.00815374 -0.00792218 -0.00434286 -0.00656725 -0.00700707 -0.00627464 -0.00342398 -0.00198486 -0.00268272 0.00153951 -0.00269543 -0.000729986 -0.00130155 -0.00327934 -0.00142366 -0.000216356 -0.000328208 -0.00398532 -0.00217535 -0.000573878 -0.00222306 -0.00310191 -0.00154927 0.0019688 -0.00326648 -0.00244317 -0.00194288 -0.00191422 -0.00522407 -0.00361596 -0.000361361 6.42409e-06 -0.00279034 -0.00195623 -0.00316072 -0.00210079 0.000888457 -0.00294617 -0.00140213 -0.00117105 -0.00153119 0.000948311 -0.00107198 -0.000391729 -0.00260425 -0.00393055 -0.0035557 0.000909339 -0.000397979 -0.00103324 -0.0025186 -0.00292396 -0.000292114 -0.00199832 -0.00410059 -0.00105229 -0.000289247 -0.00216171 -0.000757206 -0.00135401 -0.0020803 -0.000521398 -0.000693347 -0.0025202 -0.00454863 -0.00346792 8.92178e-05 -0.00118361 -0.00147898 -0.00211184 -0.00367536 -0.0017739 -0.00130953 
-0.00345462 -0.00294245 -0.00277456 -0.00154376 -0.0032389 -0.000831259 -0.00451249 -0.00330542 -0.00357182 -0.00388155 -0.00633207 -0.00352486 -0.00737322 -0.00619815 -0.00021647 -0.00155957 0.00135093 0.00263558 -0.00684308 -0.0105953 0.246534 -0.00820273 -0.00243241 0.00302751 -0.00639699 -0.00167993 -0.00567373 -0.00141354 -0.00689501 -0.00187964 -0.00475473 -0.00282623 -0.00426711 -0.00213469 -0.00363323 -0.00247275 -0.0013274 -0.00112042 -0.00152885 -0.0035611 -0.000960718 -0.00538812 -0.00249069 -0.00151592 0.000852711 -0.00481476 -0.00411127 -0.00478332 -0.00239778 -0.00173101 -0.000500318 -0.00264881 -0.00145377 -0.000832972 -0.00246354 -0.00267744 -0.00242764 -0.000411442 -0.00280251 -0.00138894 -0.000422646 -0.000703079 -0.00127348 -0.00283901 -0.00190953 -0.001582 -0.00179767 -0.00399694 0.000122168 -0.00253641 -0.00203266 -0.000913615 -0.00309472 -0.0011454 -0.000900953 -0.00139564 -0.000622045 -0.00284629 -0.00132753 -0.000903324 -0.000289699 -0.00281274 -0.00213379 -0.00216328 -0.00155978 -0.000810614 -0.00219975 -0.0017261 -0.0026772 -0.00278846 -0.000922365 -0.00275603 -0.00276177 -0.00317923 0.000502274 -0.00235715 -0.00441702 -0.00392811 -0.000823621 -0.00177476 
-0.00373185 -0.0026336 -0.000118781 -0.00425881 -0.00449422 -0.00120099 -0.00255125 -0.00395046 -0.00556204 -0.00388302 -0.00174807 -0.00498097 -0.00883341 -0.00797054 -0.00668708 -0.0124666 0.00549452 0.000827293 0.00791463 -0.00276727 -0.00820273 0.249841 -0.00774234 -0.0099902 -0.00642342 -0.00345527 -0.00136139 -0.0061373 -0.00831522 -0.00653065 -0.00303913 -0.00693184 -0.00247173 -0.000200678 -0.0032213 -0.00254293 -0.00104033 0.000576129 -0.00161927 -0.000826863 -0.00253436 -0.00239445 4.97837e-05 -0.00187138 -0.00382237 -0.00213522 -0.0025665 -0.00222938 -0.000397081 -0.000322807 -0.0011137 -0.00190154 -0.00180806 -0.00249581 -0.00127079 -0.00348368 -0.00122134 -0.000596101 -0.000754487 -0.000472156 -0.00258303 -0.00251988 -0.00180413 0.00011308 -0.00268876 -0.00240714 0.00104248 -0.000822482 -0.00290241 -0.000925655 -0.00279372 -0.000667804 -0.00044471 -0.00136912 -0.00318664 0.000248835 -0.00148381 -0.00262452 -0.00304145 -0.00316057 -0.00358855 -0.00126226 -0.00178513 -0.00251046 -0.0033987 -0.00233063 -0.00223131 -0.00121715 -0.000623227 -0.00269833 -0.000602209 -0.00183996 -0.000256568 -0.000452496 -0.00307139 -0.00263161 -0.00413989 -0.00222586 -0.00197306 -0.000560171 
-0.0026159 -0.00473656 -0.00243604 -0.00230513 -0.00199638 0.00266711 -0.00410678 -0.00375699 -0.00451121 -0.00226861 -0.00767789 -0.007997 -0.00643343 -0.00517276 -0.00486035 -0.00709706 -0.00572142 -0.00682679 -0.00380779 -0.0108084 -0.00243241 -0.00774234 0.249999 0.00683797 -0.00228589 0.0118545 -0.00777274 -0.00170115 -0.00378529 -0.000547859 -0.0110742 -0.0024971 -0.000536184 -0.00427057 -0.00328147 -0.00366563 -0.00476048 -0.000843045 -0.00239083 -0.00176708 -0.00239106 -0.00120259 -0.0034719 -0.0024536 0.000421867 -0.00171071 0.000125678 -0.00185695 -0.00122428 -0.00369017 -0.00182629 -0.0012988 -0.00187699 -0.00212349 -0.00181333 -0.00302177 -0.00105939 -0.00249219 -0.00418311 -3.7337e-06 -4.77094e-05 0.000540444 -0.00022415 -0.00181395 -0.00233455 -0.00257814 -0.00456589 -0.00225239 -0.000610632 -0.00235219 -0.00176092 -0.000373329 -0.00076395 -0.000209873 -0.00345374 -0.00291352 -0.00240544 -0.00184504 -0.000495838 -0.00338068 -0.000645958 -0.00163085 -0.00216517 -0.00209897 -0.00160628 -0.00237845 -0.00447646 -0.00109799 -0.00250203 -0.00278442 -0.00491262 -0.0031437 -0.00419456 -0.00177336 -0.0016232 -0.00358649 -0.00122317 0.000500046 -0.00147058 -0.00105911 
-0.00150084 -0.00164164 -0.0017417 -0.00207143 -0.00361157 -0.00305999 -0.00344598 -0.00496283 -0.0043514 -0.00626673 -0.00728932 -0.00688827 -0.00267256 -0.00469388 -0.00338028 -0.00896439 -0.00795004 -0.00622545 -0.0084928 0.00139989 0.00302751 -0.0099902 0.00683797 0.249695 -0.00241133 -0.000478058 -0.0059196 0.000979225 -0.00405247 -0.00565937 -0.00768629 -0.00402148 0.00156785 -0.00467372 -0.00156699 -0.00393733 -0.00201564 -0.00234165 -0.000700986 -0.00136841 -0.000578317 -0.00443571 -0.00129652 -0.00332604 -0.00393985 -0.00265227 -0.00354982 -0.00204767 -0.00135734 -0.0015995 -0.00041969 -0.000968155 -0.000596967 -0.00326269 -0.00173662 -0.0022126 -0.00128679 -0.00198813 -0.00281403 -0.000266774 -0.00164173 -0.00155915 -0.00292475 -0.000202579 -0.00217534 -0.00286502 -0.00301665 -0.00290584 -0.00141149 -0.00148723 0.00105334 -0.00198809 -0.00308819 -0.00195332 -0.00291153 -0.00287989 -0.00367118 -0.00226169 -0.00127951 -0.00199 -0.00239948 0.00133026 -0.00261855 -0.00146375 -0.000263812 -0.00262688 -0.00469829 -0.00153893 -0.00412781 0.00113714 -0.000808579 -0.00471675 -0.00187941 -0.00107194 -0.0013137 -0.00108819 -0.00175024 -0.00138438 -0.00406896 -0.000625079 
-1.41192e-05 -0.00141113 -0.00182344 -0.000235317 -0.00293038 -0.00108375 -0.0028313 -0.00266955 -1.20674e-05 -0.00589896 -0.00610758 -0.00502456 0.000185765 -0.00358593 -0.0051339 -0.00480197 -0.000734658 -0.00486175 -0.00309636 -0.00674088 -0.00639699 -0.00642342 -0.00228589 -0.00241133 0.24445 -0.0108975 -0.00193895 -0.0033971 0.000408776 -0.00360737 -0.00396347 -2.64205e-07 -0.00428 -0.00460366 -0.000682544 -0.00365001 -0.0019983 -0.00421119 -0.00173246 -0.00111827 -0.00311133 -0.00291865 -0.003721 -0.000598085 -0.00384524 -0.00322255 -0.000522538 -0.00325607 -0.00197311 -0.0016262 -0.000251054 -0.00119413 -0.00286125 -0.00241462 -0.00381267 -0.000199397 -0.00091402 -0.00418531 -0.0021923 -0.00258516 -0.00324741 -0.00361511 -0.0029477 -0.00214169 -0.000938536 -0.000821408 -0.00279254 -0.00113069 -0.0020818 -0.00315294 -0.00272498 -0.00119514 -0.004482 -0.00108483 -0.00157 -0.00037869 -0.00155697 -0.00164106 -0.00385106 -0.00325859 -0.00122503 -0.00350096 -0.000887897 -0.00196223 -0.000542274 -0.00391729 -0.00167084 -0.00121675 -0.0018864 -0.00367075 0.000979766 -0.00233288 -0.00276572 -0.00261349 -0.00167501 -0.00316113 -0.000212545 0.000381747 -0.0011626 0.000611795 
0.000732133 0.000996516 -0.000576143 -0.00252435 -0.00274095 -0.00257323 0.000151492 -0.0068766 -0.00241105 -0.00342821 -0.00649668 -0.0101653 -0.0106112 -0.00510857 -0.00430652 -0.000140411 -0.00919598 -0.00523381 -0.00819763 -0.00575239 -0.00167993 -0.00345527 0.0118545 -0.000478058 -0.0108975 0.245229 -0.00191683 0.000882539 -0.000781524 0.000590041 -0.00656959 -0.00433384 -0.00384933 -0.00917048 -0.00151946 -0.00428552 -0.00368115 -0.00195708 -0.0011092 -0.00382705 -0.000297245 -0.00320822 -0.00383562 -0.00203254 0.00145324 -0.0013762 -0.00108294 0.000185326 -0.00107623 -0.00432587 -0.0048566 -0.00392382 -0.0012676 0.000358147 -0.00115462 -0.00123467 -0.000715687 -0.00165422 -0.00108501 -0.00174565 -0.00146019 -0.00228402 -0.000774423 -0.000501447 -0.00144427 -0.00187068 -0.00216488 -0.00330145 -0.00143851 -0.00222295 -0.00220608 -0.00107393 -0.000997569 -0.00205215 -0.00415478 -0.00212051 -0.00506609 -0.000332396 -0.000914028 -0.00222691 -0.00224082 -0.0013665 -0.00223024 -0.00201335 -0.0028859 -0.00291106 -0.00174939 -0.00323265 -0.00224897 -0.00148387 -0.00137419 -0.000151491 -0.00089468 -0.00328919 -0.00314392 -0.0030237 -0.00129514 -0.00184833 -0.00307324 -0.00264522 
-0.000170967 -0.00115464 -0.00185251 -0.00202981 -0.000797527 -0.00241845 -0.00328486 -0.00162643 -0.00239931 -0.0021366 -0.00375517 -0.00256452 -0.0094599 -0.00204352 -0.00229596 -0.00709874 -0.00846417 -0.0071496 -0.00373871 -0.0115634 -0.00567373 -0.00136139 -0.00777274 -0.0059196 -0.00193895 -0.00191683 0.21134 -0.00290243 -0.00819427 -0.0037166 -0.00130993 -0.00117478 -0.00481291 -0.00456352 -0.00146647 -0.00256324 0.000826661 -0.00294307 0.000213739 -0.0022677 -0.000836429 -0.00220062 -0.00117678 0.000245065 -0.00213389 -0.00191216 -0.00167326 -0.00222456 -0.000727487 0.000474657 -0.00392092 0.000382 0.000341965 -0.000816652 -0.00232295 0.000319531 -0.00169993 -0.00100542 -0.00154926 -0.000706945 -0.00254857 -0.00012668 -0.00103179 -0.00217207 -0.00260614 -0.000852557 -0.00211989 -0.00219205 -0.00417438 0.000193959 -0.00095532 -0.00146226 -0.00216444 0.00102519 -0.00139649 -0.000634626 -0.000935346 -0.000431985 -0.00166893 -0.00112833 -0.000791649 -0.00229413 -0.00288364 -0.00184221 -0.00169483 -0.00172397 -0.00219466 -0.000914933 -0.00224315 -0.000768361 -0.000511201 0.000112365 4.38159e-05 -0.00231551 -0.00210342 -0.000515987 -0.000662608 -0.000580465 -0.00083059 -0.000635049 
-0.00135304 -0.00381539 -0.00147899 -0.00285056 -0.00180897 8.92402e-05 0.00222006 -0.00525199 0.00083779 -0.000703204 -0.00761681 -0.00299226 -0.00519421 -0.00222491 0.00138669 -0.00663114 -0.00515457 -0.00551187 -0.00786976 -0.00815374 -0.00141354 -0.0061373 -0.00170115 0.000979225 -0.0033971 0.000882539 -0.00290243 0.209947 -0.00128516 -0.0063709 -0.00189682 0.00225927 0.00348065 0.000517577 -0.000511957 -0.00111993 -0.00239136 -0.00110219 -0.00278218 -0.00351474 -0.0018205 -0.00406005 -0.00217199 -0.00151468 -0.00210452 6.58901e-05 -0.00170295 -0.00452216 -0.00127333 -0.000165158 -0.00339525 -0.001819 -0.00304397 -0.00324742 9.22905e-05 -0.00271128 -0.00157983 -0.00246856 -0.00125217 -0.000633118 -0.00140209 -0.00259051 -0.00400715 -0.00145875 -0.00325707 -0.00215127 -0.00099823 -0.00123918 -0.00398753 -0.00273189 -0.00202245 -4.69918e-05 -0.000297057 -0.00303212 -0.0025842 -0.00346242 -0.00239137 -0.000609119 -0.00198646 -0.000295907 -0.000879506 -0.00170466 -0.00300015 -0.00205813 -0.00165696 -0.000859945 -0.0050371 -0.000171556 -0.00179697 -0.00281016 -0.00168445 -0.00257739 -0.00342787 -0.00330235 -0.00110107 -0.0019319 0.00047656 -0.000171991 -0.000848482 -0.00303843 
-0.00170544 -0.0014053 -0.000527638 -0.00101426 -0.0014048 -0.003557 0.000435941 0.00222824 -0.00017004 -0.0040342 -0.00457737 -0.00273767 -0.00149741 -0.00248944 -0.00682084 -0.00160669 -0.00273655 -0.00848574 -0.00627925 -0.00792218 -0.00689501 -0.00831522 -0.00378529 -0.00405247 0.000408776 -0.000781524 -0.00819427 -0.00128516 0.180568 -2.28635e-05 -0.00118673 -0.000927366 -0.000203494 -0.000449447 -0.00129976 -0.00154154 -0.0023295 -0.00220763 -0.000538307 -0.000465696 -0.00242877 -0.00211508 -0.00169078 -0.00207383 -0.00286303 -0.00258505 0.000349724 -0.00235258 -0.00308735 -0.00162629 -0.00272439 -0.000488196 -0.00120196 -0.00189932 0.000244629 -0.000294737 -0.000434552 -0.00273054 0.000180595 -0.00248431 -0.0027952 -0.000656353 -0.00187544 -0.0036745 -0.00127954 -0.00269713 -0.00116257 0.000115725 -0.000630881 -0.001463 0.000547642 -0.00210359 -0.000981595 -0.00238326 -0.00114404 -0.00288267 -0.000552578 -0.000739951 -0.00070503 -0.00168414 -0.00327336 -0.000248071 0.000523316 -0.000363283 -0.000726876 -0.000901345 -0.0013211 -9.6878e-05 -0.000765073 -0.000921203 -0.00136621 -0.000975457 -0.000182559 -0.00132928 -0.000787226 -0.00075327 -0.00121132 -0.00212507 -0.00243749 0.000128045 
-0.00142889 -0.0020987 -0.00228771 -6.70092e-05 -0.00104447 -0.00079052 -0.00252196 -0.00367067 -0.0057057 -7.9287e-05 0.00266934 -0.00352214 -0.00518699 -0.00658991 -0.00678226 -0.00438177 -0.00263847 -0.00436807 -0.00319447 -0.00434286 -0.00187964 -0.00653065 -0.000547859 -0.00565937 -0.00360737 0.000590041 -0.0037166 -0.0063709 -2.28635e-05 0.184177 -0.00215993 -0.000549508 0.00125535 -0.000280725 -0.00196235 -0.00213485 -0.00283357 -0.00152327 -0.00207798 -0.000749406 -0.00179658 -0.00227869 -0.000394151 -0.000248675 -0.00338373 -0.00216266 -0.000846629 0.000265293 -0.000821458 -0.00125218 -0.000745603 -0.000548117 -0.00190794 -0.00152681 -0.00071096 -0.00242351 -0.00266934 -0.00200078 -0.00121247 -0.00227451 -0.00116042 -0.000549116 -0.000218865 -0.0014331 -0.000950291 -0.00174509 -0.00156553 -0.000859598 -0.00167064 -0.000870058 -0.00155228 -0.000806896 -0.00150391 -0.00103257 -0.00138253 -0.0020092 -0.00162973 -0.000924616 -0.00184961 1.67279e-06 -0.0021314 -0.00231268 0.00116289 0.000366425 -0.00358742 -0.00262368 -0.000129307 -0.00280425 -0.00143934 -0.00168924 -0.00223571 -0.00115067 -0.000743073 -0.00285903 -0.00158791 -0.000331599 -0.0022689 -0.00168158 -0.00164873 -0.003036 
0.000109737 -0.000570121 -0.000937227 -0.00120881 -0.00254431 -0.00295076 -0.00186925 -0.000853024 -0.00518635 -0.00106001 -0.00191591 0.000973071 -0.00344144 0.00131982 0.000673261 -0.00660344 0.000537738 -0.00303042 -0.00235101 -0.00656725 -0.00475473 -0.00303913 -0.0110742 -0.00768629 -0.00396347 -0.00656959 -0.00130993 -0.00189682 -0.00118673 -0.00215993 0.159008 -0.00254257 -0.000830961 -0.000790201 -0.00123812 -0.0020598 0.00017212 -0.00060591 -0.00172337 0.000580845 -0.00291482 -0.00241183 0.000271332 -0.00212924 -0.00134873 -0.00133183 -0.0019122 -0.000492985 -0.00353813 -0.00125412 -0.00109275 -0.00283441 -0.00113196 0.00130145 -0.00171142 0.000459739 -0.00130818 0.000584279 -0.00229281 -0.000560978 -0.00132916 -0.00277309 -0.00144727 -0.00150661 -0.00174094 -0.00250347 -0.000214774 -0.000557255 -0.000882339 -0.00173207 0.000455771 -0.00104966 -0.000789974 -0.00122768 0.000119424 -0.0022364 -0.000146658 -0.00126693 -0.000180217 -0.00114645 -0.00127355 -0.00116823 -0.00073345 -0.000846774 -0.00144108 -0.000333978 -0.00178335 -0.000992261 -0.00139038 -0.000290514 -0.00113349 0.000688378 -0.00199394 -0.000669039 0.000280232 -0.000613368 -0.00289023 -0.00198681 -0.00086914 -0.00160704 
-0.000870822 -0.00117314 -0.00263788 -0.00249533 -0.000451513 -0.0023245 0.00024474 -0.000297564 -0.0017724 -0.00249918 -0.000903955 -0.000252158 -0.0019707 -0.00680395 -0.00129992 -0.00198794 -0.00280004 -6.10777e-06 -0.00326018 -0.00700707 -0.00282623 -0.00693184 -0.0024971 -0.00402148 -2.64205e-07 -0.00433384 -0.00117478 0.00225927 -0.000927366 -0.000549508 -0.00254257 0.126638 -0.00135362 -0.00015681 -0.00146246 -0.00167155 -0.00126038 -0.000212658 -0.00148739 -0.000615544 -0.000600113 -0.00144908 -0.000812774 -0.000799082 -0.000766601 -0.0013904 -0.00069645 -0.000579096 -0.00112312 0.000440324 -0.00155595 -0.00184482 -0.00101176 -0.000624047 -0.00103074 -0.000518365 -0.000913737 -0.00144322 -0.00187875 -0.000780939 -0.00137858 -0.000690314 -0.000354803 -0.00126512 -0.000838411 -0.000355178 -0.00202156 -0.000814838 -0.000615408 8.2401e-05 -0.00251423 -0.000200758 -0.000979022 -0.000628867 -0.00204697 -0.00182213 -0.000188582 -0.00031954 -0.00192504 -7.06551e-05 -0.00100655 -0.000588155 -0.000479224 -0.00075825 -0.000987901 -0.000665529 -0.000391642 -0.000632337 -0.000255235 -0.00102994 -6.20529e-05 -0.00150296 -0.000966664 -0.000272521 -0.00138936 -0.00183696 -0.000902167 -0.00115226 0.000449433 -0.00154551 
