0.0726169 -0.000280348 -3.08781e-05 0.00059098 -0.00048331 -0.00135095 -0.000938134 6.33876e-05 -0.000523606 0.000321159 -0.000606597 -0.00241332 -0.00150643 -0.000373811 -0.000399324 -0.00214006 -0.00372374 -0.00173333 -0.00246119 -0.00203023 -0.0020111 -0.00119837 -0.00274794 -0.00109091 -0.00353674 -0.00196805 -0.000581605 -0.00089345 -0.000634625 -0.0014387 -0.00170733 -0.0016881 -0.000213964 -0.000520577 -0.000867891 -0.000508051 -0.000139382 -0.000873745 -0.000852823 -0.000577277 -0.000357081 -0.00108133 -0.000282811 0.000111673 -0.00079919 4.02129e-05 -0.000831263 -0.000895538 9.8725e-05 -8.56056e-05 -0.00066895 -0.00123786 0.000293318 -0.000868969 -0.000619418 -0.000408637 -0.000396228 -0.000900406 -0.000577116 -0.00138883 -0.000966858 -0.000556124 -0.000308972 -0.000281205 -0.000788795 -0.000749267 -0.00115544 -0.000325123 -0.000586839 -0.0006553 -0.000130208 7.49395e-05 -0.000466124 0.000435514 -0.000788214 -0.000700319 -0.000717432 -0.0003031 -0.000187545 -0.000456169 -0.000210935 -0.000432961 -0.000648398 -0.000648442 -0.000243369 -0.000694417 -0.000467358 -0.000589874 -0.000520156 -0.000818456 3.25713e-05 -0.000751797 -0.000256607 -0.000483878 -0.00062626 -0.000133941 -0.000518672 7.20872e-05 1.41951e-05 -0.000151955 
-0.000280348 0.0832896 4.57901e-05 -4.86342e-05 -0.000693614 -0.00065332 -0.000466511 -0.000726127 -0.00149438 -0.00144251 -0.0010332 0.00047122 -0.00241862 0.000115198 -0.00116735 -0.00147334 0.000504741 -0.000721394 -0.00633151 -0.00209832 -0.00319892 -0.00228484 -0.00219691 -0.00104873 -0.00298549 -0.00185514 -0.00366312 -0.00222071 -0.000860207 -0.00213439 -0.00217854 -0.000337459 -0.00219504 -0.00111107 -0.00055909 0.000393417 -0.000431112 -0.000760467 -0.000993332 -0.000395075 -0.000933796 -0.00054143 -0.000857726 0.000165994 -0.000161735 -0.000117781 -0.000777885 -0.000391607 -0.000855716 -0.000865454 -0.000819558 -0.000822523 -0.000443735 -0.000880286 -0.000195854 -0.000685674 -0.000528175 -0.000274129 -0.00067739 -0.00136547 -0.00102187 -0.000612313 0.000159818 -0.000740283 -0.000174974 -8.00533e-05 -0.000572799 -0.000655428 -0.000696888 0.000116509 -0.00072253 -0.000352961 -0.000559858 -0.000929844 -0.00140366 -0.000970497 -0.000294515 -0.000790326 -0.00034757 -0.000980587 -4.4683e-05 0.000667915 -0.000689229 0.000154533 -0.000324857 -0.000480992 -0.00047919 -8.40964e-05 -0.000253648 -0.00104659 -0.00134846 -0.000573473 -0.000263908 -0.000893158 -0.000105282 -0.000759084 -0.00157302 0.000704332 -0.000880763 -0.000426943 
-3.08781e-05 4.57901e-05 0.0839867 -0.000430381 -0.00124861 -0.00110114 0.000109691 -0.000683868 -0.000743182 -0.000731594 -0.000987831 -0.000310344 -0.00236135 -0.000508634 0.000258028 -0.00168903 -0.00423429 -0.00256329 -0.00355185 -0.0022845 -0.00265203 -0.00236776 -0.00214207 0.00140788 -0.00478001 0.00111444 -0.002021 -0.00272737 -0.0010208 -0.00224951 -0.000971371 -0.00054134 0.00134269 -0.000491841 -0.000738952 -0.000909745 -0.000820789 0.000478133 -0.000470342 -0.000172959 -0.000150677 -0.00112384 -0.00102603 2.80656e-06 0.000111788 -0.000865195 -0.000458522 -0.00113151 -0.000770135 -0.00083327 -0.000659468 -0.000445079 -0.00100199 -0.000989805 0.000102833 -0.000736392 -0.000335708 -0.000911019 -0.000212225 -0.000557286 -0.000523057 -0.00053771 -0.000610551 -0.000698953 -0.000976213 -0.00104998 -0.00154526 -0.00158666 -0.000624971 -0.000180786 -0.000889091 -0.00120753 -0.00142877 -0.00050968 -0.000709901 -0.0011469 -0.00111729 -0.00130393 -0.000381846 -0.000272947 -0.000677855 -0.00115147 -0.000452985 -0.000907749 -0.000404821 0.000394744 0.000129361 -0.000616377 -0.000434056 -0.000554763 -0.0010549 -0.000468409 -0.000850294 -0.00059553 -0.000636934 -0.000121968 -0.000825018 -0.000934707 -0.00142051 0.000672263 
0.00059098 -4.86342e-05 -0.000430381 0.0881561 5.4233e-05 -0.000692821 0.000744823 -0.000289192 -0.000507652 -0.000812317 -0.00078122 -0.00216021 -0.00200396 -0.000748276 -0.00247065 -0.00517727 -0.00422534 -0.000347326 -0.000291204 0.000169005 -0.00176656 -0.00182084 -0.00201274 0.000897877 -0.000854546 -0.00375363 -0.00164748 -0.0033147 -0.00120177 -0.0015689 7.51668e-06 -0.00181499 -0.00144993 -0.0011944 -0.00166477 -0.00105319 -0.000844985 0.000126321 -0.000971717 -0.000994341 -0.000862819 -0.000758861 -0.000621177 -0.000894162 -0.000724862 -0.000431939 -0.000358201 -0.00111885 -0.000351633 -0.00146106 -0.00149091 -0.000949689 -0.000754259 -0.000487926 -0.000456126 -0.000565546 -0.000512158 -0.00112714 -0.000683246 -0.000454239 -0.00136625 -0.000776652 -0.000803286 0.00020179 -0.000812296 -0.0016055 -0.000918552 -0.00132986 -0.000673282 -0.000925344 -0.000413998 -0.000753473 -0.000472743 -0.000173356 -0.000414512 -0.00153841 9.90476e-05 -0.0010677 -0.000886841 -0.00100919 -0.000408609 -0.00069087 -0.000451372 -0.000440023 -0.000593572 -0.000742382 -0.00065114 -0.000959966 -0.000915865 -0.000300907 -0.00106956 -0.000979631 -0.000315893 -0.00103445 0.000282041 -0.000621346 -0.000237605 -0.000654564 -0.00100804 0.000668002 
-0.00048331 -0.000693614 -0.00124861 5.4233e-05 0.0960392 -0.000324123 -0.00217972 -0.000951368 -0.000325704 0.000880545 -0.00207758 -0.00366369 -0.00336627 -1.15978e-05 -0.00144024 -0.00499265 -0.00406099 0.00320589 -0.00344423 -0.00384341 -0.000101106 -0.00257545 -0.00337495 -0.00162374 -0.0031387 -0.00210483 -0.00086835 -0.00406715 -0.000443547 -0.00156918 -0.000138766 -0.000781176 -0.00153697 -0.00165774 -0.0023902 -0.00172943 -0.00160533 -0.00192459 -0.000876234 -0.000456776 0.0002541 -0.000559681 -0.000873946 0.000801079 -0.000436972 -0.000393735 3.87957e-05 -0.000576606 -0.00124938 3.40001e-05 -0.000597082 -0.000953919 -0.000198088 -0.00154529 -0.000778954 -0.00093377 -0.000724561 -0.000990685 -0.000539495 -0.000955299 -0.000712086 -0.000113132 -0.00110519 -0.0003765 -0.000291512 -0.000230543 -0.000573192 -0.000716972 -0.000445775 -0.000225997 -0.000504946 -0.000606217 -0.000724268 -0.000726459 -0.000366465 -0.000840491 -6.82044e-05 -0.00148848 -0.000167378 -0.000613305 -0.000898112 -0.00111783 -0.000607591 -0.00118819 -0.000415109 0.000273399 -6.56592e-05 -0.00179287 0.000296459 6.89155e-05 -0.0011468 -0.000803584 -0.00125472 -0.00068117 0.000206369 -0.000323649 -0.000706203 -0.00142428 -9.07679e-05 -0.000360508 
-0.00135095 -0.00065332 -0.00110114 -0.000692821 -0.000324123 0.105816 -5.90011e-06 -1.35384e-05 0.0015389 -2.15186e-05 -0.00306388 -0.00148667 -0.00144317 -0.00207961 -0.00335649 -0.000361075 -0.00324731 -0.00181964 -7.81705e-06 -0.00160376 -0.00304688 -0.00504582 -0.00053236 -0.00343696 -0.00131348 -0.00309049 -0.00135846 -0.00243867 0.000259748 -0.000851383 -0.00173731 -0.00284603 -0.00131113 -0.00104426 -0.00156511 -0.00164259 -0.00137687 -0.00162482 -0.000625699 -0.000135872 -0.00125219 -0.000687441 -0.000805171 -0.00158858 -0.000572482 -0.000540537 -0.00145917 0.000169038 0.000506976 -0.000239516 -0.000383541 -0.00154705 -0.000876068 -0.000644085 -0.000591622 -0.00143857 -0.000481108 -0.000242676 -0.000572529 -0.000897369 -0.00116764 -0.00128317 -0.000123524 -0.000891153 -0.00159179 -0.00068304 -0.00135495 -0.000937327 -0.00183511 -0.000354394 -0.0011882 -0.000405182 -0.00086269 -0.000812785 -0.00121531 -0.0015684 -0.000722098 -0.00111214 -0.001229 -0.00176109 -0.00127125 -0.000981158 -0.00101476 -0.000892663 -0.000671767 -0.000225589 -0.000146735 -0.00187362 -0.000804135 -0.00117338 0.000444127 -0.000155288 -0.000704982 -0.000254348 -0.00170735 -0.000985612 -0.00114616 8.54925e-05 -0.000898559 -0.000337507 
-0.000938134 -0.000466511 0.000109691 0.000744823 -0.00217972 -5.90011e-06 0.104089 -0.000200951 -0.000395948 -0.000427101 -0.000454452 -0.00213748 -0.00313843 -0.00042987 -0.00272949 0.000220493 -0.000575552 -0.00181222 -0.000917093 0.000552272 -0.00361392 -0.00340759 -0.00471467 -0.00544765 -0.00203497 -0.000298781 -0.00364616 -0.00262632 -0.00435689 -0.00311872 -0.000948908 0.00085646 -0.00106288 -0.00217811 -0.00124556 0.00052115 -5.23219e-05 3.12463e-05 -0.00153846 -6.06578e-05 -0.00143147 -0.000959379 -0.00122166 0.000226926 -0.00111631 -0.000541305 -0.000942659 -0.00117786 -0.000400082 -0.000830333 0.000331189 -0.00169006 -0.00109613 -0.00100505 -0.00170871 -0.000628087 -0.000564969 -0.000855806 -0.00168386 -0.00116509 0.0005886 -0.000743869 -0.000640623 -0.00185936 -0.00187896 -0.00170099 -0.000659542 -0.00105454 0.000410794 -0.000784006 3.18499e-05 -0.000699847 -0.000765362 -0.00037739 -0.00131018 -0.000641823 -0.000786075 0.000138911 -0.000911333 -0.000625752 -0.000400147 -0.000617186 -0.000962061 -0.00128033 -0.000678191 -0.00133339 -0.000849496 -0.001339 -0.00176285 -0.000785217 -0.00018217 -0.001585 -0.0014232 -0.0012939 -0.00147859 0.000314891 -0.000958259 -0.000434477 -0.000261301 7.68271e-05 
6.33876e-05 -0.000726127 -0.000683868 -0.000289192 -0.000951368 -1.35384e-05 -0.000200951 0.106793 0.000301039 -0.00125785 -0.000130786 -0.000124571 -0.00186326 -0.00232726 -0.00264663 -0.00342089 -0.0034757 -0.00445421 -0.00206459 -0.0026958 0.000368476 -0.00363567 -0.00577457 -0.00277441 -0.00296645 -1.48861e-05 -0.00387125 0.000628808 -0.00291544 -0.00272074 -0.0021836 -0.00269516 -0.00260201 -0.00179708 -0.000971624 -0.000943877 -0.000383449 -0.00134696 -0.00140603 -0.00140798 0.000241914 -0.000892087 -0.00041911 -0.000605281 -0.000937697 -0.000892183 -0.000611088 -0.00116351 -0.00115889 -0.000341689 -0.000419189 -0.00162782 -0.000431747 -0.00152895 0.000230719 -0.000715522 -0.000906197 -0.00107276 0.000171124 -0.000519133 -0.000953501 -0.000775375 -0.000152943 -0.000823472 -0.00110321 -3.02788e-05 -0.00178011 0.000442256 -2.91943e-05 -0.000626907 -0.000682615 -0.00127749 -0.00106856 -0.00026622 -0.0011771 -0.000255239 -0.00044404 -0.000329753 -0.000315724 -0.001104 -0.000544954 -0.000950196 -0.000875459 -0.00117447 -0.000179219 -0.000966998 -0.000707111 -0.000745147 -0.000505536 -0.000323407 -0.00105845 -0.0011333 -0.000456524 -0.00153296 2.28944e-05 -0.00124886 -0.00045738 -0.00050164 -0.000987107 0.000260978 
-0.000523606 -0.00149438 -0.000743182 -0.000507652 -0.000325704 0.0015389 -0.000395948 0.000301039 0.107789 0.000978841 -0.000534823 -0.00095928 -0.000876314 -0.00483041 -0.0029486 -0.00205457 -0.00130672 -0.00166244 -0.00293147 -0.0031451 -0.0037985 -0.000729488 -0.00548336 -0.00124185 -0.00409743 -0.00227084 -0.00355872 -0.00196204 -0.00259042 -0.000379572 -0.000543022 -0.0012293 -0.000117962 -0.0028608 -0.00153722 0.000198171 -0.0012137 -0.0027145 -0.00179514 -0.00142134 -0.00105952 -4.08681e-06 -0.000438051 -0.00116693 -0.000494945 0.000254277 -0.000653878 -0.000223799 -0.00018722 -0.00139408 -0.000708497 -0.000588883 -0.000677482 -0.0010461 -0.00210942 -0.00119624 -0.000965441 -0.00118764 -0.000346315 9.15747e-05 -0.00152361 -0.000836626 -0.00147271 -0.0013505 -0.00103234 -0.000921299 -0.000992537 -0.000247197 -0.000643254 -0.00114731 -0.00102335 -0.000350809 -0.00106508 -0.000236893 -0.000241783 -0.00123753 -0.0012332 -9.23982e-05 -0.000926466 -0.000820595 0.000372139 -0.000960188 -0.00076729 -0.0010053 -0.000548138 -0.00116074 -0.000481489 0.000777835 -0.00116984 -0.00139188 0.000207467 -0.000788351 -0.00121973 -0.00153517 -0.000964538 -0.000980229 -0.000535005 -0.000116459 -0.00136741 -0.000887725 
0.000321159 -0.00144251 -0.000731594 -0.000812317 0.000880545 -2.15186e-05 -0.000427101 -0.00125785 0.000978841 0.153919 -0.00122127 -0.00217402 -0.00226211 -0.00647261 -0.00105596 -0.00792299 -0.00267565 -0.00430201 -0.00416395 -0.00430238 0.000629412 -0.00635395 -0.00455319 -0.00431092 -0.00390175 -0.00150058 -0.000603665 -0.00288273 0.00150365 -0.00345372 -0.00562848 -0.00190931 -0.000837947 -0.00328376 -0.00328889 -0.00192211 -0.000461714 0.000186757 -0.0015381 -0.00161702 -0.00135808 -0.00128081 -0.000712444 0.000370511 -0.00123847 -0.000156977 -0.00223857 -0.00185615 -0.00203932 -0.00145704 -0.00118437 -5.00356e-06 -0.00128831 -0.000679915 -0.000679085 -0.00098513 -1.91141e-05 0.000559166 -0.000119197 -0.000767523 -0.00277843 -0.000390112 -0.00075184 -0.000974962 -0.00148589 -0.000891873 -0.000631033 -0.00217317 -0.00180805 -0.000824996 -0.00189311 -0.000422926 -0.000134047 -0.000720625 -0.00189914 -0.00240911 -0.00110271 1.27376e-05 -0.000433112 -0.00190059 -0.00154298 -0.00229077 -0.000678039 -0.00291169 -0.0018454 -2.09793e-05 -0.00113426 -0.00237712 -0.00100287 -0.000888387 -0.00197569 -0.00185015 -0.00168775 -0.00165379 -0.00148098 -0.0019849 -0.000930483 -0.00091824 7.32879e-05 -0.00127568 
-0.000606597 -0.0010332 -0.000987831 -0.00078122 -0.00207758 -0.00306388 -0.000454452 -0.000130786 -0.000534823 -0.00122127 0.152175 -0.000173631 -0.000390798 -0.00691614 0.000930484 0.000236499 -0.0049212 -0.000615796 -0.00373654 -0.00251338 -0.00884472 -0.00845676 -0.00346059 -0.00158837 -0.00958662 -0.00149865 -0.00236738 -0.001755 -0.00538715 -0.00172736 -0.0039322 -0.000748722 -0.00336459 -0.0038721 -0.00206457 -0.000235264 -0.00194675 -0.00178803 -0.00184521 -0.00137347 -0.00175889 0.000408315 -0.000448831 -0.000955985 -0.00348203 -0.000524337 0.000116299 -0.0022443 -0.00253423 -0.00132711 0.00151696 -0.00222225 0.00048641 -0.00186225 -0.000566325 -0.00144509 -6.93966e-05 0.000366189 -0.000439635 -0.00142658 -0.0010267 -0.00128427 -0.00107725 -0.000588482 -0.00069129 -0.0007077 -0.000624331 -0.00199132 -1.81723e-05 -0.00321868 -0.00111095 -0.00118745 -0.00237892 -0.00212254 -0.00175444 -0.00326262 -0.00100436 -0.001444 -0.00128982 -0.00193715 -0.00091803 -0.000959645 0.000181983 -0.00154966 -0.000841105 -0.00100269 -0.000766374 -0.000189901 -0.000635832 -0.000221848 -0.000892903 0.000952815 -0.00080299 0.000100135 -0.00063627 -0.000165284 -0.000276067 -0.000443532 -0.00108571 -5.25236e-05 
-0.00241332 0.00047122 -0.000310344 -0.00216021 -0.00366369 -0.00148667 -0.00213748 -0.000124571 -0.00095928 -0.00217402 -0.000173631 0.167931 -0.000839107 0.00144866 -0.00143942 0.00576258 -0.00406073 -0.00390963 -0.00598866 -0.00747151 -0.00790883 -0.00251432 -0.000867869 -0.00404601 -0.00372706 -0.00353853 -0.00321049 -0.00550462 -0.00237177 -0.00637626 0.00143179 -0.00210019 -0.0017444 -0.00146726 -0.00232587 -0.00224255 -0.00180459 -0.00291219 -0.000576997 -0.00250731 -0.000671837 -9.73371e-05 -0.00145025 -0.000669991 -0.00233373 -0.0017042 -0.000516155 -0.00187153 -0.00151653 -0.00200087 -0.000871469 -0.00229097 -0.00148288 -0.00170359 -0.00247561 -0.000488623 -0.00217261 -0.00129769 -0.000762034 -0.00039845 -0.00225947 -0.00148074 -0.000468138 -0.00180439 -0.00103006 -0.000356266 -0.00145714 -0.00134835 -0.000977333 -0.00151543 -0.000320006 -0.00196144 -0.00259742 -0.00164999 -0.00320844 -0.0020105 -0.00135501 -0.00187346 -0.00118287 -0.00149441 -0.000694903 -0.00178037 2.42465e-06 -0.000151093 -0.000796656 -0.00116335 -0.00114299 0.00043661 -0.000916644 -0.00169531 0.000529169 -0.00155635 -0.00073698 -0.00125456 -0.00222426 -0.00300623 -0.00233945 -0.00125709 -0.000567331 -0.00254278 
-0.00150643 -0.00241862 -0.00236135 -0.00200396 -0.00336627 -0.00144317 -0.00313843 -0.00186326 -0.000876314 -0.00226211 -0.000390798 -0.000839107 0.180737 0.000156649 -0.00174829 2.55912e-05 -0.00415649 -0.00403091 -0.00494721 -0.0051806 -0.00682359 -0.00450298 -5.78922e-05 -0.00217837 -0.00381319 -0.00510936 0.0020049 -0.00154537 -0.00530199 -0.00119957 -0.00522499 -0.00278943 -0.0011072 -0.00249899 -0.00346978 -0.000375677 -0.00126631 -0.00314895 -0.00142707 -0.00124913 -0.0024041 -0.000956007 -0.00258295 -0.00141392 -0.000658272 5.85073e-05 -0.00116804 -0.00185838 -0.000796486 -0.00154585 -0.00104412 -0.00222182 -0.00116797 -0.00167345 -0.00272055 -0.000618208 -0.000490974 0.000477445 -0.000653699 -0.00454691 -0.000933368 -0.00149329 -0.000381928 -0.00143219 -0.000497961 -0.00239372 0.00139299 -0.00227652 -0.000143018 0.00053377 -0.00193428 -0.00183462 -0.00146772 -0.00122276 -0.00118436 -0.00228761 0.000294559 -0.00337219 -0.00233672 -0.00315173 -0.00170656 -0.0032687 -0.00167177 -0.00192658 -0.00156528 -0.00117838 -0.00115126 -0.00155678 -0.00233244 -0.00150803 -0.00312104 -0.00209201 -0.00164186 1.40974e-06 -0.000797224 -0.00228382 -0.00103409 4.05686e-05 -0.00402223 -0.000376609 
-0.000373811 0.000115198 -0.000508634 -0.000748276 -1.15978e-05 -0.00207961 -0.00042987 -0.00232726 -0.00483041 -0.00647261 -0.00691614 0.00144866 0.000156649 0.211703 0.00212911 -0.00549051 -0.00261187 6.62864e-05 -0.00369252 -0.00439814 -0.00415348 -0.0069834 -0.00745358 -0.00660933 -0.0108961 -0.00461267 -0.000672062 -0.00361571 -0.000486199 -0.00397924 -0.00361742 -0.00303081 -0.00263 -0.00234594 -0.000603341 -0.00241846 -0.00377 -0.0001058 -0.0027766 -0.00182984 -0.00185729 0.000171089 -0.00236441 -0.00140311 -0.00178037 -0.00237842 0.00079398 -0.00170537 -0.000436713 -0.00275755 -0.00200173 -0.00333004 -0.000702303 -0.00300108 -0.00340137 -0.00247637 -0.00198534 -0.00239928 -0.00197269 -0.00167041 -0.00146046 -0.00121291 0.000298687 -0.00137003 0.000393847 -0.000682062 -0.00266679 -0.00207973 0.000714587 -0.00103663 -0.00185696 -0.00181149 -0.00224556 -0.00290641 -0.000557619 -0.00403038 -0.00264894 -0.00381196 0.000497586 -0.000377229 -0.00182006 -0.0013514 -0.00257518 -0.000699438 -0.00211065 0.00034474 9.74161e-05 -0.002282 -0.00383007 -0.00235718 -0.003212 -0.00133858 -0.00232747 -0.000774138 -0.00209187 -0.000796936 -0.00331207 -0.0019799 -0.00301066 -0.00120141 
-0.000399324 -0.00116735 0.000258028 -0.00247065 -0.00144024 -0.00335649 -0.00272949 -0.00264663 -0.0029486 -0.00105596 0.000930484 -0.00143942 -0.00174829 0.00212911 0.230204 -0.00388201 -0.0014744 0.00311782 -0.00277742 -0.00542608 -0.00571993 -0.00601398 0.00265234 -0.00802063 -0.0115957 -0.00602063 -0.0041611 -0.00677101 0.000148424 -0.00485883 -0.00618627 -0.00519644 -0.00259772 -0.000588425 -0.000241765 -0.00340314 -0.00169772 -0.00273614 -0.00457207 -0.00123776 -0.00137959 -0.00313832 -0.00353621 -0.000578388 -0.00301112 -0.00163745 -0.00182246 -0.000206008 -0.00196934 -0.00172322 -0.00217207 -0.00181465 -0.00177456 -0.00265291 -0.0023644 -0.000499542 -0.000526429 -0.00212968 -0.000522149 -0.0018831 -0.00152835 -0.00141604 0.000921124 -0.000529161 -0.000121601 -0.0033471 -0.00232693 -0.00162639 0.000234284 -0.00376426 -0.00436653 -0.00217872 -0.00140195 -0.00441175 -0.00121885 -0.00306306 0.000692468 -0.00347295 -0.00033018 -0.00343488 -0.00282932 -0.00271765 -0.00178416 -0.00368766 -0.00206774 -0.00111213 -0.0013012 -0.000555414 -0.00133589 -0.00479086 -0.00440085 -0.00487703 -0.00299691 -0.00350016 -0.00245346 -0.00297853 -0.00429133 -0.00246781 0.000286608 -0.000964241 
-0.00214006 -0.00147334 -0.00168903 -0.00517727 -0.00499265 -0.000361075 0.000220493 -0.00342089 -0.00205457 -0.00792299 0.000236499 0.00576258 2.55912e-05 -0.00549051 -0.00388201 0.243136 -0.000834007 -0.000988865 -0.00536074 -0.00156208 -0.0107775 -0.0133482 0.00475533 0.00177746 -0.0097309 -0.00943839 -0.0034246 -0.00854216 -0.00326417 -0.00127409 0.00329823 -0.00551127 -0.00292811 0.000607321 -0.00339004 -0.000877405 -0.00310638 -0.00504614 -0.000649404 -0.00286544 -0.00474989 -0.00115286 -6.20558e-05 -0.00353567 -0.00409456 -0.00250163 -0.00283469 -0.0028049 -0.00153617 -0.000675092 -0.00234729 -0.00118552 -0.00302591 -0.00325965 -0.00110076 -0.00114562 -0.00230692 -0.00033668 -0.00211435 -0.00360943 -0.00303721 -0.00410844 -0.00204319 -0.00253381 -0.00261664 -0.000195545 -0.00116812 -0.00395548 -0.000785621 -0.00154248 -0.00236498 -0.00355324 -0.00200387 -0.00195296 -0.00162603 -0.00325637 -0.00201836 -0.00135891 -0.00296862 -0.00387043 -0.00125157 -0.000190021 -0.00314847 -0.00339011 -0.000513832 -0.00186291 -0.00211186 -0.000180203 -0.00134906 -0.0026378 -0.000678951 -0.000258917 -0.0015687 -0.00257762 -0.00526508 -0.00201082 -0.00320235 -0.00210172 -0.00180947 -0.000845862 
-0.00372374 0.000504741 -0.00423429 -0.00422534 -0.00406099 -0.00324731 -0.000575552 -0.0034757 -0.00130672 -0.00267565 -0.0049212 -0.00406073 -0.00415649 -0.00261187 -0.0014744 -0.000834007 0.247647 0.00246379 -0.00544774 -0.00885402 -0.00386693 0.0017278 -0.00441538 -0.0121342 -0.00460164 -0.00811661 -0.00643135 -0.00127983 -0.0041547 -0.0038204 -0.00342598 -0.00157942 -0.00223031 -0.00590902 -0.00401675 -0.00314697 -0.00219048 -0.00241987 -0.00145126 -0.00456311 -0.00654565 -0.00335335 -0.00247915 -0.00199029 -0.00139227 -0.00488775 -0.000584283 -0.00297005 -0.000880565 -0.00125526 -0.0012867 -0.00362751 -0.00221737 -0.00196071 -0.0030063 -0.00272538 -0.00212054 -0.00230603 -0.000389242 -0.00165083 -0.00130894 -0.00240729 -0.00375185 -0.00364551 -0.00309737 0.00112643 0.00139798 0.000197866 -0.00428567 -0.00226633 -0.00196901 -0.00288659 -0.000532341 -0.00116514 -0.00164003 0.00163342 -0.000973819 -0.00443643 -0.00154009 -0.00202959 -0.00148566 -0.000582395 -0.0012098 -0.00451457 -0.00147009 -0.000776501 -0.000390102 -0.00135215 -0.00164169 -0.00120207 -0.00279621 -0.00297587 -0.00236716 -0.000599424 0.000432754 -0.00285257 -0.00130458 -0.00353738 0.000716348 -0.00158494 
-0.00173333 -0.000721394 -0.00256329 -0.000347326 0.00320589 -0.00181964 -0.00181222 -0.00445421 -0.00166244 -0.00430201 -0.000615796 -0.00390963 -0.00403091 6.62864e-05 0.00311782 -0.000988865 0.00246379 0.243414 -0.00980072 -0.00625977 -0.0122505 0.00376904 0.000895056 -0.00874391 -0.00709104 -0.0102521 -0.00873636 -0.00876233 -0.00352941 -0.00116138 -0.00334972 -0.00338085 -0.00732732 -0.00593968 -0.00128572 -0.00241805 -0.00160739 -0.00500304 -0.00146364 -0.00131338 -0.00470532 -0.00135847 -0.00275769 -0.00301351 -0.00359681 -0.0023501 -0.00040172 -7.80522e-05 -0.00154781 0.00128832 -0.00135481 -0.00299913 -0.00371629 -0.000846472 -0.00113225 -0.000960454 -0.000707918 -0.00264795 -0.00273869 -0.00122 -0.00084143 7.87037e-05 -0.00374879 -0.00147261 -0.00303405 -0.0026626 -0.00310605 -0.00267686 -0.00367456 -0.00163265 -0.0058389 -0.00358793 -0.00237466 -0.00136862 0.00140205 -0.00335926 -0.00287767 -0.000749925 -0.0030052 0.000334374 -8.57321e-05 -0.00348069 -0.00119901 -0.00220444 0.000449483 -0.00155503 -0.00169524 -0.00231665 0.000313785 -0.000986762 -0.00253065 -0.00367308 -0.00082953 -0.00171895 -0.00241417 -0.00298252 -0.00496489 -0.0019696 -0.00246257 -0.000946438 
-0.00246119 -0.00633151 -0.00355185 -0.000291204 -0.00344423 -7.81705e-06 -0.000917093 -0.00206459 -0.00293147 -0.00416395 -0.00373654 -0.00598866 -0.00494721 -0.00369252 -0.00277742 -0.00536074 -0.00544774 -0.00980072 0.249226 -3.57628e-06 -0.00185475 0.00345728 -0.000454831 -0.00737001 0.00126314 -0.0159842 -0.00521043 -0.00405595 -0.00572737 -0.00686137 0.00181224 -0.00474728 -0.00216829 -0.000587337 0.00074763 -0.000350629 -0.00111546 -0.00293599 -0.00179623 -0.00112937 0.000974763 -0.00179979 -0.00362145 -0.0025445 -0.00106036 -0.00267692 -0.0036326 -0.00132891 -0.00185197 -0.00356302 -0.00426241 -0.00052187 -0.00157236 -0.00422844 -0.00384618 -0.00206343 -0.000244939 -0.00273819 -0.00401067 -0.000493617 0.000974738 -0.00262298 -0.00360357 -0.00173898 -0.00159024 -0.00367769 -0.00310341 -0.00209309 -0.00209466 -0.000682531 -0.000996767 -0.00184774 -0.00219074 -0.0028211 -0.00264263 -0.00324931 2.69684e-06 -0.00234272 -0.000416974 0.00149363 -0.000787837 -0.00345508 -0.000932349 -0.00112806 -0.00412559 -0.00293673 -0.00243724 -0.000988459 -0.00210708 -0.000995575 -0.00143526 -0.00256448 -0.00192967 -0.00122611 -0.00227513 -0.00312897 -0.00244374 -0.00390387 -0.00230359 -0.00480057 
-0.00203023 -0.00209832 -0.0022845 0.000169005 -0.00384341 -0.00160376 0.000552272 -0.0026958 -0.0031451 -0.00430238 -0.00251338 -0.00747151 -0.0051806 -0.00439814 -0.00542608 -0.00156208 -0.00885402 -0.00625977 -3.57628e-06 0.249048 0.00142552 -0.00730259 -0.00295518 -0.0077063 0.00527428 -0.00319491 -0.0087768 -0.00673042 -0.00526322 -0.00148699 -0.00275943 -0.00120345 -0.00594915 -0.00379722 -0.00215842 -0.000588087 -0.00475543 -0.00100359 -0.00351598 -0.00188306 -0.00247209 -0.0023015 -0.00261807 -0.00250867 0.000377007 -0.00484362 -0.00202258 -0.000310658 -0.00202147 -0.00380723 -0.00474682 -0.00106711 -0.00264929 -0.00158195 -0.00157724 -0.00317982 -0.000429817 -0.00193863 -0.00396697 0.000430024 -0.00154647 -1.99668e-05 0.000416417 -0.00221746 -0.00353961 -0.00262573 3.31748e-05 -0.00191206 -0.00325648 -0.00297346 0.00236379 -0.00287668 -0.0033718 -0.00272719 -0.00153027 -0.00323749 -0.00475653 0.00083824 -0.00308192 -0.0041464 -0.00361261 -0.00190557 -0.00194794 -0.00152703 0.00131882 -0.000528785 -0.00222985 -0.000830368 -0.00342163 -0.000842271 -0.00371219 -0.00236041 -0.00090163 -0.00169473 -0.00408765 -0.0012977 -0.00369324 0.000123084 -0.00398552 -0.00122509 
-0.0020111 -0.00319892 -0.00265203 -0.00176656 -0.000101106 -0.00304688 -0.00361392 0.000368476 -0.0037985 0.000629412 -0.00884472 -0.00790883 -0.00682359 -0.00415348 -0.00571993 -0.0107775 -0.00386693 -0.0122505 -0.00185475 0.00142552 0.249106 0.00559016 -0.0103823 -0.00304113 -0.00530877 -0.00476077 -0.00144269 -0.00182285 -0.00468781 -0.00591135 -0.00489228 -0.00563867 -0.00200665 -0.00663407 -0.00203582 -0.00401265 -0.00178738 -0.000226694 -0.00166037 -0.00133772 0.000744127 -0.00144292 -0.00407871 -0.00140893 -0.00332116 -0.00184857 -0.00027739 -0.00239741 -0.00149718 -0.00087167 0.000481801 -0.00120035 -0.00140149 -0.00155561 -0.00340935 -0.00263552 -0.00133468 -0.0011854 -0.00118072 -0.000932501 -0.00248445 -0.000324743 -0.00186519 -0.00301218 -0.00256274 -0.00123911 -0.00348562 -0.000672786 -0.00228466 -0.000889888 0.00142706 0.000426523 -0.00204188 -0.0018578 -0.00324787 0.000550731 -0.00155863 0.000411247 -0.00155484 -0.00437068 -0.00388745 -0.00346997 -0.0026688 -0.00275239 -0.0019049 -0.00218543 -0.00383469 -0.00396543 -0.00275622 -0.00383687 -0.000735515 -0.00338555 -0.000913858 -0.00293339 -0.00320168 -0.000120591 0.00107532 -0.00115096 -0.000800087 -0.00232079 
-0.00119837 -0.00228484 -0.00236776 -0.00182084 -0.00257545 -0.00504582 -0.00340759 -0.00363567 -0.000729488 -0.00635395 -0.00845676 -0.00251432 -0.00450298 -0.0069834 -0.00601398 -0.0133482 0.0017278 0.00376904 0.00345728 -0.00730259 0.00559016 0.246566 -0.00595529 -0.00173654 -0.00555625 7.65895e-05 -0.00509549 -0.00159364 -0.00516115 -0.00521031 -0.00817069 -0.00510816 -0.00300695 -0.00522562 -0.00161246 -0.00291055 -0.00397561 -0.00383265 -0.00171651 -0.00141412 -0.00113133 0.000223706 -0.00290449 -0.00184496 -0.00038135 -0.00168222 -0.00372863 -0.00266003 -0.00109742 -0.00221315 -0.00030361 6.67353e-05 -0.00118342 -0.00232459 -0.00026265 -0.00428424 -0.000786491 -0.0026046 -0.0011577 -0.000442114 -0.00019191 -0.00340476 -0.00332132 -0.00248102 0.0011807 -0.00152943 -0.00133321 -0.00217229 -0.00535077 -0.000913081 -0.00342522 -0.00299133 -0.00136834 -0.00124382 -0.00072251 0.00113776 -0.00159348 -0.00154844 -0.00211792 -0.00131915 -0.00251282 -0.00354823 -0.00319645 4.45531e-05 -0.0029269 -0.00324926 -0.00297614 -0.00380588 -0.00115204 -0.0011797 -0.00445146 -0.00490945 -0.00221129 -0.00193805 0.00150145 -0.00300108 2.6708e-05 -0.00186802 -0.00367318 -0.00492382 
-0.00274794 -0.00219691 -0.00214207 -0.00201274 -0.00337495 -0.00053236 -0.00471467 -0.00577457 -0.00548336 -0.00455319 -0.00346059 -0.000867869 -5.78922e-05 -0.00745358 0.00265234 0.00475533 -0.00441538 0.000895056 -0.000454831 -0.00295518 -0.0103823 -0.00595529 0.249249 -0.00187671 0.00286734 -0.00888509 -0.00566448 -0.000775555 -0.00537259 -0.00614899 -0.00257648 -0.00354361 -0.00270638 -0.00441046 -0.00362449 -0.000131824 -0.00336743 -0.00389244 -0.00319272 -0.000146291 -0.00505829 -0.00316412 -0.000887537 -0.00224412 -0.00386361 -0.000617183 -0.00369621 -0.00172702 -0.00386472 -0.000575574 -0.00436131 -0.00276821 -0.00278445 -0.00386961 0.000291321 -0.00224872 -0.00107675 -0.00288148 -0.000297644 -0.00300313 -0.00110659 -7.27912e-05 -0.00126363 -0.001345 -0.00213934 -0.00181834 -0.00174065 -0.00142658 -0.00155769 -0.00134603 -9.38772e-05 -0.00183879 -0.00503866 -0.00197043 -0.00509589 -0.00252221 -0.00275864 -0.000365719 5.05948e-06 -0.0037799 -0.00388776 -0.00194427 -0.00126123 -0.000943387 -0.0033335 -0.00406988 -0.00149952 -0.00245385 -0.000548514 -6.01346e-05 -0.00287409 -0.00110503 -0.00123983 -0.00372414 -0.00334921 -0.00299137 -0.00338248 -0.00253808 -0.00300153 -0.00438601 
-0.00109091 -0.00104873 0.00140788 0.000897877 -0.00162374 -0.00343696 -0.00544765 -0.00277441 -0.00124185 -0.00431092 -0.00158837 -0.00404601 -0.00217837 -0.00660933 -0.00802063 0.00177746 -0.0121342 -0.00874391 -0.00737001 -0.0077063 -0.00304113 -0.00173654 -0.00187671 0.246539 -0.0103625 -0.00700704 0.00123561 0.00281036 -0.00394531 -0.004106 -0.0041265 -0.00223923 -0.00232266 -0.00245363 -0.000480262 -0.00538997 -0.00292676 -0.00425677 -0.00258059 -0.0019761 -0.000529395 -0.00212271 -0.000267485 -0.00143735 -0.00204601 0.000324602 -0.00185089 -0.00202438 -0.000790378 -0.000385163 -0.00153429 -0.00467769 0.000996233 -0.00202621 -0.00418057 -0.00331457 -0.00444617 -0.00342213 -0.00248476 -0.00497381 -0.000206417 -0.0039882 -0.00329517 -0.00480693 -0.00253314 -0.000956196 0.000174541 -0.00188025 -0.0011417 -0.003982 -0.00280541 -0.00415944 -0.00283483 -0.0018733 -0.000890516 -0.00336992 -0.00316158 -0.00204083 3.55078e-06 -0.00184766 -0.000819297 -0.00219466 -0.00121736 0.00157146 -0.00255566 -0.00268691 -0.000434632 -0.00247895 -0.00204619 -0.0019876 -0.00206463 0.000551748 -0.00262617 -0.00330538 -0.000386326 0.000868244 -0.000916619 0.000394308 -0.00310578 -0.00223941 
-0.00353674 -0.00298549 -0.00478001 -0.000854546 -0.0031387 -0.00131348 -0.00203497 -0.00296645 -0.00409743 -0.00390175 -0.00958662 -0.00372706 -0.00381319 -0.0108961 -0.0115957 -0.0097309 -0.00460164 -0.00709104 0.00126314 0.00527428 -0.00530877 -0.00555625 0.00286734 -0.0103625 0.245675 -0.00140503 -0.0061978 -0.00351656 -0.00194788 -0.00643106 -0.00335293 -0.000954409 -0.00458787 -0.00296756 -0.00428572 -0.00163987 -0.00101068 0.00205117 0.000628467 -0.00198289 -0.00132218 -0.00309623 -9.57187e-05 -0.00388675 -0.000449637 -0.00216122 -0.00288725 -0.00223983 -0.00388266 -3.50378e-05 -0.00163379 -0.0025901 -0.0018385 -0.00238499 -0.00201864 -0.000683187 -0.00122224 -0.00206757 -0.00163532 0.000977341 -0.00393468 -0.0025646 -0.00110085 -0.000454806 -0.0023904 -0.00276638 -0.00172505 -0.00150775 0.00042321 -0.00222133 -0.00108288 0.000240525 -0.00056917 -0.00219358 -0.00246042 0.00341204 -0.00263348 -0.00163126 -0.00267738 -0.0016925 -0.00174697 -0.00125484 0.000669016 -0.00276993 -0.00108297 -0.00271841 -0.00264177 0.000650228 -0.00203056 -0.00229417 -2.83422e-05 -0.00175506 -0.00191483 -0.00136413 -0.00562304 -0.00319719 -0.00263711 -0.00325753 -0.00486993 -0.00104753 
-0.00196805 -0.00185514 0.00111444 -0.00375363 -0.00210483 -0.00309049 -0.000298781 -1.48861e-05 -0.00227084 -0.00150058 -0.00149865 -0.00353853 -0.00510936 -0.00461267 -0.00602063 -0.00943839 -0.00811661 -0.0102521 -0.0159842 -0.00319491 -0.00476077 7.65895e-05 -0.00888509 -0.00700704 -0.00140503 0.210703 -0.00460582 -0.00480651 -0.00897144 -0.00304653 -0.00375344 -0.00197093 -0.000983468 -0.00385117 -0.00458054 -0.00273581 -0.000384709 -0.00321659 -0.000561243 -0.00109283 -0.00161224 -0.00173478 -0.00210641 0.000140738 -0.00221598 -0.0011185 -0.000487339 -0.000347165 -0.00429376 -0.000946115 0.000322192 -0.00095378 -0.000576399 0.00162084 -0.00349447 0.000740966 -0.00201541 -0.000511954 -0.00162687 -0.00091447 -0.00194252 -0.00124036 -0.00316817 -0.00398494 -0.000245745 -0.00191057 -0.00360197 3.53853e-05 -0.000527654 -0.000862184 -0.00144743 -0.000660212 -0.000939878 -0.00102135 0.00204374 -0.000979679 -0.00161135 0.000605302 -0.000803645 0.00115405 0.000228647 9.34175e-05 -0.00192536 -0.00167617 -0.000776214 0.000428393 -0.000580025 -0.00323402 -0.00103618 -0.00280225 -0.000129602 -0.000140682 -0.000932623 -0.000800038 -0.000266184 -0.00117736 7.36667e-05 -0.000515701 -0.00181545 -0.00042828 
-0.000581605 -0.00366312 -0.002021 -0.00164748 -0.00086835 -0.00135846 -0.00364616 -0.00387125 -0.00355872 -0.000603665 -0.00236738 -0.00321049 0.0020049 -0.000672062 -0.0041611 -0.0034246 -0.00643135 -0.00873636 -0.00521043 -0.0087768 -0.00144269 -0.00509549 -0.00566448 0.00123561 -0.0061978 -0.00460582 0.200811 -0.00439731 -0.00495273 -0.00190157 -0.00589503 -0.00305758 -0.00269143 0.00148441 -0.00500856 -0.00137685 9.63981e-05 -0.0012746 -0.00124465 -0.0045579 -0.000979153 -0.000192367 -0.000379554 -0.00223773 -0.000302108 -0.00276836 -0.00435352 -0.00342997 -0.000861358 -0.00141614 -0.00214 -0.000712747 -0.00108696 -0.000195351 -0.00123532 -0.000360645 -0.00214118 -0.0022422 -0.000957427 -0.00125662 0.000351895 0.000153371 -0.00144815 -0.000280925 -0.00199071 -0.00224416 -0.0012136 -0.00211995 -0.00184838 -0.00234257 -0.00150291 -0.000473626 -0.00249615 -0.00105734 -0.00103402 0.000920735 -0.00183469 -0.00209015 -0.00192011 -0.00104393 -0.000213102 -0.00165952 -0.00256989 -0.00123194 -0.00257091 -0.00303632 -9.32453e-05 -0.000988776 -0.00134677 -0.00300012 -0.000309122 0.000562762 -0.00155407 -0.000347144 -0.0011967 -0.00126145 -0.00309262 -0.00116202 0.000343986 -0.00196662 
-0.00089345 -0.00222071 -0.00272737 -0.0033147 -0.00406715 -0.00243867 -0.00262632 0.000628808 -0.00196204 -0.00288273 -0.001755 -0.00550462 -0.00154537 -0.00361571 -0.00677101 -0.00854216 -0.00127983 -0.00876233 -0.00405595 -0.00673042 -0.00182285 -0.00159364 -0.000775555 0.00281036 -0.00351656 -0.00480651 -0.00439731 0.206432 -0.000817658 -0.000142228 -0.00479258 -0.00114864 -0.00197565 -0.00279875 -0.00121481 -0.00167196 -0.001339 -0.00361117 -0.00355339 -0.00149623 -0.000650728 -0.00260902 -0.00118016 -0.000413547 -0.00127344 -0.00328993 -0.00186221 -0.00254608 -0.00231113 -0.00202801 -0.00133681 -0.00299872 8.40017e-05 -0.00164294 -0.00121759 -0.00205701 -0.00169066 -0.00233533 -0.00109548 -0.00223271 -0.00229965 -0.00165624 -0.00138019 -0.00343211 -0.00124243 -0.001608 -0.00189198 -0.000211817 -0.00249632 -0.00126395 -0.0022796 -0.0021999 -0.00109755 0.000837526 -0.00179057 -0.000880146 -0.000465324 -0.0012402 -0.00073198 -0.000254054 -0.00272375 -0.00130721 -0.00170728 -0.00347906 -0.00165408 -0.00164272 -0.00199293 -0.0015319 -0.000925493 -0.00173979 -0.00219178 -0.00198989 -0.00318697 -0.00202909 -0.00198111 -0.00135283 -0.00128653 -0.000407754 -0.000889728 -0.00040965 
-0.000634625 -0.000860207 -0.0010208 -0.00120177 -0.000443547 0.000259748 -0.00435689 -0.00291544 -0.00259042 0.00150365 -0.00538715 -0.00237177 -0.00530199 -0.000486199 0.000148424 -0.00326417 -0.0041547 -0.00352941 -0.00572737 -0.00526322 -0.00468781 -0.00516115 -0.00537259 -0.00394531 -0.00194788 -0.00897144 -0.00495273 -0.000817658 0.196454 -0.000646785 -0.00117754 0.0012986 -0.00449193 0.00257658 -0.00224234 -0.00403592 -0.00121564 -0.0017482 -0.00347931 -0.0007679 -0.000882167 -0.0033479 0.000235433 -0.00209327 0.00122092 0.000273724 -0.0029696 -0.00338351 -0.00175819 -0.00225408 -0.00250545 -0.0017896 -0.00245285 -0.00185731 0.00147397 -0.00113181 -0.00288889 -0.000704196 -0.000227772 -0.00172175 -0.00338287 -0.00070005 -0.000742142 -0.00177203 0.0006122 -0.00170163 -0.00378175 -0.00417931 -0.0021958 -0.00289621 -0.00183023 -0.000599433 -0.00157759 -0.00288736 -0.00261237 -0.00142508 -0.00167651 -0.00291883 -0.000905378 -0.00176167 -0.00152297 -0.00304244 -0.00278527 -0.00362228 -0.00142919 -0.00224923 -0.000761741 -0.000218122 -0.00208143 -0.00257142 -0.00300393 -0.000211597 -0.00167461 -0.000525012 0.00130781 0.000487394 -0.00241841 -0.00217397 -2.88697e-05 -0.000845174 
-0.0014387 -0.00213439 -0.00224951 -0.0015689 -0.00156918 -0.000851383 -0.00311872 -0.00272074 -0.000379572 -0.00345372 -0.00172736 -0.00637626 -0.00119957 -0.00397924 -0.00485883 -0.00127409 -0.0038204 -0.00116138 -0.00686137 -0.00148699 -0.00591135 -0.00521031 -0.00614899 -0.004106 -0.00643106 -0.00304653 -0.00190157 -0.000142228 -0.000646785 0.169929 -0.00327809 0.00088994 0.00159749 0.000463683 -0.00134352 -0.000722051 -0.00208399 -0.00288222 -0.0016092 -0.00114009 -0.000812457 -0.00268275 -0.00071032 -0.00223174 -0.00127065 -0.000598169 -0.00106834 -0.001049 -0.00186287 -0.00170051 -0.00238148 -0.00278989 -0.000858364 -0.00143714 -0.000711931 -0.00193478 -0.0011113 5.92322e-05 -0.00161191 -0.00130628 -0.00194252 -0.000629625 -0.00105319 1.38152e-05 -0.00134871 -0.000837689 -0.00131544 -0.000567971 -0.00116078 -0.00219335 -0.00282739 -0.000588945 -0.00055221 -0.000217667 -0.00172522 -0.00295493 -0.000476455 -0.00153643 -0.00298415 -0.00222786 -0.00195176 -0.000765592 -0.00165872 -0.00114464 -0.00188711 -0.000867263 -0.000594204 0.000365427 0.000559241 -0.00173511 -0.00211208 -0.00120613 -0.000805799 -0.00170705 -0.000808404 0.000150978 -0.00128676 -0.00100094 -0.00109305 0.000699983 
-0.00170733 -0.00217854 -0.000971371 7.51668e-06 -0.000138766 -0.00173731 -0.000948908 -0.0021836 -0.000543022 -0.00562848 -0.0039322 0.00143179 -0.00522499 -0.00361742 -0.00618627 0.00329823 -0.00342598 -0.00334972 0.00181224 -0.00275943 -0.00489228 -0.00817069 -0.00257648 -0.0041265 -0.00335293 -0.00375344 -0.00589503 -0.00479258 -0.00117754 -0.00327809 0.154205 -0.00231703 -0.000717056 0.000915757 -0.00159492 -0.000301413 -0.000526812 -0.000765458 -0.000257003 -0.00208705 -0.000997478 -0.0019228 -0.00043897 -0.00188508 -0.000713095 -0.00151237 -0.000735438 -1.88493e-06 -0.00283323 -0.000929008 -0.00229358 -5.91527e-05 -0.00203523 -0.00185904 -0.000645484 -0.000232936 -0.000302264 -0.00237785 -0.00144617 -0.000870613 0.000713033 -0.00112227 -0.00130419 -0.00174391 -0.00120921 -0.00186208 -0.00164038 -0.00213798 -0.00118078 -0.000429086 -0.00193848 -0.000500986 -0.00317555 -0.000528301 -0.0011946 -0.00184581 -0.000410612 -0.00149986 -0.00240245 -0.00210349 -0.00145859 0.00267873 -0.000389939 0.000567479 -0.000554902 -0.000311301 -0.00103248 -0.000951476 -0.00142475 4.71396e-05 -0.000597906 -0.00103312 -0.00154609 -0.000766695 -0.00177929 -0.000485634 -0.00152617 -0.00030201 -0.00141431 -0.0026648 
-0.0016881 -0.000337459 -0.00054134 -0.00181499 -0.000781176 -0.00284603 0.00085646 -0.00269516 -0.0012293 -0.00190931 -0.000748722 -0.00210019 -0.00278943 -0.00303081 -0.00519644 -0.00551127 -0.00157942 -0.00338085 -0.00474728 -0.00120345 -0.00563867 -0.00510816 -0.00354361 -0.00223923 -0.000954409 -0.00197093 -0.00305758 -0.00114864 0.0012986 0.00088994 -0.00231703 0.119476 -0.00221763 -0.000501783 -0.00105056 -0.000476489 8.01108e-05 5.85264e-05 -0.000924535 -0.000577239 -0.000561393 -0.00058339 0.000110305 -0.00047712 0.00065137 -0.000660634 0.000394439 -0.000853966 -0.000992152 -0.00135939 -0.00010017 -0.00159296 -0.00126753 0.000729988 -0.00132271 -0.000601496 -0.00101579 0.000208551 -0.000476376 -0.00169551 -0.00148432 -0.000392325 -0.00114604 0.000373588 -0.000665567 -0.00231804 -0.00137561 -0.000386864 -0.000662278 -0.000701283 -0.000170469 -0.000314198 -0.00156791 -0.000733366 -0.00166107 -0.00202467 -1.02505e-05 -5.99748e-06 -0.00203283 -0.000483599 -0.000609014 -0.000383977 -0.00186298 0.00154298 -0.000310598 -0.000161791 -0.0012475 3.84884e-05 -0.00201152 -0.00138013 -0.000928767 -0.000752131 -0.000758331 0.000149416 -0.00207318 -0.00143778 -0.00218907 -0.00100821 -0.000998471 -0.00119078 
