0.0921899 -0.000642307 -0.000522741 -0.000370935 -0.000319454 -0.000986344 -0.000827851 -0.000676683 -0.00059376 0.000271144 0.000265537 -0.00133492 -0.00146929 -0.00222462 -0.00357986 0.00109749 -0.00254968 -0.00278349 -0.00145013 -0.00317377 -0.00398368 0.000794212 -0.00243506 -0.00312357 0.00163164 -0.00260201 -0.00235019 0.000710839 -0.00253976 -0.00212815 -0.00199526 -0.000946702 -0.00117022 8.48546e-06 -0.00169442 -0.00113169 -0.000602213 -0.000758058 -0.00162052 -0.00132641 -0.000915722 -0.00122269 -0.000874508 -0.000152579 -0.00116259 -0.000838845 -0.000997704 -0.000490513 -0.000394804 -0.00025217 -0.0015933 9.62017e-05 -0.000956987 -0.000703286 -0.000197679 -0.000664704 -0.00117361 -0.000397842 -0.000270905 -0.000207799 -0.000993422 -0.000969581 -0.00156467 -0.00012548 2.32358e-05 -0.00106809 0.000366037 -0.000653901 -0.000549146 -0.00174722 -0.00153522 -0.000394487 -0.000245554 -0.000192482 -0.000365267 -3.30027e-05 -0.000946124 -0.000489471 -0.000693142 -9.91644e-05 -8.24601e-05 -8.7596e-05 -0.00127438 -0.00140365 -0.000489958 -0.00104973 -0.000586362 -0.00122865 -0.000974958 -0.00156049 -0.00107175 -0.00133293 -0.000793889 -0.000225065 -0.000970415 -0.00102209 -0.00112329 -2.73118e-05 -0.00128039 -0.000821985 
-0.000642307 0.0765749 -0.00094562 0.00039255 0.000157452 -0.000483903 -1.11047e-05 0.0010137 -0.0012276 -0.00178146 -0.00158226 -0.000788428 -0.00100946 0.000564489 -0.00391687 0.000430445 -0.00318647 -0.00178655 -0.00190977 -0.00376438 -0.00320183 -0.00191389 -0.00204951 0.000129277 -0.00179862 -0.00161285 -0.00291896 -0.00224177 -0.001797 -0.00218633 -0.00122412 -0.000774477 -0.00119116 -0.00103154 -0.00098997 -0.00056045 -0.00138192 -0.000490908 -0.000346933 3.18998e-05 -0.000601961 -0.00124433 0.000329322 -0.000229727 -0.000742121 8.06234e-06 -0.000123198 0.0003759 0.000159823 -0.00117275 -0.000495339 -0.000403441 -0.000429308 -0.00119074 -0.0009838 -0.00058751 -0.000602058 -0.000998445 -0.000355808 -1.81166e-05 -0.000801399 -0.000607146 0.00016973 -0.000993027 -0.000664143 -0.000159049 -0.000389288 -0.000390962 -0.000423356 -0.00110089 -0.000964649 -0.000753895 -0.00025907 -0.00075823 -0.00099987 -0.000202476 -0.000330806 -0.000417427 -0.000252147 -0.0006133 -0.000609704 -6.26566e-05 -0.000781174 -0.00142486 -0.0010153 0.000195205 -0.000622407 -0.000260491 -6.20685e-05 -0.000245614 -0.000695672 -0.000298177 0.000140437 -0.000127595 -0.000441571 -0.000292019 5.32787e-05 -0.000230301 -0.000982712 -0.000566008 
-0.000522741 -0.00094562 0.0781458 0.000113216 -0.000257952 -4.89834e-05 8.81121e-05 1.88077e-05 -0.000928474 -0.00090131 -0.000520124 -4.55706e-05 -0.0024032 0.00145826 -0.00187763 -0.00311259 -0.00216238 -0.00107528 -0.000832099 -0.00433686 -0.00185436 -0.00321495 -0.000282005 -0.0042833 -0.00224727 0.000933574 -0.000316974 -0.00227794 -0.00158045 -0.00263572 -0.00101075 -0.000465633 -0.00032857 -0.00140359 -0.00061443 -0.00118526 -0.000810816 -0.000932904 -0.00126138 -0.000635089 -0.000869348 -0.00090085 -0.00130041 -0.000719241 -0.000806642 -0.000631716 -0.00121606 0.000164989 -0.000134592 -0.000765867 7.15011e-06 -0.000621565 2.79948e-05 -0.00136098 -0.000203453 -0.000865212 -0.000572321 -0.000517267 -0.000158875 3.77531e-05 -0.000682888 -0.000665108 -0.000464694 0.00018743 -0.000260263 -0.000227742 -0.000484756 -0.000515619 -0.000230086 -0.000795494 -0.000239611 -0.000609862 -0.000313916 -0.0004885 -0.00100088 0.000136561 -0.00058161 0.000212447 -0.000172317 -0.00113043 -0.000581053 -0.00131314 -0.00119295 -0.000850535 -0.00110457 1.41333e-05 -0.000917858 -0.000936594 5.55723e-05 -0.00128468 -0.000773974 -0.0011994 -0.000109809 -0.000343929 -0.000823489 0.000158075 -0.00025654 -0.000440864 -0.00181652 6.38927e-06 
-0.000370935 0.00039255 0.000113216 0.077103 7.76304e-05 0.000107304 0.000777173 -0.000973898 0.000374273 -0.000350825 -0.00136768 0.00029827 -0.00207063 -0.00335533 -0.000109086 -0.00259572 -6.63199e-05 -0.00358021 -0.00233914 -0.000303065 -0.00217665 -0.000453845 -0.0035259 -0.00289057 -0.00385153 -0.00115169 -0.0033742 -0.00137233 -0.000149645 -0.00140834 -0.000823852 -0.000465074 -0.00142688 -0.000440629 0.00013478 -0.00067405 -0.000841965 0.000605674 -0.000691329 -0.000378765 -0.000586652 -0.000945057 -0.000724891 -0.000312727 -0.000455112 -0.00108903 -0.000126083 -0.000522415 -0.000381161 -0.000509992 -0.000516916 -0.000777219 -0.000888664 -0.000722203 -0.000628096 -0.000210745 -0.000430592 -0.000294103 -9.6873e-05 -0.00100374 -0.000267934 -0.000633397 -0.00122512 -0.00158768 -0.000758553 -0.000373852 -0.000147674 -0.00105191 -0.000944964 -0.000662154 -0.00056532 -0.000613281 -0.000142117 -0.000565907 -0.00062913 -0.000183491 -0.000706114 -0.000656977 -0.000664727 -0.000744568 -0.000304249 -0.000303493 -0.00127424 -0.000680579 -0.00100751 -0.000242729 -0.000781922 -0.000124504 -0.000838727 -0.000618418 -0.000551689 -0.000508473 -0.000865984 -3.68456e-06 -0.000711352 -0.000623882 -0.000356189 -0.000652697 -0.00100889 -0.000597455 
-0.000319454 0.000157452 -0.000257952 7.76304e-05 0.0847332 0.000121985 -0.000634902 -9.53859e-06 6.99248e-05 -0.000506811 -0.0021015 -0.000876702 -0.000437315 -0.00238704 -0.00435162 0.00201799 -0.00234447 -0.00336846 -0.00322771 -0.00240979 -0.00221889 -0.00277789 -0.00082757 -0.00264464 -0.000242517 -0.00401249 -0.00125215 -0.00244227 -0.00371456 -0.0023618 -0.000509984 -0.000976723 -0.000860076 -0.000861623 -0.0014646 -0.00195913 -7.16607e-05 -0.000949462 -0.00023686 -0.000535931 -0.000343324 -0.0013336 -0.00101417 0.000274483 -0.000327378 -0.000256709 -5.98199e-05 0.000139824 -0.000497805 0.000378735 -0.0015379 -0.000577552 -0.000469871 -0.000402437 -0.000118763 -0.000811344 -0.000746925 -0.000902927 -0.000750577 -0.000407675 0.000680171 -0.00091589 -0.00104621 -0.000563396 -0.000424038 0.000298321 -0.00150765 -0.00131718 -0.000578975 -0.000741714 -0.000829789 -0.000778709 -0.000441347 -0.000272985 -0.000690419 -0.000473176 -0.000306699 -0.00126597 -0.00019127 -0.000881065 -0.000364915 -0.0010727 0.000362705 -0.000496841 -0.00102167 -0.000586382 -0.00109518 -0.000689206 -0.0011648 0.000400489 -0.000465519 -0.000847015 -0.000568124 -0.000327817 -0.000816639 -0.000342279 -0.0011475 -0.000220762 0.000113721 -0.00065988 
-0.000986344 -0.000483903 -4.89834e-05 0.000107304 0.000121985 0.0986934 -0.000589205 -0.000904792 -0.0002097 -0.000308707 -0.000316393 -0.000183514 -0.00364769 -0.000912363 -0.00109233 -0.00177323 -0.0029284 -0.0073459 -0.000446162 -0.000830883 -0.00473925 -0.00094793 -0.00591531 -0.00136974 -0.0026796 -0.0017988 0.00054254 -0.00135984 -0.00114081 -0.0023976 -0.00106746 -0.0009782 -0.000352764 -0.00137689 -0.00164377 -0.00240052 -0.00104387 -0.000290351 -0.000920116 0.000585389 0.000468808 -1.17948e-05 -0.000900383 -0.00112473 -0.00112113 2.6329e-05 0.000637087 -0.00083071 -0.000774551 -0.00104571 -0.00105436 0.000502554 -0.00102119 -0.00144917 -0.00133541 0.000149502 -0.00101728 -0.00108762 -0.000930109 -0.00123293 -0.00125367 -0.00052059 -0.000642047 -0.000789703 -0.00105572 8.94453e-05 -0.000278573 -0.00113144 -0.000785588 -0.000559076 -0.00132832 -4.19115e-05 -0.000235499 -0.000680802 -0.000867901 -0.000348706 -0.00112121 8.60988e-05 -0.000500768 -0.000802507 -0.00135824 -0.000361482 -0.00160235 -0.00115117 -0.0010943 -0.0011669 -0.00158182 -0.000599174 -0.00103884 -0.00148255 -0.00122556 -0.000504821 -0.000705985 -0.000249455 -0.000422226 -0.0014873 -0.000434021 -0.000509132 -0.000546925 -0.00117582 
-0.000827851 -1.11047e-05 8.81121e-05 0.000777173 -0.000634902 -0.000589205 0.111859 0.00015022 -0.00166258 0.00130103 -0.00133324 -0.00309674 -0.00347914 -0.00407451 -0.00323988 -0.00446154 -0.000162167 -0.000682302 -0.00241785 -0.00530276 0.00168188 -0.00670428 -0.00337298 0.00226558 -0.00396998 -0.00444369 -0.00429301 9.63702e-05 -0.00299781 -0.00306118 -0.00146488 -0.000959887 -0.00136701 -0.00213054 0.000225528 9.13988e-05 -0.00111889 -0.000890086 -0.00119562 -0.00122717 -0.000442099 -0.00210193 -0.00024073 -0.00151525 -0.00121659 -0.000701153 -0.000910535 -0.00112974 0.000922515 -0.00152826 -0.000939024 -0.000368339 -0.0020323 -0.00107932 -0.00124437 -0.00108933 -0.000700819 -0.00050434 -0.000445164 -0.000754715 -0.000196207 4.65829e-05 -0.00126908 -0.00142711 -0.000322951 -0.00124006 -0.000832215 -8.73784e-05 0.00010813 -0.000686888 -0.000703984 -0.00096338 -0.000995314 -2.80535e-05 -0.000766238 -0.00071699 -0.000263348 -0.00105129 -0.000298409 -0.000432722 0.000724556 -0.000408002 -0.00112888 -0.00031443 -0.00142215 -0.00121544 -0.00156349 -0.000867359 -0.000761334 -0.00144773 -0.000791469 -0.00148863 -0.000963501 -0.000469633 -0.00158186 -0.00110932 -0.000541499 0.000106134 -0.000974826 -0.000996525 
-0.000676683 0.0010137 1.88077e-05 -0.000973898 -9.53859e-06 -0.000904792 0.00015022 0.116996 8.14362e-05 -0.00184275 -0.000442183 -0.00281547 -0.00413896 -0.00202224 -0.00568564 -0.00441788 -0.00363837 -0.00277558 0.000314607 -0.0024363 -0.00140615 -0.00432785 0.000376095 -0.00228715 -0.00399021 -0.00329287 -0.00428583 -0.00241651 -0.00238035 -0.00144548 -0.00265655 -0.00113709 -0.00196463 0.000525879 -0.00295165 -0.00104634 -0.00223692 -0.000875091 -0.000442839 -0.000203847 -0.000731243 -0.000718256 -0.000262071 -0.000364799 -0.00172904 -0.000162746 -0.00062474 -0.000635944 0.000213762 0.000360427 -0.00165851 -0.000560782 -0.00196305 -0.00129183 -0.000657609 -0.0014379 -5.3102e-05 -0.000434584 -0.000496441 -0.00073389 0.000364677 1.27812e-05 -0.00185145 -0.00131853 -0.000498945 -0.000624618 -0.00116884 -0.000121604 -0.000599879 -0.00114715 -0.00144072 -0.000342246 -0.000838781 -0.00221691 9.01546e-05 -0.00115319 -0.000610349 -0.000408271 -0.00019068 -0.00107727 -0.00066193 -0.00151477 0.000251638 -0.00131013 -0.00134579 -0.00102977 -0.00124569 -0.000660014 -0.000547818 -0.00149058 -0.00222775 0.000965714 -0.000248029 -0.00047461 -3.12439e-05 -0.00128754 -0.000342366 -0.000684643 -0.0012921 -0.00308765 
-0.00059376 -0.0012276 -0.000928474 0.000374273 6.99248e-05 -0.0002097 -0.00166258 8.14362e-05 0.126309 0.000719338 -0.00075936 0.0025626 0.000366942 -0.00295946 -0.001768 -0.00530139 -0.00810605 -0.00203584 -0.00234245 -0.00598399 -0.00201096 -0.00193584 -0.00171352 -0.00607758 -0.000649785 -0.00260127 -0.00239124 -0.00493926 -0.00355873 -0.000122432 -0.00231541 -0.00321075 -0.00104603 0.00023848 -0.000488124 -9.8973e-05 -0.0018126 -0.00082937 -0.00154856 -0.000787817 -0.00171029 -0.00127837 -0.000233473 -0.00144746 -0.00151571 -0.00111523 -0.000756124 -0.00160282 -0.000387713 -0.00191818 -0.000584794 -0.00156616 -0.00121466 -0.000898975 -0.00123799 -0.00127897 -0.000260794 -0.00117827 -0.00121369 -0.00196651 -0.00176328 -0.000531482 -0.000474581 -0.00155405 -0.00210496 -0.00166269 -0.00118937 -0.000621039 -0.00140219 -0.00153552 5.68443e-05 -0.00029535 -0.000246698 -0.00171557 -0.000618131 -0.000325846 -0.0015048 -0.000679104 -0.000516587 -0.000813425 -0.00140705 -0.00130147 0.00015433 0.000234974 -0.00259935 -0.00104747 -0.00115519 -0.0010025 -0.000273726 -0.000710103 -0.00156491 -0.00119656 -0.000668913 -0.000390073 0.000187396 -0.00191391 -0.000961039 -8.0874e-06 0.000416911 -0.000634437 
0.000271144 -0.00178146 -0.00090131 -0.000350825 -0.000506811 -0.000308707 0.00130103 -0.00184275 0.000719338 0.134864 0.000185562 -0.00113857 -0.00275071 -0.00233836 -0.00178292 -0.000612926 -0.00518927 -0.00282576 -0.00466876 -0.00819219 -0.00413493 -0.00571923 -0.00275824 -0.00123717 -0.00125923 -0.00324964 -0.00248517 -0.00375035 -0.00155537 -0.000987917 -0.00368402 -0.00144299 -0.000535033 -0.0031052 -0.00171085 -0.00152247 -0.00148212 -0.00237634 -0.000858711 -0.00161503 -0.00179522 -0.000342405 -0.000817526 -0.00120912 -2.20734e-05 -0.00182517 -0.00166265 0.000486707 0.000871233 0.000402711 -0.00216388 -0.00130703 -0.000832253 -0.00193774 -0.00085084 -0.000879913 -0.00170822 0.000491832 -0.000238471 -0.00102428 -0.00129721 -0.000806156 -0.000686624 -0.00144059 -0.00155801 -0.000535213 -0.000474869 -0.00129996 -0.00204553 -0.000729103 -0.00144555 -0.00131407 -0.00155657 -0.00226612 -0.00102929 -0.00111207 -0.00231453 -0.000297564 -0.000882928 0.0007211 -0.000971217 -0.0018843 -5.21756e-05 -0.000336731 0.000280898 -0.000402461 -0.000645411 -0.00255722 -0.00043488 -0.00133426 -0.00127585 -0.000294686 -0.000265322 -0.00118048 -0.00120682 -0.000995891 -0.00144184 -0.00133835 -0.000968947 -0.000638938 
0.000265537 -0.00158226 -0.000520124 -0.00136768 -0.0021015 -0.000316393 -0.00133324 -0.000442183 -0.00075936 0.000185562 0.14462 0.000211942 -0.00122931 0.000468055 -0.00351791 -0.00416341 -0.00591811 -0.00334691 -0.00392808 -0.00637505 -0.00318686 -0.00139648 0.000430996 -0.00600884 0.0013821 -0.00778964 -0.00159335 -0.00396978 -0.00243587 -0.00284698 -0.000894022 -0.0034118 -0.0018593 -0.00198702 -0.00222752 -0.00236843 -0.00208765 -0.0012532 -0.00219512 0.000224651 -0.00118386 -0.00150446 -0.000597754 -0.00027209 -0.000472341 -0.00103681 -0.00295007 -0.000653085 -0.000734711 -0.00221132 -0.000203629 0.000391884 -0.00176299 -0.0011388 0.000338992 -0.00215737 0.000240519 -0.00125717 -0.00195281 -0.0020324 -0.00178145 -0.00169005 0.00125357 -0.000488372 -0.00107743 -0.00197499 -0.00164871 -0.00210956 -0.00106779 -0.000663234 -0.000488038 -0.000669767 -0.000310372 -0.000652535 0.00012906 -0.00135526 -0.00111703 1.47265e-05 -0.00229405 -0.00184348 -0.0010152 -0.00227598 -0.000619264 -0.000973416 0.000723207 -0.00108611 -0.00110322 -0.000772166 -0.000269049 -0.00267288 -0.00102683 -0.00327831 -0.00204069 -0.00139844 -0.00108534 -0.00202888 -0.000422327 -0.00146114 -0.00121285 0.00162849 
-0.00133492 -0.000788428 -4.55706e-05 0.00029827 -0.000876702 -0.000183514 -0.00309674 -0.00281547 0.0025626 -0.00113857 0.000211942 0.13177 0.000340429 -0.00288389 -0.000592723 -0.00232088 -0.00151919 -0.00784671 -0.00520189 -0.00514927 -0.00565413 -0.0048231 -0.00677209 -0.00475512 -0.00410699 -0.0027637 -0.00305941 0.000128162 -0.00157507 -0.00373926 -0.00410889 -0.00119992 -0.000830817 -0.00122076 -0.00198861 0.000203496 -0.00219618 -0.00107428 0.000493607 -0.00164173 -0.000550665 -0.00180073 0.0013953 0.000158717 -0.0024109 -0.000276438 -0.000753537 -0.00108049 -0.000799896 -0.00274279 -0.00212317 -0.000787422 -0.000396584 0.000625061 -0.00117803 -0.00190079 -0.000322039 -0.00117599 -0.000377193 -2.62657e-05 -0.0011501 -0.00209756 -0.000901909 -0.000324316 -0.000866487 -0.000739971 -0.000273476 -4.89995e-05 -0.0013786 -0.00113235 8.17512e-05 -0.00133892 -0.000627143 -0.00102809 -0.000477041 -5.51976e-05 -0.00142329 -0.00045312 -0.000538397 -0.00116769 -0.00122693 -0.00206879 -0.000332837 0.000104096 -0.000481529 -0.000463275 -0.000387435 -0.00139674 0.00040953 -0.00206974 -0.000689534 -0.00109251 -0.000641474 -0.00101046 -0.000961076 -0.00125588 -0.00175401 -0.000191579 -0.00035636 -0.000372802 
-0.00146929 -0.00100946 -0.0024032 -0.00207063 -0.000437315 -0.00364769 -0.00347914 -0.00413896 0.000366942 -0.00275071 -0.00122931 0.000340429 0.174754 -0.00143078 8.99722e-05 0.000276279 -0.00489073 -0.0082117 -0.0023388 -0.00915058 -0.00718953 -0.00159435 -0.00544608 -0.00480516 -0.0010624 -0.00345034 -0.00279381 0.00160408 -0.00434833 -0.00329328 -0.00303339 -0.00312178 -0.00231138 -0.00365346 -0.00371888 -0.000669741 0.00113944 -0.00226632 -0.00192629 -0.00342094 -0.00189467 -0.00133538 -0.000870914 -0.00128796 -0.000678502 -0.0020644 -0.00190849 0.000661396 -0.000932936 -0.00129757 -0.000430685 -0.00104997 -0.000691511 -0.0031774 -0.00168896 -0.00157309 -0.00169949 0.000339259 -0.00167392 -0.00209294 -0.000716017 -0.000766863 -0.00103458 -0.00241661 -0.00110917 -0.000741352 -0.00168077 -0.00167401 -8.35695e-05 0.000791965 -0.00181004 -0.0014247 -0.000880252 0.000120208 -0.00189675 -0.000541944 -0.00140964 -0.00132179 -0.00212166 -0.00320546 -0.00125749 -0.000794424 -0.00146502 -0.00190983 -0.00117605 -0.00130278 -0.000543628 0.00125603 -0.0010793 -0.000912102 -0.00166125 -0.00297556 -0.000552292 -0.000272282 -0.00169147 -0.00169681 -0.00056316 -0.00142906 -0.00222334 -0.000286505 
-0.00222462 0.000564489 0.00145826 -0.00335533 -0.00238704 -0.000912363 -0.00407451 -0.00202224 -0.00295946 -0.00233836 0.000468055 -0.00288389 -0.00143078 0.217057 -0.00764171 -0.00866211 -0.000325506 -0.00052312 -0.00417945 0.000708224 -0.00839053 -0.00139713 -0.00222135 -0.00650737 -0.005637 -0.00350331 -0.00365705 -0.0039014 -0.00252341 -0.00190666 -0.00188998 -0.00184847 -0.00520732 -0.00101453 -0.00160373 -0.00345149 -0.00281541 -0.0027999 -0.00164365 -0.00149831 -0.00405383 -0.000602281 -0.000555339 -0.000132972 -0.00076731 -0.00189558 -0.000478294 -0.00323764 -0.000971356 -0.00194896 0.00132201 -0.0025306 -0.00314499 -0.00293813 -0.00130442 -0.00271353 -0.00121017 -0.00170337 -0.00202768 0.000112013 -0.00285477 -0.000913424 -0.00237308 -0.000772614 -0.00113897 -0.00082385 -0.00145162 -0.00409265 -0.00352169 -0.000904435 -0.00150603 -0.00130825 -0.00300909 -0.00216432 -0.00110327 -0.000866484 0.000788528 -0.00157886 -0.00243604 -0.00459569 -0.00403164 -0.00483161 -0.00433365 -0.00359038 -0.00355964 -0.00146124 -0.000453291 -0.00251803 -0.00297937 -0.00294503 -0.00255156 -0.000833058 -0.0016658 -0.00198599 0.00158458 -0.00112397 -0.00227064 -0.00181074 -0.000227614 -0.00191999 
-0.00357986 -0.00391687 -0.00187763 -0.000109086 -0.00435162 -0.00109233 -0.00323988 -0.00568564 -0.001768 -0.00178292 -0.00351791 -0.000592723 8.99722e-05 -0.00764171 0.231396 -0.0105116 -0.00140932 -0.00331722 0.00145616 -0.00157783 -0.00413901 -0.00703745 -0.0119277 -0.00670949 -0.00740762 -0.00146698 -0.00999645 -0.00963861 -0.00418063 -0.000541969 -0.00301761 -0.007005 -0.00120175 -0.000506887 -0.00227932 -0.00338652 -0.000222086 -0.00279361 0.000512909 -0.00247118 -0.000772657 -0.00164644 -0.0016657 0.000201334 -0.00112245 -0.000574624 -0.000110682 -0.0041847 -0.00160886 -0.000807679 -0.00178588 -0.0022926 0.00102438 -0.00217672 0.00026744 -0.000655879 -0.00249577 -0.000622381 -0.00120364 -0.00351109 -0.00331968 -0.00274311 -0.00324834 0.000368368 -0.00227049 -0.00182782 -0.00227016 -0.00319722 -0.00255374 -0.00040376 -0.00028694 -0.00204343 -0.00241698 -0.000794984 -0.00342009 -0.000983184 -0.00177937 -0.00176849 -0.00229409 -0.000578207 -0.00304689 -0.00151224 -0.000560562 -0.00130041 0.000929977 -0.00167608 -0.000282577 -0.000307275 -0.000771008 -0.00185646 -7.34524e-06 -0.00200954 -0.00122927 -0.00137682 -0.00278316 -0.00247984 -0.00365108 -0.000443466 -0.00217501 -0.00143742 
0.00109749 0.000430445 -0.00311259 -0.00259572 0.00201799 -0.00177323 -0.00446154 -0.00441788 -0.00530139 -0.000612926 -0.00416341 -0.00232088 0.000276279 -0.00866211 -0.0105116 0.230947 -0.000286773 -0.00111313 -0.000434948 -0.00104457 -0.00233536 -0.00314612 -0.0058617 -0.00505695 -0.00768611 -0.00379928 -0.00824164 -0.00414372 -0.00686071 -0.00413105 -0.00393729 -0.00105119 -0.00227974 -0.00302121 -0.00480709 -0.00370856 -0.00253898 -0.00118547 -0.00159947 -0.00216043 -0.00166673 -0.00429621 -0.00107411 -0.00108895 -0.00319483 -0.0016018 -0.000586793 -0.000260963 -0.0039939 -0.00311765 -0.00351498 -0.00189459 -0.00213982 -0.00207292 -0.00158403 -0.00075686 -0.00192794 -0.00115915 -0.00250834 -0.00295321 -0.000207621 -0.00153972 -0.000365026 -0.00130888 -0.000370721 -0.00303744 -0.000896813 -0.00238314 -0.0011521 -0.000574886 -0.00130335 -0.00161331 -0.00102905 -0.00144154 -0.00106191 -0.00281341 -0.00299074 -0.00204226 0.00126942 -0.00190445 -0.00202175 -0.000468037 -0.00308111 -0.00326986 -0.000804899 -0.00245569 -0.0001526 -0.0023453 -0.000152176 -0.00197669 0.000349829 -0.00285735 -0.00298814 -0.00160356 -0.00199293 -0.00216026 -0.00451331 -0.00297481 -0.000263837 -0.00251073 
-0.00254968 -0.00318647 -0.00216238 -6.63199e-05 -0.00234447 -0.0029284 -0.000162167 -0.00363837 -0.00810605 -0.00518927 -0.00591811 -0.00151919 -0.00489073 -0.000325506 -0.00140932 -0.000286773 0.244704 0.00671785 -0.00282357 -0.00286322 0.00512594 -0.00577627 -0.0147062 -0.00473257 -0.0105247 -0.00926067 -0.0216582 -0.00906592 -0.00382797 -0.00502032 -0.00245493 -0.00375786 -0.00213732 -0.00193882 0.00016855 -0.00439146 -0.00409473 -0.00147407 -0.000737909 -0.00324912 -0.00353747 -0.00176368 -0.0043723 -0.00182629 -0.00178467 -0.00172014 -0.00213444 -0.00384222 -0.00198563 -0.00308435 -0.00113164 -0.00129695 -0.00246685 -0.00112238 0.000410149 -0.000499563 -0.000112215 -0.00233729 -0.00213374 -0.00163551 -0.000898995 -0.00309787 -0.00243251 -0.00155137 0.000228239 -0.00138661 -0.00150064 -0.00227453 -0.00209252 -0.00154833 0.00021331 -0.00189839 -0.000510396 -9.89059e-05 -0.00126792 -0.000372987 -0.00127635 -0.0013577 0.000101525 0.00194831 0.000458398 -0.0017418 -0.000855789 -0.00130873 -0.00244746 -0.0034929 -0.000126433 -0.00290756 -0.00120471 -0.0047499 -0.00208194 -0.00220449 -0.00308939 -0.00160553 -0.00392405 -0.0032386 -0.0031016 -0.000423791 0.00014437 -0.000183479 
-0.00278349 -0.00178655 -0.00107528 -0.00358021 -0.00336846 -0.0073459 -0.000682302 -0.00277558 -0.00203584 -0.00282576 -0.00334691 -0.00784671 -0.0082117 -0.00052312 -0.00331722 -0.00111313 0.00671785 0.249077 -0.00483989 0.000280849 -0.0035134 0.00218409 0.00322416 -0.00823063 -0.00227821 -0.00737642 -0.00741165 -0.00273162 -0.00678712 -0.00394054 -0.00587762 -0.00298841 -0.00181387 -0.00516636 -0.00278132 -0.00196459 -0.00666876 -0.00321747 -0.00479925 -0.00440546 -0.0027127 -0.00211768 -0.00202465 -0.00488582 0.000400606 -0.00306152 -0.000467214 -0.00335097 -0.00353594 -0.00291351 -0.0028337 -0.00425345 -0.00158892 -0.00155724 -0.00117547 -0.00128868 0.000286076 -0.000866484 -0.00481874 -0.00167137 -0.00113519 -0.00118345 0.00100247 -0.00277703 -0.0012828 -0.00262924 -0.00197886 -0.00334341 0.000350913 -0.00507803 -0.00192514 -0.000195496 -0.00150508 -0.00101652 -0.00088289 -0.00220276 -0.00180361 -0.00322533 -0.00226196 -0.000582144 -0.000879803 -0.00298206 -0.00232723 -0.00320525 -0.00244036 -0.00323768 -0.000904409 -0.00247374 -0.00268776 -0.00156113 -0.00392694 -0.00372565 0.00128541 -0.0023639 -0.00165504 -0.00192376 -0.00033094 -0.00202932 -0.00458111 -0.00202928 
-0.00145013 -0.00190977 -0.000832099 -0.00233914 -0.00322771 -0.000446162 -0.00241785 0.000314607 -0.00234245 -0.00466876 -0.00392808 -0.00520189 -0.0023388 -0.00417945 0.00145616 -0.000434948 -0.00282357 -0.00483989 0.249674 -0.00468422 -0.00330835 0.00311763 -0.00631491 -0.0126333 -0.00856129 -0.00628349 -0.00474992 -0.00446157 -0.00107759 -0.00124505 -0.00618569 -0.00395282 -0.00517483 -0.00316101 -0.00140306 -0.00319822 -0.00364581 -0.0040538 -0.00350758 -0.00408623 -0.00122605 -0.00298258 -0.0034734 -0.0025956 -0.000404659 -0.00306303 -0.0018961 -0.000752441 -0.000510735 -0.000906225 -0.00226975 0.0010003 -0.000552196 -0.00429256 -0.00331128 -0.00286317 -0.00362115 -0.00554719 -0.00221039 -0.00234762 0.0020606 -0.0020129 -0.00324011 0.000713819 -0.00138678 -0.00191688 -0.00115814 -0.00201902 -0.00173753 -0.000531268 -0.00123529 -0.00225241 -0.00310675 -0.00230075 -0.00360451 -0.00352455 0.000259397 -5.34803e-05 -0.00277149 -0.00122479 -0.00426438 -0.0014068 -0.00138844 -0.00248436 -0.00490649 -0.00272632 0.000209494 -0.00133059 -0.00192852 0.0016182 -0.00373314 0.00208638 -0.00394102 -0.00372568 0.000159515 -0.00244077 -0.00270445 -0.00386533 -0.00332265 -0.00452917 
-0.00317377 -0.00376438 -0.00433686 -0.000303065 -0.00240979 -0.000830883 -0.00530276 -0.0024363 -0.00598399 -0.00819219 -0.00637505 -0.00514927 -0.00915058 0.000708224 -0.00157783 -0.00104457 -0.00286322 0.000280849 -0.00468422 0.249481 -0.00373588 0.000169291 -0.000188729 -0.010473 -0.00312029 0.00075826 -0.00713605 -0.00949881 0.00251271 -0.00778236 -0.00498362 -0.00371951 -0.00213965 -0.0037342 -0.00323543 -0.00073901 -0.00289731 -0.0030208 -0.000627938 -0.00293778 -0.000175794 -0.000912629 -0.00275851 -0.00350316 -0.00257186 -0.0028359 -0.00216146 -0.00065853 -0.000347276 -0.000785617 -0.000900164 -0.00269475 -0.00379154 -0.00266284 -0.0024447 -0.000890299 -0.00331846 -0.00412568 -0.00304301 -0.00163698 -0.0028708 -0.00312763 -0.000755459 -0.00194864 -0.00079545 -0.00102942 -0.000830693 1.65594e-05 -0.00181618 -0.00117037 -0.00160157 -0.0015558 -0.00223979 -0.00330846 0.000153591 -0.00294012 -0.00384617 -0.000998555 -0.00186383 0.00222252 -0.00345173 -0.00300437 -0.00251514 0.00118005 -0.000246575 -0.00193814 -0.00248213 -0.00135727 -0.00402647 -0.00112046 -0.00308378 -0.00250857 -0.00164084 -0.00125196 -0.00411955 -0.000266251 -0.00272298 -0.00232659 -0.00295206 -0.004001 
-0.00398368 -0.00320183 -0.00185436 -0.00217665 -0.00221889 -0.00473925 0.00168188 -0.00140615 -0.00201096 -0.00413493 -0.00318686 -0.00565413 -0.00718953 -0.00839053 -0.00413901 -0.00233536 0.00512594 -0.0035134 -0.00330835 -0.00373588 0.249772 -0.00576686 -0.00268035 -0.000784839 -0.00751676 -0.00108743 -0.00689573 -0.0106679 -0.00829634 -0.000572677 -0.00403212 -0.00323765 -0.00499182 -0.00287802 0.000706575 -0.00297903 -0.00344842 -0.00258656 0.001214 0.000852526 -0.00363607 -0.00326474 -0.00386916 -0.00360536 -0.00169902 -0.00115219 -0.00505512 -0.0042255 -0.00173489 -0.00238839 -0.00180009 0.00127982 -0.00112622 0.000692568 -0.00160635 -0.00352677 -0.00366668 -0.00110121 -0.000408346 -0.00249709 -0.000709097 -0.00280285 -0.000675746 -0.00354019 -0.00224066 -0.00346207 -0.000615556 -0.00143373 -0.0025387 -0.00156276 -0.00204949 -0.00317965 -0.00272479 -0.0023535 -0.00177705 -0.00295729 -0.0014285 -0.000331872 -0.000673642 0.000635997 -0.00075248 0.000573974 -0.00118999 -0.00383704 -0.00166585 -0.00178982 -0.00180421 -0.0055247 0.000438906 -0.00331214 -0.00328828 -0.00041548 -0.00486517 -0.00269468 -8.64891e-05 -0.000977751 -0.00170942 -0.00252467 -0.00208598 -0.00542771 
0.000794212 -0.00191389 -0.00321495 -0.000453845 -0.00277789 -0.00094793 -0.00670428 -0.00432785 -0.00193584 -0.00571923 -0.00139648 -0.0048231 -0.00159435 -0.00139713 -0.00703745 -0.00314612 -0.00577627 0.00218409 0.00311763 0.000169291 -0.00576686 0.248356 -0.00294314 -0.00278496 0.0015776 -0.0116179 -0.00355392 -0.00637763 -0.00290214 -0.0117448 -0.00789244 -0.000428728 -0.00266637 -0.00120956 0.000365184 -0.00232062 -0.00440467 -0.00293607 -0.00262154 -0.000838801 -0.00134243 -0.00185647 -0.00638195 -0.00204471 -0.00189578 -0.00315672 -0.00400899 -0.0016677 -0.00331056 -0.00124745 -0.00288641 -0.00330605 -0.00067214 -0.00237229 -0.00372151 0.000248755 -0.00196262 -0.00242099 -0.00123477 -0.00313231 -0.00106066 -0.0025428 -0.00199847 -0.00236646 -0.00230561 -0.00163495 -0.0057928 -0.00245307 -0.000931507 0.0012998 -0.00355619 -0.000573697 -0.00142935 -0.0025273 -0.00242377 -0.00280957 -0.000537835 -0.0026372 -0.00299026 -0.00411175 -0.00338438 -0.00118521 -0.00301753 -0.00154203 -9.10602e-05 -0.00177613 -0.00226096 -0.000754548 -0.00296214 -0.00250483 -0.00153004 -0.00555301 -0.00153526 -0.00222549 -0.000610561 0.000539767 -0.000823384 -0.00241309 -0.0035258 -0.00147519 
-0.00243506 -0.00204951 -0.000282005 -0.0035259 -0.00082757 -0.00591531 -0.00337298 0.000376095 -0.00171352 -0.00275824 0.000430996 -0.00677209 -0.00544608 -0.00222135 -0.0119277 -0.0058617 -0.0147062 0.00322416 -0.00631491 -0.000188729 -0.00268035 -0.00294314 0.249903 -0.0125001 -0.00464581 -0.00149055 -0.00295153 -0.00806319 -0.00703776 -0.00227885 -2.10982e-05 0.000144584 -0.00616209 -0.000792283 -0.00257521 -0.00347646 -0.00434024 -0.0027298 -0.00269726 0.00093453 -4.48081e-05 -0.00284915 -0.00506719 -0.00245717 -0.00354476 -0.00132043 -0.00198584 -0.00166128 -0.0012177 -0.00119808 -0.00162696 -0.00398532 -0.00186764 -0.000439173 0.000185215 -0.00105742 -0.00418827 -0.00380044 -0.00182181 -3.2663e-06 -0.00539371 -0.00362189 -0.00187752 -0.00152949 -0.00243919 -0.000165643 -0.00296071 -0.00174129 -0.00050141 -0.00420718 -0.00206519 -0.000829078 -0.00158136 -0.00203366 -0.00238882 -0.00232017 -0.00382001 -0.00259494 -0.00137715 -0.00373781 0.000322002 -0.000504855 -0.00171953 -0.000594864 -0.00138988 -0.000471228 -0.00182443 -0.00230238 -0.00125822 -0.000491921 0.000805171 -0.00221679 -0.00182433 -0.00147196 -0.000904108 -0.00237004 -0.00154451 -0.00191144 -0.000975281 -0.00152238 
-0.00312357 0.000129277 -0.0042833 -0.00289057 -0.00264464 -0.00136974 0.00226558 -0.00228715 -0.00607758 -0.00123717 -0.00600884 -0.00475512 -0.00480516 -0.00650737 -0.00670949 -0.00505695 -0.00473257 -0.00823063 -0.0126333 -0.010473 -0.000784839 -0.00278496 -0.0125001 0.248301 -0.00430579 -0.00220713 0.000530202 0.000451935 -0.0103767 -0.0079979 -0.00480527 -0.00333994 -0.00173571 -0.00405011 -0.00193259 -0.00096212 -0.00135482 0.000492714 -0.00222577 -0.0015502 -0.00122411 -0.0039853 -0.00108742 -0.00166996 -0.0017471 -0.00314458 -0.000454896 -0.00107043 -0.002373 -0.0022554 -0.00102964 -0.000613531 -0.00262292 -0.00163831 -0.00123509 -0.00167772 -0.00394359 -3.34726e-05 0.000358892 -0.00230067 -0.00231554 0.00150921 -0.00161158 0.00127163 -0.000494778 -0.00287441 -0.00342227 4.81634e-05 0.00104052 -0.0043282 -0.00228279 -0.00151027 -0.00278697 -0.00119572 -0.00112864 -0.00110222 -0.00160759 -0.00256963 -0.00289625 -0.00352693 -0.000535733 -0.0010081 -0.00215736 -0.00340843 -0.000277963 -0.000168114 -0.00334971 -0.00332902 -0.00159232 0.00120518 -0.00415416 -0.000394992 -0.00286066 -0.00130885 -0.00279849 -0.00166324 -0.00100203 -0.00252376 0.000950315 0.00047967 
0.00163164 -0.00179862 -0.00224727 -0.00385153 -0.000242517 -0.0026796 -0.00396998 -0.00399021 -0.000649785 -0.00125923 0.0013821 -0.00410699 -0.0010624 -0.005637 -0.00740762 -0.00768611 -0.0105247 -0.00227821 -0.00856129 -0.00312029 -0.00751676 0.0015776 -0.00464581 -0.00430579 0.239139 -0.0130949 -0.00532765 -0.00319119 -0.00262655 -0.00655352 -0.00241611 -0.00413576 0.000562765 -0.00050056 -0.000769695 -0.00102626 -0.000135181 -0.00279256 -0.00267273 -0.00189205 -0.00183502 -0.00243997 -0.00164078 -0.00224987 -0.00327601 -0.000850732 -0.00534515 -0.00170862 -0.00181236 -0.00235777 -0.00470069 -0.000958586 -0.00105697 -0.000671272 -0.00127028 -0.00429051 -0.000927552 -0.00358191 -0.00234491 -0.00150614 0.000548989 -0.00357129 -0.00241405 -0.00351183 -0.00324146 -0.00148582 -0.00290364 -0.00385877 -0.00281446 -0.00288472 -0.00301564 -0.00209572 0.000310334 0.000454773 -0.00147972 -0.00136627 -4.19388e-05 -0.00182113 -0.00103028 0.000193267 -0.00113244 -0.000618516 -0.00244908 -0.00292583 -0.0010437 0.000415086 -0.00221674 -0.000188838 -0.00375845 0.000255614 -0.00149808 0.000121533 -0.000304607 -0.000478386 -0.00229083 -0.00165233 -0.00242853 -0.00158091 -0.00250123 -0.00248636 
-0.00260201 -0.00161285 0.000933574 -0.00115169 -0.00401249 -0.0017988 -0.00444369 -0.00329287 -0.00260127 -0.00324964 -0.00778964 -0.0027637 -0.00345034 -0.00350331 -0.00146698 -0.00379928 -0.00926067 -0.00737642 -0.00628349 0.00075826 -0.00108743 -0.0116179 -0.00149055 -0.00220713 -0.0130949 0.241268 -0.00100823 -0.00159895 0.00244083 -0.000113132 -0.000456296 -0.000889992 -0.00544449 -0.000264091 0.000757519 4.67868e-05 -0.000622674 -0.00450772 -0.0025035 -0.00362262 -0.00120956 -0.00212044 -0.000712118 -0.00226039 -0.00101026 -0.0024439 -0.00142794 -0.00528913 -0.00165179 -0.00161555 -0.00292113 -0.000825639 -7.2536e-05 -0.00411652 -0.00352232 -0.000934139 -0.00281211 -0.00152533 -0.00157365 -0.00238177 -0.00634792 -0.00122549 -0.00241037 -0.00278251 -0.00116896 -0.00278442 -0.000137578 -0.000795255 -0.00276525 -0.00297631 9.45594e-05 -0.00263708 -0.00313775 -0.00107315 -0.00260437 -0.00132662 0.000708153 -0.00111915 -0.000879805 -0.00518604 -0.00329683 -0.00441229 -0.00219633 -0.00223375 6.04537e-07 -0.00302862 -0.00300565 -0.00127869 -0.00153312 -0.000707145 -0.00439896 -0.00212104 -0.00227127 -0.00106577 -0.00239944 -0.00354999 -0.00172886 0.000104312 -0.00331646 -0.00179547 
-0.00235019 -0.00291896 -0.000316974 -0.0033742 -0.00125215 0.00054254 -0.00429301 -0.00428583 -0.00239124 -0.00248517 -0.00159335 -0.00305941 -0.00279381 -0.00365705 -0.00999645 -0.00824164 -0.0216582 -0.00741165 -0.00474992 -0.00713605 -0.00689573 -0.00355392 -0.00295153 0.000530202 -0.00532765 -0.00100823 0.231326 -0.0025441 -0.00278874 -0.00189918 -0.00189669 -0.00301684 5.65584e-06 -0.00276553 -0.00452785 -0.000744013 -0.00207488 -0.00137094 -0.00249005 -0.00126054 -0.00259543 -0.000682174 0.000648547 0.00158085 -0.00315471 -0.00256074 -0.000560133 -0.000747479 -0.00165146 -0.00159211 -5.82512e-05 -0.00228583 -0.000985339 -0.00106832 -0.000917454 -0.00300359 0.000231571 -0.000758013 -0.00205422 -0.00110921 -0.000454962 -0.00138081 -0.00179669 -0.00257386 -0.00288647 -0.00249032 -0.000349275 6.2287e-05 -0.00191562 -0.00227086 -0.00357978 -0.00198079 -0.000207699 -0.00214581 -0.000766896 -0.00197032 -0.00197027 -0.00161411 -0.00391824 -0.00297329 -0.00253608 -0.00156665 -0.00382915 -0.00158554 -0.00173845 -0.000183121 -0.00400973 -0.00167871 -0.00224209 -0.00173456 -0.00301595 -0.000782468 -0.00322654 -0.000224959 -0.00030479 -0.00109954 -0.000199586 -0.000567517 0.00101906 -0.0013095 
0.000710839 -0.00224177 -0.00227794 -0.00137233 -0.00244227 -0.00135984 9.63702e-05 -0.00241651 -0.00493926 -0.00375035 -0.00396978 0.000128162 0.00160408 -0.0039014 -0.00963861 -0.00414372 -0.00906592 -0.00273162 -0.00446157 -0.00949881 -0.0106679 -0.00637763 -0.00806319 0.000451935 -0.00319119 -0.00159895 -0.0025441 0.213548 0.000163923 0.00298868 0.000490835 -0.000541787 -0.00130892 -0.00435699 -0.000145594 -0.00355007 -0.00123352 -0.000615627 -0.00120279 -0.00232253 -0.000184656 0.000874223 -0.00290947 -0.00227442 -0.000126055 -0.000822483 -0.000935301 -0.00287866 -0.00293432 -0.002116 -0.00364178 -0.00186283 -0.00267288 -0.00336806 -0.0019167 -0.000316459 -0.00222258 -0.00331769 -0.00197673 0.000849057 -4.47696e-05 -0.00160802 -0.000374154 -0.000566385 0.000869446 -0.00135717 -0.00315597 -0.00297135 -0.00291461 -0.000541876 -0.00184202 -0.000571148 -0.00213637 -0.00303716 -0.00220726 -0.00193018 -0.00152671 -0.00259412 -0.00109963 -0.00412313 -0.00109597 -0.00129231 -0.00292757 -0.00370936 -0.00140837 -0.00218603 -0.00221286 0.000844658 -0.00160036 -0.00327098 -0.000770586 -9.65285e-05 -0.00247556 -0.00231566 -0.00163185 0.000197954 -0.0012384 -0.00291772 -0.00286704 -0.00278964 
-0.00253976 -0.001797 -0.00158045 -0.000149645 -0.00371456 -0.00114081 -0.00299781 -0.00238035 -0.00355873 -0.00155537 -0.00243587 -0.00157507 -0.00434833 -0.00252341 -0.00418063 -0.00686071 -0.00382797 -0.00678712 -0.00107759 0.00251271 -0.00829634 -0.00290214 -0.00703776 -0.0103767 -0.00262655 0.00244083 -0.00278874 0.000163923 0.171574 -0.00203625 -0.00203744 4.37535e-05 0.000192861 -0.000911946 -0.000389761 -0.00220221 -0.0015041 -0.000551142 -0.00130879 -0.000517897 -0.00235697 0.000341981 -0.00100361 -0.000637103 -0.00116235 -0.00260852 -0.00193253 -0.00160419 -0.00217702 -0.00382768 -0.000418938 -0.00062112 -0.0010484 -0.00174312 -0.00283472 -0.000114846 -0.00127455 -0.00141382 -0.000821927 -0.00141634 -0.00286543 0.000128182 -0.00215317 -0.000988573 -0.000844049 0.00035169 0.000238177 0.000328288 -0.000210862 -0.00124404 -0.00100308 -0.000816824 -0.00170747 -0.00420037 -0.000576651 -0.00191417 -0.0022972 -0.00142287 -9.77163e-05 -0.00182015 0.000237513 -0.000788411 -0.000310956 -0.000581763 -0.00168048 -0.00202045 -0.0005257 -0.00268236 -0.00310314 -0.00273508 0.000649909 -0.000136847 -0.00156572 -0.0025307 -0.00189473 -0.00221018 -0.00154645 -0.000912134 -0.000701348 0.000421809 
-0.00212815 -0.00218633 -0.00263572 -0.00140834 -0.0023618 -0.0023976 -0.00306118 -0.00144548 -0.000122432 -0.000987917 -0.00284698 -0.00373926 -0.00329328 -0.00190666 -0.000541969 -0.00413105 -0.00502032 -0.00394054 -0.00124505 -0.00778236 -0.000572677 -0.0117448 -0.00227885 -0.0079979 -0.00655352 -0.000113132 -0.00189918 0.00298868 -0.00203625 0.176906 -0.00188926 -0.00132337 -0.0026373 0.000215626 -0.00322269 0.000641608 0.000801338 -0.000888178 -0.0020975 -0.00139221 -0.00181482 -0.000585018 -0.00221893 -0.00146696 0.000294455 -0.00217089 -0.00205583 -0.00201366 -0.00177601 -0.000857952 -0.00095434 -0.000570279 -0.000922674 -0.00131905 -0.001965 -0.00154804 -0.00272127 5.67609e-05 -0.00109624 -0.00162808 -0.00286758 -0.00064119 -0.00127768 -0.00124969 -0.000719948 -0.00177169 -0.000807503 -0.00255684 -0.00340559 -0.00184081 -0.00216767 -0.00167871 -0.00203088 -0.00108821 -0.000633892 -0.00122613 -0.00150411 -0.0014324 -0.00167053 -0.00045375 -0.000678204 -0.00120138 -0.000130454 -0.00203081 -0.00310971 -0.00128126 0.000253802 -0.00164219 -0.000191133 -0.000458072 -0.000313414 -0.00107364 -0.00221365 -0.0019111 -0.00179472 -0.000991582 -0.00169763 -0.000773961 -0.000625433 -0.00150107 
-0.00199526 -0.00122412 -0.00101075 -0.000823852 -0.000509984 -0.00106746 -0.00146488 -0.00265655 -0.00231541 -0.00368402 -0.000894022 -0.00410889 -0.00303339 -0.00188998 -0.00301761 -0.00393729 -0.00245493 -0.00587762 -0.00618569 -0.00498362 -0.00403212 -0.00789244 -2.10982e-05 -0.00480527 -0.00241611 -0.000456296 -0.00189669 0.000490835 -0.00203744 -0.00188926 0.147975 -0.000967806 -0.00152637 -0.000623125 -0.00128483 -0.00187482 -0.000827174 -0.000867305 -0.00245859 -0.00217435 -0.00115538 -6.63337e-05 -0.00047523 -0.00115718 -0.00130739 -0.000218042 -0.000894048 -0.000257797 -0.000428153 -0.00175555 -0.000473569 -0.000883638 -5.13169e-05 0.000107014 -0.00151894 0.000392656 -0.000975364 -0.000315616 0.000187291 0.000649758 -0.00154091 -0.0019971 -0.00104912 -0.000209735 -0.0020632 -0.00153718 -0.000437518 -0.00177936 -0.00177269 -0.00051015 -0.00222271 -0.00095262 -0.00126497 -0.00233215 -0.000587535 -0.000869069 -0.000349952 -0.00160104 -0.00104868 -0.001518 -0.00115405 -0.000326811 -0.00175743 -0.00118095 -0.000441962 -0.00116765 -0.000806527 -0.00107729 -0.00186348 -0.000558545 -0.00145288 -0.00180169 0.000106363 -0.00129889 -0.000933827 -0.00165004 -0.000825802 -0.00156243 0.000558241 -0.00184307 
-0.000946702 -0.000774477 -0.000465633 -0.000465074 -0.000976723 -0.0009782 -0.000959887 -0.00113709 -0.00321075 -0.00144299 -0.0034118 -0.00119992 -0.00312178 -0.00184847 -0.007005 -0.00105119 -0.00375786 -0.00298841 -0.00395282 -0.00371951 -0.00323765 -0.000428728 0.000144584 -0.00333994 -0.00413576 -0.000889992 -0.00301684 -0.000541787 4.37535e-05 -0.00132337 -0.000967806 0.131102 0.000827818 -0.00149608 -0.000945119 -0.00100644 -0.000896956 -0.00249905 -0.00218633 -0.00170091 -0.000985426 -0.00190101 -0.000789161 -0.00089757 -0.00107134 -0.000272474 -0.00176287 -0.000623513 -0.000120491 -0.00176055 -3.8848e-05 -0.000483383 -0.00187878 -0.000434411 0.000266191 -1.02423e-05 -0.00184324 -0.00216476 -0.00130937 0.000419867 -0.00144376 -0.00178347 -0.000969171 -0.000228797 -0.00135195 -0.00127538 -0.000961655 -0.00213359 -0.0010792 -0.0015841 -0.00157527 -0.000869874 -0.000357602 -0.00207321 -0.000728943 -0.00258018 -0.00135206 -0.00153453 -0.000538637 -0.00329695 -0.000715515 -0.000447725 0.000397217 -9.81611e-05 -0.000782412 -0.000972582 -0.00108633 -0.00174181 -0.000740235 -0.000388699 -0.000943115 -0.00134036 -0.000539742 -0.00140005 -0.000411072 -0.000846509 -0.000265402 -0.000337021 -0.000648209 -0.00140386 
