0.0804007 -0.00088113 0.000186932 -0.000103968 0.000231935 -0.000377453 -0.0009 -0.00112633 -0.0013052 -0.00156047 -0.00166333 -0.00240378 -0.00196396 -0.000483532 -0.00390986 -0.00283191 -0.0023613 -0.00070387 -0.00175855 -0.00188245 -0.000117637 -0.00401355 -0.00142281 0.00100053 -0.00178717 -0.00260908 6.63933e-05 -0.00343841 -0.00187797 -0.00311039 -0.00131663 -0.000839862 -0.0023018 -1.42092e-05 -0.00129541 -0.00064984 -0.000360926 -0.000841918 -0.000197531 1.92224e-05 -0.000488084 -0.000961747 -0.000919509 0.000206321 -0.000732605 -0.00050807 -0.000561462 0.000155128 -0.00020707 -0.00126175 -0.00118493 -3.26891e-05 -0.000812751 -0.000184286 -0.000214845 -0.000741105 -0.000376073 -0.000152344 -0.000524285 -0.00211256 -0.00106567 0.000900505 -4.95208e-05 -0.000273395 -0.000112563 -0.000186388 -0.000386206 0.000105314 -0.00093367 -0.000646133 -0.000733108 -0.000906557 4.67777e-05 -0.000906962 -0.00115382 -0.000935647 -0.000353144 -0.00127614 0.000908003 -0.000553164 -0.00111564 0.000381132 -0.000349353 -0.00113917 -0.000784043 -0.000216661 -0.000207268 -0.000459963 -0.000375799 2.5442e-05 -0.000114184 -0.000519711 -0.00117239 -0.00118551 -0.000777203 -0.000412301 -0.000321212 -0.000187245 -0.000566945 0.000130764 
-0.00088113 0.089598 -0.000269327 0.000749188 -0.000549813 0.000809322 -0.000858771 -0.000992452 -0.00147115 -0.00145362 -0.00127854 -0.00260424 -0.00012797 -0.00245617 -0.00223614 -0.00148147 -0.00163603 -0.00181778 -0.00403151 -0.00215528 0.000759654 -0.00184053 -0.00258146 -0.00297093 -0.00160358 -0.00292236 -0.000623084 -0.0014184 -0.000762079 -0.00421713 -0.00203389 -0.00222626 -0.000647806 -0.00100404 -0.000853234 -0.000617801 -0.00121451 -0.00106753 -0.000542935 -0.000847427 -0.000416196 -0.000511899 -0.000567731 -0.00122251 -0.00101184 -0.00124408 -0.000680622 9.03061e-05 -0.00106229 -0.000975385 0.000525431 -0.00126215 -0.000482241 -0.000227999 -0.000646168 -0.000815447 0.000484142 -0.000812621 -0.00105629 -0.00151326 -0.00087316 -0.000271356 -0.000944924 -0.000705788 -0.000650225 0.000348927 -0.00135648 -0.00159861 -0.000435724 -0.000535527 -7.73842e-05 -0.00105125 0.000110789 -0.000116113 -0.000569395 -0.000362682 -0.00145034 -0.00100868 -0.000762406 -0.000679045 -0.000348927 -0.000461627 -0.000892559 -0.00108646 0.000601802 -0.00115241 -8.39526e-06 -0.000264113 -0.00120107 0.000584652 -0.000651855 -0.000185414 -0.000643469 -0.00110949 -0.00101999 -0.00015658 -0.000362985 0.000419702 -0.00129575 1.33998e-05 
0.000186932 -0.000269327 0.0905712 -0.000259539 -0.000774974 -0.00052553 0.00010534 -0.000625921 -0.000839322 -0.00260527 -0.000291531 -0.00371744 -0.00205622 -0.00268206 -0.00119743 -0.00177164 -0.00110603 -0.00125192 -0.00254276 -0.00331216 -0.00080022 -0.00128487 -0.00231509 -0.00330904 -0.00292034 0.000117616 -0.00230793 -0.00356918 -0.00118923 -0.00190959 -0.000303214 -0.00154392 -0.000540693 -0.00107043 -0.00122141 -0.000782915 -0.000635761 -0.000241937 -0.00023483 -0.00109396 -0.000590586 -0.00103911 -0.00105465 -0.000753149 -0.00142866 -0.00171958 -0.000162757 -0.000552583 -0.000387156 0.000573631 -0.00175564 -0.000979247 -0.00119789 -0.000810535 -0.00106621 -0.000785471 -0.00102874 -1.62174e-05 -0.000865165 0.000505469 -0.00086707 -0.00121042 -0.000723934 -0.000545784 0.00036719 0.000214894 -0.000590688 -0.000773305 -0.000501444 -0.000500376 -0.000787806 -0.00120501 -0.0011819 -0.000329746 -0.000301217 -0.00114642 -0.000254049 -0.00078851 -0.000722572 0.000726915 -0.00128462 -0.000242971 -0.000970493 -0.00116073 -0.000389653 -0.000612374 2.68904e-05 -0.000305398 -0.000382797 -0.000424133 -0.000190083 -0.000996722 -0.000793604 -0.000400394 -0.00088173 -0.000820082 -0.000396172 -0.000362819 -0.000559186 -0.000494862 
-0.000103968 0.000749188 -0.000259539 0.0852003 -0.000282098 -0.000630958 -0.000849329 -0.000154115 -0.000845184 -0.00138549 -0.00214066 -0.00124563 -0.00142189 0.00119541 -0.00228699 -0.00222696 -0.00217521 -5.22414e-05 -0.0010157 -0.000304259 -0.00442846 -0.00214068 -0.00234791 -0.00361058 -0.00290539 -0.00447922 -0.00293939 -0.00183989 -0.00109151 -0.00271764 -0.000965144 -0.00089399 -0.00183425 -0.000416672 -0.000990087 -0.000621241 -0.00074016 -0.00090752 -0.00118972 -0.00085521 -0.00105895 0.000113877 -0.000618762 -0.00139566 -0.00104608 -0.000842991 -0.00129518 -0.000491099 -0.000387939 -0.000575695 -0.000703919 -0.000176607 -0.00059061 -0.00143883 0.000176215 -0.000585255 -0.00113678 -0.000571244 -0.000369218 -0.000200406 -0.000379421 0.000268289 -0.000325187 0.000452519 -0.000574212 -0.00039991 -0.0013736 -0.00108627 -0.00131057 -0.000642809 -0.000660518 -0.000241837 -0.000716257 -0.000618732 -0.000360567 -0.000834766 -0.000821678 -0.000830041 -1.66947e-06 -0.000720072 -0.00042088 -4.89799e-06 -0.000214003 3.35115e-05 4.46256e-06 -0.000569633 -0.000950549 -0.000440019 -0.000644979 -0.000909551 -0.000502199 0.000730913 -0.000259533 -0.00052123 -0.000684455 -9.61394e-05 -0.000354135 -0.000773653 -0.000765746 -0.000134897 
0.000231935 -0.000549813 -0.000774974 -0.000282098 0.0948895 0.000826458 6.71185e-05 -0.00101342 -0.0012549 -0.000864937 -0.000845004 -0.00147779 0.00232248 -0.000329367 -0.00326582 -0.0037104 -0.00300799 -0.00296698 -0.00250172 -0.00226328 -0.000952869 -0.00116031 -0.00135015 -0.00448277 -0.00255439 -0.00119797 -0.00241526 -0.00127108 -0.00099191 -0.00139047 -0.000453066 -0.000992473 -0.00188182 -0.000688099 -0.000409859 -0.000802815 -0.000815851 -0.00132354 -0.00117698 -0.000895913 -0.000491612 -0.00179613 -0.000231239 -0.00118077 -0.00104125 -0.000647868 -0.00089279 -0.000407188 -0.000556978 -0.00108292 2.59083e-05 -0.000833089 0.000210257 -0.000398599 -0.000675349 -0.00027022 -0.000394678 -0.000694736 -0.000644855 -0.00164216 -0.00101216 -0.00056359 -0.00051049 -0.00137387 -0.000504198 -0.00172869 -4.38366e-06 -0.00131085 -0.000531022 -0.000906298 -0.0010657 -0.000228622 -0.000838181 -0.0010352 -0.000907714 -0.00124094 -0.0014017 -0.000757661 -0.000128461 -0.000592944 -0.00024304 -0.00056006 -0.000722949 -0.0011438 -0.000668663 -0.000174964 -0.000740339 -0.000479995 -0.00166366 -0.00120377 -0.000402235 0.000151901 -0.00172179 -0.000852368 -0.0013707 -0.000621956 -0.000367649 -0.000216889 -0.00137679 -0.00135277 
-0.000377453 0.000809322 -0.00052553 -0.000630958 0.000826458 0.104245 -0.000445739 -0.00149796 -0.00152498 -0.00218991 0.000445735 -0.00253767 -0.000299152 -0.00153048 -0.00507211 -0.00120744 -0.000224365 -0.00316155 -0.00280152 -0.00126832 -0.000746465 -0.00451772 -0.00416021 -0.00139641 0.000350385 -0.00374315 -0.00131921 -0.0022889 -0.00164373 -0.00213228 8.84005e-05 -0.00202349 -0.00257612 -0.00149461 -0.000357998 -0.00100671 -0.000395144 -7.75268e-05 -0.000829406 -0.000293933 -0.000394276 -0.00177139 -0.000953335 -0.000826707 -0.00103362 -0.00136729 -0.00073207 -4.84813e-05 -6.755e-05 -0.000559868 -0.000212841 -0.00184432 -0.000679427 -0.0015886 -0.00114037 -0.00120952 -0.00105883 -0.00176832 -0.000766498 -0.00171502 -0.00122047 -0.00106733 -0.000681505 0.000250981 -0.000549328 5.83177e-05 -0.0010688 5.01052e-05 -0.00139534 0.000932083 -0.000522994 -0.00129184 -0.00153546 -0.000260235 -0.00032283 -0.00134009 -0.000851253 -0.00121764 -0.000957572 -0.00107765 -0.000435399 -0.00116861 -0.00102568 -0.00132243 -0.00114023 -0.0011117 -0.000289977 -0.000845708 -0.000256867 -0.00097121 -0.000747737 -0.00113687 -0.000728039 -0.000795256 -0.000429005 -0.000703151 -0.0011546 -0.00141224 -0.000419277 -0.000566026 
-0.0009 -0.000858771 0.00010534 -0.000849329 6.71185e-05 -0.000445739 0.11616 -0.00128442 -0.000457701 -0.00310544 -0.00111754 -0.00147719 -0.00331192 -0.00262966 -0.00628835 -0.00434419 -0.00577966 -0.00410543 -0.00229998 0.000139874 -0.00214136 -0.00202869 0.00101008 -0.0027183 -0.00478103 -0.0011325 -0.00293163 -0.00192165 -0.00084557 -0.00135571 -0.00263672 -0.00239207 -0.00164502 -0.000492083 -0.0017623 -0.000861085 -0.00055508 -0.0011267 -0.00150868 -0.000629635 -0.000820777 -0.00100663 -0.000118984 -0.00123533 -0.0015862 -0.000527067 -0.000824186 -0.000573187 -0.000676664 -0.00130119 -0.00125601 -0.000925699 0.000147584 -0.000472561 -0.000878403 -0.0013131 -0.00152747 -0.000618261 -0.0010187 -0.000505496 -1.3143e-05 -0.000989348 -0.00100157 -0.000537727 -0.000790904 -0.000644762 9.22136e-05 -0.0014785 -0.000681431 -0.000464785 -0.00111018 -0.00176698 -0.000952015 -0.0011449 0.000633402 -0.000704399 -0.00171018 -0.00110898 -0.00178936 -0.000654475 -0.000714865 -0.000832714 0.00104397 -0.000608502 -0.00118358 -0.000115486 -0.00050856 0.000540835 -0.000306461 -0.000823946 -0.000378297 -0.00146291 -0.000193057 -0.000453911 -0.00183695 -0.00144717 -0.000197297 -0.000609265 -5.07058e-05 -0.000766448 
-0.00112633 -0.000992452 -0.000625921 -0.000154115 -0.00101342 -0.00149796 -0.00128442 0.106591 -0.000864248 -0.00138542 -0.00122034 -0.00222709 -0.000574956 -0.00264214 -0.00218082 -0.00622611 -0.00405373 -0.00548831 -0.00172479 -0.00191504 -0.00283051 -0.00133856 -0.000119043 -0.00500726 -0.00463167 -0.00329753 -0.0020393 -0.00388562 -0.00177434 -0.00266267 -0.00199935 -0.000881765 -0.000652194 -0.000422949 -0.000515804 -0.00183576 -3.72215e-05 -0.00139749 0.000142093 -0.000224034 -0.000157959 -0.000261156 -0.000103333 -0.000537145 -0.000795799 -0.000146926 4.86767e-05 0.000367241 -0.000583713 -0.000891616 -0.00144652 -0.00128038 -0.00073343 -0.000136496 -0.00120574 -0.000582606 -0.0011329 -0.000427193 0.000245724 -0.00116501 0.000555754 -0.000585425 -0.000325988 -0.00067674 -0.001105 -0.000798444 -0.0015913 -0.00105904 -0.00029848 -0.00140814 -0.000814282 0.000168619 -0.000995251 0.000112473 -0.000948975 0.000234185 -0.000869825 -0.00127487 -0.000272845 -0.00035187 -0.00185311 -8.21968e-05 0.000350877 -0.00142655 -6.6296e-05 -0.000421705 -0.000705015 0.00118494 -0.00128313 -0.00041088 -0.00019636 -0.000569934 -0.000586804 -0.000599364 -2.80391e-05 -0.00099494 -0.000707602 -0.000876919 -0.0010535 -0.000424438 
-0.0013052 -0.00147115 -0.000839322 -0.000845184 -0.0012549 -0.00152498 -0.000457701 -0.000864248 0.148864 -0.000956159 -0.00296258 -0.00331028 -0.00343003 0.000136778 -0.00382899 -0.000271614 -0.00149439 -0.00552484 -0.00601906 -0.00176025 -0.0033115 -0.00189628 -0.00417516 -0.00121988 0.000296225 -0.0030046 -0.00404886 -0.00325041 0.000874789 -0.00342274 -0.0063887 0.000206843 -0.00282355 -0.000207103 -0.00125219 -0.00268605 -0.000651703 -0.00104801 -0.000826754 -0.000619128 -0.00144903 -0.00142974 2.00992e-05 -0.00156861 0.000398181 -0.00229498 -0.000185247 -0.00168093 -0.00151633 -0.00052151 -0.00125023 -0.00106378 -0.00106603 -0.000802463 -0.00192976 -0.00184591 -0.00128344 0.000461019 -0.0016916 -0.00115593 -0.00233567 -0.00148311 -0.00137397 -0.000407991 0.000956423 -0.00176637 -0.00100689 -0.000998367 -0.00123057 -0.000785417 -0.00228119 -0.00101313 -0.00261313 1.69282e-06 -0.00207695 -0.00118691 -0.000303983 -0.00285192 -0.00112361 -0.00194529 -0.000378141 -0.00147712 -0.000698048 -0.00183019 -0.00209759 4.09009e-05 -0.00147932 -0.00192522 -0.000577621 -0.000441603 -0.000669101 -0.000572142 -0.0010265 -0.00171861 -0.00289121 -0.00141549 -0.000896074 -0.00162895 -0.000119645 -0.00194087 
-0.00156047 -0.00145362 -0.00260527 -0.00138549 -0.000864937 -0.00218991 -0.00310544 -0.00138542 -0.000956159 0.141597 -0.000169834 -0.00193321 -0.00418768 0.000928352 -0.00379225 -0.00171433 -0.000455341 -0.00196089 -0.00415859 -0.00668163 -0.00482772 -0.000840543 -0.00179871 -0.00635087 -0.00296715 -5.61524e-05 -0.00330956 -0.00129349 -0.00224785 -0.00266947 -0.000379151 -0.000156298 -0.000653536 -0.00215558 -0.00117837 -0.000419942 -0.000461533 -0.00295026 -0.00124745 -0.00279673 -0.000456819 -0.00142385 -0.000865825 -0.00171913 -0.000243803 -0.00141595 -0.00180021 -0.00120678 -0.00301719 -0.00180045 -0.00265067 -0.00200689 -0.0010712 -0.00136753 -0.00188167 -0.000435887 -0.00172443 -0.00165004 -0.00219807 0.00080135 -0.000487074 -0.00214268 -0.0014225 -0.00134547 0.000485278 -0.00142191 -0.000851455 -0.00115305 -0.000296965 -0.00158907 -0.00043636 -0.00119858 -0.00167496 -0.00254741 -0.0021039 -0.000988317 -0.00115992 0.000266323 -0.00132055 0.000161108 -0.000946679 -0.00101415 -0.000737958 -0.000189338 -0.00144169 -0.000838682 -0.00115138 -0.000174673 0.000161275 -0.00126441 0.000108421 -0.000806834 -0.00316193 -0.000884663 0.00155481 0.000143915 -0.000671026 -0.000912958 -0.00060652 -0.00100704 
-0.00166333 -0.00127854 -0.000291531 -0.00214066 -0.000845004 0.000445735 -0.00111754 -0.00122034 -0.00296258 -0.000169834 0.151055 0.00036285 0.000133205 -0.00140565 -0.00354097 -0.00350598 -0.000554707 -0.00432946 -0.00476028 -0.00425959 -0.00239326 -0.00439449 -3.8218e-05 -0.00610506 -0.00811919 -0.000414491 -0.00620676 -0.00557378 -0.00355115 -0.000858546 -0.000818626 -0.000831049 -0.00198861 -0.000488279 -0.00122503 -0.00090506 -0.00181231 0.000172857 -0.00221947 -0.00118941 -0.00141784 -0.000146951 -0.00181187 -0.00218812 -0.00155135 -0.00156585 -0.00164698 -0.00100315 -0.0012442 -0.000731734 -0.00033384 -0.00221399 -0.00111709 -0.00182338 -0.00118233 -0.00114739 -0.00160761 -0.000464213 -0.00116536 -0.00151894 -0.000861904 -0.000893312 -0.00110845 -0.00174379 -0.000901471 -0.00172523 0.000140538 -0.00184009 -0.000714073 6.09274e-05 -0.00159415 -0.00116078 -0.00195346 -0.00227079 -0.00241001 -0.00163732 -0.000750786 -0.000701619 -0.00161564 -0.000797828 -0.00177632 -0.000243646 -0.000724738 -0.00142917 -0.000988938 -0.00101292 -0.000522918 -0.000411133 1.83695e-05 0.000599875 -0.000242536 -0.00182963 -0.00146292 -0.00144563 -0.00129828 -0.000501908 -0.00250917 -0.000953636 -0.00137647 -0.000518086 
-0.00240378 -0.00260424 -0.00371744 -0.00124563 -0.00147779 -0.00253767 -0.00147719 -0.00222709 -0.00331028 -0.00193321 0.00036285 0.194855 -0.00111262 -0.00094139 0.00159221 -0.0097918 -0.00273945 -0.0053205 0.00249615 -0.00506306 -0.00134185 -0.00576934 -0.00218609 -0.00396982 -0.00258823 0.00181067 -0.00217663 -0.00332146 -0.00495653 -0.00391314 -0.00592021 -0.00664577 -0.00343083 -0.000833294 -0.000788258 -0.00340326 -0.002662 -0.0014891 -0.00300317 -0.000979525 -0.00141288 -0.00141851 -0.00170322 -0.00113773 -0.00241327 -0.00209763 -0.00292409 -0.0024747 -0.00203975 -0.000314408 -0.00125283 -0.00377073 -0.0024365 -0.00207367 -0.00245847 -0.00166611 -0.00150029 -0.00152704 -0.000849939 -0.00037982 0.000468164 -0.00278585 -0.00235028 -6.16582e-05 -0.00101332 0.000345388 -5.8028e-05 -0.000488653 -0.000680064 -0.00100782 -0.0014715 -0.00124844 -0.00341165 -0.00278607 -0.000430753 -0.00127566 0.000442365 -0.00112694 -0.00164681 -0.00293133 -0.00071947 -0.00153324 -0.00261355 -0.000933404 0.0010094 -0.00207979 -0.00228832 -0.00288216 -0.00146853 -0.00282901 -0.00175709 -0.00209688 -0.00219617 -0.00255174 -0.000944274 -0.000633524 -0.00161012 -0.00212012 -0.00303806 -0.00117871 
-0.00196396 -0.00012797 -0.00205622 -0.00142189 0.00232248 -0.000299152 -0.00331192 -0.000574956 -0.00343003 -0.00418768 0.000133205 -0.00111262 0.180607 -0.00218668 0.0010766 -0.00605375 -0.00645334 -0.00295514 -0.0040131 -0.00748122 -0.00719293 -0.00404828 -0.00168612 -0.00561805 -0.0030451 -0.00965154 -0.0059924 -0.0049213 -0.005284 0.000785018 -0.00163351 -0.00342129 -0.00141095 -0.000432448 -0.000403867 -0.00143334 -0.000930079 -0.00203395 -0.000561334 -0.00149195 -0.00194485 -0.00181534 0.000146579 -0.000555914 -0.00170086 -0.00288002 -0.00255191 -0.0019468 -0.000313982 0.000589039 0.00121908 -0.00110711 -0.000822054 -0.000954499 -0.00169477 -0.0016961 -0.00164144 -0.0013321 -0.000965473 -0.000379901 -0.00114205 -0.000421519 -0.00226048 -0.000493244 -0.00161874 -0.00138262 -0.00196163 -0.00218104 -0.000204145 -0.000507171 0.000776999 -0.000285852 -0.00256362 -0.000707284 -0.00224104 -0.000867395 -0.000672989 -0.00142982 -0.00135519 -0.0009483 -0.0015037 -0.000186767 -0.000997884 -0.00283076 -0.00273541 -0.00180535 -0.00239369 0.000210256 -0.00254887 -0.00249416 -0.00202649 -0.000863531 -0.00300711 -0.00291094 0.000751199 -0.00204615 -0.000740126 -0.000130037 -0.00164991 -0.00137772 
-0.000483532 -0.00245617 -0.00268206 0.00119541 -0.000329367 -0.00153048 -0.00262966 -0.00264214 0.000136778 0.000928352 -0.00140565 -0.00094139 -0.00218668 0.197896 -0.00290639 -0.0021462 0.00102604 0.00250065 -0.0102485 -0.00786525 -0.0120605 -0.00901104 -0.00556855 -0.00466914 -0.00277286 -0.00704679 -0.0027548 -0.00544321 -0.00688748 -0.00608534 -0.00144927 -0.00095085 -0.00346304 -0.00401501 -0.000596726 -0.00158739 -0.00168967 -0.00189268 -0.00303751 -0.00200366 -0.00110639 -0.000419054 -0.000918615 -0.0033423 -0.000981224 -0.00169826 -0.000369188 -0.000888712 -0.00153929 -0.00182852 0.000216498 -0.00196158 -0.00319364 -0.00132337 0.000163746 -0.00195928 -0.00207784 -0.00227972 -0.000935326 -0.0018736 -0.0013058 -0.000624124 -0.00151537 -0.00139492 -0.00151812 -0.00154062 0.000285043 -0.00183128 -0.000900994 -0.00120936 -0.00133973 -0.00283141 -0.00243303 0.000529944 -0.00405496 -4.5255e-05 -0.00108381 -0.00276104 -0.00121214 -0.00255906 -0.00169577 -0.00270573 -0.000766801 0.000889114 -0.00184023 -0.00123186 -0.00135667 -0.0027274 0.000541019 -0.00134797 0.00110762 -0.000694822 -0.00169496 -0.00123565 -0.00191536 -0.00137029 -0.00105433 -0.00191363 -0.00137263 -0.000196144 
-0.00390986 -0.00223614 -0.00119743 -0.00228699 -0.00326582 -0.00507211 -0.00628835 -0.00218082 -0.00382899 -0.00379225 -0.00354097 0.00159221 0.0010766 -0.00290639 0.226186 -0.0046318 -0.005784 -0.0064898 -0.00901695 -0.000401372 -0.00129758 -0.00308734 -0.0029541 -0.000141316 -0.00339344 -0.00837209 -0.00701528 -0.004865 -0.00188768 -0.00417894 -0.00577695 -0.00145831 -0.000316424 -0.00381417 -0.00284175 -0.00231728 -0.00230618 -0.000440815 -0.00253662 -0.000542433 -0.00121961 -0.000565682 -0.00283576 -0.00246675 -0.00363644 -0.0017236 -0.00243334 -0.00168991 -0.00111514 -0.00122157 -0.0018166 -0.000929781 -0.00160765 0.00015231 -0.00267251 -0.00109604 -0.00164501 -0.00335964 -0.00290443 -0.000216878 -0.000795112 -0.00194146 -0.00138076 -0.00267386 -0.000559489 -0.00246647 -0.00111574 -0.00365037 -0.00164551 0.000869124 -0.00136234 -0.0031626 -0.00278615 0.000824546 -0.00243196 0.000156749 -0.00119403 -0.00430609 -0.00404375 -0.00076369 -0.00357363 -0.00149755 -0.00172272 -0.00346657 -0.00317316 -0.0020987 -0.00145609 -0.00261789 0.000614731 -0.000875353 -0.00204493 0.000416896 -0.000524146 -0.00175162 -0.00017577 -0.0020618 -0.000969423 -0.0025848 -0.00235055 -0.00113524 
-0.00283191 -0.00148147 -0.00177164 -0.00222696 -0.0037104 -0.00120744 -0.00434419 -0.00622611 -0.000271614 -0.00171433 -0.00350598 -0.0097918 -0.00605375 -0.0021462 -0.0046318 0.242 -0.00483605 0.00496404 -0.00277488 -0.000574769 -0.00524277 -0.00743706 -0.00342773 -0.00886773 -0.00409592 -0.0106391 -0.00868369 -0.00254375 -0.00234541 -0.00630402 -0.00297079 -0.00396927 -0.00192732 0.000340847 -0.00225882 -0.0011269 -0.00422079 -0.000609781 -0.00119272 -0.00232787 -0.00196419 -0.0031374 -0.00243102 -0.00301082 0.000764167 -0.00211171 -0.00327965 0.00204863 -0.00178149 -0.00227569 -0.00196766 -0.00151716 -0.00202681 -0.00208247 -0.000773386 -0.00157337 -0.00160274 -0.00196701 0.000399339 -0.00331381 -0.00126826 -0.00202169 -0.0011733 -0.00134108 0.000229599 -0.00286072 -0.00423857 -0.00178799 -0.00073085 -0.000996771 -0.00179639 -0.00288452 -0.00147755 -0.00271446 -0.00164048 -0.0024106 -0.00140103 -4.47594e-05 -3.94387e-06 -0.00212287 -0.00285821 -0.00166126 -0.00177874 -0.000956297 -0.00279736 -0.00369432 -0.00256909 -0.00346426 -0.00136271 -0.00234711 -0.00248188 -0.00123639 -0.000477443 -0.00160662 -0.00136236 -0.00406005 -0.000838922 -0.00200265 -0.0020429 -0.00112291 
-0.0023613 -0.00163603 -0.00110603 -0.00217521 -0.00300799 -0.000224365 -0.00577966 -0.00405373 -0.00149439 -0.000455341 -0.000554707 -0.00273945 -0.00645334 0.00102604 -0.005784 -0.00483605 0.247667 -0.00371465 0.00426253 -0.00456627 0.000966547 -0.0085577 -0.0127458 -0.00218035 -0.00223365 0.00151899 -0.00649296 -0.00620747 -0.00693886 -0.00595236 1.43351e-05 -0.00256835 -0.0024064 -0.00272417 -0.00258353 0.00113978 -0.00282877 -0.00240769 -0.00342913 -0.00164184 -0.000701852 -0.00198402 -3.57235e-05 -0.00271954 0.00179265 -0.00390107 -0.00275309 -0.00344895 -0.00136838 -0.00102676 -0.00254814 -0.00534455 -0.00301627 -0.00130856 -0.00292495 -0.00191681 -0.00238475 -0.00357189 -0.00470039 -0.00450739 -0.00160099 -0.00152887 -0.00252721 -0.00266081 0.000214172 -0.00253143 -0.00377576 -0.00377407 -0.00142554 -0.00322529 -0.00253518 -0.00129219 -0.00442882 -7.68344e-05 -0.00345461 -0.00300133 -0.000982238 -0.000935031 -0.00158571 -0.00322543 -0.00325674 -0.00273829 -0.0029165 -0.00145385 -0.00386835 -0.002979 -0.00120566 -0.00112082 0.000788803 -0.00158251 -0.00164422 -0.00281756 0.00207752 -0.00289661 -0.00271502 4.44466e-05 -0.00329091 -0.00158371 -0.00454578 -0.00332486 
-0.00070387 -0.00181778 -0.00125192 -5.22414e-05 -0.00296698 -0.00316155 -0.00410543 -0.00548831 -0.00552484 -0.00196089 -0.00432946 -0.0053205 -0.00295514 0.00250065 -0.0064898 0.00496404 -0.00371465 0.246459 0.00138098 0.000219284 -0.000612965 -0.0114011 -0.00786877 -0.0089413 -0.00417743 -0.00592675 -0.00968056 -0.0123833 -0.0106046 -0.00399804 -0.0031304 -0.00209874 -0.00178715 -0.00380106 -0.00557759 -0.000993406 -0.000244842 -0.00263232 -0.000176805 -0.0015916 -0.00190108 -0.00186398 -0.00326659 -0.00204949 -0.00291181 0.000560079 -0.000252336 -0.00231367 -0.00200827 -0.00250498 -0.000731252 0.000585695 -0.00060503 -0.00127965 -0.00116626 -0.00168389 -0.00338557 -0.00292969 -0.000668828 -0.00307571 -0.00259725 -0.00334966 -0.000520097 0.000414871 -0.00148004 -0.00108222 -0.00206635 -0.00175001 -0.00182895 -0.00239905 -0.00379726 -0.00113975 -0.00245005 -0.00466346 -0.00171462 -0.000942408 -0.000326187 -0.000360342 -0.00109772 -0.00192641 -0.00539593 -0.00232982 -0.00255959 -0.00498891 -0.00190603 -0.00068203 -0.00221179 -0.00367403 -0.00358114 -0.00012436 -0.0031749 -0.000724402 -0.00222634 -0.00165432 -0.000749849 -0.00372459 0.00333175 0.000380222 -0.00239363 -0.0011332 
-0.00175855 -0.00403151 -0.00254276 -0.0010157 -0.00250172 -0.00280152 -0.00229998 -0.00172479 -0.00601906 -0.00415859 -0.00476028 0.00249615 -0.0040131 -0.0102485 -0.00901695 -0.00277488 0.00426253 0.00138098 0.248219 -0.00827857 -0.0012867 -0.00317448 -0.00194872 -0.0115616 -0.0109541 -0.00865465 -0.00922974 -0.00407798 -0.00375188 -0.00368918 -0.00412097 -0.000670417 -0.00252728 -0.00282257 -0.00399695 -0.00118867 -0.0030788 -0.00441878 0.00149363 -0.00212187 -0.0013843 -0.00380808 -0.00301214 -0.000521607 -0.000336946 -0.00298568 -0.00210771 -0.00256673 -0.00192266 -0.0021056 -0.0042808 -0.000360591 -0.00363175 -0.00217477 -0.00111367 0.000608387 -0.00206479 -0.00209367 -0.00127334 -0.00339184 -0.00272859 -0.000927145 -0.0036373 -0.00324676 -0.00190386 -0.00279117 -0.00155917 -0.001679 -0.00248977 -0.00141162 -5.17638e-05 -0.000476469 -0.0012806 -0.00315798 -0.00264348 -0.00128907 -0.00143496 0.000859935 -0.000381894 -0.000687091 -0.00221138 -0.00276143 0.000910852 -0.00117949 -0.00119797 -0.000663984 -0.00235104 -0.00142807 -0.00344985 -0.00453023 -0.00429209 -0.00337307 -0.00173452 -0.000688505 -0.00164006 0.00112667 -0.00190755 -0.000172937 5.63675e-05 -0.00169588 
-0.00188245 -0.00215528 -0.00331216 -0.000304259 -0.00226328 -0.00126832 0.000139874 -0.00191504 -0.00176025 -0.00668163 -0.00425959 -0.00506306 -0.00748122 -0.00786525 -0.000401372 -0.000574769 -0.00456627 0.000219284 -0.00827857 0.249981 -0.000788099 -0.000185499 -0.00290339 -0.0100133 0.000174141 -0.00950875 -0.00752444 -0.0136743 -0.00486532 0.00398543 -0.0101996 -0.00347426 -0.00585711 -0.00503711 -0.00436506 -0.00192324 0.00033904 -0.00244971 -0.00250495 0.000474277 -0.00253914 -0.0010542 -0.00158291 -0.00233136 -0.00376913 -0.000535464 0.000647677 -0.00162468 -0.000888887 -0.00248591 -0.00113468 -0.00198936 0.000127219 -0.000430291 -0.00255486 -0.00285231 -0.00144889 -0.0033675 -0.0038001 -0.00229125 0.00028651 -0.00248897 -0.00238567 -0.00311135 -0.00266951 -0.00117601 -0.00144503 -0.00185324 -0.00257007 -0.00233261 -0.0020018 -0.00236082 -0.00307726 -0.00114159 -0.000979701 -0.00279667 -0.00330231 -3.25858e-05 -0.00288101 -0.00299438 -0.000446728 -0.00243106 -0.000836891 -0.00166488 -0.00271075 0.00128555 -0.0026247 -0.000902368 -0.00100328 2.03039e-05 -0.00487929 -0.00121412 -0.00195115 -0.00334056 -0.00236567 -0.00110375 -0.00274041 -0.00182915 -0.00136846 -0.000678387 
-0.000117637 0.000759654 -0.00080022 -0.00442846 -0.000952869 -0.000746465 -0.00214136 -0.00283051 -0.0033115 -0.00482772 -0.00239326 -0.00134185 -0.00719293 -0.0120605 -0.00129758 -0.00524277 0.000966547 -0.000612965 -0.0012867 -0.000788099 0.248314 -0.00278078 -0.00453055 -0.00478778 -0.000754369 -0.00521737 -0.00683431 -0.00703093 0.000111834 -0.00429585 -0.00424532 -0.0034218 -0.00196812 -0.000728253 -0.00283125 -0.00312042 -0.00306533 -0.000966838 -0.000587021 -0.00472698 -0.00400277 -0.00267075 -0.00255795 -5.25142e-06 -0.00152778 -0.00174238 -0.00121283 -0.00179939 -0.00308923 -0.00201329 -0.00313503 -0.00207812 1.79894e-06 4.12238e-08 -0.00196869 -0.000679895 -0.00156811 -0.00084037 -0.00237402 -0.00121008 -0.00269701 -0.00451346 -0.00290639 -0.00132695 -0.00349465 -0.000945087 -0.00228154 -0.000504261 -0.00286636 -0.00200601 -0.00257825 -0.00379286 0.00226158 -0.00431843 -0.00337401 -0.00286856 -0.000686008 -0.00470531 -0.00372262 -0.00193494 -0.00511472 -0.00163315 -0.0027007 -0.00180566 -9.62246e-05 -0.00308872 -0.00195387 -0.00566083 -0.00289824 -0.00342933 -0.00309146 -0.00114299 -0.00227055 -0.00214977 -0.0034566 -0.00169663 -0.00239769 -0.00125787 -0.00352414 -0.00278058 
-0.00401355 -0.00184053 -0.00128487 -0.00214068 -0.00116031 -0.00451772 -0.00202869 -0.00133856 -0.00189628 -0.000840543 -0.00439449 -0.00576934 -0.00404828 -0.00901104 -0.00308734 -0.00743706 -0.0085577 -0.0114011 -0.00317448 -0.000185499 -0.00278078 0.249896 -0.00439364 0.0021915 -0.00128318 -0.00298746 -0.00856052 0.000932332 -0.00414425 -0.0042481 -0.00694448 -0.00323209 0.00152016 -0.0024641 -0.00148206 -0.0037211 -0.00370906 -0.00321822 -0.00330178 -0.0044934 -0.00228235 -0.000922015 -0.000190634 -0.00127508 -0.00328907 -0.000901379 -0.00276557 -0.00161578 -0.00339278 -0.00232996 -0.000692433 -0.00237568 -0.00202837 -0.00319798 -0.00137586 -0.00280728 -0.00116757 -0.00327959 -0.00150964 -0.00355928 -0.003549 -0.00106031 -0.000853501 -0.00121949 -0.00262616 -0.00359813 0.000441702 -0.00220138 -0.00214379 -0.00303507 -0.00028273 -0.00251564 -0.00191573 -0.00349374 0.00098945 -0.00232413 -0.00279835 -0.000457605 0.000682001 -0.00328512 0.00158383 -0.00110931 -0.0035504 0.000399767 -0.00119987 -0.000942936 -0.00512315 -0.00402592 -0.00375327 -0.00110457 -0.00195604 -0.00027846 -0.00163593 -0.00117895 -0.00279274 -0.00279209 -0.0034416 -0.00130818 -0.00120376 -0.00382945 
-0.00142281 -0.00258146 -0.00231509 -0.00234791 -0.00135015 -0.00416021 0.00101008 -0.000119043 -0.00417516 -0.00179871 -3.8218e-05 -0.00218609 -0.00168612 -0.00556855 -0.0029541 -0.00342773 -0.0127458 -0.00786877 -0.00194872 -0.00290339 -0.00453055 -0.00439364 0.248228 -0.00288976 -0.00763265 -0.0142835 -0.00227337 -0.00778817 -0.00331299 -0.00317371 -0.0025819 -0.00362608 -0.00433691 -0.00119245 -0.00134469 -0.00195837 -0.00239115 0.000682819 -0.00259945 -0.00643139 -0.00289679 0.0012771 -0.00342354 -0.00111729 -0.0042398 -0.000201388 -0.00253921 -0.00118681 -0.0030762 -0.00141794 -0.00582436 -0.00391016 -0.000604729 -0.00234478 -0.00307433 -0.00474055 -0.00204487 -0.00106744 -0.00241644 -0.000889848 -0.00132578 -0.0023548 -0.00118846 -0.00336007 0.000334512 -0.0010523 -0.00235084 -3.49281e-05 -0.000739154 -0.0022631 -0.00113508 0.000965921 -0.00133317 -0.00285742 -0.000931483 -0.00139267 -0.0031337 -0.0043701 -0.00185034 -0.00376237 -0.00107075 -0.000282251 -0.000425619 -0.00301212 -0.00210928 0.000516944 -0.00119412 0.00159874 -0.00245886 -0.00312198 -0.0019796 -0.00271883 -0.00137655 -0.00181486 -0.00162707 -0.00196725 -0.00402698 -0.000975203 -0.000714879 -0.00294654 
0.00100053 -0.00297093 -0.00330904 -0.00361058 -0.00448277 -0.00139641 -0.0027183 -0.00500726 -0.00121988 -0.00635087 -0.00610506 -0.00396982 -0.00561805 -0.00466914 -0.000141316 -0.00886773 -0.00218035 -0.0089413 -0.0115616 -0.0100133 -0.00478778 0.0021915 -0.00288976 0.249452 0.000284112 0.00554366 0.00155963 0.00365992 -0.00166358 -0.00258244 -0.00154708 -4.82247e-05 -0.00462428 -0.00312239 -0.00108532 -0.00333801 -0.00539283 -0.00412629 -0.00123872 3.20886e-05 -0.00238133 -0.00402798 0.000647851 -0.00106901 -0.000586563 -0.00145357 -0.000997128 -0.00541302 -0.00179069 -0.00312863 -0.0041414 -0.00259892 -0.00367618 -0.0040732 -0.00137475 -0.00304758 -0.00185765 -0.00237962 -0.00339543 -0.00221693 -0.00257346 -0.00141796 -0.00286811 -0.00173097 -0.000520599 0.000101596 -0.00426677 -0.00284548 -0.00416248 -0.00378392 -0.00447603 -0.0037843 -0.000144762 -0.000503704 0.00057884 -0.00190525 -0.00267609 -0.000908968 -0.00243822 -0.00197095 0.00209573 -0.00131575 -0.00218918 -0.000884672 -0.00182864 -0.00323698 -0.00125874 -0.00359701 -0.00274934 -0.0019971 -0.00225071 -0.00351387 -0.00332231 -0.00224334 -0.00119958 -0.00188423 -0.00342573 -0.00151147 -0.00297222 -0.00359851 
-0.00178717 -0.00160358 -0.00292034 -0.00290539 -0.00255439 0.000350385 -0.00478103 -0.00463167 0.000296225 -0.00296715 -0.00811919 -0.00258823 -0.0030451 -0.00277286 -0.00339344 -0.00409592 -0.00223365 -0.00417743 -0.0109541 0.000174141 -0.000754369 -0.00128318 -0.00763265 0.000284112 0.243247 -0.00680501 -0.00309286 -0.00649109 -0.00389675 -0.00173877 -0.00391743 -0.00337475 -0.00224888 -0.00297507 -0.00264549 -0.00404554 -0.00128378 0.000507674 -0.00166093 -0.00161214 -0.00210227 -0.00174103 0.000686922 -0.00238332 -0.00214371 -0.00190452 -0.00463189 -0.00178802 -0.00184635 -0.00304028 -0.00209863 -0.0022359 -0.00403021 -0.00114608 -0.00156249 -0.00333328 1.61743e-05 -0.00192666 -0.00139428 -0.00137833 -0.00266018 -0.00191479 -0.00125438 -0.00133593 -0.00235474 -0.00124913 -0.000613072 -0.000992853 -0.00317124 -0.00107103 -0.001841 -0.00153845 -0.00318867 -0.00193261 -0.00181337 -0.00157743 -0.00364305 -0.00221983 -0.00186213 -0.00190926 -0.00220341 -0.00183503 -0.00363631 -0.00142668 -0.00239799 -0.00193142 -0.000526548 -0.00283757 -0.00249229 -0.000366193 -0.00192757 -0.00212453 -0.00247229 -0.00148327 -0.00288035 -0.00209526 -0.00456614 -0.00264459 -0.00444969 -0.00144545 
-0.00260908 -0.00292236 0.000117616 -0.00447922 -0.00119797 -0.00374315 -0.0011325 -0.00329753 -0.0030046 -5.61524e-05 -0.000414491 0.00181067 -0.00965154 -0.00704679 -0.00837209 -0.0106391 0.00151899 -0.00592675 -0.00865465 -0.00950875 -0.00521737 -0.00298746 -0.0142835 0.00554366 -0.00680501 0.238445 -0.0012065 0.000554036 -0.00422521 0.00195993 -0.000964127 -0.00584943 -0.00788568 -0.00171177 -0.00311053 -0.00164128 -0.000998092 -0.00192164 -0.0038521 -0.000522647 -0.000571761 -0.00316471 -0.00160642 -0.00177179 -0.00343594 -0.00161271 -0.000816817 -0.00251857 -0.00292429 -0.00267208 -0.000549253 -0.00242436 -0.00175233 -0.00196148 -0.00170217 -0.000400777 -0.00120341 -0.00237096 -0.000525385 -0.00262213 -0.00262119 -0.00296595 0.000291651 -0.00153327 -0.00329083 -0.000304946 -0.00267365 -0.00196164 -0.00134357 -0.00212405 -0.00313613 -0.00065973 -0.00109708 0.000124817 -0.00204121 -0.00274326 -0.00081602 -0.000431979 -0.00274467 -0.000990778 -0.00202011 -0.00193384 -0.000910766 -0.00273976 -0.00298731 -0.000140782 -0.00117148 5.36344e-05 -0.00203894 -0.00314657 -0.000690746 -0.00151071 -0.000340612 -0.00229028 -0.0017491 -0.00202766 -0.0018132 -0.0034447 -0.00139066 -0.00214607 
6.63933e-05 -0.000623084 -0.00230793 -0.00293939 -0.00241526 -0.00131921 -0.00293163 -0.0020393 -0.00404886 -0.00330956 -0.00620676 -0.00217663 -0.0059924 -0.0027548 -0.00701528 -0.00868369 -0.00649296 -0.00968056 -0.00922974 -0.00752444 -0.00683431 -0.00856052 -0.00227337 0.00155963 -0.00309286 -0.0012065 0.212744 0.00714688 0.00257407 -0.000482465 -0.000963017 -0.0018269 -0.00241462 -0.00226208 -0.00219599 -0.000876763 -0.00167281 -0.00211763 -0.00330553 -0.00092316 -0.00145591 -0.00261866 -0.00311734 -0.000380027 -0.00143959 -0.000572141 -0.00185595 -0.000498206 -0.00164119 -0.00209741 -0.00236248 -0.000985138 -0.00213062 -0.00265879 -0.00322938 -0.00013941 -2.76166e-06 -0.000924996 -0.00189291 -0.00233912 0.000404398 -0.00129523 -0.000514718 -0.00122915 -0.00150182 -0.00258948 2.51334e-05 -0.000467899 -0.00324017 -0.00192265 0.000649845 -0.00121525 -0.00318922 -0.00078481 -0.00110407 -0.000155489 -0.00181345 -0.00336692 -0.0019352 -0.00131117 -0.00226957 -0.0014515 -0.00123103 -0.00290918 -0.0041252 -0.00101053 0.000814282 -0.00132483 -0.00223652 -0.00151715 -0.000526848 -0.00291276 -0.00127279 -0.00201491 -0.00230895 -0.00231213 -0.00118715 -0.0021059 -0.00234187 -0.00224746 
-0.00343841 -0.0014184 -0.00356918 -0.00183989 -0.00127108 -0.0022889 -0.00192165 -0.00388562 -0.00325041 -0.00129349 -0.00557378 -0.00332146 -0.0049213 -0.00544321 -0.004865 -0.00254375 -0.00620747 -0.0123833 -0.00407798 -0.0136743 -0.00703093 0.000932332 -0.00778817 0.00365992 -0.00649109 0.000554036 0.00714688 0.20754 0.000620273 -0.000609494 0.00262063 0.00200797 0.000323899 -0.00404017 -0.00192727 -0.000680932 -0.00212287 -0.00183312 -0.00223336 -0.00276036 -0.0026868 -0.00288476 -0.00186446 -0.00194752 -0.00198761 -0.00167366 -0.00215534 -0.00233899 -0.000743679 -0.00289576 -0.00272723 -0.00083015 -0.00182445 -0.00168026 -0.00097498 -0.000556307 -0.0002782 -0.00196533 -0.00100571 0.000807433 -0.00107601 -0.000559594 -0.000552703 -0.00215371 -0.0026437 -0.00181925 -0.00251071 -0.00174291 -0.00166999 -0.00190349 -0.000893273 0.000668361 -0.0021118 0.000352572 -0.00239619 -0.00295586 -0.00276721 -0.00182951 -0.00259197 0.000718842 -0.00166477 -0.00236582 -0.00109649 -0.00378614 -0.000374697 -0.00373039 -0.000846581 -0.00122734 -0.00446232 -0.000820016 -0.00212597 -0.00358462 -0.000210715 0.000415721 -0.00208003 -0.00229125 -0.00262677 -0.00162208 -0.000334562 -0.00321284 
-0.00187797 -0.000762079 -0.00118923 -0.00109151 -0.00099191 -0.00164373 -0.00084557 -0.00177434 0.000874789 -0.00224785 -0.00355115 -0.00495653 -0.005284 -0.00688748 -0.00188768 -0.00234541 -0.00693886 -0.0106046 -0.00375188 -0.00486532 0.000111834 -0.00414425 -0.00331299 -0.00166358 -0.00389675 -0.00422521 0.00257407 0.000620273 0.193376 -0.00207282 0.000784525 -0.00252212 -0.000994349 -0.00210658 -0.00322403 -0.00227794 -0.00083616 -0.000446738 -0.000962615 -0.0016037 -0.00246512 -0.00210796 -0.00172985 -0.00256699 -0.00228905 7.79756e-05 -0.00262948 -0.00153399 0.00124493 -0.000772687 -0.00186814 -0.00173073 -0.00099552 -0.00145156 -0.000868373 -0.000369102 -0.000802905 -0.00138269 -0.00265389 -0.00290918 -0.00134772 -0.0024447 -0.00231547 -0.00155732 -0.0035077 -0.00258986 -0.0017926 -0.00224365 -0.00380722 0.00022607 -9.02895e-05 -0.00286505 -0.00105101 -0.00187641 -0.00222366 -0.000598075 -0.00227798 -0.00346015 -0.00208786 -6.36794e-05 -0.00116948 -0.00089229 -0.00316537 -0.00384642 -0.0016508 -0.00263064 -0.00071892 -0.00123082 -0.000810759 -0.00228239 -0.00157871 -0.0017244 -0.000652622 -0.00103024 -0.00182537 2.20194e-05 -0.00182387 -0.00273717 -0.00146566 -0.00156188 
-0.00311039 -0.00421713 -0.00190959 -0.00271764 -0.00139047 -0.00213228 -0.00135571 -0.00266267 -0.00342274 -0.00266947 -0.000858546 -0.00391314 0.000785018 -0.00608534 -0.00417894 -0.00630402 -0.00595236 -0.00399804 -0.00368918 0.00398543 -0.00429585 -0.0042481 -0.00317371 -0.00258244 -0.00173877 0.00195993 -0.000482465 -0.000609494 -0.00207282 0.177338 -0.00246184 -0.00577625 -0.00343394 -0.00120832 -0.00122516 -0.00185795 0.0011832 -0.00136539 -0.00236468 0.000569426 -0.000734313 -0.0012607 -0.00124944 -0.00212363 -0.000732859 -0.000875439 -0.00151772 -0.000429621 -0.000545813 -0.00265746 -0.00282874 -0.00178307 -0.000440335 -0.00068014 -0.00136689 -0.000828184 -0.00183654 -0.00188436 -0.00232933 -0.000341757 0.000325065 -0.000576361 -0.0029253 -0.00124924 -0.00163314 -0.00198591 -0.00155773 -0.00288912 -0.000683171 -0.00142111 -0.002897 -0.00274652 -0.00165326 -0.00251823 -0.00120231 -0.00135372 -0.00103606 -0.00231105 -0.00184516 -0.000131059 -0.00189108 -0.00154929 -0.00274155 0.00107377 -0.00312083 -0.0020171 -0.00023676 -0.000912642 -0.000163925 -0.00164025 -8.81616e-06 -0.00180296 -0.00221743 -0.00135025 -0.00152708 -0.00226955 -0.00139718 -0.00105274 -0.000480652 -0.00231295 
-0.00131663 -0.00203389 -0.000303214 -0.000965144 -0.000453066 8.84005e-05 -0.00263672 -0.00199935 -0.0063887 -0.000379151 -0.000818626 -0.00592021 -0.00163351 -0.00144927 -0.00577695 -0.00297079 1.43351e-05 -0.0031304 -0.00412097 -0.0101996 -0.00424532 -0.00694448 -0.0025819 -0.00154708 -0.00391743 -0.000964127 -0.000963017 0.00262063 0.000784525 -0.00246184 0.140681 0.000568997 0.000797161 -0.00143675 -1.72544e-05 -0.000558885 -0.00170784 -0.0013132 -0.00154481 -0.000726603 -0.000738694 -0.001129 -0.0030733 -7.35607e-05 -0.00127217 -0.00277412 -2.18653e-05 -0.000941203 -0.0013379 0.000205386 -0.000497445 -0.0012235 -0.000916892 -0.00162281 0.000122595 0.000207896 -0.00186016 -0.000812639 -0.0011673 -0.00217178 -0.000880445 -0.00124975 -0.000738318 -0.00168541 -0.000534617 -0.00147344 -0.000490995 -0.00120972 -0.00200594 -0.00176512 -0.00104639 -0.00114252 -0.00029297 -0.00174774 -0.00195322 -0.000523541 -0.00118746 0.00154997 -0.00171653 -0.00228346 -0.00120854 -0.00135184 -0.0013399 0.000132357 0.000871211 -0.000913269 -0.000753831 -0.00118911 0.000575309 -0.00171199 -0.00114599 -0.00174753 -0.00188439 -0.000688223 -0.00084771 0.000478501 -0.000568891 -0.00184977 -0.00128395 -0.00222442 
-0.000839862 -0.00222626 -0.00154392 -0.00089399 -0.000992473 -0.00202349 -0.00239207 -0.000881765 0.000206843 -0.000156298 -0.000831049 -0.00664577 -0.00342129 -0.00095085 -0.00145831 -0.00396927 -0.00256835 -0.00209874 -0.000670417 -0.00347426 -0.0034218 -0.00323209 -0.00362608 -4.82247e-05 -0.00337475 -0.00584943 -0.0018269 0.00200797 -0.00252212 -0.00577625 0.000568997 0.139816 -0.000450309 -0.00175027 -0.0012308 -0.000533907 -0.00103659 -0.00254749 -0.00152374 -0.00150053 -0.000160784 -0.000273435 -0.00106482 -0.00047105 0.000274635 -0.00112878 -0.00171498 -0.000484284 -0.000725243 -0.00195198 0.000686135 -0.000935258 -0.00100363 -0.00196595 1.96019e-05 -0.00178639 -0.000177691 -0.000573762 -0.00156511 -0.00071054 -0.00135912 -0.00132818 -0.00123826 -0.00114628 -0.00217086 -0.00139628 -0.00112941 -0.00151732 -0.00162433 -0.00137496 -0.00126508 -0.00131535 -0.00122853 -0.00161834 -0.00151474 -5.19004e-05 -4.86638e-05 -0.000699551 -0.0015417 -0.000898212 -0.00194431 -0.000610541 -0.00106257 -0.00197445 -0.00146155 -0.00165615 -0.00099758 0.000692616 -0.001402 -0.000814444 -0.00128704 -0.00099376 -0.00334294 -6.14698e-05 -0.000805156 -0.000657901 -0.00116312 -0.0016852 -0.00221841 -0.000683674 
-0.0023018 -0.000647806 -0.000540693 -0.00183425 -0.00188182 -0.00257612 -0.00164502 -0.000652194 -0.00282355 -0.000653536 -0.00198861 -0.00343083 -0.00141095 -0.00346304 -0.000316424 -0.00192732 -0.0024064 -0.00178715 -0.00252728 -0.00585711 -0.00196812 0.00152016 -0.00433691 -0.00462428 -0.00224888 -0.00788568 -0.00241462 0.000323899 -0.000994349 -0.00343394 0.000797161 -0.000450309 0.114839 -0.000420801 -0.000876587 0.000385158 -0.000117653 -0.000692159 -0.000158574 -0.00162313 -0.000669091 -0.00110346 -0.00148205 -0.00103672 -0.00112245 -0.000706167 -0.000864689 -1.23371e-05 -0.000314407 -0.00160564 -0.000329057 -0.00140402 -0.000897503 -0.000361344 -0.000692189 -0.000718044 -0.000761751 -0.000784315 -0.00155655 0.00026928 -0.000602227 4.40354e-05 -0.00104483 -0.00113814 -0.000754476 -0.000850757 -0.000617992 -0.00112706 -0.00098398 0.000353082 0.0005 -0.000781944 -0.00017613 -0.00187243 -0.00115999 -6.63754e-05 -0.000651012 -0.00105019 -0.00171784 0.000212825 0.000383846 -0.000894034 -0.00132225 -0.0016787 0.000266323 -0.000987093 -8.3819e-05 -0.00131246 -0.000515772 -0.00102645 -0.000929521 -0.00197048 -0.00097356 -0.000372609 -0.000253032 -0.000994794 -0.000103994 -0.000275728 -0.000292092 -0.00197369 
