0.0768219 -0.000388585 -0.000338597 6.11398e-05 -6.12551e-05 0.000652106 -0.00124766 -0.00118179 -0.00157012 0.000795297 5.9327e-05 -0.00136794 -0.00183087 -0.00333765 -0.00385627 -0.00206864 -0.00181774 -0.00209518 -0.0038834 -0.00277633 -0.00294042 -0.00274506 -0.00070644 -0.00154873 -0.00248806 -0.0028118 -0.00206667 -0.00197243 0.000815457 -0.0012923 -0.00123039 0.000191957 -0.000279141 -0.000598208 -0.000450109 -0.000900491 0.000423809 -0.00119029 0.000127888 -0.000480507 -0.000251789 -0.000762923 -0.000643539 -7.06599e-05 -0.000857242 1.94026e-05 0.00011678 3.1714e-05 -0.000612467 -0.00020581 -0.00116976 -9.30113e-05 -0.000523513 -0.000473785 -0.000449513 -0.000442844 -0.000870489 0.000393899 -0.000616253 0.000254188 -0.000350533 -0.000528518 -0.00102519 -0.000505775 -0.000303255 -0.000674105 -0.00117534 -0.000638679 -0.000964224 -0.00102076 -0.000357792 -0.000899691 -0.000741169 -0.000733907 -0.00054281 -0.000166448 -0.000199072 -0.000204258 -0.000399662 -0.000275719 -0.000493148 -0.000946993 -0.00109684 -0.00102659 -0.000616028 -0.00136237 -6.62871e-05 -0.000520289 -3.91113e-05 -0.00039434 -0.000862013 0.000505947 -0.000382817 -6.12203e-05 -0.000383135 -0.000273322 -0.000378461 -0.000612481 -0.000258489 -0.000223254 
-0.000388585 0.0913588 -0.000451355 -0.000427447 -0.00114246 -0.000308731 -0.000197851 -0.00122162 -0.0020815 -0.00131199 0.000492022 -0.000885776 -0.000330314 -0.00157404 -0.00294492 -0.00409181 -0.00410152 -0.00227923 -0.00395792 -0.00398539 0.000423077 -0.00576683 -0.000134512 0.000812461 -0.00107678 0.000100025 0.000272704 -0.00121956 -0.00142392 -0.000298187 -0.000977606 -0.00205908 -0.000425372 -0.00140586 -0.000530741 -0.00135004 -0.00100789 0.000247067 -0.00122136 -0.000612478 -0.000477501 -0.000337847 -0.000527428 -0.000929299 -0.00117571 -0.00072692 -0.000728873 -0.00101021 -0.000911725 -0.000397943 -0.00106198 0.000245006 -0.000936509 -0.000947171 -0.000449547 -0.000838822 -0.00141359 -0.000809482 -0.000996719 -0.000852929 -0.000195603 -0.000620164 -0.000707746 -0.00120779 -0.000790319 -0.000557604 -0.000756426 -0.000497156 -0.00187054 -0.000216284 -0.000850981 -0.000590701 -0.000260024 -0.000456179 -0.000612735 -0.000353161 -0.00109597 -0.000718646 -0.000707871 -0.0004223 -0.00141409 -0.000868746 -0.00241975 6.43738e-05 -0.0014734 -0.000536038 -0.000268825 -3.42985e-05 -0.00069037 -0.000388143 -0.000527891 -0.000582564 -0.00131403 -0.000644064 -0.00107723 -0.000879732 -0.000979062 -0.000437398 0.000472158 0.000258992 
-0.000338597 -0.000451355 0.0801051 9.60979e-05 -0.000120857 0.00041228 0.000751843 0.000777424 -0.000742895 -0.000910846 -0.00193315 -0.00105953 -0.00211583 0.00151462 -0.00250004 -0.000918677 -0.00131148 -0.00253024 -0.00213024 -0.00266297 -0.00349409 -0.0026799 -0.00136359 -0.0030226 -0.00389239 -0.000607146 -0.00245083 -6.71787e-05 -0.000542785 -0.00270924 0.000978109 -3.7123e-05 -0.0013786 -0.00146233 -0.000962739 -0.00131867 -0.000444223 -0.00101267 -0.000957548 -0.000240738 -0.00049637 -0.00118919 -0.000567055 -0.00026587 -0.00173356 -0.000798493 -0.00126053 0.000206762 -0.00030243 -1.87176e-05 -0.00109105 -0.00104798 -0.000413389 -0.000729887 -0.000896059 -0.000115512 -0.000743845 -0.00020136 -0.000400481 -0.000595503 -0.00156158 -0.000343243 -0.000671844 -0.000620922 0.000310431 -0.00148012 -0.000984288 -0.000341368 -0.000496056 -0.00037966 -0.000314692 -0.000743525 4.83678e-06 -0.000878741 -0.000836622 -0.0008856 -0.000899264 0.000136115 -0.000980763 -0.000566633 -0.00122569 -0.000491278 -0.000910632 -0.00127874 6.71238e-05 -0.000658723 -0.000774885 7.88209e-06 -0.000296396 -0.000153697 -0.00132555 -0.000291453 -0.000740215 -0.00111109 -0.000544699 -0.00025091 -0.000248124 -0.000940386 0.000191618 -9.44332e-05 
6.11398e-05 -0.000427447 9.60979e-05 0.085802 -0.000326172 -0.000687757 0.000464507 -0.000985167 -8.60551e-05 -0.000230245 0.000297281 -0.00218825 -0.00182678 -0.00110109 -0.00174969 -0.00249205 -0.00220315 -0.00107553 -0.00496953 -0.00465921 -0.000921514 -0.00653488 -0.00188753 -0.00103055 -0.00355785 -0.00424516 -0.000891135 -8.90744e-05 -0.000173057 -0.00086665 -0.00200583 -0.00258494 -0.00180302 -0.000887158 -0.00123678 -0.00172658 -0.00149872 -0.00127524 -0.000491724 -0.000648067 -0.000334841 -0.000232601 -0.000644475 -0.000426312 -0.00100642 -0.00119933 -0.00102679 4.86861e-05 -0.000472911 0.000605615 8.96063e-06 -0.0004032 0.000271117 -0.00116781 -0.000108339 0.000108077 -6.58265e-05 -0.000303839 -0.000114269 -0.000756851 -0.000522311 -0.000703622 0.000162367 -0.000549986 -0.000682092 -0.00022441 -0.00105749 -0.000918371 -0.000165746 0.000124504 -0.000417184 -0.00105372 -0.000615487 -0.000225588 -0.000851431 8.89068e-06 -0.00163612 -0.00111848 -0.000290162 0.0002384 -0.000336824 -0.000595065 -0.000903503 0.000153541 -0.00124764 -0.000164104 -0.000100823 -0.000144792 -0.0006222 -5.73515e-05 -0.000980512 -0.000394558 -0.000613938 -0.000343859 -4.41895e-05 -0.00113552 -0.000705811 -0.000680289 -0.000699198 -2.13659e-05 
-6.12551e-05 -0.00114246 -0.000120857 -0.000326172 0.0951587 0.00030808 -0.00139762 -0.00109267 0.000218259 -0.000467877 -0.00122174 -0.00134149 -0.00169433 -0.00121997 -0.00403774 -0.00270968 -0.00327351 -0.00399376 -0.00133827 -0.00419772 -0.00150232 -0.00188319 -0.00278672 0.00239671 -0.00258004 -0.00390844 -0.00326268 -0.000401669 -0.00268306 -0.000792036 -0.00235443 -0.00118404 -0.00136162 -0.00203998 -0.000659677 -0.0013303 -0.000213046 -0.00133337 -0.00103258 -0.000278624 -0.000796621 -0.000576405 -0.000208843 -0.00114388 -0.00045391 -0.000391826 -0.000538388 -0.000505674 -0.000600312 0.000159628 -0.000110295 -0.000941737 -0.00125167 -0.00145949 -0.000977209 -0.000365864 -6.81721e-05 -0.000343457 -0.00101902 -0.000165025 -0.00145909 -0.00060825 -0.000620684 0.000165279 -0.00022923 -0.0013521 0.000571512 -0.000120221 0.000290303 -0.000477635 -0.000400937 -0.000267172 -0.00080641 -0.000335003 -0.000564684 -0.000347841 -0.00145039 -0.000411085 -0.000883693 -0.0014406 -0.000300503 7.31036e-05 -0.000544838 -0.000748167 -0.000999405 -0.00127871 -0.000267867 -0.000297193 -0.00188171 -0.000501371 -0.00100131 -0.000625634 -0.00110787 -0.000939554 -0.000648539 -0.000580421 -0.00087852 -0.000283056 -0.00170738 0.000168311 
0.000652106 -0.000308731 0.00041228 -0.000687757 0.00030808 0.0968816 -0.000733417 0.000496429 -0.000397942 -0.00176736 -0.000323795 -0.00116837 -0.00125004 -0.00109254 -0.00386619 -0.00185702 -0.000360734 -0.00374233 -0.000455103 -0.00266221 -0.00299917 -0.00238053 -0.00314331 -0.00181536 -0.00385923 -0.00134944 -0.00217379 -0.0037049 -0.00157123 -0.00225809 -0.00168544 0.000195364 -0.000914208 -0.00173044 -0.0011593 -0.00121655 -0.000647373 -0.000356453 -0.00136555 -0.000908075 -0.00111488 -0.00202101 -0.000807257 -0.000618915 -0.00147855 0.000274161 0.000232562 -0.000393935 -0.000961176 -0.00127982 -0.00128048 -0.000474952 -0.000915367 -0.000544857 -0.000605916 0.000318148 -0.00120047 -0.00131114 0.000455253 -0.000543146 -0.000282696 -0.000987225 -0.000355996 -0.00119302 -0.000615118 -0.00106226 -0.00178436 -0.000582675 -0.000603191 -0.000179493 -0.000138768 -0.000518887 -0.000715975 -0.000547793 -0.000467902 -0.000252615 -0.00190154 -0.000512604 -0.000351752 0.000197374 -0.000102749 -0.000705264 -0.00101654 -0.00089513 -0.00176622 -0.00101604 -0.000963205 -0.000172873 -0.00068349 -0.00204076 -0.000700805 0.000127412 -0.000675134 -0.000176947 -0.000257686 -0.000218699 -0.00016147 -0.00181722 -0.00147532 -0.00118744 
-0.00124766 -0.000197851 0.000751843 0.000464507 -0.00139762 -0.000733417 0.0837462 -0.000340625 -0.000660447 0.000349904 -0.000222216 0.000270207 0.00111164 -0.00145326 -0.00511167 -0.00222236 -0.00200409 -0.00419102 -0.00496785 -0.00405929 -0.00137402 -0.00233335 -0.0016053 -0.00508774 -0.00266973 -0.00223531 -0.00123639 -0.000101317 -0.000758241 -0.0010866 -0.00141056 -9.95972e-05 -0.000520131 -0.00121122 -0.000710119 -0.00171671 -0.00230385 -0.000231003 -1.71004e-05 -0.00014645 0.000536009 -0.000816043 -0.000386133 -0.000686232 -0.000486736 -0.000714483 -0.000578414 -0.000273257 0.000114056 -0.000273046 -0.00113551 -0.000803975 -0.000291278 -0.000788598 -0.000540177 -0.000506818 -0.00044475 -0.000165593 -5.91509e-05 -0.000551765 -0.000824783 -0.00092813 -0.000247988 -0.00074812 -0.00123386 -0.00134071 -0.000580619 -0.000407104 -0.000306313 -0.000529684 0.000122255 -0.00083118 -0.000709871 -0.000852657 -0.000639512 0.000189943 -0.000865893 -8.41573e-05 6.23456e-05 -0.000944669 0.000291287 -0.000540768 -0.000643338 -0.00123567 -0.00132093 -0.000848135 -0.000342862 -0.000112754 -0.000895393 2.04695e-05 -0.000708725 -0.00129057 -0.000807789 -0.000283923 0.000160102 0.000539373 -8.49703e-05 -0.000904053 -0.000172053 -0.0012969 
-0.00118179 -0.00122162 0.000777424 -0.000985167 -0.00109267 0.000496429 -0.000340625 0.110874 0.000896092 -0.000193025 -0.00132299 -5.54652e-06 -0.00410984 -0.00326127 0.000709269 -0.00488374 -0.00474456 -0.0022753 -0.00265819 -0.00196284 -0.00523426 -0.00102555 -0.00320724 -0.000119349 -0.00246624 0.00232361 -0.00530098 -0.00584082 -0.00208088 -0.00126567 -0.00101118 -0.00231608 0.000247418 -0.00176999 -0.000768419 -0.00153018 0.000884975 -0.000650044 -0.000548846 -0.00116128 -0.00101554 -0.00180149 -0.00109256 0.000430368 -0.00130326 -9.79001e-05 -0.000299327 -0.00108747 -0.000222895 -0.000851909 0.000211503 -0.00162549 -0.000802156 -0.00178083 0.000809107 -0.000207698 -0.00225663 -0.00100053 -0.000642791 -0.000965065 -0.000625576 -0.00150842 -0.000640002 -0.000401945 -0.00170955 -0.000429022 -0.00194792 -0.00129573 -0.000746402 -0.00148149 -0.000861235 -0.0016741 -0.00115657 2.25587e-05 -0.000899333 -0.00076153 4.21748e-05 -0.000680158 -0.00169501 -0.00112504 -0.0012002 -0.000549459 -0.00106806 -0.000986171 -0.000826572 3.61818e-05 -0.000416968 -0.00095788 -0.00122902 -0.00110622 -0.000533555 -0.000265961 -0.000788598 -0.00130766 -0.000765665 -0.00176375 -0.000204874 -0.00017963 -0.000205912 -0.00117582 
-0.00157012 -0.0020815 -0.000742895 -8.60551e-05 0.000218259 -0.000397942 -0.000660447 0.000896092 0.125631 -0.000389529 -0.000519013 -0.000409286 0.00117292 -0.00405587 -0.000941005 -0.00263071 -0.00537408 -0.00524308 -0.00382956 -0.00267598 -0.00291856 -0.00478067 -0.00329594 -0.00113529 2.4315e-05 -0.000963864 -0.00608028 -0.00346857 -0.000664677 -0.00129019 -0.00179713 -0.00342629 -0.00161298 -0.00126267 -0.000502163 -0.000855181 -0.000969681 -0.00038518 -0.00219871 -0.00064985 -0.000823301 -0.00216214 -0.00165017 -0.00147212 -0.00226408 -0.00115499 -0.00141719 -0.00087999 -0.00073071 -0.000529006 -0.00213096 -0.000486368 -0.000679024 0.000149048 -0.000438996 -0.000668166 -0.00074906 -3.53073e-05 0.000316856 -0.000765436 -0.00119878 -0.00149175 -0.000979312 0.00131545 0.000460922 -0.00149182 -0.00162856 -0.000511528 -0.000436168 -0.0015289 -0.00124751 -0.00184763 -0.00182794 -0.000330099 -0.000820237 3.45371e-05 -0.00226741 -0.000696586 -0.00112199 -0.00227637 -0.000735597 -0.000615193 0.000225492 -0.000517733 -0.00243476 -0.000759694 -0.0014403 -0.000657317 -0.00166368 -0.00117932 -0.000759048 -0.000485765 -0.000539219 -0.000845535 -0.000189244 -0.00150559 -0.00179498 -0.00171078 -0.00112645 -0.000880275 
0.000795297 -0.00131199 -0.000910846 -0.000230245 -0.000467877 -0.00176736 0.000349904 -0.000193025 -0.000389529 0.134461 -0.00108959 -0.00236075 -0.000812813 -0.00104543 -0.00183135 -0.00327585 -0.00117374 -0.00462475 0.000724707 -0.00560654 -0.00202507 -0.00454613 -0.00607261 -0.00283311 -0.00380884 -0.00358897 -0.003891 -0.00419186 -0.00468445 -0.000884964 -0.00130664 -0.00184467 -0.00188538 -0.00282615 -0.00102673 -0.000163542 -0.000580034 -0.00177476 0.000214824 -0.000638259 0.00105976 -0.00162259 0.00026817 -0.000837542 -0.000546439 -0.00113461 -0.00125924 -0.00135942 -0.000910805 -0.000702237 -0.000352939 -0.00134363 -0.00139448 0.000494531 -0.000482456 -0.000728102 -0.000108734 -0.000863195 -0.000716354 -0.00168781 -0.000749029 -0.00158218 -0.00110773 -0.00108724 -0.000202234 -0.000477595 -0.000591292 -0.00117477 -0.00192762 -0.00290151 -0.000642314 -0.0035963 -0.00160918 -0.000730648 -0.00179505 -0.0005779 -0.0010184 0.00053394 -0.00276099 -0.00182668 -0.00142379 -0.00081348 -0.000704266 -0.00188775 -0.00255303 -0.00159177 -0.00131714 -0.000976263 -0.00185786 -3.53159e-05 8.60809e-05 -0.000659043 -0.000790539 0.000173369 -0.00105069 -0.00218261 -0.00100287 -9.44054e-05 -0.00141272 -0.000733748 
5.9327e-05 0.000492022 -0.00193315 0.000297281 -0.00122174 -0.000323795 -0.000222216 -0.00132299 -0.000519013 -0.00108959 0.12948 -0.000100371 0.00355206 -0.0011577 0.000800606 -0.00464933 -0.00374349 -0.00710065 -0.00421138 -0.00354926 -0.00150546 -0.00481821 -0.00456174 -0.00677336 -0.00186054 -0.00224267 -0.00630118 -0.00234057 -0.00191635 -0.00186343 -0.00294772 -0.000571821 -0.000551103 0.000502514 -0.000956108 -0.0010167 -0.00276852 -0.000497235 -0.00114109 -0.00049276 -0.000642927 -0.000746294 -0.000766079 -0.000575213 -0.00119879 -0.00227482 -0.00184492 -0.00106466 1.66173e-06 -0.00121295 -0.00105976 -0.00135297 -0.00137286 -0.00167121 -0.0011489 -0.00142079 -0.000475214 -0.000562812 -0.00115155 -0.00128465 -0.00142001 -0.00173217 -0.00177737 -0.000924767 -0.00225817 -0.00230978 -0.000686581 0.000115223 -0.00181276 -0.000171597 -0.00108172 4.35601e-05 -0.000930653 -0.00146388 -0.000534448 -0.000201437 -0.000563431 -0.000544022 -0.00104067 -0.000595067 0.00130243 0.000219015 -0.00124749 -0.000121303 -0.000990057 -0.000767944 -0.00119543 -0.00140518 -0.00031591 -0.000696914 -0.00133799 -0.000736604 -0.00160471 -0.00117596 -0.00127642 -0.00133575 -0.00164466 -0.00172169 -0.00101673 -0.000128148 
-0.00136794 -0.000885776 -0.00105953 -0.00218825 -0.00134149 -0.00116837 0.000270207 -5.54652e-06 -0.000409286 -0.00236075 -0.000100371 0.173022 0.00145355 -0.000611705 0.000290547 0.000527572 -0.00378084 -0.00266036 -0.0007316 -0.00702817 -0.00407081 -0.0046831 -0.00615659 -0.00900128 -0.00348775 -0.0063283 -0.00344945 0.000889212 -0.00415083 -0.00319803 -0.00201028 -0.000681243 -0.00162837 -0.000788312 -0.00143145 -0.00349015 -0.000573742 -0.00238632 -0.00180393 -0.00110703 -0.0022106 -0.0020297 -0.0014737 -0.000967068 -0.00165351 -0.00255939 -0.0020716 -0.00173034 -0.000863996 -0.00177499 -0.00111216 -0.00108333 -0.00192426 -0.00231729 -0.00166784 -0.000500055 -0.00176009 -6.49083e-05 -0.000327234 -0.00215011 -0.00117639 -0.00263116 1.24006e-05 -0.00244011 -0.0023214 -0.000687211 -0.000628074 -0.000660916 -0.00283228 -0.00118699 -0.000621963 -0.000708226 -0.000709835 -0.00197611 -0.000982603 -0.00156286 0.000770371 -0.000791794 -0.00259981 -0.00166379 -0.00140219 -0.00148751 -0.00149595 -0.000900266 -0.00159736 -0.00281503 -0.00144452 -0.00213137 -0.00106615 -0.00161833 -0.00114794 -0.00257297 -0.00243124 -0.00120573 -0.00207047 -0.00183335 -0.00292215 -0.000252784 -0.00357521 -0.000714657 
-0.00183087 -0.000330314 -0.00211583 -0.00182678 -0.00169433 -0.00125004 0.00111164 -0.00410984 0.00117292 -0.000812813 0.00355206 0.00145355 0.188763 -0.000403918 -0.00398165 -0.00208732 -0.00851512 -0.00574404 -0.00598908 -0.0013182 -0.00760079 -0.00469556 -0.00452552 -0.00639198 -0.00138321 -0.00510355 -0.00434698 -0.00477689 -0.000825187 -0.0065779 0.000112581 -0.0036694 -0.00304284 -0.00373376 -0.00187426 -0.0047262 -0.00135892 -0.00125815 -0.00171209 -0.000966411 -0.00168841 -0.00305319 -0.00248773 -0.00176423 -0.000802688 -0.00222242 -0.00201472 -0.00166651 -0.00288957 -0.00118448 -0.000958687 -0.00106749 -0.000950541 -0.000382642 6.96192e-05 -0.000657419 -0.00114403 -0.000730596 -0.00306101 -0.00179545 -0.00339629 -0.00258416 -0.000501824 -0.00207223 -0.000747907 0.000827072 -0.000570228 -0.000607361 -0.00294367 -0.000755394 -0.00148615 -0.000273391 -0.00122332 -0.00187986 -0.00132376 -0.00104651 -0.00193846 -0.000944907 -0.00220922 -0.00279147 -0.00150557 -0.0016322 -0.00183263 -0.00193564 -0.00374258 -0.00311742 0.000107979 0.000244635 -0.000102521 -0.00158488 0.000692303 -0.000357023 -0.0015832 -0.00236557 -0.00140916 -0.000198426 -0.00150754 -0.00143696 -0.00178862 -0.00161005 
-0.00333765 -0.00157404 0.00151462 -0.00110109 -0.00121997 -0.00109254 -0.00145326 -0.00326127 -0.00405587 -0.00104543 -0.0011577 -0.000611705 -0.000403918 0.19214 -0.00166596 0.00197972 -0.00430162 -0.00415392 -0.000952269 -0.00902532 -0.00689202 -0.00447739 -0.00255098 -0.00719577 -0.00936969 -0.00665327 0.0014612 -0.00293005 -0.00487238 -0.00477153 -0.00125175 -0.00274184 -0.00332592 0.000490336 -0.00244 -0.00180167 -0.00191356 -0.000131205 0.000703189 -0.000368406 -0.00104477 -0.00150183 -0.00146107 -0.000730219 -0.000889257 -0.00165046 -0.00229777 -0.00280489 -0.00246715 0.00114924 -0.00320628 -0.00181172 -0.000988262 -0.00181432 -0.00172511 -0.0020622 -0.0019433 -0.00228279 -0.000786992 0.000577398 -0.00382678 -0.00079953 -0.000647638 -0.0013768 -0.00237044 -0.00359876 -0.00145963 -0.000583387 -0.00241402 -0.00147602 -0.000489401 -0.00100124 -0.00258782 -0.000312078 -0.00138821 -0.00175789 -0.000578941 -0.000751893 -0.00149599 0.00120252 -0.00201343 -0.00100524 -0.00324461 -0.000535906 -0.00295353 -0.00324846 -0.000403336 -0.000877276 -0.00136119 -0.00309128 -0.0026874 -0.00274581 -0.00242156 -0.00256473 -0.00112093 -0.00244833 -0.00120202 -0.000915101 -0.00219967 0.000307188 
-0.00385627 -0.00294492 -0.00250004 -0.00174969 -0.00403774 -0.00386619 -0.00511167 0.000709269 -0.000941005 -0.00183135 0.000800606 0.000290547 -0.00398165 -0.00166596 0.23478 1.70991e-05 -0.00605439 0.00140569 -0.00645917 -0.00379875 -0.00410418 -0.00164537 -0.000789153 -0.00527506 -0.00407334 -0.00859377 -0.00841087 -0.00758279 -0.00505623 -0.00171055 -0.0046698 -0.00559853 -0.00344379 0.000867835 -0.000178679 -0.00243846 0.000167631 -0.00150507 -0.00409652 -0.00305409 -5.28979e-05 -0.0051137 -0.00284654 -0.00195022 -0.00360926 -0.000889671 -0.001455 -0.0050062 -0.000475316 -0.00259884 -0.00164375 -0.00299041 -0.00205232 -0.000193261 -0.00112319 -0.00211664 -0.00319968 -0.000753735 -0.00333207 -0.00330104 -0.000318587 -0.00280084 -0.00118885 -0.00212169 -0.00221181 -5.29286e-05 -0.00237181 -0.00510107 -0.00276829 -0.00067529 -0.00280631 -0.000379422 -0.00242083 -0.00384981 -0.00112186 -0.00131974 0.000317822 -0.00163891 0.000249747 -0.00349912 -0.00214071 -0.00364362 -0.0017001 0.000179222 -0.00222796 -0.0007073 -0.00290673 -0.00302749 9.77776e-05 -0.00227052 -0.00252866 -0.00199985 -3.62249e-05 -0.000985677 -0.00380102 -0.00349082 -0.00191928 -0.0018057 -0.000567588 -0.00174765 
-0.00206864 -0.00409181 -0.000918677 -0.00249205 -0.00270968 -0.00185702 -0.00222236 -0.00488374 -0.00263071 -0.00327585 -0.00464933 0.000527572 -0.00208732 0.00197972 1.70991e-05 0.234383 0.00231113 0.00228955 0.00358921 -0.0111975 -0.0135205 -0.00457388 -0.00665947 -0.0059448 -0.00594298 -0.0134408 -0.00204033 -0.00375861 -0.00780136 -0.00287627 -0.00571648 -0.00201523 -0.00142379 -0.00329451 -0.00412715 -0.00502811 -0.00197018 -0.00562166 -0.000692428 -0.00178308 -0.00430367 -0.00116251 -0.00320033 -0.00182219 0.000106456 -0.00199496 -0.00236453 0.000155902 -0.00162805 -0.00237919 -0.00121047 -0.00170179 6.93762e-05 -0.00283359 -0.00168399 -0.00279879 -0.00229531 -0.000819641 -0.00128418 -0.00155697 -0.00122458 -0.00171183 -0.00198069 -0.00228838 0.00157993 -0.00376009 -0.000964552 -0.00146996 -0.00357743 -0.00424128 -0.0013593 -0.000709986 -0.0018111 -0.000832119 0.000214093 -0.000736564 -0.000420002 -0.00318104 0.000508838 -0.000154879 -0.00121397 -0.000821004 -0.00129107 -0.00198504 -0.00330392 -0.00178839 -0.00246317 -0.00419987 -0.00251896 -0.00268248 0.000191296 -0.00476466 0.000527759 -0.00054636 -0.0036799 -0.00170314 -0.00133751 -0.00162076 -0.00227595 -0.00147506 
-0.00181774 -0.00410152 -0.00131148 -0.00220315 -0.00327351 -0.000360734 -0.00200409 -0.00474456 -0.00537408 -0.00117374 -0.00374349 -0.00378084 -0.00851512 -0.00430162 -0.00605439 0.00231113 0.247599 0.00120063 -0.00760039 -0.00256743 -0.00116129 -0.00429932 -0.00761939 -0.00535841 -0.0114807 -0.00759766 -0.0011707 -0.00219702 -0.00419535 -0.00364232 -0.00416454 -0.0050676 -0.00451836 -0.00463273 -0.00147094 -0.0018211 -0.00376923 -0.00307338 0.00146267 -9.02215e-05 -0.00186109 -0.00467359 -0.00171654 -0.0023841 -0.00181131 -0.00142202 -0.00102017 -0.00305151 -0.0017058 -0.00233127 -0.00112347 -0.00189963 -0.00181819 0.00126335 -0.00285712 -0.00123742 -0.00395382 -0.0028998 -0.00137846 0.00132882 -0.000152433 -0.00164542 -0.00359533 -0.0016767 -0.00167533 -0.00160986 -0.00423253 -0.00362468 -0.00109754 -0.00170923 -0.00183163 -0.00533214 1.21353e-05 -0.00508578 -0.00369641 -0.00341314 -0.00387205 -0.000961063 2.47016e-05 -0.00391994 -0.00250776 0.000183263 -0.00374001 -0.00221524 -0.00295842 1.85738e-05 -0.00241192 -0.00255812 -0.00169162 -5.33934e-05 -0.000515936 -0.00205552 0.000308925 -0.00131473 0.000369327 -0.00344377 0.000399442 -0.0028903 0.000654293 -0.000245287 
-0.00209518 -0.00227923 -0.00253024 -0.00107553 -0.00399376 -0.00374233 -0.00419102 -0.0022753 -0.00524308 -0.00462475 -0.00710065 -0.00266036 -0.00574404 -0.00415392 0.00140569 0.00228955 0.00120063 0.249998 -0.00684143 -0.00479189 -0.00391991 -0.00437949 0.000867918 -0.0104298 -0.00526004 -0.00731142 -0.0023667 -0.00941159 -0.00215466 -0.00104869 -0.00212055 -0.000372778 -0.00205048 -0.00248475 -0.00286971 -0.00673402 0.000371253 -0.000449702 -0.00307869 -0.00172323 -0.00356433 -0.000545722 -0.00200953 -0.00228865 -0.00412556 0.000866489 -0.000677787 -0.00275301 -0.00305897 -0.00248574 -0.00170283 -0.00150276 -0.00355195 -0.00177733 -0.00489202 -0.00162285 -0.001834 -0.00286665 -0.00342914 -0.00276914 -0.00369615 -0.0022503 -0.0028671 -0.0046703 -0.000367846 -0.00107585 -0.00415071 -0.00481832 -0.0024864 -0.000113854 -0.00144382 -0.00228758 -0.000949598 -0.000126074 -0.00593976 -0.00224534 -0.000226185 0.000206375 -0.00120221 -0.00161212 0.000156052 -0.00182625 -0.00145307 -0.00157265 4.13745e-05 0.000565404 -0.00243633 -0.00184197 -0.00301666 -0.00403657 -0.00388019 -0.00209561 -0.00215898 -0.000557683 -0.00260242 -0.00363634 -0.000234414 -0.00313159 0.000624489 -0.00261624 
-0.0038834 -0.00395792 -0.00213024 -0.00496953 -0.00133827 -0.000455103 -0.00496785 -0.00265819 -0.00382956 0.000724707 -0.00421138 -0.0007316 -0.00598908 -0.000952269 -0.00645917 0.00358921 -0.00760039 -0.00684143 0.24914 -0.00615531 -0.00769643 -0.00134466 -0.0106499 -0.000249659 -0.00399296 -0.00826458 -0.00907984 -0.00223967 -0.00095687 -0.00189365 -0.00835632 -0.00112417 -0.00420281 -0.000246898 -0.0030655 -0.00628188 -0.00258824 -0.00177728 -0.00247946 -0.00325311 -0.00135338 -0.00142812 -0.00188989 0.000274329 -0.000140326 -0.00123095 -0.00284742 -0.00235671 -0.00352082 -0.000697428 -0.000514018 -0.00301819 -0.00122453 8.0464e-05 0.000758485 -0.000618649 -0.0002555 -0.00129785 -0.00106167 -0.0022298 -0.00184734 -0.00409946 -0.0038729 0.000237343 0.00170137 -0.000711875 -0.00114884 -0.0016733 -0.0020169 -0.00238166 -0.00269661 -0.00154571 -0.00141392 -0.00154701 -0.0027768 -0.00174103 -0.00375687 -0.00313306 -0.00250562 -0.00194943 -0.000746384 -0.00325778 -0.00021385 -0.00330348 -0.00304617 -0.00287898 -0.0044066 -0.00298 -0.000321595 -0.00223889 -0.00122841 -0.000932458 -0.00234446 -0.0017445 -0.00180357 -0.00063604 -0.00227884 -0.00165466 -0.00431053 -0.0028009 
-0.00277633 -0.00398539 -0.00266297 -0.00465921 -0.00419772 -0.00266221 -0.00405929 -0.00196284 -0.00267598 -0.00560654 -0.00354926 -0.00702817 -0.0013182 -0.00902532 -0.00379875 -0.0111975 -0.00256743 -0.00479189 -0.00615531 0.247651 0.000417639 -0.00626909 -0.00658659 0.00138662 0.00179089 0.00292716 -0.00277361 -0.00464817 4.73036e-05 -0.00513212 -0.00430702 -0.00537824 -0.00236876 -0.00479039 -0.000564705 0.00160044 -0.00115947 -0.000536724 -0.000933715 -0.00202342 -0.00092123 -0.00100283 -0.00279142 -0.00311149 -0.00398382 -0.00328387 -0.00168301 -0.00095744 0.000255967 -0.00249682 -0.00553514 5.18416e-05 -0.00192711 -0.0030241 -0.00130345 -0.00197328 -0.0011897 -0.00157795 -0.00127819 -0.00224714 -0.00190799 -6.88503e-05 -0.000992587 -0.00297321 -0.00291813 -0.00432166 -0.00146295 -0.00196885 -0.00297871 -0.00521378 -0.00186608 -0.00121366 -0.00147258 -0.00296578 -0.0016628 -0.000546824 -0.00263204 -0.00101153 -0.00386974 -0.00176547 -0.00380296 0.000255651 0.000543102 -0.00296722 0.00286906 -0.00357406 -0.00144792 -0.000328383 -0.00512143 -0.00191599 -0.00122563 -0.0024637 -0.00256791 -0.00130182 -0.0022765 -0.00203105 -0.00180835 -0.00372045 -0.00199966 -0.00499051 
-0.00294042 0.000423077 -0.00349409 -0.000921514 -0.00150232 -0.00299917 -0.00137402 -0.00523426 -0.00291856 -0.00202507 -0.00150546 -0.00407081 -0.00760079 -0.00689202 -0.00410418 -0.0135205 -0.00116129 -0.00391991 -0.00769643 0.000417639 0.249863 -0.0012657 -0.00822259 -0.00306997 -0.0074161 -0.00130153 -0.00427183 -0.0060495 -0.0052523 -0.00360305 -0.00172317 -0.00574423 -0.000960247 -0.000328173 -0.00251487 0.0020571 -0.00096857 -0.00363706 -0.00188148 -0.000586888 -0.00136473 -0.00142241 -0.000704995 -0.00219937 -0.00453469 -0.00254539 -0.00293977 -0.00240107 -0.0040979 -0.00367726 -0.00200588 -0.00113824 -0.00253571 -0.00297079 -0.000993028 -0.00191833 -0.00261247 -0.0020574 -0.00271678 -0.00200573 -0.000668543 5.03968e-05 -0.00283162 -0.00134134 -0.00195923 -0.00316418 -0.00366244 -0.00202297 -0.00156876 -0.00144485 -0.00414975 -0.00232623 -0.00180215 -0.00150847 -0.00463211 -0.00215658 -0.00059949 -0.00188654 -0.00129303 -0.00648904 -0.00171177 0.000184475 -0.00159895 -0.0031283 -0.00120126 -0.00132355 -0.00137078 0.000356485 -0.00266756 -0.00144319 -0.000713708 8.71557e-05 -0.00102753 0.00014134 -0.000840506 -0.00243169 -0.00234661 -0.00161289 -0.00150657 -0.00362814 
-0.00274506 -0.00576683 -0.0026799 -0.00653488 -0.00188319 -0.00238053 -0.00233335 -0.00102555 -0.00478067 -0.00454613 -0.00481821 -0.0046831 -0.00469556 -0.00447739 -0.00164537 -0.00457388 -0.00429932 -0.00437949 -0.00134466 -0.00626909 -0.0012657 0.249808 0.000911557 -0.0120664 -0.00618317 -0.00159131 -0.00932661 -0.00585284 0.000269215 -0.00122393 -0.00436202 -0.000595531 -0.00236211 -0.00136745 -0.000660872 -0.000362459 -0.00270405 -0.000387805 -0.00165658 -0.00173037 -0.000273125 -0.0015869 -0.00313173 -5.71497e-05 -0.00176696 -0.00303985 0.00109061 -0.000389527 0.000823329 0.00215648 -0.00371648 -0.0042506 -0.00250136 -0.00194743 -0.00290075 -0.00256293 -0.00238069 -0.00433204 -0.000808269 -0.00394823 -0.00420745 -0.0033702 -0.00447333 -0.001438 -0.00253182 -0.00358046 0.000473353 0.000369258 5.87398e-05 -0.00337671 -0.00195263 -0.00237714 -0.00568145 -0.00334541 -0.00195849 6.15604e-05 -0.0019647 -0.00119112 -0.00176616 -0.00289435 -0.00173871 -0.00183096 -0.0024869 -0.00335828 -0.00284936 -0.00312331 -0.000376914 -0.00202857 0.000440827 -0.00290108 -0.0023673 -0.00230616 -0.00172558 -0.00268678 -0.00262982 -0.00224727 -0.000899977 -0.00224882 -0.00215289 -0.00123968 
-0.00070644 -0.000134512 -0.00136359 -0.00188753 -0.00278672 -0.00314331 -0.0016053 -0.00320724 -0.00329594 -0.00607261 -0.00456174 -0.00615659 -0.00452552 -0.00255098 -0.000789153 -0.00665947 -0.00761939 0.000867918 -0.0106499 -0.00658659 -0.00822259 0.000911557 0.24857 -0.00441475 -0.00653555 -0.00111284 -0.00414831 -0.00131578 -0.00486827 -0.00266501 -0.00123089 -0.000366961 -0.00626821 -0.000736491 -0.00219283 -0.00333781 -0.00185583 -0.000525147 -0.00218156 -0.0031606 -0.000862401 -0.0026464 -0.00146661 -0.00271638 -0.00431756 -0.00196368 -0.002076 -0.00318379 -0.00154373 -0.00533388 -0.00227393 -8.60319e-05 -0.00200904 -0.00361498 -0.00425338 -0.00366789 0.000758605 -0.00198384 -0.00302464 -0.00289664 -0.00322761 -0.00113719 -0.00519513 -0.00169858 6.95404e-05 -0.00011224 -0.00158685 -0.00202043 -0.00239774 0.000828618 -0.00220719 -0.000354056 0.000256937 -4.61356e-05 -0.000926169 -0.00203324 -0.00221394 -0.00236797 -0.000271521 -0.000376772 -0.00107059 -0.00308329 -0.00201256 -0.00419454 -0.0025602 -0.0039637 -0.00059031 -0.00259301 -0.00160043 -0.00179444 -0.00410699 -0.00276775 -0.00217853 -0.000423479 -0.001724 -0.00299576 1.36386e-05 -0.00236146 -0.00195357 -0.00276696 
-0.00154873 0.000812461 -0.0030226 -0.00103055 0.00239671 -0.00181536 -0.00508774 -0.000119349 -0.00113529 -0.00283311 -0.00677336 -0.00900128 -0.00639198 -0.00719577 -0.00527506 -0.0059448 -0.00535841 -0.0104298 -0.000249659 0.00138662 -0.00306997 -0.0120664 -0.00441475 0.249033 0.000793836 -0.00124706 -0.00761607 -0.00513735 -0.00472347 -0.00111777 0.000289843 -0.00410256 -0.00108731 -0.00447689 -0.0033461 -0.00121479 -0.00466337 -0.00327723 -0.00275157 -0.00240739 -0.00234318 -0.00221398 -0.00220231 -0.0024415 0.000586545 -0.00222734 -0.00217412 -0.000607453 -0.00207668 -0.00523948 -0.00131466 -0.00218427 -0.00298315 -0.00233723 -1.65937e-05 -0.00203266 -0.00100602 -6.846e-05 -0.00329718 -0.00084662 -0.00309554 0.000581379 -0.00200381 -0.00120972 -0.00302602 -0.00105984 -0.00232088 -0.00157469 -0.00148251 -0.0010454 -0.000857214 -0.00233031 -0.000783611 -0.00129913 -0.00291833 -0.00174528 -0.00282109 -0.00316012 -0.00100651 -0.000899516 -0.00384055 -0.00383812 -0.000965539 -0.00178116 -0.000372126 -0.000551767 -0.00108715 -0.00318537 -0.00336337 -0.00487019 -0.00335922 -0.00134232 -0.00254546 -0.00199916 -0.000997693 -0.0015176 -0.00215075 -0.00201459 -0.00219093 -0.00172221 
-0.00248806 -0.00107678 -0.00389239 -0.00355785 -0.00258004 -0.00385923 -0.00266973 -0.00246624 2.4315e-05 -0.00380884 -0.00186054 -0.00348775 -0.00138321 -0.00936969 -0.00407334 -0.00594298 -0.0114807 -0.00526004 -0.00399296 0.00179089 -0.0074161 -0.00618317 -0.00653555 0.000793836 0.249705 0.00216186 0.00249197 0.000455303 -0.00151516 -0.00104321 -0.00252998 -0.00694589 -0.00319229 -0.00335606 -0.00348382 -0.00174115 -0.000808418 -0.00419698 -0.00288584 -0.00258254 -0.00144658 -0.00408427 -0.00200932 -0.00202259 0.00172005 -0.00463336 -0.00198102 -0.00265802 -0.00224994 -0.00135371 -0.00150604 -0.00046683 -0.0026723 -0.00209033 -0.00163532 -0.00249105 0.00155318 -0.00228405 -0.00172508 -0.00161185 -0.00200355 -0.000697407 -0.000782098 -0.00293335 -0.00198076 -0.00302221 -0.00613826 -0.00213196 -0.00510005 -0.000946293 -0.00176429 -0.00145607 -0.00190723 -0.0016695 -0.0027727 -0.00145836 -0.00149168 -0.0026425 -0.00318093 -6.4135e-05 -0.00300997 -0.00207868 -0.00251527 -0.00221975 -0.00178264 -0.00223339 -0.0020046 -0.00335664 -0.000161231 -0.00151489 -0.00323246 -0.00183493 -0.00625987 -0.00369557 -0.00167995 -0.00297077 -0.00272299 -0.000297831 -0.00354709 -0.00284642 
-0.0028118 0.000100025 -0.000607146 -0.00424516 -0.00390844 -0.00134944 -0.00223531 0.00232361 -0.000963864 -0.00358897 -0.00224267 -0.0063283 -0.00510355 -0.00665327 -0.00859377 -0.0134408 -0.00759766 -0.00731142 -0.00826458 0.00292716 -0.00130153 -0.00159131 -0.00111284 -0.00124706 0.00216186 0.23694 -0.00413271 -0.0070769 -0.00424785 -0.00262226 -0.00414888 -0.00422746 -0.00396667 -0.00279864 -0.00304788 -0.00181767 -0.000428937 -0.00267343 -0.00102397 -0.00258027 -0.00317 -0.00323859 -0.00173706 -0.00194767 -0.00163746 -0.00489554 -0.00109969 -0.00304671 0.00150015 -0.00106259 -0.000789082 -0.00275185 0.000789596 -0.00329056 -0.000847026 -0.00421382 0.000984437 -0.000826439 -0.00302604 -0.00355486 8.65742e-05 -0.00100587 -0.000154498 -0.00299727 -0.00111587 -0.000424709 -0.00268342 -0.00150083 4.89383e-05 -0.00205373 -0.00275865 -0.00300036 -0.00224911 -0.00201628 -0.000462919 -0.00377477 0.000495256 -0.00231513 -0.00409511 -0.00279633 -0.0034775 -0.00138935 -0.0027426 -0.00265257 -0.000127392 0.000138455 -0.00299323 0.00175417 -0.00261732 -0.00124237 -0.00397816 -0.00432404 -0.00130574 -0.00284636 -0.00283226 -0.00137284 -0.00035823 -0.000696827 -0.00124513 -0.00221576 
-0.00206667 0.000272704 -0.00245083 -0.000891135 -0.00326268 -0.00217379 -0.00123639 -0.00530098 -0.00608028 -0.003891 -0.00630118 -0.00344945 -0.00434698 0.0014612 -0.00841087 -0.00204033 -0.0011707 -0.0023667 -0.00907984 -0.00277361 -0.00427183 -0.00932661 -0.00414831 -0.00761607 0.00249197 -0.00413271 0.225075 -0.00363253 -0.00513955 -0.00912928 -0.00128113 -0.00369605 -0.00210469 -0.00250036 -0.00523843 -0.00143973 -0.00184178 -0.00281668 -0.00326939 -0.00260992 -3.84045e-05 0.000459743 0.000285905 -0.00224329 -0.00333079 -0.00171269 -0.00139868 -0.000316134 -0.000317555 -0.000772128 -0.000996046 -0.00192072 -0.000547005 -0.00388402 -0.00231126 -0.00101575 -0.00215071 -0.00328791 -0.00101284 -0.000934366 0.00188078 -0.000662683 -0.000262101 -0.0028425 -0.000926048 -0.00177816 -0.00131454 -0.000118923 -0.0033581 -0.00276493 -0.00119122 -0.0017019 -0.00192401 -0.00264098 -0.00135611 -0.000120286 -0.00268826 -0.00147901 -0.0014836 -7.35302e-05 -0.00161072 -0.00316177 -0.00173246 0.000879311 -0.00340054 -0.000735216 -0.00183673 -0.0025839 -0.000557876 -0.000717346 -0.000389176 -0.00283742 -0.00110617 -0.00269677 -0.00069249 -0.00198602 -0.00128006 -0.00344175 -0.00239683 -0.00127783 
-0.00197243 -0.00121956 -6.71787e-05 -8.90744e-05 -0.000401669 -0.0037049 -0.000101317 -0.00584082 -0.00346857 -0.00419186 -0.00234057 0.000889212 -0.00477689 -0.00293005 -0.00758279 -0.00375861 -0.00219702 -0.00941159 -0.00223967 -0.00464817 -0.0060495 -0.00585284 -0.00131578 -0.00513735 0.000455303 -0.0070769 -0.00363253 0.204 -0.00477134 -0.00636497 -0.00444934 -0.00210571 0.00119095 -0.00195411 -0.00152658 -0.00478574 -0.00236606 -0.0025719 -0.000792885 -0.000849776 -0.00193253 0.000791818 -6.51943e-05 -0.000254713 -0.000698909 -0.000799583 -0.0019576 -0.00200207 -0.00187976 -0.000400446 -0.00203282 -0.00117488 -0.00202154 -0.00283965 -0.00160901 -0.00222274 -0.00159765 -0.00292302 -0.001384 -0.0022225 -0.00116625 -0.00055685 0.00110388 -0.000935898 -0.00304838 -0.00172148 -4.21728e-05 -0.00178989 -0.00117995 -0.00323121 -0.000855288 -0.00203874 -0.00032886 -0.0024991 -0.00185563 -0.000560171 -0.00262784 -0.00135617 -0.00157609 0.000397427 0.000459438 -0.000339245 -0.00163308 -0.00393107 -0.000472853 1.16941e-05 -0.00116682 -0.0015556 -0.00249515 0.0011349 -0.00184776 -0.00376732 -0.00159023 -0.00141684 -0.00123298 -0.00205259 -0.00256777 -0.00168702 -0.00231017 -0.000433547 
0.000815457 -0.00142392 -0.000542785 -0.000173057 -0.00268306 -0.00157123 -0.000758241 -0.00208088 -0.000664677 -0.00468445 -0.00191635 -0.00415083 -0.000825187 -0.00487238 -0.00505623 -0.00780136 -0.00419535 -0.00215466 -0.00095687 4.73036e-05 -0.0052523 0.000269215 -0.00486827 -0.00472347 -0.00151516 -0.00424785 -0.00513955 -0.00477134 0.162932 -0.00289217 0.000119912 -0.00173713 -0.000309757 -0.00151739 -0.00216613 0.000168627 -0.00148421 -0.00335013 0.000384406 0.000546386 -0.00191507 -0.00194266 -0.00204858 -0.00208963 -0.00205255 0.000420494 -0.00110821 -0.000722927 -0.00102537 -0.000520531 -0.0013573 -0.00103099 0.000374613 -0.0013666 -0.000598666 -0.000784547 -0.000864516 -0.000880463 -0.000300804 -7.24893e-05 -0.00133589 -0.000471381 -0.00239491 -0.00102303 -0.00247723 -0.00145564 -0.00160463 -1.47602e-05 -0.00212311 -0.00198081 -0.000758612 -0.000989067 -0.00104404 -0.00065845 0.000342281 -0.000944485 -0.00218567 -0.00231922 -0.00342937 -0.00131107 -0.00172035 -0.000763476 -0.00106821 -0.00098992 -0.00114069 -0.00266866 -0.00239547 -0.000476892 -0.000572683 -0.00169269 -0.00152378 -0.000621848 -0.00148177 -0.00145232 -0.000294727 -0.00134705 -0.00170312 -0.00216197 -0.000727341 -0.00192788 
-0.0012923 -0.000298187 -0.00270924 -0.00086665 -0.000792036 -0.00225809 -0.0010866 -0.00126567 -0.00129019 -0.000884964 -0.00186343 -0.00319803 -0.0065779 -0.00477153 -0.00171055 -0.00287627 -0.00364232 -0.00104869 -0.00189365 -0.00513212 -0.00360305 -0.00122393 -0.00266501 -0.00111777 -0.00104321 -0.00262226 -0.00912928 -0.00636497 -0.00289217 0.166716 -0.0002902 -0.00147588 -0.00142121 -0.000716538 -0.001793 -0.00230586 -0.001164 -0.00108482 -0.000577594 -0.00101896 -0.00112713 -0.00303327 0.000228158 -0.0010604 0.000127423 -0.00120754 0.000328614 -0.00171505 0.000322941 -0.000719174 -0.00104408 -0.00100461 -0.000398722 -0.000742499 -0.000441994 -0.00122504 -0.00149192 -0.000826454 -0.000895211 -0.00195138 -0.000418377 -0.00224383 -0.00172628 -0.00288511 -0.00365956 -0.00175873 -0.000597031 -0.00265959 -0.00111105 -0.0015461 -0.00181621 9.88151e-06 -0.00361126 -0.00103987 -0.00144288 -0.000283895 -0.00159163 -0.00140324 -0.000596046 -0.00257804 -0.000836332 -0.00196326 -0.00194393 -0.00192245 -0.00167351 -0.000957085 -0.00132275 -0.000425278 -0.00145543 -0.000788352 -0.00153851 -0.0012711 -0.000570412 -0.00290554 -0.00138507 -0.00240377 -0.000508647 -0.000641624 -0.000839472 -0.00255963 
-0.00123039 -0.000977606 0.000978109 -0.00200583 -0.00235443 -0.00168544 -0.00141056 -0.00101118 -0.00179713 -0.00130664 -0.00294772 -0.00201028 0.000112581 -0.00125175 -0.0046698 -0.00571648 -0.00416454 -0.00212055 -0.00835632 -0.00430702 -0.00172317 -0.00436202 -0.00123089 0.000289843 -0.00252998 -0.00414888 -0.00128113 -0.00444934 0.000119912 -0.0002902 0.139395 -0.0031267 -0.000370055 -0.00101662 0.000382971 -0.00145341 -0.00112074 0.000235273 -0.00114318 -0.000534857 -0.00164995 -0.00210391 -0.00133088 -0.000649378 -0.00141938 -0.00135416 0.000312597 -0.000678879 -0.00136838 -0.000180399 -0.0011305 -0.00041187 -0.00066362 -0.000842648 -0.000720703 -0.000173532 -0.00229665 -0.00138685 -0.000258799 -0.00128769 -0.00174547 -0.00194691 -0.00132753 -0.00149837 0.00042888 -0.000595043 -0.00160615 -0.000235436 -0.000568604 -0.00052628 -0.000374391 -0.002877 -0.00117268 -0.00151591 -0.000775413 -0.0015561 -0.00185212 -0.00140578 -0.00183175 -0.000603324 -0.00104323 -0.00156165 -0.000540334 -0.000660838 -0.00232672 -0.00132639 -0.00149727 -0.000251574 -0.00103487 -0.000130808 0.000413289 -0.000687545 -0.001767 -0.000808853 0.000227863 -0.00128902 -0.00101171 -0.00152218 -0.00173972 -0.00166946 
0.000191957 -0.00205908 -3.7123e-05 -0.00258494 -0.00118404 0.000195364 -9.95972e-05 -0.00231608 -0.00342629 -0.00184467 -0.000571821 -0.000681243 -0.0036694 -0.00274184 -0.00559853 -0.00201523 -0.0050676 -0.000372778 -0.00112417 -0.00537824 -0.00574423 -0.000595531 -0.000366961 -0.00410256 -0.00694589 -0.00422746 -0.00369605 -0.00210571 -0.00173713 -0.00147588 -0.0031267 0.126709 -0.000938477 -0.00112473 -0.000274335 0.000648687 -0.000707156 -0.00185265 -0.00129619 -0.00174081 -0.000174299 3.25813e-05 -0.000421577 -0.00161667 -0.0021058 -0.000105371 3.40826e-06 -0.00094615 -0.000529908 -0.000885633 -0.000121923 -0.0017667 -0.00101517 -0.00102512 -0.000549845 -0.000888616 0.000493214 -0.000427526 -0.000456418 -0.000521908 -0.00116824 -0.00171065 -0.000578127 -0.000339577 -0.000543027 -0.000556509 -0.00205469 -0.000537589 0.000392082 1.81325e-05 -0.000459892 -0.00131892 -0.00198816 -0.000178199 0.000273564 -2.64558e-05 -0.000814472 -0.0012405 -0.00179044 -0.00235812 -0.000459039 -0.000428196 0.000115812 -0.000671946 -0.00131443 0.000292479 -0.0017556 -0.000149184 -0.00147968 -0.00132805 -0.000667933 -0.0015386 -0.00146545 -0.00173891 -0.000176075 0.000448905 -0.000990756 0.000343847 -0.00127401 -0.000667919 
