0.0761909 -0.00013237 -0.000265575 0.000310709 -5.79269e-05 0.000229799 -0.000592697 -0.000701169 -0.00108323 -0.000752917 -0.00174777 -0.00178484 -0.00153342 -0.0013192 -0.00153407 -0.002672 0.000686393 -0.000376495 -0.0034401 -0.00186429 -0.000603142 -0.00278591 -0.00490998 -0.00227849 -0.00350147 -0.00334829 -0.00413736 0.00287127 -0.00195694 -0.00104014 -0.000366347 -0.000453606 -0.00079609 -0.000148814 -0.00113273 -0.000752404 -0.000599001 0.000417251 6.02425e-05 -0.000617553 -0.00109511 -0.000329994 -0.000369326 -0.00107 -0.00101806 -0.000367915 -0.000667186 -0.00079907 -0.000820532 -0.000194041 -0.000576483 1.34761e-05 -0.000688765 -0.000863807 -0.000433621 -0.00045523 -0.000887175 -0.00100399 -0.000368788 -8.91381e-05 -0.000588076 -0.000163805 -0.000616023 -0.000802646 -0.00113438 -1.4294e-05 -0.000742944 -0.000214662 -0.00139801 -0.000212621 2.08865e-05 3.3621e-05 -0.000706095 -0.000758362 -0.000353779 -0.000777241 -0.00105547 -0.0011899 -5.32439e-05 -0.000981067 -1.09487e-05 -0.000930999 -0.00033725 0.000167735 -0.000479456 -0.000139045 -0.00065982 -0.00012935 -0.000657859 -0.000649641 -0.000253522 -0.000467457 -0.00122637 -0.000533355 -0.000815767 -0.000499719 -0.000235929 -0.000826682 0.000485874 0.000512199 
-0.00013237 0.0867364 -0.000191717 -0.00104371 -0.00106704 -4.54064e-05 -0.000476897 -0.00102264 -0.000404814 0.000232685 -0.00254645 -0.000492362 -0.000373454 -0.00266871 -0.00444466 -0.00329923 -0.00290496 -0.00632449 -4.52335e-05 -0.00245541 -0.00262512 -0.00351234 -0.000100092 -0.00228824 0.00150994 0.00177703 -0.00120676 -0.00183384 -0.000223527 0.000171127 -0.00221765 -0.00115499 4.84356e-05 -0.000858688 -0.00117036 -0.000510069 -0.000507287 -9.55576e-05 -0.000180431 -0.00137554 -0.00105753 -0.00121012 -0.000386418 -0.00103306 -0.000351664 -0.00176921 -0.000264273 -0.000921003 -0.000706402 -0.000898547 -0.000572012 -0.000630576 -0.00107593 -0.000501859 -0.000146494 -0.00101685 0.000921548 0.000592859 -0.000199797 -0.000767685 -0.000467585 -0.000645356 -0.00210909 -0.00120207 -0.000997653 -7.6052e-05 -0.000333155 -5.72488e-05 -0.00100847 -0.00125955 -0.00103135 -0.000809034 -0.000380399 -0.00107008 -4.1942e-05 4.10236e-05 -0.00105915 -0.00116141 -0.000920231 -0.00102231 -0.000872286 -0.000664902 -0.00118788 -0.000941268 -0.000785267 -0.000727073 -0.000816679 -0.001427 -0.00088828 -0.000541952 -0.00058191 0.000239357 -0.000508854 0.000250775 -0.000592364 -0.000425379 -0.000249743 -0.00113084 -0.00104551 -0.000172402 
-0.000265575 -0.000191717 0.0803696 -0.000390509 4.80059e-05 -0.00152331 -0.00105124 -0.000820109 -0.000545059 0.000702584 -0.00152667 -0.00174057 -0.00223071 -0.00268849 -0.00302483 -0.000622641 -0.00167708 -0.00168269 -0.00176101 -0.000850568 -0.000922846 -0.00537776 -0.00187402 -0.00277087 -0.0023812 -0.0019075 -0.000980484 0.000125321 -0.000278537 -0.0019954 -0.00171277 -0.000766753 -0.00113316 -0.000322194 -0.000451787 2.4085e-06 -4.87341e-05 -0.000107174 -0.000605684 -0.000491917 -0.000276522 -0.000533686 -0.00143811 -0.000969443 -0.00116295 -5.74766e-05 -0.000400458 -0.00121231 -0.000935566 -0.000556914 -0.00058494 -0.000789596 -0.000691792 -0.000126166 -0.000812097 -0.00106991 -0.00103215 -0.000632304 -0.000455493 0.00024694 -0.000412508 -0.000354235 -0.000786653 0.000347596 -2.31687e-05 0.000139202 -0.000486786 -0.00151885 -0.000440682 -0.000675567 -0.000285708 -0.000746266 -0.000360491 -0.000218821 -0.000749524 -0.00121801 -0.00110791 -0.000225436 -0.000255823 -0.00103913 1.20348e-05 -0.000167221 -0.00103638 -0.000591543 -9.18507e-05 -0.000454796 1.81746e-05 -0.0011115 4.94728e-05 -3.07563e-05 -0.00109567 -7.77283e-05 -0.000594592 -0.00106121 -0.000387248 -0.000960206 -0.000838428 -0.00141114 -0.000268882 -0.000517152 
0.000310709 -0.00104371 -0.000390509 0.0852393 -0.000732319 -0.000658963 -0.00145556 0.000642565 -0.000354893 -0.00240355 -0.0028958 -0.00163459 -0.00246548 -0.00215881 -0.00172059 -0.0011673 -0.00209551 -0.000631545 -0.00210901 -0.00212858 -0.00539053 -0.00354091 0.000842168 -0.00255056 -0.00286179 -0.0023453 -0.000279909 0.00243055 -0.00150738 -0.00189582 -0.000739018 -0.00133785 -0.00087639 -0.000869862 -0.000829315 0.000284338 -0.000831288 -0.00176918 -0.000492563 -0.00125162 -0.000291415 -0.000429255 -0.000615933 -0.000712364 -0.000853788 -0.000177331 -0.000119129 5.32712e-05 -0.000526836 -0.00036078 -0.000168324 -0.00134321 -0.00184704 1.78089e-05 -0.000238684 -0.000513289 -0.00134906 -0.000687473 -0.000513752 -0.000881776 -0.000834959 -0.00084155 -0.00170638 -0.00105866 -0.00133028 -0.000632597 0.000541109 -0.000202321 0.000124408 -0.000445621 -0.000701586 0.000147733 -0.000410751 -0.000558094 -0.000708374 -0.00083247 3.3196e-05 0.000554027 -0.000936648 -0.00118982 -0.000773735 3.37972e-05 -0.000887544 -0.000183569 -0.000619307 -0.000445537 -0.000421243 -0.000328636 -0.000976029 -0.000139297 -0.000181146 -0.000952172 -0.0010113 -0.000693576 -0.000851492 -0.00092415 -0.000247073 -0.000615739 -0.00106938 -0.000498525 
-5.79269e-05 -0.00106704 4.80059e-05 -0.000732319 0.0920352 -5.81098e-06 -0.000750021 0.000334774 0.00026839 -0.00191568 -0.000681802 -0.00237119 -0.00170862 -0.00265359 -0.00323282 -0.00150637 -0.00397852 -5.30132e-05 -0.00405268 -0.000214254 -0.00316094 -0.00291261 -0.00348101 -0.00314591 -0.00215077 -0.000347969 -0.000260915 -0.00184085 -0.00159891 -0.00172547 -0.00116615 -0.00245701 -0.0017372 -0.000675786 -0.000633438 -0.00020521 -0.000275037 -0.000640743 0.000275842 0.00025033 -0.000489556 8.93612e-05 -0.00143256 -0.000823172 -0.000446547 -0.000187093 -0.000888107 -0.000715698 -0.000818333 -0.000561654 -0.000578005 -0.000688997 -0.000100785 -0.000398316 -0.00120444 -0.000142356 -0.00107581 -0.00143134 -0.000766793 -0.000912252 -0.000432062 -0.00027465 -0.00107314 -0.000949984 -0.000694008 -0.000604299 -0.000380697 -0.000796205 -0.00084594 -0.000562238 -0.00122345 -0.000544281 -0.00132448 -5.05633e-05 8.14456e-05 -0.000526442 -0.00168185 -0.00111837 -0.00158982 -0.00155957 0.000123975 -0.000535724 -0.00154891 -0.000376347 -0.00116057 -0.00045851 -0.000624802 -0.000698666 -8.7489e-05 -0.000196034 -0.0007225 0.000320689 -0.0011198 0.000243244 0.000842086 -0.000773548 -0.00113268 -0.000931159 -0.00061523 -0.000639879 
0.000229799 -4.54064e-05 -0.00152331 -0.000658963 -5.81098e-06 0.0858077 -3.52573e-05 -0.000659696 0.000867174 -0.00129898 0.00135772 -0.00213813 -0.00131971 -0.00160919 -0.000230801 -0.00382696 -0.00280618 -0.00114909 -0.00246365 -0.0047642 -0.00102317 -0.00217198 -0.00602755 -0.00302835 -0.00214465 -0.00198728 -0.00128407 -0.00328808 -0.00190409 -0.00212505 -0.00039908 -0.00231215 -0.000537245 -0.00204104 -0.000996892 -0.000402813 -0.00047822 -0.000791946 -0.000307116 -0.000944527 -0.000918447 0.000211805 -0.00086042 -0.000621682 -0.000777668 -0.00117211 -0.000830387 0.000575566 -1.25154e-05 -0.000320158 5.20183e-05 0.000803229 -0.000966939 -0.000170408 -0.000829205 -0.00046835 -0.000835278 -0.000640444 -0.000660212 -0.000437052 -0.000965575 -0.000974106 -9.66941e-05 -0.000467591 -0.00045313 -0.000308151 -0.000180631 -0.000860681 -0.001033 -0.000651503 -0.000508339 -0.000242795 -0.000211532 -0.00101602 -0.00041139 -0.00115638 0.000205987 -0.00047874 -0.000695866 -0.000229739 -0.000856091 -0.000852277 -0.000289181 0.000312766 -0.000955194 -0.000751026 -0.0009485 -0.000277869 -0.0011551 -0.000442938 -0.000139232 -0.000330431 -0.000281391 -0.000895825 -0.000438413 -0.00090541 -9.91764e-05 -5.23066e-05 -0.000534561 -2.50901e-05 
-0.000592697 -0.000476897 -0.00105124 -0.00145556 -0.000750021 -3.52573e-05 0.108705 -0.00193084 -0.00122757 -0.00228906 -0.000362572 -0.00187444 -0.00245492 -0.0034572 -0.00123617 -0.00171243 -0.00133748 -0.000831466 -0.00495056 -0.00241241 -0.00435575 0.00156493 -5.72579e-05 8.57934e-05 -0.00547917 -0.00227008 -0.00125121 -0.00044159 -0.00230627 -0.00120318 -0.000771816 -0.0019517 -0.00175249 0.000129326 -0.00166803 -6.87643e-05 -0.000438194 -0.000408969 -0.00112027 -0.00161269 -0.000958623 -0.000717567 -0.00157995 -0.000200268 -0.00140039 -0.000478974 -0.000600917 -0.000932733 -0.000209976 -0.000548048 -0.000210755 -0.000537649 0.000280936 -0.000401872 -0.000834791 -0.00147352 -0.00177538 -0.00133752 -0.00121635 -0.00117625 -0.00179281 -0.000459112 -0.00112173 -0.00104247 -0.0016171 -0.00162113 -0.00136808 -0.00143905 -0.000860597 -0.00109415 -0.000422304 -0.00135021 -0.00107385 -0.00049697 0.0004231 -0.000893396 -0.000136442 -0.000924475 -0.00171473 6.08074e-05 -0.00129465 -0.000602719 -0.000472083 -0.00143001 -0.00216193 -0.00155859 -0.00100877 -0.000994814 -0.000705441 -0.000620421 -0.00108895 -0.000582033 -0.00065971 0.000716861 -0.000847276 -0.000716285 -0.000668568 -0.00117444 -0.00133104 -0.000432496 
-0.000701169 -0.00102264 -0.000820109 0.000642565 0.000334774 -0.000659696 -0.00193084 0.0999703 -4.64961e-05 0.000711189 -0.0009618 -0.000906406 -0.00116443 -0.00169044 -0.00550513 -0.00543238 -0.00208505 -0.000703606 -0.00362412 -0.00103144 -0.00141463 -0.00360968 -0.0010382 -0.000394809 -0.00483866 -0.00196068 -0.00333079 -0.00163669 -2.91657e-05 -0.00134321 -0.000475778 -0.00353677 -0.00176834 -0.00223595 -0.000199086 -0.00127622 -0.000636413 -0.000120786 -0.00183894 -0.000190297 -0.00110368 -0.00121488 -0.00123414 -0.000617769 -0.00109129 -0.000789076 -0.00100883 -0.000951988 -0.000829498 -0.000878197 -0.000702008 -0.000154596 -0.000923154 -0.000810401 -0.00160956 -0.00112434 -0.000922731 -0.000707935 -0.00094411 -0.00138122 -0.000196082 -0.00129798 -0.00112076 -0.00120632 -0.000759583 -0.000451039 -0.000676459 0.000595755 -0.000484864 -0.000601379 -0.000453218 -0.00129671 -0.00114883 0.000511474 -0.00025704 -0.000209538 -0.00156749 -0.00102665 -0.00123823 0.000585013 -0.00010747 8.54894e-05 -0.000613625 -0.000666994 -0.00117727 -0.000827804 -9.53192e-05 -0.000673999 0.000254687 0.000343099 -0.000236816 -0.000899699 3.59113e-05 -0.00213994 -0.000819871 -5.87076e-06 -0.000849841 -0.00039887 -0.000628902 -0.000775557 
-0.00108323 -0.000404814 -0.000545059 -0.000354893 0.00026839 0.000867174 -0.00122757 -4.64961e-05 0.126118 -0.00069234 -0.00132694 0.00240331 -0.00291537 -0.00291059 0.000445763 -0.00517277 -0.00167141 -0.0062148 -0.00403216 -0.000887777 -0.00163556 -0.00216621 -0.00197984 -0.00412043 -0.00144596 -0.00261316 -0.00588972 -0.000206723 -0.00212363 -0.00287944 -0.00237938 -0.00147266 -0.000920229 -0.00231387 -0.00192987 -0.00110758 -0.000610549 -0.00105031 -0.00116769 -0.000425181 -0.000467673 -0.000963617 -0.00147579 -0.00104348 -0.000579173 -0.00108852 -0.00160871 -0.0016723 -0.00171004 -0.00135097 -0.000313243 -0.00102447 -0.000348795 0.00091677 -0.00077749 -0.000179336 -0.00085531 -0.000874978 -0.00147817 -0.00120252 -0.000471402 -0.00168827 -0.00197478 -0.00126466 -0.000166296 -0.00127212 -0.0010315 -0.002528 -0.0006483 -0.000678007 -0.00130909 -0.000111813 -0.00112358 -0.00102831 -0.00123098 -0.000133572 -0.00112878 -0.000156127 -0.0014755 -0.00149518 -0.00149093 -0.00176278 -0.00157813 -0.000813309 -0.000907794 -0.00082122 -0.00158875 -0.00224205 -0.000923106 -0.000391081 -7.42714e-05 -0.00174704 -0.00168744 -0.00100172 -0.000542339 -0.00203476 -7.23134e-05 -0.00136768 -0.000647048 -0.00147026 
-0.000752917 0.000232685 0.000702584 -0.00240355 -0.00191568 -0.00129898 -0.00228906 0.000711189 -0.00069234 0.163785 -0.00150908 -0.000772605 -0.000235007 -0.00363169 -0.00307371 -0.0075228 -0.0031121 -0.00510791 0.00239999 -0.00669119 -0.00500476 -0.00405651 -0.000846667 -0.00660842 -0.00317473 -0.00661655 -0.00689649 -0.00171294 -0.00221299 -0.0019713 -0.00285581 -0.00343283 -0.00235077 -0.00055423 -0.00115106 -0.000959007 0.000709173 -0.000862411 -0.00143473 -0.00160098 -0.000589068 -0.000734222 -0.000863235 -0.000388143 -0.000645677 -0.00122042 -0.00112434 -0.000984715 -0.00203351 -0.00204161 -0.00224401 -0.00167724 -0.000576604 -0.00241271 0.000527279 -0.000556497 -0.000713371 -0.000910205 -0.00135215 -0.00153911 0.000325444 -0.00277386 -0.00162811 -0.0010545 -0.00200999 -0.000441821 -0.000961825 -0.00108725 8.06182e-05 -0.00217236 -0.00126019 -0.00204598 -0.00246493 -0.000920614 -0.0008471 -0.00229287 -0.00130488 -0.00131088 -0.00363252 -0.000510807 -0.0021297 -0.000665543 -0.00289727 -0.000903698 -0.00195596 -0.000133023 -0.00148053 -0.000459846 -0.00110536 -0.00112614 -0.00129312 -0.00135526 -0.0022606 0.000239475 -0.000994667 -0.000114629 -0.000767174 -0.0017828 -0.000482461 -0.00116632 
-0.00174777 -0.00254645 -0.00152667 -0.0028958 -0.000681802 0.00135772 -0.000362572 -0.0009618 -0.00132694 -0.00150908 0.172865 0.00196894 0.000101024 0.000340103 -0.000583748 -0.00551498 6.74161e-05 -0.00843119 -0.00422951 0.000819648 -0.00509574 0.000379792 -0.0079041 -0.00336289 -0.00514661 -0.00434443 -0.0104992 -0.000619657 -0.00463419 -0.00257466 -0.00257342 -0.00490684 -0.00246579 -0.00365014 -0.000163714 -0.000459654 -0.00123249 -0.000938378 -0.00230057 -0.00118812 -0.000919481 -0.000575903 -0.00205959 -0.000608472 -0.000290412 6.60897e-05 -0.00118496 -0.00135534 -0.00154987 -0.000206591 -0.00332159 -0.00112087 -0.00205656 -0.00184086 -0.0021269 -0.00316648 -0.00277322 -0.00273559 -0.00170797 -0.000652319 -0.0024066 -0.0021896 -0.00224508 -0.00151706 -0.00260833 -0.00120751 -0.00143114 -0.00281899 -0.00061359 -0.000905023 -0.00120582 -0.000379402 -0.000233869 -0.00236255 -0.00146467 0.000309085 -0.000804994 -0.00260376 -0.00175969 -0.000216411 -0.000769044 -0.00046395 -0.00321018 -0.00114575 -0.00153246 -0.000393751 -0.0011684 -0.00122796 -0.00116789 0.000224179 -0.0020523 -0.00295262 -0.000308779 0.000628932 -0.00012878 -0.000368497 -0.00099413 -0.00311137 -0.002024 -0.000501902 
-0.00178484 -0.000492362 -0.00174057 -0.00163459 -0.00237119 -0.00213813 -0.00187444 -0.000906406 0.00240331 -0.000772605 0.00196894 0.161081 -0.00309287 0.00077712 0.00233849 -0.00475986 -0.00409312 -0.00905842 -0.00736598 -0.00451707 -0.00627428 -0.0076157 -0.00521463 -0.00141633 -0.00221677 -0.00321541 -0.00500019 -0.000778255 -0.00394947 -0.00517632 -0.00257199 -0.000245472 0.00111676 -0.00247298 -0.000891552 -0.00152104 -0.00114425 -0.00075151 -0.000309255 -0.0012062 -0.00173108 -0.00156996 -0.00259313 -0.000606103 -0.00149961 -0.000163409 -0.000211677 -0.000516332 0.000878209 -0.00186135 0.000225326 -0.00189652 -0.00341968 -0.000187069 -0.0027446 -0.00178837 -0.000213297 -0.00218358 -0.00135566 -0.000637836 -0.000885185 0.000513403 -0.00244486 0.000767503 -0.000285661 -0.000134457 0.000424681 -0.0029758 -0.000183348 -0.000626116 -0.00115959 -0.000943735 -0.00067848 -0.00248569 0.00087133 -0.00108216 -0.00180437 -0.000683037 -0.00180189 -0.00165326 -0.00163148 -0.00121344 -0.00212929 -0.00117239 -0.00275334 -0.000986084 -0.00144093 -0.00133245 -0.000820567 -0.00130596 -0.00192812 -0.00205051 -0.0016676 -0.001058 0.000131652 -0.00133173 -0.00230906 -0.0015641 -0.00142788 -0.00179408 
-0.00153342 -0.000373454 -0.00223071 -0.00246548 -0.00170862 -0.00131971 -0.00245492 -0.00116443 -0.00291537 -0.000235007 0.000101024 -0.00309287 0.177331 -0.00313976 -0.000586171 0.000772674 -0.00858722 -0.00525584 -0.00444676 -0.00822175 -0.00398584 -5.02461e-05 -0.00351859 -0.00182388 -0.00318424 -0.00611953 -0.00401416 -0.00310866 -0.00655481 -0.00206481 -0.0021736 -0.00429595 -0.00173764 -0.00111735 -0.000115086 -0.000782564 -0.0013653 -0.00125203 -0.000608293 -0.00124098 -0.000831971 -0.00059976 -0.00325745 -0.000575816 -0.000626703 0.00082872 0.00025731 -0.00132198 -0.000251875 -0.0017379 -0.00182193 -0.000312022 -0.00213966 0.000911951 -0.000808433 -0.00246009 -0.00225419 0.00077673 -0.000911285 -0.00110531 -0.00205948 -0.00336122 -0.000826388 -0.00181428 -0.00158248 -0.0013726 -0.00150498 -0.00101267 -0.00369094 -0.00353749 -0.00224448 -0.00134034 0.00109101 -0.00191957 -0.00313072 9.02409e-06 -0.00121782 -0.00220435 -0.000936079 -0.00223526 -4.00044e-05 -0.00174742 -0.00043251 -0.000607372 -0.00276736 -4.62647e-05 -0.00311649 -0.00302475 -0.000984949 -0.00117262 -0.00191811 0.00140043 -0.00222968 0.000409592 -0.00149048 -0.00112665 -0.000646216 -0.00228189 -0.000846619 -0.00355792 
-0.0013192 -0.00266871 -0.00268849 -0.00215881 -0.00265359 -0.00160919 -0.0034572 -0.00169044 -0.00291059 -0.00363169 0.000340103 0.00077712 -0.00313976 0.201124 -0.000444492 -0.00626805 0.000430202 0.000258135 -0.00182941 -0.0111248 -0.00486027 -0.0128576 -0.00608361 -0.00771545 -0.00595078 -0.005756 -0.00579793 -0.00228446 -0.00282158 -0.0020271 -0.00338141 -0.0017939 -0.00452386 0.00218276 -0.00124912 -0.00307746 -0.00126376 -0.000511642 0.000659555 -0.000788813 -0.000639878 -0.00189089 0.0011975 -0.00209739 -0.00196747 -0.00117656 -0.00145996 -0.00131354 -0.00342683 -0.000720069 -0.000110444 -0.0021207 -8.12194e-05 0.000961126 -0.00232055 -0.00341942 -0.00198859 -0.00145543 0.00026406 -0.0019352 -0.00179165 -0.000342544 -0.0031814 -0.00129482 -0.000534423 -0.000638291 -0.00191681 -0.00133275 -0.00291588 -0.00135713 -0.000627363 -0.00250144 -0.0014774 -0.00229478 -0.000916566 -0.00199103 0.00064774 -0.00255636 -0.00165773 -0.00131109 -0.0019407 -0.00164068 -0.00347105 -0.000130158 -0.00205444 -0.0016508 0.00011037 -0.00342263 -0.000801034 -0.00150111 -0.000606609 -0.000315426 -0.000670853 -0.00067154 -0.00376516 -0.000122893 -0.00214648 -0.00268425 -0.00259954 0.000345725 
-0.00153407 -0.00444466 -0.00302483 -0.00172059 -0.00323282 -0.000230801 -0.00123617 -0.00550513 0.000445763 -0.00307371 -0.000583748 0.00233849 -0.000586171 -0.000444492 0.227706 0.00266357 0.00291019 -0.00324046 -0.00832092 -0.00444662 0.00404505 -0.00563727 -0.012302 -0.00289905 -0.00602568 -0.00573531 -0.00777253 -0.0110726 -0.0104877 -0.00686021 -0.00376244 -0.00249287 -0.00236219 -0.00384097 -0.0046893 -0.00460609 -0.000845456 -0.00246095 -0.00232527 -0.00469663 -0.00183821 -0.00233829 -0.00210735 -0.00178578 0.000740784 -0.00255435 -0.000950428 -0.002173 -0.00157798 -0.0023026 -0.00104886 -0.00282614 -0.00287319 -0.00223645 -0.00261916 -0.000107874 -0.00356907 -0.00232913 -0.00229526 -0.000548827 -0.00047522 -0.00288968 -0.00267213 -0.00126805 -0.00356241 -0.00371833 0.000497685 -0.000985207 -0.00337018 -0.00124961 0.00010326 -0.00260961 0.00102954 -0.00126056 -0.00380348 -0.00211523 -0.00212601 0.000111149 0.000298436 -0.00454634 -0.00201919 -0.00309909 0.00091633 -0.00127797 0.000412239 -0.00246262 -0.00257198 0.000218281 -0.000771083 -0.00322152 -0.00190775 -0.00190383 -0.00200555 -0.0010807 -0.00214541 -0.00112093 -0.00188734 0.000135578 -0.000489815 0.000626096 
-0.002672 -0.00329923 -0.000622641 -0.0011673 -0.00150637 -0.00382696 -0.00171243 -0.00543238 -0.00517277 -0.0075228 -0.00551498 -0.00475986 0.000772674 -0.00626805 0.00266357 0.233196 -0.00523251 0.00182183 -0.00306613 0.0003915 -0.00678425 -0.00152492 -0.00513603 -0.00465408 -0.010358 -0.000713272 -0.00561317 -0.00223273 -0.0068913 -0.00575589 -0.00272084 -0.00287095 -0.0038476 -0.00561284 -0.00211334 -0.00353595 -0.00053486 -0.00329287 -0.00246862 -0.00115061 -0.00267471 -0.00194516 -0.00104507 -0.0029303 -0.0033561 -0.00327963 -0.00322589 -0.00248564 3.20116e-07 -0.00153498 -0.00171231 -0.00298082 -0.00210492 0.000774633 0.000220885 -0.00269108 -0.00083618 -0.000448508 -0.00149801 -0.00176081 -0.00136525 -8.13169e-05 -0.000473867 -0.00144157 -0.00225983 -0.000978617 -0.00216828 -0.00340329 -0.000119893 -0.00127815 -0.000928832 -0.00246506 0.000751548 -0.00300618 -0.00281733 -0.00348722 -0.00335743 -8.14698e-05 -0.00346057 -0.00302648 -0.00113508 -0.00119916 -0.00116334 -0.00231143 0.000651301 -0.00133707 -0.00220563 -0.00196898 -0.0010963 -0.00145273 -0.00202761 -0.00223268 -0.00270496 -0.00214567 -0.00177345 -0.00248115 -0.000667862 -0.000960832 -0.00218987 -0.00189099 
0.000686393 -0.00290496 -0.00167708 -0.00209551 -0.00397852 -0.00280618 -0.00133748 -0.00208505 -0.00167141 -0.0031121 6.74161e-05 -0.00409312 -0.00858722 0.000430202 0.00291019 -0.00523251 0.240035 -0.00748103 -0.00416824 -0.00461397 -0.00387372 -0.00284517 -0.00991326 0.00275548 -0.0063193 -0.00847068 -0.00623065 -0.00889302 -0.00238858 -0.00561977 -0.00299065 -0.00782699 -0.00274614 -0.00090284 -0.0021966 -0.00167341 -0.000865357 -0.000427969 -0.00262966 -0.00164187 -0.000897553 -0.000967473 -0.00296895 -0.00312024 -0.000141305 -0.00255824 -0.00370831 -0.00187634 0.0013612 -0.00257818 -0.0020897 -0.00226347 -0.000601995 -0.00177738 -0.00209373 -0.00159001 -0.00372275 -0.000313159 -0.000568651 -0.00210249 -0.00394595 -0.00348719 0.00086374 -0.00376872 -0.00146569 -0.00111828 -0.00387154 -0.00242635 -0.0018296 -0.000212801 -0.00232662 -0.00408482 -0.0040406 -0.00272353 -0.00378708 -0.00235103 -0.00353088 -8.33644e-05 -0.00307839 -0.00310492 0.000433395 -0.0026852 -0.00106626 -0.00147559 -0.00195489 -0.000113614 -0.00366293 -0.000152875 0.000132904 -0.00179055 -0.00436705 -0.000462188 -0.00120241 -0.00201941 -0.00415603 0.000231305 -0.000278095 0.000872494 -0.00212815 -0.00178732 
-0.000376495 -0.00632449 -0.00168269 -0.000631545 -5.30132e-05 -0.00114909 -0.000831466 -0.000703606 -0.0062148 -0.00510791 -0.00843119 -0.00905842 -0.00525584 0.000258135 -0.00324046 0.00182183 -0.00748103 0.246878 -0.00423235 -0.00315675 -0.00545716 -0.00396073 -0.00791367 -0.00517919 -0.00837085 -6.25718e-05 -0.00472372 -0.00333962 -0.00711024 -0.00479441 -0.00203916 -0.00308089 0.000541301 -0.00241083 -0.00284275 -0.00179586 -0.00126447 -0.00243661 -0.00297738 -0.00252526 -0.00153761 -0.00154358 -0.00120802 0.000211074 -0.00135525 -0.000195524 -0.000329343 -0.000271581 -0.0043115 -0.00238201 -0.00460258 -0.00376235 -0.00183405 -0.00285749 -0.00205193 -0.0033361 -0.00299802 -0.00190314 -0.00273971 -0.00282779 -0.00296829 -0.00287063 0.000848913 -0.00118975 -0.00275541 -0.00317534 -0.00160888 -0.00413712 -0.00294082 0.000741872 -0.00247932 -0.00207568 0.00122194 -0.00164889 0.00185779 -0.00341657 -0.0032602 -0.0019785 -0.00394014 0.000672409 -0.00234397 -0.00201703 -0.000914869 -0.000939101 -0.00172341 -0.00101299 -0.00324342 -0.00237577 -0.0009102 -0.00252035 0.000185857 -0.00422055 -0.00156924 -0.00252709 -0.00071519 -0.00395885 -0.00351279 0.000671188 -0.00268761 -7.79772e-06 
-0.0034401 -4.52335e-05 -0.00176101 -0.00210901 -0.00405268 -0.00246365 -0.00495056 -0.00362412 -0.00403216 0.00239999 -0.00422951 -0.00736598 -0.00444676 -0.00182941 -0.00832092 -0.00306613 -0.00416824 -0.00423235 0.248707 -0.0118313 0.000631176 -0.0044811 -0.00218435 -0.00791694 -0.0115787 -0.00384723 -0.00135742 -0.0132935 -0.00310792 -0.00234156 -0.00418298 -0.00217294 -0.000451163 -0.00376303 -0.00138671 -0.00242138 -0.00263592 -0.00424115 -0.000728755 -0.00177374 -0.00312608 -0.000965702 0.000440032 -0.00107139 -0.000701707 -0.00227136 -0.00182764 -0.000110012 -0.00208796 -0.0022438 -0.00293593 -0.00211966 -0.00161459 -0.00345169 -0.00101816 -0.00387024 -0.0017169 -7.56073e-05 0.000635575 -0.00178399 -0.000876915 0.000514682 -0.00288742 0.00127646 -0.00165088 -0.00151787 -0.00245089 -0.00143626 0.00100556 -0.00083783 -0.00230551 -0.00199753 -0.003618 -0.00179759 -0.00327286 -0.000198839 -0.00227955 -0.000813491 -0.000737954 -0.00338951 -0.00123784 -0.00219951 -0.00122596 -0.00123346 -0.00435392 -0.00307325 -0.00159324 -0.00374623 -0.00117491 -0.00268678 -0.00289578 -0.00126509 -0.00273934 -0.000856114 -0.00113932 -0.0010232 -0.00279378 -0.000160292 -0.0042071 -0.00110866 
-0.00186429 -0.00245541 -0.000850568 -0.00212858 -0.000214254 -0.0047642 -0.00241241 -0.00103144 -0.000887777 -0.00669119 0.000819648 -0.00451707 -0.00822175 -0.0111248 -0.00444662 0.0003915 -0.00461397 -0.00315675 -0.0118313 0.249746 0.00440094 0.000177445 0.0110738 -0.00492607 -0.0101753 -0.00357149 -0.00743487 -0.00568562 -0.00817106 -0.00489074 -0.00691941 -0.000966249 -0.00353885 -0.00236745 -0.0021718 -0.00130225 -0.000897916 -0.00417495 -0.0031723 -0.00158725 -0.00227418 -0.0045995 -0.00133938 -0.00442781 -0.00273111 -0.00140162 -0.00198331 -0.0022462 -0.00536553 -0.00079143 -0.00217195 -0.00583774 -0.00279422 -0.000326354 -0.00319432 -0.00297886 -0.00182596 -0.00535994 -0.00353306 -0.00139351 -0.00099432 -0.00422137 -0.000888778 -0.00307416 -0.000600917 -0.00366788 -0.000299226 -0.00280219 -0.00113841 -0.00133747 -0.00192604 -0.000823314 -0.00257049 -0.000562329 -0.00238886 -0.00151583 -0.00197623 -0.000597057 -0.0042995 -0.00324635 -0.000923649 -0.000520067 -0.00389135 -0.000373997 0.000595098 -0.000357475 -0.00046987 -0.00378082 -0.00253701 -0.000821193 -0.00108745 -0.00523249 -0.000119167 -0.000448324 -0.000447416 -0.00149896 -0.000947972 -0.00262271 -0.00232282 -0.000129098 
-0.000603142 -0.00262512 -0.000922846 -0.00539053 -0.00316094 -0.00102317 -0.00435575 -0.00141463 -0.00163556 -0.00500476 -0.00509574 -0.00627428 -0.00398584 -0.00486027 0.00404505 -0.00678425 -0.00387372 -0.00545716 0.000631176 0.00440094 0.241645 0.0052772 0.00209466 -0.0108619 -0.00146869 -0.00870283 -0.0060695 -0.00931839 -0.000492005 -0.00407586 -0.00538503 0.00112299 -0.00239459 -0.00189568 -0.00200625 -0.00502275 -0.00447178 -0.000324046 -0.00307532 -0.000181405 -0.00158658 -0.00166199 -0.00150259 -0.00298078 -0.00158925 -0.00283617 -0.00336125 -0.00350865 -0.000852295 -0.00267344 -0.00229881 0.000290243 -0.00249121 -0.00139816 -0.00163278 -0.00187702 -9.84042e-05 -0.0026888 -0.00173033 -0.00080454 -0.00230895 -0.00211138 -0.00207738 -0.00491131 -0.0034473 -0.00430336 -0.00559488 -0.00381975 -0.00281384 -0.000133591 -0.00149877 -0.00187491 -0.00259043 0.000584957 -0.00338889 -0.00123743 -0.00168684 -0.00230549 -0.00468141 -0.00161878 -0.000192794 -0.00289549 -0.00250158 -0.000203232 -0.00352161 -0.00232906 -0.000740841 -0.000157605 -0.00172332 -0.00359534 -0.00486808 -0.00190325 -0.000615341 -0.00281553 -0.00271552 -0.00205483 -0.00270569 -0.00178098 -0.00338118 -0.00119934 
-0.00278591 -0.00351234 -0.00537776 -0.00354091 -0.00291261 -0.00217198 0.00156493 -0.00360968 -0.00216621 -0.00405651 0.000379792 -0.0076157 -5.02461e-05 -0.0128576 -0.00563727 -0.00152492 -0.00284517 -0.00396073 -0.0044811 0.000177445 0.0052772 0.249348 -0.000993979 -0.0020306 0.00124578 -0.00401415 -0.00416441 -0.00649091 -0.00907522 -0.00687088 -0.00759459 -0.0038054 -0.00164454 -0.0049418 -0.00186004 -0.00187673 -0.0018949 -0.00106098 -0.00232339 -0.00354817 -0.00289361 -0.000612989 -0.0034695 0.000124362 -0.00227897 -0.00273623 -0.00361027 -0.00273006 -0.00380324 -0.00169316 -0.00345261 -0.00238636 -0.000373589 -0.00164779 -0.00315132 -0.000777027 -0.00293874 3.74588e-05 -0.00406399 0.000700883 -0.00182913 -0.00192441 -0.000919576 -0.00419977 -0.00232766 -0.00309477 -0.00163874 -0.0014748 -0.00149117 -0.0025258 -0.0003782 -0.000170604 -0.00411366 0.00027907 -0.00217142 -0.00166859 0.000426902 -0.000996304 -0.00149665 0.000273779 -0.00317706 -0.00164841 -0.00230625 -0.00515363 -0.00309612 -0.000633614 -0.00249992 -0.00113063 -0.000834556 -0.00452737 -0.00194982 -0.00372259 -0.00174362 -0.00410922 -0.00526808 -0.00153616 -0.00302135 -0.00198515 -0.00173911 -0.00141503 
-0.00490998 -0.000100092 -0.00187402 0.000842168 -0.00348101 -0.00602755 -5.72579e-05 -0.0010382 -0.00197984 -0.000846667 -0.0079041 -0.00521463 -0.00351859 -0.00608361 -0.012302 -0.00513603 -0.00991326 -0.00791367 -0.00218435 0.0110738 0.00209466 -0.000993979 0.249434 -0.00238167 0.00165876 -0.00486923 -0.000978702 -0.0042147 -0.0031467 -0.00683451 -0.00560379 -0.0044424 -0.00361233 0.000172579 -0.000890121 -0.00114828 -0.00210815 -0.00470897 -0.0029324 -0.00134813 -0.00371335 -0.00134897 -0.00174609 -0.000763596 -0.00408043 -0.0048332 -0.000705174 -0.00225316 -0.00239414 0.000621306 -0.00335977 -0.00252444 -0.00377664 -0.0025966 -0.00196493 -0.002173 -0.00362715 -0.00195675 -0.00314809 -0.00193048 -0.00256111 2.63695e-05 -0.00475985 -0.00205271 -0.00124354 -0.00177615 -0.00314014 -0.000482767 -0.00503854 -0.00301148 -0.00258681 -0.00332705 -0.000822082 -0.0029672 -0.00353762 -0.00197155 -0.00159453 -0.00142501 -0.00172978 -0.0018201 -0.00132542 -0.00104385 -0.00388224 -0.00247604 -0.00200536 -0.00191331 -0.0016022 -0.00133348 -0.0026614 -0.000532933 -0.0030621 -0.0018909 -0.00034889 -0.00269836 -0.00209058 -0.00402401 -0.00187884 -0.00286422 -0.00040905 -0.00243762 
-0.00227849 -0.00228824 -0.00277087 -0.00255056 -0.00314591 -0.00302835 8.57934e-05 -0.000394809 -0.00412043 -0.00660842 -0.00336289 -0.00141633 -0.00182388 -0.00771545 -0.00289905 -0.00465408 0.00275548 -0.00517919 -0.00791694 -0.00492607 -0.0108619 -0.0020306 -0.00238167 0.249958 -0.00384667 -0.00548336 -0.00280948 0.00356127 -0.00537399 -0.00624618 -0.00140409 -0.00265759 -0.00220297 -0.00279249 -0.00302203 -0.00225706 -0.000770606 -0.000643541 -0.00421111 -0.00275432 -0.00677411 -0.00107008 -0.00179484 -0.000897239 -0.00216374 -0.00182438 -0.0038212 -0.00339801 -0.00237097 -0.00367794 -0.000700269 0.00156647 0.000185855 -0.00418946 -0.00300505 -0.0020654 -0.00329544 -0.0016054 -0.00137523 -0.00252279 -0.000677316 -0.00428091 -0.00278515 -0.00366187 -0.00196489 -0.00161366 -0.00118379 -0.00218649 -0.00251054 -0.00133942 -0.0022925 -0.00388674 -0.00169831 -0.00310982 -0.000332595 7.06467e-05 -0.000764915 -0.00440971 -0.000387595 -0.000175055 -0.00286916 -0.000914594 -0.0016321 -0.00271811 -0.000876426 -0.00338528 -0.0052784 -0.00126874 -0.000786585 -8.85848e-05 -0.00171628 -0.00122614 -0.00159789 -0.00419593 -0.00378481 -0.00245465 -0.00136721 -0.00204611 -0.00350479 -0.00182935 
-0.00350147 0.00150994 -0.0023812 -0.00286179 -0.00215077 -0.00214465 -0.00547917 -0.00483866 -0.00144596 -0.00317473 -0.00514661 -0.00221677 -0.00318424 -0.00595078 -0.00602568 -0.010358 -0.0063193 -0.00837085 -0.0115787 -0.0101753 -0.00146869 0.00124578 0.00165876 -0.00384667 0.244618 -0.00231055 -0.00399702 0.000335487 -0.00313627 -0.00214461 -0.00328147 -0.00043952 -0.00598608 -0.00221391 -0.0017266 -0.00286231 -0.00402181 -0.00309833 -0.00131754 -0.000333274 -0.00022074 -0.00206036 -0.00307462 -0.00315588 -0.00165207 -0.0016452 0.000317274 -0.00125539 -0.000155173 -0.00140003 -0.000489164 -0.00288976 -0.00135812 -0.003627 -0.000961015 -0.000806152 -0.00228805 -0.00137356 -0.00179745 -0.00457523 -0.00209587 -0.000872836 -0.00245506 0.000325256 -0.00294513 -0.000649891 -0.000635101 -0.000802236 -3.85084e-05 -0.00348667 0.000306172 -0.000289623 -0.00440755 -0.00408602 -0.00196217 -0.00167249 -0.00264541 -0.00125806 0.00148184 -0.00379163 -0.00124854 -0.0021366 -0.0018614 -0.00343254 -0.00315099 -0.00296478 -0.0019292 -0.000516955 -0.000839098 -0.00185324 -0.00426238 -0.00314922 -0.00268328 -0.00479044 -0.000777259 -0.00287727 -0.00172092 0.0002115 -0.00181824 -0.00162934 
-0.00334829 0.00177703 -0.0019075 -0.0023453 -0.000347969 -0.00198728 -0.00227008 -0.00196068 -0.00261316 -0.00661655 -0.00434443 -0.00321541 -0.00611953 -0.005756 -0.00573531 -0.000713272 -0.00847068 -6.25718e-05 -0.00384723 -0.00357149 -0.00870283 -0.00401415 -0.00486923 -0.00548336 -0.00231055 0.224031 -0.00286317 -0.00403755 -0.00214229 -0.00348433 0.00401108 -0.00407179 -0.00263145 -0.00506697 -0.00399653 -0.00170986 -0.00168098 -0.00179941 -0.00181046 -0.00225714 -0.00320244 -0.00268882 -0.000724419 -0.00107175 -0.00293652 -0.00338731 -0.00110097 -0.000163303 -0.000982369 -0.00287304 -0.000887444 -0.00397198 -0.00280374 -0.00272814 -0.0011889 -0.00126239 -0.00242085 -0.00232463 -0.00375209 -0.00260166 -0.0012478 -0.00250123 0.00047676 -0.00106505 -0.00135897 -0.00073343 -0.0033618 0.00195685 -0.00293946 0.000908903 -0.00171946 1.54379e-05 -0.0041304 -0.000711449 -0.00134823 -5.96547e-05 -0.00434046 -0.0024101 -3.36723e-05 0.000851356 -0.00248748 -0.00263313 0.00050859 -0.00204148 -0.00326479 -0.00300202 -0.00217873 -0.00258648 -0.00169391 -0.00153564 -0.00167511 -0.00203925 -0.000340972 -0.00171847 -0.00141329 -0.000758435 -0.000289487 -0.00329045 -0.00200502 -0.000384287 
-0.00413736 -0.00120676 -0.000980484 -0.000279909 -0.000260915 -0.00128407 -0.00125121 -0.00333079 -0.00588972 -0.00689649 -0.0104992 -0.00500019 -0.00401416 -0.00579793 -0.00777253 -0.00561317 -0.00623065 -0.00472372 -0.00135742 -0.00743487 -0.0060695 -0.00416441 -0.000978702 -0.00280948 -0.00399702 -0.00286317 0.223185 -0.00453409 3.87147e-05 -0.00170063 0.00026108 0.0007802 -0.00536214 -0.0025524 0.000535177 -0.00115177 -0.00234558 -0.000648315 -0.00309787 -0.00159067 -0.00249122 -0.000248174 0.000249727 -0.00224304 -0.00127911 -0.00405738 -0.00143374 0.000110547 0.000447148 -0.00294539 -0.00165562 -0.00118873 -0.00267855 -0.00346469 -0.00177133 -0.00175881 -0.00201881 -0.00149817 -0.000715426 -0.00216202 -7.80851e-05 -0.00433841 -0.00129424 -0.00122873 0.000199191 -0.000176502 -0.00100342 -0.000875064 -0.00207808 -0.000376869 -0.00265893 -0.00261142 0.000897088 -0.0021141 -0.00217395 -0.00212716 0.000185892 -0.00250764 -0.00180934 -0.00240046 -0.00268672 -0.0018538 -0.00087303 -0.00166226 -0.00179403 -0.00144874 0.000701835 -0.00279082 -0.00335905 0.000765325 -0.00148845 -0.00319695 -0.00228783 -0.00177351 -0.00207529 -0.00219487 -0.00351321 -0.0014121 -0.000905461 -0.00175083 
0.00287127 -0.00183384 0.000125321 0.00243055 -0.00184085 -0.00328808 -0.00044159 -0.00163669 -0.000206723 -0.00171294 -0.000619657 -0.000778255 -0.00310866 -0.00228446 -0.0110726 -0.00223273 -0.00889302 -0.00333962 -0.0132935 -0.00568562 -0.00931839 -0.00649091 -0.0042147 0.00356127 0.000335487 -0.00403755 -0.00453409 0.197874 -0.00419963 -0.00373442 -0.00467282 -0.00524283 -0.00205095 0.000532788 -0.00146871 -0.00234443 -0.0024662 -0.00288327 -0.00138823 -0.0021741 -0.001805 -0.00138538 -0.000318665 -0.00213921 0.000462781 -0.000318502 -0.000590277 -0.00158611 -0.00412374 -0.000406492 -0.000828512 -0.00173419 -0.0001548 -0.00131479 -0.000465252 -0.0019174 -0.00198171 -0.00329665 -0.0012422 -0.00242246 -0.00188005 -0.00221925 -0.00351661 -0.00160008 -0.00189604 -0.000384415 -0.00222855 -0.0015772 -0.00134129 -0.00270624 -0.000467496 9.789e-05 -0.00106825 -0.00244841 -0.000507022 -0.00113917 -0.00161965 -0.0017584 0.000471443 -0.00119265 -0.00260845 5.3358e-05 -0.0029643 -0.00165416 -0.00208477 -0.00155388 -0.000248632 -0.00110477 -0.00113801 -2.41984e-05 0.000355283 -0.00174468 -0.000852656 -0.00223892 -0.00144734 -0.00228845 -0.00148677 -0.00260422 -0.00080428 -0.00125064 
-0.00195694 -0.000223527 -0.000278537 -0.00150738 -0.00159891 -0.00190409 -0.00230627 -2.91657e-05 -0.00212363 -0.00221299 -0.00463419 -0.00394947 -0.00655481 -0.00282158 -0.0104877 -0.0068913 -0.00238858 -0.00711024 -0.00310792 -0.00817106 -0.000492005 -0.00907522 -0.0031467 -0.00537399 -0.00313627 -0.00214229 3.87147e-05 -0.00419963 0.169441 0.00205539 -0.000534551 0.00203105 -0.000655582 -0.000234253 -0.00389559 -0.000378406 -0.000570846 -6.09293e-05 0.000170027 -0.00100161 -0.000647635 -0.00121931 -0.00244964 -0.00143064 -0.00197371 -0.00149875 -0.00196398 -0.00185876 -0.000542527 -0.000554817 -0.000460151 0.000791623 -0.000533624 -0.00131978 0.00103907 0.00033854 -0.000435866 -0.00116024 0.000297542 -0.000336483 -0.00154866 -0.000475495 -0.00174395 -0.00116336 -0.000885189 -0.00065427 -0.000936883 -0.00123799 -0.000687923 -0.00164011 -0.00174934 -0.00157511 -0.00275574 -0.0018463 -0.00103655 -0.000379649 -0.00352508 -0.00230812 -0.00246011 0.000247403 -0.00165523 0.00012916 -0.0012332 -0.00120125 -0.00133682 -0.00161052 -0.000154023 -0.00139512 -0.00144253 -0.00153135 -0.00173797 -0.000152799 -0.00138979 -0.00127048 -0.000956967 -0.00190332 -0.000809715 -0.00182588 -0.00176249 -0.0010583 
-0.00104014 0.000171127 -0.0019954 -0.00189582 -0.00172547 -0.00212505 -0.00120318 -0.00134321 -0.00287944 -0.0019713 -0.00257466 -0.00517632 -0.00206481 -0.0020271 -0.00686021 -0.00575589 -0.00561977 -0.00479441 -0.00234156 -0.00489074 -0.00407586 -0.00687088 -0.00683451 -0.00624618 -0.00214461 -0.00348433 -0.00170063 -0.00373442 0.00205539 0.167325 -0.00240723 0.00111023 -0.00218367 -0.000186846 -0.0010254 -0.00283824 -0.00166199 0.000852052 -0.00107254 0.000301332 -0.00229931 -0.00190527 -0.000191703 -0.0023484 0.000375331 -0.000936326 -0.000239444 -0.000920034 -0.00156838 -0.00140674 -0.000749602 -0.000537047 -0.00248507 -0.0011064 -0.00108396 -0.000759888 -0.000793174 -0.00198447 -0.00150441 2.22617e-05 -0.001216 -0.0021536 2.76774e-05 -0.00113284 -0.000858013 -0.000854676 -0.000803205 -0.000616884 -0.00108494 -0.00067521 -0.00131651 -0.00285199 -0.00152683 -5.72015e-06 0.000233066 -0.00052165 -0.00191358 -0.00226856 -0.00026177 -0.000988258 -0.000832192 -0.000186651 -0.00292771 -0.000896428 -0.000877882 -0.0010628 -0.00234084 -0.00222038 -0.00176363 -0.000671272 -0.000875782 -0.000811347 -0.00138887 0.00179642 -0.001032 -9.44448e-05 -0.000571576 -0.0037808 -0.00120951 -0.00210454 
-0.000366347 -0.00221765 -0.00171277 -0.000739018 -0.00116615 -0.00039908 -0.000771816 -0.000475778 -0.00237938 -0.00285581 -0.00257342 -0.00257199 -0.0021736 -0.00338141 -0.00376244 -0.00272084 -0.00299065 -0.00203916 -0.00418298 -0.00691941 -0.00538503 -0.00759459 -0.00560379 -0.00140409 -0.00328147 0.00401108 0.00026108 -0.00467282 -0.000534551 -0.00240723 0.160751 -0.00254741 -0.000670342 -0.00149372 -0.00110444 0.000109809 -0.00276908 -0.00228557 -0.00139025 -0.00200196 -0.000559917 -0.00134393 -0.00250319 -0.00136744 4.25658e-05 -0.00034779 -0.000905871 -0.00266798 0.000127082 -0.00260192 -0.00177926 -0.000608241 -0.00216845 -0.00104008 -0.00186243 -0.00125788 -0.00108471 -0.000673295 -0.00200824 -0.00141958 -0.00117563 0.00181406 -0.00144452 -0.00128949 -0.00203209 -0.00171731 -0.00140067 0.000235907 -0.00143642 -0.00161355 -0.00059055 -0.00165961 -0.00152627 0.000549391 -0.000398374 -0.00110302 -0.00146946 -0.000692523 0.00121853 -0.00321869 -0.00135244 -0.0015933 -0.000649262 -0.00124271 -0.00219161 -0.000594196 -0.00191228 -0.000209106 -0.00168088 -0.000873405 -0.000264549 -0.00207539 -0.000679331 -0.0043099 -0.00151629 -0.00145016 -0.00225791 0.000163181 -0.00203337 -0.00188286 
-0.000453606 -0.00115499 -0.000766753 -0.00133785 -0.00245701 -0.00231215 -0.0019517 -0.00353677 -0.00147266 -0.00343283 -0.00490684 -0.000245472 -0.00429595 -0.0017939 -0.00249287 -0.00287095 -0.00782699 -0.00308089 -0.00217294 -0.000966249 0.00112299 -0.0038054 -0.0044424 -0.00265759 -0.00043952 -0.00407179 0.0007802 -0.00524283 0.00203105 0.00111023 -0.00254741 0.155447 -0.00149087 -0.00254354 -0.00111289 -0.00119216 -0.000400161 -0.00228429 -0.00187863 -0.0018756 0.000659533 -0.00048481 -0.0017815 -0.00225702 -0.00127552 -0.00330129 -0.000706724 -0.000449394 -0.00152238 -0.00230184 -0.0028575 -0.00142639 -0.0018364 -0.00164419 -0.000387839 -4.07289e-05 -0.00231838 -0.00119878 -0.000513774 -0.00214458 -0.000795726 -0.00137528 -0.000957524 -0.00162444 2.72286e-05 -0.000532344 -0.00139764 -0.000800828 -0.000961616 -0.00039509 -0.00202643 -0.00117697 -0.000474022 -0.00265654 -0.000840276 -0.00143852 -0.00154139 -0.00190345 -0.00143634 -0.000595874 -0.00213501 -0.00119418 -0.000971927 -0.00115267 -0.000811222 -0.000130236 8.84619e-05 -0.00179366 -0.00137966 0.000267442 -0.00142599 -0.00192071 -0.000875764 -0.00291576 -0.00142237 -0.000918333 -0.00151337 -0.00149876 -0.00107543 -0.00150537 
