0.0748432 -0.000921548 -0.000309596 -0.000223001 -0.00110927 -0.000311943 -0.00099811 0.000481356 -0.000419304 -0.0011866 -0.00254877 0.00067261 -0.000866913 -0.00162273 -0.00258852 -0.00343483 -0.00235955 -0.0028195 -0.00207039 -0.0039848 -0.00163347 -0.00238468 -0.000975171 -0.00189269 -0.000277558 0.000609397 -0.00327087 0.000728271 -0.00162336 -0.00248461 -0.00167097 -0.000184795 -0.000557499 -0.000628559 -0.000837045 -0.000463574 -0.00080478 -0.000557744 -0.000749662 0.000279499 -0.00136473 -0.00110734 -0.000879227 -0.000576722 -0.00117689 -0.000685492 -0.000753178 -0.000504835 -0.000550278 -0.000731888 -0.00105601 -0.000290334 -0.000179937 -0.00059255 -0.00109241 -0.000393952 -0.000545414 -0.000771927 -0.000419029 -0.000779268 -0.000383855 -0.000450706 -0.000310008 -0.000346935 -7.27729e-05 -0.000486612 5.68426e-05 -0.000102611 0.000132189 -0.000242909 0.000239362 -0.000246625 -0.000113044 8.13546e-05 -0.000760833 -0.000216174 -0.00100651 -0.000297297 -0.001252 -0.000690782 -0.000248823 -0.000567927 -0.000327658 -0.000785187 -0.000307425 -0.000765148 -0.000548845 -0.00086283 -0.000420382 -0.000922475 -0.000406116 -0.000176406 -0.000136209 -0.000292618 -0.000844394 -0.000540042 -0.000185449 -0.000337664 0.000174809 0.000580181 
-0.000921548 0.0976325 -0.000270241 0.000732005 4.15137e-05 0.00110823 0.000397794 -0.000750341 -0.000988001 -0.0015403 -0.00167459 -0.00380825 -0.00166952 -0.00165324 -0.00119401 -0.000239155 -0.00352982 -0.00193728 -0.00504872 -0.00264194 -0.00225777 -0.00227844 -0.00302344 -0.00403915 -0.00378168 -0.00218212 -0.00181698 -0.000646237 -0.00219486 -0.00180403 -0.00164797 -0.00240034 -0.000964414 -0.00159511 -0.000825672 0.000498232 -0.00165015 -0.0017601 -0.00132731 -0.00175717 0.00018869 0.000620228 -0.000692993 -0.000614361 -0.00114205 -0.00123982 -0.00178792 -0.000279785 4.39749e-05 -0.000617362 -0.0008702 -0.00127848 -0.00107002 -0.00157599 -0.000484535 0.000403173 -0.000368055 -0.000524847 -0.000567795 8.05779e-05 -0.00106803 -0.000161835 -0.000618229 -0.000193682 -0.000625067 5.12844e-06 -0.000379157 -0.00101246 -0.00078299 -0.000469693 -1.97013e-05 -0.00154317 -0.000857816 -0.0017403 -0.000517269 0.000460161 -0.000745443 -0.00123148 -7.85257e-06 -0.000695367 -0.00110336 -0.000538279 0.000209297 -0.00124113 -0.00045433 -0.00105248 -0.000664136 -0.000653645 -0.000395707 -0.000911513 -0.00093796 -0.000291785 -0.000643392 0.000422535 -0.00145662 -0.00048872 0.000143604 0.000833109 -0.000134779 -0.00124924 
-0.000309596 -0.000270241 0.0831708 -0.000176708 -0.000990137 -0.00041264 4.81997e-05 -0.000163501 -0.000382875 -0.00101704 -0.00311845 -0.000573003 -0.00115742 -0.00250708 -0.00151147 -0.000903367 -0.00193887 -0.00116633 -0.0030592 -0.00351419 -0.000613449 -0.00131557 -0.00394798 -0.00276051 -0.00145345 -0.00291168 -0.000941681 -5.981e-05 -0.000760178 -4.02268e-05 -0.00230761 -0.00105611 -0.00178718 -0.0007401 -0.000419767 -0.000356436 -0.000979817 -0.000739828 -0.00189037 -0.00117578 -0.000410201 -0.000666149 -0.000616924 -0.000506272 -0.000247221 -0.000882821 0.000467005 -0.000876709 -0.00139142 -0.00100639 -0.000482038 -0.00158803 -0.000418709 -0.000557357 -0.000130459 -0.00061404 -0.000219492 -0.000761886 -0.000983574 -0.000295737 -0.00137913 -0.00048811 -0.00100277 -0.000125028 -0.00112219 -0.00107459 -0.000527732 -0.00105027 -0.000328737 -0.000116887 0.000152271 -7.39182e-07 -0.000720984 -0.000695688 -0.000483796 -0.000908386 -0.000312311 -0.000595451 -0.000881701 -0.000484844 -0.000521597 -4.75287e-05 -0.000708452 -0.00108046 -0.000931521 -0.00113546 -0.000749843 -0.000462403 -0.00054416 -0.000377886 -0.000570367 -0.000465289 -0.000807928 0.000410753 -8.29544e-05 -0.00082852 -0.000269426 -0.000124575 0.00049246 -0.000648706 
-0.000223001 0.000732005 -0.000176708 0.0734862 -0.00109635 -0.000276 -4.44132e-05 0.000700316 -0.000197946 0.000985225 -0.00152689 -0.00200955 -0.000986076 -0.00136426 -0.00257359 -0.00259154 -0.00171646 -0.000368357 -0.00038774 -0.00147649 -0.00176054 -0.00329979 -0.00375038 -0.00326633 -0.00350628 0.000898661 -0.00173541 -0.00182809 -0.00385632 -0.00166834 -0.00276003 -0.000898114 -0.00115113 -0.000344475 -0.000238794 -0.000894528 -0.000872892 -0.000634446 -0.000567606 -0.00170538 -0.000395932 -0.000819192 -0.000361544 -0.000504135 -3.545e-05 -0.000166473 -0.00118363 -0.000603447 -0.000162333 -0.000463081 -0.000312732 -0.000195232 -0.000868671 0.000100096 -0.000471004 -0.000167376 -0.000425257 -0.000443698 -0.000692109 -5.67939e-05 -0.000329992 -0.000176018 -4.62177e-05 -0.000333896 -4.58432e-06 0.000395098 0.000565468 -0.000656345 -5.44403e-05 0.00015316 -0.000851311 -0.000238815 -0.000256257 -0.000208624 -0.000164968 -0.00093588 -0.000766716 0.000119588 -0.000582279 -0.00033181 -0.000778353 -0.00103139 -0.000684182 -0.00104212 0.000244695 -3.55283e-05 -0.00105788 -0.00113172 -0.000277978 -0.000243122 -0.000679704 -0.000929493 -0.000664006 -0.00032689 -0.00127518 -1.14886e-06 -0.000418649 -0.000394908 -0.000671122 -0.000716577 
-0.00110927 4.15137e-05 -0.000990137 -0.00109635 0.0958272 6.19434e-05 -0.00027163 -8.95981e-05 -0.000694135 -0.000708247 -0.000992196 -0.00190108 -0.00208753 -0.00136465 -0.00188428 -0.00195596 -0.00393447 -0.00223923 -0.0040132 -0.00278926 -0.00216982 -0.00336153 0.000385648 -0.00106138 -0.000852654 -0.000984373 -0.000640332 -0.00574125 -0.00157635 -0.00157757 -0.00251474 -0.00167559 -0.000871914 -0.00134834 -0.00148751 -0.000772298 -0.00155986 -0.000692611 -0.000505175 -0.00124856 -0.000822371 -0.000389929 -0.000442211 -0.000871962 -0.00135247 -0.000838434 -0.000566701 -0.000654183 -0.000199225 -0.000679214 -0.000522935 -0.00125333 -0.000771252 -0.0011961 0.000281573 -0.00110395 0.000149203 -0.00133558 -0.00101245 -0.000860531 -0.000405873 0.000282444 -0.000592407 -0.000669155 -0.00073586 2.94999e-05 -0.00130933 -0.000549078 4.71925e-05 -0.000459705 -0.0014531 -0.000636906 -0.000726681 -0.00172507 -0.000628258 -1.40042e-05 0.000200557 -0.000544184 -0.000393781 0.000248361 -0.00102487 -0.000461682 -0.000868483 -0.00112954 -0.000851402 0.000127416 -6.49236e-05 -0.000351576 7.58552e-05 -0.000984249 -0.0020806 -0.00113274 0.000170665 -0.000421492 9.68446e-06 -0.00135809 -0.000768592 -0.00121122 0.000131734 -0.000881801 
-0.000311943 0.00110823 -0.00041264 -0.000276 6.19434e-05 0.106219 -0.00150513 0.000282892 0.000323527 -0.00200793 -0.000182582 -0.0014952 -0.00286537 -0.00239758 -0.00310148 -0.000769579 -0.00337476 -0.00357501 -0.00251251 -0.00328749 7.44246e-05 -0.00082283 0.00136542 -0.00291682 -0.00433779 -0.000520724 -0.00472996 0.00018939 2.58174e-05 -0.00353621 -0.0019102 -0.00226385 -0.00141692 -0.000671982 -0.00283208 -0.00123332 -0.00149822 -0.000529654 -0.00084714 -0.00175902 -0.00106158 -0.000912209 -0.000286087 0.000339415 -0.00121016 -0.000786094 -0.000898077 0.000282053 -0.00057478 -0.000406953 -0.000309512 -0.00132234 -0.00159311 -0.00049192 0.000251117 -0.000978012 -0.000306247 -0.00103694 -0.000342426 -0.000293172 8.22836e-05 -0.00073623 -0.00141218 -0.00167852 -0.000737235 -0.00155361 -0.000602549 -0.000166495 -0.00138023 -0.000815662 -0.000406602 -0.000877161 -0.0011734 -0.0023938 -0.00039799 -0.00130854 -0.00115506 -0.000168006 -0.00177787 0.000738799 -0.00152564 -0.00127126 -0.000298416 -0.00127773 -0.00131785 -0.000784928 -0.000944996 2.24604e-05 -0.001159 -0.000312914 -0.0013738 -0.00104616 -0.0014696 -0.000743812 -0.000421972 -0.00130809 -0.00160454 -0.00102647 -0.000904658 -0.00112259 
-0.00099811 0.000397794 4.81997e-05 -4.44132e-05 -0.00027163 -0.00150513 0.0960768 -7.48325e-05 -0.000155085 -0.00094508 -0.000463581 -0.00204277 0.000112615 -0.00243114 -0.00164798 -0.0043625 -0.00330102 -0.00394176 -0.0061477 -0.00512417 -0.00284831 -0.000734832 -0.00187015 -0.00281579 -0.00249348 -0.00284215 -0.000894141 -0.000916271 0.000557522 -0.00177767 -0.00195661 -0.00295553 -0.0015712 -0.00150825 0.000212061 -0.00119166 -0.000925986 -0.000255121 -0.00054906 -0.000952024 -0.00101937 -0.000896871 -0.000929261 -0.000931207 -0.00140533 0.000507303 -0.00126087 -0.0012398 -0.000755217 -0.000992771 0.000269538 -0.000478208 -0.000837206 0.000629178 -0.000696188 0.000271542 0.000135474 4.08598e-05 -0.00123881 -0.00120158 -0.000597138 0.000146405 -0.000419934 -0.000262824 -0.00223274 -0.00176616 -0.00103273 -0.000165528 -0.00144192 -0.000823619 9.20386e-05 -0.000601287 -0.00100944 0.000399481 0.00062109 -0.000663941 -0.00133145 -0.000620716 0.000389949 -0.000256329 -3.90387e-05 -0.000743038 -0.000111059 -0.000102763 -0.00113081 -0.000534004 -0.00123348 0.000221042 -0.000627144 -0.000950758 -0.000347415 -0.000582156 -0.000472657 -0.00102399 -0.00132402 -0.000437081 -0.000243903 -0.0011478 -0.000385995 -6.82048e-05 
0.000481356 -0.000750341 -0.000163501 0.000700316 -8.95981e-05 0.000282892 -7.48325e-05 0.100456 -0.00129389 -1.74572e-05 -0.00263559 -0.000902051 -0.000286286 -0.00282961 -0.00354671 -0.00390243 -0.00343425 -0.000970001 -0.00373901 -0.00288426 -0.00565418 0.000482973 -0.000761116 -0.00318467 -0.00307626 -0.000324449 -0.00114871 -0.00141341 -0.00187261 -0.00239712 -0.00050948 -0.000868269 -0.00320396 -0.0021627 -0.00168007 0.000329402 0.000383099 -0.00020913 -0.00138438 0.000458402 3.00712e-05 -0.00113487 -0.00170365 -0.000799975 -0.00115348 -0.000750733 -0.000879059 -0.00134833 -0.000965137 -0.00100345 -0.00131925 -0.000288618 0.000159957 -0.00117758 -0.00108495 -0.000572806 -0.00120921 -0.00090883 -0.000551681 -0.000126066 -0.000508586 -0.000353331 -0.00131229 2.90323e-05 -0.00100452 -0.000501503 -0.000553914 -0.000747655 -0.000449268 -0.000970431 -0.00076821 -0.00112381 -0.000556679 -0.00084006 -0.000968023 -0.000654221 -0.0015296 -6.33707e-05 -0.00112998 -2.05001e-05 -0.00128789 -0.000210322 -0.000320823 -0.0012717 -0.00126459 -0.000894319 -0.000600573 -5.73291e-05 -0.00134799 -0.000143204 -0.00105355 -0.0005504 -0.000516393 -0.000881104 -0.000480165 -0.00112841 -0.000377846 -0.000728996 -0.000601343 -0.00167262 
-0.000419304 -0.000988001 -0.000382875 -0.000197946 -0.000694135 0.000323527 -0.000155085 -0.00129389 0.112757 -0.000461126 -0.00023455 -0.00214518 -0.000387178 -0.00129085 -0.00217482 -0.00131067 -0.00273657 -0.00349269 -0.00452726 -0.00541397 -0.00507538 -0.00101069 -0.00162796 -0.00532782 -0.000349593 -0.00519589 -0.00239962 -0.00199967 -0.00244613 -0.00365314 -0.00318133 -0.000593287 -0.00187608 -0.00231887 0.000116761 -0.00179098 -0.000736856 -0.00139546 -0.00093983 -0.00145672 -0.00153207 -0.00174045 -0.0014533 -6.95471e-05 0.000333845 -0.000504128 -0.00129942 -0.000304698 -0.00031333 -0.0015174 -0.000462055 -0.000890727 -0.000367482 -0.00130067 -0.00130475 -0.000404226 -0.000894538 -0.000859761 0.000490596 0.000844058 0.000424882 -0.000639509 -0.000586089 -0.00129374 -0.000380924 -0.00138877 -0.00136349 -0.00056362 -0.000396513 -0.000928757 -0.0010047 -0.00112807 -0.00079453 -5.37958e-05 -0.000274336 -0.00033064 -0.00152804 -0.000517081 -0.00204081 -3.57943e-06 -0.00165319 0.000284844 0.000553876 -0.00065672 -0.000272427 -0.000899262 -0.000139068 -0.00108209 -0.00120535 -0.000398116 -0.000119809 -0.00109059 -0.00118353 -0.000992111 -0.000559253 -0.000688414 -0.000734085 -0.000974413 -0.000797702 -0.000566414 
-0.0011866 -0.0015403 -0.00101704 0.000985225 -0.000708247 -0.00200793 -0.00094508 -1.74572e-05 -0.000461126 0.136044 -0.00102374 0.000329402 0.000382413 0.000701858 -0.00541839 -0.00519226 -0.00971539 -0.0068917 -0.00245771 -0.00246086 -0.00425026 -0.00377356 -0.0046378 -0.00587191 -0.00293726 0.00174967 0.000905275 -0.00365537 -0.00246073 -0.00291957 -0.00540131 -0.00232597 0.00094137 -0.00128676 7.41684e-05 0.000144902 -0.00130607 0.000438368 0.00148297 -0.001595 -0.00112569 -0.000872509 -0.000131181 -0.000355799 -0.0009745 -0.00158179 0.000449864 -0.0010996 -0.00136843 -0.00305022 -0.00151847 -0.000756819 -0.000435823 -0.000697821 -0.00132044 0.00015759 -0.00165278 -0.001582 -0.000954497 -0.00139697 -0.00116459 0.000149921 -0.000735715 -0.000523563 -0.000229001 6.91903e-05 -0.00146401 -0.000124154 -0.000355041 -0.000429667 -0.000960999 -0.00232137 -0.00235295 -0.0012728 -0.000810382 -0.0012145 -0.00238796 0.000357084 -0.000421244 -0.00237293 -0.00181305 -0.000832865 -0.00162397 -0.00184932 -0.00113263 -0.00107743 -0.00169583 -0.00161892 -0.000223463 -0.00144293 -0.00117267 -0.00192049 -0.000896653 -0.000234904 -0.000105498 -0.00159872 9.69043e-05 -0.000841263 -0.000554639 -0.00134374 
-0.00254877 -0.00167459 -0.00311845 -0.00152689 -0.000992196 -0.000182582 -0.000463581 -0.00263559 -0.00023455 -0.00102374 0.175933 -0.00571267 -0.000572049 0.00148325 -0.00160288 0.00136888 -0.00301744 -0.00145626 -0.0039494 -0.00149033 -0.000895504 -0.00727192 -0.00151679 -0.00222509 -0.00108242 -0.00224676 -0.00297846 -0.00301791 6.52424e-05 -0.00217573 0.00012531 -0.00460386 -0.00108876 -0.00163722 -0.00121771 -0.000154077 -0.00254253 -0.00110148 -0.00295999 -0.00284425 -0.001715 -0.000670875 -0.00238879 -0.00179672 -0.00249986 -8.24356e-05 -0.00287311 -0.000883515 -0.00264914 -0.00296469 -0.00213409 -0.00170569 0.000494801 -0.00149805 -0.000293491 -0.00263162 -0.000734654 8.98261e-05 0.000319274 -0.000383616 -0.00202492 -0.000315467 -0.000889947 -0.00295553 -0.00323773 -0.00129252 -0.00050762 -0.00323049 -0.00197996 -0.00185757 -0.00220114 -0.00246123 -0.00236723 -0.00253069 -0.000926527 -0.00131006 -0.00102623 -0.0021236 -0.00186253 -0.00137874 -0.00517522 -0.00197823 -0.00168579 -0.0026305 8.33802e-06 -0.00284283 -0.00232618 -0.00313313 -0.000177435 -0.00176125 -0.00189632 -0.0023994 -0.00158775 -0.00158184 -0.00413297 -0.000871438 -0.000781152 -0.000841823 -0.00260809 -0.00332937 
0.00067261 -0.00380825 -0.000573003 -0.00200955 -0.00190108 -0.0014952 -0.00204277 -0.000902051 -0.00214518 0.000329402 -0.00571267 0.168346 -0.00357608 0.000193543 -0.000553481 -0.00125698 -0.00258441 -0.00283694 -0.00385316 -0.00748846 -0.00124668 -0.0064455 -0.00328269 -0.00505715 -0.00168963 -0.00297006 -0.00493482 -0.00427996 -0.00627184 -0.00348744 -0.00248382 -0.000954989 -0.00213866 -0.00148062 0.000205304 -0.0039522 -0.00146334 -0.00103161 -0.000907023 -0.000920569 -0.00110974 -0.00296284 0.00129922 -0.00215576 0.000880819 -0.00110508 0.000564081 -0.0026279 -7.14297e-05 -0.00151596 -0.000294164 -0.00305886 -0.000788186 -0.00131308 -0.00288843 -0.00259216 -0.00096747 -0.00125228 -0.0011034 -0.000745343 -0.00180005 -0.00112027 -0.000905962 -0.00185118 -0.00116072 -0.000915809 -0.00179116 -0.00080664 -0.002105 -1.02045e-05 -0.000907594 -0.00116844 -0.00154882 -0.00220989 -0.00125271 -0.00249367 -0.00257956 -0.000581779 -0.00150874 -0.00130948 5.69002e-05 -0.000367995 -0.00457978 0.000316536 -1.44251e-05 -0.000909237 -0.000774837 0.00100882 -0.00243098 -0.00164601 -0.000723329 -0.00108695 -0.00207219 0.000542496 -0.00164925 -0.00203201 -0.00177637 -0.000138759 -0.000536618 -0.00135941 
-0.000866913 -0.00166952 -0.00115742 -0.000986076 -0.00208753 -0.00286537 0.000112615 -0.000286286 -0.000387178 0.000382413 -0.000572049 -0.00357608 0.170066 -0.00409159 0.00132596 -0.00645644 0.00286009 -0.00297403 -0.00233767 -0.00542613 -0.00927792 -0.00233649 -0.00643049 -0.00446736 -0.00488905 -0.00494817 -0.00619922 -0.00738514 0.00303351 -0.00183228 0.000111375 -0.00454232 -0.0022899 -0.00204554 -0.004192 -0.00127658 -0.00221954 -0.00243162 -0.000518078 0.000801985 -0.000515748 0.000778343 -0.00188054 -0.00113303 -0.000744565 -0.00174902 -0.00269966 -0.00223313 -0.00172372 -0.000655297 -0.000937182 -0.00428923 -0.00209117 -0.00125147 -0.000630222 8.32498e-05 -0.00178547 -0.000611655 -0.00156162 -0.00206738 -0.00138302 -0.00032816 -0.00117709 -0.00163219 -0.00137468 -0.00139 -0.00153558 -0.0021692 -0.00164522 -0.000523084 -0.00172168 -0.00276453 -0.000294294 -0.00219493 0.000371578 -0.00205209 -0.000797376 -0.00128909 -0.000601252 -0.000762105 0.00145378 0.000694898 -0.0016336 -0.00100401 -0.001078 -0.000592966 -0.00181087 -0.00149718 -0.00110636 -0.0020103 -0.00198331 -0.00177016 -0.00119327 -0.00219458 -0.00167173 -0.00138317 -0.000305575 -0.000152487 -0.0019845 -0.00148567 
-0.00162273 -0.00165324 -0.00250708 -0.00136426 -0.00136465 -0.00239758 -0.00243114 -0.00282961 -0.00129085 0.000701858 0.00148325 0.000193543 -0.00409159 0.185188 -0.00299534 0.00379604 0.00060789 -0.00355081 0.00059394 -0.00857678 -0.01133 -0.00448856 -0.00621008 -0.00658042 -0.00342142 -0.0101673 0.000409986 -0.00148616 -0.00686586 -0.00427176 -0.00549275 -0.00268871 0.000342114 -0.00340234 -0.00306328 -0.00156485 -0.00163351 -0.00275288 -0.0013896 -7.95472e-05 -0.00037235 -0.00107019 -0.000818588 -0.00183009 -0.00275665 -0.0015506 -0.000920513 -0.00177633 -0.00204683 -0.001258 -0.00119334 -0.00150277 -0.000314539 -0.00136671 -0.00300595 -0.00145372 -0.00369346 -0.00159423 -0.00222063 -0.00118683 -0.00172965 -0.000643069 -0.00124252 -0.00260242 -0.00183114 -0.00101153 3.85749e-05 0.000804856 -0.000951009 -0.00133289 0.00138678 -0.00187853 -0.000726122 0.000156957 -0.00134919 -0.0029287 -0.000404796 -0.000641422 -0.00226553 -0.00186421 -0.00125245 -0.00188911 -0.00206228 -0.00264583 -0.00183665 -0.000930287 -0.00146851 -0.00195607 0.00122286 -0.00254669 -0.000772693 -0.00178714 -0.000604835 -0.000611477 -0.000734116 -0.00144926 2.40652e-05 -0.00244557 -0.000639157 -0.00241915 
-0.00258852 -0.00119401 -0.00151147 -0.00257359 -0.00188428 -0.00310148 -0.00164798 -0.00354671 -0.00217482 -0.00541839 -0.00160288 -0.000553481 0.00132596 -0.00299534 0.223108 0.000503408 0.0013445 -0.00460298 -0.0120714 0.00050331 -0.00381735 -0.00341498 -0.0142948 0.00110856 -0.00446565 -0.00450566 -0.00647329 -0.0022537 -0.00105688 -0.00264863 -0.00300653 -0.00233901 -0.00635874 -0.000433983 -0.00293249 -0.00354623 -0.00197638 -0.00261972 -0.00262767 -0.000812926 -0.00216776 -0.0014338 -0.00213847 -0.00162361 -0.000882041 -0.00159666 -0.00597342 -0.00227009 -0.0018108 -0.000906786 0.000300961 -0.00266124 -0.00325428 -0.002181 -7.40982e-05 0.00051579 -0.000450732 -0.00123523 -0.00337459 -0.0024736 -0.000402746 -0.00270937 -1.86486e-05 -0.00231615 -0.000765532 -0.0021812 -0.00181687 -0.00378819 -0.000226748 -0.00156136 -0.00137498 -0.00262361 -0.00207841 0.000246964 -0.0033813 0.00153831 -0.0038766 -0.00253865 -0.00355619 -0.00230841 -0.0028671 -0.00161679 -0.00247691 -0.0029632 -0.00175954 -0.00201431 -0.00258721 0.0010429 -0.000986036 -0.000505905 -0.0025223 -0.00185941 -0.000907389 -0.00232226 -0.00374144 -0.00282839 -0.00265558 2.78097e-05 -0.00270262 -0.00316508 
-0.00343483 -0.000239155 -0.000903367 -0.00259154 -0.00195596 -0.000769579 -0.0043625 -0.00390243 -0.00131067 -0.00519226 0.00136888 -0.00125698 -0.00645644 0.00379604 0.000503408 0.241879 -0.00261684 0.00198292 -0.0036503 -0.00855075 -0.000321851 -0.00766796 -0.00861826 -0.00435542 -0.008979 -0.0088322 -0.00453555 -0.00688736 -0.0105734 -0.00716778 -0.00338278 0.000207924 -0.00517573 0.000274875 -0.00358119 -0.0055415 -0.00537874 -0.00325756 -0.00106862 -0.00269401 -0.00426881 -0.00131354 -0.00065875 -0.00533519 0.000112362 -0.00264243 -0.00129648 -0.00388071 -0.000533815 -0.00181999 -0.00213354 -0.000462606 -0.000242998 -0.00247235 -0.00459066 0.00248788 -0.00323072 -0.0026288 -0.00224227 -0.000789368 0.00207645 -0.00276225 -0.0010864 -0.00199365 -0.00214033 -0.00251013 -0.00144839 -0.00182185 -0.00242784 -0.00278681 -0.00274317 -0.00142725 -0.00350279 -0.0030169 -0.00049468 -0.000998307 0.000366368 -0.00331484 -0.00122216 -0.00214554 -0.00212302 -0.00185106 -0.00466885 -0.00023351 -0.00147978 -0.00283305 -0.00219324 -0.00210604 -0.00294273 -0.00208409 0.000262682 -0.0013287 -0.00180662 -0.000266337 0.00361822 -0.00262334 -0.00134001 -0.00317828 -0.0010867 -0.00119255 
-0.00235955 -0.00352982 -0.00193887 -0.00171646 -0.00393447 -0.00337476 -0.00330102 -0.00343425 -0.00273657 -0.00971539 -0.00301744 -0.00258441 0.00286009 0.00060789 0.0013445 -0.00261684 0.246258 -0.00207182 -0.00332291 -0.00464541 -0.00736686 -0.00591516 -0.0150964 0.000396679 -0.000909992 -0.00316542 -0.0124735 -0.00212019 -0.0014451 -0.00453261 -0.00793422 -0.00453878 -0.0023882 -0.0033663 -0.00366947 -0.00249306 -0.000293418 -0.00379795 -0.00376961 -0.000472174 -0.00111921 -0.00146744 -0.00128973 -0.00110173 -0.00247899 -0.00210112 -0.00182887 -0.00279396 -0.00485454 -0.00119064 -0.00158374 -0.00449832 -0.00277561 -0.00356707 -0.000217647 -0.00611523 8.83786e-05 -0.00260883 -0.00180246 -0.00160797 0.000539824 -0.000472731 0.00053224 -0.00192453 -0.00427412 -0.00095693 -0.00225526 -0.00257256 -0.00214986 -0.00161063 -0.00290981 -0.000511008 0.00022574 0.000886505 -0.00313116 -0.00152776 -0.000913082 -0.000422555 -0.00193231 -0.000270649 0.000130025 -0.0011005 -0.00299175 -0.00131195 -0.00195363 -0.00171854 -0.000582877 -0.00443953 -0.00335359 -0.00128813 -0.000291264 -0.00165348 -0.00302377 -0.00398334 -0.00167065 -0.00248514 -0.00154234 -0.00209921 -0.000365788 -0.00512838 
-0.0028195 -0.00193728 -0.00116633 -0.000368357 -0.00223923 -0.00357501 -0.00394176 -0.000970001 -0.00349269 -0.0068917 -0.00145626 -0.00283694 -0.00297403 -0.00355081 -0.00460298 0.00198292 -0.00207182 0.24378 -0.00398112 0.00412308 -0.00509248 -0.00699434 -0.00496133 -0.00651055 -0.015545 -0.00521046 -0.00957766 -0.0074954 -0.00749526 -0.00339771 0.00139039 -0.00518768 -0.00402735 -0.00408745 -0.00197431 -0.00305783 -0.00298127 -0.00330345 -0.00120631 -0.00210876 -0.0010431 -0.000996824 -0.00254445 -0.00239737 -0.00116857 -0.000870868 -0.00572211 -0.000139974 -0.00137808 -0.00263411 -0.00228737 -0.00398839 -0.00268989 -0.00158364 -0.00488572 -0.00139152 0.00104266 -0.00299957 -0.00318419 -0.00285879 -0.00217852 -0.00286539 -0.00226692 3.07593e-05 -6.41199e-05 5.03321e-05 2.98135e-05 -0.00274716 7.25997e-05 -0.0012168 -0.00197568 -0.000341289 -0.0029243 -0.00538661 -0.0015168 -0.00317792 -0.000663577 -0.000643271 -0.0030637 -0.00139009 -0.000800644 -0.0029533 -0.00342191 -0.00158692 0.000506736 -0.000271542 0.00186382 -0.00263556 -0.000786148 6.63859e-05 -0.000946493 -0.00340845 -0.00150722 -0.00246169 -0.00206224 -0.00122534 -0.00264354 0.00060934 -0.0012254 -0.00133496 
-0.00207039 -0.00504872 -0.0030592 -0.00038774 -0.0040132 -0.00251251 -0.0061477 -0.00373901 -0.00452726 -0.00245771 -0.0039494 -0.00385316 -0.00233767 0.00059394 -0.0120714 -0.0036503 -0.00332291 -0.00398112 0.249681 -0.00476219 -0.00287085 0.000259335 -0.00490628 -0.00788891 -0.00819464 -3.03771e-05 -0.0126726 -0.0104781 -0.0110096 -0.00265433 0.00102766 -0.00623526 0.000296308 0.000897126 -0.00698281 0.00102148 -0.00121525 -0.000555846 -0.005453 -0.00267142 -0.00223727 -0.00245041 -0.000874175 -0.00322367 -0.00222418 -0.00158949 -0.00331099 -0.00196994 -0.00258456 -0.00122854 -0.0044291 -0.0021316 -0.000749413 -0.000392684 -0.00149906 -0.00300533 -0.00615566 -0.00123066 -0.00238951 -0.00136168 -0.00266101 -0.00145099 -0.00227554 -0.00472719 -0.0012133 -0.00245368 -0.000673811 0.000146273 -2.58497e-05 0.000524579 -0.0020943 -0.00249759 -0.000528446 -0.00264599 -0.000370942 -0.00308878 0.000459299 -0.00156503 -0.000518291 -0.000809019 0.0010311 -0.00134972 -0.000546794 -0.00203908 -0.00271882 0.000208877 0.000517973 -0.0029476 -0.00186161 -0.00311922 -0.00140781 -0.00100792 -0.00327772 -9.14037e-05 -0.000588811 0.000875872 -0.00160026 -0.00202473 -0.000642913 -0.0019677 
-0.0039848 -0.00264194 -0.00351419 -0.00147649 -0.00278926 -0.00328749 -0.00512417 -0.00288426 -0.00541397 -0.00246086 -0.00149033 -0.00748846 -0.00542613 -0.00857678 0.00050331 -0.00855075 -0.00464541 0.00412308 -0.00476219 0.249025 -0.00531276 -0.00392925 0.00187399 -0.00293417 -0.000788512 -0.00460068 -0.010425 -0.00323328 -0.0102867 -0.00644343 -0.00265565 -0.00241455 -0.00142425 -0.0037673 -0.00169005 -0.00419245 -0.00200497 -0.00365089 -0.00170169 -0.00205692 0.000517748 -0.000658379 -0.00419362 0.000854653 -0.00240785 -0.00272996 0.000510942 -0.000138453 -0.00154805 -0.00313289 -0.00277182 0.00112134 -0.000532958 -0.00443247 -0.00126327 -0.00296148 -0.000341717 -0.000802912 -0.00254627 -0.00276969 -0.00252012 -0.00244579 -0.00178393 -0.000198337 -0.00391309 -0.00415121 -0.000470446 -0.0018915 -0.00187107 -0.00362998 -0.00113806 -0.00162591 -0.00384419 -0.00481359 -0.0009897 -0.00173175 -0.00317045 -0.0018071 -0.00314199 -0.000816555 -0.00310245 -0.00186993 -0.00134462 0.000333371 -0.00168998 -0.0028852 -0.00327138 -0.00178433 0.00102971 0.000509416 -0.00250009 -0.00128561 -0.00130014 -0.00191054 -0.00496073 -0.00344978 -0.00262225 0.000467802 -0.000734712 0.00105839 
-0.00163347 -0.00225777 -0.000613449 -0.00176054 -0.00216982 7.44246e-05 -0.00284831 -0.00565418 -0.00507538 -0.00425026 -0.000895504 -0.00124668 -0.00927792 -0.01133 -0.00381735 -0.000321851 -0.00736686 -0.00509248 -0.00287085 -0.00531276 0.249231 -0.00620821 -0.0055217 -0.00358734 -0.00656842 0.000515517 -0.00587062 -0.00962215 -0.00548046 -0.000868998 -0.00191659 -0.00285163 -0.00405351 -0.00245213 0.00194632 -0.00112662 -0.00315755 -0.00118007 -0.000929245 -0.00470659 -0.00416503 -0.00169733 -0.00182771 -0.000378678 0.000149275 -7.62456e-06 -0.00374051 -0.00220658 -0.00155072 -0.00259929 0.000158539 -0.00242696 -0.00203923 -0.000134133 -0.00296193 -0.00325338 -0.00192198 -0.00101629 0.00125584 -0.000356465 -0.00149859 -0.00294387 -0.00314685 -0.00258174 -0.000164711 -0.00124923 -0.00212987 -0.00231962 -0.00369211 -0.000504624 -0.00288405 -0.00322937 0.000746648 -0.0036143 -0.00245557 -0.00228965 -0.000146405 -0.00268065 -0.00155694 -0.00157541 -0.000899264 -0.000619492 -0.00196948 -0.00303222 -0.00270902 -0.00373062 -0.00280096 -0.000786752 -0.00325187 -0.00124368 -0.00220224 -0.00271617 -0.00227242 -0.00105098 -0.00174493 -0.00178616 -0.00146095 -0.00240724 -0.00287039 -0.00167805 
-0.00238468 -0.00227844 -0.00131557 -0.00329979 -0.00336153 -0.00082283 -0.000734832 0.000482973 -0.00101069 -0.00377356 -0.00727192 -0.0064455 -0.00233649 -0.00448856 -0.00341498 -0.00766796 -0.00591516 -0.00699434 0.000259335 -0.00392925 -0.00620821 0.249971 -0.0013974 0.0021621 -0.00754681 0.0065335 -0.00749911 -0.00343561 -0.00817484 -0.00305751 -0.00694055 -0.00608396 -0.00158698 -0.005097 -0.000684419 -0.00232515 -0.00176533 -0.00216538 -0.00447873 -0.0037651 -0.00383824 0.000740026 -0.000321806 -0.00128169 0.00101934 -0.00406941 -0.000564941 -0.000670443 0.00035183 -0.00614316 -0.00244803 -0.00316602 -0.00443981 -0.00155163 -0.00209935 -4.71589e-05 -0.000112478 -0.00286771 -0.00207151 -0.00179432 -0.00391607 -0.00226092 -0.00154314 -0.00246431 -0.00183308 -0.00255783 -0.00523606 -0.00176713 -0.00204453 -0.00189033 -0.00246769 -0.00079296 -0.00134046 0.000313082 -0.00130184 -0.0027062 -0.000462984 -0.000144847 -0.0021762 -0.00126004 -0.00470064 -0.0034155 -0.00254748 -0.00181004 -0.00361774 -0.00315216 -0.000642143 -0.000845471 -0.00267989 -0.00209829 -0.00266357 -0.00192464 -0.00207686 -0.00182835 -0.00268018 -0.00151028 -0.000634738 -0.00235894 -0.0016335 -0.00370041 
-0.000975171 -0.00302344 -0.00394798 -0.00375038 0.000385648 0.00136542 -0.00187015 -0.000761116 -0.00162796 -0.0046378 -0.00151679 -0.00328269 -0.00643049 -0.00621008 -0.0142948 -0.00861826 -0.0150964 -0.00496133 -0.00490628 0.00187399 -0.0055217 -0.0013974 0.243743 -0.00810877 0.00137543 -0.00788957 -0.00714223 -0.00851417 -0.00640897 -0.00582549 -0.00705619 -0.00494821 -0.000333943 -0.00128022 -0.000247192 -0.000992515 -0.00303294 -0.00191673 -0.00209441 -0.00430396 -0.00151284 -0.00353961 -0.000282832 -0.00276866 -0.00174408 -0.00069197 -0.00318556 0.000402583 -0.000207407 0.000380272 -0.00226763 0.00205637 -0.000932535 -0.00282413 -0.00297276 -0.0042154 0.000576976 -0.00146496 -0.00210861 -0.000823644 -0.00103751 -0.00336817 -0.00437339 -0.00141628 0.000149287 -0.00101516 -0.00129856 -0.000186928 -0.00136025 -0.00280238 -0.000108952 -0.000413925 -0.00190247 -0.00243006 -0.000549031 -0.000863248 4.58749e-05 -0.00310231 -0.00104613 -0.00130594 -0.000407311 -0.00157781 -0.000372741 -0.00081079 -0.000964119 -0.00333945 -0.00328847 -0.00232648 -0.000651938 -0.00205031 -0.00230414 -0.000784668 -0.00185991 -0.000604905 0.00139698 -0.0015585 -0.00160352 -0.00269137 -0.00190934 -0.00159724 
-0.00189269 -0.00403915 -0.00276051 -0.00326633 -0.00106138 -0.00291682 -0.00281579 -0.00318467 -0.00532782 -0.00587191 -0.00222509 -0.00505715 -0.00446736 -0.00658042 0.00110856 -0.00435542 0.000396679 -0.00651055 -0.00788891 -0.00293417 -0.00358734 0.0021621 -0.00810877 0.249994 -4.54513e-05 -0.00933757 -0.000394551 -0.00205826 -0.00590712 -0.000468021 0.00443252 -0.00397179 -0.00673037 -0.00366389 -0.00465032 -0.0037181 0.000635571 -1.19194e-05 -0.00353086 -0.0035601 -0.00129743 -0.00273416 -0.00325814 -0.00219912 -0.00218581 -0.0021918 -0.00164186 0.000472585 -0.00228243 0.000507158 -0.00369895 -0.00112312 -0.00198971 -3.89608e-05 -0.00533657 -0.00292845 -0.00102776 -0.00355541 -0.00348483 -0.00233138 -0.00268048 -0.00242966 -0.000129693 -0.00174925 -0.00158776 -0.00484489 -0.00162017 0.000183472 -0.00241776 -0.00116302 -0.00424992 -0.00166878 -0.00259207 0.00180846 -0.00213909 -0.00349177 -0.00422519 -0.00352521 -0.00139668 -0.0026121 -0.0046685 -0.00117303 -0.00143788 -0.00209818 -0.00235202 -0.00206745 -0.00243625 -0.00252843 -0.00134201 -0.00240621 -0.00146432 -0.000365115 -0.00336938 -0.0019972 -0.00269564 -0.00126907 -0.00263411 -0.00169278 -0.00222138 -0.000751674 
-0.000277558 -0.00378168 -0.00145345 -0.00350628 -0.000852654 -0.00433779 -0.00249348 -0.00307626 -0.000349593 -0.00293726 -0.00108242 -0.00168963 -0.00488905 -0.00342142 -0.00446565 -0.008979 -0.000909992 -0.015545 -0.00819464 -0.000788512 -0.00656842 -0.00754681 0.00137543 -4.54513e-05 0.243769 -0.00469032 0.000632844 -0.0085046 -0.00348126 -0.000292838 -0.00406599 -0.0021897 -0.00312429 -0.00318268 -0.00172142 -0.00306813 9.19667e-05 -0.000628608 -0.00052086 -0.00293155 -0.00132483 -0.00134188 -0.0023628 -0.00116437 -0.00324838 -0.000602706 0.00195823 -0.00239569 -0.000580009 -0.000940657 -0.00192486 -0.00136628 7.94769e-05 -0.00372669 0.00117146 -0.00345763 0.00175277 -0.00220604 0.0013171 -0.00241611 -0.00221806 -0.00378021 -0.00232397 -0.00332099 -0.00407992 -0.00188273 -0.00238963 -0.00111417 -0.00184093 -0.00254331 -0.00235596 -0.00102859 -0.00580682 -0.00216278 -0.00273724 -0.00149692 -0.00332782 -0.00205297 -0.00224 -0.00244133 -0.00254536 -0.00159034 -0.00442375 -0.000821083 -0.00260763 -0.00207408 -0.00106322 -0.00412915 -0.00219862 -0.00271486 -0.00171029 0.000333571 -0.000771244 -0.00432648 -0.000704139 -0.00233245 -0.00330364 -0.00334837 -0.00342773 -0.00259158 
0.000609397 -0.00218212 -0.00291168 0.000898661 -0.000984373 -0.000520724 -0.00284215 -0.000324449 -0.00519589 0.00174967 -0.00224676 -0.00297006 -0.00494817 -0.0101673 -0.00450566 -0.0088322 -0.00316542 -0.00521046 -3.03771e-05 -0.00460068 0.000515517 0.0065335 -0.00788957 -0.00933757 -0.00469032 0.237335 -0.00292357 -0.00868174 -0.00157215 0.00106609 -0.00618752 -0.00446489 -0.00160983 -0.00369463 -0.00369238 -0.00323789 -0.00336676 0.000265511 0.000421195 -0.00371754 -0.00296051 -0.000910343 0.000583195 -0.00148637 -0.00166481 -0.000518352 0.00160173 0.000122244 -0.00309221 -0.00422236 -0.00217575 -0.00199964 -0.00310544 0.000341633 -0.0023088 -0.00147806 -0.000326512 -0.00362234 -0.00363989 -0.00219428 -0.000799763 -0.000899845 -0.00257934 -0.00305165 -0.00333063 -4.73687e-05 -0.00317774 1.06948e-05 -0.00282537 0.000231566 -0.00182905 -0.00164589 -0.001298 -0.00164183 -0.00026469 -0.00198373 -0.00374992 -0.00377274 -0.000455684 -0.00220402 -0.00656119 -0.00230139 -0.00168659 -0.00329282 -0.00197161 -0.00331764 -0.00214989 -0.00128932 -0.00197117 -0.00221283 -0.00377532 -0.00456907 -0.00116228 -0.00210479 -0.00324351 -0.00219897 -0.00273854 -0.0034295 -0.00144415 -0.00289741 
-0.00327087 -0.00181698 -0.000941681 -0.00173541 -0.000640332 -0.00472996 -0.000894141 -0.00114871 -0.00239962 0.000905275 -0.00297846 -0.00493482 -0.00619922 0.000409986 -0.00647329 -0.00453555 -0.0124735 -0.00957766 -0.0126726 -0.010425 -0.00587062 -0.00749911 -0.00714223 -0.000394551 0.000632844 -0.00292357 0.225277 0.000829762 0.00254216 -0.00249571 0.00113679 0.000162397 -0.00125139 -0.00436392 -0.000761802 -0.00303345 -0.00175785 -0.00129571 0.000418446 -0.000378951 -0.00288587 -0.00496108 -0.00294219 -0.000802354 -0.00498863 -0.00333987 -0.0011122 -0.00114934 -0.00118898 -0.000789348 -0.00389118 -0.00229497 -0.0027694 -0.00129632 -0.00159665 -0.00319945 -0.00452408 -0.000448063 -0.00146316 -0.00135394 -0.000689991 -0.00255035 -0.00172984 -0.000241136 -0.00292066 -0.0017863 0.000259899 -0.000974843 -0.00228123 -0.000430747 -7.38513e-05 -0.000649822 -0.00267694 -0.000149986 -0.00150668 -0.0016165 -0.00177418 -0.00230774 -0.00217029 -0.00143444 -0.000279107 -0.000504963 -0.00150023 -0.00290175 -0.000897016 -0.00112271 -0.0018343 -0.00222292 -0.00379634 -0.00148945 -0.000730282 -0.0016656 0.000118377 -0.0019807 -0.00233749 -0.00196054 -0.00159234 0.000307103 -0.00183978 -0.00236518 
0.000728271 -0.000646237 -5.981e-05 -0.00182809 -0.00574125 0.00018939 -0.000916271 -0.00141341 -0.00199967 -0.00365537 -0.00301791 -0.00427996 -0.00738514 -0.00148616 -0.0022537 -0.00688736 -0.00212019 -0.0074954 -0.0104781 -0.00323328 -0.00962215 -0.00343561 -0.00851417 -0.00205826 -0.0085046 -0.00868174 0.000829762 0.213621 0.00423377 0.00110327 -0.00482068 1.08364e-05 4.79372e-05 -0.00125695 -0.00122631 0.000172298 -0.000646522 -0.00412411 -0.00298373 0.00107658 -0.000687254 -0.00470221 -0.00318376 -0.00190915 -0.00287841 -0.00272182 -0.00073258 -0.00283613 -0.00282611 -0.00134253 -0.00180778 -0.000938592 -0.00275816 -0.0012865 -0.0035823 -0.00163534 -0.00385353 -0.00176902 0.00177629 -0.00106109 -0.00183985 -0.000134705 -0.000930841 0.000590803 -0.00202033 -0.00368833 -0.00240062 -0.00405343 -0.00220555 -0.00269766 -1.82178e-05 -0.00205677 -0.00146797 -0.00121207 -0.00228899 -0.00146042 -0.00105136 -0.00185174 -8.41054e-05 -0.0031819 -0.000435573 -0.00318291 -0.00213835 -0.000256014 -0.00192728 -0.000761357 -0.0021949 -0.00312323 -0.00159878 -0.00293929 -0.000457738 -0.00130629 0.000965995 -0.0010003 0.000282561 -0.000414061 -0.00167936 -0.00136162 -0.00116044 -0.00176213 
-0.00162336 -0.00219486 -0.000760178 -0.00385632 -0.00157635 2.58174e-05 0.000557522 -0.00187261 -0.00244613 -0.00246073 6.52424e-05 -0.00627184 0.00303351 -0.00686586 -0.00105688 -0.0105734 -0.0014451 -0.00749526 -0.0110096 -0.0102867 -0.00548046 -0.00817484 -0.00640897 -0.00590712 -0.00348126 -0.00157215 0.00254216 0.00423377 0.182839 0.00238175 0.00361654 0.00042487 0.000261315 -0.00230473 -0.00182976 -0.00172328 -0.00119482 -0.00206868 0.000195394 -0.000279368 -8.43801e-05 -0.00155547 -0.00268994 -0.00181855 -0.00233308 -0.00162453 -0.00198567 -0.00206342 -0.00364389 -0.00243519 -0.00215522 -0.00126485 -0.0028489 -0.00206083 -0.000564537 -0.000819448 -0.00195553 -0.00168616 -0.00199586 -0.00138941 -0.00299693 -4.68019e-05 -0.000445409 -0.00108491 -0.00184414 -0.00151355 -0.00118918 -0.00171463 -0.00159462 -0.00275441 -0.00127076 -0.00250085 0.000428452 -0.000435436 -0.000506801 0.000177212 -0.00173418 -0.00110911 -0.00191425 -0.00101518 -0.00189428 -0.00112841 0.00259785 -0.00180637 0.000430869 -0.00221927 -0.00162377 -0.00116321 -0.00226903 -0.00175753 7.40843e-05 -0.00158259 -0.00120635 -0.00365759 -0.00040211 -0.00181464 -0.00159018 -0.00240236 -0.000977668 -0.00152329 
-0.00248461 -0.00180403 -4.02268e-05 -0.00166834 -0.00157757 -0.00353621 -0.00177767 -0.00239712 -0.00365314 -0.00291957 -0.00217573 -0.00348744 -0.00183228 -0.00427176 -0.00264863 -0.00716778 -0.00453261 -0.00339771 -0.00265433 -0.00644343 -0.000868998 -0.00305751 -0.00582549 -0.000468021 -0.000292838 0.00106609 -0.00249571 0.00110327 0.00238175 0.17386 0.00361751 0.000837664 0.000847165 -0.000878565 -0.00341171 -0.000133361 -0.00140182 -0.00239483 -0.000958712 -0.00244881 -0.00146478 -0.00177646 -0.00128614 -0.00231965 -0.00203447 -0.00177953 -0.00153322 -0.000877127 -0.00289373 -0.00239804 -0.000264998 -0.00327174 -0.00102543 -0.0023769 -0.000696169 -0.00293731 -0.00234108 -0.000493683 -0.00155989 -0.00175797 -0.0018689 -0.000622947 -0.00202535 -0.000978618 -0.00179287 -0.000906218 -0.00212602 -0.000884903 -0.00316675 -0.00076865 -0.00153957 -0.00138981 -0.000383495 -0.00296495 -0.00137141 -0.000900549 -0.00245396 -0.000553642 -0.00231519 -0.00123749 -0.00133487 -0.0024706 -0.00202519 0.000373712 -0.00206278 -0.00085473 0.0011094 -0.00286125 -0.00154523 -0.00384578 -0.00267076 -0.00230571 -0.00093473 -0.00109484 -0.00289525 -0.00138523 -0.00159832 -0.00124587 -0.00137028 -0.00224898 
-0.00167097 -0.00164797 -0.00230761 -0.00276003 -0.00251474 -0.0019102 -0.00195661 -0.00050948 -0.00318133 -0.00540131 0.00012531 -0.00248382 0.000111375 -0.00549275 -0.00300653 -0.00338278 -0.00793422 0.00139039 0.00102766 -0.00265565 -0.00191659 -0.00694055 -0.00705619 0.00443252 -0.00406599 -0.00618752 0.00113679 -0.00482068 0.00361654 0.00361751 0.168299 -0.00289193 -0.00485971 -0.00150507 -0.00177318 -0.00174682 -0.0023833 -0.00197987 -0.00145211 -0.00187923 -0.000666637 -0.000609436 4.50281e-05 -0.00276564 -0.00113076 -0.0016532 -0.00105791 -0.0012034 -0.00128056 -0.00202388 -0.00101301 -0.00137292 -0.000203854 9.52605e-05 -0.00266688 -0.00131145 -0.00236967 -0.000459872 -0.00139277 -0.00159898 -0.00312925 -0.00227986 -0.0023067 -8.51631e-05 -0.00292388 -0.00218239 -0.00119147 -0.00060899 -0.00137857 -0.000686546 -0.00121742 -0.00366553 -0.00252067 -0.000874647 -0.00310015 -0.00187871 0.000198374 -0.00169321 -0.000717281 -0.000660961 -0.00110283 -0.00119933 -0.00081475 -0.000590539 -0.0023641 -0.00224032 -0.00057472 -0.00148018 -0.00119216 -0.00171882 -0.00229426 -0.00157645 -0.0022095 -0.00165089 -0.00145131 -0.000413154 -0.0013724 -0.00184379 -0.00127471 0.00142516 
-0.000184795 -0.00240034 -0.00105611 -0.000898114 -0.00167559 -0.00226385 -0.00295553 -0.000868269 -0.000593287 -0.00232597 -0.00460386 -0.000954989 -0.00454232 -0.00268871 -0.00233901 0.000207924 -0.00453878 -0.00518768 -0.00623526 -0.00241455 -0.00285163 -0.00608396 -0.00494821 -0.00397179 -0.0021897 -0.00446489 0.000162397 1.08364e-05 0.00042487 0.000837664 -0.00289193 0.139737 -0.00209391 0.000247852 0.000546549 -0.00220989 -0.00141438 -0.000482682 -0.00058057 0.000135329 -0.00149393 -0.000978695 -0.00105475 -0.000151454 0.000850221 -0.000610045 -0.00198536 -0.00211936 -0.0019402 -0.00103083 -0.000894393 -0.000370166 -0.00182886 -8.82685e-05 0.000348405 -0.00148275 -0.00183584 -0.00129579 -0.00156941 -0.000813048 -0.00163899 -5.7817e-05 -0.000429902 2.6784e-05 -0.00196315 -0.000556114 -0.00255472 -0.000963945 -0.00122392 -0.000447035 -0.000825838 -0.000487202 -0.000823463 -0.000513652 -0.00186503 -0.0010069 -0.00211524 -0.00221142 -0.00167186 -0.000545162 -0.00125249 -0.00111507 -0.00156223 -0.00123347 0.000180859 3.43705e-05 -0.00309288 -0.000133997 -0.0013672 -0.00142561 -0.000460919 0.000377035 -0.000402022 0.00013469 -0.00107025 -0.00143399 -0.00193059 -0.000831788 -0.000810916 0.000215973 
-0.000557499 -0.000964414 -0.00178718 -0.00115113 -0.000871914 -0.00141692 -0.0015712 -0.00320396 -0.00187608 0.00094137 -0.00108876 -0.00213866 -0.0022899 0.000342114 -0.00635874 -0.00517573 -0.0023882 -0.00402735 0.000296308 -0.00142425 -0.00405351 -0.00158698 -0.000333943 -0.00673037 -0.00312429 -0.00160983 -0.00125139 4.79372e-05 0.000261315 0.000847165 -0.00485971 -0.00209391 0.126827 -9.72478e-05 -0.000260738 -0.000665656 0.00017625 -0.000336843 -0.00143127 -3.28703e-05 -0.00132644 -9.83735e-05 -0.00163144 -0.001143 -0.00318732 -0.00110369 -0.00169759 -0.00151731 -0.0020385 -0.00108854 -0.000343547 -0.00121849 -0.000554522 -0.000437218 -0.00070824 -0.000444788 0.000400866 -0.00156297 -0.000920248 -0.00203063 -0.0018052 -0.000815805 5.28199e-05 -0.000455627 -0.000326299 -0.000174194 -0.00153293 -0.000169156 -0.00195286 -0.0010149 -0.000975678 -0.00123154 -0.00136811 -0.00067624 -0.00124832 -0.00135669 -0.00254001 -0.0015805 -0.00128793 -0.000450657 -0.00204781 -0.00067316 -0.00143616 -0.00164711 -0.000636794 -4.63881e-05 -0.000480957 -0.00105054 -0.00139951 -0.00067182 -0.00130992 -0.00216467 -0.000383019 -0.00124325 -0.000995906 0.00113914 -0.00135296 -0.000682516 -0.00161804 -0.000715617 
