0.0719202 -0.000472908 -0.000231082 0.000195014 -0.000971399 0.000229013 -0.0003462 -0.000356098 -0.000341049 -0.000979607 -0.000802784 0.000130749 -0.000451902 -0.000916256 -0.00261014 -0.00190407 -0.00337882 -0.00432774 -0.000914978 -0.00122657 -0.000285338 -0.00157414 -0.00249308 -0.00134484 -0.003246 -0.00161846 -0.00184696 -0.00071214 -0.00115188 -0.00164525 -0.00110573 -0.000184526 -0.00119611 -0.000348917 -0.00110178 -0.000574607 0.000394656 -0.000432167 -0.000630084 -0.000293791 -0.000509125 -0.00016682 -0.000239338 -0.000342227 -0.000651972 -0.000849335 -0.00103835 -0.00104713 -0.00114719 -0.000233065 -0.000409276 -0.00074407 -0.000863174 -0.000817332 -0.00086313 -0.00109526 -0.000578811 -0.000427987 -6.93911e-05 0.000473288 -0.000500807 -0.000532328 -0.00102982 -0.00102789 3.76595e-05 -0.0007712 -0.000226382 -0.000735191 -0.000549854 -0.000665243 -0.000105146 -0.000618609 -0.000179194 -0.000482666 -0.000390641 -0.000459039 -0.000308609 -0.000641578 -0.000992657 -0.000783159 -0.000367174 -0.000668163 -0.000765416 -0.000510139 -0.0001634 0.000325392 -0.000668546 9.31222e-05 -6.40313e-05 -0.00123891 0.000142684 -0.000139277 -0.000772361 -0.00142583 -0.000835852 -0.000226943 0.000151247 -0.000325462 -0.0010472 0.000236087 
-0.000472908 0.0971963 -0.000116301 -0.000146186 -0.00132865 -0.00110523 -0.000917503 -0.000191425 -0.0011182 -0.00136106 -0.00238737 -0.00221681 7.31714e-05 -0.000203178 -0.00251569 -0.000703883 -0.00118982 -0.00346601 -0.00373782 -7.94243e-05 0.00136702 -0.000752777 -0.00131693 -0.00216493 -0.00333118 -0.00349656 -0.00369675 -1.28963e-05 -0.00252652 -0.00304232 -0.00311525 -0.000705816 -0.00224657 -0.000633978 -0.000962252 -0.0014405 -0.00166639 -0.000650254 -0.000211579 -0.00123998 -0.000337193 -0.000833655 -0.00114044 -0.00124445 -0.00079036 -0.000499299 -0.000318047 -0.00054616 -0.00133905 -0.00096532 -0.00068443 -0.000952932 0.000441837 -0.00100606 -0.000113086 -0.00033183 -0.00116755 -0.000222149 -0.000479012 -0.000580608 -3.43847e-05 -0.000339123 -0.00112268 -0.000637335 -0.000657345 -0.00019764 -0.00108791 0.000132404 -0.000356987 -0.00183321 -0.00167443 -0.00115782 -0.00134905 -0.000473339 -0.000725471 -0.00129519 -0.000301653 -0.000925033 0.000528917 -0.000325483 -0.000182305 -0.00112036 -0.000319167 -0.00166799 -0.00111439 -0.000983091 -0.000388683 -0.00126353 -0.000217606 -0.00105042 -0.00142949 -0.000653756 -0.000550163 -0.000278784 -0.000726226 -0.000759823 -0.000957505 -0.00099052 -0.000980445 0.000411173 
-0.000231082 -0.000116301 0.0874452 -0.000482608 -0.000814834 -0.00011677 -0.000800514 -0.00134008 -0.000360814 0.000125326 -0.00157122 -0.00168686 -0.00135282 -0.00292753 -0.00282189 -0.000599221 -0.00347304 -0.0026389 0.000652263 -0.00366652 -0.00375228 -0.00366531 -0.0029112 -0.0019767 -0.00304058 -0.000792643 -0.00142404 -0.00231425 -0.000912419 -0.00174445 -0.00171296 -0.00197994 -0.000297283 -0.000944572 -0.0010436 -0.00086776 -0.00101868 -0.000269093 -0.000146635 -0.000541732 -0.000487442 -0.000814841 -0.000781712 -0.00153169 -0.00015251 -0.00075553 -0.00123661 -0.00109909 -0.000666401 -0.000955478 -1.42323e-06 -0.000375674 -0.000845971 -0.000633257 0.000453396 6.99806e-05 -0.000576687 -0.00037927 -0.000597305 -2.13884e-05 0.000326327 -0.000624553 -0.00172988 -0.00142609 -0.000886291 -0.000547152 -0.000962676 -0.000466753 -0.0012196 -0.000441523 -0.000575444 -0.00144201 -0.000922066 5.8046e-05 -0.000443595 -0.000950938 0.00036348 0.00034281 -0.00040302 -0.00070853 0.000139216 -0.000121306 -0.000447202 -0.000362388 0.000221058 -0.00050066 -0.000583819 -0.000555689 -0.000539014 -0.00102145 7.73745e-05 -0.000388783 -0.000380827 0.000275355 -0.000544738 -0.00044668 -0.00130834 -0.00127129 -0.000211008 0.000152922 
0.000195014 -0.000146186 -0.000482608 0.0933739 -0.000690576 -0.000203628 9.41817e-05 -0.000603933 -0.000326347 8.41319e-05 0.000630942 -0.0013906 -0.000467718 -0.00425959 -0.00241783 -0.00193538 -0.00192016 -0.00368729 -0.00155083 -0.0011552 -0.00311889 -0.00266758 -0.00410311 -0.00159724 -0.000935723 -0.00242316 -0.00112456 -0.00302522 0.000244168 -0.00399404 -0.00202472 0.000124672 -0.00186286 -0.00133226 -0.000775598 -0.000952885 -0.00155039 -0.000155686 -0.00102721 -0.000826702 -0.000943407 -0.000788694 -0.000924962 -0.000717183 -0.00052103 -0.00114208 -0.000473345 -0.000321337 -0.000383299 -0.00207484 -0.000567342 -0.000959904 0.000156125 0.000325164 -0.000443847 -0.00111084 -0.000832769 -0.000658405 -0.000594714 -0.00107159 -0.000972832 3.2279e-05 -0.00131529 -0.000936508 -0.000942863 -0.000575673 -0.00119029 -0.000948236 -0.000791265 -0.00140235 -0.000802334 -0.000900298 -0.000887368 -0.000335297 -0.000118365 -0.000122911 -0.000413908 -0.000403535 -0.00161928 -0.000582026 -0.000549181 0.000509148 -0.000492471 -0.00133898 -0.000426925 -0.000131889 -0.00153101 -0.000764837 -0.000992985 -9.41937e-05 -0.00103659 -3.21882e-05 -0.000309408 -0.00141362 -0.00115019 -0.000113192 -0.000476755 -0.000496819 -0.000104889 0.000212368 
-0.000971399 -0.00132865 -0.000814834 -0.000690576 0.0847607 -0.000508565 -0.00073424 -6.48569e-05 0.000450465 0.000107233 -0.00100634 -0.00015797 -0.00171727 -0.00313678 -3.92394e-05 -0.00227614 -0.00212005 -0.00397064 -0.00443106 -0.00317891 -0.00392638 0.000151877 -0.00380298 -0.000967068 -0.00283429 -0.000954703 -0.00196254 -0.0017782 -0.00178305 0.000509077 4.70147e-05 0.000841895 -0.00258815 -0.000281993 -0.00126555 -0.00134011 0.000184962 -0.000993265 -0.000759216 -0.000955697 -0.000714699 -0.00114449 4.09421e-05 -0.00107518 -0.00106662 -0.000241741 -0.0013303 -0.00104454 -0.00061602 -0.000441722 -0.000143067 -0.000218032 -0.000392615 -0.000952293 0.000189859 -0.00101926 -0.000116002 0.000289867 -0.000359194 0.000129392 -0.000714943 -0.000512219 -0.000256041 -0.000173785 -0.000809137 -0.000292454 -0.000788984 -0.000671338 -0.00115925 -0.000326198 -0.00187672 0.00040063 -0.00107787 -0.00098793 -0.00038254 -0.000698819 -0.000958656 0.000445707 -0.00129224 -0.000790122 -0.000990976 -0.00111897 0.000376761 -0.000104651 -0.00105406 -0.000707283 -0.00118258 -0.000439573 0.000177686 -0.000594639 3.07946e-05 0.000107301 -0.000734637 -0.00112273 -0.000916674 -0.000951943 -0.000405317 -0.000946847 -0.000263539 0.000277991 
0.000229013 -0.00110523 -0.00011677 -0.000203628 -0.000508565 0.0933205 -0.000679109 -0.000338642 -0.000596724 -0.000501913 -0.00120454 -0.000204017 -0.00230496 -0.00335727 -0.0031382 -0.00190199 -2.99949e-05 -0.00377346 -0.00481637 -0.00398261 -0.00182735 -0.00219608 -0.00139991 -0.00172217 -0.000460612 -0.0030348 -0.000789139 -0.00189814 -0.00099 -0.000202085 -0.000748889 -0.0025006 -0.000322049 -0.000598443 -0.00100971 -0.00137555 -0.00182745 -0.000466037 -0.0010049 -0.000271864 0.000110328 -0.000171292 -0.000774523 -0.000714632 -0.00084207 -0.00096022 -0.000769641 -0.000766572 -0.000699834 -0.000929296 -6.04531e-07 -0.000824311 -0.0015261 -0.000411607 -0.00113659 -0.000515449 -0.0014414 -0.000972931 -0.000364021 -0.00118262 -3.15541e-05 -0.000903396 0.00103756 -0.000607964 -0.0009393 -0.00174002 -0.000433102 -0.00110801 0.000583959 -0.000678071 -0.000580827 0.000262155 -0.000967847 -0.00088702 -0.0004861 -0.00112833 0.000427745 -0.000730594 -0.000382054 -0.00161436 -0.000385591 0.000103433 2.13667e-05 -0.00143325 -0.000485966 -0.000189138 -0.00114646 8.8549e-05 -0.00103229 -0.00137571 -0.000824338 -0.000407324 -0.000637653 -0.00141488 -0.000528933 -0.00069807 -0.000483908 -0.00161306 -0.000444384 -0.00145165 
-0.0003462 -0.000917503 -0.000800514 9.41817e-05 -0.00073424 -0.000679109 0.104317 -0.000629467 -0.00103974 -0.00175616 -0.000536666 -0.00144919 -0.0027188 -0.000809142 -0.0029339 -0.00147662 -0.000213163 -0.000264063 -0.00225039 -0.00151041 -0.00213355 -0.00615417 -0.00345373 0.00145145 -0.00151557 -0.00365869 -0.000249433 -0.000112848 -0.00217446 -0.00108799 -0.00175719 -0.00180876 -0.00197011 -0.00254753 0.000577171 -0.00146649 -0.00102029 -0.00174582 -0.000540967 -9.05181e-05 -0.000963521 -0.000890311 -0.000466622 -0.000877332 -0.000761361 -0.000364388 -0.00108869 -0.0018794 -0.00119976 -0.00119307 -0.000889563 -0.00220471 -0.000259846 -0.000326254 -0.000785004 0.000188904 -0.00126574 -0.000280073 -0.00109609 -0.000227545 -0.000556789 -0.00125535 -0.00115569 -0.00158664 -0.000892559 -0.000189253 -0.000773664 -0.000337814 -0.00148532 -0.00155203 -0.00161719 -0.001733 -0.000117056 -0.00155447 -0.00037289 4.56047e-05 2.44786e-05 -0.00114677 -0.000426236 -0.00127451 -0.00067583 -1.49325e-06 -0.00111442 -0.000518563 -0.00107249 -0.00156482 -0.000834335 -0.000947379 -0.000363869 -0.00177474 -0.000732098 -0.000378401 -0.00036045 -0.000181546 -0.00230527 -0.000373075 -0.00132639 -0.00144641 -0.000204849 -0.000922288 
-0.000356098 -0.000191425 -0.00134008 -0.000603933 -6.48569e-05 -0.000338642 -0.000629467 0.0970677 0.00065241 -0.00130845 0.00118861 -0.00198871 4.20862e-05 -0.00134156 -0.00465897 -0.00313251 -0.00258758 -0.00306395 -0.00173441 -0.00413894 -0.00385448 -0.00157778 -0.00337813 0.000514766 0.000250886 0.000798084 -0.00114289 -0.000640604 -0.00156184 -0.00033381 -0.00118169 -0.000837056 -0.00399701 -0.0021742 -0.00164794 -0.00108864 -0.00072708 -0.00180625 -0.000852935 -0.000447297 -0.000745444 -0.000129191 -0.000639456 -0.000605361 -0.000918263 -0.000616928 -0.000333022 -0.000654365 -0.00105157 -0.000773857 -0.000347293 -0.00110846 -0.00017784 -0.00143193 -0.00104588 -0.000892195 -0.000540125 -0.000467502 -0.00128376 -0.000610571 -0.00102141 -0.000624115 -0.000991049 -0.000391278 3.82613e-05 -0.0011799 -0.000803856 -0.000224909 -0.0011637 -0.00136808 0.000122605 -0.00131155 -0.00089624 -0.00105334 -0.000941884 -0.0014313 -0.000115728 -0.000576057 -0.000200434 -0.00106641 -0.00112202 -0.000453982 -0.00162314 -0.00118381 -0.000283078 -0.000331247 -0.000499102 -0.000859029 -0.00083319 -0.0008556 -0.00109068 -0.000866579 -0.000118146 -0.00127847 -0.00152157 -0.00128498 -0.000303783 -0.00048801 -0.0003314 -0.000884092 
-0.000341049 -0.0011182 -0.000360814 -0.000326347 0.000450465 -0.000596724 -0.00103974 0.00065241 0.119894 -0.00160383 -0.00138901 -0.000797275 -0.00165953 -0.0017052 -0.00316081 -0.00319883 -0.00453352 -0.00269907 0.000500949 0.00068143 -0.0030227 -0.00279261 -0.00568074 -0.00266521 -0.00641011 -0.00468605 -0.00292615 -0.00104428 -0.00535717 -0.00330576 -0.00200445 -0.00117231 -0.00108487 -0.000184025 -0.000834677 -0.00120731 -0.0012957 0.000901 -0.00123819 -0.00124368 5.55809e-06 -0.00102882 -0.00124688 -0.000552852 -0.00123378 -0.000786545 -0.00112694 -0.000818241 0.000243473 -0.000934714 -0.00138047 -0.00150291 -0.00112416 -0.00167391 -0.00129523 -0.00153926 6.74189e-05 -0.00110588 -0.000644435 -0.00102913 -0.000988437 -5.32736e-05 -0.00159167 -0.00121002 -0.000268808 -0.00122113 -0.000863403 -0.00042114 -0.00138243 -0.00165158 0.000546443 -0.000618712 -0.000861681 -9.27407e-05 -3.21078e-05 -0.000947926 -0.00110945 0.00033274 -0.00168449 -0.00120473 -0.000497547 0.000833067 -0.00138629 0.000584142 0.0006313 -0.00179881 -0.000989029 -0.000279281 -0.000686731 -0.00151206 -0.000362184 -0.000640986 -0.00058945 -0.00210357 -0.000531485 -0.000384273 -0.00233681 -0.000739811 -0.00115891 -0.00241316 
-0.000979607 -0.00136106 0.000125326 8.41319e-05 0.000107233 -0.000501913 -0.00175616 -0.00130845 -0.00160383 0.131425 -0.00132509 -0.000706655 -0.000265255 -0.00203231 -0.00230698 -0.00735654 -0.000752073 0.000927532 5.0082e-05 -0.00334989 -0.00877005 -0.00467464 -0.00420506 -0.00593332 -0.00464255 -0.00564668 -0.00364777 -0.00224221 -0.00278232 -0.00349951 -0.00134524 -0.000633149 -0.000713379 -0.002865 -0.000568867 -0.000698763 -0.000482621 -0.000478061 -0.000573902 -0.00115631 4.63888e-05 0.000550573 -0.0013431 -0.0015745 -0.00128256 -0.000814372 -6.47525e-05 -0.0011271 -7.60478e-05 -0.000301532 -0.000727601 -0.000484903 -0.000881119 -0.00136683 -0.000319268 -0.000740063 -0.00200752 -0.00211965 -0.00171413 -0.000785238 0.000657723 -0.00137602 -0.00146052 -0.000925355 -0.000926837 -0.000834003 -0.000235415 -0.0023295 -0.00102891 -0.00103277 -0.00322 -0.00163491 -0.000166042 -0.000306898 -0.000375237 -0.000448607 -0.00095787 -0.000839046 -0.00111166 0.000298154 -0.00108749 5.80887e-05 -0.000391278 -0.00238095 -0.00109918 1.142e-05 -0.000792207 1.1988e-05 -0.000547811 -0.000952187 -0.000734234 1.07896e-06 -0.000823861 -0.00201783 -0.00127396 -0.00100959 -0.000986791 -8.56029e-05 -0.00029398 -0.00177245 
-0.000802784 -0.00238737 -0.00157122 0.000630942 -0.00100634 -0.00120454 -0.000536666 0.00118861 -0.00138901 -0.00132509 0.155436 0.00166133 0.000108304 -0.0033447 -0.00314191 -0.00624924 -0.00263883 -0.000728528 0.00469484 -0.00251835 -0.00326452 -0.00393021 -0.0035294 -0.00599463 -0.00662025 -0.00168973 -0.00172231 -0.00370437 -0.00372619 -0.00211488 -0.00229747 -0.0021922 -0.00315906 -0.00259614 -0.00085849 -0.000865258 -0.00318834 -0.00318614 -0.00076276 -0.00228286 -0.00183721 -0.000955096 -0.000537026 -0.0018846 0.000754173 -0.00131792 -0.000887171 -0.00195126 -0.000808966 0.00042867 -0.00176739 -0.00207856 -0.000882518 -0.00222197 -0.00175035 -0.00113832 -0.000490656 -0.000354153 -0.000729434 -0.00157168 -0.00038541 -0.0011557 -0.00167354 -0.00167978 -0.000282484 -0.00266581 -0.000925924 5.13773e-05 -0.00192877 0.00101143 -0.000950724 -0.000868623 -0.000346612 -0.0025672 -0.0011702 -0.00108604 -0.00204487 -0.00151503 -0.0019302 -0.00182599 -0.00230621 -0.00215163 -0.00213437 -0.000958036 -0.00105049 -0.00201471 -0.00100886 -0.00160372 -0.000121271 -0.00147496 -0.00116278 -0.00123685 -0.00192925 -0.000814613 -0.00274781 -0.00157931 -0.00133783 -0.00193962 -0.000867365 -0.0028287 
0.000130749 -0.00221681 -0.00168686 -0.0013906 -0.00015797 -0.000204017 -0.00144919 -0.00198871 -0.000797275 -0.000706655 0.00166133 0.168291 -0.00187113 -0.00129573 0.000432253 0.00358439 -0.00135071 -0.00267827 -0.00442019 -0.00711778 -0.00935325 -0.0026215 -0.00115787 0.00378321 -0.00371216 -0.00754863 -0.00404426 -0.00681962 -0.00262734 -0.0019812 -0.00316434 -0.00131524 -0.0047276 -0.000501874 -0.00131127 -0.00278023 0.000120549 -0.00168459 -0.00253382 -0.000221571 -0.000650992 -0.00212922 -0.00219356 -0.00188091 -0.00179664 -0.000857456 0.000762767 -0.0029259 -0.0021853 -0.0010709 -0.000674317 -0.00204791 -0.000565664 -0.000525853 -0.000844416 -9.05147e-05 -0.00107359 -0.000995773 -0.00158868 -0.00214922 -0.00222467 -0.0014491 -0.00286259 -8.82176e-06 -0.000212418 -0.00216346 -0.00140267 -0.00211258 0.000224286 -0.00141453 -0.0026955 -0.000735853 -0.000406681 -0.00191891 -0.00171993 -0.0023012 -0.00188962 -0.00254341 -0.00264165 -0.00220051 -0.000357319 -0.00170732 -0.000829225 -0.00246194 -0.000810826 -0.00171474 -0.00193171 -0.00183799 -0.000975961 -0.00106443 -0.0013699 -0.00136529 -0.00165035 -0.00203743 -0.00181165 -0.00136917 -0.00225971 -0.00197816 -0.00303419 -0.00183427 
-0.000451902 7.31714e-05 -0.00135282 -0.000467718 -0.00171727 -0.00230496 -0.0027188 4.20862e-05 -0.00165953 -0.000265255 0.000108304 -0.00187113 0.174362 -0.00408692 -0.00261151 0.000369782 -0.0026209 -0.012635 -0.00510204 0.00151851 -0.00400698 -0.000541137 -0.0100003 -0.00287296 -0.0052144 -0.00722673 -0.00342518 -0.00315674 -0.00220234 -0.00650498 -0.00242121 -0.00150392 -0.000849483 -0.0018038 0.000461804 -0.00277043 -0.000353934 -0.00290637 -0.00249817 -0.00157131 -0.00138382 -0.000699859 0.000102655 -0.00154691 -0.000360741 -0.00193165 -0.00226059 -0.00159132 -0.000912824 0.00037233 -0.000920023 -0.000677001 -0.00278095 -0.00357839 -0.00212788 -2.60866e-05 -0.00126302 -0.000650059 -0.00192866 -0.00136502 -0.00146858 0.001168 -0.0016129 8.82145e-05 -0.00193488 -0.000664871 -0.00190377 -0.00162225 -0.000818302 -0.00262462 -0.000731536 -0.00180231 -0.0036389 -0.00122907 -0.000351716 -0.00144788 -0.00211041 -0.00135073 -0.000778552 -0.00214134 -0.00129322 -0.00305081 -0.00168672 -0.000180814 -3.16377e-05 -0.00085257 -0.000336462 -0.00189167 -0.00198725 -0.000868541 -0.000658062 -6.35603e-05 -0.00154752 0.000544464 -0.00205438 -0.00274513 -0.000281334 -0.00143344 0.000777346 -0.00309245 
-0.000916256 -0.000203178 -0.00292753 -0.00425959 -0.00313678 -0.00335727 -0.000809142 -0.00134156 -0.0017052 -0.00203231 -0.0033447 -0.00129573 -0.00408692 0.228889 -0.00706906 -0.00360395 -0.00707511 -0.00146046 0.00832447 0.000362425 -0.00501568 -0.00526748 0.00163244 -0.00127097 -0.00857053 -0.00299357 -0.00191425 -0.00701184 -0.0035307 -0.00677614 -0.00522147 -0.00210019 -0.00585846 -0.0026266 -0.0028329 -0.00215801 -0.00043054 -0.00130057 -0.000166127 -0.000781324 -0.00111305 -0.00100938 -0.00158104 -0.000780625 -0.00560798 -0.00187223 -0.00305992 -0.00113425 -0.00588981 -0.00195247 -0.000618139 -0.000244184 -0.000636135 -0.000593433 -0.00368678 -0.00175381 -0.00226449 -0.00383355 -0.00480774 -0.00184701 -0.00141247 -0.00352996 -0.00121164 0.00089418 -0.001676 -0.00171287 -0.000787593 -0.00239431 -0.00242871 -5.32369e-05 -0.00425195 -0.00314454 0.000137949 -0.00257075 -0.00154512 -0.00179755 -0.00309711 -0.00219227 -0.00170494 -0.00104298 -0.00242003 -0.000984507 -0.00200128 -0.0010522 -0.00117736 -0.00270748 -0.00331569 -0.0046405 -0.00199022 -0.00431852 -0.00148239 -5.53647e-05 0.000260077 -0.00171017 -0.00164208 -0.00340348 -0.00387033 -0.00444676 -0.00261135 -0.00137914 
-0.00261014 -0.00251569 -0.00282189 -0.00241783 -3.92394e-05 -0.0031382 -0.0029339 -0.00465897 -0.00316081 -0.00230698 -0.00314191 0.000432253 -0.00261151 -0.00706906 0.223728 0.00163484 -0.0101847 -0.00567519 -0.00772386 -0.00217885 -0.00290686 -0.00794087 -0.00287068 -0.0136729 -0.00690947 -0.00646724 -0.00493114 -0.00498817 0.000245731 -0.00255745 -0.00649757 -0.00119154 -0.0022845 -0.00165859 -0.00267681 -0.00325253 -0.0035152 -0.00205513 -0.00235582 0.00116842 -0.00322369 -0.000406501 -0.000359305 -0.0017011 -0.0014462 -0.00204383 -0.00397673 -0.00130561 -0.00161688 -0.00158109 -0.000875101 -0.00136746 -0.000930248 -0.00178854 -0.00164423 -0.00271099 -0.0022076 -0.00130043 -0.000303751 -0.0020232 -0.00262563 -0.00320037 -0.00171702 -0.00355295 -0.000520572 -0.0031966 0.00131995 -0.00266654 0.000316197 -0.000769774 2.66504e-05 -0.00233583 -0.00023981 0.000697099 0.00042128 0.000864335 -0.00164802 -0.00228451 -0.000329633 0.00131171 -0.00158412 0.000459561 -0.00131359 -0.00109627 -0.00194398 -0.00245025 -0.0020081 -0.00146955 -0.00121546 -0.000141658 4.31139e-05 -0.000153824 -0.00262587 -0.00200574 -0.00396362 -0.000849997 -0.00319841 -0.000224406 -0.0030579 -0.00154515 
-0.00190407 -0.000703883 -0.000599221 -0.00193538 -0.00227614 -0.00190199 -0.00147662 -0.00313251 -0.00319883 -0.00735654 -0.00624924 0.00358439 0.000369782 -0.00360395 0.00163484 0.238529 -0.00666888 -0.00592228 -0.00348591 -0.00625458 -0.00658607 -0.00917021 -0.00439531 -0.00608953 -0.00378059 0.000140078 -0.00122132 -0.0113195 -0.00651102 -0.00236195 -0.00402717 -0.00251769 -0.0016468 -0.00151355 -0.00268961 -0.00260508 0.00132509 -0.00483958 -0.0018451 -0.0019753 -0.00235099 -0.000762391 -0.0027705 -0.000832103 -0.00124046 -0.00149782 -0.00162572 -0.000841175 -0.00173535 -0.00141703 -0.000803507 -0.000107598 -0.00247731 -0.000927414 -0.0029378 -0.00240643 -0.00116319 -0.00325133 -0.00264179 -0.00183861 -0.00333719 -0.00246664 0.000396416 -0.0023654 -0.00368064 -0.0013951 -0.00265884 -0.00166002 -0.00338409 -0.00245854 -0.00107588 -0.000858632 -0.00195533 -0.000791469 -0.00196576 -0.00222139 -0.0023574 -0.00120688 -0.00100573 -0.00171706 -0.00120804 -3.63563e-05 -0.00384528 -0.00170463 -0.00322722 -0.0034657 -0.000784351 -0.00314979 -0.00163831 0.000113044 0.00017382 -0.00222642 -0.00278069 -0.000310576 -0.0028331 -0.00380731 -0.00142322 -0.00308667 -0.00449079 -0.00229189 
-0.00337882 -0.00118982 -0.00347304 -0.00192016 -0.00212005 -2.99949e-05 -0.000213163 -0.00258758 -0.00453352 -0.000752073 -0.00263883 -0.00135071 -0.0026209 -0.00707511 -0.0101847 -0.00666888 0.241712 0.00127171 -0.00956967 -0.00164092 -0.00950847 -2.49064e-05 5.49534e-05 -0.00319493 -0.00404038 -0.00642162 -0.00262826 -0.00366183 -0.00728823 -0.0107514 0.00201569 -0.00435108 -0.00603526 -0.00222544 -0.00195207 -0.000377011 -0.00414666 -0.00260827 -0.000529218 -0.00166174 -0.00258209 -0.00079591 -0.00153666 -0.00350748 -0.00338545 -0.00265386 -0.00156719 -0.00125499 -4.42532e-05 -0.00255728 -0.00295228 -0.00399346 -0.00408549 -0.00224 -0.00160188 -0.00121749 -0.00454561 -0.000322945 0.00150484 -0.00164615 -0.00217 0.000252752 -0.00372357 -0.000229886 -0.00254383 -0.00159126 -0.00172591 -0.00167028 -0.0008724 -0.00147538 -0.00229381 -0.00206484 -0.00339097 -0.00355484 -0.00290015 -0.00108744 -0.00297332 -0.0031117 0.000619506 -0.00134604 -0.00186035 -0.00343232 -0.000478407 -0.00263153 -0.00241242 -0.00128743 -0.00136753 -0.00159213 -0.000750821 -0.000503172 -0.00103626 -0.00175872 -0.00174533 -0.00266028 -0.00203969 -0.00137055 -0.000860419 -0.00012656 -0.00176831 -0.003178 
-0.00432774 -0.00346601 -0.0026389 -0.00368729 -0.00397064 -0.00377346 -0.000264063 -0.00306395 -0.00269907 0.000927532 -0.000728528 -0.00267827 -0.012635 -0.00146046 -0.00567519 -0.00592228 0.00127171 0.249243 0.00331704 -0.00198227 -0.00124652 -0.0103475 -0.000684078 -0.0142832 -0.0105421 -0.00857523 -0.00764113 -0.00709064 -0.00379492 -0.00497455 -0.00313925 0.000614486 -0.00405689 -0.00540578 -0.00422505 -0.00245774 9.40065e-05 -0.000138428 -0.00130748 -0.00461127 -0.000106848 -0.000794562 -0.00383736 0.0001513 -0.00150317 8.54562e-06 -0.000962332 -0.00201269 -0.00203153 -0.000496756 3.37121e-05 -0.00342832 -0.00185575 -0.000928672 -0.00187094 -0.0043692 -0.000714583 -0.00337036 -0.00187669 -0.00245608 -0.00425071 -0.00111777 -0.00438539 -0.00131657 -0.00264439 -0.001051 -0.00260488 -0.000622262 -0.00231746 -0.000898321 -0.000742305 -0.000196631 -0.00161674 -0.00342759 -0.00118924 -0.00298913 -0.00160059 -0.00366838 -0.00201598 -0.00278217 0.000199128 -0.00333873 -0.00121845 -0.00324944 -0.00465055 0.00109329 -0.00303535 -0.00396389 -0.000781073 -1.02917e-05 -0.00187755 -0.00154861 -0.000810375 0.00230196 -0.000287277 -0.000803396 -0.00073338 -0.00333821 -0.00216866 0.000108025 
-0.000914978 -0.00373782 0.000652263 -0.00155083 -0.00443106 -0.00481637 -0.00225039 -0.00173441 0.000500949 5.0082e-05 0.00469484 -0.00442019 -0.00510204 0.00832447 -0.00772386 -0.00348591 -0.00956967 0.00331704 0.249491 -0.00297803 -0.0104766 -0.00491647 -0.00614824 -0.0125563 -0.0101697 -0.00252925 -0.0105444 -0.00748126 -0.00820131 -0.00408635 0.00117536 -0.00287737 -0.00561684 -0.00289458 -0.000979876 -0.000590497 -0.00434978 -0.00267563 -0.000799362 -0.00309242 -0.000561471 -0.00329955 -0.00288011 -0.00134556 3.34099e-05 -0.00240525 -0.0024994 -0.00242059 -0.00400093 -0.00191801 -0.00181704 -0.00299835 -0.00262498 -0.000515825 -0.00250916 0.0012267 -0.000172683 0.000854409 -0.00352108 0.00108336 0.000423907 -0.00352119 -0.000624166 -0.00254169 -0.00117312 -0.00171802 -0.00432621 -0.000807773 -0.00277078 0.000572465 -0.00137204 -0.0032602 -0.00217433 -0.00220298 0.00069808 -0.00237989 -0.00108694 -0.00137625 -0.00164787 -1.90442e-05 -0.00528521 -0.00509069 -0.0053039 -0.00181988 0.000965883 -0.0032392 -0.00278332 -0.00346888 -0.000853106 -0.00196869 -0.00330748 -0.00159711 -0.000114411 -0.00329149 0.000609465 -0.00387176 -0.00230612 -0.000893451 -0.00341937 -0.00386502 
-0.00122657 -7.94243e-05 -0.00366652 -0.0011552 -0.00317891 -0.00398261 -0.00151041 -0.00413894 0.00068143 -0.00334989 -0.00251835 -0.00711778 0.00151851 0.000362425 -0.00217885 -0.00625458 -0.00164092 -0.00198227 -0.00297803 0.249952 -0.00750605 -0.00252711 -0.00626634 -0.00764491 -0.00821672 -0.00643296 -0.0130576 0.00446185 -0.00361922 -0.00341697 -0.00659652 0.000682909 -0.0039034 -0.000153858 -0.000895315 -0.000460209 -0.000785873 -0.0022525 -0.00352998 -0.00241796 -0.00275536 -0.00302622 -0.00245789 -0.00399604 -0.000182747 -0.00132679 -0.00285254 -0.00153342 -0.00444812 -0.00251894 -0.000872861 -0.00162723 -0.00189673 -0.00428101 -0.00129369 -0.00391883 -0.0022564 -0.00426124 -0.00208986 -0.00272339 -0.00130055 -0.00284962 -0.000248571 -0.000290421 -0.002644 -0.00374175 -0.00327665 -0.000774049 -0.0019012 -0.00170142 -0.00194223 -0.0022103 -0.00137805 -0.00119809 -0.00224718 -0.00295188 -0.00556058 -0.000951825 -0.00184384 -0.00152234 -0.00308266 -0.00249328 -0.00150745 -0.00252395 -0.00329146 -0.00129359 -0.00302987 -0.000607312 -0.00160549 -0.00315625 -0.0017305 -0.000938231 -0.00503053 -0.000685998 -0.00166485 -0.000827815 -0.00251147 -0.00211524 -0.00139809 -0.000668366 
-0.000285338 0.00136702 -0.00375228 -0.00311889 -0.00392638 -0.00182735 -0.00213355 -0.00385448 -0.0030227 -0.00877005 -0.00326452 -0.00935325 -0.00400698 -0.00501568 -0.00290686 -0.00658607 -0.00950847 -0.00124652 -0.0104766 -0.00750605 0.249254 -0.00134112 -0.0114485 -0.00457746 -0.000982906 0.00375399 -0.00327492 -0.00406359 -0.000300486 -0.00573017 -0.0013689 -0.00636626 -0.00291537 -0.00412805 -0.00182136 -0.00263837 -0.00359247 0.000308313 -0.00336014 -0.00290021 -0.00199862 -0.00261421 0.000927466 -0.000373376 -0.00129037 -0.00283962 -0.00134984 -6.8292e-05 7.88695e-05 -0.00288216 -0.00293899 -0.000569659 -0.00204783 -0.00108551 -0.000949181 -6.07015e-05 -0.000874246 -0.00146778 -0.00184636 -0.00106836 -0.00274666 -0.0017818 -0.00264607 -0.00221307 -0.00148886 -0.00214592 -0.00270493 -0.002293 0.000191554 -0.00351073 -0.000328104 -0.00295485 0.000757775 -0.00374771 -0.00167266 -0.00164583 -0.00119676 0.000224807 -0.00157131 -0.00134794 0.000511604 -0.00170497 -0.0015246 -0.00251967 -0.00342249 -0.00291924 -0.00310687 -0.000958194 -0.00356804 -0.000437898 -0.000683898 -0.00307281 -0.00273483 -0.00285776 -0.00233369 -0.0014524 -0.00228605 -0.00302401 -0.00226439 -0.00281041 
-0.00157414 -0.000752777 -0.00366531 -0.00266758 0.000151877 -0.00219608 -0.00615417 -0.00157778 -0.00279261 -0.00467464 -0.00393021 -0.0026215 -0.000541137 -0.00526748 -0.00794087 -0.00917021 -2.49064e-05 -0.0103475 -0.00491647 -0.00252711 -0.00134112 0.249221 -0.00532485 0.00467986 -0.00431727 -0.00273351 -0.0141583 -0.00411962 -0.00531669 -0.00612553 -0.00207952 -0.00562642 -0.00596836 -0.00301334 -0.00417859 -0.00243024 -0.00196204 -0.000250138 -0.00222325 -0.00293299 -0.00165505 -0.00224902 -0.00149127 -0.00303272 -0.0014407 -0.000701459 -0.000908013 -0.00184276 -0.0030945 -0.00220029 -0.00172206 -0.00239605 -0.00392046 -0.00309964 -0.00354361 -0.00117049 -0.000346465 -0.00269128 -0.00271953 -0.000154536 -0.00255027 -0.001111 -0.00193229 0.00179417 -0.000515599 -0.00353995 -0.00203202 -0.000199531 -0.00133457 -0.00094141 -0.00208527 0.000744623 -0.00310208 -0.00282 -0.00105075 -0.000234438 -0.00370922 -0.00195379 -0.00382096 -0.000269514 -0.00239006 -0.000687025 -0.00241624 0.000374383 -0.00223402 -0.0054203 -0.000334071 -0.000628212 -0.000854334 -0.00158729 -0.00320056 -0.0022281 -0.000510512 -0.00314924 -0.00264733 -0.000298421 -0.00105336 -0.00302841 -0.000157215 -0.00311424 
-0.00249308 -0.00131693 -0.0029112 -0.00410311 -0.00380298 -0.00139991 -0.00345373 -0.00337813 -0.00568074 -0.00420506 -0.0035294 -0.00115787 -0.0100003 0.00163244 -0.00287068 -0.00439531 5.49534e-05 -0.000684078 -0.00614824 -0.00626634 -0.0114485 -0.00532485 0.249239 -0.00803621 -0.00793841 -0.00112569 0.000110654 -0.00120163 0.000154389 -0.0021372 -0.000972446 -0.00750491 -0.000349914 -0.00203304 -0.00269855 -0.00325069 0.000125682 -0.00559147 -0.000102501 -0.00228578 -0.000767992 0.000222759 -0.00324951 -0.00161981 -0.0018769 -0.0032227 -0.00312432 -0.0026219 -0.0033563 -0.00230525 -0.00209388 -0.00317322 -0.00212698 -0.00203899 -0.00276485 -0.00374909 -0.00159108 -0.00198805 -0.00370825 -0.00219811 -0.000977531 -0.00157431 0.00152183 -0.00359448 -0.00141328 -0.00218434 -0.00152241 -0.000272219 0.000310993 0.0013362 -0.00220608 -0.00111211 -0.00157759 0.00169388 -0.00193637 -0.0013905 -0.000741877 -0.00319475 0.000107391 -0.00310352 -0.00405811 -0.00332927 -0.00285384 -0.0029444 -0.00118212 -0.00200505 -0.00161642 -0.00442875 -0.00157492 -0.00174587 -0.00356831 -0.0049257 -0.000972974 -0.00317528 -0.000703264 -0.00434593 -0.00371814 0.000965787 -0.00324453 -0.00290545 
-0.00134484 -0.00216493 -0.0019767 -0.00159724 -0.000967068 -0.00172217 0.00145145 0.000514766 -0.00266521 -0.00593332 -0.00599463 0.00378321 -0.00287296 -0.00127097 -0.0136729 -0.00608953 -0.00319493 -0.0142832 -0.0125563 -0.00764491 -0.00457746 0.00467986 -0.00803621 0.238771 0.000102935 0.00231443 -0.00366833 -0.00777609 -0.00927976 -0.0028435 -0.00200051 -0.00401517 0.00236311 -0.000696282 -0.00270024 0.000158962 -0.00271922 -0.00181467 -0.00268413 -0.00335483 -0.00222591 -0.00165741 -0.00263674 -0.000768218 -0.00399365 -0.00159234 -0.00298848 -0.00220388 -0.00342501 0.000782523 -0.00194892 -0.00273347 -0.0013724 -0.00196852 -0.00125658 -0.00150623 -0.00208204 -0.000303225 -0.00214084 -0.00185647 -0.00347491 0.00139521 -0.000178466 -0.00196163 -0.00117674 -0.00108297 -0.000989409 -0.0032189 -0.003166 -0.00409746 -0.00398054 0.000711448 -0.00094251 -0.00284222 -0.00176039 -0.00151412 -0.00100139 -6.61279e-06 -0.00464158 -0.00374446 -0.00237402 -0.00328088 -0.00260724 -0.00107111 -0.00212625 -0.00152194 -0.00107823 -0.000366686 -0.00235526 -0.00510717 -0.00172947 -0.00046207 -0.000579089 -0.0010578 -0.00244774 0.000585199 -0.00243833 -0.00280215 -0.00209909 -0.00155117 
-0.003246 -0.00333118 -0.00304058 -0.000935723 -0.00283429 -0.000460612 -0.00151557 0.000250886 -0.00641011 -0.00464255 -0.00662025 -0.00371216 -0.0052144 -0.00857053 -0.00690947 -0.00378059 -0.00404038 -0.0105421 -0.0101697 -0.00821672 -0.000982906 -0.00431727 -0.00793841 0.000102935 0.233552 -0.00820221 0.00148711 -0.00247815 -0.00613765 0.00145399 -0.00882625 -0.00358436 -0.00285019 -0.00213915 -0.0026917 -0.00140698 -0.00648591 -0.0011156 -0.000628834 -0.0019911 -0.00132191 -0.00219217 0.000259865 -0.00322951 -0.00200062 0.000181459 0.000740732 -0.000928056 -0.00210112 -0.00288426 -0.00205232 0.00115324 -0.00162994 -0.00445844 -0.000932031 -0.00182383 -0.00262721 -8.37852e-05 -0.0022854 -0.000888132 -0.00258161 0.000876389 0.000891884 -0.00225784 -0.00154681 0.000122644 -0.00395887 -0.00187577 -0.00297965 -0.00419409 -0.000302328 -0.000593516 -0.00219035 0.00150968 -0.00221009 -0.000325292 -0.000919007 -0.00231462 -0.00163725 -0.00130334 -0.00258727 0.000185523 0.0025331 -0.00165997 -0.0013429 0.000522625 -0.00223384 -0.00221198 -0.00221388 -0.00292802 -0.00351178 -0.00108652 0.000614316 -0.00477684 5.29456e-05 -6.9067e-05 -0.00126312 0.000768551 -0.00364349 0.000867707 
-0.00161846 -0.00349656 -0.000792643 -0.00242316 -0.000954703 -0.0030348 -0.00365869 0.000798084 -0.00468605 -0.00564668 -0.00168973 -0.00754863 -0.00722673 -0.00299357 -0.00646724 0.000140078 -0.00642162 -0.00857523 -0.00252925 -0.00643296 0.00375399 -0.00273351 -0.00112569 0.00231443 -0.00820221 0.239251 -0.00321315 -0.00311746 -0.0061904 -0.0016774 -0.000630906 -0.00395641 -0.00145734 -0.00360034 -0.000442628 -0.00222252 -0.00262878 -0.0027294 -0.00065071 -0.00113189 -0.00248269 -0.00391925 -0.00186432 -0.00675982 -0.00450508 -0.00475572 0.000369704 0.000182822 -0.000681899 -0.0011721 -0.00419151 -0.0018525 -0.00347781 -0.0019709 -0.00201646 -8.83411e-05 -0.00164292 -0.00273193 -0.00107096 -0.00223522 -0.00226632 0.00112739 -0.00533698 -0.00307567 -0.00193277 -0.00211185 0.000302204 -0.00233645 0.000224067 -0.00261672 -0.00217519 -0.00209263 -0.00216247 -0.00109357 -0.00275142 -0.00223671 -0.00175174 -0.000557696 -0.000563597 -0.0036028 -0.00231344 -0.00159813 -0.00151227 -0.00180776 -0.00252995 -0.00230724 -0.00131611 -0.000265116 -0.00175727 -0.00301899 -0.000564879 -0.00161884 -0.00314905 -0.00164136 -0.00255713 -0.00406666 -0.00186925 -0.00288862 -0.00149001 -0.00219987 
-0.00184696 -0.00369675 -0.00142404 -0.00112456 -0.00196254 -0.000789139 -0.000249433 -0.00114289 -0.00292615 -0.00364777 -0.00172231 -0.00404426 -0.00342518 -0.00191425 -0.00493114 -0.00122132 -0.00262826 -0.00764113 -0.0105444 -0.0130576 -0.00327492 -0.0141583 0.000110654 -0.00366833 0.00148711 -0.00321315 0.216657 -0.00328588 -0.00142676 -0.00182752 -0.0043544 0.00113558 0.00212174 -0.00391786 -0.0024352 -0.0010063 -0.00358277 0.000311362 -0.00415964 -0.00079378 -0.0021569 -0.00308739 -0.000402532 -0.00150262 -0.00214289 -0.00275716 -0.00241668 -0.00167568 -0.000132199 -0.00226436 -0.00178546 -0.000361853 -0.00279026 0.00100447 0.000959483 0.000583103 -0.00279862 -0.000515117 -0.00161696 0.000135454 0.000335623 -0.00195468 -0.00159642 -0.00220057 -0.00102304 -0.00131197 -0.0034991 -0.00108527 -0.00180663 -0.00235672 -0.00265219 -0.000976631 -0.00233681 -0.00322599 -0.00266804 -0.00349968 -0.000480875 -0.00277191 -0.0019026 -0.0025469 -0.00111161 -0.00334204 -0.00135721 -0.00278241 -0.00136847 -0.00291309 -0.00174307 -0.00252988 -0.00150625 -0.00242105 -0.00396529 -0.00124522 -0.00112846 -0.00150807 -0.00206791 -0.0013956 -0.000873688 -0.000977603 -0.00212303 0.000866345 
-0.00071214 -1.28963e-05 -0.00231425 -0.00302522 -0.0017782 -0.00189814 -0.000112848 -0.000640604 -0.00104428 -0.00224221 -0.00370437 -0.00681962 -0.00315674 -0.00701184 -0.00498817 -0.0113195 -0.00366183 -0.00709064 -0.00748126 0.00446185 -0.00406359 -0.00411962 -0.00120163 -0.00777609 -0.00247815 -0.00311746 -0.00328588 0.201772 -0.00106841 0.00125062 -0.00507542 0.000888939 0.00426817 -0.00284529 -0.00103697 -0.000341627 -0.000635045 -0.000167938 -0.00195157 -0.00183486 -0.00289338 -0.00168661 -0.00106023 0.000397005 -0.000814593 -0.00177307 -0.00191518 -0.00213734 0.000643386 -0.00424205 9.01168e-05 -0.00183717 -0.00200382 -0.00276976 -0.00292228 -0.00150828 -0.00244464 -0.00163424 0.000280003 -0.00311002 0.000290773 -0.00335198 -0.00186718 -0.00196457 -0.00149566 -0.000712301 -0.00230955 -0.00229747 -0.0014416 -0.00279523 -0.000938959 -0.00375442 -0.00253049 -0.000670731 -0.00375095 -0.00328721 -0.00101821 -0.00255779 -0.00137616 -0.00177099 -0.00284978 -0.0026454 -0.00100762 -5.02553e-05 -0.00143496 0.000244714 -0.000936119 0.00135695 -0.00216412 -0.00455382 -0.000457841 -0.00103221 -0.000754524 -0.00300062 -0.00281006 -0.00205423 -0.00142329 -0.000730694 -0.00182031 -0.00156068 
-0.00115188 -0.00252652 -0.000912419 0.000244168 -0.00178305 -0.00099 -0.00217446 -0.00156184 -0.00535717 -0.00278232 -0.00372619 -0.00262734 -0.00220234 -0.0035307 0.000245731 -0.00651102 -0.00728823 -0.00379492 -0.00820131 -0.00361922 -0.000300486 -0.00531669 0.000154389 -0.00927976 -0.00613765 -0.0061904 -0.00142676 -0.00106841 0.188279 0.00237435 -0.00290463 -0.000758148 0.000235744 -0.00215649 -0.00156332 -0.000676523 -0.00292788 0.000494886 -0.00130502 -9.23463e-05 -0.0022293 -0.00283836 -0.000829557 -0.00109164 -0.00235284 -0.000764024 -0.0018107 -0.00167701 -0.00236904 -0.00133412 -0.000542256 -0.000164326 -0.00257687 -0.000195424 0.000171775 -0.00287021 0.000649998 -0.0014751 -0.00294194 -0.00223779 -0.00339494 -0.00266923 -0.00271496 0.000732902 -0.000289982 -0.00164232 -0.000568941 -0.000435384 -0.00110018 -0.00215477 -0.00336471 -0.00314407 -0.00185271 0.000325614 -0.00267229 0.000262421 -0.00119139 -0.00261281 -0.0021989 -0.00118655 -0.000988099 -0.00342592 -0.000555361 -0.00182278 -0.00193181 0.000139219 -0.00183041 -0.00112521 -0.00235169 -0.000442491 -0.0012495 -0.00378712 -0.00131943 -0.00135389 -0.00139434 -0.00100079 -0.00125126 -0.000709769 -0.00134746 -8.23631e-05 
-0.00164525 -0.00304232 -0.00174445 -0.00399404 0.000509077 -0.000202085 -0.00108799 -0.00033381 -0.00330576 -0.00349951 -0.00211488 -0.0019812 -0.00650498 -0.00677614 -0.00255745 -0.00236195 -0.0107514 -0.00497455 -0.00408635 -0.00341697 -0.00573017 -0.00612553 -0.0021372 -0.0028435 0.00145399 -0.0016774 -0.00182752 0.00125062 0.00237435 0.162818 -0.00290306 -0.00200671 0.000252974 -0.00445258 0.000320145 -0.00134958 -0.00201669 -0.00197801 -0.000927238 0.000806929 8.80171e-06 -0.00030395 -0.000220786 -0.00103356 -0.000866888 -0.000780091 -0.00141484 -0.00151683 -0.00069734 -0.000926984 -9.40978e-06 2.74987e-05 0.000788452 -0.00152598 -0.00168578 -0.00144852 0.000338113 -0.000100686 -0.000220924 -0.00105953 -0.00169817 -0.00170996 0.00114284 -0.000690024 -0.000471231 -0.0016562 -0.00106378 -0.000812701 -0.00245322 -0.00183793 -0.000801736 -0.00202643 -0.00193012 -0.00219583 -0.00178958 -0.00270028 -0.000648946 -0.00175018 -0.00085692 -0.00202705 -0.00116165 -0.000494762 -0.00236441 -0.000719221 -0.00195483 -0.000331885 -0.000634303 -0.000285473 -0.00136342 0.000581052 -0.00126005 -0.00109367 -0.00289429 -0.00282288 -0.00217891 -0.0023621 -0.00130906 -0.00121524 -0.00198232 -0.00295597 
-0.00110573 -0.00311525 -0.00171296 -0.00202472 4.70147e-05 -0.000748889 -0.00175719 -0.00118169 -0.00200445 -0.00134524 -0.00229747 -0.00316434 -0.00242121 -0.00522147 -0.00649757 -0.00402717 0.00201569 -0.00313925 0.00117536 -0.00659652 -0.0013689 -0.00207952 -0.000972446 -0.00200051 -0.00882625 -0.000630906 -0.0043544 -0.00507542 -0.00290463 -0.00290306 0.145832 -0.00223222 -0.00186151 0.000724364 -0.000746946 0.000441497 -0.00196774 -0.00168632 -0.0011891 -0.0004308 0.000660745 -0.00176087 -9.15902e-06 -0.00105552 -0.00010073 -0.00121562 -0.00020278 -0.0018346 -0.00249796 -0.00189174 -0.00147697 -0.00140685 0.000230318 -0.00136392 1.17212e-05 0.000895548 -0.00111722 -0.000794173 -0.000638452 -0.000623345 -0.00172731 -0.00164753 -0.00142107 -0.00194156 -0.000918853 -0.000738805 -0.00106053 -0.00183764 -0.00116736 -0.00242303 -0.00171561 -0.00116022 -0.00131648 -0.00085778 -0.00140403 -0.000954966 -0.000498257 -0.000248682 -0.0019811 -0.000945313 -0.0010362 -0.000575792 -0.00205092 -0.000845255 -0.00112377 -0.000949326 -0.00055254 -0.00212627 0.000244182 -0.00123524 -0.000722224 -0.000242202 -0.00109367 -0.00128054 -0.000758288 -0.00104926 -0.00152239 -0.000285828 0.000315456 -0.0015959 
-0.000184526 -0.000705816 -0.00197994 0.000124672 0.000841895 -0.0025006 -0.00180876 -0.000837056 -0.00117231 -0.000633149 -0.0021922 -0.00131524 -0.00150392 -0.00210019 -0.00119154 -0.00251769 -0.00435108 0.000614486 -0.00287737 0.000682909 -0.00636626 -0.00562642 -0.00750491 -0.00401517 -0.00358436 -0.00395641 0.00113558 0.000888939 -0.000758148 -0.00200671 -0.00223222 0.142087 -0.00147771 -0.000118364 -0.00189541 -0.00168492 0.00176583 -0.00257713 -0.00157532 -0.00182057 -0.000460803 -0.00157699 -0.000493915 -0.00154399 -0.0012512 -0.00114102 -0.000622805 -0.000406079 -0.00374691 -0.000828519 -0.00122947 -0.000494346 -0.000707692 -0.0015259 -0.00142813 -0.00155909 -0.00144065 -0.00169618 -0.000143123 -0.000984729 -0.0016695 -0.00231205 -0.00192073 -0.000309337 -0.00186391 -0.00168708 -0.000333096 -0.00165412 0.000436839 -0.00104559 -0.00270839 -0.00108912 -0.00129102 -0.0023333 -0.00192197 -0.00144277 -0.00137398 -0.000187465 -0.00173136 -0.00234563 -0.00108889 -0.00257088 -0.00141066 -0.00255695 -0.00116084 -0.00063748 -0.00152487 -0.00166368 -0.00046411 -0.00112629 0.000698343 -0.000179603 -0.00130151 -0.0011009 -0.000753207 -0.000454965 -0.00196126 -0.000558096 -0.000570516 -0.000618103 
-0.00119611 -0.00224657 -0.000297283 -0.00186286 -0.00258815 -0.000322049 -0.00197011 -0.00399701 -0.00108487 -0.000713379 -0.00315906 -0.0047276 -0.000849483 -0.00585846 -0.0022845 -0.0016468 -0.00603526 -0.00405689 -0.00561684 -0.0039034 -0.00291537 -0.00596836 -0.000349914 0.00236311 -0.00285019 -0.00145734 0.00212174 0.00426817 0.000235744 0.000252974 -0.00186151 -0.00147771 0.146613 0.00165754 0.000476696 -0.00143434 9.07311e-05 -0.00082794 -0.00179174 -0.000985901 -0.0018282 -0.00237095 -0.00170453 -0.000324868 -0.00147633 -0.000963998 -0.0018414 -0.00231465 -0.0023755 -0.00104605 -0.00117113 -0.000392398 -0.00219522 -0.00209711 -0.00200691 -0.00178785 -0.00187767 -0.00196061 -0.000531533 -0.00197434 -0.00129178 -0.00110345 -0.000753028 -0.00252508 -0.00129363 -0.000154943 -0.00152234 -0.00206763 -0.00185711 -0.000359658 -0.000965809 -0.00127278 -0.00183209 -0.00108238 -0.00212901 -0.000941411 -0.00131604 0.00117359 -0.000420739 -0.000231223 -0.00310137 -0.00118706 6.14838e-06 -0.00190495 -0.00172946 -0.00238693 0.0004459 -7.26107e-06 -0.00138971 -0.00170325 -0.000187585 -0.000446845 -0.00164663 -0.00229096 -0.00247032 0.000233026 -0.00109793 -0.000698794 -0.00302947 -0.00296155 
