0.0809963 -0.000538737 -0.000256529 -0.000931975 -0.00073146 -0.000159045 -9.01771e-05 -0.000550038 -0.000188484 -0.000559216 -0.00061778 -0.00148451 -0.0006693 -0.00236695 -0.000242292 -0.00216369 -0.00125216 -0.000373156 -0.00314976 -0.00390718 -0.00293949 -0.00368743 -0.000514243 -0.00284224 -0.00108616 0.00105348 -0.0021519 -0.00309098 -0.00119345 -0.000907546 -0.00216572 -0.00217766 0.000453058 -0.000486699 -0.00181068 -0.000319969 -0.000359675 -0.000187595 -0.000351381 -0.00172902 -0.00071623 -0.000287544 -0.000594055 -0.000919484 -0.000122807 -0.00111184 -0.000834311 -0.00083777 -0.000467299 -0.000475083 -0.000933585 9.34889e-05 -0.00073932 -0.0012673 -0.000289625 -0.000512846 -0.000318687 -0.000168051 -0.000668312 -0.00129349 -0.000655253 -0.000895477 -0.00060293 -0.000292712 -0.000347049 -0.000484651 -0.000797792 -0.000244513 -0.00111382 -0.00064241 -0.00119519 -0.000709062 -0.000482173 -0.00151667 -0.000824695 -0.00131519 -0.000129804 -0.000859203 0.000166029 0.000244935 -0.000243049 -0.00121234 -0.00090073 -0.000954975 -7.18017e-05 -0.000540573 -0.000974378 -0.000595235 -0.000656333 -0.00102379 -0.000411666 -0.000309814 -0.000409047 -0.00034797 0.00018766 -0.000706221 0.000262 -4.94507e-05 -0.000144031 -5.0063e-06 
-0.000538737 0.0957119 -0.000741755 -0.00094724 0.00016076 0.000174995 -0.000136257 -0.00217987 -0.000835285 -0.00272966 -0.00162293 -0.00261416 -0.000292789 -0.00188614 -0.00143386 0.00096402 -0.00157759 -0.00208549 -0.00308795 0.000170354 -0.00293781 -0.00388013 -0.00222258 0.000523332 -0.00274746 -0.00238794 -0.003894 -0.00105582 -0.00310316 -0.000874447 0.000144398 -0.000635024 -0.00168914 -0.000793359 -0.00103605 -0.000258097 -5.67378e-05 -0.000443522 -0.000717344 -0.00206356 -0.00122676 -0.000599867 -0.000620767 -0.00134861 -0.000874905 -0.001211 -0.0016351 -0.000465642 -0.00118394 -0.00109645 -0.000303103 -0.000799102 -0.000196112 0.000322098 9.16661e-05 -9.15058e-05 -0.000301001 -0.00150042 -4.79687e-05 -0.000572729 -0.000570903 -0.000577862 -0.0013913 -0.00113084 -0.000479394 -0.00112661 -0.00160659 -9.20813e-05 -0.00071924 -0.00121398 -0.000746758 -0.000971772 -0.000923269 -0.00129263 -0.000877179 -0.00039699 -0.00114695 -0.000478037 -0.00119994 -0.000434622 -0.000699967 -0.0010609 -0.00117143 -0.000290036 -0.000664544 0.000948556 -0.00103829 -0.00016346 -0.000464654 -0.00121139 -0.000822641 -0.00134545 -0.00143103 -0.0010699 -0.000414605 0.000273077 -0.000324482 -0.000906673 -0.000783092 -0.000664819 
-0.000256529 -0.000741755 0.0854667 0.00050922 -0.000321946 -0.000239083 -0.00108871 -0.000819774 -0.000246746 -0.00174664 0.00045249 -0.00193504 -0.00118014 -0.00129154 -0.00223195 -0.00295704 -0.000522672 -0.00572722 -0.004223 -0.00124557 -0.00163905 -0.00279275 -0.00252666 -0.000507976 -0.00428919 0.000378952 -0.00363181 -0.00320033 -0.00209811 -0.000929255 -0.00127577 -0.000354987 -0.00197808 -0.000885168 -0.00213999 -0.00061822 -0.000292548 -0.000974689 -0.000299805 -0.000619609 -0.000936794 -0.00101981 -5.14572e-05 6.2527e-05 -0.00146698 -0.000649203 -0.000470187 -0.000455351 -0.000700169 -0.000621041 -0.000364107 -0.0013857 -0.00042398 -0.000966686 0.000898188 -0.000371045 8.72768e-06 -0.000892216 -0.000602782 -0.000396407 -0.000224588 -0.000161647 -0.000681667 -0.000540455 -0.000850333 0.000460684 -0.000614443 -0.00075515 -0.00194938 -1.90346e-06 -0.000340781 -0.00081513 -2.54594e-05 -0.000411115 5.48644e-05 -0.000628468 -0.000910075 0.000100951 -0.000769475 -9.42565e-05 -0.000221448 -0.000940585 -0.000585897 -0.0012048 8.85673e-05 -0.000715466 -0.000112138 -0.000227583 -0.00103618 2.79343e-05 -0.000774728 -0.000806136 -7.63842e-05 -0.00125367 0.000228255 -0.000580856 -0.000238847 -0.000702115 0.00066805 -0.000551707 
-0.000931975 -0.00094724 0.00050922 0.0950102 -3.77536e-05 -0.00131883 -0.00056999 -0.000585517 -0.00110608 -0.00186545 -0.00131602 -0.000460801 0.0020984 -0.0011667 -0.00271325 -0.0027221 -0.000589636 -0.00171351 -0.00365513 -0.000491857 -0.00448303 -0.00207794 -0.00128554 -0.000761044 -0.00362332 -0.00112976 -0.00258647 -0.00641585 0.000985652 -0.00246739 -0.00136922 0.000936713 -0.000861229 -0.00131081 -0.000261922 -0.00079992 -0.000377981 -0.00121337 0.00015244 -0.000536045 -0.00116268 -0.00192859 -0.00117466 -0.000339933 -0.000722702 -3.21151e-05 -0.00100601 -0.000654058 -0.000399261 -0.000895874 -0.000565439 -0.00109503 -0.0014567 -0.000947998 0.000365555 -0.00072808 -0.000881488 -0.00023447 -0.00138042 -0.000898416 -0.000543735 -0.000125378 -0.00115203 -0.00142424 -0.000668784 -0.000949045 -0.00138973 -0.000165663 -0.00153437 -0.000208992 -0.00096215 -0.00124199 -0.000701867 -0.000498194 -0.000833751 -0.000489928 -0.000631229 -0.000217842 -0.00055696 -0.00100982 -0.000680299 -0.0010779 -0.000936962 -0.000800516 -0.000567711 -0.000627166 -0.00145496 -0.00129636 -0.000249805 -0.000333072 -0.000706803 -0.000825846 -0.000182528 -0.000156433 -0.000744689 -0.00111511 -0.00108444 -0.000206829 -0.00144301 -5.42859e-06 
-0.00073146 0.00016076 -0.000321946 -3.77536e-05 0.0823676 -0.000297066 -0.000213735 -0.000469893 0.000254523 -1.09259e-05 -0.00292799 -0.000413693 -0.0016599 -0.000136443 -0.000525775 -0.00267005 -0.00410601 -0.00153381 0.000468852 -0.0045409 -0.00149551 -0.00267588 -0.00480027 -0.00150697 -0.00212876 -0.00186752 -0.00122311 -0.00208527 -0.00161763 -0.00122868 8.75654e-06 -0.00178806 -0.0015084 -0.00111178 -0.00161767 -0.00179404 -0.000527314 -0.00100123 -0.00080041 -0.0010425 -0.000819169 -0.000898304 -0.0012408 -0.000459011 -8.00612e-05 -0.000464765 0.00044582 -0.000373686 -0.00101554 -0.00140546 -0.000450886 -0.0007502 -0.000649447 -0.000864228 -0.00093607 -0.000295511 -0.000639165 -0.00107848 -0.000638178 -0.000489986 -0.00109982 -0.000496047 -0.00174016 -0.000526183 -0.000927968 -0.000571772 -0.000484271 -0.000113512 -0.000117516 -0.000120197 -0.000636711 -0.000125903 -0.000564821 -0.000631951 -0.000172572 -0.000312568 -0.000919841 -0.000584251 -2.78832e-05 -0.00085363 0.00044865 -0.000910084 -2.97602e-05 -0.000363025 -0.000677258 -0.00118576 0.000730672 -8.11848e-05 -0.000341108 -0.000279082 -0.000389144 -0.000561695 0.000427156 -0.000681945 -0.000460687 -0.00016599 -0.000494255 -0.000575246 -0.000298987 -0.000822741 
-0.000159045 0.000174995 -0.000239083 -0.00131883 -0.000297066 0.0748209 -0.00026006 0.000242986 0.000169968 0.0010083 -0.000445686 0.00095375 -0.00100579 -0.001871 -0.00137974 -0.00313203 -0.000704644 -0.00201591 -0.00506766 -0.00287226 7.21238e-06 -0.00515786 -0.00204935 -0.00228973 -0.000384751 -0.000927244 -0.000547658 -0.00241231 -0.0015547 -0.000642224 -0.00215312 -0.000281899 -0.00125123 -0.000530829 -0.0016991 -0.0008551 -0.000779825 -0.000181521 -0.000867912 -0.000958978 -0.000374191 -0.000256444 -0.000847624 -0.000928122 -0.00037182 -0.00102726 -0.000782346 -0.00119479 -0.000207679 -0.00115381 -0.000346948 -0.000399797 -0.00106927 -0.0006758 -0.000429487 0.000208004 -0.00036952 -0.000551552 -0.000745376 -0.000821804 -0.000511578 -2.5988e-05 -0.000733251 -0.000451842 -0.000729902 -0.000402248 -0.000427918 1.69263e-05 -0.000145138 -0.000518405 -0.000139548 -0.000586963 -0.000394989 -0.000878311 0.000188908 -0.00111814 -0.000827475 -0.000392276 -0.000482025 -0.000594989 -2.66442e-05 -0.000871725 -0.000350482 -0.000311699 -0.0010025 -0.000657625 -0.00107172 4.69168e-05 -0.000676715 -0.000211891 -0.000249373 5.40446e-06 -0.000362679 -0.000741183 -0.00061452 -0.000662158 -0.000690588 -7.20683e-05 -0.000263827 -0.000798047 
-9.01771e-05 -0.000136257 -0.00108871 -0.00056999 -0.000213735 -0.00026006 0.101438 -0.00019884 -0.00114995 0.000476028 0.00097201 -0.000656551 -0.00178809 -0.00337316 -0.00193667 -9.41617e-05 -0.00302222 -0.0035318 0.000274872 -0.00716785 -0.00407328 -0.00174221 -0.00274713 -0.00369074 -0.0039679 -0.0015378 -0.0036587 -0.00181456 -0.0019805 -0.000318069 -0.00072858 -0.00162796 -0.00180724 0.000263469 -0.000829916 -0.000228533 -0.00132057 -0.000700201 -0.000175191 -0.00137701 -0.000790719 -0.000460049 -0.00129938 -0.000642882 -0.000915154 -0.000706094 -0.000664246 -0.000560714 -0.000808534 -0.00212242 -0.000678705 -0.000222828 -0.000195998 -0.000773359 8.31029e-05 -0.00119767 -0.000994712 -0.000181356 -0.000585739 -0.00166538 -0.00111899 -0.000548498 -0.000403947 -0.00127798 -0.000398618 -0.000816503 -0.000821668 -0.0014201 -0.000476245 -0.00115583 -0.00212747 -0.000532808 -0.00145224 -0.000759908 -0.00111655 -0.00124064 -0.000105316 -0.000169437 -0.000271826 -0.000163066 -0.000413667 -0.000549147 -0.000295173 -0.000562863 -0.000781291 3.54854e-05 -0.000745809 0.000108086 -0.000792692 -0.000865909 -0.000444201 0.000353421 -0.000846535 -0.000659364 -0.0011366 -0.00215251 -0.000711687 -0.000275171 -0.00020601 -0.00111844 
-0.000550038 -0.00217987 -0.000819774 -0.000585517 -0.000469893 0.000242986 -0.00019884 0.0885099 -0.0011395 -0.00118572 -0.00116132 -0.000517 -0.00102403 0.000229874 0.000363797 -0.00502746 -0.0024105 -0.000290133 -0.00353831 -0.0042031 -0.00199326 -0.00438081 -0.000752807 -0.000245211 -0.00288305 -0.00335599 -0.000607608 -0.00246746 -0.00118869 -0.00188695 -0.00148602 -0.00157469 -4.74688e-05 -0.00116733 -0.00172034 -0.00044673 -5.94933e-05 -0.0012252 -0.000976871 -0.00101725 -0.00103475 -0.000348588 -0.00043558 -1.19145e-06 -4.33203e-05 -0.00136079 1.6425e-05 -0.00212038 -0.0011878 -0.00163957 -0.000618987 -0.000895174 -0.000957198 -0.00022864 -0.000539204 -0.00047551 -0.000699426 -0.000145854 0.00020761 -0.000583872 -0.00119924 -0.000636325 -0.001462 -0.000559646 -0.000788451 0.000305496 0.000753723 -0.000781978 1.7811e-05 -0.000275937 0.000515414 -0.00137018 -0.000581559 -0.000835231 -0.000195464 -0.00100233 -0.000768221 -0.000577454 -0.000756383 -0.00124276 -0.000878173 -0.00100038 -0.000380729 -0.00136893 0.00035402 -0.000998643 0.0001683 -0.000862305 -0.000863563 -0.000122758 -0.000517677 -0.000420123 -0.00025033 4.92807e-05 -0.000358082 -0.000807264 -0.000133293 -0.000101142 -0.000307272 -0.00123073 
-0.000188484 -0.000835285 -0.000246746 -0.00110608 0.000254523 0.000169968 -0.00114995 -0.0011395 0.105423 -0.00173741 -0.000540789 0.000720766 -0.000423611 -0.00126513 -0.00319842 -0.00445154 -0.00546908 -0.00257429 -0.00382837 -0.00217337 -0.00196645 -0.00615026 -0.00447969 -0.00302345 -0.0021848 -0.00378361 -0.00172034 -0.00341105 -0.000509114 -0.00122028 -0.0021308 -0.000385535 -0.00316019 -0.00140906 -0.00113191 -0.000728607 -0.00207385 -0.000512513 -0.00113589 -0.00010433 -0.000736398 0.000485294 -0.000455905 -0.000230652 -0.00100725 -0.00012297 -0.000436217 -0.000267327 -0.00156771 -9.33427e-05 0.000402154 -0.000615733 -0.00116968 -0.000504745 -8.80153e-05 -6.1994e-06 -1.24767e-05 -0.000548653 -0.000326351 -0.00108533 -0.000494637 -0.000735868 3.87285e-05 -0.000104403 -0.00043056 -0.000340939 -0.000610262 -0.000877623 -0.00115058 -3.14697e-06 -0.00142891 -2.52423e-05 -0.000127161 -0.00143036 -0.000244058 -0.000417391 -0.000896698 -0.00111913 -0.000737795 -0.00054 -0.000545483 -0.00136727 -0.000930167 -0.00072919 -0.000829391 -0.00135887 -0.000838212 -0.000250371 -0.00127914 -0.000980139 -0.00103948 -0.00074477 0.000135644 -0.000623213 -0.00135406 -0.000188189 0.000233487 -0.000635773 -0.00077778 -0.000852819 
-0.000559216 -0.00272966 -0.00174664 -0.00186545 -1.09259e-05 0.0010083 0.000476028 -0.00118572 -0.00173741 0.142879 -0.000704548 0.00110601 -0.00214163 -7.45839e-06 -0.00752143 -0.00366626 -0.00467082 0.00244399 -0.00458912 -0.00393049 0.000653694 -0.00150404 -0.00304167 -0.00160518 -0.00219742 -0.0041685 -0.00529377 -0.0014189 -0.0014612 -0.000541014 -0.000761891 -0.00398682 -0.00263512 -0.00346873 -0.0023999 -0.00207048 -0.00254016 -0.00240402 -0.00163506 -0.00310621 -0.00191814 -0.000715557 -0.000774095 2.60092e-05 -0.000769851 -0.00180717 -0.000594754 -0.00261152 -0.00195808 -0.00292468 -0.00243834 -0.00143105 -0.000965191 -0.00124694 -0.00116265 -0.00151405 -0.00192658 -0.00125273 -0.00188611 -0.000193645 -0.000297027 0.00042119 -0.00173864 -0.000291108 -0.000555008 -0.000373988 -5.25168e-05 -0.00132527 -0.00179982 -0.000638323 -0.00154633 -0.000404555 -0.000673054 -0.00152131 0.000412012 -0.000530804 -0.000373511 -0.000893254 -0.000959931 -0.000743967 -0.00201464 -0.00234256 -0.00141299 -0.000912535 -0.000878731 -0.00125246 -0.00128281 -0.000506145 -0.000187313 -0.00223031 -0.00220185 -0.00211772 -0.00073233 -0.00117046 -0.000545308 -8.92698e-05 -0.0010606 -0.000327073 -0.000807508 -0.00123762 
-0.00061778 -0.00162293 0.00045249 -0.00131602 -0.00292799 -0.000445686 0.00097201 -0.00116132 -0.000540789 -0.000704548 0.143184 -0.00271093 0.00163122 0.000498337 -0.0014886 -0.00428278 -0.00524007 -0.00821475 -0.00247933 -0.00339838 -0.0020725 -0.00392026 -0.00319432 -0.00235558 -0.0071156 -0.00282232 -0.00305815 -0.00652153 -0.00278476 -0.00182962 -0.00124672 -0.00357739 -0.00299844 -0.00576693 -0.00200406 -0.000538523 0.000156815 -0.000516421 -0.00116944 5.0074e-05 0.000478369 -0.000626543 -0.00162268 -0.000884529 -0.00215368 -0.00230442 -0.00044524 -0.000763581 -0.00094167 -0.00176563 -0.00135918 -0.000793397 -0.00143068 -0.00125451 -0.000401523 -0.00082211 6.44736e-05 -0.00118575 0.000358458 -0.00136749 -0.00144292 -0.00152182 -0.00121009 -0.00149643 -0.000344483 -0.000969765 0.000848647 -0.000467961 -0.00124388 -0.000278202 -0.00129496 -0.00149741 -0.000523219 -0.00146108 -0.00050318 -0.00102484 -0.000330155 -0.000475674 -0.000888456 -0.00157525 -0.00102711 -0.00104469 -0.00204569 -0.00111688 -0.00158234 -0.000953005 -0.00120906 -0.000686933 -0.000860805 -0.00161326 -0.00120234 -0.000856761 -0.000932097 -0.000970148 -0.00030524 -0.000585054 -0.00130737 -0.000771555 0.000735069 -0.0010431 
-0.00148451 -0.00261416 -0.00193504 -0.000460801 -0.000413693 0.00095375 -0.000656551 -0.000517 0.000720766 0.00110601 -0.00271093 0.172869 -0.00278848 -0.00109036 0.00137394 -0.00473073 -0.00265493 -0.00200969 -0.0067991 -0.0040224 -0.0046692 -0.00075519 -0.0100053 -0.00455325 -0.00342897 -0.00580246 -0.00896785 -0.0047653 -0.00345872 2.01495e-05 -0.00466686 -0.00263468 -0.00443684 0.00101039 -0.0048304 -1.08982e-05 -0.00119133 -0.00171027 -0.0023091 -0.00178685 0.000722641 -0.00188469 -0.000361132 -0.00264914 -0.000905954 -0.00291107 -0.000444007 1.71895e-05 -0.00022262 -0.000901926 0.000467581 -0.0013041 -0.00233053 -0.00139404 -0.00142846 -0.00216075 -0.00110551 -0.00153366 -0.00251131 -0.000829734 -0.0019073 -0.000784331 -0.000477008 -0.00219354 -0.000233873 -0.00151102 -0.00112639 -0.00081196 -0.00232353 -0.00155998 -0.00198521 -0.0014887 -0.000552473 -0.00175575 -0.000837525 -0.00101262 -0.000939218 -0.00142666 -0.00156048 -0.00196639 -0.00127639 -0.00336567 -0.000807342 -0.000199955 -0.00105524 -0.00223816 -0.0010792 0.000499456 -0.0010824 -0.00166155 -0.00036407 -2.70183e-05 -0.00202196 0.000357082 -0.000950906 0.000174046 -0.00137286 -0.00102752 -0.00313451 -0.00242275 
-0.0006693 -0.000292789 -0.00118014 0.0020984 -0.0016599 -0.00100579 -0.00178809 -0.00102403 -0.000423611 -0.00214163 0.00163122 -0.00278848 0.205292 -0.000224451 -0.00315357 -0.00137795 0.00570582 -0.0077456 -0.00479611 -0.00351976 -0.00679723 -0.00135251 -0.00967037 -0.00237075 -0.0119014 -0.00576904 1.88625e-05 -0.00229125 -0.00173538 -0.00507668 -0.00384512 -0.0025812 -0.00439999 -0.00382036 -0.000189935 -0.00114766 -0.00277041 -0.00307365 -0.00215797 -0.00187246 -0.00359519 -0.00208454 -0.002883 -0.00143328 -0.00212007 0.000488146 -0.000211519 -0.00351018 -0.00180505 0.000337148 -0.00190519 -0.00296621 -0.00257841 -0.00111612 -0.00114754 -0.0032824 -0.000819894 -0.00110099 -0.0015203 -0.00400758 -0.00273442 -0.00113048 -0.0032958 -0.00177081 -0.0033113 -0.00179531 -0.000112575 -0.00289757 -0.000183148 -0.00147802 -0.001554 -0.00104359 -0.00146 -0.00186807 -0.000391645 -0.00167079 -0.000373178 0.000692548 -0.00152218 -0.00234717 -0.00105378 -0.00270141 -0.00257734 -0.00283332 -0.00284513 -0.00114958 -0.00447025 -0.00278307 -0.00209337 -0.00133123 -0.00218714 -0.00173432 -0.00351777 0.00142586 -0.00200005 -0.00243762 -0.000379895 -0.000950984 -0.00305828 -0.00194357 
-0.00236695 -0.00188614 -0.00129154 -0.0011667 -0.000136443 -0.001871 -0.00337316 0.000229874 -0.00126513 -7.45839e-06 0.000498337 -0.00109036 -0.000224451 0.210017 -0.00409781 -0.0125985 -0.00807949 -0.00784449 -0.00431223 -0.00864478 0.00325924 -0.00295991 -0.00837076 0.00273053 -0.00471084 -0.00609837 0.00102747 -0.00889704 -0.00390109 -0.00882278 -0.00424853 -0.0042357 0.00127684 -0.00575295 0.00241955 -0.00189691 -0.00169947 -0.00350145 -0.0034861 0.000221365 -0.000787841 -0.00361087 -0.00311724 -0.0017841 -0.00146384 -0.00264043 -0.00145546 -0.0040612 -0.0016959 -0.00286822 -0.00115908 0.00054397 -0.000225176 -0.00137746 -0.00178826 -0.00302482 -0.00205467 -0.00307064 0.000966052 -0.00201304 -0.00215003 -0.000896701 -0.00170403 -0.00124322 -0.00129648 -0.00148223 -0.00086306 -0.00050486 -0.00234747 2.70918e-05 -0.00248948 -0.00273079 -0.00247497 0.000245088 -0.0020977 0.000779466 -0.000103803 -0.00162709 0.000276667 -0.00268179 -0.0017403 -0.0024321 -0.00229523 -0.000823487 -0.00266116 -0.00179846 0.000652443 -0.00162299 -0.00134102 -0.00227096 -0.00289432 -0.0030274 0.000191805 -0.000868509 -0.000816189 -0.00137633 -0.00033354 -0.000854905 -0.00176363 -0.00271173 
-0.000242292 -0.00143386 -0.00223195 -0.00271325 -0.000525775 -0.00137974 -0.00193667 0.000363797 -0.00319842 -0.00752143 -0.0014886 0.00137394 -0.00315357 -0.00409781 0.215561 -0.000203471 -0.00363465 -0.00282648 0.000827722 -0.00228689 -0.00594763 -0.00837063 -0.00147171 -0.00462205 -0.00560353 -0.00272983 -0.0082303 -0.000552766 -0.0107704 -0.00150507 -0.00394796 -0.00483751 -0.00345571 -0.00394133 -0.00267687 -0.00220215 -0.000243382 -0.00129657 -0.00084015 -0.00305718 -0.000164809 -0.00244127 -0.000802013 -0.000817241 -0.000869491 -0.00307751 -0.00121218 -0.00189415 -0.00132177 -0.0049376 0.000203847 -0.000945677 -0.00259349 -0.00181579 -0.00190455 -0.00150287 -0.0015724 -0.00263676 -0.000593231 -0.00208326 -0.00371579 -0.00260646 -0.000729565 -0.00187689 -0.003671 -0.000986597 -0.00166263 -0.00107162 -0.00128456 -0.000680577 -0.00275865 -0.000426277 -0.000106066 -0.00291982 -0.00290041 -0.0027619 -0.000808937 -0.00371251 -0.00178488 0.000113947 -0.00134938 -0.000252376 -0.00144696 -0.00235318 -0.00124465 -0.00160522 -0.00422389 -0.00162437 -0.00284855 -0.00050858 -0.0021546 -0.00236016 0.000107719 -0.00373789 -0.00162459 -0.000251221 -0.000377917 -0.00082841 -0.00281278 -0.00211848 
-0.00216369 0.00096402 -0.00295704 -0.0027221 -0.00267005 -0.00313203 -9.41617e-05 -0.00502746 -0.00445154 -0.00366626 -0.00428278 -0.00473073 -0.00137795 -0.0125985 -0.000203471 0.237687 -0.0111702 -0.00303268 0.0102388 0.0060107 -0.01411 -0.00308957 -0.00135137 -0.0120819 -0.0133027 -0.00814546 -0.00430338 -0.000389423 -0.007083 -0.0103628 -0.00357544 -0.00377094 -0.00702014 -0.00244353 -0.0031955 -0.0013181 -0.00206687 0.00127463 -0.0010775 -0.00144901 -0.000895125 -0.00258543 -0.00164412 -0.000980157 -0.00124796 -0.000203528 -5.31744e-06 -0.00100807 -0.00185023 -0.00013342 -0.000648974 -0.00168293 -0.00106501 -0.00315658 -0.00309819 0.000446961 -0.00111375 -0.00270033 -0.00124228 -0.00149277 -0.000536881 -0.00250848 -0.00244554 -0.00264927 0.00076791 -0.00176772 -0.000817874 -0.00231708 -0.00256118 -0.00276201 -0.00338556 -0.00385403 -0.000868594 -0.00151183 9.39656e-05 -0.00296685 -0.00169881 -0.00158684 -0.00244718 -0.00371216 -0.00121149 -0.0028695 -0.00228572 0.00148326 -0.000485747 -0.00081378 0.000910364 -0.000217437 -0.00135651 -0.00152255 -0.00212333 -0.00141677 -0.00297088 0.000581182 -0.00336616 0.000604391 -0.00221889 -0.00249776 -0.0016457 -0.00249129 
-0.00125216 -0.00157759 -0.000522672 -0.000589636 -0.00410601 -0.000704644 -0.00302222 -0.0024105 -0.00546908 -0.00467082 -0.00524007 -0.00265493 0.00570582 -0.00807949 -0.00363465 -0.0111702 0.245324 -0.00464776 -0.00212699 -0.00399246 0.00175131 -0.00482012 -0.00502648 -0.0084319 -0.00406555 -0.00700035 -0.000310208 -0.0073642 -0.00928452 0.00164808 -0.00663029 -0.00313599 -0.00261372 -0.002486 -0.00282687 -0.00330023 -0.00159455 -0.00214961 0.00320106 -0.00596397 -0.00443899 -0.000304925 -0.00134913 -0.000955004 -0.00103496 -0.0031309 -0.00244018 -0.00171456 -0.00233698 -0.00118582 -0.00122511 -4.44032e-05 -0.000118048 -0.00378224 -0.00037588 -0.00239683 -0.000761838 -0.00164793 -0.00430381 -0.00365367 -0.00136657 -0.00134164 -0.00067695 -0.00303572 -0.00257942 -0.00227178 -0.00104735 -0.00198774 -0.000986502 -0.00304647 0.00141981 -0.00229463 -0.00388823 -0.00195022 -0.000793087 -0.00324113 -0.00226975 -0.00411869 -0.00348614 -0.00289795 0.000746324 -0.000702179 -0.00257821 -0.00134855 -0.00324226 -0.00190062 -0.00397264 -0.00241309 -0.00156478 -0.000933817 0.000313766 -0.000829189 -0.00288364 -0.00293367 -0.000763758 -0.00221413 -0.0021304 -0.00193705 -0.00425713 -0.000147595 
-0.000373156 -0.00208549 -0.00572722 -0.00171351 -0.00153381 -0.00201591 -0.0035318 -0.000290133 -0.00257429 0.00244399 -0.00821475 -0.00200969 -0.0077456 -0.00784449 -0.00282648 -0.00303268 -0.00464776 0.247801 -0.00802583 -0.00440858 -0.0142611 -0.00219568 0.00108008 -0.00160454 -0.00300104 -0.0087774 -0.00347728 -0.00526348 -0.00920495 -0.00452789 -0.00452173 -0.00590583 -0.00259291 -0.00210474 -0.000386361 0.000117745 -0.00186736 -0.0033955 1.64742e-06 -0.0020253 0.000383176 -0.00308686 -0.00380288 -0.00095018 -0.00172086 -0.00139263 0.000365657 -0.00113474 -0.00400012 -0.00262278 -0.00375682 0.00169065 -0.0025112 -0.00401865 -0.000407121 -0.00184764 -0.00232632 -0.00276661 -0.000722979 0.000186643 -0.00209354 -0.00185406 -0.00233234 -0.00147135 -0.00195405 -0.000809846 -0.00246645 -0.00320565 0.00246 -0.00274182 -0.00298794 -0.00148953 -0.00294763 -0.0026834 -0.00315926 -6.59169e-06 -0.00343277 -0.000937989 -0.00321306 -0.000860556 -0.00231922 -0.00151712 -2.99181e-05 -0.00268462 -0.00201045 -0.00203354 -0.00141401 -0.000312449 -0.00241152 0.000295583 -0.00177659 -0.00153543 -0.00276452 -0.00283774 -0.001832 -0.00167037 -0.000828108 -0.00127643 -0.00283731 -0.00330432 
-0.00314976 -0.00308795 -0.004223 -0.00365513 0.000468852 -0.00506766 0.000274872 -0.00353831 -0.00382837 -0.00458912 -0.00247933 -0.0067991 -0.00479611 -0.00431223 0.000827722 0.0102388 -0.00212699 -0.00802583 0.248327 0.00554407 0.00608918 -0.000107995 -0.0079795 -0.021895 -0.00905977 -0.0111229 -0.00857169 -0.00715898 -0.00610727 -0.00912865 -0.00210737 -0.00251262 -0.00424432 -0.00156512 -0.00455741 -0.00395897 -0.00289559 -0.00185342 -0.00143564 -0.00301025 -0.00156517 -0.00209789 -0.00274313 -0.00143364 -0.00215304 -7.60331e-05 -8.7826e-05 -0.00266936 -0.0024868 -0.00323794 -0.00129179 -0.00113381 -0.00191201 -0.000588746 -0.00450408 -0.00136362 -0.00251125 -0.00237999 -0.000382289 -0.000575855 -0.00341175 -0.00202181 -0.00122538 0.00074153 -0.00195091 -0.00391083 -0.00112648 -0.00251674 -0.00241402 -0.00105061 -0.00155259 -0.00095002 0.000432577 -0.000426375 -0.000802346 -0.00334159 -0.00233673 -0.00377195 -0.00186559 -0.00266583 -0.00196652 -0.00158177 -0.001622 -0.00151477 -0.0029581 -0.00221443 -0.000567738 -0.00221254 -0.000975239 -0.0012821 -0.00160505 -0.00163722 -0.0019408 -0.00304941 -0.00252995 -0.000336139 -0.00180591 -0.00278378 0.00280053 -0.00167415 
-0.00390718 0.000170354 -0.00124557 -0.000491857 -0.0045409 -0.00287226 -0.00716785 -0.0042031 -0.00217337 -0.00393049 -0.00339838 -0.0040224 -0.00351976 -0.00864478 -0.00228689 0.0060107 -0.00399246 -0.00440858 0.00554407 0.249389 -0.00286487 -0.00595917 -0.000339684 -0.00665178 -0.0100662 -0.00856602 -0.00518524 -0.00146174 -0.00520567 -0.00772054 -0.00471751 -0.00392416 -0.000410608 -0.000116722 -0.00371958 -0.00167856 -0.00107358 -0.00158849 0.00187528 -0.00227897 -0.00257265 -0.00170382 -0.00323065 -0.00171417 0.000209884 -0.00267061 -0.00516294 0.00284875 0.000474458 -0.000869648 -0.00189433 -0.00309116 -0.00374873 -0.00377169 -0.00160419 0.000745648 -0.00455911 -0.00253917 -0.00176413 -0.0007418 -0.000254292 -4.40786e-05 -0.00301598 -0.00195314 -0.00264013 -0.00304637 -0.00358396 -0.00174132 -0.00179207 -0.00242079 -0.00454003 -0.00236946 -0.00194445 -0.00137869 -0.00450163 -0.00214752 -0.00363062 -0.00530755 -0.00172789 -0.00206592 -9.91929e-05 -0.00288554 -0.000919748 0.000617078 -0.00127955 -0.00190559 -0.00129827 0.00016461 -0.0053936 -0.00242632 -0.00318915 -0.00138812 -0.00342253 -0.00151652 -0.00230263 -0.000644803 -0.0036097 -0.00481899 -0.00508706 0.000217088 
-0.00293949 -0.00293781 -0.00163905 -0.00448303 -0.00149551 7.21238e-06 -0.00407328 -0.00199326 -0.00196645 0.000653694 -0.0020725 -0.0046692 -0.00679723 0.00325924 -0.00594763 -0.01411 0.00175131 -0.0142611 0.00608918 -0.00286487 0.249895 -0.00153593 -0.00497108 -0.00819446 -0.00177268 -0.00827323 -0.00502512 -0.010498 -0.0067897 -0.00223764 -0.00198149 -0.00571469 -0.00304143 -0.0019975 -0.00458159 -0.00492467 -0.00340276 -0.000509291 -0.000285827 -0.0045958 -0.00148639 -0.00223285 -0.00217184 -0.002888 -0.00291862 -0.00319862 -0.00543266 -0.00199597 -0.00285108 0.000130146 -0.00198509 0.00115094 -0.000550784 -0.00214616 -0.00360732 -0.000283893 -0.0021032 -0.000588379 -0.0021232 -0.00132041 0.001337 -0.000772179 -0.00325799 -0.00167165 -0.00346571 1.87473e-06 -0.00359045 -0.00109668 -0.00438883 -0.00150034 -0.000598735 -0.00124598 -0.000521945 0.000359624 -0.00346264 -0.00383611 -0.00223947 -0.0025351 -0.00258643 -0.00181566 -0.00231851 0.00155647 -0.00184335 -0.00295985 -0.00224502 -0.00108469 -0.00190361 -0.00235433 -0.00122806 -0.00281584 -0.000389551 -0.00366862 -0.00126534 -0.00123039 -0.000477522 -0.000923432 -0.0028051 -0.00265738 -0.000824614 -0.00214318 
-0.00368743 -0.00388013 -0.00279275 -0.00207794 -0.00267588 -0.00515786 -0.00174221 -0.00438081 -0.00615026 -0.00150404 -0.00392026 -0.00075519 -0.00135251 -0.00295991 -0.00837063 -0.00308957 -0.00482012 -0.00219568 -0.000107995 -0.00595917 -0.00153593 0.245804 -0.00644342 -0.00231546 -0.00293655 0.00449106 -0.00128563 -0.00680514 -0.00283464 -0.00549557 0.00032959 -0.00679629 -0.00457132 -0.00311996 -0.00302022 -0.00223042 -0.000717981 -0.00249573 -0.00517949 -0.00127284 -0.000851402 -0.00553464 6.6059e-05 -0.00200505 -0.00157767 -0.00171252 -0.00266511 -0.00368994 -0.00105919 -0.002473 -0.00166729 -0.000792917 -0.00104462 0.000142696 -0.00120026 -0.00263007 -0.00312668 -0.00117661 -0.00253492 -0.00278318 -0.00254485 -0.00141312 0.000346318 -0.00418199 -0.00350826 -0.00217156 -0.00406919 -0.00277547 -0.00284428 -0.00358331 0.000620022 -0.00226179 -0.00150921 0.000452307 9.99119e-05 -0.00334149 -0.000620235 -0.00272099 -0.00238295 -0.000374481 -0.00139985 -0.00390779 -0.000920949 -0.00446725 -0.00321974 -0.000422139 -0.00230897 -0.00350599 -9.40646e-05 -0.00100552 -0.00144007 -0.00255557 -0.00223851 -0.00302702 -0.00257264 -0.00292582 -0.00286524 -0.0026938 -0.00135982 -0.00395618 
-0.000514243 -0.00222258 -0.00252666 -0.00128554 -0.00480027 -0.00204935 -0.00274713 -0.000752807 -0.00447969 -0.00304167 -0.00319432 -0.0100053 -0.00967037 -0.00837076 -0.00147171 -0.00135137 -0.00502648 0.00108008 -0.0079795 -0.000339684 -0.00497108 -0.00644342 0.248854 -0.00235219 0.00231731 -0.000621821 -0.00225937 -0.0013347 -0.00540282 -0.00409338 -0.00499645 -0.0046707 -0.00234923 -0.00756024 -0.00357728 -0.00174264 -0.00365451 -0.00184121 -0.0011394 -0.00221738 -0.00414938 -0.0022107 -0.00228568 -0.0024291 -0.0029138 -0.00291255 -0.00380945 -0.00152451 -0.00409224 -0.000104632 -0.00156728 -0.00240294 -0.00116584 -0.000880139 -0.00131282 -0.00155622 -0.00256629 -0.00161755 -0.00181222 0.00254621 -0.00300647 -0.00332709 -0.00211801 -0.00240378 -0.0031945 -0.00456152 0.00180135 -0.00177262 -0.00294484 -0.0026275 -0.00414815 -0.00440848 -0.00269056 -0.00197264 -0.00246735 -0.0016807 -0.00222992 0.00105979 -0.00346828 -0.00110116 -0.00321329 0.00148452 -0.000309922 -0.00334754 -0.00114289 -0.00202539 -0.00269665 -0.00138799 -0.00349613 -0.00170307 -0.0024238 -0.000178208 -0.001241 -0.0017569 -0.000861419 -0.00278303 -0.000880074 -0.00132349 -0.00126852 -0.0026099 
-0.00284224 0.000523332 -0.000507976 -0.000761044 -0.00150697 -0.00228973 -0.00369074 -0.000245211 -0.00302345 -0.00160518 -0.00235558 -0.00455325 -0.00237075 0.00273053 -0.00462205 -0.0120819 -0.0084319 -0.00160454 -0.021895 -0.00665178 -0.00819446 -0.00231546 -0.00235219 0.234703 -0.00369179 -0.000576775 -0.00490105 -0.000658346 -0.00435925 -0.00103371 -0.00560399 -0.00202495 -0.00225702 -0.00199652 -0.000489415 -0.000309163 0.00131181 -0.00349143 -0.00373479 -0.00108975 -0.00277719 -0.000747786 -0.00218295 -0.00129432 -0.000553593 -0.000534407 -0.000957231 -0.00205015 -0.000435581 -0.00509376 -0.00131997 -0.00309617 -0.00338685 -0.00139355 0.00107891 -0.00134811 -0.000590671 -0.000417945 -0.00548785 -0.00206978 -0.00374432 -0.00321002 -0.000509081 -0.00214622 -0.0010215 -0.00109331 -0.00269192 -0.00343832 -0.00276745 0.00180628 -0.00203542 -0.00289293 -0.00211619 -0.00301066 -0.00365511 -0.0015542 -0.0028877 -0.00276903 -0.00108452 -0.000590621 -0.00258566 -0.000158049 -0.0014792 -0.00405293 -0.00117093 -0.000380884 -0.00136206 -0.00267157 -0.0015521 -0.00151793 -0.00190321 -0.00317805 -0.00189971 -0.000705176 -0.00107467 -0.00140801 -0.00087369 -0.00268821 -0.000144991 -0.00227156 
-0.00108616 -0.00274746 -0.00428919 -0.00362332 -0.00212876 -0.000384751 -0.0039679 -0.00288305 -0.0021848 -0.00219742 -0.0071156 -0.00342897 -0.0119014 -0.00471084 -0.00560353 -0.0133027 -0.00406555 -0.00300104 -0.00905977 -0.0100662 -0.00177268 -0.00293655 0.00231731 -0.00369179 0.249116 -0.00665037 -0.00292784 0.00266101 -0.00350092 0.00297447 -0.00525824 -0.000100492 -0.00155222 -0.00126511 -0.00282826 0.000330634 -0.00243947 -0.00142741 -0.00254738 -0.00414661 -0.00408779 -0.00159671 -0.00230345 -0.00196089 -0.00359061 0.000608453 -0.00161259 -0.00492756 -0.00192316 -7.25632e-05 -0.00415021 -0.00155195 -0.00677359 0.000343753 -0.00241988 -0.00155614 -0.00143664 -0.00190323 -0.00718039 -0.00187398 0.000261188 0.00117997 -0.00106397 -0.00241504 -0.00225315 -0.000740297 -0.0032645 -2.5513e-05 -0.00245922 -0.00262374 -0.000267225 -0.00520078 -0.000595546 -0.00281612 -0.00226894 -0.000398289 -0.00286057 -0.000955437 -0.000276913 -0.00101282 -0.00248709 -0.00177603 -0.00232043 -0.00205545 -0.000510243 -0.00278135 -0.00233438 -0.00246828 -0.000262923 -0.0033908 0.000743975 -0.000540574 -0.0012427 -0.00421107 -0.00249813 -0.00198883 -0.00147982 -0.00186678 -0.00264927 -0.000459027 
0.00105348 -0.00238794 0.000378952 -0.00112976 -0.00186752 -0.000927244 -0.0015378 -0.00335599 -0.00378361 -0.0041685 -0.00282232 -0.00580246 -0.00576904 -0.00609837 -0.00272983 -0.00814546 -0.00700035 -0.0087774 -0.0111229 -0.00856602 -0.00827323 0.00449106 -0.000621821 -0.000576775 -0.00665037 0.227011 -0.00516748 -0.000839341 -0.00136121 -0.00227013 0.000130692 -0.00101774 0.00219215 -0.000257701 -0.00078186 -0.00222278 -0.00048872 -0.00350976 -0.00428574 -0.00172303 -0.00152297 -0.00267578 -0.00127864 -0.00227211 -0.00164581 -0.000441131 -0.00251635 -0.00245621 0.000567256 -0.00225593 -0.0025882 -0.00312119 -3.87177e-05 -0.00321642 -0.00282021 0.000578073 -0.00304215 -0.0015606 -0.000150785 -0.00265642 -0.0012589 -0.00347155 -0.0012495 -0.00195421 -0.00146589 -0.00072892 -0.00344136 0.000277747 -0.000656292 -0.00246007 -0.00363665 -0.00150726 -0.00338438 -0.00320415 -0.00115163 -0.00205606 -0.00249428 -0.00113374 -0.00113633 -0.000698762 -0.00332401 -0.00279724 -0.00168961 -0.00322937 4.87415e-05 -0.00192427 -0.00140617 -0.000853479 -0.000188793 -0.00151315 -0.00121351 -0.00246706 -0.000992854 -0.00273461 -0.00193617 -0.00210204 -0.0017586 -0.00164274 -0.00423418 -0.00133132 
-0.0021519 -0.003894 -0.00363181 -0.00258647 -0.00122311 -0.000547658 -0.0036587 -0.000607608 -0.00172034 -0.00529377 -0.00305815 -0.00896785 1.88625e-05 0.00102747 -0.0082303 -0.00430338 -0.000310208 -0.00347728 -0.00857169 -0.00518524 -0.00502512 -0.00128563 -0.00225937 -0.00490105 -0.00292784 -0.00516748 0.234773 0.00231726 0.00288507 -0.00365673 -0.00457002 -0.00280001 0.000956004 -0.002169 -0.00278011 -0.000884211 -0.00307296 -0.00217592 -0.00330971 -0.000807163 -0.000704443 -0.00116366 -0.00140453 -0.00280726 -6.67611e-05 -0.00178038 -0.00159298 -0.00203836 -0.00233571 -0.00232003 -0.00308096 -0.00426093 -0.00383813 -0.000939563 -0.00316316 -0.00409816 -0.00212431 -0.00144594 -0.00491899 -0.00314069 -0.00370665 -0.00277581 -0.00323952 -0.00129459 -0.00139633 -0.000695071 -0.00221854 -0.00299772 -0.000679878 7.2595e-05 -0.00136392 -0.00190893 -0.00348548 -0.00285117 -0.00126378 -0.00125349 -0.0032669 -0.00135715 -0.00133369 -0.00384955 -0.000761308 -0.00309873 -0.00199532 -0.00120823 -0.00206835 -0.0020188 -0.00231892 -0.00468707 -0.00260862 -0.00179265 -0.00223717 -0.00161019 -0.00136857 -0.00151631 -0.00303321 -0.00166578 -0.00152246 -0.000226718 -0.00319021 0.000253571 
-0.00309098 -0.00105582 -0.00320033 -0.00641585 -0.00208527 -0.00241231 -0.00181456 -0.00246746 -0.00341105 -0.0014189 -0.00652153 -0.0047653 -0.00229125 -0.00889704 -0.000552766 -0.000389423 -0.0073642 -0.00526348 -0.00715898 -0.00146174 -0.010498 -0.00680514 -0.0013347 -0.000658346 0.00266101 -0.000839341 0.00231726 0.21986 -0.0039987 -0.000425333 3.13805e-05 -0.0012336 -0.000207322 -0.00461083 -6.84265e-05 -0.00251095 -0.0044021 0.000788411 -0.00301287 -0.00339171 -0.00322246 -0.00430598 -0.00263228 -0.000564106 -0.000580299 -0.00292117 -0.000150797 -0.00183768 -0.000311109 0.000175333 -0.00241637 -0.00488372 -0.00288136 -0.0018759 -0.00399596 -0.00195773 -0.00149968 -0.00185297 -0.00137829 -0.00313536 -0.00197547 -0.00323459 -0.00242591 -0.000876759 -0.00110414 -0.00161961 -0.00124525 -0.00187966 -0.000446301 -0.00124266 -0.00167449 -0.00167638 -0.000706919 -0.00383378 -0.00141009 0.00173604 0.000617131 -0.000298049 -0.00230723 -0.000501186 -0.00140068 -0.00237543 -0.00163363 -0.000785401 -0.00212886 -0.00139597 -0.00130219 -0.00239506 -0.00404877 -0.00419463 -0.00193542 -0.00163069 -0.00317889 -0.00213583 -0.00393057 -0.00303215 -0.0012532 -0.00193498 -0.000102917 -0.000493853 
-0.00119345 -0.00310316 -0.00209811 0.000985652 -0.00161763 -0.0015547 -0.0019805 -0.00118869 -0.000509114 -0.0014612 -0.00278476 -0.00345872 -0.00173538 -0.00390109 -0.0107704 -0.007083 -0.00928452 -0.00920495 -0.00610727 -0.00520567 -0.0067897 -0.00283464 -0.00540282 -0.00435925 -0.00350092 -0.00136121 0.00288507 -0.0039987 0.167181 -0.00052416 0.00279779 -0.00180661 -0.00410489 -0.00154518 -0.00233696 -0.00204365 -0.00179823 -0.00183854 -0.00146695 -0.000103975 -0.00093996 0.00107149 0.000586329 -0.00157782 -0.00166828 8.08094e-05 -0.00170519 -0.00284155 -0.00202322 -0.00122966 -0.00025903 -0.00204607 -0.00257882 -0.00192339 -0.000977133 -0.00235563 -0.000784716 -0.00120572 -0.000821153 0.00111088 -0.00211686 -0.00146571 -0.00078775 0.000156441 -0.000954059 -0.00120227 -0.000243006 -0.00169622 -0.00187884 -0.000778355 8.3421e-06 0.000436046 -0.00240581 0.000619481 -0.00131733 -0.00145175 -0.000830091 -0.000941821 -0.000214392 -0.000199846 0.000171247 0.000344797 -0.000535054 -0.000495921 0.00033109 -0.000690856 -0.00190895 -0.000446764 -0.000675571 -1.36811e-06 -0.00187217 0.000321511 -0.0020443 -0.000921024 0.000356679 -0.00190612 -0.000740316 -0.000852411 -0.00199661 -0.000877376 
-0.000907546 -0.000874447 -0.000929255 -0.00246739 -0.00122868 -0.000642224 -0.000318069 -0.00188695 -0.00122028 -0.000541014 -0.00182962 2.01495e-05 -0.00507668 -0.00882278 -0.00150507 -0.0103628 0.00164808 -0.00452789 -0.00912865 -0.00772054 -0.00223764 -0.00549557 -0.00409338 -0.00103371 0.00297447 -0.00227013 -0.00365673 -0.000425333 -0.00052416 0.159174 -0.00229354 -0.000647874 -0.00170591 -0.000863845 -0.00494491 -0.00119395 -0.00237133 -0.00263998 -0.00183314 -0.000501385 0.000713642 -0.00221206 -0.00188966 -0.00161258 -0.00223922 -0.000635478 -0.00148381 -0.0018833 -0.00202564 -0.000976911 -0.000719755 -0.0008414 -2.20857e-05 -0.00192291 -0.00058837 -0.00071781 -0.000781139 -0.000632207 -0.00129305 -0.000733962 -0.0017383 -0.00110257 -0.00175772 -0.00123269 -0.000438139 0.000375662 -0.00240968 -0.00103425 -0.000982211 0.000645291 -0.0011484 4.15787e-05 -0.0015452 -0.00209066 -0.00226053 -0.00216725 -0.000724373 -0.00259135 -0.00100092 0.00016986 0.000736503 -0.00179247 -0.00211762 -0.00208743 -0.00106671 -0.000682624 -0.00325763 -0.00215358 -0.00278492 -0.00090342 0.000435264 -0.00141543 -0.00110301 -0.000340341 -2.23e-05 -0.0019909 0.000141461 -0.000139763 0.00146886 -0.00052838 
-0.00216572 0.000144398 -0.00127577 -0.00136922 8.75654e-06 -0.00215312 -0.00072858 -0.00148602 -0.0021308 -0.000761891 -0.00124672 -0.00466686 -0.00384512 -0.00424853 -0.00394796 -0.00357544 -0.00663029 -0.00452173 -0.00210737 -0.00471751 -0.00198149 0.00032959 -0.00499645 -0.00560399 -0.00525824 0.000130692 -0.00457002 3.13805e-05 0.00279779 -0.00229354 0.172214 -0.000497718 -0.00202733 -0.00254973 -0.00058663 -0.00212177 -0.00226335 -0.00259192 -0.000753031 -0.00209836 -0.00145435 -0.000430665 -0.0024106 -0.00271143 -0.00106046 -0.000685514 -0.00191515 -0.0025606 -0.00168342 -0.00230631 -0.000790501 -0.00176968 -0.0021721 -0.0010424 3.13844e-05 -0.00129355 -0.00187869 -0.00168659 -0.0010511 -0.000782646 0.00011247 -0.00179189 -0.00439184 -0.00126389 -0.00102621 -0.000969705 -0.0012584 -0.00259302 -0.00144197 -0.00182774 -0.00105328 -0.00147504 -0.0015982 0.000316012 -0.00161144 -0.00239329 -0.000653711 -0.00243457 -0.00161434 -0.00232875 -0.000758095 -0.00303949 -0.00275806 -0.000748622 -0.00114975 -0.00150774 -0.00178867 -0.000570304 -0.000126379 -0.000757689 -0.00116673 -0.000284231 -0.000421496 -0.00146664 -0.00212053 -0.00193419 -0.000242862 -0.000608236 1.1619e-05 -0.00149312 
-0.00217766 -0.000635024 -0.000354987 0.000936713 -0.00178806 -0.000281899 -0.00162796 -0.00157469 -0.000385535 -0.00398682 -0.00357739 -0.00263468 -0.0025812 -0.0042357 -0.00483751 -0.00377094 -0.00313599 -0.00590583 -0.00251262 -0.00392416 -0.00571469 -0.00679629 -0.0046707 -0.00202495 -0.000100492 -0.00101774 -0.00280001 -0.0012336 -0.00180661 -0.000647874 -0.000497718 0.14116 -0.000380281 -0.00109414 -0.00268573 -0.000956763 -0.0022031 -0.00138542 -0.00268025 0.000500862 -0.000497026 -0.00162646 -2.07903e-05 0.000205557 -0.00160167 -0.00053254 -0.00155602 -0.000381748 -0.000682468 0.000578275 -0.00222741 -0.00194192 -0.00135808 -0.00139301 -0.000960013 -0.00147562 -0.000329194 -0.000812846 -0.00112722 -0.00121486 -0.00159574 -0.000777733 -0.0015559 -0.000936138 -9.26907e-05 -0.00110298 -7.04134e-05 0.000287996 -0.00133492 -0.00116638 -0.000390218 -0.00169056 -0.00132822 -0.00153745 -0.000207743 -0.00127897 -0.00178142 -0.000875644 0.000290966 -0.00162839 -0.00124668 -0.000394611 -0.000177401 -0.000614016 -0.000584142 -0.000394273 -0.00113844 0.000178973 -0.00111546 -0.00200806 -0.00093225 -0.000874297 -0.00222161 6.74099e-05 -0.00119942 -0.000834211 -0.000959886 -0.000785197 -0.00146668 0.000455553 
0.000453058 -0.00168914 -0.00197808 -0.000861229 -0.0015084 -0.00125123 -0.00180724 -4.74688e-05 -0.00316019 -0.00263512 -0.00299844 -0.00443684 -0.00439999 0.00127684 -0.00345571 -0.00702014 -0.00261372 -0.00259291 -0.00424432 -0.000410608 -0.00304143 -0.00457132 -0.00234923 -0.00225702 -0.00155222 0.00219215 0.000956004 -0.000207322 -0.00410489 -0.00170591 -0.00202733 -0.000380281 0.134266 0.000984924 -0.000183721 0.000333947 0.000463617 -0.00210171 -0.000568431 -0.00193687 -0.00194692 -0.0011963 -0.00140825 -0.0020371 -0.000614941 -0.000558207 -0.00150214 -0.00197583 6.68062e-05 -0.000617193 -0.00154999 -0.000856318 -0.00115696 -0.00146734 -0.00126877 -0.000646094 -0.00113254 -0.000937412 -0.00152353 -0.00166552 -0.00143779 -0.000565223 -0.000737501 -0.000173759 -0.000293797 -0.00101452 -0.00216737 -0.000719057 -0.00165204 -0.000712751 -0.00103829 -0.00121563 -0.00314013 -0.000546262 0.000215755 -0.00238016 -0.00110233 -0.000586087 -0.00054602 -0.000557296 -0.000656014 -0.00330091 -0.000816004 -0.00256065 -0.000409205 -0.000489237 -0.000102996 -0.00164093 -0.00241229 -0.00178545 -0.000661499 -0.00178361 0.000204837 -0.00130228 -0.00139254 -0.00138268 -0.00134229 0.00012054 -1.37993e-05 -0.000735992 
