0.0920563 -0.000469451 0.000284265 0.000762195 -0.000431609 -0.000434004 -0.00122922 -0.00102504 0.00145358 -0.001179 -0.00333069 -0.00232565 -0.000507305 -0.000411341 -0.00264484 -0.00395704 -0.00065196 -0.000501173 -0.00202008 -0.00234037 -0.00399578 -0.00110946 -0.00123612 -0.00243985 -0.00205179 -0.000751489 -0.0028161 -0.00140706 -0.00291826 -0.000585647 -0.00140481 -0.00122838 -0.000286247 -0.00109779 0.000869021 -0.00137459 -0.00108649 1.79904e-05 -0.000579829 -0.000834603 -0.000899146 -0.000886149 -0.000625684 -0.00105029 -0.000533575 -0.000854827 -0.000865417 -0.000388435 -0.000268559 -0.000383436 -0.000770836 -0.000714651 -0.000839921 0.000387649 -0.0010872 -0.000718915 -0.00104508 -0.00179657 -0.000655661 -0.00106194 -0.00072813 -0.000483135 -0.00112293 -0.00105857 -0.00184371 -0.00161349 -0.000929586 -0.00107229 -0.000816721 -0.00103712 -0.000618281 -0.00100019 -0.00132601 -0.000526269 -0.000527222 -0.00147263 -0.000990309 -0.00114908 -0.000348671 -0.000858749 -0.000723096 -0.00119263 -0.00035176 -0.00062911 -0.000786823 -2.33908e-05 -0.000632135 -0.000567329 -0.00105456 -0.000497009 -0.000932176 -0.000431705 -0.0011113 -0.000290884 -0.000394631 -0.000710731 0.000606879 -0.000243135 -3.68962e-05 -0.00019613 
-0.000469451 0.0854345 -0.000385428 -0.000821383 -0.000670186 -0.00040513 -0.000735104 -0.00157728 -0.000525996 -0.00140863 -0.000968408 -0.00461219 -0.00287354 -0.00161938 -0.00095342 -0.00172074 -0.000626612 -0.00208056 -0.00296752 -0.000649512 -0.00569909 -0.00114081 -0.00108693 -0.00169892 -0.00306945 -3.15529e-05 -0.00459669 -0.000600201 -0.00262618 -0.00112725 -0.000734074 -0.00101356 -0.000415715 0.000123925 -0.000598573 -0.000813461 -0.000713297 -0.000513478 -0.000505961 -0.000927688 -0.000220352 0.000348791 -0.000120029 -0.000418522 -0.000578313 -0.000601262 -0.000985857 -0.000909892 -0.000709139 -0.000770771 -0.000794895 -0.000957453 -0.000319761 8.57606e-06 -0.000273309 -0.000423779 -0.000618447 -0.000863726 -0.000643839 -0.00085628 -0.000338481 -0.000349069 -0.000435967 -0.000778235 -0.000680319 -0.000885044 -0.000394034 0.000397848 -0.000590123 -0.00096772 -0.000471125 3.72903e-05 -0.000636173 -0.00155062 -0.000130471 5.6623e-05 -9.21358e-05 -0.000675082 -0.000684211 -0.00153398 -0.000152403 -9.23428e-05 -0.000657678 -0.000281774 -0.000657475 -0.000600856 -0.000543229 -0.000556742 -0.000824491 -0.000569666 -0.00109759 0.000353824 -0.000710741 -0.000763073 -0.000643552 -0.000987854 -0.000786613 0.00038293 -0.000654348 -0.000322189 
0.000284265 -0.000385428 0.073665 -0.000280164 0.000545646 0.000101991 -0.000583898 0.000372672 -0.00200491 -0.00214073 -0.00213702 -0.000287464 -0.00120546 -0.0029618 -0.00185177 -0.000915522 -0.00307309 -0.000458161 -0.00104845 -0.00140756 4.94867e-05 -0.00459747 0.000622847 -0.00199595 -0.00317439 -0.00557748 -0.0027588 -0.00207952 -0.00313137 -0.00179156 -0.000644595 -0.000806656 0.000200935 -0.000510338 -0.000682094 -0.000188307 -0.000193752 -2.58104e-06 -0.000647156 -4.03948e-05 -0.000480865 -0.00028251 -0.000737206 -0.00108979 -6.40569e-05 -8.35449e-05 -0.000592014 -0.000298936 0.000175235 -0.000510756 -0.000510569 -0.0013203 -0.000535269 -0.00044177 -0.000359579 -0.00033348 -0.000485208 -0.00101154 -0.000821048 -0.000637332 -0.000771772 -6.40555e-05 4.64754e-05 -0.000373463 -0.000899455 0.000119589 -0.000611862 -0.00067847 -1.12386e-05 -0.000732627 -0.000481478 -0.000458676 -0.000413643 -0.000492029 -0.000544881 -8.67359e-05 -0.000540607 -0.000102699 -0.000603001 -0.000641099 -0.00030644 0.00042332 -0.000259875 6.58437e-05 -0.00119341 0.000142659 0.000157445 -0.000367578 -2.84437e-05 -0.000807559 -0.00058402 -0.00124254 7.57094e-05 -0.000133281 -0.000526991 -0.000537388 -0.00130705 -0.000779091 0.000448192 -0.000756255 
0.000762195 -0.000821383 -0.000280164 0.102696 -0.00174297 -0.000491267 0.000737274 -0.000514198 0.000505287 -0.00157665 -0.00174834 -0.00217723 -0.00386726 -0.00147295 -0.0024459 -0.00168715 -0.00161645 0.00040011 -0.00221067 -0.00152455 -0.00125586 -0.00213393 -0.00400583 -0.00580484 -0.00242519 0.00175981 -0.000829255 -0.00197589 -0.000423779 -0.00195543 -0.000576053 -0.00139065 -0.0011256 -0.000527349 -0.00172793 -0.000967742 -0.000597659 -0.00107916 -0.000997429 -0.000429475 -0.000848129 -0.000501445 -0.000410039 -0.00119603 -0.000539872 -0.000512077 -0.000391122 -0.00022539 -0.000490869 -0.00105621 -0.00210328 -0.00188456 -0.00102452 -0.000419933 -0.000995192 -0.000659003 -0.0002974 -0.000667546 -0.000908686 -0.00116407 -0.00158547 -0.00121797 -0.000927776 -0.000131331 -0.000794713 -0.00153018 -0.000946247 -0.000723039 -0.000619801 -0.00067199 -0.00130674 -0.00139009 -0.000279719 -0.00135219 -0.000780867 0.000561878 0.000143834 -0.00129899 -0.00166805 -0.00150561 -0.000683547 0.000257018 -0.00192917 -0.00094979 -0.00143527 -0.000248649 -0.0010517 -0.00111031 -0.000830387 -0.000528942 0.000171671 -0.000925305 -0.00162723 5.74034e-05 -0.00172362 -0.00157827 -0.00146317 -0.00179658 -0.000581082 -0.000156949 
-0.000431609 -0.000670186 0.000545646 -0.00174297 0.0914914 -0.000128709 0.000303566 -0.000919892 0.000406485 0.00143155 -0.00231422 -0.00189806 -0.00230458 -0.00162072 -0.00422396 9.98015e-06 -0.0027913 -0.00130869 -0.00521716 -0.000154395 -0.00155097 -0.00343687 -6.29293e-05 -0.00163527 -0.00468229 -0.00246877 -0.0034109 -0.00246809 -0.00365181 0.000274269 -0.00241494 -0.00267283 -0.000897565 -0.000653748 -0.00072989 -0.00121289 -0.000632788 -0.00113428 0.000540853 -0.0003574 -0.000287047 -0.000986358 -0.00149282 -0.00092661 -0.000695868 -8.68362e-05 -0.00158644 -0.00105194 -0.000644756 -0.000159543 -0.000842548 -0.000981607 -0.000612178 -0.0010018 -0.000688514 5.6105e-05 -0.000244262 -0.000818051 -0.00116712 -0.000820255 -0.000971573 -0.000502531 -0.00120178 -0.000424699 6.99468e-05 0.000461214 -1.93305e-05 -0.00080653 -0.000669473 -0.000405904 -0.000228822 -0.0011703 -0.000573381 -0.000258746 -0.000479286 0.000233354 0.000118347 -0.000751264 -0.000447477 -0.000648861 -0.000871487 0.000157707 -8.41933e-05 -0.000722148 -0.000673778 -0.000882976 -0.000542107 -0.00079644 -0.000227117 -0.00031013 -0.000576943 -0.000281678 -0.000606303 -0.00128515 -0.000984106 0.000101182 -0.000199476 -0.000714489 6.19505e-05 -0.00204981 
-0.000434004 -0.00040513 0.000101991 -0.000491267 -0.000128709 0.0884336 -1.16446e-05 1.54414e-05 -0.00113731 -0.000578179 0.000188285 -6.00069e-05 -0.00132707 -0.00208019 -0.00160158 -0.00321173 -0.000270115 -0.00243671 -0.000899334 -0.0032561 -0.000970512 -0.00382315 -0.00576991 -0.00341939 -0.00319125 -0.0027118 -0.00066631 0.000143308 -0.00192436 -0.00156325 -0.0013371 -0.000374997 -0.000934194 -0.00207748 -0.000808983 -0.00105732 -0.00128683 -0.00128803 -0.0012569 -0.00118089 -0.000340133 -0.000525916 -0.000504266 -0.000108867 -0.000316426 0.00032117 -0.00106241 -0.000597437 -0.000555061 -0.00010685 0.000205336 -0.00116417 -0.000763721 -0.000484223 -0.000540217 1.39593e-05 -0.00113139 -0.000636309 -0.000941629 -0.000787828 -0.000593236 -0.00121928 -0.00108137 0.000121051 -0.000347065 -0.000461099 -0.000416676 -0.00075473 -0.000604111 -0.000305917 -0.000674703 -0.000758886 -0.000328521 -0.000905201 -0.000912644 -0.000721956 -0.000814156 -0.000487771 -0.000883498 -0.000913248 -0.0011045 -0.00117717 -0.00020011 -0.000103685 -0.00168563 -0.000378042 -0.000823118 0.000572916 0.000137339 -0.000889257 -0.000767676 -0.000811903 -0.000349039 -0.000237537 -0.000563946 -6.5658e-05 -0.000632067 -0.00084585 -0.00112265 -0.000773936 
-0.00122922 -0.000735104 -0.000583898 0.000737274 0.000303566 -1.16446e-05 0.0854513 -0.000206321 -0.000335304 3.62382e-05 -0.000178731 -0.000517124 -0.00285899 -0.00316369 -0.0035204 -0.00410545 -0.00307133 -0.00505529 -0.00215636 -0.00232366 -0.000379418 -0.000819747 -0.002767 -0.00105418 -0.001177 -0.00328448 -0.00419756 -0.00154095 0.00110702 -0.00134313 -0.00112606 -0.00146525 -0.00059955 -0.000142404 -0.000527704 -0.00110363 -0.000746517 0.000169653 -0.00063256 -0.00044764 -0.000667132 -0.000595834 -0.000469981 -0.000520903 -0.00027334 -0.000847428 -0.000916123 2.18695e-06 -0.000221239 -0.000416412 -0.000245844 0.000446416 -0.00032484 -0.000515752 -0.00061499 -0.000991988 -0.000466692 -5.09726e-05 -0.000516237 -0.00102906 -0.00052277 -0.00135166 -0.000892272 0.000117712 -5.39601e-05 -0.00077645 -0.000735553 -0.00109371 -0.00111478 -0.000970341 -0.000396629 -0.000306394 0.000337515 -0.000647522 -0.000921942 -0.000913844 0.000117935 -0.000502917 -0.000582604 -0.000644693 -0.00104837 -0.000696048 -0.000365133 0.000148845 -0.00112941 -0.00073872 -0.000689018 -0.00106854 -0.000730747 -0.000691586 -0.000573835 4.19727e-05 -0.000143521 -0.000245255 -0.000586937 -0.0010159 -0.0008801 -0.00132181 -0.00125563 -0.000316969 
-0.00102504 -0.00157728 0.000372672 -0.000514198 -0.000919892 1.54414e-05 -0.000206321 0.107986 -0.00220095 0.00240726 -0.0016046 0.0016501 -0.00187156 -0.00276864 -0.00181337 -0.00323299 -0.00588068 -0.00429166 0.000248618 -0.00211264 -0.00173881 -0.00109803 -0.00193526 -0.00402087 -0.00431317 -0.00425468 -0.00546622 -0.000276215 -0.00449602 -0.00113684 -0.000889427 -0.00248856 -0.00239747 -0.00175128 -0.000883176 -0.000497936 -0.000220729 -0.000149052 -0.000503901 -0.00053532 -0.00163879 -0.000474484 -0.000981789 5.38021e-05 -0.000149811 -0.000959157 0.00025857 -0.0010207 -0.000992833 -0.000344276 -0.00115167 -0.00222819 -9.44486e-05 -0.000470172 -0.000768375 -0.000374949 -0.000688788 -0.000170011 -0.000928897 -0.000718722 -9.7875e-05 -0.000921225 -0.000595783 -0.00011975 -0.000782639 -0.00203908 -0.000585925 -0.000649668 2.80092e-06 -0.000779121 -0.000271513 0.00019625 -0.00145993 -0.000171833 -0.000210714 -0.000332912 -0.00101026 -0.000461866 -0.00109591 -0.00128815 -0.00122757 -0.00110581 -0.000899972 -0.000799857 -0.00175965 -0.000466729 -0.00108399 -0.000422554 -0.000822433 -0.000929668 -0.000558027 -0.00107979 -0.00179334 -0.000212209 -0.000225837 -7.77646e-05 -0.00136348 -0.000699028 -0.00109448 -0.000466475 
0.00145358 -0.000525996 -0.00200491 0.000505287 0.000406485 -0.00113731 -0.000335304 -0.00220095 0.114361 7.80357e-05 -0.00143345 -0.00276449 -0.000834522 -0.00317633 -0.00125411 -0.00198978 -0.000584175 -0.00295983 -0.00112712 0.000145655 -0.00521965 -0.00212741 -0.00271722 -0.000432413 -0.00458735 -0.0032574 -0.000904687 -0.00163414 -0.00173295 -0.00216251 -0.00202836 -0.00122775 -0.00160162 -0.00182597 -0.0014065 -0.000456705 -0.000851674 -0.00115522 -0.00159898 -0.00140859 -0.00216172 -0.0016554 -0.000533978 -0.00183999 5.00723e-05 -0.000929006 -0.0011085 0.000371799 -0.00161428 -0.00051904 -0.00127181 -0.00111656 -0.000483782 -0.000931973 -0.000984826 -0.000572504 -0.00103843 -0.000593922 -0.000805704 -0.00119838 -0.000737123 -0.00129658 -0.00060496 -0.00111805 -0.00165638 -0.00194532 -0.000865543 -0.000490006 -0.000534079 -0.000792413 -0.000392554 -0.000453509 -0.00117971 -0.00172555 -0.0011185 -0.00163475 -0.00208172 -0.000989703 -0.00064284 -0.000658445 0.000318066 -0.000992035 -0.000430437 1.92111e-05 -0.0013284 -0.000815191 -0.00139353 -0.00171555 -0.00219427 -0.00127704 -0.00119821 -0.000898765 -0.000444191 -0.000437481 -0.00096431 -0.000341273 -0.000508159 -0.000726242 -0.000552665 -0.000548685 
-0.001179 -0.00140863 -0.00214073 -0.00157665 0.00143155 -0.000578179 3.62382e-05 0.00240726 7.80357e-05 0.146597 -0.00373807 0.000525352 -0.000950907 -0.000618342 -0.00200364 0.00167717 -0.00532711 -0.00402334 -0.00322595 -0.00375201 -0.00356169 -0.00322114 -0.00600179 -0.00396512 -0.00418325 0.00161996 -0.00602863 0.000721125 -0.0045697 -0.00298239 -0.00149096 -0.00326638 -0.00344238 -0.00156623 -0.000390097 -0.00263061 -0.00169148 -0.00108873 -0.000531286 -0.00165777 -0.00150341 -0.00134767 -0.00214119 -0.00147345 -0.0007081 4.82057e-05 -0.000372244 0.000425789 -0.00220925 -0.00244282 -0.0027196 -0.00272441 -0.00169209 -0.00107145 -0.000311158 -0.00135583 -0.00182613 -0.00119398 -0.00145308 -0.0012046 -0.00154863 -0.00139817 -0.00132546 -0.00148239 -0.00134304 -0.000694091 -0.000132223 -0.00114383 0.000379603 -0.00118843 -0.00309231 -0.00240771 -0.00112598 -0.00163081 -0.00116922 -0.0011292 -0.00110563 -0.00208982 -0.00116842 -0.00105081 -0.00144243 -0.000259938 -0.00217793 -0.000613296 -2.68862e-05 -0.000694338 -0.000678766 -0.000801925 -0.00122208 -0.000315522 -0.000254945 7.21151e-05 -0.000563241 -0.00119783 -0.00189849 -0.00103158 -0.00123267 -0.000913955 -0.00112877 -0.00279593 
-0.00333069 -0.000968408 -0.00213702 -0.00174834 -0.00231422 0.000188285 -0.000178731 -0.0016046 -0.00143345 -0.00373807 0.16265 -0.00293947 -0.000934544 -0.000725931 -0.0011812 -8.27829e-05 -0.0088892 -0.00623521 -0.00239617 -0.00637904 -0.0019764 -0.00430053 0.00149681 -0.00565937 -0.000649018 -5.08603e-05 -0.000955134 -0.00356832 -0.00384901 -0.00160165 -0.00423859 -0.0044082 0.000204627 -0.00214854 -0.00219902 -0.00223669 -0.00172406 -0.00166059 -0.00155542 -0.00304239 -0.00149584 -0.00285511 5.49606e-05 -0.00244498 -0.000688082 -0.000661518 -0.00113609 -0.0016074 -0.000868764 -0.00100725 -0.0022426 6.00581e-05 -0.00264675 0.000214023 0.000396919 -0.000545265 -0.00120918 -0.0017282 -0.00134135 -0.00291634 -0.000450908 -0.00283558 -0.000312908 -0.00150507 -0.00035523 -0.00100997 -0.00108674 -0.00250241 -0.0016037 -0.00170822 -0.00133767 -0.00287452 -0.000979926 -0.00199187 -0.00144474 -0.00271286 -0.000866164 -0.00154413 -0.000856666 -0.000593323 -0.0014341 -0.00286949 -0.000504038 -0.000966929 -0.00166509 -0.00179807 -0.000707629 -0.00185299 -7.70383e-06 0.000468019 -0.000321661 -0.00165359 -0.000735199 -0.000784036 0.000470876 -0.000445658 -0.0015537 -0.000953761 -0.000682065 -0.000260492 
-0.00232565 -0.00461219 -0.000287464 -0.00217723 -0.00189806 -6.00069e-05 -0.000517124 0.0016501 -0.00276449 0.000525352 -0.00293947 0.167022 -0.000366545 -0.00570166 0.000878394 -0.00427809 0.00222467 -0.00553097 -0.00110837 -0.00884251 -0.00327634 -0.00206301 -0.000354243 -0.00606717 -0.00395466 -0.00186806 -0.00643153 -0.00194175 -0.000962651 -0.00294259 0.00056974 -0.00343787 -0.003833 -0.00156178 0.000159449 -0.00179197 -0.00253182 -0.0018333 -0.00178573 -0.00189818 -0.00171055 -0.000687784 -0.0019357 -0.000534578 -0.00178434 -0.000719087 -0.00140865 -0.00243187 -0.00142475 -0.000315904 -0.00215454 -0.00295125 -0.00167958 -0.000927031 -0.00176783 -0.00188576 -0.00194462 -0.00158902 2.88305e-06 -5.20637e-05 -0.00113791 0.000185762 -2.65338e-05 -0.00177613 -0.00220441 -0.00259237 -0.00220943 -0.00133087 -0.000794848 -0.000622775 -0.000621393 -0.00102056 -0.00261694 -0.00200425 -0.000260288 -0.00229019 -0.00221601 -0.00091484 -0.00164598 -0.00176949 0.000327196 -0.00245633 -0.000666359 -0.00189706 -0.00192516 -0.00207214 -0.00133615 -0.000881259 0.00014833 -0.00114137 -0.000387102 -0.00166094 -0.000421864 -0.00184524 -0.00182319 -0.00259013 -0.00249526 -0.000548736 0.000262928 -0.00190248 
-0.000507305 -0.00287354 -0.00120546 -0.00386726 -0.00230458 -0.00132707 -0.00285899 -0.00187156 -0.000834522 -0.000950907 -0.000934544 -0.000366545 0.199299 -0.00427693 -0.00322062 -0.0025406 -0.000327413 -0.0036654 0.000716313 -0.010903 -0.00456508 0.00115398 -0.00317721 -0.00312348 -0.00639101 -0.00247232 0.00108872 -0.00189599 -0.00378203 -0.00482723 -0.00451279 -0.00173659 -0.00010079 -0.00138334 -0.00176294 -0.000562581 -0.00308798 -0.00395219 -0.00175171 -0.0022197 6.43908e-05 -0.00179984 -0.00189252 -0.00190385 -0.0022268 -0.0011778 -0.00114729 -0.00150836 -0.00274951 -0.000763905 -0.00165474 -0.000894608 0.00156619 -0.00218218 -0.000628467 -0.00255336 -0.00188471 -0.00292816 -0.0016077 -0.00279272 -0.00300956 -0.00143459 -0.00230806 -0.001935 -0.0012168 -0.00105974 -0.00233047 -0.00150101 -0.00142425 -0.00192894 -0.00154107 -0.0020394 -0.00308506 -0.00211268 -0.00238222 -0.000837836 -0.00160602 -0.00134631 -0.00169997 -0.000353732 -0.00207312 -0.00170556 -0.00242516 -0.0027835 -0.00340514 -0.00233567 -0.000871932 -0.000115501 -0.00153347 -0.00181741 -0.00258549 -0.00154282 -0.00185777 -0.00220582 -0.00247852 -0.000869861 -0.00221794 -0.00226423 -0.00276035 -0.00244881 
-0.000411341 -0.00161938 -0.0029618 -0.00147295 -0.00162072 -0.00208019 -0.00316369 -0.00276864 -0.00317633 -0.000618342 -0.000725931 -0.00570166 -0.00427693 0.210396 -0.00386782 0.00170233 -5.50386e-05 -0.00710388 -0.00122166 -0.00422066 -0.00396019 -0.00338418 -0.00914253 -0.00323387 -0.000334922 -0.00774215 -0.00398801 -0.00938705 -0.00548063 -0.00488749 -0.00379109 -0.00544257 -0.00382322 0.000656745 -0.00305217 -0.000415785 -0.00341124 -0.00290843 -0.00135947 -0.00326066 -0.00234621 -0.0021741 0.000673865 0.000707174 -0.000954133 -0.00106866 0.00117375 -0.00305445 -0.000287892 -0.000789212 -2.59752e-05 -0.00191109 -0.00149385 -0.00190633 -0.000282649 -0.00311175 -0.000113208 -0.00120899 -0.00140542 0.000564281 -0.00254276 -0.000155517 0.00130844 -0.00242909 -0.00243137 -0.000636216 -0.000872042 -0.000314219 -0.00249559 -0.003597 -0.00148378 -0.0021698 -0.00049414 -0.00396493 0.000173263 -0.00262474 -0.000176904 -0.00109456 -0.00143075 -0.000954371 -0.00257117 -0.00247214 -3.4221e-05 -0.00279595 -0.00151878 -0.00352836 -0.000298045 -0.00196908 -0.00129165 -0.00147262 -0.00285099 -0.00149043 -0.000326221 -0.00375306 -0.00129258 -0.0030303 -0.00263719 -0.000901134 -0.0039919 -0.00105602 
-0.00264484 -0.00095342 -0.00185177 -0.0024459 -0.00422396 -0.00160158 -0.0035204 -0.00181337 -0.00125411 -0.00200364 -0.0011812 0.000878394 -0.00322062 -0.00386782 0.224191 0.000313408 -0.00981821 -0.00366575 -0.00135473 -0.0114196 0.000137777 -0.00781855 -0.00217997 -0.00332517 0.000257243 -0.00175728 -0.00704459 -0.000658301 -0.00161024 -0.00479166 -0.00221691 -0.00500619 -0.00668743 -0.00370814 -0.000303076 -0.00103777 -0.00424086 -0.00224519 -0.00245553 -0.000832099 -0.00342773 -0.00186759 -0.00288093 -0.00254472 -0.00117658 -0.0024645 -0.000690947 -0.00199514 -0.00260752 -0.00203573 -0.00243586 -0.00343499 -0.00139586 -0.0011744 -0.00115699 -0.00177616 -0.00434858 -0.000965174 0.000198967 -0.00436693 -0.000418839 9.12042e-05 -0.00392264 -0.00297287 0.000356267 -0.00148347 0.000119056 -0.00225953 -0.00207039 0.000167848 -0.00196414 -7.44479e-05 -0.00281322 -0.00395638 -0.00139106 -0.0045167 -0.00285307 -0.00288914 -0.00267726 0.000540124 -4.53111e-05 -0.00204638 -0.00247982 -0.00267593 -0.00264421 -0.000432072 -0.00117496 -0.00164517 -0.00171236 -0.000543566 -0.00221552 0.000223471 -0.00353645 -0.00203426 -0.00252028 -0.00533025 -0.00225443 -0.001725 -0.000364436 0.00167457 
-0.00395704 -0.00172074 -0.000915522 -0.00168715 9.98015e-06 -0.00321173 -0.00410545 -0.00323299 -0.00198978 0.00167717 -8.27829e-05 -0.00427809 -0.0025406 0.00170233 0.000313408 0.233263 -0.00758695 -0.00442602 -0.0109936 -0.000512628 -0.0077501 -0.00605203 -0.00852337 -0.00974935 -0.00401865 0.00124501 -0.0115369 -0.00595741 -0.00472886 -0.00474397 -0.00331042 -0.00713203 -0.00183698 -0.00199526 -0.00447802 -0.000694045 0.000568063 -0.00277524 -0.00312417 -0.00054766 -0.00187039 0.000578474 0.000377776 -0.000441594 -0.0033556 -0.00178993 -0.00161319 -0.000931811 -0.000494494 -0.000960956 -0.00252115 -0.0001229 -0.0023534 -0.00241765 -0.00404202 0.000137298 -0.00266719 -0.00261706 -0.00350087 -0.000996288 -0.0035112 -0.00377596 -0.00216593 -0.00393101 0.000155979 -0.00160069 -0.00134727 -0.00293601 -0.000661988 -0.00215936 -0.00257006 -0.00300457 -0.00127488 0.00120783 -0.00146782 -0.000318932 -0.0016897 -0.00266613 -0.00111891 -0.000109196 -0.00159843 -0.00174053 -0.000991132 -0.00404321 -0.000207635 -0.0014368 -0.000979675 -0.00371325 -0.00172348 -0.00164103 -0.00370255 -0.00339958 -0.000295367 -0.00301975 -9.53093e-05 0.000850129 0.00158335 -0.000656693 -0.0013944 -0.00382973 
-0.00065196 -0.000626612 -0.00307309 -0.00161645 -0.0027913 -0.000270115 -0.00307133 -0.00588068 -0.000584175 -0.00532711 -0.0088892 0.00222467 -0.000327413 -5.50386e-05 -0.00981821 -0.00758695 0.241706 -0.00216993 -0.000683171 0.00568074 -0.00500394 -0.00752916 -0.00792113 -0.0061169 -0.0105651 -0.00548289 -0.00215886 -0.00909725 -0.00227231 -0.00264878 -0.00346535 0.00255098 -0.00510445 -0.0036421 -0.00270099 -0.00187077 0.000679783 0.00066143 -0.00229402 -0.00485296 8.26053e-05 -0.000627961 0.000100068 -0.00104872 -0.00235499 -0.00119564 -0.00218464 -4.30232e-05 -0.00330956 -0.00256914 -0.00273619 -0.000716932 -0.00198636 -0.00130089 -0.00204479 -0.00247726 -0.00246393 -0.00212009 -0.0020735 -0.00400845 -0.00209363 -0.00447503 -0.00151984 -0.00182022 -0.00194291 -0.00368546 -0.00205759 -0.00362706 -0.00188459 -0.00125055 -0.000180854 0.000149151 -0.00274051 -0.00221824 -0.00339885 -0.00381923 -0.00152325 0.000525238 -0.00196622 -0.0006934 -0.0014396 -0.00463741 -0.00131915 -0.00271063 -0.00102181 -0.00174316 -0.00212772 -0.000822471 -0.00258695 -0.00334474 -0.00197907 -0.00183623 -0.00198227 -0.00165843 -0.0034233 -0.00280412 -0.00161963 -0.000833266 -0.00347831 -0.000683235 
-0.000501173 -0.00208056 -0.000458161 0.00040011 -0.00130869 -0.00243671 -0.00505529 -0.00429166 -0.00295983 -0.00402334 -0.00623521 -0.00553097 -0.0036654 -0.00710388 -0.00366575 -0.00442602 -0.00216993 0.249218 -0.00204388 -0.0057243 -0.00151088 -0.0079031 -0.0057654 0.000689837 -0.00306678 -0.0128167 -0.00130452 -0.00422484 -0.004648 -0.000904622 -0.00689819 -0.00316079 0.00118631 -0.00725202 0.00011063 -0.00175111 -0.00341924 -0.00356924 -0.00138321 -0.00326147 -0.00150527 -0.000650507 -0.00351407 -0.00230461 -0.00124214 -0.0017018 -0.00234531 -0.00293725 -0.00217384 -0.000776149 0.0002378 -0.00103902 -0.000421675 -0.00163773 -0.00313777 -0.00264156 -0.00207162 -0.00142654 -0.00135271 1.0109e-05 -0.00351184 -0.00165144 -0.00138225 -0.00139273 -0.00138145 -0.00201994 6.72961e-05 -0.00111073 -0.00331887 -0.00272003 -0.00153114 -0.00204444 -0.0030259 -0.00319468 0.000521869 -0.000996762 -0.00113171 -0.00432047 -0.0017841 -0.00499355 -0.00202642 -0.00318501 -0.0013131 0.000269314 -0.00277167 -0.00241739 -0.00273832 -0.00120798 -0.00290745 -0.00206509 -0.00224626 -0.00141355 -0.000382257 -0.000597972 -0.00377582 -0.00368279 -0.00266205 -0.00200073 -0.00291443 -0.00149082 
-0.00202008 -0.00296752 -0.00104845 -0.00221067 -0.00521716 -0.000899334 -0.00215636 0.000248618 -0.00112712 -0.00322595 -0.00239617 -0.00110837 0.000716313 -0.00122166 -0.00135473 -0.0109936 -0.000683171 -0.00204388 0.249316 -0.0110424 -0.00763301 0.000582803 0.00031257 -0.00509364 -0.00851979 -0.00815077 0.00342654 -0.00269277 -0.0111567 -0.00945135 -0.0045024 -0.00651995 4.66697e-05 -0.00590366 -0.000106436 -0.00392411 -0.00198757 -0.00276088 -0.00189971 -0.0028974 -0.00347197 -0.00283867 0.000694431 -0.000518297 -0.000209179 -0.00308873 -0.0017457 -0.00139485 0.000856297 -0.00119971 -0.00230847 -0.00379077 -0.00236055 -0.00127638 -0.000268075 -0.00564578 -0.00287596 0.000324024 -0.000301051 -0.00185086 -0.004756 -0.00033286 -0.00263406 -0.00206873 -0.00287304 -0.00145121 0.000417272 -0.00199319 -0.000269695 -0.00469062 -0.00347354 -0.00493151 -0.00214953 -0.00129489 -0.00298357 -0.00154042 -0.00200643 -0.00126384 -0.00298168 -0.00361055 -0.0025105 -0.00337082 -0.00117488 -0.00095767 -0.00127133 -0.00125096 -0.002796 -0.000224475 -0.00374579 -0.0037469 -0.000895939 -0.00269853 -0.00144538 -0.00133197 -0.000486195 -0.00187102 -0.000674028 -0.00356416 -0.00479754 -0.000760757 
-0.00234037 -0.000649512 -0.00140756 -0.00152455 -0.000154395 -0.0032561 -0.00232366 -0.00211264 0.000145655 -0.00375201 -0.00637904 -0.00884251 -0.010903 -0.00422066 -0.0114196 -0.000512628 0.00568074 -0.0057243 -0.0110424 0.247025 0.00101454 -0.00513511 0.000159104 0.00486094 -0.0100444 -0.0123313 0.00368605 -0.00772999 -0.00640889 -0.00512219 -0.00581885 -0.00296956 -0.00878703 0.000174505 -0.00515598 -0.00370378 -0.00216606 -0.00220049 -0.00109415 -0.00342098 -0.000881476 -0.0037283 -0.00180842 -0.00254047 -0.00196125 4.28221e-05 -0.0050388 -0.000847163 -0.00611691 -0.00147007 -0.000501072 0.000150932 -0.000330015 -0.00124211 -0.00295173 0.00162751 -0.000432709 -0.00157374 -0.00316722 -0.00245529 -0.00228968 -0.00358685 -0.00152453 -0.00277814 -0.000788409 -0.00363308 -0.000646235 -0.000119544 -0.00350258 0.000667041 -0.00182428 -0.000977265 -0.000851956 1.3393e-05 -0.00171001 -0.00278761 1.88943e-06 -0.00144035 -0.00186489 -0.00228443 -0.000726727 -0.00288786 -0.00476316 -0.00181293 -0.00381129 -0.000208042 -0.00293578 -0.00270386 -0.00116221 -0.00209179 0.000163813 -0.00290484 -0.00296829 -0.00277285 7.3006e-05 -0.000621823 -0.00155686 -0.00300949 -0.00143208 0.00119309 
-0.00399578 -0.00569909 4.94867e-05 -0.00125586 -0.00155097 -0.000970512 -0.000379418 -0.00173881 -0.00521965 -0.00356169 -0.0019764 -0.00327634 -0.00456508 -0.00396019 0.000137777 -0.0077501 -0.00500394 -0.00151088 -0.00763301 0.00101454 0.249964 -0.00338315 -0.00627295 0.000223652 -0.00595073 -0.0113577 -0.00664365 -0.00937945 -0.00550036 -0.004915 -0.00164946 -0.00292308 -0.00460886 -0.0017828 -0.00288492 -7.5889e-05 -0.00224245 -0.00255792 -0.00341999 -0.00259449 -0.00189933 -0.00108225 -0.00445113 -0.00387236 -0.00134318 -0.00134093 -0.000133859 -0.00201292 -0.00176247 -0.0023001 -0.00345693 -0.00253656 -0.000350922 -0.00371805 -0.000740237 -0.00179871 -0.00177588 0.000747244 -0.00106255 -0.00109194 -0.00293103 -0.00150541 -0.0016807 -0.000628314 -0.00628356 -0.00152488 -0.000106038 -0.00129299 -0.00126048 -0.00120493 -0.00263749 -0.00246288 0.000474762 -0.00233977 -0.00106275 -0.000818645 -0.00103719 -0.000369261 -0.00244724 -0.00200245 -0.00286979 -0.00124483 -0.00225716 -0.00379404 -0.00378998 -0.0025572 -0.00218904 -0.00181942 -0.00211385 -0.000612868 -0.00268206 -0.00335527 -0.00110274 -0.00141849 -0.00295458 -0.00128735 0.0012672 -0.00378748 -0.00402885 -0.00149719 
-0.00110946 -0.00114081 -0.00459747 -0.00213393 -0.00343687 -0.00382315 -0.000819747 -0.00109803 -0.00212741 -0.00322114 -0.00430053 -0.00206301 0.00115398 -0.00338418 -0.00781855 -0.00605203 -0.00752916 -0.0079031 0.000582803 -0.00513511 -0.00338315 0.249837 -0.0102606 -0.00555044 -0.00244356 0.000914912 -0.00431907 -0.0120303 -0.00332493 -0.00328479 -0.0074218 -0.00154471 0.00147885 -0.00494028 -0.00162073 0.000165964 -0.00514453 -0.00180087 -0.00393753 -0.00130163 -0.00163944 0.000136559 -0.00313402 -0.00318194 -0.00181773 -0.00250152 -0.00150732 -0.000471582 -0.00265445 -0.00161667 -5.8584e-05 0.00072794 -0.00126568 -0.000976853 -0.00212424 -0.00287755 -0.00193659 -0.000708894 -0.00171157 -0.0017071 -0.00213005 -0.000481117 -0.0019164 -0.00139608 -0.00103698 -0.000405378 -0.00534513 -0.000973072 -0.00315915 -0.00372458 -0.00289684 -0.00244369 -0.00146387 -0.00110334 -0.00147684 -0.0033037 -7.71628e-05 -0.00183644 -0.00403838 9.48205e-08 -0.00256787 -0.00198385 -0.00173169 -0.00152513 -0.00045946 -0.0022916 -0.000402344 -0.00226895 -0.00440093 -0.00205151 -0.00185894 -0.00365448 -0.000927455 -0.000398165 -0.00173212 -0.00328109 -0.00376577 -0.00365364 -0.00224283 -0.00269732 
-0.00123612 -0.00108693 0.000622847 -0.00400583 -6.29293e-05 -0.00576991 -0.002767 -0.00193526 -0.00271722 -0.00600179 0.00149681 -0.000354243 -0.00317721 -0.00914253 -0.00217997 -0.00852337 -0.00792113 -0.0057654 0.00031257 0.000159104 -0.00627295 -0.0102606 0.24994 -0.00097711 0.00654876 0.00294308 -0.000135756 -0.00981522 -0.00715822 -0.00237916 -0.00309782 -0.00779086 -0.00325172 -0.00590389 -0.00213998 -0.00404594 -0.00264047 -0.00400354 -0.00101252 -0.00371153 -0.00309675 -0.00316501 -0.000924991 -0.00244409 -0.000660779 8.07599e-05 -0.00200565 -0.00392226 -0.000410524 -0.00214973 -0.00370729 -0.00263655 -0.00246206 -0.00261741 -0.00159863 -0.00128945 -0.00158974 -0.00205479 -0.00146534 -0.00188706 -0.000790307 -0.00202386 -0.0029576 -0.00176833 -0.0011363 -0.00185602 -0.0034034 -0.0027833 -0.00357486 -0.00263595 -9.83263e-05 -0.00256958 -0.000141929 -0.00299792 -0.00126335 -0.000942401 -0.00450333 -0.00315388 -0.00126838 -0.00358832 -0.00346665 -0.00217469 -0.00307339 -0.00163254 -0.000844111 -0.00283689 -0.000522109 -0.00203588 -0.00311652 -0.00218426 -1.17677e-05 -0.00284978 -0.00276351 -0.00325203 -0.000596651 -0.00200664 -0.00344146 -0.000873912 -0.00307844 -0.000552576 
-0.00243985 -0.00169892 -0.00199595 -0.00580484 -0.00163527 -0.00341939 -0.00105418 -0.00402087 -0.000432413 -0.00396512 -0.00565937 -0.00606717 -0.00312348 -0.00323387 -0.00332517 -0.00974935 -0.0061169 0.000689837 -0.00509364 0.00486094 0.000223652 -0.00555044 -0.00097711 0.249151 -0.00274914 -0.00890241 0.000412489 -0.00826551 -0.00741166 -0.00575323 -0.00460368 -0.000507021 -0.00365728 0.000680617 -0.0039502 -0.00422725 9.55402e-05 -0.00234425 -0.00312929 -0.000583089 -0.00220285 -0.00267434 -0.00166201 -0.00324517 -0.00363432 -0.0012122 -0.00291343 -0.00250899 -0.00384692 0.000526745 -0.000529829 -0.00158385 -0.00194709 -0.00378684 -0.00140908 -0.00177968 -0.00144937 -0.00331786 -0.00229163 -0.00252111 -0.00224006 -0.00394448 -0.00373336 -0.00211387 0.00015945 -0.000404484 -0.00195914 -0.00118413 -0.00247014 -0.000532817 -0.00352933 -0.000113503 -0.000829157 -0.00360867 -0.00347528 -0.00172296 -0.00113788 -0.00279456 -0.00222354 -0.00564361 -0.00177428 -0.00243336 -0.00246381 -0.000250122 -0.00257183 -0.00175066 -0.000715217 -0.0023402 -0.00244473 -0.00048326 -0.00347167 -3.65769e-05 -0.00220108 -0.000708453 -0.00187526 -0.00618926 -0.00337805 1.81217e-05 0.00106496 -0.00317116 
-0.00205179 -0.00306945 -0.00317439 -0.00242519 -0.00468229 -0.00319125 -0.001177 -0.00431317 -0.00458735 -0.00418325 -0.000649018 -0.00395466 -0.00639101 -0.000334922 0.000257243 -0.00401865 -0.0105651 -0.00306678 -0.00851979 -0.0100444 -0.00595073 -0.00244356 0.00654876 -0.00274914 0.248022 -0.00704295 -0.0120399 -0.0052776 0.00226193 -0.00300759 -0.00496917 -0.00636557 -0.00262778 -0.00185796 -0.00174869 -0.00426805 -0.000364097 -0.00320002 -0.00358795 -0.00095631 -0.00224233 -0.00231825 -0.00249623 -0.0029514 -0.00133765 -0.00274321 -0.000933892 -0.00157569 -0.00185196 -0.00267226 0.00142916 -0.000416894 -0.00213499 -0.00144757 -0.00216478 -0.00361755 -0.0024167 -0.00358376 0.000953558 -0.00073302 0.000954649 -0.00235691 -0.0026637 -0.00245121 -0.00356628 -0.00221555 -0.00166917 -0.00217641 -0.00400032 -0.00174381 -0.00231649 -0.00238501 -0.00257033 -0.00115674 -0.00139863 2.63999e-05 -0.00196575 -0.00303709 -0.00163918 -0.00203536 -0.00317804 -0.00125289 -0.00180267 -0.00173663 0.000229092 0.000292096 -0.00203075 -0.00192868 -0.00442303 -0.0025172 -0.000736777 -0.000414806 -0.00283214 -0.0027587 -0.000787277 0.000195719 -0.0034633 -0.000514208 -0.000497384 -0.00245399 
-0.000751489 -3.15529e-05 -0.00557748 0.00175981 -0.00246877 -0.0027118 -0.00328448 -0.00425468 -0.0032574 0.00161996 -5.08603e-05 -0.00186806 -0.00247232 -0.00774215 -0.00175728 0.00124501 -0.00548289 -0.0128167 -0.00815077 -0.0123313 -0.0113577 0.000914912 0.00294308 -0.00890241 -0.00704295 0.24485 -0.00180538 0.00174821 -0.00279528 -0.00522432 -0.00051538 -0.000915784 -0.00526009 -0.00332083 -0.00312417 -0.00282487 -0.00168562 -0.00148637 -0.00176596 -0.00121632 -0.00192751 -0.00221187 -0.00309488 -0.00258263 -0.00217637 -0.00342388 -0.00024092 -0.0036433 -0.00172333 -0.00447142 -0.00343783 -0.00162451 -0.00229197 -0.0018711 -0.00188012 -0.00183803 -0.00194754 -0.00218158 -0.00562822 4.85721e-05 -0.00240556 -0.000140791 -0.00140652 -0.000766698 -0.00334778 -0.00180652 -0.00174093 -0.00264128 -0.00490913 -0.00212397 -0.000842514 -0.00295446 -0.00371187 -0.00375852 -0.00338792 -0.00156217 -0.000681674 -0.00149379 -0.00200247 -0.00217874 0.00037101 0.000655251 -0.00132411 -0.00279905 0.000866151 -0.00271384 5.72608e-05 -0.00419651 -0.000723193 -0.000500356 -0.00156444 -0.00293282 -0.0039 -0.000675929 -0.000349442 -0.00103366 -0.00135714 -0.00240522 -0.00187535 -0.00241422 
-0.0028161 -0.00459669 -0.0027588 -0.000829255 -0.0034109 -0.00066631 -0.00419756 -0.00546622 -0.000904687 -0.00602863 -0.000955134 -0.00643153 0.00108872 -0.00398801 -0.00704459 -0.0115369 -0.00215886 -0.00130452 0.00342654 0.00368605 -0.00664365 -0.00431907 -0.000135756 0.000412489 -0.0120399 -0.00180538 0.23541 -0.0090488 -0.00694336 -0.00223816 -0.00236272 0.00274355 -0.0039894 -0.00185697 -0.00135738 -0.00173456 -0.00327124 -0.00166378 -0.00121827 -0.00258435 -0.00247356 -0.00159575 -0.000895398 -0.00150418 -0.00130914 0.00022724 -0.00310066 -0.000118462 -0.00102246 -0.00167486 -0.00336644 -0.00263989 -0.00302958 -0.00217358 -0.00263134 -0.000386544 -0.00204288 -0.000314592 -0.00207939 -0.00211382 -0.00109493 -0.00381309 -0.00170459 -0.00187956 -0.00376759 -0.000165883 -0.00323306 -0.000589811 -0.00175497 7.07322e-05 -0.00261725 -0.00278403 -0.00320117 -0.00204159 -0.00226037 -0.00226495 -0.00274657 -0.00166841 -0.00173067 -0.00329113 -0.000888871 -0.00259378 -0.00155938 -0.00167592 -0.00137228 -0.00502323 -0.00136208 -0.00262704 0.00032332 -0.00207652 -0.00251549 -0.00214075 -0.00244743 -0.00139597 -0.00289616 -0.00320202 -0.00153266 -0.00320869 -0.000341913 -0.00313851 
-0.00140706 -0.000600201 -0.00207952 -0.00197589 -0.00246809 0.000143308 -0.00154095 -0.000276215 -0.00163414 0.000721125 -0.00356832 -0.00194175 -0.00189599 -0.00938705 -0.000658301 -0.00595741 -0.00909725 -0.00422484 -0.00269277 -0.00772999 -0.00937945 -0.0120303 -0.00981522 -0.00826551 -0.0052776 0.00174821 -0.0090488 0.198378 0.00103723 -0.000275737 0.000407164 0.000306272 -0.00035394 -0.00306518 -0.0030449 -0.00158651 -0.00161342 -0.0015698 -0.00248585 -0.00143686 -0.000107909 -0.00171932 -0.00174292 -0.000653213 -0.00167246 -0.00210988 -0.000454219 8.17223e-05 -0.00147041 -0.00105318 -0.00168145 -0.00248584 -0.0024279 -0.0022697 -0.000537096 -0.0010425 -0.00195644 -0.00217273 -0.00209936 -0.00116925 0.000606565 -0.00230339 0.0011486 -0.000980284 -0.00112705 -0.0018895 -0.000626371 -0.000860243 -0.000610928 -0.00130498 -1.78812e-06 0.000395687 -0.00103358 -0.000143405 -4.81512e-05 -0.00367764 -0.00194116 -0.00310185 -0.0017219 -0.00155461 -0.000327877 -0.000158276 -0.00221894 -0.000983205 -0.000204141 -0.00142776 -0.00109583 -0.00105334 -0.00189919 -0.000318871 -0.00305881 -0.00192182 -0.00170548 -0.00172632 -0.0012426 -0.000725545 -0.00175222 -0.00210865 -0.000222654 -0.00068474 
-0.00291826 -0.00262618 -0.00313137 -0.000423779 -0.00365181 -0.00192436 0.00110702 -0.00449602 -0.00173295 -0.0045697 -0.00384901 -0.000962651 -0.00378203 -0.00548063 -0.00161024 -0.00472886 -0.00227231 -0.004648 -0.0111567 -0.00640889 -0.00550036 -0.00332493 -0.00715822 -0.00741166 0.00226193 -0.00279528 -0.00694336 0.00103723 0.195846 0.000719931 -0.00280233 -0.00314572 -0.0033444 -0.00192658 -0.00410478 0.000726724 -0.00296036 -0.00217473 -0.00183036 -0.000668766 -0.00247199 -0.00256827 -0.00302757 -0.00104126 -0.000529404 -0.00160025 -0.0011972 -0.00244436 -0.00345577 -0.00050069 -0.00189902 -0.00293608 -0.000316025 -0.00228171 -0.00141088 -0.00233819 -1.27597e-05 -0.00222148 -0.00260405 -0.000160408 0.000746201 -0.00216991 -0.00249207 -0.00129898 -0.00256506 -0.00166386 -0.0024242 -0.00222023 0.000431289 -0.00201106 0.000511495 6.57751e-05 -0.00223167 -0.00221888 -7.75551e-05 -0.0019111 -0.000475939 0.00125052 -0.000170627 -0.000215204 -0.00203165 -0.00236103 -0.00111011 0.000893196 -0.00304504 -0.000209113 -0.00195495 -0.000229165 0.0018785 -0.000251711 -0.000591802 -0.00142001 -0.00103277 -0.0020084 -0.00215775 0.000423694 -0.000435116 0.000800548 -0.00286842 -0.00136358 
-0.000585647 -0.00112725 -0.00179156 -0.00195543 0.000274269 -0.00156325 -0.00134313 -0.00113684 -0.00216251 -0.00298239 -0.00160165 -0.00294259 -0.00482723 -0.00488749 -0.00479166 -0.00474397 -0.00264878 -0.000904622 -0.00945135 -0.00512219 -0.004915 -0.00328479 -0.00237916 -0.00575323 -0.00300759 -0.00522432 -0.00223816 -0.000275737 0.000719931 0.163548 0.00286528 -0.00204016 0.000127507 2.80603e-05 -0.00181918 -0.00198463 -0.000841581 -0.000681436 -0.00255717 -0.0018185 -0.0013579 -0.00231497 -0.00118614 -0.000237946 -0.00154022 -0.00179266 -0.00152098 -0.00205515 3.1848e-06 -0.000381934 -0.00168394 -0.0005855 -0.00139583 0.000789209 -0.00127587 -0.0014265 -0.00160388 -0.00276372 -0.00029674 -0.00170127 -0.00112707 -0.00180227 -0.0006167 -0.00115967 -0.00246829 -4.59169e-05 -0.00100446 -0.00131002 -0.00114417 -0.00145421 -0.000591456 -0.00151572 -0.00172165 -0.000385327 -0.00184207 -0.000730121 -0.000316502 -0.00269925 -0.000786467 -0.00137949 -0.000453913 -0.00187051 -0.00242837 -0.00165032 0.000409293 -0.00200973 -0.00204057 0.000625084 -0.000237299 -0.00102123 -0.00108309 -0.00113629 -0.0018578 -0.00147534 -0.00019112 -0.00219223 -0.00145036 0.000944888 -0.00262181 -0.00200219 
-0.00140481 -0.000734074 -0.000644595 -0.000576053 -0.00241494 -0.0013371 -0.00112606 -0.000889427 -0.00202836 -0.00149096 -0.00423859 0.00056974 -0.00451279 -0.00379109 -0.00221691 -0.00331042 -0.00346535 -0.00689819 -0.0045024 -0.00581885 -0.00164946 -0.0074218 -0.00309782 -0.00460368 -0.00496917 -0.00051538 -0.00236272 0.000407164 -0.00280233 0.00286528 0.138452 -0.00068668 0.000193216 -1.5694e-05 0.000571407 -0.00156505 -0.00114112 -0.000954006 -0.00014461 -0.00104627 -0.00231006 -0.00190729 -0.000376642 -0.000989656 -0.000889544 -0.000616966 -0.00134767 -0.00149557 -0.000201983 -0.00100043 -0.000950854 -0.00100921 -0.00173934 -0.000142896 -0.00153868 -0.00150673 -0.00121201 -0.00103748 -0.0011509 -0.000604924 -0.000759774 -0.0014912 -0.00120053 -0.000431822 -0.00141948 -0.00200738 -0.000376105 -0.000121143 -0.000953209 -0.00106764 -0.00157435 -0.00127256 -0.000863643 -8.01371e-05 -0.00130997 -0.000801628 -0.00109768 -0.0027214 -0.000373006 -0.000895852 -0.00158344 -6.51444e-05 -4.91035e-05 -0.0012084 -0.00148835 -0.000148463 -0.00162296 2.61543e-05 -0.000951951 -0.000965961 -0.000804184 -0.00118795 7.87154e-05 -0.000671916 0.000315898 -0.00180596 -0.00146313 -0.00130411 -0.000842409 -9.20199e-05 
-0.00122838 -0.00101356 -0.000806656 -0.00139065 -0.00267283 -0.000374997 -0.00146525 -0.00248856 -0.00122775 -0.00326638 -0.0044082 -0.00343787 -0.00173659 -0.00544257 -0.00500619 -0.00713203 0.00255098 -0.00316079 -0.00651995 -0.00296956 -0.00292308 -0.00154471 -0.00779086 -0.000507021 -0.00636557 -0.000915784 0.00274355 0.000306272 -0.00314572 -0.00204016 -0.00068668 0.144134 -0.00156926 -0.00149773 -0.000191531 -0.00146806 0.000486249 0.000198696 -0.000735656 -0.000358773 -0.000333127 -0.00175261 -0.000525178 -0.00111525 -0.00053242 -0.00153698 -0.000490607 -0.00115988 -0.00173409 -0.000842465 -0.00117424 -0.00190348 -0.000753901 -0.000836914 -0.0015053 -0.00105484 -0.000721892 5.6345e-05 -0.000781755 -0.00161588 -0.000504224 -0.00285952 2.12829e-05 -0.000462765 -0.00117044 -0.00195535 -0.00117797 -0.000882086 -0.0012018 -0.00286365 2.18737e-05 4.81811e-05 -0.00137418 -0.00177862 -0.000476933 -0.00161433 0.000233683 -0.00052181 -0.00074315 -0.00133014 -0.00105971 -1.30113e-05 -0.00183097 -0.000558565 -0.00156167 -0.000450582 -0.00195472 -0.00143065 -0.00112936 -0.00101134 -0.00126423 0.000972002 -0.000936027 -0.00111647 -0.00152754 -0.00178679 -0.00240468 -0.0016187 -0.000204541 -0.00113684 
