0.072053 -0.000258677 -0.000511897 0.000203599 -0.000303572 -0.000985653 -1.23477e-05 -0.000326807 0.00023844 -0.00113214 -0.00168964 -0.00195158 -0.00180302 -0.00237741 0.000556399 -0.00168215 -0.00337256 -0.00376346 -0.00240075 -0.0028455 -0.00192048 -0.00131906 -0.00273686 0.000890025 -0.00124958 -0.00232057 -0.00230473 -0.00141009 -0.00065527 -0.00050084 -0.000671529 -0.00277528 0.000111672 -0.0010807 -0.00114382 -0.000624698 -0.000811224 -0.000283525 -0.000475522 0.000150929 -0.000226019 -0.0011063 -0.000437574 -0.000624922 -0.000992059 -1.32046e-05 -0.000867203 -0.000526788 -0.000392784 -0.00135354 -9.31882e-05 0.000198466 -0.000494807 7.17012e-05 5.93555e-05 -0.000232866 -0.000269246 -0.000464217 8.75212e-05 -0.00121022 -0.000323687 -0.000247177 -0.00169436 -0.000632509 -0.000718381 -0.00051411 -0.000237546 -0.000733505 -0.00119386 -0.000391592 0.000361805 -0.000717041 0.000135098 -0.000416645 -0.000460908 -0.000699558 -0.00119119 -0.00107004 0.000119615 -0.000413444 -0.000753826 -7.22311e-05 0.000177772 -0.000663096 0.000166128 -0.00037348 -0.000853142 -0.000218942 -0.000807569 -0.000399681 -0.000426621 -0.000101315 -0.000524025 6.75785e-05 -0.000469548 -0.000574425 -0.000686978 8.35244e-05 0.000633923 -0.000780207 
-0.000258677 0.0957428 -0.000327906 0.000738038 -0.00168846 0.000815562 -0.00162686 -0.000472129 -0.00145891 0.000527875 -0.000475244 -0.00159942 -0.000415149 -0.00262003 -0.00177527 -0.00486927 -0.000358357 0.00104628 -0.00254136 -0.0039807 -0.00260656 -0.00216095 0.000882769 -0.00315311 -0.00298847 -0.00430577 -0.0004761 -0.00255569 -0.00279578 -0.00135232 -0.000516266 -0.00274783 -0.00196225 -0.00156413 0.000769696 0.000627139 2.99006e-06 -0.00041174 -0.000759591 -0.000435257 -0.00133099 -0.000412199 -0.000371578 -0.00104216 -0.000989263 -0.000130986 -0.000964047 -0.000286829 -0.000815633 -0.000968356 -0.00128404 -0.000782879 -0.00116909 -0.000353051 -0.000989241 -0.000619091 -0.000478679 -0.000711935 -0.00101708 -0.000786554 -0.000824244 -0.000663138 -0.000517858 -0.0011814 -0.000617141 -0.00041556 -0.00121281 -0.000819192 -0.00126921 0.000138048 -0.00111859 -0.000737402 -0.00125052 0.00033545 -0.000991978 -0.000644507 -0.000985032 -0.00181655 -0.000357686 -0.000498946 -0.000570048 -0.000162984 -0.00151844 -0.000770215 -0.00116873 -0.00144781 -0.000317412 -0.00110338 -0.000827078 -0.00101716 -0.000944406 -0.00140548 -0.000729389 -0.000419903 -0.000992818 -0.000568823 3.47115e-05 -0.000511802 -0.00141428 0.000913782 
-0.000511897 -0.000327906 0.08207 -0.000696292 -5.36298e-05 -0.0012173 -0.00105988 0.000135023 0.000423174 -0.00231957 -0.000468534 -9.90293e-05 -0.00107411 -0.00106332 -0.00222964 -0.00215699 -0.00481332 -0.00318634 0.000380441 -0.000994388 -0.0038982 -0.00579665 -0.00153244 -0.00415931 -0.00247071 -0.00194136 -0.00189242 -0.00113394 0.000546191 -0.000529808 7.4473e-05 -0.000977697 -0.000242369 -0.000546769 0.000319698 -0.000640525 -0.000341884 -0.000528448 -0.00110705 0.000264199 -0.000719024 -0.000169559 -0.000618592 -0.000903863 -0.000880077 -0.000849226 -0.000888181 -0.000980691 -0.00121071 -0.000165194 -0.00118472 -0.00149631 -0.000535164 -0.000546125 0.000182952 -0.000956543 -0.00023485 -0.000357958 -0.000385301 -0.000523041 -0.00106376 -0.000974527 -0.00111969 0.000118661 0.000192281 -0.000637919 -0.000520507 -0.000636359 -0.000668515 -1.29712e-05 0.000171426 -0.000935031 -0.000364854 -0.00038557 -0.000258965 -0.000617324 -0.00181937 -0.000131417 -0.000250316 -0.000207792 -0.000814508 -0.000833054 -0.000799108 -0.00046906 -0.00011619 -0.000376385 -0.000963661 -0.00126415 -0.0011109 -1.30162e-05 -0.000565106 -0.00027658 -9.60698e-05 -0.000802425 -0.000808049 -0.00100843 -0.000372005 -0.000115932 -0.000107898 0.00025577 
0.000203599 0.000738038 -0.000696292 0.100975 0.000116156 0.000931139 -6.85255e-05 -0.00150331 7.55928e-05 -0.00157879 -0.000621319 -0.00402088 -0.00200998 -0.00137594 -0.00235994 -0.00539781 -0.002478 -0.000727289 -0.00224639 0.00177662 0.00155516 -0.00690667 -0.00390369 -0.00119942 7.32359e-05 -0.00553086 -0.00331436 -0.00121789 -0.00285008 -0.00150633 -0.00167089 -0.00091073 -0.00187633 -0.00121401 -0.0011537 -0.000686167 -0.00179503 -0.00115091 -0.000809054 3.23707e-05 -0.00032529 -0.000161397 -0.00126003 -0.000454663 -0.000930411 -0.000584766 -0.00100294 -0.00113951 -0.00123589 -0.00163289 -0.000651041 -0.00099785 -0.000776179 -0.000538892 -0.00119859 -0.000973239 -0.000361472 -0.00137873 -0.000602155 7.69504e-05 -0.00128722 -0.000387255 -0.00116125 0.000210768 -0.000781668 -0.000967721 -0.000914748 -0.000398487 0.000203929 -0.000414517 1.01281e-05 -0.000774568 -0.000579646 -0.000832293 -0.000950826 0.000242676 -0.000656808 0.000201898 -0.00158655 -0.00199714 -0.000997041 0.000550842 9.05583e-05 -0.00142342 -0.00146821 -0.000557875 -0.00120175 -0.00111319 -0.000616728 -0.00153704 -0.000738456 -0.000595617 -0.00013026 -0.00123427 -0.000572874 8.17464e-05 -0.000854919 -0.00132724 -0.000623359 -0.000476891 
-0.000303572 -0.00168846 -5.36298e-05 0.000116156 0.0905942 -0.000158329 0.00155492 -0.00124322 -0.00190621 -0.00241238 -6.99942e-05 -4.94735e-05 -0.0026861 -0.00273469 -0.00211868 -0.00371418 -0.0032479 -0.00268118 -0.000566713 -0.00226975 -0.00240669 0.000715779 -0.00470078 0.000326047 -0.000669156 -0.00111427 -0.00586763 -0.00237838 -0.00161077 -0.00126628 -0.00238829 -0.00249919 -0.00143837 -0.000682632 -0.00130313 0.000668714 -0.000337337 -0.000401807 -0.00043936 -0.000250773 -0.00114144 -0.000658592 0.00037134 -0.00050762 -0.00103599 -0.000840791 -0.00143485 -0.00101146 -0.00203132 -0.000427603 -0.000520037 -0.00061906 -0.00137972 -0.000218668 -0.00118969 -3.55482e-05 -0.000453005 -0.000651175 -0.000231781 -0.000633012 -0.00010272 -0.000605457 -0.000704871 -0.000295558 -0.000754307 -0.00107845 0.000285556 -4.31177e-05 -6.46322e-06 -0.000818621 -0.000860846 -0.000823311 0.000203424 -0.000997077 -0.000753972 -0.000593551 -0.000461381 -0.000261076 -9.70249e-05 -0.000722705 -0.000674837 -0.000301876 -0.00130115 -0.000347593 -0.00063384 -0.000308238 -0.00084135 -0.000308724 -0.000351815 -0.000326111 -0.000332749 -0.000996344 -0.0013353 -6.50969e-05 -0.000560915 -0.0008697 -0.000886197 -0.00059774 -0.00098196 -0.000153416 
-0.000985653 0.000815562 -0.0012173 0.000931139 -0.000158329 0.120982 -0.00129093 -0.000509576 -0.0020059 -0.000884748 0.000171394 -0.00246716 -0.00235862 -0.00372677 -0.00204371 -0.00561208 -0.00520535 -0.00219975 -0.00504321 0.00190146 -0.00302846 -0.00113406 -0.00253772 -0.00492252 -0.00436216 -0.00180197 0.000197662 -0.00116411 -0.00171237 -0.000735229 -0.000470767 -0.000198421 -0.00293181 -0.000961453 -0.000755298 -0.000484509 -0.00246822 -0.000832459 -0.00113936 -0.000111683 -0.0011989 -0.000725587 -0.00126801 -0.000675133 -0.000428035 -0.00103617 -0.000654923 -0.00130997 -0.00131102 6.15839e-05 9.9252e-05 -0.00125373 -0.00119706 -0.000143616 -7.52158e-05 -0.00261684 -0.00140221 -0.000557122 -0.00109242 -0.00117419 -0.00133489 -4.74118e-05 -0.000100068 -0.000968808 -0.000451767 -0.00129469 -0.00157215 -0.000508075 -0.00103733 -0.000962965 -0.000953632 -0.00190112 -0.00108569 -0.000955344 -3.35486e-05 -0.000948913 -0.00113152 -0.00141832 -0.00112507 -0.00224447 -0.000882216 -0.00109937 -0.00149279 -0.00120867 -0.000773408 -0.000947172 -0.00116424 -0.00166108 -0.00151579 -0.00195252 -0.000320083 -0.00178584 -0.000431451 -0.000513664 -0.000422631 6.53136e-05 -0.00153652 -0.00154346 0.000882535 -0.00119923 
-1.23477e-05 -0.00162686 -0.00105988 -6.85255e-05 0.00155492 -0.00129093 0.0986143 -0.000155708 -0.00108734 0.000459095 -0.000252993 -0.000705788 -0.00197492 -0.00347591 -0.00434891 -5.65732e-05 -0.00277576 -0.00307198 -0.00171622 0.000697266 -0.00149867 -0.000808321 -0.00445032 -0.00255821 -0.00399632 -0.00281705 -0.000525 -0.00195798 -0.00388459 -0.00195905 -0.000469395 -0.00298608 -0.00129448 -0.000457946 -0.000720262 -0.00134771 -0.00177875 -0.00108384 -0.000467926 -0.00037214 -0.00151293 -0.000416564 -0.000666093 -0.000249953 -0.000430158 -0.000580314 -0.000361199 -0.000778644 -0.0012847 -0.000560226 -0.000670024 -0.000482804 -0.00110697 -0.00123286 -0.000568526 -0.000956047 -0.000408973 -0.000965451 -0.000993335 -0.00091246 -0.00105286 -0.000676071 -0.00145245 -0.000738521 -6.59077e-05 -0.000849459 -0.00136009 -0.00010603 -0.000497228 -0.00062527 -0.000163101 -0.000945409 -0.00013073 -0.000610324 -0.000173306 -0.000859466 -0.000316611 -0.000964241 -0.000814679 -0.00102297 -0.000123084 -0.000309619 -0.000108987 -0.000962624 -0.00041697 -0.000843399 -0.00146322 -0.000299792 0.000294248 -0.00126539 -0.000967616 -0.000902699 -0.000270026 -0.000990193 -0.000726715 4.34904e-06 -0.00155808 -0.000988625 -0.00111281 -0.000636687 
-0.000326807 -0.000472129 0.000135023 -0.00150331 -0.00124322 -0.000509576 -0.000155708 0.122977 0.001617 -0.000855509 0.000206733 -0.000136415 -0.000245064 -0.00619814 -0.00375301 -0.00253518 -0.00189387 -0.00187894 -0.00395219 -0.00600793 -0.00528949 -0.00373474 -0.00301676 -0.00201988 -0.00301605 -0.00256698 -0.000655495 -0.00253795 0.00143135 -0.00332092 -0.00106075 -0.00156086 -0.00098906 -0.00333699 0.000826245 -0.0012474 -0.00122665 -0.000685468 -0.000871442 -0.00188873 -0.00157787 -0.000886506 -0.00142165 -3.97675e-05 -0.00189906 -0.000744381 -0.00119245 -0.00158027 -0.00268875 -0.00169969 -0.000666409 -0.00129157 -0.000422293 -0.00155799 -0.00140692 -0.00182736 -0.000958365 -0.000993537 -3.34128e-05 -0.000960978 -0.00176781 -0.000627733 -0.00240058 -0.000601077 -0.000971489 0.000247223 0.00025969 -0.000737837 -0.000695122 -0.00105607 -0.000885922 -0.00183732 -0.000114501 -0.00106166 -0.00080168 -0.00115727 -0.00210248 -0.000978605 -0.000989922 -0.000444087 2.71369e-05 -0.00160171 -0.00140179 -0.00102925 0.000482523 0.000763162 -5.39701e-05 -0.00146897 -0.00186852 -2.58562e-05 -0.000280155 -0.00131325 -8.99821e-05 -0.000496151 -0.00198226 -0.00112641 -0.000471499 -0.000527874 -7.04696e-05 -0.00139186 
0.00023844 -0.00145891 0.000423174 7.55928e-05 -0.00190621 -0.0020059 -0.00108734 0.001617 0.136911 -0.0014392 -0.000349333 -0.00241098 -0.00126582 -0.000689828 -0.00363567 -0.00397887 -0.00336832 -0.00239527 -0.00245396 -0.00414552 -0.00655718 -0.00419345 -0.00323067 0.00112258 -0.00303408 -0.005011 -0.00772467 -0.00190547 -0.00379237 -0.00278464 -0.00190815 -0.00326723 -0.000123731 -0.000479359 -0.000898468 -0.00130927 -0.000746572 -0.000405077 -0.000598853 -0.00151799 -0.00101589 -0.000613673 -6.2392e-05 -0.000709703 -0.0019339 -0.0010576 -0.00088485 -0.00149655 -0.000956279 -0.00101486 -0.000283496 -0.000938602 -0.00212209 0.000370832 -0.00120748 -0.00126624 -5.54807e-05 -0.001014 -0.00121591 -0.00176346 -0.00176371 -0.00139305 -0.0015163 -0.00212599 -0.00134888 8.59501e-06 -0.00129937 0.000272281 -0.000363085 -0.000860732 -0.00145333 -0.000804445 -0.000224626 -0.000174396 -0.00171724 -0.00185996 -0.00252264 -0.000227305 -0.0014699 -0.0026023 -0.000778412 -0.000183901 -0.00127744 -0.000738103 -0.000504508 -0.000325336 -0.00161239 -0.000987973 -0.000703416 -0.0014814 0.000383343 -0.000679829 -0.000868171 -0.000663667 0.000130845 0.000733832 -0.00172096 -0.00168451 -0.00144856 -0.0012101 
-0.00113214 0.000527875 -0.00231957 -0.00157879 -0.00241238 -0.000884748 0.000459095 -0.000855509 -0.0014392 0.148996 -0.00392788 -0.00122455 0.000185757 -0.00374909 -0.00113765 -0.00203224 -0.00271477 -0.00275613 -0.0052398 -0.0066186 -0.00291068 -0.00353192 0.00036326 -0.00321385 -0.00510235 -0.00536394 -0.00563451 -5.84228e-05 -0.0020411 -0.00484219 -0.00266727 -0.00456528 -0.00345899 -0.00321432 -0.00473902 0.000517062 -0.00159196 -0.000796776 -0.000653109 -0.000728943 -0.00118862 -0.00155286 -0.00042381 -0.000528126 -0.000476648 -0.000909978 -0.000491839 -0.00250241 0.000351036 -0.00127323 0.00125805 -0.000680431 0.000378749 -0.000338554 -0.000937657 1.65816e-05 -0.00192345 -0.000275175 0.000162295 -0.00096951 -0.000832704 0.000455355 -0.000939874 0.000738086 -0.00106189 -0.000566203 -0.00123186 -0.000541885 -0.00151884 -0.00145833 -0.00100967 -0.00180349 -0.00150832 -0.00160657 -0.000501544 -0.000953222 -0.00106082 -0.00043487 -0.000307668 -0.00137612 -0.00128449 -0.000285693 -0.00326058 -0.0013099 -0.000536386 -0.00189435 -0.00126006 -0.000885327 -0.00104219 -4.17357e-05 -0.00252873 -0.000868976 -0.00131939 -0.00270633 -0.000797578 -0.000729878 -0.00107599 -0.00170375 -1.78079e-05 -0.00253643 
-0.00168964 -0.000475244 -0.000468534 -0.000621319 -6.99942e-05 0.000171394 -0.000252993 0.000206733 -0.000349333 -0.00392788 0.151991 -0.00294007 0.000393146 -0.00335582 -0.00364482 -0.00401786 -0.00235024 -0.00314043 -0.00194523 -0.00135625 -0.00696398 -0.00572242 -0.0047809 -0.00692424 -0.00388423 -0.00699729 -0.00533576 -0.00450404 0.000568024 0.000279154 -0.00280373 -0.000839465 -0.000804206 -0.00139137 -0.00290257 -0.000531864 0.000579 -0.00106717 -0.00152659 -0.000917638 -0.00108233 -0.00183433 -0.0015291 -0.000272257 -0.000885728 -0.0019662 -0.00036307 0.00062758 -0.00189557 -0.000608857 -0.00194949 -0.00094187 -0.00194891 -0.00155442 -0.00278618 -0.0010668 -0.000510677 -0.00113759 -0.00173082 -0.000824307 -0.00252832 -0.000889539 -0.000709055 -0.0010713 -0.00110158 -0.00117189 -0.0013139 -0.00152965 0.000302021 -0.000853895 -0.00211484 -0.000676424 0.000176619 -0.00189486 -0.000966856 -0.000249269 0.000141582 -0.000812781 -0.0011035 -0.00201579 -0.00136425 -0.000575195 -0.00128933 -0.00213341 -0.000436136 6.35995e-05 -0.00179105 -0.000579179 -0.000395492 -0.000545714 -0.00106709 -0.0015114 -0.00133323 -0.00156226 -0.000386449 -0.000631869 -0.00379675 -0.00138759 -0.000756714 0.000438645 
-0.00195158 -0.00159942 -9.90293e-05 -0.00402088 -4.94735e-05 -0.00246716 -0.000705788 -0.000136415 -0.00241098 -0.00122455 -0.00294007 0.163943 0.00205894 -0.00247708 -0.00557258 -0.00298532 -0.00249081 -0.00800715 -0.00111322 -0.0080768 -0.00576834 -0.0064936 -0.00177038 -0.00364247 0.000493078 -0.00335884 -0.0035746 -0.00301804 -0.00183991 -0.00204481 -0.00412253 -0.00107805 -0.00127071 -0.00100638 -0.00316915 -0.00277033 -0.00141962 -0.00140713 -0.00154574 -0.00139538 -0.000991135 0.000261453 -0.00202559 -0.00180159 0.000243217 -0.000836949 -0.00308338 -0.00165728 -0.00131202 -0.00128596 -0.000877081 -0.00103461 -0.000308236 -0.00134265 -0.00102573 -0.00170913 -0.00178281 -0.00102059 -0.00075434 -0.000838093 -0.000504201 -0.00103252 -0.00157528 -0.000759529 -0.0015596 0.000475619 -0.000945404 -0.0014646 -0.00230393 -0.000387813 -0.000666441 -5.21883e-05 -0.00120979 -0.000644472 -0.000618617 -0.00182687 -0.00287915 -0.000541429 -0.000466037 -0.0020309 0.000423873 -0.000433611 -0.00308628 -0.00322499 -0.0028545 -0.000789921 -0.000247125 -0.00103425 0.000232332 -0.000586987 -0.00208451 -0.00234844 -0.000276932 -0.00238211 -0.00121137 -0.000979538 -0.000632912 -0.00246587 -0.000638908 0.00132734 
-0.00180302 -0.000415149 -0.00107411 -0.00200998 -0.0026861 -0.00235862 -0.00197492 -0.000245064 -0.00126582 0.000185757 0.000393146 0.00205894 0.174035 -0.00450094 -0.00147754 0.00245253 -0.00561151 -0.00313519 0.000131262 -0.00636495 -0.0105539 -0.00204436 -0.0047593 -0.0132616 -0.00793698 -0.00548678 -0.00590831 -0.00409145 0.000669168 -0.0022502 -0.00493683 -0.00122709 -0.00346142 -0.00102878 0.000877298 -0.000933221 -0.000432723 -0.00197951 -0.00174776 -0.000236588 -3.8099e-05 -0.000290161 -0.000470744 0.000597808 -0.00201208 -0.00133163 -0.00341965 -0.00141014 -0.000524162 -0.00123134 7.51645e-05 -0.0017236 -0.00234857 -0.000697001 -0.00196999 -0.00256029 -0.00148649 -0.00182377 -0.00251027 5.0895e-05 -0.00120305 -0.000466961 -0.00173583 0.00101329 0.000168224 -0.00170358 -0.00201432 -0.00190782 -0.00106958 -0.00076916 -0.00359959 -0.00146365 -0.00196974 -0.000753175 -0.000838943 -0.00182216 -0.000817571 -0.00135638 -0.00103187 -0.00195921 -0.00147234 -0.00094139 -0.00196855 -0.00121871 -0.000983607 -0.00190983 -0.000341608 -0.00286066 -0.00112488 8.63505e-05 0.000362476 -0.00218766 -0.00187037 -0.000781468 -0.000916516 -0.000653402 0.000861018 -0.000994956 -0.00339202 -0.000869618 
-0.00237741 -0.00262003 -0.00106332 -0.00137594 -0.00273469 -0.00372677 -0.00347591 -0.00619814 -0.000689828 -0.00374909 -0.00335582 -0.00247708 -0.00450094 0.215416 -0.00116827 -0.00306317 0.00092794 0.00242535 -0.000276038 -0.00991302 -0.0118065 -0.00225982 -0.00661275 -0.00469605 -0.00147507 -0.00473416 -0.00164375 -0.0017527 -0.00729551 -0.00163571 -0.00114601 -0.0047478 -0.00240875 -0.0047097 -0.00108465 0.000248335 -0.00147786 -0.00268207 0.000694177 -0.000349075 -0.000998147 -0.00125065 -0.00154475 -0.00332563 -0.00378335 -0.00243295 -0.00167841 -0.0040235 -0.00106204 -0.00104244 -0.00263627 -0.000138551 -0.000151116 -0.001943 -0.00215161 -0.000510621 -0.000904192 -0.00202842 -0.00315254 -0.00103856 -0.00162854 -0.00304132 0.000493143 -0.00321205 -0.0032931 -0.00242975 -0.00134866 -0.00409617 0.000286618 -0.00374447 -0.00253376 -0.00190334 -0.00112547 -0.00263608 -0.000476195 -0.00334291 -0.00273885 -0.00185624 -0.00136158 -0.00447168 -0.00250321 -0.0018846 9.2896e-05 -0.00286054 -2.37282e-05 0.000365739 0.00067966 -0.000909507 -0.00104793 -0.000502756 -0.0023216 -0.00138449 -0.0026668 -0.00270661 -0.000695042 -0.00273495 -0.00131083 -0.000668518 -0.0012034 0.000115173 
0.000556399 -0.00177527 -0.00222964 -0.00235994 -0.00211868 -0.00204371 -0.00434891 -0.00375301 -0.00363567 -0.00113765 -0.00364482 -0.00557258 -0.00147754 -0.00116827 0.219528 -0.00293631 -0.00151311 -0.00145364 -0.00751291 -0.00329512 -0.00138648 -0.0108848 -0.00408574 -0.00927964 -0.00674095 -0.00836363 -0.00264499 -0.0112953 -0.00369604 -0.00159773 -0.00410449 -5.97125e-05 -0.00132576 -0.00303839 -0.000674512 -0.00158425 2.73376e-05 -0.00079499 0.000767129 0.000131493 -0.000956356 -0.00223557 -0.00191758 -0.00196159 0.000332871 -0.00296225 -0.000398403 -0.00188645 -0.00212336 -0.00312565 0.000847336 -0.00191917 -0.00269012 -0.0024204 -0.00366025 -0.00276056 -2.007e-05 -0.00103549 -0.00308137 -0.00281294 -0.00264532 -0.000222596 -0.00269518 -0.00333969 -7.06796e-05 -0.00128307 0.00104634 -0.00135225 -0.00171517 -0.000233494 -0.000784896 -0.00207046 -0.00235858 -0.00304898 -0.00102079 -0.00079706 -0.00047856 -0.00253715 -0.000994772 -0.000417518 -0.00159567 0.000698723 -0.00244521 -0.00100731 -0.000116543 -0.000886785 -0.00205911 -0.00209841 -0.000877478 -0.00457719 -0.00180113 -8.23275e-05 -0.00154052 -0.00170581 -0.0025662 -0.00293946 -0.00138267 -0.00286078 -0.000848029 -0.00297686 
-0.00168215 -0.00486927 -0.00215699 -0.00539781 -0.00371418 -0.00561208 -5.65732e-05 -0.00253518 -0.00397887 -0.00203224 -0.00401786 -0.00298532 0.00245253 -0.00306317 -0.00293631 0.232721 -0.00602321 -0.000317569 -0.0013844 -0.00831206 -0.00196815 -0.00696219 -0.00797524 -0.00585976 -0.0109891 -0.00808199 -0.00173369 0.000479842 -0.00309674 -0.00364652 -0.00237473 -0.00176093 -0.00286592 -0.00540053 -0.00340308 -0.00219463 -0.000706121 -0.00111738 -0.00157708 0.00024934 -0.00122392 -0.00354501 -0.000768218 -0.0046212 -0.00255393 -0.00129946 -0.00398082 -0.00334202 -0.000487836 -0.00294185 -0.00123824 -0.00171251 -0.000896749 -0.00188257 -0.000827171 -0.000666662 -0.00383661 -0.00222505 -0.000693332 -0.00175942 -0.00233779 -0.00168242 -0.00056412 -0.00112988 0.00091703 -0.00143222 -0.00157856 -0.00171068 -0.00594778 -0.00147192 -0.0017618 -0.00187874 -0.00283047 -0.00153891 -0.000512027 -0.0024014 -0.00136176 -0.000744007 -0.00229184 -0.00212852 -0.000435635 -0.000398525 -0.00132901 -0.000354704 -0.00291282 -0.000365264 -0.00350578 -0.00159609 -0.000839154 -0.00241809 0.000522755 -0.00218315 -0.00034447 -0.00231882 -0.000582018 0.00134491 -0.00474768 -0.000482689 -0.002578 -0.0026992 
-0.00337256 -0.000358357 -0.00481332 -0.002478 -0.0032479 -0.00520535 -0.00277576 -0.00189387 -0.00336832 -0.00271477 -0.00235024 -0.00249081 -0.00561151 0.00092794 -0.00151311 -0.00602321 0.249885 -0.00663526 -0.00273521 -0.00726316 0.00267723 -0.00201401 -0.00414742 -0.0106342 -0.00974543 -0.00243009 -0.00729265 -0.00939989 -0.00942772 -0.00649319 -0.00252485 -0.00109412 -0.00294885 -0.00350086 -0.000922352 -0.00170507 -0.00424332 -0.000791035 -0.00119226 -0.002821 -0.00236581 -0.00177696 -0.000882403 -0.00335416 -0.00243761 -0.00319792 -0.00315337 0.000505666 -0.00350742 -0.000486346 -0.0014222 0.000804016 -0.00275413 -0.00292471 -0.00254974 -0.00169394 0.000396343 -0.000547379 -0.00139436 -0.00332363 -0.0025126 -0.00359445 -0.000553584 -0.00269881 -0.00162984 -0.000805157 -0.00210319 -0.00148831 -0.0013524 -0.00219862 -0.00171921 -0.000503608 -0.00303309 0.000907582 -0.00068764 -0.000596668 0.000435634 0.000980271 -0.00250365 -0.002536 9.25565e-05 -0.00315132 0.000529344 -0.00379817 -0.00218769 -0.00376623 0.00084288 -0.00320099 -0.00253123 -0.003686 -0.00261894 -0.00191155 -0.00163413 -0.000190229 -0.00463098 -0.00305558 -0.00168348 -0.00187042 -0.000594112 -0.00200592 
-0.00376346 0.00104628 -0.00318634 -0.000727289 -0.00268118 -0.00219975 -0.00307198 -0.00187894 -0.00239527 -0.00275613 -0.00314043 -0.00800715 -0.00313519 0.00242535 -0.00145364 -0.000317569 -0.00663526 0.247358 -0.00815248 -0.00383099 -0.0107416 -0.00830258 -0.00541441 -0.00126816 -0.00396848 -0.00868822 -0.000551415 -0.00523507 -0.00382868 -0.00269873 -0.00759572 -0.000566967 0.000583834 -0.000508351 -0.00316394 -0.00039849 -0.00270732 -0.00343602 -0.000456902 -0.00272212 -0.00144099 -0.0042992 -0.00239034 -0.000695348 -0.000763017 0.000495278 -0.0042871 -0.00147194 -0.00160578 -0.00304105 0.000429958 -0.00336244 -0.00335079 -0.00203346 -0.00213291 -0.00194861 -0.00248548 -0.00336374 -0.00194138 -0.00134031 -0.00514077 -0.00343318 -0.0005733 -0.00360318 -0.00175191 -0.00126408 -0.00250927 -0.00125829 -0.00167469 -0.0033572 -0.00239046 -0.00411741 -0.00051654 -0.0018949 -0.0019882 7.69919e-05 -0.00103374 -0.0017485 -0.00149758 -0.00353993 -0.00195726 -0.0025175 -0.000872296 -0.00109475 -0.00272801 -0.00153383 -0.0023581 -0.00273056 -0.00316312 -0.00548386 -0.00189593 -0.00220559 -0.00188434 -0.00268809 -0.00123249 -0.00166024 0.00107212 -0.00114125 -0.00137575 -0.000131924 
-0.00240075 -0.00254136 0.000380441 -0.00224639 -0.000566713 -0.00504321 -0.00171622 -0.00395219 -0.00245396 -0.0052398 -0.00194523 -0.00111322 0.000131262 -0.000276038 -0.00751291 -0.0013844 -0.00273521 -0.00815248 0.248352 -0.00627529 -0.00500593 -0.00272683 -0.00184737 -0.00557998 -0.0149632 -0.00659399 -0.00685853 -0.00318495 -0.00801906 -0.000834018 -0.00657139 -0.00886465 -0.0013141 -0.00480206 -0.00145441 -0.00303122 -0.000170141 -0.00154788 -0.000903998 -0.000675653 -0.00158309 -0.000819771 -0.00120419 -0.0016409 -0.000510788 -0.00150913 -0.000572358 -0.00144071 -0.00340054 -0.00147976 -0.00125448 -0.000778697 -0.0049531 -0.00223111 -0.00246681 -0.00213891 -0.00192865 -0.00104204 -0.0020739 -0.000988051 -0.0012321 -0.000800095 -0.00304793 -6.49392e-05 -0.00125338 -0.00290921 -0.00324579 -0.000940862 -0.00283256 -0.00174866 -0.00260349 -0.00496071 -0.00158385 -0.0033978 0.00182867 -0.00211204 -0.000293228 -0.00272996 -0.0038614 -0.000205266 -0.00331684 -0.00238029 -0.00223499 0.000125923 -0.00282368 -0.00164807 -0.00287867 -0.000232856 -0.00022122 0.000934334 -0.00294044 -6.71091e-06 -0.00104464 -0.00101485 -0.0019784 -0.00234689 -0.00411614 -0.00219849 -0.00297891 -0.00304545 
-0.0028455 -0.0039807 -0.000994388 0.00177662 -0.00226975 0.00190146 0.000697266 -0.00600793 -0.00414552 -0.0066186 -0.00135625 -0.0080768 -0.00636495 -0.00991302 -0.00329512 -0.00831206 -0.00726316 -0.00383099 -0.00627529 0.249476 0.000333801 -0.00673062 0.00288363 -0.00225512 -0.00420013 -0.00150888 -0.00433802 -0.00921465 -0.00187443 -0.00540261 -3.93662e-05 -0.00529863 -0.00300893 0.000597731 -0.00158706 -0.00577498 -0.00166837 -0.00438619 -0.00290757 -0.00118248 -0.00391429 -0.0016411 -0.00217957 -0.00186841 -0.00422233 -0.00170145 -0.00196425 0.000269148 -0.000712457 -0.000693273 -0.000751792 -0.000568056 -0.00376127 -0.00485379 -0.000613655 -0.000845809 -0.000683314 -0.00198617 -0.00240099 -0.00118517 -0.000542854 -0.000681847 -0.000560173 -0.00108852 -0.00319021 -0.0018414 -0.00352828 -0.00260228 -0.00154538 -0.0023985 0.000780115 -0.00096602 -0.00130025 -0.00303079 -0.000821112 -0.00041975 -0.000601174 -0.00109837 -0.0038867 -0.00167375 -0.0015826 -0.00193616 -0.0025669 -0.00346279 -0.00394697 -0.00221778 -0.00288741 -0.00307805 -0.00189308 -0.00244903 -0.00115855 -0.00114667 -0.00326743 -0.000304274 -0.00460559 -0.00381697 -0.00488106 -0.00173763 -0.00137063 0.000846091 
-0.00192048 -0.00260656 -0.0038982 0.00155516 -0.00240669 -0.00302846 -0.00149867 -0.00528949 -0.00655718 -0.00291068 -0.00696398 -0.00576834 -0.0105539 -0.0118065 -0.00138648 -0.00196815 0.00267723 -0.0107416 -0.00500593 0.000333801 0.249992 -0.0069671 -0.00552007 -9.09677e-05 -0.00599222 -0.00275248 -0.0107437 -0.00162462 -0.00725658 -0.00702123 -0.00772954 -0.00028007 -0.00274918 -0.00215309 -0.00156516 -0.00313647 -0.0024522 -0.00152494 -0.0022302 -0.000639183 -0.00219365 -0.00310435 -0.00132314 -0.00337968 -0.00053335 -0.00495621 -0.00116303 -0.00123566 -0.00251737 -0.00184933 -0.0029886 -0.000588211 0.000246083 -0.00161156 -0.00194821 -0.00182876 -0.00185689 -0.000436343 -0.00337181 -0.00191339 0.00122781 -0.00092792 -0.00155845 -0.00434795 -0.000913684 -0.00152889 -0.000234044 -0.00194795 -0.00280367 -0.00186942 -0.00128156 -0.00184863 -0.00169691 -0.00268436 -0.00373316 -0.000856116 0.00102109 -0.00291272 -0.00297283 0.000804956 -0.000360221 7.73441e-05 -0.00160292 -0.00312313 -0.00173511 -0.00273935 -0.00276786 -0.00194938 0.000780019 -0.00406452 0.000242308 -0.0024467 -0.000594057 -0.00201201 -0.000589771 -0.00271019 0.00029924 5.80159e-05 -0.000626395 -0.00233575 
-0.00131906 -0.00216095 -0.00579665 -0.00690667 0.000715779 -0.00113406 -0.000808321 -0.00373474 -0.00419345 -0.00353192 -0.00572242 -0.0064936 -0.00204436 -0.00225982 -0.0108848 -0.00696219 -0.00201401 -0.00830258 -0.00272683 -0.00673062 -0.0069671 0.249777 0.00218231 -3.79018e-05 0.000164555 -0.0116254 -0.00050063 -0.00399184 -0.0124103 -0.00223589 -0.00351645 -0.00606885 -0.00674175 -0.00305217 -0.00420242 -0.00247384 -0.00150619 -0.00146341 -0.00228892 -0.00318609 -0.000765385 -0.00121462 0.00114315 -0.00141237 -0.0010402 -0.000659017 6.96374e-05 -0.0014577 0.000456299 -0.000161915 -0.00321526 -0.000634491 -0.00302747 -0.000848473 -0.00304884 -0.00194807 -0.00316851 -0.00120325 0.000234693 0.000121105 -0.000667163 -0.00120786 -0.00161631 -0.00263179 -0.00362032 -0.00280609 -0.00293927 -0.00357946 -0.00186764 -0.00183376 -0.00491935 0.000707654 -0.00252165 -0.00127518 -0.0042038 -0.00279138 0.000800442 -0.00292003 -0.00250525 -0.000798633 -0.0025488 -0.00246988 -0.00187795 0.000867231 -0.00240067 -0.00386918 -0.000833746 -0.00217064 -0.00138873 -0.000137086 -0.0019615 -0.00223334 -0.00236076 0.000457486 -0.0011766 0.000366519 -0.00292538 -0.00196746 -0.00284479 -0.000390292 
-0.00273686 0.000882769 -0.00153244 -0.00390369 -0.00470078 -0.00253772 -0.00445032 -0.00301676 -0.00323067 0.00036326 -0.0047809 -0.00177038 -0.0047593 -0.00661275 -0.00408574 -0.00797524 -0.00414742 -0.00541441 -0.00184737 0.00288363 -0.00552007 0.00218231 0.247836 -0.00246593 -0.000635958 -0.00743646 -0.00323191 -0.010968 -0.00526929 -0.000969721 0.00189917 -0.00355969 3.25261e-05 -0.00108526 -0.00446685 -0.00359415 -0.00232751 -0.00211733 -0.00376068 -0.00173513 -0.00392068 -0.00170555 -0.0014193 -0.00092027 -0.00255309 -0.00200011 -0.00369772 -0.000422182 -0.00276099 0.000173271 -0.00129438 -0.00220043 -0.00332749 -0.000766419 -0.00124589 -0.000427329 -0.00183798 -0.00180746 0.000469251 -0.00153406 -0.00451555 -0.00253311 -0.00128287 -0.00159863 -0.00413922 -0.0025333 -0.00418435 -0.00225705 0.000181413 -0.00313108 -0.00330414 -0.00516238 -0.0022384 -0.00107653 -0.00404038 -0.0010346 -0.00563406 -6.17435e-05 -0.000152394 -0.00473589 -0.000156831 -0.00370345 -0.00128457 0.00132477 -0.00151008 -0.00437449 -0.00272704 -0.00248041 -0.00274084 -0.00464704 -0.00385204 -0.0037683 -0.00185936 -0.0016769 -0.00320296 -0.00258456 0.000233895 -0.00255576 -0.0012244 -9.3822e-06 
0.000890025 -0.00315311 -0.00415931 -0.00119942 0.000326047 -0.00492252 -0.00255821 -0.00201988 0.00112258 -0.00321385 -0.00692424 -0.00364247 -0.0132616 -0.00469605 -0.00927964 -0.00585976 -0.0106342 -0.00126816 -0.00557998 -0.00225512 -9.09677e-05 -3.79018e-05 -0.00246593 0.249992 0.0030382 -0.00215588 0.00440714 -0.000977814 -0.000672412 -0.00264644 -0.00353979 -0.0072486 -0.0021457 -0.00223107 -0.00248456 -0.000718957 -0.000702903 -0.00286987 -0.000681714 -0.00196902 -0.00170597 -0.002503 -0.00413725 -0.00430325 -0.000279641 -0.000138191 -0.00248779 -0.00235453 -0.00331289 -0.00117695 -0.00327106 -0.00298065 -0.00287601 -0.00264773 -0.000248122 -0.000789174 -0.00170275 -0.00233461 -0.00173057 -0.00287109 -0.00184319 -0.00369576 -0.00146882 -0.00375039 -0.00356944 -0.00390282 -0.000668591 -0.00388165 0.000688293 0.000309311 -0.00218213 -0.000234236 -0.00162044 -0.00142936 -0.00473938 -0.00284662 -0.00500452 -0.00342413 -0.00318671 -0.00261782 -0.000506771 -0.00396886 -0.00172952 -0.00380686 -0.00309625 -0.00206715 -0.00147106 -0.00288784 -0.00314593 -0.00082699 -0.00369022 -0.000586708 -0.000885248 -0.00271316 -0.00180656 -0.000291855 -0.0052935 -0.00122286 -0.00240059 -0.00619096 
-0.00124958 -0.00298847 -0.00247071 7.32359e-05 -0.000669156 -0.00436216 -0.00399632 -0.00301605 -0.00303408 -0.00510235 -0.00388423 0.000493078 -0.00793698 -0.00147507 -0.00674095 -0.0109891 -0.00974543 -0.00396848 -0.0149632 -0.00420013 -0.00599222 0.000164555 -0.000635958 0.0030382 0.23687 -0.00475458 -0.00712271 -0.00182211 -0.00572567 -0.00249605 -0.00424304 -0.00329954 -0.00133825 -0.00234706 -0.0058979 -0.00138616 -0.0011416 -0.00114784 -0.00199195 -0.00250739 -0.000775807 -0.00122549 -0.00222409 -0.000811561 -0.00301865 0.000150493 -0.00265938 -0.00268577 -0.00236436 -0.00175037 -0.000262139 -0.0021915 -0.00242893 -0.000576479 -0.00184107 -0.00292966 -0.00200124 -0.00180132 -0.00156417 -0.00173163 -0.00197944 -0.000812449 -0.000230492 0.000150122 -0.000412383 -0.00168503 -0.000719058 -0.000934925 -0.000378937 0.000196139 -0.00172025 -0.00235972 -0.000132667 -0.00282785 -0.00295885 -0.00259126 -0.00236199 -0.00100322 -0.0010514 -0.00163703 -0.00153515 -0.00192243 -0.00286741 -0.00121599 -0.00322778 -0.000884775 -0.00201 -0.00161745 -0.00179403 0.000979578 -0.00106938 -0.00227773 -0.00150216 -0.000365521 -0.00176426 -0.00230742 -0.00196164 -0.00292175 -0.00123297 -0.00435413 
-0.00232057 -0.00430577 -0.00194136 -0.00553086 -0.00111427 -0.00180197 -0.00281705 -0.00256698 -0.005011 -0.00536394 -0.00699729 -0.00335884 -0.00548678 -0.00473416 -0.00836363 -0.00808199 -0.00243009 -0.00868822 -0.00659399 -0.00150888 -0.00275248 -0.0116254 -0.00743646 -0.00215588 -0.00475458 0.240154 -0.000435404 -0.00278824 0.00125745 -0.00134822 -0.00340531 -2.46163e-05 -0.00343571 -0.00339113 0.00113936 -0.00220098 -0.00391076 -0.00349006 0.000635291 -0.00411299 -0.00139893 -0.000524987 -0.00241422 -0.00269586 -0.000631013 -0.000755908 -0.00173758 -0.00296338 -0.00235091 -0.000212365 -0.00290067 -0.00469017 0.00213285 -0.00237928 0.000434402 -0.00275351 -0.00319074 -0.0013161 -0.000906021 -0.00155385 -0.000659576 -0.0011806 -0.00306142 -0.00213804 -0.0012452 -0.00136752 -0.00289992 -0.00185812 -0.00146955 -0.00140742 -0.00315362 0.000518197 -0.00315999 -0.000198192 -0.0017338 -0.00185066 -0.00434195 -0.00219049 -0.00155341 -0.000210966 -0.00123934 -0.0039444 -0.000693239 -0.00188086 -0.00128629 -0.00092151 -0.001384 0.00178336 -0.00219647 -0.000837954 -0.00175856 0.000543798 -0.00275975 -0.00103742 -0.00211773 -0.00286417 -0.000778905 -0.00213869 -0.000747787 -0.00266969 
-0.00230473 -0.0004761 -0.00189242 -0.00331436 -0.00586763 0.000197662 -0.000525 -0.000655495 -0.00772467 -0.00563451 -0.00533576 -0.0035746 -0.00590831 -0.00164375 -0.00264499 -0.00173369 -0.00729265 -0.000551415 -0.00685853 -0.00433802 -0.0107437 -0.00050063 -0.00323191 0.00440714 -0.00712271 -0.000435404 0.2382 -0.00263955 -0.00555858 -0.000932517 -0.00208853 -0.00340565 -0.0022144 -0.00244767 5.6779e-05 -0.00159748 -0.00186829 -0.00166349 -0.00324772 -0.00235023 -0.00205737 0.000574634 -0.00275278 -0.00442656 -0.00313865 -0.00234527 -0.000693629 -0.0043946 -0.00147493 -0.00363054 -0.00235244 -0.00341262 -0.00135339 -0.00142642 -0.000954122 -0.00239052 -0.00143 -0.00206325 -0.0017079 -0.0035511 -0.00080187 -0.00142146 -0.0012079 -0.000759498 -0.00366782 -0.00216123 -0.00151379 -0.00233068 -0.0009462 -0.00435909 -0.00205975 -5.53822e-05 -0.00219904 0.000160928 -0.000863132 -0.00561592 -0.000906238 -0.00296644 -0.00148039 -0.00284723 -0.00241325 -0.00266357 -0.00203177 -0.0035517 -0.00180256 -0.00198289 -0.000359049 -0.00111514 -0.000212739 -0.00297014 -0.00218068 -0.00199828 -0.00205912 -0.00273149 -0.00262018 -0.00246632 -0.000533164 0.00058672 -0.0036799 -0.00276781 
-0.00141009 -0.00255569 -0.00113394 -0.00121789 -0.00237838 -0.00116411 -0.00195798 -0.00253795 -0.00190547 -5.84228e-05 -0.00450404 -0.00301804 -0.00409145 -0.0017527 -0.0112953 0.000479842 -0.00939989 -0.00523507 -0.00318495 -0.00921465 -0.00162462 -0.00399184 -0.010968 -0.000977814 -0.00182211 -0.00278824 -0.00263955 0.173946 2.80713e-05 -0.00241533 0.00203388 -0.00358998 -0.00209606 -0.000738046 -5.83499e-05 -0.000878187 -0.00243075 -0.000437514 -0.00125134 -0.000508321 -9.45749e-05 -0.00044694 -0.001399 -0.000960371 -0.00098836 -0.002789 -0.00141263 -0.00265402 -0.00148819 -0.00226811 -0.000307737 -0.000687066 -0.000257545 -0.00177939 -0.00192267 -0.00115517 -0.00135468 -0.00112002 -0.00285606 -0.00113988 2.14099e-05 -0.000514795 -0.00169651 -0.00319382 -0.00119191 -0.00177358 -0.00238153 -0.000280964 -0.00110266 -0.000341975 3.75601e-05 -0.00109334 -0.00192344 -0.000573565 -0.000686022 -0.00208995 -0.00134926 -0.00201345 -0.000258284 0.00127523 -0.00102151 -0.000968556 -0.00123149 -0.000857516 -0.00257605 -0.00136512 0.000898902 -0.00133134 -0.000596794 0.000651698 -0.00189832 -0.00118701 -0.000926472 -0.0016032 -0.000673376 -0.000801888 -0.00112288 -0.00159064 -0.00174729 -0.00109498 
-0.00065527 -0.00279578 0.000546191 -0.00285008 -0.00161077 -0.00171237 -0.00388459 0.00143135 -0.00379237 -0.0020411 0.000568024 -0.00183991 0.000669168 -0.00729551 -0.00369604 -0.00309674 -0.00942772 -0.00382868 -0.00801906 -0.00187443 -0.00725658 -0.0124103 -0.00526929 -0.000672412 -0.00572567 0.00125745 -0.00555858 2.80713e-05 0.173746 -0.00174983 -0.000103243 -0.00326991 0.000192842 0.00158271 -0.00165382 -0.00164488 -0.00247681 -0.00231634 -0.00189666 -0.000932041 -0.000336653 -0.000911318 -0.00104294 -3.26004e-06 -0.00171583 -0.00108889 -0.00146552 -0.00136685 -0.000822554 -0.000144338 -0.0022911 -0.00281267 -0.000306914 -0.00126603 0.000182216 -0.00103585 -0.00193645 -0.00130107 -0.00138331 -0.00019488 -0.000742315 -0.00238704 -0.00421778 -0.00145731 0.000730128 0.000772156 -0.0015436 -0.00117443 -0.00283539 -0.000868123 5.51357e-05 -0.00144974 0.000304354 -0.000327154 -0.0025501 -0.000894366 -0.0024316 -0.000708669 -0.0004485 -0.00161636 -0.00150398 -0.00169877 -0.000316936 -0.000891879 -0.00121879 -0.00108758 -0.000194615 -0.00153721 -0.00241368 -0.000685296 -0.000653911 -0.00157801 -0.00067415 -0.00189221 -0.000227931 -0.0018165 -0.00112232 -0.0018459 -0.000363785 -0.00190636 
-0.00050084 -0.00135232 -0.000529808 -0.00150633 -0.00126628 -0.000735229 -0.00195905 -0.00332092 -0.00278464 -0.00484219 0.000279154 -0.00204481 -0.0022502 -0.00163571 -0.00159773 -0.00364652 -0.00649319 -0.00269873 -0.000834018 -0.00540261 -0.00702123 -0.00223589 -0.000969721 -0.00264644 -0.00249605 -0.00134822 -0.000932517 -0.00241533 -0.00174983 0.151984 -0.00243415 -0.0028301 0.000246911 0.00184021 -0.00368051 -0.00154975 -0.00159617 -0.000510949 -0.00107072 -0.000549602 0.000355088 -0.00106493 -0.00158905 -0.00139922 0.000704097 -0.000810708 0.000258987 6.46796e-05 -0.00112233 -0.00097415 -0.00237403 -0.00229133 -0.00139974 -0.000699213 -0.000752175 -0.0016744 -0.00141443 -0.000322013 -0.000432981 -0.00200552 -0.0020115 -0.00170474 -9.09414e-05 -0.0018032 -0.00163113 -0.0024544 -0.00183086 -0.00225723 -0.000962923 -0.00296581 -0.0010332 -0.000815057 -0.00163827 -0.000562708 -0.00156636 -0.000834248 -0.00230968 0.000239338 -0.00212986 -0.002014 -0.00106549 -0.000377152 -0.00133092 -9.52738e-05 -0.000110904 -0.00158733 -0.00166318 -0.00125868 -0.00309047 -0.00161772 -0.00163736 -0.000547577 -0.000761303 -0.00248951 -0.00127957 -0.00116891 -0.00184614 -0.00102272 -0.0009276 0.000285785 
-0.000671529 -0.000516266 7.4473e-05 -0.00167089 -0.00238829 -0.000470767 -0.000469395 -0.00106075 -0.00190815 -0.00266727 -0.00280373 -0.00412253 -0.00493683 -0.00114601 -0.00410449 -0.00237473 -0.00252485 -0.00759572 -0.00657139 -3.93662e-05 -0.00772954 -0.00351645 0.00189917 -0.00353979 -0.00424304 -0.00340531 -0.00208853 0.00203388 -0.000103243 -0.00243415 0.153197 -0.00213394 -0.00120232 -0.000405457 -0.000702592 -0.000543397 0.000123321 -0.00113116 -0.000809955 -0.000108592 -0.00244611 -1.20995e-05 -0.00135902 -0.00173855 -0.00445872 -0.00212556 0.000635318 -0.0023094 -0.00250834 -0.00276008 -0.000359866 -0.000717107 -0.00125391 -0.00130311 -0.00129689 -0.0025252 -0.00139728 -0.00143548 -0.000216286 -5.59009e-05 -0.00179616 -0.00164412 -0.000613086 -0.00162289 -0.00233234 -0.00178046 -0.00099454 -0.0023063 -0.00130496 -0.00096336 -0.000271836 -0.0011839 -0.00230434 -0.000700851 -0.000299276 -0.00186572 -0.00107995 -0.000927651 -0.000310854 -0.000332262 -0.000319583 -0.000167867 -0.00183836 0.000164484 -0.000203214 -0.00230776 -0.00207908 -0.00153769 -0.0019354 -0.001528 -0.000841171 -0.000859476 -0.000259396 0.00029054 -0.000289733 -0.000732901 -0.00177994 -0.000944516 -0.00220144 -0.00153822 
-0.00277528 -0.00274783 -0.000977697 -0.00091073 -0.00249919 -0.000198421 -0.00298608 -0.00156086 -0.00326723 -0.00456528 -0.000839465 -0.00107805 -0.00122709 -0.0047478 -5.97125e-05 -0.00176093 -0.00109412 -0.000566967 -0.00886465 -0.00529863 -0.00028007 -0.00606885 -0.00355969 -0.0072486 -0.00329954 -2.46163e-05 -0.00340565 -0.00358998 -0.00326991 -0.0028301 -0.00213394 0.161814 0.00097101 0.00167251 -0.00243305 -0.000893765 -0.00125817 0.000504954 -0.00208594 -0.00130329 0.000656323 -0.00195058 -0.00157783 -0.00158572 -0.00122821 -0.00149898 -0.000373657 -0.00154164 -0.00136586 -0.00166783 -0.00166442 -0.00110903 -0.00135918 -0.00219507 -0.000665489 -0.00269559 -0.00172497 -0.0027585 -0.000748947 -0.00263718 -2.11008e-05 -0.000871222 -0.00125396 -0.00150085 -0.001243 -0.00154583 -0.000801281 -0.000948278 -0.00133545 -0.000233865 -0.00169302 -0.000692334 -0.00162614 -0.000790163 -0.00138108 -0.000932965 0.000452312 -0.000925797 -0.000226554 -0.000602014 -0.000387699 -0.0015508 -0.00109337 -0.00274362 -0.00248649 -0.00076842 -0.000565521 -9.39439e-05 -0.000318985 -0.000757954 -0.00110364 -0.00178724 5.03552e-05 -0.00131244 -0.00238917 -0.00165332 -0.00165338 -0.00243427 -0.000544724 -0.00179198 
