0.0851647 -0.000966654 -0.00121454 -0.000629351 -0.00017142 -0.000377183 0.000367181 0.000327466 -0.000692726 -0.00138965 0.000359928 -0.00191002 -0.00146494 -0.00158859 -0.00221031 -0.00311885 -0.0035824 -0.00119717 -0.00158111 -0.00327386 -0.00316164 -0.00180338 -0.00182736 -0.00303313 -0.00101718 -0.00185136 -0.00116088 -0.00214104 -0.000608018 -0.0011047 -0.00130235 -0.0032517 -0.000381253 -0.00136728 -0.000472215 -0.000501328 -0.00222295 -8.39763e-05 -0.00102249 -0.000902705 0.000189367 -0.000738834 -0.00147969 -0.000802824 -0.00120405 -0.000274086 -0.000192265 -9.1791e-05 -0.000361125 -0.00112987 -0.000942692 -0.000707212 9.52512e-05 -0.000618237 -0.00082206 -3.08908e-05 -0.000559659 -0.000345124 -0.00132009 -0.00104504 -0.000473703 0.000382697 -0.000946931 -0.000555666 0.000340578 0.000105272 -0.000997477 -0.000276367 -0.000675711 -0.00105761 -0.000978404 -0.000495027 -0.00049052 0.000933367 9.85321e-05 -0.000579982 -0.000687873 -0.000185229 -1.1145e-05 -0.00114052 -0.000941099 -0.000879105 -0.000975516 -0.000916792 -0.000500635 -0.000368679 -0.00103262 -0.00055325 -0.000802028 -0.000351403 -0.000545562 -0.000783039 -0.000221323 -0.000352242 -0.00079991 -0.000339118 0.00033885 -0.00130006 -0.000197453 -3.99433e-05 
-0.000966654 0.0947443 -0.000482217 -0.00109067 0.000627558 -0.0010141 -0.00100375 -0.00181048 -0.00214934 -0.00124756 -0.00190097 -0.00141759 -0.00139184 -0.00107188 -0.00220024 0.000509209 -0.00271192 -0.00250977 0.000611737 -0.00112292 -0.00236881 -0.000913783 -0.00113 -0.00264506 -0.00467274 0.000341995 -0.00160221 0.000324862 -0.00165965 -0.00269305 -0.00155505 -0.00214678 -0.00171737 1.93418e-05 -0.000177571 -0.000585594 -0.00162662 -0.000231954 5.77293e-06 -0.000544044 -0.000471475 -0.000188744 -0.000187799 0.000110182 -0.000910965 -0.00104511 -0.00108153 -0.000228323 -0.00187645 0.000203547 -0.00129821 -0.00113503 -0.00173609 -0.000301428 0.000409834 -0.000628586 -3.60442e-06 -0.000620895 -0.000128728 -0.00149088 -0.000830082 -0.000903227 -0.00107905 -0.00139021 -0.00171675 -0.000951869 -0.00105187 -0.000632493 -0.00115688 -0.000443115 -0.000416457 -0.000862262 -0.00107134 -0.00120818 -0.000667948 -0.00102035 -0.000484515 -0.00111847 -0.00150358 -0.000779022 -0.000843325 -0.000496872 -0.00176499 -0.000103347 -0.00153968 -0.000509526 -0.000238908 -0.000263893 -0.000519899 -0.00109259 -0.00184445 -0.000990201 -0.000198015 -0.000414835 -0.00146624 -0.000931053 -0.000324226 -0.0003875 -0.000339673 -0.000655362 
-0.00121454 -0.000482217 0.0986502 -0.000356802 -0.00155237 0.000266556 -0.000876519 -0.000793477 -0.00143319 -0.00068738 -0.00207523 -0.00184685 -0.00384488 0.00101922 0.00130809 -0.00307633 -0.00106349 -0.00388683 -0.00248109 -0.000995665 -0.000631018 -0.00508954 -0.00270541 -0.00423342 -0.00139465 -0.00205406 -0.00116057 -0.00235354 -0.00257159 0.000359873 -0.000430001 -0.00277887 -0.000765698 -0.00128276 -0.0015418 -0.00192129 -0.000231844 -0.000726652 -6.23658e-06 -0.000956647 -0.000982936 -0.00122988 -0.000565997 -0.000625055 -0.000327744 -0.000631491 0.000550333 -4.07208e-05 -0.000832936 -0.000769416 -0.000178942 -0.00159169 -0.0016264 -4.24017e-05 -0.000630037 0.000584533 -0.000812021 -0.000610398 -0.00112843 -0.00110637 -0.000952618 -0.000466866 -0.000652846 -0.00117463 -0.000715167 3.40207e-06 -0.000551088 -0.000991749 -0.000692836 -0.000765772 0.00011468 -0.00122221 -0.00141721 0.000244226 -0.00132702 -0.00052219 -0.00111624 4.19989e-05 -0.00032626 -0.00111237 9.63071e-05 -0.000273778 -0.00107858 -0.000810174 -0.00141694 -0.000107261 -0.000930636 -0.00100309 -0.00051661 -0.00102819 -0.0013729 -0.00181631 -0.000427757 -0.0009857 -0.00097546 -0.00101832 -0.000195483 -0.000783509 -0.000449678 -0.000806575 
-0.000629351 -0.00109067 -0.000356802 0.0658202 -0.000226964 -0.000136638 -0.00029587 0.000578827 -0.00149298 -7.76606e-05 -1.3556e-07 -0.000351441 -0.000511642 -0.00175901 -0.00205585 -0.00257974 -0.000602473 -0.0015688 -0.00204333 -0.00172917 -0.00216182 -0.00248822 -0.000532064 -0.00169504 -0.00282401 -0.00295575 -0.00124619 -0.00121209 -0.00307402 -0.00163666 -0.00201697 -0.00168554 -0.000649901 -0.000387497 -7.63269e-06 0.0003136 -0.000156307 -0.000227843 2.02489e-05 -0.000827129 0.000299623 1.98277e-05 -0.000228784 -0.000195882 -0.000139711 -0.000654486 -0.000930194 -0.000298796 -0.000290883 -0.000675009 -0.000136964 0.000646114 -0.000226457 -0.00024093 -0.000280677 -0.000669428 -0.000658094 -0.000451313 -0.000567343 0.000264115 0.000454081 -0.000457062 -0.000594208 -0.00136293 -0.00116496 -0.000713616 -0.000485639 -0.000963129 -0.000404857 -0.000599812 -0.000958576 -0.00108969 -0.000391726 -0.00115845 -0.000291632 2.14703e-05 -0.000434391 -8.03014e-05 -0.000711715 -0.000370937 -0.000129128 -9.9335e-05 -0.000182053 -0.000445899 -0.000657396 0.000396127 0.000129586 -0.000753171 -0.000571133 -0.000367221 -4.94842e-05 -0.000903851 -0.000567539 -0.000108423 -1.16349e-05 -0.00108495 -9.75718e-05 -0.000163005 -0.000496671 -0.000103542 
-0.00017142 0.000627558 -0.00155237 -0.000226964 0.101087 -0.0012143 -0.000376434 -0.00040002 -0.00155779 0.000734112 0.000142396 -0.000782502 -0.00112992 -0.00238082 -0.00019373 -0.00188738 -0.00356889 -0.00053733 0.000986922 -0.00481015 -0.00123205 -0.003228 -0.000500702 -0.00388467 -0.00401044 -0.0021282 -0.0017293 -0.00191365 -0.00329194 -0.00193235 -0.00170495 -0.00209729 -0.00140515 -0.0021749 -0.000965084 -0.000922247 -0.00179678 -0.000478854 -0.000669907 -0.000840674 -0.000678466 -0.000938721 -0.00124222 -0.000180028 -0.00116605 -0.00105148 -0.0012939 -0.000290644 -0.000636266 -0.00130893 -0.000439228 0.000612304 -0.00056375 -0.000836638 -0.000781128 -0.000402786 -0.000494535 -0.000345163 -0.00101285 -0.00027241 -0.00137754 2.7476e-05 -0.000888805 -0.000963741 -0.000598852 -0.00149832 -0.00155278 -0.000648993 -0.00102794 -0.000679449 -0.00137057 1.77161e-05 -0.000716059 -0.000993334 -0.00147112 -0.000363384 -0.00126309 -0.000701889 -0.00133973 -0.00135389 3.45744e-05 -0.000863791 -0.00054602 -0.000461181 -0.00060379 -0.000540027 -0.00155095 -0.000259656 -0.00215617 -0.000523553 0.000102621 -0.000585862 0.000564736 -0.00133503 -0.000696686 -0.000585363 -0.000857316 -0.000903901 -0.000963367 -0.00106278 
-0.000377183 -0.0010141 0.000266556 -0.000136638 -0.0012143 0.099512 -0.000550907 -0.00032835 -0.000508945 -0.00140552 9.91159e-05 -0.00407677 -0.0026629 -0.00331144 -0.00162738 -0.00206917 0.00302329 -0.00192063 -0.000704058 -0.00511475 -0.00281444 -0.00262513 -0.00543953 -0.00185426 -0.00172992 -0.00150686 0.000291722 -0.000647711 -0.00400375 -0.000136858 -0.00162367 -0.00197733 -0.000905682 -0.0017059 -0.00132478 -0.0013056 -0.00202708 -0.00151055 -0.000960025 -0.00150518 -0.00165108 -0.00105158 -0.000498959 0.000306095 -0.000425181 -1.38376e-05 -0.00103379 -0.000521287 -0.00134483 -0.00113353 5.15662e-05 -0.00103687 -0.00155538 -0.000172799 -0.000451259 -0.000298282 0.000121954 -0.00149178 0.000460329 -0.000470811 -0.000854234 -0.000182699 -0.000706059 -0.000640954 -0.000427844 -0.000472537 0.000287279 -0.000776264 -0.000959876 -0.00038763 -0.00151842 -0.00134844 -0.00147465 0.000130317 -0.00115169 -0.000890291 -0.000249715 0.00024187 -0.00149286 -0.000261972 -0.000629012 -0.000692644 -0.000715406 -0.000188578 -0.00126332 0.000545418 -0.00114914 -0.0004385 -0.00160956 -0.000789935 -0.000487502 -0.000900428 -0.000633263 -0.000833245 -0.00040531 -0.000867352 -0.00109092 -0.00164483 -0.000615827 -0.000808124 
0.000367181 -0.00100375 -0.000876519 -0.00029587 -0.000376434 -0.000550907 0.0859035 -0.000123901 -9.61589e-06 0.000437302 -0.00104318 -0.000223852 -0.00130927 -0.000938384 0.000191993 -0.00373842 -0.00256902 -0.00301061 -0.00229701 -0.00232973 -0.00478453 -0.00156119 -0.0039844 -0.00238952 -0.00161515 -0.000923846 -0.00440356 -0.00203962 -0.00233463 -0.000531975 -0.000959798 -0.00221668 0.000297633 -0.000405365 -0.00160076 -0.000468273 -0.000830492 -0.000448971 -0.000645988 -0.000652522 -0.000683549 -0.000982297 0.000307714 -0.000356394 -0.000544799 -0.000497079 0.000295128 -0.00036171 -0.000320881 -0.000540855 -0.000486829 -0.000645062 -0.00104871 1.83659e-05 -0.000722691 -0.00073794 -0.000462987 -5.13109e-05 -0.000700684 0.00031858 -0.000956735 -0.000615748 -0.000207905 -0.00115827 -0.000193706 -0.000722854 -0.000249396 -0.000413807 -0.000415639 -0.00109231 -0.00100253 -0.000305936 0.000130112 -8.80509e-05 -0.000860643 -0.000479877 -0.000911765 -0.000268772 -0.00129367 -0.00131539 -3.20972e-06 -0.000997867 -0.0013218 -0.00067957 -0.00100929 -0.000661849 -0.00107512 -0.000752128 1.67671e-05 -0.00150518 -0.000253169 -0.000448416 -0.000350472 -0.000583519 0.000178282 -6.20009e-05 -0.000444941 -0.00122829 -0.0016978 -0.000197393 
0.000327466 -0.00181048 -0.000793477 0.000578827 -0.00040002 -0.00032835 -0.000123901 0.105636 0.000750339 -0.00135859 -0.00216487 0.000643886 0.000148091 -0.00035654 -0.00207965 -0.00366406 -0.00152467 -0.00142614 -0.00506859 -0.0029456 -0.00657164 -0.00160108 -0.00346223 -0.00355914 -0.00384405 0.000117323 -0.00323604 -0.00162361 -0.00161687 -0.0012473 -0.00218197 -0.00300761 -0.00140996 -0.000846497 -0.000629939 7.28539e-05 -0.00154114 -0.000486281 0.000241919 -0.00111575 -0.00138132 -0.000430821 -0.00134386 -0.000760507 -0.00136385 -0.00181973 -0.00180116 -0.000631994 -0.0013146 -0.00136316 -0.000375005 -0.00058756 -0.00059957 -0.000867359 -0.000403361 -0.000252651 -0.000552614 -0.000847628 0.000497481 -0.000409286 -0.000111596 -0.00101957 -0.000715889 -0.000273366 -0.000770001 -0.00111005 -0.000336409 -0.000684393 -1.68257e-05 -0.00145345 -0.00151321 -0.000418745 -8.94775e-06 -0.000846044 -0.00148948 -0.000233756 0.00054477 -0.000296795 -0.000380116 -0.000209079 -0.00102273 -0.000810829 -0.00228935 8.51505e-07 -0.000777851 -0.000657616 -0.00116511 -0.000490466 -0.00175233 -0.00077029 -0.000671888 -0.00118479 -0.000473136 -0.000884867 -0.000180138 -0.000899628 -0.00141348 -0.00111822 -0.00132745 -0.000649542 
-0.000692726 -0.00214934 -0.00143319 -0.00149298 -0.00155779 -0.000508945 -9.61589e-06 0.000750339 0.126041 -0.00116668 0.00102668 -0.000669636 -0.00203253 -0.00111917 -0.00112347 -0.00183869 -0.00615125 -0.0024043 -0.00112538 -0.00602209 -0.00654418 -0.005297 -0.00137868 -0.00656458 -0.00190334 -0.00142807 -0.00264059 -0.00125045 -0.000439721 -0.00334688 -0.000507561 -0.00196051 -0.00187384 -0.000961141 -0.000919848 -0.00125178 -7.02801e-05 -0.00123462 -0.00143327 -0.00104681 -0.00119368 -0.00122862 -0.00230485 -0.000924394 -0.00189269 -0.000745296 0.000186938 -0.00121887 -0.0011052 -0.00156628 -0.000113725 -0.00162468 -0.00168842 -0.000157276 -0.00199923 -0.00149539 -0.000979958 -0.000872944 -0.00232097 -0.000158195 0.000153837 -0.000273475 -0.00111514 -0.00212774 -0.00150507 -0.00059086 -0.000697952 -0.00150835 -0.00154197 -2.76692e-05 -0.000640893 -0.000296561 -0.00087251 -0.000988518 -0.000977649 -0.00129568 -0.000685617 5.17318e-05 -0.00110936 -0.00067354 0.000416787 -0.000937866 -0.00137481 -0.000934226 -0.00118129 -0.000761646 -0.00192811 -0.00119766 -0.000808693 5.74191e-05 -0.000770859 -0.00116396 -0.00035879 -0.00085632 -0.000775396 0.00021687 -0.000207369 5.29284e-05 -0.00117638 -0.000450719 
-0.00138965 -0.00124756 -0.00068738 -7.76606e-05 0.000734112 -0.00140552 0.000437302 -0.00135859 -0.00116668 0.130628 0.000365966 -0.000638456 -0.00164077 4.56265e-05 -0.00435667 -0.00202214 -0.00183183 -0.00722679 -0.000180744 -0.00742172 -0.00382303 -0.00337449 -0.00508421 -0.00587339 -0.00251071 -0.00540501 -0.00170535 0.000679071 -8.21509e-05 -0.00210126 -0.00345153 -0.00102019 -0.00075939 0.000978437 -0.00113038 -0.00227841 -0.00152571 -0.00162979 -0.00140319 -0.000982111 -0.00083935 -0.000708877 -0.00147294 -0.000937533 -0.00122784 -0.000698546 -0.000299305 -0.00128721 -0.000664677 -0.000744156 -0.000334341 -0.000681678 -0.000886602 -0.00141185 -0.000939356 -0.000935795 0.000487147 -0.00108543 -0.000761332 -0.00162574 -0.00109789 -0.00113648 -0.00108658 -0.00186241 -0.000428999 -0.00113263 0.000652003 -0.00153154 -0.0016499 -0.00125932 -0.00102715 -0.00171339 -0.00022334 -0.000226061 -0.00070225 -0.00179835 -0.000872308 -0.000605961 -0.00215549 -0.00146598 -0.00223875 -5.34271e-06 -8.91375e-05 -0.000872987 -0.000118465 -0.000236734 -0.000910539 -0.000659932 -0.000228947 -0.00136094 -0.000471434 -0.00165096 -0.00100457 -0.000677765 -0.00108019 -0.00172129 -0.000870064 -0.0020238 -0.00099072 -0.00148405 
0.000359928 -0.00190097 -0.00207523 -1.3556e-07 0.000142396 9.91159e-05 -0.00104318 -0.00216487 0.00102668 0.000365966 0.127917 -0.00151212 -0.00103773 -0.00227844 -0.00180445 -0.00461581 -0.00413152 -0.00228276 -0.00381434 -0.00372768 -0.0083278 -0.00523888 -0.00366966 -0.000905803 -0.00567944 -0.00268684 -0.00509315 -0.00137974 -0.00290109 -0.00182499 -0.00151427 -0.000291916 -0.00066973 -0.00062562 -0.00171135 -0.00229704 -0.00331276 -0.000895633 -0.00103072 -0.000543944 -0.000770968 0.000596444 -0.000732964 -0.000675011 -0.000172183 -0.000790789 -0.00146414 -0.000727146 -0.000357945 5.15318e-05 -0.00027458 -0.000724745 -0.000841357 7.68994e-05 -0.000643405 -0.0015279 -0.000347391 -0.00074084 -0.00151103 -0.00109102 -0.00115951 -0.00117617 -0.000481461 -0.00241507 -0.00224282 -0.0014358 -0.00120623 -0.000823893 -0.000428395 -0.000740731 -0.000809067 -0.00144912 -0.000740604 -0.000441841 -0.000643381 -0.00145758 -0.000554928 -9.52281e-05 -0.000770305 -0.000888289 -0.000122565 -6.25425e-05 0.000495905 -0.000423865 -0.000608911 -0.000631713 -0.00171762 -0.00114567 -0.00124841 -0.000752111 -0.000927946 3.58166e-05 -0.000725588 -0.00175045 -0.00216374 -0.000805683 -0.00103745 0.000110339 -5.74299e-05 -0.000752778 
-0.00191002 -0.00141759 -0.00184685 -0.000351441 -0.000782502 -0.00407677 -0.000223852 0.000643886 -0.000669636 -0.000638456 -0.00151212 0.173881 0.000575077 -0.000150977 -0.00257181 0.000767994 -3.93536e-05 -0.00647278 -0.0079594 -0.00461055 -0.00623203 -0.0043168 -0.000842611 -0.000694831 -0.00260446 -0.00182949 -0.00263925 -0.00437778 -0.0026703 -0.00214003 -0.00457082 -0.00642904 -0.0032634 -0.00213316 -0.0040859 -0.00118387 -0.0022499 -0.0023019 -0.0030827 -0.00167611 -0.00300045 -0.00213667 -0.00211359 -0.00026617 -0.000535325 -0.00102319 -0.000689 -0.000738843 -0.000846067 -0.00115717 -0.001503 -0.00197221 -0.0012008 -0.00268827 -0.0003328 -0.00072957 -0.00049324 -0.00174538 -0.00325546 -0.00209009 -0.00229953 -0.00154666 -0.000552682 -4.93437e-05 -0.00183143 -0.000553539 -0.00134329 -0.00184413 -0.000152082 -0.000253844 -0.00155493 -0.00145547 0.000485774 -0.0014089 -0.00249586 -0.00146739 -0.00108958 -0.0013729 -0.00102428 -0.000594574 -0.00123949 -0.000882174 -0.00187773 -0.00347532 -0.00131995 -0.0012258 -0.00115228 -0.000967144 0.000354873 -0.00128531 -0.0014213 -0.000951065 -5.47967e-05 -0.0015364 -0.00194526 -0.00171355 -0.00190017 -0.00460593 -0.00114184 -0.0020474 
-0.00146494 -0.00139184 -0.00384488 -0.000511642 -0.00112992 -0.0026629 -0.00130927 0.000148091 -0.00203253 -0.00164077 -0.00103773 0.000575077 0.191907 -0.00290703 -0.00181843 0.00629457 -0.000534988 -0.00717288 -0.00476978 -0.00968373 -0.000719704 -0.00509081 -0.00810919 -0.00729482 -0.00674991 -0.00461398 -0.0039352 -0.00284307 0.000164054 -0.00790355 -0.00346154 -0.00191856 -0.00581458 -0.000283577 -0.00136199 -0.00091692 0.00021001 -0.000506833 -0.00116595 -0.00232694 -0.00149183 -0.000586137 -0.0022455 -0.00189456 -0.000763044 -0.00175874 -0.000411436 -0.00174104 -0.00194504 -0.00289665 -0.00102996 -0.00106379 0.000915787 -0.00334799 -0.000774327 -0.00100473 -0.00110322 -0.00236294 -0.00200259 -0.0006084 -3.73085e-05 -0.00185116 -0.00233444 -0.00161557 -0.00261261 -0.00120974 -0.00174753 -0.00063388 -0.0019614 -0.00150858 -0.00172131 -0.00289075 -0.000579369 -0.00203999 -0.00043435 -0.00181831 -0.000898985 -0.000503623 -0.00237994 -0.000311838 -0.00263418 -0.00112153 -0.000988648 -0.00251522 -0.000848957 -0.000632689 -0.00254123 -0.00103433 -0.000359654 -0.00217624 -0.00239288 -0.000936579 -0.00178341 -0.00186018 -0.00291154 -0.0028469 -0.001066 -0.00106101 -0.00275517 -0.000695181 
-0.00158859 -0.00107188 0.00101922 -0.00175901 -0.00238082 -0.00331144 -0.000938384 -0.00035654 -0.00111917 4.56265e-05 -0.00227844 -0.000150977 -0.00290703 0.199558 0.00129455 -0.00990024 -0.00309209 0.0014436 -0.00918539 -0.00192311 -0.00582774 -0.0048405 -0.00893237 -0.0123929 -0.00505812 -0.00980609 -0.00257628 0.000900108 -0.00645017 -0.00372621 -0.00761661 -0.00300032 -0.00180504 -0.0017552 -0.00282515 -0.00165699 -0.00112019 -0.000393756 -0.00297293 -0.00329455 -0.00266348 -0.00192547 -0.00198209 -0.00165866 -0.000471918 0.000408055 -0.00270732 0.000166058 -0.000677391 -0.00159098 -0.000902957 -0.000990295 -0.00255803 -0.0015986 -0.00199365 -4.22848e-06 -0.00109509 -0.00172318 -0.000847276 -0.00106958 0.000322462 -0.00158069 -0.000530273 -0.000147872 -0.00238955 -0.00362038 -0.00183106 -0.00158476 -0.000238591 0.000236038 -0.00158924 -0.00210163 -0.000790143 -0.00299519 -0.00106122 -0.00143599 -0.00110527 -0.00102274 -0.00151237 -0.00313497 -0.000790669 -0.00118566 -0.00206028 -0.00199029 -0.00139483 -0.00117856 -0.00137513 -0.000801024 0.000378111 -0.00132273 -0.00227551 -0.00146037 -0.000708153 -0.00101535 0.000607413 -0.000803712 -0.000749592 -0.00097007 -0.00150045 -0.00165032 
-0.00221031 -0.00220024 0.00130809 -0.00205585 -0.00019373 -0.00162738 0.000191993 -0.00207965 -0.00112347 -0.00435667 -0.00180445 -0.00257181 -0.00181843 0.00129455 0.230379 -0.00611221 -0.00587492 -0.00626985 -0.00740684 -0.00642041 -0.00105105 -0.000960855 -0.00513944 -0.0143086 -0.00985682 -0.00928028 -0.00533391 -0.00458598 -0.00383435 -0.0038465 0.000953212 -0.00178573 -0.00256984 -0.00421816 -0.000320277 -0.00485368 -0.000345163 -0.0013385 -0.00101128 -0.00231517 -0.00172872 -8.70514e-06 -0.000598725 -0.000952721 -0.00161777 -0.00217942 -0.00300074 -0.00178827 -0.00146903 0.00112107 -0.00301685 -0.00060743 -0.000630299 -0.00053476 -0.00181262 -0.00427341 -0.000681619 -0.000820916 -0.00443493 -0.00342492 -0.00054261 -0.000424479 -0.000566868 -0.00147278 -0.0016127 -0.00192539 -0.002189 -0.00310167 -0.00250969 -0.00134829 -0.00536422 -0.00180211 -0.00202491 -0.00186809 -0.000293195 -0.0026466 -0.00205732 -0.00193684 0.000306034 -0.00260544 8.50872e-05 -0.00018668 -0.0010514 -0.0013972 -0.00178135 -0.000227282 -0.0029783 -0.00259237 -0.000643941 -0.0052373 -0.000669172 -0.00240998 -0.0026626 -0.000371234 -0.000184328 -0.00407556 -0.00163999 -0.00201678 -0.00102795 -0.00352954 
-0.00311885 0.000509209 -0.00307633 -0.00257974 -0.00188738 -0.00206917 -0.00373842 -0.00366406 -0.00183869 -0.00202214 -0.00461581 0.000767994 0.00629457 -0.00990024 -0.00611221 0.248813 -0.000137116 0.000998015 0.00421445 -0.0047524 -0.00132676 -0.00825011 -0.00553665 -0.00450642 -0.00917806 0.00284328 -0.00167896 -0.00866522 -0.00445595 -0.0108365 -0.00293396 0.0014334 -0.00403723 -0.00422082 -0.00540285 -0.00362772 -0.00427276 -0.00161515 -0.00265449 -0.00111686 -0.00185415 -0.00325254 -0.00421217 -0.00140655 -0.00247267 -0.00287651 -0.000683752 -0.00236474 -0.00236477 -0.00270715 -0.00470534 -0.00294603 -0.00354806 -0.00256887 0.000650075 -0.0010726 -0.00300789 -0.0021812 -0.000380104 -0.00187426 -0.00271188 -0.00175527 -0.00168056 -0.00440143 -0.00373979 0.000770083 -0.00157673 -0.00219745 -0.00437836 -0.00271501 -0.000201481 -0.00367207 -0.00167694 -0.000837809 -0.00382517 -0.00239077 -0.0018756 -0.0026613 -0.00397067 -0.000228146 -0.00234748 -0.00313755 -0.00318144 4.47788e-05 0.00131637 -0.00207523 -0.00326938 -0.0010118 -0.000505457 -0.000380567 -0.00268181 -0.000555156 -0.00258787 -0.00205601 -0.00417442 -0.00515023 -0.00207581 -0.00160025 -0.00339726 -0.00166245 
-0.0035824 -0.00271192 -0.00106349 -0.000602473 -0.00356889 0.00302329 -0.00256902 -0.00152467 -0.00615125 -0.00183183 -0.00413152 -3.93536e-05 -0.000534988 -0.00309209 -0.00587492 -0.000137116 0.24133 -0.00299772 -0.00312427 -0.00781546 -0.00594805 -0.0099177 -0.00481697 -0.00784602 -0.00249702 -0.00477553 -0.00562211 -0.00773566 -0.00389411 -0.000786203 -0.00249947 -0.00550035 -0.00252644 -0.000246259 -0.00190065 -0.00396264 -0.00419491 -0.00403036 -0.00210639 -0.00277861 0.000869505 -0.00359053 0.000207929 -0.000880519 -0.00345226 0.00174351 -0.000320712 -0.00154937 -0.00173314 -0.00422739 -0.0021958 -0.00140443 -0.00300753 -0.00453588 -0.00130006 -0.000862261 -0.00273714 -0.00186237 -0.000984193 -0.0010394 -0.00170534 -0.00205819 -0.00110244 -0.00170817 -0.0014127 0.000770986 -0.00407161 -0.00142846 0.000140081 -0.00213012 -0.000786369 -0.000310484 -0.00286409 -0.00177611 -0.00206675 -0.00286716 -0.000339022 -0.00129759 -0.00168455 -0.000835119 0.000794074 -0.00140656 -0.00340381 -0.00202215 -0.00335876 -0.000251185 -0.00419685 -0.00237024 -0.00597461 -0.00198799 -0.00123449 -0.00423238 -0.00337094 -0.00297452 -0.00453153 -0.00405082 -0.000360052 -0.00137926 0.00207105 -0.00277822 
-0.00119717 -0.00250977 -0.00388683 -0.0015688 -0.00053733 -0.00192063 -0.00301061 -0.00142614 -0.0024043 -0.00722679 -0.00228276 -0.00647278 -0.00717288 0.0014436 -0.00626985 0.000998015 -0.00299772 0.248446 -0.00714446 -0.0013725 -0.000431369 -0.00571364 0.00410297 0.0010054 -0.00682028 -0.00759846 -0.00866241 -0.00693762 -0.00611512 -0.00387074 0.00160745 0.000880562 0.0001107 -0.00514687 -0.0040847 -0.00266894 -0.00320676 -0.00305254 -0.00161165 -0.00288105 -0.0018537 -0.00405769 -0.00109326 -0.00272308 -0.000747627 -0.00186586 -0.00449004 -0.00401932 -0.00212949 -0.00406179 -0.00126659 -0.00344636 -0.00141676 -0.00258482 -0.00178644 -0.00195953 -0.002097 -0.00548666 -0.00122191 -0.00293467 -0.00261844 -0.00376374 -0.00148544 -0.00133036 -0.00131698 -0.00378435 -0.00307876 -0.00175184 -0.000202882 -0.00113644 -0.0020634 -0.002596 -0.00022646 -0.00065979 -0.00169016 -0.00318091 -0.00135686 -0.00225429 -0.000874851 -0.00251747 -0.00330601 -0.00185117 -0.00112162 -0.0058151 -0.000696833 -8.59394e-05 -0.00341284 -0.00095052 -0.00292907 -0.000580968 -0.00293781 -0.000117374 -0.00341374 -0.00284261 -0.000148437 -0.0011108 -0.00383274 -0.00284189 -0.00154491 -0.00171907 
-0.00158111 0.000611737 -0.00248109 -0.00204333 0.000986922 -0.000704058 -0.00229701 -0.00506859 -0.00112538 -0.000180744 -0.00381434 -0.0079594 -0.00476978 -0.00918539 -0.00740684 0.00421445 -0.00312427 -0.00714446 0.249883 -0.00387707 0.0123568 -0.0119145 -0.00681709 -0.00806358 -0.00728697 -0.00980255 -0.00662012 -0.00522507 -0.00621299 -0.00488987 -0.0012983 -0.00551327 -0.00276831 -0.00202805 -3.05257e-05 -0.00509361 -0.00242609 -0.00257842 -0.00142161 -0.00257563 -0.00147122 -0.00212992 -0.00236539 -0.00108034 -0.0016527 -0.00135039 -0.00187624 -0.00222443 -0.00372852 -0.000455763 -0.00348807 -0.00306983 0.000896445 -0.000202038 -0.00316944 -0.00291238 -0.00152704 -0.00246088 -0.00244449 -0.00290373 -0.00279811 -0.00171398 -0.00336859 -0.00209102 -0.00392927 -0.0024069 -0.000275309 -0.00117884 -0.00273166 -0.00263843 -0.00227213 -0.00213954 -0.00253448 -0.00141945 -0.0024198 -0.00318587 -0.00172644 -0.000186033 -0.00127417 -0.00249965 -0.00068155 -0.00151374 -0.00320562 -0.000371445 -0.00274504 -0.00339094 -0.00189265 -0.00239488 -0.00230771 -0.00147061 -0.00148058 -0.00177808 -0.00162244 -0.00102288 -6.2939e-05 0.00343061 -0.00051623 -0.00391135 -0.00117981 -0.0021996 
-0.00327386 -0.00112292 -0.000995665 -0.00172917 -0.00481015 -0.00511475 -0.00232973 -0.0029456 -0.00602209 -0.00742172 -0.00372768 -0.00461055 -0.00968373 -0.00192311 -0.00642041 -0.0047524 -0.00781546 -0.0013725 -0.00387707 0.248768 0.00108145 0.00288508 0.00183276 0.000727895 -0.0055615 -0.00508492 -0.0106085 -0.0060761 -0.00892578 0.00163653 -0.00625416 -0.00469962 -0.00145965 -0.00298253 -0.00234809 -0.00342008 0.00323561 -0.00283512 -2.40306e-05 -0.00358858 -0.00137546 -0.000246432 -0.00195408 -0.00368313 -0.00331311 -0.00258515 -0.00079175 -0.00193946 -0.000487543 -0.00196676 -0.00240598 0.000302011 -0.0030649 -0.00228562 -0.00282823 -0.00197506 -0.00394705 -0.00192898 -0.00215922 0.000102914 -0.00202096 -0.000646195 -0.00336893 -0.000800402 -0.00143742 -0.000699488 -0.0027979 -0.0016461 -0.00171684 -0.00290144 -0.00181596 -0.00103761 -0.00278478 -0.00349951 0.00135047 -0.00111603 -0.00246195 -0.00262516 -0.00251044 -0.00343901 -0.00404607 -0.00080618 -0.00315614 -0.00338477 -0.000843121 -0.00339179 -0.00138617 -0.00206989 -0.000248249 -0.00403979 -0.00248306 -0.0012109 -0.000250482 -0.00164232 -0.00238509 0.0020262 -0.00148821 -0.00244212 -0.00368231 -0.00291081 
-0.00316164 -0.00236881 -0.000631018 -0.00216182 -0.00123205 -0.00281444 -0.00478453 -0.00657164 -0.00654418 -0.00382303 -0.0083278 -0.00623203 -0.000719704 -0.00582774 -0.00105105 -0.00132676 -0.00594805 -0.000431369 0.0123568 0.00108145 0.239274 -0.00583322 -0.004272 0.00354731 -0.00425505 -0.00249341 -0.00128279 -0.0070988 -0.00148032 -0.00794447 -0.00330516 -0.00312088 -0.00366106 -0.00235654 -0.00329807 -0.00279164 -0.00262258 0.000100519 -0.00418757 -0.00497321 -0.00246686 -0.00347167 -0.00080224 -0.00169778 -0.00263819 -0.00171689 -0.002251 -0.00240175 -0.00364586 -0.00264672 -0.0032355 -0.00112906 -0.0021761 -0.00226959 -0.00195128 -0.00188846 -0.00303524 -0.00249671 -0.00233076 -0.000908951 -0.00212121 -0.003306 -0.00334748 -0.00231814 -0.00183827 -0.0029885 -0.00175659 -0.0021222 -0.00122157 -0.00118075 -0.00214514 -0.00242251 -0.00321769 -0.00200123 -0.00141631 -0.00228147 -0.00207035 0.000642736 -0.00331207 -0.002611 -0.00105441 -0.00272504 -0.00357888 -0.00185416 -0.000195242 -0.00144694 -0.00343723 -0.00265014 -0.00187936 -0.00149839 -0.00141064 -0.00124248 -0.00348702 -0.00240885 -0.00177383 -0.00118571 -0.00161894 -0.00326174 -0.00158131 -0.000938618 
-0.00180338 -0.000913783 -0.00508954 -0.00248822 -0.003228 -0.00262513 -0.00156119 -0.00160108 -0.005297 -0.00337449 -0.00523888 -0.0043168 -0.00509081 -0.0048405 -0.000960855 -0.00825011 -0.0099177 -0.00571364 -0.0119145 0.00288508 -0.00583322 0.249997 0.000940903 -0.0146339 0.00343116 -0.00872672 -0.00381001 -0.00263251 -0.00303548 -0.00526961 -0.00370439 -0.0032312 0.00209866 -0.00631151 -0.000664667 -0.00210879 -0.000233695 -0.00293057 -0.00311106 -0.00266259 -0.00371102 -0.00104327 -0.00423146 -0.00178358 -0.00259192 -0.00134242 -0.00524619 -6.43361e-05 0.000629909 -0.000976068 -0.00172093 -0.00137476 -0.00145288 -0.00257246 -0.00260938 -9.47008e-05 -0.00147259 -0.00211042 -0.00205423 -0.00322332 -0.000534803 -0.00126884 -0.00244751 -0.000541755 -0.00119933 -0.00194878 -0.00105922 -0.0041766 -0.0031222 -0.00176249 -0.000923841 -0.0024058 -0.00140565 -0.00344655 -0.00235933 0.000491551 -0.00248484 -0.00305573 0.00146334 -0.00381761 -0.00508824 -0.00283498 0.000241744 -0.00289931 -0.00273131 -0.00115917 -0.000715817 -0.00198294 -0.00104077 -0.00190914 -0.00145301 0.000314167 -0.000818558 -0.000952835 -0.00210691 -0.0018569 -0.00320092 -0.000235957 -0.00172865 0.000984397 
-0.00182736 -0.00113 -0.00270541 -0.000532064 -0.000500702 -0.00543953 -0.0039844 -0.00346223 -0.00137868 -0.00508421 -0.00366966 -0.000842611 -0.00810919 -0.00893237 -0.00513944 -0.00553665 -0.00481697 0.00410297 -0.00681709 0.00183276 -0.004272 0.000940903 0.248747 -0.00716915 -0.00531065 -0.00534958 -0.000217839 -0.0106793 -0.00274714 -0.00719717 -0.00613013 -0.00468222 -0.00237868 -0.00220906 -0.00283925 -0.00264883 -0.0036487 -0.00401368 -0.00202215 -0.000865751 -0.00320919 -0.00120511 -0.00168877 -0.0033218 -0.00275528 -0.00341349 0.00103261 -0.0018462 7.9734e-05 -0.000886967 -0.00219287 -0.00281538 -0.0019613 -0.00163593 -0.00230213 -0.00249733 -0.00290958 -0.00170322 -0.00228845 -0.00320946 -0.0030861 0.00110072 -0.00136533 -0.00378028 -0.00302541 -0.00168257 -0.00174064 -0.00438688 -0.00109074 -0.00360122 -0.0004066 -0.000657391 -0.00155687 -0.00190966 -0.00139436 -0.00146354 -0.00277182 -0.0044976 -0.00253935 0.00014647 -0.00310331 7.27561e-06 -0.00280808 -0.00205236 -0.00320896 -0.00174455 1.74561e-05 -0.000936388 -0.00339675 -0.00133238 0.000338272 -0.00118794 -0.00117724 -0.000383059 -0.0011531 -0.00242161 -0.00173132 -0.000918233 -0.00149161 -0.00221109 
-0.00303313 -0.00264506 -0.00423342 -0.00169504 -0.00388467 -0.00185426 -0.00238952 -0.00355914 -0.00656458 -0.00587339 -0.000905803 -0.000694831 -0.00729482 -0.0123929 -0.0143086 -0.00450642 -0.00784602 0.0010054 -0.00806358 0.000727895 0.00354731 -0.0146339 -0.00716915 0.24562 0.00168331 0.000411955 -0.00559056 -0.00272417 -0.00553843 -0.00296366 -0.00367514 -0.00518856 -0.00714583 -0.00198864 -0.00243647 0.00106731 -0.00251442 -0.00212193 -0.00133215 -0.000668114 -0.00343482 -0.00432916 -0.000311843 -0.00238549 -0.000467635 -0.00320104 -0.00211542 -0.00218421 -0.00251894 -0.00190607 -0.00134703 -0.00119299 -0.00257992 -0.000717878 -0.000795912 -0.00339744 -0.00168702 -0.000165154 -0.00183215 -0.000318849 -0.0019742 -0.00560148 -0.00237097 -0.00344834 0.00135507 -0.00134113 -0.00210858 -0.000927968 0.000357406 0.000201202 -0.00294335 -0.00253943 -0.00174761 -0.00151152 -0.000589536 -0.0014946 -0.00133484 -0.000211675 -0.00132885 -0.00148703 -0.00328462 -0.00196425 -0.00227207 -0.00340032 -0.00133707 -0.000530945 -0.000842631 0.000393007 -0.000907283 -0.0017387 -0.00200468 0.000996401 -0.00117534 -0.00134731 -0.000864834 -0.000134193 -0.00155119 -0.00213403 -0.00168587 -0.00290494 
-0.00101718 -0.00467274 -0.00139465 -0.00282401 -0.00401044 -0.00172992 -0.00161515 -0.00384405 -0.00190334 -0.00251071 -0.00567944 -0.00260446 -0.00674991 -0.00505812 -0.00985682 -0.00917806 -0.00249702 -0.00682028 -0.00728697 -0.0055615 -0.00425505 0.00343116 -0.00531065 0.00168331 0.245522 -0.00701356 0.000292037 -0.00265241 -0.00209954 4.1764e-06 -0.000574629 -0.00293149 -0.00220637 -0.00337203 -0.00282615 -0.000197368 -0.00467393 -0.000791826 -0.00188896 -0.00160927 -0.00219668 -0.00242508 -0.00226849 -0.0037646 -0.00319602 -0.00205592 -0.00270692 -0.00202642 0.00178731 -0.001363 -0.00217602 -0.00101127 -0.00136479 -0.00132595 -0.00131334 -0.000578764 -0.00135487 -0.00334537 -0.000687993 -0.000211626 -0.00197988 -0.000846179 -0.00214334 -0.00402076 -0.00151738 -0.0017634 -0.00225098 -0.00190598 -0.000863335 -0.00411346 -0.000625001 -0.000584299 -0.00324806 0.00160436 -0.00300668 -0.000936356 -0.00143107 -0.00120121 -0.00363882 -0.00548953 -0.00207041 -0.00144014 -0.00326666 -0.000949447 -0.00126829 -0.00463774 -0.00132348 -0.0042977 -0.00148001 -0.0014141 -0.00246111 -0.0033365 -0.0021181 -0.00288656 -0.00324854 -0.00275742 -0.00331497 -0.00281983 -0.00109211 -0.00198394 
-0.00185136 0.000341995 -0.00205406 -0.00295575 -0.0021282 -0.00150686 -0.000923846 0.000117323 -0.00142807 -0.00540501 -0.00268684 -0.00182949 -0.00461398 -0.00980609 -0.00928028 0.00284328 -0.00477553 -0.00759846 -0.00980255 -0.00508492 -0.00249341 -0.00872672 -0.00534958 0.000411955 -0.00701356 0.238675 -0.00317378 -0.00945805 -0.00593391 -0.00630718 -0.00308602 0.0005759 -0.0059204 -0.00272276 -0.00193146 -0.000706336 -0.00341841 -0.00204209 -0.00157821 -0.000788534 -0.0010301 -0.0021579 -0.00107878 -0.00107833 -0.00220831 -0.00100247 -0.000837352 -0.000980686 -0.00219279 0.000633983 9.61676e-05 -0.00330885 -0.00331952 -0.0035855 -0.00237028 -0.00286571 -0.00283393 6.46874e-05 -0.00350718 -0.00196491 -0.000551818 -0.000212843 -0.000276292 -0.00168798 0.000271318 -0.000610155 -0.00212459 -0.000570765 -0.00322007 0.000976429 -0.00151876 -0.00103184 -0.00353054 -0.00151721 -0.0046019 -0.00318968 -0.00185302 -0.00144533 -6.1665e-05 0.00106054 -0.000185866 -0.00412639 -0.00297468 -0.00183134 -0.0023679 -0.000574291 -0.0021518 -0.0028283 -0.00268759 -0.000691781 -0.00227107 -0.00263628 -0.00165433 -0.000936154 0.00134957 -0.0012699 -0.00019655 -0.0027569 -0.00256392 -0.00400426 
-0.00116088 -0.00160221 -0.00116057 -0.00124619 -0.0017293 0.000291722 -0.00440356 -0.00323604 -0.00264059 -0.00170535 -0.00509315 -0.00263925 -0.0039352 -0.00257628 -0.00533391 -0.00167896 -0.00562211 -0.00866241 -0.00662012 -0.0106085 -0.00128279 -0.00381001 -0.000217839 -0.00559056 0.000292037 -0.00317378 0.224263 0.000672897 -0.000143287 -0.00434142 -0.00159451 -0.00191359 -0.00582553 -0.00480998 -0.000495846 -0.00228793 -0.00082804 -0.00131551 -0.00314524 -0.00253741 -0.0031019 2.13082e-05 -0.00238449 -0.00227309 -0.00400441 -0.00176828 -0.00218551 -0.000828975 -0.00275895 -0.000229941 -0.00410547 -0.00227938 -0.00120497 -0.00416387 -0.00196833 -0.00201013 -0.00244214 -0.00295865 -0.00115253 -0.00227022 1.17722e-05 -2.51146e-06 -0.0017551 -0.00337075 -0.00367755 -0.00257766 -0.00213107 0.00165513 -0.00149496 -0.00234921 -0.00245243 -0.000487595 -0.00202535 -0.00146372 -0.00044912 -0.00315871 -0.00201747 -0.00139178 -0.00231066 -7.75899e-05 -0.00283214 -0.00292594 -0.00192687 0.000631441 -0.00330869 -0.00184103 -0.00185526 -0.00117763 -0.00294471 -0.000120505 -0.00147362 -0.00192351 -0.00274148 -0.00327531 -0.00235262 -0.00262897 -0.0017134 -0.000721166 -0.00088597 0.0010616 
-0.00214104 0.000324862 -0.00235354 -0.00121209 -0.00191365 -0.000647711 -0.00203962 -0.00162361 -0.00125045 0.000679071 -0.00137974 -0.00437778 -0.00284307 0.000900108 -0.00458598 -0.00866522 -0.00773566 -0.00693762 -0.00522507 -0.0060761 -0.0070988 -0.00263251 -0.0106793 -0.00272417 -0.00265241 -0.00945805 0.000672897 0.189082 -0.00247754 -0.000627096 -0.00106493 -0.00371474 -0.00121785 -0.00075352 -0.00226634 -0.00144606 -0.00382224 0.000111857 -0.00068147 -0.000584303 -0.0010853 -0.0021573 -0.00250568 -0.000684299 -0.000233102 -0.00247168 -0.00350574 -0.000853866 -0.000455474 -0.00389597 -0.00208645 0.000750893 -0.00233613 -0.00170412 -0.000588464 -0.000912155 -0.000686146 -0.000854115 -0.00074931 -0.00056179 -0.00114765 -0.00361517 -0.00120833 0.00269234 -8.44239e-05 -0.00199657 -0.00125109 -0.00221543 -0.00198023 -0.000523881 -0.00266726 -0.00193148 -0.00185905 -0.00200058 -3.45059e-05 0.000931118 -0.00137805 -0.000141949 -0.00105324 -0.00117957 -0.00131093 -0.000138128 -1.84027e-05 0.000369043 -0.00162168 -0.00102381 1.47255e-05 -0.00182486 -0.00334056 -0.00138754 -0.00184194 -0.0013897 -0.000710422 -0.000798659 -0.002849 -0.00339361 -0.00166286 -0.00104287 -0.0023142 -0.000354804 
-0.000608018 -0.00165965 -0.00257159 -0.00307402 -0.00329194 -0.00400375 -0.00233463 -0.00161687 -0.000439721 -8.21509e-05 -0.00290109 -0.0026703 0.000164054 -0.00645017 -0.00383435 -0.00445595 -0.00389411 -0.00611512 -0.00621299 -0.00892578 -0.00148032 -0.00303548 -0.00274714 -0.00553843 -0.00209954 -0.00593391 -0.000143287 -0.00247754 0.17726 -0.00143234 -0.00108123 -0.00411997 -0.000513249 0.000602277 -0.00342201 0.00140937 -0.0015831 -0.00242741 -0.00165847 -0.00125514 -0.00108759 4.7311e-05 -0.00265606 -0.00123823 -0.000924776 -0.00146321 -0.00115278 -0.0020343 -0.000668532 -0.00168078 -0.000458856 -0.00169019 -0.00149598 -0.000242017 -0.000404682 -0.00207023 -0.00122577 0.000248166 -0.000281816 0.000128467 -0.00129906 -0.00286267 -0.000926118 -0.000461021 0.000199283 -0.00146275 -0.00253059 -0.000626639 -0.00196979 -0.000378862 -0.000681664 -0.00195225 -9.17669e-05 -0.00207143 0.000229544 -0.000525468 -0.00262584 -0.00228133 -0.00142048 -0.000991134 -0.00123282 -0.000582719 0.000776549 -0.00225396 -0.00261959 -0.00194135 -0.000410178 -0.00192139 -0.00152847 -0.00287933 -0.000700514 -0.00127652 -0.000942323 -0.00141242 -0.00220802 -0.00132387 -0.000942076 0.00027403 -0.00226949 -0.00286821 
-0.0011047 -0.00269305 0.000359873 -0.00163666 -0.00193235 -0.000136858 -0.000531975 -0.0012473 -0.00334688 -0.00210126 -0.00182499 -0.00214003 -0.00790355 -0.00372621 -0.0038465 -0.0108365 -0.000786203 -0.00387074 -0.00488987 0.00163653 -0.00794447 -0.00526961 -0.00719717 -0.00296366 4.1764e-06 -0.00630718 -0.00434142 -0.000627096 -0.00143234 0.163678 -0.00270451 -0.00278048 0.00266737 -0.00153028 -0.00197953 -0.00162623 -0.00162222 -0.000686598 -0.000295377 -0.000153484 -0.000614134 -0.00195536 -0.000251741 -0.000400111 -0.00226406 -0.0021647 -0.00129139 -0.000449044 -0.00225995 -0.00182962 0.000304244 -0.002933 -0.00152152 0.000818456 -0.00188606 -0.00125154 0.000197024 -0.000358181 -0.00287512 -0.00179747 -0.000680415 0.000316413 -0.000377261 -0.00259606 -0.000521805 -0.000680569 -0.0017094 -0.00141873 -0.00300187 -0.00166062 -0.00141764 -0.00138599 -0.000876477 -0.00167004 -0.000668844 -0.00127257 -0.00149298 -0.00138928 -0.00024188 0.000322504 -0.0014168 -0.00127589 0.000651056 -0.00200566 -0.000353093 -0.00123673 -0.00172734 -0.000423485 -0.000463143 -0.00193766 -0.000111519 -0.000701183 -0.00019804 -0.000967426 -0.00105766 -0.000706419 0.000392319 -0.000786618 -0.00206146 -0.00073499 
-0.00130235 -0.00155505 -0.000430001 -0.00201697 -0.00170495 -0.00162367 -0.000959798 -0.00218197 -0.000507561 -0.00345153 -0.00151427 -0.00457082 -0.00346154 -0.00761661 0.000953212 -0.00293396 -0.00249947 0.00160745 -0.0012983 -0.00625416 -0.00330516 -0.00370439 -0.00613013 -0.00367514 -0.000574629 -0.00308602 -0.00159451 -0.00106493 -0.00108123 -0.00270451 0.14829 -0.00175785 -0.00273368 3.55288e-05 -0.00154018 -0.0023858 -0.0025493 -0.00266633 -0.000578342 -0.00065883 -0.000544669 -0.00156509 -0.000679775 -0.000548103 -0.0021065 -0.00127174 -0.00111473 -0.0014978 -0.000175402 -0.000644648 -0.000654687 -0.001397 -0.000352811 -0.000420186 0.000402189 -0.00123693 -0.00156191 -0.000229491 -0.000818987 -0.00191416 0.000480528 -0.000467776 -0.00206592 -0.00123983 -0.000602083 -0.00216935 -0.000795855 -0.00119074 -0.00206665 0.000245966 -0.00135727 -0.000435827 -0.000446665 -0.00122808 -0.00173399 -0.0012255 -0.00185261 -0.000822642 -8.9364e-05 -0.000449865 -0.0013708 -0.00137426 -0.000866821 -0.0020965 -0.0010358 -0.0015441 -0.0015453 -0.00078052 -0.000911731 -0.00135657 -0.00120174 -0.00200093 -0.000602833 -0.000304998 -0.00258749 -0.00188253 -0.0012326 -0.00205353 0.000158591 -0.000776175 
-0.0032517 -0.00214678 -0.00277887 -0.00168554 -0.00209729 -0.00197733 -0.00221668 -0.00300761 -0.00196051 -0.00102019 -0.000291916 -0.00642904 -0.00191856 -0.00300032 -0.00178573 0.0014334 -0.00550035 0.000880562 -0.00551327 -0.00469962 -0.00312088 -0.0032312 -0.00468222 -0.00518856 -0.00293149 0.0005759 -0.00191359 -0.00371474 -0.00411997 -0.00278048 -0.00175785 0.154339 -0.00112359 -0.00307941 -0.00152843 0.00162744 2.30475e-05 0.00194831 -0.00218302 -0.000517549 -0.00201561 -4.28284e-05 -0.000825681 -0.00169819 -0.00126119 -0.000877549 -0.00232816 -0.000564912 -0.00159478 -0.00192457 -0.000328236 0.000303828 0.000565907 -0.000813919 -0.00149005 -0.000311691 -0.00135738 0.000153399 -0.000844376 -0.00104881 -0.0008501 -0.00126453 -0.000845113 -0.00143549 -0.000667458 -0.00126937 -0.000259284 -0.000898769 -0.00252352 -0.00195469 -0.00238927 -0.000190891 -0.00142841 -0.00110635 -0.00114065 -0.00164117 -0.000620862 -0.00159944 -0.00185106 -0.00221336 -0.00190417 -0.000768838 -0.000509853 -0.000715497 -0.000322686 -0.00138382 -5.01855e-05 -0.000307917 -0.0029813 -0.00237184 -0.000895761 -0.00104147 -0.0014131 -0.00076576 -0.00186418 -0.00152652 -0.00125912 -0.00129439 -0.000205851 -0.00163612 
