0.0786126 0.000417394 -0.00153229 -0.000798753 -0.00106896 -0.000245303 -0.000291096 -0.000101567 -0.00238581 -0.000499171 -0.00101293 -0.000545455 5.08326e-05 -0.00105775 -0.00201452 -0.00122707 -0.00172877 -8.14348e-05 -0.000959796 -0.00107248 -0.00248289 -0.00436524 -0.0045832 -0.000203096 -0.0022781 1.28908e-05 -0.0030795 -0.00143309 -0.00195517 -0.000810397 -0.00201584 -0.00150824 -0.000668538 -0.00092225 -0.000580017 0.000303528 -0.000896977 9.53249e-05 -0.000863475 -0.000750686 -0.000900529 -0.00115158 0.000129044 -0.000706501 -0.000337584 -0.000509229 -7.7236e-05 -0.00127839 -0.00139717 -0.00162139 -0.000109645 -0.000579621 0.000112332 -0.000248405 -0.000989675 -0.000406952 -0.000437886 -0.000785936 -0.000848567 -0.000211649 -0.000426125 -0.0004695 -0.000415915 -0.000268824 -0.000263787 -0.00039967 -0.000359823 -0.000327878 -8.13276e-05 -0.00100811 -0.000476983 -0.00052711 -0.000778788 0.00078848 -3.88009e-06 -0.000400293 -0.000875658 -0.000521553 -0.000965368 -0.000868137 -0.000709564 -0.000189767 -0.000385679 -9.90406e-05 -0.00135522 -0.000660994 -0.000864845 -0.00112772 -0.000979229 -0.00058699 -0.00102437 -0.000881266 -0.000792281 -0.000306382 0.000154024 -0.000907114 -0.000441237 -8.97382e-05 -0.000476974 -0.00074147 
0.000417394 0.0783778 -0.000891922 0.000323337 -0.000308836 -0.000886905 -0.00100331 -0.000430726 -0.00165697 -0.000850644 -0.00194982 -0.00024601 0.000551941 -0.00139261 -0.00122559 -0.00192697 -0.00056557 -0.00235808 -0.00154672 -0.00357734 -0.0011681 -0.00251158 -0.0039178 -0.00276957 -0.00351997 -0.00149628 -0.00153677 -0.00149421 -0.0021366 -0.0013654 -0.00141078 -0.000754352 -0.000912881 -0.000459516 -0.000799946 -0.00111222 -0.00101812 -0.000902775 2.53019e-05 -0.000574882 -0.000257346 -0.000526586 -0.000586944 -0.000798296 5.15629e-05 -0.000850393 -0.000891117 -0.000434386 -0.000708375 -0.00104747 -0.000595199 -0.000215081 -0.000479564 -0.000259181 -0.000548208 -0.00116249 0.000315448 -0.000252547 2.37269e-05 -0.000756004 0.000177772 -0.000477749 -6.94896e-05 -0.000746966 -0.000290775 -0.000373087 0.000119953 -0.000695397 -0.000509568 0.000333135 -0.000504537 -0.000921529 -0.00157024 -0.00115964 -0.000509205 4.35399e-05 -0.000429052 -0.000559988 -0.00123896 -0.000868065 -0.000102324 -0.00042176 -0.00040341 -0.00084027 -0.000493614 -0.00042941 0.000116625 -0.0001939 -0.000348484 -0.000655082 -0.000770301 -5.12184e-05 -0.000785406 -0.000339813 -0.000241812 -0.00107798 -0.000417001 -0.000129958 2.9273e-05 -0.0012318 
-0.00153229 -0.000891922 0.103306 5.75981e-05 -0.000850502 -0.000858899 -0.000601822 -0.000487906 -0.00105628 -0.0018369 -0.00460195 -0.00299624 -0.00176785 -0.00117857 -0.000734914 -0.00273764 0.00162647 -0.000629591 0.000102162 -0.0040075 -0.00132787 -0.00204763 -0.00248768 -0.00357502 -0.00481422 -0.00162843 -0.000357638 -0.00256195 -0.00296957 0.00083159 -0.000570186 -0.000635163 -0.00167557 0.000222146 -0.000783479 -0.000839777 -0.00084626 -0.00072377 -0.000773996 -0.00106564 -0.000680581 -0.000750245 -6.31687e-05 -0.00139351 0.000152501 -0.000579267 -0.000522438 0.00014347 -0.000866019 0.000262239 -0.00164152 -0.000708716 -0.000479158 -0.000876458 -0.000195037 -0.00073474 -0.000633724 -0.00115153 -0.0018276 -0.00017867 -0.00184296 -0.00114283 -0.000745234 -0.00165397 -0.000224069 -0.000995632 -0.00140956 -0.00102183 -0.00104313 -0.00090908 -0.0011479 -0.00107647 -0.000151213 -0.00100539 -0.00103276 -0.000589006 -0.000922628 -0.000900244 -0.000845775 -0.00149492 -0.000237958 -0.000771918 -0.00114417 -0.000728513 0.000448765 -0.000531373 -0.00105719 -0.00117002 -0.00102719 -0.000858349 -0.000642161 -0.001288 -0.00115472 -0.00112606 -0.00096899 -0.00165372 -0.00131809 -0.00107026 0.000136326 -0.00064915 
-0.000798753 0.000323337 5.75981e-05 0.0802131 0.000195569 -7.3593e-05 0.000237061 5.39011e-05 0.000413624 -0.000844387 -0.00112943 -0.000961685 -0.0017497 -0.00139495 -0.000616851 -0.00240269 -0.000351467 -0.00119732 -0.00279921 -0.00160644 -0.000780995 -0.0027347 -0.00200145 -0.00184888 -0.00219483 -0.0028149 -0.00272102 -0.00118482 -0.00174435 -0.00305236 -0.000846962 -0.000390041 -0.0015552 -0.000181934 -0.000893388 4.5856e-06 -5.49555e-05 -9.82647e-05 -0.000919566 -0.000764722 -0.00156431 -0.00159476 -0.00106757 -0.000760389 -0.000662395 -0.000977834 -0.00124617 -0.000227926 -0.00121771 -0.000513556 -0.000473005 -0.000648167 -0.000651867 -0.000543432 -0.000254225 -0.000869554 -1.83744e-05 -0.00099024 -0.000871162 -9.29981e-05 0.000268526 -0.000447098 0.000197117 -0.000245741 -0.000651177 -0.000737916 -0.000672723 -0.000940903 -0.00084356 -0.000529587 -0.000544092 -0.000688437 -0.00116329 0.000144803 -0.000280258 -0.000100195 -0.000667553 -0.000660779 -0.00146246 -0.00122224 -0.000124619 -0.000734042 -0.0015155 -0.000844948 -0.000256786 -0.000851824 -0.000102182 -0.000472866 -6.57565e-05 -0.000702174 -0.000844131 -0.000883243 -0.000830116 -0.000981733 -0.00114882 -0.000457615 -0.000483752 -0.000960286 0.000284212 -0.000319577 
-0.00106896 -0.000308836 -0.000850502 0.000195569 0.0854063 -0.000135719 0.00129501 -0.000688957 -0.000653098 0.00122076 -0.00263309 -0.00201549 -0.00188863 -0.00131405 -0.000145401 -0.00351015 -0.000427756 -0.00268055 -0.00361952 -0.00264218 -0.000921995 -0.00257491 -0.000615 -0.00335649 -0.00314922 -0.000173191 -0.00253721 -0.0034039 -0.00127845 -0.00194204 -0.0013163 -0.000689049 -0.00077433 -0.00014336 -0.00117566 -0.000854033 -6.53124e-05 0.000126434 -0.000102446 0.000301837 -0.00156042 -0.000826143 -0.000358156 -0.000461979 -0.000615925 -0.00158065 -0.000898889 -0.000190986 -0.00126902 -0.000926717 -0.000434807 0.000498499 -0.000654173 -0.000620529 -0.000975766 -0.000860878 -0.000691583 -6.87947e-05 -0.00104724 -0.000613577 -1.71827e-05 -0.00068136 -0.000819715 -0.000332028 2.22991e-05 -0.000557233 -0.00104439 0.000777662 -0.00051881 -0.00175086 -0.000826083 -0.000328884 -0.0001711 -0.000661125 -0.00116451 -0.000442321 0.000187808 -0.000231045 -0.000180047 -0.000675942 -0.00110808 0.000789316 -0.00168438 -0.00114257 -0.000681496 -0.000442471 -0.000731771 -0.00121754 -0.000707466 -0.000835345 -0.00111053 -0.00011349 -4.31149e-05 -0.000766361 -0.000902455 -0.000776456 -0.000428187 -0.000890925 -0.00148465 -0.00103947 
-0.000245303 -0.000886905 -0.000858899 -7.3593e-05 -0.000135719 0.093911 -0.00190311 -0.0014242 -0.000146869 -0.000309748 -0.000725641 -0.000822559 -0.000631129 -0.000475563 -0.00344108 -0.00222209 -0.00148574 -0.00116719 -0.00315745 -0.00298225 -0.00190304 -0.00138003 -0.00121735 -0.00142104 -0.0015976 -0.0022824 -0.00275317 -0.00296744 -0.000145999 -0.00229356 -0.00171675 -0.00111838 -0.000470182 -0.000296989 -0.000988369 -0.0014895 -0.000604355 -0.00207028 -0.000892185 -0.00136552 -0.00132074 0.000570984 -0.000176801 -0.00065646 -0.000773819 -0.00165643 -0.000193258 3.07032e-05 -0.00064046 -0.000997294 -0.000223752 0.0002474 -0.000183968 -0.000495747 -0.000747296 -0.00053302 -0.00183234 -0.00101804 -0.000461854 -0.000142058 -7.02205e-05 -0.00056279 -0.000897938 -0.000887577 -0.000868206 -0.000858204 -0.0011115 -0.000904031 -0.00103518 -0.00161285 -0.00120783 -0.000271172 -0.00127253 -0.00117414 -0.000125262 -0.000826306 -0.00143813 -0.00107621 -0.00127671 -0.000296478 -0.0011853 -0.00118204 -0.000704354 -0.00129172 -0.000453092 0.00041402 -0.000363279 -0.000846627 -0.00186876 9.6732e-05 -0.00045921 -0.00160626 -0.000594198 -0.000500935 -0.000139702 -1.50771e-06 -0.000575822 1.83767e-05 -0.00121206 -0.00040855 
-0.000291096 -0.00100331 -0.000601822 0.000237061 0.00129501 -0.00190311 0.110102 0.000574578 -0.00200174 -0.000845994 0.000202276 0.000859145 -0.00191847 -0.00494852 -0.00259876 0.000102446 5.90082e-05 -0.000671133 -0.00528364 0.00171328 -0.00510782 0.000800752 -0.00143809 -0.00328228 -0.0018904 -0.00520898 -0.00279535 -0.00353502 -0.00230919 -0.00365392 -0.000627281 -0.00239607 -0.000206104 -0.00171986 -0.000359174 -0.00104493 -0.000990366 -0.00138909 -0.000538067 0.0001834 -0.000770339 -0.00176602 -0.00193158 -0.00120585 -0.00112728 -0.00162466 -0.000696934 -0.00111844 -0.00170528 -0.00139453 -0.000527956 -0.00109066 -0.000250499 -0.000669339 -0.000437761 -0.00115937 -0.00164802 -0.00125346 -0.00155319 -0.00104666 -0.000680611 -0.000957668 -0.000425295 -0.00122122 -0.000716097 -0.00141784 -0.00142228 -7.06748e-05 -0.000705352 -0.000995569 -0.00182064 0.000450178 -0.00117975 -0.000251505 -0.000453625 -0.000857864 -0.000418532 -0.000582428 6.37054e-05 -0.00127541 -0.000785288 -0.00107489 -0.00118441 7.91449e-05 -0.000285229 -0.000924028 -0.000677518 -0.00108059 -0.00111372 -0.000854063 -0.00180501 -0.0013155 -0.000254478 -0.000543528 -0.000785307 -0.000160571 -0.00127547 -0.000852864 -0.00100465 -0.00175497 
-0.000101567 -0.000430726 -0.000487906 5.39011e-05 -0.000688957 -0.0014242 0.000574578 0.100682 -0.000887217 0.00129979 -0.00214831 -0.000581381 0.000921794 -0.00306535 -0.000999368 -0.00404252 -0.00302673 -0.00153213 -0.00383097 -0.00354799 -0.0014191 -0.00431987 -0.0052327 -0.00515351 -0.00190703 -0.00427116 -0.00234678 0.00023538 -0.00286395 -0.00048064 -0.000516261 0.000304782 -0.000629107 -0.000523424 -0.00109138 -0.000925875 -0.000290339 -0.000387377 -0.000832239 -0.00146987 -0.000949975 -0.000707622 -0.000173638 -0.00065402 -0.00157727 -0.00101241 -0.000454232 -0.000235086 -0.000208002 -0.00217982 -0.0017824 -0.000697967 -7.67765e-05 0.000358753 -0.000834334 -0.00100246 -0.000512048 -0.00101267 -0.000443679 -0.000126657 -0.00137132 0.000580785 -0.0011165 -0.00083581 -0.000497191 -0.000569666 -0.000422911 -0.00171453 -0.00187096 -0.000328051 -0.000747522 -0.00117959 -0.000122321 -0.000197798 -0.000753597 -0.00188392 -0.000997875 -0.000956954 -0.000730977 -0.000916016 -0.00163732 -0.00104911 -0.00134942 -0.0008851 -0.000890706 -0.000216762 0.0002004 -0.000746417 -0.000469607 -0.000951692 0.000176097 0.000909835 -0.000663312 -0.000544922 0.000126519 -0.000265866 -5.69528e-05 -0.000921033 -0.000933409 -0.00153297 
-0.00238581 -0.00165697 -0.00105628 0.000413624 -0.000653098 -0.000146869 -0.00200174 -0.000887217 0.133914 6.20478e-06 0.000551516 -0.000437058 6.13761e-05 -0.000186489 -0.00473899 -0.00137292 -0.00393018 -7.77067e-06 -0.00457793 -0.0036049 -0.00345556 -0.00221169 -0.00559343 -0.00146868 -0.0013743 -0.00349181 -0.00300367 -0.00165289 -0.00290131 -0.000205744 -0.000858576 -0.00171357 -0.00196475 -0.000814399 -0.00151542 -0.00179263 -0.00244333 -0.000760198 -0.00154554 -7.90175e-05 -0.00163457 -0.000999406 -0.000932182 -0.000588164 -0.000357109 -0.00157284 -0.00179872 -0.00156898 -0.000841645 -0.00114413 -0.00162137 -0.000753478 -0.00115677 -0.00123232 -0.000562584 -0.000368545 -0.000496678 -0.00133468 -0.000969742 -0.00109806 -0.000871755 -0.000808392 -0.000388332 -0.00199307 -0.000993956 -0.00145385 -0.000635509 0.00035756 -0.00335673 -0.000771756 -0.00173218 -0.00114181 -0.0016387 -0.00121167 -0.000609872 -0.00135982 -0.000708005 -0.00158914 -0.00180821 -0.00184591 -0.00227609 -0.00080676 -0.00264228 -0.000664037 -0.000925672 -0.00112673 -0.000759103 -0.000123071 -0.000801439 -0.00176424 -0.00151725 -0.00252641 -0.00109753 -0.00142169 -0.00173936 -0.000472741 -0.000761942 0.000116097 -0.00136531 -0.000187113 
-0.000499171 -0.000850644 -0.0018369 -0.000844387 0.00122076 -0.000309748 -0.000845994 0.00129979 6.20478e-06 0.121388 -0.00155199 -0.000893015 0.000194996 -0.00353067 -0.00487518 -0.00435263 0.00170907 -0.00289523 -0.000115433 -0.00537888 -0.00146045 -0.00125701 -0.00710004 -0.00337112 -0.00441367 -0.00502236 -0.00576799 -0.00271033 -0.00269325 -0.00122118 -0.00209145 -0.0013734 -0.00106985 -0.00143624 -0.00129479 -0.00103276 -0.0017001 -0.000821668 0.000242882 -0.00177873 -0.000863559 -0.000941915 -0.000584337 -0.00125609 -0.00127456 -0.00105035 -0.000989444 -0.0011275 -0.00204996 -0.00200826 -0.000617374 0.000852809 -0.000207679 -0.000909141 -0.00160078 -0.00131988 -0.000492469 -0.000663501 -0.00095579 -0.000615441 -0.000361685 -0.00138994 -0.00170516 -0.000601899 -0.000704813 -0.000582119 -0.000770632 -0.000588175 -0.000298897 -0.00258945 -0.00127395 -0.000713047 -0.00112074 -0.00110272 -1.55261e-05 -0.000838204 -0.000339706 -0.000431511 0.000195084 -0.00102458 -0.000147525 -0.00151028 -0.00120934 -0.0016145 -0.00101692 -0.000971346 -2.31456e-05 -0.00228391 -0.00157357 -0.000786122 -0.00023108 -0.000373888 -0.000575733 -0.000566301 0.000464702 -0.00126333 0.000114912 -5.85278e-05 -0.000221341 -0.000885463 
-0.00101293 -0.00194982 -0.00460195 -0.00112943 -0.00263309 -0.000725641 0.000202276 -0.00214831 0.000551516 -0.00155199 0.176711 0.00244792 -0.00289148 -0.000910872 -0.000115496 0.00502119 0.000767308 -0.00848434 0.00310328 -0.00424507 -0.00307231 -0.00147521 -0.0062917 -0.00366418 -0.00650229 -0.00462823 -0.00400218 -0.000561471 -0.005346 -0.00238118 -0.0025307 -0.00335902 9.31223e-06 -0.00229943 -0.00302657 -0.00398855 -0.00320656 -0.00117898 -0.00131582 -0.00221639 -0.000292797 -0.000842046 -0.000915712 -0.000677622 -0.00251504 0.000317054 -0.00234597 -0.00239885 -0.00287935 -0.00103574 -0.000861927 -0.00165976 -0.00248433 -0.00191302 -0.00197723 -0.00300916 -0.00336485 -0.000811878 -0.00219051 -0.00158749 -0.00188119 -0.00289733 -0.00142061 -0.000254494 -0.000501005 -0.00130124 -0.000214365 -0.00140337 -0.00133123 -0.00082338 -0.00167355 -0.00157364 -0.00168846 -0.00168914 -0.00161322 0.00035781 -0.000355608 -0.00150391 -0.00149619 -0.0028008 -0.00142651 -0.00198358 -0.00159831 -0.000920029 -0.00182293 -0.0020446 -0.00105434 -0.00377271 -0.00157871 -0.00214989 -0.000797131 -0.00156162 -0.00256878 -0.00182046 -0.00207203 -0.00205431 -0.00206682 -0.00091464 -0.00195604 -0.00169205 
-0.000545455 -0.00024601 -0.00299624 -0.000961685 -0.00201549 -0.000822559 0.000859145 -0.000581381 -0.000437058 -0.000893015 0.00244792 0.159666 -0.000300018 -0.00189511 -0.0072112 0.00154077 -0.00117989 0.00126212 -0.00567358 -0.000950331 -0.00978082 -0.00349751 -0.00711432 -0.00448252 -0.00836277 -0.00724582 -0.0058667 -0.00163605 -0.000973537 -0.00444173 5.63008e-05 -0.000848582 -0.00249786 -0.00203708 -0.000434475 -0.00296826 -0.00108809 0.000381495 -0.0016113 -0.000731901 -0.000318325 -0.00135126 0.000211949 -0.000518939 -0.00211497 -0.00094295 -0.00108504 -0.0020295 -0.00303831 -0.00128854 -0.00319722 -0.000925725 -0.00197866 -0.000364076 -0.00115528 5.31357e-05 -0.000975602 -0.0015256 -0.00210649 -0.000798473 -0.00125784 -0.00273076 -0.000476011 0.000480704 -0.000840264 -0.00129477 -0.00129523 -0.00102049 -0.00163092 -0.00149572 -0.000535012 -0.000815023 -0.000627149 -0.000211631 -0.00205196 -0.00214145 -0.000460891 -0.00226084 -0.000656258 -0.000768779 -0.00133555 -0.00139036 -0.000217825 -0.00102312 -0.00172384 -0.00121163 -0.000382538 -0.00181178 -0.00136804 -0.000999633 -0.000379855 -0.0018611 -0.00243981 -0.00227343 -0.00125673 -0.00193711 -0.000844273 -0.00117107 -0.0017691 -0.000948346 
5.08326e-05 0.000551941 -0.00176785 -0.0017497 -0.00188863 -0.000631129 -0.00191847 0.000921794 6.13761e-05 0.000194996 -0.00289148 -0.000300018 0.168405 0.000500556 -0.00451844 -0.0022049 -0.00541315 -0.0024585 -0.00710127 -0.0100362 -0.00771468 -0.00978956 -0.00539565 -0.00892649 -0.00338711 -0.00529637 -0.00305356 0.00533174 -0.000994882 -0.00176738 -0.00202181 0.000345626 -4.82356e-05 -0.00131315 -0.000497863 -0.00243305 -0.00124238 -0.00256119 -0.00142298 -0.000977961 -0.00139747 -0.00130838 -0.000365088 -0.000441427 -0.00173513 -0.000883073 -0.000485942 -0.00147621 -0.00225398 -0.00123608 -0.000395372 -0.00197613 -0.000462215 0.0015139 -0.00200711 -0.00131617 -0.00333511 -0.000771293 -0.00166717 -0.0012254 -0.00140211 0.000553591 -0.00237107 -0.00285644 -0.00170859 -0.000498047 -0.00199027 0.000230451 0.000676556 -0.000965253 -0.001517 -0.00196546 -0.00112422 -0.0011823 -0.00109013 -0.00291008 -0.00109374 -0.001953 -0.00229884 -0.000312634 -0.00144126 -0.00124918 -0.00177456 -0.000246922 -0.000572126 -0.00130517 -0.00174833 -0.000302006 -0.00196391 9.27989e-05 -0.00126949 -0.000655067 -0.00247224 -0.0011747 -0.00132272 -0.00203359 -0.000380527 -0.00177224 -0.00177784 -0.00226697 
-0.00105775 -0.00139261 -0.00117857 -0.00139495 -0.00131405 -0.000475563 -0.00494852 -0.00306535 -0.000186489 -0.00353067 -0.000910872 -0.00189511 0.000500556 0.197726 -0.00590335 -0.00746559 -0.00515895 -0.00323041 -0.00671155 -0.0133586 -0.00462908 -0.002737 -0.00613743 -0.00328976 -0.00333499 -0.00719297 -0.00182882 -0.00323761 -0.00314262 -0.00352869 -0.00388232 -0.00276107 -0.00517301 -0.000588802 -0.000131258 -6.83209e-05 -0.000359938 -0.000865673 6.57166e-05 -0.00220637 -0.00258465 -0.00217317 -0.00257 -0.00163661 -0.00101858 -0.000128491 -0.00346754 -0.00259076 -0.00267918 -0.0015522 -0.00175422 -0.000908696 -0.000551504 -0.00172599 -0.000264606 -0.000684164 -0.0020229 -0.00210886 -0.00228024 -0.00114531 -0.00173236 -0.00110998 -0.000838427 -0.000792488 -0.00237358 -0.00190072 -0.00139135 -0.000657637 -0.00123375 0.000618707 -0.00110217 -0.00137002 0.00211617 -0.00233704 -0.00104173 -0.000704557 -0.00246207 -0.00191921 -0.00173537 -0.00219668 -0.00010928 0.000323427 -0.00134645 -0.000924842 -0.00118491 -0.00150741 -0.000571173 -0.000986844 -0.000731579 -0.000646157 -0.00216083 -0.00207146 -0.00275306 -0.00226353 -4.11531e-05 -0.001209 -0.00055876 -0.000630537 -0.000109543 -0.00252285 
-0.00201452 -0.00122559 -0.000734914 -0.000616851 -0.000145401 -0.00344108 -0.00259876 -0.000999368 -0.00473899 -0.00487518 -0.000115496 -0.0072112 -0.00451844 -0.00590335 0.218711 -0.00121517 -0.00395454 -0.00093929 0.00371377 -0.0119891 -0.0109215 -0.00563926 -0.0011454 -0.00175217 -0.00960889 -0.00353671 -0.00173038 -0.00116122 -0.00868815 -0.0045721 -0.00152498 -0.00552187 -0.00254441 -0.000638524 -0.00139288 -0.00201229 -0.00156332 0.00157785 -0.000727396 -0.00209472 -0.00473067 -0.00088624 -0.00269198 -0.00211409 -0.00166957 -0.00177941 -0.00147737 -0.00135889 -0.000517062 -0.00686248 -0.00283839 -0.00241419 0.000325907 -0.00176732 -0.00181571 -0.00264951 -0.00238956 -7.99089e-06 -0.00272541 -0.00180273 -0.000938839 0.001392 -0.000993115 -0.00156756 -0.00122746 -0.000979645 -0.00124136 0.000776637 5.75721e-06 -0.00378198 -0.00234758 -0.000331775 -0.000836368 -0.00160248 -0.000318362 -0.00104403 -0.00239617 -0.00186325 -0.000723361 0.000984166 -0.00222514 -0.000687589 -0.00375228 -0.000985538 -0.00407125 -0.00164923 -0.0019014 0.000224506 -0.00299772 -0.00306719 -0.00122279 -0.00163285 -0.00172772 -0.00231242 -0.00172079 0.000253922 -0.00366632 -0.00216579 -0.000411438 -0.00306279 
-0.00122707 -0.00192697 -0.00273764 -0.00240269 -0.00351015 -0.00222209 0.000102446 -0.00404252 -0.00137292 -0.00435263 0.00502119 0.00154077 -0.0022049 -0.00746559 -0.00121517 0.239735 -0.00191574 -0.00752853 -0.00172797 -0.00234614 -0.00783788 -0.00271674 -0.00807484 0.0051394 -0.000980935 -0.0029958 -0.0108804 -0.00887848 -0.000607204 -0.00869929 0.000395858 -0.00581174 -0.000249721 -0.00251809 -0.0025496 -0.00607191 -0.00311328 -0.00139074 -0.00146452 -0.0013816 -0.00323234 -0.00309232 -0.000255227 -0.00282149 -0.00157238 -0.00262854 -0.000992512 -0.00300368 -0.00127196 -0.000212995 -0.00328268 -0.00293023 -0.00355381 -0.0015245 -0.00111038 -0.00328336 -0.00352547 -0.00381175 4.91367e-05 -0.00145868 -0.000876449 -0.00180871 -0.00162238 -0.00286813 0.000233997 -0.0022945 -0.00136879 -0.000274678 -0.0032513 -0.00120725 -0.000427004 -0.00120239 -0.00376322 -0.00467469 -0.00206513 -0.00308938 -0.00283755 -0.00195344 -0.00166692 -0.0028922 -0.00355943 -0.00156223 -0.00254874 -0.00204423 -0.00201758 -0.00215271 -0.00201402 -0.00120758 -0.000871084 -0.00459287 7.19084e-06 -0.00419088 -0.000568358 -0.00261649 -0.00168494 -3.42873e-05 -0.00138522 -0.00337221 -0.00347603 -0.00419655 
-0.00172877 -0.00056557 0.00162647 -0.000351467 -0.000427756 -0.00148574 5.90082e-05 -0.00302673 -0.00393018 0.00170907 0.000767308 -0.00117989 -0.00541315 -0.00515895 -0.00395454 -0.00191574 0.243273 -0.00605276 -0.00225444 -0.0063229 -0.00337557 -0.00787277 0.00165097 -0.0061186 -0.00811832 -0.00374364 -0.00884696 -0.00972004 -0.00959556 -0.00504457 -0.00537875 -0.00372192 -9.20924e-05 -0.00418028 -0.00243835 -0.00579789 -0.00399272 -0.00533728 -0.00445154 -0.00172612 -0.00383422 -0.000870659 -0.00170055 -0.00210583 -0.00214283 -0.00145113 -0.000594366 -0.000677356 0.000550419 -0.00282177 -0.00146011 -0.000905533 -0.000865527 -0.0017749 -0.0029497 -0.00133315 -0.00223671 -0.000163176 -0.000277761 -0.00304252 -0.0018225 -0.00146806 -0.00255358 -0.0023918 0.00054161 -0.00250032 -0.00101994 -0.00289547 -0.00123143 -0.00409291 -0.000393337 -0.0021608 -0.000759248 -0.00358672 -0.00222739 -0.00186668 -0.00131064 -0.00373599 -0.00227743 -0.00405452 -0.000514819 -0.00217084 -0.0014538 -0.00136381 -0.00176368 -0.00144788 -0.00206417 -0.00281228 -0.00283299 -0.00164697 0.000168287 -0.000733782 -0.00248514 -0.00178438 -0.00206527 -0.00260789 -0.000581247 -0.0017366 -0.00169971 -0.00170319 
-8.14348e-05 -0.00235808 -0.000629591 -0.00119732 -0.00268055 -0.00116719 -0.000671133 -0.00153213 -7.77067e-06 -0.00289523 -0.00848434 0.00126212 -0.0024585 -0.00323041 -0.00093929 -0.00752853 -0.00605276 0.246033 -0.0122601 -0.00368763 -0.00369947 -0.00846542 -0.00221866 -0.00887277 -0.00280114 0.00123012 -0.0018039 -0.0139903 -0.00940813 -0.00564328 -0.00402134 -0.00364777 -0.00238672 -0.00273347 -0.00379071 -0.00290183 -0.00250339 -0.0020489 0.00125482 -0.000455586 -0.00229313 -0.0023589 -0.0010914 0.000639438 -0.004032 -0.00322281 -0.00284125 -0.00282096 -0.000185549 -0.00231728 0.000713153 -0.00223622 -0.0020475 -0.000856026 -0.00300043 -0.00100377 -0.000218659 -0.00135819 -0.00165991 -0.00283846 -0.0025531 -0.00175561 -0.00282504 -0.00100415 -0.00213366 -0.0021103 0.000264352 -0.00432061 -0.00146312 -0.00298066 -0.00141312 -0.00245348 -0.00159504 8.67977e-05 0.000216859 -0.00314865 -0.00318313 -0.00245757 -0.0039148 -8.60373e-05 -0.000493812 -0.00168333 0.000756755 2.94285e-06 -0.000447382 -0.00218721 -0.000938753 -0.00208073 -0.00287811 -0.00389347 -0.00380103 -0.00337471 -0.00131904 -0.00250242 -0.000880479 -0.000486309 -0.00278216 -0.00102547 -0.00234031 -0.00431058 
-0.000959796 -0.00154672 0.000102162 -0.00279921 -0.00361952 -0.00315745 -0.00528364 -0.00383097 -0.00457793 -0.000115433 0.00310328 -0.00567358 -0.00710127 -0.00671155 0.00371377 -0.00172797 -0.00225444 -0.0122601 0.249934 -0.00376397 -0.00362488 -0.00496709 -0.00727849 -0.00818015 -0.0103103 -0.00954325 -0.00213737 5.50078e-05 -0.00435802 -0.00213143 -0.00430485 -0.00266013 -0.00694963 -0.00637455 -0.00165815 -0.00361228 -0.00100468 -0.00132474 -0.000985691 -0.00478539 0.00186806 -0.00220251 -0.00283651 -0.00226432 -0.00163477 0.000575423 -0.00131047 -0.00211891 -0.00112674 -0.00263313 -0.00201589 -0.00135347 -0.000887575 -0.000192051 -0.000768504 -0.00221885 -0.0017697 -0.00195698 -0.00174209 -0.00224362 -0.00269135 -0.000621281 -0.00294217 -0.00282034 -0.00190214 -0.0018239 -0.00203118 -0.00158369 0.000742942 -0.00386949 -0.00126288 -0.000618068 -0.00202926 -0.00237497 -0.00165333 0.0010411 -0.00353364 -0.00227248 -0.00125705 -0.00346862 -0.00267429 0.000603009 -0.000472528 -0.0033154 -0.00305222 -0.00210422 -0.00279823 -0.0017314 -0.00226678 -0.00229146 -0.00339998 -0.00222127 -0.00231015 -0.000919357 0.00208108 -0.00304446 -0.00509506 -0.00174381 -0.000475633 -0.00229693 
-0.00107248 -0.00357734 -0.0040075 -0.00160644 -0.00264218 -0.00298225 0.00171328 -0.00354799 -0.0036049 -0.00537888 -0.00424507 -0.000950331 -0.0100362 -0.0133586 -0.0119891 -0.00234614 -0.0063229 -0.00368763 -0.00376397 0.249672 -0.00579692 -0.00582202 0.000561833 -0.0048682 5.3519e-05 -0.00576099 0.00159028 -0.0100466 -0.00444082 -0.00700007 -0.00502975 -0.00143829 -0.00434202 -0.00177258 -0.000850654 -0.0026154 0.000507981 -0.00257586 -0.00172503 -0.00185686 -0.000876039 -0.00113796 -0.0029327 -0.00108875 -0.00434417 -0.00128168 -0.00266785 0.000522699 -1.45449e-05 -0.00135613 -0.00119912 -0.00419414 -0.0017369 -0.00195326 -0.00101176 -0.000999955 -0.000783931 -0.00169699 -0.00394151 -0.00200153 -0.00470336 -0.00198731 -0.00298045 -0.00216162 -0.00234456 -0.00303423 0.000197583 -0.00272449 -0.00212857 -0.00293786 -0.00357766 0.00034679 -0.00418014 -0.00125016 -0.00358442 -0.00120517 -0.00109941 0.000328935 -0.000879526 -0.00352731 -0.00067845 -0.00224687 0.00017591 -0.000444204 -0.000365406 -0.00148829 0.00056302 -0.000370394 -0.00161347 -0.000771041 -0.000518212 -0.000950212 -0.00173918 -0.000823589 -0.00308659 -0.00411049 -0.000487757 -0.00161242 -0.00230433 -0.00203544 
-0.00248289 -0.0011681 -0.00132787 -0.000780995 -0.000921995 -0.00190304 -0.00510782 -0.0014191 -0.00345556 -0.00146045 -0.00307231 -0.00978082 -0.00771468 -0.00462908 -0.0109215 -0.00783788 -0.00337557 -0.00369947 -0.00362488 -0.00579692 0.249844 0.00232789 -0.00290328 -0.00530035 -0.000565684 0.00326879 -0.00332138 -0.00183633 -0.0025872 -0.00675765 -0.00744643 -0.00188631 -0.0037525 -0.00156446 -0.00355062 -0.000594903 -0.00152802 -0.00364516 -0.0025473 -0.00461256 -0.0023946 -0.00368278 -0.00157826 -0.00348478 -0.00350388 0.0015465 -0.00226293 -0.000115821 -0.000805175 -0.00172232 -0.00136831 -0.00231944 -0.00251529 -0.00374349 -0.000693313 -0.0012398 -0.00430122 0.000665065 -0.000226812 -0.0024055 -0.00147573 -0.00282418 -0.0048053 -0.00420996 -0.00146381 -0.00276846 -0.0046851 -0.003172 -0.00217116 -0.00200943 -0.00207722 -0.000724195 -0.00144682 -0.00339585 -0.000504166 -0.00513391 0.000223582 -0.00325361 -0.00255492 -0.00138286 -0.0020475 -0.00172307 -0.00162292 -0.00310671 -0.00130633 -0.00373291 -0.000920676 -0.000583807 -0.0042955 -0.0023753 -0.00106291 -0.0011388 0.00108658 -0.000909808 -0.00132987 -0.00170434 -0.00187003 -0.0025528 -0.000146833 -0.00322854 
-0.00436524 -0.00251158 -0.00204763 -0.0027347 -0.00257491 -0.00138003 0.000800752 -0.00431987 -0.00221169 -0.00125701 -0.00147521 -0.00349751 -0.00978956 -0.002737 -0.00563926 -0.00271674 -0.00787277 -0.00846542 -0.00496709 -0.00582202 0.00232789 0.245167 -0.00335162 -0.00196882 0.000130823 0.00437032 -0.00884486 -0.00485524 0.00256992 -0.00698899 -0.00478413 -0.00679884 -0.00373755 -0.00440513 -0.00107459 -0.00244492 -0.00112258 -0.00418797 -0.000113476 -0.00219584 -0.00234382 -0.00229171 -0.00424853 -0.00384562 -0.000824145 -0.00181118 -0.000354382 -0.00303368 -0.00188155 -0.00335782 -0.00209536 0.000202512 -0.00475273 -0.00315242 -0.00180246 -0.00403328 -0.000463595 -0.0012892 -0.000447821 -0.00134713 -0.00179788 -0.00235095 -0.00352982 -0.0019561 -0.00144482 -0.00351604 -0.00100453 -0.000124334 -0.00299002 -0.00260867 -0.00223512 -0.00250772 -0.00200996 -0.00295596 -0.00504739 -0.00110692 0.000710909 -0.00191657 -7.52414e-05 -0.00405728 0.000495734 -0.0012464 -0.00450245 -0.00396007 -0.001578 -0.000815429 -0.00115887 -0.0026524 -8.30536e-05 -0.00196082 -0.000949873 -0.00273445 -0.00215637 -0.00143808 -0.00144923 -0.00279004 -0.00202084 -0.00255742 -0.00274229 -0.000107959 
-0.0045832 -0.0039178 -0.00248768 -0.00200145 -0.000615 -0.00121735 -0.00143809 -0.0052327 -0.00559343 -0.00710004 -0.0062917 -0.00711432 -0.00539565 -0.00613743 -0.0011454 -0.00807484 0.00165097 -0.00221866 -0.00727849 0.000561833 -0.00290328 -0.00335162 0.245965 -0.000163401 -0.00417564 0.000919136 -0.00201357 -0.00146369 -0.00298542 0.000194583 -0.0062009 -0.00322984 -0.0012342 -0.00379477 -0.00413191 0.000239209 -0.00382338 -0.000974083 -0.00479702 0.000120968 -0.00207856 -0.00166286 -0.001889 -0.00196626 -0.00203467 -0.000259964 -0.00288947 -0.00254011 -0.00102477 -0.0033395 0.000521761 -0.00178277 -0.00420151 -0.00329428 -0.00158021 -0.00136237 0.00044214 -0.000979016 -0.000154381 -0.00334988 -0.00242894 -0.00354363 -0.00191044 -0.00136097 -0.00127526 -0.000570081 -0.00228895 -0.00133492 -0.00387073 -0.00102586 -0.0034309 -0.00171502 -0.00321517 -0.00370107 -0.0027231 0.000170285 -0.00311871 -0.0002275 -0.00216581 -0.000367613 -0.00286226 -0.00192835 -0.00163165 -0.00322996 -0.00295589 -0.00137286 -0.00414004 -0.00179614 -0.00133486 -0.00122561 -0.00166038 -0.00189805 0.000399598 -0.00339231 -0.00354406 -0.00306981 -0.00559895 -0.00256129 -0.00428926 -0.00294341 
-0.000203096 -0.00276957 -0.00357502 -0.00184888 -0.00335649 -0.00142104 -0.00328228 -0.00515351 -0.00146868 -0.00337112 -0.00366418 -0.00448252 -0.00892649 -0.00328976 -0.00175217 0.0051394 -0.0061186 -0.00887277 -0.00818015 -0.0048682 -0.00530035 -0.00196882 -0.000163401 0.249704 0.000449496 -0.0099804 -0.00250817 -0.00351625 -0.00932614 -0.00292289 -0.00306085 -0.00389944 -0.0046131 -0.00205814 -0.0029405 -0.0022439 -0.00267267 -0.00362467 -0.00210818 -0.00187698 -0.00243634 -0.00140944 -0.00250729 -0.00135066 -0.00243575 -0.0016966 -0.000939785 -0.000512285 -0.00318043 -0.00141358 -0.00441337 -0.00183586 -0.00122332 -0.00390993 -0.00349738 -0.00403446 -9.52112e-05 -0.0029347 -0.00238608 -0.00185743 -0.000456132 -0.000467977 0.000565932 -0.00154553 -0.00105192 -0.00188028 -0.00306515 -0.000938683 -0.00208554 -0.00108964 -0.00244527 -0.000116776 6.48449e-05 -0.00101826 -0.00205402 -0.001463 -0.00402406 -0.00346218 -0.00106665 -0.0012608 -0.00115584 -0.00176271 -0.00362948 -0.00121585 -0.000387958 -0.00220894 -0.00421965 0.000330672 -0.00111696 -0.00344213 -0.00034253 -0.00224102 -0.00275064 -0.00191689 -0.00449636 -0.00336287 -0.000830287 -0.00301017 -0.00160631 -0.00160615 
-0.0022781 -0.00351997 -0.00481422 -0.00219483 -0.00314922 -0.0015976 -0.0018904 -0.00190703 -0.0013743 -0.00441367 -0.00650229 -0.00836277 -0.00338711 -0.00333499 -0.00960889 -0.000980935 -0.00811832 -0.00280114 -0.0103103 5.3519e-05 -0.000565684 0.000130823 -0.00417564 0.000449496 0.236077 -0.0103603 -0.00331532 -0.00288299 -0.00356597 -0.00824502 -0.00212637 -0.00590806 -0.00122767 -0.00248518 -0.00439133 -0.00321175 -0.00247386 -0.00110168 -0.00152363 -0.00097022 -0.00202727 -0.00142449 -0.00105343 -0.000232703 0.00161903 -0.00342139 -0.000324734 0.000494054 -0.00133278 -0.000200288 -0.00271031 -0.00101842 -0.00156358 -0.0022758 -0.001615 -0.00206106 -0.00231357 -0.000265017 -0.00404611 0.000287331 -0.00232534 -0.00200387 -0.00277477 -0.0023584 -0.00209125 -0.00145815 -0.0032206 -0.00124464 -0.00262452 -0.00107241 -0.00211062 -0.000943731 0.000609574 0.000713794 -0.00153806 -0.00434363 -0.0014566 -0.00149559 -0.00360886 -0.00155226 -0.00271789 -0.00238555 -0.00241428 -0.00149445 -0.00185775 -0.00230361 -0.00059473 -0.00337187 -0.000670613 0.000195912 -0.00163884 0.000111082 -0.00290141 -0.00121408 -0.00209294 -0.00185544 -0.00192968 -0.00321747 -0.00297096 7.64389e-05 
1.28908e-05 -0.00149628 -0.00162843 -0.0028149 -0.000173191 -0.0022824 -0.00520898 -0.00427116 -0.00349181 -0.00502236 -0.00462823 -0.00724582 -0.00529637 -0.00719297 -0.00353671 -0.0029958 -0.00374364 0.00123012 -0.00954325 -0.00576099 0.00326879 0.00437032 0.000919136 -0.0099804 -0.0103603 0.245037 -0.00666546 -0.0080656 -0.00249541 -0.00044883 -0.00560975 -0.00151438 -0.0032373 -0.00191808 -0.00315372 -0.00216959 0.000581108 -0.00386729 -0.00347826 -0.00129114 -0.0049569 -0.00289249 -0.00163567 -0.00331987 -0.00171639 -0.00168801 -0.0029751 -0.000773051 -0.0039228 -0.00264825 6.35365e-05 -0.00232592 0.000342007 0.000624902 -0.000339605 -0.000228022 -0.00338612 -0.00479397 -0.00117105 0.000889039 -0.000349778 -0.00184324 -0.00371154 -0.000962839 -0.00294661 -0.00238268 -0.00111547 4.28868e-05 -0.00123722 -0.0043203 -0.00347076 -0.00249561 -0.00278963 -0.00177935 -0.00164779 -0.00296231 -0.000143343 -0.00104719 -0.00139014 -0.000111347 -0.00147813 -0.00276574 -0.000813289 -0.0021711 -0.00444244 -0.00198955 -0.00137942 -0.00425165 -0.00183988 -0.00201912 -0.00276049 -0.00304599 -0.000860171 -0.00178454 -0.00278171 -0.0019386 -0.000251899 -0.000144693 -0.000517382 -0.00407659 
-0.0030795 -0.00153677 -0.000357638 -0.00272102 -0.00253721 -0.00275317 -0.00279535 -0.00234678 -0.00300367 -0.00576799 -0.00400218 -0.0058667 -0.00305356 -0.00182882 -0.00173038 -0.0108804 -0.00884696 -0.0018039 -0.00213737 0.00159028 -0.00332138 -0.00884486 -0.00201357 -0.00250817 -0.00331532 -0.00666546 0.221236 -0.00326052 -0.00599312 0.000879382 0.00125095 0.000363448 -0.00210112 -0.000900832 -0.00208687 -0.00461942 -0.00340713 -0.00422005 -0.00353485 -0.0017769 -0.00173014 -0.00225481 -0.00231826 -0.00173046 -0.000297419 -0.00231678 -0.000211982 -0.000573975 -0.00178202 0.000160327 -0.000262935 -0.00209107 -0.0024418 -0.00171254 -0.00173755 -0.00264319 -0.00225336 0.000263942 -0.00168145 -0.000527978 -0.00214086 -0.000880987 -0.00236586 -0.0027038 -0.00244114 -0.00078363 -0.00138334 -0.00386124 0.000281563 -0.000273254 -0.000501667 -0.00188009 -0.00205641 -0.00107219 4.48419e-05 -0.00275956 -0.00299596 -0.0027943 -0.0017975 -0.00263399 -0.00142409 -0.00212956 -0.000615896 -0.000285541 -0.000434696 -0.00164038 -0.00327331 -0.00129854 -0.0020908 -0.00222189 -0.000417857 -0.00168409 -0.00292773 0.00110433 -0.00475615 -0.0056944 -0.00153812 -0.000807163 1.76862e-05 -0.00444046 
-0.00143309 -0.00149421 -0.00256195 -0.00118482 -0.0034039 -0.00296744 -0.00353502 0.00023538 -0.00165289 -0.00271033 -0.000561471 -0.00163605 0.00533174 -0.00323761 -0.00116122 -0.00887848 -0.00972004 -0.0139903 5.50078e-05 -0.0100466 -0.00183633 -0.00485524 -0.00146369 -0.00351625 -0.00288299 -0.0080656 -0.00326052 0.210472 0.00473947 8.92101e-05 -0.0028056 -0.00138059 -0.00208104 -0.000704449 -0.00276767 0.000277216 -0.00277485 -0.0026575 -0.00363432 -0.000103338 -0.000247732 -0.00245085 -0.00147431 -0.000517163 -0.000766832 -0.00463136 -0.00153087 -0.00295159 -0.00377773 -0.00321097 -0.00504913 -0.00196011 -0.00148821 -0.00178312 -0.00067186 -0.00248755 -0.00330853 -0.00123465 -0.00489098 -0.00133245 -0.00219636 -0.00100945 -0.00240373 -0.00117382 -0.00240667 -7.92759e-05 -0.00417598 -0.00170367 -0.00353797 -0.00170854 -0.000999592 0.000271526 -0.00164906 -0.000708023 -0.00237264 -0.00108451 -0.000787211 -0.00244746 -0.00193544 -0.00222507 -0.00384938 0.000118463 -0.00154252 -0.00126547 -0.000706945 0.000581212 -0.000890794 -0.000425021 -0.000619034 -0.000448469 -0.00205902 -0.000300539 -0.00202891 -0.00244551 -0.000807082 -0.00187662 -0.00195037 -0.00288858 -0.0013513 -0.00137957 
-0.00195517 -0.0021366 -0.00296957 -0.00174435 -0.00127845 -0.000145999 -0.00230919 -0.00286395 -0.00290131 -0.00269325 -0.005346 -0.000973537 -0.000994882 -0.00314262 -0.00868815 -0.000607204 -0.00959556 -0.00940813 -0.00435802 -0.00444082 -0.0025872 0.00256992 -0.00298542 -0.00932614 -0.00356597 -0.00249541 -0.00599312 0.00473947 0.181688 0.000595334 -0.00158093 -0.00119245 0.00116602 0.00087413 -0.000951294 -0.000822774 -0.00287679 -0.00214937 -0.00215044 -0.00148165 -0.00132847 0.000678115 -0.00146221 -0.000998499 -0.00130524 -0.00213059 -0.000812922 -0.001568 -0.0024504 -0.000624 -0.00216568 -0.00241675 -0.00185851 -0.00185066 -0.000863856 -0.00209372 -0.000336541 -0.00134509 -0.00144541 -0.00208029 -0.00205545 -0.00105162 -0.00103197 -0.000557229 -0.00153826 -0.000156156 -0.00371924 -0.00181235 -0.0024675 -0.0026546 -0.00157272 -0.00110021 -0.00359589 0.00131615 -0.00166821 -0.00118462 -0.00144683 -0.00279427 -0.000467711 -0.00254712 -0.00125457 -0.000751011 -0.00224188 -0.00281943 -0.00109253 -0.000642366 -0.00152087 -0.00122967 -0.000692735 5.20376e-05 -0.00194309 -0.00175864 -0.000269175 -0.00163655 -0.000665367 0.000916048 -0.000956182 -0.00213936 -0.0016579 -5.31846e-05 
-0.000810397 -0.0013654 0.00083159 -0.00305236 -0.00194204 -0.00229356 -0.00365392 -0.00048064 -0.000205744 -0.00122118 -0.00238118 -0.00444173 -0.00176738 -0.00352869 -0.0045721 -0.00869929 -0.00504457 -0.00564328 -0.00213143 -0.00700007 -0.00675765 -0.00698899 0.000194583 -0.00292289 -0.00824502 -0.00044883 0.000879382 8.92101e-05 0.000595334 0.164054 0.00451821 -0.00210753 -0.00173582 -0.00175827 -0.000216426 -0.00133101 -0.000415666 -0.000767374 -0.00237937 -0.000475925 -0.00202156 -6.39138e-05 -0.00159287 -0.00236915 0.000732421 -0.00226314 -0.00254282 -0.000532819 -0.00134204 -0.00037764 0.000104384 -0.00194212 -0.000790041 -0.000761185 -0.000599119 -7.43796e-05 -0.00173966 -0.00315846 0.00163276 -0.00134168 -0.00044918 -0.000330825 -0.000266836 -0.00250708 -0.00163723 -0.000928223 -0.00154119 -0.00122697 -0.00100296 -0.000650032 -0.000213483 -0.0021172 -0.00145166 -0.0018695 -0.00185521 -0.000815228 -0.00211762 -0.00170045 -0.0028379 -0.0012766 -0.001787 -0.00173396 -0.000910812 -0.000947369 -0.000124086 -0.00114074 -0.00150227 -0.00186578 -0.00116515 -0.00155434 -0.000961969 -0.00159176 -0.00218111 -0.000243375 -0.00186361 -0.00264707 -0.0010374 -0.0010457 -0.00172308 -0.00051135 
-0.00201584 -0.00141078 -0.000570186 -0.000846962 -0.0013163 -0.00171675 -0.000627281 -0.000516261 -0.000858576 -0.00209145 -0.0025307 5.63008e-05 -0.00202181 -0.00388232 -0.00152498 0.000395858 -0.00537875 -0.00402134 -0.00430485 -0.00502975 -0.00744643 -0.00478413 -0.0062009 -0.00306085 -0.00212637 -0.00560975 0.00125095 -0.0028056 -0.00158093 0.00451821 0.131312 -0.00104949 0.000103016 -0.000967971 -0.000948033 -0.00139136 -0.00173511 -3.02027e-05 0.000287346 -0.000293832 -0.000948158 -0.000283953 -0.000706206 -0.0010906 -0.00116592 -0.00178815 0.000408568 -0.00109626 -0.00233081 0.000608395 -0.00206476 -0.00123045 -0.000781776 -0.00175408 -0.00105236 -0.000919743 -0.00115887 -0.00125477 -0.000461433 -0.000485511 -0.000331031 -0.00100057 -0.000529318 -0.00121022 -0.0019885 0.000314094 -0.0019381 -0.0014591 -0.000453465 -0.000360759 -0.00095224 -0.00116855 -0.000184703 -0.000880439 -0.00131005 -0.000924508 -0.000346105 -0.00159314 -0.00203914 -0.000104146 -0.00155844 -0.000966486 -0.00142262 -0.00150992 -0.000619302 0.000342162 -0.001301 -0.000134094 -0.000672646 0.000156212 -0.000787439 -0.00225117 -0.00108686 -0.00156342 -0.000202096 -0.00239006 -0.000598718 -0.000698773 -0.000961049 -0.000985333 
-0.00150824 -0.000754352 -0.000635163 -0.000390041 -0.000689049 -0.00111838 -0.00239607 0.000304782 -0.00171357 -0.0013734 -0.00335902 -0.000848582 0.000345626 -0.00276107 -0.00552187 -0.00581174 -0.00372192 -0.00364777 -0.00266013 -0.00143829 -0.00188631 -0.00679884 -0.00322984 -0.00389944 -0.00590806 -0.00151438 0.000363448 -0.00138059 -0.00119245 -0.00210753 -0.00104949 0.120411 -0.00199107 0.0010195 -0.000598598 -0.000308023 -8.96827e-05 -0.00165559 -0.00104864 -0.000103124 -0.00109449 -0.000844001 0.000568155 -0.00105553 -0.000903576 -0.00208297 0.000349345 -0.000239782 -0.00143689 -0.0020838 -0.000845858 -0.000775238 -0.00068521 0.000697246 -0.000881105 -0.000771543 -0.000281574 -0.000556776 9.36702e-05 -6.12122e-05 -0.00134132 -0.00179268 -0.000155871 -0.0021455 -0.000871842 -0.000199365 0.000781264 -0.00195797 -0.00110134 -0.00181528 -0.00156373 -0.000685945 -0.00115184 -0.000806582 -0.00103701 -0.00117167 -0.00011439 -0.000587185 9.45722e-05 -0.00137343 -0.000996349 -0.00106998 -0.00114381 -0.00111475 -0.00121667 -0.000111031 -0.00155526 -0.00128256 0.000993837 -0.00140474 -0.00111428 -0.000958555 -0.000225446 -0.00063626 -0.000345842 -0.0020963 -0.000323466 0.00077306 -0.00153579 -8.14788e-05 
