0.0783877 0.00101592 -0.000478214 -0.000411388 -0.000445713 -0.000416011 -0.000350881 -0.000916813 -0.000129093 -0.000325265 -0.00116813 -0.00171803 -0.00156376 -0.000126258 0.000527856 -0.00210707 -0.000501527 -0.0027824 -0.00396483 -0.00323591 -0.00276631 -0.00323835 -0.000182959 -0.00191223 -0.000326191 -0.00209358 -0.00031589 4.0961e-05 -0.00259111 -0.00114734 -0.0019685 -0.0009502 -0.00023226 -0.00139968 -0.000435741 -0.00150373 -0.00104611 -0.00104556 -0.000252393 -0.000967367 -0.000300513 -0.000479681 -3.99997e-05 -0.000523061 -0.0003197 -0.000427196 4.59289e-05 -0.000809348 0.00013958 -0.000878315 -0.000319278 8.43431e-05 -0.000821168 -0.000141085 -0.000865486 -0.00111343 -0.00113007 -0.000100308 1.27635e-05 -0.000165765 -0.00126803 -0.00129165 -0.000864305 -8.8384e-05 -0.000994006 0.000214265 -0.000406021 -0.00101541 -0.000822388 -0.000998621 -0.000981965 -0.000409599 -0.000422399 -0.000454701 -0.0007651 -0.000463975 -0.00054957 -0.000809653 -0.000908613 -0.000434723 -0.000420694 -0.000433144 -0.000312083 -0.00147725 -0.00118184 -0.000599868 -0.000786883 -0.000457716 -0.00116946 -0.000492104 -0.000630342 -0.000478911 -0.00128795 -0.0011551 -0.000594555 -0.000511466 -0.000552395 0.000365948 -0.000799219 -9.39767e-05 
0.00101592 0.096655 -0.000329544 0.000426021 -0.000674535 8.41015e-05 -0.00124795 -0.00103727 -0.000582728 -0.00187708 -0.00120232 -0.00138442 -0.00231014 -0.00232349 -0.000693216 -0.00206092 4.56859e-05 -0.00318141 -0.00365892 -0.00284548 0.000161786 -0.00145876 -0.000871524 -0.00282 -0.00202926 -0.00319675 -0.00135955 -0.000241636 -0.00308896 -0.00124317 -0.00107922 -0.00366375 -0.00064551 -0.000424923 -0.000326927 6.53998e-06 -0.000769817 -0.00113574 -0.0011349 0.000370619 0.000145751 -0.00067364 -0.00153053 -0.00132458 -0.000348844 -0.000357649 -0.000772979 -0.00185433 -0.000681076 -0.000772422 -3.99354e-05 -0.000857598 -0.000216262 -0.000757185 -4.23341e-05 -0.000553354 -0.00134717 -0.000520366 -0.00130037 -0.00145699 -0.00081567 -0.000317828 -0.000853861 -0.000826184 -0.000711729 0.000290293 -0.000591249 -0.00103383 -0.000571002 -0.00149352 -0.000974249 -0.000499438 -0.00112695 -0.00106358 -0.00129294 -0.000975581 -0.000705879 -0.00118518 -0.000334928 -0.00100254 -0.0014744 -0.000351078 -0.000862982 -0.0010704 -0.000204856 -0.00158906 -0.00125952 -0.000430135 -0.00168709 -0.000904431 -0.00129216 -0.00058274 -0.000164777 -0.000661193 -0.00133174 -0.000630807 -0.000549681 7.38856e-05 -0.000734095 -0.000810901 
-0.000478214 -0.000329544 0.0733589 3.9453e-05 0.000476505 -0.000611741 -0.0010384 8.69451e-05 8.94372e-06 -0.00079694 -0.000838201 -0.00249391 -0.00203443 -0.00224298 -0.00160814 -0.00190655 -0.00305912 -0.00509975 -0.00103949 -0.00200326 0.000533785 -0.00209475 -0.000910529 -0.00352787 -0.00191221 0.000571066 -0.00174729 -0.00337417 -0.00120471 -0.00101809 -0.00142387 -0.002163 -0.00170819 -0.000839472 -0.000808147 -0.000747501 0.00140622 -0.000553701 0.000155303 -0.00032069 0.000724852 -0.00100634 -0.000357986 -0.000535559 0.000119715 0.000168729 -0.000110563 -0.000605571 -0.000256262 -0.000533854 -0.0012581 -0.000625524 -0.000548072 -0.000959052 -0.000563682 -0.000361762 -0.000614493 -0.000224556 -0.000745348 -0.00151786 -0.000641472 -0.000149597 -9.05851e-05 -0.0007601 2.09104e-05 -0.000565241 -6.76721e-05 -0.000177282 -0.000301991 0.00011382 -0.00133875 -0.000151599 -0.000578569 -0.000837171 -0.00096378 -0.000103238 -0.000551434 -0.000293096 -0.000702314 -0.000696633 -0.000418326 -0.000399335 -0.000702467 -0.000397943 -0.000362584 -0.00069052 -0.000964733 -0.000438442 0.000317889 -0.000173141 -0.000754132 0.000530361 -0.00111622 8.32021e-05 -0.000640608 -0.000884049 -0.000361706 -0.000488002 0.000393561 -0.000588025 
-0.000411388 0.000426021 3.9453e-05 0.0654668 2.77578e-05 -1.43853e-06 0.00048901 -0.000470141 0.000346908 -0.00141036 0.00027371 -0.00154269 6.64934e-05 -0.00336962 -0.000730352 -0.000124963 -0.00196636 -0.00151008 -0.00291458 -0.00104609 -0.00249756 -0.00255032 -0.00176668 -0.00169357 -0.00175501 -0.00241295 -0.00102321 -0.00145064 -0.00201901 -0.0020672 -0.00187786 -0.00122896 -0.00130261 -0.00152498 -0.000100362 -0.000576207 -0.00111644 -0.000123782 -0.00063274 0.0002912 -0.000488325 -0.000623771 -0.000283065 -0.00116145 -0.000347308 -0.00066294 -0.000491023 -0.00105698 -0.000771528 -0.000376953 -0.000280259 -0.000112278 -0.000558465 -0.00048461 -0.000668267 -0.000125701 -0.00106546 -0.000698267 -1.28756e-05 -0.000660918 -0.000262894 -0.000873275 0.000249533 -0.000514397 -0.000724094 -0.000654109 0.000109478 -0.00010597 -0.000465827 -0.000137627 -0.000705858 0.000173173 -0.00046442 -0.000442775 -0.000662217 -0.000319657 -0.000111572 -0.000401517 -0.0006064 -0.000995775 -0.000227861 -0.000225754 -0.00037218 -0.000223374 0.00013295 -0.000240565 -0.000843284 -0.000241675 -0.000609677 -0.000437547 -4.86829e-05 -0.000256105 -0.000447509 -0.000164434 -0.000739007 0.000192499 -0.000277084 -0.00012041 -5.44306e-05 -0.00015848 
-0.000445713 -0.000674535 0.000476505 2.77578e-05 0.101813 -0.000373206 0.000611349 0.000768569 -0.00127556 -0.00155899 -0.000926421 -0.00283701 -0.001914 -0.00121391 -0.0022552 -0.000453849 -0.00760196 0.000717865 -0.00474249 -0.00410526 -0.00446109 -0.00258645 -0.00160596 -0.00385219 -0.00200012 -0.00155358 -0.00185437 -0.00143052 -0.00117202 -0.00026298 -0.00271275 -0.0026489 -0.00177992 -0.00209011 0.000162222 -0.0019209 -0.00148586 -0.000478976 -0.000287461 3.6183e-05 0.000226762 -0.000559293 -0.000946062 -0.000252298 -0.00116968 -1.38195e-05 -0.000578446 -0.000726854 -0.0013221 -0.000724311 -0.00108735 -0.000904541 -0.00116745 -0.000942897 -0.00152005 -0.000824965 -0.00139484 -0.000827083 -0.00104734 -0.00144416 -0.000729537 -0.000688686 -0.000397506 -0.000777382 0.00042493 -0.00228912 -0.00102214 -0.00123334 -0.000286972 5.88599e-05 -0.000654006 -0.00027159 -0.000783868 -0.000432755 -0.00129341 -0.000911407 5.58101e-05 7.22438e-05 -0.00011291 -0.000297414 -0.00147951 -0.000370562 -0.00148794 -0.000886408 0.000134059 -0.000461397 -0.000604742 -0.000474148 -0.00101462 0.000279257 -0.000727376 -0.000290059 5.77889e-05 -0.00046601 -0.000413127 -0.000295983 -0.0010842 -0.000265365 -0.0010401 -0.000363353 
-0.000416011 8.41015e-05 -0.000611741 -1.43853e-06 -0.000373206 0.0833845 -0.000365991 0.000490798 -0.00159951 0.000311817 -0.000998161 -0.0012111 -0.00186371 -0.00164456 -0.00217267 -0.000523704 -0.00194292 -0.00161217 -0.00146417 -0.00410474 -0.00412838 -0.00138578 -0.00262453 -0.00453826 -0.00480919 -0.00149916 -0.00163517 -0.00252999 -0.003077 -0.00263057 -0.00178343 -5.92148e-06 -0.00136637 -0.00055559 -0.000323137 -0.000301786 -0.00129065 -0.00042972 -0.000218777 -0.000434395 -0.0010964 -0.000979895 -0.00107158 0.000459776 -1.95821e-05 -0.000248514 -7.83314e-05 -0.000826961 -0.000484488 -0.000910022 -0.000745832 -0.00028136 -0.000922054 -0.00034492 0.000330984 -0.0010509 -0.000486286 -0.000617649 -0.000790264 -0.000550425 -0.00106518 -0.000199867 0.000409552 -0.00126232 -0.00091225 -0.000229012 -0.000954343 -0.00132598 -0.000636264 -0.000938151 -0.000202488 -0.000387744 0.000222344 -0.000315013 -0.000233283 -0.00065786 1.3257e-05 0.000589679 -0.00031144 -0.000484289 -0.000227484 -0.000523768 -0.000228062 -0.000297395 -0.000641461 0.000833058 -0.000490726 -0.00034732 -0.00131839 -0.00112746 -0.000396732 -0.000782405 -0.000163685 -0.0002108 -0.000623336 -0.000435148 -0.000472313 -9.73925e-06 -0.000200833 -0.000538217 
-0.000350881 -0.00124795 -0.0010384 0.00048901 0.000611349 -0.000365991 0.111852 -0.000686747 -0.000348958 -0.00181945 0.00033299 -0.00112588 0.000116034 -0.00244713 0.00178951 -0.00152405 -0.00115346 -0.00104836 -0.00303338 -0.00242094 -0.0021043 -0.00541649 -0.00210348 -0.00624966 -0.00579991 -0.00368053 -0.00259071 -0.00327297 -0.00154964 -0.00345967 -0.00163296 -0.00218068 -0.00275597 0.000365095 -0.000159552 -0.00103669 -0.00101707 -0.00161036 -0.00128704 -0.000497058 -0.000605005 -0.00145576 -0.000119306 0.000536365 -0.00153381 -0.000486182 -0.000461546 0.000162194 -0.000830412 -0.000941949 -0.00150561 -0.00120379 -0.000904007 -0.00129807 -0.00162879 0.000292932 -0.000612859 0.000202434 -0.00103506 -0.00179622 -0.00135353 -0.000621648 -0.00071756 -0.000444994 -0.000628044 -0.000706752 -0.001425 -0.00127937 -0.000246558 -1.57453e-05 -0.00178942 -0.000613663 -0.000181297 -0.000869149 -0.00191563 -0.000930532 -0.00142977 -0.001268 -0.00112827 -0.000710719 -0.00101229 -0.00138773 -0.0014518 0.000461601 -0.000922476 -0.000994196 -0.000198191 0.00101404 -0.00173837 8.30872e-05 -0.00122682 -0.00140733 -0.00144297 -0.00170812 -0.000836419 -0.000508104 -0.00103639 -0.000311165 -0.000467252 5.0886e-05 
-0.000916813 -0.00103727 8.69451e-05 -0.000470141 0.000768569 0.000490798 -0.000686747 0.0947808 -0.000961237 0.000233247 -0.00076407 -0.000611704 -0.00240014 -0.00236298 -0.00354096 -0.00604113 -0.00403569 0.000112686 -0.00475774 -0.00118197 -0.000819848 -0.00301762 -0.00300557 -0.0018877 -0.0038658 -0.00185542 -0.00160925 -0.00228234 -0.00327232 -0.00278011 -0.00162009 -0.0011245 -0.000591047 0.000517031 -0.000910666 -0.00019036 -0.000460985 -0.00067501 -0.000486078 -0.000948858 1.50425e-05 -0.00136008 -0.00110159 -0.000835145 -0.000643763 4.89022e-05 -0.000696042 -0.000799148 -0.00109129 -0.000922006 0.000254974 -0.000534312 -0.001769 -0.000537039 -0.00100346 -0.000223587 -0.000256682 -0.000801056 -0.000405212 -0.00108495 -0.00145661 -0.000245377 -0.000874817 -0.00113859 -0.00060521 -0.00111378 -0.000554092 -0.000565681 -0.000390748 -0.0014674 -0.000235602 0.000596823 -0.000970791 -0.000556876 0.00091575 -0.0013721 -0.000417581 -0.000261562 -0.000823019 -0.000871167 -0.00057493 -0.00150041 -0.001097 -3.10877e-05 -0.000699429 -0.000284513 -0.000436921 -0.000697865 -0.00012633 3.48331e-05 -0.000196839 -0.000195326 -0.000274076 -0.000188214 -0.000893426 7.17686e-05 -0.00115993 -0.000804353 -0.000491965 -0.000118092 
-0.000129093 -0.000582728 8.94372e-06 0.000346908 -0.00127556 -0.00159951 -0.000348958 -0.000961237 0.107195 -0.00145637 -6.39752e-05 -0.00126555 -0.00455835 0.00208519 -0.00228706 -0.0027088 -0.00190774 -0.00627997 -0.00382424 -0.00165579 -0.000480431 -0.00309054 -0.00399631 -0.00509115 0.000982916 -0.00369173 -0.00408299 -0.00293649 -0.000194602 -0.00300004 -0.00175449 -0.00294348 -0.00175674 -0.00146737 -0.00120331 -0.00111864 -0.00121199 -0.00188026 -6.42589e-05 0.000765339 -0.00172705 -3.87475e-05 0.000773452 -0.00135087 -0.000447741 -0.000716709 -0.000439236 -0.000183225 -0.000447907 -0.0013044 -0.000464205 -0.000273899 -0.000777869 -0.00097442 -0.000306907 -0.000907569 -0.00106947 -0.000680117 -0.000586848 -0.000569458 -0.00038936 3.59485e-05 -0.00133301 -0.000738673 -6.4473e-05 -0.00111868 -0.000992316 -0.000885277 -0.000665904 -0.00140748 -0.000939478 0.000743416 -0.000689686 -0.00103832 -0.00121996 -0.000644202 -0.00106956 1.17327e-06 -0.00116442 -0.000757059 0.000460551 0.000136951 2.38474e-05 -0.00161392 -0.000214069 -0.00146601 -0.000935674 -0.000443419 -0.00190078 -0.00103368 -0.00154766 -0.000356374 -0.00126616 -0.000905292 -0.000577622 -0.000800491 -0.000441061 -6.202e-05 -0.00025934 -0.000481748 
-0.000325265 -0.00187708 -0.00079694 -0.00141036 -0.00155899 0.000311817 -0.00181945 0.000233247 -0.00145637 0.143028 0.000149917 -0.000882398 -0.0015059 -0.000288856 -0.00322023 -0.00373492 -0.00633431 -0.00316717 -0.00302594 -0.00340622 -0.000679334 -0.00241874 -0.0055961 -0.00195218 -0.00100617 -0.00508014 3.96747e-05 -0.00189737 -0.00162122 -0.00365133 -0.00382822 -0.00140308 -0.00165716 -0.000610917 -0.00112133 -0.00026259 -0.000774574 -0.00227067 0.000396867 -0.00286012 -0.0010005 -0.00217336 -0.00220151 -0.000486054 -0.00122832 -0.000487206 -0.00024416 -0.000731032 -0.000510821 -0.000518948 -0.000913589 -0.00165231 -0.00222082 -0.00267468 -0.00169246 -0.00251847 -0.00112507 -0.00112848 -0.000832729 -0.00139628 0.000399878 -0.00170714 -0.000546921 -0.00199303 -0.00167732 -0.000917392 -0.000664945 -0.00153485 -0.00263747 8.18735e-05 -0.000312159 -0.00156907 -0.00164296 -0.00139237 -0.000820132 -0.00100178 -0.00126289 -0.00196865 -0.00141485 0.000934396 -0.00111852 -0.00219527 -0.00114712 -0.00118388 -0.000890481 -0.00115157 -0.00124906 -0.00093827 -0.00019256 -0.000334922 -0.000338595 -0.00075952 -0.00108715 -0.00171521 -0.00122488 -0.00162168 -0.00151414 -0.00185474 -0.00106331 -0.00169274 
-0.00116813 -0.00120232 -0.000838201 0.00027371 -0.000926421 -0.000998161 0.00033299 -0.00076407 -6.39752e-05 0.000149917 0.141695 -0.00226633 0.00309678 -0.000729163 -0.00243 -0.00646072 1.52143e-05 -0.00635561 -0.00544254 -0.00348924 -0.00251254 -0.00467671 -0.00147782 -0.000967782 -0.00258526 -0.00506686 -0.00532469 -0.00120768 -0.00304875 -0.00393656 -0.00434062 -0.00266381 -0.00318342 -0.00221706 -0.000155361 -0.000914969 -0.00260813 -0.00047135 -0.000936791 -0.00143833 -0.00202017 -0.000437411 -0.000698538 -0.00151286 -0.00155633 -0.00238151 -0.000744207 -0.00140655 -0.00107472 -5.22356e-05 -0.00145146 3.53465e-05 -0.00201402 -0.00166905 -0.00109063 -0.00217553 4.69644e-05 -0.00165792 -6.32073e-05 -0.00105202 -0.000300719 -0.00252357 -0.000484234 -0.000751851 -7.61269e-05 -0.00266923 -0.000804976 -0.00180296 -0.00181063 -0.000831693 -0.000284945 -0.00116851 -0.000588905 -0.0012088 -0.002174 -0.00211736 -0.000895351 -9.34211e-05 -0.000538998 -0.00109788 -0.000263074 -0.00155255 -0.000845093 -0.00106698 1.26634e-05 -0.000537542 -0.00166834 -0.000142106 -0.00277627 -0.000508984 -0.000798666 0.000314321 -0.00119008 -0.00061481 -0.00152263 -0.00194694 -0.000131985 0.000205662 2.30701e-05 -0.00248402 
-0.00171803 -0.00138442 -0.00249391 -0.00154269 -0.00283701 -0.0012111 -0.00112588 -0.000611704 -0.00126555 -0.000882398 -0.00226633 0.172269 0.00155481 0.00134967 -0.00269422 0.000548289 -0.00253453 -0.00435691 -0.0027614 -0.00888011 -0.00544213 -0.00252928 -0.00905402 -0.00313966 -0.00259169 0.00125618 -0.00672167 9.20919e-05 -0.00619405 -0.00341629 -0.00136318 -0.00467086 5.97409e-05 -0.0013669 -0.00138978 -0.000487931 -0.00213401 -0.000617667 0.000360492 -0.00168674 -0.00144861 -0.000388329 -0.00108212 -0.00305655 -0.00142136 -0.00111446 -0.00211743 -0.00254107 0.000283651 -0.000651522 -0.00150184 -0.00172125 -0.00177953 -0.000492742 -0.000568775 -0.00284445 0.000290537 -0.0016034 0.000202694 -0.00103047 5.99932e-05 -0.00230595 -0.000817333 -0.00214136 -0.00187351 -0.001915 2.40672e-05 -0.00116258 -0.00165652 -0.00217102 -0.00179555 -0.00116186 -0.00194025 3.44379e-05 -0.000422292 0.000929933 -0.00274477 -0.00156499 -0.00140595 -0.00179377 -0.0012954 0.000146806 -0.00309401 -0.00174795 -0.00293298 -0.00288335 -0.000685838 -0.0021078 -0.00196578 -0.0018199 -0.00250846 -0.00181953 -0.00150378 -0.00130683 -0.00150614 -0.000637223 -0.00275928 -0.000808832 -0.00223591 -0.00223488 
-0.00156376 -0.00231014 -0.00203443 6.64934e-05 -0.001914 -0.00186371 0.000116034 -0.00240014 -0.00455835 -0.0015059 0.00309678 0.00155481 0.162405 -0.000732545 -0.00189876 0.00352157 -0.00748047 -0.000167953 -0.00669448 -0.00422533 -0.00785835 -0.00358119 -0.00476674 -0.00426804 -0.00487118 -0.0035106 -0.00644419 -0.00360142 -0.0020022 -0.0021692 -0.00235381 -0.00270374 -0.00332478 -0.00296356 -0.000974021 -0.00233093 -0.00130634 -0.0011914 -0.00156807 -0.000630904 -0.00326024 -0.000747669 -0.00260007 -0.00241497 -0.00302175 -0.00159447 -0.00155039 -0.00236715 -0.000116529 -0.000339472 -0.000896262 -0.000438812 -0.000372795 -0.00182091 -0.00140707 -0.000685763 -0.00110956 -0.00204493 -0.00157681 -0.00181189 -0.000978055 -0.0024924 -0.00144588 7.29382e-05 -0.00123356 -0.000611761 -0.00136874 -0.000835948 -0.00132991 -0.001367 -0.000792334 -0.00152653 -0.000874713 -0.00171654 -0.00131347 -0.00096052 -0.00181793 -0.000192607 -0.000565501 -0.000352245 -0.00171346 0.000332455 -0.00213296 -0.000100723 -0.000252579 -0.0016365 -0.00115624 -0.0018566 -0.000764849 0.00159694 3.10301e-05 -0.0021394 -0.00258826 -0.00188896 -0.000660314 -0.000343787 0.000362617 -0.00191265 9.23188e-05 -0.000378348 
-0.000126258 -0.00232349 -0.00224298 -0.00336962 -0.00121391 -0.00164456 -0.00244713 -0.00236298 0.00208519 -0.000288856 -0.000729163 0.00134967 -0.000732545 0.208332 -0.00381403 -0.00591864 -0.00692262 0.00239951 -0.00181343 -0.00828354 -0.0130671 -0.00695463 -0.0055649 -0.00738976 0.0022102 -0.00176236 -0.00476401 -0.00743544 -0.0032106 -0.00347284 -0.00515781 -0.00434108 -0.00421229 -0.00115682 -0.00242053 -0.00129917 -0.00190917 -0.00164841 -0.00202313 -0.00176292 -0.00364595 -0.00141825 -0.000202282 -0.00336487 -0.00225459 -0.00192992 -0.00103579 -0.00222765 -0.00130293 -0.00051886 -0.00179939 -0.00279402 -0.00163072 -0.00179508 -0.00302654 -0.00120456 -0.00312039 -0.00289067 -0.00367886 -0.00183316 -0.00115519 -0.00240556 -0.0023659 -4.83973e-05 -0.00146874 0.000374586 -0.00227468 -0.00210918 -0.00318655 -0.00350964 -0.000579631 -0.0027421 -0.000573863 -0.000698067 0.000219411 -0.00130783 -0.00241469 -0.00321191 -0.00199725 -0.00158739 -0.000571003 0.000163675 4.23366e-06 -0.00116686 -0.00145354 -0.000632619 -0.00111213 -0.000297776 -0.00145248 -0.00183485 -5.62964e-05 -0.00160913 -0.000834403 -0.0021244 5.73695e-05 -0.00108902 0.000506872 -0.00222078 0.000248856 -0.00239803 
0.000527856 -0.000693216 -0.00160814 -0.000730352 -0.0022552 -0.00217267 0.00178951 -0.00354096 -0.00228706 -0.00322023 -0.00243 -0.00269422 -0.00189876 -0.00381403 0.212424 -0.00244436 -0.00874375 -0.00461152 -0.00475144 -0.00135917 -0.0075039 -0.00428744 -0.00532947 -0.00307328 -0.00610183 -0.00582685 -0.00428962 -0.00386874 -0.00451687 -0.00411103 -0.00340838 -0.00277818 -0.000583918 -0.00221414 -0.00341365 -0.00240504 -0.00345398 -0.0023059 -0.000415329 -0.00203475 -0.00336648 -0.000204077 -0.000149201 -0.000823148 -0.00314577 -0.00248643 -0.000689724 -0.00214792 -0.00221663 -0.00186933 -0.00256503 -0.000732185 -0.000208254 -0.00241418 -0.00359704 -0.00145971 -0.000596288 -0.00144866 -0.00227621 -0.0026004 -0.00100593 -0.00324559 -0.00224676 -0.0036969 -0.00153078 -0.00166745 -0.000858885 -0.00183013 -0.00120568 -0.00193222 -0.00200765 0.00032679 -0.00121379 -0.00109892 -0.000587315 -0.00240019 -0.00332427 -0.00116279 -0.00239179 8.17079e-05 -0.00231953 0.000134838 0.0010658 -0.000663817 -0.00201085 -0.00372794 0.000490308 -0.000412656 -0.00181677 -0.00172386 -0.000733839 -0.000958783 -0.001177 -0.00215716 -0.000532752 -0.000228618 -0.00318376 -0.000709353 -0.00201942 -0.00288394 
-0.00210707 -0.00206092 -0.00190655 -0.000124963 -0.000453849 -0.000523704 -0.00152405 -0.00604113 -0.0027088 -0.00373492 -0.00646072 0.000548289 0.00352157 -0.00591864 -0.00244436 0.23161 -0.00469715 -0.00807834 -0.00738504 -0.0126913 -0.00977002 -0.00510687 -0.0074269 0.00779865 0.000258918 -0.00775028 -0.00214274 -0.00441054 0.00071959 -0.0050094 -0.000632742 -0.00299142 -0.00530362 -0.00289482 -0.00141943 -0.00382692 -0.00131333 -0.00285894 -0.000168822 -0.00393641 7.36465e-05 -0.00183532 -0.000743877 0.00019 -0.00350198 -0.00216871 -0.00307513 0.00199679 -0.00193931 -0.00230282 -0.00418427 -0.00141377 -0.00189588 -0.00210429 -0.00391929 -0.00125324 -0.00293594 -0.00179845 -0.000543136 -0.00305451 -0.00227278 -0.00167414 -0.00250617 -0.000333864 -0.00205812 -0.000449674 0.000100963 -0.00251601 -0.00192519 -0.00127892 -0.00454603 -0.00358654 -0.00173036 -0.00129514 -0.00395286 -0.00291575 -0.00297168 -0.000796848 -0.00218202 0.000622589 -0.00152134 -0.00365047 -0.00247618 -0.00154642 -0.000998748 -0.00146803 -0.00212419 -0.00137693 -0.00147473 -0.00375439 -0.00155917 -0.00140121 0.00134935 -0.00235562 0.000970078 -0.00272436 -0.00294098 -0.00280508 -0.000474761 -0.00162091 
-0.000501527 4.56859e-05 -0.00305912 -0.00196636 -0.00760196 -0.00194292 -0.00115346 -0.00403569 -0.00190774 -0.00633431 1.52143e-05 -0.00253453 -0.00748047 -0.00692262 -0.00874375 -0.00469715 0.247691 -0.00474712 0.00223695 0.000457239 -0.00314037 0.00436642 0.000308707 -0.00192292 -0.00890924 -0.0118741 -0.00799856 -0.00841737 -0.00952365 -0.00569284 -0.00543327 -0.00115172 -0.00439111 -0.00493274 -0.00290459 -0.00321484 -0.00146497 0.000375112 0.000328281 -0.00195305 -0.00195069 -0.00178563 -0.00211554 -0.000999723 -0.00117418 -0.00261792 -0.00350147 -0.00138255 -0.00218086 -0.0016305 -0.00176817 -0.00161109 -0.00215771 -0.00114162 -0.000422393 0.000632749 -0.00207405 -0.00207468 -0.000667502 -0.000561148 -0.00201719 -0.00376169 -0.00266164 -0.00305671 -0.00195897 -0.0021008 -0.00167711 0.000879769 -0.00362201 0.000198843 -0.000503881 -0.00178141 -0.00276823 -0.0024787 -0.00282761 -0.00433216 -0.000738544 -0.00379363 -0.00196966 -0.00337406 -0.00273609 -0.00384642 -0.00165676 -0.00259987 3.15135e-05 0.000213274 -0.00230477 -0.00112734 -0.00187642 -0.0030838 0.000271237 -0.000941266 0.000133536 -0.00343959 -0.00362948 -0.000772057 -0.00101823 -0.00223077 -0.000838171 -0.00228937 
-0.0027824 -0.00318141 -0.00509975 -0.00151008 0.000717865 -0.00161217 -0.00104836 0.000112686 -0.00627997 -0.00316717 -0.00635561 -0.00435691 -0.000167953 0.00239951 -0.00461152 -0.00807834 -0.00474712 0.249874 -0.00633965 0.000602397 -0.00856098 -0.00325272 -0.00702533 -0.00560885 -0.00778517 -0.00872418 0.000400685 -0.0011882 0.00196223 -0.00402044 -0.00361442 -0.00131439 -0.00297811 -0.00210183 -0.00543568 -0.00513064 -0.00342347 -0.00215448 -0.0038546 -0.000534439 -0.00215029 -0.0037025 -0.00234183 -0.00211707 -0.00463311 -0.00123856 -0.00168094 -0.00292226 -0.000788716 -0.00242616 -0.00130531 -0.00138645 -0.00124618 -0.00434367 -0.00370744 -0.00293729 -0.00388301 -0.00389266 -0.00182886 -0.00143203 -0.00140836 -0.00321633 -0.000863836 -0.00208294 -0.0014324 -0.000511264 -0.00349408 -0.00207879 -0.000645912 -0.00186854 -0.0022883 -0.000411109 -0.00149899 -0.00194373 -0.000977662 -0.00140229 -0.000714481 -0.00130302 -0.00301022 -0.00015363 0.000884568 -0.00255178 -0.00273163 -0.00427018 -0.00193659 -0.00204251 -0.00282384 -0.000474102 0.000318618 -0.00401571 -0.001504 -0.00163882 -0.00410046 -0.000293147 -0.00356669 -0.00208711 0.000693255 -0.000828685 -0.00277337 -0.00301059 
-0.00396483 -0.00365892 -0.00103949 -0.00291458 -0.00474249 -0.00146417 -0.00303338 -0.00475774 -0.00382424 -0.00302594 -0.00544254 -0.0027614 -0.00669448 -0.00181343 -0.00475144 -0.00738504 0.00223695 -0.00633965 0.248873 0.00446341 -0.00805436 -0.00777057 -0.00173632 -0.000766567 -0.0114323 -0.00493613 -0.00592208 -0.00688962 -0.00759493 -0.00343722 -0.000805895 -0.000647562 -0.00527078 0.000211767 -0.00225145 -0.00235185 0.00207823 -0.00244389 -0.00272504 -0.00287226 -0.00232312 -0.00193212 -0.000652117 -0.000192251 -0.000736691 -0.00115645 -0.00180701 -0.00196724 -0.000803894 0.00114841 0.000174396 -0.00127003 -0.0027433 -0.000532599 -0.000443935 -0.0021087 -0.000905233 -0.00193132 -0.00337382 -0.000531539 -0.00180282 -0.00138497 -0.00106923 -0.00296174 -0.00161043 -0.00239224 -0.00417835 -0.00195341 -0.00271099 -0.000560671 -0.00116695 -0.0021009 -0.00237466 -0.00169141 -0.00167184 -0.00378269 -0.00309564 -0.00246677 -0.00276929 -0.00590036 0.000107206 -0.00345888 -0.000927467 -0.00307076 -0.000725445 -0.00218643 -1.71976e-05 -0.00138657 -0.00280021 -0.00256787 -0.00204858 -0.0029999 -0.00100306 -0.00280133 -0.00241585 -0.00216342 -0.00429513 -0.00248274 -0.00297495 -0.00038819 
-0.00323591 -0.00284548 -0.00200326 -0.00104609 -0.00410526 -0.00410474 -0.00242094 -0.00118197 -0.00165579 -0.00340622 -0.00348924 -0.00888011 -0.00422533 -0.00828354 -0.00135917 -0.0126913 0.000457239 0.000602397 0.00446341 0.249732 -0.00207413 0.00432276 -0.00527603 -0.0101135 -0.00783815 -0.00740557 -0.000283119 -0.00516569 -0.000878087 -0.00314402 -0.00285014 0.000268959 -0.00222641 -0.00475755 -0.0033204 -0.000853999 -0.00297543 -0.0055771 -0.00386127 -0.00228165 -0.00371394 -0.00295766 -0.00372652 -0.0028284 0.000725104 -0.00145514 -0.00470443 -0.00172009 -0.00150404 -0.00182375 -0.00229671 -0.00115715 0.000472899 -0.00355821 -0.0019327 -0.002408 -0.00279282 -0.00121661 -0.0037624 -0.00274493 -8.78821e-05 -0.00279723 -0.0026273 -0.00512449 -0.000602829 -0.00339051 -0.00479636 -0.00205102 -0.0018826 -0.000671253 -0.00214591 -0.00278332 -0.00174153 -0.00293211 -0.000823922 -0.00372718 -0.00112768 -0.00445066 -0.0017243 -0.00135095 -0.000771779 -0.00197724 -0.00388573 -0.00218057 -0.00013101 0.000319925 -0.00126097 -0.00193903 -0.000722292 -0.000354162 -0.0014733 -0.00160988 -0.000128826 -0.000247525 -0.00076419 -0.000329183 -0.00298861 -0.00629544 -0.00328097 -0.00206517 
-0.00276631 0.000161786 0.000533785 -0.00249756 -0.00446109 -0.00412838 -0.0021043 -0.000819848 -0.000480431 -0.000679334 -0.00251254 -0.00544213 -0.00785835 -0.0130671 -0.0075039 -0.00977002 -0.00314037 -0.00856098 -0.00805436 -0.00207413 0.249377 -0.00684597 -0.000259817 -0.0087807 0.000682593 -0.00336682 -0.00863674 -0.00158465 -0.0015959 -0.00151864 -0.00449508 -0.00233909 -0.00104805 -0.00321135 0.000293203 -0.00240903 -0.00380475 -0.00370207 -0.00245981 -0.00209463 -0.00431854 -0.00336015 -0.00117238 0.000510753 -0.000569658 -1.02591e-05 -0.000647642 -0.0012554 0.000472232 -0.00218281 -0.00305802 -0.00280799 -0.00231185 -0.000938435 -0.00287417 -0.00277273 -0.00131622 -0.0018397 -0.00266238 -0.000284462 -0.000831337 -0.0016372 -0.00169528 -0.00100932 -0.00274914 -0.000105888 -0.000385781 -0.00373051 -0.00159571 -7.92128e-05 -0.00325263 -0.000511414 -0.00117891 -0.00149794 -0.00120176 -0.00292477 -0.00164058 -0.00190821 -0.00198349 -0.00346146 -0.00129137 -0.00182949 0.00081883 -0.000556038 -0.00189872 -0.00335268 -0.00382269 -0.00111011 -0.00332004 0.000350113 -0.00295966 -0.00143625 -0.00125776 -0.00390313 -0.00310229 -0.00595553 -0.00252163 -0.000567987 -0.00255765 8.04099e-05 
-0.00323835 -0.00145876 -0.00209475 -0.00255032 -0.00258645 -0.00138578 -0.00541649 -0.00301762 -0.00309054 -0.00241874 -0.00467671 -0.00252928 -0.00358119 -0.00695463 -0.00428744 -0.00510687 0.00436642 -0.00325272 -0.00777057 0.00432276 -0.00684597 0.248669 -0.0064104 -0.00569677 -0.0133587 -0.00810228 -0.00912775 -0.00619051 -0.0026619 -0.00558225 -0.00768197 -0.00131869 -0.00262057 -0.00460491 -0.0025015 -4.21435e-05 -0.00176428 -0.00156058 -0.000671966 -0.00289486 -0.00212651 -0.00150697 -0.00248148 -0.00183898 -0.00279534 -0.00237772 -0.0025747 -0.00259209 -0.00251942 -0.00342923 -0.00122851 -0.000409087 -0.00107736 -0.00306806 -0.000588799 -0.00246257 0.000603762 -0.00115434 0.00137295 -0.00228505 -0.000838063 -0.00185261 -0.00298835 -0.00193296 -0.00228093 -0.00341241 8.57274e-05 -0.00104412 -0.00296601 -0.000570492 0.00026966 -0.00185373 -0.00119904 -0.00270292 -0.000613954 -0.00123966 -0.00316926 -0.00456743 -0.00187469 0.000213793 -0.00105044 -0.00270536 -0.00354266 -0.00218688 -0.000483496 -0.00276373 -0.00221153 -0.00252913 -0.000597091 -0.00259848 -0.00122636 0.00144119 -0.000902102 0.00137416 -0.00147209 -0.0024711 -0.00424329 -0.00214103 -0.00114979 -0.00176715 
-0.000182959 -0.000871524 -0.000910529 -0.00176668 -0.00160596 -0.00262453 -0.00210348 -0.00300557 -0.00399631 -0.0055961 -0.00147782 -0.00905402 -0.00476674 -0.0055649 -0.00532947 -0.0074269 0.000308707 -0.00702533 -0.00173632 -0.00527603 -0.000259817 -0.0064104 0.24986 0.00399839 -0.00861062 -0.00676455 -0.000975301 -0.00298121 -0.00745224 -0.00946926 -0.00342317 -0.00413515 -0.00620387 -0.00632652 -0.00441928 -0.00139942 -0.00127977 -0.00306839 -0.00330527 -0.00124875 -0.00242482 -0.00303588 -0.00249307 -0.000124697 0.000402553 -0.00287238 -0.00187685 -0.00177471 -0.00334874 -0.00126365 0.000167201 -0.00242665 -0.00254024 -0.000148128 -0.00293324 0.000365516 -0.00353837 -0.000593131 -0.00471569 -0.000304899 -0.00259942 -0.0017681 0.00046672 -0.000910877 -0.002636 -0.000852943 -0.00147843 -0.000910058 -0.00255942 -0.00314238 -0.00316347 -0.000149932 -0.00198959 -0.0030627 -0.00409628 -0.000969331 -0.00112109 -0.0024002 -0.00485702 -0.00182166 -0.00183137 0.000533097 -0.000950468 0.000195674 -0.000267587 -0.00123616 -0.00146831 -0.00339808 -0.00300739 -1.4271e-06 -0.000916311 -0.00270502 -0.0019299 -0.00265898 -0.00280463 -5.62097e-05 -0.000288599 -0.00219841 -0.00254778 -0.00307334 
-0.00191223 -0.00282 -0.00352787 -0.00169357 -0.00385219 -0.00453826 -0.00624966 -0.0018877 -0.00509115 -0.00195218 -0.000967782 -0.00313966 -0.00426804 -0.00738976 -0.00307328 0.00779865 -0.00192292 -0.00560885 -0.000766567 -0.0101135 -0.0087807 -0.00569677 0.00399839 0.246731 0.00173903 -0.00193277 0.0027105 -0.00209519 -0.00801424 -0.00212641 -0.005066 -0.00546649 -0.00257174 -0.00207582 -0.00249716 -0.00308566 -0.00158016 -0.00254743 -0.000850183 -0.0043156 0.000584995 -0.00394838 -0.00387726 -0.00217943 -0.00252443 -0.00419282 -0.00376815 -0.00233865 -0.00404473 -0.00315049 0.00146575 -0.00277428 -0.00304578 -0.00130158 -0.00124416 -0.00262612 -0.00132806 -0.00194451 -0.000342278 0.000198152 -0.00227878 -0.00247398 -0.00437782 -0.00350982 -0.00215639 -0.0041943 -0.000201002 -0.000631684 0.000947637 -0.00315368 -0.00321125 -0.0030489 -0.00197932 -0.0033575 -0.00109462 -0.00211469 -0.000468192 -0.00092352 9.16385e-05 -0.00199364 -0.00265562 -0.00311452 -0.00215643 -0.00214965 -0.0034887 -0.00319367 0.000148258 -0.00196404 -0.00462124 -0.00395281 -0.00282295 -0.00422369 -0.00180876 -0.00268266 -0.0030636 -0.00229359 -0.00199621 -0.0014794 0.000510077 -0.00397904 
-0.000326191 -0.00202926 -0.00191221 -0.00175501 -0.00200012 -0.00480919 -0.00579991 -0.0038658 0.000982916 -0.00100617 -0.00258526 -0.00259169 -0.00487118 0.0022102 -0.00610183 0.000258918 -0.00890924 -0.00778517 -0.0114323 -0.00783815 0.000682593 -0.0133587 -0.00861062 0.00173903 0.249325 -0.000211206 0.00485939 0.00226617 -0.000602971 -0.00288661 -0.00431082 -0.00592217 -0.00581199 -0.00559992 -0.00213882 0.00137275 -0.00343503 -0.00129757 -0.00344282 -0.0039688 0.000140777 -0.00173673 -0.00311126 -0.00316011 -0.00234959 -0.00201711 -0.00231555 -0.00311413 -0.00167483 -0.00331342 -0.00142733 -0.00266306 -0.00208186 -0.00321263 -0.00134927 -0.00314953 -0.00270118 -0.00372999 -0.00115149 -0.00390596 -0.00244305 -0.000425125 -0.00399703 -0.000301687 -0.00125776 -0.00317549 3.14396e-06 -0.00217513 -0.00152957 -0.00422688 0.0012334 -0.00108948 -0.00338889 0.00024178 -0.00246674 -0.00094381 -0.00328967 -0.000554918 -0.0033905 -0.00291178 -0.00313299 -0.00170386 -0.00149853 -0.00208196 -0.00240667 -0.00186757 -0.00188078 -0.00115025 0.000773496 -0.00425049 -0.0021132 -0.000635875 -0.00171139 -0.00404039 -0.00124406 -0.00214593 -0.00301417 -0.00344852 -0.00296225 -0.00185156 
-0.00209358 -0.00319675 0.000571066 -0.00241295 -0.00155358 -0.00149916 -0.00368053 -0.00185542 -0.00369173 -0.00508014 -0.00506686 0.00125618 -0.0035106 -0.00176236 -0.00582685 -0.00775028 -0.0118741 -0.00872418 -0.00493613 -0.00740557 -0.00336682 -0.00810228 -0.00676455 -0.00193277 -0.000211206 0.233353 -0.00554703 -0.00239121 -0.0054657 -0.000149103 0.00214028 -0.00195835 -4.83112e-05 0.000705457 -0.00251124 -0.00094721 -0.00260011 -0.00308301 -0.00199632 -0.00207037 -0.00228518 -0.00181809 -0.00231271 -0.00261569 -0.000981818 -0.000698721 -0.000539319 -0.00242813 -0.0013309 -0.000174824 -0.00268602 -0.00201092 0.000619816 0.000794963 -0.00276517 -0.00137916 -0.000528964 0.000526465 -0.0009436 -0.00420319 -0.00294409 0.000935215 -0.000274855 -0.00209725 -0.00288828 -0.00321721 -0.00226971 -0.00209199 -0.00114483 -0.00214585 -0.00128417 -0.00254205 -0.00311048 -9.08359e-05 -0.0014132 -0.00195386 -0.00301674 -0.000963251 -0.00102626 -0.00304392 -0.00272083 -0.00279072 -0.00324071 -0.00290105 -0.00220838 -0.00388504 -0.0036711 -0.00416632 0.000331765 -0.000900633 -0.00349273 -0.000895791 -0.00352637 -0.00322725 -4.72998e-05 -0.000484882 -0.000757048 -0.00187783 -0.00201409 -0.00013816 
-0.00031589 -0.00135955 -0.00174729 -0.00102321 -0.00185437 -0.00163517 -0.00259071 -0.00160925 -0.00408299 3.96747e-05 -0.00532469 -0.00672167 -0.00644419 -0.00476401 -0.00428962 -0.00214274 -0.00799856 0.000400685 -0.00592208 -0.000283119 -0.00863674 -0.00912775 -0.000975301 0.0027105 0.00485939 -0.00554703 0.220864 -0.00260612 -0.000487165 -0.00354548 -0.000739316 -0.00245418 -0.00199515 -0.00297966 -0.00168668 -0.00226837 -0.00192092 -0.00100836 -0.0028141 -0.0032493 -0.00197703 -0.00273741 -0.000502822 -0.00273631 -0.000273026 -0.00083571 -0.00147811 -0.00140488 -0.00262862 -0.00346974 -0.00108429 -0.00184757 -0.00250594 -0.00234448 -0.000834074 -0.00293864 -0.00248327 -0.00312367 -0.00355776 -0.00543371 -0.00416314 -0.00137218 -0.00191491 -0.000428447 -0.00141603 -0.000915327 0.000136359 -0.00129864 -0.00301987 -0.00289554 -0.00165298 -0.00320436 -0.00162824 -0.00116034 -0.000612579 -0.000510068 -0.00165157 0.000219613 -0.00210927 -0.00135751 -0.000702284 -0.00224628 -0.00189462 -0.00239243 -0.00277431 -0.00229655 -0.00210175 -0.00114832 -0.00192353 -0.00187905 -0.000701862 -0.00329727 -0.00264334 -0.00147597 0.000142002 -0.00175667 -0.00322834 -0.00486299 -0.0036266 -0.000761587 
4.0961e-05 -0.000241636 -0.00337417 -0.00145064 -0.00143052 -0.00252999 -0.00327297 -0.00228234 -0.00293649 -0.00189737 -0.00120768 9.20919e-05 -0.00360142 -0.00743544 -0.00386874 -0.00441054 -0.00841737 -0.0011882 -0.00688962 -0.00516569 -0.00158465 -0.00619051 -0.00298121 -0.00209519 0.00226617 -0.00239121 -0.00260612 0.204725 -0.00356561 -0.00335241 -0.00387823 -0.00146887 6.47394e-05 -0.000693954 -0.00330381 -0.00286747 -0.00217712 -0.00141459 -0.00240959 -0.00101552 -0.00287874 -0.00196421 -0.00375626 -0.0030404 -0.00194003 -0.00212151 -0.000187799 -4.18008e-05 -0.00172314 -0.000514126 -0.000708877 -0.00186328 -0.00349558 -0.00125025 -0.00155698 -0.00242775 -0.00196338 -0.000263543 -0.00187284 -0.00247808 -0.00258014 -0.00148594 -0.00186065 -0.00020422 -0.0023726 -0.000983753 -0.00266547 -0.00182292 0.000576923 -0.00258861 -0.00299367 -0.00262665 -0.00233869 -0.00071651 -0.00167529 0.000463634 -0.00149799 -0.00258632 -0.000847102 -0.00118932 -0.000409915 -0.000981902 -0.00171693 -0.0013689 -6.05007e-05 -0.00178512 -0.00174863 -0.00260563 -0.00212391 -0.00159136 -0.00122908 -0.0022124 -0.00350794 -0.00215178 -0.000692864 -0.00330257 -0.000822267 -0.000696007 -0.000837507 -0.00370332 
-0.00259111 -0.00308896 -0.00120471 -0.00201901 -0.00117202 -0.003077 -0.00154964 -0.00327232 -0.000194602 -0.00162122 -0.00304875 -0.00619405 -0.0020022 -0.0032106 -0.00451687 0.00071959 -0.00952365 0.00196223 -0.00759493 -0.000878087 -0.0015959 -0.0026619 -0.00745224 -0.00801424 -0.000602971 -0.0054657 -0.000487165 -0.00356561 0.186642 -1.65813e-05 -0.000989466 -0.00404529 -0.000619496 -0.00296465 -0.00271014 -0.00165339 -0.00202664 -0.00281775 2.33161e-05 0.000685337 -0.00142167 -0.000877966 -0.000361141 -0.00474858 -0.0017218 -0.00072074 9.71439e-05 -0.00256902 -0.00130865 -0.000604404 -0.00203396 -0.00269412 -0.00088699 -0.000705047 -0.00296382 -0.000359252 -0.00174554 -0.000638734 -0.00334987 -0.00284171 -0.00163596 -0.00216603 5.52069e-06 -0.00113106 -0.00218249 -0.000387447 -0.000978164 -0.000997728 9.3444e-05 -0.00281323 -0.00311206 -0.00212799 -0.00172714 0.000119119 -0.00137484 -0.000586944 0.00070832 -0.000359045 -0.0019276 -0.00134904 -0.00244188 -0.00124249 -0.000481148 -0.00196342 -0.00221579 -0.00093331 -0.0018766 -0.00177386 -0.00106133 -0.00154982 -0.0020405 -0.000836207 -0.00290389 0.000341926 -0.000944165 -0.00170369 -0.00302024 -0.00160118 0.000282105 -0.00123228 
-0.00114734 -0.00124317 -0.00101809 -0.0020672 -0.00026298 -0.00263057 -0.00345967 -0.00278011 -0.00300004 -0.00365133 -0.00393656 -0.00341629 -0.0021692 -0.00347284 -0.00411103 -0.0050094 -0.00569284 -0.00402044 -0.00343722 -0.00314402 -0.00151864 -0.00558225 -0.00946926 -0.00212641 -0.00288661 -0.000149103 -0.00354548 -0.00335241 -1.65813e-05 0.164447 -0.00209511 -0.00128458 0.00190134 0.00153974 0.000339422 -0.000863464 0.000239255 -0.000646473 -0.00185957 -0.00104094 -0.00193389 -0.00136171 -0.000970838 -0.00113855 -0.00116084 -0.000582833 -0.000914529 -0.00151489 -0.00142188 -0.00119546 -0.00264848 -0.000800114 -0.00235556 -0.00161251 -0.00164256 -0.00102859 0.000143743 -0.000295142 -0.00220756 -0.00115363 -0.00101189 -0.0008964 -0.000649796 -0.000583938 -0.00102517 -0.00221203 -0.00154961 -0.00132102 -0.00231107 -0.00208089 -0.00115083 -0.00146691 -0.00184777 0.000342453 -0.00182497 -0.00194059 -0.00164228 -0.000507657 -0.000852328 -0.000531265 -0.00157117 -0.0020265 -0.000376865 -0.0024024 -0.00152208 -0.0019815 -0.000427527 -0.00142776 -0.000413631 -0.00256571 -0.00119218 -0.000615092 -0.000817982 -0.00177854 -0.00107679 -0.00063361 -0.000249768 0.00031439 -0.000748503 1.35045e-05 
-0.0019685 -0.00107922 -0.00142387 -0.00187786 -0.00271275 -0.00178343 -0.00163296 -0.00162009 -0.00175449 -0.00382822 -0.00434062 -0.00136318 -0.00235381 -0.00515781 -0.00340838 -0.000632742 -0.00543327 -0.00361442 -0.000805895 -0.00285014 -0.00449508 -0.00768197 -0.00342317 -0.005066 -0.00431082 0.00214028 -0.000739316 -0.00387823 -0.000989466 -0.00209511 0.141992 0.00125931 0.000277739 -0.00107489 0.000504494 -0.000266751 -0.00140545 -0.000648619 -0.00115282 -0.000850164 -0.000572017 -0.000957269 -0.000891865 -0.000693905 0.000245993 -0.000514113 -0.0014076 -0.00209497 -0.000270491 -0.000776276 -0.00300803 0.000614755 0.000501742 -0.00208487 -0.00175033 -0.00314581 -0.00132274 -0.00118163 -0.00071534 -0.00133813 -0.000451651 -0.000366199 0.000139297 -0.00105437 -0.000960357 -0.00176863 -0.00189158 -0.0014541 -0.00184773 -0.00166079 -0.00301082 -0.00133698 -0.000612165 -0.000450075 7.74808e-05 -0.000954148 -0.00050009 -0.000604765 -0.0013106 -0.00124746 -9.17393e-05 -0.000138388 -0.000670619 -0.0012281 -0.00167046 -0.00108092 -0.000829424 -0.000432069 -0.00203426 -0.00140881 -0.000903255 -0.00069708 -0.00164314 -0.00143889 0.000589383 -0.00110504 0.000139208 -0.0010348 -0.000990965 0.000843419 
-0.0009502 -0.00366375 -0.002163 -0.00122896 -0.0026489 -5.92148e-06 -0.00218068 -0.0011245 -0.00294348 -0.00140308 -0.00266381 -0.00467086 -0.00270374 -0.00434108 -0.00277818 -0.00299142 -0.00115172 -0.00131439 -0.000647562 0.000268959 -0.00233909 -0.00131869 -0.00413515 -0.00546649 -0.00592217 -0.00195835 -0.00245418 -0.00146887 -0.00404529 -0.00128458 0.00125931 0.142313 -0.000486401 -0.0025056 -0.000783161 -0.0022891 -0.000726052 -0.000125157 -0.000919668 -0.000426064 -0.00304428 -0.000485309 -0.00117812 -0.000729513 -0.000660815 -0.00100045 -0.000341504 -0.00148467 -0.000697663 -0.00158567 -0.000914988 -0.00027075 -0.00115074 -0.000819858 -0.00142509 -0.00144564 -0.00151011 -0.00206794 -0.00188455 -9.10089e-05 -0.0014129 -0.000414436 -0.00164302 0.000341619 -0.00119186 -0.00139207 -0.00138594 -0.0022313 -0.00150159 -0.00101258 0.000343906 -0.00100325 -0.00256769 -0.00056656 -0.00109243 0.000952104 -0.00147643 -0.0011001 -0.000164957 -0.000497281 -3.00712e-05 -0.00216238 7.85605e-05 -0.00228573 0.000601766 -0.00198473 -0.000703802 -0.000414614 -0.0017443 -0.00105687 -0.000807389 -0.000841284 -0.00197392 0.000293518 -0.00181329 -0.000854074 -0.000606054 -0.00123278 -0.00158157 -0.00268724 
