0.0843074 -0.000138743 -0.000326335 -0.000158718 0.000112201 -9.00082e-05 0.000112327 -0.000443071 0.000124082 -0.00108476 -0.00221081 -0.00331055 -0.00119621 -0.00228225 -0.00273968 -0.000415595 -0.00399746 -0.0017196 -0.00176652 7.5395e-06 -0.0035272 -0.00578555 -0.00257037 0.000348989 -0.0027886 -0.000130613 -0.00309358 -0.00126331 0.00042157 -0.000959073 -0.000916294 0.000112727 -0.00128036 -2.7143e-05 -0.00118345 0.000474572 -0.0015104 -0.00109922 -0.000573681 -0.000673274 -0.000975939 -0.00119235 -0.000542869 0.000165417 -0.00138462 -0.000751977 -0.000735523 -0.000593805 -0.00035734 -0.000886148 -0.00156302 -0.000782065 8.20852e-05 -0.00115407 -0.00113338 -0.000727962 -0.000658885 -0.000621029 0.000182389 -0.000259659 -0.00133207 -0.000238609 -0.000670375 -0.00092646 -0.00057212 -0.00157064 -0.000181126 -0.00130886 -0.000508701 -0.000889388 -7.42973e-05 -0.000586472 -8.54515e-06 -2.31947e-05 -0.00105261 -0.000519397 -0.000358165 -0.000714258 -0.000306569 -0.000404424 -0.000783665 -0.000439425 -0.000503647 0.000224178 -0.000297687 -0.000863178 -0.00121842 -0.000805697 -0.000360772 1.03691e-05 -0.00111936 -0.000360194 -0.000816156 -0.000285666 -0.00146871 -0.000891791 -0.000226184 0.0002479 -0.000338336 -0.000325541 
-0.000138743 0.0886474 -6.92704e-05 0.000675976 -0.00110375 -0.000488057 -0.000476997 -0.00125487 -0.000453644 0.000349286 -0.000183748 -0.00325744 -0.00178543 -0.00364821 -0.0029189 -0.000854145 -0.00105937 -0.00308396 0.00124216 -0.000782853 -0.00200429 -0.00385922 -0.0016956 -0.000429093 -0.00263459 -0.00454786 -0.000854954 -0.00382726 -0.0021713 -0.00186684 -0.00163503 -0.000811742 -0.00233236 -0.00110381 -0.00132186 -0.000281667 -0.00110563 -0.000708562 -0.000227254 -0.000552081 -0.00082413 0.000312518 -0.00070732 -0.000871434 -0.000463458 -0.000858952 -0.000284336 -0.00140393 -0.00174576 -0.000677469 -0.000992549 -0.00056271 -0.000732423 -0.000330893 -0.000402374 -0.000711823 -0.000754397 -0.000487069 -0.00101972 0.000355999 4.05446e-05 -0.00103699 -0.00026791 -0.000464491 -0.000250511 -8.11879e-05 -0.00118609 -0.000871027 -0.000959236 -0.00166435 -0.0014106 -0.00026361 -0.000729432 -0.0010839 -0.000667003 -0.000295354 -0.000553731 -0.00118069 -0.000514233 -0.000250551 -0.000257942 -0.000801782 -0.00123414 -0.000910327 -0.000545772 -0.000760071 0.000268852 -0.000662286 -0.000455393 -0.000183631 -0.000473635 -0.000576638 -0.000816176 -0.000528866 -0.000802323 -0.000892306 0.000224591 -0.000421276 0.00129728 1.64469e-08 
-0.000326335 -6.92704e-05 0.0734602 -0.000643887 1.17999e-05 0.000122744 -0.000825717 -0.000113817 -0.0010152 -0.000726296 -0.000609591 0.000241684 -0.00207203 -0.00292063 -0.00039691 -0.000161921 -0.00144914 -0.00238043 -0.00204376 -0.00199614 0.000738444 -0.00245682 -0.00351547 -0.00248808 -0.00238217 -0.00174961 -0.0033525 -0.0027362 -0.000721879 -0.00402458 -0.000933276 -0.000530734 -0.000563617 7.60399e-05 -0.000613218 -0.000725364 -0.000639559 -0.000625822 -0.000563065 -0.000395675 -0.000895228 -0.000524067 0.00024577 -0.000618991 -0.000307703 -0.000576757 -0.00112442 -0.000461808 -0.00070162 -0.000438426 -0.000253307 -0.000813792 -0.000331302 -0.000165755 -7.87534e-05 -0.000918776 0.000349173 -0.00068306 -0.00054619 0.000160887 -0.000253604 -0.000591168 -0.000193991 -6.58985e-05 0.000109086 -0.000338122 -0.00109558 0.000525739 -0.000206065 -0.000616666 -0.00052285 2.85051e-05 -0.00019589 -0.00036643 -0.00204899 0.0003818 -0.000296231 -0.00082768 -0.00122268 -0.000839414 -0.00123007 -0.000730627 -0.000916153 -0.000885493 -0.000671574 -0.000699794 -0.000265569 -0.000739161 -0.000165886 9.78419e-05 -0.000661773 -0.000805663 -0.000991926 -0.000582858 -0.000951252 -0.000419281 -0.000623431 -0.000294121 0.00068945 0.000285424 
-0.000158718 0.000675976 -0.000643887 0.107971 2.81602e-05 -0.00155271 0.000417767 -0.000942183 -0.000640854 -0.000332523 -0.00165035 -0.00204205 -0.00521205 -0.000337551 -0.00232272 -0.00223028 -0.000330883 -0.000580686 -9.64821e-05 -0.00236553 -0.0054058 -0.00226171 -0.00231413 -0.00439721 -0.00291011 -0.00544719 0.000273652 -0.00507045 -0.00245604 -0.00210234 -0.00143797 0.000758769 -0.0032202 0.000431142 -0.00202572 -0.00145284 -0.00101324 -0.000642433 0.000561955 -0.000429453 -0.00116294 -0.00150825 -0.000922976 -0.000923733 -0.00176344 -0.000497402 -0.00127094 -0.000939801 0.00104723 -0.00110843 -0.000889286 -0.000543806 7.31615e-05 -0.000570804 -0.000257894 -0.00135776 -7.64512e-05 -4.19929e-06 -0.00115005 -0.000459883 -0.00123068 -0.0010918 -0.000888399 -0.000858178 -0.000874293 8.27968e-05 -0.002102 -0.000198097 -0.00290944 -0.000443881 -0.00105426 -0.000847399 -0.00126052 -0.000765919 -0.000678857 -0.000420016 -0.000798815 0.000306476 -0.000766289 -0.000592684 -0.000985807 -0.000591143 -0.000173389 -0.00111571 -0.000974483 -1.14383e-05 -0.000530411 -0.00145497 -0.00080923 -0.00133132 -0.00128149 -0.00146546 -0.0019175 -0.00116283 -6.9019e-05 -0.000717742 -0.000681029 0.000285089 -0.000732463 0.000308038 
0.000112201 -0.00110375 1.17999e-05 2.81602e-05 0.0842342 -0.000187618 -0.000438623 -0.000914629 0.00036447 0.000229363 -0.00014562 8.73946e-05 -0.00171745 -0.00528775 0.000878795 -0.00127752 -0.0018112 -0.00207308 -0.00383158 -0.00245227 -0.00186928 -0.00295399 -0.000818103 -0.00317669 -0.0072205 -0.000485895 -0.00253454 -0.00345256 -0.00247309 -0.00054611 -0.00158367 0.000926691 -0.00141557 -0.000594423 -0.000676259 -0.000625254 -0.00118566 -7.12511e-05 -0.000106018 -0.00019626 -0.00123327 -0.000448791 -0.0012465 -0.00015788 -0.00041223 8.79628e-05 0.000363055 -0.000608792 -0.000987353 0.000113689 -0.00147784 -0.00105874 -0.000477166 -0.000445123 -0.000304918 -0.000578552 -3.2631e-06 -0.000205985 -0.000129241 -0.000411182 -0.000229363 -0.000264794 -0.000570442 -0.000857826 -0.00105944 -0.000719976 0.000362941 -0.000684421 -0.000283242 -0.0015005 -0.00071944 -0.000220856 1.59757e-05 -0.00116093 -0.00131132 -0.000893508 -0.000241371 -0.000867496 -0.000221571 -0.000859573 -0.000617865 -0.000735904 -0.000516151 -0.00108518 -0.000608787 -0.000151542 -0.000865955 -0.000230012 -0.000518363 -0.000337566 -0.000278367 0.000277549 -0.000830928 -0.000714428 -0.000305313 -0.000846481 -0.00059816 -0.00168714 -0.000242445 -0.000844572 
-9.00082e-05 -0.000488057 0.000122744 -0.00155271 -0.000187618 0.0838761 -0.000617368 -0.00056185 0.000543314 0.0008268 -0.000279761 -0.00125831 -0.00244747 -0.000789077 -0.00226668 -0.00259918 -0.00488663 -0.000907127 -0.00135826 -0.00343532 -0.00465573 -0.00375271 -0.00267098 -0.000467597 -0.00309365 0.000173076 0.000138688 -0.00278861 7.49449e-05 -0.00271643 -0.00262478 -0.00072365 -0.000339557 -0.00104574 -0.00171634 -0.00123044 8.72119e-05 -0.000654267 -0.000294992 0.000125269 -0.0010022 4.35788e-05 -0.00116552 -0.000679579 -0.000290828 -0.00104557 -0.000366299 -0.000703215 -0.000732192 -0.000627339 -0.00145806 -0.000461694 -0.000537812 -0.00164353 -0.000354522 -0.00067522 -0.000328608 -0.00104169 0.000169132 -0.000557603 5.70559e-05 -0.00055854 -0.000886534 -0.000235164 -0.00128041 -0.00143972 -0.000436974 -0.000779689 -0.000141507 0.000490042 -0.00021928 0.00051348 -0.000748862 -0.000921148 -0.00101583 -0.000438178 -0.000386121 -0.000623093 -0.00127627 -0.00124284 -0.0002817 -0.00031514 -0.00103286 -0.00159956 -0.000654832 0.000293265 -9.25142e-05 -0.000743276 -0.000456546 -0.000891041 -0.000498678 9.00135e-05 -0.000147631 -4.02454e-05 2.29262e-05 -0.00106968 -0.000528271 -0.000148074 0.000329069 -0.000674143 
0.000112327 -0.000476997 -0.000825717 0.000417767 -0.000438623 -0.000617368 0.0825812 -0.000673296 3.33787e-05 -0.0025316 -0.00184388 -0.00254066 -0.00250913 -0.00282399 -0.00250605 -0.000859165 -0.00207515 -0.0029821 -0.000156721 -0.00352669 -0.000457569 -0.00461557 -0.00104687 -0.00255753 -0.00135376 -0.00190505 -5.45182e-05 -0.000543867 0.00097481 -0.00200114 -0.000599026 -0.00112866 -0.00176864 -0.000275648 -0.000836779 -0.000881036 -0.000625941 -0.000452751 -0.000366741 -0.000374324 -0.000346385 -0.00102366 -0.000670918 -0.00132372 -0.000267935 -0.000884945 -0.000903501 -0.000756984 -0.00108886 -0.000272871 -0.000573231 -0.00121953 -0.000348361 -0.000844079 -0.000575709 -0.00112833 -0.000509236 -0.000323748 -0.000262481 -0.000525176 -0.000589567 -0.000930762 -0.000330076 -0.000191596 -0.000668676 -0.000553681 -0.0009167 -0.000584071 -0.000907842 -0.000901724 -0.00104782 -0.00101888 -0.000177439 0.000478887 -0.000910496 -0.00030858 -0.00093844 -0.000354674 -0.000673478 -0.000547374 -0.000636818 -0.000177989 0.000157683 0.000106486 0.000307642 -0.00131289 -0.000477599 -0.00130311 0.00051269 -0.00104235 -0.000607296 -0.000707257 -0.000590726 -0.00090419 -0.000442047 -0.000531129 -0.000475651 -0.000916765 0.000158502 -8.14438e-05 
-0.000443071 -0.00125487 -0.000113817 -0.000942183 -0.000914629 -0.00056185 -0.000673296 0.10073 0.00020955 0.000310453 0.00126153 0.0015642 -0.0037645 -0.00399956 -0.00326487 -0.00464417 -0.0022629 -0.00648096 -0.00323525 -0.00273793 -0.00698643 -0.00322597 -0.00441436 -0.000576917 -0.00104596 -0.00165553 0.000226342 -0.00291583 -7.04722e-05 -0.00276491 -0.00229497 -0.00240979 -0.00159588 -0.00114818 -0.000652968 7.80701e-06 0.000146217 -0.0013957 -0.000844431 -0.00101732 -0.0017428 -0.000879787 -0.000936285 -0.000773675 -0.00104108 -0.000796089 -0.000755689 -0.000703757 0.000193236 -0.00058891 0.000280129 0.000339267 -0.000524857 0.00117163 -0.000775793 -0.000753907 -0.000704304 -0.000337624 -0.000553756 -0.000427534 -0.00129096 -0.000220027 -6.07338e-05 -0.00174914 -0.000691876 -0.000897043 -0.000549549 0.000189686 -0.000551577 -0.000144437 -0.00139716 -0.00140594 -8.98256e-06 -0.000952763 -0.00134883 -0.00017333 -0.000920903 -0.000939996 -2.29555e-05 0.000113497 -0.000363806 -0.000289224 -0.000703648 -0.000858376 -0.000369482 -0.000326386 -0.0011186 0.000232852 -0.00114904 -0.000440795 0.000667888 -0.000747789 -0.00045929 -0.000835919 -0.00115984 -0.000105784 -0.00102909 9.89209e-05 -0.000965477 -0.000888849 
0.000124082 -0.000453644 -0.0010152 -0.000640854 0.00036447 0.000543314 3.33787e-05 0.00020955 0.125814 -0.00160283 -0.00171578 -0.000768985 -0.0030521 -0.000735723 -0.00272504 -0.000647962 -0.00397163 -0.00278776 -0.00392888 -0.00422148 -0.00515846 -0.00496966 -0.00207198 -0.0030069 -0.00433356 -0.00216598 0.000527315 -0.00565263 -0.00221153 -0.00561622 -0.000675091 -0.00209383 -0.00257635 -0.00138946 -0.00183936 -0.000733569 -0.00213647 -0.000439241 -0.00104346 -0.000402211 -0.000548487 -0.000679802 -0.000517822 -0.00131005 -0.00202895 -0.00153023 -0.000462162 -0.00101317 -0.000719379 0.00104635 -0.00246513 -0.000895566 -0.00119716 -0.00180052 -0.000857209 -0.00125444 0.000202871 -0.00203094 -0.000482616 3.63204e-06 -0.000144818 -0.00118448 0.000136764 -0.000104794 -0.000958998 0.000458075 -0.00109711 -0.00138022 -0.00218762 -0.000469391 -0.00117829 -0.000212975 -0.00163934 -0.000285817 -0.00164751 -0.000843296 -0.00124464 -0.0005531 -0.00173164 -0.000677666 -0.00060422 -0.000744595 -0.000323366 -0.00223841 -0.00117413 -0.00113867 -0.000503337 -0.000894604 -0.00120026 -0.00136729 1.83136e-05 -0.000453317 8.06011e-05 -0.00165958 -0.00171903 -0.000342704 -0.000384251 -5.16205e-06 -0.00122284 0.000532225 
-0.00108476 0.000349286 -0.000726296 -0.000332523 0.000229363 0.0008268 -0.0025316 0.000310453 -0.00160283 0.132035 -0.00120924 -0.000940416 -0.00160225 -0.000274117 -0.00539465 -0.00495255 -0.000186705 -0.00434837 -0.000604789 -0.00316296 -0.00408741 -0.00268784 -0.00502093 -0.00114464 -0.00547282 -0.00571114 -0.00380228 -0.00577376 -0.00271506 -0.00180648 -0.00355083 -7.51488e-05 -0.00110783 -0.00172518 -0.00105087 -0.00216385 0.000114968 -0.000443663 0.00017138 0.000445303 -0.000491428 1.12952e-05 -0.0021537 -0.000434049 -0.00223761 -0.00201878 -0.00155299 2.1835e-06 -0.00121993 -0.00168671 -0.000580853 -0.000450057 -0.00038286 -4.60031e-05 -0.00184516 -0.00101408 5.85737e-05 -0.00133455 0.000176314 -0.00140898 5.28131e-05 -0.00159431 -0.00149285 -0.00149722 -0.00193328 -0.00169079 -0.000487665 -0.00103034 -0.000639334 -0.00127888 -0.00122509 0.00030625 -0.00169617 -0.00128572 -0.00018528 -0.000958376 -0.000461431 -0.00193157 -0.00182203 0.000101746 -0.000685146 -0.000666274 -0.00122497 0.000497439 -0.00169127 -0.00100277 -0.00112007 -0.00106349 -0.00103777 -0.00114508 -0.00133851 -0.000761116 -0.000398961 -0.000831573 -0.00071742 -0.000550517 -0.000363533 -0.00137956 -0.00133334 -0.00101594 
-0.00221081 -0.000183748 -0.000609591 -0.00165035 -0.00014562 -0.000279761 -0.00184388 0.00126153 -0.00171578 -0.00120924 0.128274 -0.00216305 -0.00574127 -0.00299796 0.000229787 -0.00147831 -0.00677354 -0.00195858 -0.00549427 -0.00430367 -0.00372044 0.00184356 -0.00805555 -0.000807756 -0.00637137 -0.000649186 -0.00459496 -0.003665 -0.00350743 -0.00414162 -3.11251e-05 -0.00169606 -0.00167008 -0.00287968 -0.001708 -0.0008475 -0.000491737 -0.000737478 -0.000748 -0.000788572 -0.000890598 -0.000845616 -0.000676316 -0.00105193 -0.000568905 9.15281e-05 -0.00170276 -0.000885097 -0.00148547 0.000229821 -0.000835475 -0.00126794 -0.000326988 -0.0003704 -0.000168276 -8.98688e-05 -0.00141041 -0.00119335 0.000562649 -0.000118125 -0.000812859 -0.000737269 -0.000635855 -5.84855e-05 -0.000980508 5.14868e-05 -0.00101872 0.000861844 -0.000640428 -0.0007291 -0.000851438 -0.000240685 -0.0007968 -0.00101705 -0.00256614 -0.00042008 0.000664586 -0.00149393 -0.00225801 -0.000948551 -0.000976814 0.000773787 -0.00031932 -0.00149075 -0.00132844 -0.000164075 -7.8457e-05 0.000479966 -0.000827961 -0.00151887 -0.00114899 -0.0010011 -0.00122793 -0.0019914 -0.000959541 -0.000756512 -0.00147214 -0.000354545 0.000125694 -0.00186906 
-0.00331055 -0.00325744 0.000241684 -0.00204205 8.73946e-05 -0.00125831 -0.00254066 0.0015642 -0.000768985 -0.000940416 -0.00216305 0.191 0.00166489 -0.0043288 -0.00488701 -0.00143705 0.00145046 -0.00225944 -0.00509213 -0.00165871 -0.00144417 -0.00241109 -0.00437137 -0.00848916 -0.00765576 -0.00532849 -0.00474832 -0.00823335 0.0007898 -0.00531637 -0.0024016 -0.00244417 -0.00195381 -0.000278801 -0.00291159 -0.00105533 -0.00206386 -0.00152658 -0.00258352 -0.00198994 -0.00183751 -0.000469053 -0.00146747 -0.00159122 -0.00243937 -0.00146954 -0.000730949 -0.0023005 -0.000478384 -0.00170297 0.000310222 -0.00213345 -0.0014981 -0.00212879 -0.000986837 -0.00404847 -0.00227652 -0.00143888 -0.00174257 -0.00291 -0.00262532 -0.00260783 -0.000366998 -0.0021364 0.000425906 -0.000255692 -0.00380471 0.000607203 -0.0012099 -0.00203274 -0.0034707 -0.00306959 -0.00234222 -0.00198592 -0.00222288 -0.000247168 -0.000671521 -0.00190988 -0.00188553 -0.00332299 -0.00183601 -0.000537691 -0.00205319 -0.0027268 -0.00153951 -0.000441062 -0.00174068 -3.87924e-05 -0.00136518 -0.0017734 -0.000712931 -0.00184475 -0.00373598 -0.0015363 0.000820218 -0.00137054 0.000329345 -0.00127154 -0.000812298 -0.000983805 
-0.00119621 -0.00178543 -0.00207203 -0.00521205 -0.00171745 -0.00244747 -0.00250913 -0.0037645 -0.0030521 -0.00160225 -0.00574127 0.00166489 0.205489 -0.00213497 -0.00073417 -0.00645847 0.00110378 0.000811955 -0.000327243 -0.00182712 -0.00274782 0.00142341 -0.0071508 -0.00705066 -0.00226217 -0.00578642 -0.00888807 -0.00155405 -0.00392351 -0.000903801 -0.00381089 -0.000141292 -0.00295416 -0.00346945 -0.00150889 -0.00204614 -0.000664569 -0.00121459 -0.00428629 -0.000883467 -0.00189711 -0.00253729 -0.00258124 -0.000526122 -0.00169157 -0.00110966 -0.00343648 -0.00179015 -0.00350244 -0.00230983 -0.00146804 -0.00230983 -0.00222384 -0.00278811 -0.0021294 -0.00219418 -0.00102677 -0.00147725 -0.00445899 -0.00223616 -0.00176006 -0.00175963 -0.002226 -0.00163437 -0.00263891 -0.00227863 -0.00208765 -0.00181755 -0.00236992 -0.000785166 -0.00341783 -0.00221997 -0.00136495 -0.00144408 -0.00344471 -0.00140229 -0.00127538 -0.00247981 -0.00115952 -0.00191063 -0.00229163 -0.00191742 -0.00358027 -0.00178382 -0.00224552 -0.00198949 -0.00258546 -0.00153361 -0.000353133 6.03417e-05 -0.00145399 0.000317819 0.00195015 -0.000829313 -0.00207133 0.0011041 -0.00158393 -0.000455224 -0.000883286 -0.00136735 
-0.00228225 -0.00364821 -0.00292063 -0.000337551 -0.00528775 -0.000789077 -0.00282399 -0.00399956 -0.000735723 -0.000274117 -0.00299796 -0.0043288 -0.00213497 0.234324 -0.00354831 -0.00697169 0.000484003 -0.00602623 0.00358105 -0.00107311 -0.00764494 0.00522405 0.00265002 -0.00164824 0.0033899 -0.00270253 -0.00815232 -0.00345901 -0.00187054 -0.00877093 -0.00720987 -0.00438347 -0.0026283 -0.00198973 -0.0033283 -0.00364878 -0.00179132 -0.00377713 -0.00241264 -0.00382553 -0.00197082 -0.00325666 -0.00391529 0.00015506 -0.00192299 -0.00194492 -0.00119757 -0.00194379 0.000955768 -0.00342037 -0.0038769 -0.00171472 -1.45112e-05 -0.00143276 -0.00114113 -9.50864e-05 -0.00197608 -0.000123694 -0.00332852 -0.00109786 -0.00231597 -0.00240214 -0.00298994 -0.00237685 -0.00165038 -0.000987414 -0.00165769 -0.000144714 -0.00335194 -0.0036092 -0.00437601 -0.00221848 -0.00137715 -0.00172473 -0.00143107 -0.00379784 -0.00269887 -0.00373238 -0.00271198 -0.00234987 -0.00354051 -0.00160419 -0.0033627 -0.00369167 -0.0017614 -0.00104854 -0.00301245 -0.00010349 -0.00361683 -0.00012273 -0.000938513 -0.00173727 -0.00139143 -0.00364146 -0.0011877 -0.00328385 -0.00342665 -0.00222728 -0.00394648 -0.00541708 
-0.00273968 -0.0029189 -0.00039691 -0.00232272 0.000878795 -0.00226668 -0.00250605 -0.00326487 -0.00272504 -0.00539465 0.000229787 -0.00488701 -0.00073417 -0.00354831 0.22731 0.0066475 -0.00157447 -0.00660819 -0.00436214 -0.00532352 -0.00652513 -0.00865382 -0.0100317 -0.0115044 -0.00394083 -0.00120371 -0.00652437 -0.00197221 -0.00590414 -0.00368227 -0.00268509 -0.0038969 -0.00112813 -0.00275506 -0.000734698 -0.00259685 -0.0018361 -0.00239215 -0.00191333 -0.00250383 -0.00175953 -0.00337706 -0.000995533 -0.00202883 -0.00224279 -0.000816149 -0.0024793 -0.000381856 -0.00365663 -0.0021035 -0.00285414 -0.000655975 -0.00127011 -0.00199711 -0.00242146 -0.00400539 -0.00244505 -0.00128275 -0.0024224 -0.000985752 -0.000813117 0.00116072 -0.00196378 0.00038333 -0.000658875 -0.00268401 -0.00267535 -0.00238127 -0.0032793 -0.00209296 -0.00117693 -0.00276323 -0.000758066 -0.00163117 -3.95953e-05 -0.00237114 5.10903e-05 -0.00169827 3.72161e-05 -0.00141875 0.000640437 0.000437735 -0.00244742 -0.00281513 -0.00128182 0.000990445 -0.00333152 -0.00214264 -0.0046036 -0.00168256 -0.00169606 -0.00204736 -0.0032719 -0.00232428 -0.00293492 -0.000258882 -0.0012989 -0.00124296 -0.00248258 -0.000359854 
-0.000415595 -0.000854145 -0.000161921 -0.00223028 -0.00127752 -0.00259918 -0.000859165 -0.00464417 -0.000647962 -0.00495255 -0.00147831 -0.00143705 -0.00645847 -0.00697169 0.0066475 0.227345 -0.00812641 -0.00618664 -0.0077937 -0.00461274 -0.00464405 -0.00879897 -0.00803758 -0.00776249 -0.00946148 -0.00437193 -0.00589651 -0.0100838 -0.00427541 -0.00208833 -0.00255478 -0.00111281 0.000254408 -0.00132736 -0.0020746 -0.00108068 -0.00441536 -0.00201968 -0.00070343 -0.000642636 -0.0020591 -0.00212846 6.62411e-05 -0.00358587 -0.00237387 -0.00235929 -0.000444555 0.000472521 -0.00315022 -0.000601857 -0.00275353 -0.00326272 -0.000973241 -0.00202922 -0.00280853 -0.000602033 -0.000743053 0.000115371 -0.000951845 -0.000208067 8.41806e-05 -0.0022047 -0.00370484 -0.00147361 -0.00035462 -0.00106768 -0.00134063 -0.00116464 -0.0026882 -0.00190889 -0.000236826 -0.00208317 -0.0019215 -0.00153833 -0.0030396 -0.00215041 -0.000538726 -0.00199092 -0.000329877 0.000225342 -0.000488055 -0.00233312 -0.00177077 0.000229851 -0.00227283 -0.000957101 -0.00153512 -0.00154468 -0.00219083 -0.00122784 -0.00216777 -0.00232327 -0.00248054 -0.00420591 0.0015335 -0.00125946 -0.00147248 -0.00406883 5.8578e-05 -0.000901579 
-0.00399746 -0.00105937 -0.00144914 -0.000330883 -0.0018112 -0.00488663 -0.00207515 -0.0022629 -0.00397163 -0.000186705 -0.00677354 0.00145046 0.00110378 0.000484003 -0.00157447 -0.00812641 0.241009 -0.0135647 -0.00474595 0.00215672 -0.0062573 8.71838e-05 -0.00396524 -0.0114906 -0.00654554 -0.00384632 -0.00243914 -0.00100125 -0.000314592 -0.00580662 -0.00108972 -0.00300707 -0.00112436 -0.00550866 -0.000695766 -0.00152877 -0.00115165 -0.00177066 -0.00357564 -0.00163279 -0.00237617 -0.0023255 -0.00391879 -0.00181059 -0.00276678 -0.00295919 -0.00348959 -0.00323472 0.00228995 -0.00167356 -0.00102003 -0.00448991 -0.00177043 -0.00132232 -0.00147859 -0.00165164 -0.0021566 -0.0015338 -0.00318621 -0.00126944 -0.000816762 -0.00243732 -0.00236946 -0.00254836 -0.00371946 -0.0016865 -0.00159787 -0.00165376 -0.000267622 -0.00442658 -0.00169776 -0.00401059 -0.0026352 -0.00228925 -0.001198 -0.00243375 -0.00034071 -0.00149027 -0.00373116 -0.00190656 -0.00366112 -0.00249593 -0.00161074 -0.00107269 -0.00452269 -0.00077963 -0.00118986 -0.0034983 -0.00230225 -0.00369605 -0.00117914 -0.00194784 -0.00208252 -0.00261419 -0.000758055 -0.00418079 -0.000372852 0.00179321 -0.00398536 -0.00116537 
-0.0017196 -0.00308396 -0.00238043 -0.000580686 -0.00207308 -0.000907127 -0.0029821 -0.00648096 -0.00278776 -0.00434837 -0.00195858 -0.00225944 0.000811955 -0.00602623 -0.00660819 -0.00618664 -0.0135647 0.248267 -0.000678874 -0.00523145 -0.00223589 -0.012462 -0.00340984 -0.00615733 -0.00159945 -0.0067409 -0.00154733 0.00203268 -0.007157 -0.00802322 -0.00582394 -0.00595009 -0.00166478 -0.00538876 -0.00326075 9.72038e-05 -0.00469188 -0.00185692 -0.00292991 -0.00186672 -0.00344041 -0.00354265 -0.00166595 -0.00197909 0.000187835 -0.00329948 -0.00348788 -0.00242665 -0.00219381 -0.00241757 1.78507e-05 0.00270306 -0.00173469 -0.00123891 -0.00151691 -0.00164237 -0.00162409 -0.00335837 -0.00148798 -0.00217295 -0.00244427 0.00203978 -0.00140237 -0.00295654 -0.00175464 -0.00276595 -0.000983743 0.000706038 -0.000159851 -0.00290995 -0.00173734 -0.00057101 -0.00189449 -0.00158052 -0.00469449 0.000600843 -0.00274402 -1.4535e-05 -5.55842e-05 -0.00247331 -0.00133799 -0.00117376 -0.00116667 -0.000334038 -0.00119184 -0.00216328 -0.00045727 -0.00209221 0.000243223 -0.00404356 -0.00377468 -0.00236953 -0.00320304 -0.00110732 -0.000698062 -0.000919786 -0.0015815 -0.00120492 -0.00211389 -0.00377701 
-0.00176652 0.00124216 -0.00204376 -9.64821e-05 -0.00383158 -0.00135826 -0.000156721 -0.00323525 -0.00392888 -0.000604789 -0.00549427 -0.00509213 -0.000327243 0.00358105 -0.00436214 -0.0077937 -0.00474595 -0.000678874 0.249948 -0.0052301 0.00293063 -0.00518357 3.04171e-05 -0.00882856 -0.00520254 -0.00299471 -0.0138623 -0.0112476 -0.00747467 -0.00398097 -0.00174762 -0.00352103 -0.00606991 -0.000358999 -0.00389989 -0.002586 0.000148097 -0.00188539 -0.00204162 -0.00315562 -0.00110339 -0.00249648 0.000479714 -0.00304015 -0.00184781 -0.00228344 -0.00149266 -0.00259284 -0.00096769 -0.00219905 -0.00357379 -0.000795665 -0.000442253 -0.000944066 -0.0019036 -0.00279067 -0.00197013 -0.00252075 -0.00285851 -0.000426902 -0.00384522 -0.00283396 -0.0038658 -0.0018789 -0.00133791 -0.000849035 -0.00089812 -0.0021754 -0.00238885 -0.00308162 -0.00466826 -0.00175758 -0.00310121 -0.000800018 -0.00278229 -0.00523829 -0.00381549 -0.00237629 -0.00298404 -0.00284948 -0.00130252 -0.00118831 -0.0021726 -0.0026665 -0.00112368 -0.00248597 -0.0028697 0.000189204 0.000417657 -0.000901532 -0.00281126 -0.00298149 -0.00260452 -0.00133732 -0.000779958 -0.00171509 -0.00175192 -0.00332536 -0.00241071 2.65849e-05 
7.5395e-06 -0.000782853 -0.00199614 -0.00236553 -0.00245227 -0.00343532 -0.00352669 -0.00273793 -0.00422148 -0.00316296 -0.00430367 -0.00165871 -0.00182712 -0.00107311 -0.00532352 -0.00461274 0.00215672 -0.00523145 -0.0052301 0.245262 0.00161708 0.00033752 -0.0054639 0.00278495 -0.000628103 -0.00200248 -0.00291882 -6.51685e-06 -0.00461298 -0.00269994 -0.00243235 -0.0051774 -0.00383251 -0.00503823 -0.00506082 -0.00120929 -0.00266024 -0.00381128 -0.00360423 -0.00078307 -0.00269476 0.00165335 -0.00547901 -0.00234479 -0.00205664 -0.00254424 -0.00237017 -0.00409858 -0.00287924 -0.00203085 -0.00255587 -0.00183711 -0.00369496 -0.00312259 -0.00374714 -0.0024773 -0.0032229 -0.00125767 -0.00295763 -0.000877782 -0.00266982 -0.00261859 -0.00271465 -0.00305797 -0.00173835 -0.00383663 -0.00442724 -0.00280974 -0.00228842 -0.00442394 -0.00222266 -0.00157245 -0.0018703 -0.00266922 -0.00201631 -0.00146539 -0.00320412 -0.00424693 -0.00391485 -0.00053813 -0.00218508 -0.00085827 -0.00358065 0.000725647 -0.00231481 -0.00466463 -0.0043053 -0.000627464 -0.00226158 -0.00110897 -0.00045045 -0.000643617 0.000503082 -2.47358e-05 -0.00296341 -0.00287881 -0.00181162 -0.00313313 -0.0041638 -0.00463289 
-0.0035272 -0.00200429 0.000738444 -0.0054058 -0.00186928 -0.00465573 -0.000457569 -0.00698643 -0.00515846 -0.00408741 -0.00372044 -0.00144417 -0.00274782 -0.00764494 -0.00652513 -0.00464405 -0.0062573 -0.00223589 0.00293063 0.00161708 0.249993 -0.00660087 0.000333699 -0.00462469 -0.0107324 -0.00968019 -0.0151113 -0.00352616 -0.00613245 -0.00666174 -0.00679396 -0.00231935 -0.00412002 -0.00269561 -0.00203588 -0.0039588 -0.00523929 -0.00179708 -0.000558062 -0.00135363 -0.000625724 -0.00210782 -0.00355985 -0.00198501 0.00105858 -0.00100504 0.000338256 -0.000241802 -0.00214627 -0.00368126 -0.00246476 -0.00433928 -0.00255865 -0.00353997 -0.00175069 0.000647504 -0.00112366 -0.0033136 -0.00203038 -0.00322406 -0.00126338 -0.000709479 -0.0016302 -0.000286062 -0.00260849 -0.000591562 -0.00241324 -0.00280797 -0.00183841 0.0007008 -0.00297516 -0.000111268 -0.0011962 -0.00191307 -0.000141217 -0.00203801 -0.00213783 0.000417601 -0.00201348 -0.000321076 -0.0024877 -0.00217785 -0.00237526 -0.00100023 -0.00200068 -0.00236815 0.000510753 0.00131267 0.00137698 0.000549399 -0.001232 -0.000879842 -0.00307765 -0.00216064 -0.00192614 -0.00351317 -0.00305736 -0.00210546 0.000211177 -0.00236718 
-0.00578555 -0.00385922 -0.00245682 -0.00226171 -0.00295399 -0.00375271 -0.00461557 -0.00322597 -0.00496966 -0.00268784 0.00184356 -0.00241109 0.00142341 0.00522405 -0.00865382 -0.00879897 8.71838e-05 -0.012462 -0.00518357 0.00033752 -0.00660087 0.249955 -0.00348194 -0.0122526 -0.000540743 -0.000369885 -0.00418306 -0.00404601 -0.00612521 -0.00222198 -0.000616937 -0.0046236 -0.00341434 -0.00552467 -0.00286116 -0.00420729 -0.00190663 -0.00237569 -0.00371592 -0.00223379 0.00093844 -0.000707247 -0.00140414 -0.000494986 -0.000289656 -0.00186098 -0.000222076 -0.00257165 -0.00366886 -0.00132126 -0.002477 -0.00110541 -0.00139126 -0.000974866 -0.00107369 -0.00189508 -0.000211724 -0.0012789 -0.000953861 -0.00303012 -0.00150898 -0.00380106 -0.000872871 -0.00298516 -0.00386286 -0.000719372 -0.00301574 -0.00268903 -0.00140015 -0.00169212 -0.00122862 -0.00251215 -0.000619903 -0.00246862 -0.00176675 -0.00179573 -0.00274074 -0.00408531 -0.00260338 -0.00350245 -0.000618336 -0.00218637 -0.00169771 -0.000947537 -0.00273532 -0.00167584 -0.00231269 0.00011813 -0.00427112 -0.00150244 -0.0020336 -0.00345334 -0.0014997 -0.00210546 -0.00306856 -0.000815353 -0.00267736 -0.0022651 -0.00180176 -0.00407477 
-0.00257037 -0.0016956 -0.00351547 -0.00231413 -0.000818103 -0.00267098 -0.00104687 -0.00441436 -0.00207198 -0.00502093 -0.00805555 -0.00437137 -0.0071508 0.00265002 -0.0100317 -0.00803758 -0.00396524 -0.00340984 3.04171e-05 -0.0054639 0.000333699 -0.00348194 0.248731 -0.00530323 0.00252353 0.00354088 -0.00603434 -0.00456006 -0.00753886 -0.00142847 7.71837e-05 -0.00329206 -0.00507794 -0.00184387 -0.00218231 -0.00337105 -0.00527033 -0.00160478 -0.00373731 -0.00159391 -0.00279912 -0.00211662 -0.00121673 0.000700246 -0.000393863 -0.000769248 -0.00209061 -0.00270374 -0.00341225 -0.00259492 -0.00401643 -0.00368491 -0.0035263 -0.00549506 -0.00165976 -0.00104463 -0.00139047 -0.00209478 -0.00142372 -0.000409691 -0.0029586 -0.00275751 -0.00128474 -0.00301445 -0.000265568 -0.00368181 -0.000405442 -0.00285185 -0.00410632 -0.00243899 -0.000701924 -0.00396255 -0.00134698 -0.00226937 1.6244e-05 0.000555577 -0.00335132 -0.00403054 -0.00341917 -0.000404777 -0.00237463 -0.00516953 -0.00147631 -0.00258138 -0.00212549 -0.0030072 -0.000916796 -0.00392888 2.09774e-05 -0.00155967 -0.00398405 -0.00259496 -0.00094977 -0.00304987 -0.00121199 -0.00234811 -0.000971042 -0.00272046 2.29326e-05 0.000807371 
0.000348989 -0.000429093 -0.00248808 -0.00439721 -0.00317669 -0.000467597 -0.00255753 -0.000576917 -0.0030069 -0.00114464 -0.000807756 -0.00848916 -0.00705066 -0.00164824 -0.0115044 -0.00776249 -0.0114906 -0.00615733 -0.00882856 0.00278495 -0.00462469 -0.0122526 -0.00530323 0.238976 0.00347035 -0.0103345 0.00228308 -0.00492575 -0.00714298 -0.00559633 -0.00439281 -0.00276386 -0.00232881 -0.0026955 -0.00586604 -0.00284165 -0.00195995 -0.00164097 -0.00134074 -0.00149222 -0.00297992 -0.000163016 -0.0014469 -0.00180724 -0.00223868 -0.00281963 -0.00326759 0.000737107 -0.00204381 -0.000341319 -0.00162255 0.00158529 -0.00108473 -0.00115681 -0.00196702 -0.00583482 -0.00140141 0.000122558 -0.0024622 -2.66345e-05 -0.00245769 -0.00103891 -0.00253628 -0.00100883 0.000103022 -0.0022447 -0.000197431 0.000661587 -0.00130628 -0.000596378 -0.000212466 -0.00180423 -0.00269364 -0.000573735 -0.00042945 0.000481357 -0.00187117 -0.000620483 -0.0037345 -4.82957e-05 -0.00373445 -0.00312875 -0.00156311 -0.000245174 0.000151391 -0.00259059 -0.00118872 -0.000703153 -0.00144976 -0.00256581 -0.0025518 0.000703678 -0.00358216 -0.00138875 -0.00344556 -0.00274793 -0.00272974 -0.00057343 -0.00187526 -0.000819716 
-0.0027886 -0.00263459 -0.00238217 -0.00291011 -0.0072205 -0.00309365 -0.00135376 -0.00104596 -0.00433356 -0.00547282 -0.00637137 -0.00765576 -0.00226217 0.0033899 -0.00394083 -0.00946148 -0.00654554 -0.00159945 -0.00520254 -0.000628103 -0.0107324 -0.000540743 0.00252353 0.00347035 0.248867 -0.00471338 0.00118583 -0.0011479 -0.00224442 -0.000519301 -0.00494824 -0.00100584 -0.00180213 -0.00125518 -0.00519419 -0.00301572 -0.00157137 -0.00285837 -0.00131415 -0.00328666 -0.00161572 -0.00478849 -0.00176919 -0.00561122 -0.00378248 -0.0029731 -0.0017141 -0.00197079 -0.00392721 -0.000835283 -0.000890882 -0.00112141 -0.00181044 -0.00172141 -0.000592444 -0.00360109 -0.00125754 -0.00443246 -0.00339956 -0.00196235 -0.00026104 -0.00229697 -0.00153793 -0.00466567 -0.00345431 -0.00504191 0.00123649 -0.00292962 -0.000310437 -0.00234204 -0.000816626 -0.00296667 -0.00233034 -0.00349319 -0.00308507 -0.00250887 -0.00337015 -0.00353562 -0.00267121 -0.00327966 -0.00239545 -0.00169875 -0.00185405 -0.000583276 -0.000754297 -0.00150304 -0.00348481 -0.00267773 -0.000422826 -0.00328397 -0.00229589 -0.00108768 -0.00183313 -0.00220213 -0.00286922 -0.000141957 -0.00157369 -0.000559914 -0.0033445 -0.0023797 
-0.000130613 -0.00454786 -0.00174961 -0.00544719 -0.000485895 0.000173076 -0.00190505 -0.00165553 -0.00216598 -0.00571114 -0.000649186 -0.00532849 -0.00578642 -0.00270253 -0.00120371 -0.00437193 -0.00384632 -0.0067409 -0.00299471 -0.00200248 -0.00968019 -0.000369885 0.00354088 -0.0103345 -0.00471338 0.236336 -0.00272308 -0.00618724 -0.000862519 0.00170819 -0.00214145 -0.00481387 -0.000193148 -0.00563779 -0.00598715 -0.00185036 -0.00100672 -0.00264838 0.000276625 -0.00134989 -0.00248141 -7.49753e-06 -0.00180525 -0.000715171 -0.00312076 -0.00244473 -0.000200982 -0.00099462 -0.00032235 -0.00179202 -0.00324857 -0.00276008 -0.00360627 -0.000453156 -0.00177219 -0.000317595 -0.00187563 -0.00243532 -0.00227482 -0.00225467 -0.00124589 -0.000449848 -0.00318669 -0.00305261 -0.000587502 -0.00348686 -0.0026786 -0.00270584 -0.00205138 -0.00262709 -0.00382664 -0.00103692 -0.00256963 -0.00130082 -0.00465725 -0.00236677 -0.00256062 0.000251811 -0.0019661 -0.00125494 -0.00112412 -0.000191135 -0.00193955 -0.00335133 -0.00147164 -0.00279466 -0.00272211 -0.00222587 0.000180989 -0.00159083 -0.00150653 -0.00134222 -0.00251923 -0.00278145 -0.00250944 -0.00282625 -0.00180587 -0.00365877 -0.00361252 -0.00407388 
-0.00309358 -0.000854954 -0.0033525 0.000273652 -0.00253454 0.000138688 -5.45182e-05 0.000226342 0.000527315 -0.00380228 -0.00459496 -0.00474832 -0.00888807 -0.00815232 -0.00652437 -0.00589651 -0.00243914 -0.00154733 -0.0138623 -0.00291882 -0.0151113 -0.00418306 -0.00603434 0.00228308 0.00118583 -0.00272308 0.228829 -0.00424942 -0.0048128 0.00185897 -0.00324682 0.000382434 -0.00172813 -0.00291809 -0.00206869 3.67729e-05 6.20375e-05 4.63334e-05 -0.00120743 -0.00169956 -0.000178439 -0.00420547 -0.00218729 -0.000976025 -0.00204467 -0.00261103 -0.000408543 -0.00271841 -0.00144532 -0.00243015 -0.00222608 -0.0027604 -0.000739023 -0.0027838 -0.00179241 -0.00126544 -0.00352298 -0.00200482 -0.00161375 -0.0010744 -0.00118906 -0.00175029 0.00012465 0.000162293 -0.00184552 -0.0012536 -0.0015276 -0.00307227 -0.00164259 -0.000426721 -0.00245585 -0.00163026 -0.00126466 -0.00238692 -0.00355804 0.00107423 -0.000586033 -0.00192861 -0.00309328 -0.00235398 -0.00189358 -0.0013798 -0.00256997 -0.00454454 -0.00200699 -0.00178094 -0.00229923 -0.0028038 -0.00264243 -0.00443344 -0.000205974 -0.00164794 -0.000912665 -0.0025264 -0.00260701 -0.00181562 -0.00191639 -0.000767892 -0.00299524 -0.00126093 
-0.00126331 -0.00382726 -0.0027362 -0.00507045 -0.00345256 -0.00278861 -0.000543867 -0.00291583 -0.00565263 -0.00577376 -0.003665 -0.00823335 -0.00155405 -0.00345901 -0.00197221 -0.0100838 -0.00100125 0.00203268 -0.0112476 -6.51685e-06 -0.00352616 -0.00404601 -0.00456006 -0.00492575 -0.0011479 -0.00618724 -0.00424942 0.209525 -0.00248667 0.00333341 -0.00147367 -0.0022802 0.000824605 -0.00393397 0.00415452 -0.00391244 -0.00170267 -0.002281 0.000180249 -0.000402009 -0.00157262 -0.00220114 -0.0021284 -0.00314654 -0.000743468 -0.00138664 -0.00219926 -0.00164428 -0.00291012 -0.00053309 0.000523638 -0.00237875 -0.000694302 -0.00258907 -0.00054183 -6.04839e-05 -0.00299815 -0.00397738 -0.00075478 -0.00294745 -0.00198275 -0.000681582 -0.000863416 -0.00100079 -0.00125465 -0.000842899 0.00232095 -0.00302051 -0.00151878 -0.00304256 -0.00182393 -0.00187053 -0.0022752 -0.00171956 -0.000296056 -0.000472667 -0.00216893 -0.00012437 -0.00217855 -0.000756723 0.000123322 -0.000178762 -0.000754296 -0.00161892 -0.00206233 -0.00150373 -0.0016963 -0.00405544 -0.000837196 -0.00174906 -0.00235838 -0.00127306 -0.00196718 -0.0016624 -0.00290738 -0.00175725 -0.00212994 -0.00213923 -0.00324523 -0.00345733 
0.00042157 -0.0021713 -0.000721879 -0.00245604 -0.00247309 7.49449e-05 0.00097481 -7.04722e-05 -0.00221153 -0.00271506 -0.00350743 0.0007898 -0.00392351 -0.00187054 -0.00590414 -0.00427541 -0.000314592 -0.007157 -0.00747467 -0.00461298 -0.00613245 -0.00612521 -0.00753886 -0.00714298 -0.00224442 -0.000862519 -0.0048128 -0.00248667 0.175934 -0.00216464 -0.00439704 0.00247797 -0.000408962 0.000535666 -0.00156744 -0.00220077 -0.000229583 -0.0016353 -0.00157696 -0.00176961 -0.00234846 -0.00251218 -0.00193053 -0.00133512 -0.00340004 -0.000694639 -0.00133353 -0.00106537 -0.00154916 -0.00202828 -8.16472e-05 -0.00134789 -0.000238203 -0.000964211 -0.00108694 -0.00284702 -0.00152882 -0.00226678 0.000199429 -0.00269246 -0.00249364 -0.00124787 -0.00135365 -0.00267274 -0.00286733 -0.00103311 -0.00101827 -0.00116079 0.00106008 -0.0030821 -0.00110624 7.76237e-05 -0.00125418 -0.00025104 -0.000626613 -0.000805548 -0.0012765 -0.00347271 -0.00114069 -0.000990492 -0.00205251 -0.00120418 -0.000718853 -0.00110894 -0.000510902 -4.8898e-05 -0.000279691 -0.000249735 -6.47054e-05 -0.00332294 -0.00152765 -0.000839985 -0.000513371 -0.00075385 -0.000619432 -0.00177761 -0.00057087 -0.00103127 0.00173277 -0.00282239 
-0.000959073 -0.00186684 -0.00402458 -0.00210234 -0.00054611 -0.00271643 -0.00200114 -0.00276491 -0.00561622 -0.00180648 -0.00414162 -0.00531637 -0.000903801 -0.00877093 -0.00368227 -0.00208833 -0.00580662 -0.00802322 -0.00398097 -0.00269994 -0.00666174 -0.00222198 -0.00142847 -0.00559633 -0.000519301 0.00170819 0.00185897 0.00333341 -0.00216464 0.197043 -0.00460491 0.00128124 -0.00320201 -0.000201588 -0.00048503 -0.0028738 -0.000807581 -0.00155015 -0.00157149 -0.00203427 9.40614e-05 -0.00200694 -0.00224971 0.000128374 -0.00095024 0.000624672 -0.00216871 -0.00231577 -0.00594259 -0.00057755 -0.00301178 -0.00318994 -0.0018358 -0.00134212 -0.0019743 0.00144958 -0.00233156 -0.00240881 -0.00170724 -0.00239063 6.25748e-05 -0.000125401 -0.00041984 -0.00238394 -0.00231454 -0.00182905 -0.000856333 -0.000448467 -0.0024615 4.57e-05 -0.00308525 -0.00217194 -0.00143546 -0.00181452 -0.000908373 -0.00100249 -0.00311249 -0.00187953 -0.00148109 -0.0026623 -0.000525263 -0.000610007 -0.00205178 -0.00186625 -0.00255972 -0.00308734 -0.00202135 -0.00287989 -0.00122353 -0.00170112 -0.00177435 -0.00135849 -0.00200157 -0.00043546 -0.00136657 -0.00162531 -0.000850001 -0.00322287 -0.00227505 -0.00165656 
-0.000916294 -0.00163503 -0.000933276 -0.00143797 -0.00158367 -0.00262478 -0.000599026 -0.00229497 -0.000675091 -0.00355083 -3.11251e-05 -0.0024016 -0.00381089 -0.00720987 -0.00268509 -0.00255478 -0.00108972 -0.00582394 -0.00174762 -0.00243235 -0.00679396 -0.000616937 7.71837e-05 -0.00439281 -0.00494824 -0.00214145 -0.00324682 -0.00147367 -0.00439704 -0.00460491 0.151147 0.00065445 -0.000565299 -0.000976638 -0.00183454 -2.76046e-05 -4.17136e-05 -0.00160485 -0.00285897 -0.000852356 -0.00148578 -0.00186128 -0.000231825 -0.00390172 -0.00157205 0.000236625 -0.000494516 -0.00172319 -0.00205483 -0.00178232 -2.5947e-05 -0.00221517 -0.000747405 -0.00160983 -0.0002226 -0.00144527 -0.000109377 -0.00148041 -0.000723372 -0.00116067 -0.00221954 -0.00226661 0.000409229 0.000451088 -0.000952479 -0.00214528 -0.00132388 -0.000619293 0.000516041 -0.000585287 0.000584489 -0.00103083 -0.000753335 -0.00172172 -0.00179602 -0.00140933 -0.00192848 -0.000705881 0.000120646 -0.00111214 -0.000845377 -0.000859762 -0.000111722 -0.000955445 -0.00244105 -0.00172853 -0.00176041 -0.00145187 -0.00152848 0.000673862 -0.00130721 -0.0013028 -0.00174874 -0.00153935 -0.00149318 -0.00154778 -0.00117903 -0.000393049 0.000206768 -4.98671e-05 
0.000112727 -0.000811742 -0.000530734 0.000758769 0.000926691 -0.00072365 -0.00112866 -0.00240979 -0.00209383 -7.51488e-05 -0.00169606 -0.00244417 -0.000141292 -0.00438347 -0.0038969 -0.00111281 -0.00300707 -0.00595009 -0.00352103 -0.0051774 -0.00231935 -0.0046236 -0.00329206 -0.00276386 -0.00100584 -0.00481387 0.000382434 -0.0022802 0.00247797 0.00128124 0.00065445 0.120151 -0.00273299 -0.00136875 -0.00158801 -0.00138112 -0.00126631 -0.000398222 -0.000348184 -0.0011832 -0.00049969 -6.53213e-05 -0.000225537 -0.00153908 -0.000427492 -0.000664481 -0.000533952 -0.000758 -0.000401193 -0.000732102 -0.000171763 -0.000823868 -0.0016218 -0.00128725 -0.00190609 -0.000891938 -0.00118994 -0.0016874 -0.00150145 -0.000556492 -0.000465324 -0.00172831 -0.000250211 -0.000973741 -0.00160441 -0.000947334 -0.00123465 5.84928e-06 7.83154e-05 -0.00107849 -0.00061208 -0.000359987 -0.000716972 -0.000878318 -0.00197194 -0.000989424 -0.00115587 -0.000757816 -0.000114567 -0.000756724 -0.00197708 -0.000966972 -0.00088494 -0.00229785 -0.00116598 -0.000396961 0.00034701 -0.00146981 -0.00210698 -0.000648517 -0.00206153 -0.00146572 -0.00115982 -0.00108693 -0.00135422 -0.000452475 -0.00075488 -0.00152513 -0.000625724 -0.000224615 
-0.00128036 -0.00233236 -0.000563617 -0.0032202 -0.00141557 -0.000339557 -0.00176864 -0.00159588 -0.00257635 -0.00110783 -0.00167008 -0.00195381 -0.00295416 -0.0026283 -0.00112813 0.000254408 -0.00112436 -0.00166478 -0.00606991 -0.00383251 -0.00412002 -0.00341434 -0.00507794 -0.00232881 -0.00180213 -0.000193148 -0.00172813 0.000824605 -0.000408962 -0.00320201 -0.000565299 -0.00273299 0.114335 -0.000961527 -0.00108714 -0.000438632 0.000383019 -0.000535196 0.000187594 -2.52724e-05 -0.00065426 -0.00124759 -0.000768195 -0.0025111 -0.000901507 -0.000658534 -0.00102546 0.000112886 -0.00174185 -0.000226639 -1.54389e-05 0.000342221 0.000108594 -0.00145236 -7.34303e-05 -0.00134931 -0.000847187 -0.00117796 0.000274369 -0.000249095 -0.000374259 -0.00139177 -0.00100918 -0.00128271 -0.000663365 -0.00101308 -0.00153463 -0.00123328 0.000299237 -0.000176446 -0.00108765 -0.00107484 0.000310757 -0.000796004 -0.000693536 -0.00172436 -0.000842964 -0.00154349 -0.000163431 -0.00146388 -0.000157795 0.00013625 -0.000441344 -0.000309416 -0.00115696 -0.00154805 -0.00149073 -0.00115562 -0.000958353 -0.0014727 -0.00182783 -0.00121546 -0.000782651 0.000244596 -0.000428748 -0.000794517 -0.000306403 -0.00121085 -0.00095945 -0.000779762 
