0.0792798 -0.000523104 -0.000344064 -0.000382177 -0.000859429 -0.000718351 -0.00213377 -0.00102217 -0.000515726 -0.00192723 0.000450492 -0.00145431 -0.000756291 -0.00198263 -0.00364544 -0.00244726 -0.00179976 -0.00129229 -0.000374929 -4.3144e-07 -2.45418e-05 -6.68057e-05 -0.0010885 -0.00476306 -0.00139454 -0.00363922 -0.00279424 -0.00130022 -0.00226922 -0.00236829 -0.00116647 -0.00201853 -0.000853557 -0.000801473 -0.000666381 -0.00107537 -0.000679646 0.000407228 -0.000386751 -0.000200277 -0.00073142 -0.000329544 -0.000643816 -0.000582496 -0.00118613 -0.000433401 -0.000808969 -0.000701122 -0.00135621 -0.000875253 -0.000678759 -0.000107035 -0.000162852 -0.000389737 -0.00116834 -0.000298451 0.000109697 0.000356383 -0.000510347 -0.000108128 0.000310737 -0.000592251 -0.000160854 -0.000720034 -0.00038361 -0.00106116 -0.00113393 -6.31933e-05 -0.00120268 -0.00115647 -0.000206877 -0.000775544 -0.00129049 -0.000227881 -0.000813544 -0.000265753 -0.000274897 -0.00112462 -0.000257503 8.99678e-05 -0.000466192 -0.000546921 -0.000296323 -0.00019867 -0.000617385 -0.000101682 -0.000746975 -0.000803847 -0.000539306 -0.000388061 -0.000692791 -0.000990551 -0.000567363 -0.00105786 0.000435582 -0.00077909 -0.000471704 2.82234e-05 -0.00041911 0.000735458 
-0.000523104 0.0871344 -0.00126098 -0.000699064 -0.000332306 -0.000134327 0.000353538 -0.000434365 0.000131339 -0.000207118 -0.00159056 -0.00313684 -0.00275021 -0.000752977 -0.00288933 -0.00232293 -0.00146907 -0.000968008 -0.00262937 0.00108177 -0.0027925 -0.00340822 -0.00266601 0.00162854 -0.00317583 -0.0018343 -0.00388663 -0.00299907 -0.00107649 -0.000626908 -0.00107615 -0.00113895 -0.00118825 -0.00027374 -0.00148935 -0.00130093 -0.00114465 -0.000968048 -0.000956064 -0.000367704 -0.000732895 -0.000297741 -0.000838101 -0.00072302 -0.00107117 -0.0013355 -0.000208728 -0.000975142 -0.000372038 -0.00133531 -0.000290042 0.000114476 -0.00114064 -0.000926698 -0.000657019 -0.000113072 -0.00034395 -0.000643257 2.29491e-06 -0.000475918 -7.23319e-05 -0.0002435 -0.00119998 -0.000784053 -0.000909242 -0.000259897 -0.00123686 -0.00056424 -0.00141806 -0.0011325 -0.000755444 -0.000722014 -0.00100498 -0.000476081 -0.00139495 -0.00081091 -0.000774302 -0.000332554 -3.94347e-05 -0.000401701 -0.000539809 -0.000447672 -0.000249672 -0.000496429 -0.000310285 -0.000224034 -8.69278e-05 -0.00115229 -0.000747713 5.70018e-05 -0.00126749 0.00034542 -0.000393563 -0.000662625 -0.000499787 -0.000305293 -0.00116426 -0.00023521 -0.000854446 0.000272325 
-0.000344064 -0.00126098 0.0848885 0.000210429 -0.000829646 0.000933734 -0.000733746 -0.00114001 -0.00140752 -0.00294367 -0.000892558 -0.0021122 -0.000500273 -0.00051379 0.000483368 -0.0020672 0.00107376 -0.00273254 -0.00254159 -0.00320558 -0.00205271 -0.00141448 -0.00197455 -0.00416869 0.00034794 -0.000857763 -0.00138902 -0.00297002 -0.000307343 -0.00126059 -0.00252256 -0.0016812 -0.000624386 0.000258744 -0.000625927 -0.000924857 -0.00120171 -0.00128162 -0.000165159 -0.000737223 -0.0016135 -0.000448099 -0.000674265 -0.0011562 -0.000589429 -0.00108683 -0.000462287 -0.000904737 -0.00145084 -0.000340882 -0.000303956 -0.000494005 -0.000751932 -0.000600801 -0.000370535 -7.3973e-05 -0.00040325 -0.000394412 -0.000615506 -0.00058903 -0.000643239 -0.000691194 -9.60099e-05 -0.00143918 -0.00119269 -0.000869093 -0.00072255 -0.000652528 -0.000775697 -0.000707832 -0.000842296 -0.000146038 -3.71086e-05 -0.000394104 -0.000737374 -0.000821888 -0.000337665 -0.0010098 -0.000458538 -0.000711999 -0.00012605 -0.000694809 -0.000947517 -0.000922333 -0.000329581 -0.000808736 -0.000236629 -0.000669193 -0.000582021 -0.000496226 -0.000935264 -0.000235117 -0.00103788 -0.000582617 -0.000670949 0.000513948 -0.000918245 -0.000775683 -0.000600001 -0.00114506 
-0.000382177 -0.000699064 0.000210429 0.0955281 -0.000746689 0.000204662 -0.000931972 -4.55849e-05 -0.000998081 -0.000888896 -0.00337187 -0.00305479 -0.000738531 -0.00230179 0.000319528 -0.000325094 -0.00155806 -0.000326996 -0.0063073 -0.00425942 -0.00126756 -0.000621267 -0.00042078 -0.00217419 -0.00433216 -0.00371438 -0.00173862 -0.00109976 -0.00025214 -0.00185485 -0.00264317 -0.00196512 -0.0018716 0.000199201 -0.00145481 -0.00123035 -0.000906528 -0.0011022 -0.000637286 -0.000861273 -0.00123464 -0.00107085 3.52704e-05 -0.000937004 -0.000121331 -0.000775421 -0.000814167 -0.000784019 -0.000297632 -0.000702732 -0.000984247 -0.000917976 -0.00070928 -0.000736074 -0.0010677 -0.000625586 -3.60908e-05 -0.00120258 -0.00155903 -0.00124346 -0.000265972 0.000111911 -0.00110314 -0.00174735 -0.00077405 0.000304779 -0.00110847 -0.0005312 -0.00120232 -0.000616754 -0.000790656 -0.000534106 -0.000736302 -0.000696513 -0.000866594 -0.000122229 -0.000519179 0.000467774 -0.000413815 -0.000745173 -0.00106238 -0.000188244 0.000201992 1.4176e-05 -0.000771265 -0.000339695 -0.000473317 -0.000370299 -0.00142771 -0.000455869 -0.00162113 -0.00073833 -0.000344167 -0.000456749 -0.000977629 -0.000238411 -0.00141672 -0.000692448 -3.03047e-05 -0.000315127 
-0.000859429 -0.000332306 -0.000829646 -0.000746689 0.0935519 -0.000225153 -0.000241325 0.000666541 -0.000129419 0.000252499 -0.000248064 -7.43583e-05 -0.00181399 -0.00254144 -0.00146103 -0.00494745 -0.00448834 0.000766931 -0.00528184 -0.00349178 -0.0029708 -0.00163656 -0.0037696 0.000955405 -0.00505405 -0.0025115 -0.00228694 -0.00211765 -0.00141061 -0.00263871 0.00131623 0.000313122 -0.000812478 -0.0013901 -0.000237169 -0.00167886 -0.000960904 -0.00075145 -0.00070444 -0.000481372 -0.00109604 -0.00169922 -0.000674494 -0.000175109 -0.000508841 -0.000487541 -0.000670502 -5.22e-05 -0.00110667 0.000273415 -0.000143744 -0.00101104 -0.000527658 -0.00119645 -0.000681115 -0.000525559 -0.000906675 -0.000995136 -0.000904899 -0.000334856 -0.000159935 -0.000276855 -0.00134125 0.000199739 -0.00128678 -0.000397524 -0.000628163 -0.000823645 -0.00105666 -0.000695737 -5.59395e-05 -0.00056362 -0.00193685 -0.00103734 0.000140308 -0.000435476 -0.000814968 -0.00105922 -0.000946702 -0.00139638 7.13059e-06 0.000231052 -0.000206975 -0.000595868 -0.00055951 -0.000738051 0.000440057 -0.00137367 -0.000241716 -0.00073955 -4.56297e-06 -0.000612116 -0.000230905 -0.000233062 -0.000775028 -0.00016349 -0.00167143 -0.00146455 -0.00112485 -0.000642783 
-0.000718351 -0.000134327 0.000933734 0.000204662 -0.000225153 0.0855664 0.000328096 0.000456277 -0.00110026 -0.00131908 0.000492756 -0.00117718 0.000419125 -0.00337517 -0.000769847 -0.0037811 -0.0021237 -0.00167076 -0.00431987 -0.000360821 -0.00255525 -0.00212039 -0.00413938 -0.00103059 -0.000889649 -0.00260784 -0.00109339 -0.00301538 -0.00261371 -0.00307522 -0.00071692 -0.000819477 -0.00147892 -0.00164994 -0.00104627 -0.000719327 -0.00168312 -4.84114e-05 -0.00101291 -0.00106172 -0.00160614 -0.000805301 -0.000919256 -0.000246546 -0.00057969 -0.000541574 -0.00116964 -0.000651795 -0.000197881 -6.44494e-05 -0.00067653 -0.000704529 -0.000122206 -0.000261851 -0.000475503 -0.000762324 -0.000457259 -7.42876e-05 -0.0010642 -0.000171693 -0.000447116 8.08723e-05 -0.000546286 -0.000638287 -0.00070604 -0.000483886 0.000292456 -0.00017499 -0.000703148 -0.000229179 -0.000126387 -5.71233e-05 -0.00132557 -0.000525152 -0.00119424 -0.000433883 -0.000808068 -0.000229103 4.32584e-05 -0.000755723 -0.000211196 -0.000639064 -0.000489779 -0.00157409 -0.000617049 -0.000738651 -0.000552114 -0.00131977 -0.000296446 -0.000235789 -0.00169479 -0.000896995 -0.000232788 -0.000854664 -0.000468691 -0.00105958 -0.000517407 -0.000646205 -0.000402064 1.98145e-05 
-0.00213377 0.000353538 -0.000733746 -0.000931972 -0.000241325 0.000328096 0.0886357 8.56887e-05 -0.000500715 -0.00143908 -0.000578218 0.000508836 -0.00059142 -0.00395181 -0.000878932 -0.0028199 -0.000825171 -0.00562656 -0.00366076 -0.000800873 -0.00157883 -0.00542573 -0.00363963 -0.0019015 -0.0027613 -0.000997395 -0.00292773 -0.00293623 -0.000715699 0.000363752 -0.00172426 -0.000610292 -0.00108339 -0.00152497 -0.000490295 -0.00129091 -0.000581841 -0.000925756 -0.000123028 -0.000985473 -0.000453768 -0.000572356 -0.000392631 -0.00131603 -0.000247389 -0.00144712 -0.00081439 -0.000421698 -0.000608059 -8.70517e-05 -0.000504124 -0.000442277 -0.000485927 -0.000418096 0.000226264 -0.000556336 -0.000245419 -0.00017901 0.000124647 -0.000662248 -0.000217106 -0.000988493 -0.00188799 -0.000964399 -0.000988923 0.000158727 -0.000725908 -0.000578133 -0.000751537 0.000164527 -0.00017797 -0.00108768 0.000265265 -0.0010066 -0.00130817 0.000140806 -0.000662741 -0.0017245 -0.000706907 -0.00104003 -0.000585828 -0.000703339 -0.000900572 -0.00023026 0.000303705 -0.000361878 -0.000376535 -0.000316168 4.35068e-05 -0.000152441 -0.000716746 -0.000707326 8.57187e-06 0.00080743 3.65758e-05 -0.000979165 -0.00113426 0.000130579 -0.000859174 -0.00205303 
-0.00102217 -0.000434365 -0.00114001 -4.55849e-05 0.000666541 0.000456277 8.56887e-05 0.11014 -0.000231762 -0.00127381 -0.00233797 -8.24914e-05 0.00108094 -0.00222076 -0.00249549 0.000625997 -0.000928929 -0.00523188 -0.00285734 -0.00322075 -0.00711738 -0.00400509 -0.00461085 -0.00269183 -0.00486646 -0.00267952 -0.00196006 -0.00205661 -0.00258495 -0.00133558 -0.00224829 0.000981477 -0.00138064 -0.00185658 -0.00154803 -0.000623106 -0.000877579 -0.000865232 -0.00120916 -0.00116148 -0.000898313 -0.0014679 0.000440064 0.000992961 -0.00100372 -0.000564902 -0.000774947 -0.000822387 -0.00114428 -2.13524e-05 -0.000562065 -0.000961698 -0.000282204 -0.000745819 -0.00065446 -0.000451271 -0.00072226 -0.00131315 -0.000728005 7.32981e-05 -0.000363874 -0.000169988 -0.00224998 -0.000652593 -0.000143024 -0.000462161 -0.000777154 -0.000590163 -0.00110892 -0.000547588 -0.000272315 -0.00146973 -0.000626531 -0.000617955 -0.00213091 -0.000733345 -0.00107647 -0.00108141 -0.000336264 -0.000628437 -0.00106293 -0.000933886 -0.000799873 0.000386852 -0.000259379 -0.00102546 -0.000152958 -0.00100735 -0.00170092 -0.00132218 -0.00148154 -0.000928035 -0.00159979 -0.000589875 -0.00122187 -0.000781383 -0.000420645 -0.000819069 -0.000269341 -0.00119459 
-0.000515726 0.000131339 -0.00140752 -0.000998081 -0.000129419 -0.00110026 -0.000500715 -0.000231762 0.113434 0.000221614 -0.00234359 -0.000901441 -0.00020139 0.000606731 -0.00175995 -0.000703912 0.00184368 -0.000847179 -0.00431097 -0.00444639 -0.0050508 -0.0050065 -0.0029859 -0.00298536 -0.0041175 -0.00278729 -0.0031666 -0.00368232 -0.00339769 -0.00202845 -0.000305405 -0.000343943 -0.000190247 -0.000679036 -0.00169487 -0.0014184 -0.000719888 -0.00209693 -0.000788146 -0.000843403 -0.00119535 -0.000244409 -0.00176163 -0.0011307 -0.0010735 -0.000727579 -0.000182424 -6.47842e-06 -0.0002202 -5.00243e-05 -0.00108034 -0.000955542 -0.00104536 -0.00189598 -0.00212243 -0.000571805 -0.000512915 -2.963e-05 -0.00100521 -0.00104774 -0.00110661 -0.00202284 -0.000280159 -0.0017816 -0.00119896 -0.000616716 -0.00123312 -0.000781562 0.000308704 -0.000749226 -0.000708494 -0.00101874 -0.000567311 -0.000971808 -0.000976308 -0.000805153 -0.000536233 -0.000915571 -0.000780641 0.000236729 -0.000634732 -0.000241433 -0.000612345 -0.000474818 -0.000599442 -0.0015611 -0.00227282 -0.00098488 -0.00172806 -0.00159778 3.85131e-05 -0.00104394 0.000759359 -0.0010781 -0.000143652 -0.0013927 -0.00092369 -0.000965111 -0.00178943 -0.000938845 
-0.00192723 -0.000207118 -0.00294367 -0.000888896 0.000252499 -0.00131908 -0.00143908 -0.00127381 0.000221614 0.151008 -0.00365712 -0.00143041 -0.00158434 -0.00221243 -0.00552535 -0.00572796 -0.00229232 -0.00457174 -0.000756198 -0.00378213 -8.02524e-05 0.00023866 -0.00464402 -0.00579877 -0.00132292 -0.00154267 -0.00965785 -0.00318077 -0.00245223 0.00199752 -0.00249044 -0.000919358 -0.00283338 -0.00223945 -0.00108559 -0.00127839 -4.36958e-05 -0.00226285 -0.00114145 -0.00014905 -0.00239338 -0.00191383 -3.85673e-05 -9.08393e-05 -0.000820517 -0.00121729 -0.000611783 -0.00049863 -0.000852337 -0.000831581 -0.000767782 -0.000702389 -0.00178435 -0.00181326 -0.00267201 -0.00181553 -0.00122659 -0.00148453 -0.00114395 -0.00172355 -0.000615503 -0.00135617 -0.00307262 -0.000878809 -0.00215216 -0.000918811 -0.00052739 -0.00114802 -0.000740685 -0.000281375 -0.000707472 -0.00184291 -0.00266961 -0.0015971 -0.00213966 -0.00144342 -0.00126378 -0.00226337 -0.000229226 -0.00169715 -0.00059359 -0.000794321 -0.000239347 -0.00108202 -0.000535781 -0.00117373 0.000476473 -0.00096399 -1.33485e-05 -0.00102236 -0.00215884 -0.000480666 -0.00143137 -0.000692899 -0.000577587 -7.33298e-05 -0.000364132 -0.000947163 -0.002179 -0.00226093 
0.000450492 -0.00159056 -0.000892558 -0.00337187 -0.000248064 0.000492756 -0.000578218 -0.00233797 -0.00234359 -0.00365712 0.156856 -0.0023613 -0.00307657 -0.00312121 -0.00529578 -0.00423412 -0.00483334 -0.00160344 -0.00458846 -0.00223085 -0.00255644 -0.00294069 -0.00650822 -0.00219435 -0.00290951 -0.00430061 -0.00292822 -0.00427467 -0.00084481 -0.00315907 -0.00169527 -0.000453974 -0.00131821 -0.00356294 -0.00158101 -0.00108887 -0.00107258 0.000706387 -0.0013697 -0.000825435 -0.00086159 9.06037e-05 -0.00123171 -0.00112142 -0.00148059 -0.00130696 -0.000916897 -0.00146266 4.78923e-05 -0.000374373 -0.000456588 -0.000908453 -0.00114485 -0.00231091 -0.00138491 -0.000507198 -0.0010712 -0.00130266 -0.00147862 -0.00158763 -0.000704862 -0.00183321 -0.00112168 -0.000773356 0.000471455 -0.00199779 -0.000685818 -0.000934646 -0.000207687 -0.000975698 -0.000986322 -0.000988354 -0.00203221 -0.00168737 -0.000262803 -0.00089438 -0.000817634 -0.00107343 -0.000397255 -0.00109298 -0.000815864 -0.00100351 -0.00164591 -0.00161447 6.46629e-06 -0.00140429 -0.00259897 -0.00104248 -3.39874e-05 -0.00032903 5.72522e-05 -0.00171634 -0.00133642 9.03671e-05 -0.000842497 -0.00261763 -0.00318783 -0.00186765 -0.00261146 -0.00227466 
-0.00145431 -0.00313684 -0.0021122 -0.00305479 -7.43583e-05 -0.00117718 0.000508836 -8.24914e-05 -0.000901441 -0.00143041 -0.0023613 0.171719 0.00071681 0.000509438 -0.0071401 -0.00511395 -0.0040983 -0.00153337 -0.00185164 0.00258486 -0.00576142 -0.00729927 -0.00550525 -0.00288269 -0.00825742 -0.00656132 -0.0066058 -0.00446794 -0.0036418 -0.00383585 -9.07633e-05 -0.000169915 -0.00308094 -0.00333781 1.5904e-05 -0.00226163 -0.000532458 -0.000288022 -0.00189802 -0.00108751 -0.00230992 -0.0027216 -0.000323234 -0.00278499 -0.00204182 -0.00106094 -0.00261103 -0.00149867 0.00129173 -0.000171906 -0.000572111 -0.000764341 -0.000141591 -0.000472375 -0.00207124 -0.000726085 -0.00206291 -0.00118743 -0.000475684 0.000354988 -0.00132564 -0.00141823 -0.00127889 -0.000272391 -0.00226738 2.17395e-05 -0.00203276 -0.00139438 -0.0015206 0.000412343 -0.00191069 -0.00354908 -0.000442376 -0.00129613 -0.00121281 -0.000436769 -0.00222827 -0.00187923 -0.000919625 -0.000938562 -0.00300303 -0.00126189 -0.00198131 8.09195e-05 -0.00141427 -0.00229765 -0.00222564 -0.000759841 -0.00166023 -0.00188513 0.00173825 0.000387248 -0.00245555 -0.000668373 -2.24165e-05 -0.00269291 -0.00220557 -0.00195662 -0.000400745 -4.05162e-05 
-0.000756291 -0.00275021 -0.000500273 -0.000738531 -0.00181399 0.000419125 -0.00059142 0.00108094 -0.00020139 -0.00158434 -0.00307657 0.00071681 0.169861 0.000947804 0.00169254 0.00195713 0.00383878 -0.00648979 -0.00659389 -0.00907034 -0.0082262 -0.0101856 -0.0110954 8.71284e-05 -0.00409903 -0.00528517 -0.00862473 -0.00354821 -0.00251987 -0.00454691 -0.0024591 -0.00287247 -0.00289755 -0.00256135 -0.000849763 -0.00093721 -0.00277834 -0.00223237 -0.00030731 -0.001355 0.000108525 -0.00106857 -0.00185632 -0.00066379 -0.00178565 -0.000836538 -0.00146977 -0.000980655 -0.00105594 -0.00194204 0.000899799 -0.00110763 -0.0014305 -0.00143301 -0.00107889 0.000315418 -0.00301561 -0.00168206 -0.00139572 -0.00169249 -0.00150838 -0.000381335 -0.00105131 0.000206871 -0.00102196 -0.000870822 -0.00163892 -0.000369015 -0.000632643 -0.000919524 -0.00168798 -0.00165616 -0.00255176 -0.000545491 -0.00152343 -0.000548838 -0.000563728 -0.00119576 -0.000971035 -0.00171433 -0.00222105 -0.00183037 -0.000102775 -0.000764314 -0.0032627 -0.000295611 -0.000630229 -0.000225474 -0.0024578 -0.00117093 -0.00216461 -0.00170397 -0.000227202 -0.000529527 -0.00140649 -0.00106025 -0.00133478 0.000401831 -0.00271615 -0.00103309 
-0.00198263 -0.000752977 -0.00051379 -0.00230179 -0.00254144 -0.00337517 -0.00395181 -0.00222076 0.000606731 -0.00221243 -0.00312121 0.000509438 0.000947804 0.212432 -0.00481761 0.00235919 -0.00328325 -0.0052943 0.00124987 -0.0112836 -0.00670324 -0.00680723 -0.00518872 -0.000284493 -0.0025575 -0.00740616 -0.0111677 -0.00125918 -0.00509126 -0.00547499 0.00114978 -0.00300991 -0.00410314 -0.00518806 -0.00223309 -0.00326532 0.000331818 -0.000605962 -0.00296892 -0.0031007 -0.00503816 0.00134936 -0.00345761 -0.000615463 -0.00206522 -0.000822041 -0.00217877 -0.000240643 -0.00143191 -0.00123463 -0.00268813 -0.00247382 0.000580116 -0.00224443 -0.00125025 0.000588553 -0.00245748 -0.00195547 -0.00250919 -0.00380988 -0.00155048 -0.00121383 -0.00192582 -0.00269004 0.00128152 -0.00230779 -0.00197377 -0.0028694 0.00181339 -0.00276823 -0.00189773 -7.14285e-05 -0.00172616 -0.000246185 -0.00185886 -0.00135638 0.0005488 -0.00219582 -0.000166474 -0.00323844 -0.00180804 -0.000732403 -0.000895198 -0.00152895 -0.00273038 -0.00240596 -0.00336658 -0.00229446 -0.000870957 -0.00131625 -0.00159131 -0.00067635 -0.0015182 -0.00163191 -0.000663527 -0.00320781 -0.00194412 -0.00139378 -5.09072e-05 -0.00452246 
-0.00364544 -0.00288933 0.000483368 0.000319528 -0.00146103 -0.000769847 -0.000878932 -0.00249549 -0.00175995 -0.00552535 -0.00529578 -0.0071401 0.00169254 -0.00481761 0.220749 -0.00889007 0.00356899 -0.00616484 -0.0100819 -0.00772729 0.00278952 -0.00261107 -0.00149648 -0.00558266 -0.00231538 -0.00761243 -0.00351512 -0.00337568 -0.00454714 0.000503363 -0.00354301 -0.00329465 -0.00465281 -0.00102405 -0.00304656 -0.00124691 -0.00178515 -0.00248202 -0.00170552 -0.00183174 -0.000790045 -0.00250623 -0.00453996 -0.00114209 0.00165681 -0.00224731 -0.00137001 -0.00279621 -0.0019505 -0.00102454 -0.00128285 -0.0022173 -0.000751469 -0.00230653 0.000281415 -0.00115843 -0.00278052 -0.000919357 -0.00269174 -0.00241965 -0.00166927 -0.000561919 -0.00184978 -0.00170197 -0.000939881 -0.00165113 -0.000970681 -0.000443509 -0.00013827 -0.00263919 -0.00173275 -0.000887708 -0.00155209 -0.00125445 -0.0040003 -0.00142382 -0.00254783 -0.0031816 -0.00268082 0.000567873 -0.00168116 -0.000830927 -0.00203917 -0.0019192 -0.000932561 -0.00139543 -0.00104033 -0.00121342 -0.00281858 -0.00329798 -0.00258643 -0.000997176 -0.00186517 -0.00387425 -0.00463206 -0.00140707 -0.00293799 -0.00222455 -0.00213349 -0.00085245 
-0.00244726 -0.00232293 -0.0020672 -0.000325094 -0.00494745 -0.0037811 -0.0028199 0.000625997 -0.000703912 -0.00572796 -0.00423412 -0.00511395 0.00195713 0.00235919 -0.00889007 0.233301 -0.00520794 -0.00939709 -0.000475382 -0.00395431 -0.00936559 -0.0111519 -0.00925899 -0.00476111 -0.00866257 -0.00851119 0.000245695 -0.00100836 -0.000911642 -0.00361774 0.00229298 -0.00503506 0.000515531 0.000288857 -0.00236987 -0.00223728 -0.000548192 -0.00348702 -0.00162862 -0.00220867 -0.000201671 -0.00297227 -0.00197213 -0.00218666 -0.00376277 0.00168656 -0.00409672 -0.00108981 -0.00107888 -0.00194689 -0.00259455 -0.000556086 -0.0023473 -0.00302337 -0.00267802 0.0011054 -0.00138105 -0.00210159 -0.000350864 -0.00152933 -0.00230421 -0.00248737 -0.00402996 -0.00134137 -0.00254728 -0.0027889 -0.000237467 -0.0017679 -0.00176031 -0.00116618 0.000619314 -0.00264292 -0.00265777 -0.00188169 -0.00246162 -0.00186347 -0.00294084 -0.000529047 -0.00152577 -0.00199617 0.000741657 -0.00445755 0.000433026 -0.00271775 -0.00215253 -0.0012247 -0.00105578 -0.000993842 -0.00131501 0.00111605 -0.00441553 -0.00195059 -0.00485866 -0.0015899 -0.00339412 -0.000998191 0.00117446 -0.00246713 -0.00122372 -0.00166822 
-0.00179976 -0.00146907 0.00107376 -0.00155806 -0.00448834 -0.0021237 -0.000825171 -0.000928929 0.00184368 -0.00229232 -0.00483334 -0.0040983 0.00383878 -0.00328325 0.00356899 -0.00520794 0.235348 -0.00597728 -0.00367902 -0.00840563 -0.000590917 0.000442343 -0.0115055 -0.0118117 -0.00156698 -0.00285757 -0.0124662 -0.0147381 -0.0109606 -0.0039447 -0.00884735 -0.000666036 -0.0042187 -0.00343374 -0.001619 -1.50666e-05 -0.00503618 -8.37138e-05 -0.000893433 -0.00278462 -0.00254632 -0.000607255 -0.0034864 -0.00207291 -2.09014e-05 -0.00169593 0.000749464 -0.000187242 -0.00370336 -0.00250354 2.69594e-05 -0.00205588 -0.00178929 -0.00288413 0.0007674 -0.00268543 -0.000504624 -0.00400182 -0.00140366 0.000560442 -0.00245515 -0.00152801 -0.000477478 0.000966468 -0.0030948 -0.00275035 0.000499805 -0.00123831 -0.00201073 -0.00224546 -0.00327632 -0.00419484 0.000670136 -0.000652373 -0.000494182 -0.000572953 -0.00286968 -0.00270893 -0.00192928 -0.000859688 -0.00317145 -0.00238509 -0.00205393 0.000389087 -0.00213323 -0.000307773 -0.0033718 -0.00188085 -0.00332545 -0.00376011 -0.00336321 -0.00215697 0.000631371 -0.000764179 -0.00154778 -0.00165984 -0.000950651 -0.00233182 -0.00146739 -0.000228065 
-0.00129229 -0.000968008 -0.00273254 -0.000326996 0.000766931 -0.00167076 -0.00562656 -0.00523188 -0.000847179 -0.00457174 -0.00160344 -0.00153337 -0.00648979 -0.0052943 -0.00616484 -0.00939709 -0.00597728 0.245532 0.000406575 -0.00527649 -0.00974242 0.00134563 -0.00418036 -0.00898771 -0.00670451 -0.00835825 -0.0060809 -0.00219436 -0.00278418 -0.00823374 -0.0066389 -0.00162478 -0.00293216 -0.00204601 -0.00192817 -0.00171931 -0.00287877 -0.000566734 -0.00204531 -0.00028921 -0.00202847 -0.00213856 -0.00147915 -0.00205419 -0.000616836 -0.00440993 -0.00217243 -0.000464916 -0.0015403 -0.00226369 -0.00213322 -0.00100344 -0.000981882 -0.00346179 -0.00445114 -0.00239374 -0.00270008 -0.00402689 -0.00100259 -0.00342441 -0.00109408 -0.000935291 0.000124091 -0.00186757 0.00083159 -0.00201762 -0.00370007 -6.56458e-05 -0.00188946 -0.00290987 -0.00235739 0.00182485 0.000671548 -0.00257725 -0.00383629 -0.000906627 -0.00263827 -0.00254234 -0.000718755 -0.00396016 -0.00267088 -0.0010557 -0.0015857 -0.00235534 -0.0020928 -0.000255302 -0.000733811 -0.00415801 -0.000506958 -0.00216682 0.000433396 -0.00059981 -0.00274447 -0.000407359 -0.00247215 -0.00208759 0.000793515 -0.00226376 0.000872214 -0.00174156 
-0.000374929 -0.00262937 -0.00254159 -0.0063073 -0.00528184 -0.00431987 -0.00366076 -0.00285734 -0.00431097 -0.000756198 -0.00458846 -0.00185164 -0.00659389 0.00124987 -0.0100819 -0.000475382 -0.00367902 0.000406575 0.247581 -0.00208128 -0.0103698 -0.0130914 -0.00056334 -0.00618293 -0.00627481 -0.007977 -0.00785539 -0.00391804 -0.00566634 0.000422701 -0.00290084 -0.00567443 -0.00493011 -0.00330951 -0.00421102 -0.00336841 -0.0017092 -0.00317121 -0.00107895 -0.00228198 0.000356515 -0.00174238 -0.00167581 -0.000482648 -0.00400378 -0.00263642 -0.00250925 0.0014524 -0.00247987 -0.00243675 -0.00185192 -0.000931102 -0.000863309 -0.002801 -0.00128649 -0.00106494 -0.000876742 -0.00074215 -0.00210482 -0.0015589 -0.00376441 -0.0023915 -0.000725189 0.00165709 -0.0014154 -0.00260044 -0.00194174 -0.00293529 -0.00237233 -0.000169697 -0.00118048 -0.00153447 -0.00102351 -0.00310487 -0.00113219 -0.000198256 -0.00179946 -0.00181978 -0.00157085 -0.00130822 -0.00236355 -0.000565689 0.000311846 -0.00218597 -0.0023552 -0.00140798 -0.00313836 -0.00260132 -0.00130393 0.000853043 -0.00149478 -0.002348 -0.0032415 6.47086e-05 0.000127737 -0.00236363 -0.00218906 -0.00283532 -8.14239e-05 -0.00204446 
-4.3144e-07 0.00108177 -0.00320558 -0.00425942 -0.00349178 -0.000360821 -0.000800873 -0.00322075 -0.00444639 -0.00378213 -0.00223085 0.00258486 -0.00907034 -0.0112836 -0.00772729 -0.00395431 -0.00840563 -0.00527649 -0.00208128 0.24516 0.00533731 -0.000802317 0.00245269 -0.00195209 -0.00835266 -0.00375162 -0.00753403 -0.00219884 -0.0062203 -0.00532495 -0.0049895 -0.00409822 -0.0044841 -0.0016562 -0.00143974 -0.00327869 -0.00433642 -0.000389971 -0.00239191 -0.0046336 -0.00367549 -0.00228396 -0.000677491 -0.00146922 -0.00316227 -0.00300911 -0.00242401 -0.00255852 -0.00174383 -0.00344161 -0.00298017 -0.00341924 -0.00194093 -0.00121653 -0.00120656 -0.00352989 -0.00116567 -0.00381273 0.0020678 9.74765e-05 -0.000880779 -0.00148716 5.99794e-05 -0.00027197 -0.0021711 -0.00157239 -0.00179662 -0.00122896 -0.00367144 -0.0012426 -0.00212553 -0.00600001 -0.00111176 -0.00191377 -0.000932767 -0.0035113 -0.00167428 -0.00167262 -0.00275739 -0.00160428 -0.000171487 -0.00268132 -0.00216962 -0.00384002 -0.00169146 -0.000688795 -0.00206989 -0.000532567 -0.0011045 -0.000535369 -0.00520657 -0.000799037 -0.00175806 -0.00385859 -0.00269893 -0.000736724 0.000570865 -0.0032323 -0.00320378 0.000343509 
-2.45418e-05 -0.0027925 -0.00205271 -0.00126756 -0.0029708 -0.00255525 -0.00157883 -0.00711738 -0.0050508 -8.02524e-05 -0.00255644 -0.00576142 -0.0082262 -0.00670324 0.00278952 -0.00936559 -0.000590917 -0.00974242 -0.0103698 0.00533731 0.245465 0.00066845 0.00787107 -0.00548564 0.00295618 0.00105505 -0.00262551 0.000209038 -0.0031113 -0.00341562 -0.00317357 -0.00381639 -0.00230817 -0.00191284 -0.00300021 -0.00273618 -0.00300301 -0.00490619 -0.00276417 -0.00154044 -0.00270549 -0.00376412 -0.00204763 -0.00303905 -0.000202213 -0.00450269 -0.00168014 -0.00236768 -0.00219885 -0.00319041 -0.00308785 -0.00346234 -0.00183166 -0.00317331 -0.00126498 -0.00292363 -0.0024697 -0.00282662 -0.00153012 -0.000712608 -0.0026302 -0.0035111 -0.000134869 -0.00268688 -0.00243243 -0.00227723 -0.0015628 -0.00176759 -0.00345754 -0.00115943 -0.00120122 -0.00160011 -0.000769875 0.000351335 0.00105 -0.00553028 -0.00434716 -0.00266127 -0.00198374 -0.00114319 -0.00351841 -0.00218656 -0.00308215 -0.00247602 -0.00216944 -0.00328293 -0.00126674 -0.000819975 -0.00312349 -0.00190735 -0.00320997 -0.00315607 -0.00265968 -0.00466687 -0.00167133 -0.0038944 -0.00458553 -0.0017154 -0.00323597 -0.00268097 
-6.68057e-05 -0.00340822 -0.00141448 -0.000621267 -0.00163656 -0.00212039 -0.00542573 -0.00400509 -0.0050065 0.00023866 -0.00294069 -0.00729927 -0.0101856 -0.00680723 -0.00261107 -0.0111519 0.000442343 0.00134563 -0.0130914 -0.000802317 0.00066845 0.249739 9.54837e-05 -0.000289057 0.00232003 -0.00306094 -0.00432413 -0.00759981 -0.00795431 -0.00229975 -0.00748121 -0.00149667 -0.000874532 -0.00548851 -0.00246877 -0.000332679 0.000103235 -0.00181589 -0.000968044 -0.000230237 -0.00326834 -0.00407082 -0.00147149 -0.00286503 -0.0010799 -0.00205154 -0.00054739 -0.00374577 -0.00123949 -0.00351789 -0.00308213 -0.00229091 -0.00258288 -2.91219e-05 -0.00304784 -0.00423924 -0.00273916 -0.00142633 -0.00143702 -0.00111445 -0.000973326 -0.00268104 -0.00351028 -0.00119993 -0.00202379 -0.00313529 -0.000651354 -0.00060478 -0.00227634 -0.00451795 -0.00327002 -0.00110825 -0.000486506 -0.00124552 -0.00149174 -0.00394708 -0.00111981 -0.00444844 -0.00247832 -0.000365483 -0.00404089 -0.00193071 -0.00249255 -0.00169511 -0.00351639 -0.00249164 -0.00270159 -0.00123948 -0.00350271 -0.00463691 -0.00275282 -0.00256156 0.000679435 -0.00144177 -0.00106378 -0.00157487 -0.000445206 -0.000751664 -0.00126738 -0.00286378 
-0.0010885 -0.00266601 -0.00197455 -0.00042078 -0.0037696 -0.00413938 -0.00363963 -0.00461085 -0.0029859 -0.00464402 -0.00650822 -0.00550525 -0.0110954 -0.00518872 -0.00149648 -0.00925899 -0.0115055 -0.00418036 -0.00056334 0.00245269 0.00787107 9.54837e-05 0.249327 0.00684442 -0.00500967 -0.00690788 0.0047745 -0.00941095 -0.00859741 -0.00856655 -0.00361828 -0.00829293 -0.00229597 -0.00180043 -0.00229111 -0.00480552 -0.000330919 -0.0036161 0.000177967 -0.00286856 -0.00185862 -0.00486557 -0.00154447 -0.00289047 -0.00246219 -0.00235399 -0.000772445 -0.00125688 -0.000113622 -0.00471301 -0.00164073 -0.00392595 -0.00108188 -0.000909091 -0.00268708 -0.00277777 -0.00265595 0.000114807 -0.00296846 -0.00198824 -0.00179839 -0.00195817 -0.00142935 -0.00409207 -0.000250375 -0.00193376 -0.000761379 -0.00347385 -0.00182219 -0.00036402 -0.00396889 -0.000383179 -0.00232151 -0.00283872 0.00105309 -0.0032615 -7.65833e-05 0.000860692 2.70598e-05 -0.00297526 -0.0027762 -0.00155816 -0.000490771 -0.00191238 -0.00117366 -0.002274 -0.00245118 -0.0014906 -0.00657096 -0.000547003 -0.00227326 -0.00139205 0.00129418 -0.00262756 -0.00307976 -0.00332957 -0.00285165 -0.00436341 -0.00165415 -0.00124768 
-0.00476306 0.00162854 -0.00416869 -0.00217419 0.000955405 -0.00103059 -0.0019015 -0.00269183 -0.00298536 -0.00579877 -0.00219435 -0.00288269 8.71284e-05 -0.000284493 -0.00558266 -0.00476111 -0.0118117 -0.00898771 -0.00618293 -0.00195209 -0.00548564 -0.000289057 0.00684442 0.249482 -0.00626819 0.0002006 -0.00893766 -0.0100238 -0.00495834 -0.00869431 -0.00604145 -0.00461752 -0.00511379 -0.00364701 -0.0025388 -0.00199791 -0.000979292 -0.00290405 -0.00192039 -0.000122583 -0.00287176 -0.00281582 -0.00232355 0.00149044 -0.00253111 -0.00346558 -0.00148439 -0.00105671 -0.000904857 -0.00144445 -0.00206233 -0.00106295 -0.000694055 -0.00228281 -0.0022856 -0.00252305 -0.000240623 -0.000704044 -0.00309118 0.000721376 -0.00138247 -0.00179511 -0.00290881 -0.000601305 -0.00193178 -0.00224591 -0.000980294 -0.00218718 -0.00480188 -0.00246994 -0.0027355 -0.00212548 -0.00241013 7.50492e-05 -0.00328633 -0.00123077 -0.00222645 -0.00153167 -0.001099 -0.00196212 -0.00169174 -0.00143877 -0.00115379 -0.00249906 -0.00465521 -0.00224253 -0.000281103 -0.00125923 -0.00413216 -0.00273801 -0.00289221 -0.00152743 -0.00139006 -0.00477765 -0.00091663 -0.000772355 -0.00248916 -0.00100906 -0.00081057 -0.00435796 
-0.00139454 -0.00317583 0.00034794 -0.00433216 -0.00505405 -0.000889649 -0.0027613 -0.00486646 -0.0041175 -0.00132292 -0.00290951 -0.00825742 -0.00409903 -0.0025575 -0.00231538 -0.00866257 -0.00156698 -0.00670451 -0.00627481 -0.00835266 0.00295618 0.00232003 -0.00500967 -0.00626819 0.246691 0.00344408 0.000922662 -0.00629519 -0.00125008 -0.00207652 -0.0089814 -0.00206508 -0.00201945 0.000141228 0.00104823 -0.00208937 0.000517418 -0.00162804 -0.00335632 -0.00137673 -0.00370086 0.000292717 -0.000443608 -0.00455472 -0.00256153 -0.00395417 -0.00345078 -0.00438508 -0.00425845 -0.000920638 -0.00110876 -0.00446366 -0.00161064 -0.00375901 -0.00218935 -0.00139072 -0.00239781 -0.00354141 -0.00297537 -0.00166819 -0.00147502 -0.00331532 -0.00206661 -0.00100355 -0.001629 -0.00235206 -0.00105154 -0.0038177 -0.00299026 -0.00351324 -0.000712883 0.000118955 -0.00432496 -0.00206232 -0.00119784 -0.00223761 -0.00191937 -0.00231094 -0.00244299 -9.71194e-05 0.000820215 -0.0026718 -0.00120661 -0.00266041 -0.00218415 -0.00211795 -0.00226301 -0.00417515 0.000395226 -0.00100302 -0.00273462 -0.00209018 -0.00234345 -0.00359441 -0.0022442 -0.00215211 -0.00244042 -0.00181811 -0.00279417 -0.00363575 
-0.00363922 -0.0018343 -0.000857763 -0.00371438 -0.0025115 -0.00260784 -0.000997395 -0.00267952 -0.00278729 -0.00154267 -0.00430061 -0.00656132 -0.00528517 -0.00740616 -0.00761243 -0.00851119 -0.00285757 -0.00835825 -0.007977 -0.00375162 0.00105505 -0.00306094 -0.00690788 0.0002006 0.00344408 0.243612 0.00645047 0.00120324 -0.00149723 -0.005746 -0.00217886 -0.00348042 0.000952636 -0.00751565 -0.00361837 -0.00231487 -0.00402172 -0.00482107 -0.000878262 -0.00210611 -7.75974e-05 -0.00113106 -0.00210345 -0.00182828 -0.00192557 -0.00349943 -0.000968495 -0.00229022 -0.00281913 -0.00142419 -0.00100846 -0.00378452 -0.00253508 -0.00309084 0.000416182 -0.0030036 -0.00380913 -0.00167699 -0.000194389 -0.00341893 -0.00142035 -0.00239389 0.00071911 -0.00339516 -0.00347308 -0.0016579 -0.00118739 -0.00463456 -0.000762063 -0.00152912 -0.00433249 -0.00162148 -0.00209392 -0.00276085 -0.00283403 -0.0024396 -0.00242791 -0.00200431 -0.00240011 -0.00495276 -0.00267282 -0.00186788 -1.8519e-05 -0.00350661 -0.00206473 0.000401748 0.000376364 -0.00493187 0.001272 -0.00376415 -0.00131784 -0.00244603 -0.00109759 -0.0028372 -0.00332457 -0.00027139 -0.00208721 0.000413641 -0.0025981 -0.00286011 
-0.00279424 -0.00388663 -0.00138902 -0.00173862 -0.00228694 -0.00109339 -0.00292773 -0.00196006 -0.0031666 -0.00965785 -0.00292822 -0.0066058 -0.00862473 -0.0111677 -0.00351512 0.000245695 -0.0124662 -0.0060809 -0.00785539 -0.00753403 -0.00262551 -0.00432413 0.0047745 -0.00893766 0.000922662 0.00645047 0.236557 0.000198732 -0.00168819 -0.00321969 -0.000592825 -0.00321259 -0.00275113 -0.00233184 -0.00399828 -0.00411849 -0.00542551 -0.00368874 -0.0023614 -0.00307542 -0.00012969 0.00121395 -0.00165973 -0.00155868 -0.000963624 -0.00160294 0.000123764 -0.00209871 -0.00274594 -0.000652561 -0.00137339 -0.000792818 -0.00238695 -0.00324738 -0.00122758 -0.000682097 -0.00237307 -0.000927733 -0.00499583 0.000145643 -0.00106112 -0.00088187 -0.00162698 -0.00287457 -0.00243792 -0.000424988 -0.00291352 -0.00151233 -0.00167273 -0.00247976 -0.00234314 -0.000891523 -0.00263769 -0.00189854 -0.00197287 -0.000374893 -0.00270066 -0.000852984 -0.000689948 -0.00246695 -0.00240999 -0.00284616 -0.00122483 -0.00214266 -0.001701 -0.00219587 -0.000949091 0.000342684 -0.00300857 -0.00168693 -0.00319173 -0.00181991 -0.00506353 0.000380842 -0.00268031 -0.00195161 0.000606958 -0.0021825 -0.000493003 -0.0022504 
-0.00130022 -0.00299907 -0.00297002 -0.00109976 -0.00211765 -0.00301538 -0.00293623 -0.00205661 -0.00368232 -0.00318077 -0.00427467 -0.00446794 -0.00354821 -0.00125918 -0.00337568 -0.00100836 -0.0147381 -0.00219436 -0.00391804 -0.00219884 0.000209038 -0.00759981 -0.00941095 -0.0100238 -0.00629519 0.00120324 0.000198732 0.216589 0.000194894 -0.00261932 -0.00290763 0.00287639 -0.000799897 -0.00120333 -0.00106902 -0.00132362 -0.00226752 -0.00172867 -0.00411323 -0.000509094 -0.000926443 -0.00435002 -0.00195133 -0.000892016 -0.00116682 -0.00198651 -0.00172709 -0.00255312 -0.00243852 -0.00201752 -0.0020205 0.000254017 -0.00264634 -0.000142801 -0.00183695 -0.00117112 -0.00263944 -0.000189314 -0.00249583 -0.00243387 -0.00296291 -0.0036196 -0.00414801 -0.00369528 -0.00133694 -0.000413976 -0.00372904 -0.0023935 -0.000578105 -0.00133895 -0.00141274 -0.00178511 -0.00377151 -0.00232437 -0.00237855 -0.00157466 -0.000335656 -0.00126993 -0.00137015 -0.00169305 -0.00262852 -0.00218046 -0.00277147 -0.00106255 0.000610137 0.000575897 -0.00215107 -0.00243723 -0.000444946 -0.00167118 0.000802829 -0.00164169 -0.00234124 -0.000295013 -0.000951075 0.000217197 -0.00233077 -0.000578707 -0.00162598 -0.00268958 
-0.00226922 -0.00107649 -0.000307343 -0.00025214 -0.00141061 -0.00261371 -0.000715699 -0.00258495 -0.00339769 -0.00245223 -0.00084481 -0.0036418 -0.00251987 -0.00509126 -0.00454714 -0.000911642 -0.0109606 -0.00278418 -0.00566634 -0.0062203 -0.0031113 -0.00795431 -0.00859741 -0.00495834 -0.00125008 -0.00149723 -0.00168819 0.000194894 0.17293 -0.000602662 -0.000927545 0.00185682 0.000288603 -0.00120156 -0.00129862 -0.00132586 -0.00204468 -0.00240431 -0.000587566 -0.00267398 -0.000403277 0.000460466 0.000244892 -0.0020076 -0.000548223 -0.000676735 -0.00253045 -0.000513241 -0.00330043 -0.00051792 -0.000450539 -0.000382843 -0.0017178 -0.00122838 -0.00223385 -0.000857408 -0.00138793 -0.001135 -0.00201241 -0.0017243 -0.000484923 -0.00108476 0.000415783 -0.0015576 -0.001456 -0.00117855 -0.00250937 -0.0013184 -0.0022936 -0.000234555 -0.00107726 -0.00100761 -0.00205405 -0.00209295 -0.00280705 -0.000474357 -0.00147312 0.000142212 -0.00120884 -0.00237455 -0.00159824 -0.00181747 -0.000682158 -0.000789429 -0.000158702 -0.00262851 -0.00135633 -0.00210767 -0.000456469 -0.000675107 -0.00113186 -0.00157192 -0.00143642 -0.00137417 -0.00289682 -0.00126385 -0.00203086 -0.000635717 -0.00059888 0.00138475 
-0.00236829 -0.000626908 -0.00126059 -0.00185485 -0.00263871 -0.00307522 0.000363752 -0.00133558 -0.00202845 0.00199752 -0.00315907 -0.00383585 -0.00454691 -0.00547499 0.000503363 -0.00361774 -0.0039447 -0.00823374 0.000422701 -0.00532495 -0.00341562 -0.00229975 -0.00856655 -0.00869431 -0.00207652 -0.005746 -0.00321969 -0.00261932 -0.000602662 0.180605 -0.00206194 -0.000846099 0.00167768 -0.000659443 -0.00227454 -0.00234996 -0.00137299 -0.00019888 -0.0016016 -0.00126221 -0.00278701 0.00108994 0.00029181 -0.000285234 -0.00184947 -0.000692156 -0.00212782 -0.00238184 -0.00188969 -0.00148547 -0.00178183 -0.00102656 -0.00121178 -0.000480122 -0.000790037 -0.00070184 -0.00154195 -0.00234077 -0.00237509 -0.00116849 -0.00177421 -0.0014441 -0.00380046 -0.00212987 -0.00164673 -0.00141801 -0.00109533 -0.00121567 -0.00142425 0.000351788 -0.00128704 -0.0018686 -0.000401139 9.24822e-05 -0.000625666 -0.00269745 -0.000647064 -0.00305704 -0.00190305 -0.00300641 0.000687459 -0.00202753 -0.00282244 1.59297e-05 -0.0013322 -0.00160805 -0.00159401 -0.0011305 -0.000208777 -0.000141881 -0.00173325 0.000899896 -0.00245788 -0.00236777 -0.00066983 -0.00101385 -0.00110146 -0.00262974 -0.00442134 -0.000185049 
-0.00116647 -0.00107615 -0.00252256 -0.00264317 0.00131623 -0.00071692 -0.00172426 -0.00224829 -0.000305405 -0.00249044 -0.00169527 -9.07633e-05 -0.0024591 0.00114978 -0.00354301 0.00229298 -0.00884735 -0.0066389 -0.00290084 -0.0049895 -0.00317357 -0.00748121 -0.00361828 -0.00604145 -0.0089814 -0.00217886 -0.000592825 -0.00290763 -0.000927545 -0.00206194 0.174451 -0.00352465 -0.00138893 0.0013314 -0.00244618 -0.00145304 -0.0014966 -0.00255629 -0.000318014 0.000319236 -0.000105802 -0.00177555 -0.00208177 -0.000915508 -0.00169277 0.000253248 -0.00239528 -0.00250451 -0.00123462 -0.000526048 -0.00214704 -0.000613929 -0.00181494 -0.00149587 -0.000716702 -0.00104753 -0.000396203 -0.00146147 -0.00135359 -0.000921261 -0.00142725 -0.000751473 -0.00201301 -0.00174004 0.000928696 -0.00103853 -0.00105934 -0.000513781 -0.00155814 -0.00325556 -0.00115263 -0.00170401 -0.00145743 -0.00289762 -0.0024738 -0.00248804 -0.00294312 -0.000917519 -0.000892494 -0.00111594 -0.000753367 0.000797488 -0.00261488 -0.00195794 -0.000944506 -0.00248043 -0.00105219 -0.00303211 8.95345e-06 -0.00175654 -0.000991617 -0.00209589 -0.000770561 -0.00056502 -0.00159277 -0.00142163 -0.00290798 -0.00246578 -0.00155573 -8.35112e-05 
-0.00201853 -0.00113895 -0.0016812 -0.00196512 0.000313122 -0.000819477 -0.000610292 0.000981477 -0.000343943 -0.000919358 -0.000453974 -0.000169915 -0.00287247 -0.00300991 -0.00329465 -0.00503506 -0.000666036 -0.00162478 -0.00567443 -0.00409822 -0.00381639 -0.00149667 -0.00829293 -0.00461752 -0.00206508 -0.00348042 -0.00321259 0.00287639 0.00185682 -0.000846099 -0.00352465 0.139937 -4.33782e-05 -0.00105598 -0.000205738 -0.000267251 -0.000147568 0.000824624 -0.000886898 -0.000281627 -0.00139223 -0.00210556 -0.000512368 -0.000870653 -0.000352987 -0.00238848 -0.00209074 -0.00141737 -0.00139062 -0.0021805 -0.000736953 -0.000501198 -0.0013668 -0.000710375 -0.00104268 -0.0022312 0.000552239 -0.000616344 -0.00064441 -0.00295911 -0.00179098 -0.000947402 -0.00253407 -0.00207169 -0.00222626 -0.002439 -0.000806753 -0.00193309 -0.00163513 -0.00127339 -0.00168823 -0.00124307 -0.00163272 -0.00166699 -0.00217497 8.94189e-05 -0.000651409 -0.00205685 -0.00109296 -0.000629812 -0.0018286 -4.57231e-05 -0.00118917 -0.000155526 -0.00023519 -0.00185465 -0.000530341 -0.00190533 -0.000244163 -0.0011474 -0.00173714 -0.000653684 -0.00372525 -0.00103685 -0.000460524 -0.000714391 -0.000385697 -0.00114352 -0.00111382 -0.000681829 
