0.0887888 -0.000498061 -0.000721086 -0.000788517 -0.0013479 -2.66301e-05 -0.000748027 -0.000819283 -0.00122276 -0.00198193 0.000366783 -0.00150931 -0.00191477 -0.00207972 -0.00225855 0.000652394 -0.00238417 -0.00260703 -0.00128109 -0.00169422 -0.00593564 -0.00424135 -0.00227965 -0.00267201 -0.00410742 -0.00109997 -0.000719342 -0.0011734 -0.000689701 -0.00117503 -0.000309171 -0.000645895 -0.000459102 -0.000819021 -0.000565678 -0.000494393 -0.00082943 -0.000505259 3.39317e-05 -0.00127618 -0.000238875 -0.000520703 -0.000473106 -0.00031509 -0.000331843 -0.000108762 -0.000797268 -0.00143348 -0.000641086 -0.00146411 -0.000981819 -0.000555693 -0.00113197 -0.000340818 -0.000546982 -2.81649e-05 -0.000536598 5.82577e-05 -0.00122019 -0.0010281 -0.000628537 -0.000834673 -0.000896496 -0.000742954 -0.00077214 -0.000127867 1.32735e-05 -0.000422576 0.00026435 -0.000132096 -0.000290954 -0.000883041 -0.000898033 -0.000685937 -0.000926611 -0.000478338 -0.000325598 0.000505932 -0.000422063 -0.000755781 -0.00103413 -0.000686077 -0.000157163 -0.00130243 -0.000196322 -0.0010309 -0.000988587 -2.11914e-05 -0.000912279 -0.00117253 -0.000565892 -0.00023813 -0.000459664 -0.00125053 -0.000690703 -0.00091538 -0.000282343 -0.000272841 -0.00105081 -0.000656766 
-0.000498061 0.0860069 -4.66807e-05 -0.000609203 -4.93051e-05 -0.000345469 -0.000411493 -0.00166347 0.000593944 -0.00113859 -0.000443413 -0.00175935 -0.00153695 -0.00413681 -0.00338901 -0.00160734 -0.00336012 6.15924e-05 -0.00145746 -0.001782 -0.00388196 -0.00295491 -0.00324799 -0.000431735 -0.00258634 -0.00276731 -0.000857188 -0.00276175 -0.00148149 0.000424993 -0.00107744 -0.000113931 -0.000987473 -0.000847857 -0.0014874 -0.000435475 -0.000598467 -0.000386289 -0.000233128 -0.000763087 -0.0003708 -0.000800963 -0.00105937 -0.000701298 -0.0015588 -0.000578881 -0.000166753 -0.000113304 -0.000559799 -0.000545676 -0.00136006 -0.000802076 -0.00056497 -0.000429604 -0.000173116 -0.000530745 -0.000960995 -0.000992583 7.56871e-05 -0.000432975 -0.000769688 -0.000577353 -0.000579026 -0.000654335 -0.000773707 -5.2414e-05 -0.000642146 -0.000408922 -0.000166218 -0.000168082 -0.00161833 -0.00045982 3.41193e-05 -0.000916452 -0.000510259 -0.000666965 -0.000210155 -0.00118426 -0.00103601 -0.00065347 -0.00129586 -0.000515583 -0.000351449 -0.000511007 0.000215759 -0.00117165 -0.000371521 -0.000665118 5.87651e-05 -0.000618709 -0.000428652 -0.000248496 -0.000155851 -0.000864517 -0.00141419 -0.000148798 -0.000958843 -0.000313504 -0.000726368 0.000174678 
-0.000721086 -4.66807e-05 0.0654857 0.00038265 -0.000176052 -0.000148236 -0.000460811 -0.000282647 0.000466356 -0.00110555 -3.31427e-05 -0.00241417 5.71622e-05 -0.00136212 -0.00178161 -0.00120647 -0.00127431 -0.00162879 -0.000850219 -0.0024721 -0.000115677 -0.00256194 -0.00254893 -0.000982533 -0.00246086 -0.00294645 -0.000820599 -0.00216405 -0.00333686 -0.00133334 -0.000616948 -0.00065953 -0.000947103 -0.00134895 -0.000994817 0.00057026 -0.000156374 -0.000183656 -0.000112657 -0.000722083 -0.000682514 -1.95171e-05 -0.000507765 -0.000704861 0.000204328 -0.000105445 -0.000717248 -0.000621344 0.000253487 -0.000990194 -1.61287e-05 -0.000815971 -0.000686917 0.000126811 -0.000468527 -0.000532849 -0.00064045 0.000485182 -0.00091705 -0.000272046 -0.000879167 0.000132848 -0.000235957 -0.00102073 -0.00039548 -0.000162296 -0.00113245 3.47561e-05 -0.000566962 -0.000794091 -0.000256218 -0.000482222 -0.000603233 -5.23137e-05 0.000165426 -0.00111618 -0.00070844 0.00023526 -0.000106912 -0.00098848 0.00017951 5.08862e-05 -0.000692948 -0.000324364 0.000175778 -0.000535313 -0.0012044 -0.00098423 -0.000148445 -0.000200905 -0.000579478 -0.000588123 -0.000542604 -0.000957586 -0.00061177 -0.000508393 -0.000321399 -0.000668229 -0.000873474 -8.74658e-05 
-0.000788517 -0.000609203 0.00038265 0.0840028 0.000520208 -0.000869105 -0.0004743 -8.4174e-05 -0.000679382 -0.00209626 -0.0019269 -0.0025605 -0.00373437 0.000908286 -0.00328731 -0.00133736 -0.000215457 -0.000695589 -0.00289886 -0.00319217 -0.00136418 -0.000990326 -0.00287287 -0.00303335 -0.00265818 -0.00110951 -0.000984458 -0.00505768 -0.00090522 -9.4692e-05 -0.00152095 -0.000676442 -0.000631106 -0.00205005 -0.000306033 -0.000177093 -0.000854967 -0.000183172 -0.000354068 -0.0010125 -0.000917719 -0.00108532 7.84653e-05 -0.0012239 -0.000280552 -0.000204629 -0.000875801 -0.000803916 -0.000340767 6.71792e-05 -0.000207845 -0.000128626 -0.000512599 -0.000590378 -0.000481004 8.35997e-05 -0.000564246 -0.000599662 -0.000683193 -4.82514e-05 -0.00037109 0.000202594 -0.00027035 -0.00104468 -0.000690234 -0.000788152 -0.00034288 -0.000861867 -0.000211264 -0.00014528 -0.000174331 0.000250753 -0.000459553 -0.000637009 -2.51194e-05 -0.000263631 -0.000436107 -0.000987932 -0.000727048 -0.00121009 -0.00100732 -0.000898032 -0.000644226 -0.000296291 -0.00115621 -0.000690135 -0.000655229 -0.000783362 -0.000775225 -0.000956501 -0.000690532 -0.000508177 -0.000806897 -0.00126196 -0.000612394 -2.26631e-05 -0.000337207 -0.000237345 -0.00205823 -0.000617271 
-0.0013479 -4.93051e-05 -0.000176052 0.000520208 0.0950374 -0.00034777 -0.000656625 0.000366329 -0.00106072 -0.000872747 -0.00172836 -0.000663263 -0.000706426 -0.00196109 -0.000917123 -0.00456608 -0.00377125 0.00109104 -0.00297129 -0.00255431 3.3201e-05 -0.0016553 -0.00353788 -0.00379942 -0.000654526 0.00140987 -0.00138739 -0.00257815 -0.00176694 -0.000398292 -0.000124012 -0.00204189 -0.00140141 -0.00128501 -0.0010655 -0.000978894 -0.00116058 -0.000780396 -0.000969433 -0.00105182 -0.00123665 -0.00100132 -0.000732831 -7.40866e-05 -0.000718703 -0.00167539 -0.000940506 -0.00135595 -0.000632585 0.000254284 -0.000632281 -0.00105411 -0.000412985 0.000335539 -0.000329211 -0.00160257 -0.00106615 -0.000856315 -0.00114426 -0.000838778 -0.00167835 -0.000613283 -0.000339609 -0.000563879 0.00049131 -0.00052813 -0.000208227 -0.000267897 -0.00012352 -0.00232107 -0.00110075 -0.000889191 -0.00158324 -0.0013632 -0.000897947 -0.00154155 -0.000824595 -0.00104706 -0.000817658 -0.000188341 -0.00171026 -0.000581843 -0.000786445 -0.000721432 -0.000203263 -0.00165476 -0.000863084 -0.000870545 0.000426999 -0.00157058 -1.91499e-05 -0.000376339 -0.000853101 -0.000380255 -0.000805388 -0.000936489 -0.00133248 -0.000671091 -8.81453e-05 -0.00135217 
-2.66301e-05 -0.000345469 -0.000148236 -0.000869105 -0.00034777 0.0935705 0.000203395 7.45212e-06 -0.00154916 -0.00200713 0.000611007 -0.00205325 -0.00258199 -0.00332431 -0.00309204 -0.00433969 -0.0021145 -0.00294584 -0.00124433 -0.00169115 -0.00446667 -0.00296092 -0.00153565 -0.00102271 -0.00239946 -0.00260726 -0.000546065 -0.00317034 -0.00219833 -0.000830324 -0.0017509 -0.00103617 0.000315379 -0.00120083 7.14896e-05 -0.000637939 -0.00135221 -0.000878727 -0.000607563 -0.000134282 -0.00012697 -8.41602e-05 -0.000769079 -0.00113575 -0.000781924 -0.000578771 -0.000275812 -0.0012997 -0.000440802 1.51946e-05 -0.000747144 0.000921216 -0.000472223 -0.000839751 -0.00062711 -0.0018374 -0.00126226 -0.000915786 -0.000558201 -0.000554841 0.000508956 -0.00085783 -0.000196673 -0.000743508 -0.000763641 -0.000490007 -0.00131008 -0.000182325 -0.000230644 -0.000771332 -0.00100169 -0.00105943 -0.00074042 -0.000651889 -0.00100238 -0.000510848 -0.000809613 -0.00143581 -0.000250096 -0.000588235 -0.000772416 5.62762e-05 0.000179247 7.61113e-05 -0.000880126 -0.000975471 -0.000404345 -0.000149271 -0.000495673 -0.00092603 -0.000545548 -0.000897764 -0.000765451 -0.00102716 9.145e-05 -0.000615824 -0.000461285 -0.000933293 -0.000641482 -0.0012155 
-0.000748027 -0.000411493 -0.000460811 -0.0004743 -0.000656625 0.000203395 0.128352 -0.000192796 -0.000283922 -0.000681839 0.000653971 -0.00263476 -0.00395832 -0.0022766 -0.0019491 -0.00327134 -0.00114131 0.00110238 -0.000715092 -0.000787954 -0.00371698 -0.00310054 -0.00326765 -0.00700918 0.000443626 0.00106225 -0.00265773 -0.00697679 -0.0035215 -0.00426139 0.000485034 0.000213078 -0.00274728 -0.00202414 -0.00101873 -0.00221306 -0.00197726 -0.00168109 -0.000950709 -0.00174618 -0.000959995 -0.00078624 -0.00129578 -0.000812973 -0.00140004 -0.00139762 -0.00212865 0.000604587 -0.00114139 -0.00171523 -0.000740876 -0.000654808 -0.00117223 -0.00101936 -0.00118353 -0.00199767 -0.00152229 -0.00034369 -0.00145903 -0.0012412 -0.000466872 -0.00116193 -0.00138597 -0.00130437 -0.00121331 -0.000925219 0.000124521 -0.00117153 -0.000517953 -0.000951807 -0.000182643 -0.000815167 -0.00186416 -0.000922406 -0.000605041 -0.00143426 -0.0010947 -0.00102644 -0.000796816 -0.00119385 -0.00119367 7.09959e-05 -0.00177664 -0.00196722 -0.00151289 -0.000525773 -0.00100081 -0.000982888 -0.0001737 -0.000661859 -0.00117636 -0.000447565 -0.000371858 -0.000997199 -0.00190239 -0.000396628 -0.00154167 -0.00210864 -0.00169868 -0.00135833 
-0.000819283 -0.00166347 -0.000282647 -8.4174e-05 0.000366329 7.45212e-06 -0.000192796 0.108795 -0.000520194 -0.000645617 -0.000453295 -0.00101615 -0.00108057 -0.00140961 -0.00173313 -0.00333845 -0.0017177 -0.00409751 -0.00903538 -0.00325718 -0.00193625 -0.00100963 -0.00402199 -0.00100985 -0.00450042 -0.00128662 0.000100932 -0.0020113 -0.00178939 -0.0013753 -0.00136206 -0.000792533 -0.000672565 -0.00252206 0.00022019 -0.00127292 -0.00118134 -0.000707568 0.000199824 -0.00121144 -0.000644516 -0.0012723 -0.000511416 -0.000446311 -0.000764098 -0.000895641 -0.000611496 -0.00148715 -6.38584e-06 -0.000712661 -0.000734453 -0.000191948 -0.000733522 -0.000565271 -0.00111815 -0.00173665 -0.000658538 -0.000735101 -0.000850534 -0.0015037 -0.00167351 -0.000417276 -0.00130672 -0.000766973 -0.000493158 -0.000140989 -0.00142849 -0.00118998 -0.000976433 -6.08727e-05 -0.00243813 -0.000929825 -0.00140234 0.00103611 -0.00104554 -0.0011759 -0.000701752 0.00071257 -0.00154853 -0.00104113 -0.000530034 -0.000372469 -0.000563502 -0.00110215 -0.000333132 -0.00110469 -0.000431565 0.000850537 -0.00148402 -0.0010367 -0.000615485 -0.000485179 -0.00144654 -0.00105471 -0.00113986 -0.00106086 -0.00114712 -0.000432604 -0.00167452 -0.00134637 
-0.00122276 0.000593944 0.000466356 -0.000679382 -0.00106072 -0.00154916 -0.000283922 -0.000520194 0.110336 -0.00151205 0.000354985 -0.00160927 -0.00175788 -0.00247644 -0.000626299 -0.00326654 -0.00284647 -0.000793231 -0.00310863 -0.00249615 -0.00540327 -0.00317197 -0.0065882 -0.00358919 0.00126107 -0.0019348 -0.00415114 -0.00173782 -0.00367874 -0.00048279 -0.00255884 -0.000443405 -0.00131403 0.00124891 0.000751336 -0.00179941 -0.00156505 -0.00107506 -0.000389534 -0.000998856 -0.000820675 -0.0011589 -0.00206473 -0.00062352 -0.00150445 -0.0021401 -0.000447264 -0.000199601 -0.000245666 0.000525339 -0.000754906 -0.00105726 0.000588664 -0.00013935 -0.00073239 -0.00158793 -0.00181494 -0.000494817 -0.00133383 -0.000771741 -0.00161634 -0.000349885 -0.00110153 -0.00148443 -0.000301147 -0.000509352 -0.00165069 -0.00108567 0.000224338 7.69836e-05 -0.00159594 -0.00113116 -0.000527084 -0.000436632 -0.000736068 -6.11536e-05 -0.00106906 -0.000664893 4.52645e-05 -9.19941e-06 -0.000113642 1.10699e-05 -0.00106 -0.00169215 -0.000735105 -0.00119901 -0.00012443 -0.000909649 -0.000838575 -0.000362693 -0.00157722 -0.000668303 -0.00201189 -0.000741397 -0.000474388 -0.000377106 -0.00109456 -0.00116201 -0.00114596 -0.00128273 
-0.00198193 -0.00113859 -0.00110555 -0.00209626 -0.000872747 -0.00200713 -0.000681839 -0.000645617 -0.00151205 0.149151 -0.0024512 -0.001261 -0.00253471 -0.0042286 -0.00303037 -0.00170732 -0.00190685 -0.00451781 -0.000510724 -0.00232869 -0.00359602 0.0018816 -0.00755799 -0.00339124 -0.00169591 -0.00397972 -0.00347263 0.00124078 -0.00386179 -0.00470209 -0.0043489 -0.00126365 -0.00264133 -0.00189924 -0.00309585 -0.000517242 -0.00201188 -0.00115078 -0.00104347 0.000295689 -0.00113118 -0.00127508 0.000263609 -0.000483242 -0.00203614 -0.00240342 -0.0010096 -0.000980753 -0.000433878 -0.00256898 -0.0012474 -0.00125068 -0.000862833 -0.000639492 -0.000204026 -0.00120666 -0.000255016 -0.000233469 -0.00237002 -0.00295492 -0.00252087 -0.000249131 -0.00141717 -0.00199834 -6.24511e-05 -0.000396192 -0.00194671 -0.000599243 -0.000767434 -0.0014759 -0.00274747 -0.000939171 -0.000711507 -0.000887012 -0.000164442 -0.00266626 -0.00195583 -0.0005227 -0.000309648 -0.00114744 -0.000862204 -0.000841842 -0.000573274 -0.00206773 -0.00102439 -0.0006532 -0.00196024 -0.000662249 -0.00165075 -0.00152928 -0.00174095 -0.00109968 -0.000647658 -0.00120243 -0.000560808 0.000209976 -0.00131943 -0.00134759 0.00153384 -0.00105209 
0.000366783 -0.000443413 -3.31427e-05 -0.0019269 -0.00172836 0.000611007 0.000653971 -0.000453295 0.000354985 -0.0024512 0.136714 -0.00234604 0.00432643 -0.000997571 -0.00229999 -0.00303997 -0.00257008 -0.00652947 0.000472645 -0.0072067 -0.00512354 -0.00149901 -0.0063866 -0.00184795 -0.00573522 -0.00655668 0.0004476 -0.00551315 -0.00191886 -0.00149289 -0.00405 -0.00330553 -0.00128269 0.00149559 -0.00106037 -0.000976312 -0.000739236 -0.00311775 -0.00121746 -0.00104977 -0.00151164 0.000336715 -0.00172011 -0.000811531 -0.000277046 -0.00110487 -0.000262863 -0.00194538 -0.00141069 -0.000979919 7.02818e-06 -0.000670902 -0.000668595 -0.000823244 -0.00104968 -0.00169677 -0.00194091 -6.71357e-05 -0.00226507 -0.0021084 -0.000489562 -0.00118543 -0.00118698 -0.000318321 -0.00182242 -0.00216357 -0.000337748 -0.00128742 -0.00143777 -0.000379271 -0.00168926 -0.00146841 -0.00032914 -0.00161455 -0.00145521 -0.000285095 0.000422714 -0.00193824 -0.00218188 -0.000374816 -0.00102029 -0.0011054 -1.15599e-05 0.000468481 -0.00104818 -0.000570864 -0.00194743 -0.00112631 -0.00100724 0.00019471 -0.000627766 -0.000831162 0.000345295 -0.000949655 -0.000744711 -0.00207338 -0.00141069 -0.00163336 -0.000972382 -0.00197891 
-0.00150931 -0.00175935 -0.00241417 -0.0025605 -0.000663263 -0.00205325 -0.00263476 -0.00101615 -0.00160927 -0.001261 -0.00234604 0.16861 -0.00291923 -0.00059245 -0.00148856 -0.00194893 -0.00438931 -0.00277053 -0.00356867 -0.00971967 -0.00839322 -0.00136 -0.00680729 -0.00899132 -0.00179646 -0.000289427 -0.00402313 0.000100268 -0.00120349 -0.00275441 0.000156099 -0.00187365 -0.00397172 -0.00185002 -0.00133219 -0.00235978 -0.00235899 -0.0030784 -0.00215695 -0.000590456 -0.00137658 -0.00040991 -0.0011497 -0.000983692 0.000123805 -0.00127231 -7.81363e-05 -0.000418043 -0.00132855 -0.000460926 -0.000469634 -0.00057142 0.00012719 -0.00285088 -0.00110283 -0.00205562 -0.000713915 -0.000909366 -0.00241499 -0.000691625 -0.00100988 -0.000864157 -0.00079371 -0.00148008 -0.000684405 -0.00162392 -0.00120316 -0.000133802 -0.000757159 -0.00260656 -0.0029149 -0.00135753 -0.00266871 0.000486409 -0.00104099 -0.00213144 -0.00106375 -0.00118333 -0.00290342 -0.0025821 -0.000879284 -0.00270874 -0.000662437 -0.00163649 -0.00107681 -0.000714206 -0.000911789 -0.00116985 0.000121256 0.00117018 -0.00173093 -0.00117811 -0.00223355 -0.0026381 -0.00032066 0.000799808 0.000717752 -0.00136712 -0.000618541 -0.00188991 
-0.00191477 -0.00153695 5.71622e-05 -0.00373437 -0.000706426 -0.00258199 -0.00395832 -0.00108057 -0.00175788 -0.00253471 0.00432643 -0.00291923 0.182132 -0.00232897 -0.00687583 0.000479936 -0.00387901 -0.00776734 -0.00391371 -0.00164656 -0.00179479 -0.00216026 -0.00219092 -0.007241 -0.00432919 -0.00492206 -0.00550331 -0.00456465 -0.00366495 -0.00186891 -0.00316158 -0.00185333 -0.000804504 -0.00356617 -0.00264253 -0.00106568 -0.000949757 -0.00428365 -0.00185137 -0.00133025 -0.00142056 -0.000131512 -0.00103682 -0.00128538 -0.000720629 -0.00080712 -0.000470414 -0.000965581 -0.000884034 -0.00119714 -0.000685478 -0.00190767 0.00022628 -0.00228841 -0.00265466 -0.0010489 -0.00196633 -0.000307897 -0.000692914 -0.00228877 -0.00149968 -0.00265391 -0.000349479 -4.8475e-05 -0.00172493 -0.00253485 -0.000361856 -0.00118038 -0.00062562 -0.00212884 -0.00223002 0.000844958 -0.00209593 -0.00219781 -0.00181273 -0.00150248 -0.0019839 -0.00187619 -0.000978567 -0.000327432 -0.00200663 -0.00124392 -0.000991338 -0.00316015 0.000293855 -0.00114987 -0.00209684 -0.00117202 -0.000171729 -0.00123301 -0.000687225 -0.00296318 -0.00157527 -0.00181717 -0.000643139 5.07644e-05 -0.00273904 -0.00153692 -0.00290747 -0.000557672 
-0.00207972 -0.00413681 -0.00136212 0.000908286 -0.00196109 -0.00332431 -0.0022766 -0.00140961 -0.00247644 -0.0042286 -0.000997571 -0.00059245 -0.00232897 0.206629 0.00240045 0.00165073 -0.00313834 0.000267041 -0.00677013 -0.00591944 0.000279556 -0.00539618 0.000580826 0.00154123 -0.0083401 -0.00657056 -0.00626474 -0.00658017 -0.0074517 -0.00463509 -0.00263636 0.000898096 -0.00427164 -0.00355507 -0.00235884 -0.00149877 -0.00183331 -0.00160948 -0.00118834 -0.00308634 -0.000171195 0.000356216 -0.00141414 -0.00140489 -0.00345745 -0.00207447 -0.0034312 -0.00319435 -0.00334751 -0.00137904 -0.000534263 -0.00223193 -0.000688989 -0.00214623 -0.000691562 -0.000508065 -0.00198033 -0.0018161 -0.0019468 -0.00338995 -0.00193162 -0.00265206 -0.00244129 -0.00143728 -0.00270367 -0.00116524 -0.0019551 -0.0012524 -0.00152493 -0.0019024 -0.00133545 -0.00203458 -0.00341039 -0.000929655 -0.00137283 -0.000440645 -0.00110313 -0.00198556 -0.000218695 -0.00194405 -0.00278772 -0.00141081 -0.00221348 -0.00277506 -0.00240051 0.000675921 -0.00447041 -0.00340585 -0.00148694 -0.0017989 0.000422574 -0.000985618 -0.000909763 -0.00255453 -0.00153114 -0.000549848 -0.00130904 -0.00268522 -0.00118711 -0.00231994 
-0.00225855 -0.00338901 -0.00178161 -0.00328731 -0.000917123 -0.00309204 -0.0019491 -0.00173313 -0.000626299 -0.00303037 -0.00229999 -0.00148856 -0.00687583 0.00240045 0.223628 -0.00299064 -0.00301135 -0.00114022 -0.00319634 -0.00732649 0.000649567 -0.00216597 -0.0016002 -0.000582052 -0.0144104 -0.014326 -0.00902839 -0.000389878 -0.00198891 -0.00418864 -0.00323193 -0.00337377 -0.000737221 -0.00487397 -0.00233574 -0.00313803 0.000167166 -0.00402052 -0.00140714 -0.00579665 -0.00190185 -0.00148145 -0.000666597 0.00124105 -0.0047094 -0.00392518 -0.0042499 -0.000247914 -0.0012016 -0.00184668 -0.00119017 -0.00317178 -2.30441e-05 -0.00232858 -0.00181048 -0.000366517 -0.000438311 -0.0011908 -0.00344326 -0.000661948 -0.00130298 -0.000969296 -0.00365352 -0.00195926 -0.00232097 -0.000969092 -0.00293669 -0.000771416 -0.00166845 0.000540057 -0.00133608 -0.00181707 -0.00279591 -0.00164007 -0.00216952 -0.0025618 -0.00065994 -0.00237991 -0.0016763 -0.00219112 -0.00225493 -0.00170434 -0.000575511 0.00057866 -6.34377e-05 0.000724318 -0.00170869 -0.00231848 -0.00125592 -0.000930971 -0.00158571 -0.00275736 -0.000669849 -0.000847677 -0.00189583 -0.00369317 -0.00309329 -0.00213593 -0.00244021 -0.00137414 
0.000652394 -0.00160734 -0.00120647 -0.00133736 -0.00456608 -0.00433969 -0.00327134 -0.00333845 -0.00326654 -0.00170732 -0.00303997 -0.00194893 0.000479936 0.00165073 -0.00299064 0.234187 -0.00641865 -0.00489343 -0.000637988 -0.00337771 -0.00597902 0.00262517 -0.00410877 -0.00878377 -0.00565854 -0.00271577 -0.0084053 -0.00514519 -0.00424251 -0.00327484 -0.000172331 -0.00789622 -0.00250218 -0.00206555 -0.00297667 -0.00119909 -0.00392502 -0.00116514 -0.00345438 -0.00346653 -0.00132385 -0.00188071 0.000428309 -0.000194575 -0.00060002 -0.00136415 -0.00298503 -0.00185858 -0.00217749 -0.00340745 -0.00300824 -0.0010667 -0.00195635 -0.00362421 -0.00195539 -0.00176053 -0.00185085 -0.00194337 -0.00158083 -0.00252551 -0.00395518 -0.00270653 -0.000292319 -0.00231405 -0.0036902 -0.000212884 -0.00168371 -0.000959374 -0.00105084 -0.00663137 -0.000287812 -0.00181886 -0.000172121 -0.00104284 -0.000630271 -0.00158683 -0.00255505 0.000509045 -0.00186844 -0.00232044 -0.00545636 -0.000206132 -0.0010763 -0.00150434 -0.00209828 -0.0025978 -0.00184319 -0.00103691 -0.00284748 -0.00172198 0.000606572 -0.00217779 -0.000975691 -0.00394383 -0.00242819 -0.00434594 -0.00306163 -0.00181615 -0.00118739 -0.00288656 
-0.00238417 -0.00336012 -0.00127431 -0.000215457 -0.00377125 -0.0021145 -0.00114131 -0.0017177 -0.00284647 -0.00190685 -0.00257008 -0.00438931 -0.00387901 -0.00313834 -0.00301135 -0.00641865 0.247475 -0.000903859 -0.00891033 -0.0060041 -0.00326202 0.00116039 -0.00927965 0.00260926 -0.00539018 -0.00998356 -0.00364147 -0.00630737 -0.00473112 -0.00165972 -0.00439857 -0.0043816 -0.000671153 -0.00372034 -0.00187127 -0.00262702 -0.000660886 -0.000313872 0.00133852 -0.00138919 -0.00262335 -0.00377021 -0.00112795 -0.00275132 -0.00142976 -0.00314498 -0.00158985 -0.00105112 -0.00251973 -0.00154866 -0.00103795 -0.00094382 -0.00153243 -0.000650975 -0.000732819 -0.000178809 -0.000582914 -0.0023707 -0.0013152 -0.0019592 -0.0038324 -0.00191047 -0.00144619 -0.00120246 -0.00420619 -0.00126975 -0.00486736 -0.00228506 -0.00232042 -0.00104415 -0.0040291 -0.00184884 -0.00463444 -0.00369109 -0.00295338 -0.000704019 -0.00210828 -0.000911575 -0.00230871 -0.00237412 -0.000669649 -0.000856261 -0.00293333 -0.00261573 -0.00243434 -0.00150347 -0.00282988 -0.00386106 -0.0016762 -0.00227718 -0.00280163 -0.00390515 -0.00475834 -0.00121823 -0.00190493 -0.00426961 -0.00107153 -0.00248626 -0.00121427 -0.000239954 
-0.00260703 6.15924e-05 -0.00162879 -0.000695589 0.00109104 -0.00294584 0.00110238 -0.00409751 -0.000793231 -0.00451781 -0.00652947 -0.00277053 -0.00776734 0.000267041 -0.00114022 -0.00489343 -0.000903859 0.245678 -0.00444028 0.000336063 -0.00629845 -0.00574333 -0.00535902 -0.00256836 -0.00583163 -0.00606903 -0.00502722 -0.00450864 -0.00199854 -0.00230808 -0.00566166 -0.00545732 -0.00500739 -0.00564926 -0.00152909 -5.21653e-05 -0.00313408 -0.00239618 -0.00295424 -0.00222461 -0.00160372 -0.00149188 -0.00140296 -0.000644251 -0.00317654 -0.00357131 -0.00210594 -0.00223938 0.000371425 -0.00530503 -0.0013874 -0.00327779 -0.00244988 -0.00178809 -0.00244141 -0.00230553 -0.00316988 -0.00131844 -0.00206325 -0.000224699 -0.00393692 -0.00108023 -0.00361549 0.00122221 -0.000944833 -0.00109069 -0.00208535 -0.00205264 -0.000732015 -0.0032555 -0.00409061 -0.00308204 -0.00248754 -0.00114538 -0.00211283 -0.00372388 -0.00186567 -0.000429234 0.000187872 -0.00226338 -0.0018534 -0.00193542 -0.00284529 -0.00400317 -0.00343087 -0.00370536 -0.00112576 0.000869312 -0.00299902 -0.00155681 -0.000180315 -9.18067e-05 -0.000110148 -0.00433831 -0.00487638 -0.000972037 -0.00224849 -0.00386911 -0.0027318 -0.000842973 
-0.00128109 -0.00145746 -0.000850219 -0.00289886 -0.00297129 -0.00124433 -0.000715092 -0.00903538 -0.00310863 -0.000510724 0.000472645 -0.00356867 -0.00391371 -0.00677013 -0.00319634 -0.000637988 -0.00891033 -0.00444028 0.249976 -0.0082294 -0.00344196 -0.00531698 0.00768543 -0.00887329 -0.00339703 -0.00680706 -0.0107099 -0.0106557 4.95097e-05 -0.00571892 -0.00634444 -0.00342733 -0.000661656 0.00185378 -0.00331551 -0.00464823 -0.00268379 -0.00279032 -0.00381343 -0.000519935 -0.00372839 -0.00024119 -0.00325492 -0.0022171 -0.0030898 -0.000640611 -0.00222568 -0.00175702 -0.00279888 -0.00141365 -0.00212119 -0.00240923 -0.00308727 -0.000157966 -0.00214972 -0.00348906 0.000899544 -0.0032581 -0.000873355 -0.00240977 -0.00135967 -0.00251942 -0.000497259 -0.00190715 -0.001442 -0.00374485 -0.00436533 -3.23728e-05 -0.0023435 -0.00451468 -0.00291177 -0.00311205 -0.00199336 -0.00309843 -0.00265524 -0.0024911 -0.00080755 -0.00380118 -0.00260279 -0.00084496 -0.000721442 -0.000874504 -1.58763e-05 0.000438488 -0.002984 -0.00083933 -0.00330095 -0.00172829 -0.000299889 8.45769e-05 -0.00251809 -0.000318504 -0.000159708 -0.00458314 0.000310416 -0.00160781 -0.00269543 -0.00164771 -0.000626689 -0.00161627 
-0.00169422 -0.001782 -0.0024721 -0.00319217 -0.00255431 -0.00169115 -0.000787954 -0.00325718 -0.00249615 -0.00232869 -0.0072067 -0.00971967 -0.00164656 -0.00591944 -0.00732649 -0.00337771 -0.0060041 0.000336063 -0.0082294 0.249999 -0.00874731 -0.0111991 -0.00111196 -0.00468031 -0.00162167 -0.00486272 -0.00480818 -0.00116111 -0.00323292 -0.0052294 -0.00357361 0.000362197 -0.00202674 -0.0031776 -0.00101723 -0.00130526 -0.00380697 -0.00315395 -0.00122937 -0.00175706 -0.00347028 -0.00149768 -0.00242643 -0.00418251 -0.00213161 -0.00272435 -0.00113545 -0.000985136 -0.00101425 -0.000654373 -0.00104446 -0.00325866 -0.00523704 -0.00164699 -0.00193143 -0.00291472 -0.00404783 -0.0031479 -0.00179237 -0.00247823 0.000347888 -0.00149148 -0.000834836 -0.000959657 -0.00256364 -0.00203959 0.00204836 -0.0033715 -0.00187411 -0.00203175 -0.00109646 -0.00160722 -0.0014575 -0.000554887 -0.00110905 -0.00225923 -0.00321011 -0.00201172 -0.00236442 -0.00388404 -0.00203982 -5.51617e-05 -0.00348525 -0.000642954 -0.000607378 -0.00341036 -0.00215991 0.000562022 -0.00184088 -0.00246375 -0.00264133 -0.00225208 -0.00205248 0.00054236 -0.00163552 -0.00092142 0.000203807 -0.00277094 -0.0011141 -0.00247709 
-0.00593564 -0.00388196 -0.000115677 -0.00136418 3.3201e-05 -0.00446667 -0.00371698 -0.00193625 -0.00540327 -0.00359602 -0.00512354 -0.00839322 -0.00179479 0.000279556 0.000649567 -0.00597902 -0.00326202 -0.00629845 -0.00344196 -0.00874731 0.249655 -0.00379329 -0.000998678 -0.00280818 -0.00265384 -0.000843716 -0.00593518 0.00169995 -0.00835441 -0.00611729 -0.0030148 -0.00270746 -0.00282647 -0.00576199 -0.00373971 -0.00347566 -0.00236625 0.00046636 -0.00452505 -0.00356076 -0.00104496 -0.00209689 -0.0015182 -0.00269173 0.000386458 -0.00309573 -0.00315122 -0.000527531 -0.000719851 -0.00230858 -0.00327272 -7.13711e-06 -0.00160878 -0.00335068 -0.002983 -0.00192716 -0.00368109 -0.00198872 -0.00364099 -0.00186192 -0.00413073 -0.00174028 -0.00321479 -0.00441303 0.000704276 -0.00116737 -7.41222e-06 -0.00136769 -0.00313891 -0.00102981 -0.00326422 -0.000482743 -0.00208037 -0.00144527 -0.00230587 -0.00324874 -0.0020616 -0.00203857 -0.00250957 0.000162667 -0.00259455 -0.00286214 -0.00274959 -0.000350814 0.000234628 -0.00265453 -0.00423945 -0.00301355 -0.00122848 -0.000492465 -0.00155102 -0.00148424 -0.00163208 -0.0014025 -0.00177526 -0.00333782 -0.00121263 9.83852e-05 -0.0018008 -0.00192419 
-0.00424135 -0.00295491 -0.00256194 -0.000990326 -0.0016553 -0.00296092 -0.00310054 -0.00100963 -0.00317197 0.0018816 -0.00149901 -0.00136 -0.00216026 -0.00539618 -0.00216597 0.00262517 0.00116039 -0.00574333 -0.00531698 -0.0111991 -0.00379329 0.244714 -0.00102429 0.00297623 -0.00481047 -0.00604301 -0.00286976 -0.00278028 -0.00374467 -0.00473316 -0.00795455 -0.0063836 -0.00315981 -0.00186322 -0.00372671 -0.000136634 -0.00182177 -0.00362062 -0.00153724 -0.00219844 -0.00432665 -0.00210377 0.00029595 -0.0029973 -0.00047004 -0.000369563 -0.00108117 -0.00107059 -0.00282212 -0.00213449 -0.00202064 -0.00248232 -0.00144867 -0.00115274 -0.00247972 -0.00191666 -0.00227753 -0.00458113 -0.0013707 -0.00283901 0.000133123 -0.00225803 -0.00408451 -0.00310693 -0.0030529 -0.00356276 -0.00245214 -0.00254975 -0.00267285 -0.00362953 0.00230936 -0.00163763 -0.00177739 -0.00393638 -0.0023486 -0.00111781 -0.00316096 -0.00344423 -0.00131624 -0.00254546 -0.0021951 -0.00250853 -0.00252407 -0.000677286 -0.00321504 -0.00274035 -0.00211884 -0.0010399 -0.00243248 -0.00518172 -0.00134645 -0.00481514 -0.00199444 -0.00206305 -0.0016115 -0.00386255 0.000518531 -0.00304979 -0.00238363 -0.0025662 
-0.00227965 -0.00324799 -0.00254893 -0.00287287 -0.00353788 -0.00153565 -0.00326765 -0.00402199 -0.0065882 -0.00755799 -0.0063866 -0.00680729 -0.00219092 0.000580826 -0.0016002 -0.00410877 -0.00927965 -0.00535902 0.00768543 -0.00111196 -0.000998678 -0.00102429 0.247449 0.000956163 -0.00843858 0.000408601 -0.00657026 -0.00967458 -0.00372959 -0.00528916 0.000160349 -0.000688298 -0.00265535 -0.00470847 -0.00187586 -0.00327504 -0.0039216 -0.000207066 -0.00231671 2.9072e-05 -0.00119483 -0.00135701 -0.00290639 0.000901332 -0.00269943 0.000160006 -0.0028999 -0.00441342 -0.000950839 -0.00389697 -0.00216011 -0.00401983 -0.0019815 -0.00189491 -0.00224097 -0.00263006 -0.00172325 -0.00107999 -0.00287142 -0.00123186 -0.000935022 -0.0064052 -0.0022509 -0.00248907 -0.000906685 -0.00203126 -0.0021968 -0.00215343 -0.0033948 -0.00182739 -0.00150928 -0.00162876 -0.000861516 -0.0035369 -0.00148585 -0.000453163 -0.00201294 -0.0052928 -0.000570754 -0.00184471 -0.00276137 -0.00217238 -0.000801546 -0.00214078 -0.00298894 -0.00131252 -0.00029783 -0.00188281 -0.0015474 -0.00275812 -0.00197275 -0.00271643 -0.00189757 -0.00326981 -0.00374031 -0.00236131 -0.00350281 -0.000678251 -0.00299462 -0.000916721 
-0.00267201 -0.000431735 -0.000982533 -0.00303335 -0.00379942 -0.00102271 -0.00700918 -0.00100985 -0.00358919 -0.00339124 -0.00184795 -0.00899132 -0.007241 0.00154123 -0.000582052 -0.00878377 0.00260926 -0.00256836 -0.00887329 -0.00468031 -0.00280818 0.00297623 0.000956163 0.249851 -0.0116226 -0.00458473 -0.00438659 0.00348366 -0.0119186 -0.00404379 -0.00659636 -0.00469347 -0.00676534 -0.0047623 -0.00497784 -0.003946 -0.000664584 -0.00218376 -0.00126139 -0.00163887 -0.00144276 -0.00282146 -0.00418395 -0.000421622 -0.00346923 -0.00337059 -0.00211839 -0.000129789 -0.00273443 -0.000439087 -0.00275924 -0.00209298 -0.00341855 -0.00132806 -0.00240773 -0.000767647 0.000251463 -0.00246088 -0.00446412 -0.00327545 -0.000522122 0.00113853 -0.00126059 -0.000336564 -0.00146623 -0.00279141 -0.00289782 -0.00307655 -0.00298718 -0.0027701 -0.00448297 -0.00166778 -0.00353826 -0.000133132 -0.00159877 -0.00149946 -0.00368146 -0.000297586 -0.00138879 -0.0017706 -0.00160372 -0.00328961 -0.00052007 -0.00169449 -0.000253746 -0.000484642 -0.00246048 -0.00485684 -0.00182527 -0.00495547 -0.00126159 -0.00180851 -0.000145934 0.000665871 -0.00220097 0.000719975 -0.00437758 -0.000937601 -0.000530423 -0.00134954 
-0.00410742 -0.00258634 -0.00246086 -0.00265818 -0.000654526 -0.00239946 0.000443626 -0.00450042 0.00126107 -0.00169591 -0.00573522 -0.00179646 -0.00432919 -0.0083401 -0.0144104 -0.00565854 -0.00539018 -0.00583163 -0.00339703 -0.00162167 -0.00265384 -0.00481047 -0.00843858 -0.0116226 0.23968 0.0033818 -0.00221366 -0.00589767 -0.00235078 -0.00170321 -0.00522095 -0.00524404 -0.00129713 -0.00152429 -0.00257735 -0.00358619 -0.000479625 -0.00454644 -0.00305282 0.000108554 -0.00142831 -0.00323298 -0.00267908 -0.00217996 0.000433752 -0.000820597 -0.00276945 -0.000994186 -0.00122234 -0.0013105 -0.000127091 -0.00208686 0.000756753 -0.00409183 -0.00164601 -0.00304999 -0.00235037 -0.00082185 -0.00103187 -0.00113319 -0.000414795 -0.00189729 -0.00226925 -0.00255677 -0.00124858 -0.00122695 -0.000458793 -0.00199884 -0.000472282 -0.0020283 0.000327739 -0.00253854 -0.00176779 -0.00409496 -0.00146035 -0.00385759 0.000217933 -0.00188561 -0.000674154 -0.00418523 -0.0017526 -0.00210741 -0.00117286 -0.00170355 -0.00331548 -0.00222702 -0.00183169 -0.00148556 -0.00168284 -0.000712188 -0.000213927 -0.000790715 -0.00321754 -0.00251076 -0.00212239 -0.00290513 -0.0022419 -0.001707 0.00111081 -0.00121566 
-0.00109997 -0.00276731 -0.00294645 -0.00110951 0.00140987 -0.00260726 0.00106225 -0.00128662 -0.0019348 -0.00397972 -0.00655668 -0.000289427 -0.00492206 -0.00657056 -0.014326 -0.00271577 -0.00998356 -0.00606903 -0.00680706 -0.00486272 -0.000843716 -0.00604301 0.000408601 -0.00458473 0.0033818 0.2322 -0.00540409 -0.00451322 -0.00773144 -0.00591213 -0.00145507 -0.00358163 -0.00281431 -0.00306634 -0.00153235 -0.00499343 -0.00229785 -0.00169369 -0.00120857 -0.00361273 -0.000332882 -0.000818945 -0.00280201 -0.00133379 -0.00038497 -0.00243462 0.000708539 -0.00231598 -0.00108046 -0.00153335 -0.0016245 -0.0016671 -0.00185736 -0.00079337 -0.00102044 -0.000896071 -0.00071857 -0.00198297 -0.00253798 -0.00038165 -0.00170576 -0.000755344 -0.000805835 -0.00143212 -0.00202672 -7.25218e-05 -0.000674152 -0.00173862 -0.00155057 -0.00257173 -0.000192793 -0.00184152 -0.0018609 -0.00147077 -0.00337617 -0.00170598 -0.00101335 -0.00144249 -0.00246253 -0.00162364 -0.00229107 -0.00215627 -0.00168304 0.00018709 -0.00376653 -0.00207872 -0.00231223 -0.00391189 -0.00100419 -0.00220209 -0.00165641 -0.00235683 -0.00213788 0.000232345 -0.00152758 -0.00447062 -0.00199525 0.000351561 -0.00431516 -0.00111304 
-0.000719342 -0.000857188 -0.000820599 -0.000984458 -0.00138739 -0.000546065 -0.00265773 0.000100932 -0.00415114 -0.00347263 0.0004476 -0.00402313 -0.00550331 -0.00626474 -0.00902839 -0.0084053 -0.00364147 -0.00502722 -0.0107099 -0.00480818 -0.00593518 -0.00286976 -0.00657026 -0.00438659 -0.00221366 -0.00540409 0.222107 -0.00709369 0.000110051 -0.00221519 0.000770605 -0.00154563 -0.00561408 -0.000842308 -0.00272597 -0.00341141 0.000317426 -5.09582e-05 -0.00174205 0.00282081 -0.0052964 -0.00426595 -0.00201756 -0.00197461 0.000778135 -0.00147927 -0.00106551 -0.00161485 -0.00196827 -0.00258109 -0.00280069 -0.0031321 -0.00309353 -0.00195964 -0.00227399 -0.00156966 -0.0034507 3.75645e-05 -0.00224954 -0.0014696 -0.0021559 -0.000881005 -0.00224626 -0.000785168 -0.00120851 -0.00252021 -0.00181712 -0.00273669 -0.000830642 -0.00182365 -0.00142388 -0.00210885 -0.00115267 -0.00114645 -0.00111155 -0.00136162 -0.000441663 -0.0019641 -0.00220184 -0.00360204 -0.00194108 -0.00260817 -0.000501831 -0.00420078 0.000583147 -0.00045531 -0.000917721 -0.00136583 -0.00159446 -0.000786219 -0.00219615 0.000441847 -0.000818348 -0.000721177 -0.00313693 -0.00123889 0.000950924 -0.000354453 -0.00310046 -0.000116865 
-0.0011734 -0.00276175 -0.00216405 -0.00505768 -0.00257815 -0.00317034 -0.00697679 -0.0020113 -0.00173782 0.00124078 -0.00551315 0.000100268 -0.00456465 -0.00658017 -0.000389878 -0.00514519 -0.00630737 -0.00450864 -0.0106557 -0.00116111 0.00169995 -0.00278028 -0.00967458 0.00348366 -0.00589767 -0.00451322 -0.00709369 0.210318 -0.00193338 -0.00321665 -0.00604716 -0.00251507 0.00129227 -0.00297836 -0.00204661 0.000151393 -0.00200468 -0.00242076 -0.00166169 -0.00372202 -0.00112887 -0.00118285 -0.000809113 -0.000393878 -0.00365082 -0.00220294 -0.00280518 -0.00203902 -0.000150421 -0.00136416 -0.00166767 -3.42494e-05 -0.00084354 -0.00272867 -0.00208138 -0.00119486 0.000752821 -0.00221066 -0.0030031 -0.00302406 -0.00256175 0.000501377 -0.00192864 -0.000826844 -0.00376981 -0.00221963 -0.00225182 -0.000563673 -0.00162662 -0.000985892 4.0477e-05 -0.00186336 -0.00405375 -0.000320744 -4.42217e-05 -0.00114072 -0.00148645 -0.000289578 -0.00239775 -0.00035204 -0.000219129 -0.00029812 -0.00142546 -0.00256199 -0.00120407 -0.0041175 -0.000447117 -0.00272879 -0.00157062 -0.00139156 -0.00217304 -0.00117482 -0.00234753 0.000391432 -0.000893191 -0.000580523 -0.00150102 0.000748189 -0.00204478 -0.00187999 
-0.000689701 -0.00148149 -0.00333686 -0.00090522 -0.00176694 -0.00219833 -0.0035215 -0.00178939 -0.00367874 -0.00386179 -0.00191886 -0.00120349 -0.00366495 -0.0074517 -0.00198891 -0.00424251 -0.00473112 -0.00199854 4.95097e-05 -0.00323292 -0.00835441 -0.00374467 -0.00372959 -0.0119186 -0.00235078 -0.00773144 0.000110051 -0.00193338 0.191199 3.11237e-05 -0.00216525 -0.0033852 -0.000774264 0.000995936 -0.00191426 -0.00302726 -0.00165683 -0.0017072 -0.00303217 -0.0018465 -0.00200842 -0.00260041 -0.00294145 -0.00219021 -0.00179005 -0.00195396 -0.000196189 -0.00210682 -0.000326624 -0.000713078 -0.00106594 -0.000362636 -0.00153941 -0.00349851 -0.00120275 -0.00250165 -0.00173516 -0.000353996 0.00173031 0.00249318 -0.00240609 -0.00293406 -0.00199652 -0.00118639 -0.00251882 9.25456e-05 -0.0027432 -0.000129319 -0.000939477 0.000618594 -0.00327515 -0.00147734 -0.000440767 -0.0026327 -0.00169592 -0.00188676 -0.00101731 -0.000630569 -0.0011109 -0.000620686 -2.23967e-05 -0.000981628 -0.00201866 -0.000929986 -0.00123278 -0.00344991 -0.000997733 0.00124989 -0.00132154 -0.00205033 -0.000665929 -0.000586291 -0.00370571 -0.000339639 -0.0012907 0.000294422 -0.00162395 -0.00115548 -0.00351931 -0.00130896 
-0.00117503 0.000424993 -0.00133334 -9.4692e-05 -0.000398292 -0.000830324 -0.00426139 -0.0013753 -0.00048279 -0.00470209 -0.00149289 -0.00275441 -0.00186891 -0.00463509 -0.00418864 -0.00327484 -0.00165972 -0.00230808 -0.00571892 -0.0052294 -0.00611729 -0.00473316 -0.00528916 -0.00404379 -0.00170321 -0.00591213 -0.00221519 -0.00321665 3.11237e-05 0.15323 -0.000863308 -0.0023866 -0.000871396 0.000916111 -0.000637726 -0.000810198 -0.00139853 -0.000429958 0.000131553 -0.000840179 -0.000517475 -0.00165747 -5.50834e-05 -0.00169553 -0.00283997 0.000181398 -0.00164983 -0.00152764 -0.0011768 -0.00200039 -0.000331304 -0.00179285 -0.000733284 -0.00317024 -0.0016219 -0.000924282 -0.00128174 -0.000250228 -0.000538997 -0.000754717 -0.00145631 -0.000747231 -0.00109991 -0.0028321 -0.000466474 -0.000627346 -0.00132902 0.00167352 -0.000321782 -0.000685189 -0.00120156 -0.00144285 -0.000269686 -0.000479167 -0.0018962 -0.00122051 -0.0016727 -0.000841622 -0.00110888 -0.000750042 -0.00229708 -0.00122712 -0.000794438 -0.000687226 -0.000974368 -0.00115391 -0.000210861 -0.00124338 -0.00147628 -0.00171946 -0.00150885 -0.000134554 -0.00113335 -0.00128511 -0.000737141 -0.000559024 -0.000693431 -0.00116574 -0.00186189 -0.00150502 
-0.000309171 -0.00107744 -0.000616948 -0.00152095 -0.000124012 -0.0017509 0.000485034 -0.00136206 -0.00255884 -0.0043489 -0.00405 0.000156099 -0.00316158 -0.00263636 -0.00323193 -0.000172331 -0.00439857 -0.00566166 -0.00634444 -0.00357361 -0.0030148 -0.00795455 0.000160349 -0.00659636 -0.00522095 -0.00145507 0.000770605 -0.00604716 -0.00216525 -0.000863308 0.149773 -0.000275164 -0.00315129 -0.000769337 -0.000392757 -0.00114439 -0.000530809 -0.00104554 -0.000907975 -0.00148418 -0.000596269 0.00055447 0.000449328 -0.000442329 0.000173756 -0.000892483 -0.00151307 -0.00133857 -0.00132829 -0.00316157 -0.00107714 -0.00118533 -0.00233557 -0.00139516 -0.00144294 -0.000979967 0.000449841 -0.000677563 -0.00180963 -0.00104502 -0.00111607 -0.00155986 0.000379934 -0.00114411 -0.000417093 -0.00174978 -0.00219414 -0.000460692 -0.000228375 -0.00124754 -0.00167998 0.000643394 -0.00118707 -0.000381043 -0.00082766 0.000836931 -0.00030254 -0.00160625 -0.000596551 -0.00130823 -0.00154101 -0.000762228 -0.00100629 -0.00186765 -0.00124984 -0.00074955 -0.00103754 -0.00203528 -0.00073792 -0.00176228 -0.0013467 -0.00192684 -0.0011718 -0.00120397 -0.00122706 -0.000829238 -0.000116417 -0.00268826 -0.00218855 -0.00023827 
-0.000645895 -0.000113931 -0.00065953 -0.000676442 -0.00204189 -0.00103617 0.000213078 -0.000792533 -0.000443405 -0.00126365 -0.00330553 -0.00187365 -0.00185333 0.000898096 -0.00337377 -0.00789622 -0.0043816 -0.00545732 -0.00342733 0.000362197 -0.00270746 -0.0063836 -0.000688298 -0.00469347 -0.00524404 -0.00358163 -0.00154563 -0.00251507 -0.0033852 -0.0023866 -0.000275164 0.122256 -0.00157114 -0.000240804 -0.000991152 0.00129016 -0.000449769 0.00016138 -0.000432922 -0.000893198 -0.000862993 4.1881e-06 -0.00186277 -0.00026841 -0.0016448 -0.00160894 -0.00140251 -0.000560666 3.13672e-05 -0.00109819 -0.00103099 -0.00123451 -0.00126799 -0.00131839 -0.000919467 -0.000849445 -0.000578778 -0.00122788 -0.000595061 -0.00101657 -0.00128992 -2.68255e-06 -0.000539204 4.82005e-07 -0.00141803 -0.000199065 -0.00108751 -0.000374788 -0.000630035 0.000261537 -0.0016179 -0.000759167 -0.000542122 -0.00182285 0.000242579 -0.00149961 -0.000665725 -0.00175451 -0.000667273 -0.000265159 -0.00155296 -0.000561576 -0.000877734 -0.00120953 -0.00125581 0.000945733 -0.000809865 -0.000834005 -0.00060618 -0.00111915 -0.00134264 -0.00061623 0.000166507 -0.0010847 -0.00119585 -0.000689281 8.99445e-05 -0.000586276 -0.000202759 -0.000667959 
