0.0797201 -0.000311754 -2.71577e-05 -0.000921952 -0.000918181 -0.000223727 -0.00132141 -0.00130704 -0.000220477 -0.00152264 -0.00212103 -0.00110899 -0.00438426 -0.0028111 -0.00093284 -0.000537705 -0.00217885 -0.00211049 -0.000239442 -0.000669773 -0.00191174 -0.000531203 -0.00182867 -0.00330719 -0.000408377 -0.00497981 -0.000216047 -0.00157063 -0.00224759 -0.00175392 -0.00159026 -0.000297025 -0.000408718 -0.00131537 -0.000242795 -0.00071897 -0.00115359 -0.000573232 -0.000798186 -0.000215049 -0.000531208 -0.000178032 4.82199e-06 -0.000127782 -0.000420098 -0.00115445 -0.000366097 4.27057e-05 -0.000375355 -0.000501921 -0.0013049 -0.000200263 -0.0012395 -0.000320245 -0.00131548 -0.000743128 -0.000238038 -0.000656599 4.72143e-05 -0.000750057 -0.000447977 -0.000571959 -0.000932562 -0.000778247 -0.000222333 -0.000357663 -0.000612352 -0.000441321 -0.000779735 -0.000420697 -0.000557378 -0.000558361 -0.000607896 -0.000132952 -0.000700583 -0.00067154 -0.000914148 -0.000454325 -0.000563568 -0.000427295 -2.4705e-05 -0.00069117 -0.000248612 0.000303816 -9.62744e-05 -6.9489e-05 -0.0011756 -0.000660329 -0.00104093 -0.000166997 -0.000440597 -0.000684958 -0.00125032 -0.00060474 -9.68706e-05 0.000397602 -0.000360775 0.000383631 -0.000913225 -0.000861102 
-0.000311754 0.0986744 -0.00126047 -0.000843858 -0.000421919 -0.00070049 -0.00187924 -0.000540898 -0.000960383 -0.00120892 -0.00134884 -0.000901092 -0.00396143 -0.000781779 7.76941e-06 -0.00218922 -0.00139057 -0.00322125 -0.00406469 0.00253742 -0.00230517 -0.0017244 -0.00144501 -0.00159502 -0.00248957 -0.00379427 -0.00276174 -0.00363326 -6.48598e-06 -0.00220794 -0.000943922 -0.00213704 -0.00109959 -0.00189856 -0.000568385 0.00012732 -0.000426286 -0.000617308 0.000314679 -0.00105166 -0.00076324 -0.000552686 1.89625e-05 -0.000280816 -0.000319323 -0.000800477 -0.00186045 -0.000915943 -3.73335e-05 -0.000756591 -0.00113435 0.000320158 -0.000391511 -0.000792755 -0.00161277 -0.000203505 -0.000331114 -0.000334993 -0.00124153 -0.000651046 -8.29252e-05 -0.00179649 -0.000106971 -0.00111794 -0.00167902 -0.000614887 -0.00212012 -0.00162228 -0.00027581 -0.000635556 -0.00102028 4.57359e-05 -0.000182185 -0.000960601 -0.000794488 -0.000869557 -0.000235374 -0.000857106 -0.00115309 -0.00116569 -0.000909857 -0.000590198 -0.00112576 -0.000840642 -0.00115163 -0.000556619 -0.00124874 -0.000615617 -0.000461685 -0.00117289 -0.0019496 -0.000260135 0.00060537 -0.00139789 -0.000706864 -0.000112863 -0.000637412 -0.000989042 0.00025594 -0.00121704 
-2.71577e-05 -0.00126047 0.0871799 -6.81513e-05 -8.0661e-05 -0.000165887 0.000481319 -0.000937251 -9.58878e-05 0.000444843 -0.000714584 -0.00301243 -0.0010604 -0.00264438 -0.00309117 -0.00252558 -0.00211512 -0.00536942 -0.00119005 -0.00314979 -0.002172 -0.000804208 -0.00246424 -0.000485801 0.000336181 -0.00234697 -0.00338148 -0.00406861 -0.00290712 0.000516317 -0.00197541 0.000635965 -0.000516422 -0.00163146 -0.00140202 -0.000947323 -0.000918271 -0.000907941 -0.000830795 -0.00092834 -0.000749203 -0.000204857 0.000103252 -0.000774699 -0.000278234 -0.000606931 -0.00019941 -0.000327814 -0.00114265 -0.000634109 -0.000434939 -0.0010169 -0.000601034 -0.000403244 -0.000704221 -0.00130681 -0.000125387 -0.000789029 -0.00026279 -0.000915219 -0.000489135 -0.000459785 -0.000413184 -0.000703685 -0.00101212 -0.000720954 -0.000464713 -0.00108849 -0.000759531 -0.000179268 0.00047228 -0.0017208 8.4719e-05 -0.000110288 -0.000622345 -0.000140111 -0.000130686 -0.000564358 -0.000862641 -0.00081113 -0.000783309 -0.0017321 -0.000656948 -0.000871418 -0.000796389 -0.000435095 -0.000975126 -0.000490421 -0.00052745 -0.000616165 -0.00113713 7.28529e-06 6.43521e-05 -0.000361813 -0.000356822 -0.000614848 0.000348391 -0.00125197 0.000271697 -0.000411988 
-0.000921952 -0.000843858 -6.81513e-05 0.0884587 -0.000231614 -0.00119014 8.20821e-05 0.000145692 0.000115557 -0.00077167 -0.000663076 -0.000967218 -0.00219054 -0.00390161 -0.00233419 -0.00394954 -0.00399976 -0.00250503 -0.00396446 -0.00240387 -0.00267405 -0.00238202 -0.00245425 -0.000262376 -0.00054229 0.000382094 -0.00358484 -0.00281265 -0.00252964 -0.000655724 -0.00118205 -0.00199381 -0.000314455 -0.000773929 -0.000918591 -0.000485019 -0.000644088 -0.00121575 -0.000794558 -0.000491498 -0.000461266 -0.000634299 -0.000408815 -0.000604999 -0.000797796 -0.000293778 -0.000645709 -0.000350784 -0.000268423 -0.0004945 -0.000174408 -0.000808284 -0.000425165 -0.000162291 -0.000383195 -0.000305384 -0.000239221 -0.00017049 -0.00105639 -0.000282116 4.64269e-05 0.000212108 -0.000830059 -0.000530805 -0.000266711 -0.000807743 -0.000949551 -0.000868233 9.21153e-05 -0.000244799 -0.000645649 -0.00113744 -0.000306348 -0.00130676 -0.000619962 -0.000488511 -0.000892604 -0.000949199 -0.000510974 -0.000398039 0.000170755 -0.000630484 -0.000790549 -0.00139685 -0.000603629 -0.000945236 -0.000860992 0.000381555 -0.000324372 -0.000297761 -0.00018191 -0.00105338 -0.00136408 -0.000680004 -8.70823e-05 -7.23356e-05 -0.000341733 -7.79546e-05 -0.00121136 -0.000828355 
-0.000918181 -0.000421919 -8.0661e-05 -0.000231614 0.0954242 -0.000531358 -0.00181584 -0.000495725 -0.000696106 -0.000310119 -0.000275553 -0.00264878 -0.00188567 -0.00399235 -0.00172264 -0.00213526 -0.000804022 -0.000158825 -0.00232259 -0.00224578 0.000354799 -0.000748691 -0.00231998 -0.00380018 -0.000562716 -0.00445697 -0.0043696 -0.00109912 0.000468978 -0.00240025 -0.00141513 -0.000910536 5.74287e-05 -0.00161806 -0.00113348 -0.000385662 -0.000438169 -0.00059179 -0.00048234 -0.000429039 -0.000637404 -0.00198129 -0.000460556 -0.000537887 0.000431167 -0.000818433 -0.00140272 -0.00080695 -0.00144902 -0.000128305 -0.00152318 -0.000849003 0.000410394 0.000125907 -0.000649273 -0.000936929 -0.000671004 -0.00208182 -0.000127138 -0.00151703 -0.00090429 -0.00101382 -0.000642728 -0.000429069 -0.000373326 -0.000277668 -0.00123562 -0.00137974 -0.000121092 -0.000647253 -0.000338977 -0.00108965 -0.000515583 -0.00104805 -0.000991622 -0.000409383 -0.000720545 -0.00187474 -0.000542252 -0.000899844 -0.000695042 -0.000895582 -0.000647375 -0.000929072 -0.00054496 -0.000472991 -0.00166729 -0.000201519 -0.000102854 -0.00102342 -0.00185109 -0.000454887 -0.00117982 -0.000123387 -0.000359944 -0.000185423 -0.000358309 -0.00101536 -0.000918518 -0.000758116 
-0.000223727 -0.00070049 -0.000165887 -0.00119014 -0.000531358 0.105018 -0.00150174 0.000410222 -0.000694496 -0.00104602 -0.00048679 -0.00236991 -0.000380083 -0.00412075 -0.00144588 0.00132945 -0.000503816 -0.00145671 -0.000787526 -0.00154045 -0.00595584 -0.00313559 -0.00299186 0.00104176 -0.00626572 -0.0036368 0.00111176 -0.000123154 -0.00116743 -0.00256929 -0.00119666 -0.00130528 -0.00208125 -0.00135623 -0.00137765 -0.000864782 -0.000836495 -0.001649 -0.00116267 0.000263483 0.000297469 2.95142e-05 -0.000559234 -0.000866972 -0.000331069 -0.000762207 -0.000464714 -0.00136055 -0.000276268 -0.00103869 -0.00131895 -0.000738904 -0.00137063 -0.000519346 -0.00152532 -0.00115557 -0.00259945 -0.00132413 -0.000738351 -0.00112909 -0.000975002 -0.00260122 -0.0010616 -0.00176165 -0.00120587 -0.000483426 -0.00100642 -0.00196976 -0.000555101 -0.0008889 -0.000194426 -0.000401975 -0.000791041 -0.00199255 -0.000732449 -0.000993235 -0.000706765 -0.000518907 -0.000551424 -0.00103139 -0.000362764 -0.000764867 -0.0010579 -0.00134706 -0.000482473 -0.000852482 8.72459e-05 -0.000115605 -0.00204613 -0.000937126 -3.39531e-05 -0.000571043 -0.000701841 -0.00160285 -0.000180416 -0.00068868 -0.000562252 -0.000303091 -0.000555109 -0.00109877 
-0.00132141 -0.00187924 0.000481319 8.20821e-05 -0.00181584 -0.00150174 0.107521 -0.00025452 -5.05774e-05 -0.00161952 0.00030353 0.000973509 -0.00197548 1.83289e-05 -0.00424486 -0.000634292 -0.00501019 -0.00133101 -0.00358073 -0.00758763 -0.00470214 0.000937013 -0.00418281 0.00321509 -0.0039954 -0.00322617 -0.00261417 -0.00298229 -0.00208606 -0.00172029 -0.00133443 -0.00122031 -0.000224334 -0.000943406 -0.000848719 -0.0011519 -0.000796022 -0.001436 -0.00119733 -0.00130657 -0.000872666 -0.0015947 -0.000169449 -0.000403089 -0.000767402 -0.000655109 -0.00102357 -0.000943632 -0.000742106 -8.01029e-05 -0.00107951 -0.00050796 -0.00180298 -0.00101158 -0.000497101 -8.88234e-05 -0.000806911 -5.03063e-05 -0.000199152 -0.00107323 -0.000297769 -0.000658954 -0.000665338 -0.000941221 0.000143364 0.000260664 -0.00157945 -0.00176333 0.000454818 -0.000429246 -0.00115621 -0.00148936 -0.000651805 -0.00194082 -0.00170021 -0.000330547 2.00528e-05 -0.00214975 -0.00117039 -0.000352442 0.000637837 -0.000578827 -0.000378661 -0.000678619 -0.000582693 -0.00100772 -0.000557461 -0.000723554 -6.48338e-06 -0.000335528 -0.00090583 -0.0015379 -0.000858113 -0.000579607 -0.000411933 -0.00106454 -0.00195264 -0.00124598 -0.000811447 -0.000409958 
-0.00130704 -0.000540898 -0.000937251 0.000145692 -0.000495725 0.000410222 -0.00025452 0.0887996 -0.000749237 -0.000683141 -2.35681e-05 -0.00316291 -0.000869314 -0.00216319 -0.000884974 -0.00342357 -0.00295721 -0.00396039 -0.00591099 -0.00294287 -0.00228801 -0.00335878 -0.00195256 -0.00148376 -0.00271677 -0.00157245 -0.00112411 -0.00315026 -0.000985796 -0.00015646 -0.0013004 -0.00130916 -0.00119569 0.000310008 -0.00135127 -0.00118787 -0.00114032 -0.000505957 -0.00127383 -0.000643879 -0.000378297 -0.00165776 0.000113615 -0.000329276 -0.00065082 -0.000372429 0.000202043 -0.000493801 -0.000396494 -0.000159823 -0.000229275 -0.000565924 -0.000627611 -0.0011779 -0.000322512 -0.000337629 -8.46328e-05 -0.00125633 -0.000771302 0.00036869 -0.00038989 -0.000138454 0.000303965 -0.000217722 8.55932e-06 -0.0005243 -0.000941524 -0.00123052 -0.000743377 -0.000352981 -0.00121147 0.000125158 -0.000673793 -0.000671828 -0.000672443 -0.000520458 -0.000431285 -0.000463256 -0.00094407 -0.000534744 -0.000309203 -0.000256841 -0.000751502 -0.000453954 -0.00037193 0.000519699 -0.00100561 -0.000350208 -0.000103982 -0.00112232 -0.00103708 -9.11834e-06 -0.000979944 -0.00109637 0.000140708 -0.000434043 -0.000273639 -0.00164013 -0.000905266 9.12466e-05 
-0.000220477 -0.000960383 -9.58878e-05 0.000115557 -0.000696106 -0.000694496 -5.05774e-05 -0.000749237 0.113266 0.0016226 4.22038e-05 -0.0010831 -0.000179438 -0.000661462 -0.00378645 -0.00490143 -0.00599684 -0.00565077 -0.00326214 -0.00228122 -0.00226691 -0.00200684 -0.000183776 -0.000302411 -0.00153216 -0.000793452 -0.00588536 -0.00330532 -0.00284218 -0.0037616 -0.000738535 -9.31866e-05 -0.000831922 -0.00173964 -0.000849399 -0.00137561 -0.00117021 -0.001176 -0.00165975 -0.00056758 -0.00159764 -0.000967523 -0.00121029 -0.000574133 -0.000728673 0.000235182 -0.00102368 -0.000294829 -0.000636542 -0.000836285 -0.001341 -0.00110443 -0.00139395 -0.00119046 -0.00130471 -0.000714186 -0.000546086 -0.000284895 -0.00127866 -0.00130456 -0.00110232 -0.00112792 -0.00144988 -0.000836101 -0.00163777 -7.84899e-05 -0.000869329 -0.000608714 -0.000873374 -0.000560721 -0.00181841 0.000486888 -8.09399e-05 -0.00046181 -0.000902265 -0.00111238 -8.88562e-05 -0.00168616 -0.00112659 -0.0014479 -0.00101686 -0.00212451 0.000272511 -0.000427787 4.03615e-05 -0.000284046 -0.00075709 -0.000288913 -0.000278921 -0.000451185 -0.00160948 -0.000482501 -0.000848989 -0.00140173 -0.000284621 -0.000691956 -0.000861617 -0.00140112 -0.000811003 -0.0015045 
-0.00152264 -0.00120892 0.000444843 -0.00077167 -0.000310119 -0.00104602 -0.00161952 -0.000683141 0.0016226 0.127798 -0.000921193 0.000444486 0.00144173 -0.00484901 -0.00243292 -0.00146254 -0.00569396 -0.00563867 -0.00393414 -0.00153292 -0.00307217 -0.00508179 -0.00591133 -0.00401291 -0.00357804 -0.00313998 -0.00491959 -0.0045277 -0.00303189 0.000821767 -5.50779e-05 -0.000663237 0.000167585 -0.000878946 -0.000702398 -0.00197744 -0.0011586 -3.977e-05 -0.000820446 -0.000548151 -0.00198094 -0.00184387 -0.000803652 -0.000306466 -0.000860801 -0.00108513 -0.00177209 -0.00186703 -0.000371464 -0.00057585 -0.00103345 -0.00191631 -0.000272715 -0.000433604 -0.00265841 -3.42043e-05 -0.00152709 -0.000742453 -0.000754298 -0.00141784 -0.00112427 -0.000467805 -0.000517919 -0.00122289 -0.000817774 -0.000990544 0.000993777 -0.00197946 0.000190895 -0.000232844 -0.00213279 -0.00163143 -0.00022168 0.000217337 -0.000761045 0.000451897 -0.000757681 -0.00146934 -0.00162754 -0.00103834 -0.00135746 -0.00188813 -0.00118924 -0.000797179 -0.000215644 -0.000475028 -0.00202244 -0.000612255 -0.00139318 -0.00061787 -0.00087456 -0.00155549 7.08051e-05 -0.000549321 -0.000466551 -0.00094582 -0.00101209 -0.000971982 0.000304408 -0.00102838 
-0.00212103 -0.00134884 -0.000714584 -0.000663076 -0.000275553 -0.00048679 0.00030353 -2.35681e-05 4.22038e-05 -0.000921193 0.130878 -0.00268801 0.000707454 0.000804122 0.00182674 -0.003388 -0.00114458 -0.00270366 -0.00411473 -0.00419495 -0.00489539 -0.0053438 -0.009765 -0.00184626 -0.0015152 -0.0034377 -0.000875217 -0.00432002 -0.00230211 -0.00355136 -0.00581229 -0.00219577 -0.00033294 -0.000849101 -0.00141191 -0.000130543 -0.00126712 -0.000380462 0.000256452 0.00116809 -0.00101717 -0.00154594 -0.00103004 -0.000944145 -0.000791544 -0.000527388 -5.30818e-05 -0.00207271 -0.00153988 -0.0013603 -0.00100145 -0.000964153 -0.000850342 -0.000834818 -0.000982794 -0.000333269 -0.0014809 -0.00164973 -0.000617448 -0.00164676 -0.00155033 -0.00175744 -0.000836485 -0.000544401 -0.000704249 -0.000562034 -0.000534537 -0.002808 -0.00240821 -0.0010661 -0.00172107 -0.00182186 -0.000975767 -0.0013662 -0.00198197 -0.000705815 -0.00118263 -0.00135407 -0.00111017 -0.00140668 -0.00157505 -0.00142847 -0.00174411 -0.000263018 3.14772e-05 -0.000490412 -9.31356e-05 -0.000478663 -0.00154349 -0.000661481 -0.00105037 -0.00159163 0.000239883 0.000718412 0.000538622 -0.000831776 -0.0012399 -0.000844443 0.000236363 -0.00125293 
-0.00110899 -0.000901092 -0.00301243 -0.000967218 -0.00264878 -0.00236991 0.000973509 -0.00316291 -0.0010831 0.000444486 -0.00268801 0.161775 -0.00401935 -0.004096 0.0012261 -0.00160094 -0.00141335 -0.00607531 -0.00384608 -0.00714693 -0.00849683 -0.00776461 0.000210111 0.000996567 -0.00583043 -0.00682501 -0.00186456 -0.00457769 -0.000210555 -0.00192265 -0.00473829 0.00224938 0.000853712 -1.92055e-05 -0.00286136 -0.000928909 -0.00226909 -0.00204881 -0.0012607 -0.00164244 -0.000910081 -0.000939264 -0.00153467 -0.00159049 -0.00173233 -0.00107488 -0.00272392 -0.0018966 -5.12187e-05 -0.00121602 -0.000883215 -0.00266525 9.09344e-05 -0.000351045 -0.000925276 -0.000867904 -0.00165903 -0.00183137 -0.00254522 -0.00198493 0.000994937 -0.000558386 0.000153122 -8.19794e-05 -0.00258179 -0.000655205 -0.00135182 -0.000545738 -0.00107237 0.000537757 -0.00197033 -0.00281116 -0.000878321 -0.00126695 -0.001831 -0.000682356 0.000445946 -0.000644684 -0.000871709 -0.000607719 -0.000319947 -0.00169038 -0.000303838 -0.000604482 -0.00132823 -0.000985282 -0.0015486 -0.000224337 -0.00174966 -0.00160504 -0.000726752 -0.00164616 -0.000242845 -0.0016919 -0.00249728 -0.000936336 -0.00182073 -0.000355758 -0.00337033 -0.00210809 
-0.00438426 -0.00396143 -0.0010604 -0.00219054 -0.00188567 -0.000380083 -0.00197548 -0.000869314 -0.000179438 0.00144173 0.000707454 -0.00401935 0.186239 -0.0022226 -0.00385239 -0.00553879 -0.00105903 -0.00519758 -0.00503254 -0.00493283 -0.00189169 -0.00986304 -0.00761229 0.00313542 -0.00830318 -0.00686446 -0.00301528 2.46415e-05 -0.00451506 -0.00110955 -0.00349579 -0.00375162 -0.000974197 0.00089088 0.000107995 -0.000316284 -0.0021476 -0.00135168 -0.00296388 -0.00164812 -0.00140535 -0.00251445 -0.00109326 -0.000485495 -0.001383 -0.00266156 -0.00293588 -0.00138076 -0.00167057 -0.00371552 -0.0023068 -0.00228561 -0.00186941 -0.000512441 -0.00226814 1.23098e-06 -0.000830473 -0.00152779 -0.00184626 -0.00156253 -0.00120743 -0.00142529 -0.000719821 0.000695879 -0.00223804 -0.000219534 7.53004e-05 -0.00332522 -0.00214389 -0.000973348 -0.0015361 -0.0037086 -0.00155743 -0.00144327 -0.000400634 -0.000240328 -0.00293697 -0.00258331 -0.000814881 -0.0010346 -0.00134953 4.99955e-05 -0.000441035 -0.000876784 8.00936e-05 -0.000968841 -0.00144164 -0.00184136 -0.00190197 -0.00142421 -0.00122386 -0.00177017 -0.00217183 2.09756e-05 -0.000947727 -0.0022163 -0.000823922 -0.00290795 -0.000553463 0.000719429 
-0.0028111 -0.000781779 -0.00264438 -0.00390161 -0.00399235 -0.00412075 1.83289e-05 -0.00216319 -0.000661462 -0.00484901 0.000804122 -0.004096 -0.0022226 0.201327 -0.000956432 -0.00526912 0.00270572 -0.00417324 -0.00578065 -0.00310784 -0.0091573 -0.00738661 -0.00236886 -0.00767785 -0.0110328 1.85093e-05 -0.00624505 -0.000669537 -0.00367475 -0.00312753 -0.00283664 -0.00102108 -0.00526518 -0.00440691 -0.00151765 -0.00193124 -0.00156526 -0.00168105 -0.00226011 -0.00149393 -0.00224708 -0.00352133 -0.00327257 -0.000826729 -0.00116941 -0.00284065 -0.0026457 -0.00175427 -0.00239636 -0.00115736 -0.000279705 -0.0028674 -0.000845803 -0.00117875 -0.0018385 -0.00252673 -0.000742728 -0.00169933 -0.000750453 -0.00196882 -0.00085487 -0.00153383 -0.000476696 -0.00230034 -0.00169738 -0.000916704 -0.00193568 -0.00309948 -0.00115369 -0.00120153 -0.000397048 -0.00349747 -0.000572879 -0.000470862 -0.00121163 -0.000191389 -0.00141727 -0.000445347 -0.00349316 -0.000704758 -0.00317533 0.00209904 -0.00127012 -0.00118327 -0.00241665 -0.00200994 -0.00136252 -0.00144964 0.000176346 0.00102677 0.00214916 -0.00285532 0.00098024 -0.00195033 -0.000504639 -0.00153814 -0.00176579 -0.000220276 0.000340241 0.00100862 
-0.00093284 7.76941e-06 -0.00309117 -0.00233419 -0.00172264 -0.00144588 -0.00424486 -0.000884974 -0.00378645 -0.00243292 0.00182674 0.0012261 -0.00385239 -0.000956432 0.209405 -0.00313668 -0.00770773 -0.00480378 -0.00383892 0.000509198 -0.0081262 -0.00361532 -0.0071751 -0.00556451 -0.00820792 -0.000664821 -0.0049867 -0.00491942 -0.00202182 -0.00467674 -0.00150304 -0.00148979 -0.00391449 -0.00550374 -0.00183863 -0.00183656 0.000131777 -0.00110944 -0.0035744 -0.00072753 -0.00112297 -0.00428529 -0.000266655 -0.00115529 -0.000515396 -0.00202926 -0.00328393 -0.000847061 -0.00185058 2.51302e-05 0.000496341 -0.00343484 -0.0044152 -0.00195471 -0.00119668 -0.0010284 -0.000796823 0.00207755 -0.000653329 0.000309673 -0.00134729 -0.000643282 -0.00152408 -0.00147397 0.000453073 -0.00144513 -0.00233572 -0.00395351 -0.00259954 -0.00240968 -0.00136343 -0.00288104 -0.0030127 -0.00148352 -0.00173102 -0.000971059 -0.00327856 -0.00157366 -0.000532614 -0.00274776 -0.00355548 -0.00156633 -0.00126335 -0.00268978 -0.00158353 -0.00115156 -0.00153733 -0.000993158 -0.00336964 -0.000745567 -0.000289513 0.000730086 -0.00369405 -0.00186368 -0.00158029 -0.00127677 -0.00225054 -0.00104209 -0.00154043 -0.00243337 
-0.000537705 -0.00218922 -0.00252558 -0.00394954 -0.00213526 0.00132945 -0.000634292 -0.00342357 -0.00490143 -0.00146254 -0.003388 -0.00160094 -0.00553879 -0.00526912 -0.00313668 0.238895 -0.00124753 -0.00404709 0.00340382 -0.00234534 0.00198754 -0.00708729 -0.0048259 -0.00986076 -0.00523067 -0.0132866 -0.00450865 -0.00950889 -0.0094726 -0.00196129 -0.000262904 -0.00238755 -0.0031443 0.000622793 -0.00105178 -0.000417775 0.00115288 -0.000556847 -0.000437703 -0.00508602 -0.00149694 -0.00251202 -0.00190704 -0.00142504 -0.00435094 -0.00218278 -0.000761889 -0.00230199 -0.00211248 -0.00178361 -0.00373531 -0.000864721 -0.00402033 -0.00241123 -0.00135974 -0.00292198 -0.00256737 -0.00210373 -0.00149612 -0.00119281 -0.00130744 -0.00332309 -0.00137596 -0.0034102 -0.00267651 -0.00269539 -0.000953301 -0.00140221 -0.00215987 -0.000552983 -0.000866783 -0.00483638 -0.00249051 -0.00187901 -0.000764019 -0.00235525 -0.00208625 0.000867274 -0.00287647 -0.000713915 -0.00243498 -0.00282173 -0.00207744 -0.000954032 -0.0015739 -0.00162203 -0.00146465 -0.000996423 -0.00280223 0.000171104 -0.00232709 -0.00366132 -0.00581953 -0.0025609 -0.000119824 -0.00343059 -0.0025711 -0.00295374 -0.000249049 0.00166453 
-0.00217885 -0.00139057 -0.00211512 -0.00399976 -0.000804022 -0.000503816 -0.00501019 -0.00295721 -0.00599684 -0.00569396 -0.00114458 -0.00141335 -0.00105903 0.00270572 -0.00770773 -0.00124753 0.242185 -0.00188716 -0.00417971 -0.000453737 -0.0118743 -0.00577273 -0.00172 -0.00570969 -0.0012442 -0.00213194 -0.00777498 -0.00296971 -0.00711412 -0.00470549 -0.00663757 -0.00547899 -0.000993614 -0.00158027 -0.00321196 -0.00145954 -0.00334024 -0.00201725 -0.00405309 -0.00137908 -0.00291401 -0.00162283 -0.00124035 -0.00216846 -0.00331633 -0.00153255 0.00059512 -0.00199631 -0.00133482 -0.00155882 -0.00121233 -0.00109428 -0.00260689 -0.0010924 -0.00152299 -0.00196121 -0.00427453 -0.00387532 -0.00387386 -0.00044278 -0.00214073 -0.00373257 -0.00231853 -0.00356293 -0.00384374 -0.00093724 -0.00221211 0.00068167 -0.00276479 -0.00110549 -1.60916e-06 -0.00231506 -0.00159318 -0.00211669 -0.00134721 -0.00292336 -0.00242917 -9.11571e-05 -0.00212003 -0.00109446 -0.00210404 -0.000969166 -0.00303954 -0.00178775 -0.00198082 -0.00215482 -0.00174393 -0.00219905 -0.00126429 -0.000335118 -0.00220154 0.000367631 2.65913e-05 -0.00466949 -0.00178467 -0.00432333 -0.00168609 -0.00277616 -0.000649928 -0.00168927 
-0.00211049 -0.00322125 -0.00536942 -0.00250503 -0.000158825 -0.00145671 -0.00133101 -0.00396039 -0.00565077 -0.00563867 -0.00270366 -0.00607531 -0.00519758 -0.00417324 -0.00480378 -0.00404709 -0.00188716 0.249491 0.0063725 0.00165001 -0.00165071 -0.000160758 0.00681546 -0.0123427 -0.000465187 -0.00328793 -0.0101643 -0.00623444 0.000954842 -0.00797134 -0.00423041 -0.00147567 -0.00437709 -0.000426211 -0.00450773 -0.00442503 -0.00219798 -0.000886282 -0.00108789 -0.0026978 -0.00234463 -0.00373159 -0.00337022 -0.00383983 -0.002248 -0.00297687 -0.00496742 -0.00223419 -0.00146455 -0.000400612 -0.0046084 -0.00199535 -0.00303327 -0.000277678 -0.0016195 -0.00442354 -0.00225441 -0.00267826 -0.00361035 -0.00413799 -0.00154035 -0.00181024 -0.00127863 -0.00140288 -0.000934846 -0.00212664 -0.000794487 -0.00180571 -0.0018259 -0.00253581 -0.00146074 -0.0030206 -0.0048869 -0.00222906 -0.00318128 -0.00451862 -0.000788506 -0.00284777 -0.00153112 -0.0019697 -0.00231032 -0.00181147 -0.000217685 -0.00137475 -0.000582258 -0.00165567 -0.000396571 -0.00404724 -0.00209839 -0.00243358 -0.00296359 -0.00350697 -0.00172828 -0.00151598 -0.00180543 0.000645531 -0.00179745 -0.00201209 -0.00221257 -0.00387314 
-0.000239442 -0.00406469 -0.00119005 -0.00396446 -0.00232259 -0.000787526 -0.00358073 -0.00591099 -0.00326214 -0.00393414 -0.00411473 -0.00384608 -0.00503254 -0.00578065 -0.00383892 0.00340382 -0.00417971 0.0063725 0.247425 0.00175448 -0.0044819 -0.00399408 0.00570363 -0.0111063 -0.0043479 -0.00398402 -0.00395366 -0.00230236 -0.00837859 -0.000785803 -0.00509109 -0.00374299 -0.00284964 -0.00578563 -0.00397292 -0.00219595 -0.00197692 -0.00127602 -0.0014078 -0.000925894 -0.00285044 0.000929253 -0.00239085 -0.00011547 -0.00509252 -0.00178786 -0.00213476 -0.00373363 -0.00212642 -0.00237336 -0.00409862 -0.00126341 -0.0046485 -0.00325886 0.00178171 -0.00125991 -0.00360611 -0.00318393 -0.00341513 -0.00207502 -0.00238357 -0.00255534 -0.00270907 -0.000912942 -0.00193664 -0.00128803 -0.000393994 0.00066781 -0.00159433 -0.00294249 -0.00252614 -0.00236901 -0.00283654 -0.000162216 -0.0034107 -0.00315949 -0.000239678 -0.00325778 -0.00262979 -0.00174996 -0.00487186 -0.0045648 -0.0030956 -0.00266614 -0.00280424 -0.00144265 -0.00301575 -0.00161237 -0.00288153 -0.00238612 -0.000991905 -0.00369623 -0.00135126 -0.00316997 -0.00222422 -0.00294112 -0.000724058 -0.000625489 -0.00384084 -0.00205115 
-0.000669773 0.00253742 -0.00314979 -0.00240387 -0.00224578 -0.00154045 -0.00758763 -0.00294287 -0.00228122 -0.00153292 -0.00419495 -0.00714693 -0.00493283 -0.00310784 0.000509198 -0.00234534 -0.000453737 0.00165001 0.00175448 0.244768 -0.00276285 -0.0103028 -0.00179096 -0.00563761 0.00265927 -0.00914073 -0.00701617 -0.00490867 -0.00598339 -0.00546103 -0.00200721 -0.00560336 -0.00260797 -0.00338684 -0.00134812 -0.000619479 -0.00392535 0.000293199 -0.00298544 0.00020825 -0.00261689 -0.00371502 -0.00325746 -0.00254209 -0.00274107 -0.0021217 -0.00284421 -0.00117715 -0.00148226 -0.00370532 -0.00260109 -0.00271186 -0.00100638 -0.000976954 -0.00335684 -0.00339007 -4.70833e-05 -0.00257219 -0.00169041 -0.00381042 -0.00251696 -0.00214014 -0.00207798 -0.00174813 -0.000607434 -0.00225551 -0.000766329 -0.00043274 -0.00183399 -0.00347833 -0.00182488 -0.00303202 -0.00248233 -0.0036731 -0.00223275 -0.000837213 -0.00116631 -0.00104384 -0.00183105 -0.00303684 -0.00102149 -0.00285806 -0.00284596 -0.00206484 -0.00497604 -0.00128387 -0.00157757 -0.00410518 -0.000657386 -0.00173474 -0.00303844 -0.0017699 -0.00180171 -0.00258363 -0.00301062 -0.00220161 -0.00530798 -0.00124726 0.000399605 -0.00128472 
-0.00191174 -0.00230517 -0.002172 -0.00267405 0.000354799 -0.00595584 -0.00470214 -0.00228801 -0.00226691 -0.00307217 -0.00489539 -0.00849683 -0.00189169 -0.0091573 -0.0081262 0.00198754 -0.0118743 -0.00165071 -0.0044819 -0.00276285 0.24989 0.00305086 -0.00996252 -0.00468738 -0.00874896 -0.00406767 -0.00348849 -0.0111091 -0.0054541 -0.00641486 -0.00357705 -0.002713 -0.00573035 -0.000467356 -0.00473943 -0.00302764 -0.00109658 -0.00233249 -0.000383158 -0.00282214 -0.00146237 -0.00133199 -0.00312185 -0.00306335 -0.000747507 -0.00201882 -0.00064117 -0.00149476 -0.00118632 -0.00194387 -0.00202596 -0.00343005 -0.00152737 -0.00221732 -0.00254287 -0.000831122 0.000320826 -0.00141227 0.00105962 -0.000478814 -0.00219981 -0.00130885 -0.00375475 -0.00122423 0.00112372 -0.00255837 -0.00195003 0.000530345 -0.00194816 -0.003494 -0.00196114 0.000787528 -0.00169032 -0.00362827 -0.0014848 -0.00447767 -0.00348025 -0.00108497 -0.00299033 0.00191506 -0.00125225 -0.00162926 0.00137111 -0.00103989 -0.0011546 -0.000588915 -0.00422364 -0.000518899 -0.000593279 -0.000889706 -0.000628038 -0.00127136 -0.00322241 -0.00127799 -0.00104067 -0.00178109 -0.0023823 -0.00233365 -0.00193937 -0.00240301 
-0.000531203 -0.0017244 -0.000804208 -0.00238202 -0.000748691 -0.00313559 0.000937013 -0.00335878 -0.00200684 -0.00508179 -0.0053438 -0.00776461 -0.00986304 -0.00738661 -0.00361532 -0.00708729 -0.00577273 -0.000160758 -0.00399408 -0.0103028 0.00305086 0.249011 -0.00419981 -0.0022341 -0.00643833 0.00316753 -0.000196357 0.000419169 -0.00576539 -0.00773648 -0.00150794 -0.00322432 -0.00448803 -0.00443209 -0.0055947 -0.00303739 -0.00363178 -0.00221455 -0.000232849 -0.00433047 -0.000891765 -0.00192036 -0.000639206 -0.00190374 -0.00140865 -0.00214852 -0.00228634 -0.000576566 -0.00420847 -0.00268559 -0.00143526 -0.00221015 -0.00454822 -0.00298843 -0.00122869 -0.0032411 -0.00317054 -0.000992645 -0.00101101 -0.000520811 -0.00193227 0.000279267 -0.00127319 -0.00327909 -0.000997557 -0.00189951 -0.00156636 -0.00292196 -0.00411 -0.00188502 -0.00366276 -0.000772944 -0.000576837 -0.00300107 -0.00162596 -0.00343838 -0.00134781 0.000307759 -0.0038324 -0.000867347 -0.000752122 -0.00220275 -0.00304633 -0.00143136 -0.000739181 -0.00298211 -0.00141992 -0.0031968 -6.26441e-05 -0.000262162 -0.00216371 -0.00246525 -0.000426543 -0.0008643 -0.00170381 -0.00429422 -0.00176766 -0.00336461 -0.00174515 -0.00294628 
-0.00182867 -0.00144501 -0.00246424 -0.00245425 -0.00231998 -0.00299186 -0.00418281 -0.00195256 -0.000183776 -0.00591133 -0.009765 0.000210111 -0.00761229 -0.00236886 -0.0071751 -0.0048259 -0.00172 0.00681546 0.00570363 -0.00179096 -0.00996252 -0.00419981 0.248093 -0.00703663 -0.00578609 -0.00602541 -0.00606351 -0.0108105 -0.00576634 -0.00667902 -0.00498047 -0.00241679 -0.00690967 -0.00278574 -0.00151805 -0.00354431 -0.00294135 -0.00053889 -0.00354112 -0.000612264 -0.00310179 -0.00245216 -0.00158401 -0.00242475 -0.00177526 -0.00281173 -0.00418653 -0.000808327 -0.00247968 -0.000487375 -0.00187009 -0.00159811 0.00041351 0.000619209 -0.00125 -0.00131066 -0.00103415 -0.00337205 -0.00394279 -0.00061459 -0.00114537 -0.000862618 -0.00271493 -0.00198638 -0.00262464 0.000831577 -0.00139028 -0.00362934 -0.00164276 -0.00214259 -0.00103238 0.00089241 -0.00093858 -0.00266891 -0.00149874 -0.00293222 -0.00141674 -0.00176857 -0.00103681 -0.00298135 -0.00337538 -0.00100748 -0.00195303 -9.69072e-06 -0.00364366 -0.00152895 -0.00330263 -0.00195383 -0.00242661 -0.00296267 -0.000726157 -0.000595972 -0.000129569 -0.00506271 -0.00138019 -0.00269877 0.00167913 -0.00148889 -0.00356159 -0.00282211 
-0.00330719 -0.00159502 -0.000485801 -0.000262376 -0.00380018 0.00104176 0.00321509 -0.00148376 -0.000302411 -0.00401291 -0.00184626 0.000996567 0.00313542 -0.00767785 -0.00556451 -0.00986076 -0.00570969 -0.0123427 -0.0111063 -0.00563761 -0.00468738 -0.0022341 -0.00703663 0.247745 -0.0095157 -0.0107132 -0.00413836 0.00516427 -0.00220591 -0.000590382 -0.00186853 -0.00342004 -0.00236733 -0.00100632 5.29458e-06 -0.00249628 -0.00148466 -0.00333067 -0.0011074 -0.00132198 -0.0014325 -0.00200446 0.000722511 -0.00267339 -0.0010721 -0.000174745 -0.00229895 -0.00439628 -0.00455186 -0.00387467 -0.00299341 0.00106323 -0.00224931 -0.00256915 -0.00216959 -0.000300796 -0.00215098 0.000444802 -0.000512788 -0.00222703 -0.00156519 -0.00158855 -0.00236873 -2.99999e-05 -0.00343594 -0.00354359 -0.00284847 -0.00134091 -0.000600657 6.47079e-05 -0.00384851 -0.00149243 -0.000279711 -0.00273333 -0.00204618 -0.00311413 -0.00303451 -0.00359811 -0.00397224 -0.00191197 -0.00294912 -0.0050587 -0.00359428 -0.00353061 -0.00233454 -0.00152341 -0.00427578 -0.000880092 -0.00170171 -0.0013918 -0.00472698 -0.00259812 -0.00101246 -0.00163306 -0.00179975 -0.00297417 -0.00153529 -0.00148524 -0.00231727 -0.000751242 
-0.000408377 -0.00248957 0.000336181 -0.00054229 -0.000562716 -0.00626572 -0.0039954 -0.00271677 -0.00153216 -0.00357804 -0.0015152 -0.00583043 -0.00830318 -0.0110328 -0.00820792 -0.00523067 -0.0012442 -0.000465187 -0.0043479 0.00265927 -0.00874896 -0.00643833 -0.00578609 -0.0095157 0.243546 -0.00531585 -0.00204602 -0.00513454 0.000936756 -0.00395092 -0.00230395 -0.00285808 -0.000661704 -0.00294097 -0.000745237 -0.00474199 -0.00368171 -0.00238346 -0.00273113 -0.00162016 -0.00172069 0.000352446 -0.00213807 0.000348471 -0.00150798 -0.00449245 -0.000880789 -0.0020312 -0.00211532 -0.0030047 -0.00292633 -0.000198924 -0.00135636 -0.0011084 -0.000386635 -0.00151417 -0.00382302 -0.000989538 -0.00275176 -0.0015128 -0.00454565 0.000380335 -0.0014922 -0.00191772 -0.000273884 -0.00198208 -0.0027583 9.03602e-06 -0.0013338 -0.00225157 -0.00216036 -0.00351314 0.000801456 -0.00332149 -0.00294931 -0.00204212 -0.00211362 -0.00292216 -0.000272701 -0.00148189 -0.000256528 -0.00175302 -0.00137768 -0.000952125 -0.00148887 -0.00263619 -0.0019159 0.000168057 -0.00188993 -0.00100461 -0.00411758 -0.000453742 -0.00453041 -0.00133907 -0.000117685 -0.00261522 -0.0022861 -0.00435607 -0.00192529 -0.00285795 
-0.00497981 -0.00379427 -0.00234697 0.000382094 -0.00445697 -0.0036368 -0.00322617 -0.00157245 -0.000793452 -0.00313998 -0.0034377 -0.00682501 -0.00686446 1.85093e-05 -0.000664821 -0.0132866 -0.00213194 -0.00328793 -0.00398402 -0.00914073 -0.00406767 0.00316753 -0.00602541 -0.0107132 -0.00531585 0.24071 -0.00266432 0.00301353 -0.00486074 0.00246039 0.00312645 -0.00340436 -0.00408362 -0.00227227 -0.00653427 0.000947104 -0.00339433 -0.00557631 -0.0031755 -0.0014515 -0.00257756 -0.00322356 -0.00186069 -0.000991975 -0.000379284 -0.0017836 -0.00203225 -0.00204206 -0.000173432 -0.00273256 0.000319273 -0.000751119 -0.000459247 -0.00209521 -0.00167592 -0.00186778 -0.00199726 -0.000847256 -0.00211394 0.000558524 -0.00231992 -0.00193558 -0.00238525 -0.00136408 -0.00208038 -0.00412674 -0.00423554 -0.00350636 -0.00376691 -0.00324549 -0.00288342 -0.000565509 -0.00141885 -0.00142503 -0.0023324 -0.00143181 -0.0019036 -0.00164076 -0.00248051 -0.00404438 -0.0028286 -0.000594511 -0.00348205 -0.00171011 -0.00145443 -0.00249332 -0.000680579 -0.00215095 -0.000531222 -0.00278024 -0.00100405 -0.0019166 0.000592061 -0.00215259 -0.00196851 -0.00258247 -9.68001e-05 -0.00380706 -0.00109204 -0.00216258 
-0.000216047 -0.00276174 -0.00338148 -0.00358484 -0.0043696 0.00111176 -0.00261417 -0.00112411 -0.00588536 -0.00491959 -0.000875217 -0.00186456 -0.00301528 -0.00624505 -0.0049867 -0.00450865 -0.00777498 -0.0101643 -0.00395366 -0.00701617 -0.00348849 -0.000196357 -0.00606351 -0.00413836 -0.00204602 -0.00266432 0.227051 -0.0038296 0.00297124 -0.00206385 -0.00320715 -0.000721221 0.00012781 -0.00526452 -0.00240914 -0.00290571 -0.000478282 -0.00136851 -0.000151877 -0.00284559 0.00049981 0.0014998 -0.0020473 -0.00204283 0.000287807 -0.000931863 -0.00156974 -0.00217481 -0.00178764 -0.0029976 -0.00220582 -0.00100877 -0.00252316 9.10595e-05 -0.00234691 -0.00113051 -0.00281216 -0.00150615 -0.00266129 -0.00245514 -6.84056e-06 -0.00309605 -0.000862218 -6.0706e-05 -0.00266825 -0.000900662 -0.00172012 -0.000672089 -0.0011683 0.000778424 0.000367744 -0.00240895 -0.00121175 -0.00208504 -0.00185923 -0.00367902 -0.00207889 -0.00540225 -0.00155122 -0.00191099 -0.000988398 -0.0021781 -0.00365473 -0.00312851 -0.00382257 -0.00315436 -0.0017449 -0.00204372 -0.000722864 -0.00164876 -0.000642428 -0.00276753 -0.00182968 -0.00363943 -0.00205592 -0.00164627 -0.00254191 -0.000869108 -0.00319237 -0.00386644 
-0.00157063 -0.00363326 -0.00406861 -0.00281265 -0.00109912 -0.000123154 -0.00298229 -0.00315026 -0.00330532 -0.0045277 -0.00432002 -0.00457769 2.46415e-05 -0.000669537 -0.00491942 -0.00950889 -0.00296971 -0.00623444 -0.00230236 -0.00490867 -0.0111091 0.000419169 -0.0108105 0.00516427 -0.00513454 0.00301353 -0.0038296 0.209898 0.00965987 -0.00077991 -0.00292993 -0.00233029 -0.00310899 -0.00175326 -0.00127373 -0.00326157 -0.00177 -0.0023725 -0.000832926 -0.000810349 -0.00231469 0.000678491 -0.000981245 -0.00154298 -0.00116291 -0.00351423 0.000744935 -0.00264405 -0.00108007 -0.00236053 0.00140298 -0.00252283 -0.00113049 -0.00309653 -0.00230841 -0.000810257 -0.00411383 -0.00207742 -0.00180554 -0.00134956 -0.00104504 -0.00260709 -0.00280974 -0.0024346 -0.00250789 -0.00297003 -0.00301227 -0.00168229 -0.00336582 -0.00209997 -0.00166135 -0.00309629 -0.00283311 -0.00315146 -0.00151791 -0.000630384 -0.0013892 -0.00193761 -0.0016772 -0.0027255 -0.00104037 -0.00162217 -0.00191918 -0.00223371 -0.00106084 -0.00181342 -0.0014295 -0.00185058 -0.00108497 -0.00181562 -0.00138094 -0.00149574 -0.00294226 0.000218167 -0.00155095 -0.00116815 -0.00360656 -0.00105367 -0.00174379 -0.000649982 
-0.00224759 -6.48598e-06 -0.00290712 -0.00252964 0.000468978 -0.00116743 -0.00208606 -0.000985796 -0.00284218 -0.00303189 -0.00230211 -0.000210555 -0.00451506 -0.00367475 -0.00202182 -0.0094726 -0.00711412 0.000954842 -0.00837859 -0.00598339 -0.0054541 -0.00576539 -0.00576634 -0.00220591 0.000936756 -0.00486074 0.00297124 0.00965987 0.184398 -0.00389762 -0.00278059 -0.00133015 0.00219398 0.000304357 -0.0014711 -0.00327559 -0.000426055 -0.000159182 0.000799934 0.000774293 -0.00313696 0.000581134 -0.0010339 -0.00109233 -0.000238643 -0.00136567 -0.00351766 -0.00255774 -0.000787801 -0.00110189 -0.00211662 -0.00265709 -0.00200227 -0.00218203 -0.00311349 -0.000823564 -0.00332519 -0.00318986 9.33033e-05 -0.00251495 -0.00153795 -0.001623 -0.000479605 -0.00207637 -0.000617357 -0.00193244 -0.00255339 -0.000750327 -0.00139694 -0.00272464 -0.000643965 -0.0040244 -0.00176151 -0.00204255 -0.00255867 -0.00164206 -0.00208742 -0.00244021 -0.00212164 -0.00271943 -0.0034011 -0.00102976 -0.000745464 -0.00107909 -0.000461105 -0.00388342 -0.00156357 -0.00169787 -0.00225901 -0.00220006 -0.00178437 -0.000736807 -0.00037136 -0.000909319 -0.00143724 -0.00140629 -0.00308866 0.000227002 -0.00272021 -0.000227286 
-0.00175392 -0.00220794 0.000516317 -0.000655724 -0.00240025 -0.00256929 -0.00172029 -0.00015646 -0.0037616 0.000821767 -0.00355136 -0.00192265 -0.00110955 -0.00312753 -0.00467674 -0.00196129 -0.00470549 -0.00797134 -0.000785803 -0.00546103 -0.00641486 -0.00773648 -0.00667902 -0.000590382 -0.00395092 0.00246039 -0.00206385 -0.00077991 -0.00389762 0.168044 0.000894462 -0.000738618 -0.000346197 -0.000513011 -0.000744232 -1.9129e-05 -0.00120327 -0.00172292 -0.00137787 -0.00239429 -0.00103663 -0.00097784 -0.00177716 -0.00126115 -0.00068453 -0.00095151 0.000314205 -0.00284571 -0.00171807 -0.000855918 -0.00151312 -0.00265697 -0.000605812 -0.000921572 -0.000775519 -0.00231546 -0.00176696 -0.00127722 -0.0019491 -0.00109159 -0.00232341 -0.0024648 -0.00193955 0.000978667 -0.00207646 -0.00270585 -0.00234987 -0.00232378 -0.00222104 -0.00119346 -0.00178752 -0.0025271 -0.00267623 -0.001227 -0.000953595 -0.000765704 -0.000943042 -0.000548477 -0.00194545 -0.00123677 -0.00199879 -0.00112839 -0.000751302 -0.00121686 -0.000798726 -0.00104773 0.000318556 0.000721382 -0.00117201 -0.00146526 -0.000768348 -0.00340619 -6.17751e-05 -0.00233828 -0.000969225 -0.0015957 -0.000752068 -0.000288875 -0.000657392 -0.00179097 
-0.00159026 -0.000943922 -0.00197541 -0.00118205 -0.00141513 -0.00119666 -0.00133443 -0.0013004 -0.000738535 -5.50779e-05 -0.00581229 -0.00473829 -0.00349579 -0.00283664 -0.00150304 -0.000262904 -0.00663757 -0.00423041 -0.00509109 -0.00200721 -0.00357705 -0.00150794 -0.00498047 -0.00186853 -0.00230395 0.00312645 -0.00320715 -0.00292993 -0.00278059 0.000894462 0.149973 -0.00244552 -0.00235981 -7.73217e-06 1.28395e-05 -0.000469445 -0.00097278 -0.00146975 -0.00247647 -0.00127579 -0.0015067 -0.0015416 -0.00130262 -0.000749762 -0.000408309 -0.00123416 0.00188513 -0.00170702 -0.00174018 -0.00129425 -0.0017085 -0.00140041 -0.000915598 -0.000696962 -0.00164493 -0.00168709 -0.000146617 -0.000462449 -0.000530967 -0.00172639 -0.00126836 -0.00126745 -0.00113306 -0.00142826 -0.000745231 -0.00124319 -0.00242274 -0.00099528 -0.00050251 -0.000540752 -0.000548231 -0.000850599 -0.00105765 -0.000479563 -0.00118356 -0.000723841 -0.000455686 -0.00190247 -0.00178454 7.96722e-05 -0.00154624 -0.00165094 -0.00164499 -0.00204881 -0.000906157 -0.000342207 -0.00120585 -0.00123531 -0.00215514 -0.00108711 -0.00158697 -0.00211397 -0.00219998 -0.000763863 -0.00194234 -0.000958339 -0.000776079 -0.00203963 -0.0023071 -0.00154257 
-0.000297025 -0.00213704 0.000635965 -0.00199381 -0.000910536 -0.00130528 -0.00122031 -0.00130916 -9.31866e-05 -0.000663237 -0.00219577 0.00224938 -0.00375162 -0.00102108 -0.00148979 -0.00238755 -0.00547899 -0.00147567 -0.00374299 -0.00560336 -0.002713 -0.00322432 -0.00241679 -0.00342004 -0.00285808 -0.00340436 -0.000721221 -0.00233029 -0.00133015 -0.000738618 -0.00244552 0.108081 0.00112497 -0.00129504 -0.000440484 -0.00213842 -0.00071276 -0.00117274 -0.00168959 0.000113639 -0.000665373 0.000254629 0.000644373 -0.00082289 -0.00101184 -0.000338347 -0.000921015 0.000361595 -0.000642425 -0.000544375 -0.000830932 -0.00100083 -0.000345401 -0.00167802 -0.000670751 -5.59061e-05 -0.000659588 -0.0012027 -0.000633078 7.77088e-05 -0.00103208 5.95197e-05 -0.000818662 4.1615e-06 -0.000827147 -0.000882586 -0.000524414 -0.000536875 -0.00152743 -0.000638108 -0.000827245 -0.00152845 -0.0015552 -0.000635395 -0.00015363 -0.00097607 6.01718e-05 -0.00174446 -0.00191639 -0.00121452 -0.00136401 -0.00031789 -0.000438066 -0.000836095 -0.000527277 -0.000273755 -0.000634972 -0.000724177 -0.000483523 -0.000626021 -0.00121308 -0.000288759 -0.000369038 -0.000283526 -0.00098561 -0.000246219 -0.000978621 -0.000220995 -0.00201288 -0.00135256 
