0.0926373 -0.00136648 0.00031801 -0.000283622 -0.00180751 0.000353198 -0.000595383 -0.00135112 -0.00154863 0.000359436 -0.000485305 0.00016015 -0.00142035 -0.00355456 -0.00294135 -0.00354866 -0.000877251 -0.00587702 -0.0034035 -0.00397534 -0.0012582 -0.000525815 0.00339684 -0.00172539 -0.000902305 -0.00185166 -0.00334784 -0.00291582 -0.0013968 -0.000911998 -0.00185097 0.000338011 -0.00149868 -0.00174534 -0.00145395 -0.00092546 -0.000641223 -0.000694319 -0.00159622 -0.00129538 -0.000558782 -0.000441548 -0.000296728 0.000131409 -0.000563791 -0.000228872 -0.000590719 0.000140667 -0.000991983 3.3274e-05 -0.000779504 -0.00147378 -0.00145122 -0.00162924 0.000325901 -0.00138351 -0.000901365 -0.0015777 -0.000772626 0.000223066 -0.00150528 -0.00133838 6.56053e-05 -0.00133741 -0.000859633 -0.000244094 -0.000418032 -0.000457325 -0.0007852 -0.000902828 -0.000565778 -0.000644159 0.000196065 -0.000479838 -0.00174906 -0.00116853 -0.0001006 -0.000708719 -0.000108056 -0.00103718 -0.000457833 -0.00101094 -0.0010317 -0.00053883 -0.000671867 -0.000608228 -0.00040685 -0.000174515 -0.000916171 -0.000382337 -0.000703308 -0.000851364 -0.00122749 0.000468426 -0.00082502 -0.00041976 -0.000524023 4.80342e-05 -8.02938e-05 -0.000739914 
-0.00136648 0.0830137 -0.000224749 -0.000938025 0.000860963 0.000442604 -0.000131095 0.000170322 -0.000972143 -0.00211015 -0.00110882 -0.00137182 -0.000583233 0.000243121 -0.0045756 0.00247596 -0.00221047 -0.00161055 -0.000656459 -0.00201465 -0.00100757 -0.00289132 -0.00128762 -0.00242968 -0.00381979 -0.00112031 -0.00221822 -0.00283721 -0.00399312 -0.000967786 -0.000753246 -0.000253206 -0.00134238 -0.00127554 -0.00132372 -0.000421998 -0.000450828 0.000210118 -0.00127108 -0.000627636 -4.91368e-05 -0.00107799 -0.000553925 -0.000686192 -0.000236361 -0.00071974 -0.000328238 -0.000874685 -0.00114339 -0.00126238 -0.000865392 -0.000996359 -0.000626347 -0.000666738 -0.000851463 -0.000617856 -0.000732366 -0.000688929 -1.66698e-05 -0.000618058 -0.000570889 -0.00175988 -0.000207774 -0.000840817 -0.00028521 -0.000510127 -0.000470922 -0.000150179 -0.000305223 -0.00112065 -0.000566948 -0.00109653 -0.000518894 -0.000328888 -0.000294035 -0.00110087 -0.000201199 -0.000106319 -0.000345492 -0.000915028 -0.00106736 0.000138208 -0.000986243 -0.00140501 -0.00090939 -0.00132908 -0.000658512 -0.000301595 -0.000547435 -0.000398121 -0.00046764 -0.00141273 -0.00119973 -0.00114683 -0.0004517 0.000221656 0.000397865 -8.04175e-05 -0.000615857 0.000277729 
0.00031801 -0.000224749 0.100361 -0.000908901 -0.00147003 -0.000845402 -0.000194807 0.000137934 -0.000337862 -0.000839129 -0.0008199 -0.000426509 0.000139654 -0.00244877 -0.0042941 -0.0028401 -0.00268945 -0.00279739 -0.00106117 -0.00218524 -0.000538436 -0.00289253 -0.000978437 -0.000205456 -0.000437753 -0.00238195 -0.0017574 -0.00230483 -0.0012574 -0.000816971 -0.00217207 -0.00213301 -0.000202679 -0.000275727 -0.000141886 -0.00178848 -0.000540213 -0.00102698 -0.00147861 -0.0010214 -7.87539e-05 0.000122169 -0.000105572 -0.000929799 -0.000414403 -0.00165955 -0.0019145 -0.00120839 -0.00115144 -0.000736843 -0.00116837 -0.000753318 -0.000836403 -0.000502574 -0.00101688 -0.00146593 -0.00087229 -0.000614857 -0.000844962 -0.00105331 -0.00101488 -0.000885021 -0.000919911 -0.000532913 -0.000836996 -0.00143109 -0.00125381 9.70431e-06 -0.000323963 -0.0010895 -0.00142922 3.76252e-05 -0.000278353 -0.000894522 -0.00136635 -0.000351215 -0.000712675 -0.0009375 -0.00118073 -0.000481919 -0.000664607 -0.000550585 -0.0014756 -0.0015292 -0.000663273 -0.000623601 -0.00078862 0.00017141 -0.00098738 -0.00109088 -0.000772408 -0.0014949 -0.00111668 -0.00123951 -0.001093 -0.000862434 -0.00141669 -0.000644104 -0.000845761 -0.0014542 
-0.000283622 -0.000938025 -0.000908901 0.0781483 0.000506887 -0.000459004 -8.93129e-05 -0.00119727 -0.000397491 -0.00168834 -0.00204685 -0.000328449 -0.00145512 -0.00164366 -0.00016067 -0.00337396 -0.00327748 -0.00363344 -0.00495296 -0.00321484 -0.00297059 -0.00201827 -0.00269318 -0.00214716 -0.00135601 -0.00336229 -0.003362 0.00022856 -0.000904671 -0.00140105 -0.000991309 0.00114421 -0.000609929 -0.0012351 -0.00085159 -0.0002218 -0.000320587 0.00131481 -9.1117e-05 -0.000303163 -0.000444719 -0.000364335 -0.000452903 0.000286422 -0.000414632 -0.000355282 0.000418237 0.000209357 -0.000596899 -0.000481873 -0.000965455 3.2094e-06 -0.00049958 -0.000541366 -0.000727674 -0.000770419 -0.000192727 -0.000151851 -0.000656647 -0.000643108 -0.00045859 -0.000369703 0.000635637 -0.000511957 -0.000746548 -0.000393757 -0.000712475 -7.50833e-05 -0.000100867 -0.000212585 -0.000446599 -0.00047029 -0.000359412 -0.000339085 -0.000219102 -0.000624924 -0.000426403 -0.00100773 -0.000585525 -0.000737907 0.000689017 -0.000524681 0.000217814 -0.000629026 -0.000170629 -0.00100825 -0.000476482 0.000150715 -0.00086972 -0.000589003 -0.000846412 -0.00085005 -0.00041955 -0.000800948 -0.00101611 -0.000468646 -0.000763608 -0.000510639 -0.00164568 -0.000416504 
-0.00180751 0.000860963 -0.00147003 0.000506887 0.0958825 -0.00146261 -0.000442049 -0.00163467 -0.000834135 -0.000549848 -0.00220817 -0.00234293 -0.000731727 -7.51901e-06 -0.0018873 -0.00393655 -0.000304304 -0.00292065 -0.00534399 -0.00272804 -0.00441846 -0.00289229 -0.00101884 -0.00390336 -0.00256959 -0.000102822 -4.64225e-05 -0.00132499 -0.00535607 0.000420034 -0.000771223 -0.000584578 9.95047e-06 -0.000913821 -0.00130872 -0.000649724 -0.000659759 0.000100072 -0.000167115 -0.000782134 -0.000649374 -0.000139626 -0.000907121 -0.000811966 -0.000233196 -0.000627203 -0.000297064 9.33995e-05 -0.00139834 -0.000657501 -0.00148652 -0.00118395 0.000430316 -0.000435886 -0.00105438 -0.00106306 -0.000173655 -0.000581598 5.77865e-05 -0.000586125 -0.000796588 -0.000846162 -0.000239374 -0.000456661 -0.000515091 -0.0012605 -0.00100808 -2.94097e-05 -0.000538102 -0.000602331 -0.00133616 -0.000258378 -0.000745056 -0.00040601 -0.00109907 -0.000339711 -0.00046076 0.000552265 -0.000721165 -0.000243642 -0.000996506 -0.000703778 -0.00112923 -0.00164405 -0.000398133 -5.70045e-05 -0.000143317 -0.00131246 -0.00131971 -0.00148383 -0.000825321 -0.00117408 -0.000855363 -0.000417016 -0.00141475 -0.000256243 0.000272413 -0.0012252 -0.000850998 -0.000708801 
0.000353198 0.000442604 -0.000845402 -0.000459004 -0.00146261 0.102038 0.000172244 -0.000251696 0.0010265 -0.000497037 0.000963476 -0.00131434 -0.00018919 -0.0023343 -0.00587236 -0.000693537 -0.00607616 -0.00272386 3.94336e-05 -0.00342038 -0.000844918 -0.00276477 -0.00234351 -0.00404819 -0.00240834 -0.00238989 -0.00416149 -0.00270671 -0.00137649 -0.00358687 0.000370088 -0.000377229 -0.00172289 -0.000701537 -0.00116898 -0.00101945 -0.000726027 -0.000824533 -0.00100606 -0.000337143 -0.000421201 -0.00170857 -0.00121617 -0.00133684 -0.000622369 -0.000814449 -0.000984197 -0.000689401 -0.00146036 -0.000772123 -0.00245108 -0.000932523 -0.00112206 -0.00126792 -0.000845043 -0.00104813 9.75707e-05 -0.000784767 -0.000707399 -0.00031989 -0.000552804 -0.000325123 0.000481186 0.000577733 -3.73974e-05 -0.000991164 -0.000884468 -0.000155581 -6.14277e-05 -0.00134783 -0.000480435 -0.000766944 -0.00104764 -8.40094e-05 -0.000950732 -0.000159158 -0.000857798 -0.00123734 -0.000149554 -0.0010489 -0.000657902 -0.000786037 -0.000945391 -0.00122565 -0.00161139 -0.000717068 -0.000418062 -0.000340223 -0.00190103 -0.000700638 -0.000794038 2.39686e-05 -0.00153305 -0.000934156 -0.000831122 -0.000282649 -0.000934792 -0.000685919 -4.58428e-05 5.63722e-05 
-0.000595383 -0.000131095 -0.000194807 -8.93129e-05 -0.000442049 0.000172244 0.0997089 -0.00098051 -0.000333826 -0.00183835 -0.00128438 -0.000756458 0.000918019 -0.00124608 -0.00409491 -0.00408687 -0.00461058 -0.00390477 -0.000893927 -0.00200167 -0.00262951 -0.00210664 -0.00189532 -0.00150898 -0.00236998 -0.00633124 -0.00129884 0.00100905 -0.00391898 -0.00181214 -0.00132561 -0.00119007 -0.000825502 -0.000977794 -0.00133479 -0.000349178 -0.000395884 -0.000816585 -0.00137302 -0.000444179 -0.000506562 -9.40957e-05 -5.76897e-05 -0.000913054 -0.000416837 -0.00191218 -0.000543096 -2.48619e-05 -0.00187875 -0.000704191 -0.000718072 -0.000661138 9.62341e-05 -0.000176355 -0.00108641 -6.00862e-05 -0.000882594 -0.00155715 0.000184667 -0.000462294 -0.00152361 -0.000944391 -0.000397969 -0.000121564 -0.00117999 0.000749341 -0.000537392 -0.00119306 0.000439713 -0.000860459 -0.000179805 -0.00113978 -0.000606774 -0.000314621 -0.000871025 -0.000722933 -0.00098265 -0.00128153 0.000121466 -0.000466954 -0.00130105 3.714e-05 -0.000438413 -0.000571906 -0.000546472 -0.000412814 2.74204e-06 -0.00110653 -0.00153972 -0.00159283 -0.00237529 -0.00150984 1.59867e-05 -0.00180512 -0.00141173 -0.00104542 -0.000557595 0.00021968 -0.000628571 -0.000462684 
-0.00135112 0.000170322 0.000137934 -0.00119727 -0.00163467 -0.000251696 -0.00098051 0.112568 9.07981e-05 -0.000685135 7.49329e-05 -0.000530401 -0.00143132 -0.00371948 -0.00399452 -0.00169139 -0.000341519 -0.00163246 -0.000127486 -0.00539632 -0.00588625 0.000288701 -0.00633081 -0.00270262 -0.00169975 -0.00167954 -0.00444143 -0.00314829 -0.00391243 -0.00170221 -2.83056e-05 5.32952e-05 -0.00190835 -0.00232758 0.000333308 -0.000207121 -0.000712247 -0.000673168 -0.00103961 -0.00126914 -3.39075e-05 -0.00151627 -0.000629407 -0.00193889 -0.000877212 0.000241744 -0.00103031 -0.00119224 -0.001678 -0.00150582 -0.000403322 -0.000281262 -0.00131919 -0.00126655 -0.00154775 -0.00124529 -0.000374821 -0.000317141 -0.001121 -0.000625046 -0.00131781 -0.000827992 -0.0018436 -0.00124049 -0.00174866 -0.00114667 -0.000930601 0.000182556 -0.000610062 -0.000785667 -0.000762582 -0.000658247 1.4451e-05 -0.00135937 -0.000691039 -0.000120298 3.32114e-05 -0.000517869 -0.000321125 -0.000748008 -0.00143447 -0.000265095 -0.000359793 -0.0014293 -0.000484359 -0.000415519 -0.000848637 -0.000589112 -0.000952879 -0.00116402 -0.000510516 -0.00128016 -0.000710893 -0.000213299 -0.00127645 -0.0010111 -0.00038704 -0.000873032 -0.000535492 -0.000280017 
-0.00154863 -0.000972143 -0.000337862 -0.000397491 -0.000834135 0.0010265 -0.000333826 9.07981e-05 0.103843 -0.00137044 -0.00110239 -0.00170847 -0.000370959 -0.000690463 -0.00390455 -0.00240918 -0.00121831 -0.003385 -0.00247484 -0.00448028 -0.004013 -0.00558691 -0.000249284 -0.00241618 -0.00204032 -0.00624426 -0.00341555 -0.00293527 -0.00181171 -0.00250247 -0.00139239 0.000275662 -0.000505646 -0.000223905 -0.00105546 -0.000272768 -0.00148605 -0.000399496 -0.000125287 -0.000226146 8.66882e-05 -0.000637238 -0.000548995 0.000288206 -0.000403496 -0.00121225 0.000446547 -0.000658868 -0.0016387 -0.000705793 -0.00122662 -0.000727137 -0.000914139 0.000318873 -0.000714269 -0.00198927 -0.000367539 -0.00107816 -0.000156753 -0.00058474 -0.00116943 -0.00102552 -0.00126796 -0.00112996 -0.000650025 0.000298118 -0.00037083 -0.000930139 -0.000216529 -0.00129823 -0.00104774 -0.000993847 -0.000354667 -7.13291e-05 0.000268494 -0.000339569 8.7553e-05 -0.00126704 -0.000510986 -0.000810941 -0.000353724 -0.00113986 0.00050265 -0.000150984 -0.00121719 -0.00016304 -0.000811747 -0.000340918 -0.00144672 -0.00100905 -0.000518869 -0.00121921 1.83835e-05 -0.00185305 -0.000900165 -0.00108999 -0.000607109 -0.000928169 -0.00113177 -0.00121037 
0.000359436 -0.00211015 -0.000839129 -0.00168834 -0.000549848 -0.000497037 -0.00183835 -0.000685135 -0.00137044 0.145458 -0.00190637 -0.0036591 -0.00290652 0.000102202 -0.00356455 -0.00609281 -0.00324478 -0.00266851 -0.00452587 -0.0017474 -0.00474128 -0.000116321 -0.0023653 -0.00260452 -0.00579324 -0.00532761 -0.00445476 -0.00293945 -0.00212032 -0.000533408 0.00082458 -0.000682545 -0.000954639 -0.00141698 -0.00143608 -0.000714917 -0.00234407 -0.0022452 0.00084196 -0.00167189 -0.00135137 -0.00238643 -0.00111207 -0.000719844 0.000198045 -0.00201188 -0.00199927 -9.57964e-06 0.000365767 -0.00130928 -0.00180454 -0.00130053 -0.000140995 -0.00122007 -0.00171083 -0.00161152 -0.00126499 -0.00024135 -0.000639135 -0.00064996 -0.0012005 -0.00121285 -0.00122928 -0.00284423 0.000248311 -0.00049124 -6.16084e-05 -0.0003405 -0.000693381 -0.00103981 -0.00143753 -0.000727547 -0.00172367 -0.00184621 -0.0013588 0.000284858 -0.000563189 -0.0019169 -0.00101721 -0.0020709 -0.00177984 0.000133848 -0.000777228 -0.00144654 -0.000670353 -0.00187994 -4.13938e-05 -0.00061695 -0.00142386 -0.000582174 -0.000909772 -0.00218054 -0.00126068 -0.00241462 -0.00137935 -0.00071751 -0.000857693 -0.00221847 -0.00149594 -0.000547875 
-0.000485305 -0.00110882 -0.0008199 -0.00204685 -0.00220817 0.000963476 -0.00128438 7.49329e-05 -0.00110239 -0.00190637 0.168024 0.00287299 -0.00222187 -0.00625576 0.000557321 -0.000616789 -0.00401529 -0.00189085 0.00108083 -0.00200718 -0.00607357 0.000251355 -0.00443045 -0.00487916 -0.00513012 -0.00198672 -0.00686004 0.000103004 -0.00359607 -0.00140411 -0.00439976 -0.00270678 -0.00301414 -0.00181841 -0.00198899 -0.00191104 -0.00288129 -0.00163612 -0.00134268 -0.00196209 -0.000852861 -0.00165454 -0.00147885 -0.00143882 -0.000413558 -0.00255459 -0.00204092 -0.00258726 -0.0028935 0.000905461 -0.00197833 -0.00122113 -0.000721213 -0.00080466 -0.00154816 -0.00131263 -0.0011858 -0.00311345 -0.000649664 0.000181833 -0.00142764 -0.00232737 -0.0015844 -0.00117149 -0.00286154 0.000292472 -0.00167225 -0.00143035 -0.0004279 -0.00135937 -0.00212096 -0.00168051 -0.000740032 -0.00269936 -0.0024145 -0.000778602 -0.001117 -7.32524e-05 -0.00151527 -0.00229341 -0.00279985 0.000127176 -0.00185469 0.000506342 -0.00134948 -0.00241151 -0.00131655 -0.000992156 -0.00130704 -0.00254857 -0.000447733 -0.00117651 -0.00242884 -0.00234512 -0.00129371 -0.00113412 -0.00207242 -0.00162366 -0.00262801 -0.00207457 
0.00016015 -0.00137182 -0.000426509 -0.000328449 -0.00234293 -0.00131434 -0.000756458 -0.000530401 -0.00170847 -0.0036591 0.00287299 0.166904 -0.00334595 -0.00385708 -0.0048574 0.00140618 -0.0065408 -0.0073247 -0.00429954 -0.00425345 -0.00725553 -0.00466803 -0.00295935 -0.00420704 -0.00158381 -0.00192525 -0.00665736 -0.0033949 -0.00434494 -0.0025393 -0.000352298 -0.00183244 -0.00190268 -0.00063899 -0.000726672 -0.00238603 -0.000572736 -0.00149402 7.81237e-05 -0.00166849 -0.00071558 -0.000551424 -0.000928425 0.000102018 -0.00169681 -0.00140414 -0.00162107 -0.00156293 -0.00200636 -0.00113919 -0.00102218 -0.00170545 -0.00285045 0.000398111 -0.00148448 -0.000321887 -0.00187509 0.000340539 -0.00163393 0.000290723 0.000261948 -0.00235847 -0.00202251 -0.00138445 -0.00184697 -0.00273951 -0.00120584 -0.00226171 -0.00124073 -0.0011668 -0.00252939 -0.000906277 0.000902379 -0.000535991 -0.000613755 -0.00168064 0.00109378 -0.000102941 -0.000709069 -0.000615934 -3.64274e-05 -0.00202549 -0.000217049 -0.00224912 -0.00141433 -0.00286747 -5.51458e-05 -0.00169456 -0.00149644 -0.00318266 -0.00220983 -0.0013349 -0.000304092 -0.00164017 -0.00155611 -0.00152144 -0.00305294 -0.000931819 -0.00141438 -0.00113851 
-0.00142035 -0.000583233 0.000139654 -0.00145512 -0.000731727 -0.00018919 0.000918019 -0.00143132 -0.000370959 -0.00290652 -0.00222187 -0.00334595 0.163685 -0.00198723 -0.00162655 -0.000530804 -0.00311009 -0.00393787 -0.00605626 -0.0103989 -0.00581748 -0.00735135 -0.00632331 -0.0069751 -0.00466587 -0.00741364 -0.0033986 -0.000974293 -0.00283195 -0.000381499 -0.00556942 -0.00076809 -0.000508223 0.00102629 -0.0026008 -0.00238278 -0.00038207 -0.000426808 0.00017364 -0.00089168 -0.0005585 -0.000797734 -0.000929333 -0.000678395 -0.000281802 -3.14479e-05 -0.00127856 -0.00255506 -0.00308289 -0.000310556 -0.00168227 -0.00165126 -0.00115069 -0.00196191 -0.00166906 -0.000821899 -0.00183703 -0.0013502 -0.00133718 0.000195865 -0.00142539 -0.00113949 -0.00127669 0.000544527 -0.00159794 -0.00302027 -0.00144828 -0.00111797 -0.00147763 -0.0011801 -0.00300823 -0.00265754 4.94366e-05 -0.000829958 0.00025003 4.12091e-05 -0.00212373 -0.000857205 -0.00121627 -0.000935612 0.001644 -0.00182085 -0.00166507 -0.00116111 -0.000685252 -0.00129464 -0.000134974 -0.00133608 -0.000562877 -0.00078533 -0.00116876 -0.000505819 -0.000161487 -8.06678e-05 -0.00132113 -0.00039788 -0.000810087 -0.000803735 -0.00182982 -0.000897263 
-0.00355456 0.000243121 -0.00244877 -0.00164366 -7.51901e-06 -0.0023343 -0.00124608 -0.00371948 -0.000690463 0.000102202 -0.00625576 -0.00385708 -0.00198723 0.201665 -0.00288395 0.00323841 -0.00385747 0.000754926 -0.00016509 -0.00991759 -0.00286891 -0.00774096 -0.0140412 -0.00283902 -0.00705128 -0.00738169 0.000441123 -0.00218839 -0.00483888 -0.00463408 -0.00148472 -0.00300496 -0.00110528 0.00256821 -0.000617619 -0.00104665 -0.00153165 -0.00248964 -0.000967046 -0.00268735 -0.00241559 -0.00162401 -0.000994309 -0.00232304 -0.00255023 -0.00330705 -0.000532333 -0.000399977 -0.00281836 2.56474e-05 -0.00247524 -0.00320616 -0.00177128 -0.00262723 -0.00115105 -0.000526539 -0.00157814 -0.00180835 -0.00288459 -0.00164226 -0.00258899 -0.00161423 -0.000305537 -0.000806326 0.00051499 -0.00206551 -0.00102021 -0.000685903 -0.00248898 -0.00131284 -0.000211794 -0.00340938 -0.00152421 -0.000586116 -0.00103714 0.00131199 -0.0014166 -0.00228549 0.000599107 -0.00110945 -0.00256199 -0.00171122 -0.00140718 -0.00234448 -0.00297327 -0.000287468 -0.00094283 -0.000478686 -0.00344438 -0.000975048 -0.00249805 -0.000957513 -0.00189688 -0.00267172 -0.00220081 -0.00145046 -0.000475119 -0.00114495 -0.00339002 -0.00345986 
-0.00294135 -0.0045756 -0.0042941 -0.00016067 -0.0018873 -0.00587236 -0.00409491 -0.00399452 -0.00390455 -0.00356455 0.000557321 -0.0048574 -0.00162655 -0.00288395 0.235043 -0.00575991 0.000635165 -0.00319849 -0.0112645 -0.00659469 0.00480203 -0.0011455 -0.0106591 -0.00480024 -0.00564688 -3.26132e-05 -0.00325299 -6.11239e-05 -0.00569992 -0.000228043 -0.00528769 -0.00322812 -0.00313038 -0.00311708 -0.00119874 0.00028088 -0.000471247 -0.00427646 -0.000415912 -0.00378915 -0.00247059 -0.00156675 -0.00192252 -0.000639256 -0.00172968 -0.00132514 -0.00185929 -0.00118005 -0.0021283 -0.00215164 -0.00234956 -0.00215344 -0.00134044 -0.00125989 -0.00242386 -0.00319182 -0.00126718 -0.00302855 -0.00186471 -0.000932221 -0.00271579 0.000327129 -0.00285152 -0.00330947 -0.000773811 -0.00128788 -0.00133397 -0.00341486 -0.00186727 -0.00132591 -0.000780135 -0.00206382 -0.000986652 -0.00204098 -0.00306964 -0.00201671 -0.00316533 -0.00156277 -0.00239277 -0.00201466 -0.00367093 -0.002844 -0.000901653 -0.00186787 -0.002153 -0.000426826 -0.00254463 -0.00264807 -0.00489486 -0.000607234 7.61016e-05 -0.000697993 -0.0043759 -0.00172378 -0.00276812 -0.0015172 -0.00134403 -0.000916874 -0.00134804 -0.000794927 
-0.00354866 0.00247596 -0.0028401 -0.00337396 -0.00393655 -0.000693537 -0.00408687 -0.00169139 -0.00240918 -0.00609281 -0.000616789 0.00140618 -0.000530804 0.00323841 -0.00575991 0.233125 -0.0111592 0.00238709 0.00538067 -0.00642188 -0.00617441 -0.00598112 -0.00638487 -0.0131574 -0.00548193 -0.00202592 -0.0086454 -0.00762172 -0.00342781 -0.00609387 -0.00368512 -0.00506546 -0.000714534 0.000535661 -0.0024086 0.000484201 -0.00348789 -0.00103045 -0.000996724 -0.00297853 -0.00325334 -0.00163392 -0.000921664 -0.000873904 -0.00321446 -0.00227657 0.000115147 -0.00317404 -0.00132491 -0.00212173 -0.00196835 -0.00125818 -0.00258899 -0.00309228 -0.0012479 -0.000172959 -0.000328021 0.00101736 -0.00205742 -0.00177842 -0.000137391 -0.00286512 -0.001975 -8.06952e-05 -0.000920904 -0.0019357 -0.00193493 -0.00220834 -0.00337452 -0.00226655 -0.00137712 -0.00221738 -0.000164209 -0.00198494 -0.00336411 -0.00173134 -0.00277966 -0.00197013 -0.00373141 -0.00240011 -0.00124316 -0.00115249 -0.000867458 -0.00170343 5.97165e-06 -0.00206506 -0.00294712 -0.000743797 -0.00504447 -0.00272882 -0.000436736 -0.0025558 -0.00363841 -0.00169105 -0.00119945 -0.00213436 -0.00369626 -0.000797116 -0.00252411 -0.0017725 
-0.000877251 -0.00221047 -0.00268945 -0.00327748 -0.000304304 -0.00607616 -0.00461058 -0.000341519 -0.00121831 -0.00324478 -0.00401529 -0.0065408 -0.00311009 -0.00385747 0.000635165 -0.0111592 0.233854 -0.00278817 -0.011249 -0.011623 -0.00147901 -0.00136647 -0.000308145 -0.00297443 -0.0133372 -0.010678 -0.00231068 -0.0033307 -0.00400318 -0.0010796 -0.00470434 -0.00175399 -0.00481488 -0.00489829 0.00187389 -0.00235213 -0.000550484 -0.00222067 -0.00292967 -0.00160293 -0.000950517 -0.000277796 -0.000852643 -0.000848686 -0.00148638 -0.00189796 -0.000343066 -0.0021977 -0.00104173 -0.000623796 -0.00153162 0.000327439 -0.00336557 -0.00194376 -0.000439723 -0.00257576 -0.000116757 -0.00395454 -0.000907697 -0.00078701 -0.00208186 -0.00196822 -0.00263734 -0.000442357 -0.00208188 -0.00147906 0.000780741 -0.00180605 -0.00047777 -0.00265816 -0.00105326 -0.00253245 -0.00085967 8.34946e-05 -0.00377818 -0.00216726 -0.00126736 0.00378844 -0.00234508 -0.00281836 -0.00365634 -0.00200486 0.000362893 -0.00241055 -0.000703634 -0.000444604 -0.00194198 -0.00102029 -0.00489796 -0.00141804 -0.00182708 -0.00331025 -0.0016599 -0.001342 -0.00369644 -0.000829648 -0.00235439 -0.00114195 -2.08014e-05 -0.00254008 
-0.00587702 -0.00161055 -0.00279739 -0.00363344 -0.00292065 -0.00272386 -0.00390477 -0.00163246 -0.003385 -0.00266851 -0.00189085 -0.0073247 -0.00393787 0.000754926 -0.00319849 0.00238709 -0.00278817 0.247547 -0.00507877 -7.7792e-05 0.000529041 -0.00281158 -0.00747912 -0.0118851 -0.00703802 -0.00201646 -0.00900985 -0.0030086 -0.00405633 -0.00510485 -0.00418886 -0.00580458 -0.00660692 -0.00294131 -0.0043478 -0.00173607 -0.0018321 -0.00358625 -0.00202963 -0.00345369 -0.00180415 -0.00270801 -0.00275141 -0.00109388 -0.00245682 -0.00100504 0.00250528 -0.00263302 -0.00110663 -0.00275913 -0.00157934 -0.000358691 -0.00367212 -0.00310076 -0.00244681 -0.000649507 -0.00333053 -0.000587378 -0.00140264 -0.00131881 -0.00230557 -0.00225701 -0.00100345 -0.00325092 -0.00382888 0.00112318 -0.002578 -0.000503295 -0.00373125 0.00177295 0.00147384 -0.00350887 -0.00045771 -0.000436204 -0.00317985 -0.00598015 -0.0038635 -0.00232251 -0.0026201 -0.00129463 -0.00220844 -0.00138551 -0.000530819 -0.00205466 -0.00152914 -6.14945e-05 -0.00186405 -0.0021344 -0.0035385 -0.000456862 -0.00264842 -0.0048892 -0.000880091 -0.00105176 -0.00156613 -0.00420154 0.000175304 -0.000983018 -0.00106574 -0.000944478 
-0.0034035 -0.000656459 -0.00106117 -0.00495296 -0.00534399 3.94336e-05 -0.000893927 -0.000127486 -0.00247484 -0.00452587 0.00108083 -0.00429954 -0.00605626 -0.00016509 -0.0112645 0.00538067 -0.011249 -0.00507877 0.248661 0.000287712 -0.000577777 -0.00495849 -0.00136801 -0.00406454 -0.0092137 -0.00125011 -0.00318615 -0.00160728 -0.000395681 -0.00366026 -0.00035183 -0.00268387 -0.00278699 -0.00236525 -0.00353098 -0.0014788 -0.00347059 -0.00231128 -0.00189067 -0.00413122 0.000280202 -0.00326022 -0.00179801 -0.00285295 -0.00192453 -0.000116579 -0.00476027 -0.00148163 0.00200153 0.000693943 -0.000991886 -0.00226324 -0.0008995 -0.00191817 -0.00342096 -0.00529615 -0.00287731 -0.00308705 -0.00205652 -0.00319844 -0.00147002 -0.00330332 -0.00337431 -0.00103764 8.21551e-05 -0.00334579 -0.00232746 -0.00422709 0.000221095 -0.0036279 -0.00176089 -0.00242338 -0.0018628 -0.00259877 -0.00450799 -0.00303424 -0.00253856 -0.003708 -0.000705453 -0.000111114 -0.00267303 -0.00235729 -0.000920861 -0.00412943 -0.00362094 -0.00114936 -0.0033083 -0.0031496 0.00120597 -0.00446581 -0.00367689 -0.00371911 -0.00486577 -0.000589183 -0.0030251 -0.00415747 -0.00426272 -0.0020198 -0.000960344 -0.00187822 
-0.00397534 -0.00201465 -0.00218524 -0.00321484 -0.00272804 -0.00342038 -0.00200167 -0.00539632 -0.00448028 -0.0017474 -0.00200718 -0.00425345 -0.0103989 -0.00991759 -0.00659469 -0.00642188 -0.011623 -7.7792e-05 0.000287712 0.245736 0.00092798 -0.00126564 -0.000448301 0.00720672 -0.000884273 -0.00434079 -0.0008554 -0.00327486 -0.00903878 -0.00545756 -0.00254197 -0.00521602 -0.00368338 -0.00292242 -0.00631461 -0.00468016 -0.00301669 -0.00276818 -0.00337525 -0.00281543 -6.33036e-05 -0.00169638 -0.00238927 -0.00169295 -0.0026624 -0.00116035 -0.00199122 0.000155183 -0.00198554 -0.00377381 0.000440429 -0.0027934 -0.00124737 -0.00326638 -0.00156055 -0.00146754 -0.00192484 0.000552162 -0.000285096 -0.00388184 -0.000889221 -0.00156464 -0.0017183 -0.00264292 -0.00192074 -0.00103329 -0.00124021 -0.00405173 -0.00243135 -0.00332691 -0.00215334 -0.00169557 -0.00506206 -0.00310795 -0.00185556 -0.00211376 -0.00178099 -0.00213917 -0.00141005 0.000298014 -0.00237943 0.00060111 -0.00298373 0.00010723 -0.00184772 -0.00404194 -0.00313059 -0.00229707 -0.00084667 -0.00203779 -0.000518588 -0.00248042 -0.000458339 -0.0022077 -0.00204912 -0.00190295 -0.00122384 -0.00299244 -0.00243533 0.000859418 
-0.0012582 -0.00100757 -0.000538436 -0.00297059 -0.00441846 -0.000844918 -0.00262951 -0.00588625 -0.004013 -0.00474128 -0.00607357 -0.00725553 -0.00581748 -0.00286891 0.00480203 -0.00617441 -0.00147901 0.000529041 -0.000577777 0.00092798 0.245987 -0.00631555 -0.0037077 -0.00693663 -0.00262364 0.00577764 -0.000609377 -0.00691536 -0.00854222 -0.00502884 -0.00369946 0.00116936 -0.00688075 -0.000902305 -0.00274878 -0.00149604 -0.00168685 -0.00351172 -0.00366272 -0.00179963 -0.00270739 -0.00229753 -0.00229567 -0.00403139 -0.000720896 -0.00214267 -0.000880353 -0.00293473 -0.00127416 -0.00209671 -0.00274018 -0.00504541 -0.00200134 -0.000373535 -0.00189781 -0.00345647 -0.00131389 -0.0017511 -0.00317306 -0.00152971 -0.000706849 -0.00178857 -0.000740424 -0.00348982 -0.00016737 -7.64813e-05 -0.00239437 -0.00206979 -0.00182197 -0.00268258 -0.00285621 -0.000999603 -0.00270309 -0.00272785 -0.00395408 -0.00173752 -0.00176499 -0.00182765 -0.00330344 -0.00225976 -0.00185089 -0.00260457 -0.00314281 -0.00247689 -0.00266962 -0.0014478 -0.00426563 -0.00459893 -0.00348669 -0.000851784 -0.00155734 -0.00189041 -0.00130622 -0.00248093 -0.00194383 -6.69375e-05 -0.00499699 -0.00277714 -0.00221378 -0.0022048 
-0.000525815 -0.00289132 -0.00289253 -0.00201827 -0.00289229 -0.00276477 -0.00210664 0.000288701 -0.00558691 -0.000116321 0.000251355 -0.00466803 -0.00735135 -0.00774096 -0.0011455 -0.00598112 -0.00136647 -0.00281158 -0.00495849 -0.00126564 -0.00631555 0.249985 -0.00189232 -0.00248041 0.000267422 -0.00161655 -0.00213995 -0.00278381 -0.0104673 -0.0106981 -0.00826904 -0.00345179 -0.00146383 -0.00730374 -0.00444133 -0.00153096 -0.00182677 -0.00264348 -0.00289923 -0.00433922 -0.00266057 -0.00240963 -0.00490938 -0.002558 -0.00061903 -0.00221586 -0.000182044 -0.000121182 -0.000487455 -0.000413411 -2.78387e-05 -0.00143483 -0.000693327 -0.00326469 -0.000475302 -0.0014732 -0.00351393 -0.00232878 -0.000250289 -0.00318185 -0.0020677 -0.00181781 0.000541985 -0.00508965 -0.00432129 -0.00415239 -0.00461664 -0.00174347 -0.00348184 -0.000445411 -0.00336972 -0.00259151 -0.00202966 -0.000156394 -0.000987603 -0.00108325 -0.00224076 -0.00499592 -0.00180081 -0.00125661 -0.00154844 -0.00321497 -0.00393278 8.29063e-05 -0.00212007 -1.70725e-05 -0.00308805 -0.000209599 0.0024547 -0.00194195 -0.00207663 -0.00325741 -0.00361896 -0.00127157 0.00184037 -0.00325064 -0.0022747 0.000183171 -0.00408204 -0.00287412 
0.00339684 -0.00128762 -0.000978437 -0.00269318 -0.00101884 -0.00234351 -0.00189532 -0.00633081 -0.000249284 -0.0023653 -0.00443045 -0.00295935 -0.00632331 -0.0140412 -0.0106591 -0.00638487 -0.000308145 -0.00747912 -0.00136801 -0.000448301 -0.0037077 -0.00189232 0.247813 -0.00824348 -0.00402826 -0.00262466 -0.00920451 -0.00545797 -0.0015608 -0.00372283 -0.00664188 -0.00352302 -0.00344265 -0.00323106 -0.00378967 -0.00404123 -0.00234607 -0.00247493 -0.000944409 -0.000806461 -0.00107329 -0.000815955 -0.00232036 -0.0019824 -0.00117794 -0.00372634 -0.00341406 -0.00144904 -0.00137631 -0.00304988 0.00104475 -0.000768587 -0.00222259 -0.00234691 -0.000249456 -0.00140712 -0.00183179 -2.31344e-05 -0.00222923 -0.000549247 -0.00116484 -0.00138095 0.000486789 -0.000769171 -0.00090534 -0.00319974 -0.00165693 -0.00262414 -0.000928117 -0.00406346 0.00120215 -0.00249193 -0.00267551 -0.00183135 -0.000538218 -0.00481887 -0.00040904 -0.00174809 -0.000701242 -0.00187139 -0.00298273 -0.00271815 -0.00127384 -0.00441991 -0.00285537 -0.00130637 -0.00227187 -0.00316972 -0.000766311 -0.00182619 -0.00246895 -0.00294506 -0.00223539 -0.00178161 0.000183778 -0.000555298 -0.00304982 -0.00142971 -0.00488884 -0.000142071 
-0.00172539 -0.00242968 -0.000205456 -0.00214716 -0.00390336 -0.00404819 -0.00150898 -0.00270262 -0.00241618 -0.00260452 -0.00487916 -0.00420704 -0.0069751 -0.00283902 -0.00480024 -0.0131574 -0.00297443 -0.0118851 -0.00406454 0.00720672 -0.00693663 -0.00248041 -0.00824348 0.246417 -0.00324776 -0.00568466 -0.00670582 -0.0061953 -0.0046431 -0.00590301 0.00271665 -0.00473795 8.57124e-05 -0.00306695 -0.000918413 -0.00449038 -0.00188468 -0.0034248 0.000449442 -0.000338408 -0.00219605 -0.000673823 -0.00168056 -0.00228876 -0.00224642 -0.0015584 -0.00437199 -0.000337377 -0.00342795 -0.00279994 -0.00162271 -0.00134499 -0.00208607 -0.000690416 -0.00140415 -0.000533638 -0.00376008 -0.00219964 -0.00137578 -0.0010204 -0.00124437 -0.00337475 -0.0025649 -0.0018294 -0.00311784 -0.000436624 -0.00251577 -0.00187649 -0.00360334 0.000221336 -0.00292471 -0.00150856 -0.00244945 -0.00311217 -0.00111275 -0.00173337 -0.00115216 -0.000259086 -0.00204273 -0.00109791 -0.00215842 -0.00179606 8.45831e-05 -0.000506 -0.00121906 -0.0036588 0.000546675 -0.00139497 -0.000593844 -0.00129581 -0.00211814 -0.00322857 -0.000995757 -0.00314312 -0.00238208 -0.000895752 -0.0012843 -0.00220567 -0.00316485 -0.00173574 
-0.000902305 -0.00381979 -0.000437753 -0.00135601 -0.00256959 -0.00240834 -0.00236998 -0.00169975 -0.00204032 -0.00579324 -0.00513012 -0.00158381 -0.00466587 -0.00705128 -0.00564688 -0.00548193 -0.0133372 -0.00703802 -0.0092137 -0.000884273 -0.00262364 0.000267422 -0.00402826 -0.00324776 0.239462 0.0024502 -0.00105947 -0.00510386 -0.0049293 0.00145675 -0.00206313 -0.00336454 0.000157975 0.000437912 -0.000608767 -0.00383818 -0.00470456 -0.00101037 -0.00523616 -0.000654699 -9.08624e-05 -0.0033473 -0.0027171 -0.00265577 -0.00180301 -0.00298689 -0.00390939 -0.00165985 -0.000980873 -0.00124374 -0.00235147 -0.00197246 -0.00137398 -0.00156125 -0.00195738 -0.000879071 -0.000795887 -0.00406098 -0.000812458 -0.0011874 0.000269577 -0.00174706 -0.00336031 -0.00169063 -0.00249455 -0.00482507 -0.00211853 -0.00205046 -0.00192099 -0.0024837 -0.00295554 -0.00166928 -0.00302245 -0.00201632 -0.00120751 -0.00123635 -0.00284672 -0.00410444 -0.00147792 -0.00259537 -0.00128376 -0.00158442 -0.00163084 -0.0018293 -0.0018978 -0.0020108 -0.00143469 -0.00238492 -0.00218395 -0.00261175 -0.00322856 0.00143038 -0.00145176 -0.00262556 -0.00201669 -0.00214002 -0.000493395 -0.00136096 -0.00116107 -0.00252917 
-0.00185166 -0.00112031 -0.00238195 -0.00336229 -0.000102822 -0.00238989 -0.00633124 -0.00167954 -0.00624426 -0.00532761 -0.00198672 -0.00192525 -0.00741364 -0.00738169 -3.26132e-05 -0.00202592 -0.010678 -0.00201646 -0.00125011 -0.00434079 0.00577764 -0.00161655 -0.00262466 -0.00568466 0.0024502 0.249427 -0.000731641 -0.00712225 -0.00457017 -0.000612083 -0.000789043 -0.00342224 -0.00351859 -0.00668521 -0.00411411 -0.0031535 -0.000836039 -0.00407488 -0.00651405 -0.00209558 -0.00303194 -0.00293943 -0.000815477 -0.00385381 -0.00140787 -0.00243668 -0.000763179 -0.00366812 -0.00376941 -0.00326812 -0.00141965 -0.00439052 -0.00176617 -0.00175521 -0.00262657 -0.00119345 -0.0046877 -0.00312978 -0.00390774 -0.00299369 -0.000577219 -0.00186939 -0.00291343 2.51482e-05 0.000396347 -0.00401724 -0.00230869 -0.00130968 -0.00278811 -0.00158166 -0.00167333 -0.00183774 -0.00144302 -0.00363951 -0.00253522 -0.00182212 -0.00169895 -0.00151757 -0.00285844 -0.00262002 -0.000383295 0.00010639 -0.00285937 -0.00442914 -0.00139955 -0.0021846 -0.00156568 -0.0031712 -0.00289855 -0.00231021 -0.00250824 -0.00330431 -0.00328435 -0.000287845 -0.00089767 -0.00346735 -0.000903063 -6.64858e-05 -0.000319559 -0.00109856 
-0.00334784 -0.00221822 -0.0017574 -0.003362 -4.64225e-05 -0.00416149 -0.00129884 -0.00444143 -0.00341555 -0.00445476 -0.00686004 -0.00665736 -0.0033986 0.000441123 -0.00325299 -0.0086454 -0.00231068 -0.00900985 -0.00318615 -0.0008554 -0.000609377 -0.00213995 -0.00920451 -0.00670582 -0.00105947 -0.000731641 0.237856 -0.00406165 0.00290288 -0.00578533 -0.00344059 -0.00162307 -0.00273853 -0.00231005 -0.000509239 -0.00239311 -0.00205151 -0.000521076 -0.00313478 -0.00327105 -0.00117701 -0.00487311 -0.00163148 -0.00361179 -0.000796831 -0.00270266 -0.00061172 -0.00411299 -0.0004864 -0.00142399 -0.00207555 -0.00332526 -0.00190194 -0.00121739 0.000212583 0.000311022 -0.00124103 -0.0030126 -0.000452365 -0.00254444 -0.00365739 -0.0020649 -0.00108102 -0.00117167 -0.00123903 -0.00195941 -0.00122518 -0.000299134 -0.00215855 -0.00231014 -0.00285369 -0.00357901 -0.00312766 -0.000659649 -0.00195622 -0.00102092 -0.00405167 -0.0018118 -0.00194842 -0.000904852 -0.0012155 -0.00284243 -0.00303098 0.000404653 -0.00339534 -0.00152763 -0.00139905 -0.00121839 -0.000651315 -0.00269991 -0.00416621 -0.00186108 -0.0021391 -0.00139111 -0.00186244 -0.00222792 -0.00242812 -0.00296069 -0.00258885 -0.00127216 
-0.00291582 -0.00283721 -0.00230483 0.00022856 -0.00132499 -0.00270671 0.00100905 -0.00314829 -0.00293527 -0.00293945 0.000103004 -0.0033949 -0.000974293 -0.00218839 -6.11239e-05 -0.00762172 -0.0033307 -0.0030086 -0.00160728 -0.00327486 -0.00691536 -0.00278381 -0.00545797 -0.0061953 -0.00510386 -0.00712225 -0.00406165 0.204741 -0.00186829 -0.00135187 -0.00372878 -0.00435014 -0.00143697 -0.000694866 -0.00184312 -0.000863069 -0.00338738 -0.00283369 -0.00297199 -0.000403391 -0.00228851 -0.00132974 -0.00105656 -0.00203908 -0.00194762 -9.10908e-05 -0.00247348 -0.00125036 -0.000283822 -0.00211171 -0.00429229 -0.0011847 -0.000629846 -0.00306423 -0.00326309 -0.00257862 -0.00173065 -0.000769241 -0.00160408 -0.0019738 -0.0028039 -0.000903215 -0.00254031 -0.00204754 -0.00299138 -0.00228523 -0.00199398 -0.000273462 -0.000235242 -0.0010182 -0.000544284 -0.00136212 -0.00352051 -0.00132265 -0.000315685 -0.00153687 -0.00167143 -0.00308045 -0.00138972 -0.000351081 -0.000725448 -0.00168755 -0.0024117 -8.7977e-05 -0.00210803 -0.00167469 -0.00189773 -0.000575953 -0.00172826 -0.00166311 -0.00163896 -0.000535944 -0.00226373 -0.00122507 -0.00332764 -0.000657466 -0.00185395 -0.00149056 0.000741067 -0.00117062 
-0.0013968 -0.00399312 -0.0012574 -0.000904671 -0.00535607 -0.00137649 -0.00391898 -0.00391243 -0.00181171 -0.00212032 -0.00359607 -0.00434494 -0.00283195 -0.00483888 -0.00569992 -0.00342781 -0.00400318 -0.00405633 -0.000395681 -0.00903878 -0.00854222 -0.0104673 -0.0015608 -0.0046431 -0.0049293 -0.00457017 0.00290288 -0.00186829 0.181243 -0.00117704 0.000564626 -0.000953022 -0.00309149 -0.000830484 -0.00213732 -0.00229928 -0.000724037 -0.000532421 0.000382191 -0.00226443 -0.00032925 -0.000697377 -0.000173955 -0.00254685 -0.00142031 -0.000855852 -0.00153893 -0.00211329 -0.00144526 -0.00212812 -0.0013747 0.000900916 -0.00248974 0.000810198 0.000683573 -0.000186656 -0.0012637 -0.00245343 -0.00106302 -0.00137585 -0.00116414 -0.000230253 -0.00119154 -0.00303357 0.000464235 -0.00177149 -0.000144157 -0.000616923 -0.000998516 -0.00132525 -0.00068578 -0.000780295 -0.000558197 -0.000781476 -0.00206899 -0.00245399 -0.00156802 -0.00241716 -0.00238987 -0.000114719 0.000410628 -0.00196309 -0.00175554 -0.000526824 -0.0010469 -0.00187788 -0.00102066 3.33714e-05 -0.000762762 -0.00254995 -0.00215704 -0.00013944 -6.47174e-05 -0.00180681 0.00105857 -0.00187591 -3.36611e-06 -0.00273277 -0.00144281 -0.00110487 
-0.000911998 -0.000967786 -0.000816971 -0.00140105 0.000420034 -0.00358687 -0.00181214 -0.00170221 -0.00250247 -0.000533408 -0.00140411 -0.0025393 -0.000381499 -0.00463408 -0.000228043 -0.00609387 -0.0010796 -0.00510485 -0.00366026 -0.00545756 -0.00502884 -0.0106981 -0.00372283 -0.00590301 0.00145675 -0.000612083 -0.00578533 -0.00135187 -0.00117704 0.15866 -0.00416053 0.000159794 -0.00139414 -0.000624784 -0.000570987 -0.00152584 -0.00086837 -0.00227908 -0.000732068 -0.00165779 -0.000596807 -0.00102977 -0.000751436 -0.000968278 -0.000376503 -0.00155496 -0.00150262 -0.000862902 -0.00088499 -0.00135193 -0.00110057 -0.00228912 -0.00067568 -0.00132207 -0.00237204 -0.00241817 -4.32069e-05 -0.00401922 -0.00116046 -5.62754e-05 -0.00175874 -0.00147079 0.000351794 -0.00280805 -0.00134958 -0.00153837 -0.000472488 -0.00101803 -0.00105027 -0.000958661 -0.00196127 -0.00187728 -0.000600355 -0.000321319 -0.000608746 -0.00106085 -0.00129793 -0.00133754 -0.00173624 -0.002642 -0.00193828 -0.0021628 -0.000996269 -0.00190813 0.000844888 -0.000618347 -0.000858716 -0.000648922 -0.000982202 -0.000110478 8.22259e-05 -0.00112246 -0.000795447 -0.00189952 -0.00106935 -0.000733368 0.000118073 -0.00112647 0.000748265 -0.00175497 
-0.00185097 -0.000753246 -0.00217207 -0.000991309 -0.000771223 0.000370088 -0.00132561 -2.83056e-05 -0.00139239 0.00082458 -0.00439976 -0.000352298 -0.00556942 -0.00148472 -0.00528769 -0.00368512 -0.00470434 -0.00418886 -0.00035183 -0.00254197 -0.00369946 -0.00826904 -0.00664188 0.00271665 -0.00206313 -0.000789043 -0.00344059 -0.00372878 0.000564626 -0.00416053 0.159776 -0.000547694 -6.75708e-05 -0.00051536 -0.00123412 -0.000186955 -0.000155013 -0.00121936 -0.0029544 -0.00175891 -0.00142972 -0.0013723 -0.00025321 -0.0035922 -0.00209442 -0.00236043 -0.00218216 -0.00100917 -0.00318503 -0.00181414 -0.00121409 -0.000393031 -0.000726601 -0.00127514 -0.00208313 -0.00142571 0.00040433 -0.00140128 -0.000116218 -0.0017046 -0.000445385 5.27702e-05 -0.00295154 -0.000723758 -0.000369711 -0.000573754 -0.00167058 -0.00186462 -0.000175591 -0.00101899 -0.00142364 8.33021e-05 -0.00236647 -0.000832115 -0.00202687 -0.00181914 -0.000520473 -0.000633784 -0.00109233 -0.000919222 -0.000672558 -0.00147879 -0.00147197 -0.00267453 -0.000591963 -0.000341085 -0.00100537 -0.00199328 -0.00281297 -0.00196833 -0.00179902 -0.00124737 -0.00191924 -0.00229803 -0.00159853 -0.00176512 -0.000952658 -0.00235292 -0.00119212 -0.000313438 
0.000338011 -0.000253206 -0.00213301 0.00114421 -0.000584578 -0.000377229 -0.00119007 5.32952e-05 0.000275662 -0.000682545 -0.00270678 -0.00183244 -0.00076809 -0.00300496 -0.00322812 -0.00506546 -0.00175399 -0.00580458 -0.00268387 -0.00521602 0.00116936 -0.00345179 -0.00352302 -0.00473795 -0.00336454 -0.00342224 -0.00162307 -0.00435014 -0.000953022 0.000159794 -0.000547694 0.118734 -0.00110446 -0.000343682 -0.00207214 -2.85208e-05 0.0003435 -0.00146873 -0.00106326 0.000915076 -0.00147268 -0.00118724 -0.000765015 -0.00178272 -0.000972866 -0.000747254 -0.00194831 -0.00136239 -0.00133227 -0.00130626 -0.00108429 -0.000405026 -0.000858262 -5.21577e-05 -0.00102946 0.000167669 -0.000745043 -0.000583497 -0.00122892 -0.00116391 -0.00203118 -0.000663028 -0.00140469 -0.00161864 -0.00186958 -0.00119735 0.000301837 -0.000497846 -0.00049902 -0.000806591 -0.00073902 -0.000672322 -0.000243614 -0.000890411 0.000443218 -0.000340577 -0.000492798 -0.000581549 -0.000494962 -0.00158936 -0.000697567 -0.000189339 -0.00155396 -0.00119882 -0.00121395 -0.000117449 -1.22789e-06 -0.000582857 -0.00214975 -0.000666706 -0.000799833 -0.00100504 -0.00171845 -0.000340934 -0.000948275 -0.000415026 -0.000441274 -0.00215243 -0.00122234 -0.000630978 
