0.0779876 -0.00044422 -5.11499e-05 -0.000316861 0.000146855 -0.000304916 -0.000795049 0.00013156 -0.000686915 -0.00206225 -0.00222974 -0.000837029 -0.00269681 -0.00146612 -0.000294157 -0.00200164 -0.00202448 -0.00349625 0.00160794 0.00114032 -0.00372109 -0.0029783 -0.00416544 -0.00317304 -0.00305146 -0.000987937 -0.00154862 -0.00149314 -0.00212252 -0.00130705 -0.00150527 -0.00197247 -0.000328013 -0.00129676 0.000152383 0.000208785 -0.000755454 -0.00102698 -0.000159606 -0.000405726 -0.000574698 -0.00145377 -0.000211961 -0.000654873 -0.000611058 -0.00149838 0.000110087 -7.28612e-05 -0.000558011 -0.000343006 0.000155176 -0.000378129 -0.000843864 -0.000358206 -0.000157641 -0.000707902 -0.000544917 -0.00128641 4.74791e-05 -0.000219679 -0.000807847 -0.000476735 -0.000762204 -0.000859815 3.55813e-05 -0.000288494 -3.53963e-05 -0.000635478 -0.00109586 5.34212e-05 -0.00121366 3.38143e-05 -0.000134176 -0.0010427 0.000269633 -6.118e-05 0.000213593 9.12303e-05 -0.000868963 -0.000277247 -0.000550803 -0.00138878 -0.000386702 -0.000426471 -0.000730527 -0.000296606 -0.000891579 -0.000849758 -0.000444052 -0.00122503 -0.000398834 -0.000319455 0.000155279 -8.74988e-05 -0.000105732 -0.000802721 -0.000794213 -0.000529486 -0.000945778 -0.000625121 
-0.00044422 0.0929369 -0.000494014 -0.000964816 0.000503107 0.000417726 -0.00106225 -0.000469911 -0.00103266 -0.00177827 -0.00298562 -0.00288707 -0.00151517 -0.00209944 -0.00175783 0.00212843 -0.00194442 -0.00376716 -0.000775658 -0.00397262 -0.00179581 -0.00277174 -0.00248264 -0.00146918 -0.00164459 -0.00135343 -0.00248844 -0.00359506 0.00251193 -0.00175934 0.00039894 -0.000990322 0.000765155 -0.00156413 -0.00173613 -0.00105536 -0.00131704 -0.00142502 -0.000239883 -0.00111995 -0.000562036 -0.00118043 -0.000205015 -0.000787953 -0.000844509 -0.00067646 -0.00128201 -0.000841354 -0.00131475 -0.00023023 -0.00110227 -0.00161954 -0.000612367 2.025e-05 -0.00100133 -0.000493926 -0.000583867 0.000260234 -0.00133246 -0.00070605 -0.000940886 -0.0011909 -0.00114692 -0.00142178 -0.00114622 -0.001008 -1.04975e-05 -0.00099726 -0.000257621 -0.000888442 -0.000451393 -2.47784e-05 -0.001008 -0.000470394 -0.000567089 -0.00127577 -0.000952726 -0.000507376 -0.000650552 -0.000869922 -0.000439554 -0.00139521 -0.000363543 -0.00109965 -0.000718078 2.98345e-05 -0.000555518 -0.00092242 -0.000370876 -0.000335984 6.3624e-05 -0.000298341 -0.00107506 -0.000798483 -0.000257857 -0.000724911 -0.00143012 -0.000218313 -0.000419207 -0.00069067 
-5.11499e-05 -0.000494014 0.0948267 0.000359438 0.000262951 -7.61347e-05 -3.63551e-05 -0.000294464 -2.92021e-05 -0.00171474 -0.00232178 -0.000215349 -0.000582612 -0.000780169 -0.00257835 -0.00161322 -0.00333474 -0.000361284 -0.00275908 -0.00222039 -0.00202463 -0.00451826 -0.00111874 -0.00115625 -0.00337678 0.00108901 -0.00257752 -0.000448147 -0.00151533 -0.00274488 -0.00135616 -0.000964846 -0.00131497 -0.00115547 -0.000471681 -0.000695334 -0.00188549 -0.0013011 -0.000768855 -0.000666585 -0.00119983 -0.000743767 -0.0011229 -0.00110019 -0.000783012 0.000614097 -0.00157073 -5.86732e-05 -5.65667e-05 -0.000840204 -0.000477944 -0.000675674 -0.000702526 -0.00121505 0.00016447 -0.00136978 -0.00105512 -0.000589222 -0.00043054 -0.000807627 -0.00148051 -0.00115403 -0.00135979 -0.000512116 -0.000648752 -0.00110439 -0.000991481 -0.000286607 -0.000580349 -0.000674359 -0.000595457 2.59478e-05 -0.000672413 -0.00180798 -0.00151938 -0.000977984 -0.000583455 -0.000912348 -0.00133171 -0.00136621 0.000214012 -0.000749907 -0.00153077 -0.000382443 -0.00142596 -0.000451467 -0.0014821 -0.000987784 0.000208922 -0.00108571 -0.000791806 -0.000319595 -0.000502361 -0.00132344 -0.00112967 -0.000150674 -0.000624242 -0.000462454 -6.08377e-05 -0.00142164 
-0.000316861 -0.000964816 0.000359438 0.0965012 -0.000665597 -0.000148476 -2.10761e-06 2.90198e-05 -0.00201359 -0.00110241 -0.0015613 -0.00126929 -0.00273063 -0.00119229 -0.000593646 -0.00233209 -0.00225189 -0.00567463 -0.000787253 -0.00133863 -0.0020269 -0.00386076 0.000764796 0.00095047 -0.00416161 -0.00205543 -0.00134576 -0.00226941 -0.00311391 -0.00053193 -0.000516655 -0.000900296 -0.00172323 -0.00202265 -0.00186411 -0.00111517 -0.000856299 -0.00157998 -0.0008029 -0.000632388 -0.00110655 -0.00125557 -0.000812676 -0.000274667 -0.00177081 -0.00170058 -0.000571993 -0.000212776 0.000319902 0.000745356 -0.000811836 -0.00130218 -0.00104014 -0.00139293 -0.00102853 -0.00103373 -0.000546638 0.000535323 5.90751e-05 -0.00104949 -0.000329824 -0.00105903 -0.00112308 -0.000862814 -0.000325302 0.000152084 -0.000725897 -0.00105092 -0.000148682 -0.000646779 -0.00100246 -0.000834205 0.000147899 -0.000792116 -0.000755345 -0.00056129 -0.000257717 0.000204794 -0.00135073 0.000605519 -0.000312248 -0.00061803 2.74388e-05 -0.000262061 -0.000428019 -0.000805875 -0.0017245 -0.0019566 -0.000765573 -0.0011333 -0.000815101 -0.00139436 -0.000776288 -0.001661 -0.00054774 -0.00069 -0.00129071 -0.00058525 -0.000610453 -0.000963004 
0.000146855 0.000503107 0.000262951 -0.000665597 0.0839092 -0.000295431 0.000329564 5.41234e-06 0.000217852 0.000503157 -0.00132489 -0.00215467 -0.00284548 0.000232147 -0.00316546 -0.00126186 -0.00306301 -0.000266745 -0.00257455 -0.00512589 -0.00208139 -0.00459834 2.13905e-05 -0.00285064 -0.000823408 -0.00320586 -0.00290573 -0.0022625 -0.0020224 -0.00163679 -0.00210752 -0.000687441 -0.000123653 -0.0018572 -0.000598565 -0.00157312 -0.00147562 -0.00058269 -0.000427408 -0.000225088 -0.000192875 -0.000497274 0.000230599 -0.000398142 -0.000271273 -0.000955908 -0.000280155 -0.000236174 -0.000761868 -0.000310334 -0.00121403 -0.00105052 -0.000681753 -3.85943e-05 -0.000650688 -0.00142216 -0.000225185 -0.00116305 0.000457574 -0.000711339 -4.79843e-05 -0.000745088 -0.00115716 -7.87997e-05 -0.000436598 0.000433025 -0.000687614 -0.000437335 -0.000598701 -0.000598352 -4.84259e-05 -0.000144925 2.69559e-06 -0.00108184 -0.000638094 -0.000403653 0.000196151 -8.93019e-05 -0.00134072 -0.000457442 -0.000658599 -0.000249777 -0.000890824 -0.000779841 -0.000291948 -0.000472306 -0.000737571 -0.00129567 -0.000186232 -0.00116351 -0.000226513 -0.000531732 -0.000174945 -0.000788788 2.39617e-05 -0.000158881 -0.00159707 -0.000534138 -0.000580419 -0.00131457 
-0.000304916 0.000417726 -7.61347e-05 -0.000148476 -0.000295431 0.0856626 -3.41355e-05 -0.00107034 -0.000325082 -0.00177351 -0.00183797 -0.00259533 -0.000914129 -0.00139424 -0.00296428 0.000716955 -0.00257905 -0.00451384 0.00018307 -0.00214054 -0.00105012 -0.00328665 -0.000895327 -0.00165043 0.000156958 -0.00424819 -0.00205648 -0.000826881 -0.00223418 -0.00277346 -0.002152 -0.00138849 -0.00121985 -0.00266746 -0.000660222 -0.00163128 0.000262372 -0.00137708 -0.000786542 -0.000368181 -0.000882917 -0.000478113 -0.000552154 -0.00053155 -0.000817576 -0.000124481 0.000264255 -0.000413975 -0.00102655 -0.000690606 -0.00122608 -0.00104915 -0.000270822 -1.21687e-05 -0.000974769 -0.000605993 -0.000528059 -0.00101136 -0.00102772 -0.000799551 -0.00101288 -0.000305697 -0.000502076 -0.00168682 -0.00106786 0.000504725 -0.000109088 -0.00103115 -0.00051659 -0.000423464 -0.000304838 -0.000456852 -0.000712343 -0.000488022 0.000465632 -0.000971127 -0.000230593 -0.000122797 -0.00120175 -0.000875443 -0.000362839 -0.00023131 -0.000344164 -3.70508e-05 -5.29231e-05 -3.85299e-05 -0.00093249 -0.000809489 -0.000595221 -0.00126888 -0.000378246 -0.00115653 -8.18454e-05 -0.000777645 -0.000406055 0.000188312 -0.000641732 0.000274939 -0.00118287 -0.000516548 
-0.000795049 -0.00106225 -3.63551e-05 -2.10761e-06 0.000329564 -3.41355e-05 0.0934945 0.000762167 -0.0004878 -0.000857266 -0.00277035 0.000158089 -0.00080105 -0.00303055 -0.00202042 -0.00341538 -0.00350883 -0.00307743 -0.00114385 -0.00641367 -0.00150528 -0.00349611 -0.000493534 -0.000969231 -0.00103054 -0.00178767 0.00100033 -0.00587142 -0.00260841 -0.0021139 -0.00168889 0.00053646 -0.000989091 -0.00138207 -0.000239246 -0.000494284 -0.00262985 -0.000454289 -0.00054552 -0.000197524 -0.001165 -0.0002218 -0.00089343 -0.000417048 -0.000214136 -0.000588945 -0.000499426 -0.000807217 -0.00124751 0.000224267 -0.000574593 -0.000800825 -0.000412355 -0.000449531 -0.000287796 -0.00058833 -0.000843023 -0.000890206 -0.000658888 -0.00024139 -0.000261583 -0.0010952 -0.00145927 -0.000772959 -0.00129587 -0.000990839 0.000118287 -0.000281142 -0.000976422 -0.00106214 -0.000935436 -0.000849634 -0.000956441 -0.000422162 -0.00142718 -0.000324928 -0.000211008 -0.000843861 -0.000690204 -0.00112464 7.49432e-06 -0.000926463 -0.000658015 -0.000312729 -0.000527197 -0.000845955 -0.00048286 -0.000621837 -0.000990599 -0.000117311 0.000473412 -0.000101605 0.000182803 -0.000908674 -0.000502631 -0.000586056 -0.001287 -0.000629361 -0.000438984 -0.00161438 
0.00013156 -0.000469911 -0.000294464 2.90198e-05 5.41234e-06 -0.00107034 0.000762167 0.101169 0.00137435 -0.00177408 0.00117789 -0.00110498 -0.000313388 -0.00150004 -0.0012141 -0.00348578 -0.00100405 -0.00286182 -7.54276e-05 -0.00402179 -0.000813671 -0.00543542 -0.00503558 -0.00417685 -0.0020056 -0.00010587 -0.00121624 -0.00292657 -0.0027251 0.000170853 -0.000939974 -0.00118577 -0.00079928 -0.0023639 -0.000314565 -0.00145951 -0.0011538 -0.000627086 -0.000481552 -0.000752813 -0.000963951 -0.00136986 0.000313926 -0.00070098 -0.000537012 -0.000690103 -0.000388286 -0.000225342 -0.000832067 -0.000971709 -0.000806462 -0.00106742 -0.00138768 -0.000961107 -0.00139443 -0.00147553 2.9363e-05 -0.00177505 -0.00112626 -0.00102532 -0.000232421 -0.000675872 -0.00114858 -0.00161858 -0.00135175 -0.00180962 -0.000246169 -0.000544887 -0.000674199 0.000323889 -0.00147951 -0.000297742 -0.000143985 -0.000675487 -0.00207839 -0.00154895 -0.000571293 -0.000513026 -0.00121837 -0.00131842 -0.000731136 -0.000629029 -0.000894189 -0.000488384 -0.00133892 -0.00102167 -0.000879493 0.000189623 -0.00103039 -0.000799262 -0.000818672 -0.00073579 -0.00185311 -0.000872403 -0.0009316 0.000221874 -0.0014501 -0.000389703 -0.000475312 -0.00100447 
-0.000686915 -0.00103266 -2.92021e-05 -0.00201359 0.000217852 -0.000325082 -0.0004878 0.00137435 0.124248 -0.00330969 -0.00353951 -0.00208777 -0.00409923 -0.00302898 -0.00183998 -0.0032204 0.000310933 -0.0040952 -0.0015949 -0.00593123 -0.00262661 -0.00115434 -0.00192229 -0.0063666 -0.00144702 -0.000827912 -0.00387613 -0.00103767 -0.00558966 -0.000227125 -0.00203641 -0.00226953 -0.00124048 -0.00073584 -0.00159019 -6.08127e-05 -0.000822219 -0.000874502 -0.000933094 -0.000707704 -2.23102e-05 -0.00134079 -0.000306847 -0.000589162 -0.00133367 0.000226137 -0.00161316 -7.40443e-05 -0.00145485 -0.000686546 5.1976e-05 -0.000933528 -0.000371234 -0.000425836 -0.00154842 -0.00152343 0.00034766 -0.00184878 -0.000122426 -0.000966916 -0.00138308 -0.000833798 -0.000366647 -0.00133047 -0.000930099 -0.00170077 -0.000365187 -0.00227823 -0.000665491 -0.00120458 -0.00114402 -0.00135691 0.000511112 -0.00109353 -0.00120249 -0.000949232 0.000582686 -0.00140619 -0.00181838 -0.000948908 -0.000889595 -0.00126401 -0.000386121 -0.000939313 -0.000928728 0.000298014 -0.00103847 -9.92067e-05 -0.00110745 -0.00204716 0.000392371 -0.00188497 -0.000717341 5.32915e-05 -0.00171851 -0.000827358 -0.00183978 -0.00106107 -0.00121348 -0.000843496 
-0.00206225 -0.00177827 -0.00171474 -0.00110241 0.000503157 -0.00177351 -0.000857266 -0.00177408 -0.00330969 0.15787 -0.00286468 -0.00132941 0.00228666 0.000328452 -0.00346135 0.000953501 -0.0045653 -0.00181193 -0.00224558 -0.00384814 -0.00626672 -0.00851507 -0.00314511 -0.000555861 0.0021771 -0.00483251 -0.00350812 -0.00130049 -0.00126625 -0.0015274 -6.60236e-05 -0.00196525 -0.00156787 -0.00190549 -0.00235488 -0.00269778 -0.000833337 -0.00326742 -0.000920834 -0.00105585 -0.00239844 0.000128109 -0.00162443 -0.00145624 -0.00124743 -0.00180122 -0.00169828 0.000185919 -0.00241977 -0.000763201 -0.000456486 -0.00197846 -0.000543464 -0.00141396 -0.00160392 -0.00200327 -0.000735472 -0.00152545 -0.00258015 -0.00224578 -0.00133601 -0.00238743 -0.00274308 -0.00129451 -0.00176014 -0.00222097 -0.00126118 0.000337222 -0.00154072 -0.000805224 -0.00296445 -0.00147009 -0.00181484 -0.00100376 -0.000783902 -0.00154049 -0.00138984 -6.50554e-05 -0.000734663 -0.00351079 -0.000138909 -0.000359879 -0.000807856 -0.00308132 -0.00169049 -0.00216722 -0.000619916 -0.00201812 -0.00177164 -0.00068797 -0.000638501 -0.00137431 -0.000511495 -0.00137994 0.000341247 -0.000982813 -0.0014594 -0.00124201 -0.000994506 -0.00201125 
-0.00222974 -0.00298562 -0.00232178 -0.0015613 -0.00132489 -0.00183797 -0.00277035 0.00117789 -0.00353951 -0.00286468 0.164672 -0.00111167 0.00254701 0.00291964 -0.0012105 -0.00382916 -0.00143536 -0.0122019 -0.00490374 -0.00562424 -0.00148303 -0.00150122 -0.0096443 -0.00627563 -0.00556486 -0.00676541 -0.0031691 0.00109819 -0.00133786 0.00183504 0.000917087 -0.0016948 -0.000538483 -0.00230164 -0.000955853 -3.94182e-05 0.000658155 -0.00143834 -0.00373136 -0.00153917 -0.00248785 -0.00155882 -0.000760638 -0.000546878 -0.00101055 -0.00155547 -0.00125418 6.94685e-05 -0.00242062 -0.00361583 -0.00168742 -0.000421906 -0.00149969 -0.00160233 -0.00087566 -0.00229227 -0.000780796 -0.00208115 -0.000807275 -0.00208821 -0.00237065 -9.74059e-05 -0.00266134 -0.00275596 -0.000153587 -0.000862518 -0.000520814 -0.00079833 0.000734532 -0.00107398 -0.00185485 0.000967493 -0.00173345 -0.00093003 -0.00222537 -0.00150466 -0.000708239 -0.00210454 -0.00225742 9.58279e-06 -0.000929929 -0.00177382 -0.000789543 -0.000302761 -0.000417881 -0.00137436 -0.00290508 -0.0018107 -0.000914738 -0.0014993 -0.00121467 -0.00174724 -0.000359765 -0.000964745 -0.000771218 -0.00131171 -0.00155369 -0.00111597 -0.00123622 -0.000918847 
-0.000837029 -0.00288707 -0.000215349 -0.00126929 -0.00215467 -0.00259533 0.000158089 -0.00110498 -0.00208777 -0.00132941 -0.00111167 0.174423 -0.000394572 -0.002351 -0.0013407 -0.007782 -0.000260778 -0.000842382 -0.00509746 -0.00366477 -0.00378171 -0.0063842 -0.00405114 -0.000129674 -0.00316627 -0.00288065 -0.000267564 -0.0029535 -0.0019687 -0.00403659 -0.00116478 -0.00164023 -0.000132956 0.000825855 -0.000107713 1.72984e-05 -0.00224071 -0.0027906 -0.00126332 -0.00178349 -0.00368872 -0.00134536 -0.00147259 -0.00150335 -0.00287256 -0.00253186 -0.0010034 -0.000917412 -0.00155225 -0.00144925 -0.00124191 -0.000941235 -0.000422723 -0.000570374 -0.00114158 -0.00124343 -0.000358107 -0.0011814 -0.00154137 -0.00231078 -0.00252223 -0.0023257 -0.00169001 -0.00276947 -0.00397012 -0.00203326 -0.00140972 -0.00046844 -0.00189864 -0.000369591 -0.00154939 -0.00279945 -0.000654907 -0.00100719 -0.00278663 -0.00119671 -0.00124124 -0.00253424 -0.00122455 -0.000733834 -0.00105742 -6.91533e-05 -0.00274365 -0.000820835 -0.000983492 -0.00302143 -0.00303795 -0.00149267 -0.00170567 -0.00164036 -0.000870248 -0.00208788 -0.00283154 -0.00155913 -0.00193423 -0.00173798 -0.00164588 -0.0016248 0.0002359 -0.00225043 
-0.00269681 -0.00151517 -0.000582612 -0.00273063 -0.00284548 -0.000914129 -0.00080105 -0.000313388 -0.00409923 0.00228666 0.00254701 -0.000394572 0.174933 -0.00112855 -0.00187444 0.00403607 -0.00188795 -0.00466067 -0.00631877 -0.0084646 -0.00510039 -0.00840876 -0.00529873 -0.00667729 -0.00898348 -0.00459807 -0.00184168 -0.00254868 -0.00487305 -0.00234216 -0.000927047 -0.00104249 -0.00144509 0.000147751 -0.0010632 -0.00107661 -0.00265567 -0.00248073 -0.000623079 -0.00196928 -0.00155789 -0.000510704 -0.000632653 -0.0004244 -0.00208682 -0.00345335 -0.0012978 -0.000488709 -0.00212793 -0.00207562 -0.00147666 -0.00169435 -0.0013748 -0.00229361 -0.00107078 -0.00216004 -0.000728788 -0.00198475 -0.00189587 -0.00141268 -0.00222104 -0.00281851 -0.00141814 -0.000302792 -0.000401164 -0.0019896 -0.00056419 -0.00134964 -0.000224454 -0.00173428 -0.00150214 -0.00220809 -0.00111875 -0.00102905 -0.00131981 -0.000916735 -0.0023258 -0.00229256 -0.00140442 -0.00122243 -0.000720598 0.00208853 -0.00267849 0.000688096 -0.00323755 -0.00126834 -0.000744119 -0.00342466 -0.0013068 -0.000926358 -0.00231654 -0.00197976 -0.00017752 -0.00328568 -0.000103242 0.000400699 -0.00133627 0.00157877 -0.000512558 -0.000392306 
-0.00146612 -0.00209944 -0.000780169 -0.00119229 0.000232147 -0.00139424 -0.00303055 -0.00150004 -0.00302898 0.000328452 0.00291964 -0.002351 -0.00112855 0.221741 -0.0015583 -0.00356012 -0.00904311 -0.00590643 0.0004035 -0.00138555 -0.0141163 -0.00488778 -0.000619563 -0.00253041 -0.00371596 -0.00223395 -0.00695299 -0.00685538 -0.00634827 -0.00532183 -0.00257731 -0.00378196 -0.00319229 -0.0042707 -0.0030502 -0.00156046 -0.00431176 -0.000541768 -0.000221271 -0.00215898 -0.0024707 -0.00130894 -0.00295063 -0.00159182 -0.0031828 -0.00321739 -0.000324406 -0.00123991 -0.00513626 -0.00238228 -0.00178368 -4.06979e-05 -0.00145008 -0.00226378 0.000359707 -0.00298945 -0.00136945 -0.00185243 -0.00305132 -0.00155266 -0.000955195 -0.00102368 -0.00295145 0.000103529 -0.0021055 -0.00208903 -0.00208021 -0.00253851 -0.00285113 -0.00172497 -0.00296328 -0.0026231 -0.00102185 -0.00138803 -0.000990576 -0.00303254 -0.000346409 -0.00352116 -0.00066976 2.01999e-05 -0.00173786 -0.000850628 -0.0022784 -0.00188652 -0.00179452 -0.000458513 -0.000629624 -0.00417105 -0.000273843 0.00110748 -0.00187579 -0.00170731 -0.00323415 -0.000987322 -0.00242097 -0.00179354 -0.000934442 -0.00160226 -0.0014326 -0.00343748 
-0.000294157 -0.00175783 -0.00257835 -0.000593646 -0.00316546 -0.00296428 -0.00202042 -0.0012141 -0.00183998 -0.00346135 -0.0012105 -0.0013407 -0.00187444 -0.0015583 0.218152 -0.00327647 -0.00481986 -0.00328088 -0.00847201 0.000319861 -0.00478517 -0.00442593 -0.00537674 -0.00805916 -0.00811833 -0.00763367 -0.00629089 -0.00277597 -0.00537798 -0.00414132 -0.00201767 -0.00518216 -0.00203874 -0.000352218 -0.0017806 -0.00219384 -0.0018297 -0.00158396 -0.00273746 -0.00268173 0.00083653 -0.00116574 -0.0026932 -0.00170841 -0.000639134 -0.00397116 -0.00204581 -0.00341644 0.000787073 0.000202 -0.00126708 -0.00188249 -0.00224775 -0.00141429 -0.000803658 -0.0023737 -0.00085456 -0.000788182 -0.00324942 -0.00231917 -0.00141763 -0.00247677 -0.00412011 -0.00169446 -0.000102943 -0.00198459 -0.00066166 -0.00171482 -0.00190141 -0.00215542 -0.00342197 -0.000408236 -0.00153328 -0.00235862 0.000183321 -0.00232065 -0.00113784 0.00199834 -0.00271696 -0.000109854 -0.000323421 -0.000512071 -0.00204826 -0.00209257 -0.00186784 -0.00217185 -0.00122355 -0.00119446 -0.00156367 2.20666e-06 -0.0020515 -0.00299953 -0.000909217 -0.00348963 -0.00363572 -0.00224056 -6.92814e-05 -0.00314095 -0.000331588 -0.000432493 
-0.00200164 0.00212843 -0.00161322 -0.00233209 -0.00126186 0.000716955 -0.00341538 -0.00348578 -0.0032204 0.000953501 -0.00382916 -0.007782 0.00403607 -0.00356012 -0.00327647 0.236627 -0.00420929 -0.0021662 -0.00439864 -0.00537395 -0.00156998 -0.0107027 -0.0109962 -0.00248342 -0.010514 -0.00568166 7.81398e-06 -0.00428635 -0.00252893 -0.0045775 -0.00282081 -0.00603632 -0.00216094 -0.00147473 -0.00157768 -0.00284663 0.000132574 -0.0053045 -0.00247279 -0.00269083 -0.00118755 -0.00250502 -0.00187636 -0.00378145 -0.000198114 -0.00351455 -0.00120095 -0.00187285 -0.00300332 -5.84741e-05 -0.0022207 -0.000521728 -0.00222767 -0.00116194 -0.00205977 0.000288772 -0.00199814 -0.000946887 -0.002841 -0.00107261 -0.00249611 -0.00261311 -0.00274342 -0.00307496 -0.00190624 -0.00232273 -0.00303647 -0.00419133 -0.00176643 -0.0010383 -0.00303863 -0.00094938 2.10302e-05 0.000133419 0.000212635 -0.0028378 -0.00414991 -0.00085896 -8.83055e-05 -0.00150613 -0.00304853 -0.00237247 -0.000322684 -0.00236711 -0.00277526 -0.000686292 -0.00286536 -0.002096 -0.00257165 -0.00319977 -0.0008463 -0.00397393 -0.0026878 -0.00110591 -0.00201758 -0.00300758 -0.000235806 -0.00240516 -0.00131519 0.000161813 
-0.00202448 -0.00194442 -0.00333474 -0.00225189 -0.00306301 -0.00257905 -0.00350883 -0.00100405 0.000310933 -0.0045653 -0.00143536 -0.000260778 -0.00188795 -0.00904311 -0.00481986 -0.00420929 0.244789 -0.00398014 -0.000938249 -0.00772237 -0.00290968 -0.0103378 0.00429854 -0.00830933 -0.00428287 -0.00775714 -0.000371937 -0.00792843 -0.00546078 -0.00480819 0.00190136 -0.00174586 -0.00547528 -0.00156369 -0.000746573 -0.0017689 -0.000491007 -0.00290909 -0.00257951 -0.000932749 0.000550847 -0.00270044 -0.000313611 -0.00186998 -0.0031725 -0.00530503 -0.00174279 4.6702e-05 -0.00137665 -0.00124159 0.000331686 -0.0023722 -0.00128907 -0.00182444 -0.00226405 -0.002332 -0.00108221 -0.00177881 -0.00230101 2.013e-05 -0.00453042 -0.00106525 0.000291223 -0.00318598 -0.00293791 0.000508163 -0.00123024 -0.00148602 -0.000847749 0.000342484 2.31877e-05 -0.00260732 -0.00237192 -0.00248322 -0.0041184 -0.000115305 -0.00321746 -0.00137037 -0.00306606 -0.00209799 -0.00315235 -0.00286581 -6.78583e-05 -0.00164433 -0.00218532 -0.0045284 -0.00308864 -0.00429466 -0.00169894 -0.00122521 -0.00397712 -0.00332269 -0.00365565 -0.0015644 -0.00304905 -0.00444432 -0.000917203 -0.00360555 -0.00185905 -0.00361757 
-0.00349625 -0.00376716 -0.000361284 -0.00567463 -0.000266745 -0.00451384 -0.00307743 -0.00286182 -0.0040952 -0.00181193 -0.0122019 -0.000842382 -0.00466067 -0.00590643 -0.00328088 -0.0021662 -0.00398014 0.249788 -0.00316885 -0.00598765 -0.00583323 -0.00571786 0.00194099 -0.000125284 -0.00844939 -0.00465451 -0.00878399 -0.00784971 0.00100374 -0.00324601 -0.00645739 0.000449634 -0.00645917 -0.00438726 -0.000581597 -0.00305843 -0.00345246 0.000651989 -0.000414572 -0.000570123 -0.000464486 -0.000567922 -0.000675046 -0.00129862 0.000357774 -0.00139037 -0.00125708 -0.00227826 -0.00202404 -0.00198192 -0.00102703 -0.00101473 -0.00046922 -0.00275284 -0.00124844 -0.00252499 -0.00408013 -0.00315341 -0.00229097 -0.00206132 -0.000314924 -0.00245603 -0.00036301 -0.00190931 -0.00313487 -0.00101818 -0.00401184 -0.000792511 0.00064306 -0.00141253 -0.00351673 -0.00147805 -0.0016924 -0.00174457 0.00110193 -0.000280091 -0.0026493 -0.00232824 -0.00212074 -0.00331247 -0.00339008 -0.00507198 -0.00100286 -0.000421527 -0.00333479 -0.00208381 -0.000254751 -0.00229769 -0.000360899 -0.00272653 -0.0018333 -0.00262107 -0.00423236 -0.000830004 -0.00330552 -0.00119474 -0.00314938 -0.00282403 -0.00362065 -0.00212192 
0.00160794 -0.000775658 -0.00275908 -0.000787253 -0.00257455 0.00018307 -0.00114385 -7.54276e-05 -0.0015949 -0.00224558 -0.00490374 -0.00509746 -0.00631877 0.0004035 -0.00847201 -0.00439864 -0.000938249 -0.00316885 0.246458 -0.00711703 -0.00821323 -0.001465 0.00123181 -0.0108455 -0.00133792 -0.00530809 -0.0071545 -0.0107463 0.00329806 -0.00490572 -0.00729788 -0.00369709 -0.00390282 -0.00379006 -0.00403808 -0.00211685 -0.00402751 -0.000480772 -0.00169184 -0.00186669 -0.00455416 -0.00319417 -0.00247889 -0.00167441 0.000954999 -0.0024053 -5.64987e-05 -0.000369494 -0.0031031 -0.00374072 -0.00333317 -0.00463615 -0.00342752 -0.001952 -0.00391277 -0.00435649 -0.00253637 -0.00190416 -0.000627128 -0.00107715 -0.0014504 -0.00357265 0.00118127 -0.00218624 -0.00157761 -0.00116199 -0.00134574 -0.00148927 -0.00291952 -0.00307218 0.00105632 -0.00106158 -0.000477218 -0.00253766 -0.00383107 0.00147608 -0.00303062 -0.000503108 -0.000659553 0.000783321 -0.0025082 -8.02378e-05 -0.00168581 -0.00202807 -0.00168125 -0.00311349 -0.00391407 -0.00335104 -0.0012962 -0.00377986 -0.000985487 -0.000828522 -0.00161508 -0.00150328 -0.0013858 -0.0013346 -0.00324643 -0.00377295 -0.0050204 -3.09324e-05 
0.00114032 -0.00397262 -0.00222039 -0.00133863 -0.00512589 -0.00214054 -0.00641367 -0.00402179 -0.00593123 -0.00384814 -0.00562424 -0.00366477 -0.0084646 -0.00138555 0.000319861 -0.00537395 -0.00772237 -0.00598765 -0.00711703 0.249871 -0.0142478 -0.00155228 -0.00164813 -0.00651063 -0.0041967 -0.00470279 -0.00230617 -0.00161903 0.000915308 0.00172543 -0.0069498 -0.00247993 -0.0018855 -0.00163341 0.000843344 0.000397704 -0.000234005 -0.000983349 -0.00131565 -0.00131563 -0.00197882 -0.000823292 -0.00334652 -0.00207417 -0.00149089 -0.00251291 -0.00356068 -0.00236171 -0.00231017 -0.00182467 -0.000250997 -0.000827967 -0.000741135 -0.000713752 -0.00417221 0.000300061 -0.00234304 0.000428867 -0.00403549 -0.00254891 -0.00321564 -0.00208702 -0.00198685 -0.00281203 -0.00144427 6.8311e-05 -0.00322987 -0.00134105 -0.000774097 -0.00271462 -0.000429361 -0.00228016 -0.00266526 -0.00205418 -0.00361519 -0.00441876 -0.00152922 -0.00206055 -0.00242976 -0.00242117 -0.000982682 -0.00126956 -0.00424833 -0.00301311 -0.00453982 -0.00110549 -0.00241955 -0.000319659 -0.00137903 -0.00421042 -0.0023376 -0.00108829 -0.00107799 -0.00299998 -0.00150016 -0.00186154 -0.000486622 -0.00169803 -0.00190304 -0.00220851 
-0.00372109 -0.00179581 -0.00202463 -0.0020269 -0.00208139 -0.00105012 -0.00150528 -0.000813671 -0.00262661 -0.00626672 -0.00148303 -0.00378171 -0.00510039 -0.0141163 -0.00478517 -0.00156998 -0.00290968 -0.00583323 -0.00821323 -0.0142478 0.249768 0.000584395 -0.00541443 -0.00135479 -0.00764856 -0.00268813 -0.00727588 -0.00272374 -0.000808647 -0.00377236 -0.00354947 -0.00452434 -0.000540417 -0.000628112 -0.0038273 -0.00433004 -0.00240454 -0.00524442 -0.00283774 -0.000712329 -0.00243721 -0.00307942 -0.00126034 -0.00144636 -0.00323648 -0.00124479 0.000193073 -0.00194926 -0.000252508 -0.00129971 -0.000975937 -0.00153167 -0.00295614 -0.00285134 -0.00284676 -0.00182532 -0.00171895 -0.00253447 -0.00133869 -0.00125768 0.000182902 -0.00017797 -0.000585634 0.000319441 0.00047249 -0.00222481 -0.00169997 -0.000510157 -0.00451375 -0.00199616 -0.00321197 -0.00299079 -0.00198122 -0.0029724 0.00199852 -0.00103406 -0.00310863 -0.000915386 -0.000820926 -0.00210021 -0.00376892 -0.00185261 -0.00272872 -0.0011982 -0.00169228 -0.00099773 -0.00183756 -0.00108505 -0.00213323 -0.00281817 -0.0017953 -0.000782754 -0.00164182 -0.00378559 -0.00242121 -0.00277235 -0.00129959 -0.000612696 -0.0029281 -0.00224164 
-0.0029783 -0.00277174 -0.00451826 -0.00386076 -0.00459834 -0.00328665 -0.00349611 -0.00543542 -0.00115434 -0.00851507 -0.00150122 -0.0063842 -0.00840876 -0.00488778 -0.00442593 -0.0107027 -0.0103378 -0.00571786 -0.001465 -0.00155228 0.000584395 0.249142 -0.00682238 -0.00598546 0.00682381 -0.0131805 -0.00619675 -0.00466386 -0.0059559 -0.00245832 -0.00236334 -0.00832665 0.000614881 -0.00522983 -0.00145536 -0.00230228 -0.00290646 -0.000739054 -0.00222814 -0.00075858 -0.00208526 -0.00136051 -0.00192916 -0.00174747 -0.00187543 0.00130857 -0.000791027 -0.00338178 -0.00334851 -0.0029768 -0.000392599 -0.00146868 -4.69295e-05 -0.00345244 0.00155027 -0.00105272 -0.00371809 -0.00282093 -0.00210212 0.00017736 0.000415649 -0.00118816 -0.00189655 0.00105567 -0.00193575 -0.00139033 -0.000491099 -0.00261435 -0.00106536 -0.00428176 -0.00317895 -0.0025884 -0.00210964 -0.000289531 -0.00271465 -0.000235519 -0.00284371 -0.00120102 -0.00096901 -0.00468148 -0.000448384 5.14378e-05 -0.00268738 -0.000191014 -0.0017636 -0.000195882 -0.00153788 -0.000476381 -0.00242326 0.000208963 -0.00187336 -0.000457964 -0.000270276 -0.00155201 -0.000832365 -0.000792783 -0.00387537 -0.00200795 -0.00298198 0.00023188 
-0.00416544 -0.00248264 -0.00111874 0.000764796 2.13905e-05 -0.000895327 -0.000493534 -0.00503558 -0.00192229 -0.00314511 -0.0096443 -0.00405114 -0.00529873 -0.000619563 -0.00537674 -0.0109962 0.00429854 0.00194099 0.00123181 -0.00164813 -0.00541443 -0.00682238 0.249636 -0.00106345 0.00057241 -0.00231879 -0.00759818 -0.0130291 -0.0104735 -0.00546071 -0.00237663 -0.00562071 -0.00437204 -0.00107413 -0.00414734 -0.00276998 -0.00265934 -0.00360574 -0.00308434 -0.00239114 -0.00301446 -0.00199777 -0.00303072 -0.0027128 -0.00255824 -0.00161262 -0.0015494 -0.00396946 -0.00101615 -0.00244498 0.000467163 -0.00104491 -0.000736172 -0.00187855 -0.00279352 -0.00308162 -0.00388805 -0.00368611 -0.00156317 -0.00079148 -0.00208251 -0.00243726 -0.00308028 -0.00296181 -0.00153356 -0.000852186 -0.000805424 -0.00162311 -0.00389788 -0.00244166 -0.000853161 -0.00422826 -0.00158034 -0.000752876 -0.00116483 -0.00306847 -0.00094868 -0.00304263 -0.00195287 -0.00194112 -0.00255396 -0.00129937 -0.000857943 -0.00198441 -0.00299102 -0.00193784 0.000247004 -0.00254945 -0.00193779 -0.00184788 -0.00174872 -0.00123865 -0.00161628 -0.00083315 -0.0017483 -0.00069164 -0.000534616 -0.00329946 -0.00183407 -0.00188053 
-0.00317304 -0.00146918 -0.00115625 0.00095047 -0.00285064 -0.00165043 -0.000969231 -0.00417685 -0.0063666 -0.000555861 -0.00627563 -0.000129674 -0.00667729 -0.00253041 -0.00805916 -0.00248342 -0.00830933 -0.000125284 -0.0108455 -0.00651063 -0.00135479 -0.00598546 -0.00106345 0.243616 -0.0086326 0.00385667 -0.00843207 -0.0017334 -0.0111395 -0.00610422 -0.00703546 -0.00340228 -0.00395386 -0.00290437 -0.0028475 -0.00416122 -0.00289694 -0.00148519 -0.000991934 -0.000952032 -0.00241435 -0.00208038 -0.000595018 -0.00176949 -0.00529677 -0.00167651 -0.00314951 -0.00202289 -0.00177061 0.000316031 -0.0012525 -0.00349557 -0.00280787 -0.0030842 -0.00189105 0.000140991 -0.00195433 0.00129952 0.00183784 -0.00258271 -0.00315377 -0.000462887 -0.00293488 -0.00244656 -0.00106136 -0.00275454 -0.00209137 -0.00230778 -0.000538415 -0.0032778 -0.00278133 -0.00357655 -0.00344084 -2.27449e-05 -0.00143637 0.000741055 -0.00120526 -0.00300854 -0.00150213 -0.00152168 -0.00111016 -0.00417497 -0.00122277 -0.00229516 0.000909142 -0.00137722 -0.00121909 -0.00132339 -0.000404502 -0.000393989 -0.00140245 0.00138474 -0.00197449 -0.000536641 -0.00353371 -0.0027401 -0.00252846 -0.000960272 0.000674499 -0.00177069 
-0.00305146 -0.00164459 -0.00337678 -0.00416161 -0.000823408 0.000156958 -0.00103054 -0.0020056 -0.00144702 0.0021771 -0.00556486 -0.00316627 -0.00898348 -0.00371596 -0.00811833 -0.010514 -0.00428287 -0.00844939 -0.00133792 -0.0041967 -0.00764856 0.00682381 0.00057241 -0.0086326 0.233208 0.00194187 -0.00495334 -0.00373538 0.000932912 -0.00453701 -0.00582872 -0.00584875 -0.00697336 -0.00574848 -0.00476989 -0.0023581 -7.5464e-05 -0.00208285 -0.00122365 -0.0020582 -0.00159358 -0.000693349 -0.00144748 -0.00201609 -0.00194811 -0.00102748 -0.00177478 -0.00163343 -0.0037656 -0.00160401 -0.00142752 -0.00256512 -0.00209082 -0.00202623 -0.000513081 -0.00144471 -0.00276054 -0.00132827 -0.00225254 -0.00368545 -0.00219261 -0.00294853 -0.000583964 -0.00175385 -0.00359881 -0.00278988 -0.00123569 -0.00189271 -0.00122496 -0.00224726 0.00137426 -0.00307633 -0.00256669 -0.0027213 -0.000910645 -0.00303709 -0.00151342 -0.0025393 -0.00223834 -0.00367886 -0.00106876 -0.00169461 0.000231181 -0.00179692 -0.000560116 -0.00279813 -0.000792079 -0.00105137 -0.0020463 -0.000625802 -0.00215354 -0.00151237 -0.00205968 -0.00123277 4.71513e-05 -0.000883556 0.00124749 -0.00230782 -0.000526214 -0.0029092 
-0.000987937 -0.00135343 0.00108901 -0.00205543 -0.00320586 -0.00424819 -0.00178767 -0.00010587 -0.000827912 -0.00483251 -0.00676541 -0.00288065 -0.00459807 -0.00223395 -0.00763367 -0.00568166 -0.00775714 -0.00465451 -0.00530809 -0.00470279 -0.00268813 -0.0131805 -0.00231879 0.00385667 0.00194187 0.2348 -0.00646889 -0.00145523 -0.00529901 -0.00534011 -0.00252594 -0.00433552 -0.00400859 -0.00584751 -0.00188949 -0.003367 -0.00121841 -0.00245928 -0.00118833 -0.000153187 -0.00124107 -0.000993734 -0.000448131 -0.00118156 -0.00136411 -0.00161135 -0.00106639 -0.00048864 -0.00263958 -0.00147726 -0.0019573 -0.00171051 -0.00263196 -0.00167126 -0.00308688 -0.00122547 -0.000715319 -0.00246654 -0.00137384 -0.0022953 -0.00373691 -0.00166734 -0.00276385 -0.00280849 -0.00325397 -0.00288075 -0.00290914 -0.000589091 -0.0036418 0.000330374 -0.00109507 0.000202033 -0.00112509 -0.000454098 -0.00121547 -0.00112729 -5.56245e-05 -0.00231502 -0.000609306 -0.00151006 -0.00201993 -0.00496907 -0.00148046 -0.00220902 -0.000948973 -0.00116555 -0.00302068 -0.0014128 -0.00278589 -0.00147021 -0.00294066 -0.000652395 -0.0026896 -0.000988616 -0.00302985 -6.41925e-05 -0.0032247 -0.00167651 -0.00350433 -0.00119766 
-0.00154862 -0.00248844 -0.00257752 -0.00134576 -0.00290573 -0.00205648 0.00100033 -0.00121624 -0.00387613 -0.00350812 -0.0031691 -0.000267564 -0.00184168 -0.00695299 -0.00629089 7.81398e-06 -0.000371937 -0.00878399 -0.0071545 -0.00230617 -0.00727588 -0.00619675 -0.00759818 -0.00843207 -0.00495334 -0.00646889 0.211839 -0.00497684 0.000272699 0.00379697 0.00142174 -0.00081263 0.00036157 9.04437e-05 -0.00317397 -0.00163639 -0.0016361 -0.00212557 -0.00122439 -0.00376781 -0.000906005 -0.00124852 -0.001297 -0.000509883 -0.00194099 -0.000843333 -0.00121469 -0.00189642 -0.000242554 -0.00246262 -0.00129945 -0.00213087 -0.000845095 -0.00114766 -0.00293982 0.000685969 -0.00179857 -0.00436914 -0.00383094 -0.00424773 -0.00212941 -0.00171846 -0.0011324 -0.00172715 -0.00248111 -0.00107645 -0.00131038 -0.000526489 -0.00133184 -0.000365248 -0.00241504 -0.00128831 0.00042296 -0.0020919 -0.00216433 -0.00148727 -0.000593015 -0.00104292 -0.00149248 -0.0021273 -0.000166849 -0.00189204 -0.00224917 -0.000629083 -0.00327537 -0.00241526 -0.00238063 -0.00227833 -0.00292598 -0.00403546 -0.000185812 -0.000582659 -0.00105595 -0.00395127 -0.00139652 -0.000774133 -0.00118747 -0.00229662 -0.00225909 -0.00134815 
-0.00149314 -0.00359506 -0.000448147 -0.00226941 -0.0022625 -0.000826881 -0.00587142 -0.00292657 -0.00103767 -0.00130049 0.00109819 -0.0029535 -0.00254868 -0.00685538 -0.00277597 -0.00428635 -0.00792843 -0.00784971 -0.0107463 -0.00161903 -0.00272374 -0.00466386 -0.0130291 -0.0017334 -0.00373538 -0.00145523 -0.00497684 0.205475 0.000164261 -0.0042693 -0.00517317 0.000712901 -0.00126841 -0.00231336 -0.00367249 -0.00273502 0.00262811 -0.00110395 -0.00235433 -0.00270961 -0.00269194 -0.0018603 -0.00122619 5.22848e-05 -0.000432165 -0.000517079 -0.00218751 -0.00145294 -5.21201e-05 -0.00208346 -0.00350862 -0.00122579 -0.00130269 -0.00100896 -0.00250157 -0.00174672 -0.000160317 -0.00144083 -0.000441192 -0.0017709 -0.00243154 0.000558226 -0.000244703 -0.00252806 -0.0010197 -0.00174371 -0.00251787 -0.00189338 -0.000300878 -0.00225494 -0.00117457 -0.000726645 -8.13405e-05 -0.00167688 -0.00135307 -0.00130542 -0.00139259 0.000437335 -0.0020301 -0.00183513 -0.00189591 -0.00262918 -0.00244915 -0.00285608 -0.0012663 -0.0021639 -0.00201735 -0.000661039 -0.00221816 -0.000733651 -0.00052646 -0.00247709 -0.000132385 -0.00160919 -0.00132899 -0.00136221 -0.00149394 -0.00177809 -0.00100491 0.00111134 
-0.00212252 0.00251193 -0.00151533 -0.00311391 -0.0020224 -0.00223418 -0.00260841 -0.0027251 -0.00558966 -0.00126625 -0.00133786 -0.0019687 -0.00487305 -0.00634827 -0.00537798 -0.00252893 -0.00546078 0.00100374 0.00329806 0.000915308 -0.000808647 -0.0059559 -0.0104735 -0.0111395 0.000932912 -0.00529901 0.000272699 0.000164261 0.204928 -0.00115017 -0.00248184 -0.00398623 -0.00121574 -0.00338565 -0.00283892 -0.00187594 -0.000723597 -0.00208028 -0.00178817 -0.000363141 -0.00113863 0.000360603 -0.00143102 -0.000485983 -0.00188688 -0.00106617 -0.0025632 -0.00186917 9.77746e-05 -0.000794393 -0.00373857 0.000785256 0.000652986 -0.00176555 -0.00298055 -0.000768375 -0.00253125 0.000570652 -0.00377997 -0.00143843 -0.00194819 -0.00166884 -0.00230421 -0.00142289 -0.00322269 -0.00243917 -0.00118162 -0.00243465 -0.00119892 -0.00162285 -0.00173029 0.000238092 -0.00288604 -0.00389216 -0.00145228 -0.00262273 -0.00172394 0.000596932 -0.00264337 -0.0033849 -0.00353353 2.89985e-05 -0.00230863 -0.00209537 -0.00235654 -0.00129635 -0.00223145 -0.000658579 -0.00192657 -0.00191801 -0.00133636 -0.00227619 -0.00336883 -0.00473518 -2.79086e-05 -0.00308013 -0.00329529 -0.00130229 -0.00338799 -0.00154575 
-0.00130705 -0.00175934 -0.00274488 -0.00053193 -0.00163679 -0.00277346 -0.0021139 0.000170853 -0.000227125 -0.0015274 0.00183504 -0.00403659 -0.00234216 -0.00532183 -0.00414132 -0.0045775 -0.00480819 -0.00324601 -0.00490572 0.00172543 -0.00377236 -0.00245832 -0.00546071 -0.00610422 -0.00453701 -0.00534011 0.00379697 -0.0042693 -0.00115017 0.153843 -6.88476e-05 -0.00173663 -0.0011026 0.000260578 -0.000812158 -0.00114027 0.000404592 -0.00191612 -0.00108806 -0.00101464 -0.000483649 -0.00141286 -0.00129736 -0.000900759 -0.00149496 -0.000640297 -0.00218771 9.68808e-05 -0.000884565 -0.002315 -0.00175395 -0.00081811 -0.000398085 -0.00101399 -0.00135927 -0.00052595 -0.00253038 -0.000972243 -0.00182842 -0.00112668 -0.000449238 -0.00220412 -0.00280729 -0.00173943 -0.0022112 -0.00293799 -0.000720648 5.71986e-05 -0.000397377 -0.000583395 -0.000461946 -0.00200884 -0.000140893 -0.00193297 -0.00208108 -0.00178949 -0.000857823 -0.000503828 -0.00175345 -0.00132661 -0.00108753 -0.00185899 -0.00168375 -0.00196738 -0.00075528 0.000657519 0.000185434 -0.000184894 -0.00245996 -0.00235113 -0.000576986 -0.000351803 -0.0016517 -0.00166734 -0.000408489 -0.00125013 -0.00124818 -0.00142654 -0.00045807 -0.000821114 
-0.00150527 0.00039894 -0.00135616 -0.000516655 -0.00210752 -0.002152 -0.00168889 -0.000939974 -0.00203641 -6.60236e-05 0.000917087 -0.00116478 -0.000927047 -0.00257731 -0.00201767 -0.00282081 0.00190136 -0.00645739 -0.00729788 -0.0069498 -0.00354947 -0.00236334 -0.00237663 -0.00703546 -0.00582872 -0.00252594 0.00142174 -0.00517317 -0.00248184 -6.88476e-05 0.142967 0.00161738 -0.00126316 9.84769e-05 0.0022725 0.000610236 -0.0026699 -0.000391486 -0.000935656 -0.00277487 -0.000964208 -0.000676403 -0.000251918 -0.0016604 -0.0013194 -0.000342517 -0.00154834 -0.00151182 -0.000577759 -0.00167391 -0.00121401 -0.00227695 -0.00185708 -0.000582019 -0.00181892 -0.000448082 -0.00188872 -0.00225703 -0.00212736 -0.00122516 -0.00271038 -0.00115129 -7.98284e-05 -0.000596479 -0.000333395 -0.000893785 -0.00114999 -0.00107221 -0.00109624 -0.000360176 -0.00121746 -0.000408619 -0.00174321 -0.0013809 -0.00115974 -0.00212095 -0.00161167 -0.00101553 -0.00127391 -0.00261196 -0.00107246 -0.001331 -0.000839872 -0.00176237 -0.00144217 -0.000961949 -0.00105963 -0.000285674 -0.00107644 -0.00122141 -0.000611378 -0.000366816 -0.00250124 0.00030962 0.000557323 -0.00166847 -0.0011179 -0.000437639 -0.000128662 -0.00295708 
-0.00197247 -0.000990322 -0.000964846 -0.000900296 -0.000687441 -0.00138849 0.00053646 -0.00118577 -0.00226953 -0.00196525 -0.0016948 -0.00164023 -0.00104249 -0.00378196 -0.00518216 -0.00603632 -0.00174586 0.000449634 -0.00369709 -0.00247993 -0.00452434 -0.00832665 -0.00562071 -0.00340228 -0.00584875 -0.00433552 -0.00081263 0.000712901 -0.00398623 -0.00173663 0.00161738 0.139417 0.000292702 -0.00154691 -0.00198967 -0.00053701 -0.000360312 -0.00092604 -0.00191125 -0.000791332 -0.000948269 -0.00181647 -0.000180505 -0.000760046 -0.00130169 4.64603e-05 -0.00186912 -0.000801187 -0.00116882 -0.000452822 -0.00146009 -0.000706786 3.92382e-05 -0.000383398 -0.000735953 0.000118097 -0.000812222 -0.000587506 -0.003003 0.000420402 5.7155e-05 -0.00208388 -0.00171359 -0.00168702 -0.00133483 0.000179527 -0.00120503 -0.000494345 -0.000639742 -2.4165e-05 -0.00124874 -0.000302278 -0.001487 -0.00059238 -0.00111757 -0.00214046 -0.000742322 -0.00234169 -0.000200842 -0.000690966 3.16047e-05 -0.00124301 -0.00102924 0.000366911 -0.000596319 -0.00151261 -0.00259243 -0.00192025 0.000380514 -0.0012225 -0.000393069 -0.000147759 -0.00156731 -0.00243902 -0.00159944 -0.000964908 -0.00101813 -0.000145694 -0.000968576 -0.00198993 
-0.000328013 0.000765155 -0.00131497 -0.00172323 -0.000123653 -0.00121985 -0.000989091 -0.00079928 -0.00124048 -0.00156787 -0.000538483 -0.000132956 -0.00144509 -0.00319229 -0.00203874 -0.00216094 -0.00547528 -0.00645917 -0.00390282 -0.0018855 -0.000540417 0.000614881 -0.00437204 -0.00395386 -0.00697336 -0.00400859 0.00036157 -0.00126841 -0.00121574 -0.0011026 -0.00126316 0.000292702 0.107214 -0.000663655 -0.000364997 0.000386747 -0.00212439 -0.000851503 -0.000942923 -0.0015401 -0.00130214 -0.000413104 -0.000144512 -0.000800253 -0.00117957 -0.000994645 -0.000791886 -0.00123269 -0.000522103 -0.000606061 -0.000121088 -0.000725048 -0.000653183 6.11921e-05 -0.000294849 -0.000539972 0.000167371 -0.000686623 -0.00155339 -0.000539282 -0.000200921 -0.000635662 -0.00169059 -0.00128452 -0.000923245 -0.000553709 -0.000675787 -0.000684758 -0.00115217 -0.00152397 -0.000958685 -0.00061864 -0.000425739 -0.00181368 -0.000512517 -0.000611159 -0.00051969 -0.00197726 -0.00060835 -0.000407545 -0.000895425 -0.000507054 -0.000275756 -0.000602807 -0.000351897 -6.80934e-05 -0.000777484 -0.000282062 -0.000482155 -0.00141289 -0.000200717 -0.000236665 0.000247126 -0.00139408 -0.000340115 0.000387339 -0.00143901 -0.000453493 -0.00138545 -0.000790285 
