0.0813527 -0.000370336 -0.000819186 -0.000619201 0.000320507 -0.000783965 -0.000738742 -0.000746718 -0.0012917 -0.0017749 -0.00155217 -0.0014553 0.000520737 -0.00114793 -0.0031481 -0.000312465 -0.000648159 -0.00335892 -0.00477931 -0.000940985 -0.00121962 -0.00294449 -0.00332169 -0.00250321 -0.00248701 -0.0016946 -0.00153464 -0.000595196 -0.00105794 -0.000301788 -0.00209995 -0.00216159 -0.00108856 -0.00126311 -0.000852731 -0.00110063 -0.000418898 -0.000933201 -0.000182541 -0.000599666 -0.00112553 -0.000328039 -0.000280731 -0.000778572 0.000138387 -0.000488881 -0.000273735 1.34432e-05 -0.000859124 -0.000340477 -0.000483502 -0.00174722 0.000102233 -0.000679824 -0.000188256 -0.000800336 -0.000804444 -0.000286092 -0.000565461 -0.00139003 -0.000434665 -7.2784e-05 -0.00030082 -0.0010118 -0.00040096 -0.000534511 -0.000791258 0.000511665 -0.000940683 -2.19348e-06 -0.000641199 -0.000722683 -0.000311917 -0.000926089 -0.000469004 -9.15509e-05 -4.17242e-05 -0.000681168 -0.000717251 -8.8004e-05 -0.000496026 -0.000623293 -0.000563683 -0.00044701 -0.000391138 -0.000507884 -0.000712323 -0.000425921 -0.000991162 -0.000187806 -0.000824851 -0.000533825 -0.00048906 -0.000330329 -0.000781832 -0.000443264 -9.83014e-05 -5.05726e-06 -0.000603708 -5.35803e-05 
-0.000370336 0.103845 -0.000644197 -0.000452424 -0.00112526 0.000117815 -0.000595692 -0.000543941 -0.00109107 -0.000524708 -0.00123136 -0.000505273 -0.00146264 -0.00170133 -0.00346745 -0.00483421 -0.00193092 -0.00228323 -0.00390833 0.00183781 -0.00507524 -0.00222989 -0.00103675 -0.00533198 0.000544223 -0.00421014 -0.00219636 -0.00500031 -0.00128527 -0.000543815 -0.000458512 -0.00133303 -0.00191605 0.000741425 0.000541131 -0.000783048 -0.00182185 -0.000326164 -0.00130492 -0.00131033 -7.38975e-06 -0.00237511 -0.000582053 -0.000515321 -0.00143508 -0.000597789 -0.00106451 -0.00128899 -0.00102599 -0.000807422 -0.000280353 -0.00100716 -0.00175955 -0.00157268 -0.000906119 -0.000985724 0.000789611 -0.000632577 -0.000393979 -0.000877246 0.000181798 -0.00112767 -0.000616704 -0.00118269 -0.000951496 -0.000337766 -0.00173503 -0.000272445 -0.00105058 -0.000439537 0.000229169 -0.00106913 0.000356943 -0.000171877 0.000562846 -0.00075263 -0.00138715 -0.000246564 -0.00146184 -0.000466624 -0.000878188 -0.00056855 -0.00112101 2.3973e-06 -0.00111408 -0.000364988 -0.000213563 -0.00141885 -0.0017513 9.68088e-05 -0.00106488 -0.00125724 -0.000844395 -0.000571055 -0.00106729 -0.000241106 -0.000987299 -0.000223778 -0.000460904 -0.00147759 
-0.000819186 -0.000644197 0.0826217 0.000222265 -0.00132694 -0.000937953 -0.000215721 -0.000807268 -0.000826827 -0.000826027 -0.000806219 -0.00155238 -0.00093682 -0.000142434 -0.000830983 0.000628814 -0.000664352 -0.00256941 -0.00157623 -0.00482038 -0.000600305 -0.00388492 -0.00236743 -0.00333561 -0.00370049 -0.00109297 -0.000137728 -0.00140441 -0.00325018 -0.00143197 -0.00190598 -0.00135554 -0.000147804 -0.00134918 -0.000397138 -0.000681094 -0.000465788 -0.00141575 -0.000125925 -0.000978353 -0.000915116 -0.00171732 -0.00127603 -0.000498976 -0.000536686 -0.000478558 0.000548173 -0.000128875 -0.000848143 -0.00144719 -9.51509e-05 -0.000226313 -0.000225958 -0.000562321 -0.00041036 -0.000869453 -0.000355213 -0.00105863 -0.000458331 -0.000789609 -0.000565249 -0.000686797 -0.000566415 -0.000401545 -0.000567124 -0.000348484 -0.00010571 -0.000982234 -0.000507367 -2.3613e-05 -0.000371039 -0.000395007 0.000329619 -0.0012776 -0.000913628 -0.000916043 -0.000941377 -0.00114631 -0.000672991 -0.00111525 -0.000541458 -0.000831592 -0.000187973 -0.0005376 -7.95979e-06 -0.000540355 -0.000690809 -0.000450295 -7.87616e-05 -0.00064778 -0.000472316 -0.000543927 -0.000972238 -0.000624112 3.31084e-05 -0.000366124 -0.000309857 -0.000621907 -0.000163972 -6.07801e-05 
-0.000619201 -0.000452424 0.000222265 0.0803385 -0.000327474 -0.000578663 -0.00027263 -0.000545597 -0.000262873 -0.000569157 -0.000171457 -0.00254179 -0.000225964 -0.00163773 -1.4417e-05 -0.000752574 -0.00566131 -0.00169647 -0.00249735 -0.000435262 -0.00366414 -0.000697392 -0.0010925 -0.000865411 -0.00233213 -0.00451699 -0.000921475 -0.000852628 -0.00239027 -0.00270357 -0.00169059 -0.000999287 -0.0014085 -0.00112201 -0.000809179 -0.000555957 -0.000823977 0.000132915 0.000158949 -0.00066314 -0.00150821 -0.00100725 -0.000215766 -0.00140098 -0.000435913 -0.000408357 -0.000385871 4.45074e-05 -0.000766866 -0.000895513 -7.68174e-05 -0.000240778 -0.000697235 -0.000715259 -0.000553972 -0.000361166 -0.000634019 -0.000402241 -0.000442953 -0.00136736 -0.00055797 -0.000622532 -0.000475738 -0.000663492 -0.000486736 -8.94235e-05 -0.0014551 -0.000961201 -0.000181832 -0.00089168 -0.00107123 -0.0010215 -0.000372533 -0.000154873 4.0299e-05 4.25741e-05 2.48663e-05 -0.000929533 -0.00103925 -0.000927118 -0.000912475 -0.000883017 -0.000732592 -0.000883342 -0.00100028 -0.000529691 -0.000701037 -0.000215089 -0.00021892 -6.86886e-05 -0.000588461 -0.000166093 -0.00033545 -0.00073882 1.65894e-05 -0.000708287 0.000300605 -0.000246437 0.000508854 -0.0011125 
0.000320507 -0.00112526 -0.00132694 -0.000327474 0.0729774 -0.000786818 -0.000830265 -0.000339194 7.47102e-05 0.000212743 -0.0010197 -0.00128233 -0.00225592 -0.000972463 -0.00242935 -0.00146147 -0.00211953 -0.00273572 -0.000438834 0.000407794 -0.00231401 -0.00282994 -0.00120684 -0.00300702 -0.00386979 -0.000365409 -0.00197444 0.000507083 -0.00102084 -0.000260882 -0.00136228 -0.00131327 -0.000563845 -0.0010389 -0.000716406 -0.00121995 -0.0011398 -0.000219454 -0.000329298 -0.00163514 3.64622e-05 -0.000313304 -0.000217936 -6.34562e-05 -0.000137397 -0.000187598 -0.000337018 -0.000896705 -0.000374219 -0.00066229 -0.00108662 -5.28049e-05 -0.000489565 -0.000422572 -0.000334812 -0.000395917 -0.000640771 -0.000269971 -0.000204308 -0.000634354 -0.000755503 -0.00089458 -0.000140823 -0.000923442 -0.00036024 -0.000749197 -0.00110979 -0.000497042 -0.000576604 -0.000239019 -0.000704885 -0.000372813 -0.000642307 -0.000977893 -0.000699973 3.75393e-05 -0.00038429 -0.000527203 -0.000672562 -0.000570303 -0.000741627 -0.000233095 -0.000378298 -0.00064261 -0.00027786 -0.000641262 -0.000143674 -0.000788797 -0.000595712 -0.000218789 -0.000348699 -0.00066507 0.000261702 -0.000629187 -0.00124275 -0.000171292 -0.000291116 -0.000432846 -0.000784536 -0.000249811 
-0.000783965 0.000117815 -0.000937953 -0.000578663 -0.000786818 0.107254 -0.000170497 -0.00148123 0.000427951 -0.000119629 -0.00205965 -0.00285853 -0.0010705 -0.00217586 -0.00139043 -0.00268527 -0.00361906 -0.00111273 -0.00123581 -0.00110676 -0.0047067 -0.00163878 -0.00235515 0.00188075 0.000518983 -0.00382636 -0.00402908 -0.00186507 -0.00190839 8.47294e-06 -0.00286772 -0.00174628 -0.0013394 -0.00108884 -0.00175708 -0.000885241 -0.000859501 -0.00133943 -0.00198406 -0.000829217 -0.000702774 -0.00116978 -0.00143067 -0.00113633 -0.00157505 -0.000668861 -0.000964834 -0.00133618 -0.00167643 -0.00185592 7.35898e-05 -0.00133181 -0.000598915 -0.00155604 -0.00193884 -0.000470903 -0.00103882 -0.000150732 -0.000949171 -0.00190791 -0.00130649 2.10412e-05 -0.000815727 -0.00261211 -0.000665224 -0.000668782 -0.00176574 -0.000560322 -0.000316446 0.000144817 -0.000793387 -0.000780421 -0.00145767 -0.00150906 -0.000607521 -0.000421947 -0.00052336 -0.000416148 -0.00103794 -0.00100639 -0.000756876 -0.000995431 -0.000613389 -0.000759967 -0.00110752 -0.000138662 -0.00126876 -0.000967273 -0.00105336 -0.000903765 0.000592781 -0.000109522 -0.00102737 -0.000762681 0.000605503 -0.000555141 0.000470715 -0.00115581 -0.00128364 0.000267464 
-0.000738742 -0.000595692 -0.000215721 -0.00027263 -0.000830265 -0.000170497 0.110528 -6.93819e-05 -0.001795 -0.00263837 -0.000721923 -0.000112703 -0.00285175 -0.00101047 -0.00487581 -7.44649e-05 -0.00467246 -0.00263968 -0.00282241 -0.0022837 0.000766718 -0.0038232 -0.00253102 -0.00263451 -0.00315639 -0.00413 -0.00326414 -0.00285266 0.00011472 -0.000515426 -0.00224418 -0.0016071 -0.00123389 -0.00143523 -0.000929529 -0.00081327 -0.000787064 -0.000801895 -0.00102849 -0.000946146 -0.00218914 0.000133047 -0.000518698 -0.00102135 -0.00111865 -0.0016283 -0.000103568 -0.00147274 -0.000984582 -0.000699732 -0.000876499 -0.000777463 -0.00091162 -0.00177966 0.000430486 -0.00126086 -0.000240274 -0.000758483 0.000163682 0.000534186 0.000128036 -0.000316005 -0.000699684 -0.001221 -0.000806402 -0.000645905 0.000860914 -0.00111249 0.00018463 -0.00113354 -0.000945611 6.78229e-05 -0.000298566 -0.00210556 -0.00132911 -0.00111912 -0.000774642 -0.000174946 -8.56388e-05 -0.00110217 -0.00147578 -0.000407894 -0.00134422 -0.000328836 -0.00117593 -0.000227128 -0.00172623 -0.00108495 -0.000857935 -0.000881723 -0.000701449 -0.00110775 -0.000247093 -0.00107137 -0.000612353 -0.00164553 -0.00177627 -0.000289138 -0.000544168 -0.00206876 
-0.000746718 -0.000543941 -0.000807268 -0.000545597 -0.000339194 -0.00148123 -6.93819e-05 0.0933923 0.000789122 -7.97734e-05 -0.000992706 -0.00257634 -0.00141554 -0.00277845 -0.00319431 -0.00203211 -0.0038827 -0.00372929 -0.00505003 -0.000309767 -0.00172612 -0.00318761 -0.00293435 -0.00160314 -0.00237281 -0.00385755 -0.00165266 -0.000312144 -0.00180325 -0.00234036 -0.00127113 -0.00173939 -0.00116089 -0.00111667 0.000668375 -5.69494e-05 -0.000401926 -0.00075752 -0.000399202 -0.000813715 -0.000655359 -0.000513428 -0.000327554 -0.000780986 -0.000479127 -0.000734218 -0.000251976 -0.00113429 -0.000583915 -0.00115755 -0.000918911 -0.000366787 -0.00084114 -0.000341019 -0.00078504 -0.00105091 -0.000180948 -0.00132359 -0.00037116 -0.000570577 -0.000616663 -5.66038e-05 -0.000574271 0.000475033 -0.000207078 -0.000907569 -0.00121581 -0.00100275 0.000294737 -0.000708801 -0.00033306 -0.000424194 -3.05927e-05 0.000172971 -0.000749425 -8.45802e-05 -0.000189887 0.000303692 -0.000616097 -0.000114653 -0.0011365 -7.25624e-05 -0.000291353 -0.000912364 -0.000549993 -0.000871258 -0.000786817 -0.00102516 -0.000983442 0.000407831 -0.000883986 -0.000807039 -0.00090908 -0.000100577 -0.000843538 -0.000964895 -0.000489507 -0.000752311 -0.00156331 -0.00127809 
-0.0012917 -0.00109107 -0.000826827 -0.000262873 7.47102e-05 0.000427951 -0.001795 0.000789122 0.135849 -0.00149205 -0.00202573 -0.00130242 -0.00174842 -0.00368211 0.00137001 -0.00940794 0.00129023 -0.00667982 -0.00241277 -0.00452099 -0.00120265 -0.00170266 -0.0075611 -0.00235192 -0.00355773 -0.00519068 -0.00229143 8.11904e-05 -0.00400674 -0.00364675 -0.00099567 -0.00150586 -0.000740522 -0.000582743 -0.000726163 -0.00115534 -0.00209734 -0.00234644 -0.00146216 -0.00110008 -0.00123945 -0.00157453 -0.00203393 0.000150319 -0.0007581 -0.000409119 -0.000695937 -0.000707687 -0.0022758 -0.00113869 -0.000236511 -0.000474016 -0.0012975 -0.000718925 0.000240927 0.000984012 -0.00206177 -0.00136519 -0.000611011 -0.000850061 -0.00200574 -0.001308 -0.000702894 -0.00078062 -0.000146224 -0.00038304 -0.000580757 0.000191935 -0.000330078 0.000126561 -0.000366249 -0.00158762 -0.00096578 -0.000305062 -8.43128e-05 -0.000947509 -0.00030461 -0.00233787 -0.00135113 -0.00114682 -0.00111847 -0.000616165 0.000253936 -0.00129415 -0.002128 -0.00082325 -0.000648571 -0.00155021 -0.00101212 -0.0011238 -0.00211636 -0.00112471 -0.00158364 -0.000329353 -0.000511478 -0.00228734 -0.000694964 -0.00326175 -0.00137982 -0.00137955 
-0.0017749 -0.000524708 -0.000826027 -0.000569157 0.000212743 -0.000119629 -0.00263837 -7.97734e-05 -0.00149205 0.138913 -0.000252537 -0.000780835 -0.00355849 -0.00490469 -0.00452087 -0.00394344 -0.00593799 -0.00461423 -0.00545287 -0.00195846 -0.00282825 -0.0020531 -0.00232968 -0.00394948 -0.00405245 -0.00433883 -0.00212832 -0.00438404 0.000417555 -0.00407471 -0.00387815 -0.00089026 -0.000290317 -0.00167994 -0.00146433 -0.000824842 -0.00196786 -0.00113318 -0.000317952 0.000160486 -0.00151886 -0.00123357 -0.000759536 -0.000636255 -0.00128829 0.000193258 -0.00136361 0.000340773 -0.00125101 -0.00183551 -0.000698238 5.44132e-05 -0.00140741 -0.00067141 -0.000622981 -4.599e-05 -0.00197311 -0.00185372 -0.00172717 -0.00167515 -0.00109605 -0.00124923 -0.00111125 -0.00168468 -0.000951795 -0.000953025 -0.00072557 -0.000235011 -0.000521241 -0.00116763 -0.00333374 -0.00124187 -0.00174072 -0.000203585 -0.00229791 -0.000720259 -0.000681133 -0.00060446 -0.00104683 -0.000930344 -0.000522909 0.000399881 -0.00115143 -0.000666738 -0.00043423 0.000204294 -0.00070487 -0.000375521 -0.000929062 -0.00074199 -1.98709e-05 -0.00152053 -0.000832059 0.000772016 0.00064985 -0.00164283 -0.000700739 -0.00238462 0.000831799 -0.000929785 
-0.00155217 -0.00123136 -0.000806219 -0.000171457 -0.0010197 -0.00205965 -0.000721923 -0.000992706 -0.00202573 -0.000252537 0.148226 -0.00087624 -0.000381101 0.00107417 -0.00237583 -0.000829822 -0.00565838 -0.003523 0.000176545 -0.00467805 -0.000755733 -0.0020116 -0.00151587 -0.00251364 -0.00749446 -0.00327102 -0.00758646 -0.00340925 -0.00385574 -0.00105902 -0.00436724 -0.00222071 -0.00164296 -0.00211845 -0.00140313 -0.00207082 -0.00169948 -0.00334464 -0.00131286 -0.00161932 -0.00132957 -0.00130144 -0.0015947 -0.00165823 -0.000576637 -0.00121116 -0.000727114 -0.00127159 -0.000312639 -0.000195259 -0.000819339 -0.000918318 4.43447e-05 -0.00127252 -0.00212434 -0.000848923 -0.0016214 -0.00113118 0.000481203 -0.00096942 -0.00114875 -0.00156959 -0.000130243 -0.000894804 -0.0018084 -0.00057947 -0.00181547 -0.00202113 -0.000406627 -0.00160004 -0.00164456 -0.00195449 -0.00195071 -0.000625334 -0.0012867 -0.000889332 -0.000693726 -8.40353e-05 -0.000388319 -0.000564372 -0.000652166 -0.00103218 -0.00138615 -0.00094085 -0.00161736 -0.000127929 -0.00144988 -0.0012835 -0.00144543 -0.00135359 -0.000966119 -0.000796523 -0.00132819 -0.00248303 -0.00117036 -0.00191761 -0.000561838 -0.00135048 -0.0012433 -0.000528024 
-0.0014553 -0.000505273 -0.00155238 -0.00254179 -0.00128233 -0.00285853 -0.000112703 -0.00257634 -0.00130242 -0.000780835 -0.00087624 0.173901 -0.00428608 8.66071e-05 -0.00758078 0.00205978 0.00033762 -0.00618903 -0.00447226 -0.00663741 -0.00745702 -0.00466298 1.49483e-05 -0.00489321 -0.00705699 -0.00176875 -0.00320684 -0.00648183 -0.00419447 -0.00390295 -0.00222734 -4.48645e-05 -0.00227598 -0.00349951 -0.000452141 -0.000939088 -0.00214724 -0.00174659 -0.00117678 -0.0014204 0.00031354 -0.00018561 -0.002313 -0.0021493 -0.000507964 -0.00131689 0.000658227 -0.000311389 -0.000481829 -0.000918978 -0.00032249 -0.000206477 0.000186173 -0.00126123 0.00127801 -0.00160526 -0.00179502 -0.00209711 -0.00183864 -0.000770037 -0.00158684 -0.000913232 -0.000905549 -0.00159743 -0.00112262 -0.00212409 -0.000396044 -0.00127628 -0.00188429 -0.00248051 -0.00242733 -0.00175356 -0.00203847 -0.00276508 -0.000731496 -0.00187166 -0.000706714 -0.00223121 -0.00218179 1.87845e-05 -0.000944314 -0.00202294 -0.000611998 -0.00214851 -0.000970044 -0.00224167 -0.00150195 -0.000513749 -0.000341848 -0.000545459 -0.00212898 -0.00168852 -0.00125092 -0.00295085 0.00115533 -0.00170573 -0.00215929 -0.000532432 -0.00190678 -0.000204229 
0.000520737 -0.00146264 -0.00093682 -0.000225964 -0.00225592 -0.0010705 -0.00285175 -0.00141554 -0.00174842 -0.00355849 -0.000381101 -0.00428608 0.186092 0.000764561 0.000275905 0.00212872 -0.00646227 -0.00479377 -0.00729644 -0.0057193 0.00186683 -0.000823263 -0.0037952 -0.00780343 -0.00383122 -0.00104779 -5.42693e-05 -0.00616497 -0.00593935 -0.00258581 -0.00423285 -0.00527542 -0.00498841 0.00117739 -0.00390943 -0.00141341 -0.00293507 -0.000654112 -0.000799268 -0.00195387 -0.00176413 -0.000707011 -0.00261113 -0.00203412 -0.00175235 -0.000374429 -0.00136699 -0.000812615 -0.000745603 -0.00122052 -0.00238676 -0.00248948 -0.00143676 -0.0023268 -0.00296275 -0.00244452 -0.00327377 -0.00241958 -0.00147887 -0.00339812 -0.00202538 -0.000650609 -0.00114406 -0.00125078 -0.00128454 -0.00136741 -0.00147143 -0.0018088 -0.000476971 -0.00226444 -0.0017733 -0.00177467 -0.00279173 -0.000862561 -0.00181872 -0.00141906 -0.000331619 -0.000674009 -0.00148039 -0.00118971 -0.00115866 -0.00036053 -0.000885517 -0.000623036 -0.00167836 -0.00154868 -0.000148164 -0.000115373 -0.00219067 -0.00117737 -0.00324851 -0.00130445 -0.00250721 -0.000694314 -0.00106567 -0.00141243 -0.00203738 0.00022535 -0.0015682 -0.000788365 
-0.00114793 -0.00170133 -0.000142434 -0.00163773 -0.000972463 -0.00217586 -0.00101047 -0.00277845 -0.00368211 -0.00490469 0.00107417 8.66071e-05 0.000764561 0.203023 0.0039674 -0.00127792 -0.0024656 -0.00640009 -0.00771732 -0.0118994 0.00121917 -0.00323469 0.000796573 -0.0110337 -0.00246348 -0.0050709 -0.00173732 -0.00693829 -0.00491455 -0.00559889 -0.00577706 -0.00319556 -0.00277018 -0.00170274 0.000152393 -0.00286779 -0.00252498 -0.00183383 -0.00369108 -0.00329028 -0.000894576 -0.00219887 -0.00178305 -0.00118246 -0.0024457 -0.00473406 -0.0011932 -0.00147735 0.000126766 -0.00168673 -0.000182976 -0.0017156 -0.0012466 -0.0035116 -0.000906267 -0.0022764 -0.0015187 -0.0020337 -0.000836451 -0.00147668 -0.00171318 -0.00207592 -0.00220242 -0.00284176 -0.00254891 -0.00074477 -0.00145638 -0.00224838 -0.00229251 -0.00220714 -0.00143829 -0.00159896 -0.000969028 -0.00164573 -0.000453456 -0.00052925 -0.00147601 -0.000573003 0.000443365 -0.0023972 -0.00232301 -0.00176525 0.000399541 -0.000629363 -0.00132785 -0.00157101 -0.00251332 -0.00262214 -0.0001864 -0.00239961 -0.00033865 -0.00198375 0.000617795 0.000729261 -0.00184776 -0.00200298 -0.000874044 -0.00124184 -0.00334544 -0.00315533 
-0.0031481 -0.00346745 -0.000830983 -1.4417e-05 -0.00242935 -0.00139043 -0.00487581 -0.00319431 0.00137001 -0.00452087 -0.00237583 -0.00758078 0.000275905 0.0039674 0.218258 -0.00196296 -0.00609769 -0.00562913 -0.00308625 0.00250004 8.59127e-05 -0.000585089 -0.00712738 -0.00805339 -0.00849002 -0.00573257 -0.00927364 9.56489e-05 -0.00500161 -0.00966055 -0.00382444 -0.00147523 -0.00447482 -0.00167757 -0.0031772 -0.00216312 -2.63727e-05 0.000515755 -0.00231306 0.00101034 -0.00161518 -0.00155959 -0.000570161 -0.00278786 -0.00319102 -0.000513441 -0.000872972 -0.000140935 -0.00136426 -0.00345162 -0.00165475 -0.00217353 -0.00045586 -0.00331106 -0.00355854 -0.00201702 -0.00372624 -0.00238231 -0.00178482 -0.00253347 -0.00181667 -0.00216357 0.000490874 -0.000289229 -0.00146794 -0.000966685 -0.000789543 -0.00187533 -0.00337996 -0.00234022 -0.00115632 -0.00238503 -0.00162745 -0.00227123 -0.00109828 -0.000263958 -0.000956303 -0.0017136 -0.00166565 -0.00241136 -0.000195224 -0.002008 -0.00234882 0.000619164 -0.000708772 -0.0017992 -0.00337933 -0.00346386 -0.00168029 -0.00258251 -0.000183231 -4.57518e-05 -0.0021848 0.000756011 -0.00429516 -0.00292546 -0.00211582 -0.000778762 -0.00426113 -0.0010255 
-0.000312465 -0.00483421 0.000628814 -0.000752574 -0.00146147 -0.00268527 -7.44649e-05 -0.00203211 -0.00940794 -0.00394344 -0.000829822 0.00205978 0.00212872 -0.00127792 -0.00196296 0.230067 -0.00326597 -0.0117187 -0.0107051 -0.0060975 -0.00772512 0.00221124 -0.00695045 -0.008427 -0.0114978 0.0013057 -0.00301316 -0.00485912 -0.00850987 -0.00602277 -0.00308822 -0.00516577 -0.00111911 -0.00214146 -0.000655865 -0.00359802 -0.00245133 -0.00315573 -0.000934123 -0.00101836 0.000321691 -0.00157548 -0.0035827 -0.00378252 -0.00290819 -0.00137394 -0.000473754 -0.000571024 -0.00120844 -0.00196538 -0.0026851 -0.00301161 -0.000840238 -0.00197737 -0.0015921 -0.00171683 -0.00279491 -0.000833436 -0.00202783 -0.00151171 -0.000536505 -0.00060023 -0.00386472 -0.00273089 -0.000131419 -0.00177107 -0.00307033 -0.000925309 -0.00347157 -0.000527598 0.000411841 -0.00271012 0.000142959 -0.000223624 -0.00223594 -0.00300144 0.000156127 -0.00471948 -0.00290581 -0.00161767 -0.00287643 -0.00156011 -0.00193256 -0.000555347 -0.00136889 -7.65302e-05 -0.00158632 -0.00277152 0.00027634 -0.00068359 -0.00111886 -0.00180878 -0.00173927 -0.00232719 -0.000113514 -0.00329803 -0.000714407 -0.00114013 -0.00112645 0.000259525 
-0.000648159 -0.00193092 -0.000664352 -0.00566131 -0.00211953 -0.00361906 -0.00467246 -0.0038827 0.00129023 -0.00593799 -0.00565838 0.00033762 -0.00646227 -0.0024656 -0.00609769 -0.00326597 0.246128 -0.00168715 0.00151843 -0.00219899 -0.00914549 -0.0032994 -0.00979363 -0.00264855 -0.00559259 -0.010635 -0.0064453 0.00105812 -0.00664052 0.000649735 -0.00178643 -0.00197828 -0.000748053 0.000389226 -0.00142122 -0.00246052 -0.00534905 -0.0026818 -0.000175121 -0.00302904 -7.58462e-05 -0.00275721 -0.00401005 0.000969347 -0.00190765 -0.00131094 -0.00227053 -0.00338642 -0.00161061 -0.00373408 -0.00210335 -0.00368294 -0.00289242 -0.00158386 -0.0030577 -0.0011961 -0.0040007 -0.00250155 -0.000223656 -0.0018674 -0.00251994 -0.00225957 -0.0023767 0.00137718 0.000893845 -0.00311454 -0.00183926 -0.00349826 -0.00277201 0.000137948 -0.00191394 -0.000795399 -0.000788076 -0.001703 -0.00157065 -0.00335415 -0.00244365 -0.00279633 -0.00216284 -0.000451858 -0.00315073 -0.00246198 -0.00042016 -0.000538947 -0.00140542 -0.00240063 -0.00597165 -0.00120851 -0.00231303 -0.00361298 -0.00150033 -0.000561871 -0.00380089 -0.00286022 -0.0024938 -0.00115277 -0.00308033 -0.00398765 -0.00142309 0.000930762 
-0.00335892 -0.00228323 -0.00256941 -0.00169647 -0.00273572 -0.00111273 -0.00263968 -0.00372929 -0.00667982 -0.00461423 -0.003523 -0.00618903 -0.00479377 -0.00640009 -0.00562913 -0.0117187 -0.00168715 0.248965 0.00525256 -0.00451573 0.00117294 -0.00732077 -0.00321003 -0.000249651 -0.00470553 -0.00555074 -0.0101558 -0.0054185 -0.00548392 -0.00164948 -0.00282585 -0.00255897 -0.00321285 -0.0042899 -0.00218049 -0.00123286 -0.00213873 -0.00298083 -0.00151323 -0.00291198 -0.0046076 -0.000731669 -0.00266788 -0.00149293 0.000483057 -0.000943321 -0.00359313 -0.00510347 -0.0013701 -0.00264757 -0.000694525 -0.00230568 -0.00129043 -0.00376745 -0.00312348 -0.0030431 -0.000259939 -0.000992436 -0.00304423 -0.00162445 -0.00190285 -0.000138 -0.000557806 0.000279877 -0.00141601 -0.00188315 -0.00201979 -0.0032899 -0.0026297 -0.00299139 -0.00170361 0.0019639 -0.00146637 -0.00145786 -0.00290492 -0.00238793 -0.00104867 2.227e-06 -0.00204145 -0.00199727 -0.00306484 -0.000732131 -0.00187037 -0.00202356 -0.00299405 -0.00255861 -0.00164818 9.76111e-05 -0.00112023 -0.00102104 -0.004201 -0.00176384 -0.00210332 -0.000506007 -0.00263733 -0.00140188 -0.00312496 -0.00141653 -0.00253382 -0.00088926 
-0.00477931 -0.00390833 -0.00157623 -0.00249735 -0.000438834 -0.00123581 -0.00282241 -0.00505003 -0.00241277 -0.00545287 0.000176545 -0.00447226 -0.00729644 -0.00771732 -0.00308625 -0.0107051 0.00151843 0.00525256 0.249644 -0.00871938 -0.00326692 -0.00594837 -0.00169335 -0.00873319 -0.00544934 -0.0108013 -0.00710803 -0.00583968 -0.00533119 -0.00440355 -0.0045256 -0.00162009 -0.00227176 -0.00399872 -0.00376311 -0.0040735 -0.00120481 -0.00165986 -0.000376464 -0.00530732 -0.00397342 -0.0028776 -0.00066723 0.000231184 -0.000629704 -0.000172675 -0.00242005 -0.00270951 -0.00269 0.00102759 -3.18767e-05 -0.0015434 -0.000346556 -0.000597979 -0.000648558 -0.00054614 -0.000159701 -0.0014632 -0.00281956 -0.00153865 -0.00327816 -0.000684594 -0.00114273 -0.00237348 -0.000558951 -0.0023466 -0.00201934 -0.0018159 -0.000797978 4.63762e-05 -0.00313761 0.000446099 -0.000773008 -0.00241976 -0.00108367 -0.00222031 -0.00115177 -0.00304868 -0.00250716 -0.00183478 -0.000955476 -0.00208599 -0.00188982 -0.002142 -0.00304096 -0.0023766 -0.0046938 -0.00185868 -0.00133486 -0.00225791 -0.00217819 -0.00163413 -0.00202803 -0.00249062 -0.000335726 -0.00294103 -0.000364739 0.000763752 -0.00506724 -0.000853623 
-0.000940985 0.00183781 -0.00482038 -0.000435262 0.000407794 -0.00110676 -0.0022837 -0.000309767 -0.00452099 -0.00195846 -0.00467805 -0.00663741 -0.0057193 -0.0118994 0.00250004 -0.0060975 -0.00219899 -0.00451573 -0.00871938 0.249646 -0.00504516 -0.00389912 0.0051659 -0.000811451 0.00253873 -0.00673351 -0.0067189 -0.00842926 -0.00296881 -0.00911 -0.00094214 -0.00593063 -0.00530536 -0.00139524 -0.00274174 -0.000185557 -0.00210779 -0.00507445 -0.00370913 -0.0028813 -0.00172783 -0.00454221 -0.000316942 -0.00221886 -0.00563978 -0.00297573 -0.00280008 0.000284667 -0.00148771 -0.00010225 -0.00292681 -0.00181838 -0.00127582 -0.000316058 -0.00265709 -0.00243451 -0.000870584 -0.00536239 -0.00313707 -0.000172521 -0.0046452 -0.000423683 -0.00422036 -0.000900091 -0.00367501 -0.00131105 0.000271249 -0.00174298 -0.00265875 -0.0014075 -0.00182923 -0.000631741 -0.000223019 -0.00458561 -0.00363241 -0.00110381 -0.00308157 -0.00119395 -0.00344611 0.000162066 -0.000851853 -0.00235967 -0.00181059 -0.000453525 -0.0022653 -0.00137818 0.000529584 -0.00329715 -0.00160064 -0.0024575 -0.00247138 -0.000982258 -0.00195896 -0.00390891 -0.00321984 -0.00305307 -0.0021341 -0.00267801 0.000417021 -0.00255368 
-0.00121962 -0.00507524 -0.000600305 -0.00366414 -0.00231401 -0.0047067 0.000766718 -0.00172612 -0.00120265 -0.00282825 -0.000755733 -0.00745702 0.00186683 0.00121917 8.59127e-05 -0.00772512 -0.00914549 0.00117294 -0.00326692 -0.00504516 0.245582 -0.00496721 -0.00932361 0.00793017 0.00047951 0.000127505 -0.00417982 -0.00745686 -0.00630571 -0.00613127 -0.0117898 -0.00435973 -0.000572536 -0.0049199 -0.00272838 -0.00441649 0.000587853 -0.00273506 -0.00200673 -0.00153356 -0.00211501 -0.00144791 -0.00453513 -0.00339837 -0.000221155 -0.00407771 -0.00160875 7.84634e-05 -0.00364083 -0.00118451 -0.0030751 -0.00213324 -0.00285861 -0.00408677 -0.00233492 -0.000712009 -0.000423498 -0.00394674 -0.00328304 0.00151213 -0.00459218 -0.000783596 -0.00141992 -0.00145569 -0.00338223 -0.00151421 -0.000130751 -0.00214967 -0.00359607 -0.00131427 -0.000726761 -0.000653421 -0.00327473 -0.00277929 -0.000172866 -0.000594843 -0.00334482 -0.00419163 -0.000508431 -0.00320457 -0.00130073 -0.00170429 -0.00310973 -0.00291657 -0.000991357 -0.00106097 -0.00227171 -0.00298195 -0.00518187 -0.00228986 -0.00134618 -0.0016794 -0.00261326 -0.00117325 -0.00334501 -0.000229511 -0.00193432 -0.00277382 -0.00305461 -0.0044181 
-0.00294449 -0.00222989 -0.00388492 -0.000697392 -0.00282994 -0.00163878 -0.0038232 -0.00318761 -0.00170266 -0.0020531 -0.0020116 -0.00466298 -0.000823263 -0.00323469 -0.000585089 0.00221124 -0.0032994 -0.00732077 -0.00594837 -0.00389912 -0.00496721 0.246524 0.00117435 0.00312203 -0.00270788 0.00059568 -0.00814773 -0.00104939 -0.00203245 -0.00881625 -0.00330085 -0.00643136 -0.00702304 -0.00482591 -0.00320225 -0.00363913 -0.00311644 -0.00279915 0.00120891 -0.00195987 -0.00204761 -0.00065671 -0.00244334 -0.00364922 -0.00346667 -0.00330625 -0.00360646 -0.00081067 -0.00545262 -0.00504532 -0.00309907 -0.0038711 -0.00112679 0.000663616 -0.00243972 -0.00239435 -0.00399766 7.22088e-05 -0.00173694 -0.0012092 -0.000613841 -0.00308253 0.000133514 -0.00244646 -0.00286838 -0.00322161 0.000166363 -0.00299442 -0.00201247 -0.00322369 -0.00180514 -0.00290057 -0.00171765 0.000664993 -0.00100373 -0.00348511 -0.00120725 -0.000572827 -0.00293634 -0.00168849 -0.000689621 -0.00243666 -0.00184005 -0.0039131 -0.00351351 -0.00290254 -0.00188005 -0.0053013 -0.00298886 -0.00146061 0.000474218 -0.0027189 -0.00357039 -0.00368608 -0.00403966 -0.00313318 -0.0031336 -0.00173414 -0.00025606 0.00112393 
-0.00332169 -0.00103675 -0.00236743 -0.0010925 -0.00120684 -0.00235515 -0.00253102 -0.00293435 -0.0075611 -0.00232968 -0.00151587 1.49483e-05 -0.0037952 0.000796573 -0.00712738 -0.00695045 -0.00979363 -0.00321003 -0.00169335 0.0051659 -0.00932361 0.00117435 0.249774 -0.00196621 -0.00143775 -0.00144681 -0.00201058 -0.00784175 -0.00870768 -0.00566271 -0.00392004 -0.000146651 -0.00313939 -0.00559642 -0.00391759 -0.00345618 -0.00145398 -0.00125371 -0.00123257 -0.0040531 -0.00472462 -0.00136645 -0.00105476 -0.00199286 -0.000986356 -0.0033951 -0.00253382 -0.00254935 0.000725722 -0.0018983 -0.00335518 -0.00195531 -0.00271357 -0.0047731 -0.00291153 -0.00342927 -0.00119009 -0.00127263 -0.000860615 -0.00269218 -0.00435807 -0.00495269 -0.000847218 -0.00240822 -0.00202002 -0.00263027 -0.00342375 -0.00277434 -0.00130527 -0.00222241 -0.00201713 -0.0026831 -0.00152839 -0.00203819 -0.00175926 -0.00189069 -0.000747043 0.000438853 0.000543747 -0.00266205 -0.0034036 -0.00435769 -0.00310275 -0.0012012 -0.000881327 -0.00321261 -0.000155939 -0.00138006 -0.00142937 -0.00389304 -0.00294406 -0.00316517 -0.00273287 -0.000289737 -0.00166619 0.000469672 -0.00066397 -0.00390845 -0.00328768 -0.00211542 
-0.00250321 -0.00533198 -0.00333561 -0.000865411 -0.00300702 0.00188075 -0.00263451 -0.00160314 -0.00235192 -0.00394948 -0.00251364 -0.00489321 -0.00780343 -0.0110337 -0.00805339 -0.008427 -0.00264855 -0.000249651 -0.00873319 -0.000811451 0.00793017 0.00312203 -0.00196621 0.249092 -0.000561312 -0.00474592 -0.0103467 -0.00241203 -0.00484198 -0.00586581 -0.00890223 -0.0030957 -0.000172072 -0.00392839 -0.00532204 -0.00192961 -0.00469194 -0.00286556 -0.00160366 -0.0029608 -0.000333456 -0.00222808 -0.00372107 -0.00169825 -0.00161968 -0.00364454 -0.000658852 -0.00531756 -0.000875947 -0.00133573 -0.00241391 -0.00203208 0.000572545 -9.30832e-05 -0.00211343 -0.000264697 0.000771918 -0.00312074 -0.0029825 -0.00142177 -0.00315213 -0.00364157 -0.0020085 -0.00463529 -0.000974764 -0.000812193 -0.00278651 -0.00171174 -6.96328e-05 -0.000557105 -0.000890055 -0.00449971 -0.00498997 -0.00259019 -0.00289719 -0.00280027 -0.00167646 -0.00346492 -0.000632416 -0.0040256 -0.00180206 -0.00268161 -0.0022163 -0.000941359 -0.00186319 -0.000871659 -0.00239471 -0.000652264 -0.00400774 -0.00188321 -0.0004502 0.00034694 -0.00118584 -0.00090562 0.000522344 -0.00106227 -0.00328022 -0.00177911 -0.000588687 -0.00402 
-0.00248701 0.000544223 -0.00370049 -0.00233213 -0.00386979 0.000518983 -0.00315639 -0.00237281 -0.00355773 -0.00405245 -0.00749446 -0.00705699 -0.00383122 -0.00246348 -0.00849002 -0.0114978 -0.00559259 -0.00470553 -0.00544934 0.00253873 0.00047951 -0.00270788 -0.00143775 -0.000561312 0.248385 -0.00321127 -0.000394658 -0.00615397 -0.000726852 -0.00395513 -0.000161967 -0.00453683 -0.00413118 -0.00455211 -0.00162255 -0.000904688 -0.00232766 -0.00561938 -0.0022122 -0.000850443 -0.000581821 -0.0022796 -0.00156289 -0.00303246 -0.00237953 -0.00275159 -0.00405039 -0.00305359 -0.00136963 -0.000457419 0.000166144 -0.000916002 -0.00135765 -0.000822754 8.90418e-05 -0.00173004 -0.00139404 -0.000295158 -0.00180076 -0.00395471 -0.00235112 -0.000711052 -0.0011908 -0.00227441 -0.00262495 -0.00186136 -0.00519026 -0.00257595 -0.00060455 -0.00126831 -0.00251508 -0.00294387 -0.00455466 -0.0050631 -0.000866086 -0.0027056 -0.00364387 -0.0028451 -0.00300776 -0.00338847 -0.000919945 -0.0019713 -0.00273707 -0.0025728 -0.00260041 -0.00151341 -0.00178865 -0.00130358 -0.00262655 -0.00297302 -0.00327875 -0.00198512 -0.000854031 -0.00197223 -0.00208687 -0.0011665 -0.00188022 0.00226627 -0.00283425 -0.00376867 
-0.0016946 -0.00421014 -0.00109297 -0.00451699 -0.000365409 -0.00382636 -0.00413 -0.00385755 -0.00519068 -0.00433883 -0.00327102 -0.00176875 -0.00104779 -0.0050709 -0.00573257 0.0013057 -0.010635 -0.00555074 -0.0108013 -0.00673351 0.000127505 0.00059568 -0.00144681 -0.00474592 -0.00321127 0.227609 -0.00154632 -0.00275653 -0.00596187 -0.00211185 -0.00486422 -0.00150477 -0.00209706 -0.00293334 -0.0030832 -0.00362508 -0.00238218 -0.00129137 -0.00221871 -0.00124116 -0.00111257 -0.00244322 -0.00129875 -0.00233728 -0.000245744 0.000937129 -0.00159962 -0.00144228 -0.00023526 -0.00129743 -0.00348063 -0.000956112 0.000340616 -0.00153665 -0.000817596 -0.001254 -0.00242292 -0.00137134 -7.23854e-05 -0.00422524 0.000746554 -0.00250398 -0.000853204 -0.00102811 -0.00121423 -0.00318054 -0.000708149 -0.00210272 -0.00291622 -0.00331807 -0.00197253 -0.00299585 -0.00112497 -0.00143636 -0.00199349 -0.00301342 -0.00337482 -0.00182154 -0.000245352 -0.00226291 -0.00341554 0.00261404 -0.000396252 -0.00360658 0.000343169 -0.00222644 0.000657812 -0.0017987 -0.00179093 -0.00237623 -0.00227434 -0.003694 -0.00161769 -0.00267349 -0.00242824 -0.000769547 -0.00330955 -0.00136578 -0.00104298 -0.00341848 
-0.00153464 -0.00219636 -0.000137728 -0.000921475 -0.00197444 -0.00402908 -0.00326414 -0.00165266 -0.00229143 -0.00212832 -0.00758646 -0.00320684 -5.42693e-05 -0.00173732 -0.00927364 -0.00301316 -0.0064453 -0.0101558 -0.00710803 -0.0067189 -0.00417982 -0.00814773 -0.00201058 -0.0103467 -0.000394658 -0.00154632 0.212915 0.00044641 0.00156662 0.00171075 -0.00266782 0.00202255 -0.000436571 -0.00138779 -0.00195399 -0.000289905 -0.00261165 -0.00231412 -0.000684928 0.00169971 -0.00011482 -0.00370937 -0.000374628 -0.00219952 -0.0016424 -0.000991858 -0.000993091 -0.00345448 -0.00303722 -0.00141811 -0.001703 -0.000780985 -0.00223094 0.000162108 -0.000791456 -0.001719 -0.00285044 -4.40859e-05 -0.00106754 -0.00116585 -0.0011458 -0.000716917 -0.00247391 -0.00355986 -0.000322559 -0.000936717 -0.00224319 -0.00353086 -0.00208895 -0.00294546 -0.00116754 -0.00217618 -0.00134967 -0.00124363 -0.00171505 -0.00163856 -0.0033707 -0.00107121 -0.00101594 -0.00214949 -0.00348415 -0.00322919 0.00013931 -0.00228281 -0.00160042 -0.00124695 -0.0039345 -0.00402358 -0.00103002 -0.000840713 -0.000935872 -0.00108034 -0.00136727 -0.00181136 -0.000735505 -0.00326386 -0.000103313 -0.0029917 -0.00209653 -0.00305119 
-0.000595196 -0.00500031 -0.00140441 -0.000852628 0.000507083 -0.00186507 -0.00285266 -0.000312144 8.11904e-05 -0.00438404 -0.00340925 -0.00648183 -0.00616497 -0.00693829 9.56489e-05 -0.00485912 0.00105812 -0.0054185 -0.00583968 -0.00842926 -0.00745686 -0.00104939 -0.00784175 -0.00241203 -0.00615397 -0.00275653 0.00044641 0.201507 -0.00373698 -0.00205403 0.00024605 -0.000517223 -0.000345406 -0.00279028 -0.00234436 0.000644761 -0.00117835 -0.00334359 -0.00190639 -0.000752934 -0.00328028 -0.00177694 3.02272e-08 -0.00268582 -0.00201633 0.000256611 -0.00176584 -0.00152763 -0.00105908 -0.000446947 -0.00019691 -0.000172695 -0.00267993 -0.0033631 -0.00255949 1.7974e-05 -0.001666 -0.000851053 -0.00120044 -0.00394374 -0.000554386 -0.00243005 -0.00214893 -0.00309147 -0.000909458 -0.000524021 -0.00259376 -0.00344476 -0.000141089 -0.00193488 -0.00158963 -0.000542248 -0.00128933 -0.00195217 -0.000100313 -0.00153292 -0.00285255 -0.000998981 -0.00264267 -0.00117254 -0.000749696 -0.00222844 -0.00341298 -0.000599096 0.000748017 0.000298647 -0.00241353 -0.00366241 -0.00290197 -0.0004781 0.000918167 -0.000583272 -0.00160879 -0.00212526 -0.00028546 -0.000821712 -0.00357379 -0.000611789 -0.00279593 -0.0028879 
-0.00105794 -0.00128527 -0.00325018 -0.00239027 -0.00102084 -0.00190839 0.00011472 -0.00180325 -0.00400674 0.000417555 -0.00385574 -0.00419447 -0.00593935 -0.00491455 -0.00500161 -0.00850987 -0.00664052 -0.00548392 -0.00533119 -0.00296881 -0.00630571 -0.00203245 -0.00870768 -0.00484198 -0.000726852 -0.00596187 0.00156662 -0.00373698 0.178031 0.00132813 0.00112704 -0.00261258 -0.00284866 0.00076651 -0.00166999 -0.000518068 -8.95085e-05 -0.000317806 -0.00223948 -0.00213527 -0.00215377 -0.00161147 -0.00138847 -0.000384642 -0.000546248 -0.000924291 -0.00162562 -0.00282363 -0.000984122 -0.000466133 0.000164473 -0.00232677 -0.00242554 6.63186e-05 -0.00057375 -0.000483581 -0.00211481 -0.00187041 -3.37484e-06 -0.0016457 -0.00137022 -0.000311947 -0.00200722 -0.00104726 -0.00107432 -0.000386814 -0.00130065 -0.00136148 -0.00142171 -0.00147709 -0.00182544 5.26352e-05 -0.000786377 -0.00218393 -0.00289482 -0.000984192 -0.0017656 -0.00110719 -0.000224098 -0.00248267 -5.65545e-05 0.000781882 -0.00106793 -0.000944389 -0.000829878 -0.00133728 -0.00186113 -0.00138701 -0.000530909 -0.00156443 -1.01254e-05 -0.0017085 -0.00111048 -0.00212679 -0.000540065 -0.000818225 -0.000517172 -0.00128812 -0.000984299 -0.00106092 
-0.000301788 -0.000543815 -0.00143197 -0.00270357 -0.000260882 8.47294e-06 -0.000515426 -0.00234036 -0.00364675 -0.00407471 -0.00105902 -0.00390295 -0.00258581 -0.00559889 -0.00966055 -0.00602277 0.000649735 -0.00164948 -0.00440355 -0.00911 -0.00613127 -0.00881625 -0.00566271 -0.00586581 -0.00395513 -0.00211185 0.00171075 -0.00205403 0.00132813 0.165657 0.00183543 -0.00119615 -0.000283622 0.000457441 -0.00114551 0.00026431 6.94783e-05 -0.00175282 -0.00190828 -0.000820138 -0.000944683 -0.0018793 -0.00173234 -0.000685776 -0.000831236 -0.00101707 -0.00156325 -0.000140588 -0.00130916 -0.00190446 -0.00113619 -0.000824864 -3.73189e-05 -0.00146928 -0.000962405 -0.00166807 -0.00219995 -0.000943185 0.000356687 -0.00149017 0.000165636 -0.00112337 -0.00225692 -0.000307309 -0.00150394 -0.000831441 -0.0019786 -0.00169513 -0.00142559 -0.000760376 -0.000479334 -0.000691052 -0.000711716 0.000427161 -0.00168144 -0.00118951 -0.00139863 -0.00314921 -0.00299335 -0.000427519 -0.00209046 -0.000940399 -0.0023367 0.000555764 -0.00138203 -0.000791922 0.00053141 -0.000300241 -0.000954528 -0.00075322 -0.00132892 -0.00212545 -0.00165257 -0.00167072 -0.00175133 -0.00123514 -0.000826146 -0.00236838 -0.00170055 -0.000948706 
-0.00209995 -0.000458512 -0.00190598 -0.00169059 -0.00136228 -0.00286772 -0.00224418 -0.00127113 -0.00099567 -0.00387815 -0.00436724 -0.00222734 -0.00423285 -0.00577706 -0.00382444 -0.00308822 -0.00178643 -0.00282585 -0.0045256 -0.00094214 -0.0117898 -0.00330085 -0.00392004 -0.00890223 -0.000161967 -0.00486422 -0.00266782 0.00024605 0.00112704 0.00183543 0.154035 -0.000127795 -0.00139214 9.11494e-05 -0.000481468 -7.37043e-05 -0.000554609 -0.00337146 -0.00180705 -0.00128523 -0.00256719 0.000181725 -0.00131266 -0.00063625 -0.00117565 -0.000187715 -0.0031704 -0.000872275 -0.00192772 -0.00120541 -0.000687507 -0.00147757 -0.00198361 -0.00162624 3.8478e-06 -0.00107228 -0.00208377 7.34229e-05 -0.00183356 -0.000975333 -0.00016116 0.00038874 -0.00048118 -0.000370735 -0.000786195 -0.000494004 -0.00351016 -0.00185541 -0.000857311 -0.00131045 -0.000760437 -0.000780597 -0.00132392 -0.000126553 -0.00246959 -5.76385e-06 -0.000847718 -0.00225132 -0.00159223 -0.000136223 -0.00225388 -0.00182645 0.000312895 -0.00144578 -0.000413433 -0.00145765 -0.000848498 0.000588848 -0.000935448 0.00116397 -0.001075 -0.000842293 -0.000921043 -4.34902e-05 -0.00226511 0.000332125 -0.00207653 -3.96749e-05 -0.000462226 -0.00148592 
-0.00216159 -0.00133303 -0.00135554 -0.000999287 -0.00131327 -0.00174628 -0.0016071 -0.00173939 -0.00150586 -0.00089026 -0.00222071 -4.48645e-05 -0.00527542 -0.00319556 -0.00147523 -0.00516577 -0.00197828 -0.00255897 -0.00162009 -0.00593063 -0.00435973 -0.00643136 -0.000146651 -0.0030957 -0.00453683 -0.00150477 0.00202255 -0.000517223 -0.00261258 -0.00119615 -0.000127795 0.137829 6.1295e-05 -0.00139385 -0.000907274 0.000626457 -0.00131755 -0.000906747 -0.00116092 0.000584753 -0.00241013 0.000578464 0.000148493 -0.000625177 -0.00191476 -0.0021542 -0.000268737 -0.00166199 -0.00284679 -0.000782741 -0.00104332 -0.00185711 -0.00104991 -0.00176955 -0.000289914 -0.000961531 -0.000259581 -0.000797708 -0.00185425 -0.000176192 -0.00102805 -0.00137217 -0.0016312 -0.000398154 -0.000317373 -0.00132628 -0.00206855 -0.00085227 -0.000860355 -0.00187427 -0.00252831 -6.6176e-06 -0.000690637 -0.00112522 -0.000728774 -3.8885e-05 -0.00173892 -0.00145884 -0.00143842 -0.00155098 -0.00211531 -0.00164948 -0.000204733 -0.0010657 -0.00095055 -0.000613622 -0.000522253 -0.00165818 -0.000699872 -0.000559674 -0.00142096 -0.0014143 -0.000528372 0.000141371 -0.00196503 -0.00195691 -0.00167866 -0.00148517 -0.000280848 -0.00113291 
