0.0755869 -0.000700376 3.99415e-06 -0.000182997 -0.000787095 -0.000259043 -0.00179257 -0.000528744 -0.000978916 0.00021991 0.000530029 -0.00128012 -0.000762327 -0.00159139 -0.00301789 -0.0022879 -0.00148496 -0.00281419 -0.00360705 -0.000332073 -0.00194409 -0.00101813 -0.00286277 -0.00266326 0.00112609 -0.00296534 -0.000811246 0.000164597 -0.00164896 -0.0021326 -0.000363844 -0.00171834 -0.00148822 -0.00163384 -0.000765098 -0.000279745 -0.000802659 -0.000582295 -0.00019843 -0.00102116 -0.000622575 -0.00022677 -0.000786291 -0.000355123 -8.20625e-05 -0.000793242 -0.000618703 -0.00160593 -0.000477782 -0.000658942 -0.000867991 -0.000760876 -0.000485814 0.000242996 -0.000356421 -2.98627e-05 -0.000983335 -0.000299781 -0.000717195 -0.00096884 -3.5659e-05 0.000333654 -0.00100459 -0.000702342 -1.45164e-05 -0.000484768 -0.000445772 -8.01313e-05 0.000207637 -0.000546897 2.4585e-07 0.000138433 -0.000614975 -0.00139361 -0.000565063 -0.000868187 9.83484e-05 -0.00133977 -0.000541848 -8.62444e-05 -0.00141914 -0.000494445 8.94314e-05 -0.00158245 -0.000581251 -0.0011493 -0.00118092 -0.000328875 -0.000657036 -0.000163415 -0.000853942 -0.000684232 -0.000524711 -0.000568827 -0.00101467 0.000199088 0.000168634 0.000118569 -0.00053228 0.000236516 
-0.000700376 0.0795082 -3.03782e-06 -8.62044e-05 -0.000693291 -0.000464093 -0.000401985 -0.000942585 7.16738e-06 -0.000361049 -0.000988129 -0.00138865 -0.00097537 -0.00246038 0.000438863 0.0018725 -0.000916933 -0.000885195 -0.00342946 -0.00158129 -0.00298017 -0.00210041 -0.00321595 -0.00483571 -0.00217266 -0.00119307 -0.00286598 -0.000358205 4.26743e-06 -0.00256382 -0.000928972 -0.000243785 -0.00167616 -0.00175179 -0.00135839 -0.0009968 -0.00142617 -0.000972147 -0.000832876 -0.000609273 -0.000487553 -0.000886177 -0.000812368 -0.000701332 -0.000793549 -0.000343703 -0.00054512 -0.000627741 -8.68978e-05 0.000618934 -0.000108986 -0.000513669 0.000236093 -0.00144261 -0.00076246 -0.00114358 9.28041e-05 -0.000344472 -0.00128335 -0.000479138 -0.000416804 -0.000341074 -0.00053806 -0.000834433 -0.000225341 -0.000222263 -0.000793566 -0.000654759 -0.000766965 -0.000746173 -0.000883763 -0.00032672 -0.000458013 -0.00110468 -0.000540114 -0.00100023 -0.00109824 -0.000661365 -0.000224161 -0.000395893 -0.0015422 -0.000621021 -8.26502e-05 -0.000434243 0.000502468 -0.000840563 -0.000949122 -0.000202486 -0.000513718 -0.000605937 -0.00048336 -0.000324867 -0.000251874 0.000121845 -0.00119479 -0.000679793 -0.00102389 -0.000359219 -8.67164e-06 -0.000329029 
3.99415e-06 -3.03782e-06 0.101328 -0.000280689 -0.00092571 -0.00109242 -0.000824029 -0.000335965 -0.00107272 -0.00156285 0.000223465 -0.0003781 0.000351915 -0.00148142 -0.00326142 -0.00240477 -0.0010163 0.000932034 -0.0022325 0.000334325 -0.00172249 -0.00530207 -0.00276724 -0.0029842 -0.00205318 -0.00265111 -0.00195845 -0.00349432 -0.000734128 -0.00176304 -0.000160963 -0.00186947 -0.000961801 -0.00145893 -0.00169924 -0.000817328 -0.00194846 -0.00238043 -0.00174655 -0.000716701 -0.00182373 -0.000783764 -0.00112126 -0.000323496 -0.00071147 -0.00196775 -0.000433817 -0.00147358 5.93553e-05 -0.00091039 -0.000450414 -0.000845951 -0.000498237 -0.000879451 -0.00100415 -0.000911786 -0.000850918 -0.000870919 -0.000335676 -0.000480606 -0.000666498 -0.000903698 -0.000896476 -0.00121813 -0.000273946 -0.00147545 -0.000571547 -0.00113113 5.37152e-06 -0.00106429 -0.000734507 -0.00125187 0.000143446 -0.00153414 -0.00113202 -0.00119115 -0.00111826 -0.000169027 -0.000256904 -0.000698935 -0.00094133 -0.00057878 -0.000503303 -0.000837463 -0.00192711 -0.000947002 -0.000979475 0.000644253 -0.000734036 -0.00123809 -0.00080717 -2.81934e-05 -0.000845663 -0.00053165 -0.000364886 -0.000856018 -0.00148861 -0.000299171 -0.000602043 -0.000488403 
-0.000182997 -8.62044e-05 -0.000280689 0.0756171 0.000679391 -0.000961505 4.35717e-05 0.000146885 -0.000176748 -0.00147607 -0.00203825 -0.000830401 -0.00211859 -0.00124294 -0.00220115 -0.00213306 -0.00196582 -0.00282261 -0.0014034 -0.00128987 -0.0034247 -0.00296261 -0.0047959 -0.000709698 -0.000282262 -0.00131861 -0.00209574 -0.00120853 9.72346e-05 -0.000540825 -0.000959047 -0.00108408 -0.00124962 -0.00192445 -0.000621365 -0.000161124 -0.000504071 -0.00121765 -6.75104e-05 -0.000848407 -0.0010794 -0.000525629 -0.000156915 -0.000368023 -0.000771792 -0.000680048 -4.03546e-06 -0.000717713 -0.00081525 -0.00101277 -0.000626903 -0.000546761 -0.000492298 -0.0010923 -0.000274413 -0.000889553 -0.000502127 0.000200031 -0.00116463 -0.000605739 -0.000693114 -0.000112894 -0.00057018 -0.000493736 0.000462709 -0.000345582 -0.00061549 -0.000429942 -0.0011361 -0.00086544 -0.000577407 -0.000553145 -7.70093e-05 -0.000379915 -0.000433512 -0.000534916 0.000371177 -0.00094102 -0.000276759 -0.000506907 -0.00147225 -0.00057633 0.000483599 -3.81191e-05 -0.000368285 -0.000886984 -0.000498168 -0.00123878 -0.000519672 -0.000747953 -0.00105337 -0.000378633 -0.000119612 -0.000468459 -0.000706471 -0.000150802 -0.00028738 8.04616e-05 3.63889e-05 0.000348633 
-0.000787095 -0.000693291 -0.00092571 0.000679391 0.0805449 0.000699827 -0.000755962 -0.000257369 0.00055777 7.43762e-05 -0.00180715 -0.000736623 -0.000812476 -0.00145743 -0.00333253 -0.00120673 -0.00525463 -0.00134407 -0.00135946 -0.00202944 -0.00360436 0.000741913 -0.00365874 -0.0026477 -0.00193433 9.68981e-06 -0.0033875 -0.000197817 -0.000862611 -0.00192724 -0.00176983 -0.00196922 -0.000544052 -0.00156269 -0.000788366 -0.000882508 -0.000941555 -0.000548847 -0.000149648 -0.000585607 -0.00137824 -0.000816406 -0.000183532 -0.000138853 -0.000640742 -0.000555228 -0.000591169 -0.000544539 -0.000422055 -0.000669277 -0.000387036 0.000164865 0.00015205 -0.000863223 -0.000389102 -0.000359621 -0.00105488 -0.00101881 -0.000576596 -0.000214859 -0.000700291 -0.00048919 -0.000126075 -0.00106436 -0.000527294 -0.00037633 -0.000122291 -0.00106393 -0.000902813 -0.000743215 -0.000328671 -0.00131807 -0.000939722 -0.00101963 -0.000417293 -0.0001383 -0.000471996 -0.000477031 -0.000189059 -0.00143855 -0.00161118 -0.000285781 5.40508e-05 -0.00099034 -0.00044812 -0.00054993 -2.79307e-05 0.000122062 -0.00044525 -0.00124076 -0.000490882 -0.000605278 -0.000400229 0.000204922 -0.000514515 -0.000244113 -0.000718367 -0.000469528 -0.000750841 0.000168049 
-0.000259043 -0.000464093 -0.00109242 -0.000961505 0.000699827 0.105683 0.000150341 -0.00112782 0.00123654 -0.000506494 0.000476585 -0.00303763 -0.00437789 -0.00171106 -0.00155422 -0.00389666 -0.00500258 -0.00264269 0.000671669 -0.002158 -0.00340252 -0.0044775 -0.0033247 -0.000152104 -0.00231307 -4.11171e-06 -0.00158944 -0.00121156 -0.00160103 -0.00262379 -0.00193699 -0.00230964 -0.00103828 -6.04912e-05 -0.00216036 -0.000234745 -0.000705371 -0.0008649 -6.66269e-05 -0.00113121 -0.000935732 -0.00165689 -0.000102917 -0.000359798 5.39852e-05 -0.00091627 -0.000925296 -0.000635729 -0.000734956 -0.000898128 -0.00104882 -0.000639079 -0.00118251 -0.00138216 -0.000775201 0.000260487 0.000372201 -0.000683543 -0.00116424 -0.000314616 -0.000908497 -0.000910883 -0.000965291 -0.000622303 -0.000857573 -0.000359657 -0.00188327 -0.00142158 -0.000458308 0.000223404 -0.000921655 -0.00104872 -0.000592094 -0.000883449 -0.00113146 -0.00172546 -0.000761659 -0.000773164 -0.00137038 -0.00111729 -0.00214108 -0.00143634 -0.000323937 -0.000284794 -0.000536375 -0.00146857 -0.00127697 -0.00140606 -0.000577869 -0.000259188 -0.00132163 -0.00029185 -0.00139758 -0.000279087 -0.000602256 -4.05002e-05 -0.000841757 -0.000432 -0.000687211 -0.001154 
-0.00179257 -0.000401985 -0.000824029 4.35717e-05 -0.000755962 0.000150341 0.129507 0.00113777 -0.00142631 -0.001316 -0.000984028 0.00182121 -0.00385163 -0.00424995 -0.00314008 -0.00627285 0.000491002 0.00120083 -0.00390381 -0.00152712 -0.0027981 -0.003211 -0.00436358 -0.00536396 -0.00170234 -0.00139616 -4.00578e-05 -0.00451433 -0.000388188 0.000704019 -0.00222535 -0.00224943 -0.00181733 -0.00238277 -0.00136371 -0.001474 6.02813e-05 -0.00155292 -0.000134173 -0.000826982 -0.00169268 -0.00332199 -0.000192819 0.000504559 -0.000484372 -0.000628067 -0.000298042 -0.000768906 -0.00097213 -0.0029819 0.000121115 -0.00124424 -0.00100071 -0.00179622 -0.000888791 -0.000796582 -0.00140175 -0.00105024 -0.00280798 -0.000815008 -0.00162418 -0.00187384 -0.00165559 -0.000537834 -0.000770097 -0.000701034 -0.00146546 -0.00119933 -0.00100268 -0.00136494 -0.00021804 -0.00104882 -0.00117077 -0.000558415 -0.00131355 -0.000991678 7.98957e-05 -0.000567472 -0.00118306 -0.00271225 -0.00187327 -0.000558558 -0.00272099 -0.00101612 -0.000739041 -0.00035833 -0.00125828 -0.000726753 -0.00126787 0.000206277 -0.00129533 -0.000437088 -0.0015243 -0.000984514 -0.00139835 -0.000971941 -0.00264332 -0.000518372 -0.0010984 -0.00128476 
-0.000528744 -0.000942585 -0.000335965 0.000146885 -0.000257369 -0.00112782 0.00113777 0.0995035 -0.000259033 -0.000715354 -0.00108984 -0.00211065 0.000580688 -0.00438735 -0.00151959 -0.00376094 -0.00195724 -0.00322791 -0.00398213 -0.00333217 -0.00188909 -0.00221051 -0.000744526 -0.00577373 -0.00116364 -0.00281166 -0.00209646 -0.00206959 -0.00257437 -0.0016387 -0.00167425 -0.00140824 -0.00170906 -0.00135225 -0.000659183 -3.10285e-05 -0.000208742 -0.00157064 -0.000811352 -0.00108943 -0.000647718 -0.000143931 -0.000698887 -0.000505919 -0.0011297 0.000234894 7.00473e-06 -0.000247605 -0.000952243 -0.000758504 -0.000243811 -0.00118492 -0.000946915 -0.00191197 -0.000206633 -0.00165079 -0.000862329 -6.72509e-06 -0.00131843 -0.000447902 -0.000219582 0.000333668 -0.00116321 -0.000725924 -0.000762295 -0.000153514 -0.000698041 -0.000277401 -0.000587605 -0.000744181 -0.000643297 -0.000614088 -0.000850248 -3.67708e-05 -0.00117412 -0.000882293 -0.001139 -0.000771035 0.000534029 -0.00146855 -0.0011276 0.000123571 -0.000139061 -0.000978286 -0.00174302 -0.000935709 -0.000264908 -0.000256075 -0.000461496 -0.00110354 -0.000423341 -0.000712239 -0.000433277 -6.36137e-05 -0.00072802 -0.000535837 -0.00128046 -0.000171708 -0.000383068 -0.00106352 
-0.000978916 7.16738e-06 -0.00107272 -0.000176748 0.00055777 0.00123654 -0.00142631 -0.000259033 0.123436 -0.000830396 -0.00219032 0.000805795 0.00222175 -0.000959766 -0.00311221 0.00248529 -0.00605391 -0.000778175 -0.00310186 -0.00048218 -0.00710793 -0.00521136 -0.00827221 -0.00617371 -0.00254016 -0.0035212 -0.00294609 -0.00191309 -0.002751 -4.28109e-05 0.000246344 -0.00179948 -0.00308212 -0.0033301 -0.00157172 -0.00203395 -0.00219033 0.000702581 -0.00154741 -0.000423669 -0.00103296 -0.000566627 -0.000279832 -0.000674157 -0.000695123 -0.00180888 -0.00113094 -0.000492917 -0.00193023 -0.00154533 -0.000823807 -0.00075301 -0.00136095 -0.00220276 -0.00119622 -0.000645001 -0.00072444 -0.000639764 -0.000472827 -0.000971356 0.000140409 0.000278649 -0.000790045 -0.00155235 -0.00153158 -0.00150406 -0.000723144 -0.000698691 -0.000721409 0.000140315 -0.000744636 -0.00213134 -0.00101558 -0.000919693 -0.000401771 -0.00148693 -0.000679899 -0.000190561 -0.00157033 -0.000383003 -0.00145708 -0.00126125 -0.000139273 -0.000633294 -0.000201883 1.08666e-05 -0.000856406 -0.00117498 -0.00132158 -0.000374655 -0.000819677 -3.13809e-05 -0.0010461 -0.001014 -0.00088807 -0.00182743 -0.00181359 -0.00108521 -0.000973565 -0.000477313 
0.00021991 -0.000361049 -0.00156285 -0.00147607 7.43762e-05 -0.000506494 -0.001316 -0.000715354 -0.000830396 0.122539 -0.000775027 -0.000848918 0.00307895 -0.00602615 -0.00565148 -0.00590033 -0.0044838 -0.00306867 -0.00261395 -0.00355898 -0.0033635 -0.0023143 -0.00276562 -0.00646662 -0.000535682 -0.00176089 -0.0018376 -0.00235057 -0.00161562 -0.000629428 -0.00219932 -0.00264232 -0.0014649 -0.00134211 -0.00091846 -0.000457484 -0.00170573 -0.00138879 -0.000488648 -0.00209979 -0.00169036 -0.0017441 -0.00073384 -0.0011804 -0.000497981 -0.00154389 -0.000524886 -0.00059268 -0.00101307 -0.00150392 -0.00107688 -0.000900312 -0.00100554 -0.000596882 -0.000146412 0.000493363 -0.000859852 -0.00155406 -0.000389408 -0.000209557 -0.000294464 0.000222643 -0.000759241 -0.00114436 -0.00167101 -0.00010077 -0.000188293 -0.000436747 -0.00118944 0.000207507 -0.00086111 7.27777e-05 -0.000558181 0.000168487 -0.000392649 -0.00137049 -0.000811681 -0.000647241 -0.00163932 -0.000137776 -0.00190738 -0.000533567 -0.00112525 -0.000340257 -0.00113063 -0.000517123 -0.00115906 -0.00163843 -0.00104583 -0.00148231 -0.000534646 -0.00113166 -0.000728971 0.000476172 -0.000547565 -0.00124024 -0.00203303 -0.00120116 1.97261e-06 -0.00124882 
0.000530029 -0.000988129 0.000223465 -0.00203825 -0.00180715 0.000476585 -0.000984028 -0.00108984 -0.00219032 -0.000775027 0.138758 -0.000699822 -0.000493736 -0.000973114 -0.00422379 -0.0017351 -0.00128276 -0.00491427 -0.00882775 0.000962813 -0.00466132 -0.00894723 -0.0046143 -0.00356905 0.000808805 -0.00780529 -0.00362925 -0.00276095 -0.00260712 0.000456607 -0.000820264 -0.00120203 -0.00265049 -0.00211562 -0.00076526 -0.00164265 -0.00139047 -0.00189608 0.000239906 -0.00123563 -0.00102411 -0.00309185 -0.000861165 -0.000455596 -0.000812351 -0.00155166 -0.000626366 -0.00089617 -0.000540539 -0.00135047 -0.00118403 -0.00106507 -0.00142412 -0.00122552 -0.000829186 0.000154245 -0.00119619 -0.000996259 -0.00187237 -0.000731301 -0.000203582 -0.000696933 -0.000173804 -0.000467212 -0.00126316 -7.57776e-05 -0.0010958 -0.00208721 -0.00183482 -0.00111658 -0.00087751 -0.00122013 -0.000780994 -0.00230959 -0.000802454 -0.000355013 6.05198e-05 -0.00136619 -4.49565e-05 -0.00105708 -0.00146325 -0.000943264 -0.000148873 -0.00148276 -0.000560705 -0.00123716 -0.00185004 -0.000931207 -0.00075515 -0.00155256 -0.00142214 -0.000695022 -0.00104567 -0.00147612 0.000295696 -0.000258114 -0.000948592 0.000190342 -0.000815776 -0.000671435 
-0.00128012 -0.00138865 -0.0003781 -0.000830401 -0.000736623 -0.00303763 0.00182121 -0.00211065 0.000805795 -0.000848918 -0.000699822 0.18085 -0.0008384 0.00126114 -0.00222036 -0.00211788 -0.00116893 -0.00430899 -0.00301955 -0.00368268 -0.00763106 -0.00153203 -0.00640983 -0.00425791 -0.0066276 -0.00493974 -0.00666682 -0.0069726 -0.00288956 0.000517281 -0.00107488 -0.00311044 -0.000283094 -0.000831001 -0.00221221 -0.00108346 -0.00235343 -0.00149549 -0.00139639 -0.00195959 -0.00386758 -0.00159329 -0.00168605 -0.000503863 -0.000988069 -0.0012983 -0.00303648 -0.000639772 -0.00188017 -0.00151408 -0.000188747 -0.000914198 -0.00146635 -0.00295397 -0.00129841 -0.00208036 -0.00240986 -0.00196264 -0.00130137 -0.000855677 -0.0022812 -0.000148833 -0.0019742 -0.0030212 0.000615052 -0.00151266 -0.00106498 -0.000207206 -0.00132733 -0.00347612 -0.00110851 -0.000773977 -0.00180893 -0.00273441 -0.00078575 -0.000382977 -0.00101271 -0.00189288 -0.00308983 -0.000606909 -0.00163213 -0.00013025 -0.00225083 -0.00108818 -0.00103198 -0.00153175 -0.00244429 -0.00207219 -0.00168797 -0.00144881 -0.00296035 -0.00118143 -0.000889625 -0.00277067 -0.00121186 -0.00388203 -0.00210112 -0.00106813 -0.000208122 -0.000234113 
-0.000762327 -0.00097537 0.000351915 -0.00211859 -0.000812476 -0.00437789 -0.00385163 0.000580688 0.00222175 0.00307895 -0.000493736 -0.0008384 0.185172 0.000736042 -0.00440045 0.00201089 -0.00128137 -0.00430468 -0.00920875 -0.0026597 -0.00958834 -0.00682801 -0.00576373 -0.0152946 0.00401029 -0.00975746 -0.00745842 -0.00530357 -0.000318314 -0.000661528 -0.00342045 -0.00256501 -0.00101423 -0.00202964 -0.00183698 -0.00133763 -0.00143244 -0.0010072 -0.00263452 -0.000296372 -0.00218507 -0.0028263 -0.00269668 -0.00152791 -0.00300916 -0.00117077 -0.000676661 -0.00110395 -0.000669971 -0.00176875 -0.00285141 -6.6657e-05 -0.00263278 -0.000297566 -0.00207572 -0.00254586 -0.000454347 -0.00199921 -5.49253e-05 -0.0024349 -0.000846495 -0.000428748 -0.000599419 -0.00112835 -0.00184661 -4.99135e-05 -0.000442107 -0.00279783 -0.00173851 -0.000614341 -0.000595184 -0.000533456 -0.0002778 -0.00148785 0.000557821 -0.00148247 -0.000833585 -0.00138853 0.000393574 -0.00104383 -0.0019348 -0.00162819 -0.000976304 -0.00331711 -0.00325341 -0.000577925 -0.00196766 -0.00444192 -0.00162669 -0.00151914 -0.000988947 -0.00119614 -2.54553e-05 -0.00214238 -0.00146404 -0.000492849 -0.00194082 -0.00168728 -0.000803336 -0.00131252 
-0.00159139 -0.00246038 -0.00148142 -0.00124294 -0.00145743 -0.00171106 -0.00424995 -0.00438735 -0.000959766 -0.00602615 -0.000973114 0.00126114 0.000736042 0.204707 0.000396718 -0.00329285 -0.00263723 -0.00366434 0.000326708 -0.00117603 -0.00733221 -0.0123651 -0.00730573 -0.00537717 -0.00153536 -0.00434181 -0.00585068 -0.00627471 0.000916761 -0.00495616 -0.00445688 -0.00421495 -0.00299227 -0.00399052 -0.000431044 -0.00112772 -0.0024566 -0.00385669 -0.000125401 -0.00157292 -0.00145697 -0.00152887 -0.00104132 -0.00254056 -0.00118487 -0.00163777 -0.000838784 0.00034786 -0.00141898 -0.00189228 -0.000822284 -0.00111648 -0.00122416 -0.00048395 -0.00126761 -0.00275165 -0.00167551 -0.00104614 -0.00162304 -0.00121018 -0.00272576 -0.00175026 0.000429143 -0.00278042 -0.000806968 -0.00233005 -0.00290534 -0.000643903 -0.00316133 -0.00210356 0.000393278 -0.000872168 -0.00138906 -0.00263826 -0.000672804 -0.00169313 -0.00117123 -0.0013567 -0.00296606 -0.00157798 -0.00140603 -0.00113978 -0.00146876 -0.00218319 -0.00272888 -0.000889656 6.2596e-05 -0.00168693 -0.00167887 -0.00189541 -0.000835418 -0.000491799 -0.0022737 -0.00334096 -0.000829173 -0.00339841 -0.000200556 -0.00188523 0.000243937 -0.00330657 
-0.00301789 0.000438863 -0.00326142 -0.00220115 -0.00333253 -0.00155422 -0.00314008 -0.00151959 -0.00311221 -0.00565148 -0.00422379 -0.00222036 -0.00440045 0.000396718 0.239936 0.00171634 -0.010107 0.0026865 -0.00216708 -0.00211933 0.0017594 -0.00651621 -0.00577431 0.00128363 -0.00424245 0.00342812 -0.0056531 -0.00566136 -0.0047846 -0.00733105 -0.0078216 -0.00410251 -0.000549472 -0.00302704 -0.00331001 -0.00208444 -0.00159442 -0.002373 -0.00288582 -0.000713367 -0.00204532 -0.000314878 -0.00227557 -0.00307065 -0.000943297 0.00127364 -0.00143371 -0.00398142 -0.00152331 0.000680666 -0.00173739 -0.00200315 -0.00301902 -0.00138582 -0.00150472 -0.00197974 -0.00618392 -0.000925526 -0.00324222 -0.0027975 -0.00226366 0.000429129 -0.00383745 -0.00313676 -0.00204231 -0.00240498 -0.000566192 -0.00349762 -0.00274121 -0.00298682 -0.00173774 -0.00175724 -0.00320563 -0.000722878 -0.00177442 -0.00389224 -0.00275812 -0.00253945 -0.00107568 -0.00263653 -0.00316727 -0.00191287 -0.00341363 -0.00286767 -0.00298015 -0.00381782 -0.000850024 -0.00283162 -0.00198315 -0.00362775 -0.00249184 0.00041874 -0.000407362 -0.00284024 -0.00274282 -0.000973213 -0.00211014 -0.00301993 -0.00327655 -0.00273676 
-0.0022879 0.0018725 -0.00240477 -0.00213306 -0.00120673 -0.00389666 -0.00627285 -0.00376094 0.00248529 -0.00590033 -0.0017351 -0.00211788 0.00201089 -0.00329285 0.00171634 0.22067 -0.00350848 -0.00132368 -0.0127144 -0.00513618 -0.0089631 -0.0126592 -0.00345333 -0.00948344 -0.00359633 -0.00571705 -0.0132468 -0.00521264 -0.00777695 -0.00446785 -0.00341844 -0.00105612 -0.00565478 -0.00315472 -0.00410746 -0.00315792 0.000430542 -0.00225323 -0.000806106 -7.16786e-05 0.00132106 -0.00279636 0.000320154 -0.00166897 -0.0015762 -0.00162616 -0.00216892 -0.0024714 -0.00420058 -0.000536158 -0.0029954 -0.0010471 -0.000432119 0.000118457 -0.0015733 -0.00125236 -0.000142279 -0.00099168 -0.00155254 -0.00270274 -0.000612223 -0.0016546 9.59131e-05 -0.00188552 -0.00234577 -0.000241356 -0.000422146 -0.00270322 -0.000654721 -0.000225022 -0.00122829 -0.00315698 -0.00121492 -0.000613213 -0.00161478 -0.00135265 -0.00261086 -0.00101901 0.000685619 -2.56053e-05 0.00225692 -0.00183641 0.000504016 -0.00134684 -0.00225997 -0.000971187 0.000612053 -0.00412844 -0.00158952 -0.00123419 -0.00028433 -0.000969558 -0.00274288 -0.00144506 -0.00187922 -0.00108087 -0.000367037 -0.00134762 -0.00160082 -0.000752236 
-0.00148496 -0.000916933 -0.0010163 -0.00196582 -0.00525463 -0.00500258 0.000491002 -0.00195724 -0.00605391 -0.0044838 -0.00128276 -0.00116893 -0.00128137 -0.00263723 -0.010107 -0.00350848 0.249825 0.000950995 0.00285492 -0.00378606 -0.000321931 0.00265339 0.00115042 0.00170022 -0.00386976 -0.0164309 -0.0150808 -0.0047395 -0.00964059 -0.00642661 -0.00394797 -0.00612884 -0.00178342 0.000310038 7.76961e-05 -0.00283755 -0.00333414 -0.00376276 -0.00275819 -0.000540893 -0.000807167 -0.00529343 -0.0026322 -0.00168909 -0.00107056 -0.00259251 3.53691e-05 -0.0013838 -0.0027166 -0.00194225 -0.00367009 -0.000833356 0.00085904 -0.00209601 -0.00171352 -0.00298883 -0.00137604 -0.00264414 -0.002617 -0.00300052 -0.00166488 -0.00243547 -0.00165222 -0.00409272 -0.00232863 -0.00201461 -0.0045452 -0.00263283 -0.0020016 -0.00117136 -0.00262772 -0.0024247 -0.00394684 -0.00160805 0.00184406 -0.00357526 -0.000851675 -0.00121997 -0.00210458 -0.00431116 0.0018356 -0.0040206 -0.00333105 -0.00375044 0.000138089 -0.000768436 -0.0034386 -0.00202882 -0.00272769 -0.000291322 -0.0016639 -0.00268199 -0.00355392 -0.00189855 -0.00295121 -0.00241321 -0.00219803 -0.000409121 -0.00201703 -0.00279397 
-0.00281419 -0.000885195 0.000932034 -0.00282261 -0.00134407 -0.00264269 0.00120083 -0.00322791 -0.000778175 -0.00306867 -0.00491427 -0.00430899 -0.00430468 -0.00366434 0.0026865 -0.00132368 0.000950995 0.249581 -0.000572671 -0.00410882 -0.000119569 -0.00178695 0.00174636 -0.00325411 -0.0147776 -0.00424563 -0.0051003 -0.0103232 -0.00852236 -0.004866 -0.00322476 -0.00168089 -0.00453205 -0.00269323 -0.00575139 -0.00332317 -0.00514509 -0.00572336 -0.00239319 -0.00368826 -0.000567538 -0.00424958 -0.00335601 -0.000963364 -0.00237218 -0.00296467 -0.00269421 -0.000675626 0.000915921 -0.00147029 -0.00177133 -0.00208808 -0.00161846 -0.00193966 -0.003063 -0.0038683 -0.00368618 -0.00111727 -0.00162342 -0.00170003 -0.00385836 -0.000985022 -0.00278453 -0.0041806 -0.00214096 -0.00323297 -0.00281105 -0.00331456 -0.0029427 -0.00417111 -0.00089545 -0.00197873 -0.00124851 -0.000502533 -0.00330254 -0.00182928 -0.00243872 -0.00232358 -0.00338765 -0.00250949 -0.00249748 -0.00124774 -0.00391298 -0.000612827 -0.00148842 -0.000754114 0.00188119 -0.000728583 -0.0010261 -0.00143406 -0.0018249 -0.00283647 -0.00121335 -0.00213082 -0.00288669 -0.00104165 -0.00216803 -0.00289992 -0.00159818 -0.00303295 
-0.00360705 -0.00342946 -0.0022325 -0.0014034 -0.00135946 0.000671669 -0.00390381 -0.00398213 -0.00310186 -0.00261395 -0.00882775 -0.00301955 -0.00920875 0.000326708 -0.00216708 -0.0127144 0.00285492 -0.000572671 0.249997 -0.00451384 -0.00276208 -0.00112065 0.00407266 -0.0104539 -0.0175996 -0.001539 -0.00708696 -0.00398881 -0.00600666 -0.000766614 -0.00126894 -0.00493926 -0.00151927 -0.00150466 -0.00579034 -0.00500899 -0.00368762 0.000219349 -0.0010603 -0.00234993 -0.00138826 -0.000597578 -0.002587 -0.00121517 -0.00242823 -0.003429 -0.00310299 -0.000989524 0.00104291 -0.00148449 -0.00092864 -0.00212918 -0.00327024 -0.00400109 -0.00179467 0.00105917 -0.00244864 -0.00211289 -0.000757722 -0.00120621 -0.00309446 -0.00194942 -0.000372553 -0.00053757 -0.000891816 -0.00147801 -0.00267598 -0.00171058 9.97928e-06 -0.00251322 -0.00398298 -0.00301297 -0.00253643 -0.00128855 -0.00196691 -0.00170257 -0.000916024 -0.00121449 -0.00188661 -0.000410218 -0.00401488 -0.00365717 -0.00559566 -0.000689366 -0.001745 -0.0017087 -0.00236806 0.000266116 -0.00275502 0.000354835 -0.00288066 -0.00285152 -0.00285411 -0.00235215 -0.00276732 -0.00181001 -0.00229534 -0.00286717 -0.00157595 -0.000962707 
-0.000332073 -0.00158129 0.000334325 -0.00128987 -0.00202944 -0.002158 -0.00152712 -0.00333217 -0.00048218 -0.00355898 0.000962813 -0.00368268 -0.0026597 -0.00117603 -0.00211933 -0.00513618 -0.00378606 -0.00410882 -0.00451384 0.249948 -0.000452454 -0.00991037 -0.00861254 -0.00544453 -0.00218868 -0.0129345 -0.00794786 -0.00109332 -0.00551654 -0.00723961 -0.00291857 -0.00708203 -0.00222175 -0.00311837 -0.000387731 -0.00102716 0.000814482 -0.00412655 -0.000700452 -0.00209304 -0.00289854 -0.00208477 -0.00179436 -0.00116971 -0.000921807 -0.00232603 -0.0016407 -0.00258207 -0.00102679 -0.00186378 -0.00230912 -0.0023702 -0.00131524 -0.00315202 -0.000776959 -0.00267299 -0.00167249 -0.00110141 -0.0025151 -0.00355296 -0.0012203 0.000130307 -0.00202066 -0.00263331 -0.00342099 -0.00232665 -0.000940561 -0.00211915 0.000761235 -0.00116627 -0.00266474 -0.00317754 -0.00356354 -0.00262019 -0.00290124 -0.00189548 -0.00264314 -0.00169587 -0.00198335 -0.00118341 -0.00184553 -0.00144693 -0.00155424 -0.00154793 -0.0019819 -0.00183209 -0.00327313 -0.00324091 -0.00284482 -0.0001038 -0.00181005 0.000514341 -0.00222564 -0.00256221 -0.00299681 -0.00151814 -0.00245092 -0.00340855 -0.00407259 -0.00433635 
-0.00194409 -0.00298017 -0.00172249 -0.0034247 -0.00360436 -0.00340252 -0.0027981 -0.00188909 -0.00710793 -0.0033635 -0.00466132 -0.00763106 -0.00958834 -0.00733221 0.0017594 -0.0089631 -0.000321931 -0.000119569 -0.00276208 -0.000452454 0.249993 -0.00193032 -0.00333244 0.00112259 -0.00354567 -0.00653659 -0.00907402 -0.00572632 -0.00278657 -0.00218119 -0.00254746 -0.00523177 -0.00088406 0.00136238 -0.000876205 -0.00256705 -0.00266605 -0.00118519 -0.00311462 -0.000222656 -0.00344484 0.00132049 -0.00235703 -0.00232524 -0.00212235 -0.00151526 -0.00346723 -0.00479671 -0.00494652 -0.000327318 -0.00157149 -0.00161925 -0.00212225 0.0013669 -0.000939435 -0.00161454 -0.000613485 -0.00158458 -0.000647508 -0.0029238 -8.64599e-05 -0.00186826 -0.00399886 0.000287749 -0.00574615 -0.00166829 -0.00108422 -0.00149223 -0.00155238 -0.00368946 -0.00254922 0.00015441 -0.00370317 -0.00142339 -0.0020872 0.00112737 -0.00247246 -0.00218029 -0.00295221 -0.00329578 -0.00450706 -0.00305813 -0.00251725 -0.002809 -0.00280701 -0.0010802 -0.00452682 -0.0034206 -0.00102613 -0.00244316 -0.00528722 -0.000927243 -0.00145745 -0.00133391 -0.00225101 -0.000185103 -0.00150862 -0.00187485 -0.00249071 -0.00371679 
-0.00101813 -0.00210041 -0.00530207 -0.00296261 0.000741913 -0.0044775 -0.003211 -0.00221051 -0.00521136 -0.0023143 -0.00894723 -0.00153203 -0.00682801 -0.0123651 -0.00651621 -0.0126592 0.00265339 -0.00178695 -0.00112065 -0.00991037 -0.00193032 0.249902 -0.00894434 0.000914187 -0.010475 2.88349e-05 -0.00217953 -0.00696373 -0.00312608 -0.00407876 -0.00425364 -0.0021948 -0.00268125 -0.00236218 -0.000862818 -0.0025177 -0.00233192 0.000330425 -0.00217427 -0.00302214 -0.00249419 -0.00328719 -0.00243232 -0.00412087 0.000603178 -0.000550358 -0.00277177 -0.000654786 -0.00286488 -0.00125764 -0.000298148 5.60774e-05 -0.00216465 -0.000889219 -0.00367865 -0.00322277 -0.00265637 -0.00130596 0.00160991 -0.000930812 -0.00291096 -0.00115595 -0.00285385 -0.00252507 -0.00219989 -0.00146756 -0.000315148 0.00047101 -0.00286308 -0.00146391 -0.00122031 -0.000887479 -0.001976 -0.00102462 -0.00108908 -0.00327971 -0.00181068 -0.00204159 -0.00365543 -0.00360961 -0.00242125 -0.00224711 -0.00159151 -0.00273793 -0.00155419 -0.000243916 -0.000983718 -0.00178253 -0.00116098 -0.00226582 -0.00257808 -0.00327184 -9.10866e-05 -0.00199211 -0.00143805 -0.00213579 -0.00183344 -0.00176209 -0.000292728 -0.000424059 
-0.00286277 -0.00321595 -0.00276724 -0.0047959 -0.00365874 -0.0033247 -0.00436358 -0.000744526 -0.00827221 -0.00276562 -0.0046143 -0.00640983 -0.00576373 -0.00730573 -0.00577431 -0.00345333 0.00115042 0.00174636 0.00407266 -0.00861254 -0.00333244 -0.00894434 0.249869 0.00640848 -0.00667257 0.00105675 0.00219265 -0.0126595 -0.00976137 -0.00581129 -0.00712741 0.00114193 -0.00464556 -0.00140451 -0.000326346 -0.00066728 -0.0014903 -0.00248535 -0.00235795 -0.00472722 -0.000337787 -0.00405763 -0.00453851 -0.00217431 -0.00190352 -0.000208739 0.00147592 -0.00257371 -0.00114485 -0.00313421 -0.000958076 -0.00187431 -0.00174163 -0.000645506 -0.00267565 -0.00266083 -0.00353445 -0.0013321 -0.00165576 0.000356686 -0.00168491 -0.0053055 -3.08007e-05 -0.00181582 -0.00202783 -0.000908111 -0.00155182 -0.00345881 -0.00144803 -0.00225721 -0.00251534 0.00101239 -0.00375407 -0.00105981 -0.00211382 -0.00256599 -0.00222496 -0.00111174 -0.0021316 -0.000478706 -0.00228308 -0.00351585 -0.0015044 -0.00267593 -0.00462457 -0.00316224 -0.00251723 -0.00338913 -0.000976793 -0.00128783 -0.00168082 -0.00223468 -0.00129503 -0.00146105 -0.0017836 -0.00154811 -0.000538077 -0.00287592 -0.00144138 -0.00297275 
-0.00266326 -0.00483571 -0.0029842 -0.000709698 -0.0026477 -0.000152104 -0.00536396 -0.00577373 -0.00617371 -0.00646662 -0.00356905 -0.00425791 -0.0152946 -0.00537717 0.00128363 -0.00948344 0.00170022 -0.00325411 -0.0104539 -0.00544453 0.00112259 0.000914187 0.00640848 0.249675 -0.00415378 -0.00137316 0.000439708 -0.00441447 -0.00743805 -0.00741442 -0.00836966 -0.00368555 -0.00222584 -0.00301541 -0.00011589 -0.00227295 -0.00559648 -0.000596821 -0.00192141 -0.000937577 -0.00431014 0.000965766 -0.000532657 -0.00122021 -0.00304172 -0.00159387 -0.000464472 -0.0025903 -0.00493951 -0.00314403 -0.00328555 0.0010373 0.000178537 -0.00304721 -0.000742262 -0.00340776 -0.00146333 -0.00134583 -0.00374521 -0.00264965 -0.00232141 -0.0033614 -0.00266937 -0.00351465 -0.00271176 -0.000440425 -0.00225447 -0.00137999 -0.00351164 -0.00194728 0.000638782 -0.00121595 -0.000153849 -0.00256571 -0.00240091 -0.00250041 -0.00405083 -0.00250151 -0.00291496 -0.00187638 0.00238092 1.94583e-05 -0.00260377 -0.00109472 -0.00187329 -0.00168555 -0.00167725 1.28305e-05 -0.00229696 -0.00444921 -0.000301894 -0.00218695 -0.000768439 -0.00143033 -0.0013818 -0.000852777 -0.00151304 -0.00347525 -0.00142447 -0.00350806 
0.00112609 -0.00217266 -0.00205318 -0.000282262 -0.00193433 -0.00231307 -0.00170234 -0.00116364 -0.00254016 -0.000535682 0.000808805 -0.0066276 0.00401029 -0.00153536 -0.00424245 -0.00359633 -0.00386976 -0.0147776 -0.0175996 -0.00218868 -0.00354567 -0.010475 -0.00667257 -0.00415378 0.232821 -0.00851429 -0.00502576 -0.00147002 -0.000621129 -0.00578437 -0.00265705 -0.00292283 -0.00245844 -0.00455533 -0.000817152 -0.000705747 -0.00273754 -0.00147146 -0.00310551 -0.00100102 -0.00354749 -0.00268057 -0.00154295 -0.00327762 -0.00116353 -0.00105359 -0.00176651 -0.0039977 0.000470446 -0.00255799 -8.96115e-05 -0.00045933 -0.00176248 -0.000709526 -0.000516304 -0.00190739 -0.00285322 -0.0018187 -0.00366845 -0.00100931 -0.00123249 -0.0004846 -0.00410415 0.00132422 -0.00223447 -0.00131125 -0.00137743 -0.000618913 -0.00339894 -0.00100968 -0.00123105 -0.00110378 0.000920252 0.000111652 -0.00106416 -0.00106781 -0.0030922 -0.00347769 -0.0028728 -0.00443905 -0.00258008 0.000131971 -0.000600631 -0.0006305 -0.00303785 -0.00203837 -0.00204032 -0.00389593 -0.00265463 -0.00251846 -0.00198283 -0.00137745 -0.00249912 -0.000983405 -0.000838059 -0.00156807 -0.00137554 0.000672809 -0.00268996 -0.000754394 
-0.00296534 -0.00119307 -0.00265111 -0.00131861 9.68981e-06 -4.11171e-06 -0.00139616 -0.00281166 -0.0035212 -0.00176089 -0.00780529 -0.00493974 -0.00975746 -0.00434181 0.00342812 -0.00571705 -0.0164309 -0.00424563 -0.001539 -0.0129345 -0.00653659 2.88349e-05 0.00105675 -0.00137316 -0.00851429 0.240524 0.00210844 -0.0085934 -0.00167142 -0.00248465 -9.01947e-05 -0.00424429 -0.00254294 -0.0037499 -0.00474885 -0.00444482 -0.00489799 -0.000845217 -0.00243585 -0.0018623 -0.00210187 -8.14079e-05 -0.000968254 -0.00222728 -0.00126086 -0.00559819 -0.00207602 -0.00151865 -0.00255201 -0.00405934 -0.00198956 -0.00311963 -0.00407323 -0.000600853 -0.00333788 -0.00064374 0.000173756 -0.00129572 -0.00389348 -0.00186866 -0.00150895 -0.00162197 -0.00308972 -0.00281085 0.000233645 -0.00228158 -0.00134997 -2.50673e-05 -0.00288865 -0.0017046 -0.00107692 -0.00360754 -0.000495583 -0.00122814 -0.00244538 -0.000836654 -0.00398484 -4.84142e-06 -0.00218127 0.000479875 0.000640186 -0.00136135 -0.00268799 0.000407738 -2.01088e-05 -0.0029663 -0.00163125 -0.00257551 -0.00126482 -0.00227722 -0.000798759 -0.000596182 -6.97895e-05 -0.000119964 -0.00121816 -0.0026544 -0.00375118 -0.00198504 -0.00161214 -0.000722891 
-0.000811246 -0.00286598 -0.00195845 -0.00209574 -0.0033875 -0.00158944 -4.00578e-05 -0.00209646 -0.00294609 -0.0018376 -0.00362925 -0.00666682 -0.00745842 -0.00585068 -0.0056531 -0.0132468 -0.0150808 -0.0051003 -0.00708696 -0.00794786 -0.00907402 -0.00217953 0.00219265 0.000439708 -0.00502576 0.00210844 0.23542 -0.00534507 -0.000356391 -0.00401164 -0.00213378 0.00261833 -0.00082089 -0.000576852 -0.00206362 -0.00283434 0.00382493 -0.00321135 -0.00146294 -0.00202825 -0.00434123 0.000683976 -0.00259098 -0.00262213 -0.000712989 -0.00248436 -0.00306932 -0.000772172 -0.0067987 -0.00209326 -0.00193909 -0.000954609 -0.00102923 -0.00119156 -0.00196439 -0.00310571 -0.000578326 -0.000898148 -0.00427189 0.000340165 -0.00334206 -0.00134935 -0.00357887 0.000266757 -0.000552679 -0.00186924 0.000451317 -0.00209137 -0.00180334 -0.00229077 -0.00132192 -0.00116408 -0.00256888 -0.0013859 -0.0015144 -0.00176191 -0.00504476 -0.000505215 -0.00347369 -0.0034354 -0.00414067 -0.000216628 -0.0022389 7.6221e-05 -0.00159339 -0.00122065 -0.00287533 -0.0013934 -0.00258909 -0.000894712 -0.00265586 0.000441844 -0.00110198 0.00118052 -0.000764922 -0.0015246 -0.0016672 -0.00125583 -0.00269965 -0.00226623 
0.000164597 -0.000358205 -0.00349432 -0.00120853 -0.000197817 -0.00121156 -0.00451433 -0.00206959 -0.00191309 -0.00235057 -0.00276095 -0.0069726 -0.00530357 -0.00627471 -0.00566136 -0.00521264 -0.0047395 -0.0103232 -0.00398881 -0.00109332 -0.00572632 -0.00696373 -0.0126595 -0.00441447 -0.00147002 -0.0085934 -0.00534507 0.196979 -6.01748e-05 -0.000411153 0.00420377 -0.00115622 -0.00234988 -0.00246563 -0.00087722 -0.0030493 -0.00136052 -0.00195715 -0.00118859 -0.000640577 0.000631517 0.00116721 -0.00151285 -9.9813e-05 -0.000487544 -0.00133289 -0.000676813 -0.00193006 -0.00119235 -0.00288752 -0.00184131 -0.0042171 -0.00105253 -0.00281619 2.49614e-05 -0.000769196 0.000419734 0.000176823 -0.000526946 -0.000809273 3.36936e-05 -0.00142173 -0.00125483 -0.00099579 -0.00171937 -0.00186252 -0.00219955 -0.0028497 -0.000661114 -0.0013312 -0.00166664 -0.00134214 -0.001868 -0.00321152 -0.000622766 -0.00158053 0.000222477 -0.000837029 -0.000401797 -0.00174728 0.000362075 -0.00153997 -0.00182858 -0.00266824 -0.00210178 -0.0019707 -0.00192623 -0.000626491 8.30121e-05 -0.00056114 -0.00226595 -0.00166956 -0.00129471 -0.00214034 0.000965816 -0.000352297 -0.0015005 -0.000727096 -0.000907131 -0.00129054 
-0.00164896 4.26743e-06 -0.000734128 9.72346e-05 -0.000862611 -0.00160103 -0.000388188 -0.00257437 -0.002751 -0.00161562 -0.00260712 -0.00288956 -0.000318314 0.000916761 -0.0047846 -0.00777695 -0.00964059 -0.00852236 -0.00600666 -0.00551654 -0.00278657 -0.00312608 -0.00976137 -0.00743805 -0.000621129 -0.00167142 -0.000356391 -6.01748e-05 0.176075 -0.000580719 0.000816339 0.000159367 -0.00047195 -0.00257613 -0.00281683 -0.00152985 -0.00387042 0.000158454 -0.000685969 -0.00110309 -0.00223628 -0.00113628 -0.000976453 -0.00181596 -0.00138009 -0.00159127 -0.00153641 -0.000779669 -0.00321668 -0.00146608 0.000384945 -0.000866173 -0.000922114 -0.00140529 -0.000579858 -6.65019e-05 -0.000832615 -0.000536724 -0.00233744 -0.000628534 -0.00167893 -0.00193712 -1.106e-05 -0.00230266 -0.000766203 0.000408445 0.000739172 0.000709907 -0.00381122 3.78597e-06 -0.000250681 -0.000342494 -0.000900026 -0.00251715 -0.00125262 -0.00300645 0.000362325 -0.00116332 -0.00269487 -0.000900132 -0.00411187 -0.000503986 -0.0023766 -0.00112439 -0.00202422 -0.00233636 -0.00147592 -0.000183988 -0.00361918 -0.000624259 -0.0013823 -0.000945805 -0.00101236 -0.0016444 -0.00206692 -0.0012938 -0.00150189 -0.00240715 -0.00314444 0.000484099 
-0.0021326 -0.00256382 -0.00176304 -0.000540825 -0.00192724 -0.00262379 0.000704019 -0.0016387 -4.28109e-05 -0.000629428 0.000456607 0.000517281 -0.000661528 -0.00495616 -0.00733105 -0.00446785 -0.00642661 -0.004866 -0.000766614 -0.00723961 -0.00218119 -0.00407876 -0.00581129 -0.00741442 -0.00578437 -0.00248465 -0.00401164 -0.000411153 -0.000580719 0.183687 -0.00324085 -0.00236435 -0.000689983 -0.0018886 -0.00285228 -0.00322275 -0.00175198 -0.00125556 -0.000700852 -0.000392011 -0.00125362 -0.000424931 -0.00195331 -0.001706 -0.00289035 -0.0017745 -0.00154476 -0.000685064 -0.000784226 -0.00284117 -0.00184719 -0.000333043 -0.00156849 -0.00128328 -0.00104881 1.47404e-05 -0.000572137 -0.00200381 -0.00127037 -0.000872457 -0.00388748 -0.00144945 -0.000365498 0.000133279 0.000696887 -0.00225233 -0.00140121 -0.00285083 -0.00337313 -0.00207197 -0.00149725 -0.00100233 -0.00097773 -0.00124432 -0.00264387 -0.000854394 0.000320073 -0.00158146 0.000546824 -0.00108616 -0.0030845 0.000960344 -0.00212385 -0.000747933 -0.000851047 -0.000782473 -0.00203586 -0.00212988 -0.00162443 -0.000505904 -2.03437e-05 -0.000343012 -0.00256612 -0.00210858 -0.0009933 -0.00261928 -0.000849066 -0.00257344 -0.00306739 -0.00211903 
-0.000363844 -0.000928972 -0.000160963 -0.000959047 -0.00176983 -0.00193699 -0.00222535 -0.00167425 0.000246344 -0.00219932 -0.000820264 -0.00107488 -0.00342045 -0.00445688 -0.0078216 -0.00341844 -0.00394797 -0.00322476 -0.00126894 -0.00291857 -0.00254746 -0.00425364 -0.00712741 -0.00836966 -0.00265705 -9.01947e-05 -0.00213378 0.00420377 0.000816339 -0.00324085 0.148571 -0.00144721 -0.00235586 -0.00425497 -0.00137531 -0.000601036 -0.00177559 -0.00161648 -0.000229353 -0.000413398 -0.000262181 -0.00225179 -0.000881515 -2.49996e-05 -0.000986379 0.000311339 -0.00104767 -0.00071241 -0.00324142 -0.000467908 -0.00163021 -0.00240536 -0.000653282 -0.000760204 -0.00116652 -0.00116325 -0.00117731 -0.000744153 -0.000464897 -0.000326773 -0.000399824 -0.0020787 -0.000367739 -0.000924479 -0.000623358 -0.00242604 -0.00217321 -0.00110672 -0.00178394 -0.000894733 -0.00197845 -0.00200716 0.000329559 -0.00261759 -0.000341703 -0.00124566 -0.00109324 -0.000901514 -0.0016407 -0.000926328 1.16172e-05 -0.00119266 -0.000587908 -0.000181743 -0.000895624 -0.00164244 -0.000606109 -0.000648643 -0.000838878 7.82113e-05 -0.00166385 -0.00127715 -0.00122065 -0.00146683 -0.0010602 -0.000231259 -0.00274372 -0.000261333 -0.00159949 -0.00146936 
-0.00171834 -0.000243785 -0.00186947 -0.00108408 -0.00196922 -0.00230964 -0.00224943 -0.00140824 -0.00179948 -0.00264232 -0.00120203 -0.00311044 -0.00256501 -0.00421495 -0.00410251 -0.00105612 -0.00612884 -0.00168089 -0.00493926 -0.00708203 -0.00523177 -0.0021948 0.00114193 -0.00368555 -0.00292283 -0.00424429 0.00261833 -0.00115622 0.000159367 -0.00236435 -0.00144721 0.149666 -0.00131852 -0.000457736 4.68024e-05 -0.000963886 -0.000315243 -0.00204273 0.000215756 -0.00204015 -0.00155613 -0.00343465 -0.00166028 -0.00211868 -0.000836573 -0.00106106 -0.00124525 -0.000493366 -0.00116001 -0.00107163 -0.000976666 -0.000981369 -0.000715144 -0.00140637 -0.00135303 -0.00198722 -0.00104001 -0.000921259 -0.00106503 -8.63998e-05 -0.00132256 -0.00189043 -0.00225936 -0.000979609 -0.000935454 -0.000654941 -0.00146533 -0.000928249 -0.00156192 -0.000412312 0.000120684 -0.00215474 -0.00129607 -0.000436925 -0.00205933 -0.000444135 -0.000997219 -0.0014191 -0.00157962 -0.000820991 -0.00127211 -0.000608608 -0.000283162 -0.000871695 -0.00146314 -0.00119995 -0.000904548 -0.00245551 -0.00015233 -0.00174705 -0.00216595 -0.00103313 -0.00047119 -0.000273841 -0.00147014 -9.40304e-05 -0.00149525 -0.000504134 -0.00222972 -0.000723353 
