0.0787021 -0.00015277 -0.000554607 -0.000118438 0.000335465 3.9076e-05 -0.000770568 -0.000197754 -0.000133098 -0.000677142 -0.00128066 -0.000765601 -0.00173367 -0.00285226 -0.00194303 -0.00017193 -0.00424621 -0.0033991 -0.00200855 -0.00299528 -0.00201247 -0.000285925 -0.00360823 -0.000791175 -0.00301503 -0.00106533 -0.000163426 -0.000976957 0.00116013 -0.000467228 -0.000757546 0.000765531 0.000693789 -0.000840464 -0.00107249 7.29191e-05 0.000191426 -0.00127234 -0.00152823 -0.000627051 -3.33679e-05 -0.000878007 -0.000218181 -0.000748849 -0.000161034 -0.000829209 -0.000299066 -0.000666588 -0.000562327 -0.00011212 -1.31657e-06 -0.00055397 -0.000241351 -0.00104522 -0.000768804 -0.00108483 -0.00114233 -0.000556786 -0.000717078 -0.000725959 -0.000187315 3.70628e-05 -0.00112018 -3.88038e-05 -0.000398377 -0.000656123 -0.00147757 -0.00146473 -0.000826683 4.42374e-05 -0.0005259 -0.00110904 -0.000593476 -0.000880541 -0.000840182 -0.000458773 -0.00116588 -0.000608019 -0.00109782 -0.000806762 -0.000290805 9.54781e-05 -0.000985403 -0.000667811 -0.000561037 -0.000611164 -0.00107666 -0.000810077 -0.00077347 -0.000607071 -0.00103801 -0.000746172 -0.00162439 -0.000163278 -0.00110417 -0.000918188 -0.000517073 -0.000425953 -0.000445146 -0.000684242 
-0.00015277 0.07718 -5.54273e-05 -0.000950203 0.000110581 -0.000888698 -0.000317033 -0.000771285 -0.000617519 -0.000409907 -0.0023479 -0.00215758 -0.00122968 -0.000977035 -0.00375266 -0.00235619 -0.00553776 -0.000527207 0.000922784 -0.00190405 -0.00252293 -0.0047751 -0.00370735 0.00162616 -0.00323313 -0.00137619 0.000349729 -0.000350571 -0.00034379 -0.00133061 -0.00157357 -0.000814268 -0.00149717 -0.000198933 -9.73024e-05 -0.000797506 -6.22583e-05 -0.000400105 -0.00036958 -0.00144768 -0.000580111 9.15983e-05 -0.00067368 -0.000896789 -0.00109267 -0.000246775 -0.000735292 -0.000698747 -0.00024499 -0.000849709 -0.000611059 8.77093e-05 -0.000368481 -0.000622348 0.000161903 -0.000627572 -1.6778e-05 -0.00078238 2.75132e-05 -0.000372011 -0.000146269 -0.000565487 0.000101908 -0.000751229 -0.000569686 -0.000305821 0.000212642 -0.000494837 -0.000970018 -0.000734253 -0.00144069 -0.000637233 -0.000459889 4.83929e-05 -0.000274194 -0.000648229 -0.000112832 -0.00129303 -0.000530853 -0.000791836 -0.000462951 -0.000164725 -0.00127225 -0.000843016 -0.00023303 -0.00132153 -0.000558721 -0.000848987 -0.000324006 -0.000340028 -0.000192103 -0.000694463 -0.000418939 -0.000401412 -0.000751403 -0.00039179 -0.000573592 -0.000419503 -0.000975777 0.00026402 
-0.000554607 -5.54273e-05 0.074801 -0.00029506 0.000370911 0.000111167 0.000171388 7.09703e-05 -0.000574622 -0.00112248 -0.00188006 -0.00105256 0.000524281 -0.00232571 -0.00171201 -0.00245226 -0.00312838 -0.00367334 -0.00200281 -0.00306224 -0.00364215 -0.00249763 -0.0046018 -0.00327733 -0.000426273 -0.00133713 -0.00224988 -0.00255754 -0.000939738 -0.00258419 -0.00196848 -0.000452369 -0.000791204 -0.000303747 -0.00111715 -0.000481542 -0.000744214 -0.000312993 -9.43061e-05 -0.000325916 -0.00033945 -0.000448293 -0.00109742 -0.000750212 0.000108968 -0.000349124 -0.000418259 1.65676e-05 -0.000310699 -0.000768221 -0.000435654 0.000148302 -0.000509494 -0.000928927 -0.00054887 -7.4387e-05 -0.000145985 -0.000144146 -1.49098e-05 -0.000412976 -0.000453035 0.000531132 -0.000861128 0.000223318 -0.00043975 -0.000303593 8.06372e-05 -0.0009518 -0.000479691 -0.000763165 -0.000432094 -0.000222473 3.23135e-06 -0.000810522 -0.000401762 -0.000148086 2.59104e-05 0.000142175 -0.000927262 -2.68939e-05 -0.000307617 -0.000923002 -0.000196061 -0.000721894 -0.00075665 0.00055355 -3.80921e-07 -0.0004184 -0.000958774 -0.000550071 -0.000614744 -0.000275225 -0.000436214 -0.000645136 -0.000497454 -0.00095656 -0.000333005 -8.15346e-05 -0.00012824 0.000432858 
-0.000118438 -0.000950203 -0.00029506 0.0766496 2.09454e-05 -0.000389759 -0.000239445 0.000191573 -0.000265147 -0.000706875 -0.0020216 -0.00144041 -0.000978119 -0.00202479 -0.0017029 -0.00227301 -0.00184266 -0.00296143 -0.00208621 0.000271544 -0.000873766 -0.00204118 -0.00108638 -0.0016029 -0.00256383 -0.00217344 -0.00419042 -0.00280221 -0.00229548 -0.00271563 -0.00125447 -0.00202142 -0.00134641 -0.000213558 -0.000641267 -0.00149299 -0.00127822 -0.000506672 -0.000591605 -0.00109625 -0.000406465 -0.000705978 -0.000627451 -0.00100168 -0.000349597 -7.59351e-05 -0.000331075 -0.000831588 -0.000330609 -0.000578668 9.24086e-05 -0.00026432 -0.000775673 0.000123104 -0.00020481 -0.000320497 -0.000175708 -0.000917439 -0.000366793 0.000509159 -0.000301417 -0.000237077 -0.000578126 -0.000821597 -4.55468e-05 -0.000246054 -6.58226e-05 -0.00113329 -8.61275e-05 9.48949e-05 -0.000747591 -0.000359674 -0.000372117 -0.00122625 -0.000340347 -0.000641642 -0.00032328 -0.000777091 -0.000562469 -0.000405732 -0.000601569 -0.000728655 -0.000803771 -0.000415266 -0.000204817 -0.000312865 0.000132018 -0.000939725 7.78217e-05 -0.000665376 -0.000650295 0.000239007 1.23349e-05 -0.000191218 -0.000601829 -2.54481e-05 -0.000628263 -0.000184292 -0.000422961 -0.0004184 
0.000335465 0.000110581 0.000370911 2.09454e-05 0.0891846 -0.000792672 -0.00108065 -4.58341e-05 -0.00101264 -0.000253485 -0.0015849 -0.001912 -0.00151392 0.00213223 -0.000582042 -0.000652714 -0.00470083 -0.00374627 -0.00370708 -0.00304354 -4.4947e-07 -0.00394495 -0.00135177 -0.00484732 0.000658233 -0.00326319 -0.00358752 -0.00143888 -0.000632961 -0.00096569 -0.00267538 -0.00203677 0.000248452 -0.00093149 -0.000673432 -0.00105176 -0.000794362 -0.000237557 -0.000767688 -0.000464393 -0.000316501 -0.000695544 0.000135384 -0.000462085 4.6917e-05 -0.000106333 -0.000179741 -0.000439327 -0.000564977 -0.000355923 -0.000932758 -0.000558193 -3.51846e-05 -0.000664513 -0.000795433 -0.000251765 -4.36415e-05 0.000174585 -0.0020158 -0.000301863 -0.00111277 -0.000705696 0.000213346 -0.000495042 -0.000652412 7.52067e-05 -0.00118397 -0.000705058 -0.000776153 -0.00028784 -0.000862401 -0.000624259 -0.000991347 0.000283766 -0.000339028 -0.00092595 -0.000971988 -0.000959638 -0.00093088 0.000199878 -0.000983097 -0.000744931 -0.000861939 -0.000554994 -0.00162133 -0.00103574 -0.000873141 -0.00115292 -0.000489544 -0.000976299 -0.00126439 -0.000382377 -0.00153078 -0.00136189 -0.000906343 -0.00074524 -0.00065209 -0.00128467 -0.000743789 -0.000486791 
3.9076e-05 -0.000888698 0.000111167 -0.000389759 -0.000792672 0.0841063 -0.00128577 -0.000228665 -1.42126e-05 -0.000536271 -0.00158184 -0.00111272 -0.00245723 -0.0013665 -0.000207479 -0.00294177 -0.00485682 0.000473287 -0.00288948 -0.00380811 -0.00290579 -0.00359078 0.000239081 0.000696486 -0.00312208 -0.000505004 -0.00317965 -0.00189748 -0.000645583 -0.00168886 -0.00309669 -0.00043328 -0.000629784 -0.00133406 -0.000319426 -0.000319839 -0.000206664 0.000150632 -0.00130157 -0.00153007 1.32317e-05 -0.000139545 0.000124046 -0.000778014 -0.000425519 -0.00108636 -0.00122617 -0.000435225 -0.000526392 -0.00105495 0.0002315 -0.000419265 -0.000809928 -0.000504745 3.73765e-05 -0.000282749 2.49651e-05 -0.0010135 -0.000281766 -0.000403882 -0.000929367 -0.000116566 -0.00116502 -0.000216025 -0.000380266 -0.00109044 -0.000271006 -0.000896243 -0.000394802 -0.00100652 -0.000358314 0.000405178 -0.00134541 -0.000989061 -0.000425184 -0.00100837 -0.000508857 -0.00131102 -0.000190428 -0.000544887 -0.000571035 0.000212275 -0.000377434 -0.000812835 -0.00074151 -0.000575505 -0.000276163 -0.000807884 -0.000860512 -0.00108761 -0.000982345 -0.000238239 -0.000881608 8.86837e-05 -0.000802577 -0.000560727 -0.00107072 -0.000981023 -0.000646868 -7.82948e-05 
-0.000770568 -0.000317033 0.000171388 -0.000239445 -0.00108065 -0.00128577 0.107247 -0.00170985 -0.000358386 -0.000836674 -0.000930516 -0.00201194 -0.00236819 -0.0029069 -0.00520092 0.00155141 -0.00303528 -0.00500358 0.000944265 -0.00404516 -0.00109276 -0.00318723 -0.00303491 -0.00381247 -0.00137369 -0.00453065 -0.00288703 -0.00354397 -0.00165159 -0.00199084 -0.00155982 -0.00325283 0.000216679 -0.000463006 0.000726563 -0.00126725 -7.2969e-05 -0.00013661 -0.00131259 -0.00179614 -0.000415591 -0.0011534 -0.00157596 -0.00133682 -0.000279127 -0.00210311 -0.000730545 -0.00113579 -0.000411371 -0.000462997 -0.000673926 -0.000952831 -0.00112849 -0.000167322 4.1971e-05 -0.00141636 -0.000622825 -0.000243265 -0.0012783 -0.000344182 -0.00133356 -0.00111223 -0.000930613 -0.00111926 -0.00044222 -0.000409483 -0.00107294 -0.000942338 -0.000166787 -0.000680726 -0.000520911 0.000432765 -0.000705981 -0.00128285 -0.00113918 -0.00064156 -0.000949039 -0.000639271 -3.31972e-06 -0.00152207 -0.00013791 0.000110946 0.000644869 0.000399953 -2.68231e-05 0.000262783 -0.000421351 5.18887e-05 0.000463059 -0.00117209 -0.000699053 -0.000737589 -0.00116034 -0.000572933 -0.000660312 -0.00101012 -0.00229594 -0.00126056 -0.000405407 -0.00159132 
-0.000197754 -0.000771285 7.09703e-05 0.000191573 -4.58341e-05 -0.000228665 -0.00170985 0.101141 -0.00149189 -0.0011769 -0.00233922 -0.00125903 -0.00152019 -0.00267089 -0.00347202 0.000380809 -0.00692765 0.000597766 -0.00476089 -0.0023167 -0.00279463 -0.00369149 -0.000548707 -0.00289571 -0.00193997 -0.00251333 -0.00448034 -0.00135053 -0.00178722 -0.00183835 -0.0027343 -0.0016336 -0.000811 -0.00079639 -0.00118801 -0.00139899 -0.000502698 -0.000882413 0.000172826 -0.000534186 -1.80615e-05 -5.14819e-05 -0.000620921 -0.00105864 0.000810695 0.00011777 -0.00127375 0.000245392 -0.000201594 7.61588e-05 -0.000746319 -0.00106472 -0.000378867 -0.000772354 -0.0007074 -0.00113337 -0.000488519 -0.000310279 0.000113096 -0.0013057 -0.00137502 -0.000310336 -0.00141032 -0.000955877 -0.000454575 -0.00116785 -0.000977106 -0.000702639 -0.000106102 0.000149529 -0.000925748 -0.000766401 -0.000152554 -0.00110874 -6.36064e-06 -0.000276923 -0.000855437 -0.00188383 -0.000772788 -0.00112955 -0.000368403 -0.000652484 -0.00128717 0.00011467 -0.00101475 -0.00113568 -0.000419845 -0.00148913 -0.00103827 -0.000410391 -0.0013613 -0.000347699 -0.00068142 -0.000370608 -0.000555467 -7.98228e-05 -0.0010918 -0.000272053 -0.000185338 -0.000740118 
-0.000133098 -0.000617519 -0.000574622 -0.000265147 -0.00101264 -1.42126e-05 -0.000358386 -0.00149189 0.118615 5.99748e-05 0.000819169 -0.00036295 -0.000751942 0.000207855 -0.00803339 -0.00290578 -0.00444097 -0.00173418 -0.00126404 -0.00171172 -0.00381169 -0.00268596 -0.00420116 -0.00212106 -0.0033161 -0.00159111 -0.000790423 -0.00405776 -0.00370778 -0.00280579 -0.00425813 0.000615887 -0.00148926 -0.00242886 -0.00135546 -0.00121449 -9.11817e-05 -0.000317537 -0.000978664 -0.000338301 -0.000439738 -0.000995463 -0.00254656 -0.00241402 -0.000187491 -0.00157965 -0.000729281 -0.00172275 6.75467e-05 -0.000334133 -0.000161326 0.000578132 -0.000220768 -0.00077407 9.42499e-05 -0.000174432 -0.000970667 -0.00101979 -0.00170515 -0.0007897 0.000630528 -0.000616565 -0.000726912 -0.0011152 -0.00101946 -0.000601303 -0.000110514 -0.00204461 -0.000643353 -0.00177582 -0.00102796 -0.00182476 -0.000907101 -0.000432208 -0.000574791 -0.000298994 -0.00097506 -0.00236834 0.000193206 -0.00204915 -0.000373576 0.000105866 0.000339331 -0.00160066 -0.00102614 -0.00113108 -0.000201375 -0.00143147 -0.000379189 0.000308037 -0.00131457 -0.000704433 -0.00113587 0.00016796 -0.00221946 -0.00211452 -0.0028775 -0.00048644 -0.00107626 -0.00161957 
-0.000677142 -0.000409907 -0.00112248 -0.000706875 -0.000253485 -0.000536271 -0.000836674 -0.0011769 5.99748e-05 0.13641 -0.00356767 0.00240762 -0.00104244 0.000540833 -0.00830363 -0.00373961 -0.00505296 -0.000528001 -0.00114497 0.000756798 0.000807709 0.000788362 -0.00412949 -0.00618086 -0.00558714 -0.00514644 -0.00462989 -0.00196399 -0.00474773 -0.00310218 -0.000270858 -0.00272552 -0.00158322 -0.00111398 -0.00259277 -0.00227293 -0.0016043 -0.00121004 -0.000311809 -0.00087222 -0.000562607 -0.00212894 -0.00208866 -0.00208131 -0.000553178 -0.00229663 -0.000385561 -0.00209471 9.61099e-05 -0.00131576 -0.00203002 -0.00218777 -5.86153e-05 2.94345e-05 -0.000330847 3.17685e-05 -0.000186433 -0.00022764 -0.000534661 -0.000269095 -0.0019529 -0.000905737 0.00116651 -0.00145216 -0.000359419 4.13238e-05 -0.000942265 -0.000713502 -0.000189192 -0.00150614 -0.00142536 -0.00228598 -0.0012349 0.00110294 -0.000672366 -0.00112956 -0.00204697 -0.000388629 -0.00272844 -0.000335923 -0.000909385 -0.000624416 -0.000429708 -0.000972161 -0.000767249 -0.00109142 -0.00194227 -0.00126764 -0.000691262 -0.00180677 -0.00131942 -0.00275925 -0.000278806 -0.00147864 -0.00139485 -0.00238342 -0.00227892 -0.000810069 -0.0017092 -0.000578674 
-0.00128066 -0.0023479 -0.00188006 -0.0020216 -0.0015849 -0.00158184 -0.000930516 -0.00233922 0.000819169 -0.00356767 0.155576 7.93682e-05 -0.00174501 0.00210444 0.00185682 -0.00746373 -0.00248987 -0.00217886 -0.00481054 -0.00406905 -0.00269781 -0.00350047 0.000145771 -0.00507355 -0.00324184 -0.00293071 -0.00487397 -0.0051366 -0.00366163 -0.00258698 -0.0043161 -0.00247387 -0.00227838 -0.00182422 0.000506195 -0.00231987 -0.000645999 0.000695761 -0.00142149 -0.00101255 -0.00154852 -0.000839 -0.00326494 -0.00172896 0.000256021 0.00040644 -0.000536028 -0.000475566 -0.000325038 -1.92006e-06 -0.00168416 -0.00155091 -0.00161103 -0.000604379 -0.001191 -0.00158634 -0.000683539 -0.000828483 -0.00168764 -0.00101517 -0.0017867 -0.000867914 -0.0011398 -0.000869869 -0.00236614 -0.00111263 -0.00235146 -0.00118041 -0.0016398 -0.00216551 -0.00145944 -0.000230114 -0.00066936 -0.00135998 -0.00158076 -0.000233494 -0.00012748 -0.00341885 -7.19652e-05 -0.00114552 -0.000678406 -0.000663612 -0.00119385 -0.00250695 -0.00138853 -0.00169327 -0.000407471 0.000535296 -0.000744742 -0.00156142 -0.000776025 -0.00163481 -0.00236535 -0.00176509 -0.0011134 -0.0021052 -0.00206502 -0.000999924 0.000168547 -0.00225905 
-0.000765601 -0.00215758 -0.00105256 -0.00144041 -0.001912 -0.00111272 -0.00201194 -0.00125903 -0.00036295 0.00240762 7.93682e-05 0.155655 -0.00209252 -0.0064116 -0.00115057 -0.00881846 0.00229747 -0.00406345 -0.0069294 -0.00275222 -0.00346032 -0.00144886 -0.00830369 -0.00488275 -0.006837 -0.00766577 -0.00442609 -0.00322073 -0.00119672 -0.00230546 -0.000473882 -0.00155901 -0.00181052 -0.00117931 -0.00180892 -0.000204186 0.0010173 -0.00144401 -0.00145372 -0.000550284 9.34636e-05 -0.00110573 -0.00186215 -0.000753433 -0.00100248 -0.0026633 9.33871e-05 -0.00141207 -0.0010442 -0.000776309 -0.000914729 -0.00196954 0.000878677 -0.00103598 -0.000615575 -0.000174737 0.000525234 -0.00169838 -0.000945721 -0.00108024 -0.00189898 -0.000164945 -0.00167015 -0.000478222 0.000401659 -0.00148045 -0.000633796 -0.00225407 -0.000661111 -0.00224712 -0.00137676 -0.000613415 -6.44606e-05 -0.00264319 -0.000596055 -0.000889987 -0.000182444 -0.00157544 -0.00223726 -0.00132259 -0.000500245 -0.00122757 0.000472132 -0.0033121 -0.00230335 -0.000396008 -0.000105868 -0.00112698 -0.000484641 -0.00115422 -0.000940919 -0.0014723 -0.000907637 -0.00152374 -0.00147433 -0.00162991 -0.00308493 -0.000457222 -0.00114504 -0.000104692 
-0.00173367 -0.00122968 0.000524281 -0.000978119 -0.00151392 -0.00245723 -0.00236819 -0.00152019 -0.000751942 -0.00104244 -0.00174501 -0.00209252 0.179015 -0.000703233 -0.00349184 -0.00479512 -0.00141144 -0.00382728 -0.00545571 -0.0044353 -0.00782747 0.00011789 -0.00426217 -0.00508273 -0.00578628 -0.00416251 -0.00774064 -0.00578299 -0.00583474 -0.00153276 -0.00408065 -0.00121736 -0.00070414 -0.00127912 -0.00184317 0.000142606 -0.00226008 -0.00196612 -0.00206596 -0.00403732 -0.00167078 -0.00291551 -0.000109969 -0.0012305 -0.00144679 -0.00187218 -0.00226988 0.000818221 -0.00331755 -0.000653597 -0.000248751 -0.00169375 -0.00153348 -0.00151902 -0.00212588 -0.00249719 -0.00112521 -0.000211532 -0.000644388 -0.00121861 0.000355738 -0.000220024 -0.00165624 -0.001746 -0.00219951 -0.00208358 -4.00178e-06 -0.00164865 -0.00240458 -0.00167931 -0.000363787 7.55191e-07 0.00188938 -0.000467283 -0.00125825 0.000973612 -0.0009434 -0.00388146 -0.000702326 -0.00111938 -0.00240855 -0.000605662 -0.0015173 -0.00312531 -0.00203135 -0.00280028 -0.00190566 -0.00298256 -0.000974443 -0.000695969 -0.000606117 0.000709062 -0.000270628 0.000527357 -0.000328633 -0.000190038 -0.00100999 -6.70574e-05 -0.00264282 -0.00121013 
-0.00285226 -0.000977035 -0.00232571 -0.00202479 0.00213223 -0.0013665 -0.0029069 -0.00267089 0.000207855 0.000540833 0.00210444 -0.0064116 -0.000703233 0.226604 -0.00266246 -0.00256633 -0.00657831 -0.00182378 0.00283349 -0.00267926 -0.0096106 0.000713091 -0.00786342 -0.0102134 -0.00669786 -0.00913052 -0.00939189 -0.00412348 -0.00362986 -0.00168696 -0.00350622 -0.000513108 -0.00501148 -0.00209076 -0.00332881 8.93793e-05 -0.00166371 -0.00215171 -0.00385852 -0.00222374 -0.00229278 -0.00238235 -0.00367098 -0.00364215 -0.00166424 -0.000408991 -0.000929608 -0.00182818 -0.00326753 -0.00182804 -0.00239847 0.00160242 -0.00219542 -0.00299433 -0.000294056 -0.00357031 -0.000200343 -0.00230825 -0.00127269 0.000146801 -0.00100601 -0.00110248 -0.00109193 -0.00398146 -0.00112074 -0.00207215 0.000653138 -0.00293249 -0.00285212 -5.09739e-05 -0.000950614 -0.00193523 -0.00148813 0.00039462 0.000534543 -0.002199 -0.00420806 -0.00281489 -0.00143592 -0.00591415 -0.0014987 -0.00151744 -0.00129518 -0.00391388 -0.000690939 -0.001637 -0.00155208 -0.00325637 -0.00290657 -0.00237251 -0.00202735 -0.00205554 -0.00282064 -0.00222933 -0.00322679 -0.000192134 -0.000630701 -0.00095711 -0.00236818 -0.00185808 
-0.00194303 -0.00375266 -0.00171201 -0.0017029 -0.000582042 -0.000207479 -0.00520092 -0.00347202 -0.00803339 -0.00830363 0.00185682 -0.00115057 -0.00349184 -0.00266246 0.220122 0.0023552 -0.00284369 0.00189341 -0.00599647 0.00364308 -0.00650565 -0.0102325 -0.00681197 -0.0061929 -0.00466108 -0.00116404 -0.00508488 -0.00668351 -0.00260088 -0.00433834 -0.00226012 -0.00552336 -0.00256069 -0.0043887 -1.15016e-05 -0.000611879 -0.0037224 -0.00113219 -0.00082815 -0.00281619 -0.00139649 -0.00266752 -0.000941919 -0.000389487 -0.00195142 -0.00230096 -0.00155366 -0.00271728 -0.00198209 -0.00110737 -0.00117833 -0.00142063 -0.00285071 -0.00217876 -0.00315141 -0.000748488 -0.000539015 -0.00393009 -0.000742905 -0.00194965 -0.00146341 0.000508088 -0.000990456 -0.00154351 -0.00302658 -0.00167214 -0.00268021 -0.00241142 -0.000707466 -0.00173959 -0.00271775 -0.00157841 -0.00147944 -0.00166069 -0.00113082 -0.00350159 -0.000340488 0.00254943 -0.00347229 -0.000683608 -0.00202148 -0.00183014 4.31856e-05 -0.00226421 -0.00325941 -0.00339217 -0.00052205 -0.000829208 -0.00252307 -0.00261193 0.000110916 -0.00319984 -0.00264655 -0.00138559 -0.000997983 -0.00166345 -0.000933956 -0.00202081 -0.00313085 -0.000165122 
-0.00017193 -0.00235619 -0.00245226 -0.00227301 -0.000652714 -0.00294177 0.00155141 0.000380809 -0.00290578 -0.00373961 -0.00746373 -0.00881846 -0.00479512 -0.00256633 0.0023552 0.231838 -0.00278316 0.00129339 -0.00334751 -0.00276009 -0.008826 -0.00764508 -0.00652067 -0.00434451 -0.00368028 -0.0055298 -0.00423069 -0.00210064 -0.00311605 -0.00647523 -0.00254473 -0.00375809 -0.0033535 -0.00299406 -0.00224026 -0.00514212 -0.000267446 0.00252167 0.000377766 0.00194172 -0.00312591 -0.00172151 -0.000765874 -0.0018936 -0.0022861 -0.00352977 -0.00356454 -0.000794714 -0.0037122 -0.00319777 8.94414e-05 -0.00125704 -0.00313222 -0.000358038 -0.00139155 -0.00302768 -0.00263292 -0.00175739 -0.00218397 -0.000659962 0.00018874 -0.00118593 -0.000595384 -0.00162116 -0.000886014 -0.000148234 -0.00250818 5.38797e-05 -0.000935753 -0.00222946 -0.00222388 -0.00461644 -0.00200066 -0.00268043 -0.0016462 -0.00436666 -0.00181751 -0.00229991 -0.00145316 -0.00461864 -0.00318354 -0.00176258 -0.0021703 -0.00131046 -0.00322959 -0.00262013 -0.00335307 -4.97562e-05 -0.00139147 -0.00241286 -0.00176806 -0.00230849 -0.0013753 -0.000358685 -0.00330166 -0.000116687 -0.0026208 -0.00161578 -0.00245122 -0.00356793 
-0.00424621 -0.00553776 -0.00312838 -0.00184266 -0.00470083 -0.00485682 -0.00303528 -0.00692765 -0.00444097 -0.00505296 -0.00248987 0.00229747 -0.00141144 -0.00657831 -0.00284369 -0.00278316 0.249996 -0.00182636 -0.0018264 -0.00433973 -0.00212363 -0.00258667 -0.0111917 -0.000653191 -0.000548641 -0.00449487 -0.00579159 -0.0053293 -0.00434089 -0.00687611 -0.0021658 -0.00413592 -0.00192236 -0.00084545 -0.00469455 -0.00186952 -0.00292558 -0.00185646 -0.00486615 -0.00368757 -0.00104373 -0.00101737 -0.00228847 -0.000514904 -0.00443593 -0.00361953 -0.0011409 -0.00392254 -0.000431368 -0.000354966 6.27334e-05 0.000177429 -0.0024979 -0.00209334 -0.00224734 -0.00144908 -0.00174054 -0.00328173 -0.00069735 -0.0028923 -0.000622915 -0.00460901 -0.0019866 -0.000692154 -0.0021196 -0.00395438 -0.00414508 -0.00194675 0.00048882 -0.00360849 -0.00457749 0.000781782 -0.00313942 -0.00170531 -0.00375313 -0.00113745 -0.00196127 0.00152681 -0.00115181 -0.00483501 -0.00332477 -0.00253799 -0.00107814 -0.0023314 -0.000879668 -0.00191313 -0.00253426 0.000925347 -0.000476274 0.000685594 -0.00372612 -0.00239543 -0.0018308 -0.0033809 -0.000234879 -0.00215018 -0.0012149 -0.00229394 -0.000864073 -0.00138546 
-0.0033991 -0.000527207 -0.00367334 -0.00296143 -0.00374627 0.000473287 -0.00500358 0.000597766 -0.00173418 -0.000528001 -0.00217886 -0.00406345 -0.00382728 -0.00182378 0.00189341 0.00129339 -0.00182636 0.248823 0.00339166 -0.00537562 0.000708601 -0.00849975 0.00157589 -0.0150403 -0.0115952 -0.000915469 -0.00657615 -0.00645959 -0.00698561 -0.00661968 -0.0054695 -0.00684025 -0.0023448 -0.00311347 -0.00112856 -0.000915565 -0.000950223 -0.00209968 -0.00292082 0.00106242 -0.00193972 -0.000946807 0.00137977 -0.00014873 -0.00311809 -0.00126818 -0.00316772 -0.00270515 -0.00267986 -0.00109405 -0.000972934 -0.00335974 -0.0015609 -0.00214222 -0.000742547 -0.00401356 -0.00148134 -0.00208771 -0.00150402 -0.00366583 -0.000160561 -0.0050662 -0.00260339 -0.00217612 -0.00111467 -0.00205881 -0.00146084 -0.0027445 -0.00126654 0.00118679 -0.0025815 -0.00149539 -0.00488601 -0.0027728 -0.00294114 -0.00099744 -0.0022306 -0.00419548 -0.00549981 -0.00444779 -0.00165345 -0.00167575 -0.00371321 -0.00243821 -0.00333223 -0.00460564 0.000384686 -0.00271392 -0.00176914 -0.00194723 -0.000593279 -0.00211657 -0.00390656 -0.00279671 -0.00253813 -0.00370357 5.55538e-06 -4.32542e-05 -0.00284572 -0.00194138 
-0.00200855 0.000922784 -0.00200281 -0.00208621 -0.00370708 -0.00288948 0.000944265 -0.00476089 -0.00126404 -0.00114497 -0.00481054 -0.0069294 -0.00545571 0.00283349 -0.00599647 -0.00334751 -0.0018264 0.00339166 0.249256 -0.00119012 -0.00239592 -0.0104897 -0.00681189 -0.00294407 -0.014385 -0.0126312 -0.0111323 -0.00957619 -0.00465642 -0.00453266 -0.00359038 -0.00231385 -0.00281371 -0.00347182 -0.00436363 -0.00144592 -0.0010296 -0.00396895 0.000798323 -0.00407829 -0.0010971 -0.000457056 -0.0036334 -0.000767795 -0.00253235 -0.00209493 0.00104621 0.000213181 -0.000515191 -0.00241381 0.000159756 -0.00309716 -0.00436389 -0.00290743 -0.00113786 -0.00085415 -0.00203777 -0.000762977 -0.00137067 -0.00231445 -0.000813464 -0.00242685 -0.000525653 -0.00119084 0.00104221 -0.00112156 -0.00328523 -0.00155747 -0.00166995 -0.00383892 -0.00183633 -0.00365248 -0.00204997 -0.00153505 -0.000265884 -0.00163958 -0.000948638 -0.003442 -0.000572448 -0.00293986 -0.00161848 -0.00209209 -0.00100042 -0.0023416 -0.00188115 -0.0030449 -0.0030638 0.000106217 -0.00204888 -0.00192693 -0.00214965 -0.0035241 -0.00340675 -0.00105493 -0.0017837 -0.00211642 0.000245 -0.000833004 -0.00118427 -0.00216616 
-0.00299528 -0.00190405 -0.00306224 0.000271544 -0.00304354 -0.00380811 -0.00404516 -0.0023167 -0.00171172 0.000756798 -0.00406905 -0.00275222 -0.0044353 -0.00267926 0.00364308 -0.00276009 -0.00433973 -0.00537562 -0.00119012 0.249371 -0.00501787 -0.0020071 -0.0057855 -0.00180069 -0.00471151 -0.00972941 -0.0057846 -0.00241826 -0.0019752 -0.0105709 -0.0052148 -0.0028929 -0.00594159 -0.00284566 -0.00360906 -0.00248489 -0.0025238 -0.00387984 -0.00134105 0.00179625 -0.00197312 -0.00241306 -0.000551251 -0.00159502 0.00102146 -0.00402355 0.000107317 -0.00462973 -0.00224081 -0.0030923 -0.00150091 -0.00385069 -0.00136589 -0.00235604 -0.00283697 -0.00190369 -0.00174261 -0.00455531 -0.00217479 -0.00314573 -0.00159143 -0.00026307 -0.00288561 -0.00343648 -0.00144336 -0.000568487 3.79073e-05 -9.37121e-06 -0.00131505 -0.00160548 -0.00314049 0.000816387 -0.000778892 -0.00273328 -0.000870436 -0.00535207 -0.00439253 -0.00362685 -0.00478985 -0.00200778 -0.00285728 -0.00212817 -0.00292235 -0.00195125 -0.00112939 -0.00286504 -0.00196258 -0.00511951 -0.000446719 -0.00238745 -0.00109339 -0.00481318 -0.00195257 -0.000337178 0.000653879 -0.00181028 -0.00082719 -0.000581601 -0.00348224 -0.00202352 
-0.00201247 -0.00252293 -0.00364215 -0.000873766 -4.4947e-07 -0.00290579 -0.00109276 -0.00279463 -0.00381169 0.000807709 -0.00269781 -0.00346032 -0.00782747 -0.0096106 -0.00650565 -0.008826 -0.00212363 0.000708601 -0.00239592 -0.00501787 0.249753 -0.00406271 0.00609223 -0.00620896 -0.0115939 -0.0019252 -0.00339925 -0.00444441 -0.00959988 -0.004123 -0.00293496 -0.00836603 -0.00124164 -0.00408848 -0.00262416 -0.00479029 -0.00245903 -0.0013279 -0.000301688 0.000161598 -0.0031765 -0.00214534 0.000330265 -0.00087958 -0.00255337 -0.00220053 -0.00254788 -0.00343934 -0.0042299 -0.00294905 -0.00211909 -0.00197004 -0.00173191 0.000282369 -0.00317496 -0.000413856 -0.00271348 -0.00108474 -0.00361389 -0.00345389 -0.00302533 -0.000352747 -0.0013162 3.41738e-05 -0.00257775 -0.00204829 -0.00540836 -0.000762505 -0.00117962 -0.00182775 0.000110884 -0.0017601 -0.00203513 -0.00371371 0.000501666 -0.00204233 -0.00177285 -0.00278325 -0.00297158 0.000173255 -0.00117134 -0.00380067 -0.0036243 -0.00121675 -0.00119964 -0.000132951 -0.000334553 -0.00118358 -0.00104151 -0.00250181 0.000214038 -0.00189649 -0.00251806 -0.00400583 -0.00135351 -0.00282462 -0.00268757 -0.00301339 -0.00097704 -0.00209753 
-0.000285925 -0.0047751 -0.00249763 -0.00204118 -0.00394495 -0.00359078 -0.00318723 -0.00369149 -0.00268596 0.000788362 -0.00350047 -0.00144886 0.00011789 0.000713091 -0.0102325 -0.00764508 -0.00258667 -0.00849975 -0.0104897 -0.0020071 -0.00406271 0.249954 0.000659347 0.00432549 -0.00219358 -0.00563417 -0.00925487 -0.00631702 -0.00514885 -0.00211498 0.000600759 -1.75294e-05 -0.00527511 -0.00322534 -0.000670999 -0.00340817 -0.00111068 -0.00399162 -0.00362461 -0.00367635 -0.000695217 -0.000989489 -0.00167096 -0.00255148 -0.00291986 -0.00364295 -0.0042053 -0.00287001 -0.00222017 -0.00249805 -0.00463228 0.000118627 -0.000826832 -0.00397097 -0.0022355 -0.00200015 -0.000369155 -0.00218369 -0.0014215 -0.00184349 -0.00275574 -0.00320555 -0.00261134 -0.00132435 -0.00310119 -0.00155996 -0.00135289 -0.00304822 -0.00111851 -0.00286854 -0.00108849 -0.00307368 -0.00229807 0.000413007 -0.00107386 0.000323978 -0.00168732 -0.00143096 -0.00320722 0.000847501 -0.00051349 -0.00323768 -0.0015881 -0.00173869 -0.00130092 -0.000739963 -0.0045497 -0.00148762 -0.000756815 -0.0050905 -0.00413555 -0.000919539 -0.00262924 -0.00430478 -0.00134048 -0.000794728 -0.00290382 -0.00162042 -0.00384338 -0.00197642 
-0.00360823 -0.00370735 -0.0046018 -0.00108638 -0.00135177 0.000239081 -0.00303491 -0.000548707 -0.00420116 -0.00412949 0.000145771 -0.00830369 -0.00426217 -0.00786342 -0.00681197 -0.00652067 -0.0111917 0.00157589 -0.00681189 -0.0057855 0.00609223 0.000659347 0.247217 -0.00154886 -0.00621768 0.000900972 0.000403931 -0.00362648 -0.00995333 -0.00269374 -0.00133715 -0.00586622 -0.000900361 -0.0012745 -0.0021114 0.000973891 -0.00406283 -0.00114904 -0.00369312 -0.00035429 -0.0025997 -0.000421226 -0.00184072 -0.00272482 -0.00256545 0.001403 -0.00396601 -0.00132916 -0.00107664 -0.000172401 -0.00270975 -0.00441655 -0.000216378 -0.000454213 -0.000242252 -0.000752621 -0.00288522 -0.00311507 -0.00152336 -0.00246902 -0.00300751 -0.0040522 -0.00282007 -0.00198938 -0.00322469 -0.0010505 -0.00140368 -0.0014052 -0.00371724 0.00146799 -0.00224878 -4.11624e-05 -0.0049736 -0.00226019 -0.00122773 0.000801948 -0.00239575 -0.0046819 -0.00143095 -0.00314479 -0.00211026 -0.00228224 -0.00337072 -0.00153781 -0.000221012 -0.00266236 -0.00133137 -0.00325027 -0.00212154 -0.00424834 -0.00466478 -0.00227366 -0.00424605 -0.00385755 -0.00377101 -0.000940587 -0.00153962 -0.00274937 -0.0024278 -0.00310949 
-0.000791175 0.00162616 -0.00327733 -0.0016029 -0.00484732 0.000696486 -0.00381247 -0.00289571 -0.00212106 -0.00618086 -0.00507355 -0.00488275 -0.00508273 -0.0102134 -0.0061929 -0.00434451 -0.000653191 -0.0150403 -0.00294407 -0.00180069 -0.00620896 0.00432549 -0.00154886 0.249998 -0.00144373 -0.00431043 0.0112887 -0.00688794 -0.00383756 0.000712135 -0.00265161 -0.001235 -0.00537613 -0.0026252 -0.00011578 -0.0043563 -0.00167604 -0.000221394 -0.00339615 -0.00120801 -0.00176901 -0.00338538 -0.00323939 -0.00443271 -0.00584329 -0.00456448 -0.00369295 -0.00202331 -0.00182198 -0.00201877 0.000336863 -0.00244565 -0.00288829 -0.00331388 -0.00238935 -0.00353913 -0.00305 -0.00260759 -0.00292272 0.000141364 -0.00203712 -0.00155837 -0.00302186 -0.000143271 -0.00372328 -0.00283284 -0.000990765 -0.00180914 -0.00158248 -0.00414655 -0.000485454 -0.00442129 -0.00312483 -0.000582358 -0.00234931 -0.0026082 -0.00161052 -0.00314579 -0.00359766 -0.00211231 -0.00141509 -0.00338408 -0.00441557 -0.00168787 -0.000203781 -0.00196106 -0.00277658 -0.00134082 -0.00311459 -0.00157628 -0.000708566 -0.0027633 -0.00182562 -0.00160641 -0.000563754 -0.000560778 -0.0025084 -0.00265008 -0.00173707 -0.0016384 
-0.00301503 -0.00323313 -0.000426273 -0.00256383 0.000658233 -0.00312208 -0.00137369 -0.00193997 -0.0033161 -0.00558714 -0.00324184 -0.006837 -0.00578628 -0.00669786 -0.00466108 -0.00368028 -0.000548641 -0.0115952 -0.014385 -0.00471151 -0.0115939 -0.00219358 -0.00621768 -0.00144373 0.244133 0.00506812 0.00216149 -0.0015943 0.00177563 -0.00365198 -0.00576151 -0.0071952 -0.000813457 -0.000307951 -0.00209378 -0.00538889 -0.00381466 -0.00167281 -0.00155944 -0.00188134 -0.00145385 -0.00419208 -0.000215117 -0.00164174 -0.00024817 -0.000250728 -0.000818457 -0.00298627 -0.001205 -0.00033257 -0.00229129 -0.00066739 -0.0016087 -0.00107094 -0.00281286 -0.00299814 -0.00256866 -0.000757223 -0.00411863 -0.00174591 -0.00356769 -0.000541677 -0.00159811 -0.00130482 -0.00133605 -0.00169665 -0.00108298 -0.000520411 -0.00372076 -0.00292281 -0.00169601 -0.00261253 -0.00412725 -0.0025526 -0.000373322 -0.00235579 -0.00180967 -0.000650291 -0.00035962 0.000136939 -0.0014751 -0.00228366 -0.00309372 -0.000595125 -0.0031441 -0.00136677 -0.00486738 -0.00302575 -0.00130088 -0.00255974 0.000368923 0.000252092 -0.00205476 -0.00457566 -0.00256726 -0.00176958 -0.00115945 -0.00205611 -0.000573973 -0.00336627 
-0.00106533 -0.00137619 -0.00133713 -0.00217344 -0.00326319 -0.000505004 -0.00453065 -0.00251333 -0.00159111 -0.00514644 -0.00293071 -0.00766577 -0.00416251 -0.00913052 -0.00116404 -0.0055298 -0.00449487 -0.000915469 -0.0126312 -0.00972941 -0.0019252 -0.00563417 0.000900972 -0.00431043 0.00506812 0.233311 -0.0038305 -0.00185247 -0.00346628 -0.00419418 -0.00141857 -0.0024105 -0.00299963 -0.00182481 -0.00389453 -0.00227741 -0.00163569 -0.00291798 -0.00203776 -0.0051324 -0.00124046 -0.00247904 7.03448e-05 -0.00167277 -0.00241753 -0.000118875 -0.00305997 -0.000536983 -0.00312923 -0.00280917 -0.0028252 -0.000948357 -0.000905595 -0.0012498 -0.000260997 -0.00214778 -0.00201065 -0.00388642 -0.00166168 -0.000845973 -0.00307541 0.00225033 -0.00103735 -0.00149952 -0.00191836 -0.00281224 -0.00169352 -0.00183523 -0.00266853 -0.00126557 -0.00266471 -0.00518626 -0.00146566 -0.00488392 -0.00103422 -0.000358782 0.000874287 0.000133784 -0.00144466 -0.00108687 -0.00105584 -0.00188601 -0.00199347 -0.00251388 -0.00182271 -0.00154119 -0.000822999 -0.00263067 -0.00281544 -0.00457747 -0.00207938 -0.00130596 -0.00215844 -0.00161105 -0.00284807 -0.00343004 -0.00118019 -0.00217572 0.00280841 -0.00321254 
-0.000163426 0.000349729 -0.00224988 -0.00419042 -0.00358752 -0.00317965 -0.00288703 -0.00448034 -0.000790423 -0.00462989 -0.00487397 -0.00442609 -0.00774064 -0.00939189 -0.00508488 -0.00423069 -0.00579159 -0.00657615 -0.0111323 -0.0057846 -0.00339925 -0.00925487 0.000403931 0.0112887 0.00216149 -0.0038305 0.234498 -0.00260095 -0.005518 0.00524966 0.000247039 0.00342237 -0.00277821 -0.00623638 -0.0020389 -0.00377627 -0.00172682 -0.00107024 -0.00376565 -0.000576074 -0.00147936 -0.00235479 -0.00416636 -0.000145754 -0.00180789 -0.00325746 -0.00161981 -0.00161696 -0.00349343 -0.0019336 -0.00178599 -0.00107503 -0.00143926 -0.00358641 -0.00382487 0.000959033 -0.00360377 -0.00304973 -0.00160126 -0.00284656 -0.00118024 -0.00174906 -0.00206721 -0.000626804 -0.00213069 -0.00304692 -0.00327957 0.000985863 -0.00143615 -0.00301321 -0.00246939 -0.00215342 -0.00361615 -0.000264545 -0.00323732 -0.00435553 -0.00226779 -0.00289866 -0.0024221 -0.00120409 -0.00108422 -0.000959405 -0.000946341 -0.00152659 -0.0021353 -0.00309971 -0.00173253 -0.00305954 -0.00255309 0.0013193 -0.00290613 -0.00101113 0.000962736 -0.0027552 9.94155e-05 -0.0020219 -0.00196006 -0.00251583 -0.00374852 -0.00206136 
-0.000976957 -0.000350571 -0.00255754 -0.00280221 -0.00143888 -0.00189748 -0.00354397 -0.00135053 -0.00405776 -0.00196399 -0.0051366 -0.00322073 -0.00578299 -0.00412348 -0.00668351 -0.00210064 -0.0053293 -0.00645959 -0.00957619 -0.00241826 -0.00444441 -0.00631702 -0.00362648 -0.00688794 -0.0015943 -0.00185247 -0.00260095 0.196586 -0.00233399 -0.00208482 -0.000869913 -0.00323341 1.92789e-05 -0.00220633 -0.00259532 -0.000850516 -0.00197191 -0.0023562 0.000463595 -0.00099528 -0.00108331 -0.000729587 -0.00243946 -0.00159786 -0.00254298 -0.00116214 -0.00134994 -0.00237459 -0.00249053 -0.00220244 -0.00200124 -0.00143879 0.000161902 -0.00175512 -0.00112064 0.000572283 -0.00193806 -0.00159661 -0.00189367 -0.00224144 -0.00141928 -0.00192923 -0.000430849 -0.00110839 -0.00350704 -0.000292567 -0.0018892 -9.9605e-05 -0.000907736 -0.002584 -0.00115717 -0.000962431 -0.00154495 -0.00276261 -0.0014117 -0.00205693 -0.00226445 -0.00242497 0.00093616 -0.00299039 -0.000767682 0.000138248 0.000271463 -0.00120878 -0.000564085 -0.00352657 -0.00186499 -0.00205972 -0.00143697 -0.00112751 -0.00198424 -0.00110313 0.00124058 -0.000646957 -0.000504516 -0.00334338 6.09563e-05 0.000818008 0.00194687 -0.000782442 
0.00116013 -0.00034379 -0.000939738 -0.00229548 -0.000632961 -0.000645583 -0.00165159 -0.00178722 -0.00370778 -0.00474773 -0.00366163 -0.00119672 -0.00583474 -0.00362986 -0.00260088 -0.00311605 -0.00434089 -0.00698561 -0.00465642 -0.0019752 -0.00959988 -0.00514885 -0.00995333 -0.00383756 0.00177563 -0.00346628 -0.005518 -0.00233399 0.160059 -0.000225491 0.000473231 -0.0020345 -0.000594991 0.00240769 -0.000383432 -0.000315868 -0.0012175 -0.00178798 -0.00175187 -0.00267433 -0.000829085 -0.0020992 -0.00271537 -0.00239262 -0.000202935 -0.00146787 -0.00127016 -0.00102411 -0.00158282 -0.00162155 -0.00108737 -0.00136407 0.00170442 -0.00136813 -0.000566121 -0.00155333 0.000457522 -0.000859887 0.000346809 -0.000266212 -0.00146791 -0.00108452 -0.00140698 -0.00206472 0.00012607 -0.000552635 -0.00117861 -9.27438e-05 -0.00142795 -0.00132862 -0.00126572 -0.00191554 -0.000197144 -0.00118958 -0.000747529 -0.00122018 -0.00176856 -0.000592994 -0.000902306 -0.00209169 -0.000778829 -0.000475944 -0.000747518 0.000117662 -0.000525163 -0.000625116 -0.00123385 -0.000702795 -0.000575386 -0.000246293 -4.08967e-05 -0.000874493 -0.00158299 -0.00079357 -0.00259976 -0.000562225 -0.00333442 -0.00100628 0.000142582 -0.00170454 
-0.000467228 -0.00133061 -0.00258419 -0.00271563 -0.00096569 -0.00168886 -0.00199084 -0.00183835 -0.00280579 -0.00310218 -0.00258698 -0.00230546 -0.00153276 -0.00168696 -0.00433834 -0.00647523 -0.00687611 -0.00661968 -0.00453266 -0.0105709 -0.004123 -0.00211498 -0.00269374 0.000712135 -0.00365198 -0.00419418 0.00524966 -0.00208482 -0.000225491 0.181307 -0.0012572 -0.00116983 -0.00103852 -0.0010679 -0.000728923 -0.0011255 -0.00117879 -0.00401842 -0.00343282 -0.00293853 -0.000654415 -0.00276147 -0.00344699 -0.00273483 -0.0013278 -0.00169276 -0.00212331 -0.0010673 -0.000154369 -0.000159233 -0.00120446 -0.000953424 -0.00190129 -0.00194259 -0.000554242 -0.000438399 -0.00015807 -0.00090551 -0.00113949 -0.000352245 -0.000670472 -0.00358632 -0.00149584 0.000592114 -0.00200875 -0.000558358 -0.00237308 -0.00232458 -0.0012763 -0.00235908 0.000886174 -0.0026942 0.00152878 -0.000526266 -0.0020919 -0.000108421 -0.000742136 -0.00319045 -3.83446e-05 -0.0018807 -0.00210601 -0.000850765 -0.000714941 -0.0022789 -0.00187745 -0.00187359 -0.00159658 -0.00136158 -0.00158864 -0.00137244 -8.18969e-06 -0.00283352 -0.00128948 -0.000746897 -0.00275578 -0.000789571 -0.000750376 -0.00106018 -0.00473884 -0.00202581 
-0.000757546 -0.00157357 -0.00196848 -0.00125447 -0.00267538 -0.00309669 -0.00155982 -0.0027343 -0.00425813 -0.000270858 -0.0043161 -0.000473882 -0.00408065 -0.00350622 -0.00226012 -0.00254473 -0.0021658 -0.0054695 -0.00359038 -0.0052148 -0.00293496 0.000600759 -0.00133715 -0.00265161 -0.00576151 -0.00141857 0.000247039 -0.000869913 0.000473231 -0.0012572 0.159801 0.000595304 0.000518976 -0.00141073 3.56168e-05 -0.000805896 -0.00209611 -0.00157454 -0.000182811 -0.0011518 -0.000478381 -0.00114389 -0.00259984 0.000158849 -0.00156454 -0.000618102 -9.55904e-05 -0.00115861 -0.00176305 -0.00288359 -0.00209022 -0.00159165 0.00127254 -0.000539367 -0.00292002 -0.00174562 -0.00175761 -0.00136105 -0.00165732 -0.00103959 -0.00127241 -0.00102275 -0.00263384 -0.00219207 -0.000777092 -0.000307161 -0.00171284 -0.00146537 -0.00168928 -0.000262451 -0.00270256 -0.00181671 -0.000323021 -0.00117701 -0.00243308 -0.00239261 -0.0032866 -0.00207962 6.35897e-05 -0.00122351 -0.00135468 -0.00100734 -0.000507162 -0.00208319 0.000240441 -0.00186992 -0.00168829 -0.00252776 -0.00212011 -0.00216583 -0.00140085 -0.0017131 -0.000651517 -0.00213826 -0.000211485 -0.00148093 -0.00124296 -0.00140782 -0.00118429 -0.00224917 
0.000765531 -0.000814268 -0.000452369 -0.00202142 -0.00203677 -0.00043328 -0.00325283 -0.0016336 0.000615887 -0.00272552 -0.00247387 -0.00155901 -0.00121736 -0.000513108 -0.00552336 -0.00375809 -0.00413592 -0.00684025 -0.00231385 -0.0028929 -0.00836603 -1.75294e-05 -0.00586622 -0.001235 -0.0071952 -0.0024105 0.00342237 -0.00323341 -0.0020345 -0.00116983 0.000595304 0.13752 -0.000613129 -0.00277647 -0.00127811 0.000238535 -0.000925025 -0.0016996 -0.000477484 -0.000423272 -0.000184793 -0.000944756 -0.0015133 -0.00201354 -0.000263602 -0.00270441 -0.00148999 -0.000973764 -0.00178816 0.000281905 0.000170817 -0.00125662 -0.00166724 -0.0017656 -0.000450867 -0.000773226 -0.000269019 -0.000481948 -0.000259224 -0.00143029 -0.00145353 -0.000434655 -0.00189374 0.000801282 -0.00178867 -0.000252536 -0.000852281 -0.000799892 -0.00046666 -0.000568924 -0.00131203 2.20233e-05 -0.00231017 -0.001045 -0.00209716 -0.00204559 -0.00110095 0.000674739 -0.000913234 -0.00132323 -0.000108444 0.000512527 -0.00179194 -0.00158463 -0.00116402 -0.00152481 -0.00046906 -0.00107198 -0.00193915 8.04064e-05 -0.00152292 -0.000407629 -0.00104689 -0.000223912 -0.000884441 -0.00178065 -0.00109568 -0.000761077 -0.00138303 -0.0017329 
0.000693789 -0.00149717 -0.000791204 -0.00134641 0.000248452 -0.000629784 0.000216679 -0.000811 -0.00148926 -0.00158322 -0.00227838 -0.00181052 -0.00070414 -0.00501148 -0.00256069 -0.0033535 -0.00192236 -0.0023448 -0.00281371 -0.00594159 -0.00124164 -0.00527511 -0.000900361 -0.00537613 -0.000813457 -0.00299963 -0.00277821 1.92789e-05 -0.000594991 -0.00103852 0.000518976 -0.000613129 0.108503 -0.000467302 -0.000291917 0.000126987 -0.000750753 -0.000734524 -0.000902526 5.70441e-05 -0.00103797 -0.00109196 -0.000419184 -4.95348e-05 -0.000872697 -0.00188564 -9.97738e-05 -0.000111228 0.00070608 0.00022159 -0.00119407 -0.000119983 -0.00112711 -0.000842766 -0.000971231 -0.000875542 -0.00117964 0.000165714 -4.08623e-05 -0.00115107 -0.00100092 -0.00025486 -0.000598437 -0.00105836 -0.00111948 -0.000493541 -0.000440361 -0.000945253 -0.00120308 -0.00114478 -0.0010602 -0.000477779 -0.00141844 -0.000765038 -0.0015945 -0.000498742 -0.000333415 -0.000553417 -0.000517451 -0.000728147 -0.000296145 -0.000471145 -0.00147337 -0.000892701 -0.00113046 -0.00193129 -0.000739948 -0.00115887 -0.000887495 -0.000240095 -0.000571519 -0.000370098 -0.000198837 -0.000781761 -0.00156319 -0.00205557 -0.00199898 -0.00129128 -0.00109813 -0.00138249 
