0.0686186 -0.000553296 -0.00066417 -0.000991571 0.000348765 0.000308832 -2.91592e-05 -0.000552868 -0.000287724 -0.00137044 -0.000256182 -0.000947529 -0.000874979 0.000300829 -0.00175729 -0.00254108 -0.00230811 -0.00308134 0.000704745 -0.0005369 -0.00315724 -0.00321281 -0.00341077 -0.00445934 0.00183084 -0.00262075 -0.00269774 -0.000983791 -0.00137067 0.000218942 -0.00100447 0.000406002 -9.53847e-05 -0.000301119 -0.000763777 -0.000755251 -0.00130203 -0.0006243 -0.000342363 -0.000782364 4.51757e-05 -0.00063608 1.79544e-05 -0.00064729 -0.00044466 0.000384838 -0.000696446 -4.12529e-05 -0.000250204 -0.000279221 -0.00023584 -5.9955e-05 -0.000379117 -0.00052533 -0.000765487 -0.000781024 -0.000801434 -0.00065908 -0.000285331 -0.00100478 -0.00104453 -0.00025727 -0.000400849 -0.000458143 7.44766e-05 -0.00017388 -0.000393307 7.3698e-05 -0.000823721 -0.000607265 0.000228821 -0.00107868 -0.000619887 -0.00045373 -0.000658229 4.50269e-05 -0.000569249 -0.00112505 -0.00032947 -0.00058205 -0.000207922 -0.000673688 -0.000851961 -0.000387541 -0.000526616 -0.00105436 -0.000749631 -0.000235539 -0.000913155 -0.00149585 -0.000338413 -0.000944414 -0.000468052 -0.000435464 -0.000436254 -0.000473906 0.000595286 9.39736e-05 -0.000524831 -0.000874623 
-0.000553296 0.081246 -0.000201759 -0.000827651 -0.000290067 -0.000659648 -0.000473012 -7.5768e-05 -0.000280999 -0.000392746 -0.000273128 -0.00186111 -0.0025712 -0.00164269 -0.00241049 -0.00245271 -0.000130554 -0.00541975 -0.0021826 -0.00153636 0.000129617 -0.00262177 -0.00315864 0.000317918 -0.00291634 -0.00132295 -0.00163621 -0.00107927 -0.00214488 -0.00253018 0.00020392 -0.00103947 0.000178874 -0.000416823 -0.000517585 -0.000819566 -0.000607357 -0.000915571 -0.000678881 -9.28161e-05 -0.00027639 -0.000847342 -0.000492165 -0.000995559 -0.000910591 -0.000745249 -0.000210779 -0.00139717 -0.000398419 -0.000621302 -0.000412302 -0.000641739 -0.000780198 -0.000251753 -0.00143567 0.000313347 -0.00152621 -0.000339107 -0.000768933 0.000296348 -0.00108517 -0.000400409 -0.000456173 -0.000485579 -0.000336258 -0.000333659 2.29506e-05 -0.000393803 -0.00122366 -0.000275894 -0.00089854 -0.00122717 -0.000257595 -0.000406563 4.85632e-06 -0.00100736 -0.00073622 -0.000632573 -0.000263634 -0.000472389 -0.000647158 -0.00112131 -0.000773713 -0.00116181 -0.000556438 -0.000594276 -0.000581319 -0.000423801 -0.000795399 -0.00139416 -0.00074211 -0.000424657 -0.000623914 -3.01555e-05 -0.00112262 -0.000191667 -0.000914356 7.85476e-05 -0.000354601 0.000338476 
-0.00066417 -0.000201759 0.086506 0.000391626 -0.000482371 -0.00114458 0.000360712 7.1313e-05 -0.000754412 -0.00145551 -0.000727167 -0.00102068 -0.00154353 -0.00122602 0.000105859 -0.00103331 -0.00105579 -0.000354004 -0.00566961 -0.00368785 -0.000211812 -0.00124401 -0.000633597 -0.00235619 -0.00395285 -0.00269801 -0.00430852 -0.00171729 -0.00310452 -0.00291542 -0.00151175 0.00019335 -0.00115974 -0.00184484 -0.00122146 -0.00216936 -0.00104333 -0.00103073 -0.000958384 -0.000346754 -0.000315429 -0.000871556 0.000134793 -0.000550264 0.000874276 -0.000770239 0.000236025 -0.000885348 1.84087e-05 0.000180522 -0.000808053 -0.000593705 -0.000159786 -0.000445207 -0.00070628 -0.000355338 -0.000513446 -0.000811731 -0.000440308 -0.000435927 -0.00069096 -0.000398954 -0.000624009 -0.00111721 -0.00109023 0.000692629 -0.00111939 -0.00119656 -0.000975303 -0.00026612 -0.00062032 -0.000125709 0.000450336 -0.000158884 -0.00117605 -0.0010457 -0.000886222 -0.000668587 -0.000336547 -0.000845912 -0.00044548 -0.000255731 -0.000775553 -0.000490752 -0.000393288 -0.000355679 -0.0011371 -0.000772728 -0.000923367 -0.00149221 -0.00103255 -0.00104859 0.000486187 -0.000491246 -0.000679102 -0.00071659 -0.000836896 -0.000456706 -0.000149743 -0.000794099 
-0.000991571 -0.000827651 0.000391626 0.0903562 -0.000745905 -0.00113513 -7.68351e-05 -0.000267484 -0.000527614 -0.00252493 -0.00185833 -0.000753427 -0.00213661 -0.00110951 -0.00217333 -0.000752856 -0.00121235 0.000232369 -0.00369812 -0.00411697 -0.00533404 0.000811626 -0.00141308 -0.00186235 -0.00456844 -0.00230653 -0.00145174 -0.00277315 -0.00291126 -0.00152168 -0.00132327 -0.000923592 -0.00229362 -0.00108632 -0.000939236 -0.00114092 -0.00131688 -0.000434855 -0.0010771 -0.000554884 -0.000226077 -0.00183611 -0.00025829 -0.000773086 -0.000327111 -0.000962608 -0.000158328 -0.000489588 0.000151449 -0.000552498 -0.000943569 -5.87218e-05 0.000136244 0.000146007 1.35363e-05 -0.000276793 -0.000992844 -0.000580239 -0.000138466 -0.000680433 -0.000134228 -0.000446856 -0.00111982 -0.000855017 9.46162e-05 -0.00127873 -6.71038e-05 -0.000970776 -0.000658211 0.000119529 -0.000539326 -0.000618954 -0.000347121 -0.00054433 -0.000379086 -0.00115549 -0.00089924 -0.00104983 0.000393734 3.89849e-05 0.000118849 -0.00056941 -0.00213666 -0.00125239 -0.00109574 -0.000279464 -0.000347133 -0.000254117 -0.000760207 -0.00180194 -0.000330353 -6.72061e-05 -0.000423826 -0.000575031 -0.000731982 -0.000394422 -0.00142862 -0.0013804 -0.000514529 0.00179906 
0.000348765 -0.000290067 -0.000482371 -0.000745905 0.0910663 -0.00067925 6.41124e-05 -0.000471674 -0.000875999 -0.000863508 3.76895e-05 -0.00135032 -0.00266431 -0.00267357 -0.00108116 -0.000593132 -0.00648406 -0.00249833 -0.000672601 -0.00223154 -0.000537418 -0.0007868 -0.00375416 -0.000252648 -0.00148689 -0.0039285 -0.00370966 -0.0013326 -0.000134142 -0.00123456 -0.00208423 -0.00221477 -0.00167363 -0.000917718 -0.00171084 -0.00059672 -0.000157158 -0.00051074 -0.00130424 -0.000348095 -0.000365344 -0.000509231 -0.00072553 -0.00116945 -7.87039e-07 -0.000885485 5.11454e-05 -0.000241399 -0.000177832 -0.00115911 -0.00134117 -0.000323671 -0.00142819 -0.000137376 -0.00135486 -0.000830693 -0.00122761 -0.00194576 -0.000534529 -0.000137763 -0.000597912 -0.000729052 -0.000546706 -0.000394946 0.000193644 -3.88246e-05 -0.000573487 0.00021018 -0.000694901 -0.000323604 -0.000485531 -0.00142872 -0.00025574 -0.000203456 -0.000913496 -0.00113834 -0.00118382 -0.000239895 -0.000150635 -0.000666324 -0.000413514 -0.000644997 -0.00104296 -0.000355301 -0.00093063 -0.000491732 -0.00140645 -0.000475093 -0.000526287 -0.00112387 -0.00043977 -0.000244616 -0.000854793 -9.28812e-06 -0.000723382 -0.00105123 3.99462e-05 -0.000843006 -0.00040361 -0.00163678 
0.000308832 -0.000659648 -0.00114458 -0.00113513 -0.00067925 0.096491 1.66125e-05 -0.00126128 -0.000139377 -0.000890236 -0.00201945 -0.00191408 -0.00163541 -0.000543587 -0.00136939 8.73897e-05 -0.00349718 -0.00278193 -0.000487493 -0.00304728 -0.00313875 -0.00312284 -0.00349437 -0.000688822 -0.000981716 -0.0032227 -0.00122556 -0.00391905 -0.000785604 -0.00254677 -7.90843e-05 -0.000549465 -3.51316e-05 -0.000514459 -0.00137637 -0.000865896 -0.000490716 -0.000941331 -0.00134206 -0.00112439 0.000228978 -0.00218339 -0.0011103 -2.59532e-06 -0.000953453 -0.000742057 -0.000873748 -0.00136023 -0.00026754 -0.000149959 -0.000600646 -0.000295242 -0.000458665 -0.000397772 -0.00112622 -0.000759802 -0.000828851 -0.000661308 -0.000861898 -0.00111779 -0.00134297 -0.000494573 -0.00141878 -0.00171421 -0.000837757 -0.00126615 -0.00060335 -0.000191089 -0.000242528 -0.00028539 -0.000291438 -0.000886068 -0.00073883 -6.94339e-05 7.52192e-05 -0.00035893 -0.000411639 -0.00050795 -0.000381106 -0.000547294 -0.000930889 -0.00124524 -0.000177225 -0.000926313 -0.00145416 -0.00118997 -0.00185625 -0.00156342 -0.000651045 -0.000896059 -0.00102049 -0.000775904 -0.00077679 -0.000507006 -0.000277456 -0.000354752 -0.00157848 0.000301657 -0.000137801 -0.000199116 
-2.91592e-05 -0.000473012 0.000360712 -7.68351e-05 6.41124e-05 1.66125e-05 0.0748753 0.00044353 -5.09942e-05 -0.000333446 -0.00142287 0.00079669 -0.000732899 -0.00088707 -0.00107125 -0.00294818 -0.00219263 -0.00275277 -0.00174134 -0.00487652 -0.00141915 -0.00383995 0.00017203 -0.00291567 -0.00356257 -0.00504561 -0.00338543 -0.00303177 -0.000701334 -0.00222618 -0.00113499 -0.000848758 -0.000583322 -0.000364041 -0.00122436 -0.00161698 -0.000929517 -0.000908746 -0.000302692 -2.34812e-05 -0.000654564 -0.000297629 -0.000705837 -0.000199766 -0.000479764 -9.18495e-05 -0.000562465 -0.000544888 -0.000118946 -0.000163769 -0.000246474 0.000102239 -0.000341635 -0.000348938 0.000359934 -0.00024401 -0.000715777 -0.000587499 -0.000307711 -0.000575568 -0.000562272 -0.000916407 -0.00012035 -0.000978973 -0.000558079 0.000240681 -0.000147486 -0.000512147 1.72775e-05 -0.000260133 -0.000518045 -0.000759098 -0.00051479 -0.000934911 -0.000109994 -0.000345869 -0.000584322 -8.95282e-05 -0.000754452 -0.000117336 1.71098e-05 -0.000133171 0.000509413 -0.00051901 -0.000539285 0.000451525 -0.00104665 -0.000824106 0.000294266 -0.00090553 -0.000545724 -0.00114566 -0.000796446 3.52201e-05 -0.000495822 -0.000522642 -0.000900302 -0.00043063 -4.3408e-06 -0.000322479 
-0.000552868 -7.5768e-05 7.1313e-05 -0.000267484 -0.000471674 -0.00126128 0.00044353 0.107468 -1.62687e-05 -0.000835013 -0.000739766 0.000827512 -0.00193576 -0.000742072 -0.00304012 -0.00572822 -0.00124815 -0.00549353 -0.00175607 0.000297215 -0.00415432 -0.00353011 -0.00170086 -0.00192404 -0.00448077 -0.00536437 -0.00392793 -0.00426128 -0.00117843 -0.00104821 -0.00110495 -0.0024336 -0.000384555 -0.000137583 -0.000766037 -5.0166e-05 -0.00093778 -0.000418123 -0.00065438 -0.00137456 0.000341971 -0.000548191 2.55242e-05 -0.000242938 -3.17433e-05 0.000131706 -0.000806716 -0.00106285 -0.000187306 -0.00123968 -0.00115806 -0.000788395 -9.86932e-05 -0.000868677 -0.00039972 -0.000501489 -0.000612431 -0.00232574 -0.00110746 -0.00215681 -0.00135969 -0.000755811 -0.0013264 -0.001252 -0.000817357 -0.000922213 -0.000793583 -0.00134431 -0.00173784 -0.000390965 0.000135403 -0.000606374 -0.000519123 -0.00138282 -0.00125954 -0.0010093 -0.00114679 -0.00151988 -0.000562665 -0.00100964 0.000430237 -0.00138423 -0.00150903 -0.000432575 -0.000514279 2.33088e-05 -0.000764182 0.00034048 -0.000768228 -0.000592463 0.000149531 -0.000809699 -0.00106017 1.95681e-05 -0.00118263 -0.000932029 -1.534e-05 -0.00120843 -0.00114632 -0.000536604 
-0.000287724 -0.000280999 -0.000754412 -0.000527614 -0.000875999 -0.000139377 -5.09942e-05 -1.62687e-05 0.125931 -0.00112841 0.00153117 -0.000990994 -0.000753846 0.00273601 -0.002419 -0.00180732 -0.00371665 -0.00403636 -0.00218728 -0.00101813 -0.00558625 -0.00403648 -0.0049904 -0.0058048 -0.00258533 -0.0034062 -0.00574112 -0.00331515 -0.000922448 -0.000128988 -0.00386285 -0.00137012 -0.00114548 -0.00100205 -0.00203863 -0.00220171 -0.00177081 -0.00162435 -0.00133636 -0.000320359 -0.00187359 -0.00148196 -4.13397e-05 -0.00124309 -0.000940657 -0.0014043 -0.00132933 -0.00134656 -0.000526945 0.000192289 -0.000540918 -0.000638296 -0.000705242 -0.000118844 -0.0023891 -0.000739655 -0.00190343 -0.00117703 9.0073e-05 -0.000952796 -0.00180847 -0.00135699 -0.000480897 -0.00107942 -0.00199665 -5.80971e-05 -0.000234047 -0.00132346 -0.000461614 -0.000985613 -0.000939181 -0.00126364 0.000154921 -0.00118051 -0.000570795 -0.000512375 -0.000862824 -0.00100932 -7.40847e-06 -0.000842437 -0.001146 -0.00181812 -0.00102853 -0.000536924 -0.000628606 -3.30211e-06 -0.00121079 -0.00195154 -0.000888427 -0.000548694 -0.00107626 -0.000972398 -0.000877493 -0.0012525 -0.00178396 -0.000904323 0.000326562 -0.00122005 -0.00138307 -0.00122287 
-0.00137044 -0.000392746 -0.00145551 -0.00252493 -0.000863508 -0.000890236 -0.000333446 -0.000835013 -0.00112841 0.142112 -0.000723334 -0.00151078 0.00117413 -0.00172324 -0.00286203 -0.00338256 -0.000703951 6.20083e-06 -0.00753924 -0.00706726 -1.03597e-06 -0.0075215 -0.000285203 0.00441137 -0.00237266 -0.00536501 -0.00403821 -0.00594919 -0.00378215 -0.00261597 -0.00070673 -0.00128368 -0.00309368 -0.00197816 -0.00115666 -0.00170516 -0.00205219 -0.00130008 -9.15043e-05 -0.000592911 -0.000539102 -0.000830593 0.00035673 -0.00228684 0.00051475 -0.00129786 -0.00184938 -0.00194043 -0.000252383 -0.00237604 -0.000996358 -0.00103132 -0.000909032 -0.000447059 -0.00211607 -0.000489838 -0.00146704 -0.000810627 -0.00158568 -0.00114479 -0.00102578 -0.000471939 0.000119364 -0.001491 -0.000744539 -0.000614697 -0.00156149 -0.00171833 -0.00319106 -0.000716175 -0.00204223 -0.000821293 -0.000805523 -0.000452377 -0.00137349 -5.51631e-05 -0.00140004 -0.00172303 -0.000973816 -0.0016756 -0.000599673 -0.00164414 -0.000195988 -0.0012251 -0.00174851 -0.00192608 -0.00240091 -0.000773235 -0.00102786 -0.00221441 0.000961787 -0.00229078 -3.81926e-05 -0.00137872 -0.000985431 -0.000745212 0.000205018 -0.00131064 -0.000707238 -0.00222254 
-0.000256182 -0.000273128 -0.000727167 -0.00185833 3.76895e-05 -0.00201945 -0.00142287 -0.000739766 0.00153117 -0.000723334 0.143057 0.000120657 -0.000932838 0.00331694 -0.000488302 -0.00110868 -0.00262473 -0.00578597 -0.00482638 -0.00192052 -0.00313246 -0.00874861 -0.00868611 -0.00237349 -0.00371871 -0.00728796 -0.00842777 -0.00313716 -0.00470246 -0.0054012 -0.000240111 -0.00147642 -0.000345448 0.000853461 -0.000521834 -0.00132319 -0.00178357 -0.00080303 -0.000852294 -0.000407353 -0.000574783 -0.00227783 -0.000983012 -0.00039405 -0.000591204 -0.000160674 -0.0026126 -0.0009653 -0.0011118 -5.11339e-05 -0.0017806 -0.000532406 -0.00166522 -0.00144477 -0.00202296 -0.00105076 0.000163733 -0.00067891 -0.00076804 -0.00073583 -0.00127381 -0.00103412 -0.000462023 -0.00160983 -0.000261405 -0.000756566 -0.000703644 -0.000516466 -0.00157927 -1.55312e-05 -0.000612139 -0.00076501 -0.000769583 -0.000751298 -0.00112773 -0.00102501 -0.000497058 -0.00174498 -0.00110985 -0.000743507 -0.000530089 0.000455706 -0.00042509 -0.00213512 -0.00020458 -0.00167884 -0.00162364 -0.000615198 -0.00208287 -0.00223896 -0.00163521 -0.00054515 -0.00129068 -0.00170987 -0.000654561 -0.00115225 -0.00131351 -0.00193713 -0.000180334 -0.000746088 
-0.000947529 -0.00186111 -0.00102068 -0.000753427 -0.00135032 -0.00191408 0.00079669 0.000827512 -0.000990994 -0.00151078 0.000120657 0.147379 -0.00161887 -0.00287237 -0.00337356 -0.00272367 -0.00355992 -0.00409401 -0.00690541 -0.00505199 -0.00375379 -0.00545586 -0.00474745 -0.00517438 -0.00614363 0.00152443 -0.0085153 -0.000597651 0.000923947 -0.00381085 -0.00404552 -0.000475181 -0.00135253 -0.000942538 -0.00231182 -0.00141792 -0.0016112 -0.00196091 -0.00216956 -0.00228384 -0.00220522 0.000460445 -0.00169866 -0.00168334 0.000355816 -0.0003455 -0.00123728 -0.00129814 -0.00025088 -0.000504784 -0.00117798 -0.000807147 -7.89739e-05 -0.000689049 -0.00112035 -0.001552 -0.00029341 -0.000659623 -0.000452733 -0.000267009 -0.000266483 -0.000972227 -0.00156141 -0.00160444 -0.00130366 -0.00245464 -0.00194595 -0.000525488 -0.00153939 -0.000810903 -0.00120021 0.000286485 -0.000696913 -0.000878575 -0.00109905 -0.00192466 -0.000850806 -0.000695772 -0.000117614 -0.00138457 -0.000526384 -0.00207864 -0.00108973 -0.00120199 -0.00202838 -0.00128511 -0.000763259 -9.54403e-05 0.000549783 0.000699066 0.000619955 -0.001337 -0.00191329 -0.00131023 0.000194478 -0.000475286 -0.00207457 -0.00175797 -0.00187201 0.000544486 
-0.000874979 -0.0025712 -0.00154353 -0.00213661 -0.00266431 -0.00163541 -0.000732899 -0.00193576 -0.000753846 0.00117413 -0.000932838 -0.00161887 0.182884 -0.00163769 0.000717981 0.000396566 -0.00734264 -0.00348291 -0.00994373 -0.000486454 -0.00256768 -0.00577303 -0.00415827 -0.00522043 0.000607018 -0.00192379 -0.00335626 -0.00499911 -0.00460752 -0.00246651 -0.00470723 -0.00438873 -0.00183288 -0.0020461 1.39169e-05 -0.00325346 -0.00137448 -3.02262e-05 -0.0027994 -0.000730541 -0.000282188 -0.0011266 -0.000498619 -0.00292768 -0.0016072 -0.000805515 -0.00158658 -0.000957204 -0.00149884 -0.00180963 -0.0010321 -0.00150959 -0.00104673 -0.000828512 -0.00294034 -0.00045091 -0.00240937 -0.0015166 0.00018399 -0.000859095 -0.00256315 -0.00291266 -0.000746535 -0.00350455 -0.00278044 -0.0030513 -0.00332668 -0.0020276 -0.00250507 -0.00160056 -0.00249726 -0.00275982 -0.000294615 -0.00130693 -0.000466049 -0.00249791 -0.000655276 -0.00227031 -0.00108027 -0.000686366 -0.000691687 -0.000734704 -0.00115341 -0.00127185 -0.00216661 -0.0012884 -0.00290837 -0.000157147 -0.00386495 0.000407377 -0.000776447 -0.00154586 -0.000424819 -0.00141054 -0.000130971 -0.00171193 -0.00139557 -0.00180483 -0.000346894 -0.000843772 
0.000300829 -0.00164269 -0.00122602 -0.00110951 -0.00267357 -0.000543587 -0.00088707 -0.000742072 0.00273601 -0.00172324 0.00331694 -0.00287237 -0.00163769 0.19131 -0.00221861 -0.0121801 -0.00772792 -0.00602191 -0.000881073 -0.00900622 -0.0101317 -0.00555572 -0.00949262 -0.00858675 -0.00297913 -0.00825308 -0.00470919 0.000485326 -0.00399976 -0.00100066 -0.000534976 -0.00477902 -0.00184671 -0.00277151 -0.00023128 -0.00244465 -0.00218933 -0.00104901 0.000132034 -0.00128354 -0.00168874 -0.00294347 -0.00153647 6.22033e-05 -0.000781404 -0.00225881 -0.00208105 -0.00334682 -0.00217085 -0.000380185 -0.00081302 -0.0012407 -0.0020808 -0.000507512 -0.0016269 -0.00159679 -0.00169107 -0.00132885 -0.00117263 -0.0010491 -0.00216173 0.000525566 -0.00165902 -0.00112699 -2.71108e-05 -0.00124801 -0.00118527 -0.00224658 -0.000162112 -0.00124541 -0.000167964 -0.0027096 0.000455266 -0.00266592 -0.000132645 -0.000237523 -0.0016466 -0.000124586 -0.00206589 -7.44236e-05 -0.000546001 -0.00204194 -0.0015909 -0.00128925 -0.00111859 -0.00184356 -0.00201685 -0.000325949 -0.000654938 -0.000675795 -0.0018066 0.000521262 -0.001575 -0.00122152 -0.00156299 -0.000393764 -0.0010328 -0.00130954 -0.000243739 -0.00248086 
-0.00175729 -0.00241049 0.000105859 -0.00217333 -0.00108116 -0.00136939 -0.00107125 -0.00304012 -0.002419 -0.00286203 -0.000488302 -0.00337356 0.000717981 -0.00221861 0.217788 -0.00227678 0.00325311 0.00133277 -0.00230215 -0.00158727 -0.00650664 -0.00308423 -0.00782815 -0.00517405 -0.0137106 -0.0105179 -0.00659787 -0.00639867 -0.00226698 -0.0105703 -0.000824923 -0.00462636 -0.00449701 0.00019793 -0.00295678 -0.00358069 0.00046611 -0.00173739 0.000111781 -0.00381875 -0.00189047 -0.00141102 -0.00337454 -0.000608497 -0.00067533 -0.0025548 -0.00279031 -0.00109563 -0.00229983 -0.00112795 -0.0013519 -0.00129363 -0.00296691 -0.00244973 -0.00189147 -0.00139688 -0.00280245 0.000529255 -0.00139852 -0.000302649 -0.000148972 -0.00179591 -0.00257343 -0.00292236 -0.00207192 0.000440132 -0.00221866 -0.000392669 -0.000202926 -0.00137922 -0.00142349 0.00171697 -0.00126762 -0.00141296 -0.00347477 -0.000986281 -0.00235984 -0.00168337 -0.00321986 -0.00176725 -0.00054676 -0.000369445 -0.00141706 -0.000153179 -0.00290589 -0.00218524 -0.00057171 -0.00315631 -0.00351798 -0.00342747 -0.00203251 -0.00312538 -0.00250908 -0.00210051 -0.00137248 -0.000898565 -0.000424871 -0.00222236 -0.000648538 -0.00296252 
-0.00254108 -0.00245271 -0.00103331 -0.000752856 -0.000593132 8.73897e-05 -0.00294818 -0.00572822 -0.00180732 -0.00338256 -0.00110868 -0.00272367 0.000396566 -0.0121801 -0.00227678 0.228242 -0.0101517 0.00260975 -0.00338773 0.003622 -0.0156902 -0.00765071 -0.00851789 -0.010145 -0.00479246 -0.00540023 -0.00384867 0.00497731 -0.00203228 -0.00778594 -0.00530455 -0.00419638 -0.000397099 -0.00286038 0.00119056 -0.0010594 0.000950066 -0.00013565 -0.00213173 -0.00317653 -0.00126166 -0.00189929 -0.00221058 -0.000962834 -0.000552183 -0.00142012 7.21438e-05 -0.00148313 -0.000332008 -0.000883569 -0.00167933 -0.00162578 -0.000638722 -0.00150426 -0.00119561 -0.000155622 -0.00170729 -0.00310994 -0.00288339 -0.000340396 -0.00213014 -0.00155725 -0.00200754 -0.00381858 -0.000665231 -0.00192753 -0.00220701 -0.00255008 -0.00184788 -0.00067946 -0.00175735 -0.0045076 -0.00193078 -0.00158891 -0.000566015 -0.00295711 -0.0023001 -0.000908088 -0.0020214 -0.000955456 -0.0023752 -0.0014374 -0.00188868 -0.001041 -0.00102293 -0.000834335 -0.00100168 -0.00119991 -0.00351236 -0.0019627 -0.000272563 -0.00257388 -0.00165214 -0.00531133 -0.00100959 -0.00160937 -0.00324237 -0.00473614 -0.0012134 -0.00132798 
-0.00230811 -0.000130554 -0.00105579 -0.00121235 -0.00648406 -0.00349718 -0.00219263 -0.00124815 -0.00371665 -0.000703951 -0.00262473 -0.00355992 -0.00734264 -0.00772792 0.00325311 -0.0101517 0.24968 -0.00201418 -0.00424983 -0.00522964 -0.00510544 -0.00513863 -0.00418456 -0.00504808 0.000955081 -0.0137542 -0.0010947 -0.00728566 -0.00505052 -0.00541837 -0.00139595 -0.00206587 -0.00196202 -0.00154727 -0.00394908 -0.00248312 -0.00211156 -0.00581837 -0.00212599 -0.00219828 -0.0025544 -0.00348142 -0.000696012 -0.00317052 -0.00325739 -0.00140805 -0.00271317 -0.000493368 -0.00126983 -0.00288537 -0.00477233 -0.0017366 -0.00229613 -0.00472817 -0.00427295 -0.00229756 -0.00352504 -0.000152516 -2.08602e-05 -0.00228939 0.00104435 -0.000559144 -0.00325698 -0.000367947 -0.00010353 0.000727613 -0.00213911 -0.00253332 -0.00260847 5.30846e-05 -0.00113542 0.000695065 -0.00419074 -0.00164457 -0.00174841 -0.00278494 -0.000163756 -0.00116527 -0.00401982 -0.00209551 -0.00318146 -0.000763332 -0.00150473 -0.000700937 0.000337804 -0.000479447 -0.000227872 -0.00264221 -0.00264999 -0.00139467 -0.0014637 -0.00532196 0.000331267 -0.00167104 -0.0022325 -0.00263893 -0.000462686 -0.00179945 -0.00277071 -0.00344621 
-0.00308134 -0.00541975 -0.000354004 0.000232369 -0.00249833 -0.00278193 -0.00275277 -0.00549353 -0.00403636 6.20083e-06 -0.00578597 -0.00409401 -0.00348291 -0.00602191 0.00133277 0.00260975 -0.00201418 0.249942 0.00336578 -0.0127851 -0.00250858 -0.000506944 0.000429301 -0.00849679 -0.00883424 -0.00375172 -0.00135716 -0.00458632 -0.00650964 -0.00663253 -0.00441914 -0.00530239 -0.00515541 -0.00532536 -0.000425693 -0.00307215 -0.00240801 -0.00243246 -0.000339314 -0.00182539 -0.00106854 -0.00258453 -0.00306853 -0.00296146 -0.00158238 -0.00309684 -0.00128491 -0.000312135 -0.00304025 -0.000792766 -0.00289179 -0.00169803 -0.00152158 -0.00242946 0.000806497 -0.0024335 -0.000192527 -0.00508857 -0.0025873 -0.00127692 -0.000723369 -0.00213741 -0.00158312 -0.00279286 -0.00149115 -0.00362552 -0.00395668 -0.00186413 -0.00173951 0.000256111 -0.00259834 -0.00214168 -0.00376705 -0.00228797 -0.00277164 0.00116987 -0.0030952 -0.000648092 -0.0031034 -0.00411364 -0.000897077 0.00067822 -0.00287518 -0.00151509 -0.000618361 -0.00213851 -0.00153002 -0.00131996 -0.00216585 -0.00201 -0.00174059 -0.00289198 -0.00288866 -0.00287476 -0.00454282 -0.00301695 -0.00504423 -0.00222175 -0.000151169 -0.00154193 
0.000704745 -0.0021826 -0.00566961 -0.00369812 -0.000672601 -0.000487493 -0.00174134 -0.00175607 -0.00218728 -0.00753924 -0.00482638 -0.00690541 -0.00994373 -0.000881073 -0.00230215 -0.00338773 -0.00424983 0.00336578 0.24331 0.00578199 0.000177542 -0.00304878 0.00261378 -0.0095264 -0.00812562 -0.00253523 0.00427795 -0.0106269 -0.00754784 0.000308971 -0.00677221 -0.00223642 -0.00332454 -0.00123027 -0.00502116 -0.00154533 -0.0025008 -0.00206419 -0.00465556 -0.00229339 -0.00258052 -0.0033196 -0.0034107 -0.00166751 -0.00246576 -0.00021576 -0.00389148 -0.000564624 -0.000723947 -0.00101318 -0.00231628 -0.000354967 -0.00461398 -0.00105692 -0.00383043 -0.00119046 -0.000771869 -0.00232046 -0.00254918 -0.0034552 -0.00377821 -0.000282623 -0.00284357 -0.00270882 -0.002092 -0.001873 -0.00181216 -0.00323791 -0.000554209 -0.00292853 -0.00245957 -0.00024087 -0.00287665 -0.0017797 -0.00289394 -0.00288489 -0.000962773 -0.00302197 -0.00339087 -0.00104949 -0.00410959 -0.00190673 -0.00110277 -0.000162854 -0.00110816 -0.0015593 -0.00119446 -0.00147863 -0.000661617 -0.00387931 -0.00411648 -0.00143705 -0.00308495 -0.00342131 -0.00143391 -0.00340403 -0.000836158 -0.00181008 -0.00250572 -0.00385751 
-0.0005369 -0.00153636 -0.00368785 -0.00411697 -0.00223154 -0.00304728 -0.00487652 0.000297215 -0.00101813 -0.00706726 -0.00192052 -0.00505199 -0.000486454 -0.00900622 -0.00158727 0.003622 -0.00522964 -0.0127851 0.00578199 0.248368 -0.0013855 0.00470359 -0.00626516 -0.00323674 -0.00796078 -0.00410366 -0.000790424 -0.00779429 -0.0129565 -0.00377035 -0.00448702 -0.00450911 -0.00446115 -0.00153399 -0.00468956 -5.18377e-05 -0.00195243 -0.00349228 -0.00245403 -0.00405384 -0.00096701 -0.00177428 -0.00306209 -0.00113496 -0.00187302 -0.00290483 4.00526e-05 -0.00328763 -0.000661227 -0.00212607 -0.000537938 -0.000469269 -0.00241496 -0.0019526 -0.00402618 -0.00354952 -0.00204241 -0.00425074 -0.00415565 -0.00208645 -0.0019206 -0.00209399 -0.00308329 -0.000649936 -0.00122228 -0.00481965 -0.00364909 0.000410121 0.0012064 -0.00179737 -0.00104862 -0.00247107 -0.00249612 -0.00404174 -0.00245009 0.000388347 -0.00280374 -0.0013801 -0.00114968 -0.00318476 -0.00135646 -0.00540069 -0.0024774 -0.00219488 -0.00439948 -0.00188086 -0.000980585 -0.00107346 -0.000381198 -0.000139969 -0.00329077 -0.00233614 -6.18227e-05 0.000404226 -0.00179878 -0.00198305 -0.00134715 -0.000867399 -0.00210793 -0.00346986 
-0.00315724 0.000129617 -0.000211812 -0.00533404 -0.000537418 -0.00313875 -0.00141915 -0.00415432 -0.00558625 -1.03597e-06 -0.00313246 -0.00375379 -0.00256768 -0.0101317 -0.00650664 -0.0156902 -0.00510544 -0.00250858 0.000177542 -0.0013855 0.247732 -0.00354095 -0.000127561 0.00328866 -0.00991165 0.0023 -0.00360092 -0.00292657 -0.00390349 -0.000698656 -0.00704736 -0.00433933 -0.00449279 -0.00363833 -0.0024015 -0.00378911 -0.00190321 0.000242543 -0.00324973 0.000175032 -0.00170638 0.00111915 -0.00119163 -0.00461761 -0.000862801 -0.00199164 -0.00212127 -0.00192248 -0.00143376 -0.00347325 -0.0040504 -0.000835287 -0.0044414 -0.00298337 0.00215498 -0.00114198 -0.00228659 -0.00236104 -0.00100065 -0.00283149 -0.0030748 -0.00289323 -0.00307592 0.000333436 -0.00343494 -0.00331068 -0.00166879 -0.00246783 -0.00236697 -0.0030012 -0.00425812 -0.000974147 -0.00327413 -0.000660218 2.17086e-05 -0.00382695 -0.00230499 -0.00151204 -0.00231148 -0.00110391 -0.00126855 -0.000601918 -0.000759745 -0.00118497 -0.00218949 -0.00278273 -0.00488575 -0.00161601 -0.00542838 -0.00252998 -0.00434539 -0.00164428 -0.00232212 -0.000426496 -0.00105548 -0.00151722 -0.00275362 -1.39441e-05 -0.00106993 -0.00261195 
-0.00321281 -0.00262177 -0.00124401 0.000811626 -0.0007868 -0.00312284 -0.00383995 -0.00353011 -0.00403648 -0.0075215 -0.00874861 -0.00545586 -0.00577303 -0.00555572 -0.00308423 -0.00765071 -0.00513863 -0.000506944 -0.00304878 0.00470359 -0.00354095 0.248987 -0.000851615 -0.0102643 -0.000739781 -0.00271376 -0.00114138 -0.00922806 -0.00429295 -0.00502667 -0.00374825 -0.00499124 -0.00360359 -0.00463347 -0.00361447 -0.00214812 0.000109598 -0.00167684 -0.000249343 -0.00180116 -0.00201524 -0.00425696 -0.000508082 0.000621006 -0.00291354 -0.00103642 0.00164889 -0.00351559 -0.000948495 -0.00246535 -0.00337216 -0.00394789 -0.000630938 -0.00293405 -0.00249787 -0.002231 -0.00203157 -0.00109753 -0.00357373 -0.00273139 -0.000864621 -0.000982145 -0.00212926 0.000598794 -0.00208291 -0.00301521 -0.00358348 -0.00383511 5.6952e-05 -0.00193205 -0.00143086 -0.00284753 -0.000589919 -0.00332528 -0.00117469 -0.00206498 -0.000697308 -0.00135601 -0.00155384 -0.000541325 -0.00191045 -0.00208278 -0.00263075 -0.00118447 -0.00219681 -0.0018605 -0.00498237 -0.00281076 -0.00249765 0.000864705 -0.00281068 0.000479196 -0.00299678 -0.00222312 -0.0013977 -0.00178012 -0.00267589 -0.00343705 -0.00222222 -0.00132189 
-0.00341077 -0.00315864 -0.000633597 -0.00141308 -0.00375416 -0.00349437 0.00017203 -0.00170086 -0.0049904 -0.000285203 -0.00868611 -0.00474745 -0.00415827 -0.00949262 -0.00782815 -0.00851789 -0.00418456 0.000429301 0.00261378 -0.00626516 -0.000127561 -0.000851615 0.249077 -0.00351194 0.000617017 -0.00211541 -0.00161623 -0.00702667 -0.00797736 -0.00658386 -0.00549329 7.03677e-05 -0.00199113 -0.00472841 -0.00576882 -0.000969996 -0.00444873 -0.00296305 -0.00278944 -0.00158284 -0.00242174 -0.0017455 -0.00395941 -0.00289846 -0.00246689 -0.00402062 -0.000658497 0.00103686 -0.00139985 -0.00204199 -0.00237146 -0.00196452 -0.00138065 -0.000161843 0.00175936 -0.00136738 -0.00025586 -0.00230943 -0.00353678 -0.00278389 0.000876976 -0.00177114 -0.00152807 -0.00220409 -0.00343938 -0.00264823 -0.0019456 -0.000843676 -0.00214439 -0.00214906 -0.00173115 -0.00200382 -0.00131041 0.000407833 -0.00321006 -0.00305882 -0.00306351 -0.000407659 -0.00284096 -0.00270898 -0.00324052 -0.00141237 -0.00192449 -0.00110781 -0.00149939 0.000964226 -0.00159439 -0.00132819 -0.0028249 -0.00520352 -0.00259887 -0.00285832 -0.00199902 -0.00320117 -0.00174652 -0.00238475 -0.00423175 -0.0029034 0.000122496 -0.00206682 
-0.00445934 0.000317918 -0.00235619 -0.00186235 -0.000252648 -0.000688822 -0.00291567 -0.00192404 -0.0058048 0.00441137 -0.00237349 -0.00517438 -0.00522043 -0.00858675 -0.00517405 -0.010145 -0.00504808 -0.00849679 -0.0095264 -0.00323674 0.00328866 -0.0102643 -0.00351194 0.246097 -0.00655612 -0.00650573 -0.00116665 -0.00274934 -0.00437226 -0.00690382 -0.0018776 -0.00484615 -0.00230687 -0.0017553 -0.00376388 -0.001564 -0.00307669 -0.0018815 -0.00130649 0.000334542 -0.00112402 -0.000488517 -0.000738781 -0.00254988 -0.00114833 -0.00359358 -0.00592709 -0.00119286 -0.00187493 -0.00173269 -0.00226756 0.000169651 -0.00201877 -0.00177999 -0.0017629 -0.000301915 -0.00120446 0.000997296 -0.00224865 -0.00130559 -0.00113228 -0.00281682 -0.00196437 0.0012552 -0.000560525 -0.00157705 0.000873955 -0.00187963 -0.0035816 -0.00218096 -0.00134364 -0.00393081 -0.000734754 -0.000601382 -0.00358658 -0.00129685 -0.000405077 -0.00325859 -0.00193227 -0.000467998 -0.00071833 -0.000405584 -0.00236413 -0.00296363 -0.00252458 -0.00265305 -0.00259575 -0.00399743 -0.00187042 -0.00299383 -0.00136483 -0.00280383 -0.00309184 -0.00221073 -0.000777238 2.47166e-05 -0.00124186 -0.00475769 -0.00222415 -0.00204527 
0.00183084 -0.00291634 -0.00395285 -0.00456844 -0.00148689 -0.000981716 -0.00356257 -0.00448077 -0.00258533 -0.00237266 -0.00371871 -0.00614363 0.000607018 -0.00297913 -0.0137106 -0.00479246 0.000955081 -0.00883424 -0.00812562 -0.00796078 -0.00991165 -0.000739781 0.000617017 -0.00655612 0.248533 0.00044484 -0.00470418 -0.00100789 0.00259366 -0.000637123 -0.00360209 -0.00660917 -0.00286165 -0.00314634 -0.000468628 -0.00493185 -0.00470722 0.000616572 -0.00297743 -0.00187068 -0.00235464 -0.00166554 -0.00337132 -0.000998526 -0.0035177 -9.61297e-05 -0.000131782 -0.00289062 -0.00264465 -0.002632 -0.00317066 -0.00210395 -0.00329209 -0.00236822 -0.00052497 -0.00246755 -0.00276809 -0.00185115 -0.000128988 -0.00363765 -0.000917232 -0.00239533 -0.00118517 -0.0025972 0.000955057 -0.000613486 -0.000206395 -0.00200336 -0.00112784 -0.00103652 -0.00150871 -0.00292339 -0.00194083 -0.00166553 -0.00327865 -0.00124454 -0.00177428 -0.00233534 -0.0031179 -0.00342591 -0.00449037 -0.00295442 -0.00249369 -0.0021026 -0.00345257 -0.00198668 -0.000764805 -0.00336316 -0.000651527 -0.00099018 -0.00276737 -0.000733488 -0.00241093 -0.00112299 -0.000836026 -0.0032401 -0.00122921 -0.00140044 -0.00236284 -0.00198181 
-0.00262075 -0.00132295 -0.00269801 -0.00230653 -0.0039285 -0.0032227 -0.00504561 -0.00536437 -0.0034062 -0.00536501 -0.00728796 0.00152443 -0.00192379 -0.00825308 -0.0105179 -0.00540023 -0.0137542 -0.00375172 -0.00253523 -0.00410366 0.0023 -0.00271376 -0.00211541 -0.00650573 0.00044484 0.249115 -0.000339806 0.00245156 -0.00314346 -0.00348474 0.000128109 0.00012589 -0.00362141 -0.00142213 -0.00273036 -0.000578487 -0.00487015 -0.00411919 -0.00542028 -0.00358999 -0.00214436 -0.003942 -0.0016894 -0.00408454 -0.00201576 -0.00309144 -0.00179558 -0.00264232 -0.00423107 0.000483659 -0.00100612 -0.00200462 -0.000907464 -0.00107639 -0.00260374 -0.0023178 4.65574e-05 -0.00100426 -0.00169566 -0.00248798 -0.00178638 -0.00239158 0.00102224 -0.000838577 -0.0010733 -0.00311196 -0.00172276 -0.00106588 -0.000817443 -0.00212434 -0.00352412 -0.0017808 -0.00366406 -0.00395421 -0.00215477 -0.00358645 -0.00319871 -0.00294402 -0.000842137 -0.00465885 -0.00164681 -0.000368835 -0.00171507 -0.00245719 -0.000678215 -0.00310423 0.000210488 -0.00410941 -0.000603779 0.000531334 -0.00333507 -0.00319632 -0.00210604 -0.000769881 -0.00274306 -0.00186481 -0.001829 -0.00103786 -0.00382842 0.000453797 
-0.00269774 -0.00163621 -0.00430852 -0.00145174 -0.00370966 -0.00122556 -0.00338543 -0.00392793 -0.00574112 -0.00403821 -0.00842777 -0.0085153 -0.00335626 -0.00470919 -0.00659787 -0.00384867 -0.0010947 -0.00135716 0.00427795 -0.000790424 -0.00360092 -0.00114138 -0.00161623 -0.00116665 -0.00470418 -0.000339806 0.234787 -0.00546187 -0.00252636 0.000185664 -0.00393195 -0.0060741 -0.00313942 -0.00189677 -0.00258542 -0.00120739 0.000376942 -0.00406527 -0.00041958 -0.0011793 -0.00171479 -0.00438395 -0.000283627 -0.00075771 -0.00302067 -0.003333 -0.00189177 -0.00162486 -0.00189136 -0.00193532 -0.000246748 -0.0026207 -0.000796679 -0.00266581 -0.00244274 -0.00126854 -0.000828217 -0.00339129 -0.00346857 -0.00204695 -0.00327152 -0.00191587 -0.00191995 -0.00157551 -0.00365193 -0.000537859 -0.000594001 -0.00336447 -0.00359664 -0.00250204 -0.00442261 -0.00101026 -0.00180659 -0.0025873 -0.00124742 -0.00208643 -0.00316693 -0.00161788 -0.00198001 -0.00265931 -0.00240847 -0.00173257 -0.00364592 -0.00166552 -0.00121311 -0.00399301 -0.00123269 -0.00242221 -0.00319836 -0.00119257 -0.00253683 -0.00233097 0.000712213 -0.00284764 -0.000819409 -0.000563666 -0.00235151 -0.00146717 -0.00138153 -0.00133247 
-0.000983791 -0.00107927 -0.00171729 -0.00277315 -0.0013326 -0.00391905 -0.00303177 -0.00426128 -0.00331515 -0.00594919 -0.00313716 -0.000597651 -0.00499911 0.000485326 -0.00639867 0.00497731 -0.00728566 -0.00458632 -0.0106269 -0.00779429 -0.00292657 -0.00922806 -0.00702667 -0.00274934 -0.00100789 0.00245156 -0.00546187 0.203444 -0.00368164 -0.00238298 -0.00198144 -0.000870854 0.00113985 -0.00442785 -0.00239358 -0.0027422 -0.000226435 -0.00203595 -0.000561787 -0.00166904 -0.000611075 -0.00209393 -0.000260039 -0.00195112 -0.00231897 -0.002175 -0.00117684 -0.000785931 -0.00176836 -0.00167723 -0.000876349 6.36775e-05 -0.00232129 -0.000667254 -0.000256276 -0.00171849 -0.00347294 -0.000936009 -0.000211034 -0.00127621 -0.00258647 -0.00135859 -0.000193898 0.000745612 -0.00225041 -0.00175061 -0.000235424 -0.00247946 -0.00320696 -0.000922467 0.00065356 -0.00273447 -0.0010082 -0.00174837 -0.00310016 -0.00063421 -0.00264766 -0.0019787 -0.00133182 -0.00189856 -0.00132418 -0.00088528 -0.00183833 -0.00227348 -0.00122413 -0.00164723 -0.00133978 -0.00238518 -0.000421435 -0.0010812 -0.00102778 -0.00249643 -0.0024546 -0.00118086 -0.000606778 -0.00148346 -0.00232875 -0.00186408 -0.00107843 -0.00123658 
-0.00137067 -0.00214488 -0.00310452 -0.00291126 -0.000134142 -0.000785604 -0.000701334 -0.00117843 -0.000922448 -0.00378215 -0.00470246 0.000923947 -0.00460752 -0.00399976 -0.00226698 -0.00203228 -0.00505052 -0.00650964 -0.00754784 -0.0129565 -0.00390349 -0.00429295 -0.00797736 -0.00437226 0.00259366 -0.00314346 -0.00252636 -0.00368164 0.18657 0.00037834 -0.00340141 0.00116013 -0.00114241 -0.00111145 -0.00270345 -0.00179158 -0.00243401 -0.00160186 -0.00216232 0.000236636 -0.00151293 -0.000927405 -0.00188752 0.000139106 -0.0011531 -0.00153752 -0.00272494 -0.00151744 -0.00210729 -0.00163925 -0.000508635 -0.000798199 -0.000362751 -1.69471e-05 -0.00281454 -0.00243277 -0.00315926 -0.00344265 -0.000713139 -0.000376087 -0.00195848 -0.00253266 -0.00191965 -0.00186429 -0.000944617 -0.000258958 -0.0011589 -0.001351 -0.00231308 -0.00149266 -0.00247735 -0.00126929 -0.000784418 -0.000713284 0.000608628 -0.00174557 -0.00233474 0.000265118 -9.84804e-05 0.000689851 -0.000766768 -0.00138798 -0.00193344 -0.00185925 -7.16358e-05 -0.000378373 -0.000112316 -0.00200782 -0.00215094 -0.00193475 -0.00138226 -0.00142745 -0.00182955 -0.000944122 -0.0022929 -0.00222488 -0.00200726 0.000144884 -0.000173115 -0.00102077 
0.000218942 -0.00253018 -0.00291542 -0.00152168 -0.00123456 -0.00254677 -0.00222618 -0.00104821 -0.000128988 -0.00261597 -0.0054012 -0.00381085 -0.00246651 -0.00100066 -0.0105703 -0.00778594 -0.00541837 -0.00663253 0.000308971 -0.00377035 -0.000698656 -0.00502667 -0.00658386 -0.00690382 -0.000637123 -0.00348474 0.000185664 -0.00238298 0.00037834 0.181458 -0.00161131 0.0018919 -0.00247576 -0.00178791 -0.000807674 0.000157954 -0.000945935 -0.00372195 -0.00013462 -0.000685537 -0.00130577 -3.58925e-05 -0.00123576 -0.00181876 -0.00229764 -0.000872767 -0.00294898 -0.00262759 -0.000696955 -0.00254108 -0.00203456 -0.002081 -0.00162173 -0.000410011 -0.00169326 -0.00232965 -0.00180061 -0.00416913 -0.00144515 -0.00157521 -0.00352484 0.000361627 -0.00187504 -0.000170919 -0.00202748 -0.00236811 0.0009028 -0.00191761 -0.00224133 -0.00177029 0.000467133 -0.000361504 -0.00150512 -0.00117152 -0.00149935 -0.0027393 -0.0013824 -0.00114834 -0.000888625 -0.000898611 -0.000541076 -0.00269374 -0.00163457 -0.00104068 -0.00186374 -0.00241327 -0.00248519 -0.000272823 -0.00185554 -0.000699704 -0.000429987 0.000206117 -0.00063744 -0.00115693 6.30207e-05 -0.00184264 -0.00166076 -0.000959857 -0.000267752 0.000400135 
-0.00100447 0.00020392 -0.00151175 -0.00132327 -0.00208423 -7.90843e-05 -0.00113499 -0.00110495 -0.00386285 -0.00070673 -0.000240111 -0.00404552 -0.00470723 -0.000534976 -0.000824923 -0.00530455 -0.00139595 -0.00441914 -0.00677221 -0.00448702 -0.00704736 -0.00374825 -0.00549329 -0.0018776 -0.00360209 0.000128109 -0.00393195 -0.00198144 -0.00340141 -0.00161131 0.139211 -0.00189402 -0.00140536 -0.000823624 -0.000241668 0.000384556 -0.000175002 -0.00185132 -0.00098465 9.70156e-05 -0.000623325 -0.0011417 8.05309e-05 -0.000277581 8.40501e-05 2.58669e-05 -0.00146466 -0.00108546 -0.000221515 -0.000846282 0.000132992 -0.000351137 -0.000532054 -0.0013524 1.15308e-05 0.000108857 -0.000423156 0.00116198 -0.000490046 -0.00022771 -0.0014827 -0.000802022 -0.000388866 -0.00148169 -0.00120822 -0.00136206 -0.00147923 -0.00093493 -0.00148731 0.000329397 0.000421419 -0.000745156 -0.00305626 -0.000887349 -0.00101906 9.2251e-05 -7.98613e-05 -0.00141341 -0.00159767 -0.00156785 -0.000689138 -0.00273301 -0.000935517 -0.000919931 -0.00216122 -0.00226247 -0.00211505 -0.00234233 -0.000259216 -0.000840039 -0.00156396 -0.00147467 -0.00239823 -0.000828887 -0.000733765 -0.00149804 -6.92595e-05 -0.00050769 -0.00119348 -0.00130236 
0.000406002 -0.00103947 0.00019335 -0.000923592 -0.00221477 -0.000549465 -0.000848758 -0.0024336 -0.00137012 -0.00128368 -0.00147642 -0.000475181 -0.00438873 -0.00477902 -0.00462636 -0.00419638 -0.00206587 -0.00530239 -0.00223642 -0.00450911 -0.00433933 -0.00499124 7.03677e-05 -0.00484615 -0.00660917 0.00012589 -0.0060741 -0.000870854 0.00116013 0.0018919 -0.00189402 0.138203 -0.000438298 -0.000396395 -0.00106681 -0.000163628 -0.00315436 -0.00139182 -0.000895121 -0.00319638 -0.000575038 -0.000373503 -0.00107697 -0.00133906 -0.00157944 2.1847e-05 -0.000401605 -0.00097986 -0.000218268 -0.000758784 -0.000583693 3.12592e-05 -0.00145639 0.000551308 -0.00123498 -0.000722096 -0.00282669 -0.000842183 -0.000697845 -0.0010953 -0.000789136 -0.000922307 7.51445e-05 -0.00168043 -0.00209584 -0.00155822 -0.000522684 -0.000319865 -0.000583255 -0.000685759 5.23847e-05 -0.000645143 -0.000293364 -0.00108827 -0.000280711 -0.00161692 -9.3439e-05 -0.001664 -0.0027546 0.000260799 -0.001044 0.000114169 -0.00128044 -0.00194753 -0.00191918 0.000233046 -0.00203531 -0.000885123 -0.00207847 -0.00115529 -0.000713807 -0.000237351 -0.00127075 -0.00238117 -0.000974918 -0.000435253 -0.00191169 -0.00178303 -0.00136875 -0.000565469 
