0.0779199 0.000413924 -0.000239539 -0.000400079 0.000246168 -0.00048576 -0.00115133 -0.000254383 -0.00121754 -0.00183336 -0.00190122 -0.000980292 -0.00187675 -0.00396613 -0.00346267 -0.00251084 -0.00192395 -0.000847041 -0.000512091 -0.00220873 0.000807817 -0.00273478 -0.000379006 -0.00402835 -0.00391684 -0.00251468 0.000305787 -0.00337826 -0.00265763 -0.00222609 -0.000506214 -0.000874733 0.000381873 -0.000672833 -0.000265431 -0.000896043 5.96925e-05 -4.67235e-05 -0.000735092 -0.000593979 -0.000255067 -0.000543366 -6.19078e-05 -0.0010255 -0.000405514 -0.000299661 -0.000559924 -0.000275915 -0.00037351 -0.000661837 -0.00095915 -0.00100627 7.86922e-05 -0.000415127 -0.00110045 -1.39819e-06 -0.00118473 -0.000655029 -0.000796568 -0.000237074 -0.000885641 -0.00103395 -0.000333639 -0.000976982 0.000148502 -0.00027435 -0.000417128 -0.000826507 0.000211952 -0.000164634 -0.00036971 -0.00037314 -0.000339238 -0.000476677 -0.00074088 -0.000666646 -0.000656608 0.000187424 -0.000501326 -0.000360256 0.000120213 -0.000373382 -0.000925988 -0.000225836 -0.000417018 -0.000629687 -0.000437028 -0.000665764 -0.000810241 -0.000622121 4.01213e-05 -0.000447597 -0.00116119 -0.00026777 -0.000515969 -6.35204e-05 -0.000251599 0.000395854 -0.000409753 -0.000679776 
0.000413924 0.0797171 -0.000257583 -1.77888e-05 0.000301806 -0.000385454 -0.00101544 -0.000863297 -0.00116167 -0.000211269 -0.000439793 -0.00199983 -0.00156713 -0.00209848 -0.00423285 -0.00161331 -0.00163997 -0.00203882 -0.00389021 -0.000813434 -0.00116281 -0.0032592 -0.00231879 0.00033344 0.000553025 -0.00210952 -0.00190907 -0.00155244 -0.00304896 -0.00204712 -0.00148718 -0.0014127 -0.000375572 -0.000583361 -0.000491203 -0.00182448 -0.000340047 -0.00080525 -0.000865236 -0.00075705 4.26399e-06 -0.00025825 -0.000947778 -3.78776e-06 -0.00105045 -0.000330881 9.10823e-05 -0.0015934 -0.000656075 -0.000819983 0.00044722 -0.000551191 -0.000773463 -0.00067802 -0.000575033 -0.000247801 -0.00132009 -0.000146653 -0.000277733 -0.000260906 -0.000391791 -0.000760086 -0.000272358 -0.000377684 -0.0010534 -0.00087443 -0.00017276 -0.000393376 -0.000524014 -0.000845746 -0.000773024 -0.000439814 -0.000491107 -0.000249285 -0.0001634 -0.000690424 -0.000999318 -0.000458497 -0.00134831 8.56583e-05 -0.000675479 0.000371398 -0.000961628 -0.0009058 -0.00077895 -0.000529193 0.000102815 -0.000676214 -0.000339668 0.000406237 9.58643e-06 0.000139792 -0.000459574 -0.000818547 -0.000917974 -0.000581261 -0.000813914 -0.00065555 -0.00015742 -0.00133953 
-0.000239539 -0.000257583 0.0682477 -0.000716701 -0.000394278 -0.000227678 -0.000382967 -4.53399e-05 -0.00060909 -0.00113511 -0.00197995 -1.17779e-05 -0.00149213 -0.00176196 -0.00354731 -0.00157171 -0.00182816 0.000158269 -0.00275723 -0.00314815 -0.00236753 -0.00025839 -0.00023602 -0.00197883 -0.00282133 -0.000698649 -0.00258177 -0.00245984 -0.00171772 -0.00171953 -0.00170306 -0.00202822 -0.000321381 -0.000387136 -0.000787174 -0.000607828 0.000308455 -0.000982068 -0.000797638 -0.000402676 -0.000484699 0.000114575 5.0977e-05 -0.000400754 -5.46096e-05 -0.000553762 -0.00042648 -0.00042535 -5.06555e-05 -0.000618329 -8.70987e-05 0.000314089 8.60588e-05 0.000286378 -0.000726855 -0.00144849 -0.000419772 -0.000879807 -0.000155403 -0.000390603 -0.000347472 -0.000354847 -0.00053439 -0.000421619 -0.00061394 -0.000259987 -5.74462e-05 -0.000743448 -0.00041955 -0.000784024 -0.00068509 -0.000119874 -0.000383612 4.58184e-06 -0.000509064 -0.000449948 -0.000452577 -0.000537143 -0.000361687 -0.000205935 -0.000693178 -0.000201554 -9.64201e-05 -0.00096426 -0.000269747 0.000124102 -0.00078821 -2.71521e-05 0.000144868 0.000431235 -0.00113777 -0.0004403 -0.000833497 -0.000682076 -0.000772277 -0.000224464 0.000424411 -0.000320044 -0.000103791 -0.00081313 
-0.000400079 -1.77888e-05 -0.000716701 0.0914531 0.000244217 0.000179604 -0.000892826 0.000199488 -0.000836825 -0.000234917 0.000432441 -0.000463604 -0.00272685 -0.00421785 -0.00124769 -0.00177382 8.18423e-05 -0.00220048 -0.00174797 -0.00424258 -0.00204769 -0.00269518 -0.00248829 -0.00285407 -0.00093062 -0.00200078 -0.00206574 -0.00163371 -0.00166847 -3.47962e-05 -0.00175722 -0.00130201 -0.000180577 -0.000924977 -0.000695286 -0.000900013 -0.00101392 -0.000558385 -0.000702834 -0.00150894 -0.00124426 6.66023e-05 -0.00194093 -0.000979375 -0.00128475 0.0003204 -0.000162767 -0.00122247 -0.00129301 -0.000297892 -0.00119705 -0.00111452 -0.000775738 -0.00152011 -0.00123988 -0.00133917 -0.00123773 -0.00110354 -0.000799209 -0.000630811 -0.00150201 -0.00135005 -0.000445265 -0.00022909 -0.00129472 -0.000504887 -0.000979872 -0.000898289 -0.000614172 -0.0010895 -9.80411e-05 -0.000910423 -0.000650344 -0.000209981 -0.000239744 -0.000722861 0.000290396 -0.000798677 -0.000541985 -4.67689e-05 -0.000740843 -9.69476e-06 0.0010346 -0.000783004 -0.00128149 -0.000301644 -0.000612713 -0.00107074 -0.000807447 -2.56079e-05 -0.00078091 -0.00121268 -0.000927838 -0.000326647 -0.000659293 -0.000328512 -0.000198629 -0.000311557 -0.000929407 -0.000800657 
0.000246168 0.000301806 -0.000394278 0.000244217 0.0870508 0.000467148 -4.76499e-05 6.96877e-05 -0.00112119 0.0010383 -0.00374178 -0.00103186 -0.000472481 -0.00142678 -0.000588173 -0.0027935 -0.00316425 -0.00202651 -0.00337827 -0.00342974 -0.000377321 -0.00227812 -0.0043031 -0.00610966 -0.00100561 -0.000775532 0.00090824 -0.00121066 -0.000413805 -0.00165435 -0.00112963 -0.00226785 -0.000714442 -0.000191028 -0.000862895 -0.00117312 -0.00176144 0.000299736 -0.00143719 -0.00131446 -0.000241804 -0.00055605 -0.0012046 0.000124882 -0.00121609 -0.00172377 -0.000664195 -0.000134919 -0.000278948 -0.00118232 0.00018164 -0.000921813 -0.000740149 -0.00091496 -0.00059815 -0.000503065 -0.0010774 -0.000551419 -0.00102961 0.000384151 -0.00108106 -0.000532961 1.43171e-05 -2.62718e-05 -0.000323201 -0.00110777 -0.000944071 -0.000814127 -0.00079888 -0.000789383 -0.00130865 -0.00160846 -0.000511335 0.000206211 -0.00102654 -0.00137664 0.000286942 -0.000456473 -0.00146656 -0.000876492 -0.00028268 -0.000544044 -0.000418412 -0.00104278 -0.000637473 -0.00132456 -0.000190523 -0.00075689 -0.000889774 -9.32965e-06 -0.00046157 -0.000420073 -0.000655902 -0.000427493 -0.000421858 -0.000755273 8.18154e-05 -0.000814002 -0.000154419 -0.000514228 
-0.00048576 -0.000385454 -0.000227678 0.000179604 0.000467148 0.0840713 -0.000333038 -6.18744e-05 -0.00151211 0.00035659 -0.00186074 -0.00195975 -0.00216905 -0.000246917 6.09798e-05 -0.00230961 -0.00338159 -0.00252824 -0.00212464 -0.00167827 -0.00436942 -0.00155781 -0.000519782 -0.00090846 -0.00280267 -0.00108048 -0.00222962 -0.00333396 -0.00301166 -0.000637121 -0.000963257 -0.00129618 -0.000995139 -0.000776355 -0.000389628 -0.00115173 -0.00106929 -0.000565956 -0.00177521 -0.000924117 -0.000605664 -0.000751471 -0.000544815 -0.00124443 -0.00118805 -0.00146171 -0.00111812 -0.00059528 -0.00093263 -0.000574312 -0.000740708 -5.26795e-05 -0.000527064 -0.00115751 -0.000968039 -0.00126074 -0.000484233 -0.000763762 -0.00036554 -0.000392181 -0.000660273 -0.000773602 -0.000401675 -4.17533e-05 -0.0011678 -0.000665994 -0.000347544 -0.00083323 -0.000655966 -0.00034935 0.000194868 2.31201e-05 -0.000596137 6.45812e-05 -0.000594476 -0.000558506 -0.000171109 -0.000762639 -6.47833e-05 -0.000558838 -0.000796799 -0.00112 -0.000272894 -0.000826884 -0.000862683 6.39529e-05 0.000519553 -0.000787916 -5.44767e-05 -0.00033973 0.000539846 -0.000749899 -0.000694823 0.000211236 -0.00111279 -0.000587476 -0.000864903 -0.000420202 -0.000520269 -0.000185816 
-0.00115133 -0.00101544 -0.000382967 -0.000892826 -4.76499e-05 -0.000333038 0.110811 -0.000322762 -0.0014518 -0.000592949 -0.000891179 -0.0016102 0.00017253 -0.000839282 -0.00419731 -0.00398659 -0.00348742 0.00229566 -0.00290896 -0.000132055 -0.000536307 -0.00285528 -0.00418914 -0.00273461 -0.00191045 -0.000816291 -0.00170641 -0.00105453 -0.00117975 -0.00133372 -0.00248445 -0.00411296 -0.00117647 -0.00210382 -0.000676794 -0.000636207 -0.00264598 -0.000433027 -0.000776067 -0.00203391 -0.000925592 -0.001336 -0.000949598 -0.000622716 -0.000830757 -0.00241739 -0.000709043 0.00015091 -0.000878269 0.000228432 -0.000750037 -0.000648843 -0.000805155 -0.00158305 -0.00160236 -0.000896025 -0.00047108 -0.0014636 -0.000538466 -0.000348431 -0.000459071 -0.00190078 -0.00057044 -0.000718315 -0.0021553 -0.00130645 -0.00087439 -0.000542608 -0.00125127 -0.00140806 -0.000853364 -0.00107131 -0.000317803 -0.000966707 -0.00137265 -0.000872528 -0.000693091 -0.000786124 -0.00053364 -0.000794481 -0.00184492 -0.000282694 -0.00113958 -0.000845708 -0.00118525 0.000297832 -0.000655062 -0.000542503 -0.000969079 -0.00041831 -0.00103595 -0.000781519 -0.00123119 -0.000673387 -0.0014632 -0.000168399 -0.000857 0.000150222 -0.00134107 -0.00180726 
-0.000254383 -0.000863297 -4.53399e-05 0.000199488 6.96877e-05 -6.18744e-05 -0.000322762 0.0927448 -0.00126931 0.000554001 6.76458e-05 -0.000145965 -0.000915228 -0.00381789 -0.00138745 -0.00238619 -0.00378751 -0.00299807 -0.0032727 -0.0013927 -0.000797338 -0.00129833 -6.80637e-05 -0.00406289 -0.00417057 -0.00345004 -0.00208441 -0.00259655 -0.00262387 -0.00197109 -0.000613301 -0.000422255 0.000147249 -0.000725385 -0.000293188 -0.00147498 -0.0011887 -0.000595669 -0.000400507 -0.00182278 -0.000409139 -0.00105459 -0.00165725 -0.000371596 -0.000985908 -0.000867942 -0.000611253 -0.000375193 -0.000380359 -0.00131543 -0.000757089 -0.000724253 -0.000880515 -0.00110872 -0.000819103 -0.00116997 -0.00097216 -0.000361044 -0.000614963 -0.00023747 0.00054397 -0.0012767 0.000565916 -0.00071719 -0.00173544 -0.00112516 -0.00112377 -0.000648549 -0.000782373 -0.00153804 -0.00118772 -0.00087808 -0.000705386 -0.000536927 -0.00063942 0.000283233 -0.000665297 -0.000515815 -0.000724458 -0.000379429 -8.5442e-05 -0.000389028 -0.00109383 -0.000912908 -0.000144067 -0.000484622 -0.00073886 1.98264e-06 -0.000354757 -0.000414065 -0.000623285 0.000267003 -0.000375187 -0.0010492 -0.00128261 -0.000764425 -0.000471127 -0.000498935 -0.00140511 7.6782e-05 
-0.00121754 -0.00116167 -0.00060909 -0.000836825 -0.00112119 -0.00151211 -0.0014518 -0.00126931 0.116369 -0.000322342 0.00173086 -0.000705991 -0.000511936 1.20661e-05 -0.00420224 -0.00278556 -0.00257941 -0.00496003 -0.0063094 -0.00276524 -0.00491218 -0.00169099 -0.00148368 -0.00294988 -0.00100588 -0.00239836 -0.00225015 -0.00318229 -0.0014129 -0.00241157 -0.00126259 -0.00246509 -0.00162577 -0.00150163 -0.00119262 -0.0024763 -0.00113212 -0.000682913 -0.000114506 -0.00148057 -0.00134045 -0.000918053 -0.000759638 -1.41984e-05 -0.000612155 -0.000403708 -0.00146467 -0.000817302 -0.000497534 -0.000392769 -0.00105814 -0.000361741 0.000785102 -0.00138146 -0.00126585 -0.00165957 -0.0011478 -0.000703277 -0.000314107 -0.000603321 -0.00051415 -0.000918001 -0.00100012 -0.0010071 -0.0008944 -0.000517588 -0.0014091 -0.000665874 -0.000349031 -0.00180423 -0.000110491 -0.00124882 -0.000840226 -0.000298886 -0.0012961 -0.00109266 -0.00039089 -0.000821622 0.00058 -8.22186e-05 -0.000696375 -0.00097961 -0.000620429 -0.000769517 -0.00106009 -0.000453254 -0.00181789 -0.0012907 -0.000493686 -0.000555256 -0.00136661 -0.000245037 -0.00177713 -0.000597917 -0.00104974 -0.00128458 -0.000371168 -1.71902e-05 -0.000261915 -0.000837853 
-0.00183336 -0.000211269 -0.00113511 -0.000234917 0.0010383 0.00035659 -0.000592949 0.000554001 -0.000322342 0.133882 -0.000724389 -0.00126215 -0.00308095 -0.004006 -0.00507301 -0.00347918 -0.0036811 -0.00577656 -0.00431803 -0.00435144 -0.000784962 8.16367e-05 -0.00436741 -0.00247509 -0.00503078 -0.00742215 -0.00526846 -0.00434769 -0.00431183 -0.000138979 -0.000511019 -0.00128305 0.000557237 -0.000757515 -0.000777407 -0.00169857 -0.000856029 -0.00186274 -0.00251045 -0.00149607 -0.00179573 -0.00207501 -0.00130941 -0.000479464 -0.0011128 -0.00193063 -0.000617625 0.00019492 -0.000922263 -0.00110631 -0.000997282 -0.000909037 -0.000458624 -0.0015203 0.000156139 -0.000912999 -0.00172144 -0.00152443 5.37294e-05 -0.000656226 -0.00114449 -0.00121218 -0.000510554 -0.000180174 -0.00119147 -0.00102825 -0.00164861 -0.000564933 -0.00163821 0.000219586 -0.000249968 -0.00132771 -0.000876855 -0.00124601 -1.11955e-05 -0.00140755 -0.000566571 -0.0015781 -0.00140748 -5.68319e-06 -0.00205583 -0.000483974 -0.00127609 -0.00134087 -0.000722545 0.000633653 0.000101385 -0.000580542 -0.000965794 -0.0004247 -0.000919248 0.000131207 -0.000403485 -0.00102614 -0.000843195 -0.0001659 -0.000398125 -0.00101959 -0.00108177 -0.000424082 
-0.00190122 -0.000439793 -0.00197995 0.000432441 -0.00374178 -0.00186074 -0.000891179 6.76458e-05 0.00173086 -0.000724389 0.161905 -0.00485291 -0.00434673 0.0020102 0.000150887 0.00126998 -0.00717381 -0.000413891 -0.0019112 -0.00144652 -0.00629597 -0.00262531 -0.00781412 -0.00477201 -0.0014657 -0.00546728 -0.00324475 -0.00462507 -0.00477361 -0.000716437 -0.0023791 0.0020123 0.000178883 -0.00557767 -0.00320769 -0.00238933 0.000959802 -0.00338218 -0.00379788 -0.00164193 -0.000813899 -0.00334793 -0.00210521 -0.00212903 -0.000409079 -0.00122661 -0.00074207 -0.000979539 -0.000653764 -0.00211048 -0.00154446 -0.000162575 -0.00211318 5.8298e-05 -0.000603528 -0.00189106 0.001697 -0.00219299 3.66069e-06 -0.00162932 -0.00223272 -0.00123817 5.42508e-05 -0.00137546 -0.00231484 -0.00105853 -0.00258398 -0.000219236 -0.00101556 -0.00244199 -0.00169065 -0.000494525 -0.00198131 0.000244944 0.000293844 -0.00132907 -0.000687815 -0.000619636 -0.0013361 0.000382043 -0.00121963 -0.00182202 -0.0014137 -0.00148667 -0.000499031 -0.00218627 -0.000578794 -0.00017511 -0.00109934 -0.00150428 -0.00174564 -0.0025277 -0.00221413 -0.00112276 -0.00242265 -0.00232046 -0.00103288 -0.000527258 -0.0023785 -0.00204072 
-0.000980292 -0.00199983 -1.17779e-05 -0.000463604 -0.00103186 -0.00195975 -0.0016102 -0.000145965 -0.000705991 -0.00126215 -0.00485291 0.161086 -0.00196305 -0.00157601 -0.00106347 -0.00699949 0.00228843 -0.00445448 -0.00597854 -0.00198102 -0.00708263 -0.00544258 -0.0104108 -0.00068498 -0.0055074 -0.00524922 -0.00567318 -0.00502239 -0.00292912 0.00163421 -0.00376299 -0.00127767 -0.0016418 -0.00378838 -0.00239398 -0.00162028 -0.00363481 -0.00115005 -0.00215104 -0.00195495 -0.00175351 -0.000794675 -0.000865152 -0.0011211 -0.000905783 0.000246128 -0.000701638 -0.000413033 -0.000825752 0.000596646 0.000247653 -0.00189291 -0.000906662 -0.000881335 -0.000152394 -0.00143539 -0.000660965 -0.00165739 -0.00109424 -0.00191261 -0.00108604 -0.000959413 -0.000469187 -0.00135679 -0.00126713 0.000275592 -0.00176107 -0.00106251 -0.00120794 -0.00200106 -0.0010859 -0.00186578 -0.00116764 9.03757e-07 -0.00114211 -0.000967897 -0.00198653 -0.00128772 -0.00191738 -0.000867257 0.000622381 -0.00120575 -0.000188435 -0.000479703 -0.00143242 -0.00173273 -0.00147906 -0.00184313 -0.000184696 -0.00132392 -0.00165575 0.000424528 -0.000721872 0.000314983 -0.00104449 0.00145195 -0.000477741 -0.00180875 -0.000181126 -0.00157721 
-0.00187675 -0.00156713 -0.00149213 -0.00272685 -0.000472481 -0.00216905 0.00017253 -0.000915228 -0.000511936 -0.00308095 -0.00434673 -0.00196305 0.200318 -0.000458734 0.00332608 -0.000131052 0.00408732 -0.00020933 -0.00635056 -0.00707201 -0.00522134 -0.00779499 -0.00334248 -0.00693436 -0.00846548 -0.00606881 -0.000976667 -0.00786904 0.000970689 -0.00218556 -0.00543666 -0.0074387 -0.000657654 -0.00306872 -0.000722391 -0.00239196 -0.0029979 -0.000703444 -0.00300857 0.000999909 -0.00166348 -0.000829642 -0.001418 -0.000645848 -2.40991e-05 -0.00208676 -0.00166498 -0.000862165 -0.000776369 -0.00268906 0.000105361 -0.00223425 -0.00186474 0.000169255 -0.00103602 -0.00287901 -0.00364653 -0.00185404 -0.0019493 -0.00172091 -0.00212907 -0.000277981 -0.000922192 -0.000749836 -0.00287745 -0.000308511 -0.000421123 -0.00211647 -0.00188947 -0.00188793 -0.00131238 -0.00311104 -0.00132444 -0.00208383 -0.000819149 0.000743976 -0.00171257 -0.00320204 0.000646337 -0.00244938 -0.00258472 -0.00169127 -0.00297934 -0.000700918 -0.00181765 -0.00126342 -0.00382335 -0.00283347 -0.00118752 -0.00120013 -0.00337899 -0.000621765 -0.00214633 -0.0012635 -0.00233929 -0.00189369 -0.00156915 -0.0018871 -0.00292932 -0.00335992 
-0.00396613 -0.00209848 -0.00176196 -0.00421785 -0.00142678 -0.000246917 -0.000839282 -0.00381789 1.20661e-05 -0.004006 0.0020102 -0.00157601 -0.000458734 0.229014 -0.000523415 -0.00583429 -0.00725035 -0.00635093 -0.00181873 -0.00278788 -0.00669803 0.00267461 -0.00956735 -0.00505804 -0.00394053 -0.00551332 -0.00259627 -0.00574838 -0.0012651 -0.00291518 -0.00299298 -0.00105948 -0.00314115 -0.00277705 -0.002372 -0.00116069 -0.00222542 -0.00176572 -0.00045842 -0.00182438 -0.00323196 -0.00176043 -0.000239038 -0.0013112 -0.00282672 -0.00144267 -0.00275259 -0.000352492 -0.00233014 0.000172177 -0.00112013 -0.0023804 -0.00261636 -0.000359458 -0.004183 -0.00363365 -0.000785114 -0.00382037 -0.00231113 -0.00171256 -0.00116958 -0.00203744 -0.00216586 -0.00200075 -0.00130074 -0.00122992 -0.00137607 -0.00194638 -0.00190783 -0.00379718 0.00101427 -0.00299162 -0.00418571 -0.00332845 -0.0039637 -0.00275205 -0.00405262 -0.00476254 -0.00232093 -0.00288754 -0.00146093 -0.00200683 -0.00231313 -0.00200408 0.000430153 -0.000122516 -0.00197245 -0.00237268 -0.00211956 -0.00259572 -0.00209034 -0.00079181 -0.00222674 -0.00287327 -0.000819404 -7.26479e-06 -0.00147222 -0.00194837 -0.0037132 -0.00100917 
-0.00346267 -0.00423285 -0.00354731 -0.00124769 -0.000588173 6.09798e-05 -0.00419731 -0.00138745 -0.00420224 -0.00507301 0.000150887 -0.00106347 0.00332608 -0.000523415 0.232404 -0.00210824 -0.00133898 -0.00478674 -0.00787695 -0.0011496 -0.00239447 -0.00657013 -0.00978247 0.00099879 -0.0106908 -0.00814672 -0.00283192 -0.00505517 -0.00720349 -0.000529431 -0.00263789 -0.00309704 -0.00263755 -0.00595756 -0.00300024 3.0225e-05 -0.00390561 -0.0030996 -0.00573858 -0.00165655 -0.00304586 -0.00223878 0.000265975 -0.00406682 -0.000245637 -0.0018533 0.00027416 -0.00393725 -0.0031782 -0.00259726 -0.00208887 0.00133858 -0.00211956 -0.00230189 -0.0030211 -0.00248116 -0.00260296 -0.00270172 0.000165327 -0.00274889 -0.00216165 -0.000574593 -0.00223325 -0.000240117 1.59713e-05 0.00020359 -0.00209852 -0.0027978 -0.00141886 -0.00127417 -0.00203279 -0.00195575 -0.00223753 -0.00138988 -0.00205544 0.000142001 -0.00185164 -0.000882167 -0.00101783 -0.00228295 -0.000765808 -0.00326623 -0.0014564 -0.00254553 -0.000985045 -0.00184817 -0.00285274 -0.00372672 -0.00364022 -0.00113318 -0.00198683 -0.00202982 -0.0013476 -0.00102487 0.00197391 -0.00148775 -0.00210984 -0.00314199 -0.000869676 -0.00367666 
-0.00251084 -0.00161331 -0.00157171 -0.00177382 -0.0027935 -0.00230961 -0.00398659 -0.00238619 -0.00278556 -0.00347918 0.00126998 -0.00699949 -0.000131052 -0.00583429 -0.00210824 0.245271 -0.00178322 0.00185285 -0.00569837 0.00076075 -0.00305577 -0.00255715 -0.00555709 -0.0136474 -0.00537178 -0.00325688 -0.00626548 -0.00690889 0.000531565 -0.00472837 -0.000834154 -0.00103332 -0.00268046 -0.00545128 -0.00657347 -0.00643949 -0.00183466 -0.00248737 -0.000114992 -0.00218414 -0.000492821 -0.00269551 -0.00103481 -0.00479936 -0.00118808 -0.00392468 -0.00431156 -0.00353318 -0.00323361 -0.00279844 -0.000825268 -0.000631434 -0.00467704 -0.00224657 -0.00146044 -0.00409266 -0.000446504 0.000108462 -0.00148794 -0.00129178 -0.00237551 -0.00196567 -0.00210389 -0.00332766 -0.00172469 -0.00272161 -0.00161668 -0.00144761 -0.0022234 -0.00444591 -0.00202831 -0.00267286 -0.00199607 -0.00170831 -0.000147363 -0.00147505 -0.00301762 -0.00294422 -0.00188651 -0.000846956 -0.00312267 -0.00170993 0.000583634 -0.00117411 -0.00102316 -0.00357656 -0.00240155 -0.000855127 -0.0032446 -0.00150467 -0.00131802 -0.00289072 -0.00025551 -0.00287315 -0.00226784 -0.00229426 -0.0010839 -0.000205039 -0.00109623 -0.000886935 
-0.00192395 -0.00163997 -0.00182816 8.18423e-05 -0.00316425 -0.00338159 -0.00348742 -0.00378751 -0.00257941 -0.0036811 -0.00717381 0.00228843 0.00408732 -0.00725035 -0.00133898 -0.00178322 0.24657 -0.00138001 -0.00305638 0.000915421 -0.00408376 -0.004321 -0.00068943 -0.011247 -0.0137079 -0.0117962 -0.0056895 -0.00805837 -0.00851734 -0.00378116 -0.00439083 -0.00628934 -0.00258355 -0.00280663 -0.000725305 -0.000471159 0.000508132 -0.000684442 -0.00131105 -0.0017036 -0.00191177 -0.00127377 -0.00200139 -0.000615898 -0.00274577 -0.00387757 -0.000917315 -0.00202598 -0.00221638 -0.000978535 -0.00140873 -0.0017982 -0.00284269 -0.000534059 0.000661479 0.000968382 -0.00177732 -0.0017965 -0.00431502 -0.00227185 -0.00519701 -0.00126221 -0.00499746 -0.00125934 -0.00309823 -0.00264962 -0.00175281 3.37691e-05 -0.00302782 -0.00187267 -0.000998499 -0.0027049 -0.00218086 -0.00351843 -0.00138691 -0.00115763 -0.000740853 -0.00296029 -0.00345252 -0.00343855 -0.000854799 -0.003847 -0.000738768 -0.000691628 0.00134984 -0.00243107 -0.00112554 -0.00128536 -0.0015401 6.04297e-05 -0.00189381 -0.00163987 -1.16467e-05 -0.00140072 -0.00260024 -0.000414032 -0.00220433 -0.00395158 -0.00260478 -0.00501046 
-0.000847041 -0.00203882 0.000158269 -0.00220048 -0.00202651 -0.00252824 0.00229566 -0.00299807 -0.00496003 -0.00577656 -0.000413891 -0.00445448 -0.00020933 -0.00635093 -0.00478674 0.00185285 -0.00138001 0.246771 -0.00631481 -0.00737448 -0.00563201 -0.000923094 -0.00305685 -0.0109276 -0.00951984 -0.00354476 -0.00552522 -0.00369786 -0.0010709 -0.00665778 -0.00965231 -0.00246842 -0.00355961 -0.00525061 0.000477136 -0.00199993 -0.00464318 -0.00158377 -0.0014738 -0.000841831 5.90065e-05 -0.00151314 0.00133072 -0.000635802 -0.00419502 -0.00186895 -0.000970428 -0.00157737 -0.00130508 -0.00224049 -0.00203844 0.000368017 -0.00375915 -0.0017935 -0.00169103 -0.0018945 -0.00318389 -0.000764395 -0.00191924 -0.00100249 -0.00208314 -0.00139232 -0.00187422 -0.00257356 -0.00360031 -0.00443685 -0.000120577 -0.00274067 -0.00399659 -0.00278031 -0.00153399 -0.00213409 0.000500167 -0.00191873 -0.00116052 -0.00371543 -0.000572713 -0.000800674 -0.00133612 -0.0024016 -0.000913863 -0.00181496 -0.00106532 -0.00311001 -0.00333051 -0.00371659 0.000357818 -0.00144673 -0.00133144 -0.00193666 -0.00201301 -0.00230926 -0.000658868 -0.00177522 -0.0039366 -0.00323931 -0.00313219 -0.000699099 -0.003971 -0.00355493 
-0.000512091 -0.00389021 -0.00275723 -0.00174797 -0.00337827 -0.00212464 -0.00290896 -0.0032727 -0.0063094 -0.00431803 -0.0019112 -0.00597854 -0.00635056 -0.00181873 -0.00787695 -0.00569837 -0.00305638 -0.00631481 0.249764 -0.00485614 -0.00817047 0.00932812 -0.00621177 -0.00370058 -0.00896384 -0.011906 -0.00386801 -0.00366768 0.000277603 -0.0077091 -0.00369068 -0.0042484 -0.00261681 0.0011937 -0.00234038 -0.000843137 -0.00379009 -0.000610429 -0.00381614 -0.00263202 -0.00306674 -0.00143247 -0.00512518 -0.00364549 -0.00223905 -0.000713941 -0.00373577 -0.00176151 -0.00178513 -0.000970805 -0.00208893 -0.00241201 -0.00107327 -0.00157999 -0.00163403 -0.00115496 -0.00156491 -0.000807452 -0.00273139 -0.00139539 -0.00147852 -0.00071147 0.000692149 -0.000854414 -0.00226657 -0.000366113 -0.00322503 -0.000952529 -0.00204104 0.000857361 -0.0016169 -0.00127759 -0.00436261 -0.0027547 -0.00074489 -0.00424524 -0.00325662 -0.00368861 -0.00159918 -0.00225499 -0.00363029 -0.00129377 -0.00252993 -0.00253402 -0.00216594 -2.9085e-05 0.000509711 -0.000884555 -0.00249626 -0.00134743 -4.36884e-05 -0.000748705 -0.000697659 -0.00139519 -0.00497291 -0.00151782 -0.00299218 -0.00286255 -0.00205358 0.0040552 
-0.00220873 -0.000813434 -0.00314815 -0.00424258 -0.00342974 -0.00167827 -0.000132055 -0.0013927 -0.00276524 -0.00435144 -0.00144652 -0.00198102 -0.00707201 -0.00278788 -0.0011496 0.00076075 0.000915421 -0.00737448 -0.00485614 0.245959 -0.00400662 -0.00527027 -0.000833125 -0.000286251 0.00124398 -0.00244824 -0.0109198 -0.000815205 -0.00758312 -0.0016611 -0.00389588 -0.00349876 -0.00237216 -0.00238436 -0.00446952 -0.0078511 -0.00515397 -0.00170471 -0.00123003 -0.00394191 -0.00250337 -0.00217611 -0.00187468 -0.00224139 -0.0024113 -0.00247172 -0.00379155 -0.00265324 -0.00176741 -0.00224846 -0.000792238 -0.00201422 -0.00392293 -0.00194107 -0.00182715 0.00293689 -0.00333317 -0.00186555 0.000387372 -0.00262373 -0.00171279 -0.00152006 -0.00207709 -0.00279001 -0.00322115 -0.00407145 -0.00165003 -0.00140999 -0.000709073 0.000242922 -0.00417139 -0.00147403 -0.00238027 -0.00109543 -0.000647688 -0.00232836 -0.00337177 -0.00123492 -0.00104538 -0.00182534 -0.0027925 -0.00308545 -0.0033035 -0.00147585 -0.00209885 -0.00352013 -0.00423109 -0.00124716 -0.0020538 -0.00131217 -0.00188171 -0.00376169 -0.00251798 -0.00135674 -0.00166638 -0.0013469 -0.00514266 -0.00355478 -0.00385528 0.000109996 
0.000807817 -0.00116281 -0.00236753 -0.00204769 -0.000377321 -0.00436942 -0.000536307 -0.000797338 -0.00491218 -0.000784962 -0.00629597 -0.00708263 -0.00522134 -0.00669803 -0.00239447 -0.00305577 -0.00408376 -0.00563201 -0.00817047 -0.00400662 0.249898 -0.00333367 -9.67867e-07 -0.0107965 -0.00462703 -0.000772213 -0.00533282 -0.00337918 -0.00767261 -0.0042121 -5.51618e-06 -0.00662929 -0.00179933 0.000264455 -0.000331027 -0.0007186 -0.00246789 -0.000928657 -0.000599114 -0.00265503 -0.000292958 -0.000800746 -0.00269851 -0.00426033 -0.00155813 -0.0024068 -0.00391734 -0.00108774 -0.00165346 -0.00416397 -0.00158755 -0.00219231 -0.00219193 -0.00266437 -0.00175103 -0.000589532 -0.00478523 -0.00186924 -0.000623416 -0.00193246 -0.00308756 -0.0036739 -0.00109178 -0.00247572 -0.00143088 5.99237e-05 -0.00200783 -0.00167292 -0.000265853 -0.00107703 -0.00399766 -0.0018053 -0.00173797 -0.00247917 -0.0041483 -0.00187625 -0.000419757 -0.0012978 -0.00288023 -0.00104668 -0.00284453 -0.00260634 -0.0017627 -0.00291749 -0.00482051 -0.00264105 -0.00264874 -0.00317181 -0.00230292 -0.00190421 -0.0026204 -0.00380013 -0.000850693 -0.00130959 0.00116169 -0.000587528 -0.000965851 7.20528e-05 -0.000686886 -0.00606454 
-0.00273478 -0.0032592 -0.00025839 -0.00269518 -0.00227812 -0.00155781 -0.00285528 -0.00129833 -0.00169099 8.16367e-05 -0.00262531 -0.00544258 -0.00779499 0.00267461 -0.00657013 -0.00255715 -0.004321 -0.000923094 0.00932812 -0.00527027 -0.00333367 0.243104 0.00143929 -0.00145488 -0.00551784 -0.00399273 -0.00734528 -0.00724865 -0.00144635 -0.00349999 -0.00472803 -0.00216994 -0.00219233 -0.00406008 -0.00468128 -0.00314808 -0.00110801 -0.00193478 -0.00323165 -0.00082797 -0.0033686 -0.00216584 -0.0001065 -0.0030555 -0.00263936 -0.00176871 -0.00115239 -0.00249801 -8.83549e-05 -0.00208645 -0.00343656 -0.00150562 -0.000918619 -0.00221804 -0.00463287 -0.00316173 -0.000326062 -0.00483245 -0.00244896 -0.00564287 -0.000792879 -0.00418231 -0.00311619 -0.000435119 -0.00122037 -0.000594341 -0.00360962 -0.00314321 -0.00191142 0.000529479 -0.00233745 -0.00428402 -0.00295422 -0.00250943 -0.00305415 0.000559019 -0.00458356 -0.00358609 -0.00376532 -0.00466538 -0.0026946 -0.00299055 -0.00319005 -0.0019065 -0.00437714 -0.00297598 -0.00363675 -0.00029439 -0.00336936 -0.00283733 -0.00324034 -0.000764256 -0.0027669 -0.00132589 0.000497677 -0.00169736 -0.00131097 -0.00209734 -0.00138987 -0.000495887 
-0.000379006 -0.00231879 -0.00023602 -0.00248829 -0.0043031 -0.000519782 -0.00418914 -6.80637e-05 -0.00148368 -0.00436741 -0.00781412 -0.0104108 -0.00334248 -0.00956735 -0.00978247 -0.00555709 -0.00068943 -0.00305685 -0.00621177 -0.000833125 -9.67867e-07 0.00143929 0.249914 -0.00424378 0.00182534 -0.00577088 0.00351848 0.00183915 -0.0062722 -0.00838654 0.000448608 -0.00171814 -0.00566128 -0.00429955 6.20891e-05 -0.00174922 -0.00187179 -0.00414176 -0.00244957 0.00137266 -0.00340783 -0.00144683 -0.00226732 -0.00371235 -0.00239467 -0.00155839 -0.0031976 -0.00191708 -0.00202663 -0.00208029 -0.00240258 -0.00324291 -0.00285934 -0.00269645 -0.00398243 -0.00161159 -0.00242464 -0.0023533 -0.00365548 -0.00170839 -0.00134061 -0.00228158 -0.00393908 -0.00146135 -3.39839e-05 -0.00203833 -0.000909381 0.000608641 -0.000846372 -0.00491892 -0.00224112 -0.00157644 0.000614459 -0.00212797 -0.00147098 -0.00210209 -0.00173621 0.000265772 -0.00270332 -0.00196712 -0.00380971 -0.00118693 -0.0040456 -0.00415948 -0.00400325 -0.00272176 -0.00248885 -0.00276651 -0.00141054 -0.00341564 -0.00122602 -0.00342305 -0.00168413 -0.00205693 -0.00340366 -0.000850246 -0.0010239 -0.00305843 -0.00170239 -0.00464618 
-0.00402835 0.00033344 -0.00197883 -0.00285407 -0.00610966 -0.00090846 -0.00273461 -0.00406289 -0.00294988 -0.00247509 -0.00477201 -0.00068498 -0.00693436 -0.00505804 0.00099879 -0.0136474 -0.011247 -0.0109276 -0.00370058 -0.000286251 -0.0107965 -0.00145488 -0.00424378 0.246105 -0.00283523 -0.00418941 -0.0133787 -0.00480216 -0.0071413 0.000580641 -0.00251509 -0.00352082 -0.00494729 -0.00198664 -0.00281669 -0.000158671 -0.00115904 -0.00214784 -0.000978948 -0.00159199 -0.00345378 -0.00147958 -0.00347378 -0.00145745 -0.00201611 0.000596938 -0.000535701 -0.00122664 -0.00250496 -0.00114003 -0.00425465 -0.00379208 -0.00162456 -0.00380301 -0.000921413 -0.00357362 -0.00158066 -0.0032869 -0.00122152 -0.000547054 0.000242275 -0.00396156 -0.0021682 -0.00351035 -0.0015396 -0.00173429 0.000663554 -4.7343e-06 -0.00163044 -0.00250042 -0.000390221 -0.00039349 -0.00130503 -0.00261151 -0.00112095 -0.00180276 -0.00102011 0.000669217 -0.00179166 0.002175 -0.00153849 -0.000721881 -0.00349678 0.0012453 -0.002366 -0.00129939 -0.00344895 -0.00453854 0.000716958 -0.00242371 -0.00181807 -0.00137222 -2.3947e-05 -0.00276468 -0.000165487 -0.000808379 -0.0008999 -0.00120809 -0.00139234 0.00136365 
-0.00391684 0.000553025 -0.00282133 -0.00093062 -0.00100561 -0.00280267 -0.00191045 -0.00417057 -0.00100588 -0.00503078 -0.0014657 -0.0055074 -0.00846548 -0.00394053 -0.0106908 -0.00537178 -0.0137079 -0.00951984 -0.00896384 0.00124398 -0.00462703 -0.00551784 0.00182534 -0.00283523 0.243715 0.00761992 -0.00442853 0.00637739 -0.00219115 -0.00455131 -0.00196919 -0.0055463 -0.0023685 -0.00341601 -0.00194807 -0.00283938 -0.00459105 -0.0035514 0.00116135 -0.001341 -0.00129929 -0.00124166 -0.00338705 -0.000614505 -0.002503 -0.00108593 -0.00183123 -0.0018038 -0.00221206 -0.00369769 -0.00194118 -0.00294287 -0.00320241 -0.00467373 -0.00209146 -0.00291756 -0.00444897 -0.00110175 0.000313089 -0.00155094 -0.00336271 2.19132e-05 -0.00174161 -0.00254247 -0.00227896 -0.00296959 -0.00318538 -0.0018692 -0.00134577 -0.000884177 -0.00256573 -0.002489 0.000682581 -0.00132914 -0.00351229 -0.00196906 -0.000964384 -0.00285863 -0.000762145 -0.00131343 -0.0025046 0.000436826 -0.00287235 -0.0019761 -0.00214657 -0.00264492 -0.00297057 -0.00263321 -0.00212149 -0.00165717 -0.00241455 -0.00106839 -0.00237844 -0.00141433 -0.00200125 -0.00188122 0.000255965 -0.000564261 -0.0011386 -0.00437764 
-0.00251468 -0.00210952 -0.000698649 -0.00200078 -0.000775532 -0.00108048 -0.000816291 -0.00345004 -0.00239836 -0.00742215 -0.00546728 -0.00524922 -0.00606881 -0.00551332 -0.00814672 -0.00325688 -0.0117962 -0.00354476 -0.011906 -0.00244824 -0.000772213 -0.00399273 -0.00577088 -0.00418941 0.00761992 0.228099 -0.0079961 0.000718782 0.000203259 -0.00287192 -0.000217909 -0.00148831 -0.0015057 -0.00386423 -0.0022318 -0.0012562 -0.00297448 -0.00426828 0.00145342 -0.00230605 -0.000141342 -0.00236225 -0.00220721 -0.00350777 -0.00123196 -0.0025926 -0.00226845 -0.000653376 -0.00111139 -0.00184999 -0.00243992 -0.00114107 -0.00155894 -0.00217866 -0.00399408 -0.00482862 -0.000720853 -0.00188621 -0.00100708 -0.00200649 0.000661146 -0.00219754 -0.00320734 -0.00121195 -0.00226802 -0.00322467 -0.00275893 -0.00138479 -0.000198692 -0.00206031 -0.000660358 -0.00196901 -0.00157842 0.000818434 -0.00301524 -0.00297426 -0.00177917 -0.001469 -0.00166523 -0.00170783 -0.00124527 -0.00329311 -0.00377633 0.000274804 -0.00373651 -0.0011754 -0.00169358 -0.00180682 -0.000678277 -0.000943224 -0.000384362 -0.00200013 -0.00314729 -0.00192234 -0.00234663 -0.00309878 -0.000348977 -0.000653263 0.00135301 -0.00156223 
0.000305787 -0.00190907 -0.00258177 -0.00206574 0.00090824 -0.00222962 -0.00170641 -0.00208441 -0.00225015 -0.00526846 -0.00324475 -0.00567318 -0.000976667 -0.00259627 -0.00283192 -0.00626548 -0.0056895 -0.00552522 -0.00386801 -0.0109198 -0.00533282 -0.00734528 0.00351848 -0.0133787 -0.00442853 -0.0079961 0.220716 -0.00258997 -0.0043265 -0.00122163 0.00235954 -0.00366542 -0.00340487 3.63784e-05 -0.00612307 -0.00178362 -0.00052698 3.4752e-05 -0.00199907 -0.00153485 -0.00135649 -5.43286e-05 -0.00172743 0.000382058 -0.00237167 -0.0015196 -0.00117178 -0.000336252 -0.00200568 -0.00100641 -0.00201926 -0.00338428 -0.00154579 -0.000480021 -0.00181305 0.000849126 -0.00331793 0.000175355 -0.0024076 -0.00131796 -0.00162481 -0.00124219 -0.00167737 -0.0012979 -0.00255981 -0.00264638 -0.00207967 -0.00176088 -0.00205237 -0.00018625 0.000568051 -0.00196243 -0.00123148 -0.00118912 -0.00300236 -0.00049958 -0.00303482 -0.00276944 -0.00170799 -0.00102091 -0.00114013 -0.00117049 -0.00059723 -0.00390569 -0.00137949 -0.00171635 -0.0017588 -0.000141688 -0.00211049 -0.00318407 -0.00113701 -0.00184716 -0.00202327 -0.00328199 -0.00193147 -0.00248716 -0.00163842 -0.000485813 -0.000371449 -0.00282052 
-0.00337826 -0.00155244 -0.00245984 -0.00163371 -0.00121066 -0.00333396 -0.00105453 -0.00259655 -0.00318229 -0.00434769 -0.00462507 -0.00502239 -0.00786904 -0.00574838 -0.00505517 -0.00690889 -0.00805837 -0.00369786 -0.00366768 -0.000815205 -0.00337918 -0.00724865 0.00183915 -0.00480216 0.00637739 0.000718782 -0.00258997 0.219333 -0.00826173 -2.54174e-05 -0.00299784 -0.00116829 -0.00194835 -0.00122713 -0.00226957 0.0012986 -0.00257955 -0.00362606 -0.000348622 -0.00173375 -0.00235391 -0.00258487 -0.00182726 -0.000557755 -0.000840747 -0.00174594 -0.0028063 -0.00159297 -0.00214924 -0.00343346 -0.001534 -0.00367101 -0.000512064 -0.000869862 -0.00280398 -0.00488315 -0.00180645 -0.00318653 -0.00332758 -0.00351052 -0.00180254 -0.001806 -0.000810866 -0.00143489 -0.00141301 -0.00133469 -0.00161515 -0.00196057 0.00101109 -0.00192825 -0.00174574 1.4949e-05 -0.00255996 -0.000460197 -0.0018429 -0.00160594 -0.000749291 0.00114691 -0.00096357 -0.000967681 0.00164732 -0.00217523 -0.00167381 -0.00170783 -0.00252874 -0.00176864 -0.00227503 -0.00238742 -0.00208314 -0.00221205 -0.00115428 -0.00247888 -0.00183345 -0.00290635 -0.0019368 -0.00222684 -0.00167177 -0.00206182 -0.00292329 -0.00395904 
-0.00265763 -0.00304896 -0.00171772 -0.00166847 -0.000413805 -0.00301166 -0.00117975 -0.00262387 -0.0014129 -0.00431183 -0.00477361 -0.00292912 0.000970689 -0.0012651 -0.00720349 0.000531565 -0.00851734 -0.0010709 0.000277603 -0.00758312 -0.00767261 -0.00144635 -0.0062722 -0.0071413 -0.00219115 0.000203259 -0.0043265 -0.00826173 0.183491 -0.00140609 -0.00198591 -0.00230814 0.000144726 -0.00104028 7.08996e-05 -0.00282878 -0.00273387 -0.00205489 -0.00297253 -0.000972477 -0.000957356 -0.00201667 -0.00148428 0.000329131 -0.00190049 -0.00189805 -0.00178942 -0.00123085 -0.00161775 -0.00129917 -0.00102354 -0.00169728 -0.00149637 -0.00184664 -1.21088e-06 0.000367538 0.000719021 -0.000573939 5.25549e-05 -0.000728221 -0.00253017 -0.000911499 -0.00111664 -0.00232874 -0.00111047 -0.000767707 -0.000100888 -0.000356051 -0.000966007 -0.00211394 -0.000734171 -0.00232337 -0.00151448 -0.00237759 -0.00198734 -0.00265102 -0.00253551 -0.00183415 -0.00312427 -0.00148623 -0.00107742 3.36468e-05 -0.001983 0.000777509 -0.00201181 -0.000821332 -0.000358471 -0.000757057 -0.00146622 -0.00274051 -0.00120916 -0.000511761 -0.00114966 -0.00231922 -0.0022173 -0.000775053 -0.00212917 -0.00156928 -8.63882e-05 0.000649082 
-0.00222609 -0.00204712 -0.00171953 -3.47962e-05 -0.00165435 -0.000637121 -0.00133372 -0.00197109 -0.00241157 -0.000138979 -0.000716437 0.00163421 -0.00218556 -0.00291518 -0.000529431 -0.00472837 -0.00378116 -0.00665778 -0.0077091 -0.0016611 -0.0042121 -0.00349999 -0.00838654 0.000580641 -0.00455131 -0.00287192 -0.00122163 -2.54174e-05 -0.00140609 0.160057 -0.00273617 -0.000373 -0.00107031 6.10016e-05 -0.00163147 -0.00370756 -0.000892453 -0.00163388 -0.00249771 -0.00277084 -0.00144328 -0.00288601 -0.00188385 -0.00117409 -0.00227685 -0.00144851 -0.00147992 -0.00212995 -0.00191102 -0.00151115 -0.000157838 -0.00156005 -0.00118814 3.73601e-05 3.67964e-06 -0.00255866 -9.10096e-05 -0.00198779 -0.00091657 -0.0016939 -0.00288717 -0.000517353 -0.00142563 -0.00118352 -0.00255523 -0.00107498 -0.000792798 -0.00168831 -0.00121584 -0.00225409 -0.000952224 -0.000800297 -0.00142114 -0.0021899 -0.000446867 -0.000858914 -0.00228236 -3.56451e-06 -0.000154058 -0.00139577 -0.00200406 -0.00139184 -0.000348991 0.000699308 -0.00109712 0.000185983 -0.00103798 -0.00187344 -0.00102909 -0.000739254 -0.000116264 -0.00110893 -5.39975e-05 -0.000373555 -0.00229377 -0.00133068 -0.00190489 -0.00199166 -0.00157972 -3.82076e-05 
-0.000506214 -0.00148718 -0.00170306 -0.00175722 -0.00112963 -0.000963257 -0.00248445 -0.000613301 -0.00126259 -0.000511019 -0.0023791 -0.00376299 -0.00543666 -0.00299298 -0.00263789 -0.000834154 -0.00439083 -0.00965231 -0.00369068 -0.00389588 -5.51618e-06 -0.00472803 0.000448608 -0.00251509 -0.00196919 -0.000217909 0.00235954 -0.00299784 -0.00198591 -0.00273617 0.133773 -0.00108081 -0.000875937 -0.000972702 0.000188977 0.000925367 -0.000884427 0.000405833 -0.00162429 -0.000895361 -0.000604581 -0.00159343 -0.00131249 -0.000824214 -0.00172328 -0.00126535 -0.00128336 -0.00101065 -0.0010646 -0.00151678 -0.00216695 -0.00166303 -0.002362 -3.48938e-05 -0.000257303 -0.00216234 -0.00211652 1.42471e-05 -0.000757645 -0.000497233 -0.00149833 -0.000412879 -0.00194937 -0.00119788 -0.000428991 -0.00179202 -0.00187212 -0.000604534 -0.000692953 -0.00180973 -0.000125354 -0.000792264 -0.00175932 -0.000686148 -6.52079e-05 -0.000302458 -0.000946009 -0.000771705 -0.00193413 6.37526e-05 -0.00221313 -0.000314791 -0.00180758 -0.00144443 -0.000840074 -0.000902257 -0.000993121 -0.000812987 -1.78771e-05 -0.000945365 -0.000558728 -0.000712488 -0.000730113 -0.00103501 -0.000906174 -0.000919483 -0.000486178 -0.000475186 -0.000923221 -0.00170252 
-0.000874733 -0.0014127 -0.00202822 -0.00130201 -0.00226785 -0.00129618 -0.00411296 -0.000422255 -0.00246509 -0.00128305 0.0020123 -0.00127767 -0.0074387 -0.00105948 -0.00309704 -0.00103332 -0.00628934 -0.00246842 -0.0042484 -0.00349876 -0.00662929 -0.00216994 -0.00171814 -0.00352082 -0.0055463 -0.00148831 -0.00366542 -0.00116829 -0.00230814 -0.000373 -0.00108081 0.147989 -0.000606302 -0.0025037 0.000288798 -0.000351641 0.00106445 -0.00191374 -0.00162927 -0.00311312 -0.00137082 -0.00119611 -0.00211544 -0.0015104 0.000305959 -0.00142173 -0.000670572 -0.000940389 -0.000966237 -0.00101627 -0.00172584 -0.00114689 -0.000945817 -0.000556914 -0.00186282 -0.00161408 -0.000119402 -0.000850591 0.000244288 -0.00133385 -0.000881143 -0.000161472 -0.00106833 -0.00147264 -0.00138227 -0.00135822 -0.0015673 -0.00132871 -0.00108662 -0.0011779 -0.000540015 0.00100547 -0.00093777 -0.00192695 -0.000329078 -0.00112158 -0.00060868 0.000484981 -0.00113676 -0.000637762 -0.000833871 -0.00240602 -0.000856201 -0.000360932 -0.00239239 -0.000756972 -0.00236513 -0.00109941 -0.00139465 -0.00193785 -0.00104279 -0.000941206 -0.00113495 -0.0010566 -0.00208581 -0.00183177 -0.000354627 -0.000119783 -0.00182569 -0.000848707 
