0.104916 0.00107582 -0.000682853 -0.000157377 0.000442802 0.000173294 -0.000182762 -0.00219328 -0.000338055 -0.000706229 -0.00314547 -0.00110749 0.000616662 -0.00413302 -0.0017302 -0.00495956 0.000501777 -0.00444413 -0.00564569 -0.00388516 -0.00232357 -0.00109764 -0.000622305 0.000151229 0.00192343 -0.00382997 -0.00468382 -0.00362418 -0.00362873 -0.00452137 -0.00199628 -0.00148523 -0.00086576 -0.000962994 -0.000291139 0.000163761 -0.000862255 -0.000822849 -0.000798623 -0.000359435 -0.000680478 -0.00128625 -0.00122789 -0.000777826 -0.00089962 -0.000740907 -0.000315276 -0.00189297 0.00010943 -0.000408406 -0.000229643 -0.00042534 -0.000456907 -0.000296363 -1.01062e-05 -0.0010255 2.92479e-05 -0.00241101 -0.000428261 -0.000955484 0.000667572 -0.000908316 -0.000704209 -0.000408349 -0.000389991 -0.0011458 -4.9049e-05 -0.000341354 -0.000257278 -0.000849099 -0.00123738 0.000293572 -0.000441114 -0.000569271 -0.000888025 -0.000943318 -0.000786266 -0.000192054 -0.00169964 -0.000983075 -0.00141796 -0.00180015 0.000276724 -0.00186663 -0.000139337 -0.000957598 -0.001187 -0.000449605 -0.00088353 -0.000806262 -0.000790242 -0.00142805 -0.000774408 -0.00172527 -0.00183881 -0.00128092 -0.000671083 -0.00039015 0.000111179 0.000303552 
0.00107582 0.0833935 0.000167369 0.000448097 -0.000748733 0.000661522 0.000258609 -0.000888516 -0.000223299 -0.00106932 -0.00146169 -0.00238349 -0.00315569 -0.00244763 -0.000607135 -0.00524978 -0.00128781 -1.84013e-05 -0.0028371 -0.00297688 0.000428262 -0.00212682 -0.00273762 0.00049933 -0.00273335 -0.00116038 -0.00201218 -0.00225397 -0.00125667 -0.00112183 -0.000752377 -0.00182038 -0.00102215 -0.000813071 -0.00120584 -0.000755376 -0.000375624 -0.000194603 -0.00211038 -0.000513588 -0.000444004 -0.00122875 -0.000163497 -0.000357905 -0.000650957 -0.000502798 -0.000785864 -0.000843542 -0.000537565 -0.000222143 0.000126708 -0.00073336 -0.000476352 -0.000849512 -0.00151468 -0.00120137 -0.000809735 -0.00111432 -0.000155272 -0.000450594 0.000408972 -0.000255065 -0.00128069 -0.00088387 0.000418434 -0.00092383 -0.000883655 0.000162395 -0.000616802 -0.000396312 -0.000217602 -0.000846714 -0.000314183 -0.000443642 -0.00110113 -0.00163968 -0.000456153 -0.000400939 -0.000281318 -0.000936299 -0.000789575 -0.000454094 -0.00147016 -0.0017412 -0.000541826 -0.000133169 -0.000120486 -0.00102983 -0.00100117 -0.00107767 -0.000657397 -0.000406976 -0.000383817 -0.000715401 -0.000678221 -0.000918676 -0.000351549 -0.000111152 5.84893e-05 -0.000283306 
-0.000682853 0.000167369 0.0717454 -0.000488466 -0.000665919 -0.000899705 0.000153355 -0.00034319 -0.00163597 -0.000926825 -0.00183181 0.000762287 -0.0022671 -0.000511152 -0.000946654 -0.00372074 -0.00256721 -0.000696883 -0.00239555 -0.00058683 -0.000135009 -0.0042286 -0.00120717 -0.0029927 -0.00137564 -0.00273791 -0.000677371 -0.00100293 -0.000663717 0.000859997 -0.00124037 -0.00155942 -0.000538967 -0.00137036 -0.000382188 -0.00015199 -0.00122016 -0.0011299 8.5912e-05 -0.000297718 -0.000603314 -0.000842686 -0.000752632 -0.00100491 -0.00025153 -0.000155445 -0.000484165 0.000216628 -0.000495588 -0.000336736 0.000155678 6.59912e-05 0.000149591 -0.000870162 -0.000964096 -0.000419373 0.000216011 -0.00148758 -0.000546119 -0.000879003 -0.000359576 -0.000544493 -0.000852967 -0.000960873 -0.000278919 3.16918e-05 -0.000894604 -0.000745987 -0.000627796 -0.000248188 -0.000403714 -0.00117616 8.91553e-05 0.000257863 -0.000260664 -0.00110659 -0.00085456 -0.000896794 -0.000414332 -0.000636996 -0.000859525 -8.55757e-05 -0.000269931 -0.000461151 -0.000596003 -0.000317345 -0.000358404 -0.000216455 -0.000646264 -9.98657e-05 -0.000451487 -0.000752435 -0.000759798 -0.000886161 -0.00116053 -0.00103196 -0.000355194 -0.000116515 2.36269e-05 -0.000120451 
-0.000157377 0.000448097 -0.000488466 0.0800763 -0.000281964 0.000163158 -0.000119401 -0.000901271 -0.000264592 -0.00168077 -0.000537156 -0.00245928 -0.00118006 -0.00178028 -0.00169504 -0.00269108 -0.00354561 -0.00404239 -0.00289423 -0.00254858 -0.00310262 -0.000714081 -0.0035553 -0.00191612 -0.000699658 -0.00304373 -0.00182917 0.000566186 -0.00179096 -0.000387964 -9.81284e-05 -0.00053814 -0.00135373 -0.000603892 2.24087e-05 -0.000674195 -0.000717413 -0.000773992 -0.00100177 -0.000703734 9.18885e-05 -0.000205082 -0.000462347 -0.00118774 -0.00016812 -0.00103974 -0.000328898 -0.000740591 -2.16734e-05 -0.000395603 0.00011824 -0.000364738 -0.000548959 0.000218284 -0.000371131 -0.00105288 7.72121e-05 -0.000394337 -0.00056853 -0.000828215 -0.000914687 -0.000529484 0.000392571 -0.000173625 -0.000588458 -9.33467e-05 -0.00101899 0.000403114 -0.000573807 -0.00102663 1.21435e-05 -0.000287191 -0.000977537 -4.39302e-05 -6.80647e-05 -0.000291129 -0.000905683 -0.000644003 -0.000570541 -0.000716783 -0.000898221 -0.000424295 -0.00137143 -0.00129349 -0.00021993 -0.00012105 -0.000712207 -1.58229e-05 -0.000295042 -0.000882968 -0.000931325 -0.000846002 -2.27325e-05 -0.00173373 -0.000251061 -0.000960265 -0.000728938 -0.000988043 -0.000663303 -0.00035513 
0.000442802 -0.000748733 -0.000665919 -0.000281964 0.0732929 1.38686e-05 3.20399e-05 -0.00078677 -0.000996174 -0.000403485 -0.000764688 0.000279583 -0.00137518 0.000640837 -0.00242147 -0.00103395 0.000435858 -0.00291858 -0.00259524 -0.00304191 -0.000512529 -0.00136738 -0.00297391 -0.00202036 -0.00142737 -0.00216412 -0.00276072 -0.00290995 -0.00114893 -0.00217098 -0.000726647 -0.000549793 -8.98728e-05 -0.000973061 -0.000909697 -0.00112248 -0.000901532 -0.00073804 -0.000369517 -0.000519732 -1.93388e-06 -0.000795466 -0.000426264 -0.000491072 -0.000760903 -0.000369912 -0.000178465 -0.000347187 1.35741e-06 -1.01191e-05 -0.000762965 -0.000409922 -0.000403309 -0.000439778 -0.00045624 -0.000806397 -0.000607854 -0.000192241 -0.000613786 -0.000344356 -0.000236737 0.000274858 0.000109249 -0.000187591 -0.000779005 -0.00115505 -0.000835265 0.000241905 -0.000598106 -0.000488954 -0.000962221 -0.00111641 -0.000408537 -0.000560074 0.000268515 -0.00134285 -0.000420874 -0.00114559 -0.000606169 -0.000361761 -0.000566502 -0.00047344 -0.000727204 -0.000179716 -0.000859491 -1.2623e-05 -0.000879488 -0.00117516 -0.000270826 -0.000709894 -0.000422757 -0.000310871 -0.000652789 -0.00034414 -0.00103569 -0.000922845 -0.000315571 -0.000361987 -0.000954572 -0.000844192 
0.000173294 0.000661522 -0.000899705 0.000163158 1.38686e-05 0.10819 -0.000372469 0.000744348 -0.000302468 -7.33196e-06 0.000466128 0.000859138 -0.00149756 -0.00158904 -0.00165089 -0.00412499 -0.00373093 -0.00362101 -0.00667044 -0.00549443 -0.00156386 -0.0022265 -0.00409077 -0.00104473 -0.00136548 -0.00324235 -0.00392993 -0.00164408 0.000821393 -0.00294863 -0.002046 -0.000632547 -0.00194053 -0.000140887 -0.00068622 -0.000275532 -0.00064301 -0.000793197 -0.00201448 0.000176364 -0.00120848 -0.000392012 -0.00115653 -0.00108147 -0.00233574 -0.00041073 -0.000761513 -0.000706194 -0.000206433 -0.000306708 0.000216553 -0.000793996 -0.000431075 -0.000709951 -0.000893705 -0.000977507 -0.000300986 -0.0022129 -0.00096267 -0.0010965 -0.000841594 -0.00247308 -0.000524748 -0.000548284 -0.00025284 -0.00124066 -0.00105438 -0.000846295 -0.00080016 -0.000735768 -0.00121573 -0.00038315 -0.00130478 -0.00138861 -0.000425412 -0.000810412 -0.00111457 -0.00104097 -0.000210446 -0.000492413 6.8224e-05 0.000389443 -0.000669689 -0.00148715 -0.00150596 -0.000552393 -0.00157241 -0.000192017 -0.00117754 -0.000992413 -0.00114958 -0.000770069 -0.00102428 -0.00115578 -0.000762422 -0.00135821 -0.000673477 -0.000247772 -0.000819811 -0.000993044 
-0.000182762 0.000258609 0.000153355 -0.000119401 3.20399e-05 -0.000372469 0.0932428 -0.000140081 0.000813492 0.000996805 -0.00236817 0.000644477 -0.00126779 -0.00301174 -0.00119902 -0.00551783 -0.00112469 -0.00166425 -0.00310712 -0.00123495 -0.00195843 -0.00290028 -0.00132681 -0.00587012 -0.0026556 0.000616556 -0.00201499 -0.00244464 -0.00167709 -0.00172163 -0.00155352 -0.00231643 -0.00161202 -0.000571882 -0.00174168 -0.000365423 -0.00195302 -0.000710897 0.000491005 0.000213144 -0.000511695 -0.000707164 -0.000741358 -0.000900225 -0.000689472 -0.00189159 -0.00163115 -0.00234878 -0.000261094 -0.000127383 -0.000381837 -0.000902453 -0.00151123 -0.000141387 -0.000799167 -0.00104817 -0.000790601 0.000552589 -0.000520139 -0.000992752 -0.00016647 -0.000569382 -0.000950967 -0.000757399 -0.000868705 -0.000989348 -0.00117824 -0.000289365 -0.00155798 -0.0010483 1.06349e-05 -0.000105324 -0.000886182 -0.000514794 -0.000701125 -0.000699669 -0.00128708 -0.000502696 -0.000479512 -0.000844225 -0.000731759 -0.000587958 -0.000646799 -0.00125569 -0.000235961 -0.00100343 -0.000908154 -0.000496874 0.000307396 0.000313244 -0.000296809 -0.000444913 -0.000508909 -0.00136038 -0.000746538 -0.000704733 -1.62487e-05 -0.000771259 -0.00115265 -0.00077798 
-0.00219328 -0.000888516 -0.00034319 -0.000901271 -0.00078677 0.000744348 -0.000140081 0.117401 -0.000345585 0.00129012 -0.00121583 -0.00221168 -9.49674e-05 -0.00315818 -0.00198214 -0.00747338 -0.00978003 -0.00332009 0.000733388 -0.00427997 -0.00325936 -0.00128376 -0.000589372 -0.00258183 -0.000627056 -0.00477373 -0.00114866 -0.00230222 -0.00222671 -0.00370802 -0.00243672 -0.00115694 -0.0030031 -0.00393757 -0.000858451 -0.0019351 -0.00191433 -0.00135412 -0.00242052 0.000187088 -0.00115907 0.000959133 -0.000229814 -0.00155234 -0.000386742 -0.00145601 -0.000876581 -0.00129126 -0.000771561 -0.00121596 -0.000686334 0.000141226 -0.000897751 -0.000354325 -0.000323009 0.000369443 -0.00124489 -0.00101582 -0.000915363 -0.000913322 0.000284611 -0.000443217 -0.000816349 -0.00115163 -0.000236178 -0.00081321 -0.00118258 -0.00118671 -0.00209388 -0.000495941 6.57406e-07 -0.000443167 -0.000417377 -0.000550116 -0.000142975 0.0003663 -0.000920044 -0.000905017 -0.00042 -0.00014799 -0.00127124 -0.000210315 -0.00177697 -0.00183824 -0.000531751 -0.00097089 0.000300131 -0.000659183 0.000199227 -0.000610189 -0.000677261 -0.00117331 -0.000670675 -8.57129e-05 -0.00149621 -0.000155421 -0.000750809 -0.00145158 6.08191e-05 -0.000419132 
-0.000338055 -0.000223299 -0.00163597 -0.000264592 -0.000996174 -0.000302468 0.000813492 -0.000345585 0.110403 -0.000963503 -0.00145367 -0.00243003 -0.0013041 -0.000685425 -0.00201773 -0.000823367 0.000758446 -0.00238233 -0.00145079 -0.00745392 -0.00348322 -0.00358644 -0.00490703 2.50541e-05 -0.00496384 -0.00257666 -0.000563605 -0.00229084 -0.00133466 0.000403409 -0.00275487 -0.000170272 -0.00119584 -0.0012146 -0.00206459 -0.0012243 -0.00195558 0.000885429 -0.000919067 -0.000387974 -0.00119168 -0.000741409 -4.57767e-06 -0.000563403 -0.000177203 -0.000161501 -0.000886811 -0.00134315 -0.000969055 -0.000305916 -0.00108919 -0.000568172 -0.00140251 -4.86211e-05 0.00078053 -0.00138622 -0.00225919 -0.000953259 -0.000741011 -0.000484933 -0.000472235 -0.000629409 -0.000389564 -0.000466661 -0.000821934 -0.0010613 -0.000613464 -0.000705876 -0.0029778 -0.000237689 -0.00129711 -0.00193927 -0.000426609 -0.000517244 -0.000942317 -0.00209085 -0.000564758 -0.00096948 -0.00107363 -0.000345397 -0.000983673 -0.00101352 -0.0013892 -0.00105149 -0.00110198 -0.000315196 -0.000160524 -0.00233376 -0.00085929 -0.000458464 -0.00148269 -0.000259453 -0.00137457 -0.00178137 -0.00113571 -0.000663649 -0.000455621 -0.000219234 -0.00132111 -0.00122433 
-0.000706229 -0.00106932 -0.000926825 -0.00168077 -0.000403485 -7.33196e-06 0.000996805 0.00129012 -0.000963503 0.124213 -0.00077262 -0.0024636 0.00073279 -0.00166166 -0.00241763 -0.00411794 -0.0035671 -0.00687043 -0.00196899 -0.000772089 -0.00105772 -0.00553168 -0.00274635 -0.00453554 -0.00208861 -0.00454421 -0.00360963 -0.00125275 -0.0029476 -0.00210196 -0.00216042 0.000602441 0.0016321 -0.000744753 0.000184955 -0.00201407 -0.00169062 -0.001054 -0.00235791 2.71177e-05 0.000190105 -1.24017e-05 -0.000528811 -0.00274685 -0.0013185 -0.000661306 -0.00179599 -0.000742248 -0.00114614 -0.000204131 3.4071e-05 -0.0011885 -0.00133694 -0.00121225 0.00141973 -0.00113379 -0.00186252 -0.000533803 -0.000765906 -0.000374253 -0.00111516 -0.000988897 -0.00106081 -0.000280259 -0.00226584 -0.0016972 -0.00202621 -0.00138202 -0.00328661 -0.00209078 0.000307795 -0.00194925 -0.000428243 -7.96416e-06 -0.000650956 -0.000840064 -0.00313551 -0.000511045 -0.000903456 -0.000872561 -0.00147574 -0.00113089 -0.000442999 -0.000110215 -0.00108747 -0.000978857 -0.000997112 -0.00138199 -0.000694275 -0.000656227 -8.46086e-05 -0.00159948 0.000149617 -0.000516127 -0.00158689 -0.0018624 -0.000581741 -0.000353797 -0.000621195 -0.00175374 
-0.00314547 -0.00146169 -0.00183181 -0.000537156 -0.000764688 0.000466128 -0.00236817 -0.00121583 -0.00145367 -0.00077262 0.151532 -0.00112759 0.00140749 -0.00237231 -0.00101086 -0.000908871 -0.00447666 -0.00741755 -0.000260101 -0.0019412 -0.00142104 -0.00388122 -0.000761131 -0.00483251 -0.00299371 -0.00561041 -0.00353338 4.01404e-05 -0.00783742 -0.00571642 -0.00398569 -0.00180483 -0.00172439 -0.00150189 -0.00298544 -0.000560552 -0.00167651 -0.000469638 -0.00116045 -0.00127979 -0.00237414 -0.000518721 -0.00186169 -0.00203268 -0.00166593 -0.000483122 -0.000863084 -0.00106694 -0.00158046 -0.000315855 -0.00104997 -0.00156987 -0.00116191 -0.000601687 -0.0021468 -0.00101132 -0.00108915 -0.00152983 -0.00033202 -0.00176538 -0.00115416 -0.000657986 -0.000777779 -0.00187424 -0.000640816 -0.00154213 -0.00080955 -0.000939588 -0.00170773 -0.000205184 -0.000477344 -5.28096e-05 -0.00111497 -0.000545202 -0.00244064 -0.00228352 -0.000771662 -0.000988031 -0.00165261 -0.00133117 -4.50461e-05 -0.000760721 -0.00224005 -0.0010171 -0.000944093 -0.00161807 -0.0003296 -0.00117373 -0.00181805 -0.000986964 -0.000540508 -0.00140082 -0.000434424 -0.000962612 -0.000885324 -0.000457412 -0.000519139 -0.00116587 -0.000558099 -0.001798 
-0.00110749 -0.00238349 0.000762287 -0.00245928 0.000279583 0.000859138 0.000644477 -0.00221168 -0.00243003 -0.0024636 -0.00112759 0.169723 -0.00191465 -0.00235215 -0.00177255 -0.00324674 0.000594149 -0.00554525 -0.0098179 -0.00227821 -0.00520886 -0.00464963 -0.00634506 -0.00397193 -0.00466117 -0.00635199 0.00115808 0.000126659 -0.0013467 -0.00191603 -0.001704 -0.00452381 -0.00472964 -0.00102388 -0.00180211 -0.00242697 -0.00039715 -0.00129653 -0.00114754 -0.00154183 -0.00271786 -0.00317419 -0.000444623 -0.00322097 -0.000967304 -0.00179012 -0.000839836 -0.000765759 2.48982e-05 0.000305977 0.000262 -0.00122713 -0.000196519 -0.000864726 -0.00181542 -0.00106575 -0.00124234 -0.00189267 -0.00109604 -0.00279492 -0.000531453 -0.00205308 -0.000520436 -0.00158775 -0.00171823 -0.00157987 -0.00134143 -0.00176656 -0.00311751 0.000334577 -0.000806631 -0.00185134 -0.0025636 -0.00118433 -0.00172218 -0.000857963 -0.00152892 -0.00067897 -0.00175306 -0.000688494 0.000451338 -0.000834053 -0.00116254 -0.00121153 -0.00222968 -0.00241117 -0.00107336 -0.00222969 0.000415677 -0.00199816 -0.0013553 -0.000462783 -0.00102549 -0.00179203 -0.0016447 -0.000228283 -0.000341385 -0.00168523 -0.00166131 -0.00247158 
0.000616662 -0.00315569 -0.0022671 -0.00118006 -0.00137518 -0.00149756 -0.00126779 -9.49674e-05 -0.0013041 0.00073279 0.00140749 -0.00191465 0.189246 -0.000819869 -0.00465801 -0.00132643 -0.00330079 -0.00516282 -0.00760114 -0.00397859 -0.00404584 -0.00515355 -0.00340619 0.00086303 -0.00277898 -0.00583584 -0.00739626 -0.00420045 -0.00543721 -0.00549257 -0.0044461 -0.000964922 -0.00321258 -0.000394883 -0.00288761 -0.00153171 -0.0021595 -0.00204489 -0.00201937 -0.00340902 -0.00107932 -0.00214954 -0.00212199 -0.00472603 -0.00190879 0.00117609 -0.00314694 -0.00176864 -0.00212652 -0.00252442 -0.00132943 -0.00170108 -0.000786854 -0.00166649 -0.00078519 -7.67763e-05 -0.00192567 -0.00265714 -0.00144785 -0.000121283 -0.00264988 -0.00288026 -0.00150042 0.000114629 -0.000662351 -0.000583303 0.00159499 -0.00246131 -0.000538206 -0.00242271 -0.00156064 0.00071513 -4.35316e-05 0.000756158 -0.00209724 -0.00116917 -0.00204883 -5.14994e-05 -0.00109639 -0.00186024 -0.00169279 -0.0028458 3.86321e-05 -0.00277773 -0.000344618 -0.000110387 -0.00137448 -0.00223957 -0.00155655 -0.00177018 -0.00149872 -0.00182299 -0.000831647 -0.0029131 -0.00186261 -0.00149481 -0.00213433 -0.000750321 -0.00233641 -0.00150621 
-0.00413302 -0.00244763 -0.000511152 -0.00178028 0.000640837 -0.00158904 -0.00301174 -0.00315818 -0.000685425 -0.00166166 -0.00237231 -0.00235215 -0.000819869 0.199964 -0.00236909 -0.00271282 -0.00117927 -0.00179617 -0.00705659 -0.00407184 -0.00213932 -0.00552342 -0.00598457 -0.00774975 -0.00492733 -0.00798067 0.000307286 -0.00142872 -0.00461972 -0.00332135 -0.00217046 -0.00297986 -0.00273949 -0.00308085 -0.00491063 -0.00303118 -0.000767477 -0.00102558 -0.000956851 -0.00185403 1.93108e-05 -0.00288858 0.000489834 -0.00123924 -0.00165949 -0.00226351 -0.00222771 -0.00161706 -0.000957753 0.000825251 -0.00103571 -0.00186447 -0.00225687 -0.00106412 -0.00182752 -0.00213414 -0.000201278 -0.00175581 -0.00275434 0.000323729 -0.0018485 -0.00204876 -0.00227752 -0.000215875 -0.00238355 -0.000600132 0.000640039 -0.00140199 -0.00174425 -0.00213381 -0.000402167 -0.00224395 -0.00198885 -0.00190784 -0.00207278 -0.000991733 -0.00226242 -0.00285535 -0.00375731 -0.00242325 -0.00185164 -0.00433157 -0.000922327 -0.000863776 -0.00101617 -0.00218326 -0.00068511 -0.000338463 -0.0014902 -0.00158172 -0.00211275 -0.00196841 -0.00122802 -0.00211076 -0.00121813 -0.00422369 -8.88093e-05 -0.00142507 0.00108307 -0.000446368 
-0.0017302 -0.000607135 -0.000946654 -0.00169504 -0.00242147 -0.00165089 -0.00119902 -0.00198214 -0.00201773 -0.00241763 -0.00101086 -0.00177255 -0.00465801 -0.00236909 0.22619 -0.00426719 -0.00585891 -0.00410942 -0.000401886 0.00440378 -0.00818193 -0.00600137 0.00318158 -0.00541401 -0.00656075 -0.00527945 -0.00936947 -0.00600728 -0.00390213 -0.00659516 -0.00227972 -0.00392068 -0.000744629 -0.00370502 -0.00384181 -0.00449191 -0.00573965 -0.00195516 -0.00448791 -0.0020218 -0.00258236 -0.000838578 -0.00216744 -0.00274155 -0.00298619 0.000711425 -0.00368373 -0.00264018 -0.00151697 -0.00136717 -0.00363323 -0.00108941 -0.000483663 -0.00306154 -0.00121501 -0.000831609 -0.00315988 -0.000160738 0.000365446 -0.00296891 -0.00202862 -0.00284104 -0.00166097 -0.00204028 -0.00531172 -0.000736338 -0.00100399 -0.00180142 -0.000486589 -0.00226577 -0.00174441 -0.0032582 -0.00078513 -0.00131978 0.000727452 -0.00117721 -0.000404467 -0.00256378 -0.00179464 -0.000940014 -0.00143959 -0.00180792 -0.00298422 -0.00232468 -0.000623399 -0.00123317 -0.0017352 -0.000462042 -0.00269404 -0.00157008 -0.0022519 -2.86094e-05 -0.00222068 -0.00150848 -0.00225394 -0.00203546 -0.00171051 -0.00190837 -7.04875e-05 -0.00180885 
-0.00495956 -0.00524978 -0.00372074 -0.00269108 -0.00103395 -0.00412499 -0.00551783 -0.00747338 -0.000823367 -0.00411794 -0.000908871 -0.00324674 -0.00132643 -0.00271282 -0.00426719 0.237831 0.00152223 0.00252111 -0.00498044 -0.00542657 -0.00887021 -0.00415735 -0.00898005 -0.00375078 -0.0085067 -0.00469515 -0.00382702 -0.000315019 -0.000662137 -0.00403665 -0.00172921 0.000645563 0.000932288 0.000483082 -0.0014227 -0.00314522 0.00205601 -0.00227263 -0.00211241 -0.00413437 -0.000759712 -0.00251486 -0.000805657 0.000640053 0.000119621 -0.00150656 -0.00263054 -0.00097024 -0.00260883 -0.00271972 -0.00153437 -0.00238304 -0.00252798 -0.00214466 -0.00105742 -0.000285003 -0.00573334 -0.00140133 -0.00191398 -0.00483609 -0.00409215 -0.0019846 0.0016927 -0.00259581 -0.00114937 0.000642811 -0.0018986 -0.00351189 -0.000186146 -0.00407869 -0.0014056 -0.000953201 -0.00241158 -0.00328799 -0.00250966 -0.00354552 -0.00390104 -0.0010285 -0.00101337 -0.00181374 -0.00130391 -0.00217787 -0.00209603 -0.000555904 -2.34588e-05 -0.00434695 -0.00217034 -0.0037967 -0.00335352 -0.00467106 -0.00188545 0.000125689 -0.00300851 -0.0014803 -0.000608253 -0.00224436 -0.00159691 -0.00284345 -0.00178689 -0.00436187 
0.000501777 -0.00128781 -0.00256721 -0.00354561 0.000435858 -0.00373093 -0.00112469 -0.00978003 0.000758446 -0.0035671 -0.00447666 0.000594149 -0.00330079 -0.00117927 -0.00585891 0.00152223 0.248254 0.00097663 -0.00332718 -0.00270909 0.00217176 -0.000567851 -0.0132858 -9.43718e-05 -0.00755586 -0.00734265 -0.00310825 -0.0015195 -0.00839842 -0.000626755 -0.00513058 -0.0031485 -0.00559475 -0.0019379 -0.00148274 -0.00114067 -0.000824917 -0.00464749 -0.00121757 -0.00297214 -0.00215083 -0.00474236 -0.000765692 9.63077e-05 -0.0018983 -0.00268892 -0.00157183 -0.00202956 -0.00134936 -0.00215065 -0.00381488 -0.00396244 -0.00378972 -0.0040442 -0.00286516 -0.00326055 -0.00152497 -0.00630968 2.47761e-05 1.7835e-05 -0.00324689 -0.000600532 -0.00124806 -0.0017735 -0.00428083 -0.00601921 -0.00159743 -0.00328431 -0.000246475 -0.000850718 -0.000492116 -0.00406098 -0.00373575 -0.00280894 -0.00206519 -0.00303937 -0.00087512 -0.00151131 -0.00133695 -0.00140282 -0.00467181 0.000301189 -0.00191505 -0.00043098 -0.0031003 -0.000930606 -0.00378848 -0.000994094 -0.000987085 -0.00337508 -0.000497644 -0.00263123 -0.000212837 -0.00342967 -0.00236271 -0.00253748 -0.00192076 -0.00386446 -0.00199298 -0.00556429 
-0.00444413 -1.84013e-05 -0.000696883 -0.00404239 -0.00291858 -0.00362101 -0.00166425 -0.00332009 -0.00238233 -0.00687043 -0.00741755 -0.00554525 -0.00516282 -0.00179617 -0.00410942 0.00252111 0.00097663 0.249304 -0.00516171 0.00474716 -0.00532305 -0.00151999 -0.00184442 -0.00873332 -0.0108288 -0.00739138 -0.00566597 -0.00738283 -0.00264656 -0.0053529 -0.00371803 -0.00508315 -0.00833027 0.00103666 -0.000420954 -0.00249609 -0.00103346 -0.000566643 -0.00169418 -0.00261125 -0.000930631 -0.00141933 -0.00309812 0.000442036 -0.00124877 -0.00422737 -0.00425768 -0.000959431 -0.00169448 -0.00347821 -0.00145261 -0.00158415 -0.0046783 -0.00468828 -0.00534216 -0.00446289 -0.000490348 -0.00431739 -0.00149571 -0.00314511 -0.000331475 -0.00449587 0.000490577 -0.00149984 -0.000292726 -0.00257298 -0.00234974 -0.00121197 8.47315e-06 -0.000203386 -0.00402211 -0.00344886 -0.00257995 -0.00323212 -0.00235988 -0.00316674 -0.000741428 -0.00101272 -0.0038098 -0.00414587 -0.00112194 -0.00129128 -0.00297527 0.000157915 1.39425e-05 -0.000835757 -0.00303342 -0.00190141 -0.00129274 -0.00168845 -0.000735555 -0.00123959 -0.00152632 0.00250321 0.00119877 -0.00151583 -0.00223039 -0.00180139 -0.00172648 -0.00222203 
-0.00564569 -0.0028371 -0.00239555 -0.00289423 -0.00259524 -0.00667044 -0.00310712 0.000733388 -0.00145079 -0.00196899 -0.000260101 -0.0098179 -0.00760114 -0.00705659 -0.000401886 -0.00498044 -0.00332718 -0.00516171 0.249369 -0.0063452 -0.00548139 0.00198603 -0.0053044 -0.0142624 -0.00827932 -0.00409462 -0.00943986 -0.00545195 -0.0013175 -0.000720104 0.000358113 -0.00404456 -0.00204901 -0.00501823 -0.00267282 -0.00130318 0.00103939 -0.00272666 -0.00409262 -0.00144659 -0.00397046 0.00201476 -0.00157462 -0.0015235 -0.00137844 0.00379557 4.60295e-05 -0.00312362 -0.00209903 -0.0024748 -0.00285142 -0.00129924 -0.00117681 -0.00115743 -0.00426321 -0.000250619 -0.00290575 -0.000803598 -0.00203975 0.00082748 -0.00187006 0.00173946 -0.00227066 0.00144237 -0.0050519 -0.000637398 -0.00172321 -0.00300433 -0.00270482 -0.0031235 -0.00226827 -0.002662 -0.00278829 -0.00424909 -0.00190444 -0.00240166 -0.00252908 -0.00322546 -0.00244232 -0.00094281 -0.00150936 -0.000523291 -0.00133918 0.00177156 -0.00198045 -0.000433151 -0.00175462 -0.000439838 -0.000998704 4.27733e-05 -0.0011866 -0.00256843 0.000490642 -0.00633024 -0.00107585 -0.00253141 -0.00169369 -0.0036232 -0.00169562 -0.00505835 
-0.00388516 -0.00297688 -0.00058683 -0.00254858 -0.00304191 -0.00549443 -0.00123495 -0.00427997 -0.00745392 -0.000772089 -0.0019412 -0.00227821 -0.00397859 -0.00407184 0.00440378 -0.00542657 -0.00270909 0.00474716 -0.0063452 0.249933 -0.00362286 -0.00581585 -0.00603003 -0.00718276 0.00129066 -0.00498709 -0.00643309 -0.00673407 -0.00712163 -0.00234114 -0.00571171 -0.00691158 -0.00707819 -0.00450592 -0.00434413 -0.00114051 -0.00232259 -0.00390049 -0.0016885 -0.00217984 -0.00394221 -0.00327456 -0.00196311 -0.00274281 -0.00162806 -0.00184264 -0.00310542 -0.00402227 -0.00159962 -0.00228854 -0.00136689 -0.00192961 -0.00217792 -0.0033947 -0.000494002 -0.00356451 -0.0016256 0.000117281 -0.00144819 -0.00429763 -0.00183279 -0.00313963 -0.00168623 -0.00126548 -0.00422966 0.00185332 -0.00181092 -0.00162613 -0.00200181 -0.00268236 0.000918878 -0.00312169 -0.00153457 -0.00203862 -0.000179719 -0.002067 -0.000867951 -0.000514433 -0.00161497 -0.00188846 -0.000857351 -0.000115787 -0.00162377 -0.00173707 -0.000836808 -0.00300339 -0.00270445 -0.00314194 -0.000768683 -0.000598926 -8.75312e-05 -0.00187948 -0.00272548 -0.00276792 -0.00111797 -0.000879332 -0.00281808 0.000175964 -0.00410696 -0.00178143 
-0.00232357 0.000428262 -0.000135009 -0.00310262 -0.000512529 -0.00156386 -0.00195843 -0.00325936 -0.00348322 -0.00105772 -0.00142104 -0.00520886 -0.00404584 -0.00213932 -0.00818193 -0.00887021 0.00217176 -0.00532305 -0.00548139 -0.00362286 0.249104 -0.00289291 0.000715995 -0.00886925 -0.00374075 -0.00391105 0.000721469 -0.0062644 -0.00167707 -0.00221132 -0.00846921 7.54327e-05 -0.000353813 -0.00888285 -0.00239272 -0.000781242 -0.00230836 -0.00120367 -0.00101528 -0.0030547 -0.00162318 0.000395935 -0.00388145 -0.00344339 -0.00220194 -0.00529315 -0.00222203 -0.00271514 -0.00266432 -0.00388392 -0.00329728 -0.00161634 0.00147559 -0.00198074 -0.00326431 -0.0007601 -0.0031556 -0.000324856 -0.000660873 -0.00209696 -9.47061e-05 -0.000708516 -0.0013013 -0.00369517 0.00150993 -0.0014286 -0.00307672 -0.00179426 -0.00354056 -0.00236474 -0.00330475 -0.00222245 -0.0018338 0.000595693 -0.00086696 -0.00171882 -0.00267528 -0.00128609 -0.00262576 -0.0047615 -0.0055681 -0.00076001 -0.00101277 -0.00374979 0.000161235 -0.002394 -0.00476254 -0.0067704 -0.00206131 -0.00195694 -0.00230911 -0.00356119 -0.00114448 0.000789799 -0.00511426 -0.00335241 -0.0027067 -0.00266435 -0.00249004 -0.0016612 
-0.00109764 -0.00212682 -0.0042286 -0.000714081 -0.00136738 -0.0022265 -0.00290028 -0.00128376 -0.00358644 -0.00553168 -0.00388122 -0.00464963 -0.00515355 -0.00552342 -0.00600137 -0.00415735 -0.000567851 -0.00151999 0.00198603 -0.00581585 -0.00289291 0.246068 -0.00227643 -0.00389562 -0.00582477 0.00225614 -0.0069316 -0.0107123 -0.00331681 -0.000838933 -0.0025527 -0.00465321 -0.00322314 -0.00225527 -0.00132242 -0.00263312 -0.000895069 -0.00471974 0.000264856 0.000918636 -0.00131528 -0.00277011 -0.00162026 -0.00164997 -0.00209045 -0.00121719 -0.00133562 -0.00522216 -0.00223853 -0.00281855 -0.00379421 -0.00148744 -0.00273149 -0.000238615 -0.00209486 -0.00275728 -0.00245801 0.00127091 -0.00147801 -0.00231285 -0.00301153 -0.00097924 0.000399619 -0.00183623 -0.000921985 -0.00354984 -0.00384109 -0.00151531 -0.00301469 -0.000568284 -0.00314705 -0.00303359 -0.00421595 -0.00509733 -0.00293582 -0.000168264 -0.00370191 -0.00302741 -6.67963e-06 6.76966e-05 -0.00215375 -0.00549224 -0.0037777 -0.00286665 -0.00376157 0.000213358 -0.00128871 0.00173956 -0.00259648 -0.00207343 -0.00301917 -0.00382526 -0.00221673 -0.000818822 -0.000472617 -0.00207366 -0.00364012 -0.00501075 -0.000643402 -0.00197303 
-0.000622305 -0.00273762 -0.00120717 -0.0035553 -0.00297391 -0.00409077 -0.00132681 -0.000589372 -0.00490703 -0.00274635 -0.000761131 -0.00634506 -0.00340619 -0.00598457 0.00318158 -0.00898005 -0.0132858 -0.00184442 -0.0053044 -0.00603003 0.000715995 -0.00227643 0.249977 0.00274292 -0.00243046 -0.00667566 0.0030974 -0.00169727 -0.0115727 -0.00766639 -0.00391838 -0.00307938 -0.0040575 -0.00465773 -0.00483683 -0.00453293 -0.00575198 -0.00238619 -0.00349718 -0.00395249 -0.000232856 -0.000470574 -0.0016533 -0.0014074 -0.00185955 -0.00400296 -0.00394334 -0.00226512 -0.00249551 -0.000589227 -0.00235318 -0.000592276 -0.000583634 -0.00223245 -0.00408403 -0.00257035 -0.00153274 -0.0031049 -0.00369389 -0.00334467 -0.00100033 0.000909534 -0.00386729 -0.00261648 -0.000508933 -0.00168421 -0.000992265 -0.00218822 -0.00377106 -0.00310035 8.74981e-05 -0.00176123 -0.001575 -0.000887884 -0.00294211 -0.00285429 0.000460297 -0.00210015 -0.00262835 -0.00101374 -0.00107124 -0.00192302 4.4946e-05 -0.0012005 -0.00509828 -0.00186105 -0.000404986 0.00093548 -0.00231856 -0.00180025 -0.00319404 -0.00275012 -0.00195866 -0.000771284 -0.00218923 -0.00118245 -6.39594e-05 -0.000564583 -0.00148718 -0.00412179 
0.000151229 0.00049933 -0.0029927 -0.00191612 -0.00202036 -0.00104473 -0.00587012 -0.00258183 2.50541e-05 -0.00453554 -0.00483251 -0.00397193 0.00086303 -0.00774975 -0.00541401 -0.00375078 -9.43718e-05 -0.00873332 -0.0142624 -0.00718276 -0.00886925 -0.00389562 0.00274292 0.243495 -0.00109658 -0.0100044 -0.00367558 -0.00425666 -0.00624173 -0.00601544 -0.00403702 -0.00173687 -0.00111189 -0.00077201 -0.00393101 -0.00251689 0.000293533 -0.000195009 -0.00360049 -0.00344412 -0.00173814 -0.00303211 -0.0019575 -0.00361103 -0.0044719 -0.00102757 -0.000836841 -0.00177064 -0.000725789 -0.0022815 -0.00295479 -0.00224599 -0.0027404 -0.00296013 -0.000329747 -0.00224693 -0.000682435 -0.00292668 -0.00136116 -0.0013504 -0.00140568 -0.00381119 -0.000960195 -0.000182038 -0.00207291 -0.001978 -0.00111847 -0.000786585 0.000270725 0.000172471 -0.00247573 -0.000553825 -0.000897206 -0.00116261 -0.00138649 -0.00241243 -0.00173774 5.64341e-05 -1.23385e-05 -0.00415289 -0.000941845 -0.00254873 -0.00178579 -0.00533383 -0.00227631 -0.00227716 -0.000892276 -0.00288856 -0.0032556 -0.00223467 -0.00237515 -0.0016003 -0.00148975 -0.0012459 -0.00144787 -0.00179588 -0.00140221 -0.000715805 -0.00192968 0.000579207 
0.00192343 -0.00273335 -0.00137564 -0.000699658 -0.00142737 -0.00136548 -0.0026556 -0.000627056 -0.00496384 -0.00208861 -0.00299371 -0.00466117 -0.00277898 -0.00492733 -0.00656075 -0.0085067 -0.00755586 -0.0108288 -0.00827932 0.00129066 -0.00374075 -0.00582477 -0.00243046 -0.00109658 0.242362 -0.00457918 -0.00662295 -0.00649015 -0.000764806 -0.00423665 -5.82887e-05 -0.00554785 -0.00369686 -0.00317329 -0.00335886 -0.00219309 -0.00348613 -0.00229901 -0.00115677 -0.00105361 -1.36233e-05 -0.00273819 -0.000614875 -0.00339528 -0.00296407 -0.0023774 -0.000606121 -0.000590106 -0.000772374 -0.000862392 -0.00221933 -0.00142091 -0.00158441 0.00112549 -0.00235903 0.000467369 -0.00177371 -0.000744482 -0.00132997 -0.00247647 -0.00263184 -0.00113494 -0.00314006 -0.00434499 -0.000285555 -0.00214343 -0.00145392 -0.00103637 -0.00440479 -0.00241506 -0.00118644 -0.00208178 2.6881e-05 -0.000822103 -0.000733329 -0.000711991 -0.00246769 -0.00237785 -0.00215236 -0.0024096 -0.000661436 -0.00305151 -0.0033016 -0.00450681 -0.00334571 -0.00233543 -0.000870237 -0.00206681 0.00153003 -0.0010119 -9.64358e-05 -0.00200649 -0.0034845 -0.00304189 -0.00238659 -0.00205481 -0.00463659 -0.000616995 -0.00394083 -0.0016927 
-0.00382997 -0.00116038 -0.00273791 -0.00304373 -0.00216412 -0.00324235 0.000616556 -0.00477373 -0.00257666 -0.00454421 -0.00561041 -0.00635199 -0.00583584 -0.00798067 -0.00527945 -0.00469515 -0.00734265 -0.00739138 -0.00409462 -0.00498709 -0.00391105 0.00225614 -0.00667566 -0.0100044 -0.00457918 0.236937 0.00164485 -0.00431634 -0.00212248 0.00230642 -0.000356369 -0.00203515 -0.00155586 -0.00319565 0.000972037 -0.00323817 -0.00414026 -0.00174821 -4.44232e-05 -0.000279357 -0.0012716 -0.00211191 -0.00119672 -0.00191592 -0.00179081 -0.00159572 -0.00139414 -0.000723001 -0.00199097 0.000326825 -0.00138633 -0.00355703 -0.00330954 -0.000961907 -0.00196394 -0.00318385 -0.00257454 -0.00218419 -0.000339199 -0.000209009 -0.00163138 -0.00167956 -0.00290569 0.00251987 -0.00283918 -0.00374827 -0.00124058 -0.00168768 -0.000606091 0.000123235 -0.00288312 -0.00162107 -0.00193449 -0.00458093 -0.00393505 -0.00226823 0.000734415 -0.000214524 -0.00138427 -0.000997963 -0.000524609 -0.00449233 -0.0035658 -0.00230135 -0.00261712 -0.00187549 -0.00173012 -0.0015156 4.25333e-05 -0.00365386 -0.0033377 -0.000675472 -0.0023819 -0.00430012 -0.00145221 -0.000763697 -0.00259246 -0.00194946 -0.00155317 -0.00153401 
-0.00468382 -0.00201218 -0.000677371 -0.00182917 -0.00276072 -0.00392993 -0.00201499 -0.00114866 -0.000563605 -0.00360963 -0.00353338 0.00115808 -0.00739626 0.000307286 -0.00936947 -0.00382702 -0.00310825 -0.00566597 -0.00943986 -0.00643309 0.000721469 -0.0069316 0.0030974 -0.00367558 -0.00662295 0.00164485 0.216437 -0.00321543 -0.0014488 -0.00728251 -0.00249511 -0.00124036 -0.00631796 -0.00204275 -0.00159522 -0.00186513 -0.00522468 -0.00139528 -0.000715366 -0.00285194 -0.0025208 -0.00272857 -0.00179159 0.000127337 0.00126105 -0.00237431 -0.000604156 -0.00189541 -0.000821582 -0.00271922 -0.0022995 -0.00191255 0.000290468 -0.00197162 -0.00113312 -0.000365321 -0.00107388 -0.00127432 -0.00271207 0.000657008 -0.00163302 -0.00284417 -0.00294158 -0.0016532 -0.00230523 -0.0026625 -0.0014918 -0.00124098 -0.00358514 -0.00110911 -0.00160577 -0.0012572 -0.00275576 -0.00234717 -0.0032466 -0.00609336 -0.000743151 -0.00196225 -0.000583066 -0.000739844 -0.00215327 -0.00152147 -0.000424732 0.00246574 -0.00160543 -0.00238393 -0.00255461 -0.00109864 -0.00172159 -0.00291776 -0.00312482 -0.000962235 -0.00185798 0.000411386 -0.00248025 -0.00125121 -0.00109727 -0.00101157 -0.00175609 -0.000732838 
-0.00362418 -0.00225397 -0.00100293 0.000566186 -0.00290995 -0.00164408 -0.00244464 -0.00230222 -0.00229084 -0.00125275 4.01404e-05 0.000126659 -0.00420045 -0.00142872 -0.00600728 -0.000315019 -0.0015195 -0.00738283 -0.00545195 -0.00673407 -0.0062644 -0.0107123 -0.00169727 -0.00425666 -0.00649015 -0.00431634 -0.00321543 0.170338 -0.0029416 0.00182171 -0.00372138 0.000938728 -0.000818223 -0.00111977 -0.00440438 0.000475841 -0.00102452 -0.00137936 -0.00119239 -0.00127578 -0.00127663 -0.00025511 -0.00188663 -0.00135858 -0.00107698 -0.00158236 -0.00026761 -0.00127589 -0.00132002 -0.00044323 -0.000653668 0.000537658 -0.00103298 -0.001548 0.000107665 -0.00175188 -0.00139991 -0.00265745 -0.00112386 -0.00235368 -0.0015442 -0.000591195 -0.00123132 -0.00103171 -0.00167767 -0.000353147 -0.00128648 0.000600909 -0.00166279 -0.000884444 -0.000421076 -0.00102864 -0.000613576 -0.00160729 -0.00129469 -0.000418598 -0.000382184 -0.00139992 -0.00281304 0.000835213 -0.000560461 -0.00222568 -0.00109079 -0.00131299 -4.93747e-05 -0.00289738 -0.00153928 -0.000230018 -0.00251491 -0.00123446 0.000134806 -0.00285767 -0.000376846 -0.000492433 -0.000173413 -0.00201428 -0.00234373 -0.00118385 -0.000915868 -0.00140834 
-0.00362873 -0.00125667 -0.000663717 -0.00179096 -0.00114893 0.000821393 -0.00167709 -0.00222671 -0.00133466 -0.0029476 -0.00783742 -0.0013467 -0.00543721 -0.00461972 -0.00390213 -0.000662137 -0.00839842 -0.00264656 -0.0013175 -0.00712163 -0.00167707 -0.00331681 -0.0115727 -0.00624173 -0.000764806 -0.00212248 -0.0014488 -0.0029416 0.169651 -0.00113331 0.000208229 -0.000615051 0.000211019 -0.00084186 -0.00280185 -0.00192811 -0.000370474 -0.00122863 -0.00243474 -0.00103186 -0.00106725 -0.000737125 -0.00166362 -0.00241891 -0.000636868 -0.00224054 -0.000576327 -0.00074133 -0.000247691 -0.00174356 -0.00146473 -0.00191374 0.000172773 -0.000347199 -0.000614064 -0.00138538 -0.00137011 -0.00141846 -0.000638674 -0.00229901 -0.00205222 -0.00194398 -0.00254989 -0.00204798 -0.00235734 0.000139226 -0.00113221 -0.000650823 -0.00182176 -0.00126856 -0.00212226 -0.000746433 0.000374542 -0.00293425 -0.00105217 0.00190434 -0.00083608 -0.000497283 -0.000257938 -0.0011338 -0.000964341 -0.000964636 -0.00122137 -0.00102786 -0.0011319 -0.00106305 -0.000657163 -0.00133469 -0.00157199 -0.0010113 -0.00216189 -0.00170197 -0.000900898 -0.000625519 -0.00209374 -0.00055289 -0.000554014 -0.00169187 -0.000364558 -0.000520994 
-0.00452137 -0.00112183 0.000859997 -0.000387964 -0.00217098 -0.00294863 -0.00172163 -0.00370802 0.000403409 -0.00210196 -0.00571642 -0.00191603 -0.00549257 -0.00332135 -0.00659516 -0.00403665 -0.000626755 -0.0053529 -0.000720104 -0.00234114 -0.00221132 -0.000838933 -0.00766639 -0.00601544 -0.00423665 0.00230642 -0.00728251 0.00182171 -0.00113331 0.178274 -0.00280163 -0.00110033 -0.00193615 -0.000900936 -0.00259923 -0.00211857 -0.00184917 -0.000527007 -0.00309954 -0.00128077 -0.00176603 -0.0022996 -0.00119845 0.000642415 -0.000945071 0.00023611 -0.000385908 -0.00156752 -0.00216256 -0.00122618 -0.00113426 -0.000614797 -0.00442613 -0.000692319 -0.00279519 -0.00138189 -0.00157231 -0.00178556 -0.000379423 -0.000821664 -0.00145167 -7.15867e-05 -0.000161483 -0.00156844 -0.00177463 -0.00185836 -0.00129991 -0.00250215 -0.00161823 -0.00228211 -0.00153153 -0.00282774 -0.000652794 -0.00110221 -0.00113539 -0.00135384 -0.00115553 -0.0020259 -0.0023326 -0.00132641 -0.00260619 0.000119211 -0.00187387 -0.00355601 -0.000883999 -0.000820806 0.000926489 -0.00182688 -0.000218166 -0.00244825 0.000531256 -0.0028594 -0.00220118 -0.000985019 -0.000316133 -0.00150347 -0.0004772 -0.00134209 -0.000690919 -0.00192436 
-0.00199628 -0.000752377 -0.00124037 -9.81284e-05 -0.000726647 -0.002046 -0.00155352 -0.00243672 -0.00275487 -0.00216042 -0.00398569 -0.001704 -0.0044461 -0.00217046 -0.00227972 -0.00172921 -0.00513058 -0.00371803 0.000358113 -0.00571171 -0.00846921 -0.0025527 -0.00391838 -0.00403702 -5.82887e-05 -0.000356369 -0.00249511 -0.00372138 0.000208229 -0.00280163 0.140036 -0.00382958 0.00081538 -0.00147967 -0.000260599 -0.00225538 -0.00118578 -0.000385496 -0.000853501 -5.51924e-05 -0.00107821 -0.00192648 -2.69681e-05 -0.00193617 -0.001486 -0.00131115 -0.000948437 -0.000160845 0.000230711 -0.000132752 -0.000894148 -0.000464723 -0.00118193 -0.000732391 -0.00133336 -0.000359003 -0.000354817 -0.00123436 -0.00112087 -0.00172433 -0.000825568 -0.00167016 -0.00096887 -0.00174582 5.64285e-05 0.000135365 -0.00154039 -0.00210689 0.00023729 -0.000744459 -0.00260742 0.000151313 -0.00196189 0.000722205 -0.00166469 -0.0011889 -0.0022466 -0.00133314 0.00014311 -0.00130843 -0.000948663 -0.0014644 -0.000135508 -5.67672e-05 -0.000934178 -0.00071722 -0.000410987 -7.48834e-05 -0.000749963 -0.000303713 -0.00203846 -0.00212334 -0.000123812 -0.000870667 -0.000128975 -0.000836609 -0.00160702 -0.000547413 -0.00141368 -0.00193191 
-0.00148523 -0.00182038 -0.00155942 -0.00053814 -0.000549793 -0.000632547 -0.00231643 -0.00115694 -0.000170272 0.000602441 -0.00180483 -0.00452381 -0.000964922 -0.00297986 -0.00392068 0.000645563 -0.0031485 -0.00508315 -0.00404456 -0.00691158 7.54327e-05 -0.00465321 -0.00307938 -0.00173687 -0.00554785 -0.00203515 -0.00124036 0.000938728 -0.000615051 -0.00110033 -0.00382958 0.143167 -0.000429251 -0.000443724 -0.00278987 0.000302371 -0.000416628 -0.00045769 -0.000342727 -0.00170654 -0.000985775 -0.00194213 -0.00139398 -0.00156794 -0.00212599 -0.0011717 -0.000428585 -0.00100814 -0.000498651 -0.000556827 -0.0011739 -0.00177652 -0.00166609 -0.00216305 -0.00131658 -0.000624548 7.42044e-05 -0.00123053 -0.00115241 -0.00125442 -0.00165982 -0.00103618 -0.00140614 -0.00232381 -0.000885806 -0.00075989 -0.000296062 -0.00129644 -0.00261164 -0.00151967 -0.000302614 -0.00146702 -0.00124415 -0.00152051 -0.00106723 -0.000931292 -0.00140073 0.0002125 -0.00128094 -0.00261902 -0.00162131 0.000156144 -0.000369457 -0.00237698 0.000480992 -0.000641195 -0.00205583 -0.00154598 -0.00139179 -0.00159687 -0.00225851 -0.00228423 -0.00144935 -0.000829458 -0.000306554 -0.00161383 -0.00118365 0.00030583 -0.000946571 -0.000787281 
