0.0766495 3.90161e-05 -0.000348685 5.09315e-05 -0.00079883 0.000121336 -0.000443161 -0.00175143 -0.00229487 -0.00101847 -0.00146356 -0.000872045 0.000153859 -0.000436483 -0.00389679 -0.000953347 -0.000673964 -0.00175652 -0.00382333 -0.00337515 -0.00366293 -0.00349172 -0.00147111 -0.00207728 -0.00202568 -0.000329195 -0.00150556 -0.000987127 -0.000154696 -0.0009277 -0.00124955 0.000169553 -0.000620255 -0.000334983 -0.000231016 -0.00103903 -0.00144516 0.000124454 -0.000813208 -0.00018565 -0.000865933 -0.0010713 0.00015433 -0.000599397 0.000318811 -0.000380204 0.000276875 -0.00016462 -0.000460017 -0.00117873 -0.000779784 -0.00115563 -0.000381839 -0.000443035 -0.00096371 -0.000400038 -0.000644874 -0.000448884 -0.000267564 -0.000141703 -0.000621323 -0.000312667 -0.000594283 -0.000502758 -0.00126315 -0.000260458 -0.000256385 -0.00121752 -0.000829983 -0.000658366 -0.00090646 -0.000897669 -0.00079787 -0.000174434 0.000343744 -0.000305379 -0.000911349 -0.00133566 -0.000250757 -0.000212039 -0.000499033 -0.000509197 -0.000535717 -0.000528371 -0.00131316 -0.000117461 -0.000925624 -0.000752172 -0.000532689 -0.000606135 -0.000345811 -0.000169337 -0.000435054 -0.000240975 -0.00059784 -0.00063445 0.000170273 -0.000284931 -0.000438375 7.93883e-06 
3.90161e-05 0.101159 0.000140455 -0.000618301 -0.00104454 0.000187379 -0.00049028 -0.00105296 -0.00187821 -0.00069687 5.38031e-05 -0.0011316 -0.00316317 -0.000711789 -0.00353607 -0.00168734 -0.00175612 -0.000557121 -0.00577922 -0.00322823 -0.00181885 -0.000107011 -0.00212159 -0.00100485 -0.00163204 -0.0039811 -0.00311344 -0.00352498 -0.000684393 -0.00106469 -0.00311199 -0.00237112 -0.00113896 -0.0020164 -0.000615574 -0.00034123 0.000308674 -0.000744819 -0.000960957 -0.000730366 -0.000592899 -0.000349697 -0.000781948 -0.000549103 -0.00137582 -0.000598219 -0.00180836 -0.000107143 -0.00121263 -0.00158069 -0.00120697 -0.000770227 -0.000969291 -0.000914393 1.58371e-05 -0.000904035 -0.00126834 -0.0023576 -0.000354969 -0.000556223 5.26849e-06 -0.000574114 -0.00102632 -0.000521737 -0.00103004 0.000170436 -0.000979742 -0.000395829 -0.000460914 -0.00101405 -0.000255768 -0.000938834 -0.000901076 -0.000588493 -0.000618332 -0.000571496 -0.00136101 -0.000889456 -0.000369664 -0.000725333 -0.00172783 -0.000680466 -0.000223014 -0.000584347 -0.00126596 -6.70192e-05 -0.00171824 -0.000870928 -0.000412842 -0.00123366 0.000677305 0.000594846 -0.00233055 -0.000335539 -0.000510806 -0.000469299 -0.000517036 4.77946e-05 -0.000224656 -0.000330159 
-0.000348685 0.000140455 0.0829516 0.000220313 0.000137156 2.49108e-05 -0.000541144 -0.00135829 -0.000867432 -0.00133754 -0.000219116 0.000166345 -0.00171963 -0.00283328 -0.00191174 0.00103302 -0.00316286 -0.00167617 -0.00414187 -0.00414832 -0.00373442 -0.00161749 -5.05057e-05 0.000450185 -0.00276465 -0.00288037 0.00104612 -0.000378074 -0.00227478 -0.00231855 -0.00125353 -0.000331669 -0.00110019 -0.00141132 -0.000627876 -0.000888148 -0.000409343 -0.000659216 -0.00085583 -0.000206309 -0.00141329 -0.000309608 7.38177e-05 -0.000559728 8.93542e-05 -0.00102368 -0.00145662 -0.0014051 -0.000662532 -0.000513398 -0.000427976 -0.000650799 -0.000628225 -0.000489471 -0.000188236 -0.000180142 -0.000385534 -0.00142683 -0.000556493 -0.000366042 -0.000656648 -0.000720688 -0.000782796 -0.000639688 -0.00120535 3.73624e-05 -0.00022961 -0.00084995 -0.000574167 -0.00143815 -0.00129318 -0.000433097 5.5259e-05 -0.00028154 7.80913e-05 -0.000318891 -0.000838576 -0.00130122 -0.000213263 -0.000730338 -0.00051099 -0.000221481 -0.000814419 -0.00014075 -0.000814998 -0.000354356 -0.00132042 -0.000877075 -0.00163458 -0.000472595 -0.000988819 -0.00060535 -0.00127073 -0.000446187 -0.000772188 -0.00127741 -0.000507807 -0.00028648 0.000708256 -0.000716415 
5.09315e-05 -0.000618301 0.000220313 0.0791385 -0.000124298 -0.000587638 -0.000844994 -0.00104056 -0.00111487 -0.000467347 -0.00106745 -0.00275472 -0.00187386 -0.00242117 -0.0032713 -0.00251053 -0.00203746 -0.00194114 0.000169068 -0.00182065 -0.000897559 -0.000871302 -0.000784348 -0.000858133 -0.00345919 0.000275387 -0.00181024 -0.00305084 -0.000948258 0.00117732 -0.00190138 -0.00217122 -0.0013124 -0.0014799 -0.000377783 -0.000318212 -0.000328549 -0.000128338 -0.000869949 -0.000418328 -0.000283777 -0.00105591 -0.00121574 -0.000150777 -0.000693452 -0.000347999 -0.000412198 -0.00115471 -0.000797481 0.000128281 -0.000322392 -0.000936361 -0.000376752 -0.000335309 -0.00049159 -0.000666462 -0.00101046 -0.00117708 -0.00102712 -0.000556351 -0.000133144 -0.000264298 -0.000662956 -0.000929334 0.000455615 -0.00116312 -0.000695136 7.39191e-05 -0.000852405 -7.22809e-05 -0.00113849 7.51041e-05 -0.000534466 -0.000409756 -1.31118e-05 8.65511e-05 -0.000392105 -0.00069001 -0.000471119 -0.000478745 -0.00106544 -0.000350313 -0.000689197 -0.000636066 -0.000500816 -0.000387153 -0.000583103 -0.00160583 -0.00123282 -0.000216083 -0.000848551 -0.000205707 -0.00104069 -0.000309749 1.01564e-05 -0.000589556 -0.0013683 -0.000916706 -0.000506821 -0.000413655 
-0.00079883 -0.00104454 0.000137156 -0.000124298 0.0819782 -0.000393966 -0.000653883 -0.00109625 -0.00108637 0.000309101 -0.00034714 -0.00125957 -0.000705222 -0.003172 -0.0030208 -0.00200275 -0.00168841 -0.0023083 0.000369575 -0.00139292 0.000652048 -0.00169977 -0.00325509 -0.00101941 -0.00357163 -0.000647914 -0.00252849 -0.00132997 -0.0019706 -0.00347049 -0.00260993 -0.00168969 -0.00127213 0.000184402 -0.000127025 -0.000864417 -0.000580462 -0.000894317 -0.00025865 -0.000192237 -0.000695204 -0.000411223 -0.000788658 -0.00110756 -0.00111164 -0.000865936 -0.000874576 -0.000468286 -0.000491838 -0.000743071 -0.000242419 -0.000234353 -0.00127311 -0.00110729 -0.00103326 -0.000770686 -0.000723995 -0.000839482 -0.000542981 4.15793e-05 -0.000569371 -0.000379009 -0.000646383 -0.00047508 -0.000872331 -0.000898708 -9.59577e-05 0.000322313 -0.000812481 -0.000885485 -0.000657922 -0.000191732 -0.000829362 -0.000243079 -0.00131294 -0.000523588 3.87668e-05 -0.000416011 -0.000302522 -0.00022518 -0.000928894 -0.000660087 -0.00057932 -0.000822533 -0.000614912 0.000295832 -0.000510074 -0.000721802 -0.000388283 0.000153268 -0.00130361 0.000471227 -0.00153755 -0.000779983 -9.28621e-05 -0.000707019 -7.04994e-05 -0.000855639 -0.00106608 0.000425894 
0.000121336 0.000187379 2.49108e-05 -0.000587638 -0.000393966 0.104964 -0.000194372 0.000441501 -0.000305049 -0.00010935 0.000394557 -0.000886473 0.00096628 -0.00466132 -3.50134e-05 -0.00078639 -0.00369498 -0.00462839 -0.00146178 -0.00066018 -0.00427088 -0.00467799 -0.00145978 -0.00615182 -0.00123441 -0.00406183 -0.00113004 -0.000785891 -0.000970383 -0.00231295 -0.0024315 -0.00134705 -0.00111847 -0.00188355 -0.00112975 -0.00109254 -0.000806856 -0.000617155 -0.000153368 -0.00132817 -0.00135132 -0.0005039 -0.000270558 -0.000645556 -0.00187199 -0.000941462 -0.000965155 -0.000473184 -0.00066972 -0.000146849 -0.000789834 -0.000335706 -0.00112461 -0.00187802 -0.00095632 0.000480153 -0.000672745 0.000237518 0.00019896 -0.00101977 -0.000720382 -0.00130265 -0.00169347 -0.000964453 -0.00123327 -0.000477204 -0.000123497 -0.0011173 -0.000522679 -0.000546119 -0.00105306 -0.00062184 -0.0013826 -0.000842619 -0.00145579 -0.000288077 -0.000446404 0.000183632 -0.00146725 -0.00132728 -0.00210266 -0.00126905 -2.62965e-05 -0.000876504 -0.0013555 -0.0002733 -0.000667709 -0.000452749 -0.00146063 -0.00110687 -0.00184293 -0.00103349 -0.000757689 -0.000561699 -0.000844577 -0.000164759 -0.000502295 -0.000702696 -0.00115313 -0.0014736 
-0.000443161 -0.00049028 -0.000541144 -0.000844994 -0.000653883 -0.000194372 0.117988 0.0001271 -0.000333944 -0.0017037 -0.00225335 0.000198822 -0.00135775 -0.00349103 -0.00101297 -0.00303258 -0.0025448 -0.00157325 0.000598751 0.000979034 0.000538068 -0.00209864 -0.00161481 -0.00448995 -0.0030259 -0.00567493 -0.00214596 -0.0031007 -0.00221347 -0.00325504 -0.0031675 -0.00224947 -0.00158124 -0.0025778 -0.00197685 -0.00163565 -0.00155079 -0.00148688 -0.00116929 -0.000268478 -0.00130613 -0.000840503 -0.00149089 -0.000285154 -0.00159444 -0.000563629 -0.000798166 -7.14941e-05 -0.00067959 -0.000368842 -0.000808313 -0.000908577 -0.00153444 -0.00132817 9.51198e-05 -0.00132354 -0.000831184 -0.0012389 -0.000863577 -0.000760085 -0.000758041 -0.000880202 -0.00156593 -0.000556277 -0.000640619 -0.00137787 -0.00140322 -0.00107837 -0.000248466 -0.000750135 -0.000838279 -0.00126721 -0.00124115 -0.00105417 -0.000960786 -0.000366516 -0.00142153 -0.00143756 -0.00101189 -0.00156918 -0.00118049 -0.00212338 -0.00131806 -0.000982647 -0.00088643 -0.000618841 -0.0005187 -0.00179078 -0.000772373 -0.00111831 -0.000709591 -8.18985e-05 -0.00023651 -0.000453997 -0.000449459 -3.45917e-05 0.000138651 -0.00170867 -0.000804218 -0.00109656 
-0.00175143 -0.00105296 -0.00135829 -0.00104056 -0.00109625 0.000441501 0.0001271 0.123073 -0.00317504 -0.00128317 -0.00126248 -0.000849901 -0.00133542 -0.00347569 -0.00346057 -0.000253031 -6.69445e-05 -0.00188901 -0.00541925 -0.00132478 -0.00676246 0.000996993 0.000369742 -0.00447127 -0.00214189 -0.00440778 -0.00644329 -0.00126125 0.000777226 -0.0015068 -0.00334998 -0.00232165 -0.000581524 -0.00193934 -0.00152838 -0.000988046 -0.000563662 -0.000829991 -0.00185731 -0.000625533 -0.00152486 -0.000109425 -0.00101531 -0.000464273 -0.000786791 -0.00058485 -0.0019715 8.33059e-05 -0.000955287 -0.00079037 -0.000869045 -0.00105222 -0.00124144 -0.00115095 -0.00197916 0.000214415 0.000593842 -0.00108658 -0.00132187 -0.00191239 -0.000112433 -0.00130508 -0.00178924 -0.000114536 -0.00125497 -0.00145076 0.00037402 -0.00143141 -0.00177912 -0.000461563 -0.000961 -0.000683973 -0.00258245 -0.001727 -0.0026243 -0.00109462 -0.000741926 -0.00216135 -0.000193211 -0.000476788 -0.000129492 -0.000808385 -8.44575e-05 -0.00110116 -0.000871909 -0.00147846 0.000602247 -1.382e-05 -0.00057519 -0.000286108 -0.00142451 -0.000349023 -0.00148583 -0.00139648 -0.00185719 0.000566729 -5.7289e-05 -6.50916e-05 -0.00168339 -0.00111537 
-0.00229487 -0.00187821 -0.000867432 -0.00111487 -0.00108637 -0.000305049 -0.000333944 -0.00317504 0.138307 -0.00278773 0.00014589 -0.00309503 -0.00018243 -0.00283265 -0.00482537 0.000623226 -0.00445087 -0.0034539 -0.00116037 -0.00483095 -1.66474e-05 -0.00509163 -0.00615463 -0.00286127 -0.00730278 -0.0028712 0.00109449 -0.00410308 -0.000892946 -0.000791637 -0.00212864 -0.00111858 -0.00231103 -0.00352788 -8.6166e-05 -0.000893046 -0.00105733 -0.00191757 0.0001874 -0.00107275 -0.000342931 -0.00053935 -0.000914146 0.000723099 -0.00123969 -0.0010606 -0.000505751 -0.00110167 -0.00232697 -0.00124488 -0.00105041 -0.000817274 -0.000688252 0.000252788 0.000419485 -0.000760771 -0.00191016 -0.00121799 -0.00305722 -0.00137554 -0.000452748 -0.00220467 -0.000676291 -0.0012992 -0.000984891 -0.0007759 -0.000494771 -0.000973745 -0.00105218 -0.00141378 -0.000618506 0.000692024 -0.000444752 -0.000787937 -0.000779203 -0.00130227 -0.00121338 -0.000888139 -0.00111188 -0.000635874 -0.00248957 -0.000625322 -0.000204892 -0.000985189 -0.00138262 -0.001371 -0.00190068 -0.00133119 6.36363e-06 -0.00151271 0.000319787 -0.00209699 -0.00291087 0.00155509 0.000504732 -0.00189585 -0.00164796 0.000400879 -0.00207655 -0.00166368 
-0.00101847 -0.00069687 -0.00133754 -0.000467347 0.000309101 -0.00010935 -0.0017037 -0.00128317 -0.00278773 0.138196 -0.00133303 -0.00199665 3.68546e-05 -0.000769889 0.000500327 -0.00336033 -0.00258054 -0.0035965 -0.00345093 -0.00431877 -0.00190698 -0.00412279 -0.00493674 -0.00268295 -0.00134958 -0.00348111 -0.00490536 -0.00665658 -0.00184149 -0.00232232 -0.0032569 -0.00125425 -0.00120897 -0.00348373 -0.00214983 -0.00188283 -0.0023232 -0.00163681 -0.000789117 -0.000883713 0.00114826 0.000171863 -0.000574561 -0.000223065 0.000235063 2.84486e-05 -0.00287854 0.000349649 -0.0012434 -0.00262019 -0.000981125 -0.000289449 -0.00170652 -0.000637962 -0.00190629 -0.00011588 -0.00229587 -0.000248315 -0.00194858 -0.000202735 -0.000465701 -0.00117718 -0.00184726 -0.000346698 -0.000423253 0.000546522 -0.000910645 0.000497594 -0.00105671 -0.00204471 -0.000892677 -0.00174566 -0.00200785 -0.00111754 -0.000505368 -0.00116973 -0.00146452 -0.000475626 -0.000173698 -0.000258078 -0.00177918 -0.00095552 0.000115096 -0.00178048 -0.00051116 -0.00144192 -0.00104417 -0.00158339 -0.000909129 -0.000328338 -0.000460391 -0.000297762 -0.00121672 -0.0018308 -0.00109836 -0.00174767 -0.00166998 -0.00203835 -0.000588283 -0.00101132 
-0.00146356 5.38031e-05 -0.000219116 -0.00106745 -0.00034714 0.000394557 -0.00225335 -0.00126248 0.00014589 -0.00133303 0.137097 -0.00151235 -0.00216694 0.000744925 -0.00150429 -0.00168954 -0.000984017 -0.00345532 -0.00508239 -0.00572965 -0.00753836 -0.00176876 -0.00637576 -0.0051923 -0.00271009 0.000363015 -0.00595388 -0.00104361 -0.000242978 -0.00163956 -0.00399939 -0.00285716 -0.00215013 -0.00115267 -0.00129292 -0.00196798 -0.00157622 -0.00246631 -0.00062029 -0.000926514 -0.00285206 -0.00115672 -0.00119268 -0.00110056 0.000800214 -0.0005644 -0.000124515 -0.00212804 -0.00191572 -0.000912534 -0.000222423 -8.51581e-05 -0.00205303 -0.00169381 -0.00147002 -0.000657502 -0.000947045 -0.000767769 0.000290933 -9.90612e-05 -0.000861443 -0.000405667 -2.22077e-06 -0.000184302 -0.00110634 -0.00140781 -0.000997405 -0.00210628 4.88368e-05 -0.00154786 -0.00108175 -0.00128838 -0.00153534 -3.76436e-05 -0.002616 0.000220584 -0.000255108 -0.00111527 -0.00236255 -0.000816263 -0.00148474 -0.000951298 -0.00138561 -0.00090853 -0.00145284 4.37663e-05 -0.000843903 -0.000832606 -0.00110195 -0.00114915 -8.97079e-05 -0.000712464 -0.000898578 0.000549148 -0.000989353 -0.000809234 -0.00184456 -0.00186149 -0.000815349 -0.00140514 
-0.000872045 -0.0011316 0.000166345 -0.00275472 -0.00125957 -0.000886473 0.000198822 -0.000849901 -0.00309503 -0.00199665 -0.00151235 0.15962 -0.00041733 0.000958652 0.00121217 0.00376571 -0.00532936 -0.00379559 -0.00302228 -0.00531641 -0.00808302 -0.00344128 -0.0040663 -0.00245793 0.00382012 -0.0110501 0.000517732 -0.00261731 -0.00148872 -0.00407035 -0.00356432 -0.0023463 -0.00230918 -0.00207653 -0.00275615 -0.000718885 -0.00159322 -0.00103527 -0.00103857 -0.00142425 -0.00168607 -0.00155273 -0.000299157 -0.000225786 -0.00189571 -0.00135107 -0.000906643 -0.00230621 0.000124264 -0.000958207 -0.000796125 7.81055e-06 -0.00171329 -0.00168364 -0.00110631 0.000220876 -0.00427699 -0.000894452 -0.00317166 -0.00190175 -0.00210769 -0.000521482 -0.000694122 -0.00107596 -0.00151011 -0.00167577 -0.00141724 -0.00317001 -0.00192068 0.000894526 -0.0011182 -0.00148428 0.000229265 -0.00171063 -0.00167706 -0.0012626 -0.00114554 -0.00152973 0.000203481 -0.00126261 -0.000270301 -0.000422295 -0.00183649 -0.0029253 2.68713e-05 -0.00206154 -0.00268199 -0.00129744 -0.00131914 -0.0029949 -0.00130195 -0.00080838 -0.000990941 -0.00257895 -0.00137035 -0.00207967 -0.00191254 -0.000962265 -0.00206144 -0.00170455 
0.000153859 -0.00316317 -0.00171963 -0.00187386 -0.000705222 0.00096628 -0.00135775 -0.00133542 -0.00018243 3.68546e-05 -0.00216694 -0.00041733 0.184571 -0.00195161 0.00176138 -0.00141761 -0.00412257 -0.00771101 -0.000898819 -0.00666825 -0.0091541 -0.00113827 -0.00721011 -0.00308357 -0.006201 -0.00668227 -0.00493556 -0.00716815 -0.00131534 -0.000434309 -0.00619843 0.00113097 -0.000189164 -0.00284321 0.000266331 -0.0017253 -0.00148314 -0.000551314 -0.00177454 -0.00355213 -0.00136263 -0.00114945 -0.00102546 -0.00163385 -0.0010945 -0.00326838 -0.00249666 -0.00398076 -0.00136949 -0.000951951 -0.00242447 -0.00149145 -0.000272301 -7.35982e-05 -0.00158107 -9.00881e-05 -0.00408431 -0.00140143 -0.00204616 0.000582298 -0.000243838 -0.0021126 -0.00286112 -0.000858744 -0.00161577 -0.0032387 -0.000138945 -0.00285479 0.000255774 -0.000661123 -0.00210317 -0.00106181 -0.000738767 -0.00162673 -0.00123717 -0.00103735 -0.00218857 -0.00155005 -0.00178561 -0.00238346 -0.00144167 -0.000326346 0.000237286 -0.00141663 -0.00144685 -0.00214611 -0.00152062 -0.00264241 -0.00125419 -0.00177436 -0.00229348 -0.000485659 -0.00262831 -0.00124204 -0.000420557 -0.000693589 -0.00155317 -0.000399712 -0.00222496 -0.000623032 
-0.000436483 -0.000711789 -0.00283328 -0.00242117 -0.003172 -0.00466132 -0.00349103 -0.00347569 -0.00283265 -0.000769889 0.000744925 0.000958652 -0.00195161 0.222692 -0.00245358 4.82679e-05 -0.00157234 0.00603687 -0.00204684 -0.00271959 -0.0120726 -0.00135112 -0.0052572 -0.0125175 -0.0104913 -0.00506175 -0.00748634 -0.00654241 -0.00124852 -0.00837109 -0.000404939 -0.00591062 -0.000241995 -0.00334439 -0.00370453 0.00070608 -0.000967634 -0.00172995 -0.00223797 -0.00176391 -0.00207234 -0.000828099 -0.00284064 -0.000681264 -0.00167916 -0.000428786 0.000185324 -0.00341646 -2.66595e-05 -0.00241872 -0.00164094 -0.00108351 -0.000135605 -0.00301676 -0.00120715 -0.00268474 -0.00230194 -0.00141468 -0.00367869 -0.00239141 -0.000860905 -0.00309796 0.000543973 0.0012771 -0.00200758 -0.00270284 -0.000942569 -0.00170237 -0.00227426 -0.00253112 -0.00206396 1.4512e-05 -0.0020375 -0.00361398 -0.00126561 -0.00336644 -0.00184972 -0.00266542 -0.00180625 -0.00353904 -0.00305201 -0.00205148 -0.00206469 -6.16233e-05 -0.000570218 -0.00217884 -0.00240474 -0.000623594 -0.0027399 -0.00371425 2.78845e-05 -0.00130664 -0.001251 -0.00011268 -0.00201651 -0.0012084 -0.00209009 -0.0025114 -0.00263776 -0.00210978 
-0.00389679 -0.00353607 -0.00191174 -0.0032713 -0.0030208 -3.50134e-05 -0.00101297 -0.00346057 -0.00482537 0.000500327 -0.00150429 0.00121217 0.00176138 -0.00245358 0.2396 -0.00341292 -0.00703368 -0.000125234 -0.00264492 -0.00420451 -0.00634602 -0.0051071 -0.0107371 -0.00730255 0.00139021 -0.00255901 -0.00353933 -0.00483423 -0.0117364 -0.00189053 -0.00441124 0.000806416 -0.0043462 -0.00302028 -0.00244359 -0.00216373 -0.000575277 -0.00165811 -0.00325184 -0.00271891 -0.002711 -0.000618712 -0.00298449 -0.00342834 -0.000178247 -0.00407617 -0.00209011 -0.00169357 -0.00317652 -0.00404113 -0.00220605 -0.00152051 -0.00367603 -0.00116397 -0.00249323 -0.00361337 -0.00324149 -0.00100347 0.000438282 -0.00438726 -0.000744829 -0.0034743 -0.00170325 -0.00329137 -0.00198532 -0.0017112 -0.00230942 -0.00140715 0.000203015 -0.00174627 -0.00271773 -0.00286998 -0.00369029 0.000305523 -0.0013018 -0.00217175 -0.00126217 -0.000345359 -0.00237961 -0.00152015 -0.00229604 -0.00127238 -0.00125238 -0.00312753 -0.00231965 -0.00187703 -0.00153224 -0.00123309 -0.00175845 -0.00178088 0.000105084 -0.00341456 -0.0018342 -0.00113486 -0.00226485 -0.000612832 -0.00245344 -0.00153506 -0.00197559 -0.0027203 
-0.000953347 -0.00168734 0.00103302 -0.00251053 -0.00200275 -0.00078639 -0.00303258 -0.000253031 0.000623226 -0.00336033 -0.00168954 0.00376571 -0.00141761 4.82679e-05 -0.00341292 0.224163 0.000937447 -0.00851542 -0.00839681 -0.00771174 -0.0133276 -0.00345821 0.000873399 -0.0101618 -0.00825209 -0.0109193 -0.00695949 -0.0105196 -0.00568684 -0.00298142 -0.00354574 -0.00423781 0.000690592 -0.00191089 0.000145778 -0.000522743 2.29769e-05 -0.000306188 -0.00146704 0.000238645 -0.00286095 -0.000656508 -0.00186379 -0.00147495 -0.000419736 -0.00101861 -0.000774594 -0.00235947 -0.000492367 -0.000693704 -0.00108668 -0.000275009 -0.00173863 -0.00233495 -0.000517271 -0.00199837 -0.00268549 0.00120125 -0.00392381 -0.00426794 -0.00231081 -0.0010729 -0.00269811 -0.00121004 -0.00278411 -0.00244643 -0.000712203 -0.00124809 -0.00529515 -0.00168695 -0.00264972 -0.000205516 -0.00176321 -0.00180053 -0.00188634 -0.000497408 -0.0027412 -0.000594816 -0.00200543 -0.000694895 -0.00259359 -0.00169808 -0.00346744 -0.00155537 -0.00102524 8.62499e-05 -0.00254899 0.000413588 -0.00295396 -0.00173737 -0.00411903 8.24429e-05 -0.000466115 -0.000518439 -0.00393823 -0.00326125 -0.00145279 -0.000376574 -0.0035939 -0.00128537 
-0.000673964 -0.00175612 -0.00316286 -0.00203746 -0.00168841 -0.00369498 -0.0025448 -6.69445e-05 -0.00445087 -0.00258054 -0.000984017 -0.00532936 -0.00412257 -0.00157234 -0.00703368 0.000937447 0.245865 -0.000267842 0.00365587 -0.0074071 -0.00720361 -0.00905801 -0.00891204 -0.00803183 -0.00483625 -0.00275202 -0.0124921 -0.000375685 -0.00112057 -0.00653291 -0.00276354 -0.00526704 -0.00697633 -0.00339956 -0.00343905 -0.000705665 -0.00276427 -0.0038799 -0.000754402 -0.00253458 -0.00453076 -0.00195502 -0.00102132 -0.00322798 0.000775429 0.000455529 -0.00311187 -0.00044546 -0.000434585 -0.00185135 -0.00165955 -0.00429882 -0.00252389 -0.000504436 -0.00276113 -0.00410147 0.000360237 -0.0025478 -0.00333836 -0.00177819 -0.00262232 -0.00178766 -0.000112581 -0.00219322 -0.00156751 -0.00242679 0.000383646 -0.00157283 -0.00269924 -0.000913975 -0.00208231 -0.000537295 -0.00129298 -0.00312665 -0.00277791 -0.00163014 -0.000782879 -0.00195379 -0.00200555 -0.00199043 -0.000872321 -0.00387494 -0.00230657 -0.00139266 0.000162916 -0.000982018 -0.00300154 -0.00100654 -0.00158645 -0.000322012 -0.00083759 0.000417201 -0.001904 -0.00415013 -0.00369674 -0.00146925 -0.00279509 -0.00323876 -0.000655636 -0.00157978 
-0.00175652 -0.000557121 -0.00167617 -0.00194114 -0.0023083 -0.00462839 -0.00157325 -0.00188901 -0.0034539 -0.0035965 -0.00345532 -0.00379559 -0.00771101 0.00603687 -0.000125234 -0.00851542 -0.000267842 0.249389 -0.00216158 0.00231567 -0.00162358 -0.00616638 0.00274521 -0.00734841 0.00339823 -0.00789727 -0.00443138 -0.00839908 -0.00481545 -0.00959134 -0.000590472 -0.00537027 -0.00218407 -0.00446774 -0.00515602 -0.00324964 -0.0021184 -0.003579 -0.000378644 -0.00308289 0.000242266 -0.00303192 -0.00176278 -0.00442213 -0.0016018 -0.00137629 -0.00306538 -0.00406647 -0.00110709 -0.00252854 -0.000694653 -0.00207704 0.000459301 -0.0039823 -0.00114815 0.000577765 -0.00185699 -0.00469865 -0.00172153 -0.0049935 -0.000954346 -0.00348192 -0.00504776 -0.0019892 -0.00224987 -0.00299651 -0.00413668 -0.00219405 -0.000138488 -0.00196893 -0.00319931 -0.00210503 -0.00367662 -0.00186217 -0.00205649 -0.00190101 -0.00274022 -0.00325818 -0.00439245 -0.00209707 -0.00104765 -0.00142335 -0.00106812 -0.00247213 -0.000532205 -0.00428999 -0.00402033 -0.00290386 -0.000918613 -0.00258292 -0.000197934 -0.0016152 -0.00335542 -0.00250734 -0.00080648 -0.00210873 -0.00135886 -0.000610014 -0.00226505 -0.00263672 
-0.00382333 -0.00577922 -0.00414187 0.000169068 0.000369575 -0.00146178 0.000598751 -0.00541925 -0.00116037 -0.00345093 -0.00508239 -0.00302228 -0.000898819 -0.00204684 -0.00264492 -0.00839681 0.00365587 -0.00216158 0.249552 0.00163014 -0.0106857 -0.00173717 5.78081e-05 -0.0121254 -0.00659139 -0.00711174 -0.00785178 -0.00539884 -0.00410031 -0.00385409 -0.00431832 -0.00389188 -0.00614479 -0.00498015 -0.00480386 -0.00280423 -0.00423099 -0.00148221 -0.00241131 -0.0027803 -0.00231894 -0.00113803 -0.00183557 -0.000588569 -0.00404957 -0.00148071 -0.00155782 -0.000557222 -0.00201979 -0.00311308 -0.00362862 -0.00229765 -0.0019959 -0.0017967 -0.0025686 -0.00122716 -0.00328368 -0.0010574 -0.000206327 -0.000781504 -0.00359159 -0.0010353 -0.000488356 -0.000527478 -0.00451481 -0.0029559 -0.000686954 -0.000713848 -0.00118479 -0.00345639 -0.000609046 -0.00160377 -0.000463094 -0.00167838 -0.00121697 -0.00104127 0.00014694 -0.00242826 -0.00174121 -0.00120643 0.000550315 -0.00174632 -0.00215486 -0.00181697 -0.0024447 -0.00188122 0.0017417 -0.00118947 -0.000886816 -0.00308567 -0.00238957 -0.00175277 -0.00509987 -0.00044756 -0.00275703 -0.00366628 -0.00357265 -0.00178558 -0.00128965 -0.00506328 
-0.00337515 -0.00322823 -0.00414832 -0.00182065 -0.00139292 -0.00066018 0.000979034 -0.00132478 -0.00483095 -0.00431877 -0.00572965 -0.00531641 -0.00666825 -0.00271959 -0.00420451 -0.00771174 -0.0074071 0.00231567 0.00163014 0.249991 -0.00111681 -0.00759174 -0.013872 -0.00700169 -0.0116185 0.00141562 -0.00166315 -0.00449473 -0.00323728 -0.00707796 -0.000873438 0.000164392 -0.00117716 -0.00103024 -0.00280605 -0.00103828 -0.00196676 -0.000365521 -0.00393543 -0.000923239 -0.000972931 -0.000668325 -0.00070489 -0.00102318 -0.00120977 -0.000266456 -0.00438499 0.000541083 -0.00355958 0.000822575 -0.00114108 0.000240779 -0.00393586 -0.00178912 -0.0033997 -0.00317033 -0.000563615 -0.00298673 -0.00131214 0.000175362 -0.00385356 -0.00109877 -0.00356863 -0.000771365 -0.002554 -0.00217167 -0.0028794 -0.00177796 -0.00185607 -0.00440491 -0.0015887 -0.000726959 -0.0017168 -0.00131394 -0.00414879 -0.00265491 -0.00285056 -0.00322188 -0.00289944 -0.00284465 -0.000741908 -0.00532013 -0.00347717 -0.00284307 -0.00252983 -0.00507936 -0.00100427 -0.00153106 -0.00299722 -0.00169957 -0.00333565 -0.00088183 -0.00245624 -0.000373969 0.000119324 -0.00125556 -0.00124602 -0.000558248 -0.00230892 -0.00211578 
-0.00366293 -0.00181885 -0.00373442 -0.000897559 0.000652048 -0.00427088 0.000538068 -0.00676246 -1.66474e-05 -0.00190698 -0.00753836 -0.00808302 -0.0091541 -0.0120726 -0.00634602 -0.0133276 -0.00720361 -0.00162358 -0.0106857 -0.00111681 0.249394 0.000289644 -0.000209597 0.000180601 0.000914794 -0.00470248 -0.00288226 -0.00332079 -0.00029026 -0.00426678 -0.00153394 -0.00523709 -0.0053084 -0.00175135 -0.00460475 -0.00109517 -0.000124486 -0.00646777 0.000477379 -0.0022513 -0.00102201 -0.0026643 -0.00405729 -0.00209477 -0.00228686 -0.0035278 -0.00161627 -0.00435516 -0.00258337 -0.00163727 -0.00164961 -4.75938e-05 -0.000792316 -0.000762978 -0.00253886 -0.00235322 0.00123109 -0.00244323 -0.00261074 -0.00329077 -0.00280927 -0.00261987 -0.00127916 -0.00104252 -0.00459047 0.000116771 -0.00144756 -0.00115335 -0.00244937 -0.00171866 -0.00197357 -0.00174443 -0.0010442 -0.00329238 -0.00186271 -0.00294049 -0.00149649 0.00125584 -0.00158672 -0.00245618 -0.0028976 -0.00130945 4.51407e-05 -0.0021013 0.00204952 -0.00293108 -0.00115492 -0.00265203 0.00108365 -0.000866252 -0.00244678 -0.00309037 -0.00339745 -0.00211821 -0.00138058 -0.00141307 0.000728755 -0.00361389 -0.00299995 -0.000473688 
-0.00349172 -0.000107011 -0.00161749 -0.000871302 -0.00169977 -0.00467799 -0.00209864 0.000996993 -0.00509163 -0.00412279 -0.00176876 -0.00344128 -0.00113827 -0.00135112 -0.0051071 -0.00345821 -0.00905801 -0.00616638 -0.00173717 -0.00759174 0.000289644 0.249746 -0.00125065 -0.00323698 -0.00255499 -0.0104743 -0.00435307 -0.00338725 -0.00917623 -0.00446885 -0.0109336 -0.00551732 -0.00176561 -0.00338483 -0.00166804 -0.00698815 4.21223e-05 -0.00386706 -0.00364109 -0.00054774 0.000629367 6.68627e-05 -0.00299448 -0.0032004 -0.00261713 -0.00124968 0.00152578 -0.00261363 -0.000143862 -0.00316362 0.00110851 -0.00210241 -0.0010531 -0.000767859 -0.00217427 -0.00355324 -0.0045425 -0.00348303 -0.000868217 -0.00245325 -0.00298903 -0.00145402 -0.00370066 -0.00151215 -0.00187447 -0.00303107 -0.000988281 -0.00324585 -0.00414561 -0.00135091 -0.00142613 -0.00189178 -0.00250394 -0.000524553 -0.00297427 -0.00143267 -0.00413781 -0.00281211 -0.000769834 -0.00114163 -0.00218342 -0.00163013 5.05232e-05 -0.00110055 0.000439517 -0.000214299 0.000271379 -0.000427903 0.000933424 -0.00375494 -0.00314974 -0.00330923 -0.00167172 -0.00357824 -0.00158006 -0.00203274 -0.00179571 -0.00149711 -0.00130511 -0.00416966 
-0.00147111 -0.00212159 -5.05057e-05 -0.000784348 -0.00325509 -0.00145978 -0.00161481 0.000369742 -0.00615463 -0.00493674 -0.00637576 -0.0040663 -0.00721011 -0.0052572 -0.0107371 0.000873399 -0.00891204 0.00274521 5.78081e-05 -0.013872 -0.000209597 -0.00125065 0.247942 -0.00127934 -0.00253524 -0.0102824 -0.00370782 -0.00669424 -0.00572424 -0.00377466 -0.00373785 -0.00257672 -0.00520724 -0.00405939 -0.000983752 -0.00392285 -0.00218384 -0.00122094 -0.00348237 -0.00158875 -0.00145209 -0.00186206 -0.00191066 0.000209144 -0.00204382 -0.00184009 -0.00206212 -0.000827844 -0.0013862 -0.000540481 -0.00206045 -0.00417389 -0.00302518 -0.00143564 -0.00340488 0.000185982 -0.00202355 0.000916107 -0.00329884 -0.00215569 9.10392e-05 -0.00208262 -0.00291756 -0.00256656 -0.00290073 -0.00168271 -0.000922861 -0.000852503 -0.00348014 -0.00148873 0.000138891 -0.00491169 -0.00223973 -0.00292121 -0.00190346 -0.000685663 -0.000209187 -0.00372604 -0.00251332 -0.00199996 -0.00229469 -0.00258582 -0.00221778 -0.00167037 0.000696805 -0.00287477 -0.00207699 -0.00308274 -0.00333411 -0.000593123 -0.00439641 -0.00222197 -0.0019339 -0.000534661 -0.00154367 -0.000635573 0.000799763 -0.00017231 -0.00148874 -0.00315955 
-0.00207728 -0.00100485 0.000450185 -0.000858133 -0.00101941 -0.00615182 -0.00448995 -0.00447127 -0.00286127 -0.00268295 -0.0051923 -0.00245793 -0.00308357 -0.0125175 -0.00730255 -0.0101618 -0.00803183 -0.00734841 -0.0121254 -0.00700169 0.000180601 -0.00323698 -0.00127934 0.246856 -0.00312126 0.00801882 -0.00496077 -0.00101197 -0.00112816 -0.00403953 -0.00191218 -0.00408831 0.00224449 -0.00510266 -0.00286623 -0.00290196 -0.00207295 -0.00113972 -0.00364433 -0.00132155 -0.00132821 -0.00268805 -0.00120106 0.000715097 -0.000498147 -0.00519372 -0.00271836 -0.00300749 -0.000227989 -0.0032072 -0.00175128 -0.00281659 -0.00170067 -0.00330904 -0.00305716 -0.00078575 -0.00404609 -0.00233669 -0.00144537 -0.00148337 -0.00220906 -0.00100601 -0.000391201 -0.00103229 -0.0030316 -0.00505648 -0.00112094 -0.000400794 -0.00291514 -0.00241158 2.57802e-05 -0.00227122 0.000726357 -0.00112903 -0.000800211 -0.0013295 -0.00098159 -0.000357989 -0.00137718 -0.00193548 -0.00401648 -0.00147339 -0.00213866 -0.00131346 -0.00595622 -0.0020747 -0.00251571 -0.00201629 -0.00295779 -0.000620621 -0.00136188 -0.000778097 -0.00087241 -0.00238454 -0.00220262 -0.00230664 -0.000886029 -0.00208055 -0.00363945 -0.000394693 
-0.00202568 -0.00163204 -0.00276465 -0.00345919 -0.00357163 -0.00123441 -0.0030259 -0.00214189 -0.00730278 -0.00134958 -0.00271009 0.00382012 -0.006201 -0.0104913 0.00139021 -0.00825209 -0.00483625 0.00339823 -0.00659139 -0.0116185 0.000914794 -0.00255499 -0.00253524 -0.00312126 0.249688 -0.00486407 -0.00421843 0.00233074 -0.00294046 -0.0060483 -0.00333345 -0.00320746 -0.00315777 -0.000510926 -0.00229398 -0.00278212 -0.00505542 -0.00146746 -0.00230064 -0.00324723 -0.00225384 -0.00184368 -0.00295063 -0.00131519 -0.00310834 -0.00399696 -0.00214815 -0.00266447 -0.00282543 -0.0045165 -0.00171318 -0.00031715 -0.000820178 -0.000931317 -8.62682e-05 -0.00309016 -0.00147739 -0.00203488 -0.0042884 -0.00452788 -0.00170098 -0.00234831 -0.00249526 -0.00306918 -0.00391257 -0.00230588 -0.00213994 -0.00440964 -0.00231518 0.000931425 -0.000716867 -0.00243701 -0.00265198 -0.00215714 -0.00200877 -0.00151418 -0.00193362 -0.00172144 -0.00109742 -0.000291877 -0.000947129 -0.00381684 -0.0028984 -0.00466056 -0.00374235 -0.000672275 -0.00144476 0.000875857 -0.00234758 0.000441516 -0.00265693 -0.000416463 -0.000380233 -0.00263678 -0.00408198 -0.00255155 -0.00305384 -0.00211657 -0.00192215 -0.00245963 
-0.000329195 -0.0039811 -0.00288037 0.000275387 -0.000647914 -0.00406183 -0.00567493 -0.00440778 -0.0028712 -0.00348111 0.000363015 -0.0110501 -0.00668227 -0.00506175 -0.00255901 -0.0109193 -0.00275202 -0.00789727 -0.00711174 0.00141562 -0.00470248 -0.0104743 -0.0102824 0.00801882 -0.00486407 0.230898 0.000787924 -0.0013793 -0.00637985 0.00130788 0.00163138 -0.00382333 -0.00191721 -0.00182242 -0.00109841 -0.00071536 -0.00160166 -0.000208989 -0.00197508 -0.000450582 -0.00307291 -0.00467567 -0.000266149 -0.00215748 -0.00140888 -0.0020825 3.54149e-05 -0.00265841 0.000262384 -0.000761895 -0.00309115 -0.00378685 -0.0030125 -0.00229565 0.000208235 -0.00146315 -0.000662136 -0.00397735 -0.00209659 -0.000788212 -0.00203898 -0.00257359 -0.000758856 -0.00319297 -0.00119087 -0.00308106 -0.00238989 -0.00126474 -0.000893054 -0.0015483 -0.00132226 -0.00337848 0.000281106 -3.19591e-05 0.000105169 -0.00136746 -0.000740847 -0.00297158 -0.00210514 -0.000632048 -0.00213472 -0.00347247 -0.00227094 -0.00423763 -0.00260682 -0.000901388 -0.00448593 -0.000613859 -0.00176776 -0.00194356 -0.000251501 -0.00171595 -0.000909045 -0.0047496 -0.000695926 -0.000914363 -0.00281685 -0.00190782 -0.00286551 -0.000525005 
-0.00150556 -0.00311344 0.00104612 -0.00181024 -0.00252849 -0.00113004 -0.00214596 -0.00644329 0.00109449 -0.00490536 -0.00595388 0.000517732 -0.00493556 -0.00748634 -0.00353933 -0.00695949 -0.0124921 -0.00443138 -0.00785178 -0.00166315 -0.00288226 -0.00435307 -0.00370782 -0.00496077 -0.00421843 0.000787924 0.223187 0.00107867 -0.00546136 0.00119533 -0.00346298 -0.000865913 -0.00359539 0.000454306 -0.00393896 -0.00205154 -0.00242161 -0.00150123 0.00234573 -0.00208194 -0.00391117 -0.00218091 -0.00191262 -0.000765154 -0.00239675 -4.78612e-05 -0.00143175 -0.00329662 -0.00121218 -0.00347041 -0.00420727 -0.00135486 -0.00388018 -0.000327349 -0.0007231 -0.00181285 -0.00126997 -0.0028702 -0.000681891 -0.000890923 -0.00203473 -0.000950023 -0.00148688 -0.0037385 0.00172006 0.00193314 -0.0048824 -0.00270885 -0.000772562 -0.00202991 -0.00164376 -0.00209249 -0.00238619 -0.00112415 -0.00254582 -0.00173988 -0.000920736 -0.00101624 -0.00151641 -0.00177202 -0.00353888 -0.00255627 -0.00210459 -0.00200016 -0.00380906 -0.000903825 -5.55259e-05 -0.000566072 -0.00350442 -0.00182566 0.00123749 -0.00368412 0.000385333 -0.00266781 -0.00373983 -0.00459999 -0.000530073 -0.0013832 -0.00127122 0.000161664 
-0.000987127 -0.00352498 -0.000378074 -0.00305084 -0.00132997 -0.000785891 -0.0031007 -0.00126125 -0.00410308 -0.00665658 -0.00104361 -0.00261731 -0.00716815 -0.00654241 -0.00483423 -0.0105196 -0.000375685 -0.00839908 -0.00539884 -0.00449473 -0.00332079 -0.00338725 -0.00669424 -0.00101197 0.00233074 -0.0013793 0.00107867 0.19123 -0.00681634 -0.000616406 -0.00454712 0.00160753 0.000866469 3.96899e-05 -0.00107793 -0.0021001 -0.00103815 -0.00094508 -0.000557929 -0.00356205 -0.00231487 -0.00155002 -0.00107666 -0.0025487 -0.00318149 -0.0030551 -0.00114542 -0.00208622 -0.00204909 -0.00101795 -0.000832084 -0.00077217 -0.000339884 -0.00211199 -0.00228709 -0.0046945 -0.00114219 -0.002654 -0.00222406 -0.00147291 -0.00169427 -0.000609616 0.000232479 -0.000978483 -0.00197078 -0.00165426 -0.000724113 -0.00156649 -0.00167567 -0.00102265 -0.00328759 -0.00210022 0.000881116 1.75665e-06 -0.00107997 3.34222e-05 -0.00118166 -0.00109259 -0.000240083 -0.000390293 0.000291028 -0.00140437 0.000547458 -0.0021037 -0.00252637 -0.000138846 -0.00185436 -0.00109674 -0.00241987 0.000314886 -0.000607737 -0.00304094 -0.00179117 -0.000987211 -0.000366658 -0.00182818 -0.000506488 -0.00240105 -0.00183661 -0.00109309 
-0.000154696 -0.000684393 -0.00227478 -0.000948258 -0.0019706 -0.000970383 -0.00221347 0.000777226 -0.000892946 -0.00184149 -0.000242978 -0.00148872 -0.00131534 -0.00124852 -0.0117364 -0.00568684 -0.00112057 -0.00481545 -0.00410031 -0.00323728 -0.00029026 -0.00917623 -0.00572424 -0.00112816 -0.00294046 -0.00637985 -0.00546136 -0.00681634 0.175214 -0.0021404 0.00134916 -0.00479635 -0.00121621 -0.000791362 -0.00139398 -0.000401704 -0.00152674 -0.0026845 -0.00217484 -0.00043741 -0.000519341 -0.00149979 -0.00211693 -0.000994204 -0.00116944 -0.000740068 -0.00153927 -0.00150858 -0.00306274 -0.00322474 -0.00197967 -0.00131327 -1.45403e-05 -0.000291852 -0.00255457 0.000253868 -0.00234025 -0.00110582 -0.000258109 0.000843314 -0.000684884 -0.000919237 -0.000357228 -0.00041283 -0.00324264 -0.00115422 0.000525477 -0.00227568 -0.0010015 -0.000880177 -0.001339 -0.000703825 -0.00166932 -0.00213021 -0.00226148 -0.000435938 -0.00092953 9.73264e-05 -0.00132598 -0.000208837 -0.00119869 -0.00188897 -0.00257636 0.000471397 -0.00126318 -0.00215942 -0.00135992 -0.00343725 -0.00242171 -0.0015307 -0.000543562 -0.00128864 -0.00114888 -0.000899671 -0.00146909 -0.00216878 -0.00220054 -0.000748971 0.000614166 -0.00125206 
-0.0009277 -0.00106469 -0.00231855 0.00117732 -0.00347049 -0.00231295 -0.00325504 -0.0015068 -0.000791637 -0.00232232 -0.00163956 -0.00407035 -0.000434309 -0.00837109 -0.00189053 -0.00298142 -0.00653291 -0.00959134 -0.00385409 -0.00707796 -0.00426678 -0.00446885 -0.00377466 -0.00403953 -0.0060483 0.00130788 0.00119533 -0.000616406 -0.0021404 0.162337 -0.00133151 -0.00105485 0.000263207 -0.00100275 -0.000380333 -0.00200672 -0.000514657 -0.000358319 -0.000280665 -0.00102196 -0.00127609 -0.00126153 -0.00134001 -0.00242747 -0.00181291 -0.00109919 -0.00075419 -0.000652891 -0.00141689 -6.09616e-05 -0.00177519 -0.00160583 -0.00221281 -0.000667872 -0.00110948 -0.00162403 -0.00176348 -0.000959111 -0.000839104 -0.00211557 -0.00180974 -0.00249884 -0.000685719 -0.00199224 0.000456205 -0.000132533 0.000380751 -0.000678322 0.000219652 -0.00346034 -0.00110233 -0.00179971 -0.00130079 0.000518207 -0.000872145 -0.000447124 -0.000739986 -0.00093273 -0.000322962 -0.000817328 -0.00102631 -0.00137955 -0.000754645 -0.0008152 -0.00116219 -0.000875631 -0.00027802 -0.00242483 -0.00161945 -0.00139483 0.000346703 -0.000967293 3.84854e-05 -0.00207667 -0.00100978 -0.0030116 -8.53655e-05 -0.00189865 -0.0017843 -0.00158882 
-0.00124955 -0.00311199 -0.00125353 -0.00190138 -0.00260993 -0.0024315 -0.0031675 -0.00334998 -0.00212864 -0.0032569 -0.00399939 -0.00356432 -0.00619843 -0.000404939 -0.00441124 -0.00354574 -0.00276354 -0.000590472 -0.00431832 -0.000873438 -0.00153394 -0.0109336 -0.00373785 -0.00191218 -0.00333345 0.00163138 -0.00346298 -0.00454712 0.00134916 -0.00133151 0.180001 -0.000157754 -0.00200119 -0.000411834 -0.00408954 0.000375607 -0.00189467 -0.00128889 -0.00168056 -0.00383126 -0.00136238 -0.00182029 -0.00191212 -0.00210144 -0.00250871 0.000278897 -0.000837949 -0.000665123 -0.000833022 -0.00211773 -0.00326403 -0.00185753 -0.00120598 -0.00205117 -0.000207074 -0.0016401 0.000441195 -0.00171853 -0.00125636 -0.00114614 -0.00121095 -0.0022529 -0.000445772 -0.0014042 -0.000796525 -0.000646957 -0.001348 -0.000780252 -0.00239451 -0.000342453 -0.001614 -0.00238857 -0.00276559 -0.00224649 -0.00158302 -0.00234596 -0.000756218 -0.000653684 -0.00193476 -0.00137712 -0.00123631 -0.000214411 -0.00106233 -0.00101616 -0.00302309 -0.00248972 -0.00309165 -0.000362697 -0.00339474 -0.000432449 -0.00158918 -0.00180091 0.000428277 4.64396e-05 -0.00122491 -0.0011125 -0.00108929 -0.00178508 -0.000343868 -0.000209852 
0.000169553 -0.00237112 -0.000331669 -0.00217122 -0.00168969 -0.00134705 -0.00224947 -0.00232165 -0.00111858 -0.00125425 -0.00285716 -0.0023463 0.00113097 -0.00591062 0.000806416 -0.00423781 -0.00526704 -0.00537027 -0.00389188 0.000164392 -0.00523709 -0.00551732 -0.00257672 -0.00408831 -0.00320746 -0.00382333 -0.000865913 0.00160753 -0.00479635 -0.00105485 -0.000157754 0.129345 -0.00129178 -0.00156608 -0.000820151 -0.000360065 -0.000313387 -0.00228564 -0.000674161 0.00059558 -0.00128728 -0.000962203 -0.000414305 -0.00146404 -0.000260576 -0.00157596 -0.000322103 -0.00131711 -0.000342828 -0.000745759 -0.00106036 -0.00101568 -0.0009919 -0.00133572 0.000140497 -0.000661144 -0.00145507 -0.000922955 -0.000266677 5.99027e-05 -0.00189963 -0.000553727 -0.000864936 -0.0021273 -9.20297e-05 -0.000878105 -0.000633441 -0.00232975 -0.00168713 -0.000878498 -0.000562134 -0.000611723 -0.00136203 -0.000413665 0.000312386 -0.000369859 -0.000825789 -0.00228868 -0.000550999 -0.00049108 -0.00163843 -0.000811425 -0.00129365 -9.4306e-05 -0.000989614 -0.000852056 -0.00105723 -0.00103085 -0.000991999 -0.00023723 -0.00237061 -0.000754577 -0.000651388 0.000195569 0.00110125 -0.000576868 -0.00151294 8.56942e-05 -0.00095934 -0.000698084 
