0.0809331 -7.30922e-05 -0.000133306 -3.16675e-05 -0.00150337 0.000122643 -0.000797112 -0.00082691 -0.00105934 -0.00308809 8.1517e-05 -0.00209498 -0.00194235 -0.00246634 -0.000461791 -0.002645 -0.000550465 2.87901e-05 -0.000854218 -0.00284828 -0.00154157 -0.000498639 -0.00403153 2.23062e-05 -0.00327317 -0.00410047 -0.0042045 -0.00101242 -0.000938235 -0.000413126 -0.00164259 -0.000851703 -0.000168857 -0.000741635 -0.000886925 -0.0001432 -0.00070861 -0.000667943 -0.00112854 -0.000865632 -0.000841695 -0.00108047 -0.000361806 -0.00107794 -0.000110178 -0.00135143 -0.000116654 -0.000126645 -0.000320629 -0.00115513 -0.000950133 -0.000112102 -0.000186962 -0.00127182 -9.4898e-05 -0.000382561 -0.000857164 -0.000527755 -0.000633543 -0.000812362 -0.001567 -0.000700297 -0.000883267 -0.000434771 -0.000407096 3.16974e-05 0.000154029 -0.000314581 -0.00122662 -0.000999464 -0.000992189 -0.00131949 -0.000213567 -0.000353376 0.000587565 -0.00113645 -0.00168932 -0.000365058 -0.000841005 -0.000163582 9.23522e-05 -0.000470315 -0.000519194 0.000338289 7.50952e-05 -0.000652512 -0.000296346 4.96978e-06 -0.00104353 -0.000399218 -0.00031793 -0.000312138 -0.0010788 -0.000360041 -0.000185992 -0.000222294 -0.000563705 -0.000698145 -0.000206608 2.90414e-05 
-7.30922e-05 0.082771 -0.000611531 0.000466515 0.000406389 -0.00101146 0.000486127 -0.000148765 -0.000121198 -0.00223379 -0.00196129 -0.00168015 -0.0022333 0.000260018 -0.000491093 0.000395473 -0.0035028 -0.0022502 -0.00313972 -0.0017765 -0.000999901 -0.00308598 -0.00227365 0.000863113 -0.00279611 -0.00229641 0.00130098 -0.00146857 -0.00171219 -0.00157199 -0.0014438 -0.00162186 -0.00172306 -0.000676468 -0.000619363 -0.000202732 -0.000532832 -0.000863898 -0.00101076 -0.000830176 -0.000916892 -0.00102557 -0.000978874 -0.000598511 -0.000359719 -0.00129 -5.30189e-05 -0.00104514 -0.000806438 -0.000902764 -0.00131134 6.72729e-05 -0.000601683 -0.000470529 -0.000275377 -0.000329031 -0.000233698 -0.000543723 -0.000766162 -0.000613873 -0.000909617 -0.0011685 -0.000818992 -0.00107617 -0.000632375 -0.000393608 0.000127704 -0.000339987 -0.00130239 -0.000711149 -0.000428787 -0.0011388 -0.00106804 -0.000345845 -0.00123144 -0.00100641 -0.000873357 2.55986e-05 -0.000335134 -0.000642331 -3.3409e-05 -0.000621811 -0.000706633 -0.00119041 -0.000747358 -0.000450284 -0.0011815 -0.000505203 -8.07026e-05 -0.000387154 -0.0012595 -0.000913826 -0.000873923 -0.000431187 -0.00048121 -0.000544403 -0.00151801 -2.07154e-05 -0.000701899 -1.10742e-05 
-0.000133306 -0.000611531 0.0749837 0.000372881 -0.00045087 -0.000827668 -0.000306801 -0.000245742 -0.00109369 -0.00125604 0.000108073 -0.000956661 -0.00179538 -0.00223632 -0.00328242 -0.000134627 -0.00290268 -0.00344163 -0.00106699 -0.002193 -0.00156368 -0.00183838 -0.00122334 -0.00256135 -0.00357484 -0.00305287 0.000465004 -0.00201522 -0.000424904 -0.000345354 -0.00228961 -0.00120009 -0.00118044 -0.000747731 -0.000999465 -0.000540458 -0.000599097 -0.000251399 -0.000155593 -0.000602166 -0.000330983 -0.000453907 -0.000633558 0.000170554 0.000547412 -0.000801722 5.59962e-05 -0.000645816 -0.000496751 -0.000667807 -0.00156357 -9.34018e-06 -0.000485769 -0.000365626 -0.000500377 -0.00053926 -0.000647972 -0.000323027 -0.000443179 3.33226e-05 -0.00126609 -0.000700262 -0.000409786 -0.000867514 -0.000816535 -0.000738078 -0.000614467 0.000338493 -0.000583332 -0.000370676 -0.000462733 -0.000841329 -0.00083327 -0.000550412 -0.000885913 -0.000286271 -0.000815623 -0.000820837 -0.000139042 0.000113712 0.000200026 -0.0001433 0.000295845 9.55516e-05 -1.37535e-05 -0.000154375 -0.000233709 -0.000541578 -0.000856321 -0.00105475 -0.000832484 -3.10099e-05 -0.00131366 -0.000489194 -0.000396273 -0.000873584 -0.000721727 -0.00083502 -0.000474396 0.00019672 
-3.16675e-05 0.000466515 0.000372881 0.0915095 9.19692e-05 0.000279099 0.000429202 0.000585801 -0.00189953 -0.00180035 -0.000617022 -0.00147864 -0.00227267 -0.00166534 -0.00399312 -0.00361031 0.00130267 0.000574546 -0.00324624 -0.00415758 -0.00370922 -0.00159108 0.000759315 0.000535036 -0.00452518 -0.00357597 -0.00212607 -0.00148575 -0.00233794 0.000533422 -0.00201924 -0.000393784 -0.000954984 -0.00187355 -0.0010031 -0.00142913 -0.0014888 -0.00124695 -0.000588731 -0.000629689 -0.000783189 -0.00116938 -0.000854316 -0.000908153 -0.000732954 -0.000792714 -0.00066611 -0.000551896 -0.000746337 -0.000951388 -0.00103636 0.000402717 -0.000363119 -0.000548464 -0.000209481 -0.000678986 -0.00135818 -0.000776154 -0.00130491 -0.000164509 -0.000924257 -0.00121671 -0.000763199 -0.000908974 -0.000722025 -0.0013836 -0.000970398 -0.000523831 -0.00126656 -0.000246111 -0.000727323 -0.00108334 -0.00128188 -0.000771147 -0.000454388 -0.000985116 -0.000289718 -0.000477304 -0.000735596 -0.000535678 -0.000864846 -0.00137325 -0.00126991 -0.000199246 -0.000778831 -0.000981465 9.8688e-05 -0.000553603 -0.000514754 0.000101921 -0.000127861 0.000281048 -0.000329882 -0.000634203 -0.000659039 -0.000377541 -0.00112708 -0.000130792 -0.00127218 -0.000514414 
-0.00150337 0.000406389 -0.00045087 9.19692e-05 0.104901 -3.7556e-05 -0.000991219 -0.00151827 -0.000598702 -0.00149283 0.000494689 -0.000893951 -0.000725731 -0.00271394 -0.00256808 -0.000455029 -0.00296689 -0.00373995 -0.00240399 -0.00643057 -0.00318051 -0.00143765 -0.000916846 -0.000744067 -0.00134227 0.00117702 -0.0031427 -0.000897424 -0.00176503 -0.00161678 -0.00160304 -0.00191231 -0.00159975 -0.00168774 -0.00102606 -0.00101946 -0.00121875 -0.00158505 -0.00143035 7.91294e-05 -0.000754696 -0.000955974 -0.000763337 -0.00133672 -0.0014601 -0.000544615 2.69089e-05 -0.00143467 -0.00112656 -0.000758936 -0.000509262 -0.00101478 -0.000225135 -0.000336333 -0.00127582 -0.000820843 -0.00143635 -0.00219709 -0.00106528 -0.000312783 -0.00150891 -0.00078279 -0.00097327 -0.000435122 -0.000877068 -0.000376186 -0.00070273 -0.000886613 -0.000740106 -0.000696247 -0.00160052 -0.000408701 -0.00105283 -0.00126049 0.000146277 -0.000541708 -2.93945e-05 -0.000938784 -0.00102766 -0.000610303 -0.00101059 -0.00069649 -0.000770564 -0.000905577 -0.00095467 -0.00043706 -0.000215279 -0.00127086 -0.000651795 -2.16663e-05 -0.000989938 -0.000964203 -0.00199657 -0.00078539 -0.00110992 -5.96182e-06 3.44115e-05 -0.00204921 -0.000441954 -0.000685128 
0.000122643 -0.00101146 -0.000827668 0.000279099 -3.7556e-05 0.12055 -0.000162502 0.00020953 -0.00260343 0.000250841 -0.00157533 -0.00134131 -0.00236256 -0.00411009 -0.0013242 -0.00252285 -0.00236641 -0.000590113 -0.00458671 -0.001978 -0.00301742 -0.00051838 -0.0031875 -0.00125194 -0.00248566 -0.00387282 -0.00154112 -0.00184086 -0.00227966 -0.00391865 -0.00472665 -0.00126146 -0.000949324 -0.0032067 -0.00143186 -0.00151108 -0.000656695 -0.000931703 -0.000859517 -0.00124826 -0.00178334 -0.00131686 -0.000884743 0.000588339 -5.05913e-05 -3.15763e-05 -0.000496365 -6.19213e-05 -0.00119534 -0.000947192 -0.000426181 -0.000637845 -0.000309099 -0.000115706 -0.00104679 -0.00102083 -0.00246774 -0.00109837 -0.000142578 -0.000527573 -0.00131711 -0.00113442 -0.00144623 -0.000713958 -0.000324109 -0.0017319 -0.00116528 -0.00107222 -0.00105003 -0.000280737 -0.00134551 1.22357e-05 -0.000817786 0.000550228 -0.00132258 -0.000946456 -0.00177824 0.00025072 -0.00117177 -0.0013969 -0.000553604 -0.000991797 -0.00119449 -0.00179302 -0.00226644 -0.000375493 -0.00105237 -0.00103026 -0.000888849 -0.000203604 -0.00202563 -0.00044514 -0.000963585 4.58819e-05 -0.000632012 -0.000829269 -0.00161991 -0.00119165 -0.00119302 -0.0019363 
-0.000797112 0.000486127 -0.000306801 0.000429202 -0.000991219 -0.000162502 0.0953775 -0.000738904 0.000653993 0.000825545 -1.66765e-05 -0.000245853 -0.00105145 -0.00165612 -0.00179716 0.000425162 -0.00248178 -0.00459657 -0.00247178 -0.000122433 -0.000246073 -0.00145178 -0.00391649 -0.00281262 -0.0018344 -0.00371597 -0.00226485 -0.00459611 -0.00245219 -0.00174396 -0.00209446 -0.0010673 -0.0022168 -0.00184316 -0.000707461 -0.0012045 -0.00108875 -0.000884715 -0.000873405 -0.00128958 -0.000826871 -0.000496234 -3.78656e-05 -0.000778622 -0.000215003 -0.00097062 6.26403e-05 -5.05632e-05 -0.00109719 3.52708e-05 -0.000668607 -0.000235511 -0.000547901 -0.00109962 -0.00104242 -0.000801649 -0.000578651 -0.000586548 -0.00127155 -0.00116019 -0.000776503 0.000115584 -0.000253573 -0.000947638 -0.00131404 -0.000827229 -0.000730513 -0.000348503 -0.000887911 -0.000796742 -0.00107668 -0.00207817 -0.00117178 -0.000764295 -0.000994932 0.000736309 -0.00182235 -0.000279902 -0.00027929 0.000207104 -0.00078394 -0.0013997 -0.000767437 -0.000457973 -0.00186787 0.000373572 0.0012577 -0.00100681 -0.000540606 -0.00119761 -0.0006608 -0.000595868 -0.00144694 -0.00041586 -0.000855387 -0.000663045 -0.00128643 -0.000363928 -0.00235669 -0.000762219 
-0.00082691 -0.000148765 -0.000245742 0.000585801 -0.00151827 0.00020953 -0.000738904 0.106076 -0.00108351 0.00031427 -0.00104833 0.000135341 -0.000228686 -0.00110406 -0.000430753 -0.000987593 -0.00459116 -0.00420783 -0.00404578 -0.00215167 -0.00534518 -0.00234861 -0.000771341 -0.0031823 -0.00344351 -0.0034923 -0.000963636 -0.00318794 -0.00223365 -0.00126434 -0.00187101 0.000557154 -0.00125053 -0.00228226 0.000180767 -0.00108157 -0.000850155 -0.000751514 -0.000836996 -0.000869527 -0.000665378 -0.00113295 -0.000704142 -0.000126139 -0.000182382 -0.00166223 -0.000901385 -0.000981515 -0.00124509 -0.000264552 -0.00150183 -0.000749839 -0.000983741 -0.00045072 -0.000337782 -0.000594761 -0.00162046 0.000125986 -0.00148322 -0.000893954 -0.00137906 -0.00216013 -0.00066934 -0.000803375 -0.000460991 -0.00117594 -0.000744392 -0.000547984 -0.000208358 -0.00135584 -0.00117529 -0.000658082 -0.00110386 -0.000649688 -0.000279744 -0.000160493 -0.00077352 -0.000775302 4.05818e-06 -0.000560427 -0.000704393 -0.000927072 -0.000820534 -0.0019534 -0.00186287 -0.00132533 -0.00158769 -0.00115746 -0.00102525 -0.000687245 -0.000589048 -0.000314722 -0.000400654 -0.000201979 -0.000593133 -8.15838e-05 -0.0012377 -0.000651999 -0.000637567 7.86146e-05 
-0.00105934 -0.000121198 -0.00109369 -0.00189953 -0.000598702 -0.00260343 0.000653993 -0.00108351 0.122126 0.000378807 -0.0012629 -0.00112752 -0.00136291 0.00287325 -0.00251974 -0.00169008 -0.00315219 -0.00037346 -0.000883698 -0.00246314 -0.00365296 -0.00274637 -0.00426311 -0.00318094 -0.00214522 -0.00552667 -0.00259462 0.000421644 -0.0028625 -0.00240338 -0.0020129 -0.00341722 -0.00180792 0.000346799 -0.000556559 -0.000564587 -0.00251228 -0.000782958 -0.000542699 -0.000374747 -0.00160129 -0.000830473 -0.000342904 -0.0020699 -0.0017358 -0.00209271 -0.00172152 -0.000659808 -0.00106732 -0.00119391 -0.000434275 -0.000408243 0.00020096 -0.00107185 -0.000874551 -0.00180038 -0.00112148 -0.0013623 -0.00217727 -0.000948706 -0.00216995 -0.0016885 -0.00155297 -0.00039524 -0.00226746 -0.000480573 4.38169e-05 -0.000305525 -0.00213897 -0.00174914 -0.00232087 -0.00121891 -0.00182365 -0.0013822 -0.00116378 -0.00161746 -0.00143363 -8.49753e-05 -0.000768364 -0.000397116 -0.000891127 -0.00020227 -0.000480719 -0.000826675 0.000339426 -0.00139737 -0.000848216 -0.00138661 -7.26724e-05 -0.000407563 0.000723173 -0.000228533 -0.000560667 -0.000517599 -0.000633396 -0.000450719 -0.000728481 -0.00195794 -0.00143605 -0.00136492 
-0.00308809 -0.00223379 -0.00125604 -0.00180035 -0.00149283 0.000250841 0.000825545 0.00031427 0.000378807 0.141851 -0.00070151 0.00148935 -0.00283621 -0.00157986 -0.00378698 -0.00326793 -0.00391378 -0.00205459 -0.00463748 -0.000608817 -0.00206634 -0.00378805 -0.00511921 -0.00404378 -0.00491029 -0.00361436 -0.00338766 -0.00410743 -0.00324861 -0.000728355 -0.00432253 -6.22889e-05 -0.000490531 -0.00172832 -0.00312197 -0.00121299 -0.00141835 6.94802e-05 -5.49169e-05 -0.00146827 -0.000249528 -0.000856027 -0.000248611 -0.00112679 -0.00103422 -0.000914204 -0.00177791 -0.00107815 -0.000149576 -0.00182546 0.000895404 9.92244e-05 -0.00167957 -0.000163961 -0.00212084 0.000645647 -0.00126239 -0.000250032 -0.000633038 -4.19837e-05 -0.000132472 -0.00112448 -0.001328 -0.00100768 -0.00156128 -0.00027279 -0.00168039 -0.000650301 -0.00165002 -0.000825746 -0.00071878 -0.00278242 -0.0010575 -0.00197686 -0.00187891 -0.00188777 -0.00155721 -0.00145528 -0.00192744 -0.00116689 -0.00125516 -0.0009675 -0.000241854 -0.00160071 -0.0009178 -0.000940076 -0.00134928 -0.00140881 -0.00202635 -0.00175873 -0.000913258 -0.00173691 -0.00085132 -0.000886781 0.000353 0.000201535 -0.00182573 -0.00252064 -0.000689289 -0.00127702 
8.1517e-05 -0.00196129 0.000108073 -0.000617022 0.000494689 -0.00157533 -1.66765e-05 -0.00104833 -0.0012629 -0.00070151 0.13075 -0.00041471 -0.000486946 -0.000928899 -0.000281184 -0.00162743 -0.00162836 -0.00404331 -0.00364336 -0.000563091 -0.000799377 -0.003762 -0.00655412 -0.00242763 -0.0078963 -0.00570874 -0.00161064 -0.00202855 -0.00665356 -0.00115327 -0.00318858 -0.00202716 -0.00126251 -0.000482448 -0.00110003 -0.000131057 -0.00233883 -0.000827292 -0.000797133 -0.00157795 -0.00178781 -1.37321e-05 -0.000381264 -0.000837198 -0.00171705 -0.00121739 0.000548008 -0.00110054 -0.000271485 -0.00116345 -0.000862425 -0.000590868 -0.00113801 -0.000999835 -0.000980404 -0.00191005 -0.000757189 1.12901e-05 -0.00163366 -0.00173389 -0.00150973 -0.00117612 -0.00065806 -0.0010279 -0.00107914 -0.000359353 -0.00102115 -0.00171687 -0.000998803 -0.00111298 -0.00120992 -0.00192159 -0.000320985 -0.00121779 -0.000302072 -0.00200197 -0.0020825 -0.00091773 -0.000541283 -0.000528022 -0.00088796 -0.000520805 -0.000161277 0.000290295 -0.000784632 -0.00254421 -0.00130405 -0.000147247 -0.00132479 -5.02487e-05 -0.00128865 -0.00107001 -0.00189472 -0.00183896 -0.000833236 -0.00055906 -0.000645079 -6.78867e-05 -0.00157591 -0.000856936 
-0.00209498 -0.00168015 -0.000956661 -0.00147864 -0.000893951 -0.00134131 -0.000245853 0.000135341 -0.00112752 0.00148935 -0.00041471 0.172112 -0.00151131 0.000672168 -0.00128757 -0.00225096 -0.00848147 -0.00893664 -0.00463377 -0.00156751 -0.00518225 -0.00653162 -0.00236911 -0.0115785 -0.000519342 -0.00536781 -0.000429609 -0.00728331 9.07146e-05 -0.0038582 -0.00392081 -0.00413432 -7.50804e-05 -0.00108129 -0.00217572 -0.000725625 -0.00104344 -0.000309953 -0.000158938 -0.002528 -0.00268072 -0.000947278 -0.00222102 -0.000706313 -0.00148388 -0.00156561 -0.000266349 -0.000937741 -0.00130523 -0.000639433 -0.00340503 -0.000670894 -0.0013416 -0.0017201 0.000705506 0.000497136 -0.00261925 -0.00142796 -0.000187859 -0.00115243 -0.00158017 -0.000990021 -0.000142125 -0.00117457 -0.000634107 -0.000741983 -0.000678158 -0.00034816 -0.00111935 -0.00166557 -0.000426104 -0.00234702 -0.00183901 -0.00167428 -0.00234243 -0.000216062 -0.00143553 -3.9254e-05 -0.000581282 -0.000738115 -0.00105626 -0.00220736 -0.00178545 -0.0017617 -0.00289008 0.000385025 -0.000709419 -0.00309253 -0.00316458 -0.000794552 -0.000329189 -0.00279197 -0.00114628 -0.00142219 -0.00112111 -0.00176855 -0.000973019 -0.00219474 -0.00182715 -0.000883372 
-0.00194235 -0.0022333 -0.00179538 -0.00227267 -0.000725731 -0.00236256 -0.00105145 -0.000228686 -0.00136291 -0.00283621 -0.000486946 -0.00151131 0.181529 0.000254792 0.000176863 0.00246592 -0.000442712 -0.00867677 -0.00972642 -0.00927519 -0.00503503 -0.00588086 -0.00438672 -0.00357684 -0.00569166 -0.00416112 -0.00176856 -0.00295061 0.0002371 -0.00113109 -0.0063096 -0.000842587 -0.00205101 -0.00220236 -0.00376743 -0.0019284 0.000942207 -0.00134603 -0.0018402 -0.0015763 -0.00135764 -0.00236947 -0.00116176 -0.00250632 -0.000934193 -0.00118571 -0.0015773 -0.00217742 -0.000382535 -0.00169367 -0.00120281 -0.0021359 -0.00198994 -0.00174108 -0.00262264 -0.00191811 -0.00110497 0.000409801 -0.00112437 -0.00147559 -0.00153484 -0.000854006 -0.000900743 -0.00172602 -0.00141094 -0.00140218 -0.00164168 -0.00194261 -0.00247144 -0.000273562 -0.0018533 -0.000748581 -0.000331927 -0.000835704 -0.000924297 -0.00278032 -0.00206027 -0.00115927 -0.00163686 -0.000972009 -0.00151025 -0.000239378 -0.00169353 -0.000846762 -0.00334619 -0.000246851 -0.000540868 -0.00220966 -0.000303741 -0.00173237 -0.000967532 2.95669e-05 -0.00367118 -0.00203412 -0.000645677 -0.0010447 -0.000365096 -0.00138103 -0.00246791 0.000700694 
-0.00246634 0.000260018 -0.00223632 -0.00166534 -0.00271394 -0.00411009 -0.00165612 -0.00110406 0.00287325 -0.00157986 -0.000928899 0.000672168 0.000254792 0.208309 -0.00467865 -0.00437679 -0.000423956 -0.00217944 -0.00246758 -0.00652732 -0.00807256 -0.00997923 -0.00355711 -0.00808051 -0.00398763 -0.0047842 -0.00723536 -0.00101138 -0.00244482 -0.00409111 -0.00340288 0.0015972 -0.00378724 -0.00127112 -0.00251143 -0.00268116 -0.0054706 -0.00350506 -0.0016999 -3.36085e-05 -0.00403881 -0.00210734 -0.00074787 -0.00034161 -0.00191682 -0.00370011 -0.00143677 -0.000363408 -0.000852356 -0.00260997 -0.00235552 -0.00243706 -0.00204536 -0.00197525 -0.00166962 3.48567e-05 -0.00193277 -0.00157291 -0.0023362 -0.00355674 -0.00100055 -0.00136677 -0.00260122 -0.00212378 -0.00396988 -0.000338102 -0.0021995 -0.00236386 -0.00214284 -0.00220959 -0.00307396 -0.000632717 -0.000587441 -0.00122764 -0.000820921 -0.00242236 -0.00382003 -0.00136491 -0.00112234 -0.00168407 -0.000652606 -0.00287017 -0.00169929 -0.00339733 -0.000492175 -0.00160014 0.000995211 -0.00132073 -0.00101252 0.00013025 -0.000438067 -0.000129155 -0.000555305 -0.000755281 -0.000902365 0.000564894 -0.00209383 -0.00124135 -0.00181948 -0.00292106 
-0.000461791 -0.000491093 -0.00328242 -0.00399312 -0.00256808 -0.0013242 -0.00179716 -0.000430753 -0.00251974 -0.00378698 -0.000281184 -0.00128757 0.000176863 -0.00467865 0.220047 0.000558539 -0.00415378 0.00280071 -0.000475426 -0.000902905 -0.0155373 -0.00780568 -0.00663397 -0.00468498 -0.00586182 -0.00675272 6.63711e-05 -0.00618876 -0.0075551 -0.00358164 -0.000600816 -0.00398181 0.00143025 -0.00218693 -0.00210184 -0.000935703 -0.00108339 -0.00378607 -0.000208516 -0.00266204 -0.00192284 -0.00171406 -0.00316634 -0.00440254 -0.00134378 -0.00101491 -0.00201531 -0.00320873 -0.00530029 -0.00226126 -0.000110266 -0.000789638 -0.000363428 -0.003181 -0.00261456 -0.000228514 -0.00174621 -0.00323614 -0.000478817 -0.00208483 -0.000533575 -0.000797595 0.000282247 -0.00210242 -0.000389835 -0.00021701 0.000239556 -0.00328771 -0.00280824 -0.00137444 -0.00216808 -0.00239832 -0.00161635 -0.000790777 -0.00162088 -0.000796178 -0.00295131 0.000366126 -0.00264337 -0.00245169 -0.002764 -0.00230396 -0.00282563 -0.00120479 -0.00265221 -9.20913e-05 -0.00272221 -0.00200022 -0.000849019 -0.00336351 -0.00128396 -0.00268095 -0.00215886 -0.00108943 -0.00296463 -0.00118664 -0.00344084 -0.0010511 -0.00187008 -0.00274787 
-0.002645 0.000395473 -0.000134627 -0.00361031 -0.000455029 -0.00252285 0.000425162 -0.000987593 -0.00169008 -0.00326793 -0.00162743 -0.00225096 0.00246592 -0.00437679 0.000558539 0.235649 -0.0106363 -0.00640984 -0.00467786 -0.00142866 -0.0142809 -0.000405498 -0.0107116 -0.00806332 -0.000679395 -0.00645145 -0.00161353 -0.0106087 -0.00314351 -0.00239311 -0.00240025 -0.00120902 -0.00686065 -0.000251697 -0.00265912 -0.00082525 -0.00132623 -0.00313035 -0.00465123 -0.00117981 -0.000108015 -0.00375748 -0.0016409 -0.00106677 0.000672357 -0.00108593 -0.00313623 -0.000760021 -0.00182526 -0.000413147 -0.000408021 -0.00362932 -0.00380255 -0.00333978 -0.00138051 -0.0013801 -0.00192168 -0.00279765 -0.00179906 -0.00087384 -0.00347697 -0.00245282 -0.00134301 -0.000208617 -0.00234881 -0.00221495 -0.0033413 -0.000847255 -0.00158557 -0.00158964 -0.00178802 -0.00291208 -0.00214801 -0.00251034 -0.00360061 -0.00122352 -0.00231693 -0.00235678 -0.000425992 -0.00597738 -0.000439851 -0.000739946 -0.00218754 -0.00304061 -0.00123415 -0.0024694 -0.00315531 0.000685512 -0.00101632 -0.00205259 -0.0016095 -0.00274025 -0.00298973 0.00126255 -0.00112088 -0.00265276 -0.000832829 -0.00390821 -0.000780706 0.00021657 
-0.000550465 -0.0035028 -0.00290268 0.00130267 -0.00296689 -0.00236641 -0.00248178 -0.00459116 -0.00315219 -0.00391378 -0.00162836 -0.00848147 -0.000442712 -0.000423956 -0.00415378 -0.0106363 0.249332 0.000102871 -0.00328135 -0.0027532 -0.00361376 -0.00397465 -0.00257691 -0.00692194 -0.0095982 -0.00438477 -0.0118423 -0.00224647 -0.00624879 -0.00651266 -0.00493679 -0.00510802 -0.00192933 -0.00469061 -0.00197366 -0.001588 -0.00490754 -0.00204686 -0.00145115 -0.000853697 -0.0050524 -0.00293976 -0.000405711 -0.00429825 -0.00038155 -0.0014032 -0.00167512 -0.00243663 0.00196329 -0.00191335 -0.00387471 -0.00246203 -0.00289732 -0.000837697 -0.00295329 -0.00302145 -0.00304572 -0.00267726 -0.00292478 -0.00253606 -0.00077841 -0.00160041 0.00030586 -0.00116943 -0.00021114 -0.00178978 -0.0040517 -0.00146217 -0.00196098 -0.000740357 -0.00292326 -0.000450658 -0.000684164 -6.17412e-05 -0.00291844 -0.00305468 0.000425487 -0.00188828 -0.00218126 0.00068166 -0.00102452 -0.00398927 -0.000312182 -0.00077016 -0.00119818 -0.00386208 -0.00131323 -0.00335874 -0.000401066 -0.00115272 -0.000327269 0.000293795 -2.95227e-06 -0.0034478 -0.00121466 -0.00346076 -0.00207148 -0.00318244 -0.00222993 0.000209919 
2.87901e-05 -0.0022502 -0.00344163 0.000574546 -0.00373995 -0.000590113 -0.00459657 -0.00420783 -0.00037346 -0.00205459 -0.00404331 -0.00893664 -0.00867677 -0.00217944 0.00280071 -0.00640984 0.000102871 0.24678 0.00344683 -0.00689871 -0.0067787 0.00267962 0.00104754 -0.00537844 -0.0141237 -0.00707561 -0.00988585 -0.00235887 -0.00199762 -0.00305771 -0.00166333 -0.00445343 -0.000128721 -0.00188464 -0.00249161 -0.00299455 -0.00155576 -0.00586305 -0.00299329 -0.00121181 -0.00162291 -0.00123689 -0.000792435 -0.00334275 -0.00330854 -0.00144769 -0.00150958 -0.00128555 -0.00104375 -0.00111725 -0.00413034 -0.00166222 -0.00295394 -0.00517637 -0.0014057 -0.00273677 -0.00285906 -0.00510624 -0.00182708 -0.00195771 -0.00143519 -0.0022574 -0.00350837 -0.00544505 -0.00440926 0.000275835 -0.00219943 -0.0029497 0.000337391 -0.00252771 -0.00161179 -0.00198904 -0.00166113 -0.00195819 -0.00158092 -0.000819929 -0.00528154 -0.00277224 -0.00269566 0.00021299 -0.00280621 -0.001404 -0.00404916 -0.00142023 -0.00190065 -0.00156341 -0.00108273 0.00146599 0.000644058 -0.00433082 -0.00249566 -0.00141117 -0.00141767 -0.000919112 -0.00138875 -0.00317269 -0.00175195 -3.95222e-05 -0.00140597 -0.00191621 
-0.000854218 -0.00313972 -0.00106699 -0.00324624 -0.00240399 -0.00458671 -0.00247178 -0.00404578 -0.000883698 -0.00463748 -0.00364336 -0.00463377 -0.00972642 -0.00246758 -0.000475426 -0.00467786 -0.00328135 0.00344683 0.249977 -0.00217014 -0.00344281 -0.00756283 -0.00268659 0.00118615 -0.0052243 -0.0121937 -0.00928725 -0.00691929 -0.00356671 -0.00745951 0.00596063 -0.00613827 -0.00320405 0.00127725 -0.00332008 -0.00381915 -0.00193272 0.00137505 -0.00427388 -0.00228248 -0.00170911 -0.000955531 -0.00147005 -0.000706177 -0.000263472 -0.0027057 -0.00139845 -0.000992563 -0.00306786 -0.00406817 -0.00208917 -0.00180835 0.000504979 -0.00152575 -0.000773644 -0.0028266 -0.00439411 -0.00236565 -0.00397911 3.69052e-05 -0.00412889 -0.00270707 -0.00304592 -0.00131394 -0.00454785 -0.00328112 -0.00235097 -0.0014519 0.000702402 -0.00216872 -0.0034424 -0.00129049 -0.00315084 -0.000810251 -0.000599388 -0.00149446 -0.00364104 -0.00433982 -0.00244666 0.000451509 -0.00373064 -0.00206154 -0.000626557 -0.00203121 -0.0017319 -0.00227452 -0.000146356 -0.00255226 -0.00385543 -0.00184603 -0.00173297 -4.98718e-05 -0.00200911 -0.00256391 -0.00199083 -0.00186867 -0.00214443 -0.0003958 -0.00394777 -0.00232178 
-0.00284828 -0.0017765 -0.002193 -0.00415758 -0.00643057 -0.001978 -0.000122433 -0.00215167 -0.00246314 -0.000608817 -0.000563091 -0.00156751 -0.00927519 -0.00652732 -0.000902905 -0.00142866 -0.0027532 -0.00689871 -0.00217014 0.249973 -0.00122403 0.00179707 -0.000109639 -0.013514 -0.0100777 -0.00242407 -0.00818862 -0.012006 -0.00402844 -0.00734951 -0.00640913 -0.000935761 -0.00405649 -0.0035865 -0.00220675 -0.000436815 -0.00316078 -0.00155287 -0.00159586 -0.00264552 -0.00315061 -0.000914144 -0.00130909 0.000520102 -0.0025971 -0.00411056 -0.00187629 -0.00239619 -0.00125217 -0.000792646 -0.00509136 -0.00124612 -0.000585989 -0.00109552 -0.00202257 -0.000862122 -0.000856054 -0.00264844 0.000439467 -0.00208542 1.60107e-05 -0.00325903 -0.00126186 0.00196512 -3.74746e-05 -0.00158666 -0.00175239 -0.00447718 -0.00118816 -1.94143e-05 -0.00229111 -0.00267351 -0.00231375 -0.00296831 -0.00238382 -0.00193624 -0.00214712 -0.00136715 -0.00187745 -0.0018676 -0.00266992 -0.000455969 -0.00322978 -0.000403578 -0.00162436 -0.00181336 -0.00196033 -0.00118539 -0.00331759 -0.00486209 -0.00309518 -0.00504715 -0.00302077 -0.00329527 -0.00145662 -0.000360376 -0.00167406 -0.00163858 0.000398092 -0.00137264 
-0.00154157 -0.000999901 -0.00156368 -0.00370922 -0.00318051 -0.00301742 -0.000246073 -0.00534518 -0.00365296 -0.00206634 -0.000799377 -0.00518225 -0.00503503 -0.00807256 -0.0155373 -0.0142809 -0.00361376 -0.0067787 -0.00344281 -0.00122403 0.249736 -0.00438002 -0.00349499 0.00248463 0.00859802 -0.00244799 -0.00598832 -0.00186877 -0.00374011 -0.00416965 -0.00825946 -0.00474309 -0.0097928 -0.00569102 -0.00113224 -0.00637079 -0.00241073 -0.00107644 -0.00236752 -0.00549867 -0.00355787 -2.39368e-05 -0.0041309 -0.000874462 -0.00422434 -0.00270614 -0.000277482 -0.00180428 -0.00128559 -0.00351734 -0.00133515 -0.0014428 -0.0020665 0.000988429 -0.00366113 -0.00281374 -0.00201276 -0.00156568 -0.00220677 -0.00280474 -0.00128927 0.00144942 -0.00343205 -0.00305436 0.000749397 -0.00242503 -0.00286548 -0.000912064 -0.00169904 -0.00286627 -0.00207302 -0.00103696 -0.00023879 -0.00284708 0.000156958 -0.000982977 -0.0017851 -0.00196274 -0.0018285 -0.00175284 -0.00434586 -0.0010081 -0.00120317 0.00113582 -0.00109218 0.000826646 -0.000374814 -0.00134975 -0.00187361 -0.000940862 0.000464159 -0.00346351 -0.000906664 -0.00221141 -0.00048224 -0.000711617 -0.0015166 -0.00206756 -0.00203366 -0.00292254 
-0.000498639 -0.00308598 -0.00183838 -0.00159108 -0.00143765 -0.00051838 -0.00145178 -0.00234861 -0.00274637 -0.00378805 -0.003762 -0.00653162 -0.00588086 -0.00997923 -0.00780568 -0.000405498 -0.00397465 0.00267962 -0.00756283 0.00179707 -0.00438002 0.249842 -0.00416011 -0.00278578 -0.00352424 -0.00832906 -0.00939508 -0.00583124 -0.00307234 -0.00854207 -0.00425967 -0.00425253 0.000338063 -0.00665627 -3.95569e-05 -0.00272672 -0.00301351 -0.00217018 -0.00323552 -0.00227926 -0.00195599 -0.00158095 -0.003485 -0.00304342 -0.00262996 -0.00200154 -0.0005978 -0.000655283 -0.00175275 -0.00153431 -0.000305533 -0.0007564 -0.00159663 -0.000954377 -0.00358046 -0.00288582 -0.00313052 -0.00116339 -0.00325688 -0.00317762 -0.00333083 -0.00317892 -0.00270795 -0.00279758 0.000158759 -0.000481347 -0.00211227 -0.00213921 -0.00546941 -0.00150759 -0.00170321 -0.00130723 -0.00190537 -0.00156825 0.0010092 -0.00186051 -0.00176698 -0.000236129 -0.00256042 -0.000997575 -0.00278403 -0.00189986 0.000849584 -0.00271033 -0.00368638 -0.00379921 -0.00198055 -0.000777471 -0.0015271 -0.00120053 -0.00186016 -0.000890789 0.00157507 -0.00201452 -0.000465578 -0.00137827 -0.00455042 -0.000706846 -0.00316648 -0.00131484 
-0.00403153 -0.00227365 -0.00122334 0.000759315 -0.000916846 -0.0031875 -0.00391649 -0.000771341 -0.00426311 -0.00511921 -0.00655412 -0.00236911 -0.00438672 -0.00355711 -0.00663397 -0.0107116 -0.00257691 0.00104754 -0.00268659 -0.000109639 -0.00349499 -0.00416011 0.249806 -0.00374215 -0.00211041 0.00157285 -0.0108475 -0.00826762 -0.0099156 -0.00485372 0.000566435 -0.00369557 -0.00135778 -0.00677227 -0.00414698 -0.00298762 0.000442111 -0.00189892 -0.00468668 -0.00187378 -0.0022583 -0.00242053 -0.00076076 -0.00160007 -0.00129849 -0.00228977 -0.00209656 -0.00419702 -0.00396452 -0.000937912 0.00147749 -0.00131077 -0.00305928 -0.00193586 0.00167065 -0.00144702 -0.00212311 -0.00102038 -0.00294055 -0.00159434 -0.00241206 -0.000771678 -0.003279 -0.00123299 -0.00123598 -0.00711411 -0.00334811 -0.00144976 -0.00151191 -0.0018894 -0.00166578 -0.00256395 -0.00114786 -0.0016441 -0.00077585 -0.00301049 -0.00284482 -0.00283065 -0.00179516 -0.00247641 0.000808603 -0.00273933 -0.00237263 -0.00186838 -0.00100243 3.74814e-05 -0.00320972 -0.00163311 -0.0023235 -0.000940024 -0.00242304 -0.00125836 -0.00317065 -0.000942319 -0.00253048 -0.00137343 -0.000901344 -0.00171294 -0.00242544 -0.00300567 
2.23062e-05 0.000863113 -0.00256135 0.000535036 -0.000744067 -0.00125194 -0.00281262 -0.0031823 -0.00318094 -0.00404378 -0.00242763 -0.0115785 -0.00357684 -0.00808051 -0.00468498 -0.00806332 -0.00692194 -0.00537844 0.00118615 -0.013514 0.00248463 -0.00278578 -0.00374215 0.245923 -0.0022145 -0.0037747 -0.000290173 0.000367677 -0.00435028 -0.0021086 -0.00407224 -0.00909962 -0.0031884 -7.10755e-05 -0.00216455 -0.00300365 -0.00247688 -0.00151418 -0.0020729 -5.23139e-05 -0.000710411 -0.00181662 -0.00198351 -0.00178434 -0.00306608 -0.00255852 -0.00239158 -0.00187261 -0.000454009 -0.000559519 -0.00185532 -0.00212801 -0.00207545 -0.00270127 -0.00267886 -0.00295062 -0.00279478 -0.00180471 -0.0019398 0.000529742 -0.0029541 -0.00392297 -0.00351291 -0.00447015 -0.00294321 0.001214 -0.00422521 0.000778865 -0.00156588 -0.00344213 -0.00120151 -0.00268385 -2.0858e-05 -0.00121456 -0.00344071 -0.00228788 -0.00133561 -0.001157 -0.00187553 -0.00276211 -0.00180634 -0.00156665 -0.00148636 -0.00192998 -0.00127636 -0.000401059 -0.00076691 -0.00249447 -0.00122347 -0.00184117 -0.00357516 -0.00241736 -0.00360554 -0.00211254 -0.00465493 -0.000162143 -0.000998143 -0.00330355 -0.00382663 -0.00232871 
-0.00327317 -0.00279611 -0.00357484 -0.00452518 -0.00134227 -0.00248566 -0.0018344 -0.00344351 -0.00214522 -0.00491029 -0.0078963 -0.000519342 -0.00569166 -0.00398763 -0.00586182 -0.000679395 -0.0095982 -0.0141237 -0.0052243 -0.0100777 0.00859802 -0.00352424 -0.00211041 -0.0022145 0.248513 -0.00550746 0.00177242 -0.000470696 -0.000997108 -0.00294131 -0.00502948 -0.00718202 -0.00328608 -0.00324097 0.00118112 -0.000356996 -0.000539065 -0.00271322 -0.00127299 -0.000856624 -0.00241618 -0.00109737 -0.00344847 -0.00259306 -0.00314773 -0.00198586 -0.00284322 -0.00222055 -0.00312327 -0.00109773 -0.000515757 -0.00362066 -0.00248225 -0.00156811 -0.00155451 -0.00175519 -0.000126039 -0.000803716 0.00155833 -0.00131264 -0.00181508 -0.00167797 -0.00284386 0.00147079 -0.00296516 -0.00331115 -0.0025454 -0.000853455 -0.00369783 -0.0039143 -0.00351389 -0.00436762 -0.00163376 -0.00284961 -0.00179323 0.000245047 -0.00302446 -0.00057108 -0.00245955 -0.00313256 -0.00332534 -0.00173498 -0.0011612 -0.00124651 -0.00445301 -0.00350653 -0.00395868 -0.00418141 0.000220292 -0.000407408 -0.002248 -0.000917371 -0.00411846 -0.00138792 -0.0015999 -0.00152298 -0.00145246 -0.000410742 -0.00210293 -0.0029065 
-0.00410047 -0.00229641 -0.00305287 -0.00357597 0.00117702 -0.00387282 -0.00371597 -0.0034923 -0.00552667 -0.00361436 -0.00570874 -0.00536781 -0.00416112 -0.0047842 -0.00675272 -0.00645145 -0.00438477 -0.00707561 -0.0121937 -0.00242407 -0.00244799 -0.00832906 0.00157285 -0.0037747 -0.00550746 0.243387 0.00303721 -0.00214084 -0.00440726 -0.00132837 -0.000641362 -0.00303532 -0.00517257 -0.00354116 -0.00157929 -0.00102509 -0.000919464 -9.1783e-05 0.00197626 -0.00178757 -0.00117927 -0.00262436 -0.000694889 -0.002229 -0.00177052 -0.00238764 -0.00249862 -0.00242532 -0.00265007 -0.003061 -0.00187976 -0.00356162 -0.00217812 -0.00111438 -0.00243316 -0.00048572 -0.000656564 -0.00240808 -0.00175615 -0.00216805 -0.000990592 -0.00123526 -0.00120182 -0.0022227 0.000438948 -0.00388903 -0.00409751 -0.00124435 -0.000900589 -0.00208253 -0.000849222 -0.00108104 -0.00106294 -0.00157025 -0.00312087 -0.00299299 -0.000235991 -0.00217856 -0.00257755 -0.00259657 -0.00192734 -0.000894302 -0.00179416 -0.0013414 -0.00199799 -0.00334378 -0.0034422 -0.0023574 -0.00378765 -0.00173769 -0.00239312 -0.00165111 -0.00253899 -0.000163572 -0.00245095 -0.00286378 -0.000917582 -0.00196993 0.000625412 -6.77279e-05 
-0.0042045 0.00130098 0.000465004 -0.00212607 -0.0031427 -0.00154112 -0.00226485 -0.000963636 -0.00259462 -0.00338766 -0.00161064 -0.000429609 -0.00176856 -0.00723536 6.63711e-05 -0.00161353 -0.0118423 -0.00988585 -0.00928725 -0.00818862 -0.00598832 -0.00939508 -0.0108475 -0.000290173 0.00177242 0.00303721 0.234544 -0.00511271 0.00228185 -0.00269723 -0.00360205 0.00290901 -0.00271395 -0.00518244 -0.00386137 -0.00201323 0.000836324 -0.00378123 0.000391719 -0.00115681 -0.00042517 -0.000129538 -0.00312156 -0.0052244 -0.00107339 -0.00281115 -0.00345576 -0.00237301 -0.00228017 -0.00239552 -0.00333395 -0.00399728 -0.00188178 -0.00391869 -0.00396396 -0.0013825 -0.00121946 -0.00177447 -0.000200098 -0.00212179 -0.00177852 0.000662134 -0.00229321 -0.00146783 -0.00113153 -0.0012501 -0.00159982 -0.00298786 -0.000419082 -0.00217797 0.000667903 -0.00312396 -0.00173483 -0.00310186 -0.00189578 -0.00272615 -0.00224313 -0.000184639 -0.00127969 -0.00170359 -0.00212673 -0.000770559 -0.00252284 -0.00317464 -0.00319506 -0.000371132 -0.00425552 -0.00113816 -0.00248784 -0.0018391 -0.00157565 -0.00275555 -0.00475387 -0.00235323 -0.00252628 -0.00164782 0.000550569 -0.00163328 -9.9451e-05 -0.00134623 
-0.00101242 -0.00146857 -0.00201522 -0.00148575 -0.000897424 -0.00184086 -0.00459611 -0.00318794 0.000421644 -0.00410743 -0.00202855 -0.00728331 -0.00295061 -0.00101138 -0.00618876 -0.0106087 -0.00224647 -0.00235887 -0.00691929 -0.012006 -0.00186877 -0.00583124 -0.00826762 0.000367677 -0.000470696 -0.00214084 -0.00511271 0.203863 -0.00725817 0.0010721 0.00154721 -0.00242422 -0.00243983 -0.00101188 -0.00153395 -0.00294864 0.000796711 -0.00027065 -0.00108183 -0.00238416 -0.00102299 9.90505e-05 -0.00177455 -0.00318156 -0.000865594 -0.000144153 -0.00155236 0.000686567 -0.00219623 -0.000983729 -0.000396842 -0.0018124 -6.8787e-05 -0.00209614 -0.00106884 -0.00309065 0.000975796 -0.000194551 4.03408e-05 -0.00141451 -0.00238418 -0.00322234 -0.00199452 -0.00222185 -0.00176204 -0.000531743 0.00147434 -0.00214991 -0.00171126 -0.000758029 -0.000876339 0.000418779 -0.00094455 -0.00044961 -0.00259413 -0.0011076 0.000406269 -0.00287454 -0.00155792 -0.00219915 1.88523e-05 -0.00327784 -0.00203274 -0.000863928 -0.00199006 -0.00170716 -0.00229848 -0.00188727 -0.00244404 -0.0026127 -0.00157913 -0.00408211 -0.00153807 -0.000950659 -0.00243586 -0.000834769 -0.00251825 -0.00201002 -0.00275856 -0.00390431 
-0.000938235 -0.00171219 -0.000424904 -0.00233794 -0.00176503 -0.00227966 -0.00245219 -0.00223365 -0.0028625 -0.00324861 -0.00665356 9.07146e-05 0.0002371 -0.00244482 -0.0075551 -0.00314351 -0.00624879 -0.00199762 -0.00356671 -0.00402844 -0.00374011 -0.00307234 -0.0099156 -0.00435028 -0.000997108 -0.00440726 0.00228185 -0.00725817 0.177647 -0.00278974 -0.00259371 -0.000241855 -0.0034254 -0.00211282 -0.00179777 -0.00150299 -0.00311202 -0.00247832 -0.0013226 0.000784888 -1.24413e-05 -0.00175356 -0.000252386 -0.00100644 -0.00175193 -0.000495862 -0.00167884 -0.000108519 -0.000376865 -0.00150999 -0.00290223 -0.00175314 -0.00118567 0.000669561 -0.00132131 2.56665e-05 -0.00282025 -0.00188199 -0.00125226 -0.00146599 -0.000450799 -0.00192846 -0.000874323 -0.000279317 -0.00204485 -0.00150826 -0.00155156 8.71424e-05 -0.00184003 -0.00103805 0.00044286 -0.00219156 -0.000695513 -0.00220566 -0.000931508 -0.00164848 0.00103953 -0.000611912 -0.00160302 -0.00180411 -0.00101174 -0.00129714 -0.00117389 -0.00175787 -0.00127616 -0.000271666 -0.00139033 -0.0010868 -0.00310687 -0.00108109 -0.000666687 -0.00251163 -0.00213004 -0.00226812 -0.00224432 -0.000505271 4.37355e-05 0.000270017 -0.00270174 0.000609659 
-0.000413126 -0.00157199 -0.000345354 0.000533422 -0.00161678 -0.00391865 -0.00174396 -0.00126434 -0.00240338 -0.000728355 -0.00115327 -0.0038582 -0.00113109 -0.00409111 -0.00358164 -0.00239311 -0.00651266 -0.00305771 -0.00745951 -0.00734951 -0.00416965 -0.00854207 -0.00485372 -0.0021086 -0.00294131 -0.00132837 -0.00269723 0.0010721 -0.00278974 0.173254 0.000909673 -0.000736908 -0.00133887 0.00206466 -0.00182896 -0.0020388 -0.000846968 -0.00217352 -0.00213287 -2.94474e-05 -0.00113593 -0.00161331 -0.00171189 -0.00300644 -0.00049591 -0.00132795 -0.00103653 -0.000220378 -0.00052895 -0.000286586 -0.00453965 -0.0015879 -0.00207924 -0.00132514 -0.00146765 -0.000481162 -0.00211482 -0.00158592 -0.00135829 -0.00109606 -0.000826324 -0.0010895 -0.0012518 -0.00195605 -0.00191575 -0.000186685 -0.000455982 -0.00171945 -0.00202799 -0.00119634 -0.000897328 0.000489766 -0.000478856 -0.00109538 -0.00174243 -0.00248649 -0.00210988 -0.00114076 -0.00184106 -0.0026775 -0.000712318 -0.00302619 -0.000487996 -0.000859266 -0.000553544 -0.00208558 -9.25373e-05 -0.00102205 -0.000994033 -0.000827653 -0.00182923 -0.00179382 -0.00165788 -0.00141613 -0.00152403 -0.000116804 -0.00370857 -0.000907409 -0.00148566 -0.00197684 
-0.00164259 -0.0014438 -0.00228961 -0.00201924 -0.00160304 -0.00472665 -0.00209446 -0.00187101 -0.0020129 -0.00432253 -0.00318858 -0.00392081 -0.0063096 -0.00340288 -0.000600816 -0.00240025 -0.00493679 -0.00166333 0.00596063 -0.00640913 -0.00825946 -0.00425967 0.000566435 -0.00407224 -0.00502948 -0.000641362 -0.00360205 0.00154721 -0.00259371 0.000909673 0.154915 -0.00278795 -0.000929686 0.00163234 0.000901364 -0.000125471 -0.0022183 0.000913337 -0.00252803 -0.0020157 -0.000880324 -0.000498976 -0.00104742 3.99403e-05 -0.00101061 -0.0018405 -0.00155358 -0.00110297 -0.00268452 -0.000710409 -0.000962351 -0.00039286 0.000113729 -0.000201985 -0.00178338 -0.00126967 -0.00140806 -0.00179158 -0.00204485 -0.000834664 -0.00128449 -0.000700035 -0.00201341 -0.00197414 -0.00271766 -0.00120771 0.000733586 -0.00120269 -0.00152904 0.000300317 -0.000533663 -0.000683932 -0.00134615 -0.00237007 -0.000649622 -0.000287068 -0.00291186 -0.000169789 0.000156845 -0.00174532 0.000335411 -0.00284895 -0.0017102 -0.00260335 -0.000766499 -0.000983615 -0.00221298 -0.00152403 -0.00111909 -0.00194363 -0.000688967 -0.00039155 -0.00156216 -0.00203454 -0.0019756 -0.00141798 -0.000888316 -0.00156421 -0.00094468 -0.000578929 
-0.000851703 -0.00162186 -0.00120009 -0.000393784 -0.00191231 -0.00126146 -0.0010673 0.000557154 -0.00341722 -6.22889e-05 -0.00202716 -0.00413432 -0.000842587 0.0015972 -0.00398181 -0.00120902 -0.00510802 -0.00445343 -0.00613827 -0.000935761 -0.00474309 -0.00425253 -0.00369557 -0.00909962 -0.00718202 -0.00303532 0.00290901 -0.00242422 -0.000241855 -0.000736908 -0.00278795 0.152395 -0.00114575 4.41894e-05 -0.00225459 -0.000823524 -0.000488438 -0.00307255 -0.00192401 0.000640235 -0.000654088 -0.00195126 -0.000107276 -0.00219042 -0.00197366 -0.00104231 0.000152062 -0.00121942 -0.00134099 -0.00213128 -0.00104786 -0.000878439 -0.000994948 -0.000647309 -0.000130585 -0.000324449 -0.000270011 0.000134635 -0.000346573 -0.00154628 -8.67761e-05 -0.00265435 0.00158895 -0.000541055 -0.000712844 -0.00146551 -0.000587215 -0.00222236 -0.00288866 -0.00195143 -0.00236188 4.48813e-05 -0.00155709 -0.0018942 -0.00167914 -0.00139292 0.000140198 -0.00104361 -0.00216913 -0.00142088 -0.00195057 -0.00234954 -0.00215153 -0.00169446 -0.0012568 -0.000553844 -0.00146291 -0.00021489 -0.000327049 -0.00200854 -0.00067967 -0.00158045 -0.00137381 -0.00163585 -0.00101958 -5.81128e-05 -0.00162904 -0.00104534 -0.000401544 -0.00285774 
