0.069451 -0.00044115 0.000191215 -0.000275292 0.000128594 -0.000349355 -0.000562289 -5.33498e-05 -0.00167471 -0.000502978 0.000230101 -0.00214662 -0.00125448 -0.00206384 -0.003227 -0.00257819 -0.00329727 -0.00149684 -0.000383949 -0.0018093 -0.00259122 -0.00187804 -0.00356555 -0.00400183 -0.00224732 -0.00183336 -0.00184903 -2.42503e-05 -0.00140009 -0.00118459 0.000196457 0.000183364 0.000211051 -0.00173894 4.55244e-05 -0.00127972 -0.000963174 -0.000245458 -0.000309563 -0.00134545 7.60882e-05 -0.00104923 -0.000530839 -0.000457125 -0.000555576 0.00013246 -0.000112594 -0.000571774 -0.000705609 -0.000164609 -0.000650506 9.86215e-05 -0.000523286 -7.03169e-05 -0.000404614 0.000244044 -0.000842043 -0.000267356 -0.000408717 -0.000428472 -0.000508114 -0.00033618 -7.0507e-05 0.000394513 -0.00084569 -0.000215733 -0.000818101 -0.0006151 -0.000207307 -0.000280269 -0.000379311 0.000292437 -0.000377655 -0.000342302 1.30237e-06 -0.000768285 -0.000103742 -0.00179818 -0.000516488 -0.000343502 -0.0010224 -0.000290418 -0.000123473 -0.000128556 -0.000826495 -0.000183423 -0.000143529 -0.00107229 -0.000353903 -6.97226e-05 -0.00021397 -1.42308e-05 -0.000436389 -0.000377344 0.000117438 -0.00111053 0.00070049 -0.00031116 -0.000466504 -0.00070706 
-0.00044115 0.0826686 -0.000500556 -0.000854282 -0.000479044 -0.00113701 -0.00105979 -0.000720029 -0.00126109 0.00054416 -0.00265576 -0.00167681 0.00136084 -0.000955823 -0.00228006 -0.000493582 -0.000219082 -0.00276878 -0.00181595 -0.000694848 -0.00375837 0.00233755 -0.00300161 0.000532841 -0.00332114 -0.002873 -0.00118465 -0.0017945 -0.00157008 -0.00234772 -0.00345768 6.3905e-05 -0.000454613 -0.00139523 -0.00156323 -0.000237732 -0.000660923 -0.00140984 -4.841e-05 -0.00110316 -0.00136968 -0.00106208 2.6011e-05 -0.000628355 -0.000510433 -0.000949973 -0.00025423 -0.00108819 9.40986e-05 -0.00048335 -4.9391e-05 -0.000358167 -0.000991151 -0.00150199 -0.00102869 -0.000886209 -0.000844296 -6.17391e-05 -0.000871615 -0.000890388 -0.000116788 -0.00046806 -0.000315942 -0.000647029 -0.000750421 -0.000596058 -7.43852e-06 -0.000603258 -0.000359893 -0.000432149 -0.00109438 -0.000681252 -0.000880268 0.000334218 -0.0008882 -0.0008678 -0.000131617 -0.000983934 -0.00137266 -0.000976806 -0.000714662 -0.00115386 -0.000779401 -0.000467596 -0.000395898 0.000148755 -0.000884513 -0.000616024 -0.00107843 -0.000790333 5.3925e-05 -0.000462829 -0.000829386 -0.000669489 -0.00015117 -0.000388618 -0.000908375 -0.000451536 -0.000335816 -0.000887566 
0.000191215 -0.000500556 0.0742631 -0.000358164 0.000217994 0.000307424 7.81855e-05 0.000128468 -0.00129457 -0.00130815 -0.00107456 -0.00254841 -0.00196773 0.000898366 -0.00265317 -0.0021286 -0.00122655 -0.00507732 -0.00365515 -0.00149765 0.000218973 -0.000439876 -0.0009321 -0.00291019 -0.00428299 -0.0022559 -0.000748326 -0.000232426 -0.0019692 0.000902697 -0.00135088 -0.000391928 -0.000888327 -0.000651927 -0.000771635 -0.000718107 -0.000626113 -0.000917039 -0.000258991 -0.000867268 -0.000894249 -0.000689972 -0.00041728 -0.00026193 -0.000592675 4.94393e-05 -0.000623296 2.34658e-05 -0.000631604 -0.000550908 -0.000560473 -0.000791219 -0.00118754 -0.000271892 -0.00037451 -0.000709255 -0.000607487 -0.000142358 -0.00042335 -0.000618064 0.000102547 -0.000580918 -0.000819678 -0.000464775 -0.000497709 -0.00068406 -3.79954e-05 -0.000921874 -0.0010861 -0.00037717 -0.000581209 -0.000114306 -7.97023e-05 -0.000423112 -0.000511001 -0.000242019 0.000320491 -0.00104671 -0.000306641 -0.000600448 -0.000785611 -0.000464344 -0.000813796 -0.000724047 -0.00112233 9.54069e-05 -0.00124809 -0.00119451 -0.000305026 -0.000343917 -0.000787108 -0.000153168 -0.00068459 -0.000284817 -0.000497566 -0.0011746 -0.000511255 0.000170809 -0.000253895 -0.000392651 
-0.000275292 -0.000854282 -0.000358164 0.0922819 -0.0010776 -0.00117009 -0.000174814 -0.000198375 0.00151756 0.000407625 -0.00125534 -0.00354717 -0.00127377 -0.000389126 -0.00212467 -0.00456181 -0.00145075 -0.00307578 -0.00139625 -0.00294031 -0.00272325 -0.00334393 -0.00182663 -0.00364781 -0.00146359 -0.00192938 -0.0013843 -0.00129433 -0.00106648 -0.0010114 0.00129913 6.95185e-05 -0.000704642 -0.000192889 -0.00166517 -0.000998824 -0.00124353 -0.000780752 -0.00197575 -0.000625879 -0.000857398 -0.00111561 -0.000733122 -0.00124616 -0.000668666 -0.00084251 0.000416775 -0.00098774 -0.000537967 -0.000771234 -0.000691335 -0.00136024 -0.00144104 -0.000833952 1.44624e-05 -0.000532413 -0.00103645 -0.000114713 -0.0013215 -0.00143726 -0.00156151 -0.000245211 -0.000194211 -0.000937868 -0.000707005 -0.000863721 -0.00104948 -0.000256983 -0.000905224 -0.00097674 -0.000813298 0.000321541 -0.00117422 -0.000202206 -0.000583905 -0.000868679 -0.000148247 -0.000799179 -0.00024389 -0.00153418 -0.000624833 -0.000581442 0.000140617 -0.00154823 -6.59458e-05 9.92907e-05 -0.0008772 0.00012842 -0.00119281 -0.00167292 -0.000412698 -0.000350472 -0.000262728 -0.000188788 -0.000311055 -0.000618359 -0.0013209 -0.00103093 3.43066e-06 -0.00104376 
0.000128594 -0.000479044 0.000217994 -0.0010776 0.094115 -0.00016313 -0.00141209 0.000694446 -0.000760475 -0.00132259 -0.0024864 -0.0022187 -0.00206818 -0.00224048 0.00129947 -0.00189473 -0.00433547 -0.00249301 -0.00111268 -0.00545737 -0.00291936 -0.00403617 -0.000676699 -0.00219843 0.00257791 -0.00145804 -0.001582 -0.00148363 0.000852231 0.00049654 -0.00313588 -0.000967847 -0.000598085 -0.00376755 -0.00142253 -0.00217768 -0.00164009 -0.000398159 -0.00135857 -0.000914525 -0.000658893 -0.000428309 -0.000611646 -0.00110724 -0.000272596 -0.00133765 -0.000842478 -5.23586e-05 -0.000192629 -0.00108897 6.25228e-05 -0.000641857 -0.00161968 -0.00094929 -0.000555192 -0.000225997 -0.000988873 -0.000986544 -0.000818776 -0.00113249 -0.000931529 -0.000101715 -0.000713817 -0.000985547 -0.000242456 -0.000503363 -0.00100883 -0.000200869 -0.000921229 -0.00118456 -0.000649185 -0.000542515 -0.000447841 -0.000393829 -0.000891178 -0.00025216 -0.000115871 -0.00077457 -0.000973466 -0.000901098 -0.000570629 -0.00014369 -0.000146463 -0.00105955 -0.000452101 -0.000673373 -0.000417443 -0.000646297 -0.000742316 -0.000991955 -0.00133545 -4.6895e-05 0.000176819 -0.000507367 -0.00114635 -0.000205552 -0.00181741 -0.00157195 -0.000188032 -0.00045445 
-0.000349355 -0.00113701 0.000307424 -0.00117009 -0.00016313 0.0938786 0.000133772 0.000490727 0.000823103 0.000233927 -0.000380461 -0.00213478 -0.00190406 -0.00232395 -0.000580756 -0.00329369 -0.00483577 -0.00366911 -0.00222209 -0.00311291 -0.00166065 0.00140997 -0.00413042 -0.00375366 -0.00311315 -0.000316284 0.000234555 -0.00148128 -0.0025142 -0.0019975 -0.00197208 -0.00164377 -0.0017216 -0.00270132 -0.000303593 -0.000501185 -0.000715882 -0.00107299 -0.000352266 -0.000753981 -0.00106546 -0.00105778 -0.00124046 -0.000584588 -0.00100217 -0.00124369 -0.000569822 -0.000183263 -0.000169923 -0.000996395 -0.000688018 -0.000556902 3.90092e-05 -0.000705418 0.000435205 -0.000763152 -0.000549948 -0.000246476 -0.00080673 -0.000798261 0.000173002 -0.000309297 -0.000480746 -0.00105257 -0.000369476 -0.00104495 -0.00147404 -0.00115387 -0.00126477 -0.00141064 -0.000610415 -0.000556548 -0.00100328 -0.000907152 -0.000375208 -0.000418402 -0.00108437 -0.000649573 -0.00104177 -0.0023602 -0.00101087 -0.000442895 0.000185757 -0.000144814 -0.00114919 -0.000185205 9.56402e-05 -0.000838364 -0.000650214 -0.000192765 -0.00113866 -0.000133434 -0.00036949 -0.000980411 -0.000379335 -0.000189207 -0.000168328 -0.000781175 -0.000260032 -0.000647593 
-0.000562289 -0.00105979 7.81855e-05 -0.000174814 -0.00141209 0.000133772 0.0954284 -0.000589095 -0.000863731 0.000139202 -0.00209151 -0.00194479 -0.00225769 -0.00110345 -0.00219487 -0.00449956 -0.00318579 -0.00181255 0.000968935 -0.0044645 -0.00387182 -0.00149178 -0.00171935 -0.00064281 -0.00102625 0.000293686 -0.00430196 -0.000513319 -0.00067269 -0.00157701 -0.00038527 -0.00210164 -0.000476141 -0.000541862 -0.000540819 -0.00113909 -0.00140673 -0.00213516 -0.000438382 -0.00169273 -0.00126259 -0.000420966 0.000418119 -0.00179065 0.000220738 -0.000484701 -0.00107342 -0.00140936 -0.000262933 -0.00122654 -0.000552902 -0.000570342 -0.00065074 0.000245341 -0.00112914 -0.000877908 -0.000936066 -0.000560094 -0.000639962 -0.000829198 -0.000601822 -0.00067227 -0.000614665 -0.00142451 -0.000326029 -0.00111074 -0.0011607 -0.00142317 -0.00171829 -0.000676941 -0.000425086 -0.000385791 -0.000316125 -0.00155349 -0.000737704 -0.000823638 -0.00164889 0.000218298 -0.000652107 0.000487765 -6.38635e-05 4.66801e-05 -0.00106946 0.000394023 -0.00154284 -0.000304537 -0.000688678 -0.000594268 -0.00126953 -0.00127821 -0.000235004 -0.000539568 -0.000128199 0.000462198 -0.000694831 -0.00126043 -0.00138439 -0.00139658 -0.000851877 -0.000392319 
-5.33498e-05 -0.000720029 0.000128468 -0.000198375 0.000694446 0.000490727 -0.000589095 0.117186 0.000503456 -3.11125e-05 -0.000648801 -0.000545282 -0.00129064 -0.00213611 -0.0054412 6.22964e-05 -0.00411803 -0.00337202 -0.00227126 -0.00334962 -0.00278299 -0.00186207 -0.00155276 -0.00448562 -0.00557047 -0.00586135 -0.00444922 -0.00344888 -0.00358699 -0.00303397 -0.000408534 -0.00120859 -0.00201092 -0.000820207 -0.000670363 0.000153764 1.17756e-05 -0.00242499 -0.00129639 -0.000900204 6.08037e-05 -0.0012931 -0.00119334 -0.00207504 -0.00128147 -0.000428275 -0.000999898 -0.000533111 -0.000777361 -0.000648185 -0.000527643 -0.00216343 -0.00143167 -0.000932712 -0.00205928 -0.00217431 -0.000834094 -0.00067196 -0.000418996 -0.00120518 -0.000777811 -0.000448506 -0.00086472 -0.00126079 -0.000362938 -0.000576496 -0.000254856 -0.000172316 -0.00194501 -0.00114329 -0.000567501 0.000679159 -0.000688978 0.000274548 -0.00167098 -0.00010797 -0.000798334 -0.000629975 -0.000975475 -0.00174978 -0.000419167 -0.00145797 -0.000688685 0.000783011 -0.0009897 -0.0008695 -0.000995932 0.000209676 0.000218328 0.000258459 -0.00116269 -0.000929841 -0.000238684 -0.00116346 -0.000579598 -0.00156111 -0.0016087 -0.000326462 -0.000969244 2.98361e-05 
-0.00167471 -0.00126109 -0.00129457 0.00151756 -0.000760475 0.000823103 -0.000863731 0.000503456 0.123144 -0.00258233 -0.00164598 0.000664856 -0.00160968 -0.00273068 -0.00435907 -0.00168484 -0.0038779 -0.0017919 -0.00529279 -0.00319748 -0.00279384 -0.00474107 -0.00485404 -0.00192763 -0.00456694 -0.00426133 -0.00510142 -0.00424292 0.00219072 -0.00237692 5.06584e-05 -0.0022249 -0.00130265 -0.00121841 -0.000536591 -0.00166483 -0.0011739 -0.000373862 -0.000645815 -0.00133585 -0.000627245 -0.00159836 -0.00055319 -0.0016282 -0.000682211 -0.00131521 -0.000435711 -0.000659253 -0.00102363 -0.00102257 -0.00060005 -0.00117842 -0.00161864 -0.000815963 -0.000663476 -0.00119425 0.000644055 -0.00108732 -0.000365954 -0.0012601 -0.00111592 -0.000801895 -0.00101129 -0.00152834 -0.000401769 -0.00154909 5.65389e-06 -0.0009991 -0.000412673 -0.000599058 1.8686e-05 -0.00153528 -0.00121171 -0.000986656 -0.000672342 -0.000112729 -0.00151168 -0.000841373 -0.00105839 -0.00113687 -0.000913813 -0.0017808 -0.000729841 -0.000417068 -0.00185529 -0.00047397 -0.00156881 0.000810124 7.02995e-06 -1.08953e-05 -0.000153299 -0.000158912 -0.000293803 -0.000793818 -0.00112326 -0.00203023 -0.000448554 0.000598984 -0.00175786 -0.000682881 
-0.000502978 0.00054416 -0.00130815 0.000407625 -0.00132259 0.000233927 0.000139202 -3.11125e-05 -0.00258233 0.124944 -0.000134354 0.000160941 -0.00125669 -0.00205886 -0.00260904 -0.00161431 -0.00145986 -0.00196386 -0.00142572 -0.00491244 -0.00838682 -0.00417994 0.000117823 -0.00382471 -0.0027006 -0.00579257 -0.00693651 -0.000671822 -0.00295023 -0.00389002 -0.00437386 -0.00197176 -0.00069855 -0.00140933 -0.000503503 -0.000807559 -0.000593136 0.000144389 0.000296316 -0.000973706 -0.000322385 -0.00176825 -0.00158763 -0.00195362 -0.000774461 -0.00144082 -0.000651319 -0.000567055 0.000134076 -0.00127364 -0.00182258 2.86141e-06 -0.00189621 -0.00100479 -0.000873761 -0.00256648 -0.00171422 -0.000502414 -0.000889797 -0.00136767 -0.000193963 -0.000624876 -0.000992417 -0.000303766 -0.000560955 -0.000341539 -0.0009141 -0.00156798 0.00144004 -0.00129624 -0.00117501 -0.000465929 0.000213467 -0.00116522 -0.00157685 -0.000951259 0.000327757 -0.00139156 -0.00115417 -7.98461e-05 -0.00113156 -0.0014406 -0.0013528 -0.000717171 -0.000915985 9.2703e-05 -0.000707139 -0.00109186 -0.00199921 -0.00020283 0.000633193 -0.000560893 -0.00111567 -0.000387516 -0.000355266 -0.00215703 -0.00155187 -0.000217742 -0.000296917 -0.00205053 
0.000230101 -0.00265576 -0.00107456 -0.00125534 -0.0024864 -0.000380461 -0.00209151 -0.000648801 -0.00164598 -0.000134354 0.158979 6.40667e-05 -0.00199823 0.00258781 -0.00535166 0.000827007 -0.00535816 -0.00641734 -0.00167653 -0.00489173 -0.00168651 -0.00548873 -0.00172812 -0.00488935 -0.00362064 -0.00596142 -0.00277974 -0.00502961 -0.00444324 -0.0042649 -0.00215494 -0.00224354 -0.00421592 -0.00353327 -0.00259167 -0.00339844 -0.00139141 -0.000112825 -0.00140758 -0.000749094 -0.00145199 -0.000279917 -0.00215881 -0.00216703 -0.00139629 0.000153107 0.000793898 0.000309274 -0.000848245 -0.00213507 -0.00145502 -0.00145023 -0.000905151 -0.00144421 -0.000894831 -0.00130354 -0.00205967 -0.000636587 -0.00281085 0.000339014 -0.00159914 -5.27438e-05 -2.63218e-05 -0.00208123 -0.0022795 -0.00116598 -0.000625752 -0.000908911 -0.000840136 -0.00178528 -0.00105113 -0.000809437 -0.000970768 -0.00133552 0.000840737 -0.00209675 -0.000948302 -0.00122866 -0.000511994 -0.00150312 -0.000474696 -0.00128225 -0.00094026 -0.00132427 -0.00263317 -0.000477944 0.000456361 -0.00143989 -0.00153672 -0.000913058 -0.00251101 0.000160278 -0.00167906 -0.00176072 -0.00099165 -0.000255334 -0.00086067 -0.000886162 1.22834e-05 -0.000810276 
-0.00214662 -0.00167681 -0.00254841 -0.00354717 -0.0022187 -0.00213478 -0.00194479 -0.000545282 0.000664856 0.000160941 6.40667e-05 0.176725 -0.00256945 -0.00238742 -0.00223544 0.000416654 -0.00311733 -0.00435919 -0.00201866 -0.0112318 -0.0043242 0.00233807 -0.00600067 -0.00113113 -0.00464506 -0.00596933 -0.00917226 -0.00372251 -0.00165486 -0.0045421 -0.00368205 -0.00632277 -0.00409519 -0.00204765 -0.000423037 -0.000235115 -5.00909e-06 -0.00109769 -0.00203304 -0.00238263 -0.00121255 -0.00105939 -0.000630203 -0.000841242 -0.00139826 -0.00122904 -0.0008609 -0.000626185 -0.000200908 -0.00149237 -0.00146414 -0.00176737 -0.00236463 -0.000769888 -0.000999815 -0.000908014 -0.000806674 -0.000178293 0.00133126 7.58337e-05 -0.00166322 -0.0011923 -0.00197188 -0.000618056 -0.00064517 -0.00241239 -0.00209112 -0.0010647 -0.001683 -0.00171622 -0.00113721 -0.00108887 -0.00170753 -0.0019589 -0.000779381 -0.00213931 -0.00255214 -0.00012858 -0.0017597 0.000145691 -0.000480775 -0.0026502 -0.000398438 -0.00146228 -0.00173494 -0.00149083 -0.00109476 -0.00114551 -0.00074846 -0.000216004 -0.0017285 -0.00110607 -0.00109834 -0.00272048 -0.000367452 -0.00195468 -0.00113651 -0.00102131 -0.0021783 -0.00190105 
-0.00125448 0.00136084 -0.00196773 -0.00127377 -0.00206818 -0.00190406 -0.00225769 -0.00129064 -0.00160968 -0.00125669 -0.00199823 -0.00256945 0.188705 -0.00328423 -0.00574695 -0.00235525 -0.00127686 -0.00315551 -0.00723212 -0.00458475 -0.0025822 -0.00260664 -0.00126653 -0.00396524 -0.00372801 -0.00316341 -0.00174077 -0.00446951 -0.00381141 -0.00301336 -0.00333853 -0.00271576 -0.00143727 -0.00272778 -0.00305019 -0.00345811 -0.00232458 -0.000288749 -0.0010039 -0.00206131 -0.0017231 -0.0011023 -0.00134343 -0.0016628 -0.000292019 -0.0025367 -0.00109266 -0.00085996 -0.00203555 -0.00132316 -0.00122792 -0.0010229 -0.00157982 -0.00150398 -0.00206096 -0.00200221 -0.00198916 -0.00122093 -0.000868907 -0.0014215 -0.00263017 -0.00070331 -0.001449 -4.92765e-05 -0.000281591 -0.000600018 -0.00175302 -0.0020461 -0.00235374 -0.00192785 -0.00188199 0.000322842 -0.00152954 -0.00277828 -0.00245328 -0.0013708 -0.00114131 -0.00130955 -0.00147915 0.000607775 -0.000241749 -0.00081848 -0.00296824 -0.000939363 -0.00273053 -0.00154882 -0.00132178 -0.00199768 -0.0016078 -0.00234542 0.000163862 -0.00198231 -0.000582335 -0.00321081 -0.00226029 -0.00114893 -0.00139298 -0.00294353 -0.00247555 -0.00219657 
-0.00206384 -0.000955823 0.000898366 -0.000389126 -0.00224048 -0.00232395 -0.00110345 -0.00213611 -0.00273068 -0.00205886 0.00258781 -0.00238742 -0.00328423 0.20594 -0.00425874 -0.000470106 -0.00415239 -0.00678748 -0.0041958 -0.00155721 -0.00932397 -0.00711039 -0.00517459 -0.0015005 -0.00419976 -0.007609 -0.00748407 -0.00126344 -0.00306788 -0.00590443 -0.0053622 -0.00545092 -0.005255 -0.00356489 -0.00360168 -0.00340597 -0.00127661 -0.00123797 -0.00161128 -0.00186739 -0.00072606 -0.00086368 -0.00153587 0.000316435 -0.000482536 -0.00216619 -0.00181691 -0.00338653 -0.00154414 -0.00121104 -0.00223436 -0.00319845 -0.000896025 -0.00136675 -0.000849962 -0.000380077 -0.00150709 -0.00176207 -0.00298123 -0.000561219 -0.00187254 -0.000660766 0.000324513 -0.00237562 -0.000919401 -0.00110206 0.00168319 -0.00150187 -0.00135328 -0.00139854 -0.0017324 -0.00171022 -0.00100211 -0.000972594 -0.002468 9.89821e-05 -0.00142727 0.00138168 -0.00168509 -0.000543061 -0.00151998 -0.003084 -0.00132398 -0.00169341 -0.00133218 -0.000678777 -0.00140074 -0.00213178 -0.00165611 -0.00145958 -0.00134904 -0.00251341 -0.00215291 -0.000775758 -0.000550027 -0.00398483 -0.00285244 -0.000679449 0.000628002 -0.00215779 
-0.003227 -0.00228006 -0.00265317 -0.00212467 0.00129947 -0.000580756 -0.00219487 -0.0054412 -0.00435907 -0.00260904 -0.00535166 -0.00223544 -0.00574695 -0.00425874 0.230564 0.00250658 -0.00197209 0.000505846 -0.000408813 -0.000289067 -0.00817849 -0.0173182 -0.00454319 -0.0051531 0.000414398 0.0050168 -0.000472767 -0.00958837 -0.00752638 -0.00440243 -0.00171157 -0.00327964 -0.00058836 -0.00215233 8.79553e-05 -0.00521135 -0.000419937 -0.00121671 -0.00190959 -0.00181262 -0.00300708 -0.000635126 -0.00191257 -0.00096587 -0.00153712 -0.00269966 -0.00261472 -0.00183259 -0.000327162 -0.00316367 -0.00253154 -0.00211322 -0.00233026 -0.00178543 -0.00415419 -0.00158553 -0.00431601 -0.00100226 -1.81413e-05 -0.000918931 -0.00339108 -0.00095345 -0.00233939 -0.000887947 -0.00179399 -0.00282896 -0.00152621 -0.00208924 -0.000605831 -0.00120418 -0.0022963 -0.00177973 -0.00131478 -0.00104827 -0.00105084 -0.00194053 0.00156982 -0.00297491 -0.00194176 -0.000686231 -0.00409329 -0.00235035 0.000110289 -0.0014619 -0.00393763 -0.00175886 -0.00166506 -0.00455804 -0.00412566 -0.00419874 -0.00243248 -0.000316381 -0.00313315 -0.00117082 -0.00275637 -7.81604e-05 -0.00440086 -0.00202537 -0.00160288 -0.00268688 
-0.00257819 -0.000493582 -0.0021286 -0.00456181 -0.00189473 -0.00329369 -0.00449956 6.22964e-05 -0.00168484 -0.00161431 0.000827007 0.000416654 -0.00235525 -0.000470106 0.00250658 0.234598 -0.00277657 -0.00540794 0.00209894 0.0056956 -0.0162167 -0.0142988 -0.00762295 -0.0114859 -0.00140783 -0.0170761 -0.00800388 -0.00580068 -0.00317361 -0.00187473 -0.00223888 -0.00394314 -0.00492393 -0.00423627 -0.00300903 0.00140046 -0.00487305 -5.85752e-06 -0.00323415 4.96399e-05 -0.00323478 -0.000850601 -0.00222465 -0.00141811 -0.00138456 -0.000969315 -0.00182082 -0.0020305 -0.00338494 -0.000935219 -0.00231076 -0.00333015 -0.00216367 -0.00229747 -0.00357474 1.24552e-05 -0.000192168 -0.000151823 -0.00209111 -0.00112338 1.25182e-05 -0.00203936 -0.00239708 -0.000528402 0.000602042 -0.00249796 -0.0033392 -0.000762514 -0.00092829 -0.00396509 -0.00349438 -0.00203987 -0.000529141 -0.00321417 -0.00193828 0.0011158 -0.000926879 -0.000511601 -0.00172641 -0.00354791 -0.00260567 -0.00213203 -0.00259478 -0.00220532 -0.00359272 -0.0015451 0.000704551 -0.00430267 -0.00156115 -0.00204479 -0.000941345 0.000282353 -0.00216585 0.00139925 -0.000261473 -0.00282076 0.00088979 -0.0040573 -0.00274004 -4.29426e-05 
-0.00329727 -0.000219082 -0.00122655 -0.00145075 -0.00433547 -0.00483577 -0.00318579 -0.00411803 -0.0038779 -0.00145986 -0.00535816 -0.00311733 -0.00127686 -0.00415239 -0.00197209 -0.00277657 0.238047 -0.00185157 -0.00298802 0.00253155 -0.00347226 -0.001268 -0.00800045 -0.00744525 -0.0089862 -0.00808748 -0.0113543 -0.00798601 -3.54255e-05 -0.00378904 -0.00780635 -0.00559665 -0.00530857 -0.00323126 -0.00288081 -0.00320426 -0.000400288 -0.00483817 -0.00384599 0.000244224 -0.000115874 -0.00137436 -0.00174684 -0.00222931 -0.000377317 -0.00239625 -0.00268426 0.000280775 0.000698006 -0.000513822 -0.00186889 -0.00220853 -0.00091251 -0.00429946 -0.000865246 -0.000244084 -0.000530772 -0.00145401 -0.00338507 -0.00345458 -0.00191968 -0.00113712 -0.00176483 -0.00107416 -0.00160604 -0.00283463 -0.00324319 -0.00121282 -0.000261779 -0.000166185 -0.00297926 -0.00170103 -0.00179423 -0.00211454 -0.00200211 -0.00209986 -0.00269579 0.00032254 -0.000860267 -0.00321798 -0.00206203 -0.00323117 0.000499045 -0.0030919 -0.000752315 -0.00295956 -0.00257028 -0.00124483 -0.00118494 -0.000666472 -0.000640457 -0.00200302 -0.00393931 -0.00258724 -0.00174648 0.00166613 0.000162293 0.00107844 -0.000244794 -0.0022221 
-0.00149684 -0.00276878 -0.00507732 -0.00307578 -0.00249301 -0.00366911 -0.00181255 -0.00337202 -0.0017919 -0.00196386 -0.00641734 -0.00435919 -0.00315551 -0.00678748 0.000505846 -0.00540794 -0.00185157 0.24765 0.00226587 0.00153136 -0.00458567 -0.011394 -0.00865979 -0.0137524 -0.00497886 -0.00228706 -0.00858426 -0.00920396 -0.00266279 -0.00353332 -0.000174906 -0.00472154 -0.00685139 -0.000468908 -0.000234153 -0.00377736 -0.00280092 0.000607339 -0.000780768 0.00140566 -0.00138515 -0.00389514 -0.000832295 0.00111531 -0.00209366 -0.00190693 -0.00331605 -0.00237224 -0.00444033 -0.00120386 -0.000247421 -0.00156617 0.00172286 -0.00343571 -0.00516714 -0.00110859 -0.000711281 -0.000494744 -0.00533458 -0.00104206 -0.00312637 -0.00210465 -0.00357536 -0.000557867 -0.00292842 0.000116759 -0.00302397 -0.00263018 0.00199686 -0.000413591 -0.000971069 -0.00372607 -0.00407795 -0.00264973 -0.00332296 -0.0011435 -0.00341394 -8.39038e-05 -0.000504091 -0.00306625 -0.00125126 -0.000966351 -0.00333919 -0.000984049 -0.000641996 -0.00224295 -0.00334029 -0.0014058 -0.00254658 -0.00218274 0.000732259 -0.000887021 -0.00175332 0.00063308 -0.00168332 -0.00263573 -0.000482749 -0.0042419 -0.000914646 -0.0019582 
-0.000383949 -0.00181595 -0.00365515 -0.00139625 -0.00111268 -0.00222209 0.000968935 -0.00227126 -0.00529279 -0.00142572 -0.00167653 -0.00201866 -0.00723212 -0.0041958 -0.000408813 0.00209894 -0.00298802 0.00226587 0.249602 -0.0071062 0.000994638 -0.00472401 -0.00290448 -0.0165061 -0.00486803 -0.00355241 -0.00695689 -0.00819121 -0.00433261 -0.00326557 -0.00845108 0.000859079 -0.00482239 -0.00100277 -0.00438746 0.000733647 -0.00401844 -0.000644985 -0.00414007 -0.00230928 -0.00245677 -0.00300824 -0.00301264 -0.00326779 -0.00215846 -0.00150263 -0.00201375 -0.00410799 -0.00293801 -4.54904e-05 -0.00183134 -0.00153833 -0.00324878 -0.00140544 0.000818234 -0.00194803 -0.00244456 -0.0029979 -0.00197036 -0.00346615 -0.00156003 -0.000651504 -0.00172338 -0.00453574 -0.000567082 -0.00423926 -0.00397839 0.00066172 -6.56295e-05 -0.00377736 -0.00141113 -0.00406065 -0.00303956 -0.00324797 -0.000166033 -0.00248282 0.00179342 -0.00081851 -0.00371644 -0.00157025 -0.00133998 -0.00389128 -0.00180882 -0.0023819 -0.00140194 -0.00293692 -0.00107381 -7.24097e-05 -0.00257321 -0.00188551 -0.00396488 -0.0016057 -0.00383529 -0.0010418 -0.00205161 -0.0047586 -0.00220269 -0.0018598 -0.000843737 -0.00201243 
-0.0018093 -0.000694848 -0.00149765 -0.00294031 -0.00545737 -0.00311291 -0.0044645 -0.00334962 -0.00319748 -0.00491244 -0.00489173 -0.0112318 -0.00458475 -0.00155721 -0.000289067 0.0056956 0.00253155 0.00153136 -0.0071062 0.247845 -0.00744442 -0.0069223 -0.000527391 -0.00605473 -0.00112664 -0.0102086 -0.00452277 -0.00128671 0.00142014 -0.00554601 -0.0090029 -0.00931871 -0.0035503 -0.00450219 -0.00144577 0.000368477 0.000121145 -0.000693982 -0.00353801 0.00282476 -0.00106008 -0.000974515 -0.00106304 -0.00220782 -0.00173398 -0.00266118 -0.00231701 -0.000914963 -0.00126248 -0.00195545 -0.0025945 -0.00194273 -0.00215375 -0.00204561 -0.00307566 -0.00279381 -0.00387539 -0.00342616 -0.00306955 -0.002671 -0.00231373 -0.00374231 -0.000254372 -0.00132137 -0.00177591 -0.00121699 -0.00223566 -0.00172988 -0.00294908 -0.00196972 -0.000840193 -0.00321735 -0.00339898 -0.00030025 -0.0010562 -0.00147931 -0.00198146 -0.00380528 -0.00231657 -0.00515566 -0.00169988 -0.00116943 -0.00178326 -0.00308528 -0.000950442 -0.00202677 -0.00293212 -0.00222143 -0.00270689 -0.00115105 -0.000752461 -0.00166127 -0.00377571 -0.00141627 -0.00452472 -0.00252615 -0.0019517 -0.000907561 -0.000886926 -0.000561404 
-0.00259122 -0.00375837 0.000218973 -0.00272325 -0.00291936 -0.00166065 -0.00387182 -0.00278299 -0.00279384 -0.00838682 -0.00168651 -0.0043242 -0.0025822 -0.00932397 -0.00817849 -0.0162167 -0.00347226 -0.00458567 0.000994638 -0.00744442 0.249956 -0.00513438 -0.00485703 -0.00340173 0.00289773 -0.00209653 -0.00314237 -0.00214623 -0.00354907 -0.00135396 -0.00659479 -0.00268149 -0.00188646 -0.0014982 -0.00392491 -0.00186327 -0.00343734 -0.00448051 -0.00341183 -0.00132577 -0.00205387 -0.00278599 -0.00354627 -0.00185596 -0.00221491 -0.00125843 -0.000632829 -0.00159572 -0.00422717 -0.00251285 -0.000379418 0.000418922 -0.00148156 -0.00223206 -0.00261287 -0.000424419 0.000266452 -0.00199296 -0.000552797 -0.0018417 -0.00107896 -0.000337295 -0.00319988 -0.000697073 -0.00226415 -0.00251308 -0.00149951 -0.00143952 -0.00557242 -0.00137646 -0.00109092 -0.00150637 -0.000427725 -0.00249855 -0.000729288 -0.00174619 -0.00331139 0.000278024 -0.00158145 -0.00553303 -0.0023559 -0.0018149 -0.00192629 0.000251075 -0.00201468 -0.00186081 -0.00261776 -0.0018863 0.000133884 -0.000766016 -0.00292477 -0.00527059 0.000432276 -0.000651986 -0.00226389 0.000344073 -0.000621164 -0.00335672 -0.00466762 -0.00249859 
-0.00187804 0.00233755 -0.000439876 -0.00334393 -0.00403617 0.00140997 -0.00149178 -0.00186207 -0.00474107 -0.00417994 -0.00548873 0.00233807 -0.00260664 -0.00711039 -0.0173182 -0.0142988 -0.001268 -0.011394 -0.00472401 -0.0069223 -0.00513438 0.249683 -0.00897904 -0.00274303 -0.00562811 0.00522392 -0.00194378 -0.00366595 -0.0104599 -0.0053884 -0.00661089 0.00201647 -0.00390731 6.82225e-05 -0.00326161 0.00129258 -0.00105153 -0.000515271 0.000238301 -0.00351484 3.87367e-05 -0.00270519 -0.0021397 -0.00239082 -0.0018353 -0.00367173 -0.00121629 -0.00171416 -0.000637798 -0.00249855 -0.00401026 -0.000599456 -0.000655951 -0.00266322 -0.0041072 -0.00228029 -0.00199204 4.91416e-05 0.000211911 -0.00229462 -0.0015401 -0.000473034 -0.00164136 -0.00113087 0.000692483 -0.0018447 -0.00337532 -0.00176364 -0.00330952 -0.00187243 -0.0020552 -0.00112086 -0.00412415 -0.00214705 -0.0033354 -0.00137745 -0.00181695 -0.000598587 -0.00255425 -0.00145625 -0.00235014 -0.00163399 -0.00309345 -0.00167174 -0.00139168 -0.003257 -0.00178681 -0.00129738 -0.000476794 -0.0025446 -0.00286411 -0.00323543 -0.000233709 -0.00275206 -0.00123732 0.00235088 -0.0035878 -0.000107239 -0.00311351 -0.00045898 
-0.00356555 -0.00300161 -0.0009321 -0.00182663 -0.000676699 -0.00413042 -0.00171935 -0.00155276 -0.00485404 0.000117823 -0.00172812 -0.00600067 -0.00126653 -0.00517459 -0.00454319 -0.00762295 -0.00800045 -0.00865979 -0.00290448 -0.000527391 -0.00485703 -0.00897904 0.25 0.00226845 -0.00270559 -0.0081361 -0.00720778 -0.00216874 -0.00140175 -0.00496404 -0.00646621 -0.00148319 0.00173324 0.00204418 -0.00548514 -0.000715286 -0.00388903 -0.00282781 0.00052914 -0.00533818 -0.00346509 -0.00214922 -0.00272526 -0.00455857 -0.00132488 -0.00190635 -0.00190527 -0.00206465 -0.00244077 -0.00334848 -1.04645e-06 -0.00116631 -0.00192493 -0.000488569 -0.0016293 7.39988e-05 1.10276e-05 -0.00176725 -0.000881534 -0.00196424 0.000906383 -0.00284567 0.000268551 -0.00355001 -0.00273177 -0.00288098 -0.00380324 -0.0015098 -0.00215305 -0.00340817 -0.00182892 0.000177612 -0.000559605 -0.00214643 -0.00344251 -0.00269738 -0.00232984 -0.00131694 -0.00319343 -0.000168275 -0.00152145 -0.00319355 -0.00327898 -0.00519273 -0.00223158 0.000199974 -0.00120174 -0.00315217 -0.000793098 -0.00158617 -0.000599899 -0.00361902 -0.000429174 -0.00534818 -0.0037746 -0.00407993 -0.00121936 -0.000844024 -0.00166921 -0.00300537 
-0.00400183 0.000532841 -0.00291019 -0.00364781 -0.00219843 -0.00375366 -0.00064281 -0.00448562 -0.00192763 -0.00382471 -0.00488935 -0.00113113 -0.00396524 -0.0015005 -0.0051531 -0.0114859 -0.00744525 -0.0137524 -0.0165061 -0.00605473 -0.00340173 -0.00274303 0.00226845 0.24223 0.00093413 0.00227689 -0.0018503 0.00510022 -0.00816691 -0.00244367 -0.00473647 -0.00685016 -0.00595934 -0.00579667 -0.00341429 -0.00290159 -0.00226394 -0.00297099 -0.000594966 -0.00114866 -0.00117394 -0.000417612 -0.00101073 -0.00136214 -0.00125563 -0.00110268 -0.00299093 -0.00128734 -9.92373e-05 -0.00130665 -0.00188185 -0.0026997 -0.000942377 -0.000268136 -0.00010689 -0.000706828 -0.00149911 -0.00129931 -0.000667605 -0.00269648 -0.00193048 -0.00162003 -0.00277443 -0.00303048 -0.00130716 -0.00355569 -0.00131929 -0.0034792 -0.00460837 0.00300452 -0.00164426 -0.000393598 -0.000528374 -0.000294805 -0.00241918 -0.00169761 -0.00309879 -0.00364463 -0.00111457 -0.00176381 -0.00314668 -0.00295903 -0.00228292 -0.00370922 -0.00204722 -0.00109465 -0.000291656 0.000258199 -0.0027729 -0.00222841 -0.00211826 -0.0031779 0.000164869 -0.00224117 -0.00250269 0.000289929 -0.00192218 -0.00276975 -0.00127219 -0.00100463 
-0.00224732 -0.00332114 -0.00428299 -0.00146359 0.00257791 -0.00311315 -0.00102625 -0.00557047 -0.00456694 -0.0027006 -0.00362064 -0.00464506 -0.00372801 -0.00419976 0.000414398 -0.00140783 -0.0089862 -0.00497886 -0.00486803 -0.00112664 0.00289773 -0.00562811 -0.00270559 0.00093413 0.247711 -0.00465887 0.00380474 -0.00420376 -0.00115297 -0.00157095 -0.00678478 -0.00864813 0.00192919 -0.00650251 -0.00335009 -0.00421783 -0.00147463 -0.00435582 -0.00324786 -0.00391847 -0.00453491 -0.00153841 -0.00461136 -0.00114945 -0.000908131 0.00201653 -0.00408955 -0.00371851 -0.00378372 -0.00199887 -7.60326e-05 -0.00299181 -0.00324073 -0.00276171 -0.00064508 -0.00215446 -0.000403997 -0.00204781 -0.000122225 -0.00413728 -0.00255025 -0.00048156 -0.00196653 -0.00212969 -0.00261517 -0.00127744 -0.00105409 -0.00338221 -0.00271488 -0.00178272 -0.00402614 -0.00294765 -0.00357286 -0.00287895 -0.00374524 -0.00280786 -0.00413729 -0.00309066 -0.00130646 -0.00178941 -0.00214306 0.00191908 -0.00110426 -0.00383542 -0.00110637 -0.00399872 -0.00207484 -0.00225749 -0.000973565 -0.000489487 -0.00321364 -0.0028993 -0.00241581 -0.00104116 -0.00317169 -0.00236806 -0.00210373 -0.00153968 -0.00214906 -0.00187487 
-0.00183336 -0.002873 -0.0022559 -0.00192938 -0.00145804 -0.000316284 0.000293686 -0.00586135 -0.00426133 -0.00579257 -0.00596142 -0.00596933 -0.00316341 -0.007609 0.0050168 -0.0170761 -0.00808748 -0.00228706 -0.00355241 -0.0102086 -0.00209653 0.00522392 -0.0081361 0.00227689 -0.00465887 0.24001 0.00711239 0.00318802 -0.007648 -0.000995442 -0.000193132 -0.00345373 -0.00545756 -0.00461176 -0.003554 -0.00115571 -0.00170208 -0.00372224 -0.00221655 -0.00720418 -0.000602768 -0.00188503 -0.00248403 -0.00284064 -0.00147228 -0.00267353 -0.00282261 -0.00470317 0.000349163 -0.000292761 -0.00151423 -0.0016068 -0.000391272 -0.00300073 -0.00350765 -0.00269963 -0.00273224 -0.00135251 -0.00184367 -0.00246357 -0.00314145 -0.00246754 -0.00162719 -0.00209716 0.000423326 -0.0029655 -0.00344216 -0.00251317 -0.000816419 -0.000862642 -6.30093e-05 -0.0021435 -0.000656577 -1.63755e-05 -0.00204846 -0.00397699 -0.00120263 -0.00295378 -0.00283504 -0.00282083 -0.000948177 0.000782156 -0.00145035 -0.000374635 -0.00235691 -0.00113771 -0.000776108 -0.00339361 -0.00199825 -0.00321779 -0.00317355 -0.00255975 -0.00200913 -0.00310128 -0.000959521 -0.00252808 -0.00214652 0.00115917 -0.00448385 -0.00237873 
-0.00184903 -0.00118465 -0.000748326 -0.0013843 -0.001582 0.000234555 -0.00430196 -0.00444922 -0.00510142 -0.00693651 -0.00277974 -0.00917226 -0.00174077 -0.00748407 -0.000472767 -0.00800388 -0.0113543 -0.00858426 -0.00695689 -0.00452277 -0.00314237 -0.00194378 -0.00720778 -0.0018503 0.00380474 0.00711239 0.232845 0.00234859 -0.00351607 -0.00177742 -0.000795133 0.00185948 -0.00186633 -0.00324631 -0.00268112 -0.00626698 -0.00460605 -0.00309439 -0.00107404 -0.00280624 -0.00250765 -0.00170595 -0.00329724 -0.00292784 -0.00182331 -0.00191233 -0.000332306 -0.00295025 -0.00106057 -0.00154735 -0.00175938 -0.00342121 -0.00112532 -0.00082306 -7.09795e-05 -0.00106496 -0.00288751 -0.00114877 -8.55218e-05 -0.00193338 -0.00280823 -0.00301148 -0.0017801 -0.00196825 -0.00406283 -0.00427708 8.22333e-05 -0.00228676 5.31906e-05 -0.00298333 -0.00217115 -0.00168423 -0.0012919 -0.00273777 -0.00342224 -0.00171415 -0.00120164 -0.00276768 -0.000968403 -0.000623088 -0.00262083 -0.00108894 -0.00397701 -0.00200224 -0.00256319 -0.00173323 -0.00359718 -0.00105085 -0.00151495 -0.00234243 -0.00326369 -0.00141346 -0.000802965 -0.0004197 -0.002815 -0.00221351 -0.000660316 -0.00206742 -0.00119186 -0.00037226 
-2.42503e-05 -0.0017945 -0.000232426 -0.00129433 -0.00148363 -0.00148128 -0.000513319 -0.00344888 -0.00424292 -0.000671822 -0.00502961 -0.00372251 -0.00446951 -0.00126344 -0.00958837 -0.00580068 -0.00798601 -0.00920396 -0.00819121 -0.00128671 -0.00214623 -0.00366595 -0.00216874 0.00510022 -0.00420376 0.00318802 0.00234859 0.219075 -0.000720683 -0.00397493 0.000558533 -0.00399158 -0.00259791 -0.0010503 -0.00314139 -0.00075984 -0.00222054 -0.00348322 -0.00269542 -0.00239825 -0.00248247 -0.00115614 0.000570912 -0.00228445 -0.0017084 -0.00257637 -0.00245008 -0.00208292 -0.00345749 -0.00264485 -0.00284889 -0.00189312 -0.00415776 -0.00129042 0.000212869 -0.0026675 -0.00282931 -0.00174438 -0.00234757 -0.00404296 -0.00221228 -0.00266451 0.000567419 -0.00287681 -0.00287437 -0.00194627 -0.00135441 -0.00266256 -0.00277164 0.000556805 -0.000991253 -0.00223676 -0.0013482 -0.000798429 -0.00161914 -0.00101514 -0.00214654 -0.00342485 -0.00205685 0.000420027 -0.00301804 -0.0019713 -0.000749721 -0.00249368 -0.00310178 -0.00179029 -0.00220992 -0.000941713 -0.000388752 -0.0030028 -0.00283228 -0.00305548 -0.0016587 -0.00214998 -0.0019727 -0.00355211 -0.00186717 -0.00305691 -0.00121372 -0.000957735 
-0.00140009 -0.00157008 -0.0019692 -0.00106648 0.000852231 -0.0025142 -0.00067269 -0.00358699 0.00219072 -0.00295023 -0.00444324 -0.00165486 -0.00381141 -0.00306788 -0.00752638 -0.00317361 -3.54255e-05 -0.00266279 -0.00433261 0.00142014 -0.00354907 -0.0104599 -0.00140175 -0.00816691 -0.00115297 -0.007648 -0.00351607 -0.000720683 0.172981 -0.00218199 -0.000118583 -0.00434446 0.0009579 0.000279547 -0.00185859 -0.000105423 -0.00408599 -0.00172638 -0.00134316 -0.00173694 -0.00141239 -0.000402602 -0.00189555 -0.00122029 -0.000336507 -0.00316051 0.000954962 -0.0015558 -0.0022173 -0.00209096 -0.00212125 -0.000681858 -0.00163315 -0.00123169 -0.000207725 -0.000391472 -0.000216599 -0.00305124 -0.00173792 -0.000678868 -0.000691779 -0.0014164 -0.00102375 -0.00252656 -0.00148972 -0.00025119 -0.00266191 0.000490934 -0.00232171 -0.000949729 -0.000903947 -0.00141368 -0.00086921 -0.000838313 -0.00154342 -0.00102561 -0.00356144 -0.0012899 0.000519333 -0.00122298 -0.0024429 -0.000710162 -0.00140004 -0.000891567 -0.0015902 -0.000843972 -0.00239895 -0.00158308 -0.000376974 -0.000452264 -0.00278575 -0.00029169 0.000120288 -0.00226612 -0.00103503 -0.00256281 -0.000472278 -0.00252766 -0.00175576 -0.00157965 
-0.00118459 -0.00234772 0.000902697 -0.0010114 0.00049654 -0.0019975 -0.00157701 -0.00303397 -0.00237692 -0.00389002 -0.0042649 -0.0045421 -0.00301336 -0.00590443 -0.00440243 -0.00187473 -0.00378904 -0.00353332 -0.00326557 -0.00554601 -0.00135396 -0.0053884 -0.00496404 -0.00244367 -0.00157095 -0.000995442 -0.00177742 -0.00397493 -0.00218199 0.158852 -0.00116712 0.000589639 0.00121323 5.90505e-06 -0.00203595 -0.00115921 -0.000120193 -0.00162079 -0.00373138 -0.00127203 -0.000550256 -0.00170961 -0.00100403 -0.00171548 -0.000395912 -0.00217372 -0.000888031 -0.000463935 -0.00166403 -0.000779916 -0.00172235 -0.000412674 -0.00115582 6.2683e-05 -0.0013317 -0.0017376 -0.00161796 -0.00149752 -0.00158346 0.000483937 -0.00281951 -0.00094129 -0.000881014 -0.00160259 -0.0010066 -0.00158463 -0.00177034 -0.000837312 -3.88713e-05 -0.00170007 -0.00181877 -0.00051478 -0.000793562 1.76938e-05 -0.00120392 -0.000487132 -0.000379585 -0.0016877 -0.00045414 -0.00168721 -0.000711429 -0.000662906 -0.00107738 -0.00132222 -0.000598712 -0.00104587 -0.000804634 -0.00151783 -0.00320177 -0.00145535 -0.00169795 -0.00046905 -0.00270945 -0.00240211 -0.00121713 -0.000277099 -0.00108973 -0.00159876 -0.000605259 -0.000234334 
0.000196457 -0.00345768 -0.00135088 0.00129913 -0.00313588 -0.00197208 -0.00038527 -0.000408534 5.06584e-05 -0.00437386 -0.00215494 -0.00368205 -0.00333853 -0.0053622 -0.00171157 -0.00223888 -0.00780635 -0.000174906 -0.00845108 -0.0090029 -0.00659479 -0.00661089 -0.00646621 -0.00473647 -0.00678478 -0.000193132 -0.000795133 0.000558533 -0.000118583 -0.00116712 0.149419 0.00253095 0.000851178 0.000500124 0.000923322 -0.00335117 -0.00256395 -0.00160325 -0.00146957 -0.000986969 -0.00112701 -0.00134606 -0.000911586 -0.000946114 -0.000412556 -0.000993856 0.000363005 0.000125166 -0.00165008 -6.30023e-05 -0.00095673 -0.000646891 -0.000484981 2.89193e-05 -0.00106925 -0.00176998 0.000231193 -0.000967018 -0.0019012 -0.000688325 -1.32089e-05 -0.00147066 -0.000177469 -0.00192354 -0.00200421 -0.00102675 -0.00254644 -0.000975495 -0.00147657 -0.00267973 -0.00152955 9.64108e-05 -0.0021199 -0.0012591 2.24711e-05 -0.000533082 -0.00137961 -6.19759e-05 -0.000659372 0.000148337 -0.000760446 -0.000613377 6.84748e-05 -0.00107679 1.06762e-05 -0.00125753 -0.00150007 -0.00046918 -0.00158431 0.000126612 -0.000220309 -0.00023426 -0.00152731 -0.00225383 -0.000596433 -0.000416737 -0.000520598 -0.00174656 -0.0021398 -0.000412363 
0.000183364 6.3905e-05 -0.000391928 6.95185e-05 -0.000967847 -0.00164377 -0.00210164 -0.00120859 -0.0022249 -0.00197176 -0.00224354 -0.00632277 -0.00271576 -0.00545092 -0.00327964 -0.00394314 -0.00559665 -0.00472154 0.000859079 -0.00931871 -0.00268149 0.00201647 -0.00148319 -0.00685016 -0.00864813 -0.00345373 0.00185948 -0.00399158 -0.00434446 0.000589639 0.00253095 0.156147 -0.000328573 -9.75876e-05 -0.000774842 -0.00106713 -0.000817723 -0.00157306 -0.00024743 -0.00289773 0.00107151 -0.000326881 -0.00136507 -0.00133158 -0.00165493 -0.000892417 -0.0012769 -0.000870914 -0.0008313 -0.000642938 -0.000975088 -0.000786309 -0.000533242 -0.000192434 -0.00125881 -0.000289378 -0.00332863 -0.00125107 -0.00311961 -0.000760009 -0.00104645 -0.0011811 -0.00116021 -0.00157839 -0.000784358 -0.00138215 -0.00297107 -0.00114467 -0.000139402 -0.00104277 -0.000507022 -0.00106976 -0.000687563 -0.000649646 -7.28541e-05 -0.000771782 -0.00191079 -0.00211404 -0.00110056 -1.79015e-05 -0.000973687 -0.00322865 -0.00200856 -0.000525065 -0.00129102 -0.000331236 -0.00166364 -0.00164008 -0.00174548 -0.00121418 -0.00127242 -0.00100724 -0.00124255 -0.002212 -0.000428357 -0.00274665 -0.00142286 -0.00130002 -0.0016935 -0.00106387 
0.000211051 -0.000454613 -0.000888327 -0.000704642 -0.000598085 -0.0017216 -0.000476141 -0.00201092 -0.00130265 -0.00069855 -0.00421592 -0.00409519 -0.00143727 -0.005255 -0.00058836 -0.00492393 -0.00530857 -0.00685139 -0.00482239 -0.0035503 -0.00188646 -0.00390731 0.00173324 -0.00595934 0.00192919 -0.00545756 -0.00186633 -0.00259791 0.0009579 0.00121323 0.000851178 -0.000328573 0.12845 0.00180616 0.000256803 -0.002076 -0.000796866 -0.00126979 -0.00292819 -0.00259731 -0.00143584 -0.00114135 -0.00138397 -0.00142433 -0.00190617 5.49045e-05 1.10624e-05 -0.000343108 -0.000916227 -0.000847943 -0.000268858 -0.00075018 -0.00114968 -0.000871138 -0.000649402 0.00130495 -0.000777739 -0.00141518 -0.0021061 -0.00215614 -0.0001091 -2.32686e-05 -0.000766312 -0.00274602 -0.00141034 -0.00217181 -0.00039494 -0.00104041 -0.00254089 -0.00073705 0.000154144 -0.000762938 6.26485e-05 -0.00110218 -0.000487628 -0.00126445 -0.00102721 -0.000202846 0.000202318 9.06886e-05 -0.00109302 -0.00225431 -0.000342907 -0.00294975 -0.00117233 -0.000444634 -0.00118815 -0.000839139 -0.000967434 0.000309474 -0.00044669 -0.00111171 -0.00081702 -0.0012693 -0.000375564 -0.00131473 -0.00125271 -0.00225461 -0.00147951 -0.000118767 
