0.0768435 -0.000746932 -4.12884e-05 1.98991e-05 -0.000634891 -0.000658127 -0.00125664 -0.000481347 -0.00125022 -0.000516191 -7.81447e-05 -0.0035113 0.00068043 -0.00327701 0.000158518 -0.00123335 -0.00189657 -0.00252272 -0.00280813 -0.00106733 -0.00212169 -0.0014102 -0.00266964 -0.00104386 -0.00162458 0.000854097 -0.00332981 -0.00158043 -0.000864839 -0.00179878 0.00017065 -0.000717945 -0.000719028 -0.00110004 -0.00136301 -0.00133713 -6.22477e-05 -0.0003862 -0.000539699 -0.000547777 -0.000423937 -0.000563788 -0.000691431 -0.000658247 -0.000637294 -0.000476 -0.000562456 0.000181027 -0.000373704 -0.00135722 -0.000179759 -0.000665147 -0.000552893 -0.00080171 -0.000752628 -0.00118465 -0.00127632 -0.00100439 9.69298e-05 -0.000566207 -4.4869e-05 -0.000966963 -0.0011827 3.31831e-05 -0.000340558 -0.000704677 -0.000612316 -0.00128608 6.5885e-05 -0.000545119 -0.00043846 -0.000681724 -0.00016951 -0.000349059 -0.000893534 -0.000984898 -0.00127987 -5.69673e-05 -0.000587845 0.000122564 -0.000410226 -0.000353324 -0.000133613 -0.00157998 -0.000361775 -0.000707912 -0.000243931 0.000388858 -0.0010897 -0.000536039 -0.000141503 -0.000418827 -0.000186134 -0.00154374 -0.000770799 -0.000696392 -0.00035895 0.00080152 -0.00184577 1.15904e-05 
-0.000746932 0.0837755 -7.0701e-06 -0.000775233 -0.00102819 -0.000350986 -0.000776532 -0.000502391 -0.000955851 -0.000605719 -0.00174979 -0.00120804 -0.00173247 -0.00124715 -0.0021483 -0.0035836 -0.0046618 -0.00206636 -0.00253862 -0.000500797 -0.00231477 -0.00148809 -0.00204764 -0.00289877 -0.00104551 -0.000584616 -0.000155309 -6.96171e-05 -0.00222814 -0.000386874 -0.00226939 -0.00140283 -0.000660305 -0.000483863 0.000176517 -0.000787843 -0.00102373 -0.000961603 -0.000232151 -0.00102011 -0.000289812 -0.00175658 -0.000476853 9.06315e-05 -0.00111768 -0.000970673 -0.000880645 -0.000159763 -0.000321356 -0.000910023 -0.000837678 -0.00085765 -0.000636562 -0.000728771 -0.000501066 -0.000619979 0.000222065 -0.000867609 -8.0575e-05 -0.00108913 -0.00106872 -0.000682705 -0.00112024 -0.00080732 -0.000402659 -0.000365759 -0.00110202 -0.000586942 -0.000713556 -0.000433813 -0.000762634 -0.000317348 -0.000754596 -0.000477587 -0.000643192 -0.00150041 -0.000932498 -0.000371218 -0.0014542 -0.000353909 6.68949e-05 -0.00055792 -0.000481099 -0.000326263 0.000195904 -0.00137446 0.000209367 -0.000196056 -0.000845297 -0.000237878 -0.00065767 -0.000362368 -0.000508674 0.000244805 -0.000898816 -0.000361065 -0.000131648 0.000387736 -0.000964414 -0.000265101 
-4.12884e-05 -7.0701e-06 0.0806771 -0.000468203 0.000633595 -0.000459019 -0.00129327 -0.000317349 -0.00173567 -0.000582933 4.30617e-05 -0.00238811 -0.000856797 0.000289452 -0.00136209 -0.00341557 -0.000485551 -0.00272095 -0.00283085 -0.00163558 -0.00141939 -0.000717957 -0.00455853 -0.00135407 0.000100431 -0.00344867 -0.00334965 -0.00207862 -0.00310674 -0.00120179 -0.0019696 -0.000199894 4.70392e-05 -0.000161461 2.75847e-05 -0.000289422 -0.000680322 -0.000493295 -0.0012317 -0.0014965 -0.000962227 -0.00106264 -0.00118227 -0.000691113 -0.00109331 -0.000461906 -0.000448139 -0.000454548 -0.0012767 -0.000219389 -0.000835946 -0.000749725 -0.000291488 -0.000520804 0.000125047 0.000609452 -0.0012611 -0.00055896 -0.00142911 -0.000564149 -0.000802042 -0.000613107 -0.000144009 -0.00103236 -0.000142554 -0.000598475 -0.000195338 -0.000762842 -0.0011368 -6.0785e-05 -0.000283563 -0.000394105 -3.66114e-05 -0.000547619 -0.000164889 -0.00136147 -0.000407017 -0.00112258 -0.00174998 -0.00060107 -0.000350522 -0.000870468 -0.000335189 -0.00134312 -0.000538155 -0.000548945 -0.000263329 0.000114547 -0.000643542 -0.00125791 -0.000633446 -0.000522035 0.000309907 0.000114777 -0.000148615 -0.000435895 0.000290442 0.000214943 -0.000715715 -0.000411803 
1.98991e-05 -0.000775233 -0.000468203 0.100018 -0.00130009 -0.000186299 -0.00134832 -0.000149757 -0.00132503 -8.20459e-05 -0.00164851 0.000244353 -0.00538352 -0.00146369 -0.0017367 -0.00169936 -0.000802787 -0.00534963 -0.00528276 0.00193568 -0.0053988 0.00250399 -0.00435224 -0.000852355 -0.00176068 -0.00141478 -0.00199338 -0.00327099 -0.000717816 -0.000295242 0.000174397 -0.000557069 -0.00147964 0.000789407 -0.00148626 -0.0021506 -0.00203274 -0.000759783 -0.000538703 -0.0012881 -0.00111436 -0.000543175 -0.00099304 -0.000590909 -0.000300203 -0.00123076 -0.000132273 7.62229e-05 -0.000344399 -0.000947879 -0.00155682 -0.000349163 -0.000696978 -0.00041586 -0.00172206 -0.000271046 0.000381248 -0.00122049 -0.000601487 -0.00220966 0.000330202 -0.000613785 -0.000974493 -0.0011111 -0.000640208 -0.00133362 -0.0013649 -0.000688177 -0.000830514 -0.00108669 -0.0011697 -0.000725087 -0.000939891 -0.00122951 -0.00175174 0.000328778 -0.000268188 -0.00159288 -0.000783184 -0.000306242 -0.00110658 -0.000937149 -0.00133964 -0.000459285 -0.000321723 -0.00117259 -0.00151144 9.83623e-05 -0.000982975 -0.000485556 -0.000285524 -0.000364173 -0.000350421 -0.000282223 -3.57063e-05 -0.0012598 -0.00105647 -0.000495383 -0.00129552 -0.00115678 
-0.000634891 -0.00102819 0.000633595 -0.00130009 0.0947111 -0.000592525 -0.000446184 -0.00019984 -0.00135141 -6.64994e-05 -0.00022359 -0.00135886 -0.00206195 -0.00102438 -0.000791097 -0.00228376 -0.00119969 -9.40486e-05 0.000175033 -0.00225319 -0.00132922 -0.0019442 -0.00214838 -0.0047486 -0.00293236 -0.00384311 -0.00161565 -0.00207965 -0.00254985 -0.00153708 -0.00153557 -0.000500758 -0.00128249 -0.00197636 5.19866e-05 -0.000590786 -0.000746597 -0.000425406 -0.0014449 -0.00056735 -0.000665956 -0.000971508 -0.00114602 -0.00103528 -0.000509743 -0.000556556 -0.00152943 -0.000322179 0.000341215 -0.000473051 -0.000532664 -0.000239987 -0.000849308 -0.00108714 -0.000761122 -0.000312262 -0.00103972 -0.00171215 -0.000869931 -0.00131938 -0.000469376 -0.000272717 -0.00109372 -0.000295222 -0.000901615 -0.000163921 -0.000906528 -0.00117126 -0.000785904 -0.00119225 -0.000482002 -0.00074305 -0.000871467 -0.00100935 -0.00120064 -0.000639917 -0.00177312 -0.000905789 -0.000626609 -0.000401712 -0.000936858 -0.000411099 -0.000235445 -0.00153561 -0.000881745 0.00038872 -0.00104022 -0.000440274 -0.000643915 -0.000731006 -0.0011084 -0.00056045 -0.000276414 -0.000298138 -0.000976579 -0.00115201 -0.000363035 -0.000287419 -0.000585128 -0.0012899 
-0.000658127 -0.000350986 -0.000459019 -0.000186299 -0.000592525 0.0885675 -0.00029085 -0.00032572 -0.00126913 -0.00105464 -0.00051287 -0.00288415 -0.000722851 -0.000693549 -0.00217901 -0.00257846 -0.00435108 -0.00438318 -0.00364425 -0.0041206 -0.000878047 -0.00379788 9.90002e-05 0.000150749 -0.000189716 -0.00181439 0.000225558 -0.00141316 -0.00184362 -0.00240446 -0.00122861 -0.000555113 -0.00135374 6.82156e-06 -0.00160632 -0.000616455 -0.000750135 -0.000454541 -0.00168636 -0.000616883 -0.00123654 -0.00128037 -0.000585835 -0.000293141 -0.000308303 -0.000931493 -0.000633501 -0.000689665 0.0005572 -0.000542048 -0.000402861 -0.00104551 -0.00086141 -0.000551124 -0.00129223 -0.000909484 -0.0005235 0.00049024 -0.000333814 -0.00095919 -0.0008494 -0.00085844 -0.000796306 -0.00100767 -0.00105325 -0.000779925 -0.00147897 5.27311e-06 -0.000951739 -0.000762449 0.000205414 -8.33046e-05 -0.000469684 -0.000906542 5.98153e-05 -0.000688489 9.18518e-05 -0.000314683 -0.00136542 -0.000458193 -0.000281548 -0.00127883 -0.000247661 -0.000354355 -0.000755663 -0.00104123 -0.000844651 -0.000730581 -5.31062e-05 -0.000798251 -0.000263502 -0.000504178 -0.000369337 -0.00113621 -9.29393e-06 -0.000901696 -0.000999571 -0.000131834 -0.000526893 -0.0005598 
-0.00125664 -0.000776532 -0.00129327 -0.00134832 -0.000446184 -0.00029085 0.112337 -0.000479375 -0.00178809 -0.0017039 -0.00284251 -0.00291598 -0.0015225 -0.00078688 0.000861085 -0.00150855 0.00199104 -0.00328296 -0.00154885 -0.00661276 -0.00311327 -0.00115247 -0.00347282 -0.00504817 -0.00189471 -0.00200247 -0.00440109 0.000505372 0.000185143 -0.000244358 -0.00211601 -0.00112794 -0.00231195 0.000227855 -0.00085057 0.000496687 -0.000760188 -0.000103177 -0.00211666 -0.00233051 -0.00104065 -0.000528988 -0.000264566 -0.00105429 0.000424157 -0.0011193 -0.00158086 -0.00124576 -0.00127409 -0.00123272 -0.000795855 -0.00140965 -0.00116814 -0.000966918 -0.00151219 -0.000740128 -0.000953384 -0.00121188 -0.00220809 -0.000972645 -0.000733397 -0.000708658 -0.000965765 -0.00151518 -0.000322059 -0.00110298 0.000698109 -0.00181637 -0.000945654 -0.00141486 -0.000463938 -0.00105654 -0.00160056 -0.00107468 -0.00102141 -0.00054862 -0.000915826 -4.6106e-05 2.6852e-05 -0.000331959 -0.000764197 -0.000954959 -0.000735147 -0.00183026 -9.99747e-05 -0.000142121 0.000228229 -0.001489 -0.000521384 0.000173909 -0.000874595 -0.000902536 -0.00139337 -0.00207655 -0.000371623 -0.00165514 -0.00102494 -0.00148837 -0.00109844 0.000582587 
-0.000481347 -0.000502391 -0.000317349 -0.000149757 -0.00019984 -0.00032572 -0.000479375 0.103144 0.000573658 -0.000821711 -0.000795225 -0.00431797 -0.00205803 -0.00421337 -0.00143737 -0.00324623 -0.00147645 -0.000644508 -0.00274544 -0.00477482 0.00034737 -0.00261068 -0.00149901 -0.004617 -0.00280439 -0.00452731 -0.0032399 -0.000842737 -0.00382426 -0.0029536 -0.000134246 -0.0020372 -0.000623536 -0.00175338 -0.000628505 -0.0014421 -0.00100802 -0.000550265 -0.000544684 -0.00101761 -0.00094657 -0.000752807 -0.00088725 0.000186141 -0.000618059 -0.00025697 -0.00142314 -0.0015919 -0.000987341 0.000374304 -0.000939995 -0.001259 -0.000329353 0.000315854 -0.000320296 -0.000776648 -0.000999658 -0.00131416 -0.00114624 -0.00110353 -0.000940782 -0.00130362 -0.00173148 -0.00125941 -0.001378 -0.00101816 -0.00111177 -0.000510747 0.000156724 5.10651e-05 -0.000143632 -0.00100893 -0.000472854 -0.000413641 -0.00119827 -8.16449e-06 -0.000853694 -0.000378828 -0.000240803 -3.93929e-05 -0.00127629 -0.000741348 -0.000383951 -0.000813542 -0.000280313 -0.000948742 -0.000368273 0.000203217 -0.00116781 9.79518e-05 -0.00108041 -0.000156006 -0.000498216 -0.000656213 -0.00098895 0.000769588 -0.000235655 -0.000522032 -0.000412438 -0.000379167 
-0.00125022 -0.000955851 -0.00173567 -0.00132503 -0.00135141 -0.00126913 -0.00178809 0.000573658 0.133421 -6.71477e-05 0.000608041 -0.000603723 -7.16021e-05 -0.00602085 -0.00471753 -0.00448728 -0.0073165 -0.00278884 -0.00177622 0.00109537 -0.00133742 -0.00830212 -0.0057942 -0.0018226 -0.00190016 -3.70745e-05 -0.00350412 -0.00496374 -0.000679256 -0.00451793 -0.000879409 -0.00135622 -0.000482438 -0.00125285 -0.00153809 -0.00123621 -0.00246157 -0.00186333 0.000638679 -0.0014353 -0.00126876 -0.000493229 3.89964e-05 -0.00141303 -0.000788618 -0.00193753 -0.00167347 -0.000106814 -0.00112513 -0.00102304 -0.00117769 -0.00110495 -0.000753913 -0.001041 -0.000931553 -0.000627007 -0.000463578 -0.000296265 -0.00100572 -0.0020965 -0.000359254 -0.00152425 -0.00139628 0.000250429 -0.00158301 -0.000953536 -0.00123805 -0.000621241 -0.000400156 -0.00112873 -9.6143e-05 -0.000946292 -0.0011552 -0.000580743 -0.00162159 -0.00105056 -0.000296025 -0.000542314 -0.000463944 -0.00116604 0.000498327 -0.00115118 -0.00144783 -0.000955923 -0.00144664 -0.00155814 -0.00092261 -0.000753842 -0.00121597 -0.0021325 0.00036537 0.000592367 -0.000498041 -0.000946416 -0.00103032 -0.00129585 -0.000886009 -0.000493935 -0.00127426 -0.000732734 
-0.000516191 -0.000605719 -0.000582933 -8.20459e-05 -6.64994e-05 -0.00105464 -0.0017039 -0.000821711 -6.71477e-05 0.136794 -0.00184136 0.000420085 -0.00393561 -0.00170093 -0.00598276 -0.00808478 0.000361175 -0.00809044 -0.00588986 -0.00515214 -0.00273006 -0.00742162 -0.00210662 -0.0023151 -0.00187677 -0.0037429 -0.00158002 -0.00153266 -0.00243805 -0.00280545 0.000540289 -0.0010667 8.60772e-05 -0.000377737 -0.000669122 -0.00149591 -0.0014604 0.000383342 -0.000258933 -0.00102768 -0.00134437 -0.00047789 -3.79846e-05 -0.000791818 0.000655968 0.000129579 -0.000746771 -0.000224536 -0.00197991 -0.000146133 -0.0013096 -0.000633368 0.000192874 -0.000966678 -0.000216508 0.000380371 -0.00147843 -0.00160789 -0.00147545 -0.000889175 -0.000424394 -0.00153576 -0.00255059 -0.00126121 -0.00211813 -0.000549459 -0.00105976 -4.55275e-05 -0.000853913 -0.00188768 -0.000911487 0.000324659 -0.00169606 -0.00177351 -0.000602517 -0.00203302 -0.00163355 -0.00142029 -0.00259571 -0.000317699 -0.000487528 -0.00105255 -0.000709289 -0.00188331 -0.00130651 -0.00184331 -0.000807578 -0.00142334 -0.00190484 -0.00116989 0.000242665 -0.00105842 -0.000546578 -0.00162205 -0.00114569 -0.00179121 -0.000140199 -0.000957581 0.000291593 -0.000271742 
-7.81447e-05 -0.00174979 4.30617e-05 -0.00164851 -0.00022359 -0.00051287 -0.00284251 -0.000795225 0.000608041 -0.00184136 0.166586 -0.00348207 -0.00010642 -0.00193426 -0.00176175 -0.00195533 -0.00475662 -0.00383087 -0.0013078 -0.00218054 -0.00773692 -0.00345925 -0.0100847 -0.00213321 -0.00375195 -0.00676472 -0.00428459 -0.00266245 -0.00492056 -0.00080603 -0.00545244 -0.000636044 -4.35484e-06 0.00204758 -0.000759111 -0.00238525 0.000394088 -0.00100032 -0.00115518 -0.00111431 -0.00113407 0.000387527 -0.000621851 -0.000734549 -0.00148817 -0.00159727 -0.000584654 -0.0019758 -0.000890462 -0.0027235 -0.000950775 -0.00144107 1.90346e-05 -0.00102851 -0.00156343 -0.000801265 0.000352345 -0.00146685 -0.00229283 -0.00228816 -0.00237443 -0.00129759 -0.00227215 -0.000939606 -0.000313493 -0.000285785 -0.000490051 -0.00130883 -0.0005738 -0.00274721 -0.000688167 -0.00210274 -0.00169115 -0.00100222 -0.00156087 -0.00195761 -0.00161138 -0.0011634 -0.000406632 -0.00188517 -0.00291833 -0.000195446 -0.000517048 -0.00255042 -0.00171607 -0.000713657 -0.00208238 0.000148303 -0.00242204 -0.00166506 -0.00227134 -0.00248489 -0.000352574 -0.00227056 -0.00167217 -0.0019888 -0.00110897 -0.00188259 0.00036196 -0.00176091 
-0.0035113 -0.00120804 -0.00238811 0.000244353 -0.00135886 -0.00288415 -0.00291598 -0.00431797 -0.000603723 0.000420085 -0.00348207 0.184915 -0.00347936 -0.00190245 -0.00791149 0.000338287 -0.00648499 -0.00646942 0.000561631 0.00237266 -0.0066609 -0.00437636 -0.0097616 -0.00790088 -0.00582852 -0.00421002 -0.00172647 -0.00269772 -0.000441261 -0.00398951 -0.00572859 -0.00331379 -0.00280818 -0.00338342 -0.0014542 -0.000747347 -0.00152439 -0.00230836 -0.000331499 -0.00174207 -0.00237031 -0.00211792 -0.000256437 -0.000915014 -0.00259178 -0.00128924 -0.00150284 0.00028858 -0.00146694 0.000288287 -0.00191549 -0.000603292 -0.000746807 -0.00113295 -0.00139499 0.000837746 -0.00110333 -0.00114423 -0.00229454 -0.00164386 -0.00182279 -0.00144535 -0.00171985 0.000496364 -0.00187483 -0.00142336 -0.00105901 0.000130701 -0.00053082 -0.000748272 -0.00187059 -0.000792043 0.000180264 -0.00227197 -9.54597e-05 -0.00202625 -0.000313378 -0.00252151 -0.0014136 -0.00176088 -0.000729659 -0.000566472 -0.00338185 -0.00082366 9.57966e-05 -0.000501534 -0.00123938 -0.00251576 -0.0024582 -0.00151218 -0.000566483 -0.000268974 -0.00158591 0.000766306 -0.0004813 -0.001561 -0.00140378 -0.000359253 -0.00322735 -0.000720619 
0.00068043 -0.00173247 -0.000856797 -0.00538352 -0.00206195 -0.000722851 -0.0015225 -0.00205803 -7.16021e-05 -0.00393561 -0.00010642 -0.00347936 0.198862 0.00221616 -0.0044506 0.00100667 -0.00246035 -0.00164983 0.000350271 -0.00498101 -0.000762496 -0.0136367 -0.000744104 -0.00337661 -0.00766271 -0.00773836 -0.00531755 -0.00537968 -0.00700126 -0.00453703 -0.0067641 -0.00229851 -0.000293285 -0.00368693 -0.00118633 -0.00455047 -0.00158473 -0.00163424 -0.00300102 -0.000325366 -0.00262036 -0.00169676 -0.000994993 0.000276112 -0.00221793 0.00072912 -0.0015271 -0.00185692 -0.000702918 -0.00313844 -0.000747881 -0.00347372 -0.00109079 -0.00017409 -0.00138479 -0.00138555 -0.00335086 -0.000921877 -0.00295018 -0.00167658 -0.00268429 -0.00297284 0.0004317 -0.000554661 -0.00381581 -0.001287 -0.00147982 -0.00116494 -0.00181704 0.000456813 -0.00112518 -0.00283274 -0.00142767 -0.00318793 -0.00104409 -0.00221896 -0.00174688 -0.000450284 -0.000271584 -0.00149787 -0.000440924 -0.000610626 0.000487963 -0.00263189 -0.00185679 -0.00116733 0.000169129 -0.00158644 -0.00262353 -0.00185577 0.000164899 -0.00185241 -0.00261181 -0.00225632 -0.00142116 0.000396921 -0.000977327 0.000252587 -0.00196448 -0.00217789 
-0.00327701 -0.00124715 0.000289452 -0.00146369 -0.00102438 -0.000693549 -0.00078688 -0.00421337 -0.00602085 -0.00170093 -0.00193426 -0.00190245 0.00221616 0.218641 -0.00189028 0.00180045 0.00467852 0.00237593 -0.00517732 -0.00766571 -0.00913348 -0.000239229 -0.00336229 -0.00638278 -0.00904091 -0.00652039 0.0019355 -0.00267396 -0.00784273 -0.00749127 -0.00348429 -0.00296669 -0.00297956 -0.00352598 -0.000833561 -0.0036078 -0.00176088 -0.0015063 -0.00170702 -0.00107831 -0.00294271 -0.00466988 -0.00239589 -0.0022125 -0.00307555 -0.00179193 -0.00397842 -0.00284759 -0.00443863 -0.00252023 -0.00269334 -0.00288035 -0.00359095 -0.00329378 -0.00155489 -0.00121371 -7.09522e-05 -0.00251967 -0.00151916 -0.00159774 0.000820451 0.000337551 0.00113788 -0.00311475 -0.00132767 -0.00197111 -0.00190971 -0.00247011 -0.000543126 -0.00178233 4.46103e-05 -0.00371634 -0.00133257 -0.00211323 -0.00030376 -0.00173959 -0.00328394 -0.00211769 -0.00246111 -0.000863809 -0.000567553 -0.000943663 -0.00208683 -0.00227477 -0.00191287 -0.00177149 -0.000525352 -0.00100712 -0.000904469 -0.000730497 -0.00313894 -0.00383395 -0.00343086 -0.00138887 0.000524259 -0.00188564 -0.00414089 -0.00291907 -0.000972628 -0.00237276 
0.000158518 -0.0021483 -0.00136209 -0.0017367 -0.000791097 -0.00217901 0.000861085 -0.00143737 -0.00471753 -0.00598276 -0.00176175 -0.00791149 -0.0044506 -0.00189028 0.221145 0.00200617 0.000734811 -0.00868703 -0.00707141 -0.0113651 0.00255794 -0.00485987 -0.00754501 -0.0072305 -0.00715905 -0.00569151 -0.00822055 -0.00131214 -0.00773278 -0.00262392 -0.000627025 -0.00236763 3.50852e-05 -0.0014749 -0.000465852 -0.00131492 -0.000706442 -0.0022737 -0.00281656 0.00177519 -0.000875724 -0.0017573 -0.00147901 -0.0017004 -0.00336666 -0.000682094 -0.00187504 -0.00241489 -0.00096058 -0.00159921 -0.00249827 -0.000795789 -0.000963881 -0.00216134 -0.00118325 -0.00352765 -0.00252284 -0.000489947 -0.000344557 -0.00142067 -0.00154584 -0.0026527 -0.000142636 -0.00125821 -0.000656103 -0.0021558 -0.00031621 -0.00344586 -0.00117391 -0.000540707 -0.00239064 -0.00239376 -0.0021518 0.000525076 -0.00258829 -0.00121236 -0.00210648 -0.00116061 -0.00311306 -0.00372688 -0.00220667 -0.0028071 -0.000918473 -0.00288427 -0.00139978 -0.00350289 -0.00208722 -0.000322724 -0.00122201 -0.000430412 -0.0041397 -0.000519388 -0.00129361 -0.000640643 -0.00372992 -0.00306756 -0.00107203 -0.00177326 0.00121933 -0.00173441 
-0.00123335 -0.0035836 -0.00341557 -0.00169936 -0.00228376 -0.00257846 -0.00150855 -0.00324623 -0.00448728 -0.00808478 -0.00195533 0.000338287 0.00100667 0.00180045 0.00200617 0.237105 -0.00802623 -0.000368815 -0.0030299 -0.000893362 -0.00106603 -0.00679542 -0.0082441 -0.00269017 -0.0141312 -0.00458537 -0.00787516 -0.000661894 -0.000623359 -0.00595275 -0.00142048 -0.00225194 0.00156369 -0.00527454 -0.00321608 -0.00321666 -0.0036539 -0.000606765 -0.00266363 -0.00164016 -0.00337125 0.00104484 -0.00286922 -0.00195625 -0.00300148 0.000602152 -0.000885196 -0.00351284 -0.00376214 -0.00192001 -0.00358473 -0.00105665 -0.00407539 -0.00201036 -0.00199454 -0.000750359 -0.00104465 -0.00157464 -0.00268249 -0.00306842 -0.00384686 -0.000966531 -0.00149812 -0.00269006 -0.00150213 -0.000391765 -0.00119017 -0.00502589 -0.00194575 -0.000778735 -0.00175624 -0.000968813 -0.00159321 -0.00091678 -0.00171033 -0.00350222 -0.00170652 -0.00013903 -0.00375973 -0.00161406 -0.00148684 -0.00250529 -0.000644426 -0.00124304 -0.00139933 -0.00430378 -0.00221872 -0.00285733 -0.00111988 -0.0013382 -0.00340745 -0.00255584 -0.00170962 -0.00053749 -0.00177206 -0.000755273 -0.00330768 -0.0027063 -0.00424123 -0.00176979 
-0.00189657 -0.0046618 -0.000485551 -0.000802787 -0.00119969 -0.00435108 0.00199104 -0.00147645 -0.0073165 0.000361175 -0.00475662 -0.00648499 -0.00246035 0.00467852 0.000734811 -0.00802623 0.24612 -0.00323959 -0.00475314 -0.00259411 0.00090351 0.000575727 -0.0122967 -0.00670412 0.00115137 -0.00151164 -0.0121814 -0.00340989 -0.007677 -0.00517842 -0.00425249 -0.00356903 -0.00456175 -0.00320081 -0.00416833 -0.00437011 -0.000442547 -0.00100783 -0.00145551 0.000538123 -0.00106749 -0.0037896 -0.00289874 -0.00231315 -0.00347509 -0.00147653 -0.00495212 -0.000779731 -0.00391027 -0.00207672 -0.00334957 -0.00229773 -0.00230177 -0.00185964 -0.00316974 -0.00345549 -0.00324679 -0.00279104 -0.000751837 -0.00275442 -0.00176942 -0.00109963 -0.00235464 -0.00194155 -0.001197 -0.000515241 -0.00212565 -0.00135213 -0.000980915 -0.000720159 -0.001406 -0.000924024 -0.000992428 0.000125361 -0.00184835 -0.000694841 -0.0021895 -0.00110161 -0.000183259 -0.00350546 -0.00140711 -0.00204984 -0.00271925 -0.00309197 -0.0021099 -0.000805071 -0.00144152 -0.00411711 -0.00302033 -0.00163212 -0.00281559 -0.00143892 -0.00383333 -0.00154467 -0.00357276 -0.000563085 -0.00135935 -0.00346447 -0.00259469 -0.00348615 
-0.00252272 -0.00206636 -0.00272095 -0.00534963 -9.40486e-05 -0.00438318 -0.00328296 -0.000644508 -0.00278884 -0.00809044 -0.00383087 -0.00646942 -0.00164983 0.00237593 -0.00868703 -0.000368815 -0.00323959 0.249999 0.00383909 0.00041795 0.0040111 -0.00157557 -0.0079022 -0.00675845 -0.0025701 -0.0150037 -0.00480773 -0.0122477 -0.00438495 -0.00787378 0.000238942 -0.00556671 -0.00294946 -0.00149851 -0.00013859 -0.00403162 -0.0042496 -0.00216045 -0.00244875 -0.00307173 0.00103675 -0.00127215 -0.00207603 -0.000784002 -0.00260939 -0.0024501 -0.00383414 -0.00176609 -0.000213408 -0.00320284 -0.00182846 -0.00280802 -0.00268597 -0.00204622 -0.00299069 -0.0030793 -0.00104173 -0.00223291 -0.00493447 0.000738244 -0.00270981 -0.00379832 -0.0028562 -0.00385388 -0.00179891 -0.00278671 -0.0017517 -0.00185753 -0.00170374 -0.002309 -0.00164798 -0.00252245 -0.00148602 -0.00243565 -0.00215 -0.00185555 0.000494908 -0.000736776 -0.00475109 0.00150784 -0.000815576 -0.00292394 -0.00091592 -0.0010939 -0.00156475 -0.0013285 -0.0038385 -0.00241196 -0.000650482 -0.00492641 -0.00191742 0.000596018 -0.000986983 -3.95329e-05 -0.00236864 -0.00095059 -0.00260443 -0.00189586 -0.00190931 -0.00181686 
-0.00280813 -0.00253862 -0.00283085 -0.00528276 0.000175033 -0.00364425 -0.00154885 -0.00274544 -0.00177622 -0.00588986 -0.0013078 0.000561631 0.000350271 -0.00517732 -0.00707141 -0.0030299 -0.00475314 0.00383909 0.249931 0.00109274 -0.0114192 -0.0101295 0.00257403 -0.00903552 -0.0032947 -0.0145565 -0.00245278 -0.00394451 -0.00652057 -0.00338475 -0.00210784 -0.0048544 -0.00349327 -0.00710509 -0.000161476 -0.00323356 -0.00264898 -0.00125655 -0.000563869 -0.000995305 -0.00160484 -0.000514607 -0.00322851 -0.00296745 -0.00118066 -0.00166175 -0.000647254 -0.0022397 -0.000548757 -0.00588855 0.000243284 -0.000199394 -0.000441093 -0.00175758 -0.00261356 -0.000898946 -0.000673747 0.000705264 3.24459e-05 -0.000345142 -0.0041336 -0.00353914 -0.00172973 -0.00177006 -0.0033897 -0.003738 -0.00211771 -0.000733279 -0.00331698 -0.00158471 -0.00213903 -0.002805 -0.000518613 -0.00281748 -0.00149025 -0.0027788 -0.000975435 -0.00218041 -0.00141335 -0.00230046 -0.00317277 -0.00250578 -0.00330292 -0.00349222 -0.00180859 -0.00268895 -0.00100235 -0.00220626 -0.00308224 -0.00526465 -0.00108708 -0.00363872 -0.00365886 -0.000222792 -0.00126777 -0.000233789 -0.00267005 -0.000302103 -0.00164193 -0.00180845 
-0.00106733 -0.000500797 -0.00163558 0.00193568 -0.00225319 -0.0041206 -0.00661276 -0.00477482 0.00109537 -0.00515214 -0.00218054 0.00237266 -0.00498101 -0.00766571 -0.0113651 -0.000893362 -0.00259411 0.00041795 0.00109274 0.247689 -0.00609305 -0.0038249 -0.0123667 -0.00426817 -0.00501756 -0.00523967 -0.00414888 -0.0089708 -0.00374351 -0.00402955 -0.00603017 -0.010205 -0.00764717 -0.00256943 -0.00366646 -0.00270901 -0.000995403 -0.00282558 -0.00217541 -0.00333241 -0.00306708 0.000946313 0.000129264 -0.00350525 -0.00194143 -0.000855791 -0.0048854 -0.00101846 -0.00120111 -0.00452901 -0.000562472 -0.00202811 -0.00107567 -0.00093525 -0.00188982 -0.000903243 -0.00120209 -0.00204441 -0.00269216 -0.002785 -0.00255899 -0.00311666 -0.00109401 -0.000686674 -0.00216035 -0.000975476 -0.00198983 -0.00147394 -0.000640671 0.000358992 -0.00225143 -0.00145607 -0.000904108 -0.000812503 0.00195953 -0.00285066 -0.00175443 -0.000586379 0.000944063 -0.00344215 -0.00237391 -0.00196352 -0.0025791 0.000853562 -0.00259057 -0.00272852 -0.00389233 -0.00195152 4.70769e-05 -0.0032893 -0.000854759 -0.00360785 -0.00160063 -0.00120958 -0.000330869 -0.000354431 -0.00236993 -0.00272454 -0.00131311 -0.0025756 
-0.00212169 -0.00231477 -0.00141939 -0.0053988 -0.00132922 -0.000878047 -0.00311327 0.00034737 -0.00133742 -0.00273006 -0.00773692 -0.0066609 -0.000762496 -0.00913348 0.00255794 -0.00106603 0.00090351 0.0040111 -0.0114192 -0.00609305 0.246929 -0.011647 -0.00593051 0.00223202 -0.00447094 -0.00333316 -0.00835798 -0.0114109 -0.00828967 -0.00465729 -0.00315945 -0.0010522 -0.00389623 -0.00390788 -0.00187003 -0.00311606 -0.00267498 -0.00654122 -0.0030308 0.00168887 -0.00119418 -0.00192685 -0.00239042 -0.00012863 -0.00234799 -0.00370807 -0.0009247 -0.00191503 -0.00103442 -0.000619717 -0.00349728 -0.00154587 8.2515e-05 -0.00304682 -0.00150309 -0.00546696 -0.00273161 -0.00211242 -0.0020822 -0.0018193 -0.00473531 -0.000763725 -0.00283882 -0.00334706 -0.000599267 0.00125789 -0.00158548 -0.00520081 -0.000587934 -0.00336394 -0.00147467 -0.00113921 -0.00298723 -0.00274471 -0.0024321 -9.14336e-05 -0.00245611 -0.00133984 -0.000525594 -0.00100816 -0.00145291 -0.00411683 -0.000399498 -0.0012675 -0.00211897 -0.00124446 0.000159888 -0.0013788 -0.00252433 0.00121645 -0.000727021 -0.00113375 -0.0015709 -0.00118213 -0.00355228 -0.000129523 -0.00185842 -0.00295461 -0.00102734 -0.00266884 
-0.0014102 -0.00148809 -0.000717957 0.00250399 -0.0019442 -0.00379788 -0.00115247 -0.00261068 -0.00830212 -0.00742162 -0.00345925 -0.00437636 -0.0136367 -0.000239229 -0.00485987 -0.00679542 0.000575727 -0.00157557 -0.0101295 -0.0038249 -0.011647 0.249745 -0.00113647 -0.00781208 0.000485442 -0.00743714 -0.00586093 0.000525043 -0.00345444 0.00370912 -0.00734059 -0.00543721 -0.000703394 -0.000173956 -0.00454306 -0.000211047 -0.00343334 -0.00182081 -0.00165046 -0.00260333 -0.0017497 -0.00264722 -0.00117421 -0.0025529 -0.00151499 -0.00124445 -0.00100516 0.000729492 -0.00292455 -0.00210702 -4.81882e-05 -0.00173424 -0.00239166 -0.00095215 -0.00320034 -0.000491007 -0.00209564 -0.000280558 -0.00243521 -0.00400234 -0.000879965 -0.00241965 -0.00269491 -0.00214048 -0.00103009 -0.00373908 -0.00215944 -0.0023346 0.000494534 -0.00114063 -0.0024261 -0.000956675 -0.00205021 -0.00186511 -0.002267 -0.000724138 -0.00085305 -0.00313109 0.000609628 -0.0040214 -0.00311664 -0.00227304 -0.00528531 -0.0037551 -0.00340721 -0.000877012 -0.00534163 -0.00416092 0.00135963 -8.2651e-05 0.000426282 -0.00320232 -0.00104994 -0.00202047 -0.00217222 -0.00139825 -0.00409803 -0.00157328 0.000562597 -0.00351984 
-0.00266964 -0.00204764 -0.00455853 -0.00435224 -0.00214838 9.90002e-05 -0.00347282 -0.00149901 -0.0057942 -0.00210662 -0.0100847 -0.0097616 -0.000744104 -0.00336229 -0.00754501 -0.0082441 -0.0122967 -0.0079022 0.00257403 -0.0123667 -0.00593051 -0.00113647 0.243997 -0.00316605 0.000157668 0.00106659 0.00128264 -0.00755465 0.00342453 -0.000623025 -0.00411925 0.000638788 -0.00134248 -0.00431613 -0.00382244 0.00180877 -0.00189122 -0.000990144 8.00541e-05 -0.00323444 -0.00106737 -0.0021067 -0.00332825 -0.00394747 -0.00212051 -0.00291869 -0.00243594 -0.00383575 -0.00244373 -0.000281588 0.00042168 -0.00129891 -0.00192653 -0.0017148 -0.000553782 -0.00207993 -0.00368503 -0.00240778 -0.00105761 -0.00184199 -0.000570798 -0.00200308 -0.00253991 -0.00394011 -0.00216136 -0.00259179 -0.00479353 -0.0009427 -0.00067096 -0.00287542 6.45602e-05 -0.00112341 -0.00246011 -0.00154169 -0.00193507 -0.000230661 -0.00483888 -0.0028994 -0.0026426 -0.00333706 -0.00330676 -0.00119903 -0.000759443 -0.00312846 -0.00249021 0.000420078 -0.00232706 -0.00161414 -0.00039488 -0.00345132 -0.00123765 -0.00312279 -0.000373079 -0.00226167 0.000594136 -0.00215628 -0.000707351 -0.00045963 -0.000813899 -0.00259144 
-0.00104386 -0.00289877 -0.00135407 -0.000852355 -0.0047486 0.000150749 -0.00504817 -0.004617 -0.0018226 -0.0023151 -0.00213321 -0.00790088 -0.00337661 -0.00638278 -0.0072305 -0.00269017 -0.00670412 -0.00675845 -0.00903552 -0.00426817 0.00223202 -0.00781208 -0.00316605 0.2448 -0.000865073 -0.00475153 -0.00636226 -0.00484196 -0.00595286 -0.00265211 -0.00361586 -0.00365771 -0.00486798 -0.00289773 -0.00366617 5.38558e-05 -0.00324998 -0.00063089 -0.00167804 -0.00237461 -0.00617946 -0.00252158 -0.00420884 -0.00107496 -0.00250863 -0.00221806 0.00169027 -0.00394036 -0.00244075 -0.00355678 -0.00259155 -0.000490653 -0.00352397 -0.002036 -0.000986542 -0.00168255 -0.00158482 -0.00130735 -0.00171825 0.0006237 -0.00161377 -0.0019122 -0.0014072 -0.00214426 -0.00272282 -0.00392991 -0.00124813 -0.000524075 -0.000596665 -0.00321248 -0.00115981 -0.000595183 -0.001737 -0.00290566 -0.000941451 -0.00325991 -0.00296641 -9.96902e-05 -0.00366097 0.000882887 -0.00123895 -0.00106873 0.000450034 -0.000991538 -0.00104981 -0.00159117 -0.00168185 -0.00091423 -0.00231741 0.000379253 -0.0024018 -0.00154806 -0.000548615 -0.00101109 -0.00207365 -0.00103565 0.000297009 -0.00356434 -0.00202804 -0.00106262 
-0.00162458 -0.00104551 0.000100431 -0.00176068 -0.00293236 -0.000189716 -0.00189471 -0.00280439 -0.00190016 -0.00187677 -0.00375195 -0.00582852 -0.00766271 -0.00904091 -0.00715905 -0.0141312 0.00115137 -0.0025701 -0.0032947 -0.00501756 -0.00447094 0.000485442 0.000157668 -0.000865073 0.248873 -0.00137021 -0.00461901 -0.00166931 -0.00264121 -0.00495627 -0.00476733 -0.00311749 -0.00672667 -0.00115666 -0.00290241 -0.00163376 -0.0016504 -0.000713509 -0.00236141 -0.0054291 -0.00197806 -0.00251477 -0.00149779 -0.00200575 -0.00193738 -0.00188616 -0.00524365 -0.00225321 -0.00253437 -0.00253931 -0.00323271 -0.00300722 -0.000169654 -0.00181661 -0.00129493 -0.00433401 -0.00158621 -0.00311891 -0.0017966 -0.00324897 -0.00491436 -0.00138902 -0.00341016 0.000700232 0.00116245 -0.00107079 -0.00203703 -0.00178186 -0.00194192 -0.00308805 -0.00303542 -0.00195584 -0.000871846 -0.00274286 -0.00209527 -0.0021891 -0.000352256 -0.00547897 -0.00123817 0.000163407 -0.00324747 -0.00247576 -0.00204285 -0.00195251 -0.00264104 -0.00147258 -0.00115456 0.000198705 -0.00221453 0.00029395 -3.63538e-05 -0.000793978 -0.00433501 -0.00265721 -0.00199154 -0.000912263 -0.00198747 -0.0020819 -0.00481314 -0.00335042 
0.000854097 -0.000584616 -0.00344867 -0.00141478 -0.00384311 -0.00181439 -0.00200247 -0.00452731 -3.70745e-05 -0.0037429 -0.00676472 -0.00421002 -0.00773836 -0.00652039 -0.00569151 -0.00458537 -0.00151164 -0.0150037 -0.0145565 -0.00523967 -0.00333316 -0.00743714 0.00106659 -0.00475153 -0.00137021 0.232187 -0.00166707 0.00191757 -0.000582887 -0.00400825 -0.00138285 0.00101816 -0.00397321 -0.00290195 -0.00307678 -0.000342393 -0.00201629 -0.00370507 -0.00182424 -0.00092603 -0.00253353 -0.00411755 0.000362809 -0.00107865 9.89298e-05 -0.0042674 -0.00145363 -0.00128933 -0.00342896 0.000756503 -0.000910088 -0.00117345 -0.00136742 -0.00177117 -0.00317116 -0.00229875 0.000304413 -0.00216251 -0.000400242 -0.000566347 -0.000446982 0.00227157 -0.00344249 -0.00164372 -0.00110023 -0.0033054 -0.00203544 -0.00213571 -0.00404378 -0.00166299 -0.00172962 -0.00359655 -0.00259662 0.000243446 8.85559e-06 -0.00305827 -0.00348 -0.00262098 -0.000237186 -0.00279986 -0.000833604 -0.00229885 -0.00184273 -0.00154958 0.000666549 -0.00141141 8.51624e-07 -0.00269114 -0.00150107 -0.00248537 -0.00224524 0.000110505 -0.00312251 -0.00188533 1.7088e-05 -0.00301645 -0.00148786 -0.00298131 -0.00256531 -0.00150522 
-0.00332981 -0.000155309 -0.00334965 -0.00199338 -0.00161565 0.000225558 -0.00440109 -0.0032399 -0.00350412 -0.00158002 -0.00428459 -0.00172647 -0.00531755 0.0019355 -0.00822055 -0.00787516 -0.0121814 -0.00480773 -0.00245278 -0.00414888 -0.00835798 -0.00586093 0.00128264 -0.00636226 -0.00461901 -0.00166707 0.224681 -0.00905783 -0.00447283 -0.00420108 -0.00155664 -0.00245907 -0.00339173 -0.00257311 -0.000187561 -0.00168593 -0.000914559 -0.000230909 -0.00267062 -0.00276695 -0.000784447 -0.00270024 -0.00254162 -0.00210771 -0.00245111 -0.00340844 -0.00179082 -0.00245971 -0.0013459 -0.00201211 -0.000938682 0.000202716 -0.000503304 -0.00188666 -0.00152478 0.000232347 0.000385507 -0.00178832 -0.000932566 -0.0025587 0.000385933 -0.00278141 0.00309169 0.00237635 -0.00232129 -0.00275481 -0.00421631 -0.00147283 -0.00197243 -0.00251561 -0.000996892 -0.00170604 -0.00236288 -0.000745433 -0.000308747 -0.00163421 -0.0017422 -0.00120591 -0.00150061 -0.0018623 -0.00157284 -6.2164e-05 -0.00226835 -0.00300044 -0.00158622 -0.00160921 -0.00400771 -0.000430004 0.00102124 -0.00158487 -0.00714619 -0.00266529 -0.000629365 -0.00169441 -0.000336933 -0.00203031 -0.00186217 -0.000659528 -0.000731326 -0.000887751 
-0.00158043 -6.96171e-05 -0.00207862 -0.00327099 -0.00207965 -0.00141316 0.000505372 -0.000842737 -0.00496374 -0.00153266 -0.00266245 -0.00269772 -0.00537968 -0.00267396 -0.00131214 -0.000661894 -0.00340989 -0.0122477 -0.00394451 -0.0089708 -0.0114109 0.000525043 -0.00755465 -0.00484196 -0.00166931 0.00191757 -0.00905783 0.200298 -0.00315022 -0.00121613 -0.00477497 -0.000868133 0.000277345 -0.00237655 -0.00135188 -0.00285675 -0.00405669 -0.00142589 -0.00154654 -0.000666558 -0.00206801 -0.00209685 0.00080836 -9.98428e-05 -0.00146487 -0.000703539 -0.000572963 -0.00104183 -0.000560794 -0.000614316 -0.00168849 -0.0020215 -0.00079919 -0.0016858 0.000359549 0.000385259 -0.0016822 -0.000644463 -0.00104734 -0.00222869 -0.00065564 -0.000621989 -0.00175665 -0.00301653 -0.000387269 -0.00217004 -0.00163033 -0.00142974 -0.00296794 -9.87006e-05 -0.00116564 -0.00311412 -0.000938025 -0.00171415 -0.00210611 -0.0026007 -0.0020216 -0.00128578 -0.00183213 -0.0021991 -0.0007987 -0.000112353 -0.00264895 -9.57984e-05 -0.000700804 -0.00204818 0.000618175 -0.00178565 -0.00032495 -0.00232962 -0.00339045 -0.000376805 -0.00282322 -0.00245887 -0.001869 -0.00112347 -0.00187426 -0.00261672 -0.00132782 -0.00163908 
-0.000864839 -0.00222814 -0.00310674 -0.000717816 -0.00254985 -0.00184362 0.000185143 -0.00382426 -0.000679256 -0.00243805 -0.00492056 -0.000441261 -0.00700126 -0.00784273 -0.00773278 -0.000623359 -0.007677 -0.00438495 -0.00652057 -0.00374351 -0.00828967 -0.00345444 0.00342453 -0.00595286 -0.00264121 -0.000582887 -0.00447283 -0.00315022 0.184235 -0.00354358 0.00174679 -0.00329477 -0.00112921 -0.00186938 -0.00201991 -0.00154032 -0.000919445 -0.00191265 -0.00134348 -0.00115226 0.000192481 -0.00149437 -0.0010176 -0.00317575 -0.000601234 -0.00166179 -0.0015311 -0.00118606 -0.000689317 -0.000884044 -0.000256179 -0.00147813 -0.00153914 -0.00206592 -7.33476e-06 -0.00194499 -0.00107054 -0.00177887 -0.000438186 -0.00143944 -0.0012529 -0.000264467 -0.00214092 -0.000643579 -0.00258479 -0.00199175 -0.000579717 -0.000426979 -0.000700199 -0.000481077 -0.00108958 -0.00278161 -0.00351489 -0.00236968 -0.00218323 -0.00262236 -0.00136871 -0.00246127 -7.8778e-05 0.000221285 -9.58306e-05 -0.000249426 5.33868e-05 0.000600282 -0.000765275 -0.00114208 -0.00214824 -0.00115333 -0.00230697 -0.0032999 -0.000182855 8.16123e-05 -0.00033974 -0.00255942 -0.000760195 -0.00380854 -0.00194635 0.00134757 -0.00102744 -9.63852e-05 
-0.00179878 -0.000386874 -0.00120179 -0.000295242 -0.00153708 -0.00240446 -0.000244358 -0.0029536 -0.00451793 -0.00280545 -0.00080603 -0.00398951 -0.00453703 -0.00749127 -0.00262392 -0.00595275 -0.00517842 -0.00787378 -0.00338475 -0.00402955 -0.00465729 0.00370912 -0.000623025 -0.00265211 -0.00495627 -0.00400825 -0.00420108 -0.00121613 -0.00354358 0.150449 0.000351234 0.00101851 -0.000493014 0.00216495 -0.000185804 -0.00261325 -0.000698425 -0.00132364 -0.000193801 -0.00229011 -0.00114845 -0.00164349 -0.00157057 -0.000494492 -0.000421501 -0.00077837 -0.00183696 0.000291561 -0.000852633 -0.00188555 -0.000889477 0.000110776 -0.00126685 -0.000760706 -0.00116678 -0.000862871 -0.00189105 -0.000556042 -0.000686822 -0.00113639 -0.00195933 -0.000329722 -0.00211401 -0.000732507 4.49766e-05 -0.000988803 -0.00160622 -0.0020634 -0.00167467 -0.000228471 -0.00145045 0.000592053 -0.00127967 -0.00138439 -0.00125735 -0.00097883 -0.000270631 0.000155431 -0.00166297 -0.00155852 -0.00030546 -0.000244709 -0.00185253 2.06155e-05 -0.000495741 -0.000448553 -0.00188539 -0.000844608 -0.00120133 -0.0013416 -0.000830716 -0.0014044 -0.00102878 -0.000917338 -0.000441415 -0.00199175 -0.000224932 -0.00157695 -0.00151339 -0.00130165 
0.00017065 -0.00226939 -0.0019696 0.000174397 -0.00153557 -0.00122861 -0.00211601 -0.000134246 -0.000879409 0.000540289 -0.00545244 -0.00572859 -0.0067641 -0.00348429 -0.000627025 -0.00142048 -0.00425249 0.000238942 -0.00210784 -0.00603017 -0.00315945 -0.00734059 -0.00411925 -0.00361586 -0.00476733 -0.00138285 -0.00155664 -0.00477497 0.00174679 0.000351234 0.128798 -0.000260509 -0.000797119 0.00034616 -0.000622451 -0.000173153 -0.0010601 -0.000357603 -0.000906235 -0.00137472 -0.00024875 -0.000679084 -0.000363423 -0.00100687 0.000313001 -0.00070928 -0.00125807 -0.00158232 -0.00118179 -0.00100147 -0.0016842 -0.00111144 -0.000248901 0.000105388 -0.000579991 0.000463241 -0.00106918 -0.00124337 -0.00131904 0.00117503 -0.000300084 -0.00065649 -0.00117871 -0.00137128 -0.00069519 -0.00126847 9.69107e-05 -0.00154897 -0.00014782 -0.000157895 -0.000255908 2.49129e-05 -0.000760266 -0.000870779 -0.000560032 -0.00126295 -0.000985277 -0.0015845 -0.0013379 -0.000469387 -0.00116287 -0.00140903 -0.0012531 0.00061219 -0.00051104 -0.001137 -0.00298076 -0.00063172 -0.00158744 -0.00236564 -0.0019165 -0.00115172 -0.00141436 0.000332744 -1.66735e-05 -0.000700713 -0.00121977 -0.00157878 -0.00213593 0.00065112 
-0.000717945 -0.00140283 -0.000199894 -0.000557069 -0.000500758 -0.000555113 -0.00112794 -0.0020372 -0.00135622 -0.0010667 -0.000636044 -0.00331379 -0.00229851 -0.00296669 -0.00236763 -0.00225194 -0.00356903 -0.00556671 -0.0048544 -0.010205 -0.0010522 -0.00543721 0.000638788 -0.00365771 -0.00311749 0.00101816 -0.00245907 -0.000868133 -0.00329477 0.00101851 -0.000260509 0.113622 6.61812e-05 -2.17072e-06 -0.000286699 0.00102598 -0.000471711 -0.000930101 0.00021622 -0.000719808 -0.000943601 -0.00087089 -0.00162916 -0.000852284 0.000206765 -0.00172117 -2.78115e-05 -0.000645024 -0.000389777 -7.58891e-05 -0.00194542 -0.0014279 -0.0010416 -0.000660479 -3.05291e-05 -0.000411549 0.00040519 -0.00115034 -0.00063606 -0.000767591 -0.000801603 -0.00126116 -0.000851449 -0.000219181 -0.000736907 3.21636e-05 -0.000484315 -0.00120758 -0.00130909 -0.00146438 -0.000192906 -0.00114952 -0.000639096 -0.000416884 -0.0016587 -0.00180531 -0.000639742 -0.000352927 -0.0020099 -0.000625122 -5.13436e-05 -0.00063566 -0.00100696 0.000259702 -0.000116618 1.32845e-05 -0.000940003 -0.00116271 -0.00185822 -0.000190451 -0.000481452 -0.00115489 -0.00085242 -0.0001936 -0.000709491 -0.000755395 -0.00151862 -0.00104578 -0.00142302 -0.00126474 
-0.000719028 -0.000660305 4.70392e-05 -0.00147964 -0.00128249 -0.00135374 -0.00231195 -0.000623536 -0.000482438 8.60772e-05 -4.35484e-06 -0.00280818 -0.000293285 -0.00297956 3.50852e-05 0.00156369 -0.00456175 -0.00294946 -0.00349327 -0.00764717 -0.00389623 -0.000703394 -0.00134248 -0.00486798 -0.00672667 -0.00397321 -0.00339173 0.000277345 -0.00112921 -0.000493014 -0.000797119 6.61812e-05 0.115336 -9.36151e-05 -0.000688097 -0.00114361 -0.000143014 -0.00106997 0.000172671 -0.0014113 -0.00150206 -0.000788951 -0.000577417 0.000174838 -0.000999119 -0.00102204 -0.00146226 -0.00103547 -7.9571e-05 -0.00123256 -0.000835623 -0.000400027 -0.000842937 -0.000818447 -0.0013619 -0.000263736 -0.00169802 -0.000211059 -0.00165499 -0.00190593 -0.000821629 -0.000541078 -0.00100126 -0.000849109 -0.00126176 -0.000879022 -0.00170855 -0.000649031 -0.00077655 7.71434e-05 -0.00141041 0.000112991 -0.000680258 -0.000835325 -0.000322493 -0.000894453 -0.000742506 -0.00161315 -0.000601945 -0.00102977 -0.000144205 -0.000366215 -0.00131192 -0.000939233 -0.000474418 -0.000824241 -0.000890256 -0.00130047 -0.000949302 -0.00103252 -0.000880067 -0.000389395 -0.000431622 -0.00213314 -0.00153475 -0.000713728 0.000828261 -0.000107814 -0.00226451 -0.00125863 
