0.0692945 -0.000493843 -0.00028616 -0.000777218 -0.000222292 -0.000418193 -0.000470197 8.57692e-06 -0.000550091 -0.00137501 0.000163603 -0.00203479 -0.00258778 -0.00146553 -0.00349505 -0.00253708 -0.00333116 -0.00181478 -0.00211145 -0.00322301 -0.00309417 -0.00100685 -0.00139737 -0.0030648 0.000188215 -0.000660244 -0.000635379 0.00107382 -0.00194828 -0.00152663 -0.00236425 -0.00111818 -0.00154922 -0.000155575 -0.00101368 -0.00120261 -1.04438e-05 -0.000577565 -0.000874034 -0.000189444 -0.000432184 -0.000550734 -0.000460278 -0.000466084 -0.000919962 0.000153112 -0.000463959 -0.000492494 0.000309656 -0.00151377 0.000214785 -0.000671633 -0.0008015 -0.000270016 -0.00103905 -0.000253153 -0.00031376 -0.000411085 -0.000194042 0.000135102 -0.00019912 -5.08737e-05 -0.000804532 -0.000489831 0.000194478 -0.00062043 -0.000630031 -0.000166581 -0.000401182 -0.000502511 0.000140569 -0.000508979 -0.00025825 -0.0008938 -0.000121793 0.000106017 -0.000350535 -0.000398268 -0.000454008 -0.000529532 -0.000622846 -0.000559944 0.000485449 -0.000455435 -0.000267348 0.000243901 -0.000582132 -0.000285376 -0.00112618 0.000121108 -0.000303592 -9.77207e-05 -0.000594429 -0.000251144 -3.61784e-05 2.38964e-06 -0.000451281 -0.00050967 -0.000239192 -0.000236494 
-0.000493843 0.0942811 -0.00042552 0.000607461 -0.00113979 0.000680339 0.00017578 -0.00167891 -0.000589774 -0.000115385 -0.00244008 -0.00340766 -0.0011326 -0.00246216 -0.00210099 -0.00140501 -0.00270165 -0.00270603 0.000305516 -0.00405706 -0.000744262 -0.000388663 -0.00216249 -0.00346884 -0.000225363 -0.00244505 -0.00198546 -0.00253033 -0.00377957 -0.00103289 -0.00238153 -0.00352466 -0.00165044 -0.00108164 -0.00168058 -0.000352101 -0.000559634 -0.00118307 -0.000700315 -0.00129539 -0.000314795 -0.000885605 -0.000598768 -0.000475801 -0.00121281 -0.00117887 0.00061954 -0.000682366 -0.00108781 -0.000737618 -0.000960109 -0.000666687 -0.000151383 -0.00073539 0.000218712 -7.34318e-05 -0.000955336 -0.00174537 -0.00206971 -0.000507999 -0.000784142 2.06532e-05 -6.4053e-05 -0.000522071 0.000328046 -0.00117651 -0.000346692 -0.000472399 -0.000996661 -0.000308145 -0.000357306 -7.28437e-05 -0.000134257 -9.20953e-05 -0.00103976 -0.00018818 -0.000776192 -0.000288665 0.000302743 -0.00107353 -0.00164407 -0.000359528 4.22426e-05 0.000209403 -0.000732051 -0.00141841 -0.00129248 -0.00146422 -0.00111471 -0.00127107 -0.00112207 8.83534e-05 -0.000364645 -0.00109327 -0.000469774 -0.000705274 3.04566e-05 -0.000178909 -0.00124203 0.000324294 
-0.00028616 -0.00042552 0.0828715 -0.000282903 -0.0012882 -0.00108607 -0.00012634 -0.00100022 -0.00129568 -0.00230222 9.70326e-05 -0.00190555 -0.00104748 -0.00155073 -0.00119861 -0.000575212 -0.00142991 8.03244e-05 -0.00157681 -0.00223796 -0.00200706 -0.00305317 -0.00287607 -0.000436236 -0.00266249 -0.00144818 -0.00299355 -0.00359091 -0.00281368 -0.00137299 -0.000878749 -0.000134327 -0.000618347 -0.00156835 -0.00149691 -0.00164944 -0.000859768 -0.000799472 -0.0009667 -0.000511877 6.98446e-05 -0.000766868 -0.000766117 -0.000570081 -0.000336761 -0.00102133 -0.000396617 6.48192e-05 -0.000379201 -0.000367233 -0.000859253 0.000235231 -0.000693763 -0.00102383 -0.000141956 -0.000594411 1.21084e-05 -0.000545577 -0.000902 -0.00105581 -0.000904852 -0.000247988 -0.000962765 0.000189526 -0.00075285 -0.0013462 -0.000831901 -0.00101787 -0.000171437 -0.000598932 -0.000733737 -0.000195537 -0.00104541 2.428e-05 0.00025105 -0.000514408 -0.000750005 -0.00128806 0.000115272 -0.000703696 -9.3042e-06 -0.000329234 -0.000605694 -9.10095e-05 -0.000215084 -0.000282112 0.000120512 -0.000484178 -0.000778525 -0.00030252 -0.00048567 -0.000944776 -0.0002911 -0.000300836 -0.000411485 -0.0014335 -0.00010025 -0.00155709 -0.000365567 -0.000303277 
-0.000777218 0.000607461 -0.000282903 0.094481 -0.00106841 -0.000943186 -0.00033444 -0.00166379 -0.000229193 -0.001247 0.000173637 -0.00151433 -0.00213409 0.000632487 7.87717e-05 -0.00210918 -0.00310516 -0.00340481 0.0028373 -0.00298242 -0.0035904 -0.000348687 -0.00315916 0.000351171 -0.00333033 -0.00189304 -0.0030455 -0.000738362 -0.00271088 -0.00331153 -0.00260881 -0.00270891 -0.00148159 -0.00203041 0.001262 -0.00115449 -0.00161376 -0.00152699 -0.000582016 -0.00111537 -0.000708896 -0.00046049 -0.000359232 -0.00094559 -0.000545837 6.52129e-05 -0.00103555 0.000462911 -4.27544e-05 -0.00139534 -0.000367267 -0.000885871 -0.000240487 -0.000602278 -0.00119543 -0.00161361 -0.000490896 -0.0020159 -0.000420926 -0.00146405 -0.000691937 -0.000108849 -0.00038826 -3.34872e-05 0.000126086 0.000566951 0.000264207 -0.000310526 -0.00205542 -0.00125396 -0.000993527 -0.000636856 -0.000778578 -0.000593305 5.20015e-05 -0.00028661 -0.00148123 -0.00102681 -0.00115821 -0.000742743 -0.000592244 -0.00125059 -0.0004259 -0.000645425 -0.000483627 -8.97579e-05 -0.000236874 -0.00127618 -0.000108581 -0.00122751 -0.000873513 -0.00145859 -0.00111797 -0.000849122 -0.00115568 -0.000274842 -0.00141847 -0.00145218 -0.000503824 -0.000443208 
-0.000222292 -0.00113979 -0.0012882 -0.00106841 0.0977733 -0.00141931 -0.000983087 -0.000308813 -4.98598e-05 0.000340775 -0.00257497 -0.000844403 -0.00431646 -0.00305269 -0.00265049 -0.00232785 -0.000259517 -0.0025962 -0.00179001 -0.00289394 -0.00200201 -8.21962e-05 -0.00242767 -0.00205582 -0.00157633 0.000715936 -0.0038653 -0.0027868 -0.00257749 -0.00335859 -0.00304504 -0.000831576 -0.00158168 0.000168228 -0.00177017 -0.000880613 -0.000396837 -0.000943714 -0.00177488 -0.00117828 -0.00104296 -0.000583395 -0.000235292 -1.32183e-06 -3.93161e-05 -0.00088347 0.000583738 8.10943e-06 -0.000450273 -0.00114357 -0.00187296 -0.000623951 -0.000841141 -0.000583239 -0.000539945 5.65797e-05 -0.00106328 0.000143177 -0.000455669 -0.00151109 0.000260351 -0.00101847 -0.00123839 -0.000421794 -0.000703131 0.00101053 -0.000967927 -0.00067487 -0.00114925 -0.000341668 -0.000768362 -0.00103758 -0.00033754 -0.000492822 -0.000617799 2.84329e-05 -0.000712656 -0.00141058 -0.000908097 -0.000124162 -0.00061723 -0.000790835 -0.00145111 -0.000826237 -0.00113166 -0.000472564 -0.000367408 -0.00121204 -0.000315931 -0.000116948 -0.000389201 -0.00155907 8.0919e-06 -0.000736195 -0.000129113 -0.0011542 -0.000767966 -0.000104586 -0.001035 -0.000202704 
-0.000418193 0.000680339 -0.00108607 -0.000943186 -0.00141931 0.104737 -0.000284472 0.000828774 0.000770762 -0.000176512 0.000364624 -0.000860902 -0.00174774 0.00031237 -0.00482284 -0.00342597 -6.20377e-05 -0.00214744 -0.00483561 -0.00207569 -0.00449567 -0.00164797 -0.00268705 -0.000993427 -0.00254815 -0.00422587 0.000653667 -0.0020154 -0.000913871 -0.0017149 -0.00249367 -0.00245437 -0.0012227 -0.00195466 -0.00126479 -0.00216898 -0.000189804 -0.00136558 -0.000901476 -0.00038033 -0.000288272 -0.000873873 -0.0016261 -0.00121447 -0.00190427 -0.00131413 -0.000986037 -0.000993445 -0.00135665 -0.000437777 -0.000679482 -0.000274113 -0.000445924 0.000191602 -0.000600849 -0.000336838 -0.000362079 -0.00142912 -0.00115394 -0.000767561 -0.00111869 -0.00160411 -0.000850962 -0.000746054 -0.0013842 -0.0018517 -0.00148192 -0.000278015 -0.000466533 -0.000518507 -0.000309266 -0.00031832 -0.000176413 -0.000362683 -0.00100604 -0.000332341 -0.000638962 -0.000856102 -0.0008678 -0.000957451 -0.000821165 -0.00172219 -0.00147554 -0.000177993 -0.000869186 -0.00107224 -0.00126876 -0.00010057 -0.00160534 -0.000519345 -0.000979102 -0.000869503 -0.000801634 -0.000950199 0.000758772 -0.000713058 -0.00125097 0.000389484 -0.00063258 -0.000742596 
-0.000470197 0.00017578 -0.00012634 -0.00033444 -0.000983087 -0.000284472 0.0908424 -0.000562458 -0.000901996 -0.000295473 0.000570107 -0.000666936 -0.00205624 -0.00286033 -0.00358147 -0.00256324 -0.00360864 -0.00250892 -0.0012732 -0.00227482 -0.00312354 -0.00284102 -0.00200491 -0.00442966 7.62802e-05 -0.000676584 -0.00252142 -0.000400625 -0.00149473 -0.00142056 -0.00118204 -0.00166818 0.000264126 8.92237e-06 -0.000739056 -0.000772276 -0.00113974 -0.000442119 -0.000926639 -0.000354808 -0.000231119 -0.000310442 -6.46625e-05 -0.000880293 -0.000965332 0.000472774 -0.00126534 -0.00103173 -0.000925314 -0.000169986 -0.000912133 -0.000209359 0.000144459 -0.000710136 -0.000297371 -0.000937126 -0.000101169 -0.00138536 -0.00199605 -0.000483931 -5.82098e-06 -0.00144097 -0.000152321 -0.000224502 -0.00121662 -0.00060744 -0.000207624 -0.00218791 -0.000405877 -0.000955225 -0.000547115 -0.000287442 -0.000334611 -0.00036948 -0.00143772 -0.00105797 -0.00098929 -0.00116282 -0.000771893 1.82937e-05 -0.000584765 -0.000609857 -0.00154291 -0.00034875 -0.000530434 -0.000357175 -0.000900996 -0.000480503 -0.00037079 8.24478e-05 -0.00078541 -0.000863994 -0.000659446 -0.000807382 -0.00146054 -0.000439909 -0.000712003 -0.000133575 -0.00170298 -0.000634471 
8.57692e-06 -0.00167891 -0.00100022 -0.00166379 -0.000308813 0.000828774 -0.000562458 0.112117 -0.000534494 -0.000218833 -0.0011639 0.000224034 -0.000261478 -0.00197747 -0.00344077 -0.00502979 -0.00353625 -0.00295211 0.00077929 -0.0005817 -0.00393703 -0.00373282 -0.00256514 -0.00236004 -0.00360359 -0.00498556 -0.00235678 -0.00318568 -0.00141638 0.000870968 -0.00198844 -0.000792092 -0.00290515 -0.00103029 -0.00184348 -0.00170407 -0.000435579 -0.00202137 -0.00132313 -0.000237375 -0.000669116 -0.000217813 -0.000624604 0.000311907 -0.000425246 -0.000968666 -0.00116999 -0.000608581 -0.00152188 -0.00145176 -0.00130896 -0.00120261 0.000254 -0.000273613 -0.000570693 4.66787e-05 -0.000170448 -0.000228011 -0.00163621 -0.00140057 -0.000888131 -0.00175949 -0.000244071 0.0002645 -0.000750199 -0.0012985 -0.00114223 -0.00196086 -0.00120779 -0.000333217 -0.00082886 -0.000531662 -0.000154172 -0.00109318 -0.000750632 -0.000867129 -0.00189431 -0.000304915 -0.00184326 -0.000881465 -0.000848205 -0.000835411 -0.000979329 -0.000788952 -0.000670716 -0.00128199 -0.00142403 0.000169052 -0.00086804 -0.000532772 -0.00119542 -0.000130442 -0.0010706 -0.000898532 -0.00104724 -0.00112982 -0.000674427 -0.000316271 -0.000687669 2.2884e-05 
-0.000550091 -0.000589774 -0.00129568 -0.000229193 -4.98598e-05 0.000770762 -0.000901996 -0.000534494 0.13658 0.00163257 -0.000131243 -0.000198252 -0.00218672 -0.00407167 -0.00394173 -0.00386045 -0.00947148 -0.00417887 -0.00336918 -0.00494166 -0.00715087 -0.0021318 -0.00145991 -0.000697633 -0.00409469 -0.00230448 -0.00171219 -0.000521981 0.00106704 -0.00190054 -0.00356648 8.7397e-06 -3.30439e-05 -0.00045224 -0.00182658 -0.00116809 -0.000362058 0.00026215 -0.00250594 0.000345212 -0.000708056 -0.000825063 -0.000974453 -0.000357937 -0.000651216 -0.0023091 -0.000121771 -0.00118038 -0.00105562 -0.00162552 -0.000376819 -0.00050073 -0.000686847 -0.000705563 -0.000896716 -0.00136442 -0.00082239 -0.00256044 -0.00101084 -0.00034771 -0.00102738 -0.000723489 -0.000501664 -0.00101498 -0.00134431 -0.00253489 -0.00217303 -0.00206533 -0.002118 -0.00143226 -0.00242185 -0.000863919 -0.00123 -0.000235766 -0.00124975 -0.00101249 -0.00120446 1.20648e-05 -0.00122997 -0.00205751 -0.00296467 -0.00216767 -0.000844935 -0.000459862 -0.000478583 -0.0013108 -0.00166192 -0.00200934 -0.00181768 1.45798e-05 -0.000733288 -0.00102347 -0.00127936 -0.000754689 -0.000318381 7.82955e-05 -0.0018867 -0.000766181 -0.00106824 -0.00131217 
-0.00137501 -0.000115385 -0.00230222 -0.001247 0.000340775 -0.000176512 -0.000295473 -0.000218833 0.00163257 0.137693 -0.000967913 0.000773453 -0.00791808 -0.00175784 -0.00120455 -0.0052135 -0.00121126 -0.00788709 -0.00215513 0.00191772 -0.00154263 -0.00570131 -0.00539247 -0.00554393 -0.00495258 -0.00505168 -0.00315177 -0.00554631 -0.00484769 -0.000976595 -0.000819262 -0.000133279 -0.00138722 -0.00248121 -0.000264569 -0.000663448 -0.00164408 -0.00161129 -0.00130715 -3.82763e-05 -0.00126504 -0.000853025 -0.000966702 -0.00158327 -0.000712129 -0.000239437 0.000711222 -0.0009516 -0.00238816 -0.00120498 -0.000890743 -0.000749704 -0.000607026 -0.00043109 -0.000100509 -0.000693103 -0.000721483 -0.000825943 -0.00187024 -0.00129072 -0.00165631 -0.000898543 -0.00153758 0.000315007 -0.00124711 -0.000546881 0.00029505 -3.84416e-05 -0.00149486 -0.000812859 -0.00121065 -0.00101379 -0.000843134 -0.00205171 -0.00103399 -0.000502387 -0.000714604 -0.00112737 -0.000517188 -0.000168428 0.000191924 -0.000448241 -0.000460013 -0.00176103 0.000186475 -0.000249575 -0.00160466 -2.82959e-05 -0.00146452 -0.00112877 -0.0011475 -0.00305369 -0.00129882 -0.00108167 -0.000718752 -0.00197937 -0.0014516 -0.00192424 -0.000329368 -0.00106373 
0.000163603 -0.00244008 9.70326e-05 0.000173637 -0.00257497 0.000364624 0.000570107 -0.0011639 -0.000131243 -0.000967913 0.138033 0.00134046 -0.00250106 -0.00316633 -0.000826147 0.00154278 -0.0058712 -0.000563382 -0.00480765 -0.00470305 -0.00547889 -0.0021935 -0.0101054 -0.0051563 -0.00377094 -0.00255212 -0.00258653 -0.00194479 -0.00532312 -0.0016539 -0.00520235 -0.000697631 -0.000885139 -0.00221357 -0.000822394 -0.00265124 -0.00172749 -0.00156708 -0.00176064 -0.000959177 0.000303982 -0.000456576 -0.00225836 5.19728e-05 -0.00118332 -0.000521846 -0.00164255 -0.00148783 -0.000677812 -0.00116292 -0.000779312 -0.000432463 -0.00192447 -0.000873032 -0.0014136 -0.00116223 -0.000135456 -0.00195678 -0.00150542 0.000593814 -0.000790764 -0.000580007 -0.000434007 -0.00146064 -0.000602427 -0.00271414 0.00012759 -0.00221068 -0.00306262 9.23074e-05 -0.000131114 -0.000569798 -0.00112687 -0.00118025 -0.00103255 0.000951889 -0.00161627 -0.00110092 -0.00144138 -0.00157593 -0.00103897 -0.00084843 -0.000609747 -8.36647e-06 -0.000583098 -0.00128672 -0.00194939 -0.00150553 -0.000324779 -0.00161803 -0.00093706 -0.000396634 -0.00111497 -0.000398794 -0.000774573 0.000455465 -0.00153774 -0.000216951 0.000453688 7.63651e-06 
-0.00203479 -0.00340766 -0.00190555 -0.00151433 -0.000844403 -0.000860902 -0.000666936 0.000224034 -0.000198252 0.000773453 0.00134046 0.15996 -0.00522008 0.00128108 -0.00222069 -0.00161207 -0.00140532 -0.00707015 -0.00212238 -0.00326164 -0.00174144 -0.00478288 -0.00624576 -0.00464714 -0.00831378 -0.00502304 -0.00368737 -0.00782425 -0.00235441 -0.00111073 -0.00297979 -0.00242132 -0.00297766 -0.00274361 -0.00213908 -0.000803122 -0.00114378 -0.00259609 -0.00202388 0.000475625 -0.000670827 0.00093103 -0.00122374 -0.000704832 -0.000953533 -0.00158655 -0.000480545 -0.00225877 -4.78075e-05 -0.00258396 -0.00123891 -0.00180652 -0.000415774 -0.00046725 -0.00040577 -0.00199532 -0.00167101 0.000405941 -0.000647309 -0.000896269 -0.000709466 -0.00190083 -0.00180491 -0.00129432 -1.23758e-05 -0.000410557 -0.000400207 -0.000670125 -0.00229245 4.60783e-05 -0.00241277 -0.000198082 -0.000733492 -0.00133151 4.39438e-05 -0.0019325 -0.00151411 -0.00233164 -0.00115066 -0.00216334 -0.00211293 -0.000608122 -0.00256355 -0.000605703 -0.00110249 -0.000780275 -0.000831067 -0.00205445 -0.00119778 -0.000605815 -0.0010037 0.000145949 -0.000235625 -0.00335753 -0.000300956 -0.00146881 -0.00228108 0.000246769 -0.00110584 -0.00043621 
-0.00258778 -0.0011326 -0.00104748 -0.00213409 -0.00431646 -0.00174774 -0.00205624 -0.000261478 -0.00218672 -0.00791808 -0.00250106 -0.00522008 0.19828 -0.00533803 -0.00816727 -0.00202827 0.00183244 -0.00361295 -0.00920458 -0.000669226 -0.000955488 -0.0041263 -0.00710561 -0.00245649 -0.0074622 -0.00116571 -0.00458631 -0.00775899 -0.0022086 -0.00169416 -0.00277203 -0.0040857 -0.00198913 0.000749086 -0.00353315 -0.00285367 -0.00202309 0.000580951 -0.00225628 -0.00197027 -0.000857388 -0.00324182 -0.00146068 -0.00123324 -0.00159873 -0.000506407 -0.00100393 0.00102159 -0.000647666 -0.00219644 -0.00159337 0.000164019 -0.000199308 -0.00227642 -0.000703558 -0.00172906 -0.000468494 -0.00101936 -0.00266582 -0.00186097 -0.00119692 -0.00103048 -0.0027597 -0.00253017 -0.00138542 -0.00180846 -0.00101355 -0.00174298 -0.00236565 -0.00122352 0.000389843 -0.00206066 -0.00195465 -0.00229072 -0.00232641 -0.00011551 -0.00186405 -0.000588128 0.00114128 -0.00189702 -0.00175355 -0.00104397 6.13884e-05 -0.000317499 -0.0015379 -0.00189218 -0.00119257 -0.00108928 -0.00207635 -0.00121744 -0.00122858 -0.00210283 -0.00161256 -0.00190252 -0.000192674 -0.00200918 -0.00229475 5.77731e-05 -0.000588506 -0.00167575 
-0.00146553 -0.00246216 -0.00155073 0.000632487 -0.00305269 0.00031237 -0.00286033 -0.00197747 -0.00407167 -0.00175784 -0.00316633 0.00128108 -0.00533803 0.218071 0.000162893 -0.00691047 -0.00147006 -0.00791869 -0.00376484 -0.00826441 -0.0117093 -0.00239628 -0.00868337 0.000681502 -0.00624993 -0.00359626 0.000614316 -0.00265459 -0.0067807 -0.00638417 -0.00659737 -0.00161105 -0.00645249 -0.000371902 0.000649935 -0.00434145 0.00126542 -0.0018799 -0.000713722 -0.00126582 -0.000344167 -0.00106069 -0.0021182 -0.00257191 -0.00266969 -0.000862925 -0.0033639 -0.00249799 -0.00385503 -0.00105171 -0.000489931 -0.00108222 -0.000243879 0.000758499 -0.00139337 -0.00162943 -0.00112808 -0.000391604 -0.00285879 -0.0010072 -0.00162472 -0.00204923 -0.00199295 -0.00124413 -0.00129054 0.000375501 -0.00196387 0.0002101 -0.00106954 -0.0011084 -0.000578593 -0.000271646 -0.00177954 -0.00551364 0.000970846 -0.00144153 -0.00398617 -0.000912686 -0.00373339 -0.00101174 -0.00188039 0.000524581 -0.000553768 -0.00295211 -0.00361714 -0.00314747 -0.00279171 -0.00135293 -0.00199274 -0.000485765 -0.00169933 -0.00214487 -0.00157882 -0.000249088 -0.00286383 0.00056817 -0.00154894 -0.00213065 -0.00340011 -0.002776 
-0.00349505 -0.00210099 -0.00119861 7.87717e-05 -0.00265049 -0.00482284 -0.00358147 -0.00344077 -0.00394173 -0.00120455 -0.000826147 -0.00222069 -0.00816727 0.000162893 0.219634 -0.000151466 -0.00847192 -0.000474424 0.00205072 -0.00470332 -0.00497019 -0.00812625 -0.00349196 -0.00347066 -0.00698354 -0.00716043 -0.00601019 -0.00381414 0.00315058 -0.00375864 -0.00371877 -0.00410807 -0.00182736 -0.00321405 -0.00236781 -0.00333372 -0.00172046 -0.00376876 0.00101269 -0.00298668 -0.00119991 -0.00191038 -0.00449414 -0.00164925 -0.00416888 -0.00166549 -0.00219502 -0.00109989 -0.00250924 -0.00194063 -0.00189054 -0.00190346 -0.00135572 0.00109431 -0.00102802 -0.00225527 -0.00184396 -0.00292338 -0.000518093 -0.00241787 5.98878e-05 -0.000184695 -0.00139755 -0.00217595 -0.000739139 -3.99523e-05 -0.000680728 -0.00199369 -0.00277211 -0.000802899 -0.00298776 -0.00142003 -0.00267294 -0.00307726 -0.00124821 -0.00157981 0.000562793 -0.0030923 -0.00105581 -0.000827584 -0.00177873 -0.00145994 -0.00336586 -0.00262851 -0.00312536 -0.00169389 -0.00212071 -0.00146532 -0.00289689 -0.000972119 -0.00164153 -0.00241989 -0.00118692 -0.000975423 -0.000437821 0.000806624 -0.00151541 -0.00243947 -0.00101097 -0.00147771 
-0.00253708 -0.00140501 -0.000575212 -0.00210918 -0.00232785 -0.00342597 -0.00256324 -0.00502979 -0.00386045 -0.0052135 0.00154278 -0.00161207 -0.00202827 -0.00691047 -0.000151466 0.224056 -0.00108903 -0.00240092 -0.00517718 -0.00636131 -0.00473059 -0.0100871 -0.0164284 -0.00386267 -0.00907303 -0.00211265 -0.00722228 -0.00204942 -0.00346952 -0.00312415 -0.00694261 -0.00378485 0.000987932 -0.00143283 -0.00343356 -0.00156159 -0.000525616 -0.000441643 -0.000925044 -0.00310623 -0.001626 -0.000709484 -0.00320697 -0.000321806 -0.000589635 -0.00277887 -0.00170944 -0.00129257 -0.000395172 -0.0013807 -0.00210036 -0.0024218 -0.00223522 -0.00291436 -0.000605285 -0.00310169 -0.00132907 -0.000533824 -0.0014588 -0.00343166 -0.00032704 -0.00187506 -0.00248303 -0.00201135 -0.00228294 -0.00455995 -0.000618158 -0.00220394 0.00164279 -0.000704588 -0.0013028 -0.00186708 -0.000391128 -0.000527048 -0.00211182 -0.000404729 0.000983553 -0.00307949 -0.00140702 0.000743661 -0.00304328 -0.000458629 5.86096e-05 -0.00213855 -0.000853779 -0.00361713 -0.00213034 -0.000684628 -0.00132736 -0.00247183 -0.00199109 -0.00132092 0.00027332 -0.00129898 0.000212718 -0.00103288 -0.00235579 0.000414648 -0.0028823 -0.00191689 
-0.00333116 -0.00270165 -0.00142991 -0.00310516 -0.000259517 -6.20377e-05 -0.00360864 -0.00353625 -0.00947148 -0.00121126 -0.0058712 -0.00140532 0.00183244 -0.00147006 -0.00847192 -0.00108903 0.245049 -0.000454159 -0.00244781 -0.00578391 -0.000798783 -0.00605736 -0.00577832 -0.0120924 -0.00438469 -0.00663027 -0.00352029 -0.00678078 -0.00187379 -0.00981672 -0.000689639 -0.00117522 -0.00421713 -0.00315082 0.00034225 -0.00589717 -0.00413477 0.00134928 -0.00250362 -0.00181741 -0.00209988 -0.00189397 -0.00337924 -0.00167678 0.000629464 -0.00282482 0.000392829 -0.00254602 -0.00242702 -0.00185917 -0.00281029 -0.00305306 -0.000243366 -0.00229223 -0.00129061 -0.000327587 0.000105357 -0.00291686 -0.00254694 -0.00269738 -0.00313329 -0.00102793 -0.00134033 -0.00063913 -0.000767089 -0.00137654 -0.00163891 -0.00397724 -0.000637045 -0.00145846 -0.00115908 -0.00155191 -0.00134988 -0.00151167 -0.00238496 -0.00204566 -0.00102052 -0.00137577 -0.00211774 -0.00202423 -0.00209158 -0.00331398 -0.00393647 -0.0018923 -0.00173614 -0.00384309 -0.00155731 -0.000726367 -0.000593634 -0.00458608 0.000675234 -0.0038247 -0.00285123 -0.00218562 -0.00201105 -0.00290427 -0.0015199 -0.00237706 -0.00185002 -0.000122572 
-0.00181478 -0.00270603 8.03244e-05 -0.00340481 -0.0025962 -0.00214744 -0.00250892 -0.00295211 -0.00417887 -0.00788709 -0.000563382 -0.00707015 -0.00361295 -0.00791869 -0.000474424 -0.00240092 -0.000454159 0.249631 0.00126179 -0.00286195 -0.000484455 -0.007285 -0.00382915 -0.00682965 -0.000997605 -0.00236795 -0.0105655 -0.00370446 -0.00441597 -0.00645868 -0.00407692 -0.00514913 -0.000589768 -0.0049085 -0.00548592 -0.00171925 -0.00243257 -0.00408918 -0.000713505 -0.00130382 -0.00307085 -0.00347046 -0.00480864 0.000503793 -0.00221324 -0.00249861 -0.00125385 -0.00272998 -0.000966588 -0.00168745 -0.000628641 -0.0029548 -0.00296827 -0.00400096 -0.00160937 -0.000653097 -0.00170168 -0.00155808 -0.00404698 -0.000676775 -0.000958713 -0.000604577 -0.00214591 -0.00181044 -0.000583877 -0.00370767 -0.0011542 -0.00174581 -0.00326747 -0.00222079 -0.00280261 -0.0016782 -0.00184955 -0.00268614 -0.00506314 0.000219496 -0.00392042 -0.00164147 -0.00142744 -0.00239329 -0.000564014 -0.000799318 -0.00324702 -0.00188437 -0.00183403 -0.00273722 -0.000536011 -0.0020818 -0.000871913 -0.00251723 -0.00229645 -0.00394693 -0.00362155 -0.000768423 -0.000538254 -0.00101644 -0.000186725 -0.00166855 -0.000681343 -0.00177878 
-0.00211145 0.000305516 -0.00157681 0.0028373 -0.00179001 -0.00483561 -0.0012732 0.00077929 -0.00336918 -0.00215513 -0.00480765 -0.00212238 -0.00920458 -0.00376484 0.00205072 -0.00517718 -0.00244781 0.00126179 0.24755 -0.00315292 -0.00850173 -0.00332061 -0.00375845 -0.017195 -0.00904163 -0.00806363 -0.00553174 -0.00830099 -0.00118516 -0.00272498 -0.0076504 -0.000148285 -0.00404824 0.000324696 -0.00194444 -0.00047922 -0.0010642 -0.00179208 -0.00165287 -0.00288912 -0.00232841 -0.00112792 -0.00138824 -0.00336422 -0.00336345 -0.00169474 -0.00283093 -0.00147965 -0.00342868 -0.00518701 -0.000124236 -0.0017077 -0.00262409 -0.000789663 -0.001807 -0.00410773 -0.00262444 -0.00234718 -0.00233502 -0.00489899 -0.000670703 -0.00119005 -0.00402317 -0.00107569 -0.0015288 -0.00259591 -0.00185846 -0.00111498 0.00121364 -0.00225488 -0.0037667 -0.000737395 -0.00426921 -0.000122407 0.00017345 -0.00176106 -0.00173589 0.000518438 0.000389519 -0.000944119 -0.00220319 -0.00195243 -0.00388715 -0.000542133 -0.00192065 -0.00169436 -0.00300447 -0.000825066 -0.00239403 -0.000740707 -0.00122146 -0.0031077 -0.00267572 0.000261914 -0.00165151 -0.00304967 -0.00161811 -0.00501543 -0.00109807 -0.00277445 
-0.00322301 -0.00405706 -0.00223796 -0.00298242 -0.00289394 -0.00207569 -0.00227482 -0.0005817 -0.00494166 0.00191772 -0.00470305 -0.00326164 -0.000669226 -0.00826441 -0.00470332 -0.00636131 -0.00578391 -0.00286195 -0.00315292 0.249974 0.00106849 -0.00482127 0.00378803 -0.00869118 -0.00464013 -0.0115708 -0.00914887 -0.000992539 -0.00275843 -0.00260961 -0.0053108 -0.000686519 -0.00485318 -0.00299087 -0.00238036 -0.00226739 -0.000339819 -0.00386465 -0.00191261 -0.00340869 -0.00453943 -0.00454321 -0.00178727 -0.000881147 -0.00248948 -0.00122108 -0.00157923 -0.00250229 -0.00217796 0.000749983 3.67614e-05 -0.00351935 -0.000193893 -0.00375318 -0.00110218 -0.0015326 -0.00201799 -0.0011364 -0.00283794 -0.00516134 -0.00180364 -0.00296687 -0.00162646 -0.0032098 -0.00369455 -0.00129244 -0.00282238 -0.00121436 -0.00296561 -0.000434709 -0.000185414 -0.00137047 -0.00108998 -0.00364325 -0.000654342 -0.00271593 -0.000319464 -0.000912111 -0.00344029 -0.00475721 -0.000501258 -0.00284411 -0.00262765 -0.00107052 -0.000958746 -0.000302511 -0.00198902 0.00137976 0.000408317 -0.00324153 -0.00188048 -0.0014886 -0.00231428 -0.00252748 -0.00172725 -0.0038721 -0.00359277 -0.00248908 -0.000813982 -0.00270891 
-0.00309417 -0.000744262 -0.00200706 -0.0035904 -0.00200201 -0.00449567 -0.00312354 -0.00393703 -0.00715087 -0.00154263 -0.00547889 -0.00174144 -0.000955488 -0.0117093 -0.00497019 -0.00473059 -0.000798783 -0.000484455 -0.00850173 0.00106849 0.249414 -0.0104121 0.00090832 -0.00604829 -0.00803857 -0.0121438 -0.00159429 -0.00323518 -0.00309138 -0.0101533 -0.00495531 -0.00116458 0.00353018 -0.00341226 -0.00269907 -0.00328934 -0.00159167 0.00130768 -0.00130471 -0.00136326 -0.00167347 -0.000328342 -0.00130579 -0.00275751 -0.00325576 0.00234383 -0.00154129 -0.00198094 0.00104303 -0.00491689 -0.00110224 -0.00383443 -0.00100927 -0.00230344 -0.000750905 -0.00313614 -0.00250495 -0.00245573 -0.00132693 -0.00281166 -8.34776e-05 -0.00265839 -0.00206909 -0.000136897 -0.00157793 0.00212818 -0.00238609 -0.00319298 -0.000456788 -0.000520296 -0.00176853 -0.00137298 -0.00232516 -0.00223727 -0.0018267 -0.000819694 -0.00339649 -0.00291995 -0.00163942 -0.00256914 -0.0028992 -0.00113693 -0.00191762 -0.00183429 -0.00166312 -0.000966479 -0.00258306 -0.00181262 -0.000789943 -0.00284381 -0.00134968 -0.00266842 -0.00277361 -0.00208672 -0.00329047 -0.00182262 -0.00112727 -0.0055749 -0.0024432 -0.00165079 
-0.00100685 -0.000388663 -0.00305317 -0.000348687 -8.21962e-05 -0.00164797 -0.00284102 -0.00373282 -0.0021318 -0.00570131 -0.0021935 -0.00478288 -0.0041263 -0.00239628 -0.00812625 -0.0100871 -0.00605736 -0.007285 -0.00332061 -0.00482127 -0.0104121 0.24995 -0.00318714 -0.00732103 0.000271169 0.00221095 -0.00215946 -0.00345259 -0.00422657 -0.00141682 0.00426947 -0.00848299 -0.000400827 -0.00309491 -0.00165764 -0.00144612 -0.0034466 -0.00287245 -0.00168084 -0.00405735 -0.000705867 -0.0051022 -0.00202831 -0.00132925 -0.000221699 -0.00333648 -0.00255515 -0.00395887 -0.00190095 0.000695035 -0.00545129 -0.00423004 -0.00318412 -0.00196299 -0.000952193 0.000138307 -0.00219824 -0.000262616 -0.00260075 -0.00342965 -0.00586241 -0.000657343 0.000468351 -0.00226245 -0.00128791 -0.00356804 -0.000982509 -0.00268082 -0.00445493 -0.00317662 -0.000756018 -0.00190505 0.000572916 -0.00339271 -0.000916343 -0.00402893 -0.0028904 -0.00175003 -0.00134659 -0.00218265 -0.00188622 -0.0041848 -0.000507708 -0.000144182 -0.00130975 -0.00266202 -0.000690616 -0.00185054 -0.00325895 -0.00285533 -0.00178271 -0.00212096 -0.00167851 -0.00139235 -0.00216403 -0.0008819 -0.00174123 0.000382671 -0.00231861 -0.00256906 
-0.00139737 -0.00216249 -0.00287607 -0.00315916 -0.00242767 -0.00268705 -0.00200491 -0.00256514 -0.00145991 -0.00539247 -0.0101054 -0.00624576 -0.00710561 -0.00868337 -0.00349196 -0.0164284 -0.00577832 -0.00382915 -0.00375845 0.00378803 0.00090832 -0.00318714 0.24959 -0.00496754 -0.000132682 -0.000757512 0.00220728 -0.00866187 -0.00124843 -0.00366645 -0.0012416 0.000610577 -0.0024453 -0.00319577 -0.00558459 -0.000183267 -0.0020371 -0.00260807 -0.0032927 -0.00190912 -0.00127053 -0.000431057 -0.00203237 -0.00280306 -0.00104545 -0.00200378 -0.00226762 -0.00222705 -0.00239481 -0.00183972 -0.00325824 -0.000229465 -0.00242799 -0.00227652 -0.00133453 -0.00105571 -0.00375844 -0.0023634 -5.86871e-05 -0.00400149 -0.00297085 -0.00341559 -0.00156564 -0.00250344 0.000593124 -0.00256331 -0.00356958 -0.0014043 -0.00172741 -0.00361399 -0.00428854 -0.00113872 -0.00288463 -0.00187431 -0.00213116 -0.00211501 -0.00242396 -0.000838132 -0.00368605 -0.00106558 -0.0011088 -0.00255306 -0.00328187 -0.00498444 -0.000883758 -0.00103929 -1.19203e-05 -0.0014639 -0.000480985 -0.0018384 -0.00168358 -0.00282024 -0.00127905 -0.00341502 -0.00367801 -0.00158981 4.76995e-05 -0.0014949 -0.00300523 0.000404947 
-0.0030648 -0.00346884 -0.000436236 0.000351171 -0.00205582 -0.000993427 -0.00442966 -0.00236004 -0.000697633 -0.00554393 -0.0051563 -0.00464714 -0.00245649 0.000681502 -0.00347066 -0.00386267 -0.0120924 -0.00682965 -0.017195 -0.00869118 -0.00604829 -0.00732103 -0.00496754 0.245273 -0.00683008 -0.00170677 -0.00282085 -0.001395 -0.00585109 -0.00385665 -0.0033489 -0.00388995 -3.96566e-05 -0.00130299 -0.00277474 -0.00243369 -0.000198913 -0.00182264 3.67728e-05 -0.00208402 -0.00163153 0.000376325 -0.001934 -0.00238367 -0.00258371 -0.000617206 -0.00253203 -0.00150649 -0.00183626 -0.000215388 -0.00118269 -0.000401725 0.000315195 -0.00304972 -0.00255092 0.000193362 9.81759e-05 -0.00301691 -0.00136319 0.0010953 -0.00352625 0.000246405 -0.00158073 -0.00297549 -0.00198519 -0.000304481 -0.0025622 -0.000832296 -0.00123922 -0.00421906 -0.00271125 -0.00238561 -0.00175742 -0.00302764 -0.00137255 -0.00145261 0.00174155 -0.00152907 -0.00374988 -0.00202988 -0.00088429 -0.00274058 -1.47196e-05 -0.00270936 -0.00163999 -0.000660573 -0.00339767 -0.00308873 -0.00386868 -0.00213489 -0.00240407 -0.00114949 -0.00074896 -0.00339435 -0.00164502 5.44519e-05 -0.00229734 -0.00165761 -0.00166696 -0.00216883 
0.000188215 -0.000225363 -0.00266249 -0.00333033 -0.00157633 -0.00254815 7.62802e-05 -0.00360359 -0.00409469 -0.00495258 -0.00377094 -0.00831378 -0.0074622 -0.00624993 -0.00698354 -0.00907303 -0.00438469 -0.000997605 -0.00904163 -0.00464013 -0.00803857 0.000271169 -0.000132682 -0.00683008 0.248261 0.00483139 -0.00156971 0.00592843 -0.00533872 -0.00169932 -0.00127692 -0.0026232 -0.00841926 -0.0023522 -0.000415208 -0.00230936 -0.00201366 -0.00390342 -0.00132466 -0.00189843 -0.00139054 -0.00186735 -0.00198515 -0.0024584 -0.000701635 -0.00402578 -0.00391063 -0.000709357 -0.00179129 -0.00271907 -0.00344254 -0.00213016 -0.00118591 -0.00340975 -0.00230377 -0.00217331 -0.00247584 -0.00201148 -0.0025776 -0.00365056 -0.00202793 -0.00285177 -0.00169737 -0.000960384 -0.00275286 -0.00085627 -0.00315784 -0.00093202 -0.00476942 -0.000933715 -0.00231804 -0.00325124 -0.000461045 -0.000832029 -0.00154342 -0.001382 -0.00687476 -0.000683889 -0.00220099 -0.00187171 -0.00123169 -0.00226178 -0.000590887 -8.56987e-05 -0.00237945 -0.000433569 -0.000226533 -0.00159613 -0.00182544 -0.00135367 -0.00196634 -0.0033582 -0.000724569 -0.000151478 -0.00196228 -0.0029229 -0.00305249 -0.00402307 -0.0030907 -0.00298481 
-0.000660244 -0.00244505 -0.00144818 -0.00189304 0.000715936 -0.00422587 -0.000676584 -0.00498556 -0.00230448 -0.00505168 -0.00255212 -0.00502304 -0.00116571 -0.00359626 -0.00716043 -0.00211265 -0.00663027 -0.00236795 -0.00806363 -0.0115708 -0.0121438 0.00221095 -0.000757512 -0.00170677 0.00483139 0.234266 0.00151003 -0.00477346 -0.0103767 -5.33008e-05 -0.000299224 -0.00405521 -0.00711583 -0.000822917 -0.00332285 -0.0044041 -0.00360034 -0.0041579 -0.00274938 -0.00259048 -0.00134507 -0.0015775 -0.00172045 -0.001491 -0.00116037 -0.00226765 -0.00369596 0.000370805 -0.00116505 -0.00109227 -0.00157891 -0.00171975 -0.00290247 -0.000672294 -0.00228147 -0.00346844 -0.00381204 -0.000521812 -0.00367658 -0.0003604 -0.00210641 -0.0013893 -0.00184867 0.00123216 -0.0025839 -0.00154548 -0.0022481 5.79678e-05 -0.00262074 -0.00207669 -0.00223785 -0.00126183 -0.00219375 -0.000268866 -0.000517276 -0.00247224 -0.00214931 -0.00102557 -0.00210215 -0.00228055 -0.0013577 -0.00263679 -0.000717711 -0.00170654 -0.00219899 -0.0021441 -0.00235858 -0.000348844 -0.00329241 -0.00211307 -0.00106557 -0.0036353 -0.00142815 -0.00367254 -0.00104689 -0.00293245 -0.00104728 -0.00128759 -0.00259753 -0.00130613 
-0.000635379 -0.00198546 -0.00299355 -0.0030455 -0.0038653 0.000653667 -0.00252142 -0.00235678 -0.00171219 -0.00315177 -0.00258653 -0.00368737 -0.00458631 0.000614316 -0.00601019 -0.00722228 -0.00352029 -0.0105655 -0.00553174 -0.00914887 -0.00159429 -0.00215946 0.00220728 -0.00282085 -0.00156971 0.00151003 0.233415 -0.00368331 -0.00217066 -0.00660964 -0.00350088 -0.00256474 -0.000693639 -0.00721078 -0.00349474 -0.00116843 -0.0019495 -0.00501052 -0.0026655 -0.00206074 0.000284687 0.000338759 -0.00243821 -0.00496872 -0.00208368 -0.000712965 -0.00275942 -0.00297281 -0.00222832 -0.00283734 -0.00218291 -0.00268111 6.5314e-06 -0.00151725 -0.00404383 -0.00187756 -0.00269281 -0.00384122 0.000109843 -0.00048858 -0.00210115 -0.0017322 -0.00243733 -0.000154255 -0.00129385 -0.00305925 -0.00152263 -0.00120992 -2.8212e-05 -0.00160292 -0.00109543 -0.00183771 0.000484491 -0.00374516 -0.00207173 -0.00214543 -0.00342495 -0.00323935 -0.000953976 -0.00056908 -0.000811 -0.00161745 -0.00187254 -0.00298628 -0.00229306 -0.00360751 -0.00252198 -0.0016254 -0.00246206 -0.00267566 0.000695451 -0.00159179 0.000128962 -0.00161431 -0.00213386 -0.00233769 -0.000663247 -0.00561018 -0.00399806 0.000577913 
0.00107382 -0.00253033 -0.00359091 -0.000738362 -0.0027868 -0.0020154 -0.000400625 -0.00318568 -0.000521981 -0.00554631 -0.00194479 -0.00782425 -0.00775899 -0.00265459 -0.00381414 -0.00204942 -0.00678078 -0.00370446 -0.00830099 -0.000992539 -0.00323518 -0.00345259 -0.00866187 -0.001395 0.00592843 -0.00477346 -0.00368331 0.217092 -0.000581542 -0.00231824 0.00210701 -0.00340666 0.001743 -0.00450146 -0.000405606 -0.00207014 -0.0016148 -0.00124532 0.000326971 0.000188138 -0.0019339 -0.00109759 -0.00170777 -0.00232268 -0.00211455 -0.00200527 -0.00450643 -0.00130205 -0.00191363 -0.00200347 -0.00115125 0.000475837 -0.00186811 -0.00184533 -0.00223115 -0.000936929 -0.00226314 -0.00296301 0.000384219 -0.00213584 -0.00312714 -0.00243757 -0.000651152 -0.00337687 -0.00064886 -0.00138512 -0.00244174 -0.00290842 -0.00324454 -0.00385461 -0.00268897 -0.00185811 -0.0022958 -0.00337655 -0.00229848 -0.00163851 -0.00155166 -0.00147751 -0.00155121 -0.000578244 -0.0027427 -0.00103706 -0.000402678 -0.000391049 -0.00152584 -0.00296748 -0.000564261 -0.00183071 -0.00394653 -0.00294268 -0.0029088 -0.00115513 -0.00359337 -0.00263554 -0.00217432 -0.00108713 -0.0033778 -0.000932063 -0.00350881 -0.00141551 
-0.00194828 -0.00377957 -0.00281368 -0.00271088 -0.00257749 -0.000913871 -0.00149473 -0.00141638 0.00106704 -0.00484769 -0.00532312 -0.00235441 -0.0022086 -0.0067807 0.00315058 -0.00346952 -0.00187379 -0.00441597 -0.00118516 -0.00275843 -0.00309138 -0.00422657 -0.00124843 -0.00585109 -0.00533872 -0.0103767 -0.00217066 -0.000581542 0.209886 -0.00307984 -0.00109327 0.000386165 -0.00548753 -0.00132635 0.000388517 -0.000389628 -0.000998898 -0.00234914 -0.00353803 -0.00122474 -0.000182998 -0.00211072 -0.000496447 3.81251e-06 -0.00146275 -0.00188502 -0.000998649 -0.00122967 -0.00225261 -0.00279953 -0.00228152 -0.000917072 -0.00034703 -0.000642853 -0.00208099 -0.000527016 -0.0021527 -0.00375922 -0.00235972 -0.00157895 -0.00482634 -0.0027659 -0.00147205 -0.00273653 -0.00208532 -0.00352574 -0.00233297 -0.00226139 -0.00290584 -0.0020291 -0.00362814 -0.00137099 -0.00178841 5.66869e-06 -0.000522699 -0.0023562 -0.00327095 -0.00333243 -0.00195963 -0.00402804 -0.0006454 -0.00132471 -0.00237997 -0.00214959 -0.000673016 -0.000304112 -0.00104049 -0.00343156 -0.00331248 -0.000938184 -0.000812812 -0.00189442 -0.000488163 -0.000559073 -0.00134282 -0.000713251 -0.00496681 -0.00174406 -0.000968985 -0.000689077 
-0.00152663 -0.00103289 -0.00137299 -0.00331153 -0.00335859 -0.0017149 -0.00142056 0.000870968 -0.00190054 -0.000976595 -0.0016539 -0.00111073 -0.00169416 -0.00638417 -0.00375864 -0.00312415 -0.00981672 -0.00645868 -0.00272498 -0.00260961 -0.0101533 -0.00141682 -0.00366645 -0.00385665 -0.00169932 -5.33008e-05 -0.00660964 -0.00231824 -0.00307984 0.164384 0.000871875 -0.00404835 -0.000113363 -0.0017499 -0.00129158 0.000445011 -0.000754365 -0.0016921 -0.00186626 -0.00178248 -0.000985769 -0.00111595 0.000115159 -0.00100684 -0.00155435 -0.00356262 -0.0020208 -0.00170399 -0.00199512 0.000576391 -0.00154145 -0.00115385 -0.00138449 -0.000328171 -0.00105372 -0.000940281 -0.00174404 0.000283279 -0.00179626 -0.000752698 -0.000410229 -0.00132361 0.000840854 -0.000415943 -0.00165154 -0.00307532 -0.00103335 -0.00027961 -0.00246893 -0.000814889 -0.00110051 -0.00132141 -8.75388e-05 0.00106847 -0.00183439 -0.00234683 -0.00127587 -0.000648822 0.000437549 -0.000184901 0.000439617 -0.000694086 -0.000971287 -0.000375675 -0.00125482 -0.000811524 -0.00134053 -0.00344951 -0.00212089 -0.000815958 -0.00222691 0.000992866 -0.00106346 -0.00119166 -0.00148228 -0.00113258 -0.00189001 -0.00133527 -0.000773297 -0.00137972 
-0.00236425 -0.00238153 -0.000878749 -0.00260881 -0.00304504 -0.00249367 -0.00118204 -0.00198844 -0.00356648 -0.000819262 -0.00520235 -0.00297979 -0.00277203 -0.00659737 -0.00371877 -0.00694261 -0.000689639 -0.00407692 -0.0076504 -0.0053108 -0.00495531 0.00426947 -0.0012416 -0.0033489 -0.00127692 -0.000299224 -0.00350088 0.00210701 -0.00109327 0.000871875 0.178395 -0.00288838 -0.00142513 -0.00328589 -0.00147836 0.00125395 -0.00213286 -0.000187174 -0.00184825 -0.00132225 -0.000585773 -9.67766e-05 -0.000882355 -0.000581585 -0.00126292 -0.00257005 -8.45393e-05 -0.00212539 -0.00128267 0.000350902 -0.00112292 -0.00115379 -0.00285569 -0.00229117 -0.00246896 -0.00255227 -0.000585155 -0.00120049 -0.00231207 -0.00056379 -0.00130392 -0.00133622 -0.00035348 -0.00205928 -0.00227515 -0.00317514 -0.000849098 0.000395618 -0.00158 -0.00103338 -0.00065104 -0.0013439 -0.0012027 -0.00223759 -0.00385041 -0.00257953 -0.00294313 -0.00253325 -0.00139802 -0.000361212 -0.00254866 -0.00152541 -0.00157461 -0.000958998 -0.000382778 -0.00217785 -0.000522205 -0.00173632 -0.00235158 -0.000115937 -0.00219379 -0.0021887 -0.00160701 -0.00251553 -0.00118232 -0.00145375 -0.00193522 -0.00188626 -0.00056793 -0.00102037 
-0.00111818 -0.00352466 -0.000134327 -0.00270891 -0.000831576 -0.00245437 -0.00166818 -0.000792092 8.7397e-06 -0.000133279 -0.000697631 -0.00242132 -0.0040857 -0.00161105 -0.00410807 -0.00378485 -0.00117522 -0.00514913 -0.000148285 -0.000686519 -0.00116458 -0.00848299 0.000610577 -0.00388995 -0.0026232 -0.00405521 -0.00256474 -0.00340666 0.000386165 -0.00404835 -0.00288838 0.14416 -0.00109115 0.000910363 0.000273047 0.000355051 -0.000817703 -0.00336063 -0.000898956 -0.00278555 -0.00112691 -0.00238115 -0.00228946 -0.000155306 -0.00110847 -0.000735917 -0.000610009 -0.00151132 -0.00172145 -0.000783327 -0.00140837 -0.000520575 -0.001204 0.000316939 -0.000775507 -0.000147611 -0.00145698 -0.00202321 -0.0017212 -0.000333938 -0.000627933 -0.000783053 -0.0017274 -0.00225997 -0.00141411 -0.00117788 -0.00126838 -0.00122401 -0.000561467 -0.000932709 -0.000727853 -0.00137209 -0.00191298 -0.000222148 -0.00142332 -0.000685847 -0.00110821 -0.00125855 -4.49539e-05 -0.00166948 -0.00044064 0.000126934 -0.00124824 -0.000149694 -0.00154645 -0.00103695 -0.00127849 -0.00270473 -0.00153874 -0.00201379 -0.00171047 -0.000575743 -0.00158468 -0.00116124 -0.00152316 -0.00183291 -0.00198406 -0.000382678 -0.00112363 0.000417125 
-0.00154922 -0.00165044 -0.000618347 -0.00148159 -0.00158168 -0.0012227 0.000264126 -0.00290515 -3.30439e-05 -0.00138722 -0.000885139 -0.00297766 -0.00198913 -0.00645249 -0.00182736 0.000987932 -0.00421713 -0.000589768 -0.00404824 -0.00485318 0.00353018 -0.000400827 -0.0024453 -3.96566e-05 -0.00841926 -0.00711583 -0.000693639 0.001743 -0.00548753 -0.000113363 -0.00142513 -0.00109115 0.131387 -0.00200725 -0.00248115 -0.000136899 -0.000507014 0.000847573 -0.000122898 -0.00161585 -0.00207707 -0.000684483 -0.000745361 -0.00222817 -0.00150831 -0.00157375 -0.000630534 -0.0014371 -0.00163943 -0.0024464 -0.00171348 -0.000209842 -0.000998012 -0.000656796 -0.00141218 -0.00139622 -0.000288552 -0.00132282 -0.00135316 -0.00134988 0.000516234 -0.00253476 -0.00147146 -0.00188188 0.000333561 -0.00216152 -0.000612625 -0.00147161 -0.00164142 -0.00174067 -0.000729763 -0.00079305 -0.000266272 -0.00106699 -0.00185431 -0.000792485 -0.00100954 -0.00174332 -0.00131181 1.99653e-05 -0.00129732 -0.00052976 -0.00167018 -0.000740817 0.000272555 -0.000763321 -0.000278784 -0.00147221 0.000291601 -0.00127811 -0.00152285 -0.000849577 -0.00180176 7.73852e-05 -0.00127415 -0.000959842 -0.00113468 -0.000256533 -0.00152997 0.00021578 
