0.0730997 0.000424828 -0.000309843 -0.000392814 -0.000570601 0.000256313 -0.00134092 0.000200074 -0.000762084 -0.000936575 -0.00049632 -0.00206162 -0.00173048 -0.000268952 -0.0024638 -0.00179331 -0.000517761 -0.00150541 -0.00255934 -0.00458947 -0.000578267 -0.0019335 -0.00210543 -0.00284529 -0.000661979 -0.00187102 -0.00192092 -0.00213225 -0.000973625 -0.000949409 -0.00105762 -0.000650146 -0.00108638 -0.000420525 -0.00101327 -0.000739126 -0.000471157 -0.000658262 4.65162e-05 -0.000684661 -0.000626557 -0.000464975 -0.000208063 -0.00109761 -0.0010291 -0.000168659 -0.00015524 -0.000846822 -0.000113994 -0.000373901 -0.000628835 -0.000619897 -0.000221563 -0.00018352 -0.000286719 -0.00109537 -0.00052829 -0.000329688 -0.000314521 -0.000926869 -0.000544929 -0.000515222 -0.00102899 -0.00071496 -0.000781729 0.000141619 -0.000875555 -0.00107743 -0.000477921 5.52976e-05 -0.00101432 -0.000878146 -0.000474901 -0.00113513 -5.62041e-06 -0.000598882 -0.000572723 -0.000654688 -0.000902734 -0.00130077 -0.000379385 5.05438e-05 -0.000452811 -0.000194756 0.000307798 7.4918e-05 -0.00126199 -2.90327e-06 -0.000683235 -0.000326859 0.000200324 -0.000709665 -0.00048025 -0.000955898 -0.000314338 -0.000666551 0.00021857 0.000209987 0.000281018 -0.000311897 
0.000424828 0.0796873 0.000313263 -0.000230698 -0.000369422 -0.00121792 -0.000633812 -0.000897941 -0.00135704 -4.54534e-05 -0.00012531 -0.000518474 -0.00234184 -0.00225571 -0.000843347 -0.00190073 -0.00176451 -0.00243849 -0.000267719 -0.00362921 -0.00269328 0.00022604 -0.00425461 -0.00549516 -0.00124943 -0.00148915 -0.00184875 -0.000481031 -0.00136402 -0.000349054 -0.00131757 -0.000220575 -0.0019472 0.00027517 -0.000671322 -0.000759176 -0.000413824 -0.000328086 -0.000148221 -1.75412e-05 -0.000278947 -1.44355e-05 -0.000700972 -0.000462152 -0.000239792 -0.000444919 -0.000264238 -0.000860836 -0.00038886 -0.00103232 -0.00037429 -0.00072893 -0.000280302 -0.000831734 -0.000438866 -0.00122031 -0.000647768 -0.000763085 -0.00113001 -0.000750096 -0.000738173 0.000366201 -0.000563697 -0.000116406 0.000151061 -0.000365939 -0.000371434 -0.000375975 -0.000633069 -0.000692102 -0.00126696 -0.00121146 -0.000754177 -0.000538461 -0.00042215 -0.000618895 -0.00196242 -0.000647202 -1.8621e-05 -0.000591784 6.30526e-05 -0.00124715 -0.000426162 -0.000915885 -0.000644314 -0.00068476 -0.000691101 -0.00102541 -0.000114121 -0.00107385 -0.000512109 -0.00063896 -0.000575588 -0.000733949 -0.000489515 -0.000654534 -0.00118505 -0.000607762 0.000226716 0.000114013 
-0.000309843 0.000313263 0.0792475 -0.000297447 -0.000915924 0.000374865 -0.00138359 -0.000738432 -0.000986842 -0.00138778 -0.00284601 -0.00285465 0.00049617 -0.000565146 -0.00275259 -0.00247451 -0.00300142 -0.0001551 -0.00450012 -0.00327686 -0.00169609 0.0010132 -0.000885273 -0.00195628 -0.00228246 -0.00036927 -0.00118917 -0.00102626 -0.00156833 -0.000723657 -0.000480349 -0.000603036 -0.000480354 -0.00183182 -0.000561355 -0.0018636 -0.00129967 -0.000599869 -0.000957556 3.14017e-05 -0.000550681 -0.000552418 -0.000839538 -0.000450169 -0.000638033 0.000497907 -0.000740108 -0.00113693 -0.000294922 -0.000465496 -0.000816788 -0.000733167 -0.000132764 -0.000708699 2.26227e-05 -0.00112617 -0.000489149 -0.0012158 -0.000962092 -0.000549922 -0.00160232 7.95201e-05 -0.000552963 -0.00020363 -0.000806707 -5.78476e-05 -0.0006354 -0.000756558 0.000104465 -0.000448751 -0.00118438 -0.000125327 -0.000408927 -0.000594438 -0.000380773 -0.00085053 -0.00126621 -0.000186012 -0.000451366 -0.001092 -0.000453545 -0.000971885 -0.000142146 1.10695e-05 -0.000219205 -0.000504767 -0.00084068 0.00036358 -0.000756948 -0.00081997 -0.000898995 -0.000998361 -0.00141174 -0.000538972 0.000608261 -0.000178184 -0.000678739 -0.000274414 0.000248564 -0.000896153 
-0.000392814 -0.000230698 -0.000297447 0.0894559 -0.00145751 0.000455247 -0.000167053 2.06559e-05 -0.000573156 -0.00142262 -0.000504269 -0.000358802 -0.00260224 -0.00170669 -0.00298093 -0.00108571 -0.003163 -0.00223473 -0.00277204 -0.000380893 -0.00295693 -0.00223332 -0.00022099 -0.00130742 -0.00176764 -0.00339376 -0.00256662 -0.0027539 0.000831007 -0.00134318 -0.000818562 -0.00053125 -0.000586971 -0.0024271 -0.00111009 -6.06159e-05 -0.00171068 -6.59051e-05 -0.000213602 -0.000834193 -0.000154533 -0.00110923 -0.000451499 -0.00124389 -0.000337079 -0.000930534 -0.000410168 -0.000322486 -0.000633878 -0.00107872 -0.00108 -0.000690194 -0.000631478 -0.00147821 -0.00113472 -6.75817e-07 -0.000275508 -0.000873696 -0.000451183 -0.000992169 -0.000665045 -0.000690253 -0.000454328 -0.00051074 -0.000345896 -0.000513519 -0.000490524 -0.000723869 -0.0017142 -0.00179961 -0.000905564 -0.000554729 -0.00107293 -0.000494176 -6.41431e-05 -0.000432086 -0.000631625 -0.000449143 -0.000293278 -0.000955582 -0.000855293 -0.000777433 -0.000510125 -0.00121799 -0.00101421 -0.000965922 -0.00140029 -0.00063479 -0.000263872 -0.000890474 -9.19703e-05 -0.00105239 0.000101585 -0.000481369 -0.000602555 -7.29531e-05 -0.000772687 -0.00021379 -0.000771645 -0.00100021 
-0.000570601 -0.000369422 -0.000915924 -0.00145751 0.095069 -0.000495775 -0.000609591 -0.000987063 1.14547e-05 -0.00135366 -0.000448477 -0.00105241 -0.00100498 -0.00516643 -0.0007102 -0.00259464 -0.00157127 -0.00162689 -0.00510343 -0.00248593 -0.00248713 0.00102979 -0.00112953 -0.0011634 0.000929172 -0.00226415 -0.00312074 -0.000696394 -0.00202802 -0.00131896 -0.00231195 -0.00171078 -0.0015213 0.000105931 -0.000925801 -0.000582975 -0.000758803 -8.29142e-05 -0.000395897 -0.000494886 -0.000682965 -0.00040607 -0.0012172 -0.000332931 -0.000570591 -0.000237454 -0.000702515 -0.00105469 -0.000775458 -0.00163054 0.000469548 -0.00136989 -0.000683287 0.000172207 -0.00111128 -0.000963957 -0.000420152 -0.000575829 -0.00173025 -0.00107874 -0.00136441 -0.00156372 -0.000388813 -0.00125 -0.000805196 -0.000208136 -0.000263865 -0.00107499 -0.000781404 -0.000965547 -0.000644141 -0.00100265 -0.000504572 -0.000885224 -0.000473006 -0.000727755 -0.000162394 0.000224414 -0.000517621 -0.00120728 -0.000792987 -0.00159945 -0.000936927 -0.000400279 -0.000611847 0.000397142 -0.00111571 -0.0015668 -0.000725433 -0.000238197 -0.000364553 -0.000573759 -0.00025742 -0.000812346 -0.0014901 -0.000229867 -0.000915927 -0.00151804 -0.000435842 -0.00197084 
0.000256313 -0.00121792 0.000374865 0.000455247 -0.000495775 0.0860434 0.000435556 -0.000650725 0.00107933 0.000488536 -0.000973963 -0.00135862 -0.000128749 -0.00157944 -0.00432106 -0.00276505 -0.00182769 -0.00114398 -0.00349552 -0.00450045 -0.000206238 -0.000974039 -0.0018625 -0.00242725 -0.00301827 -0.00238207 -0.00297561 0.000419693 -0.00219614 -0.00326158 -0.001006 -0.00309243 -0.00176169 -0.000761526 -0.00128248 -0.00165904 -0.00104037 -0.000559828 -0.00115109 -0.000104443 -0.000510837 1.74124e-05 -7.08298e-05 0.00082624 -0.000590211 -0.00131647 -0.000664872 -0.00014766 -0.000208253 0.000394419 -0.000705539 -0.000669781 -0.000760724 -0.000710276 -0.000571575 -0.00119362 2.596e-05 -0.00114145 -0.00121971 -0.000229736 -0.000655306 -0.000664395 -0.000271684 -0.00102683 -0.00151016 -0.000856527 -0.000820366 -0.000440244 -0.000698723 -0.000892927 -0.000438143 -0.00118045 -0.000759366 0.000311453 -0.000425687 -0.000100798 -0.000752869 -0.000617401 -0.000448546 -0.000420602 -0.000249553 -0.00173836 1.4066e-05 -0.000723862 -0.0002692 -0.00112053 -0.000885441 0.000128422 -0.000480831 -0.000831107 0.000151814 -0.000119083 -0.00147364 -0.000543208 -0.000831541 -0.000295104 -0.000794306 -0.000698109 -1.68275e-05 -0.000477969 
-0.00134092 -0.000633812 -0.00138359 -0.000167053 -0.000609591 0.000435556 0.1077 0.000543625 9.62711e-05 0.0022069 -0.000891048 0.000197477 -0.000471687 -0.00281094 -0.00443076 0.000216854 -0.00276449 -0.00270852 -0.00271869 0.000938226 -0.00537024 -0.000230145 -0.00597508 0.00177203 -0.00288776 -0.00445368 -0.00191055 -0.00310474 0.000541639 -0.00350423 -0.00216319 -0.00319992 -9.8519e-05 -0.00228013 -0.00138241 -0.00169406 -0.00135405 -0.000359574 -0.00212974 -0.000145999 -0.0013118 -0.000948105 -0.00052427 -0.00175371 -0.000433211 8.7296e-05 -0.000799064 -0.00141066 -0.00153011 -0.00141865 0.000121197 -0.000983554 -0.00159368 -0.000998434 -0.000912624 -0.000854574 -0.00132 -0.000977796 -0.00133544 -0.00119373 -0.0010978 -0.000781253 -0.000521188 0.000242535 -0.00109291 -0.00114608 -0.000464235 -0.000322953 -0.00130082 -0.00105213 -0.00102443 -0.000471978 -0.000871563 -0.000201716 -0.000202738 -0.0013886 -0.000309583 -0.000863362 -0.000878689 -0.000418596 -0.000155015 -0.000852696 -0.0004811 -0.00132005 -0.00110014 -0.00129987 -0.000875061 -0.00193975 -0.00124153 -0.00130041 -0.00148065 -0.000823562 -0.000910999 0.000327796 -0.000735057 -0.000101928 -0.00114336 -0.00108068 -0.0006653 -3.53314e-05 
0.000200074 -0.000897941 -0.000738432 2.06559e-05 -0.000987063 -0.000650725 0.000543625 0.0969418 -0.00127035 -0.000434606 0.00126273 -0.00200354 -0.00261991 0.00097008 -0.00354259 -0.00136656 -0.00646458 -0.00421494 -0.0027833 -0.00358158 -0.00363455 -0.00083084 -0.00372009 -0.00273809 -0.00317116 -0.00224875 -0.00182474 -0.00353708 -0.0024152 -0.000898895 -0.000139525 -0.00261522 0.000277584 -0.00149155 -0.000533893 -0.00209407 -0.00230889 -0.000311598 -0.000253055 -0.000274834 -0.00043273 -0.000419257 -0.000667721 -0.00107121 -0.000318484 -0.000284516 -0.000430363 -0.000319942 -0.00141696 -0.00109933 0.000388244 -0.000694235 -0.000719392 -0.000299167 -0.000673541 -0.000607795 -0.000187595 -0.000153606 0.000545796 -0.000639213 -0.00151444 -0.000108332 -0.000933004 0.000539917 0.000427778 -0.000416141 -0.000605357 -0.00129196 -0.000679917 -0.00105803 -0.000933639 -0.000695551 6.64104e-05 -0.00129648 -0.00030872 -0.000705892 -0.00156427 -0.000521937 -0.000496299 -5.34794e-05 -0.000377745 -0.000565139 -0.00109224 0.000110671 -0.000815698 -0.000740119 -0.00128127 0.000148591 -2.70374e-05 -0.00103201 -0.000848989 -0.000136934 -0.000620733 -0.00146643 0.000167786 -0.000814447 -0.000602969 -0.000572003 -0.000776058 -0.000625294 
-0.000762084 -0.00135704 -0.000986842 -0.000573156 1.14547e-05 0.00107933 9.62711e-05 -0.00127035 0.121162 -0.00137682 -0.000923127 0.000492998 0.0018104 -0.00211031 -0.00233138 -0.00581205 -0.00319053 0.000451857 -0.00455959 -0.00326114 -0.00518761 -0.00493175 -0.00479276 -0.00317406 -0.00323749 0.000125721 -0.00561198 -0.00351206 -0.00119398 -0.00146489 -0.00275459 -0.00342554 -0.00206114 -0.00312956 -0.0022731 -0.000504533 -0.000666866 -0.000846796 -0.000551525 -0.0012111 -0.000871108 -0.00128517 -0.00123059 -0.000517029 -0.000238174 -0.000972106 -0.000487331 -0.000234239 -0.000500959 -0.000493575 -0.00111426 -0.00176606 -0.00154181 3.03137e-05 -0.000875467 -0.000342798 -0.00124321 0.000481023 -0.00212784 -0.00272746 -0.000810675 -0.00141572 -0.000297605 -0.000662718 -0.00124866 -0.00195903 -0.00015116 -0.0010909 -0.00156076 -0.00112495 -0.0006193 -0.000115211 -0.000179956 -0.000896787 -0.000153812 -0.00127595 -0.001851 -0.000831364 -0.000484753 -0.000302971 -0.000162283 -0.000972104 -0.000104229 -0.00100588 -0.000993414 -2.17435e-05 -0.000960542 -0.000936055 -0.000611755 -0.00131641 -0.000651444 -0.000382704 -0.000193671 -0.00017909 3.55101e-05 -0.000569174 -0.000536162 -0.000424362 -0.000909989 -0.000197639 
-0.000936575 -4.54534e-05 -0.00138778 -0.00142262 -0.00135366 0.000488536 0.0022069 -0.000434606 -0.00137682 0.136055 -0.00181254 0.00267867 -0.000756612 -0.00161007 -0.00645123 -0.00324236 -0.00558527 -0.00144761 -0.00332973 0.00188737 -0.00223626 -0.0035866 -0.0055167 -0.00598451 -0.0018097 0.00116805 -0.00353025 -0.0021704 -0.000555101 -0.00306466 0.00129371 0.000762372 -0.00166389 -0.00124107 -0.00159216 -0.00233168 -0.000588451 -0.00029726 -0.0011706 -0.000311941 -0.00126675 -0.000143152 -0.000976708 -0.00183343 -0.00055348 -0.00121519 -0.000773988 2.84922e-05 -0.000848866 -0.00240489 -0.000557603 -0.00284079 -0.00135856 -0.00290872 -0.00102373 -0.0014534 -0.00247895 -0.00062621 -0.00122555 -0.00173729 -0.00197538 -0.00312049 -0.000862235 -0.000186295 -0.00242815 -0.0016569 -0.0020486 -0.00124928 -0.000532859 -0.0015017 -0.00154481 -0.00131919 0.00114244 0.00010806 -0.000289288 -0.00125213 -0.00192114 -0.00271936 -0.0011033 -0.00103376 -0.0013863 -0.00110309 -0.00106424 -0.00195126 -0.000406198 -0.00150655 -0.00192943 -0.000443681 -0.000977684 -0.000992615 -0.00153536 -0.000851853 -0.00199223 -0.000845701 -0.00130856 -0.00152393 -0.00151038 -0.00208546 -0.00142003 -0.00116829 
-0.00049632 -0.00012531 -0.00284601 -0.000504269 -0.000448477 -0.000973963 -0.000891048 0.00126273 -0.000923127 -0.00181254 0.132197 -0.00216758 -0.00537468 -0.00206313 0.00124053 -0.00107718 -0.00523419 -0.0012761 -0.00501881 -0.00694497 -0.00746982 -0.00183225 -0.00609011 -0.00291885 -0.00504147 -0.00133636 -0.00230311 1.11193e-05 -0.00182225 -0.00437272 -0.00158297 -0.00402924 -0.000610904 -0.00159629 0.0011792 -0.00152916 -0.00136252 -0.00211489 -0.000642283 -0.000923359 -0.000918641 -0.00213529 -0.000293062 0.000365824 -0.000695244 -0.00196808 -0.000842023 -0.00164592 8.84651e-05 -0.0019108 -0.000718504 -0.000654371 -0.00119229 -0.000513831 -0.000426756 -0.00169123 -0.0011565 -0.00249092 -0.000287055 -0.000589002 -0.000531615 -0.00255462 -0.000744331 -0.000196055 -0.00168959 -0.00120312 -0.000648077 -0.000763947 -0.00096908 -0.000516487 -7.48182e-05 -0.00181325 -0.0010628 -0.00210086 0.00032663 -0.000891473 -0.000169802 -0.000233953 -0.00206251 -0.00106177 -0.000581244 -0.0019322 -0.000372381 -0.000291021 -0.000519513 0.000280047 0.00076742 -0.00118386 -0.000499368 -0.00171524 -0.000509289 -0.000913113 -0.000628271 -0.00113522 -3.01628e-05 -0.000251896 -0.000508746 -0.000675654 -0.00122642 0.000428363 
-0.00206162 -0.000518474 -0.00285465 -0.000358802 -0.00105241 -0.00135862 0.000197477 -0.00200354 0.000492998 0.00267867 -0.00216758 0.165098 -0.00306529 -0.00503263 -0.00344704 -0.00129436 -0.00116835 -0.0085698 -0.00370744 -0.00655162 -0.00597085 -0.00339047 -0.00586656 -0.00169631 -0.00254508 -0.00792715 -0.00497067 -0.00165016 -0.00113868 -0.00107079 -0.00278637 -0.00259624 -0.00145253 -0.00287178 -0.00218812 -0.00145057 -0.00280818 -0.00117551 -0.000601947 -0.00305925 -0.000127169 -0.000436398 -0.000639989 -0.00103148 -5.82046e-05 -0.00183892 -0.000900231 -0.00127565 -0.00085293 -0.00294523 -0.000739571 -0.000737303 -0.000196168 -0.0012721 -0.00101046 0.000215207 -0.000555687 -0.00144025 -0.00272688 -0.000467234 -8.89673e-05 -0.00366147 0.000853795 -0.00218285 -0.000919865 -0.000281031 0.000479852 -0.00330944 -0.00163336 -0.00100598 0.000355403 -0.00230807 -0.000151271 -0.00152647 -0.00135257 -0.00321189 -0.00034125 -0.00214154 0.000567033 -0.000338212 -0.00134597 -0.00183147 -0.00141578 -0.00134748 -0.00208545 -0.000170669 -0.00123274 -0.00184436 -0.000385297 -0.00298084 -0.00224579 -0.00112141 -0.00114281 0.000677234 0.000599874 0.00075447 -0.00256494 -0.0018838 -0.00145677 -0.00177863 
-0.00173048 -0.00234184 0.00049617 -0.00260224 -0.00100498 -0.000128749 -0.000471687 -0.00261991 0.0018104 -0.000756612 -0.00537468 -0.00306529 0.187855 0.00405106 -0.000802711 -0.00296251 -0.000756746 -0.00577339 -0.00485927 -0.00150439 -0.00177291 -0.00579036 -0.0011605 -0.00560834 -0.00639635 -0.00362443 -0.00263365 -0.00379012 -0.00450074 -0.00505526 -0.00278178 -9.8555e-05 -0.000392763 -0.00514999 -0.00312895 -0.00265324 -0.00194113 -0.00234301 -0.000241856 -0.000297306 3.6138e-05 -0.00194742 -0.000894683 -0.00316038 -0.00252883 -0.000800385 -0.000632837 -0.00253859 -0.00191575 0.00100617 -0.000949388 -0.00379035 -0.000855437 -0.000347697 -0.00237292 -0.000556706 -0.00221267 -0.00361213 -0.00141597 -0.00204498 -0.00366909 -0.00230936 -0.00186896 -0.0012021 -0.00282405 -0.00144508 -0.00070916 -0.000959545 -0.000506115 -0.00182106 -0.00300607 -0.000255842 -0.00185747 -0.00165886 -0.00199154 -0.00153315 -0.00133157 -0.00180258 0.000545757 -0.00359279 0.000138574 -0.0015385 0.000339506 -0.0017178 0.000337783 -0.00209461 -0.00201386 -0.00156243 -0.00185109 -0.00307243 -0.00169133 -0.000851972 -0.00199013 -0.00281311 -0.00252102 -0.0017991 3.83498e-06 -0.00184674 -0.00260859 -0.00360894 
-0.000268952 -0.00225571 -0.000565146 -0.00170669 -0.00516643 -0.00157944 -0.00281094 0.00097008 -0.00211031 -0.00161007 -0.00206313 -0.00503263 0.00405106 0.21959 0.000831093 -0.00167538 -0.00205131 0.000177265 -0.00798489 -0.010344 -0.00523779 -0.00388853 -0.00201508 -0.00508334 -0.00580981 -0.00714219 -0.00208662 -0.00161499 -0.00297636 -0.00573135 -0.00552577 -0.000363144 -0.00263771 -0.00432368 -0.00371764 -0.00344214 -0.00158468 -0.00226156 -0.00312072 -0.00289239 -0.00323486 -0.00228106 -0.00108792 -0.000356913 -0.000543816 -0.000300974 -0.00129365 -0.00480617 -0.00261121 -0.000926151 -0.00128224 -0.00285967 -0.000756617 -0.00236132 -0.00165996 -0.00165826 -0.00218355 -0.00122917 -0.00281247 -0.00399531 0.000279131 -0.0022687 -0.00241859 -0.00119824 -0.000679683 -0.00268611 -0.000532683 -0.00197156 -0.0016793 -0.0042351 -0.00167644 -0.00254503 -0.0036482 -0.0035289 -0.00268357 -0.00242185 -0.00296312 -0.000826644 -0.00197348 -0.000240096 -0.00114039 -0.000650956 -0.00338822 -0.000980011 -0.00223791 -0.000119803 -0.00127284 -0.000353293 -0.00109325 -0.00109862 -0.0012943 -0.00242732 -0.0036527 -0.00270237 -0.000896218 -0.00187115 -0.00138065 -0.000964424 -0.000810944 -0.000463859 
-0.0024638 -0.000843347 -0.00275259 -0.00298093 -0.0007102 -0.00432106 -0.00443076 -0.00354259 -0.00233138 -0.00645123 0.00124053 -0.00344704 -0.000802711 0.000831093 0.234286 -0.00032359 -0.00308484 0.00267154 -0.000625292 -0.00903768 -0.00695543 -0.00734861 -0.00387073 -0.00605738 -0.00757026 -0.010662 -0.00608964 -0.00175138 -0.000743127 -0.00684509 -0.00131492 -0.00770526 -0.000988624 -0.0053329 -0.00243997 -0.00368916 -0.00236893 -0.00175042 -0.00327808 -0.00291983 -0.000128526 -0.00148113 -0.000852922 -0.00169249 -0.00194359 0.000593057 -0.00463912 -0.00421961 -0.00156534 -0.00300051 -0.00289185 -0.00270656 -0.0020998 -0.00181795 -0.00184738 -0.00184812 -0.00236451 -0.00498618 -0.0026532 -0.00293429 -0.000986608 -0.00521744 -0.00108572 -0.00268168 -0.00126711 -0.00263816 0.000639678 -0.000315906 -0.0012538 -0.0019126 -0.00160289 -0.0028479 -0.00108421 -2.06151e-05 -0.00196817 0.000355784 0.000572101 -0.00476765 -0.00121861 -0.000552908 -0.00200964 -0.00222913 -0.00340645 -0.000230451 -0.00282612 -0.000800848 -0.00366137 -0.00235222 -0.00226692 7.83455e-05 -0.000181851 0.000904934 0.00041807 -0.000953192 -0.00313887 -0.00148604 0.000348217 -0.00104895 -0.000927097 -0.000494329 
-0.00179331 -0.00190073 -0.00247451 -0.00108571 -0.00259464 -0.00276505 0.000216854 -0.00136656 -0.00581205 -0.00324236 -0.00107718 -0.00129436 -0.00296251 -0.00167538 -0.00032359 0.232369 -9.01552e-05 -0.0100089 -0.00429829 -0.000627852 -0.00559202 -0.0103319 -0.000771093 -0.00386575 -0.0112699 -0.00151426 -0.00250774 -0.000862145 -0.00281463 -0.00423527 -0.00315148 -0.00387202 -0.00207803 -0.00533822 -0.00189868 -0.00398373 -0.00167434 -0.00313299 -0.000616715 -0.00223817 -0.000903651 -0.00265232 -0.000322533 -0.00183721 6.94355e-05 -0.000741867 -0.00244073 -0.00363056 -0.00217469 -0.00207692 -0.00198016 -0.00197286 -0.00278237 0.000135043 -0.00217503 1.24875e-05 -0.000653511 -0.00474464 -0.00430165 -0.000817732 -0.00111406 -0.00366528 -0.000898659 -0.000670322 -2.26331e-05 -0.00235329 -0.00399751 -0.00433915 -0.00371328 -0.00395738 -0.00243331 -0.000997797 -0.00335871 -0.00267713 -0.00286858 -0.00345364 4.38434e-05 -0.00141843 -0.00230832 -0.00183667 -0.00289085 -0.00179042 -0.0030207 -0.00122131 -0.00242491 -0.00180026 -0.00405651 -0.00141276 -0.00279446 -0.00317092 -0.000924226 0.00060757 -0.00377296 -0.00134469 -0.00108913 -0.00118951 -0.000525934 4.27874e-05 -0.000452481 -0.000180367 
-0.000517761 -0.00176451 -0.00300142 -0.003163 -0.00157127 -0.00182769 -0.00276449 -0.00646458 -0.00319053 -0.00558527 -0.00523419 -0.00116835 -0.000756746 -0.00205131 -0.00308484 -9.01552e-05 0.249999 0.00302463 -0.00271041 -3.48859e-05 -0.00451301 -0.0040674 -0.00151235 -0.0119857 -0.00537808 -0.0107426 -0.00668592 -0.00412981 -0.00817818 -0.0109469 -0.00360444 -0.0017947 -0.00426272 0.00145662 -0.00242471 -0.00327732 -0.000589198 -0.00305747 -0.00139206 -0.00190026 -0.00384401 -0.000415709 -0.00347977 -0.00283011 -0.000976211 -0.00274231 -0.00322321 -0.00322276 -0.00129438 -0.000302076 -0.00345103 -0.00292071 -0.0013809 -0.00258524 -0.00371178 -0.00211317 7.0545e-05 -0.00114617 -0.000514774 -0.00128254 -0.000552392 -0.000482998 -0.00258577 -0.000699712 -0.000794507 -0.00185742 -0.00544635 -0.00235935 -0.00455331 -0.00224128 -0.0027488 -0.00307362 -0.00150498 -0.000232748 -0.00205118 -0.0024762 -0.000520949 -0.000491812 -0.00260124 -0.00428335 -0.00258638 -0.00481609 -0.000103908 -0.00125665 -0.00204537 -0.00109745 -0.00157431 -0.000797639 -0.00240324 -0.000846619 -0.0017441 -0.00198902 -0.00290007 -0.00155052 -0.00254279 2.72123e-05 -0.00267634 -0.00295732 -0.0014198 -0.000850895 
-0.00150541 -0.00243849 -0.0001551 -0.00223473 -0.00162689 -0.00114398 -0.00270852 -0.00421494 0.000451857 -0.00144761 -0.0012761 -0.0085698 -0.00577339 0.000177265 0.00267154 -0.0100089 0.00302463 0.242279 0.000905798 -0.00642337 -0.00485915 -0.00888472 -0.000650259 -0.0175765 -0.00531761 -0.00402972 -0.00352175 -0.00502081 -0.00447287 -0.0107772 -0.00699221 -0.0041151 -0.000879526 -0.00234692 -0.00188815 0.000344781 -0.00320088 -0.00273597 -0.001428 -0.00142632 -0.00124135 0.00024149 -0.00213697 -0.00387525 -0.0010941 -0.00243578 -0.00340292 -0.00109367 -0.0016091 -0.00517283 -0.00227887 -0.00373903 -0.00116528 -0.000577959 -0.00267385 -0.00235166 -0.00101995 -0.00083682 0.000284913 -0.00255094 -0.00107484 -0.0025859 -0.00241986 -0.00223101 -0.00275855 -0.0037892 -0.00221163 -0.00014549 -0.000442201 -0.002725 -0.0014865 -0.00311267 -0.00171682 -0.000946107 -0.000674549 -0.00237324 -0.000750853 -0.00386042 -0.00267299 -0.00189691 -0.0017226 -0.0040568 -0.00262915 -0.00188335 -0.0020154 -0.0018664 0.00116039 -0.001703 -0.00259244 -0.00131357 -0.00345098 -0.00207576 -0.00150327 3.25313e-05 -0.00293191 -0.00153528 0.00159681 0.000162578 0.000678307 -0.00394969 
-0.00255934 -0.000267719 -0.00450012 -0.00277204 -0.00510343 -0.00349552 -0.00271869 -0.0027833 -0.00455959 -0.00332973 -0.00501881 -0.00370744 -0.00485927 -0.00798489 -0.000625292 -0.00429829 -0.00271041 0.000905798 0.247129 -0.00510686 -0.00178818 -0.00629796 0.000273664 -0.0101643 -0.00487267 -0.00886003 -0.0117863 -0.00258683 -0.00657926 -0.000883836 -0.00162368 -0.00180196 -0.00559237 -0.00242787 -0.00432597 -0.00681779 -0.00355613 -0.0014454 -0.00319553 0.00158528 -0.00382586 -0.000548676 -0.0022798 -0.000761087 -0.00259515 -0.000605611 -0.00268358 -0.00386947 -0.00354389 -2.48468e-05 0.000931621 0.000985156 -0.00271897 -0.00177728 -0.000492128 -0.00110215 -0.00161359 -0.000317611 0.00139054 -0.00294545 -0.00355308 -0.00221569 -0.00214289 -0.00167217 -0.00217239 -0.000388866 0.000881128 -0.0028036 -0.00012794 -0.00158964 -0.00083995 -0.00393764 -0.00229775 -0.000447786 -0.00203335 -0.00275392 -0.000816708 -0.00108509 -0.00207081 -0.00421939 -0.00231499 -0.00102737 -0.00178396 -7.99227e-05 -0.00172619 -0.00329589 -0.00523139 -0.00151795 -0.00135029 -0.00270809 -0.00100413 -0.00187334 -0.00206741 -0.00177982 -0.00342325 -0.00321493 0.00346341 -0.000551676 -0.00166822 -0.00104615 
-0.00458947 -0.00362921 -0.00327686 -0.000380893 -0.00248593 -0.00450045 0.000938226 -0.00358158 -0.00326114 0.00188737 -0.00694497 -0.00655162 -0.00150439 -0.010344 -0.00903768 -0.000627852 -3.48859e-05 -0.00642337 -0.00510686 0.248325 -0.00457282 -0.00537748 -0.00155541 0.00402574 -0.0080225 0.000322914 -0.00828701 -0.00895911 -0.00269782 -0.00463389 -0.00403822 -0.00441041 -0.00463794 -0.00118772 -0.0037691 0.00198912 -0.00206833 -0.00338736 -0.00140034 -0.00355819 6.69618e-05 -0.00257627 -0.00527005 -0.00309668 -5.57546e-05 -0.00187322 -0.00171477 -0.00238331 -0.0012359 9.07189e-06 -0.000471816 -0.00282827 -0.000543259 -0.00256073 -0.00112306 0.000392155 -0.00314255 -0.00088474 -0.000642014 -0.0009408 -0.00288836 -0.000878048 -0.000390387 -0.0010504 -0.00343623 -0.00380526 -0.0026748 -0.00238717 -0.00327111 -0.00202533 -0.00142226 -0.000895029 -0.00196166 -0.00164076 -0.00279139 -0.00220184 -0.00194827 -0.00132698 -0.00408174 0.000178783 -0.00293734 -0.00212806 -0.00193603 -0.00190484 -0.00251396 -0.00342275 0.00033399 -0.00243607 -0.0024341 -9.1583e-05 -0.00295706 -0.0004509 -0.000824348 -0.00299604 -0.0038273 -0.00215888 -0.00240409 -0.00226573 -0.000531526 -0.00298342 
-0.000578267 -0.00269328 -0.00169609 -0.00295693 -0.00248713 -0.000206238 -0.00537024 -0.00363455 -0.00518761 -0.00223626 -0.00746982 -0.00597085 -0.00177291 -0.00523779 -0.00695543 -0.00559202 -0.00451301 -0.00485915 -0.00178818 -0.00457282 0.249408 0.000442662 -0.000628827 -0.00552752 -0.00454779 -0.0107998 0.00316849 -0.0144155 -0.00960984 -0.00248704 -0.00403509 -0.00166546 -0.00253548 -0.000203193 -0.00365673 0.000924279 -0.0035376 -0.00256757 -0.00295732 0.00259109 -0.000136486 -0.000735489 0.000415497 -0.00345833 -0.00311944 -0.000624404 -0.00157803 -0.00177935 -0.0014612 0.00207689 0.000440162 -0.00495625 -0.00391204 -0.00216262 -0.00217935 -0.00326554 -0.00102178 -0.00106456 -0.000838104 -0.00539383 -0.00401285 -0.00248618 -0.00305387 -0.00312126 -0.001206 -0.00128146 -0.00270102 -0.00252891 -0.000145867 0.000154296 -0.00318375 -0.00254352 -0.0031774 -0.00227769 -0.000470089 -0.00161011 -0.00243268 -0.00270987 -0.00261926 -0.0018803 -0.00314052 0.00354444 -0.00075531 -0.00275194 -0.000498288 -0.0025378 -0.00358336 -0.00203727 -0.00232322 -0.00137747 -0.00169511 -0.000962915 -0.00304145 -0.0012698 -0.000281096 -0.00349622 -0.00342361 -0.00169835 -0.00130457 -0.000904827 
-0.0019335 0.00022604 0.0010132 -0.00223332 0.00102979 -0.000974039 -0.000230145 -0.00083084 -0.00493175 -0.0035866 -0.00183225 -0.00339047 -0.00579036 -0.00388853 -0.00734861 -0.0103319 -0.0040674 -0.00888472 -0.00629796 -0.00537748 0.000442662 0.249932 -0.0100117 0.00259568 -0.00158338 -0.00416485 -0.00133013 -0.0095166 -0.00499065 -0.00798007 -0.000469188 -0.00504548 -0.00394704 -0.00120231 -0.00346174 -0.00272647 0.000222909 -0.00212191 -0.00393608 -0.00343841 -0.00477601 -3.14097e-05 -0.00289087 -0.000926522 -0.00296348 -0.00188038 -0.00237012 -0.00331271 -0.00214351 -0.00375048 -0.00226226 -0.00141853 -0.000728933 -0.000583666 -0.00157228 -0.000822526 -0.00143958 -0.00360918 -0.0019039 0.00134695 -0.000832851 -0.00115824 -0.00327708 -0.000804074 -0.00418235 -0.00300832 -0.00159414 -0.00234651 0.000305033 -0.00241005 -0.00258298 0.00184647 -0.00170525 -0.0044236 -0.00255534 -0.00227152 -0.00298077 -0.00105888 -0.00133819 -0.000230736 0.000349557 -0.00212416 -0.00485933 -0.00238203 -0.00143006 -0.00356129 -0.00320682 -0.00148183 -0.00242442 -0.00229843 -0.00224334 -0.0015185 -0.000824259 0.000807417 -0.0016895 -0.00147244 -0.00359797 -0.00307799 -0.00288701 -0.00303487 
-0.00210543 -0.00425461 -0.000885273 -0.00022099 -0.00112953 -0.0018625 -0.00597508 -0.00372009 -0.00479276 -0.0055167 -0.00609011 -0.00586656 -0.0011605 -0.00201508 -0.00387073 -0.000771093 -0.00151235 -0.000650259 0.000273664 -0.00155541 -0.000628827 -0.0100117 0.24485 0.00472353 -0.00758668 -0.00567429 -0.00413826 -0.00191037 -0.00652611 -0.00129756 -0.00620586 9.2438e-05 -0.00183934 -0.00843243 -0.00266343 -0.00371912 -0.00429778 0.00058071 -0.00206943 -0.00200318 -0.000348416 -0.0018338 -0.00299875 -0.000812989 -0.00184762 -0.00423618 -0.00230598 0.000304101 -0.000799793 -0.00229854 -0.00317377 -0.00255895 -0.00172665 -0.00314514 -0.000701081 -0.0023668 -0.00311647 -0.00208542 -0.00323671 -0.00175426 -0.0030565 -0.000126828 -0.00146811 -0.00241997 -0.00243957 -0.00364013 -0.00237959 -0.001883 -0.00394139 -0.00203813 -0.00162216 -0.00308684 -0.00388806 -0.00158372 -0.00217971 -0.00264676 -0.00382356 -0.00274156 -0.000863073 -0.00370035 -0.00355722 -0.000621197 -0.00180167 -0.00274735 -0.0037326 -0.00281781 0.00122137 -0.00211802 -0.00201697 0.000570068 -0.0017894 -0.000561056 -0.000306583 -0.00174533 -0.00175093 -0.00148042 -0.00140997 -0.00177632 -0.00566376 -0.00288352 
-0.00284529 -0.00549516 -0.00195628 -0.00130742 -0.0011634 -0.00242725 0.00177203 -0.00273809 -0.00317406 -0.00598451 -0.00291885 -0.00169631 -0.00560834 -0.00508334 -0.00605738 -0.00386575 -0.0119857 -0.0175765 -0.0101643 0.00402574 -0.00552752 0.00259568 0.00472353 0.249556 0.000795592 0.00256857 -0.00432681 -0.00145465 -0.00464083 0.000961642 -0.00444927 -0.00577535 -0.0042405 -0.00325677 -0.00549491 -0.00134496 -0.00265814 0.000755511 -0.00191396 -0.00239802 -0.00297505 -0.00263412 -0.00339338 0.000906451 -0.000292466 -0.0022233 -0.00233641 -0.00153088 -0.00494743 -0.00318356 -0.00421512 -0.000986377 -0.000903759 -0.00419285 -0.000276717 -0.00031068 -0.00431367 -0.00182884 -0.00218061 -0.00078262 -0.00129109 -0.00189763 -0.0031978 -0.00256145 -0.00298971 -0.000860871 -0.000958632 -0.000103779 -0.00308534 0.000395075 -0.00223385 -0.0011626 -0.00240211 -0.000773781 -0.00038503 -0.00202713 -0.00280971 -0.00125404 -0.00195074 -0.00559005 -0.00186118 -0.00345741 -0.00459492 -0.00182489 -0.00335933 -0.00319846 -0.00444665 -0.00141695 -0.0031233 -0.00240199 -0.00187499 -0.00163628 -0.00278015 -0.0015767 -0.00321141 -0.000487422 -0.00273675 6.3004e-05 -0.0015588 -0.00299883 
-0.000661979 -0.00124943 -0.00228246 -0.00176764 0.000929172 -0.00301827 -0.00288776 -0.00317116 -0.00323749 -0.0018097 -0.00504147 -0.00254508 -0.00639635 -0.00580981 -0.00757026 -0.0112699 -0.00537808 -0.00531761 -0.00487267 -0.0080225 -0.00454779 -0.00158338 -0.00758668 0.000795592 0.241484 -0.000170053 -0.00889081 -0.00431202 1.96329e-05 0.000628364 0.000116381 -0.00177706 -0.00181908 -0.00239113 -0.00207686 -0.00443937 0.000291369 -0.00197874 -0.00258176 -0.00341362 -0.00155259 -0.000253497 -0.00223412 -0.00310658 -0.00292404 -0.00161697 -0.00141556 -0.00177813 -0.00374779 -0.00206671 -0.00221422 0.000437637 -0.00211277 -0.00279685 -0.00131344 -0.00381957 -0.00287381 -0.00202795 -0.0020084 -0.000888797 -0.00218232 -0.0021555 0.000539845 -0.0024795 -0.00338317 -0.00278107 -0.000993064 -0.00329622 -0.00212805 -0.00156384 -0.00213316 -0.000507372 -0.000145085 -0.00125738 0.000402433 -0.00100182 -0.00243459 -0.00298735 -0.00119789 -0.00248448 -0.00154237 -0.00193292 3.12841e-05 -0.00267545 0.000374996 0.000197215 -0.00217035 -0.00228944 -0.00187026 -0.000736544 -0.0040198 -0.00418348 -0.000190332 -0.00433816 -0.00218324 -0.00213868 -0.00427619 -0.00168693 -0.00195937 -0.00231309 
-0.00187102 -0.00148915 -0.00036927 -0.00339376 -0.00226415 -0.00238207 -0.00445368 -0.00224875 0.000125721 0.00116805 -0.00133636 -0.00792715 -0.00362443 -0.00714219 -0.010662 -0.00151426 -0.0107426 -0.00402972 -0.00886003 0.000322914 -0.0107998 -0.00416485 -0.00567429 0.00256857 -0.000170053 0.243866 -0.00449545 -0.00740477 -0.00147004 -0.00368742 -0.00198932 -0.00356893 -0.00110461 -0.00352907 -0.00144446 0.00010882 -0.00198716 -0.00208725 -0.00285315 -0.00348058 -0.00405271 -0.00229249 -0.00121091 -0.0032007 -0.00346528 -0.00112341 -0.00104957 0.000838738 -0.00254829 -0.000955295 -0.00484716 -0.00205718 -0.00111266 0.000296425 -0.0019405 -0.00110429 -0.00057235 -0.000823338 0.000809323 -0.00347059 -0.00262423 -0.00102181 0.000138887 -0.00186146 -0.00204028 -0.00245707 -0.00324826 -0.00251587 -0.00377911 0.000569835 -0.00245628 -0.000690883 -0.000861589 -0.00196503 -0.00104004 -0.00102225 -0.00222522 -0.00417926 -0.00334754 -0.00156006 -0.00394426 -0.000629546 -0.00199651 -0.000136618 -0.00211887 -0.0013134 -0.00275826 -0.000267004 -0.00209618 -0.00379099 -0.00133045 -0.00239969 -0.000519073 -0.00411303 -0.00159465 -0.00213769 -0.00249952 -0.00191344 -0.00203184 -0.00427731 
-0.00192092 -0.00184875 -0.00118917 -0.00256662 -0.00312074 -0.00297561 -0.00191055 -0.00182474 -0.00561198 -0.00353025 -0.00230311 -0.00497067 -0.00263365 -0.00208662 -0.00608964 -0.00250774 -0.00668592 -0.00352175 -0.0117863 -0.00828701 0.00316849 -0.00133013 -0.00413826 -0.00432681 -0.00889081 -0.00449545 0.220464 -0.000695448 -0.0013157 0.000104327 -0.00237367 -8.38615e-05 -0.00145216 -0.00214299 -0.00103871 -0.00316901 -0.00245335 -0.00225316 -0.00355446 -0.00188542 -0.0044242 -0.00148063 -0.00133703 -0.00159245 -0.00125295 -0.00256666 -0.00249645 -0.00184563 -0.000320327 -0.00333326 0.000434971 -0.00102784 -0.00158338 0.000334588 -0.00181343 -0.00217298 -0.000679275 -0.000252854 -0.00243922 -0.00456945 -0.00143864 -0.00121156 -0.00218422 -0.00402196 -0.000202446 -0.000561558 -0.00291673 0.000316859 0.0010313 -0.000344378 -0.00287985 -0.000121769 -0.000780509 -0.00203254 -0.00152314 0.000297423 -0.00216222 -0.00200254 -0.00200112 -0.000623181 -0.00155558 -0.00336685 -0.00126927 -0.00277457 -0.000636245 -0.00293582 -0.000866707 -0.00346243 -0.000264902 0.000190426 -0.00207427 -0.0015958 -0.00212552 -0.00229443 -0.00152875 -0.00375996 -0.00322047 -0.00232181 -0.00200311 -0.00311839 
-0.00213225 -0.000481031 -0.00102626 -0.0027539 -0.000696394 0.000419693 -0.00310474 -0.00353708 -0.00351206 -0.0021704 1.11193e-05 -0.00165016 -0.00379012 -0.00161499 -0.00175138 -0.000862145 -0.00412981 -0.00502081 -0.00258683 -0.00895911 -0.0144155 -0.0095166 -0.00191037 -0.00145465 -0.00431202 -0.00740477 -0.000695448 0.205846 -0.00185505 -0.00490448 0.00135725 -0.00426025 -5.55221e-05 -0.000243417 0.000353458 0.00128112 -0.000979924 -0.00070874 -0.00189264 -0.00221185 -0.00106475 0.00119453 -0.00195988 -0.00173275 -0.000167608 -0.00331174 0.000571078 -0.000703376 -0.000144491 -0.00342296 -0.00232285 0.000364022 -0.00251224 -0.00391494 -0.00191907 -0.00374693 -0.00181615 -0.00285403 -0.00154976 -0.00201712 -0.000274284 -0.000576483 -0.00107527 -0.00348105 0.000443997 -0.00125265 -0.00248589 -0.0018658 -0.00417383 -0.00350905 -0.000652169 -0.00335204 -0.00216264 -0.00289053 -0.00171356 -0.00289352 -0.000595519 -0.00414531 -0.0012276 -0.00317699 -0.00172921 -0.00199398 -0.00115851 -0.00329057 -0.000715676 -0.00044074 -0.000163827 -0.00188575 -0.00218372 -0.00137004 -0.00161082 -0.00106034 -0.00286984 0.000239845 -0.00280506 -0.000776761 -0.00151236 -0.00152065 -9.82092e-05 -0.00163083 
-0.000973625 -0.00136402 -0.00156833 0.000831007 -0.00202802 -0.00219614 0.000541639 -0.0024152 -0.00119398 -0.000555101 -0.00182225 -0.00113868 -0.00450074 -0.00297636 -0.000743127 -0.00281463 -0.00817818 -0.00447287 -0.00657926 -0.00269782 -0.00960984 -0.00499065 -0.00652611 -0.00464083 1.96329e-05 -0.00147004 -0.0013157 -0.00185505 0.185881 -0.000993344 -0.00318632 -0.00273266 3.2374e-05 -0.00165007 -0.00100772 0.00108756 -0.0002794 -0.00272125 -0.00113391 -0.00318148 -0.00200466 -0.00135865 -0.000645138 0.000279235 -0.000451975 -0.0013201 -0.000797129 -0.0023966 -0.00136263 -0.0028825 -0.00194786 -0.00315376 -0.0019023 -0.00202387 -0.00199349 -0.00221674 -0.00285614 -0.0035274 -0.00448769 -0.0020325 -0.00314148 -0.000696525 -0.00218857 -0.00248405 -0.00202243 -0.00156718 -0.00189967 -0.00207054 -0.00101328 -0.00152289 -0.00191657 -0.000104985 -0.00147527 -0.0021529 -0.00246466 -0.000111748 -0.00257179 0.00072972 -0.00019711 -0.00160152 -0.00107604 -0.00223303 -0.000615536 -0.00023092 -0.00109388 -0.00052943 -0.00119152 -0.00152697 -0.00042216 -0.00186206 -0.000960867 -0.000717397 -0.000787656 -0.00108452 0.000239781 -0.000810115 -0.00191941 -0.00204967 -0.00129484 -0.00315897 
-0.000949409 -0.000349054 -0.000723657 -0.00134318 -0.00131896 -0.00326158 -0.00350423 -0.000898895 -0.00146489 -0.00306466 -0.00437272 -0.00107079 -0.00505526 -0.00573135 -0.00684509 -0.00423527 -0.0109469 -0.0107772 -0.000883836 -0.00463389 -0.00248704 -0.00798007 -0.00129756 0.000961642 0.000628364 -0.00368742 0.000104327 -0.00490448 -0.000993344 0.159052 -0.00140437 -0.00120539 -0.00123889 -0.000935631 0.000161006 -0.00266135 -0.000959176 0.0007899 -0.000940706 -0.000264664 -0.000305601 -0.00238094 7.87119e-05 0.000296181 -0.00161273 -0.00136954 0.000118923 -0.00121159 -0.0015003 -0.00164772 -0.00105425 -0.000343825 0.000464953 -0.00127843 -0.00082316 -0.0014506 -0.00182125 -0.000816746 -0.00198449 0.000214302 -0.00203695 0.000924593 -0.00132738 -0.000219912 0.00105358 -0.0011807 -0.00111328 -0.00141988 -0.00263311 -0.00149858 -5.02902e-05 -0.00165507 -0.00199879 -0.00183295 -0.000918825 -0.00163526 -0.000729846 -0.000911407 -0.000533071 -0.00082927 -0.000776589 4.49299e-05 -0.0009111 -0.000941174 -0.000379635 -0.00298994 -0.00099652 -0.000873576 -0.00108624 -0.00169572 -0.0012848 -0.00120653 -0.000864095 -0.0012175 -0.000291641 -0.0006525 -0.00116236 -0.000778078 -0.000597316 -0.00167104 
-0.00105762 -0.00131757 -0.000480349 -0.000818562 -0.00231195 -0.001006 -0.00216319 -0.000139525 -0.00275459 0.00129371 -0.00158297 -0.00278637 -0.00278178 -0.00552577 -0.00131492 -0.00315148 -0.00360444 -0.00699221 -0.00162368 -0.00403822 -0.00403509 -0.000469188 -0.00620586 -0.00444927 0.000116381 -0.00198932 -0.00237367 0.00135725 -0.00318632 -0.00140437 0.141061 -0.00318977 -0.00349399 0.000999019 -0.000677099 -0.00192982 -0.00107281 -0.000270239 -0.00166834 -0.00213971 -0.0023198 -0.00121108 -0.00155121 -0.0019629 -0.00147346 -0.000546453 5.12066e-06 0.000829385 0.000176923 -0.000761549 -0.00189638 -0.000691301 -0.000625839 -0.000930692 -0.001058 -0.00132819 -0.00210848 -0.00250077 -0.000965557 -0.000926475 -1.39311e-05 -0.000281907 -0.00190978 -0.00102958 -0.00141924 -1.42006e-05 0.000383871 -0.00101859 2.47884e-05 -0.000363237 -0.00157204 -0.00180693 -0.00115912 -0.000577452 -0.00116491 -6.35187e-05 -0.000603193 -0.000519468 -0.00203654 -0.00048031 -0.000916327 -0.00160233 -0.000797324 -0.00252593 -0.000418533 -0.00091448 -0.00226003 -0.00119246 -0.000710665 -0.00115662 -0.000378736 -0.0012257 -0.00096197 -0.0012977 -0.000301881 -0.00147109 -0.00127647 -0.00203994 -0.00121453 -0.000686557 
-0.000650146 -0.000220575 -0.000603036 -0.00053125 -0.00171078 -0.00309243 -0.00319992 -0.00261522 -0.00342554 0.000762372 -0.00402924 -0.00259624 -9.8555e-05 -0.000363144 -0.00770526 -0.00387202 -0.0017947 -0.0041151 -0.00180196 -0.00441041 -0.00166546 -0.00504548 9.2438e-05 -0.00577535 -0.00177706 -0.00356893 -8.38615e-05 -0.00426025 -0.00273266 -0.00120539 -0.00318977 0.150203 -0.000221883 -0.00254334 -0.000389879 0.00129824 -0.000734003 -0.000376433 -0.00169346 -0.00151999 -0.0016943 -0.00170847 -0.0018316 -0.00110994 -0.00161489 -0.000526262 -2.3478e-05 -0.000742725 -0.000357322 -0.00248538 -0.00118862 -0.000313953 -0.00209584 -0.000346131 -0.00159637 -0.000866626 -0.00103565 0.000118337 -0.00344405 -0.000281516 -0.000881468 -0.000283612 -0.00196797 -0.00250174 -0.000317258 -0.00173584 -0.00121738 -0.00121371 -0.0013059 -0.000704042 0.000210364 -0.000299547 -0.000893786 -0.00104208 -0.000801879 -0.000934975 -0.00140669 -0.000823058 -0.000333616 -0.00256163 -0.00114754 -0.000845574 -0.000803222 -0.000734407 -0.00148851 -0.0015536 -0.00156291 -0.000791507 -0.000203293 -3.99402e-05 -0.000704575 -0.000866807 -0.0015909 -0.00215096 -0.00137743 -0.00214119 -0.000756153 -0.00182631 -0.00105067 -0.00294131 
