0.0831883 0.000675656 -0.000533243 -0.000215694 -0.000480364 -0.000453634 -0.00125052 -0.00120539 -0.00101486 -0.00215752 0.000125945 -0.0012226 -0.00381481 -0.00160914 -0.0022845 -0.00410168 -0.00107201 -0.0016834 -0.0026937 -0.00171112 0.00167862 -0.00340052 -0.0030191 -0.000455347 -0.00511611 -0.00241783 -0.000570811 -0.00079938 -0.000918724 -0.00206361 -9.14861e-05 -0.000771609 -0.000172581 -0.00145394 -0.000590913 -0.00119082 -0.000465024 -0.000328129 -0.000780336 0.00076687 -0.000935991 -0.000410138 -0.000487101 -2.56025e-05 -0.00103121 -0.000354812 -0.000537651 -0.00118348 -1.81874e-05 0.000183414 -0.000186054 -0.00214874 -0.00029519 -0.000401416 -0.00174348 -0.000622014 3.29693e-05 -0.000484567 -0.000384643 -0.00107404 -0.00114452 -0.00072737 -0.000396693 -0.00141439 0.00033298 -0.00124611 -0.00036435 -6.13184e-05 -0.000799328 -0.000227332 -0.00120166 -0.000599121 -0.000818302 -0.000288532 -0.00144123 -0.00043217 -0.00157866 2.67136e-05 -0.000483753 -0.00108711 -0.000396958 -0.000926304 2.05683e-05 -0.000141887 -0.00047565 -0.000244209 -0.0012744 -0.000153307 -0.000269119 -0.000369553 -0.000559542 -0.000284509 0.000221006 -0.000664406 -0.000838684 -8.57707e-05 -0.000356325 -0.000326601 -0.000893578 -0.000245499 
0.000675656 0.0969886 3.20299e-05 1.78127e-05 -0.000140598 8.42512e-05 0.000248554 -0.000925094 -0.00170804 -0.00162896 0.000235118 -0.00241818 -0.00131474 -0.00211882 3.8086e-05 0.000155044 -0.00280569 -0.000130922 -0.00511322 -0.00344786 1.20934e-05 -0.00221071 -0.00332694 -0.00177952 -0.00214054 -0.00401906 0.000733597 -0.00115572 -0.00298614 -0.00222375 -0.00369474 -0.00198045 -0.00287861 -0.000348328 -0.0011039 -0.00057839 -0.00090784 -0.00175077 0.000183282 -0.00124314 -0.00188252 -0.000252463 -0.000479091 -0.00041023 -0.00180108 -0.000689233 -0.000674065 -0.00137044 -0.000331654 -0.000562448 -0.000180659 -0.000736395 -0.000184506 -0.000824105 -0.00116894 -0.000765763 -0.000115175 -7.73956e-05 -0.00154514 -0.000876243 -0.000586701 -0.00133765 -0.00047188 -0.00181087 -0.000322471 -0.000299003 -0.00151045 -0.000325435 -0.000972249 -0.000247631 -0.000548632 -0.000878831 -0.00105632 -9.13457e-05 -0.00184209 -0.00114156 -0.000444428 -0.000787923 0.000194737 -0.0011675 -0.00038771 -0.000724014 -0.000416497 -0.00123944 -0.000558382 -0.000146042 -0.00114854 -0.000765241 -0.00100824 -0.000516893 -0.00117026 -0.000618739 -0.00110281 -0.000368046 -0.000833062 -0.00145267 -0.000726779 0.00019199 0.000564678 -0.000321009 
-0.000533243 3.20299e-05 0.0945113 0.000290315 -4.07669e-05 0.000354598 -0.000530372 -0.0022241 -0.00179248 0.000172217 -0.000632708 -0.000939776 -0.00188116 -0.000696574 -0.00405759 -0.000817612 -0.000750591 -0.00227488 -0.0020012 -0.0029178 -0.00167617 -0.00571072 -0.00420868 -0.00120391 -0.00135719 -0.00140615 -0.000828875 -0.00115209 -0.00271331 -0.000514093 -0.000853471 -0.000615211 -0.00234802 -0.000650541 -0.0015577 -0.000110474 -0.00110263 -3.81296e-05 -0.000266708 -0.000816075 -0.000578181 -0.00112224 -0.000425892 -0.000998105 -0.00158206 -0.000283452 -0.000676187 -0.000690417 -0.00100815 -0.000567907 -0.000380494 -0.000820592 -0.000191565 -0.0014585 -0.00134213 -0.000489273 -0.00133296 -0.000842991 -0.00104436 -0.000820778 -0.000739604 -0.00138292 -0.000495472 -0.00156704 -0.00120886 -0.00102086 -0.000806701 -0.000467523 -0.000570457 -0.000418845 -0.000936248 0.000163602 -0.000482822 -0.00130456 -0.00126373 -0.000276907 -0.00106931 -0.000702775 -7.20774e-05 -0.00080373 -0.0013727 0.000306257 -0.000907271 2.50582e-05 -0.00061028 -0.00037081 -0.00115742 -0.000661775 -0.000128361 -0.000357996 -0.000634349 -0.000388003 -0.000445849 -0.00133681 -0.000735254 -0.00107537 -0.00109593 -0.000773437 -4.00384e-06 -0.000332107 
-0.000215694 1.78127e-05 0.000290315 0.0834036 5.80735e-05 -4.46361e-05 -0.00123935 -0.000209967 -0.000795927 0.00018385 -0.000452323 -0.00110568 -0.00181453 -0.00210718 0.000183485 -0.0016947 -0.000256161 -0.00349613 -0.00240701 -0.00396414 -0.000148119 -0.00253595 -0.00253799 -0.00348068 -0.00253539 -0.000837062 0.000233195 -0.000902276 -0.00226203 -0.00253308 -0.00152792 -0.000431024 -0.00171515 -0.00154434 -0.00034934 -0.000992747 0.00028774 -0.000942007 -0.000677656 0.00048487 -0.000163163 -0.000450415 -0.000381575 -0.000532133 -0.000291051 0.00015735 -0.000506233 -0.000167164 0.000157752 -0.000516723 -0.000263564 -0.000667067 -0.00130003 -0.00141689 -0.00090304 -0.000474215 -0.000676268 -0.000860887 -0.000201837 -0.00150134 -0.000792554 -0.000551552 -0.00125096 -0.000881444 -0.000378871 0.000352906 -0.000825476 0.000185316 -0.000538482 -0.000897258 -0.000317514 -0.00111406 -0.00108204 -0.00183457 -0.00132291 -0.00108 -0.00117465 -0.000799168 -0.000484574 0.000272522 -2.54601e-05 0.000312876 -0.00066489 -0.000256316 -0.0010696 -0.00118 -0.000603122 -0.00109783 -0.000518869 -0.000827868 -0.00114779 -0.000190892 -0.000337011 -0.00119542 -0.000648682 -0.000786504 -0.0011218 -0.00169583 -0.000789102 -6.87719e-05 
-0.000480364 -0.000140598 -4.07669e-05 5.80735e-05 0.0994169 -0.00033029 -0.000455123 0.00101594 -0.000727945 -0.000250694 -0.0003534 -0.00405148 -0.00140066 -0.0015087 -0.00206449 3.7686e-05 -0.00267688 -0.00467902 -0.00315168 -0.00453227 -0.00183382 -0.00278477 -0.00328497 -0.00116447 -0.000963532 -0.00195258 -0.00340564 -0.00175872 -0.000185549 -0.000770176 -0.0014522 -0.00277569 -0.00234883 -0.000888736 -0.000836785 -0.000507882 -0.00145153 -0.000581078 -0.000532301 -3.88096e-05 -0.00149403 0.000325951 -0.000747337 -0.000743972 1.82717e-05 -0.000875842 -0.00122968 -0.000207076 -0.00062445 -0.000404666 -0.000191474 -0.00157008 -0.000629604 -0.00138849 -0.000569003 -0.00121424 0.000109453 -0.00155359 -3.74503e-05 -0.000866289 -0.00021334 -0.000444512 -0.000864942 -0.000967554 0.000145944 -0.000672439 -0.00265983 -0.00112232 -0.0017068 8.12511e-05 -6.90754e-05 -0.000403265 -0.00174586 -0.000677102 -0.00141454 2.68359e-05 -0.000584179 -0.000853651 -0.00151887 -0.000853822 -0.00100689 -0.00105357 -0.00106899 -0.000660755 -0.000376424 -0.000353096 -0.000414276 -0.00118103 -0.00144183 0.000262287 -0.000329351 -0.000912642 -0.000327438 -0.000560241 -0.00116671 -0.000857464 -0.00063863 -0.000419874 -0.00116369 -8.38334e-05 
-0.000453634 8.42512e-05 0.000354598 -4.46361e-05 -0.00033029 0.0985137 -0.00113194 -0.00037929 -0.00122406 0.000425431 0.000904751 -0.000632218 -0.00150692 -0.0037497 -0.00512624 -0.00222637 -0.00185553 -0.00260018 -0.00274112 -0.00238467 0.00064346 -0.000199981 -0.00510271 -0.00468059 -0.00463311 -0.00239946 -0.00247616 -0.00215147 0.000580546 -0.00207528 -3.0817e-05 -0.00129072 -0.000965086 0.000314343 -0.00032203 -0.00025103 -0.00184359 -0.000735683 -0.000884242 -0.000916805 -0.0014607 -0.000881023 -0.000751545 -0.000234295 -0.000626826 -0.000850648 -0.00126064 4.08885e-05 -0.000555503 -0.000479526 -0.00152942 -0.00116713 -0.00111769 8.77552e-05 -0.000170635 -0.000659756 -0.000480128 -0.00105722 -0.000731361 -0.000331558 -0.000792573 -0.00170466 -0.00123471 -0.00188921 -0.00109115 -0.00057636 -0.00149183 -0.000866384 -0.00100494 -0.000270689 -0.000402222 -0.000620565 -0.000355752 -0.000848645 -4.62395e-05 0.000376444 -0.000954555 -0.00132857 -0.000567945 -0.000450453 -0.00053279 -0.00109562 2.39357e-05 0.000493177 -0.000874154 -0.00172812 -0.000544798 -0.00102616 -0.00100618 -0.000669766 0.000170765 -0.000380426 -0.00137152 -0.000596206 -0.00122777 -0.0021307 -0.00101308 0.00107936 -0.000664641 -0.00104284 
-0.00125052 0.000248554 -0.000530372 -0.00123935 -0.000455123 -0.00113194 0.101634 -0.000119644 -0.00146946 -0.00022371 -0.00165351 0.000540506 -0.00072672 -0.00198858 -0.000695879 -0.00221881 -0.00264878 -0.00564833 -0.00182693 -0.00307706 -0.00146376 -0.000550173 -0.0035137 -0.00453566 -0.00148647 -0.0021992 -0.00191869 -0.00118105 -0.00235214 -0.00240991 -0.00180575 4.13756e-05 -0.00131247 -0.00131442 -0.00120045 -0.00151437 -0.00165087 7.4477e-05 -0.000491848 -0.000374368 -0.00173468 -0.000825277 -0.000618575 -0.000861991 -0.00211769 0.000398711 -0.00142193 -0.0011337 5.52717e-05 -0.000464367 -0.000977146 -0.00058705 0.000336193 -0.000277483 -0.00088767 -0.000847967 -0.000395945 -0.000198504 -0.000936203 -0.000266626 -0.000992665 -0.00154776 -0.00137611 -0.00146651 -0.00126489 -0.000694307 -0.000504528 -0.000757429 -0.000196102 0.000154276 -0.00106322 -0.00148385 -0.00123419 -0.000921568 -0.00102683 -0.000433453 -0.000148678 -0.000498674 -0.000222514 -0.00110551 -0.000963393 8.67649e-05 -0.00107905 -0.000132041 -0.000402323 0.000525916 -0.000847324 -0.000451344 0.000122607 -0.000812396 -0.00179462 -0.00135109 -0.000299233 -0.000771808 -0.00117584 -0.00196613 -0.000766826 -0.00011874 -0.000565745 -0.00104901 
-0.00120539 -0.000925094 -0.0022241 -0.000209967 0.00101594 -0.00037929 -0.000119644 0.125372 0.000797416 -0.000318465 -0.00222432 -0.00281936 -0.00365609 -0.000832025 -0.00403613 -0.00431071 -0.00477128 -0.00477526 -0.0025999 -0.00603886 -0.00202885 -0.00053346 -0.00214176 0.00127373 -0.00641198 -0.000269654 -0.000568612 -0.00190344 -0.0041102 -0.00222273 -0.000738482 0.000212103 -0.000462012 -0.00118049 -0.00198373 -0.00279354 0.000483037 -0.000368423 -0.00164682 -0.00225627 -0.0012717 -0.00126691 -0.000595433 -0.00182577 8.82561e-05 -0.000426985 -0.000721069 0.00017762 -0.00103568 -0.000586424 -0.00156433 -0.000943431 -0.00114489 -0.0023673 -0.00111798 -0.00143163 -0.00106972 -0.000497218 -0.00088723 -0.00161772 -0.0019394 -0.000934425 -0.00185921 -0.00140427 4.38055e-05 -0.000211628 -0.000569443 -0.00102957 -0.00124703 -0.0011474 -0.00173868 -0.000108347 -0.000172889 -0.00155229 -0.00091462 -0.000959802 -0.00188255 -0.00106315 -0.0013671 0.000217308 -0.000725999 -0.00112777 -0.00101805 -0.00137836 -0.000785036 -0.000857197 -0.00103556 -7.63133e-05 6.01447e-05 -0.00105381 -0.000926018 -0.00172002 -0.000739396 -0.00214853 -0.000355114 -0.0024023 0.000357321 0.000855686 -0.000737864 -0.000327637 
-0.00101486 -0.00170804 -0.00179248 -0.000795927 -0.000727945 -0.00122406 -0.00146946 0.000797416 0.123898 -0.00229345 -0.00205528 -0.00182141 -0.00227286 -0.00163457 -0.000505101 -0.00102486 -0.00417709 -0.00492151 -0.00101927 -0.00839733 -0.00470376 -0.00261251 -0.00269888 0.00135112 -0.00100932 -0.00165494 -0.00442544 0.000199583 -0.00290201 -0.00174511 -0.000956848 0.00063641 -0.000113699 -0.00270916 -0.00089619 -0.00179456 -0.00145135 -0.00151323 -0.00059671 -0.000631216 -0.0011316 -0.000272235 -0.000358196 -0.000142986 -0.00133358 -0.000990631 -0.00137687 -0.00139531 -0.000731022 -0.0010006 -0.000756758 -0.00207989 -0.00108274 0.000807091 -0.000582133 -0.00122915 -0.00121424 -0.000582036 -0.00104669 -0.000961752 -0.00147909 -0.00144673 -0.00118853 -0.00104891 -0.000377293 -0.00127087 -0.000895568 -0.000868226 -0.00197615 0.00023472 -0.00124067 -0.00101958 -0.00223403 -0.00111339 -0.00120833 -0.000430971 -0.000480494 -0.000682145 -0.000744833 -0.00132738 -0.0011905 -0.000593972 -0.00151293 -0.00142005 0.000641929 -0.00110304 -0.000564963 -0.00138977 -0.000294772 -0.000359991 -0.0019394 -0.000571633 -0.00116999 -0.000837198 -0.00118591 -0.00152035 0.000357993 -0.00131986 -0.000530316 -0.000848069 
-0.00215752 -0.00162896 0.000172217 0.00018385 -0.000250694 0.000425431 -0.00022371 -0.000318465 -0.00229345 0.127638 -0.0021917 -0.00358806 -0.00089494 -0.00223056 -0.00406945 -0.00428 -0.00075185 0.00117472 -0.00715914 -0.00304344 -0.00497809 -0.00650954 -0.00418889 -0.00436425 -0.00082429 -0.000628138 -0.00363862 0.00134726 -0.00246124 0.00309202 -0.00328098 -0.00130531 -0.00294579 -0.00306855 -5.26788e-05 -0.000321558 4.7009e-05 0.000208821 -0.000629623 0.000227549 -0.00186163 -0.000435639 -0.000708572 -0.00130184 -0.00171807 -0.00135142 -0.00133083 -0.00153481 -0.00150025 -0.00168138 -0.000379878 0.000144084 -0.00054514 -0.00046578 -0.000427284 -0.00130037 -0.00072236 -0.000949212 -0.000717951 -0.000671308 -0.000913468 -0.0012067 -0.00100239 -0.000723825 -0.000574723 -0.00178002 -0.00140728 -0.000385222 -0.000911734 -0.000557205 -0.00175945 -0.000963444 -0.00168267 -0.00107926 -0.00284513 0.000143052 -0.000551036 -0.00144435 -0.00094397 -0.00160835 -0.0040611 -0.000257347 -0.000485471 0.00100629 -1.09649e-05 -0.000392117 -0.00109374 -0.00167179 -0.000895929 -0.000834984 -0.000829329 -0.00086023 0.000191155 -0.0012097 -0.000265031 -0.0016531 -0.000636982 -0.00113249 -0.00215087 -0.00133709 
0.000125945 0.000235118 -0.000632708 -0.000452323 -0.0003534 0.000904751 -0.00165351 -0.00222432 -0.00205528 -0.0021917 0.160852 -0.00146895 -0.00436609 0.000358387 -0.00627453 -0.00275571 -0.00500795 -0.00212513 -0.00949436 -0.000492784 -0.00717562 -1.78497e-05 -0.00519746 0.00214411 6.54385e-05 -0.00498847 -0.0029082 -0.00158461 -0.00118173 -0.00250526 -0.00164331 -0.000831051 -0.00202273 -0.00171779 -0.00109332 -0.000377887 -0.00309224 -0.00181564 -0.00152978 -0.000382323 -0.0013146 -0.00115888 -0.000218185 -0.00168756 -0.00191505 -0.00184741 -0.00103925 -0.00205455 -0.00122445 -0.00154321 -0.00113196 -0.00268421 -0.00202467 -0.00169994 -0.00274125 -0.00154271 -0.000162126 -0.0015848 -0.00276419 -0.000171835 -0.00196834 -0.000947702 -0.00291098 -0.00151531 -0.00267321 -0.00164353 -0.0023625 -0.000921894 -0.00327581 -0.00141108 -0.00129119 0.000668174 -0.00200403 -0.00111274 -0.0010444 0.000249628 -0.000688727 -0.00203264 -0.000160791 -0.000974929 -0.00126962 -0.00144282 -0.000888513 -0.000479991 -0.00167023 -0.0023727 -0.000753946 -0.00133911 -0.00102217 -0.000987121 -0.00153066 -0.000536596 -0.000330119 -0.00181031 -0.00137282 -0.00250019 -0.00189322 -0.00018231 -0.00189052 -0.00026576 
-0.0012226 -0.00241818 -0.000939776 -0.00110568 -0.00405148 -0.000632218 0.000540506 -0.00281936 -0.00182141 -0.00358806 -0.00146895 0.177173 -0.000519871 -0.00155555 -0.00152091 0.0014469 -0.000398847 -0.00417935 -0.00294564 -0.00605316 -0.00540146 -0.00512784 -0.00203971 -0.00188787 -0.00741536 -0.0106095 -0.000230817 -0.00408901 -0.00362604 -0.00500123 0.000940614 -0.000909179 -0.00471491 -0.00115285 -0.000708749 -0.00120974 -0.000677471 -0.00306464 -0.00159318 -0.00144874 -0.000612829 -0.000746965 -0.00124973 -0.00122948 -0.00211802 -0.00101275 -0.000153718 -0.00124706 -0.00169165 -0.00215649 -0.000829783 -0.0013781 -0.00160099 -0.000972206 -0.00234189 -0.000664122 -0.00143315 -0.00105722 -0.00163428 -0.000587848 -0.00108352 -0.00260059 -0.00150062 -0.00151144 -0.00188734 -0.00131787 -0.000876415 -0.00163844 -0.00218454 -0.00261194 -0.00158281 -0.00161587 -0.00112903 -0.00210495 -0.000945473 -0.00121514 -0.00234664 -0.00110901 -0.00160389 -0.0030716 -0.000450554 -0.000747446 -0.00233309 -0.00117316 -0.00192364 -0.000340008 -0.000891621 -0.00291346 -0.000518296 -0.000312642 -0.00127969 -0.000420775 -0.000865292 -0.0025229 -0.000396454 -0.0018843 -0.00192992 -0.00173778 6.27217e-05 -0.000717698 
-0.00381481 -0.00131474 -0.00188116 -0.00181453 -0.00140066 -0.00150692 -0.00072672 -0.00365609 -0.00227286 -0.00089494 -0.00436609 -0.000519871 0.202072 -0.00331124 -0.00401732 0.00581118 -0.00227811 -0.0110793 -0.00378286 -0.000974774 -0.000497921 -0.0083437 -0.00659832 -0.00598013 -0.00641422 0.00373351 0.00279792 -0.00356981 -0.00524167 -0.00249595 -0.00510712 -0.00208422 -0.0036141 0.00024092 -0.00412725 -0.000601327 -0.00190228 -0.00166935 -0.00149206 -0.00377169 -0.0011557 -0.00155393 -0.00141208 -0.00103687 -0.000929623 -0.00211881 -0.00162826 -0.000780278 -0.00195394 -0.00375143 -0.00131307 -0.00300545 -0.00276602 -0.00105095 -0.00130247 -0.00157574 -0.00183887 -0.00125832 -0.00302365 -0.000420185 -0.00386766 -0.00273069 -0.00168241 -0.00128979 -0.00118695 -0.000866253 -0.00296484 -0.00285077 -0.0037148 -0.00192994 -0.00264224 -0.00229696 -0.0026521 -0.000858982 -0.00332658 -0.0010202 0.000599332 -0.00242667 -0.000519894 -0.00276689 -0.00191214 -0.00235299 -0.00229131 -0.00146506 0.000287317 -0.00138377 -0.00269977 -0.00134216 -0.000827346 -0.00304369 -0.00133122 -7.57822e-05 -0.000995863 0.000681879 -0.00195063 -0.0015015 -0.00359887 -0.00175058 5.18092e-05 0.000841376 
-0.00160914 -0.00211882 -0.000696574 -0.00210718 -0.0015087 -0.0037497 -0.00198858 -0.000832025 -0.00163457 -0.00223056 0.000358387 -0.00155555 -0.00331124 0.202979 -0.00525521 -0.000930836 -0.00186833 -0.0042861 0.00235822 -0.0128227 -0.00760549 -0.0111564 -0.00246503 -0.00142589 -0.00487985 -0.00178394 -0.0025272 0.00162202 -0.00611237 -0.00214261 -0.00110935 0.00167497 -0.00248862 -0.00521527 -0.00196307 -0.00118642 -0.00107832 -0.00181021 -0.00184096 -0.00297444 -0.00133075 -0.000833569 -0.00202857 -0.00389434 -0.00406453 -0.00149466 -0.00214862 0.000153819 -0.00180774 -0.00273114 -0.000696589 -0.000514161 -0.000544382 -0.00269513 -0.00205318 -0.00187793 -0.000338017 -0.00216946 -0.00272834 -0.00013268 -0.000765719 -0.00328623 -0.00238581 -0.000507654 -0.00111854 -0.00320182 -0.00104872 -0.000793228 -0.00379172 -0.00215637 -0.00133165 -0.00320089 -0.00294272 -0.00366594 -0.00110919 -0.00253287 -0.000793138 0.00166691 -7.5382e-05 0.000316559 -0.00212435 0.000191212 -0.00269638 -0.000910632 -0.00243459 -0.00302505 -0.000766189 -0.00074369 -0.00103167 -0.0027854 -0.00207689 -0.0013651 -0.000223266 -0.000665504 -0.00123579 -0.00131828 -0.00323957 -0.00174657 -0.00298116 -0.0028882 
-0.0022845 3.8086e-05 -0.00405759 0.000183485 -0.00206449 -0.00512624 -0.000695879 -0.00403613 -0.000505101 -0.00406945 -0.00627453 -0.00152091 -0.00401732 -0.00525521 0.218078 0.00185489 -0.00408199 -0.00567764 -0.00729961 -0.00995118 -0.00594949 -0.00259893 -0.00448644 -0.00250048 0.000735937 -0.00386568 -0.00854779 -0.00579826 -0.00358967 -0.000480598 -0.00499288 -0.00165636 0.000942787 -0.00132884 -0.0016613 -0.00401889 -0.00168411 -0.00292316 -0.00196482 0.00144013 -0.00195043 -0.00135981 0.000984364 -0.00119084 -0.00402366 -0.00273866 0.000524832 -0.000914236 -0.000102424 -0.00292351 -5.62576e-05 -0.000857096 -0.00293362 -0.00275199 -0.00160676 -0.00204695 -0.00046438 -0.00139764 -0.00190709 -0.00181449 -0.00207293 -0.0033982 -0.0027867 -0.000158766 -0.00101756 -0.00116032 4.52682e-05 -0.00252353 -4.48827e-06 -0.000944627 -0.00291204 -0.0031834 -0.00102025 -0.0025553 -0.00179561 -0.00200293 -0.000976297 -0.00217721 -0.00216956 -0.00233363 -0.0010321 -0.00231822 -0.000630055 -0.00162579 -0.00178537 0.000239542 -0.000440734 -0.000522107 -5.17166e-05 -0.00343347 -0.00407594 -0.00296135 -0.0027354 -0.00435196 0.0011452 -0.000251586 -0.00237969 -0.00455227 0.000122833 -0.00198874 
-0.00410168 0.000155044 -0.000817612 -0.0016947 3.7686e-05 -0.00222637 -0.00221881 -0.00431071 -0.00102486 -0.00428 -0.00275571 0.0014469 0.00581118 -0.000930836 0.00185489 0.227272 -0.00639443 -0.0022122 -0.00275068 -0.00250517 -0.00800386 -0.00978864 -0.00422478 -0.00302678 -0.012315 0.000496827 -0.00505545 -0.00795403 -0.00654571 -0.0039029 -0.00208241 -0.000931982 -0.0044499 -0.00322677 -0.00111217 -0.00345018 -0.00217459 -0.00523311 -0.00214443 -0.0018057 -0.00147527 -0.000996199 0.000367972 -0.000958882 -0.000422748 -0.000712519 -0.00129654 -0.00157868 -0.00212766 -0.0018542 -0.000472152 0.000629514 -0.00469007 9.36721e-05 -0.00115433 -0.00229618 -0.00155926 -0.0044007 -0.00225829 -0.00200836 -0.00108442 -0.000866737 -0.00257502 -0.00038251 -0.0031621 -0.00255974 -0.00270889 -0.00155382 -0.0042618 -0.00257565 -0.00114528 -0.00350009 -0.00355717 -0.00293216 -0.00327772 -0.00247483 -0.00232585 -0.0034759 -0.001838 0.000561273 -0.00152805 -0.0015966 -0.000584389 -0.00173134 -0.00357229 -0.00257789 -0.00160248 -0.00163026 -0.00249139 -0.00225924 -0.00156398 -0.00230169 -0.00278403 -0.00172254 -0.00113451 -0.00450335 -0.00148056 -0.000366352 0.000165417 -0.00128925 
-0.00107201 -0.00280569 -0.000750591 -0.000256161 -0.00267688 -0.00185553 -0.00264878 -0.00477128 -0.00417709 -0.00075185 -0.00500795 -0.000398847 -0.00227811 -0.00186833 -0.00408199 -0.00639443 0.236805 -0.000220904 -0.00158035 0.00702448 -0.00712722 0.000241097 -0.0123907 -0.015508 -0.00980793 -0.00682074 -0.00637694 -0.0012866 -0.00615332 -0.00396177 -0.00334335 -0.00335807 -0.00412171 -0.00196153 0.000764668 -0.00152652 -0.000416083 -0.00357668 -0.00241158 -0.00134836 -0.0013105 -0.000966032 -0.00230442 -0.00251036 -0.00262172 -0.00196738 -0.00113076 -0.000755179 -0.00103235 -0.00327735 -0.000764673 -0.00192793 -0.00035447 -0.00187253 -0.00102274 -0.0023026 -0.00126411 -0.000545328 -9.13262e-05 -0.00141091 -0.00177123 0.00140202 -0.00157066 -0.00168699 -0.00130422 -0.000403224 -0.00121795 -0.00167867 -0.0013142 -0.00139684 -0.000187096 -0.00249242 -0.00210251 -0.00125194 -0.00374804 -0.00445707 -0.00209683 -0.0028017 -0.00197744 -0.00185231 -0.000975026 -0.00048968 -0.00143248 -0.00272457 -0.00141119 -0.00278183 -0.00516635 -0.00292443 -0.0041409 -0.00330344 -0.00136643 0.000644671 -0.00343909 -0.00218103 -0.00128598 -0.0033507 -0.00355523 -0.00201864 -0.0021643 -0.00233283 
-0.0016834 -0.000130922 -0.00227488 -0.00349613 -0.00467902 -0.00260018 -0.00564833 -0.00477526 -0.00492151 0.00117472 -0.00212513 -0.00417935 -0.0110793 -0.0042861 -0.00567764 -0.0022122 -0.000220904 0.242591 -0.00824503 -0.00658824 -0.00934918 0.00204239 -0.00183553 -0.0107492 -0.0117716 -0.000828888 -0.00917747 -0.00848374 -0.00614857 -0.00479791 -0.00525724 -0.00535063 -0.00220828 -0.00269795 -6.64541e-05 -0.000534163 -0.00174691 -0.00292022 0.00132529 -0.00433409 6.2117e-05 -0.00318123 -0.00108572 0.000395085 -0.00250835 -0.00124084 -0.000973338 -0.00293437 -0.00222911 -0.000730645 -0.0028145 -0.000718508 -0.000401375 -0.00136654 -0.000687446 -0.00311134 -0.00157227 -0.00203431 -0.00166048 0.00067565 -0.000995552 -0.000618539 -0.00190574 -0.00132448 -0.00221247 -0.0017484 -0.0020431 -0.000700181 -0.00345255 -0.00444394 -0.00353857 -0.000390599 0.00181358 0.00166713 0.000285069 -0.00239943 -0.00277179 -0.000537573 -0.0013205 -0.0025347 -0.00225492 -0.00119164 0.000235463 -0.00159021 -0.000201876 -0.00445975 -0.00215267 -0.000385741 0.00139217 -0.00110954 -0.00112124 -0.00332063 0.000346772 -0.000840107 -0.00175536 -0.00302881 -0.00166674 0.0003497 -0.00366597 -0.00034122 
-0.0026937 -0.00511322 -0.0020012 -0.00240701 -0.00315168 -0.00274112 -0.00182693 -0.0025999 -0.00101927 -0.00715914 -0.00949436 -0.00294564 -0.00378286 0.00235822 -0.00729961 -0.00275068 -0.00158035 -0.00824503 0.249892 0.0043139 0.00778892 -0.00502451 0.00175088 -0.00743283 -0.00783355 -0.00481032 -0.0108406 -0.00608684 -0.00169817 -0.00591544 0.000855474 -0.00235328 0.000758632 -0.00448919 -0.00355708 -0.00316895 -0.00298839 -0.00238425 -0.00260514 -0.00454542 -0.00295236 -0.00187378 -0.00374114 -0.00188962 -0.00135425 -0.00532339 -0.00328533 -0.00222048 -0.00111267 -0.0035894 -0.00208559 -0.000552789 -0.00136661 -0.00387682 0.00189948 -0.00184842 -0.00237864 9.67773e-05 0.000672102 -0.0044434 -0.00181141 -0.00283157 -0.00332629 -0.00185454 -0.00260093 -0.00305744 -0.00283657 -0.000179434 0.00135468 -0.000831746 -0.00196027 -0.0047721 -0.000909698 -0.00411083 -0.000366659 -0.00293225 -0.0019118 -0.00329964 -0.00152166 -0.00214467 -0.00307561 -0.00238885 -0.00258549 -0.00184421 -0.0011994 -0.00204142 -0.0026457 -0.00264817 -0.00314503 -0.00233093 -0.00190762 -0.00199028 -0.00166027 -0.000344608 -0.00083969 -0.00274186 -0.000859074 -0.00328767 -0.001429 -0.00307632 
-0.00171112 -0.00344786 -0.0029178 -0.00396414 -0.00453227 -0.00238467 -0.00307706 -0.00603886 -0.00839733 -0.00304344 -0.000492784 -0.00605316 -0.000974774 -0.0128227 -0.00995118 -0.00250517 0.00702448 -0.00658824 0.0043139 0.2483 -0.00539466 -0.002095 -0.00499647 -0.00875447 -0.00166555 -0.0057337 -0.00464988 -0.00802875 -0.000119033 -0.00184995 -0.00420912 -0.00701621 -0.00371613 -0.00370144 -0.000819172 0.00113804 -6.3012e-05 -0.00246441 -0.00422163 -0.00363514 -0.00250133 -0.00238599 -0.00190761 0.000401831 0.00144097 -0.00320451 -0.00361496 -0.0022764 -0.00426857 -0.00141859 -0.00360639 -0.00274122 -0.00176222 -0.00200983 0.00220311 0.0010422 -0.00111174 -0.00169349 -0.00507256 -0.00252794 -0.00253397 -0.00181666 -0.00153458 -0.00101491 -0.00215647 -0.00190437 -0.00174203 -0.00146206 0.00184566 -0.00327003 -0.00192802 -0.00290964 -0.00186047 -0.00202241 -0.00222702 -0.00279494 -0.00146067 -0.00186342 -0.000995093 -0.0021551 -0.0013034 -0.00220989 -0.00189881 -0.00154325 -0.00211148 -0.000687146 -0.0023671 -0.000824627 -0.00393844 -0.00230799 -0.00279866 -0.0017889 -0.00331369 -0.000824081 -0.0016622 0.000158395 -0.0021982 -0.000524683 -0.00175976 -0.00201517 
0.00167862 1.20934e-05 -0.00167617 -0.000148119 -0.00183382 0.00064346 -0.00146376 -0.00202885 -0.00470376 -0.00497809 -0.00717562 -0.00540146 -0.000497921 -0.00760549 -0.00594949 -0.00800386 -0.00712722 -0.00934918 0.00778892 -0.00539466 0.243605 -0.0101335 -0.00461912 -0.00957105 -0.00690216 -0.00445368 -0.00423578 -0.0055875 -0.00150166 -0.00834863 0.00164482 -0.0046513 -0.00585746 -0.00339798 -0.00659248 -0.00147378 -0.00267481 -0.000330624 -0.00159807 -0.000647127 -0.00405766 -0.00153899 -0.00287583 -0.00116088 -0.00191738 -0.00101393 0.000956261 -0.000970241 -0.00212591 0.000320013 -0.0020391 -0.00266124 -0.00129167 -0.00364668 -0.00176429 -0.000549357 1.44077e-05 -0.000677934 -0.00200652 -0.00130638 -0.00252118 -0.00160449 0.000373745 -0.00108461 -0.000228821 -0.000819464 -0.00157244 -0.00297172 -0.00177742 -0.00203288 -0.00153105 -0.00376588 -0.0020674 -0.00279354 -0.000887026 -0.0034291 -0.00169926 -0.00156084 -0.000809469 -0.00456122 0.00106098 -0.00366006 -0.00394855 -0.000605385 -0.00175287 -0.000820907 -0.000628522 -0.00153476 -0.00131885 -0.000658561 0.000196451 -0.00218539 -0.00118923 -0.000171348 -0.00198174 -0.00373845 -0.00217073 -0.00284734 -0.00104319 -0.00280342 
-0.00340052 -0.00221071 -0.00571072 -0.00253595 -0.00278477 -0.000199981 -0.000550173 -0.00053346 -0.00261251 -0.00650954 -1.78497e-05 -0.00512784 -0.0083437 -0.0111564 -0.00259893 -0.00978864 0.000241097 0.00204239 -0.00502451 -0.002095 -0.0101335 0.249632 0.00525236 -0.00372611 0.00693656 -0.0131153 -0.00717782 -0.00225018 -0.00698605 -0.00997224 -0.00848533 -0.00760055 -0.0026593 -0.00100102 -0.00441595 -0.00328554 -0.00501754 0.000965997 -0.00180591 -0.00206519 -0.000234251 -0.0039612 -0.00223603 -0.000992872 -0.000239053 -0.0014935 -0.000758489 -0.00158097 -0.00129031 -0.00120099 -0.00127412 0.000241397 -0.00375863 -0.00331756 -0.00253305 -0.00197315 -0.00150112 -0.00231984 -0.00467126 -0.00221564 -0.00293225 -0.00126221 -0.000831133 -0.00218926 -0.00258547 -0.00121241 -0.000137562 -0.00139112 -0.000768592 -0.000894097 -0.00236884 -0.000829132 -0.0024653 -0.00200198 -0.00079047 -0.00308543 -0.00186159 -0.0012807 -0.00077123 -0.00552722 -0.000898713 -0.000854245 -0.00262301 0.000700011 -0.00240784 -0.00328252 -0.00134982 0.000849376 -0.00113056 -0.00278584 -0.00123461 -0.00237054 -0.00613899 -0.00035674 -0.00279095 0.000272781 -0.000714025 -0.00188506 7.64323e-05 -0.00275002 
-0.0030191 -0.00332694 -0.00420868 -0.00253799 -0.00328497 -0.00510271 -0.0035137 -0.00214176 -0.00269888 -0.00418889 -0.00519746 -0.00203971 -0.00659832 -0.00246503 -0.00448644 -0.00422478 -0.0123907 -0.00183553 0.00175088 -0.00499647 -0.00461912 0.00525236 0.248751 -0.00159795 -0.00190156 -0.0045407 -0.00163356 0.000889893 -0.00131306 -0.00665089 -0.00236236 -0.000324371 -0.00560789 -0.00441607 -0.00436436 -0.00430782 -0.00266255 -0.00212175 0.00140863 -0.00387689 -0.00563679 -0.00444757 -0.00268149 -0.00412281 -0.00263653 0.000703148 -0.00621927 -0.000671589 -0.00204242 -0.002542 -0.00279178 -0.00314322 -0.000433676 -0.00246714 -0.00302398 -0.00276829 -0.00299388 -0.00532508 -0.00153413 -0.0050185 -0.000648766 -0.00231295 -0.00155227 -0.00342658 -0.00159915 -0.00116582 -0.00153393 -0.000200908 -0.00214689 -0.00321539 -0.000914312 -0.000153046 -0.00191948 -0.0026807 -0.00287062 -0.00278536 -0.000858003 -0.000143487 -0.00269754 6.67804e-05 -0.00295501 -0.00352578 -0.00173977 -0.00184097 -0.00198477 -0.00196673 0.0013838 -0.00199313 -0.00370923 -0.00191811 -9.85607e-05 0.000131033 -0.0034757 -0.000276827 -0.00392465 -0.00150732 -0.000880062 -0.00217122 -0.00343661 0.000950944 
-0.000455347 -0.00177952 -0.00120391 -0.00348068 -0.00116447 -0.00468059 -0.00453566 0.00127373 0.00135112 -0.00436425 0.00214411 -0.00188787 -0.00598013 -0.00142589 -0.00250048 -0.00302678 -0.015508 -0.0107492 -0.00743283 -0.00875447 -0.00957105 -0.00372611 -0.00159795 0.249737 0.00162687 0.00206492 0.00441379 -0.000929346 -0.00898254 -0.0046373 -0.00560687 -0.00219742 -0.00502422 -0.00237545 -0.00266299 -0.00172735 -0.00283599 -0.00214344 -0.00721222 -0.00146916 -0.000992962 -0.00293999 -0.00118871 -0.0040088 -0.00170133 -0.00289457 -0.00246512 -0.00178402 -0.00302955 -0.00183193 -0.00117216 -0.000515875 -0.00251656 0.00099746 -0.00542735 -0.00178603 -0.0024682 -0.00189729 -0.000684351 -0.00296022 -0.000513216 -0.00113636 -0.00268974 -0.0025156 -0.000473432 -0.00370227 -0.00194847 -0.00077345 -0.00297594 -0.002019 -0.00140737 -0.00164824 -0.00444577 -0.00178723 -0.000693146 -0.00289257 -0.00125519 3.86804e-05 -0.00105794 -0.00433933 -0.00172013 -0.00418759 -0.000109125 -0.00326274 -0.00163898 -0.00199745 -0.000508072 -0.00419896 -0.00360095 -0.000511823 -0.00192503 -0.00481094 -0.00357155 -0.00140724 -0.000764817 -0.000580314 -0.00111362 -0.00260076 -0.00219235 -0.000776641 
-0.00511611 -0.00214054 -0.00135719 -0.00253539 -0.000963532 -0.00463311 -0.00148647 -0.00641198 -0.00100932 -0.00082429 6.54385e-05 -0.00741536 -0.00641422 -0.00487985 0.000735937 -0.012315 -0.00980793 -0.0117716 -0.00783355 -0.00166555 -0.00690216 0.00693656 -0.00190156 0.00162687 0.247441 -0.00370917 -0.000957366 0.000963934 -0.0022815 0.000638905 -0.00725735 -0.00538083 -0.00283931 -0.000901242 -0.00474483 -0.00387602 -0.0013886 -0.00168953 -0.00221918 -0.00229705 -0.00269728 -0.00191894 -0.00351289 -0.0010587 0.000938715 -0.00211366 -0.00439882 -0.00120459 6.10635e-06 -0.00272593 -0.000229216 -0.00248538 -0.00196508 -0.00107012 -0.00418724 -0.000968523 -0.00311942 -0.000445253 -0.00211886 -0.00113561 -0.000188904 -0.00323879 -0.00431002 -0.00291123 -0.000614096 -0.00148144 -0.00514415 -0.00308237 -0.003977 -0.00106121 -0.00216122 -0.00107272 -0.00276726 -0.00343475 0.000873894 -0.000465064 1.21643e-05 -0.00406886 -0.0038555 -0.00259553 -0.00217027 0.00175263 -0.003781 -0.00165619 2.89636e-05 -0.000341108 -0.00312494 -0.00169112 -0.00379328 -0.0033534 -0.00332228 -0.000250172 -0.00144441 -0.000856669 -0.00477236 -0.00173771 -0.00112222 -0.00249663 -0.00161662 -0.00377831 
-0.00241783 -0.00401906 -0.00140615 -0.000837062 -0.00195258 -0.00239946 -0.0021992 -0.000269654 -0.00165494 -0.000628138 -0.00498847 -0.0106095 0.00373351 -0.00178394 -0.00386568 0.000496827 -0.00682074 -0.000828888 -0.00481032 -0.0057337 -0.00445368 -0.0131153 -0.0045407 0.00206492 -0.00370917 0.227278 -0.002218 -0.00568068 -0.00319293 -0.000340764 -0.00374942 -0.00168774 -0.00496569 -0.00409262 0.00100724 -0.00181202 -0.00192651 -0.00364048 -0.0018576 -0.00489945 -0.00207971 -0.00136529 -0.0017765 0.000279777 -0.00221691 -0.00227376 -0.00210638 -0.00137896 -0.00196956 -7.86885e-05 -0.00204474 -0.00215223 -0.00224248 -0.000538339 -0.000416616 -0.00235017 -0.00230147 -4.9492e-05 -0.00325214 -0.00108239 -0.00168331 -0.00362447 -0.00308308 -0.0012187 -0.00107583 -0.00185204 -0.00190706 -0.00227612 -0.00541263 -0.00164078 -0.00299978 -0.00365628 -0.0015581 -0.00277217 0.000516867 -0.000507271 -0.000864935 -0.00067175 -0.000289515 -0.000692179 -0.00154262 -0.00055409 -0.00303072 -0.00292372 -0.00115532 -0.00308893 -0.00533818 -0.00255795 -0.00117627 0.000614515 -0.000347219 -0.00246292 -0.00160568 -0.00304947 -0.00160392 -0.00463356 -0.000719947 -0.00356321 -0.00201552 -0.00205292 
-0.000570811 0.000733597 -0.000828875 0.000233195 -0.00340564 -0.00247616 -0.00191869 -0.000568612 -0.00442544 -0.00363862 -0.0029082 -0.000230817 0.00279792 -0.0025272 -0.00854779 -0.00505545 -0.00637694 -0.00917747 -0.0108406 -0.00464988 -0.00423578 -0.00717782 -0.00163356 0.00441379 -0.000957366 -0.002218 0.219603 -0.00302269 -0.00658272 -0.000363873 0.00158911 -0.0056546 -0.00487837 -0.00577757 -0.00212554 -0.00242996 -0.000582139 -0.00279365 -0.00294938 -0.00266873 -0.00234081 -0.00237596 -0.00157653 -0.000827726 -0.00167854 -0.00279703 -0.00197924 -0.00455484 -0.00168925 -0.00143227 -0.000954741 -0.00556533 -0.00411324 -0.000883593 -0.00215657 -0.00231144 -0.000270416 -0.000553939 -0.000810725 -0.00214013 -0.00240137 -3.29666e-06 -0.00424231 -0.00230984 -0.00314692 -0.0013547 -0.00317854 -0.000455163 -0.00198481 -0.00218119 -0.000324813 -0.00137539 -0.00186337 -0.00106451 -0.0015597 -0.000765096 -0.00281816 -0.00138236 -0.00139797 0.00118205 0.00108182 -0.00262952 -0.00157774 -0.00319059 -0.000450688 -0.00192113 -0.00238098 -0.00122802 0.00247777 -0.000840492 -0.00190434 -0.00254901 -0.00286364 0.000557138 -0.00346401 -0.00325666 -0.00309958 -0.00106406 -0.00216156 -0.0010662 
-0.00079938 -0.00115572 -0.00115209 -0.000902276 -0.00175872 -0.00215147 -0.00118105 -0.00190344 0.000199583 0.00134726 -0.00158461 -0.00408901 -0.00356981 0.00162202 -0.00579826 -0.00795403 -0.0012866 -0.00848374 -0.00608684 -0.00802875 -0.0055875 -0.00225018 0.000889893 -0.000929346 0.000963934 -0.00568068 -0.00302269 0.200508 -0.00266812 -0.00229856 -7.57706e-05 -0.00110981 -0.0020142 -0.00107775 -0.00297079 -0.00401354 -0.00522896 -0.00158944 -0.00274156 -0.00171522 -0.00125199 -0.00168253 -0.0023278 -0.00230768 -0.00282851 -0.000193706 -0.00335377 0.0015018 -0.00224137 -0.00278006 -0.00304108 -0.00184401 -0.00118574 -0.00118585 -0.00280694 -0.00044908 -0.00277549 -0.00303493 -0.00264398 -0.00184559 -0.00292757 -0.00147531 0.000408105 -0.0024516 -6.23432e-05 -0.00166333 -0.00149934 -0.00138181 -0.00111943 -0.000900483 -0.000521948 -0.000783043 -0.00248305 -0.00310362 -0.00374953 -0.00164401 -0.00128852 -0.0038836 -0.00103333 -0.00118374 -0.00435389 -0.0026151 -0.00337226 -0.00246331 -0.00110232 -0.000478731 -0.00109621 -0.00151237 -0.00143656 -0.00315094 -0.0017032 -0.000109674 -0.0013376 -0.00268185 6.37248e-06 0.000474044 -0.00134595 -0.00199305 -0.00028019 -0.00109198 
-0.000918724 -0.00298614 -0.00271331 -0.00226203 -0.000185549 0.000580546 -0.00235214 -0.0041102 -0.00290201 -0.00246124 -0.00118173 -0.00362604 -0.00524167 -0.00611237 -0.00358967 -0.00654571 -0.00615332 -0.00614857 -0.00169817 -0.000119033 -0.00150166 -0.00698605 -0.00131306 -0.00898254 -0.0022815 -0.00319293 -0.00658272 -0.00266812 0.203369 0.00146269 -0.000496793 -0.00236346 -0.000682349 0.000842421 -0.00249578 -0.00350907 -0.00098845 -0.00102949 -0.00225105 -0.00048863 -0.00231689 -0.00125151 -0.00138826 -0.00127449 -0.00123722 -0.00221991 -0.00251267 -0.00146776 0.00109748 -0.000687948 -0.0031711 -0.00251234 -0.00116667 0.000175376 -0.000625663 -0.0010267 -0.00209353 -0.00173709 -0.000315591 -0.000890914 -0.00147185 -0.00211833 -0.00242703 -0.00142285 -0.00230547 -0.000754938 0.00166117 -0.00136775 -0.000974469 -0.000975879 -0.000630199 -0.00122773 -0.000831711 -0.0014679 -0.00463191 -0.00191999 -0.00168201 -0.00356174 -0.00359325 -0.000986593 -0.00222643 -0.00259011 -0.00282099 -0.00182681 -0.00179277 -0.00264641 -0.00250074 -0.000712204 -0.00308446 7.66802e-05 -0.00257051 -2.39584e-05 -0.0013579 -0.00237756 -0.00066618 -0.00218055 -0.00153387 -0.00254638 -0.00315676 -0.00128206 
-0.00206361 -0.00222375 -0.000514093 -0.00253308 -0.000770176 -0.00207528 -0.00240991 -0.00222273 -0.00174511 0.00309202 -0.00250526 -0.00500123 -0.00249595 -0.00214261 -0.000480598 -0.0039029 -0.00396177 -0.00479791 -0.00591544 -0.00184995 -0.00834863 -0.00997224 -0.00665089 -0.0046373 0.000638905 -0.000340764 -0.000363873 -0.00229856 0.00146269 0.167232 -0.00201862 -0.000905642 -0.00240296 -0.0021862 -0.000595894 -0.00178341 -0.000755472 -0.000516572 -0.00167413 -0.000689137 -0.0019622 -0.00116131 -0.000632488 -0.000618203 -0.00130632 -0.000578597 -0.00181954 0.00012279 -0.00134789 -0.00165444 -0.00174888 -0.000680439 -0.000570685 -0.000415737 -0.00232124 -0.000173449 -0.00125378 -0.000912852 -0.000150027 -0.00121101 -0.00222864 -0.00274857 -0.000937405 -0.00242645 -0.000627737 -0.000544347 -0.00144011 -0.000565374 0.000340641 -0.00126806 -0.00122703 -0.000219479 -0.00116181 -0.0014525 -0.00216558 -0.000589747 -0.000471871 -0.0012239 -0.00148568 -0.00141331 -0.00189294 -0.00168114 -0.000371583 -0.00127989 -0.000520067 -0.00216872 -0.00319111 -0.00200817 -0.000998383 0.000128648 -9.70627e-05 -0.00117351 -0.0015991 -0.00208327 -0.00112415 -0.00325882 -0.00262406 -0.00136795 -0.00263295 -0.00247651 
-9.14861e-05 -0.00369474 -0.000853471 -0.00152792 -0.0014522 -3.0817e-05 -0.00180575 -0.000738482 -0.000956848 -0.00328098 -0.00164331 0.000940614 -0.00510712 -0.00110935 -0.00499288 -0.00208241 -0.00334335 -0.00525724 0.000855474 -0.00420912 0.00164482 -0.00848533 -0.00236236 -0.00560687 -0.00725735 -0.00374942 0.00158911 -7.57706e-05 -0.000496793 -0.00201862 0.151269 -0.000878813 -0.000764288 -0.000631205 0.000288111 -0.00138948 -0.00227127 -0.00256549 -0.000364907 -0.0010608 0.000112997 -0.00151637 -0.00187418 -0.00157052 -0.00152314 -0.00113076 -0.00163799 -0.00242459 -0.00171988 -0.000670795 -0.00164829 -0.00284865 -0.00127269 -0.00164322 -0.00165588 -0.00174023 0.000123366 -0.00304063 -0.000944989 -0.00129273 -0.00124931 -0.000426286 -0.000396142 -0.00124675 -0.00136062 -0.00108217 -0.000665696 -0.00154143 -0.00229821 -0.00259467 -0.00146644 -0.0015075 -0.000585139 -0.000129338 -0.00101681 -0.000608085 -0.00214146 -0.000616093 -0.00277985 0.000214725 -0.000301313 -0.00135449 -0.000338114 0.000339936 -0.00162202 -0.00251675 -0.0019964 -0.00136251 -0.00170772 -0.00156131 0.000447169 0.000391631 -0.00145617 -0.000209925 -0.00104549 -0.00176139 -0.00158943 -0.00103369 -0.00151718 -0.000819426 
-0.000771609 -0.00198045 -0.000615211 -0.000431024 -0.00277569 -0.00129072 4.13756e-05 0.000212103 0.00063641 -0.00130531 -0.000831051 -0.000909179 -0.00208422 0.00167497 -0.00165636 -0.000931982 -0.00335807 -0.00535063 -0.00235328 -0.00701621 -0.0046513 -0.00760055 -0.000324371 -0.00219742 -0.00538083 -0.00168774 -0.0056546 -0.00110981 -0.00236346 -0.000905642 -0.000878813 0.126204 -0.00139795 -0.00114986 0.000232956 -0.00106559 -0.00165991 -0.000377506 -0.00150898 -0.00184164 -0.00182284 -0.00112132 -0.00170977 -0.00143047 -0.00021222 -0.00031489 -0.00141427 -0.00112826 -0.000417157 -0.000421917 -0.000481525 -0.000685076 -0.000127005 -2.71708e-05 -0.00149752 -0.00117705 0.000539778 -0.00115521 -0.000727589 0.000316943 -0.0004416 -0.0018792 -0.00112272 -0.00267748 -0.0010838 -0.00155298 -0.000871314 -0.000327336 -0.000835942 -0.00125064 -0.000601835 -0.000487012 -0.000784668 -0.00123237 -0.00184372 -0.00144336 -0.000757003 -0.00135887 -0.000298104 -0.00176667 -0.000984553 -0.000853887 -0.000594011 -0.00128347 -0.000617722 -0.000541886 0.000819051 -0.000822747 -0.00127792 -0.000322841 -0.00143892 -0.000775934 -0.00156491 -0.00152684 5.12348e-05 -0.00146888 -0.000811848 -0.000520784 4.69576e-05 -0.00146405 
-0.000172581 -0.00287861 -0.00234802 -0.00171515 -0.00234883 -0.000965086 -0.00131247 -0.000462012 -0.000113699 -0.00294579 -0.00202273 -0.00471491 -0.0036141 -0.00248862 0.000942787 -0.0044499 -0.00412171 -0.00220828 0.000758632 -0.00371613 -0.00585746 -0.0026593 -0.00560789 -0.00502422 -0.00283931 -0.00496569 -0.00487837 -0.0020142 -0.000682349 -0.00240296 -0.000764288 -0.00139795 0.142231 -0.00170698 -0.00163768 -2.96072e-05 0.000224126 -0.00121261 -0.000908191 -0.00128315 -0.00122269 -0.000999118 -0.000935307 -0.00130261 -0.001675 0.00037491 -0.000318155 -0.000816466 -0.00025474 4.08411e-05 -0.00200721 -0.00133488 -0.00076999 -0.00110559 -0.00142091 -0.000493239 -0.00109647 -0.00227286 -0.00100472 -0.00196142 -0.00107262 -0.000254742 -0.00120261 -0.000526618 -0.00105558 -0.00135436 0.000157206 -0.000660223 -0.0022142 1.77259e-05 -0.00174306 -0.000230214 -0.000789706 -0.000906808 -0.00272756 -0.00178947 -0.000230689 -0.00187117 -0.00154095 -0.00209278 -0.0010157 -0.00176113 -0.000160894 -0.000316636 -0.00109823 0.000660016 -0.000786785 -0.000398128 0.000683462 -0.00096518 -0.00161916 -0.00155498 -0.000103077 -0.000605747 0.000571381 -0.000556793 -0.000407778 -0.000796136 -0.00145525 -0.0013351 
