0.0765586 -0.000188909 -0.000736955 0.000103305 -0.000164055 0.000435273 -0.000943652 -0.000372343 -0.000851172 -0.000623437 -0.000529739 -0.00102216 -0.000959982 -0.00147267 -0.00237654 -0.000892732 -0.00218369 -0.00272723 -0.00454224 -0.000563351 -0.0015704 -0.00268668 -0.00206532 -0.00189119 -0.00234943 -0.00304289 0.000541592 -0.00271695 -0.0020777 -0.00112146 -0.00128718 -0.000937007 -0.00133698 0.000604551 -0.00227311 -0.000287412 -0.000660722 -0.00054247 -0.000834482 -0.000494943 3.91435e-05 0.000194146 -0.000597026 -0.000683561 -0.000429358 0.00017988 -0.00098019 -0.00061471 0.000417651 -0.000719311 -0.000455027 -0.00049004 -0.00106575 -0.000353104 -0.00102014 -0.000514712 0.000686398 -0.00104738 -0.000360126 -0.000265369 -0.000921956 -0.000217723 -0.000556895 -0.000375163 -0.000814208 -0.00059407 -0.000605522 -0.00088549 -0.000397748 -7.13272e-07 1.55586e-05 -0.000376016 -0.000993873 -0.000704511 0.000735001 -0.000259686 -0.000670308 -0.000503166 -0.00031791 -0.000353706 7.7658e-05 -0.000953788 -0.00113042 -0.000655761 -0.00117143 -0.000353645 -0.000942214 -0.000746561 0.00031934 -0.00101951 -0.00111443 -0.000574118 -0.000729218 -0.000397112 -0.000155269 -7.26297e-05 -0.000658449 -0.000356696 -0.00050865 -0.000896558 
-0.000188909 0.0851868 -0.00052055 -0.000107832 -0.000821453 0.000105784 -0.00126254 -0.000676651 -0.00026117 -0.0016166 -0.00118192 -0.000979922 -0.00159243 -0.00381909 -0.000973793 0.000616468 -0.00253225 -0.00154876 -0.00225478 -0.0023557 -0.00163587 0.000307424 -0.00363432 -0.00256666 -4.42553e-05 -0.00123078 -0.00380448 -0.00170156 -0.00146091 0.000200695 -0.00121983 -0.00039761 -0.00192313 -0.00209089 -0.00181548 -0.000642445 -0.000585392 -0.000187657 -0.000624241 -0.000344892 -0.00033314 -0.000823746 -0.000749404 -0.0006612 -0.000244488 -0.00143531 -0.000398668 -0.000835315 -0.000403493 -0.000952548 -0.000402751 -0.000147955 0.000358205 -0.000854636 -0.00150285 -0.000750073 -0.000113745 -0.00104603 -0.000750948 -0.00107015 -0.00113844 -0.000407575 -0.000611598 -0.000409132 -0.000916619 -0.000170193 0.000236062 -0.00129912 -0.000309212 -5.5821e-05 -0.000665901 -0.000253347 -0.000706111 -0.000657678 -0.000453477 -0.00108138 -0.000380701 -0.000468879 -0.00120077 -5.17211e-05 -0.000275155 -0.000199978 -0.000508818 -0.00137871 -0.00130807 -0.000579738 -0.000926705 -0.000668669 -0.000206995 -0.00116669 -0.00139019 -0.000596491 -0.000243283 -0.000636871 -0.000771087 -0.000269302 -0.000106972 0.000332339 -0.00156895 -0.00122226 
-0.000736955 -0.00052055 0.0780731 0.000737576 -0.0010761 -0.000528217 -5.11764e-05 0.000789132 -0.00041122 -0.000154143 -0.00102833 -0.000115004 -0.00222073 -0.000742737 -0.0018265 -0.00241564 -0.00102952 -0.00231529 -0.00343186 -0.00270827 -0.000668267 -0.000292677 -0.0017105 -0.00197455 -0.00208264 -0.00407478 -0.00229709 0.000882211 -0.00235652 -0.00117083 0.000638074 -0.00112579 -0.00179814 -0.000928228 -0.000346367 -0.000494367 -0.00035353 -0.000385281 -0.000881902 -0.00119556 -0.000529732 -0.000859137 -0.000751425 -0.000893923 -0.000672199 -0.00100478 -0.000514735 -8.52026e-05 0.000120209 -0.000525472 -0.00134455 -0.00025246 -0.00102025 -0.00133315 -0.000907765 -0.000736015 -0.000732724 -0.00120766 0.000308908 -0.00032884 -0.000593522 -0.00037094 -4.61291e-05 -0.000839334 -0.000792478 -0.000685112 -0.000296868 -0.00104762 -0.000202784 -8.7781e-05 -0.00111169 -0.000961678 -0.000536095 -0.000820856 -0.000364344 -0.000281115 -0.000446782 -0.000873462 -0.000189764 -0.000978439 -0.000219538 -0.00113112 -0.000833005 -0.00115837 -0.000214684 -0.000614499 -1.26061e-05 -0.000656868 0.000165821 -0.000662866 -0.000667656 -0.000334869 -0.000595587 -0.000575533 -0.000833177 -0.000436656 -0.000484086 -0.000628845 -0.000669715 -0.000309272 
0.000103305 -0.000107832 0.000737576 0.0768902 -0.000361682 -0.000546253 0.000440415 4.19208e-05 0.000224182 -0.00260461 -0.000261647 -0.00128227 -0.00348151 -0.00208911 0.000229013 -0.00157522 -0.00494488 -0.00285436 -0.00385208 -0.00272819 -0.000799441 -0.00165068 -0.00144972 -0.00275237 -0.00110197 -0.00299953 -0.00181666 -0.00369772 -0.00141667 -0.000839791 -0.000294354 -0.000287714 -0.00168295 -0.00135923 3.40523e-05 -3.68563e-07 -0.000732541 -0.000520383 -0.000371751 -0.000596932 -0.00013361 0.000405157 -0.00073388 -0.000575554 -0.000849787 -0.000900057 -7.62644e-05 -0.000956324 0.000162059 -0.00030491 -0.000344925 -0.00068059 -0.000478456 -0.000779165 -0.000483642 0.000429006 -0.000305138 0.000252275 -0.00101266 -2.7245e-05 0.00015764 -0.000743862 -0.000325401 -0.000772145 0.000264248 -0.000904895 -0.000393181 -0.00166778 -0.000280178 -0.00135304 -0.000310385 -0.000407633 -0.000327809 -0.000735655 -0.000525582 -0.000837435 -0.000853459 -0.000756205 -0.000270564 -2.44954e-05 -0.00027636 -0.000431358 -0.00108731 -0.00108261 -0.000600074 -3.66497e-05 -0.000700863 -0.000312557 -0.000136883 -0.000598613 -0.000709468 -0.000436555 -0.000778611 -0.000141436 7.36473e-05 -7.40572e-05 -0.000407875 -0.00075971 -0.000320547 -0.000360854 
-0.000164055 -0.000821453 -0.0010761 -0.000361682 0.0856912 -0.000244683 -0.000666996 -8.27914e-05 -0.00136933 -0.00135093 -0.000786835 7.72552e-05 -0.00117894 -0.00372719 -0.00196869 -0.00291378 -0.00423475 -0.00154292 -0.00410418 -0.00358507 0.000144533 -0.00399048 0.000330871 -0.00391157 -0.00360478 -0.000873157 -0.00397526 -0.000942361 -0.000251686 -0.00278203 -0.000766785 -0.000997606 -0.000451194 -0.000702998 -0.00169691 -0.000636331 0.000308893 -0.000653725 -0.000401421 -0.000313993 2.27332e-05 -0.00140321 0.000932939 -0.000155105 -0.000818278 0.000364425 -0.000337897 -0.000560626 -0.000612924 -0.000416884 -0.000337752 -0.000748229 -0.000783559 -0.000283419 -0.000660009 -0.000873187 -0.000205326 -0.000603552 -0.00155973 -0.000833078 -0.000571045 -0.00019339 -0.00116671 -0.00115432 -0.000537155 -0.000395113 0.00025112 -0.000267984 -0.00103189 -0.000488378 0.000100869 -2.98547e-06 0.000467314 -0.000387666 -0.00094882 -0.000193145 -0.00100656 -0.000465981 -0.000373857 0.000227255 -0.000606494 -0.000115778 -0.000239117 7.19935e-05 -0.000872342 -2.99717e-05 -0.000584819 -4.92697e-05 -0.00122804 -0.000693741 -0.0012075 -0.000472314 -0.000462838 -0.000784089 -0.000927752 -0.000499593 -0.000734962 -0.00101447 -0.00121231 0.000254472 
0.000435273 0.000105784 -0.000528217 -0.000546253 -0.000244683 0.0844802 -0.00135555 0.000371041 -8.31061e-05 -0.000461562 -0.00169258 0.000249371 -0.00310788 -0.00279782 -0.00297055 -0.00259504 -0.00265338 -0.000712831 -0.00130308 -0.00255468 -0.000791434 -0.00264433 -0.00251986 3.20417e-05 -0.00220571 -0.0025171 0.000638908 -0.00193215 -0.00213561 -0.00237747 -0.00259416 -0.00298878 -0.00111341 -0.000981742 -0.0016899 -0.000567059 -6.51031e-05 -0.000366809 -0.00122827 -0.00109461 -0.000452586 -0.000471685 -0.000761205 0.000216576 -0.000439103 -0.00142559 -0.000300617 4.60707e-06 -0.000290679 -0.000514302 -0.000238651 8.68697e-05 -0.000305711 -0.00131953 -0.000561136 -0.00169389 -0.000630072 -0.00024632 -0.000799047 -0.000931774 -0.000461726 -0.00124839 -0.000547946 -0.00035084 -0.000786896 -0.000281442 -0.00081484 -0.000186642 -0.000728021 -0.00126021 0.000518944 -0.000954549 0.00014682 -0.000745815 -0.000570698 -0.000345829 -1.62172e-05 -0.000330752 8.57443e-05 -0.00124741 -0.00104539 -0.000275998 -0.000904983 -0.000956394 -0.000290872 6.0757e-05 -0.00110991 -0.000305324 -0.000381658 -0.0011606 8.87571e-05 -0.000714373 -0.000210482 -0.000822469 9.88702e-05 -0.000845422 -0.000380383 -0.00127266 -0.00044439 -0.000818398 
-0.000943652 -0.00126254 -5.11764e-05 0.000440415 -0.000666996 -0.00135555 0.112611 -0.00173159 -0.00127587 0.00130427 -0.00066426 -0.00167923 -0.000999621 -0.00103717 -0.00329222 -0.00219987 -0.00819248 -0.0015223 0.00150586 -0.00208398 -0.00455783 -0.00161802 -0.000908961 9.16625e-05 -0.00204269 -0.0038752 -0.00118399 -0.0051585 -0.00271896 -0.00129487 -0.00186442 -0.000995588 -0.00235769 -0.00176567 -0.000875874 -0.000359911 -0.00120065 -0.000249827 -0.000221706 0.000292683 -0.000698268 -0.00148192 -0.00130445 -0.00106296 -0.00115261 0.000198053 -0.00105163 -0.0010259 -0.000232027 -0.000416397 -0.000509036 -0.000602489 -0.00121493 -0.00148192 -0.000908186 -0.000146502 -0.000922235 -0.00138399 -0.000996679 -0.000692824 -0.000780515 -0.00168689 -0.00143768 0.000391304 -0.00128374 -0.000271675 -0.00120981 -0.000660506 -0.000781639 -0.000968933 -0.00134618 -0.000169109 -0.000667918 -0.000777366 -0.00142625 -0.00173064 -0.00179967 -0.000189933 -0.000501185 -0.00164204 -0.00111375 -0.00138093 -0.000594951 -0.000909712 -0.00014975 -0.000714652 -0.00152784 -0.0014528 -0.00102232 -0.0012683 -0.00122224 -0.00185808 -0.000304215 8.91578e-05 -5.74537e-05 -0.000979119 -0.00151917 -0.00133121 -0.00079654 0.000104042 
-0.000372343 -0.000676651 0.000789132 4.19208e-05 -8.27914e-05 0.000371041 -0.00173159 0.114633 0.000640293 -0.00244877 0.00100431 -0.00196277 -0.00237029 -0.000537445 -0.00142172 -0.00280134 -0.00175012 -0.00313384 -0.00463705 -0.00396088 -0.00417545 -0.00769376 -0.000894593 -0.00307459 -0.00551296 -0.00220227 -0.003251 -0.00189854 0.000954509 -0.000985008 -0.00187826 -0.00169628 -0.00067055 -0.00115009 -0.00105362 -0.00113836 -0.000218862 -0.0010162 -0.00129803 -0.00120733 -0.00137703 0.000404845 -7.16963e-05 -0.00131214 -0.000749151 -0.000417599 -0.00135562 -0.00053751 -0.000620744 -0.000876473 -0.000737802 -0.00109133 -0.00240214 -0.000808212 -0.000796177 -0.000872764 -0.00181164 -0.00144669 -0.00142865 -0.000413467 -0.0011323 -0.000528362 0.000107998 -0.000659651 -0.0002549 -0.00120003 -0.00131754 0.00106923 0.000331248 -0.000905858 -0.00114704 -0.00144038 -0.000483776 -0.0019 -0.00113751 -0.00147072 -0.00111264 -0.000913289 -0.000880886 0.000122654 -0.000174179 -0.000934864 -0.00188919 -0.00128916 -0.000544946 -0.000780875 -0.00237345 -0.000124044 -0.000316941 -0.00222519 -0.00147176 0.000353041 -0.000556646 0.000165883 -0.000418626 -0.000970523 -0.000421472 -7.45718e-05 -0.000498699 -0.00140866 
-0.000851172 -0.00026117 -0.00041122 0.000224182 -0.00136933 -8.31061e-05 -0.00127587 0.000640293 0.122875 -0.00031851 0.00357621 -0.000254431 -0.00180828 -0.00178898 -0.00312583 -0.00220858 -0.00274054 -0.00457056 -0.00369248 -0.00259674 -0.00414192 -0.00267468 -0.00577096 -0.00484971 -0.00318617 -0.000655846 -0.00505373 -0.00167608 -0.000678078 -0.00315645 -0.00222619 -0.00162169 -0.000368072 -0.000544517 -0.00295214 -0.00156832 -0.000900674 -0.000582376 -0.000608347 -0.000371543 -0.000605306 -0.00121383 -0.00147353 -0.000736464 -0.000376012 -0.00110205 2.61915e-05 -0.00156482 -0.00156882 -0.0008055 0.000376051 -0.000739749 -0.00162462 -0.000947972 -0.0019162 -0.00168388 -0.00119727 -0.000345152 0.000730765 -0.000770618 -0.00136366 -0.00131768 -0.00110778 -0.00212047 -0.0019704 -0.000223217 -0.000375713 -0.00156074 -0.000872906 -0.00222404 -0.00255913 -0.000178016 -0.000565362 -0.000296095 -0.00154272 -0.00144318 2.303e-05 -0.000876352 0.000589197 -0.00101816 -0.00186497 -0.000862154 0.000130101 -0.00170826 -0.00254291 -0.00118351 0.000121775 -0.000708084 -0.000337081 -0.00120765 8.22487e-05 -0.00129875 -0.000547066 -0.000268593 -0.000711838 -0.000253019 -0.00157474 -0.000942673 -0.00100711 -0.0011454 
-0.000623437 -0.0016166 -0.000154143 -0.00260461 -0.00135093 -0.000461562 0.00130427 -0.00244877 -0.00031851 0.1444 -0.00213674 -0.00124836 0.0025848 0.00254457 -0.00336618 -0.0020002 -0.00318888 -0.00063508 -0.00319298 -0.00480353 -0.00250951 -0.00329278 -0.00059184 -0.00768305 -0.00780259 -0.00339357 -0.00291941 0.00193582 -0.00246888 -0.00358087 -0.00118617 -0.00235557 -0.00158874 -0.00113192 -0.000100074 -0.002613 -0.00134189 -0.00249234 -0.000730376 -0.00121526 -0.000881047 -0.00130651 -0.000589867 -0.00140785 -0.00200077 -0.000887923 -0.000475146 2.15583e-06 -0.00110408 -0.001138 -0.00161521 -0.00108898 -0.00190195 -0.00076485 -0.0024336 -0.00292897 -0.000836356 -0.000282617 -0.00154085 -0.0010039 -0.00122169 0.000223611 -0.00248016 -0.00204163 -0.00197167 -0.000105956 -0.00117144 -0.00187924 -0.00202281 -0.00250927 -0.000188436 -0.00100915 0.000871121 -0.00135483 -0.00137808 -0.00118831 -0.000812695 -0.00204982 -0.00211946 -0.00131691 -0.00114912 -0.00160532 -0.00297794 -0.00105203 -0.0011843 -0.00127103 -0.000648213 -0.00118467 -0.00156167 -0.00228445 -0.00145948 -0.000437384 -0.00179838 -0.00158792 -0.000167282 -0.000693085 -0.00030703 -0.00060535 -0.000333664 -0.00140004 
-0.000529739 -0.00118192 -0.00102833 -0.000261647 -0.000786835 -0.00169258 -0.00066426 0.00100431 0.00357621 -0.00213674 0.153249 -9.68609e-05 -3.58625e-05 -0.00212585 -0.00283501 -0.00436364 -0.00437055 -0.00700494 0.00370188 -0.0044118 -0.00284698 -0.00569266 -0.00531708 -0.00515277 -0.00357969 -0.00345827 -0.00460224 -7.58024e-05 -0.00396191 -0.00102003 -0.00511559 -0.00425509 -0.000189548 0.000293595 -0.00283178 -0.00282698 -0.00102643 -0.0018507 -0.000601166 0.000526445 -0.00127036 -0.000928268 -0.000550986 -0.000718912 -0.00172734 -0.000548649 -0.00159488 -0.00141977 -0.00076619 -0.00274442 -0.000802804 -0.00129267 -0.00119402 -0.00153359 -0.00263597 -0.000859173 -0.0015977 -0.000639513 -0.00259307 -0.0016639 -0.00166897 -0.00150186 -0.0011976 -0.00109544 -0.000520248 -0.00181169 -0.000421148 -7.09155e-05 -0.00215626 -0.0010251 -0.00129563 -6.59367e-05 -0.00010927 -0.00146832 -0.00219978 -0.00149237 -0.00239285 -0.00182394 -0.00160258 -0.00229473 -0.00118004 -0.000191166 -0.000716567 -0.00250311 -0.00165724 -0.00112506 -9.93818e-05 -0.00191643 -0.000553083 -8.00272e-05 -0.0014603 -0.00165143 -0.000865514 -0.00150988 -0.00105447 -0.00091875 -0.00121049 -0.00110362 -0.000478886 -0.000847662 
-0.00102216 -0.000979922 -0.000115004 -0.00128227 7.72552e-05 0.000249371 -0.00167923 -0.00196277 -0.000254431 -0.00124836 -9.68609e-05 0.157241 5.15727e-05 -0.00509693 -0.00285923 -0.00828635 -0.00503529 0.000323897 -0.00585963 -0.00775206 0.000144548 -0.00361916 -0.00438318 -0.0020129 -0.00439427 -0.00334133 -0.0055537 -0.00464747 -0.000187819 -0.00446284 -0.00152539 -0.00105506 -0.00227476 -0.000734343 -0.00179655 -0.0029024 -0.00133806 -0.00108983 -0.00238038 -0.00127563 -0.000378433 -0.00174134 -0.000860517 -0.000884865 -0.0031411 -0.00141137 -0.000804454 -0.0018933 -0.000817935 -0.00189754 -0.00175883 0.000281108 -0.00119773 -0.000882415 -0.000425055 -0.000868288 0.000337167 -0.00179887 0.00031863 -0.00200514 0.000319935 -0.000234721 -0.00124729 -0.0011578 -0.00242623 -0.00175694 -0.000790631 -0.00193747 -0.00245438 -0.000949576 -0.000653079 -0.00254005 0.000328196 -0.00139542 -0.00130548 -0.000623344 -0.000743078 -0.00138095 -0.000629646 -0.000500591 -0.000897936 -0.00166782 -0.00156755 -0.0019402 -0.0011264 -0.00140586 0.00131686 -0.00161592 0.000307136 -0.00175961 -0.00194851 4.65265e-05 -0.00104979 -0.00156815 -0.000842637 -0.00187324 -0.00184591 -0.0016004 -0.000809737 0.000176004 
-0.000959982 -0.00159243 -0.00222073 -0.00348151 -0.00117894 -0.00310788 -0.000999621 -0.00237029 -0.00180828 0.0025848 -3.58625e-05 5.15727e-05 0.19941 -0.00221478 -0.00272039 0.000108092 5.82863e-05 -0.00291665 -0.0102718 0.000677339 -0.00434657 -0.00458155 -0.00757792 -0.00879523 -0.00902693 -0.00397882 -0.00237122 -0.00305581 -0.00288161 -0.00268342 -0.00485164 -0.0085452 -0.00422918 -0.00209884 -0.0045276 -0.00242079 -0.00129035 -0.00135053 -0.0025909 -0.00307945 -0.00086779 -0.00376632 0.000407918 -0.00181895 -0.00180696 0.000122235 -0.000738964 0.000204457 -0.0010114 -0.0013759 -0.00177065 -0.00122946 -0.00173615 -0.001863 -0.00029351 -0.00133685 -0.00228081 -0.00175985 -0.000400852 -0.000781857 -0.0040969 0.000205718 -0.0032176 -0.000231851 -0.00256014 -0.000863132 -0.00182074 -0.00251565 -0.000859455 -0.000581778 -0.000944109 -0.000798242 0.00103111 -0.00109753 -0.0017481 -0.00140803 -0.00268331 -0.00313568 -0.00200386 -0.004696 -0.0022154 -0.000136289 -0.00111675 -0.00295365 0.00020619 -0.00217058 0.000448771 -0.000744155 -0.00239715 -0.00105654 -0.00237624 0.000903512 -0.00303847 -0.000932129 -0.000419299 -0.000705623 -0.000438152 -0.00234502 -0.0007306 -0.00237959 
-0.00147267 -0.00381909 -0.000742737 -0.00208911 -0.00372719 -0.00279782 -0.00103717 -0.000537445 -0.00178898 0.00254457 -0.00212585 -0.00509693 -0.00221478 0.202089 0.00368909 -0.000922543 -0.00462021 0.00231969 0.00103713 -0.00719521 -0.00958169 -0.0124839 -0.0069969 -0.00998796 -0.00413907 -0.0131039 -0.0019055 -0.00306899 -0.00382641 -0.00242148 -0.00681471 -0.00284824 -0.00496879 -0.00299067 0.000542636 -0.000842069 -0.000710598 -0.00188953 -0.0007449 -0.00167208 -0.00193433 -0.000894251 -0.00129823 -0.00086985 -0.000122331 -0.00317279 -0.00208829 -1.01052e-05 -0.00163598 -0.00258292 -0.00105901 -0.00248623 0.000547854 -0.00143573 -0.00428179 -0.00118045 -0.00301674 -0.00195645 -0.00274149 -0.00107174 0.000446916 -0.000396617 -0.000888342 -0.00311914 -0.000698023 0.00141251 -0.00108398 -0.00238928 -0.0022644 -0.00126128 -0.000158073 -0.00171873 -0.00357185 -0.00205049 -0.000280608 -0.00128404 -0.00214109 -0.0019692 -0.00158618 -0.000615258 -0.00291978 2.73995e-06 -0.0020155 -0.000371136 -0.00144185 -0.000930588 -0.00239688 0.000678343 -0.00165093 0.000133051 0.0004926 -0.00344246 -0.000924897 -0.000670584 -0.000778179 -0.0026779 -0.000799577 0.000741273 -0.000885068 -0.00227167 
-0.00237654 -0.000973793 -0.0018265 0.000229013 -0.00196869 -0.00297055 -0.00329222 -0.00142172 -0.00312583 -0.00336618 -0.00283501 -0.00285923 -0.00272039 0.00368909 0.222288 0.00360145 -0.00236868 -0.00361448 -0.00680114 -0.00240081 -0.00884487 -0.00149489 -0.0133872 -0.00756511 -0.00191847 -0.00805611 -0.00179383 -0.00837468 -0.000637314 -0.00558444 -0.00657849 -0.000554588 -0.00067611 -0.00184126 -0.00180723 0.000424135 -0.00155272 -4.35071e-05 -0.00121805 -0.00165456 -0.00131623 -0.00210822 -0.00268804 -0.00328122 -0.0022153 -0.00240907 -0.00228222 -0.00270776 -0.00328051 -0.0012209 -0.00222436 -0.00118321 -0.00118172 -0.00163627 -0.00207538 -0.00137137 -0.00313469 -0.00210625 -0.00186991 8.49194e-05 -0.00155815 0.000317081 -0.00142347 -0.000228306 -0.00287148 -0.00368073 -5.99639e-05 -0.000989322 -0.00196863 -0.00207713 -0.00229415 -0.00205024 -0.00161853 -0.000145492 -0.00246112 -0.000410929 -0.00241897 -0.00266108 -0.00217477 -0.00167258 -0.00185767 -0.00390755 -0.00132666 -0.00288934 -0.000584461 -0.00235151 -0.000529981 -0.00291902 -0.000197586 0.000860679 -0.00411293 -0.00305951 -0.00109704 -0.00128204 -0.00344166 -0.00133489 -0.00297596 -0.00174823 -0.0015806 -0.00273485 
-0.000892732 0.000616468 -0.00241564 -0.00157522 -0.00291378 -0.00259504 -0.00219987 -0.00280134 -0.00220858 -0.0020002 -0.00436364 -0.00828635 0.000108092 -0.000922543 0.00360145 0.242271 -0.00320864 -0.00658144 -0.00319352 -0.00198387 -0.0106944 -0.00138182 -0.0103402 -0.00253813 -0.00363399 -0.00636295 -0.00950192 -0.000410985 -0.0048725 -0.00742321 -0.000895027 0.000504725 -0.005505 -0.00421063 -0.00483121 0.000325789 -0.00316252 -0.00390051 -0.00067445 -0.00110379 -0.00308315 -0.00330483 -0.000878749 -0.00242938 -0.000648019 -0.00117092 -0.00109525 -0.00313912 -0.00114676 0.00098754 -0.001071 -0.000709313 0.000912026 -0.00346365 -0.00135905 -0.0022984 -0.00371855 -0.00147851 -0.00117999 -0.000510228 -0.00402 -0.00164101 -0.00130765 -0.00274564 -0.0002765 -0.00180475 -0.00182702 -0.00472494 -0.00125865 -0.00112938 -0.000587171 -0.00231339 -0.00270438 0.000716118 -0.00343384 -0.00536913 -0.0025087 -0.00285085 -0.00390552 -0.00252112 -0.0020586 6.1411e-05 -0.000557218 -0.0031634 -0.00482561 -0.000975651 -0.00344262 -0.00182084 -0.00102084 -0.00112652 -0.00521712 -0.00112301 -0.00318389 -0.000823138 -0.0020758 -0.00276994 -0.000863173 -0.00157919 -0.00130828 -0.00297008 
-0.00218369 -0.00253225 -0.00102952 -0.00494488 -0.00423475 -0.00265338 -0.00819248 -0.00175012 -0.00274054 -0.00318888 -0.00437055 -0.00503529 5.82863e-05 -0.00462021 -0.00236868 -0.00320864 0.249912 0.000215443 -0.00166568 0.000210737 0.00189174 0.000833077 0.000552336 -0.00483031 -0.00837471 -0.00637943 -0.00890671 0.00258153 -0.00118539 -0.0116686 -0.0028644 -0.00249693 -0.000674195 -0.00596088 -0.00617012 -0.00238735 -0.00491254 -0.0031591 -0.00368683 -0.00402891 -0.00172708 -0.00325042 -0.00239745 -0.00328566 -0.00222871 -0.00196355 -0.00234793 -0.000459479 -0.00394478 -0.0010004 -0.00136001 -0.00276114 -0.00392224 -0.00338895 -0.00345134 -0.00117707 -0.00041064 -0.00239459 0.000162102 -0.00188168 -0.00355748 -0.00351696 0.00087675 -0.00211768 -0.00100973 -0.00274017 -0.00247483 -0.00158495 -0.000292263 -0.0021258 -0.00421812 -0.00317483 -0.00358739 -0.00114282 -0.000297394 -0.00210821 -0.000157791 -0.00166364 -0.00173904 -0.00147298 -0.00051879 -0.000756799 -0.00150209 -0.000855769 -0.00116298 -0.00367136 -0.00173022 -0.00247256 -0.00225642 -0.00262269 -0.00252411 -0.00211047 -0.0017308 -0.0036079 -0.00175695 -0.00211619 -0.00265581 -0.00354585 -0.00263078 -0.00232464 
-0.00272723 -0.00154876 -0.00231529 -0.00285436 -0.00154292 -0.000712831 -0.0015223 -0.00313384 -0.00457056 -0.00063508 -0.00700494 0.000323897 -0.00291665 0.00231969 -0.00361448 -0.00658144 0.000215443 0.247927 -0.00557165 -0.00339921 -0.00407705 -0.00740903 -0.00108859 -0.00242721 -0.00211546 -0.00537962 -0.0107683 -0.0124331 -0.00326355 -0.00604451 -0.00276605 -0.00325694 -0.00349246 -0.00532064 -0.000128632 -0.00334133 -0.00273821 -0.00193708 -0.00301706 -0.00257897 -0.00135873 -0.00153089 -0.00190706 -0.00177901 -0.000335765 -0.0014642 -0.00254548 -0.0024603 -0.00102318 -0.00194926 -0.00127673 -0.00292327 -0.00100517 8.39921e-05 -0.00165033 -0.00151857 0.00020817 -0.00295406 -0.00328691 -0.00255561 -0.00121404 -0.00248822 -0.00184053 -0.00208736 -0.00357839 -0.00418534 -0.00333223 -0.00175208 -0.00259655 -0.00138989 -0.00210057 -0.0034278 -0.00136098 -0.00242886 -0.00332977 -0.000885617 -0.00432577 -0.00191302 -0.000724596 -0.00328953 -0.00460291 -0.0035185 -0.00118383 0.000652785 -0.00129784 -0.00157027 -0.000815696 -0.00207977 0.00145004 -0.00246305 -0.00232327 -0.00413614 -0.00213067 -0.00309318 -0.00260592 -0.00175571 -0.000232989 -0.00170008 -0.00214827 0.00048838 
-0.00454224 -0.00225478 -0.00343186 -0.00385208 -0.00410418 -0.00130308 0.00150586 -0.00463705 -0.00369248 -0.00319298 0.00370188 -0.00585963 -0.0102718 0.00103713 -0.00680114 -0.00319352 -0.00166568 -0.00557165 0.248373 0.00273934 -0.00678107 -0.00946446 -0.00260512 -0.00371841 -0.0146389 -0.0131225 0.00142688 -0.00436639 -0.00390575 -0.00898041 -0.00454924 -0.00271258 -0.0021652 -0.00400828 -0.00191331 -0.00168115 -7.11204e-05 0.000588693 -0.00196664 -0.00127549 -0.00194807 -0.00092824 -0.00289387 -0.000188377 -0.00124282 -0.00180707 -0.00155163 -0.000802138 0.00042799 -0.00343867 -0.00272961 -0.00239863 -0.00258935 -0.00185014 -0.000527738 -0.00354667 -0.0035228 -0.00127779 0.00136349 -0.00296725 -0.00106237 -0.00142896 -0.00176442 8.3878e-06 -0.00163768 -0.00189542 -0.00172273 -0.00206526 -0.000693993 -0.001713 -0.00163611 -0.00178388 -0.002363 -0.00208312 -0.00389062 0.00110245 -0.00362782 2.53171e-05 -0.00238698 0.00125702 -0.00157355 -0.00271935 -0.00280931 -0.0034053 -0.00408455 -0.00229765 -0.000204826 -0.00194374 -0.00347329 0.00127051 -0.00287792 -0.00304996 -0.00185588 -0.0022788 -0.00195818 -0.00142995 -0.00306378 -0.000787354 -0.0018289 -0.00291971 
-0.000563351 -0.0023557 -0.00270827 -0.00272819 -0.00358507 -0.00255468 -0.00208398 -0.00396088 -0.00259674 -0.00480353 -0.0044118 -0.00775206 0.000677339 -0.00719521 -0.00240081 -0.00198387 0.000210737 -0.00339921 0.00273934 0.247412 -0.00072457 -0.00701224 0.00446645 -0.00157089 -0.0119916 -0.00795495 -0.00680832 -0.00423609 -0.00153086 -0.00408279 -0.00596366 -0.00434247 -0.0029078 -0.00143389 -0.00291596 -0.000493457 -0.00429584 -0.000780864 -0.00219223 -0.00282282 -0.00406278 -0.00354783 -0.00216039 -0.00162062 -0.00120719 -0.000651256 -0.00192746 -0.00239255 -0.00237872 -0.00143638 -0.00299158 -0.00378447 -0.00221707 -0.000664028 -0.00211624 -0.00412665 -0.00112167 -0.00233396 -0.000706629 -0.000388123 -0.00177909 -0.00207758 -0.00438625 -0.000986668 -0.000317037 -0.00159779 -0.00201474 -0.00114568 -0.00346914 0.00138637 -0.00276104 -0.00376777 -0.000818637 -0.00372154 -0.00325974 -0.00224209 -0.00201755 0.000771632 -0.00269702 -0.00191937 -0.00175498 -0.00396341 -0.001102 -0.000617137 -0.00237581 -0.00175391 -0.00458957 -0.00155905 -0.00330004 -0.00236061 -0.00302764 -0.000965419 -0.0041251 -0.000737568 -0.00213733 -0.00259914 -0.00227001 -0.00269317 -0.0038535 8.0612e-05 
-0.0015704 -0.00163587 -0.000668267 -0.000799441 0.000144533 -0.000791434 -0.00455783 -0.00417545 -0.00414192 -0.00250951 -0.00284698 0.000144548 -0.00434657 -0.00958169 -0.00884487 -0.0106944 0.00189174 -0.00407705 -0.00678107 -0.00072457 0.246682 0.00494632 -0.00173876 -0.00986778 -0.00361272 -0.00155054 -0.00497234 -0.00133097 -0.00437856 -0.00305466 -0.00367831 -0.00453351 -0.00333067 -0.00219058 -0.00534698 -0.00322338 -0.000911873 -0.00531766 -0.00254878 -0.000538162 -0.00265918 -0.000975247 -0.00161717 -0.00134645 -0.00294816 -0.0018379 -0.00260594 -0.00375907 -0.000237448 -0.00227669 -0.00306756 -0.00140367 -0.00241473 -0.00250483 -0.00480608 -0.000163807 -0.00199751 -0.00119576 -0.00334424 -0.000927656 -0.00125466 -0.00294205 -0.000468466 -0.000301911 -0.00270154 -0.00292629 -0.00156158 -5.8576e-05 -0.00351815 -0.00436466 -0.00179224 -0.00279016 -0.00166896 -0.00210839 -0.00108219 -0.00121944 -0.000620591 -0.00169976 -0.00186421 -0.00174141 -0.00208924 -0.00350213 -0.0022569 -0.00229169 -0.00341595 -0.00298651 -0.00168487 -0.0025205 -0.00357398 -0.00283168 0.000478692 -0.00113669 -0.00300719 -0.00426254 -0.00179249 -0.000500972 -0.00138176 -0.0015294 -0.00236464 -0.00151036 
-0.00268668 0.000307424 -0.000292677 -0.00165068 -0.00399048 -0.00264433 -0.00161802 -0.00769376 -0.00267468 -0.00329278 -0.00569266 -0.00361916 -0.00458155 -0.0124839 -0.00149489 -0.00138182 0.000833077 -0.00740903 -0.00946446 -0.00701224 0.00494632 0.249056 -0.00703451 0.00100463 0.00153892 0.000462097 -0.0021065 -0.00170898 -0.0057944 -0.0011188 0.00124552 -0.000362303 -0.00078625 -0.00326641 -0.00224258 -0.00228624 -0.0038815 -0.00222929 -0.000972021 -0.00316997 -0.00273584 -0.0038997 -0.00423484 -0.00126134 -0.000539308 -0.00507295 -0.00429558 -0.00198636 -0.00261597 -0.00157204 -0.00277903 -0.00216987 -0.00191637 -0.00370115 -0.00217471 -0.00383263 -0.0010165 -0.00409002 -0.00333578 -0.00291589 -0.00390911 -0.00430775 -0.00260851 -0.00400212 -0.00280447 -0.0025631 -0.00247127 -0.00377025 -0.00275354 -0.0019579 -0.00461385 -0.000643922 -0.00217333 -0.000714483 -0.00550378 -0.00190299 -0.00112791 -0.00256916 -0.000501154 -0.00183058 -0.00116533 -0.00329417 -0.000325857 -0.0012885 0.000898495 -0.00231419 -0.000805884 -0.00220755 -0.00358303 0.000587908 0.00059914 -0.00307966 -0.0013214 -0.00210972 -0.00192935 -0.0025373 -0.00307819 -0.0019927 -0.00360953 -0.00131898 
-0.00206532 -0.00363432 -0.0017105 -0.00144972 0.000330871 -0.00251986 -0.000908961 -0.000894593 -0.00577096 -0.00059184 -0.00531708 -0.00438318 -0.00757792 -0.0069969 -0.0133872 -0.0103402 0.000552336 -0.00108859 -0.00260512 0.00446645 -0.00173876 -0.00703451 0.247073 -0.00526237 -0.00928035 -0.00138614 -0.000771425 -0.00723292 -0.000799116 -0.00764468 -0.00336386 0.000238307 -0.00361641 -0.00113922 -0.000352987 -0.00294706 -0.00221178 -0.00275006 -0.0042713 -0.00131655 -0.000218244 -0.00237078 0.000287094 -0.0032885 -0.0039256 -0.000383943 -0.00317141 -0.00229779 -0.00039815 -0.00183957 -0.00300841 -0.00300415 -0.00315052 -0.00145631 -0.00042264 -0.00103422 -0.00201353 -0.00306468 -0.00265361 -0.00281899 -0.00220015 -0.00123746 -0.00173905 0.000280953 -0.00293031 -0.00381088 -0.00167547 -0.00133947 -0.00181789 -0.00173734 -0.00142836 -0.00307362 -0.00182471 -0.00307416 -0.000342492 -0.00235974 -0.00272836 -0.00306478 -0.001794 -0.00114927 -0.00282968 -0.00299471 -0.000199296 -0.00230789 -0.00182431 3.94851e-05 -0.00257075 -0.00341877 -0.00239316 -0.00159276 -0.0018585 -0.00123217 0.000316532 -0.00119146 -0.00179988 -0.00422654 -0.00295224 -0.0017496 -0.00324557 -0.000987277 
-0.00189119 -0.00256666 -0.00197455 -0.00275237 -0.00391157 3.20417e-05 9.16625e-05 -0.00307459 -0.00484971 -0.00768305 -0.00515277 -0.0020129 -0.00879523 -0.00998796 -0.00756511 -0.00253813 -0.00483031 -0.00242721 -0.00371841 -0.00157089 -0.00986778 0.00100463 -0.00526237 0.248027 -0.000209766 -0.00868032 -0.00198973 -0.00109608 -0.00864623 -0.00412494 -0.0019956 -0.00538183 -0.0032196 -0.000885686 -0.00242202 -0.0043593 -0.00137348 -0.00051096 -0.00119317 -0.00235903 -0.0032865 -0.0021911 -0.00566545 -0.00153541 -0.00162678 -0.00175712 -0.00219343 0.0011268 -0.00219011 -0.00310576 -0.00134759 -0.00288484 -0.00185809 -0.0025986 -0.00137249 -0.002212 -0.00287035 -0.00208525 -0.00184519 -0.00102861 -0.000853834 -0.00319707 -0.000204181 -0.00297461 -0.00294253 0.000182085 -0.00307028 -0.0022088 0.000252281 -0.000122237 -0.00175212 -0.00335352 -0.00233826 0.000160863 -0.00164773 -0.000882267 -0.000996446 -0.000524953 -0.0037724 -0.00410533 1.01379e-05 0.000680892 9.55001e-05 -6.48201e-05 -2.75225e-05 -0.00350625 -0.00163798 -0.0026419 -5.14274e-05 -0.00282129 -0.00222862 -0.0038732 -0.00122037 -0.000884163 -0.00131538 -0.00309877 -0.00315551 -0.00378957 -0.00228386 0.000418339 
-0.00234943 -4.42553e-05 -0.00208264 -0.00110197 -0.00360478 -0.00220571 -0.00204269 -0.00551296 -0.00318617 -0.00780259 -0.00357969 -0.00439427 -0.00902693 -0.00413907 -0.00191847 -0.00363399 -0.00837471 -0.00211546 -0.0146389 -0.0119916 -0.00361272 0.00153892 -0.00928035 -0.000209766 0.246115 -0.00221313 0.00102326 -0.00364002 -0.00516555 0.00523681 -0.00527269 -0.00228057 -0.00243915 -0.00162641 0.000936588 -0.00365569 -0.00251137 -0.00272634 -0.00323684 -0.000225868 -0.00332758 -0.00166868 0.000342701 -0.0022734 -0.00446272 -0.00596978 -0.000960674 -0.00167488 -0.00161465 -0.00329404 -0.00223403 -0.0022117 0.000753334 -0.00297993 1.16197e-05 -0.000242301 -0.000549973 -0.00448056 -0.00303784 -0.00236349 -0.00142598 -0.00139993 -0.0015497 -0.0040352 -0.00136667 -0.00344923 -0.00183557 -0.00114658 -0.00157272 -0.00186791 -0.00318381 -0.00107768 -0.00437241 -0.00226591 -0.00503227 -0.000314486 -0.00271928 -0.00246154 0.000186938 -0.000223654 -0.00129527 -0.00162621 -0.00111223 -0.000475219 0.000371156 -0.00345493 -0.00108235 -0.00193899 -0.00344998 -0.00250844 -0.000437674 -0.00320342 0.000467602 -0.00156838 -0.000586395 -0.00168281 -0.000653692 -0.00164584 -0.00155754 -0.00221526 
-0.00304289 -0.00123078 -0.00407478 -0.00299953 -0.000873157 -0.0025171 -0.0038752 -0.00220227 -0.000655846 -0.00339357 -0.00345827 -0.00334133 -0.00397882 -0.0131039 -0.00805611 -0.00636295 -0.00637943 -0.00537962 -0.0131225 -0.00795495 -0.00155054 0.000462097 -0.00138614 -0.00868032 -0.00221313 0.23333 -0.00581258 -0.000786067 -0.00319533 -0.00124842 0.00187661 -0.00445226 1.21357e-05 -0.00321713 -0.00146136 -0.00244944 -0.000818088 -0.00242848 -0.000569058 -0.000704546 -0.00098181 -0.0015336 -0.00258375 -0.00134585 -0.00120556 -9.20896e-05 -0.00034421 -0.0020747 -0.00350165 -0.000911633 -0.00138159 -0.000827402 -0.00144564 0.000597416 -0.00210785 -0.00183649 -0.00202879 -0.000814462 -0.00147464 -0.00264565 -0.0041591 -0.00353772 -0.000639606 -0.000742522 -0.000725488 -0.00242234 -0.000372858 -1.32997e-05 -0.00144262 -0.00168761 -0.000303327 -0.00316696 -0.00127479 -0.00181126 -0.00017756 -0.00307913 0.00101269 0.000119256 -0.00251069 -0.00316049 -0.00378281 -0.00171349 0.000111298 -0.00393398 -0.0043568 -0.00148912 0.00141107 -0.000376505 -0.00010088 -0.00228789 -0.00331913 -3.67996e-05 -0.00227916 -0.00472722 -0.0020911 0.000437769 -0.00253994 -0.00301221 -0.000971418 -0.00501081 
0.000541592 -0.00380448 -0.00229709 -0.00181666 -0.00397526 0.000638908 -0.00118399 -0.003251 -0.00505373 -0.00291941 -0.00460224 -0.0055537 -0.00237122 -0.0019055 -0.00179383 -0.00950192 -0.00890671 -0.0107683 0.00142688 -0.00680832 -0.00497234 -0.0021065 -0.000771425 -0.00198973 0.00102326 -0.00581258 0.224359 -0.0021624 -0.00356571 0.00177013 -0.00108963 -0.00302291 -0.00176875 -0.00155797 -0.00278915 -0.000589175 -0.00024605 -0.000400558 -0.00329695 -0.00282591 -0.00080414 -0.00252246 -0.00249818 -0.00100275 -0.00341344 -0.00298046 -0.00133043 -0.00295667 -0.000796262 0.000126193 -0.00227885 -0.00110047 -0.00113484 -0.00312853 0.00115893 -0.00120716 -0.00222359 -0.000417984 -0.00115433 -0.00394769 -0.000194774 -0.000487186 -0.00357303 -0.00270216 -0.000889427 -0.0017799 -0.00140569 -0.00362805 -0.00250254 -0.00282112 -0.00244474 -0.000387018 -0.00456889 -0.00193988 -0.00032657 0.000547976 -0.000999364 -0.00224112 -0.00291282 -0.00229421 -0.000563297 -0.00211014 -0.00275117 -0.00328457 -0.00305956 0.000140956 -0.00532647 -0.00243944 -0.00315311 -0.000240421 -0.00514257 -0.00280436 -0.00211145 -0.00117889 -0.00128524 -0.00137128 -0.0033944 -0.00134995 -0.000789549 -0.000899706 
-0.00271695 -0.00170156 0.000882211 -0.00369772 -0.000942361 -0.00193215 -0.0051585 -0.00189854 -0.00167608 0.00193582 -7.58024e-05 -0.00464747 -0.00305581 -0.00306899 -0.00837468 -0.000410985 0.00258153 -0.0124331 -0.00436639 -0.00423609 -0.00133097 -0.00170898 -0.00723292 -0.00109608 -0.00364002 -0.000786067 -0.0021624 0.219094 -0.00382282 -0.00219727 -0.00103154 -0.00209219 -0.00455594 -0.0011488 -0.00310511 -0.00279939 -0.00140495 -0.00179463 -0.00272289 -0.00295241 -0.00256724 -0.00263076 -0.000957314 -0.0016459 -0.00226348 -0.00301865 -0.000652338 -0.00114581 -0.00293876 -0.000709208 -0.00168238 -0.00162178 -0.00273682 -0.00164412 -0.00365157 -0.00130344 -0.00399317 -0.0008308 -0.000106142 -0.00464869 -0.00136667 -0.00112132 -0.000369869 -0.00329768 -0.001381 -0.00269604 0.00144803 -0.000322464 -0.0027725 -0.00115486 -0.00370621 -0.00327493 -0.00278153 -0.00255914 -0.00241069 -0.00248937 -0.000666836 -0.000722899 -0.000535169 -0.00162018 -0.000798361 -0.000536609 -0.00252392 -0.00135991 -0.00396129 -0.00196205 -0.000889698 -0.00248004 -0.00312398 -0.000942027 0.000204773 -0.00214691 -0.00180107 -0.00381375 -0.00334434 -0.00122571 -0.0024387 -0.00314607 -0.00331856 -0.00235684 
-0.0020777 -0.00146091 -0.00235652 -0.00141667 -0.000251686 -0.00213561 -0.00271896 0.000954509 -0.000678078 -0.00246888 -0.00396191 -0.000187819 -0.00288161 -0.00382641 -0.000637314 -0.0048725 -0.00118539 -0.00326355 -0.00390575 -0.00153086 -0.00437856 -0.0057944 -0.000799116 -0.00864623 -0.00516555 -0.00319533 -0.00356571 -0.00382282 0.149692 -0.00332154 -0.00412501 -0.000988205 0.000685455 2.14767e-05 -0.00146955 0.000742736 -0.00243014 -0.00165905 -0.000408092 -0.00105438 -2.74194e-05 -0.00125272 -0.00196396 -0.00047464 1.78411e-05 -0.000512301 -0.00034788 -0.00110828 -0.00102334 -0.000348996 -0.000917845 -0.000378286 -0.00290901 -0.000482861 0.00075937 -0.00151564 -0.00091864 -0.00106084 -0.000966823 -0.00123931 -0.000597615 -0.00118258 -0.00115995 7.00211e-05 -0.000763231 -0.000264119 -0.000135923 -0.00328086 -0.000524995 -0.00228243 -0.00116978 -0.000685323 -0.00214572 -0.00196031 -0.00100307 -0.00124108 -0.00164337 -0.000916534 -7.61903e-05 -0.0016654 -0.000451086 -0.000688986 -0.000751352 -0.000622824 -0.000869467 -0.00118079 -0.00168441 -0.00129841 -0.0020257 -0.00255734 -0.000262978 -0.00167853 -0.000265506 -0.00125313 -0.00132251 -0.000596358 -0.00125624 -0.00021836 0.00012899 -0.00129901 
-0.00112146 0.000200695 -0.00117083 -0.000839791 -0.00278203 -0.00237747 -0.00129487 -0.000985008 -0.00315645 -0.00358087 -0.00102003 -0.00446284 -0.00268342 -0.00242148 -0.00558444 -0.00742321 -0.0116686 -0.00604451 -0.00898041 -0.00408279 -0.00305466 -0.0011188 -0.00764468 -0.00412494 0.00523681 -0.00124842 0.00177013 -0.00219727 -0.00332154 0.163118 -0.000118096 -0.00335039 -0.000900366 -0.00156559 -0.000759639 -0.000383222 -0.000521209 -0.000971048 -0.000543563 -0.00357881 -0.00119966 -0.00016606 -0.00145386 -0.000867301 -0.000978991 -0.00258406 -0.00107837 -0.00199674 -0.00118484 -0.00111403 -0.00135646 -0.000840946 -0.000281255 -0.00235063 -0.000330464 -0.000623596 -0.000307822 -0.000240359 -0.00102098 -0.000688552 -0.00183962 -0.000987043 -0.00104585 -0.00163477 -0.00012024 0.000665348 -1.87764e-05 -0.00125788 -0.00027407 -0.00200785 -0.00141613 4.41675e-05 -0.0013663 -0.000756982 -0.00302598 -0.00141685 -0.000987382 -0.000876797 -0.00129568 -0.00259038 -0.000428816 -0.000461536 -0.00193396 -0.000877227 -0.000448568 -0.00122293 -0.00191053 -0.000916342 -0.000461442 -0.0025246 0.000676002 -0.00107702 -0.0012129 -0.00150402 -0.00116277 -0.000402226 -0.00231289 -0.00128481 -0.000300716 -0.000601553 
-0.00128718 -0.00121983 0.000638074 -0.000294354 -0.000766785 -0.00259416 -0.00186442 -0.00187826 -0.00222619 -0.00118617 -0.00511559 -0.00152539 -0.00485164 -0.00681471 -0.00657849 -0.000895027 -0.0028644 -0.00276605 -0.00454924 -0.00596366 -0.00367831 0.00124552 -0.00336386 -0.0019956 -0.00527269 0.00187661 -0.00108963 -0.00103154 -0.00412501 -0.000118096 0.155237 -0.00257845 0.000153922 -0.00117845 -3.60233e-05 -0.00243784 -0.00127064 -0.000608757 -0.00100178 -0.00153151 -0.00204805 -0.00181494 -0.00044211 -0.000498111 -0.00138653 -0.000450233 -0.000316184 -0.00187473 -0.000958725 -0.000497213 -0.000189456 -0.000419834 -0.00239143 -8.81355e-05 -0.00242566 -0.00126728 -0.00139912 -7.82531e-05 -0.000323435 -0.000125941 -0.000411085 -0.00192593 -0.00180432 -0.00156482 -0.000782584 -9.43564e-05 -0.000429417 -0.00257118 -0.00109851 -0.000621761 -0.00220422 -0.00294978 -4.52886e-05 -0.000978929 -0.00106687 -0.0019734 -0.000322997 -0.00048722 -0.00172743 -0.000992604 -0.00055811 -0.00319723 -0.000967049 -0.00126516 -0.00326853 -0.00118454 -0.0017654 -0.0010658 -0.00151377 -0.00238415 -0.000837509 -0.000667709 -0.00160237 -0.00243638 -0.00124458 0.000211865 -0.00195557 -0.00178636 -0.000970668 -0.00108386 
-0.000937007 -0.00039761 -0.00112579 -0.000287714 -0.000997606 -0.00298878 -0.000995588 -0.00169628 -0.00162169 -0.00235557 -0.00425509 -0.00105506 -0.0085452 -0.00284824 -0.000554588 0.000504725 -0.00249693 -0.00325694 -0.00271258 -0.00434247 -0.00453351 -0.000362303 0.000238307 -0.00538183 -0.00228057 -0.00445226 -0.00302291 -0.00209219 -0.000988205 -0.00335039 -0.00257845 0.138178 0.000644862 -0.000134741 -0.00273665 -0.00113606 -0.000784641 -0.000679155 -0.00157005 -0.00124536 -0.000357877 -0.000183153 0.000664508 -0.000721407 -0.000398685 -0.000676728 -0.000565158 -0.00108294 -0.0016831 -0.00108355 -0.00109049 -0.00149955 0.000213819 -0.00123993 0.000155327 -0.00130684 -0.000816895 -0.0014525 -0.000314137 -0.00179852 -0.00130572 0.000152374 -6.95183e-05 -0.00239728 -0.000106005 -0.000497062 -0.00139038 -0.00063081 -0.000567944 -0.00245016 -0.00201025 -0.000638861 -0.00120895 -0.000910658 -0.00207216 -0.00166194 -0.00213953 5.47464e-06 -0.000484947 -0.000976966 -0.000483146 -0.00219224 -0.00273475 -0.00173187 -0.00158745 -0.000519609 -0.00130411 0.000675471 -0.00193396 0.000290733 -0.00181252 -0.000889665 -0.00232423 -0.000342517 -0.000492173 -0.0013623 -0.00141018 0.000118815 -0.0020637 -6.71911e-05 
