0.08688 0.000255932 -0.000232289 -0.00096076 0.000173747 -0.000792468 -0.000480709 -0.000974283 -0.00120376 -0.0023229 -0.00159234 -1.49206e-05 -0.00402689 -0.00224674 -0.0041718 -0.00314714 -0.00126335 0.00180888 -0.000398915 -0.00323837 -0.000983476 -0.00190281 0.000858652 -0.00423325 -0.00130889 -0.00139259 -0.00221519 -0.00369541 -0.000754879 -0.00186357 -0.000768934 -0.00121148 -0.000204974 -0.00167622 0.000110779 -0.000655141 -0.000514124 -0.000185659 0.000444108 -0.00190418 -0.000394144 -0.00085658 -0.000794501 -0.000563173 -0.000461643 -0.00122979 0.00011193 -0.000870563 -0.000244891 -0.000334098 -0.00210761 0.000101302 -0.000330721 -0.000942446 -0.000482795 -0.000902913 -0.000976413 -0.000277066 -0.000436112 -0.00134203 -0.000196018 -0.00055701 -0.000935445 -0.00124538 -0.000266173 -0.00146739 -0.000396872 -0.00120602 -0.000255974 -2.2242e-05 -0.0010231 -0.00120216 -0.000621336 -0.000763863 -0.00047426 0.0003385 -0.000465832 0.000317243 -0.000625762 -0.00106141 -0.000517255 -0.000862587 -2.80234e-05 0.000207373 -0.00108302 -0.00055176 -0.000797887 4.02382e-05 -0.00171287 -0.00124444 -0.000876956 -0.00145702 -0.00125708 -0.000943299 0.000228603 -0.000561245 -0.000534509 -0.000102837 -0.000557912 8.36034e-05 
0.000255932 0.0781009 -0.0003368 -0.000140329 -3.19124e-05 -0.00097098 0.00138564 -0.00095132 -0.000920165 -0.000498714 -0.0010991 -0.000658973 -0.00113498 -0.00294235 -0.00194885 -0.00164958 0.000236848 -0.00315662 -0.00360049 -0.000836845 -0.00286946 -0.00152084 0.000145601 -0.00331385 -0.000651888 -0.00252144 -0.00340881 -0.00317183 -0.00335998 -0.00227469 0.000234419 -0.00160818 -0.000199149 -8.99799e-05 -0.000726436 -0.000629664 -0.000805931 -0.000622478 -0.00157111 -0.000370285 -0.00074816 -0.000800747 -0.00138304 -0.000215749 -0.00043424 -0.00106861 -0.000429961 -0.000966458 -0.000231502 -0.000339054 -0.00113259 0.000233701 -0.00137137 -0.000599288 -0.000186912 -0.000532131 -1.00385e-05 0.000286628 0.00024501 -0.000794138 -0.000903931 0.000268082 -0.000971808 -0.00038293 -0.000822439 -0.000753327 -0.000572522 -0.000326336 -0.000544219 -0.00031215 0.000542813 -3.52358e-05 5.731e-05 -0.000796297 -0.000395288 -0.00017321 -0.000828135 -0.000510282 -0.00131084 -0.000843361 -8.48271e-05 -0.00108544 0.000339615 -0.000335988 -0.000177714 -0.000195143 -0.000303602 -0.000928194 -0.000516438 -3.77622e-05 -0.00135278 -0.000329844 -0.000894968 -0.000662924 -0.000321411 -0.000423813 -0.00112588 -0.0001888 0.000140724 -0.00118743 
-0.000232289 -0.0003368 0.0849969 -0.00108871 0.00082429 -7.85551e-07 -0.00111255 -0.000513368 -0.00173836 0.00182291 -0.00210521 -0.000375081 -0.00201257 -0.000882004 -0.00217435 -0.00381405 -0.00136095 -0.000229987 -0.0029486 -0.00337621 -0.00179792 -0.000294887 -0.00190463 -0.00299172 -0.00102588 0.000686784 -0.00379545 -0.00276668 -0.00253097 -0.0017493 -0.00303636 -0.0018822 -0.000114369 -0.0012173 -0.00101827 -0.000654299 -0.000945788 -0.000247035 -0.000566232 -0.000861886 -0.000547997 -0.000529097 -0.000751217 -0.000152599 -0.000334656 -0.00089851 -0.00123339 0.000320282 -0.000354034 -0.00113339 -0.000982148 -0.000570923 -0.00113327 -0.00183675 -0.000424139 -0.000422885 -0.00107247 -0.00118703 -0.00118293 -0.000222638 -0.000790458 0.000222941 -0.00163821 -0.00164881 -0.000295628 0.000154939 0.000468396 -0.000778835 -0.000648568 -0.000321819 -0.000111927 0.000228651 -0.00042719 -0.000570911 -0.000664851 -0.000771033 -0.000718584 -0.00076068 -0.000861384 -4.15656e-06 -0.000634241 -0.000317102 -0.0002669 -0.000552737 -0.00085285 -0.000435859 -0.000905308 -0.000480458 -0.000707509 -0.00099009 -4.23159e-05 -0.00164271 8.2988e-05 -0.000296302 -2.30334e-05 -0.000544688 -0.000267089 -0.000408028 -6.42871e-06 -0.000749296 
-0.00096076 -0.000140329 -0.00108871 0.105121 -0.00101183 0.000346659 0.00016551 0.000672211 2.8928e-05 0.000165791 -0.000850142 -0.0011102 -0.00226145 0.00112875 -0.00498843 -0.00232362 -0.000198391 -0.00461764 -0.00648385 -0.000994291 -0.0012934 -0.00348155 -0.00162932 -0.00420024 -0.00244363 -0.00363073 -0.000599519 -0.00204638 -0.00309885 -0.00113094 -0.00296684 -0.00231755 -0.00180244 7.52585e-05 -0.000571789 -0.00098412 -0.0014932 -0.000735098 -0.00124138 -0.000432297 -0.00022571 -0.00212583 -0.000913549 -0.00108752 -0.000769895 -0.00143018 -0.000692648 -0.000778249 -0.000363612 -0.000248279 -0.000499264 -0.00105491 -0.000363119 0.000806206 -0.000289174 -0.000342 -0.00140922 -0.000865387 -0.00127059 -0.00047869 0.000700656 -0.0010702 -0.000357461 -0.000548436 -6.90022e-05 -0.00133701 -0.00203968 -0.000631234 -0.00058259 -0.00022427 -0.000197514 0.00020833 -0.000374243 -0.00099278 -0.00115678 -0.000709615 -0.000780148 -0.00103386 5.30667e-06 -0.00111895 -0.00191493 0.000334388 -0.000259494 -0.00114255 -0.000423277 -0.000804074 -0.000804587 -0.000977281 -0.00154883 -0.00074288 -0.00112473 -0.00252441 -2.43245e-05 -0.00109552 -0.000441302 -0.000273552 -0.00172448 -0.00120775 -0.00084379 -0.000320656 
0.000173747 -3.19124e-05 0.00082429 -0.00101183 0.0953312 -0.00026927 -0.000264899 -0.00140058 0.000321817 -0.00134389 0.000359828 -0.00266807 -0.000214011 -0.00176559 0.000538749 -0.00170695 -0.00490253 -0.00425335 -0.00323398 -0.00170719 -0.000746676 0.000795518 -0.00406214 -0.00662786 -0.00289173 -0.00420153 -0.000982782 -0.00292442 -0.00135975 -0.000999565 0.00175258 -0.00266422 -0.000885724 -0.00090985 -0.0011767 -0.00147531 -0.00154156 -0.000350398 -0.000686526 0.000219092 -0.00112077 -0.000904588 -0.000578206 -0.00106927 0.000133471 -0.000870854 -0.00115478 -0.00125637 -0.000629277 -0.000306762 -0.000349873 -5.67276e-05 -0.000763878 -0.000207459 -0.000838936 -0.000761551 -0.00122496 -0.00108355 -0.00132186 -0.000859889 -0.000852693 -0.00185214 -0.00096836 -0.000768736 -0.00165219 -0.000942384 0.000463138 -0.000215052 -0.000733404 -0.000858584 -0.000324299 -0.000392401 -0.000808887 -0.000400916 1.51e-05 -0.000691072 -7.8234e-05 -0.00149668 -0.000303887 -0.00150896 0.000271922 -0.000430963 0.00031975 -0.000424362 -0.00113151 -0.00112483 -0.000104076 -0.000644224 -0.001319 -0.00101213 -0.000161012 -0.000238526 -0.000961911 -0.00119846 -0.00077067 -0.000659273 0.000258858 -0.000454198 -0.000349667 -0.00132508 
-0.000792468 -0.00097098 -7.85551e-07 0.000346659 -0.00026927 0.0818315 -0.000285046 -0.000473553 7.35066e-05 -0.00117041 -0.000374851 -0.00195028 -0.000531602 -0.000604053 -0.00130317 -0.00239537 -0.00534689 -0.00126159 -0.00372163 -0.00225076 -0.00525133 -0.00330459 0.000145868 -0.00242688 -0.000428849 -0.000823311 -0.00179121 -0.00236782 -0.000763883 -0.00213747 -0.000691847 -0.00124248 -0.000441866 -0.000868732 -0.00165747 0.000307903 -0.00125418 -0.000122193 -0.000489826 -0.000263296 -0.000435577 -0.00146747 -0.000443449 -0.000819654 -0.000918681 -0.000945927 -5.52522e-05 -7.97573e-05 -9.89765e-05 -0.000866127 -0.00120807 -0.000239995 -9.97736e-05 -0.000972656 -0.00103188 -0.000907411 -0.000646026 -0.000238443 0.000137731 4.04017e-05 -0.000807236 -0.000761403 -0.00050281 -0.000996754 -0.00117284 0.000706027 -0.000760995 -0.000345776 -0.000952365 -0.000555528 -1.89935e-05 -0.000747216 -0.000566972 -0.000696684 -0.000250022 -0.00110418 -0.00026468 0.000502943 0.000464851 -0.000455491 -0.000746818 -5.36199e-05 -0.000800099 5.31806e-05 -0.000600436 -0.000560812 -0.000269126 -0.000445997 -0.00060006 -0.000895277 -0.000933854 9.34368e-05 -0.000762166 -0.000403054 -0.00116581 -0.00112982 -0.000811097 -4.51338e-05 -0.00117095 -0.000844811 
-0.000480709 0.00138564 -0.00111255 0.00016551 -0.000264899 -0.000285046 0.0901121 7.2646e-05 -3.9073e-05 -0.00304457 -0.000240479 0.000500273 -0.0012274 -0.00157667 -0.00345475 -0.00323189 -0.00479442 -0.00176951 -0.00176837 0.000951802 -0.00314815 -0.00521371 -0.000561774 -0.00220371 -0.00476488 -0.00254956 -0.00189484 -0.00316525 -0.000956211 -0.00274085 -0.000271284 7.42867e-05 -0.00130243 0.000222916 -0.00190005 -0.000498046 -0.0011173 0.000194529 -0.00154303 -0.000963031 -0.000458247 -0.00129366 -0.00033404 -0.000573426 0.000143994 -0.000825221 -0.00162548 -0.000909518 0.000201542 -0.000102939 -0.000393946 -0.000765214 -0.000549587 -0.000648197 -0.000606287 -0.000511722 -0.000981842 -0.000862125 -0.00126156 -0.000159804 0.000226185 -0.000391822 -0.000679728 -0.00118227 -0.000939751 -0.000599954 -0.00127232 -0.00131071 9.3212e-05 -0.00118878 -0.000815349 -0.00176146 -0.00124349 -0.000194536 -0.000469019 -0.000771644 -0.00106922 -0.00033427 -0.000678408 -0.000656171 -0.00105832 -0.000419242 -0.000485496 0.000493542 -0.000993016 0.000183726 -0.000466389 -0.000404841 -0.000410004 0.000264917 -0.00128087 -0.000752594 -0.000364832 0.000195729 0.000635296 -0.000423671 -0.000620349 0.000129663 -0.00115426 -0.000907401 
-0.000974283 -0.00095132 -0.000513368 0.000672211 -0.00140058 -0.000473553 7.2646e-05 0.0942277 0.000768749 -0.00139545 -0.00289432 -6.22235e-05 -0.000974913 -0.00237328 -0.00221958 -0.00354102 -0.0014754 -0.00250868 -0.00328858 -0.00099627 -0.00286198 -0.00160033 -0.000354938 -0.00167116 -0.00371197 -0.00174493 -0.00283094 -0.0048678 -0.00105564 -0.00298487 -0.00227456 0.000453269 -0.00126988 -0.000713704 -0.00188707 -0.000764974 -0.000854696 -0.000945014 -0.00118924 -0.000644951 -0.000425436 -0.000449456 -0.000589811 -0.000110163 -0.000410779 -0.000894902 -0.000688957 -0.000986114 -0.000423636 -0.000304174 -0.0017236 -0.000917867 -0.00066511 -0.000778327 0.000306258 -0.000727413 -0.00157879 -0.00110873 -0.000673944 -0.000282542 -0.000636693 -0.00167858 9.82752e-05 -0.000695059 0.00014782 -0.000417988 -0.000137007 -0.00162885 -0.000608053 -0.000258269 0.000216933 -0.00106667 -0.000778874 -0.00074415 -0.000381858 -0.000646605 -0.000774602 -0.000534189 -0.00110759 -0.000534592 -0.0011608 -0.000528624 -0.000625877 -0.000801111 -5.0246e-06 -0.000327306 -0.000589387 -0.000112542 -0.000232716 -0.000654212 -0.000305834 -0.000792107 0.000191898 0.000464649 -0.000212891 -0.00109273 -0.00124311 -0.000740795 -0.00134849 -0.000206026 
-0.00120376 -0.000920165 -0.00173836 2.8928e-05 0.000321817 7.35066e-05 -3.9073e-05 0.000768749 0.105202 -5.36848e-05 -0.00187834 -0.000607644 -0.0015849 -0.00397436 -0.00306429 -0.00235403 -0.00452162 -0.00583301 -2.15245e-05 -0.00138171 -0.00340379 -0.00485343 -0.00277953 -0.00415704 -0.00310489 -0.00295041 -0.00230864 -0.000816974 -0.00208861 -0.00140597 -0.00111636 -0.00197004 -0.00104995 -0.000212443 -0.00155913 -0.000811737 -0.00170066 -0.000266231 -0.00154525 -0.000245674 -0.000229136 -0.00109076 -0.00114034 -0.000945011 -0.000724488 -0.00118471 -0.00029135 -0.000948301 -0.000684991 -0.000274987 -0.000833129 -2.57043e-05 -0.000117109 0.000341927 -0.000426704 0.000812316 -0.000802671 0.000101629 -0.000439618 -0.0010433 -2.90797e-05 -0.00120719 -0.000490818 -0.000721681 -0.000418982 -0.000371742 -0.00121641 -0.000989483 -0.00105124 -0.00165169 -0.00122167 -0.00119493 -0.00056421 -0.00108837 -0.000788244 -0.000532696 -0.000303771 -0.000647499 -0.000955705 0.000108575 -0.00137194 -0.000381398 -0.000973007 0.000100499 -0.000306387 -0.000732637 -0.000827914 -0.000972917 -0.00100758 -0.00034017 3.81707e-05 -0.00144536 -0.000101452 -0.000193692 -0.000765363 -0.00020492 -0.000315933 -0.000871242 -0.00188884 -0.00102659 
-0.0023229 -0.000498714 0.00182291 0.000165791 -0.00134389 -0.00117041 -0.00304457 -0.00139545 -5.36848e-05 0.137427 -0.00128206 -0.00133137 -0.00334123 -0.00164037 0.00129298 -0.00100481 -0.00432972 -0.00404741 -0.0049322 -0.00624989 -0.00298311 -0.00639841 -0.0084076 -0.00244299 -0.00243567 -0.000879925 -0.00355142 -0.00493351 -0.00380167 -0.00115272 -0.00390124 -0.00178511 0.00069433 6.84539e-05 -0.00226384 -0.000844719 0.000509995 -0.000243586 -0.000343852 -0.0010011 -0.000966388 -0.000444507 -0.00138077 -0.000635036 -0.000738753 -0.0005174 -0.00195261 -0.00104804 -0.000407072 -0.000184858 -0.00213374 -0.00100917 -0.00094786 -0.000766694 -0.00036508 -0.000682096 -0.00105741 -0.000384837 -0.00064514 -0.000507236 -0.00104184 -0.00148104 -0.00114617 0.00016694 -0.00339295 -0.00118235 -0.000418011 -0.000328403 -0.000921242 -0.000430025 -0.00164302 -0.000557977 -0.00145707 -0.00156812 -0.00162862 -0.000176431 -0.00229862 0.00113149 -0.00100044 -0.000785678 -0.00129809 -0.000455628 -9.00681e-05 -0.00136947 -0.000937274 -0.00153435 -0.000971803 -0.00192658 0.000125945 -0.00015082 -0.00133491 -0.000863377 -0.000498954 -0.000552071 -0.00177921 -0.00144743 -0.000476649 -0.000778466 -0.00174551 -0.00160364 
-0.00159234 -0.0010991 -0.00210521 -0.000850142 0.000359828 -0.000374851 -0.000240479 -0.00289432 -0.00187834 -0.00128206 0.145416 0.000427112 -0.00339237 -0.000140329 -0.00318014 0.00271208 -0.00774053 -0.00585778 0.001245 -0.00238917 -0.00128077 -0.00400166 -0.00504388 -0.00802344 -0.00109084 -0.00145186 -0.00497703 -0.0018218 -0.00313483 0.000317894 -0.00130927 -0.00495017 -0.00321949 -0.00042849 -0.00162779 -0.00127812 -0.00226638 -0.00141124 -0.00208677 -0.00135764 -0.00111268 -0.00092727 -0.000663872 -0.00114941 -1.96612e-05 -0.00073659 -0.000756774 -0.000414252 8.71806e-05 -0.000709604 -0.00161983 -0.00180118 -0.000779186 -0.000230131 -0.0016865 -0.000798883 -0.00104686 -0.000279806 -0.000500259 -0.001594 -0.00132263 -0.00203551 -0.000760519 -0.00192556 -0.00136814 -0.000639517 -0.00121196 -0.00107616 -0.00142002 -0.00155658 -0.00175663 -0.00214194 -0.00141331 -0.000112941 -0.000841285 -0.00161165 -0.000492096 -0.000386677 -0.00127797 -0.00103545 -0.000818003 -0.000960887 -0.00125884 -0.00251484 -0.00126803 -0.0012684 -0.000581399 -0.00166007 -0.00177041 -0.00112189 -0.00153279 -0.00104258 -0.00118304 -0.000670065 -0.00257428 -0.000911787 -0.00133327 0.00026251 -0.0020161 0.000650762 
-1.49206e-05 -0.000658973 -0.000375081 -0.0011102 -0.00266807 -0.00195028 0.000500273 -6.22235e-05 -0.000607644 -0.00133137 0.000427112 0.176171 -0.000891112 -0.00144542 -0.00745769 0.00172986 -0.00397144 -0.00506768 -0.00374814 -0.00315429 -0.000814021 -0.00478246 -0.00389616 9.28909e-05 0.00139935 -0.00659284 -0.00342505 -0.00544701 -0.00341404 -0.0008478 -0.00268971 -0.00671721 -0.00343323 -0.00108508 -0.000479913 -0.0015283 -0.00191663 -0.00184284 -0.00316799 -0.00135178 -0.00145335 -4.15261e-05 -0.00234588 -0.00263126 -0.000803055 -0.00115195 -0.00129653 -0.00174787 -0.000840617 -0.0010993 -0.00165047 -0.00104262 -0.00171919 -0.00098133 -0.00204922 -0.000903851 -0.00192712 -0.00168091 -0.00295923 -0.000930619 -0.00102786 -0.002226 -0.00202478 -0.00103182 -0.00182964 -0.00153107 -0.00184968 -0.00186516 -0.00213035 -0.0025925 -0.00315505 -0.00231304 -0.000423424 -0.00198493 -4.56123e-05 -0.00193434 -0.00200481 -0.000837101 8.34498e-05 -0.00228328 -0.00043787 -0.00114483 -0.00167082 -0.00166471 -0.000288644 -0.00102038 -0.00100722 -0.0020429 -0.000476567 3.50725e-05 -0.00277861 -0.00314831 -0.00266284 -0.00312359 -0.003398 -0.000819603 -0.000654897 -0.000328043 -0.0028451 -0.000633509 
-0.00402689 -0.00113498 -0.00201257 -0.00226145 -0.000214011 -0.000531602 -0.0012274 -0.000974913 -0.0015849 -0.00334123 -0.00339237 -0.000891112 0.192447 0.00332594 -0.000896612 -0.00190527 -0.00332771 -0.00468819 -0.012524 -0.00262453 -0.00350385 -0.00284861 -0.00239703 0.0023092 -0.00291628 -0.00363684 -0.00358821 -0.0055258 -0.00354903 -0.0025762 -0.00158298 -0.0029452 -0.00229908 -0.000622461 -0.000929602 -0.000392125 -0.00122237 -0.00151664 -0.00168597 -0.000367624 -0.00259438 -0.000756084 -0.00236788 -0.000783471 -0.00197913 -0.00273052 -0.00205389 -0.000953369 -0.00289972 -0.000976895 -0.000365297 -0.000514418 -0.000419451 -5.10574e-05 -0.0031684 -0.00189383 -0.00285876 -0.00155522 -0.00240293 -0.00207662 -0.00351818 -0.00322006 -0.00104578 -0.00293391 -0.00133044 -0.00199874 -0.0021772 -0.00104872 -0.00187228 -0.00201283 -0.00207399 -0.00119731 -0.0017801 -0.00166254 -0.00113902 -0.00237388 -0.000815612 -0.00142788 -0.00199734 -0.00174476 -0.00154034 -0.00200378 -0.00147905 -0.00155254 -0.00185515 -0.0027028 0.000291547 -0.00276807 -0.00291046 -0.00144505 -0.000702614 -0.00250056 -0.00179869 -0.000481994 -0.00181097 -0.00348025 -0.000341845 -0.000871515 -0.00297576 -0.00271446 
-0.00224674 -0.00294235 -0.000882004 0.00112875 -0.00176559 -0.000604053 -0.00157667 -0.00237328 -0.00397436 -0.00164037 -0.000140329 -0.00144542 0.00332594 0.222302 0.00139582 -0.00624779 -0.00806773 -0.00940482 -0.000492879 -0.00292258 -0.00245554 -0.00604697 -0.00121757 -0.0112501 -0.00784784 -0.00780262 -0.00418239 -0.0046328 -0.00643252 -0.0049975 -0.00662177 -0.00403801 -0.00150058 -0.00451822 -0.0017157 -0.00198199 -0.00375676 -0.0019224 -0.00285046 -0.00247376 9.44446e-05 0.000277959 -0.0017831 -0.00241416 -0.00135446 -0.00131867 0.0022119 -0.00160101 -0.00152272 -0.000287371 8.31729e-05 -0.00358543 -0.00269486 -0.00296783 0.00046834 -0.00263824 -0.000418531 -0.00130053 -0.000618918 -0.00273413 -0.00184504 -0.00196146 6.44905e-05 0.00116794 -0.0022771 -0.0023832 -0.000892427 -0.000732689 -0.00279895 -0.00281961 -0.0031751 0.000199826 -0.00181678 0.000107321 -0.00191051 -0.0022693 -0.00202738 -0.000189402 -0.000130389 -0.00217908 -0.00324346 -0.00301141 -0.00211924 -0.000631529 -0.00361409 -0.000305184 -0.00113458 -0.00165278 -0.00354525 -0.00108141 -0.00213913 -0.00497607 -0.00111469 -0.0023533 -0.000613115 -0.000816437 -0.00232946 -0.000975532 -0.00361237 -0.00193803 
-0.0041718 -0.00194885 -0.00217435 -0.00498843 0.000538749 -0.00130317 -0.00345475 -0.00221958 -0.00306429 0.00129298 -0.00318014 -0.00745769 -0.000896612 0.00139582 0.228488 -0.00339322 -0.00224432 -0.00851055 -0.00444784 -0.00242013 0.0082843 -0.0086293 -0.00741469 -0.00813201 -0.0070614 -0.0142659 -0.000444917 -0.00716648 0.00129474 -0.00530863 -0.00425677 -0.00170179 0.000674328 -0.00428242 -0.0014147 -0.0020799 -0.00248015 -0.00257884 -0.00142557 -0.00396592 -0.0012626 -0.0025048 -0.00147705 -0.00221121 -0.00135913 -0.00213062 -0.00062914 -0.00233729 -0.00146081 -0.00192018 -0.00205504 -0.00457672 -0.00221904 -0.00180257 -0.00367066 -0.00385986 -0.00140207 -0.000462212 -0.00234125 -0.00159902 -0.000915392 -0.00396638 -0.00241248 -0.0018246 0.000178383 -0.00376086 0.000394623 -0.00325115 -0.00147443 -0.00235887 -0.00126666 -0.00209495 -0.00372309 -0.00116573 -0.00195572 -0.00110338 -0.00278196 -0.00281828 -0.00165232 -0.00266272 -0.00106602 -0.00186158 0.00014939 -0.00214626 -0.000760649 -0.00120425 -0.00386587 -0.00127425 -0.000685933 -0.00130786 -0.00276425 6.85863e-06 -0.000938406 -0.00183665 0.00223889 -3.03547e-06 6.98067e-05 -0.000922104 -0.0017443 -0.00166987 
-0.00314714 -0.00164958 -0.00381405 -0.00232362 -0.00170695 -0.00239537 -0.00323189 -0.00354102 -0.00235403 -0.00100481 0.00271208 0.00172986 -0.00190527 -0.00624779 -0.00339322 0.241438 -0.000401506 -0.00298313 -0.00248343 -0.00316659 -0.00205169 -0.00578202 -0.00412169 -0.00496281 -0.0015332 -0.00850681 -0.010858 -0.0026898 -0.00130804 -0.000802768 -0.000794764 -0.00439534 -0.00296675 -0.00210349 -0.00525582 -0.00434807 -0.00311799 -0.00166257 -0.00507673 -0.00321972 -0.00183898 -0.000959876 0.00212234 -0.000750184 -0.00157508 -0.00110357 -0.00429889 -0.000465363 -0.00265788 -0.00345335 -0.00330906 -0.00308659 -0.00115834 -0.00398487 -0.00449752 -0.00163389 -0.0011934 -0.00134411 -0.00253129 -0.00310987 -0.00302897 -0.00382393 7.23945e-05 -0.00307087 -0.00462982 -0.00365564 -0.000830613 -0.000909882 -0.00179345 -0.00196682 -0.00349429 -0.00314054 -0.00170652 -0.000295046 -0.00245939 -0.00345619 -0.00112888 -0.00450562 -0.00100012 -0.00242361 -0.00284125 -0.00363836 -0.00110933 -0.00162769 -0.000641035 -0.00335842 -0.00143299 -0.001519 -0.00314337 -0.00315103 -0.000441683 -0.00141834 -0.000541372 0.00125465 -0.00363379 -0.00259893 -0.00431622 -0.00141574 -0.000453676 -0.000467539 
-0.00126335 0.000236848 -0.00136095 -0.000198391 -0.00490253 -0.00534689 -0.00479442 -0.0014754 -0.00452162 -0.00432972 -0.00774053 -0.00397144 -0.00332771 -0.00806773 -0.00224432 -0.000401506 0.248343 0.00647785 -0.00372774 0.00553793 0.000666724 0.00263071 -0.0189553 -0.000820069 -0.00964884 -0.00942769 -0.00385139 -0.0112479 -0.0052794 -0.0044677 -0.0049868 -0.0012638 -0.00104837 -0.00165791 -0.00135128 -0.0060283 -0.00166571 -0.00470431 -0.0034072 -0.000486564 -0.00154999 -0.00486394 -0.00201961 -0.00206082 -0.0018517 -0.00115407 -0.00153454 -0.00365937 -0.00398093 -0.00352684 0.00230466 -0.00148689 -0.00195937 -0.00210013 -0.00195952 -0.00123452 -0.00268011 -0.000929365 0.000730101 -0.00166924 -0.00163455 -0.00617383 8.77414e-05 -0.00391936 -0.00145896 -0.0028007 7.24916e-05 -0.00305738 -0.00254025 -0.000867427 -0.00210434 -0.00133985 -0.000426369 -0.00154188 -0.00283174 -0.00167476 -0.00302384 -0.00116304 -0.00378694 -0.00212917 -0.0018357 -0.00282364 -0.00211229 -0.0023113 0.000251816 -0.00187737 -0.00443286 -0.00138126 0.00265581 -0.0011918 -0.00446119 -0.00414456 -0.000288652 -0.00127312 -0.00192981 -0.00222317 -0.00243841 -0.000161386 -0.00270165 -0.00173907 
0.00180888 -0.00315662 -0.000229987 -0.00461764 -0.00425335 -0.00126159 -0.00176951 -0.00250868 -0.00583301 -0.00404741 -0.00585778 -0.00506768 -0.00468819 -0.00940482 -0.00851055 -0.00298313 0.00647785 0.246461 -0.00255782 0.000541885 -0.00965565 -0.0120172 -0.00334354 -0.00644167 -0.0142115 -0.00343373 -0.00166559 -0.00554709 -0.00494081 -0.00051481 -0.000194603 -0.00328078 -0.00276878 -0.00504896 -0.0022678 -0.00548222 -0.00153738 -0.000549223 0.00148395 -0.00139023 -0.00194072 -0.0023378 -0.00336113 -0.000956974 -0.00184712 0.00138171 -0.0038142 -0.00202971 -0.00186278 -0.00300444 -0.0036488 -0.000923228 -0.00118201 -0.00428107 -0.00214256 -0.00261432 -0.00450278 -0.00311274 0.000217889 -0.0020734 -0.00197318 -0.00201555 -0.000328074 -0.00416777 -0.000815301 -0.00172144 -0.000763032 -0.00134911 -0.00122822 -0.00188754 -0.000273588 -0.00287392 0.00087003 -0.00144673 -0.00217176 -0.00126154 -0.00357001 -0.00115651 -0.00194493 -0.00176601 -0.00155102 -0.00104811 -0.00149324 -0.00113206 -0.00178549 -0.0036485 -0.00232269 -0.00069361 0.00122894 -0.000968013 -0.0036452 -0.00118944 -0.000705632 -0.00393338 0.000161671 -0.000795308 -0.000128683 -0.00256466 -0.00232691 -0.00131275 
-0.000398915 -0.00360049 -0.0029486 -0.00648385 -0.00323398 -0.00372163 -0.00176837 -0.00328858 -2.15245e-05 -0.0049322 0.001245 -0.00374814 -0.012524 -0.000492879 -0.00444784 -0.00248343 -0.00372774 -0.00255782 0.249761 -0.0045785 -0.00550286 -0.004288 0.00218631 -0.00662624 -0.000741662 0.00130084 -0.00845541 -0.00211083 -0.00560913 -0.00579087 -0.00901609 -0.00865033 -0.00276495 -0.00224275 -0.000455068 -0.0037579 -0.00254811 -0.00163595 -0.000961473 -0.00311906 -0.00287239 -1.63803e-05 -0.00270332 -0.00130409 -0.0042251 -0.000891358 -0.00085544 -0.003656 -0.00234907 -0.00283451 -0.00244316 -0.00163827 -0.00163114 2.61077e-05 -0.00111074 -0.0012236 -0.00126306 -0.000599017 -0.00235937 -0.0025835 -0.00354775 -0.0028987 -0.00183137 0.000428729 -0.000112882 -0.00163988 -0.00347553 -0.00243825 -0.00357614 -0.00206429 -0.00397056 -0.0027063 -0.00175477 -0.00206455 -0.00156292 -0.00148935 -0.00389137 -0.00196957 -0.00194196 -0.000909193 -0.000204299 -0.000766955 -0.000874474 -0.0014719 -0.00359034 0.00162856 -0.00286553 -0.00472908 -9.42371e-06 -0.00187987 -0.00414026 -4.40049e-05 -0.00133659 -0.00456243 -0.00120321 -0.00177515 -0.0011242 -0.00275743 -0.000660451 -0.00294073 
-0.00323837 -0.000836845 -0.00337621 -0.000994291 -0.00170719 -0.00225076 0.000951802 -0.00099627 -0.00138171 -0.00624989 -0.00238917 -0.00315429 -0.00262453 -0.00292258 -0.00242013 -0.00316659 0.00553793 0.000541885 -0.0045785 0.249534 -0.00308075 -0.00853611 0.000166245 -0.00975185 -0.0120336 -0.0063317 -0.00859366 -0.0112762 -0.0044732 -0.00395927 -0.00545041 -0.00220458 -0.00508371 -0.00330581 -0.00621979 -0.0024838 -0.00184101 -0.00488336 -0.00291391 -0.000968646 0.00096961 -0.00385855 -0.000390495 -0.000662651 -0.000538288 -0.00174808 -0.00385268 -0.00155579 -0.000617153 -0.00285858 -0.00483323 -0.000639559 -0.00298184 -3.56997e-05 -0.00180736 -0.00216684 -0.00255048 -0.00369585 -0.00461466 -0.00150696 -0.00148557 -0.0014624 -0.00215673 -0.00342317 -0.00113386 -0.00319686 -0.00157003 -0.00131982 -0.0015106 -0.002914 0.000986225 -0.00226018 -0.000170338 -0.00157323 -0.00352226 -0.000807253 -0.000547428 -0.00376623 -0.002092 -0.0013906 -0.00458819 0.000212775 5.43942e-05 -0.00233124 -0.00238874 -0.00235858 -0.000825178 -0.00134894 0.000544655 -0.00322073 -0.000856347 -0.00629872 -0.00103215 -0.0018332 0.000225798 0.000207732 -0.00174211 -0.000840512 -0.00501869 -0.00235405 
-0.000983476 -0.00286946 -0.00179792 -0.0012934 -0.000746676 -0.00525133 -0.00314815 -0.00286198 -0.00340379 -0.00298311 -0.00128077 -0.000814021 -0.00350385 -0.00245554 0.0082843 -0.00205169 0.000666724 -0.00965565 -0.00550286 -0.00308075 0.249733 -0.00346402 -0.00136975 -0.0104352 -0.00989539 -0.0061384 -0.00332481 -0.0050222 -0.0128463 -0.00638116 -0.00753811 0.000692536 -0.00642042 -0.00381167 -0.000409415 -0.00206554 -0.00285703 -0.00259564 -0.00509885 -0.00221861 -0.00166559 -0.00245487 -0.00134467 -0.000947873 -0.0015915 -0.000160597 -0.00120513 -0.00207486 -0.00197853 -0.00284435 -0.0017481 -0.00305317 -0.00238548 -0.00294653 -0.00477941 -0.00312551 -0.000674991 -0.00363767 -0.00126211 -0.00174936 -0.000310915 -0.00281467 -0.00242331 -0.00126397 -0.00230174 -0.00101058 -0.00438136 -0.00288292 -0.00224769 -0.00330254 -0.0013712 -7.63489e-05 -0.000182825 -0.00153763 0.000566872 0.00030563 -0.000569036 -0.00440149 -0.00116194 -0.0013824 -0.0015098 -0.00394485 -0.000616587 0.000105295 -0.00134673 -0.00262467 -0.00258932 -0.00245078 -0.00264543 -0.00232736 -0.00376458 -0.00282692 -0.00413375 -0.00193713 -0.00115018 -0.000176486 -0.000868262 -0.00125532 -0.00142394 -0.0019325 
-0.00190281 -0.00152084 -0.000294887 -0.00348155 0.000795518 -0.00330459 -0.00521371 -0.00160033 -0.00485343 -0.00639841 -0.00400166 -0.00478246 -0.00284861 -0.00604697 -0.0086293 -0.00578202 0.00263071 -0.0120172 -0.004288 -0.00853611 -0.00346402 0.248763 -0.00870651 -0.00120814 -0.000985435 -0.00581885 -0.0181401 -0.000213707 0.00204097 -0.00337192 -0.0092202 -0.00519512 -0.00427155 -0.000988045 -0.000822401 -0.00246051 -0.00258053 -0.0024867 -0.000241951 -0.00362588 -0.00180505 -0.00144885 -0.00132998 -0.00136766 -0.00178789 -0.00171506 -0.00124864 -0.00202279 -0.00218141 -0.00293757 -0.00235636 -0.000889669 0.000100058 -0.00241705 -0.000553663 -0.00130595 -0.00163459 -0.00142315 -0.0013034 -0.00135164 -0.00148723 0.000677791 -0.00200408 -0.00145124 -0.00156773 -0.00098748 -0.00103564 -0.00201569 0.000539949 -0.000411113 -0.00314227 -0.000833807 -0.00101443 -0.0025461 0.00049315 -4.26393e-06 8.19754e-05 -0.000223358 -0.00314161 -0.000452311 -0.0025054 -0.00242774 -0.00189479 -0.00211039 -0.000595098 -0.00262738 -0.0034045 -0.00188214 -0.0014003 -0.000479521 0.000982618 -0.00172414 -0.00373851 -0.00277638 -0.00663414 -0.00250655 -0.00212618 -0.00147693 -0.00154901 -0.0025435 
0.000858652 0.000145601 -0.00190463 -0.00162932 -0.00406214 0.000145868 -0.000561774 -0.000354938 -0.00277953 -0.0084076 -0.00504388 -0.00389616 -0.00239703 -0.00121757 -0.00741469 -0.00412169 -0.0189553 -0.00334354 0.00218631 0.000166245 -0.00136975 -0.00870651 0.249635 0.000800707 -0.00292238 -0.000491435 -0.00611322 -0.00387837 -0.0121115 -0.00358959 -0.00204448 -0.00150549 -0.00687377 -0.00198998 -0.00360402 0.00210374 -0.00273501 -0.00049765 -0.00100086 -0.00402133 -0.0023253 -0.00313148 -0.00384005 -0.00147736 -0.00353266 -0.00107232 -0.000685016 -0.00211113 -0.00121724 -0.000697346 -0.00643747 -0.00371228 -0.00339115 -0.00211945 -0.00459878 -0.00321773 -0.00136701 -0.00234537 1.0356e-05 -0.00316167 -0.0043434 -0.000660707 -0.00429872 -0.000822363 -0.000857926 -0.000314903 -0.00312855 -0.00220593 -0.0026135 -0.0021992 -0.00317959 -0.00196305 -0.00272139 -0.00345245 -0.00183145 -0.00180796 -0.000222607 -0.00158988 -0.000541944 0.00127491 -0.0020978 -0.00239894 -0.00363028 -0.000614752 -0.00275534 -0.0015457 -0.000574035 -0.00366372 -0.00487851 -0.000484278 -0.00523834 -0.00190168 -0.00186467 -0.00116884 0.000352386 -0.000383985 -0.000487399 -0.00300048 -0.000207306 -0.00204276 
-0.00423325 -0.00331385 -0.00299172 -0.00420024 -0.00662786 -0.00242688 -0.00220371 -0.00167116 -0.00415704 -0.00244299 -0.00802344 9.28909e-05 0.0023092 -0.0112501 -0.00813201 -0.00496281 -0.000820069 -0.00644167 -0.00662624 -0.00975185 -0.0104352 -0.00120814 0.000800707 0.249984 0.00640158 0.00227109 -0.0033044 -0.00224698 -0.00099119 -0.00453212 -0.00365683 -0.00449355 -0.00488859 -0.000884557 -0.00104656 -0.00117738 -0.000930528 0.000168026 -0.00153514 -0.00119611 -0.00501095 -0.00234492 -0.000734107 0.000141432 -0.00226386 -0.00351592 -0.00298134 -0.00235067 -0.00193242 0.000480642 0.000131918 0.00141716 -0.0026947 -0.0027248 -0.00188004 -0.00152968 -0.00157167 -0.000661501 -0.00277662 -0.00169538 0.000905148 -0.000280617 -0.0020852 -0.00213278 -0.0045636 -0.00271395 -0.00412271 -0.00183205 -0.00493774 -0.00105555 -0.00295516 -0.00109598 -0.00297256 -0.00385112 -0.00112082 -0.00200209 -0.00260774 -0.00156703 -0.00211899 -0.00277445 -0.00199747 -0.00183493 -0.00206851 -0.00494019 -0.00166412 -0.00279929 -0.00077355 0.000391297 -0.00323114 -0.00227414 -0.00358738 0.000659733 -0.00319895 -0.00223346 -0.00371187 -0.00624924 -0.00152623 -0.00275919 -0.00274172 -0.0023008 
-0.00130889 -0.000651888 -0.00102588 -0.00244363 -0.00289173 -0.000428849 -0.00476488 -0.00371197 -0.00310489 -0.00243567 -0.00109084 0.00139935 -0.00291628 -0.00784784 -0.0070614 -0.0015332 -0.00964884 -0.0142115 -0.000741662 -0.0120336 -0.00989539 -0.000985435 -0.00292238 0.00640158 0.248842 -0.00357871 -0.00339478 0.000631825 -0.00286449 -0.00154891 3.89162e-05 -0.00460056 -0.00451646 -0.00106607 -0.000770774 0.000618703 -0.00260274 -0.00145385 -0.00396185 -0.0038119 -0.00172729 -0.00168356 -0.00242544 -0.00219506 -0.00167588 -0.00506434 -0.00223587 -0.00156437 -0.00274812 -0.00252067 -0.00187646 -0.00228689 -0.00155334 0.00016387 -0.00150376 -0.00266334 -0.00118855 -0.00105687 -0.00128351 -0.000888703 -0.00268154 -0.000280024 0.000220387 0.0007409 -0.00263055 -0.00317178 -0.00553136 -0.00178863 -0.00264381 -0.000411206 -0.00332718 -0.00358619 -0.00341248 0.000822209 -0.00101319 -0.0037867 -0.00303045 -0.0022519 -0.00317348 -0.00276379 -0.00179854 -0.00439797 -0.002448 -0.00243597 -0.00367837 -0.00403244 -0.00176684 -4.18943e-05 -0.00237254 -0.00475001 -0.00109428 0.00175054 -0.0044872 -0.00285923 -0.00445816 -0.00326974 -0.00241985 -0.001733 0.000142571 -0.00227519 
-0.00139259 -0.00252144 0.000686784 -0.00363073 -0.00420153 -0.000823311 -0.00254956 -0.00174493 -0.00295041 -0.000879925 -0.00145186 -0.00659284 -0.00363684 -0.00780262 -0.0142659 -0.00850681 -0.00942769 -0.00343373 0.00130084 -0.0063317 -0.0061384 -0.00581885 -0.000491435 0.00227109 -0.00357871 0.230821 -0.00457772 -0.002297 -0.00144496 -0.00475097 0.00116195 -0.00324174 -0.00192035 -0.00398379 -0.00297095 -0.00246635 0.000886928 -0.00290685 -0.00115971 -0.00320902 -0.00154996 -0.00222738 -0.00401504 -0.0030162 -0.00195196 -0.00135206 -0.00291159 -0.00199811 0.000361694 -0.00382268 -0.00108346 0.000560249 -0.00343274 -0.000373296 -0.00199345 -0.00073955 -0.00264686 -0.00340179 -0.000233059 -0.00341283 -4.50615e-06 0.000243388 -0.00345744 -0.00352589 -0.00150347 0.00085649 0.00062601 -0.00229999 -0.00443122 -0.000986009 -0.00220658 0.00102863 -0.00122771 -0.00064876 -0.00133441 4.67438e-05 -0.00107375 -0.0016159 -0.00115112 -0.000376416 -0.000646718 -0.00269013 -0.00377904 -0.00460669 -0.00377801 0.000708994 -0.00112531 -0.0037275 -0.00114842 -0.00196899 -0.00195741 -0.00202043 -0.00110066 -0.000496443 -0.00212467 -0.000879918 -0.00366787 -0.00207969 -0.00170019 -0.00295609 
-0.00221519 -0.00340881 -0.00379545 -0.000599519 -0.000982782 -0.00179121 -0.00189484 -0.00283094 -0.00230864 -0.00355142 -0.00497703 -0.00342505 -0.00358821 -0.00418239 -0.000444917 -0.010858 -0.00385139 -0.00166559 -0.00845541 -0.00859366 -0.00332481 -0.0181401 -0.00611322 -0.0033044 -0.00339478 -0.00457772 0.230615 0.00378781 -0.00160854 0.00133019 0.000650071 -0.00140649 -0.00140525 -0.00221011 -0.00438196 0.000432845 -0.0021628 -0.00319127 -0.000203827 0.000685629 -0.00144976 -0.000469647 -0.00229206 -0.00129438 -0.00205065 -0.0023252 -0.00143042 0.000141902 0.000277427 -0.00308737 0.000169098 -0.00267989 0.000564372 -0.00350972 -0.00085826 -0.00262813 -0.00135852 -0.000599334 -0.00119706 -0.000623331 -0.00428615 -0.00238285 -0.00229254 -0.00205379 0.000356833 -0.00174908 -0.00311941 -0.00249407 -0.00196145 -0.00150233 -0.00244795 -0.00264126 -0.00142516 -0.0031342 -0.00298875 -0.0019347 -0.00204502 -0.00380995 -0.00265268 -0.00415021 -0.00213564 -0.00189409 -0.00156857 9.44472e-05 -0.00202693 -4.15408e-05 -0.00193059 -0.00236128 -0.00245577 -0.00235021 -0.000263176 -0.00469255 -0.00309559 -0.001518 0.000148337 -0.000830682 -0.00125995 -0.00135362 -0.000903834 -0.00280119 
-0.00369541 -0.00317183 -0.00276668 -0.00204638 -0.00292442 -0.00236782 -0.00316525 -0.0048678 -0.000816974 -0.00493351 -0.0018218 -0.00544701 -0.0055258 -0.0046328 -0.00716648 -0.0026898 -0.0112479 -0.00554709 -0.00211083 -0.0112762 -0.0050222 -0.000213707 -0.00387837 -0.00224698 0.000631825 -0.002297 0.00378781 0.208473 -0.00412974 -0.00365421 -0.00291309 0.000726463 0.000601254 -0.00442846 0.000361342 -0.00481305 -0.00105244 0.000449106 -0.00271207 -0.00399378 -0.0023709 -0.00225723 -0.000819835 -0.000569768 -0.00322614 -0.00281926 -0.000694754 -0.00245137 -0.00283478 -0.00298147 0.00183732 -0.00403531 -0.00161053 -0.00185988 0.000130491 -0.000207027 0.000753453 -0.00243921 -0.000866065 -0.00243774 -0.00140081 -0.000948618 4.14481e-05 -0.00119019 -0.00216275 -0.00104666 -0.00444837 -0.000148976 -0.00103526 -0.00103204 0.000444486 -0.00076515 -0.00195165 -0.00102296 -0.000875619 -0.00104958 -0.000917378 -0.00380434 -0.00124297 -0.000726731 -0.00173372 0.00145792 -0.00236646 -0.000825312 -0.00343582 -0.00135238 -0.000785277 -0.000215657 -0.00334175 0.000528986 -0.00211548 -0.00154613 -0.00248493 -0.00203717 -0.00132435 -0.00272171 -0.0015686 -0.00114925 -0.000810329 -0.00058278 
-0.000754879 -0.00335998 -0.00253097 -0.00309885 -0.00135975 -0.000763883 -0.000956211 -0.00105564 -0.00208861 -0.00380167 -0.00313483 -0.00341404 -0.00354903 -0.00643252 0.00129474 -0.00130804 -0.0052794 -0.00494081 -0.00560913 -0.0044732 -0.0128463 0.00204097 -0.0121115 -0.00099119 -0.00286449 -0.00144496 -0.00160854 -0.00412974 0.18373 -0.000216891 -0.000852403 -0.00183132 0.00179094 -0.00160057 -0.0033213 -0.00225756 -0.00166828 -0.00138617 -0.00158374 -0.00142435 -0.00225446 -0.000412365 -0.00206622 -0.00135474 -0.000857647 -0.00367211 -0.00219229 -0.00101974 -0.000922449 -0.00190222 -0.000368184 -0.000351213 -0.000941085 -0.00220575 -0.000919875 -0.00171236 -0.00101414 -0.000972916 -0.00280557 -0.000457951 -0.00110247 -0.00187775 -0.000255016 -0.000675485 -0.000794856 -0.00143904 -0.000438179 -0.00125215 8.82688e-05 -0.00154869 -0.000437031 -0.00112026 -0.00148573 -0.000750007 -0.00228988 -0.00158942 -0.00217954 -0.00111715 -0.000956643 -0.00066602 0.000536808 -0.00270196 -0.00316387 -0.000584082 -0.00287744 -0.00128457 -0.00274115 -0.000151945 -0.00278624 -0.00300346 0.0013309 -0.00115961 7.55235e-05 -0.00293883 -0.00113826 -0.00281593 -0.0020815 -0.00121919 9.61784e-05 9.27049e-05 
-0.00186357 -0.00227469 -0.0017493 -0.00113094 -0.000999565 -0.00213747 -0.00274085 -0.00298487 -0.00140597 -0.00115272 0.000317894 -0.0008478 -0.0025762 -0.0049975 -0.00530863 -0.000802768 -0.0044677 -0.00051481 -0.00579087 -0.00395927 -0.00638116 -0.00337192 -0.00358959 -0.00453212 -0.00154891 -0.00475097 0.00133019 -0.00365421 -0.000216891 0.16076 -0.00247321 0.000354644 -0.0022848 -0.00150063 -0.00174341 -0.00113551 -0.00125546 -0.000373854 0.000428012 -8.85022e-05 -0.00190829 -0.00215468 -0.00149925 -0.00271311 -0.00119439 -0.0013116 -0.0011836 0.000574247 -0.000988666 -0.00162396 -0.00129172 -0.00179858 -0.0018099 -0.000345638 -0.00127737 -0.000639927 -0.000816299 -0.00229629 -0.00170917 -0.000679979 -0.00147442 0.000142419 -0.00130076 -2.34926e-05 -0.00217656 -0.0017266 -0.000220889 -0.00134627 -0.00122599 -0.000371867 -0.000674182 -0.0013793 -0.00124761 -0.000600498 -0.000600315 -0.000726923 -0.00246022 -7.12326e-05 -0.000574131 -0.00254293 -0.00178444 -0.00212699 -0.00232307 -0.00185477 -0.00184585 -0.000587092 -0.00059173 -0.0020658 -0.00208373 -0.00167114 5.46582e-05 -0.00200528 -0.00233009 -0.00142117 -0.00221614 0.000524586 -0.00187731 -0.00128034 2.09097e-05 -0.00184912 
-0.000768934 0.000234419 -0.00303636 -0.00296684 0.00175258 -0.000691847 -0.000271284 -0.00227456 -0.00111636 -0.00390124 -0.00130927 -0.00268971 -0.00158298 -0.00662177 -0.00425677 -0.000794764 -0.0049868 -0.000194603 -0.00901609 -0.00545041 -0.00753811 -0.0092202 -0.00204448 -0.00365683 3.89162e-05 0.00116195 0.000650071 -0.00291309 -0.000852403 -0.00247321 0.166014 -0.0021283 0.0017308 0.00041421 -0.000353793 3.69044e-05 -0.000305642 -0.0012698 -0.00361465 -0.0018575 -0.00136437 -9.66898e-06 -0.00167841 -0.000488487 -0.000436721 -0.00140131 -0.0015734 -0.0021533 -0.000505234 -0.00134321 -0.00122826 -0.00310776 -0.00154699 -0.00287703 -0.00193673 -0.000485671 -0.00038944 -0.0014759 -0.00174911 -0.00259829 -0.00294537 -0.000976313 -0.00253285 -0.00108828 -0.000551422 -0.00195699 -0.00187352 -0.00020568 -0.00188381 -0.00121683 -0.000719814 -0.000564808 0.000400242 -0.000876682 -0.000778213 -0.000262968 -0.00264295 -0.0025939 -0.00222276 -0.0014529 -0.00154829 -0.000478013 -0.00139098 -0.00145757 -0.00115193 -0.00206246 -0.00245405 -0.0014331 -0.00257116 -0.00053904 -0.00136584 -0.000846427 -0.000889231 -0.00260689 -0.00141696 -0.00026215 -0.000912319 -0.000621815 -0.00151946 -0.00105215 
-0.00121148 -0.00160818 -0.0018822 -0.00231755 -0.00266422 -0.00124248 7.42867e-05 0.000453269 -0.00197004 -0.00178511 -0.00495017 -0.00671721 -0.0029452 -0.00403801 -0.00170179 -0.00439534 -0.0012638 -0.00328078 -0.00865033 -0.00220458 0.000692536 -0.00519512 -0.00150549 -0.00449355 -0.00460056 -0.00324174 -0.00140649 0.000726463 -0.00183132 0.000354644 -0.0021283 0.137506 -0.00117698 0.000232388 -0.000441238 0.0012017 -0.00083903 -0.000736677 -0.000252033 0.000171006 -0.000338534 -0.00135774 -0.00115998 -0.000907197 -3.47098e-05 -0.000404868 -0.00118771 0.00039345 -0.00156491 0.00104524 -0.00230929 -0.00124572 -0.000618662 -0.00173753 -0.000978627 -0.000760141 -0.00139574 -0.00189806 -0.00163424 -0.000767647 -0.00249606 -0.000214897 -0.00116863 -0.00202699 -0.00159636 -0.000452478 4.23672e-05 -0.00179641 -0.000444346 -0.000787488 -0.000743503 -0.00257151 -0.000757084 -0.000302841 -0.00129542 -0.0012104 -0.00168961 -0.000327336 -0.0019139 -0.000626438 -0.00127447 -0.000238562 -0.000779871 -0.00107456 -4.05391e-05 -0.00179304 -0.00104744 -0.000309643 -0.00192993 -0.000666038 -3.05632e-05 -0.00250167 -5.43342e-05 -0.000581376 0.000130605 -0.000704712 -0.00315945 -0.000501056 -0.00135801 0.000421338 
-0.000204974 -0.000199149 -0.000114369 -0.00180244 -0.000885724 -0.000441866 -0.00130243 -0.00126988 -0.00104995 0.00069433 -0.00321949 -0.00343323 -0.00229908 -0.00150058 0.000674328 -0.00296675 -0.00104837 -0.00276878 -0.00276495 -0.00508371 -0.00642042 -0.00427155 -0.00687377 -0.00488859 -0.00451646 -0.00192035 -0.00140525 0.000601254 0.00179094 -0.0022848 0.0017308 -0.00117698 0.111245 -0.00114331 -0.000716742 -0.000617485 -0.000426399 -0.000609712 -0.000966071 -0.00113512 -0.00119278 -0.000449731 -0.000673654 -0.000685715 -0.000528758 -0.00115979 -0.00104653 -0.000835039 -0.00151614 -0.000926964 -0.00141574 -0.000503289 -0.00120402 -0.00118997 -0.000668048 -0.000710085 -0.000561947 -0.000983296 -0.00160814 -0.000252489 -0.000337688 -0.000744121 -0.000156672 -0.00142327 -0.000854706 -0.000821705 -0.000422131 -0.00126315 0.00109416 -0.00200684 -0.000240161 -0.000764485 -0.000228079 -0.0012143 -0.00143589 -0.00058864 -0.00133377 -0.000915312 -0.000839273 -0.000377377 -0.000347612 1.89489e-06 -0.000475167 0.000380533 -0.000828759 -0.00165971 -0.000755616 -0.000497816 -0.000360783 -0.000537813 -0.00105024 -0.00055887 -0.000760732 -0.000374146 -0.000233235 -0.00141104 -0.000637928 -0.00113545 0.000252044 -0.00103175 
