0.062233 0.000187142 -0.000210651 -0.000202143 -0.000208541 -0.000241841 3.88595e-05 2.00686e-05 -0.00211037 -0.000196448 -0.00274014 -0.00082735 -0.00202533 -0.00172858 -0.00342414 -0.00117598 -0.00111283 -0.00270753 -0.00231305 -0.0016683 -0.00135011 -0.00335625 -0.00172083 -0.00252532 -0.000659912 1.33674e-05 -0.000157349 -0.00173379 -0.00118378 0.000434458 -0.00108114 -0.000292435 -0.000251408 -0.000263943 0.000337169 -0.000853835 -0.000720601 -9.97742e-05 -0.000805305 -0.000675016 -0.000811851 -0.000352356 0.000347565 -0.000225448 -0.000267331 0.000279552 -0.000826176 0.000512345 -0.000564857 -0.000154276 -0.000468763 -0.000467166 -3.48854e-05 -0.00081953 -0.000631738 -0.000233405 -0.000763361 -0.000157802 -0.000392808 -0.00114839 -0.000662665 -0.000507282 -0.000177691 -0.000733612 -0.000505434 -0.000399047 -0.000346605 4.56053e-05 -0.000697777 -0.000469281 -0.000517543 -0.00101081 0.000109948 -0.000327299 4.0485e-05 -0.000571324 -0.000746457 -0.0003812 -0.000372272 -0.000273596 -5.28867e-05 -0.000475855 -0.000269051 8.75654e-06 -0.000370366 -0.000323932 -0.000745032 7.08513e-05 -0.00121153 0.000120467 -0.000230966 -0.000988871 -0.000720406 -0.000400461 -0.000100785 -0.000587962 -0.000147611 -0.000249418 -0.000537067 0.00025662 
0.000187142 0.0714454 -0.000410894 0.000241085 -0.000523236 0.000673767 -0.000107211 -0.000666232 -0.000658825 -0.00117887 -0.00147447 -0.000578229 -0.00044008 -0.00273105 -0.000885902 -0.00219517 -0.0004403 -0.00218131 0.00104628 0.000717563 -0.00129259 -0.00356129 -0.00312793 -0.00421331 -0.00228805 -0.0032491 -0.00252232 -0.00165699 0.000114876 -0.000372261 -0.00125938 -0.00147825 -0.000705223 -0.00092048 -0.00163015 -0.000981196 -0.000707335 -0.000793937 -0.000345564 -0.000295424 -0.000622275 -0.00018821 -1.42929e-05 0.000330288 -0.00086218 -0.000876504 -0.00111265 -0.000613214 -0.000224492 -0.000187647 -0.000904488 -0.0008942 -0.000777341 -0.000322677 -0.00141026 -0.000596293 -0.000287953 -9.90904e-05 -0.000267536 -0.00134534 -0.000924118 -0.000267108 -0.000524142 -0.000827969 -0.000570132 -5.79764e-05 -0.000577585 -0.000692017 -0.000765588 -0.000225291 -5.47869e-05 -0.000968315 -0.000408931 -0.000459627 -0.000747166 -0.000969593 -8.71813e-05 -0.001228 -0.000518411 -0.000322922 -0.000800085 -0.00111014 0.000265682 -0.000454622 -0.000138377 0.000584627 -0.00127121 -0.000517008 -0.000296432 0.00058299 0.000104381 -0.000810845 7.74382e-05 -0.000596814 -0.000191726 -1.52763e-05 -0.000545967 -0.000658534 0.000190264 -0.000478693 
-0.000210651 -0.000410894 0.0727145 -0.000118944 -1.39753e-05 1.34518e-05 -0.00180527 -0.00103966 -0.00120512 -0.00163407 -0.00122189 -0.00151341 -0.000720034 -0.00229701 -0.000293188 -0.0025602 -0.0027523 -0.000855493 -0.0013297 0.000943285 -0.00404127 -0.00193107 -0.00219013 -0.0019931 0.000118401 -0.00279597 -0.00178079 -0.0019878 -0.000251507 -0.000461673 -0.00152993 -0.000494911 -0.00174266 -0.000364095 -0.000388693 -1.34801e-05 2.98477e-06 -0.000990451 -0.00012976 -0.000195213 -0.00021843 -0.00118388 -0.000620996 -0.000628687 -0.000123196 -0.000965908 -0.00114332 -0.000264887 -0.0013862 -0.00034069 -0.00106434 -0.000637566 -0.000768197 -0.000717995 -0.00059005 -0.000989787 -0.000288663 -0.000479858 -0.000698852 -0.000333788 0.000161914 -0.000741969 -9.88687e-05 -0.000525857 -0.000767445 -0.000655501 -0.00100484 -0.000406106 -0.000709139 -0.000748484 -9.94806e-06 -0.00104526 -0.00122098 -0.00035782 -0.000290005 -0.000552011 -0.000704659 -0.000123843 0.000353101 -0.000351263 -0.000440499 0.000326392 -0.000338465 -0.000467857 -0.000218961 -0.000990484 -0.000373683 -0.000497928 6.90335e-05 -0.000879625 -0.000608558 -0.00025624 -0.000256346 -0.000585526 -0.0010376 -0.000500573 0.000424304 0.000361566 -0.000522144 -0.000490895 
-0.000202143 0.000241085 -0.000118944 0.0873111 5.87992e-05 -0.000366666 -0.000227797 0.000204782 -0.000888513 2.53604e-05 -0.00116373 -0.00081357 -0.000779422 -0.00230197 -0.00198884 0.000494104 -0.00304236 -0.00178196 -0.00140507 -0.000400478 -0.00157599 -0.00388139 -0.00295556 -0.00253087 -0.00481811 -0.00311335 -0.00109476 -0.00176578 -0.00278401 -0.00159425 -0.00227918 -0.00243826 -0.00139434 -0.000955352 -0.0012665 -0.000698522 -0.000699966 -0.00132086 -0.000561643 -0.000846738 1.05553e-05 0.000191364 -0.00124571 -5.08357e-05 -0.000332488 -0.00111573 0.000225164 -0.000317919 -0.000164555 2.39969e-05 -0.000765558 -0.00183215 -0.000726778 -0.000914783 -0.00118401 -0.000629828 -0.000287431 -0.000193895 -0.000477042 -0.00153843 -0.000927194 -0.000771202 -0.000625117 -0.000858155 -0.000903925 -0.000658557 -0.00104256 -0.000592194 -0.00118086 -0.000297782 0.000161177 -0.000306554 -0.000811105 -0.000440197 0.000111998 -0.000862557 -0.000508718 -0.000172394 0.000163817 -0.00109855 -0.000700076 -0.000551354 -0.00151674 -0.000442081 -0.0004583 -0.000603235 7.7511e-06 -0.000499188 -0.000860379 -0.000378746 -0.000176365 -0.00128057 6.221e-05 -0.000630653 -0.00129935 -0.000384241 -0.000852652 -0.000721103 -0.0004725 0.000425923 
-0.000208541 -0.000523236 -1.39753e-05 5.87992e-05 0.09287 -7.49216e-05 -0.000440262 -0.000367142 -0.00174285 0.00105423 -0.00289053 -0.00212574 -0.00516999 -0.00191048 -0.00193703 -0.0021002 -5.08681e-05 -0.00302696 -0.00271618 0.000741458 -0.00277481 -0.00161046 -0.00328426 -0.0030928 -0.00354424 -0.000538972 -0.000464301 -0.00280875 -0.00137305 -0.00345529 -0.00274827 -0.000932925 -0.00121752 -0.000135018 -0.000422085 -0.00119212 -0.00149544 -0.000867434 -0.000960377 -0.00144478 -0.000640121 -0.00102586 -0.00131421 -0.000479753 -0.000578346 6.58791e-05 1.93261e-05 -0.000568624 -0.00143489 0.000300394 -0.000412286 -0.00204674 -0.000732435 -0.000763531 -0.000546604 -0.000678534 -0.00046151 -0.000961999 -0.000709817 -0.000812934 -0.000871139 -0.000999959 0.000176452 -0.00112054 -0.000702183 -0.000543 -0.000756214 0.00032932 -0.0018112 -0.000326475 -0.00031243 0.000785011 -0.000345914 8.82552e-05 -0.00109127 -0.00104496 -0.000778933 -0.000819822 -0.000967714 -0.000236359 -0.000316507 -0.000215762 -0.00086714 -0.000403114 -0.000339215 -0.000960805 -0.000917385 -0.000871275 0.000410918 -0.000873839 -0.000479703 0.000251112 0.000102596 -0.000346864 -0.000643696 -0.000359064 -0.000575931 -0.000486183 -0.000371386 -0.00166776 
-0.000241841 0.000673767 1.34518e-05 -0.000366666 -7.49216e-05 0.0919706 -0.000422704 -0.000438406 -0.00134138 -0.000990297 -0.00202406 -0.000480506 -0.00102136 -0.00177335 -0.00414621 -0.00114157 -0.000615102 -0.00396904 -0.00513425 -0.00113759 -0.0028751 0.00125482 -0.00439224 -0.00151421 -0.00164794 -0.00274952 -0.00488588 -0.00098359 -4.25108e-05 -0.00256382 -0.00142553 7.37829e-06 -0.00262334 -2.41313e-05 -0.00265212 -0.00153658 -0.000582427 -0.00150515 -0.00132124 -0.00047602 -0.000827656 -0.00052679 -0.000776478 -0.000956928 -0.000877427 -0.000656334 -0.000166009 -0.00138716 -0.000208002 -0.000196088 -5.22482e-05 -0.00158771 -0.000867237 -0.000568426 -9.33686e-05 -0.000945805 -0.000619169 -0.000767504 -0.000609402 -0.000182412 -0.000505494 -0.00155194 0.0005633 -0.00126723 -0.000678425 -0.000944821 -0.000837455 -0.000348117 -0.000198207 -0.000709099 -0.000543198 -0.0011745 0.000479452 -0.00109582 -0.000386655 -0.000508808 -0.000284399 -0.00120356 -0.000845576 -0.000725567 -0.000283232 -0.000236542 -0.000637232 -0.000579524 -0.000512776 -0.000358042 -0.000852908 -0.000301097 -0.000772083 -0.000936736 0.000536902 0.000661835 -0.000126406 -0.0009932 -0.000789219 -0.000245398 -0.00167529 8.50838e-05 -0.000404894 -0.000740434 
3.88595e-05 -0.000107211 -0.00180527 -0.000227797 -0.000440262 -0.000422704 0.101561 0.000112146 -0.000461053 -0.000192395 -0.00225802 -0.000129501 -0.00166277 0.0010456 -0.0023056 -0.00268021 -0.00131492 -0.00326486 0.000321728 -0.00266555 -0.00272067 -0.00303033 -0.00406061 -0.00421106 -0.00487132 -0.00500677 -0.00366681 -0.00218193 -0.00165122 -0.00283402 -0.000179783 -0.00128999 -0.000813267 -0.00152219 -0.000494379 -0.00208286 -0.00078117 -0.000682015 -0.00142631 -0.000132571 -0.000331967 -0.000507749 -0.000950191 -0.000264302 -0.000473094 -0.000763581 -0.00104151 0.000295934 -0.000616383 -8.71494e-05 2.77369e-05 -0.00104101 -0.000197186 -0.000620486 -0.000341135 -0.00168658 -0.00086011 -0.000434256 -0.000402049 -0.000795792 -0.000863997 -0.00102172 -0.000828247 -0.00134583 -9.96728e-05 -0.0012263 -0.000233786 -0.000793398 -0.000129023 -0.00108128 -0.000390147 -0.000300594 -0.00134912 -0.000315474 -0.000983808 -0.00116867 -0.000538476 0.000183897 -0.00064551 -0.00106544 -0.00109287 -0.000513352 -0.000985711 9.9157e-05 -0.00128699 -0.00132711 -0.000563217 -0.000553103 -0.00125529 -0.000608367 -0.00120327 -0.000224876 -0.000529231 1.70945e-05 0.000255058 -0.000617764 0.000185693 -0.000772412 -0.00223683 -0.00100132 
2.00686e-05 -0.000666232 -0.00103966 0.000204782 -0.000367142 -0.000438406 0.000112146 0.111783 -0.00168282 -0.000419324 -0.00396001 -0.00314912 -0.00444011 -0.00281697 -0.00205927 -0.00465681 -0.00207782 -0.00160064 -0.00219723 -0.00184217 -0.00379832 -0.004036 0.00211828 -0.00456428 -0.00249568 0.00246108 0.00216953 -0.00376462 -0.00125333 -0.000184132 -0.0017036 -0.000624659 -0.00128733 -0.000951709 -0.00138627 -0.00218414 -0.00203663 -0.000826462 -0.00209065 -0.00223357 -0.0011747 -0.000376232 -0.000955389 -0.00179188 -0.000823977 -0.001222 -0.000916996 -0.000480431 -0.000993243 -0.000626089 -0.000297153 -0.000981132 3.01005e-05 -0.000949105 -0.00146653 -0.000332335 -0.000367472 -0.000949272 -0.000555739 -0.00129857 -0.0018393 -0.00175765 -0.000982677 -0.00219054 -0.000522859 -0.000555746 -0.000917512 -0.000723263 -0.000405418 -0.000650081 -0.000583409 -8.5079e-05 -0.00126662 -0.000657434 -0.00239084 -0.000281942 -0.00149324 -0.000317138 -0.000644704 -0.000137247 -0.000774735 -0.00182565 -0.00162675 -0.000786614 -0.000766145 -0.00028693 -0.000303616 -0.000217877 -0.000701344 -0.000515627 -0.00144475 0.000260185 -0.00069465 -0.000435463 -0.000478423 -0.000559365 -0.000626679 -0.00105191 -0.000992232 -0.00127422 
-0.00211037 -0.000658825 -0.00120512 -0.000888513 -0.00174285 -0.00134138 -0.000461053 -0.00168282 0.119878 0.000400604 -0.000253173 -0.00264427 0.000921924 0.000484694 -0.00110698 -0.00077394 -0.00383472 0.00110867 -0.00503886 -0.00103367 -0.00401668 -0.00313735 -0.0015455 -0.00585141 -0.00285438 -0.00486355 -0.00483849 -0.000884867 -0.00370103 -0.00366153 -0.000932505 -0.0026298 -0.00181475 -0.000306427 -0.00145487 -0.0017992 -0.00103035 -0.00134699 0.000763251 -0.00149103 -0.000512043 0.000439248 -0.00189265 -0.00220947 -0.00109559 -0.000861794 3.49005e-05 0.000123317 -0.00100011 -0.000374161 -0.00155147 -0.00020879 -0.0012749 -0.000448377 -0.000342777 -0.00138185 8.92995e-05 -0.000525332 -0.000985686 -0.00157788 -0.00119418 -0.000386926 -0.000773756 -0.000748251 -0.00152365 -0.00110071 -0.000482117 0.000282916 -1.75871e-05 -0.000514947 -0.00103704 -0.00187769 -0.00137288 -0.00125339 -0.000465682 -0.00111796 -0.000807725 -0.0010038 -0.000630829 -0.00119428 0.000424548 -0.000577535 -0.00133656 -0.000218536 -0.00161252 -0.00149086 -0.000186569 -0.00132203 -0.000788553 -0.00101647 -0.00129123 -0.000265692 -0.00232301 0.000200158 -0.000925038 -0.00142524 -0.00217982 0.00042609 -0.000985809 -0.00094866 
-0.000196448 -0.00117887 -0.00163407 2.53604e-05 0.00105423 -0.000990297 -0.000192395 -0.000419324 0.000400604 0.136988 0.00136917 -0.00187677 -0.00189322 -0.00381348 -0.000433947 -0.00167898 -0.00874486 -0.00449421 0.000270467 -0.00352637 -0.00378736 -0.00553878 0.00284709 -0.00943856 -0.000851175 -0.0039886 -0.00114143 -0.00353085 -0.00638411 -0.00314569 -0.00265644 -0.00106776 -0.00118379 -0.000587252 -0.000945663 -0.00120626 -0.000707061 -1.79458e-05 -0.000317553 -0.000158502 -0.000891239 -0.000430492 -0.0021988 -0.00172875 -0.00158498 -0.00162054 -0.00236166 -0.00131053 -0.00183621 -0.000654841 -0.000132834 -0.00195014 -0.000281063 -0.00143875 -0.000989139 -0.00277298 -0.000848407 -0.00117433 -0.00110725 -0.00102485 -0.00269835 -0.000173024 -0.00189626 -0.00100797 -0.00122037 -0.0011925 -0.00177451 -0.00106994 0.000116547 -0.000267965 -0.00148223 -7.458e-05 -0.00128469 -0.00175153 -0.000108333 -0.00135662 -0.00142429 -0.00119113 -0.000745663 -0.000475503 -0.000665421 -0.000380474 -0.000448344 -0.00122419 -0.00201101 -0.00132908 -0.000125342 0.00012052 -0.00123608 -5.23239e-05 -0.0013517 -0.00197686 -0.0024748 -0.00157607 -0.00225264 0.000392642 0.000704749 -0.00199346 0.000304017 -0.000233896 
-0.00274014 -0.00147447 -0.00122189 -0.00116373 -0.00289053 -0.00202406 -0.00225802 -0.00396001 -0.000253173 0.00136917 0.191838 0.000891245 -0.00150398 -0.00274813 -0.00123748 -0.00049358 -0.00586271 -0.00204487 -0.00775316 -0.00896642 -0.000760506 3.37372e-05 0.000576038 0.00171413 -0.000230331 -0.00276231 -0.00368214 -0.00737151 -0.00469388 -0.00287717 0.00186995 -0.00169313 -0.00107989 0.000404116 -0.00322887 -0.00103018 -0.00215105 0.000249605 -0.00436514 -0.00252878 -0.00278715 -0.0016765 -0.00400985 -0.00133157 -0.00283784 -0.00179949 0.000890034 -0.00114794 -0.00262895 -0.000805321 -0.00152143 0.000244843 -0.00165035 -0.000679451 -0.00136786 -0.00325971 -0.00225926 -0.00259174 -0.00206275 -0.00367928 -0.00204629 -0.00221974 -0.00116533 -0.00087915 0.000203051 -0.000578608 -0.00407794 -0.00123601 -0.00280313 -0.00161793 -0.00281232 -0.000441919 -0.00122446 -0.000739785 -0.00082766 -0.0018817 -0.0024614 -0.00163541 -0.000938493 -0.00227366 -0.00202502 -0.00150466 -0.00228448 -0.00256378 -0.00337071 -0.00209831 0.000607623 -0.00322452 -0.00343621 -0.00245855 -0.00202424 -0.00249656 -0.000539773 -0.00343279 -0.00278247 -0.00200786 -0.00133482 -0.0020916 -0.00151054 -0.0026961 
-0.00082735 -0.000578229 -0.00151341 -0.00081357 -0.00212574 -0.000480506 -0.000129501 -0.00314912 -0.00264427 -0.00187677 0.000891245 0.160513 -0.00360091 -0.00230172 -0.000539825 -0.00753125 -0.0051693 -0.00238195 -0.00290027 -0.00788286 -0.0118897 -0.00375294 -0.00435351 -0.00536364 -0.00301945 -0.0027423 -0.0040154 -0.00300363 -0.000766185 -0.00148303 0.000666305 -0.000173632 -0.00110587 -0.00121645 -0.0023566 -0.00134849 -0.0011117 -0.00208502 -0.00184797 0.000213946 -0.00114427 -0.000853372 -0.000244252 0.000614819 -0.00211887 -0.00177748 -0.000632961 -0.000895133 -0.00140094 -0.00117887 -0.000482594 -0.00271732 -0.000485675 -0.000285687 -0.00117059 -0.00142727 -0.00177136 -0.0010208 -0.00105172 0.000313101 -0.00224796 -0.00193831 -0.00104422 -0.000346111 0.000198946 -0.000878533 -0.00095649 -0.00148263 -0.00141881 -0.00123264 0.000640903 -0.00198534 -0.000576642 -7.52915e-05 -0.00224508 -0.00105324 -0.00129103 -0.0017938 -0.00177194 -0.00142976 -0.00188389 -0.000122366 -0.00173427 -0.00174148 -0.00036627 -0.000967426 -0.000423278 -0.00110578 -0.000715225 -0.00103944 -0.00203768 0.000226106 -0.00218696 -0.000320963 -0.00195092 0.000496377 -0.00201947 -0.000625731 -0.00159571 -0.00142872 
-0.00202533 -0.00044008 -0.000720034 -0.000779422 -0.00516999 -0.00102136 -0.00166277 -0.00444011 0.000921924 -0.00189322 -0.00150398 -0.00360091 0.178749 -0.00235545 -0.000201126 0.000603091 0.00119909 -0.00493415 -0.00713943 -0.00339283 -0.0034093 -0.00322888 -0.00570078 -0.00671345 -0.00646328 -0.00354665 -0.00727357 -0.0028455 -0.0033829 -0.00205737 -0.0024706 -0.00328115 -0.00204519 -0.0015809 -0.0036834 -0.00038404 -0.00191959 -0.00145205 -0.00119681 0.00113597 0.000185018 -0.00104028 -4.08669e-05 0.000938905 -0.00393378 -0.00243877 -0.000915434 -0.000498081 -0.00143321 -0.00127431 -0.00205721 -0.00112191 -0.00198812 -0.00115517 -0.000920227 -0.000280448 -0.00133654 -0.00272416 -0.000617319 -0.000732609 0.000515162 -0.00318999 -0.00189276 -0.00109277 -0.000664001 -0.000977173 -0.0032844 -0.00155971 -0.00258675 -0.00138564 -0.000394994 -0.00206349 -0.00260586 -0.00193254 -0.00097732 -0.000198587 -0.000633495 -0.000510229 -0.00119135 -0.000328178 -0.00189544 -0.00175494 -0.00222435 -0.000884 -0.00174841 -0.00207041 -0.00164206 -0.00263649 -0.00107809 -0.000664843 0.000300694 -0.0014493 -0.00319322 -0.00217122 -0.00168555 -0.00105845 -0.000648304 -0.000972674 -0.000486632 -0.000390975 
-0.00172858 -0.00273105 -0.00229701 -0.00230197 -0.00191048 -0.00177335 0.0010456 -0.00281697 0.000484694 -0.00381348 -0.00274813 -0.00230172 -0.00235545 0.218898 -0.00451135 -0.00396074 -0.00660552 -0.0055192 0.00277457 -0.00172294 -0.00627743 -0.00359442 -0.000171683 -0.00483722 -0.00283334 -0.00587304 -0.0111736 -0.000735517 -0.00818831 -0.00042569 -0.00487629 -0.00191685 -0.00318578 -0.00246308 -0.00435207 -0.00173333 -0.0016432 -0.00298863 -0.00220357 -0.00378739 -0.00373721 -0.00206963 -0.000971321 -0.0027624 0.00042239 -0.00383966 -0.00398949 -0.000969523 -0.000697464 -0.00246889 -0.00250159 -0.000971425 -0.00238113 -0.000790775 -0.000388341 -2.96306e-05 -0.00224592 -0.000302281 -0.000993908 -0.00256109 0.000879809 -0.000685704 -0.000460532 -0.001749 -0.00111558 -0.00117455 -0.000494142 -0.00360558 -0.00160326 -0.00160847 -0.00223074 -0.00280652 -0.00199319 -0.00163625 0.000151713 -0.00103592 -0.00219096 0.000864347 -0.00168641 8.52876e-05 -0.00239789 -0.00101941 -0.00205182 -0.00391171 -0.00127593 -0.00288989 -0.00186648 -0.00254767 -0.00312592 -0.00138842 -0.00418976 -0.00199126 -0.00252444 -0.000861708 0.000101915 -0.00079337 -0.00222997 -0.00128161 -0.00328177 -0.00297221 
-0.00342414 -0.000885902 -0.000293188 -0.00198884 -0.00193703 -0.00414621 -0.0023056 -0.00205927 -0.00110698 -0.000433947 -0.00123748 -0.000539825 -0.000201126 -0.00451135 0.22177 0.000576198 -0.00748434 -0.000967783 -0.00253721 -0.00271805 -0.0117988 -0.00872475 -0.00931207 -0.00843986 -0.00276007 -0.00640948 -0.00362196 -0.00304724 -0.00482066 -0.00230543 -0.00280363 -0.00559833 -0.000686156 -0.00207091 -9.75344e-05 -0.00504135 -0.00090878 -0.00396919 -0.00405868 -0.0033626 -0.00115826 -0.000337143 -0.00413497 0.000342942 -0.00194992 -0.00347476 -0.000627638 -0.00320664 -0.00288903 -0.00229425 -0.00118742 -0.00140723 -0.00110469 -0.00319898 -0.000676487 0.000248173 -0.00190144 -0.000868933 -0.000510733 -0.00309932 -0.00142537 -0.00237747 -0.00268746 -0.00234307 -0.00277857 -0.000984947 0.000656093 -0.00184544 -0.00149379 -0.000540383 -0.00101957 -0.00293729 -0.00266949 -0.00222242 -0.00258781 0.000843677 -0.00132368 -0.001819 0.000337976 -0.000894781 -0.00143076 -0.00375199 -0.000689717 -0.002673 -0.00167448 -0.00173166 -0.00282345 0.00101673 -0.000984386 -0.00166054 -0.000348904 -0.00309276 -0.00125558 -0.00320703 -0.00175138 -0.00183182 0.000828594 -0.00144487 0.00033453 -0.0020083 
-0.00117598 -0.00219517 -0.0025602 0.000494104 -0.0021002 -0.00114157 -0.00268021 -0.00465681 -0.00077394 -0.00167898 -0.00049358 -0.00753125 0.000603091 -0.00396074 0.000576198 0.240576 -0.00431197 -0.00703273 0.00468328 -0.00370815 -0.0104723 -0.00787787 -0.00417383 -0.00138104 -0.00845213 -0.0080066 -0.00396957 0.000254196 -0.00517444 -0.00922203 -0.00162355 -0.00268928 -0.00708476 -0.00292164 -0.00210448 -0.00381266 0.000900388 -0.00293736 -0.00310677 -0.00257581 4.12682e-05 -0.00162284 -0.00200898 -0.00108621 -0.00352007 -0.0020899 -0.00213521 -0.00142924 0.00138693 -0.000983358 -0.00141562 -0.00268932 -0.00193401 -0.00162758 -0.000718886 -0.00241222 -0.00125789 -0.00331156 -0.00339434 -0.00281989 -0.00200512 -0.0036799 -0.000246487 -0.00404004 -0.00207455 -7.98108e-05 -0.000301826 -0.000596999 -0.000107609 -0.000715741 0.000308137 -0.00361295 -0.0032585 -0.00339687 -0.00343343 -0.00436383 -0.000590099 -0.00296378 -0.00223469 -0.0018022 -0.00191914 -0.00209611 -0.00406383 -0.000304022 0.000342564 -0.0010418 -0.00176943 -0.00314991 -0.0004438 -0.0039505 -0.000611508 -0.00159324 -0.00400703 -0.00174782 0.00125866 -0.00327901 -0.00448859 -0.00290848 -0.00333792 -0.00116401 
-0.00111283 -0.0004403 -0.0027523 -0.00304236 -5.08681e-05 -0.000615102 -0.00131492 -0.00207782 -0.00383472 -0.00874486 -0.00586271 -0.0051693 0.00119909 -0.00660552 -0.00748434 -0.00431197 0.244396 -0.00900781 0.00608404 -0.00418225 -0.00955729 -0.00527765 -0.0097084 0.00490594 -0.0104665 -0.0110784 -0.00421686 -0.00476648 0.000154729 -0.00202572 -0.0056085 -0.00285221 -0.000949126 -0.00384602 -0.000682579 -0.00226867 -0.00190518 -0.00254685 -0.00100359 -0.00134226 -0.00178086 -0.00287531 0.00161054 -0.000960256 -0.000640811 -0.00327407 -0.00111582 -0.000917324 -0.00133226 -0.00123394 -0.00123448 -0.00198377 -0.00284551 -0.000595172 -0.00174469 -0.00317558 -0.00164558 -0.000765859 -0.00444605 -0.00195011 -0.00101483 -0.00150174 -0.00205641 -0.0022288 -0.00149393 -0.00355843 -0.00280095 -0.000302931 -0.00409512 -0.00291868 -0.0002223 -0.00246866 -0.00132105 -0.000505628 -0.00141421 -0.00542827 0.000575226 -0.00164721 -0.000328636 -0.00205652 -0.00190953 0.000119772 -0.0022662 -0.00185832 -0.00239192 -0.00295105 -0.00465185 -0.001201 -0.00134277 -7.84584e-05 -0.00428404 -0.00193145 -0.000897737 -0.00133444 -0.00232053 -0.00265756 -0.00269397 -0.00221084 -0.00214981 -0.00131959 
-0.00270753 -0.00218131 -0.000855493 -0.00178196 -0.00302696 -0.00396904 -0.00326486 -0.00160064 0.00110867 -0.00449421 -0.00204487 -0.00238195 -0.00493415 -0.0055192 -0.000967783 -0.00703273 -0.00900781 0.249651 -0.00564239 -0.00372258 -0.00123329 -0.00435094 0.00164836 0.0061053 -0.00586517 -0.0040274 -0.00564742 -0.00582012 0.000687014 -0.00916639 0.00143104 -0.00606602 -0.00131735 -0.00296348 -0.00178863 -0.00209795 -0.00309047 -0.00369744 -0.00151262 -0.00339058 -0.00381974 -0.00348214 -0.0035498 -0.000708726 -0.000899205 -0.00372666 0.00138918 -0.0016693 -0.00178845 -0.000300114 -0.000716824 -0.00200857 -0.00253213 -8.84575e-07 -0.00140375 -0.00374939 -0.0032853 -0.00262139 -0.00209922 -0.00239546 -0.00201088 -0.00201455 -0.00393517 -0.00323349 -0.00068187 -0.00165883 -0.000742218 -0.00226961 -0.00249986 -0.00273496 -0.00220029 -0.00126447 -0.00293131 -0.00226864 -0.00216412 -0.000668482 -0.00356982 -0.00106772 -0.00304871 -0.00223254 -0.00392378 -0.00287303 -0.00386445 -0.00207916 -0.00319251 -0.00161407 -1.03615e-05 -0.000149521 -0.00343701 -0.00256229 -0.00203296 -0.00277019 -0.00315399 -0.00256293 -0.00164377 -0.00356032 -0.00332425 -0.00269246 -0.00171039 -0.00373809 
-0.00231305 0.00104628 -0.0013297 -0.00140507 -0.00271618 -0.00513425 0.000321728 -0.00219723 -0.00503886 0.000270467 -0.00775316 -0.00290027 -0.00713943 0.00277457 -0.00253721 0.00468328 0.00608404 -0.00564239 0.24797 -0.00048581 -0.00462117 -0.00740623 0.00234066 -0.00547519 -0.0109368 -0.00647503 -0.00337569 -0.00674173 -0.00932516 -0.00200352 -0.00446235 -0.00540979 8.31874e-05 -0.00472957 0.00186764 -0.000920191 -0.00327165 -0.0021885 -0.0032295 -0.00548174 -0.0015884 -0.00311763 -0.00137844 -0.000541569 -0.00101372 -0.00229381 -0.00348065 -0.00138144 -0.00252017 -0.00207013 -0.00185733 -0.0039056 -0.000438319 -0.00545498 -0.0038034 -0.00139996 0.000316373 0.000166765 -0.00265572 -0.00484226 -0.00242185 -0.00138489 -0.00153739 -0.00500515 -0.00207738 -0.00335275 -0.00214692 -0.00309782 -0.00160765 -0.00276546 -0.000235753 -0.00177304 -0.0028702 -0.00142132 -0.00280279 -0.00423112 -0.00308939 -0.00129791 -0.00143491 -0.00155386 -0.00542966 -0.00320097 -0.000511762 -0.00198138 0.000173844 -0.00356716 -0.00342405 -0.00233434 -0.00101726 -0.00144546 -0.00416596 -0.000152655 -0.00213735 -0.0026869 0.000135451 -0.000565902 -0.00234638 -0.0054432 -0.00214746 -0.00317866 
-0.0016683 0.000717563 0.000943285 -0.000400478 0.000741458 -0.00113759 -0.00266555 -0.00184217 -0.00103367 -0.00352637 -0.00896642 -0.00788286 -0.00339283 -0.00172294 -0.00271805 -0.00370815 -0.00418225 -0.00372258 -0.00048581 0.249679 -0.000448247 -0.00508356 -0.0128388 -0.00802679 -0.00436626 -0.0136598 0.0007072 -0.00555569 -0.00269869 0.000414042 -0.00626196 -0.00485933 -0.00295686 -0.00498959 -0.0046465 -0.00255279 -0.00335661 -0.00240183 -0.00157371 -0.00323665 -0.0014361 -0.00293419 -0.000575396 -0.00185778 -0.00110693 -0.00179587 -0.00182841 -0.00287304 -0.00196706 -0.00143031 -0.00105236 -0.00120349 -0.00091713 -0.00350757 -0.00361609 -0.0029107 -0.00217827 -0.00200043 -0.00186378 0.00100299 -0.00170447 -0.00348988 -0.00186582 -0.00146874 -0.00247642 -0.00222833 -0.00490958 -0.00313819 -0.00122519 -0.00286643 -0.00422977 -0.00150686 -0.00280051 -0.0015253 -0.000610632 -0.00193399 -0.000680344 0.000581935 -0.00253784 -0.00390341 -0.00176992 -0.00202572 -0.00259745 -0.000919546 -0.000411609 -0.000700775 -0.00472066 -0.00209683 -0.00235835 -0.000897598 0.00235042 -0.000108905 -0.00444247 -0.00234563 -0.00241249 -0.000217416 -0.00294457 -0.000511431 -0.00318084 -0.00174956 
-0.00135011 -0.00129259 -0.00404127 -0.00157599 -0.00277481 -0.0028751 -0.00272067 -0.00379832 -0.00401668 -0.00378736 -0.000760506 -0.0118897 -0.0034093 -0.00627743 -0.0117988 -0.0104723 -0.00955729 -0.00123329 -0.00462117 -0.000448247 0.246791 0.00274414 -0.00386679 -0.00356487 -0.0107296 0.00428783 0.00291749 -0.00310721 -0.00523213 -0.00397637 -0.000811622 -0.00129574 -0.00449799 -0.00171831 -0.00496576 -0.000529786 -0.00654473 -0.000721112 -0.000924945 -0.00200709 -0.00320682 -0.00182495 -0.00194012 -0.00435035 -0.00171929 5.02787e-05 -0.000736632 -0.00043717 -0.00156021 -0.00160404 -0.00198179 -0.000730184 -0.00173265 -0.00267395 -0.00234424 -0.00183382 -0.00140351 -0.00439423 -0.00219826 -0.000563433 -0.00108639 0.000985031 -0.00133491 -0.00139183 -0.00181157 4.16435e-05 -0.0019895 -0.000774361 -0.00207224 -0.00205277 -0.0028408 -3.02149e-05 -0.00307632 -0.000491674 -0.00191599 -0.00104811 -0.00112382 -0.00341777 -0.00257945 -0.002603 -0.00134892 -0.001938 -0.00113099 -0.00168743 -0.00305515 -0.0019247 -0.00384373 -0.00263844 -0.0017255 -0.00302042 -0.00265832 -0.00518837 -5.47503e-05 -0.00240095 -0.00294854 -0.00205739 -0.00457754 0.00205944 -0.00330576 -0.00230038 
-0.00335625 -0.00356129 -0.00193107 -0.00388139 -0.00161046 0.00125482 -0.00303033 -0.004036 -0.00313735 -0.00553878 3.37372e-05 -0.00375294 -0.00322888 -0.00359442 -0.00872475 -0.00787787 -0.00527765 -0.00435094 -0.00740623 -0.00508356 0.00274414 0.249999 0.00307146 0.000302077 -0.00223439 0.0038297 -0.00685464 -0.00668977 -0.00610212 -0.00520797 -0.00289372 -0.00450687 -0.00398971 -0.00517042 -0.00645672 -0.0019747 -0.00320614 -0.00202548 -0.00261208 -0.000174384 -0.0038373 -0.00264192 -0.00183827 -0.000356891 -0.000626852 -0.000983644 -0.00362474 -0.00181813 -0.00194685 -0.00299216 -0.0036422 -0.00385526 -0.000498548 -0.00130449 -0.00225369 0.00117191 -0.00173139 -0.00344887 -0.0010969 -0.000244221 -0.000949166 -0.00144415 -0.00200849 -0.00208063 -0.00169583 -0.00206637 -0.00654059 -0.00197013 -0.00329496 0.00116712 -0.00241025 -0.000530516 -0.000565347 -0.00280598 -0.00317366 -0.00155992 -0.00103739 -0.00525861 -0.00295175 0.000471339 -0.000428291 -0.00218059 -0.00205846 -0.00282192 -0.00481853 -0.00374404 -0.00235586 -0.00315501 -0.00238543 2.46785e-05 -0.00341336 -0.00163093 -0.00177085 -7.46023e-05 -0.00268895 -0.000964169 -0.00175165 -0.000123443 -0.00488736 -0.00225145 
-0.00172083 -0.00312793 -0.00219013 -0.00295556 -0.00328426 -0.00439224 -0.00406061 0.00211828 -0.0015455 0.00284709 0.000576038 -0.00435351 -0.00570078 -0.000171683 -0.00931207 -0.00417383 -0.0097084 0.00164836 0.00234066 -0.0128388 -0.00386679 0.00307146 0.249838 -0.00066857 -0.0056231 -0.00200455 -0.00301061 -0.00512549 -0.00891242 -0.00708731 -0.00262479 -0.00499101 -0.00315203 -0.00386076 0.000995301 -0.000504028 -0.00247541 -0.00350268 -0.00250267 -0.00352189 -0.00273637 -0.00119707 -0.00337302 -0.00151382 -0.00178124 0.000282686 -0.00376705 -0.00303324 -0.00304948 -0.00385965 -0.00143948 -0.00042697 0.000260129 -0.00130188 -0.00103802 -0.00359055 -0.00334136 -0.00156648 -0.00172464 -0.0055269 -0.00236511 -0.0029259 -0.00329989 -0.00299899 -0.00147334 -0.00218752 -0.00221211 -0.000735606 -0.00266516 -0.000601921 -0.00405211 -0.000844124 0.00038466 -0.00377879 -0.000862666 -0.00278458 -0.00304947 -0.00399716 -0.00315729 -0.00291984 -0.000356141 -0.00288634 -0.00138845 -0.00221436 -0.00420137 -0.00183914 0.000852078 -0.00188109 -0.00147605 -0.0026199 -0.0034722 -0.0015796 -0.000947244 -0.00275141 -0.00130835 -0.00233071 -0.00440108 -0.00194639 -0.00215546 -0.00131037 
-0.00252532 -0.00421331 -0.0019931 -0.00253087 -0.0030928 -0.00151421 -0.00421106 -0.00456428 -0.00585141 -0.00943856 0.00171413 -0.00536364 -0.00671345 -0.00483722 -0.00843986 -0.00138104 0.00490594 0.0061053 -0.00547519 -0.00802679 -0.00356487 0.000302077 -0.00066857 0.249966 -0.00374648 -0.00700711 -0.00655957 -0.0019412 -0.00301126 -0.00685184 -0.00649675 -0.00394441 -0.00499727 -0.00261619 -0.00179446 -0.00413248 -0.00387988 -0.0022733 0.00267773 -0.00115992 -0.00433751 -0.000217679 -0.00324176 -0.00202896 -0.00478067 -0.00225178 -0.00317043 -0.00202736 -0.000763755 -0.000549679 -0.00123141 -0.000138056 -0.00436019 0.000227268 -0.0017104 -0.00160123 -0.00196717 -0.00412111 -0.00131374 -0.00322703 -0.000648926 -0.00206607 -0.000220313 -0.00258423 -0.000804205 -0.00134493 -0.00197703 -0.0025414 0.00070998 -0.00125046 -0.00191216 -0.00166301 -0.00210176 -0.00382744 -0.00514937 -0.00133184 -0.000179285 -0.003803 -0.00158695 -0.00568507 -0.00281888 -0.00137289 -0.00412081 -0.00234712 -0.00432189 -0.00243241 0.000849241 -0.00211645 -0.000653271 -0.00236799 -0.00130926 -0.00138687 0.00211451 -0.00259849 -0.0024177 -0.00315201 8.35644e-05 -0.00156091 -0.00383812 -0.00230609 
-0.000659912 -0.00228805 0.000118401 -0.00481811 -0.00354424 -0.00164794 -0.00487132 -0.00249568 -0.00285438 -0.000851175 -0.000230331 -0.00301945 -0.00646328 -0.00283334 -0.00276007 -0.00845213 -0.0104665 -0.00586517 -0.0109368 -0.00436626 -0.0107296 -0.00223439 -0.0056231 -0.00374648 0.241306 -0.000160498 -0.00227962 -0.00178961 -0.00233969 0.00421844 -0.0043786 -0.0032006 -0.00220982 0.00138402 -0.000555382 -0.00412455 -0.00114964 -0.00188719 5.2638e-05 0.000911493 -0.0029736 -0.00309807 -0.00290993 -0.00232455 -0.0016481 -0.00270998 -0.00287274 -0.00338864 -0.00172015 0.000642669 -0.00343094 -0.00183006 -0.000871558 -0.00162991 -0.0019586 -0.00249777 -0.00255548 -0.00304408 -0.00267456 -0.00124938 -0.00278777 -0.00144497 -0.00194473 -0.00125269 -0.00416204 -0.00248838 -0.0019719 -0.000993703 -0.00245876 -0.00119599 -0.0038219 -0.00297851 -0.0013919 -0.00257935 -0.000582326 -0.00391205 -0.00116262 -0.00278257 -0.000900748 -0.000362662 -0.000158321 -0.000943385 4.16068e-05 -0.000142664 -0.00167022 -0.000957621 -0.0015157 -0.00205087 -0.00249494 -0.00307382 -0.00128867 -0.000562014 -0.00453675 -0.00288599 -0.00337368 -0.00209031 -0.00121915 -0.00335409 -0.00122143 -0.00273858 
1.33674e-05 -0.0032491 -0.00279597 -0.00311335 -0.000538972 -0.00274952 -0.00500677 0.00246108 -0.00486355 -0.0039886 -0.00276231 -0.0027423 -0.00354665 -0.00587304 -0.00640948 -0.0080066 -0.0110784 -0.0040274 -0.00647503 -0.0136598 0.00428783 0.0038297 -0.00200455 -0.00700711 -0.000160498 0.236831 -0.0080512 -0.00534754 -0.00276575 -0.00242523 -0.00422866 -0.00461641 0.00089472 -0.000215631 -0.00180179 -0.000285476 -0.00319763 -0.00244841 -0.00209337 -0.000494861 -0.00225453 0.000658219 -0.00155661 -0.00347106 -0.00143541 -0.0025665 -0.0019767 -0.00143589 -0.00111558 -0.000976897 -0.00343462 -0.00259827 -0.00124375 -0.00233831 -0.00128755 -0.00205699 -0.00173417 -0.000772601 -0.002231 -0.00287843 -0.00273509 -0.00155925 -0.00186469 -0.00379482 -0.00134103 -0.00148645 -0.00279584 -1.61604e-06 -0.00242102 0.00084405 -0.00172067 -0.00358167 -0.00480397 -0.00320611 -0.00214233 -0.00109141 -0.00205932 -0.00249065 -0.00182956 -0.0012746 8.35234e-05 -0.00220577 -0.00120949 -0.00134183 -0.00311054 -0.00233704 -0.00494452 -0.00162 0.000469711 -0.00223629 -0.00328782 -0.000423476 -0.000570333 -0.00237595 -0.00108317 -0.000368427 -0.00250583 -0.00229352 -0.00161918 0.0007563 
-0.000157349 -0.00252232 -0.00178079 -0.00109476 -0.000464301 -0.00488588 -0.00366681 0.00216953 -0.00483849 -0.00114143 -0.00368214 -0.0040154 -0.00727357 -0.0111736 -0.00362196 -0.00396957 -0.00421686 -0.00564742 -0.00337569 0.0007072 0.00291749 -0.00685464 -0.00301061 -0.00655957 -0.00227962 -0.0080512 0.227139 -0.0102408 -0.00718295 -0.00488546 0.00318639 -0.000615714 -0.00398789 -0.00371537 -0.000804381 -0.00425185 -0.00213543 -0.00342119 -0.0028213 -0.00223232 -0.000741227 -0.00293584 0.000455266 -0.000113233 -0.00165869 -0.00080394 -0.00304169 -0.000863196 -0.00266554 -0.00201369 -0.00129785 -0.00432621 0.000895172 -0.00171931 0.000180767 -0.00213195 -0.00027531 0.000327029 0.000833761 -0.00298184 -0.00277573 -0.00153684 -0.00268672 0.000183458 -0.00220479 -0.000260955 -0.0022013 -0.0010984 -0.00285635 -0.00320753 -0.0022098 -0.00239074 -0.00362902 -0.00241802 -0.00257104 0.000511072 -0.00284556 0.00102352 9.74443e-05 -0.00406939 0.000681136 -0.00241254 -0.00157576 -0.00136333 -0.00211186 -0.000627375 -0.00152451 -0.00143455 -0.000972958 -0.00164776 -0.0019008 0.00122498 -0.000990973 -0.00366864 -0.00132575 -0.00379345 -0.00347189 -0.00292798 -0.00312768 -0.00054475 
-0.00173379 -0.00165699 -0.0019878 -0.00176578 -0.00280875 -0.00098359 -0.00218193 -0.00376462 -0.000884867 -0.00353085 -0.00737151 -0.00300363 -0.0028455 -0.000735517 -0.00304724 0.000254196 -0.00476648 -0.00582012 -0.00674173 -0.00555569 -0.00310721 -0.00668977 -0.00512549 -0.0019412 -0.00178961 -0.00534754 -0.0102408 0.204994 0.00168326 -0.00189654 -0.00489393 0.00146107 -0.00136662 -0.00134565 -0.00197157 -0.00418186 -0.000971866 -2.04526e-05 -0.00139363 -0.00142641 0.000504562 -0.00232374 0.000281464 -0.00251939 -0.00252264 -6.69743e-05 -0.00323643 -0.00200562 0.000180022 -0.00244894 -0.00278707 0.00114312 -0.00203989 -0.00245081 -0.00139732 -0.00212287 -0.00232855 0.000219912 -0.00174606 0.00214188 -0.00164348 -0.00302277 -0.00126108 -0.000713987 -0.00391604 0.00101835 -0.000235212 -0.00158541 -0.00154461 -0.00112201 -0.000317087 -0.00240664 -0.000503035 -0.00275615 -9.31942e-07 -0.00322869 -0.00282172 -0.00414317 -0.002384 -0.000594943 -0.00279447 -5.06451e-05 -0.00158403 -0.00214546 -0.000137799 -0.000836473 0.000538225 -0.0017367 -0.000906886 -0.00224377 -0.00212662 -0.00535094 -0.00181641 -0.000745303 -0.0022356 -0.00320667 -0.000754247 -0.00339088 -0.00114767 -0.00211608 
-0.00118378 0.000114876 -0.000251507 -0.00278401 -0.00137305 -4.25108e-05 -0.00165122 -0.00125333 -0.00370103 -0.00638411 -0.00469388 -0.000766185 -0.0033829 -0.00818831 -0.00482066 -0.00517444 0.000154729 0.000687014 -0.00932516 -0.00269869 -0.00523213 -0.00610212 -0.00891242 -0.00301126 -0.00233969 -0.00276575 -0.00718295 0.00168326 0.174647 -0.00204919 -0.00241262 0.00222737 0.000691117 0.00016106 -0.00259751 -0.00163548 -0.00137907 -0.00300175 -0.000378716 0.000341342 -0.00149797 -0.00107187 0.000954089 -0.00145144 -0.0011829 -0.00276818 0.000508601 -0.00181697 -0.0027135 -0.000641965 -0.00103984 -0.00113902 -0.00148046 -0.000646324 -0.00155064 -0.00193034 -0.00188054 -0.000700936 -0.00140768 -0.000984028 -0.001359 -0.00334974 -0.000981092 -0.00023259 -0.00013437 -0.00179987 -0.000963622 -0.0020476 -0.00188894 -0.00171715 -0.00163435 -0.00129478 -0.00151774 -0.00047056 -0.0026982 -0.00130244 -0.00185794 -0.00232196 -0.000387159 -0.000414638 -0.00253397 -0.00181239 -0.00051346 -0.00124419 -0.000180846 -0.00139173 0.000312608 -0.00115638 -0.00122611 -0.00301147 -0.000945401 -0.00137115 -0.0012417 7.17818e-05 -0.0011925 -0.000806707 3.51181e-05 -0.000420398 8.82957e-05 -0.00267574 
0.000434458 -0.000372261 -0.000461673 -0.00159425 -0.00345529 -0.00256382 -0.00283402 -0.000184132 -0.00366153 -0.00314569 -0.00287717 -0.00148303 -0.00205737 -0.00042569 -0.00230543 -0.00922203 -0.00202572 -0.00916639 -0.00200352 0.000414042 -0.00397637 -0.00520797 -0.00708731 -0.00685184 0.00421844 -0.00242523 -0.00488546 -0.00189654 -0.00204919 0.171645 -0.00150565 -0.00161069 -0.000227911 -8.2872e-05 -0.00149568 -0.000889172 2.75229e-05 -0.000288184 -0.00201988 -0.00258158 -0.000538193 -0.00170025 -0.00159022 -0.00259666 -0.00282993 -0.00339141 -0.00299543 -0.00124563 -0.00164685 -0.00253566 -0.00257075 -0.000485439 -0.00153103 -0.00294202 -0.00183882 -0.00197668 -0.000432691 -0.000768147 -0.00136295 0.000745173 -0.00219832 -0.000640697 -0.00139919 -0.00233102 -0.000664071 -0.00217036 -0.00165288 -0.00218968 -0.00124261 -0.00144767 -0.00134286 -0.00201062 -0.000800794 -0.00174661 -0.00335163 -0.00203317 0.000556258 0.000402428 0.000243754 -0.000724685 -0.0035148 0.000438864 -0.00224735 0.000388143 -0.000480195 -0.00206264 -0.00210755 -0.00115526 -0.00197444 0.000167152 -0.000497851 9.24643e-05 -0.00214488 -0.000520529 -0.00210805 4.90641e-06 -0.00104404 -0.00219757 0.000343141 -0.000220753 
-0.00108114 -0.00125938 -0.00152993 -0.00227918 -0.00274827 -0.00142553 -0.000179783 -0.0017036 -0.000932505 -0.00265644 0.00186995 0.000666305 -0.0024706 -0.00487629 -0.00280363 -0.00162355 -0.0056085 0.00143104 -0.00446235 -0.00626196 -0.000811622 -0.00289372 -0.00262479 -0.00649675 -0.0043786 -0.00422866 0.00318639 -0.00489393 -0.00241262 -0.00150565 0.151814 -0.000652641 9.33714e-05 -0.000419073 -0.00236756 -0.000651297 -0.00190036 2.09465e-05 -0.00219752 -0.00119363 -0.00289541 -0.00199462 -0.0016382 -0.00149507 -0.00128794 -0.00110937 -0.000361743 -0.00143091 -0.0024224 -0.000758407 -0.00150095 -0.000903688 -0.000504486 -0.000664662 -0.000755659 -0.00239936 -0.000512645 -0.00270905 -0.0018083 -0.0015373 -0.00214955 -0.00181924 -0.00112386 0.000774041 -0.00203305 -0.000739174 -0.00277185 -0.000638811 -0.0025352 -3.13954e-05 -0.000673333 -0.00185685 0.00145188 0.000502157 -0.000709102 -0.000327219 -0.000340303 -0.00178653 -0.000335679 -0.00156877 -0.00181968 -0.00201873 -0.000748383 -0.000104667 -0.00154462 -0.00215588 -0.00152049 -0.00143331 -0.000496838 -0.000577254 -9.03327e-05 -0.00143243 -0.00109226 -0.00201427 -0.00125102 -0.00184737 -0.00195065 -0.00258318 -0.00195739 -0.00151021 
-0.000292435 -0.00147825 -0.000494911 -0.00243826 -0.000932925 7.37829e-06 -0.00128999 -0.000624659 -0.0026298 -0.00106776 -0.00169313 -0.000173632 -0.00328115 -0.00191685 -0.00559833 -0.00268928 -0.00285221 -0.00606602 -0.00540979 -0.00485933 -0.00129574 -0.00450687 -0.00499101 -0.00394441 -0.0032006 -0.00461641 -0.000615714 0.00146107 0.00222737 -0.00161069 -0.000652641 0.10936 -0.000497292 0.00106845 0.000479505 -0.000243728 -0.000317732 -0.00129075 -0.000158499 -0.000194615 -0.000377995 -0.000912648 -0.00196866 -0.000208428 -0.000132083 -0.00174732 -0.000906882 -0.00144567 -0.000258221 -0.00125472 -0.000961994 -0.000308999 -0.000377618 -0.000822653 -0.000610367 -0.000146559 -0.00045875 -0.000803885 -0.000130006 -0.0012929 -0.00116741 -0.000821815 -0.000630809 -0.000322594 -0.000973036 -0.000939487 -0.000789435 -0.00144298 -0.000403655 -0.000346573 -0.000706529 -0.000978061 -0.00144786 -0.00136683 -0.000287336 -0.00211167 -0.000445995 -0.000835109 -0.00129191 -0.000238393 -0.00129072 -0.000834816 -0.000197325 -0.000912463 -0.000762367 -0.00084025 -0.00152076 0.000560978 0.000252261 -0.00101578 -0.000358679 -0.00101205 -0.00059703 0.000203013 0.000476943 0.000386932 -0.000190892 0.000413539 -0.000373515 -0.000391063 
