0.0782595 -0.000280992 1.34039e-05 -0.000608538 -0.00044869 -0.000797414 -0.00253387 0.000326919 -0.000438788 -0.00157157 0.000673824 -0.000925672 -0.0025445 -0.000392139 -0.00102979 -0.00148624 -0.00357696 -0.00375691 -0.00149236 -0.00373868 -0.00106639 -0.00236142 -0.00147399 -0.000988064 -0.0015315 -0.00366625 -0.00264525 -0.0016592 -0.00168492 -0.000917276 -0.0015756 -0.000533204 0.000426373 -0.000889528 -0.00144955 -0.00106387 -0.00134583 -0.00181701 -0.000674215 -0.000888464 9.1798e-05 -0.00119103 -0.000646762 -0.00132307 -0.000934056 -0.000362902 -0.00118368 -0.000639997 -0.000304199 -0.00124203 0.000140164 -0.000571074 -0.000802215 -0.00130393 -0.000525883 -0.000312937 -0.000832914 -0.000339816 -0.000393096 -0.000527497 -0.000519837 -0.000580839 -0.000633808 0.000329561 -0.000474859 -0.000302321 -0.000824842 -0.000874349 -0.00019405 -8.82361e-05 -0.00116116 -4.75482e-05 -0.000646744 -0.000104636 -0.000419566 -0.000462885 -5.944e-05 -0.000646962 -0.000527619 -0.000356516 -0.000562498 7.52728e-05 -0.000307008 5.3536e-05 -0.000188291 -0.000278711 7.60573e-05 -0.000634886 0.000441684 -0.000434615 -0.000358007 -0.000263163 -8.19991e-05 -0.000535309 -0.000165483 -0.000498643 -0.000485199 6.90095e-05 0.00026708 -0.000232386 
-0.000280992 0.0848485 -0.0002427 -0.000556034 -0.000587239 -0.00114814 -0.000829993 -0.00146408 -0.00142597 -0.00075637 -0.00135344 -0.00156662 -0.00113822 -0.00089669 -0.00512227 -0.00356854 -0.00192661 -0.000281255 -0.000425661 -0.000844328 -0.00288679 -0.00285786 -0.000820191 -0.00253199 -0.00352194 -0.00220423 -0.00209812 -0.000686264 -0.00199744 5.22555e-05 -3.73687e-05 -0.000965654 -0.00228774 -0.000685112 0.000212887 2.22227e-05 -0.00121939 -0.000107772 -0.000629639 0.000400217 -0.000293426 -0.000827815 -0.000830874 -0.000137775 -0.000818928 -0.00175857 -0.00130026 -0.000832491 -0.00111501 -8.55052e-05 -0.000714754 -2.33341e-05 9.82213e-05 -0.000247534 -0.000893419 0.000403251 -0.000599754 -7.16899e-05 -0.000383583 -0.000446539 0.000309133 5.68361e-06 -0.000734456 -0.000698918 -0.00100466 -0.000732927 -0.000911448 -0.000898646 -0.000617843 -0.00168349 -0.00104487 -0.000247566 -0.000779937 -0.000186562 5.54016e-05 -0.0015857 -0.000668381 -0.00129296 2.21313e-05 0.000110885 -0.000255047 -0.00180264 -0.000488601 -0.00123825 -0.000865736 -0.00105909 -0.00056428 -0.001026 -0.000880196 -0.0010047 -0.000921387 -0.000680958 0.000424483 0.000275081 -0.00102491 -0.00062982 -2.24366e-05 -7.87552e-05 -0.000308933 3.37055e-05 
1.34039e-05 -0.0002427 0.0932833 -0.000125732 -0.00138344 -3.38515e-05 -0.000984869 -0.000590391 -0.00122796 -0.00148895 -0.00271481 -0.000823944 2.96956e-05 -0.00146572 -0.00148461 -0.00144629 0.000384827 -0.00273706 -0.00218486 -0.00458599 -0.000600349 -0.0049925 -0.00117613 -0.00283247 -0.00176551 -0.00209905 -0.00142322 -0.00132499 -0.00212228 -0.00169512 -0.000691228 -0.00175144 -0.00188415 -0.000499381 -0.000659267 -0.00212805 -0.000562617 -0.000871006 -0.000583141 -0.00049809 0.000195458 -0.00059037 -0.000174159 -2.30314e-05 -0.00078837 -0.000203867 -0.000554526 -0.00128903 -0.00163838 -0.000324849 -0.000697184 -1.09964e-05 -0.000690275 -0.000388318 -0.000996034 -0.000822157 -0.000143587 -0.000963136 -0.00138916 0.000349199 -0.00100804 -5.89761e-05 -0.000642467 -0.000995768 -0.000804652 -6.35209e-05 -0.00162362 -0.000620716 -0.000663278 -0.00081046 -0.000129873 -0.000166406 -0.00028276 -0.0009062 -0.00082799 -0.000886594 -0.000897781 -0.000873436 -0.00148325 -0.000541106 -0.0014202 -0.000142388 -0.00110265 -0.000671013 -0.00117319 -0.000628123 -0.00115673 -2.10787e-05 -0.000799482 -0.00124383 -0.00113617 0.000171569 -0.000747089 -0.000893563 -0.000890524 -0.000870629 -0.00100946 -0.000245323 -0.000285055 -0.00033541 
-0.000608538 -0.000556034 -0.000125732 0.0943403 0.000541709 0.000511267 -0.000677447 -0.00134187 -0.000954918 -0.00232733 -0.00111875 -0.00210888 -0.0021557 -0.00143424 -0.00420758 -0.00554731 -0.00066038 -0.000351284 -0.00173239 -0.00112169 -0.00270097 -0.000337312 -0.00258308 -0.001948 -0.00354301 -1.25859e-05 -0.000651069 -0.00356592 -0.000506709 -0.00156845 -0.00254795 -0.000274588 -0.00102737 -0.00152143 -0.000548615 -0.000421559 -0.000440077 -0.000443607 0.000176572 -0.00101958 -0.000959669 -0.000970725 -0.00112035 -0.000278564 -0.000667041 -0.00141863 -0.000816488 -0.000849468 -0.000417871 -0.000631735 -2.05822e-05 -0.000244807 -0.000281902 -0.00123407 -0.000119255 -0.000892419 3.75459e-05 -0.000201945 -0.00112344 -0.00142177 -0.000588394 -0.00103337 -0.000705176 -0.00191002 -0.0014381 1.75325e-05 -0.000643261 -0.000321233 0.000247681 -0.000825782 -0.00123429 -0.000548829 -0.000877438 -0.0013232 -0.0014394 -0.000983604 -0.000377583 -0.000313768 -0.000271832 -0.00109636 -0.000728896 -0.00020589 -0.00123715 -0.000188737 -0.000894897 -0.000543229 -0.000379869 -0.000238574 -0.000684656 -0.00111096 -0.00120095 -0.000256957 -0.000447521 -0.0011952 -0.000911566 -0.0012637 -0.000290647 -0.000894402 -0.000193291 -0.000711212 
-0.00044869 -0.000587239 -0.00138344 0.000541709 0.108747 -0.00104987 -0.00310785 -0.00138681 0.000525751 -0.000114598 -0.00154842 -9.66152e-06 -0.00223667 -0.0060757 -0.00135971 -0.00528804 -0.00217496 -0.00191746 -0.00520324 -0.00424307 0.000194902 -0.00288082 -0.000808488 -0.000351861 -0.000285111 -0.00193916 0.000258672 -0.00246841 -0.00198198 -0.00118121 -0.00135896 -0.00194303 -0.00127634 -0.00173765 -0.000681294 -0.000571527 -0.00141545 -0.00172888 -0.000631837 0.000150558 -0.00114481 -0.000457348 0.000122523 -0.00101612 -0.000767823 -0.00114047 0.000277042 -0.000644698 -0.000428068 -0.00135049 -0.00098932 -0.000455397 -0.000396367 -0.000944276 -0.000654006 -0.000327482 -0.00117469 -0.0027447 -0.000284916 -0.00166213 -0.000432394 -0.0012946 -0.000356273 -0.000331563 -0.000973972 -0.000603892 -0.000620259 -0.00030423 -0.0012449 -0.000879056 -0.000696146 0.00034037 -0.00100572 -0.000660328 -0.00103379 -0.00014249 -0.00116668 -0.000487083 -0.00147909 -0.000825785 -0.00157611 -0.000998765 -0.000461104 -0.000873566 -0.00142668 0.000202227 -0.00157829 -0.000937245 -0.00108642 -0.000476049 -0.0011196 -0.000654698 -0.000259668 -0.000815249 -0.00182545 -0.000571238 -0.00104277 -0.00212863 -0.000587335 -0.000443208 
-0.000797414 -0.00114814 -3.38515e-05 0.000511267 -0.00104987 0.0955389 -0.00065769 -0.00031187 -0.000619017 -0.00269383 0.000662296 -0.00214501 0.000987039 -0.00184115 -0.000624256 -0.00351092 -0.000282063 -0.00472854 -0.00287968 -0.00138076 -0.000300885 -0.000268696 -0.00369388 -0.00588804 -0.00218427 -0.00167179 -0.00300812 -0.00388109 -0.000306848 -7.37764e-05 -0.00150806 -0.000969271 -0.00182181 -0.00182015 -0.00101328 -0.00101946 -0.000714501 -0.00199257 -0.00027904 -0.00163192 -0.000101813 -0.000568102 -0.000187676 -0.000983767 -0.000565697 -0.000338543 0.000105396 -0.000147834 0.000280433 -5.42546e-05 -0.000398628 -0.00148045 -0.000510108 -0.000551644 -0.000478266 -0.000800473 -0.00158684 -0.00166791 -0.000797636 -0.00103764 0.000191014 -0.00169263 -0.00139445 -0.00101186 -0.00134246 -0.00071664 -0.00055457 -0.000241309 -0.00152089 -0.00170293 -0.00150116 -0.000852594 -0.000307616 -0.000615881 -0.000505361 -0.0011951 -0.000925344 -0.00131754 -0.000916396 -0.000725981 -0.00101541 0.000167213 0.000141973 0.0005131 -0.000744901 -0.000716181 -0.000697396 0.000683841 -0.000168535 6.7488e-05 0.000243659 -0.000835693 -0.000548544 -0.000588139 -0.000891075 -0.000135892 -0.000574911 -0.00171313 -0.000395623 -0.0010187 
-0.00253387 -0.000829993 -0.000984869 -0.000677447 -0.00310785 -0.00065769 0.121458 -0.00108956 -0.000767174 -0.00319844 -0.000291977 0.000376073 -6.97421e-05 -0.00217991 -0.00120017 -0.00126552 -0.00160142 -0.00342442 -0.00122554 -0.00470551 -0.00238807 -0.00267369 -0.00725678 -0.00406512 -0.00559583 0.00118469 -0.00125049 0.000451449 -0.00116354 -0.00186165 -0.00141322 -0.00116777 0.000475385 -0.00260221 -0.000834107 -0.00163566 -0.000973246 -0.00141455 -0.00158513 -0.000461423 -0.000960233 -0.00230026 -0.000218845 -0.000953876 -0.000512967 -0.00108876 -0.00094647 -0.00167031 -0.00137751 -0.000575829 -0.000756135 -0.000837876 -0.00067808 -0.00090705 -0.000402324 -0.000977677 -0.00152739 0.000321111 4.44353e-05 2.79016e-05 -0.00047327 -0.00211619 -0.000873379 -0.00119193 -0.000726015 -0.000582126 -0.000869209 -0.0015457 -0.00072917 -0.000319609 -0.000610109 -0.000255297 0.000118153 -0.00164598 -0.000373887 -0.00150787 -0.00114656 -0.0020997 -0.000603868 -0.00154254 -0.00214954 -0.00127147 -0.000975119 -0.000293406 -0.00164874 -2.09825e-05 -0.00118256 -0.0018371 -0.00149854 0.000253354 -0.00175331 -0.00107171 -0.000382442 -0.000470297 -0.00121568 -0.0011934 -0.00145003 -0.00110645 -0.000373312 -0.000758346 
0.000326919 -0.00146408 -0.000590391 -0.00134187 -0.00138681 -0.00031187 -0.00108956 0.106278 -0.000748376 -0.0014245 -0.00115481 -0.000809321 0.000696994 -0.00442959 -0.00245634 -0.0023313 -0.0011452 -0.00531303 -0.00212698 -0.00133994 -0.000374659 -0.00350199 -0.00422027 -0.00102337 -0.0010553 0.000854052 -0.003804 -0.0048597 -0.00161542 -0.0013607 0.00297454 -0.00178961 -0.00210942 -0.00208755 -0.000880665 -0.00217379 -0.00130791 -0.00145415 -0.000542175 -0.00021994 -0.000592025 -0.00100433 -0.000992049 0.000187874 -0.000430875 -0.000565664 -0.00058963 -0.00100665 -0.000730997 -0.000653652 0.000473255 -0.000213401 -0.00135056 -0.000337134 -0.00140069 -0.000667541 -0.000436351 -0.000575281 -0.00155061 -0.00139404 -0.00106763 -0.00104641 -0.000584383 -0.00137489 -0.000862866 -0.000665648 -0.000293339 -0.000645478 -0.00155521 -0.00189168 -0.0021076 -0.000541899 -0.000898083 -0.000570954 -0.00199079 0.000183377 -0.00147221 -0.000853299 -0.00118193 -0.0005564 -0.000531157 -0.000802066 -0.000808435 -0.000868962 -0.000314535 -0.000244188 -0.0013567 -0.000360285 -0.000375044 -0.000777508 -0.000401346 -0.0003459 -0.000790406 -0.00118892 -0.000217094 -0.000601426 -6.44709e-06 -0.000968418 -0.000603866 -0.00191523 
-0.000438788 -0.00142597 -0.00122796 -0.000954918 0.000525751 -0.000619017 -0.000767174 -0.000748376 0.104858 -0.00252285 0.000286654 -0.000408167 0.000823133 0.000166526 -0.00254605 -0.00579588 -0.000183022 -0.00336017 -0.00549552 -0.00464007 -0.00263941 -0.00313354 -0.00485755 -0.00383893 -0.000376114 -0.00564545 -0.00402333 -0.000663789 -0.00184039 -0.000267415 -0.00189619 -0.000747338 -0.00115038 -0.00302622 -0.000985812 -0.00180317 0.000302041 -0.00101033 0.00100411 -0.00103202 -0.000578723 -0.000281867 -0.000929451 -0.000481302 -0.00104561 -0.000763782 -0.000794594 -0.00126207 -0.00136525 -0.000793001 -0.00128198 -0.000230086 -0.000119288 -0.00071391 -0.00234526 -0.000815279 -0.000265338 -0.00100218 -0.00030085 -9.54796e-05 -0.000565668 -0.00079844 -0.000972762 -0.00156342 0.000115212 -0.000349287 -0.00102171 -1.99451e-05 0.000780811 -8.05383e-05 0.000553271 -0.000567672 -0.00101477 -0.000490612 -0.000272575 0.000106167 -0.00106517 -0.000799593 -0.00102844 -0.000934099 -0.000774337 -0.000491865 -0.00127941 -0.000456346 -0.00105086 0.000394896 -0.000965462 -0.000543731 0.000340796 0.000481497 -0.00101397 -0.000229 -0.000193074 -0.00136478 -0.00139203 -0.000829463 -0.00117691 -0.00101611 -0.000890386 9.78222e-06 
-0.00157157 -0.00075637 -0.00148895 -0.00232733 -0.000114598 -0.00269383 -0.00319844 -0.0014245 -0.00252285 0.155965 -0.00367578 -2.00993e-05 -0.00222647 -0.0050379 -0.00208478 -0.00363714 -0.00452524 -0.00388332 -0.00210374 0.00116735 -0.00933248 -0.00270432 -0.00126885 0.00546607 -0.00307898 -0.00453819 0.000707292 -0.00651399 -0.00336394 0.000178024 -0.00279383 -0.00261994 -0.00359079 -0.00135506 -0.00264713 -0.00104769 -0.000321014 -0.00101875 -0.0010933 -0.000685309 -0.00220499 -0.00277889 -0.00196023 -0.00116805 0.00100907 -0.000845484 0.000546023 -0.000478157 -0.00153372 -0.000744325 -0.00323133 0.000972576 -0.000776965 -0.000849449 -0.00231333 -0.00143926 -0.000682387 -0.000336492 -0.000782878 -0.00103003 -0.0013812 0.00105569 -0.00169694 -0.00132956 -0.00104136 -0.000860678 -0.00194443 -0.00103439 -0.00214322 -0.00114447 -0.00293762 -0.000426585 -0.00245661 -0.00104024 -0.00124427 -0.00135024 -0.00339446 0.000249563 -0.000601178 -0.00213245 -0.00211793 -0.00137796 -0.000991013 -0.0020391 -0.000442923 -0.00121864 -0.00187425 -0.0014737 0.000824968 -0.00197327 -1.59224e-05 -0.000660449 -8.71534e-05 -0.000594629 -0.00121736 -0.00194963 -2.54113e-05 -0.00310835 -0.00194967 -0.0024421 
0.000673824 -0.00135344 -0.00271481 -0.00111875 -0.00154842 0.000662296 -0.000291977 -0.00115481 0.000286654 -0.00367578 0.134798 -0.000636786 -0.00196758 -0.0013665 -0.0023838 -0.00186646 -0.00464873 -0.0029212 -0.00434579 -0.00543046 -0.00221226 0.000959196 -0.000932599 -0.00461663 -0.000698772 -0.00841528 -0.00318042 -0.00152486 -0.00060539 -0.00111805 -0.00382034 6.61281e-05 -0.00166538 -0.00328524 -0.000322929 -0.00242235 -0.00135515 -0.00156108 -0.000807677 -0.00176998 -0.000211766 -0.000291264 -0.000630449 -0.00114716 -0.000649986 -0.00102262 -0.000755453 -0.000366326 -0.000345716 -0.00127281 -0.00182796 -0.000856034 0.000840841 -0.000649894 -0.000745602 -0.00224584 -0.00120827 -0.00147808 -0.000762939 -0.000455563 -0.00166077 -0.000938489 -0.00182733 -0.00168719 -0.000920784 -0.00202514 -1.89345e-05 -0.000233817 -0.000529395 -0.000674565 -0.00152532 -0.000584374 -0.00171444 -0.00105541 0.00130135 -0.00170872 -0.00104459 -0.00334008 -0.000746768 -0.00103812 -0.00181834 -0.000835466 -0.00149068 -0.00116761 -0.00282407 -0.00166961 -0.00180056 -0.00119943 -0.00158708 -0.00200757 -0.000563689 0.000288039 -0.000576094 -0.00063518 0.000272674 -0.00149469 1.80617e-06 -0.00135156 0.000544863 -0.00173596 
-0.000925672 -0.00156662 -0.000823944 -0.00210888 -9.66152e-06 -0.00214501 0.000376073 -0.000809321 -0.000408167 -2.00993e-05 -0.000636786 0.166989 -0.000787962 -0.00375987 -0.00344765 0.000856273 -0.006363 -0.00676413 0.000427703 -0.000407994 -0.00816755 -0.00840675 5.23855e-05 -0.0104479 -0.00419034 -0.00169257 -0.00047797 -0.00429031 -0.00270971 -0.00138596 -0.00208631 -0.00186926 -0.00244748 -0.00331788 -0.000240047 -0.00235936 -0.00244183 -0.00300274 -0.00117358 -0.00118791 -0.000578729 -0.00215159 -0.000474084 -0.000388741 -0.00257723 -0.00307079 -0.00143826 -0.00111552 -0.00102212 -0.00115004 -0.0019509 -0.00170373 -0.00255671 -0.000225803 -0.00166118 -0.00117951 -0.000404533 -0.000434621 -0.00279747 -0.00140566 -0.000860151 -0.00308958 -0.00206974 -0.00219087 -0.00291627 -0.000619266 -0.000585379 -0.00040722 -0.000364716 -0.00126996 0.000681579 -0.000995858 -0.00074197 -0.00217557 -0.000224966 -0.000430699 -0.00165329 -0.00130881 -0.00238979 -0.00200928 -0.00174599 0.000637712 -0.000173206 -0.0030588 0.000220311 -5.94324e-05 -0.00181942 -0.00303726 -0.00163315 -0.000350756 -0.00160063 -0.0011004 -0.000762265 -0.00118602 -0.00159754 0.000190562 -0.00163659 -0.000730474 -0.0018141 -0.00065472 
-0.0025445 -0.00113822 2.96956e-05 -0.0021557 -0.00223667 0.000987039 -6.97421e-05 0.000696994 0.000823133 -0.00222647 -0.00196758 -0.000787962 0.192547 -0.0101317 0.000875479 -0.00318915 -0.00395239 -0.00497856 -0.00366522 0.0032167 -0.00501818 0.00234149 -0.00983099 -0.00827678 -0.00698876 -0.00698388 -0.00602194 -0.00404481 -0.00679818 -0.00585875 -0.00435371 -0.00421267 -0.00273818 -0.00161113 -0.000180823 -0.00119502 -0.00222056 -0.000776537 -0.000344556 -0.00161658 -1.31156e-05 -0.00207495 -0.00100395 -0.000824095 -0.00105902 -0.0006827 -0.00175656 -0.00219441 -0.00195548 -0.00169827 -0.00274996 -0.00248165 -0.00184507 -0.0022567 0.000178643 -0.00174971 -0.00200623 -0.00162946 -0.00126194 -0.00128055 -0.00114093 -0.00236554 -0.00226735 0.000536892 -0.00264877 -0.00122076 -0.00261651 -0.00126758 -0.0016504 -0.00070171 -0.000384807 -0.00242661 -7.15539e-05 -0.0013806 -0.00130194 -0.0023828 -0.00218853 -0.00114019 -0.00118477 -0.000162509 -0.00232877 -0.000456579 2.66018e-05 -0.00129815 0.000513764 -0.000995982 7.74756e-05 -0.0017899 -0.00322747 -0.00301535 -0.000797674 -0.00128537 -0.00185163 0.00013729 -0.00240707 -0.00138451 -0.00181244 -0.0010773 -0.00096464 -0.00115194 
-0.000392139 -0.00089669 -0.00146572 -0.00143424 -0.0060757 -0.00184115 -0.00217991 -0.00442959 0.000166526 -0.0050379 -0.0013665 -0.00375987 -0.0101317 0.208418 -0.0047054 -0.00520516 0.00462737 -0.00183836 -0.013691 -0.00364501 -0.00314623 -0.00423317 -0.00753703 -0.00708306 -0.00664344 -0.000218459 0.00146311 -0.00854023 -0.00315319 -0.00208108 0.00077467 -0.00237987 -0.000860429 -0.00110612 -0.00392044 -0.00151492 -0.00323276 -0.00181782 0.000894353 -0.0011549 -0.00131504 -0.00307613 -0.00171936 -0.00201661 -0.00311517 -0.00192697 -0.00407729 -0.00320251 -8.49927e-05 -0.0012315 -0.00215489 -0.00208586 -0.000968265 -0.00161212 -0.000362679 -0.00244486 -0.000778635 -0.00233103 -0.000230383 -0.00102327 -0.00161788 -0.00105085 -0.000157344 -0.00217013 -0.000741117 -0.000292405 -0.000983342 -0.000583442 -0.000965482 -0.00176192 -0.00095341 -0.00173612 -0.00106657 0.000395763 -0.00124758 -0.00177871 -0.00228466 -0.00328349 -0.000247386 -0.00170566 0.000242707 -0.000280597 -0.00186312 -0.000948152 -0.000940938 -0.00312418 -0.000219084 -0.00261378 -0.00335093 -0.00397901 -0.00237344 -0.000754441 -0.000969049 -0.002026 -0.000189728 -0.00294923 -0.000896936 0.000653228 -0.00160198 -0.00145067 
-0.00102979 -0.00512227 -0.00148461 -0.00420758 -0.00135971 -0.000624256 -0.00120017 -0.00245634 -0.00254605 -0.00208478 -0.0023838 -0.00344765 0.000875479 -0.0047054 0.214847 -0.00157777 -0.00101115 -0.00244334 -0.000785916 -0.00381474 -0.0126185 -0.00291599 -0.0030972 -0.00458628 -0.0112342 -0.0127695 -0.00293547 -0.000300015 -0.000920177 -0.0061001 -0.00465176 -0.0015006 -0.00175251 -0.00358107 -0.00373993 -0.00127056 -0.0019353 -0.000476279 -0.00282628 -0.00229088 -0.0019889 -0.00288243 -0.000598262 0.00108021 -0.00209357 -0.00173987 -0.00237222 -0.00015076 -0.00129736 -0.00083743 -0.00294827 -0.00245147 -0.00132367 0.000354348 -0.00079042 -0.00126139 -0.000472952 -0.00117447 -0.00242198 -0.00295136 -0.00109418 -0.00167897 -0.00274971 -0.00210447 -0.000771225 -0.00177448 -0.00252109 -0.00197228 -0.00147069 -0.00247652 -0.0030472 -0.00132886 -0.000960045 -0.000818012 -0.00248642 -0.000701303 -0.00201142 -0.0018905 -0.00307912 -0.000695639 -0.00239811 -0.00245004 -0.00347402 -0.000542219 -5.60253e-05 -0.00101743 -0.00116328 -0.0010781 -0.00154817 -0.00166535 -0.00151604 -0.00208598 -0.00105859 -0.000147984 -0.000489603 -0.00102452 -0.000752088 -0.00179991 -0.00105061 -0.00266231 
-0.00148624 -0.00356854 -0.00144629 -0.00554731 -0.00528804 -0.00351092 -0.00126552 -0.0023313 -0.00579588 -0.00363714 -0.00186646 0.000856273 -0.00318915 -0.00520516 -0.00157777 0.235949 -0.0050832 -0.00038958 0.00274825 -0.0131843 -0.00155286 -0.00899838 -0.00488781 -0.00377327 -0.00249691 -0.00135345 -0.0019699 -0.0102294 -0.00401184 -0.00116303 -0.00507252 -0.00011204 -0.00137849 -0.00192729 -0.00249012 -0.00472578 -0.000703259 -0.00422063 -0.00297084 -0.00344273 -0.0016372 -0.00166975 -0.00389475 -0.00122828 -0.0037183 0.000287104 -0.0011342 -0.000831972 -0.000696344 -0.0022784 -0.00334581 -0.00236356 -0.00177157 -0.00253513 -0.000545953 -0.00267406 -0.00196929 -0.000859848 -0.00173912 -0.000401659 -0.00322572 -0.000828639 -0.00133459 -0.00137763 -0.000444547 -0.000358299 -0.00307093 -0.0031262 -0.00180899 -0.0002888 -0.00159262 -0.00275692 -0.00150894 -0.000568643 -0.00153781 -0.000825012 -0.00176549 -0.00263512 -0.00438243 -0.000759379 -0.00243664 -0.00175786 -0.00156466 -0.00509313 -0.00105767 -0.00166751 -0.00208533 -0.00307773 -0.00285201 -0.00302057 -0.00168192 -0.00252877 -0.00127468 0.000171498 0.000501527 -0.00202624 -0.00242702 -0.00236074 0.00111657 -0.00337279 
-0.00357696 -0.00192661 0.000384827 -0.00066038 -0.00217496 -0.000282063 -0.00160142 -0.0011452 -0.000183022 -0.00452524 -0.00464873 -0.006363 -0.00395239 0.00462737 -0.00101115 -0.0050832 0.24417 -0.00658258 -0.00582706 -0.00112149 -0.00403579 -0.00715008 -0.00790107 -0.0055988 -0.00315931 -0.00376744 -0.0057395 0.0014407 0.0005625 -0.00622377 -0.00250361 -0.00512948 -0.00305296 -0.00382514 -0.00446653 -0.00444032 -0.00477271 -0.00229047 -0.00503664 -0.00206488 -0.00370189 -0.00259201 -0.00137539 -0.00209491 -0.00161565 -0.00339233 -0.00350671 -0.000933924 -0.00308334 -0.00243618 -0.00263854 -0.00225069 -0.0022248 -0.000485977 -0.00281983 -0.00137825 -0.00218032 -0.00247014 -0.0010218 -0.00130793 -0.00110795 0.00131913 -0.00234656 -0.000981582 -0.000487368 -0.00299061 -0.00173836 -0.000459559 3.947e-05 -0.00176877 -0.00348046 -0.003252 -0.00376473 -0.00217056 -0.00370527 -0.00386637 -0.000971856 -0.00167043 -0.00258174 -0.00292214 -0.000979616 -0.00260609 -0.000558451 -0.00451536 -0.00347853 -0.00416757 -0.00349289 -0.000791873 -0.000143643 -0.00306465 -0.00123813 -0.00146531 -0.00240549 -0.00303545 -0.00172771 -0.00123712 -0.00124736 -0.000354377 -0.000962438 0.000528876 
-0.00375691 -0.000281255 -0.00273706 -0.000351284 -0.00191746 -0.00472854 -0.00342442 -0.00531303 -0.00336017 -0.00388332 -0.0029212 -0.00676413 -0.00497856 -0.00183836 -0.00244334 -0.00038958 -0.00658258 0.242084 -0.00142434 -0.000740935 -0.00861345 -0.00201318 -0.00177531 -0.00753612 -0.00580215 -0.00809008 0.000613191 -0.00905345 -0.00406189 -0.00580058 -0.00253308 -0.00386933 -0.00724634 0.000189371 -0.000883095 0.000338868 -0.00212662 -0.000938207 -0.00142698 -0.00128572 -0.0006232 -0.00118969 -0.00115563 -0.00106524 -0.00147174 -0.00185301 -0.000792233 -0.00187999 -0.00278188 -0.00187133 -0.00381679 -0.00255236 -0.00160604 -0.00183535 -0.0018615 -0.00205896 -0.000314785 -0.00146495 -0.00230576 -0.00268158 -0.000455497 -0.00195221 -0.00267516 -0.00394256 -0.00269466 -0.00292356 -0.00277358 -0.00298147 -0.00150249 -0.00131002 -0.00227534 -0.000514331 -0.00125299 -0.00178804 -0.00199032 -0.00231911 -0.00308452 -0.000928377 -0.000496624 -0.00131627 0.00017021 -0.0015048 -0.00502043 -0.00200971 -0.00198297 -0.00185142 -0.00301498 -0.00240921 -0.00262553 -0.00178625 -0.000914957 -0.00246126 -0.00191243 -0.0018282 -0.00239733 -0.00133473 -0.000163233 -0.00183379 -0.00144708 -0.00164577 
-0.00149236 -0.000425661 -0.00218486 -0.00173239 -0.00520324 -0.00287968 -0.00122554 -0.00212698 -0.00549552 -0.00210374 -0.00434579 0.000427703 -0.00366522 -0.013691 -0.000785916 0.00274825 -0.00582706 -0.00142434 0.249807 -0.0044093 0.00159482 -0.00299132 -0.00252447 -0.00404996 -0.00696144 -0.0055917 -0.0102872 -0.0090868 -0.00765145 -0.00360625 -0.00947396 -0.0028173 0.00290874 -0.00366499 -0.00217655 -0.00154987 -0.00262452 -0.0041813 -0.00284892 -0.00172611 -0.0018221 -0.000854299 -0.00157326 -0.00150833 -0.00193179 -0.00234474 -0.00236761 -0.00212963 -0.00218066 -0.00243776 -0.00156784 -0.00227631 -0.00145401 -0.00280352 -0.00032901 -0.00207926 0.000895632 0.000967228 -0.00229764 -0.00136601 -0.00408331 -0.00211915 -0.00279123 -0.000678578 -0.00268863 0.000203725 -0.00015227 -0.00221903 -0.00343259 -0.00423852 -0.00303903 -0.00479298 -0.00218958 -0.00177208 -0.00203222 -0.00137478 0.00084965 0.000189978 -0.00190395 -0.00289313 -0.00154349 -0.00488705 -0.0031563 -0.00405312 -0.00330046 0.000764164 -0.00336859 -0.00044797 -0.000654913 -0.000589492 -0.00155921 -0.00375523 -0.00319071 -0.00171684 -0.00190431 -0.00311771 0.00108412 -0.00200438 -0.00360752 -0.00102605 
-0.00373868 -0.000844328 -0.00458599 -0.00112169 -0.00424307 -0.00138076 -0.00470551 -0.00133994 -0.00464007 0.00116735 -0.00543046 -0.000407994 0.0032167 -0.00364501 -0.00381474 -0.0131843 -0.00112149 -0.000740935 -0.0044093 0.246392 -0.0108893 0.0049442 0.00477678 -0.00981969 -4.4821e-05 -0.00155488 -0.0104589 -0.00339207 -0.00523534 -0.00669868 -0.00304935 -0.00372274 -0.00642058 -0.00304172 -0.00129659 0.000809627 -0.00296241 2.10694e-06 -0.00276615 -0.000937412 -0.00103718 -0.00363001 -0.0019279 -0.000417429 -0.00109297 -0.00211398 -0.00311133 -0.00135761 -0.00213153 -0.00151564 -0.000612755 -0.00385629 -0.00105658 -0.00100148 -0.00267429 -0.00272816 -0.000291224 -0.00133592 -0.00242961 -0.00106325 -0.00241172 -0.00277234 -0.00130315 -0.00316983 -0.00243369 -0.00370781 -0.00457705 -0.00253708 -0.00155511 -0.0047393 -0.00186323 -0.00153688 -0.000557153 -0.00247278 -0.00200399 -0.00317581 -0.00338154 -0.000476021 -0.00582482 -0.00271342 -0.00252122 -0.00174072 -0.000347102 -0.0030213 -0.000106237 -0.00270185 -0.00129137 -0.00356078 -0.000598769 -0.00127805 -0.00361706 -0.00305781 -0.00313659 -0.000859983 -0.00267429 -0.00128327 -0.00209237 -0.00372705 -0.00107447 -0.0023754 
-0.00106639 -0.00288679 -0.000600349 -0.00270097 0.000194902 -0.000300885 -0.00238807 -0.000374659 -0.00263941 -0.00933248 -0.00221226 -0.00816755 -0.00501818 -0.00314623 -0.0126185 -0.00155286 -0.00403579 -0.00861345 0.00159482 -0.0108893 0.249916 -0.00808549 0.000834917 -0.00709231 -0.00473593 0.000774031 -0.0121354 -0.0055235 -0.00329829 -0.0037987 -0.00192689 -0.00655252 -0.00110774 -0.00174908 0.000702162 -0.00525386 -0.000671116 -0.00304478 -0.0012609 -0.00274555 -0.00385876 -0.00213676 -0.0021395 -0.00195521 -0.00241758 -0.00331248 -0.00213986 -0.000104321 -0.00184932 -0.00140328 0.000103498 -0.00258595 -0.00142144 -0.000843683 -0.000424327 -0.00160318 -0.00221373 -0.00208546 -0.00147634 -0.00214055 -0.0006919 -0.00314994 -0.00230294 -6.95709e-05 -0.00325956 -0.00286774 -0.00203964 -0.00136619 -0.00121645 -0.00255618 -0.00270489 -0.00349676 -0.00233164 -0.00294458 -0.00180872 0.00114934 -0.000434222 -0.00288046 -0.00283282 -0.000884886 -0.000520973 -0.00297273 0.000403339 -0.000281228 -0.00357163 -0.00295154 -0.00279823 -0.00154204 -0.0012387 -0.00192289 9.58973e-05 -6.13806e-05 -0.00106089 -0.00188492 -0.00230504 -0.000263664 -0.000578352 -0.00436599 -0.00279505 -0.00117677 
-0.00236142 -0.00285786 -0.0049925 -0.000337312 -0.00288082 -0.000268696 -0.00267369 -0.00350199 -0.00313354 -0.00270432 0.000959196 -0.00840675 0.00234149 -0.00423317 -0.00291599 -0.00899838 -0.00715008 -0.00201318 -0.00299132 0.0049442 -0.00808549 0.249874 -0.000393344 -0.00875884 -0.00432748 -0.0115622 -0.00117773 -0.00773289 -0.00774134 -0.00837285 -0.00512655 0.000183381 -0.00392159 -0.0010148 -0.00517599 -0.00132595 -0.00340928 -0.00282341 -0.00121747 -0.00300447 -0.00190432 -0.00040476 -0.00105518 -0.00446669 0.00226594 -0.00240143 -0.00246358 -0.00257188 -0.00257395 -0.0018201 -0.0054283 -0.00245368 -0.00157657 -0.0020982 -0.00108919 -0.00276642 0.000168599 -0.00194729 -0.000662939 -0.00122942 -0.00217083 -0.00142631 -0.00137211 0.000921009 -0.00351402 -0.00265009 0.000556183 -0.00213381 -0.00104169 -0.00138901 -0.00367911 -0.00343378 -0.00176351 -0.00215682 -0.00246365 -0.00340133 -0.00215121 0.00033928 0.00110624 -0.00237123 -0.000745016 -0.00193078 -0.00113799 0.000573449 -0.000257859 -0.00251582 -0.00161121 -0.00159007 -0.00321032 -0.00444245 -0.00192815 -0.00291723 -0.00265969 -0.000862478 -0.00210242 -0.00370491 -0.00455812 -0.000753787 -0.000898668 -0.00278078 
-0.00147399 -0.000820191 -0.00117613 -0.00258308 -0.000808488 -0.00369388 -0.00725678 -0.00422027 -0.00485755 -0.00126885 -0.000932599 5.23855e-05 -0.00983099 -0.00753703 -0.0030972 -0.00488781 -0.00790107 -0.00177531 -0.00252447 0.00477678 0.000834917 -0.000393344 0.249258 -0.00741012 -0.00692632 -0.00683649 -0.00304698 -0.00601196 -0.0115519 -0.00235148 -0.00870828 -0.00329723 0.000473888 -0.00248068 -0.00583102 -0.0029061 0.000248221 -0.00234844 -0.00382546 -0.00414324 0.000568196 -0.00125062 -0.00244092 -0.00166946 -0.00419691 -0.00221834 -0.00147475 -0.00119342 -0.00173468 -0.0028432 -0.00373423 -0.00257959 -0.00265392 -0.00127084 -0.00221835 -8.83722e-05 -0.00274554 -0.00218233 -0.00366725 -0.00182641 -0.00165951 0.000309731 -0.00332915 -0.00319891 -0.00428983 -0.000980945 -0.00295863 -0.00188846 -0.00192692 0.000554723 -0.00305237 -0.00235321 0.00152587 -0.00235697 -0.000940687 -0.000387209 -0.000123784 0.00019786 -0.0028531 -0.00238253 -0.00114408 -0.000913889 -0.00128363 -0.000379251 -0.0009147 -0.00281555 -0.00336834 -0.0031977 -0.00113584 0.00067041 -0.00186073 -0.00228895 -0.00440771 -0.00452177 -0.000429963 -0.000966495 -0.00377104 0.000145769 -0.00206316 -0.00276768 
-0.000988064 -0.00253199 -0.00283247 -0.001948 -0.000351861 -0.00588804 -0.00406512 -0.00102337 -0.00383893 0.00546607 -0.00461663 -0.0104479 -0.00827678 -0.00708306 -0.00458628 -0.00377327 -0.0055988 -0.00753612 -0.00404996 -0.00981969 -0.00709231 -0.00875884 -0.00741012 0.247567 -0.00308439 -0.00177964 0.00170603 -0.00185721 -0.00351651 -0.00361379 -0.000653856 -0.00433424 -0.000196189 -0.00376934 0.000930902 -0.00433169 -0.00102715 -0.00342984 -0.00308365 -0.00278643 -0.0011403 -0.00374308 -0.00302396 -0.00393331 -0.00226563 -0.00133583 0.000538147 -0.00231906 -0.000749575 -0.00540446 -0.000300869 0.000189516 0.000103921 -0.00282464 -0.000933282 -0.00125134 -0.00130422 -0.000745903 -0.00254056 -0.00291311 -0.00361006 -0.000847268 -0.00085688 -0.00163673 -0.00132725 -0.000293363 -0.00175045 -0.00216656 -0.00156684 -0.00189471 -0.00215619 -0.00265124 -0.00373802 -0.000714588 -0.00291205 -0.000556946 -0.00222993 -0.00234019 -0.000180893 -0.00259053 0.00013557 -0.00312737 -0.000739958 -0.00287607 -0.000256335 0.000744275 -0.00180664 -0.000133976 -0.000765918 -0.000973498 -0.0026878 -0.00238494 -0.00250558 -0.00318089 -0.00218101 -0.00309188 -0.000998427 -0.00153229 -0.0040476 -0.00135984 
-0.0015315 -0.00352194 -0.00176551 -0.00354301 -0.000285111 -0.00218427 -0.00559583 -0.0010553 -0.000376114 -0.00307898 -0.000698772 -0.00419034 -0.00698876 -0.00664344 -0.0112342 -0.00249691 -0.00315931 -0.00580215 -0.00696144 -4.4821e-05 -0.00473593 -0.00432748 -0.00692632 -0.00308439 0.243049 -0.00728669 -0.00529004 0.0028252 -0.00707859 0.00110291 -0.000479629 -0.00597354 -6.01187e-05 -0.00329931 -0.00455979 -0.00142672 -0.00298105 -0.00190731 -0.00139392 -0.00197331 -0.00397347 -0.000850794 -0.00320336 -0.00364045 -0.000300746 -0.00564162 -0.00232281 -0.0029706 -0.00061735 -0.00208031 -0.00289372 0.000953551 -0.00169572 -0.000556773 -0.00346101 -0.000354411 -0.00298088 -0.00325786 -0.00040767 -0.00142226 -0.00267473 -0.00269262 -0.00208745 -0.000612456 -0.00177411 -0.0020789 -0.000763591 -0.00145824 -0.00361866 -0.00296064 -7.03264e-05 -0.00149826 -0.00409874 -0.00111546 -0.00197554 -0.000843218 -0.00256079 -0.00457546 -0.00289501 -0.00247763 -0.00301804 -0.000887375 9.17072e-05 -0.00168894 -0.00122321 -0.00113864 -0.00279271 -0.000909366 -0.00125882 0.000454657 -0.00226358 -0.00197009 -0.00201996 -0.000951491 0.000467842 -0.000639785 -0.00252954 -0.00344324 -0.00115728 -0.00164754 
-0.00366625 -0.00220423 -0.00209905 -1.25859e-05 -0.00193916 -0.00167179 0.00118469 0.000854052 -0.00564545 -0.00453819 -0.00841528 -0.00169257 -0.00698388 -0.000218459 -0.0127695 -0.00135345 -0.00376744 -0.00809008 -0.0055917 -0.00155488 0.000774031 -0.0115622 -0.00683649 -0.00177964 -0.00728669 0.232175 -0.00258835 -0.00218952 -0.00417922 -0.000570728 -0.00324942 -0.00348387 -0.00657603 -0.00302066 0.00178111 0.000218627 0.000692523 -0.00439565 -0.00111276 -0.00149782 -0.00139862 -0.00395549 -0.00182278 -0.00356997 -0.0013819 -0.00274909 -0.000963644 -0.00157511 -4.44377e-05 -0.0011821 0.00267167 -0.00270166 -0.00141866 -0.00342401 -0.0031063 -0.0010988 -0.00238108 -0.00259053 -0.000697474 -0.00248884 -0.000535578 -0.00198426 -0.00316422 -0.00236987 -0.00230693 -0.00100387 -0.00296874 -0.00367382 -0.00087281 -0.00288188 -0.00257572 -0.000477239 -0.00312505 -0.00130404 -0.00367654 -0.00336331 1.22585e-05 -0.000954917 -0.000784604 -0.00409888 -0.00265287 -0.00273237 -0.000771533 -0.00224118 0.00160517 -0.00260699 -0.00478209 -0.000577544 -0.00133171 0.000506894 -0.00273302 -0.000756415 -0.000496971 -0.000650243 -0.0013683 -0.000175225 -0.00091602 -0.0017716 -0.000980797 -0.0017153 
-0.00264525 -0.00209812 -0.00142322 -0.000651069 0.000258672 -0.00300812 -0.00125049 -0.003804 -0.00402333 0.000707292 -0.00318042 -0.00047797 -0.00602194 0.00146311 -0.00293547 -0.0019699 -0.0057395 0.000613191 -0.0102872 -0.0104589 -0.0121354 -0.00117773 -0.00304698 0.00170603 -0.00529004 -0.00258835 0.230624 0.00251889 -0.00168307 0.000249317 -0.00106112 -0.00270433 -0.00737817 -0.00400952 -0.00243543 -0.00355564 -0.00187169 -0.0037131 -0.00110657 -0.000801832 -0.00387617 -0.00117848 -0.00185519 -0.00110825 -0.00426534 -0.00228807 -0.00188069 -0.000224542 -0.00171684 -0.00224618 -0.00232695 -0.00127751 -0.00319555 -0.00468337 -0.00143559 -0.00197159 -0.000727768 -0.00314216 -0.00293605 -0.00279602 -0.0026763 -0.00267487 0.000310982 -0.00215591 -0.00161852 -0.00203633 -5.89388e-05 -0.00299813 -0.00160343 -9.80862e-05 -0.0014199 -0.00103009 -0.00110412 -0.00306241 -0.00331399 -0.00424094 -0.00301928 -0.00148616 -0.00165752 -0.00122957 -0.00215284 -0.00326067 -0.00209041 -0.00170004 -0.00147897 -0.00160767 -0.00169803 -0.0015666 -0.00439992 -0.00359888 -0.0013477 -0.00287692 -0.00162138 -0.00242298 -0.00176349 -0.00200182 -0.00179438 -9.64879e-05 -0.00155017 -0.00227146 
-0.0016592 -0.000686264 -0.00132499 -0.00356592 -0.00246841 -0.00388109 0.000451449 -0.0048597 -0.000663789 -0.00651399 -0.00152486 -0.00429031 -0.00404481 -0.00854023 -0.000300015 -0.0102294 0.0014407 -0.00905345 -0.0090868 -0.00339207 -0.0055235 -0.00773289 -0.00601196 -0.00185721 0.0028252 -0.00218952 0.00251889 0.206089 -0.00423134 1.20425e-05 0.00174201 -0.00217324 -0.00122481 -0.000924417 -0.00490432 -0.00391115 -0.000899378 -0.00352084 -0.00237484 -0.00152048 -0.00311226 -0.00158677 -0.00307121 -0.00202044 -0.00194619 -0.00350837 -0.00322237 -0.00317492 -0.000934038 -0.00259766 0.00119429 -0.00199104 -0.00161077 -0.0029043 -0.000568731 -0.00333556 -0.0019832 -0.00302874 -0.00147749 -0.00167657 -0.00187487 -0.00163848 -0.000417012 -0.00136651 -0.00119283 -0.00262106 -0.00137895 0.000560848 -0.00128675 -0.00226844 0.0011364 -0.00261062 -0.00176202 -0.00214526 0.000375147 0.00117077 -0.000261338 -0.000522879 0.00030468 0.000337901 -0.00140509 -0.00294554 -0.00174541 -0.000620771 -0.00300952 -0.00419417 -0.00150778 -0.00232272 -0.0012292 0.000429986 0.000377836 -0.00136245 9.10331e-05 -0.000491318 -0.0021861 -0.0023305 0.00032135 -0.00207035 -0.00273197 -0.00104425 
-0.00168492 -0.00199744 -0.00212228 -0.000506709 -0.00198198 -0.000306848 -0.00116354 -0.00161542 -0.00184039 -0.00336394 -0.00060539 -0.00270971 -0.00679818 -0.00315319 -0.000920177 -0.00401184 0.0005625 -0.00406189 -0.00765145 -0.00523534 -0.00329829 -0.00774134 -0.0115519 -0.00351651 -0.00707859 -0.00417922 -0.00168307 -0.00423134 0.171683 -0.00534889 0.00133306 0.00272653 -0.00153837 0.00224369 -0.00195262 -0.000758058 -0.00229588 -0.000857969 0.000255289 -2.30923e-05 -0.00130215 -0.00143079 -0.000607988 -0.00202599 -0.00194923 -0.000919904 -0.000457208 -0.00171022 -0.00197832 -0.00171458 0.00014492 -0.00106226 -0.00129825 -0.000135258 -0.000513556 -0.000635617 -0.00134623 -0.00236964 -0.00115061 -0.00275175 -0.001969 -0.000632597 -0.00179715 -0.00156048 -0.000418913 0.00019514 -0.000130413 -0.000179677 -0.00135423 -0.000282555 -0.00179896 0.000361866 -0.00136078 0.000541144 -0.000595574 -0.000621344 -0.000817385 -0.00216934 -0.00119232 -0.000885825 -0.00152948 -0.00123792 -0.0017744 -0.000956402 -0.00206694 -0.00360502 -0.00040697 -0.00261767 -0.00121891 -0.00192627 -0.00190103 -0.000307066 -0.00130202 -0.00107022 -0.00225692 -0.00023602 -0.00273445 -0.000463689 -8.72242e-05 -0.00143645 
-0.000917276 5.22555e-05 -0.00169512 -0.00156845 -0.00118121 -7.37764e-05 -0.00186165 -0.0013607 -0.000267415 0.000178024 -0.00111805 -0.00138596 -0.00585875 -0.00208108 -0.0061001 -0.00116303 -0.00622377 -0.00580058 -0.00360625 -0.00669868 -0.0037987 -0.00837285 -0.00235148 -0.00361379 0.00110291 -0.000570728 0.000249317 1.20425e-05 -0.00534889 0.157002 -0.000467876 0.000289701 -0.00154339 -0.000939479 -0.00342968 -0.000660537 -0.00152264 -0.00106372 0.000675456 -0.000177421 -0.000674332 -0.00132954 -0.00130175 -0.0016408 -0.00187877 -0.00093442 -0.00143392 -0.000140272 -0.000896405 -0.00167695 -0.00136906 -7.84624e-05 -0.00179525 -0.00103708 -0.00139347 -0.000905935 -0.00125043 -0.00314428 -0.00074067 -0.000713321 -0.000967884 0.000231425 -0.00106047 -0.0019143 -0.000495263 -0.000603038 -0.00156111 -0.00244643 -0.00193081 -0.00100778 -0.000511288 -0.00198112 -0.000895552 -0.00224831 0.00116825 -0.00126625 -0.00326482 -0.00304614 -0.0014921 -0.00200426 -0.00239957 -0.00120854 -0.00196224 -0.00261875 -0.00180145 -0.00085108 -0.000645125 -0.00148199 -0.000986809 -0.000994886 -6.29959e-05 -0.00126595 -0.000579187 -0.000848637 -0.00187189 -0.00051269 -0.0007449 -0.0027272 -0.00164419 0.000101896 
-0.0015756 -3.73687e-05 -0.000691228 -0.00254795 -0.00135896 -0.00150806 -0.00141322 0.00297454 -0.00189619 -0.00279383 -0.00382034 -0.00208631 -0.00435371 0.00077467 -0.00465176 -0.00507252 -0.00250361 -0.00253308 -0.00947396 -0.00304935 -0.00192689 -0.00512655 -0.00870828 -0.000653856 -0.000479629 -0.00324942 -0.00106112 0.00174201 0.00133306 -0.000467876 0.145937 0.000146085 -0.000482912 0.000668074 -0.00113401 2.97539e-05 -0.00117057 -0.00125972 -0.00279042 -0.00114254 0.00034355 -0.00226931 -0.000936885 -0.000774541 -0.00133641 -0.00140833 -0.00177421 -0.00077606 -0.00181505 -0.000714351 -0.00048777 -0.000812979 -0.00125022 -0.00049242 -0.000958959 -0.00308893 -0.00147078 -0.000399981 -0.00267487 -0.00144654 -0.00155223 -0.000405076 -0.00162767 -0.00183015 -0.00187905 -0.00238148 0.00130986 -0.000785932 -0.00217841 -0.00135426 -0.00224275 -5.83637e-05 -0.00270089 -0.00112177 -0.00160982 -0.00232514 -0.00155294 -0.00253096 -0.00243789 -0.00167607 0.000651959 -0.00175227 -0.000519765 -0.000439861 -5.65365e-05 -0.00262569 -0.000356524 -0.00197383 -0.000894237 -0.0027518 -0.0018596 -0.00104202 -1.83811e-05 -0.000428108 -0.00182142 -0.000510022 -0.00105672 4.77334e-05 -0.000164827 0.000473161 
-0.000533204 -0.000965654 -0.00175144 -0.000274588 -0.00194303 -0.000969271 -0.00116777 -0.00178961 -0.000747338 -0.00261994 6.61281e-05 -0.00186926 -0.00421267 -0.00237987 -0.0015006 -0.00011204 -0.00512948 -0.00386933 -0.0028173 -0.00372274 -0.00655252 0.000183381 -0.00329723 -0.00433424 -0.00597354 -0.00348387 -0.00270433 -0.00217324 0.00272653 0.000289701 0.000146085 0.129103 -2.44499e-05 -0.00162494 -0.000735426 -0.00243942 0.000513305 -0.00201418 -0.00112528 -0.00169738 -0.000927497 -0.00083338 -0.0001512 -0.00219562 -0.0021254 2.89074e-06 -0.000923117 -0.000655577 -0.000124382 0.000331138 -0.00125503 -0.000450754 -0.000928943 -0.000974113 -0.000648861 -0.00068828 -0.00174372 -0.00125675 0.000200201 -0.00218809 -0.000839975 -0.00137792 -0.000263103 -0.00028444 -0.00030014 -0.000218962 -0.000641987 -0.00128636 -0.00267728 -0.00155415 -0.000411032 -0.000834108 -0.0014159 -0.00146889 0.000509556 -0.00117001 -0.00161827 -0.00060274 -0.000463172 -0.00105917 -0.00127793 -5.22794e-05 -2.38135e-05 -0.00029153 -0.00172059 -0.000426281 -0.00129588 -0.00186829 -0.0017995 -0.000761114 -3.06795e-05 -0.00186654 -0.000152864 -0.00174217 -0.00107299 -0.00151865 -0.00184806 -0.00169526 -0.00100211 -0.000512197 
