0.0981261 -0.000454908 0.000629154 -0.00139188 0.00019702 3.10803e-05 -0.000502171 -0.0013311 -0.000568589 -0.00175592 8.81599e-06 -0.000912513 -0.000204885 -0.00143736 -0.00232844 0.00131436 -0.00505939 -0.00167111 0.000884297 0.000440257 0.000839534 -0.00580656 -0.00326203 -0.000882764 -0.00230127 -0.00570669 -0.00292056 -0.000839562 -0.00313813 -0.00182199 -0.00187531 -0.00102366 -0.000903327 -0.00114313 -0.0010922 -0.000694498 -0.00120879 -0.00102053 -0.00021725 -0.00120638 -0.00145731 -0.000745446 -0.00046996 -0.00115634 -0.000722881 -0.000943511 -0.000603388 -0.00125264 -0.000847894 -0.000191683 -0.000920218 -0.000777207 -0.00101443 -0.00158222 -0.00105162 -0.000926596 -1.05268e-05 -0.0010956 -0.000702517 5.49056e-05 -0.000725742 -0.000508015 -6.48379e-05 -0.0003456 -0.00151683 -0.00163413 -0.000902543 -0.00106673 -0.000634912 -0.000986205 -0.0011847 -0.000827289 -0.00103794 -0.00128175 -0.000558767 -0.000636623 -0.000927064 -0.00193044 -0.000301574 -0.00107305 -0.00088393 -0.00084294 -0.00074452 -0.000956976 -0.00117955 -0.000897532 -0.000949501 -0.000145718 -0.00068562 -0.000821936 1.03287e-05 0.000131068 -0.00151623 -0.00066207 -0.000381432 -0.00122348 -0.000332451 -0.000827952 -0.000755197 0.000439732 
-0.000454908 0.0808051 -0.00119632 -0.000656116 0.000351131 -0.000338828 -0.00014043 -0.000972363 -4.75412e-05 -0.0027643 -0.000919779 -0.000546472 -0.000903009 -0.00237245 -0.00157057 -0.00221657 -0.00222114 -0.00164903 -0.00299642 -0.0037712 -0.00370162 -0.00330656 -0.00107731 -0.00235725 -0.0021575 -0.00377405 -0.00165533 -0.000354361 -0.00121028 -0.00104531 -0.000118721 -0.000896099 -0.000204272 -0.000538892 -0.000697643 -0.00101256 -0.000653099 -0.000670583 -0.00137567 2.33287e-05 -0.000160875 -0.00149002 -0.000922873 -0.000255177 -0.000773677 -0.000303832 -0.000199922 0.000288492 -1.87766e-05 -0.000127575 -0.000453107 -0.000376742 -0.000305518 -0.000320272 -0.000428378 -0.000475218 -0.00070521 0.000180999 -0.000637912 -0.000343106 0.000117479 -0.000514037 -0.00136998 -0.000805865 -0.00114366 0.000146562 -0.000469481 -0.000598934 -0.000164817 -0.00104596 -0.000421824 -0.000424478 -0.00136865 -3.31767e-05 -0.000671196 0.000128157 -0.000408737 -0.000836517 2.25794e-05 -0.000570909 -0.000982809 -0.000762495 -4.80521e-05 -0.000875459 -0.000848883 -0.000724741 -0.000998509 -0.00052556 -0.000355945 -0.00118629 -0.00071632 -0.000671907 -0.000722947 -0.000261722 -0.000490645 0.000279632 7.64321e-05 -0.000410384 4.77637e-05 -0.000194074 
0.000629154 -0.00119632 0.0920367 -0.000208554 -0.000199742 -0.000710376 -0.00210429 -0.000861679 -0.00179963 -0.000766457 -0.0012722 -0.00261788 -0.00260361 -0.00216059 -0.00303235 -0.00066207 0.000496744 -0.0025364 -0.00120505 -0.00136009 0.000390804 -0.00296045 -0.00193266 2.37508e-05 0.000968724 -0.00210084 -0.00329067 -0.00222407 -0.00289837 -0.00178396 -0.00190467 -0.00241636 -0.00174856 -0.00114205 -0.000952643 0.000750534 -0.000640413 -0.00128256 -0.00054053 1.63683e-05 -0.000665635 -0.00124318 -2.07314e-05 -0.00070689 -0.00126801 -0.00140894 -0.000731378 -0.0013386 -0.000808204 -0.000388678 -0.000454685 -0.00110739 -0.000370691 -0.00105792 -0.00189427 -0.000388447 0.00012627 -0.00074216 -0.000975624 -0.000889635 -0.00102925 -0.000518343 -0.00162512 -0.00100704 -0.000469537 -0.00101193 -8.11935e-05 -0.000936366 -0.000979523 -0.00133573 -0.000652158 -0.000399492 -0.000704641 -0.00133362 -0.000364945 -0.000394769 -1.78582e-05 -0.000748893 -2.03033e-05 -0.000531265 0.000520384 -0.000512926 -0.000710571 -0.000453044 -0.000712739 -0.000683821 -0.000315477 -0.000642836 -0.000538896 -0.000127768 -0.000880939 -0.000926366 -0.00108161 -0.00100032 -0.000168125 -0.000603232 -0.00103723 -0.000508045 -0.000271624 -0.00104472 
-0.00139188 -0.000656116 -0.000208554 0.0833165 -2.98502e-05 -0.000129194 -0.000907368 -0.000118613 -7.36622e-05 -0.000904262 -0.00191829 -0.00100301 -0.00316854 -0.00171313 -0.00158565 -0.00401017 -0.0023671 -0.00116268 -0.00133494 -0.00211865 -0.00402187 -0.00325704 -0.00160643 -0.000294489 0.000523009 -0.00105208 -0.00413211 -0.00191644 -0.0029273 -0.00206183 -0.00326052 -0.00237843 -0.00147114 -0.00243692 -0.000160439 0.000730952 -0.000449199 -0.000549928 -0.000952397 -0.000305577 -0.000420957 -0.000334077 -0.000824571 -0.000403642 -0.000835702 -0.000441924 -0.000475464 3.24547e-05 -0.00128304 -0.000285774 0.00029168 -0.00088588 -0.000528015 -6.314e-05 -0.000762786 -0.000585076 -0.000701266 -0.00116201 -0.000151636 -0.000503589 -0.000860351 7.66214e-05 -0.000597229 -0.000896888 -0.000477465 -0.000549637 -0.000569265 -0.000576325 -0.00044592 -0.000125017 -0.000569386 -0.000320893 -0.000315144 -0.000324902 -0.00137967 -0.000321184 -0.000943026 0.000350548 0.000813598 -0.000255451 -0.000537871 -0.000653569 -0.000218658 -0.000326394 -0.000404979 -0.000556643 -0.000810249 0.000655487 -0.000616112 -0.000561963 -8.17823e-06 -0.000285413 -9.60335e-05 -0.000433411 -7.38126e-05 -0.000987743 -0.000204024 -0.000330832 -0.00101538 -0.000457487 
0.00019702 0.000351131 -0.000199742 -2.98502e-05 0.081117 -0.000202232 -0.000739697 -0.000453482 -0.000282245 -0.000711177 -0.00110307 -0.00263567 -0.00100998 -0.00136154 -0.0024488 -0.00474655 -0.0012826 -0.00336359 -0.0015496 -0.00419878 -0.00132742 -0.00273859 -0.00384358 -0.00144836 -0.00206869 -0.00402245 -0.00204883 -0.00201697 -0.00144516 -0.00224306 4.86298e-05 -0.00194425 -0.00143842 -0.00104405 -0.00039569 0.00024092 -0.000354197 -0.00118176 4.57652e-05 -0.000234479 -0.00100044 -6.80615e-05 -0.000141014 0.000179634 -0.000787976 0.000761274 -0.00101196 -0.000360115 8.85185e-05 -0.000836567 -0.000333882 -0.000364872 -0.000392453 7.48797e-05 -0.00118816 1.11796e-05 -7.16242e-05 -0.00103336 -0.000702233 -0.000737406 0.000169059 -0.000656739 -0.000178562 -0.000262986 -0.000597967 -0.00106822 -0.000380977 -0.00100914 -0.000303433 -0.00153087 -0.000741101 -0.000183681 -0.00082195 -0.000283623 -0.000700681 0.000190744 -0.000457323 -8.70896e-05 0.000274568 -0.000331127 -0.000554649 -0.00070309 0.000224801 -0.000202108 -0.000835489 0.000478039 0.000566164 -0.000283275 -0.000964355 -0.000707976 0.000163571 -0.000722865 -0.000803999 -0.000593293 -0.000895022 -0.000677257 -0.00060013 -0.00114492 -0.000628468 -0.000125786 
3.10803e-05 -0.000338828 -0.000710376 -0.000129194 -0.000202232 0.0746563 0.000706339 6.33085e-06 -0.000262354 -0.00141786 -0.000218236 0.000153056 -0.00117784 -0.000874971 6.74743e-05 -0.00477468 -0.00149183 -0.00484096 -0.002374 -0.00286375 -0.00280295 -0.00166015 0.00150514 -0.00284433 -0.00386737 -0.00316803 -0.00136385 -0.00197925 -0.00152576 -0.00164278 -0.000498548 -0.0028664 -0.000565856 -0.000254238 -0.000585875 0.000484973 -0.000909781 -3.39498e-05 -0.00135636 -0.00041657 -0.000485263 -0.00033741 -0.00043858 -0.000746353 7.59368e-05 0.00025823 -0.000250866 -0.000439528 -0.000540005 -0.000884446 -0.000474552 -0.000449599 -0.00063596 -0.000179742 2.91892e-05 -0.000365807 -0.000338659 -0.000312366 -0.000110801 0.000610056 -0.000717451 -0.000536408 -0.00015484 -0.00106534 -0.000554464 -6.74166e-05 -0.000105496 -4.03787e-05 -0.000801487 -0.00111341 -0.000820018 -0.00017062 -0.00014794 -0.000590181 -0.00103651 -0.000280242 -0.000436828 -0.000554029 -0.000492381 -2.43618e-05 -0.000408223 0.00029938 -0.00102085 -0.00136437 -0.000760037 -0.00104649 -0.000933189 -0.000543551 -0.000468528 -0.000742631 -0.000622983 -1.66014e-05 -5.70265e-05 -0.000462767 -0.00100314 -8.70009e-05 -0.000659401 -0.000215516 -0.000759865 -0.000992458 
-0.000502171 -0.00014043 -0.00210429 -0.000907368 -0.000739697 0.000706339 0.105039 -0.000308805 0.00143488 -0.00083732 -0.000423405 -0.00192434 -0.00233566 -0.00199457 -0.00234364 -0.00353554 -0.001365 -0.00201095 -0.00210856 -0.00213115 -0.00377356 -0.00106171 -0.00198851 -0.00428649 -0.00407776 -0.00124791 -0.00556815 -0.000673551 -0.00113624 -0.00206734 -0.00105619 -0.00115135 0.000358805 -0.00070207 -0.000611071 -0.00100163 -0.00148542 -0.00193622 -0.000884492 -0.000944987 -0.001499 -0.00172849 -8.35042e-05 -8.91016e-05 -0.00122445 -0.000179055 -0.00141896 -0.00068387 -0.00056 -0.00055144 -0.0016441 0.000204703 -0.000637311 -0.000665262 -0.00173904 0.000813641 -0.000487677 -0.00116861 0.000349654 -0.000978801 7.31434e-05 0.000354436 -0.000705532 0.000118299 -0.000981201 -0.000172132 -0.000278892 -0.00104496 -0.00123574 -0.00105894 -0.000749534 -0.00226734 -0.000426958 1.357e-05 -0.00181634 -0.000844292 0.000104364 -0.000301998 -0.00107495 -0.000200773 -0.00263646 -0.00115406 -0.00102971 -0.00150086 -0.00119023 -0.000562835 -0.000489521 -0.000991267 -0.00124421 -0.00122384 1.15022e-05 -0.000697553 -0.000203795 -0.000596907 -0.00205862 -0.000213568 -0.000701486 -0.00118858 -0.00161346 -0.000419109 
-0.0013311 -0.000972363 -0.000861679 -0.000118613 -0.000453482 6.33085e-06 -0.000308805 0.10462 0.000220369 -0.00132411 -0.000767802 -0.000293816 -0.000555796 0.000805504 -0.00441973 0.000789928 -0.00129694 -0.00206133 -0.00604076 -0.004336 -0.00378438 0.000626351 -0.00534184 -0.00285106 -0.00386155 -0.00110312 -0.00232653 -0.00131887 0.000827543 -0.0027436 -0.00158869 -0.00090609 -0.00172821 -0.00165737 -0.000668782 0.000183484 -0.000674226 -0.000971478 -0.00155379 -0.000131102 -0.00135832 -0.000886275 -0.000347003 -0.000462722 -0.00126668 -0.00141847 -0.00115308 -0.00152723 -0.000577229 -0.001507 -0.00125697 -0.000578098 0.000222793 -0.0014625 -0.00118154 -0.000756408 -0.000681272 -0.000938394 -0.000102281 -0.00118646 -0.000545097 -0.000648079 -0.00105405 -0.000947663 -0.000738052 -0.00045534 -0.000948889 -0.00086271 -0.00158702 -0.00119795 -0.00137685 -0.001493 -0.00161071 -0.00142721 0.000202992 -0.000485303 6.55683e-05 -0.000527047 -0.000358073 -0.00116564 0.000112218 -0.0010511 -0.000896231 -0.0006014 -0.000634892 -0.000899589 6.71085e-05 -0.0012387 -5.32799e-05 -0.000566516 -0.000672228 -0.000815851 -0.00154958 -0.000579729 -0.000990491 9.03781e-05 6.1527e-05 -0.00154681 -0.00117098 -0.00120521 
-0.000568589 -4.75412e-05 -0.00179963 -7.36622e-05 -0.000282245 -0.000262354 0.00143488 0.000220369 0.105894 -0.000564318 -0.00026353 -0.000385981 -0.000771954 -0.00233507 -0.00200892 -0.00127798 -0.00382563 -0.00464188 -0.00345817 -0.00286961 -0.00566926 -0.00486876 -0.00357116 -0.000961426 -0.00269115 -0.00226064 -0.00177494 -0.00219177 0.00013173 -0.00197493 -0.000352089 -0.00314536 -0.00217383 -0.00058495 -0.0015056 -0.000391595 -0.00122613 -0.00105077 -0.00126596 -0.00113204 -0.00272355 -0.000310035 -0.00144755 -0.00102511 0.000211275 -0.00158191 0.000647255 -0.00138471 -0.000641865 -0.000796938 -0.000570153 -0.000128898 -0.00195614 -0.000142603 -0.000161966 -0.000156889 0.000311364 -0.000908645 -0.000237656 -0.000598111 -0.000741232 -0.000781031 -0.00126865 -0.000665704 9.44295e-05 -0.00110062 -0.00119896 0.000215008 -0.000690057 -0.00101747 -0.000567198 -0.000504681 0.000406868 -0.00136244 -0.000611585 -0.00112636 -0.000383719 -0.00121499 -0.000473679 -0.00130429 -0.000315424 7.77304e-05 -0.000653855 -0.00139349 -0.000704373 -0.000586871 -0.000368204 -8.83247e-05 -0.00189406 -0.00119128 -0.000130277 -0.000346959 -0.00215817 -0.000725177 -0.00098248 -0.000480314 -2.51627e-05 -0.00118557 -0.000840825 -0.00155974 
-0.00175592 -0.0027643 -0.000766457 -0.000904262 -0.000711177 -0.00141786 -0.00083732 -0.00132411 -0.000564318 0.148465 -0.00210893 -0.00296518 0.00133096 -0.000484617 -0.0036448 -0.0108835 -0.000825723 -0.00144322 -0.00318218 -0.00392643 -0.00061147 -0.000642846 -0.00162854 -0.00291662 -0.00361814 -0.00257645 -0.00100601 -0.00113344 -0.00422618 -0.00260738 -0.00211087 -0.00113354 -0.00240705 -0.00162973 -0.000680055 -0.000951215 -0.0023827 -0.00184578 -0.000514309 -0.00314914 -0.00162156 -0.000707981 -0.00244649 -0.000682919 -0.00132603 -0.000229222 -0.00113143 -0.00158217 -0.00192399 -0.00204799 -0.00104293 -0.000997288 4.56875e-06 0.000681266 -0.00177365 -0.00154341 2.03399e-05 -0.00164854 -0.000345814 -0.00111273 -0.00186362 0.000277044 -0.00178385 0.000437854 -0.000564545 -0.000669921 -0.00078789 -0.0010884 -0.0029853 -0.000496937 -0.00127633 -0.00105612 -0.0021297 -0.00240672 -0.000510482 -0.000570432 -0.00186727 -0.00169368 -0.000872723 -0.00110691 -0.00244519 -0.00149978 -4.022e-05 -0.00128928 -0.00205284 -0.00303705 -0.000954493 -0.000858918 -0.000209896 -0.00384563 -0.00204572 -0.000798516 -0.000980003 3.16698e-05 -0.00207597 -0.000509031 -0.00202491 -0.00141966 -0.000782964 -0.000201903 
8.81599e-06 -0.000919779 -0.0012722 -0.00191829 -0.00110307 -0.000218236 -0.000423405 -0.000767802 -0.00026353 -0.00210893 0.141445 -0.00278408 -0.00104658 -0.000245941 -0.0031017 -0.00259996 -0.00130523 0.000846659 -0.00456851 -0.00255849 -0.00640857 -0.00336532 -0.00728319 -0.00515864 -0.00579194 -0.00173618 -0.00261918 -0.00204137 -0.00200678 -0.0035652 -3.11465e-05 -0.00175919 -0.00163443 -0.00107223 -0.000738374 -0.00260637 8.07737e-05 -0.00118249 -0.0012557 -0.00143153 -0.00119777 -0.00074398 -0.00151396 -0.000464553 -0.000118936 -0.000538073 -0.00132903 -0.001722 -0.00015595 -0.00203618 0.000635789 -0.000143576 0.000136058 -0.00176608 -7.59553e-05 -0.00210519 -0.000894994 -0.00119965 -0.000814133 -0.00122282 -0.000656216 -0.00148131 -0.00172298 -0.000899647 -0.00172103 -0.00169583 -0.00157187 0.00130872 -0.00082561 -0.00209321 -0.000106467 -0.000748578 -0.00166834 6.14698e-05 -0.00139818 -0.00132129 -0.000955373 -0.00226555 -0.00122991 -0.00211305 -0.00124775 -0.000857799 -0.000858596 -0.00122695 -0.00295243 -0.00239308 0.000419606 -0.00146136 -0.000980145 -0.00038374 -0.00154826 -0.00135603 -0.000966748 -0.000852364 -0.000785459 -0.00098226 -0.00153669 -0.00100333 -0.000840975 -0.00129762 
-0.000912513 -0.000546472 -0.00261788 -0.00100301 -0.00263567 0.000153056 -0.00192434 -0.000293816 -0.000385981 -0.00296518 -0.00278408 0.162586 -0.000558206 -0.00517617 0.00321366 -0.000867077 -0.000396049 -0.00335096 -0.00163673 -0.00413188 -0.00525286 -0.00539109 -0.0055332 -0.00385396 -0.00447927 -0.00454842 -0.00289923 -0.00174302 -0.00496451 -0.00335356 -0.00243614 -0.00385428 -0.00290239 -0.000584327 -0.00242183 -0.000903163 -0.000924269 -0.000390464 -0.00142924 0.00034612 -0.00209053 -0.00181808 -0.00260073 -0.00197045 -0.00110765 -0.0017149 -0.000494262 0.00081629 -0.000853946 -0.000290044 -0.00102278 -0.000899331 -0.00189313 -0.00267289 -0.000500286 3.01125e-05 -0.00189002 -0.00127939 -0.00178482 -0.000506127 -0.00113421 -0.0016559 -0.00211842 -0.0013433 -0.00222304 -0.00192678 0.000167971 -0.00030342 -0.00119281 -0.00146758 -0.000701666 -0.000326217 -0.0017273 -0.000406221 -0.00225284 -0.0014549 -0.0015139 -0.000287955 -0.000532629 -0.00124835 -0.00231887 -0.00114397 -0.00122451 -0.00132983 -0.00040722 -0.00169352 -0.00222242 -0.00158142 -0.00196903 -0.000233336 -0.00150688 -0.000959478 -0.00035529 -0.00166677 -0.0017025 -0.00213405 -0.0014483 -0.00259005 -0.000571304 -0.000996671 
-0.000204885 -0.000903009 -0.00260361 -0.00316854 -0.00100998 -0.00117784 -0.00233566 -0.000555796 -0.000771954 0.00133096 -0.00104658 -0.000558206 0.176864 -0.00157345 -0.00283097 -0.0050637 -0.00940239 -0.00240626 -0.00304974 -0.00504524 -0.0067283 -0.00628102 -0.00521232 -0.0031463 -0.00713513 -0.00294859 0.000348334 -0.00180215 -0.00551164 -0.000736329 -0.00312112 -0.000711703 -0.00260826 -0.00384045 -0.00323593 -0.0017719 -0.00251652 -0.00175912 -0.00444419 -5.76e-05 -0.000907001 -0.00115439 -0.00147012 -0.000847057 -0.00138521 -0.00201531 -0.00120677 -0.00132813 -0.00119436 -0.000250955 -0.000953658 0.000709987 -0.00146164 -0.000705692 0.000412325 -0.00215809 -0.000723155 -0.000640834 0.000540783 -0.000812207 -0.00127369 -0.00144944 0.000221211 0.000875319 -0.000466332 -0.000945162 -0.00128149 -0.00204628 -0.000884325 -0.000749815 -0.00281161 -0.00193519 -0.00153026 -0.00136706 0.000502975 -0.00231013 -0.00212462 -0.00103285 -0.00282053 -0.000478784 -0.000229681 -0.00280756 -0.00269253 -0.00329707 -0.000590548 -0.00285795 0.000413134 -0.000637 -0.00154036 -0.000423148 -0.00145331 -0.00193248 -0.00175207 -0.00122624 -0.000551437 -0.00215663 -0.000257216 -0.00180487 -0.00124969 -0.00276024 
-0.00143736 -0.00237245 -0.00216059 -0.00171313 -0.00136154 -0.000874971 -0.00199457 0.000805504 -0.00233507 -0.000484617 -0.000245941 -0.00517617 -0.00157345 0.188134 3.58145e-05 -0.00670853 -0.00855907 -0.00247256 -0.00228024 -0.00591445 0.00121934 -0.0109074 -0.00312472 -0.00915522 -0.00615279 -0.00481587 -0.00445522 -0.00278748 -0.00651057 -0.00292934 -0.00363972 -0.00365927 -0.0011973 -0.00320205 -0.0014589 -0.000116899 0.000124057 -0.00180844 -0.00141013 -0.00145998 -0.00245363 0.000213856 -0.00173432 -0.00165756 -0.00181772 -0.00143897 -0.00246405 -0.00171398 -0.00288887 -0.002194 -0.00202095 -0.00165675 -0.00213563 -0.000954491 -0.000517842 -0.00216745 -0.000584864 -0.00123798 -0.00117747 -0.00158938 -0.000227246 -0.00164073 -0.000207134 -0.000964879 -0.00233018 -0.000836864 -0.000984244 -0.000469537 -0.000464 -0.000290193 0.000449133 -0.000849514 -0.00325172 -0.00510738 0.000255134 2.07628e-05 -0.00208942 -0.00161702 0.00115649 -0.000228222 -0.00064256 -0.0014696 -6.3136e-05 -0.00173527 -0.000903281 -0.000633995 -0.00171601 -0.000725422 -0.00161413 -0.00184691 -0.00126296 0.000796171 -0.0023534 -0.000999692 -0.00064033 -0.00164128 -0.00139385 -0.00080821 -0.00197061 -0.000369471 
-0.00232844 -0.00157057 -0.00303235 -0.00158565 -0.0024488 6.74743e-05 -0.00234364 -0.00441973 -0.00200892 -0.0036448 -0.0031017 0.00321366 -0.00283097 3.58145e-05 0.223465 -0.00480751 -0.000226163 -0.00476166 -0.0111244 -0.0038346 -0.007288 -0.00490585 -0.00463796 -0.00431421 -0.00074566 -0.00773238 -0.00195724 -0.00352381 -0.00748572 -0.00563933 -0.00420572 -0.00175592 -0.00137172 -0.00164676 -0.00351215 -0.00486186 -0.00184729 -0.00269435 -0.00418502 -0.00292292 -0.00192464 -0.00445254 -0.00128942 -0.00196668 -0.0019673 -0.00210052 -0.00242358 -0.000361057 -0.00222896 -0.00120769 -0.00129139 -0.00122589 0.00034092 -0.00041534 -0.00109642 -0.00161058 -0.000480664 0.000793381 -0.00258604 -0.0023025 -0.00125661 -0.00246735 -0.000758243 -0.00199618 -0.00362413 -0.000645674 -0.000930424 -0.00312275 -0.00238031 -0.000534721 -0.00319176 -0.00267898 -0.00192616 -0.00360034 -0.00160843 -0.00155401 -0.00284821 -0.00181978 -0.0022939 -0.00212658 -0.00294519 -0.000141042 -0.00249022 0.00211344 0.000611685 -0.00058451 -0.000868371 0.000676247 -0.00227972 -0.00143666 -0.00144936 -0.00161333 -0.000853076 -0.00192338 -0.000489499 -0.000676563 -0.00133368 -0.00299294 -0.00150596 -0.00413416 
0.00131436 -0.00221657 -0.00066207 -0.00401017 -0.00474655 -0.00477468 -0.00353554 0.000789928 -0.00127798 -0.0108835 -0.00259996 -0.000867077 -0.0050637 -0.00670853 -0.00480751 0.241312 0.00219441 0.002634 -0.0019335 0.00885516 -0.00595484 -0.00547594 -0.00499545 -0.00412488 -0.00376 -0.00640312 -0.00467035 -0.0116766 -0.00536183 -0.00986331 -0.00440213 -0.00209182 -0.00123685 -0.00129549 -0.0042645 -0.00140696 -0.00104004 -0.00131371 -0.000783999 -0.00100634 -0.000943229 -0.00057119 -0.000136181 -0.000805944 -0.00143109 -0.00368945 -0.000158885 -0.00309183 -0.00487938 -0.00409411 -0.00229181 -0.0016366 -0.00153045 -0.00426107 -0.00249254 -0.00381136 0.000890633 -0.000431186 -0.00298148 0.000477782 -0.000943708 -0.00273097 -0.00180489 -0.00245503 -0.00276384 -0.00211888 -0.00220354 -0.00211748 -0.00418061 -0.00174743 -0.00272339 -0.00161864 -0.00243849 -0.00193452 -0.00413307 -0.00112243 -0.00379566 -0.00231283 -0.0034303 -0.0019381 -0.00257351 -0.00109787 -0.00141137 -0.000654356 -0.00123638 0.000919945 -0.0023686 -0.00243926 -0.00417965 -0.000258042 -0.000420815 -0.00227468 0.00135159 -0.00303096 -0.0019402 -0.00173868 -0.00292626 -0.00334981 -0.00287542 -0.00299718 
-0.00505939 -0.00222114 0.000496744 -0.0023671 -0.0012826 -0.00149183 -0.001365 -0.00129694 -0.00382563 -0.000825723 -0.00130523 -0.000396049 -0.00940239 -0.00855907 -0.000226163 0.00219441 0.241999 0.00199658 -0.0105494 -0.00363047 -0.00971027 -0.00308858 -0.00652739 -0.0100016 -0.00811146 -0.00233797 -0.0121337 -0.00394488 -0.0017006 -0.00597127 -0.00718358 -0.00488153 -0.00286752 -0.00249136 -0.00260178 -0.00273506 0.00167504 -0.00245892 -0.00251108 -0.00151942 0.00128026 -0.00237577 -0.00530021 -0.000858249 -0.0013415 -0.00123097 -0.00181966 -0.00322016 -0.0023195 -0.0015493 -0.00103027 -0.000879862 0.000136441 0.000220629 -0.00185348 -0.00327492 -0.0014879 -0.000789422 -0.00155858 -0.00129074 -0.00168822 -0.00166914 -0.00152837 -0.0016901 -0.00166591 -0.000444102 -0.00120699 -0.00150905 -0.00513268 -0.00254406 -0.00239615 3.51371e-05 -0.00135135 -0.00322503 -0.00214772 -0.00192067 -0.00299563 -0.0010005 -0.00263893 -0.00340404 -0.00293545 -0.00193077 -0.00092957 -0.00183471 -0.00428702 -0.000644834 -0.00237275 -0.00160163 -0.00171231 -0.00112333 -0.00239127 -0.00122339 -0.000947477 -0.00103785 -0.00267436 0.00108415 -0.00372495 0.000614807 -0.00162088 0.000180193 
-0.00167111 -0.00164903 -0.0025364 -0.00116268 -0.00336359 -0.00484096 -0.00201095 -0.00206133 -0.00464188 -0.00144322 0.000846659 -0.00335096 -0.00240626 -0.00247256 -0.00476166 0.002634 0.00199658 0.247123 -0.00329677 -0.00493972 -0.0107799 0.00259536 -0.00970269 0.0002923 -0.0060805 0.00028712 -0.0162593 -0.00470655 -0.00682789 -0.00744932 -0.00465117 -0.00281917 -0.0023995 -0.00601875 -0.00410745 -0.00569238 -0.00355698 -0.000963406 -0.00373572 -0.00374463 -0.00249558 2.03278e-05 -0.00325977 -0.00176363 -0.000117327 -0.00329888 -0.00105278 0.00107564 -0.0030092 -0.00275485 -0.00178745 -0.000859673 -0.00160142 -0.000601813 0.000281173 -0.00332331 -0.00125866 -0.00135862 -0.00167881 -0.00113314 -0.00106027 -0.00115908 -3.28739e-05 -0.00182715 -0.00262593 -0.00290326 -0.00334968 -0.000588807 -0.00184532 -0.00156145 0.0007344 -0.000976861 -0.0045558 -0.00314793 -0.00435601 -0.00266817 -0.00164471 -0.00280511 -0.00281704 -0.00262517 -0.00116394 -0.00209325 -0.00216586 -0.00220739 -0.00172374 -0.0012552 -0.0024512 -0.00379011 -0.00122666 -0.000808779 -0.00196152 -0.00145627 -0.00131247 -0.00260237 -0.00308592 -0.00107717 -0.00136807 -0.0031551 -0.00204197 -0.000929854 
0.000884297 -0.00299642 -0.00120505 -0.00133494 -0.0015496 -0.002374 -0.00210856 -0.00604076 -0.00345817 -0.00318218 -0.00456851 -0.00163673 -0.00304974 -0.00228024 -0.0111244 -0.0019335 -0.0105494 -0.00329677 0.249967 -0.00413171 0.000997035 -0.00419965 -0.00135912 -0.00621021 -0.00727686 -0.0113466 -0.00547313 -0.0073148 -0.00527348 -0.00509442 -8.6368e-05 -0.00317494 -0.00255485 -0.00254345 -0.00228104 0.000285967 0.000823015 -0.00279742 -0.0025649 -0.0011497 -0.00459654 -0.00343024 -0.00036236 -0.00173401 -0.00262287 -0.00191096 -0.00306752 7.15297e-05 -0.00287985 -0.00278702 -0.00219652 -0.00383702 -0.00367033 -0.00106381 -0.00108219 -0.00282344 -0.00147894 -0.0021492 -0.00143561 -0.000812782 -0.00134933 -0.00255929 0.000115612 -0.00271795 -0.0028084 -0.00010836 -0.00218021 -0.000371646 -0.0015998 -0.00242049 -0.00100584 -0.00216202 -0.00474586 -0.00174356 -0.00287392 -0.00143592 -6.27675e-05 -0.00108663 -0.00427528 -0.00191815 -0.00116682 -0.00412729 -0.00137112 -0.000261264 -0.00223815 -0.00160453 -0.00205488 -0.000759042 -0.00307943 -0.00116516 -0.00116573 -0.000859935 -0.00315657 -0.00149214 -0.000820589 -0.00276769 -0.00260307 -0.00210762 -0.000288014 -0.00116703 
0.000440257 -0.0037712 -0.00136009 -0.00211865 -0.00419878 -0.00286375 -0.00213115 -0.004336 -0.00286961 -0.00392643 -0.00255849 -0.00413188 -0.00504524 -0.00591445 -0.0038346 0.00885516 -0.00363047 -0.00493972 -0.00413171 0.249283 0.00471136 -0.00691806 0.00150141 -0.0048532 -0.00265367 -0.00701459 -0.00802925 -0.010329 -0.00900926 -0.00460136 -0.00660458 -0.00244378 -0.000433189 -0.00227915 -0.00305584 -0.00104025 -0.003763 -0.00276378 -0.00243668 -0.0033178 -0.000579915 -0.00226994 -0.000166917 -0.00258659 -0.00321661 -0.000453408 -0.000389968 -0.00289892 -0.00044759 -0.00483619 -0.00116024 -0.0027565 -0.00118475 -0.00220397 -0.00303564 -0.00254351 -0.00312023 -0.00212247 -0.00383488 -0.00146831 -0.00275992 -0.0018659 -0.0021184 -0.000713623 -0.00418552 -0.00175137 -0.00221748 -0.000675233 0.000159517 -0.00107133 -0.00103299 -0.00376662 -0.00079239 -0.0021971 -0.00368143 -0.00271746 -0.00204593 -0.000720818 -0.00132204 -0.00347981 0.000346425 -0.00227438 -0.00205014 -0.00414085 -0.00401753 -0.000639037 -0.00126243 -0.00198611 -0.00253091 -0.000205866 -0.0012206 -0.00179906 -0.00375529 -0.00101248 -0.00425765 -0.00297855 -0.000587077 -0.00272038 -0.00079234 -0.00336605 
0.000839534 -0.00370162 0.000390804 -0.00402187 -0.00132742 -0.00280295 -0.00377356 -0.00378438 -0.00566926 -0.00061147 -0.00640857 -0.00525286 -0.0067283 0.00121934 -0.007288 -0.00595484 -0.00971027 -0.0107799 0.000997035 0.00471136 0.24989 -0.00680667 -0.000233204 -0.00956224 4.76885e-05 -0.00594237 -0.00951174 -0.00643305 -0.00332014 -0.00298992 -0.00425353 -0.0044419 -0.00366826 -0.00355135 -0.00167131 0.000871725 -0.00320243 -3.17701e-05 -0.000300346 0.00117322 -0.00342103 -0.00184384 -0.00226558 -0.00184555 -0.00241969 -0.00233251 -0.00363143 -0.00272848 -0.00244686 -0.000810342 -0.0022998 -0.00228106 -0.000994573 -0.00353171 -0.00334191 -0.00124685 -0.00248525 -0.00255068 -0.00261619 -0.00507463 -0.000686964 -0.00164868 -0.00394431 -0.00222374 0.00044387 -0.00143302 -0.000882822 -0.00198123 -0.000409018 -0.0014785 -0.00533384 -0.00278038 -0.00161541 -0.00305298 -0.00027992 -0.000671391 -0.00226987 -0.000985889 0.000450772 -0.00158841 -0.00159068 -0.00178195 -0.00108425 -0.00135792 -0.00155099 -0.00131901 -0.00266215 -0.000300098 -0.00164425 -0.00480242 -0.00170135 -0.00260428 -0.00189479 -0.00242116 -0.000573995 -0.00464044 -0.00124776 0.00066471 -0.00224275 0.000890474 
-0.00580656 -0.00330656 -0.00296045 -0.00325704 -0.00273859 -0.00166015 -0.00106171 0.000626351 -0.00486876 -0.000642846 -0.00336532 -0.00539109 -0.00628102 -0.0109074 -0.00490585 -0.00547594 -0.00308858 0.00259536 -0.00419965 -0.00691806 -0.00680667 0.248129 -0.00604464 0.00261306 -0.00653738 0.000374482 -0.00644382 0.00258199 -0.00274578 -0.0106646 -0.00352089 -0.00707163 -0.00242169 -0.000659926 0.000188067 -0.00324619 -0.00237402 -0.00385377 -0.0015606 -0.00207163 -0.000619575 -0.00266098 -0.00322408 -0.00240935 -0.000513234 -0.00206174 1.63489e-05 -0.000402674 0.000408239 -0.00127929 -0.00292812 -8.35722e-05 -0.000206172 -0.00202916 -0.000734973 -0.00354298 -0.000476473 -0.00177358 -0.0003754 -0.000194646 -0.00070382 -0.00362325 -0.00341192 9.05598e-05 -0.00183052 -0.00144886 -0.00143751 0.000235227 0.000261627 -0.0052682 -0.00251914 -0.00141412 0.000621808 -0.00170385 -0.00148532 -0.00415585 -0.00292288 0.000625349 -0.00135298 -0.00409594 -0.00468343 -0.00143427 -0.00287484 -0.00495976 -0.00293776 -0.00131642 -0.0021872 -0.00437823 -0.00393699 -0.00381391 -0.00121918 -0.00317582 -0.000638368 -0.00298429 -0.00257554 -0.0027923 -0.00395923 -0.00105587 -0.00208399 -0.000611042 
-0.00326203 -0.00107731 -0.00193266 -0.00160643 -0.00384358 0.00150514 -0.00198851 -0.00534184 -0.00357116 -0.00162854 -0.00728319 -0.0055332 -0.00521232 -0.00312472 -0.00463796 -0.00499545 -0.00652739 -0.00970269 -0.00135912 0.00150141 -0.000233204 -0.00604464 0.249857 -0.00463938 0.00073933 -0.00931779 0.00267802 0.00244686 -0.0109501 -0.00501612 -0.00591066 -0.00728352 -0.00338198 -0.000523462 -0.00154651 -0.00279187 -0.00375141 -0.00326936 -0.000960276 -0.000524463 6.77084e-06 -0.00189984 -0.00116838 -0.0017103 -0.0040739 -0.00151092 -0.00232004 -0.00251396 -0.00252188 -0.00138992 -0.00171311 -0.000361549 -0.0041455 -0.00183397 0.000236807 -0.00036174 -0.00153988 -0.00227261 -0.003048 -0.00190014 -0.00293894 -0.00300083 6.57286e-05 -0.00478141 -0.00126217 6.14926e-05 -0.00315885 -0.00422104 -0.000522024 -0.00254434 -0.00281086 9.4269e-05 -0.00315594 -0.00194327 -0.00415197 -0.0018056 -0.000626381 -0.00088508 -0.00219365 -0.000721357 -0.00180235 -0.00115144 -0.00549673 0.000285452 -0.0032119 -0.00293956 -0.000738549 -0.00314159 -0.00130989 -0.0025733 -0.00345319 -0.00124714 -0.00291363 -0.000447592 -0.00235328 -0.000432226 -0.00252779 -0.00386537 -0.00378203 -0.000308667 
-0.000882764 -0.00235725 2.37508e-05 -0.000294489 -0.00144836 -0.00284433 -0.00428649 -0.00285106 -0.000961426 -0.00291662 -0.00515864 -0.00385396 -0.0031463 -0.00915522 -0.00431421 -0.00412488 -0.0100016 0.0002923 -0.00621021 -0.0048532 -0.00956224 0.00261306 -0.00463938 0.249639 0.000915746 0.00264043 -0.00292129 -0.000335683 -0.000830098 -0.00348857 -0.00447865 -0.00538878 -0.00845493 -0.00351637 -0.00165407 -0.00688134 -0.00470062 -0.00187834 -0.00382745 -0.00274798 -0.00268216 -0.00121743 -0.00120639 -0.00152929 -0.0019985 -0.00208474 0.00338791 -0.000792242 -0.000834159 -0.00157193 -0.00217122 -0.00053542 -0.00353343 -0.00138496 -0.003774 -0.00248608 -0.00252869 -0.000509348 -0.00240832 -0.00138755 -0.00200601 -0.00345583 -0.00268656 -0.00482638 0.00133869 -0.00202442 -0.00257589 -0.00431557 -0.00398372 -0.00409819 0.000287548 -0.00158315 0.000641391 -0.000620433 -0.00146349 -0.00145002 -0.00262154 -0.00276171 -0.00258974 -0.00161989 -0.00262904 -0.00394451 -0.00424836 -0.00389814 -0.000327979 -0.00265744 -0.00102184 -0.000436182 -0.00533586 -0.000270949 -0.00229931 -0.00314543 -0.00399812 -0.00172712 -0.00124097 -0.00297048 -0.00182738 -0.000152931 -0.00363588 -0.00172666 
-0.00230127 -0.0021575 0.000968724 0.000523009 -0.00206869 -0.00386737 -0.00407776 -0.00386155 -0.00269115 -0.00361814 -0.00579194 -0.00447927 -0.00713513 -0.00615279 -0.00074566 -0.00376 -0.00811146 -0.0060805 -0.00727686 -0.00265367 4.76885e-05 -0.00653738 0.00073933 0.000915746 0.245579 0.0022466 -0.00171631 -0.00622777 -0.00319852 -0.00105847 -0.0017023 -0.00561654 -0.00354624 -0.00190935 -0.00434442 -0.000952697 -0.00158931 -0.00174409 -0.00379954 -0.00193496 -0.000365805 -0.00366737 -0.00420232 -0.00271646 -0.00321628 -0.00279741 -0.00275151 -0.00219862 -0.00132134 -0.00233079 -0.00260273 -0.00377858 -0.00426665 3.44488e-05 -0.00283288 -0.00110329 -0.00192724 -0.00217914 -0.00191565 -0.00272267 -0.00260869 -0.00151415 -0.00307261 -0.00317945 -0.00196638 -0.00375853 -0.00274627 -0.00198499 -0.00149787 -6.38121e-05 -0.000963932 -0.00431903 -0.000930615 -0.000924343 -0.00155861 -0.00243309 -0.0027487 -0.00439027 -0.000898503 -0.00168986 -0.00351422 -0.0011346 -0.00311285 -0.000565327 -0.00334544 0.00082885 -0.00384566 -0.00400611 -0.00221429 -0.000677049 -0.00239908 -0.00160216 -0.00139529 -0.00120701 -0.000171831 -0.0024424 -0.00190761 -0.0014392 -0.00209396 4.5659e-05 
-0.00570669 -0.00377405 -0.00210084 -0.00105208 -0.00402245 -0.00316803 -0.00124791 -0.00110312 -0.00226064 -0.00257645 -0.00173618 -0.00454842 -0.00294859 -0.00481587 -0.00773238 -0.00640312 -0.00233797 0.00028712 -0.0113466 -0.00701459 -0.00594237 0.000374482 -0.00931779 0.00264043 0.0022466 0.245943 -0.00101245 -0.00444945 -0.00231516 -0.00111889 0.000261251 -0.00317016 -0.00283828 -0.0029721 -0.00292037 -0.00369281 -0.00610205 -0.00300269 -0.00296515 -0.00133137 -0.0017103 -0.00343736 -0.00272855 -0.00115472 -0.00503349 -0.00150844 -0.00296198 -0.00198744 -0.00406086 -0.00267113 -0.00131884 -0.00273723 -0.00102238 -0.00141762 0.000718342 -0.00132114 -0.00272204 -0.0018106 -0.00174447 -0.000187055 -0.00411193 -0.000309212 -0.00256381 -0.00360922 -8.37441e-05 -0.00198905 -0.00169635 -0.00495078 -0.00207587 -0.000982408 -0.00299625 -0.000815597 -0.000242257 -0.00146066 -0.000156161 -0.00131417 -0.00318976 -0.00258795 -0.00279052 -0.00088789 -0.000739201 -0.00258844 -0.000865141 -0.000806867 -0.00141226 -0.00319727 -0.00267652 -0.00295912 -0.00518575 -0.00265535 -0.00359987 -0.00192753 -0.000854065 -0.0017862 -0.00196498 -0.00170966 -0.00239976 -0.00278447 -0.000937831 -0.00202484 
-0.00292056 -0.00165533 -0.00329067 -0.00413211 -0.00204883 -0.00136385 -0.00556815 -0.00232653 -0.00177494 -0.00100601 -0.00261918 -0.00289923 0.000348334 -0.00445522 -0.00195724 -0.00467035 -0.0121337 -0.0162593 -0.00547313 -0.00802925 -0.00951174 -0.00644382 0.00267802 -0.00292129 -0.00171631 -0.00101245 0.22687 0.000138048 -0.00327138 -0.00117307 -0.00167827 -0.00139914 -0.00231562 -0.00129994 -0.000849335 -0.00457022 -0.00349698 0.00108801 -5.01614e-05 -0.00269358 -0.00350743 -0.00220895 -0.000481527 -0.00215202 -0.00162589 -0.00227388 -0.00355748 -0.0026873 -0.00166573 -0.00133114 0.000317976 -0.00221123 -0.00302478 -0.00171842 -0.00205174 -0.000349026 -0.00242792 -0.00219454 -0.00158099 -0.00171514 -0.00268081 -0.000705475 -0.00299478 -0.00185707 -0.00297605 -0.000786627 -6.15392e-06 -0.000570714 -0.00192414 -0.00112758 -0.00344866 -0.00111076 8.40232e-05 -0.000200177 -0.00102696 -0.000862748 0.000392443 -0.00303324 -0.00135573 -0.000945028 -0.00353418 -0.000454047 -0.00226236 -0.000936364 -0.0017934 -0.00198052 -0.000626656 -0.000940104 0.000527021 -0.00437658 -0.00151214 -0.00263997 -0.0022675 -0.00156704 -0.00205329 -0.00167838 -0.00141825 -0.00241789 -0.00133241 -0.0032878 
-0.000839562 -0.000354361 -0.00222407 -0.00191644 -0.00201697 -0.00197925 -0.000673551 -0.00131887 -0.00219177 -0.00113344 -0.00204137 -0.00174302 -0.00180215 -0.00278748 -0.00352381 -0.0116766 -0.00394488 -0.00470655 -0.0073148 -0.010329 -0.00643305 0.00258199 0.00244686 -0.000335683 -0.00622777 -0.00444945 0.000138048 0.18622 -0.00191572 0.00153943 -0.000526096 -0.00335824 -0.00300108 -0.0020722 -0.000620111 -0.00330833 -0.00110575 0.000232053 -0.0023506 -0.00143877 -0.00245078 -0.00127259 -0.00297654 -0.00308914 -0.00393641 -0.00351594 -0.00133192 -0.00131209 -2.44829e-05 -0.000383507 -0.000708853 -0.00164976 -0.00175728 -0.00156925 -0.00187922 -0.000994113 -0.00102389 -0.00143494 -0.00159656 -0.00208364 -0.00149721 -0.00159217 -0.00248641 -0.000847824 -0.00161367 -0.000333121 -0.000990373 -0.00303119 -0.00108719 -0.00265936 -0.00169957 -0.00117198 -0.00420379 -0.000252705 -0.00109847 -0.000532843 -0.00170385 -0.00138664 -0.000864827 0.00132548 -0.000683368 -0.00265375 -0.000994871 -0.000183408 9.03362e-05 -0.00222288 -0.00289084 -0.00304507 -0.000199043 -0.000662066 -0.00164957 -0.00183521 -0.00250344 -0.00155775 -0.00117332 0.000307769 -0.00101854 -0.00188558 -0.00111545 -0.00290339 
-0.00313813 -0.00121028 -0.00289837 -0.0029273 -0.00144516 -0.00152576 -0.00113624 0.000827543 0.00013173 -0.00422618 -0.00200678 -0.00496451 -0.00551164 -0.00651057 -0.00748572 -0.00536183 -0.0017006 -0.00682789 -0.00527348 -0.00900926 -0.00332014 -0.00274578 -0.0109501 -0.000830098 -0.00319852 -0.00231516 -0.00327138 -0.00191572 0.182504 -0.000479653 -0.00261406 -0.00218989 -0.000829895 0.000729806 -0.00362962 5.70309e-05 -0.00230486 -0.00185654 -0.00270992 -0.00197048 -0.00176257 -0.00112685 -0.00123891 0.000186529 -0.00146931 -0.00123267 -0.00209298 -2.72801e-05 -0.00249292 -0.00239738 -0.00166712 0.000683409 -5.90606e-05 -0.000634532 -0.00140074 0.00071549 -0.000990932 -0.00193395 -0.00161689 -0.00087744 -0.00203531 -0.000576353 -0.00181613 -0.001112 -0.000750683 -0.00159752 0.000683733 -0.00118519 -0.00268401 -0.000828213 -0.000601923 -0.00213102 -0.00102382 0.00144372 0.000424611 -0.000729354 -7.46724e-05 -0.00128901 -0.00399482 -0.00152582 -0.00205435 -0.000480093 0.000135733 -0.000338631 -0.00279229 2.66641e-05 -0.00108868 -0.00218075 -0.000512563 -0.000692185 -0.000942789 -0.0015891 -0.00247263 -0.00169179 -0.0014231 0.000601763 -0.00118185 0.00107871 -0.000908316 -0.00261223 
-0.00182199 -0.00104531 -0.00178396 -0.00206183 -0.00224306 -0.00164278 -0.00206734 -0.0027436 -0.00197493 -0.00260738 -0.0035652 -0.00335356 -0.000736329 -0.00292934 -0.00563933 -0.00986331 -0.00597127 -0.00744932 -0.00509442 -0.00460136 -0.00298992 -0.0106646 -0.00501612 -0.00348857 -0.00105847 -0.00111889 -0.00117307 0.00153943 -0.000479653 0.168363 0.00157427 0.00370476 -0.000875864 0.000208309 -0.000166251 -0.00154328 -0.00121824 -0.00107747 0.00152167 -0.000595842 -0.00254786 -0.00212285 -0.00262264 -0.00101279 -0.00183636 -0.0017163 -0.00206717 -0.00080455 -0.00121315 0.00047593 -0.00155366 -0.00122505 -0.00313069 -0.000969186 -0.00136456 0.000350472 -0.000682496 -0.00114263 -0.00242036 -0.00147975 -0.00252884 -0.000481542 -0.000531406 -0.000834359 0.000240636 -0.00103355 -0.00146057 -0.00319507 -0.00168183 -0.000379417 -0.000632267 -0.000777684 -0.00149659 -0.00227034 0.00018859 -0.000436399 0.000775572 -0.00234296 -0.00139269 -0.00130891 -0.00191856 -0.00154988 -0.000536356 -0.000401006 -0.000221816 -0.00202857 -0.00216983 -0.00186612 -0.00131159 -0.000442247 -0.00132211 -0.00130736 -0.0011793 -0.000570094 -0.00181262 -0.00121298 -0.000973955 -0.00264824 -0.000870394 -0.00124143 
-0.00187531 -0.000118721 -0.00190467 -0.00326052 4.86298e-05 -0.000498548 -0.00105619 -0.00158869 -0.000352089 -0.00211087 -3.11465e-05 -0.00243614 -0.00312112 -0.00363972 -0.00420572 -0.00440213 -0.00718358 -0.00465117 -8.6368e-05 -0.00660458 -0.00425353 -0.00352089 -0.00591066 -0.00447865 -0.0017023 0.000261251 -0.00167827 -0.000526096 -0.00261406 0.00157427 0.132317 -2.25341e-05 0.00129773 -0.000222686 -0.000471875 -0.00340567 -0.000182072 -0.00147093 -0.00058308 -0.000761575 -0.00286422 0.000811453 -0.00108676 -0.00145532 -0.00195186 -0.000930079 -0.000823372 -0.00160465 -0.000928972 0.000980369 -0.000432474 -0.000537287 -0.00211046 -0.00192848 -0.000332983 -0.00103655 -0.000877914 -0.000909691 -0.0020367 -0.000519027 -8.91954e-05 -0.00125862 -0.000813692 0.000581789 -0.00165752 -0.00138775 -0.000335053 -0.00145462 -0.000463193 -0.000729055 -0.000678091 -0.000692708 -0.00104056 -0.000448487 -0.00183404 -0.000212786 -0.00136565 -0.000237151 -0.00080952 -0.000345081 -0.00131665 -0.000598103 -0.000103403 0.000434238 -0.00156414 -0.00122279 -0.00231915 -0.00216871 -0.00103798 -0.00117743 -0.000324437 -0.00123234 -0.00154069 -0.00164831 -0.000670871 -0.000366514 -0.000266618 -0.000897619 -0.000364861 -0.000334289 
-0.00102366 -0.000896099 -0.00241636 -0.00237843 -0.00194425 -0.0028664 -0.00115135 -0.00090609 -0.00314536 -0.00113354 -0.00175919 -0.00385428 -0.000711703 -0.00365927 -0.00175592 -0.00209182 -0.00488153 -0.00281917 -0.00317494 -0.00244378 -0.0044419 -0.00707163 -0.00728352 -0.00538878 -0.00561654 -0.00317016 -0.00139914 -0.00335824 -0.00218989 0.00370476 -2.25341e-05 0.167102 -0.00133997 -0.0029634 0.000773584 -0.00255041 0.000135683 -0.00119008 -0.000300688 -0.00166164 0.000506223 -0.00207121 0.00105039 -0.00033759 -0.00105852 -0.00110166 -0.00225643 -0.00165384 -0.00169017 -0.00141536 -0.000911918 -0.00103073 -0.00219105 -0.00115081 -0.00148323 -0.00223442 -0.00160023 0.000208481 -0.00153148 -0.000294469 -0.000560677 -0.00177295 -0.00214586 -0.000817594 -0.000871879 -0.00208241 -0.00197139 -0.00184576 -0.00179555 -0.000940637 -0.0027623 -0.00154775 -0.00190607 -0.00118581 0.00011732 -0.000475158 -7.36056e-05 -0.00183457 -0.00108227 -0.00342245 -0.000443608 -0.00121581 -0.000587571 -0.00232641 -0.000907289 -0.00401166 -0.00174889 -0.00217107 0.00197974 -0.00216694 -0.00194261 -0.000537241 -0.00269215 -0.0012771 -0.000328608 -0.000605171 -0.000981308 -0.000680354 -0.00158702 -0.00129776 
