0.0780011 -0.000522478 0.000323771 -0.000559629 -0.000125001 -0.00042249 -0.0010928 -0.000762017 -0.000527003 -0.000919829 -0.00136642 -0.000753735 -0.00101897 -0.00279363 -0.00273109 -0.000240361 -0.00132105 -0.000489032 -0.00287791 -0.00477069 -0.000929971 -0.00485693 -0.000791834 -0.00110059 -0.00481329 -0.000687698 -0.00140714 0.000321855 -0.000291303 0.000424431 -0.00114602 -0.00186975 -0.00150258 -0.00135713 -0.00100459 -0.00135569 -0.00134434 -0.00194282 -0.000140265 -0.000606438 -0.00120326 -0.000622574 -0.00102308 -0.000201795 -0.000155575 -0.000807726 -0.000874357 -2.31256e-06 -0.000301512 0.000408584 -0.000325221 2.91533e-05 -8.20887e-05 -0.000956569 -0.000710164 -0.00125563 -0.00154137 -0.000701803 -0.000442855 -0.000741201 0.000719658 -0.00108697 -0.000406478 -0.000270465 -0.000789481 -0.00053322 -0.000478671 -0.000720961 -0.000468008 -0.000817514 -0.000390786 8.99165e-05 0.00021918 -0.000950056 -0.000846609 -5.53578e-05 -0.000396869 -0.000454556 -0.000675975 -0.000947059 -0.000930131 3.07478e-05 -0.000851121 -0.00075124 -0.000677025 -0.00024016 -0.000640005 -0.000763821 -0.000345169 -0.000287339 -0.000505194 6.53595e-05 -0.000559836 -0.000425024 -0.000259803 -0.000172254 -9.30266e-05 0.000136144 0.00016925 -0.000757319 
-0.000522478 0.0746352 -0.000891439 0.000610965 0.000142882 -0.00040454 0.000486799 -0.000708761 -4.40044e-05 -0.00212707 -0.00148489 -8.77615e-05 8.73445e-05 -0.00208852 -0.000944991 0.00010416 -0.00386302 -0.00168837 -0.00175977 -0.00295611 -0.000788615 -0.00125673 -0.0031882 -0.000348793 -0.00462907 -0.0023888 -0.00291472 -0.00419075 -0.00256814 -0.00299906 -0.000278383 -0.00183671 -0.00107341 -0.000914101 -0.000515501 6.74738e-05 -0.000679713 -0.00116536 -0.000423001 -2.03506e-05 0.000229336 -0.000530671 0.000277514 3.57317e-05 -0.00108272 -0.000110494 -0.000637359 -0.000294472 -0.000238538 -0.000833498 -0.000602567 -0.000672018 -0.000265393 -0.000586919 -0.000507781 0.000639364 -0.000625508 -0.00105699 -0.000622629 0.000415331 4.25243e-05 9.00892e-05 -0.000175124 -0.000531884 -0.000305731 2.03308e-05 -0.000758781 -0.000657823 -0.00222562 4.34265e-05 -0.000240455 -0.00114806 -0.000335248 -0.000859789 -0.000775061 -0.000291538 -0.000145997 -0.000140451 0.000113272 -0.000817982 -0.000557332 -0.000611626 -0.000121888 -0.00075704 -0.000697695 -0.000876378 -0.000455997 -0.000663668 0.000461627 -0.000269163 0.000678233 -0.000731865 -0.00015659 -0.000383135 -0.000602902 -0.00111493 -0.000481424 -0.0002187 -0.000594125 -5.89243e-05 
0.000323771 -0.000891439 0.0751316 0.000365279 -0.00067061 -0.000847156 -0.000796652 -0.0011526 -0.0013171 -0.000564833 -0.000547055 -0.00129911 0.000634627 -0.00182586 -0.00443465 -0.000618174 -0.000619136 -0.00177955 -0.0024486 -0.0012432 -0.000586101 -0.00164557 -0.00322846 -0.00237659 -0.0022151 -0.00032871 -0.00140797 0.00141257 -0.00028595 -2.13183e-05 -0.000999488 -0.000453337 -0.001361 9.07775e-05 -0.000688378 -0.000711089 -0.000961436 -0.000406147 -0.00028494 -0.000760469 -0.000285986 -0.00148614 -0.000406644 -0.00115568 -0.000536059 -0.00107487 -0.00123572 0.000629562 -0.000160975 -0.000405126 -0.000425825 -0.000958936 -0.000669793 -0.000236411 -0.000646569 -0.000677878 -0.001287 -0.00105289 -0.000831441 -0.000927264 -0.000765244 -0.000566115 -0.00116229 -0.000680241 -0.00130828 -0.000257391 -0.000726518 -0.000834914 -0.000887106 -0.000349167 0.000316198 -0.0012976 -0.000521365 -0.000760808 -0.000864386 -0.000271783 -0.000921891 -0.000406587 -0.0010294 -0.000794607 -0.000734262 -0.000526124 -0.00070108 -0.000625339 -0.000518408 -0.000702237 -0.000679792 -0.000647275 -0.000214073 -7.10325e-05 -0.000288882 0.000971234 -0.00049914 -0.000781086 -0.000353395 -0.00156312 -0.000480443 -0.000104707 -0.00082821 -0.000912348 
-0.000559629 0.000610965 0.000365279 0.0843362 -0.000117287 -0.000825223 -0.00105669 -0.000255485 -0.000310244 0.000179094 -0.000114244 -0.0017573 -0.0032258 -0.00197978 -0.00225661 -0.00126233 -0.00389143 -0.00200617 -6.40866e-05 -0.00361356 -0.00168479 -0.00254053 -0.00341824 -0.00583848 -0.00212226 -0.00130191 0.000109594 -0.00121799 -0.0033595 -0.000962577 -6.68667e-05 -0.000858868 -0.00177385 -0.000421702 -0.000427307 -0.000868814 -0.00111048 -0.000317866 -0.000670074 -0.000671619 -0.000389514 -0.00161479 -0.000118217 -0.000981795 -0.000770383 -0.000477323 -0.000923278 -0.000901008 -0.00111634 -0.00105931 -0.000263722 -0.00123836 -0.000935958 -0.000741167 0.000633851 -0.00118839 0.00027365 -0.0011668 -0.000649305 -0.000912924 -0.000514169 -0.000890449 -0.000548967 -0.000752085 0.000686521 -0.000714007 -0.000350504 -0.000799886 -0.000594209 -0.000434436 -0.000563898 -0.000310733 -0.00118242 -0.000193562 0.000875923 -0.000525618 -0.00106057 -0.000589083 -0.000958939 -2.43266e-05 4.50387e-05 -0.000227973 -0.0007608 -0.000448146 0.00016548 -0.000331032 -0.000961578 -0.000647277 -0.00021497 -0.0010489 -0.000555375 -0.000707661 -0.000807666 -0.000759232 -0.000642216 -0.000730087 -0.000392267 -0.000264803 -0.000119738 0.000724135 
-0.000125001 0.000142882 -0.00067061 -0.000117287 0.0639822 -0.000367009 -0.000373979 0.00018581 -0.000708403 0.0001705 -0.000663223 -0.0016976 -0.00239646 -0.0012488 -0.000743678 -0.00194617 -0.00189243 -0.00447806 -0.00179249 -0.000432925 -0.00288888 -0.00220247 -0.00336999 -0.000687152 -0.00126288 -0.0003409 -0.00105629 -0.0026063 -0.000995805 -0.000947468 -0.00102028 -0.00114065 -0.000956015 -0.00137402 -0.000288559 -0.000321408 -0.000337469 -0.00120283 0.00025773 -0.000676986 -0.000558052 -0.000889096 -0.000918165 -0.000369282 -0.000341766 -0.000309113 -0.000190002 -0.000395598 -0.000400274 4.85316e-05 -1.40276e-05 -0.000262121 -0.000348511 -0.000459576 5.0263e-05 -0.000317114 -0.000468118 -0.000425901 -0.000629633 -0.000543999 -0.000407661 -9.98988e-06 -0.000707266 -3.96254e-05 -0.000354511 -0.000484356 -0.000258854 -0.000286598 -0.000170871 -6.06447e-05 -0.000462555 -1.94652e-05 -0.00026028 -0.000739482 -0.000796222 -0.000645644 -0.000268956 -0.000246648 -0.000453455 -0.000115958 -0.000572462 -0.000234578 -7.50026e-05 -0.001436 -0.000137608 -2.76221e-05 -5.55179e-06 -0.000282408 2.88231e-05 -6.21193e-05 -0.000483724 -0.000540723 0.000569257 -0.000678283 -0.000551358 -0.000629945 -0.000549725 -0.000112913 -0.000696098 -0.000399986 
-0.00042249 -0.00040454 -0.000847156 -0.000825223 -0.000367009 0.111903 -0.000373006 -0.00109171 -0.000847437 -0.0028142 -0.000664168 -0.00274762 -0.00251096 -0.00282509 -0.00248997 -0.00131732 -0.00140762 -0.00524387 0.000327932 -0.00353647 -0.00328866 -0.00142324 -0.00026002 -0.00513477 -0.00325195 -0.00266313 -0.00358345 -0.00124514 -0.000168688 -0.00212585 -0.00216841 -0.00155573 -0.00064958 -0.00168071 -0.00222042 -0.000664846 -0.00106233 -0.000887531 -0.0012121 -0.00127232 -0.000826607 -0.00119948 -0.00116148 -0.00164486 -0.000697002 -0.000808044 -0.000708553 -0.00103727 -0.000166055 0.0002487 -0.00175046 -0.00231255 -0.0010989 -0.000704426 -0.000931895 -0.000339131 -0.00129785 -0.00114053 0.000492159 -0.000292729 -0.00115939 -0.000174983 -0.00148607 -3.92168e-05 -0.000391084 -0.00107288 -0.000667738 -0.00128689 5.66985e-05 -0.00120857 -0.0010629 -0.00145489 -0.000460096 -0.00186932 -0.000428963 -0.000933895 -0.000486656 0.000258785 -0.00073359 -0.0014362 -4.31222e-06 0.000486502 -0.000847237 -0.00125203 -0.000792519 -0.000259405 -0.00113602 -0.000901705 -0.000413485 -0.000471221 -0.000883648 -0.000439339 -0.00141486 -0.000656779 -0.000453068 0.00015861 -0.000915806 -0.000215549 -0.00110317 -4.65916e-05 
-0.0010928 0.000486799 -0.000796652 -0.00105669 -0.000373979 -0.000373006 0.0998457 -0.00141372 -0.000231487 -0.00242417 0.00137475 -0.00137225 -0.00298241 0.00038506 0.00149528 -0.00110454 -0.00319656 0.000893188 -0.0034344 -0.00159336 -0.00124259 -0.00309915 -0.0015254 -0.00148212 -0.00228452 -0.00150777 -0.00602031 -0.0024496 -0.00438699 -0.000413597 -0.000739999 -0.00244422 -0.00174241 -0.000931423 -0.00234328 -0.000660979 -0.00143558 -0.00128231 0.000299783 -0.000543973 -0.00106062 -0.000564039 -0.000194352 -0.00141141 -0.000490029 -0.000928384 -0.00178953 -0.0010549 -0.000944273 0.000432585 -0.000530713 -0.00155126 -0.0011584 -0.000378532 5.62756e-05 -0.00139004 -0.00140186 -0.00134428 -0.000624879 -0.000190222 -0.00192654 0.000273582 -0.000987941 -0.000408149 -0.000700612 -0.000282931 -0.000678606 -0.000243385 -0.00105423 9.37879e-05 -4.16997e-05 -0.000464498 -0.0010119 -0.000662139 -0.0015403 -0.0008168 -0.00154791 -0.000832241 -0.000421478 -0.0011475 -0.000184965 -0.00146181 -0.00155589 -0.000194607 -0.00112305 -0.00171877 -0.000730706 -3.39518e-05 -0.000793861 -0.000645788 -0.000186385 -2.44714e-05 -0.000917685 -0.000290852 -0.00101753 -0.00184188 -0.000877218 -0.00122072 -0.000998575 -5.9252e-05 
-0.000762017 -0.000708761 -0.0011526 -0.000255485 0.00018581 -0.00109171 -0.00141372 0.116549 -6.70454e-05 0.00236459 -0.000796759 -0.00127929 -0.0026213 -0.00385241 -0.00323871 -0.00201576 -0.00450993 -0.00317639 -0.00503691 -0.00385646 -0.00184298 -0.00316525 -0.000630665 -0.00133981 -0.00169839 -0.00195991 -0.000124522 -0.00459692 -0.00140603 0.000491264 -0.00131234 -0.00242314 -0.00252575 -0.00221383 -0.00153134 -0.000350507 -0.00100633 -0.000961258 -0.000305985 -0.000834645 -0.000610375 -0.000629743 -0.000679376 -0.00129803 -0.000297538 -0.000328026 -0.00228146 -0.000558901 -0.000837543 -0.00034097 0.000480691 -0.00197518 -0.00180611 0.000458266 -0.00114306 -0.000407446 -0.000542059 -0.00129251 -0.00103824 -0.000477892 -0.00115639 -0.000146942 -0.000539632 -0.00107934 -0.000669728 -0.00164104 -0.00139337 -0.00103502 -0.00111921 -0.000427547 -6.9633e-05 -0.00139994 -0.00128854 -0.000408648 -0.00240209 -0.000263121 -0.000801077 -0.000409923 -0.000622186 0.000388181 -0.000869293 -0.00103347 0.000689308 -0.000653809 -0.00149963 -0.000510365 -0.00132904 -0.0012834 -0.0011182 -0.00166639 -0.00182106 -0.00110313 -0.000598306 -6.62515e-05 -0.000436497 -0.00239366 -0.00117784 -0.00109096 -0.00215532 -0.00131749 
-0.000527003 -4.40044e-05 -0.0013171 -0.000310244 -0.000708403 -0.000847437 -0.000231487 -6.70454e-05 0.105586 -0.00209632 0.000976082 -0.00258418 -0.00201136 -0.0029644 -0.00336612 -0.00251419 -0.00215273 -0.00167031 -0.00113641 -0.00240571 -0.000191494 -0.00327731 -0.00412089 -0.000422146 -0.00649524 -0.00222344 -0.000216983 -0.00311456 -0.00324305 -0.00353208 -0.00258699 -0.0010878 -0.00109199 -0.000227721 -0.0016226 -0.00102546 -0.00107367 -0.00106941 -0.00128498 0.000515619 -0.000661286 -0.000871988 -0.00151939 -0.000555016 -0.000907763 -0.00138806 -0.000602048 -0.00137221 -0.00105531 -0.000698992 -0.00032113 0.00065081 0.000314373 -0.00016476 -0.000830732 0.000816665 -0.0010101 -0.00129206 -0.00141558 -0.000290223 -0.000766461 -0.00099566 -0.000565456 -0.000157498 -0.00111727 -0.000552026 -0.000789496 -0.000640929 -0.00160738 9.40877e-05 0.000690318 -0.00157952 -0.00107734 0.000225824 -0.0015158 0.000168651 -0.000436679 -0.000770038 -0.000675118 -0.000741031 -8.7854e-05 -0.00160684 -0.000857263 -0.000734775 -0.000321391 0.000194099 -0.000183185 -0.00151121 -0.000228459 -0.0012008 -0.000381743 -0.000470806 -0.00150029 -0.00149707 -0.0014139 -0.00135549 -0.000458233 -0.000820429 -0.000602235 -0.00119383 
-0.000919829 -0.00212707 -0.000564833 0.000179094 0.0001705 -0.0028142 -0.00242417 0.00236459 -0.00209632 0.142514 0.000722626 -0.00306102 -8.23496e-05 -0.00401015 -0.00474188 -0.00175233 -0.00605517 -0.00371264 -0.00438109 0.00316309 -0.00488932 -0.0036892 -0.00528452 -0.00061505 -0.00114389 -0.00100504 -0.00672899 -0.00263348 -0.000832805 -0.000949642 -0.0015654 -0.00261486 -0.00220117 -0.00192806 -0.00253835 -0.00240565 -0.00295039 -0.00176852 -0.000311878 -0.000907092 -0.00158619 -0.00197316 -0.00118201 -0.000365872 -0.00179527 -0.00189261 0.000107128 -9.72913e-06 -0.00116667 -0.00104339 -0.000707068 -0.000318292 -0.00245014 -0.00110957 0.000116909 -0.00172997 0.000102375 -0.0008544 -1.95616e-05 -0.00111985 -0.00115026 -0.000804828 -0.000589881 -0.000833329 -0.00067055 -0.00153237 -0.00018242 -0.00135932 -0.000936706 -0.000894695 -0.000287779 -0.000439328 -0.001485 0.000492108 -0.00287966 -0.000540404 -0.00113654 -0.00110831 -0.000415193 -0.000832885 -0.00109624 -0.00226659 -0.00139521 -0.00146594 -0.00128948 -0.00115701 -0.00197361 -0.00179067 -0.000413651 -0.00101987 -0.00143778 -0.00197876 -0.000635875 -0.00120357 -0.00147972 -0.000767087 -0.0011308 -0.000950673 -0.00131648 -0.0020541 
-0.00136642 -0.00148489 -0.000547055 -0.000114244 -0.000663223 -0.000664168 0.00137475 -0.000796759 0.000976082 0.000722626 0.149652 -0.000582439 -0.00265873 0.00210057 -0.00109994 -0.00407558 -0.00955889 0.00129605 -0.00346322 -0.00782431 -0.00880673 -0.00676589 -0.00365974 -0.00560747 -0.0053192 -0.00361572 -0.00147488 -0.00651966 -0.00244794 -0.00163796 -0.00305088 -0.00185043 -0.000757799 -0.000882032 -0.000717418 -0.00285902 -0.00118862 -0.00144114 -0.00231141 -0.000336863 -0.000645788 -0.00226598 -0.000744642 -0.00163722 -0.00073352 -0.00179516 -0.000930151 -0.00133136 7.84321e-05 -0.00125058 -0.00107024 -0.000245287 -0.00208162 -0.00118503 9.15394e-05 -0.0016434 -0.00124983 -0.00182002 -0.00204274 -0.00122121 -0.00208143 -0.00181177 -0.00166422 -0.000865473 0.000761067 -0.00173527 -0.00260602 -0.000716068 0.000556139 -0.000144051 -0.000413296 -0.00246324 -0.00173298 0.00162188 -0.0020892 -0.00104689 -0.00125242 0.000144708 -0.000991961 -0.00167807 -0.000363959 -0.0014116 -0.00187939 -0.000760994 -0.00170307 -0.000549969 0.000179631 0.000219332 -0.00133423 -0.000941791 0.000283638 -0.00174917 -3.28374e-05 -0.000320603 -0.00131491 -0.00217827 -0.000666679 -0.000141834 -0.00153761 0.000165535 
-0.000753735 -8.77615e-05 -0.00129911 -0.0017573 -0.0016976 -0.00274762 -0.00137225 -0.00127929 -0.00258418 -0.00306102 -0.000582439 0.166923 -0.00209669 -0.00342395 0.000644896 -0.004501 -0.00253696 -0.00409228 0.0017729 -0.00436093 -0.0030402 -0.00917182 -0.00380454 0.00284441 -0.00846762 -0.00637105 -0.00190415 -0.00229073 -0.00640871 -0.00198507 -0.00203179 -0.00454971 -0.00384312 -0.00204097 -0.00124398 -0.00141659 -0.00273309 -0.00141283 -0.00200609 -0.00132782 -0.00249446 -0.00126275 -0.00127715 -0.00160774 0.000214139 -0.00241887 0.000486044 0.000509606 -0.00047725 0.000132532 -0.00183747 -0.000128425 -5.15819e-05 -0.00197061 -0.00266169 -0.00147547 -0.00310657 0.000508912 -0.000348158 -0.000270768 -0.00197732 -0.00195159 -0.00133824 -0.0013763 -0.000793177 -0.0018412 -0.00052898 -0.00099707 -0.00308104 -0.00124058 -0.00185846 0.000511458 -0.00105213 -0.00236279 0.000951801 -0.000394332 -0.00290732 -0.00280447 -0.000325606 -0.00127791 0.000490798 -0.000886385 -0.00202798 0.000241322 -0.000672195 -0.0014911 -0.000485442 -0.00112255 0.000587753 -0.00129249 -0.00154126 -0.000120604 -0.00217414 -0.0010786 -0.00194642 0.000249162 -0.00198955 -0.00195141 -0.00238249 -0.0021246 
-0.00101897 8.73445e-05 0.000634627 -0.0032258 -0.00239646 -0.00251096 -0.00298241 -0.0026213 -0.00201136 -8.23496e-05 -0.00265873 -0.00209669 0.203055 -0.000947561 -0.00219298 -0.00213083 0.00136351 0.00204467 -0.00619399 -0.00130377 -0.0071292 -0.00793863 0.00450908 -0.00138768 -0.0106723 0.000756983 -0.00313378 0.00209837 -0.00656663 -0.00370717 -0.00313441 -0.00224461 -0.00172178 -0.00351865 -0.00238655 -0.00386461 -0.00211194 -0.00257702 -0.00242997 -0.00162986 0.000324417 -0.00201576 -0.00253224 -0.00207587 -0.00097166 -0.000900119 -0.00212799 -0.00136429 -0.0035306 -0.00200064 -0.00263759 -0.00226435 -0.00480789 -0.00246093 -0.00283324 -0.000899197 -0.000891723 -0.00073256 -0.00330786 -0.00158324 -0.00387363 -0.00147206 -0.000787103 -0.000614502 -0.00137229 -0.000897538 -0.00236743 -0.000822547 -0.00138151 -0.0022937 -0.000287144 -0.00214226 -0.00378374 0.000219086 -0.00244655 -0.000624124 -0.00216719 -0.0018767 -0.00362104 -0.00176443 -0.00234899 -0.000809329 -0.00280281 -0.0035513 -0.00228722 -0.00208464 -0.0011836 -0.00180065 -0.00100246 -0.000805181 -0.00333486 -0.000446828 -0.00123136 -0.00235551 -0.00159694 -0.00321795 -0.00112782 -0.00219601 -0.00202378 -0.00382399 
-0.00279363 -0.00208852 -0.00182586 -0.00197978 -0.0012488 -0.00282509 0.00038506 -0.00385241 -0.0029644 -0.00401015 0.00210057 -0.00342395 -0.000947561 0.208934 -0.00119707 -0.00888684 -0.00545059 -0.00579103 -0.00288564 -0.00631805 -0.00831612 -0.00508626 -0.00315612 -0.0118021 -0.00463966 -0.00200369 -0.00629958 -0.0093509 -0.0039999 -0.00275761 -0.00107882 -0.00323788 -0.0020917 -0.00109009 -0.00236302 -0.000225884 -0.00143602 -0.00212811 -0.00104089 -0.000801605 -0.000118856 0.00147058 0.00156519 0.00059189 -0.0007368 0.000498307 -6.3843e-05 0.000280044 -0.000580075 -0.00121743 -0.00435301 -0.00371719 0.000751242 -0.00234122 -0.000818935 -0.000925928 -0.000288107 -0.00154763 -0.00138031 -0.00505005 -0.000912246 4.01083e-05 -0.00244999 -0.00211649 -0.0025211 -0.0019673 0.000360131 -0.0033563 0.00162986 -0.000269485 -0.00209542 -0.00162746 -0.00199036 -0.00182344 -0.00111253 -0.00196594 -0.00122122 -0.00295117 -0.00330827 -8.60254e-05 -0.00149773 -0.00247156 -0.00145581 0.000552496 -0.00144658 -0.00120683 -0.00145564 -0.00224871 -0.00169095 -0.0032298 -0.00083867 -0.00199437 -0.00238708 -0.00303134 -0.00201878 -0.00225985 -0.00178697 -0.00132542 -0.00122662 0.000722785 
-0.00273109 -0.000944991 -0.00443465 -0.00225661 -0.000743678 -0.00248997 0.00149528 -0.00323871 -0.00336612 -0.00474188 -0.00109994 0.000644896 -0.00219298 -0.00119707 0.235044 -0.00718447 -0.0018734 -0.00261253 0.00199123 0.000343693 -0.0077898 -0.0041198 -0.00574628 -0.00245774 -0.00267394 -0.0131468 -0.00435986 -0.00263061 -0.00594364 -0.00263192 -0.00140636 -0.00559376 -0.00437739 -0.000810179 0.000204276 -0.00273726 -0.00299203 -0.0009442 -0.00196233 -0.00430363 -0.00122304 -0.00111178 -0.00119766 -0.00385386 -0.0004916 -0.00480027 -0.00213449 -0.00440037 -0.00108532 -0.00218823 -0.00119872 -0.0022504 -0.00334331 -0.00308742 -0.00188501 -0.00130896 -0.0019734 -0.00199706 -0.00228954 -0.000415868 -0.00192415 -0.00128077 -0.0012566 -0.00232712 -0.00134827 -0.000449312 -0.00155021 -0.00221275 -0.00135841 -0.00267871 -0.00263074 -0.00206485 -0.00214367 -0.0017649 -0.00378613 -0.00187862 -0.00128336 -0.00231343 -0.00177609 -0.00193237 -0.00243353 -0.00171909 -0.00398824 -0.0012139 -0.00338906 -0.00186039 -0.00332901 -0.000529748 -0.000903609 -0.000602419 -0.00272718 -0.00335665 -0.00224351 -0.00289763 -0.000447882 -0.00122846 -0.00286694 -0.00252321 -0.00297277 -0.00055739 
-0.000240361 0.00010416 -0.000618174 -0.00126233 -0.00194617 -0.00131732 -0.00110454 -0.00201576 -0.00251419 -0.00175233 -0.00407558 -0.004501 -0.00213083 -0.00888684 -0.00718447 0.230059 -0.00154293 -0.0102248 -0.00589072 -0.00525284 -0.00224825 -0.00166533 -0.00706322 -0.00777172 0.00207531 -0.00562015 -0.00409053 -0.00418664 -0.0033405 -0.00535661 -0.00541224 -0.000687317 -0.00337999 -0.0032615 -0.00274868 -0.00216792 -0.00117352 -0.000939867 -0.00261903 -0.0013398 -0.0014548 -0.00339251 -0.00264288 -0.00175568 -0.00339882 -0.00268592 -0.00127313 -0.00259635 -0.00129061 -0.00230922 -0.00291547 -0.00432265 -0.000782776 -0.000255392 -0.00195469 -0.00172454 -0.000299334 0.00209357 -0.00368714 -0.00128506 0.00124912 -0.000201961 -0.000927072 -0.00331025 -0.00115326 -0.00181675 -0.00295768 -0.000163202 -0.000575481 -0.000464968 -0.000659061 -0.00313806 -0.00119603 -0.0012934 -0.00276707 -0.000165803 -0.00226591 -0.00215568 -0.000928227 -0.00362968 -0.00243865 -0.00160559 -0.000400709 -0.0025382 -0.00020461 -0.00148182 -0.00236663 0.000855808 -0.00096728 -0.00320811 -0.00230385 -0.000890117 -0.00400181 -0.00246596 -0.00335304 -0.00240052 -0.00159207 -0.00174165 -0.00360854 -0.00153707 
-0.00132105 -0.00386302 -0.000619136 -0.00389143 -0.00189243 -0.00140762 -0.00319656 -0.00450993 -0.00215273 -0.00605517 -0.00955889 -0.00253696 0.00136351 -0.00545059 -0.0018734 -0.00154293 0.243736 -0.0107225 -0.00381677 -0.00652328 -0.00394344 0.00721111 -0.000327062 0.00331682 -0.012672 -0.00773785 -0.00689834 0.00251677 -0.00473911 -0.00395834 -0.00324287 -0.00371284 -0.00287437 -0.0052779 -0.00417031 -0.00285806 -0.00589418 0.00166025 -0.00180133 0.000170015 -0.00106777 -0.000931766 -0.000826648 -0.000713809 -0.00114903 -0.000847256 -0.000104003 -0.00265355 -0.00185748 -0.000283422 -0.00261898 -0.00178181 0.00110271 -0.00252812 -0.002959 0.000264309 -0.00315521 -0.0034131 -0.00148187 -0.00292502 -0.00448545 0.000379383 -0.00376715 -0.00319122 -0.00422188 -0.00134782 -0.00375635 -0.00188459 -0.00216689 -0.00236155 -0.00366753 -0.00279522 -0.000464014 -0.00460008 -0.00325192 -0.00309603 -0.0020773 -0.000882122 -0.00368816 -0.00256671 -0.000741939 -0.00183248 -0.00378335 -0.0045986 -0.00305292 -0.00263385 -0.00192654 6.7832e-05 -0.00247923 0.000630422 -0.00114717 -0.00236807 -0.00113726 -0.00228864 -0.000320476 -0.000459661 -0.00152808 -0.00309033 -0.00175888 -0.000659619 
-0.000489032 -0.00168837 -0.00177955 -0.00200617 -0.00447806 -0.00524387 0.000893188 -0.00317639 -0.00167031 -0.00371264 0.00129605 -0.00409228 0.00204467 -0.00579103 -0.00261253 -0.0102248 -0.0107225 0.249176 -0.00836635 -0.00440625 0.000631142 -0.00372189 -0.00385452 -0.00704452 -0.00265326 -0.00327904 0.00632219 0.00343428 6.70157e-05 -0.0042365 -0.00777587 -0.00689426 -0.000889795 -0.000950113 -0.00339694 -0.000372549 -0.00376567 -0.00141017 -0.00080185 -0.00302767 -0.00359405 -0.00081256 -0.00532879 -0.00245122 -0.0029186 -0.00245702 -0.00165767 -0.000797756 -0.00272983 -0.00422085 -0.00254838 -0.00120123 -0.00459623 -0.00296241 -0.00231572 -0.00419477 0.00115977 -0.001382 -0.00283181 -0.00163705 -0.00466772 -0.00357294 -0.00250733 -0.00165259 -0.000974838 -0.000128934 -0.00325098 0.000745888 -0.00363107 -0.00359854 -0.00200125 -0.00433026 -0.00133751 -0.00206872 -0.00219021 0.00073709 -0.000467658 -0.00283558 -0.00238105 -0.00203088 -0.00201626 -0.00392019 -0.00204799 -0.00187109 -0.00199675 -0.00284794 -0.00259973 -0.000974096 -0.0033017 -0.00236446 -0.000624039 -0.000955648 -0.00340517 -0.00312312 -0.00308997 -0.00303396 -0.00150253 -0.00230236 -0.00268613 -0.00304395 
-0.00287791 -0.00175977 -0.0024486 -6.40866e-05 -0.00179249 0.000327932 -0.0034344 -0.00503691 -0.00113641 -0.00438109 -0.00346322 0.0017729 -0.00619399 -0.00288564 0.00199123 -0.00589072 -0.00381677 -0.00836635 0.247335 -0.00968678 0.00589892 -0.00422461 -0.00650475 -0.0110535 -0.00318436 -0.00938268 -0.00958131 -0.00540815 -0.00146141 -0.00173634 -0.00295725 -0.000200651 -0.00344645 -0.00167078 -0.00353687 -0.00340911 -0.00487914 0.00042849 -0.00213685 -0.000632225 -0.00146797 -0.00215973 -0.000947702 -0.00414206 -0.0013811 -0.00170352 -0.00101207 -0.000907492 -0.0028789 -0.00012283 -0.000888632 -0.00105422 -0.00247624 -0.000662559 -0.00287239 -0.00125004 -0.00272358 -0.00405136 -0.00398004 -0.00414027 -0.00364241 -0.00665984 -0.00248067 -0.000706143 -0.000901497 -0.00324718 -0.00240055 -0.000978547 -0.00405665 -0.0025064 -0.00125912 -0.00120182 0.000198655 -0.00206096 -0.00122955 -0.00266199 -0.00087982 -0.00173458 -0.00224595 0.000979464 -0.00283455 -0.00243934 -0.00263426 -0.0029053 -0.00153714 -0.000926978 -0.00401609 -0.00362628 -4.0616e-05 -0.00190283 -0.00150395 -0.00180589 -0.0021364 -0.00357175 0.00127447 -0.00235049 -0.00130946 -0.00150867 -0.000170581 -0.00266896 
-0.00477069 -0.00295611 -0.0012432 -0.00361356 -0.000432925 -0.00353647 -0.00159336 -0.00385646 -0.00240571 0.00316309 -0.00782431 -0.00436093 -0.00130377 -0.00631805 0.000343693 -0.00525284 -0.00652328 -0.00440625 -0.00968678 0.249911 -0.00387162 -0.00119618 -0.00845393 0.000996636 -0.00207108 -0.00857304 -0.00875651 -0.00781691 -0.00674695 -0.00694624 -0.00647147 -0.00560852 -0.00271552 -0.00515229 -0.00208968 -0.00318763 -0.000191255 -0.00229075 -0.00268559 -0.0019722 -0.000541181 -0.00196993 0.000204803 -0.00427348 0.00155194 -0.00172545 -0.00228922 -0.00391004 -0.00305954 -0.000746138 -0.003373 -0.000322201 -0.00384723 -7.62185e-05 -0.00116116 -0.00243129 0.000801797 -0.00115347 -0.00177098 -0.00137835 -0.000696244 -0.00159409 -0.00273157 -2.61212e-05 -0.0016673 -0.00127156 0.000728998 -0.00223261 0.00269557 -0.00252606 -0.00325134 0.000271756 -0.00174717 -0.00309687 -0.000397389 -0.0046855 -0.00177905 -0.00204101 -0.000735726 -0.000331033 -0.0040398 -0.000530329 -0.00118277 -0.00347359 -0.00112736 -0.00328773 -0.00234587 -0.00304775 -0.00159374 -0.00091878 -0.000910115 -0.00127352 -0.00339964 -0.00134521 -0.00251933 -0.00177722 -0.00199242 -0.00178316 0.000270695 -0.00267006 
-0.000929971 -0.000788615 -0.000586101 -0.00168479 -0.00288888 -0.00328866 -0.00124259 -0.00184298 -0.000191494 -0.00488932 -0.00880673 -0.0030402 -0.0071292 -0.00831612 -0.0077898 -0.00224825 -0.00394344 0.000631142 0.00589892 -0.00387162 0.248272 0.00212398 -0.00448392 0.0031344 -0.00317966 -0.00580621 -0.00744569 -0.00836421 -0.00571335 -0.00543799 -0.00429145 -0.00195675 -0.00542398 -0.00221891 -0.00517573 -0.00233044 0.00062354 -0.00204469 -0.00123747 -0.00298895 -0.00280855 -0.00291969 -0.0026888 -0.00339156 -0.00501455 -0.00163422 -0.00176593 -0.00229701 -0.0025175 -0.00238803 -0.00398835 -0.0033823 -0.00365471 -0.00196576 -0.00128495 -0.00230604 -0.0026197 -0.00520474 0.00176069 -0.00227015 -0.00390485 -0.00072261 -0.00106844 -0.00167418 -0.00249293 -0.000114826 -0.00263061 -0.00270943 -0.00290119 -0.00314469 -0.000895671 -0.00331354 -0.00344916 -0.00342692 0.000371404 -0.000454097 -0.00283562 0.000718715 -0.00254779 -0.000375076 -3.72382e-05 -0.00209589 0.000154164 -0.00454029 -0.00276325 -0.00286462 -0.00191022 -0.00277234 -0.00245765 -0.000307727 -0.00395861 -0.00271541 -0.00182473 -0.000785342 -0.00102628 -0.000263185 -0.00271099 -0.00105281 -0.00207389 -0.00318637 
-0.00485693 -0.00125673 -0.00164557 -0.00254053 -0.00220247 -0.00142324 -0.00309915 -0.00316525 -0.00327731 -0.0036892 -0.00676589 -0.00917182 -0.00793863 -0.00508626 -0.0041198 -0.00166533 0.00721111 -0.00372189 -0.00422461 -0.00119618 0.00212398 0.249997 -0.0137631 8.06035e-05 0.00110256 -0.00441232 -0.00303898 -0.00533276 -0.00355892 -0.00490462 -0.00268777 -0.00429621 -0.00499658 -0.00474928 -0.00133755 -0.00140773 -0.00201573 -0.00243121 -0.000949059 -0.00179819 -0.00107971 -0.000785666 -0.002772 -0.00240459 -0.00279549 -0.00193301 -0.00259152 -0.00348506 -0.00363119 -0.00488906 -0.00209128 -0.00443901 -0.00086366 -0.00168378 -0.000627328 -0.00178213 -0.000823938 -0.00427442 -0.00197811 -0.00121373 -0.00397132 -0.00211437 -0.00214412 -0.00218544 -0.000154574 -0.00176482 -0.00173548 -0.00128488 -0.00286431 -0.00361712 -0.00268988 -0.00209547 -0.00316559 -0.00230677 -0.00262005 -0.00249793 -0.000842886 -0.0010371 -0.000943539 -0.00251837 -0.0043132 -0.00235002 -0.00156223 -0.00438077 -0.000908721 -0.00327997 -0.00211442 -0.00354582 -0.00199475 -0.00183716 -0.000896633 -8.82845e-05 -0.00387796 -0.000626369 -0.000645061 -0.000301873 -0.00123749 -0.00290591 -0.0023146 9.15921e-05 
-0.000791834 -0.0031882 -0.00322846 -0.00341824 -0.00336999 -0.00026002 -0.0015254 -0.000630665 -0.00412089 -0.00528452 -0.00365974 -0.00380454 0.00450908 -0.00315612 -0.00574628 -0.00706322 -0.000327062 -0.00385452 -0.00650475 -0.00845393 -0.00448392 -0.0137631 0.247253 -0.00640428 -0.00459826 0.000879695 0.00366152 -0.00197219 -0.00705208 -0.000863107 -0.00241375 -0.00418095 0.0010858 -0.00287354 -0.00195404 -0.00208868 -0.00201922 -0.00455767 -0.00289694 -0.00572838 -0.00165566 -0.00102426 -0.00358625 -0.00273565 -0.00246356 -0.000867463 -0.00418604 0.000161427 -0.000875863 -0.00250453 -0.00287097 -0.00373132 -0.00384669 -0.00232392 -0.00304841 -0.00114415 -0.00355602 -0.0022478 -0.00120283 -0.000633551 -0.00308476 -0.000831944 0.000367802 -0.000585229 -0.00270501 -0.00374729 -0.000539542 -0.00225035 -0.00232253 -0.000924941 -0.00166842 9.10706e-05 -0.00279966 -0.000148421 -0.0039361 -0.00303638 -0.00179873 -0.000264342 -0.00184947 -0.000681054 -0.00263636 -0.00154697 -0.00301328 -0.00341926 -0.00292361 -0.0013748 -0.0024005 -0.00286179 -0.00247259 -0.00274266 -0.000703981 -0.0015055 -0.0017827 -0.00194817 -0.00130005 -0.00177724 -0.00248812 -0.00177259 -0.00137761 -0.00404393 
-0.00110059 -0.000348793 -0.00237659 -0.00583848 -0.000687152 -0.00513477 -0.00148212 -0.00133981 -0.000422146 -0.00061505 -0.00560747 0.00284441 -0.00138768 -0.0118021 -0.00245774 -0.00777172 0.00331682 -0.00704452 -0.0110535 0.000996636 0.0031344 8.06035e-05 -0.00640428 0.24757 -0.0015101 -0.0106794 -0.00637486 0.0032951 -0.00695908 0.000401967 -0.00573626 -0.00544465 -0.00397449 -0.00482701 0.00105543 -0.001331 -0.00306554 -0.00263666 -0.00325221 -0.00355547 -0.00308015 -0.00288934 -0.00494887 -0.00212664 -0.00229144 -0.00317141 -0.00292043 -0.00273988 -0.00251417 -0.00100186 -0.00013077 -0.00115026 -0.00397811 -0.00303773 -0.0019452 -0.000412289 -0.00211167 -0.00297691 -0.00161217 0.00212057 -0.000858478 -0.00251055 -0.00306448 -0.00132847 -0.000618551 -0.00211675 -0.00349725 -0.00154577 -0.00440005 -0.00220011 -0.00192909 -0.00539756 -0.000662832 -0.00384609 -0.000518783 -0.00250148 -0.00486215 -0.00113781 -0.00162174 -0.00376372 0.00109574 -0.00193947 -0.00260358 -0.00159898 -0.00127196 -0.00334732 0.000157623 -0.00192201 -0.00217979 -0.00221125 -0.00383536 -0.00164757 -0.00217616 -4.01726e-05 -0.003769 -0.00262672 -0.00362246 -0.00157146 -0.00205176 -0.00201216 
-0.00481329 -0.00462907 -0.0022151 -0.00212226 -0.00126288 -0.00325195 -0.00228452 -0.00169839 -0.00649524 -0.00114389 -0.0053192 -0.00846762 -0.0106723 -0.00463966 -0.00267394 0.00207531 -0.012672 -0.00265326 -0.00318436 -0.00207108 -0.00317966 0.00110256 -0.00459826 -0.0015101 0.245286 -0.00581283 -0.00344967 -0.000462164 -0.00193364 -0.0099243 -0.00222238 -0.00384785 -0.0117612 -0.000109802 -0.00313434 -0.0028729 -0.00109318 -0.00144656 -0.000843003 -0.00317332 -0.00200854 0.000831307 -0.000713513 -0.00123005 -0.002172 -0.00361451 -0.00192912 -0.00314991 0.000302005 -0.00580402 -0.000942707 -0.00274578 -0.00156801 -0.000732878 -0.00347694 0.000431601 -0.00400718 -0.000461184 -0.000935188 -0.00144045 -0.00360672 -0.00284294 -0.000617029 -0.00203537 -0.000805753 -0.00163675 -0.000125317 -0.00147713 -0.0040909 -0.00160149 -0.00106504 -0.00053135 -0.000787004 -0.000856887 -0.00310301 -0.00231769 -0.00205472 -0.0029246 -7.83101e-05 -0.00348969 -0.0037798 -0.0032142 -9.04673e-05 0.000610071 -0.00140993 0.000184027 -0.00242226 -0.00111697 0.000208746 -0.00073255 -0.00212219 -0.00324923 -8.03975e-05 -0.00187986 -0.00163138 -0.0012802 -0.00258037 -0.000322789 -0.00399363 -0.00450056 
-0.000687698 -0.0023888 -0.00032871 -0.00130191 -0.0003409 -0.00266313 -0.00150777 -0.00195991 -0.00222344 -0.00100504 -0.00361572 -0.00637105 0.000756983 -0.00200369 -0.0131468 -0.00562015 -0.00773785 -0.00327904 -0.00938268 -0.00857304 -0.00580621 -0.00441232 0.000879695 -0.0106794 -0.00581283 0.223924 -0.00666833 -0.00869886 0.00432912 -0.00485074 0.000304891 -0.00447797 -0.00206399 -0.00400936 -0.000358138 -0.00100852 -0.00247983 -0.00139233 -0.00336824 -0.0013215 -0.00317403 -0.00256962 -0.00119212 2.42734e-05 -0.00177299 -0.000471011 -0.000245595 -0.00101493 -0.00271634 -0.0039901 -0.00171916 -0.00280499 -0.000254572 -0.00215162 -0.00243055 -0.0015009 -0.000151154 -0.00276047 -0.00147987 -0.00196514 0.000379698 0.00106701 -0.00113565 -0.00192953 -0.00174016 -0.000943579 -0.000688689 -0.00185332 -0.000860644 -0.00249916 -0.00109914 -0.00148281 -0.000632975 -0.00211916 -0.00025513 -0.000918939 -0.00245954 -0.00233751 -0.000663921 -0.000166379 -0.00015962 -0.00293928 0.00196464 -0.00249654 -7.6367e-05 0.000519166 -0.00140106 -0.00067832 -0.00252705 -0.00218028 0.000194455 -0.00288515 -0.00309538 -0.00123937 -0.00218174 -0.00208625 -0.00374533 -0.00309849 -0.00129113 -0.00256503 
-0.00140714 -0.00291472 -0.00140797 0.000109594 -0.00105629 -0.00358345 -0.00602031 -0.000124522 -0.000216983 -0.00672899 -0.00147488 -0.00190415 -0.00313378 -0.00629958 -0.00435986 -0.00409053 -0.00689834 0.00632219 -0.00958131 -0.00875651 -0.00744569 -0.00303898 0.00366152 -0.00637486 -0.00344967 -0.00666833 0.226663 -0.00159412 -0.00144386 -0.0050452 -0.00532904 -0.00253723 -0.00184302 -0.00100422 -0.00190673 -0.00160189 -0.00549433 -0.000956745 -0.000564578 -0.00154511 -0.00110944 -0.000648599 -0.00500721 -0.00175797 -0.00214184 0.000504235 -0.00319294 -0.0023539 -0.00398967 -0.000940966 -0.00166812 -0.00149037 -0.0021844 -0.00088729 -0.00370329 -0.0021807 0.000943856 -0.000121537 -0.00240163 -0.00352341 0.000481183 -0.0035087 -0.00193278 -0.00284522 -0.00251119 -0.00235496 0.000122124 -0.00172617 -0.000865926 -0.00186264 -0.00280482 -0.000378526 -0.00297186 -0.0036004 -0.000698252 -0.00180991 0.000186154 0.000756065 -0.00353026 -0.0024848 -0.00235486 -0.00365669 -0.0022418 -0.00221205 -0.00168876 -0.00121323 -0.000223449 -0.000980994 -0.00333411 -0.00249265 -0.00370305 -0.00243517 0.00118289 -0.0021331 -0.00131823 -0.00297026 -0.000385105 -0.00252159 -0.00163418 -0.000440846 
0.000321855 -0.00419075 0.00141257 -0.00121799 -0.0026063 -0.00124514 -0.0024496 -0.00459692 -0.00311456 -0.00263348 -0.00651966 -0.00229073 0.00209837 -0.0093509 -0.00263061 -0.00418664 0.00251677 0.00343428 -0.00540815 -0.00781691 -0.00836421 -0.00533276 -0.00197219 0.0032951 -0.000462164 -0.00869886 -0.00159412 0.227815 -0.00372286 -0.00920779 -0.00385662 0.000235395 0.00153599 -0.0038679 -0.00295258 -0.00181587 -0.00555814 -0.0015904 -0.00265973 -0.00161594 -0.00294389 -0.0028306 -0.00236103 0.000461664 -0.00330106 -0.000401552 -0.00357438 -0.00179474 -0.00112403 -0.00362367 -0.00297928 -0.000295105 -0.00229442 -0.00218315 0.00136911 -0.00270809 -0.00256142 0.000433392 -0.00516558 -0.0027054 -0.00454472 -0.00201154 -0.00126335 -0.00162106 -0.00212518 -0.00260797 -0.00135732 -0.00283917 -0.00392192 -0.0021134 -0.000734145 -0.0019882 -0.00123249 -2.88291e-05 -0.00563619 -0.00165442 -0.00325068 -0.00126865 -0.00340561 -0.00149667 -0.00278199 -0.000901894 -0.000400576 -0.002294 -0.00144678 -0.00220491 -0.001318 -0.00176958 -0.0021324 -0.00620409 -0.000834208 -0.00175886 0.000828344 -0.00210214 -0.00241635 -0.00166927 -0.000115923 -0.000492082 -0.000708223 -0.00272725 
-0.000291303 -0.00256814 -0.00028595 -0.0033595 -0.000995805 -0.000168688 -0.00438699 -0.00140603 -0.00324305 -0.000832805 -0.00244794 -0.00640871 -0.00656663 -0.0039999 -0.00594364 -0.0033405 -0.00473911 6.70157e-05 -0.00146141 -0.00674695 -0.00571335 -0.00355892 -0.00705208 -0.00695908 -0.00193364 0.00432912 -0.00144386 -0.00372286 0.205132 -0.00390576 -0.00219678 -0.00433927 -0.00313557 -0.000393456 -0.000367636 -0.00268724 -0.0037402 -0.00244543 -0.00207701 -0.000193926 -0.0019539 -0.00136393 -0.000910399 -0.00145305 -0.00451745 -0.0036009 -0.00112995 -0.00137352 -0.00150179 -0.00180975 -0.000987364 0.000345224 -0.000925102 0.000378869 -0.00185642 -0.00161338 -0.00184259 -0.00320508 0.000169349 -0.00105566 -0.00107639 -0.00314217 -0.000172607 -0.00153452 -0.00340398 -0.000776203 -0.00295055 -0.00276576 -7.85373e-05 -0.00165765 -0.00112465 -0.00159612 -0.00293503 -0.00295777 -0.00139586 -0.000796263 -0.0011734 -0.00228234 3.06003e-05 -0.00139842 -0.000553301 -0.000156244 -0.00339278 -0.0016461 0.000858921 -0.0014018 0.000164303 -0.0012331 -0.00284635 -0.00105859 -0.00340162 -0.000861691 -0.00133853 0.000807157 -0.00226501 -0.00198097 -0.00112648 -0.00155508 -0.00283572 -0.00525136 
0.000424431 -0.00299906 -2.13183e-05 -0.000962577 -0.000947468 -0.00212585 -0.000413597 0.000491264 -0.00353208 -0.000949642 -0.00163796 -0.00198507 -0.00370717 -0.00275761 -0.00263192 -0.00535661 -0.00395834 -0.0042365 -0.00173634 -0.00694624 -0.00543799 -0.00490462 -0.000863107 0.000401967 -0.0099243 -0.00485074 -0.0050452 -0.00920779 -0.00390576 0.173678 -0.00144596 0.000129996 -0.00167996 0.00140277 -0.00163559 -0.00269801 -0.000380494 -0.000859726 -0.00128864 -0.00201371 -0.00215059 -0.00257165 -0.00216181 -0.000519879 3.48319e-05 -0.00230997 -0.00254184 3.04376e-05 -0.000851055 0.000443875 -0.00154973 -0.00238079 -0.00350003 -0.00264542 0.000112292 -0.00183537 -0.00222221 -0.000759752 -0.000683453 0.000186487 -0.0014281 -0.00250657 0.000573763 -0.000331208 -0.0023835 -0.000908444 -0.000926478 -0.000388365 -0.00183804 -0.00190307 -5.17595e-05 -0.00180602 -0.00145593 -0.000540942 -0.000536886 -0.00167932 -0.00122874 -0.00108857 -0.00126692 -0.000114175 -0.000267014 -0.00122919 -0.0024452 0.000128088 -0.00254643 -0.00108751 -0.00144893 0.000287799 -0.00119859 -0.00111195 -0.00240403 -0.000560789 6.30799e-06 7.85281e-05 -0.00173233 -0.00231142 -0.00219864 -0.0018798 -0.00157913 -0.000296675 
-0.00114602 -0.000278383 -0.000999488 -6.68667e-05 -0.00102028 -0.00216841 -0.000739999 -0.00131234 -0.00258699 -0.0015654 -0.00305088 -0.00203179 -0.00313441 -0.00107882 -0.00140636 -0.00541224 -0.00324287 -0.00777587 -0.00295725 -0.00647147 -0.00429145 -0.00268777 -0.00241375 -0.00573626 -0.00222238 0.000304891 -0.00532904 -0.00385662 -0.00219678 -0.00144596 0.135226 -0.00103822 -0.00113889 0.000198171 3.42673e-05 0.00108849 0.000402888 -0.000840168 -0.000393717 -0.000348311 -0.00144116 -0.00213259 -0.00155719 -0.000747218 -0.000273251 -0.0016001 -0.00130813 -0.000755532 -0.000587809 -0.00126516 0.000462806 -0.000367512 -0.000932134 -0.000320528 -0.00169106 -0.00215678 -0.000915757 -0.000521006 -0.00176817 -0.000744753 -0.00141471 0.000214576 -0.000606738 -0.0017889 -0.000375311 -0.000240074 -0.000238159 -0.00107316 -0.000897113 -0.000244803 -0.00080055 -0.00018499 -0.0017126 -0.0015495 -0.000484427 -0.00102892 -0.00121539 -0.000819041 -0.00102457 -0.00180009 0.000258315 -0.000249518 -0.00108238 0.000131091 -0.000992456 -0.00116431 -4.05912e-05 -0.00146441 -0.00148127 0.000269562 -0.00114987 -0.00115205 -0.000575767 -0.00025692 -0.00146728 -0.00198443 -0.00101162 -0.000232459 -0.00218271 -0.00113283 
-0.00186975 -0.00183671 -0.000453337 -0.000858868 -0.00114065 -0.00155573 -0.00244422 -0.00242314 -0.0010878 -0.00261486 -0.00185043 -0.00454971 -0.00224461 -0.00323788 -0.00559376 -0.000687317 -0.00371284 -0.00689426 -0.000200651 -0.00560852 -0.00195675 -0.00429621 -0.00418095 -0.00544465 -0.00384785 -0.00447797 -0.00253723 0.000235395 -0.00433927 0.000129996 -0.00103822 0.139436 -0.00071742 2.60952e-05 -0.000681838 0.000567048 0.000878776 -0.000320091 -0.000288625 0.00110722 -0.000743537 -0.00313076 -0.000698262 -0.0016001 -0.00185919 -0.000780998 -0.00224796 -0.000371473 -0.00197016 -0.000222481 -0.000709464 0.000421663 -0.000521583 -0.000420499 -0.000127509 -0.000902203 -0.0018991 -0.000628734 -0.000426362 -0.00179349 -0.00184286 -0.00176961 -0.000713854 -0.00109757 -0.000998768 -0.000917158 -0.000190904 -1.4409e-06 -0.000242072 -0.000667314 -0.000948308 -0.000701171 -0.00224717 -0.00094617 -0.000510854 -0.000592877 0.000158215 -0.000873351 -0.00119793 -0.00104423 -0.00186763 -0.000735765 -0.00161731 -0.00052213 0.00065003 -0.000120975 -0.00242621 0.00027537 -0.00127048 -0.0020062 -0.00220623 -0.00159766 -0.000751239 -0.000751569 -0.000611202 -0.000852269 -0.00112333 -0.000107526 -0.000630014 -0.00113799 
