0.0768937 0.000269877 5.61526e-05 0.000145933 -0.000454901 -0.000868697 -0.000276082 -0.000477595 -0.000850423 -0.00142898 -0.000148149 -0.00103193 -0.00202815 -0.000789066 -0.000798915 -0.00180444 -0.00220727 -0.00206218 -0.000381102 -0.000992877 -0.00181771 -0.00376844 -0.00247258 -0.00288398 -0.00200972 -0.00191792 -0.000907232 -0.00203237 -0.00296355 -0.000267708 -0.00141925 -0.000244547 -0.00132282 -0.000596167 0.000103146 -0.000893021 -0.000679085 -0.000608128 -0.000842471 -0.000400728 -0.000850863 -0.000101268 -0.000734563 -0.000167791 -0.000393189 -0.000322608 -0.00114493 -0.00116158 -0.000633674 9.76131e-05 -0.000125897 0.000490693 -0.000507829 -0.000474524 -0.000305609 -0.000854013 -0.000393728 -0.000342446 -0.000806008 -0.00108986 -0.000376961 -0.000470111 -0.000402825 -0.000540031 6.99274e-05 -0.000771044 -0.000315385 -0.000464501 -0.000654229 -0.000628928 -0.00108597 -0.000783841 -0.000212564 -0.000454914 -0.000530701 -7.71404e-05 -0.00100767 -0.0011505 -0.000478914 -0.00136401 -0.000952524 -0.000779686 -0.000597277 -0.000803991 -0.000861426 -0.00115079 -0.000822032 -0.000937206 -0.000174473 -0.000268329 -0.000371406 -0.000250237 -0.00103205 5.78132e-05 -0.0010238 0.000465308 -0.00102167 1.10646e-06 -2.14601e-05 -0.000754151 
0.000269877 0.0842489 -0.000443122 -0.000774801 -0.00116365 -0.000982377 -0.000797939 -0.000703471 -0.00235241 -0.00110231 -0.00182981 0.000162415 -0.00169404 -0.00217637 -0.0015768 -0.00295961 -0.00219836 0.000457407 -0.000490693 -0.00166788 -0.00176204 -0.0016921 -0.00135214 -0.000214076 -0.00221841 -0.00382743 -0.00178545 -0.00232649 -0.00208835 -0.00123322 -0.00196601 0.000394282 -0.000647727 -0.00187161 -0.000739127 -0.000512112 -0.00117971 -0.00103805 -0.000911025 -0.00031041 -0.00059021 -0.000240881 -0.00112542 -0.000387759 -0.00031863 -0.000278697 -0.000451807 -0.000711569 -0.00072011 -0.00152349 0.00011642 -0.000329484 -0.00101442 -0.000903814 -0.000658452 -0.000387414 -0.000569117 -0.000922114 -0.00120784 -0.00196994 0.000273359 0.000114887 -2.86017e-05 -0.000698132 -0.000818124 -0.000607604 -0.000920088 -0.00124673 -0.000834157 -0.000828542 -0.000834847 -0.00108436 -0.00113016 -0.000387607 0.000176607 -0.00107499 -0.00033237 -0.000244716 -0.000846709 -0.000655602 -0.000121802 -9.36552e-05 -0.000490258 -0.000232461 -1.76666e-05 -0.000812683 -0.00044722 -0.000870018 -0.000186083 0.000392995 -0.00100531 -0.00111429 -0.000234582 -0.000618107 -0.000255635 -0.000760276 -0.000518483 -0.000422876 -0.000286712 -0.000645361 
5.61526e-05 -0.000443122 0.0709668 -0.000285605 -0.000312538 -0.000637208 -0.000637613 2.83348e-05 -0.000186216 -0.000289781 -0.00229831 -0.00186941 -0.00103751 -0.00180829 -0.00142736 -0.00372837 -0.00328193 -0.00360466 -0.00241623 -0.000739999 -0.00113599 0.000780289 -0.00234063 -0.0023358 -0.00421196 -0.00232441 -0.00174006 -0.00220356 0.000216379 -0.000743568 -0.000577171 -0.00192509 0.000624361 -7.7948e-05 0.00030181 -0.000271872 -0.000953247 -0.000729051 -0.000180949 -0.000172406 0.000204965 0.000170446 -0.000226275 -0.000698648 -0.000511471 -0.000837255 -9.14027e-05 -0.000541661 -0.000149316 -0.0010182 -0.00101218 -7.18327e-05 -0.000327857 -0.000323479 -0.00035127 -0.000673153 -0.000469025 -0.00072809 -0.000419466 -0.000425609 -0.000461387 -0.000805705 -0.000545256 -0.000665347 -0.000432703 -0.000531509 -0.000608592 -0.000997337 -0.000220192 3.93831e-07 7.89826e-05 -0.000211822 -0.000612019 -0.0010018 -0.000210356 -0.000160324 -9.2815e-06 -1.71532e-05 -8.64098e-05 -0.000280091 9.92103e-06 -0.000452712 -6.24709e-06 -0.000570744 -0.000422923 -0.000652508 -0.000161803 -0.00061799 -0.000335736 -0.000402872 -0.000478405 -9.9731e-05 -0.00112318 -0.00101107 -0.00100476 -0.000870424 -0.000587397 -0.000474112 -0.000251394 -0.000253512 
0.000145933 -0.000774801 -0.000285605 0.0826012 0.000113574 1.91205e-05 0.00014538 -0.000774638 -0.00154375 -0.00134274 -0.00142024 -0.00122833 -0.00258022 -0.00226753 -0.0011579 -0.000531339 0.00143285 -0.00309003 -0.00387333 -0.00202243 -0.00381411 -0.000938214 -0.000653617 -0.00568132 -0.00145758 -0.00136872 -0.000944311 -0.00133031 -0.00261637 -0.00227125 -0.000356147 -0.0013366 -0.000952572 -0.000937928 -0.000946862 -0.000693846 -0.000661493 -0.00103433 -0.000788372 -0.00101288 -0.000559088 -0.0010707 -0.000477229 -0.00080874 -0.000540879 8.25997e-06 -0.000297678 -0.000956032 -0.000616439 -0.000572616 -0.000982358 -0.000405783 -0.000560792 -0.00130251 -0.000409194 -0.000159778 -0.000290064 -0.000257236 -0.00093903 -0.00111418 -0.000613488 -0.0014911 -0.000197012 -0.000606744 -0.000427958 -0.000278934 -0.000806379 -0.00115579 -0.000781973 -0.000659906 -0.000627134 -0.000203109 -0.000380136 -0.000537193 -0.000710107 -0.000945844 -0.000712612 3.74422e-05 2.25163e-05 3.21193e-05 -0.000210759 0.000155107 -0.000671039 -5.23726e-05 -0.000291102 -0.000676276 -0.000681537 -0.000476723 -0.00082134 -0.000214908 -0.000228685 0.000200878 -0.000381225 -0.000927176 -0.000474464 -0.000182861 -0.000160793 -0.00068276 -0.000844441 -0.000790438 
-0.000454901 -0.00116365 -0.000312538 0.000113574 0.0952735 -0.000440673 0.000371298 0.000197215 0.000701008 0.000417169 -0.00217886 -0.00347541 -0.00199869 -0.0026647 -0.000753942 -0.00238328 -0.00325823 -0.00017397 -0.00393869 -0.00224088 -0.00458267 -0.00201333 -0.00265521 -0.00182311 -0.00192122 -0.00561094 0.00207275 -0.0031409 -0.00361771 -0.00193098 -0.00027604 -0.00077423 -0.000577498 -0.00136269 -0.0012361 -0.00108291 0.000433735 -0.00204616 -0.001592 -0.000674816 -0.00141479 -0.000462786 -0.000574267 -0.000404532 -0.000910648 7.01542e-05 -0.000309785 -0.000879862 -0.000693799 0.000234296 -0.000264652 -0.000457758 -0.00074264 -0.00240671 -0.000689608 -0.000161957 -0.000739849 -0.00108556 -0.00117078 -0.000405655 -0.000621601 -0.000199593 -0.00055926 -0.00104473 -0.00102942 -4.1785e-06 -0.000640387 -0.0012804 -0.000182933 -0.00173682 5.55013e-06 -0.00106573 -0.000646614 0.000178034 -0.000560155 -0.000187232 -0.000150077 -0.00140042 -0.000695817 -0.000971813 -0.000822768 -0.000871316 -0.000334175 -0.00039219 -0.000950731 -0.00044925 -0.000968999 7.13231e-05 -0.000682526 -0.000565655 -0.000830077 -0.000917861 -0.000736073 2.90448e-05 0.000322543 -0.000905486 -0.000310976 2.17517e-05 -0.000691218 -0.00097393 
-0.000868697 -0.000982377 -0.000637208 1.91205e-05 -0.000440673 0.125233 0.000770787 -0.00228171 0.00195138 0.000903268 -0.00323858 -0.00361928 -0.00260239 -0.00193308 -0.00464954 -0.00443504 -0.00462495 -0.0018707 -0.00614735 -0.00107587 -0.0006976 0.000334321 -0.00404734 -0.00243184 -0.00159486 -0.00210742 -0.00197143 -0.00352135 0.00121939 -0.00377241 -0.00293687 -0.00266228 -0.00103418 -0.00153332 -0.000990436 -0.00163463 -0.0019603 -0.0016273 -0.000300569 -0.000239628 -0.00115688 -0.000935303 -0.000830222 -0.000427021 -0.00238242 -0.00140783 -0.00113752 -0.000305521 -0.000881408 -0.000684019 0.000267301 0.00079379 -0.00100094 -0.000921634 -0.000618545 -0.000450978 -0.00161815 -0.000215171 -0.00170276 -0.00111044 -0.000129119 -0.00107182 -0.00116267 -0.00173374 -0.00217295 -0.00109481 -0.00140385 -0.00181712 -0.000498169 -0.00137205 -0.00129003 -4.96894e-05 -0.000993486 -0.000972124 -0.00183533 -0.000414644 -0.000659074 -0.000898804 -0.00108657 -0.00135522 -0.000265908 -0.00102045 0.000425722 -0.000359662 -0.0013963 -0.000653227 -0.000782045 -0.000489915 -0.00050002 -0.00115037 -0.00170237 -0.0017698 -0.000345165 5.50229e-05 -0.00211962 -7.63213e-05 -0.00121971 -0.00121729 -0.00136481 -0.00127083 
-0.000276082 -0.000797939 -0.000637613 0.00014538 0.000371298 0.000770787 0.10198 -0.000647228 -0.000768516 -0.00093689 0.00192957 -4.11916e-06 -0.00234902 -0.0034588 -0.000672732 -0.00411499 -0.00254151 -0.00113901 -0.00413843 -0.00470568 -0.00365976 -0.00268181 -0.00122928 -0.00145496 -0.00245007 -0.00681817 -0.000837614 -0.00246905 -0.000820938 -0.00277898 -0.00138162 -0.00162097 0.000373914 0.000235325 -0.00184525 -0.000837932 -0.00124653 -0.00250693 -0.000835936 -0.000730087 -0.00111984 0.00022324 0.000690553 0.00016864 -0.00124178 -0.000623432 -0.00164631 -0.00115397 -0.00112814 -7.9205e-05 -0.00108808 -0.00117618 -0.000992988 -0.000719415 -0.000736874 -0.000728024 -0.00147469 -0.000595078 -0.000718447 -0.00176706 0.000516581 -0.00117493 -0.0013551 -0.000430476 -0.000444985 -0.000495072 -0.000311561 -0.00175752 0.00012498 -0.00149817 -0.00190397 -0.000921937 -0.00140667 -0.00155121 -0.00102483 0.000133646 -0.00153934 8.53739e-05 8.16632e-06 0.000960234 0.000134682 -0.000645296 -0.000363731 -0.000585238 -0.000417474 6.71941e-05 -0.000321012 -0.00137948 -0.000877136 -0.000688337 -0.000853105 -0.000420306 0.000195285 -0.000905776 -0.000162919 -0.000277055 -0.000866853 -0.00125318 -0.00210238 -0.00079627 
-0.000477595 -0.000703471 2.83348e-05 -0.000774638 0.000197215 -0.00228171 -0.000647228 0.110169 0.000128382 -0.000661413 0.00118664 -0.001103 -0.000715036 -0.00103668 -0.00539386 -0.00258394 -0.00318337 -0.00212936 9.83203e-05 -0.00387434 -0.00234034 -0.00236699 -0.00584633 -0.00518962 -0.00211387 -0.0017382 -0.00241153 -0.00359217 -0.00396693 -0.000679013 -0.00160715 -0.00310571 -0.00147301 -0.00103462 -0.000648346 -0.000488833 2.41782e-05 -0.0003865 -0.00334337 -0.000626151 -0.0014184 -0.000409165 -0.000603047 0.000293886 -0.00109777 -0.00129308 -0.000744846 -0.00141865 -0.00063589 -0.000991081 0.000259843 -0.000435076 -0.00137752 -0.00124411 -0.00182583 -0.000161514 -0.0016247 -0.00131941 0.000938814 -0.00113116 -0.000806596 -0.00148466 5.4606e-05 -0.000733192 -0.000416331 -0.000348061 0.000297207 -0.00170487 -0.000297992 -0.0011855 -0.00110883 -0.000455341 -0.000867446 -0.00199372 -0.00013826 -0.00049769 6.54766e-05 -0.000672049 -4.24044e-05 -0.00168697 -0.000637643 -0.00051159 -0.00019913 -0.000662346 0.000138566 -0.000482576 -0.000483118 -0.00118231 -0.00115502 -0.00118135 -0.000924994 -0.00089496 -0.00189488 6.30261e-05 -0.00135747 -0.00118548 0.000292658 -0.00066451 0.000553808 -0.00067757 
-0.000850423 -0.00235241 -0.000186216 -0.00154375 0.000701008 0.00195138 -0.000768516 0.000128382 0.128473 -0.00191142 0.00061003 -0.00101375 -0.00277493 -0.00129579 -0.00374368 -0.00377386 -0.0021901 -0.00271434 -0.00717222 -0.00574698 -0.00255188 -0.000729213 -0.0023672 -0.000151156 -0.00107149 -0.00333127 -0.00106372 -0.00513496 -0.00418842 -0.00273592 -0.00138377 -0.00244315 -0.000585325 -0.00222343 -0.000823508 -0.00111696 -0.000545287 -0.00260681 -0.000767839 0.000273711 -0.00104252 -0.00166975 -0.000168603 -0.000524285 -0.000973864 -0.000794506 -0.000682908 0.000188237 -0.00167806 -0.00274754 -0.00145777 -0.00209235 -0.000275167 -0.00144134 -0.00119123 -0.00115297 -0.00103627 -0.00122784 -0.000180544 -7.37279e-05 -0.000143851 -0.000874317 -0.000101247 -0.00166281 -0.000895915 -0.00156611 -0.00141101 3.33102e-05 -0.00171551 -0.000481439 -0.000675257 -0.000117036 -0.00255661 -3.19709e-05 -0.00145608 -0.000853054 -0.000842176 -0.0015384 -0.00105129 -0.00112222 -0.0016308 -0.000916618 -2.22676e-05 -0.000262745 -0.000869631 -0.00118743 -0.0012341 -0.000946621 -0.000326162 -0.000244696 -0.00136855 -0.00140992 -0.000410108 -0.000939221 -0.00237474 -0.000112632 -0.00193477 -0.000152482 -0.00143334 -0.0012145 
-0.00142898 -0.00110231 -0.000289781 -0.00134274 0.000417169 0.000903268 -0.00093689 -0.000661413 -0.00191142 0.136125 -0.000359905 -0.000822221 -0.00217773 -0.000944896 -0.00569619 -0.00201055 -0.0016637 -0.00455846 -0.00260385 -0.00560465 0.000230113 -0.00476749 0.000792964 -2.1269e-06 -0.00242951 -0.00433257 -0.00454955 0.000283103 -0.00292772 -0.00350784 0.00119683 -0.00348059 -0.00134225 -0.00207953 -0.00127811 -0.000906366 -0.00189296 -0.00133056 -0.00157667 -0.000658442 -0.000875154 -0.00182742 -0.000704312 -0.00155505 -0.00210169 -0.0014509 -0.000594701 -0.00155988 -0.00159901 -0.00106991 -0.00198622 -0.00100776 -7.96881e-05 -0.00178681 -0.00133979 -0.00219968 -0.0016891 -0.00107936 -0.0022 -0.000893266 -0.0022868 -0.000943699 -0.00176634 0.000249035 -0.000676261 -0.00106202 -0.00148047 -0.00169017 -0.000748349 -0.00243904 -0.00154519 -0.000883475 -0.000462671 -0.0027711 -0.000780419 -0.0010167 -0.000874839 -0.000520003 -0.001583 -0.00174337 -9.93083e-05 -0.00084702 -0.00101292 -0.00023804 -0.00143293 -0.000792972 -0.000755045 -0.00100361 -0.000535969 -0.00110216 -0.00114263 -0.000370712 -0.00130894 -0.00105215 -0.00124025 -0.000786738 -0.00031803 1.78998e-05 -0.00111314 -0.00101165 
-0.000148149 -0.00182981 -0.00229831 -0.00142024 -0.00217886 -0.00323858 0.00192957 0.00118664 0.00061003 -0.000359905 0.161522 -0.00408657 -0.00251471 0.000505173 0.00137852 -0.00353541 0.000637571 -6.4691e-05 -0.00609853 -0.00051817 -0.00171279 -0.00691879 -0.00584532 8.74725e-05 -0.00200944 0.000509879 -0.00781557 -0.00355527 -0.00644894 -0.00269501 -0.00296543 -0.00390586 -0.00360639 -0.000965579 -0.0037511 -0.00373579 -0.00179157 0.000145434 -0.00170654 -0.00214467 -0.00227477 1.67434e-05 -0.00216891 -0.00132965 -0.00118015 -6.15715e-05 -0.00176444 -0.00152687 -0.00169114 -0.000781366 -0.00363039 -0.00194581 -0.00255657 -0.00198758 -0.00301959 -0.00223683 -0.000570766 -0.00105313 -0.00206015 -0.000713921 -0.0015249 0.000712752 -0.00164341 -0.000959989 -0.00150981 -0.000991418 0.000284058 -0.000979105 0.000201918 -0.00218667 -0.00156887 -0.00082855 0.000667718 -0.000806142 -0.00148617 -0.000997361 -0.00113432 -0.0030278 0.001013 -0.00235757 -0.000809611 -0.000803709 -0.0010203 -0.00175311 -0.0015056 -0.00156762 -0.000940995 -0.00135123 -0.00177653 -0.00216935 0.000313652 -0.000795094 -0.000998013 -0.000288073 -0.00240612 -0.00135045 -0.0012871 -0.00241429 -0.00260338 -0.00146008 
-0.00103193 0.000162415 -0.00186941 -0.00122833 -0.00347541 -0.00361928 -4.11916e-06 -0.001103 -0.00101375 -0.000822221 -0.00408657 0.184485 -0.00283907 0.00134625 -0.00358323 0.000681916 0.00218101 -0.00556814 -0.00897564 -0.00588965 -0.00575575 -0.00371437 -0.00231008 -0.00690175 -0.00414898 -0.00135496 -0.00133362 -0.00522586 -0.0022377 -0.00736263 0.000682665 0.00121254 -0.00128101 -0.00405895 -0.00423159 -0.00325859 -0.00170351 -0.00312965 -0.00270577 -0.00105227 -0.00174136 -0.00179268 0.00102141 -0.00215964 0.000660893 0.000400539 -0.00312958 -0.00174059 -0.00163844 0.000132222 0.000678549 -0.00214305 -0.000747854 -0.00165584 -0.00227659 -0.000543078 -0.00144001 -0.00256287 -0.000451217 -0.00141192 -0.00102991 -0.0022161 -0.0019068 0.00159221 -0.0021348 -0.000834867 -0.00254969 -0.00363166 -0.00184348 -0.00239764 -0.000777853 -0.00143638 -0.00364514 -0.00135787 -0.00124544 -0.00200035 -0.00137263 -0.00276005 -0.00135368 -0.000666696 -0.0011285 -0.00093058 -0.000666304 -0.00254142 -0.00138915 -0.000637576 -0.00202702 -0.00101754 0.000223461 -0.00169583 -0.00157266 -0.001471 -0.000958049 -0.00151203 -0.00241182 -0.00151398 -0.000656965 -0.00221762 -0.00271829 -0.000922301 
-0.00202815 -0.00169404 -0.00103751 -0.00258022 -0.00199869 -0.00260239 -0.00234902 -0.000715036 -0.00277493 -0.00217773 -0.00251471 -0.00283907 0.173399 0.0016986 -0.00273277 0.00178304 -0.00314465 -0.00782502 0.000881705 -0.00266565 -0.00369975 -0.00290304 -0.00257819 -0.0092143 -0.00785378 -0.00206668 -0.0056851 -0.00379335 -0.00219629 -0.000997005 -0.00180041 -0.000770962 -0.00272781 0.00166204 -0.00306948 -0.00116862 -0.00258256 -0.0020952 -0.000588683 -0.000317175 -0.00156519 -0.00098356 -0.0023687 -0.00143621 -0.00294373 -0.00152175 -0.000608506 -0.00175808 -0.000257653 -0.00209318 -0.000309737 -0.00208406 -0.00142576 -0.00151028 -0.00168129 -0.0011306 0.00157721 -0.00130663 -0.00211848 -0.00136606 0.000340053 -2.27082e-05 -0.00263555 -0.00207727 -0.00141884 -0.000100899 -0.00168975 -0.00139533 -5.96044e-06 -0.00331914 -0.000618893 -0.00165866 -0.00116634 -0.00196562 -0.0032844 -0.00151017 -0.000530768 -0.00140034 8.98673e-05 -0.00170334 -0.00211834 -0.00121491 -0.00185526 -0.00177659 -0.00201476 -0.000477537 -0.00131368 -0.00241002 -0.002 -0.00134967 -0.00175241 -0.000787389 -0.000824084 -0.00213386 -0.00283378 -0.00104355 5.80605e-05 -0.00156981 -0.000196257 -0.00105618 
-0.000789066 -0.00217637 -0.00180829 -0.00226753 -0.0026647 -0.00193308 -0.0034588 -0.00103668 -0.00129579 -0.000944896 0.000505173 0.00134625 0.0016986 0.199995 -0.0062859 -0.000400678 -0.00343213 -0.0017235 0.000195451 -0.00911927 0.000356267 -0.00456333 -0.00629534 -0.00490082 -0.00137124 -0.00392905 -0.0049777 -0.00150763 -0.00533163 -0.00215047 -0.00422986 -0.000929311 -0.00325666 -0.00364916 -0.0017591 -0.0042155 -0.00206879 -0.00424924 -0.00117448 -0.00180372 -0.000985668 -4.67752e-05 -0.0027419 -0.000433958 -0.00435324 -0.00213077 -0.00316946 -0.000803369 -0.00367727 -0.00095692 -0.000922692 -0.000289075 -0.00130915 -0.00211285 -0.0021998 -0.00341011 -0.000250094 -0.00384931 -0.00151972 -0.000203211 -0.00140062 -0.00102493 -0.00153031 -0.00298278 -0.00179572 -0.00380278 -0.00130107 -0.000885827 -0.000214879 -0.00348104 -0.0020409 -0.000432514 -0.000483114 -0.000996811 -0.00130773 -0.00118189 -0.00244845 -0.00419763 -0.00103221 -0.00213211 -0.00204792 -0.00118017 -0.000842962 0.000370156 -0.00175656 -0.0010061 -0.0017327 -0.00136997 -0.00103906 -0.00141647 -0.00297591 -0.00324401 -0.000919735 -0.00226957 -0.00219627 -0.00306329 -0.00114329 -0.00211112 -0.00278683 0.000373897 
-0.000798915 -0.0015768 -0.00142736 -0.0011579 -0.000753942 -0.00464954 -0.000672732 -0.00539386 -0.00374368 -0.00569619 0.00137852 -0.00358323 -0.00273277 -0.0062859 0.226416 -0.00336873 0.0013237 -0.00408524 -0.000109022 0.00322715 -0.00655133 -0.00743386 -0.00925252 -0.00147696 -0.00410969 -0.00828903 -0.0108753 -0.0075159 -0.00381673 -0.00454922 -0.00219824 -0.00657212 -0.0027789 -0.00546159 0.00119508 -0.0036541 -0.00182518 -3.50389e-06 -0.0026789 -0.00313764 -0.00381212 -0.00100788 -0.000419347 -0.00043899 -0.00288016 -0.000566986 -0.00224678 -0.00268329 0.000112026 -0.00351138 -0.000602961 -0.000759342 -0.00248829 -0.000774295 -0.00200525 -0.00152678 -0.00150139 -0.00150665 -0.00149264 0.00125272 -0.00320611 -0.00184068 -0.00208476 0.000110097 -0.00508614 -0.00126307 -0.000586574 -0.000112438 -0.00171471 -0.00171566 -0.000894336 -0.00131787 -0.00382473 -0.000389699 -0.0011589 -0.00285991 -0.00216299 -0.00198492 -0.00246 -0.00133745 -0.00292005 -0.00107624 -0.00280355 -0.00186846 -0.00179435 0.000324162 -0.00101907 -0.00165628 -0.00102469 -0.00067341 -0.00156036 -0.00308356 -0.00153828 -0.00101721 -0.00201994 -0.000978368 -0.00198952 -0.00138941 0.000229833 -0.00271422 
-0.00180444 -0.00295961 -0.00372837 -0.000531339 -0.00238328 -0.00443504 -0.00411499 -0.00258394 -0.00377386 -0.00201055 -0.00353541 0.000681916 0.00178304 -0.000400678 -0.00336873 0.243897 -0.00585215 -0.00150314 1.32199e-05 -0.00304481 -0.00950565 -0.0108213 -0.00330744 -0.00679846 -0.00725512 0.000890146 -0.00152395 -0.00851352 -0.00261421 -0.00339496 -0.00342419 0.000157836 -0.0027713 -0.00413437 -0.00242871 -0.000309671 -0.00136359 -0.000932546 -0.00316053 -0.0018978 0.000676624 -0.00234807 -0.00278834 -0.00394045 -0.00257892 -0.00291471 -0.00278605 -0.00179007 -0.00147716 -0.00118721 -0.0019612 -0.00178166 -0.00116426 0.00166477 -0.00243483 -0.0024227 -0.00355511 -0.000836495 -0.00086465 -0.00152669 -0.00337082 -0.00151309 -0.00258219 -0.00306297 -0.00188973 -0.000581989 -0.00186687 -0.00180091 -0.00141212 -0.00287868 -0.00400903 -0.00273153 -0.00243216 -0.00126352 -0.00513909 -0.00271915 -0.00284089 -0.00321211 -0.00250251 -0.00212507 -0.00184965 -0.000805121 -0.00171975 -0.000916398 -0.00294137 -0.00165627 -0.00149852 -0.00279203 -0.000944577 -0.00222997 -0.000156387 -0.0047931 -0.00257015 -0.00242759 0.000134548 -0.00199058 -0.00290417 -0.00311264 -0.0039635 -0.00214673 
-0.00220727 -0.00219836 -0.00328193 0.00143285 -0.00325823 -0.00462495 -0.00254151 -0.00318337 -0.0021901 -0.0016637 0.000637571 0.00218101 -0.00314465 -0.00343213 0.0013237 -0.00585215 0.238758 -0.000163232 -0.00558182 -0.00537194 -0.0037313 -0.00657114 -0.0102692 -0.00739989 -0.00228824 -0.00729115 -0.00869055 -0.00561207 -0.00281903 -0.000210529 -0.00236355 -0.00303469 0.00021391 -0.00216799 -0.00482315 -0.00334913 -0.00222749 -0.00291762 -0.00409038 -0.00214377 -0.00248358 -0.00219933 -0.00275898 -0.00233034 -0.00107236 -0.00124283 -0.00307338 -0.000716229 -0.000884764 -0.00374809 -0.00493956 -0.00177991 -0.00107543 -0.00234689 -0.00441083 -0.00147778 0.000426005 0.00135123 0.00107091 -0.00318752 -0.00476545 -0.00203934 -0.00157078 -0.00206599 -0.00265998 -0.000354373 -0.00104286 -0.00154287 -0.000923473 0.00053726 -4.97087e-05 -0.00134363 -0.00163836 -0.00308647 -0.00344723 -0.00209669 -0.00194002 -0.00357391 -0.00369518 -0.000997946 -0.0020812 -0.00175552 -0.00221316 -0.00211449 -0.0010934 -0.000622496 -0.0029708 -0.00360279 -0.00087685 -0.00259979 -0.0010994 -0.00194732 -0.00139351 -0.00113799 -0.00301081 -0.000839612 -0.000127156 -0.0029435 -0.0041115 -0.00213288 
-0.00206218 0.000457407 -0.00360466 -0.00309003 -0.00017397 -0.0018707 -0.00113901 -0.00212936 -0.00271434 -0.00455846 -6.4691e-05 -0.00556814 -0.00782502 -0.0017235 -0.00408524 -0.00150314 -0.000163232 0.249767 -0.000132304 -0.00367656 -0.00229323 -0.00530336 -0.0147471 -0.00802252 -0.0111145 -0.00481166 -0.00159068 -0.0127808 -0.00652029 -0.00519382 -0.00662277 -0.00131535 -0.00534083 -0.00282886 -0.00168887 -0.00262432 -0.00250552 0.000803623 -0.00391662 -0.00343696 -0.00250336 -0.00200571 -0.000590274 -0.00186522 -0.00109976 -0.000379041 -0.000636313 -0.00202702 0.000286393 0.000754643 -0.00566641 -0.000500661 -0.00348101 -0.00212029 -0.00284368 -0.00189382 -0.00117069 -0.000691841 -0.00218621 -0.00219026 -0.00188352 -0.00118546 -0.00148407 -0.00248337 -0.00284674 -0.000365572 -0.00176627 -0.00176183 -0.00236048 -0.00218104 0.000587461 -0.00175315 -0.00160734 -0.00228441 -0.00310652 0.000468451 -0.00428235 -0.000617773 -0.00159419 -0.000823543 -0.00486004 0.000567314 -0.00200705 -0.00345977 -0.00207082 0.00128211 -0.0017916 -7.64165e-05 -0.00252308 -0.00273874 -0.000275973 -0.00340768 -0.00266038 -0.00154692 -0.00263933 -0.00172884 -0.00266115 -0.000470811 -0.00178062 -0.00129374 
-0.000381102 -0.000490693 -0.00241623 -0.00387333 -0.00393869 -0.00614735 -0.00413843 9.83203e-05 -0.00717222 -0.00260385 -0.00609853 -0.00897564 0.000881705 0.000195451 -0.000109022 1.32199e-05 -0.00558182 -0.000132304 0.249672 0.0021623 0.00120288 -0.000567395 -0.0114075 -0.0110253 -0.0051846 -0.00553121 -0.00977747 -0.0071936 -0.00233893 -0.000838179 -0.00481959 -0.00369915 -0.0017394 -0.00296625 0.00113789 -0.0010125 -0.00229156 -0.00404182 -0.00326149 -0.000696225 -0.0038212 -0.0011937 -0.00457914 -0.00448834 0.00126694 -0.00305482 -0.00162207 -0.00318966 -0.00158556 -0.00151368 -0.0035252 -0.0038909 -0.00257775 -0.0011826 -0.00211036 -0.00164131 0.000264725 -0.00220194 -0.00122487 -0.00123011 -0.00173641 -0.000978628 -0.00193208 0.000513886 -0.00264918 -0.00196507 -0.00231743 -0.000534498 -0.00319529 -0.00284319 -0.00333913 0.000165239 -0.00390267 -0.00482223 -0.00186316 -0.00236448 -0.00250679 -0.00167914 -0.00318159 0.000261559 -0.00262766 -0.00199485 -0.00415919 -0.00146557 -0.00503461 -0.00211461 -0.00107903 -0.00180887 -0.00430281 -0.00301602 -0.00129797 -0.00078262 -0.00111875 -0.000391146 -0.00169295 -0.00188667 -0.000420469 -0.00190515 -0.00378668 -5.51568e-05 
-0.000992877 -0.00166788 -0.000739999 -0.00202243 -0.00224088 -0.00107587 -0.00470568 -0.00387434 -0.00574698 -0.00560465 -0.00051817 -0.00588965 -0.00266565 -0.00911927 0.00322715 -0.00304481 -0.00537194 -0.00367656 0.0021623 0.249926 -0.015788 -0.0032243 -0.0072713 -0.00582313 0.00451911 -0.00143444 -0.0130055 -0.0121408 -0.00152414 0.000652792 -0.00902684 -0.00441745 -0.00312581 -0.00478744 -0.004172 -0.0042969 -0.00341707 0.000675427 -0.000604148 0.000893622 -0.000581276 -0.00203956 -0.00363217 -0.00181046 -0.00296602 -0.00325523 -0.000648952 -0.00315995 -0.00124922 -0.00241453 -0.000194816 -0.000715167 -0.00172356 -0.00237627 -0.000514048 -0.000472547 -0.00167796 -0.00350949 -0.00322141 -0.00379111 -0.00313971 -0.00307176 -0.00349332 0.00114794 -0.00222282 -0.000651762 -0.00207865 0.000941914 -0.00186042 -0.000424913 -0.00159668 -0.000920626 -0.00278266 -0.00273486 -0.00120465 -0.000678801 -0.00102012 0.00055041 -0.000918318 -0.00166232 -0.000688119 -0.00110013 -0.00299401 -0.00361212 -0.00393562 -0.00264873 -0.00113415 -0.000314925 -0.00151952 -0.00264166 -0.00228199 -0.00318512 -0.000733401 -0.000871558 -0.00299758 -0.0030411 -0.00225141 -0.000837797 -0.00395814 -0.000516748 
-0.00181771 -0.00176204 -0.00113599 -0.00381411 -0.00458267 -0.0006976 -0.00365976 -0.00234034 -0.00255188 0.000230113 -0.00171279 -0.00575575 -0.00369975 0.000356267 -0.00655133 -0.00950565 -0.0037313 -0.00229323 0.00120288 -0.015788 0.249966 -0.0148727 -0.00725031 -0.00311194 -0.0025563 0.0102958 0.000480249 0.000173009 -0.00848293 -0.00840727 -0.00451931 0.00109213 -0.00395288 -0.00270189 -0.00257829 -0.0035205 -0.00224645 -0.00176048 -0.00173496 -0.00145216 -0.000966507 -0.00399855 -0.00317064 -0.000778095 -0.00138556 -0.00155454 -0.00159016 0.000148203 -0.00242302 0.000355038 -0.00267819 -0.00157983 -0.00229652 -0.00103483 -0.001513 -0.00444162 -0.00330733 -0.0046848 -0.00223892 -0.00354148 -0.00244454 -0.00289241 -0.00146928 -0.00107766 -0.00368384 -0.0036005 -0.00128864 -0.00330593 -0.00476049 -0.00191955 -0.00166537 -0.00141648 -0.00193993 -0.00212603 -0.00100474 -0.0017052 -0.00271364 0.000124245 -0.000992096 -0.00208947 -0.00277371 -8.27251e-05 -0.000629153 -0.00195203 -0.00338347 -0.00331295 -0.00105961 -0.0027503 -0.00127724 -0.00364565 -0.0032635 0.00120399 -0.00119716 -0.00275314 -0.00322101 0.000101889 -0.00419476 -0.00194623 -0.00161257 -0.000847312 
-0.00376844 -0.0016921 0.000780289 -0.000938214 -0.00201333 0.000334321 -0.00268181 -0.00236699 -0.000729213 -0.00476749 -0.00691879 -0.00371437 -0.00290304 -0.00456333 -0.00743386 -0.0108213 -0.00657114 -0.00530336 -0.000567395 -0.0032243 -0.0148727 0.249999 -0.00346333 -0.00292938 -0.00502132 -0.00873802 -0.00830001 -0.00361843 -0.00521295 -0.00627495 -0.00483445 -0.0026815 -0.00365516 -0.00404349 0.000440918 -0.00155048 -0.00392038 -0.00497473 -0.00211532 -0.00365853 -0.00262411 -0.00218613 -0.00145457 -0.000500657 -0.00160012 -0.00179236 -0.00055231 -0.00126385 -0.00350576 -0.00342858 0.00139272 -0.00131577 -6.13653e-05 -0.000808931 -0.00149088 -0.00260097 -0.00162921 -0.00227191 -0.00196624 -0.000770497 -0.00141138 -0.00165546 -0.000201369 -0.00218807 7.40725e-05 -0.00105024 -0.000363605 -0.000714266 -0.00271526 -0.0015758 -0.000924174 -0.00127724 -0.00161865 -0.00232824 -0.00011367 -0.000637956 -0.00174926 -0.000965559 -0.00226387 -0.00459472 -0.000295783 -0.00389389 -0.00104662 -0.00141661 0.000988527 -0.0021928 -1.79606e-05 -0.00376336 -0.00249068 -0.00392869 -0.00209453 -0.00104776 -0.00137314 -0.00186877 -0.00043499 -0.00152459 -0.00164845 -0.00236228 0.00076616 -0.00235897 
-0.00247258 -0.00135214 -0.00234063 -0.000653617 -0.00265521 -0.00404734 -0.00122928 -0.00584633 -0.0023672 0.000792964 -0.00584532 -0.00231008 -0.00257819 -0.00629534 -0.00925252 -0.00330744 -0.0102692 -0.0147471 -0.0114075 -0.0072713 -0.00725031 -0.00346333 0.246932 -0.00513366 0.00144017 -0.00759732 -0.00221468 -0.000979097 -0.00245617 0.00199059 -0.00209137 -0.00435613 -0.00105997 -0.00212872 -0.00384482 -0.000585537 -0.00256035 -0.00129417 -0.00095439 -0.00244463 -0.0032423 -0.00135561 -0.00158993 -0.00134648 -0.00367439 -8.37744e-05 -0.000113837 -0.00144092 -0.00249865 -0.00130925 -0.00145539 -0.0029623 -0.00135883 -0.00353462 -0.00311292 -0.0017783 0.000437513 -0.00188103 -0.004198 -0.00325392 0.000582405 -0.000474807 -0.00146766 -0.00358043 -0.00156582 -0.00188318 -0.000146312 -0.00356752 -0.000555575 -0.00251494 -0.00223566 -0.00318435 -0.00426028 -0.000676033 -0.000448615 -0.00138992 -0.000122371 -0.00235395 -0.00379892 0.00134192 -0.0014229 -0.00358263 -0.00188709 -0.00217291 -0.0020958 -0.00412899 -0.00301789 -0.000543669 -0.00223226 -0.000908568 0.00125474 -0.000375319 -0.00225464 -0.00313789 -0.00180707 -0.00117713 -0.00142919 -0.00086523 -0.000115893 -0.000537195 
-0.00288398 -0.000214076 -0.0023358 -0.00568132 -0.00182311 -0.00243184 -0.00145496 -0.00518962 -0.000151156 -2.1269e-06 8.74725e-05 -0.00690175 -0.0092143 -0.00490082 -0.00147696 -0.00679846 -0.00739989 -0.00802252 -0.0110253 -0.00582313 -0.00311194 -0.00292938 -0.00513366 0.247176 0.0001549 0.000371651 0.00607345 -0.00546571 -0.00895372 -0.00618764 -0.00061419 -0.00347336 -0.00101105 0.00123269 -0.00328574 -0.00388339 -0.00111167 -0.000542734 0.00132908 -0.00412084 -0.0053377 -0.000535112 0.000838124 -0.00380968 0.00139659 -0.00242485 -0.00254558 0.00175507 -0.00402978 -0.00397228 -0.00163359 -0.00468308 -0.000683864 -0.00287983 -0.00264498 -0.0020894 -0.00324399 -0.00425202 -0.00191239 -0.00417526 9.38376e-06 -0.00166539 -0.000707087 -0.00423217 -0.00152503 -0.00258195 -0.00339084 -0.00243542 -0.00188201 -0.00326575 -0.00250808 -0.00157289 -0.00106311 -0.00293616 -0.00436086 -0.00381723 -0.00253398 -0.00143044 -1.97661e-05 -0.0021707 -0.00108148 -0.00228315 -0.00184896 -0.000666284 0.00159594 -0.00173728 -0.00149855 6.52541e-05 -0.000266413 0.000205998 -0.00298524 -0.00307158 -0.00218383 -0.00226592 -0.00175834 -0.003014 -0.00181666 -0.0012458 -0.00234783 -0.00371232 
-0.00200972 -0.00221841 -0.00421196 -0.00145758 -0.00192122 -0.00159486 -0.00245007 -0.00211387 -0.00107149 -0.00242951 -0.00200944 -0.00414898 -0.00785378 -0.00137124 -0.00410969 -0.00725512 -0.00228824 -0.0111145 -0.0051846 0.00451911 -0.0025563 -0.00502132 0.00144017 0.0001549 0.249923 -0.00703018 0.000233112 0.00773635 -0.00408907 -0.0051652 -0.00179212 -0.0088355 -0.00458328 -0.00597132 -0.00640493 -0.000339694 -0.00171744 -0.00233957 0.000361854 -0.00271283 -0.0027795 -3.68079e-05 -0.0036668 -0.00131335 -0.00153831 -0.00148387 0.00012782 -0.00577059 -0.00322481 -0.00142332 -0.00144633 -0.00174901 -0.00144352 -0.00536827 -0.000752768 -0.00411208 -0.00182226 -0.00220666 -0.00506985 -0.000856993 -0.00279907 -0.00281852 -0.00323199 -0.00292555 -0.00296339 -0.00267065 -0.00238415 -0.00161934 -0.000369189 -0.00538927 -0.00273723 -0.00520462 0.000330721 -0.00253204 -4.28377e-05 -0.00355979 -0.00264445 -0.00424894 -0.00437035 -0.00165161 -0.000867651 -0.00212103 -0.00198058 -0.00318663 -0.000119631 -0.000461312 -0.00216237 -0.00151576 -0.0035123 -0.00268246 -0.00198303 -0.00347441 -0.000604922 -0.00541471 -0.000671288 -0.00351253 -0.0016084 -0.00149539 0.00124353 -0.00309467 
-0.00191792 -0.00382743 -0.00232441 -0.00136872 -0.00561094 -0.00210742 -0.00681817 -0.0017382 -0.00333127 -0.00433257 0.000509879 -0.00135496 -0.00206668 -0.00392905 -0.00828903 0.000890146 -0.00729115 -0.00481166 -0.00553121 -0.00143444 0.0102958 -0.00873802 -0.00759732 0.000371651 -0.00703018 0.237267 -0.00374861 -0.0040343 -0.00441653 -0.0073709 -0.00232824 -0.0036342 -0.00291344 -0.00452914 -0.00352584 -0.00642771 -0.00255017 -0.00286702 -0.00316972 -0.00412876 -0.00104087 -0.00226016 -0.00307092 -0.00233371 -0.0015079 -0.00174112 -0.00189759 0.000937949 -0.00109386 -0.00343227 -0.00221222 -0.00124174 -0.000806703 6.25411e-05 -0.00230949 -0.00225223 -0.00375938 0.000514332 0.000600584 -0.00215431 -0.00283804 -0.00144001 -0.00216615 -0.00259274 -0.000695551 -0.00272888 -0.000280782 -0.00202304 -0.00201244 -0.000139865 0.000218157 -0.000983259 0.000516244 -0.00298343 -0.000489171 -0.00237315 -0.00326449 -0.00241939 -0.00223187 -0.0032383 -0.00243645 -0.001574 -0.00116657 -0.00279792 -0.000937797 -0.00685131 -0.00103591 -0.00201235 -0.000971599 -0.00248348 -0.00105821 -0.00142223 -0.00263322 -9.42191e-05 0.000514246 -0.00368892 -0.00167128 -0.000831229 -0.00195508 -0.00196632 
-0.000907232 -0.00178545 -0.00174006 -0.000944311 0.00207275 -0.00197143 -0.000837614 -0.00241153 -0.00106372 -0.00454955 -0.00781557 -0.00133362 -0.0056851 -0.0049777 -0.0108753 -0.00152395 -0.00869055 -0.00159068 -0.00977747 -0.0130055 0.000480249 -0.00830001 -0.00221468 0.00607345 0.000233112 -0.00374861 0.228415 -0.000428454 0.000439187 -0.00285134 -0.000968099 -0.00294356 -0.00409746 -0.000983051 -0.00598642 -0.00104226 -0.00269335 -0.00185112 0.000109764 -0.00162222 -0.00265542 0.000240636 -0.00132503 -0.00114943 -0.000738795 -0.00213737 -0.00259293 -0.00064923 -0.00202133 0.00116825 -0.00158128 -0.00136779 -0.00195682 -0.000577743 -0.00285087 -0.00299659 -0.00229282 -0.00213145 -0.00173471 -0.00387444 -0.00013943 -0.00357588 -0.00224223 -0.00384346 -0.000665456 -0.000861091 -0.00242784 -0.00405718 -0.00305329 -0.00268453 -0.00404771 -0.000392855 -0.00215032 -0.000532215 -0.00183968 -0.00260703 -0.0021542 -0.00253586 -0.00152198 -0.00306355 -8.77924e-05 -0.00358418 0.000363913 -0.00228302 -0.00201251 -0.00274738 -0.00305932 0.000577516 -0.00244264 0.00135279 -0.00356039 -0.00293808 -0.00237018 -0.00423229 -0.00208067 -0.000655178 -0.00235221 -0.00130157 -0.0042684 -0.00130447 
-0.00203237 -0.00232649 -0.00220356 -0.00133031 -0.0031409 -0.00352135 -0.00246905 -0.00359217 -0.00513496 0.000283103 -0.00355527 -0.00522586 -0.00379335 -0.00150763 -0.0075159 -0.00851352 -0.00561207 -0.0127808 -0.0071936 -0.0121408 0.000173009 -0.00361843 -0.000979097 -0.00546571 0.00773635 -0.0040343 -0.000428454 0.206814 -0.00412168 -0.00105884 -0.00249015 -0.00262098 0.000962338 -0.00217821 -0.00147059 0.000845619 -0.00121544 -0.00104723 -0.00235804 -0.0018719 -0.00202014 -0.00209201 -0.00140656 -9.704e-05 -0.00219819 -0.000164998 -0.00315838 -0.00111725 -0.00159674 -0.00132321 -0.00218454 -0.00147445 -0.000416534 -0.00293344 0.00145153 -0.00192274 -0.00150623 -0.00148905 -0.00311695 -0.000674207 -0.000427245 -0.00218912 -0.00202177 -0.00105284 -0.00048185 -0.000787306 -0.00275363 0.000133928 -0.00332032 -0.0033123 -0.00021131 -0.00291283 -0.000528193 -0.0024873 -0.0012975 -0.00085605 0.000600971 -2.80041e-05 0.000305104 -0.00122348 -0.00173469 -0.00272627 -0.00231738 -0.000871138 -0.00174504 -0.00337662 0.000577828 -0.00356401 -0.000897032 -0.00346258 -0.000752796 -0.0018794 0.000870537 -0.00126971 -0.00265704 -0.000790806 -0.000331746 -0.00284501 -0.00219546 -0.00200525 
-0.00296355 -0.00208835 0.000216379 -0.00261637 -0.00361771 0.00121939 -0.000820938 -0.00396693 -0.00418842 -0.00292772 -0.00644894 -0.0022377 -0.00219629 -0.00533163 -0.00381673 -0.00261421 -0.00281903 -0.00652029 -0.00233893 -0.00152414 -0.00848293 -0.00521295 -0.00245617 -0.00895372 -0.00408907 -0.00441653 0.000439187 -0.00412168 0.191924 -0.00204009 0.000851222 -0.00127337 -0.00173208 -0.00117224 0.00120041 -0.00141615 -0.00213427 -0.000396623 -0.000623108 -0.00156372 4.23887e-05 -0.00112661 -0.00318208 -0.00197674 -0.00269479 -0.0023686 -0.002087 -0.00186055 -0.000143639 -0.000818438 -0.000375593 -0.00132925 -0.000284424 -0.00250969 -0.00165694 -7.89885e-05 -0.00223595 -0.00151412 -0.000288448 -0.0015041 -0.00153486 -0.00255211 -0.00102832 -0.00181685 -0.00105523 -0.000801349 -0.000780227 4.24293e-05 -0.00179253 -0.000554813 -0.00259673 -0.00195203 -0.00153903 -0.00162123 -0.000623511 -0.00170732 -0.00267214 -0.000847587 -0.00288095 -0.00128024 -0.00102008 -0.00248649 -0.00218756 -0.00188457 -0.000803167 -0.0032695 -0.00189017 -0.00198092 -0.000814457 -0.000320008 -0.000510981 -0.00159052 -0.0017212 -0.00166928 -0.000215099 -0.00301532 -0.00166434 -0.000678756 -0.00184766 0.000430031 
-0.000267708 -0.00123322 -0.000743568 -0.00227125 -0.00193098 -0.00377241 -0.00277898 -0.000679013 -0.00273592 -0.00350784 -0.00269501 -0.00736263 -0.000997005 -0.00215047 -0.00454922 -0.00339496 -0.000210529 -0.00519382 -0.000838179 0.000652792 -0.00840727 -0.00627495 0.00199059 -0.00618764 -0.0051652 -0.0073709 -0.00285134 -0.00105884 -0.00204009 0.183406 -0.00458597 -0.00430064 -0.00284693 -0.000392572 -0.000891094 -0.00178406 -0.00165676 -0.0034788 -0.00205664 -3.57316e-05 -0.000518733 -0.00122733 0.000299585 -0.00102282 -0.00253184 -0.00261774 -0.00116448 -0.000440653 -0.00151463 -0.000549689 -0.000711525 -0.00136437 -0.00118176 -0.00207958 -0.000455748 -0.00201159 0.00146941 -0.00100388 -0.00195837 0.000561933 0.00044435 -0.000921111 -0.00178924 -0.00120665 -0.000908466 -0.000945749 -0.00160334 -0.000721215 -0.00120519 -0.00104253 -0.00260784 -0.00292546 -0.00104969 -0.00205337 -0.00174929 -0.000906143 -0.00111946 -0.000793839 -0.0025642 -0.00131832 -3.00595e-05 -0.00133795 -0.00120942 -0.00155104 -0.00257698 -0.000535631 -0.00238969 -0.00110895 -0.002772 -0.00128945 -0.00212965 -0.00216163 -0.00142014 -0.000912311 -0.00178072 -0.000489916 -0.00227617 -0.00109861 -0.00271251 -0.00055812 
-0.00141925 -0.00196601 -0.000577171 -0.000356147 -0.00027604 -0.00293687 -0.00138162 -0.00160715 -0.00138377 0.00119683 -0.00296543 0.000682665 -0.00180041 -0.00422986 -0.00219824 -0.00342419 -0.00236355 -0.00662277 -0.00481959 -0.00902684 -0.00451931 -0.00483445 -0.00209137 -0.00061419 -0.00179212 -0.00232824 -0.000968099 -0.00249015 0.000851222 -0.00458597 0.144289 -0.00123044 -2.39985e-05 2.83941e-05 -0.00199897 0.000427025 -0.00126019 -0.00241333 -0.000466681 -0.000965258 -0.001105 -0.000911208 -0.00192647 -0.00194002 -0.00101553 -0.000973227 -0.00131075 -0.00173511 0.000397818 -0.00149024 -0.000782757 -0.00129752 -0.000383901 -0.00122611 -0.00125446 -0.000464542 -0.00127771 -0.00226241 -0.00140197 -0.00132367 -0.000743939 -0.00287755 -0.000893546 -0.00155568 -0.00156063 -0.000478423 -0.00190418 -0.000764534 -0.000900577 -0.00165367 -0.000202042 -0.00123692 -4.28083e-05 -0.000173447 -0.00184112 -0.000893572 -0.000175174 -0.00172499 -0.00143017 -0.000306988 -0.00163034 3.59884e-05 -0.000946907 -0.000487363 -0.00130131 -0.00115068 -0.000954073 -0.000660383 -0.000964191 -0.00123435 -0.00187641 -0.00137389 -0.00122411 -0.00280088 -0.000755081 -0.000710786 6.79761e-05 -0.00136973 4.20035e-05 -0.00119772 
-0.000244547 0.000394282 -0.00192509 -0.0013366 -0.00077423 -0.00266228 -0.00162097 -0.00310571 -0.00244315 -0.00348059 -0.00390586 0.00121254 -0.000770962 -0.000929311 -0.00657212 0.000157836 -0.00303469 -0.00131535 -0.00369915 -0.00441745 0.00109213 -0.0026815 -0.00435613 -0.00347336 -0.0088355 -0.0036342 -0.00294356 -0.00262098 -0.00127337 -0.00430064 -0.00123044 0.141776 -0.00149313 0.000251686 -0.00165384 -0.00140193 0.000667662 -5.82521e-05 -0.00105465 0.000517304 -0.00140483 -0.000803115 -0.000347241 -0.00253293 -0.00138911 -0.00099584 -0.000568871 -0.00152114 -0.00161439 -0.00117413 -0.00136936 -0.000497023 -0.0010687 -0.000998946 -0.00195249 -0.00111897 -0.000492376 -0.0017514 -0.00200529 -0.0022264 -0.00104957 -0.00141402 -0.000340904 -0.00185786 0.000908642 -0.00115882 -0.000831586 -1.93336e-06 -0.00119919 -0.00189285 -0.000471339 -0.00205962 -0.00198845 -0.00111492 0.0005672 -0.000872647 0.000273044 -0.000790146 0.000274135 -0.000748916 -3.34724e-05 -0.000857607 -0.00266853 -0.00114912 -0.000850591 -0.00183884 0.000250363 -0.000336798 -0.000769956 -0.00265146 -0.00153307 -0.00151449 -0.00070498 -0.000594779 -0.00105649 -0.00200753 -0.00054788 -0.000585899 -0.000918662 -0.0008477 
-0.00132282 -0.000647727 0.000624361 -0.000952572 -0.000577498 -0.00103418 0.000373914 -0.00147301 -0.000585325 -0.00134225 -0.00360639 -0.00128101 -0.00272781 -0.00325666 -0.0027789 -0.0027713 0.00021391 -0.00534083 -0.0017394 -0.00312581 -0.00395288 -0.00365516 -0.00105997 -0.00101105 -0.00458328 -0.00291344 -0.00409746 0.000962338 -0.00173208 -0.00284693 -2.39985e-05 -0.00149313 0.108469 0.00023898 -0.00129797 2.7769e-05 -0.000737719 -0.000479891 -0.00128497 -0.000765715 -0.00106816 -0.000102594 -3.60325e-05 -0.00151 0.000165115 -0.0015751 -0.00113488 -0.00134467 -0.00136365 2.38701e-05 -0.00131244 -0.000545886 -0.000370462 -0.000689789 -0.000764617 -0.000450289 -0.00131797 -0.00159724 -0.00112781 -0.000472792 -0.000778863 -0.00105935 -0.000477803 -0.000494046 -0.000305105 -0.00122519 -0.00130732 -0.00103663 -0.00166299 -0.00035995 -0.000108324 0.000194218 -0.000897488 -0.00107962 -0.000661236 -0.000820032 -0.00127809 -0.000565246 -0.000515685 -0.000369015 -0.000356046 -0.0010816 -0.000143301 -0.00093885 -0.00117292 -0.00129896 -0.00151583 -0.00054631 -0.000399883 -0.000915425 -0.000768133 -0.0016718 -0.000816061 -0.00153855 0.000493749 0.000291032 3.58332e-05 0.000258652 -0.000327338 -0.00059664 
