0.0817176 0.000406415 -0.00037042 -0.000133407 -0.000229915 -0.000696892 -0.000572435 -0.00107222 -0.00237514 -0.000722499 -0.00151668 -0.000416286 -0.00220429 -0.00292399 2.74256e-05 -0.00171041 -0.00115889 -0.00123772 -0.000101602 -0.00118103 -0.00337083 -0.00336192 -0.00505981 -0.00338005 -0.00135239 -0.00200376 -0.000100873 -0.0011805 0.000191975 0.000270421 0.00045626 0.000112248 3.72958e-05 -0.000644781 -0.000331667 -0.00108001 -0.000222095 -0.000325466 -0.000644975 0.000331163 -0.00115962 0.000531991 -0.00102684 -0.00113138 -0.000435252 -0.000871173 -0.000786883 -0.000948322 -0.00058794 -0.000627856 -0.000638885 -0.000389315 -0.000944146 -0.00059384 -0.000686923 -0.00107038 -0.00158784 -0.00088773 -0.00179936 -0.000832653 -0.000991513 -0.000812629 -0.000607707 -0.000445072 -0.000712329 -0.0011987 -0.00127479 -0.000239278 0.00037448 -0.000627699 -0.000393573 -0.00131611 -3.63975e-05 -0.000325164 -0.000281128 -0.000183262 -0.000364445 -0.000356453 -0.000473272 -0.00113671 -0.00165054 -0.000991533 1.95751e-05 -0.000119544 -0.00137051 -0.000717026 -0.0004827 -0.000625515 -0.000962369 -0.000968415 -0.000127289 -0.000566729 -0.000683068 -0.000694462 -0.00151044 -0.000699432 -0.000625091 -0.000346922 -0.000695864 -0.000173864 
0.000406415 0.0907724 -0.001151 -0.000198007 -0.000424275 -0.000790801 -0.000752365 0.000402954 -0.00233882 -0.000979815 -0.00202901 -0.0020503 -0.0016979 -0.00299463 -0.00139156 -0.0025132 -0.00263979 -0.0036878 -0.000982207 -0.00303661 -0.00474846 -0.0008295 -0.00558955 0.000192841 -3.00308e-05 0.000115698 -0.00189455 -0.00240424 -0.00075383 0.000464391 -0.000669563 -0.000842289 -0.00233924 -0.00154398 -0.000499019 5.02808e-05 -0.000714394 -0.000715743 -0.00023221 -6.64994e-06 0.00024535 -0.000913549 -0.000998728 0.000258065 -0.000381989 -0.00067296 -0.00120095 -0.00109257 -0.000885076 -0.00110873 0.000889936 0.00013574 -0.000935106 -0.000970202 -0.000416907 -0.00150384 -0.00108012 -0.000721329 -0.000648088 -0.00089593 -0.000158852 -0.000741998 -0.000687103 -0.000791427 -0.000781026 -0.00122819 -0.00110383 -0.000704431 -0.00181393 -0.000919128 -0.000731899 -0.00170198 -0.000209824 -0.000682374 0.000189148 -0.00118915 -0.000716166 -0.00019931 -0.00106537 -0.000717116 -0.000405835 -0.000384294 -0.000484672 7.68003e-06 -0.00140266 -0.000804724 -0.00043218 -0.000952546 -0.000829322 0.000192091 -0.00026946 -0.000145514 -0.000528876 -0.000164708 -0.00113664 -0.00106671 1.87813e-06 -0.000240665 -0.000798794 -0.000236767 
-0.00037042 -0.001151 0.0831271 0.000219604 -0.000437826 0.00129405 -0.000565912 -0.00112867 -0.000466144 -0.00186974 -0.00128408 -0.00175614 -0.00238675 -0.00150061 -0.00274949 -0.00201625 -0.00181014 -0.000512617 -0.000659142 -0.00217763 -0.00384956 -0.000714409 -0.000160837 -0.00429431 -0.000641708 -0.000847456 -0.0013658 -0.00136917 -6.13195e-05 -0.00102714 -0.00113189 -0.000393113 -0.00125884 -0.00216045 0.00064267 -0.000797867 -0.000371575 -0.000415868 -0.000227231 -0.00167443 -0.000156243 -0.000762227 8.19411e-05 -0.00059278 -0.000961355 -0.000563678 -0.000564269 -0.000784137 -0.000984832 -0.000716032 -0.00109178 -0.000518793 -0.000970527 -0.000228246 -0.00110191 -0.00140167 -0.000388165 7.69128e-05 3.5564e-05 -0.000728884 -0.000753845 -0.00153561 -6.43628e-05 -0.00106729 -0.000610107 -0.000456897 -0.000854013 -0.000187222 -0.00113252 -0.000146732 -0.000633558 -0.00133771 -0.000948772 -0.000608824 -0.00114804 0.000171098 -7.15307e-05 -0.00142894 -0.001488 -0.000108818 -0.00116343 -0.00135898 -0.000767471 -0.000663014 -0.000513369 -0.00112191 -0.00135557 0.000142564 -0.000566814 -0.000925806 -0.000803424 -0.000407918 -0.000827876 -0.00138998 -0.000278895 7.2417e-06 -0.000524842 -0.000551818 -0.000124426 0.000250624 
-0.000133407 -0.000198007 0.000219604 0.0875712 0.000315632 -2.1474e-05 -0.00022995 -5.85688e-05 -0.00139096 -0.00137874 -0.00144553 -0.000894211 -0.00267019 -0.00211043 0.000411652 -0.00128526 -0.0017586 -0.00262834 -0.000480871 0.00217425 -0.00206212 -0.00512934 -0.00247243 0.000506071 -0.00171698 -0.00492989 -0.00261928 -0.00325724 -0.00184913 -0.00265526 -0.000888975 -0.00249379 -0.00218913 -0.00106627 -0.000548068 -0.00120495 -0.000868789 -3.83771e-05 -0.000103162 -0.00120263 -0.00087958 -0.00165038 -0.00102409 -0.000579267 0.000279082 -0.000759266 -0.00151095 -0.000470531 -7.55775e-05 -0.000689525 -0.000443956 -0.00025899 -0.000471384 -0.000935096 -0.000465097 -0.00054295 -0.00149875 -0.000153958 3.60529e-05 -0.000685292 -0.000537366 -0.000507762 -0.000163452 -8.71868e-05 -0.000109525 -0.00146051 -0.000232365 -0.000431081 -0.00105276 -0.000651012 -0.000426292 -0.000947786 -0.000652521 -0.0010557 -0.000391105 0.00032964 -0.000522278 -0.000748582 -0.00020699 -0.000907478 8.40878e-05 -0.000769481 -0.000465789 -0.000372554 -0.000587106 -0.00120408 -0.00156904 -0.000859467 -0.00125116 -0.000436853 -8.18403e-05 -0.000961465 -0.000922195 -0.000592718 -0.000360671 -0.000477186 -0.00112284 -0.000180546 -0.00145136 -9.41877e-05 
-0.000229915 -0.000424275 -0.000437826 0.000315632 0.0922706 -0.000264656 5.2021e-05 -0.000268567 -0.000833894 -0.000493372 -0.00123988 -0.000727681 -2.62035e-06 -0.00384939 0.000216283 -0.00151685 -0.00256196 -0.00361196 -0.00353688 -0.00172967 -0.000905666 -0.00293412 -0.00243423 -0.0020102 -0.00278128 -0.00435827 -0.00276619 -0.00384228 -0.000687102 0.000365285 -0.00141004 -0.00116072 -4.18101e-05 -0.000571939 -0.000238115 -0.000156762 -0.0012613 -0.00158807 -0.000220594 -0.00192648 -0.000787878 -0.000685825 5.4476e-05 -0.000823491 0.000113745 -0.000419989 -0.00134549 -0.00133035 -0.000842412 -0.000139147 -0.000410713 -0.000328559 -0.000594851 -0.0011316 0.000130566 -0.000436141 -0.000687802 -0.00120121 -0.00024766 -0.00129088 -0.000379652 -0.000796269 -0.000265037 2.03751e-05 -0.000414588 -0.0012376 -0.00082202 -0.000243444 -0.000856644 0.000497059 -0.00104985 -0.00107563 -0.000396725 -0.00146924 -0.0011805 -0.00080355 -0.000829571 0.000274414 -0.00132235 -0.000269074 -0.00109767 -0.00209937 -0.000289078 -0.00127006 -0.000585096 -0.000975262 -0.000860357 -0.000591736 -0.000984473 -0.00186392 0.000404701 -0.000727215 -0.000367082 -0.00128475 0.000182609 -0.00102281 0.000319438 -0.000783248 -0.00109894 -0.000175834 
-0.000696892 -0.000790801 0.00129405 -2.1474e-05 -0.000264656 0.109678 -0.00106364 -0.000849454 -0.00127015 -0.000387272 -0.00184779 -0.00180641 -0.00174837 -0.00159777 -0.000132256 -0.00133515 -0.002451 -0.00632318 -0.00457196 -0.00173699 -0.00177852 -0.0028781 0.000571195 -0.00260837 -0.00175747 -0.00170707 -0.00221113 -0.00360226 0.000807253 -0.00274485 -0.000655278 -0.00124525 -0.00295386 -0.00271924 -0.000224891 0.000139134 -0.0026914 -0.000451515 -0.00087198 -0.00223513 -0.00127058 -0.000412673 0.000118339 -0.000215122 -0.00142501 -0.00124068 -0.000739915 -0.000799945 -0.00131177 -0.000996421 -0.000928538 -0.000337115 -0.0013758 -0.000538963 -0.00032371 -0.00104364 -0.00078136 -0.000928913 0.000284292 -5.84061e-05 -0.0010616 -0.00104699 -0.00105894 -0.000695273 -0.00116176 -4.3376e-05 -0.000656897 -0.000866908 -0.000851412 -0.00179718 -0.0013432 -0.000808338 -0.000944251 -2.20473e-05 -0.00125166 -0.0017726 -0.00245099 -0.000851099 -0.000601533 -0.00118793 -0.000341564 -0.00203456 1.89329e-05 -0.000322673 -0.000383908 -0.00128052 -0.00226952 -0.000268421 -0.000621488 7.78943e-05 -0.000640631 -0.00118851 0.000430938 -0.00166079 -0.000681932 -0.00124015 -0.000590946 -0.00136001 -0.000236995 -0.000863613 
-0.000572435 -0.000752365 -0.000565912 -0.00022995 5.2021e-05 -0.00106364 0.112781 -0.000538715 0.000269347 -0.00121694 0.00134804 0.000831987 -0.0010983 -0.00444373 1.33026e-05 -0.00105639 -0.000177508 -0.002411 -0.00348033 -0.00368926 -0.00321444 -0.00639751 -0.00472629 -0.00136546 -0.000197112 -0.00199589 -0.00297572 -0.00200133 -0.00303258 -0.00130326 -0.00181804 -0.00185658 -9.05665e-05 -0.000760372 -0.00117706 -0.00266471 -0.00113812 -0.000483137 -0.000785829 -0.00118689 -0.000275369 -0.000773743 -0.00153042 -0.00118825 -0.000557133 -0.00172784 -0.000859752 -0.00136681 -0.00122977 -0.000619896 -0.00122422 -0.000381682 -0.000633181 -0.00121899 0.000446609 0.00032155 -0.00092008 -0.00111997 -0.000737672 -0.000655461 0.000711964 -0.00255939 -0.0018875 -0.000878212 6.69477e-05 -0.0021872 -0.00180608 0.000578935 -0.00205945 -0.000848218 -0.0023325 -0.00138734 -0.00150894 -0.00076628 -0.000412438 -0.00174579 -0.000819848 -0.00138182 -7.048e-05 -0.00135548 -0.000724077 -0.00174251 -0.00140221 0.00024719 -0.000610606 -0.000184182 -0.00117626 -0.000563148 -0.000409143 -7.41803e-05 -0.0011402 -0.000600511 -0.000857467 -0.000999514 -0.000830307 -0.000576434 -0.00131951 -0.000180985 -0.00167292 -0.00110995 
-0.00107222 0.000402954 -0.00112867 -5.85688e-05 -0.000268567 -0.000849454 -0.000538715 0.111068 0.000660533 0.000262112 -0.00149263 0.000351198 -0.00205593 -0.00207861 -0.00223245 -0.00204545 -0.00473885 -0.00340086 -0.00246592 -0.00693528 0.000914037 -0.00306188 -2.62321e-05 -0.00405579 -0.00659602 -0.00504404 -0.000869897 -0.00165582 -0.00293286 -0.00173778 -0.00293949 -0.00334741 0.000214894 -0.000969321 -0.00173154 -0.000794 0.00109944 -0.000772359 -0.00109409 0.000645302 -0.000190348 -0.000572203 -0.00193524 -0.000477387 -0.000602876 -0.00131317 -0.000856787 -0.000995651 -0.00174888 -4.30244e-05 -0.000286145 3.86716e-05 -0.000833093 -0.000788621 -0.00131668 -0.000756892 -0.000146785 -0.00107694 -0.00136719 -0.000260324 -0.00135759 -0.00221403 -0.00123799 -0.000830898 -0.000169715 -0.00215963 -0.00100406 -0.00124106 -0.001043 -0.00124321 -0.00028783 -0.000995695 -0.000815045 -0.00106427 -0.000661872 0.000381785 0.000693149 -0.000172241 0.000757858 0.000258374 -0.00185807 -0.0015919 -0.000471295 -0.000329104 -0.00145614 0.000368262 -0.00163345 0.000221586 -0.000792094 -4.34521e-06 -0.000519952 -0.000989888 -0.00130386 -0.00139089 -0.000692396 -0.000453665 -0.000798248 -0.000989009 -0.000729188 -0.00127781 
-0.00237514 -0.00233882 -0.000466144 -0.00139096 -0.000833894 -0.00127015 0.000269347 0.000660533 0.142941 -0.000262184 0.00100973 -0.00107454 0.000256908 0.000470043 -0.00349096 -0.00335595 -0.00362617 8.05757e-05 0.00169969 -0.00575668 -0.00285681 -0.00218618 -0.00321718 -0.00167157 -0.00120343 -0.0051099 -0.00531538 -0.00189952 -0.00437947 -0.001936 -0.00402559 -0.00169781 -0.00369728 -0.000117343 -0.00142795 -0.00321934 -0.00148379 -0.000899725 -0.0012724 -0.00279835 0.000162789 -0.00101669 -0.0017222 -0.00176913 -0.000344214 -0.000726745 -0.00138074 -0.00157053 -0.00153629 -0.000985884 -0.0012961 -0.000612483 -5.734e-05 -0.00127798 -0.000894134 -0.000394303 -0.00128106 -0.00155916 -0.00044892 0.000624456 -0.0021601 -0.00273893 -0.00054531 -0.00109254 -0.00217296 -0.00123585 -0.000806347 -0.000709373 -0.00293811 -0.000837348 -0.001262 -0.00124996 -0.000643925 -0.0017859 -0.000305322 -0.00116894 -0.00109864 -0.000475591 -0.00269696 -0.00199435 -0.00120388 -0.00312431 -0.00129508 -0.000702785 -0.00135813 -0.00197153 -0.000653618 -0.000579315 -0.000387087 0.000473304 -0.00208928 -0.000589232 -0.000778193 -0.00141635 -0.00135011 -0.00185253 -0.00212805 -0.00211198 -0.000468431 -0.00113994 
-0.000722499 -0.000979815 -0.00186974 -0.00137874 -0.000493372 -0.000387272 -0.00121694 0.000262112 -0.000262184 0.125936 -0.000133083 -0.00184985 -0.00202331 -0.00209184 -0.00222272 -0.00436549 -0.00273877 -0.00450922 0.000227579 -0.00429646 -0.00160547 -0.00654426 -0.00532242 0.00245354 -0.00309716 -0.00620578 -0.00560167 0.000890386 -0.00179622 -0.00353762 -0.00161943 -0.00206542 -0.00207012 -0.00120158 -0.00169047 -0.00267289 -0.00160998 -0.000764561 -0.00192761 -0.000677506 0.000139517 -0.000180522 -0.00118797 -0.000511058 -0.00212369 -0.000284154 -0.000114048 -0.000267001 0.000102 -0.000526959 -0.000854163 -0.00097612 -0.00109941 -0.000624025 0.00123378 -0.000367896 -0.000656295 -0.000556141 -0.00101129 -0.000446713 -0.00113573 -0.00131044 -0.000351662 -0.000257658 -0.000741305 -0.00136707 -0.0016814 -0.00185682 -0.00152376 -0.000408581 -0.00102534 0.000169459 -0.000196753 0.000400143 0.00033588 -0.00108165 -0.00120564 -0.000505597 -0.000937317 -0.000803805 -0.00210675 -0.000400422 -0.000355223 -0.00136194 -0.00173503 -0.00124232 -0.00223449 7.0348e-05 -0.00051202 -0.00119935 -0.000611532 -0.00195374 -0.00220645 -0.0013298 -0.000717373 0.000619424 -0.0019422 -0.000383623 -0.00144046 -0.00137808 
-0.00151668 -0.00202901 -0.00128408 -0.00144553 -0.00123988 -0.00184779 0.00134804 -0.00149263 0.00100973 -0.000133083 0.159035 -0.00440409 -0.00111151 -0.000726185 -0.00253485 -0.00297555 -0.000112659 -0.000941951 -0.00730637 -0.0031592 -0.00553957 -0.000389938 -0.00932349 -0.000898589 -0.00386158 -0.00214114 -0.00177363 -0.00406482 -0.00224551 -0.00351087 -0.00175298 -0.000449287 -0.00339474 -0.0012223 -0.00165195 0.000531795 -0.000315372 -0.000988686 -0.00243721 0.00055522 -0.00231832 -0.000737114 -0.000343739 -0.00216446 -0.00250305 5.8204e-05 1.46978e-05 -0.00290112 -0.00251058 -0.00102078 -0.000615382 -0.000788175 -0.0012902 -0.00133915 -0.000590796 -0.000701668 -0.00251273 -0.000926574 -0.000922671 -0.00243094 -0.000508195 -0.0016218 -0.0018485 0.00122268 -5.93008e-05 -0.000650435 -0.00133868 -0.00103935 -0.00221169 -0.00246372 -0.00221558 -4.18269e-05 -0.00240498 -0.00253621 -0.00105232 -0.000882615 -0.00236444 -0.00254269 -0.000649643 -0.00244679 -0.000326598 -0.00283328 -0.00175782 -0.000379861 -0.00150788 -0.0021904 -0.00283228 -0.000828668 -0.00104112 -0.00111553 -0.00107229 -0.00290008 -0.00101554 -0.00174444 -0.00127263 -0.00145731 -0.00134396 -0.00108907 2.7605e-05 -0.00137524 
-0.000416286 -0.0020503 -0.00175614 -0.000894211 -0.000727681 -0.00180641 0.000831987 0.000351198 -0.00107454 -0.00184985 -0.00440409 0.166671 -0.00169916 -0.00308382 -0.00309041 -0.000746943 -0.00106783 -0.000362068 -0.00509745 0.00156406 -0.00432194 -0.00249226 0.00154201 -0.00686465 -0.0057552 -0.00640497 -0.0042977 -0.00693777 -0.00327441 -0.00244267 -0.000558612 -0.00262243 -0.0016694 -0.00210926 -0.000921357 -0.00208223 -0.00150146 -0.00191399 0.00022486 -0.00284362 0.000206531 -0.00106964 -0.00171982 -0.000867463 -0.00115289 -0.00117435 -0.000552435 -6.15129e-05 -0.0014639 -0.00239472 -0.000647119 -0.000674608 -0.00133441 -0.00201754 -0.00253522 -0.00335857 -0.00180394 -0.00150493 -0.00188783 -0.00104143 -0.00117842 -0.00266314 -0.00239517 -0.000603288 -0.00110386 -0.00171197 -0.00162528 -0.00189079 -0.00274106 0.000188297 -0.00167167 -0.00218231 -0.00193022 -0.00255194 -0.000760219 -0.00144609 -0.00113162 -0.000562348 -0.00106404 -0.000781939 -0.000863825 -0.00287572 -0.00069662 -0.000183366 -0.000635972 -0.00126608 -0.00190071 -0.000905909 -0.00110538 -0.000379224 -0.00152459 -0.00171265 -0.00174501 -0.00153049 -0.00303126 -0.00133785 -0.00117205 -0.00134453 0.000305672 -0.00127577 
-0.00220429 -0.0016979 -0.00238675 -0.00267019 -2.62035e-06 -0.00174837 -0.0010983 -0.00205593 0.000256908 -0.00202331 -0.00111151 -0.00169916 0.187239 -0.00386601 -0.00365517 -0.00669304 -9.83045e-05 -0.00336184 -0.00321379 -0.00232615 -0.00873457 -0.0024327 -0.000294784 -0.00810805 -0.00353427 -0.00403737 -0.00580134 -0.00530794 -0.000310591 -0.00332595 0.000456594 -0.00153422 -0.00347465 -0.000803575 -0.002818 -0.00077586 -0.00214122 0.000239134 -0.00165525 -0.00125197 -0.00247377 -0.00313327 -0.00101157 -0.00350494 -0.00226797 -0.000939802 -0.00172338 -0.00183294 -0.000920429 -0.000881606 -0.0011779 -0.00228167 -0.00162518 -0.00226615 4.23187e-05 -0.00146585 -0.001736 -0.000814498 -0.00264797 -0.00283643 -0.001639 -0.00258854 -0.000829275 0.000858772 0.000634389 -0.00174781 -0.00192457 -0.00314376 -0.00159099 -0.00163106 -0.00288907 -0.000593055 -0.000297785 -0.000926253 -0.000769401 -0.00271976 -0.00206 -2.44227e-05 -0.0017252 -0.000919748 -0.000152604 -0.00485455 -0.00168448 -0.000616214 -0.00223151 -0.00234088 -0.000127887 -0.000583575 -0.000892937 -0.000797147 0.000272062 0.000484529 -0.00187534 -0.00126553 -0.00138433 -0.000749274 -0.00302099 -0.00148663 -0.00280512 -0.00179908 
-0.00292399 -0.00299463 -0.00150061 -0.00211043 -0.00384939 -0.00159777 -0.00444373 -0.00207861 0.000470043 -0.00209184 -0.000726185 -0.00308382 -0.00386601 0.197244 0.000231495 -0.0063208 0.0010551 0.00167603 -0.00480607 -0.00484009 -0.00694535 -0.00526508 -0.00341692 -0.0056234 -0.00361054 -0.00602247 -0.00752031 0.00118424 -0.00285976 -0.00119698 0.000211936 -0.00424261 -0.0028009 -0.00544626 -0.000422491 0.00154391 -0.00316866 0.000437235 -0.00165293 -0.00083222 -0.000366704 -0.00344955 -0.000800302 -0.000294356 -0.00262716 -0.00107698 -0.0012936 -0.000873025 -5.11793e-05 -0.00120452 -0.00138537 -2.44765e-06 -0.00137453 -0.00153433 -0.0002031 -0.00241031 -0.00161949 -0.000332931 -0.00209655 0.000186101 -0.00096551 -0.00168498 -0.00190387 -0.000902701 -0.00307981 -0.0018537 -0.00137856 -0.00081379 -0.00397016 -0.00100047 -0.000686243 -0.000511866 6.58863e-05 -0.00115707 -0.00290985 -0.00250194 -0.00332224 -0.00222963 -0.00274156 -0.00191138 -0.00222362 -0.000977621 -0.00163423 -0.00307316 -0.00243299 -0.00162619 -0.00270284 -0.00251076 -0.0035044 -0.00320411 -0.000867012 -0.00282616 -0.000273288 -0.00177406 -0.00139581 -0.00165027 0.000220377 -0.00108622 -0.00203991 -0.00194113 
2.74256e-05 -0.00139156 -0.00274949 0.000411652 0.000216283 -0.000132256 1.33026e-05 -0.00223245 -0.00349096 -0.00222272 -0.00253485 -0.00309041 -0.00365517 0.000231495 0.211012 -0.00648238 -0.000375221 -0.00590472 -0.00700904 -0.00295882 -0.0145887 -0.00292044 -0.00221387 -0.0038321 -0.00980351 -0.00936239 -0.00106293 -0.00691919 -0.00618171 -0.00449234 -0.00306369 -0.00672097 -0.000225234 -0.00225103 -0.00175241 -0.00120743 -0.00201287 -0.00429706 -0.00307536 0.000224164 -0.00109957 0.000284114 -0.00202567 -0.00125065 -0.00314347 8.29646e-06 -0.000488865 -0.00224539 -0.00210278 -0.00051389 -0.00164378 -0.00140776 -0.00290935 -0.00214547 -0.00252769 -0.00317272 -0.00243272 -0.0024725 0.00106255 -0.000827782 -0.0018438 -0.000546235 -0.00340077 -0.00271748 -0.00240772 -0.00202 -0.00194769 0.000619739 0.00109309 0.000305275 -0.000268457 -0.000852189 -0.00232442 -0.00186229 -0.00188997 -0.00285493 -0.000626758 -0.000974663 -0.00252235 -0.00235611 -0.000798482 -0.00114068 -0.00210409 -0.000116932 -0.000505759 -0.00114012 -0.00213166 -0.00197423 -0.000899332 -0.00133741 -0.00187001 -9.9795e-05 -0.00271402 -0.00139164 0.000560914 0.00241836 -0.00142107 -0.0010599 -0.00362767 -0.000116733 
-0.00171041 -0.0025132 -0.00201625 -0.00128526 -0.00151685 -0.00133515 -0.00105639 -0.00204545 -0.00335595 -0.00436549 -0.00297555 -0.000746943 -0.00669304 -0.0063208 -0.00648238 0.239512 0.0028885 -0.00190561 0.000173044 -0.00204856 -0.00632676 -0.00191291 -0.00477406 -0.0115686 -0.00529594 -0.00539578 -0.00546165 -0.0008088 -0.00270459 -0.00629312 -0.00763357 -0.00930118 -0.00277892 -0.00183625 -0.00207339 -0.00369748 -0.000322012 -0.00137969 -0.00306564 -0.00142097 -0.0044393 -0.00238367 -0.00325797 -0.0020476 0.00161579 -0.00170701 -0.000551672 -0.00181652 0.00149173 -0.00120882 -8.66836e-05 0.000289688 -0.00345726 -0.00106579 -0.000846654 -0.00349165 -0.00202396 -0.000985403 -0.00157139 -0.00188255 -0.00541071 -0.00289035 -0.00189865 0.000223163 -0.00301869 -0.0022847 -0.00220457 -0.00193158 -0.001838 -0.00134576 -0.00212553 -0.00328374 -0.00373763 -0.0014648 -0.00100757 -0.00380862 -0.00134517 -0.00344598 -0.000419168 -0.00264114 -0.00272931 7.70758e-05 -0.0034507 -0.0029558 -0.000206269 -0.00678446 -0.00171661 0.00040791 0.000789488 -0.00179427 -0.000710864 -0.00285532 -0.00259142 -0.00113522 0.000431838 -0.00157988 -0.00223543 -0.00216573 -0.00198571 -0.00165241 
-0.00115889 -0.00263979 -0.00181014 -0.0017586 -0.00256196 -0.002451 -0.000177508 -0.00473885 -0.00362617 -0.00273877 -0.000112659 -0.00106783 -9.83045e-05 0.0010551 -0.000375221 0.0028885 0.24919 0.000192882 -0.00471417 -0.00669021 -0.00716244 -0.00869631 -0.00823719 -0.00443167 0.00232752 -0.00799249 -0.00906244 -0.00985499 -0.00752833 -0.00651066 -0.00580333 -0.00320134 -0.00345622 -0.00145035 -0.00292715 5.34113e-05 -0.00163486 -0.00292577 -0.000172901 -0.00173779 -0.00180152 -0.00250853 -0.00159424 -0.000751739 0.00165705 -0.00122654 -0.00219823 0.000597563 -0.0017034 0.000508696 -0.00336048 -0.0047778 -0.00243341 -0.00189792 -0.000748828 -0.00500935 -0.00194553 -0.00279998 -0.00173891 -0.00164728 -0.0014753 0.000544811 -0.00242558 -0.00227176 -0.000492328 -0.00483878 -0.00489309 -0.00298443 -0.0022837 -0.00347942 -0.00169819 -0.0025383 -0.0014895 -0.00208317 -0.00282052 -0.00425214 -0.00197822 0.000137795 0.00136874 -0.00356513 -0.0025899 -0.000638873 -0.00103023 -0.00174132 -0.00227332 -0.00303232 -0.00189456 -0.00145833 -0.00518098 -0.00538472 -0.0012099 -0.00129598 -0.0014719 -0.00263127 -0.00261281 -0.00433279 -0.00273698 -0.00272029 -0.00196094 -0.00110545 
-0.00123772 -0.0036878 -0.000512617 -0.00262834 -0.00361196 -0.00632318 -0.002411 -0.00340086 8.05757e-05 -0.00450922 -0.000941951 -0.000362068 -0.00336184 0.00167603 -0.00590472 -0.00190561 0.000192882 0.247934 -0.00825932 -0.00761437 0.00332189 -0.00511585 -0.00301477 -0.0116277 -0.00854203 -0.00670683 -0.00971085 -0.00712116 -0.00979453 0.00038114 -0.00252318 -0.00106193 -0.00629065 0.000615786 -0.00226575 -0.00526627 -0.00178032 -0.00107967 -0.00245703 -0.00173489 -0.00279443 -0.00245052 -0.00330185 -0.00361746 -0.000664211 -0.00172289 -0.00315174 -0.00119257 -0.000669042 -0.00323202 -0.000612687 -0.00249783 5.23537e-05 -0.00135747 -0.002269 -0.00228874 -0.00146726 -0.00325486 -0.00425291 -0.00297907 -0.00267024 -0.00172923 -0.00285831 -0.00389616 -0.000190197 -0.00138002 -0.00286072 -0.00217672 -0.000531506 -0.00392228 -0.00180561 -0.00389418 -4.23934e-06 -0.000761623 -0.00347351 0.000243146 -0.000848997 -0.00131293 -0.00135179 0.00162019 -0.00369811 0.000210301 -0.00251443 -0.00200801 -0.00082941 -0.00349662 -0.00181742 -0.00291451 -0.00242941 -0.000109695 -0.00224928 0.000722745 0.000700529 -0.00162871 -0.00357978 -0.00296139 -0.00136273 -0.0027055 -7.55735e-05 -0.00116002 
-0.000101602 -0.000982207 -0.000659142 -0.000480871 -0.00353688 -0.00457196 -0.00348033 -0.00246592 0.00169969 0.000227579 -0.00730637 -0.00509745 -0.00321379 -0.00480607 -0.00700904 0.000173044 -0.00471417 -0.00825932 0.247045 -0.00265574 -0.0028302 -0.0107583 -0.00529138 -0.00766031 -0.00624144 -0.00706443 -0.00841687 -0.00119724 -0.00557334 -0.00189464 -0.00442389 -0.00224232 0.00172768 -0.00292274 -0.00199169 -0.00409333 -0.00498082 2.53561e-05 -0.00238847 -0.00356073 -0.00239161 -0.00251647 -0.00119187 -0.00147774 -0.00321546 -0.00208077 -0.00284568 -0.000842432 -0.000637034 -0.00267273 -0.00409245 2.81969e-05 -0.00178125 -0.00143969 -0.00165393 -0.00026968 -0.00258814 -0.000597394 -0.00516332 -0.00239043 0.000105619 -0.00254854 -0.000499387 -0.00242034 -0.00158968 -0.00185622 -0.000433404 4.73158e-05 -0.00292532 -0.000505239 -0.0012269 -0.00310458 -0.00178403 -0.00177161 -0.000610871 -0.00300272 0.00303469 -0.00177682 -0.00465346 -0.00296119 -0.000951868 -0.00282738 -0.00140552 -0.00251798 -0.000304369 -0.00212497 -0.0022508 -0.00218857 -0.00166623 -0.00334022 -0.00286502 -1.85072e-05 -0.00274424 0.000457262 -0.0042 -0.000433486 -0.0014916 -0.00179528 -0.00412965 -0.000924696 
-0.00118103 -0.00303661 -0.00217763 0.00217425 -0.00172967 -0.00173699 -0.00368926 -0.00693528 -0.00575668 -0.00429646 -0.0031592 0.00156406 -0.00232615 -0.00484009 -0.00295882 -0.00204856 -0.00669021 -0.00761437 -0.00265574 0.249984 0.00286085 0.00282768 -0.00545975 -0.00999127 -0.0102025 -0.012149 -0.00276008 -0.00371047 -0.00292732 -0.00676318 -0.00286006 -0.001292 -0.00552597 -0.0019221 -0.0020732 -0.00369745 -0.0021052 -0.004076 -0.00131959 -0.00261673 -2.23051e-05 -0.0047025 -0.0023353 0.000693882 -0.00231365 -0.00399042 -0.00410108 -0.00337913 -0.00404691 -0.00141472 -0.00226544 -0.00107585 -0.00241908 -0.00357927 -0.0029022 -0.000188066 -0.00100549 -0.000689791 -0.00284119 -0.000897473 -0.000925374 -0.00180904 0.00153071 -0.00462826 -0.00143867 -8.3196e-06 -7.57388e-06 -0.00184435 -0.0021126 -0.00080571 -0.00277328 -0.00340601 -0.00200767 -0.00251627 -0.00297581 -0.00276961 -0.00333259 -0.00141333 -0.00160354 -0.00165488 -0.00054127 -0.00191409 -0.00116444 -0.00191116 -0.00300247 -0.000993162 -0.00271135 -0.00103763 -0.00237085 -0.00162609 -0.00133812 -0.00307868 -0.00145371 -0.00213014 -0.00114135 -0.00263816 -0.000539876 -0.00203282 -0.00212876 -0.00139349 
-0.00337083 -0.00474846 -0.00384956 -0.00206212 -0.000905666 -0.00177852 -0.00321444 0.000914037 -0.00285681 -0.00160547 -0.00553957 -0.00432194 -0.00873457 -0.00694535 -0.0145887 -0.00632676 -0.00716244 0.00332189 -0.0028302 0.00286085 0.25 -0.00161362 -0.00145415 0.00284782 -0.0019994 -0.0113382 -0.00837096 0.000636579 -0.00161702 -0.00711148 -0.00598891 -0.000353877 -0.00496344 -0.00178258 -0.00191456 -0.00381017 -0.00240457 -0.00363341 -0.00327808 -0.00115015 -0.00288581 -0.00285435 -0.00270064 -0.00295846 -0.00351779 -0.00412805 -0.00231248 -0.00367216 -0.00129247 -0.000395853 -0.00141995 -0.00287659 0.000240976 -0.00195719 -0.00331812 -0.00239357 0.000294723 -0.00162884 -0.00170304 -0.00120799 0.000655505 -0.00392655 9.47674e-05 -0.00213875 -0.00214927 -0.0046341 -0.00249972 -0.0028147 0.00172599 -0.00474383 -0.00277522 -0.00257895 0.000201908 -0.00122747 -0.00137116 -0.00274905 -0.00180933 -0.000470961 0.000561129 -0.00307424 -0.00251498 0.000578782 -0.00365226 -0.00285155 -0.00177355 0.00181869 -0.00242992 -0.00238886 -0.00297134 -0.00369949 -0.00262251 -0.000878821 -0.000846447 -0.00244166 -0.000295774 -0.00269037 -0.00304094 -0.00227076 -0.000735539 -0.00283586 
-0.00336192 -0.0008295 -0.000714409 -0.00512934 -0.00293412 -0.0028781 -0.00639751 -0.00306188 -0.00218618 -0.00654426 -0.000389938 -0.00249226 -0.0024327 -0.00526508 -0.00292044 -0.00191291 -0.00869631 -0.00511585 -0.0107583 0.00282768 -0.00161362 0.248603 0.0020651 -0.00141924 -0.00911142 -0.0016525 -0.000782363 -0.00328913 -0.00521772 -0.00288195 -0.00526861 -0.0039921 -0.000762015 -0.00397534 -0.00563612 -0.000455112 -0.00486938 -0.0029924 -0.00103892 -0.00320032 -0.00216902 -0.000462951 -0.00272439 -0.00103088 -0.00140836 -0.00161093 -0.00303658 -0.00260869 -0.00183237 -0.0008468 0.000114299 -0.0017247 -0.00290981 -0.00418329 -0.00315674 -0.00266094 -0.00115348 -0.00419975 -0.00310624 -0.00234016 -0.00456137 -0.0012062 -0.0018771 0.000540786 -0.00234056 -0.000707022 0.000296146 -0.00250827 -0.00110543 -0.00105036 -0.000565028 -0.000649033 -0.00221226 -0.00428486 -0.00199059 -6.94832e-05 -0.00181824 -0.00307228 -0.00214572 -0.00505308 -0.00362559 -0.00419182 -0.00148597 -0.00225071 -0.00207427 -0.00366225 0.000689186 -0.00232401 -0.00416024 0.00145389 -0.000897917 -0.00158353 -0.00362746 -0.00375378 -0.00108122 -0.00133903 -0.002655 -0.00133557 0.00120663 -0.00518593 
-0.00505981 -0.00558955 -0.000160837 -0.00247243 -0.00243423 0.000571195 -0.00472629 -2.62321e-05 -0.00321718 -0.00532242 -0.00932349 0.00154201 -0.000294784 -0.00341692 -0.00221387 -0.00477406 -0.00823719 -0.00301477 -0.00529138 -0.00545975 -0.00145415 0.0020651 0.249604 -0.00459376 -0.00598744 -0.00749651 0.00168162 -0.00415557 -0.00650796 -0.00557381 -0.00523149 0.000377307 -0.0038482 -0.000676331 -0.00297179 2.62301e-05 -0.00456482 -0.00131705 -0.00112994 -0.00198408 -0.00183771 -0.00301314 -0.00289377 -0.00128022 -0.00166711 -0.00244226 -0.000124366 3.40371e-05 -0.00237035 -0.00115782 -0.00244867 -0.0031829 -0.00306266 -0.00126708 -0.00357356 -0.00143035 -0.000762932 -0.00253494 -0.0014544 -0.0020424 -0.00321165 -0.00122177 -0.00272157 -0.00119863 -0.00119159 -0.00432134 -0.00420643 -0.000137532 -0.00114687 -0.00203751 -0.00162811 -0.00471261 -0.000996293 -0.0017971 -0.00221025 -0.00206131 0.00110738 -0.0025898 -0.00453707 -0.000340859 -0.0025022 -0.000959848 -0.00206405 -0.00537714 -0.00089091 -0.00134021 -0.000552154 -0.00235681 -0.000343886 -0.00201879 -0.00271808 -0.00440614 -0.00149092 -0.00624677 -0.00127921 -0.000495908 -0.00412796 -0.00290202 -0.00248475 -0.00310813 
-0.00338005 0.000192841 -0.00429431 0.000506071 -0.0020102 -0.00260837 -0.00136546 -0.00405579 -0.00167157 0.00245354 -0.000898589 -0.00686465 -0.00810805 -0.0056234 -0.0038321 -0.0115686 -0.00443167 -0.0116277 -0.00766031 -0.00999127 0.00284782 -0.00141924 -0.00459376 0.248969 -0.0018062 -0.00290365 -0.00355437 -0.00741571 -0.00130646 -0.00917312 -0.00930762 -0.00227309 -0.00806971 -0.0061634 -0.00378167 -0.00184848 -0.00174638 -0.00307043 -0.000159325 -0.00135778 -0.00295724 -0.000633835 -0.00285353 -0.00247063 -0.00146212 -0.000418882 -0.00154181 -0.00263982 -0.00216421 -0.00272755 -0.00186458 -0.00240803 -0.00157087 -0.00107268 -0.00285285 2.79711e-05 -0.000946251 -0.00254483 0.00102817 -0.00222138 -0.000139935 -3.58311e-05 -0.00277735 -0.00232358 -0.00145751 0.00187524 -0.00158419 -0.00248818 -0.00200987 0.00144125 -0.00149175 -0.00140785 -0.00187108 -0.00237071 -0.0012799 -0.00295816 -0.00347775 -0.00362463 -0.00135096 -0.00301068 0.00121991 -3.88919e-05 0.000999721 -0.00048505 0.000314383 -0.00190816 -0.00309592 -0.000991793 -0.00246264 -0.00230081 -0.00145425 -0.00409458 -0.00388966 -0.00140332 -0.000855114 -0.000719767 -0.00311492 -0.00240178 -0.000238998 -0.00146725 
-0.00135239 -3.00308e-05 -0.000641708 -0.00171698 -0.00278128 -0.00175747 -0.000197112 -0.00659602 -0.00120343 -0.00309716 -0.00386158 -0.0057552 -0.00353427 -0.00361054 -0.00980351 -0.00529594 0.00232752 -0.00854203 -0.00624144 -0.0102025 -0.0019994 -0.00911142 -0.00598744 -0.0018062 0.244999 -0.00310574 -0.00173063 0.00415138 -0.00772758 -0.00450564 -0.000259153 -0.0051794 -0.00126876 -0.00310391 -0.00159446 -0.00402445 -0.000542358 -0.00295644 -0.00292927 -0.00113719 -0.0012967 -0.000372267 -0.00294751 -0.00132228 -0.0030363 -0.0036848 -0.00169113 0.000487695 -0.000244508 -0.00431381 -0.000682884 0.00067931 -0.00287476 -0.00035636 -0.00214242 -0.005559 -0.000229766 -0.00050231 -0.00231441 -0.00152134 -0.00158229 -0.000587205 0.000473252 -0.00150435 -0.00121662 -0.000775751 -0.00481887 -0.00197496 -0.00472525 -0.00258168 -0.00274989 -0.00424532 -0.00146601 -0.00250642 -0.00144666 -0.00174573 -0.000658182 -0.00222311 -0.00270409 -0.00286889 0.000370544 -0.0029651 -0.00290971 -0.00144945 -0.00197979 -0.00060189 0.000194413 -0.00340955 -0.00156715 -0.00311338 -0.00177816 8.05119e-05 -0.00142519 -0.00126319 -0.00349225 -0.00541888 0.00107107 -0.00191366 -0.00444513 -0.00443818 
-0.00200376 0.000115698 -0.000847456 -0.00492989 -0.00435827 -0.00170707 -0.00199589 -0.00504404 -0.0051099 -0.00620578 -0.00214114 -0.00640497 -0.00403737 -0.00602247 -0.00936239 -0.00539578 -0.00799249 -0.00670683 -0.00706443 -0.012149 -0.0113382 -0.0016525 -0.00749651 -0.00290365 -0.00310574 0.228599 0.00358988 -0.0035836 -0.00178244 0.000884954 -0.00118678 -0.000387043 -0.000420348 -0.000452485 0.000314576 -0.00144785 -0.000248136 -0.0029252 -0.000733785 -0.0027289 -0.00258636 -0.000456546 -0.000641541 -0.000890181 -0.000729251 -0.00131517 -0.00370674 -0.00266869 -0.000107732 -0.00112224 -0.00430591 -0.00310338 -0.00162193 -7.67776e-05 -0.000800206 -0.000750117 -0.00339115 -0.000479944 -0.00289861 -0.0017486 -0.00193876 0.000278383 -9.79621e-05 -0.00389723 -0.00219288 -0.00151627 0.000315479 -0.00103345 -0.00384288 -0.00217218 -0.00177625 0.000343161 -0.00187391 0.000918832 -0.000289779 0.000456914 -0.00254426 -0.00192933 -0.000974891 -0.00182514 -0.00135993 -0.00603589 -0.0022671 0.000130638 -0.0015399 -0.00285476 0.000505179 -0.00123418 -0.00363894 -0.00233688 -0.0012159 -0.00113335 -0.00155952 -0.00221066 -0.00456339 -0.000753762 -0.00101335 -0.000338722 0.00171108 -0.000929414 
-0.000100873 -0.00189455 -0.0013658 -0.00261928 -0.00276619 -0.00221113 -0.00297572 -0.000869897 -0.00531538 -0.00560167 -0.00177363 -0.0042977 -0.00580134 -0.00752031 -0.00106293 -0.00546165 -0.00906244 -0.00971085 -0.00841687 -0.00276008 -0.00837096 -0.000782363 0.00168162 -0.00355437 -0.00173063 0.00358988 0.213134 -0.00453121 -0.000647114 -0.00189245 0.00209526 0.00094252 -0.00564361 -0.00281594 -0.0014522 -0.000760696 -0.00180694 -0.00380322 -0.00288826 0.000642159 0.00013755 -0.00198915 -0.00115644 -0.002581 -0.00378994 -0.000921805 -0.00117994 -0.00017501 -0.0024611 -0.0019473 -0.00157594 -0.00339151 0.000792504 -0.00212529 -0.00316555 -0.00232478 -0.00104715 -8.39332e-05 -0.000906876 -0.0036194 -0.00406766 0.00287044 -0.00359805 -0.00211694 -0.00313739 -0.00238617 -0.00117492 -0.00236313 -0.00212788 -0.0020409 -0.000550445 6.96787e-05 -0.00203183 -0.00124674 -0.000791436 -0.000380419 -0.000339677 3.06753e-05 -0.000629498 -0.00472554 -0.00272322 -0.0035034 -0.000505617 -0.00342254 -0.0020724 0.000332597 -0.00206752 -0.00285012 -0.00104468 -0.00112988 -0.00172016 -0.00366654 -0.0025872 -0.00242492 -0.00419079 -0.00113359 0.000623277 0.000469285 -0.00143682 -0.000513408 
-0.0011805 -0.00240424 -0.00136917 -0.00325724 -0.00384228 -0.00360226 -0.00200133 -0.00165582 -0.00189952 0.000890386 -0.00406482 -0.00693777 -0.00530794 0.00118424 -0.00691919 -0.0008088 -0.00985499 -0.00712116 -0.00119724 -0.00371047 0.000636579 -0.00328913 -0.00415557 -0.00741571 0.00415138 -0.0035836 -0.00453121 0.225222 -0.00145648 -0.000213677 -0.0024922 9.08681e-05 0.000496415 -0.00559457 -0.00320844 -0.00191307 -0.000541458 -0.00109244 -0.00122203 -0.00149701 -0.00240576 -0.000994553 0.00177263 -0.00481893 -0.00180563 -0.00195721 -0.00138481 -0.00323913 -0.00261 -0.00254824 -0.00230578 -0.00295445 -0.00188909 -0.00182514 -0.00349871 0.000771939 4.43404e-06 0.00124527 -0.00244625 -0.00121546 -0.00154779 -0.00175004 -0.00432071 -0.00122621 -0.00316265 -0.00201992 -0.00190905 -0.00181508 0.000231973 -0.00228954 -0.00150354 -0.00251714 -0.00310649 -0.000802172 -0.000656489 -0.00247412 -0.00414098 -0.00425667 -0.0019382 -0.000195037 -0.00233445 -0.00475874 -0.000613896 -0.00136242 -0.00288686 -0.000869262 -0.00259792 -0.00339398 -0.00201472 -0.00265738 -0.00364274 -0.00190198 -0.000738029 -0.00115607 -0.00126138 -0.00195597 -0.00371152 -0.00241518 -0.00294385 -0.00460976 
0.000191975 -0.00075383 -6.13195e-05 -0.00184913 -0.000687102 0.000807253 -0.00303258 -0.00293286 -0.00437947 -0.00179622 -0.00224551 -0.00327441 -0.000310591 -0.00285976 -0.00618171 -0.00270459 -0.00752833 -0.00979453 -0.00557334 -0.00292732 -0.00161702 -0.00521772 -0.00650796 -0.00130646 -0.00772758 -0.00178244 -0.000647114 -0.00145648 0.165214 -0.000629019 -0.00317496 -0.00238675 -0.000459017 -0.000455154 -0.00295068 -0.00145323 -0.000504773 -0.000340029 -0.000578028 -0.000558277 -0.00126844 -0.000354645 -0.000748148 -0.00251738 -0.00137836 -0.00214521 -0.000298367 -0.000303956 -0.00232107 -0.000782402 -0.00167113 -0.000507491 -0.000245342 -0.000553268 -0.0014373 -0.000895266 -0.000563006 -0.00191993 -0.000349332 -0.00227398 0.000662814 -0.00148527 -0.00203427 -0.00202231 -0.0021921 -0.00177681 -0.000520923 -0.00243707 -0.00109091 -0.00181743 -0.00115401 0.000157413 -0.00163853 -0.000662119 -0.000227717 -0.00244071 -0.00146705 -0.000143234 -0.00165952 0.000338337 -0.00135809 -0.00014748 -0.00128044 -0.000714333 7.95395e-05 -0.00151527 -0.001114 -0.000256332 -0.000620845 -0.000995487 -5.40139e-06 -0.000135962 -0.00146488 -0.00118615 -0.00163593 -0.00100397 -0.001946 -0.00188615 -0.00271985 -0.00151532 
0.000270421 0.000464391 -0.00102714 -0.00265526 0.000365285 -0.00274485 -0.00130326 -0.00173778 -0.001936 -0.00353762 -0.00351087 -0.00244267 -0.00332595 -0.00119698 -0.00449234 -0.00629312 -0.00651066 0.00038114 -0.00189464 -0.00676318 -0.00711148 -0.00288195 -0.00557381 -0.00917312 -0.00450564 0.000884954 -0.00189245 -0.000213677 -0.000629019 0.163934 0.00158696 -0.00306856 -0.00200519 -0.00079436 -0.000812864 -0.00448388 -0.00148046 -0.00170678 -0.00179793 -0.00237247 -0.000334259 -0.000950465 -0.00129497 -0.00234033 -0.00104291 -0.00168897 -0.00146808 -0.00149293 -0.00186539 -0.000430384 -0.000521916 -0.00147335 0.000342897 -0.00156221 -0.00112637 -0.000668801 -0.00136036 -0.00207587 -0.00179376 -0.00154543 -0.000176248 -0.0015367 -0.00208467 -0.00176241 -0.00167819 -0.00183892 -0.000254116 -0.0022684 -0.00188446 -0.00152088 -0.000560246 -0.00126417 -0.00114777 -0.00189249 -0.000331795 -0.000958109 -0.0014934 -0.000276929 -0.0023436 0.00107694 -2.32551e-05 0.000135181 -0.000970352 -0.00185069 -0.00197681 0.000775099 -0.000472612 -0.000374139 -0.00275816 -0.000586303 -0.000284641 -0.000425994 -8.89998e-05 -0.0012563 -0.00219076 0.000283341 -0.000923924 -0.00114785 -0.00145654 -0.00152739 
0.00045626 -0.000669563 -0.00113189 -0.000888975 -0.00141004 -0.000655278 -0.00181804 -0.00293949 -0.00402559 -0.00161943 -0.00175298 -0.000558612 0.000456594 0.000211936 -0.00306369 -0.00763357 -0.00580333 -0.00252318 -0.00442389 -0.00286006 -0.00598891 -0.00526861 -0.00523149 -0.00930762 -0.000259153 -0.00118678 0.00209526 -0.0024922 -0.00317496 0.00158696 0.143836 9.26078e-05 -0.00116819 -0.000993006 -0.00115365 -0.00128243 -0.000401114 -0.00106122 -0.00112492 -0.00112008 0.00102914 -0.00174655 -0.00100077 -0.00190477 -0.002242 -0.000890265 -0.00133543 -0.000947521 -0.00170335 -0.000248807 -0.000624202 -0.000172044 -0.000772125 -0.000856052 -0.000176334 -0.00164863 -0.00215773 -0.00119948 -0.00125457 -0.00116425 -0.00166591 0.00104448 -3.91733e-05 -0.000848419 -0.00134836 -0.00178844 -0.00143992 -0.00195057 -0.000800158 -0.00117404 -2.26759e-06 -0.00083089 9.44338e-05 -0.000898882 -0.00147389 -0.00138194 -0.00191906 -0.000983874 -0.00175919 -0.000152506 -2.1226e-05 -0.00114211 -0.00320041 -0.00212071 -0.0011978 -0.00211564 -0.000527962 -0.000583329 -0.000193293 -0.00144913 -0.00116084 -0.000811189 -0.000976104 -0.00147059 -0.0023479 -0.00114544 -0.000505191 0.000515013 -0.00186807 -0.00108733 
0.000112248 -0.000842289 -0.000393113 -0.00249379 -0.00116072 -0.00124525 -0.00185658 -0.00334741 -0.00169781 -0.00206542 -0.000449287 -0.00262243 -0.00153422 -0.00424261 -0.00672097 -0.00930118 -0.00320134 -0.00106193 -0.00224232 -0.001292 -0.000353877 -0.0039921 0.000377307 -0.00227309 -0.0051794 -0.000387043 0.00094252 9.08681e-05 -0.00238675 -0.00306856 9.26078e-05 0.140967 -0.00355882 0.000562598 -0.00124625 -0.000178971 7.80218e-05 -0.000481772 -0.00135623 -0.00124788 0.000152963 -0.00099206 -0.00150222 -0.00177311 -0.00173509 -0.000780192 -0.000566364 -0.000478211 -0.00235683 -0.00166217 -0.000811795 -0.00113946 -0.000888653 -0.00163831 -0.00123922 -0.000104528 -0.00181874 -0.0022292 -0.00127645 -0.00121115 -0.00197282 -0.00269987 -0.00032072 -0.00152421 -0.000635006 -0.00117766 -0.00132036 -0.000910214 -0.000923094 -0.00187692 -0.00207553 -0.000202281 -0.000463324 -0.000809433 -0.00156435 -0.000467391 -0.000388677 -0.00124228 -0.000882841 -0.000599136 -0.00149815 -0.000473944 -0.0010323 -0.00209757 -0.00176729 0.00011148 -0.00145399 -0.000189979 -0.00139191 -0.00263222 -0.000484432 -0.0021149 -0.00139378 -0.00180297 -1.89776e-05 -0.00180618 -0.00114872 2.90457e-05 -0.00107412 -0.00139362 
3.72958e-05 -0.00233924 -0.00125884 -0.00218913 -4.18101e-05 -0.00295386 -9.05665e-05 0.000214894 -0.00369728 -0.00207012 -0.00339474 -0.0016694 -0.00347465 -0.0028009 -0.000225234 -0.00277892 -0.00345622 -0.00629065 0.00172768 -0.00552597 -0.00496344 -0.000762015 -0.0038482 -0.00806971 -0.00126876 -0.000420348 -0.00564361 0.000496415 -0.000459017 -0.00200519 -0.00116819 -0.00355882 0.134234 -0.000603648 -0.00192846 -0.0018768 0.000937255 -0.000243576 -0.000396098 -0.00130348 -0.000136125 -0.00066543 0.000503721 -0.00190473 -0.000487594 -0.00049248 -0.000373717 -0.000472773 -0.000306672 -0.0011388 -0.00130302 -0.0014586 -0.000384752 -0.00110675 -0.000258265 -0.000625288 -0.00247279 -0.00073504 -0.0023156 -0.0022598 -4.93653e-05 -0.00164755 -0.000995299 -0.00160479 -0.000371903 -0.00190066 -0.00142599 -0.00104772 -0.00133552 -0.00171925 -0.000760359 -0.000389615 -0.000650145 -0.00104273 -0.00110358 0.000127041 -0.000205314 0.000128087 -0.00127343 -0.00148489 -0.00270308 -0.00264297 -0.00177668 0.000142653 -0.00243619 -0.000849524 0.00070007 -0.00171524 -0.00118426 -0.000893299 0.00027846 -0.00123032 -0.000462902 -2.35786e-05 -0.000759527 -0.000603401 5.90945e-05 -0.000132594 -9.7553e-05 -0.00139189 
