0.0865616 -0.000157461 -0.000826577 -0.000483775 0.000399229 -0.00148782 -0.000391346 -0.0010255 -0.000406588 -0.000942995 -0.00299133 -0.000256997 -0.00301886 -0.00195901 0.00146245 -0.00376431 -0.00034642 -0.00469714 0.00089787 -0.00360348 0.00100842 -0.00273161 -0.00293763 -0.00475954 -0.00342594 -0.00305996 -0.00172446 -0.0043202 0.000129994 -0.00174391 -0.000169968 -0.00203319 -6.12394e-05 -0.000208245 -0.00144848 -0.00063806 -0.00109636 -0.00103443 -0.000424095 -0.000604995 -0.000876753 -0.0005185 -0.000621705 -0.00101331 -0.000483251 -0.000579337 -0.000822291 -0.000204217 -0.000499246 -0.00149351 -0.000723448 -0.00110945 -0.000144387 -0.000737713 -0.000958459 3.01355e-05 -0.000154012 -0.000536549 -0.000359379 -0.000462016 -0.000221665 0.000371719 -0.000691179 -0.000432413 -0.000863374 -0.000680585 -0.000719128 -0.000693696 -0.000648496 -0.000646996 -0.00078134 -0.000536266 -0.000370387 -0.000517786 1.25387e-05 -0.000730353 -0.000140635 -0.000587419 -0.000598229 0.00017243 -0.000871684 -0.000996282 -0.000977512 0.000145961 -0.000310305 -0.000785879 -0.000677678 -0.000466038 -0.00120999 -0.000289246 -0.000627158 -0.00114584 0.000129177 -0.000338573 -0.000349107 -0.000808276 0.000145666 0.000293393 -0.000798643 -0.000168971 
-0.000157461 0.0992563 0.000519668 -0.000214918 -0.000532015 -0.000630139 -0.000117832 -0.00143078 -0.00096795 -0.00151418 -0.00156076 -0.00277581 -0.0020334 -0.00331988 -0.00272317 -0.00182322 -0.000231237 0.00215673 -0.00393103 0.000931403 -0.000197715 -0.00328779 -0.00163297 -0.00144814 -0.00254349 -0.00605142 -0.00280909 -0.00095426 -0.00248824 -0.00125506 -0.0011052 -0.00112234 -0.000633799 -0.00160578 -0.00109797 -0.00158743 -0.000514957 -0.00122778 -0.000916856 0.000289962 -0.00148425 2.78483e-05 5.25701e-05 -0.00210996 -0.00149658 -0.000308504 -0.000914631 -0.000463698 -0.00139514 -5.65447e-05 -0.00048012 -0.00145472 -0.000248996 -0.00108424 -0.000666339 -1.54189e-06 -0.00105275 -0.00112481 -0.000748616 -0.000487348 -0.000793744 -0.000554018 -0.00172729 -5.41409e-05 -0.000474431 -0.00124576 -0.000585017 -0.000615352 -0.000277597 -0.000563831 -0.000584358 -0.00016781 -0.000769731 -0.000664042 -0.000966689 -0.00134807 -0.000285123 -0.0010818 -0.00051848 -0.00126514 -0.000971988 -0.00152714 -0.000462296 -0.00143274 -0.000478887 -0.000638807 -0.00088021 -0.00242507 -0.00046233 -0.00142225 -0.00103284 -0.00063535 -0.000662985 0.000108624 -0.0011708 -0.000499028 -0.000819496 -0.000143706 -0.000542228 -0.000569692 
-0.000826577 0.000519668 0.0779409 -8.48853e-05 0.000116791 -0.000641029 -0.000218602 -0.000522371 -0.001258 -0.00215328 -0.00019092 -0.00146977 -0.0027472 -0.00236105 -0.00223589 -0.00259892 -0.00133155 -0.000285425 -0.00193232 -0.00272437 -0.00147052 -0.00125065 -0.000365668 -0.00476132 -0.00205695 -0.002229 -0.00108663 -0.00133326 0.000767101 -0.000284788 -0.000679596 -0.00120253 -0.00176904 -0.000261703 -0.000538694 -0.00179138 -9.83545e-05 -0.00122257 -0.000435379 -0.00148419 -0.000254811 -0.00154116 -0.000533557 -0.000562997 -0.00133634 -0.000649859 -0.000181382 -0.000185603 -0.00103384 -0.000298758 -0.000460379 -0.000949058 -0.000372353 0.000125592 -0.000235157 -0.000782212 -0.000769071 -0.000774451 -0.000774333 -0.000436555 -0.000722584 -0.000537455 -0.00150449 -0.000109893 -0.000767051 -0.000693762 -0.000760542 -0.000118476 -0.000186112 -0.00058085 -0.00122265 -0.000604581 1.64637e-05 -0.000418253 -0.000991716 -0.000843047 -0.00017714 -0.00083324 -0.000454133 0.000649327 -0.000747037 -0.000195699 -0.000751259 -0.00033942 -0.000837306 -0.000455027 -0.000795031 -0.00113465 -0.000113931 0.000249815 -0.00117827 -0.000838302 -7.26804e-05 -0.000364193 -0.000189445 5.63002e-05 -0.000571798 -0.000576501 0.000234405 4.64127e-05 
-0.000483775 -0.000214918 -8.48853e-05 0.0816343 -0.000398034 -0.000688781 9.82714e-05 -0.000527476 -0.00121284 -0.000934 -0.000648113 -0.000831564 -0.0026884 0.0005548 -0.000568624 -0.000403554 -0.00232828 -0.000369848 -0.00244891 0.000224866 -0.00483653 -0.00378893 -0.000833498 -0.00117198 -0.00338007 -0.0021856 -0.00235353 -0.00220059 -0.0028475 -0.000258437 -0.0016428 -0.000365525 -0.000973993 -0.000284573 -0.000698551 -0.00128942 -0.000524467 -0.000152798 -0.000904929 8.14318e-05 -0.000754149 -0.000966161 -0.000107775 -0.000109585 -0.000254035 -0.000574278 -0.000212453 -0.00114333 -0.000344779 -0.000586907 -0.000352315 -0.000435081 -0.000140911 -0.000466577 0.000190999 -0.00089133 -0.000659024 -0.000948463 -0.000467224 -0.0008808 -0.00025139 -0.000458625 -6.5124e-05 -0.000538767 -0.000469374 -0.00121755 -0.00100059 -0.000389431 -0.000769089 -0.000542679 -0.000133978 -0.0015039 -0.00070528 -0.00124788 -0.00089025 -0.000985164 -0.000370745 -0.0011368 -0.000350902 -0.000283767 -0.00134337 -0.000642689 -0.000842858 -0.000844382 0.000160986 -0.000404715 -0.000483256 -0.000976671 -0.000736647 -0.00077728 -0.000613141 -0.000592805 -0.000211815 -0.000662567 -0.000846137 -0.000728743 -0.000722661 -0.000820087 -0.0010557 -0.00050794 
0.000399229 -0.000532015 0.000116791 -0.000398034 0.105129 -0.000576684 -0.00120238 -0.000955369 -0.00125085 -0.000238883 -0.00233498 -0.00430517 -0.000305864 -0.00231865 -0.00339487 -0.0026936 -0.00425618 -0.00310733 -0.00358818 0.000306295 -0.000516489 -0.000828799 -0.00402419 0.00101964 0.00182222 -0.000378004 -0.00127236 -0.00201658 -0.00231226 -0.00255326 0.000251 -0.00133084 -0.00218123 -0.00136347 -0.0010378 -0.0013868 -0.000759736 -0.001273 -0.000592117 -0.000146651 -0.00160668 3.9303e-05 -0.000419324 -0.00183768 -0.000804506 -5.8596e-05 -0.00101172 -0.000389987 -0.00189827 -0.000704418 -0.00086269 -0.000994226 0.000345274 -0.00118043 -0.00162673 -0.00192044 -0.000959475 -0.00236305 -0.00168626 -0.0015463 -0.000584013 0.000219122 -0.0012886 -0.000782149 -0.0010018 -0.00175108 -0.000110241 -0.000584492 -0.000987242 -0.000414558 -0.000505014 -0.000741393 0.000183688 -0.00119046 -0.000257747 -0.0007727 -0.00111719 -0.00094039 -0.000782989 -0.000332198 -0.0015193 -0.000155966 -0.000884366 -0.00113235 -0.000629942 -0.00109756 -0.00194577 -0.00117089 -0.00094959 -0.000800643 -0.00072669 -0.000589599 -0.000837049 -0.00124653 -0.00106584 -0.000634459 -0.000834449 -0.00104155 -0.000459405 -0.000661952 
-0.00148782 -0.000630139 -0.000641029 -0.000688781 -0.000576684 0.0986189 0.000388552 -0.0010955 -0.00046289 -0.000464825 0.000213235 -0.00333668 -0.00058542 -0.00171054 -0.00559738 -0.00278835 -0.0012555 -0.00610094 -0.0018495 -0.00479762 -0.00285993 -0.00714129 -0.00284467 0.00128975 -0.00188792 0.000426114 0.00106575 -0.000363942 -0.00154057 -0.00108902 -0.00102144 -0.00138083 6.02454e-06 -0.00247805 -0.00183014 -0.000977052 -0.00152045 -0.00112449 -0.000752988 -0.000858867 -0.000508761 -0.00107007 0.000172054 -9.3258e-05 -0.00128597 -0.000907749 -0.000635133 -0.000269301 0.000126962 -0.000172772 -0.00140746 -0.000918486 -0.000398194 0.000407152 -0.00136008 -0.00123598 -0.000360249 -0.00146188 -0.000836351 -0.000416352 -0.000307693 -0.000230314 -0.000393358 -0.000476108 -0.000186958 -0.00025468 -0.00141044 -0.00102196 -0.00102843 -0.000687731 -0.00087212 -0.00176558 -0.000776438 -0.000591177 -0.000320079 -0.000723427 -0.000565966 -0.00121363 3.37221e-05 -0.0006035 -0.0010529 1.46377e-05 -0.00117993 -0.0014555 -0.000679081 -0.000620955 -0.000195483 -0.0018069 -0.000731463 6.02196e-05 -0.00109551 -0.00085494 -0.00070645 5.83381e-05 -7.78877e-05 -0.000342747 -0.000888205 -0.000452393 -0.000574852 0.000342628 
-0.000391346 -0.000117832 -0.000218602 9.82714e-05 -0.00120238 0.000388552 0.105407 -0.0014441 -0.000349694 0.00212084 -0.00156116 -1.61191e-05 -0.001157 -0.000743388 -0.00345082 -0.00133757 -0.00526433 -0.00233759 -0.00582323 -0.00531885 -0.00372321 -0.000293043 -0.00564667 0.00124478 -0.00176347 -2.63859e-05 -0.00396557 -0.00243096 -0.00248511 0.000266935 -0.000842039 -0.00359183 -0.0024024 -0.000978541 -0.000870567 -0.00138625 -0.00106364 -0.000515217 -0.000780278 -0.000961878 -0.00130074 -0.00254195 -0.000912914 -0.00101238 -0.0014603 -0.0014162 -0.00105008 -0.000988663 -0.000762352 0.000124778 -0.000823056 -0.00129189 -0.00109671 -0.00121905 -0.00059573 -0.000656605 -0.00117757 -0.000235057 0.0002 -0.00155779 -0.00106859 -0.000151376 -0.000895601 -0.000627796 2.78716e-05 -0.000456266 -6.33975e-05 -0.00130543 0.000238127 -0.00058935 -0.00164911 -0.000662495 -0.000647357 -0.000817453 -0.000924159 -0.000759538 -0.00105114 -0.000619966 -0.000740727 -0.000594012 -6.44401e-05 -0.00096241 9.3451e-05 -0.000337393 -0.000609139 -0.000535783 -0.00067453 -0.00116497 -0.00100448 -0.000987618 -0.000281315 -0.000122762 -0.000901566 -0.0008998 -0.000438122 -0.000678998 1.68393e-05 -0.000547578 -0.000844292 -0.000988165 
-0.0010255 -0.00143078 -0.000522371 -0.000527476 -0.000955369 -0.0010955 -0.0014441 0.107022 0.000166633 0.00045483 -0.000776937 0.00108453 -0.0011206 -0.00297565 -0.00395263 -0.00393681 -0.00527666 -0.000949148 -0.00502703 -0.00270763 -0.0029525 -0.00360873 -0.00352121 -0.000693278 -0.00303384 -0.00303793 -0.00151844 -0.00143531 -0.00274015 -0.000291687 -0.00108615 -0.00301887 -0.00026823 -0.00166462 -0.00159978 -0.000843436 -0.000589874 -0.00123207 -0.000379566 -0.000400339 -0.000836602 -0.000548627 -0.0010168 -0.00115878 -0.000602495 -0.00066267 -0.00045024 -3.91784e-05 -0.00114068 -0.000786816 -0.000988809 -0.000770182 -0.000375336 0.000404929 -0.000773702 -0.000122428 -0.00078849 0.00013216 -0.00081944 -0.00133653 6.1523e-05 0.000237981 -0.00103135 -0.00102822 -0.000736338 8.21223e-05 -0.00105729 -0.0011368 -0.0016249 0.00019889 -0.000438713 -0.0011486 -0.000674988 -0.00116047 5.86617e-05 -0.00101097 0.000237155 -0.00173962 -0.00117871 -0.000762487 -0.0015435 -0.000487148 -0.00101341 -0.000809558 -0.0014008 9.37344e-05 -0.000346248 -0.000861003 -0.00145328 -0.00110893 -0.000130671 -0.000750458 -0.000908399 -0.000443121 -0.00176887 -0.00115016 -0.000451486 -0.000182231 0.000459001 -0.00029778 
-0.000406588 -0.00096795 -0.001258 -0.00121284 -0.00125085 -0.00046289 -0.000349694 0.000166633 0.115094 -0.00253373 -0.00367673 -0.00178808 -0.00221293 -0.00117491 -0.00466543 -0.00392292 -0.00262209 -0.00426802 0.000648606 -0.00338515 -0.00154404 -0.00209132 -0.00306892 -0.00123547 -0.00212095 -0.000800264 -0.00103719 -0.00116864 -0.00315766 -0.000904107 -0.00330188 -0.000641476 -0.00115776 -0.000264654 -0.0012674 -0.00129487 -0.00198395 -0.000910805 -1.14711e-05 -0.000204377 0.000114933 -0.00168267 -0.000931947 -0.0017828 -0.000135525 0.000118448 -0.00142458 -0.000276919 -0.000331613 -0.00135123 -0.000729759 -0.000309749 -0.00102528 -0.000780231 -0.00185367 7.60907e-05 -0.00127546 -0.00199663 0.000178195 -0.000114404 -0.00155887 -0.000923713 -0.00228117 -0.000596579 -0.00113178 -0.000264693 -0.000755292 -0.001105 -0.00159148 -0.000717529 -0.000238711 -0.00116725 -5.79018e-05 -0.00114846 -0.000343959 -0.00146351 -0.000442887 -0.000991489 -0.00148428 -0.000732316 -0.000658877 -0.000522252 -0.000812028 -0.000657369 5.4294e-05 0.000168069 -0.000923601 -0.000981012 -0.00185234 -0.000883668 -0.000978736 -0.00145713 -0.000673903 -0.00161825 -0.00188114 0.000473632 -0.0007788 -0.000275845 -0.00150425 -0.00130815 
-0.000942995 -0.00151418 -0.00215328 -0.000934 -0.000238883 -0.000464825 0.00212084 0.00045483 -0.00253373 0.135599 0.000484964 -0.00207467 -0.00521418 -0.00436636 -0.00476436 -0.00284414 -0.00591064 -0.00399624 -0.0020633 -0.004336 -0.0035166 -0.00552983 -0.00314782 -0.000665413 -0.00137818 -0.00426523 -0.00241479 -0.000752214 -0.00121442 -0.00132476 -0.00361632 -0.000832901 -0.0018101 -0.00103888 -0.000222418 -0.00221988 -0.000844757 -0.000352844 -0.000331996 -0.000349258 -0.00183796 -0.0014609 -0.00250286 -0.000331191 -0.00137505 -0.000432857 -0.00127616 -0.000497137 -0.000401177 -0.000804606 -0.000579425 -0.000158096 -0.000503077 -0.00209541 4.93998e-05 -0.00187611 -0.000781563 0.000570435 -0.00107324 -0.000548191 -0.000879645 -0.000930848 -0.002375 -0.000877059 -0.00161566 -0.00171906 3.44328e-06 -0.00105697 -0.000217991 -0.00150648 0.00051851 -2.67825e-05 -0.00129842 0.000413596 -0.00156036 -0.000237265 -0.00160069 -0.00169602 -0.000261058 -0.000262621 -0.00205159 -0.0014396 -0.000259704 -0.00107447 -0.00114415 -0.00101276 -0.00255264 -0.00103451 -0.0016819 -0.00118826 -0.00202266 -0.0009005 -0.00146541 0.000198724 0.000673935 -0.0013541 -0.00151014 -0.00118067 -0.000460435 -0.00191686 
-0.00299133 -0.00156076 -0.00019092 -0.000648113 -0.00233498 0.000213235 -0.00156116 -0.000776937 -0.00367673 0.000484964 0.151124 -0.00117152 0.00133939 -0.00299452 -0.00164009 -0.000366257 0.000311477 -0.0109235 -0.00329324 -0.00390616 -0.0076639 -0.00496095 -0.00540216 -0.00225848 -0.00570071 -0.00729477 -0.00238404 -0.000137073 -0.00147751 -0.000413351 -0.00355365 -0.00151249 -0.000266493 -0.00204627 -0.00201828 -0.00186943 0.00023927 -0.000409823 -0.000851776 -0.00146977 -0.00234998 -0.00127456 -6.46942e-05 -0.00286352 -0.00127149 -0.00166571 -0.000186868 -0.0016835 -0.00124912 -0.00134146 -0.00158078 -0.000560891 -0.000179876 -0.00110739 -0.00125905 -0.00100324 -0.000723724 -5.27604e-05 -0.00206641 -0.000746058 -0.00184846 -0.000815965 -0.00250017 -0.00228395 -0.000360343 -0.000301639 -0.000346068 -0.000786541 -0.00269982 -0.000657934 0.000330637 -0.00114383 -0.00108957 -0.00100653 -0.00195063 -0.00134862 -0.00178268 -0.000900505 -0.000377652 -0.0019122 -0.00123737 -0.00064365 -0.00205153 -0.00282765 -0.000253607 -0.000494873 -0.000503934 -0.000824978 -0.000312001 -0.0019671 -0.000129695 0.000956156 -0.00144555 -0.000540814 -0.00193095 -0.000750796 -0.000289153 -0.00189555 0.000310103 -0.000139083 
-0.000256997 -0.00277581 -0.00146977 -0.000831564 -0.00430517 -0.00333668 -1.61191e-05 0.00108453 -0.00178808 -0.00207467 -0.00117152 0.177872 -0.00549241 -0.00401371 -0.00572695 -0.000306113 -0.00507838 -0.00609324 -0.00321681 -0.00117419 -0.00267301 -0.00552171 -0.00151825 -0.00489242 -0.00333305 -0.00651376 -0.00468912 -0.000694574 -0.000576162 -0.00154772 -0.00146357 -0.00245456 -0.000494342 -0.000442044 0.000182539 -0.00195899 -0.00124049 -5.25766e-05 -0.000416023 0.000382992 -0.000420345 -6.32329e-05 -0.00212134 -0.00178491 -0.00115731 -0.00248178 -0.0028575 -0.00167569 -0.0030416 -0.000802135 -0.00310424 -0.000145633 -0.000594338 -7.04835e-05 -0.00384209 -0.00415639 -0.003375 -0.000988069 -0.000498855 -0.00184399 -0.000574569 -0.00183507 -0.0016918 -0.000115386 -0.00196041 -0.000691344 -0.00137286 -0.00111466 1.20809e-05 -0.00305697 -0.00128151 -0.00189617 -0.00121259 -6.28155e-05 -0.0015529 -0.00161883 -0.00140841 0.000597584 -0.00203344 -0.00130936 -0.00336852 -0.000674675 -0.00209322 -0.00219608 -0.00138773 -0.00158897 -0.00157877 -0.00423378 -0.00117964 -0.001002 -8.79405e-05 -0.000453911 -0.000989446 -0.00260988 -0.00173591 -7.71483e-05 -0.00213224 -0.00108136 -0.00039307 -0.00184283 
-0.00301886 -0.0020334 -0.0027472 -0.0026884 -0.000305864 -0.00058542 -0.001157 -0.0011206 -0.00221293 -0.00521418 0.00133939 -0.00549241 0.182638 -5.83774e-05 -0.0071846 -0.0019253 -0.00406172 0.00181952 -0.0072822 -0.000901317 -0.00624234 -0.00591917 -0.00685007 -0.00294581 -0.00812399 -0.0085097 -0.00317224 -0.00281887 -0.00248247 0.00065663 0.00121036 -0.00511732 -0.00448811 -0.00351193 -0.00122048 -0.000573994 -0.00071058 -0.00192933 -0.001437 -0.0019381 -0.00234748 -0.00134548 -0.00215857 -0.00258489 -0.000452114 -0.00197708 -0.000732485 -0.00226866 -0.0015412 -0.00160919 -0.0018336 -0.0026455 0.00045495 -0.00186825 -0.00102851 -0.0016629 0.00127216 -0.00222336 -0.000498213 0.00117376 -0.0014289 -0.00116707 -0.000563874 -0.00307878 -0.0020123 -0.00140392 -0.0015748 -0.000873567 -0.00114151 0.000382392 -0.000960184 -0.00228758 5.05313e-05 0.00217964 -0.000706146 -0.00118106 -0.00218674 -0.000799307 -0.00142149 -0.00182878 -0.00254184 -0.00211835 -0.00172863 -0.00182646 -0.000119443 -0.00247986 -0.0023547 -0.00181515 -0.00250858 -0.00215183 -6.24162e-05 -0.00246137 0.000742058 -0.00152188 -0.000704908 0.000493754 -4.01602e-05 9.2422e-05 -0.000820052 0.000124514 
-0.00195901 -0.00331988 -0.00236105 0.0005548 -0.00231865 -0.00171054 -0.000743388 -0.00297565 -0.00117491 -0.00436636 -0.00299452 -0.00401371 -5.83774e-05 0.199033 -0.00138115 0.00223818 -0.00026254 -0.00328467 -0.00259412 -0.00626776 -0.0140585 -0.00297943 -0.000344701 -0.00524607 -0.00831029 0.00188218 -0.00447085 -0.00758403 -0.00692392 -0.00209563 -0.00263488 -0.00538948 -0.00277457 -0.00220024 -0.00220413 0.000172195 -0.00243516 -0.00311281 -0.000930722 -0.00110835 -0.00249224 -0.00360721 -0.00173949 -0.00289441 -0.0008319 -0.00318296 -0.00303019 -0.0018593 -0.00313457 1.37853e-05 -0.00327014 -0.000745788 -0.0010676 -0.0019167 0.000123077 -0.00297934 -0.00337832 -0.000534422 -0.00239859 -0.00118865 0.000621406 0.000272904 0.000592047 -0.0011213 0.000473633 -0.0022195 -0.000714157 -0.00119816 -0.00313795 -0.00118899 -0.000993025 -0.00170021 -0.00227937 -0.00163614 -0.00277141 -0.00316156 -0.00045981 -0.00207321 -0.00207345 -0.00196254 0.00021595 -0.000660251 -0.00328275 9.92659e-06 -0.00102582 -0.00146477 -0.000178269 0.000780136 -0.00116951 -0.00259214 -0.0010611 0.000359304 -0.00322154 0.000796724 -0.0011689 -0.00123773 -0.000746542 0.000247494 -0.00217155 -0.00287289 
0.00146245 -0.00272317 -0.00223589 -0.000568624 -0.00339487 -0.00559738 -0.00345082 -0.00395263 -0.00466543 -0.00476436 -0.00164009 -0.00572695 -0.0071846 -0.00138115 0.234093 -0.00579411 0.00542225 0.00253731 -0.00191028 0.00410838 -0.00902322 -0.00453812 -0.00115718 -0.00499317 -0.00579719 -0.000768894 -0.0108287 -0.00589491 -0.00534904 -0.00313833 -0.00436248 -0.00162641 -0.00545753 -0.00538304 -0.00412048 -0.00292887 -0.00208921 0.000707356 -0.00109541 0.000107112 -0.00167652 -0.00202186 -0.00171526 -0.00404385 -0.00293159 -0.00365533 0.000747751 -0.000166328 -0.00459409 -0.00181888 0.000323948 -0.002543 -0.00342842 -0.00301064 -0.00105791 -0.000617224 -0.00205001 -0.00177782 0.000614658 -0.0029841 -0.00372712 -0.000994414 -0.00183067 -0.00553702 -0.00167916 -0.00161437 -0.000974537 -0.00298571 -0.00269109 -0.00235106 -0.00298872 -0.00128582 -0.00194224 -0.00349035 -0.00185805 -0.000464233 -0.00296124 -0.000677818 -0.00135963 -0.00208716 -0.00181015 -0.000868436 -0.00257313 -0.0007349 -0.00199889 -0.00239384 0.00162924 -0.00239272 -0.00183756 -0.00111816 -0.000205198 -0.00195704 -0.00213262 -0.00326316 -0.00394132 -0.00206733 -0.00103493 -0.00122796 -0.00174704 -0.00131305 
-0.00376431 -0.00182322 -0.00259892 -0.000403554 -0.0026936 -0.00278835 -0.00133757 -0.00393681 -0.00392292 -0.00284414 -0.000366257 -0.000306113 -0.0019253 0.00223818 -0.00579411 0.240781 -0.00201938 -0.00428726 0.00742425 0.00124122 -0.00296062 -0.00609267 -0.011792 -0.00447863 -0.00166615 -0.00668184 -0.00931988 -0.00570161 -0.00535981 -0.00446911 -0.00488749 -0.00312484 -0.00460302 -0.0045308 -0.00130216 -0.0024249 -0.00352087 -0.00381509 -0.000215645 -0.00198478 -0.00455032 -0.0039705 -5.31414e-05 -0.00163784 -0.000695938 -0.00350107 -0.00358359 -0.00283956 -0.00529223 1.68707e-06 -0.00350162 -0.00414765 -0.00200941 -0.00101547 -0.00381138 0.000474599 -0.00320471 -0.00483778 7.74013e-05 -0.000983456 -0.00041599 -0.00216973 -0.00142388 -0.00211897 -0.000541622 -0.00150566 -0.00242918 -0.00186682 -0.00113338 -0.00171456 -0.0011607 -0.000384389 -0.00039914 -0.00316239 -0.00264906 -0.00205066 -0.00260542 -0.00180465 -0.001 -0.00311452 -0.00202618 -0.00113086 -0.00363777 -0.0032008 -0.00163498 -0.00158838 -0.00171958 -0.00207821 -0.00256877 -0.00115229 -0.00275945 -0.00513742 -0.00308922 -0.00145423 3.84317e-05 -0.000734502 -0.00239275 0.000345571 -0.00178972 -0.00149724 
-0.00034642 -0.000231237 -0.00133155 -0.00232828 -0.00425618 -0.0012555 -0.00526433 -0.00527666 -0.00262209 -0.00591064 0.000311477 -0.00507838 -0.00406172 -0.00026254 0.00542225 -0.00201938 0.24142 -0.0123141 0.00261938 -0.00237021 -0.00365979 0.00468531 -0.00139253 -0.014798 -0.00671444 -0.00715287 -0.00362729 -0.00568247 -0.00153846 -0.00662148 -0.00521914 -0.00108057 -0.00147672 -0.00469038 -0.00315308 -0.00245471 -0.00408921 -0.000835229 -0.00378944 -0.00330711 -0.00310032 -0.00148238 -0.00327795 -0.00139899 -0.00201359 -0.00388669 -0.00274588 -0.000853222 -0.00541631 -0.00206066 -0.00259669 0.000168224 -0.00269355 -0.001459 -0.001522 -0.00127405 -0.00260705 -0.000595676 0.000980214 -0.00171099 -0.00340704 -0.00166286 -0.00303667 -0.00109467 0.000707454 -0.00285773 -0.00239485 -0.00180466 -0.00364069 -0.00248101 -0.00140693 -0.00270514 -0.00167875 -0.00090997 -0.00268391 -0.001932 -0.00379491 0.00048092 -0.000245532 -0.00144097 -0.00304405 -0.000963945 -0.0019883 -0.00456918 -0.00176987 -0.00210134 -0.00311556 -0.00164268 -0.00320559 -0.00480903 -0.00105788 -0.00412853 5.01669e-05 -0.00147782 -0.000717097 -0.000312183 -0.00199251 0.000197778 -0.00268307 -0.00137891 
-0.00469714 0.00215673 -0.000285425 -0.000369848 -0.00310733 -0.00610094 -0.00233759 -0.000949148 -0.00426802 -0.00399624 -0.0109235 -0.00609324 0.00181952 -0.00328467 0.00253731 -0.00428726 -0.0123141 0.245641 -0.00743829 0.00104563 0.00340667 -0.00893303 0.00309152 -0.0102224 -0.0086461 -0.000249926 -0.00386356 -0.00647769 -0.00624456 -0.0074904 -0.000456086 0.000770164 -0.0055184 -0.00361286 -0.00515699 0.000604243 -0.00237445 -0.00486263 -0.00213814 -0.0012136 -0.00334388 -0.00473667 -0.0023459 -0.00176565 6.38224e-05 -0.00212434 0.00180862 -0.00284452 -0.00150021 -0.00206726 -0.00190108 -0.000671042 -0.00264959 -0.000812638 -0.00192242 -0.00317239 -0.00303377 -0.0011144 -0.00252345 -0.00151935 -0.00335426 -0.000824735 0.000322093 -0.00207051 -0.00331173 -0.00257883 -0.00172083 -0.000284206 -0.00085952 -0.00207068 -0.00269941 -0.00143236 -0.00242531 -0.00041405 -0.00268721 -0.00090838 -0.0015308 -0.0042688 -0.00351561 0.000635689 -0.00221612 -0.00263337 -0.00104086 -0.000695821 -0.00266506 -0.000436741 -0.00562474 -0.00184946 -0.002625 -0.000187163 -0.00278427 -0.000115989 -0.00390647 0.000238177 -0.00385072 -0.00308829 0.000577435 -0.00126798 -0.00226154 -0.00254919 
0.00089787 -0.00393103 -0.00193232 -0.00244891 -0.00358818 -0.0018495 -0.00582323 -0.00502703 0.000648606 -0.0020633 -0.00329324 -0.00321681 -0.0072822 -0.00259412 -0.00191028 0.00742425 0.00261938 -0.00743829 0.249391 -0.00434844 -0.00690838 0.00161926 -0.00102476 -0.00765257 -0.00415333 -0.00334616 -0.00950737 -0.0112893 -0.0031618 -0.00607144 -0.00640852 -0.00329855 -0.00368791 -0.00470889 -0.00210256 -0.00147463 -0.00616906 -0.000294416 -0.000857895 -0.000722485 0.00110167 -0.00267543 -0.00424885 0.000420761 -0.000643272 -0.000604665 -0.00102374 -0.00331954 0.000128923 -0.000899949 -0.00219444 -0.0021929 -0.00121046 -0.00267956 -0.00327334 -0.00056899 -0.00413199 -0.00319074 -0.00378549 -0.0038803 0.00019787 -0.00118621 -0.00388156 -0.000377758 -0.0025388 -0.00366238 0.000147121 -0.00188328 -0.00296754 -0.00321697 -0.00126792 -0.00101238 -0.00100002 -0.000218871 -0.00253618 -0.00207228 -0.00262554 -0.00041418 -0.000854003 -0.00473608 -0.00601945 -0.00367618 -0.00254068 -0.00221719 -0.00223386 -0.00231954 -0.000846386 -0.00319404 -0.00248825 -0.00364411 -0.00191068 -0.000613856 -0.00265311 -0.000649689 -9.78488e-05 -0.00322763 -0.00143211 -0.0022369 -0.00326486 -0.00276785 
-0.00360348 0.000931403 -0.00272437 0.000224866 0.000306295 -0.00479762 -0.00531885 -0.00270763 -0.00338515 -0.004336 -0.00390616 -0.00117419 -0.000901317 -0.00626776 0.00410838 0.00124122 -0.00237021 0.00104563 -0.00434844 0.248741 -0.0133958 -0.00199687 -0.00296374 -0.00269953 -0.00789976 -0.00476588 -0.00600567 -0.00500682 -0.00437473 -0.0042724 -0.005096 -0.00126337 -0.00347599 -0.00252972 -0.00513764 -0.00351674 -0.00167716 -0.000518759 -0.00263297 -0.000702944 -0.00255263 -0.00438893 -0.00150375 -0.00172548 -0.00420918 -0.00315837 -0.00238651 -0.00254577 -0.00360066 -0.00224528 -0.000584373 -0.00159347 -0.00143541 -0.00154466 -0.00130752 -0.000253226 -0.00262869 -0.00341558 -0.000188267 -0.000797042 -0.00113221 -0.0014934 -0.000484007 -0.00374335 -0.00134284 -0.0024198 -0.00267883 -0.00206386 -0.00224 -0.00405696 -0.00202022 -0.00471347 -0.00355477 -0.00448563 -0.00253911 -0.00282349 -0.00309863 -0.00340038 -0.00147569 -0.00179219 -0.00272732 0.00026665 -0.00377795 -0.00194578 -0.0021356 -0.00277263 -0.00115476 -0.00116946 -0.00116935 -0.0015507 -0.00225376 -0.000587633 -0.00261965 -0.00050156 -0.0034646 -0.00392618 -0.000966243 -0.00301401 0.00026643 -0.00199692 
0.00100842 -0.000197715 -0.00147052 -0.00483653 -0.000516489 -0.00285993 -0.00372321 -0.0029525 -0.00154404 -0.0035166 -0.0076639 -0.00267301 -0.00624234 -0.0140585 -0.00902322 -0.00296062 -0.00365979 0.00340667 -0.00690838 -0.0133958 0.249948 -0.00676475 -0.00415893 -0.00262806 0.000760666 0.000625493 -0.0120278 -0.0102547 0.000869802 -0.00583812 -0.00633437 -0.00252011 -0.00542987 -0.00251897 -0.000171494 -0.00160101 -0.00146473 -0.00372089 -0.00260307 -0.00276307 -0.000763191 -0.000757077 -0.000955063 0.00119486 -0.00149328 -0.00196903 -0.00370045 -0.00217914 -0.00013551 -0.00265403 -0.000873685 -0.00347519 -0.00356584 -0.00200801 0.00122589 -8.88991e-05 -0.000632119 -0.000711235 -0.00167292 -0.00226414 -0.000949357 -0.00229219 -0.00427709 0.000308657 -0.00434573 -0.00187745 -0.00299618 0.000224592 -0.00135036 -0.000535046 -0.00229109 -0.00338748 -0.00111512 -0.00348576 0.000448328 -0.000139843 0.000467651 -0.00345917 -0.00218912 -0.00306341 -0.00161183 -0.00331425 -0.000545832 -0.00153203 -0.00361743 -0.0026014 -0.00265375 -0.00114618 0.000256671 -0.00229138 -0.00121787 -0.00106911 0.000211795 -0.00238805 -0.000590083 3.44541e-05 -0.000488928 -0.00424749 -0.00304259 -0.00197726 
-0.00273161 -0.00328779 -0.00125065 -0.00378893 -0.000828799 -0.00714129 -0.000293043 -0.00360873 -0.00209132 -0.00552983 -0.00496095 -0.00552171 -0.00591917 -0.00297943 -0.00453812 -0.00609267 0.00468531 -0.00893303 0.00161926 -0.00199687 -0.00676475 0.24838 -0.00169828 -0.00522102 -0.00570327 -0.00210394 -0.00373357 -0.00133721 -0.00833749 -0.00325319 -0.00749456 0.00328859 -0.00433892 -0.00302474 -0.00259169 -0.00237191 -0.00166277 -0.00316958 -0.00348774 -0.00238202 -0.00222047 0.00106734 -0.00090886 -0.00121311 -0.00378492 -0.00185171 -0.00313161 -0.000945222 -0.00399792 -0.00308247 0.000852979 -0.00170755 -0.00205826 -0.00275827 -0.00190795 -0.0014101 0.00122008 -0.00288596 -0.00423276 -0.000523748 -0.00155402 -0.00275981 -0.00337336 -0.00049724 -0.00101667 2.74907e-05 -0.00466989 -0.00325108 -0.00262736 -0.00289539 -0.0016376 -0.00343704 -0.00180513 -0.00121556 -0.000508668 -0.00356372 -0.00147194 -0.00318264 -0.00532165 -0.00236128 0.00213159 -0.00226114 -5.40189e-05 -0.00193766 -0.00421065 -0.0055779 -0.00123325 -0.000253412 -0.00179885 -0.00121544 -0.00360943 -0.00148633 -0.00414881 -0.00345749 0.000278446 -0.00230147 0.000608839 -0.00195998 -0.0020355 -0.000677414 
-0.00293763 -0.00163297 -0.000365668 -0.000833498 -0.00402419 -0.00284467 -0.00564667 -0.00352121 -0.00306892 -0.00314782 -0.00540216 -0.00151825 -0.00685007 -0.000344701 -0.00115718 -0.011792 -0.00139253 0.00309152 -0.00102476 -0.00296374 -0.00415893 -0.00169828 0.249333 -0.00514953 -0.00579266 -0.00438758 -0.00637713 -0.0061842 -0.00817142 -0.00330313 -0.00299452 -0.00679799 -0.0038361 0.00087588 -0.00163435 -0.00222627 0.000511571 -0.00209661 -0.00152736 -0.000681 -0.000589765 -0.000153336 -0.00306743 -0.00371402 -0.00256425 -0.00148257 -0.000251742 -0.00144881 -0.00135672 0.000152751 -0.00254554 -0.00111621 -0.00218536 -0.0036198 -0.000986087 -0.0049948 -0.00397595 -0.000294365 0.000793767 -0.00171659 -0.00369118 -0.002112 -0.00138206 -0.00122683 -0.000749094 -0.000439338 -0.00210137 -0.00341305 -3.35455e-06 -0.00266641 -0.00408803 -0.000718061 -0.00297659 -0.00165387 -0.00113383 -0.00399242 -0.00164885 -0.00520156 -0.00237194 -0.00397394 -0.000869221 -0.00146989 0.00298413 -0.000919462 -0.00273107 -0.00265962 -0.00430781 -0.00371496 -0.000649814 -0.00287218 -0.00352476 -0.00219552 -0.00346033 -0.00202945 -0.00419699 -0.00195491 -0.00251394 -0.00182824 -0.00526164 -0.00148966 
-0.00475954 -0.00144814 -0.00476132 -0.00117198 0.00101964 0.00128975 0.00124478 -0.000693278 -0.00123547 -0.000665413 -0.00225848 -0.00489242 -0.00294581 -0.00524607 -0.00499317 -0.00447863 -0.014798 -0.0102224 -0.00765257 -0.00269953 -0.00262806 -0.00522102 -0.00514953 0.249378 -0.00739754 0.00128034 -0.0025998 0.000641825 -0.00897439 -0.00783924 -0.00315287 -0.00590302 -0.0043446 0.00156292 -0.000568235 -0.00531028 -0.00336823 -0.000702154 -0.00157935 -0.00286001 -0.000795511 0.00196232 -0.00132783 -0.00235877 -0.00098668 -0.00161148 -0.000248994 -0.00233364 -0.00402676 -0.00345706 -0.00262411 -0.00150883 0.000449179 -0.00272522 -0.00177414 0.000382859 0.000289232 -0.00290014 -0.00447182 -0.00323553 -0.00141602 -0.00222608 -0.00256807 -0.00264099 -0.00109204 -0.00237991 -0.00256315 -0.0013234 -0.00186716 -0.000761814 -0.00257686 -0.00136086 -0.00192802 -0.00101448 -0.00123654 -0.00194871 -0.000534282 -0.0020622 -0.00161899 -0.00466489 -0.00108263 -0.00150588 -0.00439809 -0.00223113 -0.00104661 -0.00100094 0.000396202 -0.00210848 -0.000561936 -0.00250142 -0.00287535 -0.00361653 -0.00308917 -0.0011514 -0.000615195 -0.00373711 -0.00297342 -0.00382375 -0.0029186 -0.00196823 
-0.00342594 -0.00254349 -0.00205695 -0.00338007 0.00182222 -0.00188792 -0.00176347 -0.00303384 -0.00212095 -0.00137818 -0.00570071 -0.00333305 -0.00812399 -0.00831029 -0.00579719 -0.00166615 -0.00671444 -0.0086461 -0.00415333 -0.00789976 0.000760666 -0.00570327 -0.00579266 -0.00739754 0.248111 -0.00468349 -0.00484875 -0.00174279 -0.0040873 -0.00344799 -0.00742427 -0.00529239 -0.00225681 -0.00472749 -0.000384115 0.000147057 -0.000788271 -0.00250954 -6.50415e-05 -0.00195204 -0.00286366 -0.00237021 -0.00258325 -0.00424902 -0.00154364 0.00275009 -0.000423891 -0.00173655 0.00131725 -0.000361537 -0.000702678 -0.0025675 -0.00215294 -0.00177278 -0.00075428 -0.000962844 -0.00260919 0.000766907 -0.00150717 -0.00290852 -0.00190467 -0.0037087 -0.00149506 -0.00114321 -0.00138606 -0.00215731 -0.00260499 -0.00506933 0.00138996 0.000877187 -0.00317186 -0.000570565 -0.000516998 -0.00294549 -0.00298141 -0.00179274 -0.00220091 -0.0024884 -5.08622e-05 -0.000985927 -0.00324281 -0.000562097 -0.000243848 -0.00244399 -0.00164261 -0.00177045 -0.000444227 -0.0016738 -0.00221205 -0.001562 -0.00177526 -0.00385141 -0.00130516 -0.00191935 0.000317274 -0.00352665 -0.00564558 -0.0014524 -0.00400864 -0.00469384 
-0.00305996 -0.00605142 -0.002229 -0.0021856 -0.000378004 0.000426114 -2.63859e-05 -0.00303793 -0.000800264 -0.00426523 -0.00729477 -0.00651376 -0.0085097 0.00188218 -0.000768894 -0.00668184 -0.00715287 -0.000249926 -0.00334616 -0.00476588 0.000625493 -0.00210394 -0.00438758 0.00128034 -0.00468349 0.242939 -0.00822698 0.00319465 -0.00268786 -0.00536263 -0.00229037 -0.00439542 0.00125695 -0.00127572 -0.00258828 -0.00286592 -0.00255421 -0.000579141 -0.0038759 -0.00231455 -0.00257389 -0.0038212 -0.0022707 -0.0024141 -0.00244728 -0.000176542 -0.00437734 -0.00242739 -0.000225668 -0.000581242 -0.000820729 -0.00338387 -0.000783962 -0.000640262 -0.00248104 -0.00150137 -0.00158351 -0.00359464 -0.00202834 -0.00452965 -0.00343607 -0.00278259 -0.00273369 -0.00249754 -0.00323379 -0.00103842 -0.00267802 0.000124063 -0.00138365 -0.00318074 -0.00144792 0.0010205 -0.00424217 -0.00215881 -0.00355065 -0.000866979 -0.00425016 -0.00220619 -0.00280937 -0.00129775 -0.00245655 -0.00162799 -0.00177862 -0.000177071 -0.00256771 -0.00435932 -0.00261316 -0.00383463 -0.00368709 0.00058611 -0.00275541 -0.00374871 -0.0020668 -0.00521259 -0.00225257 3.36234e-05 -0.00196662 -0.00162577 -0.00214355 -0.00252805 
-0.00172446 -0.00280909 -0.00108663 -0.00235353 -0.00127236 0.00106575 -0.00396557 -0.00151844 -0.00103719 -0.00241479 -0.00238404 -0.00468912 -0.00317224 -0.00447085 -0.0108287 -0.00931988 -0.00362729 -0.00386356 -0.00950737 -0.00600567 -0.0120278 -0.00373357 -0.00637713 -0.0025998 -0.00484875 -0.00822698 0.206228 -0.000254579 0.000618046 0.00325304 -0.000805889 -0.00245632 0.000590291 -0.000951162 -0.0027934 -0.00125763 -0.00347709 -0.00262039 -0.000596516 -0.00270784 -0.00105594 -0.00168083 -0.000387703 -0.00110628 -0.00255745 -0.00118603 -0.000513609 -0.00133816 -0.00144297 -0.00183151 -0.0020737 -0.00101101 -0.000538824 -0.00256874 -0.00290338 -0.00389994 -0.000760916 -0.000755014 -0.00145523 -0.000970747 0.000925373 -0.000510254 -0.000560596 -0.00063065 -0.00260972 -0.00198502 -0.000693953 -0.00194971 -0.000964329 -0.00236274 -0.000478359 -0.00380641 -0.00154339 -0.00077124 -0.00236424 -0.00239319 -0.00100279 -0.00117604 -0.000651967 -0.00119472 0.0012395 -0.00104871 -0.00329124 -0.00148907 -0.00252947 0.00063465 -0.00263737 0.00129468 -0.00137635 0.0006928 -0.00264417 0.00142847 -0.000282495 -0.00373431 -0.00167867 -0.0024202 -0.00168454 -0.0019174 -0.000550298 -0.00121368 
-0.0043202 -0.00095426 -0.00133326 -0.00220059 -0.00201658 -0.000363942 -0.00243096 -0.00143531 -0.00116864 -0.000752214 -0.000137073 -0.000694574 -0.00281887 -0.00758403 -0.00589491 -0.00570161 -0.00568247 -0.00647769 -0.0112893 -0.00500682 -0.0102547 -0.00133721 -0.0061842 0.000641825 -0.00174279 0.00319465 -0.000254579 0.200322 -0.00417676 -0.00132682 -3.83667e-05 -0.00115823 0.00149271 -0.0011496 0.000831761 -0.00319368 -0.00315829 -0.00145968 -0.00231968 -0.00341388 -0.00247872 -0.00219309 -0.00248339 -0.000441529 -0.00271547 -0.00161006 -0.00178228 -0.000149936 -0.0020744 -0.000793351 -0.00169104 -0.00130913 -0.00279735 -0.00209721 -0.00102437 -0.00202327 -0.000491703 -0.00100763 -0.00207872 -0.00101251 -0.00225698 -0.00073867 -2.59427e-05 -0.00283697 -0.00058313 -0.000862901 -0.00152323 -0.000154733 -0.00238475 -0.00119438 7.48262e-06 -0.0018725 -0.00232293 -0.00234474 -0.00256542 -0.00196934 -0.00210164 -0.00189887 -0.00155517 -0.000962993 -0.000782454 0.000422103 -0.00227768 -0.00155717 -0.000503171 -0.000975792 -0.00171488 -0.00383199 -0.00193609 -0.00116274 -0.00251628 -0.0033154 -0.0022819 -0.00445827 -0.00336485 0.000674587 -0.00147969 -0.00197045 -0.00072145 -0.000894779 
0.000129994 -0.00248824 0.000767101 -0.0028475 -0.00231226 -0.00154057 -0.00248511 -0.00274015 -0.00315766 -0.00121442 -0.00147751 -0.000576162 -0.00248247 -0.00692392 -0.00534904 -0.00535981 -0.00153846 -0.00624456 -0.0031618 -0.00437473 0.000869802 -0.00833749 -0.00817142 -0.00897439 -0.0040873 -0.00268786 0.000618046 -0.00417676 0.17514 -0.00122752 -0.00126998 0.000980667 -0.00138722 -0.000494593 -0.00199097 -0.000520842 -0.00232453 0.00094613 -0.00107289 -0.00157035 -0.0021185 -0.000394623 -0.000242172 -0.000649608 -0.00222879 -0.00165048 -0.00115589 -0.000924831 -0.0012435 -0.000865563 -0.00249852 -0.00195314 -0.00143274 -0.000940969 -0.00255275 -0.00247043 -0.0018908 -0.00166578 -0.00206103 -0.00156155 -0.00183062 -0.000438374 -0.00351557 0.000564816 -0.00173967 -0.00118118 -0.00169352 -0.00104233 -0.0017151 -0.00139421 -0.00023825 -0.00130387 0.00016846 -0.00098783 -0.00113817 -0.000926536 -0.00238988 -0.00105638 -0.000984833 -0.00080982 -0.000704192 -0.000555195 0.000256676 -0.00204518 -0.0010518 -0.000766761 -0.000919825 -0.000925059 -0.000141196 -0.00131966 -0.000366159 -0.00115559 -0.000263785 -0.00106613 -0.00119836 -0.000758519 -0.0021517 -0.00317031 -0.00145035 -0.000975636 
-0.00174391 -0.00125506 -0.000284788 -0.000258437 -0.00255326 -0.00108902 0.000266935 -0.000291687 -0.000904107 -0.00132476 -0.000413351 -0.00154772 0.00065663 -0.00209563 -0.00313833 -0.00446911 -0.00662148 -0.0074904 -0.00607144 -0.0042724 -0.00583812 -0.00325319 -0.00330313 -0.00783924 -0.00344799 -0.00536263 0.00325304 -0.00132682 -0.00122752 0.143623 0.00385779 -0.00481645 0.000292262 0.000399077 -0.00250831 -0.00152936 -0.000590292 -0.00150868 -0.000939988 0.000504988 -0.00133142 -0.00174795 -0.00141723 -0.000640242 -0.00134175 -0.00111934 -0.00122651 -0.000476669 0.000726394 -0.000388866 -0.00151689 -0.000876006 -0.00122886 -0.00241896 -0.00324584 -0.00190984 -0.000424285 -0.000719034 -0.00144483 -0.00166118 -0.000283999 -0.00103232 -0.00243945 -0.000970537 -0.00160321 -0.000986581 2.80472e-06 -0.00020357 -0.0018287 -0.000290933 -0.000853698 -0.00204742 -0.000565121 -0.000263044 -0.00107643 -0.000816815 -0.00160441 -0.000591832 -0.000831911 -0.00232 -0.000828914 -0.00101723 -0.00126134 9.11822e-05 -0.000550355 -0.000876773 -0.000875871 0.000211831 -0.00139637 -0.000658461 -0.000430182 -0.00171123 -0.000794332 -0.00160253 -0.00255597 -0.00126075 0.000150065 -0.00265283 -0.000406889 -9.34255e-05 
-0.000169968 -0.0011052 -0.000679596 -0.0016428 0.000251 -0.00102144 -0.000842039 -0.00108615 -0.00330188 -0.00361632 -0.00355365 -0.00146357 0.00121036 -0.00263488 -0.00436248 -0.00488749 -0.00521914 -0.000456086 -0.00640852 -0.005096 -0.00633437 -0.00749456 -0.00299452 -0.00315287 -0.00742427 -0.00229037 -0.000805889 -3.83667e-05 -0.00126998 0.00385779 0.148371 -0.00115184 -0.000322391 -0.000373198 -0.000183751 -0.000175251 -0.00134354 -0.00164904 -0.00107002 -0.00140568 -8.58197e-05 -0.000886439 -0.0006776 -0.00250235 -0.00177264 -0.00249144 -0.00140388 -0.00130043 -0.00109428 -0.000989806 -0.00215487 -0.00127886 -0.00147956 -0.00137466 -0.000298374 -0.00137747 -0.000915009 -0.00245129 -0.00324448 -0.0021713 0.000378232 -0.000801703 -0.00094247 -0.000366224 -0.00156611 -0.000774306 0.000105929 -0.00175361 -0.000949321 -0.00163886 -0.000968101 -0.00180977 -0.000587859 -0.00207137 -0.000519411 -0.000336252 -0.000962504 0.000341079 -0.000303397 -0.000176446 -0.00171577 -0.000915204 0.000536872 -0.00101047 -0.000913098 -0.00116773 -0.00210366 -0.00185877 -0.00111329 -0.00244365 -0.000311441 -0.00128904 -0.000540296 -0.0012318 -0.0015322 -0.000324361 9.34125e-05 -2.63992e-06 -0.000835479 -0.00233134 
-0.00203319 -0.00112234 -0.00120253 -0.000365525 -0.00133084 -0.00138083 -0.00359183 -0.00301887 -0.000641476 -0.000832901 -0.00151249 -0.00245456 -0.00511732 -0.00538948 -0.00162641 -0.00312484 -0.00108057 0.000770164 -0.00329855 -0.00126337 -0.00252011 0.00328859 -0.00679799 -0.00590302 -0.00529239 -0.00439542 -0.00245632 -0.00115823 0.000980667 -0.00481645 -0.00115184 0.155469 -0.00195456 -0.00129561 -0.00103604 -0.00105412 -0.000690461 -0.000633358 -0.00117227 -0.00120167 -0.00182403 -0.00404494 -0.00133256 -0.0013944 -0.00226135 -0.00102745 -0.000178733 -0.000164093 0.000776181 -0.00140764 -0.00061597 -0.00269676 -0.00187492 -0.000493336 -0.000776001 -0.00102312 -0.00136643 -0.0013917 -0.00105262 -0.00192807 -0.00155837 0.000398789 -0.000176056 -0.000112519 -0.0011123 -0.00160056 -0.00143911 -0.00157295 -0.00182209 -0.0025846 0.000282062 -0.00263121 -0.00131016 -0.00207507 -0.00171382 -0.000103145 -0.00106095 -0.00124035 -0.00258927 -0.00122187 -0.00273811 -0.00157248 -0.0017467 -0.00157355 -5.81282e-05 -0.000760605 -1.36075e-06 -0.0014053 -1.2978e-05 -0.0030949 -0.00229172 -0.000732862 -0.00220374 -0.000460973 -0.00323697 0.000185816 -0.00110477 -0.00154565 -0.000661228 -0.000253026 
-6.12394e-05 -0.000633799 -0.00176904 -0.000973993 -0.00218123 6.02454e-06 -0.0024024 -0.00026823 -0.00115776 -0.0018101 -0.000266493 -0.000494342 -0.00448811 -0.00277457 -0.00545753 -0.00460302 -0.00147672 -0.0055184 -0.00368791 -0.00347599 -0.00542987 -0.00433892 -0.0038361 -0.0043446 -0.00225681 0.00125695 0.000590291 0.00149271 -0.00138722 0.000292262 -0.000322391 -0.00195456 0.124253 0.00019788 -0.00152291 -0.0014227 -0.00113556 -0.000645478 -0.00215986 -0.00105284 0.000122058 -0.00119718 -0.000704248 -0.001986 -0.00053013 -0.000724761 -0.00148704 -0.00171305 -0.000939099 -0.00104499 -0.000795049 -0.000440673 0.00104662 0.000535625 -0.00164475 -0.000963562 -0.00085319 -0.000563439 -0.00160314 -0.000766098 -0.000704278 -0.000157107 -0.00097148 -0.0023058 -0.000135786 -0.000400986 -0.000628843 -0.00126639 -0.000390229 -0.00135631 -0.000699792 0.000143509 -0.001444 -0.00137015 -0.00151283 -0.00182005 4.16686e-05 -0.000110856 -0.000939601 -0.00139425 -0.00247182 -0.000335241 -0.00108779 -0.000470158 -0.00105217 -0.000833834 -0.0012983 -0.00211224 -0.000492903 -0.00167421 0.000588622 -0.000872821 -0.000107152 -0.0012398 -0.00198213 -0.000914729 -5.04993e-05 -0.0015084 0.000145654 -0.00133282 
