0.0791279 0.000200788 -0.000287664 -0.000302224 -0.000467492 -0.000204104 -0.000142075 -0.00153584 -0.00143457 -0.00166835 -0.00171272 0.000531469 -0.00279257 -0.00211371 -0.00263676 -0.00150252 -0.00315644 -0.00292772 -0.00176822 -0.00314544 -0.0011819 -0.00253535 -0.000503862 -0.00137375 -0.00256391 -0.000473837 -0.00229161 -0.00161166 -0.00086857 -0.00309173 -0.000687202 -0.00117796 -0.00260925 9.62359e-05 -0.000839867 -0.000842849 -0.00121562 -0.000793751 -0.000449836 -0.00124579 -0.000614668 -0.000852554 -0.00132159 -8.0742e-05 -0.000409122 -0.00103998 -0.000468927 -0.000491401 -9.67341e-05 -0.000539261 -0.000256347 -0.00052167 6.01634e-05 -0.000471749 0.000550008 -5.44057e-05 -0.000738607 -4.58781e-05 -0.000232863 -0.000553395 -0.000803833 -0.000592442 -0.000514295 -0.000341639 -0.000464304 -0.000628443 -0.00045681 -0.00050763 -0.000260719 -0.0010575 -0.000205636 0.000821479 -0.000984321 -0.00077447 -0.000101992 -0.00123496 -0.000608005 -1.31233e-05 -0.000425263 -0.000375671 -0.000262956 -0.000553952 -0.000226928 -0.000938413 0.00036676 -0.000853731 -0.000785005 -0.000760712 -0.000763613 -0.000477361 -0.000270347 -0.000151643 -0.000533294 -0.000316274 -9.18875e-05 -0.000397755 -0.000581162 0.000447497 3.4129e-05 -0.000973799 
0.000200788 0.0758936 -5.98674e-06 0.000815598 9.31899e-05 -0.00028124 -0.00136997 -0.000940338 -1.20375e-05 -0.00097564 0.000416259 -0.00138649 -0.00175163 -0.00263863 -0.00204162 0.000426483 -0.00272626 -0.00347566 0.000160622 -0.00133812 -0.00161388 -0.00192917 -0.00297858 -0.00316592 -0.00219518 -0.0022521 -0.00290079 -0.000718374 -0.00232948 -0.00172629 -0.0014576 -0.00112152 -0.000918348 -0.000216051 -0.000175795 -0.000305694 -0.000917175 -0.00084944 -0.0008809 -0.00131545 -0.000364647 -0.0004205 8.00963e-05 -0.00078283 1.53934e-06 -0.000537118 -0.00107943 -0.00114463 -0.000657121 -0.000668194 -0.000793289 -0.000314782 -0.00032659 -9.47471e-05 -0.000490112 -0.000659509 -0.000406614 -0.000994934 -0.000861542 0.000112379 -0.000993017 -0.000121498 -0.000413191 8.65734e-05 -0.000601659 -0.000527922 -0.000271377 -0.00109546 -0.000744924 -0.000201554 -0.000290609 -0.0011122 -0.000965039 -0.000783576 -0.000584317 -0.00127358 -0.000611641 -0.000225221 -0.000417152 -0.000466269 -0.000133358 -0.000927266 -0.00117607 0.000521325 -0.000868574 -6.52558e-05 -0.000502416 -0.000341786 0.000569971 -0.000821306 0.000310926 -0.000471977 -0.000296704 -0.00106609 -0.000261928 -0.00063189 -0.000579173 -6.49203e-05 -0.000267664 -4.78936e-06 
-0.000287664 -5.98674e-06 0.076333 -0.000500366 -0.000180935 0.000207494 0.000884538 -0.000422196 -0.00113891 -0.000474431 0.000113636 -0.000397046 -0.00252161 -0.00184106 -0.00386301 -0.000707256 -0.00291542 -0.00162779 -0.00162408 -0.00141789 -0.00123362 -0.00129347 -0.00335928 -0.00254474 -0.00267498 -0.00211042 -0.001014 -0.00232123 -0.00259214 -0.0012346 -0.000791418 -0.00105345 -0.00155867 -0.00105734 -0.00163581 -0.00025565 -0.000961256 -9.4268e-05 9.29475e-05 -0.00103139 -0.000127513 -0.00103413 -0.000291647 -0.00060655 -5.89711e-05 -0.00088411 -0.000849776 -0.000798175 0.000464239 -0.000573102 0.000180295 -0.000207108 0.000213498 -0.000655469 -0.000715897 -0.000520027 -0.000862049 -0.000978902 -0.000216631 -0.000675291 -0.001525 -0.00054542 -0.000552834 -0.000296358 -0.000450496 -0.000388578 -0.000912188 -0.000573296 -4.01596e-05 -0.00125223 -0.000353959 0.000113346 -0.00013985 -0.00010787 -0.000610518 -0.000647269 -0.000914266 0.000552729 -0.00107275 -0.000703874 -0.00027663 -0.000817726 0.000697553 -0.00057945 -0.00117025 -0.000541126 -2.0763e-05 -0.000121056 -7.30524e-05 -0.00127135 -6.78474e-05 -0.000133776 -0.00019707 -0.000719252 -0.000867052 -0.000614985 -0.00101572 -0.000717533 -0.000507169 -0.0002559 
-0.000302224 0.000815598 -0.000500366 0.0823632 0.000530415 4.0027e-07 -0.000548235 -0.000603943 0.000408282 -0.000543422 -0.00216809 -0.00190552 -0.0012843 -0.0023053 -0.00399819 -0.00405146 -0.00383128 -0.000960999 -0.00111694 0.00117168 -0.0048957 -0.00272409 -0.00170648 -0.0026552 -0.00320079 3.18777e-05 -0.00289728 -0.000525326 -0.00245371 -0.000415088 -0.000754329 -0.00124821 -0.00192145 -0.00144513 -0.00181524 -0.000932403 -0.00100505 -0.000857567 -0.000498919 -0.000978065 -0.000816059 -0.0013162 -0.00105267 -0.000416135 -0.000368876 -0.000586796 0.000265999 -0.000752504 -0.00062295 -4.05816e-05 -0.000502716 -0.000900719 0.00033594 -0.000652891 -4.7203e-05 0.000229563 -0.000442514 -0.000264005 -0.00037024 -0.000553417 -0.000897671 -1.77917e-06 0.000424019 -0.000762136 -0.000164197 -0.000377061 -0.000609957 -0.000865861 -0.000204405 -0.00110848 -2.61616e-05 -0.000861244 -0.000267285 -0.00110153 -0.000514068 -0.000457588 -0.00101422 -0.000355943 -0.00115668 -0.000100683 -0.000260803 -0.000394539 -0.00109312 -3.09042e-05 -0.000488235 0.000192041 -0.000186802 -0.000355279 -0.000878449 -0.000156894 -0.000902529 -0.000686902 -0.00141461 -0.000371928 0.00026516 0.000202874 -0.000570689 -0.000327674 -0.00101207 -0.000501876 
-0.000467492 9.31899e-05 -0.000180935 0.000530415 0.0836303 -0.000699587 0.0011474 -0.000362816 -0.000254271 -0.00132259 -0.00167889 -0.0017206 -0.000357818 -0.00189046 -0.0027159 -0.00131687 -0.00220915 -0.00255309 -0.00413825 0.000508575 0.00110423 -0.00376917 -0.00470068 0.0019049 -0.00249804 -0.00221002 -0.00134809 -0.00246743 -0.00089834 -0.00129852 -0.00111771 -0.00212751 -0.00189623 -0.000746562 -0.00188318 -0.00149889 -0.000837711 -0.00045151 -0.00150843 -0.000671391 -0.000794793 -0.000276109 -0.00101842 -0.00075422 -0.000392848 -0.00062792 0.000113055 -0.00130742 -0.00114242 -0.000546786 -0.00138169 -0.00131339 -0.00132476 -0.000311142 -0.000336329 -0.000399031 -0.000466886 -0.000315745 -0.000123573 -0.000518431 -0.00125261 -0.000650108 -0.000263558 0.000433402 -0.000545726 -0.000936718 -0.000173304 -0.000206768 -0.000422653 -0.000710307 -2.24946e-05 -0.00138496 -0.000785424 -0.000182213 -0.000633147 -0.00122909 -0.001101 -0.000920093 -0.000226046 -0.00049254 -0.00117331 0.000189483 -0.000575045 -0.000388834 -0.000494675 -0.00041431 -0.000342598 -0.000962883 -0.000212161 -0.00080399 -0.00148109 0.000237176 -0.00046101 -0.000177361 -0.00036069 -3.17015e-05 -0.000802549 -0.000803314 -0.000309823 -0.000807953 
-0.000204104 -0.00028124 0.000207494 4.0027e-07 -0.000699587 0.0834316 -0.000378148 4.00568e-06 -0.00232185 -0.000525974 -0.00107656 -0.00153803 -0.00237927 -0.00158538 -0.00312702 -0.0025059 -0.00302162 -0.00284681 -0.00558454 -0.000561654 -0.00163758 -0.00284498 -0.00313301 -0.000389582 -0.00279988 -0.000959434 -0.000366014 -0.00200305 -0.00279452 0.000508032 -0.00341455 -0.000414683 -0.00147458 -0.000473658 -0.000690267 0.00040153 -0.000790402 -0.0010086 0.000201436 -0.000376614 -0.00126341 -0.00100528 -0.000783172 -0.000280451 -0.000476985 -0.000234364 0.000450484 -0.000920219 -0.000946058 0.000778936 -0.00162417 -0.000334559 -0.00125959 -0.000415912 0.000120943 -0.000185916 -0.000718727 7.88821e-05 -0.00105766 1.99285e-05 -0.000896224 -0.000889185 -0.00111052 -0.000829941 -0.000852552 -0.000948183 -0.00127216 -0.000767062 -0.000825782 -6.92829e-05 -0.000747873 -0.000281931 0.000396216 -0.000788041 0.000204147 -0.000734776 -0.000208279 0.000323605 -0.000755079 -0.000229769 -0.00059336 -0.000906782 -0.000182813 4.10306e-05 -0.00107763 -0.000341734 -0.000163847 -0.000339673 -0.000233011 -0.000436103 0.000199088 -0.000381073 -0.00111508 -9.07217e-05 -0.000168706 -0.00118816 -0.000112553 -0.000709385 -0.000182942 -0.00122192 
-0.000142075 -0.00136997 0.000884538 -0.000548235 0.0011474 -0.000378148 0.0935526 0.000175362 -0.000195416 0.00162967 -0.00160282 -0.000504177 -9.30954e-05 -0.00189561 -0.00446309 -0.00245607 -0.0048343 -0.00518051 -0.00353815 -0.00115654 -0.000723756 -0.00536919 -0.002609 -0.0025073 -0.001528 -0.00143062 -0.00237608 -0.0033445 -0.000672517 -0.0015138 -0.00169417 -0.000792761 -0.00104219 -0.000672048 -0.000343981 -0.00209323 -0.00136993 3.55901e-05 -0.000985494 -0.00142806 -0.00071395 -0.00118381 -0.00132167 1.72373e-05 -0.000393604 -3.59896e-05 -0.00083156 -0.00131557 -0.00052282 -0.000239649 -0.000844996 -0.000183751 -0.000207539 -0.000519145 -0.00153263 -0.000420503 -0.000202562 -0.00118602 -0.00100562 1.4946e-05 -0.000552872 -0.00107014 -0.000973192 -0.000673942 -0.00114681 -0.000398624 -0.00119442 -0.00094038 -0.0002235 -0.00127234 -0.000167039 -0.00128098 -0.000156067 -0.000441933 -0.000798588 0.000325467 -0.000464819 -0.000525687 0.000248425 -0.00057608 -0.00139462 5.50304e-05 -0.000501983 -0.000311043 -0.00106362 -0.000284494 -0.00152476 -0.000363168 -0.000131075 0.000633894 0.00020647 -0.000186114 -0.0020498 -0.00103407 -0.000759122 -0.000783016 -0.00091935 3.59677e-05 -0.000522366 -0.00076035 
-0.00153584 -0.000940338 -0.000422196 -0.000603943 -0.000362816 4.00568e-06 0.000175362 0.110183 7.59191e-05 -0.0011744 0.000261643 -0.00146846 -0.000476263 -0.000985386 -0.00175342 -0.00425716 -0.00247679 -0.00242107 -0.00288426 -0.00398778 -0.00116298 -0.00383059 -0.00283605 -0.00335557 0.00163078 -0.00133326 -0.00526996 -0.00125939 -0.00585998 -0.00289819 0.000247305 -0.0023465 -0.00135117 -0.000174122 -0.00159141 -0.00083468 -0.000396789 -0.00166448 -0.00160559 -0.000342924 -0.000900299 -0.00110932 -0.000562494 8.59083e-05 -0.00102159 -0.000678246 -0.000578192 -0.00120726 -0.000300329 -0.00169364 -0.00105806 -0.00029691 -0.00108572 -0.000755113 -0.00171838 -0.000706373 -0.000740783 0.000649138 -0.000720301 -0.000246496 -1.83661e-05 -0.0014441 -9.01476e-05 -0.000656791 -0.000679328 -0.00098592 -0.000574719 -0.000752013 -0.000440256 -0.000962694 -0.000216901 -0.000538803 -0.00130589 0.000263189 -0.000491303 -0.000961986 -0.00236616 -0.00139453 -0.000373352 -0.00155818 -0.00138188 -0.000707342 -0.00070664 -0.00119487 -0.00173422 -0.00117997 -0.000538991 -0.00167782 -0.000912216 -0.00097604 -0.000528568 -0.00110228 2.64957e-06 -0.00141603 0.000433254 -0.00154714 -0.000539733 -0.000420942 -0.000741696 -0.00165152 
-0.00143457 -1.20375e-05 -0.00113891 0.000408282 -0.000254271 -0.00232185 -0.000195416 7.59191e-05 0.131575 -0.000558557 0.00107394 -0.000849454 -0.00104603 0.000857087 -0.00303093 -0.00309572 -0.00517237 0.000293484 -0.00299826 0.00118327 -0.0039129 -0.00655256 -0.00579634 -0.00197619 9.24527e-05 -0.00403506 -0.000290321 -0.00221227 -0.004202 -0.00377846 -0.00275376 -0.00210632 -0.000346931 -0.000111817 -0.00112554 -0.00213912 -0.00103491 -0.00214837 -0.00148943 -0.00313205 -0.000605135 -0.0015919 -0.00095969 -0.00144541 -0.00107635 -0.000891582 -0.0011529 -0.00126872 -0.002611 -0.000649915 -0.00150404 -0.00157614 -0.00109168 -0.000822106 -0.00146025 -0.00111009 0.000479179 -0.00142345 -0.000444895 0.00015601 -0.000907122 -0.000640632 -0.000210758 -0.00100461 -0.00102048 -0.000869877 -0.00092445 -0.00140006 -0.000503664 -0.00182604 -0.00027307 -0.00247869 -0.00126169 -0.000593607 -0.00108012 -0.00265336 -0.00209938 -0.000872923 0.000259359 -3.53837e-05 -0.00130369 0.000129407 -0.00144687 -0.00174975 -0.00161099 2.66351e-05 -0.000998393 -0.000252319 -0.00202236 -0.00156261 -0.000552716 -0.00207261 -0.0026747 -0.000763263 -0.000693605 -0.00154047 -0.000575726 -0.000170294 -0.00201694 -0.00100923 
-0.00166835 -0.00097564 -0.000474431 -0.000543422 -0.00132259 -0.000525974 0.00162967 -0.0011744 -0.000558557 0.137188 -0.00255903 -0.00110198 -0.0051485 0.00115664 -0.00726136 -0.00373042 -0.00520212 -0.00132172 -0.000746706 -0.00158212 -0.00937022 -0.00350405 0.000131274 -0.00562921 -0.00155439 -0.00299927 -0.00522307 -0.000252242 -0.00416174 -0.00103228 0.000246502 -0.00155027 -0.00125504 -0.00162924 -0.00125377 -0.00181084 -0.00112168 -0.00104783 -0.00143049 -0.000941603 -0.000701285 -0.00010791 -0.00201535 5.54463e-05 -0.000946303 -0.000936903 -0.00150217 -0.000361971 -0.00104824 -0.00138672 -0.00244997 0.000515872 -0.00215472 -0.00111273 -0.00143109 -0.00165793 -0.00148505 -0.00130716 -0.000193461 -6.3251e-05 -0.00106435 -0.0016149 -0.000616871 0.000340423 -0.00021532 -0.000757354 -0.0014479 -0.00119758 -0.0011879 -0.000910105 -0.000144576 -0.0016521 0.000126201 -0.000227525 -0.00105747 -0.000907133 -0.00124696 -0.001653 -0.00137309 0.000120319 -0.000555938 -0.000538678 -0.00213415 -0.000714699 -0.00145405 -0.000831859 -0.00041424 -0.00074311 -0.00138736 -0.000100477 -0.00163191 -0.000824275 -0.00229771 -0.00193811 -0.000297863 -0.00104609 -0.000923966 -0.00126977 -0.00142316 -0.00118223 
-0.00171272 0.000416259 0.000113636 -0.00216809 -0.00167889 -0.00107656 -0.00160282 0.000261643 0.00107394 -0.00255903 0.14561 -0.00366141 -0.00021961 -0.0030006 0.000187076 -0.000393339 0.00273601 -0.00620612 -0.00678706 -0.00698592 -0.00407637 -0.00245609 -0.0025257 -0.00321067 -0.00806527 -0.00496378 -0.00401183 -0.00392806 -0.00288056 -0.00178942 -0.00181846 -0.00330718 -0.00264355 0.000165637 0.00112705 0.000442171 -0.000357481 -0.00122012 -0.00114453 -0.00101431 -0.00181284 -0.00231882 -0.000849572 -0.00106543 -0.00116952 -0.00140324 -0.00115828 -0.00183084 -0.00192205 -0.00197866 -0.000640802 0.000440068 -0.00126767 -0.00048086 -0.00192815 -0.000535595 -0.000135198 -0.00179628 -0.00157316 -0.00127656 -0.00143304 -0.000728277 -0.000918116 -0.000281468 -0.000435764 -0.000547098 -0.000941241 -0.00216632 -0.00103574 -0.00141683 -0.00131208 -0.00173165 -0.00201154 0.000376684 -0.00135755 -0.00201692 -0.00254234 -0.00092401 -0.00169932 0.00013748 -0.00117846 -0.00117248 -0.000858991 -0.000519965 -0.00103368 -0.000788897 -0.000739093 0.000644933 -0.000748279 -0.00157308 0.000395576 -0.00257101 -0.00028308 -0.00139771 -0.000126505 -0.000395816 -0.000842186 -0.00212518 -0.0015527 -0.000113137 
0.000531469 -0.00138649 -0.000397046 -0.00190552 -0.0017206 -0.00153803 -0.000504177 -0.00146846 -0.000849454 -0.00110198 -0.00366141 0.176979 -0.00367423 -0.00193909 -0.003946 -0.00217637 -0.000594006 -0.00260874 -0.00580323 -0.00386964 0.0028141 -0.00443355 -0.00447194 -0.00563881 -0.00460371 -0.00342538 -0.00730069 -0.000536002 0.00138422 -0.00703632 -0.00191609 -0.00530769 -0.00314725 -0.000810088 -0.00195661 -0.00268165 -0.00268041 -0.00105869 -0.000571183 -0.000916246 -0.002217 -0.00258375 -0.00143176 -0.00171039 -0.00106206 -0.00321237 -0.00165414 -0.000499552 0.000110344 -0.00218334 -0.00190397 -0.00133324 -0.00275006 -0.000204313 -0.000758343 -0.00124092 -9.7237e-05 -0.000310696 -0.00207947 -0.0021193 -0.000696254 -0.00209487 -0.00141006 -0.000909963 -0.00203732 -0.000832907 -0.0010105 -0.00152706 -0.00229178 -0.00075319 -0.00144144 0.000349785 -0.00114107 -0.000598034 -0.000994698 -0.000842874 -0.00371577 -0.00115544 -0.00225217 -0.00198919 -0.000430746 -0.00179783 -0.000812455 -0.00137734 -0.000722453 -0.00143707 -0.00106122 -0.000708374 0.000661536 -0.000981059 -0.00261747 -0.0023209 -0.00187371 -0.00104685 -0.00137546 -0.000305938 -0.00344443 -0.00153568 -0.00185957 -0.00243905 
-0.00279257 -0.00175163 -0.00252161 -0.0012843 -0.000357818 -0.00237927 -9.30954e-05 -0.000476263 -0.00104603 -0.0051485 -0.00021961 -0.00367423 0.177421 -0.000373137 0.00339758 -0.00396282 0.00070722 -0.00348916 -0.00157156 -0.0100536 -0.00232465 -0.00213507 -0.00360431 -0.0101882 -0.00132074 -0.00435187 -0.00309637 -0.00786165 -0.00379337 -0.00428123 -0.00206997 -0.00382468 -0.000822034 -0.00176617 -0.00124886 0.00108906 1.10308e-05 -0.00228067 -0.0018212 -0.00138792 -0.00126593 -0.00282276 -0.00180818 -0.00209738 -0.000967653 -0.00113313 -0.000600497 -0.000262147 -0.000890372 -0.00132803 -0.00337237 -0.00140432 -0.00240389 -0.00143173 -0.00143246 -0.000650831 -0.00207785 -0.00213081 -0.00236625 -0.000395228 -0.000472165 -0.00125201 -0.00168752 -0.00246462 -0.000105784 -0.00197566 -0.00220859 -0.00285762 -0.00078496 -0.00061239 -0.00271846 -0.00255458 -0.0006727 -0.00108733 8.70511e-05 -0.000996413 -0.00299828 -0.00100675 -0.00176382 -0.00251134 -0.00022316 -0.000199434 -0.000998185 -0.00115856 -0.00171853 -0.00251159 -0.0005375 -0.00106303 7.6707e-06 -0.00170221 -0.00148548 -0.00143237 -0.0019726 -0.000100297 -0.00110436 -0.000947623 -0.00206562 -0.00154744 -0.00117905 0.000173766 
-0.00211371 -0.00263863 -0.00184106 -0.0023053 -0.00189046 -0.00158538 -0.00189561 -0.000985386 0.000857087 0.00115664 -0.0030006 -0.00193909 -0.000373137 0.204173 -0.00503922 -0.0105523 -0.000813929 0.00278115 -0.00630377 -0.000602541 -0.00781715 -0.00439991 -0.00314412 -0.00421744 -0.00174606 -0.00792691 -0.00954503 -0.00545148 -0.00242095 -0.00312288 -0.00378536 0.00150834 -0.00264915 -0.000793007 -0.00229024 -0.00168228 -0.00080442 -0.0019027 -0.00330868 -0.00130496 -0.0011303 -0.00203176 -0.000788005 -0.00174682 -0.00135613 0.000703286 -0.00251613 -0.000976347 -0.00438155 -0.00307745 -0.00284245 -0.00202474 -0.0024582 -0.00180231 -0.00337907 -0.00108638 -0.000393448 -0.000206098 -0.000420257 -0.000266909 -0.00121026 -0.0025533 -0.00150372 -0.00234484 -0.000619922 -0.00166398 0.00101571 -0.00193542 -0.00194704 -0.00316364 -0.00158854 -0.00120856 -0.00154322 -0.00162559 -0.000412564 -0.0007826 -0.00217094 -0.00464233 -0.0016118 -0.00326078 -0.0024061 -0.00229302 -2.85541e-05 -0.00251923 -0.0011511 -0.00296735 -0.00068901 -0.000478533 -0.000421862 -0.00125806 -0.000884885 -0.00263755 -0.00344837 -0.00297258 -0.000952616 -0.00262799 -0.00209401 0.000368882 -0.00139689 -0.000469949 
-0.00263676 -0.00204162 -0.00386301 -0.00399819 -0.0027159 -0.00312702 -0.00446309 -0.00175342 -0.00303093 -0.00726136 0.000187076 -0.003946 0.00339758 -0.00503922 0.235802 -0.00191257 -0.00280034 0.00173643 -0.00536861 -0.00729215 -0.00551434 -0.00777676 -0.000869667 -0.0102848 -0.00977742 -0.00357341 0.000681993 -0.0107694 -6.47859e-05 -0.00556629 0.000227104 -0.00225514 -0.00126095 -0.00399479 -0.00131296 -0.0035513 -0.002966 -0.00267632 -0.000897472 -0.000929683 -0.00239555 -0.00155077 -0.00406001 -0.000251064 -0.00117989 -0.00227324 -0.00415542 0.00094892 0.00102675 -0.00300136 -0.00233744 -0.00144134 -0.00428766 -0.00196807 -0.00321957 -0.00170589 -0.000149691 -0.000579244 -0.00099733 -0.00329747 -0.000620595 -0.00150558 0.000316246 -0.00172754 -0.00291297 -0.00260456 -0.00134625 0.000295615 -0.00249338 0.000139706 -0.00307706 -0.00333565 -0.00311164 -0.00222026 -0.000502757 -0.00112202 -0.0020167 -0.00122183 -0.00261855 -0.00076963 2.15045e-05 -0.00219355 -0.000730419 -0.00127692 -0.00168955 -0.00149934 -0.00172186 -0.00231469 -0.00323484 0.000770431 0.000179711 -0.00238993 -0.00213192 -0.000889237 -0.00251227 -0.00517637 -0.00151401 -0.00224031 -0.00433363 -0.00253261 
-0.00150252 0.000426483 -0.000707256 -0.00405146 -0.00131687 -0.0025059 -0.00245607 -0.00425716 -0.00309572 -0.00373042 -0.000393339 -0.00217637 -0.00396282 -0.0105523 -0.00191257 0.22468 0.00313837 -0.00458467 -0.00487933 -0.0111193 -0.00620114 -0.0061256 -0.00847636 -0.000571506 -0.00922124 -0.00283288 -0.0058815 -0.00467925 -0.00206501 -0.00358853 -0.00458414 -0.00101707 -0.00697572 -0.00695974 -0.00330146 0.00201594 -0.00102112 0.00104894 -0.0023327 0.00107952 -0.000991759 -0.000660326 -0.00117197 -0.0015543 -0.00301433 -0.00174472 -0.00401838 -0.00358039 -0.000916901 0.000150235 -0.00156672 -0.00161653 -0.00218249 -0.00189421 0.000850474 -0.00130784 -0.00132451 -0.00346857 -0.00247862 -0.00353583 -0.00148936 -0.00257312 -0.000325671 -0.00102249 0.000396013 -0.00314588 0.000111571 -0.00279203 -0.00193228 -9.62849e-05 -0.00167143 -0.00142733 -0.00188975 -0.0024896 -0.00147571 -0.00049702 0.000798962 -0.00249977 -0.000694694 -0.000239801 -0.0022177 -0.000379323 0.000206674 -0.000826466 7.65742e-05 -0.00247881 -0.00387912 -0.00229402 -0.000885947 -0.00152926 -0.00301942 -0.000898664 -0.000456824 -0.00277821 -0.00170836 -0.00187799 -0.000733444 -0.00276331 -0.000958325 -0.00296458 
-0.00315644 -0.00272626 -0.00291542 -0.00383128 -0.00220915 -0.00302162 -0.0048343 -0.00247679 -0.00517237 -0.00520212 0.00273601 -0.000594006 0.00070722 -0.000813929 -0.00280034 0.00313837 0.249754 -0.00549441 -0.00206385 -0.00959141 -0.00557197 -0.0022999 -0.00851571 -0.00706575 -0.00632557 -0.000854388 -0.00371859 -0.00461129 -0.00312912 -0.011701 0.000423306 -0.00515422 -0.00069673 -0.00391297 -0.0042219 -1.59926e-05 -0.00168339 -0.000971714 -0.0051707 -0.000126543 -0.00359711 -3.96586e-05 -0.00209963 -0.00338739 -0.00237566 -0.00272498 -0.00051412 -0.000749921 -0.00258331 -0.00406574 -0.00201744 -0.00265395 -0.00079066 -0.000632923 -0.00283633 -0.00227127 -0.00172932 -0.00371675 -0.00212865 -0.00169219 -0.00121361 -0.00496694 -0.00208512 -0.00174783 -0.000669611 0.000201968 -0.00291871 -0.00424061 -0.00516204 -0.00105455 -0.00164553 -0.00184994 -0.00242291 0.00159849 -0.00244327 -0.00325348 -0.00198532 -0.00303212 -0.00312505 -0.00342034 -0.00144518 -0.00232048 -0.00196342 0.00333666 -0.00158065 -0.00422869 -0.00193231 -0.000119594 -0.00437213 -0.00378233 -0.00254251 -0.00347278 -0.00073796 -0.00372383 -0.00280811 0.000386926 0.000935516 -0.00131146 -0.00262294 -0.00175904 
-0.00292772 -0.00347566 -0.00162779 -0.000960999 -0.00255309 -0.00284681 -0.00518051 -0.00242107 0.000293484 -0.00132172 -0.00620612 -0.00260874 -0.00348916 0.00278115 0.00173643 -0.00458467 -0.00549441 0.249013 -0.00641352 -0.00198303 -0.00564642 0.00250176 -0.00951495 -0.00316092 -0.00146034 -0.00349744 -0.00601654 -0.00771076 -0.00522827 -0.00526426 0.00218525 -0.00721429 -0.00123678 -0.00684358 -0.000161658 -0.00183285 -0.00204635 -0.00128897 -0.00187447 -0.00238403 -0.00181735 -0.00136742 -0.00128052 -0.0030057 -0.000726542 -0.000625083 -0.0023839 -0.00282081 -0.00117568 -0.00175023 -0.000908923 -0.00418704 0.000645986 -0.00181169 -0.00173717 -0.00235298 -0.00351122 -0.00349686 -0.00247839 -0.00255979 -0.00241357 0.000104807 -0.00076579 -0.000976712 -0.00261937 -0.00216226 -0.00355182 -0.00262029 -0.00252212 -0.00123834 -0.00277254 -0.00330303 -0.00241837 -0.00254817 -0.000942078 0.000790025 -0.00188583 -0.00284101 -0.00246094 -0.00358158 -0.00179302 -0.00345532 -0.00370797 -0.0037856 -0.000289997 -0.00223473 -0.00178516 -0.00374552 -0.000827011 -0.00138665 -0.00531265 -0.00435371 -0.00266559 -0.00279245 -0.0012498 -0.0039571 -0.00278017 -0.00236765 -0.00262032 -0.000842241 
-0.00176822 0.000160622 -0.00162408 -0.00111694 -0.00413825 -0.00558454 -0.00353815 -0.00288426 -0.00299826 -0.000746706 -0.00678706 -0.00580323 -0.00157156 -0.00630377 -0.00536861 -0.00487933 -0.00206385 -0.00641352 0.249566 -0.00193908 -0.00376848 -0.00259048 -0.00501739 -0.00900967 -0.00125078 -0.00360834 -0.00502513 -0.00663175 -0.00341289 -0.00667571 -0.00697449 0.000163458 -0.00425229 -0.00252252 -0.00180135 -0.000517572 -0.00367675 0.000520761 -0.000422793 -0.000512165 -0.00342345 -0.0001203 -0.00564204 -0.00195012 -0.00299227 -0.00248276 -0.00270978 -0.000713544 -0.00164536 -0.00197733 -0.00215224 -0.00177619 -0.00404447 -0.00219399 -0.00155802 -0.000551259 -0.00107321 -0.00438302 -0.00220202 -0.00141865 -0.00156246 -0.0024669 -0.00161658 -0.00133789 -0.00115403 -0.00326354 -0.00049896 -0.00258169 -0.00151865 -0.0029686 -0.00337347 -0.000830133 0.000176771 -0.00232548 -0.00307966 -0.00283837 -0.00197764 -0.00135047 -0.00371919 -0.0018033 -0.00290219 -0.00219696 -0.0030765 -0.00242233 -0.000938292 0.000947701 -0.00349354 -0.00242283 -0.00272624 -0.00309419 -0.00195593 -0.00191315 0.00066974 -0.0033176 -0.00193251 0.00160956 -8.18514e-05 -0.00323483 0.00171159 -0.00133986 
-0.00314544 -0.00133812 -0.00141789 0.00117168 0.000508575 -0.000561654 -0.00115654 -0.00398778 0.00118327 -0.00158212 -0.00698592 -0.00386964 -0.0100536 -0.000602541 -0.00729215 -0.0111193 -0.00959141 -0.00198303 -0.00193908 0.249944 -0.000836488 -0.00515452 -0.00588551 -0.00206537 -0.00798813 -0.00439589 0.000604283 -0.00569327 -0.0045279 -0.00262446 -0.00521724 -0.00474567 -0.000587759 -0.000521115 -0.00451177 -0.00314106 -0.00527888 -0.00443683 -0.00170551 -0.00137549 -0.00369897 -0.00159545 -0.00149036 -0.00136973 -0.0017011 -0.00322038 -8.27833e-05 -0.003469 -0.0018627 -0.00281762 -4.65834e-05 -0.00222105 -0.00541194 -0.00162627 -0.00233458 -0.00345316 -0.000961606 -0.00145965 -0.00242647 0.000279016 -0.00160185 -0.00144682 -0.00376732 -0.00323437 -0.000803562 -0.00397704 -0.00521964 -0.00236408 -0.00235561 -0.00280367 -0.000919334 -0.00316057 -0.00160428 -0.00241061 -0.00103055 -0.00214806 -0.00212369 -0.00224443 -0.00140329 -0.000336683 0.000315117 0.000342813 -0.0021186 -0.00297595 -0.0020952 0.00155131 0.000639249 -0.000737611 -0.00148024 -0.000538566 -0.00226819 -0.00281501 -0.00309037 -0.00167477 -0.00123444 -0.00450748 -0.00187627 -0.000881674 -0.00113593 -0.00358524 
-0.0011819 -0.00161388 -0.00123362 -0.0048957 0.00110423 -0.00163758 -0.000723756 -0.00116298 -0.0039129 -0.00937022 -0.00407637 0.0028141 -0.00232465 -0.00781715 -0.00551434 -0.00620114 -0.00557197 -0.00564642 -0.00376848 -0.000836488 0.24722 0.000501325 -0.00159387 -0.00446564 -0.000895142 -0.00581984 -0.00915183 -0.00382189 -0.000896936 -0.00362592 -0.00746561 -0.00217998 -0.00352882 0.000374229 0.000585713 -0.00185139 -0.00163842 -0.0033231 -0.00271537 -0.00514629 7.77494e-05 -0.00060341 -0.000355591 -0.00307464 -0.00249641 0.00119662 -0.00174827 -0.00525854 -0.00144619 0.00051106 -0.00217684 -0.00183878 -0.00321359 -0.00343755 -0.0006058 -0.00255634 -0.00145027 4.37259e-05 -0.00341395 -0.00155134 -0.0004193 -0.00421037 -0.00352657 -0.00384697 -0.00313834 -0.00166632 -0.00242521 -0.0032752 -0.00163589 -0.00246381 -0.00148657 0.000215135 -0.00435891 -0.00308703 -0.00340058 -0.00287222 -0.00269485 -0.00102227 -0.00316874 -0.0023822 -0.00218785 -0.00310222 -0.000444196 -0.00367561 -0.00165013 -0.00252344 -0.00314365 -0.000662494 -0.00159299 -0.0015868 -0.00278031 -0.00301012 -0.00102527 6.6661e-05 -0.00353073 -0.000520417 -0.00182939 -0.0016556 -0.00520917 -0.00266173 
-0.00253535 -0.00192917 -0.00129347 -0.00272409 -0.00376917 -0.00284498 -0.00536919 -0.00383059 -0.00655256 -0.00350405 -0.00245609 -0.00443355 -0.00213507 -0.00439991 -0.00777676 -0.0061256 -0.0022999 0.00250176 -0.00259048 -0.00515452 0.000501325 0.249792 -0.000809289 -0.00594031 -0.00570653 -0.01106 -0.00115282 -0.00400919 -0.0064838 -0.00376749 -0.00653367 -0.00389695 -0.00429537 -0.00208129 -0.000574411 0.000553224 -0.00295196 -0.00277856 7.28363e-05 -0.00105849 -0.0014956 -0.00263142 -0.0015605 -0.0018736 -0.000767259 -0.000305632 -0.00113912 -0.00146035 -0.00203215 -0.000726816 -0.00268145 -0.000950691 0.000761425 -0.00109799 0.000792236 -0.00176192 -0.0017784 -0.00311614 -6.12498e-05 -0.00326449 -0.00247873 -0.00345761 -0.00382395 -0.00160319 -0.00325199 -0.00147243 -0.000239049 -0.000717323 -0.0012754 -0.00185862 -0.000887916 -0.00550189 -0.00188687 -0.000598818 -0.00267253 0.00203166 -0.000850917 -0.00127641 -0.00314192 -0.00149955 -0.00342959 -0.00121396 -0.00586071 -0.00156217 -0.00273952 -0.00302401 -0.00347677 -0.00175376 -0.0018684 -0.00251499 -0.0028453 -0.000944589 -0.00489886 -0.0017055 -0.00230401 -0.00395268 -0.00307206 -0.00326063 -0.00304567 -0.00150898 
-0.000503862 -0.00297858 -0.00335928 -0.00170648 -0.00470068 -0.00313301 -0.002609 -0.00283605 -0.00579634 0.000131274 -0.0025257 -0.00447194 -0.00360431 -0.00314412 -0.000869667 -0.00847636 -0.00851571 -0.00951495 -0.00501739 -0.00588551 -0.00159387 -0.000809289 0.249863 0.000626236 -0.0110589 -0.00256039 -0.00731242 -0.00669506 -0.00680386 -0.00437781 -0.00269287 0.00070075 -0.00278438 -0.00638914 -0.00262754 -0.00322868 -0.00351932 -0.0035867 -0.000157827 -0.00325206 -0.00256246 0.000268941 -0.000914437 -0.00269388 -0.00312579 -0.00208797 -0.00310577 -0.000646765 -0.00215863 -0.000211502 -0.00148787 -0.00359714 -0.000788702 8.10456e-05 -0.000896235 -0.00149626 -0.00321414 -0.00216287 -0.00279905 -0.00230959 -0.00158653 0.000457261 -0.00112231 -0.00336407 -0.00425032 -0.0040781 -0.00312911 0.0020066 -0.00262917 -0.000960571 -0.00135107 -0.00114881 -0.000949148 0.000914823 -0.00281725 -0.00230139 -0.00266007 -0.00053758 -6.83867e-05 -0.00143781 -0.0022688 -0.00176229 -0.00247733 -0.00397141 -0.00305775 -0.00171356 -0.00073737 -0.00268086 -0.00237615 0.000438062 -0.000982761 -0.000230204 -0.00214918 -0.00147741 -0.001901 -0.00070218 -0.00230052 -0.00237195 -0.00251615 -6.14603e-05 
-0.00137375 -0.00316592 -0.00254474 -0.0026552 0.0019049 -0.000389582 -0.0025073 -0.00335557 -0.00197619 -0.00562921 -0.00321067 -0.00563881 -0.0101882 -0.00421744 -0.0102848 -0.000571506 -0.00706575 -0.00316092 -0.00900967 -0.00206537 -0.00446564 -0.00594031 0.000626236 0.249328 -0.00326265 3.62344e-05 -0.00354768 -0.00278387 -0.0062633 0.00350185 0.00110341 -0.00564903 -0.00618402 -0.00382774 -0.00659205 -0.00454124 -0.000262625 -0.00238345 -0.00327225 -0.00293433 -0.0033655 -0.00350791 0.000689645 -0.00161118 -0.00243745 -0.00148838 -0.00145747 -0.00264067 -0.00292938 -0.00313322 -1.93559e-05 -0.0030565 -0.00461161 -0.00317328 -0.00293062 -0.002124 -0.000558823 -0.00296423 -0.00137675 -0.00235276 -0.00156326 0.000115952 -0.00124261 -0.00314598 -0.00506913 0.00153746 -0.00367645 -0.00227971 -0.00310709 -0.00324801 0.00100243 0.000580125 -2.68641e-05 -0.00251938 -0.00238161 -0.00216171 -0.00102112 -0.0023684 0.000122851 0.00172961 -0.00455292 -0.0026222 -0.00142383 -0.00142681 -0.00100564 -0.0028774 -0.00265007 -0.00426991 -0.00194142 -0.00312247 -0.00440964 -0.00129284 -0.00230738 0.000874706 -0.00109026 -0.000789115 -0.00270042 -0.0020231 -7.82682e-05 -0.00209908 
-0.00256391 -0.00219518 -0.00267498 -0.00320079 -0.00249804 -0.00279988 -0.001528 0.00163078 9.24527e-05 -0.00155439 -0.00806527 -0.00460371 -0.00132074 -0.00174606 -0.00977742 -0.00922124 -0.00632557 -0.00146034 -0.00125078 -0.00798813 -0.000895142 -0.00570653 -0.0110589 -0.00326265 0.245966 -0.00670304 -0.00405309 -0.00438888 0.000851808 -0.00167598 -0.00469341 -0.00318735 -0.00504472 0.000157598 -0.00227881 -0.00308787 0.00124344 -0.00143159 -0.00305416 -0.00411558 -0.000472315 -0.00471461 0.000260112 -0.00198932 -0.00267165 -0.00176948 -0.00308083 -0.00297938 -0.00295989 -0.000357167 -0.00110048 -0.00152493 -0.000663559 -0.00144201 -0.00266601 -0.000907447 -0.00295365 -0.000514778 -0.00198595 -0.00134274 -0.00294211 -0.000956431 -0.00434704 -0.00358178 -0.00111871 0.000774035 0.00125039 -0.00321524 -9.78852e-05 -0.001796 -0.00399394 -0.00178027 -0.0038609 -0.0016806 -0.00130877 -0.0021673 -0.00349393 -0.00444644 -0.000895974 -0.00288762 -0.00319928 -0.00250272 -0.00282604 0.000379412 -0.000989349 -0.00338872 -0.00199248 -0.000465488 -0.00207588 -0.000240397 -0.00331762 -0.00242744 -0.00287198 0.00061209 -0.00016477 -0.00280941 -0.00135526 -0.00206027 -0.00305622 -0.00139505 
-0.000473837 -0.0022521 -0.00211042 3.18777e-05 -0.00221002 -0.000959434 -0.00143062 -0.00133326 -0.00403506 -0.00299927 -0.00496378 -0.00342538 -0.00435187 -0.00792691 -0.00357341 -0.00283288 -0.000854388 -0.00349744 -0.00360834 -0.00439589 -0.00581984 -0.01106 -0.00256039 3.62344e-05 -0.00670304 0.234296 -0.00579982 -0.00479463 -0.00184723 -0.003864 0.000164515 -9.39503e-05 -0.00365353 -0.00597233 -0.00718451 -0.00341321 -0.00325108 -0.000745295 -0.00191619 -0.00141711 -0.00175655 -0.000800691 -0.00269852 0.000132943 -0.00377016 -0.00329161 -0.0026997 -0.000961805 -0.00121717 -0.0036358 -0.00262508 -0.00269007 -0.00373996 -0.00116439 8.30552e-06 -0.000852523 -0.00285473 -0.00318705 -0.00225555 -0.00259256 0.00046988 -0.00147068 -0.00197518 -0.00130663 -0.00038337 -0.00272544 -0.00157882 -0.00134555 -0.000694506 -0.00355418 -0.0023354 -0.000847642 -0.00337058 -0.00203394 -0.000131937 -0.00207396 0.000269713 -0.000824398 -0.00352268 -0.0016268 0.000689991 -0.00236537 -0.000935463 -0.00246855 -0.00185044 -0.00175942 -0.00262665 0.000228512 -0.000492585 -0.00291778 -0.00015098 -0.00335952 -0.00227999 3.77566e-05 -0.0023945 -0.00121464 -0.00349826 -0.000810779 -0.00253122 -0.00278338 
-0.00229161 -0.00290079 -0.001014 -0.00289728 -0.00134809 -0.000366014 -0.00237608 -0.00526996 -0.000290321 -0.00522307 -0.00401183 -0.00730069 -0.00309637 -0.00954503 0.000681993 -0.0058815 -0.00371859 -0.00601654 -0.00502513 0.000604283 -0.00915183 -0.00115282 -0.00731242 -0.00354768 -0.00405309 -0.00579982 0.211714 -0.00788171 -0.00326856 -0.000146303 -0.00452752 0.000536227 -0.000795244 -0.00106474 0.00288384 -0.00150257 -0.00167067 -0.00366802 -0.00137546 -0.00249503 -0.00294815 -0.00385952 -0.000941651 -0.00046567 -0.000759309 -0.00167459 -0.00205955 -0.00181673 0.000417712 -0.00340198 -0.00295766 -0.000487843 -0.00180002 -0.00180872 -0.00345163 -0.00266023 0.000266383 -0.00307732 -0.000818356 -0.00239349 -0.00266668 0.00156359 -0.00353831 -0.00214814 0.000155843 -0.00117179 -0.00351791 -0.00148087 -0.0016927 -0.00131266 -0.00164825 -0.00103871 -0.00153485 2.71686e-05 -0.000331633 -0.00183346 -0.000742738 -0.00067527 -0.00177432 -3.7544e-05 -0.00181289 -1.03147e-05 -0.000923255 -0.000149139 -0.00150963 -0.000651396 -0.000551616 -0.0015129 -0.00171041 -0.00167814 -0.00211454 -0.000713285 0.0010218 -0.000901249 -0.00255809 2.83195e-05 -0.0015789 -0.00415259 -0.0010592 -0.0037989 
-0.00161166 -0.000718374 -0.00232123 -0.000525326 -0.00246743 -0.00200305 -0.0033445 -0.00125939 -0.00221227 -0.000252242 -0.00392806 -0.000536002 -0.00786165 -0.00545148 -0.0107694 -0.00467925 -0.00461129 -0.00771076 -0.00663175 -0.00569327 -0.00382189 -0.00400919 -0.00669506 -0.00278387 -0.00438888 -0.00479463 -0.00788171 0.211142 -0.00031087 -0.00133722 -0.000406959 -0.00206456 -0.000141885 -0.000177265 -0.00320717 -0.0021685 -0.000536221 -0.00206721 -0.0013307 0.000416865 -0.00175016 -0.00499086 -0.000817256 -0.00115877 -0.00092983 -0.0024105 -0.00276843 -0.00219588 -0.00277558 -7.49573e-05 0.000749849 -0.00069276 0.000733086 -0.00285154 -0.00187809 -0.00169221 -4.49541e-05 -0.00165432 -0.00142378 -0.00334286 -0.00206708 -0.00324643 -0.00303842 -0.00107764 -0.00255883 -0.000416105 -0.000834665 0.00199475 -0.000877339 -0.00127356 -0.000411586 -0.00401406 -0.00188692 -0.00224831 -0.00164492 -0.00161946 0.000789835 -0.0014627 -0.00134234 -0.00211282 -0.00121107 -0.00155804 -0.000400964 -0.00103126 -0.000769556 -0.00176511 -0.00197079 -0.00110262 -0.001787 -0.00186898 -0.000384792 -0.00041323 0.00131168 -0.00451171 -0.000550213 -0.0021259 -0.00121676 -0.0031602 -0.00115489 -0.00185664 
-0.00086857 -0.00232948 -0.00259214 -0.00245371 -0.00089834 -0.00279452 -0.000672517 -0.00585998 -0.004202 -0.00416174 -0.00288056 0.00138422 -0.00379337 -0.00242095 -6.47859e-05 -0.00206501 -0.00312912 -0.00522827 -0.00341289 -0.0045279 -0.000896936 -0.0064838 -0.00680386 -0.0062633 0.000851808 -0.00184723 -0.00326856 -0.00031087 0.193345 -0.000353156 -0.00238655 -0.00325793 -6.1731e-05 -0.0025272 -0.00277202 -0.00342192 -0.00453004 -0.00328575 -0.00218478 -0.00119636 0.000744715 -0.00245147 0.000370598 -0.000909287 -0.00193858 -0.00100439 -0.00352234 -0.00238824 0.000340987 -0.00150713 -0.000681864 -0.00117743 -0.00068511 -4.00305e-05 -0.00101321 -0.000329492 -0.000379463 -0.00164436 -0.00133795 -0.00202741 -0.000689404 -0.00175164 -0.00236423 -0.00144904 -0.00219738 -0.00122615 -0.00136519 -0.00250908 -4.96329e-05 -0.000543432 -0.0018425 -0.00220456 -0.00134764 -0.00225519 -0.00168924 -0.00228026 -0.00117375 -0.00137571 -0.00227616 -0.00176408 4.37448e-05 -0.0019828 4.21845e-05 -0.00246348 -0.00114602 -0.00182281 -0.00304494 -0.001601 -0.00415217 -0.000841112 -0.00106415 4.5715e-05 -0.00213363 -0.00362333 -0.000666836 -0.00321928 -0.00240818 -0.0012314 -0.00168006 -0.00248821 
-0.00309173 -0.00172629 -0.0012346 -0.000415088 -0.00129852 0.000508032 -0.0015138 -0.00289819 -0.00377846 -0.00103228 -0.00178942 -0.00703632 -0.00428123 -0.00312288 -0.00556629 -0.00358853 -0.011701 -0.00526426 -0.00667571 -0.00262446 -0.00362592 -0.00376749 -0.00437781 0.00350185 -0.00167598 -0.003864 -0.000146303 -0.00133722 -0.000353156 0.160455 -0.00152296 -0.00284796 -0.001134 -0.00288954 -0.00289271 -0.000450157 8.57072e-05 -0.00182597 -0.000894294 -0.00211431 0.000317927 -0.00140293 -0.00138647 -0.000671725 -0.00249906 -0.000900313 0.000320549 -0.000954477 -0.0011971 -0.00141513 -0.003433 0.000265168 -0.000183525 -0.00212775 -0.000505343 -0.000787721 -0.000712138 0.000345907 0.000145061 -0.00164072 -0.0016416 0.000523522 4.4748e-05 -0.00135161 -0.00203284 -0.000866591 -0.00152851 -0.000178298 -0.00032905 -0.00102971 -0.000344355 0.000505788 -0.000299619 -0.000392782 -0.00109602 -0.00137539 -0.000509653 -0.000842193 -0.0029122 -0.000758106 -0.00163281 -0.00174393 -0.00149628 -0.00191628 -0.00223139 -0.00213825 -0.00142848 -0.00157472 -0.000125086 -0.00135601 -0.00131863 5.14857e-05 -0.00017098 -0.00169895 -0.00168984 -0.00155492 -0.000917285 -0.000647724 -0.000820826 -0.000943193 
-0.000687202 -0.0014576 -0.000791418 -0.000754329 -0.00111771 -0.00341455 -0.00169417 0.000247305 -0.00275376 0.000246502 -0.00181846 -0.00191609 -0.00206997 -0.00378536 0.000227104 -0.00458414 0.000423306 0.00218525 -0.00697449 -0.00521724 -0.00746561 -0.00653367 -0.00269287 0.00110341 -0.00469341 0.000164515 -0.00452752 -0.000406959 -0.00238655 -0.00152296 0.150887 -0.00258347 -0.000792333 0.00154583 -0.00130436 -0.00121087 -0.00393282 -0.00122082 -0.00235186 -0.00154982 -0.0018334 -0.00100665 -0.00162005 -0.000748371 -0.00237611 -0.000959783 -0.00106001 -0.00202664 -0.000808482 -0.0010601 -0.00227722 -0.00175779 -0.000590631 -0.000778384 -0.00232772 -0.00139924 -0.00282318 -0.00121488 -0.00143375 -0.00213966 -0.00155545 -0.000282048 -0.00194904 -0.000356208 -0.000614726 -0.00129944 -0.000257284 -8.05877e-05 -0.000977311 -0.00164549 -0.000548307 7.29216e-05 -0.001046 -0.000400954 -0.00186981 -0.000313856 -0.00191925 -0.00108875 -0.000634102 -0.000812597 -0.000963216 -0.00198852 -0.00159767 -0.000816289 -0.0021582 -8.97567e-05 0.000665008 -0.00224449 -0.000496606 -0.00155967 -0.000458355 -0.00077802 -0.00128191 -0.00157617 -0.00153834 -0.000362096 -0.000513338 -0.00200985 -0.00248546 -0.00274475 
-0.00117796 -0.00112152 -0.00105345 -0.00124821 -0.00212751 -0.000414683 -0.000792761 -0.0023465 -0.00210632 -0.00155027 -0.00330718 -0.00530769 -0.00382468 0.00150834 -0.00225514 -0.00101707 -0.00515422 -0.00721429 0.000163458 -0.00474567 -0.00217998 -0.00389695 0.00070075 -0.00564903 -0.00318735 -9.39503e-05 0.000536227 -0.00206456 -0.00325793 -0.00284796 -0.00258347 0.119763 9.24312e-05 -0.00121811 0.000190793 -0.00177247 3.75853e-05 0.000201959 -0.000513427 -0.00107967 -0.000277684 -0.000741151 -0.000774845 -0.000488946 -0.000677303 -0.000969841 -4.60271e-05 -0.00106661 -0.00103563 -0.000845539 -0.000477127 0.00116039 -0.00019718 -0.00107279 0.000447094 -0.0010608 -0.000678156 -0.000853163 -0.000872541 -0.0016829 -0.000614983 -9.0123e-06 -0.00150896 -0.00115396 -0.00103704 -0.00131928 -0.000439766 -0.00116877 -0.00085541 0.000280624 -0.0014886 -6.86964e-05 -0.000380917 -0.0009892 -0.000717557 -0.000644796 -0.00094741 -0.000431379 0.00129403 -0.00100754 -0.00203158 -0.00140625 -0.00155651 -0.00203154 -0.000695202 -0.00159713 -0.00133802 -0.000724807 -0.00204115 -8.0479e-05 -0.000171644 -0.00102046 -0.000756279 -8.73347e-05 -0.001588 -0.00107292 0.000319116 -0.00112037 -0.000232257 -0.00143276 
-0.00260925 -0.000918348 -0.00155867 -0.00192145 -0.00189623 -0.00147458 -0.00104219 -0.00135117 -0.000346931 -0.00125504 -0.00264355 -0.00314725 -0.000822034 -0.00264915 -0.00126095 -0.00697572 -0.00069673 -0.00123678 -0.00425229 -0.000587759 -0.00352882 -0.00429537 -0.00278438 -0.00618402 -0.00504472 -0.00365353 -0.000795244 -0.000141885 -6.1731e-05 -0.001134 -0.000792333 9.24312e-05 0.144579 -0.000476825 -0.000565566 -0.00260002 8.00199e-05 -0.00248609 -0.00119321 -0.0013525 -0.000132561 -0.00297314 -0.000700099 -0.00143381 -0.00141254 2.3269e-05 -0.0010711 -0.000454127 -0.0013301 -0.00128484 -0.00184291 -0.00144846 -0.00122472 -0.000677215 -0.00244225 -0.00128049 -0.00123022 -0.0014689 0.000361759 -0.00103027 -0.00137589 -0.000540191 -0.00122935 -0.000545664 -0.00134006 -0.000576295 -0.00192996 -0.000974601 -0.00118307 -0.000757087 -0.00218376 -0.00088213 -0.00107282 -0.00183982 -9.74478e-05 -0.00100323 -0.00135404 -0.000948659 -0.00113728 -0.0015638 1.80942e-05 -0.0012011 -0.00164989 0.000338799 -0.00209797 -0.00134085 -0.00111998 -0.00173134 -0.00102913 -0.00108255 -0.00101816 0.00037124 -0.00167873 -0.00236227 -0.00224494 -0.000359493 -0.000740564 -0.00218682 -0.00192532 -0.000385829 
