0.089772 -0.000692846 -0.000910105 -0.00041488 -0.000549607 -0.000325671 -0.000518004 -2.68614e-05 -0.000844815 -0.00157336 -0.00189379 -0.00182794 -0.0002935 -0.00342498 0.000305599 -0.00491015 0.000527433 -0.00113532 -0.00464275 -0.00402171 -0.000303306 -0.00169214 -0.00252566 -0.00288546 -0.00126718 -0.00480828 0.00113821 -0.00253416 -0.00133901 -0.00183628 -0.000435686 2.44297e-05 -0.000318669 -0.000304014 0.000286251 -0.00159897 -0.00107353 -0.00038258 -0.00152847 -0.000412335 -0.000132247 -0.00098754 -0.000367864 -0.00138743 -0.000290233 -0.000562419 -0.000267744 -0.000766631 -0.000415811 -0.000653942 -0.00151095 -0.0016047 -0.000302523 -0.000845283 -0.00152953 -0.000500351 -0.000712709 -0.00119356 -0.00060935 -0.00124734 -0.000239482 -0.000716108 -0.000779811 9.4231e-05 -2.66514e-05 -0.000607816 -0.000892949 7.55294e-05 -0.000688635 -0.000126514 -0.000873538 0.000179348 -0.00116414 -0.00111478 -5.11923e-07 0.000335899 -0.000854881 -0.000829955 -0.000179725 -0.00135176 -0.000995103 -0.000477594 -0.000995713 -0.00118749 -0.00111448 -0.00108839 -0.000504508 -0.000665476 -0.000774965 -0.000744841 -0.00128043 -0.000150197 -0.000237853 -0.000308978 -0.000713022 -0.000871628 -0.000215415 0.000103955 -0.000342874 -0.000586487 
-0.000692846 0.0822674 -0.000158824 -0.000213 -0.000393341 0.000576799 -0.000788453 -0.000898993 -0.000625371 -0.000983298 -0.000917362 -0.00229653 -0.00204555 -0.0016954 -0.00359511 -0.0013221 -0.00357714 -0.00158705 -0.00146848 -0.00239845 -0.000560977 -0.00135539 -0.0042463 -0.00152985 -0.00435273 -0.00340973 0.00134282 0.00117233 -0.000766685 -0.00031057 -0.00169729 -0.00116208 -0.00204604 -0.00119073 -0.000876684 -0.000899118 -0.00105922 -0.00119336 1.77601e-06 -0.00114648 -0.00114826 -0.000881854 -0.00133257 -0.000165818 -0.00175557 0.000500699 0.000265236 -0.000321972 -0.000744743 -1.90875e-05 1.02439e-05 -0.000266418 -0.000804574 -0.000676274 -0.000973772 -0.00071112 -0.00101988 -0.000619895 -0.000790495 -0.000545245 0.0001257 -0.000804357 -5.22868e-05 -0.0010007 -0.000337989 -0.00047257 -0.0012146 0.000662785 -0.000961087 -0.000145891 -0.000593076 -0.00014019 -0.000112331 -0.001242 -0.000172136 1.05121e-05 -0.000745352 3.28103e-05 -0.00062437 9.07505e-05 -0.000738185 -0.000412352 -0.00107153 -0.00010981 -0.00117395 -0.000767782 -0.000571735 -0.000750809 -0.00035746 -0.000685636 -0.000721517 -0.000233565 -0.00023728 -0.000879471 -0.000879695 -0.00116673 -0.00077043 -0.000416646 -0.000375394 0.000117074 
-0.000910105 -0.000158824 0.0963927 0.000268208 -0.000477422 -0.00085439 0.000312212 0.00066949 -0.000615194 -0.000889191 -0.000266044 -0.00230952 -0.00118279 -0.000814205 -0.00145165 -0.00183076 -0.00276598 -0.000169466 1.26883e-05 -0.00364894 -0.00362043 -0.0043795 -0.000264026 -0.00126646 -0.00235585 -0.0022578 -0.00234659 -0.000690718 -0.00303536 -0.00109041 -0.00127898 -0.000291624 -0.000721636 -0.00198655 -0.00244798 -0.00156246 -0.000151421 -0.000264099 -0.000348512 -0.000826042 0.000219059 -0.00073635 -0.000987002 -0.000506169 -0.00074106 -0.00164303 -0.00157004 -0.00106746 -0.00131088 -0.00121219 -0.000832956 -0.00138137 -0.000803335 -0.000684338 -0.00110089 -0.00126429 -0.00219729 -0.000457702 -0.00132784 -0.000781724 -0.000426079 -0.00107086 -0.00168175 -0.000698994 -0.00112931 -0.00170364 -0.000755342 -0.000180595 -0.00123344 -0.000409667 -0.000720354 -0.000500818 -0.000114899 -0.000304619 -0.000785205 -0.000404234 -0.000124339 -0.00106518 -8.71944e-05 -0.000488152 -0.000896334 -0.000768174 -0.000466419 -0.000910957 -0.00147894 0.000550736 -0.00125495 -0.001602 -0.000460391 4.05505e-05 -0.000790807 -0.000813698 -0.00135946 -9.73781e-05 -0.00148242 -0.000271883 -0.000466314 -0.000245366 -0.000730294 -0.000348342 
-0.00041488 -0.000213 0.000268208 0.0751638 -0.000367195 -5.44008e-05 -0.000320834 -8.68297e-05 -0.000627323 -0.000107331 -0.000308895 -0.00210922 6.78607e-05 -0.000918999 -0.00296711 -0.00287551 -0.00182284 -0.00139784 -0.00184258 -0.0015504 -0.00124363 -0.00175786 -0.00326075 -0.00136304 -0.00109233 -0.00268883 -0.0028893 -0.00109182 -0.00343401 -0.00221652 -0.00203012 -0.000163096 -0.000742335 0.00058703 4.1446e-05 -0.00104758 -0.000956436 -0.000825437 -0.00139476 -0.00053187 -0.00033506 -0.000284371 0.000130578 -0.00106472 -0.000669948 -0.000900877 -0.000358604 -0.000463645 0.000123062 -0.000674346 -0.00115634 -0.000293257 -5.12227e-05 7.52368e-06 -0.000417221 0.000125247 -0.00141897 -0.000510437 -0.000424364 -0.000201155 -0.00034974 0.000271146 -7.79186e-05 -0.000722546 5.04273e-05 -0.000767912 -0.000780239 -0.000639296 -0.000992281 -0.000505281 -0.000254633 -0.00100951 -0.000432301 -0.00026005 -0.000619373 -0.000821461 -0.000614899 -0.000757851 -0.000584214 -0.00050024 -0.000673931 -0.00018923 -0.000916365 -0.000327569 -0.000582613 -0.000193109 -0.000283775 -0.000509232 -2.84606e-06 -0.000522802 -0.00114165 -0.00018154 -0.000817448 -0.00107507 -0.00046097 -0.000348839 -0.000109384 -0.000249474 -0.000405321 -0.00121595 
-0.000549607 -0.000393341 -0.000477422 -0.000367195 0.0887074 -0.00145487 -0.000702612 -0.000290817 -0.000343131 -0.000815312 -0.000597613 -0.00262154 -0.00101158 -0.00209156 -0.00241478 -0.000592511 -0.00224954 -0.00377013 -0.00250703 -0.00378477 -0.00159926 -0.00358376 -0.0017937 -0.00400215 -0.000820531 -0.00166604 -0.00290926 -0.0018351 -0.0031252 -0.00115041 -0.00170343 -0.0017582 -0.00112594 -0.00145739 -0.00100177 -0.00136709 -0.000344012 -0.000449307 -9.59379e-05 -0.000810037 -0.00114332 -0.000424347 -0.000390694 -0.00173915 -0.000287786 -0.000964401 1.27662e-06 6.28299e-05 -0.000687031 -0.000417146 -0.00160706 -0.000741207 -0.000917984 0.00023158 -3.4261e-05 -0.000324829 -0.000913216 0.000127792 -0.00142809 0.000378975 5.94894e-05 -0.000604737 0.000242704 -0.00147166 -0.000526566 0.000306539 -0.000809052 -0.000578317 -0.000491984 -0.000373631 -0.000478183 -0.000311998 -0.00106693 -0.000680524 -0.000581582 -0.000326653 0.000326228 -0.000207183 -0.000351322 -0.00057804 -0.000657927 -0.000715011 9.4459e-05 -0.000596009 -0.00101793 -0.00101992 -0.00113505 -0.000572869 0.000486575 -0.000525696 -0.00048043 -0.000706535 -0.000692969 0.000479795 -0.000561268 4.2888e-05 -0.000621869 -0.000699166 -0.000197797 -0.000255344 
-0.000325671 0.000576799 -0.00085439 -5.44008e-05 -0.00145487 0.116394 0.00089962 -0.00105408 -0.00267211 -0.00181433 -0.000810837 -0.00261405 -0.00281186 -0.00423992 0.000469497 -0.00175136 -0.00374996 -0.00271385 -0.00627915 2.62471e-05 -0.00476925 -0.00337704 -0.00662642 -0.00165845 -0.00207853 -0.000638702 -0.00205893 -0.00217782 -0.00215941 -0.00157878 -0.00186779 -0.00133414 0.000163551 -0.00107796 -0.00131185 -0.000753897 0.000402268 0.000264943 -0.00267068 -0.000244067 -0.000500678 -0.000979089 -0.00050827 -0.00171692 -0.000409776 -0.00180682 -0.00106006 -2.58416e-05 -0.00165862 -0.000724676 -0.00164027 -0.00203413 0.000351928 0.0012828 -0.000827288 0.000563752 -0.000319746 -0.00117795 -0.000498765 -0.000509837 -0.00144682 -0.00106002 -0.000426323 -0.000701065 -0.00085967 -0.000667986 -0.00139867 -0.00175415 -0.000864729 -0.00123327 -0.000921348 -0.00100657 -0.00141833 1.46755e-05 -0.000308712 0.000164916 -0.00107641 -9.59881e-05 -0.000849758 -0.00144466 -0.000837405 -0.00026375 -0.000975247 -0.00021596 -0.00105327 -0.000925448 -0.0011164 -0.000554317 -0.000731017 -0.000564969 -0.00102602 -0.0018674 -0.00112483 -0.00219443 0.000533821 -0.000791985 -0.00112211 -0.00139465 -0.00158165 -0.000249885 
-0.000518004 -0.000788453 0.000312212 -0.000320834 -0.000702612 0.00089962 0.104939 -0.000632167 -0.00206234 -0.00173406 -0.00152261 0.00128684 -0.00189568 -0.00258414 -0.00288899 -0.00494875 -0.00253218 -0.00330938 -0.00185796 -0.00325823 0.00190045 -0.00427655 0.000317914 -0.00285074 -0.000972301 -0.000280084 -0.00120432 -0.00250872 -0.00272757 -0.00149955 -0.00250136 -0.0020726 -0.00200609 0.000136503 0.000285144 0.000183139 -0.000754034 -0.00070599 -0.0013298 -0.00196215 0.000186828 4.52863e-05 -0.00166849 5.24171e-05 -0.00132523 -0.000811152 -0.000686881 -0.00125475 -0.000439008 8.88397e-05 -0.00143381 0.000855009 -0.00145249 -0.0017747 -0.00133876 -0.000514446 -0.00137629 -0.00156267 -0.000219088 -0.000357127 -0.000542021 -0.000658609 -0.00110345 -0.0010687 -0.00154174 -0.00112539 -0.00170716 -0.00115236 -0.000597294 0.000244107 -0.000408907 -5.83826e-05 -0.000472495 -0.000316808 -0.00126139 -0.00172993 -0.001051 -0.00197704 -0.00244828 -0.000812024 -0.000927571 -0.000741439 -0.000158454 -0.000821976 -0.00019407 -0.000690073 0.000168674 -0.0023083 -0.00173258 -0.000472412 -0.000835411 -0.000381735 -0.00116319 -0.000932721 -0.000447129 -0.000841075 7.60688e-05 -0.00113151 -0.00157701 -0.00116496 
-2.68614e-05 -0.000898993 0.00066949 -8.68297e-05 -0.000290817 -0.00105408 -0.000632167 0.10355 0.000411878 -0.000287703 -0.000294149 0.000253538 -0.000540231 -0.00178826 -0.00530229 -0.00275766 -0.00263376 -0.000744687 -0.00126384 -0.00175862 -0.00349808 -0.00462106 -0.0033917 -0.000627153 -0.0032504 -0.00538356 -0.00144242 -0.00575167 -0.00290789 0.000249829 -0.000505823 -0.000868015 -0.00116943 -0.00115987 -0.00208379 -0.00060095 -0.000900174 -0.00207933 -0.000727061 -0.0010927 -0.000549326 -0.000302698 -0.000441096 0.000156765 -0.00120002 -0.000469983 -0.00073766 -0.000553048 -0.000962432 -0.000375219 -0.00135689 0.000139312 -0.00036323 -0.000524656 -0.00110436 -4.25922e-06 -0.000715648 -0.00125613 -0.00092016 0.000109691 -0.00142581 -0.00126389 9.92127e-05 -0.000302595 -0.000570628 0.000248721 -0.000523993 -0.00101376 -0.000492177 -0.00172431 -0.00140778 -0.00167324 -0.00105672 -3.70327e-05 -0.000864413 -0.000929106 -0.00068976 -0.0015132 -0.000596599 -0.00103536 -0.00145332 -0.00146984 3.22235e-05 -0.00104316 -0.000286776 -0.000971164 -0.000841193 -0.00102778 -0.00037885 -0.000886094 -0.000146496 -0.000161019 -0.00139418 -0.000431518 -0.000749502 -0.00112798 -0.000134364 -0.000567852 -0.000999932 -0.000470735 
-0.000844815 -0.000625371 -0.000615194 -0.000627323 -0.000343131 -0.00267211 -0.00206234 0.000411878 0.137816 -0.000827391 0.000160475 -0.00319245 0.00042936 0.00210176 -0.00773233 -0.00204057 -0.00337985 -0.00205717 -0.00075686 -0.000114326 -0.00115408 -0.00202651 -0.00153503 -0.00419094 -0.00324309 -0.0044431 -0.00319264 -0.00465613 -0.00252745 -0.00286439 0.00141211 -0.00134054 -0.00254114 -0.00130882 -0.00210578 -0.00159955 -0.00165655 -0.00212902 -0.00201653 -0.00200335 -0.000485372 -0.000109659 -0.00225285 -0.000921789 -1.26787e-05 -0.00101217 -0.000464136 -0.00231792 -0.000495355 -0.000426158 -0.00240304 -0.000425296 -0.00086592 -0.000954969 -0.00180387 -0.00159584 -0.000953999 -0.00182081 -0.00169036 -0.000339213 -0.00037229 -0.00138472 -0.00096986 -0.00123716 -0.00268879 -0.00308189 -0.00322632 -0.00142542 -0.00151344 -0.000680441 -0.002715 -0.00083379 -0.00137614 -0.0009471 0.000391118 0.00027267 -0.000916071 -0.000235185 -0.000729745 0.000333587 -0.0022957 -0.000565244 -0.00223551 -0.000693242 -0.00063975 5.25776e-05 -0.0011607 -0.00174897 -0.000633509 -0.00219671 -0.000892609 -0.00029531 -0.00118519 -0.0014439 -0.00158978 -0.00161168 -0.000855334 -0.00100433 -0.000930992 -0.00129218 
-0.00157336 -0.000983298 -0.000889191 -0.000107331 -0.000815312 -0.00181433 -0.00173406 -0.000287703 -0.000827391 0.132997 -0.00283977 -0.000903618 0.000780595 -0.00174344 -0.00359271 -0.00492092 -0.00458204 -0.00369821 -0.00219425 -0.00442491 -0.00463784 -0.00463563 -0.00317603 0.000356339 -0.00142705 -0.00456132 -0.00455813 7.3765e-05 5.87582e-05 0.000771493 -0.00165344 -0.00221465 -0.00149455 -0.001891 -0.00163106 -0.00177702 -0.000480131 -0.0013874 -0.00023999 0.00087121 -0.00114221 -0.0012771 -0.000953053 -0.00126492 -0.0005014 -0.0021316 -0.00138314 -0.000977216 -0.00203914 -0.00130648 -0.0010292 -0.00224272 -0.000817511 -0.000542609 -0.00232898 -0.000738766 -0.00146799 -0.00137194 -0.000771836 -0.0011315 0.000257001 -0.00124754 -1.39535e-05 -0.000620468 0.000978754 -0.00118196 -0.00150742 -0.00157768 -0.000546068 -0.00200333 -0.000751315 0.000480033 0.000164068 -0.000850377 -0.000393994 -0.00172635 -0.000735694 -0.00024877 -0.00180188 -0.000464218 -2.10693e-05 -0.00106039 -0.00185677 -0.000936499 -0.000582784 -8.42525e-05 -0.00122071 -0.00180859 -0.00201716 -0.00135239 -0.00161821 -0.00141069 -0.00138557 -0.00139073 -0.000997402 -0.00028309 -0.000428538 -0.00110517 -0.00158403 -0.00185738 
-0.00189379 -0.000917362 -0.000266044 -0.000308895 -0.000597613 -0.000810837 -0.00152261 -0.000294149 0.000160475 -0.00283977 0.149724 -0.00276209 -0.0032686 -0.0049682 0.000403887 -0.000998582 -0.00576663 0.000836409 -0.00373264 -0.00365737 -0.00848319 0.000962019 -0.00473123 -0.00343327 -0.003396 -0.00478748 -0.00189605 -0.0052595 -0.00470917 -0.00124647 -0.00162961 -0.00108282 -0.00144411 -0.00381724 -0.00149788 -0.00213224 -5.80063e-05 -0.00282822 -0.000177112 -0.000911624 -0.00108986 -0.0016698 -0.00184584 -0.000436055 -0.000113184 0.000207566 -0.00134368 9.38332e-05 -0.000390028 -0.00043415 -0.002392 -7.0827e-05 -0.00110338 -0.0014723 -0.000459918 -0.00106921 -0.0015571 -0.000617224 -0.000964805 -0.000733532 -0.000529676 -0.00195571 -0.00149397 -0.000566835 -0.00144913 -0.000343065 -0.00238407 -0.0018472 -0.00194975 -0.00189563 -9.96841e-05 -0.00130163 -0.000995106 -0.00057439 -0.00214717 -0.000849673 -0.000213344 -0.00223537 -0.000699307 -0.00175813 -0.00191772 -0.00144725 -0.000937064 -0.00168645 -0.00125261 -0.00217177 0.000678385 -0.00224008 -0.000272508 -0.000636412 4.96482e-05 -0.00190559 -0.000188247 -0.000158274 -0.0016244 -0.000960581 -0.0016973 -0.000737325 -0.000551893 -0.00155241 
-0.00182794 -0.00229653 -0.00230952 -0.00210922 -0.00262154 -0.00261405 0.00128684 0.000253538 -0.00319245 -0.000903618 -0.00276209 0.188657 -0.00242425 -0.00177924 -0.00576896 -0.00138958 -0.0111652 -0.00667808 -0.00317508 -0.000684642 0.00446233 -0.00453808 -0.00716892 -0.00127871 -0.00517732 0.000512637 -0.00553364 -0.00416016 -0.00353546 -0.0046464 -0.00585413 -0.000638067 -0.001771 -0.00229508 -0.00190314 0.000211653 -8.38781e-05 -0.00183927 -0.00210545 -0.00138848 -0.00170844 -0.00112152 -0.00174271 -0.00145912 -0.00153921 -0.00152562 -0.0020748 -0.00240595 2.28181e-05 -0.00255903 -0.00198042 -0.00155293 -0.00241413 -0.000991586 -0.00337736 -0.000912098 -0.00143318 -0.00205676 0.00100277 -0.00149197 -0.00197617 -0.00231442 -0.00277765 -0.00173999 -0.000749625 -3.57922e-06 -8.3893e-05 -0.00120013 -0.00148021 -0.00213512 -0.00152852 -0.0016976 -0.00197304 -0.00107619 -0.00267663 -0.0024342 -0.00150097 -0.00144182 -0.0016885 -0.00192856 -9.95389e-05 -0.0023753 -0.00190444 -0.0025912 -0.00163328 -0.00219934 -0.000324947 -0.00227917 -0.000733261 -0.00120856 0.00045823 0.000411113 -0.000502899 -0.000892532 -0.00292849 -0.00165857 -0.000259196 -0.00133224 -0.0011172 -0.000865484 
-0.0002935 -0.00204555 -0.00118279 6.78607e-05 -0.00101158 -0.00281186 -0.00189568 -0.000540231 0.00042936 0.000780595 -0.0032686 -0.00242425 0.183801 -2.70091e-05 -0.00411831 -0.00228722 0.00173635 -0.0039041 -0.00879604 -0.00285078 0.000429674 -0.00580149 -0.00770799 -0.000721562 -0.00546975 -0.00192403 -0.00294145 -0.00270163 -0.0038772 -0.00398849 -0.00450977 0.000236264 -0.00423944 -0.000144984 -0.0013273 -0.00136651 -0.00229573 0.000314245 -0.00171253 -0.00175174 -0.00153035 -0.00282989 -0.00155383 -0.000370697 -0.00250006 -0.00129921 -0.0011362 -0.0022459 -0.00281652 0.000421478 -0.0014444 -0.00194157 -0.0018124 -0.00154961 -0.0019981 -0.00325587 -0.002209 -0.00251993 -0.00215513 -0.00230037 -0.00187039 -0.00274451 -0.000855661 -0.00242622 -0.00108495 -0.00217954 -0.00257745 -0.00250839 -0.00168191 -0.00213817 -0.000777121 -0.00254769 -0.00150026 -0.00312054 1.70849e-05 -0.00226319 -0.00137071 1.8405e-05 4.09162e-05 -0.00136382 0.000208811 -0.000759197 -0.00245058 -0.00171316 -0.00171402 -0.00257198 -0.00078902 -0.000471669 -0.00203438 -0.0027234 -0.00354622 -0.00127862 -0.00110052 -0.00179821 -0.000505447 -0.00238018 -0.00160506 0.000213424 8.63661e-05 -0.000941054 
-0.00342498 -0.0016954 -0.000814205 -0.000918999 -0.00209156 -0.00423992 -0.00258414 -0.00178826 0.00210176 -0.00174344 -0.0049682 -0.00177924 -2.70091e-05 0.212625 0.00177403 -0.00540779 -0.00263954 0.0011599 -0.00425853 -0.00392788 -0.00966253 -0.00324936 -0.00894555 -0.00750345 -0.00693202 -0.00411211 -0.00366874 -0.00486135 -0.00225532 -0.0024452 -0.00196251 -0.001051 -0.00143393 0.000103247 -0.00347126 -0.00359492 -0.000510825 -0.000113272 -0.00247292 -0.00134331 -0.00195597 -0.0023382 -0.00135838 -0.00256322 -0.00302987 -0.00188559 -0.000233594 -0.00142124 -0.00117351 -0.00186932 -0.000993804 -0.00186369 -0.00201246 -0.00163485 -0.00400679 -0.00212534 -0.00149139 -0.00276888 -0.00322832 -0.000558113 -0.00120464 -0.00200543 -0.00270962 -0.00162294 -0.0020425 -0.0042508 -0.00186494 -0.00234162 -0.00170363 -0.00102748 -0.000198033 -0.00409816 0.00109935 -0.000152622 -0.0015766 -0.00184303 -0.00294455 -0.000293684 -0.00219283 -9.78918e-05 -0.0010648 0.000246254 -0.00226679 -0.0022246 -0.00310913 0.000773495 -0.00139474 -0.00195564 -0.00220573 -0.00353299 -0.000946462 -0.00285292 -0.00185079 -0.00197058 -0.00135618 -0.0019961 -0.00188166 -0.00036607 -0.00335379 -0.000971625 
0.000305599 -0.00359511 -0.00145165 -0.00296711 -0.00241478 0.000469497 -0.00288899 -0.00530229 -0.00773233 -0.00359271 0.000403887 -0.00576896 -0.00411831 0.00177403 0.221088 0.000625985 0.00266268 -0.00370269 -0.00752421 -0.00169068 -0.0159182 -0.00585251 -0.00741825 -0.00547385 -0.00248949 -0.00613489 0.00194002 -0.0032486 -0.0038827 -0.00534338 -0.00656761 -0.00395408 -0.00391278 -0.00937332 -0.0028088 -0.00272691 -0.000403293 -0.00307942 -0.00462024 -0.0014546 -0.00120306 -0.00338363 -0.00193689 -0.0028603 0.00146497 0.000392451 -0.00242164 -0.001465 -0.00324495 -0.00147204 -0.00102522 0.000795231 -0.00382217 -0.00104117 -0.00179005 -0.00129809 -0.000529845 0.000906842 -0.00192996 -0.000326383 -0.000959459 -0.00124338 -0.00460586 -0.0017568 -0.00102625 -0.00108175 -0.000164195 0.0011164 -0.00155722 -0.00231283 -9.05301e-05 -0.00387202 -0.00100245 0.000228905 0.000274773 -0.00128417 -0.00133666 -0.00207396 -0.00260992 0.000613636 -0.0019972 -0.000825034 -4.74968e-05 -0.000910903 -0.00114198 0.00219477 3.69524e-05 -0.00205393 -0.00314872 -0.00253297 -0.00152865 -0.00221956 -0.00259699 -0.00242674 -7.50562e-05 -0.00258163 -0.00217306 -0.0011432 -0.00245748 -0.00329335 
-0.00491015 -0.0013221 -0.00183076 -0.00287551 -0.000592511 -0.00175136 -0.00494875 -0.00275766 -0.00204057 -0.00492092 -0.000998582 -0.00138958 -0.00228722 -0.00540779 0.000625985 0.228149 0.00136335 -0.00287178 -0.00258468 -0.00470973 0.000159043 -0.00816283 -0.00821369 0.00072115 -0.0105682 -0.0124316 -0.00753612 -0.0104489 -0.00412492 -0.0046145 -0.00329246 -0.00512812 -0.00207375 -0.00534845 -0.00201296 -0.000851258 -0.00255287 -0.00115535 0.0010708 -0.00420551 -0.0028369 0.000498579 -0.00160784 -0.00113668 -0.003585 -0.00115008 -0.00349575 -0.000657237 0.000768403 -0.000234739 -0.000798277 9.2724e-05 0.000672979 0.000328464 -0.00171736 -0.00163822 0.0013054 6.76896e-05 -0.00256711 -0.00183405 -0.00276482 -0.00151338 0.00141921 0.000608539 -0.00183816 -0.00120371 -0.00024103 -0.00308635 -0.00167356 -0.00266056 -0.00281268 -0.00101473 -0.00188686 -0.000821205 -0.00383725 -0.00318549 -0.00491999 -0.00364891 0.000254198 -0.00376923 -0.00336015 -0.00116736 -0.00348726 -0.0011468 0.000156893 -0.00160381 -0.00278751 -0.00186272 -0.000690648 -0.00110613 -0.000927617 -0.00171331 -0.00286235 -0.0021299 -0.00111708 -0.00183528 -0.00230379 -0.00226263 -0.000821526 -1.80452e-05 
0.000527433 -0.00357714 -0.00276598 -0.00182284 -0.00224954 -0.00374996 -0.00253218 -0.00263376 -0.00337985 -0.00458204 -0.00576663 -0.0111652 0.00173635 -0.00263954 0.00266268 0.00136335 0.237663 -0.0027188 0.00378722 -0.0103838 -0.0134364 -0.00836862 -0.000383403 -0.00515075 -0.00378702 -0.000810263 -0.0020215 -0.00690922 -0.00323262 -0.0028728 -0.00493862 -0.00285244 -0.00608891 -0.00394828 0.000786349 -0.00152896 -0.00102012 -0.00209537 -0.00239749 -0.000568396 -0.00166679 -0.00101691 -0.00145494 -0.00600907 -0.00347158 -0.00094495 -0.00362526 -0.00130326 -0.0037868 -0.00185348 -0.00265751 -0.00392835 -0.000787539 -0.00183488 -0.00150859 -0.00301797 -0.00411027 -0.00229346 -0.000678413 -0.00116709 -0.00343435 -0.0025319 7.28932e-05 -0.00132267 -0.00205545 -0.0046433 -0.00433393 -0.00012688 -0.00311531 -0.00183939 0.00112476 -0.00292987 -5.78264e-05 -0.00127264 -0.000327624 -0.0023048 -0.00271025 -0.00232944 -0.00281616 -0.00344943 -0.000169536 -0.00251409 -0.00254505 -0.00045064 -0.000179247 -0.00176719 -0.00179769 -0.00307745 -0.00202423 -0.00254441 -0.00130887 -0.00238817 -0.00126344 -0.00155512 -4.84089e-06 -0.00300855 -0.00121717 -0.00158637 0.00152681 -0.000752332 
-0.00113532 -0.00158705 -0.000169466 -0.00139784 -0.00377013 -0.00271385 -0.00330938 -0.000744687 -0.00205717 -0.00369821 0.000836409 -0.00667808 -0.0039041 0.0011599 -0.00370269 -0.00287178 -0.0027188 0.245811 -0.00253624 -0.00799305 0.00208319 -0.00128821 7.46887e-05 -0.000756618 -0.0109219 -0.010049 -0.00726768 -0.00971751 -0.0062245 -0.00350272 -0.00629324 -0.00268802 -0.00492205 -0.0058652 -0.00244197 -0.00232116 -0.00305678 -0.00122313 -0.000315301 -0.00320687 -0.00140063 -0.00307163 -0.00186219 -0.00343401 -0.0023577 -0.00383015 -0.000405316 -0.00125661 -0.0032731 -0.00190462 -0.00248829 0.000160849 -0.00453525 -0.00198354 -0.00161046 -0.000912863 -0.00298394 -0.00293515 -0.00134605 -0.00314466 -0.00315969 -0.00251381 4.89804e-05 -0.000982506 -0.00130472 0.000103603 -0.00236681 -0.00223607 -0.00155545 -0.00213717 -0.00218911 -0.00108972 -0.000890565 -0.00183394 -0.00240956 -0.00195343 -0.00191813 -0.00361867 -0.00299078 -0.0020099 -0.000700567 -0.0012837 -0.00279767 -0.00218964 -0.00108902 -0.000545665 -0.00230288 -0.00318073 -0.00275677 -0.003068 -0.00153006 -0.00285391 -0.00235485 -0.00160839 -0.000685825 -0.00253548 0.00011237 -0.000456294 -0.00259335 -0.000911899 
-0.00464275 -0.00146848 1.26883e-05 -0.00184258 -0.00250703 -0.00627915 -0.00185796 -0.00126384 -0.00075686 -0.00219425 -0.00373264 -0.00317508 -0.00879604 -0.00425853 -0.00752421 -0.00258468 0.00378722 -0.00253624 0.24347 -0.0076545 -0.0132072 -0.00517866 0.00302563 -0.00712227 -0.000403624 -0.00659214 -0.00135069 -0.00919451 -0.00335865 -0.00389126 3.01384e-05 -0.00274034 -0.00266305 -0.00121461 -0.00232217 -0.00111598 -0.0027955 -0.00420792 -0.0022934 -0.000713759 -0.0028386 -0.000577284 -0.000561193 -0.0017657 -0.00045699 -0.0034673 -0.0022999 0.00198383 -0.00345095 -0.00065024 0.000478342 -0.00173516 -0.00164371 -0.000605749 -0.00132813 -0.0012302 -0.00253317 -0.00330795 -0.0033883 -0.00293627 -0.00205691 -0.00347342 -0.00187341 -0.00128067 -0.00126457 -0.00365417 -0.0022411 -0.00198135 -0.00222819 -0.00145288 -0.00244937 -0.0017204 -0.00233839 -0.00229597 -0.00139397 -0.00184504 -0.00340764 -0.00351005 -0.00347259 -0.000889962 -0.00298218 -0.00273105 -0.000999453 -0.00113146 -0.00187356 -0.00367252 -0.00299573 0.000347127 -0.00065943 -0.00203555 -0.000454713 -0.00223035 -0.00280849 -0.002956 -0.00348519 -0.00242789 -0.00141884 -0.00188352 -0.00257667 -0.000764833 
-0.00402171 -0.00239845 -0.00364894 -0.0015504 -0.00378477 2.62471e-05 -0.00325823 -0.00175862 -0.000114326 -0.00442491 -0.00365737 -0.000684642 -0.00285078 -0.00392788 -0.00169068 -0.00470973 -0.0103838 -0.00799305 -0.0076545 0.248766 0.000460243 -0.00658684 0.000890121 -0.00210017 0.00200834 -0.00613969 -0.00639231 -0.000686762 -0.00511654 -0.00513003 -0.00340204 -0.00494007 -0.00271471 -0.00149708 -0.0010598 -0.00117427 -0.00553949 -0.00274382 -0.0026167 -0.000506416 -0.00239549 -0.000974318 -0.00168258 0.00188936 -0.00356658 -0.00146713 -0.00366645 -0.00418574 -0.00206459 -0.00456321 -0.00154994 -0.00242811 -0.00257179 -0.00341044 -0.00106307 -0.0011747 -0.000211925 -0.001028 -0.00228977 -0.00176644 -0.00185391 -0.000166662 -0.00396479 -0.00119406 -0.00348456 -0.00277211 -0.000901334 -0.00415898 -0.000414773 -0.00223202 -0.00326387 -0.00270025 -0.00258865 -0.00158604 -0.00314816 0.000218162 -0.0015421 -0.00410477 -0.00339114 -0.00164083 -0.00321742 -0.00234982 -0.00158746 -0.00168607 0.00036447 -0.00116671 -0.00232864 -0.00123833 -0.00140969 -0.00202335 -0.00420371 -0.00325894 -0.00258159 -0.00373717 -0.00241699 4.72644e-05 -0.00329046 -0.00326903 -0.00117438 0.000298159 
-0.000303306 -0.000560977 -0.00362043 -0.00124363 -0.00159926 -0.00476925 0.00190045 -0.00349808 -0.00115408 -0.00463784 -0.00848319 0.00446233 0.000429674 -0.00966253 -0.0159182 0.000159043 -0.0134364 0.00208319 -0.0132072 0.000460243 0.247988 -0.00357387 -0.00160225 -0.00236299 -0.00382851 -0.00341666 -0.00976322 6.17037e-05 -0.0122094 -0.00371311 -0.00408996 -0.00287645 0.00173096 -0.0014898 -0.000577311 -0.00083814 -0.00343912 -0.00206792 0.00108279 -0.00342699 -0.00275986 0.000500405 -0.00324865 -0.00404138 -0.0054252 -0.00332267 -0.00149395 -0.00454198 -0.000937372 -0.00101849 -0.00151748 -0.00191155 -0.00220523 0.000573515 -0.00140826 -0.00214565 -0.00428076 -0.00188028 -0.00296323 -0.0020859 -0.00244924 -0.00020565 0.000557553 -6.1124e-05 -0.000878798 -0.00113219 -0.00275848 -0.000921095 -0.00320075 -0.00365849 -0.00350357 -0.00194837 -0.00348195 -0.000593163 -0.00221079 -0.00409509 -0.00160516 -0.000335001 0.00290784 -0.00075882 -0.00120802 0.000834177 -0.00288211 -0.0035719 0.000985096 -0.00423626 -0.00332175 -0.00169899 -0.00395305 -0.00195867 -0.00340614 -0.00191502 -0.00101557 -0.00271848 -0.00154044 -0.00218107 -0.00230267 -0.00357384 -0.00144923 -0.00142835 
-0.00169214 -0.00135539 -0.0043795 -0.00175786 -0.00358376 -0.00337704 -0.00427655 -0.00462106 -0.00202651 -0.00463563 0.000962019 -0.00453808 -0.00580149 -0.00324936 -0.00585251 -0.00816283 -0.00836862 -0.00128821 -0.00517866 -0.00658684 -0.00357387 0.246009 0.0032089 -0.00159871 -0.00387638 -0.00336028 -0.00249941 -0.00163293 -0.00396385 -0.00816795 -0.00234102 -0.00403496 -0.00205999 -0.00454839 -0.00121122 -0.00197384 -0.00145592 -0.00291202 -0.00113615 -0.000172973 0.000723042 -0.00417668 -0.00196514 -0.00460309 -0.000526545 -0.0018066 -0.00265054 -0.00230614 -0.00159389 -0.00179565 -0.0012089 -0.00177914 -0.00232076 -0.00347284 -0.000175628 -0.000269841 -0.00298986 -0.00122966 -0.000288166 -0.00249298 -0.00148341 -0.0006256 -0.00211432 -0.00150724 -0.000266377 -0.00409588 -0.000894377 -0.00228284 -0.00157178 -0.00190901 -0.0024174 -0.0036687 -0.00175923 -0.00168314 -0.00218934 -0.00232599 -0.00183197 -0.00385881 -0.00127374 -0.0027395 -0.00302189 -0.00131102 -0.00306439 -0.00240193 -0.00290873 -0.00208935 -0.00111059 -0.000807265 -0.00162172 -0.00239824 -0.00218984 -0.00166969 -0.000961229 -0.00116187 -0.00217693 -0.00240347 -0.00312695 -0.001869 -0.0022413 -0.00296476 
-0.00252566 -0.0042463 -0.000264026 -0.00326075 -0.0017937 -0.00662642 0.000317914 -0.0033917 -0.00153503 -0.00317603 -0.00473123 -0.00716892 -0.00770799 -0.00894555 -0.00741825 -0.00821369 -0.000383403 7.46887e-05 0.00302563 0.000890121 -0.00160225 0.0032089 0.249601 -0.0123302 0.00103245 0.00425689 -0.00859416 -0.00182629 -0.00399152 -0.00589602 -0.00239404 -0.00175796 -0.00173145 -0.00112481 -0.000754706 -0.00509013 -0.00197135 -0.00390007 -0.00492347 -0.00332316 -0.00220905 -0.00129554 -0.00162193 -0.00301549 -0.00178682 -0.00130923 -0.00312669 -0.00189118 -0.00172149 -0.00221473 -0.00286335 -0.00021686 -0.00293617 -0.00195885 -0.00154061 -0.00215519 -0.00351597 -0.00221966 -0.00229048 -0.00358428 -0.00278904 0.000879736 -0.00123171 -0.00166048 -0.00242792 -0.00160387 0.000650288 -0.00187835 -0.000604567 -0.00449022 -0.00201384 -0.00283125 -0.00171695 -0.00308354 -0.00426614 -0.00268195 -0.00377913 -0.00319533 -0.00233175 -0.00394098 -0.00386653 -0.00541713 -0.000381158 -4.95822e-06 -0.0024661 -0.0021253 0.000458579 -0.00267746 -0.00138905 -0.00324578 -0.00287511 -0.00125563 -0.00152264 -0.00119629 -0.00215058 -0.00048256 -0.00354667 -0.00383032 -0.00229062 -0.00107119 
-0.00288546 -0.00152985 -0.00126646 -0.00136304 -0.00400215 -0.00165845 -0.00285074 -0.000627153 -0.00419094 0.000356339 -0.00343327 -0.00127871 -0.000721562 -0.00750345 -0.00547385 0.00072115 -0.00515075 -0.000756618 -0.00712227 -0.00210017 -0.00236299 -0.00159871 -0.0123302 0.245619 -0.00537623 -0.00197858 -0.00443578 0.000567148 -0.00336102 -0.00393988 -0.00223222 -0.00363398 -0.00306764 0.00139937 -0.00339085 -0.00272505 -0.00449121 -0.000811068 -0.00103603 0.00152439 -0.00380238 -0.00234961 -0.00121213 0.00062821 -0.00105809 -0.00477232 -0.00542176 -0.00274819 -0.000467143 -0.00201593 -0.0040183 -0.00430919 -0.00278443 -0.00334072 -0.00128616 -0.00205404 0.000104082 -0.00492312 -0.000567332 -0.00234278 -0.00228131 -0.00488615 -0.00371234 -0.000479672 6.84744e-05 -0.000908902 -0.00114698 -0.00326421 -0.00267974 -0.00174694 -0.00220042 -0.00107279 -0.00258733 -0.0038475 -0.00307607 -0.00175006 -0.000251587 -0.00220912 -0.00117618 -0.00383607 -0.00208187 -0.00174648 -0.00164774 -0.00122851 -0.00383705 -0.00228696 -0.00342837 -0.00209422 -0.00202456 0.000886973 -0.000968731 -0.00184083 -0.00315041 -0.00303665 -0.0036559 -0.00422023 -0.00294566 -0.00419852 0.000378669 -0.00458746 
-0.00126718 -0.00435273 -0.00235585 -0.00109233 -0.000820531 -0.00207853 -0.000972301 -0.0032504 -0.00324309 -0.00142705 -0.003396 -0.00517732 -0.00546975 -0.00693202 -0.00248949 -0.0105682 -0.00378702 -0.0109219 -0.000403624 0.00200834 -0.00382851 -0.00387638 0.00103245 -0.00537623 0.245597 0.00295557 -0.00478024 -0.00412164 -0.00732638 -0.0114424 -0.00468448 -0.00656847 -0.00354155 0.000446685 -0.00262688 -0.00215184 -0.00164198 -0.00251832 -0.00406943 -0.00106829 -0.00066382 -0.00247079 -0.00180569 -0.00481495 0.000801729 0.00184393 -0.000550348 -0.0010355 -0.00185548 -0.00388469 -0.000228729 -0.00128723 -0.00064513 -0.00108702 -0.00207451 0.00106765 -0.00370717 -0.00292363 -0.00392893 -0.00350615 -0.00234136 0.00108031 -0.00507901 -0.0016626 -0.00120138 -0.00168262 -0.00228638 -0.00220128 -0.00263215 -0.00313308 -0.00472303 -0.00110023 -0.00300045 -0.000810119 -0.000999422 -0.00274788 -0.000385603 -0.00091993 -0.00314628 -0.00309779 -0.00163367 -0.00186621 0.000702514 0.000295981 -0.00194663 -0.00300583 -0.00304016 -0.00382037 -0.00163214 -0.00282207 -0.00526987 -0.00097642 0.000554033 -0.00174849 -0.00049824 -0.00119162 -0.000903553 -0.00151219 -0.00430353 -0.00296668 
-0.00480828 -0.00340973 -0.0022578 -0.00268883 -0.00166604 -0.000638702 -0.000280084 -0.00538356 -0.0044431 -0.00456132 -0.00478748 0.000512637 -0.00192403 -0.00411211 -0.00613489 -0.0124316 -0.000810263 -0.010049 -0.00659214 -0.00613969 -0.00341666 -0.00336028 0.00425689 -0.00197858 0.00295557 0.244438 -0.00340461 0.000792492 -0.00444698 -0.00337299 -0.00788502 -0.00633803 -0.00495743 -0.00222551 -0.00538439 -0.00263938 -0.00320043 0.000353723 -0.00513484 -0.00424978 -0.00132658 -0.00255916 -0.00287237 -0.00273139 -0.00227183 -0.00151242 -0.00110944 -0.00243614 0.00132231 -0.00290416 -0.0023755 -0.00299332 -0.0034992 -0.00172303 -0.000424761 -0.000861458 -0.00120026 0.000336209 -0.000485651 -0.00286606 -0.00154891 -0.00283443 -0.0043835 -0.00223725 -0.00425294 -0.00305408 -0.00533839 -0.000163454 -0.00192445 -0.00174233 -0.000201467 -0.000270652 0.0020849 -0.00289312 -0.00129117 -0.00130285 -0.00168286 -0.000210627 -0.00359539 -0.00361685 -0.0012171 -0.000449597 -0.00310242 -0.001898 -0.0015173 -0.00190685 -0.00295984 0.00134255 -0.00131781 0.0013559 -0.00101543 -0.005062 -0.000418081 -0.000727416 -0.00346424 -0.00458033 0.000804232 -0.00167247 -0.00317239 -0.00226357 
0.00113821 0.00134282 -0.00234659 -0.0028893 -0.00290926 -0.00205893 -0.00120432 -0.00144242 -0.00319264 -0.00455813 -0.00189605 -0.00553364 -0.00294145 -0.00366874 0.00194002 -0.00753612 -0.0020215 -0.00726768 -0.00135069 -0.00639231 -0.00976322 -0.00249941 -0.00859416 -0.00443578 -0.00478024 -0.00340461 0.216899 -0.00402299 -0.00483788 -0.00158431 -0.0033625 0.000494857 -0.00411559 -0.00663702 -0.00154026 -0.00478972 0.000268333 -0.00143048 -0.000278783 -0.000923037 -0.00195346 -0.00188241 0.000553624 0.00117862 -8.33817e-05 -0.000337496 -0.000666751 -0.00316438 -0.00340772 -0.00057306 -0.00118504 -0.00386674 -0.0024449 -0.000886216 0.000278156 -0.000405454 0.000310395 -0.00180916 -0.000752175 -0.000633146 0.000418511 -0.00297143 -0.00126178 -0.00241153 -0.00200289 -0.00109206 -0.00230405 -0.00110386 -0.0033395 -0.000682701 0.000832072 -0.0013022 -0.00189067 -0.00205452 -0.000526068 -0.00100359 -0.000735971 -0.00156404 -0.00219717 -0.00130428 -0.00312285 -0.00114044 -0.00456022 -0.00372325 -0.00142274 -0.00221357 -0.00337197 -0.00255528 -0.00311254 -0.000794906 -0.00108051 -0.00122251 -0.00237284 -0.00232019 0.000253193 -0.00309414 -0.00296719 -0.00158861 -0.00240649 -0.00282847 
-0.00253416 0.00117233 -0.000690718 -0.00109182 -0.0018351 -0.00217782 -0.00250872 -0.00575167 -0.00465613 7.3765e-05 -0.0052595 -0.00416016 -0.00270163 -0.00486135 -0.0032486 -0.0104489 -0.00690922 -0.00971751 -0.00919451 -0.000686762 6.17037e-05 -0.00163293 -0.00182629 0.000567148 -0.00412164 0.000792492 -0.00402299 0.206812 -0.00351128 0.000659675 -0.00701406 -0.00331573 -0.00354351 -0.00170374 -0.00343296 -0.00212461 -0.00147658 -0.00184691 -0.000232708 -0.000813416 -0.00141565 -0.0023257 -0.00218124 -0.00126867 -0.00100887 -0.00176198 -0.00294789 -0.00269874 -0.00323394 -0.0015078 -0.00405404 -0.001323 -0.00244452 -0.00164707 -0.000615818 -0.00199915 -0.00293145 -0.00154896 -0.00242122 -0.00160278 -0.00056657 -0.000571892 0.000458492 -0.00276813 -0.00211772 0.000434999 -0.00235326 -0.00240104 -0.0020991 -0.00118875 -0.00162292 0.000907998 -0.00106602 -0.00277583 -0.00157377 0.000978173 -0.000577349 -0.000119777 0.000853054 -0.00114092 5.76651e-05 -0.00379416 -0.0020968 -0.00183565 -0.00148623 -0.00176931 -0.00102667 -0.0029369 -0.001167 -0.00146609 -0.00247967 -0.00178557 0.0010414 -0.000317831 -0.00203897 0.000433744 -0.00105288 -0.00371405 -0.00128632 -0.00211505 
-0.00133901 -0.000766685 -0.00303536 -0.00343401 -0.0031252 -0.00215941 -0.00272757 -0.00290789 -0.00252745 5.87582e-05 -0.00470917 -0.00353546 -0.0038772 -0.00225532 -0.0038827 -0.00412492 -0.00323262 -0.0062245 -0.00335865 -0.00511654 -0.0122094 -0.00396385 -0.00399152 -0.00336102 -0.00732638 -0.00444698 -0.00483788 -0.00351128 0.200713 -0.00257227 -0.000673641 -0.0021369 -0.000777604 0.00200964 -0.00258921 -0.000585327 -0.00105254 -0.00220819 -0.00324366 -0.00168292 -0.000932126 -0.00111666 -0.00357627 -0.00217221 -0.000262743 -0.00084283 0.000415033 -0.000954098 0.000323811 -0.0023611 -0.00223172 -0.0020214 -0.00156143 -0.000985929 -0.00215219 -0.00201968 0.000467346 0.000870281 -0.00259991 -0.00183248 -0.000723046 0.00146749 -0.00215327 -0.000912033 -0.00232079 -0.00102443 -0.00170705 -0.000957703 -0.00175275 -0.000809343 -0.00255105 0.000172424 -0.0020254 -0.0018253 -0.00393748 -0.00143037 -0.000973399 -0.0014915 -0.000839218 -0.00186428 -0.000301145 -0.00158303 -0.00197399 -0.00151691 -0.000172688 -0.00244561 -0.00253221 -0.00116908 -0.00109501 -0.00106872 0.000873792 -0.00196252 -0.00029123 -0.00327573 -0.00045473 -0.00032753 -0.000770646 -0.00192924 -0.00249863 -0.00157139 
-0.00183628 -0.00031057 -0.00109041 -0.00221652 -0.00115041 -0.00157878 -0.00149955 0.000249829 -0.00286439 0.000771493 -0.00124647 -0.0046464 -0.00398849 -0.0024452 -0.00534338 -0.0046145 -0.0028728 -0.00350272 -0.00389126 -0.00513003 -0.00371311 -0.00816795 -0.00589602 -0.00393988 -0.0114424 -0.00337299 -0.00158431 0.000659675 -0.00257227 0.161144 0.00226036 -0.00356067 -0.00109725 -0.00129532 -0.00141919 0.000344985 -0.00102572 0.00121766 -0.00327235 -0.00032876 -0.00104616 -0.00130482 -0.000544275 -0.00393193 -0.000442749 0.000232709 8.43904e-05 -0.00169013 -8.00562e-05 -0.000547116 -0.00169894 -0.00171624 -0.00159312 -0.00190185 -0.00109345 -0.00192133 -0.00102601 -0.00112069 -0.00159961 -0.0016084 -0.000538288 -0.00107993 -0.00029733 -0.000987 -0.00140321 -0.00276695 -0.00308892 -0.00100737 -0.00182394 -0.000679935 -0.000478282 -0.000767232 -0.00185793 -0.00170931 -0.00209664 -0.00053801 -0.000958218 -0.000292993 -0.000451227 0.000474724 -0.00200118 -0.000548844 -0.00122162 -0.00114572 -0.000731935 -0.00079845 -0.000963971 1.88819e-05 -0.000275499 9.75295e-05 -0.000599207 -0.00207357 -0.00254448 -0.000224987 -0.000560498 -1.97556e-05 -0.00122492 2.20737e-05 -0.000656299 -0.0013812 
-0.000435686 -0.00169729 -0.00127898 -0.00203012 -0.00170343 -0.00186779 -0.00250136 -0.000505823 0.00141211 -0.00165344 -0.00162961 -0.00585413 -0.00450977 -0.00196251 -0.00656761 -0.00329246 -0.00493862 -0.00629324 3.01384e-05 -0.00340204 -0.00408996 -0.00234102 -0.00239404 -0.00223222 -0.00468448 -0.00788502 -0.0033625 -0.00701406 -0.000673641 0.00226036 0.144646 0.000445671 -0.000644687 -0.000209744 0.000208917 0.00137449 -0.000523785 -0.00174848 0.000535224 -0.0004966 -0.000829523 -0.000474639 0.000359803 -0.001191 -0.000258938 -0.00254552 -0.00155916 -0.000141839 -0.00184221 -0.00196553 0.000585901 -0.00167071 -0.000997477 -0.00153494 -0.00117512 -0.000427026 9.62222e-05 -0.0012145 -0.000559067 -0.000330718 -0.000502049 -0.000759978 -0.00181357 -0.00197837 -0.000993339 -0.000371453 -0.00282141 -0.000912119 -0.000969449 -0.000971427 -0.00136438 -0.00179744 -0.00099717 -0.00147154 -0.000308014 -0.00201896 -8.88555e-05 -0.00114266 -0.00263072 -0.000458612 -0.000165804 -0.00164537 0.000310586 -0.00131939 -0.000860557 -0.000801022 -0.000904524 -0.00133715 -0.000554636 -0.00047786 -0.000476052 -0.00101922 -0.00152181 -0.00137339 0.000667752 -0.00157212 -0.000964671 -0.0012602 -0.00128625 -0.00187934 
2.44297e-05 -0.00116208 -0.000291624 -0.000163096 -0.0017582 -0.00133414 -0.0020726 -0.000868015 -0.00134054 -0.00221465 -0.00108282 -0.000638067 0.000236264 -0.001051 -0.00395408 -0.00512812 -0.00285244 -0.00268802 -0.00274034 -0.00494007 -0.00287645 -0.00403496 -0.00175796 -0.00363398 -0.00656847 -0.00633803 0.000494857 -0.00331573 -0.0021369 -0.00356067 0.000445671 0.126042 0.0013519 -0.00121369 -0.00136789 -0.000215244 -0.000865431 -0.000750561 -0.00171429 -0.0014756 -0.00132816 -0.0022394 -0.000375721 -0.000414392 -0.000758446 -0.00160451 0.000199821 -0.000626238 -0.00115543 0.000361359 -0.00143402 -0.00103481 0.000231963 -0.00105024 -0.00134676 -0.00140643 -0.00139215 -0.00142497 -0.000962055 9.7733e-05 -0.000550349 -0.00175666 -0.00115284 -0.00149058 -0.000432798 -0.000526158 0.000500996 8.39312e-05 -0.00129278 -0.00143659 -0.000959407 0.00018416 -0.000992989 -0.000819949 -0.000100479 -0.00218548 1.57965e-05 -0.000466464 0.000209212 -0.00130234 0.000176427 -0.00101954 -0.00091977 -0.00072109 -0.000935825 -0.0010767 -0.000738334 -0.00148754 -0.00238584 -0.00118406 -0.000128674 -0.000102228 -0.000908724 -0.000658968 -0.000657759 -0.00114662 -0.000146196 -0.00172133 -0.00231872 -0.000273593 
-0.000318669 -0.00204604 -0.000721636 -0.000742335 -0.00112594 0.000163551 -0.00200609 -0.00116943 -0.00254114 -0.00149455 -0.00144411 -0.001771 -0.00423944 -0.00143393 -0.00391278 -0.00207375 -0.00608891 -0.00492205 -0.00266305 -0.00271471 0.00173096 -0.00205999 -0.00173145 -0.00306764 -0.00354155 -0.00495743 -0.00411559 -0.00354351 -0.000777604 -0.00109725 -0.000644687 0.0013519 0.132744 -0.000600556 0.00157085 -0.00211622 -0.000716234 -0.00110591 0.000466132 -0.000777914 -0.00125292 -0.00147451 -0.000503986 -0.00107624 -0.00175957 -0.00125846 -0.000674944 -0.00176181 -0.00220584 -0.000664346 -0.00104583 -0.00233518 -0.00149881 -0.00182313 -0.000748632 -0.000693659 -0.00263337 -0.00108354 -0.00165317 -0.000181388 5.06668e-05 -0.000402612 -0.00244956 -0.0019607 -0.0011722 0.000161568 -0.000300662 -0.000662849 -0.000788764 -0.00107091 -0.000451429 -0.00127157 -0.00144826 -0.00120124 -0.00107957 -0.00231883 -0.000510884 -0.000957435 -0.00138465 -0.000682538 -0.000309225 -0.00119759 -0.00153222 -0.000660329 -0.00200508 -0.00164543 -0.00155057 -0.000339633 -0.00016912 -0.00103653 -0.00247802 -0.000429526 0.00071086 -0.000110392 -0.00154707 -0.00106652 -0.000209055 -0.000987025 -0.000683665 -0.000266338 
