0.0830846 -2.56129e-05 -0.000787398 -2.7163e-05 0.00010274 -0.00136443 -0.00112657 -0.000228859 -0.000652302 -0.00125709 -0.00100955 -0.0023443 -0.00176327 -0.00139582 -0.00242926 -0.0022975 -0.000854465 -0.00282711 -0.00348792 -0.00241724 -0.00287766 -0.00118574 -0.00211245 -0.00210094 -0.0018022 -0.00251173 -0.00268564 -0.00202134 -0.00295836 -0.00371396 0.000341382 -0.00123478 -0.0012744 -0.00107295 -0.000916166 -0.000585257 -0.000940869 -0.00138114 -0.000615773 -0.000819197 -0.000450891 0.000297465 -0.000493617 -0.000303012 -0.000373056 -0.000830988 -0.000177414 -0.000744418 -9.07865e-05 -0.000830691 -0.000889989 -0.000658536 -0.000869025 -0.00010277 -0.00011431 -0.000802511 0.000718352 -0.000727687 -0.000920747 0.000644942 0.000453264 -0.000187632 -0.000298084 -0.000505743 -0.000456447 0.000518323 -0.000574594 -8.86833e-05 -0.000533009 -0.000727063 -0.000756665 -0.000147334 -0.00048937 -0.000970916 -0.0016506 -0.000754864 -0.00013051 -0.000458528 1.70631e-06 -0.000547497 -0.00041772 -0.000765545 2.22003e-05 -0.000642778 -0.000537107 -0.000850307 7.23498e-05 -0.000767513 -7.75319e-05 -0.000517869 -0.000208667 -0.000590228 -0.000477949 2.96827e-05 -0.000471217 -0.000783989 -0.000584555 -0.000202304 -7.02113e-05 -0.000557111 
-2.56129e-05 0.0943979 0.000114916 -0.000599488 -0.000262646 -0.00179105 -0.00179459 -0.000963416 -4.30297e-05 -0.00105876 -0.00181303 8.95112e-06 -0.00289562 -0.00145993 -0.00193202 -0.00206546 -0.00364523 -0.00309859 -0.00452009 -0.0010205 -0.0029386 -0.000101729 -0.000476128 -0.00309041 -0.00194344 -0.000432553 -0.00177824 -0.00171048 -0.00117307 0.000496632 -0.00202475 -0.000334365 -0.000589296 -0.0011254 -0.00115278 -0.000800449 -0.00106792 -0.000203011 -0.0014521 -0.00018514 -0.000897326 -0.000775575 -0.000443751 -0.000430818 -0.00173423 0.000268227 -0.000665037 -0.000378902 -0.000325829 -0.00107844 -0.000245121 -0.000454447 -0.000668217 -0.000753658 -8.19315e-05 0.000472079 -0.000347064 -0.00150168 -0.00108379 -0.000802572 -0.00115689 -0.000863771 -0.00120823 -0.00101406 -0.00148477 -0.00106997 -0.000488802 -0.000781293 -0.00078529 -0.00163005 -0.00041701 -0.000117011 -0.00104959 -0.000965362 -0.000899564 -0.00148555 -0.000952997 -0.00122123 -0.00123474 -0.000518072 -0.00176201 -0.000589377 -0.00151743 -0.000407608 4.66118e-05 -0.00157813 -0.00101387 -0.00128168 -0.00147271 -0.00134969 0.000290381 -0.000524161 -0.000474364 -0.000448074 -9.58972e-05 -0.000561001 -8.17182e-05 -0.000802203 0.00073425 0.000711499 
-0.000787398 0.000114916 0.089034 -0.000105545 0.000903423 0.000715293 -0.000755416 -0.000458835 -0.00177619 -0.00069021 -2.2552e-05 -0.00151625 -0.00107937 -0.00286741 0.00133998 -0.001851 -0.00128425 -0.00405376 -0.00438937 -0.000640452 -0.0011552 -0.00184653 -0.000358444 -0.00217179 -0.00204891 -0.0040955 -0.00323875 -0.00301921 0.000971335 -0.00319142 -0.00122265 -0.0016217 -0.000739392 -0.00184677 -0.000862358 -0.000723878 -0.00150072 0.000157618 -0.00022833 -0.00151712 -0.000323523 -0.00100138 0.00024879 -0.000237433 -8.87625e-05 -0.000773939 -0.000482893 -0.00114116 -0.000583834 -0.000496337 -0.000444882 -0.00059728 -0.00080236 -0.000801124 -0.000803237 -0.000403456 -0.000710914 -0.000857276 -0.000875328 -0.00035105 0.000227373 -0.000544989 -0.00132302 -0.00145853 -0.000837734 -0.000340968 -0.000901728 -0.00054581 -0.00118148 -0.00151634 -0.000599948 -0.000424275 -0.000439759 -0.00083895 -0.00042862 -0.00127906 -0.00154558 -0.000879181 -0.000501808 -0.000688155 -0.00192377 -0.000531336 -0.00038102 -0.00070502 0.000161188 -0.000772126 -0.00070839 -0.00128856 -0.000978562 -0.000777481 -2.02446e-06 -0.000118242 -0.000853872 -0.000135018 -0.000906042 6.72477e-05 -0.00112913 -0.000509337 -0.000199141 -0.000303306 
-2.7163e-05 -0.000599488 -0.000105545 0.0780894 -0.00112681 -0.000960601 -0.00115666 0.000472014 -0.000334264 -0.00193413 -0.00162852 -0.000367966 -0.00203257 -0.00279742 -0.00121652 -0.00175924 0.000183105 -0.00414785 -0.000674871 -0.0010549 -0.00263325 -0.00385554 -0.00294065 8.47303e-05 -0.000943006 -1.30594e-05 -0.00361781 -0.000598043 -0.001199 -0.00193719 -0.0002313 2.69471e-05 -0.00123874 -0.00116783 -0.000630699 -0.00105428 -0.00166617 -0.00102995 -0.000742803 -0.000658779 -0.000724112 -0.000683669 -0.000496297 -0.00115499 -0.000642594 -0.00114796 -0.000449014 -0.000797249 0.000120946 -0.0010659 -0.000801949 -0.000247173 -0.000564574 0.000173912 -0.000302877 -0.000351887 0.000167645 -0.000532461 -0.00085358 -0.000216856 -0.000360676 -0.00012083 -0.000552489 -0.000573547 -0.0016889 0.000218492 -0.00148413 -0.000287224 -0.000789359 -0.000319201 -0.00061325 -0.000479723 0.000290467 -0.000910267 -0.000491506 -0.000446005 -0.000321902 -0.000910735 -0.000774319 -0.000243734 -0.00141986 -0.000540592 -0.000880226 -0.000293193 -0.000382967 -0.000448232 -0.000256166 -4.64451e-05 -0.000541168 -0.000223101 -0.000366004 -0.000560328 -7.44053e-05 -0.000156037 -0.00057551 -0.0016176 0.00043393 -0.000351053 -0.000513395 -0.000531689 
0.00010274 -0.000262646 0.000903423 -0.00112681 0.08268 -0.000838967 -0.000689539 -0.000293612 -0.00209211 -0.00024059 -0.00011896 -0.00226838 -0.00100983 -0.00229294 -0.0037387 -0.00159805 -0.000732925 -0.000136767 -0.000342402 -0.00230121 -0.00423628 -0.00114518 -0.00212812 -0.0050396 -0.00194458 -0.00300739 -0.00396205 -0.00359735 -0.00177203 -0.0011791 -0.0019562 -0.00168605 1.79231e-05 -0.00122634 -0.00101886 -0.000684929 -0.00124128 -0.000136547 0.000233337 -0.000585437 -0.000822831 -0.00067474 -0.000368425 -0.000373543 -0.000267391 -0.00103104 -0.000607174 0.000461225 -0.000538274 -0.00110443 -0.000768593 -0.000184496 -0.000705874 -0.00066344 -0.000256581 -0.000673493 -0.000245622 -0.000677485 -0.000139793 -0.000268998 -0.00063264 -0.000112407 -0.00049564 -0.00015087 -0.0012316 4.39768e-05 -0.000436289 -7.45707e-05 -0.000525384 0.000408491 -0.000372919 -0.000294567 -0.000732594 -0.000707697 -0.000166474 -0.000688202 -0.00123958 -4.06323e-05 0.000468397 -7.29983e-06 -0.00079226 -0.00135198 -0.000497074 -0.00119236 -0.000738883 -0.000397 -0.0010772 -0.000462039 -0.000777259 -0.00020793 -0.000205785 -0.000501794 -0.000286873 -0.000133545 0.000494816 -0.000503194 -0.000504777 0.000346733 -0.000898024 -0.000719752 
-0.00136443 -0.00179105 0.000715293 -0.000960601 -0.000838967 0.0963185 -5.39512e-05 -0.000958152 -0.000939433 -0.000480747 0.000605623 -0.00132542 -0.00323273 -0.00279336 -0.00406258 -0.00284161 -0.00221255 -0.00326239 -0.000638059 -0.00539535 -0.00369201 -0.00288293 -0.00086369 -0.0014441 -0.000725357 -0.00537919 -0.00585135 -0.00191824 -0.00227834 -0.00175612 0.00102831 -0.00117899 -0.00198711 -0.000452444 -0.00124913 -0.000644196 -6.28656e-05 -0.00178613 -0.000361703 -0.000993756 -0.000556 -0.000682356 -5.18214e-06 0.000169367 0.000429123 -0.000375715 -0.000353125 -0.000553582 -0.000873011 -0.00135451 -0.000644936 -0.000369784 -0.000843555 6.82736e-06 -0.000619711 -0.000101722 -0.000417126 -0.00113423 -2.05062e-05 -0.000997249 -0.000432406 -0.00090381 -1.62008e-06 -0.00154093 -0.000873233 -1.23526e-05 -0.000695173 -0.000601151 -0.000472342 -0.000529624 -0.000485836 0.000211638 4.48606e-05 -0.000343541 -0.000504107 0.000644771 -0.000822621 -0.00079896 -0.000711934 0.000401642 -0.00119001 -0.000750072 -0.00136192 -0.000676892 -0.000262267 0.00030101 -0.000412424 -0.000720707 -0.000234987 -0.000914309 -0.00104423 -0.000577548 -0.000861425 -0.000429681 -0.000841034 -0.000891527 -0.000837766 -0.000341047 -2.9473e-05 -0.000208696 
-0.00112657 -0.00179459 -0.000755416 -0.00115666 -0.000689539 -5.39512e-05 0.11466 -0.00030629 -0.000165365 -0.000279621 0.00026244 -0.00196455 -0.000238217 0.000250642 -0.00855923 -0.00242991 0.000451346 -0.00122477 -0.00385369 -0.00262707 -0.00162067 -0.00388478 -0.000789121 0.000449219 -0.00721701 0.000111515 -0.00269608 -0.0035594 -0.00216782 -0.00313976 -0.00117342 -0.00317784 -0.000668941 -0.000388031 -0.000707514 -0.00134559 -0.00154709 -0.000875065 -0.00197373 -0.000501665 -0.00155812 -0.000579625 -0.000452351 -0.000807582 -0.000674252 -0.00171165 -0.000464004 -0.00133942 -0.00156117 -0.000444175 -0.00240056 -0.000923248 -0.00142822 -0.0011702 -0.00128231 -4.48896e-05 -0.000656696 -0.000411251 -0.000992641 -0.000835058 -0.00136634 -0.000858138 -0.00132053 -4.8266e-06 -0.00150219 -0.00125345 -0.00138959 -0.000390555 -0.00138498 -0.00130882 -0.00028208 -0.000234447 -0.000888691 -0.000483107 -0.00110837 0.000356597 -0.00163485 0.000164762 -7.6642e-05 -0.000316984 -0.0011374 -0.00104238 -0.00159475 -0.000837033 -0.000218303 -0.00146258 5.33359e-05 -0.00146182 -0.00096952 0.000220077 -0.000179764 -0.000269812 -0.000905848 -0.000927766 -0.00177235 -0.00167188 -0.000817197 -0.000345225 -0.000187299 -0.000977975 
-0.000228859 -0.000963416 -0.000458835 0.000472014 -0.000293612 -0.000958152 -0.00030629 0.126721 -0.00159149 -0.000987016 -0.00326495 -0.000306785 -0.00195347 -0.00544017 -7.47625e-05 0.00047929 -0.0054208 -0.0059876 -0.00103431 -0.000418714 -0.00224983 0.000221976 0.000732914 -0.00588735 -0.00302046 -0.0020787 -0.00601068 -0.00227061 -0.00108652 -0.000592074 -0.00300946 -0.00187809 -0.00107862 -0.00119108 -0.000147576 -2.68556e-05 0.00122653 -0.00301712 -0.00225992 -0.00169057 -0.00066184 -0.00137123 -0.000185581 5.34304e-06 -0.00142096 -0.000363356 -0.00153919 -0.000791892 -0.000404464 -0.00125219 -0.00157449 -0.000223943 -0.00171933 -0.000947863 -0.000724452 -0.00114277 -0.00182911 -0.0017196 0.000420794 -0.00012828 -0.00016006 -0.000976029 -0.00069551 -0.00141465 -0.0017128 -0.000355225 -0.0010482 -0.00038797 3.92124e-06 -0.000900379 -0.00102417 -0.001392 -0.00218488 -0.0014632 0.00060272 -0.00186131 -0.00163831 -0.00084613 -0.000761721 -0.00207511 -0.00300544 -0.00116897 -0.00142384 -0.000511505 -9.23418e-05 -0.000577681 -0.00133353 -0.00251639 0.000375379 -0.00244271 -0.00198008 -0.00210648 -0.000806608 -0.00141751 -0.00173568 -0.000199408 -0.00029506 -0.000789675 -0.00122861 -0.00154701 
-0.000652302 -4.30297e-05 -0.00177619 -0.000334264 -0.00209211 -0.000939433 -0.000165365 -0.00159149 0.135486 -0.000181908 -0.00094998 0.00162 0.00199669 0.00185364 -0.00396252 -0.00375201 -0.00215511 -0.00056359 -0.00390437 -0.00563065 -0.00227862 -0.00353423 -0.00488717 -0.00431672 -0.00466588 -0.00438856 -0.00208275 -0.00269503 -0.00110676 -0.00357728 -0.00305237 -0.00163303 -0.00113015 -0.00191455 -0.0021619 -0.00188293 -0.0015019 0.000900816 -0.00237393 -0.0013809 -0.000508993 -0.00189847 -0.00096158 -0.000598439 -0.00231189 -0.00162863 0.000195059 0.000286528 -0.000310131 -0.00125258 -0.00100418 0.00104564 -0.000859129 -0.0011865 -0.000956937 -0.0016815 -0.00200145 -0.00213921 -0.000535964 -0.000490763 -0.00167717 -0.00129309 -0.00229385 -0.00179212 -0.000600463 2.02921e-05 -0.000821439 -0.000208374 0.000153443 -0.00112469 -0.000677718 -0.000387481 -0.00163231 0.000135787 -0.00251914 -0.00104513 -0.00152436 -0.00124237 -0.000869787 -0.00117953 -0.00160799 -0.000227422 -0.0031117 -0.00151472 -0.000982857 -0.000990833 0.000447149 -0.00143393 -0.00103382 -0.0016687 -0.00157914 -0.000692802 -0.00149688 -0.000815571 -0.00172245 -0.000434375 -0.00133192 0.000173929 -0.00111217 -0.00208368 
-0.00125709 -0.00105876 -0.00069021 -0.00193413 -0.00024059 -0.000480747 -0.000279621 -0.000987016 -0.000181908 0.122714 0.00078859 -0.00243269 -0.000178794 -0.00226558 -0.00445451 -0.00242605 -0.00309531 -0.00328654 -0.00258819 -0.00368802 -0.000328686 -0.00352318 -0.000959762 -0.00402492 -0.00202428 -0.0027906 -0.00161331 -0.00248673 -0.00333381 -0.00335664 -0.0038958 -0.00139965 -5.81648e-05 -0.00145562 -0.000795748 -0.0010155 -0.00090324 -0.00145143 -0.00109032 -0.000933764 -0.000776429 -0.0016076 -0.00187974 -0.000437211 -0.00155666 -0.00152336 -0.000914061 -0.000955779 -0.00108476 -0.000152866 -0.0014167 3.36308e-05 -0.000153611 -0.000956434 -0.000984855 -0.00165256 -0.00163787 0.000561795 -0.00138801 -0.00126259 -0.00130159 -0.00100639 8.557e-05 -0.0017296 -0.00238217 -0.000207867 -0.00128558 -0.000761225 -0.000425465 -0.000638695 -0.000716386 -0.00029242 0.000597152 -0.00190243 -0.000437336 -0.000621267 -0.00120533 -0.000490537 -0.000326704 -0.000379175 2.68087e-05 -0.00104873 -0.00157445 -0.000758544 -0.00144113 -0.00194178 -0.00106986 -0.000375005 -0.00129413 -0.00208883 -0.000920688 -0.000421416 -0.00122643 -0.00122754 -0.00118939 -0.00207501 -0.000729419 -0.000249885 -0.000169606 0.000412586 
-0.00100955 -0.00181303 -2.2552e-05 -0.00162852 -0.00011896 0.000605623 0.00026244 -0.00326495 -0.00094998 0.00078859 0.150361 0.000118502 -0.00210064 -0.000197655 -0.00887374 -0.00295191 -0.0050589 -0.000104053 -0.00298336 0.000904967 -0.00311639 -0.00656231 -0.00409745 -0.00381331 -0.00615621 -0.000195267 -0.0075148 -0.00384459 -0.00562579 -0.00160941 0.00018908 -0.00141521 -0.0014431 -0.00189329 -0.00142543 -0.000884765 -0.000835801 -0.00118994 -0.00149286 -0.00113478 -0.00089689 -0.0026235 -0.000636037 -0.00186761 -0.00187177 -0.00105615 -0.000657906 -0.000985967 -0.000846232 -0.00189818 -0.0001684 -0.000997179 -0.000912255 -0.00146726 0.000734716 -0.00103992 -0.00129128 -0.000733576 -0.00152686 -0.00269337 -0.000830153 -0.000547436 -0.00193772 6.03783e-05 -0.0039141 -0.00219569 0.000250279 -0.000865127 -1.37112e-05 -0.00161751 -0.00140816 -0.0006301 -0.000280368 -0.00121352 -0.00107669 -0.000720468 -0.000159771 -0.000244299 -0.00121021 -0.00207558 -0.0013686 -0.00133424 -0.00147716 -0.000532515 -0.0022101 -0.00358937 2.31261e-05 -0.00122739 -0.00148532 -0.000777995 -0.00196885 -0.00124254 -0.0020555 -0.000574122 -0.000300492 -0.000919924 -0.000970202 -0.000788642 -0.000492187 -0.00054406 
-0.0023443 8.95112e-06 -0.00151625 -0.000367966 -0.00226838 -0.00132542 -0.00196455 -0.000306785 0.00162 -0.00243269 0.000118502 0.166586 -0.0053455 -0.00239102 0.00101194 -0.00479269 -0.00342257 -0.00154955 -0.005434 0.000240256 -0.00900847 -0.00987496 -0.0033368 -0.00391693 -0.00383824 -0.00351488 0.00274922 -0.00575447 -0.00302572 0.000693641 -0.00366921 -0.00049178 -0.00264157 -0.000995534 -0.00116146 -0.00141424 -0.00203887 -0.00176147 -0.000349595 -0.00190742 -0.00188787 -0.00213638 0.000233208 -0.00050984 -0.00152308 -0.00172727 -0.000231595 -0.000782265 -0.000507331 -0.00214671 -0.00117105 -0.000323272 -0.00143626 -0.00122019 -0.0019223 -0.000312676 -0.00172686 -0.00210263 5.81664e-05 -0.00191182 -0.000790748 -0.000742588 0.000459436 -0.00204052 -0.0017347 -0.00140541 -0.00154291 0.000400981 -0.00206896 -0.0010951 0.0002843 -0.00173836 -0.00147029 -0.00253988 0.000153394 0.0014983 -0.00255142 -0.00115249 -0.00184867 -0.0014532 -0.00364982 -0.00152777 -0.00465138 -0.00164177 -0.00120784 -0.00163924 -0.0030604 -0.00110017 -0.00142711 -0.00180002 -0.00135054 -0.00140195 -0.0013492 -0.00161795 -0.0012627 -0.00135975 -0.000290247 -0.00130463 -0.00113541 -0.0014203 
-0.00176327 -0.00289562 -0.00107937 -0.00203257 -0.00100983 -0.00323273 -0.000238217 -0.00195347 0.00199669 -0.000178794 -0.00210064 -0.0053455 0.188815 -0.00181648 0.00445474 -0.00514888 -0.00431428 0.00103827 -0.00155063 -0.00415973 -0.00494152 -0.0055527 -0.0050857 -0.00694796 -0.00579267 -0.00492246 -0.00537526 -0.00443748 -0.00119564 -0.00285816 -0.00380463 -0.00239032 -0.00119749 0.00129317 -0.00214322 -0.00129797 -0.00332774 -0.00136787 -0.00493321 -0.000672879 -0.00120682 -0.00024281 -0.00109818 -0.00251103 -0.00145778 -0.000903369 -0.00196239 -0.00154957 -0.00212233 -0.00049495 -0.00234457 -0.00215949 -0.00141876 -0.00128858 -0.00273773 -0.00264246 -0.000779538 -0.00278915 -0.00256413 -0.000902797 -0.0016514 -0.00156886 -0.0028394 -0.00161183 -0.000757198 -0.000668792 -0.00121483 9.3436e-05 -0.000320326 -0.00320532 -0.000614488 -0.00150275 0.000563274 -0.00057056 -0.0025158 -0.00109425 -0.000660156 -0.00232092 -0.00104958 -0.000791264 -0.00276113 -0.000924188 0.000188162 -0.00307659 -0.00312779 -0.00178587 -0.00141182 -0.00203008 -0.00144634 -0.00172722 -0.00136744 -0.00201386 -0.000847109 -0.00229752 -0.00167075 -0.000488973 -0.000399091 -0.00207449 -0.00131366 -0.00247972 
-0.00139582 -0.00145993 -0.00286741 -0.00279742 -0.00229294 -0.00279336 0.000250642 -0.00544017 0.00185364 -0.00226558 -0.000197655 -0.00239102 -0.00181648 0.198564 -0.00143333 -0.00295772 -0.000666155 -0.00745922 0.00218632 -0.0107815 -0.0044597 -0.00131681 -0.00735693 -0.0128137 -0.00938009 -0.0030566 0.00383254 -0.00471354 -0.00252532 -0.000838134 -0.00300804 -0.00372577 -0.00226332 -0.00159809 -0.00284575 -0.00144536 -0.00203532 -0.00219369 -0.00389414 -0.0033397 -0.00233126 -0.00119987 -0.00140671 -0.00222189 -0.00233424 -0.00256742 0.000345143 -0.000915578 -0.00291994 -0.00108695 -0.00267204 -0.00274981 0.000847504 -0.00206757 -0.00132247 -0.00332342 -0.00189938 -0.00245532 -0.00325197 -0.00227849 0.000102369 -0.00115284 -0.000387415 -0.00101119 -0.00229224 -0.0026364 -0.0014828 -0.00123431 -0.00039592 -0.000618409 -0.000700769 0.00046766 -0.00117973 0.00159223 -0.000632818 -0.00158653 0.000280965 -0.0015882 -0.00148621 -0.00108202 -0.00117341 -0.00341042 -0.00363011 -0.00189113 0.000167462 -0.00188905 -0.00127334 -0.00115503 -0.00159978 -0.00161144 -0.00166703 -0.000818433 0.00045143 -0.00104696 -0.00119052 -0.00223298 -0.0023711 -0.00147584 -0.000854267 -0.00135353 
-0.00242926 -0.00193202 0.00133998 -0.00121652 -0.0037387 -0.00406258 -0.00855923 -7.47625e-05 -0.00396252 -0.00445451 -0.00887374 0.00101194 0.00445474 -0.00143333 0.22382 -0.000762176 -0.00675676 -0.000729689 0.000246862 -0.00184847 -0.00471778 -0.0106844 -0.00652537 -0.00689762 -0.0010882 -0.00685148 0.00217298 -0.00258634 -3.83328e-05 0.000524694 -0.00331334 -0.00379537 -0.00100253 -0.00204103 -0.00177702 -0.0020449 -0.00170257 -0.00202786 -0.00395602 -0.000611169 -0.000469487 -0.00192369 -0.00328066 -0.00237755 0.000637266 -0.00202055 -0.00327922 -0.0033888 -0.00181332 -0.00368141 -0.00275464 -0.00291088 -0.0020469 -0.00216055 -0.00214826 -0.00259473 -0.000758899 0.000180897 -0.00266824 -0.00423895 -0.00202244 -0.00104015 -0.000539944 0.000393725 -0.00125052 -0.00366335 0.000142866 -0.00239987 1.23778e-05 -0.002817 -0.00187167 -0.000193233 -0.00162797 -0.0018765 -0.00254409 -0.00166109 0.00045339 -0.00124565 -0.00342515 -0.0033031 -0.00266777 -0.00343955 -0.000718451 -0.00177686 -0.00312626 -0.00359223 -0.003236 -0.00454093 0.00133082 -0.00223484 -0.0028843 -0.00300433 -0.00106911 -0.00148174 -0.00335055 -0.00195764 -0.0012035 -0.00151461 -0.00287688 -0.00355279 
-0.0022975 -0.00206546 -0.001851 -0.00175924 -0.00159805 -0.00284161 -0.00242991 0.00047929 -0.00375201 -0.00242605 -0.00295191 -0.00479269 -0.00514888 -0.00295772 -0.000762176 0.23537 -0.000213564 0.000335877 0.00143428 -0.00901253 -0.00695342 -0.0131896 -0.00741553 -0.00985721 -0.00962774 -0.00609068 -0.0058285 -0.00363672 -0.0015311 -0.00721126 -0.00619828 -0.0017153 -0.00195548 -0.00172287 -0.00580442 -0.00108594 -0.0024449 0.00166566 0.0015706 -0.00400216 -0.00344193 0.00111153 -0.00194585 -0.00178369 -0.00265214 -0.000187259 -0.000334295 -0.000951502 -0.0026008 -0.00144616 0.00109246 -0.00293549 -0.000665037 -0.00149183 -0.00237616 -0.00100409 -0.00116753 -0.00233138 -0.00483325 -0.00110531 -0.00148694 -0.000586007 -0.000758402 -0.00115128 -0.00246123 -0.00242145 0.000347984 -0.00179031 -0.00145092 0.000875179 -0.000566066 -0.00138722 -0.0034901 -0.00307024 -0.00321201 -0.00462853 -0.00158707 0.00101241 -0.00368898 -0.000712962 -0.00348193 -0.00245181 -0.000361751 0.000384826 -0.00206783 -0.00271789 -0.00198075 -0.00458849 -0.00190042 -0.00163066 -0.00131371 -0.00150213 -0.00107836 -0.0010702 -0.00155229 -0.000625333 -0.00358122 -0.00104176 -0.00174196 -0.000156348 
-0.000854465 -0.00364523 -0.00128425 0.000183105 -0.000732925 -0.00221255 0.000451346 -0.0054208 -0.00215511 -0.00309531 -0.0050589 -0.00342257 -0.00431428 -0.000666155 -0.00675676 -0.000213564 0.229199 -0.00617188 -0.00188789 -0.00643873 -0.00893947 -0.00953718 -0.00732803 -0.0108087 -0.000221068 -0.00294999 -0.0099736 -0.00271275 -0.00288209 -0.00575516 -0.00601404 -0.000189883 -0.00194037 -0.00209099 -0.00168376 -0.00381724 -0.00253481 -0.00315905 0.000587275 -0.00358159 -0.00278136 -0.00206009 -0.00143549 -0.000130182 -0.000451942 -0.00285039 -0.0017436 0.000281588 -0.00153599 -0.00473608 -0.000597468 -0.00109572 -2.68312e-05 -0.00234045 -0.00225724 -0.00166247 -0.00257538 -0.00340243 -0.00485016 -0.00170899 -0.000739555 -0.00328545 -0.000623389 0.000125737 -0.00175492 -0.000603217 -0.00269163 0.000913527 -0.000581983 -0.00238744 -0.00111525 -0.00196267 -0.00220705 -0.00229494 -0.000121564 -0.00393628 -0.000857867 -0.00178296 -0.00210995 -0.00238016 -0.00238194 -0.00175918 -0.0017339 0.000552999 0.000178645 -0.00279874 -0.000476105 -0.000370474 -0.00153092 -0.000970236 -0.00157092 -0.00023756 -0.000416328 -0.000705159 0.000137703 -0.00194256 0.000109584 -0.00117788 -0.00157125 -0.00294754 
-0.00282711 -0.00309859 -0.00405376 -0.00414785 -0.000136767 -0.00326239 -0.00122477 -0.0059876 -0.00056359 -0.00328654 -0.000104053 -0.00154955 0.00103827 -0.00745922 -0.000729689 0.000335877 -0.00617188 0.249473 -0.0102719 0.00519718 -0.00465053 -0.00205437 -0.00177177 -0.0138195 -0.00571126 -0.00449864 -0.00464439 -0.00575116 -0.00289609 -0.00568687 -0.00661298 -0.00420693 -0.00174755 -0.00275902 -0.00119677 -0.00264042 -0.000842393 -0.00235333 -0.000158241 -0.00436756 -0.000829472 -0.00233007 -0.00626361 -0.00223296 -0.00141361 -0.00131482 -0.00291554 -0.00260685 -0.00267795 -0.00106292 -0.00198261 -0.00223879 -0.000521212 -0.0024138 0.000105069 -0.00318676 -0.00312139 -0.0021689 -0.00128702 -0.00137079 -0.00227043 -0.000538696 -0.00093749 -0.00275128 -0.00144601 -0.00289395 -0.000945317 -0.00388258 -0.00290846 -0.00362976 -0.00162874 -0.00285537 -0.00156346 -0.00189713 -0.00291215 -0.00153925 -0.0027049 -0.00236117 -0.000641559 -0.00291161 -0.00148368 -0.0032261 0.00172285 -0.00296514 -0.00221894 -0.00382366 -0.00235212 -0.00108109 -0.00243893 0.000794792 0.000451536 -0.00200144 0.000282728 -0.000965736 -0.00136667 -0.00505473 -0.00229355 -0.00257145 -0.00332597 -0.00382881 
-0.00348792 -0.00452009 -0.00438937 -0.000674871 -0.000342402 -0.000638059 -0.00385369 -0.00103431 -0.00390437 -0.00258819 -0.00298336 -0.005434 -0.00155063 0.00218632 0.000246862 0.00143428 -0.00188789 -0.0102719 0.249547 -0.00233541 -0.00519062 -0.00351273 -0.00444203 -0.00811415 -0.00544085 -0.00655378 0.00169507 -0.00473415 -0.00882684 -0.00744718 -0.00534876 -0.00136806 -0.0061733 -0.00162123 -0.0049255 -0.00117524 -0.00321993 -0.000549152 -0.00393712 -9.94404e-05 -0.00179594 -0.00135981 -0.00119026 -0.00133701 -0.00300425 -0.00294757 -0.00255981 -0.00126168 -0.00379913 -0.00161652 -0.0023132 -0.00303993 -0.00351299 -0.00641285 -0.00215379 -0.00144441 -0.00348391 -0.000853886 -0.00257714 -0.00300315 -0.00221919 -0.00279169 -0.000980173 0.000576766 0.001039 -0.00144904 -0.000412986 -0.00189272 -0.00177854 -0.00298472 -0.00131713 -0.00103031 -0.00540037 -0.000151227 -0.00188507 -0.00305072 -0.00145757 -0.000817619 -0.000358139 -0.000346637 -0.00124169 -0.00291356 -0.00184653 -0.0034989 -0.00143545 -0.000276824 -0.00485144 -0.000150069 -0.00396016 0.00138893 -0.00387953 -0.00325077 -0.00105236 -0.00244327 -0.000941937 -0.00295673 -0.00365484 -0.00082608 -0.00225745 -0.00410909 
-0.00241724 -0.0010205 -0.000640452 -0.0010549 -0.00230121 -0.00539535 -0.00262707 -0.000418714 -0.00563065 -0.00368802 0.000904967 0.000240256 -0.00415973 -0.0107815 -0.00184847 -0.00901253 -0.00643873 0.00519718 -0.00233541 0.247873 -0.0015093 -0.0064678 0.00549349 0.00397985 -0.00507115 -0.00321877 -0.00358529 -0.00504282 -0.00453437 -0.00944585 -0.00876007 -0.00293319 -0.00247193 -0.00265242 -0.00231871 -0.00244346 -0.00263905 -0.00258147 -0.00455415 -0.000386197 -0.000947403 -0.00214083 -0.00198037 -0.00416379 -0.00288211 -0.00247634 -0.00453671 -0.00281057 -0.000434134 -0.000516928 -0.000981593 -0.00184692 -0.00313166 9.6023e-05 -0.00369486 -0.00201474 -0.00192429 -0.00267324 0.000790918 -0.00262362 -0.00315652 -0.00180342 -0.00390523 -0.00191133 -0.000925817 -0.00120912 -0.000141368 -0.000738991 -0.00349109 -0.00335254 -0.00199404 -0.00236374 -0.00392097 -0.00261731 -0.00213085 -0.00298618 -0.00146644 -0.00353858 -0.000976526 -0.00204074 -0.00297532 -0.00140002 -0.00207907 -0.00212751 -0.00579386 -0.00334746 -0.0024236 -0.000944055 -0.00152322 -0.000508995 -0.000276154 -0.00233863 -0.00288959 -0.0032577 -0.00217155 -0.00314256 -0.00157653 -0.00396871 -0.00191699 -0.00307673 
-0.00287766 -0.0029386 -0.0011552 -0.00263325 -0.00423628 -0.00369201 -0.00162067 -0.00224983 -0.00227862 -0.000328686 -0.00311639 -0.00900847 -0.00494152 -0.0044597 -0.00471778 -0.00695342 -0.00893947 -0.00465053 -0.00519062 -0.0015093 0.247777 0.00313021 -0.00186652 -0.00148696 -0.00679371 -0.00353454 -0.0044751 -0.00701355 -0.003757 -0.00600086 -0.00486244 -0.00394864 -0.0035985 -0.00168127 -0.0014806 -0.00397771 -0.000234467 -0.0022469 -0.00155379 -0.00272597 -0.00427878 -0.00208864 -0.00137077 -0.000568176 -0.000127289 -0.00331853 -0.00169511 -0.00206616 -0.00283023 -0.0012477 -0.00104207 -0.00168626 -0.00151528 -0.00251915 -0.00270707 -0.00285185 -0.00196514 -0.00519549 -0.00131864 -0.00140994 -0.00234192 -0.000704002 -0.00115923 -0.00426458 -0.0032237 -0.00133438 -0.00215821 -0.00204081 -0.000670718 -0.000318394 -0.00176698 -0.000954154 -0.00314369 -0.00174652 -0.00370042 0.000858665 -0.00255063 -0.0019111 -0.00215072 -0.00175816 0.00227547 -0.00120693 -0.00137675 -0.00171111 -0.00232411 -0.00240954 -0.00151818 -0.0014496 -0.00303506 -0.00137664 -0.00176552 -0.00226233 -0.00229968 -0.00236754 -0.00150198 -0.00119491 -0.00268581 -0.00296031 -0.00110463 -0.00105406 
-0.00118574 -0.000101729 -0.00184653 -0.00385554 -0.00114518 -0.00288293 -0.00388478 0.000221976 -0.00353423 -0.00352318 -0.00656231 -0.00987496 -0.0055527 -0.00131681 -0.0106844 -0.0131896 -0.00953718 -0.00205437 -0.00351273 -0.0064678 0.00313021 0.24867 -0.00884834 0.00159324 -0.00219938 -0.00457592 -0.003647 -0.00917525 -0.00328659 -0.00223042 -0.00158441 -0.000150157 -0.00395899 -0.00300294 -0.00341405 -0.00108548 -0.00164007 -0.00389168 -0.00144325 -0.00127006 -0.00222424 -0.00330463 -0.000959063 -0.000939803 -0.0040902 0.000171878 -0.00318995 -0.00138399 -0.00179856 -0.00104132 -0.0011626 0.00107162 -0.000180767 -0.00477971 -0.00238007 -0.00231362 -0.00136485 -9.88802e-05 -0.00127166 -0.00255837 -0.00121395 -0.00388353 -0.00258609 -0.00321701 0.00020487 -0.00284047 -0.0027232 -0.00295237 -0.00431162 0.00028126 -0.00120385 -0.00311683 -0.000571466 -0.00208102 -0.000949666 -0.00466475 2.53115e-05 -0.00130806 -0.00302126 -0.00215284 -0.000477172 -0.00117941 -0.00354086 -0.00127174 -0.00119649 0.00103858 -0.00330604 0.000863591 -0.00149729 -0.000677368 -0.00305951 -0.00098484 -0.000484099 -0.000968835 -0.00260186 -0.00338909 -0.00276078 -0.00148456 -0.00173106 -0.00270423 
-0.00211245 -0.000476128 -0.000358444 -0.00294065 -0.00212812 -0.00086369 -0.000789121 0.000732914 -0.00488717 -0.000959762 -0.00409745 -0.0033368 -0.0050857 -0.00735693 -0.00652537 -0.00741553 -0.00732803 -0.00177177 -0.00444203 0.00549349 -0.00186652 -0.00884834 0.249987 0.00154113 -0.0120249 -0.00556021 -0.00636154 -0.00600452 -0.0103286 0.000979064 -0.00137586 -0.00645238 -0.00667403 -0.00281663 -0.00228489 -0.00335032 -0.00233736 0.000461373 -0.00538978 -0.00467184 -0.00074154 -0.00337243 -0.00211858 -0.00164502 -0.00187619 -0.00141792 -0.00260206 -0.00172895 -0.0018786 -0.00125117 8.86202e-05 -0.00150069 -0.00422636 -0.00177309 -0.00282921 -0.00187459 -0.00299258 -0.000102673 0.00191582 -0.00270482 -0.00198415 -0.000562375 -0.00279496 -0.0006994 -0.00133167 -0.00130186 -0.00272451 -0.00297108 -0.0040626 -0.00211694 -0.00195019 -0.00271278 -0.00239761 -0.0025725 -0.00188443 -0.00261316 -0.00207206 -0.000621805 -0.000881978 -0.00121925 -0.00200343 -0.00233724 0.00106715 -0.00479341 0.00161073 -6.6137e-05 -0.00160333 -0.000411967 -0.00191532 -0.00180365 -0.00276874 -0.00253303 -0.00320813 -0.00184036 -0.00396667 -0.00217782 -0.00468424 -0.00152835 -0.00016679 -0.000733652 
-0.00210094 -0.00309041 -0.00217179 8.47303e-05 -0.0050396 -0.0014441 0.000449219 -0.00588735 -0.00431672 -0.00402492 -0.00381331 -0.00391693 -0.00694796 -0.0128137 -0.00689762 -0.00985721 -0.0108087 -0.0138195 -0.00811415 0.00397985 -0.00148696 0.00159324 0.00154113 0.244265 -0.0034217 -0.000903998 0.000565591 -0.00547257 -0.0051857 -0.00521127 0.00237818 -0.00421487 0.000373403 -0.000908772 1.12697e-05 -0.00401164 -0.00259519 -0.00198106 -0.0025758 0.00177375 -0.00267739 -0.00203349 0.00173244 -0.00137046 -0.00146457 -0.000269703 -0.00260999 -0.00410484 0.000571886 -0.000565706 -0.00198178 -0.00287598 -0.00257783 -0.00198974 -0.00354645 -0.00360306 -0.00052878 0.000279823 0.00278496 -0.00238935 -0.00277142 -0.00200806 -0.00250507 -0.00202763 -0.00276924 0.000570572 -0.00244889 -0.000695015 -0.00410847 -0.00257287 -0.00173262 -0.00284493 -0.00298478 -0.00295641 -0.00251423 0.000465909 -0.00371279 -0.00183625 -0.00153165 -0.00277235 -0.00189031 -0.00163984 -0.00272916 0.000671368 -0.00114074 -0.00297619 -0.00184785 -0.00523863 -0.00198959 -0.0021799 -0.00232279 -0.000747045 -0.00227067 -0.00195432 -0.00649472 0.00143408 -0.00214635 -0.00145206 -0.00116836 -0.00292135 
-0.0018022 -0.00194344 -0.00204891 -0.000943006 -0.00194458 -0.000725357 -0.00721701 -0.00302046 -0.00466588 -0.00202428 -0.00615621 -0.00383824 -0.00579267 -0.00938009 -0.0010882 -0.00962774 -0.000221068 -0.00571126 -0.00544085 -0.00507115 -0.00679371 -0.00219938 -0.0120249 -0.0034217 0.242103 -0.00407644 -0.00323136 0.00250293 -0.000914383 -0.00607285 -0.00378194 -0.00498326 -0.00147563 -0.0023855 -0.00109457 -0.00198528 -0.00579132 -0.00473423 -0.0016976 -0.000659069 -0.00135453 -0.00163915 -0.00238767 -0.00227614 -0.00115698 -0.0023089 -0.00143796 -0.00278923 0.00101457 -0.00274613 -0.000976061 -0.00181473 -0.0020524 -0.00151617 -0.00188459 8.27954e-05 -0.00116092 -0.00386739 -0.00241222 -0.00274355 -0.00178379 0.000702696 -0.000447148 -0.00249349 -0.000321068 -0.00223673 -0.000157327 -0.00241717 -0.000917468 -0.000810484 -0.0033319 -0.00319966 -0.00232964 -0.00264096 -0.000331174 -0.00255364 -0.000526539 -0.00216982 -0.000729531 -0.0010823 -0.00489651 -0.00238596 0.000108939 -0.001717 -0.00251669 -0.000538832 -0.000573223 -0.000755413 -0.00280781 -0.00291581 -0.00312194 -0.00134005 -0.00251209 -0.000850583 0.000199931 -0.00276891 -8.90313e-05 0.000109201 -0.0029311 -0.00111255 
-0.00251173 -0.000432553 -0.0040955 -1.30594e-05 -0.00300739 -0.00537919 0.000111515 -0.0020787 -0.00438856 -0.0027906 -0.000195267 -0.00351488 -0.00492246 -0.0030566 -0.00685148 -0.00609068 -0.00294999 -0.00449864 -0.00655378 -0.00321877 -0.00353454 -0.00457592 -0.00556021 -0.000903998 -0.00407644 0.239573 -0.00529264 -0.00303355 -0.00275851 0.00375368 -0.00221047 -0.00796338 -0.00174387 -0.00110849 -0.00586783 -0.00269155 -0.00299296 0.000808398 -0.00441379 -0.00202002 -0.00371109 0.000416553 -0.00301476 -0.00241149 -0.000575941 0.000150313 -0.00232525 -0.0043369 -0.00233675 -0.00144456 -0.00290234 -0.000707689 -0.00150766 -0.0032965 -0.0019778 -0.00273271 -0.000418832 0.000761939 -0.000548686 0.000335284 -0.00163259 -0.00383646 -0.00279487 -0.00103497 -0.0055042 -0.00239179 -0.00319684 -0.00118183 -0.000750587 -0.00124704 -0.00128632 -0.00235363 -0.00162945 -0.00112453 -0.00371707 -0.00152947 -0.0014476 -0.00344276 -0.00146034 -0.00220232 -0.00157112 -0.00545024 -0.00161762 -0.00106836 -0.00322775 -0.00249651 -0.00198864 -0.000259477 -0.000322989 -0.00557374 -0.00303273 -0.000906865 -0.00311085 -0.00169744 0.0016815 -0.00177543 -0.00188924 -0.00226786 -0.00222883 -0.00179473 
-0.00268564 -0.00177824 -0.00323875 -0.00361781 -0.00396205 -0.00585135 -0.00269608 -0.00601068 -0.00208275 -0.00161331 -0.0075148 0.00274922 -0.00537526 0.00383254 0.00217298 -0.0058285 -0.0099736 -0.00464439 0.00169507 -0.00358529 -0.0044751 -0.003647 -0.00636154 0.000565591 -0.00323136 -0.00529264 0.22843 -0.000794574 -0.00428532 -0.00491868 -0.00313046 -0.00120733 -0.0042334 -0.00245207 -0.00089547 -0.00280823 -0.00466929 -0.00246683 -0.00319572 -0.00207726 -0.00163338 -0.00126107 -0.00289354 -0.00127854 -0.00146996 -0.00283368 -0.00106686 -0.00311002 -0.0024442 -0.00266462 -0.00269643 -0.00294963 -0.00224272 -0.00190912 -0.00400864 -0.00107573 -0.00336488 -0.000368347 -0.00436053 -0.000508736 -0.00175101 -0.00247296 -0.0021629 -0.00135469 0.000369833 -0.00263831 -0.00152874 4.51772e-05 2.25813e-05 -0.00190705 -0.0010768 -0.00256853 -0.00120359 -0.00191822 -0.00034146 -0.00016834 -0.00216952 -0.00190548 -0.00355688 -0.000794236 -0.00214834 -0.000469674 -0.00458478 -0.00281038 -0.00209092 -0.000605545 -0.00421222 -0.00343036 -0.000218161 -0.00192448 -0.00299483 -0.000692606 -0.00183726 -0.00113893 -0.000697547 -0.00159199 -0.000931883 -0.00126258 -0.00142833 -0.000551981 
-0.00202134 -0.00171048 -0.00301921 -0.000598043 -0.00359735 -0.00191824 -0.0035594 -0.00227061 -0.00269503 -0.00248673 -0.00384459 -0.00575447 -0.00443748 -0.00471354 -0.00258634 -0.00363672 -0.00271275 -0.00575116 -0.00473415 -0.00504282 -0.00701355 -0.00917525 -0.00600452 -0.00547257 0.00250293 -0.00303355 -0.000794574 0.195181 0.00141184 -0.000657523 -0.000953342 -0.000392296 -0.00446547 -0.00377018 -0.00164539 0.000132693 5.47415e-05 -0.00120368 -0.00227101 -0.0015134 0.00146745 -0.00117943 -0.00043175 -0.00201179 -0.000626187 -0.00226744 -0.00254874 -0.002908 -0.00168522 -0.0021331 -0.00140888 0.00015117 -0.00185094 7.52329e-06 -0.000358496 0.000123349 -0.00132917 -0.000208078 -0.00481049 -0.00313973 -0.00162289 -0.000279494 -0.00227903 0.000834133 -0.001996 -0.00231743 -0.00170445 -0.000318154 -0.00141742 -0.00349113 -0.00215237 -0.0021287 -0.000504096 -0.00260856 -0.00222446 -9.4407e-05 -0.000242345 -0.00186937 -0.00105341 -0.00210418 -0.00203193 0.000426897 -0.00152165 -0.00356718 -0.000183436 -0.000779234 -0.0013299 -0.000986649 -0.00135945 -0.00198711 -0.000312876 -0.00275011 -0.00116484 -0.00106223 -0.00206029 -0.00139273 -0.00133663 -0.00140093 -0.00175131 -0.000552775 
-0.00295836 -0.00117307 0.000971335 -0.001199 -0.00177203 -0.00227834 -0.00216782 -0.00108652 -0.00110676 -0.00333381 -0.00562579 -0.00302572 -0.00119564 -0.00252532 -3.83328e-05 -0.0015311 -0.00288209 -0.00289609 -0.00882684 -0.00453437 -0.003757 -0.00328659 -0.0103286 -0.0051857 -0.000914383 -0.00275851 -0.00428532 0.00141184 0.172879 -0.00056556 -0.00357347 -0.00264594 -0.000100168 -0.00262157 -0.000618467 -0.0014389 0.000484181 -0.00269474 -0.0010119 -0.000866361 -0.000921483 -0.00206353 -0.00157779 -0.00144903 -0.00178065 -5.63422e-05 0.000317485 -0.00147969 -0.00249643 -0.000635625 -0.000191589 -0.00111686 -0.00134467 -0.000138472 -0.000544848 -0.000211533 -0.0010158 -0.00112959 -0.00200395 -0.00305783 -0.00123014 -0.00117345 0.000301388 -0.00370566 -0.000473 -0.000801456 -0.00114223 -0.000164748 -0.00333064 -0.00266221 0.000572755 -0.000580121 -0.00167985 -0.00130573 0.000363983 -0.00202701 -0.00148229 -0.000486493 -4.43696e-06 -0.00312618 -0.000156284 -0.00270464 0.00057977 -0.00174556 -0.00154153 -0.000278607 -0.000236916 -0.00297284 -0.0027481 -0.00200939 -0.00186185 -0.00175646 -0.00170843 -0.00211543 -0.000949987 -0.00233654 -0.000949073 -0.00123831 -0.00244571 -0.00272453 
-0.00371396 0.000496632 -0.00319142 -0.00193719 -0.0011791 -0.00175612 -0.00313976 -0.000592074 -0.00357728 -0.00335664 -0.00160941 0.000693641 -0.00285816 -0.000838134 0.000524694 -0.00721126 -0.00575516 -0.00568687 -0.00744718 -0.00944585 -0.00600086 -0.00223042 0.000979064 -0.00521127 -0.00607285 0.00375368 -0.00491868 -0.000657523 -0.00056556 0.189412 0.000200907 -0.00183619 -0.0012337 0.000534141 -0.00286368 -0.00102607 -8.56987e-06 -0.00119521 -0.00128734 -0.00338915 -0.00204094 -0.000401809 -0.00170974 -0.0009142 -0.000647826 -0.00243482 -0.00181375 -0.000200605 -0.00111073 -0.00237323 -0.00212084 -0.00186788 -0.00144309 -0.000732081 -0.00137176 -0.00266311 -0.00171811 -0.00165697 -0.000705854 -0.00390915 -0.000228238 -0.00274798 -0.00149519 -0.00126039 -0.00117165 -0.00194867 -0.000367027 -0.00359891 -0.000697391 -0.000431759 -0.00218425 -0.00217572 -0.00139464 -0.000722824 -0.00171158 -0.00213725 -0.00159287 -0.000495797 -0.00344055 -0.00272642 -0.00281823 -0.00110187 -0.00215219 -0.00145226 -0.00109709 -0.00173041 -0.00210679 -0.00345887 -0.000219133 -0.00164015 -0.00231036 -0.00168886 -0.00159825 -0.00210636 -0.00135931 -0.000980278 -0.000327551 -0.0012515 -0.00190908 0.000871846 
0.000341382 -0.00202475 -0.00122265 -0.0002313 -0.0019562 0.00102831 -0.00117342 -0.00300946 -0.00305237 -0.0038958 0.00018908 -0.00366921 -0.00380463 -0.00300804 -0.00331334 -0.00619828 -0.00601404 -0.00661298 -0.00534876 -0.00876007 -0.00486244 -0.00158441 -0.00137586 0.00237818 -0.00378194 -0.00221047 -0.00313046 -0.000953342 -0.00357347 0.000200907 0.166505 0.00128095 -0.00101019 -0.000130676 -0.000201346 -0.000601601 0.000107039 -0.00214622 -0.00214736 -0.00193106 -0.00178925 -0.00146476 -0.00123456 -0.00118831 -0.00219825 0.000504739 -0.000610271 -0.00099413 -0.00072815 -0.000411533 -0.00217839 -0.00282774 -0.000819802 -4.24027e-05 -0.00246122 -0.00167062 -0.000353341 -0.000254389 -0.000948665 -0.000933022 -0.000340206 -0.000428013 -0.00200497 -0.00114793 -0.00070841 -0.000744632 -0.00267163 -0.000774082 -0.00153288 -0.00250421 -0.00132787 -0.00141929 -0.000724554 -0.00300375 -0.000648887 -0.00234609 -0.00289479 -0.000732181 -0.00215918 -0.00136821 -0.00201297 -0.00170708 -0.000660427 -0.000477801 -0.00269314 -0.0010717 -0.00133421 -0.00225968 0.00021024 -0.000804316 -0.00224425 -0.000575501 0.000856553 -0.00085564 -0.00163376 -0.00290247 -0.00192604 -0.00121254 -0.00195808 -0.00174624 
-0.00123478 -0.000334365 -0.0016217 2.69471e-05 -0.00168605 -0.00117899 -0.00317784 -0.00187809 -0.00163303 -0.00139965 -0.00141521 -0.00049178 -0.00239032 -0.00372577 -0.00379537 -0.0017153 -0.000189883 -0.00420693 -0.00136806 -0.00293319 -0.00394864 -0.000150157 -0.00645238 -0.00421487 -0.00498326 -0.00796338 -0.00120733 -0.000392296 -0.00264594 -0.00183619 0.00128095 0.137978 -0.00061654 -0.000758714 -0.00017511 0.00024162 -0.00173706 -0.00230007 0.00175194 -0.00149861 0.000484601 -0.00117842 -0.00230149 -0.0011421 -0.000667151 -0.0017048 -0.000262966 -0.00125553 -0.00127206 -0.0014778 -0.00146413 -0.00122385 -0.000641137 -0.00067204 -0.00213081 -0.000103832 -0.000942162 -0.000767927 -0.00135073 -0.00103363 -0.00163629 -0.00108737 -0.00253169 -0.00194603 -0.0022895 -0.00172314 -0.00143143 -0.00113208 -0.000487141 -0.00170184 0.000173201 -0.000797353 -0.00149778 -0.00111455 -0.000293917 -0.000361044 -0.00049133 -0.000752257 -0.00102582 -0.00133183 -0.000663234 0.0002595 -0.00169437 -0.000871137 -0.000915649 -0.00150827 -0.00126814 -0.00210518 -0.00170702 -0.00162698 0.000389054 -0.00124197 -0.000458885 -0.00089646 -0.000928479 -0.000270272 -0.000728707 -0.000738232 -0.00124643 -0.00123418 
-0.0012744 -0.000589296 -0.000739392 -0.00123874 1.79231e-05 -0.00198711 -0.000668941 -0.00107862 -0.00113015 -5.81648e-05 -0.0014431 -0.00264157 -0.00119749 -0.00226332 -0.00100253 -0.00195548 -0.00194037 -0.00174755 -0.0061733 -0.00247193 -0.0035985 -0.00395899 -0.00667403 0.000373403 -0.00147563 -0.00174387 -0.0042334 -0.00446547 -0.000100168 -0.0012337 -0.00101019 -0.00061654 0.112108 0.000141584 -0.000754167 -0.00058392 0.000776334 -0.00106088 -0.00117465 -0.0012358 -0.00110754 -0.00150706 -0.000991822 -0.0002146 -0.000344361 -0.000385444 -0.0007191 -0.00168934 9.61501e-05 -0.000992136 0.000180106 -0.000282127 -0.000768568 -0.00137712 -0.000744248 -0.000974124 -0.00114376 -0.00171216 -0.00142752 -4.63227e-06 -0.000690163 -0.0003684 -0.000790629 -0.000198059 -0.000752815 -0.000948331 -0.00137096 -0.000797561 -0.00112716 -0.00198194 -0.000251482 -0.000773961 -0.00031551 -0.000525145 -0.00141677 -0.000629698 -0.000643424 -0.000797428 -0.00197183 -0.000216549 -0.00183464 -0.000181801 -0.000186283 -0.000211181 -0.000296621 -0.000340147 0.000364147 -0.00222059 -0.00080438 -0.00142043 -1.42731e-05 -0.00039476 -0.000710507 -0.00131522 -0.00132889 -0.000654384 -0.000437596 -0.00120125 -0.00074328 -0.0012866 
