0.0807421 0.000553828 -0.000782567 0.00061856 6.07325e-05 0.000774758 -0.000607145 -0.00100555 9.14376e-05 -0.000895997 -0.00182216 -0.000638773 -0.00198071 -0.00485876 -0.00139113 -0.00131356 -0.00304756 -0.00228311 -0.00317457 -0.00246807 -0.00206612 -0.00435341 -0.00164058 0.000419974 -0.00367805 0.00248066 -0.00117988 -0.00228941 -0.00225607 -0.00130627 -0.0016959 -0.00122329 -0.00211103 -0.00133016 -0.000148645 -0.000198658 -0.00144258 -0.000180151 -0.00120309 -0.00114301 -0.000675074 -0.000741265 -0.00025569 -0.000867495 -0.000144259 -0.00110503 -4.61286e-05 -0.000746474 -0.000329439 -0.000772139 -0.000363002 -0.000361156 -0.00179601 -0.000148042 -6.73574e-05 -0.000199479 -0.00124047 -0.000218118 -0.00063581 -0.000776832 -0.000519443 -0.000562658 -0.00137651 -0.000476792 -0.000982369 -0.000875394 -0.000741471 -0.000636941 -0.00147537 -0.000964519 -0.000407062 -0.000919403 -0.000161636 -0.00101593 -0.000705166 -0.00088063 0.000550216 -0.000311293 -0.000183209 -0.000236996 0.000167404 -0.000776781 -0.000766965 9.12223e-05 -0.000590046 -0.000394127 -2.69669e-05 -0.000568772 -0.000644494 -0.000933946 -1.18807e-05 -0.000158887 -0.000461025 0.000412651 -0.000346163 -0.00135279 0.000327036 0.00011558 -0.000439468 0.000704177 
0.000553828 0.081642 -0.000540487 -0.000281576 -0.000380533 -0.000542569 -0.000247425 -0.0013134 -0.000484951 -0.0019034 -0.00173808 -0.0023668 -0.00123294 -0.00121881 -0.00191837 -0.000329644 -0.000621063 -0.00245033 -0.0037985 -0.000773512 -0.00132719 -0.000257468 0.000295313 -0.00332705 -0.00259451 -0.00132585 -0.00308853 -0.0028359 -0.0019946 -0.000773432 -0.000981005 -0.00268866 -0.00175737 -0.00116867 0.000223458 -0.00125861 -0.00115147 -0.000460309 -0.000602091 -0.000987293 -0.0017221 -0.000190399 -0.00117265 -0.000884863 -0.00105583 -0.000697712 -0.00100282 -0.000792918 0.000162302 -0.000290147 0.000379949 0.000859377 0.000146732 -0.000561764 -0.000141767 -0.000606237 -0.00045881 -0.000828623 -0.000286419 -0.00112805 -0.000117848 -0.000199409 -0.00115333 -0.000536048 -0.000814579 -0.000955936 -0.00125373 -0.00105547 -0.00148371 -0.000508092 -0.000524414 -0.0010089 -0.000625448 8.34504e-07 -0.000552526 -0.000916769 -0.000448603 -0.00078395 -0.000736687 -0.000338044 -0.000503075 -0.000402404 -0.000390681 -0.000506421 -0.00056078 -0.000740591 -0.000810815 -0.000690465 -0.000972569 0.000205566 -0.00102965 -0.000544772 -0.000378222 -1.61425e-05 -0.00103119 -0.000207 7.16903e-05 0.000228172 0.000759337 -0.000186752 
-0.000782567 -0.000540487 0.0727027 0.000615678 0.000128599 5.95236e-06 0.000138714 -0.000176206 -0.00146181 0.000116497 -0.000641065 -0.00054848 -0.00287839 -0.000536831 -0.00195059 -0.00130489 -0.00012299 -0.00264681 -0.00266646 -0.00415237 -0.00278641 4.70009e-05 -0.00267798 -0.000734705 -0.00424299 -0.0020699 -0.00139273 -0.00137436 -0.000714836 -0.000873833 -0.00184521 -9.93302e-05 -0.00175939 -0.000818612 -0.000601005 -0.000789465 -0.000754097 -0.000554609 -0.000399297 -0.000998621 -0.00013191 -0.000523396 -0.000394431 -0.000805213 -0.000613442 -0.000308212 -0.000343541 -0.000388694 -0.00106186 -0.00062375 -0.000647051 -8.06024e-05 -0.000811602 -0.00050753 -0.000774248 -0.000898814 -0.000219119 -0.000554077 -0.000302653 9.94209e-05 -0.000905057 -0.000122266 -0.000512395 -0.000610223 -0.000548044 -0.0003199 -0.000832608 -0.00036912 9.84297e-05 -0.000812885 0.000581802 -0.000186961 -0.000411381 -0.00056585 -0.000784494 -2.45089e-05 -0.000549655 -0.00108449 -0.00144583 -0.000652106 -7.03548e-05 -0.00111117 -0.000402293 -0.000780252 -0.000627224 -0.00062622 -0.000310916 -0.000352235 -0.000666442 -0.000782492 -3.22459e-05 -0.000195079 -0.000828676 -0.000383526 0.000222461 0.000403034 -0.000950711 -0.000332664 -0.000438007 0.000355455 
0.00061856 -0.000281576 0.000615678 0.0826258 0.000703049 -0.000445545 5.60547e-05 -0.000294765 9.46501e-05 -0.00137294 -0.000315738 -0.00149088 0.000688389 -0.00326314 -0.00108301 -0.00100952 -0.00353847 -0.00405966 -0.00232717 0.00105388 -0.00200919 -0.00234995 -0.00403154 -0.00299411 -0.00339763 -0.000312453 -0.00331825 -0.00224448 -0.00202463 -0.000561882 -0.000996583 -0.000987057 -0.00128247 -0.00150462 -0.00039576 -0.000546403 -0.00101737 -0.000817022 -0.000707237 -0.00100798 -2.28181e-05 -0.000498933 -0.000837699 -0.000759613 -0.000198977 -0.000541539 -0.00117537 4.45269e-05 -0.00109104 -0.00125089 -0.00107976 -0.000894182 -0.00038998 0.000166585 -0.000781477 0.00016431 -0.00158524 0.00052619 -0.000593937 -0.00059798 -0.000950856 -0.00070849 -0.000833885 -0.000520236 -0.000743423 -0.000829485 -0.000439173 -0.000420496 -0.000681141 -0.00186087 -0.000397482 0.000547563 0.000141247 -0.000804273 -0.000587846 0.000168551 -0.000911685 -0.000624696 -0.000666653 -0.000151562 -0.000168552 -0.00044512 0.000372303 -0.000469957 -1.75537e-05 -0.00037493 -0.000974553 -0.000783733 -0.000789114 -0.000898845 -0.000469106 -0.000830117 -0.000914148 0.000231393 -0.000146587 -0.00100656 -0.00091868 -0.00119497 -0.00119143 -0.000804078 
6.07325e-05 -0.000380533 0.000128599 0.000703049 0.0983895 -6.09216e-05 -4.06999e-05 0.000739501 0.000170301 -0.000940821 -0.00176608 -0.00179777 -0.000184268 -0.00165772 -0.00242302 -0.00137286 -0.00225267 -0.000997749 -0.00256341 -0.00266413 -0.000618502 -0.00245459 -0.00409201 -0.0029469 -0.00472588 -0.000863666 -0.0029101 -0.00193183 -0.00251584 -0.00152098 -0.00189397 -0.00143949 -0.000849411 -0.00145167 -0.00159665 -0.00100682 -0.000721666 -0.000839338 0.00032009 -0.00317603 -0.000981217 -0.000419377 0.000255486 -0.000671273 -0.000715349 -0.000863362 -0.00173639 -0.000420594 -0.0002187 -0.00125793 -0.000856351 -0.000839278 -0.000962253 -0.000298472 -0.00165801 -0.00059659 -0.00104127 -0.000373296 -0.000868232 -0.000690782 -0.000817529 -0.00068143 -0.00121559 -0.000777074 -0.000668604 -0.0006236 -0.00150295 -0.000214076 -0.000209509 -0.000206802 -0.00102912 -0.0016791 -0.000908405 -0.000984661 -0.00105272 -0.000289311 -0.00130667 -0.000698411 -0.000238851 -0.000760808 9.46402e-06 -0.000900559 -0.000366843 -0.00105569 -0.00111909 -0.000425484 -8.90425e-05 -0.00117237 0.000233246 -0.000101898 -4.28837e-05 -0.000748585 -0.00119828 -0.00105141 -0.000727462 -0.000998828 -0.00107513 -0.000295601 -0.00117041 -0.000478493 
0.000774758 -0.000542569 5.95236e-06 -0.000445545 -6.09216e-05 0.0897638 0.000181538 -0.000946597 0.00070984 0.00111182 -0.00123069 -0.00262923 -0.00316323 -0.00208145 -0.00204815 -0.00261185 -0.000962976 -0.00358104 -0.00339232 -0.0014173 0.000979835 -0.00255348 -0.0031204 -0.00225098 -0.00142942 -0.00214934 -0.00169468 -0.00235447 -0.00278943 -0.000447163 -0.00193184 -0.00278324 -0.00165285 0.000350656 -0.00150507 -6.28224e-05 -0.000950078 -0.000600404 -0.000142392 -0.00168242 -0.00111626 -0.000582796 -0.000816828 0.00049892 -0.00100163 -0.00088037 -0.000566591 -0.000556843 -0.00117521 -0.00108242 -0.000191612 -0.000625331 -0.000554156 -0.000319611 -0.000349503 -0.000332984 -0.00164293 -0.00105376 -0.000786599 -0.000830202 0.000468652 -0.00086378 -0.00188327 -0.00101019 -0.000911899 -0.000416939 -0.000252367 -0.000923386 -0.000304987 -0.000809644 -0.000999238 -0.000603381 -0.000593946 -0.00074639 -0.000350663 -5.36527e-05 -0.000221046 -0.000753642 -0.000611878 -0.0014046 -0.000560642 -0.00044469 -0.00166354 -0.000149264 -0.000508899 -0.000908886 -0.000575381 4.81066e-05 -0.00106496 -0.00124712 0.000514866 -0.000180224 -0.000656006 -0.000430142 -0.000927808 7.87393e-05 -0.000707557 -0.000960803 -0.000623621 -0.000483034 
-0.000607145 -0.000247425 0.000138714 5.60547e-05 -4.06999e-05 0.000181538 0.0784012 -0.00115773 0.000265049 -0.000631112 -0.000213514 -0.00248934 -0.00187907 -0.00336997 -0.00173497 -0.0019543 -0.00425569 -0.00152499 -0.0036579 -0.000395685 -0.00421448 -0.00306799 -0.00176906 -0.00235066 -0.00234554 -0.00146775 -0.000362976 -0.00140529 -0.0013892 -0.000350794 -0.00084293 -0.000762847 -0.00246569 -0.000477269 -0.00096043 -0.000577182 -0.00130007 -0.000385235 -0.000513655 -0.000860271 -0.00163128 0.00024011 -0.000359323 -0.000975462 -0.000282111 -0.000105147 -0.000934331 -0.000492639 -0.000777864 -0.000512542 -0.000654521 6.26971e-05 0.000640069 0.000210961 -0.000222959 -0.000311917 8.33665e-05 0.000100049 -0.000556563 -0.00156917 -0.000424171 6.56592e-05 -0.000904052 -0.000361297 -0.000884355 -0.000219142 -0.000715913 -0.000886901 -0.00113178 0.00015478 -0.000696784 -0.000723953 -0.000468064 -7.80187e-05 -7.21135e-05 -0.000878022 -0.000554463 -0.000500386 -0.000393597 2.58075e-05 2.48184e-05 -0.000420778 -0.000295888 -0.000136108 -0.000420339 -0.000632592 -0.000113744 -0.00110104 -0.000601605 -0.000538197 -0.000908606 -0.000421543 -0.000568509 0.000642919 -0.0002725 8.07531e-05 -0.000897868 -0.000473377 -0.00116617 -0.00109795 
-0.00100555 -0.0013134 -0.000176206 -0.000294765 0.000739501 -0.000946597 -0.00115773 0.105716 0.000109154 -0.0013287 -0.000415199 -0.00213485 0.00123379 -0.00152248 -0.000709041 -0.00280305 -0.00370576 -7.73975e-06 -0.00147955 -0.00504389 -4.38669e-06 -0.00263377 -0.000725351 -0.00634346 -0.00470269 -0.00124534 -0.00267698 -0.00312007 -0.00100103 -0.00332668 -0.000450858 -0.00100007 -0.00210292 -0.000203489 -0.000942754 -0.00235101 -0.000755421 -1.38531e-05 -0.00110856 -0.00184231 -0.00181573 -0.000876354 -0.00116737 -0.000543135 0.000101771 -0.000655799 -0.0013004 -0.00131899 -0.00161182 -0.000882615 -0.000614279 -0.000173996 -0.00115544 -0.00135109 -0.00157391 0.000296792 -0.00179219 -0.000680327 -0.000535897 -0.00138016 -0.000854554 -0.00100688 -2.2267e-05 -0.00110674 -0.000997102 -0.000120733 -0.00115275 -0.00155982 -0.000306091 -0.00053479 -0.00133672 -0.00131389 -0.00094125 -0.00088047 -0.000133281 -0.000369065 0.000141287 -0.00101566 -0.000599258 -0.000901002 0.000115461 0.000179447 -0.00150276 -0.000257644 -0.00112639 -0.000758271 -0.000380487 -0.000294737 -0.0011804 -0.000876339 -0.00161736 0.000720669 -0.00155038 -0.00145995 -6.71305e-05 -0.00124799 -0.000200949 4.55073e-05 -0.000913839 -0.000787111 
9.14376e-05 -0.000484951 -0.00146181 9.46501e-05 0.000170301 0.00070984 0.000265049 0.000109154 0.108905 -0.00241861 0.000276822 -0.000729323 -0.00326063 0.000376232 -0.00547068 0.00266393 -0.00260818 -0.00700452 -0.00275101 -0.00396658 -0.00267826 -0.00274358 -0.00396251 -2.19982e-05 -0.0041013 -0.00150245 -0.00232515 -0.00230047 -0.00383971 -0.000670367 -0.00135039 -0.000618886 -0.00271831 -0.00227391 -0.000846937 -9.0477e-05 -0.000850424 -0.000678208 -0.00172277 -0.000144814 -0.000998749 -0.000200434 -0.00085371 -0.000758572 -0.000234667 -0.000655071 -0.00147281 -0.0011203 -0.000335741 -0.00109628 -0.00085022 -0.000691054 -0.00107366 -0.00063191 -6.54375e-05 -0.0011415 -0.00216201 -0.00132081 -0.000160879 -0.00134864 1.52607e-05 -0.00118956 -0.00145917 -0.00102142 -0.00149226 -0.00129301 -0.000575771 -9.53859e-05 -0.00155483 -0.00164004 -0.000653402 -0.00118079 -0.00127756 -0.000461359 -0.00037709 0.000355435 0.000470556 -0.000407145 -0.00134743 -0.0013169 -0.000552357 0.000721617 -0.00238887 0.000338508 -0.000566725 -0.000302056 -0.00121078 -0.00117687 -0.000705722 -0.000432114 -0.000790573 -0.000473205 -0.00214461 -0.00013663 -0.000635895 -0.000935611 -5.19139e-05 -0.000693684 -0.00108503 -0.0011686 
-0.000895997 -0.0019034 0.000116497 -0.00137294 -0.000940821 0.00111182 -0.000631112 -0.0013287 -0.00241861 0.108814 -0.00102502 -0.00190739 -0.00115389 -0.00342347 0.000735121 -0.00552886 -0.00518019 -0.00139168 -0.00451083 -0.00275941 -0.00337315 -0.00109345 -0.00205285 -0.00143644 -0.00398815 -0.00105585 0.000721209 -0.00307161 -0.00207455 -0.000480573 -0.00234007 -0.00202117 -0.00284477 -0.000942117 -0.000750878 -0.000909943 -0.00139953 -0.00105548 0.000582933 -0.00144915 -0.000923076 -0.000434583 0.000613061 -0.0004686 -0.000323083 -0.000625245 -0.00164297 -0.000980206 0.000686669 -0.000102912 -0.00160311 -0.00107366 -0.000302897 -0.00129872 -0.00145937 0.000490107 -0.000687796 -0.00125073 -0.000529645 -0.000445119 -0.00127713 -0.000295364 -0.00149116 -0.00066781 -0.00105041 -0.000383473 -0.00131452 4.56428e-05 -0.00190184 -0.00103334 4.49003e-05 -0.00112388 -0.00122356 -0.00165322 -0.000268235 -0.000998997 -0.000557267 -0.00101709 -0.000770306 0.000238245 -0.00163161 -0.000591118 -6.08589e-05 -0.000624795 -0.00225881 4.50893e-05 -0.000300718 -0.000731469 -0.00185484 -0.000648582 0.000120034 -0.000723146 -0.0010582 -0.000680473 0.000118253 -0.00181647 0.000118915 -0.00046948 -0.0011024 -0.000157705 
-0.00182216 -0.00173808 -0.000641065 -0.000315738 -0.00176608 -0.00123069 -0.000213514 -0.000415199 0.000276822 -0.00102502 0.129071 -0.00297233 0.000198021 0.00177494 -0.00396352 0.00132757 -0.0039784 -0.00569421 -0.00344523 -0.00645588 -0.00515257 -0.00237203 -0.00182738 0.00020818 -0.00726492 -0.00380432 -0.00319272 -0.00117955 -0.00413508 -0.000253534 -0.000624002 -0.000877757 -0.00240238 0.000693666 -0.000568752 -0.0018649 -0.0010762 -0.00266596 -0.00156806 0.000494972 -0.000155943 -0.00247837 -0.0017602 -0.000642275 -0.00104983 -0.000997766 -0.000845214 -0.000435251 -0.00154646 0.000948521 -0.000856304 -0.000676788 -0.00117373 -0.00043134 -0.00035371 -0.00118026 -0.00230919 -0.0018769 -0.000758422 -0.0010487 0.000119932 -0.0012299 -0.000231008 -1.99657e-05 -0.000675803 -0.000798618 -0.00104297 -0.00136844 0.000246999 -0.000452215 -0.00159269 -0.00086995 -0.00055559 -0.00092725 -5.92304e-05 -0.00111171 -0.00216634 -0.00089116 -0.000184265 -0.00158234 -0.0013145 -0.00144435 -0.000554624 -0.00105924 -0.000956671 -4.82054e-05 0.0002286 -0.00145601 -0.000453546 -0.00283254 -0.000524129 7.32183e-05 -0.00115505 -0.00179007 -0.00131108 -0.00126651 -0.00138837 -0.0021246 -0.0016623 -0.00147729 
-0.000638773 -0.0023668 -0.00054848 -0.00149088 -0.00179777 -0.00262923 -0.00248934 -0.00213485 -0.000729323 -0.00190739 -0.00297233 0.181412 0.000221795 0.000886647 0.000327382 0.000583687 0.000324609 -0.00654451 -0.0115686 -0.00596638 -0.00306248 -0.00823517 -0.0018026 -0.00339169 -0.00524845 -0.00739027 -0.00215437 -0.00426696 -0.00108686 -0.00225131 -0.00410144 -0.00573069 -0.000690293 -0.000993315 -0.00115823 -0.00174752 -0.00155598 -0.00373607 -0.00137759 -0.0015594 -0.00293346 -0.00162152 -0.00214894 0.000385072 -0.00220423 -0.00110931 -0.00145745 -6.26885e-06 -0.00201377 -0.000587618 -0.00126543 -0.00131239 -0.00337286 -0.00209691 -0.00211508 -0.000734178 -3.66583e-05 -0.00110322 0.000988744 -0.00255363 -0.000612576 -0.000815917 -0.00125357 -0.00123958 -0.00112653 0.000829296 -0.00287184 -0.0027506 -0.00099171 -0.00199356 0.000864448 -0.0011502 -0.00150247 -0.00189343 -0.00305425 -0.00139526 -0.000379597 -0.00201506 -0.00128258 -0.00263446 -0.000337519 -0.00125865 -0.00252814 -0.00119911 -0.00078615 -0.00111339 -0.000654506 0.000411037 -0.00241437 -0.00169357 -0.0013802 -0.00221132 -0.00303383 -0.00189352 -0.000838456 -0.00030844 0.000894147 -3.04534e-05 -0.00165428 -0.00183142 
-0.00198071 -0.00123294 -0.00287839 0.000688389 -0.000184268 -0.00316323 -0.00187907 0.00123379 -0.00326063 -0.00115389 0.000198021 0.000221795 0.204743 0.000537935 -0.00101569 -0.00419949 0.0106235 -0.00311519 -0.0101369 -0.00850681 -0.00466604 -0.0049524 -0.00525998 -0.00982873 -0.0020688 -0.00351851 -0.00891915 -0.0050435 -0.00244158 -0.00521226 -0.00376604 -0.00423097 -0.000140549 -0.00162477 -0.000143211 -0.000204471 -0.00275724 -0.00320302 4.83965e-06 -0.00167871 -0.00239481 -0.0036456 -0.0019563 -0.00058085 -0.00263244 -0.00115841 -0.00434177 -0.00372891 -0.000731561 -0.00156259 -0.0029191 -0.00281874 -0.0020033 0.000609194 0.00055884 -0.0022891 0.000383447 -0.0038559 -0.000422797 -0.00178297 -0.000839914 -0.00156739 -0.00125014 -0.00184314 -0.00101755 -0.00154478 -0.00384965 -0.000982786 -0.00267942 -0.001316 -0.00206209 -0.00216765 -0.00208217 0.000242305 -0.00240557 -0.00161692 -0.00104259 -0.00118301 -0.000174896 -0.00329277 -0.000363511 -0.000580776 -0.00353377 -0.000814096 -0.00261945 -0.00225011 -0.000977186 -0.00270412 -0.000450818 -0.000416188 -0.00137299 -0.00110501 -0.00209524 -0.00321677 -0.00294946 -0.00361895 -0.0025739 -0.00175331 -0.000774988 -0.0017635 
-0.00485876 -0.00121881 -0.000536831 -0.00326314 -0.00165772 -0.00208145 -0.00336997 -0.00152248 0.000376232 -0.00342347 0.00177494 0.000886647 0.000537935 0.201549 0.0027073 -0.00320503 0.00177296 -0.00195975 -0.00341346 -0.00695199 -0.0101781 -0.00918798 -0.00479787 -0.00342596 -0.00195736 -0.0125813 -0.00797669 -0.00359078 -0.00758219 -0.00251011 -0.00320034 -0.000546892 -0.00275566 -0.000555541 -0.0031316 -0.00325079 0.000702377 -0.00227278 -0.00219247 -0.00396943 -0.00244166 -0.0016372 -0.00144932 -0.000248925 -0.00255542 -0.00153094 -0.000705894 -0.00128412 -0.00112829 -0.000903407 -0.00274352 -0.00156495 -0.00127645 0.00014698 -0.00217314 -0.000578033 -0.00398743 -0.00254821 -0.00158154 -0.00069434 -0.000409375 -0.00164177 -0.000589022 -0.00207291 -0.000218385 -0.000350418 -0.00207909 -0.00136083 -0.00160071 -0.000541427 -0.00229799 -0.000591459 -0.00119224 -0.00152874 -0.00201313 0.000612334 -0.00351978 -0.00278067 -0.000845907 -0.00168139 0.000395924 -0.00208385 -0.000708973 0.000142283 -0.000853792 -0.00314729 -0.00067786 -0.00224453 -0.00374985 -0.00317289 -0.000583584 -0.000373475 -0.00256796 -0.000716007 -0.00248944 -0.0020665 -0.00207613 -0.000689358 -0.000246101 -0.00168223 
-0.00139113 -0.00191837 -0.00195059 -0.00108301 -0.00242302 -0.00204815 -0.00173497 -0.000709041 -0.00547068 0.000735121 -0.00396352 0.000327382 -0.00101569 0.0027073 0.227717 -0.0061461 -0.00380649 -0.00551231 -0.00810581 -0.000287581 -0.00866755 -0.00342879 -0.00635615 -0.0114772 -0.010608 -0.00253165 0.00253705 -0.00656571 -0.00480683 -0.00563207 -0.00398408 0.00283638 -0.00499515 -0.00259634 -0.00344521 -0.00391704 -0.00163243 -0.00219115 -0.00278766 -0.00420749 -0.00427763 0.000602192 -0.00180451 -0.00195826 -0.0016676 -0.00285721 -0.00202859 -0.00161808 -0.00199123 -0.0017075 -0.00234241 -0.000841939 0.000742741 -0.00356132 -0.00165565 -0.000583587 -0.00181972 -9.23115e-05 -0.00217815 -0.00136819 -0.00281608 -0.00119496 -0.00398834 -0.00302126 -0.000824681 -0.000532641 -0.00215225 -0.00282028 -0.000952329 4.31693e-05 -0.00305958 0.000434109 0.000180576 -0.00190236 -0.00284667 -0.00273173 -0.00288411 -0.00282094 -0.00122544 -6.64079e-05 -0.00220206 -0.00486628 -0.000556381 -0.00159043 -0.000827103 -0.00182523 -0.00201153 5.6154e-05 -0.000166697 -0.00217683 0.000918396 -0.00195806 -0.00336099 -0.000532285 -0.00323596 -0.000824423 -0.00310243 0.00191213 -0.00278479 -0.0021377 
-0.00131356 -0.000329644 -0.00130489 -0.00100952 -0.00137286 -0.00261185 -0.0019543 -0.00280305 0.00266393 -0.00552886 0.00132757 0.000583687 -0.00419949 -0.00320503 -0.0061461 0.222699 -0.0019108 -0.00486032 -0.00385294 -0.00337873 -0.00686674 -0.00954637 -0.00941156 -0.0107358 -0.00907478 -0.00613316 -0.00254052 -0.00763863 -0.000805549 0.00017934 -0.00071293 -0.00122432 -0.0013471 -0.00398819 -0.000277907 -0.000974874 0.000315333 -0.00229584 -0.00285436 -0.00297102 -0.00348609 -0.00256213 -0.00311874 -0.000357424 -0.00231397 -0.000602544 -0.00271484 0.000752445 -0.00268492 -0.000231147 -0.00129574 -0.00188118 -0.00464169 -0.00303455 -0.000408624 -0.00110758 -0.00180074 -0.000803018 -0.000676427 -0.00146953 -6.73899e-05 -0.00106846 -0.000719411 -0.000140569 -0.00164476 -0.00191564 -0.00237194 -0.00226496 -0.0028617 -0.00240386 -0.00307333 -0.00223123 -0.00135402 -0.000481113 -0.000933624 0.000119542 -0.002186 -0.000984761 -0.00292294 -0.000296364 -0.00164776 -0.00380529 -0.00187126 -0.00182891 -0.00183168 -0.00147591 -0.00225174 -0.000936394 -0.0011548 -0.00304747 -0.00141386 -0.00135438 -0.00321017 -0.00025429 -0.00312413 -0.00216527 -0.00103533 -0.000381227 -0.00297474 -0.00258215 
-0.00304756 -0.000621063 -0.00012299 -0.00353847 -0.00225267 -0.000962976 -0.00425569 -0.00370576 -0.00260818 -0.00518019 -0.0039784 0.000324609 0.0106235 0.00177296 -0.00380649 -0.0019108 0.249995 -0.00987053 -0.00464242 0.00324907 -0.00520367 -0.0064904 -0.00478208 -0.0109444 -0.00167771 -0.00486084 -0.00247775 -0.0113925 -0.000685459 -0.00491286 -0.0074531 -0.00895587 -0.00626551 -0.00469934 -0.00209237 -0.00333862 -0.00407822 -0.00124876 -0.00230702 0.000840126 -0.00378057 -0.00281666 -0.00204262 -0.00327088 -0.00239945 -0.0029834 -0.000663566 -0.000955697 -0.00173629 -0.00239857 -0.00220926 -0.00308163 0.000955025 0.000441438 -0.00154985 -0.00179914 -0.00209006 -0.000270269 -0.00179647 0.000361379 -0.00296597 -0.00214404 -0.00037854 -0.00216576 0.000603621 -0.00255541 -0.00217391 -0.00315703 -0.000762282 -0.00492277 -0.0012473 -0.00220346 -0.00196132 -0.00472672 -0.00195068 -0.00279048 -0.00101483 -0.00341973 -0.00201819 -0.00254501 -0.00278189 -0.00107174 -0.00202489 -0.00161772 -0.00315235 -0.00270295 -0.00422936 -0.00319682 -0.00188651 1.34305e-05 -0.00270401 -0.00210144 -0.000685411 -0.00211772 -0.00192962 -0.00305974 -0.00306594 -0.00276557 -0.00161526 -0.00115288 
-0.00228311 -0.00245033 -0.00264681 -0.00405966 -0.000997749 -0.00358104 -0.00152499 -7.73975e-06 -0.00700452 -0.00139168 -0.00569421 -0.00654451 -0.00311519 -0.00195975 -0.00551231 -0.00486032 -0.00987053 0.249964 -0.00269491 -0.00224948 -0.00859985 0.00117398 -0.0024067 -0.00520304 -0.00325702 -0.00747385 -0.00905399 -0.00792452 -0.00581826 -0.00429896 0.00401571 -0.00273561 0.000414929 -0.00196686 -0.000652256 0.00242141 -0.00267031 -0.000696612 0.000194376 -0.0042636 -6.10407e-05 -0.00196799 -0.00119417 0.000410981 -0.00232717 -0.00128392 0.000480699 -0.00208452 0.00165691 -0.00228866 -0.00185492 -0.00410177 -0.00309791 -0.00160934 -0.00349452 -0.00144638 0.000243075 -0.00436282 -0.00290262 -0.00284296 -0.00309855 -0.00322566 -0.00213514 -0.00244112 -0.00422566 -0.00275556 -0.00061645 -0.00185986 -0.00159814 -0.00322404 -0.00461532 -0.00314981 -0.00196704 -0.00271725 -0.00178547 -0.00113265 -0.00252381 -0.000402924 -0.00073667 -0.00216263 -0.0039235 -0.000196538 -0.00438186 -0.00210548 -0.00260849 -0.00403702 -0.00176519 -0.00366945 -0.00293063 -0.00266731 -0.00111668 -0.00246916 -0.000491935 -0.00190144 -0.00203227 0.000357394 -0.00486225 0.00393262 -0.00317646 -0.00216617 
-0.00317457 -0.0037985 -0.00266646 -0.00232717 -0.00256341 -0.00339232 -0.0036579 -0.00147955 -0.00275101 -0.00451083 -0.00344523 -0.0115686 -0.0101369 -0.00341346 -0.00810581 -0.00385294 -0.00464242 -0.00269491 0.249941 -0.00396108 0.00258936 -0.00235454 -0.00744068 0.00321513 -0.0010301 -0.00449206 -0.00189528 -0.00439837 -0.00449183 -0.00472498 -0.00471318 -0.000302991 0.0019572 -0.00596886 -0.00327547 -0.00155543 7.67046e-05 0.0012508 -0.00436863 -0.00199074 -0.00368509 -0.00250147 -0.00279623 -0.00462962 -0.000678217 -0.000347856 -0.000487949 -0.00221836 -0.00433155 -0.00218078 0.000120655 -0.00236669 -0.00220524 -0.00170726 -0.00211525 -0.00359747 -0.00153256 -0.00488185 -0.00332746 -0.00233973 -0.00128009 -0.00185696 6.59962e-05 0.00141615 -0.00143374 -0.00319805 -0.000273757 -0.00149554 -0.00321198 -0.00208408 -0.0020896 -0.00140774 -0.00249152 -0.000443366 -0.00189139 -0.00162864 -0.00215276 -0.00206997 -0.00501586 9.39129e-06 -0.00183724 -0.00132916 -0.00322622 -0.000692337 -0.00360568 -0.00161684 -0.00258854 -0.00214604 -0.000625035 -0.00291445 -0.00318665 -0.00134561 -0.00263323 -0.00181376 -0.000571126 -0.0019347 -0.000268416 -0.00594042 -0.00245793 -0.00280733 
-0.00246807 -0.000773512 -0.00415237 0.00105388 -0.00266413 -0.0014173 -0.000395685 -0.00504389 -0.00396658 -0.00275941 -0.00645588 -0.00596638 -0.00850681 -0.00695199 -0.000287581 -0.00337873 0.00324907 -0.00224948 -0.00396108 0.247777 0.00427621 -0.0111996 -0.000173935 -0.00403773 -0.0040079 -0.00645101 -0.00398481 -0.000613558 -0.00336846 -0.00545539 -0.00700536 -0.00756437 -0.00583309 -0.0025145 -0.00183242 -0.00355631 -0.00530492 -0.00334289 -0.001252 -0.000577205 -0.00167284 -0.00168269 -0.0031634 -0.00492225 -0.0015664 -0.00503536 -0.00159443 0.000585065 -0.0031925 -0.00203768 -0.00165226 -0.00327545 0.000559585 -0.00317896 -0.00495715 -0.000649912 -0.00221957 0.000393352 -0.00175684 -0.0022362 -0.00381894 -0.00141049 -0.00221537 -0.000542063 -0.00295435 -0.00223023 -0.00149418 -0.00316067 -0.0020965 -0.00256435 -0.00443447 -0.00168982 -0.00116682 -0.00269679 -0.000916904 -0.00257374 -0.000523619 -0.00293216 -0.000552615 -0.00316116 -0.00329883 -0.00369775 0.00127131 -0.000416353 -0.0018072 -4.3884e-05 -0.000790209 -0.00325433 -0.00213602 -0.00173703 -0.000377837 -0.001499 -0.000921948 -0.00150496 -0.000914106 -0.0024412 -4.41245e-05 -0.00242587 -0.00328038 -0.001171 
-0.00206612 -0.00132719 -0.00278641 -0.00200919 -0.000618502 0.000979835 -0.00421448 -4.38669e-06 -0.00267826 -0.00337315 -0.00515257 -0.00306248 -0.00466604 -0.0101781 -0.00866755 -0.00686674 -0.00520367 -0.00859985 0.00258936 0.00427621 0.24719 -0.00105558 0.000546664 0.00123921 -0.0114687 0.000696207 -0.0148299 -0.00320288 -0.00516501 -0.00297875 -0.00802446 -0.00507963 0.00113573 -0.00310385 -0.00480684 -0.00429804 -0.000745993 -0.000505222 0.00122543 0.000463384 0.000162534 -0.00288777 -0.00197851 -0.00143125 -0.00351361 -0.00313096 -0.00304994 -0.00244165 -0.00402314 -0.00195017 -0.00136249 -0.00144685 -0.00321588 -0.00204129 -0.00340379 -0.000835809 -0.00195566 -0.00206892 -0.00333431 8.0775e-05 -0.00199401 -0.00276827 -0.000278633 -0.00311757 -0.00204977 -0.00354313 -0.00415633 -0.00149482 -0.00348886 -0.00136549 -0.00109194 -0.00392829 -0.00183354 -0.00111436 -0.00253142 -0.00359401 -0.000852976 -0.00153681 -0.000231898 -0.00358066 -0.0013705 0.000512292 -0.00208584 -0.00274682 -0.00107164 -0.00301264 -0.00265168 -0.000645265 -0.000522943 -0.000910702 -0.00367678 -0.00211568 -0.00187384 -0.00218929 -0.00156969 -0.00133403 -0.00174619 -0.00197743 -0.00114573 -0.00308661 
-0.00435341 -0.000257468 4.70009e-05 -0.00234995 -0.00245459 -0.00255348 -0.00306799 -0.00263377 -0.00274358 -0.00109345 -0.00237203 -0.00823517 -0.0049524 -0.00918798 -0.00342879 -0.00954637 -0.0064904 0.00117398 -0.00235454 -0.0111996 -0.00105558 0.24859 -0.00339023 -0.00633033 -0.00517482 -0.00794828 -0.0121022 -0.00576385 -0.0101199 -0.00461549 -0.00670757 -0.000858651 0.00193592 -0.0046795 -0.00199131 -0.00131506 -0.00349946 -0.00325283 -0.00492479 -0.00199851 1.2498e-05 -0.000612343 -0.00290523 -0.0023873 0.000834419 -9.60957e-05 -0.00050676 -0.00269338 0.00129518 -0.000707612 0.000265385 -0.00328079 -0.000332338 -0.00191612 -0.00316167 -0.00312618 -0.000861686 0.000973557 -0.000939889 -0.00162404 -0.00301963 -0.000492767 -0.00353802 -0.00150798 -0.000854328 -0.0016503 -0.00286586 -0.00112917 -0.00335174 -0.000369699 0.00189725 -0.00179233 -0.00141961 -0.00474997 -0.000707029 -0.00144314 -0.00226737 -0.00103571 -0.00252554 0.000274576 0.00200904 -0.00393387 -0.00280203 -0.00117997 -0.000590491 0.000256456 -0.00347964 -0.00199153 0.000466199 -0.00416461 -0.00345444 -0.000337589 0.00026476 -0.00260498 -0.00103559 -0.00343933 -0.000459669 -0.00175163 -0.00112231 -0.00307376 
-0.00164058 0.000295313 -0.00267798 -0.00403154 -0.00409201 -0.0031204 -0.00176906 -0.000725351 -0.00396251 -0.00205285 -0.00182738 -0.0018026 -0.00525998 -0.00479787 -0.00635615 -0.00941156 -0.00478208 -0.0024067 -0.00744068 -0.000173935 0.000546664 -0.00339023 0.249864 0.00228466 -0.00589517 -0.00787636 -0.00793091 -0.00392714 -0.00161581 -0.00250277 -0.00213749 -0.00557386 -0.00783827 -0.00452259 -0.00373958 -0.00305354 -0.00477128 -0.00267712 -0.00509601 0.00195647 -0.0012458 -0.00298483 -0.0020829 -0.00154272 -0.00325475 -1.461e-05 -0.000371423 -0.00335856 0.000287436 -0.0034916 -0.00206448 -0.000990744 -0.00100667 -0.00179479 4.35053e-05 -0.00223882 0.000376142 -0.00144554 -0.00106617 -0.00319197 -0.00238891 -0.00204891 -0.00460387 -0.0010286 -0.000285744 -0.00125757 -0.00381047 -0.00212808 -0.00180026 -0.00101691 -0.000529171 -0.00167113 -0.00262875 -0.00455648 -0.00236217 -0.00282247 -0.0015107 0.000282746 -0.000833976 -0.000810838 -0.00164274 -0.00262184 -0.000501421 -0.00253054 -0.00305724 -0.00475881 -0.00233827 -0.00210431 -0.00315199 -0.00379238 -0.00229123 -0.00159716 -0.0013316 -0.00274304 -0.00256635 -0.000716471 -0.00131439 -0.00232434 -0.00156318 -0.00186883 
0.000419974 -0.00332705 -0.000734705 -0.00299411 -0.0029469 -0.00225098 -0.00235066 -0.00634346 -2.19982e-05 -0.00143644 0.00020818 -0.00339169 -0.00982873 -0.00342596 -0.0114772 -0.0107358 -0.0109444 -0.00520304 0.00321513 -0.00403773 0.00123921 -0.00633033 0.00228466 0.249976 -0.000647092 -0.00153842 -0.00188255 -0.00477214 -0.00723079 -0.00204643 -0.00629725 -0.00251329 -0.00469604 -0.00106392 -0.00036065 -0.0011682 -0.00105798 -0.00384192 -0.00325531 0.00118989 -0.00179293 -0.00351854 0.000605588 -0.00204694 -0.00126089 -0.00159448 -0.00384415 -0.00246032 -0.00495364 -0.00429709 -0.00214414 -0.00311889 -0.00215868 -0.000176069 -0.00158026 -0.00125396 -0.00197165 -0.00313479 -0.00137419 -0.00235506 -0.000588161 -0.00221808 -0.00118219 -0.00117134 -0.00402451 -0.00170651 -0.000512847 -0.00148466 -0.000963148 -0.00283444 -0.00346742 -0.00144083 -0.00166363 -0.00280908 -0.00109917 -0.00176692 -0.00275778 -0.00232034 -0.00149862 -0.00220596 -0.0017417 0.000776546 -0.000426412 -0.00295497 -0.00132777 0.0007698 -0.00127797 -0.00477974 -0.00361832 -0.0034674 -0.0034637 -0.00283024 -0.00223745 -0.00336342 -0.00216495 -0.00394507 -0.00496653 -0.00324955 -0.000468589 -0.00149547 
-0.00367805 -0.00259451 -0.00424299 -0.00339763 -0.00472588 -0.00142942 -0.00234554 -0.00470269 -0.0041013 -0.00398815 -0.00726492 -0.00524845 -0.0020688 -0.00195736 -0.010608 -0.00907478 -0.00167771 -0.00325702 -0.0010301 -0.0040079 -0.0114687 -0.00517482 -0.00589517 -0.000647092 0.249608 -0.00553277 -0.00261699 -0.00105663 0.000286916 0.000985494 -0.00102892 0.000723458 -0.00505953 -0.00216486 -0.00294118 -0.000758086 -0.00297704 -0.00264293 -0.00413617 5.49725e-05 -0.0008052 -0.0014487 -0.000465208 -0.00280848 -0.00196803 -0.00210341 -0.000411394 -0.00389574 -0.00373697 -0.00332033 -0.00376112 -0.00311577 -0.00367223 -0.00293621 -0.00178415 -0.00227626 -0.00230172 -0.00323654 -0.00218553 -0.00297308 -0.000900175 -0.00304057 -0.00216693 -0.00118871 -0.000638457 -0.00180445 0.00135547 -0.00109543 -0.00228766 0.000548174 -0.000840203 -0.00258839 -0.000448337 -0.000261148 -0.00448194 -0.00514263 -0.00301662 -8.92214e-05 -0.00285254 -0.000410412 -0.000382567 -0.000142809 -0.00340571 -0.00214596 -0.00296912 -0.00382047 -0.00219761 -0.00131825 -0.00333589 0.000252578 -0.00361646 -0.00399366 0.00180879 -0.000806705 -0.001911 -0.000268233 -0.00322592 -0.00241637 0.000198879 -0.00190386 
0.00248066 -0.00132585 -0.0020699 -0.000312453 -0.000863666 -0.00214934 -0.00146775 -0.00124534 -0.00150245 -0.00105585 -0.00380432 -0.00739027 -0.00351851 -0.0125813 -0.00253165 -0.00613316 -0.00486084 -0.00747385 -0.00449206 -0.00645101 0.000696207 -0.00794828 -0.00787636 -0.00153842 -0.00553277 0.223959 -0.00359981 0.00171715 0.000634175 -0.00528698 -0.00402952 -0.00160165 -0.0035155 -0.000212109 -0.00314781 -0.00226807 -0.00121951 -0.00387271 -0.00222076 -0.00545764 0.00117818 -0.00127118 -0.00028118 -0.00399124 -0.00204537 -0.000942859 -0.0020733 -0.00261222 -0.00192292 -0.00222583 -0.00179374 -1.75557e-05 -0.00156404 -0.00136367 -0.00268113 -0.00122189 -0.00385367 -0.00211619 -0.00248228 -0.00173529 -0.00129666 -0.00117633 -0.00273303 -0.00222016 -0.00298231 -0.00244554 -0.00255216 -0.00114722 -0.000588178 -0.000203106 -0.00454121 -0.000985003 -0.0011043 -0.00171315 -0.0012753 -0.0030865 5.02986e-05 -0.000934874 -0.00136269 -0.00175903 -0.00146224 -0.0013582 -0.00280005 -0.00107276 -0.000979696 -0.000566839 0.000118448 -0.00369104 -0.000976727 -0.00191606 -0.00274983 -0.000579696 -0.00184582 -0.00219945 -0.00229352 -0.000692016 -0.00191633 -0.000874832 0.000561075 -0.00256025 
-0.00117988 -0.00308853 -0.00139273 -0.00331825 -0.0029101 -0.00169468 -0.000362976 -0.00267698 -0.00232515 0.000721209 -0.00319272 -0.00215437 -0.00891915 -0.00797669 0.00253705 -0.00254052 -0.00247775 -0.00905399 -0.00189528 -0.00398481 -0.0148299 -0.0121022 -0.00793091 -0.00188255 -0.00261699 -0.00359981 0.216386 0.00348375 0.00100162 -0.00256316 -0.00118561 -0.00338277 -0.00520426 -0.00160849 -0.00449881 -0.00352919 -0.00174297 -0.00353616 -0.00148011 -0.00313649 -0.00243905 -0.00278112 -0.000861714 -0.00152566 -0.00138154 -0.00162549 -0.00227338 -0.00125321 -0.00169377 8.60995e-05 -0.00114797 0.000467218 -0.00357606 -0.004012 -0.00140742 -0.0012125 -0.00386161 -0.000686255 -0.000908203 -0.00146643 -0.00132819 -0.000579796 -0.0030797 -0.00153707 -0.00226398 -0.00098404 -0.000451283 -0.000451171 -0.00147479 -0.00305386 -0.00139197 -0.0021164 -0.000313859 -0.000329981 -0.00164939 0.000417278 -0.00209812 -0.00218591 -0.00355929 4.76139e-05 -0.00250957 -0.00261709 -0.000826716 -0.00059428 9.62092e-05 -0.00242373 4.01509e-05 -0.000779188 0.000142773 -0.00246667 -0.00173227 -0.0021091 -0.000112296 -0.0020362 -0.000334565 -0.000896061 -0.000791018 -0.00311449 -0.00226577 -0.00088055 
-0.00228941 -0.0028359 -0.00137436 -0.00224448 -0.00193183 -0.00235447 -0.00140529 -0.00312007 -0.00230047 -0.00307161 -0.00117955 -0.00426696 -0.0050435 -0.00359078 -0.00656571 -0.00763863 -0.0113925 -0.00792452 -0.00439837 -0.000613558 -0.00320288 -0.00576385 -0.00392714 -0.00477214 -0.00105663 0.00171715 0.00348375 0.193914 0.0019313 -0.00404667 -0.00261493 -0.00121965 0.00119006 -0.00114386 -0.00227612 -0.00361066 -0.000144349 -0.000763442 -0.000997315 -0.00250727 -0.00320939 -0.00229167 -2.81167e-05 -0.000848383 0.00106898 -0.00188295 -0.00209792 -0.000199304 -0.00275617 0.000313455 0.000579949 -0.000363024 -0.00314233 -0.000951109 -0.00157018 -0.000752608 -0.00541789 -0.000315393 -0.000596287 -0.00249765 -0.000729485 -0.00200558 -0.00333664 -0.00152745 -0.00276465 -0.000985502 -0.00135715 -4.74589e-05 -0.000998529 0.000129434 -0.000187252 -0.00159497 -0.00130035 -0.00169969 -0.00243922 -0.00203936 0.00042696 -0.00244063 -0.000591184 -0.000391245 -0.00337445 -0.00174326 -0.000555515 -0.000486292 -0.00123607 -0.00179208 -0.00142665 -0.00150514 -0.00348534 -0.000610343 -0.00214649 -0.00124264 -0.00175233 -0.0027026 -0.0013145 -0.00137319 -0.00217729 -0.00170512 -0.0023366 -0.00284356 
-0.00225607 -0.0019946 -0.000714836 -0.00202463 -0.00251584 -0.00278943 -0.0013892 -0.00100103 -0.00383971 -0.00207455 -0.00413508 -0.00108686 -0.00244158 -0.00758219 -0.00480683 -0.000805549 -0.000685459 -0.00581826 -0.00449183 -0.00336846 -0.00516501 -0.0101199 -0.00161581 -0.00723079 0.000286916 0.000634175 0.00100162 0.0019313 0.206178 0.00276822 -0.00224901 -0.00225163 -0.0025163 -0.00423216 -0.00300023 -0.00158102 -0.00305796 -0.00381593 -0.00164873 -0.00196835 -0.00405306 -0.000407821 -0.00173493 -0.00240704 -0.00404571 -0.00135799 -0.000839363 -0.00111969 -0.000494019 -0.0018988 -0.00305391 -0.00102802 -0.00191426 -0.0010482 -0.00126498 -0.00104876 -0.00351056 -0.00275236 -0.000680334 -0.000820532 -0.00289979 0.000322254 -0.00154297 -0.00268763 -0.000958541 -0.00107049 -0.00102153 -0.00106383 -0.0025712 -0.000795409 -0.000834072 -0.0030653 -0.00245477 -0.000339372 -0.000921654 -0.00070749 -0.0020131 -0.00200499 -0.00217639 -0.00011913 -0.00417612 -0.00177399 -0.00201228 -0.00180571 -0.0037594 -0.00189769 -0.0007783 -0.00149281 -0.000505679 0.000150622 -0.00202407 -0.00110006 -0.00188717 -0.000830432 -0.00105707 -0.00302761 -0.00261614 -0.0029609 -0.00564717 -0.00291753 
-0.00130627 -0.000773432 -0.000873833 -0.000561882 -0.00152098 -0.000447163 -0.000350794 -0.00332668 -0.000670367 -0.000480573 -0.000253534 -0.00225131 -0.00521226 -0.00251011 -0.00563207 0.00017934 -0.00491286 -0.00429896 -0.00472498 -0.00545539 -0.00297875 -0.00461549 -0.00250277 -0.00204643 0.000985494 -0.00528698 -0.00256316 -0.00404667 0.00276822 0.153688 0.000664227 -0.00276354 -0.00268191 -0.00202409 -0.00106506 -0.000828867 -0.00174322 -0.00176383 -0.00305043 -0.00228726 -0.00236295 -0.00186948 -0.00156719 -0.000786729 -0.000989209 -0.00199226 -0.00105762 -0.00141983 -0.00198034 -0.0011821 -0.00126053 -0.00231435 -0.000130603 -0.00116968 -0.000125532 -0.000871803 -0.00226069 -0.00264987 -0.000824292 -0.0026561 -0.000732908 -0.00102407 -0.000853496 -0.0011817 -0.00161507 -0.001244 -0.000156619 5.05313e-05 -0.00124045 -0.00333479 -0.00199205 -0.00130937 -0.000389023 0.00022031 -0.000663237 -0.00150983 -0.00148541 -0.000680483 -0.000185153 -0.00103593 -0.000770414 -0.000879364 9.84787e-05 -0.000874349 -0.000824779 -0.00099567 -0.00175532 -0.000583258 -0.00238095 -0.00115318 -0.000396166 -0.000881525 -0.000332854 -0.00125484 0.000274691 -0.0016127 -0.00132422 -0.00267879 -0.00103981 -0.00127439 
-0.0016959 -0.000981005 -0.00184521 -0.000996583 -0.00189397 -0.00193184 -0.00084293 -0.000450858 -0.00135039 -0.00234007 -0.000624002 -0.00410144 -0.00376604 -0.00320034 -0.00398408 -0.00071293 -0.0074531 0.00401571 -0.00471318 -0.00700536 -0.00802446 -0.00670757 -0.00213749 -0.00629725 -0.00102892 -0.00402952 -0.00118561 -0.00261493 -0.00224901 0.000664227 0.166052 -0.00260606 -0.0018884 -0.00264245 -0.00106023 -0.00252743 -0.00148337 -0.000560951 0.00162762 -0.00147607 -0.00289905 0.000285102 -0.00101306 -0.00124298 -0.00233951 -0.00081361 -0.00254435 -0.00071042 -0.000408114 -0.00207872 -0.0028459 -0.000464035 0.000670181 8.48096e-05 -0.000968882 -0.000593882 -0.00041758 -0.000354901 -0.000869015 -0.00340848 -0.00170906 -0.00178904 -0.000956056 -0.000336633 -0.00203051 -0.000335853 0.000346284 -0.000964568 -0.00121191 -0.00163125 -0.00148267 -0.00219522 -0.00158622 -0.00124608 -0.00160066 -0.0024336 0.000355362 -0.000604379 -0.00113242 -0.00142183 -0.0015345 -0.00230809 -0.000976924 -0.000716951 -0.00130709 -0.000633543 -0.00192601 -0.000692724 -0.00212872 -0.00168664 -0.00103855 0.000230859 -0.00064591 -0.00278644 -0.000587479 -0.00257644 -0.00108577 -0.00206338 -0.00233139 -0.00025612 
-0.00122329 -0.00268866 -9.93302e-05 -0.000987057 -0.00143949 -0.00278324 -0.000762847 -0.00100007 -0.000618886 -0.00202117 -0.000877757 -0.00573069 -0.00423097 -0.000546892 0.00283638 -0.00122432 -0.00895587 -0.00273561 -0.000302991 -0.00756437 -0.00507963 -0.000858651 -0.00557386 -0.00251329 0.000723458 -0.00160165 -0.00338277 -0.00121965 -0.00225163 -0.00276354 -0.00260606 0.139025 0.0008289 -0.00207261 -0.000990162 -0.000807655 -0.000654941 8.50437e-05 -0.0030481 -0.00204822 0.00117603 -0.00160674 -0.00186561 -0.00176889 -0.000144258 -0.00118246 0.000200656 -0.000552597 -0.00138889 -0.00100538 -0.00129377 -0.00164905 -0.00158227 -0.00141423 -0.00190429 -0.00177545 -0.00116449 -0.00164808 0.000459453 -0.000625394 -0.00126984 -0.00106146 -0.00192209 -0.00110812 -0.00035336 -0.000970679 0.000901621 -0.00158998 -0.000734001 -0.00099721 -0.000733053 -0.000418873 -0.000889749 -0.000864433 -0.000771199 -0.00239031 -0.00134802 -0.000942386 -0.000153169 -0.000436401 -0.00128511 -0.00111015 -0.00191111 -0.00079336 0.000617597 -0.000992981 -0.000850268 -0.00164978 -0.000389674 -0.00129409 -0.00112215 -0.000600438 -0.00151681 -0.00036647 -0.00114798 -0.00186592 -0.00061598 -0.000845804 -0.0015803 -0.00212407 
