0.0776038 -0.000625272 -0.000455053 -3.32948e-06 -0.000594304 -0.000362362 -0.00208454 -0.000465271 -0.000374885 -7.76317e-05 0.000234628 -0.00131934 -0.00196735 -0.0017462 -0.00103131 -0.00194116 -0.00170861 -0.00317865 -0.00335604 -0.00143855 -0.000859514 -0.000872458 -0.00193407 -0.000752053 -0.000580876 -0.00369584 -0.000841156 -0.00285353 -0.00208497 -0.0019212 -0.00128895 -0.00123709 -0.00118786 -0.00119409 -0.000467826 -0.000366695 -0.000204184 5.3587e-05 -0.00159689 -0.00109082 -0.000300181 -0.00101265 -0.000426899 -0.000425548 -0.000774192 -0.00104865 0.000292932 0.000126477 -0.000108156 -4.16566e-06 -0.000753323 -0.000385039 -0.000904585 -0.000761977 -0.000612481 -0.000235202 -0.000551278 -0.00024224 -0.000408699 -0.000520495 -0.000496928 -0.000245027 -0.000708163 -9.2978e-05 -0.000593492 3.50079e-05 -0.000480671 -0.000820892 -0.00123411 -0.00062528 6.9114e-05 -0.000963251 -0.000796899 -0.000890924 -0.000830733 -0.000133712 -0.00010977 -0.000821684 -0.000670855 -0.000610022 -0.00121642 -0.000212659 -0.00135523 0.000251663 -0.00149031 -0.000891303 -0.000929496 -0.000324736 -0.000361748 -0.000243127 -0.000678802 -0.000902351 -0.00106584 -5.71134e-05 -0.000590932 -0.00018103 0.000112559 0.000108072 0.000126311 -0.000152003 
-0.000625272 0.0758732 -8.6239e-05 -8.15994e-05 -9.61405e-05 -0.000718344 -0.000254713 -0.00111833 -0.00150923 -0.00012446 -0.000569615 -0.00168085 -0.000287712 -0.00190536 -0.000715947 -0.0022103 -0.00177329 -0.000487469 -0.00131238 -0.00043145 -0.00334532 -0.00261267 -0.00178827 -0.00298219 -0.00180529 -0.00459448 -0.000527258 -0.00173826 -0.000829455 0.000312876 -0.00257059 -0.00154835 -2.9214e-05 -0.000446415 -0.000573689 -0.000565133 -0.00109312 2.19446e-05 -0.000860427 -0.00105875 -0.000790674 -0.000847527 0.000407084 -0.0011923 -0.000528441 -0.000473617 -0.000359409 4.31647e-05 -0.00078694 -0.000440699 -0.000116815 -8.51508e-05 0.000733235 -0.000188411 -0.00114385 -0.000641116 -0.000577359 -0.000664431 -0.000862537 -0.00102655 0.000109063 -0.00158998 -0.000776919 -0.000993923 -0.000141133 -0.00076484 -0.000470811 -8.57516e-05 -0.000999217 -0.000127428 -0.00051036 -0.000612083 -0.00019481 -0.000290111 -0.000805813 -0.000603229 -0.00015222 -0.000605314 -0.000704994 -0.000802244 -0.000417133 -0.000517595 -0.00047105 -0.000754585 -0.000659605 -0.00121763 0.000328909 -0.00048668 -0.000492638 -0.000244273 -0.000130285 -0.000609151 -0.0007539 -0.00025692 1.71613e-05 -0.00107005 -0.000832995 -0.000425292 -0.00065272 -0.000939522 
-0.000455053 -8.6239e-05 0.0779227 -0.00141291 -0.00190242 5.56782e-05 -0.000103333 0.000352069 0.000290375 -0.00117969 -0.00141549 -3.94875e-06 -0.0022684 -0.00111429 -0.00168878 0.000353923 -0.00193117 -0.00160261 -0.00244236 -0.00199749 -0.00257785 -0.0036315 -0.00161139 -0.000612064 -0.001472 -0.00342725 -0.00258069 -0.00217663 0.000236165 -0.00196953 -0.00223739 -0.00116802 -0.000854847 -0.00133955 -0.000735632 -0.000604731 -0.000461425 -0.0007802 -0.00074426 -0.000911192 -0.00091696 -0.000621308 -0.00012554 3.07139e-05 -0.000565802 -0.000491813 -0.00107957 -0.000231901 -0.00102882 -0.00102908 -0.000516715 -0.000212118 -0.00112485 0.000331062 -0.000572155 -0.00038485 -0.000586162 -0.0011302 -0.000224217 -0.000737989 0.000186382 5.25018e-05 -0.00109579 -0.000708277 -0.00075169 0.000279728 -0.00105397 0.000228114 -0.00157411 -0.000742842 -0.000747857 -0.000810261 -0.000758235 -0.000259487 -0.000444785 0.000188536 -0.00126864 -0.000584642 3.31232e-06 -0.00101593 -0.00013101 -0.000395557 -0.00113278 -0.000504793 1.47255e-05 -1.30091e-06 -0.000457819 9.96705e-05 -2.72048e-05 0.000404432 -0.000276592 -0.000321833 0.000183133 -0.000688971 -0.00104342 -0.00118983 -0.000829897 -0.000292594 -0.000656347 -0.000366321 
-3.32948e-06 -8.15994e-05 -0.00141291 0.0854058 6.09912e-05 -0.000863639 4.45289e-05 0.000992801 -0.00117634 -0.00141643 0.000273485 -0.00116405 -0.00273459 -0.00157857 -0.00333484 -0.00133125 1.38821e-05 -0.00350118 -0.00279148 0.000303319 -0.000790677 -0.00158042 -0.00299722 -0.00238874 -0.000416096 -0.00188571 -0.00314506 -0.000837921 -0.000519467 -0.00154211 -0.00121974 -0.000986228 -0.00139515 -0.000493112 -0.00127306 -0.0013011 -0.000129838 -0.000627237 -0.00139958 -0.000393186 -0.00130601 -0.000940234 -0.00134003 -0.00130667 0.000477262 -0.00141863 -0.00161884 -0.00104039 -0.000847785 -0.00108158 -6.93067e-05 -0.00053233 -0.00141269 -0.00165609 -0.00173603 -0.0006048 -0.000479792 -0.000719566 -0.00103384 -0.000355251 -0.000676983 -0.000553333 -0.000738817 -0.000715183 -0.000225412 -0.00134928 -0.000675802 -0.00071762 0.000491006 -0.000311242 -0.00135807 -0.000308689 -0.000575207 -0.000551512 -0.000533322 0.000358685 -0.000860628 -0.000250886 -0.000170482 -0.000482513 -0.000263373 -0.000474383 -0.000643066 -0.00100508 -0.000996294 -0.000364889 -0.000707343 -0.000145332 -7.64394e-05 -0.000630841 -0.000184408 -0.00087553 -0.000531379 -0.000939952 -0.000885453 -0.000471818 -9.05079e-05 -0.000725296 -0.000525361 -0.000618252 
-0.000594304 -9.61405e-05 -0.00190242 6.09912e-05 0.0940403 -0.000487198 -0.00100507 0.000204403 -0.00165221 -0.00163503 -0.00270959 -0.0037879 -0.00216419 -0.00149504 -0.00539763 -0.00111744 -0.000429181 -0.00490753 -0.00430641 -0.000663983 0.00174858 1.38764e-05 -0.00191271 -0.00187461 -0.00351076 -0.00216764 -0.000328895 0.000278607 0.00117145 -0.00170394 -0.001057 -0.00368468 0.000494536 -6.692e-05 -0.00131995 -0.000802392 -0.000868526 -0.000213652 -0.000825433 2.16299e-05 -0.00149235 -0.0009628 -0.0010628 -0.000619217 -0.00112672 -0.000460745 -0.00120693 -0.000610887 0.000616404 -0.000571237 -0.000858215 -0.000916273 -0.000648779 -0.000591578 -0.00103947 -0.00202773 -0.00106463 -9.15897e-05 -0.000644076 0.000853215 -0.000414102 2.27451e-05 -0.000603858 -0.000487834 -0.000151727 -0.0018638 -0.000903999 -0.000970154 -0.000686087 -0.000701718 -0.000377424 -0.00112612 -0.000769918 -0.000605114 -0.000549547 -0.00205534 -0.00128475 -0.000630671 -0.000964123 -0.00106781 -0.000914095 -0.00090755 -0.000182835 -0.000472831 -0.00116327 -0.00126232 -5.45902e-05 -0.00102869 -0.000496468 -0.000681369 0.000120515 -0.000118902 -0.000364387 -0.000606212 -0.000759537 -0.00087329 -0.000823598 -0.000696213 -0.000499374 -0.000843194 
-0.000362362 -0.000718344 5.56782e-05 -0.000863639 -0.000487198 0.102019 -0.000196607 -1.35355e-05 0.000847475 -0.00120175 -0.00158176 -0.0005792 -0.00104094 -0.000757099 -0.003099 -0.00410629 -0.00154527 -0.00448681 -0.00056164 -0.00253942 -0.00380833 -0.0047233 -0.00387291 -0.00158983 -0.00110379 -0.00513965 -0.0012321 0.00180535 -0.00126381 -0.00198406 -0.00162734 -0.000919038 -0.000640956 -0.000670264 -0.00220907 -0.000303027 -0.000280453 -0.00055872 -0.00145449 0.000432832 -0.000560019 -0.000401936 -0.000551548 -0.000346254 -0.00136978 -0.000238729 -0.000959784 -9.07164e-05 -2.33077e-06 -0.000868129 -0.00147615 -0.000766751 -0.00110216 -0.000427027 0.000124525 -0.000580287 -0.000777848 -0.00101639 -0.000798679 -0.00138432 -0.000998843 -0.000221219 -0.00125679 -0.00150878 -0.000170475 -0.000463828 -0.000779137 -0.000710517 -0.00165035 0.000315025 -0.000580812 -0.000778127 -0.000746366 -0.00060361 -0.00125592 -0.000600517 -0.000693896 -0.000380355 -0.00135769 -0.00188076 0.000168512 -0.000941987 -0.000316067 -0.00143525 -0.00173104 -0.000678754 -0.00133125 -0.000812959 -0.00101349 -0.000145656 0.000378649 -0.000849102 -0.00160736 -0.00060063 -0.000885243 -0.00111039 -0.00175529 -0.00125032 -0.000327555 -0.00147625 
-0.00208454 -0.000254713 -0.000103333 4.45289e-05 -0.00100507 -0.000196607 0.107793 -0.000241074 -0.000183924 0.000522417 8.18722e-05 -0.00261252 -0.0020245 -0.00230438 -0.00179649 -0.00198588 -0.000944816 -0.00295325 0.000936683 -0.0054057 -0.000913137 -0.00408262 -0.00815665 -0.00228197 -0.00320984 -0.000248069 -0.000328574 -0.00400412 -0.00122362 -0.00374412 -0.000975854 -0.00141034 -0.00281838 0.00027803 0.000740076 -0.000652495 -0.000894363 -0.00123377 -0.0016027 -0.000689944 -0.00134847 -0.000772282 -0.00120644 -0.000850248 -0.00056988 -0.00182164 0.00056592 -0.000885538 -0.000746249 -0.00141035 -0.000631299 -0.000245086 0.000313354 -0.00102434 -0.00104287 -0.000775471 -0.00108068 -0.000894171 -0.000520203 -0.000890966 -0.000757309 -0.000376773 -0.00103005 -0.000733588 -0.00104933 -0.00109927 -0.000941039 -0.000230932 -0.00147806 -0.000947944 -0.00179706 -0.00169268 -0.000997939 -0.00062495 -0.000281966 0.00049252 -0.000169532 0.000168596 -0.00109554 -0.00141282 -0.000395913 -0.000878178 -0.000135679 -0.0022436 -0.00113808 -0.000679332 -0.00180252 0.000110223 0.000655894 -0.00150293 -0.00108621 -0.000488344 -0.00129224 -0.000197745 -0.00104847 -0.00122624 -0.00159475 0.000331021 -0.00132509 1.97833e-06 
-0.000465271 -0.00111833 0.000352069 0.000992801 0.000204403 -1.35355e-05 -0.000241074 0.123918 0.0012185 -0.00221178 -0.00260897 0.000811235 0.000473571 -0.00385978 -0.00353668 -0.000824423 -0.00389466 -0.00219735 -0.00258736 -0.00305245 -0.00200908 -0.00220439 -0.00538508 -0.0031467 -0.00562256 -0.00479537 -0.00391081 -0.000180077 -0.0015309 -0.000104793 -0.00155114 -0.00258768 -0.00158034 -0.00167218 -0.00146257 -0.000903929 0.000687167 -0.00163247 -0.00227689 -0.000842777 -0.00111552 -0.00125399 -0.00130383 -0.00211863 -0.000392966 -0.000196672 -0.00135528 -0.0019953 0.000966929 -0.00184731 -0.00155923 -0.000546265 -0.00197581 -0.000219178 -0.00122675 -0.0013125 -0.00190447 -0.0022583 -0.00185572 5.52816e-05 -0.00165966 2.12281e-05 -0.000470273 -7.00379e-05 -0.00114283 -0.00116556 -0.00230163 -0.00118152 7.05025e-05 -0.000764075 -0.000975368 -0.0011834 -0.000891533 -0.000293046 -0.00105981 -0.00164856 -0.000974375 -0.00102142 0.000364046 -0.00147773 -0.000413403 -0.00057699 -0.000372032 -0.000127394 -0.00126517 -0.000712346 -0.00135854 -0.00150242 -4.93765e-05 -0.000948472 -0.000896016 -0.000556028 -0.00206306 -0.00108525 -0.00164772 -0.00150605 -0.00118377 -0.000205809 -0.000875836 -6.04651e-05 
-0.000374885 -0.00150923 0.000290375 -0.00117634 -0.00165221 0.000847475 -0.000183924 0.0012185 0.133497 -0.000718033 -0.00319805 -1.79429e-05 0.00200649 -0.00104323 -0.00259931 -0.00348405 -0.00194574 -0.00561849 -0.00401268 -0.00632617 -0.00526127 -0.00688588 -0.00223417 -0.00111904 -0.00476806 -0.00152261 -0.00495274 0.000842224 -0.00141294 -0.00408761 -0.00101845 0.00170973 0.000945336 -0.00177459 -0.000337 -0.00104076 -0.00176218 -0.000972951 -0.00228117 -3.3805e-05 -0.00078814 -0.00119657 -0.000492235 -0.00190145 -0.000969667 -0.00153267 -0.00108077 -0.00126748 -0.000768494 -0.00136147 -0.0019105 -0.000434952 -0.000715883 -0.00111412 -0.00125568 -0.00144106 -0.00154767 -0.00260637 -0.00123783 -0.00157523 -0.000649466 0.000767017 -0.00139914 -0.000865972 -0.00212576 -0.00170338 -0.00138734 -0.00153107 -0.00105716 -0.000242757 -0.00114233 -0.000519752 0.000445669 -0.000343384 -0.00170941 -2.62377e-05 -0.00103182 4.72911e-06 -0.00125074 -0.00234546 -0.00175493 -0.00152594 -0.00121243 -0.00201308 -0.000208797 -0.00111419 -0.00158376 -0.00138593 -0.0019059 -0.000692191 -0.00105115 -0.000267917 -0.00236886 -1.93467e-05 -0.00147219 -0.000694796 -0.00187791 -0.000794971 0.000655122 -0.00142998 
-7.76317e-05 -0.00012446 -0.00117969 -0.00141643 -0.00163503 -0.00120175 0.000522417 -0.00221178 -0.000718033 0.11977 -0.0016784 -0.00416308 -0.000487259 -0.000313643 -0.00356697 -0.0042635 0.00195976 -0.00092643 -0.00202663 -0.00416934 -0.00423993 -0.00224253 -0.00466742 -0.00360105 -0.00529317 -0.00306491 -0.00354765 -0.00170904 -0.00293366 -0.00428189 -0.00158536 0.000567632 -0.00189624 -2.85235e-05 -0.00238211 -0.00142976 -0.00123833 -0.00128975 -0.00126248 -0.00132919 -0.000998703 -0.00162877 -0.000870735 -0.000440686 -0.00136802 -0.00016134 -0.00193514 -0.000331808 -0.000141531 -0.000154927 -0.000197161 -0.000497994 -6.88509e-05 -0.00169536 0.000249707 -0.00107161 -0.000989605 -0.000516818 -0.00138312 -0.000572324 -0.000350675 -0.00173503 -0.000534927 -0.000895666 -0.000400472 -0.00119551 -0.00205738 -0.000594677 -0.00121913 -0.000122313 -0.00138616 -0.00133799 -0.000839935 -0.000303018 -0.000611806 -0.000739229 -0.00113627 -0.00142991 -0.00087171 3.17175e-05 -0.000617977 0.000268313 -0.00107425 -0.00179772 8.39622e-05 -0.000963792 0.000630019 -5.18972e-05 -0.00012334 -0.0020197 0.000196489 -0.00152837 -0.00019135 -0.000424123 -0.00102804 -0.00163526 -0.000137192 -0.00114358 0.000426544 -0.00100101 
0.000234628 -0.000569615 -0.00141549 0.000273485 -0.00270959 -0.00158176 8.18722e-05 -0.00260897 -0.00319805 -0.0016784 0.157448 -0.00262469 -0.00434189 -0.00116531 -0.00254516 -0.00325462 -0.00717206 -0.00386057 -0.00340811 0.000142021 -0.0017415 -0.000812864 -0.00380087 -0.00575183 -0.00415508 -0.00432685 -0.00516329 -0.00383834 0.000771612 -0.00251063 0.00175593 -0.00340227 -0.00283206 -0.00134279 -0.00160872 -0.00109877 0.000413561 -0.00220392 -0.000870616 -0.00172489 -0.00191542 -0.00198877 -0.00164935 -0.00259912 -0.000868568 -0.00131331 0.000293411 -0.000462546 -0.00141337 -0.002941 -0.00231594 0.00016605 -0.00139589 -0.00505691 -0.000475667 0.000561205 -0.00112799 0.000278022 -0.00124076 -0.00239537 -0.000717077 -0.00063782 0.000245188 -0.000681948 0.000909774 -0.000729827 -0.00126379 -0.000965954 -0.00120508 -0.000454694 -0.00265258 -0.0010124 -0.000319429 -0.00131856 -0.00160423 -0.00136394 -0.00147434 -0.000966078 0.000153911 -0.00204292 -0.000822198 -0.000924907 -0.00304688 -0.00110949 -0.00209415 -0.00145645 -0.00060773 -0.00214693 -0.000765802 -0.0018476 -0.00107247 -0.000307328 -0.00102202 -0.000480412 -0.000992128 -0.00044831 -0.0016262 -0.00116311 -0.00177988 -0.00212415 
-0.00131934 -0.00168085 -3.94875e-06 -0.00116405 -0.0037879 -0.0005792 -0.00261252 0.000811235 -1.79429e-05 -0.00416308 -0.00262469 0.165447 -0.00594094 -1.48624e-06 -0.00239916 -0.00101039 0.00388259 -0.0111905 0.000422142 -0.00395548 -0.00181765 -0.00767482 -0.00500774 -0.000885643 -0.00084905 -0.00727674 -0.00322021 -0.0050829 -0.00352636 -0.0031658 -0.00650322 -0.00218894 -0.0029626 -0.00157039 -0.00268061 -0.00315849 -0.00116392 -0.00148436 -0.00244502 0.000537665 -0.000997757 -0.000408556 -0.000625493 -0.000539273 -0.000804997 -0.00118527 0.000441309 3.02129e-05 -0.00235032 -0.000919718 -3.93484e-05 -0.000993779 -0.000927955 -0.00343478 -0.0011386 -0.00199628 -0.00141762 -0.00123289 -0.00106808 -0.00233289 -0.00252217 -0.000242083 8.01179e-05 0.000865028 -0.000259151 -0.00108849 -0.00158243 -0.00151126 -0.00279404 -0.00130018 -0.00271815 -0.000945889 -0.00193524 0.000111187 -0.00179262 -0.00149605 -0.00194451 0.000224177 -0.000567596 -0.00141347 -0.00128649 -0.000575178 -0.000931037 -0.00129342 -0.00064574 -0.000718069 -0.00165994 -1.83742e-05 -0.00209039 8.66043e-05 -0.00153525 -0.00100826 0.000626866 -0.00201753 -0.000422808 -0.00206962 -0.00290054 -0.00154079 -0.000207032 -0.00100305 
-0.00196735 -0.000287712 -0.0022684 -0.00273459 -0.00216419 -0.00104094 -0.0020245 0.000473571 0.00200649 -0.000487259 -0.00434189 -0.00594094 0.190358 9.4947e-05 -0.0028167 -0.00184979 0.000677252 0.00199019 -0.000559517 -0.00179027 -0.0116594 -0.00489167 -0.0080894 -0.00877901 -0.0090789 -0.00122983 -0.00795573 -0.0010578 0.00229866 -0.00570839 -0.0039521 -0.000541958 -0.00136572 0.000466071 0.000648999 -0.0019341 -0.00197688 -0.00323519 -0.0005014 -0.00243608 -0.00219325 -0.000437745 -0.00236908 -0.000686495 -0.000217279 -0.000117865 -0.00192686 -0.0018879 -0.000684195 -0.00255379 -0.00347923 -0.00204358 -0.00194254 -0.00200236 -0.00129648 -0.00281087 -0.000146061 -0.00290777 -0.00412705 -0.00289657 -0.00126617 -0.00309948 -0.00164933 -0.0026161 -0.00127735 -0.00239953 -0.00147389 -0.00327399 -0.00254444 -0.00205135 0.000861335 -0.00162895 -0.000128347 0.00177755 -0.00283907 -0.00232681 -0.00121584 -0.00119962 0.00102579 -0.00154755 -0.00115312 -0.00232104 -0.000336073 0.000953474 -0.00228897 -0.00129613 -0.000230592 -0.00178058 -0.00309124 -0.000658405 -0.00167015 -0.00216381 -0.00280269 -0.00186012 -0.0019408 -0.00265603 0.000246864 -0.000794716 -0.00193961 -0.000962738 
-0.0017462 -0.00190536 -0.00111429 -0.00157857 -0.00149504 -0.000757099 -0.00230438 -0.00385978 -0.00104323 -0.000313643 -0.00116531 -1.48624e-06 9.4947e-05 0.204827 -0.00247329 -0.00333026 -0.00282877 0.00218037 -0.00399806 -0.00371625 -0.0145359 -0.0136703 -0.00594417 -0.011178 -0.00108913 -0.011362 0.00334591 -0.000539862 -0.00163605 0.00126331 -0.00662378 -0.00122708 -0.000636489 -0.00490726 -0.00451343 -0.00293107 -0.0009711 -0.00256643 -0.00112077 -0.0027841 -0.00200214 -0.0004147 -0.00233593 -0.00246029 -0.00265482 -0.00256979 -0.00136152 -0.00158849 -0.00194941 -0.00141343 -0.00160037 -0.00158235 8.79751e-05 -0.00400443 -0.00194209 -0.00114358 -0.000604622 -0.0018352 -0.00073751 -0.00265668 0.000214485 -0.00152647 -0.000772099 -0.00171302 -0.00158163 -0.00277261 -0.000896689 -0.00166493 -0.00156169 -0.00245236 -0.00141355 -0.00175183 -0.000449498 -0.00109479 -0.00280285 -0.00163519 -0.00165781 -0.000899803 -0.00165677 0.00107988 -0.000996098 0.00165737 -0.00358481 -0.00219797 -0.00105261 0.000557706 -0.00244716 -0.00277555 -0.00148857 -0.000333319 -0.00196498 -0.00140243 -0.00106085 -0.00181812 -0.00108339 -0.00180609 -0.00092436 -0.00294336 -0.00186473 -0.000535654 
-0.00103131 -0.000715947 -0.00168878 -0.00333484 -0.00539763 -0.003099 -0.00179649 -0.00353668 -0.00259931 -0.00356697 -0.00254516 -0.00239916 -0.0028167 -0.00247329 0.222215 0.00317187 -0.00914791 -0.000178214 -0.000633203 -0.00714533 -0.00496208 -0.0101066 -0.00163231 0.000847333 -0.00559521 -0.00225665 -0.000146823 -0.00377228 -0.00872496 -0.000737392 -0.00340024 -0.00761215 -0.00412925 -0.000802885 -0.00504022 -0.00111482 -0.00263184 -0.00163447 -0.00119474 0.000228991 -0.00339555 -0.00110303 -0.0025188 -0.00162453 -0.00232706 -0.00214598 -0.00131039 -0.00170797 -0.00148332 -0.00215511 -0.00205037 -0.00163517 -0.00127676 0.00129818 -0.00382514 -0.001552 -0.0010543 -0.00254092 -0.0025997 -0.000519592 -0.000462954 -0.00345164 -0.00145397 -0.00252514 -0.00158594 -0.00285225 0.00012902 -0.00117237 -0.00320453 -0.00377703 -0.00141549 -0.000233711 -0.00217688 -0.0012635 -0.00480807 -0.00120355 -0.00180614 -0.00178272 0.000898311 -0.00263187 -0.00248474 0.0007665 -0.00275509 -0.00168848 -0.00376667 -0.00149351 -0.00137233 -0.000513889 -0.000516451 -0.00312068 -0.0017017 -0.000887182 -0.0025216 -0.00200204 -0.00188189 -0.00126124 -0.00126206 -0.0014258 -0.00320456 -0.00146128 
-0.00194116 -0.0022103 0.000353923 -0.00133125 -0.00111744 -0.00410629 -0.00198588 -0.000824423 -0.00348405 -0.0042635 -0.00325462 -0.00101039 -0.00184979 -0.00333026 0.00317187 0.233123 -0.00547745 -0.00427055 -0.000788674 -0.00676568 -0.0104091 -0.00704901 -0.00847879 0.00136607 -0.00909744 -0.00125144 -0.00929469 -0.00560813 -0.00720699 -0.00445711 -0.00070285 -0.00378231 -0.00420471 -0.00416033 -0.00310286 -0.00291205 -0.0023723 -0.00189125 -0.00149015 -0.00207703 -0.00371297 -0.00072075 -0.00243854 -0.00170366 -0.0011166 -0.00012506 -0.00343505 -0.00282787 -0.002422 -0.000536614 -0.0042559 -0.00270775 -0.00397527 0.0023112 -0.00156708 -0.00430545 -0.000892726 -0.00162991 -0.00215702 -0.00133745 -0.00238045 0.000120922 -0.00173603 -0.00115825 -0.00230008 -0.00210297 -0.000323406 -0.00141254 -0.0013715 -0.00142555 -0.00339326 -0.00101135 -0.000588996 -0.00233001 -0.00138116 0.00255146 -0.00300128 -0.00199913 -0.00115524 -0.00131761 0.00108593 -0.00136703 -0.00212641 -0.00365224 -0.00202643 -0.000598696 -0.00341158 -0.00281146 -0.0013482 -0.0018021 -0.00029663 -0.000343889 -0.00133505 -0.0021835 -0.00197556 -0.000381854 -0.00102893 -0.00108403 -0.00431058 -0.00218359 
-0.00170861 -0.00177329 -0.00193117 1.38821e-05 -0.000429181 -0.00154527 -0.000944816 -0.00389466 -0.00194574 0.00195976 -0.00717206 0.00388259 0.000677252 -0.00282877 -0.00914791 -0.00547745 0.235209 -0.00630892 -0.00767873 -0.0076484 -0.00470712 -0.00445169 -0.00901452 -0.0054518 -0.00758869 -0.00253596 -0.00242025 -0.0041631 -0.00279711 0.000737841 -0.00507309 -0.00737932 -0.00527093 -0.00379663 -0.00226111 -0.00413599 -0.00379038 -0.00121755 -0.00166542 -0.0035661 -0.00324149 -0.00275669 -0.00213902 0.000602994 -0.000532723 -7.02789e-05 -0.00223514 -0.00273024 4.04546e-06 -0.00110126 -0.00313675 -0.00153242 -0.000845097 -0.00338816 -0.00205989 -0.00239414 -0.000151165 -0.000999788 -0.00233289 -0.00379952 -0.0022383 -0.00200996 0.000525722 -0.00176199 -0.000843875 -0.00274897 2.04539e-05 -0.0032935 -0.00402971 -0.00263343 -0.00020437 -0.00130317 -0.00238469 -0.000720271 -0.00136056 -0.00265049 -0.000998443 -0.000690066 -0.00250961 -0.000413808 -0.00143372 -0.00249693 -0.000705251 -0.000978909 -0.000275211 -0.00299078 -0.00138195 -7.60211e-05 0.00015153 -0.00322264 -0.00234797 -0.00247181 -0.00141099 0.000531686 -0.00226899 -0.00413658 -0.00332469 -0.00315063 -0.000398151 -0.00128216 
-0.00317865 -0.000487469 -0.00160261 -0.00350118 -0.00490753 -0.00448681 -0.00295325 -0.00219735 -0.00561849 -0.00092643 -0.00386057 -0.0111905 0.00199019 0.00218037 -0.000178214 -0.00427055 -0.00630892 0.246444 -0.0055118 0.000488686 -0.00552881 -0.0030982 -0.00889749 -0.0121987 -0.0110334 -0.0108892 -0.00407131 -0.00167369 -0.00489169 -0.00305176 -0.00694649 -0.00564463 -0.000768102 -0.000620668 -0.000441977 0.000101622 -0.00195392 -0.00168717 -0.00163617 -0.00244152 -0.00252739 0.000275503 -0.000949398 -0.000696909 -0.000250575 -0.00041938 -0.00332129 -0.000700952 -0.000681229 -0.000189209 -0.00276133 -0.000151716 -0.00323763 -0.000590084 -0.00413355 0.00110869 0.000185243 -0.000241409 -0.000373428 -0.00190738 -0.00097558 -0.00339609 -0.000837232 -0.00230438 -0.00281249 -0.000861284 -0.00493485 -0.00159349 0.00132456 -0.00167847 -0.00249284 -0.00493149 -0.00125725 -0.00204623 -0.00431029 -0.000999375 -0.00205413 -0.00174269 -0.00337604 -0.00224767 -0.00186143 -0.00235468 -0.00043299 -0.00483258 -0.00170024 -3.32589e-05 -0.00236544 -0.00402909 -0.00030398 -0.00322407 -0.0032281 -0.00264661 -0.00190345 -0.00117288 -0.00217396 0.000272739 0.000941284 -0.00168901 -0.00257833 -0.00214257 
-0.00335604 -0.00131238 -0.00244236 -0.00279148 -0.00430641 -0.00056164 0.000936683 -0.00258736 -0.00401268 -0.00202663 -0.00340811 0.000422142 -0.000559517 -0.00399806 -0.000633203 -0.000788674 -0.00767873 -0.0055118 0.249613 -0.00568335 -0.00547601 -0.0081174 -0.00649281 -0.00920555 -0.00624482 -0.00563395 0.000632165 -0.00703252 -0.00529645 -0.000958174 -0.0100815 0.0010465 -0.00863347 -0.0017475 -0.00253226 -0.000870251 -0.00296296 -0.00406685 -0.00376405 -0.0015034 0.000326875 -0.00124705 -0.00110213 -0.00345871 -0.00175154 0.000105807 0.00019965 -0.000658935 -0.00327281 -0.000735855 0.000330368 -0.00228842 -0.000260526 -0.000747747 -0.00344294 -0.00177165 -0.0016723 0.00122181 0.000364839 -0.00231031 -0.00112477 -0.00380273 -0.000652299 -0.00125816 -0.00305355 -0.00178098 0.000430991 -0.0022156 -0.00325647 -0.00115297 -0.00320745 -0.00196875 -0.00350519 -0.0037121 -0.00163913 -0.00280123 -0.00226591 -0.00215094 -0.000935225 -0.00282092 -0.000951635 -0.00264563 -0.000892467 -0.00345364 -0.00208533 0.00123014 -0.00345549 -0.00300036 -0.00550324 -0.00331859 -0.000718606 -0.00545465 0.000543396 -0.00329781 0.000174042 -0.00241329 -0.000336774 -0.00309673 -0.00316716 -0.00348354 
-0.00143855 -0.00043145 -0.00199749 0.000303319 -0.000663983 -0.00253942 -0.0054057 -0.00305245 -0.00632617 -0.00416934 0.000142021 -0.00395548 -0.00179027 -0.00371625 -0.00714533 -0.00676568 -0.0076484 0.000488686 -0.00568335 0.249554 -0.00229176 -0.0116545 0.00260649 -0.00287982 -0.00471642 -0.00889422 -0.00416249 0.000499166 -0.00876064 -0.00481042 -0.00494055 -0.0040632 -0.00178747 -0.0038118 -0.00431483 -0.00325424 -0.0048291 -0.00146304 -0.0031343 -0.00401987 -0.00171072 -0.000849859 -0.00277781 0.00136739 1.83119e-05 -0.00389174 -0.00175635 -0.00159038 -0.00154202 -0.00241977 0.000958108 -0.00320433 -0.00250615 0.000237102 -0.00250632 0.000777032 -0.00235605 -0.003674 -0.00139049 0.00023188 -0.00219597 -0.00126662 -0.00242553 -0.0031433 -0.000778503 -0.00229568 -0.00247993 -0.0014049 -0.00195058 -0.00202381 -0.00247487 -0.000394177 -0.00112661 -0.00108477 -0.000551212 -0.00302105 -0.00268652 -0.00244362 -0.00379032 -0.00422316 -0.000769141 -0.0033924 -0.0028924 -0.00229637 -0.00100039 -0.00118891 -0.000415311 9.70202e-05 -0.00143129 -0.00119731 -0.0023786 -0.00268847 -0.00198871 -0.00218175 -0.00243309 -0.00186773 -0.00180018 -0.00109164 -0.00339071 -0.00242083 
-0.000859514 -0.00334532 -0.00257785 -0.000790677 0.00174858 -0.00380833 -0.000913137 -0.00200908 -0.00526127 -0.00423993 -0.0017415 -0.00181765 -0.0116594 -0.0145359 -0.00496208 -0.0104091 -0.00470712 -0.00552881 -0.00547601 -0.00229176 0.248757 -0.0023867 0.00346701 -0.00859181 -0.00174719 0.00851356 -0.0149306 -0.00913781 -0.00596879 -0.00727819 -0.00364935 0.000646306 -0.00514875 -0.00224428 -0.00346545 -0.00325679 -0.00129448 -0.000897998 -0.00323193 -0.00130292 -0.000664494 -0.00193888 -0.00208315 -0.00212749 -0.00181629 -0.00209343 -0.00113044 -0.000761429 -0.00162163 -0.00182226 -0.000180562 -0.0016256 -0.00177203 -0.00307214 0.00107458 -0.00266415 -0.00175734 -0.00378755 0.00103243 0.00143813 -0.00170063 -0.00123001 -0.0010162 -0.00158356 -0.00122784 -0.00306554 -0.00387924 -0.00252462 8.36655e-06 -0.00177761 -0.00313594 -0.0031976 -0.0021538 -0.00107477 -0.00211141 -0.00135597 -0.00113247 -0.00247522 -0.00420172 -0.00248889 -0.00458693 -0.003259 -0.00192278 -0.00284418 -0.00169444 -0.000281212 -0.00388978 6.28327e-05 0.00102814 -0.000145998 -0.00222645 -0.00111676 -0.000270416 -0.001555 -0.00249349 -0.00228922 -0.0010674 -0.00140653 -0.00177597 -0.00123239 
-0.000872458 -0.00261267 -0.0036315 -0.00158042 1.38764e-05 -0.0047233 -0.00408262 -0.00220439 -0.00688588 -0.00224253 -0.000812864 -0.00767482 -0.00489167 -0.0136703 -0.0101066 -0.00704901 -0.00445169 -0.0030982 -0.0081174 -0.0116545 -0.0023867 0.249984 4.90444e-05 0.00113458 -0.00435223 -0.00443388 -0.0106679 -0.00611132 0.0024801 -0.00344293 -0.00397558 -0.00601447 -0.00120215 -0.00265721 -0.000853554 -0.00302998 -0.00168175 -0.00125584 -0.000840057 -0.00338052 -0.00131931 -0.00265561 -0.000311971 -0.00153824 -0.00202943 -0.000655113 -0.00178251 -0.000478017 -0.0015559 -0.00221362 -0.00185977 0.000331284 -0.000239175 -0.00365083 -0.000281002 -0.000704348 -0.000466414 -0.00416476 -0.00386007 -0.00257973 -0.00448952 -0.00368381 -0.00133994 -0.00297065 -0.00125436 -0.00339797 -0.0014391 -0.00259492 -0.000904797 -0.00380116 -0.000565758 -0.00265262 -0.000755208 -0.00136907 0.000747431 -0.00186168 -0.0018825 -0.00239076 0.000784625 -0.00147112 -0.00102591 -0.000226043 -0.000815476 -7.52816e-05 -0.00336389 -0.00325555 0.00210377 -0.00275497 -0.000423661 -0.00125553 -0.00311458 -0.00206428 -0.00166987 -0.000346187 0.000231476 -0.000846645 -0.00333658 -0.00238599 -0.000880359 -0.00219984 
-0.00193407 -0.00178827 -0.00161139 -0.00299722 -0.00191271 -0.00387291 -0.00815665 -0.00538508 -0.00223417 -0.00466742 -0.00380087 -0.00500774 -0.0080894 -0.00594417 -0.00163231 -0.00847879 -0.00901452 -0.00889749 -0.00649281 0.00260649 0.00346701 4.90444e-05 0.24992 -0.00253339 -0.000269397 -0.00361526 -0.0075372 -0.000775976 -0.000563572 -0.00176957 0.0011492 -1.55503e-05 0.000146617 -0.00557663 -0.0019234 -0.00263904 -0.00332363 -0.00262035 -0.00124617 -0.00487342 -0.00311671 -0.00053832 -0.00213227 -0.00182621 -0.000423468 -0.00311667 -0.00210324 -0.00288956 -0.00343932 -0.00492325 -0.000370139 -0.0036806 -0.00145028 -0.00351523 -0.00226099 -0.00328244 -0.00283641 -0.00221475 -0.000415237 -0.0019933 -0.000997189 -0.00324167 -0.00187171 -0.00171059 -0.00385072 -0.00486837 -0.00278953 -0.00367862 -0.00302928 -0.00129468 0.000260446 -0.00193747 -0.00101084 0.000865938 -0.000460746 -0.00493289 0.00099954 -0.00171523 -0.000225614 -0.00292563 -0.00130486 -0.00109842 -0.00222035 -0.00434739 -0.000688851 -0.00363694 -0.00208572 0.000206393 -0.00266866 -0.00242328 -0.00214805 -0.000961261 -0.00405316 -0.000869275 -0.00228094 -0.0022491 -0.000527406 -0.00185964 -0.00175332 -0.00422408 
-0.000752053 -0.00298219 -0.000612064 -0.00238874 -0.00187461 -0.00158983 -0.00228197 -0.0031467 -0.00111904 -0.00360105 -0.00575183 -0.000885643 -0.00877901 -0.011178 0.000847333 0.00136607 -0.0054518 -0.0121987 -0.00920555 -0.00287982 -0.00859181 0.00113458 -0.00253339 0.249029 0.000868297 -0.00119966 -0.0107725 -0.00678032 -0.00664019 -0.00402807 -0.00731362 -0.00442189 -0.000755644 0.000472118 -0.00412664 -0.00408021 -0.000950489 -0.00338782 -0.000403444 -0.000213884 -0.00172524 -0.00205524 -0.00260265 -0.00223076 -0.00232943 -0.00217092 -0.000450937 -0.00394918 -0.00262463 -0.00025696 0.00154811 -0.00394766 -0.00219241 -0.00406428 0.000933989 -0.00296679 -0.00294659 -0.00154702 -0.000262153 0.000104313 -0.000606464 -0.00240487 -0.000584137 -0.00289684 -0.00125642 -0.00199019 -0.00151579 -0.00153369 -0.00306755 0.000410528 -0.000710981 -0.001067 -0.00203731 -0.0020999 -0.00356238 -0.00457395 -0.000681426 -0.000423689 -0.00161489 -0.00178828 -0.00382409 -0.00402498 -0.000572131 -0.000983985 -0.00301496 -0.00280502 -0.00221704 -0.00390888 -0.00142982 -0.00219054 -0.00281267 -0.00215364 -0.00139445 1.87215e-05 -0.00401141 -0.00203024 -0.000802031 -0.00138686 -0.00174245 0.000188865 
-0.000580876 -0.00180529 -0.001472 -0.000416096 -0.00351076 -0.00110379 -0.00320984 -0.00562256 -0.00476806 -0.00529317 -0.00415508 -0.00084905 -0.0090789 -0.00108913 -0.00559521 -0.00909744 -0.00758869 -0.0110334 -0.00624482 -0.00471642 -0.00174719 -0.00435223 -0.000269397 0.000868297 0.249982 0.000892462 -0.00587307 -0.00374007 -0.000252608 0.00374068 -0.00616156 -0.0011759 -0.00105321 -0.00465391 -0.00340439 -0.00380925 -0.00161835 -0.00256191 -0.00164643 -0.0016879 -0.00280828 -0.00280172 -0.00336542 0.000823837 -0.00319073 -0.00414068 0.000996726 -0.00316609 -0.00286354 -0.00103999 -0.000940698 -0.00227677 -0.000126686 -0.00328385 -0.00236751 -0.00119518 -0.00330727 -0.0022799 -0.00329058 -0.00375594 -0.000774566 -0.00165169 -0.00216495 -0.00175535 0.00105615 0.000117155 -0.00282475 -0.000518373 -0.00107288 -0.00371076 -0.00147458 -0.00165109 -0.00335786 -0.00485476 -0.00104155 -0.00253988 -0.00340845 -0.00361115 -0.00431604 -0.000420032 -0.00282642 -0.000811689 -0.00250452 7.18714e-05 -0.0016021 -0.00174032 -0.00166277 -0.0029655 -0.000376257 -0.0027091 0.000881363 -0.00469911 -0.00313179 -0.00346822 0.000590003 -0.00231786 -0.00248127 -0.00211065 -0.00223876 -0.00378672 
-0.00369584 -0.00459448 -0.00342725 -0.00188571 -0.00216764 -0.00513965 -0.000248069 -0.00479537 -0.00152261 -0.00306491 -0.00432685 -0.00727674 -0.00122983 -0.011362 -0.00225665 -0.00125144 -0.00253596 -0.0108892 -0.00563395 -0.00889422 0.00851356 -0.00443388 -0.00361526 -0.00119966 0.000892462 0.241124 -0.00328859 -0.0051806 -0.00719915 -0.00615768 0.00236439 -0.00117286 -0.00119456 -0.00453869 0.0011459 5.53888e-05 -0.00187932 -0.00248723 -0.00325772 -0.00232386 -0.00206256 -0.000181741 -0.00280311 -0.00372683 -0.00143383 -0.00202764 -0.00167575 -0.00391721 -0.00281243 -0.00239674 -0.00304245 -0.00159479 -0.00394025 -0.00418685 0.000696859 -0.00208401 -0.000723673 -0.00296335 -0.00172478 -0.00185719 -0.00171867 -0.00173347 -0.00226087 -0.00195874 -0.00249148 -0.00207921 0.000221581 -0.00437437 -0.000615716 -0.00122757 -0.00312356 -0.00194988 -0.000121662 -0.00219538 -0.00177734 -0.00411472 -0.0011868 -0.00141269 -0.00296855 -0.00140778 -0.00134222 -0.00164536 -0.00569436 -0.00207269 -0.00254362 -0.00298909 -0.00176423 -0.00153268 -0.00260586 -0.00248145 -0.00157605 -0.000906848 -0.00294092 -0.00094132 -0.000172422 -0.00273429 -0.00120822 -0.00100334 -0.00067137 -0.000187163 
-0.000841156 -0.000527258 -0.00258069 -0.00314506 -0.000328895 -0.0012321 -0.000328574 -0.00391081 -0.00495274 -0.00354765 -0.00516329 -0.00322021 -0.00795573 0.00334591 -0.000146823 -0.00929469 -0.00242025 -0.00407131 0.000632165 -0.00416249 -0.0149306 -0.0106679 -0.0075372 -0.0107725 -0.00587307 -0.00328859 0.212234 -0.00404586 -0.00269636 -0.00466043 -0.00199371 -0.0025134 -0.0028039 -0.00108059 -0.00242797 -0.000112646 -0.000775229 -0.00107676 -0.00104565 0.000807983 0.000224816 -0.00078264 -0.00287405 -0.00155973 -0.00194352 -0.00183106 -0.00169866 -0.00284732 -0.0008886 -0.00212255 -0.00377444 0.000496325 -8.5879e-05 -0.00126619 0.000881346 -0.00167355 -0.000723876 -0.000230843 -0.000979089 -0.00348165 -0.00207988 -0.00182805 -0.000877494 0.000214587 -0.00179278 0.00122835 -0.000168474 0.000473824 -0.00108618 -0.00159074 -0.00239009 0.00119503 0.000344338 -0.00239256 -3.63658e-05 -0.00351856 -0.000435497 -0.00181594 -0.000966595 -0.00179287 -0.000330003 -0.000978314 -0.00244379 -0.000744632 0.00118684 -0.00378397 -0.00201866 -0.00242471 -0.00287929 0.00048783 -0.00201205 -0.00140762 -0.00120326 -0.00495226 -0.00237259 -0.000628735 -0.00250804 -0.0015313 -0.00236565 -0.00150079 
-0.00285353 -0.00173826 -0.00217663 -0.000837921 0.000278607 0.00180535 -0.00400412 -0.000180077 0.000842224 -0.00170904 -0.00383834 -0.0050829 -0.0010578 -0.000539862 -0.00377228 -0.00560813 -0.0041631 -0.00167369 -0.00703252 0.000499166 -0.00913781 -0.00611132 -0.000775976 -0.00678032 -0.00374007 -0.0051806 -0.00404586 0.194828 -0.003715 -0.000129931 -0.000490666 -0.00279406 0.000167264 -0.00212341 -0.00115634 0.00124363 -0.00264524 -0.000813965 -0.00338193 -0.000894478 -1.13032e-06 -0.00124202 -0.00280396 -0.00221076 -0.00228828 -0.000810882 -0.00140286 -0.0025126 -0.000771665 -0.00132362 0.000138415 -0.00154318 -0.00304748 -3.03447e-05 -0.00270725 -0.00168352 -0.000963718 -0.00303117 -0.00381658 0.00106839 -0.00148528 -0.000634034 -0.00211963 -0.00231142 -0.00181415 -0.00152186 -0.00173467 -0.00311477 -0.00263804 -0.00169605 0.000811637 -0.000524872 -0.00139 -0.00175364 -0.00175242 -0.00166274 -0.00278853 -0.000743615 -0.00279793 -0.00427728 0.000356936 -0.00165719 -0.000711131 -0.0017601 -0.0022636 -0.0008096 -0.003607 -0.00104938 -0.00334291 0.00136077 -0.00183363 -0.0029231 -0.00166102 -0.00281772 -0.00144213 -0.00259635 -0.00232528 -0.000526864 -0.000872047 -0.00206375 
-0.00208497 -0.000829455 0.000236165 -0.000519467 0.00117145 -0.00126381 -0.00122362 -0.0015309 -0.00141294 -0.00293366 0.000771612 -0.00352636 0.00229866 -0.00163605 -0.00872496 -0.00720699 -0.00279711 -0.00489169 -0.00529645 -0.00876064 -0.00596879 0.0024801 -0.000563572 -0.00664019 -0.000252608 -0.00719915 -0.00269636 -0.003715 0.187182 0.00063766 -0.00195329 -0.000909113 -0.0025363 -0.00245656 -0.000948253 -0.00332278 -0.00185525 -0.000213912 -0.00213246 -0.000787541 -0.00204494 -0.00211176 -0.00218442 -0.0017233 -0.00121444 -0.00190738 -0.00225729 -0.000891925 -0.000844091 -0.000296368 -0.000320326 0.000100244 -0.00246687 -0.00149629 -0.000492563 -0.00222992 -0.00212911 -0.00266619 -0.0017626 -0.00226763 -0.00109068 -0.00257429 -0.00013697 -0.00163628 -0.000970646 -0.0026575 -0.00314241 -0.00145123 -0.0024164 -0.00226236 -0.000170965 -0.000702431 -0.00319235 -0.00213238 0.000111098 -0.000509165 -0.00143704 0.000228206 -0.0010505 -0.00205672 -0.00165052 -0.00265097 -0.00139036 -0.00240922 -0.00183458 -0.00223042 -0.00267033 -0.00156671 -0.00212654 -0.00274399 0.000163053 -0.00151014 -0.00180698 -0.0012658 -0.00127321 -0.00153173 -0.00364085 0.000679891 -0.00194103 -0.00212853 
-0.0019212 0.000312876 -0.00196953 -0.00154211 -0.00170394 -0.00198406 -0.00374412 -0.000104793 -0.00408761 -0.00428189 -0.00251063 -0.0031658 -0.00570839 0.00126331 -0.000737392 -0.00445711 0.000737841 -0.00305176 -0.000958174 -0.00481042 -0.00727819 -0.00344293 -0.00176957 -0.00402807 0.00374068 -0.00615768 -0.00466043 -0.000129931 0.00063766 0.171637 -0.000467723 -0.00525895 -0.00178338 -0.00236985 -0.00293791 0.000275236 -0.000365993 -0.000203368 -0.00100414 -0.00186174 -0.000644987 -0.0014732 -0.00106695 -0.00246176 -0.000903057 -0.000744839 -0.00292785 -0.00120016 -0.00113802 -0.00172328 -0.0017678 -0.00190609 -0.00212647 0.000256066 -0.00144278 -0.0017481 -0.000508058 -0.00212325 -0.00208969 -0.00260775 -0.0017028 -0.00170609 0.000606223 -0.00168025 -0.00116699 -0.00228847 -0.00132402 -0.00198659 -0.00100423 -0.000461434 0.000520646 -0.00150378 -0.00279203 -0.00172579 -0.00167259 -0.00273586 -0.000800429 -0.00178234 -0.000697789 -0.000134323 -0.00206271 -0.00142673 -0.00218983 0.000376348 -0.0019504 -0.00113507 -0.00119618 -0.00170433 -0.00237435 -0.00258218 -0.00171247 -0.000580728 -0.00186639 -0.0010151 -0.000593267 -0.00312319 -0.00159748 -0.00194856 4.10988e-05 -0.00311714 
-0.00128895 -0.00257059 -0.00223739 -0.00121974 -0.001057 -0.00162734 -0.000975854 -0.00155114 -0.00101845 -0.00158536 0.00175593 -0.00650322 -0.0039521 -0.00662378 -0.00340024 -0.00070285 -0.00507309 -0.00694649 -0.0100815 -0.00494055 -0.00364935 -0.00397558 0.0011492 -0.00731362 -0.00616156 0.00236439 -0.00199371 -0.000490666 -0.00195329 -0.000467723 0.164805 -0.00337687 0.00131078 0.000593092 -0.000880066 0.000948251 -0.000339953 0.000681744 -0.000550352 -0.00081291 -0.00113158 -0.000854822 0.000306358 -0.00405208 -0.00279375 -0.00170891 -0.00276502 -0.00276818 -0.000698697 -0.000143054 -0.00165785 0.000138172 -0.000415872 -0.0028348 -0.00151872 -0.00170331 -0.00135459 -0.00182874 -0.00207895 -0.00179923 8.01454e-05 -0.00108551 -0.00179739 -0.000327029 -0.0032129 -0.00142676 -0.000493869 -0.000457592 -0.00168619 -0.00135617 -0.00150667 -0.000982442 -0.000929368 -0.000288667 -0.000996611 -0.000512649 -0.000464558 -0.00167444 -0.00248682 -0.000360634 -0.000145405 -0.00143217 -0.00243899 0.000101583 0.000644298 -0.00210332 -0.000869661 -0.000570895 -6.74391e-05 -0.00229172 -0.0021254 -0.000623886 -0.000918516 -0.00229771 -0.00202546 -0.00283437 -0.000437249 -0.0017616 -0.00183664 -0.000622465 
-0.00123709 -0.00154835 -0.00116802 -0.000986228 -0.00368468 -0.000919038 -0.00141034 -0.00258768 0.00170973 0.000567632 -0.00340227 -0.00218894 -0.000541958 -0.00122708 -0.00761215 -0.00378231 -0.00737932 -0.00564463 0.0010465 -0.0040632 0.000646306 -0.00601447 -1.55503e-05 -0.00442189 -0.0011759 -0.00117286 -0.0025134 -0.00279406 -0.000909113 -0.00525895 -0.00337687 0.148764 0.000326738 -0.000504679 0.000945117 -0.002312 -0.000146977 -0.00209521 -0.000684449 -0.000744179 -0.0013762 -0.00100076 -0.00178921 -0.00234634 -0.000243828 -0.000921729 -0.00239681 -0.000834866 -0.00171521 -0.00282641 -0.00164724 -0.000722298 -0.00119978 -0.00178007 -0.00185406 -0.000675967 -0.000627986 -0.00328169 -0.00196878 -0.00148062 -0.00107536 -0.00175777 -0.00209166 -0.000561325 -0.000932392 -0.00175269 -0.0018006 0.000110324 -0.000560798 -0.000556266 -0.00125156 -0.00177018 -0.000881047 -0.00108267 -0.000434978 -0.000678052 -0.00113646 -0.000784002 -0.00156958 -0.00110039 -0.00130254 -0.00252318 -0.000518121 -0.00304523 -0.00118459 -0.000414081 0.000971916 -0.000483656 -0.00109614 -0.000699224 -0.000862992 -0.00161216 6.58369e-05 -0.000620841 -0.00116908 -0.000298536 -0.000937112 -0.000303551 -0.0010419 -0.00105018 
-0.00118786 -2.9214e-05 -0.000854847 -0.00139515 0.000494536 -0.000640956 -0.00281838 -0.00158034 0.000945336 -0.00189624 -0.00283206 -0.0029626 -0.00136572 -0.000636489 -0.00412925 -0.00420471 -0.00527093 -0.000768102 -0.00863347 -0.00178747 -0.00514875 -0.00120215 0.000146617 -0.000755644 -0.00105321 -0.00119456 -0.0028039 0.000167264 -0.0025363 -0.00178338 0.00131078 0.000326738 0.119719 -0.00183948 -0.000656605 -0.00096972 -0.00114165 -0.00158724 -0.000533494 -0.000302619 -0.00106405 -0.00074165 -0.000128956 -0.0015763 -0.00108786 -0.000683358 -0.000817949 -0.00131819 -0.001121 -0.00123836 -0.000767049 -0.000179279 -0.00131746 0.000312166 -0.0013938 -0.00131631 -0.000768746 -0.00279295 -0.00247885 -0.00168364 -0.0010025 -0.00124146 -0.000843525 -0.000503774 -0.000781662 -0.000928886 -0.0013153 -0.00130326 -0.000666577 -0.00110358 -0.000773175 -0.00128 -0.000460688 -0.000596101 -0.000586122 -0.00105715 -0.000269522 -9.03858e-05 -0.0010618 -0.000865896 -0.00121138 -0.000911045 -0.00084579 -0.00115039 -0.0013554 -0.000786002 -0.000793912 -0.00169172 -0.000995197 0.000174303 -0.00116935 -0.00122584 -0.0014273 0.000702348 -0.00100624 0.000729866 -0.00204282 -0.00111608 -0.000778132 -0.000813179 
