0.0834217 9.11689e-05 -6.93961e-05 0.000257514 -6.70045e-05 0.000391401 -0.000716101 -0.000832237 -0.0007673 -0.000925615 -0.00190856 -0.000267674 -0.00139089 -0.00297178 -0.000743619 -0.00382409 -0.00195784 0.00104713 -0.00241263 0.000879483 -0.000698159 -0.00365987 -0.00323553 -0.00207167 -0.00053384 -0.00184219 -0.00253349 -0.00347341 -0.00236606 -0.00243248 -0.000677323 0.000348365 -0.0019718 0.000106041 -0.00155016 -0.000393569 -0.000594599 -0.000276456 -0.000102828 -0.000895375 -0.000762675 -0.000145086 -0.000446849 -0.00120626 -0.000941036 -0.000897847 -0.000134551 -0.000404211 -0.0010168 -0.000316577 -0.00114378 -0.00116127 -0.000505276 -0.00155093 2.93955e-05 -0.00073417 -0.000778057 -0.000945965 0.000389174 -0.000631674 -0.000647744 -0.000416041 -0.00082592 0.000500076 -0.000752359 -0.000811925 -9.38353e-05 -0.000701316 -0.00109043 -0.000143968 -0.00145636 -0.000848856 -0.000277027 -0.00124798 -0.000485137 -0.000525719 -0.000447626 2.94281e-05 -0.000825811 -0.000848801 -0.000963692 -0.000882013 -0.000538076 0.000146596 -0.000755589 -0.000908378 -0.00109042 -0.00129214 -0.000993553 0.000305869 -0.00124302 6.82834e-05 -0.000659404 -0.000460295 -0.00111719 -0.000869754 -3.97264e-05 7.92811e-05 -0.00118303 -0.000761227 
9.11689e-05 0.07371 4.84219e-05 -0.000524679 -2.92272e-05 -0.000220942 -0.00070675 -0.00113137 -8.66951e-05 -0.000793269 -0.000487602 -0.00118412 -0.00356994 -0.0033927 -0.00173978 -0.00199992 -0.00198183 -0.000888502 -0.00262964 0.00121303 -0.00311219 -0.000342709 -0.00306519 -0.00014463 -0.000972439 -0.00103377 -0.000314405 -0.0017637 -0.00276641 -0.00347077 -0.00157486 -0.000805432 -7.73111e-05 -0.000381751 -0.000682727 0.000162477 -0.000645029 -0.000266775 -0.00130652 -0.000810618 -0.00109797 -0.000195652 -0.000528133 -0.000896025 -0.000576509 -0.000286258 -0.000233839 0.000494267 -0.000685262 -0.000838102 -0.000599321 -0.00133032 -0.000757275 -3.20525e-05 -0.000465301 -0.00038711 0.00037388 -0.000346903 -0.000122146 -0.000151531 -0.000787836 -0.000691739 -0.00107064 -1.71128e-05 -0.00064567 -0.000124251 -0.000966055 -0.000951015 -0.000260922 0.000119347 0.00033877 -6.7362e-05 -0.000824387 -0.000968629 -0.000736826 6.47039e-06 -0.000219405 -0.000688999 -0.000761744 -0.000348598 -0.000371624 -0.000962347 -0.00098547 -0.000393681 -0.000643137 -0.000648321 -0.00108063 -0.000724026 -0.000530068 -0.00097374 -0.000524978 -0.000511343 -0.000114898 -0.000744311 -0.000562374 -0.000439833 -0.000794072 -0.000873261 -0.000119412 4.752e-06 
-6.93961e-05 4.84219e-05 0.0865568 0.000733336 -0.000636848 -0.000573222 0.000618345 -9.03947e-05 -0.00203462 -0.00134533 -0.00102885 -0.0017912 -0.00307316 -0.00359743 -0.000431022 -0.000619177 -0.00123198 -0.00032617 -0.00124114 -0.00334357 -0.000633946 -0.00321577 -0.00350047 -0.00240211 5.4617e-05 -0.00312003 -0.00154999 -0.00134599 -0.00198467 -0.00314104 -0.000733602 -0.000109296 -0.00040412 -0.000371616 -0.00117172 -0.000413242 -0.000140051 -0.00100868 -0.000589915 -0.000322265 -0.00092035 -0.000685399 -0.000830355 -0.00100036 -0.000395047 -0.000928658 -0.000791218 -0.000889813 -0.00111839 -0.000578219 -0.000578948 -3.5209e-05 -0.000825549 -0.00128026 -0.000352993 -0.0005913 -0.00070681 -0.000526275 -0.000630635 -0.000635491 -0.000256373 -0.000836428 -0.00135726 -0.000573706 -0.00100384 -0.000352384 -0.000697976 -0.000369353 -0.000127662 -0.00112106 5.78757e-05 -0.000620702 -0.000550047 -0.000967988 -0.000498157 -0.000534748 -0.000825984 -0.000945845 -0.000179181 -0.00082693 -0.000437322 -0.00026165 -0.000707806 -0.000854767 6.8271e-05 -0.000295105 -0.000664757 -0.000172134 -0.000628284 -0.000130678 -0.000133995 -0.00102111 -0.000780405 -0.000812763 -0.00123409 -0.00280023 -0.00123134 -0.00071293 -0.000337457 -0.000381864 
0.000257514 -0.000524679 0.000733336 0.0837199 -0.000267014 -0.000764784 -5.04261e-05 7.05041e-05 -5.24446e-05 -0.00184262 -0.000363425 8.21492e-05 -0.00249223 -0.00070487 -0.00424817 -0.00389894 -0.00153516 -0.000653456 -0.00177504 -0.0014073 -0.000926901 -0.00589928 -0.00307085 -0.00334194 -0.00094857 -0.00259841 -0.00104611 -0.000831006 -0.000104143 -0.00205917 -0.000369948 -0.00236445 -0.000915098 0.000117653 -0.000747327 -0.00132734 -5.72544e-06 -0.000945251 -0.000959133 -0.000887127 -0.00120721 -0.000626299 -0.000721639 -0.000349777 -0.00078287 -0.0012328 0.00057566 -0.000221559 0.000131871 7.67533e-05 -0.00112993 -0.000819787 -0.000491026 -0.00148014 -0.000926538 -0.000446585 -0.00022309 -0.000700665 -0.000742018 -0.000512482 -0.00023295 -0.00105389 -0.000554462 -0.000595554 -0.000962656 -0.000603796 -0.000977088 -0.000227051 1.72736e-06 -0.000692249 -0.000775292 -7.41889e-05 -0.000636311 -0.000987093 -0.000393623 -0.00066864 9.79205e-05 -0.000291261 0.000217201 -0.000604388 -0.00109455 -0.000715426 -0.000294769 -0.000558794 -4.8374e-05 -0.000978594 -0.000841084 -0.000433729 -0.00030944 -0.000395675 -8.38108e-06 -0.000742196 -0.000805096 -0.000908365 -0.00121903 -0.00057707 -0.00114666 -0.000850791 -0.00135099 7.0077e-05 
-6.70045e-05 -2.92272e-05 -0.000636848 -0.000267014 0.0895638 -0.000296102 -0.000859874 0.000212607 -0.00126207 0.00187299 -0.00362214 -0.000531726 -0.00355161 -0.00181514 0.000757678 -0.00159064 -0.00308154 -0.00218539 -0.00162314 -0.00139511 -0.00438918 0.000403852 -0.00318158 -0.00583293 -0.0017222 -0.00470653 -0.00194091 -0.000499362 -0.00169596 -0.000204352 -0.00196871 -0.00159009 -0.0018916 -0.00170022 -0.000718918 -0.00142268 -0.00125924 4.69257e-06 -0.000796147 0.000273547 -0.000390723 -0.000602973 -0.000546236 -0.000425992 -0.000654561 0.000691978 -0.000623454 -0.000380753 -0.00069897 -0.00100461 -0.00107527 0.000609174 -0.000366884 -0.000592602 -0.000655841 -0.000560829 -0.000685929 -0.000177747 -0.00077991 -0.000542218 -0.000515886 -0.00044858 -0.000579125 -0.000232098 -0.000788358 -0.000501386 -0.000247208 -0.00107247 -0.000914943 0.000491246 -0.00134389 -0.0001321 -0.000666848 -0.000338047 -0.000501868 -0.000474691 -0.000438116 0.000161674 -8.3617e-05 -0.000862261 -0.00134157 0.000258702 -0.000562556 -0.000836064 1.69766e-05 -0.00127884 -0.000358216 -0.00140243 -0.00109722 -0.000478328 -0.00144175 0.000242987 -0.000715252 -0.000728959 -0.00137041 -0.00128089 -0.000559577 -0.00126986 -0.000604846 -0.000992984 
0.000391401 -0.000220942 -0.000573222 -0.000764784 -0.000296102 0.0941378 -0.000752392 -0.00206027 -0.00199699 -0.000699569 0.000112875 -0.00280984 -0.00290645 -0.0036229 -0.00161408 -0.0016962 -0.00530619 -0.000550284 -8.8871e-05 -0.00115453 -0.000674239 -0.000777333 -0.000887724 -0.00147233 -0.00348759 -0.00198857 -0.00283524 -0.00354993 -0.00250311 -0.00312862 -0.00101914 0.000406322 -0.00198316 4.13963e-05 -0.00138282 -0.00110759 -0.00115609 -0.000277006 5.73344e-05 -0.0012478 -0.000381712 -0.0018053 -0.000427033 0.000365774 -0.00119126 -0.001577 -0.000113994 -0.000807153 6.24936e-05 -0.000865287 -0.000540868 -0.000905091 -0.000510823 -0.000614582 -0.000880945 -0.000456417 -0.000203631 -0.000403756 -0.00137441 -0.000947705 0.000363795 -0.000680556 -0.000338948 -0.000416165 -0.00113859 0.000168285 -0.000347284 -0.00117388 -0.00122956 -0.000281499 -0.000320083 0.000317318 -0.00120911 -0.000526859 0.000281153 -0.00101778 -0.000410267 -0.000902376 -0.000988669 -0.000850231 -0.000692385 -0.00159519 0.000398984 -0.000337325 -0.000686322 -0.00113947 -0.000276549 -0.000829873 -0.000715493 -0.000757054 -0.000216586 -0.0011642 -0.00138635 -0.000746073 -0.000374601 -0.000858749 -0.000178475 0.000564394 -0.00252466 -0.000759264 
-0.000716101 -0.00070675 0.000618345 -5.04261e-05 -0.000859874 -0.000752392 0.104824 -0.000157206 -0.000633254 -0.00187037 -0.000297193 -3.78094e-05 0.000922134 -0.00299083 -0.00167993 5.16758e-05 -0.00297512 -0.00207046 -0.0047587 -0.00529829 -0.00131872 -0.00516712 -0.00399267 -0.00159103 -0.00617931 -0.000385958 -0.00362972 -0.00262536 -0.000618239 -0.00249016 -0.00145064 -0.00143203 0.000157104 -0.000634395 -0.000494307 -0.00153393 -0.00111437 -0.00112823 -0.000701511 -0.000532767 -0.00083311 -0.000369004 -0.000104413 -0.000845965 -0.000678888 -0.00193472 -0.00129917 -0.00150915 -0.000814341 -0.000724352 -0.000379918 -0.0013064 -0.000482204 -0.00086443 -0.000761836 0.000202849 -0.000824269 -9.29307e-05 0.000545522 -8.20608e-05 -0.00131977 -0.000857522 -0.00145297 -0.000363533 -0.000488527 -0.000652845 -0.00109564 -0.000464377 -0.000887757 -0.00106022 0.000206915 -0.000333268 -0.000301006 -0.000380048 -0.000516087 -0.000659391 -5.57568e-05 7.93469e-05 -2.91362e-05 -0.000415211 -0.00132728 -0.00195875 -0.000893915 -8.39733e-06 -0.000906457 -0.0010805 -0.000467773 -0.000917736 0.000400458 -0.000833601 -0.0012369 0.000117931 -0.00109083 -0.000793288 -0.00102695 -0.0017755 -0.00140293 -0.00156884 -0.00148074 -0.00124008 
-0.000832237 -0.00113137 -9.03947e-05 7.05041e-05 0.000212607 -0.00206027 -0.000157206 0.121112 -0.00294764 -0.000814442 -0.0018498 0.000140762 -0.000831395 -0.00220937 -0.00511726 -0.00238462 -0.00158347 -0.000150909 -0.00601532 -0.00293735 -0.00605919 -0.000457044 -0.000652773 -0.0023326 -0.00415307 -0.00401253 -0.00299112 0.000195232 -0.000455704 -0.00227626 -0.00280972 -0.00285 -0.0016868 -0.00197706 -0.000861005 -0.00153291 -0.000957849 0.000272242 -0.00121939 -3.72934e-05 -0.000171296 -0.00331162 -0.00120081 -0.00183562 -0.00120356 -0.00142619 -0.00103813 -0.000823928 -0.00128899 -0.000158074 -0.000952081 -0.000729571 -0.000699372 -0.00121061 -0.000803425 -0.00063774 -0.00135307 -0.000448944 -0.000963292 -0.000396005 -0.00126452 -0.000689907 -0.00126081 -0.000377409 -0.00172845 -0.000656231 -0.0002723 -0.00024269 -0.00121252 -0.00139997 4.03824e-05 0.000126044 -0.000741199 -0.00126084 -0.00110334 -0.00139124 0.00016472 -0.00204208 -0.000908917 -0.000313445 0.000868436 0.000112184 -0.000812732 -0.000984615 -0.000798746 -0.00220102 -6.80332e-05 -0.000846458 -0.00113772 -0.000750113 -0.000472282 -5.138e-05 -0.00119102 -0.000833143 -0.00140432 -0.000712124 -0.000800483 -0.00102497 -0.00101605 -0.00225598 
-0.0007673 -8.66951e-05 -0.00203462 -5.24446e-05 -0.00126207 -0.00199699 -0.000633254 -0.00294764 0.116251 -0.000313935 -0.00150682 -0.000564348 -6.22642e-05 -0.00337121 -0.00209157 -0.00295841 -0.00234427 -0.00428729 -0.00951709 -0.00239206 -0.00429471 0.00212234 -0.000885826 -0.00255083 -0.00397397 -0.00421352 -0.00217773 -0.00213782 0.000991638 -0.000668945 -0.00163326 -0.00139007 -0.000351886 -0.00142471 -0.000773704 -0.0020324 -0.00144677 -0.0016118 -0.00206009 -0.000800225 -0.000979177 -0.0017783 0.000874676 -0.00140557 -0.000834461 -0.00104946 -0.000896728 -0.00159706 -0.00104454 -0.000642608 -0.000820616 -0.000613488 -0.000939223 -0.000528284 -0.000948707 -0.00139773 -0.00139413 0.000255524 0.000395571 -0.00057795 -0.00119888 -0.000166621 -0.00099647 -0.000789013 -0.00107063 -0.00153103 -0.000915479 -0.00229383 -0.00106282 -0.000438805 -0.000796416 -0.000387597 -0.000364544 -0.00177975 -0.000662132 -0.000988987 0.000346155 -0.00079324 -0.000443155 -0.000913351 -0.00057514 -0.000548336 -0.00104402 0.000175664 -0.000347944 -0.000435299 -0.000425343 -9.862e-05 -0.000689236 -0.000193391 -0.00059359 -0.000728297 -0.00149525 -0.000578566 -0.000407599 -0.000853342 -0.000718762 -0.0016705 -0.00043775 -0.000912549 
-0.000925615 -0.000793269 -0.00134533 -0.00184262 0.00187299 -0.000699569 -0.00187037 -0.000814442 -0.000313935 0.144155 -0.00283721 0.00185608 -0.00012186 -0.004908 -0.0030649 -0.00619494 -0.00329198 -0.00749488 -0.00298762 -0.00334353 -0.0045086 -0.00336352 -0.00643715 -0.00112627 -0.000428065 -8.33228e-05 -0.00121242 -0.00407975 -0.00339241 -0.00449941 -0.00215647 -0.0010418 -0.00180422 -0.00151951 -0.00096566 0.000824168 -0.00132999 -0.00201056 -0.00211249 -0.0010294 -0.00145377 -0.000357256 -0.00241379 -0.00168403 -0.00192 -0.0017605 -0.000928587 -0.00125159 -0.00272403 -0.000963479 -0.00116907 -0.00196905 -0.00124552 0.000675985 -0.00133211 -0.000878203 -0.00181453 -0.000808073 -0.000792213 5.36547e-05 -9.62045e-05 -0.00196853 -0.000739725 -0.0013348 -0.00161395 -0.00255581 -4.30142e-05 -0.00113469 -0.000789594 -0.000699771 -0.000829734 9.19912e-05 -0.00208312 -0.00157849 -0.000240324 -0.00127752 -0.000696604 -0.00179612 -0.000543574 -0.00101454 -0.00126375 0.000462492 -0.000298364 -0.00252421 -0.000252054 -0.00148707 -0.000872272 4.30953e-05 -0.00271372 -0.000981507 -0.00126152 -0.000858469 -0.0011623 0.000622156 -0.00147286 -0.000734649 -0.00139785 -0.000656394 0.000731697 -0.000999561 
-0.00190856 -0.000487602 -0.00102885 -0.000363425 -0.00362214 0.000112875 -0.000297193 -0.0018498 -0.00150682 -0.00283721 0.140219 -0.00242721 0.00144646 -0.00247049 0.00134415 -0.000560285 -0.00210161 -0.00572837 -0.00582489 -0.00602595 0.00181532 -0.00783905 -0.00322901 -0.00519183 -0.00396897 -0.00311884 -0.00312397 0.00249714 -0.00721348 -0.00395749 0.00142609 -0.00150194 3.27108e-05 -0.00203561 -0.00101784 -0.00251136 -0.00111107 -0.0018847 -0.00301198 -0.00043476 -0.000447701 -0.00106076 -0.000253065 -0.000185444 -0.00128482 -0.00198731 -0.00117797 -0.00027338 -0.000667118 -4.26163e-05 -0.00143468 0.000110148 -0.00163478 -0.000884268 -0.00142815 0.000570545 -0.000893944 -0.00142293 -0.00103199 -0.00052183 -0.00116837 -0.000279548 -0.000252944 8.47333e-05 -0.00111952 -0.0021939 0.000273612 -0.00105779 -0.000842494 -0.00181296 0.000227184 -0.00016736 -5.00115e-05 -0.00133461 -0.00179838 -0.00112536 -0.000771846 -0.00141038 -0.00135159 -0.00111005 -0.00143285 -0.00186269 -0.000698141 -0.00151075 -0.000530396 -0.00094132 -0.00156217 -0.001122 -0.000697817 -0.00307498 -0.00168012 -0.0015289 -0.000472537 -0.00126534 -0.00217089 -0.00139497 -0.00118282 -7.56383e-05 -0.00102044 -0.00126322 
-0.000267674 -0.00118412 -0.0017912 8.21492e-05 -0.000531726 -0.00280984 -3.78094e-05 0.000140762 -0.000564348 0.00185608 -0.00242721 0.156031 0.000520078 -0.00561683 -0.00202519 -0.0016836 -0.00662437 -0.00305495 -0.00563046 -0.00519984 -0.00396813 -0.00897942 -0.00745753 -0.00486709 -0.00058043 0.00281762 -0.00429784 -0.00692605 -0.00363596 -0.00376797 0.00158262 -0.00204776 -0.00201329 0.00106961 -0.00140431 -0.00193314 -0.000976097 -9.36068e-05 -0.000896815 -0.000847392 -0.00133555 0.000179705 -0.000929775 -0.00175691 -0.00200945 -9.31988e-05 -0.00274631 -0.000935946 -0.000715673 -0.00137322 0.000157648 -0.00117844 -0.00137158 -0.00268159 -0.00133308 -6.99018e-05 -0.00154902 4.28713e-05 -0.00105114 -0.00168588 -0.000425589 -0.000812567 -0.000631396 -0.00103985 -9.86182e-05 -0.00179595 -0.00287666 0.000586383 -0.000626748 -0.00133007 -0.000989848 -0.000921454 -0.0012672 -0.00180717 -0.00122441 -0.000924638 -0.00121653 -3.06213e-05 -0.00129158 -0.0013174 0.000137144 -0.000766986 -0.00113339 -0.00119772 -0.00295859 -0.00152321 -0.0015766 -0.00113783 -0.0013884 -0.00227386 -0.00229419 -0.000145685 -0.00123053 -0.000329009 -0.000130906 -0.00087956 -0.00229944 -0.000835068 -0.0042653 -0.00125066 
-0.00139089 -0.00356994 -0.00307316 -0.00249223 -0.00355161 -0.00290645 0.000922134 -0.000831395 -6.22642e-05 -0.00012186 0.00144646 0.000520078 0.20406 0.00258672 0.000791142 0.00174328 0.000158417 -0.00497307 -0.0132695 -0.00359145 -0.00953029 -0.00434776 -0.00015007 -0.00905784 -0.00968809 -0.003282 -0.00701844 -0.00141938 -0.00513176 -0.0064793 0.000639612 -0.000687454 -0.000984264 -0.00202443 -0.000345292 -0.00356178 -0.00194113 -0.00144748 -0.00398357 -0.00216055 -0.000642656 -0.00279421 -0.000533029 -0.00258639 -0.000151863 -0.00247473 -0.000638693 -0.00140089 -0.00114237 -0.00231898 0.000452645 -0.00255029 -0.00254376 -0.00214386 -0.00099072 -0.00190011 -0.00123579 -0.00265787 -0.00174576 -0.00162247 -0.00188147 -0.00253174 -0.00308893 -0.000599196 -0.00170952 -0.00274796 -0.00271665 -0.00260542 -0.00332673 0.0009745 -0.002727 -0.00129854 -0.000897398 -0.00284553 -0.00208932 -0.00404424 0.000291508 -0.00149471 -0.00194302 -0.00226646 -0.0018043 -0.00358434 -0.000184058 -0.00173907 -0.00208963 -0.00185707 -0.00219537 0.000379057 -0.00223697 0.000566644 -0.00337044 -0.0031942 0.00125397 -0.00115845 -0.00199564 -0.00176179 0.000648622 -0.000890008 -0.00265251 -0.000758163 
-0.00297178 -0.0033927 -0.00359743 -0.00070487 -0.00181514 -0.0036229 -0.00299083 -0.00220937 -0.00337121 -0.004908 -0.00247049 -0.00561683 0.00258672 0.228155 0.00070592 -0.00380459 0.00176054 -0.00239624 0.000951947 -0.00588159 -0.0101855 -0.00180114 -0.00652207 -0.00632038 -0.00259105 -0.00487732 -0.00653811 -0.0105687 -0.00114168 -0.00204642 -0.00518549 -0.00458107 -0.00229745 -0.0019124 -0.00131732 -0.0032955 -0.00238491 -0.00148172 -0.00188191 -0.00464655 -7.93287e-05 -0.00178087 -0.000290812 -0.00198637 -0.00144316 0.00194993 -0.00061538 -0.00173026 -0.000211391 -0.00191186 -0.000895681 -0.00184139 -0.000763586 -0.0042799 -0.00132611 -0.00258885 -0.00128573 -0.0030549 -0.00192446 -0.000439968 -0.00203206 -0.00273873 -0.00180515 -0.00105389 -0.00178902 -0.00179283 -0.00241931 -0.00478746 0.000365349 -0.000717404 -0.0038277 -0.0020705 -0.0011993 -0.00107106 -0.00225976 -0.00372836 -1.93213e-05 -0.00103573 -0.00286349 -0.00370205 -0.000677932 -0.00135437 -0.000379758 0.000275563 -0.00206109 -0.00161078 -0.00404825 -1.55263e-05 -0.00163334 -0.000198101 -0.00255201 -0.00333676 -0.00273327 -0.00139949 -0.00237162 -0.00133056 -0.00229229 -0.00145271 -0.00292309 -0.003686 
-0.000743619 -0.00173978 -0.000431022 -0.00424817 0.000757678 -0.00161408 -0.00167993 -0.00511726 -0.00209157 -0.0030649 0.00134415 -0.00202519 0.000791142 0.00070592 0.213314 -0.00110808 -0.00492344 -0.00343033 0.00667439 -0.0042254 -0.00663389 -0.00105146 -0.00788779 -0.0129577 -0.0120669 -0.0048011 -0.00567787 -0.00904414 -0.00335953 -0.0052808 -0.00382516 -0.00309552 -0.000607845 -0.00207273 -0.000877828 -0.00293996 -0.00126166 -0.000698421 -0.00219951 -0.00353597 -0.00288159 -0.00333302 -0.00186301 -0.00134441 -0.00251882 -0.000491258 -0.00267943 -0.00205151 -0.000837916 -0.0019861 -0.00223465 -0.000925297 -0.0010692 -0.00248389 0.000246279 -0.000836098 -3.64493e-05 -0.0025604 -0.00264201 -0.002355 -0.00357649 -0.00350852 0.000469948 -0.00216075 -0.000592207 -0.00121488 -0.000842109 -0.00290797 -0.00292384 -0.00357762 -0.00070241 0.000177575 0.000125219 -0.0013011 -0.00132079 -0.00111772 -0.0011897 -0.00090496 -0.0020787 -0.00225243 -0.00150425 -0.000766774 -0.00188535 -0.00220535 0.00014018 -0.00107064 -0.00142254 -0.000591905 -0.0012355 -0.00238618 0.000951532 -0.00145488 -0.00224973 -0.00311243 -0.0018599 -0.00081166 -0.00202904 -0.00172566 -0.00366702 -0.00209872 
-0.00382409 -0.00199992 -0.000619177 -0.00389894 -0.00159064 -0.0016962 5.16758e-05 -0.00238462 -0.00295841 -0.00619494 -0.000560285 -0.0016836 0.00174328 -0.00380459 -0.00110808 0.223455 -0.00534634 -0.00769077 -0.00972425 -0.00584077 -0.00774727 -0.000955861 -0.00366676 -0.00512221 -0.00450665 -0.00807395 -0.00368483 -0.00439748 -0.00172524 -0.00331413 -0.00237095 -0.00416853 -0.00117691 -0.00367302 -0.00205172 -0.00355028 -0.00223617 -0.00299545 -0.00168665 -0.0028267 -0.00268109 -0.00219161 -0.000595759 -0.00104822 -0.00242845 -0.00404536 -0.00276351 0.000137527 0.0002701 -0.00164393 -0.00062152 -0.000838356 -0.00189926 -0.00246437 -6.92916e-05 -0.0025095 -0.00229381 -0.00248458 -0.00118075 -0.00217406 -0.00168865 -0.00246347 -0.00412795 -0.00261315 -0.000305509 -0.00193718 -0.00129077 -0.00191338 0.000736107 0.00127131 -0.00232022 -0.00305388 -0.00238698 -0.002924 0.000233757 -0.00120253 -0.00186904 -0.000713909 -0.00142574 -0.000495365 -0.00285514 -0.000609951 -0.00209901 -0.00310711 -0.00274952 0.00121385 -0.000833919 -0.00153652 -0.00166106 -0.00200865 -0.000315293 -0.002516 -0.00330875 -0.00155508 -0.00196699 -0.00101764 -0.000766429 -0.000315389 -0.000991718 -0.00137734 
-0.00195784 -0.00198183 -0.00123198 -0.00153516 -0.00308154 -0.00530619 -0.00297512 -0.00158347 -0.00234427 -0.00329198 -0.00210161 -0.00662437 0.000158417 0.00176054 -0.00492344 -0.00534634 0.24276 -0.00901192 -0.00406464 -0.00859404 -0.0011984 -0.00602043 -0.00784832 -0.00632509 -0.0116101 -0.00513333 -0.0091467 -0.00326277 -0.00682081 -0.00238887 -0.00606727 -0.000847553 -0.00305032 -0.00443427 -0.00235196 0.00036137 9.39309e-05 -0.00196663 -0.00134712 -0.00174648 -0.00248846 -0.00213353 9.81963e-05 -0.00329643 -0.000543743 -0.00267724 -0.00138903 -0.00234585 -0.00201123 -0.000580403 -0.00189397 -0.00218232 -0.00225244 -0.00176632 -0.000878401 -0.000895622 -0.000903452 -0.00167727 -0.00128345 -4.32963e-05 -0.00324862 -0.00164295 -0.00227953 -0.000852544 0.000493505 -0.000724499 -0.00322225 -0.00155054 -0.00248316 -0.00328082 -0.00172857 -0.0017189 0.000208187 -0.0020486 -0.00242813 -0.00164431 -0.00151122 -0.00177844 -0.00269563 -0.00261107 -0.0013452 -0.00286495 -0.000836599 -0.00279736 -0.00206072 -0.00199402 0.000801248 -0.00071749 -0.0010457 -0.00121363 -0.00333 -8.21463e-05 0.00317218 -0.00326815 -0.00226184 -0.00376558 -0.00147829 -0.00217494 -8.95922e-05 -0.00236749 
0.00104713 -0.000888502 -0.00032617 -0.000653456 -0.00218539 -0.000550284 -0.00207046 -0.000150909 -0.00428729 -0.00749488 -0.00572837 -0.00305495 -0.00497307 -0.00239624 -0.00343033 -0.00769077 -0.00901192 0.249504 0.00615344 -0.00393446 0.000755005 -0.00273489 0.00314812 -0.00565877 -0.00384989 -0.00494158 -0.00526649 -0.00681046 -0.00320981 -0.0111976 -0.00316715 -0.00512718 -0.00131684 -0.00257917 -0.000788018 -0.00159932 -0.00301754 -0.00475249 -0.000724834 -0.00551971 -0.00229022 -0.0026259 -0.00328262 -0.000634656 -0.000495846 -6.35613e-06 -0.000121515 -0.00101795 -0.00160956 -0.000496175 -0.00384313 -0.0018815 -0.00255359 -0.0020886 -0.00109615 -0.00355591 -0.00270442 -0.00378383 -0.00148522 -0.00291906 -0.00318043 -0.00210098 -0.00161184 -0.00315741 -0.00259582 -0.00199766 -0.000371311 -0.00116724 -0.00309854 -0.00433932 -0.0029233 -0.00352803 -0.00316083 -0.00331145 -0.00334614 -0.00224771 -0.00241799 -0.000385828 -0.000603841 -0.00251497 -0.00240703 -0.00334359 -0.00223893 0.000860787 -0.00201438 -0.00296219 -0.0026616 -0.0052806 -0.000491968 -0.00161524 -0.00131714 0.00063633 -0.00120265 -0.00550417 -0.00214058 -0.00397119 -0.00393678 -0.00237467 0.00209702 -0.00309754 
-0.00241263 -0.00262964 -0.00124114 -0.00177504 -0.00162314 -8.8871e-05 -0.0047587 -0.00601532 -0.00951709 -0.00298762 -0.00582489 -0.00563046 -0.0132695 0.000951947 0.00667439 -0.00972425 -0.00406464 0.00615344 0.249826 0.000270368 0.000942785 -0.000918073 -0.00303776 -0.000608796 -0.00235063 -0.00298654 -0.00425534 -0.0015323 -0.00438867 -0.00587318 -0.00392124 -0.00754577 -0.00334756 -0.00453401 -0.00180005 -0.00148355 -0.00232171 -0.00180053 -0.00030479 -0.00304884 -0.00214955 -0.00249769 -0.00252446 -0.00318252 -0.00248163 -0.0034605 -0.000743441 -0.00194881 -0.00179845 -3.21429e-05 -0.00136989 -0.00235486 -0.00159864 -0.0023693 -0.0031304 -0.00360331 -0.00239535 -0.00307697 -0.00205537 -0.00217321 -0.000215197 -0.00396874 -0.00278023 -0.00251356 -0.00188357 -0.00352149 -0.00217359 -0.0022766 -0.00231869 -0.00459387 -0.00225438 -0.00378202 -0.00218 -0.00045005 -0.00145444 -0.00215203 -0.00403913 -0.00210958 -0.00312759 -0.00258382 -0.0035847 -0.00104584 -0.00250856 -0.00112607 -0.00257588 -0.0031632 -0.00212951 -0.00239227 -0.00178972 -0.00346541 -0.00181856 -0.00120427 -0.00390029 -0.0022216 -0.00105682 0.000506361 -0.00186428 -0.00190109 -0.00233805 -0.00229211 
0.000879483 0.00121303 -0.00334357 -0.0014073 -0.00139511 -0.00115453 -0.00529829 -0.00293735 -0.00239206 -0.00334353 -0.00602595 -0.00519984 -0.00359145 -0.00588159 -0.0042254 -0.00584077 -0.00859404 -0.00393446 0.000270368 0.249954 -0.00574877 -0.0041285 -0.00210814 -0.000580334 0.0107935 -0.0118278 -0.00892803 0.00541446 -0.00616711 -0.00674528 -0.00197498 -0.00483113 -0.00475108 -0.00376411 -0.0049033 -0.00315389 -0.000483198 -0.00111881 -0.00206561 -0.00102241 -0.00447207 -0.00394634 -0.00227522 -0.00301618 -0.000244163 -0.00297405 -0.00200049 -0.00225608 -0.00158964 -0.0027015 -0.0017063 -0.00186725 -0.00335709 -0.00167252 -0.000253456 -0.00183606 0.000140644 -0.000563029 -0.00116705 -0.000786843 -0.00209342 7.35043e-05 -0.00243986 -0.00340325 -0.00182625 -0.00290563 7.20098e-05 -0.00269673 -0.000201325 -0.00260164 -0.000809524 -0.00317724 -0.00246164 -0.00252736 -0.000429927 -0.00267266 -0.00111818 -0.00328299 -0.00422617 -0.0025112 -0.000871346 -0.00272611 -0.00190896 -0.0020049 -0.00327028 -0.0035241 -0.000554534 -0.00537768 -0.0035489 -0.00189403 -0.00268047 0.000169453 -0.00506179 -0.00316555 -0.00236261 -0.00210456 -0.000746269 -0.00139387 -0.0025783 -0.00426782 
-0.000698159 -0.00311219 -0.000633946 -0.000926901 -0.00438918 -0.000674239 -0.00131872 -0.00605919 -0.00429471 -0.0045086 0.00181532 -0.00396813 -0.00953029 -0.0101855 -0.00663389 -0.00774727 -0.0011984 0.000755005 0.000942785 -0.00574877 0.248284 -0.00895317 -0.00792153 -0.00340656 0.00341717 -0.0100834 -0.00925274 -0.0074692 -0.00488912 -0.00149404 -0.00169816 -0.00308175 -0.00370497 -0.00184578 -0.00161046 -0.0023783 -0.00233344 -0.00192614 -0.00165568 -0.000679154 0.000339635 -0.00162012 -0.00169794 -0.00273767 -0.00222783 -0.0024329 -0.00436888 0.000510389 -0.00265201 -0.0024635 -0.00376834 -0.00295919 -0.00316726 -0.00282164 -0.00229735 0.000432043 -0.00175963 -0.00228285 -0.00292511 -0.00224146 -0.00590358 -0.00351641 -0.00229834 -0.00219262 -0.00102937 -0.00092723 -0.0025117 -0.00315479 0.000178488 -0.00172257 -0.0019508 -0.000424856 -0.00136194 -0.000937945 -0.000933931 -0.0023974 -0.00193276 0.000401186 0.00132809 -0.000539255 -0.00314141 -0.00225544 0.000112619 -0.00187487 -0.00181825 -0.00173048 -0.00334157 -0.00307651 -0.000325484 -0.00376114 -0.0021284 -0.000372409 -0.00298984 -0.000184079 0.000579433 -0.00450812 -0.00234452 -0.000519545 -0.000161166 -0.00039176 
-0.00365987 -0.000342709 -0.00321577 -0.00589928 0.000403852 -0.000777333 -0.00516712 -0.000457044 0.00212234 -0.00336352 -0.00783905 -0.00897942 -0.00434776 -0.00180114 -0.00105146 -0.000955861 -0.00602043 -0.00273489 -0.000918073 -0.0041285 -0.00895317 0.248776 0.0008439 -0.00731645 0.00137863 -0.00298712 -0.00492921 -0.00326067 -0.0109203 -0.000827842 -0.0120129 -0.0017628 -0.00645458 -0.00257095 -0.000994012 -0.00144016 -0.000705786 0.00123215 -0.0025697 -0.00232282 -0.00340653 -0.00232793 -0.00246476 -0.00157195 -0.00221288 -0.00375352 -0.00293903 -0.00449158 -0.0036809 -0.00118578 -0.00078547 -0.00186154 -0.00156969 -0.00367243 -0.00225951 -0.00264903 -0.00142855 -0.00125922 -0.0022097 -0.00287467 -0.000890673 -0.000731116 -0.00117059 -0.00173677 -0.00253952 -0.002387 -0.00204134 -0.00357837 -0.00368257 0.000246533 -0.0012217 -0.00145416 -0.00287312 -0.00184247 -0.00145593 -0.0025469 -0.00180866 -0.00328862 0.000635011 -0.000923705 -0.00145131 -0.000723403 -0.00197795 -0.0031688 -0.000413654 -0.000260972 -0.00274767 -0.00231153 -0.0034 -0.00164282 3.60155e-06 -0.00294292 0.000725433 -0.00313383 -0.00153621 -0.00304542 -0.00354746 -0.00292589 -0.00452289 -0.000149092 
-0.00323553 -0.00306519 -0.00350047 -0.00307085 -0.00318158 -0.000887724 -0.00399267 -0.000652773 -0.000885826 -0.00643715 -0.00322901 -0.00745753 -0.00015007 -0.00652207 -0.00788779 -0.00366676 -0.00784832 0.00314812 -0.00303776 -0.00210814 -0.00792153 0.0008439 0.248097 -0.00111586 -0.00653975 -0.00281991 -0.00632115 0.000509984 -0.0029739 -0.00139468 -0.00586261 -0.000397999 -0.00252078 -0.00489711 -0.00577519 -0.00207956 -0.002935 2.02787e-05 -0.00422051 -0.00220261 -0.00530691 -0.00144285 -0.00179459 -0.00122653 -0.00312779 -0.00237279 -0.00142903 -0.00205036 -0.00259359 -0.00051063 -0.00146244 -0.00165692 -0.00232255 -0.00316211 -0.0031584 -0.00158901 -0.00294674 -0.00190424 -0.00158974 -0.00213106 -0.00121572 -0.00139287 0.0020551 -0.00158693 -0.00365543 -0.00107731 -0.00295704 -0.00141753 -0.00251207 0.000291783 -0.00135348 -0.00150231 -0.00346799 -0.00265032 -0.00222036 -0.00132741 -0.00382803 -0.00210904 -0.00226528 -0.00288624 -0.000952688 -0.00323591 -0.00255759 -0.000216978 0.000270449 -0.00303369 -0.000651677 -0.00380091 -0.000939616 -0.00495223 -0.00163978 -0.00347126 -0.00288756 -0.00155257 -0.00295077 -0.00139612 -0.00154091 -0.00155872 -0.00151356 -0.00238546 
-0.00207167 -0.00014463 -0.00240211 -0.00334194 -0.00583293 -0.00147233 -0.00159103 -0.0023326 -0.00255083 -0.00112627 -0.00519183 -0.00486709 -0.00905784 -0.00632038 -0.0129577 -0.00512221 -0.00632509 -0.00565877 -0.000608796 -0.000580334 -0.00340656 -0.00731645 -0.00111586 0.248578 -0.00768818 -8.37743e-05 0.00383544 -0.000394208 -0.00430685 -0.00463509 0.00180145 -0.00708234 -0.00413201 -0.00398652 -0.00314742 -0.0019641 -0.00335265 -0.0019578 -0.00054683 -0.00128164 -0.00439842 -0.00217827 -0.00211507 -0.0036245 -0.00344232 -0.00112045 -0.00183714 -0.00302408 0.000505045 -0.00185995 -0.000425142 -0.00281187 -0.000295342 -0.00133501 -0.00230463 -0.00230495 -0.00152766 -0.00024581 -0.00273369 -0.000149993 -0.000840151 -0.00217564 -0.00345053 -0.00163017 -0.00124062 -0.00244739 -0.00368388 -0.00145837 -0.00114248 -0.00192408 -0.00183318 -0.00190422 -0.00437889 1.95263e-05 -0.00204308 -0.000595657 -0.00258064 -0.00166405 -0.00237553 -0.00115075 -0.002932 -0.0034459 -0.00155496 -0.00114192 -0.000945232 -0.00359212 -0.00348981 -0.00302277 0.000162413 -0.00238614 -0.00247491 -0.0033009 -0.00270202 -0.000810117 0.000345965 -0.00574641 -0.00239732 -0.00205375 -0.000184386 -0.000859282 
-0.00053384 -0.000972439 5.4617e-05 -0.00094857 -0.0017222 -0.00348759 -0.00617931 -0.00415307 -0.00397397 -0.000428065 -0.00396897 -0.00058043 -0.00968809 -0.00259105 -0.0120669 -0.00450665 -0.0116101 -0.00384989 -0.00235063 0.0107935 0.00341717 0.00137863 -0.00653975 -0.00768818 0.247287 -0.00942517 -0.00069496 -0.00154653 -0.00821957 -0.00135527 -0.00680927 -0.00340635 -0.00306484 -0.00157937 -0.00204179 0.000343792 -0.00373715 -0.00469838 -0.00172909 -0.000412146 -0.00182142 -0.00232702 -0.00250647 -9.65378e-05 -0.0032434 -0.00283828 -0.00112726 -0.000694761 -0.000781221 -0.00108272 -0.00205193 -0.000197972 -0.00184801 -0.00181542 -0.00430067 -0.000620986 -0.000428427 -3.32111e-05 -0.00450217 -0.00315685 -0.00164103 -0.00303421 -0.00282265 -0.00146552 -0.00524454 -0.00212007 -0.00255976 -0.00135882 -0.00236489 -0.00335787 -0.00284976 -0.00223303 -0.00192618 -0.00291223 -0.00341486 -0.00330436 -0.00456471 -0.0029501 -0.00276208 0.000482486 -0.00194496 -0.00309598 -0.00116863 -0.00242723 -0.000986797 1.67228e-05 -0.00321689 -0.00176375 -0.0051414 -0.000111074 -0.00337324 -0.00183239 -0.00395137 -9.40076e-05 -0.00310506 -0.00101702 -0.000424238 -0.00196383 -0.00298225 -0.000252998 
-0.00184219 -0.00103377 -0.00312003 -0.00259841 -0.00470653 -0.00198857 -0.000385958 -0.00401253 -0.00421352 -8.33228e-05 -0.00311884 0.00281762 -0.003282 -0.00487732 -0.0048011 -0.00807395 -0.00513333 -0.00494158 -0.00298654 -0.0118278 -0.0100834 -0.00298712 -0.00281991 -8.37743e-05 -0.00942517 0.232971 -0.000202704 -0.00238422 -0.00469885 -0.000805311 -0.00238966 -0.000666773 -0.00296586 0.00033256 -0.00338573 -0.000233347 -0.00111819 -0.000812464 -0.003019 -0.0023398 -0.00156746 -0.00348555 -0.00212182 -0.00117664 -0.00248433 -0.00428591 -0.00018708 -0.00195756 -0.00395421 -0.00289454 -0.00163073 -0.00318643 -0.00418184 -0.00182753 -0.000956939 -0.00200105 -0.00234423 -0.00121419 -0.00212163 -0.00273837 4.5635e-06 0.000466965 -0.00192028 -0.000773573 -0.000564496 -0.00185098 -0.00141984 0.000320721 1.95358e-05 -0.0024858 -0.00123956 -0.00319822 -0.00195307 -0.00229889 -0.00286658 0.000287902 -0.00197619 -0.00196876 -0.00312308 0.000321831 -0.00272532 -0.00193179 -0.00340349 -0.00141888 0.000187318 -0.00160497 -0.00411459 -0.00130024 -0.00306844 -0.00178724 -0.00132171 -0.00212694 -0.00121354 -0.00367115 -0.00266242 0.00189948 -0.00258961 -0.00266043 -0.00280944 -0.00181375 
-0.00253349 -0.000314405 -0.00154999 -0.00104611 -0.00194091 -0.00283524 -0.00362972 -0.00299112 -0.00217773 -0.00121242 -0.00312397 -0.00429784 -0.00701844 -0.00653811 -0.00567787 -0.00368483 -0.0091467 -0.00526649 -0.00425534 -0.00892803 -0.00925274 -0.00492921 -0.00632115 0.00383544 -0.00069496 -0.000202704 0.207665 -0.00391362 0.00203902 -0.00319637 0.000810858 -0.00281239 -0.000896815 -0.00446228 -0.00278851 -0.00137435 -0.0021453 -0.00367 -0.000759401 -0.000612217 -0.00310591 -0.000831149 -0.00187486 -0.00155835 -0.00188957 -0.00224213 -0.00209289 -0.00349013 -0.000269592 -0.00117322 -0.00171447 -0.00213839 0.000339035 -0.00235021 2.17504e-05 -0.00156232 -0.00193484 -0.00200537 -0.000511338 0.000573137 -0.000868173 -0.00381339 0.000689291 0.00010615 -0.00301665 -0.0033322 -0.00158336 -0.000583863 0.000264932 -0.000220511 -0.00227484 -0.00161429 -0.00178837 -0.00296369 -0.00351867 -0.00125534 -0.00106122 -0.00389253 -0.000704411 -0.00169665 0.000655818 0.000250024 -0.00212448 -0.00251199 -0.0016329 -0.000235708 -0.00071335 -0.00118404 -0.000274345 -0.00162484 -0.00125445 -0.00207023 -0.00162014 -0.00233196 -0.00180717 -0.000128434 -0.00119256 -0.00410418 -0.00142684 0.000120406 
-0.00347341 -0.0017637 -0.00134599 -0.000831006 -0.000499362 -0.00354993 -0.00262536 0.000195232 -0.00213782 -0.00407975 0.00249714 -0.00692605 -0.00141938 -0.0105687 -0.00904414 -0.00439748 -0.00326277 -0.00681046 -0.0015323 0.00541446 -0.0074692 -0.00326067 0.000509984 -0.000394208 -0.00154653 -0.00238422 -0.00391362 0.226258 -0.00143194 -0.00399039 -0.0051078 -0.00591909 -0.000559334 -0.00179132 -0.00352235 -0.00106749 -0.00169738 -0.00186645 -0.00514909 -0.00121675 0.000346361 -0.00231896 -0.00141182 -0.00152454 -0.00276545 -0.00362666 -0.00211548 -0.00309992 -0.00382999 -0.00164311 -0.00121294 -0.00215532 -0.000904888 -0.00296529 -0.00465105 -0.00197633 -0.000964254 -0.00262218 -0.00130447 -0.00220172 -0.00164447 -0.00275703 -0.00180335 -0.00220625 -0.000790631 -0.00298668 -0.00100771 0.000910689 -0.00271947 -0.00169414 -0.00182234 -0.00299671 -0.00119857 -0.00227832 -0.00178225 0.000849908 -0.00271271 -0.00371019 -0.000776358 -0.000565852 -0.00187502 -0.0037416 -0.00141338 -0.000760816 -0.00245711 -0.00102178 -0.00223615 -0.00262127 -0.00500816 -0.00153263 -0.00191173 -0.0032399 -0.00102943 -0.000903793 -0.00229212 -0.00113035 -0.00250709 -0.00206975 -0.00188229 -0.00204469 
-0.00236606 -0.00276641 -0.00198467 -0.000104143 -0.00169596 -0.00250311 -0.000618239 -0.000455704 0.000991638 -0.00339241 -0.00721348 -0.00363596 -0.00513176 -0.00114168 -0.00335953 -0.00172524 -0.00682081 -0.00320981 -0.00438867 -0.00616711 -0.00488912 -0.0109203 -0.0029739 -0.00430685 -0.00821957 -0.00469885 0.00203902 -0.00143194 0.198962 0.00084773 0.000806853 -0.000249825 -0.00145843 -0.000633778 -9.71818e-05 -0.00361462 -0.00210393 -0.00199696 -0.000334827 -0.00228583 -0.00319973 -0.00295512 -0.00246218 -0.00161507 -0.000416191 -0.00242763 -0.00101314 -0.00206827 -0.000433859 -0.00196783 -0.00171965 -0.00122971 -0.00111191 -0.000816395 -0.00069027 -0.00148268 -0.00165449 -0.00238037 -0.00139913 -0.000776411 -0.00124801 -0.00228773 -0.00172667 -0.00244239 -0.00242541 -0.00117982 -0.00261991 -0.00219706 -0.00145199 -0.00231002 -0.00287795 -0.00152452 -0.000214251 -0.00119581 0.000799497 -0.00270536 -0.000938367 -0.00169965 -0.00221457 -0.000464422 -0.00238849 -0.0021936 -0.00209102 -0.00229018 -0.00240966 -0.000941159 -0.00124357 0.000441247 -0.000858787 -0.00073721 -0.00202731 -0.00125392 -0.00412968 0.000619482 -0.00292697 0.00189243 0.000841132 -0.0028264 -0.00336216 -0.00211974 
-0.00243248 -0.00347077 -0.00314104 -0.00205917 -0.000204352 -0.00312862 -0.00249016 -0.00227626 -0.000668945 -0.00449941 -0.00395749 -0.00376797 -0.0064793 -0.00204642 -0.0052808 -0.00331413 -0.00238887 -0.0111976 -0.00587318 -0.00674528 -0.00149404 -0.000827842 -0.00139468 -0.00463509 -0.00135527 -0.000805311 -0.00319637 -0.00399039 0.00084773 0.179444 0.000340634 0.000929715 -0.000587573 -0.00119246 -0.000912615 -0.00259037 -0.00361616 -0.00079087 -0.00188034 -0.000448092 0.00186864 -0.00296306 0.000215913 -0.0020564 0.000941636 -0.00223993 -0.000909392 -0.00167639 -0.00244357 -0.00144163 -0.000436913 -0.000949812 -0.00182922 2.20246e-05 -0.000712902 -0.000614316 0.000113863 -0.00241991 -0.001938 -0.00139765 -0.00189638 -0.00266947 -0.00111094 -0.00059148 -0.000741546 -0.000569671 -1.27478e-05 -0.00262186 -0.000742463 -0.00254464 -0.00138507 -0.00133847 -0.00141947 -0.00249388 -0.00233668 -0.00204528 -0.000771432 -0.0016085 -0.000208516 -0.00164595 -0.00201948 0.000694074 -0.00101307 -0.00140139 -0.0014975 -0.00139187 -0.00118025 -0.00238505 -0.00118239 -0.000499375 -0.00133167 -0.00175208 -0.00161956 -0.000592301 -0.00254088 -0.00193836 -0.00167923 -0.00213207 -0.000738033 -0.000600215 
-0.000677323 -0.00157486 -0.000733602 -0.000369948 -0.00196871 -0.00101914 -0.00145064 -0.00280972 -0.00163326 -0.00215647 0.00142609 0.00158262 0.000639612 -0.00518549 -0.00382516 -0.00237095 -0.00606727 -0.00316715 -0.00392124 -0.00197498 -0.00169816 -0.0120129 -0.00586261 0.00180145 -0.00680927 -0.00238966 0.000810858 -0.0051078 0.000806853 0.000340634 0.153229 0.000135695 -7.97913e-05 0.00141601 -0.000896688 -0.001568 -0.00116921 -0.00299316 -0.000998291 -0.00265301 -0.00257629 -0.00134714 -0.001108 -0.00111336 0.000530291 -0.00285568 -0.00179384 -0.00196688 -0.000505634 -0.00117792 -0.00098646 -0.000143518 -0.00179864 -0.00147696 -0.000651974 -0.000352702 -0.000862052 -0.000560565 -0.0016452 -0.00152916 -0.00107353 -0.00189973 -0.000341033 -0.000506707 -0.000374931 -0.00129509 -0.00101071 -0.000855 -0.00088466 -0.00142426 -0.000323716 -0.0018872 -0.000407981 -0.0024854 -0.00146069 -0.000139861 0.000190602 0.000404774 -0.00187822 -0.0014474 -0.00306155 -0.00104267 1.49416e-05 -0.00200565 -0.00139958 -0.00166113 -0.0013897 -0.00292075 -0.00184599 -0.000734254 -0.00339216 -0.00119898 -0.00323038 -0.000616211 -0.00142266 -0.00102099 -0.000849909 -0.00258527 -0.0022093 -0.00144952 
0.000348365 -0.000805432 -0.000109296 -0.00236445 -0.00159009 0.000406322 -0.00143203 -0.00285 -0.00139007 -0.0010418 -0.00150194 -0.00204776 -0.000687454 -0.00458107 -0.00309552 -0.00416853 -0.000847553 -0.00512718 -0.00754577 -0.00483113 -0.00308175 -0.0017628 -0.000397999 -0.00708234 -0.00340635 -0.000666773 -0.00281239 -0.00591909 -0.000249825 0.000929715 0.000135695 0.130552 -0.000333577 -0.000491885 -0.00047409 -0.000976868 -0.000132795 -0.000353617 -0.000947152 0.000473105 -0.000598394 -0.000256387 -0.000150003 -0.000887323 -0.000558624 -0.00190007 -0.00119838 -0.00185476 -0.0012552 -0.000508155 -0.000782652 -0.000255456 -0.000893892 -0.00176403 -0.00128192 -0.00103527 -0.00113011 0.000238569 -0.00044821 -0.000887786 -0.0011482 -0.000494247 -0.00159776 -0.000554715 -0.00128724 -0.000625135 -0.00178847 -0.000507214 -0.00113815 -0.00144586 -0.000241323 -0.000739145 -0.000826849 -0.00045084 -0.00115643 -0.000698277 -0.0012265 -0.0003653 -0.00168221 -0.00102108 0.000600731 -0.00132084 -0.00142959 -0.00151014 -0.00083802 -0.000845253 -0.00118202 -0.000456903 -0.000782952 -0.00113491 -0.00231935 -0.000583036 -0.000347273 -0.000542108 -0.00199488 -0.00136972 -0.00124742 -0.000240483 -0.00267418 -0.00111729 
