0.0811121 0.000602521 -0.000808672 0.00012251 -0.000543655 0.00035243 -0.000963747 -0.000594595 -0.000421006 -0.000594618 -0.00104073 1.1259e-05 -0.00225962 -0.00218549 -0.00179362 -0.00374885 -0.00184372 -0.00241653 -0.000108336 -0.00423006 -0.00124538 -0.00302546 0.000637661 -0.00183433 -0.00306935 -0.00244599 0.00034242 -0.00198548 -0.00337649 -0.000743874 0.000768282 -0.0015224 -0.00106752 -0.0009172 -0.000779385 -0.000637973 0.000328501 -0.000868723 -0.000687988 -0.000270202 -0.00182185 -0.00125428 -0.000201183 -0.000526252 -0.000460222 -0.000583213 0.00029418 -0.000649293 -0.00137555 -0.00056981 -0.000406612 -0.00103853 -0.00177098 -0.000403326 -0.00081918 -0.00111608 -0.000917241 -0.000835968 -0.000852696 -0.000479884 -0.000354528 -0.000762356 0.000305126 -0.000691652 -0.000676793 -0.000886434 -0.000653181 -0.000550548 -0.00105731 -0.00016328 -0.00104238 -0.00131916 -0.000328722 -0.000366059 -2.96803e-05 -0.00108213 -0.00069239 -0.000213873 -0.000370664 0.000370449 0.000292184 -0.000677441 -0.000554559 -3.87841e-05 -0.000327579 -0.000718228 -0.000283089 -0.00085768 3.0912e-05 -0.00040185 -0.000771538 -0.000871921 -0.00120365 -0.000479951 -0.000541367 -0.000326692 -0.000275584 -0.0007863 -0.000392759 -0.000707292 
0.000602521 0.0826856 -0.000501353 8.95565e-05 -0.000420868 -0.000619651 -1.07946e-05 -0.00135853 -0.00129353 -0.00110688 -0.00157965 -0.00143628 -0.000900502 -0.00170464 0.000376548 -0.00236814 0.000118742 -0.00104771 -0.00294214 -0.0010587 -0.000692435 -0.00302284 -2.72142e-05 -0.00208293 -0.00134747 -0.00254477 -0.000851116 -0.00420371 -0.0025503 -0.00211369 -0.00175688 -0.00175128 -0.001657 -0.000381217 -0.000714554 -0.000418339 -0.000610113 -0.000778349 -0.00033095 -0.000893872 -0.000367095 -0.00107941 -0.00036913 -0.000688562 -0.000551882 -0.000701004 -0.000642723 -0.000472813 -0.000514151 -0.00156103 -0.000759749 -0.000533966 -0.000417413 -0.00103161 6.95247e-05 -0.000136122 -0.000735719 -0.000431315 -0.000222683 -0.0011365 -0.0011573 -0.00112946 -0.000710168 -9.23593e-06 -0.0011007 -0.000618963 -0.000702873 -0.000746981 -0.00079337 -0.000973203 0.000167281 -0.000305892 -0.0010559 -0.000450065 -0.00136205 -0.001678 0.000533824 -0.00108797 -0.000722559 -0.00108372 -9.80332e-05 -0.000971837 -0.000616628 -0.000675137 -0.00089309 -0.000716227 -0.00075391 -0.000283798 0.00035328 -0.000781203 -0.000341065 -0.000437552 -0.00107348 -0.000548951 0.000457409 -0.000185893 3.98804e-05 0.000154011 -0.000766568 -0.00138515 
-0.000808672 -0.000501353 0.0868689 0.000138721 1.58801e-05 -0.000574745 -0.000610088 -0.00148047 -0.00180951 -0.00103939 -0.00201936 -0.00148775 -0.000701614 -0.00182243 -0.00161408 -0.00232828 -0.00111645 -0.00308065 -0.00419889 -0.00327704 -0.00355521 -0.0037697 0.00173959 -0.000355476 -0.00162844 -0.00218252 0.000865316 -0.00295885 -0.00292513 -0.00102121 4.79553e-05 -0.00149188 -0.00154594 0.000514297 -0.00110977 -0.000429553 -0.00145684 -0.000394359 8.50374e-05 -0.000700203 -0.000223612 -0.000823564 -0.000667946 -0.00101781 -0.000888867 -0.000778657 -0.000741235 -0.00119284 -0.000905019 -0.000923265 -0.000456604 8.68903e-05 -0.000768259 -0.000899938 -0.000759327 -0.00062953 -0.000427183 -0.00098777 0.00034352 -0.000681912 -0.000675429 -0.000220524 -0.000568315 -0.00103202 -0.000542262 -0.00112905 -0.000404929 0.000335176 -0.000686525 -0.00037122 -0.00063095 -0.000462386 8.20239e-05 -0.000898047 -0.00118087 -0.000705812 -0.000237 -0.000882363 -0.000523151 -0.00122845 -0.00109575 -0.000130443 2.69402e-06 -0.000815964 -0.00141948 3.2608e-05 -0.00163209 -0.000867336 -0.000632089 -0.00111644 -0.000691675 -0.000189102 -0.000999527 -0.000501783 -0.000599173 -9.26214e-05 -0.000508677 -3.14719e-05 0.000383554 -7.00556e-05 
0.00012251 8.95565e-05 0.000138721 0.0734248 -0.000771877 0.00031392 0.00051892 -0.000578393 -0.000757693 -0.000192728 -0.000410207 -0.00113288 -0.00149628 -0.00234999 -0.00157528 0.00172095 -0.00119986 -0.00485936 -0.00482653 -0.00121831 -0.00446546 -0.00190798 -0.00310901 -0.00253308 -0.00430443 -0.00161284 -0.00346306 0.00117825 0.000226263 -0.00100902 -0.000955208 -0.000428938 -0.000322812 -5.06675e-05 -0.00130926 -0.000524822 -0.000228917 -4.46685e-05 -0.000717931 -4.73149e-05 -0.00116263 -0.000609703 -0.000176409 -0.000469031 -0.000408892 7.15339e-05 -0.000355598 -0.00110717 -0.000713048 -0.00153594 -0.000588205 -0.00035009 -0.000436279 -0.000553869 -0.000885719 -0.00044584 -0.000413934 -0.000883811 -0.000459201 -9.11169e-05 -0.00109928 -0.00110942 -0.00105992 -0.000881256 -0.000584609 6.84131e-05 -0.000587903 -0.000774075 -2.16553e-05 -0.000540132 0.000122953 6.46103e-05 -0.000642682 -6.91145e-05 -0.00112034 -0.000278017 -8.20728e-05 0.000537439 -0.00123328 -0.00091643 0.000241292 -0.000994164 -0.000152515 -0.000173606 -0.000350412 -0.00055803 -0.000301335 -0.000211809 9.74372e-06 -0.00088362 -0.00055378 -0.000352043 -0.000131779 -0.00062482 -0.000318851 -0.000696961 -0.000123125 -0.000230947 -0.000604836 -0.000535731 
-0.000543655 -0.000420868 1.58801e-05 -0.000771877 0.0904213 0.000183225 -0.00174724 -0.000303661 -0.000288531 -0.00117308 -0.000647012 -0.00076049 -0.00302766 -0.001632 -0.00346876 -0.00452128 -0.00168659 -0.00357932 -0.00165428 -0.00277889 -0.00260463 -0.00393643 0.00139751 8.55153e-05 0.000350532 -0.000715006 -0.000888241 -0.000739344 -0.00247011 -0.000539305 -0.000545228 -0.00132998 -0.000843733 0.0016632 -0.0010009 -0.00159455 -0.000195259 -0.000681598 -0.00150406 -0.000480506 -0.000839745 -0.00111856 -0.0010001 -0.0013636 -0.00101675 -0.00190479 -0.00123874 -0.000866664 -0.000442763 -0.00115972 -0.000815197 -0.000656832 -0.001416 -0.000315789 -0.00107546 -0.000679762 -0.000812874 -0.000785666 -0.00115092 -0.00105341 -0.000511394 -0.000991833 -0.000776627 -0.00114715 0.000156102 -0.000717209 -0.000177852 -0.000664559 -0.000546465 -0.00177242 -0.000880372 -0.000477416 -0.000988801 -0.000251062 -0.00109402 -0.00106062 -0.000362527 -0.000332598 -0.000211135 -0.000407613 -0.00065647 -0.000907141 -0.000376397 0.000248382 -0.000976614 -0.000685584 -0.000730666 -3.72887e-05 -0.000744739 -0.000484203 0.00011004 -0.000420747 -0.00128357 -0.00116236 -0.000705804 -5.62787e-05 -0.000475278 -0.000830912 -0.000695017 -0.00124356 
0.00035243 -0.000619651 -0.000574745 0.00031392 0.000183225 0.105965 -0.000890815 -0.000457307 0.000212062 -0.00172167 -0.00183004 -0.00339583 -0.00218187 -0.000364377 -0.00032244 -0.00368813 -0.00650503 -0.00320056 -0.00325061 -0.00129218 -0.000203033 0.00151375 -0.00374672 -0.00124021 -0.0039703 -0.00343522 -5.4046e-05 -0.000198087 -0.0030357 0.000331141 0.000934121 -0.000841642 -0.000304547 -0.00246752 -0.000144181 -0.00168068 -0.00134513 -0.00152067 -0.000644157 -0.000952233 -0.000960685 -0.000712206 -0.000876727 -0.00134061 -0.00111823 -0.000259173 0.000204184 -9.02707e-05 -0.00171736 -0.000840872 -0.000676973 -0.000312852 0.000382242 -0.000194165 -0.00151296 -0.0011825 -0.000509846 -0.000629398 -0.00160939 -0.00140378 -0.00187573 -0.000544497 -0.000436458 -0.00155749 0.000183307 -0.000428972 -0.0013726 -0.000336183 -0.000827683 -0.00162248 -0.000361927 -0.000405363 -0.00142937 -0.00107565 -0.000946488 -0.0021037 -0.000964339 -0.00051857 -0.00196615 -0.000806325 0.000167872 -0.000746733 -0.00040157 -0.00120656 -0.00157876 -0.000944725 -0.000247978 -0.00118849 -0.000893029 -0.000496107 -0.0013216 -0.00102302 1.05539e-05 -0.00114423 -0.00151148 -0.000811002 -0.00167348 -0.000425581 -0.00163047 -0.00190159 
-0.000963747 -1.07946e-05 -0.000610088 0.00051892 -0.00174724 -0.000890815 0.0998854 0.000345871 -0.000462034 0.000696463 -0.00190293 -0.000297655 -0.00211076 -0.00287628 -0.00139684 -0.00242246 -0.00225001 -0.00263533 -0.00315625 -0.00128926 -0.0052694 -0.00309431 -0.00246312 -0.00385923 0.00108814 -0.00614141 -0.00273448 -0.00148937 -0.00382386 -0.00140287 -0.000937097 0.0001185 0.000657261 -0.000414176 -0.000985039 -0.000638631 -0.000395158 -5.32333e-05 -0.00154915 0.000796288 -0.00104357 -0.00069779 -0.000917541 -0.00115463 -0.000779088 -0.000981821 -0.00121057 -0.000433811 -0.000502069 -0.00174693 -0.000712125 -0.000696472 -0.000962753 -0.00015762 -0.00103401 -0.000460432 -0.000363672 -0.00107242 -0.00061351 -0.000972905 -0.000740503 -0.000794589 -0.00113097 -0.000332865 -0.000733156 -0.000865519 -0.000219248 -0.000248342 0.000117149 -0.0013196 -0.00164335 -0.000458784 -0.000467582 -0.00112766 1.27634e-05 -0.00132953 -0.000253907 -0.00114059 -0.00134343 -0.000568766 -0.000924702 -7.91687e-06 -0.000810957 -0.00099022 -0.00100583 -0.000671749 -0.00101893 -4.54336e-05 -0.000863887 -0.000586643 -0.000354699 -0.000735624 0.000344054 -0.000190978 -0.00044374 -0.000902657 -0.00013772 -0.000720039 -0.00107173 -0.00159219 
-0.000594595 -0.00135853 -0.00148047 -0.000578393 -0.000303661 -0.000457307 0.000345871 0.109239 0.000623427 -0.000967866 0.000509066 -0.0017766 -0.00185472 -0.000849068 -0.00474585 -0.00482995 -0.00562273 -0.00218845 -0.00462179 -0.00311077 -0.000776502 -0.00672376 -0.00254753 0.00117087 -0.00182413 -0.0024444 -0.00250841 -0.000977536 -0.00116449 -0.000594405 -0.0039039 -0.000869596 -0.000349563 -0.0011255 -0.00122468 0.000486936 -0.00167413 -0.000626303 -0.00112078 -0.000883669 -0.00112501 -0.00182592 0.000389852 -0.00154409 -0.00195166 6.94625e-05 -0.000372938 -0.00100496 -0.000476859 -0.00068491 -0.000139487 -0.00112736 -0.000797698 -0.00086417 -0.00255498 -0.00170144 9.32948e-05 -0.00123824 -0.000973527 -0.00161629 -0.000853933 -0.00132857 -0.000613879 -0.000761623 -0.000845661 -2.9065e-06 -0.000748455 -0.000850124 -0.00101313 -0.00125757 0.000511518 -0.00116549 0.000207967 -0.00123195 -0.00169796 -0.001232 -0.000701871 -0.000989342 -0.000760612 -0.00133521 -0.00118066 0.000304441 0.000261595 -0.000908341 -0.000156507 -0.000321808 -8.46328e-05 -0.000243598 -0.000235164 -5.38556e-05 -0.00135005 -0.000216255 -0.000844903 -0.000829097 -0.00118478 -0.000756243 -0.00098243 -0.000645343 -0.000818063 0.000668659 
-0.000421006 -0.00129353 -0.00180951 -0.000757693 -0.000288531 0.000212062 -0.000462034 0.000623427 0.126003 -0.00207884 -0.00202725 -8.324e-06 -0.00344971 0.00155467 -0.000279791 -0.00326112 -0.000817391 -0.000203096 -0.00331312 -0.00491857 -0.00252466 -0.00525837 -0.00432466 -0.00742618 -0.00222829 -0.00262957 -0.000882646 -0.00160688 -0.000229415 -0.00173324 -0.00330015 -0.00314736 -0.00184466 0.0002511 -0.00133521 -0.000536614 -0.0010889 -0.00181866 -0.000926914 -0.000754405 -0.000136373 -0.000230927 -9.50125e-05 -0.00118165 -0.000296518 -0.000902539 -0.00112121 -0.00134596 0.000409174 -0.00159199 -0.000555428 0.000328263 -0.0015461 -0.00182751 -0.00140232 -0.000956776 -0.000520901 -0.000670272 -0.00213248 -0.000444607 0.000235607 -1.91842e-05 -0.00115608 -0.000989953 -0.00183702 -0.000717524 -0.00125603 -0.00062672 -2.20005e-05 -0.000822088 -0.000614853 -0.00129896 -0.000768563 -0.00167031 -0.00165951 -0.00157716 -0.000718157 0.000242397 -0.00137592 -0.00109417 -0.000136123 -0.0017365 -0.000163641 -0.00184553 -0.00134971 -0.00177812 -0.00215337 -5.78778e-05 -0.00018393 -0.00273579 -0.00256169 -0.000640718 -0.000396662 -0.000929482 -0.00157329 -0.001176 -0.00159082 -0.000970771 -0.0015268 -0.00218337 
-0.000594618 -0.00110688 -0.00103939 -0.000192728 -0.00117308 -0.00172167 0.000696463 -0.000967866 -0.00207884 0.126049 -0.0011621 0.000503646 -0.00259732 -0.00220158 -0.00310114 -0.00069459 -0.000474686 -0.00619428 -0.000566047 -0.00264915 -0.00236048 -0.00317184 -0.00918746 -0.000325259 0.00104158 -0.00601645 -0.00145908 0.000661842 -0.00139412 -0.00147374 -0.000341009 -0.00177455 -0.00079948 -0.000891162 -0.00153559 -0.00161825 0.000498641 -9.42213e-05 -0.00139145 -0.000872386 -0.00239457 -0.000734708 -0.00175542 -0.00108361 -0.000857992 -0.00150192 -0.00137397 -0.000979973 -0.00177534 -0.00138585 -0.00140499 -0.00246081 -0.00124732 -0.000898188 -0.00145293 -0.000310072 -0.00162148 -0.00101141 -0.000554263 -0.00102255 -0.00180595 -0.00151061 -0.000996474 -0.00244619 -0.000930544 -0.0012575 -0.00140445 -0.000746746 -0.00101494 -0.00147349 -0.00138879 -0.000538839 -0.000567212 -0.000275839 -3.5874e-05 -0.000897388 -0.000687784 -0.000927996 -0.00152286 -0.000558734 -0.00123464 -0.00148234 -0.00103145 -0.000952845 -0.00175505 -0.000513503 -0.0020964 -0.000617558 -0.000529778 -0.000380649 0.000106307 -0.000456658 -0.000379053 -0.00044029 -0.00167535 -0.000944352 -0.00168777 -0.0013289 -0.00082547 -0.00118689 
-0.00104073 -0.00157965 -0.00201936 -0.000410207 -0.000647012 -0.00183004 -0.00190293 0.000509066 -0.00202725 -0.0011621 0.153479 -0.00244757 -0.00350339 0.00133567 -0.00168256 0.00334497 -0.00591363 -0.00155472 -0.00618682 -0.00413116 -0.00791789 -0.00257165 -0.00541378 -0.00383585 -0.00284749 -0.00599238 -0.00446743 -0.00133958 0.00107813 -0.0022557 -0.00165408 -0.00162581 -0.000407718 -0.00209823 -0.0021571 -0.00168735 -0.00124318 0.000478444 -0.0013811 -0.00172689 -0.00240057 -0.00267982 0.000823937 -0.00045339 -0.00272141 -0.00100401 -0.000879617 -0.00145818 -0.000466697 -0.00237916 -0.000483172 0.00034546 -0.000524277 -0.00122998 -0.00256593 -1.57222e-05 -0.00204083 -0.000513783 -0.00177949 -0.00158445 -0.00311724 -0.00113618 -0.000259953 -0.000462647 -0.000656867 -0.0013822 -0.00144555 -0.00110681 -0.000761839 -0.00159746 -0.00134803 -0.00166463 -0.00112629 -0.000578044 -0.00196589 -0.00142247 -0.00111432 -0.00129624 -0.00126449 -0.0019236 -0.00183323 -0.00161861 -0.00075821 -0.0013864 -0.00160858 -0.000861977 -0.000424945 -0.00148065 -0.000698334 -0.000162913 -0.00288972 -0.00113709 -0.00142005 -0.000508666 -0.000591498 -0.000544614 -0.000397043 -0.000527101 -0.000759863 -0.00231168 
1.1259e-05 -0.00143628 -0.00148775 -0.00113288 -0.00076049 -0.00339583 -0.000297655 -0.0017766 -8.324e-06 0.000503646 -0.00244757 0.155128 -0.00156007 0.00243439 0.00209987 -0.00168129 -0.00137507 -0.00305207 -0.00586079 -0.00123417 -0.00494699 -0.00329196 -0.00446527 -0.00659494 -0.00266735 -0.00329514 -0.00491811 -0.00596894 -0.00279482 -0.00269498 -0.00456425 -0.00176781 -0.00410405 -0.0021837 -0.00159268 -0.000761553 -0.00147431 -0.000688889 -0.00143168 -0.00045107 -0.00287568 0.000181054 -0.00169418 -0.00175331 -0.00155554 -0.0010608 -0.0019503 -0.00106918 -0.000588266 -0.00140948 -0.00180151 -0.00149542 -0.000992865 -0.00171543 -0.00274452 -0.000811761 -0.000950099 -0.00156634 -0.000916689 -0.00131062 -0.00238931 -7.41518e-05 -0.00118811 -0.0010374 -0.00269767 -0.00211206 -0.00199984 -0.00131745 -0.000455739 -0.00179313 -0.00146861 -0.000428053 0.000824275 -0.00111094 -0.00252702 -0.000802031 -0.00166633 -0.000703765 -0.000624612 -0.000314176 -0.00132216 -0.00109563 -0.00156225 -0.000396251 -0.00214225 -0.00105677 -0.000737916 -0.000886744 -0.000325842 -0.00171541 -0.00222081 -0.00106485 -0.000567033 -0.000549075 -0.000998349 -0.0010654 -3.867e-05 -0.000904105 -0.000458718 -0.000936674 
-0.00225962 -0.000900502 -0.000701614 -0.00149628 -0.00302766 -0.00218187 -0.00211076 -0.00185472 -0.00344971 -0.00259732 -0.00350339 -0.00156007 0.195283 -0.00880912 0.00171625 -0.00369878 -0.00255681 0.00027832 -0.00164558 -0.00770774 -0.00821241 -0.00373126 -0.00714175 -0.00217619 -0.00035872 -0.00362815 -0.00267967 -0.00549547 -0.001343 -0.00528961 -0.00805435 -0.00178927 -0.00429354 -0.0010954 -0.00202011 -0.0012456 -0.00159969 -0.00134337 -0.00263282 0.000419652 -0.00216781 0.000101036 -0.00136185 -0.00023833 0.000120184 -0.000589008 -0.00186931 -0.0028443 0.000132972 0.000305521 -0.00334188 -0.00201448 -0.0012039 -0.000472832 -0.00224878 -0.00123422 -0.00127692 -0.00254442 -0.0011027 -0.0022167 -0.00224949 2.44759e-05 -0.00103253 0.00047187 0.000235069 -0.0016965 -0.00101988 -0.00180916 -0.00367818 -0.000748118 -0.00327055 -0.00118123 -0.000522008 -0.00207673 -0.00195382 -0.00160014 -0.00183527 -0.000154849 -0.00253828 -0.00221369 -0.00328271 -0.00133818 -0.000847525 0.00013073 -0.001971 -0.00191201 -0.000412461 -0.00292828 -0.000330039 -0.00133523 -0.00275663 -0.00227217 -0.00273488 -0.000804024 -0.00168793 -0.00182498 -0.000651167 -0.000859189 0.000369255 -0.00114044 
-0.00218549 -0.00170464 -0.00182243 -0.00234999 -0.001632 -0.000364377 -0.00287628 -0.000849068 0.00155467 -0.00220158 0.00133567 0.00243439 -0.00880912 0.207244 -0.00570412 -0.00313107 -0.00676989 -0.00443669 -0.00436788 -0.000389052 -0.00339659 -0.00321813 -0.0141448 -0.00895056 0.00292004 -0.00826062 -0.00385582 -0.00626864 -0.00343411 -0.000577905 -0.00720358 -0.00668557 -0.00163702 -0.00361249 -0.000293733 -0.000677962 0.000329815 -0.00176724 -0.00129662 -0.000728549 -0.000721848 -0.00183104 0.000313876 -0.000771737 -0.00163841 -0.000517123 -0.002661 -0.002718 -0.00356129 -0.00536246 -0.00146838 -0.00119857 -6.79317e-05 -0.0010649 -9.12216e-05 -0.00120051 0.000754578 -0.00386446 -0.00279163 -0.000917228 -0.00136305 -0.00256914 -0.00247879 -0.000489803 -0.00287718 -0.00148786 -0.00102813 2.40061e-05 -1.60498e-05 -0.00283857 -0.00200507 -0.00198584 -0.00200447 -0.0012024 -0.00260388 0.00182018 -0.00170457 -0.00154146 -0.00205235 -0.00221686 -0.000550687 -0.0015647 -0.00121249 -0.00124634 -0.000519062 -0.00173282 -0.00232828 -0.000706829 -0.000168236 -0.00251203 -0.00160128 -0.00221761 -0.000891208 -0.00115861 -0.00395173 -0.00094991 -0.00280066 -0.000672853 -0.000848069 -0.000580946 
-0.00179362 0.000376548 -0.00161408 -0.00157528 -0.00346876 -0.00032244 -0.00139684 -0.00474585 -0.000279791 -0.00310114 -0.00168256 0.00209987 0.00171625 -0.00570412 0.210526 -0.00155841 -0.00602037 -0.0034022 -0.00456421 -0.000807643 -0.0078633 -0.000848483 -0.00294878 -0.0109668 -0.00974126 -0.00530839 -0.00300067 -0.0039237 -0.00254137 -0.00343937 -0.00544125 -0.00185007 -0.00306637 -0.00478464 -0.00313371 -0.00163402 -0.00269988 -0.00287594 -0.000416057 -0.00153174 -0.00322172 -0.000686375 -0.000842588 0.000848161 -0.000714341 0.000353192 -0.00118275 -0.000347943 -0.001311 -0.00233128 -0.00337784 -0.00166839 -0.00240988 -0.00293488 -0.0019704 -0.00225926 0.000880138 -0.0011971 -0.00167819 -0.00311573 -0.00243682 0.000260258 -0.00303504 -0.000688627 -0.00276404 -0.00138636 -0.00240148 -0.00357255 -0.00174527 -0.00156153 -0.00164153 -0.000128064 -0.000649363 -0.00155624 -0.00144612 0.000181922 -0.00294203 -0.00103705 -0.00145396 -0.00157432 -0.00036496 -0.000486686 -0.000934271 -0.00274818 -0.00192259 -0.0010167 -0.00214227 -0.0012037 -0.00091051 -0.00111248 -0.00339053 -0.00109858 -0.00249558 -0.00107026 -0.00308954 -0.00199172 -0.00240027 -0.000887806 -0.000635191 -0.00401714 
-0.00374885 -0.00236814 -0.00232828 0.00172095 -0.00452128 -0.00368813 -0.00242246 -0.00482995 -0.00326112 -0.00069459 0.00334497 -0.00168129 -0.00369878 -0.00313107 -0.00155841 0.23811 0.000506648 0.00061857 -0.00119033 -0.00125518 -0.00951153 -0.00215931 -0.00869161 -0.0104666 -0.00531072 -0.00729452 -0.00910599 -0.00640878 -0.00272814 -0.00453386 -0.00194278 -0.00910281 -0.00124981 -0.00155994 -0.00299513 -0.000496127 -0.000699161 -0.00141813 -0.00147591 -0.00449996 -0.00120686 -0.00253833 -0.00191574 -0.000214169 -0.000869568 -0.00246127 -0.00143972 -0.000762449 -0.000142446 -0.00338162 -0.00348957 -0.00289093 -0.000786665 -0.00181432 -0.00277953 -0.00292708 -0.00159461 0.00024428 -0.00206311 -7.27511e-05 -0.00413712 -0.00155051 -0.00442733 -0.00494279 0.00019453 -0.00271256 -0.00228422 -0.0016067 -0.00280068 -0.00208709 -0.000495671 -0.000145327 0.000937325 0.000189842 -0.00176408 -0.00336829 -0.00427627 -0.00355246 -0.000254642 -0.00152065 -0.0016142 -0.00320282 -0.000807725 -0.0024307 -0.000532109 -0.00200267 -0.00104301 -0.000967885 -0.0027221 -0.00293989 -0.00279905 -0.00190642 -0.00088423 -0.00199774 -0.000421007 -0.00313528 -0.00383074 -0.000271225 -0.00140621 -0.0036462 
-0.00184372 0.000118742 -0.00111645 -0.00119986 -0.00168659 -0.00650503 -0.00225001 -0.00562273 -0.000817391 -0.000474686 -0.00591363 -0.00137507 -0.00255681 -0.00676989 -0.00602037 0.000506648 0.249124 0.00292308 -0.0024369 0.00213503 -0.00398667 -0.00343174 -0.000362271 -0.00142726 -0.00972088 -0.00953981 -0.0109182 0.00156139 -0.00972336 -0.00293307 -0.0107291 -0.0027687 -0.00398589 -0.0043021 -0.00205208 -0.00242922 -0.00372315 -0.000168909 -0.00258923 -0.0053747 -0.00118698 -0.000989882 -0.0016726 -0.00221924 -0.00104586 -0.000520645 -0.00496517 -0.00173379 -0.00142122 -0.00252702 -0.000798493 -0.0023813 -0.00274809 -0.00213854 -0.00169427 -0.00381301 -0.00501619 -0.000771773 -0.00124262 -0.00140235 0.000587212 -0.000288667 -0.00490435 0.000301986 -0.00183126 -0.00246595 -0.0007626 -0.00193387 -0.0020082 -0.00509347 -0.000164902 -0.001957 0.00109142 -0.00184771 0.00158823 -0.00229619 -0.00407078 -0.00143689 -0.00429621 -0.0036642 -0.00251212 -0.00377039 -0.00138142 -0.00405745 -0.000988933 -0.00368793 -0.00187799 -0.00169462 -0.00309412 -0.00309912 -0.00179152 -0.00234111 -0.000873976 -0.00136179 7.95451e-05 -0.00147839 -0.00372377 -0.00389078 0.000392571 -0.00271797 
-0.00241653 -0.00104771 -0.00308065 -0.00485936 -0.00357932 -0.00320056 -0.00263533 -0.00218845 -0.000203096 -0.00619428 -0.00155472 -0.00305207 0.00027832 -0.00443669 -0.0034022 0.00061857 0.00292308 0.249514 -0.00324822 -0.0102744 -0.00785703 -0.00420596 -0.00734213 -0.00889252 -0.00727521 -0.00956662 -0.0111157 -0.00202039 -0.00227106 -0.0025616 -0.00505268 -0.00290555 -0.00152251 -0.00410341 -0.000503953 -0.00303566 -0.00183835 0.000189834 0.000208911 0.000567052 -0.000681561 -0.00164566 -0.00133722 -0.00363516 -0.000226065 -0.00209323 0.00182129 -0.00163408 -0.00234293 -0.00504893 -0.00337412 -0.00584638 0.000731594 -0.00215218 -0.00157569 0.00122628 -0.0032656 0.000692914 -0.00121353 -0.00217198 -0.00074809 -0.000181701 0.00152418 -0.000565049 -0.00117805 -0.00102886 -0.00273183 0.000390474 -0.00103709 -0.00262888 -0.00535241 0.000986215 -0.00225519 -0.00285894 -0.0022645 -0.00297442 -0.00292358 -0.00492348 -0.00159834 -0.00367394 -0.00291896 -0.00397014 -0.00054817 -0.00376147 -0.00164674 0.00019179 5.09039e-05 -0.00417392 -0.00467243 -0.00214332 -0.00272086 -0.00240572 -0.00157764 -0.00135774 -0.00323146 -0.00283327 -0.00337093 -0.00106735 -0.00341723 -0.0014859 
-0.000108336 -0.00294214 -0.00419889 -0.00482653 -0.00165428 -0.00325061 -0.00315625 -0.00462179 -0.00331312 -0.000566047 -0.00618682 -0.00586079 -0.00164558 -0.00436788 -0.00456421 -0.00119033 -0.0024369 -0.00324822 0.249779 -0.00185478 -0.0065952 -0.00516826 -0.013818 -0.00660177 -0.00753959 -0.00393303 -0.00817697 -1.56359e-05 -0.00488709 -0.00653216 -0.00258235 -0.0052384 -0.00308296 -0.00330553 0.000155204 -0.00250938 -0.000932252 -0.00399891 -0.00143225 -0.000469337 -0.000348502 -0.0024721 0.000456549 -0.00301935 -0.00227768 -0.00194019 -0.00207435 -0.00322981 -0.000342643 0.000632054 -0.00281469 -0.00365591 -0.00164478 -0.00109298 -0.000492758 -0.00224417 -0.00476583 -0.00224995 0.000631919 -0.00147636 -0.000985806 -0.00293168 -0.000746112 -0.00213563 -0.00183662 -0.00316891 -0.0039338 -0.00359533 -0.0033726 -0.0013236 -0.000709667 -0.00112534 -0.00112489 5.49961e-05 -0.000146121 -0.000930107 0.00142859 -0.00392504 0.000500964 -0.0051675 -0.00115286 -0.00273152 -0.000997375 -0.00169119 0.000441277 -0.00223504 -0.00298824 -0.000350222 -0.00187851 -0.000179665 -0.000936822 -0.00024594 -0.00203143 -0.00179978 -0.00323655 -0.00134893 -0.0030408 -0.00298457 -0.00295488 -0.00118274 
-0.00423006 -0.0010587 -0.00327704 -0.00121831 -0.00277889 -0.00129218 -0.00128926 -0.00311077 -0.00491857 -0.00264915 -0.00413116 -0.00123417 -0.00770774 -0.000389052 -0.000807643 -0.00125518 0.00213503 -0.0102744 -0.00185478 0.248467 0.00170691 0.000791005 -0.0045884 -9.15107e-06 -0.000820468 -0.0126844 -0.00332709 -0.00357564 -0.00234093 -0.00997154 -0.00250582 -0.000460445 -0.00548758 -0.0021845 -0.00499675 -0.00308366 -0.00144604 -0.00217883 -0.000678426 -0.00333295 -0.00354182 -0.00244379 -0.00182493 -0.000355635 -0.000374632 -0.00470634 -0.00148904 -0.00401126 -0.00290165 -0.00113732 -0.00222328 -0.00163143 -0.00277247 -0.000749623 -0.000256679 -0.00284267 -0.00166215 -0.00230719 -0.000998378 -0.00168081 -0.00218716 -0.00327703 -0.00393333 -0.00237898 -0.00368586 -0.00364421 -0.00326746 -0.00261401 0.000819279 -0.00279958 -0.00196588 -0.000976771 -0.00386856 -0.00349067 -0.00306309 -0.00412966 -0.00294609 -0.00299643 -0.00282877 -0.00246301 -0.00391252 -0.00393606 0.000249473 -0.00268581 -0.00359338 -0.00407623 0.000841147 -0.00120364 -0.0031945 -0.00228708 -0.000985315 -0.00121822 -0.00226634 -0.000107745 -0.000979104 -0.00237913 -0.00104749 -0.00177854 -0.00221723 -0.00356425 
-0.00124538 -0.000692435 -0.00355521 -0.00446546 -0.00260463 -0.000203033 -0.0052694 -0.000776502 -0.00252466 -0.00236048 -0.00791789 -0.00494699 -0.00821241 -0.00339659 -0.0078633 -0.00951153 -0.00398667 -0.00785703 -0.0065952 0.00170691 0.249969 0.00145098 -0.0129407 -0.00436322 -0.00577192 0.00793284 -0.00540137 -0.00772179 -0.00729173 -0.00144494 -0.000708156 -0.00490935 -0.0017298 -0.00143056 -0.0013534 -0.000237019 -0.000402834 -0.00186391 -0.00332204 -0.00453794 -0.000207519 -0.00328179 -0.00220249 -0.00157009 -0.00321688 -0.00297599 -0.00357571 -0.00042021 -0.00466126 0.000614374 0.00133216 -0.00533654 -0.00336289 -0.00187303 -0.00213472 -0.00293502 -0.00182181 -0.0011744 -0.00234518 -0.000781489 -0.0012683 0.00070306 -0.00312504 -0.00307465 -0.00125799 -0.000103086 -0.00395164 -0.00183236 -0.00177373 -0.000320157 -0.00277313 -0.00384116 -0.00469622 -0.000818996 -0.00115788 0.000723163 -0.00114867 -0.000795943 -0.000837241 -0.00281347 -0.00108365 -0.00405129 -0.00169778 -0.00107596 -0.000728385 0.000427341 -0.00246696 -0.00139802 -0.000547473 -0.00168885 -0.00133989 -0.00148281 -0.000230781 -0.00285779 -0.00347008 -0.00264132 -0.00171593 -0.00168312 -0.00181443 -0.00400308 
-0.00302546 -0.00302284 -0.0037697 -0.00190798 -0.00393643 0.00151375 -0.00309431 -0.00672376 -0.00525837 -0.00317184 -0.00257165 -0.00329196 -0.00373126 -0.00321813 -0.000848483 -0.00215931 -0.00343174 -0.00420596 -0.00516826 0.000791005 0.00145098 0.2499 -0.00692088 -0.000169733 -0.00869897 -0.00260524 -0.0073356 -0.0103981 -0.00446554 5.39685e-05 -0.00119792 -0.00444347 2.44203e-05 -0.00297753 -0.00264872 -0.00231869 -0.00215503 -0.00366638 -0.00139265 -0.0026296 -0.000376897 -0.00189708 -0.00304423 -0.000669897 -0.000438616 -0.0032319 -0.00144103 -0.00268454 -0.00394773 -0.00129727 -0.00112995 -0.00451687 -0.00166985 -0.00331843 -0.000656078 -0.00239579 -0.000705604 0.000606122 -0.00159359 -0.00168389 -0.00097436 -0.00133762 -0.00154223 -0.000809737 -0.00249852 -0.0031746 -0.00340006 -0.00238931 -0.00219066 0.000154815 -0.00275979 -0.00339574 -0.00230798 -0.00140631 -0.000101264 -0.00228566 -0.00212882 -0.00164974 -0.00216891 -6.20226e-05 -0.00075402 -0.00357489 -0.00378688 -0.00288815 -0.00306206 -0.00441544 -0.00215898 -0.0010412 0.00073826 -0.00165403 -0.00416222 -0.00430228 -0.00325535 -0.00281651 -0.0028861 -0.00250625 -0.00298589 -0.00152395 -0.004436 -0.00317941 
0.000637661 -2.72142e-05 0.00173959 -0.00310901 0.00139751 -0.00374672 -0.00246312 -0.00254753 -0.00432466 -0.00918746 -0.00541378 -0.00446527 -0.00714175 -0.0141448 -0.00294878 -0.00869161 -0.000362271 -0.00734213 -0.013818 -0.0045884 -0.0129407 -0.00692088 0.2494 0.000491109 -0.00266026 0.000565514 0.000204609 -0.00220621 -0.00874529 -0.00407526 0.0036082 0.00108184 -0.00107787 -0.000397628 -0.00274817 -0.000730585 -0.00446354 -0.00398104 -0.00212788 0.000928568 -0.00136819 -0.00300997 -0.00554276 -0.00181593 -0.00326019 -0.00241432 -0.00158342 -0.000719558 -0.000827835 -0.00210558 0.000775814 -0.00183227 -0.00311954 -0.00178627 -0.00262402 0.000367717 -0.000160956 -0.0034847 -0.00265778 -0.00460585 -0.000914147 -0.0016987 -0.00192064 -0.00141928 -0.00273592 -0.00217498 0.00228785 -0.00155213 -0.00285891 -0.00158838 -0.00393645 -0.0018114 -0.000771215 -0.00344226 -0.00100884 0.00123643 -0.00386444 0.000287566 -0.00166776 -0.00139415 -0.00304306 -0.00230429 -0.00318955 -0.00126309 -0.000793552 0.000839616 -4.07635e-06 -0.00288587 -0.00213883 -0.00166472 -0.00149701 -0.00053864 -0.00272853 -0.00337623 -0.000302488 -0.00490718 -0.00079272 -0.0050543 -0.00294076 -0.00134807 
-0.00183433 -0.00208293 -0.000355476 -0.00253308 8.55153e-05 -0.00124021 -0.00385923 0.00117087 -0.00742618 -0.000325259 -0.00383585 -0.00659494 -0.00217619 -0.00895056 -0.0109668 -0.0104666 -0.00142726 -0.00889252 -0.00660177 -9.15107e-06 -0.00436322 -0.000169733 0.000491109 0.24857 0.000608797 -0.00480602 -0.00233865 -0.0060686 -0.00747848 -0.00389022 -0.00260051 -0.00317262 -0.00227329 -0.000692871 -0.00205033 -0.00283381 -0.00312357 -0.00185377 -0.00111957 -0.00526875 -0.00483313 0.000356975 -0.00279552 -0.00350886 -0.0039867 -0.00170795 -0.000986268 -0.00161146 -0.00174329 -0.00179076 -0.00387259 0.000872892 -0.00240516 -0.00283046 -0.00349288 -0.00136257 -0.00254749 -0.00151977 -0.000306792 -0.00351207 -0.000581848 -0.000814291 -0.00334709 -0.00215713 -0.00080138 -0.00152476 -0.000570546 -0.000859466 -0.00370045 -0.00132085 -0.000554632 -0.00360229 -0.00179481 -0.000161589 -0.000913908 -0.00251105 -0.00269867 -0.00242704 -0.00185855 -0.00471628 0.000824696 -0.00101171 -0.00209382 -0.00335085 -0.00275266 -0.00162013 -0.00177597 -0.00086941 -0.00143211 -0.00318657 -0.00289942 -0.000568058 -0.00393586 -0.00251704 -0.000478022 -0.000109057 -0.00304812 -0.00252272 -0.00347122 7.50725e-05 
-0.00306935 -0.00134747 -0.00162844 -0.00430443 0.000350532 -0.0039703 0.00108814 -0.00182413 -0.00222829 0.00104158 -0.00284749 -0.00266735 -0.00035872 0.00292004 -0.00974126 -0.00531072 -0.00972088 -0.00727521 -0.00753959 -0.000820468 -0.00577192 -0.00869897 -0.00266026 0.000608797 0.245036 -0.00787888 -0.00128232 -0.00289642 -0.00236611 -0.00256029 -0.00914286 -0.00169467 -0.00210208 -0.00285874 -0.00437937 -3.9696e-05 -0.00137575 -0.00286505 -0.00307631 -0.00270145 -0.00315441 -0.00125579 -0.000920337 -0.00369858 -0.00347967 -0.00134953 -0.00370409 -0.0037582 -0.00307105 -0.00336425 -0.00219597 -0.00147677 -0.000757042 -0.00155408 0.000545075 -0.00347645 -0.00169473 -0.00292759 -0.000301396 -0.00190072 -0.00143784 -0.00125343 -0.00335183 -0.00115249 0.000527541 -0.00201045 -0.00245606 -0.00323374 0.00134695 -0.00330667 -0.00300822 -0.00112398 -0.00385105 -0.00295592 -0.00397993 -0.0017466 -0.00268779 8.42729e-05 -0.00155182 -0.00468488 -0.00311936 0.000735863 -0.000162346 -0.00182083 -0.000870949 -0.00238756 -0.000737314 -0.00196441 -0.00296737 3.29439e-05 -0.000808839 -0.00210345 -0.00440108 -0.002022 -0.00107244 -0.0027095 -0.00269635 -0.00160634 -0.00379453 -0.00223491 
-0.00244599 -0.00254477 -0.00218252 -0.00161284 -0.000715006 -0.00343522 -0.00614141 -0.0024444 -0.00262957 -0.00601645 -0.00599238 -0.00329514 -0.00362815 -0.00826062 -0.00530839 -0.00729452 -0.00953981 -0.00956662 -0.00393303 -0.0126844 0.00793284 -0.00260524 0.000565514 -0.00480602 -0.00787888 0.228848 -0.00557472 -0.00234371 -0.000822137 -0.0052213 0.00119638 0.00117818 -0.00437819 -0.00180781 -0.00363531 -0.00111344 -0.00423723 -0.00318147 -0.00190998 -0.00148053 -0.000836874 -0.00269241 -0.00258766 -0.00299385 -0.00305506 -0.000479233 -0.00355819 -0.00356123 -0.00123295 -0.00186159 -0.000822548 -0.000379699 -0.00228704 0.000160024 -0.000216801 -0.00161947 -0.00327836 -0.00159995 -0.00081249 0.000359729 -0.00141852 -0.00234518 -0.000156444 -0.000680431 -0.00206917 -0.0017692 -0.00231471 -0.00110598 -0.00065727 -0.00338047 -0.00100559 -0.0016198 -0.00185563 -0.00313141 -0.00217377 -0.0017959 -0.000825715 -0.0018677 -0.000492992 -0.00257141 -0.000971195 -0.0014927 -0.00306764 0.0010585 0.000181033 -0.000576645 -0.00301118 -0.00262938 -0.000882661 -0.000768344 -0.000296503 -0.000967213 -0.000965346 -0.00313296 -0.00153317 0.00122262 0.000299886 -0.00108566 -0.000388455 -0.00345337 
0.00034242 -0.000851116 0.000865316 -0.00346306 -0.000888241 -5.4046e-05 -0.00273448 -0.00250841 -0.000882646 -0.00145908 -0.00446743 -0.00491811 -0.00267967 -0.00385582 -0.00300067 -0.00910599 -0.0109182 -0.0111157 -0.00817697 -0.00332709 -0.00540137 -0.0073356 0.000204609 -0.00233865 -0.00128232 -0.00557472 0.212522 -0.0021225 -0.000296512 -0.0033188 -0.0028424 -0.00168055 -0.00385348 -0.00359116 -0.0012488 -0.000680383 -0.00316869 -0.00104884 -0.00223931 0.000149216 -0.00066133 -0.00226607 -0.0015866 -0.000738276 -0.000936615 -0.000800059 -0.000897072 -0.00294795 -0.00451957 -0.00216544 -0.00339605 -0.000519711 -0.00359287 -0.00190232 -0.000283905 -9.51576e-05 -0.00198331 -0.0028302 -0.000492128 -0.00284884 -0.00279178 -0.00255197 -0.00159526 -0.00196056 -0.00043187 -0.00190429 -0.000982308 -0.000285805 -0.00221437 -0.00095031 -0.00215726 -0.00202725 -0.00101681 -0.000312015 -0.000136574 -0.00464752 -0.00164414 -0.000391623 -0.00236707 -0.000261567 -0.00287404 0.000821001 -0.000947504 -0.00204742 -0.00218196 0.000158252 0.000456422 -0.0002751 -0.000536371 -0.00254896 -0.00270437 -0.000751352 -0.000421764 -0.00014788 -0.00194963 -0.00304383 -0.00206683 -0.00143695 -0.000709818 -0.00235053 
-0.00198548 -0.00420371 -0.00295885 0.00117825 -0.000739344 -0.000198087 -0.00148937 -0.000977536 -0.00160688 0.000661842 -0.00133958 -0.00596894 -0.00549547 -0.00626864 -0.0039237 -0.00640878 0.00156139 -0.00202039 -1.56359e-05 -0.00357564 -0.00772179 -0.0103981 -0.00220621 -0.0060686 -0.00289642 -0.00234371 -0.0021225 0.211263 0.00198282 -0.00164609 -0.00345871 -0.000320561 -0.00490071 -0.00344399 -0.00197953 -0.0033256 -0.00203819 -0.000773902 -0.001714 -0.00296038 -0.00460282 -9.63238e-05 -0.00173241 -0.000480662 -0.00138819 -0.00163056 -0.00185331 -0.000476734 0.000678595 -0.00158475 -0.000854266 -0.00112915 -0.00164723 -0.00159056 -0.0027001 -0.00110694 -0.00303032 -0.00448459 -0.00280055 0.000733691 -0.00332032 -0.00241279 -0.00181011 -0.00213183 -0.0023251 -0.00136582 -0.00234595 0.000344112 -0.00172447 -0.00433366 -0.00266112 -0.00129991 -0.00115805 -0.00256359 -0.00129568 -0.00160013 -0.00123093 -0.00195684 -0.00319211 -0.00182944 -0.00144792 -0.00229872 -0.00335697 -0.00132447 -0.000959289 -0.00233948 -0.00209773 -0.00267422 -0.00163632 -0.000350525 -0.00186423 -0.00190638 -0.00229823 -0.00260581 0.000382047 -0.00205457 -0.0012222 -0.000643576 -0.00342924 -0.00103372 
-0.00337649 -0.0025503 -0.00292513 0.000226263 -0.00247011 -0.0030357 -0.00382386 -0.00116449 -0.000229415 -0.00139412 0.00107813 -0.00279482 -0.001343 -0.00343411 -0.00254137 -0.00272814 -0.00972336 -0.00227106 -0.00488709 -0.00234093 -0.00729173 -0.00446554 -0.00874529 -0.00747848 -0.00236611 -0.000822137 -0.000296512 0.00198282 0.186789 -0.00147702 -0.00346474 -0.00223926 0.000313801 -0.00213693 -0.00369982 -0.00251958 -0.00361176 -0.000220943 -0.00172003 -0.00213058 -0.00295562 -0.00176116 -0.00108457 -0.00125206 -0.00147468 -0.000487147 -0.000663481 -0.00148715 -0.00114673 -0.000656735 -0.000963313 -0.000862721 -0.0014993 -0.0013299 -0.000574817 -0.00121567 0.000499091 -0.00250493 -0.00143155 -0.00115552 -0.00279058 -0.00351571 -0.000481992 -0.00221825 -0.00325748 -0.000692724 -0.00124815 -0.00305122 -0.000853641 -0.00266101 -0.000151741 -0.00121068 -0.00157792 -0.00222582 -0.00313072 -0.00362151 -0.00184757 -0.000494621 -0.00191796 0.000819225 -0.00283773 -0.00224317 0.000148335 0.000202574 -0.00280898 -0.000523942 -0.0013891 -0.00226805 -0.00168525 -0.00188935 -0.00206736 -0.00186336 0.000116546 -0.00085603 -0.0019464 -0.000377735 -0.000418859 0.000432151 -0.00038255 0.000126156 
-0.000743874 -0.00211369 -0.00102121 -0.00100902 -0.000539305 0.000331141 -0.00140287 -0.000594405 -0.00173324 -0.00147374 -0.0022557 -0.00269498 -0.00528961 -0.000577905 -0.00343937 -0.00453386 -0.00293307 -0.0025616 -0.00653216 -0.00997154 -0.00144494 5.39685e-05 -0.00407526 -0.00389022 -0.00256029 -0.0052213 -0.0033188 -0.00164609 -0.00147702 0.154698 -0.00116521 -0.00194267 -0.000130073 0.00037498 -0.00226823 -0.00163332 -0.000949444 0.000166821 -0.00307793 -0.00109617 -0.00122 -0.0010846 -0.000921851 -0.00236417 -0.00106231 -0.000284742 -0.0025119 -0.000697617 -0.00190075 -0.0035221 -0.00255586 -0.00164893 -0.00190095 -0.0016926 -0.002555 -0.00204648 -0.00142724 -0.0011028 -0.00158121 -0.00144689 -0.00256136 -0.00252308 0.000946291 -0.000207117 -0.00117892 -0.00185945 -5.90287e-05 -0.000530483 -0.00170497 -0.00100026 8.59816e-05 -0.00237339 -0.000940485 -0.000138806 -0.00091718 -0.001668 -0.0013539 -0.00198657 -0.00227589 0.00120106 -0.00115417 0.000292381 -0.00157761 -0.000391862 -0.00117234 -0.00041104 -0.00230251 -0.00171722 -0.000789784 0.000609244 -0.00173848 -0.000606558 -0.00147851 -0.00113659 0.0006102 -0.000262334 0.00040604 0.000277852 -0.000764087 -0.00042546 
0.000768282 -0.00175688 4.79553e-05 -0.000955208 -0.000545228 0.000934121 -0.000937097 -0.0039039 -0.00330015 -0.000341009 -0.00165408 -0.00456425 -0.00805435 -0.00720358 -0.00544125 -0.00194278 -0.0107291 -0.00505268 -0.00258235 -0.00250582 -0.000708156 -0.00119792 0.0036082 -0.00260051 -0.00914286 0.00119638 -0.0028424 -0.00345871 -0.00346474 -0.00116521 0.146665 -0.00132768 0.000924969 0.00111148 -0.00179101 -0.00125011 -0.000591013 -0.00156065 -0.00193339 -0.000830121 -0.000776617 -0.00162318 -0.000959722 -0.00120508 -0.000753688 -0.000693602 -0.00212347 -0.00140609 -0.00183541 0.00142925 -0.000134689 -0.000959991 -0.000354778 -0.000397075 -0.00181696 -0.000287745 -0.00229585 -0.000110677 -0.000947399 -0.00130607 0.00122579 -0.00322338 0.000297013 -0.00339352 -0.00104477 -0.00121225 -0.000108702 -0.00126777 -0.00162685 -0.00131307 -0.00133371 -0.00155388 -0.00122802 0.000991845 -0.00123505 -0.000847492 -0.000335986 -0.00184565 -0.00089337 -0.000454547 0.000209009 -0.000667498 -0.00201501 0.000143064 -0.000603903 -0.00106322 -0.00162433 -0.00221021 -0.000482869 -0.000984115 6.9157e-05 -0.00128999 1.52819e-05 -0.00219994 -0.000700201 -0.00187307 -0.00117239 -0.00176947 -0.00127001 -0.00146994 
-0.0015224 -0.00175128 -0.00149188 -0.000428938 -0.00132998 -0.000841642 0.0001185 -0.000869596 -0.00314736 -0.00177455 -0.00162581 -0.00176781 -0.00178927 -0.00668557 -0.00185007 -0.00910281 -0.0027687 -0.00290555 -0.0052384 -0.000460445 -0.00490935 -0.00444347 0.00108184 -0.00317262 -0.00169467 0.00117818 -0.00168055 -0.000320561 -0.00223926 -0.00194267 -0.00132768 0.147984 -0.00288527 -0.000644926 -0.00143106 -0.00215551 -0.000452172 -0.00237301 -0.00147389 -0.000223098 -0.0016526 -0.00130564 -0.00253105 -0.00160501 -0.00193686 -0.000448488 -0.00132105 -0.000951347 -0.00196922 -0.00124527 -0.00159059 -0.00150274 -0.00112052 -0.00181176 -0.000449289 -0.00164889 -0.00153904 -0.00190256 -0.00145585 -0.00185013 -0.00160985 -0.00180977 -0.000510901 -0.00177419 -0.000632175 0.000262266 -0.0027168 0.0001676 -0.00149533 -0.00262113 -0.000117209 4.85721e-05 -0.000399262 -0.0010309 -0.0014183 -0.00132736 -0.000576228 -0.00038743 -0.00123386 0.00118262 -0.000874701 -0.000832238 -0.00102177 -0.000920491 -0.00143838 -0.00123456 -0.000735641 -0.000797728 -0.00157864 -0.00149468 -0.00147545 -0.000629476 -0.00137398 -0.00221092 -0.00144693 -0.00131046 -0.000819322 -0.000109402 -0.00068666 -0.000811324 
