0.0804763 -0.000304655 -0.000544926 1.46866e-05 -0.00125528 -0.000990208 -0.000655203 -0.00150211 -0.00115256 -0.00167607 -0.00031726 -0.000173665 -0.00149509 -0.00247044 -0.00152111 -0.000544943 0.000256669 -0.000234323 -0.00386 -0.00230291 -0.0010022 -0.00370929 -0.00237295 -0.00131328 -0.00258817 -0.00236453 -0.000939248 -0.00435508 -0.000584162 -0.00194542 -0.00122921 -8.85883e-05 -0.00124098 -0.00175846 -0.00108737 -0.00115075 -0.00044967 -0.000251003 -0.000230601 -0.00054112 -0.000398568 -0.00104674 -0.00135444 5.66314e-05 -0.00111679 -0.000289609 -0.000864493 -2.7073e-05 -0.000796062 -0.000565294 -0.000598805 -0.000144105 -0.00090598 -0.000542641 0.000193386 -0.000507876 -0.000554087 -0.000646305 4.57838e-05 -0.000430821 -0.000412456 -0.000801943 -0.000778271 -0.00104353 -0.000414223 8.41964e-06 -0.000231699 -0.000182213 -0.00054512 -0.000555037 -0.0008814 -0.000519536 -0.00038352 -0.000638602 -0.000386383 -0.00053765 -0.000947146 -0.000571813 -0.00125475 -0.00100046 -0.000532447 -0.0002538 -6.40625e-05 -0.000210773 0.000130704 -0.000120998 -9.80043e-05 -0.000179789 -0.000555474 -0.000978571 -0.000242439 -0.000559843 -0.000120521 -0.00127159 -0.000722319 -0.000357495 0.000273057 -0.000353037 -0.000535795 -0.00122039 
-0.000304655 0.0775509 -0.00040253 0.000109972 -0.000776218 7.77408e-05 -0.000381548 -9.10822e-05 -0.00105361 -0.00134233 -0.000312127 -7.63201e-05 3.8813e-05 -0.00215069 -0.00268036 0.00195576 -0.00377361 -0.0016306 -0.00387368 -0.00219832 -0.00198415 -0.00248252 -0.00399069 -0.00214047 -0.00235214 -0.00178005 -0.00194997 -0.00302873 -0.00204372 0.00159307 -0.00189331 -0.00139314 -0.000191461 -0.000676485 -0.0016029 -0.000213187 -0.00102853 -0.000291759 -0.0012968 -0.000689424 -0.00033415 -0.000184448 -0.00096683 -0.000758235 -0.000869767 -0.00030091 -0.000765604 -0.000341938 -5.46084e-05 -0.000154014 -0.000581294 -0.000884714 -0.000154659 -0.00122328 -0.000600867 0.000524404 -0.000785318 9.76994e-05 -0.000630221 -0.000507299 -0.000187957 0.000354761 -0.000360258 -0.000716832 -0.000892584 -0.000717959 -0.000105898 -0.000112539 1.39489e-05 -0.00100231 -0.000788759 -0.000703068 -0.000586722 -1.81425e-05 -0.000155062 -0.000559738 -3.85563e-05 -0.00028515 -0.000474238 -0.000764537 -0.000521946 -0.000303564 -0.001195 -0.000590436 0.000303023 -0.00125678 -0.000149866 -0.000370857 -0.00015555 -0.000940149 -0.00172049 -0.000585488 -0.000978545 -0.000624533 -0.000193326 -0.000506948 -0.000916993 0.000112715 -0.000684763 -0.00039198 
-0.000544926 -0.00040253 0.106998 -0.000385297 -0.000629418 -4.80329e-05 -0.000791638 -0.000623794 -0.00218659 -0.00207586 -0.000853238 -0.0024755 -0.00230035 -0.000305831 -0.00348893 -0.00394658 -0.00101225 -5.00875e-05 -0.00132844 -0.000168536 -0.00206027 -0.0010087 -0.00210912 -0.00653762 -0.00398834 -0.00403658 -0.00104369 -0.00574692 -9.69425e-05 -0.00145603 -0.00137102 -0.00075612 -0.000996742 -0.000565481 0.000251671 0.000120548 -0.00193294 0.000212896 -0.000492132 -0.000462802 -0.00064995 -0.00153713 -0.00103943 -0.000404009 -0.00210131 -0.000987343 -0.00101422 -0.000829615 -0.000552232 -0.00119692 -0.000732561 -0.000461902 -0.000357339 -0.000905776 -0.000782105 -0.00155184 -0.00232717 -0.00220773 -0.000522926 -0.00143176 -0.000786634 -0.00170737 -0.00111154 -0.00119113 0.000391532 -0.000859054 -0.000803498 -0.000380393 -0.00149498 -0.000674927 -0.000158939 4.35479e-05 -0.00107367 -0.000806728 0.000362975 -0.000962339 -0.000544219 0.000114508 -0.000313595 -0.00167185 -0.000249923 -0.00128329 -0.00145773 -0.000445434 -0.0016336 -0.000823616 0.000112024 -0.00033888 -0.000553257 -0.0016599 -0.0010152 -0.000823649 -0.000195859 -0.00108952 -0.000172797 -0.000655497 -0.000198496 -0.000345088 3.04449e-05 -0.0012828 
1.46866e-05 0.000109972 -0.000385297 0.0862941 -0.000289737 -0.000506712 0.000370592 -1.67934e-05 -0.000692144 -0.00135427 3.65663e-05 -0.00197885 0.00046908 -0.00305013 -0.00386205 -0.00224232 -0.00111885 -0.00154817 -0.00228905 -0.00303206 -0.0025621 -0.00408843 -0.00134417 0.000840196 -0.000108456 -0.00051342 -0.000770884 -0.00322384 -0.0010817 -0.000377905 -0.00189791 -0.00107105 -0.00134945 -0.00151041 -0.00156651 -0.000431352 -0.00114123 4.31029e-05 -0.000830404 -0.000994406 -0.000837153 -0.00106936 -0.00119679 -0.000666169 -0.000536474 -0.000882395 -0.00071761 -0.00110571 -0.000439595 -0.00105153 -0.000791239 -0.000916129 -0.000554667 -0.000525042 -3.11608e-05 -0.000630233 0.000129101 -9.36874e-05 -0.000484814 -0.00123083 -0.000799563 -0.00099709 -0.00101194 -0.000162821 -0.000862765 -0.00118418 -0.000788442 -0.00109565 -8.63892e-06 -0.00110301 -0.00171947 -0.000656437 -0.0014043 -0.000940233 -0.000216236 -0.000746514 -0.000627112 -0.000836113 -0.00110056 -0.000519767 0.000139425 -0.000381456 -0.00072487 -0.00127811 -0.00166522 -0.000271322 -0.00102036 -0.000404126 -0.000610373 -0.000135401 -0.00067471 -0.00116033 -0.000865686 -0.00107243 0.000656743 6.90035e-05 -0.000951791 -0.000682028 1.05306e-05 0.000486637 
-0.00125528 -0.000776218 -0.000629418 -0.000289737 0.093157 -0.000921362 -1.39852e-05 -0.00110832 0.00012323 0.000897397 -0.00015626 -0.000964292 -0.00285128 -0.00216779 -0.00346774 -0.00623349 -0.00127356 9.67782e-05 -0.00288709 -0.000576444 -0.000239894 -9.82371e-05 -0.00315474 -0.00164425 -0.00113773 -0.00329808 -0.00256748 -0.00370356 -0.00410462 -0.00432427 -0.00216148 -0.00121297 -0.000577641 -0.00221989 -0.000243203 -0.000588322 0.0008426 -0.000859509 -0.000127583 -0.000499973 -0.000703942 -0.000285764 -0.000857373 -0.0010853 -0.000850694 -0.000141221 -0.00142409 -0.00151473 -0.000109904 -0.000442984 -7.35222e-05 -9.05918e-05 -0.00103391 -6.71775e-06 -0.00032164 -0.000450825 -0.000552373 -1.65527e-05 -0.0013843 3.39509e-05 -0.00151003 -0.000236295 -0.00153413 0.000982237 -0.000895711 -0.00015964 -0.000433749 -0.000871013 -0.000159344 -0.00085717 -0.00135333 -4.5985e-05 -0.00129457 -0.000952427 -0.000319589 -0.000921955 -0.000923218 -0.000658787 -0.00106139 -0.000232213 -0.000590247 2.36267e-05 -0.000296295 -0.000320115 -0.00121184 -0.000245292 5.41263e-05 -0.00111281 -0.000915696 -0.000433314 9.81063e-06 -0.00137838 -0.000862757 -0.00112424 -0.000767897 -0.000616756 -0.000477236 -0.00113312 -7.03341e-05 -0.000561742 
-0.000990208 7.77408e-05 -4.80329e-05 -0.000506712 -0.000921362 0.102183 -0.00102678 -0.000981924 -0.000892042 -0.000457604 -0.00149325 -0.00158921 -0.00278908 -0.00148406 -0.00385874 -0.0052501 -0.00147293 -0.00373416 -0.00420289 -0.00176815 -5.913e-05 -0.00476898 0.000710983 -0.00133002 -0.00123141 -0.00267129 -0.00382677 0.00129625 -0.00266499 -0.000338639 -0.00304198 -0.00207331 -0.00161045 -0.00183484 -0.00330941 -0.000636303 -0.000649079 0.000804568 -0.000741623 1.7666e-05 -0.000651096 -0.000697149 -0.000343839 -0.000693171 -0.000609104 -0.000374825 -0.000700916 -0.00146811 -0.00167242 7.39542e-05 -0.00068907 -0.000651346 -0.000983822 -0.000762225 -0.00055165 -0.000318001 -0.000812037 -0.000788239 -9.22682e-05 -0.00134791 -0.00126811 -0.000560828 -0.000547421 0.000572482 -0.000569228 -0.000790729 -0.000796685 -0.000950751 -0.000915682 -0.000488808 -0.000766647 -0.000581662 -0.000579978 -0.000772155 -0.00185473 -0.000875897 -0.000810535 -0.000976983 -0.000493185 -0.000583183 -0.000657191 -0.000386217 -2.39048e-05 -0.00108093 -0.000974218 -0.000612509 -0.000196293 9.20871e-05 -0.000171274 -0.000804339 -0.00105285 -0.000801657 -0.00152551 -0.00171195 -0.00020403 -0.000546974 -0.000269007 -0.000606495 -0.000356675 -0.00020052 
-0.000655203 -0.000381548 -0.000791638 0.000370592 -1.39852e-05 -0.00102678 0.0875285 0.000517839 -8.70699e-05 0.00113331 0.000265903 -0.00166857 -0.00213194 -0.00168117 -0.00525111 -0.00151824 -0.00054597 -0.00134901 -0.00183205 -0.00413909 -0.00430154 -0.00280431 -0.00192379 -0.00363927 -0.000726006 -0.00418754 -0.00150111 -0.00216853 -0.00229827 -0.00274069 0.000379308 -0.00175119 -0.000266531 -0.000495127 -0.000688459 -0.00104709 -0.000997177 0.000377798 -0.0015692 -7.02788e-05 0.00010626 -0.000875415 -0.000781311 -0.000368694 -0.000585529 0.000346673 -0.00113483 -0.00117364 -0.000501317 -0.000428586 -0.000953211 -0.000708257 -0.00124948 -0.000718772 5.6056e-05 -0.00140329 -0.000217626 -0.000504879 -0.000733252 -0.000618233 -0.00105537 -0.000101055 -0.000714993 -0.000260769 -0.000442959 -0.000180465 -0.000343449 0.000451777 -0.000428341 -0.00139761 -0.000540175 -0.000596996 -0.00120199 -0.00136364 0.000267989 1.27902e-05 -0.000805837 -0.000820984 -0.000957578 -0.00115812 -0.00118946 -0.000720702 -0.000658952 -0.000414857 0.000197199 -0.000346007 1.62359e-05 -0.000514704 -0.000934918 -0.000834984 -0.000975697 4.04027e-05 -0.000632437 -0.000642283 -0.000118121 -0.000960925 -0.000732197 0.000108051 -0.000708534 -0.000215739 
-0.00150211 -9.10822e-05 -0.000623794 -1.67934e-05 -0.00110832 -0.000981924 0.000517839 0.0919815 -3.25934e-05 -0.00102293 -0.00129367 -0.000516648 -0.000441682 -0.00104693 -0.000856821 -0.000796241 -0.0048167 -0.00147039 -0.00281853 -0.00364827 -0.00224579 -0.0036806 -0.0034038 -0.00190403 -0.00118219 -0.00279575 -0.00344124 -0.00167363 -0.00355031 -0.000723276 -0.00106311 -0.000364393 -0.00108171 -0.00031243 -0.000275152 -0.000341758 -0.000662069 -0.00057086 0.000447738 -0.000857962 -0.000393798 9.46243e-05 -0.000814233 -0.00195789 -0.000659235 -0.000150818 -0.00070631 -0.00145367 -0.000319211 0.000146766 -0.000273203 -0.00041666 -0.000196802 -0.00043733 -0.000950176 -0.00044932 -0.00103878 -0.000668921 -0.000769519 -0.000575499 0.000169079 -0.00146094 -0.000861961 -0.00063025 -0.000188313 -0.000233944 -0.00108867 -0.00128604 -0.000423866 0.000506001 -0.000828839 -0.000403632 -0.00168464 -0.00163425 -0.000653918 -0.000717183 -0.000603935 -0.00104866 -0.000441959 -0.00128354 -0.000787179 -0.00119032 -0.00150888 -0.00115639 -0.000203654 0.000239057 -0.000984872 -0.000253387 -0.000626282 -0.00114335 -0.000593925 -0.000859308 -0.000808636 -0.00062224 -0.000850843 -0.000370333 -0.00042549 0.000226441 -0.000155347 -0.00086716 
-0.00115256 -0.00105361 -0.00218659 -0.000692144 0.00012323 -0.000892042 -8.70699e-05 -3.25934e-05 0.122097 -0.000654181 0.00175093 -0.00217115 0.000140479 -0.000469968 -0.000130135 -0.00179638 0.000782875 -0.00198448 -0.00576396 -0.00414139 -0.00150572 -0.00578354 -0.00392012 -0.00343177 -0.00430343 -0.00381535 -0.00295832 -0.00314933 -0.003753 -0.00213421 -0.00163037 -0.00301846 -0.000290461 -0.000362663 -0.00278702 -0.000745922 0.000135583 -0.000690473 -0.000538946 -0.00188056 -0.00117609 -0.00171685 -0.00203856 -0.00186791 -0.000396227 -0.00111915 -0.000619403 -0.00121147 -0.00160918 0.000156125 -0.000292339 -0.000399974 -5.55202e-05 -0.00189621 -0.00108983 -0.000187185 -0.000343238 -0.00053791 -0.00190395 -0.00129563 -0.000664285 -0.00210495 0.000134297 -0.000742626 -0.00142982 0.000337847 -0.00118249 -0.00129989 -0.00072573 -0.00206288 -0.000867128 -0.00092334 -0.00100412 -0.000840139 -0.00106272 -0.00163242 -0.00177462 -0.00104588 0.000199981 -0.00138708 0.000182233 -0.00156754 -0.000686179 -0.000724771 -0.000521514 -0.000600011 -0.000397386 -0.000455475 -0.00062126 -0.000631242 -0.00148295 -0.00111714 -0.000152831 -0.00113471 -0.000603572 -0.00160832 -0.00118351 0.000561515 -0.000480816 -0.00221786 
-0.00167607 -0.00134233 -0.00207586 -0.00135427 0.000897397 -0.000457604 0.00113331 -0.00102293 -0.000654181 0.113908 -0.00125969 0.00065775 -0.000772006 -0.00347252 -0.00317477 -0.00380395 -0.00579132 -0.00406919 2.92958e-05 -0.00226476 -0.00320946 -0.00423876 -0.00295315 -0.00262247 -0.00412979 -0.00256218 -0.00190606 -0.00251648 -0.00121606 -0.000515096 -0.00220094 -0.00266341 -0.00177713 -0.000829885 -0.00149678 0.000319278 -0.00048161 -0.00211279 -0.00173835 -0.00101823 -0.000383535 -0.00154882 -0.00158094 -0.000860969 -0.000603254 -0.000715369 -0.000168863 -0.0013145 -0.000741819 0.00017603 -0.00161002 -0.00027931 -0.00030542 -0.000460862 -0.00074928 -0.000942888 -0.00102762 -0.00100494 -0.00138858 -0.000740199 -0.00207266 -0.000485581 0.000265419 -0.000388784 -0.000578789 -0.000539647 -0.00188475 -0.000568621 -0.0010143 -0.000180486 -0.00091752 -0.000702968 -0.00114917 -0.00157039 -0.000355643 0.000301577 0.000773129 -0.000333817 -0.000797879 -0.000530465 -0.000327074 -0.000812025 -0.000766945 -0.000997482 5.72667e-06 -0.000989656 -0.000292837 -0.000535982 -0.000869418 -0.00156139 -0.00161517 -0.000363268 -0.00127684 0.00107918 -0.000782415 -0.00124588 -0.000519473 -0.00072175 -0.00113068 -0.000858739 
-0.00031726 -0.000312127 -0.000853238 3.65663e-05 -0.00015626 -0.00149325 0.000265903 -0.00129367 0.00175093 -0.00125969 0.1312 -0.00132476 -0.00260361 -0.00215705 0.00052835 -0.00310814 -0.00284316 -0.00312676 -0.00752184 -0.00450068 -0.00228352 -0.00591211 -0.00296861 -0.00235712 -0.00488452 -0.0053614 -0.00486577 -0.0055303 -0.00377996 -0.0018135 -0.00327949 -0.000911662 -0.00146427 0.00100608 -0.0019762 -0.000645586 -0.00258452 -0.000915635 -0.000429291 0.000390876 -0.000729451 -0.000754869 -0.000770289 9.91142e-05 -0.00100827 -0.000708197 -0.00211357 -0.000598636 -0.000560338 9.09142e-05 -0.00141725 -0.00133568 -0.000697283 -0.000245055 -0.00076839 -0.000907665 -0.00177034 -0.000148989 -0.00182349 -0.000672797 -0.000184625 -0.00267654 -0.000117355 -0.00242242 -0.000688042 -0.000286277 0.000249151 -0.0011622 0.000474464 -0.00209765 -0.000233214 -0.00105928 -0.00164391 0.000572988 -0.000645018 7.30035e-05 -0.000157856 -0.000386908 -0.000669712 -0.00101172 -0.00169885 -0.00142067 -0.00168458 -0.000133166 -0.00101229 -0.00198462 -0.00199285 -0.000128205 -0.00119009 -0.00136244 -0.00119847 -0.000666135 -0.000805729 -0.000669997 -0.000571088 -0.000637587 -0.000760485 -0.000719097 -0.00047499 -0.000318898 
-0.000173665 -7.63201e-05 -0.0024755 -0.00197885 -0.000964292 -0.00158921 -0.00166857 -0.000516648 -0.00217115 0.00065775 -0.00132476 0.179585 -0.00160503 -0.0070207 -0.000738584 -0.00414668 -0.000866165 -0.0056608 -0.00114047 -0.00799594 -0.00666553 -0.00226131 -0.00169331 -0.00443642 -0.00777499 0.00402542 -0.00461036 -0.00295907 0.00121497 -0.00345009 -0.00071533 -0.00422098 -0.00329166 -0.0029529 -0.00163846 -0.00274936 -0.00180264 -0.00161639 -0.00109891 -0.000743829 -0.0014724 -0.000192258 -0.00117469 -0.00169673 -0.000942518 -0.00319412 -0.00295552 -0.00107384 -0.00205114 -0.00178131 -0.00180079 -0.00259622 -0.00138835 0.000480026 0.000130185 -0.000380719 -0.00272511 -0.00270625 -0.00245696 -0.0034559 -0.00170286 -0.000301235 -0.00041141 -0.00171074 -0.00145298 -0.00129006 -0.00147444 -9.33484e-05 -0.000693094 -0.000495828 -0.0013234 -0.00107438 -0.00176846 -0.000785689 -0.00166185 -0.00133952 -0.00087809 -0.00244019 -0.000434051 -0.00245252 -0.00172413 0.00147271 -0.00125952 -0.00213412 -0.00157616 -0.000710027 -0.000691378 -0.000985688 -0.00202291 -0.00109579 -0.0039829 -0.0020992 -0.00215273 -0.00208525 -0.00201103 -0.00193136 -0.00130883 -0.00208883 -0.00176378 -0.00131899 
-0.00149509 3.8813e-05 -0.00230035 0.00046908 -0.00285128 -0.00278908 -0.00213194 -0.000441682 0.000140479 -0.000772006 -0.00260361 -0.00160503 0.175724 0.000472787 -0.00267544 -3.77671e-05 0.0010401 -0.00442747 -0.00410804 -0.00860114 -0.0024107 -0.00168764 -0.00231973 -0.0089886 -0.00434767 -0.005182 -0.00410895 -0.00527761 -0.00448389 -0.00116313 -0.00591957 -0.00242103 -0.000192532 -0.000220419 -0.000464684 -0.00255615 -0.00274896 -0.00209444 -0.00144175 -0.00194944 -0.00180725 -0.0018274 0.000923319 0.00140498 -0.0016193 -0.00220695 -0.00143627 -0.00221493 -0.00119047 -0.000945737 -0.00126063 -0.00319369 -0.00118347 -0.00190479 -0.000925007 0.00236467 -0.00188788 -0.00176244 -0.00263487 -3.21002e-05 -0.0017983 -0.00154088 -0.00274112 6.05697e-05 -0.00220378 -0.00020508 -0.00119318 -0.00133057 -0.0018556 -0.00147364 0.00117822 -0.000820782 -0.00192631 -0.000794062 -0.00211783 -0.000767416 -0.00210244 -0.00125087 -0.000966843 -0.000148268 -0.00129264 -0.00251601 -0.00111412 -0.00282967 -0.000302592 -0.002194 -0.00202177 -0.00109723 -0.000805286 -0.00132982 -0.00219472 -0.00208246 -0.00103722 -0.00135184 -0.00186967 -0.00216696 -0.00167006 -0.00172646 -0.00178358 -0.00234161 
-0.00247044 -0.00215069 -0.000305831 -0.00305013 -0.00216779 -0.00148406 -0.00168117 -0.00104693 -0.000469968 -0.00347252 -0.00215705 -0.0070207 0.000472787 0.207086 0.000514346 7.98587e-05 0.00274742 -0.0017671 -0.0104773 -0.00753039 -0.00358539 -0.000800493 -0.0153318 -0.00497323 -0.0113409 -0.00111639 -0.00244716 -0.00199916 -0.00359877 7.66647e-05 -0.00415566 -0.00290785 -0.00422134 -0.00268458 5.15954e-05 -0.000970605 0.00181071 -0.00141342 0.000123295 0.000259651 -0.00261573 -0.00240509 -0.000456403 -0.000577197 -0.00095388 -0.00202134 -0.00153443 -0.0012196 -0.00209714 -0.00172445 -0.00112568 -0.00128318 -0.00145056 -0.00102015 -0.00121412 -0.00284494 -0.00156379 -0.00109661 -0.00259095 -0.00077028 -0.00427436 -0.00122256 -0.00218754 -0.00326014 -0.000148605 -0.00204979 -0.00133081 -0.00103602 -0.00264135 -0.000825996 -0.00200799 -0.000911089 0.000256158 -0.000977932 -0.0031928 -0.00222396 -0.00191285 -0.00244432 -0.00316533 -0.00287241 -0.00214519 -0.00287134 -0.00275222 -0.00232312 -0.00252411 -0.00291728 -0.00128521 -0.0010451 -0.00319421 0.000499461 -0.0020227 -0.000220461 -0.00108204 -0.00133739 -0.000940382 -0.00239768 -0.00197162 -0.00213994 -0.00278457 2.69513e-05 
-0.00152111 -0.00268036 -0.00348893 -0.00386205 -0.00346774 -0.00385874 -0.00525111 -0.000856821 -0.000130135 -0.00317477 0.00052835 -0.000738584 -0.00267544 0.000514346 0.224316 -0.00301947 -0.00375584 -0.00224075 -0.00342004 -0.000294233 -0.00977875 -0.0055141 -0.00779692 -0.00332456 -0.011441 -0.000655763 0.00165609 -0.00662306 -0.00541228 -0.00480708 -0.0040379 -0.00214052 -0.00282402 -0.00141458 -0.000456424 -0.00438078 -0.00243975 -0.0041556 -0.00104342 -0.000560362 -0.00347854 -0.00256578 -0.00174488 -0.00454661 -0.00173256 -0.000585742 0.000799405 -0.00375825 -0.000650869 -0.00417288 -0.00138046 -0.00101346 -0.00235888 -0.00057396 -0.00124949 -0.000414061 -0.00256838 -0.00264036 -0.00227088 -0.00133833 0.000763596 -0.000693797 -0.00156893 -0.00138328 -0.00278923 -0.000457641 -0.00313408 -0.000782272 -0.000152735 0.00232072 0.000249961 -0.00159592 -0.00196719 -0.00163633 -0.00229568 -0.00182278 -0.00383199 -0.00291005 -0.00381369 -0.00178449 -0.00140674 -0.00243199 -0.0029781 -0.00288008 -0.00130459 -0.00401439 -0.00240706 -0.000902754 -0.00117705 -0.00248651 -0.00366667 -0.000798073 -0.000912701 0.000872166 -0.00175542 -0.0017294 -0.00121995 5.52475e-05 -0.00141489 -0.0036816 
-0.000544943 0.00195576 -0.00394658 -0.00224232 -0.00623349 -0.0052501 -0.00151824 -0.000796241 -0.00179638 -0.00380395 -0.00310814 -0.00414668 -3.77671e-05 7.98587e-05 -0.00301947 0.242932 -0.00613394 -0.00202379 0.00436899 -0.00610907 -0.00854873 -0.00590785 -0.00738575 -0.00198096 -0.00417618 -0.00225673 0.00167602 -0.0109177 -0.000826523 -0.00128991 -0.00996134 -0.00371935 -0.00246903 -0.0052043 -0.00384508 0.000482251 -0.00292921 -0.0031246 -0.00373063 -0.0026342 -0.00213278 -0.000333933 -0.0027811 0.00123994 -0.00486696 -0.00159244 7.53526e-05 -0.00177262 -0.000455992 -0.00126454 -0.0026827 -0.00107346 -0.000944394 -0.00380594 -0.00163468 -0.00107058 -0.00108119 -0.00224328 -0.000296876 -0.00106467 -0.00406562 -0.00231153 -0.00389509 -0.004633 -0.0036656 -0.000783663 -0.00454444 -0.000344048 -0.00192661 -0.00133453 -0.00284076 -0.00149106 -0.00187455 -0.00281783 -0.000570758 -0.00291812 -0.00465179 -0.00052953 -0.00340712 -0.00125004 -0.00367191 -0.00282891 -0.00224124 -0.00209279 0.000107891 -0.00284372 -0.00367551 -0.00166444 0.000192833 0.000195519 -0.00152471 -0.00135699 -0.00199293 0.00128847 -0.00371968 -0.00308855 -0.00439555 -0.00190626 -0.00294253 -0.00207663 
0.000256669 -0.00377361 -0.00101225 -0.00111885 -0.00127356 -0.00147293 -0.00054597 -0.0048167 0.000782875 -0.00579132 -0.00284316 -0.000866165 0.0010401 0.00274742 -0.00375584 -0.00613394 0.244507 -0.00295327 -0.000885044 -0.00524803 -0.0050857 -0.00374389 -0.00691971 -0.000629508 -5.1662e-05 -0.0151192 -0.00457716 -0.00567484 -0.00714678 -0.00714635 0.00103118 -0.00854677 -0.0037275 -0.00274649 -0.00249448 -0.00425275 -0.00374704 -0.00258945 6.21302e-05 -0.00196199 -0.00358089 -0.00440383 -0.000367694 -0.00181746 -0.0031622 -0.00174004 -0.00209252 0.00178511 -0.00292561 -0.00320158 0.00238351 -0.00237743 -0.00230656 -0.0028634 -0.000575574 0.000140811 -0.00183948 -0.00420845 -0.00418339 -0.00364362 0.00118574 0.000193862 -0.00381736 -0.000940424 -0.000295757 -0.00160221 -5.6731e-05 -0.00330656 -0.00146647 -0.00498285 4.97136e-05 -0.00264412 -0.00481643 -0.00279043 -0.00212322 -0.000406833 -0.000346056 -0.00385581 -0.00231735 -0.00325167 -0.00195506 -0.00190669 -0.00350424 0.000856878 -0.00145229 -0.00258734 -0.00384615 0.000169585 -0.00249237 -0.00452379 -0.00201119 -0.00144895 -0.00372403 -0.000660933 -0.00221224 -0.00251718 -0.00320447 -0.00127625 -0.0018987 -0.00300853 
-0.000234323 -0.0016306 -5.00875e-05 -0.00154817 9.67782e-05 -0.00373416 -0.00134901 -0.00147039 -0.00198448 -0.00406919 -0.00312676 -0.0056608 -0.00442747 -0.0017671 -0.00224075 -0.00202379 -0.00295327 0.237282 -0.00794188 -0.000554262 -0.00242028 -0.00500659 -0.00565216 -0.00823584 -0.00613506 -0.0135689 -0.00457134 -0.0142101 0.00355826 -0.000244043 -0.00750675 0.00101426 -0.00201302 -0.0040945 -0.00256854 -0.000990391 0.000218413 -0.000843845 -0.00301714 -0.00125937 -0.00148965 -0.00244355 -0.0018045 0.00248695 -0.00124843 -0.000934903 -0.000951446 -0.000712029 -0.00293639 -0.00575834 -0.0018159 -0.000145746 -0.00432485 0.000595856 -0.00160145 -0.0023314 -0.00333708 -0.00131415 -0.00102998 -0.00381383 -0.000424589 -0.00243516 -0.00216175 -0.000945361 -0.00280937 -0.00465884 -0.00224645 -0.00230282 -0.000794291 -5.41954e-05 -0.00259206 -0.00069505 -0.00160338 -0.00304142 -0.0026437 -0.00242394 -0.00342056 -0.00157313 -0.00473663 -0.00170446 0.000879037 -0.00176987 -0.00243344 -0.00089543 -0.00144853 -0.00141682 -0.00102245 -0.00085554 -0.0015288 -0.00380845 -2.01976e-05 -0.00257686 -0.00360362 -0.00108762 -0.00195969 -0.00223536 -0.00398142 -0.00129395 -0.00111381 -0.00271499 
-0.00386 -0.00387368 -0.00132844 -0.00228905 -0.00288709 -0.00420289 -0.00183205 -0.00281853 -0.00576396 2.92958e-05 -0.00752184 -0.00114047 -0.00410804 -0.0104773 -0.00342004 0.00436899 -0.000885044 -0.00794188 0.249972 0.00236181 -0.00678381 0.0012696 -0.0030389 -0.00840822 -0.00300014 -0.00263672 -0.00438596 0.00123645 -0.00711458 -0.00825035 -0.0101867 -0.00345233 -0.00285587 -0.00274715 -0.00242429 0.00127783 -0.00181037 -0.00234213 -0.00410995 -0.00233059 -0.000586134 -0.00237226 -0.00107702 -0.00390026 -0.00152314 -0.00158556 -0.00309342 -0.000641328 -0.00374032 -0.00365767 -0.000171816 -0.000350584 -0.00168472 -0.0025081 -0.0019522 -0.00402893 -0.000174279 -0.00345573 -0.00215555 0.000652509 -0.000772351 -0.000642024 -0.00232377 -0.00329982 -0.00151637 -0.00326347 -0.00285813 -0.00304728 -0.000687874 -0.00192794 -0.00621704 -0.00280126 -0.00322823 0.000839752 -0.00392326 -0.000159081 -0.00288829 -0.00151594 -0.00102375 -0.00272656 -0.000105749 -0.0039057 0.000302509 -0.00219769 -0.00318859 -0.00200301 -0.00227469 -0.000920579 -0.000832493 -0.00147238 -0.00378964 -0.00166375 0.000683289 -0.00290141 -0.00347593 -0.00114457 -0.00267778 -0.0025657 -0.00149765 -0.00266684 
-0.00230291 -0.00219832 -0.000168536 -0.00303206 -0.000576444 -0.00176815 -0.00413909 -0.00364827 -0.00414139 -0.00226476 -0.00450068 -0.00799594 -0.00860114 -0.00753039 -0.000294233 -0.00610907 -0.00524803 -0.000554262 0.00236181 0.248366 0.00476557 -0.00353493 -0.00165477 -0.00191488 0.000313989 -0.0111127 -0.00679324 -0.00488788 -0.00783186 -0.00315379 -0.0036354 -0.00243733 -0.00184628 -0.0042463 -0.00208389 -0.00359065 -0.000981687 -0.00380292 -0.00255365 -0.00170013 -0.000594968 -0.00155556 -0.0015338 -0.00485063 -0.00153174 -0.0021469 -0.000898905 -0.00137234 -0.00118729 -0.000180826 -0.00160346 -0.00173545 -0.00127983 -0.00191367 -0.0029325 -0.00127554 -0.00190155 -0.00223259 -0.00460492 -0.00198581 -0.000908648 -0.00149723 -0.00233749 -0.00348033 -0.00420709 -0.00474611 -0.00386646 -0.00324115 -0.00104636 -0.000666185 -0.00401663 -0.00151066 -0.00282975 -0.000373924 8.44557e-05 -0.00149751 -0.000633859 -0.00225484 -0.00190432 -0.00365658 -0.0021187 -0.000935052 -0.0022234 -0.00143221 -0.00287427 -0.00322779 -0.00210288 -0.000312376 -0.00157366 -0.00361362 0.000212401 -0.00395715 -0.00154441 -0.00371895 -0.00210128 -0.00166637 -0.00137161 -0.000303162 0.000131689 -0.00633003 
-0.0010022 -0.00198415 -0.00206027 -0.0025621 -0.000239894 -5.913e-05 -0.00430154 -0.00224579 -0.00150572 -0.00320946 -0.00228352 -0.00666553 -0.0024107 -0.00358539 -0.00977875 -0.00854873 -0.0050857 -0.00242028 -0.00678381 0.00476557 0.24884 -0.00446471 -0.00591391 -0.00537967 -0.000718379 -0.0101578 -0.0118515 -0.0051489 -0.0100764 -0.00855407 -0.00206686 -0.00363683 -0.000334131 -0.00419125 -0.00236089 -0.00406571 -0.00273693 0.000669893 -0.00302911 -0.00132177 0.00086577 -0.000452871 0.000662215 -0.00380781 -0.00266661 -0.00305092 -0.00440224 0.000304574 -0.000569258 0.000475143 -0.00332071 -0.00207052 -0.0020319 -0.0013039 -0.00128497 -0.0017476 -0.00441705 -0.0027097 -0.00272743 -0.00216286 -0.000644729 -0.00256174 -0.00305196 -0.00129836 -0.000558606 -3.00419e-05 -0.00221201 -0.00294901 -0.00238436 -0.00227224 -0.000128843 -0.00227477 0.00103346 -0.00337282 -0.00265594 -0.00203585 -0.00312102 -0.00352676 -0.000509953 0.000592221 -0.000744063 -0.00373679 -0.000801581 -0.00114422 -0.00283002 -0.00256221 -0.00302407 -0.000168393 -0.00203197 -0.000423475 -0.00108814 -0.00122758 -0.00256538 -0.00418056 0.00045916 -0.00109041 -0.00193196 -0.0017423 -0.000830412 0.000512619 
-0.00370929 -0.00248252 -0.0010087 -0.00408843 -9.82371e-05 -0.00476898 -0.00280431 -0.0036806 -0.00578354 -0.00423876 -0.00591211 -0.00226131 -0.00168764 -0.000800493 -0.0055141 -0.00590785 -0.00374389 -0.00500659 0.0012696 -0.00353493 -0.00446471 0.24777 0.00190037 -0.00067894 -0.000645544 -0.00495606 -0.00685003 -0.00191528 -0.00773396 -0.00158699 -0.00278586 -0.00782085 -0.00170554 -0.00484174 -0.00239613 -0.00249155 -0.00258375 -0.00258036 -0.00330881 -0.00312708 -0.00404753 -0.00166429 -0.00475999 -0.00268847 -0.000991321 -0.00103253 -0.00490396 -0.00133212 -0.00123463 -0.00249828 -0.000715714 -0.000652311 -0.00282673 -0.000658966 -0.00130673 0.000452181 -0.00228749 -0.0042083 -0.00139376 -0.00136132 -0.00203421 -0.00188169 7.82308e-05 -0.00207149 -0.000364653 -0.00357904 -0.0040079 -0.00254014 -0.00101589 -0.00130873 -0.00286354 -0.00053766 0.000577713 -0.00220681 -0.00321267 -0.00101759 0.000223963 -0.00301496 -0.00147208 -0.0028092 -0.00384004 -0.0012067 -0.00337147 -0.00363493 -0.0030701 -0.00117471 -0.000965783 -0.00174571 -0.00121078 0.0011062 -0.000404817 -0.000224419 -0.00342505 -0.00262408 -0.00389301 -0.00399667 -0.000916731 -0.00521362 -0.00309375 -0.00335747 
-0.00237295 -0.00399069 -0.00210912 -0.00134417 -0.00315474 0.000710983 -0.00192379 -0.0034038 -0.00392012 -0.00295315 -0.00296861 -0.00169331 -0.00231973 -0.0153318 -0.00779692 -0.00738575 -0.00691971 -0.00565216 -0.0030389 -0.00165477 -0.00591391 0.00190037 0.2483 -0.000899446 -1.54817e-05 -0.00304739 -0.00163631 -0.00405349 -0.00918273 -0.00218264 0.00157116 -0.00705495 -0.00379265 -0.00370333 -0.00155209 -0.00495007 -0.00238319 0.000241095 -0.00280094 -0.00105569 -0.00315143 -0.000514463 -0.00220851 -0.00228525 -0.00358001 -0.00168818 -0.00211861 -0.00375878 -0.00122349 -0.00290756 -0.00297038 -0.00234094 -0.00044286 -0.000512719 -0.00222404 -0.00462573 -0.00350644 -0.000760935 -0.00280541 -0.00178347 6.17574e-05 -0.00165296 -0.00229904 -0.00249704 -0.00179093 8.17806e-05 -0.00354844 -0.00208846 -0.00229021 -0.00332491 -0.0017994 -0.00155849 -0.0012621 -0.00386308 -5.57944e-05 -0.00261954 -0.00264931 -0.00258316 -0.00437319 -0.00165399 -0.000192829 -0.0010466 0.000602883 -0.00259094 -0.00168175 0.0001167 -0.00075369 -0.00276028 -0.00189642 -0.00450356 -0.00164631 -0.000213745 -0.00155522 -0.002072 -0.00350964 -0.000412224 -0.00102754 -0.00270424 -0.000519819 -0.00302237 
-0.00131328 -0.00214047 -0.00653762 0.000840196 -0.00164425 -0.00133002 -0.00363927 -0.00190403 -0.00343177 -0.00262247 -0.00235712 -0.00443642 -0.0089886 -0.00497323 -0.00332456 -0.00198096 -0.000629508 -0.00823584 -0.00840822 -0.00191488 -0.00537967 -0.00067894 -0.000899446 0.247914 -0.00327042 0.00636983 -0.00714831 -0.00243371 -0.00409388 -0.00291184 -0.00772088 -0.00630644 -0.0034371 -0.0036954 -0.00544742 -0.00276794 -0.00149465 -0.000793504 -0.00244117 -0.00296224 -0.00287706 -0.00381372 -0.00288542 -0.00334567 -0.00449367 -0.00280246 -0.0016948 -0.00472071 -0.0025958 -0.000129064 -0.00124125 -0.00199358 -0.00055797 -0.00201166 -0.00286519 -0.00525803 -7.86956e-06 -0.000941723 -0.00337544 -0.00433417 -0.00123618 -0.00394798 -0.00231041 0.000241465 -0.000388779 -0.00354866 -0.00166568 -0.00169434 -0.00551421 -0.00132625 -0.00291035 -0.00089529 -0.00264823 -0.00198191 -0.00372926 0.0019737 0.00224245 -0.00354028 -0.00242382 -0.00213309 -0.00135377 -0.00106114 -0.00231839 -0.00276566 -0.00262821 -0.00261546 -0.00234331 -0.00178545 -0.00265582 -0.00187289 0.000328448 -0.0013938 -0.000866902 0.00100941 -0.00127609 -0.00156571 -0.000790639 -0.00354091 -0.00160108 -0.000948656 
-0.00258817 -0.00235214 -0.00398834 -0.000108456 -0.00113773 -0.00123141 -0.000726006 -0.00118219 -0.00430343 -0.00412979 -0.00488452 -0.00777499 -0.00434767 -0.0113409 -0.011441 -0.00417618 -5.1662e-05 -0.00613506 -0.00300014 0.000313989 -0.000718379 -0.000645544 -1.54817e-05 -0.00327042 0.240711 -0.00220604 -0.00789511 0.00176174 -0.00475967 -0.0084381 -0.00527673 -0.00163306 -0.00470718 -0.00559649 -0.00185557 -0.00247526 -0.00546836 -0.00270238 -0.00244172 -0.00179174 -0.00186189 -0.0020777 -0.000963066 -0.00196292 -0.00143793 -0.00267938 -0.000794985 -0.00241353 -0.00457704 -0.00364074 -0.00219708 -0.00202777 -0.00118895 -0.00164812 -0.00150642 -0.00370234 0.00270467 -0.00111338 -0.00281619 -0.00112666 -0.00134621 -0.00220623 -0.00173028 -0.00222775 -0.00501774 -0.00220758 -0.00124694 -0.00199594 -0.00190622 -0.00188319 -0.000749424 -0.00259956 0.000774475 -0.00309153 -0.00307159 -0.00257459 -0.00124685 -0.00117506 -0.00159745 -0.00233148 -0.00148724 -0.00247829 -0.00252095 0.000328614 -3.52631e-05 -3.31403e-05 -0.00259549 -0.0024235 -0.00340558 0.000168103 -0.0023751 -6.39614e-06 -0.00202308 -0.00410104 -0.000565486 -0.000930149 -0.00119907 -0.000492094 -0.00334333 -9.04112e-06 
-0.00236453 -0.00178005 -0.00403658 -0.00051342 -0.00329808 -0.00267129 -0.00418754 -0.00279575 -0.00381535 -0.00256218 -0.0053614 0.00402542 -0.005182 -0.00111639 -0.000655763 -0.00225673 -0.0151192 -0.0135689 -0.00263672 -0.0111127 -0.0101578 -0.00495606 -0.00304739 0.00636983 -0.00220604 0.24129 -0.000182741 0.00353024 -0.00326431 -0.00739865 -0.0010807 -0.00284644 -0.00528933 -0.00462912 -0.00359482 -0.00201558 -0.000628281 -0.00521267 -0.00184113 -0.00377427 -0.00274478 -0.000884971 9.84339e-05 -0.00142371 -0.000628852 -0.00138551 -0.00246451 -0.00316068 -0.00225095 -0.000793138 -0.00333557 -0.00255543 -0.00134804 -0.00229242 -0.00122908 -0.00179157 -0.00205061 0.0018167 0.000472534 -0.00176446 -0.00298164 -0.000745998 -0.00328896 -0.00134603 0.000300135 -0.00153886 0.000200518 -0.00121766 -0.00260189 -0.00184901 -0.0018501 -0.00176478 0.000138881 -0.00088756 -0.00204492 -0.00391552 -0.00271738 -0.003009 -0.00259092 -0.00107658 -0.00271662 -0.00178864 -0.00513286 -0.00499696 -0.00554548 -0.00203563 -0.00165084 -0.00452337 -0.00210701 -0.00180735 -0.00243614 5.81562e-05 -0.00352143 -0.00117172 4.85191e-05 -0.00322863 -0.000100811 -0.00127284 5.82239e-05 0.000319406 
-0.000939248 -0.00194997 -0.00104369 -0.000770884 -0.00256748 -0.00382677 -0.00150111 -0.00344124 -0.00295832 -0.00190606 -0.00486577 -0.00461036 -0.00410895 -0.00244716 0.00165609 0.00167602 -0.00457716 -0.00457134 -0.00438596 -0.00679324 -0.0118515 -0.00685003 -0.00163631 -0.00714831 -0.00789511 -0.000182741 0.225174 -0.000623652 -0.000266207 -0.00217996 -0.00154728 -0.000333211 -0.00266542 -0.00456211 -0.00206945 -0.000884699 -0.000996243 -0.00211112 0.00121224 -0.00333484 -0.0009238 -0.000437191 -0.00332513 -0.0024825 -0.00155276 -0.00243689 -0.00166049 -0.00287205 -0.000248922 -0.00369579 -0.00358237 -0.000834615 0.000644304 -0.00118936 0.000717944 -0.00280372 -0.00143045 -0.00293776 -0.00115231 -0.0023144 -0.00207817 -0.00316611 0.000297187 -0.00076609 0.000515952 -0.00136192 -0.00186688 -0.000506638 -0.000628005 -0.00153461 -0.00437909 -0.000889533 -0.0039082 -0.00142772 -0.00183965 -0.00406258 -0.00126301 -0.000747001 -0.00289196 -0.00360534 -0.00311029 -0.00147503 -0.00313033 -0.0041327 -0.00119247 -0.00478025 -0.00127946 -0.000677715 -0.00565511 -0.00042382 -0.00108385 -0.0023544 -0.00150699 -0.00228359 -0.00405794 -0.00152961 -0.00138561 -0.000792528 -0.00198732 -0.00184875 
-0.00435508 -0.00302873 -0.00574692 -0.00322384 -0.00370356 0.00129625 -0.00216853 -0.00167363 -0.00314933 -0.00251648 -0.0055303 -0.00295907 -0.00527761 -0.00199916 -0.00662306 -0.0109177 -0.00567484 -0.0142101 0.00123645 -0.00488788 -0.0051489 -0.00191528 -0.00405349 -0.00243371 0.00176174 0.00353024 -0.000623652 0.21082 -0.00494151 -0.00211505 -0.00086475 -0.00157102 -0.000801697 -0.00591973 -0.00455001 -0.00208596 -3.52793e-06 -0.00151028 -0.00163386 -0.00445854 -0.00270595 -0.00171194 0.000550566 -0.0019201 -0.00186065 -0.000687937 -0.00128971 -0.00090581 -0.00250688 -0.00247808 -0.00237442 -0.00374444 -0.00116949 -0.00345975 -0.00172786 -0.00460209 -0.00346048 -0.000605127 0.0012976 0.00063191 -0.00253229 -0.00256601 -0.00111333 -0.000154573 -0.00262141 -0.00148124 -0.000188126 -0.00259852 -0.00194034 -0.0035044 -0.00301325 -0.00178147 0.00183683 -0.00150072 -0.0023082 -0.000695991 -0.00211528 -0.000497927 -0.00131815 2.30721e-05 -0.0019078 -0.00197481 -0.000936822 -0.000931329 -0.00131163 0.000722984 -0.00132189 -0.0021919 -0.00154954 -0.000920136 -0.000333658 -0.000472313 -0.00143277 -0.0013337 -0.00222767 0.00171433 -0.00222546 -0.00205563 -0.00100765 0.000131551 
-0.000584162 -0.00204372 -9.69425e-05 -0.0010817 -0.00410462 -0.00266499 -0.00229827 -0.00355031 -0.003753 -0.00121606 -0.00377996 0.00121497 -0.00448389 -0.00359877 -0.00541228 -0.000826523 -0.00714678 0.00355826 -0.00711458 -0.00783186 -0.0100764 -0.00773396 -0.00918273 -0.00409388 -0.00475967 -0.00326431 -0.000266207 -0.00494151 0.205893 -0.00192629 -0.000101957 0.00196792 0.000509398 0.00193669 -0.00163286 -0.000468185 -0.00275827 0.000682782 -0.00397373 -0.00161749 -0.00212504 -0.00359204 -0.00353327 -0.000250276 -0.00284473 -0.00167708 -0.00281978 -0.00121437 -0.000695462 -0.00251921 -0.00259146 -0.00341616 -0.00131399 -1.6887e-05 -0.00161048 -0.00196285 -0.000364461 -0.000814747 -0.00039692 -0.000341812 -0.004104 -0.00240179 -0.0005775 -0.00172411 -0.00423927 -0.00296484 -0.00189065 -0.00197293 -0.00106739 -0.00225674 -0.000148903 -0.000292474 -0.00326211 -0.00189587 1.27277e-05 -0.00291345 -0.000112647 -0.0004853 -0.000746615 -0.00116823 -0.0018503 -0.000163543 -0.00192514 -4.63672e-05 -0.00206797 -0.00238557 -0.00143216 -0.00092316 -0.00266155 0.0011316 -0.00171264 -0.00263443 -0.00229791 -0.000986048 -0.00262799 -0.00220007 -0.00100136 -0.000628167 -0.00244564 -0.000205327 
-0.00194542 0.00159307 -0.00145603 -0.000377905 -0.00432427 -0.000338639 -0.00274069 -0.000723276 -0.00213421 -0.000515096 -0.0018135 -0.00345009 -0.00116313 7.66647e-05 -0.00480708 -0.00128991 -0.00714635 -0.000244043 -0.00825035 -0.00315379 -0.00855407 -0.00158699 -0.00218264 -0.00291184 -0.0084381 -0.00739865 -0.00217996 -0.00211505 -0.00192629 0.16816 -0.000766708 -0.000938531 0.000458309 -0.00125437 -0.00332335 -0.000598379 -0.004022 -0.00118127 -0.00225426 -0.000655249 -0.000282388 -0.000842715 0.00132217 -0.000990972 -0.00235325 0.0001521 -0.000632241 -0.000677554 -0.00147659 -0.000771002 -0.000316181 -0.00137573 -0.00182266 -0.00176059 -0.00175532 -0.00230823 -0.000924114 -0.000501462 -0.00104318 -0.000795179 -0.0012617 -0.00384591 -0.0012714 -0.00159348 -0.00114283 -0.000440886 -0.000808702 -0.000437663 -0.00146975 -0.00125842 -0.00103114 -0.000375389 -0.0014145 -0.00177054 -0.0024247 -0.000675929 -0.00147045 -0.000781372 -0.000957249 -0.001825 -0.000181985 -0.00269253 -0.000491251 -0.00199466 -0.00139469 -0.00150346 -0.00109997 -0.00130256 0.000981559 -0.00216156 -0.00238236 -0.00134228 -0.00150279 -0.000605188 -0.00220243 -0.0018629 -0.00131847 -0.0020093 -0.000528198 -0.00111971 
-0.00122921 -0.00189331 -0.00137102 -0.00189791 -0.00216148 -0.00304198 0.000379308 -0.00106311 -0.00163037 -0.00220094 -0.00327949 -0.00071533 -0.00591957 -0.00415566 -0.0040379 -0.00996134 0.00103118 -0.00750675 -0.0101867 -0.0036354 -0.00206686 -0.00278586 0.00157116 -0.00772088 -0.00527673 -0.0010807 -0.00154728 -0.00086475 -0.000101957 -0.000766708 0.176777 -2.83047e-05 -0.000712211 -0.000133152 -0.0013654 -0.000876342 -0.00219751 -1.14918e-05 -9.4464e-05 -0.00279998 -0.00294491 1.64126e-05 -0.00142305 -0.0006557 -0.00171462 -0.00125374 -0.00063807 -0.000540419 -0.001881 8.21363e-05 -0.00121388 -0.00363875 -0.00103142 -0.00327723 -0.0018556 -0.00217833 -0.000472477 -0.00159363 -0.000726191 -0.00172786 -0.00304216 -0.00193209 -0.00267234 -0.000164066 -0.00301633 -0.000970025 -0.001667 -0.000256253 -0.00243112 -0.00345724 -0.00101658 -0.00157042 -0.000565643 -0.00076123 -0.000529735 -0.00152731 -0.00256159 -0.00138691 -0.00154662 -0.000108732 -0.000441993 -0.00113679 -0.000293755 -0.00123548 -0.00279325 -0.00221935 -0.000607961 -0.00109475 -0.000673607 -0.00128102 -0.00186856 -0.00288935 -0.00281857 -0.00124578 -0.000891142 -0.00100497 -0.000741266 -0.000981019 -0.000375462 0.00100523 
-8.85883e-05 -0.00139314 -0.00075612 -0.00107105 -0.00121297 -0.00207331 -0.00175119 -0.000364393 -0.00301846 -0.00266341 -0.000911662 -0.00422098 -0.00242103 -0.00290785 -0.00214052 -0.00371935 -0.00854677 0.00101426 -0.00345233 -0.00243733 -0.00363683 -0.00782085 -0.00705495 -0.00630644 -0.00163306 -0.00284644 -0.000333211 -0.00157102 0.00196792 -0.000938531 -2.83047e-05 0.132443 -0.000497089 0.00194388 0.0021637 -0.000635883 -0.000113034 -0.000307586 -0.0017177 -0.0012205 -0.000575864 -0.00124145 -0.000973442 -0.000734721 -0.000275201 -0.000497076 -0.00124785 -0.00141335 0.00010534 -0.0006362 -0.00107224 -0.000641065 -0.00181355 -0.000961814 -0.000856976 -0.00135551 -0.000962059 -0.00112789 -0.000853412 -0.000923885 -0.00189204 -0.000356919 -0.00178187 -0.000812644 -0.00224147 -0.00101489 -0.00168772 0.000198531 -0.000534969 -0.000909034 -0.00127726 -0.00143297 -0.00124456 0.000148395 -0.000959903 -0.00122127 -0.00257337 -0.000299864 -0.00192101 -0.000919646 -0.00114362 -0.00103264 -0.000134505 -0.000709189 -0.00173593 -0.000221735 -0.000221088 -0.00160051 -0.00251146 -0.00119538 -0.000942706 -0.00166412 -9.56607e-05 -0.00107181 -0.00128419 -4.05337e-05 -0.000244789 0.000810747 -0.00062662 -0.0012626 
