0.0776382 -0.000668213 -0.000244993 -0.00059132 -0.000399248 -0.000495649 -0.000230886 -0.00112451 -0.000329386 0.000445606 -0.00103411 -0.00205623 -0.00195288 -0.00318765 -0.00153074 -0.000335117 -0.00177286 -0.00337198 -0.000859391 0.00114162 -0.00370921 -0.00421367 -0.00136224 -0.000236786 -0.00299387 -0.00485608 0.000502051 -0.00208393 -0.00222589 -0.00186807 -0.000205286 7.90358e-05 -0.00150875 -0.00127983 -0.000214809 -0.000565188 -0.000594442 -0.000457395 -0.000610852 -6.2316e-05 -0.000135366 -0.000362239 -0.000212218 -0.000515121 -0.000684566 -0.000930064 -0.000733865 -0.000236862 -0.00081508 -0.000121686 -0.000517131 -0.00122219 -0.000585525 -0.00055121 -0.000272299 -0.000575863 -0.00131654 -0.00128469 -0.000751023 3.34825e-05 -0.00138998 -0.00142131 -0.00138779 -0.00121135 0.000319283 -0.000520745 -0.000258283 -0.000430518 -0.000352632 -0.000225863 -0.000158288 -8.60164e-05 8.45014e-05 -0.000470947 -0.000745292 -0.000900479 0.000185083 -0.000566927 -0.00039901 0.000237522 -0.000775672 -0.000918721 -0.000255017 -0.000807917 -0.000513659 -0.000104711 -3.40744e-05 -0.000861714 0.000402845 -0.00116924 -0.000240353 -0.00107683 -0.00163202 -0.000616364 0.000146426 -0.000636062 0.000165109 -0.000219937 -0.000436296 0.00050059 
-0.000668213 0.0914294 -3.65057e-09 3.07415e-05 -0.000249051 -0.00025203 -0.0010881 -0.00114584 -0.00136197 -0.00135199 -0.00206265 -0.000948296 -0.00287223 -0.00385672 -0.00373312 -0.00278478 -0.00215073 -0.00210529 -0.000143696 -0.0023008 -0.00321162 0.00195939 -6.9564e-06 -0.000786585 -0.00270637 -0.00135233 -0.000910019 -0.00205354 -0.00091129 -0.00372291 -0.000629614 -0.000701371 -0.000586125 -0.00160681 -0.000682286 -0.00141787 -0.00126551 -0.00101052 6.42396e-06 -0.000833263 -0.000509781 -0.00120366 -0.00111621 0.000519971 -0.000381127 -8.82705e-05 -0.000454396 0.000107859 0.000114251 -0.000720459 -0.000573965 -0.000663499 -0.000984422 0.00035794 -0.000707931 -0.00049604 0.000125465 -0.000516034 -0.00101907 -0.0004726 -0.000292904 -0.000427697 -0.00114661 -0.000927663 -0.000971442 -0.00013517 -0.000655401 -0.000787545 -0.0014588 -0.00079873 -0.000491649 -0.00102288 -0.00120627 -0.00123185 -0.000989842 -0.000873697 -0.00108373 -0.00049985 -0.00107269 -0.000759746 0.000337047 -0.000953975 -0.000776618 -0.000906521 -0.000969318 -0.000213243 -0.00123351 -0.000637788 -0.000750824 -0.000551875 -2.2681e-05 -0.000930724 -0.00181683 -0.00104767 -0.00109076 -0.00137557 -0.000158432 -0.000573708 -0.000524715 -0.0002416 
-0.000244993 -3.65057e-09 0.0805247 -0.000296958 -0.000302083 -0.0002276 -0.0013566 -0.000995902 -0.00042551 -0.000758708 0.00100411 -0.00339483 -0.00263234 -0.00213846 -0.0010462 -0.00404808 -0.00404272 0.00114612 -0.00180079 -0.00322087 -0.00391441 -0.00112273 -0.00184501 0.00108196 -0.00307987 -0.00291456 -0.000525101 -0.00423641 -0.00328049 -0.00160436 -0.0017891 -0.00146318 -0.00104089 -0.000198984 -0.000397687 0.00011792 -0.000201205 -0.00085278 -0.000206138 -0.00129647 -0.000237089 -0.000505022 -0.00147736 -0.000636708 3.1542e-05 0.000152645 -0.000264786 -0.00085148 -5.38182e-05 3.15962e-05 -0.000188725 -0.000526072 -0.00123982 -0.000236938 -9.60657e-05 -8.64121e-05 -0.000345043 -0.000910027 -0.00016709 -0.00029223 -0.000783209 -0.000926687 -0.000674998 -0.000847451 -0.000586623 -0.00119002 -0.000705866 -0.000363045 -0.000214142 7.4616e-05 -0.000811712 -0.000307065 0.000382171 -0.000215505 -0.000429994 -0.00107981 -7.59303e-05 -0.000424417 5.12447e-05 -0.000360321 -0.00101741 -0.000590561 -0.000729894 -0.000373903 -0.000133032 -0.000458229 -7.89757e-05 -0.000234536 -0.000481836 0.000462307 -0.000511361 -0.0006056 -0.000698953 -0.000514948 -0.000659896 -0.00189199 -0.000436678 -0.0007568 -0.000662034 0.000789181 
-0.00059132 3.07415e-05 -0.000296958 0.0872234 -0.000170207 -0.000464838 -0.00134578 0.000210261 -0.000380536 -0.00126583 -0.00116191 -0.000737484 -0.00125159 -0.00300805 -0.00298377 -0.00288984 -0.00183491 0.00109432 -0.00115417 -0.0018502 -0.000442588 -0.00350923 -0.00288159 -0.0022824 -0.000633002 -0.00341475 -0.00391048 -0.000480346 -0.00241064 -0.00164742 -0.0018134 -0.00258077 -0.000928008 -0.000917327 -0.00112627 -0.00221769 -0.000617438 -0.00142365 -0.00113343 -0.000922123 -0.00130719 -0.000629946 -0.00101835 0.000389852 -0.000525092 -0.000359978 -0.000190939 -0.000880934 -0.000388826 -0.000551217 -1.33013e-05 -0.00072319 -0.000436362 -0.000854484 -0.00104212 0.000796209 -3.01592e-06 -0.000710362 -0.00030635 -0.000100752 2.5638e-05 -0.000703188 -0.00122641 -1.51058e-05 -0.00059563 -0.00122196 0.000328607 -0.000908408 -0.00102891 -0.000383479 -0.000768401 -0.000874369 -0.000101926 -0.00160261 -0.000538062 -9.85263e-05 -0.000553338 -0.00116771 -0.000378989 -1.77902e-05 -0.000750806 -0.00151227 -0.000211438 -0.00140155 -0.000998968 -0.000701312 0.000340168 -0.000462024 -0.000140275 -0.000175194 -0.000370785 -0.000143841 0.000310826 -0.00100763 -0.000932792 -0.00157405 -0.00054639 -0.000602487 -0.000565183 0.000254108 
-0.000399248 -0.000249051 -0.000302083 -0.000170207 0.112842 0.000937564 -0.000901402 0.000655446 -0.000583278 0.000383927 -0.00124843 -0.00265322 -0.0022082 -0.00318862 -0.00441844 -0.00159539 -0.00352387 -0.00401749 -0.00380125 0.0016762 -0.00200037 0.000531397 0.0014299 -0.00225122 -0.00209404 -0.00331738 -0.00116428 -0.0029151 -0.00179554 -0.00406635 -0.00343492 0.000337102 -0.00275898 -0.00117612 0.000219781 -0.000140299 -0.000651231 -0.00196399 -0.00119061 -0.000359437 -0.00209701 -0.00107696 -0.00233237 -0.000300663 -0.00134593 -0.000912186 -0.00113183 -0.00153172 -0.000171486 -0.000454461 -0.000491562 -0.00132491 0.000267167 0.000260136 -0.000485917 -0.00145492 -0.00115698 -0.00212652 -0.00179942 -0.00173513 -0.00088985 -0.0018926 -0.00127369 -0.000887356 -0.000721587 -0.000236625 -0.00147994 -0.00163233 -0.00157429 -2.33014e-05 -0.000836303 -0.000157559 -0.000870774 -0.000895588 -0.000149652 -0.00283948 -0.00135558 -0.000583808 -0.00138472 -0.00112559 -0.000900533 -0.00234985 -0.00101315 -0.00128933 -0.000717721 -0.00135679 -0.000767206 -0.00118061 -0.000229537 -0.00124616 6.02737e-05 -0.001281 -0.000343108 7.78925e-05 -0.000637218 -0.000440537 -0.000301457 -0.000845617 -0.000764011 -0.000734634 
-0.000495649 -0.00025203 -0.0002276 -0.000464838 0.000937564 0.100378 -8.83969e-05 -0.000234309 0.000381746 -0.00139567 -0.000649901 -0.00168528 -0.000943971 -0.00321004 -0.00319888 -0.00452272 -0.00352113 -0.000946752 0.000438126 -0.00276245 -0.00306438 -0.000841841 -0.00182074 -0.00321473 0.000379526 -0.00445269 -0.00432952 -0.00139752 -0.00225692 -0.00215226 -0.00217162 -0.00050574 -0.00125684 -0.00090555 -0.000654264 -0.00145638 -0.00137627 0.000172116 6.02531e-05 0.000107548 -0.000823647 -0.000595339 -0.000101195 -0.000663062 -0.00139899 -0.000651542 -0.000394875 -0.00155731 -0.000193641 -0.00100593 0.000260672 -0.00115665 -0.00155116 -0.00168872 -0.000266895 -0.00121924 -0.00103799 -0.000461023 0.000459945 -0.000581927 -0.00124509 -0.00141538 -0.000591252 -0.000965932 -0.000387768 -0.00122816 -0.00165112 -0.00146982 9.84069e-05 -0.000285265 -7.40079e-05 -0.00172513 -0.00137278 -0.000426702 -0.00119976 -0.000826447 -0.000319254 -0.00135566 -0.000472665 -0.000800716 -0.00057967 -0.00126054 -0.00104315 9.19753e-05 -0.000835978 -0.00130509 -0.000394416 -0.00136802 -0.00102123 -0.000772448 1.52231e-05 -0.000289539 -0.00176935 -0.000878233 -0.0015486 0.000680683 -0.00108973 -0.000388399 0.000221393 -0.000520314 
-0.000230886 -0.0010881 -0.0013566 -0.00134578 -0.000901402 -8.83969e-05 0.122953 0.00122625 -0.00100033 -0.00169355 0.000191634 -0.00176898 -0.00125968 -0.00209415 -0.00334698 -0.000250047 -0.00189187 -0.00279184 0.000550912 -0.00104492 -0.00245431 -0.00542725 -0.00133467 -0.00360223 -0.00220135 -0.00262213 -0.00259239 -0.00110403 -0.00274446 -0.000967914 -0.00317814 -0.00364489 -0.00165671 -0.000676066 -0.000980422 -0.00155819 -0.000871651 -0.000773742 -0.00144984 -0.00226082 -0.000545839 -0.00150031 -0.00203949 -0.000954685 -0.000319519 -0.00161453 -0.00108786 -0.00054661 -0.00109899 -0.000564236 -0.000714671 -0.000225985 -0.00152374 -0.00146215 -0.00203253 -0.000360385 -0.000596109 -0.000309731 -0.000990272 -0.000541725 -0.000705374 -0.00118376 -0.00175252 -0.00116999 -0.0021065 -0.00112903 -2.80599e-05 0.000192236 3.15225e-06 -0.00137266 -0.00113283 -0.00059685 -0.00162266 -0.00104144 -0.0012599 -0.00154789 -0.00191248 -0.00210953 5.20222e-05 -0.00142208 -0.000959472 -0.00160566 -0.00176247 -0.00125571 0.000457832 -5.80926e-05 -0.000653644 -0.00112061 -0.000541554 -0.000829432 -0.00132751 -0.00125444 -0.00128712 -0.000425103 -0.00139704 -0.00159678 -0.00105659 -0.000871864 -0.00183731 -0.000409338 
-0.00112451 -0.00114584 -0.000995902 0.000210261 0.000655446 -0.000234309 0.00122625 0.11416 -0.00080338 0.000146832 -0.00216718 -0.00251198 -0.00119915 0.000893321 -0.00167437 -0.00386395 -0.0021343 -0.00150211 -0.00750483 -0.000892213 -0.00310762 0.00270946 0.000174262 -0.00212417 -0.00519662 -0.00861921 -0.00318122 -0.00178053 -0.00266121 -0.00358642 -0.000505931 -0.00155877 -0.00247203 -0.0012338 -0.000110714 -0.00145974 -8.89837e-05 -0.00198261 -3.30845e-05 0.000456297 -0.000755915 -0.000361399 -0.00250869 0.000634856 7.46856e-05 -0.000573501 -0.00114558 -0.000220154 -0.000694366 -0.00151137 -0.000318283 -0.00176065 -0.000628933 -0.00110192 -0.000222332 -0.000975642 -0.00171071 -0.000727782 -0.00134757 -0.00137758 -0.00157348 -0.00181498 -0.000890201 -0.00193282 -0.000558186 -0.000297013 -0.000803482 -0.00101107 -0.000809824 -0.000510065 -0.000712897 -0.000832165 -0.00022278 -0.000985424 -0.00122012 -0.000570856 -0.00125235 -0.00124145 -0.000315746 -0.000435125 -0.00151761 -0.00119116 -0.00115651 -1.36387e-06 0.000339543 -0.00104589 -0.00103529 -0.000500323 -0.00136504 -0.00100935 -0.000398898 -0.000513191 -0.00149916 -0.00192524 -0.000441114 -0.00147042 -0.00139523 -0.000350991 -0.00114231 -0.000333183 
-0.000329386 -0.00136197 -0.00042551 -0.000380536 -0.000583278 0.000381746 -0.00100033 -0.00080338 0.121626 -0.00163586 -0.00115695 -0.00182085 0.000604791 -0.00261391 -0.00305416 -0.00292486 -0.00294468 -0.00244295 -0.0029753 -0.00284697 -0.00754331 -0.00041672 -0.000390846 -0.00176128 -0.00161495 -0.000292914 -0.00384073 -0.00324354 -0.00168341 -0.00295467 -0.00109322 -0.000751089 -0.00316131 -0.000885934 -0.000179931 -0.00211575 -0.00135693 0.000219644 -0.0012889 -0.00143514 -0.00139673 -0.00082167 -0.000481527 -0.000271499 -0.0018394 -0.000959785 -0.000609786 -0.000932139 -0.00125719 -0.000760535 -0.00153133 -0.000959135 -0.00151418 0.000413755 -2.47539e-05 -0.000209706 -0.000968523 -0.000247107 -0.00106834 -0.00118075 -0.000708606 -0.000574574 -0.0010809 -0.00156891 -0.00127787 -0.000675126 -0.000882574 -0.000753155 -0.00132407 -0.000825873 -0.00107704 -0.0010132 -0.00128255 -0.00148698 -0.00109105 0.000129905 -0.000999192 -0.00102925 -0.00267973 -0.000809361 -0.00149224 -0.00174035 -0.000512023 -0.00142203 2.82576e-05 -0.000247419 -0.00167203 -0.00144134 -0.0017582 -0.00138747 -0.00133638 -0.00091756 -0.00191673 -0.00049125 -0.000545403 -0.000444448 -0.000991105 -0.00113642 -0.000435168 -3.05584e-05 
0.000445606 -0.00135199 -0.000758708 -0.00126583 0.000383927 -0.00139567 -0.00169355 0.000146832 -0.00163586 0.123063 -0.000255911 -0.0074418 -0.00186834 -0.00238796 -0.00130658 0.000519308 -0.00410566 -0.00602109 -0.00203119 -0.00332558 -0.00589985 -0.00401298 -0.00444877 -0.00432643 -0.00640129 -0.00196268 -0.0015867 -0.00350857 -0.0011354 -0.00479934 -0.0025734 -0.00222736 -0.0011607 0.000432573 -0.000445476 4.0699e-06 -0.000177619 -0.00107829 -0.00171972 -0.00091414 -0.00148906 -0.000650885 -0.000652706 -0.000209316 -0.00117495 1.28992e-05 2.53014e-06 0.000348635 -0.000794945 -0.00111806 -0.00043479 -0.00150805 -0.000467475 -0.000340883 -0.000588831 -0.00109044 0.000796995 -0.000362248 -0.00219036 -0.000686349 -0.000852925 -0.00151132 -4.25999e-05 -0.000353727 -0.000388674 9.57971e-05 -0.00159056 -0.000195713 -0.00031027 -0.000486083 -0.00185524 -0.00159171 -0.00118457 -0.000523571 -0.000867747 -0.00214686 4.23636e-05 3.81054e-05 -0.00140313 1.38856e-05 -0.00128927 -0.00183862 -0.00120602 -0.00188869 -0.000756351 -0.000333764 -0.000312058 -0.000356066 -0.000169328 0.000864741 7.79571e-05 -0.000460574 -8.5802e-05 -0.00074103 -0.00160554 0.000467388 -0.000899776 -0.000791954 -0.000773712 4.02783e-05 
-0.00103411 -0.00206265 0.00100411 -0.00116191 -0.00124843 -0.000649901 0.000191634 -0.00216718 -0.00115695 -0.000255911 0.139479 -0.000678812 -0.00330589 -0.000139737 -0.00028739 -0.000414202 -0.0063134 -0.00157278 0.0029735 -0.0044472 -0.00814184 -0.00111838 -0.002536 -0.00304959 -0.00643135 -0.000445032 -0.00418108 -0.000597777 -0.00512566 0.00174551 -0.00518117 -0.00342742 -0.00462984 -0.00035957 -0.000187497 -0.000956081 -0.00111914 -0.00225252 3.38361e-05 -0.00143733 -0.00126274 -0.000452869 -0.00247797 -0.00161943 -0.0016474 -0.00033638 -0.000718003 -0.00224015 -0.000272565 -0.00151498 -0.00178566 -0.000796177 -0.000188847 -0.00131811 -0.00165 -0.00130497 -0.00105787 -0.00204049 -0.000934796 -0.00237358 -0.00199749 -0.00057245 -0.0010929 0.000706406 -0.000489288 0.000504568 -0.00104782 5.22077e-05 -0.000874843 -0.00187909 -0.000721156 -0.000908196 -0.00162385 -0.00207198 -0.00142092 -0.00126724 -0.00125801 -0.00218573 -0.00108882 -0.000848934 -0.000876613 -0.00120776 -0.00149245 -0.000271503 -0.000547427 -0.00123119 0.000135828 -0.00186103 -0.000358153 -0.00111752 -0.000777697 -0.000600459 -0.00243139 -0.00134642 -0.000426844 -0.00121302 -0.00200376 -0.00172262 -0.00131401 -0.000610839 
-0.00205623 -0.000948296 -0.00339483 -0.000737484 -0.00265322 -0.00168528 -0.00176898 -0.00251198 -0.00182085 -0.0074418 -0.000678812 0.186595 -0.000670667 -0.000691492 -0.00390818 -0.00650922 -0.00126181 -0.00301976 -0.00247168 -0.00751955 -0.00330948 0.00151707 0.0029745 -0.00816746 -0.00657226 -0.00425259 -0.00781509 -0.00285882 -0.00464179 -0.00447102 -0.00405631 -0.000334462 -0.00182585 -0.00267549 -0.00108318 -0.00186575 -0.00223392 -0.00273574 -0.0011648 -0.00173804 -0.00181069 -0.00150034 -0.00154414 -0.000676192 -0.0016194 -0.00141339 -0.000667645 -0.00120697 -0.0019477 -0.00120133 -0.00225549 -0.000617595 -0.000577808 -0.00196925 -0.00208581 -0.000301811 -0.000470977 -0.00345548 -0.00154933 -0.000653579 -0.00395985 -0.00301181 -0.00131134 0.000358262 -0.00172975 -0.00102103 -0.000401609 -0.00260756 -0.000556356 -0.000815538 -0.000775427 -0.000534254 -0.00281921 -0.000829613 -0.00030998 -0.00275527 -0.000750565 0.000499943 -0.00130898 -0.00252298 -0.00143438 0.000818041 -0.00059687 -0.00207596 -0.00109911 -0.00177626 -0.00237316 -0.00192223 -0.00153374 -0.00264252 -0.00128303 -0.00120667 -0.00263403 -0.000352484 0.000186511 0.000318828 -0.000726822 -0.000879125 -0.000868901 -0.000764315 
-0.00195288 -0.00287223 -0.00263234 -0.00125159 -0.0022082 -0.000943971 -0.00125968 -0.00119915 0.000604791 -0.00186834 -0.00330589 -0.000670667 0.178319 2.06984e-05 6.36327e-05 -0.00405251 0.00211725 -0.00190006 -0.00784329 -0.00545961 -0.0070921 -0.000799931 -0.00855838 -0.00789515 -0.00801219 -0.00267382 -0.00736097 -0.00388579 -0.00403494 0.000553552 -0.00229055 0.00190554 -0.00245739 -0.00236478 -0.00222406 -0.00158326 -0.000606583 -0.00106323 -0.00153884 -0.00175201 -0.00135636 -0.00221911 -0.0030688 -0.000341935 -0.00201892 -0.00163507 -0.00168968 -0.00393602 -0.00159008 -0.0017244 -0.00263656 0.0008703 -0.00238842 -0.00281161 -0.0011155 -0.0002191 0.000396853 0.000892141 -0.00130137 -0.00219069 -0.00114201 -0.000732605 -0.000540082 0.000239773 -0.00197862 -0.000575528 -0.00110799 -0.00181923 -0.00129694 -0.000782502 -0.00119302 -0.00147923 -0.000531044 -0.00151112 -0.000591752 -0.00113723 -0.00212237 -0.00170424 -0.000687982 -0.000181013 5.74996e-05 -0.00143698 -0.00189061 -0.000706526 -0.00350835 -0.000858157 -0.0024347 -0.0011935 -0.00167735 -0.00216228 -0.000615758 -0.00241733 -0.00122725 -0.00140493 -0.00185008 -0.00139681 -0.000684956 -0.00115304 0.000224275 -0.000673825 
-0.00318765 -0.00385672 -0.00213846 -0.00300805 -0.00318862 -0.00321004 -0.00209415 0.000893321 -0.00261391 -0.00238796 -0.000139737 -0.000691492 2.06984e-05 0.212739 -0.00196366 7.39517e-05 -0.00121707 0.000946378 -0.00169885 -0.00712688 -0.00353662 -0.00642652 -0.00344321 -0.0123417 -0.00937617 -0.0074993 -0.00677954 -0.00610757 0.00140704 -0.000939551 -0.00877223 -0.00464614 -0.00204281 -0.000709691 2.17872e-05 -0.00267214 -0.0013904 -0.00140254 -0.000749702 -0.00198297 -0.00223574 -0.000448012 -0.00186315 -0.00261911 -0.00338698 -0.000577627 -0.00314404 -0.0024341 -0.00138472 -0.00089762 -0.00207386 -0.0029819 -0.00212601 -0.00108164 -0.00085011 -0.00103366 -0.00110222 -0.000680601 0.000305675 -0.000278678 -0.00281378 0.000574932 -0.00300658 -0.00195597 -0.00205198 4.42233e-05 -0.00282198 -0.00250224 -0.00265593 -0.0013972 -0.00138582 0.000467916 -0.000616792 -0.00315456 0.000364986 -0.00166991 -0.00164269 0.00101941 0.000296827 -0.000785164 -0.00303605 -0.00269361 -0.00132785 -0.00294208 -0.00300829 -0.00294794 0.000354963 -0.00273898 -0.00332907 -0.00146243 -0.00267067 -0.00171488 0.000848827 -0.00307275 -0.00214479 -0.000302817 -0.00266673 -0.00204261 -0.00202618 -0.0012497 
-0.00153074 -0.00373312 -0.0010462 -0.00298377 -0.00441844 -0.00319888 -0.00334698 -0.00167437 -0.00305416 -0.00130658 -0.00028739 -0.00390818 6.36327e-05 -0.00196366 0.21186 -0.0039953 0.00113685 -0.010481 -0.00153054 -0.00220946 -0.00927073 -0.0122378 -0.0123238 -0.00574977 -0.002961 -0.000607683 0.00057061 -0.00426505 -0.00779309 -0.00366548 -0.00374556 -0.00457722 -0.00232932 -0.00307616 -0.000787142 -0.000868129 -0.000777896 -0.00174082 -0.000919603 -0.00129851 -0.00101981 -0.0013264 -0.00298366 -0.00201928 -0.00126643 -0.000966583 7.69862e-05 -0.00274698 5.61032e-05 0.000470999 -0.00391013 -0.00273872 -0.0016521 -0.00233323 -0.0014043 -0.00229451 -0.00254279 -0.00227046 -0.000625653 -0.00203815 -0.00131563 -0.000391237 -0.00331602 -0.000981017 -0.000720815 -0.000891223 -0.000998833 0.000638987 -0.000903102 -0.000773424 -0.00242867 -0.00119085 -0.000499863 0.000486187 -0.00135276 -0.00255133 -0.000543725 -0.00356062 -0.00230938 -0.0013832 -0.000762073 -0.000482403 -0.00081582 -0.001656 -0.00212641 -0.00170885 -0.00185315 -0.00175267 -0.00251656 -0.00130713 -0.000416775 -0.0022852 -0.0021756 0.000247724 -0.00203602 0.00110607 -0.00076411 0.000482189 -0.00202472 -0.00259851 
-0.000335117 -0.00278478 -0.00404808 -0.00288984 -0.00159539 -0.00452272 -0.000250047 -0.00386395 -0.00292486 0.000519308 -0.000414202 -0.00650922 -0.00405251 7.39517e-05 -0.0039953 0.232445 0.00241175 -0.0015317 -0.00241801 0.00743868 -0.00742612 -0.00602954 0.000709283 -0.0141682 -0.0123265 -0.00890898 -0.00684758 -0.00698605 -0.00527502 -0.0070959 -0.00440048 -0.00595794 -0.0025395 -0.0035565 -0.003087 -0.000970371 -0.00200082 -0.00474608 -0.00299645 -0.00205197 -0.00290603 -0.00404282 0.00118173 -0.000942434 -5.15328e-05 -0.000748827 -0.00489239 -0.0026041 -0.000639429 0.000690909 -0.00076597 -0.00118645 -0.00218181 -0.000557192 -0.000493668 -0.000529976 -0.000565768 -0.00108725 -0.00315012 -0.00206273 -0.00117993 -0.00299411 -0.000602239 0.00107159 -0.000187687 -0.00200356 -0.00373571 -0.00482507 -0.00148925 -0.000164164 -0.00211794 -0.00200784 -0.00293339 -0.00153731 -0.000106169 -0.00153805 -0.00173198 -0.000590246 -0.00138342 -0.00177637 -0.000697346 -0.00288513 -0.00359774 -0.00129246 -0.00185563 -0.00148777 -0.00127365 -0.00165391 -0.00192922 -0.00273073 -0.000876915 -0.000915135 -0.00331541 -0.000137579 -0.00160373 -0.000738779 -0.00283866 -0.00133866 -0.00110461 -0.00244948 
-0.00177286 -0.00215073 -0.00404272 -0.00183491 -0.00352387 -0.00352113 -0.00189187 -0.0021343 -0.00294468 -0.00410566 -0.0063134 -0.00126181 0.00211725 -0.00121707 0.00113685 0.00241175 0.247935 -0.00874868 -0.0055561 -0.00492851 -0.00366948 -0.00220171 -0.00640868 -0.0111643 -0.00785109 0.00111288 -0.0159152 -0.00376819 -0.00671813 -0.0115772 -0.00315221 -0.00499172 -0.000669346 -0.00316892 -0.00162434 -0.00233443 -0.0033069 -0.00105695 -0.00107332 -0.000520325 -0.00152112 0.000550318 -0.000964766 -0.00229712 -0.000770832 -0.00134795 0.000742818 -0.00196821 -0.00343994 0.000405142 -0.00163858 -0.00270053 -0.00223118 -0.000453117 -0.00107642 -0.000103567 -0.00261064 -0.00180486 -0.00278788 -0.00185331 -0.00103 -0.00141612 -0.000873678 -0.00291439 -0.00259467 -5.41506e-05 -0.00237002 -0.00219511 -0.00364503 -0.000505854 -0.00133656 -0.00351985 -0.00260801 -0.00166941 -0.00363589 -0.000228363 -0.00173816 -0.00144808 -0.00328202 -0.00256528 -0.00240948 -0.000470223 -0.00394399 -0.00144818 -0.000686988 -0.00265001 -0.00380086 -0.00403478 -0.00224948 -0.000931575 -0.00183424 -0.00137796 -0.000881318 -0.00160573 0.000846093 -0.00293656 -0.0033926 -0.00286793 -0.000868149 -0.00254661 
-0.00337198 -0.00210529 0.00114612 0.00109432 -0.00401749 -0.000946752 -0.00279184 -0.00150211 -0.00244295 -0.00602109 -0.00157278 -0.00301976 -0.00190006 0.000946378 -0.010481 -0.0015317 -0.00874868 0.244286 -0.000486375 -0.00773318 -0.00435769 -0.00556592 -0.00597607 -0.00387397 -0.0133556 -0.00424672 -0.00600307 -0.00579409 0.000514879 -0.00313577 -0.00242435 -0.00259725 -0.00322893 -0.00221747 -0.00112892 -0.00107997 -0.0033563 -0.00389507 -0.00207476 -0.00145342 -0.00124013 -0.00286228 -0.000984777 -0.0028473 -0.00392097 -0.00193591 -0.00315131 -0.00050322 -0.000851184 -0.00388345 -0.000969254 -0.000240615 -0.00144578 -0.00284927 -0.00306683 -0.000604093 -0.0028552 -0.00231998 -0.000508811 -0.00182146 -0.00287344 -0.000166543 -0.0027023 -0.00233449 -0.00263369 -0.00186896 -0.00261765 -0.00163405 0.00118699 -0.0017847 -6.28477e-05 -0.00379739 -0.00369197 -0.00252251 -0.00294384 -0.00221399 -0.000400423 -0.00200956 -0.00149058 -0.00147411 -0.000779149 -0.00203346 -0.00338325 -0.00240787 -0.00121779 -0.000626578 -0.00170206 -0.00211895 -0.00251074 -0.000327383 -0.00144073 -0.000185109 -0.00116985 -0.00271246 -0.00124306 -0.00464437 -0.00232747 -0.0022905 -0.00232259 -0.00120812 
-0.000859391 -0.000143696 -0.00180079 -0.00115417 -0.00380125 0.000438126 0.000550912 -0.00750483 -0.0029753 -0.00203119 0.0029735 -0.00247168 -0.00784329 -0.00169885 -0.00153054 -0.00241801 -0.0055561 -0.000486375 0.249174 5.66728e-05 0.000186758 -0.00332695 -0.00759687 -0.00650291 0.00115924 -0.00516205 -0.00693603 -0.00857549 -0.00662057 -0.00204882 -0.0084069 -0.00479243 -0.00114043 -0.00377453 -0.00511154 -0.00287774 -4.60383e-05 0.00121854 -0.00234333 -0.00330767 -0.00227496 -0.00242216 -4.73236e-05 -0.00340437 -0.00269196 -0.00284885 -0.0015875 -0.00226273 -0.00280703 -0.00456839 -0.00259637 -0.0035671 -0.0037139 -0.00392486 -0.00316427 -0.00362626 -0.000520674 -0.00511333 -0.00109288 -0.00284401 -0.00105325 -0.000490209 -0.00162208 -0.00108693 -0.00171695 -0.0050814 -0.000443921 0.000421427 -0.00189855 -0.00240061 -0.00011311 -0.00411175 -0.000835845 -0.00203856 -0.00239046 -0.000952302 -0.00105381 -0.00122092 -0.00401761 -0.000786439 -0.00011236 -0.00287095 -0.00127086 -0.00243959 -0.00383182 -0.00290151 -0.00441928 -0.000265237 -0.00159355 -0.00247539 -0.00158476 -0.0045167 -0.00531174 -0.00191029 -0.00144275 -0.00192924 -0.0036047 -0.00180262 -0.00172496 -0.000931069 
0.00114162 -0.0023008 -0.00322087 -0.0018502 0.0016762 -0.00276245 -0.00104492 -0.000892213 -0.00284697 -0.00332558 -0.0044472 -0.00751955 -0.00545961 -0.00712688 -0.00220946 0.00743868 -0.00492851 -0.00773318 5.66728e-05 0.249996 -0.00487135 0.00239726 -0.000441484 -0.00471573 -0.00846483 -0.00936528 0.000128847 -0.0114376 -0.00390662 -0.00565531 -0.00598999 -0.00210806 -0.00645407 -0.00556168 -0.00251805 -0.00247793 0.000309954 -0.00328742 -0.00359983 -0.00233563 0.000603152 -0.00214678 -0.00163601 -0.00189829 -0.000609474 -0.00265288 -0.00235441 -0.00274237 -0.00120977 -0.00127974 -0.00206489 0.00135842 -0.000604406 0.000419189 -0.00474675 -0.00228281 -0.00287785 -0.00227227 -0.00413056 -0.00689283 -0.00120378 -0.00511834 -0.00215908 -0.00246605 -5.54605e-05 -0.00251377 -0.00358109 -0.00124264 0.000139539 -0.00380071 -0.00237291 -0.000831046 -0.000283696 -0.00396419 -0.000593956 -0.00382324 -0.00401252 -0.00463157 -0.00283035 -0.00207546 -0.00287598 0.000861999 0.00039397 -0.0041874 -0.00221438 -0.000206992 -0.0011008 -0.00232369 -0.00216789 -0.00361939 -0.000325659 -0.00190474 -0.00260242 -0.00215387 -0.00173469 0.000580442 -0.00473694 -0.00204708 -0.00109812 -0.00138105 
-0.00370921 -0.00321162 -0.00391441 -0.000442588 -0.00200037 -0.00306438 -0.00245431 -0.00310762 -0.00754331 -0.00589985 -0.00814184 -0.00330948 -0.0070921 -0.00353662 -0.00927073 -0.00742612 -0.00366948 -0.00435769 0.000186758 -0.00487135 0.249679 -0.00352518 -0.00312943 0.000933235 -0.00811077 -0.00301493 0.00126773 -0.00189676 -0.00318659 -0.00569386 -0.00158726 -0.00581703 -1.28917e-05 -0.00454806 -0.00233288 -0.00491393 -0.00133862 -0.00443852 -0.00168177 -0.00309001 -0.00190522 -0.00346763 0.000208803 -0.00197684 -0.000221809 -0.00132604 -0.00186234 -0.0022966 -0.00308159 -0.0045899 -0.00356611 -0.0024855 -0.000991589 -0.00357611 -0.000804201 -0.00324891 -0.00246249 -0.00180835 -0.00266298 -0.000725033 0.0014102 -0.00128317 -0.0033241 -0.00243357 -0.00233813 -0.00371511 0.00124911 -7.85462e-05 0.000177239 -0.00267822 -0.00294349 -0.0014388 -0.0018504 -0.002067 -0.00202118 -0.00374536 -0.00223889 5.58023e-05 -0.00381668 -0.00326303 -0.00135829 -0.00203315 -0.0011924 0.000680911 -0.000221189 -0.000964196 -0.00131498 0.000402771 -0.00170908 -0.00251889 0.000258132 -0.000653079 -0.00072003 -0.00487351 -0.00222841 -0.00206706 -0.00281698 0.00150406 -0.00264041 -0.00306546 
-0.00421367 0.00195939 -0.00112273 -0.00350923 0.000531397 -0.000841841 -0.00542725 0.00270946 -0.00041672 -0.00401298 -0.00111838 0.00151707 -0.000799931 -0.00642652 -0.0122378 -0.00602954 -0.00220171 -0.00556592 -0.00332695 0.00239726 -0.00352518 0.247204 0.00625195 -0.00803426 -0.00814701 -0.00305663 -0.00553246 -0.0074373 -0.0074571 -0.00494003 -0.00482728 0.000268201 -0.000887549 -0.00164139 -0.00320591 -0.00113845 -0.00339987 -0.00382851 -0.00161461 -0.00374353 -0.00214457 -0.00394459 -0.00308085 2.3535e-05 -0.00431782 -0.00257743 -0.00394497 -0.00125342 -0.00031306 -0.00260596 -0.0027296 -0.00548067 -0.00312502 -0.00140197 -0.00151665 -0.000307406 -0.00311902 -0.000275717 -0.00431116 -0.00507549 -0.00127933 -0.00343966 -0.000630733 -0.00168285 -0.00397419 -0.00297137 -0.0028624 -0.00254013 -0.00182555 -0.00180066 -0.00177483 0.00133411 -0.00237503 -0.0023777 -0.00202579 -0.00246214 -0.00174845 -0.00203342 -0.00333556 -0.00300299 -0.00124408 -0.00123649 -0.00278231 -0.00196081 -0.00237248 -0.0023805 -0.0021857 -0.00100343 -0.00218556 0.000880989 -0.00231043 -0.00259806 -0.00222842 -0.00101893 -0.00204046 -0.00518001 -0.000101654 -0.000426244 -0.00299892 -0.00348656 
-0.00136224 -6.9564e-06 -0.00184501 -0.00288159 0.0014299 -0.00182074 -0.00133467 0.000174262 -0.000390846 -0.00444877 -0.002536 0.0029745 -0.00855838 -0.00344321 -0.0123238 0.000709283 -0.00640868 -0.00597607 -0.00759687 -0.000441484 -0.00312943 0.00625195 0.249893 -0.0129175 -0.00852832 0.00288911 -0.0082351 -0.00516996 -0.00303728 -0.00540204 -0.00288559 -0.0064536 -0.00440066 -0.00283788 -0.00285314 -0.00401898 -7.65475e-05 -0.00253567 -0.00397227 -0.000460465 -0.00363467 -0.00130075 -0.00344208 -0.00178662 0.000773244 -0.00343544 -0.00313611 -0.00277139 -0.00178834 -0.00422727 -0.00326946 -0.000751622 -0.00242543 -0.0054502 -0.0017373 -0.00250691 -0.00315708 -0.000702138 -0.00249523 0.000476945 -0.00264402 -0.00243695 -0.00395167 0.00118054 -0.00229371 -0.000846528 -0.0015914 -0.00260545 -0.0033299 -0.00203242 -0.00559186 -0.00269654 -0.00350398 -0.00359746 -0.00129474 -0.00088198 -0.00176141 -0.00123846 -0.00149567 0.000336363 -0.0034347 -0.00223467 -0.000515465 -0.00228425 -0.00131981 -0.000236543 -0.00232954 -0.00326738 0.000785369 -0.000783225 -3.79897e-05 -0.00301963 -0.0025725 -0.00109737 -0.00360706 -0.00192707 -0.00186584 -0.00168635 -0.00201735 -0.00353553 
-0.000236786 -0.000786585 0.00108196 -0.0022824 -0.00225122 -0.00321473 -0.00360223 -0.00212417 -0.00176128 -0.00432643 -0.00304959 -0.00816746 -0.00789515 -0.0123417 -0.00574977 -0.0141682 -0.0111643 -0.00387397 -0.00650291 -0.00471573 0.000933235 -0.00803426 -0.0129175 0.247145 0.0016248 -0.00204341 0.00746959 -0.00293638 -0.00600166 0.000934784 -0.00178085 -0.00393992 -0.00160516 -0.00168846 -0.00113958 -0.00203108 -0.00279489 -0.00177683 -0.000694411 -0.0017355 -0.00154052 -0.000908862 -0.0021513 -0.00321288 7.96416e-05 -0.00201105 0.00099944 -0.00137085 -0.0030129 -0.00178284 -0.00283959 -0.00107166 -0.00202517 -0.000270036 -0.00217604 -0.00179513 -0.00342877 -0.00195951 -0.000788765 -0.00143913 -0.002539 -0.00230946 -0.000271903 -0.00614417 -0.00148022 -0.00133766 -0.00221858 -0.00162386 -0.00360039 -0.00388058 -0.00205265 -0.00302101 -0.00184315 -0.00143188 -0.00326036 -0.0023488 -0.00156842 -0.00348241 -0.000799155 -0.00173088 -0.00216811 0.000225555 -0.00191205 -0.00111196 0.000632436 -0.00123972 -0.00151643 -0.000999123 -0.0027596 -0.00261529 -0.00388238 -0.00183131 -0.00210366 0.000490575 -0.00160957 -0.000972218 0.00060599 -0.00220228 -0.00206388 -0.00317117 
-0.00299387 -0.00270637 -0.00307987 -0.000633002 -0.00209404 0.000379526 -0.00220135 -0.00519662 -0.00161495 -0.00640129 -0.00643135 -0.00657226 -0.00801219 -0.00937617 -0.002961 -0.0123265 -0.00785109 -0.0133556 0.00115924 -0.00846483 -0.00811077 -0.00814701 -0.00852832 0.0016248 0.238145 0.00435898 0.00160252 0.00381784 -0.0036101 -0.00453149 -0.000586213 -0.00351505 -0.00291448 -0.0024348 -0.00521851 -0.00152734 -0.000880997 -0.000323556 -0.000812179 0.000566901 -0.00242771 0.000887583 -0.00235657 -0.00314615 0.0016077 -0.00266402 -0.00216832 -0.00177247 -0.000520747 -0.0010362 -0.00161493 -0.000640388 -9.75741e-05 -0.00278766 -0.00196288 -0.00210351 -0.00253473 -0.000148714 -0.000577616 -0.00232037 -0.00293511 -0.00270933 -0.00162902 -0.00199862 0.000184879 -0.00246543 0.00137719 -0.00145072 -0.0031148 -0.00301379 -0.000526058 -0.000178005 -0.000715685 -0.00163968 0.000488457 -0.00317749 -0.00167435 -0.000723114 -0.000200049 -0.00244519 -0.00331196 -0.0028221 -0.00133856 -0.00349831 -0.00263929 -0.00234271 -0.00181544 -0.0035149 -0.00285692 -0.0027876 -0.00293915 -9.63889e-05 -0.000871886 0.000486766 -0.00412339 -0.00236831 -0.000825645 -0.00278423 -0.00108273 0.000221927 
-0.00485608 -0.00135233 -0.00291456 -0.00341475 -0.00331738 -0.00445269 -0.00262213 -0.00861921 -0.000292914 -0.00196268 -0.000445032 -0.00425259 -0.00267382 -0.0074993 -0.000607683 -0.00890898 0.00111288 -0.00424672 -0.00516205 -0.00936528 -0.00301493 -0.00305663 0.00288911 -0.00204341 0.00435898 0.246865 -0.00576632 -0.00627016 -0.00203927 -0.00204328 0.000577476 -0.00719815 -0.0039953 -0.00390361 -0.00262418 -0.00226047 -0.00167539 -0.00119833 -0.00319532 -0.00350619 -0.00251054 0.00175751 5.44988e-05 -0.00347204 -0.00165543 -0.00153204 -0.00147056 -0.00133327 -0.000762024 -0.000384017 -0.0020534 -0.00181887 -0.00260909 -0.00373699 -0.00138666 -0.00262232 -0.000860367 -0.00240002 0.00106693 -0.00314339 -0.00300733 -0.0020648 -0.00118086 -0.00297809 -0.00312362 -0.00383631 -0.00182483 -0.00172049 -0.00374098 -0.00147664 -0.00261304 -0.00188382 -0.00355606 -0.0012411 -0.00376279 -0.00359212 -0.00306689 -0.00567484 -0.00606056 -0.00203593 -0.0030499 -0.00137923 -0.000842539 -0.000138462 3.26593e-05 -0.00267816 -0.000720476 -0.0013153 -0.00243958 -0.00125568 -0.00192763 -0.000265782 -0.00436127 -0.00206992 -0.00267766 -0.00134498 -0.00241797 -0.00247947 -0.00290106 -0.0015006 
0.000502051 -0.000910019 -0.000525101 -0.00391048 -0.00116428 -0.00432952 -0.00259239 -0.00318122 -0.00384073 -0.0015867 -0.00418108 -0.00781509 -0.00736097 -0.00677954 0.00057061 -0.00684758 -0.0159152 -0.00600307 -0.00693603 0.000128847 0.00126773 -0.00553246 -0.0082351 0.00746959 0.00160252 -0.00576632 0.228917 -0.0055789 -0.00349913 -0.00124616 -0.00273238 -0.00452623 -0.00585698 0.000774305 -0.00196198 -0.00287123 -0.00233556 -0.00437633 -0.000820804 -0.00373375 0.00110411 -0.00140942 -0.00134621 -0.00228987 -0.00193074 -0.000790368 -0.00251887 -0.00291149 -0.000377635 0.000100664 -0.00133797 -0.00244381 -3.59329e-06 -0.00382415 -0.00185671 -0.000898818 -0.00399332 -0.00161182 -0.00141614 -0.00148075 -0.00530676 -0.00028193 -0.00125421 -0.000730694 -0.000953279 -0.00237595 -0.000880706 -0.000552432 -0.00351713 -0.00198601 -0.00250165 -0.00026353 -0.000889331 -0.00321157 -0.00132735 -0.0013336 -0.00116407 -0.00360604 -0.00266914 -0.00163569 -0.00246194 -0.00081669 0.000389686 -0.00098816 -0.00151622 -0.00289455 -0.000263021 -0.00118135 -0.0021339 -0.00166248 -0.00210323 -0.00141586 0.0018444 -0.00260568 -0.00220828 -0.00308208 -0.00116003 -0.00313239 -0.00124209 -0.00196842 
-0.00208393 -0.00205354 -0.00423641 -0.000480346 -0.0029151 -0.00139752 -0.00110403 -0.00178053 -0.00324354 -0.00350857 -0.000597777 -0.00285882 -0.00388579 -0.00610757 -0.00426505 -0.00698605 -0.00376819 -0.00579409 -0.00857549 -0.0114376 -0.00189676 -0.0074373 -0.00516996 -0.00293638 0.00381784 -0.00627016 -0.0055789 0.201491 0.00215807 -0.0017724 -0.00218016 -0.00244504 -0.000364812 -0.000628885 -0.00264054 -0.00192299 -0.00246203 -8.44671e-05 -0.000485933 -0.00127183 -0.00129673 -0.000366782 -0.000978649 -0.00044007 -0.00295244 -0.00180185 -0.00215701 -0.00106987 -0.000890043 -0.00176517 -0.00033109 -0.00174701 -7.64322e-05 -0.000963255 -0.00222477 -0.00223886 -0.00160239 -0.00273043 -0.00230847 8.75761e-05 -0.00101872 -0.00315193 -0.00176692 -0.000666072 -0.00056301 -0.00150623 -0.00150066 -0.00155756 -0.00361575 -0.00194053 -0.000502024 -0.0018424 -0.00185682 -0.00295639 -0.00155911 -0.00323804 -0.000602994 -0.00176172 0.00103895 -0.00217886 -0.00184614 -0.00218245 -0.00181368 0.00119532 -0.00116927 -0.00070592 -0.000335759 -0.00092753 -0.000437964 -0.00227844 -0.000944572 -0.00138774 -0.00261303 -0.000139839 -0.000245337 -0.00151934 -0.00150552 -0.00190882 -0.00207248 -0.00139979 
-0.00222589 -0.00091129 -0.00328049 -0.00241064 -0.00179554 -0.00225692 -0.00274446 -0.00266121 -0.00168341 -0.0011354 -0.00512566 -0.00464179 -0.00403494 0.00140704 -0.00779309 -0.00527502 -0.00671813 0.000514879 -0.00662057 -0.00390662 -0.00318659 -0.0074571 -0.00303728 -0.00600166 -0.0036101 -0.00203927 -0.00349913 0.00215807 0.188637 -0.00050451 0.00283247 0.000231351 7.99737e-05 -0.00103492 -0.00029157 -0.00314782 -0.00274017 -0.000420002 -0.00191007 3.52167e-05 -0.00195856 -0.00248883 -0.00176646 -0.00171937 -0.00122307 -0.00230222 -0.00178451 0.000767088 -0.00109318 -0.00306136 -0.00151724 -0.000118499 0.000669178 -0.00264329 0.000264421 -0.000800326 -0.00297609 -0.001502 -0.00104276 -0.000988719 -0.000893679 -0.00269548 -0.000553372 -0.00259061 -0.000425977 -0.00200071 -0.00049944 -0.000893671 -0.00157681 -0.0026111 -0.00121123 -0.000869207 -0.00236415 -0.00276704 -0.00174441 -0.00329344 -0.00146853 -0.00191507 -0.00355275 -0.00267124 -0.002197 -0.000802261 -0.00198434 -0.00278276 -0.00248211 0.000735394 -0.0018186 -0.000667877 -0.00142052 -0.00269705 2.61584e-05 -0.00114769 0.00031248 -0.00173499 -0.00278903 -0.00116155 -0.000375029 -0.00182739 -0.00213493 -0.000962024 
-0.00186807 -0.00372291 -0.00160436 -0.00164742 -0.00406635 -0.00215226 -0.000967914 -0.00358642 -0.00295467 -0.00479934 0.00174551 -0.00447102 0.000553552 -0.000939551 -0.00366548 -0.0070959 -0.0115772 -0.00313577 -0.00204882 -0.00565531 -0.00569386 -0.00494003 -0.00540204 0.000934784 -0.00453149 -0.00204328 -0.00124616 -0.0017724 -0.00050451 0.173307 -0.00266093 0.0032926 -0.00187956 -9.48181e-05 -0.00176276 -0.00169155 -0.0014595 -0.000634956 -0.00131854 -0.000724852 -0.000858408 -0.00148881 -0.00220617 -0.000659248 -0.000545991 -0.00256994 -0.000116079 -0.00178182 -0.000320714 -0.00175473 -0.0013538 -0.000938462 -0.000413847 -0.00233979 -0.00177666 -0.000516778 0.000275698 -0.00338949 -0.000607365 -0.00145681 -0.000141475 -0.000994408 -0.000459262 -0.00118994 -0.000426574 -0.00303473 -0.00124936 -0.000235374 -0.002029 -0.00108966 -0.00216283 -0.00217433 0.000344338 0.000219541 -0.00134845 0.000786158 -0.00135608 -0.00147876 -0.00274907 -0.00219106 -0.000246769 -0.00118046 -0.00142572 -0.0016237 -0.00165881 -0.0012672 -0.000924694 -0.00179975 -0.00204886 -0.000467358 8.0255e-05 -0.00271048 -0.00182063 -0.000703331 -0.00204832 -0.00219649 -0.00213366 -0.000948706 -0.00129047 -0.00131848 
-0.000205286 -0.000629614 -0.0017891 -0.0018134 -0.00343492 -0.00217162 -0.00317814 -0.000505931 -0.00109322 -0.0025734 -0.00518117 -0.00405631 -0.00229055 -0.00877223 -0.00374556 -0.00440048 -0.00315221 -0.00242435 -0.0084069 -0.00598999 -0.00158726 -0.00482728 -0.00288559 -0.00178085 -0.000586213 0.000577476 -0.00273238 -0.00218016 0.00283247 -0.00266093 0.153149 -0.00167984 -0.000613375 -0.00162468 0.000472019 -0.0010948 -0.00154387 -0.00120394 -0.000684368 -0.00141051 0.00188161 -0.00158875 -0.00125574 -0.00194081 -0.000120718 -0.00126441 -0.00168566 3.90811e-05 -0.00195093 -0.00148938 -0.000928172 -0.00210144 0.000121968 -0.00072437 -0.00148439 -0.00192734 -0.00237131 -0.000853092 -0.00138121 -0.000440522 0.000732 -0.00200976 -0.000928809 -0.00290141 -0.000851065 -0.000929504 -0.000150426 -0.000497941 -0.00147233 -0.000113145 -0.00233534 -0.000918032 -0.00104082 -0.00226731 -0.00145936 -0.000800194 -0.00226237 -0.000684759 -0.00202458 -0.00037323 -0.000984482 -0.00158265 -0.00103022 -0.00194627 -0.00103018 -0.000870192 -4.35276e-05 -1.21103e-06 -0.00123702 -0.00216342 -0.000723425 0.000659294 -0.000322164 -0.00157373 -0.00210478 -5.5728e-05 -0.00153446 -8.44534e-05 -0.000668992 -6.85684e-05 
7.90358e-05 -0.000701371 -0.00146318 -0.00258077 0.000337102 -0.00050574 -0.00364489 -0.00155877 -0.000751089 -0.00222736 -0.00342742 -0.000334462 0.00190554 -0.00464614 -0.00457722 -0.00595794 -0.00499172 -0.00259725 -0.00479243 -0.00210806 -0.00581703 0.000268201 -0.0064536 -0.00393992 -0.00351505 -0.00719815 -0.00452623 -0.00244504 0.000231351 0.0032926 -0.00167984 0.147711 -0.00133281 0.000803659 -0.00114601 -0.00162296 -0.0010963 -0.00293132 -0.000925928 -0.000469968 -0.00190128 -0.00161652 -0.00183894 -7.1274e-05 -0.00126666 -0.00274857 -0.000102221 -0.00180441 -0.00169712 -0.00140143 1.54971e-05 -0.000653378 0.000682075 -0.00089582 -0.000555942 -0.00183657 -0.000284415 -0.00127428 -0.00121439 -0.000425403 -0.00321255 -0.000717884 -0.00194712 -1.72596e-05 -0.000335535 -0.00112301 -0.000801858 -0.00168409 0.000450244 -0.00059878 0.000723275 -0.00146218 8.13995e-05 -0.00234279 -0.00116999 -0.000756541 5.88792e-05 -0.00178593 -0.00094968 -0.00126932 -0.00062482 -0.00134806 -0.00224063 -0.00203141 -0.000686416 -0.000464892 -0.00086067 -0.000792405 -0.00213513 -0.00168234 -0.000638672 -0.00175293 -0.00204442 -0.000451919 -0.00137656 -0.00176983 -0.000185118 -0.00133132 0.000100695 -0.000593915 
-0.00150875 -0.000586125 -0.00104089 -0.000928008 -0.00275898 -0.00125684 -0.00165671 -0.00247203 -0.00316131 -0.0011607 -0.00462984 -0.00182585 -0.00245739 -0.00204281 -0.00232932 -0.0025395 -0.000669346 -0.00322893 -0.00114043 -0.00645407 -1.28917e-05 -0.000887549 -0.00440066 -0.00160516 -0.00291448 -0.0039953 -0.00585698 -0.000364812 7.99737e-05 -0.00187956 -0.000613375 -0.00133281 0.132686 -0.00082297 -0.000741152 -0.000732879 0.000658367 -0.00155206 -0.00101769 -0.00138486 -0.00088945 -0.00181684 -0.00138917 -0.00132921 -0.00107614 -0.000566528 -0.00174526 -0.00143898 -0.00109985 0.000298377 -0.0009335 -0.000737813 -0.00167708 -0.00243067 -0.000504311 0.000209422 0.00020277 -0.000945648 -0.00152538 -0.00112876 -0.000581917 -0.00111929 -0.000105657 -0.00116754 -0.00126341 -0.00209046 -0.000186646 -0.000279648 -0.000825502 -0.00120228 -0.000237431 -0.00190337 -0.000867771 -0.0023059 -5.46026e-05 -0.000460993 -0.000587552 0.000132966 -0.00239106 -0.00175146 4.11022e-05 -0.000723687 -0.00185309 -0.0010378 -0.0012008 -0.00113702 -0.00171225 0.000472151 -0.00176144 -0.000373762 -0.00092412 -0.00117477 -0.00113271 -0.00184073 1.34901e-05 -0.000427992 -0.00212947 -0.000786671 -0.00103364 -0.000964882 
