0.0348619 0.0034512 -2.24432e-05 -0.000351367 0.000827135 -0.000313373 0.00659999 -1.49479e-05 0.00287607 -0.000908733 0.0128529 0.0150224 -0.00549555 -0.0143275 -0.0139021 -0.0117779 9.18302e-05 -0.00584885 -0.00550745 -0.00339364 -0.0127551 -0.00840795 -0.0138048 0.0135062 0.000299992 0.00210511 0.00759559 -8.54639e-05 0.0110315 0.00042997 -0.00154939 -0.00479906 -5.48982e-06 -8.98367e-05 -2.03368e-05 0.000107483 -1.31291e-05 0.00464036 -0.000367824 -5.6944e-05 0.000533406 -3.39029e-05 0.00632061 8.10178e-05 -1.5237e-05 -0.0010063 -5.19532e-05 -0.00189381 -0.000885441 0.000299891 -0.000126774 0.000591144 -0.019142 -0.0107686 -0.000103579 -3.57535e-05 -0.00288323 -0.0175292 0.000234632 -1.66794e-05 6.38807e-05 -6.76586e-05 -0.00106061 1.261e-06 9.15389e-05 -8.10341e-05 -0.000264124 0.018799 -0.00926549 4.29326e-05 -1.2812e-05 0.00181827 -3.22985e-05 -0.000126317 -0.00155751 -3.66537e-05 0.0161685 0.00225907 -0.00557732 -0.000101723 0.0159737 -5.61273e-06 7.42515e-05 -6.64811e-06 0.00121173 2.03812e-05 1.02707e-05 -0.00109654 -0.0192385 0.00365624 0.000947679 -0.0149206 0.00024726 0.0156816 -0.00253337 0.000153906 0.000131256 -0.000902203 0.0121791 0.00130658 
0.0034512 0.0883207 -0.00022007 0.000287999 0.0505805 -0.000412673 0.031047 0.00531042 0.0346423 -0.00145641 0.0544299 0.0140507 -0.0134085 -0.0374049 -0.0388733 0.00478948 -0.000247111 -0.0113493 -0.0135312 0.0171647 -0.0481627 0.000825501 -0.0322948 0.0333687 0.00178978 -0.0266508 -0.00193716 -0.00119656 0.0137184 0.00033817 -0.0404423 -0.0143596 -1.06917e-05 -0.00187789 -6.11142e-05 0.00165138 -5.98459e-05 0.0319072 0.00147066 0.00186917 0.000263773 -0.000170973 0.00298054 9.27598e-05 -6.48138e-05 -0.00200674 -0.000106795 -0.00574559 -0.00273048 0.00205821 0.000885839 -0.00208525 -0.0429835 -0.026621 -0.000158283 0.00040154 -0.0018574 -0.0547752 0.00377209 -9.80588e-05 0.000313594 -2.6687e-05 -0.00158872 0.000671464 1.78855e-05 0.000811519 -0.000561089 0.0414851 0.00267882 2.8734e-06 0.000560694 0.00664738 0.000189732 -0.0030498 -0.00422983 -7.04466e-06 -0.00571609 0.0100779 -0.0148879 -0.000569128 0.0147007 -8.53081e-05 -0.000108811 0.000122917 -0.00106103 0.000600437 8.63463e-05 0.0348566 -0.0196417 -0.000200787 -0.000340912 -0.0408316 -0.000329316 0.0187883 -0.00615746 0.00306296 9.25361e-05 -0.00669901 -0.00760385 -0.00017926 
-2.24432e-05 -0.00022007 0.00279509 -2.2938e-05 -0.00062173 0.000948145 0.000358056 9.08783e-06 0.000493124 -5.14423e-06 -0.00023824 -0.000287399 8.02911e-05 0.000497356 0.000787718 -4.16289e-06 0.000297416 -0.000777236 0.00158243 -9.76452e-05 0.00101613 -0.00181046 -0.00173398 -0.00118809 0.000966277 -0.00154999 8.95685e-05 2.04903e-05 -0.000748988 1.19412e-05 -0.00155386 0.00167048 -3.33973e-07 -8.32329e-05 2.74873e-05 0.000162287 1.96125e-05 -0.000402201 0.00107648 4.36765e-05 5.09355e-05 3.31624e-05 -7.51284e-06 0.000143653 0.000132968 0.000120009 5.34328e-05 -0.00016055 0.000517622 1.11144e-05 -7.09036e-06 -1.12328e-05 0.000121914 0.000196853 4.97525e-06 2.09191e-05 -0.000314911 0.00014423 0.00028815 0.000435634 -1.75526e-06 9.94409e-06 4.54425e-05 2.79711e-06 2.632e-05 1.8061e-05 -1.04816e-05 -0.000702425 -0.00179189 2.58221e-05 1.47734e-06 0.000575998 -1.58121e-06 0.000319461 -0.000115531 -9.66927e-07 0.000323794 -6.10498e-05 3.52492e-05 0.000313285 -0.000843956 9.50862e-06 5.90585e-05 6.32653e-06 2.94082e-06 8.69134e-05 3.62542e-06 -0.000285349 -0.00168817 2.10013e-05 2.73859e-05 0.000399243 4.58002e-06 -0.000105996 4.29222e-05 6.23108e-06 3.00921e-05 -0.000145539 2.69256e-06 -4.76837e-06 
-0.000351367 0.000287999 -2.2938e-05 0.0113959 -0.00298736 -8.3918e-05 -0.00124626 0.000559904 -0.000393949 -0.000195256 -0.000815463 0.00246924 -0.00138489 -0.00384864 0.00194738 0.00076919 -3.38039e-08 -0.0057537 -0.00145362 0.00119979 0.00344115 -0.00465696 -0.000869066 0.000644186 9.96491e-05 -0.000789314 -0.00020603 0.000227367 -0.00156959 -1.36543e-05 -0.00139571 -0.000975461 6.01465e-06 -0.000329898 3.33689e-06 4.56802e-05 3.66813e-05 -0.000591448 -0.000117792 -1.35047e-05 0.000193941 1.41091e-05 0.00128575 7.95349e-05 -5.59831e-06 0.000427899 1.56459e-05 0.00269073 0.00246519 0.000184599 7.6325e-05 -0.000318099 -0.00146539 -0.00160777 -6.18229e-06 1.35703e-05 0.000499417 -0.000293419 -3.29805e-05 -4.37684e-06 4.74539e-05 0.000450204 0.00290636 0.000474219 9.36422e-06 0.000228256 0.000749957 -0.00395504 -0.00214132 4.61734e-05 -4.54145e-05 -6.9512e-05 6.4464e-06 0.00267238 0.00129452 5.03503e-05 -5.19556e-05 0.00139048 -0.00165076 -2.95616e-05 -0.00234825 7.31339e-05 0.000495041 2.45956e-05 0.00661378 1.12709e-05 -2.35936e-06 -0.00119649 -0.00255755 -3.8161e-05 0.00057572 0.00212628 9.27322e-05 -0.000722926 -0.000748372 -5.85464e-05 0.000122587 -0.000937894 -0.00116419 -2.35329e-05 
0.000827135 0.0505805 -0.00062173 -0.00298736 0.210763 -0.00203613 0.0577883 0.00211561 0.0250953 0.0158407 0.0525493 -0.0174458 -0.0464736 -0.116133 -0.126981 0.00122049 -0.00136663 0.0335004 -0.0464714 0.000902472 -0.153299 0.0232147 -0.0220579 0.126817 -0.0048601 0.0349645 -0.0181511 0.00583897 0.0580309 0.000268066 -0.0042482 -0.0445592 -3.47807e-05 0.00730437 -0.000187865 0.00217811 -6.02116e-06 0.120138 -0.000949444 0.00147418 -7.131e-05 -0.000532437 -0.00337286 -0.000921232 -0.000143252 -0.0072788 -0.000386072 -0.0188423 -0.0082615 0.00061676 0.00133386 0.0177477 -0.132041 -0.0863849 -0.000438817 0.000150702 0.0383475 -0.0989368 0.00262987 -0.000319669 -0.000138497 -0.00059211 -0.00937962 -0.00024184 7.38211e-06 -3.10872e-05 -0.00206183 0.127328 0.0167329 -0.000115477 0.00127948 0.0051045 0.00126074 -0.0109275 -0.0121133 0.000415876 -0.0253566 0.0217575 -0.0433276 -0.00160164 0.0942183 -0.000349417 -0.000369436 2.23169e-05 -0.00434493 0.000244036 -1.69587e-05 0.0731316 -0.00870075 -0.000686347 -0.00135216 -0.126772 -0.000917055 0.0228924 -0.0150155 0.00274546 0.000322142 -0.0209142 -0.00748871 -8.5146e-05 
-0.000313373 -0.000412673 0.000948145 -8.3918e-05 -0.00203613 0.0110973 5.36443e-05 0.000241165 0.000128125 -0.000408948 -0.00110481 -0.00195006 -0.000425285 0.00513225 0.00246403 0.00143204 0.000509641 -0.00232148 0.00151845 0.000297349 0.00368791 -0.00408559 -0.00186191 -0.00506573 0.00187786 -0.00172847 -0.00116611 -0.000164655 -0.00403778 3.00821e-05 -0.00433882 0.00506045 2.50564e-06 -0.000320246 7.8112e-05 0.000887018 4.95556e-05 -0.00120579 0.00211347 0.000218652 2.2994e-05 0.000170633 -9.65361e-05 -1.56668e-05 6.47262e-05 3.24448e-05 0.000174891 -0.000614605 9.87712e-05 8.09566e-05 -4.19793e-05 -0.000200229 0.00280657 0.003174 0.000109691 0.000226653 -0.00114955 0.00251368 0.00175111 0.000482108 -8.61697e-06 -1.59975e-06 -0.000278748 -3.85335e-06 0.0001102 0.000297676 -7.74991e-05 -0.00408392 -0.00653456 3.39004e-05 0.000103106 0.000589196 -1.64313e-05 -0.000299827 0.000270526 -1.37096e-05 -0.000520457 -0.000333835 0.00126766 0.000203165 -0.00451862 5.6142e-06 -4.54882e-06 1.45651e-05 -0.000193293 9.61315e-05 7.25012e-06 -0.00137196 -4.23339e-05 -7.39366e-05 -4.20108e-05 0.00418033 8.47384e-06 -0.000656192 0.000353507 0.000212597 1.15867e-05 -0.00143489 -0.00164489 3.56136e-06 
0.00659999 0.031047 0.000358056 -0.00124626 0.0577883 5.36443e-05 0.102951 0.00543257 0.0180623 0.0149618 0.0359866 0.0137028 -0.015112 -0.0412389 -0.0442417 -0.01169 -0.000515707 0.0053794 -0.0144372 -0.00457053 -0.0531843 -0.00480949 -0.0377933 0.0428918 0.000984225 -0.00380203 -0.00638791 0.00979622 0.0157877 0.000812084 -0.00657531 -0.0144733 -7.64726e-06 0.000106584 -6.43572e-05 0.00268845 1.69134e-05 0.0274245 -0.000482807 0.000545172 0.000213518 6.4652e-06 0.00331667 -0.000140474 0.000287487 -0.00245958 -9.44535e-05 -0.00619367 -0.00210342 0.00125125 1.24516e-06 0.0146497 -0.0532723 -0.0301394 -0.000286333 0.000361148 -0.00174645 -0.056096 0.00365555 -6.34106e-05 -9.75361e-06 0.000198101 -0.00284444 5.73254e-06 0.000202066 0.000541587 -0.000793388 0.0498916 -0.0224437 -3.47525e-05 0.00234543 0.00380852 0.000401809 -0.00259252 -0.00425049 0.000619677 -0.00395959 0.00952988 -0.0169792 -0.000300231 0.0242791 0.000448312 0.000345359 3.70521e-05 -0.00145213 7.72833e-05 -7.85983e-06 0.00947368 -0.0367711 0.000592853 -0.000385296 -0.0441863 -0.000101944 0.0321693 -0.000592118 0.00307654 0.000180959 -0.0137676 0.00928076 7.51608e-05 
-1.49479e-05 0.00531042 9.08783e-06 0.000559904 0.00211561 0.000241165 0.00543257 0.022629 0.00252935 0.000652501 0.00352245 0.00481094 0.000272988 -0.00431426 -0.00556447 -0.00614985 -2.77199e-05 -0.00574151 0.000450875 0.00181259 -0.00457938 0.00116338 -0.00660882 0.00179056 0.00466124 -0.00246673 -0.000184246 6.81563e-05 0.00171828 4.60306e-05 -0.00310275 -0.00285806 6.12824e-05 -0.000554037 -1.08107e-05 0.000894871 -1.8876e-05 0.00125508 -0.00017341 0.000404101 7.8162e-06 0.000169194 0.000146518 -1.3063e-05 -4.50469e-06 0.000524986 0.000394735 0.00250195 -0.000341467 0.000326068 0.000123812 0.000379368 -0.00616489 -0.00425858 0.00104644 5.66908e-05 -0.000856018 -0.0063471 0.000561067 -5.05686e-06 -1.98919e-06 0.000118226 0.000896091 0.000180293 -1.00133e-05 0.000476598 3.85501e-05 0.00320473 -0.000189889 -4.51254e-06 0.000290709 0.000516295 0.000100446 -0.000649233 0.00316395 2.0246e-05 0.000627312 0.000365097 -0.000807557 -0.000124324 -0.000971779 1.59885e-05 -3.03651e-05 5.45342e-05 0.000299135 -1.03257e-05 -5.04785e-06 -0.00171672 -0.00925258 -8.27944e-05 -5.8383e-05 -0.00654731 4.92742e-05 0.00291354 -0.000562192 0.000119345 0.00011317 -0.00253289 0.00173575 -3.19553e-05 
0.00287607 0.0346423 0.000493124 -0.000393949 0.0250953 0.000128125 0.0180623 0.00252935 0.0466895 0.000937896 0.0333508 -0.00118463 -0.00756436 -0.0174126 -0.0177825 0.000922796 0.000184268 -0.0169766 -0.00529974 0.0140819 -0.0230907 -0.000276821 -0.0255611 0.0150957 0.000313888 -0.0267212 -0.00311758 -0.00036288 -0.00310544 0.00016708 -0.0260041 -0.00443252 4.26619e-06 -0.00133712 -2.41428e-05 0.00111183 -3.25464e-05 0.026596 0.00285886 0.00142806 0.000284217 1.7256e-05 0.0012773 0.00019119 5.19157e-05 -0.00083608 -4.62424e-05 -0.00241628 -0.00103474 0.000727584 0.000441588 -0.00154158 -0.0244165 -0.0121011 -6.02754e-05 0.00035587 -0.00292044 -0.0243691 0.00297531 0.000163856 0.000145774 -5.39708e-05 0.000714142 0.000105174 3.33652e-06 8.57573e-05 -0.000336915 0.0223623 0.00153543 3.26937e-05 0.000555323 0.00659182 2.58592e-05 -0.00129006 -0.00223414 -4.19675e-06 -0.00153606 0.00127992 -0.0073363 3.21433e-05 0.00763254 -5.35877e-05 -2.0668e-05 -1.02092e-05 -0.000618373 0.000638377 4.01541e-05 0.0230561 -0.0200425 -0.000176773 -0.000145183 -0.0189829 -0.00016607 0.0166529 -0.00345669 0.00172372 8.5147e-05 -0.00655239 -0.0038208 -9.34648e-05 
-0.000908733 -0.00145641 -5.14423e-06 -0.000195256 0.0158407 -0.000408948 0.0149618 0.000652501 0.000937896 0.0445504 -0.00155558 0.00465261 -0.00692775 -0.0181979 -0.0185451 -0.00671378 -0.000197577 0.00493731 -0.00662942 -0.00407159 -0.0241134 0.00147076 -0.0012671 0.017724 0.00247793 0.0126958 -0.00540359 0.0105935 0.0105016 0.000276112 0.00501087 -0.00656261 -3.27469e-06 -0.00115366 -2.77778e-05 -4.25123e-06 -4.26914e-05 0.00835144 -0.00076492 0.000167041 4.73031e-05 1.41618e-05 -0.000324441 -7.45482e-06 0.00016095 -0.00142019 0.000138442 0.000365163 -0.00119502 3.35493e-05 -0.000112936 0.0107691 -0.0222942 -0.0135155 -0.000123283 -4.28891e-05 0.00430973 -0.0104167 -0.000149745 -2.58266e-05 -2.12394e-05 1.33602e-05 -0.0011579 6.09295e-05 -3.1918e-05 -9.47742e-05 -0.000197047 0.0192619 -0.00292851 -2.84728e-06 0.000247223 -0.000156198 0.000434188 -0.000340711 -0.00119802 0.000569958 -0.000435577 -0.000876602 -0.00601909 -0.000237469 0.00773787 3.92329e-05 0.000544593 0.000143649 0.000110482 -4.7362e-05 -1.82232e-05 -0.0004125 -0.0156433 4.56691e-05 0.000260312 -0.0183179 -0.000154598 0.000462936 -0.002628 -5.09478e-05 8.06847e-05 -0.00476358 0.00888089 -1.55048e-05 
0.0128529 0.0544299 -0.00023824 -0.000815463 0.0525493 -0.00110481 0.0359866 0.00352245 0.0333508 -0.00155558 0.0935803 0.0149652 -0.0178454 -0.0419992 -0.0442508 -0.0134119 -0.000394832 -0.00986916 -0.0164808 0.0107638 -0.0552414 -0.00138072 -0.0371195 0.0463672 -0.00117379 -0.0203438 -0.00281126 -0.00103832 0.0154431 7.83699e-05 -0.0347027 -0.0154936 -1.58805e-05 -0.000843621 -6.52134e-05 0.000556666 -5.35905e-05 0.0352515 0.000531992 0.001227 0.000435042 -0.000156495 0.00769898 -0.000153748 -3.52614e-05 -0.00311439 -0.000173337 -0.00635222 -0.00295732 0.00116587 0.000918109 -0.00211824 -0.053706 -0.0314227 -0.00029286 0.000230909 -0.00231752 -0.059217 0.00200238 -0.000113797 0.000120432 -0.000202868 -0.00275854 0.000347887 7.39388e-05 -0.000207628 -0.000794748 0.0551815 0.00133512 -3.2842e-05 0.00112771 0.00596674 0.000479155 -0.0029254 -0.0042524 -5.70497e-06 0.00514918 0.0100101 -0.0162627 -0.000595605 0.0222795 -0.000121798 -0.000197672 -7.02391e-06 -0.000490294 0.000456526 1.03382e-05 0.0381327 -0.0321242 0.00174982 -2.02919e-06 -0.0449251 1.10952e-05 0.0270678 -0.00429736 0.00229038 0.00015841 -0.0109944 0.00586474 -0.00014258 
0.0150224 0.0140507 -0.000287399 0.00246924 -0.0174458 -0.00195006 0.0137028 0.00481094 -0.00118463 0.00465261 0.0149652 0.173731 -0.0337829 -0.0696835 -0.0756851 -0.100206 -0.000885633 0.00737697 -0.035024 -0.0184045 -0.0329269 -0.0398893 -0.0135858 0.0764929 0.00464424 0.0560694 0.0451734 0.00241473 0.0983455 0.000181454 0.00838731 -0.0156979 -1.25849e-05 0.00305632 -0.000105606 -0.000462606 -8.99465e-05 -0.0230113 -0.00285503 -0.000609528 0.000627878 -9.22811e-05 0.0100785 0.000634029 -0.00018795 -0.00509862 -0.000148918 -0.0106569 -0.00467064 0.00137136 -0.000557787 -0.00558506 -0.091496 -0.0399545 -0.000512647 -0.000128239 -0.00327202 -0.0852704 -6.20446e-05 -0.000214145 6.6894e-05 -0.000104623 -0.00483028 0.000704399 0.000226793 -0.000356549 -0.00147379 0.0886594 -0.0157669 -1.39985e-05 0.000110795 -0.00108797 -0.000286358 0.0230621 -0.0023665 -0.000233022 0.0643664 -0.000851438 -0.0319213 -0.00123897 0.0894228 0.000781835 0.000316866 0.000173483 0.00565149 -0.000229619 -7.34156e-05 -0.0193792 -0.0800667 0.00321213 0.00249258 -0.0726711 -0.000932268 0.0117476 0.000773261 0.00127966 -0.000185337 0.0267297 0.0877059 2.06526e-05 
-0.00549555 -0.0134085 8.02911e-05 -0.00138489 -0.0464736 -0.000425285 -0.015112 0.000272988 -0.00756436 -0.00692775 -0.0178454 -0.0337829 0.142184 0.0361236 0.0830599 0.0365276 0.000320987 -0.0310775 0.0911038 0.00796798 0.0579313 0.0141879 0.0105964 -0.0655953 -0.000200879 -0.0928474 -0.0219611 -0.00314336 -0.0520174 -0.000174836 0.0125682 -0.0102184 -1.9143e-05 -0.0046255 -5.41295e-05 -0.000380396 0.000131706 -0.0287574 -0.00184431 -0.000235798 -0.000211492 -0.000245662 -0.00220665 -0.000376401 0.000175253 0.00271969 -0.00015269 0.0398694 0.00588064 -0.000274002 -0.000356585 -0.00588202 0.0706195 -0.0310933 -0.000291083 -0.000209385 -0.0144925 0.0624474 -0.000919612 -0.000125357 0.000159766 0.000942501 0.00792655 -0.000135435 5.96516e-05 0.000321721 0.00351246 -0.0657724 0.0266396 6.77704e-06 -0.000911934 -0.00168881 -0.0003402 -0.00521946 -0.0075824 6.41419e-06 -0.0156069 -0.00603655 -0.0197162 0.00199678 -0.0655413 -0.000221633 -7.31037e-05 9.60628e-05 0.0015606 -9.07996e-05 0.000153025 -0.0187784 0.00750942 -0.00109559 -0.000498936 0.0489841 0.00219616 -0.0107042 -0.0115273 -0.000855531 -0.000105246 -0.000657807 -0.0250785 -0.000191461 
-0.0143275 -0.0374049 0.000497356 -0.00384864 -0.116133 0.00513225 -0.0412389 -0.00431426 -0.0174126 -0.0181979 -0.0419992 -0.0696835 0.0361236 0.241221 0.170403 0.0555471 0.00193323 -0.0310733 0.0500602 0.00864146 0.158776 0.0108262 0.0179309 -0.181463 0.000861535 -0.0668208 -0.0624237 -0.00759367 -0.146363 -0.000500483 -0.017529 0.0738063 5.37364e-05 -0.0126177 0.000259516 -0.000888389 0.000126195 -0.0748388 0.00579406 -0.000809878 -0.000484779 0.000851641 -0.00603653 -0.000959561 -0.000129121 0.0083272 0.00031713 0.0110473 0.00425674 -0.00104275 -0.00114773 -0.0140432 0.160522 0.143895 0.00115118 0.000212198 -0.0482722 0.135561 -0.000600813 0.000542776 -0.000156714 -0.000412319 -0.00193052 -0.000428169 -9.50197e-05 -0.000443879 -0.00113784 -0.164862 -0.0234514 9.60874e-06 0.000148967 -0.00282895 -0.000712294 -0.0133111 0.0196358 -0.000599197 -0.0357159 -0.0231013 0.0743218 0.0021031 -0.172875 -0.000582349 -0.000874428 -0.000341842 -0.00863325 -7.19542e-05 -2.13327e-05 -0.045781 0.0646157 -0.00288276 -0.00184913 0.184281 -7.17935e-05 -0.0245784 0.0265028 -0.00176102 -0.000300253 -0.0429828 -0.0624864 -0.000819213 
-0.0139021 -0.0388733 0.000787718 0.00194738 -0.126981 0.00246403 -0.0442417 -0.00556447 -0.0177825 -0.0185451 -0.0442508 -0.0756851 0.0830599 0.170403 0.244688 0.0843962 0.00205424 -0.0541041 0.0857059 0.0111011 0.175068 0.00548441 0.0182556 -0.186835 -0.00107014 -0.112103 -0.0668954 -0.008185 -0.159245 -0.000545147 -0.00969269 0.0576694 -4.59836e-05 -0.0133395 0.000248151 -0.00134215 3.07452e-06 -0.0778941 0.00387563 -0.000968122 -0.000481922 -0.000182001 -0.00518573 -0.00101376 -5.81382e-05 0.00509575 -0.000135215 0.0329857 0.0112708 -0.00105485 -0.00100396 -0.0143177 0.17497 0.107406 -0.000748683 -0.000142781 -0.0449102 0.163612 -0.00142413 0.000567019 -0.000309674 0.000292623 0.0135864 -0.000485939 -0.000150366 0.000107398 0.00378628 -0.173896 0.0125413 0.000122448 -0.00165385 -0.00281556 -0.000838002 -0.0117809 -0.00703362 -0.000509815 -0.0354155 -0.0193642 0.0503515 0.00260429 -0.18025 -0.000618484 -1.57576e-05 -0.000225296 0.000254745 4.90879e-05 7.10247e-05 -0.0485135 0.0521349 -0.00302844 -0.000852661 0.191935 0.00216398 -0.0241293 -0.00665795 -0.0021794 -0.000185312 -0.037976 -0.0646879 -0.000797466 
-0.0117779 0.00478948 -4.16289e-06 0.00076919 0.00122049 0.00143204 -0.01169 -0.00614985 0.000922796 -0.00671378 -0.0134119 -0.100206 0.0365276 0.0555471 0.0843962 0.195472 0.000351256 -0.0260026 0.0384422 0.0305642 0.0401921 0.0223402 0.00609619 -0.0716081 -0.00199509 -0.0714137 -0.0341979 -0.00585979 -0.0833055 -0.000328944 -0.0289465 0.00864057 3.26002e-06 -0.00865957 -0.000163499 0.000201395 8.20318e-05 0.00871296 0.00214884 0.000175698 -0.000238986 -0.00112366 -0.00734878 -0.00102553 0.00011098 -0.00602585 -0.000263173 0.0116842 0.00368257 -7.1322e-05 0.000739483 0.00436936 0.07365 0.0229966 5.63893e-05 -0.000265687 -0.00265316 0.0743177 0.00097266 0.000183626 -0.000278496 -8.70083e-05 0.00556165 -0.000242784 -0.00018576 0.000504783 0.0015149 -0.0846599 0.0299158 -4.20789e-06 -2.23663e-05 0.000679648 -0.000279116 -0.0233037 -0.0154854 0.000320235 -0.0582122 -0.00114114 0.0204781 0.000893945 -0.0827927 -0.000869172 -0.000291716 -9.85436e-05 -0.00576154 0.000303901 4.94639e-05 0.00423819 0.0764299 -0.00467193 -0.00244142 0.0604613 -0.000376902 -0.0096433 -0.0332256 0.001292 2.56003e-05 -0.0118581 -0.0968197 -0.000257689 
9.18302e-05 -0.000247111 0.000297416 -3.38039e-08 -0.00136663 0.000509641 -0.000515707 -2.77199e-05 0.000184268 -0.000197577 -0.000394832 -0.000885633 0.000320987 0.00193323 0.00205424 0.000351256 0.00474965 -0.00156471 0.00255751 0.00155089 0.00177647 -0.00189327 -0.00105429 -0.00202955 0.00105918 -0.00190157 0.00062963 -8.21863e-05 -0.00154453 6.28857e-05 -0.00276389 0.00115498 1.28209e-06 -0.000145424 2.60311e-05 -8.14006e-06 6.63604e-05 -0.000887426 0.000753159 -8.25942e-06 -9.27419e-08 -7.91313e-06 4.03149e-05 6.7077e-05 2.6033e-05 -4.38703e-05 1.61312e-05 -0.000114483 1.37921e-05 -1.13295e-05 -1.38787e-05 -0.000119013 0.00136694 0.00102793 4.11949e-05 1.56557e-05 -0.000558922 0.000632524 8.14527e-05 0.000235056 1.99009e-06 -9.46755e-06 -0.000100567 -4.97166e-06 -3.49658e-06 -5.18264e-06 7.74847e-05 -0.00163017 -0.00107667 5.26526e-05 -1.3179e-05 0.000266201 -9.42527e-06 8.19342e-05 7.60399e-05 5.28906e-07 0.000335587 -0.000315512 2.09807e-05 0.000218716 -0.00178746 5.72391e-07 9.62444e-06 -2.09134e-06 -6.49492e-05 8.16445e-05 1.08607e-05 -0.000420204 -6.39648e-05 4.45444e-06 4.40959e-05 -4.39714e-05 0.000185627 -0.0001591 -0.000182457 3.82004e-05 2.53002e-06 -0.000419813 -0.000495925 -8.15544e-06 
-0.00584885 -0.0113493 -0.000777236 -0.0057537 0.0335004 -0.00232148 0.0053794 -0.00574151 -0.0169766 0.00493731 -0.00986916 0.00737697 -0.0310775 -0.0310733 -0.0541041 -0.0260026 -0.00156471 0.157169 -0.0445907 -0.0522464 -0.0453448 0.00893812 0.0175966 0.0468852 -0.0027366 0.0671829 0.00970996 0.00186621 0.0442032 -0.000638031 0.0305214 -0.0302818 -8.35471e-05 0.00435585 -0.000195762 -0.00188959 -0.000236176 0.00998976 -0.00594694 -0.00195771 -0.000588961 -0.000570631 -0.00543701 -0.000426387 -0.000537718 -0.0126894 -6.8055e-05 -0.0391953 -0.0148567 -0.000804793 -0.000667211 0.004563 -0.0260415 -0.0101713 -0.0011012 -0.000695345 0.017555 -0.0273806 -0.00362017 -0.000618726 -0.000182426 -0.000754168 -0.0116817 -0.00075019 -0.000128079 -0.00192482 -0.00342633 0.0412517 0.0109577 -0.000267665 -0.000913722 -0.00278693 0.000271692 0.00435926 -0.00248737 3.13087e-06 0.00274189 -0.00764758 0.00340317 -0.00106735 0.0477385 6.38809e-05 -0.000730809 -0.000107418 -0.00765219 -0.000804036 -0.000218335 0.00287125 0.0135233 -0.000807499 -0.00122375 -0.0362856 -0.00412648 -0.0114702 0.00376429 -0.000553148 -0.000317531 0.00886179 0.0208268 2.5369e-05 
-0.00550745 -0.0135312 0.00158243 -0.00145362 -0.0464714 0.00151845 -0.0144372 0.000450875 -0.00529974 -0.00662942 -0.0164808 -0.035024 0.0911038 0.0500602 0.0857059 0.0384422 0.00255751 -0.0445907 0.134457 0.0186053 0.0641811 0.0051884 0.00288302 -0.0727671 0.00256846 -0.0979434 -0.0217152 -0.00308609 -0.0593164 -9.47025e-05 -0.0116678 0.00968535 4.72142e-05 -0.00477995 0.000141838 -0.00014818 0.000453677 -0.0282112 0.00681986 -0.000122677 -0.000155638 -0.000156005 -0.00266514 -0.00030783 0.000798497 0.00174104 -6.83211e-06 0.0387807 0.00645619 -0.000415239 -1.19354e-05 -0.00539025 0.0649674 0.0005514 0.000160394 -1.40075e-05 -0.0185298 0.061904 5.12295e-05 0.000770908 -8.42511e-05 -3.02881e-05 0.00358927 -0.000209694 3.29983e-06 0.000245925 0.00333022 -0.0652601 0.0111433 0.000139743 -0.000338716 -0.000237465 -0.000312433 -0.00440013 -0.00702174 -0.000113993 -0.0139006 -0.00849317 -0.0121459 0.00344347 -0.0682983 -0.000220275 1.23635e-05 -0.000102558 -0.0015107 0.000362337 0.000147401 -0.0174742 0.00536861 -0.00112644 -0.000695366 0.0418691 0.00332389 -0.00985722 -0.00977529 -0.000736925 -4.35656e-05 -0.0015277 -0.0244609 -0.000304655 
-0.00339364 0.0171647 -9.76452e-05 0.00119979 0.000902472 0.000297349 -0.00457053 0.00181259 0.0140819 -0.00407159 0.0107638 -0.0184045 0.00796798 0.00864146 0.0111011 0.0305642 0.00155089 -0.0522464 0.0186053 0.108139 0.0101661 0.00345942 -0.00583331 -0.0229399 0.00257529 -0.0417468 0.00730393 -0.00227276 -0.0149644 0.000141304 -0.0506796 0.000407817 6.71512e-05 -0.000668452 -4.92248e-05 0.00143228 0.000222197 -0.000951677 0.00632238 0.00129889 3.09449e-05 -0.000107902 -0.000709641 0.0003048 8.3127e-05 0.00330129 0.000106421 0.00596005 0.00330504 0.00038091 0.000360704 -0.00390146 0.00761154 0.00296213 0.000949947 0.000411082 -0.00517655 0.00328908 0.00252215 0.000124301 0.000164438 -3.1445e-05 0.00477016 8.14756e-05 -8.47373e-05 0.00166813 0.00163184 -0.0227892 -0.00589752 7.72844e-05 0.00113278 0.00336633 -0.000238385 -0.00363417 0.00291605 0.000190604 -0.0106168 -0.00451251 0.00128452 0.000201168 -0.0250785 -0.000107615 -0.000224652 -2.86306e-05 -0.00201219 0.000693824 0.000105064 0.0124404 0.0111055 -0.000764918 -0.00040935 -0.00171533 0.000251423 -0.00209842 -0.00619495 0.000982022 4.3969e-05 -0.00368121 -0.0179129 -0.000180328 
-0.0127551 -0.0481627 0.00101613 0.00344115 -0.153299 0.00368791 -0.0531843 -0.00457938 -0.0230907 -0.0241134 -0.0552414 -0.0329269 0.0579313 0.158776 0.175068 0.0401921 0.00177647 -0.0453448 0.0641811 0.0101661 0.244292 -0.0122409 0.0237979 -0.183661 0.002383 -0.0737994 -0.040668 -0.0106676 -0.136073 -0.000583901 -0.00440034 0.0614303 1.39514e-05 -0.0170997 0.000249371 -0.00118957 0.000277314 -0.0967024 0.00427657 -0.00138363 -0.000410053 0.00035843 -0.00529403 -0.000979568 2.13167e-05 0.0110258 0.000382519 0.0256732 0.0112046 -0.00131029 -0.0011962 -0.0150127 0.155681 0.115251 0.000716227 8.42254e-05 -0.0471105 0.13292 -0.00157172 0.000436094 -0.000392819 3.45407e-05 0.0130395 -0.000389621 -0.000111811 0.00037071 0.00291011 -0.159377 -0.0274613 0.000122112 -0.00161407 -0.00390136 -0.00106807 0.000696446 0.0152978 -0.00064309 -0.00590984 -0.019837 0.0547084 0.00242573 -0.155891 -0.000659775 -0.000159757 -0.000360154 0.0015576 -0.000116155 2.49897e-05 -0.0651379 0.0371802 -0.00306209 0.000714768 0.173515 0.00183704 -0.0232352 0.0163511 -0.00272916 -0.000259858 -0.0127169 -0.0380488 -0.000361585 
-0.00840795 0.000825501 -0.00181046 -0.00465696 0.0232147 -0.00408559 -0.00480949 0.00116338 -0.000276821 0.00147076 -0.00138072 -0.0398893 0.0141879 0.0108262 0.00548441 0.0223402 -0.00189327 0.00893812 0.0051884 0.00345942 -0.0122409 0.0922682 0.0204327 -0.0158645 -0.00644495 -0.0123236 -0.0368617 -0.00256079 -0.0219781 -0.00078809 0.0198654 -0.0188998 -9.60108e-06 -0.00317518 -0.000252419 -8.51439e-05 -0.000102799 0.013443 -0.00732282 0.000153757 -0.000687784 -4.07026e-05 -0.0106328 -0.00249583 -0.000136218 -0.001671 -0.000243181 0.00472786 -0.00241163 -0.0015744 0.000123021 -0.00170882 0.0211215 0.00426429 0.000190784 -2.66574e-05 0.00530781 0.0279297 -0.00157628 -0.000881211 -0.000143667 -0.000861098 -0.00321268 -0.000810487 -0.000194346 -0.000123379 0.000370305 -0.0130512 0.0441401 -0.000263924 -0.000657669 -0.00127137 9.12771e-05 -0.0214406 0.000934242 -0.000255359 -0.0343138 -0.00556947 -0.00530618 -0.000360739 -0.0183769 -0.00119661 -0.000937743 -0.000215563 -0.00909562 -0.000414873 -6.18531e-05 0.00792604 0.0380053 -0.00335444 -0.00262042 0.0115999 -0.000705651 -0.0105617 -0.00144155 -0.00158954 -0.00011206 -0.0101416 -0.0306388 -0.000485764 
-0.0138048 -0.0322948 -0.00173398 -0.000869066 -0.0220579 -0.00186191 -0.0377933 -0.00660882 -0.0255611 -0.0012671 -0.0371195 -0.0135858 0.0105964 0.0179309 0.0182556 0.00609619 -0.00105429 0.0175966 0.00288302 -0.00583331 0.0237979 0.0204327 0.0708781 -0.0191307 -0.0037015 0.021736 -0.00293755 -0.00281339 -0.00726695 -0.00120276 0.0244978 -0.00201671 -3.87323e-05 -0.0019657 -0.000271158 -0.00192676 -7.43043e-05 -0.0157366 -0.00622729 -0.000944671 -0.000831611 -0.000342339 -0.00868979 -0.00145986 -0.000482723 0.00111469 -0.000229625 0.00142541 -0.000691935 -0.0022761 -0.000548006 -0.000996392 0.0321387 0.0138249 -7.45712e-05 -0.000648062 0.00747726 0.0323683 -0.00496002 -0.000882726 -0.000185222 -0.000436325 -0.00142023 -0.000782788 -0.000353671 -0.000414015 0.000553096 -0.0261092 0.0238296 -0.000236772 -0.00228795 -0.00741194 -0.000313304 -0.00220307 0.000807549 -0.000185249 -0.00791236 -0.00385982 0.0059355 -0.000906519 -0.0130506 -0.00106596 -0.000961508 -0.000180079 -0.00399575 -0.000956501 -0.0001245 -0.0156419 0.0452779 -0.00212179 -0.00167862 0.0201524 -0.00128525 -0.0340971 0.00161615 -0.00362473 -0.000451831 0.00928147 -0.00527597 -0.00015914 
0.0135062 0.0333687 -0.00118809 0.000644186 0.126817 -0.00506573 0.0428918 0.00179056 0.0150957 0.017724 0.0463672 0.0764929 -0.0655953 -0.181463 -0.186835 -0.0716081 -0.00202955 0.0468852 -0.0727671 -0.0229399 -0.183661 -0.0158645 -0.0191307 0.249462 -0.00640481 0.0974 0.0592501 0.00799122 0.159035 -0.000188676 0.0166511 -0.0626456 -4.50582e-05 0.0146765 -0.000273364 -0.000658414 -0.000334989 0.0784638 -0.00433469 0.000226352 0.000420337 -0.000824298 0.00594211 -4.13088e-05 -0.000420063 -0.0104957 -0.000689917 -0.0268609 -0.0124161 0.000404454 0.000721368 0.0110578 -0.179594 -0.132366 -0.00121006 -0.000431047 0.0359675 -0.164403 -0.00161146 -0.000502455 -0.000247789 -0.000459741 -0.0104468 0.000217531 -5.79749e-05 -0.00123487 -0.00339381 0.186822 0.0120877 -0.000128071 1.56033e-05 0.00174568 0.000929315 0.016499 -0.0160529 0.000370622 0.0392337 0.0178794 -0.0674318 -0.00285191 0.182594 0.000618401 0.000283069 -0.000141456 0.00362517 3.06563e-05 -9.96511e-05 0.0512832 -0.0634491 0.00224799 0.00172937 -0.187149 -0.00264833 0.0209439 -0.0168496 0.000600483 0.000271072 0.0341067 0.0736825 0.000472758 
0.000299992 0.00178978 0.000966277 9.96491e-05 -0.0048601 0.00187786 0.000984225 0.00466124 0.000313888 0.00247793 -0.00117379 0.00464424 -0.000200879 0.000861535 -0.00107014 -0.00199509 0.00105918 -0.0027366 0.00256846 0.00257529 0.002383 -0.00644495 -0.0037015 -0.00640481 0.0303853 -0.00397984 0.00593101 0.000207185 0.00134117 0.000641674 -0.0113581 -0.000539181 1.47559e-05 -0.000517851 9.63067e-05 0.00122902 4.91516e-05 -0.00312862 0.00231061 0.000563754 1.36752e-05 -1.68125e-05 9.65099e-05 0.000594215 -2.20562e-05 -0.00040462 0.000866285 -0.00131059 -0.000493347 0.000643517 0.000125558 0.000541288 -0.00302873 -0.00272418 0.000873308 4.57021e-05 -0.00343957 -0.00516514 0.00227082 0.000486474 -9.34318e-06 0.000114527 -0.000160416 0.00013169 1.89739e-05 0.00117379 0.000204522 0.000645531 -0.0057944 9.14122e-06 -3.62418e-05 0.0015991 7.75739e-05 0.00115645 0.00107496 9.957e-05 0.00422629 -0.00118493 0.0019061 0.000302549 -0.00437545 6.60935e-05 -5.18632e-05 0.000289967 0.000204271 0.000131181 5.64187e-05 -0.00290299 -0.0071895 0.000286977 6.61684e-05 -0.00600971 0.000257069 -0.000682838 -0.00169926 0.0014348 -4.53524e-06 -0.00206302 0.00444952 7.92805e-06 
0.00210511 -0.0266508 -0.00154999 -0.000789314 0.0349645 -0.00172847 -0.00380203 -0.00246673 -0.0267212 0.0126958 -0.0203438 0.0560694 -0.0928474 -0.0668208 -0.112103 -0.0714137 -0.00190157 0.0671829 -0.0979434 -0.0417468 -0.0737994 -0.0123236 0.021736 0.0974 -0.00397984 0.226854 0.0402186 0.00567554 0.0931296 -0.000384519 0.0495194 -0.0329747 -5.79766e-06 0.00968923 -0.000205396 -0.00177891 -0.000356876 0.00947208 -0.00830672 -0.00153442 6.12336e-05 -4.5157e-05 0.000566646 -0.000156378 -0.000553598 -0.00326129 0.000154958 -0.0393014 -0.0122149 -0.00120691 -0.0012171 0.00717124 -0.0839677 -0.00684244 0.000212784 -0.000308022 0.0171444 -0.0719127 -0.00361476 -0.000710547 -0.000362665 -0.000816743 -0.0117474 -0.000105735 -9.6945e-05 -0.00147264 -0.00443718 0.0813872 -0.0188191 -0.00020561 0.00028441 -0.00564152 0.000521696 0.0110108 0.0148743 5.34387e-05 0.0269983 0.00449148 -0.0159696 -0.00356055 0.102296 0.000423195 8.52999e-05 -2.96918e-05 -0.00127707 -0.000818439 -0.000247706 6.40743e-05 -0.00489006 0.000994037 0.000968275 -0.0721626 -0.00349998 -0.00735741 0.0153721 -0.00212067 -0.000143434 0.024312 0.0488089 0.000605094 
0.00759559 -0.00193716 8.95685e-05 -0.00020603 -0.0181511 -0.00116611 -0.00638791 -0.000184246 -0.00311758 -0.00540359 -0.00281126 0.0451734 -0.0219611 -0.0624237 -0.0668954 -0.0341979 0.00062963 0.00970996 -0.0217152 0.00730393 -0.040668 -0.0368617 -0.00293755 0.0592501 0.00593101 0.0402186 0.146815 0.000214787 0.0892989 0.00023129 -0.00127078 -0.0183828 1.28138e-06 0.00863606 -9.71177e-05 -4.78351e-05 2.78935e-05 -0.0288683 -0.00108153 -0.000147684 0.000238901 -0.000295369 0.00671679 0.00225798 -7.49451e-05 -0.00538148 -2.28139e-05 -0.0112876 -0.0037717 -0.000309742 -0.000590297 -0.000213879 -0.0404274 -0.0487476 0.000294932 -0.000135301 -0.00199046 -0.0706461 -0.000335758 -0.000133491 0.000430423 -8.34571e-05 -0.00498332 -0.00018541 -9.22456e-05 0.000213462 -0.00121422 0.034055 -0.0209258 0.000117771 -0.000575009 -0.000725333 -0.000328632 0.0212479 -0.00728165 4.84002e-05 0.0496054 0.00441527 -0.0202107 -0.000884397 0.0836017 0.000882682 0.000362447 4.44238e-06 0.00171066 4.22232e-05 5.50317e-06 -0.00842425 -0.0361506 0.0036451 0.000959503 -0.0731243 -0.000743984 0.0084683 -0.00909189 -0.000515014 -0.000149438 0.0573608 0.0488139 0.000348651 
-8.54639e-05 -0.00119656 2.04903e-05 0.000227367 0.00583897 -0.000164655 0.00979622 6.81563e-05 -0.00036288 0.0105935 -0.00103832 0.00241473 -0.00314336 -0.00759367 -0.008185 -0.00585979 -8.21863e-05 0.00186621 -0.00308609 -0.00227276 -0.0106676 -0.00256079 -0.00281339 0.00799122 0.000207185 0.00567554 0.000214787 0.0190051 0.00280618 0.000105307 0.00201997 -0.00255692 3.64629e-06 0.00052346 -1.13716e-05 2.58284e-05 -7.45177e-06 0.00330011 -0.000355784 -8.38062e-06 0.000101951 2.17959e-05 0.000723577 0.000685539 8.09432e-05 -0.000441981 -4.87195e-06 -0.00120372 -0.000381663 4.17564e-05 -2.82274e-05 0.00661215 -0.0078897 -0.0055832 -4.79187e-05 -1.30555e-05 0.00236619 -0.00829419 -7.63647e-05 -1.77718e-05 8.20496e-05 0.000105283 -0.000640315 0.000194015 -6.05239e-06 -4.00388e-05 -0.000125256 0.00565189 -0.0067764 1.41057e-05 -3.33421e-05 -2.09643e-05 3.71324e-05 0.00172751 -0.000581462 0.000661762 -0.000429213 -0.000182284 -0.00219143 -0.00011366 0.00378193 0.000580704 0.000709065 0.000133729 0.000660043 -2.31032e-05 -6.60706e-06 -0.0012079 -0.00433611 0.000212907 0.000571083 -0.008018 -9.65948e-05 0.00071892 0.000746554 -0.000112971 2.18548e-05 -0.00247438 0.00352608 -2.32743e-05 
0.0110315 0.0137184 -0.000748988 -0.00156959 0.0580309 -0.00403778 0.0157877 0.00171828 -0.00310544 0.0105016 0.0154431 0.0983455 -0.0520174 -0.146363 -0.159245 -0.0833055 -0.00154453 0.0442032 -0.0593164 -0.0149644 -0.136073 -0.0219781 -0.00726695 0.159035 0.00134117 0.0931296 0.0892989 0.00280618 0.235161 0.000473127 0.014986 -0.0515504 -5.21666e-05 0.0103623 -0.000230938 -0.00117421 -0.000174823 0.00706565 -0.00573464 -5.39656e-05 0.000660043 -0.000675136 0.00729825 0.00159526 -0.000243878 -0.00972512 -0.000510373 -0.0228304 -0.0102363 0.0008091 -0.00109911 -0.0025249 -0.12132 -0.108281 -0.000848026 -0.000440077 0.0390952 -0.131824 -0.00122715 -0.00041755 0.000424897 -9.90163e-05 -0.012557 0.000472098 4.03094e-05 -0.000329294 -0.00274481 0.134 0.00587615 -0.00010352 -0.00059258 -0.00320514 -0.000462405 0.0172487 -0.0136362 -0.000233326 0.0476008 0.00431488 -0.0501329 -0.00203449 0.188166 0.000743617 4.45062e-05 5.35884e-05 0.00157569 -0.000394092 -4.38289e-05 0.00248265 -0.0624257 0.00403429 0.00142127 -0.161604 -0.00122611 0.00145104 -0.0147538 0.000739165 -0.000303966 0.0627247 0.0837328 0.000548347 
0.00042997 0.00033817 1.19412e-05 -1.36543e-05 0.000268066 3.00821e-05 0.000812084 4.60306e-05 0.00016708 0.000276112 7.83699e-05 0.000181454 -0.000174836 -0.000500483 -0.000545147 -0.000328944 6.28857e-05 -0.000638031 -9.47025e-05 0.000141304 -0.000583901 -0.00078809 -0.00120276 -0.000188676 0.000641674 -0.000384519 0.00023129 0.000105307 0.000473127 0.00139377 -0.000758567 -9.25652e-05 5.82245e-07 0.000106241 3.88393e-06 0.000280869 6.52235e-05 -0.000112656 0.000177078 0.000238739 2.65001e-06 -2.32888e-06 5.49943e-05 0.00023387 6.94244e-05 8.50594e-05 5.25469e-06 -4.26333e-05 -2.14051e-05 0.000390556 1.13054e-05 7.25524e-05 -0.000738823 -0.000419182 5.28921e-06 -6.98786e-07 -0.000126519 -0.000764493 0.000351191 8.46547e-06 2.15103e-05 6.39634e-05 -4.04783e-05 7.20144e-05 8.43184e-05 0.000151718 -4.05121e-06 0.000184794 -0.000981762 7.02664e-06 7.26391e-06 0.000152708 1.74659e-05 -2.27149e-05 -5.82399e-05 5.1625e-06 0.000326335 0.000218828 -0.000116073 0.000199656 0.000228414 1.23661e-05 0.000103501 6.19555e-05 -1.78466e-06 1.2556e-05 2.18385e-05 -0.000134728 -0.00103496 0.00030895 6.89195e-06 -0.000593284 0.00047402 0.000233255 -5.8133e-05 0.000560903 2.46022e-06 -0.000168403 0.000303088 4.33167e-05 
-0.00154939 -0.0404423 -0.00155386 -0.00139571 -0.0042482 -0.00433882 -0.00657531 -0.00310275 -0.0260041 0.00501087 -0.0347027 0.00838731 0.0125682 -0.017529 -0.00969269 -0.0289465 -0.00276389 0.0305214 -0.0116678 -0.0506796 -0.00440034 0.0198654 0.0244978 0.0166511 -0.0113581 0.0495194 -0.00127078 0.00201997 0.014986 -0.000758567 0.129839 -0.0236985 -7.10438e-05 0.00236262 -0.000257834 -0.00198967 -0.000684141 -0.00401559 -0.0145448 -0.00176647 -0.000491838 8.44815e-05 -0.00331138 -0.00158142 -0.00021325 -0.00233523 -0.00042033 0.00630972 -0.00186301 -0.00192803 -0.00106714 0.00535041 -0.00713896 -0.0178347 -0.000868702 -0.000579723 0.00595641 0.0129593 -0.00536182 -0.000914658 -0.000352969 6.41949e-05 -0.000382919 -0.000590601 -0.000289557 -0.00156458 -0.000724245 0.00899611 0.0207078 -0.000143308 -0.000555813 -0.0077345 0.000185343 0.0017444 0.0017757 -1.74227e-05 0.00594923 0.00294943 -0.0331172 -0.00134335 0.026148 -8.36211e-05 0.000129904 -5.60543e-05 0.00148201 -0.00109099 -0.000189486 -0.0216951 -0.00352643 -0.000248766 0.000253487 0.00469447 -0.00107114 -0.0053806 -0.00414864 -0.00416722 -6.41187e-06 0.00668734 0.0154696 0.000273631 
-0.00479906 -0.0143596 0.00167048 -0.000975461 -0.0445592 0.00506045 -0.0144733 -0.00285806 -0.00443252 -0.00656261 -0.0154936 -0.0156979 -0.0102184 0.0738063 0.0576694 0.00864057 0.00115498 -0.0302818 0.00968535 0.000407817 0.0614303 -0.0188998 -0.00201671 -0.0626456 -0.000539181 -0.0329747 -0.0183828 -0.00255692 -0.0515504 -9.25652e-05 -0.0236985 0.127694 3.12008e-05 -0.00470412 0.000353393 -0.000256028 -3.39624e-05 -0.0287482 0.00813538 -0.000355863 -9.32117e-05 0.000885955 -0.00212778 9.81352e-05 0.000150408 0.00394281 2.85152e-05 -0.00334409 0.00163832 -0.000373629 -0.000560165 -0.00500657 0.0503979 0.0599738 0.000126166 8.22004e-05 -0.0181872 0.0436296 0.000862912 0.000854995 -0.000116324 -0.000241289 0.000137757 -0.000117723 5.11267e-05 -0.000272767 -0.00100531 -0.0561826 -0.0455562 0.000110958 0.000411543 0.000298119 -0.000295402 0.000724535 0.00415215 -0.000230361 -0.00492181 -0.00359374 0.0462453 0.00135897 -0.0581914 -0.00017919 -6.93206e-05 -0.000134664 -0.00175827 0.000238254 5.21412e-06 -0.0183331 0.0141842 -0.000956429 -0.000573082 0.0710258 0.000457255 -0.00758238 0.0211827 -0.000631641 -4.06165e-05 -0.0187115 -0.0171513 -0.000289546 
-5.48982e-06 -1.06917e-05 -3.33973e-07 6.01465e-06 -3.47807e-05 2.50564e-06 -7.64726e-06 6.12824e-05 4.26619e-06 -3.27469e-06 -1.58805e-05 -1.25849e-05 -1.9143e-05 5.37364e-05 -4.59836e-05 3.26002e-06 1.28209e-06 -8.35471e-05 4.72142e-05 6.71512e-05 1.39514e-05 -9.60108e-06 -3.87323e-05 -4.50582e-05 1.47559e-05 -5.79766e-06 1.28138e-06 3.64629e-06 -5.21666e-05 5.82245e-07 -7.10438e-05 3.12008e-05 0.000155992 5.9258e-06 -9.45957e-08 1.26454e-06 8.84666e-07 -2.65953e-05 4.67233e-05 1.68373e-06 -1.97109e-07 1.45931e-05 -1.81713e-06 2.5638e-07 1.44436e-05 7.43199e-06 2.13334e-06 3.30784e-06 4.40081e-05 1.92224e-07 1.36962e-05 -2.23621e-06 -6.10094e-05 7.92771e-05 3.08305e-05 1.90629e-07 -1.83452e-05 -1.61706e-05 9.13263e-06 6.87988e-08 -1.25532e-07 2.07603e-06 2.16767e-05 1.33852e-06 3.927e-07 1.12759e-06 -1.88769e-08 -5.19529e-05 -8.70863e-05 1.98516e-07 1.04852e-05 -2.95303e-07 4.04397e-06 -3.73699e-06 6.1133e-05 2.5469e-07 -1.18956e-05 -1.01461e-05 1.25111e-05 8.70862e-06 -5.88031e-05 -1.76626e-07 3.32286e-08 5.77115e-07 1.62307e-06 -1.0132e-07 1.13879e-07 -5.9499e-07 5.23782e-06 -8.00376e-07 9.31788e-08 -2.51443e-05 1.13498e-06 -3.98242e-06 9.37357e-07 1.52405e-07 5.91666e-07 -1.4965e-05 -2.02763e-05 -2.84263e-07 
-8.98367e-05 -0.00187789 -8.32329e-05 -0.000329898 0.00730437 -0.000320246 0.000106584 -0.000554037 -0.00133712 -0.00115366 -0.000843621 0.00305632 -0.0046255 -0.0126177 -0.0133395 -0.00865957 -0.000145424 0.00435585 -0.00477995 -0.000668452 -0.0170997 -0.00317518 -0.0019657 0.0146765 -0.000517851 0.00968923 0.00863606 0.00052346 0.0103623 0.000106241 0.00236262 -0.00470412 5.9258e-06 0.0312059 -1.86234e-05 -0.000104052 -1.62956e-05 0.00163932 -0.000463158 -8.32652e-05 -2.03287e-05 -2.44641e-05 0.000674038 0.000791178 5.72214e-05 -0.000651765 -1.83517e-05 -0.00220075 -0.000529842 5.98703e-05 0.000490987 0.00144325 -0.0147848 -0.00829786 -4.33036e-05 2.31057e-05 -0.00274627 -0.0141439 -6.01207e-05 -3.27986e-05 -1.06383e-05 1.45086e-05 -0.000881789 0.00012662 2.6246e-05 1.41008e-07 -0.000201652 0.00877536 -0.000723673 -9.73082e-06 -3.3446e-05 -0.000333527 -2.22493e-05 0.000584447 -0.00118596 1.36313e-05 0.000897368 0.00106954 -0.00293877 -0.000172871 0.0148672 0.000609008 -1.82474e-05 7.44738e-05 4.87696e-05 2.89331e-05 -6.12271e-06 0.00925718 -0.00100175 -2.64035e-06 -7.53259e-05 -0.0135268 -0.000195361 0.00246684 0.00287466 8.49515e-05 -2.3118e-05 -0.00218974 0.00731063 -1.92137e-05 
