0.00429903 -2.60547e-05 -5.33465e-05 -2.28846e-05 2.01466e-06 -0.0016462 1.47821e-05 -3.01372e-06 -0.00017961 -4.99636e-05 -0.00178351 -8.27555e-06 9.46046e-05 -3.85266e-05 0.00109217 -6.06477e-05 -0.00187856 -0.00197615 -0.00170015 0.000824888 0.000246481 -1.87221e-05 -0.000594638 -0.000394349 -0.000304333 -4.88359e-05 0.000440335 0.000874017 -9.11268e-05 -3.81073e-05 -0.00072748 0.000514074 -7.93864e-05 -1.34757e-05 -0.000116982 0.00124679 -2.11884e-05 0.000276456 -0.00176495 -0.000119525 -1.87094e-06 -5.72077e-05 -5.74787e-06 -0.00122581 -0.0016858 -0.000113786 0.0019359 -0.000207903 -1.4958e-05 7.33724e-05 -0.00010208 0.000560769 0.000378881 -0.00022623 -2.45006e-06 0.00147635 0.000107234 -9.72139e-05 -0.000397306 -0.000199199 0.000149454 3.08831e-05 -6.8699e-07 -0.000613691 -0.000244325 0.000551174 1.91395e-05 9.91292e-05 -0.000161315 -0.000106163 -2.16424e-05 0.000262026 0.000544094 -0.00161731 0.000338946 -1.83399e-05 -6.8465e-05 0.000895306 -2.02405e-05 0.000737444 -1.85061e-06 0.00102659 9.51369e-06 3.23937e-06 -6.48714e-05 0.000230863 -0.000130192 -1.13478e-06 0.00018176 -9.30343e-05 0.000104315 0.00118589 4.10322e-06 2.35748e-07 -0.000135128 0.000301987 0.000318265 6.35787e-05 4.65472e-06 -0.000124809 
-2.60547e-05 0.0112677 -0.000109295 8.47755e-06 0.000116845 -0.00657182 -1.11509e-05 0.00045448 -0.000528051 -0.000146333 -0.00500137 0.000688078 0.00614289 -0.0065658 -0.00051796 -0.00734388 -0.00623174 -0.00705361 -0.0072966 0.00134398 0.000428109 0.00181629 -0.00158379 -0.00120011 0.00558373 0.0012175 -0.00105671 -0.000455924 0.00422843 -0.000366633 -0.00459929 -0.00400376 0.000766228 0.0030419 -0.000344928 0.00162873 0.000710113 0.000139322 -0.00526444 0.00520841 9.54539e-05 0.0034853 -6.67406e-05 -0.00587833 -0.00693778 0.000227777 -3.13085e-05 0.00214331 8.12122e-05 0.00248146 -0.00722685 -0.00150541 -0.00113161 0.00811961 4.04164e-05 -0.000482267 -0.000221009 -0.000252252 -0.00107806 0.00112901 0.000199316 0.000364044 1.66704e-06 0.00729326 -0.000344492 -0.00500589 3.1795e-05 3.11811e-05 6.37769e-05 -0.000203134 0.00323962 -0.000206116 0.00154503 -0.00498611 0.00276346 0.000208349 0.00550399 0.00712382 0.00141145 0.0051321 0.000250475 0.000344756 4.23612e-06 -0.000188019 -0.000209188 -0.000312736 0.000322548 1.89953e-05 -0.000447513 0.00302468 -0.000136443 0.00335138 4.01706e-05 8.23101e-06 -0.000681033 1.40078e-05 -0.000751817 -0.000505363 9.89708e-06 0.000171667 
-5.33465e-05 -0.000109295 0.0172445 0.000129758 2.42076e-05 0.000198148 -7.86999e-06 2.62435e-05 -0.000833337 -3.12838e-05 0.00207491 -0.000434068 0.000117215 0.00133609 -0.00590852 -0.00395497 0.00354025 0.00029527 0.00215535 -0.000657505 -0.000447863 -0.000243907 -8.29438e-05 -0.00206303 -0.000292327 2.12741e-06 -0.00352133 -0.00208388 0.000141306 -0.000544275 0.00558149 0.00521713 -0.000208647 -7.31974e-06 -0.000230322 -0.00249212 -5.05268e-05 -0.000685053 0.00532778 -0.000534 3.96707e-06 0.000864715 -0.000105872 0.00418086 0.00287128 -0.000553281 -0.000910293 -0.000804742 -3.40421e-05 0.00513132 0.00252376 -0.00365658 0.000548204 -0.00181603 2.0651e-05 -0.00293293 -0.000196544 -0.000355518 0.00311008 -0.00103269 9.51196e-05 -0.000100715 1.85587e-06 -0.00252719 -0.000600964 -0.00318028 -0.000166756 -5.38414e-05 -0.000499386 -0.000380871 -7.21216e-05 -0.000425553 -0.000806894 -0.00239126 -0.000533948 2.45287e-05 -0.000282893 -0.00218772 -0.000205525 -0.00159317 0.000140281 -0.00132793 -4.1711e-06 -0.000161582 -0.000352621 -0.00105364 -0.000484848 -3.38517e-06 0.000360226 -0.000373637 -0.000356386 -0.0021992 -1.224e-05 -3.43647e-06 -0.000892303 -4.39855e-05 -0.001048 -0.00078045 -1.03505e-05 -0.00029515 
-2.28846e-05 8.47755e-06 0.000129758 0.0100538 4.39662e-06 0.000323175 9.12335e-06 -4.60109e-06 0.00086445 -8.52509e-05 -0.00342765 -0.000178721 0.000580048 -0.00657633 -0.000327531 0.000177434 -0.00567339 0.000885367 -0.00142763 -0.000153749 0.00339978 0.000287093 -0.00132337 0.00443771 0.000694069 0.000791689 -0.00267544 0.000913463 0.00033899 0.00573573 -0.0022676 -0.00345156 7.38899e-06 0.000758694 -0.000291271 -0.00102704 0.00107344 -0.000407843 0.000568738 0.000282963 -4.27972e-06 0.000604632 0.000432406 -0.00535329 -0.00554284 -0.000279623 0.000346345 0.000611174 -1.16718e-05 -0.00198984 -0.006983 -0.000832591 -0.000911819 -7.85516e-05 -2.47647e-05 -0.00108663 -0.000392331 0.0062864 -0.000958365 -0.00133149 -0.000283327 3.63581e-05 4.59835e-05 -0.00115314 0.0024039 -0.00114587 -0.0001017 0.000139833 -0.00120857 -0.000114194 0.000116523 1.66714e-05 -0.000370242 0.00248492 0.00023302 0.00100894 -4.02627e-05 -0.00108397 -2.06975e-05 -0.000875178 0.000137469 -0.000472716 1.67339e-05 0.000588676 -9.23668e-05 0.00561171 0.00438884 1.41033e-05 -0.000107065 -0.000103217 0.000147815 1.30572e-05 1.33342e-05 3.175e-05 -0.000922914 2.52159e-05 0.00506433 -0.000800699 9.00339e-05 0.000763101 
2.01466e-06 0.000116845 2.42076e-05 4.39662e-06 0.000334638 -0.000192772 -4.58761e-07 2.20012e-05 4.94639e-05 -4.76512e-06 -0.000219195 0.000161992 0.000142609 -0.000100988 -9.55786e-05 -0.00012713 -0.000188362 -0.000164459 -0.000246304 3.04424e-05 1.69284e-05 1.96628e-05 -4.75544e-05 1.7142e-05 0.000130032 9.73647e-05 -9.19664e-05 7.25404e-06 3.48037e-05 -5.11503e-06 -0.000131915 -0.000107565 8.30288e-05 8.56436e-08 -8.07217e-06 4.11025e-07 5.49369e-05 7.69419e-06 -0.00015314 1.2051e-05 0.000115546 0.000124636 -1.08177e-06 -0.000192694 -0.000216855 0.000102321 -1.24086e-05 4.0727e-06 6.97541e-05 1.08602e-05 -0.00022793 -4.76137e-05 -3.00264e-05 0.000107397 -6.28966e-07 5.07356e-05 -1.17238e-05 -3.1399e-08 -3.28432e-05 8.06925e-05 1.50371e-05 6.5666e-06 5.65187e-07 0.000119322 6.78155e-06 -3.52944e-05 -3.18121e-06 4.70932e-07 -7.45246e-05 -6.60003e-06 6.315e-05 -4.03985e-06 1.81511e-06 -0.000129582 3.38227e-05 7.20178e-05 6.77023e-05 0.000190077 0.00010747 1.81518e-05 3.40805e-06 2.12707e-05 4.51232e-09 9.58113e-07 6.88659e-05 -1.92857e-05 4.07695e-06 2.65636e-06 3.72595e-05 3.90256e-05 1.06645e-05 3.88082e-05 8.98263e-07 2.69795e-06 -2.61474e-05 -4.19891e-07 -3.39705e-05 -2.16676e-05 9.49109e-08 4.42315e-05 
-0.0016462 -0.00657182 0.000198148 0.000323175 -0.000192772 0.242502 0.000349788 -0.00036017 -0.0208733 0.00504901 0.0843891 -0.0184796 -0.0101947 0.0234555 -0.0282701 0.0198816 0.165367 0.138241 0.144436 -0.0553315 -0.0143431 -0.0106377 0.0303767 0.00232719 -0.0600036 -0.000645225 -0.00962633 -0.0402434 -0.0321285 0.00803686 0.0988908 -0.0427688 -0.0109775 -0.00303433 0.00730369 -0.135299 -0.0026349 -0.00821233 0.14127 -0.0207046 -0.000520258 -0.00896738 -0.00343916 0.128846 0.142027 -0.0195092 -0.0220721 -0.0296537 0.00010497 -0.0440483 0.101314 -0.0544055 0.0358122 -0.0447844 -0.00104036 -0.108965 0.0129598 0.00739848 0.0148011 -0.0980045 -0.0172019 -0.00253666 -5.89708e-05 -0.118065 -0.00120287 -0.016616 -0.00390914 -0.00172532 -0.0616038 0.00862838 -0.00301645 -0.0161584 -0.0263183 0.143748 -0.0809035 -0.00111939 -0.00158072 -0.128468 -0.00646257 -0.127923 -0.000531064 -0.0433047 -5.04585e-05 -0.00137869 -0.0114713 0.0113756 0.0045922 -0.000105462 -0.00617502 -0.012653 -0.0115623 -0.0741837 -0.000412048 1.3494e-05 0.0312362 -0.00176588 0.005279 -0.00253958 -0.000316341 -0.0106241 
1.47821e-05 -1.11509e-05 -7.86999e-06 9.12335e-06 -4.58761e-07 0.000349788 0.00183509 5.88682e-06 -7.97471e-05 0.000273692 -0.000540833 -2.3131e-05 8.94935e-05 -0.000657749 -0.000350054 -0.000651755 0.000200065 -0.000515795 0.000191856 1.0295e-05 -6.43072e-05 -2.12942e-05 -0.00022608 -0.000100978 -0.000128736 2.1626e-06 0.000328192 -4.32543e-05 -5.45216e-05 8.48013e-05 0.000160699 0.000593456 -3.37194e-05 -9.92543e-06 -4.54574e-05 -9.00506e-05 -9.04009e-06 -3.76368e-05 0.00030268 -5.69013e-05 -7.22118e-06 -2.15517e-05 -1.03417e-05 -6.57109e-05 -3.58812e-05 -3.20008e-05 -3.7873e-05 -8.21392e-05 6.59493e-05 -0.000284166 9.09953e-05 2.59192e-05 0.000932749 -0.000172196 -2.41909e-06 -0.000251552 0.000627355 3.49219e-05 0.000305187 -0.000255715 2.83387e-05 -1.58674e-05 -1.67704e-07 -0.000194455 -3.30114e-05 -8.73052e-05 5.31409e-06 -3.30108e-06 -0.000395566 -2.44467e-05 -3.11599e-06 -3.60909e-05 -6.03137e-05 -0.000444923 -6.35284e-05 -6.53606e-06 -1.58596e-05 -4.94506e-05 -1.19623e-05 -0.00017962 -1.34495e-06 -7.59637e-05 -3.47864e-07 -9.96865e-06 -2.67991e-05 -2.97021e-05 2.06139e-05 -3.55964e-07 1.79065e-05 -3.18319e-05 -3.69034e-05 -0.000178543 -2.17662e-08 1.3823e-05 -0.000158082 2.52648e-05 -1.16986e-05 0.000489946 -7.46363e-07 7.06976e-05 
-3.01372e-06 0.00045448 2.62435e-05 -4.60109e-06 2.20012e-05 -0.00036017 5.88682e-06 0.000702905 -3.7145e-05 1.50606e-06 -0.000387575 1.58972e-05 0.000344999 -0.000435091 -0.000200061 -0.000473498 -0.000331679 -0.000401628 -0.000433529 0.000108064 3.65713e-05 0.000195381 -9.51861e-05 -7.66507e-05 0.000403583 8.40527e-05 -0.000123047 -5.23378e-05 0.000122393 -2.38087e-05 -0.000217052 -0.000107368 4.42515e-05 0.000104396 -2.11349e-05 3.68553e-05 7.67795e-05 -2.78594e-05 -0.000247129 0.000248263 2.47191e-06 0.000264806 3.76639e-06 -0.000330128 -0.000361864 1.84078e-05 -3.39072e-05 2.30459e-05 1.65703e-06 0.000291855 -0.000337196 -1.74999e-06 -4.46794e-05 0.000262742 4.25947e-06 -0.0001294 -2.31397e-06 -2.02682e-05 5.08027e-07 0.000139621 1.69496e-05 -2.38235e-06 -1.15177e-07 0.00039328 -3.8694e-05 -0.000210516 -2.98859e-06 -1.40758e-06 -0.00012958 -1.38961e-05 0.000142637 -1.27033e-05 -9.23518e-06 -0.000324434 0.000353041 6.00081e-05 0.000376909 0.000409522 5.96933e-05 0.000248432 2.62215e-05 -1.32128e-05 -1.26284e-08 -1.10676e-05 -1.29373e-05 -5.2629e-05 -1.09244e-05 2.18024e-06 -2.44865e-05 0.000258275 -9.44319e-06 -4.48759e-05 9.0109e-06 1.03536e-07 -7.63885e-05 -1.96484e-06 -8.21554e-05 -3.50778e-05 4.84572e-06 3.344e-05 
-0.00017961 -0.000528051 -0.000833337 0.00086445 4.94639e-05 -0.0208733 -7.97471e-05 -3.7145e-05 0.0503538 -0.000577139 -0.0148269 0.0147533 4.18715e-05 -0.00644635 -0.00657976 -0.00388086 -0.0208039 -0.00939274 -0.0187434 -0.00487324 0.00896894 0.000570092 -0.00241123 0.020461 -0.000620243 0.00167735 0.00529614 0.0252283 0.00460174 0.00414242 -0.00686228 -0.0120843 -0.000104905 0.000350598 0.000448907 -0.00417915 0.000584085 -0.000917482 -0.0136733 0.00848277 0.000416322 -0.000435389 3.37033e-05 -0.0201261 -0.0183937 0.0116799 -0.000394667 0.00892939 5.37298e-05 -0.0173386 -0.0289936 0.00610636 -0.00448717 0.00693033 0.000633253 0.0182657 -0.000918243 0.000985577 -0.00363272 0.000846726 -0.00171178 -1.71809e-05 8.71718e-05 0.0140416 0.0118903 -0.0080726 -1.35017e-05 0.00168772 0.0153606 0.000314143 -0.00014262 0.00135992 -0.00219002 -0.00928682 -0.00762987 0.00108865 -0.000899967 4.98963e-05 0.0041485 -0.00862459 -3.26837e-05 0.00348631 -5.91961e-07 -0.000801274 0.0109425 -0.000945338 -0.000213087 3.25897e-05 0.00179619 0.00874829 0.00528867 0.0121787 0.000186189 -7.2239e-06 -0.00593653 -8.18767e-05 -0.00206054 -0.00420461 3.17773e-05 0.00262537 
-4.99636e-05 -0.000146333 -3.12838e-05 -8.52509e-05 -4.76512e-06 0.00504901 0.000273692 1.50606e-06 -0.000577139 0.0143514 -0.000321166 -0.000459859 -0.000164624 -0.00845571 -0.0012375 -0.0064477 0.00449404 -0.00428908 0.00334967 -0.00135662 -0.000739721 -0.000256258 0.00102861 -0.00106195 -0.00137135 0.000429537 0.00388029 -0.00156107 -0.000803148 -0.000188413 0.00414411 0.000250529 -0.000268814 6.53879e-05 -0.000357951 -0.00336846 -8.72735e-05 -0.000287107 0.00556894 -0.000498483 8.71752e-05 -0.00021633 -0.000132534 0.00124083 0.00436914 -0.000480934 -0.000786764 -0.000654774 0.00116729 -0.0049711 0.00149072 -0.0032273 0.00287422 -0.00135019 0.000442716 -0.002697 0.00390219 -0.000166635 0.00623727 -0.0035696 -0.000268903 -0.000133768 1.3202e-05 -0.00316726 0.000894989 -0.00664114 0.000285594 0.000468161 -0.00057853 0.000964722 -5.71545e-05 -0.000547544 -0.000222074 -0.00276433 -0.00221905 -6.76336e-05 -0.000201927 -0.00324488 0.000115504 -0.00278322 -1.04665e-05 -0.000779048 -3.14165e-07 -5.78246e-05 -0.000289641 0.000691991 -0.00011347 3.56121e-06 0.00066969 -0.00030549 -0.000325578 -0.00178776 -5.98251e-06 9.15534e-05 0.00291899 -4.13494e-05 -0.00054252 0.00783235 -7.41917e-06 0.000245892 
-0.00178351 -0.00500137 0.00207491 -0.00342765 -0.000219195 0.0843891 -0.000540833 -0.000387575 -0.0148269 -0.000321166 0.211644 -0.0194001 -0.0119752 0.00978043 0.00360485 -0.00426858 0.113929 0.0802551 0.11181 -0.060188 -0.0273628 -0.00568498 0.0256697 -0.0399641 -0.0607477 -0.00327366 0.00573479 -0.0479189 -0.0168152 -0.0169225 0.0514314 -0.0127482 0.000668392 -0.00411977 0.00797254 -0.0653905 -0.00192319 0.00335778 0.0737203 -0.0139557 -0.00150802 -0.00890101 -0.00286371 0.111607 0.133382 -0.0201561 -0.0129229 -0.00723461 -0.00156785 -0.0472774 0.0945809 -0.0817103 -0.00685011 0.00265047 -0.00135874 -0.0713248 -0.00586329 -0.00988564 0.0167143 -0.0543617 -0.0161688 -0.00146935 1.40065e-05 -0.0679473 0.00948592 -0.0729459 -0.000690384 -0.0026323 0.0239467 0.00490521 -0.00211303 -0.00805304 0.00481903 0.0670741 -0.0858172 -0.00270111 -0.00098326 -0.0859643 -0.00760294 -0.0640802 -0.000602347 0.00233341 -7.38846e-05 -0.00066094 -0.0118482 -0.0135966 -0.0112164 -0.000176802 -0.00453447 -0.0142656 -0.012438 -0.0127084 -0.000627678 -0.00011274 0.0214877 0.000195124 -0.0145128 0.0123361 -0.0003437 -0.00173175 
-8.27555e-06 0.000688078 -0.000434068 -0.000178721 0.000161992 -0.0184796 -2.3131e-05 1.58972e-05 0.0147533 -0.000459859 -0.0194001 0.0311321 0.00117009 0.00347451 -0.00314559 0.000882045 -0.0183204 -0.0120929 -0.0228257 0.00143277 0.00320145 -0.000227263 -0.00168386 0.015204 -0.000996387 -1.53987e-05 -0.00583948 0.0209286 -0.000789938 -0.000928152 -0.0115106 -0.00594148 0.000158917 -0.000327188 -7.55461e-05 0.0014876 0.000881273 -0.00043899 -0.0144695 0.00569395 0.000638014 0.000127156 -0.000102256 -0.0179715 -0.0190818 0.0178797 0.000319102 0.00238877 0.000239005 -0.00461958 -0.0187603 0.0136263 -0.00320092 0.00168261 0.000181973 0.00874095 -0.00102286 -0.000928108 -0.00300335 0.0133183 -0.00038912 0.00135163 -2.47709e-06 0.0144863 -0.000960886 0.00509844 -0.000304666 0.00118575 -0.00240526 -0.000725877 0.000987351 0.00267971 -0.00132809 -0.0141894 -0.000477034 -1.20453e-05 0.000158989 0.00969471 0.00458636 0.000244485 1.90439e-06 0.000874187 -5.09437e-06 0.00064319 0.0152357 -0.00227824 0.000172429 0.000151509 0.00494118 0.0101013 0.000877331 0.00504314 0.000413674 4.40179e-06 -0.00365537 -7.62218e-05 -0.00166723 -0.00267288 1.01193e-05 -0.000899545 
9.46046e-05 0.00614289 0.000117215 0.000580048 0.000142609 -0.0101947 8.94935e-05 0.000344999 4.18715e-05 -0.000164624 -0.0119752 0.00117009 0.0205444 -0.00464192 -0.0017535 -0.00846266 -0.0110847 -0.00951057 -0.0116882 0.00506452 0.00086974 0.00109603 -0.00248936 -0.000935877 0.0077255 0.00146929 -0.0037602 -0.00203342 0.00687686 -8.57746e-05 -0.00607134 -0.00336701 0.000635668 0.00538439 -0.000615557 0.00589497 0.00172013 -0.000836706 -0.00783784 0.00340446 0.000213026 0.00354073 5.00029e-05 -0.00472845 -0.011049 -0.000148627 -0.000919831 9.1805e-06 -5.5602e-06 0.00807734 -0.011776 0.0011042 -0.0020335 0.00815857 1.38652e-05 0.00298094 -0.000472634 0.000147855 -0.00116328 0.000740143 0.000925377 0.000660403 3.33055e-06 0.0114186 0.000996555 -0.00327418 -0.000245863 6.91115e-05 0.000950226 -0.000406607 0.00234013 -0.000482083 -1.70561e-05 -0.00841503 0.00520028 0.000275045 0.00385506 0.0119291 0.00172905 0.00849602 0.000396697 -0.000784401 -4.37342e-06 -0.000390237 -0.000296712 -0.000723629 0.000136921 3.14789e-05 -0.000826871 0.00221619 0.000572766 0.00378857 0.00012691 2.91215e-06 -0.00233217 -2.43933e-05 -0.00214276 -0.00160583 2.07007e-06 0.00120967 
-3.85266e-05 -0.0065658 0.00133609 -0.00657633 -0.000100988 0.0234555 -0.000657749 -0.000435091 -0.00644635 -0.00845571 0.00978043 0.00347451 -0.00464192 0.130112 -0.0221135 0.0331312 0.0298432 0.0442008 0.00915057 0.00924134 -0.0106282 -0.00641588 0.0109081 -0.0186927 -0.0038792 -0.00884158 -0.0444519 -0.0188471 -0.00261255 -0.0226728 0.014196 0.0357741 -0.00936205 -0.00400771 0.00290968 -0.0105722 -0.00285911 -0.016837 0.0173711 -0.0149152 -0.000124979 -0.00430498 0.000848045 0.0532083 0.0255166 0.00386774 -0.0068454 -0.0222807 -0.00204901 0.0379484 0.0362305 0.0126549 0.00494629 -0.0276336 -0.00154839 -0.00720369 -0.00345679 -0.0195198 -0.0121463 0.0258328 0.00375724 0.000452393 -0.000113724 -0.00461658 -0.0107589 0.0447241 -0.0050609 -0.00070869 -0.0192503 -0.00764978 -0.0034404 0.00430592 -0.0287376 0.0241083 0.0127161 -0.00299914 -0.00714478 -0.00157231 -0.000260854 -0.0248229 -0.000519598 -0.0463992 -0.000129026 -0.000710609 0.00291332 -0.0174546 -0.0127135 -7.0709e-05 0.00229866 -0.0059847 -0.00316697 -0.0378298 -0.000264729 -0.000232728 0.00366457 -0.000420479 -0.0136937 -0.0368357 -0.000485412 -0.0220897 
0.00109217 -0.00051796 -0.00590852 -0.000327531 -9.55786e-05 -0.0282701 -0.000350054 -0.000200061 -0.00657976 -0.0012375 0.00360485 -0.00314559 -0.0017535 -0.0221135 0.233312 0.0182178 -0.0158538 -0.0261411 -0.0303075 0.0109426 0.0104977 -0.00501893 -0.00230617 -0.0327863 -0.0116487 -0.00423139 -0.0117433 -0.00478484 -0.0143693 -0.00532037 -0.124956 -0.0410559 0.0106446 -0.00358714 -0.00207575 0.0595418 -0.00113682 0.00444028 -0.0130199 -0.0100389 -0.00129157 -0.000717624 0.00312162 -0.0559473 -0.0272655 -0.0116092 0.0307697 0.0182724 0.000612091 -0.00275045 0.00319422 0.000752954 -0.0225505 0.0306718 -0.000296333 0.0216518 -0.014993 -0.0043214 -0.0206298 -0.0427863 0.0017339 -0.000441299 -3.85293e-05 -0.00192962 -0.00610233 -0.0359109 0.00158299 -0.000400787 0.00988717 -0.00560426 -0.001854 -0.0105467 0.0257958 -0.0222716 0.00962215 -0.000953648 -0.006073 0.0389854 -0.00264993 0.0448376 0.000244829 0.0416512 8.81468e-05 0.00213347 -0.00668751 0.00182863 0.0031009 -6.58894e-05 -0.00972511 -0.0073732 -0.00496827 0.0639514 -0.000298378 0.000119563 0.0138935 0.00173158 -0.00494298 0.0362343 -3.79843e-05 0.00615369 
-6.06477e-05 -0.00734388 -0.00395497 0.000177434 -0.00012713 0.0198816 -0.000651755 -0.000473498 -0.00388086 -0.0064477 -0.00426858 0.000882045 -0.00846266 0.0331312 0.0182178 0.10994 -0.00100069 0.0488604 -0.00200611 0.00790244 0.00323489 -0.0074806 0.00626802 0.00762831 -0.00303603 -0.00131895 -0.0471455 0.000849984 -0.0153763 -0.000253631 -0.0198888 -0.0259889 0.000269688 -0.00482344 0.00159859 0.00373183 -0.0025131 -0.0224483 0.0184694 -0.0139968 8.9687e-06 -0.00268663 0.000513752 -0.00735117 -0.0162339 0.00195945 0.00608613 -0.00719574 -0.001624 0.016314 0.00495388 0.0251406 -0.0100166 -0.0219063 -0.00193343 -0.000381226 -0.0191533 0.00279571 -0.021087 0.00142847 0.00216906 0.000647426 -0.000101499 -0.010343 -0.0144972 0.0289639 -0.00309638 -0.000172591 -0.0419549 -0.00293016 -0.00367359 -0.00157232 -0.0115065 0.0525328 0.0128416 -0.00104285 -0.00753202 0.00949532 -0.000818083 -0.00816692 -0.000274286 -0.0126066 2.48293e-05 0.00200876 0.00216973 0.0093532 0.00288354 -5.04153e-05 -0.00195101 -0.00465651 -0.00132992 -0.0154378 -0.000332101 -0.000204323 0.00920304 0.000221793 0.00505136 -0.0217265 -0.000429175 0.00111403 
-0.00187856 -0.00623174 0.00354025 -0.00567339 -0.000188362 0.165367 0.000200065 -0.000331679 -0.0208039 0.00449404 0.113929 -0.0183204 -0.0110847 0.0298432 -0.0158538 -0.00100069 0.241341 0.115893 0.1467 -0.0584224 -0.0286334 -0.0106452 0.0449087 -0.0268791 -0.0606823 -0.0035941 -0.000293508 -0.0517436 -0.0321086 -0.0179445 0.0828687 -0.0288345 -0.00948413 -0.0031498 0.00623423 -0.117411 -0.00386578 0.00241548 0.140327 -0.0206334 -0.000529097 -0.00925904 -0.00330974 0.144579 0.167957 -0.0183203 -0.0186494 -0.0280756 0.000863731 -0.0341314 0.131855 -0.0839348 0.0344997 -0.0328705 -0.000615234 -0.109792 0.0144243 -0.016552 0.0308142 -0.100131 -0.0171713 -0.00275071 -6.30356e-05 -0.114266 -0.000947791 -0.051198 0.0011121 -0.00150385 -0.012796 0.0054487 -0.0030125 -0.00950837 -0.0107459 0.105508 -0.0822282 -0.00278166 -0.00256138 -0.127938 -0.00588593 -0.108711 -0.000534524 -0.0230992 -0.000134534 -0.00432885 -0.0112163 -0.0255073 -0.0140672 -0.000138009 -0.00423201 -0.0126179 -0.0113201 -0.0587234 -0.000592318 -3.30538e-06 0.0236574 -0.00203575 -0.0289776 0.0191099 -0.000334313 -0.0140942 
-0.00197615 -0.00705361 0.00029527 0.000885367 -0.000164459 0.138241 -0.000515795 -0.000401628 -0.00939274 -0.00428908 0.0802551 -0.0120929 -0.00951057 0.0442008 -0.0261411 0.0488604 0.115893 0.228938 0.129763 -0.0489587 -0.012231 -0.00727119 0.0390565 0.00975773 -0.0535291 -0.00152945 -0.0377908 -0.0211579 -0.029804 0.00483883 0.0681734 -0.0516577 -0.011048 -0.00182131 0.00562418 -0.118095 -0.00267486 -0.0237303 0.113758 -0.0192532 -0.000747771 -0.0088499 -0.00435088 0.102131 0.101301 -0.0130289 -0.0199259 -0.0290932 -0.00138264 -0.0318926 0.0704169 -0.0264979 0.0135586 -0.0386511 -0.00132585 -0.0824975 -0.0149122 0.00900227 -0.00570989 -0.0669051 -0.00755423 -0.000835128 -9.27508e-06 -0.107894 -0.000751829 0.00857952 -0.00138509 -0.000248289 -0.0384215 -0.000466704 -0.00292485 -0.000586723 -0.0281697 0.136633 -0.067725 -0.000939373 -0.00450682 -0.118021 -0.00132878 -0.126208 -0.000582657 -0.0437288 -0.00010765 0.00342022 -0.00444101 0.0171295 0.00414009 -9.64556e-05 0.00634574 -0.0106033 -0.00372183 -0.0718526 -0.000364007 -0.000114574 0.0209527 -0.00171641 0.0160842 -0.0207193 -0.000345468 -0.014004 
-0.00170015 -0.0072966 0.00215535 -0.00142763 -0.000246304 0.144436 0.000191856 -0.000433529 -0.0187434 0.00334967 0.11181 -0.0228257 -0.0116882 0.00915057 -0.0303075 -0.00200611 0.1467 0.129763 0.188701 -0.069599 -0.0215571 -0.00971684 0.031171 -0.00610281 -0.0723344 -0.00203376 0.0252625 -0.0371029 -0.0320701 0.000437301 0.0979989 -0.0223925 -0.0120817 -0.00340235 0.00653936 -0.121839 -0.00372037 0.00662499 0.11287 -0.0230184 -0.00110421 -0.0113337 -0.00443628 0.120986 0.147492 -0.021661 -0.0103731 -0.0363618 0.000203477 -0.0607365 0.109194 -0.0637894 0.0238522 -0.0271372 -0.00103057 -0.10454 0.00963626 0.00435498 0.0208011 -0.0837536 -0.0176886 -0.00172224 -4.24722e-05 -0.123308 0.00475709 -0.0326765 0.00179607 -0.00236059 0.00782845 0.00588844 -0.0036783 -0.00256738 -0.00598634 0.10948 -0.0941027 -0.00245584 -0.00310816 -0.138877 -0.0064841 -0.126247 -0.000669064 -0.0180166 -4.34059e-05 0.00272343 -0.0122651 0.0111696 0.000280827 -0.000161103 7.50926e-05 -0.0160402 -0.00998756 -0.0538158 -0.000527967 -3.69781e-05 0.0212665 -0.000100497 0.0140109 0.0141473 -0.000405182 -0.0138257 
0.000824888 0.00134398 -0.000657505 -0.000153749 3.04424e-05 -0.0553315 1.0295e-05 0.000108064 -0.00487324 -0.00135662 -0.060188 0.00143277 0.00506452 0.00924134 0.0109426 0.00790244 -0.0584224 -0.0489587 -0.069599 0.0908176 0.0112126 -0.00148619 -0.0135647 -0.0105354 0.0457312 -0.00110871 -0.0302893 -0.00559972 0.00959586 -0.00167267 -0.0414949 0.0330232 -0.00145969 -0.000134466 -0.0029117 0.0621267 -0.000220509 -0.00404165 -0.041565 -0.00217886 -0.000367267 0.00329291 0.000202822 -0.0534687 -0.0630403 0.000733248 0.00795001 -0.00200313 -0.000142043 0.0544768 -0.0471457 0.0474495 -0.00826642 -0.00640245 -0.000137685 0.0344842 -0.00406613 -0.00237979 -0.009662 0.0463978 0.0219864 -2.95862e-05 -1.16252e-05 0.0376343 -0.00630816 0.0378592 -0.00125958 5.25515e-05 -0.0223371 -0.0025369 -0.000287808 -0.00201042 -0.00313602 -0.0442425 0.0681479 0.000175756 -0.000547424 0.0697635 0.000835661 0.0660802 0.000519367 -0.00593587 4.06335e-05 -0.00157063 -0.000799663 -0.00417685 -0.00184633 -1.24997e-05 -0.000292817 -0.000961491 -0.00201606 -0.00196148 5.79676e-06 -2.24238e-05 -0.0108704 -0.000238173 -0.00883085 -0.00783871 -4.66366e-05 -0.00248323 
0.000246481 0.000428109 -0.000447863 0.00339978 1.69284e-05 -0.0143431 -6.43072e-05 3.65713e-05 0.00896894 -0.000739721 -0.0273628 0.00320145 0.00086974 -0.0106282 0.0104977 0.00323489 -0.0286334 -0.012231 -0.0215571 0.0112126 0.0498967 -0.00026688 -0.00598782 0.0102295 0.00757398 2.20312e-06 -0.00517665 0.0182642 -0.00108789 0.0110615 -0.0105473 -0.0133348 0.000661184 -5.63971e-05 -0.00139228 0.00480642 0.00197492 -0.000727016 -0.0158255 0.00138285 -0.000129714 0.000452027 0.000417461 -0.0297591 -0.0318545 0.0005199 0.00831033 0.00571144 -0.000177375 -0.0038283 -0.0190268 0.0184672 -0.00380778 0.00411642 0.000159151 0.0073723 -0.00198792 0.00926819 -0.00483764 -0.00347132 0.000640487 0.000892049 6.67355e-05 0.00276927 0.00138472 -0.00125051 -0.000581732 0.000263291 -0.00200442 -0.00102505 -0.000258509 -0.00150337 -0.000612165 -0.00337512 0.008202 0.00277272 -0.000773429 0.00925705 0.000247532 0.00351444 0.000337794 0.00307948 0.000143317 -0.000554607 0.00197036 0.0141914 0.00515379 7.88764e-06 -0.000524774 0.000901635 0.00254374 0.0135851 8.57956e-06 9.37558e-05 -0.00307166 0.000352187 0.0133536 -0.00377665 0.00018653 -7.81352e-05 
-1.87221e-05 0.00181629 -0.000243907 0.000287093 1.96628e-05 -0.0106377 -2.12942e-05 0.000195381 0.000570092 -0.000256258 -0.00568498 -0.000227263 0.00109603 -0.00641588 -0.00501893 -0.0074806 -0.0106452 -0.00727119 -0.00971684 -0.00148619 -0.00026688 0.0185535 -0.00199261 0.00248989 0.00812321 0.000651946 0.000471139 0.0031897 0.00654997 0.0010426 -0.00506989 -0.00130352 0.000103545 0.000444758 -0.000208508 0.00450661 0.000646291 -0.000315181 -0.00850342 0.00895534 0.000276396 0.000815952 -0.00010434 -0.00681473 -0.00769057 0.000462255 -0.000275961 0.00501035 -6.49559e-05 0.0031971 -0.010077 -0.00109914 -0.00178628 0.00239461 0.000331126 0.00872651 -0.000633387 -0.000407646 -0.00154563 0.00899366 -0.000397452 -9.61918e-05 1.74734e-05 0.00983603 0.000933861 -0.00104324 -0.00013525 2.08776e-05 0.000706738 -0.000415899 0.00182526 -4.19891e-05 8.46303e-05 -0.00868129 0.00421665 0.000779084 0.0029956 0.00492953 0.000122261 0.00688752 -1.61415e-05 0.000296793 -3.38784e-06 -0.000302156 -0.000253973 -0.00142294 -0.000453255 1.68817e-05 -0.000571522 0.00459778 0.00149644 0.000117138 9.91092e-05 1.67382e-05 -0.00141652 7.52419e-05 -0.00102491 -0.00151432 0.000402714 0.000679686 
-0.000594638 -0.00158379 -8.29438e-05 -0.00132337 -4.75544e-05 0.0303767 -0.00022608 -9.51861e-05 -0.00241123 0.00102861 0.0256697 -0.00168386 -0.00248936 0.0109081 -0.00230617 0.00626802 0.0449087 0.0390565 0.031171 -0.0135647 -0.00598782 -0.00199261 0.12422 0.000413118 -0.0144366 -0.00171279 -0.0219855 -0.00773094 -0.00790636 -0.00379138 0.0222175 -0.0400979 -0.00295956 -0.00105473 -0.00153556 -0.0276256 -0.00105881 -0.00484947 0.0564115 -0.00262234 -0.00059613 -0.00215916 -0.000468755 0.0356974 0.0396429 -0.00167583 -0.00397085 -0.00636486 0.000109993 -0.0450616 0.0269444 -0.0184299 -0.00581013 -0.0131187 -0.000138534 -0.0202291 -0.00470628 -0.00246502 0.000132531 -0.0291292 -0.00487157 -0.000601247 -1.07927e-05 -0.0271284 -0.0040162 -0.0337762 6.81044e-05 -0.000629458 2.27081e-05 -0.00106074 -0.000567406 -0.0034828 -0.00537723 0.0496274 -0.0216851 -0.0005371 9.36125e-05 -0.0299517 -0.00172253 -0.0278157 -0.000125999 -0.00973963 -3.45974e-05 -0.00154924 -0.00142705 -0.0047658 -0.00296822 2.53101e-05 -0.000857472 -0.00127724 -0.00304646 -0.0153871 0.000132795 2.1786e-05 0.00434556 -0.000586371 -0.0132378 0.00135953 2.72088e-05 -0.00458293 
-0.000394349 -0.00120011 -0.00206303 0.00443771 1.7142e-05 0.00232719 -0.000100978 -7.66507e-05 0.020461 -0.00106195 -0.0399641 0.015204 -0.000935877 -0.0186927 -0.0327863 0.00762831 -0.0268791 0.00975773 -0.00610281 -0.0105354 0.0102295 0.00248989 0.000413118 0.113197 -0.00580049 0.00480207 0.00593698 0.0419624 -0.00378278 0.0225162 0.000828061 -0.0419025 -0.00258816 0.000439267 0.00198477 -0.0276418 0.00172346 0.00022362 -0.0084697 0.0138043 0.00108923 -0.000792772 -0.000176799 -0.0283024 -0.0271996 0.0170828 -0.00396999 0.00266673 0.000234267 -0.0272956 -0.0433099 0.0161765 -0.00861622 -0.0115994 0.00150784 0.00364185 -0.00422441 0.0186453 -0.00592442 0.00732153 -0.00355827 0.000745863 2.32319e-05 -0.00325511 0.000618763 0.0118225 0.000350096 0.00186177 -0.0106348 0.00243717 0.00033542 0.00680808 -0.00411675 0.0224356 -0.0155728 0.00198289 -0.000734437 -0.0170528 0.00445158 -0.0233968 -0.000116822 -0.00564038 3.85399e-05 0.00122252 0.0156578 0.0200257 0.0109305 0.000159491 0.00385404 0.0145623 0.00876083 -0.00905873 0.000555749 2.61301e-05 -0.00699414 -0.000443216 0.0209583 -0.0103707 0.00028214 0.00367923 
-0.000304333 0.00558373 -0.000292327 0.000694069 0.000130032 -0.0600036 -0.000128736 0.000403583 -0.000620243 -0.00137135 -0.0607477 -0.000996387 0.0077255 -0.0038792 -0.0116487 -0.00303603 -0.0606823 -0.0535291 -0.0723344 0.0457312 0.00757398 0.00812321 -0.0144366 -0.00580049 0.0930039 0.00387432 -0.0244384 -0.00651084 0.027531 -1.13358e-05 -0.0424639 0.0142611 -0.000532653 0.00461902 -0.00307594 0.0513535 0.000986466 -0.00386231 -0.047034 0.0129235 0.000664747 0.0119315 0.000903043 -0.052636 -0.0641996 0.00176288 0.0030905 0.00305871 -0.000211326 0.0554229 -0.0559646 0.033898 -0.0104978 0.00132437 7.38999e-05 0.0423486 -0.0040275 -0.00219669 -0.00988585 0.0553894 0.00985515 -0.00088897 4.84779e-05 0.0558357 0.000287166 0.0276696 -0.00124258 -3.72118e-05 -0.0183586 -0.00246995 0.0033979 -0.00211173 -0.00342665 -0.0481501 0.0701468 0.00106881 0.00480028 0.0674966 0.000434225 0.0617379 0.000524302 -0.00526177 -1.03679e-05 -0.00178888 -0.00163618 -0.0072567 -0.00337443 -5.08087e-07 -0.00341784 0.005356 0.00253323 -0.00233519 0.000109651 -1.99029e-05 -0.00950788 -0.00040252 -0.0115615 -0.0088132 0.000145466 0.00359893 
-4.88359e-05 0.0012175 2.12741e-06 0.000791689 9.73647e-05 -0.000645225 2.1626e-06 8.40527e-05 0.00167735 0.000429537 -0.00327366 -1.53987e-05 0.00146929 -0.00884158 -0.00423139 -0.00131895 -0.0035941 -0.00152945 -0.00203376 -0.00110871 2.20312e-06 0.000651946 -0.00171279 0.00480207 0.00387432 0.0123366 -0.000679886 -0.000462491 0.00192609 0.00125221 -0.000697791 -0.00452918 0.000341156 0.00147092 0.000215962 -0.00261699 0.000989385 0.000299482 -0.00206898 0.00372952 0.000463382 0.00298891 -3.31076e-05 -0.00225543 -0.00262736 -0.000222828 -0.00065948 0.001015 7.41556e-05 0.000417889 -0.00547966 -0.00234729 -0.00121056 0.000962052 -1.07197e-05 0.000397159 -0.000402114 0.00181361 0.000833876 0.000613164 -0.000307245 3.00358e-05 1.00411e-05 0.00198521 0.00320769 -0.00428124 5.65166e-05 8.44157e-05 -0.00157805 0.00206965 0.0015207 -0.000328885 -0.000417443 -0.00139685 0.00238109 0.000308052 0.00225397 0.000636722 0.000425717 -0.00116296 2.62259e-05 -0.000729304 2.70405e-06 0.000145974 -0.000156756 -0.000216387 -7.52594e-05 1.44399e-05 -0.000470406 0.00110498 0.000165552 -0.00144122 1.76767e-05 4.28509e-06 -0.000952538 -3.17191e-05 -0.00100891 -0.00100104 2.50953e-06 0.00651761 
0.000440335 -0.00105671 -0.00352133 -0.00267544 -9.19664e-05 -0.00962633 0.000328192 -0.000123047 0.00529614 0.00388029 0.00573479 -0.00583948 -0.0037602 -0.0444519 -0.0117433 -0.0471455 -0.000293508 -0.0377908 0.0252625 -0.0302893 -0.00517665 0.000471139 -0.0219855 0.00593698 -0.0244384 -0.000679886 0.213017 0.0355552 -0.00400503 -0.00281816 0.0263333 0.00248422 0.00248044 -0.00178292 0.000313373 -0.0147188 -0.00131472 0.0248329 -0.0727794 0.00194411 0.000307286 -0.00478071 -0.00161082 0.0118845 0.0227917 -0.00804195 0.00701474 0.0123135 0.00072697 -0.0852769 0.00451859 -0.0363564 0.0178125 0.025769 0.000959569 0.0152547 0.0163112 -0.00724241 0.0145902 -0.0406582 -0.00958502 -0.00169909 -1.32524e-05 -0.00586178 0.0113964 -0.0145393 0.00604313 -0.000573429 0.0593685 0.00884363 -0.00145046 0.00976317 0.0210143 -0.0367339 -0.0447371 4.52821e-05 -0.0011844 -0.034221 -0.00180555 -0.0156485 -0.000243108 0.0393929 1.29163e-05 -0.00153345 -0.00566188 -0.0143356 -0.00225611 -5.62193e-05 0.000454679 -0.00286251 0.0121259 0.0378382 -0.000208069 -1.18972e-06 -0.018348 0.00031367 0.00408601 0.0228599 0.000184979 0.00732508 
0.000874017 -0.000455924 -0.00208388 0.000913463 7.25404e-06 -0.0402434 -4.32543e-05 -5.23378e-05 0.0252283 -0.00156107 -0.0479189 0.0209286 -0.00203342 -0.0188471 -0.00478484 0.000849984 -0.0517436 -0.0211579 -0.0371029 -0.00559972 0.0182642 0.0031897 -0.00773094 0.0419624 -0.00651084 -0.000462491 0.0355552 0.107935 -0.00195096 0.0106378 -0.0161875 -0.0210745 4.47597e-06 -0.00126486 -0.00181944 -0.00278991 0.00153789 0.0011613 -0.0448823 0.0139036 0.000186513 -0.00187914 1.96672e-05 -0.0506387 -0.0501949 0.0169031 0.00937558 0.0198705 -0.000146327 -0.0379743 -0.0391423 0.0226156 -4.27793e-05 0.0105754 0.00125583 0.0371834 -0.00323064 0.00316166 -0.0106291 -0.00373608 -0.00353678 0.00161224 -5.58098e-06 0.0200226 -0.000277501 0.0074105 0.00344755 0.00136376 0.0133206 -0.0016201 0.000231918 0.0123588 0.00126443 -0.0180327 -0.0148168 0.00289015 -0.000955676 -0.000990163 0.00390637 -0.00897337 -8.18359e-05 0.0182981 5.87059e-05 0.00196314 0.0149211 0.00816482 0.00745885 0.000110492 0.00362387 0.0133962 0.0138244 0.0262394 0.000460639 6.47458e-05 -0.0135029 0.000503755 0.0213473 -0.00545162 0.0004608 0.00133555 
-9.11268e-05 0.00422843 0.000141306 0.00033899 3.48037e-05 -0.0321285 -5.45216e-05 0.000122393 0.00460174 -0.000803148 -0.0168152 -0.000789938 0.00687686 -0.00261255 -0.0143693 -0.0153763 -0.0321086 -0.029804 -0.0320701 0.00959586 -0.00108789 0.00654997 -0.00790636 -0.00378278 0.027531 0.00192609 -0.00400503 -0.00195096 0.0542417 -0.000253295 -0.0171834 0.00678178 -0.000372577 0.00465005 -0.000761365 0.0173513 0.0018497 -0.00224795 -0.0263178 0.0126157 0.000181049 0.00643068 -0.000367521 -0.0144644 -0.024685 -0.000760493 -0.00296593 0.00440094 1.09534e-05 0.0196403 -0.0349808 -0.0069853 -0.00550701 0.0140012 5.87347e-05 0.0301755 -0.00111273 -0.00154458 -0.00548572 0.0258949 0.0045819 0.000149321 5.17059e-05 0.0390877 0.00818597 0.00109134 -0.00076069 -8.32777e-05 0.0054879 -0.00138696 0.00337389 0.000510773 -0.00258663 -0.0253884 0.0179542 0.000466957 0.00419026 0.0225083 -2.56765e-05 0.0229048 3.33956e-05 -0.00369468 -9.06495e-06 -0.000728143 -0.000884295 -0.00415166 -0.00173255 1.35069e-05 -0.0018925 0.001471 0.00341904 0.00491227 -8.62819e-06 -1.6813e-06 -0.0062369 -0.000204685 -0.00448149 -0.00499196 -2.59313e-05 0.000401656 
-3.81073e-05 -0.000366633 -0.000544275 0.00573573 -5.11503e-06 0.00803686 8.48013e-05 -2.38087e-05 0.00414242 -0.000188413 -0.0169225 -0.000928152 -8.57746e-05 -0.0226728 -0.00532037 -0.000253631 -0.0179445 0.00483883 0.000437301 -0.00167267 0.0110615 0.0010426 -0.00379138 0.0225162 -1.13358e-05 0.00125221 -0.00281816 0.0106378 -0.000253295 0.0335586 0.0028533 -0.0123196 -0.000690852 1.47944e-05 -0.000698221 -0.00815701 0.00132707 -0.00132294 0.00344775 0.00275083 -4.5304e-05 -0.000128866 -7.11073e-05 -0.0184755 -0.0181576 -0.000777494 -0.000499849 0.00259741 -8.26996e-05 -0.0106944 -0.0201164 0.0105177 -0.00203986 -0.00155824 0.000305975 -0.00166363 -0.00133988 0.0190241 -0.00298047 -0.0071818 -0.00111513 -0.000189872 7.86804e-05 -0.00389256 0.00488516 0.00253587 -0.000287254 9.05527e-05 -0.0046989 0.000671764 -0.000119057 -0.000863529 -0.00142509 0.0120665 -0.00335348 0.00287548 -0.000600119 -0.00745251 -0.000354395 -0.00695975 -2.89265e-05 -0.00242597 9.15207e-05 -6.07104e-05 -0.000551688 0.0216453 0.0129171 5.14308e-05 -0.00124228 0.00137833 -9.66869e-05 -0.00265422 9.04183e-05 8.26536e-05 -0.00248102 -0.000114005 0.0193583 -0.0028757 0.000270436 0.00141218 
-0.00072748 -0.00459929 0.00558149 -0.0022676 -0.000131915 0.0988908 0.000160699 -0.000217052 -0.00686228 0.00414411 0.0514314 -0.0115106 -0.00607134 0.014196 -0.124956 -0.0198888 0.0828687 0.0681734 0.0979989 -0.0414949 -0.0105473 -0.00506989 0.0222175 0.000828061 -0.0424639 -0.000697791 0.0263333 -0.0161875 -0.0171834 0.0028533 0.244813 0.0270571 -0.00819676 -0.000137418 -0.0082171 -0.093693 -0.00139488 0.00108351 0.086415 -0.0133565 -0.000997824 -0.00670615 -0.00329298 0.102793 0.104045 -0.0108623 -0.0208415 -0.0211679 -0.000780365 -0.0514095 0.0577918 -0.0441024 0.0286647 -0.0316467 -0.000646412 -0.0604663 0.0183183 0.00224822 0.0337757 -0.0434192 -0.0129766 -0.00184679 2.38514e-06 -0.0726261 -0.00284034 -0.0254596 -0.000813137 -0.000793861 0.00410563 0.0105451 -0.00213888 -0.00576565 -0.0199223 0.0748697 -0.0653356 -0.000763705 0.0014352 -0.0912162 -0.00370284 -0.0908237 -0.000388849 -0.030115 -8.99805e-05 -0.00500846 -0.00732267 0.00287772 -0.00307475 -5.6055e-05 -0.00467384 -0.00896086 -0.00242798 -0.0536821 -0.000209924 -0.00010874 -0.0115957 -0.00131607 0.0076647 -0.0163845 -0.000152678 -0.00937671 
0.000514074 -0.00400376 0.00521713 -0.00345156 -0.000107565 -0.0427688 0.000593456 -0.000107368 -0.0120843 0.000250529 -0.0127482 -0.00594148 -0.00336701 0.0357741 -0.0410559 -0.0259889 -0.0288345 -0.0516577 -0.0223925 0.0330232 -0.0133348 -0.00130352 -0.0400979 -0.0419025 0.0142611 -0.00452918 0.00248422 -0.0210745 0.00678178 -0.0123196 0.0270571 0.234705 -0.00631272 -0.0035793 -0.00657494 0.0346691 -0.00230987 0.00184222 -0.0305365 -0.00990567 -0.00134309 -0.00332198 0.000752282 0.0148896 -0.00275515 0.000183394 -0.00472629 -0.0136203 -0.000803387 0.054332 0.0118791 0.0235601 -0.00520352 -0.0285106 -0.0005068 0.00834124 0.0149763 -0.0116512 0.00988634 0.0646299 0.00892925 -0.00279971 -3.85442e-05 0.0375543 -0.00451735 0.0657056 -0.0014321 -0.00182391 0.0084151 -0.00283392 -0.00171345 0.00114537 -0.0134557 -0.099343 0.0482187 -0.00162738 -0.00375501 0.036449 -0.00136836 0.0318689 -0.000329557 -0.0158399 -4.33179e-05 -0.00210381 -0.00629876 -0.026615 -0.0119785 -4.64248e-05 0.00443026 -0.00738604 -0.00494779 -0.0273662 -0.000218 -0.000101858 -0.0347552 0.000381139 -0.0273113 -0.0112984 -0.000188394 -0.0114309 
-7.93864e-05 0.000766228 -0.000208647 7.38899e-06 8.30288e-05 -0.0109775 -3.37194e-05 4.42515e-05 -0.000104905 -0.000268814 0.000668392 0.000158917 0.000635668 -0.00936205 0.0106446 0.000269688 -0.00948413 -0.011048 -0.0120817 -0.00145969 0.000661184 0.000103545 -0.00295956 -0.00258816 -0.000532653 0.000341156 0.00248044 4.47597e-06 -0.000372577 -0.000690852 -0.00819676 -0.00631272 0.0205824 -0.0001758 -0.000265209 0.0134023 0.00104917 -0.000299027 -0.0088075 0.000641821 -1.49592e-05 0.00143898 0.000256403 -0.00882741 -0.0103119 -0.000636899 -0.000894456 0.0127128 -6.66663e-05 -0.00337982 -0.0111115 -0.00461258 -0.00204472 0.0117276 -3.95591e-05 0.0100123 -0.000871368 -0.000515485 -0.00183374 -0.00386736 -0.000685168 -5.79056e-05 -5.26021e-08 0.012348 -0.000402574 -0.00903577 -0.000143663 0.000192512 0.000908365 -0.00040176 -6.20304e-05 -0.000301539 0.00163422 -0.00855035 -0.00105515 0.000309651 -0.00025874 0.0128096 -6.85386e-05 0.0117205 0.000177064 0.0091519 4.26863e-07 0.000269882 -0.000417576 -0.000981823 0.00192984 -3.69841e-06 -0.000781571 -0.000256313 -6.15319e-05 0.0137282 -1.83446e-05 8.18437e-06 -0.00215249 1.68835e-06 -0.00232114 -4.7095e-05 -9.7342e-06 0.00952957 
-1.34757e-05 0.0030419 -7.31974e-06 0.000758694 8.56436e-08 -0.00303433 -9.92543e-06 0.000104396 0.000350598 6.53879e-05 -0.00411977 -0.000327188 0.00538439 -0.00400771 -0.00358714 -0.00482344 -0.0031498 -0.00182131 -0.00340235 -0.000134466 -5.63971e-05 0.000444758 -0.00105473 0.000439267 0.00461902 0.00147092 -0.00178292 -0.00126486 0.00465005 1.47944e-05 -0.000137418 -0.0035793 -0.0001758 0.0112453 -0.000225793 -0.0014553 0.000508409 -0.000390242 -0.00145999 0.00345967 0.000189114 0.00261163 -9.76563e-05 -0.000611233 -0.00382671 -0.000206318 -0.000630903 -0.000139235 1.3762e-05 0.00306088 -0.00502511 -0.00267722 -0.00100971 0.00473207 -2.5903e-05 0.000705388 -0.00033677 0.000123161 -0.000607414 -0.000730244 -0.000284543 0.000169218 6.70413e-06 0.00378514 0.000581456 -0.00443649 1.72735e-05 0.000153047 0.00112495 -0.000120674 0.0014018 -1.44856e-05 -0.000262847 -0.00200346 0.00134112 3.15947e-05 0.00244661 0.00209695 0.000968352 0.000659825 7.51466e-05 -0.000643214 -2.25825e-06 -0.000165432 -0.000101054 -0.000198422 0.000365912 2.72144e-06 -0.000371042 0.00139561 0.000954673 0.000390764 1.63814e-05 -2.33063e-06 -0.0011028 -3.78953e-05 -0.000278645 -0.000852802 -5.03554e-06 0.000849877 
