0.0486659 0.00322337 -1.69531e-05 0.00707225 -0.00815497 -0.000279593 -0.000916817 0.00795129 0.000842078 0.000832099 -0.00409677 0.0265104 -0.00197016 0.00690109 4.91674e-06 0.000880684 0.00759152 -0.00210796 0.00296418 -0.0152624 0.00442037 0.00458749 -0.0163816 0.016142 0.00150706 0.0221906 -0.00830874 -0.00464979 -0.0194471 -0.00609726 -0.00417297 0.0162848 -0.00389803 -0.00070396 0.000367724 -0.00286962 3.80501e-05 -0.00290357 0.000749477 -0.00657714 -2.20774e-05 -0.00021936 -0.00853346 -0.00289115 -0.00533458 -4.71751e-05 0.00123744 0.000360124 0.00516091 -0.00564353 -0.00323903 -0.00183984 0.000389992 -0.0167825 -0.000861408 0.000872372 -0.000843781 0.000429398 0.000154096 -0.00945883 0.0102053 -0.0113236 0.00452656 -0.0178101 -0.0137521 -0.000475268 -0.00177705 0.0140401 0.00126543 0.000111925 -0.00887428 -0.00511706 0.0018365 -0.0248576 0.0151271 -0.00014269 -0.00563788 -0.00122743 -0.0255204 -0.000188181 0.00932788 -0.000154801 0.0016972 -0.00614566 0.0223371 0.00324791 -0.000313457 -0.0109651 6.37485e-05 9.24527e-05 1.81522e-05 0.00125318 -0.00178002 -4.70506e-06 -0.00339098 0.00120177 0.0249078 -3.87518e-05 0.00321319 0.00122426 
0.00322337 0.00464713 5.82267e-06 -0.00035218 -0.000729401 -3.1812e-05 -9.71778e-05 0.00315884 5.87083e-05 -8.89868e-06 -0.000156049 0.00304643 -0.000621332 -0.000192341 2.26485e-06 8.64965e-05 0.00290493 -0.000160795 0.00284323 -0.00193369 -0.000241763 -0.0007781 -0.0017922 0.00327084 0.000324703 0.00199246 -0.00106201 -0.000705613 -0.00188771 -0.000658074 -0.000405218 -0.000586892 -0.00067137 -8.47198e-05 -5.24082e-05 -0.000315867 1.27875e-05 -0.000252466 0.000799307 -0.000641714 2.25559e-05 -0.000135325 -0.00153647 -0.000274428 -0.000467731 -2.7052e-05 -0.00082539 0.000416228 0.00109948 -0.000556048 -0.000306735 -0.000300542 0.000147444 -0.0014535 -9.17132e-05 0.000902488 -4.7638e-05 2.28053e-05 -1.41798e-05 -0.000863488 -0.00116173 -0.00123171 -0.00122043 -0.00198217 -0.00318565 4.17059e-05 -0.000160921 0.000342361 -0.00012972 -1.48025e-05 -0.000815406 -0.00046806 0.000448182 -0.00268429 0.00379891 0.000767211 -0.00062103 -0.00025562 -0.00250032 -3.12721e-05 -0.000577281 -2.54169e-05 -0.000122214 -0.000895255 0.00236698 0.000209465 -0.000165775 -0.00200141 3.2993e-05 3.94879e-05 -6.23172e-06 0.0010351 0.0001843 2.67227e-06 -0.000376081 3.17327e-05 0.00294462 4.58695e-07 0.000380258 0.000338063 
-1.69531e-05 5.82267e-06 0.000888918 0.000448444 -0.000137828 -5.73702e-06 -1.74298e-05 -7.49195e-05 -5.1217e-06 1.36612e-05 -7.71561e-05 0.000338446 9.0039e-05 -0.000178092 1.18238e-06 0.000142016 -0.000239824 6.16023e-06 -7.02949e-05 -0.000298427 0.000312361 -2.54473e-06 -0.000283251 0.000506962 -0.000151997 0.000379461 -0.000197428 -0.000116938 -0.000288928 -9.05618e-05 -6.41746e-05 -7.2835e-05 8.30613e-05 9.47522e-06 1.51268e-06 -3.73286e-05 5.88757e-06 0.00014068 7.25535e-05 -0.00010315 1.38742e-07 -1.95651e-05 0.000270295 -2.94819e-05 -8.85438e-05 2.52792e-05 -0.000103375 1.49958e-08 2.76024e-06 -9.84505e-06 -4.06565e-05 -3.46229e-05 -5.02557e-06 -0.000287202 -1.02399e-05 -1.06104e-05 -6.95122e-07 1.26927e-05 5.13455e-05 -0.000159903 -0.000124385 -9.0052e-05 0.000389303 -0.000353321 -0.000468081 4.22875e-06 -2.90801e-05 5.93952e-05 0.000313392 3.46713e-06 -0.000133779 -7.73709e-05 2.2264e-05 -0.000424317 5.77481e-07 -5.43326e-05 -0.000108662 -5.28217e-05 -0.000361704 -6.62352e-06 0.000516101 3.61049e-06 3.54437e-05 0.000141202 0.000286141 -5.78189e-05 -1.88261e-05 0.000335999 3.20826e-08 -3.11089e-05 8.21542e-06 -0.000437457 -3.22483e-05 -1.7907e-08 -5.35558e-05 1.3241e-06 0.000340107 -1.14925e-06 -1.65144e-05 -6.063e-06 
0.00707225 -0.00035218 0.000448444 0.0768352 -0.0139433 -0.000424955 -0.00194628 -0.0220826 -8.41774e-05 -0.00310519 -0.00803027 0.0227502 0.0197608 -0.00718265 6.19413e-05 5.22577e-05 -0.0223513 0.000155267 -0.00823348 -0.0335133 0.00500579 0.0390981 -0.00744128 0.0269023 -0.0288028 0.02384 -0.0121999 0.00417647 -0.0238311 -0.00495034 -0.00540081 0.0188235 0.0255818 -0.00160375 0.000202261 -0.00340391 5.64759e-05 -0.00462759 -0.00744406 -0.0106514 6.50511e-05 -0.00382063 0.0154503 -0.00350142 -0.00868269 0.000354041 0.00814711 0.000416954 0.0117433 0.0236955 0.00789554 0.00766735 -0.000982397 -0.0235225 0.000659665 -0.00096447 -0.000485577 -0.000165067 -2.93605e-05 -0.00989534 0.0153777 0.00918228 0.0270601 -0.0360177 -0.0383515 8.32231e-05 -0.00262983 0.0243204 0.018517 -1.84437e-05 -0.0141519 -0.00665698 0.000358344 -0.0467435 -0.00223318 0.0125146 -0.00697734 -0.00339705 -0.0411895 -0.000123295 0.0200687 -0.000404823 0.00203002 0.0170823 -0.000280501 -0.0100538 -0.00278178 0.0266746 0.000218556 -0.00259348 4.47585e-05 -0.0387131 -0.00296921 9.7415e-05 -0.00428484 0.00177051 0.0220813 0.000277737 0.000111974 -0.000561664 
-0.00815497 -0.000729401 -0.000137828 -0.0139433 0.138776 -0.00105971 0.00534177 -0.0390633 -0.00237204 0.00536647 0.0695865 -0.0465014 -0.0237232 -0.0175882 -0.000148779 -0.00186877 0.025311 0.00320989 -0.0143385 0.0753798 -0.00838256 -0.0292672 0.0761497 -0.0332148 -0.0304778 -0.0690181 0.0151819 0.0254332 -0.00643381 -0.0222271 0.049639 -0.03367 -0.0238249 -0.00259806 -0.00156771 -0.0109212 -7.8878e-05 -0.00164965 -0.0210263 0.00328491 -0.000121025 -0.00429483 -0.0538498 -0.00907851 0.0559009 -0.000979881 -0.0377123 -0.000406372 -0.00714163 -0.0189939 -0.0060608 -0.0220434 -0.00389499 0.0681488 0.00701815 -0.000769603 -0.00408596 -0.000474529 -0.00192356 0.0910537 -0.0384081 -0.0427205 -0.0494631 0.0872378 0.0450428 -0.00051687 0.00602642 -0.042428 -0.0139621 -0.000538838 0.114117 -0.0105389 -0.00277368 0.060935 -0.00491608 -0.0158772 -0.00567893 -0.0061768 0.0689643 -0.00165916 -0.0290699 -8.04634e-05 -0.00409952 -0.0312625 -0.0508712 -0.0135575 0.0150367 -0.0673246 -0.00035447 0.00779784 -0.00014071 0.0186743 -0.00666185 -1.8832e-05 -0.00667905 -0.00115902 -0.0559644 -0.000250183 0.00178553 -0.00142886 
-0.000279593 -3.1812e-05 -5.73702e-06 -0.000424955 -0.00105971 0.00679108 0.000627409 -0.00177428 2.50672e-05 -0.000143581 -0.000587036 -0.00209294 -0.000672156 -0.00156669 -5.02879e-06 -8.37155e-05 -0.00144808 -0.000258342 -0.000725037 -0.00238289 -0.000129525 -0.000449177 0.00366651 -0.00132646 -0.000867694 -0.00227725 0.00419972 -0.000934611 -0.00136703 -0.000893317 -0.000505013 0.000287898 0.000844552 0.00253267 -4.9555e-05 0.0015444 3.72827e-06 -0.000374076 -0.000877743 -0.000939385 -5.09511e-06 0.00340674 0.00131621 -0.000337003 -0.000487775 1.81863e-05 -0.00154961 -1.86275e-06 -0.000251267 0.00183963 0.000549988 0.000637581 0.000498248 -0.0020481 -0.000109863 -7.03675e-05 -0.000126423 3.06281e-05 -2.90689e-05 0.00169649 -0.000779872 0.00477589 -0.000177203 -0.000178506 0.00112764 -3.58595e-05 0.000764308 -0.00163668 -0.000129452 -2.01933e-05 -0.0011195 0.0039376 0.000580819 -0.00320247 -0.000211065 0.000859033 -0.000722818 -0.000435859 0.00114811 -5.80995e-05 -0.00130645 -3.33135e-05 -1.38534e-05 0.00402868 -0.0019916 -0.00109804 -0.000234436 0.00216972 6.63532e-05 -0.000156619 1.08244e-05 -0.00376233 -0.000267327 -9.85389e-07 -0.000385226 -4.57448e-05 -0.0021826 3.07473e-06 -0.000157895 -9.59186e-05 
-0.000916817 -9.71778e-05 -1.74298e-05 -0.00194628 0.00534177 0.000627409 0.0277934 -0.00688669 -0.000352333 0.00167451 0.00116046 -0.00582729 4.23192e-05 -0.00569135 -1.44661e-06 0.00010959 0.00229869 -0.00114763 -0.00236332 0.00416394 -0.000201499 -0.00151746 0.0106788 -0.00547964 -0.00801246 -0.00813672 0.010937 0.00501359 -0.00139037 -0.00257834 0.0022851 -0.00487445 0.00229733 -0.000194585 0.000309224 -0.00128678 3.22892e-05 -0.000322171 -0.00336462 -0.0033007 -1.04789e-05 0.000238175 0.000401992 0.00146179 -0.000299487 0.000210795 -0.0064162 8.50844e-07 -0.00118189 0.00237338 0.0031781 -0.00191878 0.00189464 -0.00300487 -0.000335218 -0.000224007 -0.000485571 -2.10807e-05 -0.000292645 0.000659803 -0.00487844 0.00593027 -0.000711129 0.000308099 0.00760461 -0.000234671 0.000116099 -0.00491494 -0.00213699 -5.31735e-05 0.00520512 0.00736398 -0.000605295 -0.00392877 -0.000774062 0.00219694 0.000676539 -0.00150572 0.00308359 0.000176303 -0.00369062 0.000212171 0.000388094 0.00551551 -0.00628204 -0.00430662 -0.000177134 0.00187266 -3.68481e-05 0.0002028 1.18038e-05 -0.00511347 -0.00111003 1.14761e-05 0.00126343 -5.20968e-05 -0.00597818 -9.11437e-06 -0.000496525 -0.000230863 
0.00795129 0.00315884 -7.49195e-05 -0.0220826 -0.0390633 -0.00177428 -0.00688669 0.211404 0.00488994 0.00702339 -0.0185509 -0.00403879 -0.0360864 0.0421657 -0.00026427 -0.000122192 0.0624027 -0.0057907 0.0426668 -0.00247263 -0.0104389 -0.0459512 -0.0890918 0.00961266 0.0662268 0.021859 -0.0603864 -0.0436384 0.0771009 0.02035 -0.0254601 0.0083748 -0.0367054 -0.00305543 -0.000922347 0.00799825 -4.8165e-06 0.00724619 0.0629773 0.042018 -2.52037e-05 -0.0020977 0.0318798 -0.0165995 -0.0239224 -0.00162124 0.00156573 0.000197458 -0.00438644 -0.0280139 -0.0201133 0.00501344 -0.00330581 0.00719229 -0.00570036 0.0015187 -0.00596093 0.00120812 0.00104231 -0.0454808 -0.0640439 -0.0240062 -0.0254867 -0.0141071 -0.0381632 0.000774559 -0.00739937 -0.046214 -0.0156036 -0.00106562 -0.0479448 -0.0216017 -0.000203966 0.025294 0.0186598 -0.00782816 0.0267241 -0.0182549 -0.0315818 -0.0019517 -0.0343662 -0.00116267 -0.00555783 -0.0543954 0.0338551 0.0857496 -0.00947443 0.0135668 1.95913e-05 0.00749015 -0.000426882 0.0492036 0.0256703 -5.75456e-05 0.00206141 -0.0020163 0.0262527 -0.000294659 0.0100871 0.00284627 
0.000842078 5.87083e-05 -5.1217e-06 -8.41774e-05 -0.00237204 2.50672e-05 -0.000352333 0.00488994 0.0202191 0.00112319 -0.00177392 -0.00295138 -0.00249456 -0.000303776 8.18518e-06 -5.66843e-05 0.00434635 -0.000674497 -0.00181532 -0.00911438 0.00202979 -0.00348581 -0.00399183 -0.00383007 0.000789395 0.00249763 -0.00451988 -0.00243081 0.00655711 0.00168395 -0.000960872 -0.00179392 -0.00138786 -0.000188801 -0.000197082 0.00188634 2.26335e-05 -0.000511577 0.00369573 0.00251042 1.10303e-05 -0.000388937 0.01066 -0.000746022 -0.00155796 6.19926e-05 -0.00392499 -1.74793e-05 -0.000862253 -0.00234872 -0.00135517 -0.00234611 0.000275836 -0.00555332 -0.000386211 -0.000288609 -0.000434176 7.57041e-05 0.00188348 -0.00345617 -0.0035625 -0.000655721 0.000127483 0.00401741 -0.00166706 0.00110861 -0.000241172 -0.00365886 -0.0015235 -4.79068e-05 -0.00269932 -0.00133639 0.000386306 0.00282284 -0.000449449 -0.00178467 0.0062827 -0.000793182 -0.00772234 -0.000107013 -0.00338089 -0.000102532 0.00301324 -0.00318456 -0.000250174 0.00915487 -0.0003917 0.00788387 1.08493e-05 0.00504669 0.000171442 -0.00427084 0.00145858 -3.68167e-06 0.0027063 -0.000126568 -0.00389199 0.00015474 0.000327261 -1.20424e-05 
0.000832099 -8.89868e-06 1.36612e-05 -0.00310519 0.00536647 -0.000143581 0.00167451 0.00702339 0.00112319 0.0483926 0.00574999 -0.0108479 -0.00619601 -0.0041173 -2.48727e-05 0.00502027 0.00510295 -0.00024927 0.000282459 0.000239545 0.00395976 -0.00178983 0.000148312 -0.00874659 0.0076626 -0.0104213 -0.00503891 0.00476818 0.00962495 0.00114722 0.0064156 -0.0127912 -0.00655827 0.00129991 0.000275786 0.00108152 -2.39695e-05 0.00400145 0.00270115 0.000905776 -3.26963e-05 0.00147043 -0.000805006 0.00104754 -0.00215915 0.000871948 -0.0104073 2.04087e-05 -0.00200694 -0.00389214 -0.0031481 -0.00503019 -0.00141031 -0.00208956 -0.000461323 -0.00010945 -0.00119744 0.00083652 0.00200861 -0.00649293 -0.00150201 -0.00249528 -0.00769692 0.0142216 0.00628241 -0.000382943 0.000136447 -0.0113638 -0.00415223 -3.94379e-05 0.00646016 -0.00423966 0.0013868 0.0060888 0.000273376 -0.0028839 0.00858043 -0.0017659 0.00728895 1.60515e-06 -0.00423842 -0.000158595 -0.000952309 -0.00695083 -0.0119446 0.00365742 -0.000173371 -0.00625665 -2.17334e-05 0.00535474 0.000310418 -0.00879754 0.000206063 -8.78179e-06 0.00443523 -0.000336095 -0.0117318 -4.81689e-05 0.00204823 -0.000354945 
-0.00409677 -0.000156049 -7.71561e-05 -0.00803027 0.0695865 -0.000587036 0.00116046 -0.0185509 -0.00177392 0.00574999 0.0875374 -0.0273064 -0.0133992 -0.0129407 -4.7709e-05 0.000153998 0.0128997 0.00613295 -0.00501794 0.0419509 -0.00541303 -0.0175559 0.0384743 -0.0189403 -0.0306282 -0.0410796 0.00623131 0.00952482 0.00636828 -0.0138505 0.0135405 -0.025569 -0.0138212 -0.0013844 -0.00119787 -0.00647811 -3.88053e-05 -0.00321862 -0.00903597 0.00564779 -4.51349e-05 -0.00376619 -0.0308877 -0.00577452 0.0201541 -0.000552166 -0.0222556 -0.000222783 -0.00403133 -0.0110026 -0.00313682 -0.0124553 -0.00272578 0.0500104 0.00451694 -0.000658372 -0.00238074 -9.38819e-05 -0.0012017 0.0577492 -0.0245475 -0.0239231 -0.0288591 0.0476421 0.0233851 0.000225873 0.00403566 -0.0249378 -0.00829953 -0.000321621 0.0594852 -0.00531275 -0.00154672 0.0350166 -0.00182233 -0.00813296 -0.00985246 -0.00494053 0.0375667 -0.000971267 -0.0178894 -0.000308901 -0.00247405 -0.0167184 -0.0296541 -0.00413972 0.0129761 -0.0404896 -0.000108273 0.0101881 -6.23301e-05 0.00498886 -0.00371868 -8.14205e-06 -0.00338891 -0.000684112 -0.0303899 -0.000118901 0.00381494 -0.00170757 
0.0265104 0.00304643 0.000338446 0.0227502 -0.0465014 -0.00209294 -0.00582729 -0.00403879 -0.00295138 -0.0108479 -0.0273064 0.214211 0.0623664 0.028032 4.2728e-05 -0.00112676 -0.034161 0.00115267 0.00655791 -0.0373674 -0.00242383 0.0520063 -0.10177 0.0942337 0.0199296 0.0955629 -0.0430191 -0.00502099 -0.098408 0.00408224 -0.0220023 0.0350422 -0.0364076 -0.00478911 -0.0021711 -0.0128143 -2.50732e-05 -0.0110374 -0.0241806 -0.0252183 8.85075e-05 -0.00661995 -0.0720638 0.00720688 -0.025634 0.00166959 0.0649797 0.000231724 0.0131306 -0.0282456 -0.0162818 0.0223836 -0.00615142 -0.0415536 -0.00524119 -0.000526156 0.01605 -0.000723997 -0.000600086 -0.0536756 0.0750299 -0.0705543 0.0469343 -0.0773869 -0.0606783 0.00144277 -0.00735106 0.124904 0.0177387 0.00147884 -0.0473967 -0.0304054 0.00507646 -0.107522 0.0124254 -0.0233491 -0.0277022 0.0230073 -0.057491 0.00106597 0.0930217 -0.00170137 -0.00730678 -0.0426805 0.120664 -0.0235638 -0.00199901 -0.0688716 -0.000325934 -0.0108008 -0.000221907 0.0511064 -0.0110864 -3.91811e-05 -0.0166294 0.00436599 0.148003 -0.000303524 -0.00213687 -0.0015404 
-0.00197016 -0.000621332 9.0039e-05 0.0197608 -0.0237232 -0.000672156 4.23192e-05 -0.0360864 -0.00249456 -0.00619601 -0.0133992 0.0623664 0.12286 -0.0122586 0.000126087 -0.000415487 -0.0382562 0.00138007 -0.00725997 -0.0256595 -0.00663451 0.0680786 -0.0359072 0.0241516 -0.0429599 0.030838 -0.0109581 0.00610066 -0.0495491 0.00794566 -0.00882297 0.0141977 0.00241524 -0.00278161 -0.000116601 -0.00608242 -2.43332e-05 -0.0022456 -0.0197022 -0.0198836 0.000307097 -0.00428656 -0.0246871 0.0197302 -0.0142387 0.000855183 0.0191241 0.000292092 0.0104565 0.00958596 0.00223874 0.0300929 -0.00100742 -0.041304 0.00176068 -0.00161276 0.0177741 -0.00023244 -0.00078749 -0.0222825 0.0589678 -0.0101933 0.0300066 -0.0574681 -0.0192905 0.00116702 -0.00481219 0.0791777 0.00368934 0.0020508 -0.0231625 -0.0101436 -0.000232732 -0.0711094 -0.00384852 -0.00287514 -0.0124356 0.0155267 -0.0390751 0.00040598 0.0528527 0.00042163 -0.00164195 0.0100147 0.0147655 -0.0234811 -0.00135176 -0.0186372 -0.000163242 -0.00540061 3.03231e-05 -0.007983 -0.00557926 -1.25546e-05 0.000188744 0.00515344 0.0607121 0.000396371 -0.00207079 -0.00201059 
0.00690109 -0.000192341 -0.000178092 -0.00718265 -0.0175882 -0.00156669 -0.00569135 0.0421657 -0.000303776 -0.0041173 -0.0129407 0.028032 -0.0122586 0.185733 -0.000224375 -0.000391797 -0.0350067 -0.00184955 0.0485001 0.0324969 0.0130175 -0.00572884 -0.0705431 0.0223325 0.0409544 -0.0203449 -0.0463175 -0.021374 -0.0146932 0.0155058 -0.0107927 0.0776727 -0.0268184 -0.00362543 -0.00134182 -0.0131395 1.19983e-05 0.00253086 0.0249339 -0.0280069 0.000192612 -0.00199094 -0.0477191 -0.00852403 0.00201195 -0.000889652 0.067678 -0.000558736 0.000343844 -0.0254706 -0.0147943 0.0181328 -0.00390439 0.0596257 -0.00459944 0.00328436 -0.00209418 0.00035378 0.00191866 -0.0286835 -0.00547163 -0.0546095 0.0286374 -0.0758478 -0.086756 0.00109343 -0.00749404 0.00903993 -0.00935244 -8.07838e-07 -0.0126893 -0.0244631 -0.000489791 -0.0185789 0.00385372 -0.0125028 -0.0302654 -0.0015318 0.0193382 -0.000919449 0.00997314 -0.000886415 0.00095468 -0.0410758 0.079109 0.0166611 -0.00146919 -0.0575659 -0.000434768 -0.00174486 0.00025109 0.0279041 -0.00666846 -5.08325e-05 -0.0168589 -0.00137631 0.0769467 1.44375e-05 0.000629298 0.00181507 
4.91674e-06 2.26485e-06 1.18238e-06 6.19413e-05 -0.000148779 -5.02879e-06 -1.44661e-06 -0.00026427 8.18518e-06 -2.48727e-05 -4.7709e-05 4.2728e-05 0.000126087 -0.000224375 0.00114993 2.65822e-05 -0.000215856 0.0003208 -5.72991e-05 -0.000452608 0.000263222 5.18455e-06 -9.97942e-05 -0.000211843 -0.000208278 0.000194711 -0.000141762 9.19391e-05 -0.000106281 -0.000103373 -6.50118e-05 -0.00029828 0.000194664 -7.37388e-06 2.75264e-05 -3.60988e-05 1.25938e-07 3.20581e-06 -0.000106909 -9.32671e-06 -7.18388e-07 -2.52316e-05 0.000154644 0.000391706 -0.000116756 -4.21104e-06 -0.000252581 -7.71631e-07 -3.78051e-05 2.61067e-05 1.03401e-05 -0.000104116 0.000135209 -0.000275137 -4.77656e-06 -1.32001e-05 0.000132932 -2.24478e-06 0.00012239 -7.56988e-05 0.000357534 -1.26396e-05 0.000319403 -8.35548e-05 5.32405e-05 1.88775e-06 7.87724e-05 -6.05028e-05 -6.4052e-05 0.000120535 -0.000167435 -3.9559e-05 -1.12021e-05 -0.000172313 2.98708e-05 -8.57405e-07 5.88473e-05 -1.16222e-06 -0.000304701 7.4875e-05 0.000211414 1.86361e-05 0.000236239 -1.38925e-05 -0.000205911 -1.12599e-05 -2.16956e-05 -2.90052e-05 5.15632e-06 6.55945e-05 9.91794e-05 -0.000166128 -4.53939e-05 -1.1844e-07 0.000114558 2.30313e-05 -0.000257189 2.36031e-05 3.69214e-05 -9.43137e-06 
0.000880684 8.64965e-05 0.000142016 5.22577e-05 -0.00186877 -8.37155e-05 0.00010959 -0.000122192 -5.66843e-05 0.00502027 0.000153998 -0.00112676 -0.000415487 -0.000391797 2.65822e-05 0.0161482 -0.000343043 -0.000642981 -0.000534461 -0.00571066 0.00608948 0.00180836 -0.00479395 0.000444084 0.00073662 0.00344195 -0.00117308 -0.00206102 5.26682e-05 0.00106002 -0.00137987 -0.00296839 -0.000795492 0.000162347 0.000524788 -0.000917911 3.02183e-05 0.00717163 0.00158102 -0.00146148 -9.02513e-06 -0.000576096 0.00409169 0.00397898 -0.0014563 0.00165405 -0.00178374 8.59067e-06 -0.000437914 -0.00133518 -0.000921265 -0.00131017 -0.00029781 -0.00416204 -0.000308091 -0.000101372 0.000386475 0.000849464 0.000828818 -0.00255087 0.002013 0.00324864 -0.000882449 0.000939924 -0.00252723 -0.000157659 0.000631927 -0.00229674 -0.00067976 0.000225547 -0.00249901 -0.000992191 0.000215097 -0.00851722 0.000908327 0.000697191 -0.00185502 0.000863278 -0.000480184 -9.19764e-05 0.00473453 -7.57121e-07 -0.000106394 -0.0014821 -0.00226647 0.000115589 -0.000293641 0.00104417 8.53667e-05 0.00086971 3.06515e-06 -0.00788246 -0.000620587 -1.3538e-06 0.000294288 2.34723e-05 -0.00121646 1.06407e-06 0.00276653 -0.000254848 
0.00759152 0.00290493 -0.000239824 -0.0223513 0.025311 -0.00144808 0.00229869 0.0624027 0.00434635 0.00510295 0.0128997 -0.034161 -0.0382562 -0.0350067 -0.000215856 -0.000343043 0.217249 -0.0106619 -0.00807686 -0.0269983 -0.00891458 -0.0512075 0.0234534 -0.0363969 0.00865317 0.0308637 -0.0174447 0.0164486 0.0244141 -0.0410175 0.0143602 -0.0684181 -0.0146992 -0.000998885 -0.00183677 0.019769 4.43125e-05 -0.00314272 0.0191686 0.0397899 -0.000189164 0.00251151 0.0391083 -0.0136377 0.0130503 -0.00183189 -0.0657314 5.53018e-05 -0.00804344 -0.00213384 -0.00165259 -0.0396827 -0.0041627 -0.0239923 -0.0041808 -0.0010491 -0.00605296 0.000502536 -0.00154507 0.0338321 -0.0325062 0.0036026 -0.0153112 0.0769224 0.0529058 -0.000305089 -0.00743173 -0.0490837 -0.0109398 -0.000972294 0.0276157 -0.0124261 -0.00350518 0.047637 0.0153334 0.0130681 0.0309071 -0.00796386 -0.0605117 -0.00234835 -0.0386726 -0.000970219 -0.00886874 -0.0323013 -0.0123304 0.0252149 -0.00103597 0.00344468 -0.000140251 -0.000506698 -0.00040264 0.0254761 0.0187776 -4.0389e-05 -0.0144156 -0.00209729 -0.0671557 -0.000433359 0.00895415 0.00240697 
-0.00210796 -0.000160795 6.16023e-06 0.000155267 0.00320989 -0.000258342 -0.00114763 -0.0057907 -0.000674497 -0.00024927 0.00613295 0.00115267 0.00138007 -0.00184955 0.0003208 -0.000642981 -0.0106619 0.0410951 0.000552768 0.00481747 -0.00122382 0.00984181 -0.00925108 0.00663076 -0.00234186 -0.00722924 -0.0071231 -0.00273763 -0.00601768 0.00387266 -0.000331948 0.00154001 -0.00430443 0.000522633 -0.000524555 -0.00131216 -1.66369e-05 -0.00138655 -0.00396858 -0.00467533 4.61586e-05 -0.0017192 -0.0122992 0.00205359 0.00242614 -0.000125343 0.00856398 -6.02323e-05 0.00641688 -0.00485735 -0.00272313 0.00521136 -0.00115841 0.019469 0.000354054 3.74665e-05 9.35163e-05 -9.93712e-05 0.000329921 0.00248224 0.000374369 -0.00882582 -0.0117274 0.00494575 -0.00274677 0.00196592 0.0037039 0.000971636 -0.00049225 0.000454936 0.00135484 -0.00275114 -3.54895e-05 0.00109052 -0.00120693 -0.00422572 -0.0045759 -0.000348916 0.0125372 0.00148382 0.00185335 -0.000212974 -0.00101505 -0.00728934 -0.00696314 -0.00586799 0.000531349 -0.0131249 -8.58317e-05 0.00014977 0.000155099 0.0080285 -0.00148407 1.32362e-05 -0.000550733 6.92681e-05 0.00326324 -2.4558e-05 0.00122183 -0.000298421 
0.00296418 0.00284323 -7.02949e-05 -0.00823348 -0.0143385 -0.000725037 -0.00236332 0.0426668 -0.00181532 0.000282459 -0.00501794 0.00655791 -0.00725997 0.0485001 -5.72991e-05 -0.000534461 -0.00807686 0.000552768 0.0961564 0.0330956 -0.0039882 -0.0154336 -0.039766 0.00678244 0.0195911 -0.0124152 -0.010975 -0.0141057 0.00850282 -0.00464703 -0.00915761 0.00380353 -0.0146076 -0.00156673 0.00125113 -0.00663211 8.37291e-05 -0.000929214 0.0190486 -0.0122391 0.000302339 -0.00304117 -0.0270196 -0.00457677 0.00472214 -0.000571128 0.0371324 0.000180264 0.00217566 -0.0112945 -0.00715797 -0.00141676 -0.00133131 0.0395223 -0.00169524 0.00883159 -0.00228929 0.000937621 -0.00016567 -0.0170197 -0.0252836 -0.0262567 -0.00340456 -0.0405565 -0.0541945 -0.00063645 -0.0033663 0.00844232 -0.00703818 4.67743e-05 -0.0134923 -0.00962315 -0.00116277 0.0103778 0.0118191 -0.000892318 -0.0131105 -0.00654224 0.0198696 -0.000818089 -0.0190028 -0.000391364 -0.000301263 -0.018484 0.0436331 0.00433072 -0.000845712 -0.030445 2.74403e-05 0.000105625 -0.000144975 0.0203557 -0.000625843 -1.48755e-05 -0.00729338 -0.000721749 0.0426176 9.78383e-06 0.00479615 0.00426527 
-0.0152624 -0.00193369 -0.000298427 -0.0335133 0.0753798 -0.00238289 0.00416394 -0.00247263 -0.00911438 0.000239545 0.0419509 -0.0373674 -0.0256595 0.0324969 -0.000452608 -0.00571066 -0.0269983 0.00481747 0.0330956 0.249855 -0.0225397 -0.0505559 0.0439846 -0.00379585 0.00346213 -0.136118 0.029574 0.0012108 0.0266917 -0.00192085 0.0360938 0.0266593 -0.0474395 -0.00248751 0.000203484 -0.0272785 -0.000244349 0.00377623 -0.0156622 -0.00552275 9.13234e-05 0.000185746 -0.119171 -0.0127126 0.042262 -0.00206625 0.0284341 -0.00101779 -0.00407216 -0.0420728 -0.0193425 0.020922 -0.0111485 0.130194 0.00565383 0.00251609 -0.0113519 -0.00094393 -0.00615082 0.055259 -0.082447 -0.0689787 -0.0744553 0.0187017 -0.008493 -0.00399241 -0.00283318 -0.0327622 -0.0384757 -0.000707907 0.082952 -0.00299111 -0.00359996 0.0789429 -0.00684865 -0.0440161 -0.00570622 -0.0188251 0.145912 -0.00441637 -0.0406132 0.00170454 -0.00109304 -0.0464196 -0.0134919 -0.00366355 0.0122976 -0.0851219 -0.000702039 -0.00377405 -0.000469341 0.073938 -0.0178605 -8.00763e-05 0.00431615 -0.00330524 0.0115844 -0.000384098 -0.00565595 -0.00255717 
0.00442037 -0.000241763 0.000312361 0.00500579 -0.00838256 -0.000129525 -0.000201499 -0.0104389 0.00202979 0.00395976 -0.00541303 -0.00242383 -0.00663451 0.0130175 0.000263222 0.00608948 -0.00891458 -0.00122382 -0.0039882 -0.0225397 0.0529158 0.00334131 -0.0124008 -0.00490698 0.0028947 0.0179758 -0.00470487 -0.00754881 -0.0127032 -0.00093026 -0.0044859 0.0129917 0.00365642 0.000541314 0.00200375 0.00435097 3.796e-05 0.0128265 0.0119397 -0.0077325 7.58219e-06 -0.00178711 0.0217496 0.00962009 -0.00569899 0.000541794 -0.00840185 -0.000139432 -0.00139807 -0.00293172 -0.00281887 -0.00561403 -0.00102992 -0.0165362 -0.000763324 -0.000633416 -0.00123741 0.000471831 0.00531648 -0.00993527 0.0160436 0.0125753 0.0124432 -0.00576609 -0.00295903 0.00103827 0.000280892 -0.00604154 0.00200416 0.000569338 -0.00891417 -0.00376129 -0.000417545 -0.00820736 -0.000151337 0.000608681 -0.00566588 -0.000764188 -0.011401 0.00207805 0.0138898 0.000315064 0.00857135 0.000914006 0.000169042 -0.00558944 -0.00204815 0.0136102 -9.81769e-05 -0.00081579 0.000805284 -0.0281619 -0.00187709 -1.06763e-05 -0.00104246 -0.000353749 -0.00465053 4.32202e-05 0.000116747 -0.000789337 
0.00458749 -0.0007781 -2.54473e-06 0.0390981 -0.0292672 -0.000449177 -0.00151746 -0.0459512 -0.00348581 -0.00178983 -0.0175559 0.0520063 0.0680786 -0.00572884 5.18455e-06 0.00180836 -0.0512075 0.00984181 -0.0154336 -0.0505559 0.00334131 0.152009 -0.0521269 0.0497523 -0.0249175 0.0357068 -0.0391304 -0.000466151 -0.0705224 0.0253102 -0.0105875 0.042469 0.00404066 -0.0014748 -0.00178916 -0.00120729 -7.31292e-05 -0.00229262 -0.0129209 -0.0261202 0.000244303 -0.00313884 -0.0278285 0.0203855 -0.0134572 0.00357314 0.0465247 0.000363226 0.0255658 0.00580081 -0.00544146 0.0409047 -0.00425434 -0.0309618 -0.000472021 -0.00223765 0.0163677 -0.000381842 0.000848878 -0.0319 0.0840216 -0.0140105 0.0218451 -0.0589011 -0.0416491 0.000745994 -0.00598099 0.0798867 0.00741634 0.000674299 -0.027197 -0.0186152 0.00432141 -0.0861175 -0.00489228 -0.00207421 -0.0196065 0.0188526 -0.0412192 0.0041775 0.0766726 -0.000960133 -0.00343133 -0.00106359 -0.00263701 -0.0325048 -0.004129 -0.0191082 -8.02866e-05 -0.00711353 0.000328295 -0.0264318 -0.00679003 4.21086e-05 -0.0023194 0.00475411 0.0663572 -1.3225e-05 -0.00177602 -0.00268199 
-0.0163816 -0.0017922 -0.000283251 -0.00744128 0.0761497 0.00366651 0.0106788 -0.0890918 -0.00399183 0.000148312 0.0384743 -0.10177 -0.0359072 -0.0705431 -9.97942e-05 -0.00479395 0.0234534 -0.00925108 -0.039766 0.0439846 -0.0124008 -0.0521269 0.237337 -0.0749017 -0.0686591 -0.100121 0.113106 0.0441313 0.0172473 -0.0488159 0.048227 -0.0613748 0.0573346 0.00832091 0.00265991 -0.00307417 5.97607e-05 -0.0148957 -0.0363507 -0.00831399 -0.000282112 0.0122741 0.0251773 -0.0127089 0.0300827 -0.00151448 -0.0873452 -4.96191e-05 -0.0163239 0.0472247 0.0381987 -0.030945 0.00949899 0.0040102 0.00953373 -0.0044502 -0.00909943 -0.000548808 -0.00452442 0.0953831 -0.0487339 0.0781882 -0.0150301 0.0729976 0.0901887 -0.00216668 0.00700618 -0.082484 -0.00258528 -0.00113932 0.0837337 0.0528546 -0.00467441 0.0443548 -0.0115364 0.0344185 0.0117579 -0.0169102 0.0499987 -0.00343629 -0.0706292 0.00173097 0.00844377 0.0846784 -0.105806 -0.0451443 -0.00179442 0.0293799 0.000194355 -0.0069658 -5.72464e-05 -0.0427938 -0.0120514 8.24792e-05 0.00209674 -0.00267646 -0.130982 0.0003606 -0.00829712 -0.00299538 
0.016142 0.00327084 0.000506962 0.0269023 -0.0332148 -0.00132646 -0.00547964 0.00961266 -0.00383007 -0.00874659 -0.0189403 0.0942337 0.0241516 0.0223325 -0.000211843 0.000444084 -0.0363969 0.00663076 0.00678244 -0.00379585 -0.00490698 0.0497523 -0.0749017 0.161368 0.00541039 0.044073 -0.0443803 -0.0176708 -0.0608556 0.00784685 -0.0162993 0.0533195 -0.0181963 -0.00345534 -0.00212776 -0.0103521 -4.09295e-05 -0.00222185 -0.00648163 -0.0247641 0.000203884 -0.0065692 -0.0490214 -0.00844648 -0.0163803 0.00302526 0.0634361 0.000675612 0.025156 -0.0118606 -0.0116592 0.0284496 -0.00557927 0.00375305 -0.00308725 0.00250478 0.00864311 -0.00010125 -0.000574247 -0.037039 0.0120436 -0.0442927 0.0150994 -0.0722198 -0.10067 0.0022083 -0.00698608 0.0623059 0.0218138 0.000120884 -0.0307562 -0.020639 0.00872578 -0.0804092 0.0100274 -0.0134564 -0.0255119 0.0139908 -0.0216846 -7.8538e-05 0.0665164 -0.00111753 -0.0062831 -0.0272877 0.0642886 -0.0139255 -0.00362088 -0.0350597 -0.000319803 -0.00723229 -0.000256897 0.019078 -0.00694771 3.13042e-05 -0.015231 0.0027084 0.11623 -4.51536e-05 0.000335309 -0.00120394 
0.00150706 0.000324703 -0.000151997 -0.0288028 -0.0304778 -0.000867694 -0.00801246 0.0662268 0.000789395 0.0076626 -0.0306282 0.0199296 -0.0429599 0.0409544 -0.000208278 0.00073662 0.00865317 -0.00234186 0.0195911 0.00346213 0.0028947 -0.0249175 -0.0686591 0.00541039 0.193349 0.0452691 -0.0372795 -0.0211049 0.0455214 0.0220919 -0.0165808 0.000519005 -0.0669577 0.00310824 -0.000588273 0.0122681 -0.000258413 0.00508365 0.0179353 0.0137474 -0.000467029 -0.00270117 -0.0228178 -0.00138667 -0.0140526 -0.00011788 0.0318771 -0.00117164 -0.00525239 -0.0550186 -0.0469128 -0.0122836 -0.00234254 0.0133353 -0.0107376 0.000883638 -0.00875164 1.39561e-05 0.00109186 -0.0465887 0.00915268 -0.0316975 -0.0393036 0.0373395 0.00405151 -0.00326797 -0.00258044 -0.00394959 -0.00810563 -0.000887205 -0.0265987 -0.00701061 0.00257206 0.0477195 0.00473427 -0.0497462 0.0159307 -0.00532232 0.0310246 0.00145088 0.00652282 -0.001582 -0.016702 -0.0608499 0.0479144 0.0227859 -0.00513135 -0.0131863 -0.000696127 -0.00261876 -0.000293436 0.0568395 0.0084142 -0.000144902 -0.00334616 -0.00346678 0.0196663 -0.000852247 -0.00335942 0.00174306 
0.0221906 0.00199246 0.000379461 0.02384 -0.0690181 -0.00227725 -0.00813672 0.021859 0.00249763 -0.0104213 -0.0410796 0.0955629 0.030838 -0.0203449 0.000194711 0.00344195 0.0308637 -0.00722924 -0.0124152 -0.136118 0.0179758 0.0357068 -0.100121 0.044073 0.0452691 0.244724 -0.0671967 -0.0189669 -0.0462644 -0.0173428 -0.0347887 -0.0278436 -0.00611786 -0.00296725 -0.00025034 0.0238137 1.64833e-05 -0.0107746 0.00802739 0.00526615 -0.000307923 -0.013124 0.055517 0.0149101 -0.0306214 0.00137018 0.00489918 -0.000258136 0.00283425 -0.000428842 -0.0201488 -0.0323396 0.00187623 -0.108212 -0.00628299 0.000945547 0.0106338 1.68904e-05 0.00400257 -0.0759784 0.0783508 0.0112403 0.0549053 -0.0254635 -0.00707933 0.00080126 -0.00816082 0.0706329 0.0394285 0.000979998 -0.072054 -0.0231548 0.00494022 -0.0551901 0.00936444 -0.00448341 -0.000108425 0.0192156 -0.127576 0.00372746 0.0749532 -0.00212854 -0.00888844 -0.0131994 0.0815409 0.000751287 -0.00253842 0.0376581 -0.000448565 -0.00980089 -7.30889e-05 -0.00262778 0.0176225 -5.13747e-05 -0.0193077 0.00207491 0.0443088 -0.000464034 -0.00274222 0.00488321 
-0.00830874 -0.00106201 -0.000197428 -0.0121999 0.0151819 0.00419972 0.010937 -0.0603864 -0.00451988 -0.00503891 0.00623131 -0.0430191 -0.0109581 -0.0463175 -0.000141762 -0.00117308 -0.0174447 -0.0071231 -0.010975 0.029574 -0.00470487 -0.0391304 0.113106 -0.0443803 -0.0372795 -0.0671967 0.194829 -0.0186367 -0.00965452 -0.0310707 -0.00830809 -0.021058 0.0465883 0.0065539 0.00660442 -0.00924223 6.65719e-05 0.000132016 -0.0307543 -0.0126081 -0.000113969 0.00854264 0.0182989 -0.000295368 0.0075881 -0.00120431 -0.0334335 0.000184443 -0.00824397 0.0417998 0.0411068 -0.00799304 0.00519669 -0.0109517 0.00253311 -0.000571922 -0.00594828 -0.000154985 -0.00306702 0.045143 -0.0387548 0.0790556 -0.0167546 0.0103181 0.0600783 -0.000971134 0.00603669 -0.0306805 -0.00108644 0.000334595 0.0166271 0.0574937 -0.00330711 -0.00127723 -0.00553054 0.0306261 -0.0124392 -0.0148403 0.0433939 -0.00223656 -0.0495458 0.00234671 0.00277694 0.0806503 -0.0520462 -0.0434982 -0.000214498 0.0460609 0.000302108 -0.00779753 -2.75022e-05 -0.045252 -0.0101401 1.3168e-05 0.000512039 -0.00168138 -0.0615883 0.000314852 -0.00608828 -0.000712529 
-0.00464979 -0.000705613 -0.000116938 0.00417647 0.0254332 -0.000934611 0.00501359 -0.0436384 -0.00243081 0.00476818 0.00952482 -0.00502099 0.00610066 -0.021374 9.19391e-05 -0.00206102 0.0164486 -0.00273763 -0.0141057 0.0012108 -0.00754881 -0.000466151 0.0441313 -0.0176708 -0.0211049 -0.0189669 -0.0186367 0.131008 -0.00698425 -0.0100571 0.0410248 -0.0358137 -0.000104322 -0.00158026 -0.00110758 -0.00476601 -3.07865e-05 -0.00780093 -0.0185673 -0.0156546 -4.85212e-05 -0.00308906 -0.0252303 -0.00438135 0.00529618 -0.000193596 -0.0252937 0.000147245 -0.00382257 0.00552555 0.0049969 -0.0157077 -0.00117054 -0.00252253 0.00576543 -0.00201728 0.00121873 -0.000455277 -0.0018061 0.029491 0.0233039 -0.0120966 0.0143497 0.0219668 0.0227468 -0.00103367 -0.00192177 0.00681012 -0.0048918 9.23191e-05 0.039587 -0.0130305 -0.00281923 0.000650881 -0.00376793 0.00174967 0.0161626 0.0119329 0.00422586 0.000596194 -0.0020107 6.14275e-05 -0.00360407 -0.00030705 -0.00949841 -0.0264557 -0.00202037 -0.0344128 -0.000121753 -0.00490446 -0.000159978 0.0196656 -0.00608051 2.50198e-06 -0.00234759 0.00123744 -0.019076 -5.61265e-05 -0.00369674 -0.00182614 
-0.0194471 -0.00188771 -0.000288928 -0.0238311 -0.00643381 -0.00136703 -0.00139037 0.0771009 0.00655711 0.00962495 0.00636828 -0.098408 -0.0495491 -0.0146932 -0.000106281 5.26682e-05 0.0244141 -0.00601768 0.00850282 0.0266917 -0.0127032 -0.0705224 0.0172473 -0.0608556 0.0455214 -0.0462644 -0.00965452 -0.00698425 0.244677 0.00097584 -0.0111607 -0.0359328 -0.00526513 -0.00645431 -0.0017696 0.0117952 -5.58218e-05 -0.00112234 0.0363044 0.0469056 -0.00024459 -0.0105779 0.0758735 -0.0137698 -0.029679 -0.000921596 -0.0361983 -0.000346116 -0.0174234 -0.0103495 -0.0158119 -0.032038 0.0146819 0.0271205 -0.0029159 -0.00160903 -0.0103031 -0.000104422 -0.00122712 -0.0125162 -0.0789525 0.0339943 -0.0378879 0.0545116 0.017488 -0.00291494 0.00900102 -0.0940836 -0.0323782 -0.00144823 -0.00696079 0.0214028 -0.00685963 0.110491 -0.00968117 -0.0164811 0.0483181 -0.0240244 0.0130677 -0.00361132 -0.0802207 -5.4393e-05 0.00483609 -0.00357663 -0.0520658 0.0767989 -0.00828499 0.0891985 -6.90542e-05 0.01758 -0.00048717 0.00647838 0.019658 -5.24448e-05 0.0253505 -0.00295034 -0.078999 -4.61843e-06 0.00297064 -0.00131088 
-0.00609726 -0.000658074 -9.05618e-05 -0.00495034 -0.0222271 -0.000893317 -0.00257834 0.02035 0.00168395 0.00114722 -0.0138505 0.00408224 0.00794566 0.0155058 -0.000103373 0.00106002 -0.0410175 0.00387266 -0.00464703 -0.00192085 -0.00093026 0.0253102 -0.0488159 0.00784685 0.0220919 -0.0173428 -0.0310707 -0.0100571 0.00097584 0.125175 -0.011453 0.0388859 -0.0195374 0.00105871 -0.00125396 -0.00532005 -6.00156e-05 0.014087 0.010747 0.0021105 2.95881e-05 -0.00162862 -0.0228777 0.0130166 -0.00955417 -8.58662e-05 0.0284116 -0.000123633 -0.00176737 -0.0159059 -0.00917017 0.049737 -0.00310292 0.0142624 -0.00281225 -0.00138961 -0.00144393 0.000177221 0.000374059 -0.0229767 0.0209924 -0.0285396 -0.038581 -0.0127769 -0.0171096 -0.00131027 -0.000989906 0.00651185 -0.0058899 -0.00026013 -0.0220657 -0.0126381 0.00136123 -0.014948 -0.00334606 -0.0141925 -0.0026961 0.0107353 0.0363769 0.0024463 0.0213166 0.000153444 -0.00394465 -0.0244141 -0.0121351 0.015073 -0.00237559 -0.0130189 0.000136301 0.000608367 0.000163748 -0.00491205 0.00031001 -3.0291e-05 0.0244791 -0.000193604 0.0280696 -0.000205859 -0.0030942 -0.00129682 
-0.00417297 -0.000405218 -6.41746e-05 -0.00540081 0.049639 -0.000505013 0.0022851 -0.0254601 -0.000960872 0.0064156 0.0135405 -0.0220023 -0.00882297 -0.0107927 -6.50118e-05 -0.00137987 0.0143602 -0.000331948 -0.00915761 0.0360938 -0.0044859 -0.0105875 0.048227 -0.0162993 -0.0165808 -0.0347887 -0.00830809 0.0410248 -0.0111607 -0.011453 0.0793751 -0.0149768 -0.0116094 -0.000385518 -0.000754268 -0.00480917 -4.26513e-05 -0.00387924 -0.0123739 -0.0102237 -1.84346e-05 0.00259869 -0.0287387 -0.00466844 0.0340199 -0.000515402 -0.0192431 -0.00021552 -0.00316316 -0.00834084 -0.00362499 -0.00906081 -0.00249191 0.0148065 0.00932248 -0.00118599 -0.00187895 -0.000258652 -0.00111445 0.0341877 -0.0100369 -0.0217491 -0.0213846 0.042903 0.023275 -0.000681466 -0.000100757 -0.016673 -0.00742945 -0.0002935 0.059718 -0.00790384 -0.00146171 0.0266173 -0.00269609 -0.00817921 0.0114867 -0.00243843 0.0324271 -0.000855307 -0.0153007 2.22284e-06 -0.00259398 -0.0154348 -0.0236603 -0.0143096 -0.00150667 -0.0334168 -0.000175012 -0.00183395 -0.000107787 0.0109861 -0.00345697 -1.03615e-05 -0.00233347 -0.000453815 -0.0273304 -6.71828e-05 -0.00210551 -0.000571181 
0.0162848 -0.000586892 -7.2835e-05 0.0188235 -0.03367 0.000287898 -0.00487445 0.0083748 -0.00179392 -0.0127912 -0.025569 0.0350422 0.0141977 0.0776727 -0.00029828 -0.00296839 -0.0684181 0.00154001 0.00380353 0.0266593 0.0129917 0.042469 -0.0613748 0.0533195 0.000519005 -0.0278436 -0.021058 -0.0358137 -0.0359328 0.0388859 -0.0149768 0.206703 -0.00725589 0.000556394 -0.00303987 -0.00917543 -7.16508e-05 0.00643278 0.0187734 -0.032485 0.000319238 0.00579237 -0.0420954 -0.00500928 -0.0105016 -0.000763377 0.0678475 -0.000149177 0.0230005 -0.0115882 -0.00487965 0.0810668 -0.00203238 0.01602 -0.00385101 0.000237167 -0.00512763 -0.000164952 -0.00231322 -0.0415764 0.0129288 -0.0249905 -0.0150995 -0.0921083 -0.0749239 -0.00176673 -0.00575054 0.0321561 -0.00567425 -0.000557133 -0.0295053 -0.00975055 0.00275655 -0.0577404 0.00192071 -0.00751405 -0.0347686 -0.0150826 0.0144282 -0.000455322 0.0251522 -0.000767156 0.00143203 -0.0094473 0.0119405 0.000407211 -0.00727626 -0.00560797 -5.72676e-05 -0.0056107 -6.44296e-05 -0.0110852 -0.00722247 -2.01445e-05 -0.00791056 0.000897524 0.0833612 -0.000177455 -0.00344461 -0.000500066 
-0.00389803 -0.00067137 8.30613e-05 0.0255818 -0.0238249 0.000844552 0.00229733 -0.0367054 -0.00138786 -0.00655827 -0.0138212 -0.0364076 0.00241524 -0.0268184 0.000194664 -0.000795492 -0.0146992 -0.00430443 -0.0146076 -0.0474395 0.00365642 0.00404066 0.0573346 -0.0181963 -0.0669577 -0.00611786 0.0465883 -0.000104322 -0.00526513 -0.0195374 -0.0116094 -0.00725589 0.123248 -0.00138033 0.000515219 0.00550452 0.000106696 -0.00818625 0.00188287 -0.0128902 -0.000101051 0.00182413 0.0852544 -0.00594112 -0.0152205 -0.000209544 -0.0273447 0.000858944 -0.00135546 0.0735241 0.0441276 -0.0115699 0.00933994 -0.0416413 0.000408947 -0.00121406 -0.00312009 -3.53566e-05 -0.00126777 0.00255902 -0.0162318 0.0890224 0.0562255 -0.040035 0.00564626 0.000260045 0.00317758 -0.0245506 0.0284173 -0.000487643 -0.0247358 0.019029 -0.00303611 -0.0399019 -0.00433119 0.0628415 -0.0107508 -0.00903883 -0.0469837 -0.00112342 -0.0243352 5.24587e-06 0.0156126 0.0899322 -0.0410256 -0.0174536 -0.00511623 0.0780879 0.000697556 -0.00332751 -7.85754e-05 -0.0788956 -0.00510816 0.000146566 -0.00159642 -0.000571765 -0.0419406 0.000641943 -0.00340577 0.000588027 
-0.00070396 -8.47198e-05 9.47522e-06 -0.00160375 -0.00259806 0.00253267 -0.000194585 -0.00305543 -0.000188801 0.00129991 -0.0013844 -0.00478911 -0.00278161 -0.00362543 -7.37388e-06 0.000162347 -0.000998885 0.000522633 -0.00156673 -0.00248751 0.000541314 -0.0014748 0.00832091 -0.00345534 0.00310824 -0.00296725 0.0065539 -0.00158026 -0.00645431 0.00105871 -0.000385518 0.000556394 -0.00138033 0.0204487 -3.62949e-05 0.00253956 -1.46012e-06 -0.000630969 -0.00144312 -0.00186289 -6.63606e-06 0.00881108 -0.004352 5.72043e-05 -0.000800785 -9.18727e-05 -0.00365434 -5.38222e-05 -0.000774084 -0.00160088 -0.000395328 0.00556043 0.000381095 -0.00375728 -0.000352254 -0.000265053 -0.00050542 0.000477651 0.000474227 0.0030252 0.00300181 0.00474458 -0.00577288 0.00504381 0.00577602 -0.000176084 0.00259084 -0.00410977 -0.000752165 -5.45751e-05 -0.00299723 0.00887972 0.00281984 -0.00511929 -0.000227121 -0.00205638 -0.00169128 0.00077228 0.00681145 -9.92532e-05 -0.00118629 -9.57473e-05 -0.000614716 0.0052787 -0.00441954 -0.00351174 -0.000634667 -0.00182465 7.64927e-06 -0.000604907 0.00021353 -0.0029901 -0.000357934 5.32625e-07 -0.00114185 -0.000135725 -0.00684461 -2.5087e-05 -0.000304301 -0.000281806 
