0.187949 0.00350741 0.124592 -0.000469765 -0.0217288 -0.0079477 -0.000130857 -0.00149355 0.00309547 0.0528873 -0.00109005 -0.0267508 -0.0269642 -0.073858 -0.0100221 0.038904 -0.00585153 0.0107065 0.127244 -0.0792137 -0.015169 0.0757731 -0.0370141 -0.0303141 -0.00500822 -0.0079767 -0.00735815 -0.0207182 -0.0359763 -0.0247734 -0.015633 -0.000514464 -0.0026383 -0.0172627 0.0521096 -0.00139857 -0.0274037 -0.00251584 -0.0886718 -7.05839e-05 -0.0252293 -0.0180408 -0.0120498 -0.0040755 -0.000212305 -0.000319766 -0.000969337 0.000883839 -0.0546306 -0.0121079 -0.0296582 -0.0110624 -0.00466067 -0.0217995 -0.00177991 -0.0517595 -0.0283692 -0.000973331 -0.000353644 -0.00632783 0.00348106 -0.0502682 0.00321356 -0.00156519 -0.00495612 0.00985726 -0.00140037 -0.000465754 -0.00547673 0.0825336 -0.0140878 -2.39287e-06 -0.0104892 -0.0574988 -0.0014739 -0.000642057 0.00101577 0.11707 -0.00263404 -0.00645885 -0.00141418 0.00413484 -0.0468212 -0.109343 -0.0221247 -0.00503497 0.12645 0.0446945 0.00469859 -0.00307916 -0.00170331 -0.000377715 -0.0262829 -0.0350333 -0.00146065 -0.006598 0.0960579 0.126584 -0.000944327 0.000510658 
0.00350741 0.0230848 0.00230161 -1.32357e-05 -0.000716309 -0.00024201 1.11589e-05 -7.03271e-05 0.000291458 -0.00135698 4.12125e-06 0.00108936 -0.0010002 -0.00245869 0.0137875 -0.0104832 -0.000343358 -0.00209677 0.00514941 -0.00972978 -0.00043395 -0.0126528 -0.00123519 -0.00101888 0.0153515 -0.0124342 -0.000271181 -0.000480534 -0.00102529 -0.000890866 -0.00151981 -6.7152e-06 -0.000118084 -0.000700578 -0.00290536 0.000287681 -0.000929311 -9.7659e-05 -0.00253475 1.06415e-06 -0.000865683 -0.00128985 -3.89861e-05 -0.000261375 -8.48268e-07 0.000385406 -0.000200615 0.001656 -0.00265105 -0.000380832 -0.000944833 -0.000391454 -1.56002e-05 -0.000836822 -6.06968e-05 -0.00223423 -0.000913545 4.04439e-05 -3.47921e-05 -0.000158689 -0.000788726 -0.00200676 -0.000114855 -7.57674e-05 -0.000125732 -0.00153201 4.54051e-05 1.22524e-05 -0.000258789 -0.000547899 0.00464301 5.4863e-06 -0.00029767 -0.0024553 -4.32673e-05 -1.90619e-05 0.000210887 0.00511036 0.000723099 0.0105582 0.00018693 0.0041247 -0.0012364 -0.00496332 -0.000700878 -0.00015637 0.00276967 -0.00335471 0.0074232 -7.26703e-05 -5.46245e-05 -1.27245e-05 -0.000707043 -0.00984096 0.000209041 -0.000199411 0.00297856 0.00167785 0.000370945 0.000612306 
0.124592 0.00230161 0.182738 -0.000471072 -0.022877 -0.00652854 -0.000128828 -0.00175818 0.00133422 0.0526059 -0.000215801 -0.0338328 -0.0333852 -0.0948429 -0.00363635 0.0160172 0.00707225 0.00720938 0.140762 -0.0927882 -0.0153344 0.0915481 -0.0322007 -0.0448756 0.00140899 -0.0388673 -0.00692467 -0.0171484 -0.0345444 -0.0216789 -0.00961198 -0.000477484 -0.00336094 -0.0227727 0.074941 -0.000776746 -0.0187713 -0.0030921 -0.128753 -5.11223e-05 -0.0268905 -0.0231042 0.000675178 -0.00893479 -0.000217434 -0.000608965 -0.000739262 -0.000490639 -0.0817312 -0.0133124 -0.031086 -0.0121723 -0.00468773 -0.0107245 -0.00185246 -0.0571321 -0.019151 -0.00115284 0.000169785 -0.00603255 0.00489303 -0.0612052 0.00384761 0.000247899 -0.00477203 0.0216342 -0.000547103 -0.000529491 -0.00654061 0.106092 0.00912641 -2.2107e-05 -0.010556 -0.0967231 -0.00111917 -0.00160922 -0.00094871 0.147723 -0.00216988 -0.00760464 -0.00137079 -0.00111095 -0.0736364 -0.129727 -0.0182502 -0.00488922 0.162143 0.0792251 -0.00112464 -0.0027099 -0.00173117 -0.00039761 -0.018217 -0.0787006 -0.00122792 -0.00860547 0.122998 0.166001 -0.00155453 2.06532e-05 
-0.000469765 -1.32357e-05 -0.000471072 0.000647773 7.35828e-06 5.70986e-06 3.46065e-06 1.33959e-06 -1.08536e-05 -0.000528239 2.21185e-06 -1.96406e-05 0.000407562 0.000537721 -0.000130866 -0.000422901 -2.54775e-05 -0.00033257 -0.000483665 0.000290365 0.000541931 -0.000345271 1.70205e-05 6.21793e-05 -9.86838e-05 -0.000160056 0.000216278 0.000523219 0.000254072 6.79319e-05 5.79785e-05 1.33449e-06 2.56592e-05 0.000335631 -0.000203047 1.54661e-05 -3.76334e-05 -2.30901e-06 0.000325457 1.33038e-06 0.000184545 -2.79088e-05 0.000169673 1.18614e-05 3.81735e-06 3.43583e-08 6.49262e-06 5.83031e-06 0.000117526 -8.73724e-06 1.13418e-05 -1.68646e-05 -4.31084e-06 0.000247504 -1.30657e-06 -4.8974e-05 -2.25407e-05 1.0601e-05 -9.05691e-07 0.000114705 -2.32956e-05 1.89659e-05 -1.23754e-05 1.08091e-06 0.000100843 1.81304e-05 -3.08727e-06 1.64374e-05 0.00012518 -0.000486399 -0.000111884 -3.27251e-08 0.000327467 0.000202309 9.42259e-06 2.29809e-05 -8.57198e-06 -0.000480658 -3.60838e-06 7.47515e-05 5.42814e-07 -2.66178e-05 5.4881e-05 0.000280603 -1.82783e-05 0.000102689 -0.000460932 -0.000127845 -1.21085e-05 0.000207915 3.65882e-06 2.74717e-07 -2.23585e-05 -0.000200701 8.35332e-07 9.05517e-06 -0.000491276 -0.000449293 4.10167e-06 1.11096e-05 
-0.0217288 -0.000716309 -0.022877 7.35828e-06 0.0304552 -8.94061e-05 1.6705e-05 0.000764884 -0.000609846 -0.0105546 -7.45767e-05 0.00655668 0.00376837 0.0111714 -0.000254244 -0.00204273 -0.0011183 -0.00136104 -0.0225322 0.0113483 0.00222286 -0.0120502 0.00613253 -0.000537552 -0.00362366 0.00701724 -3.15657e-05 0.00065289 0.00840991 0.0031529 0.00678661 3.03629e-05 0.000370297 0.00291499 -0.00994184 -8.2405e-05 0.00633904 0.000559732 0.00965624 1.39526e-05 0.00249469 -0.000229497 -0.00111683 2.25364e-05 1.28394e-05 1.16151e-05 -7.3683e-06 -0.000589654 0.0132171 0.00620999 0.00512956 0.00053329 -1.56045e-05 0.00375545 -5.0002e-05 0.0056067 0.00447149 0.000166503 7.58878e-05 4.85264e-05 -0.00097478 0.00859704 -0.000617153 -0.000149621 0.0010623 -0.00307269 -0.000133531 6.87104e-05 0.000115085 -0.0134919 -0.00150967 7.91693e-08 0.0018049 0.0083354 0.000186125 5.7024e-05 0.000103965 -0.0194599 -9.30972e-05 -0.000925982 -5.43952e-05 -0.00047322 0.00806854 0.0194292 0.0034078 0.00212031 -0.0229426 -0.00992952 -0.000769257 0.000226885 -2.66458e-05 3.56736e-05 0.00510858 0.00796445 -2.64583e-05 0.000389609 -0.0175294 -0.0225729 -1.32075e-05 -0.000185156 
-0.0079477 -0.00024201 -0.00652854 5.70986e-06 -8.94061e-05 0.0122852 -1.23628e-06 0.000368592 -0.000237065 -0.000342243 -1.42276e-05 -0.000586162 -0.000144815 -0.000751172 0.00804896 -0.00648943 -8.54679e-05 -0.000879713 -0.00772201 0.00359286 -2.39897e-05 -0.0072309 -0.000312935 -0.000580593 0.00531213 -0.00469534 -8.33781e-05 -0.000220373 -0.000269601 0.0081687 0.000896729 7.01554e-05 -2.47338e-05 -0.000274127 -0.00361199 0.000192329 0.00805644 -5.08689e-05 -0.000325425 1.6668e-05 -0.000365653 -0.000710254 -0.000418389 -4.76815e-05 2.0316e-06 0.000104514 -7.76053e-05 0.000938071 -0.000418057 -0.000216521 -0.000481674 0.00506225 0.000301862 0.000674777 -3.28498e-05 -0.00089972 0.00737993 0.000285448 1.21554e-05 0.000913754 -0.00043364 -0.000969014 -0.000226423 -3.64959e-06 -2.71438e-05 -0.000704471 -1.28676e-05 3.69896e-06 -0.000178526 -0.00827239 0.00647886 -2.44717e-07 -5.81849e-05 -0.00109825 0.000294935 -4.08941e-06 1.56045e-06 -0.00576286 0.00190228 0.00392514 4.21259e-05 -0.000638602 -0.00111742 0.00801732 0.00691856 0.000414374 -0.00746575 0.00140021 -0.000148567 0.000267286 -7.24356e-06 -3.3945e-06 0.00879432 -0.00489366 0.000231867 -0.000108837 -0.00761228 -0.00817472 7.97629e-05 -0.000105487 
-0.000130857 1.11589e-05 -0.000128828 3.46065e-06 1.6705e-05 -1.23628e-06 0.000230357 4.97546e-07 2.49165e-06 -0.000154926 3.34437e-06 -3.40198e-07 0.000148285 0.000136704 -4.49742e-05 -9.72627e-05 5.98494e-06 -0.000106006 -0.000104283 8.58081e-06 0.000167969 8.54012e-06 2.10143e-05 1.39645e-05 -3.02681e-05 -6.55521e-05 7.02671e-06 0.00016725 0.000148697 -7.8987e-07 8.16245e-05 7.26675e-07 3.18073e-05 1.41239e-05 -1.31254e-05 -8.66297e-07 -3.16284e-06 -1.02146e-06 3.0713e-05 2.33846e-07 -4.36509e-06 2.93193e-05 5.77774e-05 3.78539e-06 7.19893e-07 6.08362e-07 -1.09713e-06 1.01945e-05 -2.20562e-05 5.59058e-05 -6.55169e-06 -7.27554e-06 -1.35291e-06 3.21376e-05 -2.48085e-07 -2.16328e-05 -7.63533e-06 3.5614e-05 -1.22708e-07 -1.51664e-07 -8.6845e-06 -7.51421e-06 -3.75893e-06 -1.16474e-06 7.08064e-06 2.54097e-06 -1.27233e-06 8.4129e-05 -1.06818e-06 -0.000138136 -3.72256e-05 5.5034e-08 0.000151553 -1.37115e-05 1.67656e-05 6.28609e-06 -2.48012e-06 -0.000128167 -9.6507e-07 2.70061e-05 5.15034e-06 2.88057e-05 2.55143e-05 -2.07175e-05 -5.22821e-06 3.42088e-05 -0.000121786 -0.000102226 1.16746e-05 5.59437e-07 -1.73618e-07 -1.25106e-07 -8.55128e-06 -9.75967e-05 7.61913e-06 3.35816e-06 -0.00013359 -0.000126774 1.63608e-07 1.71148e-05 
-0.00149355 -7.03271e-05 -0.00175818 1.33959e-06 0.000764884 0.000368592 4.97546e-07 0.00355678 0.000430779 -0.00150053 -4.45047e-06 -9.34664e-05 -7.55858e-05 -0.000112841 0.00127073 -0.00197098 -6.67188e-05 -0.001383 -0.00161422 0.000434151 0.000663816 -0.000878455 -7.07144e-05 -7.95683e-05 0.000314433 -0.00149345 -2.87595e-05 0.000282026 0.000933777 0.00185842 0.00113338 -1.32855e-06 -8.1194e-06 0.000156484 -0.000111223 -1.60272e-05 0.00193319 -5.52111e-06 -0.000296575 2.83184e-07 0.000169935 -0.000117068 0.000143949 5.39128e-05 1.91406e-05 -3.63648e-06 2.24468e-05 0.000182823 -0.000110663 0.000131725 -1.32945e-05 9.42178e-05 5.29298e-05 0.00113958 0.00023877 -0.000232193 0.00140545 7.66332e-06 -1.01289e-06 1.98261e-05 0.000171237 -0.00025685 5.48741e-06 -2.59441e-06 0.000161261 -0.000351576 0.000223046 9.06153e-05 -1.33516e-05 -0.00209622 0.000622093 5.56453e-07 0.00020211 -0.000240203 2.3695e-05 4.15178e-07 0.000772431 -0.00162386 2.57914e-05 -8.77892e-05 0.000365977 -0.000165756 -0.000232313 0.000976955 0.00155717 0.000571132 -0.00152342 0.000153853 -8.11531e-05 2.98077e-06 -4.66684e-06 1.30519e-06 0.00116638 -0.00122387 -9.32399e-06 2.31119e-06 -0.0018157 -0.00152687 1.83648e-05 -3.41133e-05 
0.00309547 0.000291458 0.00133422 -1.08536e-05 -0.000609846 -0.000237065 2.49165e-06 0.000430779 0.0214717 -0.0031459 0.000407984 -0.000848935 -0.000832804 -0.00165903 -0.0024259 -0.0111317 0.00042879 -0.0092803 0.00442854 -0.0043807 -1.61488e-05 0.00549141 -0.000794216 -0.00109259 -0.00211963 -0.00177906 0.000584555 0.00052704 -0.000533959 -0.000473037 -0.000661686 -1.00427e-05 0.000418697 -0.000124025 0.00690128 -5.34389e-05 -0.00124389 1.46425e-05 -0.0034537 1.29338e-05 -0.000199781 -0.000702261 0.000360137 -0.000239872 2.5155e-07 -1.89047e-05 0.000684152 0.00106352 -0.00223308 0.00103863 0.000252973 -0.000589505 -1.3158e-05 0.000328916 0.0011703 -0.00140321 -0.00079934 0.00012229 7.82871e-06 -0.000153619 0.00213928 -0.00185248 0.000398876 6.22743e-05 -9.65225e-05 -0.000865601 0.00115331 1.21706e-06 0.000810374 -0.00231119 0.00127402 2.35616e-05 -1.94238e-05 -0.00274652 -2.11961e-05 -4.2309e-05 0.00251871 0.00191166 -1.47659e-06 -0.000440531 0.00250324 -0.00105475 -0.00213388 -0.00360755 -0.000633578 -8.20238e-05 0.0047671 0.000909452 -0.000187566 -2.50992e-06 -4.35337e-05 -6.74353e-06 -0.000783363 -0.00646864 7.77132e-05 0.000182593 0.00303924 0.00328032 -4.34005e-05 0.000792005 
0.0528873 -0.00135698 0.0526059 -0.000528239 -0.0105546 -0.000342243 -0.000154926 -0.00150053 -0.0031459 0.109752 -0.00175475 -0.0304988 -0.014584 -0.0190162 -0.00528966 0.0297835 0.0032088 0.0155983 0.0451677 -0.0487451 -0.0162398 0.0287112 -0.0273311 -0.00779964 -0.000164477 0.00778115 -0.00876025 -0.0214012 -0.037202 -0.0129441 -0.00513706 -0.000429928 -0.00290398 -0.0124519 0.0292778 -0.00194587 -0.0127451 -0.00107394 -0.0261889 -4.73951e-05 -0.00772569 -0.00113904 -0.00494211 -0.0031538 -0.000175875 -0.000381163 -0.00072789 -0.000415706 0.00445636 -0.0154307 -0.0252374 -0.00134552 -0.00263711 -0.0182438 -0.00235625 -0.0335991 -0.0148351 -0.000467829 6.06701e-05 -0.000962108 0.00273684 -0.0278768 0.000688906 -0.00292083 -0.00485757 0.0078348 -0.00174676 -0.000589722 -0.00683873 0.0545946 -0.00525512 -2.95971e-05 -0.00917633 -0.00321643 -0.000976512 -0.000750449 -0.00143803 0.0534588 -0.000188843 -0.00402291 -0.00257368 0.000756307 0.00139679 -0.0373656 -0.0124358 -0.00538708 0.0459643 0.00749551 -0.000169449 -0.00208374 -0.00139903 -0.000224909 -0.0109494 -0.0190833 -0.000181264 -0.00676284 0.0385654 0.0471877 -0.00140757 -0.00404806 
-0.00109005 4.12125e-06 -0.000215801 2.21185e-06 -7.45767e-05 -1.42276e-05 3.34437e-06 -4.45047e-06 0.000407984 -0.00175475 0.00275106 -0.000130675 -7.46558e-05 5.28061e-05 -0.000465678 -0.00180355 -2.30051e-05 -0.00200691 -0.000856654 0.000722459 0.000222147 -0.000624545 -3.58282e-05 -0.000161292 -0.000408526 -0.0014181 0.00137587 5.76586e-05 0.000719436 -4.18848e-05 -0.000167142 7.41284e-07 0.000512443 0.000126416 0.000268891 0.000234467 -0.000104587 -1.60962e-06 -0.000454517 8.86955e-07 0.000529961 -0.000106952 -9.42895e-05 3.00526e-06 -2.55874e-07 -2.14868e-06 7.14556e-05 -7.40788e-05 -0.000289615 9.84403e-06 -5.11942e-05 -9.25026e-05 2.22803e-05 0.00112493 7.0532e-05 0.000360579 0.000392443 -4.88339e-06 1.03948e-05 1.69767e-06 8.31368e-05 -0.000196975 5.86075e-05 0.000799196 -1.58711e-06 0.000842318 1.71912e-05 -1.61089e-06 3.26935e-05 -0.000234263 0.00169809 3.08739e-06 8.53797e-05 -0.000381408 -3.76366e-06 2.19704e-06 5.0844e-05 -0.000869505 -1.72786e-05 -7.52281e-05 4.25707e-05 -0.00013116 -0.000279152 -9.38598e-05 -5.90531e-05 0.000345311 0.000436145 0.000841116 -5.48942e-05 0.000141517 1.48544e-05 1.38879e-06 3.70613e-05 -0.00116537 2.7439e-06 -1.56894e-06 0.000223019 0.000344098 -3.70351e-06 5.66792e-05 
-0.0267508 0.00108936 -0.0338328 -1.96406e-05 0.00655668 -0.000586162 -3.40198e-07 -9.34664e-05 -0.000848935 -0.0304988 -0.000130675 0.0492009 0.00536262 0.00534506 -0.00847666 0.00432852 -0.00175614 0.00101005 -0.0225638 0.0183773 0.000698733 -0.0170171 0.0301896 0.00595368 -0.00387526 0.0100471 -0.000169402 0.00617067 0.0144157 -0.00193524 -0.00232992 0.000258194 0.000209375 0.00165508 -0.0154978 -0.000256834 -0.00196241 0.00185569 0.0220238 -2.8012e-06 0.000873473 0.00553532 -0.000360487 0.000778828 3.97653e-05 0.000436692 0.000335547 0.00113453 -0.00298227 0.0126749 0.0217425 -0.000402339 0.00131183 3.15588e-07 0.000321427 0.0346025 -0.00167632 1.86075e-05 2.17793e-05 -0.000395184 -0.00179321 0.0304634 -0.000979803 1.46497e-06 -0.000305994 -0.00498346 -0.000154813 7.10623e-05 0.00387504 -0.0327004 -0.0079418 1.81005e-06 -0.000546507 0.00734002 -0.000100986 0.000561096 0.000757843 -0.0300321 7.88366e-05 0.00151134 -6.37737e-05 -0.000771384 -0.000616443 0.0242506 -0.00149344 -0.000141894 -0.0322004 -0.0251807 0.00136244 0.000201163 0.00159145 0.000137557 -0.000651112 0.0248326 2.31409e-05 0.0031292 -0.0181752 -0.0331755 0.00078706 0.000877406 
-0.0269642 -0.0010002 -0.0333852 0.000407562 0.00376837 -0.000144815 0.000148285 -7.55858e-05 -0.000832804 -0.014584 -7.46558e-05 0.00536262 0.042093 0.0290256 -0.00791632 -0.000576109 -0.001729 -0.00299809 -0.0332646 0.0199508 0.00894383 -0.0170172 0.00434335 0.00303729 -0.00660267 0.00675947 0.00081382 0.0117163 0.0116519 -0.00116519 0.0026305 -7.59878e-06 0.0006668 0.00442925 -0.0140381 -0.000156987 -0.00144425 -0.00010969 0.0339503 -2.05838e-06 0.00916914 0.00772783 0.00295439 0.00375524 8.94983e-05 -2.87682e-05 -0.000133517 -0.000162161 0.0191635 0.00252156 0.00306037 -0.00076761 -0.000223832 0.00284937 6.1241e-05 0.0072615 -0.00161929 0.000220816 -7.96527e-05 0.000240072 -0.00154581 0.0094993 -0.00087005 -0.000214956 0.000193022 -0.00414957 -0.000268253 0.000246396 0.00098158 -0.0235021 -0.00764183 -1.99635e-06 0.00769771 0.0216743 0.00039816 6.54479e-05 -0.000331901 -0.0316226 -0.000300859 -0.000419004 -0.000121959 0.00177935 0.017213 0.0274718 -0.00130078 0.0011915 -0.032881 -0.0195667 -0.000862257 0.00110547 1.42458e-06 -1.55879e-05 -0.00125923 0.0149146 0.000144618 0.00133904 -0.0276305 -0.0328103 0.000111 -0.000379966 
-0.073858 -0.00245869 -0.0948429 0.000537721 0.0111714 -0.000751172 0.000136704 -0.000112841 -0.00165903 -0.0190162 5.28061e-05 0.00534506 0.0290256 0.11358 -0.017608 -0.00141972 -0.00448655 -0.00344077 -0.0791527 0.0485486 0.0140771 -0.042189 0.000354175 0.040545 -0.017012 0.0405246 0.00694417 0.0141557 0.0132534 -0.00213811 0.00473923 2.56699e-05 0.0019691 0.0226046 -0.0398211 0.000418019 -0.00451325 0.00101251 0.092082 -9.69668e-06 0.019401 0.00696287 0.000842798 0.0045818 0.000168644 -4.14632e-05 -0.000200378 -0.00290062 0.0755965 0.0020675 0.00959216 -0.00110218 -0.000701677 0.00226302 0.000230336 0.01733 -0.00395432 0.000391141 -0.00019841 0.00269605 -0.00412455 0.0287037 -0.0021202 -0.000666492 -6.68956e-05 -0.00851067 -0.000483718 0.000390439 0.00221555 -0.0474621 -0.022466 -5.92936e-06 0.0116868 0.0802567 0.000360242 0.000775766 -0.00139944 -0.0858754 -0.000797222 0.00149457 -0.000145822 -0.00338824 0.0625779 0.0643684 -0.00380109 0.000766865 -0.0921285 -0.0562914 -0.00130976 0.00281281 -0.000208923 0.000250885 -0.00427655 0.0517938 0.000780835 0.00718426 -0.0806425 -0.0904434 0.00103706 -0.000479846 
-0.0100221 0.0137875 -0.00363635 -0.000130866 -0.000254244 0.00804896 -4.49742e-05 0.00127073 -0.0024259 -0.00528966 -0.000465678 -0.00847666 -0.00791632 -0.017608 0.176073 -0.0935884 -0.00662468 -0.00354157 -0.0072894 0.0288835 -0.00147525 -0.0801515 -0.0105077 -0.00901136 0.0915474 -0.0798361 -0.00184645 -0.00676811 -0.000608324 0.025614 0.00292514 -2.13776e-05 -0.00082619 -0.00385523 -0.0463784 0.00301154 0.0323517 -0.000862344 -0.0168821 3.5818e-05 -0.00380306 -0.0112511 -0.00213879 -0.00198353 -3.80592e-05 0.000647424 -0.000162973 -0.00262342 -0.00966933 -0.00391945 -0.00747254 0.013256 0.00261326 0.00783677 -0.000614432 -0.0138158 0.0281731 0.000261674 -0.000105267 0.003201 -0.00424925 -0.0168969 -0.00353845 0.000715034 0.0043362 -0.00872783 -0.000470414 -4.08176e-05 -0.00223388 -0.0109176 0.0743959 -1.18956e-06 -0.00254752 -0.0201295 0.00102007 -0.000346992 -0.000170336 0.00483815 0.00442756 0.016509 -0.00103063 0.00145576 -0.0104445 0.0130061 0.0231762 0.00329997 -0.00521584 0.0303934 0.00362709 -0.000330304 -0.000391918 -8.67738e-05 0.025537 -0.0465463 6.13078e-05 -0.00257589 -0.0146445 -0.0111487 0.000347106 -5.53396e-05 
0.038904 -0.0104832 0.0160172 -0.000422901 -0.00204273 -0.00648943 -9.72627e-05 -0.00197098 -0.0111317 0.0297835 -0.00180355 0.00432852 -0.000576109 -0.00141972 -0.0935884 0.178947 0.00555402 0.0219155 0.0265811 -0.0413649 -0.0116613 0.0774741 0.00080534 -0.00065975 -0.0781836 0.0817356 -0.00739053 -0.01201 -0.017945 -0.0258605 -0.00478676 -0.000370475 -0.00124303 -0.0128149 0.0161178 -0.00443057 -0.0298681 0.00010591 0.00539594 -8.15716e-05 -0.0014359 -0.00125494 -0.0126969 0.00105615 -0.000126159 -0.000550383 0.000328238 0.00605686 0.00867125 0.000408745 -0.0085066 -0.00874132 -0.00323126 -0.0232478 -0.00134559 0.00354621 -0.0262569 -0.00052081 0.00036407 -0.00357067 -0.000805068 0.00640838 0.0020973 -0.00357303 -0.00455064 0.00720506 -0.00247076 -0.000299955 -0.00352479 0.0316353 -0.0872945 -2.5731e-05 -0.00720521 0.0103643 -0.00154937 0.00026259 -0.00118846 0.0201164 -0.00360499 -0.00770726 -0.00242584 0.000414443 0.00233039 -0.0238199 -0.0227377 -0.00489739 0.0156976 -0.057112 0.000168159 -0.000992208 0.000114599 -0.000142472 -0.0220208 0.0705339 0.000136956 0.00118486 0.02317 0.0129431 -0.000342975 -0.00040683 
-0.00585153 -0.000343358 0.00707225 -2.54775e-05 -0.0011183 -8.54679e-05 5.98494e-06 -6.67188e-05 0.00042879 0.0032088 -2.30051e-05 -0.00175614 -0.001729 -0.00448655 -0.00662468 0.00555402 0.0382482 -0.00231756 0.0080981 -0.0186583 -0.000689668 0.0117953 0.000714325 -0.00222923 -0.00399608 -0.0121551 -0.000417295 -0.000440109 -0.00162672 -0.00118246 0.00305413 -1.86665e-05 -0.000197431 -0.00112653 0.0201211 -0.000306648 -0.00161979 -0.000153244 -0.00645077 -4.37955e-07 -0.00136549 -0.00236086 0.00666522 -0.000469808 -1.12566e-05 1.1385e-05 0.000103051 0.00195141 -0.00432693 -1.90852e-05 -0.00106236 -0.000488581 -0.00023965 -0.000382382 0.000280077 -0.00333731 -0.00151659 8.49562e-05 0.000849793 -0.000311052 0.000242572 -0.00319105 0.00163023 -0.000179988 -0.000247329 0.00100209 0.000512696 4.62272e-05 -0.000434649 0.00366295 -0.0021051 3.98553e-06 -0.000532881 -0.00518944 -7.05511e-05 7.57817e-05 0.000576813 0.00782866 8.78486e-06 0.000954137 0.0012481 -0.00187379 -0.00403295 -0.00684934 -0.00116727 -0.000188599 0.00878193 -0.0133238 -0.000355304 -1.81468e-05 -3.4306e-05 -2.07392e-05 -0.00147286 -0.0115936 0.00027343 -0.000209279 0.00498604 0.00480454 -4.12878e-05 -0.000165987 
0.0107065 -0.00209677 0.00720938 -0.00033257 -0.00136104 -0.000879713 -0.000106006 -0.001383 -0.0092803 0.0155983 -0.00200691 0.00101005 -0.00299809 -0.00344077 -0.00354157 0.0219155 -0.00231756 0.0356938 0.00622813 -0.00242438 -0.00636342 -0.00031215 -0.000809279 -0.00202352 0.000286529 0.0151668 -0.00416179 -0.00746343 -0.00755336 -0.00553731 -0.00270306 -4.51284e-05 -0.00152673 -0.00531231 -0.00484614 -0.000997863 -0.00398376 -2.04431e-06 -0.000226505 -6.58995e-05 -0.00250371 0.000663658 -0.00225624 -9.8983e-05 -4.81854e-05 -0.000169987 -0.00149324 -0.000553999 -0.000649843 -0.00165531 -0.0011048 0.000433188 -0.000407292 -0.00815819 -0.00197253 0.000676235 -0.00476017 -0.000512483 -0.000125147 -0.000277862 -0.00238288 0.00217527 -0.00305159 -0.00101959 -0.000659276 -0.00377944 -0.00251387 -0.000359068 -0.00277716 0.0118383 -0.00699261 -3.63086e-05 -0.00572773 0.0016389 -0.000704767 -6.17637e-05 -0.00349723 0.00862909 -0.000339819 -0.000500461 -0.00318585 0.00101504 -0.000630553 -0.00258127 -0.00368494 -0.0033854 0.0041201 -0.000146116 -0.000958017 -0.000866563 -4.89161e-05 -2.006e-05 -0.00401963 0.0125404 -8.66114e-05 -3.98033e-05 0.00642485 0.00336044 5.35429e-05 -0.000476369 
0.127244 0.00514941 0.140762 -0.000483665 -0.0225322 -0.00772201 -0.000104283 -0.00161422 0.00442854 0.0451677 -0.000856654 -0.0225638 -0.0332646 -0.0791527 -0.0072894 0.0265811 0.0080981 0.00622813 0.177815 -0.0959812 -0.0153412 0.100741 -0.0266173 -0.0315191 0.00291726 -0.0311383 -0.00757553 -0.0156411 -0.034372 -0.0278927 -0.0130037 -0.000470604 -0.00192386 -0.0189483 0.0730279 -0.00272607 -0.0269092 -0.00176822 -0.108327 -5.43955e-05 -0.0264074 -0.0294739 -0.00130783 -0.00862521 -0.000200307 -0.000281354 0.000286963 0.00245319 -0.0689548 -0.00890589 -0.0251499 -0.0178115 -0.00461091 -0.0141377 -0.000298072 -0.0488958 -0.0295659 -0.000684831 0.000106582 -0.00606678 0.00572778 -0.0559776 0.00425903 -0.00163916 -0.00463011 0.0101604 0.000566009 -0.000382953 -0.00329201 0.0891478 0.000493328 -2.77438e-06 -0.0105981 -0.0799929 -0.00158005 -0.00122427 0.00018323 0.129031 -0.00186028 -0.00312382 0.000780773 0.00151513 -0.0592851 -0.140367 -0.0229724 -0.00517946 0.145674 0.048947 0.00351559 -0.0028518 -0.00158399 -0.000348933 -0.027825 -0.0541003 -0.000648808 -0.00712555 0.109452 0.142281 -0.000722058 0.00174473 
-0.0792137 -0.00972978 -0.0927882 0.000290365 0.0113483 0.00359286 8.58081e-06 0.000434151 -0.0043807 -0.0487451 0.000722459 0.0183773 0.0199508 0.0485486 0.0288835 -0.0413649 -0.0186583 -0.00242438 -0.0959812 0.249535 0.0091584 -0.115799 0.0181965 0.0199013 0.00742823 0.0299402 0.0050215 0.0107121 0.0226124 0.0150186 -0.00378177 0.000228309 0.00300619 0.0139932 -0.1356 0.00095708 0.00781603 0.000966346 0.0687258 4.84589e-06 0.0148799 0.0174611 -0.00628785 0.00505049 8.08662e-05 -0.000113823 -0.00152601 -0.0101092 0.040507 0.00634975 0.0182535 0.00482403 0.0031744 0.0118834 1.02332e-05 0.0424077 0.0176701 -0.000492437 -0.000737192 0.0027247 -0.0160742 0.036366 -0.0101144 0.00187598 0.00309587 -0.0206419 -0.00207288 0.00016687 0.00381259 -0.0612149 0.0384774 -1.32318e-05 0.00605613 0.0456714 0.000853951 0.000558427 -0.00365808 -0.0844549 -0.001136 -0.00351497 -0.00200842 0.00526619 0.031614 0.0990751 0.0133563 0.00316796 -0.086296 -0.00567376 -0.00928853 0.00149052 0.00106749 0.000227829 0.0148127 0.0208228 -0.000399947 0.00478362 -0.0678448 -0.0908691 0.000422337 -0.000687807 
-0.015169 -0.00043395 -0.0153344 0.000541931 0.00222286 -2.39897e-05 0.000167969 0.000663816 -1.61488e-05 -0.0162398 0.000222147 0.000698733 0.00894383 0.0140771 -0.00147525 -0.0116613 -0.000689668 -0.00636342 -0.0153412 0.0091584 0.020279 -0.00360837 0.000575079 0.00307215 -0.00218163 -0.00363951 0.00522504 0.01328 0.0113376 0.00291828 0.00491682 1.38218e-05 0.00164298 0.0083587 -0.00611548 0.00111078 0.00243834 -6.01147e-05 0.00959172 5.49989e-06 0.00206382 0.00248332 0.00510424 0.000333868 5.056e-05 4.40153e-06 0.000114659 -0.00017989 0.00314021 0.00139839 0.0022489 -0.000186166 -8.77347e-05 0.00559772 1.0181e-05 0.000170787 0.00221306 0.000311218 -2.47289e-05 0.000410019 -0.000736001 0.00242375 -0.000372721 1.69738e-05 0.000910743 -0.00146683 -7.03218e-05 0.000386716 0.00190388 -0.014894 -0.00172878 6.912e-07 0.0100293 0.00223213 0.000609574 0.000169057 0.000142647 -0.0157821 -9.13608e-05 -0.000108752 1.00567e-05 -0.000810115 0.00352144 0.00807559 0.00169417 0.00155642 -0.0146232 -0.00223104 -0.000495247 0.00163111 -2.26582e-05 5.23663e-05 0.000979083 -0.00266545 -3.48337e-05 0.000420805 -0.0147756 -0.0142281 9.12496e-05 -6.86553e-06 
0.0757731 -0.0126528 0.0915481 -0.000345271 -0.0120502 -0.0072309 8.54012e-06 -0.000878455 0.00549141 0.0287112 -0.000624545 -0.0170171 -0.0170172 -0.042189 -0.0801515 0.0774741 0.0117953 -0.00031215 0.100741 -0.115799 -0.00360837 0.235511 -0.0167822 -0.0143112 -0.0637183 0.0134764 -0.00426049 -0.00118052 -0.0158474 -0.0216013 0.00638503 -0.000434367 0.000937139 -0.0108104 0.0958459 -0.00473252 -0.0192914 -0.00188106 -0.0687231 -5.77065e-05 -0.0193269 -0.0231614 0.00300174 -0.00665493 -0.000140165 -0.000631518 0.00163736 -0.000178625 -0.035014 -0.00173544 -0.0207523 -0.0151987 -0.00426054 -0.0164814 4.67703e-06 -0.0382878 -0.0239213 -8.26327e-05 0.000283457 -0.00446211 0.0078705 -0.0416572 0.0065071 -0.0031643 -0.00397173 0.00205936 0.000935288 -0.000179966 -0.003054 0.0672918 -0.06238 -3.70506e-07 0.00125955 -0.0528959 -0.000879307 -0.00103871 0.00115985 0.078115 -0.00372613 -0.0180687 0.000572185 -0.0128438 -0.0371707 -0.11933 -0.0184659 -0.00375695 0.0905704 0.0145848 -0.00645429 -0.00220702 -0.00141326 -0.000283143 -0.0230775 0.00114585 -0.0011048 -0.00463039 0.0713314 0.0928921 -0.00128871 0.00192117 
-0.0370141 -0.00123519 -0.0322007 1.70205e-05 0.00613253 -0.000312935 2.10143e-05 -7.07144e-05 -0.000794216 -0.0273311 -3.58282e-05 0.0301896 0.00434335 0.000354175 -0.0105077 0.00080534 0.000714325 -0.000809279 -0.0266173 0.0181965 0.000575079 -0.0167822 0.0552823 0.0044583 -0.00487125 0.00512429 0.000161676 0.00961073 0.0190353 -0.00130159 -0.00295437 0.000249119 1.10001e-05 0.00146674 -0.0116521 -0.000223454 -0.00121878 0.00181422 0.0209639 1.1007e-05 0.00388165 0.0101763 0.00346296 -0.000333207 -2.72315e-06 2.60569e-05 0.000512978 6.70855e-05 -0.00436785 0.0119218 0.022425 -0.00151905 0.00182707 0.000591001 0.000296528 0.040025 -0.00115008 0.000288858 1.20269e-05 -0.000475691 -0.00200378 0.0296499 -0.00106906 0.000322025 -0.00027383 -0.00585575 -0.000271014 8.33496e-05 0.00450456 -0.0309572 -0.00666415 -1.15184e-06 -2.76649e-05 0.00316998 -9.2265e-05 0.000229474 9.17136e-05 -0.0327585 -0.00040297 -0.000798962 -2.82912e-05 -0.0027501 0.00123026 0.0255639 -0.00111604 -0.000225675 -0.0307758 -0.0209429 -0.00104129 -0.00017312 0.00192507 0.000119314 -0.000710391 0.0215868 -0.000109392 0.00192261 -0.0116492 -0.0312689 0.000116422 0.000181565 
-0.0303141 -0.00101888 -0.0448756 6.21793e-05 -0.000537552 -0.000580593 1.39645e-05 -7.95683e-05 -0.00109259 -0.00779964 -0.000161292 0.00595368 0.00303729 0.040545 -0.00901136 -0.00065975 -0.00222923 -0.00202352 -0.0315191 0.0199013 0.00307215 -0.0143112 0.0044583 0.0600022 -0.00764421 0.0209732 0.00137795 0.00291258 0.00816751 0.00017451 -0.00224584 -3.42688e-06 -0.000166872 0.0100212 -0.0186964 -0.000474777 -0.00394514 -5.75841e-05 0.0482614 -5.48159e-06 0.00410303 0.00564135 -0.00272491 0.000578883 2.80372e-05 8.24628e-06 -0.000518264 -0.00228531 0.033321 0.000164521 0.00676083 -0.000882695 -0.000211303 -0.00245183 0.00031444 0.0132725 -0.00237771 0.000232736 -0.000125333 0.000136703 -0.00144548 0.0196672 -0.000913115 -0.000251491 -0.000306561 -0.00591206 -0.000266462 0.000110868 -0.000641641 -0.0193769 -0.010913 3.42317e-06 0.00358339 0.0386149 6.76726e-06 7.21127e-05 -0.000632836 -0.0449984 -0.000451284 2.7462e-05 0.000189442 -0.00263474 0.0317587 0.0205976 -0.00187822 -0.000321316 -0.0443409 -0.0310458 -0.000636602 -8.30137e-05 -6.73951e-05 0.000105455 -0.00228097 0.0277559 9.77077e-05 0.00158832 -0.0353806 -0.0418047 0.000321219 -0.000382713 
-0.00500822 0.0153515 0.00140899 -9.86838e-05 -0.00362366 0.00531213 -3.02681e-05 0.000314433 -0.00211963 -0.000164477 -0.000408526 -0.00387526 -0.00660267 -0.017012 0.0915474 -0.0781836 -0.00399608 0.000286529 0.00291726 0.00742823 -0.00218163 -0.0637183 -0.00487125 -0.00764421 0.129848 -0.0716912 -0.00171639 -0.00492223 -0.00263219 0.015918 -0.00145153 -1.59017e-05 -0.000963488 -0.0043893 -0.029132 0.00251214 0.0187858 8.6503e-05 -0.0139398 3.78855e-05 -0.00484996 -0.00263338 -0.00414655 -0.00168007 -1.50441e-05 0.0006815 -0.00146678 -0.00113441 -0.0145124 -0.00264172 -0.00243433 0.00844353 0.00350277 0.00327672 -0.000445993 -0.0094863 0.0127284 0.000242213 -0.000293783 0.00245414 -0.00204611 -0.0121689 -0.0028315 -0.000364391 0.00344979 -0.0134629 -0.00035721 -6.82207e-05 -0.000970703 -0.00450954 0.0698866 -2.39984e-06 -0.00201992 -0.0151492 6.99838e-05 -0.000163576 -0.00160794 0.00837906 0.00481292 0.0147677 -0.000545274 0.00466661 -0.00858427 -0.00376005 0.0144276 0.00122215 -0.000358708 0.0318019 0.00590317 -0.000101816 -0.000148709 -2.42556e-05 0.013078 -0.0467648 0.000117965 -0.00132427 -4.1052e-05 -0.00229789 0.000362177 -0.000223144 
-0.0079767 -0.0124342 -0.0388673 -0.000160056 0.00701724 -0.00469534 -6.55521e-05 -0.00149345 -0.00177906 0.00778115 -0.0014181 0.0100471 0.00675947 0.0405246 -0.0798361 0.0817356 -0.0121551 0.0151668 -0.0311383 0.0299402 -0.00363951 0.0134764 0.00512429 0.0209732 -0.0716912 0.247215 -0.000637792 -0.00565319 0.00111637 -0.0166407 -0.0133498 0.000142396 -0.00142643 0.00558308 -0.0552515 -0.0022879 -0.0296403 0.00142943 0.0472528 -5.93826e-05 0.00751712 0.00812172 -0.0171143 0.0013038 -3.25357e-05 -0.000585245 -0.00446616 -0.000323756 0.0343886 0.00487313 0.00928945 -0.0079276 -0.00204633 -0.0189025 -0.00127053 0.0174334 -0.0157173 -0.000345164 -0.000391241 -0.00131518 -0.00210686 0.0329151 -0.00724095 -0.00259701 -0.00328098 0.0136037 -0.00291702 -0.000200198 -0.00350695 -0.00947641 -0.0807709 -2.45879e-05 -0.0027613 0.0404362 -0.00107688 0.000338085 -0.00474999 -0.0418062 -0.0031554 -0.00713398 -0.00260341 -0.0174411 0.0292945 0.0290532 -0.01533 -0.00348059 -0.0369706 -0.0524987 -0.00683047 -7.78056e-06 0.000233379 8.51786e-05 -0.0153415 0.0738443 0.000326388 0.00276089 -0.0212884 -0.0397165 -0.000113833 6.05344e-05 
-0.00735815 -0.000271181 -0.00692467 0.000216278 -3.15657e-05 -8.33781e-05 7.02671e-06 -2.87595e-05 0.000584555 -0.00876025 0.00137587 -0.000169402 0.00081382 0.00694417 -0.00184645 -0.00739053 -0.000417295 -0.00416179 -0.00757553 0.0050215 0.00522504 -0.00426049 0.000161676 0.00137795 -0.00171639 -0.000637792 0.0115949 0.00334508 0.00316177 -0.000339176 -0.000396609 0.00012377 0.00139315 0.00608029 -0.00276809 0.00101504 -0.000647809 -2.30823e-05 0.00392711 3.92851e-06 0.00305405 0.000441821 0.00172549 0.000700652 3.2784e-05 -2.5177e-06 0.000388126 -0.000293962 0.000755326 -0.000180347 0.00307348 -0.00029207 -1.4832e-05 0.00228817 8.91004e-05 0.00256433 0.000633166 -5.86816e-06 -2.37105e-05 0.000326935 -0.000164127 0.00389562 -0.000173139 0.000868923 -5.01707e-05 -0.000267626 -2.65004e-05 4.84812e-06 0.00219219 -0.00682689 -4.98029e-05 1.84332e-07 0.00201689 0.00232573 1.64017e-05 0.000226808 -0.000126295 -0.00776375 -6.47445e-05 4.72023e-05 3.29416e-05 -0.00059344 0.000588192 0.0056263 -0.000338229 0.00041331 -0.00593621 0.000700345 -0.000290579 0.00130276 0.000116408 8.65663e-05 -0.000242725 -0.000506657 3.36415e-06 0.00124226 -0.00569794 -0.00489872 0.00053071 -4.50483e-05 
-0.0207182 -0.000480534 -0.0171484 0.000523219 0.00065289 -0.000220373 0.00016725 0.000282026 0.00052704 -0.0214012 5.76586e-05 0.00617067 0.0117163 0.0141557 -0.00676811 -0.01201 -0.000440109 -0.00746343 -0.0156411 0.0107121 0.01328 -0.00118052 0.00961073 0.00291258 -0.00492223 -0.00565319 0.00334508 0.0316814 0.0128602 0.000396077 0.00340037 6.38151e-05 0.0018198 0.008112 -0.00378807 0.000539953 -0.000676169 -5.60945e-05 0.012155 1.03016e-05 0.000753266 0.00342571 0.00990202 0.00052797 1.05994e-05 2.60968e-05 0.000321986 0.000492734 0.00235503 0.0024299 0.00558685 -0.00101621 1.09697e-05 0.00552739 0.000105022 0.00631771 -0.000935091 0.000348303 -1.30713e-05 0.000249775 -0.00114191 0.00462631 -0.000583446 0.000149183 0.000125323 -0.0030855 7.63833e-05 0.000360904 0.00494148 -0.0158662 -0.00484447 -1.33699e-06 0.0104035 0.00195054 0.000543291 -2.45858e-06 -0.000417913 -0.0186358 -0.000235162 -0.000118671 -0.000167519 -0.000599481 0.00249983 0.00863535 -0.000810273 0.00105961 -0.0163782 -0.00382838 -0.000663268 0.00119503 7.26962e-05 7.29321e-05 -0.00104827 -0.000801012 -0.000103941 0.000762416 -0.0155279 -0.0159135 -1.24103e-05 0.000300716 
-0.0359763 -0.00102529 -0.0345444 0.000254072 0.00840991 -0.000269601 0.000148697 0.000933777 -0.000533959 -0.037202 0.000719436 0.0144157 0.0116519 0.0132534 -0.000608324 -0.017945 -0.00162672 -0.00755336 -0.034372 0.0226124 0.0113376 -0.0158474 0.0190353 0.00816751 -0.00263219 0.00111637 0.00316177 0.0128602 0.0477849 0.00792941 0.00794243 0.000218642 0.00103685 0.00535557 -0.0151748 0.000514761 0.00778813 0.000243503 0.0205516 3.49073e-05 0.00390756 0.00685781 0.00328647 0.00066186 4.06275e-05 2.66463e-05 -0.000397294 -0.0017611 0.00156773 0.00896785 0.0120787 -0.00141909 0.000841625 0.0124655 8.32853e-05 0.0194598 0.00726721 0.000373949 -0.000100251 -0.000211101 -0.00153319 0.0149842 -0.00089689 0.00211098 0.00128381 -0.0045428 -8.28397e-05 0.000377615 0.000229898 -0.028081 0.00165925 5.28301e-06 0.00961131 -0.000121225 0.000484228 -3.77899e-05 -0.000316163 -0.0379805 -0.000248331 -0.000508244 4.08287e-06 -0.00218002 0.00444862 0.0200221 0.0067125 0.00504549 -0.0319206 -0.00712738 -0.00124082 0.000321281 0.000509013 -8.63375e-06 0.00416221 0.00348858 -0.000120823 0.000542613 -0.0233914 -0.0326875 0.000392442 0.000465466 
-0.0247734 -0.000890866 -0.0216789 6.79319e-05 0.0031529 0.0081687 -7.8987e-07 0.00185842 -0.000473037 -0.0129441 -4.18848e-05 -0.00193524 -0.00116519 -0.00213811 0.025614 -0.0258605 -0.00118246 -0.00553731 -0.0278927 0.0150186 0.00291828 -0.0216013 -0.00130159 0.00017451 0.015918 -0.0166407 -0.000339176 0.000396077 0.00792941 0.036974 0.0103505 2.23967e-05 -2.77721e-05 0.00103638 -0.0114826 0.000593109 0.0302357 -0.000132598 -0.00171854 4.1969e-05 -0.000874374 -0.00233257 -0.00140463 -0.000256214 -3.88267e-06 0.000255431 -0.00023435 -0.000189553 -0.00103117 -0.000650391 -0.00117372 0.0139529 0.00279367 0.00871115 -8.03115e-05 -0.00296542 0.0269621 0.000367122 -5.73613e-05 0.0040889 -0.000770163 -0.00308357 -0.000722186 0.00062864 0.00473824 -0.00231078 0.000221953 0.000212523 -0.000453571 -0.0247405 0.0214737 1.12153e-05 0.00107741 -0.00239125 0.00142095 0.000294662 0.00025431 -0.0230683 0.00235328 0.0026371 -0.000152305 -0.00173336 -0.00198469 0.0253298 0.0279262 0.00443583 -0.0260651 0.0124465 -0.000903583 5.78364e-05 2.0659e-05 5.59471e-06 0.0255851 -0.0152187 1.43583e-05 -0.000322792 -0.0285851 -0.0250462 5.53271e-05 -0.000238286 
-0.015633 -0.00151981 -0.00961198 5.79785e-05 0.00678661 0.000896729 8.16245e-05 0.00113338 -0.000661686 -0.00513706 -0.000167142 -0.00232992 0.0026305 0.00473923 0.00292514 -0.00478676 0.00305413 -0.00270306 -0.0130037 -0.00378177 0.00491682 0.00638503 -0.00295437 -0.00224584 -0.00145153 -0.0133498 -0.000396609 0.00340037 0.00794243 0.0103505 0.0632796 -4.44913e-05 0.000777995 -0.000620008 -7.88114e-05 -2.20612e-05 0.01955 -0.000281126 -0.00278878 2.56952e-05 -0.00143696 -0.00198518 0.00195041 -0.000611548 -2.00423e-06 -8.01237e-06 -8.2462e-05 0.00164333 0.00190335 0.000414338 -0.00255479 0.000892939 -9.76589e-05 0.00803875 -9.51439e-05 -0.00550155 0.00731377 0.000137705 0.000200801 0.00225935 -0.000701341 -0.00523791 -0.00102101 7.01409e-05 0.00102141 -0.0059048 -0.000223661 0.000286458 -0.000898588 -0.00777393 0.00102287 -2.6008e-06 0.00556149 -0.00530243 0.000243451 -4.58895e-06 0.00182261 -0.00788345 -0.000306252 -0.00214732 9.24572e-05 -0.00230888 -0.00124228 0.00333464 0.00837347 0.00357106 -0.0162134 0.000553855 -0.000855686 0.000662029 -0.000149373 -3.30181e-05 0.00881351 -0.0147149 -0.000129463 -0.000113348 -0.0186926 -0.0106907 -9.44015e-05 -0.000527427 
-0.000514464 -6.7152e-06 -0.000477484 1.33449e-06 3.03629e-05 7.01554e-05 7.26675e-07 -1.32855e-06 -1.00427e-05 -0.000429928 7.41284e-07 0.000258194 -7.59878e-06 2.56699e-05 -2.13776e-05 -0.000370475 -1.86665e-05 -4.51284e-05 -0.000470604 0.000228309 1.38218e-05 -0.000434367 0.000249119 -3.42688e-06 -1.59017e-05 0.000142396 0.00012377 6.38151e-05 0.000218642 2.23967e-05 -4.44913e-05 0.00072279 -1.09142e-06 0.000185978 -0.000220638 5.52483e-06 9.25477e-06 2.04725e-05 0.000226812 9.74099e-07 0.00011155 0.000148922 1.57404e-05 1.42096e-05 9.25232e-06 4.06659e-05 -3.41905e-06 0.00017585 -6.82646e-05 1.70688e-05 0.000399497 0.000106339 9.79592e-06 -8.04623e-06 2.90281e-05 0.000396619 3.28085e-05 1.89124e-06 -8.29514e-07 8.58911e-06 -5.36354e-06 0.000407134 -1.43105e-05 -3.2086e-06 -2.82884e-07 -4.81982e-05 1.06452e-06 -5.38327e-07 1.00617e-05 -0.000545311 -6.00286e-05 2.40149e-07 -4.99338e-06 1.36973e-05 4.96819e-07 -1.52328e-06 -4.88567e-06 -0.000426943 2.95977e-05 0.000142494 5.05926e-05 -2.72546e-05 1.46043e-05 0.000517195 -6.33684e-06 -1.42479e-06 -0.000479661 -0.000202386 -1.3296e-05 2.8078e-05 6.36484e-06 2.3006e-06 0.000118705 0.000171403 4.08363e-05 7.05205e-06 -0.000265971 -0.000421727 1.10064e-05 -4.07829e-06 
-0.0026383 -0.000118084 -0.00336094 2.56592e-05 0.000370297 -2.47338e-05 3.18073e-05 -8.1194e-06 0.000418697 -0.00290398 0.000512443 0.000209375 0.0006668 0.0019691 -0.00082619 -0.00124303 -0.000197431 -0.00152673 -0.00192386 0.00300619 0.00164298 0.000937139 1.10001e-05 -0.000166872 -0.000963488 -0.00142643 0.00139315 0.0018198 0.00103685 -2.77721e-05 0.000777995 -1.09142e-06 0.00670769 0.00127712 -0.00167117 0.000354117 -7.1083e-05 -1.21543e-05 -0.000241936 4.8624e-06 0.000255139 -6.73836e-05 0.000704369 -7.27063e-05 9.60976e-06 2.55685e-05 0.000283123 -9.30613e-05 0.000274365 0.000363619 8.81648e-05 -3.75283e-05 -2.96508e-05 0.00145129 1.53515e-05 0.000388843 0.000223035 1.80905e-06 1.17726e-05 0.000233946 -0.000231534 -0.000480089 1.98685e-05 0.000164105 8.22805e-05 -0.000504758 4.62935e-06 6.57709e-06 0.00106572 -0.00150546 0.000260028 4.81905e-06 0.00166551 -0.000317432 5.64965e-05 0.000139487 -3.88432e-05 -0.0019857 -4.57339e-05 -0.000204376 1.407e-05 0.00144036 -0.000543396 0.000639527 -2.36011e-05 -9.70642e-06 -0.00190085 -0.00039719 -0.000163752 0.000329475 -4.15697e-06 2.22498e-05 -2.89615e-05 0.000141222 -4.01516e-06 -1.13465e-05 -0.00302898 -0.00285761 -1.32461e-05 0.000394946 
-0.0172627 -0.000700578 -0.0227727 0.000335631 0.00291499 -0.000274127 1.41239e-05 0.000156484 -0.000124025 -0.0124519 0.000126416 0.00165508 0.00442925 0.0226046 -0.00385523 -0.0128149 -0.00112653 -0.00531231 -0.0189483 0.0139932 0.0083587 -0.0108104 0.00146674 0.0100212 -0.0043893 0.00558308 0.00608029 0.008112 0.00535557 0.00103638 -0.000620008 0.000185978 0.00127712 0.0294283 -0.0094965 0.000622293 -0.00146356 0.000226456 0.0184797 5.63599e-06 0.00412748 0.000491761 0.00196345 0.000106245 4.78907e-05 -1.33871e-05 0.000735314 -0.000687868 0.0149628 0.000504954 0.00881921 -0.000114829 -0.000207656 0.000625368 0.000200023 0.00490543 -0.000702614 6.52147e-05 -2.98667e-05 0.000454624 -0.00107983 0.00639003 -0.00053273 -7.51736e-05 -0.000175702 -0.00245241 -3.61075e-05 6.9767e-05 0.00380259 -0.0205062 -0.0050191 -1.23891e-06 0.00486872 0.0167208 0.000317051 0.000504439 -0.000401028 -0.0208903 -0.000200238 -0.000347124 0.000280412 -0.00133812 0.00915827 0.020015 -0.000792905 5.10475e-05 -0.0220466 -0.00974814 -0.000703093 0.00128761 -1.0301e-05 0.000163448 -0.00104103 0.00871785 0.000153876 0.0011658 -0.0223517 -0.0204619 0.000309166 -6.45388e-05 
