0.0176332 -0.00540824 8.92698e-06 -2.16384e-06 0.00144213 3.83754e-05 0.00120874 -0.000822339 -0.000147287 -0.000209477 -0.00366853 1.60946e-05 0.00101098 -0.00108739 -0.000481153 -0.00197392 -9.34535e-05 -0.00267197 -0.000135916 0.000344803 -0.00133162 -0.00342798 0.00686882 0.00125277 -0.00310352 0.000195686 -0.00246673 -0.00215619 -0.000233715 0.00108604 0.000227131 -0.00086062 -0.0021289 -6.94248e-06 1.73742e-06 0.000523368 -6.14832e-05 -0.00026267 3.04139e-05 1.30141e-05 -0.000399997 -6.9257e-05 0.000199443 0.000153597 -0.000210321 1.08996e-07 -0.00413891 0.000205616 6.20867e-05 0.00062031 0.00457409 2.72063e-05 0.00142371 -0.00109856 6.81809e-06 0.00279147 3.05617e-05 -0.00174273 0.00209403 -0.000212251 -0.000532003 3.58632e-05 -0.000252929 -0.00457545 0.00278051 -3.94788e-06 -1.37212e-05 8.21169e-05 3.1397e-05 0.000107428 -4.72497e-07 -8.84761e-05 1.43592e-06 -0.000444598 1.88053e-06 -0.000509065 0.0077108 -0.00523948 -1.27294e-05 -9.75667e-06 0.00375938 -0.00324766 -4.81546e-08 -0.00434613 0.000873041 -0.00136302 9.65772e-05 0.00115346 -1.09259e-05 0.000116701 0.000105021 -9.60629e-06 0.000131716 -2.27623e-05 -0.00278353 0.00329618 -9.11472e-05 -1.83772e-05 0.000116912 -0.000301604 
-0.00540824 0.246388 5.9054e-05 -2.62304e-05 -0.004418 -0.000222648 -0.104616 -0.00826542 -0.00682331 0.00343427 -0.135567 -0.000236151 -0.0970369 -0.0441639 -0.0111673 0.0109539 0.00155821 0.0788365 0.00316066 0.000621491 -0.0488196 0.0672427 -0.0335069 -0.0183702 -0.00541011 0.000969186 -0.0110113 0.038911 -0.0423094 -0.033083 -0.000303464 -0.0526677 -0.024525 0.000201688 -0.000311075 -0.0150183 -0.0013955 0.0098546 0.000136886 0.000594237 0.0132678 0.000221194 0.0029072 0.00401514 0.00335471 -4.60606e-06 0.115194 -0.00110807 0.000643966 -0.115322 -0.00870351 -3.67468e-05 -0.00285978 0.0336209 -1.25911e-05 -0.0140255 0.000107148 0.0512008 -0.00389894 -0.00668217 -0.00221388 0.000157324 -0.00139153 0.0840385 -0.003718 3.71036e-05 0.000819893 0.000153347 -0.000461225 -3.35825e-05 2.09446e-06 0.00271785 0.00035533 0.00361583 -5.64687e-06 -0.0265421 -0.0361524 -0.0996064 -0.000259218 -0.00032655 0.0184924 0.0351491 -5.03958e-06 0.130434 -0.0212871 0.0228524 -0.00115496 0.012447 -0.00022713 -0.000479694 0.00511486 -0.000469353 -0.000324677 -0.00359678 0.0550131 -0.00750999 0.00227512 0.00558389 9.98444e-05 -0.00371239 
8.92698e-06 5.9054e-05 0.004244 6.47711e-06 0.000116163 -1.24626e-06 -0.000962531 0.000498389 0.000214976 -0.000211312 -0.00067287 1.68096e-06 -0.00108156 -0.00075426 -0.000411042 -0.00116547 0.000139366 -0.00103448 0.000334087 4.86244e-05 -0.000496178 -0.00102888 0.000384704 -2.22273e-06 -0.00134275 -3.60308e-07 -0.000583128 0.000945433 0.000178619 0.0002524 4.40697e-05 -0.00121999 -9.28552e-05 3.37733e-06 0.000129638 7.51583e-06 4.98559e-05 0.000576455 3.71426e-05 -1.15992e-06 -0.000137434 1.12471e-05 3.41606e-05 3.07506e-06 -3.54909e-05 3.01106e-09 8.08057e-06 5.21986e-06 0.000268445 -0.00159728 0.00122267 -1.48563e-06 -5.77302e-05 -0.000210746 -1.6008e-07 0.000735527 -7.93015e-07 7.93582e-05 4.08984e-05 -2.70047e-05 -7.28717e-05 3.89305e-05 0.000100709 -0.000102321 -0.000105843 -5.97984e-07 3.83274e-06 3.62796e-05 1.1243e-05 1.73804e-05 4.04071e-07 5.25753e-05 5.49417e-06 0.000444772 -9.3242e-08 0.000887202 0.00129924 -0.00160703 6.68743e-07 -2.39618e-06 0.00048013 0.00045727 3.27194e-06 -7.91569e-06 -0.000267775 0.00155734 -1.40811e-05 0.000360578 7.10764e-06 1.07807e-05 -4.33666e-05 -4.38226e-06 4.53735e-06 -4.73988e-05 -0.000469422 -0.000501507 -1.72843e-05 -3.27091e-05 5.55711e-05 -9.75351e-05 
-2.16384e-06 -2.62304e-05 6.47711e-06 0.000300123 -1.49219e-06 -1.70851e-07 -1.91401e-05 4.15785e-05 1.44245e-05 -7.90252e-06 -5.50428e-05 2.68747e-07 -3.57488e-05 -5.61705e-05 2.40889e-05 -1.32007e-05 1.34336e-07 -0.000128684 3.82291e-06 -7.88736e-07 -6.2567e-07 -4.17611e-05 1.12614e-05 3.6648e-05 -2.55823e-05 1.57368e-06 -5.62673e-06 4.49087e-05 8.76724e-05 -4.46821e-05 4.32043e-06 -8.99466e-05 -1.1432e-05 1.14286e-08 6.35342e-06 9.78766e-05 4.26612e-06 1.70102e-05 3.39661e-07 1.41193e-05 0.00010046 1.22236e-06 1.12992e-05 4.92309e-06 -6.47601e-06 1.41244e-07 -6.13476e-05 -5.40238e-08 1.63327e-06 8.39861e-06 -1.34308e-05 1.16155e-06 -3.67682e-06 -5.6401e-06 2.16555e-07 -5.23915e-06 8.88677e-08 -1.65868e-05 -7.17487e-08 5.53666e-05 1.15776e-07 2.19299e-07 -3.4789e-06 -8.62793e-05 -4.58577e-06 3.48636e-07 -6.32713e-07 8.12651e-07 3.28771e-07 3.0321e-05 -1.61485e-08 -4.36186e-07 -3.87304e-07 1.43032e-05 2.03432e-07 -1.47447e-05 -2.15758e-05 -4.81018e-05 -1.44131e-07 2.08948e-07 -5.83828e-05 1.32511e-05 -5.26374e-09 -6.55102e-05 -1.32152e-05 -1.22031e-06 -9.78878e-07 -4.09534e-05 2.23933e-07 8.67128e-06 -3.26663e-06 7.84297e-07 -1.03916e-07 1.20545e-05 6.75392e-06 5.38124e-05 -1.19127e-06 -4.18095e-07 4.84075e-06 -4.90108e-06 
0.00144213 -0.004418 0.000116163 -1.49219e-06 0.0103679 -5.4825e-06 0.00337274 -0.000671709 0.00262338 -0.000472381 0.00263166 -6.73789e-06 0.00263986 0.000895677 0.00103044 -0.00803024 -5.94981e-05 -0.00564454 -0.00017695 -3.64405e-05 0.00018844 -0.0061097 0.0012012 0.000301009 0.000684955 0.000217752 0.000615927 -0.00166992 -0.00383856 0.000840901 -1.32232e-05 -0.00613829 -0.000285257 -4.60356e-06 3.79522e-05 -0.00284153 5.82885e-05 -0.000205824 -6.15201e-06 -3.44872e-05 -0.000522097 3.99383e-05 -6.59275e-05 -0.000133871 -0.000206449 7.40722e-08 -0.00227429 -2.94109e-06 -1.34063e-05 0.00285681 0.00605005 1.40638e-06 -0.000174549 -0.000710423 1.57539e-06 0.00395353 -2.47594e-06 -0.00103438 -8.95663e-05 0.000154773 0.000566535 -1.91125e-06 -0.000138953 -0.00535646 -0.000269936 -1.64309e-06 -3.80146e-06 0.000113042 4.12172e-05 -1.53926e-05 3.64076e-08 -6.81775e-05 -1.42835e-05 -0.000229564 2.34117e-07 0.00641953 0.00807262 -0.00374134 9.66907e-05 1.36491e-05 0.00551648 -0.00406505 1.11296e-06 -0.0030551 -0.000338363 -0.00139758 5.25835e-05 0.00530871 -1.04867e-05 -1.36996e-05 -0.000131339 6.72386e-05 4.65897e-06 1.55495e-05 -0.00193861 -0.00155769 -5.20796e-05 -9.78759e-05 -1.07572e-05 -0.000202881 
3.83754e-05 -0.000222648 -1.24626e-06 -1.70851e-07 -5.4825e-06 0.000579867 0.00013097 -2.26619e-05 2.47052e-06 6.14428e-06 -1.35148e-05 -7.15731e-08 0.000332722 -0.00010807 -0.000116548 -0.000159099 -2.00265e-06 -9.25625e-05 -1.07043e-05 -1.5845e-06 0.000151125 -4.52144e-05 0.000291054 -1.18922e-05 -2.58094e-05 -1.10189e-06 -0.000373475 -0.000104582 -0.000180233 4.46785e-05 2.52057e-06 0.000107805 7.01523e-05 -2.48257e-07 4.75542e-06 -8.51451e-05 -1.49534e-06 -1.1361e-05 1.30731e-06 3.02608e-06 -2.76188e-05 2.19765e-06 3.22309e-05 1.29009e-05 4.13346e-06 9.51959e-09 -0.000129606 7.13016e-06 -1.02885e-06 0.000109424 -1.31443e-05 4.01305e-07 0.000173094 -3.88189e-05 8.47159e-07 -1.58192e-05 -7.63153e-08 -4.42961e-05 4.69312e-06 -1.28675e-05 -1.29909e-05 2.85321e-06 -7.69482e-07 -0.000107418 -4.31532e-06 1.2574e-05 -1.11011e-06 -4.06998e-07 -6.70784e-07 -3.82915e-07 -3.12091e-08 1.79214e-07 1.22395e-06 -1.099e-05 1.03974e-07 -2.16863e-05 -4.97627e-05 0.000274522 -4.91142e-07 6.52149e-07 -0.000139112 -0.000403389 -1.72898e-10 -0.000162268 0.000397683 -6.42523e-05 4.4829e-06 -7.67171e-05 1.97654e-07 2.25122e-06 9.92871e-06 1.00798e-06 3.54682e-06 0.000152702 -0.000100966 2.75273e-05 -8.46356e-07 2.4224e-05 -7.64719e-07 9.84725e-06 
0.00120874 -0.104616 -0.000962531 -1.91401e-05 0.00337274 0.00013097 0.23893 0.00146165 0.00756935 0.0123236 0.056973 -5.41544e-06 0.0774037 0.0434767 -0.0167155 -0.0104631 -0.00184613 -0.04227 -0.0035295 -0.00173258 0.0289595 0.0146953 0.00905561 -0.000822294 0.00767367 -0.000317173 -0.0108102 -0.0665842 0.00521752 0.00180964 0.000143796 0.0335368 -0.00996852 -0.000155427 -0.00131202 -0.0242374 -0.00160901 -0.00685386 -8.92875e-05 -0.000569235 -0.0168565 -0.00103315 -0.00235872 -0.00465838 -0.00770803 -1.77449e-06 -0.0719324 0.000485474 -0.000627524 0.0660718 -0.00901061 0.00017698 0.0016148 -0.0207392 7.97197e-06 0.0063562 -8.91615e-05 -0.0348531 0.00371115 0.00621034 0.0095131 -2.88053e-05 0.0017904 -0.0219174 0.0112525 8.95856e-05 -0.00049641 -0.000272113 -0.000339803 -0.000123622 -1.25622e-05 -0.00209896 -0.000506219 -0.00626866 5.37006e-06 0.0114776 0.02029 0.0639374 7.42235e-05 0.000313622 0.0094543 -0.057232 -1.73525e-06 -0.0806716 0.0147666 -0.0369013 0.000578999 -0.00903858 -0.000280283 -0.000345944 -0.00391365 0.000684091 -0.000507113 0.00810701 -0.0338472 -0.0417505 -0.000786576 -0.00405415 -0.000313858 -0.00384573 
-0.000822339 -0.00826542 0.000498389 4.15785e-05 -0.000671709 -2.26619e-05 0.00146165 0.0684362 -0.000998496 -0.00160413 0.0139129 -1.75702e-05 -0.00379986 -0.0134894 0.00174841 0.00246546 0.00225694 -0.0360146 0.00932124 4.94386e-05 -0.00202936 -0.0298492 0.00922881 -2.64946e-05 -0.046072 -0.000284726 -0.000879796 0.0172598 0.0238922 0.00635966 0.000784261 0.0134094 0.0224534 2.48952e-05 0.000225385 -0.0037216 0.000284053 0.00233953 0.000289037 -6.30054e-05 -0.000250897 -3.71544e-05 0.000879997 -0.000395246 -0.000956743 5.91842e-07 -0.00968134 0.000163727 0.00085356 0.0125261 -0.00309874 -2.91899e-05 -0.000607402 -0.00469574 2.95736e-05 -0.00112876 -3.03389e-05 -0.00748615 -0.000574136 -0.00142484 0.00157555 0.000205503 0.00466375 -0.0230096 -0.00201084 2.41783e-06 -0.000146754 9.12273e-05 0.000578886 -7.93591e-05 2.21718e-05 -0.000281862 0.000676511 0.0164417 4.37338e-06 -0.00113825 0.00458093 -0.0102736 6.04562e-05 1.3546e-05 -0.0216995 -0.000324993 6.03101e-06 -0.0198929 0.00416115 0.0309646 -6.23027e-05 -0.00894846 0.000230846 -5.20347e-05 -0.000834419 0.000161085 -6.54901e-05 0.000305621 -0.00836858 0.000503013 -0.000405183 0.00112139 2.62775e-05 -0.000969868 
-0.000147287 -0.00682331 0.000214976 1.44245e-05 0.00262338 2.47052e-06 0.00756935 -0.000998496 0.0177134 0.00126741 0.00129126 5.14222e-05 0.0024747 -0.000430309 0.00202084 -0.00757838 -9.92713e-05 -0.00924813 -0.000106606 -7.4431e-05 0.000304764 -0.00470401 0.00418505 -0.000245154 0.00126032 0.000445979 -0.00288432 -0.00294309 -0.00205869 -0.00411068 -1.30621e-05 -0.00598291 -0.000648988 -6.51569e-06 0.000102678 0.0016332 0.000191442 -0.00028407 -1.40234e-05 -3.94298e-05 0.000329759 -1.45214e-05 -0.000105321 -3.967e-05 -0.000361337 2.53416e-06 -0.00421324 0.000518512 -3.20094e-05 0.00365995 0.00199773 4.50792e-05 0.000612601 -0.000427884 1.12948e-05 0.0030437 -8.07985e-06 -0.00183597 0.00272229 0.00145838 0.00063084 1.95678e-06 -0.000170832 -0.00874564 0.0027403 2.91401e-05 -2.1311e-05 5.96922e-06 1.39508e-05 0.00034176 3.47303e-06 -0.000100388 -2.04949e-05 -0.00028267 3.81537e-06 0.00998207 0.00817145 -0.00212968 4.75035e-05 7.3041e-05 0.00229598 -0.00579703 6.57054e-07 -0.00503896 -0.00110723 -0.00235807 -4.80867e-05 0.000998096 2.79187e-05 0.000149087 -9.11122e-05 0.000239039 -3.27637e-05 0.0021077 -0.000702129 -0.00226837 -6.85784e-05 -0.000154679 0.000150263 -0.000165658 
-0.000209477 0.00343427 -0.000211312 -7.90252e-06 -0.000472381 6.14428e-06 0.0123236 -0.00160413 0.00126741 0.0494892 -0.00465048 2.22068e-06 0.00589752 -0.00208671 -0.00985832 -0.000140951 -8.61534e-05 -0.00416408 0.00523894 3.75061e-05 0.00473391 0.00815223 0.00511832 -0.00202937 0.00177473 2.64195e-05 -0.0177801 -0.00641937 0.0164613 -0.0242079 8.17954e-06 0.00835077 -0.00435118 4.43413e-05 -0.000149615 0.0144194 -0.000112234 -0.000102531 -2.93966e-05 -8.79045e-05 0.000692852 -0.000183388 -0.000402962 -0.000502909 -0.00104715 1.18014e-06 -0.00067092 -4.23892e-05 -8.97846e-05 0.00619395 -0.00291491 0.000215459 0.000659144 -0.00225709 -4.84823e-08 0.000516509 2.81128e-05 -0.00234944 -0.000540599 0.00486649 0.00283787 8.70633e-05 0.000987351 -0.0152315 0.0105922 0.000447734 4.55793e-05 -6.70892e-05 -4.36773e-05 9.65284e-05 4.74651e-07 0.00038581 -5.63739e-05 -0.00112292 8.37695e-07 -0.00258023 -0.00122984 -0.0100532 -4.26539e-05 3.52423e-05 -0.0128002 -0.022201 6.47818e-07 -0.00402205 -0.000718888 -0.0053388 -2.91033e-05 -0.00581959 0.000227799 -3.35369e-05 0.00026537 0.000517199 -7.20344e-05 0.00805684 -0.000375763 -0.00625018 0.00227859 -0.000476177 -6.29246e-05 0.00156756 
-0.00366853 -0.135567 -0.00067287 -5.50428e-05 0.00263166 -1.35148e-05 0.056973 0.0139129 0.00129126 -0.00465048 0.239849 0.000325392 0.0675395 0.0193838 -0.0216922 -0.00668235 -0.00152456 -0.106286 0.00131508 -0.00153275 0.0450609 -0.0917821 0.0138588 0.00575698 -0.00215367 -0.00155325 0.0208161 -0.0153774 0.0624687 0.0374925 -2.36458e-05 0.0524723 0.0526548 -0.000162057 -0.00043251 0.0216332 0.0021614 -0.0067639 -0.000103456 -0.00122779 0.00111779 -0.000777406 -0.00261154 -0.0032913 -0.00700437 -2.02508e-06 -0.0822352 -0.000562424 -0.00036143 0.102566 -0.00906748 -9.78428e-05 0.00265957 -0.0264313 -2.90247e-05 0.00667809 -0.000129326 -0.0393277 -0.00379266 -0.000385896 -0.00584103 -0.000140086 0.000229849 -0.118751 -0.0107401 -0.000167967 -0.000796367 -0.000486399 0.000681744 -0.000484786 5.67803e-07 -0.00202956 -0.000520489 0.00326077 -5.48421e-06 0.0220168 0.0122786 0.107039 0.000399694 0.00020363 -0.057339 -0.0194751 1.28652e-06 -0.102247 0.0263121 -0.0119897 0.00120036 -0.0307963 0.000316724 -0.000463873 -0.0045362 0.00028438 -0.000398083 -0.00221992 -0.0707869 0.0134785 -0.00217366 -0.00448811 -0.000141821 0.00672829 
1.60946e-05 -0.000236151 1.68096e-06 2.68747e-07 -6.73789e-06 -7.15731e-08 -5.41544e-06 -1.75702e-05 5.14222e-05 2.22068e-06 0.000325392 0.000869466 -2.43919e-05 3.91366e-05 -6.11115e-05 -0.000235999 -1.76017e-06 -0.000301731 -8.24827e-06 -4.69608e-06 2.74318e-05 -0.000447966 0.000156232 0.000199565 -7.37672e-05 -1.57577e-06 -0.000169885 -8.25163e-05 0.00016367 5.75193e-06 -1.16232e-06 -8.93959e-05 0.000239618 -5.90167e-08 1.21384e-05 -1.29904e-05 1.68824e-05 -6.1899e-06 2.2227e-06 -2.45061e-06 2.67412e-05 -3.38486e-06 3.29527e-06 -1.07107e-05 2.17367e-06 1.20948e-07 -0.000165207 -4.22602e-06 3.26022e-06 0.000188107 6.49507e-06 2.85366e-06 5.42821e-05 -5.28795e-05 3.57552e-08 1.8694e-05 -3.79435e-07 -6.31021e-05 2.82074e-06 1.49676e-05 2.41966e-06 1.08187e-07 5.9603e-06 -0.000457093 -1.34853e-05 -6.85628e-07 -1.42998e-06 6.57961e-07 2.03059e-06 1.69508e-05 -1.3476e-08 -3.4723e-06 2.68771e-06 1.5632e-05 -2.37092e-09 0.000317753 0.000258694 6.90689e-05 2.68336e-06 -3.76706e-07 -0.000163005 -8.43911e-05 1.94742e-07 -0.00024178 6.66448e-05 -3.9482e-05 5.20297e-06 -0.000105298 -6.55078e-07 3.86803e-05 -1.66923e-06 -8.479e-07 -1.01128e-06 -9.65685e-06 -0.000130091 8.7787e-05 -2.6424e-06 7.61369e-06 7.30636e-06 -1.22989e-05 
0.00101098 -0.0970369 -0.00108156 -3.57488e-05 0.00263986 0.000332722 0.0774037 -0.00379986 0.0024747 0.00589752 0.0675395 -2.43919e-05 0.198583 0.0193193 -0.00864413 -0.00768741 -0.00148078 -0.0417515 -0.00401732 -0.000244135 0.0135853 -0.0185098 0.012109 -0.00293968 0.0137888 -0.000759592 -0.0200909 -0.0464752 -0.00728807 0.0103038 -0.000459241 0.0370312 0.00851513 -0.00011667 -0.000765675 0.0211269 0.000615722 -0.0055064 -0.000105555 5.79301e-05 -0.00915847 -0.000193454 0.00115288 0.000502477 -0.00526092 1.59426e-06 -0.0633605 0.00100136 -0.000472791 0.0623024 -0.00582765 0.00013574 0.0111384 -0.018357 2.64212e-05 0.013404 -7.99109e-05 -0.0274053 -0.00061837 0.00445038 -0.00318824 -5.64339e-05 0.0011065 -0.030511 0.00799598 0.000284916 -0.000567252 -0.000235578 -0.000244169 3.18007e-06 -1.17412e-05 -0.00165085 -0.00028931 -0.00552492 1.55895e-06 0.00398524 -0.0123512 0.0548998 -0.000127353 0.000115801 -0.025308 -0.0744148 -2.63758e-06 -0.0657094 0.035089 -0.0361982 0.00184666 0.00436182 -0.000268613 -0.000178132 -0.00241191 0.000743289 -0.000255765 0.00730186 -0.042575 -0.00773143 -0.0012049 -0.000203926 -0.00017762 0.00676709 
-0.00108739 -0.0441639 -0.00075426 -5.61705e-05 0.000895677 -0.00010807 0.0434767 -0.0134894 -0.000430309 -0.00208671 0.0193838 3.91366e-05 0.0193193 0.107804 0.0250852 0.000622056 -0.00112632 0.00433076 -0.0105414 -0.00138635 0.00598915 0.0319897 -0.0099648 0.00277071 0.0189028 -0.0013853 0.0126385 -0.0482317 -0.0202651 0.0015628 -0.000277855 0.00995404 -0.00696703 -0.000249167 -0.000281654 -0.0247371 -0.000766048 -0.00965538 -0.000151341 3.31213e-05 -0.0183973 -0.00122509 -0.00578328 -0.00126754 -0.00352134 -2.40649e-06 -0.0327173 -0.00058726 -0.000962264 0.0130448 -0.00432323 -6.07708e-05 -0.00630067 -0.0053582 -3.45429e-05 0.00324874 -4.78801e-05 -0.0188417 0.00110806 -5.58797e-05 0.00349682 -0.000288734 -0.000569354 0.018344 -0.00264596 -0.00042241 -0.000883897 4.70655e-05 4.91422e-05 -0.000788914 -3.19153e-05 -0.00173825 -0.000905711 -0.0107929 -6.91112e-06 0.00661145 0.0111112 0.0247844 7.11174e-05 8.65009e-05 0.0112847 -0.00708123 -2.5183e-06 -0.00625624 0.00225972 -0.0226416 0.00015976 -0.00183749 -0.000206233 -0.000260978 -0.00497264 -0.000234837 -4.39195e-05 -0.0010992 0.0123075 -0.0387975 -0.000507982 -0.0082055 -0.000654283 -0.00328559 
-0.000481153 -0.0111673 -0.000411042 2.40889e-05 0.00103044 -0.000116548 -0.0167155 0.00174841 0.00202084 -0.00985832 -0.0216922 -6.11115e-05 -0.00864413 0.0250852 0.19428 -0.00411151 -0.000610018 0.0379967 -0.00218791 -0.000551957 -0.0288399 0.029076 -0.0211855 0.00870329 -0.0103358 0.000453457 0.0126105 -0.0161923 -0.0638674 -0.0149389 2.02066e-05 -0.0219794 -0.0280488 -7.86581e-05 -0.000664295 -0.0427208 -0.000999657 -0.00340478 -4.54896e-05 0.00105705 -0.0102194 0.00077133 -0.00190341 0.0052609 -0.00396294 1.52553e-06 -0.0131344 6.76764e-05 -0.000395127 -0.0240321 0.00184197 -8.15252e-05 -0.00480086 0.00858538 -4.57389e-06 0.00399058 0.000137933 -0.015995 0.00636584 -0.00521607 -0.00107076 -0.000137494 6.49767e-05 0.055591 0.000404636 -0.000190256 -0.000142826 0.000480445 -0.000181153 -0.000364412 2.7355e-06 -0.00114884 -0.00035926 -0.00231595 4.85234e-06 0.00755834 0.0239382 -0.0105039 -3.32631e-05 0.000163889 -0.00937071 -0.00239623 -3.34458e-06 0.0202028 -0.00860496 -0.00621104 0.000479467 0.0104928 -9.72807e-05 0.000338505 0.00099745 -0.000152866 -0.000259265 -0.0047635 0.0492715 -0.0456831 -0.00113593 -0.00300121 -0.000112366 -0.00322512 
-0.00197392 0.0109539 -0.00116547 -1.32007e-05 -0.00803024 -0.000159099 -0.0104631 0.00246546 -0.00757838 -0.000140951 -0.00668235 -0.000235999 -0.00768741 0.000622056 -0.00411151 0.040003 0.000200379 0.0205658 0.000420832 -0.000265317 -0.00757747 0.0156426 -0.0182443 -0.0034581 -0.00379848 -0.00107501 0.00578125 0.00163776 0.00930798 -0.000591839 2.07357e-05 0.0142238 -0.00259817 1.47018e-05 -0.000539779 0.00312824 -1.6572e-05 0.00078522 -3.16419e-05 5.22529e-05 6.55569e-05 -0.000134932 -0.00294078 0.000185702 0.00068858 -3.1026e-06 0.00731999 -0.00047304 -2.4244e-05 -0.00946523 -0.0134052 -0.000209839 -0.00608134 0.00227273 -4.40125e-06 -0.00931318 1.47114e-05 0.00266762 -0.00205766 -0.00307307 0.000127363 -1.07022e-06 -6.96891e-06 0.0185129 -0.00158244 -7.27638e-05 -1.56352e-06 -0.00024444 -0.000177049 -0.000192422 -5.10783e-06 0.000134157 2.23012e-05 0.000219949 -1.16267e-05 -0.0160541 -0.0173051 -0.0027369 -0.000288476 -0.00015148 -0.00682343 0.0124938 -7.58806e-06 0.0106309 -0.00179481 0.00541836 -0.00111782 -0.00642319 -6.82189e-05 -4.80385e-05 0.000254294 -0.000252611 3.61312e-05 -0.00301901 0.00553127 0.00155226 0.000148225 -0.00251543 -0.000120546 0.000523916 
-9.34535e-05 0.00155821 0.000139366 1.34336e-07 -5.94981e-05 -2.00265e-06 -0.00184613 0.00225694 -9.92713e-05 -8.61534e-05 -0.00152456 -1.76017e-06 -0.00148078 -0.00112632 -0.000610018 0.000200379 0.00567118 -0.00123012 0.000104465 0.000209067 -0.000514429 -0.000115023 0.00046705 -0.000191666 -0.00239241 9.94482e-06 -0.00224417 0.00294821 -0.000226537 0.000449939 2.16954e-05 -0.00033283 0.00085206 4.22806e-05 0.000241953 -0.00121054 3.23879e-05 0.000469762 4.47405e-05 1.92351e-05 -0.000191501 8.97628e-06 -2.76053e-05 -5.91861e-05 0.00062691 8.03053e-08 0.000118649 0.000104735 5.01361e-05 -0.00277412 -0.000276248 -2.1304e-06 -0.000116189 -0.000306888 8.46795e-06 -0.000159979 2.59198e-06 -0.000473827 -6.34055e-05 -0.000147475 0.000208061 7.24687e-06 0.000122559 0.000604786 -0.000114855 -3.58229e-06 -1.60745e-06 5.49709e-05 0.000155834 -3.29112e-06 6.23197e-07 0.000460118 0.000429912 0.000769656 1.21522e-06 -0.000163619 0.000773102 -0.00127878 -2.38819e-06 -8.63496e-08 -0.00123929 0.000627223 2.44666e-06 1.01498e-05 -0.000313627 0.00344535 -1.84975e-05 -0.000693577 9.61516e-06 -5.08186e-06 0.000158035 -4.55781e-06 2.77196e-05 -0.00010188 0.000117583 -0.000786377 -2.88488e-05 4.92137e-05 4.87747e-05 2.42413e-06 
-0.00267197 0.0788365 -0.00103448 -0.000128684 -0.00564454 -9.25625e-05 -0.04227 -0.0360146 -0.00924813 -0.00416408 -0.106286 -0.000301731 -0.0417515 0.00433076 0.0379967 0.0205658 -0.00123012 0.243334 -0.00788622 -0.000467527 -0.0614101 0.105244 -0.0742848 -0.00183176 0.025849 -3.47182e-05 0.0143744 -0.0403456 -0.122154 -0.015973 -0.000725881 -0.0532106 -0.0732503 4.99426e-05 -0.00100965 -0.0894179 -0.00239105 0.000266421 -8.64975e-05 0.00113818 -0.0251322 0.000678572 -0.00396509 -7.44399e-05 0.0079477 -9.97843e-08 0.0683253 -0.000347773 -0.000875839 -0.0902832 0.00597313 -0.000129223 -0.010271 0.022813 -9.91948e-06 -0.0126858 0.000137673 0.0422468 0.000402341 -0.0095371 0.000870155 -0.000180039 -0.00555251 0.169514 -0.00660644 -0.00017631 0.000749119 -2.79509e-05 -0.0006747 -0.0008778 -2.058e-05 0.00170972 -0.000424057 -0.0106086 -1.11311e-05 -0.0210873 -0.0335117 -0.0458502 -0.000424876 -0.000182322 0.0713765 0.0243153 -8.22151e-06 0.108671 -0.0127381 -0.0190789 -0.00160709 0.0439979 -0.000146949 8.94098e-05 -0.001627 -0.000860857 0.000409994 -0.00966138 0.062597 -0.0332088 0.00155359 -0.0010961 -0.000667606 -0.0108171 
-0.000135916 0.00316066 0.000334087 3.82291e-06 -0.00017695 -1.07043e-05 -0.0035295 0.00932124 -0.000106606 0.00523894 0.00131508 -8.24827e-06 -0.00401732 -0.0105414 -0.00218791 0.000420832 0.000104465 -0.00788622 0.018905 -2.84599e-05 -0.000859303 -0.00604642 0.00171957 -0.000706706 -0.0114594 8.10288e-05 -0.00618174 0.00535676 0.00915428 -0.00224235 0.000267687 0.00329641 0.00201589 7.82538e-05 7.38422e-06 0.00535524 0.000620163 0.00217941 4.43457e-05 -6.29091e-05 0.00210592 -7.14602e-05 0.000586675 -8.53241e-05 -0.000357115 1.2618e-06 0.00059676 0.000240837 0.000281594 0.00277682 -0.0010938 5.59337e-05 -0.000194525 -0.00113495 5.23583e-07 -0.000345193 -3.75135e-06 -0.00175453 -0.000167975 -0.000237221 -0.000384359 0.000190503 0.00138002 -0.00873293 0.00145641 0.000145534 -2.09131e-06 -2.47869e-05 4.95235e-05 -1.37839e-05 1.74564e-05 0.000105078 4.0907e-05 0.004725 -2.75041e-07 -0.000466189 0.000540405 -0.00606887 -1.39276e-05 2.84649e-07 -0.00571739 -0.0031467 3.25535e-06 -0.00277534 -0.0010803 0.00936111 6.60753e-05 -0.00285376 0.000171159 -2.46722e-06 9.23746e-05 0.000221187 -3.14388e-05 0.00100158 -0.00298678 0.000454963 0.000358661 4.09904e-05 1.61501e-05 -0.000130223 
0.000344803 0.000621491 4.86244e-05 -7.88736e-07 -3.64405e-05 -1.5845e-06 -0.00173258 4.94386e-05 -7.4431e-05 3.75061e-05 -0.00153275 -4.69608e-06 -0.000244135 -0.00138635 -0.000551957 -0.000265317 0.000209067 -0.000467527 -2.84599e-05 0.00815565 2.2281e-05 -0.00043864 0.00121354 -0.000321532 -0.000879836 5.82898e-05 -0.00152075 0.000100206 0.00105099 0.000180672 -3.07594e-06 0.000237762 0.00121644 4.06803e-05 -2.78777e-05 0.000137195 5.51328e-06 0.000332557 -2.05034e-06 1.63366e-06 -0.000275152 -4.30805e-06 0.000142539 0.000258907 -6.27804e-05 -5.18731e-08 -0.000294152 -3.84487e-05 3.95744e-05 -0.00196778 0.000103128 4.9542e-06 0.000229749 -0.000346627 7.34012e-06 5.20313e-06 6.05216e-06 -0.000593773 -2.97671e-05 -8.14129e-05 0.000291462 5.23889e-06 -3.82976e-05 -0.000450299 0.000218994 1.05061e-05 -1.11332e-05 -3.91875e-06 -5.80182e-06 4.15117e-06 1.21003e-07 -1.3491e-05 0.00017361 0.000112599 1.77677e-06 -0.00041562 -0.000275815 -0.00214284 -6.10433e-06 -7.07391e-06 -0.000586541 -0.000704902 -1.44181e-07 0.000781943 -0.000193964 0.000976579 2.78397e-05 -0.000750404 -6.80882e-07 6.86806e-06 -6.05225e-05 3.46859e-05 6.46502e-05 -0.000117492 -1.48277e-05 0.000693634 0.000445574 8.41636e-05 5.95426e-05 0.000159157 
-0.00133162 -0.0488196 -0.000496178 -6.2567e-07 0.00018844 0.000151125 0.0289595 -0.00202936 0.000304764 0.00473391 0.0450609 2.74318e-05 0.0135853 0.00598915 -0.0288399 -0.00757747 -0.000514429 -0.0614101 -0.000859303 2.2281e-05 0.116516 -0.0402857 0.0247887 -0.00150949 0.00768923 -0.000428391 -0.0102312 0.00413405 0.0480642 -0.00016525 -0.000238243 0.0278727 0.0212526 -4.81891e-05 -5.74208e-05 0.0175756 -7.12987e-05 -0.00182973 -4.50985e-05 -0.000351908 -0.00390933 -0.000498746 0.00181904 -0.00157163 -0.00269583 -6.22144e-07 -0.0273337 -0.000468185 -0.000221817 0.0355713 -0.00512177 8.74573e-05 0.00799022 -0.00919642 -2.33e-05 -0.00165196 -3.73327e-05 -0.0140483 -0.00130969 0.00698285 5.7306e-05 -7.04977e-05 0.000758966 -0.0698999 0.00587679 -1.24146e-05 -0.000299238 -0.000187832 -0.000117692 0.000239924 -4.23257e-06 -0.000725267 -0.000173287 -0.000416292 6.57107e-06 -0.00275087 -0.00617171 0.0331245 0.000168536 0.000139695 -0.0170963 -0.019523 -1.91745e-06 -0.0390271 0.00663008 -0.00898183 0.000389306 -0.0203839 -7.33675e-05 1.93914e-05 -0.000843401 0.000986393 -0.000118362 0.00684891 -0.0209432 0.00810632 -0.000462891 0.00154365 -0.000138323 -0.000611101 
-0.00342798 0.0672427 -0.00102888 -4.17611e-05 -0.0061097 -4.52144e-05 0.0146953 -0.0298492 -0.00470401 0.00815223 -0.0917821 -0.000447966 -0.0185098 0.0319897 0.029076 0.0156426 -0.000115023 0.105244 -0.00604642 -0.00043864 -0.0402857 0.235609 -0.0571885 -0.0257895 0.0227184 0.000968411 -0.00718988 -0.0636764 -0.065787 -0.0325108 -0.000434834 -0.0024802 -0.0810109 3.49136e-05 -0.000336858 -0.0240783 -0.00259971 0.00108327 -0.000156663 0.000968354 -0.0278658 -0.000905306 -0.00434861 0.00430156 -0.000273145 -4.22526e-06 0.0438262 0.000524743 -0.000880835 -0.0851306 -0.0251552 9.63385e-07 -0.012011 0.0231168 4.1882e-06 -0.00532361 0.000112152 0.0269851 0.00188646 0.000858515 -0.00609105 -9.96405e-05 -0.0007937 0.139105 0.00484625 0.000125636 8.56878e-05 0.000217587 -0.000737425 -0.000727357 -2.41778e-05 0.000995182 -0.000546297 -0.0137059 -1.25461e-05 -0.0235231 -0.0173403 -0.0536974 -0.000425788 -0.000338661 0.0216328 -0.00079878 -7.65001e-06 0.0958524 -0.0186485 -0.0215435 -7.81147e-05 0.00628426 -0.000561242 -0.000176107 -0.000196122 -0.000216003 0.000118552 0.00135595 0.0602906 -0.0738181 0.00141367 -0.00505809 -0.000100883 -0.000128749 
0.00686882 -0.0335069 0.000384704 1.12614e-05 0.0012012 0.000291054 0.00905561 0.00922881 0.00418505 0.00511832 0.0138588 0.000156232 0.012109 -0.0099648 -0.0211855 -0.0182443 0.00046705 -0.0742848 0.00171957 0.00121354 0.0247887 -0.0571885 0.137902 -0.000233797 -0.00561433 0.00027336 -0.0348396 0.0249224 0.0373799 0.00404906 0.000128557 0.0159311 0.0352816 -1.64238e-06 0.000354585 0.0224284 -0.000126509 -0.00270133 0.000103423 -0.000452942 0.00140151 -0.000283971 0.00409921 -0.000846759 -0.00249539 1.70947e-06 -0.0315974 -0.000178469 0.000696999 0.0335407 0.000545285 0.000201801 0.0095962 -0.0111012 5.44909e-05 0.00532422 -6.27023e-05 -0.0172051 0.00111296 0.00746944 -0.000252264 3.67377e-05 -0.00119397 -0.0708542 0.0100614 0.000232664 -0.000308629 -0.000133225 8.18757e-05 0.000599699 1.50045e-05 -0.000768583 0.000330029 0.000261052 1.41862e-05 0.0117255 0.0229348 0.0205494 0.000236204 -2.97672e-05 -0.0390005 -0.0238405 2.54702e-06 -0.0433274 0.00575709 0.0128071 0.000210074 -0.0223359 3.54226e-05 0.000229526 -0.000163103 6.13708e-05 -0.000286641 0.00583478 -0.0246182 0.0199551 -0.000676687 0.00183704 0.000435585 0.00220515 
0.00125277 -0.0183702 -2.22273e-06 3.6648e-05 0.000301009 -1.18922e-05 -0.000822294 -2.64946e-05 -0.000245154 -0.00202937 0.00575698 0.000199565 -0.00293968 0.00277071 0.00870329 -0.0034581 -0.000191666 -0.00183176 -0.000706706 -0.000321532 -0.00150949 -0.0257895 -0.000233797 0.0427497 0.0017804 -0.000185392 0.00302106 0.000276955 -0.00806132 0.00472285 -4.53272e-05 -0.0171918 -0.00381806 -1.94463e-05 -4.01146e-05 -0.00859196 -0.00011552 -0.000864249 -3.0119e-05 5.93829e-06 0.00203236 0.000480974 -0.000345998 -0.000634615 0.000840014 1.76162e-06 -0.00922732 -0.00018886 -7.40721e-05 0.0111323 0.0132279 5.1016e-05 -0.000702378 -0.00298146 6.15868e-07 0.000652229 -6.80156e-06 -0.00269849 -0.000517751 6.00266e-05 -0.000814611 -2.14561e-05 -1.15246e-05 -0.0076312 -0.000837577 -2.12736e-05 -5.25374e-05 9.29498e-05 5.73146e-05 5.47913e-05 1.27609e-06 -0.00023709 -1.86909e-05 -0.00107722 4.1243e-06 0.00102037 0.00889897 0.0165526 1.79365e-06 9.97486e-05 0.00338336 0.00337861 -2.91328e-07 -0.0126288 -0.00130359 -0.00354242 -0.000155309 0.0108136 7.31088e-05 0.000251925 -0.000414153 -6.845e-05 -2.89724e-05 -0.000895205 -0.00798102 0.00934241 -0.000209151 -0.000510406 -3.11931e-05 -0.000761052 
-0.00310352 -0.00541011 -0.00134275 -2.55823e-05 0.000684955 -2.58094e-05 0.00767367 -0.046072 0.00126032 0.00177473 -0.00215367 -7.37672e-05 0.0137888 0.0189028 -0.0103358 -0.00379848 -0.00239241 0.025849 -0.0114594 -0.000879836 0.00768923 0.0227184 -0.00561433 0.0017804 0.0886462 -0.00023091 0.0087037 -0.0285537 -0.0241486 -0.00744859 -0.00115112 -0.0193458 -0.0168232 -0.000145115 -0.000266588 0.00102926 -0.000239206 -0.0117938 -0.00037979 -0.000212847 7.68744e-05 -0.000137282 -0.0012801 -0.000479611 0.0011113 -1.66417e-06 0.00150695 -0.00028171 -0.00146125 0.00886892 0.00266386 2.05803e-05 0.000475904 0.0044722 -3.69951e-05 0.000607324 -2.58648e-05 0.00925546 -0.00245562 0.00215921 -0.00116675 -0.000309115 -0.00363453 0.0123162 0.000410406 3.04954e-06 2.94778e-05 -0.0002579 -0.000735206 0.000120224 -2.58818e-05 0.000461864 -0.000727545 -0.0171826 -5.18261e-06 0.00139216 -0.0154842 0.022424 -0.000113953 -7.21297e-05 0.0188169 -0.00168024 -5.26961e-06 0.00609579 -0.00350313 -0.0512562 -0.000192365 0.010824 -0.000191857 -0.000138458 0.000183712 -0.000156156 3.88973e-06 -7.13801e-05 -0.00240953 0.00391777 0.000146634 -0.000921331 -0.000141661 0.00110316 
0.000195686 0.000969186 -3.60308e-07 1.57368e-06 0.000217752 -1.10189e-06 -0.000317173 -0.000284726 0.000445979 2.64195e-05 -0.00155325 -1.57577e-06 -0.000759592 -0.0013853 0.000453457 -0.00107501 9.94482e-06 -3.47182e-05 8.10288e-05 5.82898e-05 -0.000428391 0.000968411 0.00027336 -0.000185392 -0.00023091 0.00479444 -0.000501336 -0.000345763 -0.00109761 -0.000816645 3.78789e-05 -0.00120887 -0.000566815 9.32327e-06 2.7876e-05 6.97104e-05 -5.94093e-06 0.000252371 5.90858e-06 1.78585e-05 -0.00016396 2.87327e-05 -2.96434e-05 -7.13412e-06 -4.81289e-05 3.69644e-07 0.000595566 2.64041e-05 9.1222e-07 -0.0020578 1.55395e-05 2.27457e-05 -7.36753e-05 2.42612e-05 3.22028e-07 8.80619e-05 9.39535e-06 3.29787e-05 0.000662107 0.000144893 -0.000154331 9.51751e-06 -6.531e-05 0.00101746 0.000467337 8.85308e-06 -6.27865e-06 2.39056e-06 -4.25394e-06 9.25304e-06 8.70858e-07 5.57603e-06 -5.67697e-06 -0.000104964 1.58127e-06 0.000683924 0.00123477 -0.00177734 2.05519e-06 -3.25587e-06 0.000478935 -0.000613731 -5.78029e-08 0.00133885 -0.000287378 -9.34708e-05 2.8482e-06 1.62593e-05 -2.76237e-06 2.05698e-06 -2.88592e-05 8.71571e-06 -5.23273e-06 0.000132524 0.000604564 -0.00047041 0.000133555 -4.2e-05 6.91262e-05 4.63565e-05 
-0.00246673 -0.0110113 -0.000583128 -5.62673e-06 0.000615927 -0.000373475 -0.0108102 -0.000879796 -0.00288432 -0.0177801 0.0208161 -0.000169885 -0.0200909 0.0126385 0.0126105 0.00578125 -0.00224417 0.0143744 -0.00618174 -0.00152075 -0.0102312 -0.00718988 -0.0348396 0.00302106 0.0087037 -0.000501336 0.0879825 -0.0154283 -0.0148845 0.0129357 -1.34888e-05 -0.0136116 0.000741559 -0.000176298 -6.84047e-05 -0.0184717 7.05802e-05 -0.00725665 -0.000258867 0.000151912 0.00321382 0.000142707 -0.00370582 -0.000478891 -0.00137079 -2.12574e-06 -0.0104201 -0.000632794 -0.000901675 0.00735256 0.00419953 -0.000315108 -0.00894637 0.00464525 -4.9217e-05 -0.00526403 4.8564e-06 0.00406336 -0.0015376 -0.007853 0.000274011 -0.000268895 -0.00316078 0.0156884 -0.0145484 -0.000423409 -0.000244582 -8.79728e-05 0.00010302 -0.000380535 -1.31829e-05 -0.000515982 -0.000461394 -0.00345621 -9.66066e-06 0.00214373 -0.00285616 0.00693815 3.40686e-05 -2.01541e-05 0.0275502 0.0382542 -4.60741e-06 -0.000837498 -0.00935252 -0.0212106 -0.00152364 0.0141246 4.58429e-05 -0.000147424 -0.000279404 -0.000821908 0.000131106 -0.0108113 0.00545568 0.00523854 -0.000469704 -0.00339023 -0.000455405 -0.00288433 
-0.00215619 0.038911 0.000945433 4.49087e-05 -0.00166992 -0.000104582 -0.0665842 0.0172598 -0.00294309 -0.00641937 -0.0153774 -8.25163e-05 -0.0464752 -0.0482317 -0.0161923 0.00163776 0.00294821 -0.0403456 0.00535676 0.000100206 0.00413405 -0.0636764 0.0249224 0.000276955 -0.0285537 -0.000345763 -0.0154283 0.15949 0.0493195 0.0138046 5.23231e-05 0.00276478 0.0284384 9.72422e-05 -0.000112528 0.0312943 -0.000531156 0.0115005 7.6034e-05 -0.000603252 0.0285263 0.000656945 0.00343086 -0.00186785 0.000849414 -2.40401e-06 0.012996 0.000214223 0.00141713 -0.00878471 -0.0024048 -4.52531e-05 0.000376906 -0.0105599 -3.02028e-05 -0.00672564 -5.84912e-05 0.000204809 -0.00244595 -0.00285455 8.67904e-05 9.19237e-05 0.000958161 -0.0391417 -0.00269632 -5.5625e-05 0.000101351 -0.000245831 0.000131643 0.000253217 9.33764e-06 0.00102113 0.000918879 0.0108779 7.8599e-06 -0.00907604 -0.0113863 -0.00964338 -0.000107642 -9.34895e-05 -0.042037 0.0212233 -2.40846e-06 -0.0104634 -0.0119076 0.0598062 -0.000590661 -0.0165852 -8.68733e-05 -0.000214014 0.00353107 -0.000223709 -0.000306529 -0.00262152 -0.012301 0.0169654 -0.000887608 0.00444482 0.000401241 -0.000591313 
-0.000233715 -0.0423094 0.000178619 8.76724e-05 -0.00383856 -0.000180233 0.00521752 0.0238922 -0.00205869 0.0164613 0.0624687 0.00016367 -0.00728807 -0.0202651 -0.0638674 0.00930798 -0.000226537 -0.122154 0.00915428 0.00105099 0.0480642 -0.065787 0.0373799 -0.00806132 -0.0241486 -0.00109761 -0.0148845 0.0493195 0.247701 0.00522848 0.000186889 0.0889895 0.0517242 3.10169e-05 -0.00136538 0.112029 0.000989975 0.00379186 3.9431e-05 -0.00119204 0.0264919 -0.00143427 0.000789262 -0.000717462 -0.00732409 -3.06883e-06 -0.0463419 -0.000685829 0.000790638 0.0791525 -0.016128 0.000110012 -0.000322184 -0.0256251 -6.41636e-05 -0.00690534 -0.000111638 -0.0438902 -0.00431823 0.0104313 0.00168596 0.000179098 0.00605621 -0.144388 0.0103542 0.000214907 -0.000847709 -0.000677809 0.00025203 0.000635819 1.01777e-05 -0.00223947 0.000196224 0.0122424 -1.40597e-06 -0.00984382 -0.0280899 0.00449626 -7.93754e-05 -0.000246043 -0.0807572 0.00401015 -4.00258e-06 -0.0968607 -0.00383419 0.0253609 -3.25687e-05 -0.0646162 -1.57452e-05 7.35618e-05 -0.000290137 0.000458506 5.13702e-05 0.00801089 -0.0375535 0.0304313 0.000931085 -0.001409 0.00058061 0.00716138 
0.00108604 -0.033083 0.0002524 -4.46821e-05 0.000840901 4.46785e-05 0.00180964 0.00635966 -0.00411068 -0.0242079 0.0374925 5.75193e-06 0.0103038 0.0015628 -0.0149389 -0.000591839 0.000449939 -0.015973 -0.00224235 0.000180672 -0.00016525 -0.0325108 0.00404906 0.00472285 -0.00744859 -0.000816645 0.0129357 0.0138046 0.00522848 0.0989058 0.00011103 0.0251575 0.014951 -0.000149245 -0.000141511 -0.00253518 0.000500348 -0.00065822 -3.7302e-05 -0.000416898 0.00205643 0.000149235 0.000656717 -0.00814511 -0.000240254 -4.26637e-06 -0.0311424 1.48869e-05 0.000201284 0.0357142 0.00534651 -0.000248251 0.000723194 -0.036886 -1.39761e-05 -0.00126886 -9.97901e-05 -0.0204406 -0.00346434 -0.00694344 -0.00711349 -2.81353e-05 -0.000750406 -0.0148874 -0.016155 -0.00051051 -0.000810016 -6.53944e-05 0.000130328 -0.000716689 -4.09695e-06 -0.00211611 0.000117546 0.00235449 -2.80198e-06 0.00229959 0.0100917 0.042074 4.18384e-05 5.65474e-05 -0.0109942 0.0157321 -1.80202e-06 -0.0338632 0.00579352 0.0128342 -0.000145455 0.00584127 -0.000137357 -0.000345492 -0.00415757 -0.000711122 -2.47549e-05 -0.00980606 -0.0508137 0.0239936 -0.0022186 0.00107927 -0.000358645 -0.00235027 
0.000227131 -0.000303464 4.40697e-05 4.32043e-06 -1.32232e-05 2.52057e-06 0.000143796 0.000784261 -1.30621e-05 8.17954e-06 -2.36458e-05 -1.16232e-06 -0.000459241 -0.000277855 2.02066e-05 2.07357e-05 2.16954e-05 -0.000725881 0.000267687 -3.07594e-06 -0.000238243 -0.000434834 0.000128557 -4.53272e-05 -0.00115112 3.78789e-05 -1.34888e-05 5.23231e-05 0.000186889 0.00011103 0.00195999 3.6962e-05 -0.000196187 -4.29523e-07 8.18621e-05 0.000295224 1.89996e-06 7.49012e-05 -3.29955e-07 4.07413e-06 4.9165e-05 -1.16241e-06 -1.18668e-05 -2.32548e-05 1.49026e-05 -3.54737e-08 -0.000298795 -3.46707e-06 3.07512e-05 -0.000319028 -6.09554e-05 -4.26642e-07 -3.35657e-05 -0.000109974 1.83445e-07 -4.45752e-05 1.36192e-06 2.34243e-05 -2.1077e-05 -4.0136e-05 0.000145955 7.42785e-05 -1.89479e-05 -0.000245037 -5.37539e-05 1.57084e-06 1.00228e-05 2.61498e-05 1.4316e-06 1.09067e-05 -6.89688e-08 -6.91835e-06 6.89993e-06 4.68105e-06 -4.29625e-08 -9.94578e-05 0.000607566 -0.000499875 3.1876e-06 -1.10434e-06 -0.000371032 0.000178737 -3.44328e-08 -0.000278821 -5.11656e-05 0.00110036 -5.54792e-06 -0.000295459 1.47776e-05 -1.40267e-06 -1.82454e-05 -1.3239e-06 -2.88631e-08 -1.21597e-05 -0.000272807 0.000289223 -9.40482e-06 1.93577e-07 5.93314e-06 -6.33002e-06 
-0.00086062 -0.0526677 -0.00121999 -8.99466e-05 -0.00613829 0.000107805 0.0335368 0.0134094 -0.00598291 0.00835077 0.0524723 -8.93959e-05 0.0370312 0.00995404 -0.0219794 0.0142238 -0.00033283 -0.0532106 0.00329641 0.000237762 0.0278727 -0.0024802 0.0159311 -0.0171918 -0.0193458 -0.00120887 -0.0136116 0.00276478 0.0889895 0.0251575 3.6962e-05 0.186653 0.0200677 -1.84189e-05 -0.00126316 0.0506586 -0.000346235 0.000566997 -7.72674e-05 -0.00131118 -0.000576295 -0.00179325 0.000298341 -0.00219989 -0.00746111 -3.13798e-06 -0.0668517 0.000154706 0.000372679 0.0563771 -0.0316605 -9.60878e-05 0.00386914 -0.0405047 -4.74204e-05 -0.00663576 -3.0497e-05 -0.0577323 -0.00340893 0.00245469 0.00256629 2.56168e-05 0.00257871 -0.0540398 0.00303195 0.000133721 -0.00120197 -0.000747717 -7.43158e-05 -0.000157518 -5.58327e-06 -0.00430609 -0.000173052 0.00507394 -6.33442e-06 -0.0169346 -0.0134342 0.0382481 -0.000198163 -0.000148586 -0.0645677 -0.0195064 -8.46959e-06 -0.0631252 0.012747 0.0170022 0.000432199 -0.0709169 -0.000246448 -0.000160591 0.000525492 0.000131248 -7.64405e-05 0.00402152 -0.0176652 0.00459945 -0.000236959 -0.00348139 -0.00019081 0.00407472 
-0.0021289 -0.024525 -9.28552e-05 -1.1432e-05 -0.000285257 7.01523e-05 -0.00996852 0.0224534 -0.000648988 -0.00435118 0.0526548 0.000239618 0.00851513 -0.00696703 -0.0280488 -0.00259817 0.00085206 -0.0732503 0.00201589 0.00121644 0.0212526 -0.0810109 0.0352816 -0.00381806 -0.0168232 -0.000566815 0.000741559 0.0284384 0.0517242 0.014951 -0.000196187 0.0200677 0.12188 -1.57341e-05 -0.000387704 0.00305212 0.00139283 -0.00162435 0.000175793 -0.000454873 0.0140163 -0.00043337 0.00277398 -0.00184373 -0.00269177 -8.89432e-07 -0.0189592 -0.000304393 0.000884226 0.036925 -0.00582014 -4.40009e-05 0.00546104 -0.00940858 1.28384e-05 -0.00242384 -6.31466e-05 -0.0146362 -0.00176527 -0.00300827 -0.000579564 -4.80286e-05 -0.000200287 -0.0690364 -0.00462357 -8.05348e-05 -0.000293392 -0.000150539 0.000679341 -0.000184938 2.30019e-05 -0.000700625 0.00044808 0.00581392 -2.40116e-06 0.0090428 -0.00575313 0.0239634 0.000396875 -4.12998e-05 -0.0325271 -0.0083234 1.83586e-06 -0.041283 0.0170988 0.0150651 0.000106133 -0.019515 -1.80721e-05 -0.000193603 -0.000950213 0.000112405 -1.39987e-05 6.46454e-05 -0.0256071 0.00994393 -0.000536625 0.00141228 -6.40274e-05 -0.0013171 
