0.0152467 0.000536614 -0.00021355 -0.000182331 0.00177445 -0.000126182 -3.9753e-05 -0.000131464 -1.38373e-05 0.00106201 0.0034342 -0.00157003 0.000107518 0.000517155 -0.000119404 0.00113683 0.00440036 -0.000820366 -0.00159807 -0.00527534 0.00197739 0.00106276 -0.00373474 -7.49089e-05 0.002136 -1.72147e-05 0.00283673 4.96264e-06 0.00266508 -3.64055e-05 0.000246464 0.000115429 -0.00197373 -5.11267e-05 -0.000107783 0.00417819 3.13286e-05 1.37711e-06 -0.00438898 -0.000255385 -0.00014583 0.000992526 0.000322067 -5.62258e-05 -0.00376874 -0.000304984 0.000217509 -0.000232348 0.000146573 -0.0057658 0.00266771 -0.000161023 -0.00224573 -0.000521068 -0.00014589 -0.00172815 -0.000373988 -0.00459257 -0.00135721 -0.000347863 -0.000692339 0.00415572 4.76127e-05 -0.000876777 -2.96157e-05 0.00154694 0.000762346 -0.00070664 -0.000224662 0.000383785 -2.57937e-05 -5.43894e-05 -7.34475e-05 0.00182108 -1.22623e-06 -0.00167705 -0.00170016 -7.89726e-05 6.84091e-05 0.00036693 -0.00409029 0.0036515 0.000405558 0.00287158 -3.71815e-06 0.000245238 -0.000154659 -5.75384e-07 -0.000566643 -0.00186943 -2.08004e-05 -0.00258886 -0.00634102 -0.00341195 -0.000150227 1.67291e-05 -3.13124e-05 0.00379243 -1.18849e-05 -9.3266e-05 
0.000536614 0.248054 -0.0020549 -0.0219095 -0.012641 -0.000949282 -0.00199905 0.0019651 -0.00169603 -0.0082481 -0.0171098 0.0318981 0.000104224 0.0965612 -0.00511948 -0.0328462 -0.0179036 -0.0281632 0.0333037 -0.0849571 -0.023611 0.137728 0.0436069 -0.00168576 -0.100437 -0.000461493 0.125511 -0.0146896 0.102929 -0.00391566 -0.00411611 -0.00276829 -0.139412 -0.00346467 -0.00982278 -0.0502248 8.5107e-05 -1.9982e-05 0.0396717 0.140695 -0.0062523 0.00865114 -0.00104021 -0.00123924 -0.0394022 -0.0155635 -0.0046509 -0.0092232 -0.00807097 -0.126013 -0.0134122 -0.0120522 0.0382315 -0.00680242 -0.000685031 -0.055734 -0.000519256 0.0310118 -0.00318752 -0.00969285 -0.0180632 -0.0184802 -0.00206528 -0.0282165 -0.00378742 -0.101105 0.162437 -0.0229088 -0.0110993 0.00342814 -0.000684107 0.0029006 -0.00424812 -0.0247232 -0.000167214 -0.0274357 0.0138453 -0.00748312 -0.00285252 0.00180342 -0.0597951 -0.0182625 -0.00220194 -0.0118288 -1.43982e-05 -0.00966813 -0.00694015 -4.71219e-05 -0.023607 -0.0659193 -0.00239436 0.0787965 0.025308 0.081534 -0.00641028 -0.000152019 -0.00569595 -0.0415502 -0.00199599 -0.0170279 
-0.00021355 -0.0020549 0.0248328 -0.000818403 0.000227192 0.00111245 9.85918e-05 0.00182574 -6.65612e-05 0.00126387 0.00036167 0.00424994 0.000109548 -0.00340327 -0.000141827 0.000122376 0.000393573 -0.00239581 -0.00674276 -0.0101875 -0.00592356 0.00209572 -0.000268456 0.00140503 -0.00305918 2.68044e-05 0.000239018 -0.000657075 -0.00571869 -4.3327e-05 -0.000149001 -0.000413438 0.00537618 -6.00204e-05 -0.000439108 -0.000712194 -1.33818e-05 3.88453e-06 -0.00126926 0.00172985 -0.000232526 -0.000925383 -3.39255e-05 -8.28508e-05 0.00825838 -0.000774192 -0.000201408 0.000755405 -0.000196231 0.00117598 0.000230567 -0.000990976 -0.00038382 -0.000890967 8.10504e-05 -0.00261521 -0.000383323 0.00553909 -0.00137927 -0.000358501 0.00525446 0.000506831 -9.23586e-05 -0.00114511 -0.000297632 -0.00294457 -0.00314005 0.000917819 -0.000271862 0.00148379 -2.94595e-05 0.000104087 -7.83448e-05 -0.000625412 -7.3634e-06 -0.00348569 0.000319299 -0.00032965 -0.000167123 -0.000199392 -0.00745411 0.000274179 0.000541877 0.000885043 3.55354e-05 -0.000361203 0.000381115 -9.73654e-07 -0.00123606 -0.00524894 -4.08624e-05 0.00806575 -0.00141989 0.00223638 0.000758257 -1.73431e-05 -0.000220055 0.000409826 -9.78569e-05 -0.000577867 
-0.000182331 -0.0219095 -0.000818403 0.0451031 -0.000928208 -0.000376155 0.00154773 -0.000358722 0.00106738 -0.00029765 -0.000678597 -0.00335133 0.000300105 -0.00352167 0.00700178 0.020245 -0.000633312 0.0119988 -0.00772752 -0.00604491 -0.014222 -0.0152185 -0.0274759 0.0010665 0.00459744 5.40868e-05 -0.0118467 0.0243943 -0.0105063 0.000107887 0.00222847 0.00182212 -0.0133485 0.000989397 0.0168703 0.000534935 1.91001e-05 1.56342e-05 -0.028442 -0.0233123 -0.000367784 -0.00259259 -7.14561e-05 8.80334e-05 -0.0111763 0.0243355 -0.000121326 -0.000945446 0.0124853 -0.00390986 0.000919093 0.027411 -0.0129787 0.00410078 -1.93734e-05 -0.00276499 0.00227012 -0.00616968 -0.000239319 0.00679068 0.00408441 -0.00103333 0.000370578 0.00384305 0.000612364 0.00297359 -0.0138561 -0.000703309 0.0182243 -0.00124206 0.000351051 -0.000184974 0.00191529 0.0134469 0.000163966 -0.003114 -0.00508061 0.0120547 0.00182551 0.00155946 -0.0123191 0.00185354 0.00108306 -0.000867646 -9.16871e-06 0.00817496 0.000889339 1.24399e-05 0.0231821 -0.00964813 0.00269705 -0.0153304 -0.0193959 -0.0282678 -0.000772614 0.000180912 0.00215325 -0.00242932 0.00227144 0.024524 
0.00177445 -0.012641 0.000227192 -0.000928208 0.0232643 -0.000253934 2.89343e-05 0.000792621 0.000607386 0.0110295 0.0188748 -0.00236979 -0.000186937 -0.0059091 0.000283171 0.00515886 0.0222459 0.00093598 -0.0120761 -0.012787 0.00281905 -0.011635 -0.0213215 -0.000198311 0.0162802 0.000792198 -0.0082564 -0.000260085 -0.00626929 6.21675e-05 0.000158953 0.0066344 0.00953933 -0.000252136 -0.000392807 0.0152769 -1.364e-05 9.83729e-07 -0.0215119 -0.0147096 -0.000280421 -0.00139713 0.00121223 0.000285672 -0.00630168 -0.000667967 0.00525161 -0.000585719 0.000132783 -0.0105492 0.0187084 -0.000830608 -0.020772 -0.00114033 -0.000150576 -0.00266546 -0.000449577 -0.00949124 -0.00257182 0.00375824 -0.00308376 0.0197287 -8.73392e-05 -0.00140493 0.00367799 0.016339 -0.0093477 -0.00112711 -0.000333793 -0.000539254 7.46549e-05 -0.000170854 -0.000186501 0.00732297 4.7315e-05 -0.00297631 -0.00264387 -0.000164056 0.000540749 -4.89967e-05 -0.00833899 0.0188153 0.000150002 0.0173555 1.9183e-05 0.00195899 0.000190881 6.93553e-05 -0.00064212 -0.00490838 0.0001684 -0.00821724 -0.0214574 -0.0190374 -0.00020896 -2.50425e-05 -0.000202965 0.0213917 2.93303e-06 0.000989616 
-0.000126182 -0.000949282 0.00111245 -0.000376155 -0.000253934 0.0108317 -7.4555e-07 -2.20875e-05 0.000160664 -0.000154349 -0.000290698 -0.000153045 -6.89089e-05 -0.00191912 0.000110867 -2.85597e-05 -0.000355275 3.51172e-05 -0.0039376 -0.0010217 -0.00099397 -0.00158705 0.000134638 0.000228909 -0.00198802 1.46549e-05 -0.0014805 -0.000160295 -0.00214407 -6.65889e-05 -8.30734e-05 -0.000340297 0.00255177 -6.73317e-05 -0.000205714 -0.000912665 -4.65806e-06 -2.8268e-07 -0.000740144 -0.000225302 0.000414415 -0.000519814 -2.10365e-05 -2.63546e-05 0.00391072 -0.000207239 -0.000111894 3.4781e-05 -0.000160257 0.00173237 -0.000270985 -0.000222674 0.000629938 -0.00029941 0.000121385 -0.00110467 -0.000262211 0.000684748 -0.00101632 -0.000289383 -0.00044739 -0.000298542 -3.59213e-05 -0.000392132 -0.000122808 -0.00204111 -0.00223829 0.0014259 -0.000230789 -2.9262e-05 -2.07265e-05 -1.85331e-05 0.000506042 0.000490928 -5.37925e-06 0.000788371 0.000157527 -0.000147863 -5.34928e-06 4.53691e-05 -0.000718095 -0.000365365 2.88221e-05 -0.000239313 -1.97066e-06 -0.000156558 0.000195236 1.07994e-07 -0.000520638 -0.00110087 -3.51975e-05 0.00270119 0.000677064 0.00144571 0.00131325 3.27977e-05 -6.4519e-05 0.00186385 1.85142e-05 6.7225e-06 
-3.9753e-05 -0.00199905 9.85918e-05 0.00154773 2.89343e-05 -7.4555e-07 0.00387341 -2.01211e-05 2.44726e-05 0.000204567 0.000929774 -0.000405232 0.00014813 -0.000616506 0.000649568 0.00210049 0.000155043 0.00169811 -0.00174898 -0.000694817 -0.00255768 -0.00177227 -0.00322113 0.000864677 -0.00065706 3.11304e-05 -0.0007665 0.00153682 -0.00107844 -2.24283e-05 0.000412345 0.000163079 -0.00149472 -3.64734e-05 0.000864914 0.000109781 3.00947e-05 1.04024e-06 -0.00307723 -0.00184445 -3.61735e-05 -9.96583e-05 3.20582e-05 0.000229658 -0.000897068 0.00174077 6.2967e-05 -9.34184e-05 0.00157468 -0.00171904 0.0003366 0.00124816 -0.00263264 0.000916272 -3.07655e-05 -0.000431602 -5.63835e-05 0.000438708 9.93194e-05 0.00146056 -0.000443337 -0.000133533 -2.68883e-06 -3.92037e-05 -4.39071e-05 -0.000455182 -0.000150693 0.000190906 0.00209889 0.000297774 2.47424e-05 -2.68671e-05 6.0562e-05 0.00244903 1.2818e-05 -0.00051223 -0.000235025 0.000257753 3.145e-05 6.00036e-07 -0.00131287 0.000496289 3.10215e-05 0.000108675 9.15814e-07 0.00154146 0.00150634 3.62969e-06 0.00118522 -0.000290641 0.00011882 -0.00101806 -0.0023857 -0.0028808 0.00154879 5.0765e-05 -2.13816e-05 0.000468282 0.000310818 0.00159445 
-0.000131464 0.0019651 0.00182574 -0.000358722 0.000792621 -2.20875e-05 -2.01211e-05 0.0138627 -1.99587e-05 0.00062326 -0.000411297 0.0008204 -5.75287e-05 0.000208892 8.32185e-05 0.00195426 0.00158817 -0.000244585 -0.00479043 -0.00250591 -0.00514801 -0.000338117 -0.00103963 0.000408178 -0.00162814 0.000185176 0.00297154 -0.000306947 -0.0022003 -6.95892e-05 -9.49418e-05 0.00174947 -0.00260378 0.000231536 -0.000165 -0.0009342 -8.58696e-06 -3.46408e-07 -0.00194029 0.00164003 -0.000118386 -0.000779504 1.46279e-05 1.98106e-05 -0.00337362 -0.000414039 0.0012535 -8.27971e-05 -0.000135717 -0.00610479 -0.00032434 -0.000550483 -0.00131367 -0.00055535 -0.000106473 -0.00131601 0.000689113 0.00500999 -0.0014315 -0.000386229 -0.000486008 0.00064135 -3.58396e-05 -0.000499994 0.000668891 -0.00174075 0.00497002 -0.000475602 0.000212971 0.00117766 -1.47147e-05 0.000641935 4.73524e-05 0.000926081 1.94828e-05 -0.00156878 0.00192108 -0.000136616 0.000447449 0.000174284 -0.00452231 -0.00031481 0.000556347 2.37342e-05 1.15648e-05 0.00110699 5.80893e-05 1.45211e-06 -0.000615843 -0.00279903 1.79268e-05 0.00499632 -0.00202664 -0.000147806 -3.823e-05 2.74916e-05 -9.86283e-05 0.00155431 -4.5933e-05 -0.000499724 
-1.38373e-05 -0.00169603 -6.65612e-05 0.00106738 0.000607386 0.000160664 2.44726e-05 -1.99587e-05 0.00322829 0.000222819 0.000604367 -0.00026427 -2.21246e-05 -0.00042747 0.000497556 0.0014418 0.000579199 0.00131098 -0.00156197 -0.000787269 -0.000892887 -0.00131627 -0.00205162 -2.08041e-05 4.45006e-05 1.2629e-05 -0.000939557 0.00106594 -0.000953371 -2.19087e-05 0.000316914 7.06553e-05 -2.49441e-06 0.000107111 0.000750479 0.000367368 -6.61625e-07 1.15082e-06 -0.00202856 -0.00205065 6.28452e-06 -0.000176308 9.72195e-05 3.64137e-06 2.15982e-05 0.000290478 2.64561e-05 -4.6441e-05 0.000808378 -0.000355213 0.000535352 0.00106565 -0.00150995 0.000115623 -1.90226e-05 5.44203e-05 0.00018146 -0.000374692 -0.000146655 0.00031583 -0.000218837 0.000535041 -7.25883e-06 0.000785351 -5.47961e-06 0.000404054 -0.00146619 0.000292443 0.00102942 -6.3476e-05 3.50053e-05 -2.3871e-05 0.000401745 0.000505396 3.53809e-06 -0.000305498 -0.000355444 0.0010513 7.70446e-05 0.000247116 -0.000625247 0.000780742 0.000104834 0.0004286 7.00547e-07 8.66789e-05 2.61828e-05 1.59338e-06 0.000935131 -0.000324117 3.58948e-05 -0.00104701 -0.00155589 -0.00151649 -7.27416e-06 5.77405e-06 0.000151213 0.000863842 1.80881e-05 0.000477883 
0.00106201 -0.0082481 0.00126387 -0.00029765 0.0110295 -0.000154349 0.000204567 0.00062326 0.000222819 0.0153803 0.0126601 -0.00133514 0.000392593 -0.00309805 0.000111487 0.00230174 0.0123644 -0.000268975 -0.00888049 -0.00738105 0.000885677 -0.00733293 -0.0130549 0.000406742 0.0106569 0.000176084 -0.00523353 -0.000299326 -0.00422678 -4.87773e-05 0.000258499 0.00307806 0.00587366 -7.43436e-05 -0.000202103 0.00916877 7.51032e-06 4.48466e-06 -0.013347 -0.0093438 -0.000108552 -0.000870938 0.000498037 2.44548e-05 -0.00405629 -0.000183951 0.00147908 -0.000353166 -0.000123952 -0.00634894 0.0110493 -0.000437627 -0.0137372 0.000222428 -8.46741e-05 -0.00117976 8.17932e-05 -0.00516156 -0.000713245 0.00412405 -0.00202443 0.0125781 -5.75265e-05 -0.000883135 0.00125659 0.0106639 -0.00657761 -0.000558626 -0.000412579 -0.000436544 5.00392e-06 -6.59993e-05 -6.16184e-05 0.000719746 6.38892e-06 -0.00197578 -0.00186914 9.50899e-05 -9.58139e-05 -0.00012066 -0.00523907 0.01149 0.000704813 0.0116266 7.98135e-05 -2.55181e-05 0.000574231 4.18757e-05 -0.000147608 -0.00278132 0.000481596 -0.00533876 -0.0125757 -0.011871 -0.000168217 -2.03665e-07 -3.08967e-05 0.0120664 1.57573e-05 0.00148675 
0.0034342 -0.0171098 0.00036167 -0.000678597 0.0188748 -0.000290698 0.000929774 -0.000411297 0.000604367 0.0126601 0.0324394 -0.0029219 0.00149123 -0.00729036 -0.000171032 0.00371923 0.0224527 0.000547384 -0.0161161 -0.0111226 -2.47822e-05 -0.0150817 -0.025423 0.00146373 0.0183281 0.000172759 -0.0109639 -0.00060737 -0.00866745 -0.00022037 0.000203414 0.00447079 0.0102213 -0.000200814 -0.000607203 0.0181516 1.26231e-05 6.25546e-06 -0.0262743 -0.0161399 -0.000285276 -0.00176901 0.00163627 0.000184737 -0.00858049 0.0025164 0.00337312 -0.000815446 -0.000342132 -0.0138694 0.0203811 -0.000875813 -0.0246552 0.00299701 -0.00026597 -0.00347404 -0.00052834 -0.00580352 0.000959366 0.0100767 -0.0041685 0.0224362 1.29605e-05 -0.00113332 0.00214095 0.0172563 -0.0104784 -0.000932443 -0.000717283 -0.000482497 -1.01071e-05 -0.000236866 -0.000283934 0.00900322 8.08695e-06 -0.00357496 -0.00243616 -0.000203102 -0.000131697 -0.000260875 -0.011475 0.0247321 0.000914519 0.0193104 8.91373e-05 -0.000221398 0.00334986 9.16889e-05 -0.00102833 -0.00322886 0.00029645 -0.00987826 -0.0216574 -0.0244412 0.00137093 4.12948e-05 -0.000212057 0.0232816 9.07655e-05 0.00168405 
-0.00157003 0.0318981 0.00424994 -0.00335133 -0.00236979 -0.000153045 -0.000405232 0.0008204 -0.00026427 -0.00133514 -0.0029219 0.0976352 0.000985502 0.0167258 -0.00100427 -0.00285066 -0.00335465 -0.00329453 -0.0155168 -0.0247931 -0.0298323 0.0270465 0.00495787 -0.000220337 -0.0204374 -0.000111706 -0.00836745 -0.00279194 0.00770777 0.00047569 -0.000717882 -0.00260153 -0.01258 -0.00102029 -0.00205137 -0.00970707 -6.89669e-05 2.86713e-06 0.00571708 0.0180409 -0.000552628 -0.00573537 -0.000191441 -0.000382319 0.000496561 -0.00220632 -0.00060507 -0.000807079 -0.00160831 -0.00656094 -0.00259007 0.000201594 0.00676058 -0.000387375 -9.84131e-05 -0.0121034 -0.000935286 0.0277167 0.00423697 0.000671518 -0.0127172 -0.00295493 -0.000400328 -0.00268602 -0.000989112 -0.0223864 0.0239776 -0.00460238 -0.00337419 -0.00192096 -0.000112497 0.00307297 -0.000204816 -0.00481456 -3.25642e-05 -0.00990979 0.0202561 -0.00154315 -0.000826359 -0.000178843 -0.0282193 -0.00268821 -0.000435826 -0.00187113 1.65022e-05 -0.0020129 0.00173677 -6.11687e-06 -0.00457029 -0.0204886 -0.000421357 -0.00197193 0.00486571 0.0172722 -0.00148473 -7.83196e-05 -0.001136 -0.00123718 -0.000406847 -0.00240558 
0.000107518 0.000104224 0.000109548 0.000300105 -0.000186937 -6.89089e-05 0.00014813 -5.75287e-05 -2.21246e-05 0.000392593 0.00149123 0.000985502 0.0083048 0.00204669 1.48376e-06 -8.32152e-05 -0.000262041 -0.000646193 -0.000591447 -0.00174373 -0.00320113 0.000226626 -0.00273265 0.00253884 -0.00155682 5.3745e-05 -0.000459837 -0.000146983 0.0012692 -2.13659e-05 9.61842e-05 -8.93157e-05 -0.00299111 0.000155429 -3.31464e-05 -0.000128975 2.90147e-05 1.69921e-05 -0.00238608 -0.000427571 -9.12089e-05 -0.000366769 -3.61199e-07 -3.06528e-06 -0.00173136 0.00188071 -1.05172e-05 -0.000102308 9.03184e-05 -0.00297073 -0.000181926 0.000748249 -0.00240701 0.00259079 -1.47679e-05 -0.000953616 0.000123597 0.000563344 0.00239542 0.00212458 -0.000244675 -0.000341155 7.39714e-05 -0.000359382 -7.85838e-05 -0.00169845 0.00318452 -0.000290098 0.000983011 -0.000193971 2.67876e-05 -3.32336e-05 -2.44143e-05 1.64656e-05 1.67362e-05 -0.000548629 -8.09563e-05 7.25097e-05 -4.22088e-05 1.56941e-05 -0.00241575 0.00201158 3.43986e-05 0.000565887 7.01855e-05 -1.13912e-06 0.00230717 6.69863e-06 0.000282203 -0.00126274 -5.71472e-06 -0.00154211 -0.000451401 -0.00159466 -0.000152252 4.41113e-05 -7.6161e-05 -0.000597593 -2.28721e-05 0.000122093 
0.000517155 0.0965612 -0.00340327 -0.00352167 -0.0059091 -0.00191912 -0.000616506 0.000208892 -0.00042747 -0.00309805 -0.00729036 0.0167258 0.00204669 0.188425 -0.00166179 -0.00994993 -0.00802329 0.00208344 -0.00194073 -0.139251 -0.000439739 0.107266 0.0115286 0.00105625 -0.0492837 -9.82112e-05 0.112844 -0.0019292 0.112397 -0.00171892 -0.00185785 0.0045378 -0.120477 -0.000594681 0.000999441 -0.0264953 -0.000113392 -9.15372e-06 0.0133139 0.0776534 -0.00267266 -0.00365309 -0.000369141 -0.000954457 -0.0430668 -0.00297211 -0.00150768 -0.00569197 -0.00121567 -0.0991052 -0.00620531 0.0019577 0.0154327 -0.0112223 -0.0016242 -0.0273656 0.0116688 0.00161669 7.19749e-05 -0.00707071 -0.0256221 -0.00761636 -0.000468309 -0.0133631 -0.00195997 -0.0520614 0.110664 -0.0117605 0.00468257 0.00594567 0.000473346 0.00327939 -0.0022681 -0.00989773 -9.54908e-05 -0.0174313 -0.00538111 0.00251245 -0.00140792 0.00216345 -0.0838854 -0.00783807 -0.000169622 -0.00546082 6.3494e-05 -0.00420456 -0.00346193 -3.7914e-05 -0.00442919 -0.0562943 -0.000543913 0.0109567 -0.00322693 0.0363956 -0.00580416 -0.000200211 -0.00213264 -0.0192794 -0.000937631 -0.00408153 
-0.000119404 -0.00511948 -0.000141827 0.00700178 0.000283171 0.000110867 0.000649568 8.32185e-05 0.000497556 0.000111487 -0.000171032 -0.00100427 1.48376e-06 -0.00166179 0.00951839 0.00800648 0.000264707 0.0049509 -0.00540367 -0.00487944 -0.00633044 -0.00461063 -0.00831917 0.000390346 -0.0019446 0.000263049 -0.00302083 0.0064788 -0.00284375 5.97534e-05 0.00205934 0.000760493 -0.00394729 3.23506e-05 0.00700553 -0.000945794 3.25777e-06 1.23559e-07 -0.00817601 -0.00599193 4.4026e-06 -0.000564691 -7.46717e-06 1.41138e-05 -0.00178865 0.00537891 0.000723131 -0.000208358 0.00493443 -0.00387213 2.30082e-05 0.00687833 -0.0070119 -2.99831e-05 4.54391e-05 -0.00105187 -0.000229507 -0.00176559 -0.000695077 -1.99377e-05 -0.000934891 -0.000361756 2.82338e-05 0.00188005 0.000834103 -0.00145062 -0.00283892 0.000782382 0.00773693 -0.000109057 9.34476e-05 2.36619e-05 -8.72339e-05 0.007925 9.67257e-05 -0.00149484 -0.00111035 0.00394035 0.000677227 0.00122858 -0.00311512 -1.68942e-05 0.000115195 -0.000168488 1.67829e-05 0.00505951 0.000943647 3.6997e-06 0.00672932 -0.00190031 0.00134896 -0.00319867 -0.00779212 -0.00656193 0.000571031 -5.69071e-06 0.000420331 0.000130508 -1.22645e-05 0.00591559 
0.00113683 -0.0328462 0.000122376 0.020245 0.00515886 -2.85597e-05 0.00210049 0.00195426 0.0014418 0.00230174 0.00371923 -0.00285066 -8.32152e-05 -0.00994993 0.00800648 0.064426 0.0104896 0.0212947 -0.0303385 -0.0146043 -0.00888669 -0.0291665 -0.0363773 0.00202035 0.00226164 0.000758417 -0.0184824 0.020146 -0.0170604 0.00220706 0.00370836 0.00858061 0.00399711 -0.000113455 0.0163768 0.00210412 2.80118e-05 1.53235e-05 -0.032559 -0.0365593 0.00202385 -0.00376078 0.000343787 0.000223447 0.00640845 0.0159352 0.00585527 -0.0014142 0.0134549 -0.00587412 0.00383586 0.0166607 -0.0198493 -0.000298667 -3.14333e-05 -0.00657388 0.000495978 0.000673936 -0.00404868 0.00152748 -0.00218449 0.00648502 -0.000164857 0.00574328 0.0046413 0.00306239 -0.0172083 0.00396935 0.0191365 0.00269081 0.000301456 -0.000343235 0.00206194 0.0236799 0.000280997 -0.00935608 -0.00443678 0.0114152 0.00258649 0.00170012 -0.0147454 0.00671506 0.00142287 0.00212734 -1.32904e-05 0.014169 0.00651119 -5.50929e-08 0.0172989 -0.0133482 0.00237306 -0.0203864 -0.031537 -0.0258712 0.00181719 4.23367e-05 0.00204889 0.019367 0.00115951 0.0165055 
0.00440036 -0.0179036 0.000393573 -0.000633312 0.0222459 -0.000355275 0.000155043 0.00158817 0.000579199 0.0123644 0.0224527 -0.00335465 -0.000262041 -0.00802329 0.000264707 0.0104896 0.0326844 0.00402517 -0.0173925 -0.0179593 0.00454186 -0.0163879 -0.0291757 -0.000280532 0.0214625 0.00083985 -0.0116986 -1.70313e-05 -0.00881648 5.11826e-05 0.000389898 0.011894 0.0135689 -0.000360592 -0.000556314 0.0206199 -1.2581e-05 4.01444e-06 -0.0300488 -0.0180809 -0.000387206 -0.00195736 0.00179726 0.000365858 -0.00892324 -0.00100812 0.00865503 -0.000816829 0.00015811 -0.0134865 0.0204657 -0.00106472 -0.0250041 -0.00161169 -1.42137e-05 -0.00379654 -0.000540557 -0.0131505 -0.003597 0.00412855 -0.00419163 0.0264446 -8.85097e-06 -0.00201722 0.00527535 0.0206716 -0.0114664 -0.00162438 2.06599e-05 5.82715e-05 6.76208e-05 -0.000232163 -0.000265126 0.013518 7.40875e-05 -0.00293116 -0.00323064 -0.000254305 0.000705463 -0.000100245 -0.0117404 0.0225735 0.00191587 0.019644 3.52129e-05 0.00485012 0.000599608 6.58802e-05 -0.000736282 -0.0060336 0.000566588 -0.0116781 -0.0294637 -0.0267298 0.000282186 -3.88794e-05 -2.45359e-05 0.0302682 -2.30489e-05 0.00124581 
-0.000820366 -0.0281632 -0.00239581 0.0119988 0.00093598 3.51172e-05 0.00169811 -0.000244585 0.00131098 -0.000268975 0.000547384 -0.00329453 -0.000646193 0.00208344 0.0049509 0.0212947 0.00402517 0.127161 -0.0338579 -0.0219279 -0.0125341 -0.00267895 -0.0187779 0.000807143 -0.00522286 -3.38971e-05 -0.00179642 0.012155 -0.0254983 -0.000961167 0.00151953 0.00578627 -0.00511837 -9.33879e-05 0.0105542 0.00902874 -6.45841e-05 -1.53453e-06 -0.0166127 -0.0332692 0.00101657 -0.00509825 0.000322846 1.08185e-05 0.0110548 0.00851177 0.00182255 -0.0025533 0.00672094 -0.0116456 -0.000992319 0.010237 -0.00347974 -0.00162277 0.00140125 -0.0156757 0.00144655 0.00458712 -0.006022 -0.00406115 -0.00412629 0.0052313 0.00214462 0.000395612 -4.53823e-05 -0.0131483 -0.00408189 0.000997772 0.0170959 0.00256818 3.07281e-05 -0.00110717 0.00136783 0.0131439 0.000112033 0.0160183 -0.0150788 0.00759674 0.00213803 0.000909806 -0.0200341 -0.00146654 0.000897894 3.06713e-05 -4.48064e-05 0.0113142 0.00167733 3.93702e-06 0.00965899 -0.0186109 0.000959227 -0.0219935 -0.0184814 -0.013559 0.00593478 0.000127024 -0.000373009 0.020915 -0.00040618 0.0136965 
-0.00159807 0.0333037 -0.00674276 -0.00772752 -0.0120761 -0.0039376 -0.00174898 -0.00479043 -0.00156197 -0.00888049 -0.0161161 -0.0155168 -0.000591447 -0.00194073 -0.00540367 -0.0303385 -0.0173925 -0.0338579 0.24065 0.0353495 0.0310527 0.0270833 0.0295723 -0.000928072 0.00568271 -0.000442773 0.0282405 -0.00988664 0.0206284 -0.00197639 -0.00183099 -0.00783499 -0.0292218 -0.00613767 -0.0101959 -0.0143112 -0.000150982 -4.27073e-06 0.0315109 -0.00396766 -0.00403001 -0.00976726 -0.00104185 0.000146767 0.00910984 -0.00772764 -0.00514472 -0.00375526 -0.0057037 0.03666 -0.0108586 -0.00388244 0.016418 -0.00741972 0.000181562 -0.00421225 -0.0120137 -0.0624845 -0.000923939 -0.00748264 0.00553584 -0.0177038 -0.000300231 -0.00769443 -0.00711901 0.00277508 -0.00122024 0.00351089 -0.013408 -0.0129552 -0.000840673 -0.00110532 -0.00176018 -0.0239456 -0.000199181 0.0440231 -0.0480659 -0.00785348 -0.00277221 -0.00375215 0.0453116 -0.0145502 -0.00206689 -0.0110711 -0.000138224 -0.0111317 -0.00645153 -5.78652e-05 -0.00127663 0.0144332 -0.00163485 -0.048795 0.0239731 0.0302761 -0.0132778 -0.000791431 -0.00391118 -0.0368018 0.00049987 -0.00971822 
-0.00527534 -0.0849571 -0.0101875 -0.00604491 -0.012787 -0.0010217 -0.000694817 -0.00250591 -0.000787269 -0.00738105 -0.0111226 -0.0247931 -0.00174373 -0.139251 -0.00487944 -0.0146043 -0.0179593 -0.0219279 0.0353495 0.243553 0.00622351 -0.118047 0.0268748 -0.00318808 0.0424365 -0.000666825 -0.105472 -0.00898188 -0.0994487 0.00147392 -0.00167448 -0.0157013 0.109338 0.00226048 -0.0108308 0.00911974 -8.31851e-05 -3.81618e-06 0.0242539 -0.0681778 0.00187337 -0.00889839 -0.00107708 0.00049573 0.0332099 -0.00420558 -0.00521178 0.0070752 -0.006932 0.120903 -0.0111372 -0.0131523 0.00954165 0.0166529 0.000458061 0.0467531 -0.00786898 0.0061226 0.0044115 0.00721233 0.00788705 -0.0199182 -8.51232e-05 0.0195356 -0.00453286 0.0541243 -0.0828473 0.00734252 -0.0171935 -0.013679 -0.000424082 -0.00426638 0.0026186 -0.014112 -0.000229358 0.0331637 0.0121556 -0.00809187 -0.000315621 -0.00416387 0.105522 -0.0113424 -0.00182427 -0.0110137 -0.000115263 -0.0105095 -0.00100369 -4.32406e-05 -0.00554032 0.0868072 -0.00165629 -0.0188677 0.0398813 -0.0149211 -0.00291521 0.000391672 0.002529 -0.0139412 0.00101794 -0.00633286 
0.00197739 -0.023611 -0.00592356 -0.014222 0.00281905 -0.00099397 -0.00255768 -0.00514801 -0.000892887 0.000885677 -2.47822e-05 -0.0298323 -0.00320113 -0.000439739 -0.00633044 -0.00888669 0.00454186 -0.0125341 0.0310527 0.00622351 0.15268 -0.0138953 0.0143384 -0.00643022 0.0354771 -0.00028074 -0.0327553 -0.0110121 0.030049 6.76256e-05 -0.00158891 0.00176458 0.0466661 -0.00618714 -0.0106883 0.0112266 3.22107e-05 -3.06931e-05 0.0250218 -0.0219437 0.00214967 0.0087479 0.000255879 0.0004427 0.0259762 -0.0180128 0.000856088 -0.00276105 -0.00863926 0.0369319 0.00246537 -0.0130202 0.0101673 -0.026293 0.00042844 0.00872762 -0.00246782 -0.0775766 -0.0355814 -0.0115145 0.00185389 0.00687711 0.000170968 -0.000558688 0.00113161 0.0329134 -0.0522023 0.00229663 -0.0169337 -0.00583174 -0.000675539 -0.00459214 0.000437122 -0.0109173 2.87835e-06 0.0226663 -0.0265932 -0.00779391 -0.00261555 -0.00207576 0.0524727 -0.00331856 0.000329045 0.00195458 -0.000110932 -0.00534399 -0.0105339 -6.81545e-05 -0.00665344 0.0210658 -0.00118736 -0.0324 0.00785339 -0.00610742 -0.00333446 -0.000985354 1.91358e-05 0.0108397 -0.000284857 -0.00846086 
0.00106276 0.137728 0.00209572 -0.0152185 -0.011635 -0.00158705 -0.00177227 -0.000338117 -0.00131627 -0.00733293 -0.0150817 0.0270465 0.000226626 0.107266 -0.00461063 -0.0291665 -0.0163879 -0.00267895 0.0270833 -0.118047 -0.0138953 0.249896 0.0352304 -0.000718224 -0.0757687 -0.000481916 0.147883 -0.0108596 0.101702 -0.00304415 -0.00262313 -0.00140968 -0.162676 -0.00223907 -0.00845661 -0.0359946 0.000102488 -1.68404e-05 0.0329469 0.1093 -0.00346492 0.0125171 -0.000943226 -0.0018095 -0.0190286 -0.0116387 -0.00474246 -0.00897543 -0.0070354 -0.109741 -0.0120696 -0.00574726 0.0356091 -0.0107495 0.000643547 -0.0525168 0.00262675 0.0253823 0.00834548 -0.0110689 -0.00143993 -0.0124679 -0.000869397 -0.024953 -0.00265726 -0.0881705 0.130072 -0.00960696 -0.00698534 0.000114682 -0.000426081 0.00293248 -0.000376751 -0.0216646 -0.000165696 -0.0270317 -0.0193863 -0.00595112 -0.00171568 0.00156153 -0.0926174 -0.0160973 -0.00142814 -0.0106654 1.59218e-06 -0.00817612 -0.00675741 -4.07568e-05 -0.0178074 -0.0924671 -0.00204995 0.0353451 0.0217533 0.0741228 -0.00604036 -0.000161362 -0.00479968 -0.0303046 -0.00132066 -0.0131077 
-0.00373474 0.0436069 -0.000268456 -0.0274759 -0.0213215 0.000134638 -0.00322113 -0.00103963 -0.00205162 -0.0130549 -0.025423 0.00495787 -0.00273265 0.0115286 -0.00831917 -0.0363773 -0.0291757 -0.0187779 0.0295723 0.0268748 0.0143384 0.0352304 0.0832181 -0.00500021 -0.0183038 -0.00109749 0.0267447 -0.0239454 0.020409 4.69301e-06 -0.00386238 -0.0132059 0.000148174 -0.000653672 -0.0166349 -0.0175356 -9.0045e-05 -3.29009e-05 0.0637856 0.0434833 0.000695265 0.00345144 -0.00167454 -0.00125347 0.0119853 -0.0259319 -0.00884059 0.00205524 -0.013551 0.0184638 -0.0216051 -0.0242995 0.0444738 -0.00830457 7.03143e-05 0.00561432 -0.00129838 0.0125091 -0.00146077 -0.0164414 0.00183508 -0.0239088 -0.000344262 -0.00136841 -0.00632925 -0.022204 0.0227649 -0.00414847 -0.0213231 -0.0015284 -0.000600471 0.000458787 -0.00175054 -0.0304437 -0.000320931 0.00729659 0.0084422 -0.0123073 -0.00252557 -0.00152171 0.0210678 -0.0283774 -0.00246827 -0.0199216 -0.000128298 -0.0146098 -0.0101697 -9.57001e-05 -0.0218596 0.01104 -0.0031502 0.0288889 0.0522966 0.0516799 -0.0030272 -0.000237067 -0.00118144 -0.0297328 -0.00235502 -0.0231908 
-7.49089e-05 -0.00168576 0.00140503 0.0010665 -0.000198311 0.000228909 0.000864677 0.000408178 -2.08041e-05 0.000406742 0.00146373 -0.000220337 0.00253884 0.00105625 0.000390346 0.00202035 -0.000280532 0.000807143 -0.000928072 -0.00318808 -0.00643022 -0.000718224 -0.00500021 0.00887507 -0.00178428 0.000143909 0.00126736 0.00047099 -0.00146572 -5.92826e-05 0.000492601 -6.85944e-05 -0.00434067 0.000110044 0.000749056 -0.000325642 3.52654e-05 1.93044e-05 -0.00542374 -0.00227444 -0.000110437 -0.000495434 -1.08614e-05 3.22865e-05 -0.000851687 0.00300943 -4.15861e-05 -0.000213532 0.0011664 -0.00326521 -0.000198631 0.000884003 -0.0041461 0.00286472 -7.74278e-05 -0.00097626 6.49208e-05 0.00363985 0.00285283 0.0024655 -0.000898064 -0.00037105 -2.00453e-05 -0.000367336 -9.64703e-05 -0.00176602 0.00322799 0.000345108 0.0038923 0.00077184 1.13285e-05 -5.66225e-07 -2.72278e-05 0.00187306 1.80873e-06 -0.00113357 -0.000881346 0.000410911 5.61565e-05 2.83071e-05 -0.00314335 0.00241483 -2.39194e-05 0.000630847 7.85468e-05 0.00111975 0.00355858 1.23778e-05 0.000876315 -0.00164105 -8.96418e-06 -0.000525675 -0.00378036 -0.00240931 0.00104412 3.1211e-05 -8.68956e-05 -0.000662972 1.11997e-05 0.000522367 
0.002136 -0.100437 -0.00305918 0.00459744 0.0162802 -0.00198802 -0.00065706 -0.00162814 4.45006e-05 0.0106569 0.0183281 -0.0204374 -0.00155682 -0.0492837 -0.0019446 0.00226164 0.0214625 -0.00522286 0.00568271 0.0424365 0.0354771 -0.0757687 -0.0183038 -0.00178428 0.165654 -5.17368e-05 -0.0725012 0.000364645 -0.0450196 0.0015559 0.00130262 0.00205471 0.0889349 -0.00187655 -0.00302749 0.0614258 -0.000114912 -3.98697e-06 -0.0191532 -0.0849821 0.00161351 -0.00307791 0.0013085 0.00125714 -0.0300935 -0.00205335 0.00314756 -0.000169732 -0.00134728 0.0711924 0.0177168 -0.00371542 -0.0299444 -0.00316682 0.00100446 0.05217 6.63521e-05 -0.068473 0.00296837 0.00293024 -0.0126363 0.0237783 0.00143215 0.00510498 0.00232947 0.113735 -0.0975938 -0.00706967 -0.00598846 -0.00618172 -0.000218839 -0.00156338 -0.000195102 0.00533787 2.44525e-05 0.0135169 -0.0161225 -0.00173394 -0.00140425 -0.00178245 0.0336528 0.0183654 0.00171403 0.0158218 -3.32915e-05 -0.000606281 -0.00302877 4.88849e-05 0.0120432 0.0548721 0.000546801 -0.0570285 -0.0194164 -0.0859813 -0.00132174 -0.000223974 0.00491478 0.0235191 0.00166753 0.00251696 
-1.72147e-05 -0.000461493 2.68044e-05 5.40868e-05 0.000792198 1.46549e-05 3.11304e-05 0.000185176 1.2629e-05 0.000176084 0.000172759 -0.000111706 5.3745e-05 -9.82112e-05 0.000263049 0.000758417 0.00083985 -3.38971e-05 -0.000442773 -0.000666825 -0.00028074 -0.000481916 -0.00109749 0.000143909 -5.17368e-05 0.0015294 -0.000252299 -1.50782e-05 0.000267241 0.00014567 -5.19111e-06 0.00081927 -0.00049027 -1.17244e-05 -1.23263e-05 -0.000108725 1.80949e-06 2.89087e-07 -0.00114497 -0.00050625 -1.2715e-05 -7.42595e-05 7.01088e-07 8.50235e-05 -0.000378425 9.88287e-05 0.000815608 -2.8036e-05 2.62035e-05 -0.000606415 0.000112026 6.18885e-05 -0.00110917 8.60838e-05 9.60173e-06 -0.000154114 -2.31962e-05 -0.000328363 4.22417e-05 0.00025759 -0.000188204 4.53595e-06 -7.1119e-06 -8.82957e-05 0.000827397 -7.11136e-06 0.000409337 3.99662e-05 7.55894e-05 7.75539e-06 6.78057e-05 4.47979e-06 -1.03343e-05 0.000700974 4.28614e-06 -0.00011731 5.58699e-05 -1.64528e-05 0.000265753 7.10358e-05 -0.00051335 0.000126687 4.48483e-06 0.000140717 2.20057e-05 0.000497169 0.000166464 2.39626e-06 0.000225202 -0.000346507 3.51573e-06 -0.000449612 -0.000985807 -0.000856404 3.59946e-06 1.56867e-07 -4.03625e-06 0.000828705 1.17531e-05 0.000144453 
0.00283673 0.125511 0.000239018 -0.0118467 -0.0082564 -0.0014805 -0.0007665 0.00297154 -0.000939557 -0.00523353 -0.0109639 -0.00836745 -0.000459837 0.112844 -0.00302083 -0.0184824 -0.0116986 -0.00179642 0.0282405 -0.105472 -0.0327553 0.147883 0.0267447 0.00126736 -0.0725012 -0.000252299 0.227003 -0.00746539 0.0840732 -0.00247485 -0.0020188 0.00283698 -0.166195 -0.00202692 -0.00370216 -0.034184 -0.00010614 -1.37777e-05 0.0226 0.106789 -0.00427703 0.00163448 -0.000667145 -0.00136428 -0.0497962 -0.00900269 -0.00334455 -0.00696408 -0.00341128 -0.139676 -0.00859763 -0.00598111 0.0244191 -0.00792061 -0.0021985 -0.0398181 0.00524256 0.0449917 0.00716731 -0.00957147 0.00468613 -0.0132816 -0.000525665 -0.0175664 -0.00283823 -0.072692 0.144669 -0.00987539 0.00042756 0.00725365 2.59712e-05 0.0034558 -0.00282742 -0.0139588 -0.000145038 -0.0316918 -0.0214878 -0.00254345 -0.000379124 0.00209907 -0.107126 -0.0115481 -0.0010323 -0.00760205 3.17232e-05 -0.00511491 -0.00453821 -3.01519e-05 -0.0137177 -0.076104 -0.00160341 0.0681855 0.00739416 0.0571671 -0.00356803 -5.52024e-05 -0.0034644 -0.0293361 -0.00137582 -0.00959028 
4.96264e-06 -0.0146896 -0.000657075 0.0243943 -0.000260085 -0.000160295 0.00153682 -0.000306947 0.00106594 -0.000299326 -0.00060737 -0.00279194 -0.000146983 -0.0019292 0.0064788 0.020146 -1.70313e-05 0.012155 -0.00988664 -0.00898188 -0.0110121 -0.0108596 -0.0239454 0.00047099 0.000364645 -1.50782e-05 -0.00746539 0.0268395 -0.00817329 -0.000167219 0.00226814 0.00208408 -0.0115377 0.000563751 0.0164908 -0.00208564 2.23669e-05 5.82231e-06 -0.0235292 -0.0172214 -0.000332311 -0.00154318 -4.15349e-05 6.77262e-05 -0.00652379 0.0196367 0.00018102 -0.000670996 0.0126709 -0.00845903 0.00131344 0.021524 -0.0112811 0.000417907 -3.38875e-05 -0.00276009 0.00106458 -0.00749173 -0.00286442 0.00338183 0.00299227 -0.000849805 0.000261206 0.00151506 0.000885868 0.000236472 -0.0104437 -0.000593821 0.0172103 -0.000692462 0.00017194 -5.71285e-05 0.00152801 0.0135746 0.000174605 -0.00339455 -0.00307456 0.0114652 0.00161485 0.00149693 -0.00969057 0.0012034 0.000434118 -0.000433404 -1.0864e-05 0.00897127 -5.71528e-05 4.46047e-06 0.0189255 -0.0058287 0.00221648 -0.00938494 -0.0191009 -0.0215385 -0.000188426 4.98221e-05 0.00140612 -0.000769257 0.00205377 0.0213149 
0.00266508 0.102929 -0.00571869 -0.0105063 -0.00626929 -0.00214407 -0.00107844 -0.0022003 -0.000953371 -0.00422678 -0.00866745 0.00770777 0.0012692 0.112397 -0.00284375 -0.0170604 -0.00881648 -0.0254983 0.0206284 -0.0994487 0.030049 0.101702 0.020409 -0.00146572 -0.0450196 0.000267241 0.0840732 -0.00817329 0.211931 -0.000917759 -0.00232453 0.00166423 -0.114882 -0.00284444 -0.00548575 -0.028547 0.000149683 -1.25246e-05 0.0252149 0.0937085 -0.00223687 0.00605883 -0.000540811 0.000165886 -0.0444202 -0.00954227 -0.00140607 -0.00616491 -0.0045108 -0.0787076 -0.00709939 -0.0068833 0.0200916 -0.0146377 -0.000495191 -0.032651 0.0066419 -0.0346895 -0.0113689 -0.00534629 -0.0186555 -0.00935689 -0.00130099 -0.0174607 0.000561008 -0.0519059 0.102611 -0.0121912 -0.00344437 0.00298881 -0.000100834 -0.00135532 -0.0018595 -0.0129236 -6.61381e-05 -0.0198285 -0.00185741 -0.00392191 -0.00226265 0.0024573 -0.0451875 -0.0100522 -0.00130897 -0.0061992 7.63614e-05 -0.00503767 -0.00521028 -4.09872e-05 -0.011946 -0.0633405 -0.00127934 0.0216249 0.00200406 0.0327358 -0.0060551 -0.000326419 -0.00245132 -0.0211465 -0.000890242 -0.0100132 
-3.64055e-05 -0.00391566 -4.3327e-05 0.000107887 6.21675e-05 -6.65889e-05 -2.24283e-05 -6.95892e-05 -2.19087e-05 -4.87773e-05 -0.00022037 0.00047569 -2.13659e-05 -0.00171892 5.97534e-05 0.00220706 5.11826e-05 -0.000961167 -0.00197639 0.00147392 6.76256e-05 -0.00304415 4.69301e-06 -5.92826e-05 0.0015559 0.00014567 -0.00247485 -0.000167219 -0.000917759 0.00823117 7.76952e-05 0.000187425 0.0023045 -5.00625e-05 -9.18705e-05 -3.99191e-05 1.89531e-07 1.84853e-06 0.000237035 -0.00399294 0.000728339 -0.000261844 -1.19896e-05 0.000109241 0.0010908 -0.00022575 0.000202297 0.00055658 -8.3967e-05 0.00327352 -0.00015044 -8.84807e-05 -0.000509557 -0.000248453 1.15123e-05 0.000291719 0.000459704 0.000719772 -0.000392883 1.28643e-05 -0.000115523 -0.000244777 -3.27091e-05 0.00112729 0.000500313 0.000618996 -0.00293453 7.61428e-05 -0.000167856 -3.96236e-05 0.000155355 -1.51267e-05 0.000134865 -5.3089e-05 5.5783e-06 -0.000534239 -0.000468835 -8.61277e-05 1.89305e-05 -5.99268e-05 0.00191553 -0.000176081 2.32782e-06 -0.0001071 7.70486e-07 8.89562e-05 0.000242471 -6.10836e-07 -6.90702e-05 0.000341907 -2.98724e-06 -0.00265304 -5.27972e-05 -0.000731509 -7.39596e-05 1.84422e-05 -2.73218e-05 0.000815275 4.12607e-06 -0.000193875 
0.000246464 -0.00411611 -0.000149001 0.00222847 0.000158953 -8.30734e-05 0.000412345 -9.49418e-05 0.000316914 0.000258499 0.000203414 -0.000717882 9.61842e-05 -0.00185785 0.00205934 0.00370836 0.000389898 0.00151953 -0.00183099 -0.00167448 -0.00158891 -0.00262313 -0.00386238 0.000492601 0.00130262 -5.19111e-06 -0.0020188 0.00226814 -0.00232453 7.76952e-05 0.00822529 -1.37916e-05 -0.000514005 -7.66847e-05 0.00230283 0.00208636 6.04364e-06 2.18879e-06 -0.00322699 -0.00515026 -7.98928e-05 -0.000132198 1.7822e-05 6.25486e-05 -0.0010601 0.0011089 0.000248764 -0.000167799 0.00287321 -0.000389889 0.000323155 0.00226015 -0.00387166 -0.000204221 7.19447e-05 0.00121048 -0.00010316 -0.00170367 -0.0003258 -0.00022388 -0.000947313 0.000202752 7.5623e-05 0.00126554 7.74788e-05 0.00269714 -0.00317687 -0.000223041 0.00302484 -0.000149129 4.47706e-05 3.32676e-05 -7.82163e-05 0.00311633 0.000111055 -0.000992027 -0.000999056 0.00174172 -3.14461e-05 0.000439428 -0.000682518 0.000221953 2.72083e-05 0.000249243 3.51301e-06 0.002402 0.000777448 5.5636e-06 0.00234377 0.000466973 0.000128337 -0.00275574 -0.00381114 -0.00409536 0.000356908 1.43152e-05 0.000353046 -6.84457e-05 3.56973e-05 0.00144655 
0.000115429 -0.00276829 -0.000413438 0.00182212 0.0066344 -0.000340297 0.000163079 0.00174947 7.06553e-05 0.00307806 0.00447079 -0.00260153 -8.93157e-05 0.0045378 0.000760493 0.00858061 0.011894 0.00578627 -0.00783499 -0.0157013 0.00176458 -0.00140968 -0.0132059 -6.85944e-05 0.00205471 0.00081927 0.00283698 0.00208408 0.00166423 0.000187425 -1.37916e-05 0.0313228 -0.00412187 4.98737e-05 0.00185595 0.00295081 -1.30978e-05 1.19893e-06 -0.0142177 -0.00415238 -0.00031971 -0.00129387 0.000174391 0.000108036 -0.00796112 0.00120301 0.00572565 -0.0007536 0.0013436 -0.0133988 0.00379353 0.00097148 -0.0103831 -0.000753008 0.000356093 -0.00337059 -0.000383744 -0.0105513 -0.000158518 0.000479229 -0.00334282 0.00753426 7.0904e-05 -0.00163361 0.00481766 0.0017931 0.00480332 -0.001418 0.00209376 0.000413175 0.00014274 3.08364e-05 -3.7452e-05 0.0100323 9.17598e-05 -0.00384408 -0.00275199 0.000469603 0.00187904 0.000292857 -0.0101708 0.0058829 0.00187092 0.00443494 1.68961e-05 0.0065549 0.000945604 5.76994e-07 0.00131312 -0.00692858 0.000733257 -0.00934142 -0.0129651 -0.0101397 -0.00020241 -1.67518e-05 -0.000262192 0.0104139 2.3275e-05 0.0012687 
-0.00197373 -0.139412 0.00537618 -0.0133485 0.00953933 0.00255177 -0.00149472 -0.00260378 -2.49441e-06 0.00587366 0.0102213 -0.01258 -0.00299111 -0.120477 -0.00394729 0.00399711 0.0135689 -0.00511837 -0.0292218 0.109338 0.0466661 -0.162676 0.000148174 -0.00434067 0.0889349 -0.00049027 -0.166195 -0.0115377 -0.114882 0.0023045 -0.000514005 -0.00412187 0.249721 -0.00109242 -0.00953419 0.0359838 -0.000184098 -1.91521e-05 0.00168597 -0.105247 0.00570952 -0.00276407 0.000811129 0.000870011 0.0662632 -0.0145227 0.00213756 0.00938704 -0.00745669 0.157828 0.00896271 -0.017506 -0.0112325 -0.00504343 0.000179865 0.048539 -0.00659426 -0.045036 -0.0183499 -0.00352455 0.000316827 0.0169281 0.000545042 0.0156687 0.000116112 0.0905898 -0.176375 0.0118352 -0.0159739 -0.00232016 -0.000646705 -0.00318535 0.00138771 0.000828803 -0.000128975 0.0365454 0.0097879 -0.00637339 -0.00123735 -0.00430891 0.119783 0.00795612 0.00107953 0.00860644 -0.00016997 -0.00296761 -0.0021188 6.57315e-06 -0.00193554 0.0957336 -0.000379326 -0.0430529 0.00735378 -0.0420865 0.00576732 -0.000303912 0.00367265 0.0375262 -0.000590657 -0.008445 
-5.11267e-05 -0.00346467 -6.00204e-05 0.000989397 -0.000252136 -6.73317e-05 -3.64734e-05 0.000231536 0.000107111 -7.43436e-05 -0.000200814 -0.00102029 0.000155429 -0.000594681 3.23506e-05 -0.000113455 -0.000360592 -9.33879e-05 -0.00613767 0.00226048 -0.00618714 -0.00223907 -0.000653672 0.000110044 -0.00187655 -1.17244e-05 -0.00202692 0.000563751 -0.00284444 -5.00625e-05 -7.66847e-05 4.98737e-05 -0.00109242 0.0106844 0.00033764 -1.34769e-06 -6.15114e-06 -7.96977e-08 -0.00388389 -0.00130232 -8.97921e-05 -0.000437647 -2.04116e-05 -4.15481e-05 -0.00212933 0.00111126 -0.000113093 0.000549293 -0.000148346 0.000603501 -0.000229336 0.000713716 -0.000232267 0.00252731 -2.29735e-05 0.00424248 0.000634155 0.0052128 0.00364279 0.000413025 0.000373038 -0.000436976 6.00483e-05 0.00098623 -0.000121424 -0.000876333 0.000848959 -0.000145021 0.000197404 0.000102516 0.000317141 0.00036036 0.00026919 -2.36798e-05 -4.28122e-06 -0.00172739 0.00424409 0.000710914 0.000913216 -8.07091e-05 -0.00265358 0.000421498 0.000101958 -6.53975e-06 2.46335e-07 -0.000165994 0.0005318 2.30255e-06 0.000286286 -5.4149e-05 -1.01922e-05 -0.00184814 0.000442458 8.97423e-05 -0.000175449 0.000123818 0.000314191 -0.000902357 -3.67162e-05 0.000643433 
