0.00796337 0.00149372 -1.22049e-05 0.000670146 0.000578535 0.00061282 7.96249e-05 6.49624e-06 0.000283822 -1.00263e-06 8.33385e-06 9.29681e-06 0.000687424 0.000461835 -0.000273609 -0.000635156 -0.00261701 -0.00155228 -2.51131e-05 0.00413918 -0.00403816 0.00231115 0.0012785 -0.000288769 0.00176725 -8.49292e-05 -0.00091126 0.00204767 -0.00492378 0.000555631 0.00041566 3.9696e-05 0.00301443 7.5853e-05 8.96928e-05 -1.23447e-05 8.23954e-06 -0.00330997 -0.000530426 -0.00514633 -0.000218605 5.47747e-05 0.000605996 -1.98433e-05 -0.00314394 0.0013687 -5.42574e-05 -0.00425046 -0.00274805 -4.81632e-05 -0.00258987 -0.000802732 0.000283997 -0.00424986 -0.000214845 -0.000837349 0.00238509 1.44726e-06 -1.26255e-05 0.000438756 -4.00287e-06 5.40869e-05 -0.00205119 -0.000452737 0.000915209 -0.00189874 4.1766e-05 0.000460754 0.000126317 6.47705e-05 -2.04389e-05 -0.000338144 -1.51498e-05 -6.53681e-05 -9.76494e-05 -0.000235732 -0.00376518 0.000163477 3.74327e-05 0.000404496 0.00175737 0.000438646 0.00175702 0.00362838 -4.24312e-06 -0.000331932 6.23811e-05 0.000236928 0.000142979 -2.49878e-05 0.00264103 -6.99225e-05 0.000946423 -6.15816e-05 -0.000256137 -4.60208e-05 0.000591052 0.00256381 0.00255123 -3.05998e-05 
0.00149372 0.034712 0.000462158 -0.00338679 0.000562351 0.0269799 0.0220761 0.000165956 0.0151911 1.85309e-06 0.00170362 -1.81082e-05 -0.000402752 -0.0006095 -0.00134021 0.0110391 -0.0164957 -0.0131295 5.99529e-05 -0.00357598 -0.0155156 -0.00190416 -0.0194693 0.0246641 0.0292322 -0.000665689 -0.018504 -0.014837 -0.0231349 -0.00018705 0.0269667 0.000923914 -0.00709139 0.00971445 0.00881954 1.4639e-05 0.000286452 -0.0141446 -0.00208048 -0.0258759 0.00582713 -3.21432e-05 0.00600987 0.00290521 -0.0219841 -0.00373751 0.000516499 -0.0169391 -0.0110552 -0.00014736 0.00149972 -0.00228855 0.000617302 -0.0177888 -0.00113648 -0.00321726 -0.00568648 -3.72251e-05 -0.000190247 -0.0158336 3.27667e-05 0.00100252 -0.00846265 0.0191597 0.00184415 -0.00948397 -1.46833e-06 0.0285653 -0.00565773 0.00458335 0.000484138 0.00795186 8.18121e-05 -0.000159223 0.000202054 -0.00121349 -0.0155046 -5.52302e-05 -6.87823e-06 0.00154448 -0.00153667 -0.0155719 0.00892138 -0.00780272 0.00472141 -0.0014993 -0.000442872 0.0099175 -0.00225708 -0.000145626 -0.000172971 -0.000562579 0.00507219 0.00554562 -0.00109296 -0.000176425 -0.000329332 -0.00271581 0.0253479 -0.000129493 
-1.22049e-05 0.000462158 0.00454185 -0.000702596 -1.16893e-05 0.000529124 0.000182817 -2.48702e-06 0.000614604 1.58324e-07 -1.60234e-05 1.2442e-05 0.000126725 -7.30202e-05 -5.77265e-05 -0.000271626 -0.000811139 -0.00233212 -5.09668e-05 0.00106931 -0.00109366 0.00082793 -0.000983235 0.000353072 0.000531963 6.38568e-05 -0.00151944 0.000332702 -0.00201672 0.000179217 1.12195e-05 0.00011032 7.36552e-05 9.3068e-05 0.000403319 -5.0804e-06 2.62705e-05 -0.00086576 -9.89269e-05 -0.00185517 -8.08555e-05 -3.94654e-06 7.13173e-05 0.000199976 -0.0021856 0.000957244 7.41455e-06 -0.00131148 -0.000179004 -1.98179e-05 0.00026243 -8.25641e-05 -4.78274e-05 -0.00112407 -9.09427e-05 0.000485101 0.00139333 -4.77951e-06 -2.15639e-05 0.00019878 5.52168e-06 -4.48345e-05 0.000381362 -0.000974782 4.46095e-05 -0.000957441 2.94498e-06 0.000398082 -0.000765779 1.8446e-05 -7.19474e-06 0.000202095 -1.00508e-05 1.04818e-05 -6.33154e-05 -0.000140806 -0.0010278 -2.42995e-05 -1.7894e-06 -4.59037e-06 -0.000105846 -9.57763e-05 0.000784808 0.00130297 0.000365439 -4.59364e-05 -2.39386e-05 0.000565545 0.000310852 -1.36962e-05 0.0012822 0.000416689 6.65922e-05 0.000309101 -0.000147861 7.46471e-05 4.89328e-06 -9.41788e-05 0.00176764 4.56778e-05 
0.000670146 -0.00338679 -0.000702596 0.18408 0.000814222 -0.00380109 -0.00451503 -0.0002372 8.95499e-05 -2.7356e-06 -0.000791889 0.000507224 -0.000436085 0.00891949 -0.00706282 -0.00745393 0.00167166 0.00351898 0.0130355 -0.00940428 -0.11069 -0.0123723 0.0634629 0.00945944 -0.00208223 -0.0034581 0.0206332 0.082877 0.00989528 -0.00165288 -0.000690851 0.00293007 0.0115938 -0.00209441 -0.000763666 -0.000390536 -3.36504e-05 -0.105601 -0.00757551 -0.0135307 -0.00517318 -0.000196199 0.00151621 -0.000789236 0.0467072 -0.0152999 -0.00265364 -0.0706667 -0.0841731 0.00125686 -0.0772212 -0.0212233 0.00607696 -0.0675476 0.00822702 -0.024291 -0.0133634 -0.000390735 0.00158101 0.0966669 -0.000585693 -0.00176108 -0.0570812 0.0918561 0.000844839 0.0760167 -1.65102e-05 -0.0113233 0.105996 0.00179481 -0.00141406 -0.0238273 -0.000300721 0.00136663 -0.00199138 -0.00705573 -0.0909922 -0.00173866 -1.4487e-05 -0.00253449 -0.00442569 0.0814892 -0.0185488 0.0203786 -0.00137974 0.0148836 -0.00131636 -0.000685371 -0.0167865 -3.03112e-05 -0.0169545 -0.00312007 0.00237254 -0.00558872 -0.00593967 -0.000397 -0.00326243 -0.00124385 -0.0100657 -0.00108975 
0.000578535 0.000562351 -1.16893e-05 0.000814222 0.00339053 1.39352e-06 -8.93187e-05 -3.21063e-06 9.58402e-05 5.6046e-07 -1.13559e-05 -3.41361e-06 0.00069539 0.000111635 0.000508355 -0.000185123 -0.000686852 -0.000170908 -2.56192e-05 0.000407457 -0.000968021 -9.53736e-05 0.000191487 -0.000242741 0.000529029 -1.53532e-05 -0.000848683 0.000526287 -6.58965e-05 0.000167988 -1.11098e-05 0.000108277 0.000274135 -0.000107111 -2.60456e-05 3.14684e-05 1.00716e-05 -0.00129664 0.000452261 -0.000435084 -0.000105759 -2.67981e-06 7.60416e-05 1.89206e-05 -0.000427266 -0.000303116 3.78436e-06 -0.00114339 -0.00109054 -1.92836e-05 -0.000867075 -0.000143573 -3.41804e-05 -0.00133628 1.34299e-05 -2.69764e-05 -0.00050226 -6.32738e-06 1.93643e-06 0.000446641 6.46013e-05 -3.08797e-05 -0.000566583 -6.11139e-05 0.000959398 0.000305043 -1.51545e-06 -5.85839e-05 3.98927e-05 6.41998e-06 -1.48995e-05 -0.000366498 -7.33467e-07 -2.36882e-05 -5.62185e-06 -0.000112298 -0.000629182 6.79583e-05 1.32289e-06 5.04091e-05 -9.18325e-05 0.00095241 -0.000399396 0.000736082 -8.88778e-06 -6.45405e-05 8.4179e-05 1.95683e-05 -0.000179551 0.000145421 -0.000408549 -4.92824e-05 0.000259707 -5.5991e-05 -4.22978e-05 -4.97639e-05 0.000362394 -0.000112893 0.000390107 0.000179898 
0.00061282 0.0269799 0.000529124 -0.00380109 1.39352e-06 0.0352149 0.0260012 9.217e-05 0.015525 3.16691e-06 0.00185672 -3.91011e-05 -0.000286635 -0.000329808 -0.00141739 0.0126878 -0.0157052 -0.0139527 0.00023463 -0.00605896 -0.0188557 -0.00310033 -0.0205961 0.027762 0.0308505 -0.000635314 -0.0203442 -0.0146924 -0.0251736 -0.000242259 0.030016 0.00120525 -0.0084862 0.0139793 0.00869766 3.57904e-05 0.000299223 -0.016308 -0.00267537 -0.0282226 0.00856942 -3.63732e-05 0.00541891 0.00290784 -0.0231882 -0.0029833 0.000547811 -0.018861 -0.0127095 -6.96225e-05 -0.000634322 -0.0036391 -0.000540603 -0.0197214 -0.00116047 -0.00426925 -0.00372856 -6.0622e-05 -0.000197576 -0.0155863 -0.000113756 0.000809331 -0.00938883 0.0205665 0.000371143 -0.00993455 -8.05579e-06 0.0308718 -0.00595336 0.00483125 2.97381e-05 0.00707783 0.000123747 -0.000170855 0.00100728 -0.00107866 -0.0178111 -1.58448e-05 -1.80421e-05 0.00123786 -0.00155328 -0.0159941 0.0126102 -0.00747348 0.00460239 -0.00145671 -8.39356e-05 0.0102358 -0.00301319 -0.000149895 0.00387013 -0.000486701 0.00499231 0.00540302 -0.00108102 0.000649364 -0.00113919 -0.0015532 0.0276395 -0.000170828 
7.96249e-05 0.0220761 0.000182817 -0.00451503 -8.93187e-05 0.0260012 0.0384679 0.000460323 0.0104383 6.24319e-05 0.00225766 -6.15226e-05 -0.000626278 -0.00011002 -0.00144279 0.0160978 -0.0098871 -0.0146521 0.000125031 -0.00271931 -0.0187565 0.000634607 -0.0201479 0.0267983 0.0261549 -0.000147074 -0.021887 -0.0154203 -0.0252261 -0.000245684 0.0336822 0.000496434 -0.00595667 0.0177022 0.00423951 -2.54864e-05 0.00015092 -0.0155745 -0.00202248 -0.0268419 0.010021 7.07914e-05 0.00347007 0.00182693 -0.0236271 -0.00244336 0.000513874 -0.0195237 -0.0136951 -0.000273628 -0.00475439 -0.00363229 -3.17103e-05 -0.0209115 -0.00124423 -0.00393189 -0.000185618 3.06971e-05 -0.000206614 -0.0149182 -5.66303e-05 0.00295401 -0.0103461 0.018571 -1.57315e-05 -0.0101498 -1.92868e-06 0.0278426 -0.00677765 0.00500215 0.000843149 0.00199561 0.000131622 -0.000329978 0.00124182 -0.00127878 -0.0186751 -0.000254039 1.33153e-05 -0.000423074 0.00169859 -0.0165951 0.0198278 -0.00746368 0.00270984 -0.00113714 0.000912732 0.00525325 -0.00290256 -0.000143747 0.00840136 -0.000588073 0.00227693 0.00430484 -0.00045923 0.00254143 -0.000652205 0.00189207 0.0236972 -0.000168312 
6.49624e-06 0.000165956 -2.48702e-06 -0.0002372 -3.21063e-06 9.217e-05 0.000460323 0.00115304 5.71855e-06 1.63199e-06 5.14561e-05 -3.06841e-07 -1.10699e-05 3.0565e-05 -2.1942e-05 0.000152 -7.92102e-05 -0.00031594 -2.63855e-05 -0.000214746 -2.8925e-05 -5.43886e-05 -0.000180891 0.000286704 9.00212e-05 -1.07304e-05 -0.000165795 -0.000433629 1.13668e-05 -1.15643e-05 0.000500941 -7.17222e-06 -0.000143194 0.000132685 2.26487e-05 -1.39011e-06 -4.26055e-07 0.000102197 -2.59727e-05 -0.000492751 0.000154966 2.4667e-06 1.85328e-06 -4.17392e-06 -0.000374385 -2.86212e-05 -4.53753e-06 -0.000172544 -2.99952e-05 -8.54158e-06 -0.000280987 -2.5383e-05 0.000160774 -3.86708e-05 -2.98031e-05 -5.44812e-05 -7.59689e-05 -1.0418e-06 2.89803e-07 -0.000441105 -1.76346e-06 0.000333424 -0.000277591 0.00047324 -1.43239e-05 -0.000140921 1.44053e-07 0.000495877 -0.00018499 8.95127e-06 0.000289458 -8.84558e-05 5.82421e-06 -6.15258e-06 0.00013114 -4.19931e-05 -0.000142521 -8.14586e-06 8.47721e-07 -2.22507e-05 -4.31651e-05 -0.00061512 0.000331119 -0.000262526 -1.71431e-06 -4.4192e-05 -4.88763e-06 -7.2527e-06 -4.12166e-05 -4.83435e-06 -0.000139348 -1.19378e-05 -8.32854e-06 0.00019566 8.64209e-05 0.000191384 -3.42498e-05 -7.75429e-05 0.000140777 -5.54912e-06 
0.000283822 0.0151911 0.000614604 8.95499e-05 9.58402e-05 0.015525 0.0104383 5.71855e-06 0.0166165 -1.01048e-06 3.74964e-06 -1.2979e-05 3.95395e-05 -0.000312906 -0.000692758 -0.000302359 -0.0149488 -0.0124105 0.000554005 -0.0040344 -0.00880995 -0.00189708 -0.00972813 0.0125508 0.0148037 -0.000357845 -0.00959992 -0.00683303 -0.0112439 -0.000197471 0.0133319 0.0008888 -0.00412269 0.00126346 0.00781795 5.84362e-05 0.000254059 -0.00766207 -0.00117349 -0.0127914 0.000406179 -1.67338e-05 0.00471363 0.00297488 -0.0103751 -0.00217428 0.00054849 -0.00914339 -0.00591087 8.7e-05 0.00395257 -0.00172932 -0.000342623 -0.00914064 -0.000542125 -0.00197972 -0.00253928 -3.21011e-05 -8.83147e-05 -0.00704561 -4.43041e-05 -1.2556e-06 -0.00452146 0.00866754 0.00057146 -0.00383092 1.45529e-05 0.0145231 -0.00255284 0.00433639 0.000104141 0.00792401 0.000117394 -5.87623e-05 -0.000269082 -0.000538086 -0.0082639 1.26521e-05 -7.87015e-06 0.00112818 -0.000995161 -0.00700282 0.000104844 -0.00375008 0.00444774 -0.000550068 -0.000156605 0.00956378 -0.00142125 -4.94954e-05 -0.00321771 -0.000266175 0.00426235 0.00538605 -0.000537973 9.13055e-06 -0.000583556 -0.00110589 0.0137175 -8.232e-05 
-1.00263e-06 1.85309e-06 1.58324e-07 -2.7356e-06 5.6046e-07 3.16691e-06 6.24319e-05 1.63199e-06 -1.01048e-06 0.0001282 1.29616e-05 -2.41393e-07 1.42247e-05 -2.28149e-06 -4.55977e-06 1.6693e-05 -1.56967e-05 -7.02554e-05 -3.35996e-06 2.88404e-05 -5.06481e-05 3.56339e-05 -4.90792e-05 2.58279e-05 5.00266e-06 -2.07567e-06 -5.45692e-05 3.402e-06 -7.21616e-05 1.25679e-07 6.23803e-05 6.8963e-06 -1.52769e-05 4.75641e-05 -7.67481e-07 2.40449e-07 3.11984e-07 -1.45496e-05 -6.5634e-06 -5.04603e-05 3.31616e-05 6.69684e-07 3.7556e-06 -8.65288e-07 -7.81901e-05 4.01675e-05 1.75071e-05 -5.25014e-05 -3.99626e-05 7.54822e-07 -3.29681e-05 -8.36054e-06 -2.95837e-06 -5.99654e-05 -4.08806e-06 -1.25231e-05 6.73337e-05 -2.8306e-07 -6.17545e-07 -1.77479e-05 -3.26137e-07 6.60907e-07 -2.67211e-05 -2.33742e-05 -1.8068e-06 -3.43883e-05 4.61589e-07 -2.76221e-06 -2.05288e-05 3.1589e-05 4.93374e-08 -1.21022e-05 1.25391e-06 -1.15985e-06 1.36452e-05 -3.48923e-06 -4.85166e-05 -4.66948e-07 6.80513e-07 -1.5343e-06 1.00854e-05 -2.45155e-05 7.62863e-05 1.35849e-06 -2.52407e-07 -2.56865e-06 5.16275e-06 -4.5045e-07 -6.2923e-06 -5.23989e-07 4.83172e-05 5.02993e-06 1.38896e-05 2.78855e-06 1.07393e-06 3.40667e-05 1.06672e-05 5.06416e-05 1.14165e-05 -4.75961e-07 
8.33385e-06 0.00170362 -1.60234e-05 -0.000791889 -1.13559e-05 0.00185672 0.00225766 5.14561e-05 3.74964e-06 1.29616e-05 0.00379468 -4.87935e-06 -0.000130124 -5.67367e-05 0.00010955 0.00306213 -1.12683e-05 -0.00126466 -7.73766e-05 0.000198213 -0.0014537 0.00102319 -0.00195345 0.00183328 0.00242248 -4.8918e-05 -0.00204661 -0.00144607 -0.00227534 5.88551e-05 0.00275968 -3.33484e-05 -0.000141078 0.00218368 5.17971e-06 -6.29057e-06 2.22103e-05 -0.00157725 4.70112e-05 -0.00240452 0.00144428 2.18914e-05 -5.68564e-05 -2.10009e-05 -0.0024363 -0.000362303 1.26422e-05 -0.00193583 -0.00129238 1.92403e-05 -0.00115695 -0.000170803 1.13383e-05 -0.0019104 -0.000105441 -6.54741e-07 -6.54648e-05 1.27058e-06 5.22233e-06 -0.00104409 -2.85986e-06 0.000166158 -0.000918563 0.00161941 -1.20777e-05 -0.00111756 -1.69048e-06 0.00200265 -0.0006534 0.000244114 0.000131539 -0.000379639 1.09875e-05 -3.27726e-05 0.000877136 -0.000104738 -0.00181587 -2.62588e-05 -3.24391e-07 6.02977e-05 0.00013416 -0.00204239 0.00204201 -0.000818765 -5.99539e-06 -0.000148462 -3.39016e-05 1.92018e-05 -0.000245763 -3.88567e-06 0.000258591 -1.66284e-05 -2.8251e-05 -2.33287e-05 0.000201804 -1.48353e-05 -0.000112595 -0.000246624 0.00230057 0.00011737 
9.29681e-06 -1.81082e-05 1.2442e-05 0.000507224 -3.41361e-06 -3.91011e-05 -6.15226e-05 -3.06841e-07 -1.2979e-05 -2.41393e-07 -4.87935e-06 0.00229337 -5.42571e-05 0.000479684 -4.17427e-05 0.000269092 -3.52692e-05 -0.00072582 -1.94471e-05 0.000796685 -0.000920914 0.000215961 0.000586598 3.85692e-07 3.44884e-05 0.000289288 -0.000334122 0.000180142 -0.00137031 -1.49818e-05 -0.000102795 0.00010031 0.000868995 0.000154109 5.75181e-05 -2.56725e-06 9.6483e-06 -0.000919384 7.28191e-05 -0.000962138 -8.60832e-06 1.35411e-05 0.00029077 9.30237e-05 -0.000925968 0.00042574 -8.59589e-06 -0.00118266 -0.000793899 4.52221e-06 -0.00074754 -0.000211491 0.000431453 -0.00101031 0.000228278 4.88872e-05 0.000819364 3.5432e-05 -4.85576e-06 0.000760569 -5.57638e-06 3.4119e-05 -0.000594731 0.000119728 1.02215e-06 -0.000559307 8.47347e-07 -4.94753e-05 0.000252678 2.63552e-05 6.27228e-06 -0.000188211 1.01194e-05 3.82551e-05 -2.41354e-05 -3.9243e-05 -0.00110899 1.94675e-05 8.36091e-06 -7.76997e-06 7.90519e-05 0.000345217 -3.52976e-05 0.000652945 -1.80548e-06 -9.29814e-05 1.7124e-05 5.88134e-06 -9.29945e-05 8.53305e-05 0.000677184 0.000143868 5.43546e-05 -2.56778e-05 -6.13548e-05 0.000133211 7.18263e-06 0.000386619 0.000227169 3.78285e-06 
0.000687424 -0.000402752 0.000126725 -0.000436085 0.00069539 -0.000286635 -0.000626278 -1.10699e-05 3.95395e-05 1.42247e-05 -0.000130124 -5.42571e-05 0.0355679 -7.85158e-05 0.00205967 -0.00422067 -0.00149111 0.000975935 -0.000100608 0.000700122 -0.00388991 -0.00226589 -0.00874841 -0.0027594 -3.69841e-05 -0.000763682 -0.00958536 -0.000377506 0.000970491 0.000441765 -0.00105675 0.000723176 -0.000859646 0.00103828 -0.000290829 0.000418462 -8.33949e-06 0.00169189 -0.00204911 0.00117004 -0.00105113 -2.40869e-05 -0.000522473 -0.000138365 -0.00278426 -0.0012033 0.00113346 0.00271139 0.00206385 0.000568621 -0.00236046 0.00715551 -0.000841125 -0.00807691 -0.000922021 -0.00372537 0.00149647 -2.91167e-05 -2.93528e-05 -0.00194734 8.92456e-05 -0.000342707 0.00432771 -0.00745985 0.000788847 -0.00318012 -1.58456e-05 -0.00252837 -0.0030532 -0.000154223 -0.000198132 -0.00341566 -3.99259e-06 -0.000200771 0.00294292 -0.000460769 0.00283392 0.000286906 6.75214e-05 -4.4748e-05 -0.00055557 0.00157284 -0.00164813 0.0023105 -0.000145431 0.00132972 -0.000394149 0.000220548 0.00037601 -9.86453e-05 -0.000576041 -0.000472928 0.000910844 -3.15026e-06 0.00352892 0.000393308 0.00232147 -0.000604325 0.00298779 2.60547e-06 
0.000461835 -0.0006095 -7.30202e-05 0.00891949 0.000111635 -0.000329808 -0.00011002 3.0565e-05 -0.000312906 -2.28149e-06 -5.67367e-05 0.000479684 -7.85158e-05 0.0191292 0.00330118 -0.0013922 0.000697956 -0.00488211 -8.96502e-05 0.000301461 -0.00655911 -0.00195188 0.00170768 -0.000366456 -0.000714695 0.000523467 0.00445858 -0.00393082 -0.00268233 0.000152877 0.00144544 -0.00014219 0.00724997 0.000449088 -0.000161025 -3.61624e-05 4.14397e-05 -0.00678477 -0.000861324 -0.00298061 -0.000303196 2.08391e-05 0.00250388 0.000357828 0.000199354 -0.00220598 -3.24514e-05 -0.00738544 -0.00498823 -1.98465e-05 -0.00566233 -0.00170259 0.00440373 -0.00487401 0.00143931 -0.00205079 -0.00143448 -2.79779e-05 0.000245533 0.00142021 -3.97599e-05 -0.000132645 -0.00402098 0.00871305 -0.00011783 -0.00465282 3.15426e-05 -0.000956764 0.00929009 0.000165828 2.36007e-05 -0.00218702 -2.35888e-05 -3.88512e-05 0.000489777 -0.000738311 -0.00690016 -0.000129797 3.41331e-06 -0.000182518 0.00482212 0.00384999 0.000345752 -0.000587772 -0.0001199 -0.000477853 0.000758199 -0.000193138 -0.000394213 -3.91712e-05 -0.00291775 -0.000282431 -0.000150072 -2.30082e-05 -0.000280938 0.000618259 -0.000675628 0.00565922 -0.0026924 -7.23286e-05 
-0.000273609 -0.00134021 -5.77265e-05 -0.00706282 0.000508355 -0.00141739 -0.00144279 -2.1942e-05 -0.000692758 -4.55977e-06 0.00010955 -4.17427e-05 0.00205967 0.00330118 0.0466259 0.00595778 0.00149828 -0.00302479 -4.73387e-05 -0.00184115 0.0107032 -0.00419734 -0.0155323 -0.00204556 -0.0019374 0.000478391 -0.0128864 -0.0171982 0.0112032 0.00107804 -0.00175379 -0.000617143 0.00860704 -0.00184902 -0.000425903 -8.7671e-05 9.3615e-05 0.0034502 0.00996755 0.00753952 -0.000485694 0.00019962 -0.000711947 0.000214935 -0.000524951 -0.00588034 0.000199158 -0.00110202 0.00703071 -0.000341598 0.00387612 0.00832802 -0.000290282 0.00224588 0.000313278 0.00363583 -0.00398341 0.000121649 0.000316988 0.00305973 7.63241e-05 -0.000331085 0.0121489 -0.00617403 0.000846835 -0.0130131 1.2171e-06 -0.00361455 -0.00491191 -0.000288638 -0.000202618 0.00141755 -1.18945e-05 -0.00043024 0.0013512 -0.00159421 0.000988267 -0.000200315 -2.24084e-05 0.000500111 -0.0014825 -0.00829709 -0.00577236 -0.00730231 -0.000269842 -0.00035333 0.00158903 -0.000468023 -0.00253692 0.000803808 -0.00881124 -0.000657191 -0.00054878 -0.00106681 0.000522087 -0.000586342 -0.00103248 -0.0018744 -0.00420933 0.00221502 
-0.000635156 0.0110391 -0.000271626 -0.00745393 -0.000185123 0.0126878 0.0160978 0.000152 -0.000302359 1.6693e-05 0.00306213 0.000269092 -0.00422067 -0.0013922 0.00595778 0.115488 0.00205528 -0.00043355 -0.00178685 0.00950562 0.00394931 0.00148535 0.00802282 0.0225392 0.0170399 0.00740832 -0.036994 -0.0284051 -0.0134502 0.00116759 0.0217926 0.00147374 0.0163694 0.0135123 -0.000215723 3.71808e-05 0.000337789 -0.0357648 0.029419 -0.026786 0.0164619 0.000161296 -0.00127703 -0.000594052 -0.0357544 -0.00522433 0.000553655 -0.0425238 -0.0303621 0.000876982 -0.0292628 -0.00739954 0.00513354 -0.00448042 -0.00172874 0.0260707 -0.00988488 0.00104461 0.000254086 0.00351148 -4.33802e-05 0.00256663 -0.0243349 0.0357833 0.00259712 -0.0266424 -2.98762e-05 0.0119722 -0.0135671 0.00106523 0.00160113 -0.0103641 6.03004e-06 0.00212042 0.00370085 0.00166041 -0.04622 -0.000122855 5.13335e-05 0.00402811 0.000750107 -0.00558144 0.012018 -0.0167603 -4.47959e-05 -0.00197084 0.00186069 -0.000885771 0.00861986 0.00170208 0.00581658 -0.00188622 -0.0010232 -8.90922e-05 0.00381806 -0.00151582 -0.00404497 -0.00866894 0.0129936 0.000900124 
-0.00261701 -0.0164957 -0.000811139 0.00167166 -0.000686852 -0.0157052 -0.0098871 -7.92102e-05 -0.0149488 -1.56967e-05 -1.12683e-05 -3.52692e-05 -0.00149111 0.000697956 0.00149828 0.00205528 0.0382657 0.0240767 -0.000979403 -0.00857947 0.0175808 -0.011473 0.00344298 -0.011593 -0.016888 0.000336084 0.00952188 -0.00085195 0.0241489 -0.000178795 -0.0133693 -0.00203723 -0.00285179 -0.00177526 -0.00826691 -0.000398898 -0.000357006 0.0162757 0.000595478 0.0266037 -0.000184119 1.70648e-05 -0.0051385 -0.003035 0.021694 -0.00919594 -0.00234894 0.0190902 0.0130371 -1.04706e-05 0.00205503 0.00416433 0.000580417 0.0195475 0.000957212 0.00272242 -0.00995281 -8.85455e-05 9.77477e-05 0.0025046 -2.57201e-05 -6.54694e-05 0.0101691 -0.00341868 -0.00143522 0.00886804 -2.383e-05 -0.0147412 0.00555206 -0.0046707 -0.000619642 -0.00664683 -0.000211366 -0.000502561 0.00074085 0.000422594 0.0166383 -0.000189467 -2.92178e-05 -0.00469407 -0.00264031 0.00283678 -0.00865832 -0.00844881 -0.00458954 0.00131201 0.000109785 -0.00973281 0.00229919 6.99772e-05 -0.00942293 -0.00435877 -0.00815928 -0.00727477 0.000497469 -0.000484874 -0.00291289 -0.00123869 -0.0253814 0.000161249 
-0.00155228 -0.0131295 -0.00233212 0.00351898 -0.000170908 -0.0139527 -0.0146521 -0.00031594 -0.0124105 -7.02554e-05 -0.00126466 -0.00072582 0.000975935 -0.00488211 -0.00302479 -0.00043355 0.0240767 0.118772 9.40783e-05 -0.0526649 0.0559321 -0.0575476 -0.00439089 -0.00859993 -0.0138773 -0.00858917 0.0287529 -0.0194619 0.0719363 -0.00688769 -0.0189701 -0.0011073 -0.057351 -0.00659741 -0.00741929 4.01569e-05 -0.000753298 0.0515863 -0.00259739 0.0484538 -0.00352562 -0.00033931 -0.00505923 -0.00289052 0.074309 -0.0456584 -0.00472678 0.0677242 0.0439234 0.000785628 0.0301816 0.0106137 -0.00844608 0.0602048 -0.00214464 -0.00133884 -0.0635811 -0.000538184 0.000184581 -0.020606 -0.000201345 -0.000488059 0.0268767 0.00714184 0.000522689 0.0365676 -0.000365199 -0.00984259 0.0113369 -0.00582573 -0.00154413 0.00106155 7.28744e-05 2.40242e-05 3.48702e-05 0.00356876 0.0604037 0.000560826 -0.000141499 -0.00182556 -0.0348325 -0.000607543 -0.0658292 -0.0457575 -0.0040919 0.00390998 -0.00410362 -0.00867394 0.00346177 -0.000584337 -0.0556731 -0.00798623 -0.00496796 -0.00985524 0.00183946 -0.00723866 -0.00834133 -0.0293761 -0.0445999 -0.00210888 
-2.51131e-05 5.99529e-05 -5.09668e-05 0.0130355 -2.56192e-05 0.00023463 0.000125031 -2.63855e-05 0.000554005 -3.35996e-06 -7.73766e-05 -1.94471e-05 -0.000100608 -8.96502e-05 -4.73387e-05 -0.00178685 -0.000979403 9.40783e-05 0.0285875 -0.00138887 -0.0139281 -0.00224983 0.00445429 0.0114378 -0.000169377 -3.62184e-05 -0.00227638 0.00851359 0.000695248 -0.000296952 0.000337373 -0.000124971 -0.000733994 -0.000846052 5.72987e-06 -1.9599e-05 -1.50966e-06 -0.0124321 0.000597006 -0.00896976 -0.000886926 1.42288e-05 -0.000361649 0.00038225 0.00656599 -0.00262767 -0.000216967 -0.00950611 -0.00960055 -0.000157422 -0.00839445 -0.00195949 -0.000380746 -0.0136085 0.00114548 -0.00206657 -0.00312879 -1.43203e-05 0.000418846 0.00992991 -6.99399e-05 0.000134834 -0.00541153 0.00882278 -0.000216824 0.00831104 4.4525e-06 0.000135017 0.0100584 -7.62866e-05 -0.000144154 -0.00265411 -9.80574e-06 -7.72694e-05 0.000104888 0.000725497 -0.00884118 -9.04882e-05 -2.49983e-06 0.000212246 -0.00176126 0.0070917 -0.00352473 0.00399253 0.000158911 0.0057057 -7.64093e-05 0.00049333 -0.0016258 -7.26008e-05 -0.00316485 -0.000233886 0.00037903 -0.000177013 -0.000630976 -0.000210799 -0.000894714 -0.000979791 -0.0029151 -4.08415e-05 
0.00413918 -0.00357598 0.00106931 -0.00940428 0.000407457 -0.00605896 -0.00271931 -0.000214746 -0.0040344 2.88404e-05 0.000198213 0.000796685 0.000700122 0.000301461 -0.00184115 0.00950562 -0.00857947 -0.0526649 -0.00138887 0.188092 -0.108797 0.0834416 0.0437608 -0.00457114 0.000101039 -0.000913742 -0.043728 0.0768392 -0.144175 0.00739068 0.00361844 0.00653299 0.123013 0.0134608 -0.00232318 0.000656814 0.000447399 -0.090252 0.00284277 -0.063643 -0.00212702 0.000337251 0.000142602 -0.00132823 -0.0999949 0.0938492 0.00570333 -0.117332 -0.0848887 -0.00264098 -0.0829193 -0.0259813 0.00170592 -0.125403 0.0053025 -0.00765052 0.113853 0.00128004 -0.000586101 0.0611454 0.0013362 0.000105254 -0.057014 -0.054891 0.0050509 -0.0704351 0.000307347 -0.0164029 -0.0223601 -0.0001305 0.00338719 -0.0288363 -0.000100856 -0.00143688 0.000436141 0.00153894 -0.096462 0.000908667 9.50728e-05 0.00787736 0.0453331 0.0273192 0.0945503 0.123831 -0.00131907 -0.00919236 0.000685753 -0.00181833 0.0100919 -6.82763e-05 0.135932 0.0113537 0.00290802 -0.000441084 0.00157309 0.00518366 0.0103796 0.0499426 0.0708044 -0.000949664 
-0.00403816 -0.0155156 -0.00109366 -0.11069 -0.000968021 -0.0188557 -0.0187565 -2.8925e-05 -0.00880995 -5.06481e-05 -0.0014537 -0.000920914 -0.00388991 -0.00655911 0.0107032 0.00394931 0.0175808 0.0559321 -0.0139281 -0.108797 0.248903 -0.0610887 -0.0742369 -0.0322145 -0.0238895 0.00434168 0.0306238 -0.144015 0.117291 -0.0048662 -0.0278926 -0.00668437 -0.0865538 -0.0232282 -0.00466358 -0.000271333 -0.000480066 0.186262 0.0188129 0.0873611 -0.0058138 -0.000227099 -0.00345197 -0.00101583 0.0562392 -0.067809 -0.00380977 0.151471 0.156794 0.000347599 0.139451 0.037722 -0.00377591 0.189939 -0.0118117 0.0429932 -0.0880542 -0.000578139 -0.00119297 -0.141462 -0.000704476 0.000608999 0.0997181 -0.0562995 -0.00128271 -0.011426 -0.00020356 -0.00457661 -0.0793764 -0.00389594 -0.00136962 0.0402463 -0.000408133 0.000300446 -0.00446952 0.00594057 0.164359 -2.10261e-05 -0.000162474 -0.00094072 -0.031411 -0.0860491 -0.0813826 -0.121318 -0.00247422 -0.0161527 0.000319061 -0.00633646 0.0172299 0.000724549 -0.105975 -0.00863289 -0.00565173 -0.0012958 0.0049208 -0.00572636 -0.00582235 -0.041472 -0.0741562 0.00134847 
0.00231115 -0.00190416 0.00082793 -0.0123723 -9.53736e-05 -0.00310033 0.000634607 -5.43886e-05 -0.00189708 3.56339e-05 0.00102319 0.000215961 -0.00226589 -0.00195188 -0.00419734 0.00148535 -0.011473 -0.0575476 -0.00224983 0.0834416 -0.0610887 0.104651 0.0180109 -0.00589537 0.00100426 0.000260053 -0.0219294 0.0454682 -0.0803048 0.00679253 0.00260837 0.000765905 0.0653462 0.00742624 -0.00108427 -0.000201705 0.000144134 -0.049396 -0.00525554 -0.0541453 -0.000362984 0.000257468 -0.00167247 -0.000670256 -0.0685438 0.0584393 0.00280312 -0.0649886 -0.0409157 -0.00115454 -0.0401095 -0.012044 0.00205058 -0.0655427 -0.000987452 -0.00870724 0.0776612 0.000671303 -0.000595128 0.0291545 0.000517747 -0.000480987 -0.0296428 -0.0304498 0.000463584 -0.0350644 0.000273227 -0.00890894 -0.0180587 0.000554473 0.00109029 -0.0137134 -0.000126424 -0.00087029 -9.06113e-05 -0.003634 -0.0548679 -0.000295708 0.000137205 0.000584357 0.0337267 0.00676883 0.0742054 0.0698824 -0.000722471 -0.00549024 0.00150118 -0.000787219 0.000283001 -0.0004372 0.085164 0.00886931 0.000574193 0.000204274 -0.000589121 0.00226594 0.0134945 0.0329064 0.0424179 -0.000440376 
0.0012785 -0.0194693 -0.000983235 0.0634629 0.000191487 -0.0205961 -0.0201479 -0.000180891 -0.00972813 -4.90792e-05 -0.00195345 0.000586598 -0.00874841 0.00170768 -0.0155323 0.00802282 0.00344298 -0.00439089 0.00445429 0.0437608 -0.0742369 0.0180109 0.227877 -0.0148857 -0.0196316 0.00473643 0.0435281 0.114273 -0.0130035 -0.00385439 -0.0267083 0.00151965 0.0476721 -0.0191179 -0.00539193 -0.000917344 -0.000193481 -0.108885 0.0192529 -0.0201818 -0.0143075 -0.000452156 -0.000962657 -0.00327741 0.0228415 0.0331185 -0.00339368 -0.0739423 -0.104425 -0.00207347 -0.126849 -0.0622467 0.00689239 -0.0553087 0.00412138 -0.00851561 0.032173 0.000218957 0.00136993 0.123191 -0.00145003 0.00105672 -0.117667 0.0489746 0.00153425 0.0303443 -3.02447e-05 -0.0327616 0.0500532 -0.00383122 0.000992502 -0.0426954 -5.36731e-05 0.00246208 -0.00635726 -0.00678125 -0.082011 -0.00208203 2.39658e-05 0.00302627 -0.000933486 0.119061 0.00300162 0.067088 -0.00390112 0.00638452 3.99763e-06 -0.00694151 -0.0203508 0.00106552 0.0292782 0.00387751 -0.000485893 -0.00223646 -0.00524378 -0.000582503 -0.00591389 0.0100858 0.00273739 -0.00190375 
-0.000288769 0.0246641 0.000353072 0.00945944 -0.000242741 0.027762 0.0267983 0.000286704 0.0125508 2.58279e-05 0.00183328 3.85692e-07 -0.0027594 -0.000366456 -0.00204556 0.0225392 -0.011593 -0.00859993 0.0114378 -0.00457114 -0.0322145 -0.00589537 -0.0148857 0.073413 0.0287664 -0.0006278 -0.0241053 -0.0138805 -0.0272608 -0.000873712 0.0299506 0.000216854 -0.0113177 0.0135713 0.00717911 4.64309e-05 0.000175438 -0.0323592 -0.00393809 -0.0421305 0.0104625 -1.68853e-07 0.00352805 0.00242975 -0.0127238 -0.00494424 0.000292112 -0.0228556 -0.0211683 0.000593352 -0.0118846 -0.00409346 0.000649118 -0.0275514 0.00497038 -0.00846638 -0.00749621 7.0348e-05 -0.000367191 -0.00616657 -0.000195079 0.00256143 -0.0161512 0.0348999 -1.36985e-05 -0.00928715 -3.21206e-05 0.0311107 0.00493163 0.00357857 0.000466449 0.000325672 0.00098015 0.000536706 0.000872706 0.000478311 -0.0335918 -8.15612e-05 1.87179e-05 0.000377371 -0.0042204 -0.0072875 0.0120619 -0.00960403 0.0040574 0.00734606 -0.00088506 0.00797572 -0.00550243 -0.000250794 0.00379685 -0.000795313 0.00341034 0.00541435 -0.00146879 -0.000309911 -0.00235204 -0.00321878 0.0240416 -0.000346169 
0.00176725 0.0292322 0.000531963 -0.00208223 0.000529029 0.0308505 0.0261549 9.00212e-05 0.0148037 5.00266e-06 0.00242248 3.44884e-05 -3.69841e-05 -0.000714695 -0.0019374 0.0170399 -0.016888 -0.0138773 -0.000169377 0.000101039 -0.0238895 0.00100426 -0.0196316 0.0287664 0.0437615 -0.000948005 -0.023666 -0.0121133 -0.0313396 -0.000280517 0.031558 0.00236013 -0.00769668 0.0160255 0.00877231 -2.06449e-05 0.00034112 -0.0206959 -0.00339142 -0.0346151 0.0103036 -5.98981e-06 0.00517073 0.00276482 -0.0280734 -0.0015766 0.000464383 -0.0233002 -0.0160293 -0.000128212 -0.00425995 -0.00406191 2.79482e-05 -0.0251438 -0.00141678 -0.00513775 -0.00327492 -2.6105e-05 -0.000229904 -0.0157876 -8.06994e-05 0.00118264 -0.0122045 0.0200791 0.00138406 -0.0123337 8.24018e-06 0.0311893 -0.00659488 0.00460681 0.000240112 0.0057959 4.77259e-05 -9.32716e-05 0.00221061 -0.00123871 -0.0217977 -0.000126108 3.64134e-05 0.00228225 -0.000762659 -0.0155409 0.0139341 -0.0033055 0.00430613 -0.00179168 -0.000558692 0.00990783 -0.00350076 -0.000174984 0.00964188 0.00104944 0.005928 0.00461932 -0.000403801 -1.79019e-05 -0.000136368 -0.00326326 0.0332044 -0.000164959 
-8.49292e-05 -0.000665689 6.38568e-05 -0.0034581 -1.53532e-05 -0.000635314 -0.000147074 -1.07304e-05 -0.000357845 -2.07567e-06 -4.8918e-05 0.000289288 -0.000763682 0.000523467 0.000478391 0.00740832 0.000336084 -0.00858917 -3.62184e-05 -0.000913742 0.00434168 0.000260053 0.00473643 -0.0006278 -0.000948005 0.0215526 -0.00546027 -0.00450804 -0.00368805 0.00016653 -0.000774196 -0.00015663 0.00461756 -0.000451171 -0.000192064 -3.32102e-05 -2.02835e-06 -0.00447544 0.0102924 -0.00335509 0.00165125 8.01221e-05 0.000435273 0.000117767 -0.0119512 0.00064909 6.33809e-05 -0.00670959 -0.00286243 1.88491e-05 -0.00345703 -0.00192856 0.00155252 0.000366204 0.000713223 0.0120394 0.00270821 0.000353894 0.000105593 0.00247011 -1.66636e-05 0.000117863 -0.0042101 0.0032483 0.000192827 -0.00623465 2.17921e-05 0.00128196 -0.00210031 -7.81158e-05 -5.29831e-05 0.00096346 8.46061e-05 0.000233775 -0.000211837 -0.000205849 -0.00764387 -6.44973e-05 0.000106286 0.000295161 -0.000275225 0.000515803 -0.000336934 -0.00256471 3.89831e-05 -0.00105466 0.00259335 -0.000210996 0.000537479 0.00113054 -3.80292e-05 5.79708e-05 -0.000234569 0.00138115 -0.000177907 0.000842488 -0.000623958 0.00142032 -0.000685434 0.000875344 
-0.00091126 -0.018504 -0.00151944 0.0206332 -0.000848683 -0.0203442 -0.021887 -0.000165795 -0.00959992 -5.45692e-05 -0.00204661 -0.000334122 -0.00958536 0.00445858 -0.0128864 -0.036994 0.00952188 0.0287529 -0.00227638 -0.043728 0.0306238 -0.0219294 0.0435281 -0.0241053 -0.023666 -0.00546027 0.241147 0.0221808 0.0490338 -0.00284473 -0.0283628 -0.00219155 -0.0189051 -0.0208105 -0.00471523 -0.000909944 -0.000560884 0.0256375 -0.0147565 0.0208119 -0.0117768 -0.000349633 -0.00083474 -0.00196317 0.089849 -0.036598 -0.00335889 0.0290741 0.0139449 -0.00298535 -0.0163817 -0.0412284 0.00135095 0.054206 0.008456 -0.0254009 -0.0391042 -0.000990368 -4.44398e-05 0.0152162 -0.00125339 -0.000228019 -0.0311788 0.0496847 -0.00405204 0.0324954 -0.000229913 -0.0178736 0.0624162 -0.00375258 -0.00301194 -0.0244658 0.000165006 0.00109855 -0.00703048 -0.0115242 0.0243924 -0.00451387 -0.000102585 -0.00297652 -0.0166786 0.045875 -0.0458838 -0.0263262 -0.0030301 -0.00970202 -0.00745555 -0.00689923 -0.00927809 -0.00162124 -0.0512538 0.000725861 -0.0034965 0.000529753 -0.00862547 -0.00813462 -0.017503 -0.0226708 -0.040212 -0.00292354 
0.00204767 -0.014837 0.000332702 0.082877 0.000526287 -0.0146924 -0.0154203 -0.000433629 -0.00683303 3.402e-06 -0.00144607 0.000180142 -0.000377506 -0.00393082 -0.0171982 -0.0284051 -0.00085195 -0.0194619 0.00851359 0.0768392 -0.144015 0.0454682 0.114273 -0.0138805 -0.0121133 -0.00450804 0.0221808 0.24739 -0.0486724 -0.00262733 -0.0231265 0.00415919 0.0472594 -0.00857081 -0.00411184 -0.00052162 -0.000130459 -0.121064 -0.0190291 -0.0379978 -0.012088 -0.000130023 -0.00529711 -0.00251766 0.00322157 0.0569798 -0.0017101 -0.0931339 -0.127705 -0.00334981 -0.117605 -0.0393411 -0.00596634 -0.117693 0.000468657 -0.0438718 0.0749789 -0.000111301 0.00102407 0.146691 -0.00115455 -0.00310078 -0.0943358 0.00109434 -0.0016976 0.0487279 7.97247e-05 -0.0319478 0.0524802 -0.00285226 -0.00076583 -0.0472869 -0.000779784 -0.00108019 -0.00405242 -0.00723589 -0.0830766 -0.00165003 -1.02279e-05 -0.00217433 0.00410806 0.106161 0.0359862 0.125085 -0.00270643 0.0157334 -0.0040253 -0.00421133 -0.0333931 -0.000774262 0.0759091 0.00852267 0.000327466 -0.0050731 -0.00751117 0.00119363 0.00941308 0.0221897 0.0353024 -0.00205692 
-0.00492378 -0.0231349 -0.00201672 0.00989528 -6.58965e-05 -0.0251736 -0.0252261 1.13668e-05 -0.0112439 -7.21616e-05 -0.00227534 -0.00137031 0.000970491 -0.00268233 0.0112032 -0.0134502 0.0241489 0.0719363 0.000695248 -0.144175 0.117291 -0.0803048 -0.0130035 -0.0272608 -0.0313396 -0.00368805 0.0490338 -0.0486724 0.211105 -0.00689109 -0.0361326 -0.00795848 -0.0958549 -0.0301191 -0.00645521 -0.000893003 -0.000690389 0.0944077 0.00914344 0.0966346 -0.0113041 -0.0003562 -0.0100968 -0.00220213 0.127069 -0.0881981 -0.00620212 0.121057 0.078743 0.00110359 0.0636052 0.0290946 -0.00888813 0.126519 -0.00730901 0.0103189 -0.109528 -0.00101623 0.000845539 -0.0344042 -0.000999517 -0.00154905 0.0536918 0.0239471 -0.00275554 0.08148 -0.000327662 -0.0247733 0.0231315 -0.00534461 -0.00296676 0.0150252 -0.000610618 0.000950189 -0.00268733 0.00281398 0.108443 -0.00118087 -0.000136991 -0.00451998 -0.0463167 -0.00721326 -0.108094 -0.0987548 -0.00396963 0.0130603 -0.00131497 -0.00839215 -0.00997181 0.000537534 -0.137244 -0.0111238 -0.00806939 -0.00663976 0.00195719 -0.00674319 -0.00901598 -0.0491199 -0.096431 0.000975446 
0.000555631 -0.00018705 0.000179217 -0.00165288 0.000167988 -0.000242259 -0.000245684 -1.15643e-05 -0.000197471 1.25679e-07 5.88551e-05 -1.49818e-05 0.000441765 0.000152877 0.00107804 0.00116759 -0.000178795 -0.00688769 -0.000296952 0.00739068 -0.0048662 0.00679253 -0.00385439 -0.000873712 -0.000280517 0.00016653 -0.00284473 -0.00262733 -0.00689109 0.0127361 0.00121992 6.20525e-05 0.00707666 0.00209616 -0.000118621 0.000101024 2.61882e-05 -0.00296865 -0.000317563 -0.00366997 -0.000274785 5.44799e-05 -0.000134146 -4.70919e-05 -0.00793411 0.00283919 0.00111972 -0.00582349 -0.00434848 -7.46526e-05 -0.00429285 -0.00117359 0.000890494 -0.00498073 -0.000286493 0.00136709 0.00418307 0.000209752 -5.99724e-05 -0.00269212 0.000221195 -9.12103e-05 0.00041035 -0.000346853 -2.47581e-05 -0.00336847 3.22915e-05 -0.00106056 -0.00201646 2.57403e-06 0.000205552 -0.00142955 -1.45705e-06 -8.67322e-05 3.6558e-05 -2.01151e-05 -0.00474231 0.000234193 5.25675e-05 -0.000144474 0.00881019 -0.00555915 0.00843326 0.00109739 -6.50268e-05 -0.00052756 0.000712355 1.57892e-05 0.00695686 2.81868e-05 0.00518608 -0.000100577 -8.83183e-05 7.7768e-06 0.000480724 0.000575641 -0.000326988 0.0041936 0.00115564 0.000368684 
0.00041566 0.0269667 1.12195e-05 -0.000690851 -1.11098e-05 0.030016 0.0336822 0.000500941 0.0133319 6.23803e-05 0.00275968 -0.000102795 -0.00105675 0.00144544 -0.00175379 0.0217926 -0.0133693 -0.0189701 0.000337373 0.00361844 -0.0278926 0.00260837 -0.0267083 0.0299506 0.031558 -0.000774196 -0.0283628 -0.0231265 -0.0361326 0.00121992 0.0564914 0.00122983 0.00142167 0.0254098 0.00683545 -2.51581e-05 0.000387151 -0.0226548 -0.00287217 -0.0305972 0.0127095 1.72212e-05 0.00559798 0.00215565 -0.0344019 -0.00184616 0.00147029 -0.0299963 -0.0202857 6.65379e-05 -0.00907243 -0.0054045 0.00287539 -0.0286646 -0.00167928 -0.00631556 -0.00148963 2.02773e-05 -0.000208041 -0.0193445 9.1118e-05 0.00237829 -0.0137694 0.0265818 0.000499953 -0.0138235 1.75726e-05 0.0308588 -0.00629228 0.00656133 0.00158876 0.00241669 0.000139261 -0.000465504 0.00444156 -0.0019842 -0.0287279 -0.000378655 -5.31664e-06 -0.000202479 0.0119256 -0.0227135 0.027806 -0.0115352 0.00320636 -0.00231937 0.00122611 0.0082628 0.00129295 -0.000190452 0.0107342 -0.000890139 0.00424881 0.00457943 -0.000732966 0.00250686 -0.00193563 0.0038781 0.0278253 -0.000257105 
3.9696e-05 0.000923914 0.00011032 0.00293007 0.000108277 0.00120525 0.000496434 -7.17222e-06 0.0008888 6.8963e-06 -3.33484e-05 0.00010031 0.000723176 -0.00014219 -0.000617143 0.00147374 -0.00203723 -0.0011073 -0.000124971 0.00653299 -0.00668437 0.000765905 0.00151965 0.000216854 0.00236013 -0.00015663 -0.00219155 0.00415919 -0.00795848 6.20525e-05 0.00122983 0.0131111 9.69361e-05 0.00463979 0.000190655 0.000225941 1.37002e-05 -0.00579297 -0.00092124 -0.00826985 -6.87286e-05 -1.16816e-06 0.000135057 -6.25942e-05 -0.00296128 0.00343645 5.56276e-05 -0.00668793 -0.00454846 -1.513e-05 -0.00446221 -0.00130474 7.04791e-06 -0.00662065 0.00102217 -0.00145103 0.00146754 0.000119085 2.8416e-05 0.00180286 0.000232591 4.06714e-05 -0.00346082 0.000845965 0.000231515 -0.00300132 6.35939e-06 0.00118448 0.000428762 2.91436e-06 5.37703e-05 -0.00100451 5.47697e-06 0.000144504 -3.46562e-05 -0.00025426 -0.00548509 0.000457549 -1.1279e-06 -0.000177913 -4.23801e-05 0.00369919 -0.000537479 0.0058452 -7.73068e-05 -0.000381054 -0.000143826 0.000335552 -0.000685996 9.79622e-07 0.00678921 0.000995578 0.00241198 -0.000109445 -1.03788e-05 0.000138681 -0.000254808 -0.000885702 0.00477492 -5.5249e-05 
0.00301443 -0.00709139 7.36552e-05 0.0115938 0.000274135 -0.0084862 -0.00595667 -0.000143194 -0.00412269 -1.52769e-05 -0.000141078 0.000868995 -0.000859646 0.00724997 0.00860704 0.0163694 -0.00285179 -0.057351 -0.000733994 0.123013 -0.0865538 0.0653462 0.0476721 -0.0113177 -0.00769668 0.00461756 -0.0189051 0.0472594 -0.0958549 0.00707666 0.00142167 9.69361e-05 0.18648 0.00231012 -0.00229913 -8.42771e-05 0.000363338 -0.0892935 0.020854 -0.0306059 -0.00526988 0.000596397 0.00197301 -0.000622677 -0.086417 0.0594687 0.00519955 -0.124748 -0.0848772 -0.00198 -0.0831543 -0.024143 0.010416 -0.102524 0.0112777 0.00469966 0.0843295 0.00119569 -0.000250349 0.0636326 0.000721788 0.000276025 -0.0556312 -0.00497531 0.00525262 -0.0551056 0.000330845 -0.0205251 0.00681041 0.000102552 0.00261763 -0.0273066 -0.00025098 -0.00141862 0.000636716 -0.00343698 -0.109789 -0.00107545 6.34041e-05 0.00513768 0.0470264 0.0272109 0.0771821 0.0756661 -0.00144417 -0.0113968 0.00310939 -0.00268042 0.0131694 0.000535848 0.0848041 0.00134983 -0.0022567 0.000544557 -0.000526327 0.00163677 0.00520216 0.0475781 0.037513 0.000341068 
7.5853e-05 0.00971445 9.3068e-05 -0.00209441 -0.000107111 0.0139793 0.0177022 0.000132685 0.00126346 4.75641e-05 0.00218368 0.000154109 0.00103828 0.000449088 -0.00184902 0.0135123 -0.00177526 -0.00659741 -0.000846052 0.0134608 -0.0232282 0.00742624 -0.0191179 0.0135713 0.0160255 -0.000451171 -0.0208105 -0.00857081 -0.0301191 0.00209616 0.0254098 0.00463979 0.00231012 0.0422135 0.000255398 -2.79539e-05 2.60975e-05 -0.0102576 -0.00326712 -0.0226689 0.0107676 0.000177942 0.000877406 -0.000204639 -0.0265178 0.00871595 0.00152312 -0.0207517 -0.0151927 -0.000359 -0.0144525 -0.00295147 -0.000190884 -0.0243134 -0.00109325 -0.00493076 0.00903542 3.45573e-05 -0.0002086 -0.0135295 -0.000106386 0.000978809 -0.0102323 0.00770363 -0.000514435 -0.0128376 -5.14037e-06 0.0154712 -0.00677697 0.0022063 0.000724123 -0.0030461 -5.06354e-05 -0.000338565 0.00618833 -0.00117593 -0.0185643 -4.63812e-05 -1.70847e-05 -0.000836153 0.0120418 -0.0165051 0.0262234 -0.000303891 1.85057e-05 -0.00186782 0.00135316 0.000683447 0.00596388 -0.000143971 0.0251227 -0.000337903 0.00216826 -0.000520268 -3.71102e-05 0.00259631 -0.000990564 0.00841769 0.0150627 -9.78147e-05 
