0.240283 0.179971 -0.000651817 -0.000429104 -0.0336351 -0.000125483 -0.0779958 -0.00320629 -0.00245861 -0.00155343 0.00571297 -0.0453601 -0.1345 -0.00776965 0.166235 -0.101828 -0.107142 -0.0541748 -0.109939 0.0680423 0.217057 -0.161576 -0.0463944 -0.0917878 -0.0187739 0.147735 0.218957 -0.184239 -0.0872052 -0.0013285 -0.00961296 -0.00448784 -0.000604038 -0.0936361 0.0548814 -0.0305906 0.0339081 -0.117502 -0.0270678 -0.0111175 -0.00190026 -0.0187482 -0.0480095 -0.0398073 -0.00929131 -0.00026032 -0.00290937 -0.00105977 -0.000238361 0.207708 -0.000190962 -0.0114229 0.0898836 0.00102827 -0.00327542 -0.000255961 -0.0039081 0.000341554 0.114225 -0.00338274 -1.15341e-05 -9.10438e-05 -0.102618 0.131075 -5.42875e-05 -0.00433746 0.0483972 0.000330751 0.00256834 -0.0544383 -0.0547255 -0.00689917 -0.00124917 -0.0137989 1.72053e-05 -0.0189183 -0.000922066 -0.0531236 -0.0523847 0.107264 -0.027499 -0.0425634 -0.00578612 0.00897466 -0.00677418 0.0021313 -0.105157 -0.0412382 -0.0211429 -0.00126891 -0.000385788 0.000510555 -0.00197435 -0.020658 -0.0050368 0.206642 -0.101486 -0.0216388 -0.00138728 0.225043 
0.179971 0.249499 -0.000650222 -0.00150652 -0.0362671 -3.79387e-05 -0.0688707 -0.00278063 -0.00508177 -0.000226439 0.00647791 -0.0305464 -0.124789 -0.00693741 0.144716 -0.0940603 -0.0934546 -0.0415637 -0.0949372 0.0385588 0.185436 -0.123315 -0.0429216 -0.0965331 -0.0164769 0.126228 0.182986 -0.149019 -0.0740973 -0.00103754 -0.00818919 -0.0039511 -0.000443212 -0.0903342 0.0266231 -0.0385943 0.0309368 -0.103802 -0.0193565 -0.00860392 -0.00161797 -0.0115578 -0.0397179 -0.0238872 -0.00893046 -0.000200662 -0.00249585 -0.000937719 -0.000201669 0.1739 0.00018172 -0.0116558 0.095325 0.00210679 -0.00304564 -0.000179218 -0.00270092 0.000142409 0.094858 -0.00430825 -9.10374e-06 -8.59649e-05 -0.103023 0.121554 -0.000162609 -0.00236707 0.0399789 -0.00065154 0.00107228 -0.0531128 -0.0595941 -0.00297791 -0.000765226 -0.0119297 -0.000219337 -0.0175347 -0.000878175 -0.0461493 -0.0348726 0.0891919 -0.0249586 -0.0358411 -0.00787108 0.00810292 -0.00598877 0.000647765 -0.0909537 -0.0234384 -0.0189259 -0.00112165 -0.000973028 -0.000375262 -0.00167642 -0.0183131 -0.00361472 0.190047 -0.090141 -0.0183991 -0.00139239 0.179598 
-0.000651817 -0.000650222 0.00132482 2.28496e-06 -8.81415e-05 -3.01652e-07 0.000284892 6.44145e-05 0.000205242 2.20439e-06 0.000326262 5.99443e-05 -9.80237e-05 -1.12042e-05 -0.000801076 0.000568688 0.000320184 -1.71916e-06 -3.07682e-05 -0.000229319 -0.000597079 6.96747e-05 0.000262669 0.000687203 1.25764e-05 -0.000833216 -0.000741198 0.000247353 0.0004426 6.46031e-05 4.07276e-05 4.74529e-05 3.76482e-05 0.000243363 -0.000150096 0.000382567 -0.000105654 0.000400181 0.000243815 -4.12103e-06 0.000107504 0.000182663 -2.27718e-05 5.08703e-05 4.65344e-05 1.4884e-05 1.07404e-05 1.84625e-06 2.73411e-06 -0.000754995 1.71401e-07 7.34621e-05 -0.000537148 -7.08891e-06 5.14477e-05 9.98766e-07 4.92912e-06 7.62786e-06 -0.000688431 -2.69742e-06 -5.64196e-08 5.64719e-06 0.000330952 -0.000777873 1.28672e-06 -2.3992e-06 -7.76003e-05 1.31343e-05 0.000170369 3.58483e-06 0.000430327 6.91297e-05 2.54558e-05 3.1528e-05 -1.0145e-05 4.27166e-05 4.30431e-06 -6.18559e-05 9.04452e-05 -0.000556597 0.000335454 -4.37464e-05 3.84705e-06 -3.0268e-05 -1.22684e-05 -2.9974e-05 0.000547297 0.000133586 -1.40733e-05 5.65208e-07 -2.31433e-06 7.83159e-07 8.55559e-05 6.27219e-05 0.000107326 -0.000733163 0.000399773 5.64613e-05 4.28959e-05 -0.000533511 
-0.000429104 -0.00150652 2.28496e-06 0.00347428 -0.000150021 9.23887e-07 0.000592605 2.04297e-05 0.000122883 2.97851e-05 -8.04379e-05 -0.000403093 0.00118988 4.19729e-05 -0.00166734 0.000511868 -0.000284104 0.000889394 -0.000192073 -0.00026357 -0.00119436 0.000630604 -0.000218424 0.00158314 -2.68579e-05 -0.00131539 -0.000941139 0.000534639 0.00156259 -6.14224e-06 -3.77076e-05 -1.62943e-05 -5.46806e-06 -0.000286449 -0.000606511 0.000680138 -0.000306283 -0.000419999 0.000121165 0.000461393 5.9823e-05 0.000689105 -0.000278944 0.000759438 -8.3791e-05 9.52513e-06 1.04878e-05 -4.6566e-06 6.54018e-07 -0.00081296 5.89187e-07 -6.8064e-05 -0.00140873 7.59311e-05 -6.25674e-06 2.78435e-05 -5.14362e-06 -2.23901e-06 -0.00044464 4.98039e-05 2.49506e-06 -2.70608e-07 0.000119305 -9.89479e-05 3.70483e-06 6.51227e-05 -2.75589e-05 0.000230442 0.000153539 -0.000347915 0.000796005 -8.10125e-06 1.52489e-05 6.81418e-05 -8.52888e-06 6.63781e-06 -5.44187e-06 -0.000269604 -0.000285309 -0.00158923 0.00033973 0.000322008 8.81282e-05 0.000123161 -3.93643e-05 0.000176183 0.000279128 0.000538934 -8.48017e-05 7.1426e-05 9.60915e-05 3.90856e-05 0.000164638 -3.47124e-05 1.52156e-05 -0.00133394 0.000660414 -6.90435e-05 -9.27845e-06 -0.000823197 
-0.0336351 -0.0362671 -8.81415e-05 -0.000150021 0.0938342 2.57679e-05 -0.00775082 -0.000106919 -0.00120185 0.00025593 -0.00499089 0.0394093 -0.0057502 0.00820191 -0.0382633 0.000197554 0.0142576 -0.0041761 0.0245445 -0.0246413 -0.0313752 0.0276814 -0.000676362 -0.0130755 0.000477339 0.00735165 -0.0313202 0.0341041 0.00356959 0.000357661 -0.000212585 -0.000400263 0.000144174 0.0048372 0.0353374 -0.00765999 -0.00668107 0.0353542 0.0107464 -0.00157927 -0.000136671 -0.000521143 0.0318932 -0.000321416 0.00136172 0.00010086 0.000418548 0.000610691 -3.30043e-05 -0.0338694 -6.46596e-05 0.00948583 -0.0376224 -0.000168617 0.00133991 -2.92746e-05 0.000903559 -0.000150222 -0.040397 0.00185615 1.16019e-05 5.3451e-05 0.000241711 -0.0396556 0.000184043 0.000790438 -0.0449403 -0.000188737 -0.00124473 0.0349447 -0.00554023 0.00197303 1.12677e-05 -0.00245337 -0.000298101 -0.00251778 0.000190483 0.0359023 0.0153698 0.00949269 0.00169357 -0.00371174 0.00658815 -0.00241003 -0.000436689 -0.00130758 0.0122297 -0.00178566 0.0233911 0.000256366 -0.000234301 4.92741e-07 -0.000256586 0.00422061 0.00372227 -0.0370114 -0.00418678 0.00293399 -2.63673e-05 -0.0313383 
-0.000125483 -3.79387e-05 -3.01652e-07 9.23887e-07 2.57679e-05 0.000227338 3.24739e-05 2.23244e-06 -2.42503e-06 3.50235e-05 -7.06866e-06 -1.17727e-05 4.66304e-05 -2.16126e-06 -0.000127872 1.59287e-06 6.66717e-05 5.81458e-05 5.60271e-05 -6.59102e-05 -0.00011819 0.000111623 1.16051e-05 2.87947e-06 2.58004e-06 -0.000112982 -0.000109468 0.000120596 7.00937e-05 3.6966e-07 -2.58326e-06 6.03119e-06 9.34488e-06 7.03975e-05 -6.53282e-05 -9.0146e-06 2.1097e-06 1.71377e-05 2.75795e-05 2.58501e-05 2.49044e-06 -3.98585e-06 6.59948e-07 6.84124e-05 1.36174e-05 -2.31856e-07 -1.20656e-07 5.25788e-06 -9.757e-08 -0.000122631 2.57588e-06 1.01802e-05 -4.31442e-05 3.22783e-05 1.12467e-06 2.34732e-06 1.02798e-05 -3.46044e-07 -0.000116695 2.77979e-05 -9.6709e-09 -4.04769e-08 5.04217e-05 -2.48474e-05 3.15417e-08 2.46192e-05 -8.81268e-05 2.96015e-06 -2.17671e-06 -1.09017e-07 -2.12586e-05 2.82615e-05 -1.44672e-07 3.06484e-05 1.16576e-05 1.70291e-05 1.03507e-06 -1.7008e-05 1.12218e-06 -9.83079e-05 -4.31685e-06 3.86731e-05 1.93506e-05 4.32296e-06 2.83332e-06 1.50569e-05 -2.44386e-05 3.74771e-05 -7.76737e-06 9.45431e-07 -3.12479e-07 1.76125e-07 2.20653e-06 6.35869e-05 1.11889e-05 -0.000113248 3.45073e-05 6.45179e-06 9.13468e-07 -0.00012566 
-0.0779958 -0.0688707 0.000284892 0.000592605 -0.00775082 3.24739e-05 0.120384 0.00199681 0.00219281 0.000802268 0.00180779 -0.0152789 0.0889908 -0.00228473 -0.0951232 0.0931728 0.0801611 0.0114108 0.011225 0.00698907 -0.0779353 0.0303374 0.000494194 0.0528228 0.00578426 -0.0987879 -0.0860953 0.0528892 0.059151 -0.000418478 0.0106348 -0.000457931 -0.000233145 0.0623735 -0.0436259 0.0200825 -0.0131201 0.0618104 -0.00479457 0.0107291 -3.44955e-05 0.00283225 -0.00776594 0.00948032 0.00191038 0.000256734 -0.000142925 -0.000124454 2.5171e-05 -0.0829472 -8.36982e-05 -0.00413742 -0.056956 -0.00153495 0.00265474 0.000130004 6.18425e-05 -0.000175048 -0.0542107 -0.000335145 -5.6899e-06 -1.39035e-05 0.0749745 -0.0771926 -4.39347e-05 -0.000489532 0.00748756 6.2359e-05 -0.000308741 -0.0152555 0.0579391 -0.00138833 -0.000229335 0.0117209 -0.000921782 0.00884408 -0.000221463 -0.0118652 0.0040098 -0.103656 0.0177089 0.000780211 -0.00144286 -0.0031238 -0.00143297 -0.00196554 0.0792537 -0.00886826 -0.00506921 0.00105446 0.00133723 -0.000296483 0.00147088 0.00772718 -0.00115941 -0.0797243 0.0958615 0.0228858 0.000146871 -0.0818726 
-0.00320629 -0.00278063 6.44145e-05 2.04297e-05 -0.000106919 2.23244e-06 0.00199681 0.00552883 0.000236434 -4.97795e-06 0.00117149 0.000678092 0.00113688 -0.000107972 -0.00372703 0.00424662 0.00293752 -0.00030994 -0.0008495 -0.00195852 -0.0030961 -0.00149128 0.00109813 0.00191656 0.00187952 -0.00398296 -0.00340801 -0.000607009 0.00072781 4.43378e-05 0.00106073 0.000816774 3.4547e-05 0.000934659 -0.0017004 0.00100127 -0.000516313 0.00143647 -0.000250776 -4.68024e-05 8.39373e-05 0.0018734 0.00117779 -0.00035307 0.000704333 6.97364e-05 8.87712e-05 -8.978e-06 1.90877e-05 -0.00327689 1.53978e-05 -0.000166381 -0.00228944 -6.92944e-05 0.0013458 -1.85012e-06 -1.40405e-05 1.09425e-05 -0.00336132 8.52744e-06 -6.97891e-08 4.20329e-07 0.00284854 -0.00417051 -1.18799e-06 -3.79415e-05 -0.00154827 8.69297e-05 0.000431409 -0.000614503 0.00410112 -7.7984e-05 -1.83503e-06 0.000272515 2.42617e-06 0.000979416 -9.65632e-06 -0.000454424 0.00312646 -0.00343758 0.000570415 -0.000417969 7.38792e-05 -7.26491e-05 -5.51049e-05 -0.000124531 0.00261479 -0.000367575 -0.000205349 2.19535e-05 1.85151e-05 -1.82037e-07 0.000451444 0.000164058 -5.23914e-05 -0.00316272 0.00324864 0.00229213 -1.48185e-05 -0.0031534 
-0.00245861 -0.00508177 0.000205242 0.000122883 -0.00120185 -2.42503e-06 0.00219281 0.000236434 0.0143234 -2.93018e-05 0.0034651 -0.000277037 -0.0015467 0.000546983 -0.00429441 0.00338776 0.00120705 0.00113465 0.00167165 0.000320483 -0.00376154 -0.00138223 0.00330675 0.00226474 0.000397963 -0.00396229 -0.00334136 -0.00232618 -0.00118238 7.60889e-05 0.000686566 6.92371e-05 -9.34068e-06 -0.000178498 -0.00267121 0.0029415 -0.0012016 -0.00084798 -0.00050221 0.000377921 0.000140221 0.000858088 0.000251086 0.000439252 0.000437991 0.00037979 -3.10413e-05 4.05809e-05 8.47e-05 -0.00433606 9.05138e-05 -0.000364693 -0.00136808 -4.13185e-05 0.000198029 7.37209e-05 8.25114e-05 8.23244e-05 -0.00351077 5.3136e-05 8.81841e-07 2.89961e-05 0.00382783 -0.00296788 4.18552e-06 0.000114987 0.000719023 9.80362e-05 0.00110185 -0.00106339 0.00395719 -0.000145463 -7.05343e-06 0.000355077 -0.000154775 0.00121329 2.49534e-06 -0.000210002 0.00140117 -0.00462374 0.000887485 0.00178114 -8.58623e-05 -7.53778e-05 0.000339268 0.00131884 0.00106709 -9.95706e-05 -0.000507384 2.31274e-05 0.000125863 -1.77284e-06 0.000147266 0.000325427 -3.56475e-05 -0.00460593 0.00102696 0.00168745 7.43363e-05 -0.00328168 
-0.00155343 -0.000226439 2.20439e-06 2.97851e-05 0.00025593 3.50235e-05 0.000802268 -4.97795e-06 -2.93018e-05 0.0026456 -5.23699e-05 -9.91198e-05 0.000362544 -5.24806e-05 -0.00166065 -0.000366464 -0.000474978 0.00153181 0.0017357 -0.000945914 -0.00140548 0.00181592 -0.000201147 0.000687561 -0.000107291 -0.0015754 -0.00161563 0.00168831 0.00176136 6.37135e-06 -3.89595e-05 -2.36194e-05 2.46077e-06 -0.000582247 -0.000569072 -0.000152363 -0.000239351 -0.000518674 0.00105698 0.00123623 1.17471e-05 0.000227551 -0.000104558 0.00221779 -6.93215e-05 2.05311e-07 -8.81295e-06 3.75668e-05 -1.13821e-06 -0.00159732 0.00014434 0.000182275 -0.000912973 -2.26112e-06 -2.05869e-05 1.01511e-05 0.000193062 -2.91346e-06 -0.00176885 -1.76336e-05 -1.94832e-08 1.08781e-06 -0.000398649 0.000358445 -5.93031e-07 0.000443853 -0.000358654 2.63816e-07 -2.58901e-05 -6.21975e-05 -6.58017e-05 0.000374127 2.72994e-05 0.00107135 -2.95874e-05 -8.25644e-05 -4.22706e-06 2.80572e-06 -0.000189747 -0.00163448 -1.76487e-05 0.00145024 -4.21489e-05 -3.82368e-07 4.31862e-05 4.04299e-05 -0.000440765 0.000584394 0.00015106 1.29251e-05 1.00696e-05 -6.07903e-06 1.01138e-05 6.67687e-06 4.64067e-05 -0.00147584 0.000119081 -8.03143e-05 -3.22995e-06 -0.00151399 
0.00571297 0.00647791 0.000326262 -8.04379e-05 -0.00499089 -7.06866e-06 0.00180779 0.00117149 0.0034651 -5.23699e-05 0.0466118 -0.000786126 -0.00929224 -0.000621606 0.00216644 0.00330677 0.0006192 -0.00307425 -0.00853236 -0.00826692 0.00279991 -0.0103319 0.000435685 -0.00399866 0.000384309 0.000163683 0.00484108 -0.0133884 -0.00333324 0.000239046 0.00108185 0.00103361 -3.84254e-05 -0.00156826 -0.00932945 -0.000632048 -0.00417485 -0.00238131 -0.00126894 -0.000776344 4.36943e-05 0.00183784 0.000912841 -0.00282969 -0.000130325 0.000293014 -0.00010991 -5.82719e-05 0.000142355 0.00366191 6.3586e-05 -0.00114945 0.00899703 0.000340183 0.00183474 -1.22323e-05 -0.000300972 -3.67004e-06 -0.00179316 -0.000167726 -8.24571e-07 2.89785e-05 -0.00113896 -0.0018301 -1.11788e-05 -0.000282368 0.00165482 8.78629e-05 0.000320349 -0.00294057 0.00263255 -0.000649372 -0.000107144 -0.00101381 -0.000137589 0.000196915 -5.79875e-05 -0.00340446 0.00146562 -0.00334319 0.000206221 -0.00364458 -0.000530043 -0.000850094 -0.000394918 -0.00124748 -0.00086114 -0.00334631 -0.00143659 1.45925e-05 0.000248343 4.92114e-05 0.00070139 -0.000360729 -0.000190321 0.00604494 -0.000146392 0.0032661 -4.84232e-05 0.00376609 
-0.0453601 -0.0305464 5.99443e-05 -0.000403093 0.0394093 -1.17727e-05 -0.0152789 0.000678092 -0.000277037 -9.91198e-05 -0.000786126 0.11632 -0.020037 0.0101681 -0.038035 -0.0025958 0.00829544 -0.00267395 0.0298167 -0.0461866 -0.0453963 0.0371953 0.0238343 -0.0187398 0.00297167 0.00732969 -0.0429944 0.0286853 -0.00228633 0.00146302 -0.00104913 0.00522888 8.02819e-05 -0.0115814 0.0351118 -0.00640057 -0.0090751 0.0396419 0.00812032 -0.00220004 0.000762118 0.00496553 0.0626595 -0.00128858 0.0052402 0.000114439 0.00113111 0.000599808 0.000273694 -0.0442594 -4.31945e-05 0.0178331 -0.0209496 -0.000363726 0.00152553 1.01801e-05 -0.000360926 -0.000119879 -0.0538691 -0.000552287 2.19149e-05 0.00012247 -0.0221184 -0.0449254 1.84484e-05 -0.00086303 -0.0604958 -0.000451031 4.07891e-05 0.0569315 -0.00774001 -0.000897155 -3.07838e-05 -0.00337469 0.00217554 -0.00327801 0.000643416 0.0518614 0.0365966 0.0185258 0.0090683 -0.00929704 0.00749087 -0.0030103 0.0013589 -0.00095657 0.0114062 -0.00583827 0.0296799 0.000419409 -0.00032404 -5.00376e-05 0.000517654 -0.000319677 0.0048691 -0.0376082 -0.0131443 -0.000919341 -5.63246e-05 -0.0417546 
-0.1345 -0.124789 -9.80237e-05 0.00118988 -0.0057502 4.66304e-05 0.0889908 0.00113688 -0.0015467 0.000362544 -0.00929224 -0.020037 0.188752 -0.00313009 -0.110003 0.10644 0.0998064 0.0367536 0.0444957 -0.0164081 -0.133914 0.0772759 0.0278046 0.0766976 0.00584359 -0.138297 -0.14374 0.108873 0.0886548 -0.000687859 0.00823729 0.00144357 -0.000359336 0.0959314 -0.0732566 0.0340826 -0.0222082 0.0752415 0.00012212 0.0116801 0.000243678 0.00500966 -0.0108262 0.0110144 0.00741041 -3.5979e-05 0.00172246 -0.000172466 -6.82146e-05 -0.133971 -0.00018835 -0.00725532 -0.06513 -0.00184078 -0.0012092 0.000190832 0.000368931 -0.000365094 -0.0528954 0.00153386 -7.94951e-06 -3.15162e-05 0.0922135 -0.0891799 -6.71444e-05 -0.00102809 0.016844 -0.000503925 -0.00124797 -0.00322155 0.062409 -0.00212708 -0.000383181 0.015594 -0.000920303 0.0132116 0.000131812 -0.00347958 -0.00151436 -0.119827 0.0251528 0.0399294 0.00230586 -0.00601913 0.00492433 -0.00215614 0.0921277 0.00127565 -0.00897679 0.000814364 0.00103237 -0.00057529 0.00149161 0.0162165 -0.00107838 -0.1385 0.117945 0.0178154 0.00126283 -0.137234 
-0.00776965 -0.00693741 -1.12042e-05 4.19729e-05 0.00820191 -2.16126e-06 -0.00228473 -0.000107972 0.000546983 -5.24806e-05 -0.000621606 0.0101681 -0.00313009 0.0204863 -0.00777356 -0.0032119 -0.00302247 -0.00181752 0.0118347 -0.00135177 -0.00763082 0.00908482 -0.000736319 -0.00523059 0.000489636 0.00340608 -0.00743939 0.00788564 -0.00110987 0.000547254 -0.000294872 -0.000179336 -2.99917e-05 -0.00275274 0.00861799 -0.00148418 -0.00171385 0.00789464 0.00306081 -5.98446e-05 6.90804e-05 -0.000690409 0.0095259 -0.000864924 -0.000343965 -2.13658e-05 -2.7835e-06 0.000138177 2.79384e-05 -0.00831664 5.93242e-05 0.00476485 -0.0047944 -0.000173542 -7.99578e-05 5.05318e-05 -3.18676e-05 -3.08057e-05 -0.0099911 0.000192613 3.61677e-06 -1.33129e-06 -0.00302037 -0.00980021 9.26769e-05 8.36249e-05 -0.0122329 -7.51077e-05 -0.00027236 0.0105741 -0.00226764 -0.000119309 1.23047e-06 0.00011652 -0.000221535 0.000360201 4.21919e-05 0.0128343 0.000640122 0.000223468 -0.000246407 0.000260012 0.000184567 -0.000162569 7.09353e-05 0.00185789 -0.00268198 -0.00172555 0.0108253 -3.56144e-05 -7.76738e-06 -2.86834e-07 -6.70511e-05 0.00051455 0.00026398 -0.00834169 -0.00325693 -0.000684464 -1.21026e-05 -0.00871342 
0.166235 0.144716 -0.000801076 -0.00166734 -0.0382633 -0.000127872 -0.0951232 -0.00372703 -0.00429441 -0.00166065 0.00216644 -0.038035 -0.110003 -0.00777356 0.214847 -0.124052 -0.126758 -0.0284986 -0.0568897 0.0289156 0.162559 -0.0963226 -0.0135354 -0.090572 -0.0165594 0.143018 0.177911 -0.123633 -0.0914568 -0.00170956 -0.0111066 -0.00398678 -0.000616748 -0.0820775 0.0327625 -0.0484983 0.0270353 -0.1272 -0.015747 -0.0101719 -0.00197359 -0.0198829 -0.0369477 -0.0345556 -0.0098386 -0.000382364 -0.00181254 -0.000819565 -0.000162984 0.167267 -0.000354252 -0.00909202 0.121969 0.00240497 -0.00392381 -0.000153014 -0.00356386 0.00012735 0.121348 -0.00462856 -1.97024e-05 -8.87348e-05 -0.103386 0.14833 -0.000189357 -0.00514401 0.0444681 -0.00018638 -2.19115e-06 -0.0236554 -0.0766818 -0.00349869 -0.00115664 -0.00967687 -0.000968408 -0.0223082 -0.000119214 -0.0271892 -0.0399795 0.127472 -0.031569 0.00484323 -0.00998518 0.00516504 0.00232049 -0.00089456 -0.127926 -0.00764055 -0.0194447 -0.00146136 -0.00111799 0.000224176 -0.00221512 -0.0206878 -0.0039028 0.173668 -0.123744 -0.024957 -0.00103735 0.170023 
-0.101828 -0.0940603 0.000568688 0.000511868 0.000197554 1.59287e-06 0.0931728 0.00424662 0.00338776 -0.000366464 0.00330677 -0.0025958 0.10644 -0.0032119 -0.124052 0.15143 0.125138 -0.00415306 -0.00463971 0.00630952 -0.102875 0.0180624 0.0127249 0.068493 0.0163471 -0.121183 -0.112357 0.0537287 0.0637572 -0.000418176 0.0129644 0.00579195 -0.00010069 0.0853409 -0.0561392 0.0363023 -0.016289 0.100583 -0.00698765 -0.00115289 0.000287516 0.0105855 0.00254467 -0.00787632 0.0102877 0.000401812 0.00087535 -0.000306568 6.18124e-05 -0.108958 -9.82562e-05 -0.00551006 -0.0759706 -0.00221132 0.00378916 6.63638e-05 -0.00105314 -8.6978e-05 -0.0760157 0.0037829 8.37688e-07 -1.10065e-05 0.102249 -0.122166 -3.07356e-05 -0.00144224 0.00267559 -3.75364e-05 0.000820188 -0.015517 0.0782796 -0.00236866 -0.000405464 0.00300633 0.00210566 0.0145563 -0.000309717 -0.0148787 0.0198002 -0.118911 0.0316015 -0.0111074 0.00756839 -0.00396413 -0.00196078 -0.00433998 0.119273 -0.0142742 -0.00669226 0.000964395 0.00122519 -0.000358281 0.00175288 0.0184439 -0.00155778 -0.105682 0.129453 0.0280592 0.000344048 -0.107156 
-0.107142 -0.0934546 0.000320184 -0.000284104 0.0142576 6.66717e-05 0.0801611 0.00293752 0.00120705 -0.000474978 0.0006192 0.00829544 0.0998064 -0.00302247 -0.126758 0.125138 0.152854 -0.0101066 -0.00744151 0.00200861 -0.104398 0.0325925 0.00453111 0.050669 0.018304 -0.112876 -0.114386 0.0618886 0.0546225 -0.000358027 0.0122027 0.00474 3.06892e-05 0.093714 -0.0426142 0.0303926 -0.0161217 0.116904 -0.00578737 -0.00321287 0.000259223 0.00863516 0.0126109 -0.0118802 0.010066 0.00021337 0.000304976 -0.000331512 -4.58468e-06 -0.108028 -8.55499e-05 -0.00547364 -0.0772168 -0.0022899 0.00394002 2.22855e-05 -0.00111192 -0.0001989 -0.077582 0.0035696 1.54084e-06 1.12382e-05 0.0976218 -0.123824 1.36886e-05 -0.00132062 -0.0117045 4.08334e-05 0.000121569 -0.000837635 0.062232 -0.00203378 -0.000411758 -0.00141614 0.00188323 0.014805 0.000158318 -0.00195841 0.0286234 -0.109575 0.023247 -0.0151738 0.00678473 -0.00425651 -0.00211629 -0.00430117 0.128965 -0.013685 -0.0051497 0.00111999 0.00061724 -0.000415178 0.0012009 0.0182312 0.000332049 -0.106991 0.125531 0.0275878 0.000932367 -0.110134 
-0.0541748 -0.0415637 -1.71916e-06 0.000889394 -0.0041761 5.81458e-05 0.0114108 -0.00030994 0.00113465 0.00153181 -0.00307425 -0.00267395 0.0367536 -0.00181752 -0.0284986 -0.00415306 -0.0101066 0.0851744 0.0508836 -0.0317143 -0.0511008 0.0572639 0.0270057 0.0411165 -0.0030246 -0.0570152 -0.0570748 0.0551319 0.0300674 -0.000139219 -0.000905524 -0.000434471 0.000535853 -0.00299377 -0.0244972 0.0107663 -0.00809553 -0.0109996 0.00866213 0.0144295 0.00158883 0.00713509 -0.000895608 0.0444855 3.02736e-06 1.84796e-05 0.000312765 0.000428099 2.79204e-05 -0.0501352 0.000115792 -0.00079353 -0.0118635 -0.000969918 -0.000122578 9.23263e-05 0.00478404 1.7194e-05 -0.014911 -0.000676649 -2.3317e-06 -1.46549e-05 0.00676794 0.00770967 -2.96477e-05 0.00359168 0.00360137 -1.4821e-05 -0.00116434 -0.00190266 0.00257535 0.000521108 0.000920541 0.00982524 -0.000963723 0.00470289 4.95088e-05 0.00037565 0.00581104 -0.0159583 0.00632738 0.0331273 0.000388743 -0.00209722 0.00255443 0.00278372 -0.00988425 0.0347229 -0.00334703 -0.000112706 -0.000200094 -5.94419e-05 0.000930518 0.000987451 0.000340485 -0.0510803 0.000201798 -0.00185887 0.000770692 -0.0538086 
-0.109939 -0.0949372 -3.07682e-05 -0.000192073 0.0245445 5.60271e-05 0.011225 -0.0008495 0.00167165 0.0017357 -0.00853236 0.0298167 0.0444957 0.0118347 -0.0568897 -0.00463971 -0.00744151 0.0508836 0.160496 -0.0467226 -0.104444 0.126535 0.0295327 0.0232868 -0.00114658 -0.0447284 -0.110182 0.116607 0.0334342 0.00132782 -0.00290367 -0.00142857 0.000415268 0.00878922 -0.00416578 0.00108397 -0.0179408 0.0229928 0.0292126 0.0135723 0.00122134 -0.000152064 0.0303156 0.041088 -0.00334702 -5.92064e-05 0.00184249 0.000868422 4.99108e-05 -0.111249 0.000224497 0.0133583 -0.0232422 0.00101879 -0.000474824 0.000275037 0.00390501 -0.000147868 -0.0485185 0.000366861 2.39879e-06 2.4258e-05 0.00752784 -0.0221782 6.47688e-05 0.00412124 -0.0415435 -0.000429367 -0.00260954 0.0552351 -0.00958542 0.00595019 0.00127665 0.0153007 -0.00219967 0.003614 0.00088016 0.0579308 0.0147612 -0.00891204 -0.00169835 0.0539288 -0.000721391 -0.00444355 0.00792054 0.00218631 -0.00445879 0.0314651 0.0243441 0.000566634 -0.000519367 -0.000182046 0.000518872 0.00404456 0.00311664 -0.106965 -0.0088286 -0.00429013 5.71908e-05 -0.109052 
0.0680423 0.0385588 -0.000229319 -0.00026357 -0.0246413 -6.59102e-05 0.00698907 -0.00195852 0.000320483 -0.000945914 -0.00826692 -0.0461866 -0.0164081 -0.00135177 0.0289156 0.00630952 0.00200861 -0.0317143 -0.0467226 0.233137 0.0617035 -0.0521848 -0.026506 -0.027834 -0.00919279 0.0172687 0.0601277 -0.0730315 -0.0231639 -0.00120446 -0.00317858 -0.00323189 -0.000471972 -0.00216773 0.000462083 -0.00275872 -0.00409885 -0.00656532 -0.0165482 -0.00485736 -0.00109612 -0.0124869 -0.0299069 -0.0213776 -0.00748284 -0.000154985 -0.00186123 -0.000659538 -6.81502e-05 0.0562854 -0.000123833 -0.0107138 -0.0254058 -0.00140178 0.00010537 -3.27437e-05 -0.00237035 -6.31631e-05 0.0431079 0.000449979 -8.17552e-06 -4.13613e-05 -0.00599481 0.0150922 -5.97722e-05 -0.00262953 0.028273 -0.000893183 -0.00164707 -0.0417194 -0.0107851 -0.0040674 -0.000789076 -0.00515494 -0.00254755 -0.00868549 -0.000667458 -0.0306936 -0.0325502 -0.00653848 -0.0114746 -0.0202863 -0.0037903 0.00468962 -0.00419679 0.0056323 0.00147072 -0.0307618 -0.0130054 0.000329563 -0.000253935 0.000318746 -0.00115883 -0.00222743 -0.00378176 0.0561881 0.00688189 -0.00280631 -0.000381548 0.0578859 
0.217057 0.185436 -0.000597079 -0.00119436 -0.0313752 -0.00011819 -0.0779353 -0.0030961 -0.00376154 -0.00140548 0.00279991 -0.0453963 -0.133914 -0.00763082 0.162559 -0.102875 -0.104398 -0.0511008 -0.104444 0.0617035 0.246545 -0.153122 -0.0470622 -0.0901597 -0.0188924 0.143895 0.211195 -0.170128 -0.0861204 -0.0014085 -0.00904498 -0.00457059 -0.000307024 -0.108134 0.0649419 -0.0354471 0.028579 -0.112697 -0.0244255 -0.0105476 -0.00175661 -0.0172727 -0.0465733 -0.0358178 -0.00807589 -0.000279018 -0.00284276 -0.00100875 -0.000230697 0.201395 5.6113e-06 -0.0102612 0.0795216 -2.14783e-05 -0.00319086 -0.00024903 -0.00362787 0.000168224 0.11018 -0.00407843 -9.9514e-06 -8.66725e-05 -0.108247 0.128829 -2.06215e-05 -0.00387061 0.0447598 -0.000328422 0.00242642 -0.0524928 -0.058535 -0.00557596 -0.00111571 -0.0135378 -5.80878e-05 -0.017819 -0.000869255 -0.0496215 -0.0523813 0.107472 -0.0272045 -0.041876 -0.00529101 0.00999665 -0.00638661 0.000784177 -0.104104 -0.0352927 -0.0198158 -0.00118549 -0.00108567 0.000364246 -0.00198614 -0.0192646 -0.00414215 0.200282 -0.101212 -0.0205859 -0.00127978 0.220981 
-0.161576 -0.123315 6.96747e-05 0.000630604 0.0276814 0.000111623 0.0303374 -0.00149128 -0.00138223 0.00181592 -0.0103319 0.0371953 0.0772759 0.00908482 -0.0963226 0.0180624 0.0325925 0.0572639 0.126535 -0.0521848 -0.153122 0.20268 0.0273265 0.0526631 -0.00360342 -0.0778423 -0.152441 0.164612 0.0540748 0.00158596 -0.00408005 -0.00192581 0.00040399 0.0502882 -0.0247083 0.00521404 -0.0254604 0.0564443 0.0309825 0.0131723 0.0015627 0.0105426 0.0392358 0.0473258 0.00141291 -0.000253716 0.00146823 0.00116546 -9.767e-06 -0.14369 0.000178708 0.0139776 -0.0474216 0.000563318 -0.00150972 0.000239412 0.00437563 -0.000317163 -0.0592737 0.000128117 1.79659e-06 5.38486e-05 0.0336265 -0.0494141 -2.69414e-06 0.00535918 -0.0458993 -0.000549425 -0.00395746 0.0584672 -0.0118867 0.00806615 0.0015051 0.0136354 -0.00300028 0.00406566 0.000861152 0.059527 0.0256467 -0.0434073 0.00312127 0.0508948 -0.00363439 -0.00649887 0.00733356 0.00153386 0.0364749 0.0453084 0.0245964 0.000580116 -0.000473288 -0.000307184 0.000176068 0.00660376 0.00496783 -0.143756 0.0271636 -0.00609163 0.00132709 -0.160036 
-0.0463944 -0.0429216 0.000262669 -0.000218424 -0.000676362 1.16051e-05 0.000494194 0.00109813 0.00330675 -0.000201147 0.000435685 0.0238343 0.0278046 -0.000736319 -0.0135354 0.0127249 0.00453111 0.0270057 0.0295327 -0.026506 -0.0470622 0.0273265 0.0829195 0.00628619 4.48698e-05 -0.0326217 -0.0471205 0.0227051 0.00112431 -7.68286e-05 0.00255473 0.00474733 0.000114852 0.00792159 -0.013442 0.0014363 -0.00654695 0.0119737 -0.000811472 0.000281885 0.000429274 0.000921341 0.0240911 0.000227042 0.00926489 0.000263965 -3.15331e-05 -7.39774e-05 0.000306471 -0.0464926 -5.55178e-05 0.00486728 0.00187019 -9.80132e-06 0.0012019 0.000112324 -7.26438e-05 7.59245e-06 -0.0279491 -0.000584425 7.40934e-06 6.82744e-05 -0.00181772 -0.0238019 -3.02116e-05 3.97888e-05 -0.0125965 -0.000304785 3.78507e-05 0.0242923 0.00802294 -0.000483351 0.000225904 -0.000766472 0.00252987 -0.00214942 0.000446897 0.0173076 0.0207795 0.00334576 0.0157055 0.0193511 0.00803785 -0.00195816 0.00534859 0.000551337 0.00398175 0.00161059 -0.0018804 5.45606e-05 -0.0001779 -0.000174839 0.000557541 0.00240644 0.00215954 -0.0431022 0.00113347 0.00298577 0.00120653 -0.0428525 
-0.0917878 -0.0965331 0.000687203 0.00158314 -0.0130755 2.87947e-06 0.0528228 0.00191656 0.00226474 0.000687561 -0.00399866 -0.0187398 0.0766976 -0.00523059 -0.090572 0.068493 0.050669 0.0411165 0.0232868 -0.027834 -0.0901597 0.0526631 0.00628619 0.192813 -0.00380001 -0.103815 -0.0930163 0.0789391 0.0664383 -2.66757e-05 -0.00231867 0.000266318 0.00044958 0.0324812 -0.0551005 0.0528256 -0.021915 0.0271075 0.011095 0.00799952 0.00193095 0.0198399 -0.0104295 0.0362028 0.00600546 0.000283154 0.00141837 0.000139057 -4.9212e-05 -0.0839148 0.000213807 -0.00614026 -0.0697442 -0.00288565 -0.00144545 -8.2091e-05 0.00291384 8.70499e-05 -0.0313629 0.00270362 -4.35775e-06 -3.53417e-05 0.0790705 -0.0520789 4.36492e-06 0.00454646 0.0158896 0.000688335 0.00189013 -0.029127 0.0621928 0.00386095 0.00112919 0.0112232 -0.00128847 0.0128368 -0.000406469 -0.0214956 0.00350967 -0.0759308 0.0199637 0.0095966 0.00462735 -0.00453537 -0.000352145 -0.00314199 0.05195 0.0428033 -0.00883075 -0.000333391 0.00152436 -2.35787e-06 0.00184852 0.00411115 -0.00127096 -0.10328 0.0688973 -0.0047702 0.00032716 -0.0929599 
-0.0187739 -0.0164769 1.25764e-05 -2.68579e-05 0.000477339 2.58004e-06 0.00578426 0.00187952 0.000397963 -0.000107291 0.000384309 0.00297167 0.00584359 0.000489636 -0.0165594 0.0163471 0.018304 -0.0030246 -0.00114658 -0.00919279 -0.0188924 -0.00360342 4.48698e-05 -0.00380001 0.0412938 -0.0154285 -0.0180993 0.00286973 -0.00145734 -5.8154e-05 0.00627944 0.00174255 3.01287e-05 0.0125098 -0.00594884 0.0019503 -0.00326717 0.0231531 -0.0017039 -0.000794118 -0.000129589 0.00302738 0.00547621 -0.00263819 -0.000145858 -3.15221e-05 0.000102242 -7.09425e-05 0.000101669 -0.0180457 7.64076e-05 -0.000598744 -0.00830525 -0.000363881 0.00289975 -1.39154e-05 -9.65948e-05 -6.25254e-05 -0.0186098 0.000221018 2.3779e-06 -1.34209e-06 0.0160261 -0.0220282 9.12709e-05 -0.000211953 -0.00882325 0.000402809 -0.000406825 0.00590581 0.0145202 -0.00057255 -8.34539e-05 -0.000812299 0.00114635 0.00911443 0.000346929 0.00456011 0.0193548 -0.0151916 0.000627525 -0.00233909 0.000229462 -0.00077755 0.000409891 -0.000267606 0.019488 -0.00296799 0.000527399 -4.24664e-05 -0.000111637 -7.00081e-05 -6.68942e-05 0.00208992 0.000244589 -0.017047 0.0159251 0.01361 -0.000113538 -0.019887 
0.147735 0.126228 -0.000833216 -0.00131539 0.00735165 -0.000112982 -0.0987879 -0.00398296 -0.00396229 -0.0015754 0.000163683 0.00732969 -0.138297 0.00340608 0.143018 -0.121183 -0.112876 -0.0570152 -0.0447284 0.0172687 0.143895 -0.0778423 -0.0326217 -0.103815 -0.0154285 0.199617 0.161694 -0.106062 -0.0874098 5.26556e-05 -0.0116961 -0.00356404 -0.00065377 -0.0890371 0.0660801 -0.0462841 0.0241351 -0.0885203 -0.00545476 -0.0124716 -0.00193262 -0.0177882 -0.00137643 -0.0308355 -0.00859513 -0.000267121 -0.00164057 -0.000442125 -0.00026431 0.152728 -0.0004475 0.00454788 0.0810478 0.00269907 -0.00389444 -0.000212498 -0.00432476 8.57184e-05 0.0800503 -0.0012496 5.43528e-06 -5.58891e-05 -0.105543 0.108438 -3.3544e-05 -0.0036351 -0.00277494 -0.000216971 -5.50927e-05 0.00891588 -0.0735843 -0.000177992 -0.00114382 -0.0127619 -0.000227927 -0.0214337 -0.000977938 0.00918405 -0.0255054 0.135493 -0.0274225 -0.0210631 -0.0051072 0.00368148 -0.0028887 -9.98799e-05 -0.107349 -0.0177022 0.00828907 -0.000906095 -0.00119939 0.000232527 -0.0025515 -0.0177312 -0.000165826 0.148626 -0.125592 -0.0256898 -0.00160096 0.152002 
0.218957 0.182986 -0.000741198 -0.000941139 -0.0313202 -0.000109468 -0.0860953 -0.00340801 -0.00334136 -0.00161563 0.00484108 -0.0429944 -0.14374 -0.00743939 0.177911 -0.112357 -0.114386 -0.0570748 -0.110182 0.0601277 0.211195 -0.152441 -0.0471205 -0.0930163 -0.0180993 0.161694 0.236619 -0.176035 -0.0948288 -0.00141335 -0.00998888 -0.00459415 -0.000518932 -0.0928682 0.0524566 -0.0383795 0.0333246 -0.120475 -0.026484 -0.0116897 -0.00195244 -0.0197214 -0.046404 -0.0400501 -0.00957859 -0.000257664 -0.00294782 -0.000981288 -0.000236862 0.218465 -0.0002861 -0.0117346 0.0994556 0.00158443 -0.00331562 -0.000272254 -0.00392452 0.000253634 0.120296 -0.00216449 -7.06802e-06 -9.4381e-05 -0.100092 0.139017 -2.92023e-05 -0.00420588 0.0480897 0.000126173 0.0017843 -0.0541056 -0.0645917 -0.00501713 -0.00121865 -0.015012 -0.000117514 -0.0206835 -0.000950095 -0.0528511 -0.0492741 0.119062 -0.030047 -0.0431723 -0.00589075 0.00822094 -0.00651647 0.00116132 -0.115081 -0.0270421 -0.0206869 -0.00133052 -0.000921271 0.000446422 -0.00218431 -0.0203567 -0.00472674 0.211578 -0.111799 -0.0225749 -0.00142808 0.21988 
-0.184239 -0.149019 0.000247353 0.000534639 0.0341041 0.000120596 0.0528892 -0.000607009 -0.00232618 0.00168831 -0.0133884 0.0286853 0.108873 0.00788564 -0.123633 0.0537287 0.0618886 0.0551319 0.116607 -0.0730315 -0.170128 0.164612 0.0227051 0.0789391 0.00286973 -0.106062 -0.176035 0.228199 0.0861161 0.00134144 -0.00337171 -0.00210604 0.000362806 0.0607452 -0.0295001 0.0147479 -0.0311442 0.0804878 0.0290725 0.0119021 0.00138207 0.012881 0.035779 0.0418525 0.00334005 -0.000344391 0.0023135 0.00115219 -7.03449e-05 -0.16991 0.000128754 0.0158615 -0.074696 -0.000304866 -0.00140446 0.000204873 0.00410752 -0.000426664 -0.0833102 0.00193787 1.71263e-07 3.04929e-05 0.0728601 -0.083965 6.55458e-05 0.00439547 -0.0429564 -0.000724376 -0.00364098 0.0520997 0.0193052 0.00704005 0.00118398 0.0144943 -0.00356231 0.0089146 0.000849672 0.0544495 0.0188929 -0.0735245 0.018378 0.0450965 -0.00211458 -0.00808416 0.00648138 -0.00194241 0.0645235 0.0430856 0.0228398 0.000755412 -0.00013763 -0.000397796 0.000739282 0.0152632 0.00422185 -0.172207 0.0635661 0.000126167 0.000819116 -0.177589 
-0.0872052 -0.0740973 0.0004426 0.00156259 0.00356959 7.00937e-05 0.059151 0.00072781 -0.00118238 0.00176136 -0.00333324 -0.00228633 0.0886548 -0.00110987 -0.0914568 0.0637572 0.0546225 0.0300674 0.0334342 -0.0231639 -0.0861204 0.0540748 0.00112431 0.0664383 -0.00145734 -0.0874098 -0.0948288 0.0861161 0.131261 6.90449e-05 -0.00104244 6.21533e-05 3.4387e-05 0.0319584 -0.0374831 0.026603 -0.0132162 0.0361693 0.0129774 0.0141465 0.00117108 0.00883563 0.00293597 0.0268842 -0.00173575 -4.53889e-05 0.00151487 -0.000198928 -5.73695e-05 -0.0878154 2.63114e-05 -0.00227171 -0.0606949 -0.00123994 -0.00112265 0.000109957 8.92867e-05 -0.00022275 -0.0472693 0.000223841 -4.45644e-06 -2.56514e-05 0.0550266 -0.0561445 -4.4407e-05 0.000243426 0.00144725 -0.000181852 0.000770179 -3.84053e-05 0.0362105 0.00141284 -2.7731e-05 0.0165807 -0.00114544 0.00620109 -7.9724e-05 -0.00500724 -0.0106268 -0.0806428 0.0288284 0.0148893 0.00423458 -0.00357676 -0.00129987 -0.000964326 0.0485426 0.0078427 7.40404e-05 0.000663771 0.000979131 -0.000352907 0.00223113 0.00461648 0.00165159 -0.0877244 0.0712126 0.00164078 -8.65256e-05 -0.0899054 
-0.0013285 -0.00103754 6.46031e-05 -6.14224e-06 0.000357661 3.6966e-07 -0.000418478 4.43378e-05 7.60889e-05 6.37135e-06 0.000239046 0.00146302 -0.000687859 0.000547254 -0.00170956 -0.000418176 -0.000358027 -0.000139219 0.00132782 -0.00120446 -0.0014085 0.00158596 -7.68286e-05 -2.66757e-05 -5.8154e-05 5.26556e-05 -0.00141335 0.00134144 6.90449e-05 0.00347818 -5.43915e-05 -1.72002e-05 2.18714e-05 -0.000706751 0.001118 0.000112076 -0.000295554 -0.000162128 0.00134013 -5.58548e-05 1.27537e-05 7.43168e-05 0.00108005 0.000371583 -0.000100949 6.44043e-06 6.54162e-05 0.000290996 2.599e-06 -0.00147365 2.57628e-05 0.0012545 -0.000899315 4.13651e-05 -2.60449e-05 -1.17837e-06 -1.61593e-05 2.15501e-06 -0.00132717 -1.92699e-05 5.24888e-07 1.89687e-05 -7.02525e-05 -0.000709542 2.57669e-06 5.10042e-05 -0.0014898 -4.87552e-06 0.000144667 0.00162449 -0.000201202 0.000168421 -2.81687e-06 -7.18592e-05 -1.87028e-05 6.09842e-05 3.26308e-05 0.00160746 -0.000278471 -1.92161e-05 -9.4033e-05 -0.000199987 -2.31077e-05 -2.29864e-05 9.40873e-06 -1.1387e-05 -0.000413546 0.000227444 0.00168087 7.80939e-06 -5.97365e-06 0.000139913 6.08097e-05 -5.38106e-05 2.17912e-05 -0.00138654 -0.000357162 -0.000127055 2.69273e-05 -0.00135115 
-0.00961296 -0.00818919 4.07276e-05 -3.77076e-05 -0.000212585 -2.58326e-06 0.0106348 0.00106073 0.000686566 -3.89595e-05 0.00108185 -0.00104913 0.00823729 -0.000294872 -0.0111066 0.0129644 0.0122027 -0.000905524 -0.00290367 -0.00317858 -0.00904498 -0.00408005 0.00255473 -0.00231867 0.00627944 -0.0116961 -0.00998888 -0.00337171 -0.00104244 -5.43915e-05 0.0159923 0.000748253 -8.02426e-06 0.0101782 -0.00502124 -0.00126106 -0.00150313 0.0108722 -0.000712032 -0.00025148 -2.95628e-05 0.000298196 0.000109291 -0.00116081 0.00163745 5.24844e-05 -8.16622e-05 -2.91552e-05 6.75612e-05 -0.0097765 -1.14433e-05 -0.000495646 -0.00669658 -0.000178698 0.00207913 -6.06049e-06 -8.30081e-05 -2.08661e-05 -0.0120681 -6.3384e-05 -5.84727e-07 1.46429e-05 0.0101166 -0.0121578 1.77559e-07 -0.000131304 -0.00124445 4.54591e-05 -0.000153399 -0.00187092 0.00909558 -0.000221383 -3.64933e-05 -0.000408747 8.21972e-06 0.00247272 -1.95059e-05 -0.00134076 0.00741344 -0.0116879 -0.00037739 -0.00129291 0.000424324 -0.000353215 -0.00018984 -0.000410438 0.0123164 -0.00138772 -0.000600173 0.000142791 -1.63102e-05 -3.30477e-05 -2.38579e-05 0.00470471 -0.000153636 -0.00925302 0.0121028 0.0148543 -3.20454e-05 -0.00950562 
-0.00448784 -0.0039511 4.74529e-05 -1.62943e-05 -0.000400263 6.03119e-06 -0.000457931 0.000816774 6.92371e-05 -2.36194e-05 0.00103361 0.00522888 0.00144357 -0.000179336 -0.00398678 0.00579195 0.00474 -0.000434471 -0.00142857 -0.00323189 -0.00457059 -0.00192581 0.00474733 0.000266318 0.00174255 -0.00356404 -0.00459415 -0.00210604 6.21533e-05 -1.72002e-05 0.000748253 0.00907286 6.34738e-05 0.000562978 -0.00244661 0.00054354 -6.54013e-05 0.00299332 -0.000360979 -0.000157229 5.44707e-05 0.00183276 0.00410253 -0.000639594 0.00215809 3.32294e-05 3.27876e-05 -1.17732e-05 2.0491e-05 -0.00436416 3.62374e-05 -0.00020007 -0.00311485 -8.46528e-05 0.000199413 7.06357e-06 -5.88335e-05 -1.32474e-06 -0.0054745 -6.18308e-05 1.0439e-06 -5.13289e-07 -0.000740972 -0.0054136 1.52212e-06 -7.18137e-05 -0.00141094 4.37716e-05 -0.00012592 0.00160141 0.00286275 -9.96312e-05 -1.35279e-05 -0.000186283 0.00247625 -4.27234e-05 -7.04809e-06 -0.000597133 0.00454575 -0.000833991 0.00301674 -0.000534867 0.0022967 -0.000218868 -5.25248e-05 -3.66996e-05 0.00312792 -0.000643663 -0.000331919 -4.38808e-06 1.57099e-05 -9.7523e-06 0.000845578 -0.000141668 4.02601e-05 -0.00435973 0.00220923 0.000901457 1.65619e-05 -0.00416411 
-0.000604038 -0.000443212 3.76482e-05 -5.46806e-06 0.000144174 9.34488e-06 -0.000233145 3.4547e-05 -9.34068e-06 2.46077e-06 -3.84254e-05 8.02819e-05 -0.000359336 -2.99917e-05 -0.000616748 -0.00010069 3.06892e-05 0.000535853 0.000415268 -0.000471972 -0.000307024 0.00040399 0.000114852 0.00044958 3.01287e-05 -0.00065377 -0.000518932 0.000362806 3.4387e-05 2.18714e-05 -8.02426e-06 6.34738e-05 0.00182224 -0.00025211 -0.000493735 -1.5002e-05 0.000294935 -6.04011e-05 0.000532922 -2.57186e-05 0.000109559 0.00025519 9.12659e-05 0.000680766 -3.04462e-05 -9.92269e-08 -2.47739e-06 -7.88765e-07 4.50667e-06 -0.000476369 3.08659e-07 -3.67731e-05 -0.00043764 -2.04913e-05 0.000113939 7.08823e-07 0.000141393 5.0885e-06 -0.000415784 4.78089e-06 1.31236e-06 3.9417e-06 9.27007e-05 -4.79992e-05 2.54659e-06 0.000119005 -0.000335189 -2.65545e-06 1.55302e-05 -3.85187e-05 -0.000179042 7.92863e-05 9.36344e-05 -3.52488e-05 5.11586e-05 -5.69939e-05 -1.68483e-06 -9.30588e-05 0.000434175 0.000271747 -3.05059e-07 -9.44912e-05 0.000198527 -4.50716e-05 -1.02639e-05 3.52632e-05 -0.000184681 0.000838347 -4.575e-05 -2.34295e-06 -4.91928e-06 1.17977e-06 7.45168e-06 6.51041e-05 8.28205e-05 -0.000692632 -0.000234854 5.1599e-05 1.55331e-05 -0.000516165 
-0.0936361 -0.0903342 0.000243363 -0.000286449 0.0048372 7.03975e-05 0.0623735 0.000934659 -0.000178498 -0.000582247 -0.00156826 -0.0115814 0.0959314 -0.00275274 -0.0820775 0.0853409 0.093714 -0.00299377 0.00878922 -0.00216773 -0.108134 0.0502882 0.00792159 0.0324812 0.0125098 -0.0890371 -0.0928682 0.0607452 0.0319584 -0.000706751 0.0101782 0.000562978 -0.00025211 0.184094 -0.0584821 0.0280709 -0.0213183 0.0779638 -0.00291522 -0.00409638 -0.000582394 -0.000437072 -0.0108763 -0.00545359 0.00433083 0.000206394 0.00058185 6.69572e-05 -8.19744e-05 -0.0881218 -0.000165552 -0.00684558 -0.0365403 7.54682e-05 0.00157896 7.49435e-05 0.00185114 -0.00028865 -0.0386099 0.00178535 -1.01567e-05 -3.6372e-05 0.0851171 -0.0788874 1.02402e-05 0.000765387 0.00535802 0.000234344 -0.00285997 -0.000474298 0.0433144 -0.000423779 -0.000396361 -0.00095177 -0.00171456 0.0133116 0.000273351 -0.000645227 0.0232467 -0.0974655 0.00111174 0.00698739 -0.00423456 -0.00536759 0.00108908 -0.00312893 0.0885043 -0.00426139 -0.00810948 0.000690903 0.00063234 -0.000483403 -0.000617607 0.0100877 4.54178e-05 -0.0916586 0.0921259 0.0226011 0.00129722 -0.100666 
