0.00277417 -7.7162e-05 -0.000913104 0.000143059 0.000175001 -6.46818e-05 -1.80491e-07 -2.5901e-05 0.000566808 0.000614895 -2.48818e-05 -0.000139819 5.31617e-05 -1.06424e-05 -0.000624413 -0.000916923 0.000374375 2.83567e-05 -3.46463e-05 -5.65306e-06 -0.000122242 0.000363651 -4.8365e-07 6.03436e-05 -2.1583e-06 5.79094e-06 -0.00075596 0.00011235 -0.00105576 0.000941139 -1.92012e-06 -6.93189e-06 3.6802e-05 0.000550363 -1.62093e-05 -0.000573003 -5.21203e-05 0.000173909 -9.34359e-05 -3.36892e-07 -4.9321e-05 9.10129e-06 -0.000238105 0.000996552 -6.2885e-05 1.1951e-05 -8.32418e-06 1.35815e-06 -3.26647e-06 -3.29466e-06 -3.01927e-05 -7.98043e-05 2.80679e-05 -8.54501e-05 0.000253772 -0.000165468 0.000221716 0.000187652 -4.06712e-06 -5.23895e-08 -0.000287292 0.000489136 -0.000132113 -5.71863e-05 -3.22268e-05 8.37711e-05 -3.0499e-07 1.47454e-06 -0.00020508 -0.000215049 4.3119e-06 1.22613e-05 -5.98709e-05 -1.13794e-06 -0.00019422 7.51272e-06 -0.000275296 -0.000970428 -4.92794e-05 9.95623e-07 -4.17027e-06 0.000504858 -0.000157727 -0.000168375 -1.5371e-05 0.00034456 -1.48319e-06 4.7678e-07 3.60701e-05 0.000240396 -0.000440945 2.08271e-05 -7.31273e-06 3.4819e-06 2.16101e-06 9.00357e-05 -4.74869e-06 -0.000785822 -6.29266e-06 -0.000206144 
-7.7162e-05 0.0290351 -0.00474104 -0.000454202 -0.015118 -0.000718824 -2.97528e-05 0.0010217 -0.00702731 -0.0108557 0.00045577 0.00613357 -0.00025178 0.000364733 -0.00160745 0.00706862 0.000401821 -4.91353e-06 0.00981894 -6.9945e-05 3.97417e-05 -0.0159512 9.39979e-06 0.0127018 2.87461e-05 -1.67884e-06 0.00470321 0.000953841 0.0113534 -0.00158543 8.84709e-06 -0.000109502 0.000131933 -0.00717603 0.000729515 -0.00808117 -2.7799e-05 -0.000382764 -0.00014573 2.82408e-05 1.6401e-05 -0.00100989 0.00162402 -0.00826159 -0.00200318 0.000173658 -0.000198448 3.8953e-05 -3.98906e-05 -0.000145032 -0.00110149 -0.000497658 -7.45876e-05 -0.000349515 -0.0151991 -0.00191188 0.00357113 -0.000316044 -4.35078e-05 1.63035e-06 -0.00348312 -0.0159464 0.000292957 0.010895 0.00106795 -0.000316765 3.08621e-05 5.1148e-06 0.000848535 -0.0023677 3.30204e-06 6.23362e-05 0.0145151 -0.000365618 0.00465043 0.0105167 -0.00378111 0.0153751 0.00164709 -1.4857e-06 0.000153498 -0.00789739 -0.00319856 -0.00100625 -7.76161e-05 -0.0159437 -4.59977e-06 1.17553e-05 0.0002775 -0.000521629 0.00239537 0.000710587 -8.08142e-05 -9.86025e-06 -2.93471e-06 0.00546561 -1.57266e-06 0.00914688 -5.89718e-05 -0.00785127 
-0.000913104 -0.00474104 0.228171 -0.00500333 0.0501255 -0.00196943 -0.000402058 0.00259337 0.0747705 0.0687477 -0.00684808 -0.00387938 0.000683248 -0.0011397 -0.00293221 -0.0121924 -0.0258302 0.00012641 -0.108939 -0.000474018 0.00598345 0.074944 -6.62219e-05 -0.0228135 -0.000267516 -5.28641e-05 0.00942036 -0.020357 -0.0791566 -0.0288912 5.19431e-05 -0.000162471 -0.00148066 0.0782083 0.00370976 0.0487494 -8.97536e-05 -0.00473262 0.0017296 -4.32315e-05 -0.00142036 -0.015752 -0.075921 0.030217 -0.027729 -0.000819711 -0.00374586 -0.000157593 -0.000868704 -0.000932551 -0.0146783 -0.00714926 -0.000500883 -0.0149172 0.072967 -0.0568752 -0.0739187 -0.00390318 -0.000226926 -2.81078e-06 -0.0224717 0.0584285 -0.0280803 -0.00788976 -0.000416556 0.016713 -6.00613e-05 -4.48758e-05 -0.0280409 -0.0307858 -7.62433e-05 -0.00114242 -0.0670801 0.00157803 -0.0316012 -0.0126136 -0.0173265 -0.0553534 -0.0258669 2.12173e-05 -0.00179656 0.068553 0.0590148 -0.0180364 -0.00227482 0.0631021 -0.000292325 -2.79089e-05 -0.000942816 -0.008095 -0.0592409 -0.000780522 -0.00116208 -0.000953088 -3.10018e-05 -0.0326677 -0.000769833 -0.0127883 0.00122491 0.0817726 
0.000143059 -0.000454202 -0.00500333 0.0214654 -0.0049296 -0.000192863 -8.64769e-06 8.95378e-05 -0.00145134 -0.00220956 0.0021589 -0.00131506 -0.000216296 5.1616e-05 0.00076701 -0.00774457 -0.000780308 2.10963e-05 0.0036863 -4.14472e-05 -0.00171873 -0.00622324 -3.43831e-07 -0.000447377 -3.76208e-06 -1.4279e-06 -0.00381981 0.0017965 0.00055681 0.00132252 -8.85631e-06 -8.72873e-05 -0.00014373 -0.00102452 -0.000100927 -0.00222659 -0.000287559 0.00282782 -0.000562789 8.19362e-06 6.27983e-05 0.00141942 0.00315969 0.00955828 0.00344653 0.000230303 -0.000204593 4.75808e-06 -5.1973e-05 -7.2045e-05 0.00264357 -0.000105478 -6.58859e-06 0.00327943 -0.0040256 0.00462824 0.00880148 0.00205114 -3.04219e-05 -5.448e-07 -0.000953864 -0.0043204 -0.000981354 2.91815e-05 -0.000247299 0.00333342 -2.89178e-06 6.57863e-06 -0.00155805 -0.00170846 -3.253e-06 -7.37401e-05 0.00446614 -0.000137501 -0.0018444 0.00658705 0.000326682 -0.00643585 0.00100352 -3.06763e-06 -0.00016064 -0.00055112 -0.00156867 -0.00417861 2.06568e-05 -0.00660477 7.36477e-06 2.05519e-06 -3.83979e-05 0.00110528 -0.00182675 0.000772772 0.000157236 0.000105692 1.29153e-05 -0.00175377 -4.75912e-05 -0.00588601 -3.92173e-05 -0.00568986 
0.000175001 -0.015118 0.0501255 -0.0049296 0.245232 0.010134 0.000518549 -0.00438304 0.0906329 0.120835 -0.00993186 -0.0229208 0.00364083 0.000712667 -0.0252006 -0.0811816 0.000408634 -0.000383739 -0.119382 0.000862176 0.010251 0.176996 -0.000122468 -0.0231356 -0.000522172 -6.4874e-05 -0.0213232 -0.0322671 -0.124201 0.0101076 5.74991e-05 0.00147038 0.00646433 0.114578 -0.00316965 0.12075 -0.010342 -0.00684427 -0.0100603 1.46069e-05 -0.00932882 0.000365211 -0.117635 0.024365 -0.012574 0.000152111 -0.00600424 -6.05851e-05 -0.00137648 0.00166695 -0.0233428 0.0042554 -7.66972e-05 -0.00820654 0.162103 -0.121653 -0.104013 -0.00627457 0.000488066 -1.07724e-05 0.0216641 0.131758 -0.0137841 -0.0114094 -0.00570573 -0.0181299 -3.9192e-05 -3.89911e-05 -0.0268798 -0.060789 4.21645e-06 0.00161503 -0.0752329 0.00518343 -0.0339936 -0.0352886 0.0372673 -0.102896 -0.0216113 -6.55199e-05 0.000121518 0.0860799 0.0122857 -0.0849791 -0.00213777 0.172414 -0.000472739 -3.76981e-05 -9.89552e-05 -0.00191931 -0.141034 -0.000518011 -0.00166123 -1.48629e-05 -4.82829e-05 -0.0711711 -0.00116855 -0.0906503 -0.000490082 0.102553 
-6.46818e-05 -0.000718824 -0.00196943 -0.000192863 0.010134 0.0249327 7.38461e-05 -0.000108575 -0.0122214 -0.00412017 -0.000518198 8.56485e-05 -8.76875e-06 0.00043985 0.00213789 -0.00719391 -0.00229511 -1.01916e-05 -0.0149739 8.15323e-05 0.000403485 0.0106339 -5.71149e-06 -0.00149755 -6.14101e-06 -3.78039e-06 -0.0189922 -0.00169822 0.0081682 -0.00247673 -2.38258e-05 0.000193839 -0.000467036 -0.0104662 -0.000124853 0.016769 -0.000539559 -0.000250016 0.000726351 7.6335e-05 -0.000573183 0.0059692 -0.00335982 -0.00885362 0.0179918 -1.62594e-05 -0.000331321 -8.24607e-06 -7.14863e-05 0.000776644 -0.00108073 0.00959926 -6.25718e-05 -0.00061915 0.00856913 -0.0068947 -0.00485487 -0.000300372 -3.17522e-05 -5.98499e-07 0.019731 -0.0121721 -0.00395434 -0.00051825 -0.000330805 -0.00152922 -1.21802e-06 -2.67436e-06 -0.00254253 -0.00245548 2.77711e-05 0.000104518 -0.00479845 0.000348743 -0.00234675 -0.00390086 0.0206856 -0.00752939 -0.00212985 -3.5814e-06 -0.000126442 -0.00338827 -0.00307504 -0.00546692 -0.000164314 0.00907853 -2.12343e-05 5.43391e-07 -7.05738e-05 -0.00062561 -0.00714454 0.000247054 -8.55853e-05 -6.49151e-05 -1.30063e-06 -0.00274012 -6.09252e-05 -0.00688176 -7.61432e-05 0.0142293 
-1.80491e-07 -2.97528e-05 -0.000402058 -8.64769e-06 0.000518549 7.38461e-05 0.00130572 -6.53658e-06 -0.000443257 -0.000271195 -2.4791e-05 0.000233879 1.2189e-05 0.000668214 -0.00100481 -0.000359645 0.00030086 1.35493e-05 -0.000662918 7.888e-06 -9.89299e-05 0.000412564 2.68437e-06 -4.96346e-05 -9.193e-07 3.57345e-06 -0.00014504 -8.71672e-05 -0.000484749 -0.000128294 3.20883e-05 0.000375905 -5.0156e-06 -0.000551448 1.26516e-05 0.00078987 -2.77681e-05 -1.65327e-05 -4.72125e-05 -1.76621e-08 -1.85107e-05 9.42334e-05 -0.000320493 -0.00043028 -0.000117967 3.32326e-07 -1.34182e-05 1.04601e-06 -6.63232e-08 0.000439168 -5.77527e-05 0.000123855 4.45778e-05 -4.67873e-05 0.000343604 -0.000349691 -0.000306276 5.6196e-05 -1.64764e-06 4.50878e-07 -0.000114971 0.000164574 -0.000119968 -1.20422e-05 -1.76723e-06 -5.47705e-05 -2.60833e-07 6.13325e-06 -7.59467e-05 -0.000140634 1.81645e-06 0.00108651 -0.000236836 0.000595607 -7.7828e-05 -0.000175609 0.000851231 -0.000416837 5.29839e-06 1.15064e-05 0.000472583 -0.000506171 -0.000159049 -0.000226353 7.38841e-07 0.000138538 -5.13615e-07 -1.79469e-07 9.15087e-06 -2.02484e-05 -0.000357768 3.28083e-05 -4.13597e-06 0.000792398 8.63892e-06 -0.000198924 -1.60743e-06 -0.000200977 6.99765e-06 -0.00042922 
-2.5901e-05 0.0010217 0.00259337 8.95378e-05 -0.00438304 -0.000108575 -6.53658e-06 0.0111742 -0.00531667 -0.00499101 5.22593e-05 0.00562565 6.83867e-05 -2.0066e-05 0.000876367 0.0043787 -0.0011659 0.000138198 -0.00341226 -1.29517e-05 7.30216e-05 -0.00607915 3.43464e-06 -0.000615615 6.88624e-05 -1.33667e-06 -0.000952589 -0.000203455 0.00476401 -0.00103705 -3.88763e-06 -1.73057e-05 -0.000180005 -0.00525063 0.00198959 -0.00267346 -0.000197635 3.91233e-05 0.00610035 -6.20373e-07 0.000216222 0.00115802 0.00635795 -0.00325572 0.00338913 -3.25411e-05 -7.2493e-05 -5.6864e-06 -2.60143e-05 -4.99546e-05 0.000283805 -0.000241412 -1.51625e-05 0.000316277 -0.0060499 -5.93272e-05 -0.00122902 0.000135306 -1.32031e-05 9.12781e-07 -0.00112115 -0.00597328 -0.00142958 -0.000257392 7.85174e-05 -0.000263493 -1.37808e-06 -1.81518e-06 0.00097472 0.00287384 -8.9864e-07 -4.51626e-05 -0.00185303 -0.000136464 -0.00069579 -0.00100638 0.0021042 -0.00046228 -0.0009149 -5.95768e-07 0.000140537 -0.00440338 -0.00127789 0.000951529 -7.71469e-05 -0.00556866 -8.45483e-06 -1.86837e-06 -2.97681e-05 -0.000227281 0.00161889 -3.67305e-05 2.08704e-05 6.04354e-05 -2.36992e-07 0.00629397 -2.23961e-06 0.00538329 -3.04317e-05 0.00211852 
0.000566808 -0.00702731 0.0747705 -0.00145134 0.0906329 -0.0122214 -0.000443257 -0.00531667 0.249374 0.108115 -0.00960506 -0.026352 0.000870949 -0.00175976 -0.0276298 -0.0668818 -0.01761 -0.000108516 -0.0184004 -0.00128049 0.00805657 0.0957601 -9.57571e-05 -0.0235394 -0.00050518 -5.43349e-05 0.0294635 -0.0265404 -0.132077 0.0254968 -8.80959e-05 -0.00139927 0.00383235 0.151479 -0.000348282 0.0204037 0.00170533 -0.00654471 -0.00962738 -5.71953e-05 -0.000613673 -0.0200493 -0.114032 0.0573796 -0.0482585 -0.0001731 -0.0010112 -0.000143901 -0.000787214 -0.00202423 -0.0226484 -0.0145259 -0.00134222 -0.00789927 0.127212 -0.0853355 -0.0857659 -0.0069793 -0.000716699 -1.11862e-05 -0.0590096 0.122413 -0.0250186 -0.00515019 -0.00181273 0.0247112 -6.50595e-05 1.74596e-05 -0.0419354 -0.0580264 -0.000105573 -0.000681916 -0.0558591 0.000505436 -0.034296 -0.00984613 -0.0375056 -0.049103 -0.0324924 -1.44996e-05 -0.00266438 0.125726 0.0250305 -0.0383089 -0.00303137 0.116959 -0.000409342 -6.72239e-05 0.000344215 -0.00357334 -0.0921245 -0.0021052 -0.00151162 -0.00145943 -5.06246e-05 -0.0655415 -0.00118335 -0.0543391 0.000285706 0.0254631 
0.000614895 -0.0108557 0.0687477 -0.00220956 0.120835 -0.00412017 -0.000271195 -0.00499101 0.108115 0.248055 -0.00898822 -0.0261744 0.00251934 -0.000609691 -0.0210243 -0.148546 0.0107335 -0.000114854 -0.113645 0.000270332 0.00537881 0.158573 -0.000102117 -0.00709764 -0.000495217 -6.53767e-05 -0.0332608 -0.0250767 -0.195603 0.0345823 0.000322935 -0.000448116 0.000726457 0.150429 -0.00229984 0.0666963 -0.00845926 -0.00370165 -0.018358 -3.84436e-05 -0.00973336 -0.00495582 -0.113684 0.0958099 -0.0343065 0.000588202 -0.00549791 -1.94244e-05 -0.00122641 0.00177738 -0.0202315 -0.00767547 -0.000729614 -0.015894 0.177129 -0.115426 -0.0906291 -0.00183718 0.000472273 -9.46021e-06 -0.0139611 0.140247 -0.0122312 -0.0100343 -0.00521848 -0.00123258 -6.70247e-05 5.10461e-05 -0.0440035 -0.0530425 2.99215e-05 -0.000832242 -0.0849523 0.00135447 -0.0400957 -0.0254773 0.0153847 -0.133622 -0.0264757 -2.25898e-05 -0.00315109 0.173268 0.0558228 -0.0883393 -0.00266154 0.161123 -0.00035095 3.97475e-05 0.0012949 0.00511487 -0.126671 -0.00141945 -0.00134011 -0.000534999 -3.88031e-06 -0.0685435 -0.00106493 -0.127632 0.000470026 0.124817 
-2.48818e-05 0.00045577 -0.00684808 0.0021589 -0.00993186 -0.000518198 -2.4791e-05 5.22593e-05 -0.00960506 -0.00898822 0.0205699 0.00120218 -0.000206647 -7.36897e-05 -0.00266681 0.00316473 -0.00149465 -6.40581e-06 0.00692848 1.79243e-05 -0.00162036 -0.0106453 1.30156e-06 -0.000344765 4.16599e-05 1.84086e-06 -0.000982144 0.00815152 0.00824916 0.00043225 -1.67314e-05 -7.37808e-05 0.00015258 -0.00967033 3.0065e-06 -0.00596179 9.12059e-05 0.00145886 0.000973981 -1.59823e-06 0.000505226 0.00453241 0.0130761 0.00237178 0.00188195 4.61491e-05 0.000483796 4.82779e-05 -5.05109e-05 -5.71862e-05 0.00145959 -7.77877e-05 -1.24574e-05 0.00135113 -0.011063 0.0116979 0.00675833 0.00344046 -3.35071e-05 -1.0824e-07 -0.00218478 -0.0109721 -0.00352852 0.00336869 2.04449e-05 -0.00113288 -3.60511e-06 1.6076e-06 0.000661695 -9.80732e-05 -6.74752e-07 -0.000109324 0.00611037 -0.000256833 -1.54136e-05 0.0109675 -0.00114415 0.00289396 -0.000790372 3.82614e-06 -0.000142637 -0.0086493 -0.00259516 0.00262012 -0.000129316 -0.0115507 1.86503e-06 1.36999e-05 -4.95936e-05 0.000750753 -0.000232548 0.000189769 0.000323574 0.000380336 1.10015e-05 -0.00151833 -1.61459e-05 0.00440324 -3.49566e-05 -0.00832709 
-0.000139819 0.00613357 -0.00387938 -0.00131506 -0.0229208 8.56485e-05 0.000233879 0.00562565 -0.026352 -0.0261744 0.00120218 0.0568294 -0.000607421 0.000762485 -0.00336138 0.0224391 -0.00441854 1.22087e-05 0.0057202 4.66334e-05 0.000877799 -0.0260677 9.04987e-06 0.00265631 -1.67039e-05 -7.49502e-06 0.00456515 -0.00111737 0.026388 -0.004266 -4.99381e-05 8.41956e-05 -0.00120951 -0.0260131 0.00224519 -0.0126869 0.00119564 -0.000732546 0.0124021 -7.17659e-07 -0.000230373 0.00153323 0.0316678 -0.0176195 0.00848765 -0.000144779 -0.000468554 -7.7662e-07 0.000352549 -0.00017492 0.00399807 0.00122192 -0.000109455 -0.00228291 -0.0296881 0.0136702 -0.00453712 0.000233813 -6.68864e-05 2.23181e-06 -0.00327312 -0.0344384 -0.00872358 0.00564372 0.000890087 -0.00287238 -9.8574e-06 -3.64686e-06 -0.00362689 0.0291628 -8.87874e-06 0.000477224 0.0115395 -0.000440516 0.00167338 -0.00016314 0.0012317 0.0173766 -0.00315195 6.59573e-06 9.97272e-05 -0.0249034 -0.00715255 0.0154355 -0.000114491 -0.0274611 -4.51517e-05 -4.29951e-06 -0.000162854 -0.00110509 0.017921 0.000540409 -0.000119871 0.000574799 -1.84164e-06 0.00508415 -3.98792e-05 0.0254325 -0.000122886 -0.00916551 
5.31617e-05 -0.00025178 0.000683248 -0.000216296 0.00364083 -8.76875e-06 1.2189e-05 6.83867e-05 0.000870949 0.00251934 -0.000206647 -0.000607421 0.0109109 -4.29086e-05 0.000874657 -0.00111436 -0.000405129 0.0001056 -0.0044158 2.88302e-06 -8.70124e-05 0.00195222 -9.75717e-07 -0.000375735 5.41509e-05 2.91521e-06 -0.00496547 -0.000378056 -0.00112457 0.000434581 2.60358e-05 0.000204651 -0.000130039 0.000862951 3.11088e-05 0.00454303 -0.000220046 0.000298551 -0.000400971 -1.2915e-06 -0.00024567 4.1488e-05 -0.00151146 -0.00154048 0.000119737 7.16969e-06 -0.000118991 -7.47072e-06 -1.98587e-05 0.000121077 6.36233e-05 -0.000189922 0.000358893 0.000237916 0.000271156 -0.00220544 -0.00199418 0.000250661 6.78909e-05 -2.00532e-07 0.000674692 0.00247262 -0.00115668 -0.000203239 0.000127942 -0.000525457 5.09e-07 7.43021e-07 -0.000313442 -0.00114004 -2.07383e-06 -1.95284e-05 -0.0018326 -5.53396e-05 -0.000776276 -0.00153677 8.35614e-05 -0.00155822 -0.000703164 1.20861e-05 1.79673e-05 0.00147649 -0.00108187 -0.00192543 -7.40206e-05 0.0029705 3.88649e-06 -1.5305e-06 0.000240158 0.000568299 -0.00288741 -7.36324e-06 -6.85852e-06 -2.41569e-05 1.35512e-07 -0.00130265 -2.2035e-05 -0.00211738 1.18931e-05 0.00370711 
-1.06424e-05 0.000364733 -0.0011397 5.1616e-05 0.000712667 0.00043985 0.000668214 -2.0066e-05 -0.00175976 -0.000609691 -7.36897e-05 0.000762485 -4.29086e-05 0.00413068 -0.0015759 -0.00136002 0.000586058 1.22805e-05 -0.00164692 0.000138965 -0.000145049 0.000577795 -1.22971e-07 0.000539739 1.36416e-05 -1.24706e-07 -0.00136069 -8.73662e-05 -0.000220866 -0.000198849 1.98424e-06 0.000255226 -3.08141e-05 -0.0016571 0.000126353 0.00144758 -7.96866e-05 1.51042e-05 0.000125977 1.72122e-05 -8.95983e-05 0.0019624 -0.000768889 -0.00112363 0.000632006 7.15982e-05 -5.38857e-05 6.01308e-06 -2.72687e-06 0.000278883 -0.000132434 0.00145525 -7.13687e-06 -0.000144123 0.000322073 -0.00102946 -0.000632001 0.000117118 -5.12038e-06 2.1737e-06 0.000741216 -0.00102677 -0.000516528 0.000202301 -2.66741e-05 -0.000181281 8.09163e-07 4.00993e-06 -0.000375608 -0.000112245 2.16615e-06 0.00118359 -0.000168566 0.00099634 4.58358e-05 7.36978e-06 0.00257115 -0.000563378 -0.000366452 -5.92996e-07 0.000240196 -0.000632055 -0.000448001 -0.000832069 2.15588e-06 0.000664361 2.2877e-06 1.30076e-05 -3.5553e-06 -2.39359e-05 -0.00114363 9.89915e-05 1.34614e-05 0.00111789 6.30953e-06 -0.000594423 1.3479e-05 -0.000871267 5.36399e-05 7.97635e-05 
-0.000624413 -0.00160745 -0.00293221 0.00076701 -0.0252006 0.00213789 -0.00100481 0.000876367 -0.0276298 -0.0210243 -0.00266681 -0.00336138 0.000874657 -0.0015759 0.107044 0.00849957 0.00378271 5.22799e-05 -0.00172106 6.53562e-05 -0.00107727 -0.0322438 -2.30328e-05 0.00203934 -7.29521e-05 -1.11757e-05 -0.0199063 0.00632417 0.0243004 -0.000488992 -0.000217626 -0.000993097 -0.00305728 -0.0312193 0.000916347 -0.0145537 0.000155033 0.00107369 0.00470014 -1.9645e-06 -0.000185058 0.00489941 0.0123602 -0.00883428 0.00990679 9.53293e-05 -0.000421815 -0.000409502 0.000140054 -0.000571882 0.00249535 0.00254021 6.10398e-05 0.00197565 -0.0317678 0.0185743 0.0147069 0.000116888 0.000176601 -1.34726e-06 0.0101396 -0.0255154 -0.00652884 -0.00517737 0.000988883 0.00449533 8.22992e-06 -3.37621e-05 0.00381458 0.00774527 -3.9293e-05 -0.00350994 0.00449974 -0.00336491 0.000488326 -0.00527894 0.00548723 0.0127365 0.00104201 -4.30888e-05 -0.00127031 -0.0119304 -0.0122922 0.00154533 -7.3281e-05 -0.0288107 6.05139e-05 -1.19476e-05 0.000169051 0.00146348 0.0249689 -0.000559911 -0.000967887 -0.00104174 -1.74048e-05 0.0178813 0.000156708 0.00495744 -0.00130589 0.00887428 
-0.000916923 0.00706862 -0.0121924 -0.00774457 -0.0811816 -0.00719391 -0.000359645 0.0043787 -0.0668818 -0.148546 0.00316473 0.0224391 -0.00111436 -0.00136002 0.00849957 0.237094 -0.00604159 0.000139515 0.0706741 -0.000968925 0.000990758 -0.107084 7.92372e-05 -0.0147188 -6.87388e-05 -3.67806e-05 0.0644677 0.0162342 0.143944 -0.0370578 -9.88359e-05 0.000680776 -0.00349672 -0.110462 0.00283468 -0.0502276 0.00937337 -0.00439802 0.0122228 -4.89289e-05 0.00801912 -0.0124586 0.0559128 -0.115288 -0.00982901 -0.00100525 0.00285874 -0.000167533 0.000291129 -0.00185566 -0.000295283 -0.00969648 0.000339538 0.00100242 -0.13835 0.10052 0.0401491 -0.00340872 -0.000512402 -1.22826e-06 -0.0126651 -0.0866014 -0.0155195 0.00433645 0.00647215 0.0018755 -1.51234e-06 -4.96328e-05 0.0477537 0.0382407 -9.59015e-05 -0.000302063 0.0366113 -0.00304556 0.0358292 0.00711548 -0.0367334 0.122816 -0.000811952 3.19298e-05 0.00337787 -0.124536 -0.0411086 0.0948694 0.000352509 -0.12287 -0.000278698 -4.72561e-05 -0.000931667 -0.00945861 0.0912865 0.000761806 -0.000700194 -0.00103656 -3.35844e-05 0.0356151 0.00137301 0.15003 0.000145109 -0.0803757 
0.000374375 0.000401821 -0.0258302 -0.000780308 0.000408634 -0.00229511 0.00030086 -0.0011659 -0.01761 0.0107335 -0.00149465 -0.00441854 -0.000405129 0.000586058 0.00378271 -0.00604159 0.0958581 0.000268946 -0.00802275 0.00014505 -0.00505083 0.00777205 6.14822e-05 0.00965275 3.86887e-05 3.21382e-05 -0.0271319 0.0100454 -0.0160251 0.00984524 0.000315544 0.00164712 0.00260474 -0.00622658 0.000146134 0.0065504 -0.00171385 0.000702161 -0.00283653 8.02438e-06 -0.00191052 0.00570751 -0.0146213 -0.00509236 -0.00945862 0.000729578 -0.00109128 -4.96446e-05 -0.000191274 0.00162877 -0.000867428 -0.00129172 0.00096084 0.00479531 0.00198244 -0.00263001 -0.00109352 0.00212117 0.00062892 1.10875e-05 0.00526659 0.0209603 -0.00858334 -0.000721576 -0.000571574 -5.59271e-05 -1.22712e-05 6.13783e-05 0.00730254 -0.0106087 1.36704e-06 0.00111582 -0.00867204 -0.00015536 0.0158513 0.00288334 0.0139983 -0.0130151 5.56452e-05 7.05704e-06 0.00160943 0.00945576 -0.00947128 -0.0206832 -0.000583704 -0.00433701 0.000492932 4.97202e-05 0.00166051 0.00315945 -0.0125606 0.000576 -0.000324365 0.00106258 1.72859e-05 -0.00977901 0.000895135 -0.00650374 0.00030876 0.00434679 
2.83567e-05 -4.91353e-06 0.00012641 2.10963e-05 -0.000383739 -1.01916e-05 1.35493e-05 0.000138198 -0.000108516 -0.000114854 -6.40581e-06 1.22087e-05 0.0001056 1.22805e-05 5.22799e-05 0.000139515 0.000268946 0.000948066 -0.000190279 4.3753e-06 -4.9e-05 -0.00030798 3.38816e-06 3.89642e-05 3.29035e-05 5.62502e-07 -0.000465092 0.000357578 3.76852e-05 0.000165106 1.52544e-06 4.36582e-05 -1.49467e-05 -0.000151058 0.000151371 -5.30835e-06 -8.00877e-06 6.17978e-05 0.000188154 1.51293e-06 9.28936e-05 0.000170268 -3.53588e-05 -6.3153e-05 2.1531e-05 3.29119e-06 -7.06828e-06 -2.72484e-07 2.15773e-07 1.38146e-05 6.78243e-06 -1.19931e-05 8.50261e-06 -5.02861e-06 -0.000431528 -0.000126647 -5.13038e-05 3.67501e-05 -2.98003e-07 4.97768e-08 -3.98666e-05 -0.000410125 -9.83797e-05 7.58638e-05 7.36285e-05 0.000317491 1.37348e-07 5.55148e-07 -6.4984e-05 -4.01059e-05 -2.1178e-07 9.54256e-06 -0.000170284 -1.06302e-05 -2.2396e-05 -1.76798e-05 0.000170805 -0.00012373 -5.19829e-05 1.57666e-07 2.88536e-05 0.000187158 -5.4572e-05 -0.00018269 -4.67252e-06 -0.000489412 7.15865e-06 2.56456e-07 1.4953e-06 2.13577e-05 -0.000250703 2.2347e-05 1.40414e-06 9.01048e-05 2.68883e-06 3.28309e-05 -4.16171e-09 0.000272913 6.35397e-06 -4.69177e-05 
-3.46463e-05 0.00981894 -0.108939 0.0036863 -0.119382 -0.0149739 -0.000662918 -0.00341226 -0.0184004 -0.113645 0.00692848 0.0057202 -0.0044158 -0.00164692 -0.00172106 0.0706741 -0.00802275 -0.000190279 0.242589 -0.00177107 -0.00713609 -0.155574 8.1176e-05 0.00870509 0.000263967 4.6028e-05 0.0602179 0.0199798 0.0988082 0.021967 -0.000376329 -0.00161067 0.00194398 -0.0742373 -0.00177444 -0.127048 0.00794162 0.00397673 -0.00569208 -5.37661e-05 0.00820533 -0.0103819 0.0829701 -0.00157852 -0.00472269 -0.000388756 0.00500382 -4.91716e-05 0.00105873 -0.00230991 0.0174943 -0.010488 -0.000973478 0.0168461 -0.11509 0.105991 0.0884638 0.0016507 -0.00076953 -1.45273e-07 -0.0430382 -0.0832436 -0.000818387 0.00890638 0.00357699 0.0150141 3.96192e-05 -1.71798e-05 0.0300226 0.035998 -0.000104517 -0.000762046 0.0738222 -0.0048193 0.0368011 0.0359587 -0.0676553 0.115382 0.0119259 1.2812e-06 0.00130397 -0.0959095 -0.0356915 0.0654229 0.00152494 -0.116712 0.000325314 -7.04812e-05 -0.000548298 0.00292006 0.0971991 -0.000170956 0.00133007 -0.00160771 -1.09285e-05 0.0321259 0.000869842 0.0797839 -0.00145777 -0.171176 
-5.65306e-06 -6.9945e-05 -0.000474018 -4.14472e-05 0.000862176 8.15323e-05 7.888e-06 -1.29517e-05 -0.00128049 0.000270332 1.79243e-05 4.66334e-05 2.88302e-06 0.000138965 6.53562e-05 -0.000968925 0.00014505 4.3753e-06 -0.00177107 0.00323653 2.86229e-05 0.00122393 -4.72392e-07 6.9647e-05 1.1592e-05 -5.04693e-07 -0.00199876 -0.000130383 4.70037e-05 -3.91851e-05 6.14171e-06 7.09282e-08 -2.29894e-05 -0.000533623 5.71937e-06 0.00154818 -6.75273e-05 1.33713e-05 -4.28399e-05 1.55245e-05 -7.26115e-05 0.000742256 -0.000598399 -0.000859729 0.00127984 4.03456e-05 -3.77752e-05 2.93178e-06 -7.16975e-06 0.000107048 -0.000137717 0.00147792 4.50955e-06 -0.000136748 0.000234588 -0.000859197 -0.000744612 3.11136e-05 1.53601e-05 7.26063e-07 0.00177134 -0.000916917 -4.79461e-05 -6.48704e-05 -4.42327e-05 -0.000168926 1.11221e-06 3.32233e-07 -0.000289295 -0.000282017 8.55152e-07 5.43179e-06 -0.000592134 1.75224e-05 -0.000281675 -0.000444883 0.00187583 -0.00110785 -0.000288804 -7.75462e-08 -1.93301e-05 0.000256688 -5.34003e-05 -0.000661238 -1.3453e-05 0.000943272 -1.48444e-06 2.32655e-06 7.36203e-06 -9.79511e-06 -0.000891958 -1.4991e-06 -9.7244e-06 4.40484e-05 1.40155e-06 -0.000365975 -4.23659e-06 -0.000818479 -5.23291e-06 0.00158657 
-0.000122242 3.97417e-05 0.00598345 -0.00171873 0.010251 0.000403485 -9.89299e-05 7.30216e-05 0.00805657 0.00537881 -0.00162036 0.000877799 -8.70124e-05 -0.000145049 -0.00107727 0.000990758 -0.00505083 -4.9e-05 -0.00713609 2.86229e-05 0.0191824 0.00975356 -5.89497e-05 -0.00354449 -0.000124291 -7.60057e-05 0.00802945 -0.0113822 -0.00123724 -0.00657992 -5.0556e-05 -8.63384e-05 -0.00155073 0.00768032 -0.000560148 0.00560573 -0.000567795 -0.00591211 -0.00214259 -1.00196e-05 -0.000389482 -0.00678398 -0.00603321 -0.00557106 -0.00278285 -1.80442e-05 -0.00087263 -1.36793e-05 4.07464e-05 -2.61684e-05 -0.00323487 0.000270591 -4.08358e-05 -0.00889687 0.00945812 -0.00874706 -0.0056852 -0.00648422 -1.54497e-05 -5.03433e-06 0.00050346 0.00751641 0.000219879 -0.000855445 -0.000766439 -0.000930404 -1.69768e-05 -2.15076e-05 -0.00236194 -0.0022057 -7.13897e-06 -0.000147981 -0.00190841 0.000195324 -0.00480376 -0.0032058 0.000989986 0.00294357 -0.000487466 -1.16362e-05 -0.000762697 0.00619327 0.00228036 0.00233143 -0.000244864 0.0103976 -0.000741514 -1.05823e-05 -3.3432e-05 -0.00499549 -0.0011418 5.44506e-05 -0.000205533 5.99805e-06 -7.12093e-05 -0.00078923 -0.000397171 0.000722163 -0.000157771 0.00741332 
0.000363651 -0.0159512 0.074944 -0.00622324 0.176996 0.0106339 0.000412564 -0.00607915 0.0957601 0.158573 -0.0106453 -0.0260677 0.00195222 0.000577795 -0.0322438 -0.107084 0.00777205 -0.00030798 -0.155574 0.00122393 0.00975356 0.247216 -0.000110014 -0.0202794 -0.000457638 -6.82992e-05 -0.0328055 -0.0325397 -0.155175 0.0052908 9.42113e-05 0.0010929 0.000468366 0.139751 -0.00381695 0.121718 -0.0106963 -0.00730606 -0.0163835 1.78999e-05 -0.0113148 -0.00292176 -0.129991 0.0508613 -0.022806 0.000282845 -0.00634715 -5.04808e-05 -0.00146753 0.00194262 -0.024249 0.00465099 0.000436666 -0.01596 0.194643 -0.144975 -0.109964 -0.00621274 0.000347729 -8.84807e-06 0.0251638 0.151157 -0.00792088 -0.0126073 -0.00635958 -0.0188965 -8.58461e-05 -5.51235e-06 -0.0432881 -0.0657443 4.63045e-05 0.00163549 -0.0794023 0.00538498 -0.0413453 -0.0446928 0.0401349 -0.137813 -0.0154299 -5.79714e-05 -0.00194135 0.124189 0.0382039 -0.0938424 -0.00230674 0.19033 -0.000459654 6.29438e-06 -0.000716294 -0.0051527 -0.144291 -0.000435891 -0.00152894 5.11057e-05 -4.18644e-05 -0.0699929 -0.0011558 -0.118998 0.000612707 0.145903 
-4.8365e-07 9.39979e-06 -6.62219e-05 -3.43831e-07 -0.000122468 -5.71149e-06 2.68437e-06 3.43464e-06 -9.57571e-05 -0.000102117 1.30156e-06 9.04987e-06 -9.75717e-07 -1.22971e-07 -2.30328e-05 7.92372e-05 6.14822e-05 3.38816e-06 8.1176e-05 -4.72392e-07 -5.89497e-05 -0.000110014 0.000233712 5.40601e-06 8.06385e-06 -3.63344e-08 5.77692e-06 4.5248e-05 9.2129e-05 -1.33583e-05 1.54143e-06 1.25483e-06 -1.24137e-06 -0.000106538 9.04623e-07 -5.85788e-05 1.69496e-05 1.11821e-05 -4.1896e-06 5.71531e-08 8.96542e-07 -5.99649e-06 5.96139e-05 -6.45694e-05 4.71318e-06 -6.59502e-07 1.20724e-05 2.07265e-06 4.38491e-06 1.09858e-06 3.12685e-05 6.45406e-07 2.0576e-06 8.83472e-05 -0.000119633 0.000116367 4.98984e-06 2.44386e-07 2.21571e-07 2.7753e-07 -2.84315e-05 -6.69976e-05 -3.48216e-05 6.20363e-06 9.21869e-06 -4.52766e-06 4.13364e-07 9.31952e-07 2.68106e-05 5.73463e-05 -6.2023e-08 7.06359e-06 -8.58408e-06 -1.91946e-06 0.000107309 -1.34414e-05 -2.8156e-05 -4.14602e-06 4.22116e-06 4.69913e-07 1.75945e-05 -9.31129e-05 -2.8575e-05 1.37714e-05 -8.44792e-07 -0.000125255 1.27351e-05 1.24689e-07 -6.14003e-07 -3.10374e-06 8.69292e-05 2.5499e-06 1.09985e-05 3.38062e-07 8.98461e-07 -1.73991e-05 1.04819e-06 0.000137408 -7.08857e-07 -8.48628e-05 
6.03436e-05 0.0127018 -0.0228135 -0.000447377 -0.0231356 -0.00149755 -4.96346e-05 -0.000615615 -0.0235394 -0.00709764 -0.000344765 0.00265631 -0.000375735 0.000539739 0.00203934 -0.0147188 0.00965275 3.89642e-05 0.00870509 6.9647e-05 -0.00354449 -0.0202794 5.40601e-06 0.0624182 -1.78252e-05 5.94028e-05 -0.0175961 0.0034888 0.0144102 4.01444e-05 0.000141646 -7.97171e-05 6.52804e-05 -0.0142406 -5.94444e-05 -0.010822 -0.00104439 -0.000488312 -0.000635432 3.33898e-05 -0.00118799 0.00090244 0.0106289 -0.00501387 0.0030523 0.000444134 -0.000753644 0.00013272 -0.000161756 -0.00019501 -0.000663702 0.00137132 -0.000134822 0.00176824 -0.0215734 -0.00910014 0.0163553 -0.000347058 -3.87163e-05 1.00283e-06 0.0120601 -0.0163837 0.0176514 0.00823339 -0.000834891 -0.00297077 6.84482e-05 2.77847e-05 -8.54858e-05 0.00411187 4.21198e-06 3.41927e-05 0.0258394 -0.000787424 0.00795381 0.0064577 0.00733712 0.00433365 0.00978517 -8.34989e-06 0.000321231 -0.0039086 -0.00774733 -0.0133897 0.000984121 -0.0184155 0.000185474 8.7145e-05 0.0011681 0.000151136 0.00597646 0.000301068 -0.000126026 0.00090928 -2.88774e-06 0.0153688 -0.000131846 -0.0110429 -1.02923e-05 -0.00267487 
-2.1583e-06 2.87461e-05 -0.000267516 -3.76208e-06 -0.000522172 -6.14101e-06 -9.193e-07 6.88624e-05 -0.00050518 -0.000495217 4.16599e-05 -1.67039e-05 5.41509e-05 1.36416e-05 -7.29521e-05 -6.87388e-05 3.86887e-05 3.29035e-05 0.000263967 1.1592e-05 -0.000124291 -0.000457638 8.06385e-06 -1.78252e-05 0.00109456 3.64302e-06 -0.000587035 0.000159739 0.000514354 -8.74424e-05 1.29858e-06 -3.0454e-06 -1.34665e-05 -0.000484651 7.08164e-06 -0.000254265 -2.00668e-06 4.05107e-06 -4.64721e-05 1.45812e-06 -2.02974e-05 0.00012856 0.000549487 -8.68381e-05 0.000613402 -2.14302e-06 -3.05201e-06 3.14523e-07 1.41743e-05 -5.69988e-06 0.000689124 0.000619937 -6.19927e-07 0.000490566 -0.000492185 0.000218187 5.69966e-05 4.23169e-06 1.06022e-05 7.94663e-08 6.10595e-05 -0.000635376 -0.000116902 4.79388e-05 -3.57126e-06 -1.42771e-05 7.54729e-07 -1.59597e-07 -2.44066e-05 -2.56509e-05 -1.4406e-07 7.12716e-06 -0.000164602 1.2049e-05 0.000557465 -3.58709e-07 -4.65702e-05 0.00025384 -8.40696e-05 8.1668e-07 -1.35418e-06 -0.000387293 -0.000132048 -0.000150071 3.0246e-05 -0.000389372 1.3829e-06 1.45219e-06 -1.95996e-06 6.24468e-06 9.51169e-05 8.83213e-06 0.000239021 3.57309e-06 -7.22107e-08 -0.000147758 1.96429e-06 0.000184921 -4.89991e-07 -0.000280988 
5.79094e-06 -1.67884e-06 -5.28641e-05 -1.4279e-06 -6.4874e-05 -3.78039e-06 3.57345e-06 -1.33667e-06 -5.43349e-05 -6.53767e-05 1.84086e-06 -7.49502e-06 2.91521e-06 -1.24706e-07 -1.11757e-05 -3.67806e-05 3.21382e-05 5.62502e-07 4.6028e-05 -5.04693e-07 -7.60057e-05 -6.82992e-05 -3.63344e-08 5.94028e-05 3.64302e-06 0.000155406 -2.74986e-05 4.87558e-05 2.83304e-05 -9.58644e-06 2.44802e-06 3.9905e-06 -2.77519e-06 -5.55872e-05 5.49829e-07 -3.09665e-05 -2.55253e-06 -1.00303e-06 -4.15123e-06 3.37277e-08 -2.68541e-07 3.74773e-05 4.54638e-05 6.70047e-05 2.54089e-05 4.3071e-06 5.70034e-06 -1.09053e-07 1.73372e-07 3.64345e-06 5.45199e-06 6.11111e-07 8.37731e-06 1.7291e-05 -6.14509e-05 5.77517e-06 3.27869e-05 3.12306e-06 -1.41562e-07 1.02808e-07 1.00925e-05 -2.69205e-05 5.16393e-05 5.04217e-06 -2.61687e-07 -9.2002e-06 -3.10083e-08 4.33603e-07 -1.11935e-05 -3.38568e-06 1.72095e-07 1.19758e-05 6.54361e-05 -1.5045e-06 4.33519e-05 -9.9105e-06 -1.16979e-05 -4.93363e-05 7.02554e-05 2.54111e-06 6.98726e-06 -5.98542e-05 -9.10744e-06 -2.66922e-05 1.16043e-05 -7.59038e-05 6.29039e-06 -2.56947e-08 2.37737e-06 -2.07426e-06 4.163e-05 4.56246e-07 4.68191e-07 5.1052e-07 -1.87537e-08 4.62213e-05 1.53758e-06 -3.8083e-05 1.38874e-06 -6.11319e-05 
-0.00075596 0.00470321 0.00942036 -0.00381981 -0.0213232 -0.0189922 -0.00014504 -0.000952589 0.0294635 -0.0332608 -0.000982144 0.00456515 -0.00496547 -0.00136069 -0.0199063 0.0644677 -0.0271319 -0.000465092 0.0602179 -0.00199876 0.00802945 -0.0328055 5.77692e-06 -0.0175961 -0.000587035 -2.74986e-05 0.165268 -0.00740529 0.0185643 -0.0167489 -0.000254937 -0.000923902 0.000489883 0.00796546 -0.000267585 -0.0447516 0.00341559 -0.00930919 -0.0044236 -0.000101861 0.00356656 -0.0283674 0.00176515 -0.00658786 -0.0458813 -0.00115373 0.00231032 2.6205e-05 0.000261853 -0.00279772 -0.00646946 -0.0190964 -0.000854493 -0.00984695 -0.0184975 0.0271317 0.0132679 -0.00817572 -0.000647674 1.84259e-06 -0.0565486 0.0165615 -0.00115051 0.000839483 0.00175589 0.00222419 -9.32818e-05 -4.62324e-05 0.016386 0.00121528 -0.000100038 0.00040238 0.0147526 -4.92773e-05 0.00853803 0.0171632 -0.0699365 0.0480509 0.0101906 9.79692e-06 0.00111312 -0.0425471 0.0077068 0.0409271 -0.000132598 -0.0304196 -0.000608529 -9.44172e-05 -0.00192531 -0.0076741 0.0323257 -0.00037209 -0.00123019 -0.000968955 -7.42032e-05 0.00596143 0.000453678 0.0546376 8.42233e-05 -0.0725972 
0.00011235 0.000953841 -0.020357 0.0017965 -0.0322671 -0.00169822 -8.71672e-05 -0.000203455 -0.0265404 -0.0250767 0.00815152 -0.00111737 -0.000378056 -8.73662e-05 0.00632417 0.0162342 0.0100454 0.000357578 0.0199798 -0.000130383 -0.0113822 -0.0325397 4.5248e-05 0.0034888 0.000159739 4.87558e-05 -0.00740529 0.0634961 0.0243184 0.00192446 5.56844e-05 -9.14743e-05 0.000739073 -0.0318816 0.000703032 -0.0179812 0.00187609 0.00696931 0.00607937 6.4958e-06 0.00217845 0.017169 0.0181999 0.00599656 0.00338213 0.000105677 0.00187059 -3.97712e-05 6.07299e-05 -0.00024365 0.00476483 -0.000832562 0.000229159 0.00585548 -0.0361136 0.0222731 0.0124836 0.00907475 -9.65769e-05 1.09856e-06 -0.00816808 -0.0308541 -0.000826672 0.00184757 0.000516781 0.00278104 -1.1804e-06 -3.38696e-06 0.000431656 0.00479772 -9.21531e-06 -0.000341996 0.0168879 -0.000830963 0.0097933 0.00835625 -0.00354025 0.00798931 0.00752504 1.07853e-05 4.54983e-05 -0.0211711 -0.00855526 0.00133868 -0.000481434 -0.0378739 0.000563202 1.2689e-05 -9.50159e-05 0.00437413 0.0196066 0.00126877 -0.000181822 0.000954442 5.46819e-05 0.00230088 0.000174721 0.0147408 3.63491e-05 -0.0244345 
-0.00105576 0.0113534 -0.0791566 0.00055681 -0.124201 0.0081682 -0.000484749 0.00476401 -0.132077 -0.195603 0.00824916 0.026388 -0.00112457 -0.000220866 0.0243004 0.143944 -0.0160251 3.76852e-05 0.0988082 4.70037e-05 -0.00123724 -0.155175 9.2129e-05 0.0144102 0.000514354 2.83304e-05 0.0185643 0.0243184 0.249785 -0.0441528 -0.000403223 0.000214406 -0.00377015 -0.171294 0.00135696 -0.0705257 0.00954796 0.000324859 0.0176668 5.37447e-07 0.00836653 0.00630742 0.12057 -0.110999 0.0465432 -0.000556878 0.00510742 0.000101637 0.00119767 -0.00185715 0.0195806 0.0122318 -0.000244158 0.00982432 -0.188456 0.113833 0.0901299 -0.000803564 -0.000491364 -7.286e-06 0.0284204 -0.159491 0.0105064 0.0100576 0.0050077 -0.00757693 8.11986e-05 -7.81975e-05 0.0465728 0.0582554 -4.23642e-05 -0.000590284 0.0784618 -0.00533739 0.0395135 0.0157888 0.00113344 0.141097 0.0205756 1.89134e-05 0.00212788 -0.158636 -0.0609782 0.0890128 0.0025269 -0.160095 -0.000243721 -1.57363e-05 -0.00132896 -0.00873176 0.130796 0.00157059 0.0013199 -3.78047e-05 -3.95959e-05 0.0661164 0.00107228 0.12314 -0.00115329 -0.106107 
0.000941139 -0.00158543 -0.0288912 0.00132252 0.0101076 -0.00247673 -0.000128294 -0.00103705 0.0254968 0.0345823 0.00043225 -0.004266 0.000434581 -0.000198849 -0.000488992 -0.0370578 0.00984524 0.000165106 0.021967 -3.91851e-05 -0.00657992 0.0052908 -1.33583e-05 4.01444e-05 -8.74424e-05 -9.58644e-06 -0.0167489 0.00192446 -0.0441528 0.0919504 0.00018787 -0.000241687 0.00397389 0.02638 0.000246723 -0.0253641 -0.00210647 0.00691678 -0.000991611 -2.7797e-06 -0.00133072 0.0056048 -0.0150234 0.0327649 -0.0045473 9.03877e-05 -0.00113371 -5.12382e-05 -0.000277718 -0.000184371 -0.00119346 -0.0022306 -0.000255335 0.00881297 0.0252304 -0.013286 -0.0154926 0.00619161 0.000428221 5.36272e-08 -0.00460369 0.0209091 -0.0014087 -0.000178935 -0.00113448 0.00850244 -1.38045e-05 4.44142e-05 -0.0094137 -0.00816821 -1.60108e-05 -0.000477832 -0.0154944 -0.000843585 -0.00644053 0.00223368 -0.00929017 -0.030425 -0.00810546 -9.68262e-06 -0.000736117 0.032279 -0.001683 -0.0209257 -0.000508783 0.0243144 0.000464473 -3.11228e-06 0.002015 0.0152205 -0.0280502 -0.000440274 -0.000217699 -0.000262183 6.58626e-05 -0.0159606 -0.000224219 -0.0280195 -7.50555e-05 -0.00677268 
-1.92012e-06 8.84709e-06 5.19431e-05 -8.85631e-06 5.74991e-05 -2.38258e-05 3.20883e-05 -3.88763e-06 -8.80959e-05 0.000322935 -1.67314e-05 -4.99381e-05 2.60358e-05 1.98424e-06 -0.000217626 -9.88359e-05 0.000315544 1.52544e-06 -0.000376329 6.14171e-06 -5.0556e-05 9.42113e-05 1.54143e-06 0.000141646 1.29858e-06 2.44802e-06 -0.000254937 5.56844e-05 -0.000403223 0.00018787 0.000976834 9.49084e-05 1.20158e-05 -8.52701e-05 5.27166e-05 7.1211e-05 -1.65182e-05 3.1283e-05 -2.94076e-05 4.81391e-07 3.4121e-06 0.000110444 -0.000235769 -0.000277011 -7.19552e-05 -1.01008e-06 -1.19174e-05 4.36396e-06 -2.85162e-06 0.000130167 -2.25e-05 -2.53849e-05 5.88109e-05 -2.35886e-05 -2.92448e-05 -0.000196613 -0.000207782 0.000108271 6.6483e-06 -2.4272e-08 -8.89054e-05 0.000226881 0.000201675 -5.19785e-06 1.22475e-06 0.000156129 -1.01736e-07 1.7043e-05 -7.07361e-05 -0.000113108 -1.42761e-07 3.48865e-05 -0.000194316 5.10523e-05 -6.60712e-05 0.000138341 -0.000110108 -0.000284812 2.75423e-05 1.10935e-05 2.41672e-06 -7.54929e-05 4.00907e-05 -7.02361e-05 -7.90162e-07 2.17926e-05 3.51278e-07 1.51117e-05 0.000187528 0.000195311 -0.000253661 3.60837e-05 -1.6893e-06 1.80921e-05 1.60536e-06 -0.00013499 -1.65718e-06 -0.000143236 3.01495e-05 6.16488e-05 
-6.93189e-06 -0.000109502 -0.000162471 -8.72873e-05 0.00147038 0.000193839 0.000375905 -1.73057e-05 -0.00139927 -0.000448116 -7.37808e-05 8.41956e-05 0.000204651 0.000255226 -0.000993097 0.000680776 0.00164712 4.36582e-05 -0.00161067 7.09282e-08 -8.63384e-05 0.0010929 1.25483e-06 -7.97171e-05 -3.0454e-06 3.9905e-06 -0.000923902 -9.14743e-05 0.000214406 -0.000241687 9.49084e-05 0.00414002 0.000121132 -0.00118369 7.38691e-05 0.00153725 -7.02745e-05 -1.34659e-05 -0.000141256 -6.02708e-07 -4.25333e-05 0.000452692 -0.00100519 -0.00142046 -0.000321814 -1.16828e-05 -2.92451e-05 6.04647e-06 -9.33099e-06 0.000767946 -0.000170538 4.04457e-05 0.000380948 -0.000103489 -0.000636461 -0.000545466 -0.000951684 0.000230242 3.79032e-05 1.09014e-06 0.000249264 4.51846e-05 0.000179106 -9.89885e-05 6.63763e-05 -0.00019717 -4.02715e-07 1.34848e-05 0.000297973 -0.000317285 2.84699e-06 0.000491963 -0.000802297 0.000114109 -0.000212965 -0.000327495 0.000567007 -0.000105018 0.000546143 1.23257e-05 0.000695048 -0.000794769 -0.000517541 0.000174122 5.33592e-05 -0.000776485 -3.14681e-06 2.67941e-06 7.69652e-05 -4.69334e-05 -0.000982447 0.000193412 2.8314e-07 0.000250099 7.69173e-06 -0.000469028 4.19262e-05 0.000343786 6.03135e-05 5.42191e-06 
3.6802e-05 0.000131933 -0.00148066 -0.00014373 0.00646433 -0.000467036 -5.0156e-06 -0.000180005 0.00383235 0.000726457 0.00015258 -0.00120951 -0.000130039 -3.08141e-05 -0.00305728 -0.00349672 0.00260474 -1.49467e-05 0.00194398 -2.29894e-05 -0.00155073 0.000468366 -1.24137e-06 6.52804e-05 -1.34665e-05 -2.77519e-06 0.000489883 0.000739073 -0.00377015 0.00397389 1.20158e-05 0.000121132 0.0239435 0.00208886 -0.000150025 0.00525089 -0.000518744 0.00159488 0.00112649 2.84099e-06 -0.000309621 0.000866403 -0.00248489 -0.00237315 -0.000838698 -2.47026e-05 -0.000225874 5.49413e-05 -3.58791e-05 -4.03584e-05 1.50086e-05 -0.000308415 -5.9983e-05 0.00436033 -0.000288156 -0.00158624 -0.00366213 0.00120183 -1.04026e-05 1.12735e-06 -0.00127191 -0.00219053 -0.00424996 0.000150868 -0.000313631 -0.000757172 -3.67693e-06 2.44817e-06 -0.000259284 -0.00239176 3.99412e-06 5.51809e-05 -0.00403393 0.000217047 -0.000555754 0.0148142 0.000246884 0.000710206 -0.00165459 -1.89251e-06 -0.00011393 -0.00535273 -0.00279826 -0.00504093 -0.00015754 -0.000340167 0.000182501 -2.44112e-06 5.71916e-05 0.0012358 -0.00682636 0.000216141 -3.34857e-05 0.000356714 3.51717e-05 -0.00345993 -1.83942e-05 -0.00206179 -6.36049e-05 -0.00810624 
