0.243471 0.0115526 -0.0279761 -0.00526409 0.00772445 -0.0033753 -0.000115845 -0.00714277 0.0308797 -0.00188917 -0.0175855 -0.0420607 0.00174584 -0.123584 0.00944738 0.014616 0.135312 -0.0760997 0.00279034 -0.048274 -0.00515184 -0.0701775 0.0509975 -0.0537969 -0.0266545 0.0150161 -0.00164111 -0.020215 0.00196225 -0.033226 -0.00989756 5.29837e-05 0.00924477 0.0408946 -3.73902e-05 0.0564766 -0.0106553 -0.000378402 -0.0156546 -0.00797481 -0.0013594 0.0266974 0.00297044 0.0394122 -0.042358 -0.0121316 -0.0380556 -0.000135394 -0.0146448 0.00866349 -0.0718839 -0.00853124 -2.18789e-05 0.0099241 0.00148024 -0.0036524 -0.000306044 -0.00643644 0.0396224 -0.00797687 -0.0126543 0.000490558 -0.0123581 -0.0460319 0.0100003 0.00744652 0.0510811 -0.0151357 -0.107949 0.0011987 0.0660504 0.000104135 -0.0102335 0.0117437 -0.00259923 0.0202027 0.0284845 2.89633e-05 -0.00320384 -0.00118189 0.0638655 0.0546816 0.00431524 0.0102832 0.00349514 -0.00765522 -0.0175421 -0.00195184 0.0041746 -0.0451503 -0.014183 -0.00622243 -0.00568731 -0.044969 -0.000566348 0.0429825 0.0139167 0.0256256 -0.00895096 -0.000577596 
0.0115526 0.192434 -0.0547713 0.13257 0.0955873 -0.00254255 -0.00300301 -0.0696664 -0.0440454 -0.0247916 -0.0278399 -0.0665435 -0.0139226 0.0152896 -0.0122317 -0.0527476 0.00988664 0.0898954 0.00631002 -0.0608791 -0.00465664 -0.0622848 -0.0850799 0.0498305 0.0180007 0.00635162 -0.0139287 0.0161101 -0.00284063 0.00685608 -0.0119601 -0.00106799 -0.0139442 0.0637584 -0.00936549 0.0808886 -0.00632825 0.000111361 -0.0432249 -0.000988811 -0.00234524 0.0317816 -0.00889906 0.114211 -0.0610725 -0.0219644 -0.0527314 -0.0108167 0.00122281 -0.0255003 0.0596369 -0.0144494 -2.59056e-05 0.0309851 -0.00368218 -0.00517403 -0.00311764 0.00423422 -0.0811176 -0.11422 -0.00610988 0.000224973 -7.2719e-05 -0.0643539 0.00666456 0.0763053 -0.0339908 -0.0225376 0.0374002 0.000119382 -0.0686723 -0.000188677 -0.0183219 0.126455 -0.0082554 0.0106547 -0.00873904 -0.00137738 0.129008 -0.00223951 -0.0383777 -0.0332387 -0.0548727 -0.0163598 0.00242171 0.100616 -0.0167964 -0.00448797 0.111743 -0.0552002 0.00402724 0.0107815 0.000126462 0.0701229 -0.000187182 -0.0553591 -0.133161 0.0175934 -0.00437579 -0.000722223 
-0.0279761 -0.0547713 0.0772279 -0.0515061 -0.0299823 0.00259635 0.00180083 0.0299961 -0.00466905 0.0192977 0.0294415 0.0592624 -0.00094494 -0.00278654 -0.00150009 -0.00464295 -0.040541 -0.0398577 -0.0018013 0.0632758 0.0032237 0.0597835 0.0112632 -0.0148511 -0.00176817 -0.0038606 0.00069841 -0.00613406 -0.000508151 -0.00556462 -0.0017432 0.000718064 -0.00171257 -0.0625397 -0.00109885 -0.0322426 -0.000386784 6.4405e-05 0.0291595 0.00236578 0.00164472 -0.010666 -0.00182825 -0.0466125 0.0622264 0.0227454 0.052361 -0.00502682 -0.0029917 -0.00328487 -0.0310258 0.00762295 -5.333e-06 -0.0206498 -0.000988611 -0.000752134 0.00240931 -0.00126485 0.00595877 0.0599369 0.0045917 -0.000251461 -0.00252745 0.0653631 -0.00209842 -0.0377606 -0.00864596 0.0267755 -0.0225737 -0.000247081 -0.00179894 -5.40526e-06 0.0126092 -0.0533004 -0.00197289 -0.00232299 -0.00561563 -0.000137554 -0.0606557 0.00304079 -0.0156168 -0.00884606 0.0178543 -0.000891169 -0.000801294 -0.0470912 0.0248328 0.00028158 -0.0534818 0.0578555 -0.00172807 0.00195984 -0.000691944 -0.0266546 -7.90703e-05 -0.00317623 0.0618604 -0.00656711 0.00182494 9.60208e-05 
-0.00526409 0.13257 -0.0515061 0.230845 0.0854215 -0.00214004 -0.00262099 -0.088447 -0.0384086 -0.0255708 -0.0269947 -0.0748871 -0.0136905 0.0423379 -0.00875603 -0.0388089 -0.0104832 0.132471 0.00228254 -0.0735218 -0.000858833 -0.0671876 -0.0777266 -0.00219361 0.00372495 0.0101898 -0.0103537 0.012082 -0.00529661 0.0208907 -0.0144256 -0.00154333 -0.0113524 0.0884072 -0.00841595 0.0763577 -0.00787908 -0.000397535 -0.0386241 -0.00140354 -0.00228699 0.0363737 -0.00840775 0.0929889 -0.0668133 -0.0192553 -0.0613619 -0.00818437 0.00953359 -0.0256233 0.0965267 -0.014196 -1.66632e-05 0.0254274 -0.000856592 -0.00430891 -0.00330247 0.00488629 -0.0688227 -0.105056 -0.0107634 0.000325418 0.00838013 -0.0764929 -0.0103896 0.104244 -0.0679882 -0.0239229 0.0791474 0.000548983 -0.0624418 -0.00015511 -0.0176214 0.108047 -0.00655363 -0.00848797 -0.0111396 -0.000831405 0.140027 -0.00238119 -0.0420093 -0.0440434 -0.0521937 -0.0126084 0.000117757 0.102354 -0.0435863 -0.00485439 0.130386 -0.0670257 -0.0128176 -0.0179726 -0.0070013 0.0777549 -0.000857992 -0.0446625 -0.122327 0.0150517 -0.000789721 -0.000532045 
0.00772445 0.0955873 -0.0299823 0.0854215 0.242386 0.0023714 -0.0018328 -0.0540347 -0.0255307 -0.0170849 -0.0161286 -0.0353756 -0.00917328 0.00926001 -0.00614088 -0.0262403 -0.00458624 0.0569767 -0.00108651 -0.0261402 -0.00170505 -0.0261263 -0.0611009 0.038853 0.00695969 0.00615941 -0.00902125 0.0436104 -0.00532359 -0.0171857 -0.00620246 -0.00125533 -0.00705855 0.00873265 -0.00541672 0.0425653 -0.0048432 0.000269486 -0.0246588 -0.0025534 -0.00110174 0.0126632 -0.00238681 0.0450645 -0.0308822 -0.0122752 -0.0262367 -0.0167132 -0.0127103 -0.0162189 0.0228012 -0.00900953 -9.16344e-06 -0.0121934 -0.000472045 -0.00274181 -0.00197065 0.00805018 -0.0454246 -0.0702808 0.00114783 -2.83118e-06 -0.0108222 -0.0293083 0.0122408 0.0225118 -0.0556629 -0.0118037 0.0105761 -0.000872638 -0.0460783 -0.000126183 -0.00918696 0.10902 -0.00309485 0.00784717 0.00475434 -0.000786851 0.0765284 -0.00135476 -0.0455494 -0.0134951 -0.0323555 -0.009028 0.00468084 0.0273045 0.00485968 -0.00331301 0.0293145 -0.0239492 0.00801469 0.0314513 0.0044379 -0.00445471 0.000474867 -0.0350895 -0.0777015 0.00753266 0.00229164 7.09821e-06 
-0.0033753 -0.00254255 0.00259635 -0.00214004 0.0023714 0.015565 2.93036e-05 0.00154618 -0.000828849 0.00221244 0.00100267 0.0018624 0.000493443 -0.00209845 0.000513389 0.00133979 -0.00617282 -0.000526616 -0.000118004 0.00442416 0.000250307 0.00208698 0.00309919 0.00500155 0.000445048 -0.000543753 -0.000319271 0.00430172 5.92549e-05 -0.00133574 -0.000232405 -6.2346e-05 -7.9395e-05 -0.0101 -0.000188338 -0.00336654 -0.000449027 0.000437783 0.00155829 -0.000296729 -1.73855e-05 -0.000837876 -0.0003424 -0.00700055 0.00117039 0.000457827 -0.000597902 -0.00079581 -0.000507833 -0.000581144 -0.00547955 -0.000285309 1.82645e-06 -0.00326334 6.18262e-05 -0.000141805 0.00104041 0.00681009 0.000698852 0.00217404 0.000132579 -4.31789e-05 -0.000470086 0.000820029 -0.000540065 -0.00547703 0.000542585 0.000268843 -0.00036122 -4.42948e-05 -0.000562776 2.70296e-06 -0.0004113 -0.000790019 -7.66009e-05 -0.000404592 0.000145423 -7.56778e-06 -0.00268165 6.44514e-05 -0.00152012 0.00321533 0.000334278 -0.000317798 0.000720258 -0.00743911 0.000887934 -7.23649e-05 -0.0086298 0.00030818 0.00132883 0.00645487 -0.000116992 -0.00221683 0.000160078 6.91855e-05 0.00233259 0.00167064 0.00366854 7.12621e-05 
-0.000115845 -0.00300301 0.00180083 -0.00262099 -0.0018328 2.93036e-05 0.00445396 1.61333e-05 0.000380645 0.00168487 0.000792118 0.00219254 -2.67425e-05 -0.00143462 5.19627e-06 0.000329877 -0.000359258 -0.00222725 -8.35939e-05 0.00151116 0.000252362 0.00127772 0.00175709 -0.00107525 -0.000436272 -0.000207347 0.000579928 -0.000405973 6.82846e-05 -0.0003242 -0.000103127 2.03767e-06 -1.87458e-05 -0.00133042 0.000166287 -0.00145493 4.30876e-05 2.14744e-06 0.000147107 0.00031456 0.000136728 -0.000572924 6.28583e-05 -0.00232379 0.00136515 2.37598e-05 0.00135371 -0.000227367 -0.000158855 0.000115681 -0.00165964 4.35955e-05 -3.01814e-07 -0.000331476 -0.00012854 -4.02539e-05 6.95016e-05 -7.93166e-05 0.00204484 0.00283185 -5.21273e-05 -7.54483e-06 -0.000135941 0.00160056 -0.000175014 -0.00213074 -0.000133636 0.00148568 -0.00126945 4.25527e-05 0.00164106 4.61519e-06 -4.88541e-05 -0.00307215 -9.8958e-05 -0.000258146 0.000207393 3.09237e-05 -0.00332857 0.000300369 0.000452112 0.000307329 0.00128239 9.72492e-05 -4.58004e-05 -0.00247866 0.000769581 3.54576e-07 -0.00182399 0.00147781 -0.000140697 -0.000161385 -5.73859e-05 -0.00142088 -6.84289e-06 0.000993042 0.00331363 -0.00032573 -0.000100119 -6.11529e-06 
-0.00714277 -0.0696664 0.0299961 -0.088447 -0.0540347 0.00154618 1.61333e-05 0.160704 0.0178739 0.0143115 0.00638438 0.0482292 0.0112446 -0.0119355 -0.00127788 -0.000726654 0.00323492 -0.0935855 -0.00468043 0.0396669 -0.00319481 0.0390952 0.049161 -0.0231844 0.00234898 -0.00497574 0.00442229 -0.00529053 0.0014849 -0.0123878 -0.000900649 0.00115889 -0.000754493 -0.0332241 -0.00192974 -0.0222714 -0.00270367 -0.000231266 0.042445 0.000591875 0.000318395 -0.00898247 0.00168962 -0.0298151 0.0360404 0.00718625 0.0331674 -0.0109328 -0.00575553 -0.000381254 -0.061427 0.013559 -1.20795e-06 -0.0271914 0.00366615 -0.00163308 0.00278948 -0.0030724 0.0318438 0.0790454 0.00918816 -0.00053 -0.00496733 0.0389397 0.000884116 -0.0829401 0.0691801 0.00890213 -0.0545434 0.00133272 0.0513857 9.11863e-05 0.0156901 -0.0817031 -0.00158251 0.000770927 -0.00174351 0.00104702 -0.0877877 -0.000537369 -0.00985647 0.00863028 0.0381876 0.00497262 -0.00208189 -0.0500446 6.63519e-05 0.00423934 -0.0437318 0.0310722 0.0233824 -0.0129211 0.0011119 -0.0460289 0.000791516 0.0258079 0.0651486 -0.0124305 0.000559162 0.000564317 
0.0308797 -0.0440454 -0.00466905 -0.0384086 -0.0255307 -0.000828849 0.000380645 0.0178739 0.060498 0.000958098 -0.00273592 -0.00745225 0.00304669 -0.0242247 0.00727935 0.02707 0.0272669 -0.0319286 -0.00199163 -0.00763498 -0.00100056 -0.0109668 0.0499519 -0.0150659 -0.00694948 -0.0010461 0.0025027 -0.00709685 0.000583738 -0.00563611 0.000423656 0.000968071 0.0145958 0.00661859 0.00588092 -0.0231008 -0.000490348 -7.43143e-05 -0.00114095 -0.00116932 -0.000150949 -0.00617732 0.0115865 -0.0331636 -0.00653473 -0.00185123 -0.00571549 0.000417666 -0.00210557 0.0188718 -0.0236351 -0.000860948 1.28324e-06 -0.00455016 -0.00106515 -6.19676e-05 -0.00015982 -0.00118046 0.0482247 0.0254214 -0.0013256 -8.21732e-05 -0.00139324 -0.00737574 -0.00235036 -0.0257095 0.0266815 -0.00246629 -0.0171509 9.07949e-05 0.0410757 2.07506e-05 -0.000579903 -0.0415074 0.000752027 -0.00459534 0.0113772 0.000366229 -0.042147 -0.000229151 0.030296 0.0274469 0.0164441 0.0129029 -0.000641668 -0.0365701 -0.0052092 -0.000512194 -0.0366452 -0.00716509 -0.00419147 -0.00492392 -0.000797501 -0.0204355 -0.000105425 0.0477441 0.0432097 -0.00371698 -0.00140352 -7.93179e-05 
-0.00188917 -0.0247916 0.0192977 -0.0255708 -0.0170849 0.00221244 0.00168487 0.0143115 0.000958098 0.0419488 0.0114887 0.0231176 0.000813857 -0.0143601 -0.00052301 -0.00108579 -0.00541372 -0.0214862 -0.00135148 0.0165404 -0.000256977 0.0159836 0.0252373 -0.01022 -0.00427702 -0.00177776 0.00164405 -0.00396108 0.000280553 -0.00315968 -8.07032e-05 -7.16017e-05 0.000294388 -0.016333 -0.000229554 -0.0134437 -3.56539e-05 -5.46856e-05 0.010603 0.000467409 0.000332023 -0.00520608 -0.000495082 -0.0143284 0.0167088 0.0144585 0.00617828 -0.0025121 -0.00149295 -0.00126689 -0.0151542 0.000430808 -2.30638e-06 0.00200144 -0.000965219 -0.00040066 0.00353465 -0.00080796 0.00666784 0.0268016 -0.00130447 -0.000114811 -0.00132629 0.0167252 -0.000336381 -0.0189933 0.00989544 0.00160526 -0.0120657 0.000310701 0.014841 1.80192e-05 -0.000928585 -0.0265322 -0.0010617 -0.00173189 -0.00224665 -1.6926e-05 -0.0291329 0.000200635 -0.00313842 -0.00365585 0.00836899 0.000317564 -0.000467848 -0.0162175 0.00902861 0.000696472 -0.0138193 0.0135858 -0.00108755 -0.00321287 -0.000508431 -0.0133851 0.000363154 0.00265881 0.0232494 -0.00398706 -0.000545862 4.45217e-05 
-0.0175855 -0.0278399 0.0294415 -0.0269947 -0.0161286 0.00100267 0.000792118 0.00638438 -0.00273592 0.0114887 0.0405434 0.0355531 -0.000494739 -0.011114 -0.00089309 -0.00328991 -0.0239405 -0.0208535 -0.000475605 0.036526 0.00384564 0.0331964 0.0052437 -0.0057608 0.00382722 -0.00208167 0.000923996 -0.00452348 -0.000330689 -0.00221751 -0.000989818 0.00106405 -0.000970449 -0.0331471 -0.000551415 -0.0168012 0.000542566 6.81487e-05 0.012984 0.00253924 0.00165537 -0.00563502 -0.000981117 -0.0239488 0.0368414 0.0200152 0.0257201 -0.0025885 -0.00148532 -0.00175051 -0.0157495 0.00208103 -6.85969e-07 -0.0103985 -0.0011173 -0.000387712 0.00056842 -0.000706427 0.000336321 0.0289153 -0.000764267 -0.000121301 -0.00128416 0.0367257 -0.000678123 -0.020376 -0.00707873 0.00741735 -0.0120061 -0.000134778 -0.00653168 -1.03013e-05 -0.000520354 -0.028639 -0.00106784 -0.00143299 -0.00309236 -9.05854e-05 -0.0319179 0.00191757 -0.0079524 -0.00292309 -0.00148451 -0.00062192 -0.000441471 -0.0243102 0.0286237 -7.20096e-06 -0.0303521 0.034753 -0.00245179 0.00455468 0.000133821 -0.0132415 -7.94658e-05 -0.00360529 0.032 -0.00354065 0.00277566 0.000226027 
-0.0420607 -0.0665435 0.0592624 -0.0748871 -0.0353756 0.0018624 0.00219254 0.0482292 -0.00745225 0.0231176 0.0355531 0.104642 0.00449992 -0.00115394 -0.00207246 -0.00862438 -0.0543672 -0.0547555 -0.0025393 0.0855554 0.00226311 0.0830282 0.0147985 -0.00729965 0.00691249 -0.0050774 0.00438351 -0.0114929 -0.000529576 -0.00308705 -0.00205908 0.000714635 -0.00270426 -0.082616 -0.00153189 -0.0434799 0.000423136 4.35666e-05 0.0428882 0.00412288 0.00149808 -0.0154062 -0.00244354 -0.0594553 0.0810657 0.0256356 0.0656774 -0.00687728 -0.00361607 -0.00484666 -0.0434568 0.0133952 -7.38361e-06 -0.0255737 0.000855491 -0.000982656 0.00335343 -0.00202173 0.00729156 0.0734816 -0.000275978 -0.000344464 -0.00347452 0.0882014 0.00145629 -0.0566879 -0.00866016 0.0225671 -0.0318496 -0.000373603 0.00108817 -8.7504e-06 0.0181526 -0.0710884 -0.00207224 -0.00532817 -0.00677307 4.36262e-05 -0.0861783 0.00151008 -0.0183766 -0.00917719 0.023753 -0.00137391 -0.00103243 -0.0635548 0.0427196 0.000445327 -0.0685735 0.0779391 -0.00474111 0.0094042 0.00719297 -0.0348997 0.000629014 -0.00850308 0.0717219 -0.0104463 0.0040036 0.000616071 
0.00174584 -0.0139226 -0.00094494 -0.0136905 -0.00917328 0.000493443 -2.67425e-05 0.0112446 0.00304669 0.000813857 -0.000494739 0.00449992 0.0251048 -0.00223244 0.000414952 0.000795415 0.00191237 -0.0116215 -0.000591798 0.00312549 -0.00042515 0.00475297 0.00943354 -0.00238377 2.8811e-06 -0.00113579 0.000146703 -0.00210057 0.00014225 -0.000887216 0.000377995 -8.07287e-05 -0.00039505 -0.00343541 -6.75653e-05 -0.00730246 -0.000513394 0.000172921 0.00257596 0.000151174 -6.0359e-05 -0.000686159 0.000531145 -0.0121193 0.00283228 0.00065957 0.0048724 -0.000421451 -0.000343573 0.000599701 -0.00824203 0.000808989 1.26163e-06 -0.00569424 0.00181846 -0.000204863 0.00059868 7.5804e-05 0.0083595 0.00824209 0.000468597 -3.76641e-05 -0.000147504 0.00340535 -0.000989284 -0.00969413 0.00816071 0.000424777 -0.00553542 0.00126045 0.0110562 6.66723e-05 0.00281686 -0.0123513 0.000884681 -0.00145728 0.000895131 0.000331894 -0.016256 -4.56434e-05 0.00566158 0.00802482 0.00309576 0.0044068 -0.000217247 -0.0106348 7.40555e-05 -6.4879e-05 -0.0107749 0.00321615 -0.000882124 -0.000920133 0.000632942 -0.00745431 0.000230845 0.0095431 0.0100614 0.00193705 -0.000353575 4.36092e-06 
-0.123584 0.0152896 -0.00278654 0.0423379 0.00926001 -0.00209845 -0.00143462 -0.0119355 -0.0242247 -0.0143601 -0.011114 -0.00115394 -0.00223244 0.23691 -0.00790231 -0.0189565 -0.078042 0.100181 -0.00943554 0.000434239 0.0032137 0.0281752 -0.0540208 0.00220196 -0.0221858 -0.00943018 -0.00526105 0.0336723 -0.0041491 0.0424433 -0.00268742 -0.00119019 -0.00853016 0.0129098 -0.00508201 -0.0736332 -0.00243586 -0.000356436 0.00336948 0.000519216 -0.000769134 -0.0500939 -0.00158105 -0.0147527 0.00305082 -0.0106943 0.0102303 -0.0179814 0.0186151 -0.0156659 0.116668 0.00503729 1.58215e-05 0.0264461 -0.000956709 -0.00320399 -0.00162675 -0.00400406 -0.0437378 -0.0162481 0.0143813 -0.000832807 0.0162216 0.00298009 -0.010471 0.0139463 -0.0509905 0.00756759 0.117474 -0.00107327 -0.0617907 -0.000131742 0.0128104 0.00403843 -0.00829816 -0.0185558 -0.0254139 -0.000181127 0.0349741 -0.000610913 -0.0800774 -0.044767 0.0032402 -0.00783331 -0.00324473 0.0761553 -0.0169227 -0.000149455 0.0406829 0.00651702 0.0206609 -0.0135033 0.00103565 0.0425691 0.000445377 -0.0329145 -0.037424 -0.0315233 -0.000790033 0.000357507 
0.00944738 -0.0122317 -0.00150009 -0.00875603 -0.00614088 0.000513389 5.19627e-06 -0.00127788 0.00727935 -0.00052301 -0.00089309 -0.00207246 0.000414952 -0.00790231 0.0220228 0.0097295 0.0059942 -0.00874352 -0.000668498 -0.00256391 0.000336942 -0.00210933 0.0134657 -0.00333089 -0.00135321 -0.000108275 0.00167667 -0.000728142 0.000972235 -0.00198072 0.000351387 -7.35899e-05 0.00506196 -0.00800178 0.000103088 -0.00675624 0.000390403 -1.30385e-05 -0.000822266 0.000443953 0.000114118 -0.000226087 0.000163446 -0.00873549 -0.00227515 -0.000478085 -0.00192561 0.00347055 -0.000797719 0.000763805 -0.00813174 -0.000484123 3.14677e-06 -0.00495144 -0.000616128 -0.000128846 -3.49898e-05 9.44641e-05 0.013521 0.00143222 -0.0005972 6.55042e-05 -0.000682194 -0.00242425 8.4458e-06 -0.00832098 0.00138992 -0.000679523 -0.00539218 -2.48944e-05 0.010564 1.70742e-06 -0.000570427 -0.00335454 0.00394167 -0.00147766 0.00772895 0.000257494 -0.00501814 -7.05277e-05 0.00977467 0.0125586 -0.000544826 0.00410946 0.000770215 -0.0122728 -0.00152258 -9.48059e-05 -0.0132157 -0.00240928 -0.00136196 0.00216581 0.000125715 -0.00554824 0.000139899 0.00751753 0.0122809 0.00157332 0.000185816 -1.23761e-05 
0.014616 -0.0527476 -0.00464295 -0.0388089 -0.0262403 0.00133979 0.000329877 -0.000726654 0.02707 -0.00108579 -0.00328991 -0.00862438 0.000795415 -0.0189565 0.0097295 0.0754884 0.0215445 -0.0185332 -0.00182347 -0.00897135 0.000316809 -0.0113397 0.0338329 -0.0130903 -0.00796744 0.000506818 0.00400796 -0.00480344 0.00117022 -0.00466392 0.0128922 0.000112564 0.0144111 -0.00300955 0.0112467 -0.0214052 0.00871397 -6.62963e-05 -0.00442767 -0.00139698 0.000199875 -0.00882991 0.00352062 -0.0264268 -0.00743122 -0.00246479 -0.00539082 0.0180898 -0.00156291 0.0310613 -0.0166616 -0.00189466 1.03411e-05 -0.00783601 -0.000970211 0.00658342 -0.000178178 -0.00018228 0.0379822 0.00870193 -0.002287 1.04851e-05 -0.00156304 -0.00840106 -0.00305227 -0.0102021 0.0226524 -0.00207457 -0.00702727 -0.000194493 0.0257516 4.68627e-05 -0.00214413 -0.0188113 0.00890075 -0.0044661 0.00429306 4.35517e-05 -0.0199094 -0.000116382 0.0391227 0.0200464 0.00173454 0.00426667 -0.000630671 -0.0289678 -0.00658052 7.3064e-05 -0.0365965 -0.00782352 -0.00484404 -0.00466185 -0.000673718 -0.0163043 -0.000221735 0.0329201 0.0269648 -0.00582115 -0.00123827 -3.72389e-05 
0.135312 0.00988664 -0.040541 -0.0104832 -0.00458624 -0.00617282 -0.000359258 0.00323492 0.0272669 -0.00541372 -0.0239405 -0.0543672 0.00191237 -0.078042 0.0059942 0.0215445 0.245399 -0.0619313 0.0015062 -0.0668413 -0.005685 -0.0808768 0.0397224 -0.0383163 -0.037192 0.00572972 0.001459 -0.0276818 0.00190232 -0.042688 0.00452704 0.000305789 0.0090741 0.0773634 0.00541194 0.0353156 -0.00325309 -0.000557639 -0.0221812 -0.00982777 -0.00143693 0.026233 0.00678432 0.0258455 -0.0582187 -0.0168927 -0.0479673 0.0101375 -0.0140336 0.0162497 -0.0331964 -0.00594146 -2.66423e-05 0.0255764 0.000408313 0.00151291 -0.00145066 -0.00754009 0.0336744 -0.0183058 -0.00832982 0.000397295 -0.0134731 -0.0635116 -0.00186361 0.0257357 0.0560629 -0.0209405 -0.0758646 0.00110287 0.0753271 0.000116638 -0.0136594 0.0202017 0.00446258 0.0121736 0.018765 0.000898895 0.0152579 -0.00207761 0.0684345 0.0313037 0.00624785 0.00632798 -0.00277805 0.0079554 -0.0370036 0.000502688 0.0383186 -0.0620551 -0.00108374 -0.0244588 -0.00735511 -0.0380022 -0.000231338 0.0366735 -0.00801374 0.0140539 -0.0121661 -0.000794427 
-0.0760997 0.0898954 -0.0398577 0.132471 0.0569767 -0.000526616 -0.00222725 -0.0935855 -0.0319286 -0.0214862 -0.0208535 -0.0547555 -0.0116215 0.100181 -0.00874352 -0.0185332 -0.0619313 0.249998 -0.00525553 -0.050894 0.00249125 -0.0370433 -0.0768442 0.0348741 0.00482167 0.00477181 -0.00568673 0.00850343 -0.00388928 0.0336402 0.00106729 -0.00128236 -0.0112581 0.0499726 -0.0042434 -0.0187045 0.00277665 -0.00026218 -0.0301099 -0.000101879 -0.00170425 -0.0278498 -0.00515391 0.0471356 -0.0501394 -0.0149619 -0.046039 -0.00457365 0.0140155 -0.0147064 0.146511 -0.0116033 -4.8581e-06 0.0586243 -0.0070261 0.0013896 -0.00255794 0.00412173 -0.0587145 -0.085012 -0.00904713 -0.000767568 0.0119792 -0.0532689 -0.0151717 0.0960465 -0.0769626 -0.0174983 0.130817 -0.0014362 -0.0983596 -0.000157326 -0.0131756 0.0848425 -0.00309198 -0.0164585 -0.0264769 -0.00107038 0.11405 -0.00182083 -0.0715124 -0.04654 -0.0462377 -0.0110036 -0.000907645 0.109385 -0.0255682 -0.003172 0.0813591 -0.0455889 -0.0163267 -0.00210968 -0.0031885 0.116308 -0.00076717 -0.0431425 -0.10159 -0.0213949 0.0029901 -0.000429539 
0.00279034 0.00631002 -0.0018013 0.00228254 -0.00108651 -0.000118004 -8.35939e-05 -0.00468043 -0.00199163 -0.00135148 -0.000475605 -0.0025393 -0.000591798 -0.00943554 -0.000668498 -0.00182347 0.0015062 -0.00525553 0.0322141 -0.00272411 -0.000531046 -0.00412451 -0.00289866 -0.00104191 0.00619809 -0.000913377 -0.000519104 0.00103042 -8.5556e-05 -0.00281478 -0.000405906 -2.31402e-05 -0.000502265 0.0036671 -0.000310134 0.0180718 -0.000439631 -2.6482e-05 -0.00192173 0.000489557 -9.97001e-05 0.000536907 -0.000695136 0.0124913 -0.0022362 -2.52458e-06 -0.00218146 0.000564837 -0.00107255 -0.000651917 -0.00779622 -0.000163278 -1.75475e-06 -0.00792173 0.00174434 -0.000230113 -0.000154889 0.000193033 -0.00369144 -0.00476893 -0.000384923 9.11725e-05 -0.000978011 -0.00266451 0.00276251 -0.00434519 0.00392275 -0.0011402 -0.00893504 -9.90127e-05 -0.00534912 5.806e-06 -0.000864403 0.00722403 -0.000574053 0.00201642 -0.0022128 -6.36277e-05 0.00520706 -0.000100285 0.00389848 -0.00328849 -0.00274786 -0.000857167 -0.000174946 0.00606204 -0.00112677 0.000602425 0.00578354 -0.00126518 -0.000111813 -0.00184452 -5.49149e-05 0.00230354 -9.72133e-05 -0.00270271 -0.00580255 0.00137445 -0.000683393 -2.32773e-05 
-0.048274 -0.0608791 0.0632758 -0.0735218 -0.0261402 0.00442416 0.00151116 0.0396669 -0.00763498 0.0165404 0.036526 0.0855554 0.00312549 0.000434239 -0.00256391 -0.00897135 -0.0668413 -0.050894 -0.00272411 0.109682 0.00344335 0.0908716 0.00464085 -0.000434052 0.00948351 -0.00504402 0.000990502 -0.00711835 -0.000734829 -0.00282427 -0.00261672 0.000838924 -0.00279421 -0.0946827 -0.00165779 -0.048633 0.000254966 0.000716587 0.0394472 0.00367894 0.00267457 -0.0157238 -0.00233137 -0.0635308 0.0881034 0.0248637 0.0741566 -0.00767791 -0.00382304 -0.00522984 -0.0457306 0.0121617 -2.20009e-06 -0.0299879 -0.000859697 -0.00108417 0.0018034 0.000859791 0.00323527 0.0693272 0.00360268 -0.000360535 -0.00323828 0.0971043 0.00225329 -0.0573169 -0.0163896 0.0301686 -0.029156 -0.000368692 -0.0108465 1.4539e-05 0.0194558 -0.0649096 -0.00325911 -0.00678842 -0.00777419 -0.000197867 -0.0857208 0.00318571 -0.0234369 -0.00631551 0.0163074 -0.0013581 -0.000622941 -0.069343 0.0496718 0.000821585 -0.082692 0.0890202 -0.00250922 0.0221759 0.00928162 -0.0331568 0.000144448 -0.00901637 0.0698523 -0.00893523 0.00870812 0.000617292 
-0.00515184 -0.00465664 0.0032237 -0.000858833 -0.00170505 0.000250307 0.000252362 -0.00319481 -0.00100056 -0.000256977 0.00384564 0.00226311 -0.00042515 0.0032137 0.000336942 0.000316809 -0.005685 0.00249125 -0.000531046 0.00344335 0.0179367 0.00253299 -0.00185447 -0.00364212 -0.000280539 -0.000505913 -0.000108376 -0.00102714 -0.000172989 0.00304608 0.000529676 0.000938021 -0.000289133 -0.00367952 -0.000195126 -0.00611564 0.000932023 5.49174e-05 -0.000858367 -0.000268041 0.000491668 -0.00156506 0.000366483 -0.00363448 0.00348313 0.00136986 0.00235671 -0.00081789 0.000628156 -0.000469411 0.00373353 1.26055e-05 9.4808e-06 -0.00106055 -0.000554195 -0.000100141 -6.90634e-05 0.000268712 -0.00157649 0.00181008 0.00114438 -2.90145e-05 -0.000188643 0.00325426 -0.000696115 0.00190749 -0.00280686 0.00234412 0.0022504 -5.08827e-05 -0.00347161 -5.79698e-06 -0.000354478 -0.00607559 -0.00023395 -0.000350276 -0.000941074 -1.29763e-05 -0.00145504 0.000614593 -0.00312649 -0.000963174 -0.00118348 -0.000332091 0.000502626 -0.000147105 0.00234651 -0.000117678 -0.00541311 0.00353441 -0.000121531 1.5455e-05 -0.000204181 0.000144687 -4.80168e-05 -0.00140673 0.00189919 -0.000360642 0.00226685 4.41561e-05 
-0.0701775 -0.0622848 0.0597835 -0.0671876 -0.0261263 0.00208698 0.00127772 0.0390952 -0.0109668 0.0159836 0.0331964 0.0830282 0.00475297 0.0281752 -0.00210933 -0.0113397 -0.0808768 -0.0370433 -0.00412451 0.0908716 0.00253299 0.145527 0.000208245 0.00316999 0.010346 -0.00754284 0.00165223 -0.00153344 -0.000638271 -0.00263548 -0.00248421 0.000614516 -0.00398833 -0.0985462 -0.00235186 -0.0586235 0.00174971 3.07235e-05 0.0375931 0.0104385 0.002251 -0.0204187 -0.002258 -0.0667261 0.0823099 0.0237544 0.0733886 -0.00923369 -0.00355885 -0.0072228 -0.0394182 0.01429 -7.29208e-06 -0.0349041 0.00176804 -0.00138173 0.00219348 -0.00129495 -0.00257188 0.065478 0.0116574 -0.000338048 -0.0034176 0.0924298 -0.000343088 -0.0554301 -0.0210074 0.0297405 -0.0116266 -0.000449135 -0.0116944 -9.61794e-06 0.0206136 -0.0574013 -0.00228729 -0.0101412 -0.0103277 2.9722e-06 -0.0778175 0.0024087 -0.0310057 -0.0147298 0.0190197 -0.00214696 -0.00151408 -0.0680621 0.0463348 0.00147348 -0.0701024 0.0832421 0.003079 0.0228686 0.00809557 -0.0346497 0.000901007 -0.0148303 0.0622676 -0.0149442 0.0116682 0.000502031 
0.0509975 -0.0850799 0.0112632 -0.0777266 -0.0611009 0.00309919 0.00175709 0.049161 0.0499519 0.0252373 0.0052437 0.0147985 0.00943354 -0.0540208 0.0134657 0.0338329 0.0397224 -0.0768442 -0.00289866 0.00464085 -0.00185447 0.000208245 0.13356 -0.0344104 -0.0126435 -0.00237723 0.00888757 -0.0125118 0.00251759 -0.0136198 -0.00334523 0.000616733 0.0142389 -0.00783632 0.00372825 -0.0384712 -0.00175244 -0.000181498 0.0140447 -0.00118278 0.000430777 -0.00780607 0.00808763 -0.0561107 0.00526441 0.0104536 -0.00868155 0.00175776 -0.00510232 0.015586 -0.0581655 -0.00188398 -6.6471e-06 -0.00995124 -0.00175399 -0.00128022 0.00282758 -0.00268748 0.0786667 0.0627981 -0.00304574 8.35068e-05 -0.0046416 0.00447961 0.0025865 -0.0700297 0.0576164 -0.00429084 -0.0446445 0.00140785 0.0780389 0.000141399 -0.0020079 -0.0792118 0.00262697 -0.0102969 0.0172036 0.00116119 -0.0890288 -0.000515542 0.0507604 0.0482357 0.0358957 0.0169903 -0.00147288 -0.0684364 -0.000301505 -0.000180422 -0.0525439 0.000419726 -0.00814692 -0.0106939 -0.00219583 -0.0458939 0.000352397 0.0664577 0.0870311 -0.00731502 -0.00171272 0.000125498 
-0.0537969 0.0498305 -0.0148511 -0.00219361 0.038853 0.00500155 -0.00107525 -0.0231844 -0.0150659 -0.01022 -0.0057608 -0.00729965 -0.00238377 0.00220196 -0.00333089 -0.0130903 -0.0383163 0.0348741 -0.00104191 -0.000434052 -0.00364212 0.00316999 -0.0344104 0.188085 0.0277082 -0.00937974 -0.0042433 -0.00125383 0.00227401 -0.0105662 0.00417473 -0.000877 -0.00522303 -0.0310828 -0.00242788 -0.0113473 0.00441179 0.000649879 -0.0145021 0.000936837 -0.000925106 -0.00397604 -0.00178703 -0.0154333 -0.00907923 -0.00693248 -0.00673016 0.00216717 -0.00659714 -0.00522581 0.00150051 -0.00538623 -9.68083e-06 -0.0267998 -0.00424942 0.000984533 -0.000588703 0.00866233 -0.0257384 -0.0375312 -0.00332515 -0.000403016 -0.00664237 -0.00499358 0.00551644 0.00628832 -0.0139302 -0.00413061 0.0512591 -0.000561979 -0.0425804 -9.16224e-05 -0.00437876 0.0550451 0.00444309 0.0181079 0.0116776 -0.00040018 0.0268757 -0.000706207 -0.00727945 0.00673897 -0.0166606 -0.00559411 0.00410335 -0.0140002 0.0221673 -0.00174394 -0.0151757 -0.00249791 -0.00320549 0.047135 0.00670981 0.0323838 0.00124227 -0.0212847 -0.0355593 0.000973492 0.00716331 -0.00018124 
-0.0266545 0.0180007 -0.00176817 0.00372495 0.00695969 0.000445048 -0.000436272 0.00234898 -0.00694948 -0.00427702 0.00382722 0.00691249 2.8811e-06 -0.0221858 -0.00135321 -0.00796744 -0.037192 0.00482167 0.00619809 0.00948351 -0.000280539 0.010346 -0.0126435 0.0277082 0.0992819 0.000583939 -0.00240873 -0.00547513 0.000726246 -0.0072857 -0.00128679 -0.00028046 -0.00210451 -0.0230872 -0.00149784 0.0268496 -0.00233488 6.3258e-05 -0.00245646 0.0103663 -0.000377265 0.0131 -0.00132701 0.0237456 0.0054929 0.00225539 0.00401462 -0.000690965 -0.00392309 -0.004713 -0.0177266 -0.00188653 -5.38706e-06 -0.0254048 -0.00294157 -0.000122899 0.000209769 0.0037924 -0.0124249 -0.00930454 0.00136962 -0.000151118 -0.00331605 0.00713615 0.00358095 -0.0261449 -0.0011171 -0.00237198 -0.0127859 -0.000262893 -0.0234554 -3.72551e-05 0.000503912 0.0105957 -0.00202533 -0.000800221 -0.0038177 -0.000243908 0.00339777 -0.000222917 -0.0107708 -0.00215748 -0.0103624 -0.00219515 0.00123105 -0.0124865 0.0145047 -0.000814551 -0.00839609 0.00818776 -0.00295264 0.0129631 0.00459896 0.0378055 -0.000186957 -0.00955614 -0.0106959 -0.00253569 0.00316811 0.000332694 
0.0150161 0.00635162 -0.0038606 0.0101898 0.00615941 -0.000543753 -0.000207347 -0.00497574 -0.0010461 -0.00177776 -0.00208167 -0.0050774 -0.00113579 -0.00943018 -0.000108275 0.000506818 0.00572972 0.00477181 -0.000913377 -0.00504402 -0.000505913 -0.00754284 -0.00237723 -0.00937974 0.000583939 0.0471199 -0.000316214 -0.00294569 -0.000663222 -0.00139898 -0.000759005 0.000582984 -0.000837667 0.00452303 4.76584e-05 0.0109265 -0.00110019 -3.02361e-05 -0.00264749 -0.000700019 -0.000108748 -0.00248333 0.000871692 0.00940953 -0.00507855 -0.00148292 -0.00476855 -0.000314115 -0.00120426 -0.000400654 -0.0108957 -0.0011178 -6.51189e-07 0.00758741 8.9285e-05 8.36818e-05 -0.000229544 -0.000343194 -0.00486956 -0.00545389 -0.000754722 -0.000112527 -0.000722491 -0.00563703 1.38967e-06 0.0139275 -0.00463242 -0.00180234 -0.00698454 -8.24968e-05 -0.0070695 -1.60266e-05 -0.00134534 0.00280657 -0.000896395 -0.00249548 -0.00309297 3.17709e-05 0.00733541 -0.000172198 -0.00155406 -0.00558393 -0.00412659 -7.92401e-05 -0.000504346 0.00882849 -0.0035526 -0.000324157 0.00743618 -0.00529113 -0.00120315 -0.00241268 -0.000568594 0.0104437 -8.43555e-05 -0.00248215 -0.00895111 -0.00208087 -0.000598507 9.80266e-06 
-0.00164111 -0.0139287 0.00069841 -0.0103537 -0.00902125 -0.000319271 0.000579928 0.00442229 0.0025027 0.00164405 0.000923996 0.00438351 0.000146703 -0.00526105 0.00167667 0.00400796 0.001459 -0.00568673 -0.000519104 0.000990502 -0.000108376 0.00165223 0.00888757 -0.0042433 -0.00240873 -0.000316214 0.0245992 -0.00244636 -0.000256207 -0.000885085 0.00243047 9.44748e-05 0.000147364 -0.00228249 0.000814903 -0.00678621 0.00162319 9.96906e-06 0.00205226 0.000317745 5.94908e-05 -0.00300958 0.000621238 -0.0101182 0.000598187 0.000908679 -0.00114193 0.00352131 0.00176351 0.00183667 -0.00329471 -0.000104562 8.63091e-06 0.000595448 5.01339e-05 0.00142088 0.000138202 -0.000450665 0.00879198 0.00976663 -0.000336122 -2.26437e-06 0.00206978 0.00132946 -0.000725918 -0.00342805 0.00142034 -0.000234599 -0.00208188 4.08967e-05 0.00802052 1.23843e-05 -0.000663186 -0.0112938 0.0025268 -0.00154018 -0.00140315 0.00064437 -0.00907459 -6.16919e-05 0.00538975 -0.00123142 0.00523498 0.00385709 -0.000263296 -0.00729887 0.00102193 0.000537683 -0.00436688 -5.47291e-05 -0.00127372 -0.00161311 -0.000274972 -0.00606821 0.00016755 0.00442668 0.00759371 -0.00223719 -0.000315619 -1.29904e-05 
-0.020215 0.0161101 -0.00613406 0.012082 0.0436104 0.00430172 -0.000405973 -0.00529053 -0.00709685 -0.00396108 -0.00452348 -0.0114929 -0.00210057 0.0336723 -0.000728142 -0.00480344 -0.0276818 0.00850343 0.00103042 -0.00711835 -0.00102714 -0.00153344 -0.0125118 -0.00125383 -0.00547513 -0.00294569 -0.00244636 0.0997313 -0.00152453 -0.00567634 -0.001529 -0.000511976 -0.00143081 -0.000338694 -0.00141119 0.00930132 -0.00109833 0.000175499 -0.00559347 -0.00054936 9.52914e-05 -0.0105629 -0.00150659 0.0105156 -0.00757665 -0.00319649 -0.00537301 -0.00387163 0.000483156 -0.00437728 0.000201043 -0.00141854 4.3872e-06 -0.000890031 -0.000335326 -0.000952686 -0.000268679 0.00616878 -0.0129033 -0.0143026 0.00913385 3.54519e-06 -0.00156102 -0.00737693 0.00594461 -0.0204607 -0.00617195 -0.000246829 0.00569283 -0.000336889 -0.0187261 -2.72451e-05 -0.00146618 0.0262215 0.000582077 0.00154222 -0.00639647 1.08401e-05 0.0183617 1.1855e-05 -0.0215069 -0.00531824 -0.00169259 -0.00240135 0.000219089 0.0215501 -0.00431818 0.000398639 0.00662198 -0.00493226 0.0283637 0.00491222 -0.000913258 -0.0259163 -0.000220659 -0.00967325 -0.0187548 -0.0045667 0.0027153 0.000656913 
0.00196225 -0.00284063 -0.000508151 -0.00529661 -0.00532359 5.92549e-05 6.82846e-05 0.0014849 0.000583738 0.000280553 -0.000330689 -0.000529576 0.00014225 -0.0041491 0.000972235 0.00117022 0.00190232 -0.00388928 -8.5556e-05 -0.000734829 -0.000172989 -0.000638271 0.00251759 0.00227401 0.000726246 -0.000663222 -0.000256207 -0.00152453 0.0148565 -0.00122312 0.000333155 -1.96255e-05 -2.49291e-05 -0.00356245 0.000356514 0.000617047 0.000246545 -9.64016e-07 -0.000854378 0.000686759 0.000134187 -0.000861368 -0.000170203 7.40468e-05 -0.00133245 -0.000173133 -0.00128322 0.00193117 -0.000501262 0.00129142 -0.00439328 -0.000325257 -8.08995e-08 -0.00303259 -0.000428238 7.81115e-05 0.000155838 -0.000123525 0.00192075 0.000812155 -0.000100443 3.55802e-05 -0.000453392 -0.0014079 0.00238181 -0.0057679 0.00567182 -0.00035869 -0.00378144 -3.27483e-05 0.00282283 4.46815e-06 -0.00039509 -0.00145516 0.00166264 0.00343643 0.00398724 7.99252e-05 -0.00342862 -4.67756e-05 0.00515369 0.00344455 -0.000529384 0.00050712 -1.53809e-05 -0.00207376 -0.00114787 0.000725161 -0.00418802 -0.00135896 0.000460936 0.00132703 0.000188648 -0.000976171 8.86137e-05 0.00181302 0.00196741 -0.000375481 -0.000258656 8.15834e-06 
-0.033226 0.00685608 -0.00556462 0.0208907 -0.0171857 -0.00133574 -0.0003242 -0.0123878 -0.00563611 -0.00315968 -0.00221751 -0.00308705 -0.000887216 0.0424433 -0.00198072 -0.00466392 -0.042688 0.0336402 -0.00281478 -0.00282427 0.00304608 -0.00263548 -0.0136198 -0.0105662 -0.0072857 -0.00139898 -0.000885085 -0.00567634 -0.00122312 0.0807898 -0.00101333 -0.000194773 -0.00202523 0.0107754 -0.00113395 -0.0203314 -0.00218516 -4.71062e-05 -0.00176679 -0.00145481 -0.000251447 -0.0108162 -0.00122562 -0.00749006 -0.00172617 -0.00205929 -0.00204892 -0.00239853 0.0164576 -0.00354589 0.0397281 -0.0012888 1.30131e-05 0.0196913 -0.00198231 -0.000718195 -0.000423572 -0.00146789 -0.00990996 -0.00854486 -0.00208391 -0.000131552 0.0162377 -0.00298286 -0.0033182 0.0320584 -0.0155727 -0.00143249 0.0443059 -0.000272133 -0.018007 -3.37024e-05 0.000442222 -0.0175347 -0.00207148 -0.00561478 -0.00628206 -0.000201958 0.0136763 -0.00016319 -0.0142253 -0.0107108 -0.00669838 -0.00203501 -0.000512757 0.0264264 -0.00447158 -0.000324219 0.0105956 -0.00196819 -0.00466297 -0.00642775 8.00936e-05 0.00630587 -0.00023855 -0.00752918 -0.0122069 -0.00733704 -0.000149243 6.49057e-05 
-0.00989756 -0.0119601 -0.0017432 -0.0144256 -0.00620246 -0.000232405 -0.000103127 -0.000900649 0.000423656 -8.07032e-05 -0.000989818 -0.00205908 0.000377995 -0.00268742 0.000351387 0.0128922 0.00452704 0.00106729 -0.000405906 -0.00261672 0.000529676 -0.00248421 -0.00334523 0.00417473 -0.00128679 -0.000759005 0.00243047 -0.001529 0.000333155 -0.00101333 0.0237284 5.02629e-05 0.00155035 -0.000876821 0.0058864 -0.00529459 0.010396 9.86519e-06 -0.000818784 -0.000276265 0.000206491 -0.00304874 0.00067169 -0.0031905 -0.00237931 -0.000510817 -0.000510351 0.0112751 -0.000706657 0.0114869 0.00134318 -0.000474162 1.0576e-05 0.0020553 -0.000712199 0.00701118 0.000111086 -0.000191075 -0.00130894 -0.00375189 -0.000555359 6.80905e-05 -0.000619591 -0.00266133 -0.000719105 0.00690765 -0.000807717 -0.000888422 0.000717164 -7.71237e-05 -0.00312895 -4.01581e-06 -0.000648836 0.00396901 0.00781664 0.000230742 -0.00179677 -4.36647e-05 0.00497164 -8.68471e-05 0.00661303 -0.00270583 -0.00214411 -0.000614776 -0.000105246 -0.00462299 -0.00175826 0.00193059 -0.00741924 -0.00240144 0.000208673 -0.0017922 2.3068e-06 -0.00327127 -2.48363e-05 -0.000866767 -0.00494512 -0.00222948 -0.000614604 -8.61481e-06 
5.29837e-05 -0.00106799 0.000718064 -0.00154333 -0.00125533 -6.2346e-05 2.03767e-06 0.00115889 0.000968071 -7.16017e-05 0.00106405 0.000714635 -8.07287e-05 -0.00119019 -7.35899e-05 0.000112564 0.000305789 -0.00128236 -2.31402e-05 0.000838924 0.000938021 0.000614516 0.000616733 -0.000877 -0.00028046 0.000582984 9.44748e-05 -0.000511976 -1.96255e-05 -0.000194773 5.02629e-05 0.00470182 0.00029495 -0.000599348 0.000327872 -0.00139135 -0.000109902 4.58415e-06 -7.4557e-05 -8.60991e-05 2.05509e-05 -0.000375659 0.000352321 -0.00067285 0.000839217 0.000415787 0.00063211 -0.000201222 -1.19433e-07 0.000689848 -0.000799001 0.000128665 -2.20234e-08 0.000740045 -2.47156e-05 -1.41703e-05 -2.0776e-05 -7.76177e-05 -0.000335336 0.000619226 -7.05973e-05 -1.24273e-05 7.80588e-05 0.000866254 0.000384998 -0.000434817 0.000854074 0.000181688 -0.00101547 0.000106116 -0.000436684 7.62085e-07 -8.96381e-05 -0.00259504 1.09604e-07 -9.05491e-05 -0.000336845 -1.11468e-06 -0.00194388 -6.26634e-08 -0.000614243 -0.000159824 -0.000276828 -3.50286e-06 -4.51815e-05 -0.00135786 0.000777618 -9.5296e-06 -0.000898697 0.000773767 0.000160926 -0.000309603 -4.07481e-05 -0.000734989 -8.27325e-06 0.000879084 0.000636214 -0.000321903 0.000800319 2.55133e-05 
0.00924477 -0.0139442 -0.00171257 -0.0113524 -0.00705855 -7.9395e-05 -1.87458e-05 -0.000754493 0.0145958 0.000294388 -0.000970449 -0.00270426 -0.00039505 -0.00853016 0.00506196 0.0144111 0.0090741 -0.0112581 -0.000502265 -0.00279421 -0.000289133 -0.00398833 0.0142389 -0.00522303 -0.00210451 -0.000837667 0.000147364 -0.00143081 -2.49291e-05 -0.00202523 0.00155035 0.00029495 0.0227277 0.00188575 0.00557424 -0.00755305 0.000840036 -1.69489e-05 -0.00120007 -0.00046235 5.72119e-05 -0.00131207 0.00173667 -0.0101501 -0.00224378 -0.000686125 -0.00127062 0.00250706 -0.000602898 0.00888982 -0.00844994 -0.000493511 4.26693e-06 -0.00259111 -0.000649738 0.00066352 -0.000110841 -0.000314767 0.01436 0.00288226 -0.000645612 3.15086e-05 -0.000660646 -0.00265096 -0.000771816 -0.00701487 0.00567199 -0.000857103 -0.00613258 4.91846e-05 0.00948639 2.23459e-05 -3.90525e-05 -0.0103544 0.00161006 -0.00145183 0.00206268 6.35333e-05 -0.0101163 -7.51928e-05 0.010523 0.00852297 0.00225213 0.00145007 -0.000101921 -0.0123876 -0.0017133 -0.00017352 -0.0133802 -0.00240807 -0.00145146 -0.00155406 4.68035e-05 -0.00725888 -6.28806e-05 0.0149396 0.0108706 -0.000899853 -0.000350527 -2.61415e-05 
0.0408946 0.0637584 -0.0625397 0.0884072 0.00873265 -0.0101 -0.00133042 -0.0332241 0.00661859 -0.016333 -0.0331471 -0.082616 -0.00343541 0.0129098 -0.00800178 -0.00300955 0.0773634 0.0499726 0.0036671 -0.0946827 -0.00367952 -0.0985462 -0.00783632 -0.0310828 -0.0230872 0.00452303 -0.00228249 -0.000338694 -0.00356245 0.0107754 -0.000876821 -0.000599348 0.00188575 0.169827 0.000962672 0.0631105 -0.0023785 -0.000872553 -0.0356073 -0.0109575 -0.00269322 0.010163 0.00435461 0.0804007 -0.0819393 -0.0235786 -0.073038 0.00445652 0.00648862 0.00279869 0.0740762 -0.0127188 3.1188e-06 0.0423867 0.00112384 -0.000438294 -0.00346897 -0.00739585 -0.00973836 -0.064939 -0.00675933 0.000420195 0.00613778 -0.0938266 -0.00854401 0.0701901 0.0164544 -0.0296922 0.0331703 0.000564739 0.0127148 -5.08461e-05 -0.0202004 0.0513498 -0.00347736 -0.00479962 -0.0128968 -0.000179313 0.0845131 -0.00291391 0.00802148 -0.020943 -0.0183957 -0.00172434 -0.00633104 0.100983 -0.0627436 -0.000590123 0.122168 -0.0839282 -0.0016665 -0.0562072 -0.00955016 0.0394166 -0.00128433 0.00794313 -0.0735307 -0.00094054 -0.0116117 -0.000844131 
