0.105869 8.81298e-05 0.0209594 -0.00277124 0.00133638 0.000492389 -3.12763e-05 -7.00532e-05 0.00529691 0.00107307 0.00358325 0.0374418 -0.000505697 0.000267528 -0.000135108 0.024776 -0.00201635 -2.07917e-05 0.0398712 0.000691435 -0.0404139 -0.0449144 -0.00797404 -0.000409117 0.0321745 -0.00143016 0.00121387 -0.00205992 -4.44761e-05 -0.0205161 0.000341898 0.000336701 -0.000939162 0.01059 -0.00104039 0.0173199 -0.000773616 0.0105406 -0.000238308 -8.74115e-05 -0.0309144 -0.000138988 0.00010103 -4.96266e-05 -0.000974896 -0.0245905 -0.000934756 7.35001e-05 0.000894833 -1.21833e-05 -0.0188454 0.00969231 0.0012324 0.0142047 -0.000456157 0.00201773 -0.044868 2.8747e-05 -1.90667e-05 0.00332571 0.00217002 0.000300635 -3.6114e-06 -0.000164246 -1.00773e-05 0.00902908 -0.00111097 -0.00270875 0.00747909 0.00252385 -1.1432e-05 -0.0111701 -0.0579819 0.00793909 -0.00180745 -0.000693739 -0.000517798 0.00113207 0.0027511 -0.00411956 -0.00114012 0.0220319 -0.0330036 -0.00151777 -0.000273861 -0.00312243 0.00583076 -0.0132233 0.00192292 0.0019677 0.00465034 0.000379859 -5.70609e-05 -0.0337771 -2.00242e-05 0.000618279 -7.94675e-06 4.94604e-05 -0.000370425 -0.00160177 
8.81298e-05 0.00100994 -0.000343928 -3.4277e-06 2.7686e-05 0.00050953 -1.8457e-08 1.49858e-06 0.000833416 0.000937543 0.000874325 -0.000197376 1.19475e-07 4.0299e-06 5.21572e-06 8.77611e-05 -8.02756e-06 1.04152e-08 -0.000439257 -0.000910287 -9.94238e-05 -4.08538e-05 -2.65061e-05 9.13959e-07 -1.21866e-05 -2.23174e-05 -2.29493e-05 -4.21072e-06 1.63503e-07 -7.90256e-05 -0.000911849 1.57042e-06 1.34673e-07 -0.000142458 -2.45944e-06 -0.000285012 -1.69329e-07 -0.000198389 8.03892e-06 -1.41387e-07 0.000339967 3.73459e-06 -1.92518e-06 6.20069e-06 6.48139e-05 -5.81726e-05 -8.72122e-08 -1.59213e-06 -4.10102e-05 -1.18378e-07 -0.000701753 -0.000154096 -8.82118e-05 -0.00010771 -4.083e-07 -0.000843996 -0.00019389 0.000102127 2.14633e-06 -2.11785e-05 -4.71883e-05 -1.07351e-05 -2.68114e-07 -1.80679e-07 8.34334e-05 -0.000818193 -2.57619e-06 0.000756498 -0.000222186 0.00077859 1.04323e-06 -0.000282587 -0.000371708 0.000868945 -4.77529e-06 0.000779474 5.12082e-05 3.07781e-05 -1.57612e-05 -1.72589e-05 -3.44204e-05 -0.000366939 -0.000286469 -6.92401e-05 -1.1312e-06 -6.66803e-06 0.000864314 -0.000198022 -2.29657e-05 -6.90486e-05 -0.000875638 0.00013121 -1.37433e-07 -0.000201214 0.000644387 4.21874e-05 -9.96736e-07 -1.19071e-08 -7.20763e-06 -4.31362e-05 
0.0209594 -0.000343928 0.230881 -0.00127704 -0.00103297 -0.00448051 -2.81051e-05 -0.000102381 -0.0225113 -0.00988647 -0.000421462 0.0843797 -0.000221256 -0.000912951 -0.000263727 -0.0214286 -0.00206152 -2.45307e-05 0.0434069 0.00392697 -0.0314341 -0.0774781 0.00160052 -0.000129998 0.00993398 -0.00753539 -0.000950398 -0.0003905 -0.00020062 -0.0199784 0.0123989 -0.00123056 -0.00121753 0.0121381 0.0013899 0.0425275 -0.000269509 0.0637024 -0.000219348 -4.11923e-05 -0.10153 -2.43985e-05 0.000704824 5.35672e-05 -0.000621823 -0.00536678 -0.000543172 -0.000248749 -0.000575172 -2.62806e-05 -0.00640771 0.0193868 -0.0224938 -0.000618859 -0.000207971 0.0131658 -0.0536302 -0.000141219 6.67243e-05 0.00146805 0.0160888 0.001156 -9.22496e-05 -0.000903193 -9.00353e-05 -0.0153313 -0.000332385 -0.0076557 -0.0314391 -0.0162011 -1.05748e-05 0.000469083 -0.0861925 0.0203453 -0.00163744 -0.00213725 -0.000621008 -0.0034287 0.0128437 -0.00250773 -0.0115596 0.112728 -0.0990298 -0.00689814 -0.000358549 -0.00169543 -0.00740022 0.050694 -0.00372263 0.030679 0.0168147 0.000982616 -3.82059e-05 -0.128267 -0.0216169 -0.000542252 -2.0905e-05 0.000286377 -0.00112916 0.0241889 
-0.00277124 -3.4277e-06 -0.00127704 0.00370641 -7.37716e-05 -3.56571e-05 1.14569e-06 5.00295e-08 -0.000252462 -3.7628e-05 -0.000214105 -0.00229498 1.62707e-05 -1.47072e-05 -2.72926e-06 -0.00135843 0.000101536 -1.6633e-07 -0.00185087 -6.86077e-05 0.00135896 0.00254211 -7.74681e-05 1.90761e-06 -0.00134709 -1.98044e-05 -6.63666e-05 3.62475e-05 -2.97809e-06 0.000165551 4.37741e-05 -1.18972e-05 1.2707e-05 -0.000439526 -1.36566e-05 -0.00134089 1.53052e-05 -0.000639115 -9.08818e-07 1.12664e-05 0.00154991 1.94626e-05 -6.87783e-06 2.00087e-06 -1.10798e-06 0.0011731 1.20428e-05 -5.61501e-06 -0.000128753 -3.94687e-07 0.00060214 -0.000619071 -0.000296342 -0.000469509 2.83584e-05 5.02659e-05 0.00225996 -1.81645e-06 -7.24111e-07 -0.000157527 -0.000131064 -3.7262e-05 -9.86635e-07 -5.0666e-06 -3.72387e-07 -0.000601903 4.62483e-05 -4.14586e-06 -0.000331704 -0.000456449 2.78789e-06 -0.000766744 0.00206405 -0.000279415 9.91729e-05 -1.39108e-05 4.18985e-08 -4.40782e-05 -0.00011628 -6.84922e-05 -9.05297e-05 -0.00130293 0.00217846 -5.29593e-05 9.68927e-06 7.33856e-05 -0.000263265 0.000399378 -8.34986e-05 1.17607e-06 0.000217751 -2.48883e-07 -5.30538e-07 0.00188175 2.67929e-05 -2.31513e-05 -3.52123e-06 -2.93399e-06 -2.24617e-05 -0.000104006 
0.00133638 2.7686e-05 -0.00103297 -7.37716e-05 0.0231234 0.00185583 1.38305e-05 9.19806e-05 -0.0012507 0.0020316 -2.81505e-05 -0.00649936 0.000109813 -0.000119306 -1.95074e-05 -0.00437736 0.000196594 8.09459e-06 0.00779286 -0.0053705 -0.000275501 -0.00351819 -0.000651768 3.79945e-05 0.00703253 0.000238661 1.80779e-05 0.000527112 9.89616e-05 -0.00154881 -0.00185134 0.000963069 -6.1273e-05 -0.00299708 0.000911764 0.00219611 0.000527069 0.00627847 7.89716e-06 -1.839e-06 -0.00402748 -1.01364e-06 4.83244e-05 5.16222e-06 -4.71285e-05 -0.00125187 0.00100578 -1.87637e-05 0.000715642 -7.25674e-07 -0.0112466 0.00325205 -0.00188411 -0.00265295 1.45576e-05 -0.00245324 -0.00418094 5.43666e-05 6.65229e-06 -0.0003035 0.00241332 0.000744342 7.67521e-05 0.000115672 2.96039e-05 -0.00118647 5.28438e-05 0.00353445 0.00520343 0.00425003 2.70095e-06 0.00266975 -0.00765786 0.00097521 -8.19892e-05 0.00113692 0.000280744 -0.000125257 0.00201605 -0.000408721 -0.000913098 -0.00195664 -0.00570497 -0.00188916 -2.22617e-05 5.42615e-05 -0.00120083 0.00311998 -0.000156274 0.00106418 -0.00978032 -0.000193226 2.08889e-05 -0.000231425 1.27591e-05 -0.000131648 -1.4411e-05 1.37617e-05 0.00154971 -0.000465326 
0.000492389 0.00050953 -0.00448051 -3.56571e-05 0.00185583 0.0128573 3.66361e-05 8.94857e-05 0.00592816 0.0101183 0.00333543 -0.00510319 0.000660365 0.000114394 2.12052e-05 -0.00160684 -3.22311e-05 2.28923e-05 0.00219758 -0.00971574 0.00105428 0.00225124 0.000306515 0.000394171 -0.00288268 -0.000237603 -0.000141453 0.00121377 0.000354483 -0.000493857 -0.0102688 0.00213748 -2.44239e-05 -0.00138223 0.000488187 -0.00192046 0.000564062 -0.00169642 0.000142012 2.63215e-05 0.00277548 2.38619e-06 -2.19041e-05 1.93866e-05 5.64736e-05 -0.000262585 0.00105417 2.72254e-05 0.000279223 4.8228e-06 -0.00879554 -0.00126457 -0.000601713 -0.00109048 3.7476e-05 -0.00925269 -0.00252466 0.000106396 1.66225e-06 -0.000615251 0.00029597 3.53035e-05 9.74848e-06 0.000560529 0.000178238 -0.00412687 -1.86335e-06 0.00936537 -0.00166672 0.00834399 9.49733e-06 -1.59559e-05 -0.00488901 0.00034772 -1.7119e-05 0.00381978 0.000265976 0.000852615 -0.000411359 -0.000184232 -0.000161057 -0.00372294 0.000354857 -0.000739158 -1.04545e-05 -7.46291e-05 0.00542189 -0.00179427 -5.80229e-05 -0.000875741 -0.00924628 -6.21254e-05 2.55955e-05 0.00297325 0.0078659 0.000519909 8.82299e-06 -1.03469e-05 0.000153891 -0.000425996 
-3.12763e-05 -1.8457e-08 -2.81051e-05 1.14569e-06 1.38305e-05 3.66361e-05 8.08968e-05 1.84108e-06 -5.02845e-06 3.09072e-05 1.31091e-05 -4.40049e-05 1.08701e-05 7.19502e-06 -7.53002e-08 -4.12452e-05 2.07586e-07 1.14228e-05 2.52509e-05 -5.13691e-05 -6.38351e-06 -6.62651e-06 -1.72835e-06 1.92479e-05 -1.23092e-05 4.96114e-06 2.09389e-05 8.46074e-06 2.98372e-05 -3.29762e-06 -4.6084e-05 6.78221e-06 -8.626e-08 -9.36551e-06 5.77136e-06 -2.48088e-05 4.96603e-06 -8.65621e-06 1.36955e-07 1.03535e-06 -1.32169e-05 4.47612e-08 -1.54065e-07 -3.70323e-08 3.93414e-07 5.78666e-06 1.73346e-05 1.03912e-06 -2.21218e-06 1.32793e-07 -3.57909e-05 -1.27085e-05 1.3902e-06 -1.32455e-06 9.23959e-06 -5.80602e-05 -1.48611e-05 3.16584e-07 2.24569e-06 -2.71932e-06 7.88264e-06 2.13096e-05 1.65211e-07 4.16797e-07 5.14622e-08 -4.54132e-05 9.02423e-06 3.47729e-05 -1.41772e-05 1.52604e-05 9.76257e-07 9.61463e-06 -4.02626e-06 -4.97238e-06 -4.93473e-08 1.19079e-05 2.37294e-05 6.34183e-08 -2.01707e-06 1.21307e-05 3.48691e-06 -2.40356e-05 8.44155e-06 8.42534e-06 2.34814e-06 2.59305e-06 7.11667e-06 -3.60163e-07 3.3856e-06 -4.43692e-06 -5.36033e-05 -4.90715e-08 8.23534e-07 1.72678e-05 2.91351e-05 5.55201e-07 1.0369e-06 2.44087e-07 1.18694e-05 -2.71472e-06 
-7.00532e-05 1.49858e-06 -0.000102381 5.00295e-08 9.19806e-05 8.94857e-05 1.84108e-06 0.000439733 -1.46719e-05 0.000229382 0.000187356 -0.000161069 3.04789e-05 1.91157e-05 1.90541e-07 -0.00029627 2.00342e-06 1.21102e-06 0.000163726 -0.000233193 -3.02521e-05 -7.36403e-05 1.96749e-05 3.50177e-05 -0.000137463 0.000168985 -9.68747e-06 3.6885e-05 2.01541e-05 -1.55135e-05 -0.000211638 9.71174e-06 3.47653e-06 3.24388e-05 9.59242e-05 -0.000150207 1.7113e-05 0.000223411 1.72801e-06 3.98514e-06 -0.000180024 -7.09896e-08 1.89114e-08 7.16959e-07 4.38089e-07 -9.81998e-06 5.14947e-05 1.75206e-06 0.000154383 6.26849e-08 -0.000178952 4.14585e-05 -2.88506e-05 8.24385e-05 8.06645e-08 -0.000271331 -8.11129e-05 1.01072e-05 8.42402e-07 -2.21973e-05 0.000151309 2.48467e-05 3.658e-05 2.01198e-05 4.50107e-06 -0.000332175 1.14211e-07 0.000212087 -9.40081e-05 0.000157153 5.56314e-07 0.000140317 -0.000146754 4.52869e-05 4.5771e-08 9.66168e-05 3.25774e-05 3.36842e-05 -1.13006e-05 -8.4582e-06 6.10203e-05 -0.000133447 -0.000122424 -3.08007e-05 -4.6617e-07 -2.3783e-06 2.12464e-05 1.46018e-05 1.06397e-05 -8.02428e-06 -0.000190607 2.85842e-06 1.31953e-05 -0.000118842 -1.21417e-05 0.000132912 -3.77069e-07 2.43429e-06 1.54143e-06 4.00806e-06 
0.00529691 0.000833416 -0.0225113 -0.000252462 -0.0012507 0.00592816 -5.02845e-06 -1.46719e-05 0.0751834 0.0123748 0.00162566 -0.0199147 0.000324419 -0.00028606 0.000372642 0.00772741 0.000136654 2.33352e-06 -0.0357772 -0.0134154 -0.00631689 0.0234498 -0.0019082 2.83925e-05 -0.0161937 -0.00195234 -0.00174686 -0.000334968 0.000191023 -0.00315491 -0.0163415 0.00168501 5.57471e-05 -0.0111906 -0.000360875 -0.0188421 -6.74969e-05 -0.0159146 0.000178091 -1.08992e-05 0.0404196 0.000103715 -0.000152026 2.61514e-05 0.000503517 -0.00525419 -0.000103776 -0.000101891 -0.00267723 -8.12548e-06 -0.00659033 -0.012723 0.0012072 -0.010256 -3.4723e-05 -0.00588708 -0.00343726 0.000183645 -1.71443e-06 0.00616574 -0.00374184 -0.000695728 1.00242e-06 -0.000121132 0.000181096 0.00291188 -0.000222945 0.00648291 -0.00665993 0.0270187 -1.7518e-06 0.0140892 0.0145305 -0.00170651 0.000532659 0.00295697 0.000356821 0.000830583 -0.00238976 -0.00081617 -0.00226093 -0.0283135 0.0293954 -0.00448007 3.20099e-06 -0.000494029 0.00620267 -0.0153363 0.00599302 -0.00562399 -0.0282377 6.31581e-05 2.6744e-06 0.028317 0.0157078 0.000165141 -7.81868e-05 -7.58824e-05 -8.81083e-05 -0.00341061 
0.00107307 0.000937543 -0.00988647 -3.7628e-05 0.0020316 0.0101183 3.09072e-05 0.000229382 0.0123748 0.0287016 0.0092385 -0.0100467 0.000797531 0.000873949 0.000192232 -0.00190373 4.57756e-05 1.38558e-05 0.000951924 -0.014208 0.000338645 0.00581069 0.00133458 0.00043325 -0.00375319 0.000338567 0.000657324 0.0012031 0.000420096 -0.00138851 -0.0172609 0.00268899 -4.29989e-06 -0.00410951 0.00116123 -0.00650891 0.000479809 9.37161e-05 0.000159741 4.35137e-05 0.00623097 1.24805e-05 -5.40457e-05 2.76299e-05 0.000210464 -0.00088402 0.0011299 1.75856e-05 0.000425974 2.7967e-06 -0.0170885 -0.00459206 0.00201856 -0.000223734 3.34156e-05 -0.0128361 -0.00252602 0.000287611 4.46547e-06 -0.00068385 0.00086748 -9.33015e-05 0.000235713 0.000688692 0.000248758 -0.0075489 2.91882e-06 0.0132577 -0.00500267 0.0133657 1.5815e-05 -0.00209857 -0.00893552 0.00270223 0.000488001 0.00533085 0.000893036 0.0014442 -0.000808322 -0.000150197 -0.00077265 -0.0102839 0.00340411 -0.00231475 -8.80831e-06 -0.00015731 0.00912321 -0.00378362 0.00039244 -0.00195669 -0.0163824 0.00104515 3.32292e-05 0.00803788 0.0137047 0.00069345 -1.74801e-05 -1.89857e-05 -9.70542e-05 -0.000723938 
0.00358325 0.000874325 -0.000421462 -0.000214105 -2.81505e-05 0.00333543 1.31091e-05 0.000187356 0.00162566 0.0092385 0.0599015 0.0130869 0.000946557 0.00146181 0.000127272 -0.0218981 -0.00032233 2.95664e-07 0.010706 -0.00515632 -0.00510067 -0.0150908 0.00175275 0.000267081 0.0156997 0.00196799 9.88113e-05 0.000275506 0.000134848 -0.00415263 -0.00463379 0.000406313 0.000287322 -0.00491923 0.000537824 -0.0202384 0.000283366 0.028542 -5.90674e-05 -3.80689e-06 -0.0211119 6.39214e-06 0.000117346 -1.92463e-06 8.80468e-05 -0.0011084 0.000479807 -2.55119e-05 0.00552337 6.48901e-07 -0.0309265 -0.00948106 -0.00469169 0.00319312 -2.71779e-05 -0.00658894 -0.0118243 0.000271636 3.92844e-05 -0.00271724 0.0173569 -0.000153599 0.000225181 -4.48753e-05 0.000152243 -0.0419582 -0.000135821 0.00577393 -0.0107355 -4.65658e-05 3.65594e-06 -0.00304981 -0.0205279 0.0164155 -0.000291106 0.00294754 0.00048452 -0.000328159 0.000622652 -0.000564786 0.0058741 0.0113253 -0.0163102 0.00806994 -6.25006e-05 -0.000384444 0.00601939 0.0218936 -0.00140706 0.0207865 -0.00265208 0.00436122 1.23886e-05 -0.0207426 0.00021286 0.00214183 3.43935e-05 -1.6553e-05 -0.000459476 0.00083981 
0.0374418 -0.000197376 0.0843797 -0.00229498 -0.00649936 -0.00510319 -4.40049e-05 -0.000161069 -0.0199147 -0.0100467 0.0130869 0.203461 -0.000514123 0.00116316 -1.34473e-05 0.00978705 -0.00461612 -4.62065e-05 0.0531399 0.00172158 -0.0357208 -0.118393 0.00200192 -0.000389555 0.0717913 -0.00324971 -0.00336087 -0.000881294 -0.000404444 -0.0440275 0.0199217 -0.00212997 -0.000262348 0.00740835 -0.000222493 0.0869403 -0.000505314 0.0411458 -0.000520031 -8.53105e-05 -0.073082 1.94138e-05 0.000324278 -0.000322794 0.000672016 -0.00804141 -0.00108493 -0.000466429 0.00585167 -1.73343e-05 0.00865686 0.0148062 -0.0302166 0.0158041 -0.000404111 0.0047471 -0.0884696 -9.14916e-05 -4.69356e-05 0.00167953 0.00905699 0.000319277 -0.000124226 -0.00153453 -0.000165181 -0.0159637 -0.00091186 -0.011544 0.027108 0.00716425 -2.8082e-05 -0.00261265 -0.0813625 0.0149531 -0.00315628 -0.00283547 -0.000298277 -0.00467147 0.00120804 -0.00826062 0.00297819 0.0920527 -0.140629 0.00497463 -0.000784656 -0.00360128 -0.0130586 0.0288235 -0.00978324 0.0146658 0.00679094 0.00310763 -7.83572e-05 -0.111054 -0.0352556 0.000829161 9.1943e-05 0.000109056 -0.00287501 0.0122515 
-0.000505697 1.19475e-07 -0.000221256 1.62707e-05 0.000109813 0.000660365 1.08701e-05 3.04789e-05 0.000324419 0.000797531 0.000946557 -0.000514123 0.00426521 -1.14223e-05 4.82164e-05 -0.000948492 0.000624703 8.85709e-06 0.000887439 -0.00109887 6.49501e-06 1.4888e-07 0.00059735 0.000100423 -0.000359222 0.00053186 0.000135698 0.000170848 3.39983e-05 -0.000265774 -0.00187893 1.4489e-05 0.000108041 -0.000279554 0.0001854 -0.000490397 0.00014361 0.000714265 6.89271e-06 -3.89071e-07 -0.000700634 1.95333e-06 4.29612e-06 5.45874e-05 0.000124984 -0.000220052 0.000190673 -3.05606e-06 0.000575218 1.83192e-06 -0.00294817 -0.000288524 0.000398361 -0.000388486 0.000405054 -0.00182856 0.000240197 1.71459e-06 -1.29262e-06 -0.000191384 0.000745753 3.16482e-05 2.0024e-05 2.94571e-05 6.49533e-06 -0.00160405 0.00041941 0.00072236 -0.000707905 0.000516471 4.81828e-07 -0.000628095 -0.00155974 -0.00024866 -1.3375e-05 0.000459919 0.000172883 0.000165961 -4.74932e-05 -2.01371e-05 -0.000145657 7.79091e-05 -0.000691039 0.000152066 0.00031368 3.21635e-05 0.00049846 0.000305451 0.000182835 -0.000197249 -0.000656937 0.000114789 5.50647e-05 -0.000499057 0.00142107 0.0001674 7.26005e-06 -2.90564e-06 1.10556e-05 5.72734e-05 
0.000267528 4.0299e-06 -0.000912951 -1.47072e-05 -0.000119306 0.000114394 7.19502e-06 1.91157e-05 -0.00028606 0.000873949 0.00146181 0.00116316 -1.14223e-05 0.00652821 -3.30961e-06 -1.83968e-05 1.01979e-06 -1.05646e-07 0.000188641 -0.000387548 -0.000456415 -0.00139729 -3.63712e-05 1.09672e-05 1.32789e-05 0.000130399 -1.17371e-05 0.00012034 2.5636e-05 -0.000269448 -0.00016403 -8.93607e-06 0.000253073 0.000729981 -1.2115e-08 -0.00210586 5.66276e-05 0.00034102 -3.51714e-06 3.9411e-05 -0.00271326 2.9048e-06 2.68161e-05 1.7027e-06 -1.801e-05 0.000988223 9.91762e-05 9.64176e-05 9.09198e-05 3.54386e-06 -0.000412171 0.000453979 -0.000366638 0.00228434 5.99308e-07 -0.000395472 -0.00113003 3.80172e-07 8.83776e-06 -0.000290977 0.000311282 -4.11194e-05 2.47406e-05 2.73502e-05 1.03268e-05 -0.00253644 4.26544e-05 0.000385408 -0.00090743 -0.000617423 2.65265e-06 -0.00128821 -0.00176768 0.00172784 -4.61999e-06 7.71146e-05 2.47199e-05 -1.38463e-05 -0.0001304 -0.000110101 0.00108887 0.000949426 -0.00199895 0.00139866 -7.46131e-06 -3.6803e-05 0.000685526 -0.000280475 -0.00011902 -0.00016179 0.000165256 0.000549761 9.46665e-07 -0.00229659 -0.000388534 0.000440529 8.62944e-05 2.97914e-06 -2.41273e-05 -0.000144966 
-0.000135108 5.21572e-06 -0.000263727 -2.72926e-06 -1.95074e-05 2.12052e-05 -7.53002e-08 1.90541e-07 0.000372642 0.000192232 0.000127272 -1.34473e-05 4.82164e-05 -3.30961e-06 0.000929877 6.66816e-05 1.85194e-05 6.77524e-07 -0.00032369 -0.000232746 0.00014224 -0.000124083 -3.80157e-05 1.48193e-06 5.70904e-05 2.43707e-05 -1.20721e-06 -4.48164e-06 1.3769e-05 0.000142424 -0.0004814 3.01924e-05 0.000102442 -0.000111701 2.51202e-06 0.000165587 -7.22677e-07 -0.000174106 1.31319e-07 1.64983e-06 0.000158912 1.67967e-06 -3.35754e-07 1.92385e-06 2.29512e-05 -1.0536e-05 -7.82854e-07 3.29143e-05 5.646e-05 1.51454e-05 -0.000567639 -0.000148663 0.000276998 -0.00011691 2.49584e-05 -0.000368551 -2.3482e-05 -1.09477e-07 1.4936e-06 -3.63009e-06 -3.98097e-05 -5.72219e-06 -2.46839e-07 3.50504e-05 4.50526e-08 -0.000130012 2.38976e-05 1.25044e-06 -0.000196346 0.000283958 -4.30593e-08 -7.45163e-05 -0.000244212 0.000142036 1.26542e-05 -1.53423e-06 5.75643e-05 0.0001392 -1.0706e-05 0.000105713 -2.58414e-05 -0.00026728 -0.000102262 -2.84239e-05 1.77465e-05 1.40077e-05 0.000304201 -0.000152834 1.64826e-05 -5.4936e-05 -0.000262892 9.00249e-05 2.80559e-06 0.000100473 0.000388758 1.65172e-05 3.44902e-06 -6.86692e-07 -7.59598e-06 -3.92916e-05 
0.024776 8.77611e-05 -0.0214286 -0.00135843 -0.00437736 -0.00160684 -4.12452e-05 -0.00029627 0.00772741 -0.00190373 -0.0218981 0.00978705 -0.000948492 -1.83968e-05 6.66816e-05 0.11647 -0.00351495 -2.29475e-05 -0.00642805 0.00280083 -0.0198313 -0.0154272 -0.00142658 -0.00082385 0.00970797 -0.0044209 -0.000304977 -0.00239835 -0.000313804 -0.010311 0.000276733 -0.00107643 -0.000121936 0.0025067 -0.00467659 0.0429282 -0.000737411 -0.0526533 -0.000401012 -9.44816e-05 0.0214287 -1.71886e-05 -0.000383891 3.76329e-05 -3.11435e-05 -0.0215211 -0.00125481 4.88643e-05 -0.00721642 -8.47284e-06 0.0411479 0.0214016 0.00801381 0.014052 -0.000426731 0.002712 -0.0136639 -0.000207597 2.20791e-05 0.00644138 -0.0371182 -0.00164692 -0.000222278 -0.000974561 -7.88175e-05 0.0554089 -0.00120599 -0.00748891 0.0255167 0.00992278 -3.12004e-05 0.00811222 -0.00456524 0.00352397 -6.84894e-05 -0.00121706 -0.000457236 0.000428111 0.000206197 0.000479015 0.00437536 -0.0202817 0.000983615 0.00106616 -0.000165715 -0.00384025 0.00460296 -0.0701343 0.00049359 -0.0506852 -0.00638324 -0.00127323 -4.15813e-05 -0.00163904 0.0035642 -0.000163895 7.86449e-05 -0.00044194 0.000222495 -0.0177072 
-0.00201635 -8.02756e-06 -0.00206152 0.000101536 0.000196594 -3.22311e-05 2.07586e-07 2.00342e-06 0.000136654 4.57756e-05 -0.00032233 -0.00461612 0.000624703 1.01979e-06 1.85194e-05 -0.00351495 0.00787746 1.4597e-06 -0.00252007 -0.000127835 0.00151533 0.00429586 0.00044465 -1.158e-06 -0.00257912 0.00218807 0.000113847 0.000178464 2.14572e-05 -0.000117477 -0.00274991 2.55936e-05 -1.1326e-05 -0.000811211 7.63951e-06 -0.00284992 2.48935e-06 0.000321654 1.85303e-05 6.52695e-05 0.00129154 -1.13616e-06 -6.4045e-06 0.000120335 6.5302e-05 0.00113779 3.46505e-05 1.18932e-05 -0.000184156 8.10215e-06 -0.00457252 -0.00128886 0.00301286 -0.00108569 0.000473556 -0.000683153 0.00465768 9.05544e-06 2.05794e-06 -0.000365449 0.000519007 1.19722e-05 8.6079e-07 -2.85141e-06 -7.43278e-07 -0.00235546 0.000851954 0.0011189 -0.00167693 -0.0009685 -1.10688e-07 -0.00229205 -0.000708701 -0.000594003 0.000125777 -1.91537e-05 1.56543e-05 0.000528507 -4.71005e-05 -9.79404e-05 -0.000313367 -0.00168756 0.00171757 -0.000631009 0.000236717 0.0004069 -0.000475334 0.00149824 0.00132853 0.000752662 0.000123994 -6.78176e-05 1.96178e-05 0.00341192 0.00274094 1.8366e-05 1.51239e-07 -9.50109e-08 -1.34254e-06 9.13895e-06 
-2.07917e-05 1.04152e-08 -2.45307e-05 -1.6633e-07 8.09459e-06 2.28923e-05 1.14228e-05 1.21102e-06 2.33352e-06 1.38558e-05 2.95664e-07 -4.62065e-05 8.85709e-06 -1.05646e-07 6.77524e-07 -2.29475e-05 1.4597e-06 8.86055e-05 2.82985e-05 -3.42945e-05 -2.64421e-06 -1.34872e-05 5.26711e-06 6.41879e-06 -2.28133e-05 1.82827e-06 8.64616e-06 1.16678e-05 1.64869e-05 -4.05049e-06 -3.37515e-05 4.48145e-06 1.29757e-06 1.41347e-05 9.10131e-06 -2.02046e-05 8.85199e-06 -1.43205e-05 -8.36566e-08 4.77607e-07 -2.35478e-05 2.09658e-07 -1.68747e-07 6.40231e-07 6.40545e-07 3.54903e-06 1.1766e-05 5.09343e-07 1.23486e-06 -1.15448e-08 -2.25587e-05 9.52704e-07 -4.26878e-07 1.15524e-05 6.9951e-06 -3.5731e-05 -8.79616e-06 -1.42204e-08 8.9147e-07 3.37999e-06 3.26948e-06 1.40211e-05 -2.35008e-08 6.49334e-07 7.27112e-08 -3.03457e-05 7.2324e-06 2.17624e-05 -4.7574e-06 6.68172e-06 8.92338e-08 1.06315e-05 -5.50475e-06 -6.4384e-06 8.24184e-07 6.04897e-06 1.68557e-05 2.31462e-06 -2.39092e-06 1.00551e-05 4.0242e-06 -2.68531e-05 1.05196e-05 3.72099e-07 2.62272e-06 4.52198e-07 -9.97024e-07 -1.471e-06 -1.06621e-06 -4.41538e-06 -3.1348e-05 -9.94913e-07 2.76895e-06 -8.74905e-07 1.81345e-05 1.44249e-06 3.693e-07 3.12884e-07 1.15298e-05 -2.91808e-06 
0.0398712 -0.000439257 0.0434069 -0.00185087 0.00779286 0.00219758 2.52509e-05 0.000163726 -0.0357772 0.000951924 0.010706 0.0531399 0.000887439 0.000188641 -0.00032369 -0.00642805 -0.00252007 2.82985e-05 0.249052 -0.00410158 -0.0322446 -0.118577 -0.00460269 0.000115411 0.0743802 0.00557335 0.00869522 0.000597758 0.000180574 -0.00609769 0.00697839 0.000508832 -0.000941994 0.0434672 0.0021549 0.0714688 0.000276969 0.052129 -0.000373624 -1.44624e-05 -0.14743 -8.97142e-05 0.000602098 -0.00030294 -0.00149781 -0.0122502 0.000652735 -8.74117e-05 0.00742093 -2.30394e-05 -0.0303096 0.0521713 -0.0160658 0.0426413 -0.000163569 -0.0120192 -0.0876885 0.0001163 -9.99928e-05 -0.0175803 0.0119488 0.00461216 0.000117432 2.73914e-05 -5.46813e-05 -0.0127913 -0.000260816 0.00363863 0.0388075 -0.0368609 4.51734e-06 0.00628537 -0.11403 -0.00690084 -0.00231528 8.2779e-07 0.000226781 0.00309622 -0.00171517 0.00223509 -0.000867224 0.0744894 -0.0890134 -0.00342029 -0.000454648 5.03335e-05 -0.0107645 0.0225582 -0.00585289 0.0135571 0.00325137 -0.00190941 -4.18741e-06 -0.117692 -0.0210401 -0.0012683 0.000246049 7.20731e-05 0.00168258 0.00166625 
0.000691435 -0.000910287 0.00392697 -6.86077e-05 -0.0053705 -0.00971574 -5.13691e-05 -0.000233193 -0.0134154 -0.014208 -0.00515632 0.00172158 -0.00109887 -0.000387548 -0.000232746 0.00280083 -0.000127835 -3.42945e-05 -0.00410158 0.0399302 0.00154379 -0.000502484 8.76659e-05 -0.00081037 -0.00128737 0.000411401 0.000506285 -0.00146605 -0.000418682 0.00240131 0.0135425 -0.00267266 9.40813e-05 0.00547934 -0.00129147 -0.00847373 -0.000721974 0.00321229 -0.000174294 -3.61528e-05 -0.0137042 -0.000130422 -2.71779e-05 -1.70842e-05 -0.00222311 0.00129461 -0.0013844 1.18192e-05 -0.00045752 -7.28244e-07 0.00832762 0.00199428 0.00267465 0.00444299 -0.000299944 0.0174931 0.00698107 -0.000315487 -4.89423e-06 -0.00180902 -0.000362887 -0.00149197 -0.000209823 -0.000686017 -0.000247549 0.00515147 -0.000287406 -0.0128808 -0.00320841 -0.0289158 -1.6659e-05 -0.014479 0.00498648 -0.00251146 0.000109572 -0.00555807 -0.00138924 -0.000949836 0.00107585 0.000276365 0.00140115 0.0108876 0.00472571 0.00304096 -7.90478e-05 0.000218046 -0.00572798 0.0042347 0.000693314 0.00215852 0.028852 -0.00133268 -6.13334e-05 -0.00504439 -0.00847436 -0.000976814 2.37432e-05 -1.62572e-05 -4.14871e-05 0.000885468 
-0.0404139 -9.94238e-05 -0.0314341 0.00135896 -0.000275501 0.00105428 -6.38351e-06 -3.02521e-05 -0.00631689 0.000338645 -0.00510067 -0.0357208 6.49501e-06 -0.000456415 0.00014224 -0.0198313 0.00151533 -2.64421e-06 -0.0322446 0.00154379 0.0954556 0.0373802 -0.0035554 0.000190611 -0.00830703 0.00116284 -0.00199799 0.000375208 -1.53536e-05 0.0239548 8.38797e-05 0.000593199 0.000740217 -0.0135943 -0.000561673 -0.00444389 -1.15381e-05 -0.0135742 0.00020698 8.1216e-05 0.0288213 -1.75251e-05 -0.000142103 -1.99806e-05 -0.000103194 0.0130235 0.000174195 0.000204306 -0.00399739 -2.40118e-06 4.86596e-05 -0.0169659 -0.00750113 -0.0134341 0.000370442 0.00173092 0.0347557 -3.24391e-05 -4.06869e-05 -0.00254464 -0.00449052 -0.00090363 -2.21149e-05 0.000480955 -1.16499e-05 0.00507924 0.00116763 0.00426474 -0.00829461 -0.00682073 2.29544e-06 -0.0165248 0.0263982 -0.0044355 0.000992623 -0.000208615 -0.000104817 -0.000428096 -0.00206977 -7.72356e-05 -0.00359364 -0.0299023 0.026057 -0.0046424 0.000123224 0.00262394 0.00322161 -0.00585878 -0.0021728 -0.00649489 0.00516913 -0.00112667 1.46481e-05 0.0432946 0.00116354 -0.000298565 -3.48546e-05 -0.000100586 0.000628102 -0.00458155 
-0.0449144 -4.08538e-05 -0.0774781 0.00254211 -0.00351819 0.00225124 -6.62651e-06 -7.36403e-05 0.0234498 0.00581069 -0.0150908 -0.118393 1.4888e-07 -0.00139729 -0.000124083 -0.0154272 0.00429586 -1.34872e-05 -0.118577 -0.000502484 0.0373802 0.200177 0.00225336 0.000251538 -0.0949877 -0.000814566 -0.00434884 -0.000424266 8.03131e-05 0.0173002 -0.0148321 0.000473712 0.000203875 -0.0313433 -0.000791222 -0.0930701 -2.76177e-05 -0.0399849 0.000582023 5.63368e-05 0.123877 3.64569e-05 -0.000513032 9.05209e-05 -0.000169008 0.0115154 2.63733e-05 -0.000172252 -0.00873063 -7.34365e-07 0.000977775 -0.0448575 0.0234027 -0.035858 0.000300711 0.00419573 0.116594 -9.46638e-05 -5.27307e-05 -0.00230382 -0.00790453 -0.00213773 -6.76464e-05 0.000374243 6.50204e-05 0.0158839 0.000550422 0.00457383 -0.0431926 0.00393378 2.02248e-05 -0.0386729 0.106818 -0.0201829 0.0030578 0.00121089 -1.84882e-05 -0.00278161 -0.00685827 0.00233568 -0.0062436 -0.094277 0.132801 -0.009343 0.000681127 0.00151441 0.0115257 -0.0199256 0.00742625 -0.00896059 0.00396662 -0.00251153 5.21823e-06 0.136531 0.0323987 -0.00159277 -0.000260321 -0.00025734 -0.000395875 -0.00928106 
-0.00797404 -2.65061e-05 0.00160052 -7.74681e-05 -0.000651768 0.000306515 -1.72835e-06 1.96749e-05 -0.0019082 0.00133458 0.00175275 0.00200192 0.00059735 -3.63712e-05 -3.80157e-05 -0.00142658 0.00044465 5.26711e-06 -0.00460269 8.76659e-05 -0.0035554 0.00225336 0.0481653 -4.98548e-05 -0.0123078 0.000433003 -0.000322414 0.000116802 5.3596e-05 -0.00284092 -0.00271652 -8.3594e-05 5.9867e-05 0.0015138 0.000467836 -0.0138784 3.62404e-05 -0.00604013 9.85717e-05 -6.52946e-06 0.00203658 -6.09783e-06 -6.63908e-05 2.93935e-05 -0.000109734 0.00386482 -5.6771e-05 -9.55561e-06 -0.000352224 -3.39722e-06 -0.00402517 -0.00419425 0.00237804 -0.000903423 0.000118883 -0.00202353 0.0033701 -1.23158e-05 2.28083e-05 -0.000218001 -0.000952649 -0.000333364 -4.2132e-06 -0.00011951 8.90098e-05 -0.0104614 0.000226918 0.000930409 -0.00461264 -0.00358672 6.69274e-07 -0.0102983 0.00456784 -0.00299769 -8.79108e-05 0.000339043 0.0003937 -0.000112942 -0.00068652 -0.000970983 0.00431997 0.0016287 -0.0038959 0.0154426 5.85655e-05 0.000170858 -0.00210175 0.00395708 -0.000814208 -0.00184953 0.00232464 -0.00028245 2.49939e-05 -0.0053528 0.00380939 -0.000281726 0.000145041 -2.36076e-05 1.63905e-05 0.00873695 
-0.000409117 9.13959e-07 -0.000129998 1.90761e-06 3.79945e-05 0.000394171 1.92479e-05 3.50177e-05 2.83925e-05 0.00043325 0.000267081 -0.000389555 0.000100423 1.09672e-05 1.48193e-06 -0.00082385 -1.158e-06 6.41879e-06 0.000115411 -0.00081037 0.000190611 0.000251538 -4.98548e-05 0.00117838 -0.000385025 6.03665e-06 -1.25315e-05 8.41814e-05 6.98649e-05 4.19431e-05 -0.000454533 0.000109467 -8.21313e-07 -0.000155244 4.15339e-05 -8.52462e-05 6.74594e-05 0.000348506 4.77762e-05 3.21671e-07 0.000172272 1.92505e-07 2.81335e-06 -8.92224e-07 6.15139e-05 -5.84118e-05 0.000119198 2.59742e-05 8.10687e-05 7.29619e-08 -0.000313332 -0.000161755 -8.50861e-05 -0.000135485 1.53401e-05 -0.000724727 -8.49325e-05 1.70402e-05 -3.69452e-07 -6.2009e-05 0.000193407 0.000110203 8.90378e-06 9.58143e-05 5.8744e-06 -0.000417261 2.51124e-05 0.000461445 -0.000258931 0.000622121 2.90875e-06 0.000306177 7.80156e-05 -5.15757e-05 1.51289e-06 8.84222e-05 4.23413e-05 3.71876e-05 -3.38265e-05 1.14182e-06 -4.33076e-05 -0.000382905 -3.54361e-05 -8.71755e-05 2.25712e-06 -6.81145e-06 0.000167752 0.000158581 -2.38296e-05 -3.21082e-05 -0.000628758 -4.37207e-06 2.14718e-05 0.00029881 0.000105419 0.000112567 -2.59837e-07 1.49119e-07 3.85241e-05 -3.10412e-05 
0.0321745 -1.21866e-05 0.00993398 -0.00134709 0.00703253 -0.00288268 -1.23092e-05 -0.000137463 -0.0161937 -0.00375319 0.0156997 0.0717913 -0.000359222 1.32789e-05 5.70904e-05 0.00970797 -0.00257912 -2.28133e-05 0.0743802 -0.00128737 -0.00830703 -0.0949877 -0.0123078 -0.000385025 0.231539 9.15748e-05 0.00531079 -0.00118348 -0.000130745 -0.0202137 0.0112747 -0.000967443 -2.5924e-05 -0.005966 -0.00116828 0.0672755 -0.000333188 0.0355035 -0.000300246 -4.97078e-05 -0.0688738 -1.66859e-05 -0.000429961 -8.93816e-05 0.000267451 -0.0139001 -0.00053589 -0.000220521 -0.00276546 1.20902e-05 -0.0323398 -0.00997075 -0.0149662 0.0154414 -0.0002108 0.0110076 -0.0702115 6.37598e-05 8.09072e-05 -0.00124316 0.00134754 -0.00027969 -8.90058e-05 -0.000610464 -5.17605e-05 -0.0057946 -0.000530121 -0.00561791 0.0872868 -0.0154872 -1.49858e-05 -0.0177375 -0.0950905 0.0171914 -0.00148299 -0.00162349 -0.000128258 -0.00366888 0.00906328 -0.00303089 -0.00299929 0.0398693 -0.0986857 0.00307978 -0.000355303 -0.00194942 -0.00917224 0.006582 -0.00426298 0.010436 -0.0129428 -0.000772213 -5.00819e-05 -0.0679058 -0.0214584 -0.00217266 -0.000189007 -5.72181e-05 0.0012482 -0.00986392 
-0.00143016 -2.23174e-05 -0.00753539 -1.98044e-05 0.000238661 -0.000237603 4.96114e-06 0.000168985 -0.00195234 0.000338567 0.00196799 -0.00324971 0.00053186 0.000130399 2.43707e-05 -0.0044209 0.00218807 1.82827e-06 0.00557335 0.000411401 0.00116284 -0.000814566 0.000433003 6.03665e-06 9.15748e-05 0.0248008 0.000730252 4.06726e-05 2.42274e-05 -0.00152994 -0.00188534 -7.07229e-05 2.30464e-05 0.00154321 -1.73904e-05 -0.00374183 -1.04331e-05 0.00402513 -4.38824e-06 7.68476e-05 -0.0067182 -5.75194e-06 -4.7049e-06 0.000111343 2.71138e-05 5.80693e-05 5.24961e-05 0.000110374 0.000534783 2.35445e-05 -0.00723562 0.000243233 0.00682344 0.0026458 0.000376278 -0.00265553 0.00131252 4.34799e-05 -5.14716e-06 -0.00136955 0.00193054 0.000506811 1.46676e-05 -2.82792e-05 -4.56297e-06 -0.00364157 0.000911052 0.00202568 -0.00260552 -0.002017 3.79339e-07 -0.00489058 -0.0069312 -0.000754377 3.37032e-05 7.58922e-05 -4.73452e-06 0.00272553 -3.55421e-05 -0.000421885 0.00248219 -0.00607025 -0.00346779 -0.00136935 0.000181762 -0.000113817 0.0012539 0.00121661 0.00186902 5.8968e-05 0.0014519 -0.000127843 1.74059e-05 0.00221596 0.00194958 0.000152895 3.29974e-06 3.35611e-05 -0.000142647 -0.000447553 
0.00121387 -2.29493e-05 -0.000950398 -6.63666e-05 1.80779e-05 -0.000141453 2.09389e-05 -9.68747e-06 -0.00174686 0.000657324 9.88113e-05 -0.00336087 0.000135698 -1.17371e-05 -1.20721e-06 -0.000304977 0.000113847 8.64616e-06 0.00869522 0.000506285 -0.00199799 -0.00434884 -0.000322414 -1.25315e-05 0.00531079 0.000730252 0.0223173 -0.000110859 9.04358e-05 0.000465138 -0.000464473 -7.24238e-05 -1.0688e-05 -0.00177094 -5.38518e-05 -0.00145843 -2.16964e-05 0.00159891 -1.91014e-05 -1.41744e-06 -0.00910982 -5.20291e-06 -3.7839e-05 -1.18688e-05 -8.50368e-05 -0.00141331 -3.26153e-05 0.00015302 -0.000764157 4.44646e-08 -0.0108369 -0.00357417 0.00565593 0.00642486 9.45429e-05 -0.000866796 -0.00130027 -1.11064e-05 5.31219e-05 -0.000186195 -0.000934421 0.00141913 -4.78371e-06 -5.51624e-05 -5.22421e-06 0.000969554 0.000396011 -0.000243662 0.000554002 -0.00332789 -4.99396e-08 -0.0046151 -0.00651337 -0.0013425 0.00012607 -0.00013044 2.01087e-06 0.00027579 0.000795536 0.00063874 -1.53858e-05 -0.00234906 0.00184145 0.00252754 0.000156868 0.000376567 -0.000287357 -0.000291004 0.00050021 -2.71325e-05 0.00118946 -0.000243022 -2.07055e-06 -0.00182736 0.000825575 -0.000106609 -2.92754e-06 -1.76088e-05 0.000789875 0.000112158 
-0.00205992 -4.21072e-06 -0.0003905 3.62475e-05 0.000527112 0.00121377 8.46074e-06 3.6885e-05 -0.000334968 0.0012031 0.000275506 -0.000881294 0.000170848 0.00012034 -4.48164e-06 -0.00239835 0.000178464 1.16678e-05 0.000597758 -0.00146605 0.000375208 -0.000424266 0.000116802 8.41814e-05 -0.00118348 4.06726e-05 -0.000110859 0.00511459 5.44799e-05 0.000195969 -0.0013853 8.84321e-05 2.80302e-05 0.000604364 0.000626214 -0.00087201 0.000628771 0.00016867 -2.55678e-06 5.8821e-05 -0.00172529 1.52332e-05 -6.25341e-06 5.67224e-06 8.59276e-06 0.00189661 0.000937684 -6.03054e-06 0.000548798 2.23021e-06 -0.00154239 -0.000644448 -0.00035378 -0.000633698 2.13167e-06 -0.00144941 -0.00052469 2.57778e-05 6.61112e-06 -0.000238083 0.00172123 5.49557e-05 9.57657e-06 0.00019786 9.74019e-06 -0.00282453 1.87549e-05 0.00163931 -0.000724079 0.000581261 4.98216e-06 0.000129429 -0.000186045 -0.000187077 5.74458e-05 0.000968575 3.83778e-05 0.000268584 -1.4313e-05 -6.28855e-05 -0.000137188 -0.000257549 -0.00119398 -9.22787e-05 -2.94057e-06 0.000146248 -0.000254073 0.00280573 -2.4141e-05 0.00075199 -0.00143374 0.000167422 1.01288e-05 -9.51796e-05 0.000205398 -1.16463e-05 2.708e-06 1.81425e-05 -1.3832e-05 0.000335224 
-4.44761e-05 1.63503e-07 -0.00020062 -2.97809e-06 9.89616e-05 0.000354483 2.98372e-05 2.01541e-05 0.000191023 0.000420096 0.000134848 -0.000404444 3.39983e-05 2.5636e-05 1.3769e-05 -0.000313804 2.14572e-05 1.64869e-05 0.000180574 -0.000418682 -1.53536e-05 8.03131e-05 5.3596e-05 6.98649e-05 -0.000130745 2.42274e-05 9.04358e-05 5.44799e-05 0.000899153 2.33379e-06 -0.000582965 0.000152189 4.97128e-05 -0.000115364 3.68719e-05 -0.00018131 4.1334e-06 -2.08177e-05 4.31371e-06 1.61475e-05 -3.06697e-05 -2.06596e-07 -9.63806e-07 -5.28583e-07 -1.89086e-06 -2.66954e-06 4.43949e-05 2.01199e-05 5.16893e-05 9.65608e-06 -0.00061557 -0.000111458 0.000162227 -0.000115316 1.34496e-05 -0.000470009 -6.10805e-05 3.77704e-06 1.7379e-07 -2.23473e-05 0.000143853 7.28545e-05 8.84657e-07 6.52434e-05 1.50467e-05 -0.000376469 1.10515e-05 0.000374601 -8.24421e-05 0.000186533 1.18836e-06 -0.000122439 -0.000296637 -6.23616e-05 3.56264e-05 4.05079e-05 6.24224e-05 8.91443e-06 -2.06959e-05 9.5707e-05 -2.86463e-05 -0.000109032 8.85797e-05 -1.76027e-05 3.77149e-06 3.24743e-06 4.43313e-05 -9.94927e-06 6.66984e-05 5.87636e-05 -0.00043516 -8.39909e-06 1.14873e-05 0.000182954 0.000430893 8.34433e-06 4.60604e-06 7.94726e-07 4.31487e-05 -1.27008e-05 
-0.0205161 -7.90256e-05 -0.0199784 0.000165551 -0.00154881 -0.000493857 -3.29762e-06 -1.55135e-05 -0.00315491 -0.00138851 -0.00415263 -0.0440275 -0.000265774 -0.000269448 0.000142424 -0.010311 -0.000117477 -4.05049e-06 -0.00609769 0.00240131 0.0239548 0.0173002 -0.00284092 4.19431e-05 -0.0202137 -0.00152994 0.000465138 0.000195969 2.33379e-06 0.0738977 0.00200949 -0.000261188 0.000153706 -0.00457962 -0.000240475 -0.0205148 -1.18377e-06 -0.0135805 6.15502e-05 2.79881e-06 0.00115324 -1.60095e-05 -7.37765e-05 -5.57969e-05 -0.000234028 0.00680916 9.47896e-05 0.000267631 -0.00241215 5.78113e-06 0.00696515 -0.00549325 -0.00463759 -0.00273866 -3.75366e-05 0.000271744 0.0122966 -2.59351e-05 -3.81439e-05 -0.00296026 -0.00344243 -0.000707787 -1.04672e-05 0.00143998 -8.6428e-06 0.0030836 -0.000113656 0.001622 -0.0140457 -0.010945 4.65861e-07 0.00669734 0.0290664 -0.0054305 -0.000122988 -0.000119382 -0.000119769 -0.000252572 -0.0023486 0.00662689 -0.00299568 -0.0171892 0.0377276 -0.000154603 -3.02565e-05 0.00378173 0.00980558 -0.0084169 -0.00144842 -0.00524751 0.00657468 -0.000900022 -1.15332e-05 0.0213552 -0.00419221 -0.000335666 3.33129e-05 -7.09293e-05 -9.16347e-05 -0.0028123 
0.000341898 -0.000911849 0.0123989 4.37741e-05 -0.00185134 -0.0102688 -4.6084e-05 -0.000211638 -0.0163415 -0.0172609 -0.00463379 0.0199217 -0.00187893 -0.00016403 -0.0004814 0.000276733 -0.00274991 -3.37515e-05 0.00697839 0.0135425 8.38797e-05 -0.0148321 -0.00271652 -0.000454533 0.0112747 -0.00188534 -0.000464473 -0.0013853 -0.000582965 0.00200949 0.0348965 -0.00290352 -0.000335028 0.00441473 -0.00131216 0.00916945 -0.00069148 0.00565235 -0.000284361 -8.19329e-05 -0.0137958 -4.07482e-05 6.50301e-05 -0.000333522 -0.000475932 0.000825727 -0.00129482 -7.0015e-05 -0.000344821 -3.00428e-05 0.0258592 0.00521583 -0.014344 0.00458906 -0.000510637 0.0140816 -0.0099132 -0.00028357 -2.47738e-05 0.00110487 5.18957e-05 -0.000467269 -0.000196228 -0.000683628 -0.000249195 0.00525821 -0.000746387 -0.0128268 0.00725343 -0.0117521 -1.60016e-05 0.00489173 0.0115998 -0.000440777 -0.00136667 -0.0054943 -0.00101753 -0.00272948 0.000217041 -0.00106316 0.00132238 0.0130607 -0.0110971 0.00266146 -0.000801726 4.76642e-05 -0.0115586 0.00532011 -0.00999238 0.00235791 0.0159504 -0.000488573 -7.49861e-05 -0.0157378 -0.0286096 -0.000555408 1.88812e-05 3.02576e-05 9.82128e-05 0.00130497 
0.000336701 1.57042e-06 -0.00123056 -1.18972e-05 0.000963069 0.00213748 6.78221e-06 9.71174e-06 0.00168501 0.00268899 0.000406313 -0.00212997 1.4489e-05 -8.93607e-06 3.01924e-05 -0.00107643 2.55936e-05 4.48145e-06 0.000508832 -0.00267266 0.000593199 0.000473712 -8.3594e-05 0.000109467 -0.000967443 -7.07229e-05 -7.24238e-05 8.84321e-05 0.000152189 -0.000261188 -0.00290352 0.00354459 -1.24059e-05 -0.000494046 1.95174e-05 -0.000206978 1.24243e-05 -0.000413381 5.77551e-05 4.62507e-07 0.00153822 6.63007e-06 -6.46076e-06 -2.21412e-06 2.83664e-05 -7.40724e-05 0.000171202 -7.37877e-07 -4.56514e-05 -2.10117e-07 -0.00231316 -0.000562444 0.000122706 -0.000473089 7.43997e-06 -0.00230153 -0.000643765 7.48769e-06 1.25183e-06 6.83939e-05 -8.71196e-05 -5.0346e-06 3.77333e-05 0.000160327 2.03517e-05 -0.000615854 -2.1678e-07 0.0023608 -0.000482824 0.00264817 1.93876e-06 0.000363388 -0.00111948 -0.000223397 1.76572e-05 0.00016568 4.4852e-06 0.000386651 -0.000104294 -4.64252e-05 -0.000130962 -0.00129073 0.000623555 -0.000289498 -2.16231e-06 -2.25659e-05 0.000542242 -0.000620941 0.000151228 -0.000223203 -0.00296569 -2.64102e-05 7.76925e-06 0.0018235 0.00222142 1.20704e-05 -2.45385e-06 -3.11761e-06 6.78525e-05 -0.000137624 
-0.000939162 1.34673e-07 -0.00121753 1.2707e-05 -6.1273e-05 -2.44239e-05 -8.626e-08 3.47653e-06 5.57471e-05 -4.29989e-06 0.000287322 -0.000262348 0.000108041 0.000253073 0.000102442 -0.000121936 -1.1326e-05 1.29757e-06 -0.000941994 9.40813e-05 0.000740217 0.000203875 5.9867e-05 -8.21313e-07 -2.5924e-05 2.30464e-05 -1.0688e-05 2.80302e-05 4.97128e-05 0.000153706 -0.000335028 -1.24059e-05 0.00381206 -0.000205333 1.97643e-05 -0.000489312 1.99835e-05 -0.000449221 -2.29932e-06 -2.81844e-07 7.49216e-05 4.26154e-06 -7.03722e-06 8.93722e-07 -3.51578e-06 0.000403004 6.92111e-06 7.0854e-05 0.000573318 2.13914e-05 0.000144276 -0.000290609 0.000605553 -4.52005e-05 2.54983e-06 -0.0003799 0.000172826 -5.4691e-07 -1.17908e-06 -5.97219e-05 -9.48783e-05 -2.10681e-05 2.92513e-06 2.93769e-05 2.40883e-06 -0.000969365 -2.70651e-06 -5.29469e-05 -0.000557666 -0.000489826 5.0963e-07 -0.000716404 -0.000207145 0.000310153 1.9426e-05 -4.34073e-06 1.39725e-05 9.98727e-05 -4.11865e-05 8.81908e-05 7.51751e-05 -0.000705422 -0.000123534 0.000813086 3.66651e-05 -5.28987e-06 -0.000123162 0.000123717 5.00512e-05 -3.46022e-05 0.00026587 0.000219253 2.25655e-05 -0.000394033 0.00019589 4.43782e-05 1.95771e-05 -3.21265e-06 -1.83809e-05 -7.38447e-05 
