0.00121739 7.2517e-05 1.37991e-07 0.000279639 0.00014479 0.000106187 1.30835e-07 -5.35367e-06 -0.000531977 -7.92042e-05 -1.28038e-05 5.19301e-06 -0.000351735 -8.66697e-06 0.000337818 -0.000260989 -0.000411242 -0.000403734 -0.000531567 -0.000683084 -0.000548378 -0.000430875 2.51169e-06 5.02625e-06 0.000198632 0.000185338 -0.000211205 0.000450917 -0.000280726 -0.000511757 8.55818e-06 -7.00915e-05 1.99219e-05 3.72914e-05 5.40431e-05 -3.68283e-06 0.000162864 0.000433734 1.73411e-06 -0.0005118 0.000273245 -2.46638e-07 -1.00098e-05 6.70494e-05 -4.1394e-06 2.89263e-06 6.71651e-05 -8.7704e-07 3.89795e-05 -9.15178e-06 0.000400648 4.30829e-05 0.000160989 0.000151872 -5.42091e-05 3.68291e-05 8.96616e-05 -7.98208e-07 -7.94515e-05 0.000229233 2.20434e-07 -3.51522e-05 -0.00019527 2.20454e-05 0.000223387 -2.29987e-06 -9.60466e-05 1.30394e-06 0.000335018 7.89684e-05 -9.20321e-06 6.70142e-07 0.000289028 2.36581e-06 -5.33007e-05 2.07138e-06 0.000243894 -5.0012e-07 4.7125e-06 -2.23798e-05 -4.40422e-06 -5.7539e-07 -4.5103e-05 1.16804e-06 -0.00063479 -2.66253e-06 -3.00111e-06 0.000400322 7.49803e-05 -0.000625392 -7.57545e-06 0.000532895 -4.05026e-06 0.000307188 -5.67728e-06 3.47302e-05 8.42158e-05 -6.71344e-05 -0.000138605 3.56681e-05 
7.2517e-05 0.0205772 1.30806e-05 0.00575004 0.0043265 -0.000415895 6.16905e-06 -8.72915e-05 -0.00700237 -0.000563126 0.00334738 0.00062086 -0.00964998 0.000303629 0.0021315 -0.0053608 -0.00942481 -0.00766793 -0.00976143 -0.00819479 -0.00976803 -0.00728229 0.000160071 0.0013697 0.00146575 0.00146891 0.00325103 0.00701331 -0.00823842 -0.0104706 0.000984794 -0.000884098 -1.74439e-05 0.00276286 1.61154e-05 -0.000430186 0.000496658 0.00967636 2.15298e-05 -0.0105136 0.00858771 3.23695e-05 -0.000339406 0.00119594 8.40686e-06 6.45192e-05 0.0010806 1.77253e-06 0.000909641 -0.00020351 0.00503178 0.000385781 0.00605615 -0.000191559 -0.00158966 0.00263005 0.000471866 -1.87089e-05 0.000385682 0.00632345 -3.08504e-05 0.00248273 -0.0060833 3.70762e-05 0.00482482 0.00181152 0.000167072 8.78912e-06 0.00674684 0.000678761 0.00439371 8.39126e-06 0.0022102 0.000264559 -0.00335767 0.000209419 -0.00282432 0.000334197 0.000167551 0.000686476 2.74218e-05 1.1487e-06 0.00154611 1.38433e-05 -0.00495979 0.0024745 -8.59079e-05 0.00440958 7.81669e-05 -0.00767769 0.000992808 0.00674796 -8.86621e-05 -0.0015655 0.00168048 0.000506027 0.000466225 -0.00120639 -0.003926 -0.003096 
1.37991e-07 1.30806e-05 0.000911488 4.68477e-05 1.05574e-05 -1.68232e-06 -1.67392e-08 -5.30746e-06 2.35702e-05 -6.81316e-05 4.6872e-05 1.0346e-06 -6.47853e-05 -5.96033e-06 4.62599e-06 -0.000292673 -0.000139478 -0.000303916 -3.64923e-06 -5.54447e-06 -0.000187907 -2.21752e-05 6.86715e-06 -1.31613e-05 2.29735e-05 1.9955e-06 0.000341665 7.33146e-05 -0.000245381 -2.16589e-05 1.69691e-06 -5.7781e-05 -2.04757e-06 4.0359e-05 4.38163e-07 5.16498e-06 2.7827e-07 -1.3751e-05 8.15642e-08 3.90705e-05 -7.40892e-06 1.57477e-06 8.60561e-05 1.20208e-05 -2.38132e-06 -2.26614e-07 -1.72953e-05 2.21145e-05 -2.19858e-06 3.00003e-06 6.31419e-06 4.26871e-05 3.99156e-05 3.40507e-05 -6.37519e-05 -5.79445e-06 -4.7879e-07 1.35416e-06 -4.67838e-07 7.42965e-06 1.11232e-06 0.000302542 -0.000330107 -6.91522e-08 0.000153287 2.12862e-05 -0.000132741 1.01016e-07 -2.18092e-05 -1.39911e-06 2.7608e-06 -6.47626e-08 -2.35064e-06 -9.13372e-07 -0.000236055 1.46364e-06 -6.96763e-05 -3.15052e-07 4.36733e-06 0.000190749 -1.93329e-07 3.80855e-06 1.29031e-05 2.9364e-06 5.20742e-05 5.04951e-06 2.63723e-06 8.12614e-05 9.73473e-07 5.28103e-05 0.000172542 3.28469e-05 3.564e-05 -0.000208345 4.45994e-07 -5.63995e-06 1.08876e-05 -8.46608e-05 -7.11293e-05 -0.000272645 
0.000279639 0.00575004 4.68477e-05 0.0601275 0.0220083 0.0172308 7.88277e-06 0.000692424 -0.0406423 0.0269588 -0.000704316 0.000210411 -0.0458799 0.00578078 0.00950677 -0.0356551 -0.050854 -0.0357232 -0.0533167 -0.0518061 -0.0529652 -0.0357145 0.00128835 0.000956498 0.0431268 0.00275335 -0.0120887 0.0284424 -0.0346668 -0.054195 0.000233658 -0.00526138 -0.000191672 0.00960513 0.000116878 -0.00176702 0.00076915 0.0537661 2.96385e-05 -0.0508893 0.0327177 0.000719559 0.005334 -5.73569e-05 -0.000275788 9.38175e-05 -0.000622361 0.000112471 0.000564839 -0.000690034 0.0185764 0.000332184 0.011792 0.0100211 0.0333486 0.00304897 0.000728182 0.000238575 0.0425184 0.043103 -9.96163e-05 -0.00199229 -0.0266322 0.000245639 0.0178957 0.0001409 0.00239552 0.000126291 0.050307 0.00305493 0.000475132 5.89866e-06 0.00438382 -5.42477e-05 -0.0164949 7.22856e-06 -0.00882894 -2.41634e-05 0.000420898 -0.00146579 -0.000258525 -2.45828e-05 -0.0013269 4.08786e-05 -0.0427182 0.000307429 -0.000323387 0.052754 0.00357577 -0.0491948 -0.000464412 0.0352686 -0.000238789 0.0304411 -0.000326114 0.00318477 0.00209706 0.0293005 0.000724911 -0.0156572 
0.00014479 0.0043265 1.05574e-05 0.0220083 0.0936709 0.0131883 4.73004e-05 0.00574596 -0.0666754 0.0498027 -0.000480322 0.000130883 -0.0460011 0.00302133 0.00577163 -0.0556081 -0.0850512 -0.0297053 -0.0860774 -0.0822094 -0.0860998 -0.0234061 0.0108963 0.0285103 0.028777 0.00256805 -0.0175405 0.0367478 -0.0548853 -0.0840009 0.000579639 -0.00845513 -4.54067e-05 0.0231662 4.43015e-05 0.0019351 8.7652e-05 0.0763726 -1.9164e-06 -0.0821145 0.0421992 0.000424854 0.00526416 0.00173858 -0.000390952 0.00145943 0.0144515 0.000238693 0.00123218 0.00279133 0.0157385 0.00199535 0.0278898 0.00728635 0.0339827 0.00867905 0.000215302 0.00134156 0.0819039 0.0406811 -7.62404e-05 -0.00313064 -0.0412966 0.00182152 0.017511 0.000162033 0.0329873 0.000212336 0.0861463 0.000628165 0.00286653 5.68904e-05 0.00504637 3.12346e-05 -0.0200621 0.000173033 -0.0214202 0.000136255 0.000259616 -0.0027036 -0.000380004 -1.03322e-05 0.0158021 2.33532e-05 -0.0611308 -0.000112263 -0.000624655 0.0540482 0.000674535 -0.0794636 -0.000576457 0.0331542 -0.000441239 0.0316586 -0.000254664 0.0239519 -9.15452e-05 0.0534922 0.0132977 -0.030685 
0.000106187 -0.000415895 -1.68232e-06 0.0172308 0.0131883 0.0421109 -2.48917e-06 0.00324588 -0.0240287 0.0240764 -0.000474124 0.000189691 -0.0227332 0.00565843 0.00157369 -0.0231864 -0.0297624 -0.00911159 -0.0304824 -0.029776 -0.0299003 -0.0171117 0.000584599 0.00389647 0.0245058 8.14252e-05 -0.00716487 0.00544464 -0.0188746 -0.0305614 -0.000124706 -0.00342165 -8.06089e-05 0.000310244 -1.59261e-05 -0.00061114 -2.19217e-05 0.0286234 1.89446e-05 -0.0291807 0.0121116 0.000361344 0.000144448 0.000166746 -0.000128013 3.56851e-05 -0.000807395 -5.23401e-05 2.3755e-05 -3.36961e-05 0.0026821 -0.000198052 -0.000913309 0.00672974 0.0271686 0.00131659 1.50555e-05 2.80518e-05 0.0279753 0.0178206 -0.000102267 -0.00102068 -0.0149332 0.000166345 0.00307227 0.000116047 0.00654953 3.45126e-05 0.0292805 0.00267952 -0.000246473 -2.78706e-06 0.0022843 -3.96208e-05 -0.00955204 -3.99792e-05 -0.00698982 1.81244e-05 -1.72353e-05 -0.00125405 0.000164816 -1.16603e-05 0.000336837 3.4248e-06 -0.0246355 2.94254e-05 -0.000118277 0.0292127 0.00122731 -0.028303 -0.000322501 0.00919943 -7.76982e-06 0.0235003 -0.000278715 0.00118726 0.000359661 0.025389 0.00554083 -0.0107244 
1.30835e-07 6.16905e-06 -1.67392e-08 7.88277e-06 4.73004e-05 -2.48917e-06 7.3148e-05 3.65766e-07 -4.34175e-05 1.37028e-05 -1.52337e-07 2.41111e-06 -3.33991e-05 2.39197e-06 -4.07524e-07 -3.52707e-05 -5.36685e-05 -4.19393e-05 -5.18381e-05 -4.06043e-05 -5.39625e-05 -3.1251e-05 2.34604e-05 3.26873e-05 1.97255e-06 7.0005e-07 -1.16372e-05 4.39137e-05 -3.14055e-05 -5.13214e-05 4.53683e-07 -9.31857e-07 3.17913e-07 1.71295e-05 -3.22209e-08 1.07185e-05 1.40951e-07 3.73155e-05 -5.75473e-09 -5.21793e-05 2.95818e-05 1.40577e-07 -2.41767e-06 7.01889e-06 6.07775e-09 3.27972e-07 3.73751e-06 5.12389e-06 1.80849e-07 3.89078e-06 3.8923e-07 2.79762e-05 3.11801e-05 -1.11907e-06 2.86059e-06 5.02487e-06 6.06534e-07 3.01474e-06 4.8584e-05 1.60945e-05 1.74709e-07 2.0899e-06 -2.88486e-05 7.16506e-06 1.97375e-05 -8.0516e-08 1.07686e-05 1.42096e-06 4.59386e-05 -1.51527e-07 8.75508e-07 -5.19291e-09 6.02974e-07 1.73265e-05 -1.68496e-05 3.8128e-06 -1.53697e-05 3.26872e-06 1.89938e-06 1.32875e-06 3.19224e-08 3.65996e-08 1.26556e-05 2.65278e-07 -3.34033e-05 5.05279e-09 -4.52994e-07 2.82207e-05 9.55849e-07 -4.85971e-05 2.63503e-06 2.79166e-05 -3.11444e-07 -7.97713e-06 -3.81707e-07 -4.84042e-07 1.72671e-06 1.95455e-05 -4.64995e-06 -2.14272e-05 
-5.35367e-06 -8.72915e-05 -5.30746e-06 0.000692424 0.00574596 0.00324588 3.65766e-07 0.0166312 -0.0108005 0.00740829 0.000289898 -2.09214e-05 -0.00558687 8.4451e-05 0.000277979 -0.00706525 -0.0116937 0.000692755 -0.0130195 -0.012834 -0.00965728 -0.00975494 -2.69333e-05 0.00168906 0.00662609 -5.66331e-05 -0.00207952 0.000115827 -0.0090029 -0.00868688 8.38658e-05 -0.0013904 -3.18207e-05 -0.000335703 6.27527e-06 0.00330211 -1.92585e-05 0.00440372 6.45828e-07 -0.0131625 -0.000659563 -7.34005e-06 1.67717e-07 6.98698e-05 -4.38545e-05 0.000231199 0.000456339 -7.26897e-06 -1.37365e-05 0.00176377 -0.000179793 -8.63425e-05 -0.00042226 0.00442758 0.00420741 -6.1749e-07 1.16329e-06 -1.05535e-05 0.00799766 -0.000119474 -2.3712e-05 -0.000306396 -0.00161608 8.99133e-05 -7.49174e-05 0.000111506 0.00976687 1.697e-05 0.0126041 0.000681327 0.000125255 -9.60913e-07 -0.000122118 4.6959e-06 -0.00115395 -1.53903e-06 -0.00268566 1.34345e-05 0.000668034 -0.000381889 0.00138209 -7.8617e-06 0.00239476 1.79388e-05 -0.00463829 6.84396e-05 -9.57827e-05 0.0094079 0.0013489 -0.0124264 -6.68381e-05 -0.000609128 1.76019e-05 0.0108525 3.17887e-05 0.00326814 0.000216991 0.0135204 0.00872137 -0.00469725 
-0.000531977 -0.00700237 2.35702e-05 -0.0406423 -0.0666754 -0.0240287 -4.34175e-05 -0.0108005 0.225469 -0.0608163 -0.00107927 0.000396091 0.0408498 -0.00677558 -0.00963916 0.00933151 0.103034 0.0274454 0.107898 0.107948 0.0980379 0.0214761 -0.00792736 -0.0229959 -0.0514602 -0.0016932 0.00689577 -0.0328424 0.0880586 0.0965689 -0.000932078 -0.00733779 0.000251974 -0.0168799 -0.000126337 -0.00727882 -0.000599123 -0.0867638 -3.90776e-05 0.101876 -0.0441551 -0.000703758 -0.0115125 -0.00229647 0.0012066 -0.00157162 -0.0122974 -7.06152e-05 -0.00147024 -0.0019431 -0.0164235 -0.0015423 -0.0208653 -0.0136873 -0.0532429 -0.00861126 -0.000740266 -0.00100111 -0.0867657 -0.0515188 -0.000954585 0.00837842 0.0277521 -0.00133839 -0.0184911 -0.00202861 -0.0426755 -0.000200266 -0.10501 -0.00312323 -0.00374524 -4.17814e-05 -0.00786671 0.000167984 0.0249082 -5.30606e-05 0.0569536 -0.000309017 -0.000765024 0.00827287 -0.00143919 0.000111279 -0.0260657 -5.69664e-05 0.07256 -0.00156415 0.00176874 -0.0735483 -0.00447371 0.1096 0.000612359 -0.0358001 0.00126038 -0.0470101 -0.000760262 -0.0265198 -0.00200478 -0.0799983 -0.0763513 0.00841253 
-7.92042e-05 -0.000563126 -6.81316e-05 0.0269588 0.0498027 0.0240764 1.37028e-05 0.00740829 -0.0608163 0.0841718 -0.000939451 -0.000174738 -0.0314929 0.00783559 0.00402603 -0.0505368 -0.0768652 -0.0121583 -0.0758899 -0.0746875 -0.0758554 -0.0213973 0.00170073 0.0215164 0.0439018 4.11356e-05 -0.0156825 0.00770456 -0.0491218 -0.0755719 -0.000179303 -0.00768386 0.000233671 0.00234358 -1.40589e-05 -0.000736512 -0.000132707 0.0620578 1.41713e-05 -0.0733213 0.0178664 0.000346982 -0.000494314 0.000735416 -0.000388983 0.00189297 0.0105849 -8.41623e-05 -0.000137532 0.00333756 0.00295189 -0.000440409 0.00166686 0.00485783 0.0467703 0.00349578 -1.16511e-05 0.000453138 0.0771118 0.0279465 -5.61978e-05 -0.00288479 -0.0354676 0.000124945 0.00856408 -1.18345e-06 0.0477417 0.000135528 0.0758086 0.00144245 -0.000143979 6.07199e-07 0.000477127 -0.000100667 -0.019208 -4.00648e-05 -0.0165235 -1.0181e-05 0.000615668 -0.00179219 -0.000269204 -4.48191e-05 0.0191319 5.95024e-07 -0.0541827 -0.000167158 -0.000486649 0.0483546 0.00505686 -0.0709633 -0.000704469 0.00926729 -0.000304083 0.0488588 -0.000507764 0.0189587 0.000217281 0.0740807 0.0335556 -0.0268346 
-1.28038e-05 0.00334738 4.6872e-05 -0.000704316 -0.000480322 -0.000474124 -1.52337e-07 0.000289898 -0.00107927 -0.000939451 0.0115601 0.000117617 -0.00359837 4.85636e-05 -6.66877e-05 -0.00541372 -0.00234745 -0.00165002 -0.00170011 0.00025876 -0.00154325 -0.00114779 -0.000113623 0.00135155 -0.000890555 -3.85565e-06 0.00651912 -0.000341597 -0.00273556 -0.00155272 0.00052624 -0.000811095 1.05476e-05 -6.0219e-05 5.58002e-07 -5.34655e-07 0.000120327 0.00124411 5.47651e-06 -0.0023872 0.00185218 -1.41118e-05 -0.000480787 0.00106352 0.000160663 2.1935e-05 -0.000176067 9.63943e-05 3.38069e-05 -1.33772e-05 -0.00022482 -4.89411e-05 -0.00019151 -0.000220511 -0.00116121 3.59044e-05 5.98247e-06 -1.50095e-05 -0.00115879 -0.00081119 4.54287e-05 0.00315624 -0.00472557 -3.07317e-05 -0.000212601 0.00211009 0.00275188 -2.88689e-06 -0.00101333 -3.87282e-05 0.00372652 3.31301e-06 0.000596958 0.000146315 -0.00295514 9.55475e-06 0.000643359 0.000286902 4.55169e-05 0.00212535 0.000284785 3.18164e-05 0.00022597 7.58227e-05 0.00228672 0.0021454 0.000111945 -0.00146047 5.34741e-05 0.000615136 0.00118206 -0.000640451 6.12071e-06 -0.000866401 0.00192948 -0.000351044 -4.99118e-05 -0.000929948 -0.0019629 -0.00350245 
5.19301e-06 0.00062086 1.0346e-06 0.000210411 0.000130883 0.000189691 2.41111e-06 -2.09214e-05 0.000396091 -0.000174738 0.000117617 0.00352651 -0.00139768 -1.35889e-05 0.000145538 -0.000122982 -0.000224066 -0.000955348 -0.000191396 -0.00010318 -0.000401249 -0.00201708 -8.56051e-06 -0.000105184 7.7733e-05 6.69706e-05 -0.000560726 0.000262221 0.000588294 -0.000488178 -9.14602e-06 0.00101219 7.83619e-06 5.53126e-05 -1.29212e-06 -7.03952e-05 -4.89595e-06 4.56207e-05 2.74929e-07 -0.00188661 0.00028698 2.36385e-06 -4.50485e-05 2.84002e-05 1.51846e-05 -7.21208e-06 -7.74407e-05 9.66602e-06 2.76417e-06 -1.44232e-05 0.000149172 5.11707e-06 7.10591e-05 7.97906e-05 0.000502999 -1.51649e-05 -3.73092e-06 3.70865e-06 1.02833e-05 0.000411147 -6.1882e-06 0.00021491 -0.0002203 6.93224e-06 -6.95015e-05 1.25353e-05 -0.000477788 1.22111e-06 0.000183494 4.01417e-05 0.000197214 5.32109e-07 9.28926e-05 0.000203926 0.000253234 3.72042e-05 -0.000416071 -1.45471e-06 3.28227e-05 0.000290753 8.96096e-07 2.24289e-06 -0.000114653 1.21111e-06 -0.000615095 1.1042e-05 -8.0084e-06 0.000502725 -2.6174e-05 -0.000786679 0.000105428 0.000586883 -1.39472e-05 3.02031e-05 1.32665e-06 -6.37389e-05 3.8961e-06 -0.000182044 -0.000670435 0.000737327 
-0.000351735 -0.00964998 -6.47853e-05 -0.0458799 -0.0460011 -0.0227332 -3.33991e-05 -0.00558687 0.0408498 -0.0314929 -0.00359837 -0.00139768 0.190088 -0.00680119 -0.00708627 0.0461535 0.0699393 0.0384788 0.0742628 0.0723795 0.0706766 0.0814595 -0.00871003 -0.0103842 -0.0444227 -0.0027283 -0.00260649 -0.0416429 0.0190321 0.0758855 -0.000705972 0.0039795 -0.000491367 -0.0200046 -0.000155259 0.00168632 -0.0022723 -0.0743182 -4.19619e-05 0.0746123 -0.0476314 -0.000762038 -0.0122587 -0.00172794 -0.00251094 6.12119e-05 -0.00329525 -0.00025751 -0.00118565 0.00209787 -0.0201876 -0.00268842 -0.0249958 -0.0144328 -0.0406957 -0.00597941 -0.00101166 -0.000620824 -0.0591588 -0.05031 0.000296311 0.000388053 0.0257342 -0.0016413 -0.0234411 -0.00164584 -0.00421041 -0.000211065 -0.0709967 -0.00349791 -0.00509975 -4.54887e-05 -0.00892368 -0.000916333 -0.0182506 -0.000475612 -0.00171566 -0.000334026 -0.000711867 0.00350025 0.000252547 -6.43438e-05 0.00413552 -4.22925e-05 0.0635016 -0.00188423 -0.000998004 -0.077198 -0.00258437 0.0720272 0.000253002 -0.0426558 -0.000337665 -0.0426634 -0.000702015 -0.0111327 -0.00278925 -0.0383636 0.0141872 -0.00351284 
-8.66697e-06 0.000303629 -5.96033e-06 0.00578078 0.00302133 0.00565843 2.39197e-06 8.4451e-05 -0.00677558 0.00783559 4.85636e-05 -1.35889e-05 -0.00680119 0.0102548 0.000525142 -0.00568743 -0.00856536 -0.00419482 -0.00859569 -0.00824708 -0.00855895 -0.00641089 0.000793244 0.00303454 0.0051417 0.00015232 -0.00209888 0.000849526 -0.00565489 -0.00869329 4.41816e-05 -0.000858452 -3.25062e-05 0.00115911 -2.95744e-06 -3.09243e-05 -4.28899e-05 0.00878781 5.65817e-06 -0.00822633 0.00476174 3.59831e-05 -0.000322184 3.60015e-06 -4.34027e-05 -5.33214e-06 0.000535275 4.0793e-05 -1.36653e-05 -1.84545e-05 0.000401824 1.28016e-05 0.000919533 0.000250519 0.00657435 0.000404049 1.40828e-05 9.29235e-07 0.00782261 0.00462075 -2.41256e-05 -0.000254406 -0.00411516 8.50075e-06 0.00307972 7.88406e-05 0.0011647 3.53513e-05 0.00847713 3.65748e-05 0.000166632 5.61087e-07 -7.36433e-05 -1.37619e-05 -0.00222531 6.22951e-05 -0.00207596 1.59932e-05 7.44347e-06 -0.000308853 -2.50103e-05 -4.55002e-06 -0.000170883 1.07464e-06 -0.00674696 8.05382e-05 -5.31569e-05 0.00712253 -1.74553e-05 -0.00789437 -8.6516e-05 0.00381338 -4.71669e-05 0.00459278 1.51915e-05 0.000455639 8.39891e-05 0.00710676 -2.25181e-05 -0.00221852 
0.000337818 0.0021315 4.62599e-06 0.00950677 0.00577163 0.00157369 -4.07524e-07 0.000277979 -0.00963916 0.00402603 -6.66877e-05 0.000145538 -0.00708627 0.000525142 0.0172026 -0.0069339 -0.00991059 -0.00823571 -0.0115835 -0.0111581 -0.0112043 -0.00867788 -6.9143e-05 0.000322081 0.0070647 0.00144008 -0.00309571 0.0079126 -0.00822323 -0.0110033 3.25984e-05 -0.00108351 -1.58879e-06 0.00424786 6.20128e-06 -0.000236562 0.000343795 0.00873277 2.84426e-05 -0.0112434 0.00518695 8.63266e-05 -0.000373316 -3.12756e-06 -6.39018e-05 0.000134626 0.000121414 1.32941e-05 6.30855e-05 0.000741984 0.00676567 -5.76685e-05 0.00453572 0.00264239 0.00222598 0.000602021 -5.86673e-06 0.000193788 0.00601897 0.00680973 3.90308e-06 -0.000448027 -0.00428962 0.000345705 0.000202302 -7.00206e-05 0.00275471 7.02324e-05 0.0108473 0.00186132 0.000269713 8.82375e-06 0.000633416 -1.60564e-05 -0.00404767 1.49404e-05 -0.000922616 -2.22553e-06 5.31751e-05 -0.000304327 -6.95403e-06 -7.41886e-06 0.00157302 2.77297e-05 -0.00770916 1.96168e-05 -8.43205e-05 0.0072146 0.002134 -0.0107031 1.88368e-05 0.00779644 -7.69699e-05 0.00377879 -0.000107429 0.00120462 9.99755e-05 0.00235877 -0.00043008 -0.00188557 
-0.000260989 -0.0053608 -0.000292673 -0.0356551 -0.0556081 -0.0231864 -3.52707e-05 -0.00706525 0.00933151 -0.0505368 -0.00541372 -0.000122982 0.0461535 -0.00568743 -0.0069339 0.245687 0.0801511 0.0402134 0.0787124 0.0705094 0.0777315 0.00807388 -0.00636766 -0.0184486 -0.0443094 -0.00214011 0.00071214 -0.031346 0.0145067 0.0782962 -0.000773302 0.0275137 -0.00113899 -0.0148557 -0.000116977 -0.00456937 -0.00127538 -0.071891 -2.58528e-05 0.0694776 -0.0387564 -0.000641879 -0.0105166 -0.00191639 -0.000726178 -0.00139854 -0.00609717 -0.000373395 -0.000759144 -0.00539892 -0.0153046 -0.0016369 -0.0184378 -0.0100533 -0.0373126 -0.00634538 -0.000756698 -0.000837618 -0.0720646 -0.0439601 0.000425811 -0.0114654 0.108156 -0.00119216 -0.0207954 -0.00180308 -0.0478479 -0.000171367 -0.0762317 -0.00263176 -0.00400718 -3.16051e-05 -0.00667075 -0.000600156 0.100606 3.33311e-05 -0.0845091 -0.000264371 -0.000803187 -0.0137957 -0.00128364 -0.000141323 -0.00817072 -0.000113183 0.0429819 -0.00154826 -0.00326293 -0.0586822 -0.0041233 0.0553158 -0.00324268 -0.0321324 -0.00245781 -0.130278 -0.0014339 -0.0167919 -0.00184602 -0.0536578 0.00168561 0.102423 
-0.000411242 -0.00942481 -0.000139478 -0.050854 -0.0850512 -0.0297624 -5.36685e-05 -0.0116937 0.103034 -0.0768652 -0.00234745 -0.000224066 0.0699393 -0.00856536 -0.00991059 0.0801511 0.139156 0.0442065 0.127995 0.122422 0.127209 0.04817 -0.010252 -0.0290858 -0.063794 -0.00198519 0.0179286 -0.0430025 0.0856014 0.121629 -0.000832733 0.0111518 -0.000165146 -0.02229 -0.000197734 -0.00484454 -0.000588947 -0.109139 -4.43707e-05 0.122884 -0.0556066 -0.000892415 -0.00806467 -0.00310756 0.000605652 -0.00200017 -0.0150316 -0.00055275 -0.00180958 -0.0035869 -0.0203521 -0.00250005 -0.0269127 -0.0162451 -0.063936 -0.0106417 -0.00102348 -0.00126904 -0.110334 -0.0644179 -0.000137112 0.000819818 0.0567706 -0.00178522 -0.0273487 -0.00231679 -0.05162 -0.000247551 -0.122953 -0.00387138 -0.00547296 -5.46804e-05 -0.00999581 3.27083e-06 0.0306273 -0.000166565 0.0268991 -0.000392802 -0.00103739 0.00116079 -0.00148184 -3.40843e-05 -0.0186538 -0.000155798 0.0861886 -0.00234595 0.000744882 -0.0861408 -0.00557218 0.118544 -0.000641854 -0.0448337 0.000449679 -0.0657692 -0.00102565 -0.0324016 -0.00216199 -0.0879339 -0.0301864 0.0422575 
-0.000403734 -0.00766793 -0.000303916 -0.0357232 -0.0297053 -0.00911159 -4.19393e-05 0.000692755 0.0274454 -0.0121583 -0.00165002 -0.000955348 0.0384788 -0.00419482 -0.00823571 0.0402134 0.0442065 0.0923465 0.0458403 0.0433867 0.0466438 0.0437033 -0.00613005 -0.000990803 -0.0265716 -0.00321878 0.011649 -0.0403237 0.0366318 0.0483039 -0.000322601 0.00357049 0.000127432 -0.0191799 -0.000168998 -0.00137637 -0.00144904 -0.0466043 -2.44984e-05 0.0446444 -0.0435855 -0.000906407 -0.00545494 -0.00178464 -7.21611e-05 -6.70049e-05 0.00185981 -0.000868426 -0.000534064 -0.000301981 -0.0238138 -0.00354501 -0.0239381 -0.0101051 -0.0254502 -0.00257253 -0.00116324 -0.000669803 -0.0346766 -0.0447036 -8.51205e-05 -0.00620083 0.0220088 -0.000502334 -0.0281863 -0.00167186 -0.00443842 -0.00023825 -0.0415635 -0.00183569 -0.00174041 -2.82657e-05 -0.00972558 -0.000260786 0.024641 -4.5268e-05 0.0138226 -7.14859e-05 -0.000126605 -0.0166654 0.000376618 -8.85104e-05 0.00235209 -0.00015525 0.0304839 -0.00119036 0.000355045 -0.0488341 -0.000782463 0.0389428 -0.00288559 -0.0448698 0.000282381 -0.0109258 -0.000313587 -0.00456802 -0.00252572 -0.0116506 -0.00338147 0.0232737 
-0.000531567 -0.00976143 -3.64923e-06 -0.0533167 -0.0860774 -0.0304824 -5.18381e-05 -0.0130195 0.107898 -0.0758899 -0.00170011 -0.000191396 0.0742628 -0.00859569 -0.0115835 0.0787124 0.127995 0.0458403 0.140641 0.131747 0.128048 0.0551154 -0.0102519 -0.0290331 -0.0655439 -0.00291914 0.019231 -0.0451334 0.0899343 0.123581 -0.000978657 0.013352 -0.000108068 -0.0226185 -0.000203572 -0.00612499 -0.00103667 -0.112077 -4.38846e-05 0.132388 -0.0583063 -0.000912349 -0.00676417 -0.00292613 0.000537288 -0.00197563 -0.0154696 -0.000248023 -0.00184515 -0.00338492 -0.0226361 -0.00231132 -0.0283604 -0.0172845 -0.0661221 -0.0108359 -0.00108286 -0.00126798 -0.109966 -0.0661223 0.000111553 0.0031696 0.0517537 -0.00183288 -0.0258125 -0.00224085 -0.0574148 -0.000253337 -0.131448 -0.00395188 -0.00522823 -5.44816e-05 -0.0101009 -3.89113e-06 0.0279247 -0.000214127 0.0291328 -0.00039135 -0.000997702 0.00310318 -0.00130746 3.84062e-05 -0.0165607 -0.000104515 0.0914037 -0.00219013 0.000880222 -0.0934645 -0.00504695 0.12623 4.0599e-05 -0.0477296 0.000631477 -0.0716334 -0.000794006 -0.0332454 -0.00226573 -0.0951577 -0.0297694 0.040609 
-0.000683084 -0.00819479 -5.54447e-06 -0.0518061 -0.0822094 -0.029776 -4.06043e-05 -0.012834 0.107948 -0.0746875 0.00025876 -0.00010318 0.0723795 -0.00824708 -0.0111581 0.0705094 0.122422 0.0433867 0.131747 0.156034 0.126306 0.0545727 -0.00906138 -0.0262834 -0.0638736 -0.00281009 0.0199275 -0.0424879 0.0918842 0.119832 -0.000740847 0.0124071 -0.000298359 -0.0207961 -0.000195612 -0.00584001 -0.00121091 -0.10664 -4.62444e-05 0.129367 -0.0550107 -0.000881021 -0.00689244 -0.00289879 0.000313841 -0.00189861 -0.0149087 -0.000264107 -0.00182692 -0.00345934 -0.0219148 -0.00231863 -0.0263475 -0.0167108 -0.0666188 -0.0103665 -0.00104233 -0.00119916 -0.10628 -0.0648962 0.000226347 0.0048433 0.0402078 -0.00155983 -0.0255252 -0.00113961 -0.060605 -0.00022791 -0.130353 -0.00383316 -0.00303759 -5.18801e-05 -0.00971493 0.000126079 0.0210168 -0.000209421 0.030731 -0.000371509 -0.00095359 0.00364697 -0.00103176 5.18961e-05 -0.0163933 -3.42398e-05 0.0901473 -0.00121423 0.000499126 -0.0985809 -0.00528182 0.127124 0.000347806 -0.0460781 0.000650505 -0.0764902 0.000421778 -0.0321086 -0.00223169 -0.0973164 -0.0320564 0.032829 
-0.000548378 -0.00976803 -0.000187907 -0.0529652 -0.0860998 -0.0299003 -5.39625e-05 -0.00965728 0.0980379 -0.0758554 -0.00154325 -0.000401249 0.0706766 -0.00855895 -0.0112043 0.0777315 0.127209 0.0466438 0.128048 0.126306 0.143029 0.0517376 -0.0102093 -0.0288095 -0.0645124 -0.00292618 0.0189649 -0.045032 0.0828321 0.123627 -0.000979441 0.0116305 -1.07714e-05 -0.0225183 -0.000198529 -0.00301904 -0.00120389 -0.110972 -4.64957e-05 0.123728 -0.0579813 -0.000910974 -0.00703925 -0.00305873 0.000667067 -0.00195462 -0.0148297 -0.000712597 -0.00180672 -0.00310964 -0.0225131 -0.00277547 -0.0283759 -0.0156911 -0.0634693 -0.0108301 -0.00107679 -0.00126083 -0.109527 -0.0659543 1.15519e-05 -9.73614e-05 0.0562846 -0.00182966 -0.0282254 -0.00202341 -0.0488848 -0.0002485 -0.123522 -0.00391636 -0.00521454 -5.39772e-05 -0.0100121 1.27846e-05 0.0277119 -0.000268429 0.0269751 -0.000389771 -0.00100529 0.000119223 -0.000754326 6.28939e-06 -0.0174801 -0.00015724 0.0869199 -0.00207455 0.000931435 -0.0902544 -0.00529628 0.118161 -0.000967899 -0.0476459 0.000636315 -0.0649372 -0.000533639 -0.0315737 -0.00254966 -0.0857842 -0.0226007 0.0397199 
-0.000430875 -0.00728229 -2.21752e-05 -0.0357145 -0.0234061 -0.0171117 -3.1251e-05 -0.00975494 0.0214761 -0.0213973 -0.00114779 -0.00201708 0.0814595 -0.00641089 -0.00867788 0.00807388 0.04817 0.0437033 0.0551154 0.0545727 0.0517376 0.177986 -0.00448223 -0.000495078 -0.0372688 -0.00265766 0.0229508 -0.0275331 0.0325932 0.0529895 8.78428e-05 -0.00585173 0.000332186 -0.011775 -0.000112597 -0.00602092 -0.00135519 -0.0474504 -4.28739e-05 0.0676522 -0.0351464 -0.000719741 0.00408578 -0.00178519 -0.000502744 -0.00011867 0.000630679 -0.000909878 -0.000153396 0.000595015 -0.0195156 -0.00265934 -0.0154733 -0.0129056 -0.0474979 -0.00217903 -0.00104071 -0.000524375 -0.0373104 -0.0365694 3.27064e-05 -0.00578945 -0.0355706 -0.0005752 -0.0209946 -0.00215811 -0.0142756 -0.000195127 -0.0528694 -0.00325617 -0.000929816 -1.13096e-05 -0.00895934 -0.000462068 -0.0423789 -0.000206593 0.0277925 -2.83897e-05 -0.000922305 -0.00203866 -0.00122637 -7.09667e-05 0.00631554 -0.000144402 0.0585906 -0.00110581 0.000996798 -0.0632817 -0.00284726 0.0583692 -0.00177385 -0.0352582 0.000820492 -0.0201029 0.000264714 -0.00873484 -0.00237492 -0.0363032 0.0116561 -0.0307418 
2.51169e-06 0.000160071 6.86715e-06 0.00128835 0.0108963 0.000584599 2.34604e-05 -2.69333e-05 -0.00792736 0.00170073 -0.000113623 -8.56051e-06 -0.00871003 0.000793244 -6.9143e-05 -0.00636766 -0.010252 -0.00613005 -0.0102519 -0.00906138 -0.0102093 -0.00448223 0.0125455 0.00340433 0.00169775 0.000240247 -0.00254347 0.00752936 -0.00651288 -0.010351 -1.42478e-05 -0.00101592 -1.53623e-05 0.00560449 3.40498e-05 0.0014457 1.18326e-05 0.0103604 -4.72951e-07 -0.00958573 0.00697497 5.47468e-05 -0.000125322 0.00024823 -3.76855e-05 6.51396e-05 0.00295886 0.000171473 0.000347231 -0.00012358 0.00130084 0.00158297 0.00774283 0.000170004 0.00257381 0.00181544 3.49324e-06 0.000128005 0.00975123 0.00594508 -1.4191e-05 -0.000384607 -0.00498672 0.000876309 0.00546596 -6.67592e-05 0.00024547 4.75376e-05 0.0101544 -3.82258e-05 0.000268554 9.47464e-06 0.00131445 9.56567e-05 -0.00138685 3.30675e-05 -0.00264652 8.03069e-05 -1.60025e-05 -0.000399608 -4.82659e-05 5.52589e-06 9.75861e-05 2.61942e-06 -0.00823453 -3.17951e-05 -7.69833e-05 0.00629626 -6.95329e-05 -0.00948586 -4.53777e-05 0.00602266 -4.39244e-05 -0.000692726 -1.4099e-05 0.00384697 1.83282e-05 0.00169242 -0.000648363 -0.00347096 
5.02625e-06 0.0013697 -1.31613e-05 0.000956498 0.0285103 0.00389647 3.26873e-05 0.00168906 -0.0229959 0.0215164 0.00135155 -0.000105184 -0.0103842 0.00303454 0.000322081 -0.0184486 -0.0290858 -0.000990803 -0.0290331 -0.0262834 -0.0288095 -0.000495078 0.00340433 0.0340163 0.00215886 4.38156e-05 -0.00404777 0.00854846 -0.0190674 -0.0269821 0.0004235 -0.00288193 6.8669e-05 0.00591823 6.33639e-06 0.00204678 -0.000149046 0.02731 -4.90413e-07 -0.0278172 0.00996184 -1.38115e-05 0.000197975 0.00156219 -0.000133862 0.000930523 0.00891795 3.86268e-05 -4.2928e-06 0.000680147 0.000212457 3.36611e-05 0.00384621 0.000338059 0.00827614 0.00373666 1.82366e-05 0.00084544 0.0279044 0.00286948 4.54775e-05 -0.000435227 -0.0130575 0.00110132 0.000339894 0.00100394 0.019851 5.86011e-05 0.0281271 0.000273139 0.00385861 3.95304e-05 0.000303392 9.65368e-06 -0.00573268 9.06183e-05 -0.00738485 0.000406085 -1.45663e-05 -0.000991995 -1.15182e-05 -1.8521e-06 0.0067356 -7.19187e-07 -0.0186187 0.00079725 -0.00020496 0.00662945 -8.83741e-05 -0.0263141 -0.00025941 0.000505205 -0.000155044 0.00603102 0.000667313 0.00743305 -0.000151498 0.0213524 0.00879043 -0.0102839 
0.000198632 0.00146575 2.29735e-05 0.0431268 0.028777 0.0245058 1.97255e-06 0.00662609 -0.0514602 0.0439018 -0.000890555 7.7733e-05 -0.0444227 0.0051417 0.0070647 -0.0443094 -0.063794 -0.0265716 -0.0655439 -0.0638736 -0.0645124 -0.0372688 0.00169775 0.00215886 0.0731616 0.000475644 -0.0159231 0.0164605 -0.0425489 -0.0661217 -0.000215095 -0.00658496 -0.000171713 0.00384351 7.05332e-05 -0.00158588 0.000507479 0.0600772 2.2341e-05 -0.0628564 0.0273735 0.000737298 0.00525107 -8.22757e-05 -0.000349265 0.00068815 0.0012812 -4.28548e-05 0.00112545 -0.000447964 0.0120381 -0.000170921 0.00524245 0.0135711 0.0460747 0.00349062 0.000587163 -9.86793e-06 0.0587908 0.0450322 -9.92387e-05 -0.00245943 -0.0307007 0.000510508 0.0124775 0.000171022 0.0183264 9.13824e-05 0.0630977 0.00403256 -0.000365909 1.10881e-05 0.00485787 -6.526e-05 -0.0189638 -3.57091e-05 -0.011496 -4.18001e-06 0.0009694 -0.00177956 -0.000161316 -3.69465e-05 0.00127651 2.49552e-05 -0.0512956 2.49878e-05 -0.000394598 0.0587253 0.00383086 -0.0606401 -0.000486841 0.0259514 -0.000246245 0.0458825 -0.000397867 0.0133643 0.00205187 0.0495331 0.0140225 -0.0205166 
0.000185338 0.00146891 1.9955e-06 0.00275335 0.00256805 8.14252e-05 7.0005e-07 -5.66331e-05 -0.0016932 4.11356e-05 -3.85565e-06 6.69706e-05 -0.0027283 0.00015232 0.00144008 -0.00214011 -0.00198519 -0.00321878 -0.00291914 -0.00281009 -0.00292618 -0.00265766 0.000240247 4.38156e-05 0.000475644 0.00390268 -0.000623043 0.0031941 -0.0017845 -0.00305158 0.000183775 -0.000261223 1.77659e-05 0.00107236 2.21343e-05 -9.83011e-05 1.25642e-05 0.00299031 7.90511e-06 -0.00276125 0.00327688 1.88306e-05 0.000131134 0.000107427 -1.49475e-05 -9.96635e-06 -7.44598e-05 7.16593e-06 -3.19154e-06 -4.47522e-05 0.00267037 0.000296896 0.00249406 0.000132504 -0.00018625 8.05265e-05 1.19336e-05 3.21355e-05 0.000367303 0.0030546 -6.89029e-06 -0.000108955 -0.00158481 4.75772e-05 0.00154867 1.47963e-05 -0.00059504 3.15855e-06 0.00266021 4.01177e-05 5.96473e-06 7.35205e-07 0.00038261 5.70628e-05 -0.000973515 1.03754e-05 -0.000813299 1.11659e-05 -5.3549e-06 -0.000111156 -1.5033e-05 -1.16409e-06 -0.000139798 8.33818e-06 -0.0024556 1.47672e-05 -2.03886e-05 0.00279212 -1.00722e-05 -0.00276015 2.2977e-06 0.00332499 2.07078e-05 -0.000287299 -2.24435e-05 -9.4633e-05 4.68212e-05 -0.000439175 -0.001043 -0.00105746 
-0.000211205 0.00325103 0.000341665 -0.0120887 -0.0175405 -0.00716487 -1.16372e-05 -0.00207952 0.00689577 -0.0156825 0.00651912 -0.000560726 -0.00260649 -0.00209888 -0.00309571 0.00071214 0.0179286 0.011649 0.019231 0.0199275 0.0189649 0.0229508 -0.00254347 -0.00404777 -0.0159231 -0.000623043 0.17132 -0.00853883 -0.037764 0.0226292 0.00105364 -0.0128608 -0.000223915 -0.00495033 5.41029e-05 -0.00184322 -0.000116721 -0.0203322 -7.48403e-06 0.0211765 -0.0114202 -0.000231936 -0.00937499 0.000561053 0.00142724 -0.000129893 -0.0023203 0.000212181 -0.000470811 -0.00242836 -0.00585269 0.000651739 -0.00604778 -0.00372498 -0.0155254 -0.00258872 -0.000231524 -0.000317173 -0.0235725 -0.015328 0.000417439 0.0133943 -0.0355462 -0.000460096 -0.0010281 0.00217443 0.00658493 -6.48058e-05 -0.0229043 -0.000980943 0.00308514 -7.59494e-06 -0.00159164 0.00030043 -0.0253703 -0.00010572 -0.00787413 0.000205644 -7.95567e-05 0.00293412 0.000158655 0.000169172 -0.000528242 7.65429e-05 0.0330277 0.00188645 0.000428725 -0.0171623 -0.00117539 0.033197 0.00261117 -0.0118875 0.00231617 -0.0103166 0.00249222 -0.003851 -0.000663734 -0.0142643 -0.0115091 -0.0130649 
0.000450917 0.00701331 7.33146e-05 0.0284424 0.0367478 0.00544464 4.39137e-05 0.000115827 -0.0328424 0.00770456 -0.000341597 0.000262221 -0.0416429 0.000849526 0.0079126 -0.031346 -0.0430025 -0.0403237 -0.0451334 -0.0424879 -0.045032 -0.0275331 0.00752936 0.00854846 0.0164605 0.0031941 -0.00853883 0.0576066 -0.0286228 -0.0460233 0.000376785 -0.00487341 -0.000113673 0.0236637 0.000193491 -0.00019186 0.000971005 0.0455948 6.5453e-06 -0.0427243 0.0385198 0.000733767 0.00368898 0.00110302 -3.53237e-05 -0.000143166 0.000528358 0.000362846 0.000177022 -0.000726589 0.0224857 0.00313804 0.0261308 0.00931817 0.0169649 0.0039121 0.00113707 0.000721833 0.0333292 0.0353668 -0.00012336 -0.00162829 -0.0244826 0.00102177 0.0211469 -0.000172802 -0.00306987 0.000211392 0.0423156 0.00198219 0.00247744 5.23733e-05 0.00819076 0.000197856 -0.0149467 9.89218e-05 -0.00949535 6.97275e-05 0.00012269 -0.00103644 -0.000253113 1.92783e-05 -0.00136951 5.21088e-05 -0.034726 0.00011176 -0.000363627 0.0423289 0.000183759 -0.0414746 -0.000142048 0.0396074 -0.000215781 0.0123891 -0.000273843 0.00381398 0.00253435 0.0068652 -0.00986077 -0.0173048 
-0.000280726 -0.00823842 -0.000245381 -0.0346668 -0.0548853 -0.0188746 -3.14055e-05 -0.0090029 0.0880586 -0.0491218 -0.00273556 0.000588294 0.0190321 -0.00565489 -0.00822323 0.0145067 0.0856014 0.0366318 0.0899343 0.0918842 0.0828321 0.0325932 -0.00651288 -0.0190674 -0.0425489 -0.0017845 -0.037764 -0.0286228 0.247871 0.0790165 -0.00089866 0.0220958 0.000698276 -0.0148273 -0.000227346 -0.010864 -0.0006569 -0.0728778 -2.60733e-05 0.0901308 -0.0378917 -0.000563978 0.00542132 -0.00202353 -0.000212479 -0.00134461 -0.00924827 -0.000349918 -0.00121129 -0.00269129 -0.0148259 -0.00209979 -0.0183306 -0.0111747 -0.0442721 -0.00712454 -0.000712901 -0.000815424 -0.0709502 -0.0436758 -0.00059333 -0.00810469 5.03053e-05 -0.00114587 -0.0233761 -0.0024982 -0.0739424 -0.000166095 -0.0861509 -0.00253729 -0.00348069 -3.44756e-05 -0.00663484 0.000395215 0.0418701 -3.39195e-05 0.0709064 -0.00025592 -0.000676492 -0.00362913 -0.0011191 -5.75373e-05 -0.0151395 -9.98895e-05 0.010862 -0.00161345 0.00193305 -0.0619266 -0.00342385 0.0701361 -0.000432801 -0.0305812 0.00132043 -0.0134145 -0.00253043 -0.0218059 -0.0014401 -0.066398 -0.0686524 0.0156845 
-0.000511757 -0.0104706 -2.16589e-05 -0.054195 -0.0840009 -0.0305614 -5.13214e-05 -0.00868688 0.0965689 -0.0755719 -0.00155272 -0.000488178 0.0758855 -0.00869329 -0.0110033 0.0782962 0.121629 0.0483039 0.123581 0.119832 0.123627 0.0529895 -0.010351 -0.0269821 -0.0661217 -0.00305158 0.0226292 -0.0460233 0.0790165 0.131915 -0.000936876 0.0111882 -0.000299571 -0.0226768 -0.000203025 0.000121716 -0.00112072 -0.111166 -5.1216e-05 0.119222 -0.0586024 -0.000927109 -0.00744057 -0.00276578 0.000288109 -0.00186706 -0.0131652 -0.00030121 -0.00181118 -0.00228464 -0.0229655 -0.00283909 -0.0290787 -0.016073 -0.0655251 -0.0108324 -0.00111192 -0.00123799 -0.10887 -0.0676759 0.00014807 0.00249714 0.0569583 -0.00185202 -0.0275221 -0.00194156 -0.0436826 -0.000255991 -0.119597 -0.00401089 -0.00535566 -5.48302e-05 -0.0102234 -0.000163936 0.0276831 -0.000239065 0.0266187 -0.000390153 -0.00111367 0.00251512 0.000414861 2.76845e-05 -0.0169494 -5.53722e-05 0.0913112 -0.00230812 0.000746336 -0.0907627 -0.00490964 0.115039 -2.02534e-05 -0.0487788 0.000504981 -0.0626196 -0.00083376 -0.0289319 -0.00261523 -0.0814292 -0.0218208 0.0390472 
8.55818e-06 0.000984794 1.69691e-06 0.000233658 0.000579639 -0.000124706 4.53683e-07 8.38658e-05 -0.000932078 -0.000179303 0.00052624 -9.14602e-06 -0.000705972 4.41816e-05 3.25984e-05 -0.000773302 -0.000832733 -0.000322601 -0.000978657 -0.000740847 -0.000979441 8.78428e-05 -1.42478e-05 0.0004235 -0.000215095 0.000183775 0.00105364 0.000376785 -0.00089866 -0.000936876 0.00358204 -0.000261674 -1.0203e-05 0.000151454 -9.53424e-07 -8.78667e-06 7.07682e-05 0.000900186 1.7672e-06 -0.000855214 0.000747569 -3.47785e-06 0.000185141 0.000287865 3.47441e-06 1.32903e-05 7.55109e-05 1.35097e-06 2.38827e-05 -2.29179e-05 0.000217991 1.61635e-05 0.000215288 -5.82668e-05 -0.000295468 3.49463e-05 6.12528e-07 4.24308e-06 -0.000124861 3.91038e-05 -4.50809e-06 4.39965e-05 -0.00142701 3.34389e-05 0.000107922 0.000197365 0.000595844 2.58067e-06 0.000548029 -1.44612e-05 0.000825339 1.38481e-06 0.000177535 2.48206e-07 -0.000528487 1.50236e-05 -0.000399296 3.85022e-05 3.86639e-06 0.000235365 4.98645e-05 -9.85197e-07 -5.74259e-05 1.7986e-07 -0.000113096 0.000551853 1.28253e-05 0.000311325 -1.67283e-05 -0.000686624 0.000212922 0.000188657 2.03743e-05 -0.000714283 0.000363687 -7.41661e-05 -1.06624e-05 -6.46552e-05 -0.000297119 -0.00103701 
-7.00915e-05 -0.000884098 -5.7781e-05 -0.00526138 -0.00845513 -0.00342165 -9.31857e-07 -0.0013904 -0.00733779 -0.00768386 -0.000811095 0.00101219 0.0039795 -0.000858452 -0.00108351 0.0275137 0.0111518 0.00357049 0.013352 0.0124071 0.0116305 -0.00585173 -0.00101592 -0.00288193 -0.00658496 -0.000261223 -0.0128608 -0.00487341 0.0220958 0.0111882 -0.000261674 0.0760365 7.58115e-05 -0.00221589 -1.17519e-05 -0.00192649 -0.000359195 -0.0110966 -9.82304e-07 0.00841007 -0.00570162 -9.75541e-05 0.00380687 -0.000302858 4.15845e-05 -0.000205014 -0.00169337 4.42018e-05 -0.000222925 -0.000973231 -0.00225649 -0.000361711 -0.00288312 -0.00164103 -0.00362009 -0.00104758 -0.000111719 -0.000121459 -0.0109716 -0.00655675 -2.42026e-05 -0.00127751 0.0279532 -0.000224603 -0.00357161 -0.000396449 -0.0134702 -2.53371e-05 -0.0132021 -0.000389973 -0.000464871 -5.18888e-06 -0.00100767 1.92696e-05 0.024811 -4.68119e-05 -0.0145803 -3.89975e-05 -0.00011056 -0.0009898 -0.000351116 5.11034e-05 -0.00290932 2.15078e-05 -0.0197044 -0.00023639 -0.000485091 -0.00925613 -0.000656537 -0.0195404 -0.00020646 -0.00442449 -0.000367642 -0.0227259 -0.000530677 -0.0032655 -0.000305287 -0.00982784 -0.0100568 0.0217904 
1.99219e-05 -1.74439e-05 -2.04757e-06 -0.000191672 -4.54067e-05 -8.06089e-05 3.17913e-07 -3.18207e-05 0.000251974 0.000233671 1.05476e-05 7.83619e-06 -0.000491367 -3.25062e-05 -1.58879e-06 -0.00113899 -0.000165146 0.000127432 -0.000108068 -0.000298359 -1.07714e-05 0.000332186 -1.53623e-05 6.8669e-05 -0.000171713 1.77659e-05 -0.000223915 -0.000113673 0.000698276 -0.000299571 -1.0203e-05 7.58115e-05 0.00325308 -4.63796e-05 -1.09753e-06 6.71828e-06 3.3332e-07 -0.000175067 -1.00081e-07 -8.62687e-05 -6.75912e-05 -2.39296e-06 -5.76229e-06 5.55148e-06 9.87762e-05 -3.2153e-06 -4.91534e-05 -2.62737e-06 -2.32716e-06 4.31348e-05 -7.80603e-05 2.90483e-05 9.67297e-06 -4.92367e-05 -6.8762e-06 3.58145e-06 -4.36076e-06 -5.10151e-07 0.000157134 -0.000100296 -7.17598e-06 -6.57915e-05 -0.000799461 1.03801e-05 -3.61885e-05 -1.5447e-05 9.62183e-05 -7.84706e-07 0.000105029 -1.2898e-05 2.12781e-09 4.24985e-07 -2.06367e-05 2.89173e-05 -0.000212063 -2.33367e-06 0.000695913 -4.14433e-07 -4.16924e-06 -5.40605e-05 -6.01847e-06 -3.08874e-07 0.000220653 -5.43483e-07 -0.00124427 -3.18064e-06 0.00022448 -0.0003141 5.69919e-05 -0.000540909 -2.36388e-05 -9.08187e-05 0.000179839 0.000854305 -1.64255e-05 0.000198447 2.1494e-05 0.000193078 -0.000190604 -0.000543816 
3.72914e-05 0.00276286 4.0359e-05 0.00960513 0.0231662 0.000310244 1.71295e-05 -0.000335703 -0.0168799 0.00234358 -6.0219e-05 5.53126e-05 -0.0200046 0.00115911 0.00424786 -0.0148557 -0.02229 -0.0191799 -0.0226185 -0.0207961 -0.0225183 -0.011775 0.00560449 0.00591823 0.00384351 0.00107236 -0.00495033 0.0236637 -0.0148273 -0.0226768 0.000151454 -0.00221589 -4.63796e-05 0.0266425 2.29813e-05 0.000970389 0.00043023 0.0233668 8.98431e-07 -0.0214718 0.0183023 0.000135811 0.00202255 0.000475548 -0.000102647 -3.7585e-05 0.00187162 0.000320809 -2.2575e-05 -0.000248673 0.00974179 0.00159667 0.0213777 0.0028256 0.00410394 0.00236437 0.000484535 0.000624949 0.0202407 0.0149471 -5.25138e-05 -0.000819747 -0.0113218 0.00114243 0.0114433 -0.000114821 -0.00226637 0.000166867 0.0224022 0.000142303 0.00212761 5.64055e-05 0.00252677 4.60096e-05 -0.00588613 5.69703e-05 -0.00537575 5.15441e-05 -2.73974e-05 -0.000705888 -0.00011497 1.96248e-05 -8.94445e-05 2.8624e-05 -0.0171756 8.7075e-05 -0.000165647 0.0179157 -0.000153428 -0.0208496 -0.000163551 0.0197351 -0.000123621 -0.00205849 -8.90885e-05 0.00488143 0.000239296 -0.00104217 -0.00507126 -0.00835659 
