0.00059114 -2.37267e-08 5.03795e-08 3.0431e-06 8.10556e-06 -3.59477e-06 0.000108919 2.65047e-05 -0.000490952 5.19188e-05 7.85649e-05 1.63601e-05 -0.000483696 -7.30243e-07 7.0956e-07 4.26034e-05 -0.000314549 -0.00039587 0.000477117 0.000445507 0.000497387 0.000480717 3.78108e-05 -1.65584e-05 -4.81568e-05 -0.000265775 0.000237942 -0.000391018 -5.55511e-05 2.67907e-05 1.35985e-07 1.32354e-05 9.70191e-06 3.10951e-07 -9.90273e-08 4.76413e-07 2.66961e-05 -4.03199e-05 0.000118243 -5.32886e-05 9.8719e-05 1.13864e-06 1.81642e-05 2.18021e-06 8.78864e-05 -7.84627e-05 3.6986e-05 1.18072e-06 0.000300287 1.80121e-06 -0.000445303 -4.30857e-06 -0.000485531 -0.000179518 0.000104942 0.000380049 3.11972e-08 1.14602e-06 1.51504e-05 -4.59423e-05 0.000350472 0.000128941 0.000343308 9.73667e-06 -6.85188e-07 1.3215e-05 2.60806e-06 -1.71167e-07 -6.47557e-07 2.6787e-05 -0.000473225 2.6431e-06 -1.86918e-06 -2.97048e-06 -0.000226818 -2.90963e-08 3.64635e-05 -4.60229e-07 9.52474e-06 -0.000453254 -1.53628e-05 -0.0005209 1.91855e-07 -9.47536e-06 -1.62143e-05 -4.23844e-05 4.37479e-06 9.17506e-07 8.46625e-05 3.42924e-05 7.19826e-05 3.01976e-07 4.75993e-05 -0.00048408 3.5156e-06 -5.91268e-08 0.000115619 0.000391494 2.71433e-06 1.68359e-05 
-2.37267e-08 0.000946529 3.54247e-06 -5.28395e-07 -2.82835e-06 -1.37668e-07 1.15121e-05 -1.67093e-06 -0.000375636 -6.44666e-07 -0.000136073 0.000240987 -0.000146372 4.87029e-06 4.5965e-08 6.41984e-05 -5.85692e-05 -9.9989e-05 -2.51841e-05 -4.68898e-05 -1.04013e-06 4.15811e-06 -8.2737e-06 0.000244033 -2.61532e-05 -0.000347018 0.000231307 -3.21141e-05 -6.553e-05 -1.75665e-05 1.65657e-05 1.72593e-05 0.000270607 6.58572e-06 6.68048e-07 -1.89313e-07 3.34002e-05 -2.04585e-06 -2.48639e-06 -0.000208294 -3.57631e-05 4.91515e-06 4.23408e-05 2.99413e-05 -9.03567e-06 -0.000155315 5.36919e-06 5.48485e-06 -2.67434e-05 8.44035e-07 -3.58993e-05 0.000172699 -0.000285972 -0.000192687 1.70263e-05 0.000316 9.16867e-07 9.29827e-05 1.77989e-05 0.000100548 -3.21797e-05 -1.67944e-05 -4.57465e-05 9.17453e-08 -9.41844e-07 -1.00228e-06 -2.31092e-07 4.27106e-06 2.25274e-06 -2.09434e-06 4.49072e-05 4.09701e-06 -1.97954e-06 2.3974e-05 -0.000423042 1.0446e-06 4.50251e-05 8.7918e-05 2.76786e-05 -0.000319629 0.000204825 2.75143e-05 7.78429e-05 2.50432e-05 -2.27991e-05 -3.24191e-05 6.05064e-05 6.69949e-06 -8.31448e-07 0.000229789 -4.63606e-05 2.47355e-06 7.1081e-05 -0.000577206 1.86331e-05 1.26644e-05 -5.57683e-07 -1.3893e-05 -4.69368e-07 3.37949e-06 
5.03795e-08 3.54247e-06 0.000134592 1.57858e-07 3.25251e-06 -2.05881e-07 9.28483e-08 1.84334e-05 -8.8663e-05 7.58684e-05 -1.238e-05 1.41482e-05 -0.000101652 1.893e-05 1.12418e-06 1.63881e-05 -9.2563e-05 -4.06131e-05 9.25098e-07 6.57898e-06 1.01628e-05 5.80177e-06 5.55006e-06 9.14268e-05 4.10047e-06 -9.30081e-05 -9.93472e-06 -0.000101772 5.09764e-07 -1.74902e-06 6.31263e-06 1.44995e-05 3.08303e-05 1.09161e-06 1.30413e-06 5.92217e-06 3.10901e-05 -8.40537e-06 5.952e-07 -6.30805e-05 -5.75828e-06 7.19312e-05 4.68675e-06 8.18619e-06 9.94716e-06 5.16325e-06 3.6178e-06 1.86466e-05 -1.55239e-06 -7.33082e-08 -8.59825e-05 9.43529e-06 -9.93205e-05 -3.84866e-05 1.22888e-06 -4.5656e-07 2.55788e-05 2.97348e-05 1.83907e-06 6.91975e-05 -1.66415e-06 -7.48395e-07 6.88749e-06 2.40901e-07 -1.99173e-07 5.75506e-07 -3.87362e-08 2.21728e-05 6.16122e-05 -6.74836e-07 -0.000103339 8.90138e-05 3.96731e-06 8.30895e-05 -9.97497e-05 5.02411e-06 7.92458e-05 5.23231e-06 -2.59204e-06 -0.000100859 -1.12651e-05 -9.9272e-05 1.65833e-05 5.54557e-05 1.03258e-05 1.24258e-05 1.5527e-06 4.45268e-06 1.0311e-08 5.89474e-05 -4.25351e-05 -3.59629e-08 1.91871e-05 -4.5417e-05 4.64351e-05 3.05278e-06 3.60412e-06 -2.90616e-07 -1.56383e-07 2.92369e-06 
3.0431e-06 -5.28395e-07 1.57858e-07 0.000659311 9.59214e-05 9.07962e-05 1.05054e-05 6.25646e-05 -0.000296563 -3.79943e-07 0.000135381 6.08236e-06 -0.000390236 4.20569e-05 8.3271e-07 2.14425e-06 -0.000160283 -0.00027341 0.000116287 0.000189817 0.00011617 7.79998e-05 0.000265652 2.41711e-06 -5.01371e-05 -0.000104861 0.000144226 -0.000339849 -6.23452e-05 1.46052e-05 0.000133673 2.63422e-05 9.56188e-05 1.44695e-05 5.06212e-07 -6.9387e-08 2.40977e-05 0.00017556 4.92381e-05 -0.00011264 7.72597e-06 1.34013e-06 0.00013676 9.99593e-07 5.42015e-06 2.76403e-05 0.000136725 1.61375e-06 5.03493e-05 3.00737e-06 -0.00037937 3.83376e-05 -0.000389686 -0.000146765 1.25287e-05 0.000121469 8.14171e-05 2.63261e-06 5.16869e-06 9.51301e-05 0.000112339 -1.28929e-05 0.000180846 9.45961e-06 3.03817e-07 0.000105957 5.11809e-06 -1.45196e-06 1.16891e-05 4.02447e-05 -0.000401752 2.8155e-06 -6.82066e-07 3.19422e-05 -8.86707e-05 6.70613e-06 9.56476e-06 -1.03483e-07 -9.21413e-06 -0.000386561 -3.96652e-05 -0.000224004 6.1995e-06 7.71473e-05 5.72622e-05 -7.86779e-06 1.13104e-05 8.31337e-06 2.34339e-05 0.000192164 -0.000121692 0.00014552 -1.32758e-07 -0.000406076 -7.73484e-08 6.12371e-07 2.33143e-05 6.35085e-05 -1.31929e-06 -2.27533e-07 
8.10556e-06 -2.82835e-06 3.25251e-06 9.59214e-05 0.00564457 -8.30274e-06 6.16913e-05 -1.596e-05 -0.000393984 2.51258e-05 -0.000620254 5.01106e-05 -0.000500808 0.000109542 -3.69261e-07 2.57596e-06 -0.00016013 -0.00253692 -0.000114977 -0.000242195 -0.000205683 -0.000289345 3.60276e-05 -0.00021461 0.000183826 -0.00031738 -0.000121112 0.00015091 0.000277714 3.76968e-05 6.88349e-05 1.06929e-05 9.08349e-06 9.60603e-06 8.36257e-07 3.38925e-06 7.00022e-05 0.00135459 1.9426e-05 -0.000408567 -0.00015353 1.75208e-05 0.000155283 2.73977e-07 6.12866e-05 0.000486738 8.23183e-05 1.14732e-07 -0.000136151 8.42177e-06 -0.000834158 8.14327e-05 -0.000815508 -0.000930835 6.3145e-05 -0.000149549 3.03404e-05 -3.90182e-07 3.17473e-05 0.000331727 -0.000169488 0.000167863 -0.000277367 -7.82659e-07 9.82709e-06 -4.72061e-06 9.10504e-06 9.67243e-05 9.72848e-06 8.57417e-05 -0.00024587 1.01417e-05 -1.32544e-05 -5.40882e-06 -0.000312951 4.24893e-06 4.89539e-05 -6.60319e-06 -2.1399e-05 0.000117175 0.000511817 6.16597e-06 1.04289e-06 9.04499e-05 0.000491274 -0.000177587 -5.0931e-05 9.82747e-06 4.60352e-05 -0.000248076 -0.000900097 4.421e-05 -1.12088e-05 2.42212e-05 -8.44111e-07 2.36689e-05 1.17988e-05 -6.76111e-06 -8.76578e-06 0.000231753 
-3.59477e-06 -1.37668e-07 -2.05881e-07 9.07962e-05 -8.30274e-06 0.00639114 -2.24486e-05 -2.56925e-05 0.000782017 -3.72359e-06 0.000806536 -5.91691e-05 -7.3379e-05 7.10613e-07 6.89297e-08 -6.03518e-06 4.86046e-05 0.000648507 -0.000233468 -0.000339672 -0.000312335 -0.000348125 -4.9063e-05 5.56678e-05 -0.000629988 -0.00015994 0.000501561 0.000124698 -0.000461368 -0.0001594 0.000227715 1.18073e-06 -8.45306e-05 9.91853e-06 2.90307e-06 -7.0902e-07 -2.15212e-07 -0.000544507 6.50067e-05 -0.0017509 -0.000269655 5.04465e-06 0.000216679 -2.03479e-06 -5.1665e-05 -0.000451769 0.000152154 5.11994e-06 -0.000199404 6.12687e-06 -0.000132494 -4.9912e-05 -0.00162725 -0.0012719 -1.21918e-05 -0.000417044 8.29181e-05 1.58795e-06 0.000173589 -0.000154661 -0.000249772 -0.000133801 -0.000384013 4.72354e-05 -7.29776e-06 0.000307046 7.96558e-06 -1.30957e-05 3.73532e-05 7.28142e-06 -0.000321394 -6.01799e-06 -1.18826e-05 2.15025e-06 -0.000627957 9.91232e-06 5.41308e-06 -8.02974e-06 -0.000145164 -0.000247512 0.00248823 -0.000269017 -3.22987e-06 -0.000103419 -0.000144047 -0.000210231 -5.34493e-05 2.11618e-06 5.62146e-06 4.41181e-05 0.00010462 0.000134528 -1.52294e-05 -0.000788294 1.14086e-06 7.2704e-05 -1.69758e-05 -3.13221e-05 3.63103e-05 -5.95005e-06 
0.000108919 1.15121e-05 9.28483e-08 1.05054e-05 6.16913e-05 -2.24486e-05 0.0117243 -8.46969e-05 -0.00185781 0.000526342 0.0027741 7.01979e-05 -0.00185924 -1.08627e-05 -6.88126e-06 0.000177203 -0.00222069 -0.00322334 0.00204108 0.0021914 0.0021071 0.00225385 0.000179568 -0.000572343 -0.000916057 -0.00120812 0.00184579 -0.00138827 -0.000735782 2.31864e-05 -3.48881e-06 -6.86009e-07 -0.000389913 -1.67643e-05 5.33022e-06 0.0001374 0.000131565 -0.000897698 5.08287e-05 -0.002459 -0.000441171 -1.36543e-05 6.89388e-05 1.29502e-05 0.000987085 -0.00208579 0.000418535 -3.386e-06 0.00211255 -5.13166e-06 -0.00209366 -1.72845e-05 -0.00399824 -0.00187539 3.50586e-05 0.00111993 -2.96758e-05 -8.15721e-06 0.000276593 -0.000352492 0.00121086 0.00157148 0.00115494 6.28551e-06 -1.57392e-05 0.000157749 5.41227e-06 -1.16413e-05 -1.21607e-05 0.00103409 -0.00205686 4.34252e-05 -3.19388e-05 -5.23978e-05 -0.00142017 5.55058e-08 0.00047167 -2.75294e-05 -9.36344e-05 -0.00194808 -0.00033298 -0.00269546 -7.20154e-06 -0.000199112 0.000306663 -0.00047535 -5.56336e-05 1.36249e-06 -1.15877e-06 0.000456133 -0.00130846 1.32268e-05 0.000194765 -0.00251004 2.17933e-05 -1.72803e-05 0.00130803 0.00258928 4.08324e-05 1.93674e-05 
2.65047e-05 -1.67093e-06 1.84334e-05 6.25646e-05 -1.596e-05 -2.56925e-05 -8.46969e-05 0.0104858 -0.00474659 0.000213771 -0.00153285 0.000206216 -0.00332919 0.000553457 4.69808e-07 0.000216619 -0.000427192 -0.0039835 0.00157949 0.00206615 0.0022874 0.00146596 0.00173437 0.00186578 -0.000394086 -0.000723673 0.00114398 -0.00529301 0.000280048 -0.000197567 6.78966e-05 0.000569744 0.000567861 -1.98677e-05 1.959e-06 8.96671e-06 0.000402531 0.00076367 -1.79964e-05 0.00195697 -0.000245399 0.000809137 0.000149665 4.734e-05 0.000947275 -2.75534e-05 6.15073e-05 2.37742e-05 0.00135362 2.2445e-05 -0.00254742 0.000586705 -0.00174503 -0.00253544 7.59627e-05 0.00125001 -1.35548e-05 5.2688e-05 3.8265e-05 -0.000144709 0.00224384 3.81459e-05 0.00349138 1.83298e-05 -1.45413e-05 6.86373e-05 2.41661e-05 0.000647115 8.75087e-05 2.75745e-05 -0.00349696 5.08593e-05 -2.83848e-05 2.58487e-05 -0.00386062 3.45444e-05 4.98615e-05 4.84262e-05 -3.42384e-05 -0.00448646 -0.00143375 -0.00339585 6.87984e-05 0.000959548 0.000579284 0.00104362 9.87242e-05 0.000111623 0.00123694 0.000710149 -0.000252549 1.06886e-05 4.63825e-05 -0.00246678 8.07335e-06 2.35355e-05 5.0281e-05 0.00156327 7.00519e-06 0.000183659 
-0.000490952 -0.000375636 -8.8663e-05 -0.000296563 -0.000393984 0.000782017 -0.00185781 -0.00474659 0.11671 -0.00100007 0.00145294 -0.00204976 0.0564176 -0.000853614 -0.000187847 -0.00122936 0.0250456 0.0602412 -0.0315499 -0.048992 -0.0410758 -0.0467737 -0.0105544 -0.0246223 -0.0249975 0.00720311 -0.0469592 0.0500177 -0.00411954 -0.015372 -0.000106884 -0.000937491 -0.00568111 -0.00100759 -5.37133e-05 -0.00018526 -0.00251678 -0.028542 -0.0012308 0.0368009 -0.0208678 -0.00183262 -0.0018712 -0.000311822 -0.00528306 0.00275506 -0.00204606 -0.000117573 -0.0263134 -0.000185945 0.0303652 -0.00321149 0.0522531 0.030173 -0.00168946 -0.0473025 -0.00217571 -0.000445845 -0.00213987 -0.0252575 -0.0325447 -0.00231934 -0.0488416 -0.000136145 -0.000178875 -0.00086532 -0.000344523 -0.00163372 -0.000537143 -0.004852 0.0553007 -0.000796698 -0.000516875 -0.000327865 0.0123801 -8.55575e-05 -0.000950883 -0.000281212 -0.00141067 0.0610464 -0.00158787 0.0401086 -0.00029532 -0.00644842 0.00077071 0.00774934 -0.00512094 -0.000308173 -0.00248206 -0.0465168 -0.0335972 -9.69302e-05 -0.00200952 0.0537079 -0.000119963 -0.000154429 -0.00450966 -0.009158 0.000213871 -0.00256569 
5.19188e-05 -6.44666e-07 7.58684e-05 -3.79943e-07 2.51258e-05 -3.72359e-06 0.000526342 0.000213771 -0.00100007 0.0013471 0.000257133 5.53838e-05 -0.000968634 1.79033e-05 7.3666e-07 0.000204583 -0.000776099 -0.000871237 0.000658052 0.000648194 0.000681806 0.000674186 5.41223e-06 0.000483065 -0.000107371 -0.000937795 4.77919e-05 -0.00106185 -8.46267e-05 -2.78955e-05 4.26148e-06 1.72009e-05 0.000159183 4.79861e-05 4.63083e-06 9.16244e-05 3.65396e-05 -0.000105285 1.13729e-05 -0.000247824 -3.20343e-05 0.000443228 6.35652e-05 9.85742e-06 0.000586817 8.24027e-05 9.13729e-05 1.85688e-05 0.000652977 -1.12822e-08 -0.000734681 0.000213679 -0.000828587 -0.000402078 1.54835e-05 -6.65697e-06 5.38595e-05 2.50593e-05 0.000180857 3.22468e-05 1.75737e-05 0.000535663 6.74122e-05 8.69652e-06 -1.9259e-06 6.09349e-05 -1.29149e-07 0.000246155 0.000103355 0.000173096 -0.000771866 0.000174338 -2.55308e-06 9.10523e-05 -0.00102555 1.14734e-06 0.000518856 -1.39838e-06 -2.64381e-05 -0.000949647 -0.000184735 -0.00106181 2.77866e-07 0.000281576 0.000138543 4.89535e-05 -8.86986e-06 -1.37981e-07 2.00154e-05 9.12305e-05 9.74949e-05 1.09619e-07 5.9868e-05 -0.00067122 7.37097e-05 -5.70133e-07 0.000445632 0.000625342 3.96635e-07 0.000205766 
7.85649e-05 -0.000136073 -1.238e-05 0.000135381 -0.000620254 0.000806536 0.0027741 -0.00153285 0.00145294 0.000257133 0.14695 -0.00121413 0.00276939 0.000121784 -3.88032e-05 0.000631111 -0.00533798 0.0152031 -0.00462113 -0.00299231 -0.00585528 -0.00865879 0.000474778 -0.00611978 0.0110115 -0.00244344 -0.00378464 -0.00882039 -0.0146713 -0.0023893 0.000182374 -9.29672e-05 0.00506373 0.000752941 1.02748e-06 4.8571e-05 0.000179538 -0.00617455 0.00288391 -0.0695078 -0.0056964 -5.3281e-05 0.00142573 -4.40481e-05 0.0025275 0.0348496 0.00164963 -2.36506e-05 -0.00418164 -1.49819e-05 0.00412578 0.00164038 -0.0112294 -0.0169443 0.000899488 -0.0104733 0.00270415 -3.54211e-05 0.00150238 -0.00105692 -0.00638584 0.000758105 -0.00815399 9.36848e-06 -8.54871e-05 0.000687866 2.58129e-05 0.000332609 6.47479e-05 0.00327786 -0.000587139 -0.000164822 0.00116891 -0.000924622 0.00105295 -1.59767e-05 0.000442953 -0.000207018 -0.001109 -0.00502824 -0.0142612 0.00280985 -7.20757e-05 0.00119601 0.000460863 -0.011125 -0.00117925 2.57152e-05 -0.000562895 0.00300026 -0.0251917 0.000173698 8.0197e-05 0.0102949 -4.27616e-05 -0.000230096 0.00016744 -0.000754294 -0.000327163 0.00205296 
1.63601e-05 0.000240987 1.41482e-05 6.08236e-06 5.01106e-05 -5.91691e-05 7.01979e-05 0.000206216 -0.00204976 5.53838e-05 -0.00121413 0.0190264 -0.00330799 0.000362882 -1.27036e-06 0.000196165 -0.00141071 -0.00120451 -0.000193438 0.00150302 -1.20397e-05 0.00123859 6.82686e-05 0.00110947 -0.000401356 -0.0016073 0.00126003 -0.000596072 -0.00153744 0.000690417 0.000142405 0.000454592 0.00164384 3.13154e-07 1.25491e-06 8.14856e-06 0.000220216 -0.000926246 -4.51319e-05 -0.00654707 -0.000907081 -3.52967e-06 0.000226868 9.75935e-05 0.00087101 -0.00297583 -2.47971e-05 1.00352e-05 -0.00015708 7.25499e-05 -0.000524238 0.000802005 -0.000725151 0.00270156 0.00072657 0.00206721 -7.44129e-05 0.000232461 0.000163149 0.0016258 -0.000285697 -0.000311829 9.10005e-05 0.000127113 -2.61558e-05 -9.69175e-05 0.000123037 0.00043594 2.87457e-06 -0.000169082 -0.0015957 0.000150246 -5.30419e-05 0.000167928 -0.0143549 8.13893e-05 0.000409598 0.000345761 0.00758764 -0.00265706 0.000200907 3.05604e-06 0.000220288 -0.000136578 0.000204819 0.00210472 0.000370398 9.03125e-05 0.000129193 0.00138932 -0.00485318 -1.40399e-07 0.000510355 -0.00267023 5.68499e-05 0.000360803 0.000357943 6.00555e-05 -2.76743e-05 -1.98715e-05 
-0.000483696 -0.000146372 -0.000101652 -0.000390236 -0.000500808 -7.3379e-05 -0.00185924 -0.00332919 0.0564176 -0.000968634 0.00276939 -0.00330799 0.090952 -0.000960789 -2.18882e-05 -0.00133645 0.030441 0.0539311 -0.033178 -0.0576035 -0.0438882 -0.0515375 -0.0110466 -0.0160934 -0.0212854 0.00467331 -0.0619119 0.0590281 0.00940449 -0.0220568 -0.000427535 -0.00105087 -0.00516988 -0.000458515 -3.03051e-05 -0.000195146 -0.00205282 -0.0146662 -0.000934508 0.0324217 -0.0205249 -0.00062923 -0.00249815 -0.000292601 -0.0047622 0.00840817 -0.00205336 -0.000259476 -0.0283711 -7.31779e-05 0.0366299 -0.00250739 0.0618964 0.0295389 -0.00121029 -0.0526358 -0.00182697 -0.000662329 -0.00312094 -0.0302958 -0.0351617 0.00020864 -0.0537123 -0.000556052 3.79334e-05 -0.0017706 -0.000543779 -0.00171386 -0.000690098 -0.00413162 0.0672938 -0.00106433 -0.000348865 -0.00097154 0.0120119 -0.00013627 -0.0012374 -9.87388e-05 -0.00160764 0.0714373 -0.0208896 0.0411313 -0.000263153 -0.00388053 -0.000938853 0.00213031 -0.00244032 -0.000378783 -0.002648 -0.0512855 -0.0186044 -0.000214022 -0.00196897 0.0625804 -0.000181843 -0.00130107 -0.0048403 -0.0104038 0.000181453 -0.000750176 
-7.30243e-07 4.87029e-06 1.893e-05 4.20569e-05 0.000109542 7.10613e-07 -1.08627e-05 0.000553457 -0.000853614 1.79033e-05 0.000121784 0.000362882 -0.000960789 0.00126117 1.41826e-06 1.77331e-05 -0.000858791 -0.000566283 2.13257e-05 -5.79956e-05 -3.47929e-05 -5.73758e-05 8.9932e-06 0.000779404 0.000186435 -0.000840288 -7.61073e-05 -0.000992013 -5.90742e-05 -5.36262e-06 0.000132833 0.000469352 0.000776591 1.08599e-05 1.14526e-06 1.59436e-06 -1.27391e-06 -7.10453e-05 3.53969e-05 -0.000662253 -5.39775e-05 3.54292e-05 0.000136594 1.43652e-05 0.000855627 0.000888075 0.00020695 5.29438e-06 -9.93167e-06 6.10231e-06 -0.000186199 0.00086515 -0.000331817 -0.000380723 0.000160149 -2.84485e-05 0.000277045 2.65852e-05 -2.52582e-06 -5.23399e-05 7.4781e-06 -3.15869e-05 0.000470363 2.01794e-05 9.34912e-07 4.09314e-06 1.85422e-05 0.00078035 1.57953e-05 0.000169245 -0.00100598 4.01977e-05 -1.33334e-06 2.34069e-05 -0.000865605 4.37351e-05 0.000135352 2.43131e-05 -1.98927e-05 -0.000954507 -0.000188223 -0.00087979 6.18864e-05 2.65546e-05 0.000915794 -7.70921e-05 4.21619e-05 5.35384e-05 3.01105e-06 3.62643e-05 -0.000255836 3.3006e-05 1.42958e-05 -0.000143035 1.15155e-05 1.25277e-05 3.95029e-06 -1.03942e-05 -2.577e-06 0.000208221 
7.0956e-07 4.5965e-08 1.12418e-06 8.3271e-07 -3.69261e-07 6.89297e-08 -6.88126e-06 4.69808e-07 -0.000187847 7.3666e-07 -3.88032e-05 -1.27036e-06 -2.18882e-05 1.41826e-06 0.000637147 4.70865e-06 -4.60342e-05 -0.000261912 -6.60505e-06 -1.7627e-05 -1.77189e-05 -1.28675e-05 -3.8918e-06 -1.17778e-05 1.46802e-06 -3.7559e-06 -1.57611e-05 -8.50128e-05 -4.02462e-05 7.67745e-06 1.57846e-06 -6.34144e-07 -9.80231e-06 2.62653e-05 2.59927e-07 -7.58297e-09 -1.26133e-06 0.000136509 -4.20486e-07 -0.000208226 -1.50329e-05 1.38004e-05 -1.61289e-06 1.15132e-07 3.75881e-06 0.000281691 3.49839e-06 4.53689e-07 -1.12046e-05 9.27906e-08 1.08132e-05 2.21515e-06 3.35369e-05 -0.000178159 1.59703e-06 -1.7663e-05 8.08204e-06 4.88107e-08 1.2411e-05 -2.13896e-05 -8.43455e-07 -8.14279e-06 -4.79082e-06 3.52591e-06 2.13133e-05 5.69673e-07 1.79217e-06 -6.80763e-07 4.04049e-07 9.19608e-07 -2.96627e-06 1.7829e-06 3.86924e-06 6.05041e-06 -3.48007e-05 5.31864e-08 4.28227e-06 1.94904e-05 -3.28793e-06 -3.3427e-05 -3.25523e-05 -1.44657e-05 8.95438e-07 -6.63443e-06 -1.41377e-05 -3.67952e-05 3.08421e-05 1.30113e-06 6.1234e-08 1.20234e-05 0.000222641 2.19669e-07 8.63257e-07 -9.82168e-05 7.57782e-07 1.88734e-07 -2.48059e-06 8.6614e-06 1.93624e-06 2.32704e-06 
4.26034e-05 6.41984e-05 1.63881e-05 2.14425e-06 2.57596e-06 -6.03518e-06 0.000177203 0.000216619 -0.00122936 0.000204583 0.000631111 0.000196165 -0.00133645 1.77331e-05 4.70865e-06 0.00154731 -0.000850222 -0.00101386 0.000564812 0.00111469 0.000867064 0.000369737 0.000673833 3.60635e-05 -3.51517e-05 -0.000690227 0.000481588 -0.00123037 -0.000157942 -8.0965e-07 1.87227e-05 0.000137493 0.000144938 -2.13552e-06 -2.59452e-07 3.34679e-05 0.000341699 -5.33338e-05 0.000159362 -0.000595802 -3.92489e-05 5.77228e-05 0.000481637 0.00012029 0.000748117 -0.000311031 0.000110973 2.19957e-05 0.000471536 2.96937e-06 -0.00089257 -9.13874e-06 -0.0011194 -0.000452007 0.000361749 0.000434835 0.000135422 0.000152263 0.000696948 0.000270563 0.000501495 0.000471819 0.000371817 0.000116369 -2.073e-06 -4.25513e-06 2.58013e-06 1.0235e-05 4.7964e-06 2.1034e-06 -0.00121816 0.00020979 -1.03834e-06 1.64162e-05 -0.00115368 5.51404e-05 0.00031705 0.000137317 0.000142374 -0.00132177 -0.000143113 -0.000832607 0.000137517 2.07246e-05 -3.58599e-05 -0.000104005 2.80826e-06 4.69883e-05 0.000138959 0.000508154 -1.16711e-06 1.83598e-06 0.000398018 -0.00125597 1.09296e-05 4.26342e-05 7.45259e-05 0.000218686 -1.42546e-06 5.56429e-06 
-0.000314549 -5.85692e-05 -9.2563e-05 -0.000160283 -0.00016013 4.86046e-05 -0.00222069 -0.000427192 0.0250456 -0.000776099 -0.00533798 -0.00141071 0.030441 -0.000858791 -4.60342e-05 -0.000850222 0.0452419 0.0163233 -0.0179617 -0.0226646 -0.0201005 -0.0217884 -0.00225271 -0.0149293 -0.0107346 0.00288544 -0.0249002 0.0321152 0.00266211 -0.0141865 -0.000352128 -0.000707704 -0.00350735 -0.000857723 -2.11912e-05 -0.000170212 -0.000471821 -0.00472511 -0.000907491 0.0232704 -0.0106237 -0.000251193 -0.000742344 -0.000216089 -0.00317844 0.000115402 -0.00116209 -0.000139531 -0.0138966 -5.37528e-05 0.017245 -0.00259934 0.0308411 0.0117114 -0.000553125 -0.0213328 -0.000903893 -0.000127218 -0.00128698 -0.00686322 -0.0184588 -0.00080054 -0.0243925 -0.000569019 1.58696e-05 -0.000595816 -0.000246198 -0.000998014 -0.000372511 -0.00493998 0.0310034 -0.000984954 -0.00114801 -0.000292049 0.00576246 -0.000143132 -0.00137818 -4.83869e-05 0.000352213 0.0323986 -0.00539293 0.0232206 -0.00022749 -0.0022429 -0.000596069 -0.000212381 -0.000590562 -0.000196078 -0.000229213 -0.0276261 -0.0150594 -0.000126174 -0.00062795 0.0252543 -0.000142263 -0.000646427 -0.00225944 -0.0059236 -1.27295e-05 -0.000590959 
-0.00039587 -9.9989e-05 -4.06131e-05 -0.00027341 -0.00253692 0.000648507 -0.00322334 -0.0039835 0.0602412 -0.000871237 0.0152031 -0.00120451 0.0539311 -0.000566283 -0.000261912 -0.00101386 0.0163233 0.200359 -0.02624 -0.0433816 -0.0349133 -0.0422622 -0.00842193 -0.0108171 0.00202044 0.00458348 -0.0502944 0.0369803 -0.00786348 -0.0154868 -7.67244e-05 -0.000697229 0.00368748 -0.000296986 2.95071e-07 -0.00015267 -0.00267938 -0.043284 -0.00150334 0.0152809 -0.0170189 -0.00166292 -0.00155658 -0.000221344 -0.00528945 -0.0361319 -0.00124663 -0.000185512 -0.0227402 -2.70225e-05 0.0284048 -0.000697846 0.0294034 0.0603759 -0.00132258 -0.0440027 -0.000759673 -0.000474731 -0.00233731 -0.0328779 -0.0280314 -0.00234931 -0.0406623 -7.32673e-05 -0.000568893 -0.00177542 -0.000332913 -0.00123 -0.000334383 -0.00177077 0.0479965 -0.00080405 0.00054766 -0.00179983 0.00522725 -4.58493e-05 -0.000607153 -0.000140801 -0.000848868 0.0457776 -0.0294327 0.0321267 -4.87216e-05 -0.00185691 -0.00285568 0.00678149 -0.00367418 -0.000202539 -0.00194699 -0.0325637 -0.0775625 -7.60863e-05 -0.00166577 0.0546682 -1.74511e-06 -0.000515259 -0.00393445 -0.00993331 0.000508001 -0.00203492 
0.000477117 -2.51841e-05 9.25098e-07 0.000116287 -0.000114977 -0.000233468 0.00204108 0.00157949 -0.0315499 0.000658052 -0.00462113 -0.000193438 -0.033178 2.13257e-05 -6.60505e-06 0.000564812 -0.0179617 -0.02624 0.0360504 0.0300434 0.0322424 0.0335041 0.0064781 0.00940792 -0.00383526 -0.00177769 0.0262476 -0.0301148 -0.00387465 0.00579883 -8.30239e-06 0.000346384 -0.000774933 -7.89445e-05 1.71563e-05 0.0001687 -1.41476e-05 -0.000290697 0.000432869 -0.0105401 0.0159507 0.000124275 -1.47147e-05 0.000138791 0.00146627 -0.00698985 0.000503697 3.57493e-05 0.0277317 2.19798e-05 -0.0276193 -0.000151345 -0.0314387 -0.0114069 0.000485872 0.0313814 -0.000110865 3.02861e-07 0.000152535 -0.00354708 0.0307709 0.000121651 0.0316088 3.72026e-05 -4.59336e-05 0.000435455 6.44613e-05 7.05665e-05 -4.68531e-06 0.00154606 -0.0333263 0.000661392 -7.79019e-05 -9.17551e-05 -0.00731249 9.33522e-06 0.000517075 -6.11262e-05 -0.000654606 -0.0327666 0.00463144 -0.0338235 1.30909e-05 -0.000394668 -0.000983565 -0.00219254 0.000847513 -3.50515e-06 0.00232841 0.020134 0.017471 1.04306e-05 0.000731805 -0.0329456 7.14022e-05 -9.57512e-06 0.00485443 0.0103717 -5.95406e-05 -3.20286e-05 
0.000445507 -4.68898e-05 6.57898e-06 0.000189817 -0.000242195 -0.000339672 0.0021914 0.00206615 -0.048992 0.000648194 -0.00299231 0.00150302 -0.0576035 -5.79956e-05 -1.7627e-05 0.00111469 -0.0226646 -0.0433816 0.0300434 0.0625892 0.0413277 0.0485984 0.0105448 0.0072687 0.0098068 -0.00268345 0.051029 -0.0466244 -0.00702174 0.0183727 -1.57606e-06 0.000277381 -0.00196142 -8.14651e-05 5.17745e-07 0.00017548 0.000955807 0.0143497 0.000296362 -0.0225153 0.0168068 0.000407713 0.00189437 0.000140353 0.00328308 -0.0134676 0.00113865 0.000105687 0.0268398 -9.26714e-06 -0.0346679 -0.000246185 -0.0523016 -0.0202334 0.00100429 0.0451538 0.000592461 0.000264469 0.00198644 0.018981 0.0301414 -0.00038924 0.0469385 3.16205e-05 -9.50057e-05 0.00118747 0.000350275 0.00029921 0.000246207 0.000761433 -0.0561556 0.00070396 0.000215588 0.000349822 -0.00979147 1.24566e-05 0.000640543 -0.000181315 0.000690227 -0.0573864 0.0100283 -0.0338351 -2.02647e-05 0.00224601 -0.00162497 -0.00240452 0.00221304 0.000185672 0.00226921 0.0403889 0.0164519 3.28126e-05 0.00168995 -0.0551753 6.64488e-05 0.000378166 0.00466568 0.00985867 -0.000122052 -0.000108781 
0.000497387 -1.04013e-06 1.01628e-05 0.00011617 -0.000205683 -0.000312335 0.0021071 0.0022874 -0.0410758 0.000681806 -0.00585528 -1.20397e-05 -0.0438882 -3.47929e-05 -1.77189e-05 0.000867064 -0.0201005 -0.0349133 0.0322424 0.0413277 0.0478122 0.042089 0.00765241 0.00875456 0.000335196 -0.00240057 0.0379053 -0.0377337 -0.00507477 0.0103187 -1.41016e-05 0.000341149 -0.00182325 -0.000108049 3.49757e-06 0.000187442 0.000929169 0.00384009 0.000486249 -0.0131875 0.0188658 0.000455317 0.000260501 0.0001906 0.00200479 -0.0101163 0.000534475 7.65573e-05 0.0267635 1.74278e-05 -0.0308339 -0.000233134 -0.0412006 -0.015266 0.000935863 0.0398131 -0.000175031 4.58467e-05 0.000424295 0.00414046 0.0332122 -7.20649e-05 0.0414607 1.77911e-05 -7.23185e-05 0.000453972 9.40242e-05 0.000110388 -1.33414e-05 0.00133972 -0.043311 0.000574434 -8.92574e-05 2.84131e-05 -0.00659392 1.73217e-05 0.0005901 -0.000125332 -0.000494107 -0.0437696 0.00421922 -0.0364536 -4.12911e-07 0.000699959 -0.00136223 -0.00305109 0.001964 4.74894e-05 0.00271274 0.026016 0.0182453 1.73245e-06 0.00180685 -0.0439958 6.09019e-05 -4.78944e-05 0.00481391 0.0104954 -8.75869e-05 -0.000180192 
0.000480717 4.15811e-06 5.80177e-06 7.79998e-05 -0.000289345 -0.000348125 0.00225385 0.00146596 -0.0467737 0.000674186 -0.00865879 0.00123859 -0.0515375 -5.73758e-05 -1.28675e-05 0.000369737 -0.0217884 -0.0422622 0.0335041 0.0485984 0.042089 0.0572378 0.00699193 0.00940151 0.00297259 -0.00229976 0.0449561 -0.041015 -0.00633124 0.0152238 2.15087e-06 0.000199636 -0.00143655 -8.77754e-05 8.5519e-06 0.000161734 -9.76623e-05 0.00794411 0.000160364 -0.0179734 0.0210328 0.000397741 0.000210065 0.00012343 0.00144908 -0.0122524 0.000542429 6.14091e-05 0.02868 1.23516e-06 -0.0336541 -0.000382411 -0.0459122 -0.0177046 0.000586438 0.0475832 -0.000187809 0.000232674 0.000853929 0.00956049 0.0338087 -0.000554676 0.0450354 8.19722e-06 -8.69215e-05 0.000935525 9.13919e-05 0.000136288 -1.80916e-05 0.00136704 -0.0492559 0.000712646 -5.81622e-05 0.000111424 -0.00827255 -5.60854e-06 0.000559401 -0.000147909 0.000217044 -0.0509245 0.0082282 -0.0377601 -2.03036e-05 0.000179146 -0.00166263 -0.00351299 0.00247193 6.2116e-06 0.0021703 0.0338948 0.0215794 5.18224e-06 0.00128399 -0.052588 8.39043e-05 0.000198758 0.00470738 0.0109711 -0.000115703 -5.38267e-05 
3.78108e-05 -8.2737e-06 5.55006e-06 0.000265652 3.60276e-05 -4.9063e-05 0.000179568 0.00173437 -0.0105544 5.41223e-06 0.000474778 6.82686e-05 -0.0110466 8.9932e-06 -3.8918e-06 0.000673833 -0.00225271 -0.00842193 0.0064781 0.0105448 0.00765241 0.00699193 0.012276 0.000665473 0.000771949 -0.000356033 0.0079156 -0.0101609 -0.00127421 0.000294786 5.44008e-05 9.34616e-05 -0.000404534 -2.49686e-05 4.92211e-07 8.92023e-08 0.000705008 0.00323132 5.19656e-06 -0.00357154 0.000228267 1.38144e-05 0.00131354 2.14974e-05 0.000956853 -0.00252318 0.000502655 4.91958e-05 0.0062173 5.56703e-06 -0.00889418 -6.42562e-05 -0.0100905 -0.003781 0.000262671 0.00783159 0.000432964 0.000124812 0.00074372 0.00327108 0.00663144 -0.000135424 0.0095585 5.20985e-05 -1.6026e-05 0.000421999 0.000105883 9.68108e-05 0.000273824 -6.93361e-05 -0.0111607 0.000192177 -1.36373e-05 0.000167671 -0.00447468 2.95076e-06 6.64239e-05 -1.79781e-05 -6.72994e-05 -0.0110451 0.0010155 -0.00656761 5.0623e-06 0.00152525 -0.000283007 -0.000112626 0.000808219 0.00018246 0.0012026 0.00833124 0.000170438 5.9969e-05 0.000138233 -0.0108356 4.756e-06 3.74832e-05 0.00128371 0.00278702 -2.17161e-05 3.42556e-05 
-1.65584e-05 0.000244033 9.14268e-05 2.41711e-06 -0.00021461 5.56678e-05 -0.000572343 0.00186578 -0.0246223 0.000483065 -0.00611978 0.00110947 -0.0160934 0.000779404 -1.17778e-05 3.60635e-05 -0.0149293 -0.0108171 0.00940792 0.0072687 0.00875456 0.00940151 0.000665473 0.0556141 0.00439796 -0.00246601 0.0100289 -0.0193338 -0.00383857 0.00171033 0.00018747 0.000457043 0.00627061 0.000496672 4.55042e-05 1.42308e-05 0.000258554 -0.0028131 0.000131714 -0.00732508 0.0058908 0.00127612 0.000407021 0.000110864 0.000949078 0.00394292 0.000221505 0.000165305 0.00772486 1.98334e-05 -0.00769195 0.00450889 -0.0211127 -0.0140555 0.000116692 0.0139429 0.000960495 0.000139649 4.32481e-05 0.00388175 0.0100298 -0.000678273 0.0115379 0.00030867 -7.13146e-05 -0.000251271 0.000101013 0.00118216 0.00045352 0.00469743 -0.01266 0.000705778 -1.89868e-05 0.000295833 -0.0149701 6.03139e-05 0.000648567 -3.0911e-06 -0.000719378 -0.0190346 0.00554146 -0.0143517 0.000136175 0.00146859 0.000597825 -0.00135171 0.000384395 0.000117438 -9.85557e-07 0.0169662 0.00448736 4.40854e-06 0.000129564 -0.0113886 8.52685e-05 0.000528735 0.000180827 0.00195825 -3.50165e-05 0.000880748 
-4.81568e-05 -2.61532e-05 4.10047e-06 -5.01371e-05 0.000183826 -0.000629988 -0.000916057 -0.000394086 -0.0249975 -0.000107371 0.0110115 -0.000401356 -0.0212854 0.000186435 1.46802e-06 -3.51517e-05 -0.0107346 0.00202044 -0.00383526 0.0098068 0.000335196 0.00297259 0.000771949 0.00439796 0.123347 -0.00260838 0.0186366 -0.0334663 -0.00388983 0.01363 -4.1741e-05 -2.14602e-05 0.00139372 0.000789795 -3.12799e-06 -2.64939e-05 0.00017903 0.00987408 0.000163393 -0.0331071 -0.00393365 -0.00018012 0.00048496 -1.71587e-05 0.00259556 -0.0201319 0.000457665 1.13516e-05 -0.00312811 -6.40787e-05 0.00112306 0.00183412 -0.0260128 -0.0322544 -4.24252e-05 0.00419665 0.000633857 0.000179265 0.000566576 0.0460029 -0.00347726 -0.00317915 0.0111094 0.000120227 -6.59696e-05 0.000351147 0.000232796 0.000569313 0.000180519 0.00123025 -0.0190291 -8.24105e-05 0.0018571 -0.00067784 -0.000785254 -1.52814e-06 0.000125631 -0.000235443 -0.00173929 -0.0200912 0.00239778 0.000576938 0.000183591 0.00597649 -0.000614944 -0.00191446 0.000796877 0.000101218 -0.000432044 0.0264733 -0.0277534 -3.11627e-05 8.75829e-05 -0.00649123 2.1223e-05 0.000131879 -0.000425408 -0.00177343 -0.000262218 0.0011376 
-0.000265775 -0.000347018 -9.30081e-05 -0.000104861 -0.00031738 -0.00015994 -0.00120812 -0.000723673 0.00720311 -0.000937795 -0.00244344 -0.0016073 0.00467331 -0.000840288 -3.7559e-06 -0.000690227 0.00288544 0.00458348 -0.00177769 -0.00268345 -0.00240057 -0.00229976 -0.000356033 -0.00246601 -0.00260838 0.0112026 -0.00175363 0.00421523 0.000189664 0.000113385 -0.000209575 -0.000672187 -0.00207144 -0.000210342 -6.70964e-06 -0.00019124 -0.000531234 -0.00111415 -0.0010295 0.00336234 9.20393e-05 -0.000705966 -0.000638244 -0.000147677 -0.00333548 -0.00052251 -0.00129641 -3.23129e-05 -0.00148515 -6.96859e-05 0.00204594 -0.00226494 0.0036244 0.00291295 -0.00170666 -0.00103998 -0.00116984 -0.00024487 -0.000459899 -0.00325264 -0.000395169 -0.00106404 -0.000966023 -0.000188251 1.08457e-05 -0.000385491 -7.58111e-05 -0.0015569 -0.000119116 -0.00146188 0.00396753 -0.000322445 -3.20721e-06 -0.000145126 0.00497277 -9.27216e-05 -0.000943556 -0.000182512 -0.00145676 0.00446891 -0.000250498 0.00393143 -0.000223185 -0.00102606 -0.00160113 0.000735388 -0.000217077 -0.00010822 -0.000449863 -0.000954385 0.00222687 -0.000139999 -0.00116386 0.00333399 -0.000157237 1.00852e-05 -0.00122041 -0.00138035 -6.02158e-06 -0.00200764 
0.000237942 0.000231307 -9.93472e-06 0.000144226 -0.000121112 0.000501561 0.00184579 0.00114398 -0.0469592 4.77919e-05 -0.00378464 0.00126003 -0.0619119 -7.61073e-05 -1.57611e-05 0.000481588 -0.0249002 -0.0502944 0.0262476 0.051029 0.0379053 0.0449561 0.0079156 0.0100289 0.0186366 -0.00175363 0.0972675 -0.0466227 -0.00802279 0.0229497 0.000147068 7.41915e-05 -0.00219917 -9.29659e-06 1.50609e-06 5.09102e-06 0.00112476 0.0154303 2.05065e-05 -0.038868 0.0167936 0.000185137 0.00142325 0.000115264 0.000844873 -0.0171547 0.000157498 0.000187197 0.0237937 -1.97911e-05 -0.0305902 0.000372859 -0.0648167 -0.0290453 0.000624121 0.0458453 -0.000148986 0.000293798 0.0030344 0.032428 0.0293431 -0.00232129 0.0471218 0.000127105 -0.000136918 0.0021887 0.000411898 3.64012e-05 0.000193077 0.00164347 -0.0594016 0.000475548 0.00038415 0.000196173 -0.00318603 -2.86665e-06 0.000306928 -0.000278587 -0.000437683 -0.0636014 0.0195912 -0.0322381 -5.71809e-05 0.00436371 -0.00129112 -0.00494792 0.00134433 0.000278123 0.00100454 0.0485234 0.0212775 6.12085e-05 0.00154519 -0.0617835 5.26312e-05 0.000984174 0.00308436 0.00716869 -0.00022553 -0.000206097 
-0.000391018 -3.21141e-05 -0.000101772 -0.000339849 0.00015091 0.000124698 -0.00138827 -0.00529301 0.0500177 -0.00106185 -0.00882039 -0.000596072 0.0590281 -0.000992013 -8.50128e-05 -0.00123037 0.0321152 0.0369803 -0.0301148 -0.0466244 -0.0377337 -0.041015 -0.0101609 -0.0193338 -0.0334663 0.00421523 -0.0466227 0.121482 -0.00707333 -0.020532 -0.000372634 -0.00103828 -0.00406857 -0.000671338 -1.52392e-05 -0.000176591 -0.0010609 -0.0164845 -0.000786608 0.02669 -0.0155808 -0.000580965 -0.00199634 -0.000239925 -0.0065489 0.0108987 -0.00234417 -0.000222295 -0.026578 -0.000177613 0.0311121 -0.00414988 0.0518769 0.0322156 -0.000789351 -0.0402503 -0.00381907 -0.000580944 -0.00156083 -0.0218672 -0.0310056 0.00241913 -0.0475272 -0.00061482 -3.28206e-05 -0.00121244 -0.000510532 -0.00179896 -0.000733794 -0.004237 0.0609212 -0.000980407 -0.0011793 -0.0010904 0.0132455 -0.000137543 -0.0012628 -0.000235851 -0.00186216 0.0645641 -0.00819124 0.0358645 -0.000272237 -0.0075755 -0.00548131 -0.0143495 -0.00154214 -0.000378358 -0.00220268 -0.0506007 -0.0120002 -0.000203892 -0.00111887 0.0463539 -0.000291458 -0.000644224 -0.00445477 -0.010178 0.000228922 -0.0016275 
-5.55511e-05 -6.553e-05 5.09764e-07 -6.23452e-05 0.000277714 -0.000461368 -0.000735782 0.000280048 -0.00411954 -8.46267e-05 -0.0146713 -0.00153744 0.00940449 -5.90742e-05 -4.02462e-05 -0.000157942 0.00266211 -0.00786348 -0.00387465 -0.00702174 -0.00507477 -0.00633124 -0.00127421 -0.00383857 -0.00388983 0.000189664 -0.00802279 -0.00707333 0.0945195 -0.00269018 -3.60106e-05 -9.19645e-05 -0.004129 -9.58077e-05 -1.65913e-05 -2.42954e-05 0.000622579 0.0101322 -0.000306351 0.00227011 -0.00477701 -0.00015352 -0.000276396 -3.07039e-05 -0.000851246 -0.0119672 -0.000216703 -1.24381e-05 -0.00331708 4.68284e-05 0.00175008 -0.000637922 0.00559119 -0.0104298 -0.000200759 -0.00620719 -0.000466344 -7.09139e-05 -0.000454476 -0.00430307 -0.00412382 0.000267639 -0.00630747 4.95622e-05 0.000293725 -0.000605307 -6.10712e-05 -0.000173518 4.31772e-05 -0.000946805 0.00638228 -0.000105474 -0.000304535 0.000251325 -0.00131672 -1.16936e-05 -8.97324e-05 -2.95659e-05 0.00141992 0.0101341 -0.0102148 0.00514232 -4.53571e-05 -0.00164386 -0.000616643 0.00803578 -0.0008044 -2.6153e-05 -0.000319212 -0.00735372 -0.00276733 -1.94531e-05 -0.000246177 0.00875383 3.11583e-05 -0.000143564 -0.000601748 -0.00128366 -0.000111807 -0.000199839 
2.67907e-05 -1.75665e-05 -1.74902e-06 1.46052e-05 3.76968e-05 -0.0001594 2.31864e-05 -0.000197567 -0.015372 -2.78955e-05 -0.0023893 0.000690417 -0.0220568 -5.36262e-06 7.67745e-06 -8.0965e-07 -0.0141865 -0.0154868 0.00579883 0.0183727 0.0103187 0.0152238 0.000294786 0.00171033 0.01363 0.000113385 0.0229497 -0.020532 -0.00269018 0.028243 1.64749e-06 -4.8118e-06 -0.00111557 3.39822e-05 -7.00105e-07 -3.46032e-06 0.000144978 0.0131565 0.000138051 -0.0138473 0.00535058 -1.91857e-05 3.48516e-05 2.91913e-05 -0.00020354 -0.00584881 -4.6032e-05 6.37472e-05 0.00371513 2.64813e-07 -0.00981787 -0.000125403 -0.022631 -0.00858758 -7.69629e-05 0.0153683 -6.04065e-05 0.000121785 0.000159792 0.015795 0.00672973 -0.000752101 0.0181464 0.000140166 -4.11546e-05 0.000200086 0.000325164 -4.45954e-05 3.00205e-05 -1.28177e-05 -0.0236721 2.1571e-05 0.000800876 0.000165809 0.000587985 2.31674e-08 2.23407e-05 -7.39469e-05 -0.000317953 -0.0235637 0.00362174 -0.00725113 -1.28354e-05 0.00284764 -0.000650255 0.00059278 5.48223e-05 7.90314e-05 -2.69885e-06 0.0218747 0.00354523 -6.28221e-07 7.02489e-05 -0.020405 -9.9538e-07 0.000528162 -5.84644e-05 0.000514757 -6.14515e-05 -3.44212e-05 
1.35985e-07 1.65657e-05 6.31263e-06 0.000133673 6.88349e-05 0.000227715 -3.48881e-06 6.78966e-05 -0.000106884 4.26148e-06 0.000182374 0.000142405 -0.000427535 0.000132833 1.57846e-06 1.87227e-05 -0.000352128 -7.67244e-05 -8.30239e-06 -1.57606e-06 -1.41016e-05 2.15087e-06 5.44008e-05 0.00018747 -4.1741e-05 -0.000209575 0.000147068 -0.000372634 -3.60106e-05 1.64749e-06 0.000524977 8.23026e-05 0.00028525 2.2391e-05 1.61873e-06 2.35079e-07 2.21703e-05 -2.24051e-05 6.31391e-05 -0.000248487 -2.27451e-05 -6.21366e-07 0.000220629 7.04002e-06 7.21716e-05 0.000160043 0.000184677 5.18709e-06 -1.1602e-05 1.72728e-06 -0.000433009 0.000107085 -0.000430888 -0.000154741 3.68028e-05 2.80208e-05 9.45109e-05 1.04743e-05 5.29124e-05 2.57258e-05 -1.13684e-05 -3.06115e-06 -2.37659e-05 6.69119e-05 -6.13849e-07 0.000181787 7.10675e-06 3.0955e-05 2.72635e-05 4.31216e-05 -0.000361623 9.48766e-08 2.30236e-07 4.3821e-06 -0.000333865 4.0292e-05 0.000146092 1.77639e-05 -1.14216e-05 -0.00045115 0.000149973 -0.000192382 5.83294e-05 -6.654e-06 0.000107233 1.11243e-05 2.44325e-06 5.42006e-05 1.77765e-05 0.000219347 -8.41286e-05 0.00015463 1.24732e-05 -0.000417521 6.42081e-06 7.02827e-05 5.19948e-06 3.38006e-05 -9.36498e-07 -6.81665e-07 
1.32354e-05 1.72593e-05 1.44995e-05 2.63422e-05 1.06929e-05 1.18073e-06 -6.86009e-07 0.000569744 -0.000937491 1.72009e-05 -9.29672e-05 0.000454592 -0.00105087 0.000469352 -6.34144e-07 0.000137493 -0.000707704 -0.000697229 0.000346384 0.000277381 0.000341149 0.000199636 9.34616e-05 0.000457043 -2.14602e-05 -0.000672187 7.41915e-05 -0.00103828 -9.19645e-05 -4.8118e-06 8.23026e-05 0.001364 0.000675713 1.32827e-05 4.71327e-07 2.54205e-05 6.25031e-05 -9.63084e-05 2.6648e-05 -0.000615298 1.57143e-05 2.31779e-05 0.000129444 7.4464e-05 0.000617356 0.000320454 5.73723e-05 6.27371e-06 0.000192377 1.01962e-05 -0.00040218 0.00050865 -0.000467291 -0.000352799 0.000148695 0.000191022 3.69066e-05 6.96477e-05 6.37433e-05 -5.51224e-05 0.000291043 1.66646e-05 0.000598026 4.76149e-05 -1.61098e-06 2.93303e-05 1.28134e-05 0.000415009 9.23285e-06 5.36871e-06 -0.000995258 5.52138e-05 7.73326e-06 3.73136e-05 -0.000924441 0.000103778 0.000123641 7.91728e-05 4.61484e-05 -0.000955912 -0.000146453 -0.000954659 0.000142552 -1.3457e-05 0.000538422 5.04306e-05 0.000172098 3.82669e-05 9.3362e-05 0.000291178 -0.000143224 2.67084e-05 0.000128548 -0.000470518 1.31873e-05 1.71721e-05 8.74568e-05 0.00017886 -5.07344e-07 1.83116e-05 
9.70191e-06 0.000270607 3.08303e-05 9.56188e-05 9.08349e-06 -8.45306e-05 -0.000389913 0.000567861 -0.00568111 0.000159183 0.00506373 0.00164384 -0.00516988 0.000776591 -9.80231e-06 0.000144938 -0.00350735 0.00368748 -0.000774933 -0.00196142 -0.00182325 -0.00143655 -0.000404534 0.00627061 0.00139372 -0.00207144 -0.00219917 -0.00406857 -0.004129 -0.00111557 0.00028525 0.000675713 0.0417491 0.000414477 5.88146e-05 1.6868e-05 -0.000121723 -0.00297401 0.000706976 -0.0104018 -0.00166559 0.000257879 0.000351982 0.000112695 0.000876589 0.0137628 0.000507427 3.55457e-06 -0.00105237 7.5957e-06 0.000351322 0.00301296 -0.00246015 -0.0130705 0.000113757 0.00130771 0.00110674 0.000228777 6.77257e-05 -0.00236817 -0.00136958 -0.000925428 -0.0013228 1.50321e-05 -3.05999e-05 -5.68293e-05 4.51833e-05 0.00104714 -5.3163e-06 0.00329667 0.000428782 0.000130479 -9.32616e-05 3.36834e-05 -0.00191631 7.49595e-05 0.000538549 0.000161755 -0.000623959 -0.00417464 -0.00255282 -0.00231309 0.000316777 -0.000348539 0.00200604 -0.00192505 0.000161122 4.45665e-05 -9.81248e-05 0.000577424 -0.00713526 0.000102094 4.75831e-05 -0.00126959 3.01857e-05 7.22903e-05 -0.000203184 -0.000446152 -4.88522e-05 0.000569868 
