0.224634 -0.0140742 -0.00272065 0.0545514 -0.00622976 0.0217719 -0.00890511 -0.00137756 0.00111375 0.00599062 -0.0131369 -0.030811 -0.00166819 -0.00335434 0.0444166 -0.00151926 -0.00897912 0.0376396 -0.0550999 -0.0371427 0.0392139 -0.00899846 -0.0465559 -0.000178767 -0.0213483 -0.0157786 -0.000265664 0.0270945 -0.0266512 0.0391696 -0.00338764 0.0598959 -0.00141087 0.00895634 -0.0352816 0.0495508 -0.00874136 0.0651114 -0.0324437 0.0412794 0.0064974 -0.000680089 -0.0236305 -0.000358268 -0.00583232 -0.0349264 -0.0160989 0.00406336 0.00175045 -0.0522941 -0.000244596 -0.0030254 -0.0452663 0.000631182 -0.0573465 -0.00350326 -0.000316953 -0.0319938 -0.00187502 -0.000860628 -0.00352034 -0.000370122 0.0873785 -0.0154777 -0.0576248 -0.0178588 -0.00121145 -0.000751225 -0.000360617 -0.00201751 -0.0182407 -0.00696085 -0.000202824 -0.0229779 0.00155046 -0.00450962 0.0323555 0.0453859 -0.000619333 0.00404545 -0.000556634 -0.00100785 0.00134003 -0.00422922 -0.000918705 3.84638e-05 -0.00113536 2.67486e-05 -0.00350522 -0.00184079 -0.00110862 -0.000107771 -3.91758e-06 -0.000677402 -0.000508823 -0.00712986 -0.0379593 0.000835892 0.00273349 -0.0313157 
-0.0140742 0.0407578 -2.56316e-05 -0.0120197 -0.00208342 -0.0198309 0.0100401 0.0005089 0.000151229 -0.00320955 -0.00237925 0.0157398 0.00209276 0.000665664 -0.0247132 0.00151287 0.000311461 -0.0210992 0.0150225 0.0305533 -0.0282866 0.00587074 0.0288853 9.0875e-05 0.0100568 0.00844012 0.000741418 -0.0324147 -0.00217476 -0.0295932 -0.000326552 -0.0290816 0.000621656 0.000365497 0.00455202 -0.0238399 -0.0147334 -0.0194588 0.0168914 -0.0317705 0.000526685 0.000378177 0.0178111 0.000126462 -0.000446793 0.0336135 0.00377056 -0.000439068 -0.000221277 0.027314 0.000122556 -0.00136655 0.00255733 -0.00331563 0.0229376 0.0101615 0.000180994 -0.00750687 0.00397881 0.000673426 0.00121354 0.000473062 -0.0274671 0.00738858 -0.00840107 0.00134445 -0.000200463 0.00574554 3.94218e-05 0.0111826 -0.00357378 0.0079689 0.00476103 0.0293868 3.12126e-05 0.0094382 -0.0304422 -0.0344741 0.00120709 -0.000378451 -6.68867e-05 0.00102976 0.0011762 0.00633174 0.000193058 3.10558e-05 -0.000391095 -0.000121864 -0.00276143 0.000215433 1.49394e-05 3.71638e-05 -5.30637e-08 -0.0129968 0.000807692 0.0152519 -0.000383751 -0.000103769 -0.000656908 0.0235367 
-0.00272065 -2.56316e-05 0.00989259 -0.0027315 -0.000462953 -0.00472607 0.00141708 0.000123976 0.000732429 -0.000700681 0.00606551 0.00270777 0.00299572 -3.03197e-05 -0.0060455 0.000761221 0.00619102 -0.00512731 0.00126566 0.00100933 -0.00691376 0.00035911 0.000118513 0.00104612 0.00369648 0.00524043 2.89061e-05 -0.00739674 0.00535212 -0.00695277 0.000662321 -0.00621214 0.000129295 0.00026982 0.00523402 -0.0043311 -0.00319891 -0.00451615 0.00424559 -0.00681209 0.000414608 9.30387e-05 0.00240042 1.76007e-05 0.00283802 0.00129143 5.85372e-06 5.7119e-05 -4.54079e-05 0.0047828 -9.79102e-06 3.79773e-05 -0.00130081 -0.000632184 0.00477991 0.000890364 0.000153087 -0.00149715 6.3543e-06 5.62111e-05 -8.16571e-05 -8.80687e-06 -0.00544535 0.000233359 0.00380577 0.000936125 9.04949e-05 0.000650934 0.00011029 0.000300128 0.000335911 -0.000116516 0.000753742 -0.000346715 8.3381e-06 3.41549e-05 -0.00634839 -0.00758424 0.00064016 1.60602e-06 -3.96856e-05 0.00116616 0.000821817 0.000419885 -3.37564e-05 9.75008e-05 0.00154966 -3.66372e-05 -0.000634597 0.000361711 0.000107954 3.35018e-05 1.0199e-06 -0.00301449 6.80376e-05 -7.65371e-05 0.0063619 -2.39165e-05 -1.61426e-05 -6.28988e-05 
0.0545514 -0.0120197 -0.0027315 0.203386 -0.01286 0.0461227 -0.0081645 -0.000971733 -0.00427278 0.0277281 -0.000615914 -0.0272983 -0.00486074 -0.00251043 0.0428204 -0.0027448 -0.0109087 0.0588415 -0.0289213 -0.0304978 0.0639158 -0.00413437 -0.0381195 -0.0251495 -0.0167591 -0.0129774 0.000188963 0.0204475 -0.028135 0.044223 -0.00299016 0.0524204 -0.000841417 -0.000726404 -0.0253764 0.045194 -0.00898517 0.0067489 -0.0281413 0.0399465 -0.00646791 -0.00065106 -0.0194365 -0.000158264 -0.00529294 -0.0310112 -0.0198143 -0.00362486 -0.000555814 -0.0444748 0.000295473 -0.00316916 -0.01851 0.00998233 -0.036401 -0.00705339 -0.000551486 -0.0314003 -0.00157544 7.04233e-05 -0.000556508 -0.000312142 0.0470782 -0.013263 -0.0746343 -0.0126473 -0.00144951 -0.0087916 -0.000265742 0.0125209 -0.00251032 -0.00706538 -0.0212676 -0.0192363 -0.0014507 -0.00365892 0.0361845 0.0445728 -0.00173996 -0.00292889 -0.00100138 -0.00185878 -0.00405028 -0.00889227 -0.000795608 -2.00112e-05 -0.00447528 -0.000905327 0.0101418 -0.00172233 -0.00103959 -0.000159816 1.44307e-07 -0.0080046 -0.000536932 -0.00569157 -0.0442568 0.000426509 -0.00653772 -0.03422 
-0.00622976 -0.00208342 -0.000462953 -0.01286 0.0468123 -0.012136 -0.00130536 1.8139e-05 -0.00102245 -0.00262081 -0.00217555 -0.00476449 -0.000844444 -0.000484596 -0.0196309 -0.000665565 -0.00192524 -0.0286173 -0.00521944 -0.00454129 -0.00639696 -0.00153792 -0.00103078 0.0253411 -0.0028856 -0.00229949 -7.7356e-05 0.00851893 -0.00380795 -0.0111589 -0.000514218 0.0129843 -0.00015977 -0.00112638 -0.00156914 0.00825803 0.0075737 0.0113169 -0.0043832 0.00578434 -0.000217796 0.000894386 -0.00328496 -2.72538e-05 -0.00085548 -0.00431737 0.00209323 -0.000516907 -0.000216497 -0.000758918 -0.000115067 -0.00030165 -0.00719632 -0.00285577 -0.007036 -0.00154164 -0.000137981 -0.00986636 -0.000263179 -4.96121e-05 -0.000415067 -3.82951e-05 0.0126936 -0.0022885 0.0273536 0.00107959 -7.37595e-05 -0.000896983 -5.28834e-05 -0.00345577 -0.00336108 -0.00113104 0.00672663 -0.00335902 -0.000214924 -0.000651125 0.00701132 0.00749254 -0.000264845 -0.000647204 0.000360513 -0.000247897 -0.0008006 -0.00171325 -0.000165783 -1.71094e-05 0.00313054 0.000763283 -0.00230157 -0.000359036 0.000201288 8.68209e-07 -4.50995e-07 0.014068 -9.35236e-05 -0.00103574 0.00408688 -0.000112465 -0.000622136 -0.00614796 
0.0217719 -0.0198309 -0.00472607 0.0461227 -0.012136 0.249634 -0.0100954 -0.00157333 -0.00736389 -0.00251028 -0.00491144 -0.0506869 -0.00856749 -0.00385704 0.0428761 -0.00404769 -0.0187288 0.0730455 0.00542444 -0.0465403 0.0670351 -0.0124198 -0.0694216 -0.0270478 -0.0347401 -0.0228925 -0.000112458 0.0865014 -0.0306922 0.0565721 -0.00546449 0.0124319 -0.00216868 -0.00665772 -0.044596 0.035832 0.0181164 -0.0333219 -0.043862 0.043577 -0.00520953 -0.000298124 -0.0360112 -0.000183014 -0.00968329 -0.0518296 -0.0194319 -0.00833182 -0.00223094 -0.069268 -0.000372143 -0.0247857 0.0505674 0.0265613 -0.0128957 -0.00462857 -0.00123469 0.051775 -0.00288428 -0.000458296 -0.0051376 -0.000576141 0.0229097 -0.0243294 -0.0526851 -0.0105915 -0.000957622 -0.0152978 -0.000411349 -0.019812 0.0299422 -0.0123767 0.0058663 -0.0343319 -0.000167251 -0.00686439 0.0746106 0.0604648 -0.00205806 -0.00711364 -0.00125118 -0.00333896 -0.00863099 -0.0184272 -0.00200193 -0.000213567 -0.00766977 -0.00157517 0.0146961 0.000426614 0.000439838 -0.000295263 -6.72028e-06 -0.0285678 -0.000982346 -0.00886659 -0.0335919 0.000705566 -0.00702514 -0.00404072 
-0.00890511 0.0100401 0.00141708 -0.0081645 -0.00130536 -0.0100954 0.0310261 -7.20403e-05 0.00151746 -0.00172986 0.00397294 0.00223553 0.00254576 0.00150059 -0.0108687 0.00125063 0.00582502 -0.000887358 0.00636112 0.00936004 -0.0116261 0.00249174 0.00584286 4.68179e-05 0.00490469 0.00450061 0.000516063 -0.0152044 0.00814914 -0.0148586 0.00119886 -0.0160857 0.000888526 0.000960944 0.00141443 -0.0127314 -0.00923359 -0.0119887 0.0075937 -0.0165249 -0.000818374 0.000510473 0.00201687 0.000227777 0.000490001 0.00715869 0.000759271 -0.000361067 -0.000120787 0.0184815 0.000289541 -0.00070924 0.00791633 -0.00222452 0.00979628 0.00469516 0.000325457 -0.00389514 0.000208339 0.000715957 0.00165421 0.000843092 -0.0122419 -0.00112312 -0.00189526 0.000235576 0.000553897 0.00209196 2.32438e-05 3.8957e-05 -0.00232707 0.000415262 0.00525321 0.00432708 -8.15439e-05 0.00500885 -0.0102478 -0.0198319 0.00065343 -0.000206445 0.000739644 0.000925622 0.0010371 0.00155507 -8.35527e-05 0.000141435 -0.000170331 0.00011545 -0.00182658 0.000109561 0.000116575 0.000225364 -3.60361e-07 -0.00837971 0.00120775 0.00817037 0.00443667 -6.38398e-05 -0.000107755 0.00796625 
-0.00137756 0.0005089 0.000123976 -0.000971733 1.8139e-05 -0.00157333 -7.20403e-05 0.00472772 -4.41206e-05 -0.000336392 9.54569e-05 0.00186772 4.02228e-05 2.31044e-05 -0.00254873 -3.90932e-05 0.00102463 -0.00274381 0.00100042 0.000593488 -0.00315261 -9.15675e-05 0.00148584 -0.000231637 0.00020379 0.000159065 5.63258e-06 -0.00132437 0.000285605 -0.00141669 3.05208e-05 -0.00228455 -1.33487e-05 -4.08738e-05 0.000994663 -0.00148594 -0.000971098 8.42381e-05 0.00044157 -0.00161375 0.000150424 -1.13895e-05 0.000346148 3.62062e-06 0.000108645 0.00180589 0.00154041 -2.98879e-05 -1.91955e-05 0.000454033 -1.2376e-07 0.000212627 -0.000415004 -0.000150721 0.000795352 6.29711e-05 -1.00818e-05 0.000215404 -4.68836e-06 5.58587e-06 -3.88898e-05 -1.37934e-06 -0.00267659 0.000915103 0.00191664 -8.51179e-05 2.98786e-05 0.000245497 1.03619e-05 -0.000203418 0.000642809 0.00028998 0.00216954 0.000821153 -1.51561e-05 1.05389e-05 -0.0020823 -0.00105502 4.81495e-05 -1.24526e-05 -2.20189e-05 -7.00287e-06 3.4684e-05 0.000403166 8.05027e-05 -1.5709e-06 4.46257e-05 -1.72199e-05 -0.000266934 4.31638e-06 8.60669e-06 7.19739e-06 1.25967e-07 -0.00116047 -1.93164e-06 2.33007e-05 0.00299517 -8.71184e-06 0.000226657 0.0002867 
0.00111375 0.000151229 0.000732429 -0.00427278 -0.00102245 -0.00736389 0.00151746 -4.41206e-05 0.029229 -0.000135422 0.00173486 -0.00146045 0.00249293 -0.000250592 -0.00616851 0.00109917 0.00348604 -0.00199348 -0.0009139 0.00372662 -0.00836498 -0.000550175 -0.00164411 0.00709616 0.00157431 0.00084962 0.000371556 -0.00615128 -0.00107379 -0.0077905 0.000139152 -0.00143083 0.00095337 0.0033782 0.000200141 -0.00390379 -0.00365343 -0.00548569 -0.000623038 -0.0051733 0.0025887 5.27279e-05 -0.00188425 5.02502e-05 0.0021337 -0.00277208 -0.000876591 0.00155705 5.76314e-05 0.00295776 4.30135e-05 -0.000180451 -0.00235215 -0.000168327 0.00106259 -0.000113573 0.000616307 0.000653023 2.98058e-05 0.000232797 1.54095e-05 9.4937e-05 -0.00220019 -0.000996535 0.00216788 0.00478476 3.69998e-05 0.00212543 3.88809e-05 0.000906797 0.000619723 -0.000267711 -0.00295184 0.000155009 0.00176513 -0.000251474 -0.00348176 -0.00599727 0.000873366 0.000769489 0.000329512 0.0017506 0.0011472 0.000692493 1.6924e-05 4.35595e-05 0.00154227 0.000167828 -0.000350548 0.00106522 0.000215633 4.36704e-05 9.68716e-08 -0.00441822 0.000358333 -0.000416264 0.000726078 -3.16517e-05 0.00199815 0.0028486 
0.00599062 -0.00320955 -0.000700681 0.0277281 -0.00262081 -0.00251028 -0.00172986 -0.000336392 -0.000135422 0.0703449 0.00185293 -0.00763792 -0.00130521 -0.000777807 0.00253229 -0.000987956 -0.00289731 0.0157841 -0.00546742 -0.00824118 0.0182297 -0.00166094 -0.0116472 -0.0066229 -0.00424831 -0.00324011 0.000152427 -0.00838766 -0.00602245 0.015194 -0.00080442 0.0214273 -0.000115038 0.00251416 -0.00770023 0.00930876 -0.017079 -0.0102738 -0.00757232 0.0111233 -0.00156203 -4.79145e-05 -0.00530214 -7.49221e-05 -0.00143445 -0.00849802 -0.00458958 -0.00132901 -0.000326109 -0.00778545 -0.000155179 -0.000145293 -0.00295498 -0.00204857 -0.016224 -0.00206211 -0.000173096 -0.00642906 -0.000429847 -0.000199311 0.00132451 -6.50189e-05 0.0212128 -0.00357041 -0.0213573 -0.00394715 -0.000142491 -0.00188648 -5.49193e-05 0.0191338 -0.00677976 -0.00190315 -0.0146725 -0.00523363 -0.000256001 -0.000973443 0.0100452 0.0114555 -0.000439939 -0.000924393 0.00102504 -0.000483079 -0.00122453 -0.00239453 -0.000149733 5.36137e-05 -0.00123777 -0.000280277 -0.00233665 -0.000515016 -0.00024662 -2.45447e-05 3.5637e-07 0.0146741 -0.00012741 -0.0015475 -0.0117209 -4.96776e-05 -0.00144496 -0.00941465 
-0.0131369 -0.00237925 0.00606551 -0.000615914 -0.00217555 -0.00491144 0.00397294 9.54569e-05 0.00173486 0.00185293 0.0673597 0.0145916 0.00338669 0.000735515 -0.0255786 -0.000863696 0.0226813 -0.0190781 0.00625043 -0.00114805 -0.0236609 0.00094437 -0.00661817 -0.00490252 0.0171024 0.0190289 -8.21188e-05 -0.0237363 0.0185248 -0.0205118 0.00687849 -0.0188073 -5.63788e-05 0.00124166 0.0196723 -0.00248736 -0.00197075 -0.0301363 0.0210044 -0.025956 -0.00209351 0.000164965 0.00251588 -4.03672e-05 0.00901364 -0.00442961 -0.00391697 -0.000892313 -0.000232701 0.0112826 -3.08779e-05 0.00070632 -0.00934442 -0.0018293 0.0201257 0.000426313 -2.37454e-05 -0.008684 -0.00036983 -4.04486e-05 0.000508654 -7.04447e-05 -0.0144845 0.00531982 0.0232398 -0.00171346 -0.000307799 -0.000980998 0.000465125 -0.000348339 0.000144472 -0.000881542 -0.00191437 -0.0029667 0.000656621 -0.000779304 -0.0175463 -0.0199446 0.000177119 -0.000857616 -8.13842e-05 5.19243e-05 -0.000666898 -0.00247017 -3.60327e-05 0.000138378 0.00250311 -0.000254347 0.00137704 0.000381678 0.000529475 -1.27291e-05 1.11841e-06 -0.0107332 -5.67694e-05 -0.0012446 0.0315761 -4.20164e-05 -0.000703361 -0.00459101 
-0.030811 0.0157398 0.00270777 -0.0272983 -0.00476449 -0.0506869 0.00223553 0.00186772 -0.00146045 -0.00763792 0.0145916 0.0929802 0.00157395 0.00416234 -0.0564311 -0.00129482 0.020036 -0.0557012 0.0143592 0.0560136 -0.0729773 0.0127391 0.0365793 -0.00688934 0.0460417 0.023069 -0.000147866 -0.0689712 0.0289507 -0.0505072 0.00725027 -0.062401 -0.000266293 -0.00223228 0.057364 -0.0453121 -0.0331459 -0.0348317 0.0643415 -0.0594957 0.000222473 -0.000230853 0.0528967 -0.000105491 0.0110469 0.0488409 0.0101785 -0.00111865 -0.000334544 0.048933 0.000158893 -0.00037279 -0.0116749 -0.00653315 0.0614824 0.00136288 -0.000229076 -0.0124178 0.00306017 -4.03569e-05 0.000765011 4.65693e-05 -0.0609548 0.0344347 0.0209253 -0.000871896 0.000476867 0.00410845 0.000441028 0.00640397 -0.000640869 0.0135321 0.00495672 0.0396023 -0.000462916 0.00428221 -0.0735887 -0.0683908 -0.000430434 -0.0012129 0.00047016 -0.000464089 -0.00131745 0.00815114 0.00263459 7.64578e-06 0.00231939 -0.000227899 -0.0061055 0.000107731 -0.000221175 0.000102705 -1.10521e-06 -0.0312922 7.99122e-05 0.00606717 0.0450239 -0.000222283 -0.00151911 0.0185203 
-0.00166819 0.00209276 0.00299572 -0.00486074 -0.000844444 -0.00856749 0.00254576 4.02228e-05 0.00249293 -0.00130521 0.00338669 0.00157395 0.016992 -0.000127188 -0.0105519 0.00760197 0.00819192 -0.0103759 -0.00401335 0.00195087 -0.0127858 0.00123269 0.00021578 0.00708911 0.00065517 0.00329568 5.7047e-05 -0.0139039 0.00258908 -0.0119352 0.000467559 -0.0117486 0.000181332 0.00434183 0.00266395 -0.0119275 -0.00599292 -0.00640154 0.0035315 -0.0134997 -0.000147223 0.000413261 0.00082664 0.0002249 0.00260955 0.00427612 -0.00110147 0.00307227 0.000435205 0.0116446 -2.97881e-05 0.000292707 -0.00147277 -0.00114138 0.0017322 0.00423528 0.00147736 -0.00158238 8.90951e-05 0.000484327 3.97106e-05 8.73059e-05 -0.00730822 0.00100104 -0.00242975 0.000839833 -3.97132e-05 0.00788733 0.0003778 0.00674429 -0.00114192 0.0041184 -0.00318521 0.00304467 0.000727446 1.42279e-06 -0.0142406 -0.0133025 0.00445066 0.0035337 0.000267436 0.00512869 0.00847381 0.00858792 5.27733e-05 0.000192582 -0.000100989 3.98406e-06 -0.000933543 -0.000182828 9.38041e-05 8.08088e-05 9.67455e-07 -0.00444936 0.000556028 -0.000197934 0.00941057 -4.07291e-05 0.00247006 0.00736569 
-0.00335434 0.000665664 -3.03197e-05 -0.00251043 -0.000484596 -0.00385704 0.00150059 2.31044e-05 -0.000250592 -0.000777807 0.000735515 0.00416234 -0.000127188 0.0103047 -0.00246985 -4.22397e-05 0.000278168 -0.00180423 0.000691527 0.00634738 -0.00278448 0.00109544 0.00460568 -0.000839251 0.00464692 0.000398278 2.63955e-06 -0.00540872 0.00472377 -0.0056329 0.000516427 -0.0061643 0.000642713 -0.000240894 0.00563124 -0.00315059 -0.00251274 -0.00453692 0.00423168 -0.00545526 0.000153578 -1.76553e-05 0.00360277 -6.72935e-07 0.00117036 0.000671016 -0.000615752 -0.000100927 -4.45192e-05 0.00592402 0.00042055 -0.00054087 0.00107981 -0.000650556 0.00302779 0.000335366 0.000270286 -0.00149551 -1.78562e-05 0.000369517 0.000476511 0.000532577 -0.00588621 0.00245241 -0.0011402 0.00116612 0.000890776 -0.000224431 -2.03452e-06 -0.000598243 -0.000278345 0.000213368 -0.00171466 0.00194133 -6.50539e-05 -2.83176e-05 -0.00556663 -0.00710654 -5.24017e-05 -0.000134165 0.000651177 -3.21319e-05 -0.000133145 -6.92177e-05 0.00132884 -4.09473e-06 -0.000169704 -3.01216e-05 -0.000618016 2.37744e-05 1.31277e-05 0.000131835 -7.54255e-09 -0.0027372 0.000322456 -6.33257e-05 0.00134717 -2.55001e-05 -0.000251111 0.00312946 
0.0444166 -0.0247132 -0.0060455 0.0428204 -0.0196309 0.0428761 -0.0108687 -0.00254873 -0.00616851 0.00253229 -0.0255786 -0.0564311 -0.0105519 -0.00246985 0.233354 -0.00689805 -0.0203133 0.146616 -0.0444061 -0.0571648 0.144245 -0.0143938 -0.03702 -0.0567821 -0.0301328 -0.0273716 -0.00105487 0.0740832 -0.0112879 0.0988317 -0.00571354 0.0676307 -0.00176067 -0.0136955 -0.0521308 0.0675374 0.0492184 0.0378873 -0.0534569 0.0727819 -0.0101824 -0.00110111 -0.0425044 -0.00028984 -0.011065 -0.0660924 -0.0358316 -0.0101864 -0.00272283 -0.051304 -0.000560027 0.00516707 0.00739396 -0.00514304 -0.0652408 -0.00680378 -0.00127898 0.0247765 -0.00352772 -0.00215058 -0.000149657 -0.000712818 0.0508368 -0.028398 -0.0682234 -0.00812306 -0.000512585 -0.0173523 -0.000531828 -0.0155422 -0.0157093 -0.0154328 -0.0608605 -0.0420073 -0.00294515 -0.00792552 0.077538 0.0712293 -0.0033637 -0.00860406 -0.00289217 -0.00399251 -0.0103482 -0.019854 -0.00216575 -0.000197383 -0.00672894 -0.00248733 0.00147641 -0.00384785 -0.00159054 -0.000404008 -3.14071e-06 0.0333357 -0.00121392 -0.0125249 -0.0870586 -0.000249626 -0.0113074 -0.0187496 
-0.00151926 0.00151287 0.000761221 -0.0027448 -0.000665565 -0.00404769 0.00125063 -3.90932e-05 0.00109917 -0.000987956 -0.000863696 -0.00129482 0.00760197 -4.22397e-05 -0.00689805 0.0139743 0.0017241 -0.00640732 -0.00164912 -9.91223e-05 -0.00704651 -0.000257669 8.83324e-05 0.0069124 -0.000869759 0.000567903 2.26479e-05 -0.00813303 -0.00150409 -0.00734865 -6.84736e-05 -0.00842752 0.000223588 0.00485638 -0.00102233 -0.00819124 -0.00385406 -0.00309258 -0.00121729 -0.00620387 0.000595298 0.000578158 -0.000940237 0.000235541 -0.000224675 0.0036733 -0.000735005 0.00445681 0.00065129 0.00614544 1.24177e-05 2.4224e-05 -0.000366249 0.00097065 -0.00289831 0.00249996 0.000907506 -0.000703734 0.000120119 0.000823887 0.000254531 0.0002013 -0.00529441 -4.59224e-05 -0.00439813 0.0015734 2.80739e-05 0.00632598 7.89024e-05 0.00468222 0.000687134 0.00334011 -0.0024541 0.00105163 0.000460304 -0.000158426 -0.00824095 -0.00614886 0.0028371 0.0045208 0.000250597 0.00361146 0.00789831 0.00862689 4.01591e-05 6.04048e-05 -0.000115163 0.000181361 -0.000326668 4.48979e-05 0.000147278 5.18449e-05 7.59061e-08 -0.0037609 0.000512345 -8.56368e-05 0.00256829 3.51347e-05 0.0021734 0.0068591 
-0.00897912 0.000311461 0.00619102 -0.0109087 -0.00192524 -0.0187288 0.00582502 0.00102463 0.00348604 -0.00289731 0.0226813 0.020036 0.00819192 0.000278168 -0.0203133 0.0017241 0.0377154 -0.0180195 -0.00423773 0.00682115 -0.0273233 0.00295843 0.00124445 0.000312481 0.0172264 0.0200221 6.58541e-05 -0.0292491 0.0213905 -0.0231164 0.00723745 -0.026013 0.000190513 0.0028652 0.0240923 -0.0116267 -0.0118841 -0.017738 0.0223268 -0.0299563 -0.000629051 -7.53076e-05 0.0044079 3.57804e-05 0.010005 0.00229814 0.000250724 -0.00038281 0.00010356 0.0186318 -2.16435e-05 0.00196636 -0.00533825 -0.00303325 0.0206282 0.00139672 0.000594533 -0.00397399 -0.000113493 0.00010384 0.000161589 -1.52964e-05 -0.0212776 0.00782513 0.0138046 0.000396794 1.39955e-05 0.00357774 0.000455816 0.00106972 -0.00100545 0.00253805 -0.000954131 0.00270878 0.000632035 0.000533328 -0.0290103 -0.0304141 0.00071474 0.00131852 -2.30359e-05 0.00132281 0.00185831 0.000661835 0.000127095 0.000142147 0.00351686 -9.3973e-05 -0.00231213 0.00028279 0.000230091 6.38612e-05 1.15889e-06 -0.0113594 0.000176128 -0.00028939 0.0294477 -9.25858e-05 0.00144512 0.00366388 
0.0376396 -0.0210992 -0.00512731 0.0588415 -0.0286173 0.0730455 -0.000887358 -0.00274381 -0.00199348 0.0157841 -0.0190781 -0.0557012 -0.0103759 -0.00180423 0.146616 -0.00640732 -0.0180195 0.227538 -0.0253443 -0.0494643 0.122772 -0.0177587 -0.0556649 -0.0554654 -0.031302 -0.0257968 -0.000510342 0.0625156 -0.0170664 0.100164 -0.00615985 0.0673927 0.00039026 -0.00780735 -0.0592834 0.0411826 0.0143752 0.0183856 -0.0540686 0.0618471 -0.0102221 -0.00113278 -0.0422983 -7.59801e-05 -0.0115084 -0.0633526 -0.0224151 -0.0110652 -0.00277071 -0.0466161 -0.000206497 -0.00414929 0.035701 -0.000828752 -0.0561689 -0.00577023 -0.00133955 0.0471675 -0.00363513 -0.00136747 0.00145299 0.000197299 0.0399809 -0.0302017 -0.098908 -0.0107856 -0.0002478 -0.0185207 -0.000479135 -0.00611753 -0.00704367 -0.0159879 -0.0287145 -0.0409364 -0.00158765 -0.00691392 0.0814588 0.0611094 -0.00331571 -0.00855668 -0.000576617 -0.00418544 -0.0107006 -0.0191782 -0.00213076 -0.000123935 -0.00761215 -0.00219913 -0.00699713 -0.00177336 -0.00107285 -0.000134992 -3.43958e-06 -0.00312893 -0.00037414 -0.00873256 -0.0781054 -0.000780373 -0.0123371 -0.014623 
-0.0550999 0.0150225 0.00126566 -0.0289213 -0.00521944 0.00542444 0.00636112 0.00100042 -0.0009139 -0.00546742 0.00625043 0.0143592 -0.00401335 0.000691527 -0.0444061 -0.00164912 -0.00423773 -0.0253443 0.191864 0.0275503 -0.0238476 0.00660583 0.0151648 -0.019451 0.00213715 0.00600899 0.000521047 -0.0129876 0.00859639 -0.0471813 -0.00186344 -0.0874503 0.000355545 -0.00568477 0.0188886 -0.0295289 0.0112789 -0.0873481 0.012814 -0.0327583 -0.00515391 -0.000243501 0.0169642 0.000322062 -0.00161174 0.0226034 0.00457111 -0.00388309 -0.00141188 0.0180467 0.000625421 -0.0124776 0.0173349 0.035816 0.0711216 0.00393476 -0.000269547 0.0301424 0.000578825 0.000732369 -0.0010065 -0.000115879 -0.0888188 0.00206389 0.0257711 0.0185723 -0.000943377 -0.0027536 -0.000156231 -0.00154461 0.0447913 0.000747254 0.0269617 0.0177216 0.000280907 0.00739667 -0.0106525 -0.0267228 -0.000396793 -0.00353764 -0.000611822 -0.00163764 -0.00427083 -0.0037 3.81101e-06 -8.21918e-05 -0.00297894 -0.000578075 0.00104783 -0.000916701 0.000848871 4.13426e-05 5.85697e-06 -0.0621318 -7.64256e-05 0.0139408 0.00372696 0.000230686 -0.00456401 0.0275146 
-0.0371427 0.0305533 0.00100933 -0.0304978 -0.00454129 -0.0465403 0.00936004 0.000593488 0.00372662 -0.00824118 -0.00114805 0.0560136 0.00195087 0.00634738 -0.0571648 -9.91223e-05 0.00682115 -0.0494643 0.0275503 0.0973764 -0.0655042 0.0167289 0.0471469 0.00259961 0.0332414 0.0205156 0.000364766 -0.0706041 0.0231694 -0.0704062 0.00159826 -0.0700084 0.00299563 -0.00248085 0.0490401 -0.0407035 -0.0375857 -0.0502035 0.0555648 -0.0705107 -0.000269597 -0.000127761 0.0551286 -1.66134e-06 0.00793666 0.0549562 0.000973015 -0.00146484 -0.000558223 0.0726432 0.000567328 -0.00338047 0.00407277 -0.0079879 0.0669171 0.00731976 0.000976729 -0.0153476 0.00475295 0.000867606 0.00254268 0.000891478 -0.0685195 0.0282715 0.0135768 0.0118194 0.00269246 0.00527863 0.000350473 0.0109664 -0.0032988 0.0145447 0.000759541 0.0560313 -0.000415291 0.00988413 -0.0707855 -0.0887056 -8.8667e-05 -0.00143412 0.0012897 0.000946023 -0.00117124 0.00561264 0.00288413 -7.6013e-07 -0.00058496 -0.000332333 -0.00700587 -0.000418491 -8.23362e-05 0.000421416 -8.20702e-07 -0.0330429 0.00120086 0.0157732 0.0197787 -0.000270006 -0.00242975 0.0436754 
0.0392139 -0.0282866 -0.00691376 0.0639158 -0.00639696 0.0670351 -0.0116261 -0.00315261 -0.00836498 0.0182297 -0.0236609 -0.0729773 -0.0127858 -0.00278448 0.144245 -0.00704651 -0.0273233 0.122772 -0.0238476 -0.0655042 0.189316 -0.0154143 -0.0443578 -0.0487386 -0.0421251 -0.033291 -0.000453755 0.0933487 -0.0242103 0.0958579 -0.00764236 0.0812228 -0.000884459 -0.00943123 -0.0589093 0.0832016 0.055933 0.0297655 -0.06899 0.088612 -0.0125035 -0.000687381 -0.0514217 -0.000412117 -0.0139607 -0.0777479 -0.0352917 -0.0112127 -0.00327315 -0.0665049 -0.000677476 0.00167578 0.0135914 0.00497256 -0.0840692 -0.00904707 -0.0013684 0.016538 -0.00419909 -0.000828389 -0.000162816 -0.000306353 0.0788476 -0.0339434 -0.0638976 -0.00411866 -3.77666e-05 -0.0174866 -0.000668626 -0.013869 -0.01508 -0.018246 -0.0678841 -0.050072 -0.00308472 -0.00913296 0.0984559 0.0887614 -0.00419762 -0.00994594 -0.000532614 -0.00478873 -0.0122709 -0.0246884 -0.00234072 -0.000173689 -0.0071322 -0.00283545 0.011646 -0.00412673 -0.000575171 -0.000223697 -3.62277e-06 0.059196 -0.0010432 -0.0134631 -0.0941568 0.000439055 -0.0106908 -0.027288 
-0.00899846 0.00587074 0.00035911 -0.00413437 -0.00153792 -0.0124198 0.00249174 -9.15675e-05 -0.000550175 -0.00166094 0.00094437 0.0127391 0.00123269 0.00109544 -0.0143938 -0.000257669 0.00295843 -0.0177587 0.00660583 0.0167289 -0.0154143 0.0339122 0.0104965 -0.00234023 0.00154789 0.00310383 3.78635e-06 -0.0177945 0.0092922 -0.012216 0.000280275 -0.0200723 0.000220092 -0.000759275 0.0158106 -0.0131154 -0.00206175 -0.0152167 0.0162389 -0.0126937 -0.000823724 -2.10853e-05 0.0117645 5.60468e-05 0.000291624 0.0133529 0.00107714 0.000757585 0.000474874 0.0120113 0.000621436 -0.00198384 -0.00103434 -0.0023656 0.014102 0.000577016 9.28813e-05 -0.00608362 0.000241035 0.000341614 0.000117104 2.15083e-05 -0.0107099 0.00726107 -0.00519543 0.00696833 4.94269e-05 4.00723e-06 0.000173639 6.25712e-05 -0.00279175 0.00190024 -0.000720491 0.0129176 -0.000248144 0.00495453 -0.0217122 -0.0167448 -0.000127667 -6.5711e-05 0.000577381 6.5216e-05 0.000189283 0.000684995 0.000370698 4.00961e-06 -0.000557654 -5.38626e-05 0.000870134 6.72502e-05 -3.50015e-05 5.77632e-05 1.61573e-07 -0.00726731 0.000133401 0.00602815 0.00830934 -3.40897e-05 -0.000806975 0.0033884 
-0.0465559 0.0288853 0.000118513 -0.0381195 -0.00103078 -0.0694216 0.00584286 0.00148584 -0.00164411 -0.0116472 -0.00661817 0.0365793 0.00021578 0.00460568 -0.03702 8.83324e-05 0.00124445 -0.0556649 0.0151648 0.0471469 -0.0443578 0.0104965 0.138393 0.0178317 0.0275298 0.00659173 0.000201175 -0.0457962 0.0109935 -0.0538181 0.000657582 -0.0489075 -0.000185153 0.00021291 0.0234984 -0.0415517 -0.0219238 -0.015527 0.0325653 -0.032831 0.00090418 -0.000292174 0.0353198 -4.03011e-05 -0.000684375 0.0556171 0.0167401 0.00284748 0.000471859 0.041421 -0.000214897 0.00861438 -0.00934972 -0.0118382 0.0249432 0.00990232 0.000288551 -0.0151384 0.00449744 -0.000102251 0.000945635 -8.64524e-05 -0.042317 0.0175666 0.0077887 0.00533297 -0.000599924 0.0124532 -2.77729e-05 0.010835 -0.0114127 0.00612309 -0.000911612 0.032456 -0.00114666 0.010088 -0.0536939 -0.0501331 -6.20166e-06 0.00192905 -0.000930106 -7.72495e-05 0.0017143 0.0104254 0.00174233 -7.31183e-07 0.00198874 0.000645463 -0.00551027 0.000100586 -2.18331e-05 2.00566e-05 -4.11854e-07 -0.00849468 -5.10994e-05 0.0120088 0.00784405 -0.000343219 0.00536881 0.0267521 
-0.000178767 9.0875e-05 0.00104612 -0.0251495 0.0253411 -0.0270478 4.68179e-05 -0.000231637 0.00709616 -0.0066229 -0.00490252 -0.00688934 0.00708911 -0.000839251 -0.0567821 0.0069124 0.000312481 -0.0554654 -0.019451 0.00259961 -0.0487386 -0.00234023 0.0178317 0.0960613 -0.000831083 -0.00167142 -3.16396e-05 -0.0109485 -0.00963748 -0.0412394 -0.00100599 0.00340071 0.000277644 0.0111367 -0.00700298 -0.0140486 -0.0188325 0.0230144 -0.00761286 -0.00173293 0.00991231 0.000396853 -0.00215807 9.41124e-05 -0.000414652 0.0071368 0.0123131 0.0126319 0.00383438 0.0129292 5.76419e-05 0.00407272 -0.0125525 -0.00280679 -0.00803751 -0.000120119 0.00136148 -0.014787 0.00244097 0.000274337 -0.00115247 3.86674e-05 0.0135044 -0.00286696 0.0288455 0.00201973 9.41924e-06 0.0159126 2.00315e-05 0.00740002 -0.00486194 0.00370718 0.0201697 0.000245813 0.000819946 0.000154346 -0.0138593 -0.00592219 0.00316002 0.0115339 -6.01198e-05 0.00453378 0.0122661 0.012283 -8.89202e-05 0.000142883 0.00702885 0.00316454 -0.00252912 0.000835762 0.000349864 8.94104e-05 2.15675e-07 0.000622875 0.000232983 -0.00102133 0.0104986 -0.000198016 0.0116877 0.00168072 
-0.0213483 0.0100568 0.00369648 -0.0167591 -0.0028856 -0.0347401 0.00490469 0.00020379 0.00157431 -0.00424831 0.0171024 0.0460417 0.00065517 0.00464692 -0.0301328 -0.000869759 0.0172264 -0.031302 0.00213715 0.0332414 -0.0421251 0.00154789 0.0275298 -0.000831083 0.0641949 0.017919 0.000316433 -0.0476685 0.02516 -0.0389994 0.00755493 -0.0416777 -0.000192345 -0.00122603 0.0414846 -0.0199966 -0.0195904 -0.0318849 0.0456172 -0.0403386 -0.00103582 -8.76541e-05 0.0299859 -3.21063e-05 0.0107342 0.0237017 -0.00403664 -0.000290665 -1.53091e-05 0.0373023 0.000166456 -0.00101401 -0.00906256 -0.0046473 0.0441631 0.00187988 0.000122765 -0.0125817 0.00347898 -1.6766e-06 0.00120966 7.70989e-05 -0.038317 0.0223601 0.0154839 0.000218195 0.000102247 -0.000229722 0.000381352 0.00215533 -0.00601214 0.00587666 -0.0120525 0.0201157 -0.000465984 0.00175856 -0.0498701 -0.0501726 -0.000248123 -0.00087058 0.0001821 -0.000389073 -0.000691277 0.00216512 0.00237803 -1.5536e-05 0.00206573 0.000104616 -0.00224872 0.000994365 -0.000143846 -1.29152e-06 1.65029e-06 -0.0181353 2.67928e-05 0.000184237 0.0228956 -0.000132688 -0.00152626 0.0160604 
-0.0157786 0.00844012 0.00524043 -0.0129774 -0.00229949 -0.0228925 0.00450061 0.000159065 0.00084962 -0.00324011 0.0190289 0.023069 0.00329568 0.000398278 -0.0273716 0.000567903 0.0200221 -0.0257968 0.00600899 0.0205156 -0.033291 0.00310383 0.00659173 -0.00167142 0.017919 0.0463751 0.000342982 -0.0360578 0.0168039 -0.0321429 0.00652719 -0.0319265 0.000969784 0.000754903 0.027936 -0.0110054 -0.0149059 -0.0225017 0.0299863 -0.0386591 -0.00125928 -5.93665e-05 0.0174885 7.5148e-05 0.0120696 0.015955 -0.00236149 -0.000112982 -0.000225906 0.0296826 0.000105189 0.000785041 -0.00624073 -0.00292006 0.0325209 0.00694956 0.000195234 -0.00972961 0.000515353 0.00020667 -0.000435137 5.93579e-05 -0.0306699 0.0123417 0.0153283 0.000286062 3.73495e-05 -0.00117523 0.000510476 0.0070987 -0.00107799 0.00349934 0.000307415 0.0148438 0.000250017 0.000894253 -0.0348145 -0.0369539 -0.000274993 0.000477239 0.000412948 -5.29157e-05 0.000753581 0.00149214 0.000693174 -1.90022e-05 0.00356882 -0.000128765 -0.00283865 0.000291403 9.89852e-05 3.25529e-05 3.33091e-06 -0.0141536 0.000369762 0.00152986 0.0227211 -0.00011471 -0.000679696 0.00495906 
-0.000265664 0.000741418 2.89061e-05 0.000188963 -7.7356e-05 -0.000112458 0.000516063 5.63258e-06 0.000371556 0.000152427 -8.21188e-05 -0.000147866 5.7047e-05 2.63955e-06 -0.00105487 2.26479e-05 6.58541e-05 -0.000510342 0.000521047 0.000364766 -0.000453755 3.78635e-06 0.000201175 -3.16396e-05 0.000316433 0.000342982 0.00246548 -0.000337284 -0.000168272 -0.00107199 -4.61633e-06 -0.000584725 4.43211e-05 0.000337488 -0.000215389 -0.000379789 -0.000646129 -0.000612742 -0.000133609 -0.000973241 6.747e-05 1.51774e-05 -0.000110982 4.83659e-05 -4.45439e-05 0.000309911 -0.000130524 4.09545e-06 -8.59526e-06 0.000244425 2.59486e-05 5.44378e-06 0.000139884 3.50682e-05 0.0003593 0.000402822 2.09786e-05 -0.00027523 1.45559e-05 4.70297e-05 1.87652e-05 1.3011e-05 -0.000615575 -0.000101903 -0.000345502 -7.7362e-05 1.17361e-05 3.70879e-05 -5.73954e-07 -7.90384e-05 9.91145e-05 0.000251478 -5.37155e-05 0.000123911 5.14758e-05 0.000247501 -0.000492938 -0.000780294 4.38354e-05 -3.2543e-06 9.73957e-07 4.85156e-05 3.14518e-05 4.20373e-05 -5.77433e-06 -1.73317e-07 7.08052e-05 -5.33332e-07 -8.53307e-06 0.000336139 1.30929e-05 1.8731e-06 -2.03891e-08 0.00013383 2.54474e-05 0.000245498 -0.000193796 1.87189e-05 0.000167651 0.000667654 
0.0270945 -0.0324147 -0.00739674 0.0204475 0.00851893 0.0865014 -0.0152044 -0.00132437 -0.00615128 -0.00838766 -0.0237363 -0.0689712 -0.0139039 -0.00540872 0.0740832 -0.00813303 -0.0292491 0.0625156 -0.0129876 -0.0706041 0.0933487 -0.0177945 -0.0457962 -0.0109485 -0.0476685 -0.0360578 -0.000337284 0.153031 -0.0331049 0.0801691 -0.00834996 0.075785 -0.00306226 -0.0132529 -0.0566554 0.0683257 0.0499046 0.047168 -0.0663992 0.0811072 -0.00402393 -0.000277902 -0.0522872 -0.000261506 -0.0137727 -0.0661617 -0.00557838 -0.0115755 -0.00303097 -0.0791007 -0.00103609 0.00192934 0.0140072 0.0111565 -0.0623363 -0.012536 -0.00201884 0.0260604 -0.00450696 -0.00104146 -0.00505588 -0.000911705 0.0676249 -0.0357742 -0.00612302 -0.00524576 -0.00164926 -0.0160516 -0.000749596 -0.0355046 0.0134989 -0.0184451 0.00685111 -0.0525041 -0.0006431 -0.0107048 0.106347 0.0976284 -0.00389659 -0.0108896 -0.00154265 -0.00504858 -0.0135074 -0.0272271 -0.00246249 -0.000279844 -0.0026843 -0.00110888 0.00623 -0.000751582 -0.00023979 -0.000487889 -5.0603e-06 0.0400322 -0.00155654 -0.015756 -0.0414649 0.000267758 -0.00487027 -0.033646 
-0.0266512 -0.00217476 0.00535212 -0.028135 -0.00380795 -0.0306922 0.00814914 0.000285605 -0.00107379 -0.00602245 0.0185248 0.0289507 0.00258908 0.00472377 -0.0112879 -0.00150409 0.0213905 -0.0170664 0.00859639 0.0231694 -0.0242103 0.0092922 0.0109935 -0.00963748 0.02516 0.0168039 -0.000168272 -0.0331049 0.102264 -0.0277733 0.00842724 -0.0378209 0.001465 -0.00307632 0.0435141 -0.00462789 -0.00307624 -0.0344382 0.0333639 -0.0261704 -0.0026103 -0.000280071 0.0153483 -7.45878e-05 0.010732 0.00874852 -0.00436639 -0.00165525 -0.00048239 0.0458964 -5.17254e-05 -0.00537156 -0.00866218 -0.00859934 0.0326164 0.000383264 0.000514403 -0.0201076 -0.00060402 -0.000191389 0.00279436 0.0002177 -0.0360986 0.0136812 0.016021 0.00882166 0.0025785 -0.00288273 0.000290348 -0.00672177 -0.00704257 -0.000112504 -0.0070843 0.002514 -0.000494295 0.000835556 -0.033821 -0.0421958 -0.000688553 -0.00159098 0.000649179 -0.000475333 -0.00174404 -0.00225554 4.27508e-05 -3.16569e-05 0.000726675 -0.000453595 -0.0033269 -0.000326595 -0.000108878 0.000315581 -6.28938e-07 -0.0307944 0.000262842 0.000348733 0.0304349 -0.000167506 -0.00278706 -0.00100834 
0.0391696 -0.0295932 -0.00695277 0.044223 -0.0111589 0.0565721 -0.0148586 -0.00141669 -0.0077905 0.015194 -0.0205118 -0.0505072 -0.0119352 -0.0056329 0.0988317 -0.00734865 -0.0231164 0.100164 -0.0471813 -0.0704062 0.0958579 -0.012216 -0.0538181 -0.0412394 -0.0389994 -0.0321429 -0.00107199 0.0801691 -0.0277733 0.196745 -0.00600163 0.0999337 -0.00258183 -0.0103742 -0.0519073 0.0403521 0.022697 0.0660795 -0.0558949 0.091521 -0.00342646 -0.000612992 -0.043689 -0.000260055 -0.0133004 -0.0546671 -0.00915057 -0.0119223 -0.00129563 -0.0879469 -0.00143706 0.00242462 0.00511632 -0.00928258 -0.0887168 -0.0143871 -0.00173414 0.0231834 -0.00412174 -0.00205736 -0.00264914 -0.000859449 0.088464 -0.0307366 -0.0556886 -0.00267327 -0.00222326 -0.0147286 -0.000524171 -0.0130868 -0.0110488 -0.0174188 -0.0100551 -0.0483946 -0.00176251 -0.00954638 0.0843828 0.0970711 -0.00408217 -0.00857648 1.76193e-05 -0.00448504 -0.011574 -0.0174318 -0.00279608 -0.000136865 -0.00790045 -0.00264588 -0.00973187 -0.000910258 -0.00100142 -0.00044632 -9.734e-06 0.045692 -0.00133418 -0.0150706 -0.038154 -0.000762162 -0.010325 -0.0446515 
-0.00338764 -0.000326552 0.000662321 -0.00299016 -0.000514218 -0.00546449 0.00119886 3.05208e-05 0.000139152 -0.00080442 0.00687849 0.00725027 0.000467559 0.000516427 -0.00571354 -6.84736e-05 0.00723745 -0.00615985 -0.00186344 0.00159826 -0.00764236 0.000280275 0.000657582 -0.00100599 0.00755493 0.00652719 -4.61633e-06 -0.00834996 0.00842724 -0.00600163 0.0104814 -0.00727671 -3.13072e-05 -0.000186033 0.00877841 -0.00206318 -0.00270372 -0.00492294 0.00872679 -0.00787712 -0.000269383 -2.13558e-05 0.00189448 2.05682e-06 0.0031225 0.000214628 -0.000334462 5.27538e-06 -3.24026e-05 0.00353242 5.98522e-05 0.000266389 -0.001414 -0.000806529 0.00724763 0.000123712 0.000151188 -0.00214721 -5.54854e-05 6.41475e-06 7.42347e-05 6.16019e-06 -0.00623939 0.00474318 0.00494656 -0.00013177 0.000403318 -0.000249889 8.03595e-05 -0.000495871 -0.00106299 -8.04318e-05 -0.00205593 -0.00031801 -2.13716e-05 -0.000101347 -0.00883489 -0.00829532 -4.36311e-05 -0.000128607 2.80592e-05 -5.58492e-05 -9.37051e-05 -9.50439e-05 3.73343e-06 5.3024e-06 0.00153616 -9.62805e-06 -0.000419744 -5.16686e-05 -3.13863e-05 9.72923e-06 3.926e-07 -0.00316812 1.25069e-05 -0.000186775 0.00778378 -2.31995e-05 -0.000247183 -0.000792172 
0.0598959 -0.0290816 -0.00621214 0.0524204 0.0129843 0.0124319 -0.0160857 -0.00228455 -0.00143083 0.0214273 -0.0188073 -0.062401 -0.0117486 -0.0061643 0.0676307 -0.00842752 -0.026013 0.0673927 -0.0874503 -0.0700084 0.0812228 -0.0200723 -0.0489075 0.00340071 -0.0416777 -0.0319265 -0.000584725 0.075785 -0.0378209 0.0999337 -0.00727671 0.213612 -0.00106969 -0.00325961 -0.0669256 0.0628891 0.0211782 0.116263 -0.0660204 0.0980611 0.000250221 -0.000201125 -0.0464193 -0.000562134 -0.0124396 -0.0521208 0.00264466 -0.00571221 -0.0013894 -0.0793918 -0.00137161 0.00661056 -0.0149115 -0.0365781 -0.118482 -0.0203802 -0.00190498 -0.0141317 -0.00388853 -0.00205852 -0.000929703 -0.000758549 0.137771 -0.0315756 -0.01231 -0.017277 -0.00172412 -0.0112827 -0.000692094 -0.00476734 -0.0480581 -0.0169046 -0.00567567 -0.0462615 -0.000704454 -0.00891893 0.0917394 0.103054 -0.0042792 -0.00419279 -0.000486878 -0.00396343 -0.00809828 -0.0151098 -0.00235544 -0.000106316 -0.000465691 0.000144102 -0.0111221 7.96869e-05 -0.000897212 -0.000278553 -4.89949e-06 0.0789139 -0.00126768 -0.0144474 -0.0489511 -0.00072561 -0.000905653 -0.0786359 
-0.00141087 0.000621656 0.000129295 -0.000841417 -0.00015977 -0.00216868 0.000888526 -1.33487e-05 0.00095337 -0.000115038 -5.63788e-05 -0.000266293 0.000181332 0.000642713 -0.00176067 0.000223588 0.000190513 0.00039026 0.000355545 0.00299563 -0.000884459 0.000220092 -0.000185153 0.000277644 -0.000192345 0.000969784 4.43211e-05 -0.00306226 0.001465 -0.00258183 -3.13072e-05 -0.00106969 0.00465615 -1.36503e-06 0.000286766 -0.000657291 -0.00140481 -0.00160794 -1.70401e-05 -0.00184461 -0.000127586 5.21649e-05 7.58229e-05 5.99882e-06 0.000210225 0.000309583 2.4116e-06 -6.44512e-05 -8.40696e-06 0.00335723 0.000217544 -0.000280299 0.000409591 -0.000243928 0.000298289 0.000813418 0.00012967 -0.000710022 -1.92302e-05 0.000457223 0.00101868 0.000642881 -0.00274821 2.57454e-05 -6.62838e-05 0.00163676 0.00064278 -4.20134e-05 3.78502e-06 0.000216866 -0.000424597 0.000112668 0.000186506 0.00104042 0.00051688 0.000125794 -0.000817475 -0.00293847 7.94379e-06 -3.87657e-05 0.000684538 4.4438e-05 5.20322e-05 0.000158654 0.000116467 -1.67838e-06 5.35353e-07 -1.59856e-05 -0.000281486 -5.19099e-05 0.000149795 0.000236478 4.57246e-07 -0.0014079 0.000624058 1.26211e-05 -5.37102e-05 -1.12365e-05 -0.000100719 0.000697791 
0.00895634 0.000365497 0.00026982 -0.000726404 -0.00112638 -0.00665772 0.000960944 -4.08738e-05 0.0033782 0.00251416 0.00124166 -0.00223228 0.00434183 -0.000240894 -0.0136955 0.00485638 0.0028652 -0.00780735 -0.00568477 -0.00248085 -0.00943123 -0.000759275 0.00021291 0.0111367 -0.00122603 0.000754903 0.000337488 -0.0132529 -0.00307632 -0.0103742 -0.000186033 -0.00325961 -1.36503e-06 0.0265947 -0.00294034 -0.0134392 -0.006359 0.000241712 -0.00259587 -0.00373119 0.00492465 0.000357026 -0.00172709 3.95799e-07 -0.000371244 0.00262378 -0.00138167 0.00904204 0.00247681 0.000541251 2.15337e-05 0.00206812 -0.00135717 -0.00046679 -0.00559607 0.000988118 0.000126835 -0.000557253 -0.000108366 0.000240942 2.73473e-06 2.27916e-05 0.00313796 -0.000811508 -0.0059444 -0.00152109 -0.000148799 0.00642218 8.22212e-06 0.00453185 -0.0027142 0.0020246 -0.00437002 -0.00146597 0.00094411 7.5165e-05 -0.012007 -0.00377002 0.000446262 0.0111714 4.40773e-05 6.96185e-05 0.00875504 0.00934207 9.55392e-05 5.514e-05 0.000387413 0.00089254 0.000893354 0.00117552 0.000279504 7.8495e-06 -1.90352e-07 0.00302061 0.000220325 -0.00019894 -0.000726015 -6.04278e-05 0.00758463 0.00257949 
