0.000628321 8.75342e-06 -3.76931e-05 7.01653e-08 9.53012e-08 -1.65591e-06 -6.647e-06 -4.34443e-06 3.46926e-06 -8.35014e-05 4.92706e-07 -1.45777e-07 3.28878e-05 -1.06837e-05 -1.06476e-05 -7.85177e-05 2.60069e-07 -3.43103e-05 -9.0427e-05 -6.31916e-05 -4.55877e-05 -9.4785e-06 -2.04469e-05 -0.00011113 -4.26595e-05 -7.27966e-05 -3.37965e-05 3.51032e-05 -1.37055e-05 -2.66107e-05 4.0703e-05 5.07222e-05 6.92292e-05 -2.30861e-05 -1.1094e-05 9.76046e-05 -1.39033e-05 -2.49866e-05 8.75359e-06 0.000155361 -4.96371e-06 6.71024e-07 -9.36321e-05 2.67861e-06 -2.7942e-05 1.35151e-07 -4.74082e-05 1.34145e-05 0.000131356 3.83593e-06 2.96956e-05 -2.13368e-05 4.8328e-06 -9.09405e-06 -5.65308e-05 -0.000192779 -2.62453e-06 -6.81393e-05 -1.82854e-07 3.91773e-05 4.85411e-06 -2.84924e-07 1.02492e-07 4.9019e-06 4.42572e-05 -3.69228e-05 -7.33499e-05 -9.5657e-07 -2.55176e-08 -1.01861e-05 -4.08318e-06 1.65346e-05 -7.66279e-05 -4.99854e-07 9.40487e-06 -5.68934e-06 -3.6282e-06 4.81786e-05 -6.99111e-05 1.07312e-06 -4.09108e-06 -4.73815e-06 -1.86916e-05 9.45152e-05 1.58308e-06 9.43226e-05 -8.78119e-05 7.81651e-05 5.32592e-05 -8.30857e-05 8.673e-07 5.67226e-05 6.55807e-06 4.15755e-06 -4.45755e-06 -1.72512e-05 1.09466e-06 2.51441e-06 7.21278e-06 1.00699e-05 
8.75342e-06 0.02755 0.00197014 6.34861e-06 6.55009e-05 -7.85879e-05 -0.000335952 0.000566768 3.25674e-06 -0.000108418 -2.80902e-05 5.04213e-06 -0.00638024 -0.000476784 -6.48866e-05 0.00501567 -0.00355139 0.00239909 0.00516773 0.00895397 0.00102781 -0.000424269 -0.00342289 -0.000176888 0.00857239 0.00461444 -0.00104476 -0.0029734 -0.0100391 -0.00100131 0.00226619 -0.0035298 -0.000222739 -0.000622539 0.00153936 -0.00837292 0.000137645 -0.00181079 0.00396797 -0.00788714 0.00123053 -9.17253e-06 -0.0073643 0.00149409 0.00358049 -1.41944e-05 -0.000791097 -0.00460869 0.00779028 0.000357242 -0.000258721 0.000971107 -0.000142857 -0.000214714 0.0115263 -0.00997452 -0.000121259 -0.00319492 3.80581e-05 -0.000612146 0.000946599 -1.03646e-05 -5.41484e-07 -0.000219734 -0.00175155 -0.00209404 0.00293571 -1.4654e-05 -5.52342e-06 -0.00128165 -5.72269e-05 0.00701397 -0.00972259 0.00526718 0.00122377 -0.000662809 -0.000154075 -0.0089879 2.64042e-06 0.000247185 -0.00010638 -0.000167101 0.00329461 -0.00416394 -0.000686074 -0.000777958 -0.00420149 -0.00288589 -0.0105247 0.0102215 0.000132521 -0.00358285 0.000502221 0.000203995 -0.000157335 -0.000166587 1.86538e-05 6.54239e-06 -0.000181049 -0.000419731 
-3.76931e-05 0.00197014 0.108028 0.000250463 0.00289947 -0.000142186 0.00124128 -8.51785e-05 0.000126956 -0.0199813 0.000406233 0.00095472 0.0233115 -0.0013312 -3.693e-06 -0.0303158 -0.0242865 -0.0104524 -0.0319206 -0.0140418 -0.0636783 -0.00211376 -0.0165483 -0.0227549 -0.00849303 -0.0289 -0.0113356 -0.0171012 0.0206162 0.0234821 -2.83859e-05 0.050863 -0.0159053 -0.00588926 -0.00607556 0.0128616 -0.00242307 0.0362803 -0.00559569 -0.0326261 -0.0033979 -4.08034e-05 0.0228583 -0.00335204 -0.000608676 0.000732653 -0.0131807 0.0302889 0.0269134 0.00172923 -0.00165336 -0.00410527 0.00167861 -0.00146317 -0.0170281 0.0276141 -0.00563647 0.0576355 0.00039463 -0.00568345 0.00541259 -2.36011e-05 0.000142545 0.00293926 -0.00252398 -0.00937068 -0.0231942 -0.000266882 8.14423e-05 -0.00845661 -0.00109469 0.00712789 -0.0193281 0.00194375 0.00503406 0.0170129 0.00204296 -0.0180134 -0.0215789 -8.38747e-05 -0.00063812 -0.000960769 -0.0190851 -0.0109023 -0.0053172 0.00243965 0.0492036 0.0069684 0.0115941 -0.022176 -4.71739e-05 0.0307916 8.56988e-06 0.00256084 -0.0009404 -0.00279674 -0.000574947 -4.31382e-05 -0.000719852 -0.00208801 
7.01653e-08 6.34861e-06 0.000250463 0.000683203 2.14186e-06 3.52884e-06 6.2897e-05 -8.80268e-06 3.41961e-05 -6.81983e-05 1.29256e-07 0.00019735 -0.000101219 2.4346e-06 -8.41987e-06 -0.000118397 -0.000204138 -4.92835e-05 -0.000150691 -0.000182083 -0.000496434 0.000151552 -7.47861e-05 -8.34565e-05 -2.4501e-05 -0.000120924 -2.12548e-05 -0.000208553 3.62429e-05 0.00028311 0.000164434 2.96267e-05 -0.000108651 -2.51691e-05 1.27758e-05 -0.000130996 0.000123959 0.000189921 4.67671e-05 -0.000205734 -8.97651e-06 8.04104e-06 3.77619e-07 -2.61158e-05 -8.8426e-06 2.69156e-05 -8.46965e-05 4.83087e-05 0.000188154 0.000174056 -1.82803e-05 -2.58777e-05 3.5567e-07 4.68212e-06 5.39315e-05 -0.000202306 -4.12993e-05 2.00512e-05 3.06769e-05 9.19462e-06 0.000128558 -3.89897e-07 5.83658e-06 -2.74188e-06 -1.62474e-05 -4.89706e-05 -0.000106422 1.09637e-05 3.11451e-05 -4.31552e-05 -5.44047e-06 0.000198952 -0.000250393 7.89347e-05 0.000198159 0.000111397 7.90219e-05 -0.000339014 -0.000145731 1.77079e-06 -9.57706e-07 1.44914e-05 -0.000133159 -0.000174021 -2.58934e-05 0.000318956 -4.40846e-05 0.000119374 -3.70874e-05 -0.00021605 -2.946e-07 -1.2249e-05 3.71425e-06 0.000200656 2.62003e-05 3.08924e-05 2.37196e-06 1.38912e-06 2.04468e-05 -1.87397e-05 
9.53012e-08 6.55009e-05 0.00289947 2.14186e-06 0.00507123 0.000160895 7.27093e-06 0.000164382 2.87409e-05 -0.000760915 0.000229286 0.000473182 0.000253258 -4.59163e-05 0.000269058 -0.00117367 -0.00279193 -0.000437874 -0.000838146 0.0018615 -0.000993239 -5.60424e-05 -0.000447305 -0.000798886 0.00130497 -0.000667657 -0.000440258 0.000248842 -0.00161275 5.87799e-05 -0.000233586 0.00143296 -0.000205231 -8.00514e-05 -0.000291088 -0.00176032 -4.41144e-05 4.98574e-05 -0.000239458 -0.00129394 -0.000142176 -7.01665e-07 8.59475e-05 -0.000214163 0.000889488 -5.79601e-06 -0.000620358 -0.000389312 0.00283797 0.000192327 -2.01218e-06 -0.000174758 -2.40611e-05 -5.60201e-05 0.000978424 -0.000523005 0.000138115 0.00151647 1.45806e-06 -0.000339253 0.000409764 -2.27643e-06 -2.07082e-06 0.000613258 -6.58656e-05 -0.000341327 -0.00100643 -1.36399e-05 2.0472e-05 -0.000318574 -3.97878e-05 0.00154088 -0.00188991 0.000923377 0.000283649 0.00089773 1.6124e-05 -0.0022777 -0.000310213 2.78328e-06 -2.94323e-05 -2.86741e-05 -0.000216182 -0.00190971 -0.000154186 0.00130965 -0.000194787 -0.000825672 -0.00151694 0.000436751 7.59362e-06 0.000357974 7.67764e-06 0.000611343 -3.5992e-05 4.29408e-05 -3.55848e-05 -2.23733e-06 -4.7477e-05 0.000265068 
-1.65591e-06 -7.85879e-05 -0.000142186 3.52884e-06 0.000160895 0.004443 -3.64389e-05 -6.54107e-05 8.30129e-06 0.000568859 0.000178433 0.000143517 -0.00275143 -8.2658e-05 -1.84319e-05 0.00256521 -0.00262481 0.000195262 0.00222906 0.00277962 2.77397e-05 0.000160373 0.00180572 0.00205951 -0.000362587 0.00271807 0.0025801 -0.00180869 -0.00284395 -0.000291573 -6.50007e-05 -0.000585453 0.00292678 -0.000219934 -0.000262742 -0.00260388 0.000160989 -0.000461516 -0.000142755 -0.00128121 -7.7809e-05 -3.20163e-06 -0.00146971 0.00033783 0.000912493 1.44693e-05 0.00183894 -0.0027221 0.000184184 7.53541e-06 -0.000100203 8.91493e-05 -3.96799e-05 0.00230747 0.000971284 -0.00133063 -0.000252081 -0.000396981 1.30301e-06 8.41437e-07 -0.000175075 4.29657e-05 -1.89673e-07 2.24446e-05 -0.000283157 -0.000383587 0.00159362 -1.00718e-05 2.84283e-06 -0.000127381 4.78051e-05 -4.6292e-05 -0.0019595 7.146e-05 0.000104448 -0.000114634 -1.00853e-05 -0.00249448 0.00261465 2.03025e-05 -2.92577e-05 -2.54229e-05 0.00189193 -0.00245138 -7.8262e-05 -0.000253655 -0.000896134 -0.000876894 -0.00275878 -0.000386019 7.83898e-07 -0.00267294 -5.58977e-06 0.000489566 2.52169e-05 -8.31089e-05 -1.07286e-05 6.98175e-07 -2.38835e-05 -2.9409e-05 
-6.647e-06 -0.000335952 0.00124128 6.2897e-05 7.27093e-06 -3.64389e-05 0.0123872 -0.000100713 -4.78196e-06 -0.00120327 -1.13135e-05 -2.27522e-05 0.00117695 -0.000229839 4.00516e-05 -0.00195008 7.7989e-05 -0.000704858 -0.00171077 -0.000135509 -0.00137505 0.000117972 -0.000964096 -0.00109384 -0.000215682 -0.00196879 -0.000810948 0.00185943 0.00107038 0.00100225 0.00106461 0.00310074 -0.00158018 -0.000264421 3.65712e-06 0.000856141 -0.000359952 0.000249705 -0.000585042 -0.0025658 -0.000202113 7.01506e-05 -0.00300012 -0.000278473 -0.000423678 2.57234e-05 -0.00040314 0.000506318 0.000621027 -3.00542e-05 -0.000156793 -0.000247311 -4.65753e-05 -0.000175115 -0.000629883 0.000402525 -0.000543356 -0.000557467 9.05119e-05 0.000116376 0.000239017 -5.60442e-06 -5.69073e-06 -5.2284e-05 -0.000709128 -0.000989613 -0.00108004 0.000170369 -2.59318e-06 -4.03339e-05 -0.000102608 0.00112509 -0.00105113 -0.000346642 0.00077438 1.31378e-06 0.000191687 -0.000384423 -0.00104231 -1.10075e-05 5.63597e-05 -8.10377e-05 -0.00163192 0.000654982 -0.000389729 0.00258595 -0.00189753 0.00217498 0.00109471 -0.000695078 1.86053e-05 0.0007731 -2.83783e-05 -5.26858e-05 -7.41595e-05 -0.000191219 -5.46175e-05 -3.80127e-06 -9.30969e-05 -6.42723e-05 
-4.34443e-06 0.000566768 -8.51785e-05 -8.80268e-06 0.000164382 -6.54107e-05 -0.000100713 0.0153152 -7.29802e-06 0.00067565 -1.80327e-05 -2.53679e-05 -0.000630609 -0.000181549 -0.000205186 0.00314973 -0.00649868 -0.000820241 0.00702163 0.00801155 0.002434 0.000159401 -0.00179199 0.000642781 -3.92711e-05 0.00342056 -0.000507443 -0.00461064 -0.00748409 -0.000846063 -0.000750886 -0.000164815 -0.0018385 0.000294988 -0.000448593 -0.00712732 0.0032332 -0.00141474 -0.000688508 -0.00462657 -0.00041149 -6.64773e-06 -0.00514682 -0.000258148 0.00755801 -2.5453e-05 0.00177074 -0.0032119 0.00390431 -5.6435e-05 0.00296465 0.00245676 0.000763406 0.000147429 0.00798409 -0.00712953 -0.00063374 -0.00219208 -1.34214e-05 -0.000256263 -0.000536181 -1.05744e-05 -8.90603e-06 -9.55402e-05 0.00172091 -0.000507164 0.00161402 -4.1642e-05 1.37551e-06 -0.000231861 -5.59249e-05 0.00441434 -0.00209834 1.01988e-05 0.000258777 -0.000446658 -7.39987e-05 -0.00639792 0.00204278 0.000110491 -8.88407e-05 -0.000112536 -0.000848413 -0.00572327 -0.000676374 -0.000762669 -0.00253911 -0.00062225 -0.00711083 0.00766385 2.8305e-05 -0.00363521 5.21106e-06 8.51933e-05 -0.000115157 0.00176041 -3.92619e-05 -2.3431e-06 -6.35883e-05 0.000822226 
3.46926e-06 3.25674e-06 0.000126956 3.41961e-05 2.87409e-05 8.30129e-06 -4.78196e-06 -7.29802e-06 0.000541663 -7.87657e-05 3.80551e-06 8.68455e-05 -0.000137638 -6.59483e-06 -7.71902e-06 -0.000115174 -0.000113786 -7.11822e-06 0.000162341 5.66134e-05 2.099e-05 -7.39407e-06 -5.23865e-05 -0.000113961 2.22237e-05 -7.50327e-05 -4.60421e-05 -3.80015e-05 -0.000291887 -3.25566e-05 -2.38022e-05 9.42029e-06 2.23123e-05 1.28677e-05 0.000128704 -0.000308456 4.25876e-05 -7.89966e-05 -5.68222e-07 0.000114344 -1.5286e-05 -4.03913e-07 -0.000128464 -1.03869e-05 -4.84997e-06 5.19351e-06 -4.24751e-05 0.000106343 0.000204671 9.6119e-05 1.66913e-05 -1.51055e-05 6.76861e-05 -3.4673e-06 0.000316928 -0.000266348 -7.43072e-06 -7.52187e-05 -3.01616e-07 0.00022258 -1.86184e-05 3.48887e-07 -2.20814e-07 7.55164e-05 -8.11035e-06 -4.29809e-05 -9.68274e-05 7.39056e-06 5.72848e-06 -2.49074e-05 -4.63525e-06 0.000299353 -0.000219291 1.94339e-05 0.000110427 1.28811e-05 -3.34715e-06 -4.73065e-05 -9.20238e-05 -3.7566e-07 -1.92156e-06 -2.95046e-06 -6.61067e-05 -0.000145172 -2.65297e-06 4.94614e-05 -0.000103456 -7.96254e-05 -0.000304505 0.000132355 -4.13217e-07 0.000116919 -1.4068e-06 0.000114859 6.39746e-07 -1.05322e-05 -3.91026e-06 6.71522e-07 -2.82616e-06 -1.00164e-05 
-8.35014e-05 -0.000108418 -0.0199813 -6.81983e-05 -0.000760915 0.000568859 -0.00120327 0.00067565 -7.87657e-05 0.143269 -6.61029e-05 -0.000371346 -0.0708382 -0.00322672 -0.00194887 0.112191 -0.0725661 0.0470921 0.0938449 0.0735755 0.0212999 0.0118416 0.0384163 0.111271 0.0538071 0.0973202 0.0359226 -0.0663293 -0.0919539 -0.0104606 0.0242392 -0.0244972 0.0246137 -0.00195996 0.00590418 -0.0876256 0.00532738 -0.0243428 0.0294614 -0.0537237 0.0210077 -8.71579e-05 -0.0621159 0.00852163 0.00322607 -0.000317175 0.0182562 -0.110367 -0.0156919 0.00185403 0.00582566 0.000261953 -0.00203542 0.00330077 0.0883926 -0.0841461 -0.0040776 -0.0293509 -0.000153967 -0.00219706 -0.000409828 0.000151487 -3.61462e-05 -0.00141398 0.0197311 -0.0145864 0.0551346 -0.000337599 -5.24772e-05 0.0244817 0.0065946 -0.00492879 -0.0564304 -0.00226667 -0.000742614 -0.00431393 -0.000884046 -0.0972557 0.0403183 0.000239128 -0.00102064 0.00416128 0.0504108 -0.070875 -0.00309286 0.00342892 -0.0347607 -0.0246557 -0.0958479 0.0769109 0.000197438 -0.111895 -0.000569864 -0.00110296 -0.000614545 0.000117299 -0.00128021 -9.09175e-05 -0.00159763 0.010633 
4.92706e-07 -2.80902e-05 0.000406233 1.29256e-07 0.000229286 0.000178433 -1.13135e-05 -1.80327e-05 3.80551e-06 -6.61029e-05 0.00175809 0.000139878 -0.000267545 -1.80918e-05 -1.61407e-05 -0.000185105 -0.000378739 -0.000125953 -5.87188e-05 0.000259206 0.000153762 3.43443e-05 -0.000159916 -0.000174979 -5.58696e-05 4.41378e-05 -6.14214e-05 -0.00026313 -0.000325387 -7.5366e-05 -1.97942e-05 0.000169584 0.000230677 -1.25088e-06 -7.36804e-05 -0.000562928 0.000158627 0.000312509 -5.1519e-05 -0.000297154 -1.69915e-05 1.09824e-06 2.16535e-05 -7.40518e-05 0.0003277 -4.15343e-08 -6.48752e-05 -0.000261857 0.00041663 -4.96962e-06 -1.9707e-05 -5.3089e-05 -1.34007e-05 -2.45481e-05 -0.000124665 0.000218303 -7.2544e-05 0.000673834 5.1699e-06 -9.73902e-05 0.000208995 1.00233e-06 -6.08716e-08 1.00939e-05 -5.99564e-06 -6.89179e-05 -9.84926e-05 -3.63098e-06 5.8176e-06 -9.34148e-06 -4.50729e-06 0.000183277 -0.000465888 0.000194748 3.87209e-05 -2.15789e-05 -9.50803e-06 -0.000447947 0.000529822 3.82594e-06 -6.51473e-06 2.92941e-05 0.000124942 -0.000819419 -5.98647e-05 -0.000113846 -5.88519e-05 -0.000339028 -0.000482987 -0.00020248 -9.7283e-07 -0.000309767 1.40943e-05 0.00030815 -1.24409e-05 -3.93734e-05 9.82821e-05 2.65876e-07 -8.63421e-06 0.000219491 
-1.45777e-07 5.04213e-06 0.00095472 0.00019735 0.000473182 0.000143517 -2.27522e-05 -2.53679e-05 8.68455e-05 -0.000371346 0.000139878 0.00357503 -0.00206116 -4.09269e-05 -7.51603e-06 0.00035622 -0.00161437 -0.000259635 0.000421171 0.00112 -0.00184693 6.54952e-05 -0.000172696 -0.000328439 0.000627872 0.00125437 3.75409e-05 -0.00110895 -0.00145565 -0.000219204 -0.000198992 -0.000398803 9.46854e-05 -3.58706e-05 -0.000135233 -0.00198361 0.00049304 -0.000282748 5.11583e-05 -0.000509776 -8.67985e-05 -2.07182e-06 -0.000274663 0.000110958 0.000865305 7.23812e-05 0.000604807 -0.000578424 0.00148188 0.000691619 -5.33664e-05 0.000159893 4.99452e-06 0.000368378 0.00161375 -0.00137386 -0.000134726 0.000209717 -2.74738e-06 -1.40459e-05 -4.71302e-05 -6.8101e-07 3.40878e-06 -1.99313e-05 -0.000226221 -0.000305438 0.000194348 3.05471e-05 9.51687e-05 -0.000221904 -1.07528e-05 0.00121003 -0.00116578 0.00118829 0.00159076 0.00052297 -1.42905e-05 -0.00178598 0.000151201 6.05884e-06 -7.09897e-06 6.45202e-05 0.000851748 -0.00169534 8.23857e-05 0.000155301 -0.000667702 -0.000583126 -0.00207871 0.000147621 2.20439e-06 -0.000124882 7.56123e-05 0.00167435 0.000126089 -4.41484e-05 -2.04356e-05 1.12337e-05 6.57921e-05 8.99349e-05 
3.28878e-05 -0.00638024 0.0233115 -0.000101219 0.000253258 -0.00275143 0.00117695 -0.000630609 -0.000137638 -0.0708382 -0.000267545 -0.00206116 0.192185 0.0043159 -0.00278595 -0.158986 0.147943 -0.0670255 -0.148067 -0.129995 -0.0265267 0.00189949 -0.097748 -0.113721 -0.106605 -0.165255 -0.0606973 0.0945676 0.165197 0.0119933 -0.00668448 0.0352898 -0.0965415 0.00667261 -0.0153408 0.15231 -0.00831983 0.0366738 -0.0195783 0.0759052 -0.0125101 0.000191675 0.088951 -0.0315693 -0.0113913 0.000238691 -0.0691409 0.15615 0.0104374 -0.0028342 0.00686956 -0.0139474 0.000767963 -0.00907016 -0.123427 0.122139 -0.0131922 0.0413327 0.000160073 -0.0217613 0.0109008 -0.000255922 7.36466e-05 -0.00186296 0.015188 0.0211504 -0.138287 4.9457e-06 -6.57528e-05 -0.0510625 -0.00434577 -0.000342515 0.104321 -0.0034431 -0.00751629 0.00619548 0.00113332 0.146328 -0.120858 -0.000475739 0.00171967 0.000996004 -0.151411 0.140996 -0.0157975 0.0152267 0.0507691 0.0518729 0.159529 -0.11312 -0.000337474 0.155096 -0.00257848 -0.00428952 -0.00692772 -0.00432132 0.00158729 -4.03691e-05 0.00135017 -0.0181749 
-1.06837e-05 -0.000476784 -0.0013312 2.4346e-06 -4.59163e-05 -8.2658e-05 -0.000229839 -0.000181549 -6.59483e-06 -0.00322672 -1.80918e-05 -4.09269e-05 0.0043159 0.0184218 0.000540967 -0.00573652 0.00317138 -0.00171943 -0.00569389 -0.0053935 -0.00628024 -0.000387167 -0.00247376 -0.00386334 -0.00316872 -0.00553946 -0.00177772 -0.00249086 0.0056842 -0.000514292 -0.000900748 0.00131347 -0.00291646 0.00119511 -0.000568923 -0.00258972 -0.000558322 -0.00276004 -0.000975922 0.00903495 -0.000548626 -8.3705e-06 0.00768478 -0.000835749 -0.000893794 -3.43492e-05 -0.00233645 0.00601667 -0.000323806 -0.000108563 -0.000451157 -0.000726667 0.00102395 -0.000325702 -0.00585832 0.00358142 -0.000754899 -0.00102208 -9.74725e-06 -0.000375576 -0.000794489 -8.93024e-06 5.77718e-05 -4.0964e-05 -0.000698987 0.009473 -0.00381581 -1.82351e-05 -5.14136e-06 -0.00132535 -0.000167616 -0.00123258 0.00816006 -0.000540167 -0.000261018 -0.000237558 0.000153588 0.00763164 -0.00402916 -1.3558e-05 -4.19661e-05 -0.000164899 -0.00393762 -4.99363e-05 -0.000487285 -0.00118464 -0.000836658 0.00396347 0.00681693 -0.00652787 -1.36878e-05 0.0056877 -6.71409e-05 -7.42641e-05 -0.000180135 -0.000517876 -0.000143581 -2.09377e-06 0.000626883 -0.000564993 
-1.06476e-05 -6.48866e-05 -3.693e-06 -8.41987e-06 0.000269058 -1.84319e-05 4.00516e-05 -0.000205186 -7.71902e-06 -0.00194887 -1.61407e-05 -7.51603e-06 -0.00278595 0.000540967 0.0215148 0.000959733 -0.00299461 0.0014967 -0.00147093 -0.00236201 -0.00463966 -0.000425155 0.00386993 -0.00126827 -0.000545387 0.00158507 0.00283747 0.00162155 -0.00103165 0.00243835 -0.000559505 0.000552247 -0.000588367 -0.000670634 0.00104704 -0.00237829 -0.000586636 -0.00255658 0.00167538 -0.00317694 -0.000313247 -1.40225e-05 -0.000786185 3.48179e-05 -0.000685381 8.57727e-05 -0.00138766 -0.0013653 -0.00200239 -6.81532e-05 -0.000565378 -0.000384353 -0.000155471 -0.000103118 -0.0047713 0.00384932 -0.000676687 -0.000984877 2.96304e-07 0.00171105 -0.000970853 3.65621e-05 3.25047e-05 0.00287846 -0.00144685 0.00254625 0.00225549 0.000263308 -5.11754e-06 0.000143358 -0.000182058 -0.00126149 0.00103891 0.000133673 -0.000170488 -0.000200996 0.000136634 -0.000111408 0.00236528 -1.43543e-05 0.000323108 -0.000194025 0.00317269 -0.00705133 0.0013129 -0.00113607 -0.00149656 -0.00173242 -0.00069289 -0.0039561 0.000103057 -0.0014888 0.000740713 -0.000155262 0.00341722 -0.000542527 -5.93164e-05 -2.51544e-06 0.000601842 -0.000164486 
-7.85177e-05 0.00501567 -0.0303158 -0.000118397 -0.00117367 0.00256521 -0.00195008 0.00314973 -0.000115174 0.112191 -0.000185105 0.00035622 -0.158986 -0.00573652 0.000959733 0.212298 -0.150125 0.0606635 0.175138 0.159648 0.0323837 0.00926942 0.0868297 0.15571 0.091441 0.194725 0.0634888 -0.119791 -0.180768 -0.0148551 0.0166143 -0.0429024 0.0921658 -0.00481955 0.0120854 -0.170055 0.00888391 -0.044872 0.0283053 -0.0913044 0.0194132 -0.000188382 -0.111282 0.029817 0.0232343 -0.00057589 0.0865837 -0.2013 -0.0232126 0.0015557 0.0022049 0.026082 -0.00299817 0.0116941 0.149229 -0.150205 0.00738501 -0.0513028 -0.000264505 0.0171367 -0.00695359 0.000155849 -9.58016e-05 0.00100931 0.00953438 -0.025606 0.136934 -0.000509958 -6.65553e-05 0.0477344 0.00585545 -0.0112749 -0.112311 -0.00434673 0.000921649 -0.00818444 -0.00161102 -0.176906 0.138754 0.000562355 -0.00202855 0.00285133 0.136227 -0.149174 0.0109977 -0.00807183 -0.0616496 -0.0504158 -0.18141 0.142599 0.000437288 -0.199253 0.00139212 -0.000455799 0.0059481 0.00771276 -0.0019968 -1.37187e-05 -0.00291115 0.0168782 
2.60069e-07 -0.00355139 -0.0242865 -0.000204138 -0.00279193 -0.00262481 7.7989e-05 -0.00649868 -0.000113786 -0.0725661 -0.000378739 -0.00161437 0.147943 0.00317138 -0.00299461 -0.150125 0.234272 -0.0560929 -0.151641 -0.143769 0.00469396 -0.0091791 -0.0807829 -0.117928 -0.0980782 -0.152926 -0.0543321 0.123959 0.175414 0.000925432 -0.00311527 -0.0199214 -0.0803895 0.0150576 -0.00912681 0.171662 -0.0176773 0.0263388 -0.0173549 0.106876 -0.0083645 0.000224616 0.0840506 -0.0267732 -0.0240541 0.000151589 -0.0664769 0.147728 -0.0338605 -0.00300861 -0.00679542 -0.0188425 -0.000582856 -0.0101304 -0.13561 0.127366 -0.00734826 0.00922993 7.36444e-05 -0.0198321 0.00690803 -0.000187723 -7.71047e-05 -0.00357986 -0.0130818 0.0234679 -0.122129 0.000670298 -7.93362e-05 -0.0434422 -0.00463849 -0.020612 0.135902 -0.00380101 -0.0082474 -0.00513225 -0.000765416 0.165573 -0.11259 -0.000353638 0.00254057 -0.00322346 -0.126803 0.152933 -0.00954636 0.0128039 0.0273052 0.0501977 0.166499 -0.123141 -0.000327057 0.146882 -0.00215355 -0.00437664 -0.00580553 -0.00639612 0.00265574 -9.76926e-05 0.00291761 -0.0141396 
-3.43103e-05 0.00239909 -0.0104524 -4.92835e-05 -0.000437874 0.000195262 -0.000704858 -0.000820241 -7.11822e-06 0.0470921 -0.000125953 -0.000259635 -0.0670255 -0.00171943 0.0014967 0.0606635 -0.0560929 0.0839446 0.0537506 0.0260608 0.00991837 -0.00180525 0.0410041 0.0510827 0.0538746 0.0603799 0.0173995 -0.0335415 -0.060279 -0.00463385 0.0108087 -0.0130602 0.0257916 -0.00371014 0.0148822 -0.0542976 -0.00231805 -0.0140999 0.0160133 -0.0286017 0.00532833 -7.11089e-05 -0.0337037 0.00204376 -0.00153059 -0.000176964 0.00310451 -0.0588485 -0.00760607 0.000779205 -0.00248554 -0.000780782 -0.0011608 -0.000834501 0.0493227 -0.0456141 -0.0034243 -0.0156633 -8.20106e-05 0.0115321 -0.00409046 -2.96194e-05 -3.66824e-05 -0.000319805 -0.00705061 -0.00793341 0.0529756 -0.000203493 -2.88592e-05 0.0204342 0.000915121 -0.00117947 -0.0407178 -0.0002476 0.00125791 -0.00250042 -0.00044627 -0.0529568 0.0258148 5.3848e-05 -0.000628097 -0.000794616 0.0624808 -0.0512792 0.000469741 -0.00583211 -0.0187169 -0.0194737 -0.0572345 0.0426495 0.000280526 -0.0606724 -9.74958e-05 -0.000223555 0.00427563 0.000835039 -0.000729067 -2.28207e-06 -0.000850788 -0.000976078 
-9.0427e-05 0.00516773 -0.0319206 -0.000150691 -0.000838146 0.00222906 -0.00171077 0.00702163 0.000162341 0.0938449 -5.87188e-05 0.000421171 -0.148067 -0.00569389 -0.00147093 0.175138 -0.151641 0.0537506 0.218459 0.167169 0.0575169 0.0110566 0.0750383 0.133056 0.0920742 0.178044 0.0562456 -0.119212 -0.188965 -0.0190697 5.8054e-05 -0.0398612 0.0794668 -0.00414947 0.00928441 -0.184687 0.0198914 -0.0460122 0.0182064 -0.0841257 0.00805661 -0.000222553 -0.108729 0.0162962 0.0269213 -0.000512146 0.0787406 -0.172141 0.000992111 0.000798948 0.0126179 0.0250601 0.00134499 0.0103414 0.178109 -0.161895 0.00993815 -0.0541706 -0.000287099 0.0219763 -0.0144708 0.000156363 -0.000182278 -0.000960257 0.0191253 -0.0271502 0.118977 -0.00023936 -3.87985e-05 0.0412489 0.00551462 0.018676 -0.109576 -0.000516629 0.0029582 -0.00923472 -0.00183951 -0.163733 0.126301 5.45676e-05 -0.00222704 0.00435588 0.118713 -0.149605 0.00927842 -0.0160557 -0.0651255 -0.0514621 -0.19641 0.165848 0.000212023 -0.17186 0.0015265 0.000972547 0.00406002 0.010444 -0.00218526 -0.000116742 -0.00244742 0.0182012 
-6.31916e-05 0.00895397 -0.0140418 -0.000182083 0.0018615 0.00277962 -0.000135509 0.00801155 5.66134e-05 0.0735755 0.000259206 0.00112 -0.129995 -0.0053935 -0.00236201 0.159648 -0.143769 0.0260608 0.167169 0.205938 0.0467464 0.00934159 0.0546026 0.12069 0.0808254 0.163039 0.0491079 -0.0998815 -0.172967 -0.0182489 -0.00634623 -0.0294176 0.0802663 -0.00407913 -0.00792825 -0.171333 0.0199823 -0.0413437 0.0091598 -0.0838712 0.00636069 -0.000210417 -0.100845 0.0268666 0.0300364 -0.000613557 0.0853118 -0.156167 0.0095869 0.00125481 0.0109906 0.0260244 -0.000296843 0.0116302 0.154276 -0.139697 0.0136174 -0.0445082 -0.000259838 0.00471999 -0.0132928 0.000110364 -0.000166523 0.000439633 0.0189341 -0.0242688 0.0998357 -0.000631288 -5.17595e-05 0.0276307 0.00452611 0.0169887 -0.100197 0.000437103 0.00617577 -0.0074826 -0.00149974 -0.157794 0.130786 0.00047119 -0.00185537 0.00311321 0.10582 -0.141327 0.0106284 -0.0107912 -0.0577203 -0.0512947 -0.17481 0.14563 0.000192486 -0.152071 0.00143235 0.0020751 -0.00122393 0.0101918 -0.00185486 -4.47125e-05 -0.00280236 0.0198474 
-4.55877e-05 0.00102781 -0.0636783 -0.000496434 -0.000993239 2.77397e-05 -0.00137505 0.002434 2.099e-05 0.0212999 0.000153762 -0.00184693 -0.0265267 -0.00628024 -0.00463966 0.0323837 0.00469396 0.00991837 0.0575169 0.0467464 0.188127 0.00284886 0.0102984 0.0226286 0.0265569 0.0368709 0.00473388 0.050671 -0.0462703 -0.0479053 -0.0188009 -0.048668 0.0174667 0.00661033 0.0028346 -0.0389838 0.00549645 -0.0609986 -0.00435527 0.0318478 -0.0056215 -0.000292158 -0.0321803 -0.0059103 0.00793457 -0.000810488 0.0193937 -0.0270429 -0.0131403 -0.00198331 0.00496992 0.00688598 9.923e-07 0.000526012 0.0574313 -0.0280524 0.0133814 -0.069592 -0.00033282 -0.00162222 -0.0141865 -9.77777e-05 -0.000329477 -0.00472118 -0.00128888 -0.00762096 0.0222701 -0.00128582 -0.000146584 0.00895169 0.00106677 0.0123387 -0.00781506 -0.00107814 -0.000411695 -0.0211563 -0.00427741 0.00103226 0.0336479 -0.000531218 0.000997366 0.00123892 0.0196726 -0.016895 0.00379492 -0.00945516 -0.0844634 -0.0505634 -0.043356 0.0607928 -0.000155109 -0.0329496 -0.00028338 -0.00179905 -0.00629047 0.00342987 0.000970113 -0.000295603 -0.00010484 0.00606057 
-9.4785e-06 -0.000424269 -0.00211376 0.000151552 -5.60424e-05 0.000160373 0.000117972 0.000159401 -7.39407e-06 0.0118416 3.43443e-05 6.54952e-05 0.00189949 -0.000387167 -0.000425155 0.00926942 -0.0091791 -0.00180525 0.0110566 0.00934159 0.00284886 0.0204759 -0.00275733 0.00969669 -0.00283645 0.00447692 0.00558531 -0.00802308 -0.0113583 -0.000575436 0.00114426 -0.00219713 -0.00235816 -0.000856302 -0.00115117 -0.00978986 0.00593598 -0.00144546 0.000591787 -0.00599252 -0.000201106 2.99266e-05 -0.00757899 -0.000474198 0.0024406 0.00010384 -0.000575911 -0.0103249 0.00230026 0.000763658 0.00323227 0.000467507 8.97214e-05 -5.11861e-05 0.0120673 -0.0109777 -0.00121491 -0.00343245 1.31711e-05 -0.000845345 -0.000226314 -1.24846e-05 -2.69299e-07 -0.000156332 0.0146455 -0.00166679 -0.00302703 -3.68751e-05 1.08127e-05 -0.00104111 0.000684843 0.00372401 -0.00902077 -0.00042954 -0.000121325 -0.000310014 0.000143702 -0.0113993 0.00449848 -1.72143e-06 -0.000132877 0.00750655 -0.00409568 -0.0029212 -0.000926391 0.0031589 -0.00415633 -0.00156678 -0.0111506 0.0107554 -3.0537e-07 -0.00995514 -6.89245e-05 -5.51739e-05 -0.000152333 0.000127408 -0.00012625 -6.49424e-06 -0.000156254 0.000728755 
-2.04469e-05 -0.00342289 -0.0165483 -7.47861e-05 -0.000447305 0.00180572 -0.000964096 -0.00179199 -5.23865e-05 0.0384163 -0.000159916 -0.000172696 -0.097748 -0.00247376 0.00386993 0.0868297 -0.0807829 0.0410041 0.0750383 0.0546026 0.0102984 -0.00275733 0.119907 0.0608955 0.0617607 0.0911025 0.0468449 -0.0533562 -0.0866225 -0.0048034 0.00496448 -0.0194803 0.0732715 -0.00653427 0.0127982 -0.078235 -0.00430297 -0.0205505 0.0103255 -0.0412637 0.00294902 -0.000105815 -0.0479966 0.0168821 -0.00341815 -0.000280777 0.022209 -0.0870359 -0.0128369 -0.000185285 -0.00354238 -0.000855659 -0.00151975 0.00830606 0.0447198 -0.0573486 0.0135055 -0.0225292 -0.000122688 0.0183071 -0.00653544 0.000127624 -4.69807e-05 0.00244269 -0.0109188 -0.0114448 0.0751893 -0.000272574 -2.82267e-05 0.0259299 0.00127466 -0.00696568 -0.0599101 -0.00326337 -0.000207195 -0.00369564 -0.000685773 -0.076281 0.0619761 0.000205059 -0.00087181 -0.00120674 0.100216 -0.0750786 0.0183654 -0.00924888 -0.0279501 -0.0271329 -0.0817725 0.0399654 3.5781e-06 -0.0894818 0.00126787 -0.000516997 0.00772801 -0.00274967 -0.000981869 4.1242e-05 -0.000916561 0.00316073 
-0.00011113 -0.000176888 -0.0227549 -8.34565e-05 -0.000798886 0.00205951 -0.00109384 0.000642781 -0.000113961 0.111271 -0.000174979 -0.000328439 -0.113721 -0.00386334 -0.00126827 0.15571 -0.117928 0.0510827 0.133056 0.12069 0.0226286 0.00969669 0.0608955 0.187971 0.0622542 0.14464 0.0591552 -0.0957376 -0.134036 -0.01235 0.0208996 -0.0294318 0.0644827 -0.00470772 0.000487956 -0.130076 0.00922952 -0.0337697 0.0316635 -0.0761086 0.0211916 -0.00018514 -0.0838509 0.0159035 0.0190223 -0.000412166 0.0608055 -0.156079 -0.0196463 0.00162882 0.00326651 0.0178836 -0.00322003 0.0103993 0.108342 -0.115596 0.000176967 -0.0390815 -0.00018596 0.00155959 -0.00292356 0.000260948 -7.73922e-05 -0.00117249 0.0115545 -0.0191532 0.0925865 -0.000568321 -4.92521e-05 0.02706 0.00522058 -0.0094401 -0.088684 -0.00318164 -0.00174842 -0.00513661 -0.000807769 -0.136217 0.0954465 0.000361824 -0.00161086 0.00272003 0.0912804 -0.108825 0.00270956 -0.00192526 -0.0484651 -0.0379518 -0.135416 0.100862 0.000327543 -0.155704 0.000311243 -0.00145566 0.00223923 0.00597077 -0.00181651 -0.000136276 -0.00201846 0.0137701 
-4.26595e-05 0.00857239 -0.00849303 -2.4501e-05 0.00130497 -0.000362587 -0.000215682 -3.92711e-05 2.22237e-05 0.0538071 -5.58696e-05 0.000627872 -0.106605 -0.00316872 -0.000545387 0.091441 -0.0980782 0.0538746 0.0920742 0.0808254 0.0265569 -0.00283645 0.0617607 0.0622542 0.140572 0.0940734 0.0146839 -0.0534514 -0.110322 -0.010401 0.00994347 -0.0193721 0.0453799 -0.00671181 0.0106897 -0.099936 0.00203101 -0.0242428 0.0225895 -0.0527654 0.0136313 -0.000128641 -0.0599868 0.0179383 -0.00156726 -0.000319277 0.00621438 -0.0908102 0.0075964 0.00225853 -9.24008e-05 -0.00451037 0.000169837 -0.00191909 0.0998645 -0.0884929 0.0168488 -0.0277528 -0.000152855 0.00589095 -0.00711529 1.56156e-05 -6.00328e-05 -0.00107021 -0.00652189 -0.0144317 0.0738933 -0.00038051 -1.72945e-05 0.0346006 0.00325121 0.0130744 -0.0728188 0.00868903 0.00881902 -0.00443977 -0.000925771 -0.0972316 0.0495583 -9.10445e-05 -0.00120664 -0.00118459 0.0958942 -0.0874681 0.00703504 -0.00425272 -0.0342355 -0.0338218 -0.104912 0.0926712 0.000233872 -0.0931272 0.00136323 0.00293712 -0.00035448 -0.00197871 -0.00119507 -7.76726e-05 -0.00160655 0.00839332 
-7.27966e-05 0.00461444 -0.0289 -0.000120924 -0.000667657 0.00271807 -0.00196879 0.00342056 -7.50327e-05 0.0973202 4.41378e-05 0.00125437 -0.165255 -0.00553946 0.00158507 0.194725 -0.152926 0.0603799 0.178044 0.163039 0.0368709 0.00447692 0.0911025 0.14464 0.0940734 0.208617 0.0664088 -0.115101 -0.181003 -0.0152383 0.00445139 -0.0413459 0.0959347 -0.0046618 0.0126429 -0.174727 0.00738432 -0.0440621 0.0167621 -0.0865268 0.0118531 -0.00021746 -0.104758 0.0296657 0.0239777 -0.000506968 0.0881968 -0.191688 -0.0202624 0.00124946 -0.00143238 0.0265744 -0.00255336 0.0119928 0.148666 -0.143023 0.0107351 -0.0483015 -0.000255476 0.0209007 -0.0137879 0.000180856 -0.000146401 0.0013373 0.00201937 -0.0247748 0.138175 -0.000367889 1.75967e-05 0.0477922 0.0051593 -0.0109825 -0.106833 -0.00348414 0.00257328 -0.00710157 -0.00166804 -0.169166 0.1445 0.000487984 -0.0019739 0.000517049 0.14332 -0.159783 0.014025 -0.017737 -0.059485 -0.0573612 -0.182136 0.140506 0.000371117 -0.18768 0.00236908 0.00102053 0.00662408 0.00660037 -0.00190374 1.83418e-05 -0.00261379 0.0182408 
-3.37965e-05 -0.00104476 -0.0113356 -2.12548e-05 -0.000440258 0.0025801 -0.000810948 -0.000507443 -4.60421e-05 0.0359226 -6.14214e-05 3.75409e-05 -0.0606973 -0.00177772 0.00283747 0.0634888 -0.0543321 0.0173995 0.0562456 0.0491079 0.00473388 0.00558531 0.0468449 0.0591552 0.0146839 0.0664088 0.0860889 -0.0388174 -0.0614052 -0.00198579 -0.00165462 -0.0134556 0.0454954 -0.00342503 0.00485176 -0.0564541 -0.000136948 -0.0141875 0.000208963 -0.029748 0.000730248 -6.68699e-05 -0.0341793 0.00841521 0.00247036 -0.000153469 0.0251875 -0.0629882 -0.0104849 0.000491454 -0.00227438 0.000572167 -0.00111198 0.00815501 0.0282213 -0.0390858 0.00148633 -0.015894 -8.26469e-05 0.00950197 -0.00454844 0.000169684 -2.65906e-05 0.00174046 0.00324483 -0.0076339 0.0409872 4.52919e-06 -1.34874e-06 0.0107707 0.0024677 -0.00595414 -0.0408534 -0.00229309 -0.000776674 -0.00215752 -0.000505415 -0.0551415 0.0565945 0.000359931 -0.000605645 0.0011419 0.052882 -0.0526448 0.0102603 -0.00584897 -0.019121 -0.0195364 -0.0587347 0.02067 5.89687e-07 -0.0656374 0.000859107 -0.00043133 0.0074544 -0.00157196 -0.000732378 5.63397e-05 -0.000640242 0.00752527 
3.51032e-05 -0.0029734 -0.0171012 -0.000208553 0.000248842 -0.00180869 0.00185943 -0.00461064 -3.80015e-05 -0.0663293 -0.00026313 -0.00110895 0.0945676 -0.00249086 0.00162155 -0.119791 0.123959 -0.0335415 -0.119212 -0.0998815 0.050671 -0.00802308 -0.0533562 -0.0957376 -0.0534514 -0.115101 -0.0388174 0.243193 0.113579 -0.0223545 -0.0127568 0.00188814 -0.0485878 0.0042196 -0.00199429 0.118859 -0.00992076 -0.0355778 -0.0183167 0.0882177 -0.0120285 -0.000273756 0.0459965 -0.0170561 -0.0188484 -0.000151723 -0.0506639 0.120768 -0.0183143 -0.00101078 -0.00800281 -0.0152009 -0.000639192 -0.00785943 -0.0991083 0.100356 0.00664353 -0.0178216 -1.47428e-05 -0.0123272 -0.0131283 -0.000135179 -1.14104e-05 -0.00158935 -0.0251417 0.025073 -0.0831452 0.000544708 -2.3507e-05 -0.0294296 -0.00369384 -0.0103586 0.07721 0.00452577 -0.000663932 -0.0105239 -0.00143318 0.139503 -0.0810898 -0.000397577 0.00370326 -0.0035076 -0.0792679 0.108458 -0.00153109 0.0113991 -0.00543085 -0.0196823 0.125564 -0.0824369 -3.03047e-05 0.121589 -0.00152164 -0.00180253 -0.00404246 -0.00441445 -0.000664326 -4.94513e-05 0.00288308 -0.00931397 
-1.37055e-05 -0.0100391 0.0206162 3.62429e-05 -0.00161275 -0.00284395 0.00107038 -0.00748409 -0.000291887 -0.0919539 -0.000325387 -0.00145565 0.165197 0.0056842 -0.00103165 -0.180768 0.175414 -0.060279 -0.188965 -0.172967 -0.0462703 -0.0113583 -0.0866225 -0.134036 -0.110322 -0.181003 -0.0614052 0.113579 0.225614 0.0190021 -0.00598901 0.033823 -0.0958739 0.00824905 -0.0148758 0.195644 -0.020451 0.0495717 -0.022469 0.092419 -0.0122804 0.000238263 0.122083 -0.029014 -0.0283256 0.000487333 -0.0766166 0.177751 -0.0175254 -0.0033924 -0.0125473 -0.0247183 -0.00204332 -0.00929576 -0.174514 0.168392 -0.013505 0.0556752 0.000289341 -0.0209823 0.0148186 -0.000183907 0.000142219 -0.00162191 -0.0172767 0.0238292 -0.133522 0.000264534 -7.01932e-06 -0.0466186 -0.00574174 -0.026039 0.134268 -0.00442314 -0.00901435 0.00878159 0.00189423 0.178059 -0.131673 -0.000543289 0.00231304 -0.00468518 -0.136857 0.158373 -0.0156743 0.0118047 0.0682168 0.0565441 0.205025 -0.163756 -0.000380858 0.176374 -0.00221008 -0.00464716 -0.0058464 -0.0100869 0.00219852 -5.83281e-06 0.00269757 -0.0201572 
-2.66107e-05 -0.00100131 0.0234821 0.00028311 5.87799e-05 -0.000291573 0.00100225 -0.000846063 -3.25566e-05 -0.0104606 -7.5366e-05 -0.000219204 0.0119933 -0.000514292 0.00243835 -0.0148551 0.000925432 -0.00463385 -0.0190697 -0.0182489 -0.0479053 -0.000575436 -0.0048034 -0.01235 -0.010401 -0.0152383 -0.00198579 -0.0223545 0.0190021 0.0646125 0.00361857 0.0163436 -0.00931439 -0.00223188 -0.000912901 0.0120566 -0.00216717 0.0218084 -0.000523938 -0.0212013 -0.00137779 0.000157329 0.00260304 -0.00270823 -0.00271817 0.000606229 -0.0085095 0.009593 0.00107322 -0.000417293 -0.00173565 -0.00226789 -0.000750142 -0.00106989 -0.0209682 0.00575906 -0.00365211 0.0184497 0.000136025 -0.000163046 0.00655378 3.07536e-05 3.77913e-05 0.00220347 0.00581074 8.73464e-05 -0.0112993 0.000563079 1.14627e-05 -0.00428383 -0.000584445 -0.00419392 0.00373679 -0.00151086 -0.000836793 0.00868711 0.00171665 -0.00645858 -0.0106013 -2.0825e-05 -0.000392504 -0.000516275 -0.00955579 0.000143728 -5.24884e-05 0.00666231 0.0354048 0.0241593 0.0129222 -0.0194674 -2.25798e-05 0.0117083 0.000893692 -0.000548158 0.00353378 -6.2411e-05 -0.000255926 1.38782e-05 0.00054081 -0.00218238 
4.0703e-05 0.00226619 -2.83859e-05 0.000164434 -0.000233586 -6.50007e-05 0.00106461 -0.000750886 -2.38022e-05 0.0242392 -1.97942e-05 -0.000198992 -0.00668448 -0.000900748 -0.000559505 0.0166143 -0.00311527 0.0108087 5.8054e-05 -0.00634623 -0.0188009 0.00114426 0.00496448 0.0208996 0.00994347 0.00445139 -0.00165462 -0.0127568 -0.00598901 0.00361857 0.0554106 -0.00290117 -0.00209737 -0.00210599 0.000513065 -0.0010644 -0.00134545 0.00382056 0.0198511 -0.0124987 0.0153169 -2.12519e-05 -0.0204455 0.00394096 -0.00172713 0.000320262 -0.00641841 -0.0200921 -0.00475644 0.0011607 -5.15976e-05 -0.00185254 -0.000496506 -0.000634899 0.00523091 -0.0159814 -0.00220152 -0.000874082 0.000121092 -0.0027973 0.00905693 2.50537e-06 6.30095e-05 -0.000437457 -0.00140311 -0.00451138 0.00867948 -0.000149424 -1.72368e-05 0.00231636 0.000364295 -0.00363745 -0.0224661 0.00276394 -0.000783715 0.000133032 0.000360021 -0.02176 -0.011361 0.000190655 0.000138459 0.000157697 0.00373175 0.00170865 -0.00215444 0.0119891 -0.00271258 0.00802643 -0.00843989 0.00273285 0.000212909 -0.0196305 -0.000210004 -0.000346845 -0.000471861 0.00157836 -0.000176952 4.33667e-06 -6.43607e-05 -0.000949059 
5.07222e-05 -0.0035298 0.050863 2.96267e-05 0.00143296 -0.000585453 0.00310074 -0.000164815 9.42029e-06 -0.0244972 0.000169584 -0.000398803 0.0352898 0.00131347 0.000552247 -0.0429024 -0.0199214 -0.0130602 -0.0398612 -0.0294176 -0.048668 -0.00219713 -0.0194803 -0.0294318 -0.0193721 -0.0413459 -0.0134556 0.00188814 0.033823 0.0163436 -0.00290117 0.121821 -0.0218402 -0.00672345 -0.00232715 0.0194588 -0.00237387 0.0177975 -0.00630454 -0.00856205 -0.00410191 -1.54258e-07 0.00847498 -0.00614408 -0.00533195 0.000115833 -0.0177307 0.036864 0.0338448 -0.00042782 0.00121377 -0.00550966 0.00183795 -0.00237021 -0.0292242 0.0171863 -0.00350678 0.0419224 7.13866e-05 -0.00204919 0.0117208 -4.54487e-05 0.000187716 0.00255382 0.00786143 0.00465028 -0.0288624 0.000613889 3.12563e-06 -0.0100466 -0.00125253 0.00822551 -0.0213764 -0.00115081 0.000313612 0.0117987 0.000203529 0.0178728 -0.0294569 -6.62722e-05 -0.000858389 -0.00104284 -0.0293283 0.00964751 -0.00493279 -0.00052059 0.0379683 0.00895464 0.0342416 -0.0290376 -7.72056e-05 0.0404709 -0.000421137 -0.000486714 -0.00112683 -0.0027681 -0.000556728 6.32803e-05 0.000168342 -0.00386106 
6.92292e-05 -0.000222739 -0.0159053 -0.000108651 -0.000205231 0.00292678 -0.00158018 -0.0018385 2.23123e-05 0.0246137 0.000230677 9.46854e-05 -0.0965415 -0.00291646 -0.000588367 0.0921658 -0.0803895 0.0257916 0.0794668 0.0802663 0.0174667 -0.00235816 0.0732715 0.0644827 0.0453799 0.0959347 0.0454954 -0.0485878 -0.0958739 -0.00931439 -0.00209737 -0.0218402 0.138784 -0.00725501 0.00286425 -0.0828798 -0.00167461 -0.0221936 -0.00149814 -0.0352158 0.0016368 -0.00012641 -0.0555697 0.0245554 0.00355208 -0.000400677 0.0435956 -0.0932186 -0.00809954 -0.000685573 -0.00440394 0.00738575 -0.00166159 0.00646127 0.0500291 -0.0654496 0.0192163 -0.0269905 -0.000139795 0.0118352 -0.00651017 3.67616e-05 -6.92774e-05 0.00119366 -0.0129318 -0.0112517 0.0663839 -0.00036264 -3.54001e-05 0.0206755 -0.000466497 -0.00834812 -0.0728213 -0.00399477 -0.000186629 -0.00468277 -0.000925074 -0.0789999 0.0908709 0.000484232 -0.00105354 -0.00134656 0.0968618 -0.0752262 0.0230137 -0.0094751 -0.0330573 -0.0295728 -0.0859095 0.0456806 -7.71459e-05 -0.0892832 0.000846631 0.000382741 0.00416879 -0.0037535 -0.00107352 8.05257e-05 -0.00152686 0.0124981 
-2.30861e-05 -0.000622539 -0.00588926 -2.51691e-05 -8.00514e-05 -0.000219934 -0.000264421 0.000294988 1.28677e-05 -0.00195996 -1.25088e-06 -3.58706e-05 0.00667261 0.00119511 -0.000670634 -0.00481955 0.0150576 -0.00371014 -0.00414947 -0.00407913 0.00661033 -0.000856302 -0.00653427 -0.00470772 -0.00671181 -0.0046618 -0.00342503 0.0042196 0.00824905 -0.00223188 -0.00210599 -0.00672345 -0.00725501 0.0484584 -0.000159764 -0.000302874 -0.00153837 -0.0025911 -0.00152277 0.00468684 -0.000969784 -9.06416e-06 0.0114208 -0.00207994 -0.00115135 -9.034e-05 -0.00169441 0.00458546 -0.00276886 -0.000222289 -0.000360441 -0.000344374 -0.000419205 -0.000964838 -0.00174299 0.00649717 -0.00300565 -0.00657536 -2.85611e-05 -0.00111589 -0.00015946 -2.18798e-05 -2.49397e-05 -0.000390739 -0.000704956 -0.00316403 -0.00592043 0.000270363 -1.68264e-05 -0.00312986 5.50417e-05 -0.00097369 0.0186276 -0.000312258 -0.00067104 -0.00137483 -0.000241728 0.00764674 -0.00610293 -1.76792e-05 -7.43455e-05 -0.000352094 -0.00799595 -0.000719001 -0.00228406 -0.00318858 -0.00797985 -0.00365157 0.00527792 -0.0025655 -1.70889e-05 0.00482436 -0.000168973 -0.000388061 -0.000315029 0.000233651 -0.000296221 -2.48313e-05 0.000692014 -0.000918126 
