0.0250855 4.64549e-06 1.10942e-05 0.00572777 0.000283278 -0.00012549 0.0227132 0.023658 0.00395785 0.000490549 -0.00536251 -3.54157e-06 0.0123566 9.65226e-05 0.0235645 0.00123545 -4.48433e-05 0.00409869 0.000545958 -0.0234091 0.00196316 0.0181125 0.00178019 0.000130039 0.00426653 -0.0237553 -0.0202399 -0.000188083 0.0232992 0.0224657 -0.0189582 0.000106112 -0.00012112 -0.0238058 -0.0197061 6.56042e-05 0.00311133 0.0108498 0.000943723 0.000227627 -0.0156781 -0.0238295 0.000390104 0.00634766 0.00706969 0.000329529 0.000128511 0.0171676 -0.000369193 0.0209583 -0.00019096 0.000211122 0.00613118 -0.0034948 0.00175157 -0.000137586 0.000499936 5.58527e-05 0.000769384 0.000200399 -0.0237339 3.83651e-05 -8.9103e-05 0.000412835 0.000132858 -0.0173363 -4.18279e-05 0.00251698 -9.29266e-05 -0.000130609 0.0164061 -0.00668948 -0.00108009 1.32616e-06 0.0157643 -0.0236373 -0.00120077 8.63715e-05 -0.00109716 -0.0234053 5.21184e-05 0.000202326 -0.0237436 0.00666476 -0.00112555 -0.00332229 -0.000578474 -0.00265074 -0.000969835 -0.00429273 -1.19103e-05 -1.67503e-05 0.000562702 -0.0231093 9.43652e-07 0.00302797 0.000125731 0.000498948 0.0155073 0.00261243 
4.64549e-06 0.00473742 -1.40218e-06 -2.98758e-05 3.42793e-07 -1.68377e-05 -7.24282e-06 -1.37489e-05 -5.06684e-05 2.51971e-05 -0.00087161 -6.0964e-07 1.00803e-06 -4.58765e-07 7.12336e-06 2.86699e-05 5.2116e-05 -1.77941e-05 4.228e-05 -0.000175207 -4.87088e-05 5.24439e-05 -0.000243401 3.8914e-06 2.81643e-06 -6.43549e-05 -9.72235e-05 2.99955e-05 -4.74763e-06 1.37645e-05 -0.000331427 -2.96137e-06 2.45709e-05 -3.10263e-06 -0.000711498 2.65718e-06 0.000471568 0.000280274 2.38764e-06 -2.6104e-05 -0.0025287 -1.3181e-05 -3.55837e-06 -2.97477e-05 -9.92233e-05 0.000157809 6.35876e-07 1.51822e-05 0.000380972 -7.77902e-05 0.000101707 4.1247e-05 0.000254724 -0.000445776 1.29759e-05 -2.68617e-05 -1.55318e-08 -5.60472e-07 7.67336e-06 -1.35761e-06 -3.59885e-05 3.42223e-06 2.74656e-06 -8.25699e-07 -1.55755e-06 0.000733583 5.75388e-05 -3.51448e-06 -1.42194e-05 -1.98384e-05 4.90721e-05 -0.000511824 -0.000111145 -3.59354e-07 -5.14513e-05 2.90282e-05 -5.012e-05 1.21649e-05 -1.5348e-05 -0.000489909 3.24953e-06 2.28773e-05 -2.51711e-05 -0.000134219 8.47352e-05 -0.000670312 0.000298928 0.000948571 -8.94462e-05 -0.000680445 3.52739e-06 -6.49237e-06 -9.07477e-06 -5.46573e-05 5.87351e-07 -1.41384e-05 1.22639e-06 -3.10539e-06 -5.57545e-05 -1.26724e-05 
1.10942e-05 -1.40218e-06 0.000515591 4.28942e-05 2.82403e-06 -1.83123e-06 1.44519e-05 1.82315e-05 2.81712e-05 3.25323e-05 4.38454e-06 2.0083e-07 2.98329e-05 -7.06689e-08 6.32167e-06 -6.58042e-07 -9.21753e-07 5.74326e-05 1.80725e-05 -2.78599e-05 -1.61539e-05 9.7935e-07 6.55991e-05 8.39894e-06 -1.87074e-06 -5.77542e-05 -9.58481e-05 2.6639e-06 3.3858e-05 -1.06975e-05 3.8718e-05 8.14843e-06 -6.02959e-07 -8.08258e-05 -2.16637e-06 7.58562e-08 -3.96029e-05 -8.97689e-06 -3.21428e-08 -1.18373e-06 -3.44228e-05 -5.53177e-05 -2.76165e-07 4.71043e-06 5.71052e-05 -9.50781e-06 -4.52864e-08 -1.26554e-06 -4.61256e-06 3.91779e-06 3.78295e-07 1.26584e-05 -1.55169e-05 -4.11447e-05 1.46347e-05 1.30492e-06 -1.377e-07 -7.42179e-08 -3.78558e-07 -2.36352e-07 -2.30794e-05 6.75947e-07 1.92324e-05 2.02148e-06 -2.59827e-07 -0.000248184 -1.21034e-06 2.16692e-06 9.62344e-05 -1.12395e-06 2.40557e-05 -3.73128e-05 1.43394e-05 2.7439e-07 1.35172e-05 -6.76426e-05 1.90568e-07 3.4428e-06 -1.71035e-05 -0.000171083 -2.09856e-08 6.08368e-06 -6.14986e-05 0.000100601 6.3389e-06 -1.14509e-05 -8.16862e-06 -4.99781e-05 -2.5046e-06 3.53274e-05 -1.10932e-07 -7.64194e-07 9.65228e-06 -0.000194002 3.14952e-07 7.91184e-06 4.90233e-06 3.23004e-05 -8.31295e-06 4.35766e-07 
0.00572777 -2.98758e-05 4.28942e-05 0.00626528 2.83806e-05 -3.95947e-05 0.00550362 0.00580884 0.00179136 0.000508431 -0.00131293 2.35679e-06 0.00323853 2.89596e-05 0.00572801 0.000253335 -7.58687e-06 0.00147634 0.000180216 -0.00560784 2.70334e-05 0.00382379 0.00276608 3.23834e-06 0.00125638 -0.0059648 -0.00552765 -4.61266e-05 0.00566493 0.00481254 -0.00444374 4.24863e-05 1.15339e-05 -0.00596462 -0.00492981 5.57561e-06 0.000885894 0.000321483 0.000838015 9.65479e-05 -0.00401402 -0.00596755 0.000139476 0.000996214 0.00281653 -3.1377e-05 4.06424e-06 0.00121345 -0.000102326 0.00470466 -4.48214e-05 -3.32546e-06 0.000129125 -0.000869972 0.000761941 1.97935e-05 2.10532e-05 2.19443e-05 1.03697e-05 1.08545e-05 -0.0057926 3.77484e-06 -2.51562e-05 6.40839e-05 0.000122298 -0.00428895 -4.65521e-06 0.00073116 7.68983e-05 -1.95856e-05 0.0026139 -0.00211726 -0.000276192 1.35735e-06 0.00108062 -0.00594677 -0.000297251 0.000125431 -0.000273891 -0.00585716 7.39683e-06 5.38477e-05 -0.0059647 0.00218873 -0.000272695 -0.000732163 -0.000138398 -0.000642051 -0.000231581 -0.00109047 -1.97738e-06 -8.69441e-06 0.000566112 -0.00572497 -3.0967e-08 0.00251145 2.81954e-05 0.000717785 0.00391586 0.00181693 
0.000283278 3.42793e-07 2.82403e-06 2.83806e-05 0.000908936 1.05937e-05 0.000236883 0.00029134 1.48578e-05 3.0149e-06 -8.51985e-05 -1.33501e-07 0.000149228 1.40537e-06 0.000293538 1.25024e-05 -1.89183e-06 -2.47989e-06 3.71866e-05 -0.000335966 1.20655e-05 0.000283048 -4.40414e-05 3.51634e-06 4.76795e-05 -0.000292493 -0.00017162 2.27508e-06 0.000256942 0.00028897 -0.000304328 1.17083e-05 -2.2468e-06 -0.000300354 -0.000311394 5.87876e-06 9.75523e-06 2.50796e-06 6.8917e-06 2.12442e-06 -0.000495611 -0.000299554 3.7483e-06 1.48494e-05 6.23424e-06 -2.41131e-05 3.50865e-07 0.000120705 -3.04339e-06 0.000197242 5.86963e-06 6.8725e-05 9.05133e-05 0.000122937 3.87696e-05 -3.02403e-06 2.35074e-05 6.92143e-07 0.000105513 -2.06829e-07 -0.00030216 2.43571e-06 -9.50107e-07 5.32516e-06 2.92918e-05 -0.000160752 -2.3024e-07 1.62194e-05 3.84722e-06 -4.8528e-06 0.000238722 -0.000217448 -3.08254e-05 4.64652e-07 0.00020091 -0.000307833 -3.72197e-05 8.71492e-07 -2.55995e-05 -0.000309105 7.33415e-07 5.10404e-05 -0.000297311 1.61542e-05 -3.35516e-05 -2.17576e-06 6.61048e-06 1.93314e-05 -2.29692e-05 -0.000146038 -3.2527e-07 -1.01028e-06 5.27868e-06 -0.00027709 6.70734e-07 4.90033e-05 1.50761e-05 2.90063e-06 0.000117864 6.50684e-05 
-0.00012549 -1.68377e-05 -1.83123e-06 -3.95947e-05 1.05937e-05 0.00637769 -0.000121884 -0.000136745 -0.000119156 -7.51101e-06 0.000420954 4.00382e-06 -0.000121987 -8.79346e-07 -0.000147581 -1.96254e-05 -8.0374e-06 -2.49393e-05 -9.30328e-05 -0.000139861 -0.000247755 -0.0001073 -8.17445e-05 -7.51272e-06 -1.69651e-05 0.000131985 0.000223492 -1.01899e-05 -0.000133477 -0.000119744 -0.00125844 -2.1211e-06 -2.78249e-05 9.42119e-05 -0.00196176 3.01458e-06 0.0014116 -6.34423e-05 -6.24355e-06 -1.97892e-05 -0.00153809 0.000134872 -5.36053e-06 -3.56277e-05 -0.000183731 0.000320814 -2.16112e-06 -9.64177e-05 3.7628e-05 -0.000118528 -3.10221e-05 -3.43264e-06 -2.01258e-05 0.00113181 -1.81047e-05 3.03671e-05 -1.08721e-06 -1.46377e-06 -3.49043e-06 -2.20097e-06 0.000127481 -1.76119e-06 4.39135e-05 -1.13597e-06 3.04693e-06 0.000840729 -1.42239e-05 -1.6511e-05 -2.31519e-05 -3.44088e-05 -0.000107149 -0.00218702 -0.000244303 -2.87917e-07 -0.000160274 4.45977e-05 0.00020802 1.69589e-06 0.000412373 7.59018e-05 -1.77554e-08 2.80327e-06 0.000121193 -0.000169432 -0.000161199 -0.000755784 0.000100274 -2.22564e-05 -0.000127761 -0.00113537 -1.27978e-06 1.10695e-05 -1.56503e-05 0.000230927 -3.913e-07 -2.00383e-05 9.65023e-06 -1.23723e-06 -9.91036e-05 -1.68161e-05 
0.0227132 -7.24282e-06 1.44519e-05 0.00550362 0.000236883 -0.000121884 0.0232842 0.0228778 0.00404425 0.00049044 -0.00498207 2.396e-07 0.0117665 8.64389e-05 0.0226003 0.00114758 -3.95329e-05 0.00401223 0.000550705 -0.0224728 0.00186506 0.01721 0.00174612 0.000106484 0.00422463 -0.0229617 -0.0193993 -0.000177085 0.022736 0.021558 -0.0184056 3.26649e-05 -8.34024e-05 -0.0229373 -0.0191292 5.70984e-05 0.0030895 0.0104211 0.000944713 0.000200083 -0.0155142 -0.0229763 0.000383034 0.00607811 0.00682594 0.000300602 0.000131785 0.0167078 -0.00034718 0.020364 -0.000179615 7.44791e-05 0.00566749 -0.00313489 0.00161744 -9.75182e-05 0.000492928 5.40582e-05 0.000676365 0.000163864 -0.0228853 3.55621e-05 -8.18812e-05 0.000381431 0.000125709 -0.0162599 -2.37975e-05 0.0024485 -2.3336e-05 -0.000130804 0.0156303 -0.00607167 -0.000923587 1.17591e-06 0.015219 -0.0227982 -0.00111884 0.000132835 -0.00103749 -0.0226089 3.87158e-05 0.000212562 -0.0228921 0.00635288 -0.0010366 -0.0035342 -0.000530655 -0.00254806 -0.000906354 -0.00421818 -1.13571e-05 -1.67904e-05 0.000428539 -0.0224138 7.16841e-07 0.00277822 2.21109e-05 0.000654416 0.0150605 0.00245752 
0.023658 -1.37489e-05 1.82315e-05 0.00580884 0.00029134 -0.000136745 0.0228778 0.0243112 0.00418799 0.000513003 -0.00523553 1.11351e-06 0.0123583 9.68244e-05 0.0235568 0.00121331 -4.04254e-05 0.00416587 0.000662389 -0.0234729 0.00202059 0.0181394 0.001823 0.000126968 0.0042994 -0.0238478 -0.0202503 -0.00018686 0.023428 0.0224378 -0.0189409 0.000109848 -8.96607e-05 -0.0238798 -0.0198172 6.43842e-05 0.00330478 0.0108214 0.000970563 0.000233775 -0.0162293 -0.0239276 0.000396786 0.00632745 0.00727488 0.000256886 0.000146868 0.0171666 -0.000359687 0.021048 -0.000186369 0.000191257 0.00610967 -0.00327405 0.00167185 -0.000107626 0.000500602 6.23718e-05 0.00075993 0.000189123 -0.0238911 3.72009e-05 -7.5319e-05 0.00051838 0.000134902 -0.0170352 -4.18503e-05 0.00252792 -5.5892e-05 -0.00013347 0.0164157 -0.00645825 -0.000990214 1.51774e-06 0.0157519 -0.0237411 -0.00116626 0.000129538 -0.00108971 -0.0235439 4.25924e-05 0.000236956 -0.0238679 0.00656924 -0.00108227 -0.00368422 -0.000541911 -0.00264355 -0.000947045 -0.00431356 -1.07038e-05 -1.71602e-05 0.0005351 -0.0232182 1.21713e-06 0.00304846 0.000115122 0.000622737 0.0156002 0.00265337 
0.00395785 -5.06684e-05 2.81712e-05 0.00179136 1.48578e-05 -0.000119156 0.00404425 0.00418799 0.0199132 5.05775e-05 -0.00206225 9.91767e-06 0.00144904 3.36875e-06 0.00398724 -4.08926e-05 0.000162654 0.00113644 0.000323127 -0.00393584 0.00230526 0.00303609 0.00251017 8.91931e-06 0.000180822 -0.00426242 -0.00513715 -7.57235e-05 0.00393585 0.00329081 -0.00615992 -7.64499e-07 4.60786e-05 -0.00423179 -0.00667471 3.56162e-05 -0.000699486 6.98267e-05 9.802e-05 -3.60434e-05 -0.0066301 -0.00419946 8.75954e-06 0.00083696 0.00273715 -0.000312812 4.66465e-05 0.00215189 -0.000249346 0.00310319 9.42609e-05 -2.01414e-05 0.00133662 0.00108884 0.000518261 0.000200215 4.26946e-06 2.98053e-05 1.92648e-05 3.8747e-05 -0.00431341 2.55408e-06 2.36706e-06 0.000396788 -7.438e-06 -0.00636836 3.03656e-05 8.39971e-05 2.22951e-05 -9.16835e-05 0.00308663 -0.00128709 0.000703464 -1.07784e-06 0.00354034 -0.00446699 -0.000532847 5.77981e-05 -0.000228147 -0.00474351 1.18877e-05 5.147e-05 -0.00493439 0.000528589 -0.000457783 -0.00232881 -0.000332446 -0.000209861 -0.000515624 -0.0015248 -9.61091e-06 -1.32597e-05 0.000363586 -0.00510422 -5.53e-07 0.000438114 -1.25842e-05 0.000248976 0.00333468 0.000686866 
0.000490549 2.51971e-05 3.25323e-05 0.000508431 3.0149e-06 -7.51101e-06 0.00049044 0.000513003 5.05775e-05 0.00142153 4.59397e-05 9.67805e-07 0.000147349 6.38315e-07 0.000470514 2.242e-05 -1.56239e-06 0.000129369 -9.63531e-06 -0.000505625 -4.07023e-05 0.000292457 0.000152366 2.43134e-06 0.000302418 -0.000562921 -0.00069782 3.10775e-06 0.000546974 0.000449427 -0.000613931 4.09533e-06 8.34189e-05 -0.000598473 -0.000670765 1.68631e-07 -8.26051e-05 8.15419e-06 9.74524e-05 5.85965e-06 -0.000809674 -0.00055714 2.87674e-05 0.00017436 0.000363137 -3.25972e-05 4.92946e-07 5.11422e-05 -2.12215e-05 0.000421104 -3.84953e-06 1.2046e-06 -3.75254e-05 5.84123e-05 6.95505e-05 -1.8156e-06 6.30116e-06 4.10855e-06 4.31587e-06 7.44294e-08 -0.000498605 8.31279e-06 3.00528e-05 2.86142e-06 4.92965e-06 -0.00030891 4.10416e-05 0.000150885 7.47838e-05 -7.9219e-06 4.85341e-05 -8.90549e-05 -2.0157e-05 1.09197e-07 8.28195e-05 -0.000570331 -5.27155e-06 2.23486e-05 -6.02994e-05 -0.000759375 3.34263e-06 -1.0879e-06 -0.00057116 0.000611398 -5.90503e-05 -0.000165973 1.47784e-05 -7.20179e-05 1.46248e-05 -5.06929e-05 -7.218e-07 -1.90141e-06 3.65643e-06 -0.000660571 -6.41871e-08 0.000176888 5.49672e-06 0.000171866 0.000144099 6.19331e-05 
-0.00536251 -0.00087161 4.38454e-06 -0.00131293 -8.51985e-05 0.000420954 -0.00498207 -0.00523553 -0.00206225 4.59397e-05 0.166183 5.07576e-05 -0.00393081 -2.71756e-05 -0.00541048 -0.000743984 7.47655e-05 -0.00094741 0.00048173 0.00298602 0.0123779 -0.00391525 -0.004525 -0.000117689 -0.000930632 0.0051609 0.00500526 4.28102e-05 -0.00508426 -0.00474187 -0.0632362 -0.000122353 0.000483606 0.00425884 -0.0652629 7.50623e-06 0.0143944 0.000662763 -0.000139497 0.0021696 -0.0188502 0.00521051 -4.30172e-05 -0.00138454 -0.00587054 -0.00314092 -5.69001e-05 -0.00372024 0.000478267 -0.00455475 0.00157654 -0.000370151 0.00151347 0.038291 -0.000600807 0.00303072 -5.94487e-05 0.000116606 -0.000166511 -9.61043e-06 0.00521041 3.96123e-05 0.00226365 -0.000127864 -2.53224e-05 0.0253955 0.000804596 -0.000544967 -0.000293481 -0.000627598 -0.0037107 -0.0414889 -0.00406477 -1.37338e-05 -0.0102829 0.00531778 0.00824748 -7.91741e-05 -0.00729785 0.00745918 -3.5736e-07 0.000326172 0.005658 -0.00206074 -0.00540049 0.006879 -0.000292884 -0.0119709 -0.00711603 -0.020774 4.14396e-05 0.000869083 -0.000419266 0.00582167 -1.18009e-05 -0.000671942 -4.1445e-05 -7.33032e-05 -0.00352998 -0.000566531 
-3.54157e-06 -6.0964e-07 2.0083e-07 2.35679e-06 -1.33501e-07 4.00382e-06 2.396e-07 1.11351e-06 9.91767e-06 9.67805e-07 5.07576e-05 0.00023096 -3.85209e-06 1.05019e-07 -3.35075e-06 -9.03249e-07 -5.08319e-07 1.86544e-06 1.21916e-06 -3.72611e-05 2.18238e-05 -1.14212e-06 -1.53352e-05 3.23511e-07 -1.04376e-06 -7.26172e-07 -2.91414e-05 1.90866e-06 1.51155e-07 -4.13321e-06 -5.88007e-05 3.56215e-06 2.44003e-06 -5.54921e-05 -2.17834e-05 -2.64931e-08 -2.82935e-06 -2.31874e-06 -2.71104e-07 -7.92665e-07 -9.34046e-05 -3.08302e-06 -2.22195e-07 4.79384e-08 2.47099e-06 -4.2663e-06 4.51502e-07 -2.94366e-06 -2.36473e-06 -1.68725e-08 -9.3012e-07 1.18399e-07 -5.37555e-06 2.62657e-05 6.11658e-07 -6.31095e-07 9.30161e-07 -7.05553e-08 -1.82963e-07 1.60823e-07 -1.67904e-06 2.39461e-07 2.91758e-05 5.42462e-06 2.66977e-07 4.73094e-06 -1.59642e-07 -5.67086e-07 -9.97844e-07 -6.61505e-07 -3.2201e-06 -4.42604e-05 2.16405e-05 -1.744e-08 -7.49412e-06 -1.06984e-06 2.89991e-05 2.47805e-07 -4.00987e-06 -1.24298e-05 -9.49925e-09 2.13564e-07 -5.69642e-06 -6.42677e-06 -1.01365e-05 -2.30354e-05 1.22627e-05 -1.20782e-05 -6.53455e-06 2.72915e-05 1.7135e-06 7.16282e-07 2.66267e-06 -1.42164e-05 -1.42027e-08 2.90858e-06 3.43754e-07 5.72591e-06 1.71414e-06 9.51497e-07 
0.0123566 1.00803e-06 2.98329e-05 0.00323853 0.000149228 -0.000121987 0.0117665 0.0123583 0.00144904 0.000147349 -0.00393081 -3.85209e-06 0.0256757 2.21573e-05 0.0121607 0.000361847 1.47032e-05 0.00145207 0.000223819 -0.012622 0.000194425 0.0102679 0.00358825 2.47129e-05 0.00192467 -0.0123707 -0.0100654 -0.000179373 0.0119618 0.0117845 -0.00777289 7.25731e-05 -9.51441e-05 -0.0123628 -0.00970436 2.9978e-05 0.000675765 0.00592859 0.000587236 -6.94009e-05 -0.00879605 -0.0123976 8.01689e-05 0.00112258 0.002656 -0.000566997 5.83325e-05 0.00853265 -0.000159675 0.0104051 -4.31643e-07 0.000107822 0.0034104 -0.00365914 0.000435902 -8.06784e-05 7.12198e-05 -2.70086e-06 0.000454604 1.76341e-05 -0.0123394 2.76722e-05 -0.000101022 2.51818e-06 3.71874e-05 -0.0119361 -6.07115e-05 0.00137722 -8.0222e-05 -4.82441e-05 0.00928533 -0.00765548 -0.00131602 3.92487e-07 0.00736308 -0.0129325 -0.00106222 -9.75918e-08 -3.76216e-05 -0.0122006 1.78269e-05 6.00346e-05 -0.0126776 0.00285469 -0.00101853 -0.00289194 -0.000283162 -0.000176725 -0.00075803 -0.00400699 -1.30699e-05 -3.71135e-05 0.000877197 -0.0129495 -1.3613e-06 0.0016174 2.37369e-05 8.23197e-05 0.00852347 0.00159599 
9.65226e-05 -4.58765e-07 -7.06689e-08 2.89596e-05 1.40537e-06 -8.79346e-07 8.64389e-05 9.68244e-05 3.36875e-06 6.38315e-07 -2.71756e-05 1.05019e-07 2.21573e-05 0.000136975 9.69761e-05 1.98717e-05 8.98561e-07 6.09994e-06 1.77754e-05 -0.000101831 2.05233e-06 9.36806e-05 -6.56281e-06 4.88249e-07 1.61277e-05 -9.74507e-05 -0.000103376 1.43663e-06 9.66883e-05 9.72677e-05 -8.44814e-05 7.98102e-07 -5.89928e-07 -0.000100251 -7.88457e-05 1.91797e-06 9.02512e-06 2.91453e-05 1.28402e-05 6.05732e-06 -7.53954e-05 -9.8864e-05 8.61569e-07 1.76488e-05 1.094e-05 -3.83783e-06 1.20012e-06 5.70583e-05 7.69349e-06 7.65682e-05 -2.68963e-07 3.98592e-07 2.16752e-05 -1.00897e-05 2.82452e-06 -4.28072e-07 1.86324e-06 5.8816e-07 2.64817e-06 2.44723e-06 -0.000100909 -3.54345e-08 -2.42227e-07 1.21057e-06 2.371e-06 -8.80453e-05 -3.67454e-07 3.16413e-05 1.82958e-07 -7.22543e-07 7.14038e-05 -2.40512e-05 -7.00496e-06 1.63246e-08 4.56281e-05 -9.47606e-05 -6.45869e-06 -6.65331e-08 -5.85712e-06 -0.000101542 5.33127e-07 7.62508e-07 -0.000100075 8.55136e-06 -5.87879e-06 -1.62076e-05 -2.55122e-06 -7.11084e-06 1.02226e-06 -9.60414e-06 8.93516e-09 -6.04949e-08 7.59229e-07 -9.60136e-05 5.15776e-08 2.1529e-05 4.83351e-06 2.92423e-07 7.7364e-05 3.30198e-06 
0.0235645 7.12336e-06 6.32167e-06 0.00572801 0.000293538 -0.000147581 0.0226003 0.0235568 0.00398724 0.000470514 -0.00541048 -3.35075e-06 0.0121607 9.69761e-05 0.0268578 0.00125277 -4.8063e-05 0.00405219 0.000574031 -0.0232742 0.0019186 0.0180834 0.00164222 0.000125442 0.00425878 -0.0236911 -0.0209644 -0.000201261 0.0232167 0.0223368 -0.019091 0.000113374 -0.00010576 -0.0236598 -0.0198499 7.20809e-05 0.0034885 0.0107999 0.000932402 0.000216126 -0.0161004 -0.023729 0.000413997 0.00629778 0.00704203 0.000286135 0.000122395 0.0170276 -0.000311031 0.0208315 -0.000205057 0.00021069 0.00622236 -0.00358455 0.00175165 -0.000102113 0.000500551 5.87142e-05 0.000768088 0.000208678 -0.0236368 4.66775e-05 -8.03803e-05 0.000437062 0.000133681 -0.0181771 -5.01232e-05 0.00247325 5.12793e-05 -0.00014087 0.0162984 -0.00638749 -0.00115844 2.25149e-06 0.0155751 -0.0235314 -0.00127159 0.000110179 -0.00118076 -0.0233705 5.10167e-05 0.000211969 -0.0237063 0.00671054 -0.00119654 -0.00387122 -0.000515575 -0.00283035 -0.00100307 -0.00292781 -1.19682e-05 -1.52227e-05 0.000553489 -0.0229955 1.18855e-06 0.00302797 0.000116926 0.000558239 0.015405 0.00261853 
0.00123545 2.86699e-05 -6.58042e-07 0.000253335 1.25024e-05 -1.96254e-05 0.00114758 0.00121331 -4.08926e-05 2.242e-05 -0.000743984 -9.03249e-07 0.000361847 1.98717e-05 0.00125277 0.00593764 -4.41696e-06 5.09832e-06 -1.26917e-05 -0.00143919 0.000411903 0.00120681 -0.000223054 -5.9249e-06 1.57481e-05 -0.0012526 -0.00109823 -5.69722e-06 0.00121541 0.00126114 -0.00153872 2.50289e-06 -3.19206e-05 -0.00124303 -0.00129202 1.52321e-05 -0.000353393 0.000494321 9.69929e-05 -2.67887e-05 4.52074e-05 -0.00125149 3.92804e-06 8.03778e-05 -0.000167201 -0.000104689 1.6327e-05 0.000826342 -3.13042e-05 0.00115918 -3.43853e-05 3.6571e-05 0.000456857 -0.000387262 0.000219012 -2.52953e-05 3.03742e-05 1.66898e-06 2.60558e-05 2.09532e-05 -0.00125813 1.72275e-05 -2.18125e-05 8.04699e-05 4.69803e-06 -0.0021377 1.53789e-06 0.000130716 -5.18413e-06 -2.41113e-06 0.000884304 -0.000677118 -0.000268201 2.99905e-06 0.00093764 -0.00121746 -0.000244575 4.83896e-06 -0.000212282 -0.00138759 6.08295e-06 -3.23825e-06 -0.00124699 -3.04059e-05 0.000225856 -0.000582752 -9.37571e-05 -0.000226767 -8.24738e-05 -0.000440761 -2.79197e-06 -5.46752e-06 -3.56935e-06 -0.00122613 1.65276e-06 0.000165359 3.43269e-07 1.44619e-05 0.00104117 6.01759e-05 
-4.48433e-05 5.2116e-05 -9.21753e-07 -7.58687e-06 -1.89183e-06 -8.0374e-06 -3.95329e-05 -4.04254e-05 0.000162654 -1.56239e-06 7.47655e-05 -5.08319e-07 1.47032e-05 8.98561e-07 -4.8063e-05 -4.41696e-06 0.00219555 -4.09291e-06 -3.07841e-05 5.14282e-05 -3.24754e-05 -3.47214e-05 0.00018259 5.70071e-06 -8.69844e-06 1.86817e-05 -3.54834e-05 -1.13809e-05 -4.15755e-05 -4.09448e-05 -0.000275374 -2.98131e-07 1.21084e-05 3.67715e-05 -0.00116034 3.44474e-06 0.000293734 2.56083e-05 -1.56499e-06 0.000147193 -0.000714184 3.9378e-05 -1.67306e-06 -7.88931e-06 -2.67216e-05 5.84552e-05 -4.91019e-07 -3.28999e-05 0.000436784 -3.43867e-05 9.82111e-06 -4.00456e-06 -8.04879e-05 -0.000242318 1.30834e-05 -8.43485e-06 7.75791e-07 1.58746e-05 -1.69938e-06 -4.41493e-07 2.2913e-05 -6.14963e-07 -1.22585e-06 7.6065e-06 -5.51626e-07 0.000157671 8.63079e-05 -5.75755e-06 -6.84616e-06 8.73848e-06 -2.72461e-05 -0.000329775 5.8151e-05 -1.26115e-07 -6.15382e-05 -5.11152e-05 -9.30483e-05 -3.21989e-07 8.29268e-05 5.62099e-05 -2.10813e-07 1.28398e-06 -2.43104e-05 -5.2523e-05 0.000137285 -0.00025094 -3.92417e-05 -0.000201153 4.63217e-05 -0.000301719 -8.28112e-07 -1.30561e-07 1.24351e-05 -1.42005e-05 8.7472e-07 -4.97024e-06 2.39512e-07 -1.33269e-06 -2.85039e-05 -1.69154e-06 
0.00409869 -1.77941e-05 5.74326e-05 0.00147634 -2.47989e-06 -2.49393e-05 0.00401223 0.00416587 0.00113644 0.000129369 -0.00094741 1.86544e-06 0.00145207 6.09994e-06 0.00405219 5.09832e-06 -4.09291e-06 0.00452981 -8.17618e-06 -0.00404899 -0.000109729 0.000720872 0.000906247 7.07928e-05 0.000624477 -0.00433254 -0.00365382 -3.28307e-05 0.00423364 0.00315523 -0.00310748 -3.45648e-06 -5.55387e-06 -0.00431988 -0.00360333 1.65663e-08 0.000967557 0.00160175 0.000235693 9.52059e-05 -0.00296089 -0.00432185 7.07565e-05 0.00259522 0.00359056 0.000394075 5.47083e-07 0.00324532 -7.54654e-05 0.00343993 -3.16783e-05 -4.7619e-06 0.000322487 -0.000599194 0.000167386 2.16654e-05 0.000110289 1.64269e-05 1.20293e-05 8.83117e-05 -0.00418494 1.73762e-06 -2.03359e-05 7.06813e-05 5.57996e-07 -0.00308316 3.55091e-06 0.000136336 7.05387e-05 -2.15035e-05 0.00207926 -0.00163714 -0.00017955 -7.35337e-08 0.00234547 -0.00430254 -0.000214959 7.881e-05 -0.000186706 -0.00425702 7.56358e-06 4.23791e-06 -0.00432275 0.00288859 -0.000199598 -0.000581723 -9.54827e-05 -0.000447439 -0.000173158 -0.000824624 -1.85723e-06 -6.56391e-06 0.000179792 -0.00426306 1.2569e-06 0.000118264 1.00493e-05 0.000349078 0.00105572 9.04072e-06 
0.000545958 4.228e-05 1.80725e-05 0.000180216 3.71866e-05 -9.30328e-05 0.000550705 0.000662389 0.000323127 -9.63531e-06 0.00048173 1.21916e-06 0.000223819 1.77754e-05 0.000574031 -1.26917e-05 -3.07841e-05 -8.17618e-06 0.016963 -0.000999153 0.000251261 0.000726565 -0.000772241 7.53963e-06 3.43419e-05 -0.000665004 -0.000521601 -0.000105269 0.000610557 0.000559635 -0.00624781 1.28878e-05 -6.47863e-05 -0.000868732 -0.00388889 2.18546e-05 -7.61811e-05 0.000299083 -1.61775e-05 -3.11829e-05 -0.00274248 -0.000687294 -9.9587e-06 2.51417e-05 0.00100115 -0.000453886 1.96781e-05 0.000124973 0.000196803 0.000433233 -2.80443e-05 7.27297e-05 -0.000223402 0.00454902 -5.56321e-06 -1.87389e-05 5.80251e-08 6.30489e-06 5.93267e-06 7.22483e-06 -0.00102727 -8.19129e-06 -1.32561e-05 0.000151699 -5.22732e-06 -0.000545146 -4.34153e-05 0.00010829 9.63369e-06 -7.68924e-05 0.000420585 -0.00199234 -0.000718924 -8.36419e-07 -0.000436374 -0.000615424 -0.000721471 1.05636e-05 -6.44194e-07 -0.000749766 -7.36013e-07 0.00011034 -0.000733372 -0.000493964 2.9932e-05 -0.00180781 -0.000282279 0.000940172 -0.00048459 -0.00235472 -7.05072e-06 -1.73387e-05 -8.08985e-06 -0.00110598 2.08798e-07 0.000459598 1.76954e-05 2.35754e-05 0.00045066 0.000511404 
-0.0234091 -0.000175207 -2.78599e-05 -0.00560784 -0.000335966 -0.000139861 -0.0224728 -0.0234729 -0.00393584 -0.000505625 0.00298602 -3.72611e-05 -0.012622 -0.000101831 -0.0232742 -0.00143919 5.14282e-05 -0.00404899 -0.000999153 0.035182 -0.00414339 -0.0180103 -0.00120182 -0.000135234 -0.0042241 0.0234877 0.020474 -0.000290341 -0.0230514 -0.0222428 0.0218595 -0.000167996 0.000131765 0.0235805 0.0213354 -8.01723e-05 -0.00423482 -0.0107334 -0.00100699 -0.000256366 0.0171186 0.0236047 -0.000414932 -0.00628935 -0.00699335 -0.000123691 -0.000148256 -0.0170041 0.000449826 -0.0207961 0.000190614 -0.00022482 -0.00592562 -0.0016084 -0.00168045 0.00015659 -0.000501098 -6.90609e-05 -0.00076245 -0.00023158 0.0236764 -3.63564e-05 -0.000244866 -0.000560239 -0.000139678 0.0156404 6.76446e-05 -0.00247918 9.61234e-06 0.00011374 -0.016262 0.0104679 0.00124642 -1.477e-05 -0.0153725 0.0234437 -0.00159995 -9.9449e-05 0.000763841 0.0247005 -5.33109e-05 -0.000815108 0.0236289 -0.00633465 0.00142541 0.00479223 -0.00288886 -0.00438077 0.000629174 0.00483947 7.29225e-06 -4.54831e-05 -0.000694955 0.02272 -2.26837e-06 -0.00300059 -0.000145264 -0.000471626 -0.0153675 -0.00261397 
0.00196316 -4.87088e-05 -1.61539e-05 2.70334e-05 1.20655e-05 -0.000247755 0.00186506 0.00202059 0.00230526 -4.07023e-05 0.0123779 2.18238e-05 0.000194425 2.05233e-06 0.0019186 0.000411903 -3.24754e-05 -0.000109729 0.000251261 -0.00414339 0.0430168 0.00234574 0.00544349 -5.30966e-05 -2.63295e-05 -0.00195699 -0.00194574 -0.000283379 0.00186797 0.00192611 -0.0179563 -3.43183e-05 -8.77786e-05 -0.00213416 -0.0141597 1.7951e-05 -0.00286475 0.000907071 -2.48397e-05 -0.000229204 -0.004378 -0.00204625 -2.48831e-05 -8.21813e-05 0.00202212 -0.000832815 5.68669e-05 0.00173879 -0.000375212 0.00180353 -8.6801e-05 -2.66653e-05 7.84912e-05 0.00829752 -9.6084e-06 0.000162357 -8.90748e-06 1.87555e-05 0.000211277 3.00078e-05 -0.00218956 -1.97176e-05 0.000654521 0.000302098 -1.84254e-05 -0.00862297 -6.73593e-06 0.000182839 -7.19459e-05 -5.98844e-05 0.00187797 -0.0155935 -0.000299896 1.0596e-05 0.00112275 -0.00202294 0.000228925 -1.4124e-05 -0.000325758 -0.00218934 1.80278e-05 4.75121e-05 -0.0026111 -0.000503431 -0.00143618 0.000420969 -0.00050547 -0.00214198 -0.000851016 -0.00417291 -5.31412e-06 -2.32526e-05 -9.96309e-05 -0.00206909 -2.51276e-06 -2.54651e-05 2.73565e-05 -1.54459e-05 0.0017692 0.000185536 
0.0181125 5.24439e-05 9.7935e-07 0.00382379 0.000283048 -0.0001073 0.01721 0.0181394 0.00303609 0.000292457 -0.00391525 -1.14212e-06 0.0102679 9.36806e-05 0.0180834 0.00120681 -3.47214e-05 0.000720872 0.000726565 -0.0180103 0.00234574 0.0189423 0.000560044 6.27039e-05 0.0026389 -0.0181332 -0.0158075 -0.00014339 0.017735 0.0179737 -0.015016 0.000121503 -8.41361e-05 -0.0181728 -0.0152109 6.22343e-05 0.00165962 0.00834647 0.000463059 8.76634e-05 -0.0124271 -0.0182254 0.000231005 0.00315355 0.0028387 -0.000372817 0.00014015 0.0128375 -0.000267874 0.0159744 -0.000122769 0.000231683 0.00597969 -0.00240874 0.00135597 -0.000114304 0.000303367 4.02508e-05 0.000730522 5.51435e-05 -0.0182177 3.08808e-05 -2.00307e-05 0.000373118 0.000109941 -0.0130264 -3.14893e-05 0.00210996 -7.05034e-05 -0.000107552 0.0139071 -0.00455992 -0.000836429 1.10848e-06 0.012729 -0.0180139 -0.000888688 8.42248e-06 -0.000826096 -0.0179469 3.94109e-05 0.000226465 -0.0181659 0.0025808 -0.000805817 -0.00285331 -0.000432921 -0.00203423 -0.000724834 -0.00313146 -8.68647e-06 -7.85215e-06 0.00040357 -0.0176152 4.58219e-08 0.00278346 0.000122382 0.000120836 0.0139504 0.00248378 
0.00178019 -0.000243401 6.55991e-05 0.00276608 -4.40414e-05 -8.17445e-05 0.00174612 0.001823 0.00251017 0.000152366 -0.004525 -1.53352e-05 0.00358825 -6.56281e-06 0.00164222 -0.000223054 0.00018259 0.000906247 -0.000772241 -0.00120182 0.00544349 0.000560044 0.0803606 -8.68362e-05 0.000142542 -0.00215011 -0.000217294 0.000420683 0.00164181 0.00111636 0.00355555 -4.04038e-05 -0.000214431 -0.00208374 -0.0139668 3.32718e-07 0.00276146 -0.00140178 0.000600675 -0.000109277 -0.00940108 -0.00192624 8.05376e-06 4.64921e-05 0.00501038 0.00263956 -1.39086e-05 -0.000632224 0.000426314 0.00116405 -0.000132297 -0.000127397 -0.00305373 -0.00907891 0.000582885 0.000195826 -5.83504e-05 -1.80688e-05 -5.20966e-05 -8.03745e-06 -0.00177945 -3.40166e-05 -0.000395258 -4.57548e-05 7.47885e-06 -0.0340529 -0.000163401 -1.5093e-05 -8.70726e-05 0.000799087 -7.80269e-05 -0.0163825 -0.00154637 -2.26634e-06 -0.000528645 -0.00289051 -0.00125428 0.000105856 0.00277238 -0.000864271 -4.73018e-06 -0.000180816 -0.00364514 0.000528378 -0.00303265 0.00867282 0.00358868 -0.00782395 -0.00194876 -0.0127994 -1.06856e-05 -0.000122208 0.000415607 -0.00251977 -3.87472e-06 0.000953514 -2.04461e-05 0.000429896 0.00103632 0.000968504 
0.000130039 3.8914e-06 8.39894e-06 3.23834e-06 3.51634e-06 -7.51272e-06 0.000106484 0.000126968 8.91931e-06 2.43134e-06 -0.000117689 3.23511e-07 2.47129e-05 4.88249e-07 0.000125442 -5.9249e-06 5.70071e-06 7.07928e-05 7.53963e-06 -0.000135234 -5.30966e-05 6.27039e-05 -8.68362e-05 0.00132496 2.31656e-05 -0.000140475 -0.000194956 -3.61312e-06 0.000143584 9.9264e-05 -0.000100028 2.14053e-06 3.72535e-06 -0.000297826 -0.000200358 2.5707e-06 3.08411e-05 6.10716e-05 3.98085e-06 3.10677e-05 -0.000411861 -0.000141831 3.51393e-06 8.87596e-05 7.64993e-05 -9.65809e-06 2.15853e-07 0.000110557 -1.11161e-05 8.2797e-05 -3.10329e-06 1.62843e-05 2.56196e-05 -0.000169127 -1.56812e-06 -6.81741e-06 1.29929e-05 2.7248e-06 8.00591e-06 8.45467e-07 -0.000154656 -4.67214e-07 1.26526e-05 8.87269e-06 9.75093e-07 -0.000434936 -2.10196e-06 9.28434e-06 -4.80646e-06 -3.44715e-06 6.85945e-05 -0.000220703 0.00018024 -1.00158e-07 0.000262666 -0.000139402 5.52345e-05 1.27232e-06 7.85382e-06 -0.000141449 4.72205e-07 6.10085e-06 -0.000142885 0.000160302 0.000176064 2.27699e-05 -2.41316e-05 -2.44825e-06 -4.97505e-05 -0.000204374 -3.44897e-07 -1.39065e-06 -3.13951e-06 -0.000198462 -6.48999e-08 1.15448e-06 1.0852e-05 1.52552e-06 -3.96623e-06 -2.00199e-06 
0.00426653 2.81643e-06 -1.87074e-06 0.00125638 4.76795e-05 -1.69651e-05 0.00422463 0.0042994 0.000180822 0.000302418 -0.000930632 -1.04376e-06 0.00192467 1.61277e-05 0.00425878 1.57481e-05 -8.69844e-06 0.000624477 3.43419e-05 -0.0042241 -2.63295e-05 0.0026389 0.000142542 2.31656e-05 0.00449777 -0.00434136 -0.00284742 -3.3465e-05 0.00432768 0.00410121 -0.00365091 1.75931e-05 -4.15881e-07 -0.00433391 -0.00361437 4.84339e-05 0.000570459 0.00236901 0.00032548 -1.26088e-05 -0.00291803 -0.00434471 0.000196394 0.00162599 0.00241914 0.000348828 7.41474e-06 0.00267064 -4.7655e-05 0.00356355 -3.27091e-05 -7.19743e-06 0.000253292 -0.000619325 6.88003e-05 -1.7066e-05 6.87953e-05 5.3634e-06 0.000165815 2.09666e-05 -0.00432439 3.42542e-06 -1.91769e-05 5.26731e-06 2.90743e-05 -0.00307837 1.35429e-06 0.000361948 6.71219e-06 -2.39894e-05 0.00171864 -0.00162124 -0.000222233 3.8224e-07 0.00240384 -0.00429835 -0.00021061 4.83223e-05 -0.000197538 -0.00426262 1.22768e-05 1.45054e-05 -0.0043271 0.00249063 -0.000175407 -0.000670844 -0.000100902 -0.000478294 -0.00017181 -0.000813904 -1.20713e-06 -5.62247e-06 3.58248e-05 -0.00415629 1.55552e-08 0.000607988 5.69442e-06 0.000250519 0.00109387 0.000168352 
-0.0237553 -6.43549e-05 -5.77542e-05 -0.0059648 -0.000292493 0.000131985 -0.0229617 -0.0238478 -0.00426242 -0.000562921 0.0051609 -7.26172e-07 -0.0123707 -9.74507e-05 -0.0236911 -0.0012526 1.86817e-05 -0.00433254 -0.000665004 0.0234877 -0.00195699 -0.0181332 -0.00215011 -0.000140475 -0.00434136 0.0251221 0.0203624 0.000183032 -0.0235997 -0.0224778 0.0189183 -0.00011774 8.46746e-05 0.0240683 0.020221 -7.4198e-05 -0.00360579 -0.0110713 -0.000971807 -0.000236937 0.0165517 0.0241133 -0.000407131 -0.00639585 -0.00738532 -0.000517411 -0.000135188 -0.0172094 0.000174039 -0.0210629 0.000164811 -0.000227501 -0.00615073 0.00344911 -0.00186078 9.03762e-05 -0.000501696 -6.04909e-05 -0.000760517 -0.000201718 0.0239182 -3.81638e-05 8.92878e-05 -0.000476275 -0.000136728 0.017108 2.00915e-05 -0.00253605 -6.70262e-06 0.000127639 -0.0163923 0.00619973 0.000887618 -1.70325e-06 -0.0157779 0.0239266 0.0011668 -0.000139893 0.00110325 0.0236611 -5.20746e-05 -0.000239501 0.0241055 -0.00678158 0.00105602 0.0036501 0.000473541 0.0027004 0.000899091 0.0042995 1.06503e-05 7.74784e-06 -0.000561562 0.0234893 -3.12794e-06 -0.00306272 -0.000127014 -0.000752668 -0.0155422 -0.0026408 
-0.0202399 -9.72235e-05 -9.58481e-05 -0.00552765 -0.00017162 0.000223492 -0.0193993 -0.0202503 -0.00513715 -0.00069782 0.00500526 -2.91414e-05 -0.0100654 -0.000103376 -0.0209644 -0.00109823 -3.54834e-05 -0.00365382 -0.000521601 0.020474 -0.00194574 -0.0158075 -0.000217294 -0.000194956 -0.00284742 0.0203624 0.0485554 -0.00035392 -0.0199634 -0.0190191 0.0182026 -0.000125896 0.00012139 0.0206494 0.0161889 -6.30119e-05 -0.00503616 -0.00840891 -0.000905282 -0.000192078 0.0125376 0.020451 -0.000667819 -0.00511444 -0.0052012 -0.00153791 -0.000129988 -0.0147261 0.000176509 -0.0178281 0.00010512 -0.000128745 -0.00795241 0.000635703 -0.00163735 -0.000939143 -0.000452994 -8.81972e-05 -0.000653673 -0.00021138 0.0203284 -8.50979e-05 -0.000950198 -0.000459673 -0.000130968 0.0130644 -0.000866336 -0.00235087 -0.000806389 -7.33183e-05 -0.0146433 0.00594455 0.000405042 -2.28367e-05 -0.0131513 0.0203499 -0.00232957 -0.000112213 0.000462417 0.0216832 -5.75721e-05 -0.000214149 0.0208061 -0.00749313 0.00202645 0.00346044 0.000482024 0.000349582 -0.00184949 -0.00570269 -2.31735e-05 -0.000231343 -0.000989951 0.0213734 -3.52047e-06 -0.00283995 -0.000101386 -0.000664305 -0.0152911 -0.00254253 
-0.000188083 2.99955e-05 2.6639e-06 -4.61266e-05 2.27508e-06 -1.01899e-05 -0.000177085 -0.00018686 -7.57235e-05 3.10775e-06 4.28102e-05 1.90866e-06 -0.000179373 1.43663e-06 -0.000201261 -5.69722e-06 -1.13809e-05 -3.28307e-05 -0.000105269 -0.000290341 -0.000283379 -0.00014339 0.000420683 -3.61312e-06 -3.3465e-05 0.000183032 -0.00035392 0.00743837 -0.000181569 -0.000173722 0.000220698 -1.22439e-06 1.25938e-05 0.000121323 -0.0013836 -5.44923e-07 0.000114668 3.53164e-05 -6.42763e-06 5.90834e-05 -0.00294226 0.000185345 2.25156e-06 -4.94235e-05 -0.000132031 -0.00012379 -1.57995e-06 -0.000132482 9.93863e-06 -0.000162217 -4.15307e-05 -2.32922e-06 -6.86913e-05 -0.000111107 -1.53941e-05 8.56856e-05 -4.54697e-06 -1.62896e-06 -5.93567e-06 -3.09046e-06 0.000174545 -2.80348e-06 1.63097e-05 -5.1405e-06 -2.90151e-06 -0.000638844 -1.19158e-05 -1.94466e-05 -9.24352e-06 -2.5999e-05 -0.000131667 -0.00182266 -0.000209308 3.24213e-07 -0.000281147 -1.75833e-05 -0.000192728 -3.63985e-06 0.00105867 0.000214296 -2.74068e-07 2.99432e-05 0.00019804 0.000243915 -0.000216938 0.000764822 7.12863e-05 9.84862e-05 -0.000234428 -0.000183135 -3.23443e-06 -9.77089e-06 2.84175e-05 0.000191029 -2.70764e-07 -2.33117e-05 2.90741e-06 -6.62511e-06 -0.000119549 -2.0498e-05 
0.0232992 -4.74763e-06 3.3858e-05 0.00566493 0.000256942 -0.000133477 0.022736 0.023428 0.00393585 0.000546974 -0.00508426 1.51155e-07 0.0119618 9.66883e-05 0.0232167 0.00121541 -4.15755e-05 0.00423364 0.000610557 -0.0230514 0.00186797 0.017735 0.00164181 0.000143584 0.00432768 -0.0235997 -0.0199634 -0.000181569 0.0239369 0.0221025 -0.0186865 9.59312e-05 -8.9014e-05 -0.0236782 -0.0195564 6.97046e-05 0.00321623 0.0108305 0.000902356 0.000228209 -0.0157847 -0.0236295 0.000407428 0.00636345 0.00710724 0.000348912 0.000137762 0.0171546 -0.000350864 0.0207847 -0.000187204 0.00013381 0.00600016 -0.003323 0.00166924 -9.52745e-05 0.000496927 6.15854e-05 0.000712182 0.00019135 -0.0234699 3.73777e-05 -8.22703e-05 0.000480313 0.00013407 -0.0169267 -2.97706e-05 0.002516 -8.05185e-07 -0.000124461 0.0160954 -0.00641153 -0.000899947 9.34133e-07 0.0156639 -0.0234296 -0.00112467 0.000134659 -0.0010747 -0.023201 4.11746e-05 0.000218156 -0.0235409 0.00669703 -0.00104999 -0.0033902 -0.000551162 -0.00266082 -0.000933441 -0.00430931 -1.10662e-05 -1.53042e-05 0.000383356 -0.0230582 1.30467e-06 0.00284889 9.40177e-05 0.00072159 0.0152672 0.00249662 
0.0224657 1.37645e-05 -1.06975e-05 0.00481254 0.00028897 -0.000119744 0.021558 0.0224378 0.00329081 0.000449427 -0.00474187 -4.13321e-06 0.0117845 9.72677e-05 0.0223368 0.00126114 -4.09448e-05 0.00315523 0.000559635 -0.0222428 0.00192611 0.0179737 0.00111636 9.9264e-05 0.00410121 -0.0224778 -0.0190191 -0.000173722 0.0221025 0.0227596 -0.0183735 0.000109468 -0.000111708 -0.0224884 -0.0188104 7.12974e-05 0.00314796 0.0107484 0.000844402 0.000206803 -0.0151188 -0.0225389 0.000330084 0.00577543 0.00597966 0.00012296 0.000125382 0.0165153 -0.000327297 0.02 -0.000167493 0.000204147 0.00614046 -0.00320951 0.00152645 -0.000132929 0.000450344 5.30797e-05 0.000754701 0.000191793 -0.0225126 3.69986e-05 -8.90124e-05 0.000367717 0.000131843 -0.0159391 -3.05508e-05 0.00247449 -9.041e-05 -0.000128336 0.0157894 -0.00597546 -0.000969461 8.20808e-07 0.0154122 -0.0223342 -0.00106104 6.9426e-05 -0.00101876 -0.0221259 4.73235e-05 0.000184298 -0.0224371 0.00552875 -0.00101908 -0.00345178 -0.000524095 -0.00252629 -0.000887838 -0.00404197 -1.04015e-05 -1.36546e-05 0.000413032 -0.0218426 9.10689e-07 0.0028817 0.000101866 0.000302449 0.0150084 0.00249951 
-0.0189582 -0.000331427 3.8718e-05 -0.00444374 -0.000304328 -0.00125844 -0.0184056 -0.0189409 -0.00615992 -0.000613931 -0.0632362 -5.88007e-05 -0.00777289 -8.44814e-05 -0.019091 -0.00153872 -0.000275374 -0.00310748 -0.00624781 0.0218595 -0.0179563 -0.015016 0.00355555 -0.000100028 -0.00365091 0.0189183 0.0182026 0.000220698 -0.0186865 -0.0183735 0.137162 -0.000172503 -0.000279951 0.0191893 0.0754863 -0.000136458 -0.0239892 -0.0130903 -0.000875193 -0.00216111 0.0181747 0.0190366 -0.000470261 -0.00525227 -0.00475836 0.000320738 -0.000119421 -0.0137014 -0.000848704 -0.0168285 -0.00222861 7.41023e-05 -0.00892833 -0.0619531 -0.00101206 -0.00366621 -0.000432514 -0.000234789 -0.000639391 -0.000223187 0.0193516 -0.000180127 -0.00213932 -0.000554396 -0.00015413 -0.0165793 -0.00136976 -0.00206901 0.000441092 0.000618938 -0.0128941 0.0178334 0.00374912 5.01404e-06 -0.00892624 0.0187234 -0.00432719 -5.91158e-05 0.00406918 0.0182216 -5.36923e-05 -0.00124332 0.0184535 -0.00578405 0.00514491 0.0173029 -4.56403e-06 -0.00774372 0.00256809 0.014965 -9.31278e-05 -0.0010024 -0.000193989 0.0160607 2.67465e-06 -0.00256416 -0.000163454 -0.000457433 -0.0123404 -0.00223848 
0.000106112 -2.96137e-06 8.14843e-06 4.24863e-05 1.17083e-05 -2.1211e-06 3.26649e-05 0.000109848 -7.64499e-07 4.09533e-06 -0.000122353 3.56215e-06 7.25731e-05 7.98102e-07 0.000113374 2.50289e-06 -2.98131e-07 -3.45648e-06 1.28878e-05 -0.000167996 -3.43183e-05 0.000121503 -4.04038e-05 2.14053e-06 1.75931e-05 -0.00011774 -0.000125896 -1.22439e-06 9.59312e-05 0.000109468 -0.000172503 0.000913304 8.20109e-06 -0.000122467 -2.96347e-05 2.93398e-06 0.000128829 9.15305e-05 7.72412e-07 -6.10878e-06 -0.000455192 -0.000118259 -3.25776e-08 2.31539e-05 3.91274e-05 -1.37952e-05 1.99378e-07 5.19062e-06 -9.12321e-06 4.02137e-05 1.96924e-06 1.27754e-05 -9.81754e-06 -0.000110425 -1.43021e-06 -5.14606e-06 2.75431e-06 1.73081e-06 2.89933e-06 1.87117e-06 -0.00011738 -5.00318e-08 6.66746e-06 2.15209e-06 7.02957e-06 -4.56967e-06 1.97469e-06 1.37118e-06 -3.23841e-06 -4.2106e-06 6.28247e-05 8.14213e-05 4.5423e-05 -6.23448e-08 1.53212e-05 -0.000118913 2.18286e-06 1.66033e-07 -6.60146e-06 -0.000184777 1.26316e-07 1.6137e-05 -0.000120326 4.32242e-06 -3.01913e-05 -0.000130416 -2.3685e-06 7.76924e-05 -2.8043e-05 -6.94249e-05 4.25793e-07 -4.96788e-07 2.81737e-05 -0.00012498 -5.62013e-08 4.4236e-05 5.94272e-06 6.59781e-07 3.06056e-05 3.98631e-05 
-0.00012112 2.45709e-05 -6.02959e-07 1.15339e-05 -2.2468e-06 -2.78249e-05 -8.34024e-05 -8.96607e-05 4.60786e-05 8.34189e-05 0.000483606 2.44003e-06 -9.51441e-05 -5.89928e-07 -0.00010576 -3.19206e-05 1.21084e-05 -5.55387e-06 -6.47863e-05 0.000131765 -8.77786e-05 -8.41361e-05 -0.000214431 3.72535e-06 -4.15881e-07 8.46746e-05 0.00012139 1.25938e-05 -8.9014e-05 -0.000111708 -0.000279951 8.20109e-06 0.00578103 7.56556e-05 -0.000897965 -1.67874e-06 -9.97884e-05 -8.82212e-05 1.1622e-05 -1.68564e-05 -0.00314298 9.02469e-05 -1.32871e-07 -3.61958e-05 -8.7634e-05 -0.00013942 -1.06586e-06 -9.60365e-05 -5.2472e-05 -0.000114584 -5.98079e-06 3.45304e-06 -0.000221141 0.000371006 -1.66907e-05 8.82136e-05 -2.76722e-06 1.29574e-05 -4.07536e-06 -6.44206e-07 9.94547e-05 -2.06524e-06 7.49632e-05 -3.16892e-06 -8.82154e-07 -0.00038302 4.06796e-05 4.41777e-07 3.5096e-05 -1.38452e-05 -7.4097e-05 -0.00137633 0.000126118 -4.89819e-08 -0.00016924 0.00010108 -0.000208718 2.35759e-05 6.25673e-05 9.25712e-05 1.24528e-06 -6.75483e-06 9.15241e-05 2.75778e-05 0.000726579 -0.000771745 -0.000113137 0.000240268 -0.000167809 0.000598842 1.15802e-05 -8.11173e-06 2.45184e-06 7.26217e-05 3.32503e-07 -1.36051e-05 1.58831e-05 2.779e-05 -9.06368e-05 -7.94063e-06 
