0.00926818 -5.65383e-06 -0.000124779 -0.000298132 3.20746e-05 1.47041e-05 9.40137e-05 2.44214e-05 -1.45336e-05 1.40786e-06 -0.000631931 2.611e-05 4.69641e-07 0.000149118 -0.000164053 -0.000585792 1.11375e-05 5.68778e-07 1.86865e-05 -0.000634142 0.000131026 -0.000162015 0.000464631 0.00209017 0.000839473 4.2823e-05 0.000485452 -2.62762e-05 3.77013e-05 -2.53946e-05 3.47724e-05 0.000122534 -0.000127229 -1.77157e-06 -3.41605e-05 1.14012e-06 -1.12782e-06 -3.12243e-06 0.00129042 -0.000136493 -3.83115e-05 3.46144e-05 -8.4934e-06 -6.42475e-05 -0.000395475 0.000109037 -3.94741e-05 -6.32942e-05 3.19923e-06 0.00139234 9.03584e-07 8.77538e-05 1.52609e-05 1.2877e-05 0.000137768 2.36748e-05 4.25996e-05 6.08916e-05 -3.09301e-06 -0.00270927 -1.39748e-05 -0.00099882 6.53413e-06 -1.45008e-07 1.15982e-06 1.06561e-06 -0.000357955 -0.000332265 -0.000237215 6.41636e-06 -0.000204513 -3.63491e-07 -8.01052e-06 3.88517e-07 -0.00134297 -0.0035875 1.94277e-05 1.74327e-06 1.30479e-07 0.000156804 -9.9264e-08 -7.46354e-05 2.22955e-05 -4.97617e-06 8.88515e-05 1.88862e-05 4.2464e-06 -0.000497209 1.04289e-06 -0.000329734 7.72769e-07 -1.32005e-06 -0.00123163 -5.36664e-05 -1.44598e-07 -0.00154315 -0.000134421 -3.4978e-05 -1.90426e-06 -0.000141849 
-5.65383e-06 0.000763353 -8.99208e-06 0.000170654 -9.11332e-07 -9.00627e-07 0.000117987 1.04369e-06 -1.70783e-05 7.08326e-06 -5.14603e-06 4.31858e-06 4.64304e-07 -0.00062505 0.000413831 -0.000203586 5.68612e-06 3.70756e-06 -0.000124449 -0.000671802 5.48465e-06 -1.33107e-05 0.000223582 0.000126314 9.24549e-05 -0.000707287 -0.000499345 0.000510899 0.000169067 2.69352e-05 -0.000697808 -0.000415825 -0.000288257 5.02527e-06 8.61287e-06 2.91823e-05 -1.22576e-07 0.00012741 -0.00053807 -1.88395e-05 3.37197e-07 -5.95389e-07 4.94052e-06 0.000146028 0.000666599 6.32397e-06 4.28516e-05 -1.56594e-05 1.12697e-07 -0.000495411 6.01518e-06 -1.8173e-06 2.85471e-06 8.07252e-06 -7.05993e-06 6.91383e-06 5.56382e-06 1.65661e-05 2.17939e-06 -0.000289009 1.22858e-05 -0.000293414 9.48418e-06 4.75218e-07 4.53686e-07 3.50821e-07 0.000560437 -5.53746e-05 0.000552415 3.49679e-05 0.00013983 2.55851e-05 3.42931e-06 2.52983e-06 -5.21468e-05 0.000249305 1.82923e-05 4.51578e-05 9.88796e-08 7.96322e-05 9.35228e-07 -5.52291e-06 9.43636e-07 3.48442e-06 8.07493e-06 5.33722e-07 4.5144e-05 -4.91494e-05 2.22741e-05 0.000473778 3.59384e-07 8.61099e-06 -0.000195892 0.000105618 2.56958e-05 8.69264e-05 3.6011e-05 1.47849e-06 6.20877e-06 1.42239e-05 
-0.000124779 -8.99208e-06 0.0305463 -0.00107283 -8.29315e-06 1.91998e-05 0.002587 4.77012e-06 -0.000523897 2.06088e-06 0.00403483 -6.37936e-06 7.4447e-06 -0.00194096 0.00244042 -0.00307709 3.3782e-05 -3.30161e-07 -0.0013531 0.000409785 -0.000135705 4.8482e-05 -0.000166918 0.00206504 -0.00247688 -0.00250567 -0.00530611 0.000145823 7.19196e-05 -6.74425e-05 -0.00737607 0.000532501 -0.00202536 9.30517e-05 0.00325584 -9.88262e-05 3.79925e-05 4.29821e-05 -0.00853632 1.59261e-05 -0.00013611 3.35054e-05 -3.18226e-05 0.000184826 0.00149949 -0.000121345 -0.000105286 -0.000135639 -4.90265e-07 -0.00442101 3.03306e-06 -3.7399e-05 -5.21392e-06 -3.07036e-06 -0.000166885 0.000227079 -4.97727e-06 0.000254547 4.33506e-06 -0.00011467 -6.36783e-05 0.000606578 8.43067e-05 3.3034e-06 9.82045e-06 7.89301e-07 0.00169049 -0.00148389 0.000330675 -4.172e-05 -0.000389653 4.21208e-07 3.20932e-05 -6.49999e-06 0.00412996 -0.000432947 1.4449e-05 0.000200481 1.5242e-06 0.000179793 1.88682e-07 2.58478e-05 -1.06247e-05 -1.26727e-05 7.20349e-06 -6.89719e-06 0.000122524 0.000561694 0.000313635 -0.00186693 1.63774e-06 2.19471e-05 -0.00383235 0.00011414 -3.04617e-05 -1.06485e-05 -0.00615657 -4.26494e-05 0.000191637 -0.000763001 
-0.000298132 0.000170654 -0.00107283 0.0406642 4.97037e-05 -5.6293e-05 9.13155e-05 -7.30158e-06 -0.000922578 -4.48973e-07 -0.00226717 2.86644e-06 -2.37132e-06 -0.00392354 -4.94085e-05 -0.00411343 7.4409e-05 8.70543e-07 -0.000684805 -0.0120319 0.00127057 -0.000681976 0.00042303 0.00791692 0.00461223 -0.00169108 -0.00464119 0.000461233 0.000414027 0.000742933 -0.00185159 -0.00798757 -0.00262266 -4.79474e-06 -0.000206596 0.000209637 -5.55075e-06 0.000250074 -0.000950046 -0.00047466 -0.000166364 1.4523e-05 -2.54687e-05 0.000850504 0.0041677 0.00103304 0.00055571 -6.32674e-05 -7.05015e-07 -0.00811854 -4.41921e-08 0.00031064 2.09187e-06 2.96421e-07 -0.000417743 -5.59215e-05 -2.40701e-05 0.000598861 8.7846e-06 -0.00420642 0.000168422 -0.0176872 0.000117548 1.8648e-06 -5.71097e-06 -8.76612e-06 0.000233179 0.00104625 0.00118654 0.000522747 0.00386083 7.21585e-05 -1.12287e-05 2.95481e-05 -0.00288513 0.0086786 5.691e-07 8.64263e-05 -6.14855e-07 0.000309139 6.79418e-07 -0.000314302 -7.27233e-06 8.07576e-05 -1.81296e-05 -3.63456e-06 2.71689e-05 -0.00266831 -3.45738e-05 0.00597873 -1.06268e-06 9.74633e-05 -0.0031824 0.000943095 0.000246364 -0.00438733 0.00189994 0.000199152 -1.97032e-06 0.000160131 
3.20746e-05 -9.11332e-07 -8.29315e-06 4.97037e-05 0.0013569 2.84039e-05 0.000194311 7.30377e-05 -3.74301e-07 2.1376e-05 -4.34655e-05 3.59084e-05 -2.4634e-08 -0.000376064 0.000417913 -0.000268503 0.000157319 2.64077e-07 3.73784e-05 -0.00041012 4.17804e-06 3.04457e-05 2.63846e-05 -1.09089e-05 -0.000134786 -0.000595173 -0.000307468 4.09918e-06 0.00031548 0.000117162 -0.000485589 -0.000363222 -0.000335913 5.08813e-06 0.000134558 2.21222e-05 1.30198e-06 5.70979e-07 -0.000637952 -3.16234e-05 0.000127941 3.77062e-06 -3.57188e-07 9.4192e-07 0.000279319 -6.12338e-06 3.25674e-05 -0.000140096 -4.41834e-08 -0.00026787 2.21792e-07 1.28627e-05 3.89006e-06 2.99219e-07 -1.13468e-05 9.56712e-05 0.000166699 0.000161942 -1.27674e-07 -0.000288977 6.73612e-05 -0.000283856 2.19082e-05 1.03959e-06 5.43457e-06 -1.11642e-07 0.000404012 -3.32462e-05 0.000286486 4.43049e-06 -3.44771e-05 1.23841e-05 1.98507e-06 3.37528e-06 0.000140096 -0.000124419 4.93743e-05 9.60092e-06 1.39022e-06 6.93981e-06 -1.44163e-08 2.15498e-05 6.48769e-06 9.56781e-06 7.30341e-06 7.73042e-05 1.71985e-06 0.000182316 0.000133479 0.000163175 1.1929e-06 5.75266e-05 -0.000163888 0.000203663 1.61511e-06 -0.000172332 -0.000353143 2.14015e-06 1.83548e-05 3.54962e-05 
1.47041e-05 -9.00627e-07 1.91998e-05 -5.6293e-05 2.84039e-05 0.00136904 -1.31443e-05 1.7092e-05 -9.86184e-06 1.50456e-05 0.000144196 5.08549e-07 1.4416e-07 -0.000133976 -4.65508e-05 3.95866e-05 1.63314e-05 2.90223e-06 -0.000121433 5.09338e-05 9.3114e-06 0.000229159 -8.09352e-06 -6.72029e-05 -0.000104123 -7.98546e-06 5.8542e-05 -3.51505e-06 5.0639e-05 2.04748e-06 -7.38946e-05 -6.70748e-06 -5.75889e-05 2.16567e-06 4.02897e-06 -1.92217e-07 4.68734e-05 7.10226e-06 -5.62393e-06 -2.29426e-05 1.66164e-05 -1.02955e-06 4.17283e-06 5.59683e-05 -6.30275e-05 -1.17641e-05 -3.46952e-06 -7.65923e-05 1.28077e-06 -0.000563625 1.89478e-06 -1.95854e-06 1.6969e-06 -7.89472e-08 -1.43429e-05 4.6845e-06 2.69661e-05 1.5028e-05 1.61013e-06 -0.00023695 1.98244e-06 7.21959e-05 6.69224e-06 3.51161e-08 2.96214e-06 7.65716e-07 -5.06731e-05 0.000140793 -3.17131e-05 -5.19856e-06 -1.38441e-05 -3.0188e-07 1.71094e-06 5.85311e-07 -0.000155668 -0.000506631 1.17729e-05 9.80015e-07 3.76711e-07 6.15836e-05 4.54546e-08 -3.00688e-06 1.99287e-06 3.76354e-07 3.32695e-05 2.97244e-05 -1.98899e-06 0.000483584 2.75065e-05 0.000162498 -8.19287e-08 -1.5182e-06 0.000105334 -5.00288e-06 -3.63581e-07 -0.000384671 -0.000537811 -4.20193e-06 3.75404e-05 -2.66377e-05 
9.40137e-05 0.000117987 0.002587 9.13155e-05 0.000194311 -1.31443e-05 0.0200498 -6.13226e-06 -0.000335852 -2.73948e-05 -0.00145174 1.31466e-05 3.28849e-06 -0.000710188 0.00136154 -0.00500519 0.000203915 7.77892e-07 -0.00262607 -0.00184515 -6.19337e-05 -6.72081e-06 0.0014878 0.00147592 -0.00184896 -0.00396116 -0.00663526 0.000173774 0.00145911 0.00049035 -0.00516305 -0.00151992 -0.00453377 2.08376e-05 0.000838469 -7.57385e-05 1.38091e-05 -9.88865e-06 -0.00791624 -0.00018875 -0.000114273 2.13362e-05 1.93097e-05 8.0515e-05 0.00270723 -8.07392e-05 8.38485e-05 -4.88519e-05 4.41626e-07 -0.00370127 1.38775e-06 -0.000105445 1.35049e-05 8.80083e-06 6.16265e-07 3.39162e-06 3.78869e-06 9.61262e-05 -7.63156e-06 -0.00366024 1.64513e-05 -0.00372142 0.000126967 3.45229e-06 -2.96227e-06 6.13637e-06 0.00750277 -0.00158258 0.00333042 6.65058e-06 -0.000109103 4.3216e-05 5.30277e-05 3.22816e-06 0.0122118 -0.00105505 -6.07026e-06 0.000160079 4.44538e-06 -0.00014426 -1.05068e-08 -0.000162444 3.99399e-06 0.000194907 9.36303e-05 3.38763e-06 1.35689e-05 -0.000392475 0.000136884 0.000672317 5.30328e-05 0.000227524 -0.000535244 0.000231077 -1.55205e-05 0.000874688 0.000298366 -3.84803e-05 5.89368e-05 -0.000622055 
2.44214e-05 1.04369e-06 4.77012e-06 -7.30158e-06 7.30377e-05 1.7092e-05 -6.13226e-06 0.000474918 -1.07466e-05 1.5092e-05 0.0002696 2.00381e-05 8.01625e-06 -0.000331966 0.000324963 -5.98698e-05 0.000136142 1.94657e-07 -6.93046e-05 -0.00032975 4.66151e-05 -9.54149e-06 -8.15079e-06 -2.22986e-05 -4.81795e-05 -0.000363617 4.48331e-05 -6.00543e-07 6.42599e-05 9.13611e-05 -0.00036418 -0.000367622 -0.00011554 1.34043e-06 5.56175e-06 1.11454e-05 7.87095e-07 6.39424e-07 -4.51389e-05 -1.04236e-05 5.64331e-05 1.39607e-06 2.64328e-06 2.85324e-06 7.79709e-05 -3.74286e-06 0.000192202 -0.000101669 -6.67386e-08 -0.000296346 -1.3361e-08 8.94619e-07 3.2498e-06 -5.85551e-08 -4.50462e-06 3.15389e-05 0.000101565 0.000100057 2.24873e-05 -0.000138686 0.000179686 -3.01995e-05 3.49625e-06 1.02228e-07 1.26549e-05 7.20183e-07 2.64365e-05 -2.15549e-05 0.000105498 -1.92553e-06 3.52764e-05 1.87052e-08 6.76476e-06 5.87408e-06 -9.08464e-05 7.61068e-05 4.11388e-05 4.18425e-06 -6.9165e-09 2.59804e-05 2.32496e-06 1.53979e-05 1.11152e-06 1.47224e-06 9.53179e-06 8.10613e-05 2.51344e-05 5.12061e-05 8.91373e-05 -1.75834e-05 2.5949e-06 2.8153e-05 -0.000104996 1.018e-05 -1.83016e-07 -0.000126673 -8.26279e-05 -8.30592e-07 1.0492e-05 0.000111979 
-1.45336e-05 -1.70783e-05 -0.000523897 -0.000922578 -3.74301e-07 -9.86184e-06 -0.000335852 -1.07466e-05 0.0241178 -5.01209e-05 -0.000919974 -3.27005e-06 -1.91701e-06 0.000455132 -0.00114538 0.00112763 -3.18675e-05 -1.51145e-07 -0.0014405 0.00118068 1.19577e-05 -0.000112701 -0.00035168 -0.000869565 0.000797778 0.000416853 -0.00163165 -4.96384e-05 -0.000179074 -0.000129705 0.000698486 0.000587536 0.000363393 3.43113e-05 0.000516661 -6.5805e-05 7.78876e-06 -6.44925e-07 -0.00575722 -0.000588779 4.6276e-05 4.1974e-05 2.0931e-06 -3.82326e-05 -0.000650385 -2.54389e-05 -8.82839e-05 -0.000119369 -2.49015e-06 -0.00442058 6.74794e-06 0.000383705 6.70379e-06 1.19107e-07 5.05487e-05 6.62708e-05 6.23897e-06 -7.39052e-05 1.4965e-05 0.00312356 0.000113514 -0.00236497 1.42244e-05 3.03815e-07 -1.95213e-06 1.70214e-05 -0.000709617 0.00121211 -0.000572436 -6.76813e-06 0.000142223 -2.69548e-06 0.000116799 6.34411e-08 0.000376899 -0.00493129 -1.34039e-05 3.40642e-08 3.00235e-08 -9.79383e-05 -2.45711e-07 -0.000121725 7.35395e-06 -5.93653e-06 9.98204e-06 -3.18371e-06 -1.67535e-05 -0.00114352 -2.99772e-05 -0.000682746 -1.36455e-06 -1.78306e-05 0.00276464 -0.000117625 8.51589e-05 -0.0053879 -0.00270537 1.58136e-05 5.03077e-05 0.000526832 
1.40786e-06 7.08326e-06 2.06088e-06 -4.48973e-07 2.1376e-05 1.50456e-05 -2.73948e-05 1.5092e-05 -5.01209e-05 0.00249406 0.000460525 6.84111e-07 1.73956e-05 -0.00105647 0.000995842 -0.000205506 4.93619e-05 1.8107e-07 -0.000349615 -0.000516113 1.80727e-05 -2.8648e-05 4.91547e-05 -0.000113833 -0.000109362 -0.00114081 -9.66526e-05 9.50985e-05 0.000232326 0.00041249 -0.00123396 -0.00071609 -0.000145432 1.06921e-07 -4.57824e-05 -1.0344e-05 -9.11825e-08 -5.12937e-07 -2.96952e-05 -6.06442e-05 -5.44499e-06 -1.18716e-06 -1.96332e-06 2.11944e-05 0.000837375 -6.46094e-06 3.14472e-05 -1.58365e-05 -1.74526e-07 -0.000698874 1.03025e-07 -4.36565e-06 8.06595e-07 -3.08129e-07 -1.65204e-05 1.50376e-05 3.51863e-05 1.08084e-05 1.02234e-05 -0.000185262 4.90771e-05 9.17411e-05 3.34997e-06 1.24615e-06 4.24293e-05 3.38668e-08 0.000574391 -0.000195274 0.000278999 3.65027e-05 -3.13904e-06 2.87609e-06 5.49085e-07 3.14757e-05 -0.000399648 0.000193084 4.5804e-05 6.16703e-06 1.0736e-06 0.000495281 8.53472e-07 3.65231e-05 6.15367e-08 9.49997e-05 3.68656e-07 1.41743e-05 9.31927e-06 7.14684e-05 3.90509e-06 -9.67919e-05 5.25846e-07 -4.05428e-06 -0.00056238 5.44896e-05 -1.089e-06 0.000238008 -0.000148592 2.06887e-06 4.28074e-06 5.02335e-05 
-0.000631931 -5.14603e-06 0.00403483 -0.00226717 -4.34655e-05 0.000144196 -0.00145174 0.0002696 -0.000919974 0.000460525 0.0796726 -1.74053e-05 3.87805e-05 -0.00505988 0.0135282 -0.0138165 0.000735176 -4.03615e-06 -0.0101804 -0.00384291 0.000189695 0.00230783 -0.00164503 -0.00399353 -0.00827357 -0.00462723 0.00075282 0.00027554 0.000404362 0.00121035 -0.00624239 -0.00544035 0.00102294 0.00011839 0.000284452 -0.000428927 3.00236e-05 0.000215807 -0.0204189 -0.00155215 0.000402794 -4.94581e-05 -5.73441e-05 0.000752201 -0.00236443 -0.000611031 0.00106475 -0.00018436 4.35888e-06 -0.032998 8.16533e-06 -0.000200323 -6.92245e-06 -9.70098e-06 -0.00084384 1.56873e-05 7.89938e-05 0.00108719 0.000105904 0.0196326 0.000588922 0.00500514 -2.60069e-05 -4.75419e-06 0.000113513 -1.03306e-05 -0.00125458 -0.00499161 0.00063205 -0.000140114 0.00178747 6.67876e-07 0.000152081 8.64866e-05 -0.0150002 0.0284596 0.000129101 9.7732e-05 6.12598e-06 0.00205001 5.62049e-06 0.000115509 -3.1233e-05 1.99223e-05 -5.79389e-06 8.61352e-05 0.000302989 0.00120389 0.000549653 0.00285139 -8.72191e-06 0.000183674 -0.0178333 -0.000135149 -4.14795e-05 0.0022084 -0.00761621 -0.000181887 0.000266798 -0.000282194 
2.611e-05 4.31858e-06 -6.37936e-06 2.86644e-06 3.59084e-05 5.08549e-07 1.31466e-05 2.00381e-05 -3.27005e-06 6.84111e-07 -1.74053e-05 0.000263587 1.33875e-07 -6.42994e-05 8.34643e-05 -5.40681e-05 4.37368e-05 6.33671e-06 -1.61825e-05 -5.65029e-05 4.68343e-06 -4.00956e-06 3.43945e-05 5.26775e-06 1.37541e-05 -0.000101668 -9.27644e-05 9.41704e-06 2.9168e-05 1.64893e-05 -0.000136117 -4.89862e-05 -5.84489e-05 -5.3401e-08 2.48557e-05 3.97437e-05 -4.23046e-08 7.11221e-06 -0.000115207 2.98781e-05 1.73489e-05 7.46225e-07 8.47541e-08 -1.36184e-06 6.17593e-05 1.1003e-05 5.97975e-06 -6.9017e-05 -3.70332e-08 -7.36516e-05 3.29592e-06 2.1335e-05 2.19145e-06 5.32417e-06 -2.01309e-06 1.07268e-05 3.90721e-05 4.47601e-05 7.6811e-08 -7.83933e-05 1.68749e-05 -7.97061e-05 8.03363e-06 -2.46589e-08 1.78054e-06 8.98943e-06 6.04376e-05 7.09698e-05 3.94353e-05 3.92161e-06 -4.73936e-06 6.52753e-08 5.77041e-06 1.36614e-06 4.3474e-05 -7.41995e-05 2.16103e-05 2.34922e-06 4.92829e-07 5.1655e-06 -2.7974e-09 9.89789e-07 1.72875e-06 9.26071e-07 9.52178e-07 2.21789e-05 1.09285e-05 1.06648e-06 3.24302e-05 -2.56747e-05 1.77091e-06 1.99189e-05 7.32541e-06 1.37856e-06 -1.5943e-07 -0.000101834 -8.02526e-05 -6.82897e-07 1.44276e-06 3.40724e-05 
4.69641e-07 4.64304e-07 7.4447e-06 -2.37132e-06 -2.4634e-08 1.4416e-07 3.28849e-06 8.01625e-06 -1.91701e-06 1.73956e-05 3.87805e-05 1.33875e-07 9.90768e-05 -3.56527e-05 3.72489e-05 -1.47856e-05 1.99884e-06 6.83164e-08 -1.5169e-05 -4.35025e-05 1.14767e-06 6.06843e-06 5.44186e-07 3.64813e-06 -2.94829e-06 -4.17646e-05 -7.97892e-07 8.13584e-07 1.81009e-05 1.67054e-05 -5.25157e-05 -5.68987e-05 -1.43032e-05 1.23326e-06 2.48409e-06 1.60138e-06 3.07679e-08 2.01187e-06 -1.00396e-05 -2.19875e-06 1.91322e-06 -1.6179e-08 7.51547e-07 -3.80377e-07 1.93466e-05 7.9315e-07 1.6814e-05 -3.92327e-06 2.62749e-07 -5.81719e-05 -2.78632e-09 9.69405e-08 8.09045e-08 7.78889e-09 -5.67198e-07 9.15786e-07 2.0331e-06 1.32949e-06 1.05162e-06 -1.27233e-05 2.24447e-06 -1.99682e-05 8.94588e-07 7.39942e-09 1.40016e-06 -2.15111e-08 6.34385e-06 -5.24409e-06 1.89011e-06 4.63425e-07 1.40455e-05 -2.18192e-08 2.82157e-06 2.0926e-06 -1.3494e-05 7.14194e-06 3.51704e-06 4.76166e-06 6.52243e-08 1.91595e-05 1.89487e-08 1.54422e-06 -2.93047e-08 2.22618e-06 2.38926e-06 1.07454e-06 8.2066e-06 1.31748e-05 1.39256e-07 2.29823e-05 2.18781e-06 1.01213e-06 -2.30867e-05 4.65669e-07 -1.11725e-07 -9.47183e-06 -8.34707e-06 -1.28377e-07 1.83715e-06 1.21742e-05 
0.000149118 -0.00062505 -0.00194096 -0.00392354 -0.000376064 -0.000133976 -0.000710188 -0.000331966 0.000455132 -0.00105647 -0.00505988 -6.42994e-05 -3.56527e-05 0.0207182 -0.0133158 0.00278008 -0.00151454 -1.02789e-05 0.00216715 0.0110427 -0.000301699 -0.000135718 -0.00084081 0.000238164 0.00031684 0.013587 0.00660079 -0.00295709 -0.00396957 -0.00473875 0.0139833 0.00748701 0.00169362 -8.16163e-05 -0.00254933 -0.000290949 -2.99072e-05 -0.000654017 0.00672705 0.0002168 -0.000266461 -1.60164e-05 -5.56431e-05 -0.00177931 -0.011352 -6.73816e-05 -0.00180614 0.000310022 -3.69033e-06 0.0112809 -1.78215e-05 -4.45028e-05 -0.000106654 -1.11082e-05 0.000204365 -0.000759763 -0.000376794 -0.00282369 -0.000212371 0.00278526 -0.00164442 0.00126084 -0.000202251 -4.45373e-06 -9.29847e-05 -2.90163e-06 -0.00873803 0.00138628 -0.00812121 1.81919e-05 -0.00100178 -0.000165299 -0.000128668 -0.000151628 0.0021551 -0.00733498 -0.000426003 -0.000229959 -6.75856e-06 -0.00256651 -7.21876e-06 -0.000466431 -9.32068e-06 -0.000444293 -2.32763e-05 -0.000103368 -0.000795779 -0.000489656 -0.00100956 -0.00495996 -6.65365e-06 -0.000189943 0.00454116 -0.00438661 -0.000149979 -0.000655094 -0.000201859 -5.95935e-06 -0.000313331 -0.00172146 
-0.000164053 0.000413831 0.00244042 -4.94085e-05 0.000417913 -4.65508e-05 0.00136154 0.000324963 -0.00114538 0.000995842 0.0135282 8.34643e-05 3.72489e-05 -0.0133158 0.0689709 -0.0138931 0.00147658 -6.98116e-06 -0.0105015 -0.0189731 0.000365641 -0.00015533 -0.000322315 -0.0030699 -0.00553119 -0.0266796 -0.00823615 0.00234262 0.00466479 0.00561633 -0.0297134 -0.0131188 -0.00085755 5.65657e-05 0.00204816 0.000117811 1.26989e-05 0.000200242 -0.0122259 -0.00134519 6.55261e-05 -1.23298e-05 -2.39261e-05 0.00110073 0.019974 -0.000518348 0.00252936 -0.000173743 -5.8711e-06 -0.0291677 1.42769e-06 -0.000351623 5.33371e-05 -7.9742e-06 -0.00086577 0.000777979 0.000395015 0.00318123 0.000161512 -0.00942987 0.00237167 0.00583808 0.000121334 -7.83398e-07 0.000101463 -1.17552e-06 0.0181046 -0.00504827 0.0113629 -0.000268372 0.00481643 4.29927e-05 8.73984e-05 0.00015418 -0.00369323 0.0216043 0.000385313 -1.87875e-05 9.58517e-06 0.00236118 8.71596e-06 0.00028092 -2.30318e-05 0.000726607 -6.47291e-05 7.86623e-05 0.000707751 -0.00229882 0.00100779 0.0101185 1.54716e-05 0.000325855 -0.0158716 0.00530086 4.03647e-05 0.00522236 0.000617133 -6.74724e-05 0.000173329 0.00156283 
-0.000585792 -0.000203586 -0.00307709 -0.00411343 -0.000268503 3.95866e-05 -0.00500519 -5.98698e-05 0.00112763 -0.000205506 -0.0138165 -5.40681e-05 -1.47856e-05 0.00278008 -0.0138931 0.198448 -0.000437461 -2.45496e-05 -0.0248198 0.00767543 -0.00149694 -0.00101955 -0.00152069 -0.00412979 -0.0135207 0.00925626 0.00668013 -0.000870047 -0.00204854 -0.00167383 0.00943678 0.00858264 -0.000762905 -1.94731e-05 -0.0015146 -0.00107267 3.96278e-05 -7.91749e-05 0.0229594 0.000769003 -0.00113838 0.000106596 -0.000262666 0.000950775 -0.0178929 0.00370869 -0.00111989 -0.000157009 6.01883e-05 0.0050697 6.53135e-06 0.000273469 -6.89358e-05 -2.62973e-05 -0.00162181 -0.000647264 -0.000165337 -0.000921494 8.89902e-05 0.0599537 -0.000909037 -0.00491367 -0.000128547 -7.16133e-06 -3.82789e-05 6.7813e-06 -0.0127592 -0.00526275 -0.00803935 -0.00113747 -0.00218379 -5.90876e-05 -1.48255e-05 -1.66142e-05 -0.0356545 -0.0710291 -0.000177486 -8.02918e-05 -3.81989e-06 0.00129651 -2.89265e-06 -0.00192424 0.000154446 -0.000287535 -8.73132e-05 8.62793e-06 -0.000290463 0.00787149 -0.0004918 -0.0261918 -2.53406e-05 -0.000407392 0.0222796 -0.00163127 -0.000283481 -0.055144 -0.0193707 -0.000738405 8.05271e-05 -8.92247e-05 
1.11375e-05 5.68612e-06 3.3782e-05 7.4409e-05 0.000157319 1.63314e-05 0.000203915 0.000136142 -3.18675e-05 4.93619e-05 0.000735176 4.37368e-05 1.99884e-06 -0.00151454 0.00147658 -0.000437461 0.00169083 4.88331e-06 -0.000269333 -0.00145872 -1.33397e-05 -1.90849e-05 -2.7497e-05 -0.000104438 -7.07612e-05 -0.00160407 4.85344e-05 1.26232e-05 0.000332687 0.0010766 -0.00157156 -0.00150099 -0.000399398 9.90029e-06 4.11789e-05 4.32729e-05 -2.50937e-08 1.55426e-05 -0.000804937 -4.65769e-05 0.000217822 9.80573e-07 3.82295e-05 3.20621e-05 0.0010748 -1.21814e-05 2.56434e-05 -0.000214225 -2.37898e-07 -0.00125412 5.62373e-07 -5.77686e-06 3.48496e-05 -2.08726e-07 -2.10382e-05 0.000124772 0.000217726 0.000998607 1.45301e-05 -0.000554219 0.000742116 -0.000237123 8.88034e-05 1.94927e-07 3.52275e-05 1.01897e-06 0.00104968 -0.00012292 9.63825e-05 -4.97484e-06 -1.76047e-05 3.60374e-07 8.3576e-05 1.26859e-05 -0.000270387 0.000611404 0.0002653 1.32524e-05 1.97868e-06 3.3788e-05 1.0287e-06 2.3665e-05 3.91483e-06 9.23939e-05 9.57099e-06 9.50248e-05 2.33946e-05 8.68737e-05 0.000364177 -2.05825e-05 7.80504e-06 6.08865e-05 -0.000444332 0.000429728 -1.77097e-06 0.000131039 -0.000313152 4.70637e-06 1.8909e-05 -2.16622e-05 
5.68778e-07 3.70756e-06 -3.30161e-07 8.70543e-07 2.64077e-07 2.90223e-06 7.77892e-07 1.94657e-07 -1.51145e-07 1.8107e-07 -4.03615e-06 6.33671e-06 6.83164e-08 -1.02789e-05 -6.98116e-06 -2.45496e-05 4.88331e-06 0.00015153 -1.11551e-05 -1.16574e-05 2.76342e-06 1.01659e-06 -2.01812e-07 1.2117e-05 8.32008e-05 -1.63094e-05 1.30181e-05 2.04722e-06 -7.98764e-07 3.43118e-08 -1.74733e-05 -2.6768e-05 -3.08114e-05 2.22638e-07 -1.00215e-06 1.23083e-05 -2.43172e-08 5.2899e-06 -2.5154e-06 -1.93716e-06 2.5927e-06 4.63287e-07 5.05079e-06 3.24579e-06 4.52733e-06 -6.67625e-07 -4.46926e-07 -1.30342e-05 2.15379e-07 -8.97765e-05 -4.26168e-09 1.14094e-07 2.28726e-06 -1.86769e-08 -1.27583e-06 2.37981e-06 3.52388e-07 2.998e-06 1.36777e-06 -5.24674e-05 1.50435e-05 -0.000100539 1.04211e-06 -1.41743e-08 -3.03491e-08 7.48377e-06 8.65779e-06 9.59499e-05 -2.60054e-06 2.00886e-07 3.18672e-05 8.46627e-07 1.52073e-05 2.23974e-07 -2.46674e-05 -6.37585e-05 3.67861e-06 3.65233e-06 -2.20611e-09 3.09723e-06 1.18392e-07 -1.25009e-06 1.6655e-07 3.79051e-07 5.44807e-06 1.23439e-06 -1.28689e-09 -6.25517e-06 2.35512e-06 -1.15873e-05 -1.8638e-08 1.49164e-05 6.2001e-05 -7.55697e-07 -3.1277e-08 -7.79839e-07 -7.87093e-05 1.92499e-06 5.60537e-07 9.72007e-06 
1.86865e-05 -0.000124449 -0.0013531 -0.000684805 3.73784e-05 -0.000121433 -0.00262607 -6.93046e-05 -0.0014405 -0.000349615 -0.0101804 -1.61825e-05 -1.5169e-05 0.00216715 -0.0105015 -0.0248198 -0.000269333 -1.11551e-05 0.137976 0.00516366 -0.00110509 0.000202125 -0.000609105 -0.00736449 -0.0136479 0.00574049 0.00925476 -0.000552852 -0.00111373 -0.0010384 0.00692983 0.00330884 0.00116159 -2.22499e-05 -0.00225643 0.00018175 -1.9123e-05 -0.000121658 0.0136244 -0.000746589 0.000459578 -7.88764e-05 -0.000167152 -0.00154668 -0.0104103 -0.00133249 -0.000634517 -1.44691e-05 -1.94447e-05 -0.00575351 -3.46824e-06 0.00109874 -4.22775e-05 1.20895e-06 0.00011911 -7.02277e-05 -0.000117267 -0.00066298 -4.68772e-05 -0.0359621 -0.000736818 0.00929518 7.22806e-05 -1.23133e-05 -3.17686e-05 3.16544e-05 -0.00795166 0.0206531 -0.00467251 -0.000639362 -0.00449174 -3.5033e-05 -9.24222e-05 -1.05772e-05 -0.0141239 -0.0415114 -9.66458e-05 -9.858e-05 -2.11622e-06 -0.00150941 -1.4605e-06 -0.000831432 -3.4763e-06 -0.000193072 0.000124767 3.14261e-05 -0.000225145 -0.0037571 -0.000294674 -0.0169857 -1.64353e-05 -0.000272439 0.0247311 -0.000987765 -0.000177974 -0.00632 -0.00553692 -0.00060935 -3.52088e-05 0.00792252 
-0.000634142 -0.000671802 0.000409785 -0.0120319 -0.00041012 5.09338e-05 -0.00184515 -0.00032975 0.00118068 -0.000516113 -0.00384291 -5.65029e-05 -4.35025e-05 0.0110427 -0.0189731 0.00767543 -0.00145872 -1.16574e-05 0.00516366 0.0556796 -0.0017087 0.000679391 -0.000965639 -0.0085885 -0.00801272 0.0131382 0.00168734 -0.00223086 -0.00452505 -0.00531337 0.0128607 0.0166648 0.00338324 -2.77432e-05 -0.00132259 -0.000159005 7.55978e-07 -0.000524327 0.00366858 0.000391602 -0.000822983 -3.76115e-05 -0.000165277 -0.00292264 -0.0152655 7.68853e-06 -0.00363515 0.000192233 -1.37806e-05 0.0121777 -6.1458e-06 0.00023841 -0.000152549 -1.42499e-05 0.000463658 -0.00106583 -0.000421662 -0.00311665 -0.00014617 0.00806584 -0.00214739 0.00781212 -0.000162635 9.41779e-07 -6.37486e-05 7.69472e-06 -0.00851631 0.00403935 -0.00782428 -0.00038364 -0.00734112 -0.000184585 -0.00016143 -9.35747e-05 0.00491704 -0.0182779 -0.000449487 -0.000112166 -8.89184e-06 -0.00147696 -8.66541e-06 -0.000317423 4.45795e-07 -0.000474154 -8.21931e-05 -8.21077e-05 -0.00072125 0.00299094 -0.000902905 -0.0194416 -6.11751e-05 -0.000432321 0.0133125 -0.0040226 -0.000252616 -0.00612854 -0.00521251 -6.02101e-05 -3.23578e-05 -0.000477091 
0.000131026 5.48465e-06 -0.000135705 0.00127057 4.17804e-06 9.3114e-06 -6.19337e-05 4.66151e-05 1.19577e-05 1.80727e-05 0.000189695 4.68343e-06 1.14767e-06 -0.000301699 0.000365641 -0.00149694 -1.33397e-05 2.76342e-06 -0.00110509 -0.0017087 0.00895745 5.33572e-05 -9.3769e-05 0.00194025 0.00358604 -0.00013681 -8.61108e-05 2.39912e-05 0.000130423 0.00010213 -0.000306176 -0.00125866 -0.00208135 -7.80791e-07 8.57285e-05 0.000124335 8.3763e-06 2.93944e-05 -0.000400595 0.000124459 -1.82905e-05 -4.74425e-06 7.2964e-06 7.97767e-05 -0.00022139 0.000190562 0.000111399 -2.97266e-05 1.30369e-06 -0.00203984 1.45915e-06 0.000393561 2.01232e-05 1.56094e-05 9.98254e-05 9.74938e-07 1.02319e-05 -3.07785e-05 1.62976e-05 -0.00260037 4.56014e-06 -0.00349233 6.11565e-05 2.54597e-07 3.23211e-07 4.92433e-06 -0.000164602 0.00111496 0.000563595 -1.10642e-05 0.000198585 1.97995e-05 2.3605e-06 7.01457e-06 -0.00120645 -0.000902907 1.44614e-06 2.41503e-05 8.17533e-08 -1.6842e-07 1.83409e-06 -3.0987e-05 1.71344e-05 0.000170939 0.000103188 4.67569e-07 5.89331e-05 -0.000473426 -6.25238e-06 0.000798604 1.0485e-05 4.26755e-06 0.00166219 -9.97695e-07 3.19825e-06 -0.00239338 -0.00109539 -2.08531e-05 2.73332e-05 0.000894327 
-0.000162015 -1.33107e-05 4.8482e-05 -0.000681976 3.04457e-05 0.000229159 -6.72081e-06 -9.54149e-06 -0.000112701 -2.8648e-05 0.00230783 -4.00956e-06 6.06843e-06 -0.000135718 -0.00015533 -0.00101955 -1.90849e-05 1.01659e-06 0.000202125 0.000679391 5.33572e-05 0.0248005 -0.000328153 -0.00118616 -0.00165771 3.66444e-05 -0.00245881 4.3802e-05 0.000470274 -5.74895e-05 3.6698e-05 -0.000405697 -0.000549244 2.81324e-05 8.15056e-08 -7.3329e-05 8.60934e-05 6.44032e-05 -0.00504893 -0.000382151 2.10501e-05 -1.28903e-05 -1.73803e-05 3.55774e-05 -0.00115591 -0.00017884 -8.51836e-05 -0.000114435 5.29556e-06 -0.0116769 6.18107e-06 0.000155563 8.86025e-06 1.47386e-06 -0.000163221 3.22926e-05 -6.95549e-06 -8.72966e-05 1.32822e-06 -0.00165467 -3.6306e-05 -0.000278993 4.13341e-05 6.03258e-07 -6.06066e-07 1.07821e-05 -0.000714615 0.000409153 -0.000344434 4.70375e-05 -0.00067659 -2.92709e-06 7.47573e-05 1.80513e-05 -0.00130764 -0.00157725 -8.75144e-06 2.116e-05 9.06227e-07 0.000431908 -1.40004e-07 -5.09493e-05 -9.94497e-07 2.70528e-05 2.92545e-05 1.28916e-05 -2.39263e-05 0.00838794 3.24375e-05 0.00524235 1.63039e-06 1.55899e-05 0.00331159 -8.693e-05 7.87837e-06 -0.00679755 -0.00636627 8.91635e-05 0.000124032 0.000195229 
0.000464631 0.000223582 -0.000166918 0.00042303 2.63846e-05 -8.09352e-06 0.0014878 -8.15079e-06 -0.00035168 4.91547e-05 -0.00164503 3.43945e-05 5.44186e-07 -0.00084081 -0.000322315 -0.00152069 -2.7497e-05 -2.01812e-07 -0.000609105 -0.000965639 -9.3769e-05 -0.000328153 0.0189286 0.00226588 -8.98833e-05 -0.0012765 -0.00277222 0.000759129 0.00120791 -8.33889e-05 -0.00269876 2.4367e-05 -0.00147088 5.48742e-06 0.000724793 -1.79999e-05 -1.49026e-06 0.000123318 -0.00308558 0.000175205 8.76708e-05 3.61192e-05 -4.35561e-07 0.000247525 0.00169866 0.000212091 -6.14197e-05 -3.57686e-05 3.69564e-06 0.00212504 8.06392e-06 -3.04047e-06 6.95113e-07 1.36647e-05 0.000234218 -9.28717e-06 -9.30182e-06 -5.05453e-05 6.05925e-06 -0.0033982 -3.59681e-05 -0.00509635 4.86149e-06 2.1615e-06 -2.12844e-06 3.89653e-06 0.00208855 -0.000276081 0.00154465 0.000323311 -4.3735e-05 0.000108233 -1.15293e-05 6.75195e-06 0.0012111 -0.0064194 1.65409e-05 8.83895e-05 3.90404e-08 0.000117159 7.52154e-08 -4.04183e-05 3.41138e-05 6.23573e-05 3.06454e-05 2.9743e-06 6.66866e-05 -0.000723542 -1.84897e-05 0.000386656 1.3453e-05 4.92312e-05 -0.000545555 -2.10064e-05 7.51966e-05 -0.00139768 -0.000890006 -1.60696e-05 5.16078e-06 -0.000349139 
0.00209017 0.000126314 0.00206504 0.00791692 -1.09089e-05 -6.72029e-05 0.00147592 -2.22986e-05 -0.000869565 -0.000113833 -0.00399353 5.26775e-06 3.64813e-06 0.000238164 -0.0030699 -0.00412979 -0.000104438 1.2117e-05 -0.00736449 -0.0085885 0.00194025 -0.00118616 0.00226588 0.0588493 0.00800314 0.000986341 -0.00349359 0.000209932 0.000738919 -0.000275308 -0.000488492 -0.00744768 -0.00783826 2.08187e-05 0.000639943 -0.000296972 -2.49188e-06 0.000238375 -0.000457445 0.000858646 -8.94465e-05 -3.20968e-05 0.000123692 -0.000573448 -0.00249338 0.00260151 0.000283023 -7.96091e-05 6.14688e-06 0.00461765 4.77095e-06 -0.000201093 5.01776e-05 6.42617e-05 -0.000220442 0.000109882 -9.14279e-06 -0.000245013 -2.1668e-05 -0.000678624 -0.00016902 -0.0278166 6.34094e-05 -3.23274e-06 -4.84434e-06 -1.12218e-05 -0.000798762 -0.00330346 -0.000379082 0.000244212 0.00368616 0.000160686 3.65433e-05 3.20416e-05 -0.00651627 -0.00844682 -7.90464e-06 0.000290265 -5.34045e-07 0.00156843 5.60442e-07 -0.000467756 2.94189e-05 -3.57945e-06 0.000300352 -1.25532e-05 1.71745e-05 -0.00401046 -6.66647e-05 0.00741538 4.02115e-06 0.000404915 -0.00698661 -0.000329153 -3.7974e-05 -0.000419056 0.00469777 -9.66186e-05 1.16713e-05 -0.00115629 
0.000839473 9.24549e-05 -0.00247688 0.00461223 -0.000134786 -0.000104123 -0.00184896 -4.81795e-05 0.000797778 -0.000109362 -0.00827357 1.37541e-05 -2.94829e-06 0.00031684 -0.00553119 -0.0135207 -7.07612e-05 8.32008e-05 -0.0136479 -0.00801272 0.00358604 -0.00165771 -8.98833e-05 0.00800314 0.104995 0.00149293 0.013407 -2.61849e-05 -0.000611411 -0.000436132 0.00199723 -0.00376818 -0.00201812 7.89555e-07 -0.00193967 0.00196768 -1.10902e-05 7.15143e-05 -0.00191134 0.00342063 0.00146836 -1.92465e-05 0.000652867 0.000168705 0.0114063 0.000496399 -9.60468e-05 4.28739e-06 1.39198e-05 -0.0121597 -2.98538e-06 -0.000133695 0.000147564 7.63957e-06 0.000966684 -0.000109609 7.83751e-05 -0.000280299 2.20373e-05 -0.0399129 0.000375319 -0.0319018 8.21671e-05 -4.57551e-06 -7.5712e-06 3.93139e-06 0.000764328 0.00958583 -0.0028819 -0.000151666 0.00323516 5.59273e-05 0.000160583 -4.63926e-05 -0.0126295 -0.0308122 0.000138265 9.88783e-05 -2.01894e-07 0.000131527 -1.0081e-06 -0.00057053 5.2125e-05 0.000188052 0.000154609 -1.87107e-05 -0.000163645 -0.00406316 0.000122219 0.0123215 2.20017e-06 0.000502034 0.0118701 -0.000574756 0.000189057 0.00192314 -0.00460147 0.000431075 -5.89276e-05 0.00393525 
4.2823e-05 -0.000707287 -0.00250567 -0.00169108 -0.000595173 -7.98546e-06 -0.00396116 -0.000363617 0.000416853 -0.00114081 -0.00462723 -0.000101668 -4.17646e-05 0.013587 -0.0266796 0.00925626 -0.00160407 -1.63094e-05 0.00574049 0.0131382 -0.00013681 3.66444e-05 -0.0012765 0.000986341 0.00149293 0.0359353 0.0121347 -0.00318949 -0.00467114 -0.00567232 0.0313174 0.0127521 0.00309897 -0.000125636 -0.00357837 -0.000286743 -4.70715e-06 -0.00053053 0.0143394 0.000970044 -0.000132699 -5.77639e-06 -9.03061e-05 -0.00122587 -0.0268451 0.000164651 -0.00218182 0.000306463 3.45652e-06 0.0164109 -1.62737e-05 0.000172723 -0.000116651 -9.47974e-06 0.000310555 -0.000965964 -0.000428075 -0.00296253 -0.000165314 0.0110338 -0.00251529 -0.000958928 -0.000227993 -2.02854e-05 -0.000112965 -2.90495e-05 -0.0223266 0.00249746 -0.0147784 -0.000492111 -0.00189968 -0.000159983 -0.000230597 -0.000193735 -0.00366681 -0.0154179 -0.000459547 -0.000382395 -1.17033e-05 -0.00333875 -8.77061e-06 -0.000677763 5.46718e-06 -0.000918633 -2.44363e-05 -0.000113086 -0.000923035 0.000546738 -0.0011032 -0.0115302 -4.14626e-05 -0.000691419 0.00962428 -0.00565911 -8.87371e-05 -0.00455496 -0.00196685 -9.73823e-05 -0.000142406 -0.00189627 
0.000485452 -0.000499345 -0.00530611 -0.00464119 -0.000307468 5.8542e-05 -0.00663526 4.48331e-05 -0.00163165 -9.66526e-05 0.00075282 -9.27644e-05 -7.97892e-07 0.00660079 -0.00823615 0.00668013 4.85344e-05 1.30181e-05 0.00925476 0.00168734 -8.61108e-05 -0.00245881 -0.00277222 -0.00349359 0.013407 0.0121347 0.111383 -0.00270058 -0.00243618 -0.000517523 0.0150511 0.000108414 0.00407004 -0.000114625 -0.010181 0.000511651 -3.35788e-05 -0.000703174 0.041819 -0.000756335 0.000443404 -0.000296038 4.40371e-05 -0.00188335 -0.00895127 -0.00108153 0.000154587 0.000128382 3.96496e-06 -0.014784 -1.51194e-05 0.000663946 -3.46351e-05 -8.77091e-06 9.81169e-05 -0.000803332 4.11309e-05 -0.000908003 1.55254e-05 -0.0242334 0.000565519 -0.00298685 -9.33542e-05 -3.51278e-05 -1.35272e-08 2.93393e-07 -0.0204221 0.00913763 -0.0191427 -0.000985311 0.00076003 -0.000163693 4.21027e-05 -2.26858e-05 -0.0480576 -0.0366024 -5.99039e-05 -0.000376215 -9.87965e-07 -0.00299973 -3.66524e-06 -0.00190194 3.54331e-05 -0.000210497 0.000110099 2.21334e-05 -0.000604367 -0.0017678 -0.000134144 0.00287724 -6.73368e-06 -0.000160426 0.0233166 -0.0038062 -0.000322075 -0.00997385 -0.00793682 -0.000218834 -0.000247309 0.00337228 
-2.62762e-05 0.000510899 0.000145823 0.000461233 4.09918e-06 -3.51505e-06 0.000173774 -6.00543e-07 -4.96384e-05 9.50985e-05 0.00027554 9.41704e-06 8.13584e-07 -0.00295709 0.00234262 -0.000870047 1.26232e-05 2.04722e-06 -0.000552852 -0.00223086 2.39912e-05 4.3802e-05 0.000759129 0.000209932 -2.61849e-05 -0.00318949 -0.00270058 0.00335023 0.000855498 2.95487e-05 -0.00311941 -0.00100359 -0.000795844 2.41792e-05 0.000163384 7.30012e-06 3.77297e-07 0.000301821 -0.00276632 -9.16162e-05 -2.95636e-06 -1.86722e-06 1.6034e-05 0.000532967 0.0028574 3.91473e-05 9.05906e-05 -4.66173e-05 -1.72161e-07 -0.00210025 1.41555e-05 -3.40264e-06 2.11193e-05 1.16891e-05 -3.54817e-05 7.59517e-05 3.97797e-06 0.000117179 7.88188e-06 -0.00119253 9.04659e-06 -0.000390745 4.6703e-05 4.34894e-06 8.50175e-07 -1.39766e-07 0.00256533 -0.000268765 0.00265257 2.1715e-05 -1.71439e-05 0.00013105 4.35954e-05 8.34582e-06 -0.000243051 0.00126891 1.66245e-05 0.000167871 2.91067e-07 0.00124224 1.44334e-07 -2.6356e-05 1.11325e-06 3.72892e-05 7.51873e-06 -4.23679e-07 7.69027e-05 -0.000136577 0.000120165 0.00219072 -6.8036e-11 7.71287e-05 -0.00088156 0.000781177 3.3084e-05 0.000399676 0.000204159 -4.16901e-06 5.96578e-05 -2.33825e-05 
3.77013e-05 0.000169067 7.19196e-05 0.000414027 0.00031548 5.0639e-05 0.00145911 6.42599e-05 -0.000179074 0.000232326 0.000404362 2.9168e-05 1.81009e-05 -0.00396957 0.00466479 -0.00204854 0.000332687 -7.98764e-07 -0.00111373 -0.00452505 0.000130423 0.000470274 0.00120791 0.000738919 -0.000611411 -0.00467114 -0.00243618 0.000855498 0.00793386 0.00196459 -0.00494692 -0.00391279 -0.00183613 1.59035e-05 0.00146188 -5.19379e-06 2.03067e-05 1.14657e-05 -0.002631 -0.000113987 9.82016e-05 -3.73693e-06 9.5295e-06 0.00087612 0.00333247 -7.57117e-05 0.000105038 -9.3528e-05 -8.90041e-07 -0.00382623 2.13177e-06 5.05029e-05 3.57139e-05 -1.22292e-07 -8.25825e-05 0.000391371 0.00012835 0.000421536 9.22509e-05 -0.0028746 7.18595e-05 -0.000960668 8.38788e-05 4.19899e-08 1.29784e-05 -5.69608e-07 0.003699 -0.000374675 0.00230291 7.49388e-05 0.000180391 7.15522e-05 5.25501e-05 4.04943e-06 -0.000460986 0.00148212 5.18561e-05 6.40618e-05 5.20358e-06 0.000519602 2.68476e-07 3.23936e-05 1.79742e-05 0.000305362 1.40635e-05 4.11851e-05 7.01152e-05 0.000324836 0.000186722 0.00364045 3.54309e-06 4.96552e-05 -0.00171481 0.00148347 9.90253e-06 0.000300261 -0.000286928 -3.21791e-05 0.00011953 -0.00010487 
-2.53946e-05 2.69352e-05 -6.74425e-05 0.000742933 0.000117162 2.04748e-06 0.00049035 9.13611e-05 -0.000129705 0.00041249 0.00121035 1.64893e-05 1.67054e-05 -0.00473875 0.00561633 -0.00167383 0.0010766 3.43118e-08 -0.0010384 -0.00531337 0.00010213 -5.74895e-05 -8.33889e-05 -0.000275308 -0.000436132 -0.00567232 -0.000517523 2.95487e-05 0.00196459 0.00639647 -0.00562935 -0.00576524 -0.000735762 1.02061e-05 0.00041671 -8.92795e-06 2.52701e-06 1.88064e-06 -0.00103033 -0.000164701 7.89964e-05 -1.19369e-07 1.15369e-05 0.000328268 0.00429231 -6.25083e-05 0.00108626 -9.38084e-05 -8.60937e-07 -0.00448129 5.56324e-08 -1.52671e-05 4.6595e-06 -4.23388e-07 -7.84571e-05 0.000301566 0.000202514 0.00113722 0.0001103 -0.00224318 0.00174563 -2.78521e-05 5.06829e-05 4.81216e-07 6.82541e-05 -1.42962e-08 0.00310226 -0.000489191 0.00211716 -2.10524e-05 0.000733914 2.28902e-06 5.36653e-05 4.51139e-05 -0.000820992 0.00270904 0.00017001 4.84943e-06 4.14629e-06 1.18927e-05 1.64169e-06 0.000210542 -1.37297e-08 0.000434718 3.57248e-06 2.21992e-05 0.00039407 -1.50539e-05 0.000209827 0.00204722 1.5116e-06 4.07963e-05 -0.00169359 0.00134888 6.44464e-06 0.000755312 0.000251903 -2.99138e-06 1.11798e-05 0.000553307 
3.47724e-05 -0.000697808 -0.00737607 -0.00185159 -0.000485589 -7.38946e-05 -0.00516305 -0.00036418 0.000698486 -0.00123396 -0.00624239 -0.000136117 -5.25157e-05 0.0139833 -0.0297134 0.00943678 -0.00157156 -1.74733e-05 0.00692983 0.0128607 -0.000306176 3.6698e-05 -0.00269876 -0.000488492 0.00199723 0.0313174 0.0150511 -0.00311941 -0.00494692 -0.00562935 0.0528234 0.013523 0.00387462 -0.000142887 -0.00501527 -0.000326705 -3.84686e-05 -0.000557714 0.0171858 0.00111943 -0.000139574 -6.17136e-05 -9.46165e-05 -0.00171947 -0.0291419 -0.00032031 -0.0025599 0.000381104 5.33268e-06 0.0210684 -1.66032e-05 0.000189123 -0.000111422 -7.99771e-06 0.000453955 -0.000990062 -0.000436457 -0.00299248 -0.000181884 0.0114087 -0.00253625 -0.000664104 -0.000266053 -2.06901e-05 -0.000112255 -4.2386e-05 -0.0247616 0.00268154 -0.01571 -0.000818993 -0.00298131 -0.000167409 -0.000211993 -0.000171756 -0.00856965 -0.0197846 -0.00047914 -0.000416768 -1.16022e-05 -0.00345142 -9.36966e-06 -0.000589301 5.17207e-06 -0.000959252 -5.31545e-05 -0.00011159 -0.000989814 0.000968934 -0.00128262 -0.0121844 -6.36021e-05 -0.000667413 0.0130087 -0.00561754 -6.65728e-05 -0.00636944 -0.00126248 -0.000209214 -0.000310382 -0.00209519 
0.000122534 -0.000415825 0.000532501 -0.00798757 -0.000363222 -6.70748e-06 -0.00151992 -0.000367622 0.000587536 -0.00071609 -0.00544035 -4.89862e-05 -5.68987e-05 0.00748701 -0.0131188 0.00858264 -0.00150099 -2.6768e-05 0.00330884 0.0166648 -0.00125866 -0.000405697 2.4367e-05 -0.00744768 -0.00376818 0.0127521 0.000108414 -0.00100359 -0.00391279 -0.00576524 0.013523 0.0367364 0.00371773 -9.56639e-05 -0.000533905 -0.000103856 -7.85478e-06 -0.000312319 0.000597755 0.000165147 -0.000250157 7.20147e-06 -9.68643e-05 -0.000755662 -0.0130022 -1.0039e-06 -0.00377076 0.000325629 -2.02509e-06 0.0168177 -6.86928e-06 0.000161526 -0.000129626 -9.28294e-06 0.00042554 -0.000985645 -0.000457325 -0.00172155 -0.000167567 0.0106597 -0.00264599 0.00893385 -0.000260307 -4.48772e-06 -0.000120558 -6.90473e-06 -0.0070591 0.00259823 -0.00542437 -0.00062693 -0.00982231 -0.000147483 -0.000369561 -0.000184019 0.00445427 -0.0156833 -0.000429544 -0.000374746 -1.11473e-05 -0.00206095 -9.40808e-06 -0.000565469 1.38092e-06 -0.000857199 -0.000172582 -0.000115583 -0.000772933 0.000871207 -0.000688237 -0.0201051 -5.07594e-05 -0.000743199 0.00807491 -0.00239681 -0.000168953 -0.00438889 -0.00163567 -0.000481569 -3.76963e-05 -0.00227831 
