0.00362801 -0.00254793 0.000647665 -0.000203242 -5.58878e-06 -0.000356457 -1.20368e-07 -4.93514e-06 5.39364e-08 0.00040164 2.80224e-05 4.74826e-07 4.07815e-06 -9.58871e-08 -3.69589e-06 -0.0021603 -8.47442e-05 -0.000285287 -0.00245821 0.000128312 -0.000183112 -1.82914e-05 0.00206915 -0.0013418 2.27002e-05 6.64567e-06 1.49596e-07 0.000124789 -9.24252e-05 -0.000421667 -7.97437e-05 9.97784e-06 -3.76565e-05 5.6405e-07 2.44764e-05 -7.46241e-06 -0.00246794 8.61421e-05 4.22003e-05 -1.80243e-08 -9.8318e-09 -0.000478106 5.10208e-07 2.06006e-06 0.00223197 0.000995849 -2.65616e-05 0.000338021 8.85114e-05 -6.06514e-08 -2.65284e-07 0.000121688 3.26529e-05 -1.72205e-05 5.01005e-06 -3.55876e-07 2.1671e-05 2.62372e-05 -6.07482e-05 0.0018855 0.000663997 8.18707e-05 5.75103e-06 0.00011033 -0.00179812 0.00113919 6.33054e-05 -4.60817e-05 0.00177526 -9.8445e-08 -2.44117e-05 -1.02077e-08 -7.77525e-07 -3.11704e-06 -3.28544e-06 -8.30246e-06 3.31621e-06 -1.99857e-07 -0.00207776 1.27008e-05 1.01413e-06 -1.1847e-05 -8.15346e-05 0.000232982 -0.00044724 -0.000146113 0.00201324 6.04463e-06 -2.9092e-05 2.52917e-05 -0.000112395 -0.000143037 -4.67704e-06 -0.000566425 -0.000150916 1.12643e-06 4.65009e-05 -1.73986e-05 2.7164e-07 -0.000140019 
-0.00254793 0.148758 -0.0049612 0.00697375 -0.00135301 -0.0467547 -5.07649e-06 -0.00178561 -0.000120048 -0.0292986 -0.00105194 -1.24789e-05 -5.61734e-05 -2.73332e-05 -0.00071812 0.0478253 -0.0154594 0.0104462 0.0810772 0.00895569 0.0133135 -0.000896636 -0.0330552 0.0462904 -2.15424e-05 -0.000308937 -1.84989e-05 -0.00304841 0.00427898 0.0312072 -0.00465791 -0.000114852 -0.00846511 -1.25738e-05 -0.000982482 -0.000765398 0.0698084 0.0147197 -0.000415665 -3.47669e-06 -2.59224e-05 0.0111803 -2.93287e-05 -0.00302837 -0.0866481 -0.0958818 -0.0116707 -0.0172384 -0.010535 2.31176e-06 -8.16612e-05 0.000562716 -0.00425432 0.00458892 -0.00148946 -1.84862e-05 3.44584e-05 -0.00120941 0.00190311 -0.038596 -0.0483237 -0.00218755 -0.000660963 -0.00820217 0.0746224 -0.028261 -0.000136022 -0.0303964 -0.0445506 -1.44588e-05 0.00011916 -1.48031e-06 -0.00032677 -7.42857e-05 -0.00106444 -0.000278445 0.000112363 -8.09626e-05 0.0912008 -0.00340035 -1.10304e-05 -1.74355e-05 0.00371812 0.00242342 0.00417449 -0.0122134 -0.0527912 -0.000431981 -0.00133987 -0.0010108 -0.00263729 -0.0234486 -0.00132433 -0.000927102 0.00165439 -7.85135e-05 -0.00242969 0.00350552 -3.0505e-05 0.0108201 
0.000647665 -0.0049612 0.0174506 0.00104552 0.000258127 -0.00165191 -4.10628e-07 -2.82979e-05 1.64691e-06 0.00283406 9.58247e-05 1.98269e-07 7.18013e-07 5.23139e-07 -1.50857e-05 -0.00100258 -0.000521052 -0.00100066 -0.00305403 0.000562067 -0.00232563 -0.000121185 0.00340614 -0.00327746 -1.68392e-06 -1.99198e-06 1.38101e-07 0.000119143 0.00111819 -0.000777496 -0.00138478 -3.18025e-06 -8.7503e-05 4.54426e-06 -1.55635e-05 -4.55867e-05 -0.0018107 -0.00383943 -2.10294e-05 1.22057e-07 -1.58564e-07 -0.00151867 -4.25109e-07 0.000321368 0.00396252 0.00109629 -1.44178e-05 0.00196455 -0.000152318 2.10739e-07 9.86339e-06 0.000218173 -7.23679e-06 -0.00059586 -7.14108e-06 1.95703e-06 -0.000128326 -4.95912e-05 -8.21831e-05 0.00188059 0.000316833 -8.92744e-07 2.46959e-05 -0.000138038 -0.00661185 0.00286559 4.45452e-05 0.0016651 0.00276483 -2.67659e-07 -0.000282018 6.35285e-08 -1.71153e-05 5.06114e-05 8.95569e-06 -6.43756e-05 -5.29138e-06 -1.6631e-06 -0.00311327 0.00010666 -2.72594e-07 -1.79519e-05 -0.000209978 -0.0035346 -0.00113836 1.86274e-05 0.00144987 1.00056e-05 -6.13861e-05 4.06966e-05 -0.000443821 0.000871164 -2.35815e-05 -0.00306753 -0.000307795 -4.1399e-06 0.000292556 -1.42518e-05 -1.46789e-08 3.16192e-05 
-0.000203242 0.00697375 0.00104552 0.094019 0.000147201 0.0230479 -6.0279e-07 2.19059e-05 -1.89512e-05 -0.00150699 -0.000218361 -6.75289e-08 -1.05377e-05 -1.85373e-06 -4.99735e-05 -0.0367824 -0.00353673 -0.00382743 -0.0161033 -0.00464287 -0.000502545 0.00093836 -0.013491 0.00494311 -4.57859e-05 -2.48539e-05 -2.18926e-06 -0.000267079 0.0051752 -0.0021958 0.0109265 7.47476e-05 -0.00109698 -1.85866e-06 -3.19156e-05 0.00103175 -0.00164529 -0.00351525 -0.000309644 3.69974e-07 -4.40084e-06 -0.0120171 3.42079e-05 -0.000443846 -0.00716045 -0.0128476 -0.00164531 -0.00292167 -0.00195587 -1.32654e-06 7.54351e-05 -0.00235854 -0.000764251 0.0262771 7.43601e-05 -7.42515e-06 -0.000249272 2.26698e-05 0.0112014 -0.00531818 0.00325131 -0.000246236 -4.62168e-05 -0.000587976 -0.0174405 -0.00400663 0.000109381 -0.0043129 0.00335857 3.42702e-05 0.000823809 -2.61173e-07 -0.000158189 6.26203e-05 -0.000142533 -0.000390723 0.000559784 1.13868e-05 -0.0188899 -0.000494962 4.21429e-07 0.000334721 0.00210466 -0.0170762 -0.0113792 0.00500168 0.00171501 -4.78946e-05 -0.000110641 -0.000100338 -0.00105641 -0.00702901 -0.000169433 0.0106299 0.00334703 2.19189e-05 0.00200551 0.000454612 7.88527e-06 0.00154993 
-5.58878e-06 -0.00135301 0.000258127 0.000147201 0.00464567 -0.000500024 -5.42904e-08 2.85957e-05 1.19407e-07 0.0012839 9.92677e-07 1.00406e-06 1.60231e-07 1.02574e-07 5.24783e-05 0.000248833 -0.000149585 -0.00039416 -0.00114486 0.000222304 1.23194e-05 -1.46378e-05 -0.000655802 -0.000582307 7.2604e-06 4.82557e-06 1.77266e-06 6.49962e-05 -0.000109738 -0.000514516 -0.00013428 7.89982e-07 -3.62044e-05 2.74804e-06 3.49505e-05 8.41103e-05 -1.09477e-05 -0.00107542 1.78485e-05 5.02294e-08 1.30882e-06 -2.86032e-05 3.09023e-07 3.97267e-05 -0.000569832 -0.000164449 -7.12532e-05 -2.25819e-05 -5.32267e-05 -7.10775e-08 1.03686e-05 1.10709e-05 2.09202e-05 0.000260406 -2.05436e-06 -1.22988e-07 -1.11482e-05 0.000162703 -3.05908e-05 0.0004807 -5.70648e-05 5.08477e-05 4.55486e-05 0.00078108 -0.00183857 0.000547467 4.59847e-05 -1.40781e-05 0.000514299 -2.0128e-07 -4.83291e-05 -1.30844e-08 -7.98633e-07 5.5108e-05 -7.77233e-06 3.96292e-05 -4.28452e-06 4.55817e-07 -0.00212536 6.47906e-05 -7.16143e-08 3.18824e-05 -2.74619e-05 -0.000360466 -0.000666613 5.44255e-05 0.000207276 -1.22631e-06 0.000443544 1.46385e-06 0.000214545 0.00101593 -5.07462e-06 0.000563545 -0.000203819 4.36937e-07 0.000180114 7.58229e-06 -1.7496e-07 2.18313e-05 
-0.000356457 -0.0467547 -0.00165191 0.0230479 -0.000500024 0.153675 -5.79211e-06 0.000979627 2.51714e-05 0.00572969 -0.00072619 2.05599e-06 6.89205e-05 1.28911e-05 0.000151172 -0.0504402 -0.000969555 -0.012242 -0.0963725 -0.00228675 -0.0227924 0.000238229 -0.00936535 0.00222874 -8.75674e-05 -1.14231e-05 -3.43103e-06 -0.000244358 -0.00126938 -0.00341464 0.00222446 -1.80491e-05 -0.00188975 -3.78869e-06 -9.64548e-05 0.00135425 -0.00681333 -0.0147142 -5.53946e-05 3.97961e-07 1.51018e-05 -0.0203231 1.79539e-05 -0.000775741 0.053626 0.0503351 -0.00205204 0.000325711 -0.00373498 -4.52061e-07 0.000112839 -2.99435e-06 -0.000373424 0.00300444 0.000278497 6.5326e-06 -0.000800353 0.00236822 0.0137471 0.00856558 0.0323736 -0.000461004 -4.31542e-05 0.00650663 -0.0454489 -0.00930856 4.50368e-05 0.00436019 0.00519522 1.11735e-05 -0.00145529 7.17164e-08 -0.000233603 9.43343e-05 -0.000276044 0.000677372 7.53432e-05 6.7507e-05 -0.0975323 0.00135636 2.73033e-06 0.000215516 -0.00296993 -0.0157152 -0.0141896 0.00807893 0.0213354 0.000206929 0.00241472 -0.000222967 0.00216782 0.0478742 -0.000267552 0.0247835 -0.000125969 6.3414e-05 0.00602397 0.000917147 1.98106e-05 0.00239011 
-1.20368e-07 -5.07649e-06 -4.10628e-07 -6.0279e-07 -5.42904e-08 -5.79211e-06 3.30556e-05 7.87587e-09 1.00653e-06 -1.61397e-06 2.41111e-06 -5.61412e-10 -8.30835e-09 -1.44546e-09 -6.03645e-08 -1.19902e-05 4.35194e-06 -5.82082e-07 4.3793e-06 -1.63988e-05 -3.25564e-06 3.0087e-07 4.64173e-06 -6.01049e-06 -3.46772e-08 3.26252e-07 -7.60193e-10 1.14868e-06 1.06026e-06 -1.11966e-05 8.29564e-06 -7.55466e-09 5.02324e-06 2.15614e-07 2.40083e-07 -1.00082e-07 -1.64267e-05 7.47888e-06 2.58947e-07 -1.6363e-10 2.67702e-07 1.32659e-05 2.17919e-08 7.85699e-07 -4.79757e-06 2.41444e-06 2.30618e-06 -9.79882e-07 8.11026e-06 -5.50614e-10 -8.24874e-09 -7.43111e-07 2.33499e-06 6.5128e-06 -2.51939e-08 -3.9873e-09 -2.37749e-07 4.84201e-08 -5.98065e-07 -1.04609e-06 -6.11885e-07 -5.93019e-08 8.56343e-09 -7.08527e-07 -1.52151e-06 -8.56166e-07 -1.91363e-08 7.56333e-06 -1.27753e-06 -2.34625e-09 -5.20224e-07 -9.26689e-11 2.39824e-07 -3.205e-08 -5.53062e-08 -1.46503e-07 3.19224e-07 -6.47459e-09 5.54097e-06 -3.00352e-08 -5.07199e-10 6.00876e-08 -1.94457e-07 -2.54798e-06 4.54436e-06 5.10569e-07 -2.10382e-06 -2.24723e-08 -2.84019e-07 1.61174e-06 -9.52312e-07 -1.8546e-05 6.74679e-08 -4.91153e-06 6.49875e-07 2.75559e-08 -2.77789e-07 -3.21894e-06 -1.28635e-09 -4.32062e-06 
-4.93514e-06 -0.00178561 -2.82979e-05 2.19059e-05 2.85957e-05 0.000979627 7.87587e-09 0.00227746 7.02113e-08 0.000224074 0.000156957 3.51233e-07 1.20961e-06 -4.64802e-08 3.71327e-05 -0.000587311 -7.25194e-05 -0.000179101 -0.00122771 -0.000118357 -0.000208539 -1.54764e-05 -0.000266251 -0.000155466 -1.94457e-06 1.15735e-06 -5.24938e-08 -5.09423e-06 -6.81419e-05 -0.0013971 0.000120763 4.04993e-07 -1.83716e-05 2.39788e-08 1.09169e-05 2.63952e-05 -0.000601722 -0.000715391 -8.5365e-06 1.0487e-06 -1.0204e-07 -0.000267648 2.58023e-06 -1.17165e-06 0.00107384 0.00134887 -2.70586e-05 0.000275995 -4.53518e-05 -3.80217e-08 9.60398e-07 4.83681e-06 -1.42764e-05 0.000405975 2.52241e-05 8.94664e-07 -1.81331e-05 1.8991e-05 -3.9425e-05 7.18988e-05 0.00159926 -2.8008e-06 1.38094e-05 0.000164039 -0.00176965 7.15555e-05 -1.27476e-06 6.9239e-05 0.000700762 2.19132e-06 -9.93807e-06 -6.39908e-09 2.90817e-05 4.32684e-06 2.54426e-06 -1.39369e-06 -3.41765e-06 -2.70425e-07 -0.00128765 4.37597e-05 2.16429e-08 -9.34878e-06 -4.57242e-05 -0.000391102 -1.28555e-05 3.2185e-05 0.00110815 7.28218e-07 3.60975e-05 1.74797e-06 5.7592e-05 0.000112091 -3.79102e-06 0.000377182 0.000112554 -3.05793e-07 4.00944e-05 8.29287e-06 1.35478e-05 -0.000300325 
5.39364e-08 -0.000120048 1.64691e-06 -1.89512e-05 1.19407e-07 2.51714e-05 1.00653e-06 7.02113e-08 0.000205764 -3.36075e-06 3.38678e-05 -3.49528e-09 4.08273e-07 3.211e-06 -6.4561e-07 -3.83739e-05 9.69933e-05 -1.87991e-05 -0.000112873 -0.000116468 -1.86945e-05 -7.01271e-07 0.000115365 -0.000135848 1.14744e-06 1.62108e-06 7.55267e-07 6.35232e-05 -1.41235e-06 -0.000100942 -1.84729e-05 6.96299e-07 0.000114341 8.23446e-07 -6.18531e-08 -1.52021e-07 -9.29182e-05 8.54494e-05 4.56666e-06 -1.01874e-09 1.60569e-06 -2.55287e-06 2.80403e-07 2.35934e-06 1.81873e-05 0.000101665 9.94724e-05 1.74231e-05 5.52013e-05 -3.42805e-09 5.55311e-07 7.55036e-06 6.01706e-05 -5.30028e-05 -3.15567e-07 -2.48244e-08 3.26526e-05 5.45639e-07 1.53299e-05 3.72794e-05 -7.61989e-06 3.04025e-06 1.6817e-06 -3.43798e-06 -0.000117497 4.30557e-05 1.08599e-08 0.000125912 -5.97068e-06 -1.46075e-08 -3.39896e-06 -5.76945e-10 2.53523e-07 -9.95392e-08 6.10234e-06 -8.277e-07 -4.548e-08 1.53023e-07 -0.000113164 2.65568e-06 4.10176e-07 -5.47422e-07 -3.86973e-06 -4.45218e-05 5.80399e-05 6.62112e-05 -1.32431e-05 1.02342e-06 -2.11602e-07 3.72537e-05 -4.93447e-06 -8.07296e-05 3.54989e-05 -0.000111105 2.26181e-06 -5.67224e-08 -3.32815e-07 -0.000133581 -8.00862e-09 -9.05997e-05 
0.00040164 -0.0292986 0.00283406 -0.00150699 0.0012839 0.00572969 -1.61397e-06 0.000224074 -3.36075e-06 0.0531181 7.16866e-05 1.14074e-06 4.5432e-06 8.38546e-06 8.15948e-05 -0.0203032 -0.000430237 -0.00421492 -0.0301607 0.000974942 -0.00595085 -0.000419882 0.000840616 -0.0172346 -2.97856e-05 0.000234175 4.12894e-06 0.00131369 -0.00154525 -0.0111437 -0.000685502 2.57299e-05 -0.000443076 1.96432e-06 0.000847705 -6.19316e-05 -0.0155606 -0.0123326 -2.26496e-05 1.96138e-06 1.25699e-05 -0.00621942 1.02537e-06 9.82183e-06 0.0241142 0.0151486 -0.00072241 0.010269 -0.000942567 -9.30875e-07 5.7238e-05 0.00203626 -0.000236821 -0.00415688 0.00038419 -1.33592e-06 -0.000357387 0.000560874 0.00150767 0.0157995 0.0103269 0.00132169 0.000686271 0.0041672 -0.0236861 0.0144055 0.000228426 0.00246201 0.016966 8.77832e-06 -0.000822451 -4.11225e-08 0.000478882 1.18412e-05 -8.66444e-05 -0.00022803 -6.12161e-05 3.06089e-05 -0.0315791 0.00277116 2.26305e-06 -3.75447e-05 -0.00096238 0.000921046 -0.00784083 -0.000126191 0.016693 0.000135003 -8.61989e-05 -2.28934e-05 -9.29918e-05 0.0160613 -6.75332e-05 0.00701062 -0.00220007 -9.66639e-06 -9.37975e-05 0.00023177 -1.49362e-06 -0.000832051 
2.80224e-05 -0.00105194 9.58247e-05 -0.000218361 9.92677e-07 -0.00072619 2.41111e-06 0.000156957 3.38678e-05 7.16866e-05 0.00518283 -8.84828e-08 -5.09458e-07 5.74885e-06 -1.32536e-05 8.11814e-05 -8.54704e-05 -0.000218584 0.00041274 -0.000896148 -0.000361462 -1.15812e-05 0.00154844 -0.000495809 2.1128e-07 3.09233e-05 4.33352e-06 0.000403616 -0.000141722 -0.00109619 -9.93061e-05 -3.60671e-07 0.000125065 4.43743e-06 5.76754e-05 -1.2233e-05 -0.00324378 0.000995871 0.000103556 -2.57894e-08 9.27443e-06 -0.000209367 -2.42941e-07 0.000102721 0.000199347 0.000998097 9.13078e-05 0.000519354 5.45607e-05 -6.01142e-08 -3.7673e-07 0.000482671 0.000398831 -0.000644661 6.01934e-08 1.94906e-07 7.40207e-08 -1.91239e-05 -9.15728e-05 0.000282252 -0.000324509 4.65986e-05 6.05607e-05 0.000122169 -0.000948168 0.00051653 -2.10269e-06 0.000277413 -0.000324663 5.4688e-07 4.01406e-05 -1.46053e-08 6.40932e-05 2.24954e-05 0.000159073 3.03207e-05 1.56712e-05 5.59557e-07 0.000608521 0.000454917 5.10062e-07 -3.0267e-07 -4.05227e-05 -0.00335531 0.000585206 8.98514e-05 -0.000327872 2.45982e-05 0.000189456 0.000176417 -0.000128789 -0.00151403 -6.81814e-06 -0.000307509 0.00160597 2.05074e-06 -2.20417e-05 -0.00014281 1.30596e-07 -0.000495061 
4.74826e-07 -1.24789e-05 1.98269e-07 -6.75289e-08 1.00406e-06 2.05599e-06 -5.61412e-10 3.51233e-07 -3.49528e-09 1.14074e-06 -8.84828e-08 1.6983e-05 -4.26853e-09 5.48926e-06 2.10057e-07 -1.35935e-05 8.10962e-06 -1.12438e-06 -1.32319e-05 -1.01612e-05 -1.56245e-06 6.0118e-07 4.20173e-06 -1.00305e-05 8.37218e-06 -7.06303e-09 2.10294e-06 8.33758e-06 -5.54489e-07 -1.28486e-05 4.21662e-06 -3.88131e-09 6.49185e-06 -5.40806e-10 -2.05081e-08 1.06777e-07 -9.38206e-06 2.29871e-06 -6.90431e-08 -8.40675e-11 -1.18079e-09 -2.41047e-06 8.25414e-08 1.04059e-07 8.70134e-07 -2.42404e-06 8.64736e-06 -5.44621e-07 1.07721e-08 -2.82886e-10 7.24288e-08 -2.54047e-07 7.3014e-06 1.98203e-06 8.32989e-07 -2.04853e-09 8.66721e-06 3.62491e-07 9.26274e-06 -6.60387e-08 2.61661e-06 -1.44428e-08 5.22282e-08 4.72377e-08 -1.40205e-05 1.15235e-07 4.16835e-07 -4.36673e-07 5.63145e-06 -1.20542e-09 6.0648e-08 -4.76099e-11 -2.74913e-08 -1.64661e-08 5.36825e-06 -8.04055e-08 -3.97871e-08 -3.32641e-09 -1.13309e-05 -3.45753e-08 6.23073e-07 3.47934e-07 -2.42567e-07 3.90341e-07 6.63265e-06 8.93524e-06 4.23412e-06 -4.87877e-09 5.80748e-07 -2.30794e-08 -3.48744e-07 -4.91998e-06 7.71298e-07 -7.10811e-06 -7.59365e-07 -4.68078e-09 5.73948e-07 -8.74355e-06 -6.60878e-10 -9.24316e-06 
4.07815e-06 -5.61734e-05 7.18013e-07 -1.05377e-05 1.60231e-07 6.89205e-05 -8.30835e-09 1.20961e-06 4.08273e-07 4.5432e-06 -5.09458e-07 -4.26853e-09 0.000251273 -1.09901e-08 -6.45103e-07 8.28706e-06 7.63694e-06 -1.99764e-05 -0.000108165 5.67568e-06 -1.38386e-05 1.85295e-06 1.55996e-05 -3.96275e-05 1.48968e-06 8.25474e-07 -5.77991e-09 -8.03073e-07 1.78483e-06 -1.76947e-06 -2.07591e-05 -5.74396e-08 -1.30649e-06 -1.33673e-09 9.59834e-07 -5.4364e-07 -4.93438e-06 -7.88526e-05 -5.8177e-07 -1.24412e-09 -1.74746e-08 -1.07486e-05 -1.17198e-08 6.34841e-08 7.44303e-05 6.26107e-05 -1.57406e-06 -7.01919e-06 -3.4549e-06 -4.18643e-09 -4.27169e-08 8.85384e-06 -6.02466e-07 -5.18549e-05 -5.97059e-07 -3.16229e-10 3.6842e-06 1.66026e-06 8.26122e-07 3.70444e-06 1.05492e-05 -6.65701e-07 2.96586e-08 6.61482e-06 -7.91325e-05 -8.83463e-06 1.7245e-06 -1.30002e-06 1.84418e-05 5.49429e-09 -3.25347e-06 -7.0458e-10 -2.50177e-07 6.29651e-07 -4.20505e-07 6.81341e-06 -5.32144e-07 -1.58943e-08 -0.000127593 4.24306e-06 -3.85634e-09 -3.18258e-08 -4.68761e-06 2.34422e-06 -3.27537e-05 1.54565e-06 2.06108e-05 2.43581e-06 4.29054e-06 -3.24886e-07 4.47244e-06 6.09875e-05 -3.44756e-07 2.17858e-05 -7.7665e-06 1.07396e-07 4.87124e-06 -6.19371e-07 -9.78035e-09 -1.77685e-07 
-9.58871e-08 -2.73332e-05 5.23139e-07 -1.85373e-06 1.02574e-07 1.28911e-05 -1.44546e-09 -4.64802e-08 3.211e-06 8.38546e-06 5.74885e-06 5.48926e-06 -1.09901e-08 4.37248e-05 5.56164e-07 -2.45424e-05 1.34218e-05 -4.16571e-06 -2.93161e-05 -2.56086e-05 -4.87797e-06 7.07756e-07 1.0939e-05 -2.43801e-05 1.24575e-05 1.37515e-06 3.00899e-06 1.87774e-05 -1.26495e-06 -2.31186e-05 1.02372e-06 -9.99315e-09 1.17246e-05 -1.3924e-09 5.87198e-07 1.54386e-07 -2.06396e-05 8.07048e-06 2.63557e-06 -2.16447e-10 8.93626e-07 -5.6177e-06 -2.03897e-09 -1.60773e-07 7.09098e-06 7.28411e-06 1.46728e-05 6.69586e-06 -5.24839e-08 -7.28341e-10 5.02422e-07 4.80971e-06 1.91712e-05 -4.94234e-06 8.94592e-08 -5.27431e-09 1.21904e-05 5.78101e-07 1.63656e-05 4.59924e-06 -1.55585e-06 4.44649e-06 3.06949e-06 2.18976e-06 -2.56045e-05 3.69846e-06 1.2802e-07 4.29756e-06 -2.17942e-06 -3.10357e-09 1.45509e-07 -1.2258e-10 2.70922e-06 -2.57284e-08 7.78018e-06 3.62981e-07 2.24227e-07 2.18102e-07 -2.4849e-05 3.07217e-06 8.85996e-07 -1.26044e-07 -2.0357e-07 -1.46999e-05 1.27155e-05 1.57139e-05 -1.86143e-06 3.86941e-07 4.77638e-07 8.60724e-06 1.77007e-06 -1.31794e-05 2.6361e-06 -1.62371e-05 4.86813e-06 -1.20515e-08 5.49213e-07 -2.3555e-05 -1.70155e-09 -1.92696e-05 
-3.69589e-06 -0.00071812 -1.50857e-05 -4.99735e-05 5.24783e-05 0.000151172 -6.03645e-08 3.71327e-05 -6.4561e-07 8.15948e-05 -1.32536e-05 2.10057e-07 -6.45103e-07 5.56164e-07 0.00312713 -0.000938488 9.79735e-05 -0.000295382 -0.000168646 -0.000196238 -0.000276518 4.01779e-05 -0.000348692 5.02206e-05 -9.04092e-07 -1.16794e-06 6.14527e-07 -7.05507e-06 -0.00010627 -0.000224221 4.33572e-05 7.49753e-07 -3.28065e-05 1.26775e-07 -1.86802e-06 2.2636e-06 3.61231e-05 -0.000258878 -5.13287e-06 -1.5528e-08 -2.08103e-07 -0.000389554 -1.46277e-07 7.90653e-07 0.000559952 -0.000133191 -4.80339e-05 -8.25921e-05 -4.40222e-05 1.07748e-07 -2.94461e-08 -5.59511e-05 -1.06698e-05 -0.00045086 1.02913e-05 -1.18382e-07 4.98988e-06 -6.01387e-06 -4.33645e-05 1.40232e-05 0.000313851 -7.06275e-06 -1.90024e-06 0.000288389 -0.000155088 -7.89892e-05 2.92736e-06 -0.000122664 6.9758e-05 1.40681e-07 4.86022e-05 -8.79398e-09 -4.74788e-06 -1.80478e-06 -4.99172e-06 3.68151e-05 -3.00237e-06 1.37892e-06 -0.0011553 1.14883e-05 2.85202e-07 -1.00592e-05 -6.78192e-05 0.000216178 -0.00042082 -8.92724e-05 0.000214439 -9.52546e-07 7.66746e-06 2.17035e-06 0.000330057 0.000873238 -4.99145e-06 0.000414503 -0.000107438 9.94209e-06 -2.29347e-05 1.5761e-05 4.38126e-06 1.43512e-05 
-0.0021603 0.0478253 -0.00100258 -0.0367824 0.000248833 -0.0504402 -1.19902e-05 -0.000587311 -3.83739e-05 -0.0203032 8.11814e-05 -1.35935e-05 8.28706e-06 -2.45424e-05 -0.000938488 0.142365 -0.0110092 0.00966496 0.0571826 0.0148732 0.0145498 -0.00174068 -0.00521108 0.014258 -0.000397419 -0.000213358 -1.87297e-05 -0.00204185 0.000327196 0.0193709 -0.0240032 -0.000100976 -0.00345592 -1.86554e-05 -0.000609614 -0.000523626 0.0375746 -0.00806517 -0.000998757 -2.87232e-06 -1.86301e-05 0.0100071 -2.74533e-05 -0.00288049 -0.0509906 -0.033774 -0.00339595 -0.00825241 -0.00602292 8.93653e-07 -9.42796e-05 0.00130827 -0.00110206 -0.0136989 -0.0014099 -3.25894e-05 -0.00105973 -0.00111572 -0.0106413 -0.0208061 -0.0302525 -0.00177913 -0.000600236 -0.00403318 0.0348189 -0.011558 -0.000321872 -0.00243736 -0.0269928 -4.64342e-05 -0.00125031 -1.60471e-06 -0.000200009 0.000125143 -7.16413e-05 0.000544955 -0.000310545 -0.00010818 0.065514 -0.000736171 -1.19021e-05 -0.00040017 0.00101821 -0.00319353 5.31503e-06 -0.0105429 -0.037113 -0.000106222 0.00118528 -0.0003232 0.00151672 -0.00758639 -0.00109289 -0.0124654 0.00162563 -0.000132233 -0.000828537 0.000564344 -2.81833e-05 0.00399692 
-8.47442e-05 -0.0154594 -0.000521052 -0.00353673 -0.000149585 -0.000969555 4.35194e-06 -7.25194e-05 9.69933e-05 -0.000430237 -8.54704e-05 8.10962e-06 7.63694e-06 1.34218e-05 9.79735e-05 -0.0110092 0.0346484 -0.00295091 0.00163072 -0.0128008 -0.00416262 1.68089e-05 0.0140073 -0.0131019 0.000102221 -4.23677e-06 8.73016e-06 0.000560915 -0.000955145 -0.0106163 -0.00295007 -7.0603e-06 0.00897427 -3.24453e-07 -4.28891e-05 -9.87604e-05 -0.0103841 0.00997025 -4.72422e-05 5.6543e-07 1.7912e-06 -0.000755503 -5.58869e-08 0.00171805 0.00426323 0.0138594 0.0121678 0.00124157 0.00962805 7.46911e-08 -6.59492e-06 -0.000805797 0.000944591 -0.00749657 0.00018572 -7.05095e-07 0.000734806 -6.01057e-05 -0.000348922 -0.000833796 -0.00264451 8.88115e-05 -1.35413e-05 -0.000434434 -0.0102833 0.000984181 -1.60155e-05 0.0113496 -0.000441066 -2.50091e-06 0.000576075 1.62925e-06 0.000135226 -3.08556e-05 0.00100879 -0.000109497 -7.50675e-05 8.09065e-06 -0.000635622 -0.000100099 8.02856e-06 -1.42396e-05 -0.000736125 0.000150309 0.0136763 0.0148456 -0.00186059 5.80109e-05 -0.00028061 5.13027e-05 -0.000850235 -0.0140568 0.00145595 -0.0121855 4.97487e-05 -4.19212e-06 -0.00028904 -0.00395126 -9.31882e-07 -0.00957639 
-0.000285287 0.0104462 -0.00100066 -0.00382743 -0.00039416 -0.012242 -5.82082e-07 -0.000179101 -1.87991e-05 -0.00421492 -0.000218584 -1.12438e-06 -1.99764e-05 -4.16571e-06 -0.000295382 0.00966496 -0.00295091 0.0949564 0.0153117 -0.00839262 0.0625292 -0.000328519 -0.00826164 0.00433766 0.000274104 -4.11615e-05 -9.65981e-08 -0.000376128 -0.000883716 0.00209045 -0.00533245 -1.55074e-05 -0.000742874 -1.28317e-06 4.95824e-05 -0.00028597 0.0126178 -0.0339113 -0.000119606 -4.92576e-07 4.59985e-06 0.00953588 -3.01417e-06 -0.000333838 -0.0145891 -0.013409 -0.0014231 -0.00234665 -0.000593839 -1.26343e-07 7.39851e-06 0.00230226 -0.000140598 -0.0134692 -6.76135e-05 3.36615e-05 0.00106716 -0.000319028 -0.001612 -0.00604776 -0.0070217 -0.000151527 -6.92373e-05 -0.00126493 0.0095113 0.0006433 -2.55308e-05 -0.00293761 -0.00633917 -2.19753e-06 0.00452861 -1.64505e-07 -0.00013768 9.57445e-05 -9.13245e-05 -0.000225841 0.000299206 -4.9827e-06 -0.00775212 0.000252046 -1.35681e-06 0.000462441 -0.000297502 -0.000538604 0.00415219 -0.00170032 -0.00671331 -6.96259e-05 -0.000536256 0.000329306 -0.00250532 -0.0191374 -0.000149182 -0.046897 -0.00228395 -4.16199e-06 -0.00081255 0.000174639 -3.57432e-06 0.000697542 
-0.00245821 0.0810772 -0.00305403 -0.0161033 -0.00114486 -0.0963725 4.3793e-06 -0.00122771 -0.000112873 -0.0301607 0.00041274 -1.32319e-05 -0.000108165 -2.93161e-05 -0.000168646 0.0571826 0.00163072 0.0153117 0.165386 -0.00906425 0.0192886 0.000530474 -0.00734307 0.0283382 -2.3547e-05 -0.00029818 -1.31444e-05 -0.00299769 0.00251638 0.0154475 -0.00188362 -0.000121176 0.00180775 -1.36244e-05 -0.000738986 -0.00109831 0.0436538 0.0156498 -0.00108204 -2.70822e-06 -3.89543e-05 0.0189592 -2.88323e-05 -0.000411943 -0.0776368 -0.0553773 0.0013123 -0.00894701 0.00338619 2.52982e-06 -0.000153522 -0.0038459 -0.00173451 -0.00050997 -0.00124305 -4.67324e-06 8.56572e-05 -0.00265276 -0.0135119 -0.0484231 -0.0573334 -0.00174841 -0.000642707 -0.00815106 0.0722899 -0.0284975 -0.000297442 -0.0103407 -0.044602 -2.18411e-05 0.00229374 -2.71149e-08 -0.000103718 -0.000269723 0.000208548 -0.000722835 0.00012982 -7.96654e-05 0.114178 -0.00185931 -1.10348e-05 0.000280511 0.00338403 0.00207395 0.0217186 -0.00572578 -0.0541854 -0.000393828 -0.00157849 -0.000128244 0.00268869 -0.0588559 0.000222169 -0.0243667 0.00548651 -6.27159e-05 -0.00610787 -0.000385882 -2.59093e-05 -0.000285712 
0.000128312 0.00895569 0.000562067 -0.00464287 0.000222304 -0.00228675 -1.63988e-05 -0.000118357 -0.000116468 0.000974942 -0.000896148 -1.01612e-05 5.67568e-06 -2.56086e-05 -0.000196238 0.0148732 -0.0128008 -0.00839262 -0.00906425 0.0516993 -0.00866335 9.46206e-05 -0.00829205 0.0110655 -0.000408399 -4.34521e-05 -1.9609e-05 -0.000240135 -0.00343888 0.0103802 -0.00770846 -6.72613e-05 -0.00952283 -1.07751e-05 -0.000177059 -0.000130996 0.00959523 -0.00196733 -5.99182e-06 -6.1595e-07 -1.57309e-05 -0.00654124 -6.23312e-06 -0.00221482 0.00371584 -0.0119236 -0.0100477 -0.000553728 -0.0121093 -1.96571e-06 -1.93628e-06 0.000129482 -0.00174614 -0.00520184 -0.000421725 -2.85666e-05 -0.00120454 0.000125698 0.000590136 0.00306509 0.00202102 1.77554e-05 -6.33882e-05 0.00018939 0.00706603 -0.00193619 1.73132e-05 -0.0120407 0.000994114 -1.72493e-06 -0.00442891 -1.42335e-06 -0.000577542 1.98348e-05 -0.000990599 0.000179051 -0.000476536 -5.99982e-05 -0.00575587 -0.000144942 -8.10754e-06 -1.8424e-05 -0.00249516 0.00161496 -0.0161562 -0.00937584 0.00231181 4.38235e-06 -0.000652597 -0.000707999 -0.000903419 0.0265511 -0.00148965 0.0209256 -0.00218924 -1.87201e-05 0.000379193 0.0041509 -7.53848e-06 0.0091579 
-0.000183112 0.0133135 -0.00232563 -0.000502545 1.23194e-05 -0.0227924 -3.25564e-06 -0.000208539 -1.86945e-05 -0.00595085 -0.000361462 -1.56245e-06 -1.38386e-05 -4.87797e-06 -0.000276518 0.0145498 -0.00416262 0.0625292 0.0192886 -0.00866335 0.121871 0.000185979 -0.0145107 0.000167415 0.000209411 -5.71617e-05 1.2067e-06 -0.00048666 0.00524535 0.00363467 -0.00895096 0.000101383 -0.00121643 5.70041e-07 -1.3739e-05 -0.00014962 0.00989228 -0.0343546 -0.000362635 -2.96473e-07 3.25719e-06 0.0149859 -4.70371e-06 -0.000522233 -0.018741 -0.0162889 -0.00193717 -0.00395959 -0.00014168 3.10615e-07 1.77754e-06 0.00229642 0.00080788 -0.0141118 -0.000277571 3.07795e-05 0.00149682 -0.00040542 -0.00220026 -0.00637744 -0.00628284 -5.49757e-05 -0.00010414 -0.000196005 0.010373 0.00322197 1.61292e-05 -0.00473804 -0.00323721 -4.16212e-06 0.00943631 -3.18209e-07 -0.000152026 0.000144031 -0.000195814 -0.00051967 0.000160534 4.95579e-05 -0.0141695 9.92977e-05 -1.49283e-06 0.000498469 -3.89511e-05 -0.000153141 5.62031e-05 -0.00308747 -0.00632468 -6.32992e-05 5.0246e-05 0.000371601 0.00338 -0.0339618 -0.000225204 -0.0500444 -0.00495306 -2.30233e-05 -0.00112184 0.000218967 -4.76424e-06 0.00149584 
-1.82914e-05 -0.000896636 -0.000121185 0.00093836 -1.46378e-05 0.000238229 3.0087e-07 -1.54764e-05 -7.01271e-07 -0.000419882 -1.15812e-05 6.0118e-07 1.85295e-06 7.07756e-07 4.01779e-05 -0.00174068 1.68089e-05 -0.000328519 0.000530474 9.46206e-05 0.000185979 0.00926407 -0.00118227 0.000252748 3.93374e-07 -3.82442e-07 2.76828e-06 -1.97386e-05 -4.22345e-05 0.000134463 -0.000440022 -1.77383e-06 1.09037e-05 -1.41117e-07 2.21443e-05 -8.91806e-06 4.38133e-05 0.00137513 -1.64379e-06 4.371e-08 -6.36846e-07 0.00056435 1.07272e-07 2.28659e-05 0.000334873 -0.00024441 -6.52197e-05 -3.38798e-05 9.32816e-05 -1.55765e-07 -4.43515e-07 -0.00017245 0.000436002 -0.00207061 3.23183e-06 2.9272e-05 1.50874e-05 -2.91505e-05 -6.56987e-05 -0.000116517 -0.000496334 -2.16845e-05 -6.89022e-06 8.02487e-05 0.00123948 -0.00053505 2.81531e-05 -0.000184486 -0.000551884 -4.60406e-07 -0.000118865 4.51248e-10 2.88251e-06 1.83268e-07 5.96756e-06 -3.34103e-05 -7.84795e-06 -1.09495e-06 -0.00410506 2.07557e-05 -1.43483e-07 0.000236778 -7.49246e-05 -0.00264966 -8.15387e-05 -0.000240041 -0.000303501 -5.35725e-06 0.000320986 -4.58488e-06 1.49425e-05 0.000549324 -1.5154e-05 0.000495084 -2.26731e-05 1.24493e-05 -6.42081e-05 -8.45311e-05 -3.20565e-07 1.27036e-05 
0.00206915 -0.0330552 0.00340614 -0.013491 -0.000655802 -0.00936535 4.64173e-06 -0.000266251 0.000115365 0.000840616 0.00154844 4.20173e-06 1.55996e-05 1.0939e-05 -0.000348692 -0.00521108 0.0140073 -0.00826164 -0.00734307 -0.00829205 -0.0145107 -0.00118227 0.133903 -0.0246279 0.000182895 6.02661e-05 1.1434e-05 0.00203006 -0.00104572 -0.0130669 -0.0131008 -3.2019e-05 0.00855231 1.4905e-05 -0.000182335 -0.000517187 -0.080122 0.046039 0.00055793 6.71614e-07 7.73982e-06 0.0117979 -3.82676e-06 0.00271432 0.0140508 0.0301861 0.0128047 0.0135432 0.0140724 -1.51291e-06 -1.12032e-05 -8.03485e-05 0.00218006 -0.0316652 -5.56378e-05 -4.00448e-06 0.000139441 -0.000275283 -0.00204236 0.00910312 -0.00805271 0.000673807 -6.02339e-05 0.00234555 -0.0241784 0.00652342 9.06341e-07 0.0255052 0.00206158 -8.27779e-06 0.000306596 1.80685e-06 -1.91435e-05 -9.15463e-05 0.00125897 -5.23874e-05 -0.000259771 3.89549e-05 0.0059146 6.81282e-05 1.03463e-05 -0.000514862 -0.00267382 -0.0125723 0.0288807 0.0119989 0.00245653 0.000316877 -0.00105948 0.000889951 -0.00447051 -0.031612 0.00133578 -0.0497934 0.00325424 2.63903e-05 0.000768293 -0.004008 -5.18106e-06 -0.0103627 
-0.0013418 0.0462904 -0.00327746 0.00494311 -0.000582307 0.00222874 -6.01049e-06 -0.000155466 -0.000135848 -0.0172346 -0.000495809 -1.00305e-05 -3.96275e-05 -2.43801e-05 5.02206e-05 0.014258 -0.0131019 0.00433766 0.0283382 0.0110655 0.000167415 0.000252748 -0.0246279 0.0610598 -0.00017921 -0.000319088 -2.07044e-05 -0.00322225 0.000866467 0.0145713 0.00344226 -8.4336e-06 -0.0096367 -1.68764e-05 -0.000690034 6.41631e-05 0.0350542 -0.00845236 -0.000507461 -1.8833e-06 -2.99147e-05 0.00315551 1.06955e-06 -0.0033226 -0.031086 -0.0370006 -0.0109706 -0.00697865 -0.0115768 3.74805e-07 -8.02986e-05 -0.000219587 -0.0041812 0.0161008 -0.000431696 -7.86686e-06 -0.00094797 -0.00012106 4.70025e-05 -0.0237675 -0.00939583 -0.00136308 -0.000584008 -0.00278928 0.0339383 -0.0299469 -0.000170379 -0.0240833 -0.0206748 -2.69327e-06 -0.00228423 -1.38353e-06 -0.000268426 -2.79419e-05 -0.000980512 -7.9115e-05 0.00010151 -5.86047e-05 0.0293901 -0.000717326 -1.16043e-05 -0.000347098 0.00139899 -0.00246747 -0.00282437 -0.0116741 -0.0167837 -0.000228926 0.00030691 -0.00106548 0.00106738 0.00240287 -0.00149897 0.0142755 0.00137887 -6.12842e-06 -0.000289878 0.00417394 5.25444e-07 0.0107062 
2.27002e-05 -2.15424e-05 -1.68392e-06 -4.57859e-05 7.2604e-06 -8.75674e-05 -3.46772e-08 -1.94457e-06 1.14744e-06 -2.97856e-05 2.1128e-07 8.37218e-06 1.48968e-06 1.24575e-05 -9.04092e-07 -0.000397419 0.000102221 0.000274104 -2.3547e-05 -0.000408399 0.000209411 3.93374e-07 0.000182895 -0.00017921 0.00104792 2.07373e-06 9.51921e-06 2.99286e-05 7.71616e-06 -0.000268982 -3.0958e-05 3.03593e-07 3.95192e-05 5.9466e-06 5.10326e-06 1.48666e-06 -7.87826e-05 2.96177e-05 1.57869e-06 1.11474e-07 7.26373e-06 0.000106902 -4.8916e-08 -1.1666e-06 -0.000179036 -2.51072e-05 6.9844e-05 -1.03826e-05 0.000137589 6.91934e-08 3.3349e-06 -1.21638e-05 0.000107685 -0.000211315 1.90113e-05 4.82347e-06 0.000106348 9.39933e-06 5.68876e-05 -6.10429e-05 -7.99813e-05 5.45052e-06 -5.58497e-07 0.00015098 -8.34856e-06 -3.55464e-05 4.93939e-06 1.66363e-05 -5.43888e-05 -7.44562e-08 0.000125729 3.37259e-08 -1.44474e-06 -9.57077e-07 5.49382e-05 -3.0398e-06 -1.21756e-06 1.67879e-05 5.4438e-05 1.20139e-06 6.15057e-06 3.89902e-05 2.25738e-05 4.32125e-05 0.000257105 5.7292e-05 -6.75081e-05 -7.13137e-07 -3.32976e-06 3.05678e-05 -2.14986e-05 -0.000380869 1.00205e-05 -0.000619052 -2.11389e-05 8.36755e-06 4.21979e-05 -7.09295e-05 -4.0821e-08 -0.000132814 
6.64567e-06 -0.000308937 -1.99198e-06 -2.48539e-05 4.82557e-06 -1.14231e-05 3.26252e-07 1.15735e-06 1.62108e-06 0.000234175 3.09233e-05 -7.06303e-09 8.25474e-07 1.37515e-06 -1.16794e-06 -0.000213358 -4.23677e-06 -4.11615e-05 -0.00029818 -4.34521e-05 -5.71617e-05 -3.82442e-07 6.02661e-05 -0.000319088 2.07373e-06 0.000415707 4.26044e-06 7.52832e-05 -4.04407e-06 -0.000184617 -1.70279e-05 4.43162e-06 -2.23253e-06 4.25342e-06 1.98345e-05 -7.71584e-07 -0.000214491 -0.000144565 1.65226e-05 -2.05861e-09 3.85442e-06 -5.8893e-05 -1.93925e-08 6.57543e-06 0.000296624 9.68871e-05 -3.44446e-06 3.21953e-05 -8.3184e-06 -6.92717e-09 3.09622e-06 0.000106249 1.0173e-05 -9.2784e-05 1.34206e-06 3.65032e-08 -3.00151e-06 2.98516e-06 -2.94148e-07 0.000282618 3.56601e-05 0.000120517 0.00013004 -7.44128e-06 -0.000281759 0.000123509 3.6925e-07 5.74916e-06 0.000159543 -2.95178e-08 -5.71893e-06 -1.16585e-09 0.000108653 1.20345e-06 -5.55798e-07 -1.5456e-06 -7.40956e-07 2.45521e-06 -0.000261038 1.29576e-05 1.19362e-06 8.47871e-06 -9.19642e-06 -5.46957e-05 -5.95542e-05 -1.70656e-05 0.000262031 1.21395e-06 -2.3432e-06 1.26248e-05 7.75073e-06 0.000103518 -3.62833e-07 4.15819e-05 -1.6193e-05 2.21871e-06 -1.39482e-06 -1.40783e-05 -1.61833e-08 -7.47657e-05 
1.49596e-07 -1.84989e-05 1.38101e-07 -2.18926e-06 1.77266e-06 -3.43103e-06 -7.60193e-10 -5.24938e-08 7.55267e-07 4.12894e-06 4.33352e-06 2.10294e-06 -5.77991e-09 3.00899e-06 6.14527e-07 -1.87297e-05 8.73016e-06 -9.65981e-08 -1.31444e-05 -1.9609e-05 1.2067e-06 2.76828e-06 1.1434e-05 -2.07044e-05 9.51921e-06 4.26044e-06 2.29961e-05 1.6141e-05 -6.66369e-07 -2.0246e-05 -1.71658e-06 3.41411e-07 4.6221e-06 7.9026e-06 9.55564e-07 -7.6581e-08 -1.41245e-05 1.20394e-05 8.03177e-07 -1.13834e-10 1.11651e-05 -2.08771e-06 -1.07233e-09 4.88599e-06 2.91855e-07 -7.11975e-07 4.05299e-06 6.14696e-07 3.51045e-06 -3.83048e-10 4.24262e-07 -2.40442e-07 1.20795e-05 -6.11766e-06 3.78704e-07 -2.77386e-09 2.54547e-06 5.33101e-07 9.36728e-06 1.04533e-05 -1.96036e-06 1.07629e-05 1.69045e-06 1.71623e-06 -1.48521e-05 8.97783e-06 -1.33126e-08 3.05562e-06 4.10916e-08 -1.63223e-09 1.70722e-06 -6.44673e-11 2.02944e-06 -2.22963e-08 2.58192e-07 7.79178e-09 -5.38747e-08 6.58216e-06 -1.39476e-05 1.27217e-07 6.5298e-07 -8.99424e-08 -1.62537e-07 -9.30447e-06 2.88785e-06 3.06703e-06 -2.85409e-09 -1.56334e-08 -1.57585e-07 1.19387e-05 1.27619e-06 -1.36386e-05 9.61136e-07 -1.54085e-05 -2.76497e-07 4.58366e-06 -1.46584e-07 -1.67494e-05 -8.94877e-10 -1.4092e-05 
0.000124789 -0.00304841 0.000119143 -0.000267079 6.49962e-05 -0.000244358 1.14868e-06 -5.09423e-06 6.35232e-05 0.00131369 0.000403616 8.33758e-06 -8.03073e-07 1.87774e-05 -7.05507e-06 -0.00204185 0.000560915 -0.000376128 -0.00299769 -0.000240135 -0.00048666 -1.97386e-05 0.00203006 -0.00322225 2.99286e-05 7.52832e-05 1.6141e-05 0.0038566 -0.000112252 -0.00130607 -0.00029703 7.0152e-06 0.000110927 1.303e-05 2.34449e-05 -1.12794e-05 -0.0025186 0.00157504 0.000195927 2.44169e-07 2.08108e-05 -0.000515561 -8.05322e-08 0.000150512 0.00233146 0.000772956 0.000382949 0.000923833 -5.54681e-05 2.21789e-08 7.98058e-06 3.65118e-05 0.000447238 -0.000997465 -3.20424e-07 5.63421e-08 6.14793e-05 5.15352e-06 8.90809e-06 0.00301392 0.000164149 0.000722406 8.65886e-05 -5.50395e-05 -0.00269907 0.00280341 4.4821e-06 0.000323132 0.000817206 -1.21459e-07 -5.67454e-05 -1.08534e-08 0.00011939 1.56796e-05 9.05625e-05 -9.0929e-06 -9.06671e-06 8.09836e-06 -0.00257503 7.17441e-05 9.29393e-06 -1.40848e-05 -8.69548e-05 -0.000399717 -0.000317253 0.000634039 0.00147336 3.03947e-05 -2.4641e-05 0.000133999 -6.23746e-05 3.30179e-05 1.45871e-05 -0.000284036 -8.26704e-05 8.19962e-06 -2.49746e-05 -0.000342331 -1.50656e-07 -0.000525363 
-9.24252e-05 0.00427898 0.00111819 0.0051752 -0.000109738 -0.00126938 1.06026e-06 -6.81419e-05 -1.41235e-06 -0.00154525 -0.000141722 -5.54489e-07 1.78483e-06 -1.26495e-06 -0.00010627 0.000327196 -0.000955145 -0.000883716 0.00251638 -0.00343888 0.00524535 -4.22345e-05 -0.00104572 0.000866467 7.71616e-06 -4.04407e-06 -6.66369e-07 -0.000112252 0.0345085 0.00140729 -0.000692734 5.01008e-05 -0.000362593 -6.62985e-07 -4.23404e-05 -1.27317e-05 0.00403172 -0.0083943 -7.57959e-05 -1.60491e-07 3.66835e-06 6.72934e-05 -8.21898e-08 -0.00016197 -0.00172632 -0.00102191 -0.000442664 0.000591274 -0.000567245 8.05357e-08 2.8727e-06 0.000520877 4.27913e-05 0.0010869 -6.75687e-05 2.29431e-05 0.000119796 -5.69693e-05 -0.000420581 -0.00200518 -0.00228797 -8.82919e-05 -1.94364e-05 -0.000628569 0.00034456 -0.000962889 -3.94871e-07 -0.00154043 -0.00205805 1.00665e-05 0.000178151 4.03004e-07 8.55004e-05 7.55539e-05 -2.60515e-05 -0.000110604 -5.55243e-05 -3.46648e-06 -0.00151577 -0.000112551 -5.49128e-07 -0.000100104 0.00145488 -0.0105773 -0.00225683 -0.00101294 -0.00209204 -1.40899e-05 0.00135993 -2.94825e-05 0.001177 -0.00960406 -5.79536e-05 -0.00663219 0.000434374 2.35277e-06 -6.44497e-05 0.000152274 -8.12682e-07 0.000453989 
-0.000421667 0.0312072 -0.000777496 -0.0021958 -0.000514516 -0.00341464 -1.11966e-05 -0.0013971 -0.000100942 -0.0111437 -0.00109619 -1.28486e-05 -1.76947e-06 -2.31186e-05 -0.000224221 0.0193709 -0.0106163 0.00209045 0.0154475 0.0103802 0.00363467 0.000134463 -0.0130669 0.0145713 -0.000268982 -0.000184617 -2.0246e-05 -0.00130607 0.00140729 0.0447827 -0.00546369 -5.57075e-05 -0.00879414 -1.16203e-05 -0.000932353 4.40105e-05 0.0252853 0.000568655 5.04274e-05 -2.70073e-06 -2.21629e-05 -0.00144691 -2.97555e-05 -0.00222271 -0.0114224 -0.0170249 -0.0106365 -0.00915885 -0.00998151 2.32711e-07 -6.47475e-05 -0.000512003 -0.00048306 -0.00434795 -0.00146487 -2.1292e-05 -0.000454793 9.63673e-05 0.000105814 -0.00683985 -0.0181078 -0.000984146 -0.000662611 -0.00148572 0.030832 -0.00935636 -9.28396e-06 -0.012296 -0.01868 -1.90247e-05 0.000576637 -1.38827e-06 -0.000472528 -8.96601e-05 -0.00116308 0.000153243 1.19663e-05 -6.55621e-06 0.011699 -0.00101032 -9.79234e-06 8.4506e-05 0.000236694 0.00460081 -0.0106193 -0.012803 -0.0181157 -3.72951e-05 7.8814e-05 -0.000235329 0.000274973 0.0066623 -0.00146537 0.00950345 -0.0022316 -4.17755e-05 -1.42189e-05 0.00346799 -3.03614e-05 0.0107811 
-7.97437e-05 -0.00465791 -0.00138478 0.0109265 -0.00013428 0.00222446 8.29564e-06 0.000120763 -1.84729e-05 -0.000685502 -9.93061e-05 4.21662e-06 -2.07591e-05 1.02372e-06 4.33572e-05 -0.0240032 -0.00295007 -0.00533245 -0.00188362 -0.00770846 -0.00895096 -0.000440022 -0.0131008 0.00344226 -3.0958e-05 -1.70279e-05 -1.71658e-06 -0.00029703 -0.000692734 -0.00546369 0.0853367 5.08823e-05 -0.000864411 2.15662e-06 0.000181348 -7.18402e-05 -0.031283 -0.0270306 -0.000203447 1.93647e-07 -4.75363e-06 -0.00182309 1.34102e-05 -0.00024553 0.00219458 -0.00784715 -0.0014709 -0.00211854 -0.00104266 -1.29594e-06 -1.41259e-05 -0.00206815 -0.000868417 0.042286 0.000394221 -1.10106e-05 -0.000583461 -0.000238901 -0.0014317 -0.0028133 0.00662651 -0.000128291 -2.40219e-05 -0.00122342 -0.000581167 -0.00400055 -4.64958e-05 -0.0027365 0.0125592 2.36264e-05 -0.000980152 -2.47443e-07 -0.000116504 -5.00403e-05 -0.000154928 -0.000400592 0.000283773 -7.31949e-06 0.00344342 -0.000544765 -1.43554e-06 -0.000150036 -0.00039575 0.00233487 -0.0118674 -0.00301246 0.00701144 -5.18034e-05 -0.000449512 -0.000114193 -0.00250726 -0.00054864 -0.000153549 0.0136868 -0.00341588 -9.07264e-06 -0.000698773 0.000456064 1.67372e-05 0.000687783 
9.97784e-06 -0.000114852 -3.18025e-06 7.47476e-05 7.89982e-07 -1.80491e-05 -7.55466e-09 4.04993e-07 6.96299e-07 2.57299e-05 -3.60671e-07 -3.88131e-09 -5.74396e-08 -9.99315e-09 7.49753e-07 -0.000100976 -7.0603e-06 -1.55074e-05 -0.000121176 -6.72613e-05 0.000101383 -1.77383e-06 -3.2019e-05 -8.4336e-06 3.03593e-07 4.43162e-06 3.41411e-07 7.0152e-06 5.01008e-05 -5.57075e-05 5.08823e-05 0.000228484 -2.87324e-07 -7.27737e-09 1.73403e-06 2.93895e-06 -8.28288e-05 -7.95018e-05 2.60092e-06 1.22021e-08 3.30777e-07 -2.61957e-05 1.15268e-06 1.57991e-06 -1.13033e-05 -9.14724e-06 -9.60245e-07 1.92498e-05 -2.95606e-06 -3.80666e-09 5.66306e-07 7.9096e-06 -1.4806e-06 6.80071e-05 4.25044e-06 -2.42328e-08 7.57703e-06 8.06415e-07 -3.15471e-06 5.0451e-05 0.000148766 7.92072e-06 5.02904e-06 1.94575e-05 -0.000169701 7.13979e-06 2.07702e-07 -5.32095e-06 0.000117478 5.27113e-07 1.6186e-05 -6.40664e-10 9.77006e-06 1.95509e-06 -3.82359e-07 -7.41979e-07 2.54603e-07 1.41905e-07 -0.00013953 6.59793e-06 -3.50651e-09 -8.62795e-07 1.04571e-05 -3.23869e-05 -2.77968e-05 2.19329e-06 0.000122196 -1.05362e-07 2.30431e-05 1.48943e-06 1.46967e-05 -5.72092e-05 -1.12891e-07 4.83787e-06 -9.68573e-06 2.8368e-07 -1.57049e-06 -1.31955e-05 -8.89312e-09 -2.29326e-05 
