0.000122212 -3.14145e-06 2.8854e-06 2.77327e-06 1.47132e-06 6.91037e-06 -2.01059e-08 1.53459e-06 -2.19773e-05 -2.94804e-05 -1.99268e-05 2.19962e-05 7.72185e-06 -2.16636e-05 2.92438e-08 -1.22133e-05 3.91732e-06 -4.1334e-06 -8.27995e-06 8.68627e-06 -2.20273e-05 -1.09833e-05 -3.03119e-05 7.70455e-06 -3.29062e-05 -3.1358e-06 -1.32045e-05 1.13007e-06 1.35651e-07 -1.38475e-06 -2.07282e-05 1.29336e-05 1.03146e-06 -5.64879e-08 1.11943e-05 2.50777e-05 -1.65162e-07 1.80074e-07 3.33514e-05 1.44225e-05 2.06984e-07 -3.29259e-07 1.48625e-06 2.26024e-05 1.58199e-06 1.77339e-06 -2.0036e-08 4.11215e-07 -1.94095e-05 -2.47564e-07 -1.38085e-05 5.95206e-08 -4.69453e-08 -2.11704e-05 1.85693e-07 -9.32177e-07 -3.97241e-06 1.18266e-07 -1.03206e-06 -8.31231e-08 -2.92226e-06 -1.50247e-06 -3.28688e-08 -2.75335e-06 -2.08655e-05 7.86256e-06 3.3911e-07 -1.00942e-06 1.92635e-06 -2.34763e-06 9.79875e-07 4.53543e-06 -8.4675e-08 3.72907e-06 -4.79751e-07 4.97603e-08 4.01457e-06 7.90545e-08 -4.01168e-06 -1.00158e-07 -2.73776e-07 -3.3476e-06 -2.59775e-06 3.93889e-07 -5.35484e-06 -3.17952e-09 2.30226e-05 2.74971e-06 -9.97893e-08 -4.6729e-06 2.13985e-05 -5.5577e-06 -2.81725e-06 -3.61362e-06 -6.6298e-06 -9.7763e-07 2.41217e-06 -2.1461e-06 -4.46457e-08 1.82079e-06 
-3.14145e-06 0.230062 0.000323493 0.000986046 -0.00336327 0.0440888 3.90221e-05 -0.01138 -0.0408738 -0.00146006 -0.0988799 -0.000305084 0.147693 -0.11283 -0.00148263 0.0331646 -0.00239172 0.000514694 -0.0296664 -0.00117913 0.0213749 0.00389834 0.0891485 -0.0131015 0.0106556 -0.0081209 0.0216086 -0.021327 -0.00226386 -0.00507766 -0.0718573 0.00207761 -0.000636449 -0.000156465 0.00493485 -0.00678568 -0.000442552 -0.000518796 -0.00893081 -0.00997054 -1.42797e-05 -0.00102876 -6.57765e-05 -0.00446521 0.00132608 6.56939e-05 1.48954e-05 0.000349035 0.0493792 -0.000938322 0.0998059 -0.000111895 8.0702e-05 0.000266006 -0.000114124 -0.0015327 -0.0492477 -5.59549e-05 -0.00111388 -0.000216223 -0.0208972 -0.00448661 -4.08436e-05 -0.0334449 -0.0639923 -0.00334194 0.000116394 0.00036345 -0.000344949 -0.00794688 -0.000653179 -0.000928946 -0.000181758 -0.0113022 -0.000748758 -2.0879e-05 -0.0560762 -0.000291243 0.0100516 -0.000201419 0.000631621 -0.009622 -0.0077918 -0.000190977 -0.024395 -5.80355e-06 0.0545532 0.00368154 -0.000330012 -0.0230156 0.0285552 -0.016161 -0.0245523 0.0066997 -0.0319692 -0.00310363 -0.000542425 -0.0150343 0.000122145 0.00689108 
2.8854e-06 0.000323493 0.00384078 0.000675172 0.00101987 -0.000225676 3.97243e-06 -0.000129351 -0.000622571 -0.00152474 -0.00100137 7.65452e-05 4.52012e-05 0.000754161 5.49397e-05 -0.000144976 0.000159397 -0.000569223 -0.000195019 0.000399424 -0.00124134 6.40774e-06 -0.00038095 -0.00095925 -8.64691e-06 -0.000123782 -0.00159033 -0.000155664 -1.97787e-05 -3.9531e-05 -0.000295669 -2.18935e-05 7.11464e-05 3.16142e-06 0.0001774 0.000153669 -4.0064e-06 4.30578e-06 -4.53235e-05 0.000514222 -3.806e-07 -1.1674e-05 2.84661e-05 0.000216302 3.42543e-05 7.55842e-05 1.10221e-06 -6.28761e-06 -0.00100629 -8.95483e-06 -0.00124584 1.39297e-05 7.22457e-07 -8.9836e-05 3.15805e-05 -2.61679e-05 -0.0003382 1.7439e-07 -6.02206e-05 -7.68787e-07 -0.000143018 -6.99724e-05 -7.35134e-08 -1.12622e-05 0.000575129 -9.86376e-05 -3.47732e-07 0.00058373 2.55425e-05 -7.55949e-05 -9.25594e-06 1.89064e-05 2.12501e-06 0.000195668 1.27217e-05 -1.56346e-07 -0.000500056 -1.34068e-06 0.000178576 -1.26281e-06 2.92374e-06 -8.36181e-05 -6.50917e-05 2.49451e-05 7.5986e-05 3.66369e-07 0.00128455 -3.13686e-05 4.92064e-05 -3.42657e-05 0.00199449 2.79507e-05 -0.000257735 0.000180257 -0.000461704 8.90241e-05 -4.81558e-06 -6.52642e-05 -8.25018e-07 -1.00378e-06 
2.77327e-06 0.000986046 0.000675172 0.0331821 0.00151365 1.63696e-05 1.87409e-06 -0.00128578 -0.00675189 -0.000848958 -0.00756329 -0.000305932 0.00568101 -0.00285723 0.000744073 -0.00422499 -0.000139307 -0.000469821 -0.00236803 0.00105778 -0.00183972 -6.05485e-05 0.00698872 -0.00696677 0.000963653 -0.000386624 0.00100746 -0.002206 -0.000212728 -0.000624561 -0.00744987 -0.00103645 0.000335062 -9.6177e-06 0.00121882 -0.000288345 1.3432e-05 -4.19522e-06 -0.000522619 -0.00174718 -2.76608e-06 -0.000109718 -0.000125784 -0.00064075 -8.47575e-05 6.77328e-05 3.42481e-05 -3.64777e-05 -0.00284482 -8.56553e-05 -0.00352392 -5.03374e-06 -1.38567e-05 -0.00164656 9.4596e-06 -0.000218462 -0.00454194 -5.92374e-06 -0.000204477 -1.25259e-05 0.00167948 -0.000586312 -5.07408e-06 -0.000960911 0.000118827 -0.00118272 -6.06948e-06 0.000728355 -5.09875e-06 -0.000112429 -7.66879e-05 -2.00878e-05 -3.30793e-05 -0.000541767 -0.000117214 -2.86881e-06 -0.00504743 -2.48508e-05 -0.00023468 3.38491e-06 -0.000241912 -0.000948231 -0.000755215 2.23801e-05 -0.00211838 4.6944e-07 0.0102895 -0.000377261 -2.52005e-05 0.0009968 0.0104172 -0.00173606 -0.00175324 0.00907936 -0.00498183 2.14286e-06 -3.45927e-05 -0.000561202 -2.21839e-06 -0.00107079 
1.47132e-06 -0.00336327 0.00101987 0.00151365 0.0104589 -0.00111654 2.11449e-06 -0.00040241 0.000125968 0.000662884 -0.0022641 -0.000101399 -0.00347952 0.00421873 -1.6625e-05 0.000209488 0.000145195 -0.000640788 0.000367236 0.000456523 -0.00631774 0.000110328 -0.000852114 -0.000341238 0.000182719 -0.000300319 -0.000601562 -0.000534576 -6.50972e-05 -0.000213803 -0.00245594 -0.000370132 0.000154708 -7.95307e-07 0.000222539 0.000138038 5.79182e-05 -1.58079e-05 -0.000104389 -0.000577452 -9.95706e-07 -3.10897e-05 -4.90601e-05 -0.000270645 -3.81063e-05 8.69364e-05 -7.00864e-07 -1.96105e-05 -0.00367996 -2.64941e-05 -0.00337698 4.64584e-06 -7.12778e-06 0.00201535 4.67498e-05 -7.71176e-05 -0.00130194 3.80323e-07 -7.74063e-05 -4.86883e-06 0.000410226 -0.000132526 -3.05964e-07 0.00416129 0.00507878 -0.000375106 9.89745e-06 9.93532e-05 -8.4413e-06 0.00105711 -2.56477e-05 0.000114714 -5.38726e-06 0.000866811 -3.72904e-05 -7.08909e-07 -0.00167064 -1.06014e-05 0.00135476 -6.9354e-06 2.84855e-05 -0.000267423 -0.000240632 6.63112e-06 0.000763721 -1.18312e-07 0.000106154 -0.000122182 7.78884e-05 0.000637371 0.00185508 -0.000491176 -0.000698033 0.000916577 -0.0020867 2.14417e-05 -1.59282e-05 -9.49251e-05 -3.84448e-06 -0.000376413 
6.91037e-06 0.0440888 -0.000225676 1.63696e-05 -0.00111654 0.102846 1.08271e-05 -0.0045666 -0.0228906 0.00276193 -0.0329312 -0.00122511 0.0442268 -0.0364899 0.000107315 0.000423736 -0.000726804 -0.000256401 -0.0108948 -0.00048595 0.00707255 0.00053219 0.0417052 0.00964576 0.00320304 0.00104714 0.0109631 -0.00818397 -0.000718574 -0.00237281 -0.0538006 -0.00084921 0.000229766 -4.6575e-05 -0.016473 -0.00221201 -0.00016298 -0.000115935 -0.00300219 -0.00832802 -3.67506e-06 -0.000162635 -0.000392318 -0.00365424 8.8991e-05 5.37452e-05 6.27585e-06 9.06883e-05 0.0204594 -0.00030145 0.0267194 -2.24507e-05 0.000102545 -0.00105936 -4.49135e-05 -0.000486718 -0.0162567 -1.76936e-05 -0.000494061 -6.53656e-05 -0.0012788 -0.000841115 -1.036e-05 -0.0117648 -0.0265333 -0.00316327 -3.48485e-05 -0.00154663 -0.000151829 -0.00353338 -0.000130378 -0.000308226 -8.79003e-05 -0.0036917 -0.000312146 -6.891e-06 -0.0191579 -0.000104179 0.00131902 -2.61173e-05 -0.000547481 -0.00322969 -0.00242148 -6.83321e-05 -0.00821732 -2.9611e-06 0.00197918 0.00596895 -9.44342e-05 -0.00379296 0.0305078 -0.00586819 0.000726464 -0.00400617 -0.0220383 -0.00109484 -5.82351e-05 -0.0049444 2.09119e-05 0.0031755 
-2.01059e-08 3.90221e-05 3.97243e-06 1.87409e-06 2.11449e-06 1.08271e-05 0.00016447 -6.2607e-06 1.91889e-06 -1.65464e-05 -3.47305e-05 -1.46594e-06 3.46368e-05 -3.49624e-05 -4.94559e-07 -4.0004e-05 1.14009e-05 -2.05847e-05 -1.36648e-05 1.54755e-05 -3.14654e-05 -1.63311e-05 1.16604e-05 -5.97201e-06 -2.21413e-05 -3.24761e-08 -9.10122e-07 -1.01212e-05 -1.04663e-06 -3.14018e-06 -6.4472e-05 3.25089e-05 7.2746e-07 -7.60232e-08 4.46838e-05 2.37975e-05 4.47344e-07 4.39467e-06 1.57506e-05 -1.09231e-05 1.19149e-07 2.02257e-06 -8.17038e-07 1.37268e-05 1.66602e-06 1.47798e-07 7.27106e-09 -1.55198e-07 -5.53073e-06 -4.45333e-07 1.30538e-05 -5.44786e-08 2.90806e-07 2.13889e-05 5.25503e-08 -9.67707e-07 -1.90144e-05 9.40825e-08 -2.61026e-06 -1.1187e-07 -1.68217e-06 -1.41817e-06 -4.42359e-08 2.3373e-05 -2.11614e-06 -2.81799e-06 6.57472e-08 -2.09272e-06 4.2527e-07 -3.47547e-06 -1.78405e-07 1.6296e-05 -1.8125e-07 2.508e-05 -5.7822e-07 -1.3781e-08 -2.72231e-05 -1.32897e-07 -4.5368e-06 7.85376e-08 -4.21692e-07 -4.43656e-06 -4.71314e-07 -1.20378e-07 1.53822e-05 -4.27911e-09 -3.90551e-05 2.59767e-06 3.03327e-06 2.00108e-06 -2.72318e-05 -6.87368e-06 -1.00555e-05 -3.30422e-05 -2.21376e-05 -4.29129e-07 6.99251e-08 -2.81817e-06 -3.00857e-08 -1.96364e-06 
1.53459e-06 -0.01138 -0.000129351 -0.00128578 -0.00040241 -0.0045666 -6.2607e-06 0.041821 -0.0088491 -0.00151768 0.0235787 5.61595e-05 -0.0108087 0.0133095 -0.000150931 -0.00456297 0.000253508 0.000184045 0.00298091 -9.61724e-06 0.00212426 -0.00135556 -0.00427834 -0.0102656 -0.0049127 -0.00128217 -0.0129319 -0.00163028 0.00207563 -0.000625968 0.00413857 -0.00149087 -9.17896e-05 3.19049e-05 -0.00631544 -0.000438633 -2.18304e-05 -2.40773e-05 -0.0012313 0.00625435 3.59332e-07 -0.000144449 0.00079349 0.000149109 -8.94841e-05 7.64215e-05 1.42609e-05 -8.59679e-05 -0.0206426 0.000332983 -0.0096109 -1.16138e-05 7.18597e-05 -0.00714316 4.29805e-05 0.000279695 0.0221398 -3.72004e-06 -0.000456128 -2.25787e-05 -0.00188077 0.000170074 -3.98069e-06 -0.00331398 -0.00924796 0.00115056 -1.73055e-05 0.00339153 1.49793e-05 0.00149049 -7.47597e-05 -0.000103041 0.000218192 -0.00134238 -2.79752e-07 -7.43854e-07 0.0176917 9.31401e-05 -0.00165974 -7.52386e-06 9.45672e-06 -0.000496161 0.004205 8.41939e-06 -0.00317141 8.11568e-06 -0.00817225 -0.000434235 -3.88721e-05 0.000365269 -0.00833032 -0.00159773 0.00297448 -0.0105484 0.0239843 0.00133927 0.000406944 -0.000281179 -5.89123e-06 0.0012725 
-2.19773e-05 -0.0408738 -0.000622571 -0.00675189 0.000125968 -0.0228906 1.91889e-06 -0.0088491 0.20452 -0.00216343 -0.0615989 -0.00231719 -0.0427006 -0.0355696 -0.00128227 0.0231759 0.000683989 -0.000485756 0.00436498 -0.000876301 -0.0336544 3.14889e-05 -0.0723366 0.0201081 -0.00792658 0.000494202 0.0151633 -0.00729909 -0.00115395 -0.00143897 -0.00513536 0.0084777 -0.000764956 -9.83655e-05 0.0162153 0.00951397 0.000533092 -0.000459978 0.0077583 -0.0174552 -1.65159e-05 0.00182479 -0.00113152 0.00239417 -0.000636795 -0.000151908 -7.74532e-05 -5.32138e-05 0.0443324 2.93684e-05 0.0451805 0.000141213 -0.000168758 0.0695454 -6.19436e-05 -9.96235e-05 -0.0348112 5.62352e-05 0.00565642 4.19124e-05 -0.0155104 -0.00233794 1.26375e-05 0.0360494 0.104585 -0.00706561 -0.000104075 -0.00281146 0.000292725 -0.00821078 -5.47138e-06 0.00185882 -0.00029066 0.018799 1.73973e-05 -1.89655e-05 -0.0311907 -0.000133314 0.00525463 8.45095e-05 -0.00143438 0.00921893 -0.00575867 0.000154019 0.0480543 -5.2324e-06 -0.0715442 -0.00284552 0.000518855 -0.0164808 -0.059371 0.0349758 -0.01876 -0.0392506 -0.0287454 -0.00185208 -0.000497607 -0.00860892 -8.51842e-05 -0.00539203 
-2.94804e-05 -0.00146006 -0.00152474 -0.000848958 0.000662884 0.00276193 -1.65464e-05 -0.00151768 -0.00216343 0.103764 0.00894614 -0.00892836 -0.0197329 0.00250272 -8.19493e-05 -0.00142498 -0.00232677 0.00132274 -0.00166761 -0.0037692 0.00603451 0.004949 0.0309839 0.0345927 0.0102069 -0.0017239 0.0162248 -0.000125134 -0.00216633 -0.00489277 -0.0233434 -0.0118318 -0.000289597 -0.000246937 -0.0291342 -0.0100741 5.65025e-05 2.3667e-05 -0.00769423 -0.0363778 -1.85439e-05 3.76658e-05 -0.00245979 -0.0218513 -0.00254813 -0.000125053 2.6651e-05 0.000153431 0.0260826 -0.00189725 0.0272064 -0.000227655 -9.18382e-05 -0.0013405 -8.49856e-05 0.000354117 -0.00779552 -5.64397e-05 0.00198707 -0.000456732 0.00674305 0.00184668 -2.61441e-05 -0.00925984 -0.000949774 -0.0103534 -0.000154228 -0.0077879 -0.00108994 -0.00958388 -2.64971e-05 -0.000412146 -6.94712e-05 -0.00932439 -0.000390617 -2.14952e-05 0.00865113 -0.000290549 0.0021266 -0.00039204 0.000700291 -0.00269207 -0.00312162 -0.000283323 -0.0186549 -1.50044e-05 -0.0154589 0.000487949 -0.000154373 0.00628354 -0.00719668 -0.0104827 0.00728887 0.00407979 -0.00231707 -0.00116916 -6.6564e-05 0.00406131 -0.000168417 0.00310988 
-1.99268e-05 -0.0988799 -0.00100137 -0.00756329 -0.0022641 -0.0329312 -3.47305e-05 0.0235787 -0.0615989 0.00894614 0.215 -0.00167702 -0.0938669 0.127858 0.00120667 -0.0541899 0.00202987 0.00164657 0.0310798 -0.00105641 0.0176081 -0.00476854 -0.0556605 -0.00154627 -0.00314667 0.00626233 -0.0392611 0.0387201 0.00394952 0.00839972 0.0676337 -0.0100669 -0.000218321 0.000260773 -0.0398588 -0.00462748 0.000282631 0.000857331 -0.00738002 0.0187689 2.46398e-05 -0.000972678 0.00148771 -0.00337069 -0.00110479 -8.01683e-05 -2.74045e-06 -6.31173e-05 -0.0887457 0.00173397 -0.0817974 -9.91129e-05 0.000139672 -0.030349 8.14366e-05 0.00062262 0.0951739 -9.66291e-06 -0.00220345 0.00023971 0.0295708 0.00702123 2.16481e-05 -0.00560198 -0.0481146 0.00736932 -6.31701e-05 0.000463894 -0.00036337 0.00857501 0.000667531 -0.000816298 0.000369457 -0.007409 0.000741972 4.18015e-05 0.102236 0.000365795 -0.0148478 9.58489e-05 0.00099073 0.00182778 0.0150713 -4.1554e-05 -0.0182665 5.81665e-06 -0.0638837 -0.00165176 -0.00021791 0.034919 -0.0553958 -0.0163246 0.0299574 -0.0574006 0.0864696 0.00540179 0.000902181 0.0234562 -2.45392e-05 -0.00929483 
2.19962e-05 -0.000305084 7.65452e-05 -0.000305932 -0.000101399 -0.00122511 -1.46594e-06 5.61595e-05 -0.00231719 -0.00892836 -0.00167702 0.0106598 0.00494115 -0.00249282 -4.688e-05 0.00113457 5.20984e-05 5.77695e-05 0.000210138 0.000161385 -0.00096154 -0.00105788 -0.00599399 -0.00406755 -0.00180529 -0.000396354 -0.00271156 -0.000138702 4.52801e-05 0.00101062 0.00383144 0.000798201 -2.31438e-05 -2.23017e-06 0.00704898 0.002637 1.35271e-05 2.42912e-05 0.00136133 0.0086722 -3.30899e-07 -2.02793e-05 0.000303777 0.00799887 0.0010468 -2.17029e-06 -3.23584e-06 1.10134e-06 -0.00493645 -2.44664e-05 -0.00349785 3.15579e-05 2.90847e-06 -0.0025638 1.59232e-05 -5.56708e-05 -0.000425669 3.47382e-06 -0.000191801 -4.84176e-06 -0.000652977 -0.000242488 -2.18116e-06 -0.000550972 -0.00251077 0.00284283 2.3864e-05 0.000513817 0.000391695 0.0002898 -2.46407e-05 8.39185e-05 9.8899e-06 -0.00020756 8.63091e-05 -7.36106e-07 -0.00173328 3.0912e-05 -0.000411341 -6.96027e-06 -3.61654e-05 -0.000294166 -0.000199399 6.11109e-05 -0.00067409 1.71635e-06 0.00596049 -0.000123797 -1.02238e-05 -0.000713729 -0.00268122 -0.000538308 -0.000731506 -0.00274664 -0.00017271 -9.5428e-05 -1.57543e-05 -0.000384853 -2.45946e-06 -0.000464838 
7.72185e-06 0.147693 4.52012e-05 0.00568101 -0.00347952 0.0442268 3.46368e-05 -0.0108087 -0.0427006 -0.0197329 -0.0938669 0.00494115 0.244233 -0.137859 -0.00170586 0.0327645 -0.00291358 0.000361967 -0.0229276 -0.000217398 0.0239855 0.00349019 0.0689901 -0.0247799 0.0105808 -0.0106528 0.0186981 -0.0203018 -0.00221669 -0.00271459 -0.0581303 -0.000413578 0.000214007 -1.35156e-05 0.0064716 -0.0058187 -0.00050168 -0.00064511 -0.00427649 0.00496924 -5.03293e-06 -0.000851924 -0.000385237 0.00485201 0.00169143 5.44431e-05 -9.09825e-06 0.000593441 0.05552 -0.000791858 0.0943939 -6.45851e-05 4.7585e-05 -0.0185922 -0.000152184 -0.00120019 -0.0359596 -6.28797e-05 -0.0018763 -0.000221059 -0.0248804 -0.00677299 -3.57136e-05 -0.0409487 -0.082246 -0.000431488 0.000120426 0.00309764 -4.52738e-05 0.00427787 -0.000382041 -0.00101351 -0.000147009 -0.0117958 -0.000348674 -3.2073e-05 -0.0612048 -0.000226587 0.00736143 -0.000190527 -0.000716595 -0.00879469 -0.00724382 -0.000111975 -0.0277414 1.51878e-06 0.0758537 0.00071123 -0.000362062 -0.0283057 0.0313959 -0.017593 -0.0193503 0.0189744 -0.0329418 -0.00371416 -0.00070169 -0.0179953 0.000108547 0.00667973 
-2.16636e-05 -0.11283 0.000754161 -0.00285723 0.00421873 -0.0364899 -3.49624e-05 0.0133095 -0.0355696 0.00250272 0.127858 -0.00249282 -0.137859 0.242545 0.0024831 -0.0566003 0.00165349 0.00136363 0.0300832 0.000812793 -0.00447309 -0.000671938 -0.0630755 -0.00144647 0.00135743 0.0164822 -0.0353014 0.0286899 0.00179221 0.00412938 0.0647979 -0.0131331 0.000168089 0.000129814 -0.0159877 -0.0064448 0.000297689 0.000817153 -0.00946782 0.0232885 4.21796e-06 0.000441881 0.000847753 -0.00461614 -0.00137078 -7.96767e-05 9.71436e-07 -0.000550477 -0.0903902 0.00142891 -0.114952 -6.55507e-05 2.16295e-05 0.00260963 0.000192336 -0.00161792 0.0635842 -3.8667e-05 -0.00504495 -0.000117553 0.0323083 0.00748753 -1.97534e-05 0.0255458 0.00499354 -0.000303439 -0.000119775 0.000540494 -0.000525225 0.00455395 0.000225417 -0.000272671 0.000334063 -0.00704335 -0.000403759 4.40216e-05 0.0711713 9.13322e-05 -0.00569648 0.000303329 0.000809853 0.00158342 0.0132116 -0.0001185 0.00900175 6.93932e-06 -0.0696503 -0.0023815 0.000198074 0.0369365 -0.0342427 -0.0145905 0.022155 -0.0466062 0.0553164 0.0035179 0.00014689 0.0230834 -0.000123198 -0.0165353 
2.92438e-08 -0.00148263 5.49397e-05 0.000744073 -1.6625e-05 0.000107315 -4.94559e-07 -0.000150931 -0.00128227 -8.19493e-05 0.00120667 -4.688e-05 -0.00170586 0.0024831 0.00448572 -0.00292416 0.000101288 -5.46711e-05 -8.23502e-05 1.45652e-05 0.000231318 -5.57072e-05 -0.000304324 -0.000328217 7.22529e-05 3.18672e-05 -0.000817191 0.000239497 5.13189e-07 -6.20188e-05 -0.000303405 -0.000162136 5.74452e-05 4.73084e-06 -0.000673217 -8.43275e-05 5.18846e-06 5.73538e-05 -0.000125048 -0.000128449 1.12681e-06 8.74381e-06 -1.43343e-05 -0.0001341 -1.09275e-05 2.35124e-06 6.02025e-06 -8.32771e-06 -0.00232512 4.82944e-05 -0.00141892 1.28435e-06 -1.32245e-06 -0.000259976 -1.48966e-06 -1.51072e-05 -0.000228242 6.33207e-06 -6.52646e-05 -2.67109e-06 0.00233798 -3.94659e-05 -1.12174e-06 -0.000353484 -0.000926718 -0.000155425 -4.63873e-07 -2.76836e-05 -5.01598e-06 -5.82269e-05 6.93222e-08 -1.13202e-05 1.89051e-05 -0.000111392 -7.97297e-06 1.25834e-07 0.00163854 -4.5412e-07 -0.000181897 2.41342e-05 1.61778e-06 6.16136e-05 0.000485409 -6.14145e-07 -0.000303298 -1.17217e-07 -0.00129582 -1.12098e-05 1.33672e-06 0.00223923 0.000261945 -0.000234008 0.000256676 0.000569904 5.47007e-06 8.06331e-05 2.64356e-05 0.00128888 -1.64592e-06 -0.000184913 
-1.22133e-05 0.0331646 -0.000144976 -0.00422499 0.000209488 0.000423736 -4.0004e-05 -0.00456297 0.0231759 -0.00142498 -0.0541899 0.00113457 0.0327645 -0.0566003 -0.00292416 0.115555 -0.000211467 0.00104439 0.00189781 -0.000102743 -0.00730037 0.00156472 -0.0160137 0.0154145 -0.000423366 -0.00959615 -0.0043873 -0.000954787 -0.000378639 -0.000235745 -0.00379655 0.00119142 -0.000675256 -0.000208996 0.0155828 0.00160942 -0.000108059 -0.00103689 0.00201221 0.0016025 7.62294e-07 -0.000231202 0.000150539 0.000773362 0.000357071 -0.000311138 -3.34493e-05 0.000161865 0.0235988 -0.00205858 0.0320029 1.2154e-05 -0.000271821 -0.00491492 -2.59741e-05 -0.000299757 -0.0180215 -6.52743e-05 0.00112725 4.09215e-06 -0.0297182 -0.00760482 4.87184e-06 0.00528197 0.0202931 -0.00208914 2.10743e-05 0.00136355 0.000107767 -4.45483e-05 -0.000491986 -4.25496e-05 -7.4402e-05 0.00331092 -0.000925707 -5.00632e-05 -0.0345131 -0.000170917 0.00686384 -0.000501475 -0.000558346 -0.00143638 -0.0171626 7.40914e-05 0.00266027 -9.19826e-06 0.0283741 -0.00058375 -0.00050111 -0.037055 0.00717664 0.00514825 -0.0240583 0.00141407 -0.0311349 -0.00423684 -0.000442878 -0.00388278 1.73655e-05 0.00442932 
3.91732e-06 -0.00239172 0.000159397 -0.000139307 0.000145195 -0.000726804 1.14009e-05 0.000253508 0.000683989 -0.00232677 0.00202987 5.20984e-05 -0.00291358 0.00165349 0.000101288 -0.000211467 0.00789467 -0.000248906 0.00198656 0.00108214 -0.00100841 -0.00249226 -0.00339047 -0.00122546 -0.00215601 -0.000212395 -0.000859786 0.0016563 0.0015153 0.000569333 0.000375699 0.000298954 -1.19809e-05 6.10549e-06 -0.000110334 0.000682477 5.72133e-05 2.0037e-05 0.00034526 0.000460835 1.52526e-07 -2.52223e-05 0.000134527 0.000613262 -6.81886e-06 2.34235e-05 -1.11299e-06 -6.69128e-06 -0.0027494 9.29082e-07 -0.00206453 2.17511e-05 3.71495e-05 -0.000809155 1.73182e-05 -5.40738e-05 0.00131699 1.84491e-06 1.43973e-05 0.000295395 -0.000429307 -8.96064e-05 4.929e-05 0.000520581 -0.00050473 -5.59477e-05 7.62151e-06 0.00013044 0.000219291 0.00106318 3.90389e-05 0.000645144 5.6915e-06 0.000345179 -2.8921e-06 -5.00028e-07 0.00190974 0.000112088 -0.000174469 3.12522e-05 -5.71648e-05 0.00114274 -3.86346e-05 1.13064e-05 -6.19709e-05 6.96525e-08 -0.00167271 -0.00010047 -4.35613e-07 -0.000157015 -0.00107948 -0.000383404 7.64054e-05 -0.00186999 0.000698886 0.0011946 6.19521e-05 -0.000157143 -7.1682e-07 0.000192538 
-4.1334e-06 0.000514694 -0.000569223 -0.000469821 -0.000640788 -0.000256401 -2.05847e-05 0.000184045 -0.000485756 0.00132274 0.00164657 5.77695e-05 0.000361967 0.00136363 -5.46711e-05 0.00104439 -0.000248906 0.00639417 0.000330674 -0.000399914 0.00196701 0.000229075 -0.000387974 0.0014822 0.0017121 -0.000412072 0.000133388 0.000353714 -9.96461e-05 0.00010069 0.00189133 -0.00151292 -7.74416e-05 -1.93258e-05 -0.000431658 -0.00128969 -1.41486e-08 -3.91997e-05 -0.00135975 0.00037106 4.95347e-07 -6.05047e-05 -4.69511e-06 -0.00094792 1.94824e-06 -0.000249962 -4.94417e-06 2.79549e-06 0.000866257 7.7027e-06 -0.000834277 -4.69486e-05 2.33908e-06 -0.0003557 -3.43249e-05 3.54751e-05 0.000708659 -3.0189e-05 3.86379e-05 -3.48367e-05 0.00028623 -3.98852e-05 -2.2046e-05 -0.00106376 -0.00221738 0.000182008 -9.27297e-06 -0.000209163 -0.000130538 -0.000140298 -4.3162e-05 -7.24445e-05 -2.4289e-05 -0.00133995 -4.24223e-05 5.05819e-07 0.000910357 -3.3982e-05 -0.000753015 -2.58197e-05 4.5476e-06 7.12096e-05 5.33734e-05 -1.22238e-05 -0.00127764 -1.89926e-06 -0.00122111 -7.16785e-05 -0.000316632 0.000228134 -0.00220407 -0.000698137 -6.03789e-05 -0.00265469 0.00116324 -0.000156159 -0.000157064 0.000203931 -2.57927e-06 0.000156806 
-8.27995e-06 -0.0296664 -0.000195019 -0.00236803 0.000367236 -0.0108948 -1.36648e-05 0.00298091 0.00436498 -0.00166761 0.0310798 0.000210138 -0.0229276 0.0300832 -8.23502e-05 0.00189781 0.00198656 0.000330674 0.0876171 -1.64781e-05 0.00262931 -0.0029652 -0.0467202 0.00237896 -0.00309968 -0.00330052 -0.0280125 -0.000113934 0.00341252 0.00109718 0.0268857 -0.00316773 -0.000204601 9.43925e-05 -0.000179149 -0.00177054 0.000388726 -5.8755e-05 -0.00230433 0.0109413 -6.26664e-06 -0.000189688 0.00016016 0.000179276 -4.42806e-05 -6.53799e-05 -2.56439e-05 -8.85429e-05 -0.0193917 0.00054864 -0.0168273 -2.19988e-05 -5.84473e-05 -0.0188591 9.66127e-05 -0.000704279 0.0191501 -8.21097e-06 0.00104527 0.000267071 -0.0019642 -0.00206095 5.89164e-05 0.00753651 0.00112474 -0.00292206 3.53789e-05 0.00175952 -3.08224e-05 0.00181016 0.000408576 -0.000194056 0.000141542 0.00561417 -0.000309897 1.84283e-07 0.0175011 0.000262803 -0.00513168 0.000219614 -0.000726263 0.00593468 0.0016362 6.5859e-05 -0.00482732 -1.62414e-06 -0.0180036 -0.00113183 -4.57578e-05 -0.00183105 -0.0192199 -0.000787059 0.00334561 -0.0288245 0.0220305 0.000817547 -1.21733e-06 0.00101071 -2.2723e-05 0.00255691 
8.68627e-06 -0.00117913 0.000399424 0.00105778 0.000456523 -0.00048595 1.54755e-05 -9.61724e-06 -0.000876301 -0.0037692 -0.00105641 0.000161385 -0.000217398 0.000812793 1.45652e-05 -0.000102743 0.00108214 -0.000399914 -1.64781e-05 0.00908255 -0.00129042 -0.000665005 -0.00216949 -0.000947746 -0.000846401 -0.000226813 -0.00200067 0.000162609 -2.88668e-05 -0.000128031 -0.000437041 0.000722063 0.000101177 4.08136e-05 0.000907694 0.000916938 -4.34315e-06 2.68098e-05 0.000815351 0.00105311 -4.99513e-07 -3.53127e-05 2.77039e-05 0.000832662 0.00018619 5.80346e-05 -1.89924e-06 -1.51579e-05 -0.00168428 -1.05428e-05 -0.00262623 1.47875e-05 -1.96394e-06 -0.00201892 2.10446e-07 -5.54395e-05 -0.000515137 1.22667e-06 -0.000123627 -2.72777e-08 -0.0003863 -0.000190615 -1.86838e-06 5.36523e-06 -0.000671306 -0.000237022 -4.60316e-06 0.00171911 0.000285344 1.83239e-05 -2.02183e-05 0.000495039 5.49838e-07 0.000587027 -1.96929e-05 4.48721e-07 -0.00113519 -6.99046e-06 0.000103508 -5.40149e-06 -5.04998e-05 -0.000227288 -0.000170545 2.9932e-05 -0.000206301 1.32488e-06 0.00351681 -3.15399e-05 -6.23713e-06 -0.000344049 0.00356419 -0.000331444 -0.000363612 -0.000551929 0.000157033 -6.13482e-05 -1.46195e-05 -0.000283023 -2.28494e-06 -0.000171764 
-2.20273e-05 0.0213749 -0.00124134 -0.00183972 -0.00631774 0.00707255 -3.14654e-05 0.00212426 -0.0336544 0.00603451 0.0176081 -0.00096154 0.0239855 -0.00447309 0.000231318 -0.00730037 -0.00100841 0.00196701 0.00262931 -0.00129042 0.0635974 0.000972956 0.028977 -0.00713145 0.0119593 -0.00115569 -0.00415785 0.00290573 0.000403213 0.000946221 0.0246756 -0.0150907 7.93622e-05 2.20951e-05 -0.0272367 -0.0148258 -0.00028793 2.80217e-05 -0.0138181 0.00313982 4.39885e-06 -5.40248e-05 0.000209309 -0.00777602 -7.22233e-05 -3.62204e-05 1.29429e-05 5.06648e-05 0.0179207 0.000180713 0.0182405 -0.000223001 4.26724e-05 -0.0254316 -0.000121942 -0.000230619 0.00926755 -0.000118446 -0.000726309 3.3966e-05 0.00394922 -0.00103563 -5.01914e-05 -0.0403166 -0.0452356 0.000496427 -1.34171e-05 0.000627112 -0.000717764 0.000204953 0.000132714 -0.00144219 6.80614e-05 -0.0176255 7.26775e-05 3.92829e-06 0.00368426 -2.2608e-05 -0.0105613 -6.9411e-06 -0.00111061 0.000907453 0.00147617 -3.62404e-05 -0.0360955 1.28558e-06 0.0134486 0.000675569 -0.000278446 0.00410518 0.0106974 -0.00373314 0.00453496 0.0079476 0.0102244 0.000450229 0.000104272 0.00217452 2.22687e-05 0.00220984 
-1.09833e-05 0.00389834 6.40774e-06 -6.05485e-05 0.000110328 0.00053219 -1.63311e-05 -0.00135556 3.14889e-05 0.004949 -0.00476854 -0.00105788 0.00349019 -0.000671938 -5.57072e-05 0.00156472 -0.00249226 0.000229075 -0.0029652 -0.000665005 0.000972956 0.0122018 0.00455819 0.00419689 0.00481429 -0.000534693 0.00105309 -0.0016253 -0.00318691 -0.00194199 -0.00142018 -0.00112682 -1.12901e-06 -0.00015711 -0.000235811 -0.00192532 -0.0002165 -3.0474e-06 -0.0013026 -0.00360847 -1.59433e-06 -1.63427e-05 -0.000417883 -0.00223393 -0.000253989 -3.76717e-05 -9.24349e-06 -1.04142e-05 0.00397573 -0.00105521 0.0020292 -4.57484e-05 -4.2892e-05 0.0023633 -7.43379e-05 7.75023e-05 -0.00412034 -2.59965e-05 -0.00014887 -0.000432831 0.000407458 -8.85852e-05 -6.64343e-05 -0.000314768 0.00144336 -0.0029733 -6.65415e-05 -0.000138635 -0.000626462 -0.00185293 -0.00036235 -0.000549097 -3.29439e-05 -0.000760137 6.69446e-06 -2.87165e-06 -0.00346664 -0.000326781 0.000456023 -0.00012391 9.29078e-05 -0.00243121 -0.000967276 -7.48624e-05 -0.000185353 -1.36529e-06 0.00226358 -0.000101013 -6.29217e-06 0.000110344 0.00290842 0.000189967 -0.0005671 0.00259009 -0.00228486 -0.00187044 -0.000440291 0.000279791 -3.7074e-05 -0.000750706 
-3.03119e-05 0.0891485 -0.00038095 0.00698872 -0.000852114 0.0417052 1.16604e-05 -0.00427834 -0.0723366 0.0309839 -0.0556605 -0.00599399 0.0689901 -0.0630755 -0.000304324 -0.0160137 -0.00339047 -0.000387974 -0.0467202 -0.00216949 0.028977 0.00455819 0.240943 -0.00906623 0.014781 -0.00382746 0.0394235 -0.0314313 -0.00311194 -0.0113795 -0.077941 -0.0105 0.000862599 -0.00018931 -0.0424368 -0.0111684 -0.00061477 -1.73963e-05 -0.0074685 -0.0386801 -4.03346e-05 -0.00150014 -0.00147374 -0.0170495 -0.00179337 0.000298241 0.000106888 -0.000425629 0.0359867 -0.00140444 0.0523846 -0.000150273 0.000157742 -0.0273949 -0.000126167 0.00186792 -0.0326118 -8.26492e-05 -0.00168346 -0.00033514 0.00952896 0.00079166 -6.44169e-05 -0.0370458 -0.0572129 -0.0115578 -7.84431e-05 -0.00102844 -0.000760257 -0.00310969 -2.6055e-05 -0.00112975 -6.67089e-05 -0.0168396 -0.00161524 -3.15244e-05 -0.0512679 -0.000545755 0.00115439 -0.000357052 0.00101057 -0.0114638 -0.00413435 -0.000345712 -0.0404962 -7.1156e-06 0.0609654 0.00445014 -0.00022758 0.00740993 0.0580243 -0.00863312 0.00909291 0.0854438 -0.0314318 -0.00132562 0.000434738 -0.0183747 9.93686e-06 0.00818349 
7.70455e-06 -0.0131015 -0.00095925 -0.00696677 -0.000341238 0.00964576 -5.97201e-06 -0.0102656 0.0201081 0.0345927 -0.00154627 -0.00406755 -0.0247799 -0.00144647 -0.000328217 0.0154145 -0.00122546 0.0014822 0.00237896 -0.000947746 -0.00713145 0.00419689 -0.00906623 0.104899 0.00374806 -0.000771808 0.00336894 0.00158723 -0.00428962 -0.00257943 -0.0117452 0.00386888 -0.000805185 -0.000314154 -2.20352e-05 0.000706433 -7.98315e-05 0.000200773 0.0031832 -0.0191083 2.30439e-06 -0.000168095 -0.00114897 -0.00798195 -0.000890467 -0.000274432 -9.04094e-05 8.39605e-05 0.0205314 -0.00199589 0.00507877 -1.37232e-05 -0.000241925 0.00806004 -0.000124506 0.000531179 -0.0217429 7.49452e-06 0.0016974 -0.000416068 0.00405793 0.000909172 -5.59512e-05 0.00749265 0.0117605 -0.00521889 -5.57138e-05 -0.00561592 -0.000164262 -0.0136596 0.000226286 0.00015912 -0.000511091 0.00350331 -0.000438724 -1.67573e-05 -0.0012381 -0.000274367 -0.000579129 -0.000393715 0.000695941 -0.00118006 -0.00959434 -6.46326e-05 0.00138427 -1.5979e-05 -0.0303221 0.00121897 -0.00038324 0.00186669 -0.0197124 0.00320054 0.00688868 -0.0311215 -0.0104091 -0.0058553 -8.6496e-05 0.00408103 -9.04409e-05 0.00121553 
-3.29062e-05 0.0106556 -8.64691e-06 0.000963653 0.000182719 0.00320304 -2.21413e-05 -0.0049127 -0.00792658 0.0102069 -0.00314667 -0.00180529 0.0105808 0.00135743 7.22529e-05 -0.000423366 -0.00215601 0.0017121 -0.00309968 -0.000846401 0.0119593 0.00481429 0.014781 0.00374806 0.0291026 5.52121e-05 0.004148 -0.000285151 -0.00378685 -0.00066303 0.00250321 -0.0111873 6.01276e-05 -0.000166027 -0.010082 -0.0131974 1.12294e-05 -2.56548e-05 -0.0103472 -0.00529321 2.08422e-07 1.58105e-05 -0.00081357 -0.0103678 -0.00015593 -2.75235e-05 -3.67352e-07 5.2346e-05 0.0156523 -0.000322295 0.00913927 -0.00014768 -2.35293e-05 0.00294946 -0.000182089 0.000104769 -0.00553163 -0.000117628 -9.3263e-05 -0.000340486 0.0015449 -0.000931891 -7.11118e-05 -0.013784 -0.00787449 -0.00256968 -5.26671e-05 -0.000146003 -0.000730395 -0.00339505 -0.000198464 -0.000864841 -9.74816e-05 -0.0107922 -2.02075e-05 -1.97647e-06 -0.00456004 -0.000513777 0.00103564 -0.000130434 0.000199429 -0.000830694 -0.000640063 -2.78709e-05 -0.00915539 -7.85953e-06 0.00634121 -0.00034934 -3.50405e-05 0.00155167 0.0072855 -0.00270064 -0.000188582 0.00676717 -0.00354806 -0.00172742 -0.000803945 0.00112239 -1.83424e-06 0.000409804 
-3.1358e-06 -0.0081209 -0.000123782 -0.000386624 -0.000300319 0.00104714 -3.24761e-08 -0.00128217 0.000494202 -0.0017239 0.00626233 -0.000396354 -0.0106528 0.0164822 3.18672e-05 -0.00959615 -0.000212395 -0.000412072 -0.00330052 -0.000226813 -0.00115569 -0.000534693 -0.00382746 -0.000771808 5.52121e-05 0.036565 -0.000277534 0.0038034 -0.000206408 0.000334433 -0.00332733 -0.00125005 -4.37924e-05 -1.37698e-05 -0.00470736 -0.000716188 -6.79438e-06 -7.08478e-05 -0.0011354 -0.00275644 1.38888e-06 0.000349095 -0.000148527 -0.00120923 -0.000118469 5.63299e-06 -6.68703e-06 1.53909e-05 0.00465234 -1.1575e-05 -0.00829116 -1.11782e-05 -5.34785e-07 0.003431 -7.37852e-06 -1.70457e-05 -0.00460478 -5.53556e-06 -0.000271863 -2.25061e-05 0.00110507 0.00237105 -9.30479e-06 -0.00125923 -0.0029063 -0.00133263 -1.51018e-05 -0.000516061 -4.2541e-05 -0.000448302 8.06145e-05 0.000239475 -2.97709e-05 -0.000818209 -0.000117371 -9.10996e-07 -0.00190499 -3.70144e-05 -0.000113124 0.000186363 0.000106028 -0.00063398 -0.000804602 -2.28019e-05 0.00639734 3.54573e-07 -0.00809543 -0.000343629 7.96815e-05 0.00775065 -0.00293084 -0.000651233 0.00828032 -0.00438483 -0.00164847 -0.000150943 -1.72539e-06 0.00308195 -8.57049e-06 -0.00171553 
-1.32045e-05 0.0216086 -0.00159033 0.00100746 -0.000601562 0.0109631 -9.10122e-07 -0.0129319 0.0151633 0.0162248 -0.0392611 -0.00271156 0.0186981 -0.0353014 -0.000817191 -0.0043873 -0.000859786 0.000133388 -0.0280125 -0.00200067 -0.00415785 0.00105309 0.0394235 0.00336894 0.004148 -0.000277534 0.102987 -0.0105058 -0.00262916 -0.00552188 -0.0357698 0.00251063 8.03545e-05 -0.000196123 -0.00203977 0.00122277 -8.8002e-05 -0.00132364 0.002575 -0.019089 -3.25186e-05 0.000281106 -0.00082904 -0.00335543 -0.000381412 -7.12946e-05 -8.40505e-07 -0.000260205 0.0289734 -0.000396177 0.0338878 -9.64161e-06 3.4654e-05 0.015007 -0.000129901 -0.00039404 -0.0269792 6.04641e-06 0.000751675 -0.000276759 -0.00195163 0.00149503 -5.74038e-05 -0.0108665 -0.00297137 -0.000399224 -6.75596e-05 -0.00779613 -0.00026994 -0.00460885 9.30822e-05 -7.66431e-06 -0.00049939 -0.00478331 0.000258703 -2.20402e-05 -0.0272675 -0.00025972 0.00339924 -1.1395e-05 -0.000568642 -0.0026474 -0.00290826 -0.000346813 0.00100238 -1.44808e-05 -0.00053272 0.00118373 8.01931e-05 -0.00129526 0.00859259 -0.00500684 0.00134446 0.0318085 -0.0279397 -0.00135005 -7.74595e-05 -0.0200344 -1.04812e-05 -0.001591 
1.13007e-06 -0.021327 -0.000155664 -0.002206 -0.000534576 -0.00818397 -1.01212e-05 -0.00163028 -0.00729909 -0.000125134 0.0387201 -0.000138702 -0.0203018 0.0286899 0.000239497 -0.000954787 0.0016563 0.000353714 -0.000113934 0.000162609 0.00290573 -0.0016253 -0.0314313 0.00158723 -0.000285151 0.0038034 -0.0105058 0.0662993 0.000512552 0.00255975 0.0272919 -0.00206738 -0.000123098 3.57301e-05 -0.00780621 -0.000731887 -8.26644e-05 -0.000106115 -0.00201863 0.00454605 9.62671e-06 -0.000224837 0.000597429 -0.00154418 -0.000226857 -4.86396e-05 -1.43293e-05 -2.26712e-05 -0.0132129 0.000334441 -0.0191486 -2.23654e-05 3.6436e-05 -0.011063 1.36474e-06 -0.000417569 0.0180859 -8.99246e-06 -0.00111349 3.29782e-05 0.00319722 -0.000479704 -9.13647e-06 -0.00270833 -0.00837914 0.00281798 3.60147e-05 -0.000861762 -8.45867e-05 0.00418346 -0.000154291 -0.000156689 -5.21084e-05 -0.00104554 -0.000162913 -4.02139e-06 0.0136491 1.85135e-05 -0.00372438 -2.06923e-05 0.000154237 0.00248029 -0.000964827 1.66893e-06 -0.00352882 3.43606e-06 -0.0123321 -0.000871474 -6.0716e-05 0.00530801 -0.0123567 -0.00325711 -0.00368468 -0.020563 -2.28379e-05 0.00126275 -0.000107776 0.0137313 -1.72191e-05 -0.00286339 
1.35651e-07 -0.00226386 -1.97787e-05 -0.000212728 -6.50972e-05 -0.000718574 -1.04663e-06 0.00207563 -0.00115395 -0.00216633 0.00394952 4.52801e-05 -0.00221669 0.00179221 5.13189e-07 -0.000378639 0.0015153 -9.96461e-05 0.00341252 -2.88668e-05 0.000403213 -0.00318691 -0.00311194 -0.00428962 -0.00378685 -0.000206408 -0.00262916 0.000512552 0.00632214 0.00070787 0.00236073 -0.000229661 -9.62101e-06 6.29395e-05 -0.00109335 2.44012e-05 8.73979e-07 -1.03238e-05 -0.000149838 0.00242304 -6.24244e-07 -3.45589e-06 0.000225651 6.73507e-05 -2.08915e-05 -8.58951e-07 1.72608e-06 -4.24574e-06 -0.0036215 0.000216115 -0.00185587 -2.01053e-06 2.45575e-05 -0.00150987 3.95967e-05 -4.71878e-05 0.00486213 1.50526e-06 9.71999e-05 0.000361673 -0.000336813 -5.58662e-05 7.53257e-05 -3.67089e-05 -0.00129255 0.000432561 3.023e-05 0.000378698 -3.44241e-06 0.00218879 -1.06968e-05 -7.25787e-06 7.24894e-05 -0.000188984 -6.13537e-06 1.53627e-07 0.00293185 0.000188414 -0.000298631 2.59962e-05 -4.63443e-05 0.000386405 0.000749245 4.21054e-06 -0.000460062 5.41154e-07 -0.00207687 -7.51202e-05 -5.24223e-06 -0.000153206 -0.00172763 -0.00035016 -0.00036539 -0.00163965 0.00308107 0.00194324 8.4403e-05 -0.000170866 -4.90743e-07 0.000323522 
-1.38475e-06 -0.00507766 -3.9531e-05 -0.000624561 -0.000213803 -0.00237281 -3.14018e-06 -0.000625968 -0.00143897 -0.00489277 0.00839972 0.00101062 -0.00271459 0.00412938 -6.20188e-05 -0.000235745 0.000569333 0.00010069 0.00109718 -0.000128031 0.000946221 -0.00194199 -0.0113795 -0.00257943 -0.00066303 0.000334433 -0.00552188 0.00255975 0.00070787 0.0209611 0.00824692 -0.000660494 -2.84373e-05 2.18806e-05 0.000832726 0.000114502 3.85449e-05 0.000135029 -0.000597574 0.00754659 2.46456e-05 -3.96998e-05 0.000176363 0.00303149 -2.91752e-05 -1.02466e-05 -5.23205e-06 0.000135024 -0.00437368 6.81677e-05 -0.00334883 -6.21726e-06 -1.28828e-05 -0.00340373 1.13877e-05 -0.000163419 0.000555156 -2.09556e-06 -0.000233068 0.00041276 0.000687763 -0.000407452 2.78998e-05 -0.0010755 -0.00189218 0.00400946 1.47091e-06 0.000310969 0.000113983 0.00130184 -1.96377e-06 -6.21561e-05 2.42718e-05 -0.000530436 2.98149e-05 1.15855e-05 0.00395252 -1.17279e-05 -0.000410959 1.06809e-05 0.000167634 0.000312522 -0.000389911 2.76503e-06 -0.00091729 -5.33871e-07 -0.00250449 -0.000247639 -2.00386e-05 -0.000117017 -0.00565014 -0.000997438 -0.00118229 -0.00614038 -0.000689323 0.000717657 3.25014e-05 0.00352268 4.03559e-05 -0.000765392 
-2.07282e-05 -0.0718573 -0.000295669 -0.00744987 -0.00245594 -0.0538006 -6.4472e-05 0.00413857 -0.00513536 -0.0233434 0.0676337 0.00383144 -0.0581303 0.0647979 -0.000303405 -0.00379655 0.000375699 0.00189133 0.0268857 -0.000437041 0.0246756 -0.00142018 -0.077941 -0.0117452 0.00250321 -0.00332733 -0.0357698 0.0272919 0.00236073 0.00824692 0.244866 -0.0174686 -0.000773619 0.000129916 0.0047998 -0.00629202 5.77281e-05 0.000287188 -0.0105718 0.0310701 2.52792e-05 -0.000446192 0.0016736 0.00566922 0.000294975 -0.000252313 -9.16452e-05 0.000202444 -0.0445538 0.00096024 -0.0478656 -0.000136896 3.59892e-05 -0.0501805 7.0584e-05 0.000499105 0.0491294 -8.41651e-05 3.85514e-05 0.000263296 0.00755635 -0.000139528 -5.11043e-05 -0.00836233 0.00791091 0.0107524 0.000100415 0.00321726 -0.00022502 0.010987 -0.000829516 -0.00102345 0.00017483 -0.00598982 0.00103684 1.26953e-05 0.0199603 0.000266763 -0.0207115 7.78676e-05 -0.000251864 0.00978436 0.00351313 0.000167227 -0.0209727 7.69268e-06 0.00533065 -0.00587684 -0.000273749 0.00632538 -0.0369461 0.0105064 -0.025333 -0.0217746 -0.0013293 0.0031586 -0.000845974 0.0171013 4.44748e-05 -0.0057511 
1.29336e-05 0.00207761 -2.18935e-05 -0.00103645 -0.000370132 -0.00084921 3.25089e-05 -0.00149087 0.0084777 -0.0118318 -0.0100669 0.000798201 -0.000413578 -0.0131331 -0.000162136 0.00119142 0.000298954 -0.00151292 -0.00316773 0.000722063 -0.0150907 -0.00112682 -0.0105 0.00386888 -0.0111873 -0.00125005 0.00251063 -0.00206738 -0.000229661 -0.000660494 -0.0174686 0.0352068 -8.4814e-05 -6.64487e-06 0.0202059 0.0133159 -4.71311e-05 -1.45502e-05 0.0119288 -0.000298439 -3.17816e-06 -9.13205e-05 -0.000107461 0.0080429 0.00056818 2.48863e-05 -7.62967e-06 -7.38717e-05 -0.0078746 -9.25952e-05 -0.00500651 0.000143185 -1.07542e-05 -0.0029293 -2.81649e-06 -0.000306182 -0.00541678 0.000111709 -0.000620293 -2.3858e-05 -0.00213772 -0.000705123 -2.4968e-06 0.0132226 0.00814727 0.00210742 -9.50067e-06 -0.000330621 0.000648927 -0.0010985 4.53348e-05 0.000432432 -3.07205e-05 0.0134392 -0.000123067 -1.69805e-06 -0.00529162 8.9545e-06 -0.000972157 5.3591e-06 -0.00013871 -0.00100635 -0.000630779 2.04869e-06 0.0142493 -5.10583e-07 -0.00411864 0.000802259 3.57998e-05 -0.00243191 -0.00666367 0.00100363 -0.00191752 -0.00638684 -0.00133643 -0.00033068 0.00010685 -0.00150579 -7.54109e-06 3.85223e-05 
1.03146e-06 -0.000636449 7.11464e-05 0.000335062 0.000154708 0.000229766 7.2746e-07 -9.17896e-05 -0.000764956 -0.000289597 -0.000218321 -2.31438e-05 0.000214007 0.000168089 5.74452e-05 -0.000675256 -1.19809e-05 -7.74416e-05 -0.000204601 0.000101177 7.93622e-05 -1.12901e-06 0.000862599 -0.000805185 6.01276e-05 -4.37924e-05 8.03545e-05 -0.000123098 -9.62101e-06 -2.84373e-05 -0.000773619 -8.4814e-05 0.00292483 8.52763e-06 -0.000313435 -4.89855e-05 -1.81388e-06 9.87846e-06 -7.56385e-05 -9.17329e-05 -2.99058e-07 -4.46886e-06 2.52799e-05 -8.72329e-05 -8.19232e-06 4.18114e-05 4.33581e-06 5.65847e-07 -0.000625589 -6.88152e-06 -0.000642951 9.88496e-07 -7.86684e-07 -0.00048623 5.99592e-08 -3.57885e-06 0.000263597 -5.21623e-07 -5.03825e-05 -1.4495e-07 0.00092082 -6.66991e-05 1.27818e-07 -0.00028343 -0.000639557 -0.000103628 -1.18014e-07 -8.24933e-06 -3.32756e-06 0.000232397 2.90701e-06 -5.70291e-06 8.59781e-06 -7.11722e-05 -8.55732e-06 2.50913e-07 -0.000484079 -3.05268e-06 -0.000157767 -1.76378e-06 5.67944e-06 -7.96956e-05 7.26742e-05 3.12333e-06 -0.000211482 -7.63084e-08 0.000443871 -3.32697e-06 6.50638e-08 0.000576758 0.00130434 -0.000159194 -0.000159703 0.0010432 -0.000330471 -1.28297e-05 1.35322e-05 -0.00011695 -1.01816e-06 -9.98607e-05 
