0.00988597 -0.000199284 -0.000885867 1.89682e-05 0.000221207 -5.4446e-06 9.20064e-06 -0.00391283 -5.173e-06 -0.00328593 0.000770987 0.000789121 -0.000731812 -0.00434282 -0.00190313 0.00464061 -0.000852568 0.000526853 -0.000149218 -0.000192854 -0.000377632 0.0073746 -0.00528424 -3.56327e-05 -0.00589288 -0.00637931 0.00277757 0.000899612 -0.0019496 -0.0015256 -0.00659962 3.06684e-05 0.00167074 0.00768912 4.6301e-05 0.00120034 0.00750064 -0.000158801 -0.00596416 0.000222983 0.000574368 -0.00013464 0.00129844 -0.000871212 5.13095e-05 0.000102239 -3.17015e-06 -7.99031e-06 0.00765029 0.00361412 0.00576723 0.00166897 -0.00643685 -5.42905e-06 -0.00107097 -4.06122e-05 -0.000252064 -8.43796e-06 -4.62167e-05 -1.07362e-05 0.000852186 0.000174901 0.00105645 0.000466606 0.00107984 5.39029e-05 -4.31868e-05 0.000267933 7.56138e-05 0.000457201 -0.000408715 -0.00301857 -0.00036306 -2.56322e-05 0.000340358 0.000951036 0.00200516 7.10026e-05 -0.000420895 -0.000151854 0.000111237 -0.00579346 -1.79937e-05 -2.20984e-05 0.00276029 -0.00593788 0.00102342 0.000240759 2.44824e-06 -0.000804522 -0.000100697 -0.00439427 0.00139591 1.81244e-05 0.00131848 0.000206176 0.00049717 -5.32973e-06 5.64882e-06 -0.00140342 
-0.000199284 0.0216671 -0.00133774 1.01186e-05 -1.97374e-05 -2.29992e-05 -1.39316e-06 -0.00713303 1.66451e-06 0.00160646 0.00191922 5.74635e-05 -0.00622913 -0.00122883 -0.00221828 -0.000240725 -0.00187797 0.00113973 -0.000299865 -0.00010613 0.00277826 0.00129624 -0.00836078 5.38426e-05 -0.00143538 -0.00907272 0.00135225 -0.000823761 -0.000555851 -0.0021184 0.00120635 -2.53755e-05 0.00680382 0.00650605 -7.00007e-06 -0.000441887 -0.00301189 0.000234969 -0.0102117 0.008475 0.00171971 -0.000160337 -0.000432342 0.000309642 -0.000378007 0.00106529 -4.06959e-05 1.30798e-05 -0.000595583 -0.000103194 -0.00035236 -0.000132545 2.54885e-05 3.87102e-06 -0.000645323 0.00350048 -0.000504611 -1.53849e-05 0.000271889 0.00013664 -0.000115281 -0.00304747 -0.000353381 0.00139576 0.00164322 -3.92432e-06 -2.66136e-05 -2.93861e-05 -6.33923e-05 -2.39506e-05 -0.00098857 -0.00835744 -0.000266497 0.000263241 0.000414493 -8.54467e-05 -0.000106874 -0.00010264 0.00330002 0.00328885 0.000996577 0.00325217 1.47355e-05 4.94202e-05 0.00546188 -0.00821606 -0.000210803 0.000503996 6.03655e-06 -0.00158129 -2.77533e-05 -0.00976376 -6.06833e-05 -6.3852e-05 -0.00130375 0.00137362 0.000891461 -2.01955e-05 1.08884e-06 0.0101481 
-0.000885867 -0.00133774 0.144675 0.000696763 5.94206e-05 -0.000137202 -6.80524e-06 -0.0712132 -0.000174335 -0.0230098 0.0262701 -0.000869104 -0.0942562 0.0218443 -0.00144067 -0.0023905 -0.020459 0.00535267 -0.00261018 -5.42234e-05 -0.00548798 0.0700006 -0.0458408 -0.000983491 0.027046 -0.0383663 -0.0203078 0.00033257 0.0792763 0.00751386 0.0201995 0.000117336 0.097281 -0.0083747 0.000168719 -0.000401463 0.0614559 1.1967e-05 -0.0901217 0.0500421 0.00427649 0.00328583 0.00114381 -0.0121998 -0.00176059 -0.0112281 0.000196603 -0.000192342 -0.0047093 -0.000712577 -0.00237092 -0.00108214 0.000498192 -0.000130621 0.0704275 -0.00193633 -0.00375904 -0.000205348 -0.00140753 0.000133052 -0.000355471 0.0958593 -0.00282141 -0.00121604 -0.00636155 0.000176182 -0.000172015 -0.0212183 -0.000232649 0.00076319 -0.00799992 -0.0676829 -0.00466446 -0.000609217 0.0873526 -0.00110522 -3.72633e-05 0.00209194 -0.00434933 -0.00422697 -0.000368643 -0.111921 -0.000198521 0.00115702 -0.0493801 -0.0989625 0.00665115 -0.000373237 0.000101368 0.00670192 -0.00249602 -0.0728631 -0.000575252 -0.000736484 0.0428304 -0.00269309 -0.00424253 -0.000221174 8.93929e-05 0.00242874 
1.89682e-05 1.01186e-05 0.000696763 0.00187501 1.39139e-05 -3.2316e-06 -1.10083e-07 -0.000788401 4.35857e-06 -0.000609029 3.60292e-05 0.000107276 -0.00113903 -7.20927e-05 -0.00028327 -3.14503e-06 -0.000216058 0.000100939 -2.76832e-05 -4.2171e-05 -8.9069e-05 0.00136312 -0.00085926 -1.0861e-05 -0.000256189 -0.00107577 1.86885e-05 0.000438131 0.000484341 -0.000163943 -0.000204044 3.04278e-05 0.000964706 0.000163149 1.14585e-06 0.000400446 0.000252073 -9.28832e-05 -0.00112961 0.000991345 0.000351864 7.54586e-05 0.000110954 -0.000266851 8.34436e-05 5.61962e-05 -3.25478e-06 5.95455e-06 0.000333883 2.86615e-05 0.000126161 0.000239897 -0.000271015 2.7942e-06 0.000344143 -1.51498e-05 -4.81559e-05 -2.22699e-06 -1.17217e-05 -1.62639e-06 5.87967e-05 0.000938973 0.000104341 0.000107841 5.72974e-07 1.14425e-05 -9.52685e-06 -0.000277961 -5.13285e-06 5.32875e-05 -8.61989e-05 -0.000775728 -9.09649e-05 2.42033e-05 0.000458637 2.88898e-05 1.94596e-05 1.96687e-06 -1.2491e-06 -3.97165e-05 1.01612e-05 -0.00120151 -2.47934e-07 2.0614e-05 -0.000488413 -0.00102481 -8.47341e-06 -5.65035e-06 -1.811e-06 -0.000128266 -2.87672e-05 -0.000872154 5.18784e-05 1.22511e-05 0.000132815 9.71567e-05 0.000190082 3.24887e-06 -6.32415e-07 0.000676087 
0.000221207 -1.97374e-05 5.94206e-05 1.39139e-05 0.0011057 -1.65011e-06 6.95972e-07 -0.000269205 -9.88453e-07 -0.000168326 9.78479e-05 1.12815e-05 -0.000196961 -0.000620816 -0.000221638 0.000159411 -6.16125e-05 3.61256e-05 1.26015e-06 -1.78915e-05 -3.55952e-05 0.000349817 -0.000446132 3.49426e-06 -0.000173862 -0.00048398 0.00011922 -3.4602e-05 4.73258e-05 5.50429e-05 -0.000108778 1.39231e-05 0.000347956 0.000408733 2.10917e-05 0.000168535 0.000386281 4.70798e-05 -0.000529006 1.95998e-05 5.27625e-05 -8.97333e-08 -1.30324e-05 1.2307e-05 -1.3597e-05 7.40533e-05 2.52017e-05 1.65388e-06 0.000377418 3.99317e-05 0.000332263 4.03992e-05 -0.000281293 -8.52108e-07 -5.46241e-05 7.44689e-06 -1.6299e-05 -1.02559e-06 0.000163848 -8.3012e-07 5.27343e-06 0.000108494 2.90815e-05 5.17922e-05 9.25861e-05 7.08094e-06 -7.17353e-07 -9.37165e-05 3.04329e-05 4.00589e-05 -4.15966e-05 -0.000448073 -2.76495e-05 2.6064e-05 6.35187e-05 2.9854e-05 0.000147732 2.19471e-05 -2.02274e-05 -4.14031e-06 -1.70685e-06 -0.000374178 2.8323e-06 8.85273e-07 0.000119298 -0.000471568 1.33445e-05 1.21321e-05 -4.5415e-07 -2.38205e-05 -1.42656e-05 -0.000458335 9.68277e-05 2.38863e-05 3.79689e-05 -9.24375e-06 9.54436e-05 1.00996e-05 -5.13428e-07 -0.000126251 
-5.4446e-06 -2.29992e-05 -0.000137202 -3.2316e-06 -1.65011e-06 0.00172262 4.36104e-08 0.000297063 1.26064e-05 -0.000197687 -0.000126844 -1.19087e-05 0.000469091 -0.000202026 0.00025541 -1.45612e-05 1.11298e-06 -0.000610575 5.82446e-05 1.11673e-05 -2.48403e-05 -0.000284891 0.000610545 6.94736e-05 -0.000566816 0.000373292 5.58565e-05 -3.0751e-05 -0.000317122 -8.02901e-05 -0.000930666 2.37364e-05 -0.00049036 -0.000174583 4.91636e-05 -7.34569e-06 -0.000264056 -8.81883e-05 0.000538954 -0.000304111 -4.25764e-05 2.54012e-05 -5.68696e-05 -0.000295386 -1.80557e-06 -0.000124714 -4.04543e-06 -1.8456e-06 -5.5703e-05 -1.08138e-05 -3.12943e-05 -1.14219e-05 -0.000648657 -1.42758e-06 -0.000291509 -1.1297e-05 -2.59215e-05 0.000160494 -6.62829e-06 2.40138e-06 -1.68441e-05 -0.000196111 0.000131914 -1.32968e-06 -3.5666e-05 -2.28456e-06 2.99835e-05 7.80709e-05 5.78393e-05 -7.28106e-07 0.000469874 0.000682295 -9.0626e-05 2.68911e-05 -0.000319776 5.23691e-06 -9.21938e-06 -6.43808e-06 -1.97601e-05 0.000121998 4.74747e-07 -4.95306e-06 6.24282e-06 -3.97603e-06 0.000235756 0.000272878 3.12886e-06 -8.00532e-06 -8.8441e-07 -3.13586e-05 -2.09924e-05 0.000762108 -5.38455e-06 2.40581e-05 -9.002e-05 -9.73767e-06 -1.4184e-05 1.45622e-06 5.11177e-08 -0.00023859 
9.20064e-06 -1.39316e-06 -6.80524e-06 -1.10083e-07 6.95972e-07 4.36104e-08 0.000133109 -5.56799e-05 7.88204e-08 -3.82109e-05 1.50551e-05 4.83252e-06 -7.07917e-05 -7.42696e-05 1.49376e-05 6.31709e-05 -1.55019e-05 -7.31196e-07 2.17449e-06 9.19756e-08 6.60943e-05 1.26637e-05 -7.21535e-05 2.23864e-05 -5.75779e-05 -8.27716e-05 3.58833e-06 4.27852e-06 -1.51857e-05 -1.67987e-05 -6.97901e-05 1.33328e-08 6.95176e-06 6.87507e-05 4.06029e-07 3.12556e-05 4.64094e-05 7.60596e-07 -6.82337e-05 1.17844e-05 2.0572e-05 -1.11364e-06 2.11237e-05 4.05633e-06 -2.20732e-06 -6.69487e-06 -5.56979e-08 4.95226e-07 6.61515e-05 2.75055e-05 1.54519e-05 1.56909e-06 -7.19536e-05 2.88262e-08 -9.6976e-06 -1.25243e-06 -3.20391e-06 -1.57821e-07 8.86057e-06 -4.97987e-08 3.19402e-06 4.2475e-06 3.83248e-05 2.70907e-06 4.92117e-05 -1.27373e-08 4.45764e-06 7.51342e-06 2.14887e-06 5.54533e-06 -2.11831e-06 -5.35219e-05 1.33375e-05 1.9928e-07 2.81333e-05 4.67692e-05 1.26728e-06 2.88536e-06 -1.13391e-06 4.60122e-06 1.60063e-06 -7.83452e-05 -7.64191e-08 1.67983e-06 1.7376e-05 -8.04312e-05 2.15407e-06 1.24852e-06 2.50413e-06 -8.31223e-06 1.95766e-05 -5.48354e-05 2.08016e-05 3.57358e-06 3.21558e-05 4.15887e-06 1.28603e-05 5.22961e-07 4.4938e-07 1.42279e-06 
-0.00391283 -0.00713303 -0.0712132 -0.000788401 -0.000269205 0.000297063 -5.56799e-05 0.244548 -9.95045e-05 0.0443786 -0.0211359 -0.00266843 0.128135 0.00612121 0.010184 -0.00508849 0.0435975 -0.0170853 0.00663199 -1.4864e-05 -0.021126 -0.0764573 0.111958 0.000161618 -0.0326197 0.108179 -0.0487599 -0.00554619 -0.118914 -0.0298661 -0.000496828 -0.000444396 -0.143968 -0.0383062 -0.000359623 -0.00849499 -0.0678085 -0.0242192 0.145836 -0.127458 -0.0115693 -0.0051619 -0.0147679 -0.0065838 -0.00649265 -0.0345434 -0.000927497 -0.000526639 -0.014265 -0.00268798 -0.00769971 -0.00210848 -0.000661311 -0.000295843 -0.0624185 -0.0037578 0.0116057 0.00024507 -0.00332657 -0.000272009 -0.00496916 -0.071945 -0.0101283 -0.00671905 -0.0129213 -0.000629772 0.000869009 -0.0286821 -0.000763076 -0.000761784 0.0165889 0.139931 -0.0264325 -0.00112424 -0.0967061 -0.00540324 -0.00220815 -0.00215528 -0.0147358 -0.00784751 -0.000741818 0.104155 -0.000328402 -0.00164929 0.0236615 0.152088 -0.00429976 -0.0018705 -0.000386921 0.0156804 -0.00463254 0.139578 -0.00137903 -0.000902197 -0.0334543 -0.00427504 -0.0099722 -0.000279884 -0.000274722 -0.0434772 
-5.173e-06 1.66451e-06 -0.000174335 4.35857e-06 -9.88453e-07 1.26064e-05 7.88204e-08 -9.95045e-05 0.00100939 -0.000225739 -6.55246e-05 1.53806e-05 -7.97588e-05 -0.00016033 -8.33133e-05 -1.07587e-05 -9.47729e-05 -0.000105047 -1.28968e-05 -1.16863e-05 -3.33216e-05 4.51066e-06 -0.000237466 1.58241e-06 -2.45468e-05 -0.000363735 -3.92937e-05 -3.02218e-05 -0.000133502 0.00026485 -0.00041928 4.59697e-05 4.87417e-07 0.000275286 2.33079e-05 1.64588e-06 -0.000154219 0.00010952 -0.000273614 0.000310979 5.82444e-07 1.10822e-05 -2.1631e-05 -0.000194065 -9.5699e-06 0.000278117 1.82056e-06 9.61767e-06 4.11631e-05 -4.28739e-06 -2.60749e-06 1.74487e-06 3.33881e-05 1.25424e-06 -0.000172442 0.000154806 2.36597e-05 -1.77838e-07 1.32673e-05 -8.49686e-07 3.96542e-05 -0.000110643 8.42096e-06 2.93403e-05 -5.65531e-06 -8.55415e-07 -4.26124e-06 -3.01479e-05 3.19509e-05 -2.20352e-07 -4.48609e-05 -0.000128463 9.40487e-05 9.34427e-05 -0.000170444 6.77087e-05 -4.25817e-06 -4.09377e-06 3.33861e-05 0.000200394 -5.77791e-06 0.000171526 2.77291e-05 6.99466e-07 -0.000156293 1.81195e-05 -9.37547e-06 1.15794e-05 -2.59896e-07 -5.86524e-05 -1.01882e-05 -0.000143589 -3.08422e-06 4.09203e-05 -7.60898e-05 0.000319731 0.000248304 3.90569e-07 2.58152e-06 0.00011982 
-0.00328593 0.00160646 -0.0230098 -0.000609029 -0.000168326 -0.000197687 -3.82109e-05 0.0443786 -0.000225739 0.222734 0.00239561 -0.00199169 0.0751855 -0.0320549 -0.0146824 -0.0039719 0.0384677 -0.0235795 -0.00333133 0.00897741 -0.015931 -0.0506355 0.0292524 -0.00204511 -0.0147176 0.0456934 -0.0294125 -0.00560135 -0.0448568 0.0154144 0.0231708 -0.000354994 -0.0586797 -0.0268653 -0.000304914 -0.00621335 -0.0178288 0.010787 0.0584313 -0.0611042 -0.00867694 -0.00071598 -0.00653743 0.0169132 -0.00590392 -0.00536684 -0.000550691 -0.000310682 -0.0103191 -0.00203497 -0.00578236 -0.00216918 -0.00326644 -0.000125935 -0.052125 0.000148569 0.00560793 -7.29994e-05 -0.000256518 -0.000214734 -0.00192667 -0.0486335 -0.00336043 -0.00585749 -0.0083043 -0.000153285 -0.00149689 0.00989433 -0.00107842 -0.000404278 -0.0085847 0.000314732 -0.0168062 -0.00120547 -0.0392979 -0.00375857 -0.00178047 -0.00168123 -0.00721991 -0.00620659 -0.00025196 0.0554763 -0.000406985 -0.000756747 0.0550348 0.047553 -0.00293294 -0.000925647 6.98629e-05 -0.0125622 -0.0030151 0.0160922 -0.000898831 -0.00185999 -0.016189 -0.00106804 -0.00713546 -0.000314691 -0.000272684 -0.0311253 
0.000770987 0.00191922 0.0262701 3.60292e-05 9.78479e-05 -0.000126844 1.50551e-05 -0.0211359 -6.55246e-05 0.00239561 0.0806051 0.000550173 -0.0158658 -0.00239683 -0.0144128 0.00211696 -0.00323113 0.00390735 -0.000840179 0.00177621 -0.00341871 0.00751226 -0.0386126 0.000531949 0.00269516 -0.0369477 -0.0010128 -0.00296422 0.00486105 0.000811673 0.0224144 -9.07924e-05 0.0337161 0.0118759 -3.80519e-05 -0.00102998 0.0418461 -5.36812e-05 -0.0379057 0.0207824 0.00132399 0.00382983 -0.00146837 0.00920489 -0.00130587 -0.00734621 0.000727514 -0.000113203 0.00109144 4.27279e-05 -9.54276e-05 -0.000167091 0.00490587 -5.05966e-05 0.00705845 -0.000398915 -0.000794656 -8.91922e-06 5.48913e-05 -2.32328e-05 -0.000330509 0.0147415 -0.000452615 -0.00130048 -0.00289665 -8.97865e-05 -0.000459798 -0.00395251 -0.000294843 0.000391324 -0.00346939 -0.0347178 -0.000451134 -0.000303771 0.0309629 0.000841611 0.00177477 -0.000230789 -0.000995608 -0.00203504 0.0013199 -0.0211832 0.000326745 -2.90375e-05 -0.00253178 -0.0380312 0.00127652 0.000390215 -7.37858e-05 -0.00738635 -0.00125532 -0.0379497 0.000215487 -0.00035423 0.0168469 -0.000579498 -0.00194121 -0.000102873 -3.63602e-05 -0.00947796 
0.000789121 5.74635e-05 -0.000869104 0.000107276 1.12815e-05 -1.19087e-05 4.83252e-06 -0.00266843 1.53806e-05 -0.00199169 0.000550173 0.00691836 -0.00168799 -0.00360058 -0.000780095 0.00179047 -0.000246592 0.000307447 -7.59784e-05 -0.000142064 0.000151922 0.00249689 -0.00403533 2.29444e-05 -0.00218574 -0.00451887 0.0010092 0.000489978 -0.00159274 -0.00081977 -0.00190411 3.15338e-06 -0.000557453 0.00396665 -1.51885e-06 0.00194107 0.00152295 0.000200975 -0.00395434 0.00203494 -0.00011149 0.000135456 0.000607206 0.000440408 -0.000129983 0.00400984 3.12853e-05 7.40325e-05 0.00312206 0.000452676 0.000943257 0.000229368 -0.00271436 9.67751e-06 -0.00147369 -3.13973e-05 -0.000141531 -4.86921e-06 0.000570714 5.96158e-07 0.00111188 -0.000580393 0.000950675 5.83157e-05 0.00102139 9.12335e-05 -3.72709e-05 0.000543342 0.000102543 1.51257e-05 -0.000224544 -0.00269499 0.000101355 0.000105483 -0.000371912 0.000476314 0.000332738 1.42774e-05 -0.000165501 0.000482859 0.00021057 -0.00137497 -1.11747e-05 0.000138327 0.0011589 -0.00149771 0.00020221 1.8204e-05 4.52149e-05 -0.000551555 -7.52227e-05 -0.00325333 0.000703281 0.000118439 0.00245936 0.000594128 0.00134953 0.000124616 5.51986e-06 -0.000464684 
-0.000731812 -0.00622913 -0.0942562 -0.00113903 -0.000196961 0.000469091 -7.07917e-05 0.128135 -7.97588e-05 0.0751855 -0.0158658 -0.00168799 0.237649 -0.0397467 -0.0515478 0.000243927 0.040044 -0.0160776 0.0020793 0.00317274 -0.0221162 -0.072006 0.0989249 -0.0016811 -0.0409171 0.110959 0.0328986 -0.0109346 -0.133477 -0.0244384 0.00757362 -0.000688336 -0.17574 -0.0183095 -0.000540349 -0.0125437 -0.0600001 0.0102342 0.156224 -0.134531 -0.0147578 -0.00405758 -0.018933 0.0267471 -0.0105811 -0.016259 -0.00120577 -0.000399086 -0.00412721 -8.33928e-05 -0.00191884 -0.00164913 -0.0143772 -0.000365209 -0.114328 0.0013303 0.00282634 0.00043923 -0.00123299 -0.000460076 -0.00659479 -0.0866548 -0.00542318 -0.0118347 -0.00268393 -0.000669781 -0.00104979 0.00354728 -0.0010416 -0.000490399 0.017468 0.12787 -0.0409833 -0.0018615 -0.114133 -0.00465468 -0.00105612 -0.00273835 -0.0219575 0.000725785 0.00101562 0.132051 -0.000491256 -0.0023445 0.0830505 0.148572 -0.00580797 -0.000295188 -0.000500614 -0.00662571 -0.00593044 0.132431 -0.000909321 -0.00351122 -0.0419259 0.00156533 -0.00342619 -0.000723959 -0.000513437 -0.0663107 
-0.00434282 -0.00122883 0.0218443 -7.20927e-05 -0.000620816 -0.000202026 -7.42696e-05 0.00612121 -0.00016033 -0.0320549 -0.00239683 -0.00360058 -0.0397467 0.134043 0.038586 -0.0098697 -0.0503983 -0.0020212 -0.00603882 -0.00365116 -0.00391692 -0.0181957 0.0175914 -0.00121322 0.0333811 0.0104441 -0.0375439 0.00121818 0.0224412 0.00450209 0.00407787 -0.000527876 0.0255708 -0.021886 -0.000226163 -0.00692693 -0.00696197 -0.025437 -0.00691791 0.0156864 -0.00111461 -0.00201867 -0.000148634 0.00481109 0.00262216 -0.0219001 -0.000197768 -0.000155448 -0.0223366 -0.00408907 -0.010374 -0.00171945 0.0442825 -6.52826e-05 0.0344238 -0.00556257 -0.00242487 -0.000957069 -0.00451815 3.39645e-05 -0.000350103 0.0125037 -0.0102073 0.0010046 -0.0127812 -0.000448106 -0.000502419 -0.0354879 -0.000580816 -0.000731923 -0.00965468 0.0425416 0.00852688 -0.000836649 0.0214958 -0.00231952 -0.00254445 0.000518642 0.00443283 -0.0123297 -0.00141611 -0.00979234 2.0894e-05 2.12613e-05 -0.0805041 -0.00155887 0.000648311 -0.00210872 0.000109013 0.0128646 -0.000144625 0.0236481 -0.00210489 -0.000824936 -0.00158685 -0.00461095 -0.0112198 -0.0003531 -0.000127563 0.0189254 
-0.00190313 -0.00221828 -0.00144067 -0.00028327 -0.000221638 0.00025541 1.49376e-05 0.010184 -8.33133e-05 -0.0146824 -0.0144128 -0.000780095 -0.0515478 0.038586 0.198751 -0.00257555 -0.0265843 0.00104439 2.77914e-05 -0.00398322 0.0102369 -0.0295582 0.037641 0.00114928 0.00934883 0.00242864 -0.104737 0.0136213 0.0168012 0.0121122 -0.0852954 -0.000201175 0.00400716 -0.0218846 7.92899e-05 0.00156803 -0.0139161 -0.014633 0.013855 0.00984685 0.00056112 -0.00153812 0.0088361 -0.021177 0.0109118 -0.0102506 -0.000507419 -0.000393574 -0.00696309 -0.000543672 -0.00451545 -0.00186447 0.0161942 -0.000123565 0.0275753 -0.00164743 -0.000463032 -0.000316695 -0.00174571 -2.12915e-05 0.00381123 -0.00149031 0.000249147 -0.00283985 -0.00574431 -0.000102239 0.00250885 0.000380066 0.000481548 -0.000485599 -0.00737288 0.0218572 0.0222554 -0.000777981 0.00425292 -0.00135145 -0.00151094 0.000219692 -0.0011511 -0.00658813 -0.0012784 -0.0140719 -3.99545e-05 0.00111838 -0.0735499 -0.00672992 0.00245742 -0.000620006 0.000527276 0.0173666 0.00660113 0.0248674 0.000240056 -0.000145437 0.00848622 -0.00321921 -0.00542308 0.000413157 0.000339475 0.0134346 
0.00464061 -0.000240725 -0.0023905 -3.14503e-06 0.000159411 -1.45612e-05 6.31709e-05 -0.00508849 -1.07587e-05 -0.0039719 0.00211696 0.00179047 0.000243927 -0.0098697 -0.00257555 0.0143292 -4.56636e-05 0.000405464 1.3107e-05 -7.7425e-05 -7.26592e-05 0.00759801 -0.00794522 0.000716187 -0.00963271 -0.00864818 0.003531 0.000163395 -0.00401243 -0.00228934 -0.00732254 8.85247e-07 -0.00330066 0.0103979 2.65198e-05 0.00441307 0.00844281 0.000310123 -0.007734 0.000124303 0.000229409 -0.000141115 0.000596218 0.00125292 -0.000277861 0.00332049 1.51583e-05 6.94528e-06 0.0125015 0.00368024 0.00771768 0.00103216 -0.00981814 -6.66023e-06 -0.00303464 -0.000120426 -0.000194539 -1.40978e-05 0.00182932 -1.22634e-05 0.000705012 -0.0014032 0.00486922 -0.000283853 0.00146808 2.3643e-05 2.10038e-05 -0.000951401 2.28618e-05 0.000347066 -0.000563516 -0.00396887 -0.000919934 -4.80461e-05 -0.00137599 0.00177527 0.00169774 -2.47602e-05 -0.000648934 7.72757e-05 0.000433032 -0.00733813 -2.0513e-05 5.90428e-05 0.00795203 -0.0075524 0.00032719 0.000105681 5.76053e-05 -0.00120977 -0.000127327 -0.0056707 0.00215311 -7.21095e-05 0.00362742 0.00155294 0.00387531 3.02139e-05 0.000111061 -0.00191493 
-0.000852568 -0.00187797 -0.020459 -0.000216058 -6.16125e-05 1.11298e-06 -1.55019e-05 0.0435975 -9.47729e-05 0.0384677 -0.00323113 -0.000246592 0.040044 -0.0503983 -0.0265843 -4.56636e-05 0.108327 -0.00587984 0.00844802 -0.000709462 -0.00613759 -0.011341 0.0294755 0.000206474 -0.0369559 0.0290238 -0.00261746 -0.00479439 -0.0334225 -0.0121989 0.0225133 -0.000102276 -0.0425078 -0.0104834 -0.000119385 -0.00178379 -0.0181474 -0.00185205 0.0397882 -0.0357616 -0.00289426 -0.000988664 -0.00425227 -0.0100678 -0.00123296 -0.0051832 -0.000185793 -0.000145978 -0.00168743 -0.000541086 -0.00125184 -0.000658538 -0.0443258 -7.50312e-05 -0.0235483 -0.000990924 0.00772326 0.000646066 -0.000555657 -3.77989e-05 -0.00139951 -0.0196883 -0.00215985 -0.00246526 -0.0025672 -0.000149661 0.00106169 0.0176969 -0.00048342 -0.000185433 0.0121397 -0.0187733 -0.00923422 -0.000484419 -0.0272734 -0.00128745 -0.000430204 -0.000610026 -0.00552416 -0.000614394 0.0018227 0.0243397 -5.5679e-05 -0.000437049 0.0715913 0.041463 -0.00123047 -0.000304582 -0.000118931 -0.00975444 -0.0018465 0.022245 -0.000237771 -0.000752433 -0.00831697 -0.00216405 -0.00257937 0.000121716 -3.91026e-05 -0.0120548 
0.000526853 0.00113973 0.00535267 0.000100939 3.61256e-05 -0.000610575 -7.31196e-07 -0.0170853 -0.000105047 -0.0235795 0.00390735 0.000307447 -0.0160776 -0.0020212 0.00104439 0.000405464 -0.00587984 0.057596 -0.00465021 -0.0046699 0.00236571 0.0119192 -0.021106 -0.000132943 0.00266613 -0.0163952 0.0220445 0.000696137 0.0112561 -0.0148018 -0.00390295 -9.63895e-05 0.0184391 0.00581504 -0.00019623 0.000506942 0.00503593 0.00181593 -0.0196312 0.0167442 0.00164154 0.000595564 0.00199836 -0.0176122 0.000271108 0.00476503 6.60575e-06 -0.000101966 0.00167269 0.000294576 0.000938369 0.000326915 0.00234992 4.11756e-05 0.00614721 0.000583334 -0.0089298 -0.00094951 0.000442077 -0.000160337 0.000572548 0.00859194 -0.00148145 0.000731912 0.00182903 5.43163e-05 -1.98681e-05 0.00740432 -0.000771555 -6.09756e-05 -0.00247556 -0.0209494 0.00400481 -0.00032228 0.0130698 0.000603203 0.000343861 0.000268344 0.00125163 0.000449709 -0.000150453 -0.00357552 3.96764e-05 0.000255007 -0.00110219 -0.010641 0.000518112 -9.84535e-05 -0.000473353 0.00202442 0.00025518 -0.0261605 0.00014609 -0.000142198 0.00436287 -0.000115644 0.00137301 -0.000217511 -7.76162e-05 0.00758595 
-0.000149218 -0.000299865 -0.00261018 -2.76832e-05 1.26015e-06 5.82446e-05 2.17449e-06 0.00663199 -1.28968e-05 -0.00333133 -0.000840179 -7.59784e-05 0.0020793 -0.00603882 2.77914e-05 1.3107e-05 0.00844802 -0.00465021 0.014862 -0.000192535 -0.000494353 -0.002344 0.00568331 0.000763526 -0.00756779 0.00380769 -0.00300576 -0.0004877 -0.00407975 -0.0010762 0.00159136 -1.75993e-05 -0.00515203 -0.00152134 -1.32599e-05 -2.91193e-05 -0.00265439 -0.000787669 0.00536166 -0.00434513 -0.000382334 -0.000116796 -0.000532614 -0.000230596 0.000679017 -0.00124159 -3.38497e-08 3.66734e-06 -0.00045994 -9.80623e-05 -0.000281498 -9.22586e-05 -0.00724137 -5.20253e-06 -0.00114812 -4.50757e-05 0.00270194 0.000683078 -0.000115605 9.38962e-05 -0.000188421 -0.00248575 -0.000325259 -0.000278863 -0.000346731 -1.80099e-05 0.00111182 -0.00133059 -5.47262e-07 -1.42197e-05 0.00554052 0.00314271 -0.00108315 -5.37964e-05 -0.00350141 -5.89305e-05 -8.45266e-05 -7.64562e-05 -0.000662962 0.00107142 -2.4261e-05 -0.00135421 2.86313e-06 -5.46965e-05 0.0051898 0.00474214 -0.000158358 -6.6334e-05 -4.46889e-06 -0.00123009 -0.000170286 0.00590267 -2.9676e-05 -7.38891e-05 -0.001171 -0.000251632 -0.000342933 0.000116154 -1.44137e-05 -0.00106117 
-0.000192854 -0.00010613 -5.42234e-05 -4.2171e-05 -1.78915e-05 1.11673e-05 9.19756e-08 -1.4864e-05 -1.16863e-05 0.00897741 0.00177621 -0.000142064 0.00317274 -0.00365116 -0.00398322 -7.7425e-05 -0.000709462 -0.0046699 -0.000192535 0.0241361 -0.000432325 -0.00408641 -0.00368248 0.000203744 -0.00102659 0.00222733 -0.00220994 -0.000761577 -0.00324639 0.000801275 -0.00076762 9.01065e-05 -0.00372072 -0.00191187 3.20682e-05 0.000192385 0.00274899 0.000669645 0.00247755 -0.00467499 -0.00037993 6.66242e-05 -0.000859323 0.00665695 -0.000502594 -0.000911793 5.15772e-06 -1.7696e-05 -0.000466064 -0.000111813 -0.000232393 -6.91214e-05 0.00287045 1.08295e-05 -0.00294863 -0.000225559 -0.000457359 1.08574e-05 -6.15115e-05 4.21748e-05 -0.000238665 -0.00274651 0.000170292 2.42204e-05 -9.57028e-05 -3.25726e-05 -4.18846e-05 -0.000413224 0.00010244 -6.99485e-06 -0.000335872 0.00105174 -0.000990743 0.000122522 -0.00305311 -0.000186202 -0.000126724 -8.3044e-05 -0.000289378 -0.000629077 0.00028989 0.00154623 -2.54859e-05 -0.000108743 0.00370681 -0.000525924 -0.000135993 0.000182355 -7.83223e-06 0.00019721 6.0566e-05 -0.00318849 -6.09139e-05 0.000172501 -0.00136036 -4.3316e-05 -0.00045875 3.5894e-05 7.68931e-05 -0.00210356 
-0.000377632 0.00277826 -0.00548798 -8.9069e-05 -3.55952e-05 -2.48403e-05 6.60943e-05 -0.021126 -3.33216e-05 -0.015931 -0.00341871 0.000151922 -0.0221162 -0.00391692 0.0102369 -7.26592e-05 -0.00613759 0.00236571 -0.000494353 -0.000432325 0.052423 0.00539951 -0.0249255 0.00193887 -0.0187579 -0.0236284 0.00794893 9.23437e-05 0.0125023 -0.00780748 -0.0312142 -2.89706e-05 0.0189724 0.0179579 -1.06754e-05 -0.000168989 0.000483233 0.00109448 -0.0168388 0.0194187 0.00790915 -4.24719e-05 0.00105231 -0.00511049 0.000211085 0.00647486 4.50381e-05 4.85891e-05 0.00225525 -0.000120597 0.000722462 0.000373188 -0.00790558 0.000339076 0.00710722 0.00134446 -0.00132561 3.11074e-05 0.00108806 0.000375348 0.0001023 -0.00142715 0.00171496 0.000382557 0.0176453 0.000568511 0.000395588 0.0134262 0.000132004 -6.12657e-05 -0.000770099 -0.0157929 0.0143005 -1.3469e-05 0.00290517 0.00273817 0.000109925 8.77927e-06 0.000975635 0.00895256 0.000395251 -0.00605104 9.82325e-05 0.00107057 0.00756265 -0.0280019 -0.000324855 0.000878638 0.000113315 0.00174873 0.0110309 -0.0184507 -8.6816e-05 0.000439226 -0.00376004 0.000202079 0.00159996 -4.10797e-05 -3.419e-05 0.01969 
0.0073746 0.00129624 0.0700006 0.00136312 0.000349817 -0.000284891 1.26637e-05 -0.0764573 4.51066e-06 -0.0506355 0.00751226 0.00249689 -0.072006 -0.0181957 -0.0295582 0.00759801 -0.011341 0.0119192 -0.002344 -0.00408641 0.00539951 0.167963 -0.0793708 -0.00124869 -0.0172783 -0.0758028 0.0314035 0.0111112 0.043136 -0.0224113 -0.0185982 0.000457774 0.0782686 0.0356832 0.000237609 0.00719047 0.0717454 0.0121177 -0.103475 0.0642866 0.0129693 -0.00128888 0.0086729 -0.0244044 -0.00142519 0.0130139 -0.000282769 0.000249382 0.0228802 0.00441939 0.0137715 0.00451978 -0.0463322 0.00016169 0.0433538 0.00225487 -0.00384731 -0.000237026 0.0020594 -0.000215197 0.0007871 0.0869378 0.0107965 0.00581952 0.0120459 0.000545427 -0.000430162 -0.0137742 -0.000276792 0.0011257 -0.00429279 -0.0742719 -0.00652111 -0.000367895 0.0617447 0.00474777 0.00341436 0.00279926 0.000113772 0.00763914 0.00070638 -0.0979762 -0.000281922 0.000823682 -0.00154716 -0.099148 0.00718752 0.000650057 -0.00014723 -0.00616897 -0.00229287 -0.0794671 0.00163646 -0.000474197 0.0449562 0.00314642 0.0111615 -0.000195287 0.000134382 0.0125868 
-0.00528424 -0.00836078 -0.0458408 -0.00085926 -0.000446132 0.000610545 -7.21535e-05 0.111958 -0.000237466 0.0292524 -0.0386126 -0.00403533 0.0989249 0.0175914 0.037641 -0.00794522 0.0294755 -0.021106 0.00568331 -0.00368248 -0.0249255 -0.0793708 0.243222 -0.00158279 -0.0260067 0.142661 -0.0746436 0.000315499 -0.0745525 0.0182129 0.0075806 -0.000512598 -0.130077 -0.0596135 -0.000360099 -0.0102449 -0.0864969 -0.0196231 0.16689 -0.0982872 -0.0140683 -0.00663646 -0.0193711 0.0200205 0.00365629 -0.0491399 -0.0012344 -0.000692827 -0.0209227 -0.00374968 -0.0110118 -0.00383568 -0.00421406 -0.000469553 -0.0226954 -0.00572609 0.0072976 0.000404823 -0.00389406 4.97503e-06 -0.00344572 -0.0508269 -0.00917476 -0.0103202 -0.0207315 -0.00044611 0.00180662 -0.0366146 -0.00136904 -0.000822644 0.0168745 0.114371 -0.038295 -0.00168075 -0.0979877 -0.00567106 -0.00324216 -0.00280253 -0.020114 -0.00905516 -0.00178487 0.058079 -0.000449177 -0.00158748 -0.00186918 0.127771 -0.00337493 -0.0025718 -0.000195069 0.0155303 -0.00679641 0.148194 -0.00171261 -0.00339049 -0.0363119 -0.00493351 -0.0136808 3.49476e-06 5.05139e-06 -0.042339 
-3.56327e-05 5.38426e-05 -0.000983491 -1.0861e-05 3.49426e-06 6.94736e-05 2.23864e-05 0.000161618 1.58241e-06 -0.00204511 0.000531949 2.29444e-05 -0.0016811 -0.00121322 0.00114928 0.000716187 0.000206474 -0.000132943 0.000763526 0.000203744 0.00193887 -0.00124869 -0.00158279 0.00656835 -0.00138632 -0.00137642 -0.0016616 -0.000123733 0.000938468 -0.000870975 -0.00167953 3.19983e-06 1.62427e-05 0.000613644 -2.04289e-06 0.000411206 -0.000421383 -0.000383407 -0.000207552 -0.00160171 -2.1747e-06 0.000120382 -2.83594e-05 0.00142168 -0.000118315 -0.000184636 -3.85325e-06 8.51048e-06 0.000349299 5.13027e-05 8.67385e-05 -1.21048e-05 0.000204881 -2.43728e-06 0.000323988 -3.00573e-05 0.000283977 0.000192701 0.000156298 9.98243e-05 -5.4184e-05 -0.00104837 -1.04267e-05 -2.93486e-05 0.000261601 3.42055e-06 0.000394097 0.000429529 1.71279e-05 6.67815e-07 0.000281678 -0.0017371 0.00192737 5.61938e-05 -0.000182696 -5.09746e-05 -2.10824e-05 -2.73411e-05 0.000220773 8.82877e-05 0.000418064 0.000463399 7.5632e-06 2.27087e-05 9.15136e-05 -0.00173533 -5.58892e-05 1.98582e-05 7.49593e-05 0.00029343 0.00184258 -0.0022245 0.000107129 0.000237849 -0.000226964 -9.38517e-05 -5.64628e-06 7.85912e-06 -7.12979e-06 0.00157755 
-0.00589288 -0.00143538 0.027046 -0.000256189 -0.000173862 -0.000566816 -5.75779e-05 -0.0326197 -2.45468e-05 -0.0147176 0.00269516 -0.00218574 -0.0409171 0.0333811 0.00934883 -0.00963271 -0.0369559 0.00266613 -0.00756779 -0.00102659 -0.0187579 -0.0172783 -0.0260067 -0.00138632 0.207974 -0.0161453 -0.00304859 -0.00290935 0.0461429 0.023754 0.0322812 -6.89993e-05 0.0490465 -0.0213934 0.000109848 -0.00195101 -0.0100319 -0.00571291 -0.0372625 0.0232652 -0.00733337 0.00125432 0.00176729 -0.0224018 -0.00501119 -0.00355076 0.000352304 0.000128171 -0.0229749 -0.00395145 -0.0118705 -0.00439297 0.0899601 -8.82048e-05 0.0102317 -0.00258906 -0.00599303 -0.000818989 -0.0027736 -0.000394744 -0.00178448 0.0108291 -0.0113535 0.00413879 -0.0143822 -0.000620577 -0.000338163 0.00279516 0.000426848 -0.000485823 -0.0260777 -0.0144144 0.0178987 0.000961005 0.0365935 -0.00448656 -0.00236638 0.000959804 0.0132172 -0.00982412 -0.00281207 0.0025001 -0.000417599 -0.000887535 -0.0956256 -0.00687197 -0.0017905 -0.00124391 0.000105545 0.00739969 -0.00200572 -0.0471127 -0.00175353 0.00175144 0.00165454 -0.00756921 -0.00734079 -0.000366765 4.8134e-05 0.00937548 
-0.00637931 -0.00907272 -0.0383663 -0.00107577 -0.00048398 0.000373292 -8.27716e-05 0.108179 -0.000363735 0.0456934 -0.0369477 -0.00451887 0.110959 0.0104441 0.00242864 -0.00864818 0.0290238 -0.0163952 0.00380769 0.00222733 -0.0236284 -0.0758028 0.142661 -0.00137642 -0.0161453 0.205039 -0.0316444 -0.00982682 -0.0653529 0.00833105 0.0313098 -0.000611027 -0.133577 -0.0640659 -0.000510604 -0.0104067 -0.0811346 -0.0137118 0.154872 -0.134778 -0.0183147 -0.00564515 -0.0246435 0.0218599 -0.00123165 -0.0460669 -0.00108946 -0.000728662 -0.0210328 -0.00413551 -0.0103413 -0.0040359 0.0234382 -0.000464045 -0.00855366 -0.00638627 0.00659082 0.000248937 -0.00440619 -4.25175e-06 -0.00547199 -0.0507008 -0.010606 -0.00813795 -0.0125078 -0.000501753 0.00127047 -0.0292386 -0.000633811 -0.000890508 0.0123069 0.114678 -0.0404663 -0.00222862 -0.103808 -0.00698764 -0.00343506 -0.00339253 -0.0168381 -0.0122334 -0.000668392 0.0581057 -0.000348146 -0.00240617 0.00955645 0.127682 -0.00663969 -0.00216178 8.24016e-05 0.0146733 -0.0030718 0.135334 -0.00219154 -0.00405872 -0.0490469 -0.0051791 -0.0145316 -0.000144262 -6.02988e-05 -0.0406018 
0.00277757 0.00135225 -0.0203078 1.86885e-05 0.00011922 5.58565e-05 3.58833e-06 -0.0487599 -3.92937e-05 -0.0294125 -0.0010128 0.0010092 0.0328986 -0.0375439 -0.104737 0.003531 -0.00261746 0.0220445 -0.00300576 -0.00220994 0.00794893 0.0314035 -0.0746436 -0.0016616 -0.00304859 -0.0316444 0.23344 -0.00993863 -0.00625631 -0.0415348 0.0131401 -0.000439843 0.0116679 0.0383802 -0.000223332 -0.00181916 0.00943084 0.0155486 -0.0346378 0.0100534 -0.000178058 -0.00185078 0.00480163 -0.0116637 -0.00595516 0.0175509 -0.000867821 0.000382991 0.0100927 0.000754375 0.00636658 0.00244592 -0.0151567 0.000269687 -0.0416018 0.00355412 -0.00983706 -6.72842e-05 0.00222079 -0.00036059 -0.00161582 -0.0135831 0.000738618 0.00254088 0.0123989 3.87589e-05 -0.00289405 0.0356284 -0.000444015 0.000396539 0.0121378 -0.0195094 0.0091464 -0.000185036 0.002436 0.00374719 0.00179442 -0.000177796 0.00306784 0.00833088 0.000412919 0.0235967 -0.000233784 -0.00136775 0.0583171 -0.0091116 -0.00157806 0.000835464 -0.000466028 -0.0234755 -0.000486033 -0.037236 -0.000232647 -0.00151334 -0.013345 0.00517892 0.00813587 -0.000660874 -0.000332195 -0.000661623 
0.000899612 -0.000823761 0.00033257 0.000438131 -3.4602e-05 -3.0751e-05 4.27852e-06 -0.00554619 -3.02218e-05 -0.00560135 -0.00296422 0.000489978 -0.0109346 0.00121818 0.0136213 0.000163395 -0.00479439 0.000696137 -0.0004877 -0.000761577 9.23437e-05 0.0111112 0.000315499 -0.000123733 -0.00290935 -0.00982682 -0.00993863 0.0407413 0.001503 0.00298444 -0.0224566 7.40551e-05 0.00536168 0.00507164 3.58794e-05 0.000468101 0.00420366 -0.00154262 -0.00744099 0.010898 0.00148539 -0.000362665 0.00109709 -0.00762175 0.00386546 0.00303658 -9.5965e-05 5.37899e-05 0.00429891 0.00048517 0.000532258 0.00180877 -0.00907874 -2.81106e-05 0.00671626 -0.000414017 -0.000674194 -4.54051e-05 -0.000254517 -4.36068e-05 0.00127718 0.00823514 0.00628269 0.000615675 0.000502911 0.000214825 0.000182436 -0.00577797 -3.13162e-05 -5.28622e-05 -0.00149011 -0.00390437 -0.00141507 8.69966e-05 0.00483146 0.000731541 0.000109928 -2.43961e-05 -0.000504087 0.000870228 -0.000196522 -0.0161962 2.92581e-05 0.000282608 -0.00620598 -0.00900579 0.00139055 -9.29082e-05 0.000132724 0.0039402 6.69285e-05 -0.00762905 0.000161678 -0.000166241 0.00363996 -0.000139669 2.76975e-05 -1.65349e-05 7.91211e-05 -7.98469e-05 
-0.0019496 -0.000555851 0.0792763 0.000484341 4.73258e-05 -0.000317122 -1.51857e-05 -0.118914 -0.000133502 -0.0448568 0.00486105 -0.00159274 -0.133477 0.0224412 0.0168012 -0.00401243 -0.0334225 0.0112561 -0.00407975 -0.00324639 0.0125023 0.043136 -0.0745525 0.000938468 0.0461429 -0.0653529 -0.00625631 0.001503 0.210073 0.0449568 -0.00736798 0.000402698 0.148876 -0.0133276 0.000220737 0.00557446 0.0286361 0.00774599 -0.12546 0.0936239 0.000780151 -0.00159564 0.0166762 -0.0192014 0.00757875 -0.000507371 0.00145656 -0.000342397 -0.00874943 -0.00109981 -0.00473502 -0.00191565 0.0286016 6.89881e-05 0.083702 -0.000994677 -0.00651603 -0.000277435 -0.000174993 0.000425576 0.00502663 0.0735658 -0.00197397 0.00740676 -0.00659468 -2.25194e-05 -0.000520903 0.00173359 0.00124419 0.000242606 -0.0112403 -0.114924 0.042663 0.000703343 0.100235 7.70202e-05 -0.0013807 0.00188292 0.024735 -0.00543462 -0.00124595 -0.0998604 0.000513861 0.00158745 -0.0704944 -0.133496 -0.00039867 -0.000329784 0.00056686 0.00152315 0.00748344 -0.112095 -0.000865314 0.00332618 0.0062303 -0.00447237 -0.00123285 0.000114204 3.56128e-05 0.0518952 
-0.0015256 -0.0021184 0.00751386 -0.000163943 5.50429e-05 -8.02901e-05 -1.67987e-05 -0.0298661 0.00026485 0.0154144 0.000811673 -0.00081977 -0.0244384 0.00450209 0.0121122 -0.00228934 -0.0121989 -0.0148018 -0.0010762 0.000801275 -0.00780748 -0.0224113 0.0182129 -0.000870975 0.023754 0.00833105 -0.0415348 0.00298444 0.0449568 0.133283 0.0151756 0.000145709 0.0244323 -0.0160628 0.00011629 -0.00029529 -0.00791463 0.00159292 -0.00518922 0.0288913 -0.00342301 0.00178501 -0.00416078 0.00181318 0.00546975 0.00495776 0.000460748 -0.000161058 -0.00547096 -0.000992711 -0.00300991 -0.00110658 0.0168552 -1.02219e-05 0.0197733 -0.00142401 0.00278536 -0.000179969 -0.000808387 -3.23593e-05 0.00347768 0.00638823 0.00117648 -0.00105555 -0.00568525 -9.90693e-05 -0.000747588 -0.0188636 -0.000293152 -6.44947e-05 -0.00685874 -0.0365368 -0.00711852 -0.000111847 0.00771478 -0.00167084 -0.000856779 -0.000542713 -0.00248982 -0.00396474 -0.000921016 -0.0234199 0.000757165 -0.000150731 -0.0381099 -0.00560924 -0.000811702 0.0003529 6.14297e-05 -0.0109837 -0.00167736 -0.0166079 -0.000494319 -0.000675335 -0.00435657 -0.00266367 -0.00364467 -3.22845e-05 0.000200615 -0.00800101 
-0.00659962 0.00120635 0.0201995 -0.000204044 -0.000108778 -0.000930666 -6.97901e-05 -0.000496828 -0.00041928 0.0231708 0.0224144 -0.00190411 0.00757362 0.00407787 -0.0852954 -0.00732254 0.0225133 -0.00390295 0.00159136 -0.00076762 -0.0312142 -0.0185982 0.0075806 -0.00167953 0.0322812 0.0313098 0.0131401 -0.0224566 -0.00736798 0.0151756 0.204468 -0.000320556 -0.00444124 -0.0282785 -0.000299968 -0.00781432 -0.00533746 0.0037086 0.0172671 -0.0207823 -0.0101601 0.00156043 -0.0130191 0.0315611 -0.00433658 -0.00616726 0.000248683 1.48043e-05 -0.0195472 -0.00415788 -0.0118951 -0.00346235 0.025064 -0.000363326 0.01152 -0.00373135 0.00460765 -0.000504833 -0.00175894 8.33096e-05 -0.00562761 -0.00309434 -0.0130049 -0.00301467 -0.0213904 -0.000701658 -0.00160084 -0.0321675 -0.00154757 -0.000101593 -0.00554984 -0.0220351 -0.0275807 -0.000443233 0.00612007 -0.00565872 -0.0014316 -0.000888757 -0.00468113 -0.0138812 0.000327629 0.015804 -8.25603e-06 -0.00190198 0.0105806 0.0366461 -0.0028995 -0.00138453 -0.000285381 -0.0112491 -0.0104326 -0.00636101 -0.00178957 -0.00225978 -0.00171556 -0.00579547 -0.0135241 -0.000218357 -0.000296583 -0.0115772 
3.06684e-05 -2.53755e-05 0.000117336 3.04278e-05 1.39231e-05 2.37364e-05 1.33328e-08 -0.000444396 4.59697e-05 -0.000354994 -9.07924e-05 3.15338e-06 -0.000688336 -0.000527876 -0.000201175 8.85247e-07 -0.000102276 -9.63895e-05 -1.75993e-05 9.01065e-05 -2.89706e-05 0.000457774 -0.000512598 3.19983e-06 -6.89993e-05 -0.000611027 -0.000439843 7.40551e-05 0.000402698 0.000145709 -0.000320556 0.00127535 0.000691343 -1.49041e-05 0.000100113 0.000459163 0.000494626 -8.02142e-06 -0.000723466 0.000137029 0.000139751 -4.82961e-06 1.20417e-05 -4.44924e-05 3.87321e-05 -5.2436e-05 1.34551e-05 -1.02916e-06 0.000297458 9.77416e-05 8.89268e-05 0.000106334 -0.000174389 -3.5838e-07 0.000180543 -6.15878e-06 -3.19464e-05 -1.51386e-06 -4.43414e-06 1.02404e-05 1.68216e-05 0.000410738 0.000162046 0.000329079 -3.21637e-05 5.03196e-06 -1.40436e-06 -9.73443e-05 0.000217921 5.96797e-05 -5.53623e-05 -0.000502385 0.000121053 0.000275403 -2.30013e-05 -1.58671e-05 3.77788e-06 5.29053e-05 0.00022136 -3.16452e-05 1.72581e-05 -0.000696662 -6.5766e-07 1.8261e-05 -0.000284585 -0.000598389 5.3249e-07 6.52347e-05 2.54693e-07 -9.7014e-05 -1.406e-05 -0.000572615 0.000140438 0.000298135 0.00040257 -1.76771e-05 -1.21504e-05 2.64527e-05 1.51632e-05 0.000209542 
0.00167074 0.00680382 0.097281 0.000964706 0.000347956 -0.00049036 6.95176e-06 -0.143968 4.87417e-07 -0.0586797 0.0337161 -0.000557453 -0.17574 0.0255708 0.00400716 -0.00330066 -0.0425078 0.0184391 -0.00515203 -0.00372072 0.0189724 0.0782686 -0.130077 1.62427e-05 0.0490465 -0.133577 0.0116679 0.00536168 0.148876 0.0244323 -0.00444124 0.000691343 0.230727 0.0289256 0.000500012 0.00752905 0.0783994 -0.00651252 -0.183486 0.143685 0.0159292 0.00467798 0.0193226 -0.0349933 0.00500709 0.0122811 0.00132272 0.000317805 0.00107786 -4.15998e-05 0.000468074 0.00231795 0.0141581 0.000341776 0.081115 0.00169053 -0.00764018 -0.000392973 -0.00182095 0.000313194 0.00459287 0.0897431 0.00247202 0.0120891 0.00437227 0.000557789 -0.000911059 0.00707773 0.000957961 0.00060653 -0.0158109 -0.14787 0.041894 0.00212784 0.134449 0.00369393 0.00134838 0.00299958 0.0247574 0.00171787 -0.000972159 -0.118733 0.000525817 0.00228817 -0.0648992 -0.177285 0.00565981 0.00237447 0.000252049 -0.00429567 0.00499661 -0.157502 -0.000258608 0.00376706 0.0393656 -0.00401765 -0.000381738 -2.01818e-06 4.49901e-05 0.0590584 
0.00768912 0.00650605 -0.0083747 0.000163149 0.000408733 -0.000174583 6.87507e-05 -0.0383062 0.000275286 -0.0268653 0.0118759 0.00396665 -0.0183095 -0.021886 -0.0218846 0.0103979 -0.0104834 0.00581504 -0.00152134 -0.00191187 0.0179579 0.0356832 -0.0596135 0.000613644 -0.0213934 -0.0640659 0.0383802 0.00507164 -0.0133276 -0.0160628 -0.0282785 -1.49041e-05 0.0289256 0.0978731 0.000112217 0.00336708 0.0285263 0.00626708 -0.0556495 0.0433704 0.00987447 -0.000313789 0.00262287 -0.00583054 -0.00077831 0.0259423 -0.000119607 0.000972335 0.02538 0.00392497 0.0146265 0.0049851 -0.0299806 0.000432245 -0.0124891 0.0039613 -0.0022477 -8.25401e-05 0.00448195 3.58598e-05 0.00203718 -0.00198721 0.00903457 0.00433409 0.0236469 0.000626108 -0.000588242 0.016314 -0.000273834 0.00031442 -0.00433565 -0.0339074 0.000430654 0.00148282 0.00703794 0.00604173 0.00435619 0.000290565 -0.0023748 0.0159772 0.000357863 -0.0121626 -7.3941e-05 0.000129217 0.0325058 -0.0495712 0.00217124 0.00201646 -0.000106901 -0.0085844 -0.000502383 -0.041608 0.00148883 -0.000134428 0.00914969 0.00486236 0.0140246 -0.000128245 7.08813e-06 0.00711228 
