0.025164 -0.000115536 -1.29637e-06 0.00242448 -0.000773781 0.0110376 -0.00387127 -0.00707812 4.58036e-05 -0.00142964 -0.00118977 0.00250775 -0.00580731 -0.000272021 -0.00352212 -0.00741559 -0.000439616 0.0070182 -0.0059265 -0.000225047 -0.00036623 -5.2315e-05 -0.00511977 -0.00645832 0.00805934 -0.00126721 -0.00520519 -3.60979e-05 0.0012275 0.00487895 -2.1597e-05 -0.000236997 -0.0015705 -0.000728791 -0.000259752 -0.000743566 0.000702701 -0.000361692 0.00915518 -1.73786e-05 -0.0034726 0.000164099 -0.00192118 -0.0046258 -0.000605508 0.00174631 0.000840418 0.000881129 -0.00189947 0.00241339 4.37804e-05 -0.000114672 -0.000392755 -2.39864e-06 -0.00202558 0.000442316 -0.00132429 -0.000249593 0.00842602 0.00221193 -0.000567595 -0.00175224 -0.00151961 -0.000436711 -0.000304068 0.011147 -0.00041691 -3.12904e-05 -0.000124055 -0.000814674 -0.000338 -4.73892e-05 -0.00355773 -0.000503498 -0.00184233 0.00328864 -3.16416e-06 -3.10097e-06 -0.00537244 8.93144e-05 0.000204148 0.00310317 -0.00463395 -9.14456e-05 5.62347e-05 7.32327e-07 -0.000200772 -7.18861e-06 0.000544067 -0.00029201 -0.00019219 -1.04111e-05 0.00184078 -0.00608623 -0.00568848 -0.00059862 0.0128858 -0.00868197 -0.000978428 -0.000307403 
-0.000115536 0.00998573 -4.68649e-05 -0.000401542 -0.000129956 -0.000743583 0.000215195 0.00203966 2.95621e-05 -0.00325445 0.00309651 -0.00285505 -0.00335934 0.000854442 0.00285007 0.00595616 0.00543032 -0.00590745 0.000687689 -0.000105038 0.00388189 0.000134527 0.00196442 -0.00349018 -0.00573068 -0.000218576 0.00297027 -1.23841e-05 -0.00157349 -0.00082927 -6.01493e-05 0.00100929 0.000685128 -5.01873e-05 6.87122e-05 0.000435016 -0.00436058 0.000534997 -0.00346073 3.68215e-05 0.0057441 -4.95897e-06 0.000202028 0.00701744 4.65219e-05 -0.000111351 -0.000259468 0.000555722 4.82976e-05 -0.00342496 -2.00935e-05 5.86975e-05 0.000364674 -2.72396e-06 -0.00106652 -4.0302e-05 0.000230824 -9.69232e-05 -0.000848251 -0.00607374 -0.000102836 -0.000661992 0.000274506 -9.81697e-05 -4.4046e-05 -0.00507801 -0.000404305 2.28399e-05 0.000570934 -0.000181562 -2.84556e-05 -3.32987e-05 0.00397829 0.000367899 0.00275826 -0.00181491 1.09753e-05 -1.04179e-06 -0.00293169 1.20196e-05 -5.00249e-06 -0.0015954 0.000344546 -0.000195081 -0.00114602 -7.37311e-07 -0.000123484 6.13013e-11 -0.000824961 0.000396366 7.17475e-05 5.04837e-05 -0.000189382 0.0010028 -0.00254487 0.00217254 -6.64627e-05 -0.00246853 -0.000375083 0.000400756 
-1.29637e-06 -4.68649e-05 0.00723722 0.000440211 -0.000205543 0.00121192 -0.00066962 -0.000528656 1.16469e-05 -0.000899547 -0.000349961 -0.000812821 -0.00244529 -8.55622e-05 0.00095339 -0.00279214 -0.000282513 0.00232094 -0.00165014 9.77386e-05 -0.000744386 -6.11707e-05 -0.00407435 0.00132539 0.000159379 -0.000365183 -0.00213141 1.01332e-05 3.45191e-05 0.00373292 -8.80548e-05 -0.000154329 -0.000653225 0.000706152 -8.25633e-05 -0.000219366 0.000385284 -0.000415978 0.00427572 -4.22409e-06 -0.00142166 -9.7241e-06 -0.000654349 -0.00142083 -0.000168888 0.0015965 0.00181775 -0.000104398 -0.000677345 -0.00293168 -3.50356e-05 -2.82358e-05 -0.0001169 8.49802e-06 -0.000337782 -2.03729e-05 -0.000403479 0.00011207 -0.000226053 0.00185824 -0.000148453 -0.000297989 -0.000554958 -0.000143561 -4.05916e-05 0.00335864 0.000261209 -8.33677e-06 -5.52293e-05 -0.000216857 -0.0001057 -2.93348e-05 -0.000170519 -0.000143827 -0.000653512 0.00475817 1.96655e-06 3.55108e-05 0.000448729 7.97705e-07 1.51788e-05 0.000110698 -0.00115593 -0.000134108 0.000537422 1.08896e-05 -5.72576e-05 -2.39142e-06 -0.000578834 -8.09666e-05 -5.68674e-05 -1.5504e-05 0.00186028 -0.00170408 -0.00137114 7.49771e-05 0.00152695 -0.00521279 4.87867e-05 -8.61632e-05 
0.00242448 -0.000401542 0.000440211 0.0411815 -0.000971419 0.00246213 -0.00308563 -0.0167779 -1.611e-06 0.0129147 -0.00202077 0.00299061 0.0139221 -0.000423411 -0.00900049 -0.0118546 -0.00165286 0.00817064 -0.0080244 8.36876e-05 -0.00396556 -0.000260493 -0.00464633 -0.00039015 0.0129404 9.55711e-05 -0.00420383 -2.89654e-05 0.000670611 -0.000877996 -0.00039735 -0.000913891 -0.00316971 -0.000623364 -0.000435923 -0.00127614 -0.000941725 0.00246956 0.00957181 -2.89405e-05 -0.00505524 -6.5688e-05 -0.000536447 -0.00519685 -0.00095492 -0.000483552 1.493e-05 0.00108038 -0.00373212 -0.00319803 -0.00036489 -0.000142037 0.000990164 -9.11378e-06 -0.00304334 -1.87315e-07 -0.000666171 0.000258764 0.00089958 0.00204368 -0.000245743 0.00735399 -0.00121903 -0.000650881 -0.00027799 0.0140867 -0.00112685 -4.27463e-05 -7.93025e-05 -0.00108004 -0.00057845 -0.000101355 -0.0067072 -0.00089941 0.000300392 -0.000204254 -4.72102e-06 -1.06337e-06 -0.0110734 -0.00017911 -2.8449e-05 0.00262681 -0.00426049 -0.00068179 0.0017308 -3.03547e-06 -0.000520663 -2.39431e-05 -0.00172615 -0.000501902 -0.000227714 -8.60825e-05 0.00247128 -0.00843621 0.0102276 -0.0030383 -0.00677952 -0.0020291 -0.00162408 -0.000160487 
-0.000773781 -0.000129956 -0.000205543 -0.000971419 0.0311922 -0.00218429 0.0144892 0.00610265 -1.00499e-05 -0.00534829 -0.00137533 -0.00242601 -0.0107539 0.000796249 -0.00671763 0.0153702 0.00133381 -0.020466 -0.00557878 -0.000387449 0.0115111 4.86816e-05 0.00912596 -0.0130317 -0.0130274 0.000473154 0.0172501 -4.57039e-05 -0.00693783 -0.00269585 -0.000371704 -0.000597719 0.000730296 -0.000811279 0.00095496 -0.000941715 -0.0189549 0.00673388 -0.00926989 -1.73967e-05 0.0115185 -3.6401e-05 0.0150801 0.0171265 -0.000573845 -0.000483938 -0.000865635 0.000132359 0.0115614 -0.0136433 -0.000496323 0.000497214 0.000688417 4.33323e-06 -0.00310078 -0.000205267 0.00496743 -0.0003173 0.00476797 -0.0205842 -0.000726401 -0.00237868 0.00800033 0.000884641 -0.000447662 -0.0155205 -0.00132953 1.77823e-05 8.41938e-05 -0.000711054 -0.000241353 -8.27954e-05 -0.00125116 -0.000630568 0.00877742 -0.00431945 4.96046e-05 9.3465e-07 -0.010865 -8.35305e-05 -2.28025e-05 0.00650778 0.00703262 -0.0004914 -0.0037012 -2.37078e-06 -0.000300843 0.000118814 -0.00453897 -3.06877e-05 -0.000159155 -2.52912e-08 -0.000791263 -0.00575552 -0.00765567 -0.00128024 0.00744952 0.00164576 0.00363543 0.000994848 
0.0110376 -0.000743583 0.00121192 0.00246213 -0.00218429 0.0722967 -0.0096265 -0.0141067 6.64084e-05 -0.0105165 -0.0030192 0.00401694 -0.0255722 -0.000859824 0.00116885 -0.0258367 -0.00221519 0.021443 -0.0120217 0.000361931 -0.00343266 0.000339424 -0.0394942 0.0177296 0.0102357 -0.0025095 -0.0121885 0.000106073 0.00273826 0.014704 -0.000854505 -0.00161435 -0.00521 0.000361897 -0.000834039 -0.000226213 -0.0120149 -0.00164038 0.0287792 -1.7535e-05 -0.0150597 0.000411193 -0.00281829 -0.0136537 -0.00118391 0.00582283 0.00554927 0.00157702 -0.00477852 0.00420789 0.00235125 -0.000276164 -0.00124182 7.8622e-06 -0.0044784 0.00133724 -0.00152453 0.00105192 0.0288957 0.0115028 -0.00167821 0.000296795 -0.00396724 -0.00141672 -0.000577959 0.0273725 -0.00164507 -3.86569e-07 0.000333052 0.000511471 -0.00104436 -0.000261541 -0.00531573 -0.000945067 -0.00523271 0.0165121 -1.55118e-06 1.7466e-05 -0.000342852 -0.000251922 0.000153055 -0.0010654 -0.0100782 -0.00112525 0.0111491 7.22675e-06 3.18893e-05 -4.69515e-05 -0.000251135 -0.000795097 -0.000338337 -2.96604e-05 0.0052032 -0.0177085 -0.00626866 -0.00314886 0.0162344 -0.0300429 -0.00345688 -0.000805828 
-0.00387127 0.000215195 -0.00066962 -0.00308563 0.0144892 -0.0096265 0.135125 0.049169 -1.59668e-05 -0.00294563 -0.00763853 0.0240119 -0.0348386 0.00433806 -0.0192152 0.034214 0.00738356 -0.063577 -0.0332165 -0.0019794 0.0853194 0.00219019 0.0187784 -0.0567663 -0.0135947 0.00132837 0.0582008 -0.000203974 0.00692363 -0.00685159 0.000117708 -0.00143783 0.00554476 -0.00323058 -0.00155661 -0.00399735 -0.0401052 -0.00910237 0.0020268 4.17809e-05 0.0465034 -7.09127e-05 0.034631 0.0457323 -0.00328959 -0.00208921 -0.00261649 0.0104156 0.0307224 -0.0503957 -0.00245654 0.00185538 -0.00201493 1.29196e-05 -0.0156551 -0.000282279 -0.00853779 -0.000508381 -0.00552053 -0.0637092 -0.00259761 -0.00975543 -0.0118073 -0.00171327 -0.00219667 -0.0471148 -0.00598114 -0.000134207 0.000952319 -0.00445835 -0.000785154 -0.000351216 -0.00440764 -0.00346014 0.00750999 0.010619 3.36567e-05 -1.62942e-05 -0.0530672 -0.000561263 -0.000133345 0.00268786 -0.0185763 -0.00118093 -0.0173247 4.98428e-06 0.00751721 -1.89573e-05 -0.0149484 0.00459374 0.000171543 -0.000235343 -0.00173199 -0.0152678 -0.0257153 -0.0114109 0.0613619 -0.0214626 0.0376258 -0.00128181 
-0.00707812 0.00203966 -0.000528656 -0.0167779 0.00610265 -0.0141067 0.049169 0.248805 -0.000101323 -0.118405 0.010499 0.0225918 -0.124241 0.00106218 0.0332561 0.0846881 0.00681756 -0.0641662 0.0278727 0.00361312 0.0477847 -0.00402287 0.0457249 -0.0390614 -0.0846253 0.00794456 0.0452799 -0.000523748 0.0290114 -0.000599647 0.00672597 0.0059024 0.0431785 -0.00501328 -0.00412493 -0.0106653 -0.00403419 -0.0244989 -0.0903689 -7.82314e-07 0.0508848 0.000624614 0.0107269 0.0400973 -0.00582707 -0.00400387 -0.00183168 0.00745991 0.0288023 0.0218509 -0.00475287 0.00081929 -0.0051916 -7.59501e-05 -0.00746865 -0.00445362 -0.0243039 0.000384469 -0.00864632 -0.0371437 -0.00588669 -0.0182286 -0.0240005 0.00279922 -0.00434181 -0.114322 -0.013416 -0.000161675 -0.00168631 -0.0124792 0.00490631 0.000159949 0.0296374 -0.0084813 -0.00769963 -0.0212433 -1.46525e-05 -5.73939e-05 0.0474244 -0.0019879 -0.000178365 -0.045825 0.0212203 -0.00337241 -0.0249526 1.89151e-05 0.000363806 -0.000181954 -0.0286181 0.00518701 0.000466403 -0.000304388 -0.00244959 0.0663983 -0.0553966 -0.00134362 0.0602907 -0.023763 0.0133104 -0.00486566 
4.58036e-05 2.95621e-05 1.16469e-05 -1.611e-06 -1.00499e-05 6.64084e-05 -1.59668e-05 -0.000101323 0.000340031 -0.000110101 0.000131257 -0.000165775 -0.000115482 3.36808e-05 1.84415e-05 6.22748e-05 1.49831e-05 -7.4224e-05 8.23878e-05 3.66484e-06 7.68543e-06 5.74317e-05 -1.40038e-05 -6.97485e-05 -0.000107866 -2.12521e-05 -6.10667e-05 2.79354e-06 -9.47911e-05 4.95891e-05 8.56386e-06 3.96474e-05 -7.58583e-06 3.19681e-05 1.08554e-05 4.20063e-05 -0.000112419 2.36613e-06 -2.46144e-05 5.36929e-07 0.000136786 -5.49926e-07 -1.70009e-05 6.38375e-05 5.84511e-06 5.84044e-05 1.69859e-05 4.24751e-06 -8.44905e-06 3.97662e-05 4.19916e-06 -1.56172e-06 8.08925e-06 8.48157e-08 -1.55975e-05 6.87724e-06 1.04307e-05 -4.02145e-06 1.67887e-05 -0.000136559 -5.66968e-06 2.98275e-06 7.03078e-05 -6.02657e-06 2.97146e-05 -4.98601e-05 -1.24787e-05 1.70884e-06 1.85318e-06 -4.29716e-06 -3.84571e-06 3.83854e-06 -3.9773e-05 7.25003e-05 2.59498e-05 -6.37902e-06 4.06297e-07 3.06438e-06 -6.45314e-05 1.03756e-05 2.30742e-07 -1.94991e-05 -4.02242e-05 -4.90413e-06 -5.15275e-07 -1.87221e-08 3.04805e-05 1.92174e-06 -4.49261e-05 -1.83887e-06 2.50959e-05 2.25017e-06 -3.42857e-06 -5.13324e-05 -6.28486e-05 0.000108394 -5.11157e-05 -7.99435e-05 -8.97518e-06 -2.95192e-06 
-0.00142964 -0.00325445 -0.000899547 0.0129147 -0.00534829 -0.0105165 -0.00294563 -0.118405 -0.000110101 0.228778 -0.016332 0.018529 0.136277 -0.00381373 -0.0288503 -0.0996855 -0.0119902 0.0659424 -0.0790774 -0.00150509 -0.0174782 -0.003001 -0.0517596 -0.00397894 0.128753 -0.00837208 -0.038848 0.000361237 0.0155413 0.0051764 -0.00458395 -0.0070801 -0.0338594 -0.000902454 -0.00224043 -0.00862661 0.0335708 0.000344651 0.107442 -0.000234565 -0.0591006 -0.000325065 -0.0269141 -0.0617301 -0.00776273 0.00101008 0.00256223 -0.00714811 -0.0287266 -0.0322694 -0.00468916 -7.47153e-05 -0.00518795 0.000147348 -0.0176833 -0.000679361 -0.0151129 -0.000668442 -0.00951925 0.0576968 0.00514458 0.0193582 -0.01868 -0.00595311 -0.00169121 0.106937 0.00328435 -0.000287533 -0.00327362 -0.00812899 -0.00513883 -0.00132681 -0.0426434 -0.00745953 -0.0190279 0.057231 -6.75498e-05 7.59297e-07 -0.0844869 0.00204986 -0.000266967 0.0419336 -0.0405136 0.00570275 0.000599378 -1.3028e-05 -0.000552557 9.00075e-06 0.0409763 -0.000265095 -0.0011277 -0.00075548 -0.00529305 -0.050339 0.0624444 -0.0242989 -0.0040107 0.00348608 0.00778097 -0.00366343 
-0.00118977 0.00309651 -0.000349961 -0.00202077 -0.00137533 -0.0030192 -0.00763853 0.010499 0.000131257 -0.016332 0.0466496 -0.0208925 -0.0149659 0.00143933 0.00644597 0.010135 0.00379787 -0.00547825 0.0280345 -0.000511488 -0.00319718 6.8752e-05 0.00887245 -0.00147641 -0.0215112 -0.000765431 -0.00772596 -6.86805e-05 -0.00306706 -0.00386341 -1.21537e-05 0.00302697 0.00470185 -0.000730188 0.000308311 0.00214334 -0.00221768 0.00118119 -0.018053 8.66019e-05 0.00334175 -1.7443e-05 -0.0016052 0.00155018 0.00205175 -0.000576859 -0.00114326 -0.00102677 -0.00362206 0.00957928 0.0002187 -0.000133383 0.000628178 -1.22201e-05 0.0104555 -0.000432191 0.00166836 -0.000674608 -0.00388842 -0.00524138 -0.000879335 0.00320489 0.00371707 -0.000488417 -3.13056e-05 -0.0144796 -0.00183295 -3.71068e-05 -0.000276865 0.000535725 0.000876538 0.000427285 -0.00268928 0.000402287 -0.000672031 -0.00727783 9.78536e-06 7.13179e-07 0.0155717 0.000160177 -2.60795e-05 -0.00586637 0.00124274 -0.000499479 -0.00157312 -3.17971e-06 -0.000310295 5.61628e-05 -0.00133976 -0.000427995 -0.00023025 0.000186866 -0.00126951 0.00464613 -0.00553326 0.0187573 -0.0169718 0.00910962 -0.00276668 0.00130111 
0.00250775 -0.00285505 -0.000812821 0.00299061 -0.00242601 0.00401694 0.0240119 0.0225918 -0.000165775 0.018529 -0.0208925 0.183471 0.0449695 -0.00474501 0.0152235 -0.0542556 -0.0126463 0.0199249 -0.0131568 0.000693449 0.0181221 -0.00603465 -0.0184086 -0.0241277 0.0389789 0.0139586 -0.028064 -0.000129483 0.0423393 -0.00543344 -0.0025947 -0.000708833 -0.0258944 0.000935341 -0.00689469 -0.0227364 0.0196553 -0.0204087 0.0062631 -0.000245427 -0.0122078 0.000251258 -0.00638195 -0.0290743 -0.0158766 -0.00757869 -0.0101025 0.00158418 0.00195139 0.00468313 -0.00899817 -0.000143911 -0.00919666 -1.99706e-06 -0.0121032 -0.00703231 -0.0410357 -0.00418172 -0.0276936 0.0342725 -0.00351697 -0.00306158 -0.0426426 -0.00528177 -0.00738108 0.0262226 0.00492414 -0.000375421 -0.00385834 -0.0214115 -0.00435294 -0.00223535 -0.0302121 -0.0144195 -0.0135874 0.00185649 -5.469e-05 -9.42483e-05 0.025492 5.49755e-05 6.47665e-05 -0.0222926 -0.038902 0.00375965 0.0137561 -2.25242e-05 0.00133427 -0.000172767 -0.0236316 -0.00243653 -0.00307451 -0.00116616 0.00515617 0.0328671 0.0269991 -0.0361568 0.0641138 0.0178361 0.00754231 -0.00831756 
-0.00580731 -0.00335934 -0.00244529 0.0139221 -0.0107539 -0.0255722 -0.0348386 -0.124241 -0.000115482 0.136277 -0.0149659 0.0449695 0.243251 -0.00460783 -0.0194417 -0.100845 -0.0151259 0.0800637 -0.0208702 -0.00101456 -0.0463795 -0.00374243 -0.00631905 0.0100061 0.105993 -0.00147828 -0.0783256 0.000336745 0.0107205 -0.0177242 -0.00528575 -0.00396329 -0.0405597 0.00123454 -0.00312557 -0.0109387 0.0440818 0.00699645 0.046285 -0.000241213 -0.0606418 -0.000597843 -0.0280233 -0.0603238 -0.00843653 -0.00539587 -0.00789238 -0.00866699 -0.0347733 0.00204284 -0.00552392 -0.000642032 -0.00158406 1.34413e-05 -0.00985904 -0.00194028 -0.0153652 -0.00325975 -0.0221111 0.0761744 0.00440701 0.0170068 -0.0174294 -0.00438798 -0.000611291 0.0754858 0.0117051 0.000115087 -0.00346818 -0.00854384 -0.00569104 -0.00151283 -0.0516705 -0.00833574 -0.0135924 0.000571596 -7.25789e-05 -2.81996e-05 -0.0204716 0.00215899 -0.000163547 0.0155801 -0.0339671 0.00735528 0.0100871 -3.01144e-05 -0.0030919 8.39928e-05 0.0255218 -0.0051065 -0.00321864 -0.00083391 -0.00760657 0.00462627 0.0764659 -0.0163066 -0.0395719 0.0627379 -0.0122351 -0.00120381 
-0.000272021 0.000854442 -8.55622e-05 -0.000423411 0.000796249 -0.000859824 0.00433806 0.00106218 3.36808e-05 -0.00381373 0.00143933 -0.00474501 -0.00460783 0.0119922 -0.00114694 0.00658616 0.00410667 -0.00618826 -3.27208e-05 -0.000148113 0.00687943 0.0024958 0.00362071 -0.00429284 -0.00596278 -0.000310867 0.0035546 -1.67894e-05 -0.00325233 -0.00103361 -0.000137974 0.000778149 0.00177256 -0.000185774 0.000864481 5.3893e-05 -0.00734389 -0.000168594 -0.00334999 6.57847e-05 0.00626737 -1.94895e-05 0.00345474 0.00797552 -9.74371e-05 -0.000141163 -0.000330636 0.00101194 5.27143e-05 -0.00396113 -9.66623e-05 0.000526645 -1.69204e-05 -4.68097e-07 -0.00105079 0.00115905 0.00091464 -5.5759e-05 -0.000153134 -0.0077373 -0.000128222 -0.000913827 0.0015739 -0.000170587 -0.000127401 -0.00608168 -0.000499031 -1.2711e-05 0.0011937 0.000288691 -0.000162987 9.14057e-05 0.00231853 0.000757511 0.00111706 -0.00229144 2.65409e-05 -1.43713e-06 -0.00417496 4.47452e-05 -6.43514e-06 -0.000366677 -0.000729915 -0.000271914 -0.00140416 2.7793e-06 0.00057706 7.79178e-06 -0.0004491 0.000583953 -2.00839e-05 0.000323327 -0.000302482 -0.00276578 -0.00292853 0.00348846 0.000430178 -0.00205434 0.00246054 -3.97546e-05 
-0.00352212 0.00285007 0.00095339 -0.00900049 -0.00671763 0.00116885 -0.0192152 0.0332561 1.84415e-05 -0.0288503 0.00644597 0.0152235 -0.0194417 -0.00114694 0.170094 0.00036645 0.00186661 -0.00376419 0.0128972 -0.000259018 -0.00277908 -0.00231551 -0.0220596 0.0257136 -0.042435 0.00929805 -0.0147424 0.000754093 0.0121406 0.00185941 0.0002424 -0.00186607 -0.00438688 0.00748583 -0.00174231 -0.00283258 0.0192999 -0.0107528 -0.0146138 3.74165e-05 0.0113223 0.000139724 -0.00909987 0.0077609 -0.00164528 -0.000163289 0.00473229 0.00117459 -0.00221315 -0.00283726 -0.00280028 -0.000858341 -0.00275117 -1.14913e-05 -0.00631747 -0.0017892 -0.00816751 -0.00217907 -0.0129964 0.0138927 0.000858869 -0.00252843 -0.0136516 -0.0032608 0.00363745 -0.00766629 -0.00214876 8.98717e-05 -0.00186443 -0.00413849 -0.00188718 -0.000499673 0.0263957 -0.000896048 -0.0101813 -0.00957962 -2.46268e-05 2.49895e-05 0.0274937 -0.00129496 -0.000126818 -0.0304522 0.00268682 -0.00289467 0.00385694 -1.07724e-06 -0.00346122 -0.000151242 -0.0247571 -0.000482255 0.000499012 -0.000143681 0.00353425 0.0156946 -0.000808626 -0.00403654 -0.0214304 -0.0194624 -0.0108036 -0.000859248 
-0.00741559 0.00595616 -0.00279214 -0.0118546 0.0153702 -0.0258367 0.034214 0.0846881 6.22748e-05 -0.0996855 0.010135 -0.0542556 -0.100845 0.00658616 0.00036645 0.241051 0.0205051 -0.12795 0.0318082 -0.00419374 0.0525547 0.00459614 0.103329 -0.0606775 -0.141614 0.00552345 0.116153 -0.000537116 -0.0313682 -0.0334268 0.00701035 0.00663121 0.0432921 -0.00705462 0.00531256 0.0138011 -0.0699342 0.0128472 -0.113918 0.000289517 0.101605 -0.000275501 0.0476545 0.114177 0.00928459 -0.00596572 -0.0109407 0.00721837 0.0516426 -0.0357438 0.0039834 -0.000269336 0.00773282 -8.82579e-05 -0.0115189 0.00270937 0.0287849 -0.000151083 0.00631721 -0.1175 -0.00229157 -0.0262005 0.0381204 0.00687763 0.00125609 -0.148653 -0.012033 0.000213361 0.00355026 0.0128728 0.00493984 0.00173281 0.0559787 0.00986267 0.0415779 -0.0512728 7.73773e-05 -2.74884e-05 -0.0164571 -0.0014007 -0.000309847 -0.0154948 0.0649086 -0.00602247 -0.041842 8.29852e-06 0.00170015 3.33796e-05 -0.0367107 0.00437259 0.00425501 0.000992726 -0.00658248 0.0248739 -0.0791616 0.0266362 0.00496035 0.00694324 -0.00470772 0.00504363 
-0.000439616 0.00543032 -0.000282513 -0.00165286 0.00133381 -0.00221519 0.00738356 0.00681756 1.49831e-05 -0.0119902 0.00379787 -0.0126463 -0.0151259 0.00410667 0.00186661 0.0205051 0.0401661 -0.023664 -0.00273031 -0.000492603 0.0145838 0.00218852 0.0010224 -0.0085564 -0.0197668 -0.0023059 0.0182393 -5.74307e-05 -0.00486702 -0.00343486 0.00101154 0.00201032 0.0107905 -0.000654899 -0.000323337 0.00757978 -0.0116882 -0.000817469 -0.00924402 7.50852e-05 0.0221327 0.000105876 -0.00295959 0.0217404 0.00519304 -0.000588205 -0.00113485 0.00591913 -0.00215935 -0.0124925 0.00293544 0.000480574 -0.00016188 -1.08208e-05 -0.00466755 0.00120388 0.00605045 -0.000518232 -0.00186055 -0.0262059 0.00232848 -0.0030256 0.000854984 -0.000289968 0.0012514 -0.0207235 -0.00168339 3.08178e-05 0.00710549 0.00567187 -0.000289048 9.8128e-05 0.0239234 0.00374047 0.00193362 -0.00744885 4.80435e-06 -4.30699e-06 -0.0131563 -0.000173575 -1.60716e-05 -0.00735747 0.000216426 -0.00089857 -0.00455073 1.16245e-06 -0.000668285 -2.09188e-05 -0.00536839 0.00224736 1.94977e-05 0.000416636 -0.00107141 -0.00115816 -0.00816636 0.00259575 0.00416584 -0.0200876 0.00966754 0.000914775 
0.0070182 -0.00590745 0.00232094 0.00817064 -0.020466 0.021443 -0.063577 -0.0641662 -7.4224e-05 0.0659424 -0.00547825 0.0199249 0.0800637 -0.00618826 -0.00376419 -0.12795 -0.023664 0.220157 -0.011509 0.00214597 -0.0733374 -0.00716953 -0.0689369 0.0632714 0.107991 -0.00535377 -0.148931 0.000270805 0.0410608 0.0237763 0.000321268 0.00179373 -0.0216807 0.00494902 -0.00702479 -0.0136856 0.0876927 -0.0283247 0.0884366 -0.000444321 -0.105945 0.000136698 -0.0611631 -0.113093 -0.0094814 0.00417326 0.0074916 -0.00849805 -0.050236 0.0891075 -0.00318369 -0.00197318 -0.00982776 -2.00485e-05 0.0295349 -0.00388045 -0.0298441 0.000448535 -0.0137967 0.145858 0.000352601 0.0188819 -0.0431509 -0.00975691 -0.00217456 0.138701 0.0108159 -0.000390401 -0.00424556 -0.0126996 -0.00941332 -0.00144842 -0.0528673 -0.012201 -0.0570801 0.0390996 -0.000113642 -1.83898e-06 0.0407096 -0.000940023 0.000147076 -0.00883572 -0.0666174 -0.000801772 0.0312353 -1.32767e-05 -0.00773313 -0.00041635 0.0349261 -0.00688491 -0.0050626 -0.000792608 0.00414744 -0.0409412 0.0546262 0.00661647 -0.0222234 0.00540391 -0.0172515 -0.00653023 
-0.0059265 0.000687689 -0.00165014 -0.0080244 -0.00557878 -0.0120217 -0.0332165 0.0278727 8.23878e-05 -0.0790774 0.0280345 -0.0131568 -0.0208702 -3.27208e-05 0.0128972 0.0318082 -0.00273031 -0.011509 0.181028 -0.0020136 -0.0236079 0.000197382 0.0498056 0.0022218 -0.0616698 0.00972815 -0.0257699 3.21545e-05 -0.00988279 -0.0178662 -0.000256068 0.00869159 0.0136156 0.00481366 0.00271893 0.000771674 0.00648519 0.00534463 -0.0719843 0.000144822 0.00303716 -0.000317476 0.000586634 -0.0163765 -0.000523585 -0.00290988 -0.00587644 -0.00538576 -0.010914 0.051927 -0.00162386 -0.00102673 0.00540502 -6.32991e-05 0.0322083 -0.00180843 0.00436396 -0.00228225 -0.00970417 0.0011592 -0.00406393 -0.0119219 0.00872101 0.00555888 0.00228834 -0.0558314 0.00233638 -0.000222992 -0.000833626 0.000659415 0.00347553 0.000791765 -0.0146432 0.00247576 0.00144297 -0.0413472 6.03486e-06 -1.98596e-05 0.0834629 -0.000159709 -9.79046e-05 -0.017981 0.0144957 0.00166213 -0.00326693 -7.94019e-06 -0.00174014 2.32315e-05 -0.0223131 -0.00248073 -0.00114358 -0.00029375 -0.00468103 0.0635131 -0.0335135 0.0211086 -0.0436702 0.0416682 -0.0135632 9.52332e-05 
-0.000225047 -0.000105038 9.77386e-05 8.36876e-05 -0.000387449 0.000361931 -0.0019794 0.00361312 3.66484e-06 -0.00150509 -0.000511488 0.000693449 -0.00101456 -0.000148113 -0.000259018 -0.00419374 -0.000492603 0.00214597 -0.0020136 0.0129739 -0.00194098 -0.000118945 -0.0074257 0.00377968 -0.00265995 -0.000312403 -0.000963231 8.66088e-06 9.87199e-05 0.0025692 0.000171193 -0.00024102 -0.001292 0.000522541 -0.000141469 -0.00035983 0.00231174 -0.000659987 -0.00230005 -7.50127e-06 -0.00218041 -1.60178e-05 -0.00145705 -0.00220105 -0.000178047 0.000159157 0.000184729 -0.000230818 -0.000398002 0.00114371 0.000733134 -4.94578e-05 -0.000151973 -3.25006e-06 -4.56744e-05 -7.68782e-05 -0.000738995 0.000342085 0.000442283 0.000294567 0.000994218 0.00206279 -0.000912846 -0.000227605 4.44857e-05 -0.00107293 0.00119088 0.000139312 -9.40273e-05 -0.000327601 -0.0001406 -6.57937e-06 0.00145773 -0.000207903 -0.000979242 0.00166463 -1.57429e-06 -1.34875e-06 0.00370915 -7.403e-05 -2.9939e-06 -0.00134757 0.00082936 -0.000261003 0.00170253 2.47717e-07 -5.53837e-05 5.36737e-06 -0.000766897 -0.000142442 -7.49264e-05 0.0001413 0.000169617 0.00186621 0.0041233 -0.000873749 -0.00242267 -0.00337518 -0.000370254 -0.00011082 
-0.00036623 0.00388189 -0.000744386 -0.00396556 0.0115111 -0.00343266 0.0853194 0.0477847 7.68543e-06 -0.0174782 -0.00319718 0.0181221 -0.0463795 0.00687943 -0.00277908 0.0525547 0.0145838 -0.0733374 -0.0236079 -0.00194098 0.134369 0.00356566 0.0250298 -0.0536642 -0.0353419 0.00538141 0.0723599 -0.00023276 0.00293313 -0.0100179 -0.00115905 0.000971378 0.000924958 -0.00409921 -0.00114347 0.000163515 -0.0638598 -0.00625421 -0.0105019 9.4023e-05 0.0694301 0.000157089 0.0479262 0.0626634 -0.00259077 -0.0020084 -0.00332389 0.0110669 0.039119 -0.0619687 -0.0016331 0.00223379 -0.00151471 -2.6113e-05 -0.0176885 0.000531343 -0.0037203 -0.000240555 1.10844e-05 -0.0886193 -0.00299582 -0.0122787 -0.00836297 -0.00201062 -0.00111598 -0.0586841 -0.00619025 -0.000150765 0.00232219 -0.00063997 -0.00206689 -7.49014e-05 0.00628568 -0.00186348 0.0154508 -0.0101774 7.11862e-05 -1.34173e-05 -0.058338 0.000173091 -8.57472e-05 -0.00975192 -0.0198761 -0.00244287 -0.018368 2.90226e-05 0.00863523 5.59968e-05 -0.0122903 0.00555497 0.00148904 -0.000222698 0.00360922 -0.0217925 -0.0311721 -0.00290721 0.060138 -0.02323 0.0311262 -0.000576563 
-5.2315e-05 0.000134527 -6.11707e-05 -0.000260493 4.86816e-05 0.000339424 0.00219019 -0.00402287 5.74317e-05 -0.003001 6.8752e-05 -0.00603465 -0.00374243 0.0024958 -0.00231551 0.00459614 0.00218852 -0.00716953 0.000197382 -0.000118945 0.00356566 0.0113581 0.00207275 -0.00277636 -0.00508013 0.000449999 0.00633609 -9.54211e-06 -0.00821793 -0.000876928 -0.000140945 -0.000115999 -0.00103757 -0.000320803 0.00138974 0.00159806 -0.00770726 0.00390132 -0.00180216 0.000147198 0.000974466 -1.60574e-05 0.00504091 0.005268 4.31184e-05 2.88409e-05 -0.000188624 0.000283467 -0.00049569 -0.00517802 2.13793e-05 0.000170299 0.000538599 8.03947e-07 -0.00108466 0.00306074 0.00284458 0.000178934 0.00210769 -0.0069766 -0.000198698 -0.000820013 0.00516633 1.99585e-05 0.000458218 -0.00447622 -0.000433604 3.49651e-06 0.00124859 0.00236724 -5.28934e-05 4.3771e-05 0.0022586 0.00082931 0.00337391 -0.00180537 -8.34476e-07 6.34301e-06 -0.00255815 1.80111e-05 -1.13192e-06 0.00420545 0.00237025 1.64205e-05 -0.00126982 4.00717e-06 0.00114076 5.77243e-05 -0.00102636 0.000407586 3.37373e-06 9.35004e-05 6.89258e-05 -0.00247887 -0.00268789 -0.000230085 -0.00196132 -0.00139942 0.00224999 9.55008e-05 
-0.00511977 0.00196442 -0.00407435 -0.00464633 0.00912596 -0.0394942 0.0187784 0.0457249 -1.40038e-05 -0.0517596 0.00887245 -0.0184086 -0.00631905 0.00362071 -0.0220596 0.103329 0.0010224 -0.0689369 0.0498056 -0.0074257 0.0250298 0.00207275 0.236396 -0.0627371 -0.0510071 -0.00636161 0.0411433 -0.000518296 -0.00814828 -0.0448317 0.0005311 0.005278 0.0305106 -0.00844062 0.00285761 -0.0136257 -0.0577222 0.0168246 -0.070769 0.000121474 0.0654771 -0.000902061 0.0318869 0.064805 -0.0109364 -0.0090099 -0.0164907 0.0034916 0.031355 0.00120839 -0.00916368 0.000329002 0.00565264 -0.000114706 -9.28769e-05 -2.02995e-05 -0.00253161 0.000895093 -0.00155239 -0.0543029 -0.0135555 -0.0242771 0.0165605 0.0068995 -0.00615568 -0.0900176 -0.011762 -0.000318596 -0.00196454 -0.0118811 0.00510357 0.000567828 0.00127032 -0.0072604 0.0311699 -0.0829606 3.18331e-05 -5.82998e-05 -0.0265503 0.00200064 2.52866e-05 0.0147187 0.0410585 0.00102486 -0.039389 -1.84386e-05 0.00157697 5.11706e-05 0.0226206 0.00126448 -0.000349308 -0.000474032 -0.014176 0.0347601 -0.0963722 0.0153079 0.0127863 0.0774822 -0.0077238 -0.00158907 
-0.00645832 -0.00349018 0.00132539 -0.00039015 -0.0130317 0.0177296 -0.0567663 -0.0390614 -6.97485e-05 -0.00397894 -0.00147641 -0.0241277 0.0100061 -0.00429284 0.0257136 -0.0606775 -0.0085564 0.0632714 0.0022218 0.00377968 -0.0536642 -0.00277636 -0.0627371 0.242652 0.00049094 0.00100251 -0.0455639 8.90147e-06 0.00679301 0.0117322 -0.00324719 -0.00825656 -0.023084 0.00180846 -0.00180057 0.0113075 0.0564372 -0.0186254 0.0280818 -0.000213495 -0.0675604 -0.000632684 -0.0389654 -0.0612799 0.0108351 0.00530482 0.0118166 -0.00823298 -0.0327862 -0.00294657 0.00862361 -0.000343079 -0.0062549 -6.02388e-05 0.00813669 0.00132354 0.001263 0.00320831 -0.00693795 0.0844515 -0.00297856 -0.00185293 -0.0142706 -0.00526565 0.000530452 0.0568926 0.00331395 3.39111e-05 0.0016463 0.0131624 -0.00412279 -0.00145349 0.0236874 0.00619094 -0.0322242 -0.00983043 -5.80392e-05 6.01072e-05 0.0647447 -0.00209488 -0.00019804 -0.0227497 0.0241966 -0.00735104 0.0475267 -9.50486e-06 -0.0062301 -0.000250475 0.00535203 -0.0043859 -0.000491249 0.000106703 0.00276662 0.0026154 0.0477094 -0.00432583 -0.103996 -0.00658532 -0.0211203 0.000330705 
0.00805934 -0.00573068 0.000159379 0.0129404 -0.0130274 0.0102357 -0.0135947 -0.0846253 -0.000107866 0.128753 -0.0215112 0.0389789 0.105993 -0.00596278 -0.042435 -0.141614 -0.0197668 0.107991 -0.0616698 -0.00265995 -0.0353419 -0.00508013 -0.0510071 0.00049094 0.244054 -0.0205617 -0.0791949 0.000180544 0.0363073 0.022853 -0.00501603 -0.00494931 -0.0283821 -0.00519315 -0.00531436 -0.0156553 0.0737658 -0.017567 0.135536 -0.000334792 -0.0812669 -3.88524e-05 -0.0498505 -0.105267 -0.0128489 0.00286411 0.00657745 -0.00807226 -0.0522023 0.0298445 -0.00732042 -0.000550234 -0.00800724 6.08538e-05 -0.00409973 -0.001837 -0.0304495 0.00286533 -0.0108903 0.0980561 0.00208372 0.0187399 -0.0408884 -0.0046337 -0.00439082 0.141175 0.0027012 -0.000549134 -0.0048408 -0.0170408 -0.00258373 -0.00179916 -0.0599364 -0.0108127 -0.0431136 0.0559566 -9.4664e-05 -3.3628e-05 -0.0319734 0.00124121 5.33706e-05 0.0190855 -0.0691192 0.00237095 0.00589242 -6.01373e-06 -0.00285103 -0.000342785 0.0537218 -0.000897667 -0.00212603 -0.000955341 0.000850926 -0.0535131 0.0435864 -0.0219024 0.0231567 -0.00709071 0.0097643 -0.00644645 
-0.00126721 -0.000218576 -0.000365183 9.55711e-05 0.000473154 -0.0025095 0.00132837 0.00794456 -2.12521e-05 -0.00837208 -0.000765431 0.0139586 -0.00147828 -0.000310867 0.00929805 0.00552345 -0.0023059 -0.00535377 0.00972815 -0.000312403 0.00538141 0.000449999 -0.00636161 0.00100251 -0.0205617 0.059586 0.00324709 -5.03354e-05 0.00178173 -0.00382188 0.00136027 -8.75313e-05 -0.00421803 0.000199731 -0.000452647 -0.00149772 -0.00792105 0.00065829 -0.0242039 1.67214e-05 -0.00172002 -1.9922e-05 0.014727 0.00136934 -0.000472328 -0.000911479 -0.00157858 -0.00035542 0.00376838 -0.00407151 -0.000183737 0.000264976 -0.000774465 -1.03713e-07 -0.00382673 -9.47225e-05 -0.0031216 -0.000843977 -0.00638738 0.00154728 -0.000330976 0.00173736 -0.00462915 -0.000930332 -0.000310379 -0.0128508 0.000173687 0.000121461 -0.000391131 0.000132627 -0.000786449 -0.000229619 -0.00629353 -0.00128598 -0.0048552 -0.0110127 -2.26129e-06 -6.75509e-06 0.018689 -0.000333089 4.84726e-05 0.00117234 -0.00757734 0.00389512 0.00650447 7.74632e-06 -0.000260081 0.000140664 -0.00935354 -0.000470426 -0.000483987 -0.000125293 0.00221055 0.0133649 0.00315533 -0.00429381 -0.0130104 0.00471644 -0.00242495 -0.000713777 
-0.00520519 0.00297027 -0.00213141 -0.00420383 0.0172501 -0.0121885 0.0582008 0.0452799 -6.10667e-05 -0.038848 -0.00772596 -0.028064 -0.0783256 0.0035546 -0.0147424 0.116153 0.0182393 -0.148931 -0.0257699 -0.000963231 0.0723599 0.00633609 0.0411433 -0.0455639 -0.0791949 0.00324709 0.212639 -0.00034724 -0.0345973 -0.0177924 0.00128929 -0.00504464 0.00487898 -0.00735611 0.00643446 0.0158173 -0.0850612 0.0181371 -0.0541594 0.000327432 0.0824088 -0.000190847 0.0592075 0.101587 0.0100409 -0.00405625 -0.00666625 0.0048828 0.0560374 -0.091835 0.0059161 0.000731603 0.00662126 -2.48488e-05 -0.0307472 0.00438877 0.0309838 0.000743579 0.0217395 -0.135076 -0.000603961 -0.0158128 0.0418359 0.00642018 0.000671373 -0.109811 -0.0123585 0.000257941 0.00489503 0.01589 0.00494122 0.00172045 0.0566051 0.01037 0.0466882 -0.0296583 5.61801e-05 -5.73184e-06 -0.0599739 -0.00132456 -0.000186737 0.00910353 0.0504243 -0.00459972 -0.033094 9.42223e-06 0.00718938 6.82559e-05 -0.0331895 0.00827109 0.00531022 0.000968786 -0.00293889 0.000857389 -0.0429316 -0.011005 0.0272749 -0.0259898 0.0167886 0.0021925 
-3.60979e-05 -1.23841e-05 1.01332e-05 -2.89654e-05 -4.57039e-05 0.000106073 -0.000203974 -0.000523748 2.79354e-06 0.000361237 -6.86805e-05 -0.000129483 0.000336745 -1.67894e-05 0.000754093 -0.000537116 -5.74307e-05 0.000270805 3.21545e-05 8.66088e-06 -0.00023276 -9.54211e-06 -0.000518296 8.90147e-06 0.000180544 -5.03354e-05 -0.00034724 0.00147695 2.3282e-06 -6.98374e-05 -1.84648e-05 4.10317e-05 -0.000106511 0.000941818 -1.43462e-05 -1.85961e-05 5.38881e-05 5.78066e-05 0.000269889 -1.08382e-06 -0.00024005 -1.58233e-07 -0.000170571 -0.000261208 -1.5557e-05 -1.63996e-05 -2.4324e-05 -7.01526e-06 -0.000133773 0.000353932 -1.73268e-05 -3.34082e-06 -1.77828e-05 1.47251e-07 0.000145222 1.2194e-05 -5.09953e-05 -1.90534e-05 -4.78745e-05 0.00021948 0.000133476 0.000527392 -7.96237e-05 -2.52258e-05 0.000144908 3.05413e-05 4.39277e-05 5.95238e-07 -1.29285e-05 -2.65966e-05 -1.93425e-05 -1.30828e-06 -0.000152097 3.42658e-05 -9.27398e-05 -0.000126569 -7.15076e-08 2.34712e-06 -0.000173603 -8.19179e-06 -1.0038e-06 -0.000251164 -0.000259856 -2.90974e-05 0.00020829 -6.93935e-08 -2.49664e-05 -4.32018e-07 -0.000156407 -1.48034e-05 -2.00337e-07 -2.64818e-06 -3.72033e-05 -0.00014236 -0.000107787 -6.14918e-05 -0.000401186 -0.000407123 -8.39009e-05 2.4608e-07 
0.0012275 -0.00157349 3.45191e-05 0.000670611 -0.00693783 0.00273826 0.00692363 0.0290114 -9.47911e-05 0.0155413 -0.00306706 0.0423393 0.0107205 -0.00325233 0.0121406 -0.0313682 -0.00486702 0.0410608 -0.00988279 9.87199e-05 0.00293313 -0.00821793 -0.00814828 0.00679301 0.0363073 0.00178173 -0.0345973 2.3282e-06 0.0654926 0.00440863 0.00083333 0.000578469 0.00643935 0.00181654 -0.0076581 -0.0161508 0.0394175 -0.0314086 0.0234141 -0.000325 -0.0149479 9.08047e-05 -0.0227476 -0.0310656 -0.0127094 -0.000320711 0.00047123 0.00124821 -0.00868467 0.0336006 -0.00729723 -1.69307e-05 -0.0115942 -4.15343e-05 0.00442551 -0.00601091 -0.0366193 -0.00060103 -0.0201487 0.0434612 -0.00233507 0.00512128 -0.0460352 -0.00381358 -0.00448889 0.0311954 0.001537 -0.000526299 -0.0016084 -0.0189634 -0.000998457 -0.000719994 -0.0158719 -0.0118975 -0.0336246 0.0122472 -0.000100731 -4.01899e-05 0.0183366 -0.000326678 1.78615e-06 -0.020874 -0.0306736 -0.000695283 0.00424195 -6.06016e-06 -0.00168878 -0.000458578 0.00761848 -0.000633511 -0.00297204 -0.00108047 0.00188737 0.00855464 0.00488588 -0.0037299 0.018053 0.0022608 0.00166269 -0.00910846 
0.00487895 -0.00082927 0.00373292 -0.000877996 -0.00269585 0.014704 -0.00685159 -0.000599647 4.95891e-05 0.0051764 -0.00386341 -0.00543344 -0.0177242 -0.00103361 0.00185941 -0.0334268 -0.00343486 0.0237763 -0.0178662 0.0025692 -0.0100179 -0.000876928 -0.0448317 0.0117322 0.022853 -0.00382188 -0.0177924 -6.98374e-05 0.00440863 0.077942 -0.000998167 -0.0018746 -0.00604045 -0.00137901 -0.000958663 -0.00264105 0.0124894 -0.00507309 0.0389552 -5.53203e-05 -0.0165857 8.04538e-05 -0.00909823 -0.0166545 -0.00194689 0.0130795 0.0205589 -0.00189957 -0.00778919 -0.0265472 -0.000297701 -0.000260339 -0.00134902 1.49195e-05 -0.00594547 -0.000184183 -0.00483486 -0.000784748 -0.00126487 0.0219029 -0.00157513 -0.00589726 -0.00651236 -0.0015395 -0.00102666 0.0391959 -0.00167442 -7.22542e-05 -0.000748563 -0.00270005 -0.00114584 -0.000372554 -0.0113235 -0.00183333 -0.00761993 0.0552609 -1.04881e-05 4.68812e-05 -0.00719927 -0.000453343 -3.99743e-06 0.00802808 0.0047134 -0.00176439 -0.00501224 2.07073e-05 0.000972966 -1.43721e-05 0.00502036 -0.000835595 -0.000609594 -0.000148623 0.0112701 -0.0166642 -0.00491145 -0.00500791 0.0119588 -0.042532 -0.000517125 -0.00101559 
-2.1597e-05 -6.01493e-05 -8.80548e-05 -0.00039735 -0.000371704 -0.000854505 0.000117708 0.00672597 8.56386e-06 -0.00458395 -1.21537e-05 -0.0025947 -0.00528575 -0.000137974 0.0002424 0.00701035 0.00101154 0.000321268 -0.000256068 0.000171193 -0.00115905 -0.000140945 0.0005311 -0.00324719 -0.00501603 0.00136027 0.00128929 -1.84648e-05 0.00083333 -0.000998167 0.0132343 0.00406219 0.00475864 7.95225e-05 -0.000105686 0.000464332 0.00170195 -0.000776104 -0.00491788 1.96364e-05 0.0022166 0.000199535 -0.00122353 -0.000561384 -9.20289e-05 -0.000168682 -0.00035009 0.0010565 0.000266009 0.00548777 -0.000135436 -5.56862e-05 -0.000123254 -3.46229e-06 -0.000462297 -0.000109539 -0.000619249 -6.64768e-05 0.000148823 -0.00364856 0.000209791 -0.000222048 -0.000875212 0.000388674 0.000896796 -0.00549925 -0.000322332 -1.41459e-05 -0.000107598 -0.000323345 2.16128e-05 0.00011825 0.00189446 3.69491e-05 -0.00116829 -0.00177787 -4.90345e-07 -1.68724e-06 0.00219669 -8.16221e-05 -4.79568e-06 -0.0016295 -0.000512904 -0.000119538 -0.00150785 -2.77491e-07 -0.000119956 3.58903e-06 -0.00189744 4.4367e-05 3.05788e-05 4.14731e-05 -5.95447e-06 0.000849182 -0.00225175 -0.000667123 0.000663548 -0.00221801 -0.000663288 -5.93225e-05 
-0.000236997 0.00100929 -0.000154329 -0.000913891 -0.000597719 -0.00161435 -0.00143783 0.0059024 3.96474e-05 -0.0070801 0.00302697 -0.000708833 -0.00396329 0.000778149 -0.00186607 0.00663121 0.00201032 0.00179373 0.00869159 -0.00024102 0.000971378 -0.000115999 0.005278 -0.00825656 -0.00494931 -8.75313e-05 -0.00504464 4.10317e-05 0.000578469 -0.0018746 0.00406219 0.0217577 0.00409633 0.00131531 -0.000164403 0.0002615 -0.00230889 -0.000660752 -0.00838009 -3.8263e-06 0.00685818 0.00017003 -0.00203258 0.000145994 -0.000457804 -0.000111411 -0.00061618 0.00101082 -0.00154092 0.00699999 -0.000303732 -4.93521e-05 0.00034965 -5.92236e-06 2.96108e-05 -0.000230302 -0.00106171 -0.000234679 -0.00203701 -0.00669371 -0.000391291 -0.000879775 -0.000285515 0.00117688 0.000646365 -0.00881773 -0.000156664 -5.89968e-06 -7.92138e-05 -0.000655532 0.000256806 -6.74616e-05 -0.000967999 -0.000158347 0.000180765 -0.00407378 1.27844e-05 -1.7793e-06 0.00710704 0.000117724 1.3084e-06 -0.00350863 -0.00367639 0.000765396 -0.00225011 4.62887e-07 -6.23569e-05 3.24841e-06 -0.00286481 -8.41167e-05 -0.0001452 -2.77048e-05 -0.000597918 0.000374547 -0.00421791 0.00445239 0.00299341 -0.00103093 -0.000918447 6.32332e-05 
-0.0015705 0.000685128 -0.000653225 -0.00316971 0.000730296 -0.00521 0.00554476 0.0431785 -7.58583e-06 -0.0338594 0.00470185 -0.0258944 -0.0405597 0.00177256 -0.00438688 0.0432921 0.0107905 -0.0216807 0.0136156 -0.001292 0.000924958 -0.00103757 0.0305106 -0.023084 -0.0283821 -0.00421803 0.00487898 -0.000106511 0.00643935 -0.00604045 0.00475864 0.00409633 0.093976 -0.000148877 -0.000639409 -0.00041089 -0.00595295 -0.00600041 -0.0165963 -3.25583e-05 0.0250639 9.57377e-05 -0.00783485 0.0204227 -0.000617581 -0.00150941 -0.00256376 0.00929752 0.00249027 0.0313203 -0.00159177 3.46969e-05 -0.000856451 -2.74205e-05 -0.00241069 -0.000781616 -0.00490512 -0.000865353 -0.00117652 -0.0283287 -0.00193863 -0.00596948 -0.00603563 0.00834405 0.000336743 -0.0361308 -0.00367829 -0.000119747 0.000447853 -0.00310706 0.00917811 0.00130715 0.00604788 -0.00123107 -0.00507156 -0.0159279 -7.72032e-06 -9.91178e-06 -0.00690384 -0.000578098 -3.30875e-05 -0.0167255 0.016505 -0.00065713 -0.00639194 -1.05865e-06 -0.0014814 -6.76766e-05 0.00599814 -0.000192049 -0.000323869 1.37794e-05 -0.00257945 0.0173205 -0.0271139 0.00944786 -0.00374484 -0.00204515 -0.000873629 -0.000224531 
-0.000728791 -5.01873e-05 0.000706152 -0.000623364 -0.000811279 0.000361897 -0.00323058 -0.00501328 3.19681e-05 -0.000902454 -0.000730188 0.000935341 0.00123454 -0.000185774 0.00748583 -0.00705462 -0.000654899 0.00494902 0.00481366 0.000522541 -0.00409921 -0.000320803 -0.00844062 0.00180846 -0.00519315 0.000199731 -0.00735611 0.000941818 0.00181654 -0.00137901 7.95225e-05 0.00131531 -0.000148877 0.0278109 -7.15915e-05 -0.000648889 0.00329048 -0.000787052 -0.00436453 -1.93547e-05 -0.00238259 -3.13928e-05 -0.00324298 -0.00341776 -0.000467746 -0.000176734 -0.000557056 0.000293686 -0.00175753 0.00915698 -0.000232608 -6.10866e-05 -0.000253318 -6.54454e-06 0.00211468 -0.000289573 -0.00115092 -0.000418346 -0.00187271 0.00252632 0.00240288 0.00418175 -0.00175774 -0.000546003 0.00198746 0.00271348 0.00201683 9.5607e-05 -0.000117217 -0.000878819 -0.000324051 5.80571e-05 -0.00343196 0.000295758 -0.00230025 -0.00242604 -5.35918e-06 5.29695e-05 0.00582191 -0.000157794 -2.03851e-05 -0.00501149 -0.00434557 -0.00017787 0.00648277 -3.14813e-07 -0.000437346 -1.82788e-05 -0.00300413 -0.000338527 -0.000218632 -5.41115e-05 -0.000339377 0.00346885 0.00182797 0.00116878 -0.0064572 -0.00184693 -0.00133422 -0.000287284 
