0.00491343 0.000188248 6.13254e-05 0.000875555 0.000936885 0.00179014 0.00077857 -0.0013103 -0.00114953 0.000339773 0.00157805 -0.000203545 -0.000852391 -0.000622634 0.000559622 0.000479372 0.00118751 0.00246981 0.00137544 -0.00271971 -0.000832665 0.000495045 -0.000569477 0.000726784 -0.000403109 0.000338752 0.000266353 0.000790811 3.39169e-05 4.25555e-05 5.57264e-05 -5.24178e-05 0.000164828 -0.000136749 6.31139e-05 0.000121946 -0.000150717 -0.000492848 -0.00120618 -0.00261189 0.00168237 1.66782e-06 7.59471e-07 -0.00199885 -0.000347376 1.19469e-05 -0.00308679 -6.32703e-05 0.000606708 -0.000417144 0.00219396 -0.00254485 -0.000395717 1.1498e-05 -6.61474e-05 -7.03428e-05 0.000414613 0.000836959 -0.000133229 -0.000845899 -0.00129939 0.000130986 3.83911e-05 0.00049879 0.000224858 -2.956e-05 -0.00100046 0.000181111 1.64184e-05 8.90522e-05 -8.19289e-05 0.000825562 -0.00134476 0.000293186 0.000117071 0.000110278 -5.60531e-05 0.00209076 -0.000176007 -0.00140938 0.00204521 -1.51295e-05 -2.30722e-05 2.64175e-05 -0.000220224 -0.00101637 7.03245e-05 1.01171e-05 -0.00113917 -5.91191e-06 0.000151428 -0.00115678 0.00021342 -0.00306647 0.000321931 0.00181307 -0.000255867 0.000134932 -5.3283e-06 -0.000211698 
0.000188248 0.0160446 0.00395626 -0.00169735 -0.0012618 -0.000537424 -0.0013498 0.00235109 -0.000903412 -0.000867934 -0.00148505 -0.000754841 0.000358547 -0.00465518 -0.00110537 -0.000224224 -0.00309255 0.0018828 -0.0013685 0.00178935 0.00232707 -0.00148689 -0.00378368 -0.000103322 -0.0030653 0.00236397 -0.000752791 -0.000897485 3.01626e-05 8.92406e-06 -4.69874e-05 -0.000142017 0.000105696 0.00275116 0.00201486 -0.000219133 0.00185781 0.00431863 -0.00140927 0.00414649 0.00116863 3.70439e-06 -2.43683e-05 0.00568063 -0.000784045 5.34293e-05 0.000503529 -0.000274581 -0.00015417 -0.00100325 -0.00244442 0.000737906 -0.000101293 -3.43976e-06 -0.00103033 0.000832224 -0.00343259 0.000845697 0.000172584 -0.00201609 -0.0031078 -6.75454e-05 0.000137194 -0.000630785 -0.0028134 -3.59321e-05 -0.00229832 -6.45598e-05 0.00034434 0.000108791 -0.000299199 0.000252084 0.00333404 2.7431e-05 -0.000484913 -9.91155e-05 0.00113238 0.00251684 -0.000485 0.00175769 -0.00084477 -6.04988e-05 -0.00166245 0.000315262 0.000727913 -0.00320821 0.00017164 3.98195e-06 -0.0037855 -2.78707e-05 -2.65765e-05 0.00155358 -0.000285354 -0.00198463 -0.0013183 -0.00111117 -0.00126816 7.18818e-05 9.33105e-05 -0.000593442 
6.13254e-05 0.00395626 0.0687304 -0.00831169 -0.00655606 -0.00221624 -0.00687208 0.0221616 -0.0163385 -0.00396955 -0.0202398 -0.00408048 0.0293072 -0.018303 -0.00605668 -0.0100268 -0.0151103 0.0156656 -0.0109076 0.00989001 0.0240376 -0.00169784 0.000431097 -0.000249497 -0.0175356 0.00692345 -0.010093 -0.00273937 -0.000637845 -0.00458557 -0.00018549 -0.00117448 -0.00346233 0.000544531 -0.00152306 -0.000484534 -0.00140465 -0.00461881 -0.0113025 0.0251404 0.00208318 -8.60007e-07 0.000418872 0.0276086 0.00143789 -4.1159e-05 -0.00302576 -0.00153074 -0.000666526 0.00611187 -0.0111242 0.0266989 0.0148129 -1.6416e-05 -0.00614273 -0.00012018 -0.00318375 -0.00221121 -0.0028749 -0.0127846 -0.00488024 -0.000244976 -0.000181187 -0.00285542 -0.00632538 0.000529378 -0.00998464 -0.000413985 -0.000351363 -0.00014881 -1.80944e-05 0.00109315 -0.0113307 0.0161377 -0.00274105 -0.000155428 -0.00170655 0.000191966 -0.00320897 0.0200316 -0.0037894 0.000123647 -0.0075667 -4.21021e-05 0.0164186 -0.0183436 0.000139838 -6.51052e-05 -0.0140258 -0.000244612 -9.06418e-05 -0.0112548 -0.00124006 0.0125732 -0.00642685 -0.00455956 -0.00656072 -7.99919e-05 -0.000521226 0.000503657 
0.000875555 -0.00169735 -0.00831169 0.0998481 0.0143358 0.013749 0.0187412 -0.00933378 -0.00424314 0.0230499 0.0230541 -0.00133907 -0.004359 0.0325812 0.0254681 0.0389444 0.064301 -0.00391934 0.014594 -0.0502603 -0.0448184 -0.00786448 -0.00574073 -0.00093578 0.0162668 -0.00824545 0.00971282 0.0014037 -0.000149906 0.0231291 0.00052939 -0.000861167 0.0227663 -0.00449815 -0.00600659 0.00283267 -0.00391848 -0.0156119 -0.0203043 -0.0552548 -0.00280427 8.08631e-05 6.33686e-05 -0.0569139 -0.00765352 -7.44537e-05 -0.0657786 0.0029844 -0.000739583 -0.0129677 0.0571517 -0.0568312 -0.00914588 0.000142581 0.0276519 -0.00270446 0.0161789 -0.000755025 0.00345483 -0.00103658 -0.0261004 0.00023696 -0.000801865 0.00280204 0.0413844 -5.88421e-05 -0.0164529 -0.00049194 -0.000665984 -0.000167387 0.00124497 -0.00208914 -0.012866 -0.00349206 0.0197771 -0.00185863 -0.000740681 -0.00897946 -0.00353907 -0.0529336 0.00774745 -0.000516589 0.0418188 4.57346e-05 -0.00637951 0.0043359 -0.00116856 6.17477e-06 -0.0150704 0.00187518 8.73815e-05 -0.0278507 0.00260013 -0.046685 0.0104016 0.0127276 -0.00408017 0.000610635 -0.000319175 0.0067933 
0.000936885 -0.0012618 -0.00655606 0.0143358 0.0839698 -0.000250313 0.0490988 -0.0202596 -0.0241676 0.0148959 0.0283905 -0.00448559 -0.0114861 -0.00282344 0.055904 0.00538414 0.0288233 -0.000598562 0.0394385 -0.0589934 -0.035138 0.0298824 -0.0250461 -0.00097419 0.00692057 -0.00989847 -0.00793457 0.0179201 0.000404792 -0.0040617 -6.03975e-05 -0.00301607 0.000543569 -0.00366058 -0.00538214 0.00975832 -0.0033189 -0.0125655 -0.0309662 -0.0422503 -0.000740394 0.000104234 -6.68272e-05 -0.0441783 -0.00684887 0.000343142 -0.0544758 -0.00178684 0.00224904 -0.012214 0.066765 -0.0486295 0.0501125 1.75271e-05 -0.00674737 -0.00226651 0.0304063 -0.00170454 -0.00378048 -0.0184706 -0.0205564 0.00164323 0.000338072 0.0288077 0.039461 0.0040274 -0.0148828 -0.00116218 -0.000552669 4.09612e-05 -0.00226464 -0.00061458 -0.00798647 -0.00567756 0.000725549 -0.00356723 0.00896791 0.0186702 -0.00387063 -0.0409904 0.0339697 -0.000420533 -0.00797094 -1.57086e-05 -0.0050225 -0.020087 9.56827e-05 -0.000174624 -0.0190011 -0.000224208 6.49013e-05 -0.0240585 0.00463532 -0.0529544 0.0300392 0.0456928 -0.00841673 0.00308785 0.00245423 -0.00178946 
0.00179014 -0.000537424 -0.00221624 0.013749 -0.000250313 0.0349554 -0.00225744 -0.00219642 -0.00549296 0.00879325 0.0111694 -0.000803708 -0.00483295 0.00622487 0.00403392 0.0121354 0.0132037 0.0148789 0.00863562 -0.0248936 -0.00907408 0.000630918 0.00139571 0.000591912 -0.00731155 -0.00619761 0.00821241 0.00659283 0.000770861 0.00539749 0.00108185 0.00186154 -0.000786012 -0.000410512 -0.00055305 -6.44996e-06 -0.000553571 -0.00399148 -0.00938603 -0.0143037 0.00124774 8.45364e-06 8.30929e-05 -0.0168031 -0.00213433 -1.35319e-05 -0.0208256 0.00047182 0.00218725 -0.00278027 0.0187482 -0.0178241 -0.00568603 0.000109857 0.00985908 -0.000600252 -0.000280831 -0.000900291 0.000117735 -0.00618126 -0.00809286 9.15258e-05 -0.000323029 0.00160205 0.00271091 0.000217019 -0.00782727 0.00160124 0.000113757 8.75107e-05 0.00476569 -0.000391643 0.00215917 -0.00124356 0.00408959 -0.000521879 -0.000750688 0.00906989 -0.00137887 -0.00821372 0.0133669 -0.000174403 0.00822792 -4.33821e-05 -0.00206102 -0.00731467 -0.000139979 -1.70147e-05 -0.00908719 0.000330788 0.000814617 -0.00704417 -6.71742e-05 -0.0213145 0.00285176 0.00848114 -0.00128236 -0.000277101 -0.0002775 -0.00159124 
0.00077857 -0.0013498 -0.00687208 0.0187412 0.0490988 -0.00225744 0.0950435 -0.0292952 -0.0094395 0.0122794 0.0119327 0.00675992 -0.0141314 0.00152262 0.0408452 0.00912683 0.0307307 -0.00499493 0.0319955 -0.0449768 -0.0394867 0.0134485 -0.0134303 -0.000911328 0.0328169 -0.00682549 -0.0122514 0.00196665 -0.000584226 0.00179826 -0.000157652 -0.00414558 -8.18394e-06 -0.00383426 -0.00638638 0.00868815 -0.00378922 -0.0145361 -0.0115446 -0.0420833 -0.00227402 0.000128224 -0.000168943 -0.0482288 -0.00717157 0.000170196 -0.0341867 -0.00220067 0.000136224 -0.0100298 0.0514921 -0.0494321 0.0310109 -1.7155e-05 -0.00776173 -0.0030433 0.0218701 0.000291836 -0.00308896 0.00371977 -0.0237478 0.000652344 -0.00113767 0.0204322 0.0280901 0.00360809 0.00473382 -0.000770688 -0.000633108 -0.000236216 -0.00266279 -0.00172482 -0.0195146 -0.00667875 -0.00217872 -0.00291014 0.00605066 -0.000875988 0.00459597 -0.0432009 0.0227575 -0.00051647 -0.00683892 -7.54e-06 -0.00585026 -0.000226031 -0.000673702 0.000254013 -0.0153412 -0.000268209 0.00030743 -0.0232308 0.000973146 -0.0359129 0.0197343 0.035044 0.0129574 0.000242374 0.00142169 -0.00221381 
-0.0013103 0.00235109 0.0221616 -0.00933378 -0.0202596 -0.00219642 -0.0292952 0.241165 -0.149006 -0.00529185 0.114915 -0.0335036 0.0354793 0.0749764 -0.011323 0.0415088 -0.0493697 0.0155887 -0.0680411 0.0326905 0.122186 -0.0321412 0.0153544 -0.00501402 -0.133187 -0.0454616 -0.0394653 -0.0282314 2.90853e-05 -0.00362367 -0.00132817 -0.0129294 0.0031562 -0.0165895 -0.0159237 0.00735804 -0.016097 0.0225655 -0.116397 0.150781 -0.00089629 -0.000506729 -0.00108771 0.137283 0.0143237 -0.000449095 0.061376 -0.0125793 -0.0042419 -0.0216132 -0.0173182 0.127768 0.0355204 -2.18128e-05 -0.0232174 -0.00185654 0.00374572 -0.0141888 -0.0239298 -0.118453 0.0810612 -0.00152526 0.000952891 -0.0225211 0.0217954 -0.00488554 -0.0740358 -0.00742394 -0.00257639 0.000484608 -0.0100408 -0.00143938 0.116239 -0.00126676 0.00593588 -0.0201581 0.00686196 0.000751404 -0.0249969 0.0760183 -0.0279894 -0.000946355 -0.0244457 -0.000503815 0.00327973 -0.134376 -0.00530408 -0.000893202 -0.0439086 0.000355611 -0.000480736 0.029177 -0.00915438 0.0198466 -0.0401023 -0.0264723 -0.0561649 -0.00242182 0.00111233 -0.0164421 
-0.00114953 -0.000903412 -0.0163385 -0.00424314 -0.0241676 -0.00549296 -0.0094395 -0.149006 0.19652 -0.00260131 -0.135594 0.0314162 -0.022803 -0.0836506 -0.0224494 -0.0351624 0.0307596 -0.0272447 0.0195596 0.0199566 -0.0915368 -0.000911606 0.00171886 0.00120132 0.118386 0.0522685 0.0461145 0.000489446 -0.000985708 0.000204477 0.000726219 0.00777645 0.000716201 0.022664 0.0205172 -0.00864203 0.0220005 -0.00497443 0.142393 -0.103043 -0.00598136 -0.000185788 0.000469954 -0.0925786 -0.0151836 -6.56945e-05 0.00493539 0.0110544 0.00012303 0.033394 -0.0391984 -0.0882261 -0.0589692 -4.2427e-05 0.0309498 0.0031262 -0.0576781 0.0151606 0.0284758 0.132198 -0.0711019 -0.00114106 -0.00216665 -0.0103045 -0.0421644 -0.00197075 0.0821312 0.00424134 -0.00083247 -0.000515872 0.00919541 -0.00466704 -0.0727149 0.00387014 -0.00229811 0.00807799 -0.0100166 -0.0315194 0.0193761 -0.0454866 -0.0151359 0.00115944 0.0302968 8.37258e-05 -0.0041352 0.148828 0.00489684 0.00057963 0.0344087 -8.12915e-05 -0.000218658 0.00330191 0.00142628 0.0170562 0.0013732 -0.0186572 0.0570621 -0.00154913 -0.000713992 0.0231999 
0.000339773 -0.000867934 -0.00396955 0.0230499 0.0148959 0.00879325 0.0122794 -0.00529185 -0.00260131 0.0533618 0.0110754 0.00147826 -0.00555025 0.00290861 0.0189522 0.00957473 0.0343294 0.00632099 0.0197561 -0.0278536 -0.0220881 -0.00226156 -0.00502942 -0.000398625 0.00335369 0.00173044 0.0020033 0.00363995 -0.000628312 0.00381205 0.000117343 -0.00148059 0.00465815 -0.0021856 -0.00327759 0.00268758 -0.00205577 -0.00770003 -0.00873995 -0.027346 0.000431451 -2.35466e-05 2.59441e-05 -0.0292425 -0.00407639 1.69096e-05 -0.0319649 -0.000410331 0.000596524 -0.00529054 0.0266834 -0.0316377 0.00272639 6.85109e-05 0.00201792 -0.00168243 0.00106267 0.00382243 -0.00156731 0.000772264 -0.014988 -8.52409e-05 -0.000425423 7.0466e-05 0.0140381 -0.000241926 -0.00443928 -0.000266644 -0.00024135 -4.58418e-05 -0.000228581 0.00099814 -0.0123359 -0.00273932 0.0117582 -0.00180742 0.00125296 0.00582805 -0.00190003 -0.0265573 0.00620076 -0.000236784 0.00732437 9.08266e-05 -0.00329868 1.21385e-05 -7.36135e-05 -1.03725e-05 -0.00947681 0.000615346 0.000238477 -0.0150241 0.00251054 -0.0245332 0.00932679 0.00903751 -0.000379071 0.00163211 -1.44683e-05 0.00629337 
0.00157805 -0.00148505 -0.0202398 0.0230541 0.0283905 0.0111694 0.0119327 0.114915 -0.135594 0.0110754 0.249438 -0.0273758 -0.0349027 0.0993758 0.0229263 0.0660107 -0.00802715 0.0165731 -0.011312 -0.0301418 0.0353247 -0.014354 -0.00204897 -0.00209712 -0.0918089 -0.0609614 -0.028748 -0.0101725 0.00111432 0.0112266 -0.000894522 -0.0167748 0.00504696 -0.0191373 -0.015821 0.0105569 -0.016125 0.0219836 -0.124961 0.0646712 0.00397537 7.05419e-05 -0.00109412 0.0620194 -0.0130321 5.34993e-05 -0.0140297 -0.00756106 -2.14906e-05 -0.0446747 0.055269 0.0453547 0.0195328 5.75715e-05 -0.0182535 -0.0127245 0.0487489 -0.0137089 -0.0211537 -0.108463 0.0628545 0.00186919 -0.000179689 0.00476661 0.0615292 -0.0046175 -0.0878909 -0.00357588 0.00113258 0.000621071 -0.00900684 0.00156297 0.103936 -0.0250499 0.00386282 -0.0121952 0.0117877 0.0367946 -0.0232946 0.0237802 0.017493 -0.00242054 -0.0162353 -0.000408176 -0.00561318 -0.125623 -0.00640916 -0.000641182 -0.043518 2.04748e-05 0.000464575 0.0221804 -0.00270273 -0.045291 0.00131305 0.0174796 -0.0487472 -0.000393167 0.00143831 -0.024819 
-0.000203545 -0.000754841 -0.00408048 -0.00133907 -0.00448559 -0.000803708 0.00675992 -0.0335036 0.0314162 0.00147826 -0.0273758 0.0566796 -0.0093863 -0.0152261 -0.00461223 -0.0066199 0.0112773 -0.00661145 0.00485452 0.00526081 -0.0239751 -0.00482894 0.00927666 -0.000275887 0.0424088 0.0269882 -0.0069598 -0.00295394 0.00087685 0.000452329 -0.00016172 -0.00222972 -0.000987034 -0.00202201 -0.003596 -0.00201949 -0.00216727 -0.00568184 0.0336952 -0.0312326 -0.00104811 -6.31027e-05 -8.46605e-05 -0.0300216 -0.00415688 1.65023e-05 0.0112125 -0.00105822 -0.000443442 0.00346703 -0.00567622 -0.0299471 -0.0130278 5.16962e-05 -0.00344147 -0.00151111 -0.0110812 -0.000716896 0.002519 0.0412822 -0.015641 -0.000209443 -0.00062571 -0.00176854 -0.0101031 -0.000470711 0.0385935 0.00272548 -0.00039303 -0.000122324 -0.00140306 -0.000728889 -0.0238067 -0.00251247 -0.00220027 -0.00122769 -0.0023512 -0.00700492 0.00942072 -0.011561 -0.00280987 -0.000296541 -0.00504864 -5.52134e-05 -0.0030896 0.0401379 0.00226464 0.000406821 -0.00631359 -0.000127499 -0.000108306 -0.0140348 -0.00105513 0.0138094 -0.00445183 -0.00370015 0.0331837 -0.00043242 -0.000462723 -2.75079e-05 
-0.000852391 0.000358547 0.0293072 -0.004359 -0.0114861 -0.00483295 -0.0141314 0.0354793 -0.022803 -0.00555025 -0.0349027 -0.0093863 0.144211 0.00788476 -0.010983 -0.011609 -0.015046 0.0169753 -0.0200346 0.0159037 0.0453742 -0.00804404 0.0123249 -0.00206135 -0.0222117 -0.00381346 -0.00621333 -0.00464789 -0.000747489 -0.00264068 -0.000438891 -0.000511109 0.00697966 -0.0041955 -0.00700219 -0.00312411 -0.00561858 -0.0221015 -0.0291081 0.0322357 -0.00136073 -0.000153704 0.000870275 0.0229363 0.0209573 -0.000134205 -0.00244393 -0.00192242 0.000562356 0.0279144 -0.0119583 0.0196593 0.0338064 -1.79959e-05 0.00210669 0.000235816 0.0101585 -0.00664223 -0.00365628 -0.0169628 0.0238669 -0.00067839 0.00248511 -0.00650225 -0.0130893 0.000528701 -0.0325393 -0.00174883 -0.00112434 -0.000364584 -0.00064579 -0.00227989 -0.0173437 0.0244341 0.00126071 0.00802011 -0.00644579 -0.0191215 -0.00527844 0.0226571 -0.0102923 0.000277292 -0.000629049 -7.52258e-05 0.00724781 -0.0252314 0.00292139 0.000145934 -0.0273253 0.000361627 -0.000242767 -0.0451948 -0.00293183 0.00302546 -0.0114276 -0.0115972 -0.0158469 -0.000284457 -0.00099285 0.00946908 
-0.000622634 -0.00465518 -0.018303 0.0325812 -0.00282344 0.00622487 0.00152262 0.0749764 -0.0836506 0.00290861 0.0993758 -0.0152261 0.00788476 0.215129 0.00391677 0.0408086 7.93911e-05 -0.0235055 -0.0339618 -0.0093161 0.0479941 -0.0197887 0.0136243 -0.00364216 -0.0520286 -0.0513162 -0.0363156 -0.0168445 0.000693607 0.0111383 -0.0006647 -0.0044489 0.00559333 -0.0123549 -0.013771 0.000894621 -0.0106048 -0.0128174 -0.0903312 0.0504347 -0.00866268 -8.07726e-05 -0.000635518 0.0436097 0.0296158 -0.000246544 -0.000609727 -0.00620501 -0.00357292 -0.0278898 0.0300486 0.0603184 -0.0271556 5.25679e-05 -0.00421006 -0.00641754 0.0581259 -0.0151791 -0.0126633 -0.0642956 0.105202 0.00148902 -0.00440163 -0.00472141 0.04787 -0.0015002 -0.0680889 -0.00355528 -0.00173667 -0.000663448 -0.00763403 -0.00609465 0.0203048 -0.01759 0.00337476 0.00264364 0.00335456 -0.0332041 -0.013301 0.0162585 -0.00348394 -0.000696055 0.00588055 -0.000411498 -0.0027322 -0.0732164 -0.00376064 -0.000305607 0.00779271 0.000236052 -0.000113646 -0.0502178 -0.00370884 0.00543512 -0.00710407 -0.00257902 -0.0290962 -0.00231481 -0.00134401 -0.0190001 
0.000559622 -0.00110537 -0.00605668 0.0254681 0.055904 0.00403392 0.0408452 -0.011323 -0.0224494 0.0189522 0.0229263 -0.00461223 -0.010983 0.00391677 0.0783971 0.0173166 0.0361403 -0.00522272 0.031461 -0.0654184 -0.0335775 0.0283329 -0.0303374 -0.000295513 0.00376197 -0.00940821 -0.0106466 0.016192 -0.000128626 -0.00160457 -0.000107705 -0.00331702 0.00454958 -0.0032923 -0.0050012 0.0124767 -0.00287512 -0.011058 -0.0288922 -0.0401562 -0.00241078 5.60516e-05 2.61998e-05 -0.0425371 -0.0062868 0.000326296 -0.0529161 -0.00170775 0.00165643 -0.0122676 0.0633762 -0.0469653 0.0379051 8.30041e-05 -0.000798666 -0.0022657 0.0201889 2.67029e-05 -0.00347792 -0.0169686 -0.0221034 0.00100486 -0.000161306 0.0315918 0.039496 0.0062394 -0.0154841 -0.000709372 -0.000373092 -0.00016832 0.000255565 -0.000576468 -0.00581385 -0.00462911 0.00805219 -0.00331546 0.0114099 0.0044776 -0.00377866 -0.0535739 0.0301173 -0.000386684 0.000999684 0.000284066 -0.0048046 -0.0207871 0.000444126 -0.000147193 -0.0221035 0.000899876 0.000156257 -0.0192192 0.00230089 -0.0531967 0.0230701 0.0444524 -0.00790469 0.00254279 0.00293685 9.71948e-05 
0.000479372 -0.000224224 -0.0100268 0.0389444 0.00538414 0.0121354 0.00912683 0.0415088 -0.0351624 0.00957473 0.0660107 -0.0066199 -0.011609 0.0408086 0.0173166 0.136955 0.0320952 -0.00465212 -0.0156135 -0.0265602 -0.0391685 -0.0094797 -0.0337139 -0.000920658 -0.0262324 -0.0242096 -0.0146051 -0.00891145 0.00188512 0.0270833 -8.6004e-05 -0.00612806 0.0171085 -0.00533338 -0.00255379 0.0207551 -0.00115153 0.0277181 -0.0445805 -0.00985869 -0.00449023 -2.61603e-05 -0.000325556 -0.0083592 -0.00996481 -0.000108896 -0.0308688 -0.00265459 -0.00189195 -0.023072 0.0464317 -0.00394469 -0.00953079 0.000116406 0.0120892 -0.00508522 0.000329225 -0.00703059 -0.00519457 -0.031046 -0.00416413 -0.000359483 -0.00152966 -0.00298617 0.0408719 -0.00162847 -0.0252459 -0.000685356 -0.000746817 -0.000287432 -0.000842103 -0.00261256 0.0508152 -0.00939712 0.0125581 -0.00490979 0.00811711 -0.0173884 -0.0067587 -0.0452286 -0.00228394 -0.000689393 0.0177009 6.8481e-07 -0.000746343 -0.0333735 -0.00204556 -0.000141742 -0.0326434 0.00107533 0.000315718 0.0369854 -0.00241911 -0.0324746 -0.00761741 0.00340802 -0.0116673 -0.000726546 0.00500461 -0.00811468 
0.00118751 -0.00309255 -0.0151103 0.064301 0.0288233 0.0132037 0.0307307 -0.0493697 0.0307596 0.0343294 -0.00802715 0.0112773 -0.015046 7.93911e-05 0.0361403 0.0320952 0.164371 -0.00897124 0.047499 -0.0611547 -0.0794682 -7.95932e-05 -0.0178912 -0.00028089 0.0505758 0.0281628 0.0225563 0.0151239 -0.000900252 0.0143665 0.000625835 0.00392786 0.0192026 -0.00736566 -0.00924472 0.00536061 -0.0070922 -0.0291638 0.00246368 -0.108513 -0.00307089 0.0002542 0.00013526 -0.106553 -0.0137516 -5.45095e-05 -0.0764725 0.00597862 -0.00212874 -0.0217093 0.0698658 -0.10581 -0.00321965 0.000164303 0.0268758 -0.00565847 0.00606534 0.0128996 -0.00647556 0.0295885 -0.0494459 0.000626202 -0.00194071 0.00551057 0.043211 0.00328362 0.00864016 4.46961e-05 -0.000964462 -0.000434345 0.0057473 -0.000850994 -0.0494988 -0.00832709 0.025079 -0.00408865 -0.00334012 -0.0108138 -0.00453928 -0.0779362 0.00623616 0.000518036 0.0531005 0.000558143 -0.0116846 0.0477833 0.00139391 -0.000384224 -0.00633865 0.00144349 0.000400396 -0.0483874 0.00964143 -0.0452122 0.0198794 0.0208822 0.00682368 0.00158697 0.000811495 0.0176711 
0.00246981 0.0018828 0.0156656 -0.00391934 -0.000598562 0.0148789 -0.00499493 0.0155887 -0.0272447 0.00632099 0.0165731 -0.00661145 0.0169753 -0.0235055 -0.00522272 -0.00465212 -0.00897124 0.111654 0.0253442 -0.0137809 0.0246808 -0.00425021 0.00455139 0.00702586 -0.0271801 0.0146092 0.0237401 0.00494558 0.000325405 -0.00364735 0.000741361 0.00365305 1.91464e-05 -0.00266572 -0.000653905 -0.00379893 -0.00398505 -0.000859047 -0.0345377 0.00253699 0.0220541 3.04653e-05 5.09371e-05 -0.00929063 -0.00335115 5.43955e-05 -0.0329532 0.00330163 0.00424516 0.0197776 0.00451096 -0.0259538 0.027019 1.44208e-06 -0.000467263 -0.00360712 -0.00741733 0.00317112 -0.00455932 -0.0250068 -0.0261113 0.000162918 0.00780364 -0.000338523 -0.0210805 -0.000990179 -0.0140374 0.00223982 0.00462358 0.0018127 0.00668299 0.0151833 -0.0195008 0.0225109 0.000440681 -0.000359556 -0.00365215 0.038358 -0.00569831 0.0109473 0.0154633 -0.000471858 -0.00895211 0.000377834 -0.00136204 -0.0327476 -0.000596601 5.50901e-05 -0.0319247 -7.29482e-05 0.000735437 -0.0328499 0.00019146 -0.0426562 0.00989765 0.00592434 -0.00973865 0.00272035 -0.000430864 0.00272757 
0.00137544 -0.0013685 -0.0109076 0.014594 0.0394385 0.00863562 0.0319955 -0.0680411 0.0195596 0.0197561 -0.011312 0.00485452 -0.0200346 -0.0339618 0.031461 -0.0156135 0.047499 0.0253442 0.148362 -0.0610863 -0.0547049 0.0212198 -0.0233889 -0.00156533 0.0326526 0.0239527 0.0147906 0.032221 -0.00140724 -0.0107926 0.00144696 0.0114266 -0.00680232 -0.00626124 -0.00698624 -0.000873331 -0.00637144 -0.025212 -0.00551533 -0.0714327 0.00639923 0.000440867 0.00031231 -0.0813742 -0.0111076 0.000318792 -0.0521261 0.00826415 0.00363784 0.00484433 0.0430812 -0.0878759 0.0192399 2.59791e-05 0.00183919 -0.00465291 0.0137084 0.00376234 0.000937794 0.0166937 -0.0460565 0.00148603 0.00109755 0.0234523 -0.000376286 0.00430415 0.036205 0.00529092 -0.000549037 0.000753937 0.0107544 0.00232055 -0.0682743 -0.00601691 0.00725754 0.00657762 0.000732156 0.0314559 -0.00572089 -0.0275218 0.0385238 -0.000790483 -0.0037006 0.000673409 -0.00879764 0.0256083 0.00039869 -0.000306345 -0.01066 0.000181716 0.000787052 -0.054275 0.0129017 -0.0437974 0.0500257 0.0393821 0.0112932 0.00189485 -0.000892323 -0.00893877 
-0.00271971 0.00178935 0.00989001 -0.0502603 -0.0589934 -0.0248936 -0.0449768 0.0326905 0.0199566 -0.0278536 -0.0301418 0.00526081 0.0159037 -0.0093161 -0.0654184 -0.0265602 -0.0611547 -0.0137809 -0.0610863 0.12521 0.0533555 -0.0276109 0.0368938 -0.001622 -0.00444772 0.0210436 -0.0107737 -0.0316214 0.000217055 -0.0106283 -0.00228338 -0.0106761 -0.00361354 0.0033447 0.00512412 -0.0102408 0.00430293 0.0204616 0.0410803 0.0728798 0.00197884 -0.0003882 -0.000481245 0.0759518 0.0107101 -0.000350893 0.0896858 -0.0093727 -0.00360293 0.0159067 -0.0900881 0.0825687 -0.0327267 -0.000168543 -0.0253714 0.00323244 -0.0323613 0.00328719 0.00195395 0.0236263 0.0379346 -0.00163731 0.000259715 -0.0335817 -0.0414604 -0.00507938 0.0230807 -0.000931112 0.000118491 0.000127623 -0.015343 0.00146086 0.0184236 0.00305324 -0.0198257 9.92284e-06 -0.00923057 -0.0154691 0.00395476 0.0665343 -0.0488041 0.000663727 -0.0233403 -0.000901668 0.0080962 0.0198214 -0.000374748 2.57088e-06 0.0269107 -0.00216914 -0.0010395 0.0397819 -0.0126072 0.0885304 -0.0497932 -0.0561357 0.00378692 -0.00219038 -0.00182184 0.00646381 
-0.000832665 0.00232707 0.0240376 -0.0448184 -0.035138 -0.00907408 -0.0394867 0.122186 -0.0915368 -0.0220881 0.0353247 -0.0239751 0.0453742 0.0479941 -0.0335775 -0.0391685 -0.0794682 0.0246808 -0.0547049 0.0533555 0.241891 -0.0281017 0.0303154 0.000447915 -0.0988933 -0.016283 -0.0167886 -0.0115943 -0.00168274 -0.0214629 -0.000814353 0.0033287 -0.0170286 -0.0112072 -0.0128935 -0.00830254 -0.0107311 0.00275765 -0.0777628 0.137755 0.0105165 -0.000429682 -0.000523517 0.135886 0.0313751 -0.000150725 0.0761439 -0.00559351 -0.000167653 0.00274517 -0.0606695 0.124107 -0.00138757 -8.74986e-05 -0.030552 0.00469234 -0.00337638 -0.012986 -0.0165287 -0.0828962 0.0982177 -0.00027956 0.00519092 -0.0166077 -0.0301953 -0.00298326 -0.0585802 -0.00259953 0.0030839 0.000811621 -0.00643329 0.00500665 0.0349702 0.0119279 -0.0123293 -0.00168235 -0.00781821 0.0151362 -0.0182959 0.110518 -0.0198828 0.000264621 -0.0370811 -0.000452247 -0.00465627 -0.0938763 0.000271214 -0.000576993 -0.00621195 -0.0010722 -0.000170569 -0.0135644 -0.00715861 0.0301496 -0.0265235 -0.0271874 -0.0390147 0.000114359 -0.00235635 -0.0125495 
0.000495045 -0.00148689 -0.00169784 -0.00786448 0.0298824 0.000630918 0.0134485 -0.0321412 -0.000911606 -0.00226156 -0.014354 -0.00482894 -0.00804404 -0.0197887 0.0283329 -0.0094797 -7.95932e-05 -0.00425021 0.0212198 -0.0276109 -0.0281017 0.0858322 -0.0173952 -0.000524352 0.000991514 -0.00518882 -0.0118219 0.0188014 -1.26692e-05 -0.0055724 -0.00010473 -0.00123825 -0.0037246 1.24367e-05 -0.0031372 0.00320392 -0.000276753 -0.0108312 0.00490019 -0.0332934 -0.00240479 0.00023948 0.000631266 -0.0348927 -0.00088524 0.000355759 -0.0320937 -0.00181031 0.00382368 -0.00695409 0.0304861 -0.0119515 0.0254324 1.28777e-05 -0.0042464 0.000352941 0.00797769 0.0017352 -0.00270452 0.000203287 -0.0208415 0.00062406 -0.000291129 0.0261908 0.0102169 0.00670408 0.0056496 0.00243749 -0.00063743 -0.000177518 -0.00118302 -0.00120401 -0.0136649 -0.00234057 -0.00324576 0.00168132 0.00658003 0.0135877 0.00475702 -0.0252429 0.0273781 0.00103745 -0.00716688 0.000122611 0.00284249 0.0065367 0.00220712 -3.04049e-05 0.0108011 -0.000172586 3.02543e-05 -0.00305251 0.00312133 -0.0165559 0.012663 0.0328794 -0.00736083 0.000332201 0.00124995 -0.00149884 
-0.000569477 -0.00378368 0.000431097 -0.00574073 -0.0250461 0.00139571 -0.0134303 0.0153544 0.00171886 -0.00502942 -0.00204897 0.00927666 0.0123249 0.0136243 -0.0303374 -0.0337139 -0.0178912 0.00455139 -0.0233889 0.0368938 0.0303154 -0.0173952 0.135191 0.000248897 0.0302088 0.0184811 0.00241435 -0.0199143 -0.000952213 0.000372422 -0.0011701 -0.0124594 -0.0048613 -0.0161122 -0.0217166 -0.0234634 -0.0220664 -0.04253 0.0262567 0.0112925 0.00230318 -0.000235012 -0.000890376 0.00241363 0.00458161 -0.000423148 0.048681 -0.00764654 -0.0012646 0.0179996 -0.0262572 0.00108734 -0.0048572 -1.27295e-05 -0.00722272 0.000296391 0.00859427 0.00332075 0.0047053 0.0293233 0.00812952 -0.00061155 -0.0023553 -0.00946866 -0.0292675 -0.00432535 0.0186796 -0.00201317 -0.000317085 0.000224911 -0.0096943 0.00147745 -0.012485 0.00394548 -0.0140335 -0.0118382 -0.010567 0.000843043 0.00664051 0.0337958 -0.0101688 -0.00101045 -0.00363727 -0.000846778 -0.0198505 0.0236914 -0.00122019 0.000187501 -0.000308679 -0.00106403 -0.000150997 -0.0254045 -0.00869657 0.0303254 -0.0196103 -0.0205777 0.011498 -0.00288116 -0.00651356 0.00825127 
0.000726784 -0.000103322 -0.000249497 -0.00093578 -0.00097419 0.000591912 -0.000911328 -0.00501402 0.00120132 -0.000398625 -0.00209712 -0.000275887 -0.00206135 -0.00364216 -0.000295513 -0.000920658 -0.00028089 0.00702586 -0.00156533 -0.001622 0.000447915 -0.000524352 0.000248897 0.0138774 0.00104337 0.00557301 0.00660953 -0.000577342 7.44647e-06 -0.000423078 -3.04784e-05 -0.000460195 0.000645693 0.00208154 0.00220779 -0.000318273 -0.000279334 -0.00135099 0.00101827 -0.0071954 0.00682661 -9.75139e-07 3.41869e-05 -0.00703398 -0.000971572 6.23751e-07 -0.00565214 0.0022091 0.000315204 0.00196797 -0.00112761 -0.00760482 -0.00258907 7.55474e-06 0.00105158 -0.000268696 -0.00194103 0.00212874 0.00176975 0.00184716 -0.00323584 -1.91993e-05 0.00122072 -9.59123e-05 -0.00189877 1.82059e-05 -0.00073489 0.00028549 0.00375957 0.000158834 0.00180463 0.00639242 -0.00502081 0.00892374 0.000349061 -0.000407239 -2.81128e-05 0.00469439 -0.000526039 -0.00645945 -0.000278419 -4.67091e-05 0.000430532 1.82644e-05 -0.000682302 -0.00114113 -0.000145645 4.51788e-05 -0.00327277 -3.58088e-05 2.51248e-05 -0.00421537 -0.000198961 -0.00711727 -0.000486392 -0.00021175 0.00217961 0.00204824 -2.91213e-05 0.00216564 
-0.000403109 -0.0030653 -0.0175356 0.0162668 0.00692057 -0.00731155 0.0328169 -0.133187 0.118386 0.00335369 -0.0918089 0.0424088 -0.0222117 -0.0520286 0.00376197 -0.0262324 0.0505758 -0.0271801 0.0326526 -0.00444772 -0.0988933 0.000991514 0.0302088 0.00104337 0.187389 0.0570043 0.0229918 -0.00677685 -0.00200806 0.00473625 -0.000598883 -0.00610187 0.00376918 -0.00459655 -0.0123373 -0.00760384 -0.00898794 -0.0315702 0.105988 -0.123443 -0.00473705 -0.000121832 -1.4178e-05 -0.123196 -0.0167308 -4.89734e-05 0.00335316 -0.000170762 -0.000857155 0.0317683 0.00353062 -0.123894 -0.0280188 2.12044e-05 0.0110034 -0.00365219 -0.0172782 0.0168644 0.0224413 0.132548 -0.0644528 -0.000685685 -0.00175252 0.00910837 -0.0215301 0.00280728 0.0898447 0.00182606 -0.00164879 -0.00054555 -0.00223183 -0.00347659 -0.0906792 -0.000253312 -0.0076742 -0.00563302 -0.006904 -0.022313 0.0308706 -0.0707133 0.00286434 -0.000357413 0.0214478 -0.000198473 -0.0126031 0.135711 0.00301828 0.000722963 0.0121631 -0.000228489 -0.000103761 -0.033671 -0.00308471 0.00540788 0.0097544 0.00619073 0.0621316 -0.000932197 -0.00196162 0.0240195 
0.000338752 0.00236397 0.00692345 -0.00824545 -0.00989847 -0.00619761 -0.00682549 -0.0454616 0.0522685 0.00173044 -0.0609614 0.0269882 -0.00381346 -0.0513162 -0.00940821 -0.0242096 0.0281628 0.0146092 0.0239527 0.0210436 -0.016283 -0.00518882 0.0184811 0.00557301 0.0570043 0.148582 0.0165813 -0.000683417 3.45048e-05 -0.00843901 -0.000538927 -0.000963406 0.010681 -0.00247664 -0.00232785 -0.00634429 -0.00580373 -0.0158068 0.0458978 -0.0594451 0.0207697 -0.000103917 0.000165445 -0.0544223 -0.0030018 -9.58656e-06 0.00157538 -0.000843348 0.00290487 0.0116153 -0.0217277 -0.0592862 -0.0274301 -9.31984e-07 -0.00839986 -0.000927199 -0.0304013 0.0134942 -0.0039259 0.062416 -0.0450795 -0.000709052 0.00823221 -0.00631807 -0.0248792 -0.000508618 0.0612603 0.0057179 0.00407678 0.00159151 -0.00194123 0.0157677 -0.0690912 0.0109704 0.00204423 -0.00569867 -0.00586516 0.020378 0.00485668 -0.0149583 -0.00986728 -0.000107577 -0.00485291 9.59038e-05 -0.00557614 0.0631588 0.00766917 -6.25505e-05 -0.0187403 0.000452398 -0.000204587 -0.0457048 -0.00171726 0.00658697 -0.00757141 -0.0118354 0.0195095 0.00507873 -0.00105709 0.0118594 
0.000266353 -0.000752791 -0.010093 0.00971282 -0.00793457 0.00821241 -0.0122514 -0.0394653 0.0461145 0.0020033 -0.028748 -0.0069598 -0.00621333 -0.0363156 -0.0106466 -0.0146051 0.0225563 0.0237401 0.0147906 -0.0107737 -0.0167886 -0.0118219 0.00241435 0.00660953 0.0229918 0.0165813 0.12594 0.0104698 -0.00104027 0.00306866 0.00217171 0.0156425 0.00583398 -0.00376047 0.00126921 -0.00464773 -0.00502746 -0.0176637 0.0178614 -0.0524899 0.0171596 -0.000123714 0.00075994 -0.0553553 -0.0101429 7.16472e-05 -0.033349 0.0175622 0.00420426 0.0087386 -0.00939268 -0.0700503 -0.0208302 -2.41796e-05 0.0472429 -0.00185943 -0.0288928 0.0110189 0.0137829 0.0252272 -0.0322098 -0.000521074 0.00548461 -0.00558898 -0.0125699 -0.000802175 -0.00957306 0.000945721 0.00507797 0.0016622 0.0122678 0.0113305 -0.0380697 0.0184589 0.0129202 0.00286937 -0.00509989 0.0223221 0.00600496 -0.0319417 -0.00220157 0.000419168 0.049594 0.000458264 -0.00822292 0.0450353 0.000105072 3.05108e-06 0.0180027 0.000677393 0.000526788 -0.021228 0.00658133 -0.064681 0.0123168 -0.00712897 0.00437308 0.00183572 -0.00109143 0.0256582 
0.000790811 -0.000897485 -0.00273937 0.0014037 0.0179201 0.00659283 0.00196665 -0.0282314 0.000489446 0.00363995 -0.0101725 -0.00295394 -0.00464789 -0.0168445 0.016192 -0.00891145 0.0151239 0.00494558 0.032221 -0.0316214 -0.0115943 0.0188014 -0.0199143 -0.000577342 -0.00677685 -0.000683417 0.0104698 0.0611984 -0.000170067 -0.00319038 0.00202447 0.0120911 -0.00098582 -0.00254769 -0.00314912 0.000945163 -0.00202806 -0.00737094 -0.00847285 -0.0267978 -0.000294188 0.000301449 0.000772388 -0.0264951 -0.00334291 0.000350584 -0.0305285 0.00496388 0.00271503 -0.00441251 0.0190315 -0.0223583 0.0116696 2.15834e-05 0.00632216 -0.000541227 0.00573755 2.65571e-05 -0.00229319 -0.0088658 -0.0151899 0.000607667 0.000428569 0.0142595 0.00915321 0.00206797 -0.00760464 0.00206553 -0.0003528 -0.00012343 0.00760919 -0.00122742 -0.0207634 -0.00263098 0.00658934 0.00285358 0.00127248 0.0167366 -0.00185469 -0.0151047 0.0196057 -0.000132009 0.00644807 0.000299999 -0.00274585 0.00528181 0.00501368 -6.03199e-05 0.0021468 0.000764059 6.76937e-05 -0.0157758 0.0102475 -0.0272947 0.0272692 0.0171286 -0.00560219 0.00223613 -0.000327991 -0.00167977 
3.39169e-05 3.01626e-05 -0.000637845 -0.000149906 0.000404792 0.000770861 -0.000584226 2.90853e-05 -0.000985708 -0.000628312 0.00111432 0.00087685 -0.000747489 0.000693607 -0.000128626 0.00188512 -0.000900252 0.000325405 -0.00140724 0.000217055 -0.00168274 -1.26692e-05 -0.000952213 7.44647e-06 -0.00200806 3.45048e-05 -0.00104027 -0.000170067 0.0152409 0.00387932 -1.28456e-05 -0.000544722 0.00107151 0.00158006 0.00212696 -0.000373578 0.00198647 0.00264956 -0.000620359 -0.00366771 0.000340061 2.57652e-05 1.61723e-05 6.72509e-05 0.000654055 0.000135616 -0.00410103 -0.000155026 -5.98814e-05 -0.00163491 0.0016369 -0.000676569 -0.00151396 2.45752e-05 -7.36216e-05 0.00120324 -8.16092e-05 0.00065041 0.000388595 -0.0019932 -0.000419895 0.000431791 -0.00011923 5.46754e-05 0.00155595 0.000476808 -0.00247272 -0.00022196 -3.60529e-05 0.000183025 6.95928e-05 0.000609311 0.0036322 -0.000201792 -0.000337346 -0.000560527 -0.000513225 0.000924359 -0.000192882 -0.00562524 -0.000647555 -1.82777e-05 -0.00122608 2.17292e-05 0.00129855 -0.00264073 3.41169e-05 2.75901e-05 -0.00116512 4.6129e-05 -1.94418e-05 0.00225258 -0.000263874 -0.00477678 -0.00108271 -0.000468187 -0.000334312 -9.19209e-05 -8.45248e-05 -0.000653847 
4.25555e-05 8.92406e-06 -0.00458557 0.0231291 -0.0040617 0.00539749 0.00179826 -0.00362367 0.000204477 0.00381205 0.0112266 0.000452329 -0.00264068 0.0111383 -0.00160457 0.0270833 0.0143665 -0.00364735 -0.0107926 -0.0106283 -0.0214629 -0.0055724 0.000372422 -0.000423078 0.00473625 -0.00843901 0.00306866 -0.00319038 0.00387932 0.060466 -3.56779e-05 -0.00260509 0.00416848 0.000745229 0.000294357 -0.000956011 0.000608449 0.00404848 -0.000451094 -0.0207336 -0.00186908 0.000167624 5.2687e-05 -0.01742 -0.00457699 -1.77919e-05 -0.0245909 4.15717e-06 -0.000591733 -0.00548834 0.0159112 -0.0179232 -0.0126542 1.38215e-05 0.0129934 0.000546966 0.00809563 -0.00230203 0.00466427 0.00222871 -0.0107792 -0.000181286 -0.000897595 -0.00198849 0.0122105 -0.000537798 -0.00713546 -0.000960067 -0.000259132 -0.000140269 0.000374121 -0.0012752 0.0181544 -0.00319328 0.00556451 -0.00202753 0.00553863 -0.00865153 0.00318309 -0.0338502 -0.00377347 -0.000272332 0.0197271 2.45959e-05 -0.00225371 0.00277935 -0.000543105 0.00119848 -0.0074815 0.000250783 7.8225e-05 0.0122517 -0.000440202 -0.0258083 -0.0015125 -0.00385561 0.00380999 -0.000495869 -0.000162363 0.000492528 
5.57264e-05 -4.69874e-05 -0.00018549 0.00052939 -6.03975e-05 0.00108185 -0.000157652 -0.00132817 0.000726219 0.000117343 -0.000894522 -0.00016172 -0.000438891 -0.0006647 -0.000107705 -8.6004e-05 0.000625835 0.000741361 0.00144696 -0.00228338 -0.000814353 -0.00010473 -0.0011701 -3.04784e-05 -0.000598883 -0.000538927 0.00217171 0.00202447 -1.28456e-05 -3.56779e-05 0.00316011 0.00159827 5.71263e-05 -0.000104406 -5.15477e-05 -8.89196e-05 -7.52275e-05 -0.00041394 -0.000942962 -0.00165969 5.77394e-05 3.07242e-07 0.000251988 -0.00160599 -0.000216821 1.97346e-07 -0.00194101 0.00124892 -4.12567e-06 0.000311723 2.30116e-05 -0.00173012 -0.000462506 -8.23762e-07 0.00206244 -7.81089e-05 -0.000413783 -0.000109993 -8.92896e-05 -0.000555878 -0.000774144 2.87853e-05 3.0656e-05 1.93011e-05 -2.72575e-05 -2.13212e-05 -0.000682048 4.8078e-05 3.83178e-05 -2.57908e-06 0.000941519 -4.90442e-05 -0.0010565 -5.52341e-05 0.00142128 0.000135241 -8.43102e-05 5.74713e-05 -2.09048e-06 -0.000924493 0.00045623 -1.31959e-05 0.00128953 1.44349e-05 -0.000162273 0.000579273 -3.09192e-05 -5.91495e-06 0.00030404 0.000244889 5.55293e-06 -0.000919108 0.0011786 -0.00201595 0.0020107 0.0002213 -2.49466e-05 -2.29205e-05 -9.33755e-06 -0.000167537 
-5.24178e-05 -0.000142017 -0.00117448 -0.000861167 -0.00301607 0.00186154 -0.00414558 -0.0129294 0.00777645 -0.00148059 -0.0167748 -0.00222972 -0.000511109 -0.0044489 -0.00331702 -0.00612806 0.00392786 0.00365305 0.0114266 -0.0106761 0.0033287 -0.00123825 -0.0124594 -0.000460195 -0.00610187 -0.000963406 0.0156425 0.0120911 -0.000544722 -0.00260509 0.00159827 0.0397948 -0.00112897 -0.00150714 0.00113645 -0.00126242 -0.000400316 -0.00463799 -0.00644073 -0.00557081 -6.20471e-05 1.40293e-06 0.000241519 -0.0104164 0.00225819 3.11516e-05 -0.0106437 0.00872999 0.000340094 0.000993497 -0.00441935 -0.00524335 -0.00656691 -5.82287e-06 0.00982826 -0.00046784 -0.00373667 -0.00139672 -0.000829431 -0.0064072 -0.00209059 -0.000160101 0.000523979 -0.00142645 -0.0021643 -0.000402437 -0.00185293 -3.52222e-07 0.000679516 -9.61592e-05 0.0100587 -0.000491888 -0.0152265 0.00103222 0.00599575 0.00855174 -0.00134608 0.000143288 -0.00169169 0.00522328 0.000707185 2.62019e-06 0.00781697 0.000495159 0.00151432 0.00640256 4.213e-05 -7.6541e-05 0.0172526 0.000174291 0.000145624 -0.00777238 0.00582125 -0.00841781 0.0144989 -0.00150468 -0.000962394 -1.27206e-05 -0.000289166 -0.00235409 
0.000164828 0.000105696 -0.00346233 0.0227663 0.000543569 -0.000786012 -8.18394e-06 0.0031562 0.000716201 0.00465815 0.00504696 -0.000987034 0.00697966 0.00559333 0.00454958 0.0171085 0.0192026 1.91464e-05 -0.00680232 -0.00361354 -0.0170286 -0.0037246 -0.0048613 0.000645693 0.00376918 0.010681 0.00583398 -0.00098582 0.00107151 0.00416848 5.71263e-05 -0.00112897 0.0492994 -0.00192597 -0.00190705 0.000905477 -0.00169315 0.000399146 -0.0103481 -0.0204852 0.00189428 1.94105e-05 0.000165088 -0.0223891 -0.00273854 2.98176e-05 -0.0212932 0.000173415 0.00166087 -0.00462989 0.0133915 -0.0224071 -0.00683034 2.80195e-05 0.00861877 -0.00137817 -0.000115803 0.00745234 -0.00152245 0.00116397 -0.0081753 -1.05933e-05 0.00262709 -0.00114697 0.0169949 0.00054014 -0.00788941 -0.000411876 -8.00797e-05 0.000427215 -0.000607433 0.00246948 -0.00362077 0.00287461 0.00895856 -0.00176569 -0.00186721 -0.00142023 -0.000707407 -0.0266675 -0.00266628 -0.000238292 0.0124647 0.000297453 -0.0019616 0.00381373 0.000952738 -2.1886e-05 -0.00717964 0.00157763 -3.7935e-05 -0.0094668 -0.000818068 -0.0155336 -0.00437154 -0.00291492 -0.00368388 0.00147147 -4.52319e-05 0.00885377 
-0.000136749 0.00275116 0.000544531 -0.00449815 -0.00366058 -0.000410512 -0.00383426 -0.0165895 0.022664 -0.0021856 -0.0191373 -0.00202201 -0.0041955 -0.0123549 -0.0032923 -0.00533338 -0.00736566 -0.00266572 -0.00626124 0.0033447 -0.0112072 1.24367e-05 -0.0161122 0.00208154 -0.00459655 -0.00247664 -0.00376047 -0.00254769 0.00158006 0.000745229 -0.000104406 -0.00150714 -0.00192597 0.0398879 0.0271106 -0.000903229 0.0266885 0.0209502 0.0206794 0.00180347 -0.000522637 0.000110196 -7.23366e-05 0.0116907 -0.00214473 -2.53368e-05 -0.0105746 -0.000280675 -0.000356323 -0.000150258 -0.00610134 0.00733848 -0.00763363 -9.11623e-06 -0.000680623 0.00597497 -0.00792154 -0.000731812 0.00336632 -6.16654e-05 -0.0107672 -0.000156472 -0.000219751 -0.00157157 -0.00773913 -0.000315718 -0.00538313 -0.000640868 -0.00010346 -7.64169e-05 0.00172715 -0.000624376 0.0105607 0.00120104 -0.00157569 0.000514101 -0.000823232 -0.00523044 -0.00157232 -0.00145487 -0.00252942 -6.9247e-05 -0.00217653 7.57115e-05 0.00676217 -0.00647463 -0.000439918 -1.424e-06 -0.00600274 -0.000102377 -4.72371e-05 0.0178958 -0.000719101 0.00248602 -0.00282111 -0.0028538 -0.000553535 -0.000291965 0.000215921 -0.00107391 
6.31139e-05 0.00201486 -0.00152306 -0.00600659 -0.00538214 -0.00055305 -0.00638638 -0.0159237 0.0205172 -0.00327759 -0.015821 -0.003596 -0.00700219 -0.013771 -0.0050012 -0.00255379 -0.00924472 -0.000653905 -0.00698624 0.00512412 -0.0128935 -0.0031372 -0.0217166 0.00220779 -0.0123373 -0.00232785 0.00126921 -0.00314912 0.00212696 0.000294357 -5.15477e-05 0.00113645 -0.00190705 0.0271106 0.0567214 -0.00078207 0.0301885 0.0250367 0.0160076 0.00640074 0.00167491 0.000166416 -7.80696e-05 0.0181457 -0.00217377 -2.66658e-05 -0.0116742 0.00100387 -0.000551777 -0.00727129 -0.00823247 0.0119577 -0.00884666 -9.98296e-06 0.000134683 0.00563594 -0.00521008 -0.00157763 0.000717417 -0.00771039 -0.0142888 -0.000195274 -0.000743227 -0.00249906 -0.00949709 -0.000554817 -0.0118366 -0.000726029 0.00209103 -0.000111706 0.001934 0.0034917 0.0156271 0.00104094 -0.00209931 0.00286265 -0.000783867 -0.000898206 -0.00251581 0.00563048 -0.00340431 6.03289e-05 -0.00421614 0.000251687 0.0080836 -0.0126993 -0.000730525 -5.32409e-05 -0.00890271 -9.15301e-05 -7.74334e-05 0.0251403 -0.000978779 0.00269293 -0.00193731 -0.00418219 -0.00338802 -0.000150332 0.000706312 -0.00235976 
