0.0111974 -5.51741e-05 -0.00243802 -0.000283814 0.00296447 -5.36912e-05 0.000188951 0.000259574 -0.00439041 -0.0022155 -0.000564342 0.00134805 0.00152717 0.00032042 -7.11534e-06 -0.00485809 0.00108729 0.00346812 -0.00224566 -0.000232056 -0.000409454 -0.00655198 0.00120496 -0.0018226 -0.00185978 0.0003736 -0.000750391 -1.63885e-05 -3.42101e-05 -0.00394092 -0.000398563 1.02877e-06 -0.000293188 9.69134e-05 -0.000145484 -0.00322308 0.00292751 0.000197646 0.000369345 3.44653e-05 -0.000505527 -1.17997e-05 0.000691152 -0.00259733 0.000527621 1.48823e-06 0.00090573 0.00269232 0.000652761 -6.98228e-06 0.00183091 0.000230719 -4.63944e-05 0.000350626 0.00101783 1.2396e-05 4.2452e-05 0.000138979 0.00221025 0.000913851 0.000331134 -3.81887e-05 0.00045931 3.49542e-05 -4.73582e-05 3.9721e-07 5.76511e-05 -0.00550746 -1.02143e-05 0.000101176 -0.000241524 0.00167208 -6.25926e-05 2.28404e-06 0.000761309 0.00244954 -0.000513639 -3.76442e-05 -9.46066e-05 0.000358282 -0.000151009 0.000164068 -0.00180097 4.02679e-05 0.000322614 0.00307437 0.000171821 -0.000540795 -2.59059e-06 1.45731e-05 0.00179314 1.23073e-05 6.42139e-06 9.07984e-06 -0.000292509 -0.000715897 -0.000345899 8.95097e-06 1.24405e-06 -0.0012721 
-5.51741e-05 0.0130105 -0.00776749 -0.000179677 -0.000985046 0.000554925 0.000143943 -0.000142334 -0.00696824 0.00622336 0.0102521 -0.000369188 0.000135763 -0.000144322 -1.02466e-05 -0.00915631 0.00357494 -0.000140444 -0.00382241 -5.87226e-05 0.000445399 0.000728079 -0.00655624 -0.00234958 -0.0109953 0.0111767 0.00432739 -0.000125417 5.04096e-05 -0.0117319 0.0107897 3.9226e-06 0.000879499 4.82346e-05 0.0090877 -0.00895774 0.000575754 -8.83953e-05 -0.000324272 -2.81619e-05 -0.00106744 -7.04934e-05 -9.53413e-05 -0.00536604 -0.000646138 -1.26985e-05 -0.00829767 -0.00044417 -0.00136369 6.87854e-05 -0.00755123 0.000537858 -9.9833e-06 0.000427874 -0.000536751 -4.69719e-06 -6.46722e-07 -0.000430779 0.000270284 -7.03642e-05 0.000365086 -0.00013447 0.00299359 2.56742e-05 -8.34824e-05 -2.41604e-05 3.33791e-05 -0.00759829 2.86088e-05 -4.57887e-05 -0.000340798 0.0060696 -5.05437e-05 1.5068e-06 -0.000539106 -0.000455384 -0.00747767 0.00180235 -0.000164863 1.09708e-06 -0.000439048 -7.58212e-05 0.00758972 0.000514207 2.9379e-06 -0.000325248 -0.00044895 -0.000913343 1.41003e-05 -2.14045e-06 -0.00408666 0.00174362 -4.07002e-05 0.00127285 0.00971298 0.00705296 -0.000343133 0.00112764 7.08696e-06 0.00684224 
-0.00243802 -0.00776749 0.195647 -0.00346998 -0.00189481 -0.00364355 0.00366166 0.000773837 -0.0326596 0.0477958 -0.0148589 0.0861219 -0.00204912 -0.00488342 -4.75781e-05 0.0462593 0.100504 -0.00835244 -0.0982922 -0.00564488 -0.022864 0.0135571 -0.0388244 -0.09949 0.0224956 -0.0278046 -0.0566122 -0.0025537 -0.00370706 0.0283671 -0.0184868 -0.0001084 -0.107065 -0.00116456 -0.0163962 -0.0124731 -0.00127159 -0.00822172 -0.00401701 -0.00129229 -0.038545 -0.00360463 -0.0030587 -0.0675208 0.00786761 -0.000216311 0.129358 -7.63182e-05 -0.0721159 -0.00207311 0.107177 -0.0818977 -8.27829e-05 -0.0363859 -0.000118527 -0.0012152 -0.000552905 0.00452257 -0.007773 -0.0051508 -0.00265229 -0.000423948 -0.00747966 -0.000555611 -0.00443568 -0.000823349 7.96953e-05 0.0455196 -0.000506433 -0.00168137 -0.0170146 -0.0165539 0.000494319 -0.000189617 0.00696618 0.00800417 0.143264 -0.00270646 -0.00407217 -0.000356917 0.00629126 0.00175939 -0.0604825 -0.00383103 -0.00507396 -0.015456 0.00605108 -0.00634175 -0.00029009 -0.000211557 0.0207472 -0.00215768 -0.00126024 -0.00471739 0.00625764 -0.00462616 0.00512768 -0.00220863 3.71435e-05 0.0501428 
-0.000283814 -0.000179677 -0.00346998 0.0275106 -0.00175401 0.000184851 -0.000368634 -0.000286655 0.00194203 -0.00696084 -0.00095838 -0.0118603 -0.000420492 -0.000288932 3.07605e-05 -0.0088002 -0.016153 -0.00069993 0.0169143 0.00470689 -0.000702663 -0.0099698 0.00357237 0.0129117 -1.08034e-09 0.00122199 -0.00126115 0.000806598 0.000168452 0.00088468 -0.000267503 5.02309e-07 0.0160855 0.000135141 -0.000146421 0.00630001 -0.000832054 -0.000253648 8.8497e-05 0.000191085 0.00445936 0.0010712 -0.000248302 0.0125934 -0.000399247 -1.51277e-05 -0.0165199 -0.000806139 -0.00120533 0.000128209 -0.017283 0.00160353 -0.000167334 -0.000146271 -2.63495e-05 6.8845e-07 -1.92768e-05 0.00143404 -0.000329472 -0.000225462 0.00165572 -1.99745e-05 -0.000141117 -2.55954e-05 0.00144571 0.000249147 -2.99925e-05 0.000445395 0.00018166 0.000917205 0.00406546 -0.00102811 -8.272e-05 2.63092e-05 -0.00171826 -0.000763629 -0.0113694 6.4491e-05 0.00289058 -1.90695e-05 -0.00048395 -0.000245473 0.00871315 -0.000109007 -0.000127619 -0.0011088 -0.000524417 0.003193 2.08346e-05 2.17201e-06 -0.00880168 -6.90469e-05 0.00045012 -0.000155359 -0.00285856 0.00475487 -0.00112536 -6.02899e-05 -8.53647e-06 -0.00983688 
0.00296447 -0.000985046 -0.00189481 -0.00175401 0.0761676 -0.000707816 -0.00115747 0.00306281 0.00584024 -0.0194176 -0.00425982 -0.0116575 0.00829501 0.00319307 -7.86495e-05 -0.0141315 0.0190445 0.0219624 -0.0174421 -0.0015743 -0.00326533 -0.0511243 0.0084063 -0.02033 -0.00986459 -0.00214738 -0.00689501 0.00123277 -0.000377407 -0.00770725 -0.00287303 -3.69827e-06 -0.0172931 -4.66652e-05 -0.00191028 -0.0292451 0.00702513 0.00330587 -0.000651258 -0.000108358 -0.00540015 -9.84037e-05 0.000298632 -0.00504729 -0.00278328 -1.81791e-05 0.0168194 0.0166438 -0.00239962 0.000602462 0.0175001 -0.00441154 0.000229129 -0.00493873 -0.000860186 0.00044685 0.000572806 -0.00163814 0.00918535 0.0068106 -0.00157174 1.57763e-06 -0.00120773 0.000496549 -0.000354267 -0.000114014 0.000669339 -0.00148718 -2.33867e-05 0.000293025 -0.00159082 0.00801675 -8.62959e-05 0.000141905 0.0122613 -0.00133394 0.00481362 -0.000418673 -0.00108133 0.000445817 0.0144057 0.0015949 -0.0120597 0.00258862 0.00536162 0.0110818 -0.00172357 -0.00409059 7.9051e-06 -1.5189e-05 0.00299842 0.000143048 0.000629725 -0.000674892 -0.0106346 -0.00452922 -0.00157933 -0.000297748 0.000124377 0.00568769 
-5.36912e-05 0.000554925 -0.00364355 0.000184851 -0.000707816 0.00916492 -0.000145734 -8.86962e-05 -0.00421162 0.0033188 0.00490781 -0.00312978 -1.61328e-05 -8.14294e-05 2.4555e-05 -0.00632518 -0.000141101 -0.000195427 -0.000865949 0.00142605 1.65638e-05 0.000894106 -0.00417914 0.00286136 -0.00514003 0.00540434 -2.85452e-05 -3.58249e-05 7.27033e-07 -0.00504974 0.00471036 -1.32574e-06 0.003227 4.99467e-07 0.00234358 -0.00271248 -0.000356882 1.33321e-05 0.000326089 9.99103e-05 8.75445e-05 0.000341572 -0.000123253 -0.00239808 0.000274026 -6.47289e-06 -0.00539338 -0.000259208 -0.00064233 -3.06752e-05 -0.00486314 0.000212587 0.00012048 0.00171927 0.000192833 -1.53668e-05 -2.17925e-06 -7.5127e-05 6.92778e-05 -4.35683e-05 -0.000250501 -7.99981e-05 0.000414913 3.88536e-06 0.00030165 -2.18179e-05 1.81642e-06 -0.00432133 7.75081e-05 0.000413478 0.000252878 0.000419501 -3.99149e-05 -2.47913e-06 -0.000560015 -0.000243018 -0.00470321 0.000144775 0.000572656 2.38245e-06 -0.000303805 -8.6087e-05 0.00620282 -1.10367e-05 0.000111505 0.000312375 -4.716e-05 -0.000651651 8.22468e-06 -1.41749e-06 -0.0024378 -8.80672e-06 -3.73824e-05 0.000281414 0.00453381 0.00505799 6.50457e-06 0.000340591 -7.99685e-06 0.00282022 
0.000188951 0.000143943 0.00366166 -0.000368634 -0.00115747 -0.000145734 0.0246602 -0.000169271 -0.00498771 0.00448481 0.000145326 0.00434172 0.000469123 0.000105144 2.04197e-05 0.00115785 0.00483475 0.000102246 -0.0033206 -0.000524497 -0.000640861 -0.00664844 -0.00924547 -0.00449788 -0.00517136 -0.000766476 0.000769249 -0.000192311 3.98926e-05 -0.00310853 -0.000608532 -2.34332e-07 -0.00722753 -2.56537e-05 -0.000381491 0.00159789 0.00415688 0.000222643 -0.000584574 3.2571e-05 -0.00198973 -8.13574e-05 -0.000327341 -0.00486381 -0.000185345 -1.6471e-05 0.00391374 -0.0001431 -0.000444858 -8.9586e-05 0.00290211 -0.00346469 1.96311e-05 -0.000787147 0.000700101 -1.0653e-05 -1.70311e-05 -0.00070938 -0.000101413 -8.03989e-07 -0.000554618 -0.000252971 -4.64612e-05 -1.25469e-05 -0.000169649 -6.03204e-05 -4.79833e-05 -0.0108212 -9.2432e-06 -0.000113587 -0.000642215 0.000118049 -0.000124393 -5.67741e-06 0.00326504 -0.000697256 0.00357369 2.65691e-05 -0.00029855 -3.04538e-06 -0.000229078 4.59187e-05 -0.00428406 -0.000123 -0.000240933 -0.000646896 0.00025563 0.000712342 5.30171e-07 -1.07497e-06 0.00838108 -6.63989e-06 -5.96954e-05 -0.000194437 0.000328217 -0.00128175 -0.000651105 -9.31395e-05 0.000395405 0.00890417 
0.000259574 -0.000142334 0.000773837 -0.000286655 0.00306281 -8.86962e-05 -0.000169271 0.0126052 0.00416459 -0.00403728 -0.000544353 -0.00456208 0.000846499 -0.000105424 -1.18107e-05 5.47568e-05 -0.00155373 0.00168741 0.000572001 -7.5545e-05 -0.000369752 -0.00262382 0.0019235 -0.00194646 -0.00371884 -0.000579562 -0.000957548 -6.69282e-07 -6.91509e-05 -0.00064734 -0.000460929 7.86456e-06 -0.00256361 -2.56221e-06 -0.000260528 -0.00132594 0.000522925 8.66581e-05 6.1685e-05 -1.61138e-05 -0.000161478 0.000145201 9.40456e-05 0.00364399 -0.000534289 2.15097e-05 0.00199656 0.00108543 -0.0014558 -4.41795e-05 0.00129733 -0.000736276 1.2153e-05 -0.000395551 -0.000692087 -2.0976e-05 2.94598e-05 -0.000418537 0.000505154 0.000186575 -0.000335753 -0.000114415 -6.31826e-05 0.000149249 -7.62367e-05 -2.31266e-05 -1.00888e-05 0.00341355 3.97171e-06 0.000283696 0.000115884 -0.000213816 -3.45216e-05 -3.07435e-07 9.21148e-05 -0.000178426 0.00275599 -4.61918e-05 -0.000175253 0.000116249 0.00182736 0.000550713 -0.0012252 0.000123582 7.29893e-06 -0.0004887 -0.000180755 -0.000649697 2.17666e-05 -1.41342e-06 -0.00427581 1.78339e-05 2.52463e-05 -0.000103991 -0.00177598 -0.0010355 -0.000406209 2.04336e-05 3.32323e-05 -0.00221116 
-0.00439041 -0.00696824 -0.0326596 0.00194203 0.00584024 -0.00421162 -0.00498771 0.00416459 0.247838 -0.134493 -0.0168544 -0.0808341 -0.00438988 0.00206556 -0.00032295 0.0342883 -0.0719338 -0.00554502 0.0830083 -0.00607189 0.00292614 0.0235873 0.0732681 0.0635695 0.027053 -0.0252683 0.0203588 0.000575623 0.00178127 0.0395174 -0.018958 -4.70809e-05 0.0332067 -0.000716693 -0.0135607 0.0154546 -0.0205337 -0.0015836 -0.0054016 7.90272e-06 0.0230131 0.00127868 -0.00387732 0.101196 -0.0163871 -0.000644115 -0.0292164 -0.00383478 0.017541 0.000995988 -0.0456375 0.046087 0.000102584 0.0147789 0.00447401 0.000273719 -0.000168433 -0.0120199 -0.00825299 -0.00416837 -0.000966744 0.000613922 -0.00701223 -0.000405168 0.00121808 0.000580153 -0.000646228 0.0506816 -0.000196134 -0.000512177 0.00237257 -0.0230307 -0.00134475 8.71338e-05 -0.0139535 -0.0104028 -0.0585288 -0.00206498 -0.00324366 -0.000373037 0.01313 0.00127397 -0.023536 -0.00211805 -0.00564863 -0.00804766 -0.00344066 -0.00586201 -2.95052e-05 0.000107573 0.00993139 -0.00117436 0.000892513 -0.00523594 -0.0853019 -0.0416007 -0.00834973 -0.0013074 -8.71581e-05 -0.072723 
-0.0022155 0.00622336 0.0477958 -0.00696084 -0.0194176 0.0033188 0.00448481 -0.00403728 -0.134493 0.243662 0.0176638 0.073283 6.10482e-05 -0.00336245 0.000216572 -0.0102275 0.0989423 -0.00291136 -0.113328 0.00119769 -0.00977735 0.0138266 -0.0955058 -0.0819823 -0.0225826 0.0197812 -0.0267774 -0.00215596 -0.0019688 -0.0325272 0.0194195 -4.81611e-06 -0.0751285 -0.000243741 0.0136463 -0.0323374 0.0157165 -0.00119949 0.00460823 -0.000561065 -0.0323259 -0.0024939 0.000688769 -0.129406 0.012294 0.000363477 0.0543957 -0.00984135 -0.0358995 -0.00111034 0.0658744 -0.0655445 -0.000100178 -0.0208477 -0.00764088 -0.000643508 -0.000242847 0.00916209 0.00141616 0.000297147 -0.00768967 -0.00301404 0.00324521 -0.000295207 -0.00288281 -0.00109935 1.4073e-05 -0.0418396 3.77772e-05 -0.00206293 -0.0111275 0.0178426 0.000441122 -0.000147798 0.00125896 0.000293113 0.0728435 0.00105859 -0.00116044 5.45991e-05 -0.009601 0.000384175 0.0159274 0.000692317 0.00107368 -0.00689504 0.00186177 -0.0106719 -8.95047e-05 -0.00017451 0.00164124 0.000251724 -0.000893796 0.00445534 0.0924631 0.0382275 0.00931932 0.000949502 7.05373e-05 0.0927014 
-0.000564342 0.0102521 -0.0148589 -0.00095838 -0.00425982 0.00490781 0.000145326 -0.000544353 -0.0168544 0.0176638 0.0511654 -0.000499272 -0.000462502 -0.000518876 0.000107454 -0.0237295 0.00955202 -0.00158708 -0.0131603 0.00387732 -0.00135464 0.00636845 -0.0212161 0.00146673 -0.0290987 0.029937 0.0103181 -0.000480231 -0.000258593 -0.029881 0.0293108 5.36988e-07 0.00185147 6.36561e-05 0.0175958 -0.0226507 0.00151651 -0.000555114 0.000265853 4.12366e-05 -0.00394443 -0.000283336 -0.000706175 -0.020378 -0.00127771 -1.02958e-05 -0.0197322 -0.00182968 -0.00188403 1.60554e-05 -0.0207268 0.00137828 0.000485445 0.00687429 0.00150318 -5.09237e-05 -2.55881e-05 -0.000891165 2.45401e-05 -0.000251228 0.000244895 -0.000411125 0.00289682 -4.25237e-05 -0.000349054 -0.000148117 -2.1783e-05 -0.0281968 3.69608e-07 -0.000150694 -0.00143327 0.0104497 -0.000271108 -1.53856e-05 -0.00279796 -0.000851615 -0.0238118 0.00347734 -0.000102768 -3.6605e-05 -0.0015054 -0.000413289 0.0217275 0.000413121 -0.000281998 -6.55981e-05 -0.00157269 -0.00307084 5.13005e-05 -2.2763e-05 -0.00325553 0.00236936 -0.000189486 0.00415289 0.0242489 0.0241255 -0.00114548 0.0019979 -3.5674e-05 0.0228389 
0.00134805 -0.000369188 0.0861219 -0.0118603 -0.0116575 -0.00312978 0.00434172 -0.00456208 -0.0808341 0.073283 -0.000499272 0.23771 -0.00241243 0.00251971 -4.91715e-05 0.0269296 0.117564 -0.00691776 -0.115247 -0.0106574 -0.0166565 -0.0152311 -0.0186418 -0.10598 0.00467509 -0.00261419 -0.0378533 -0.00416816 -0.00047955 -0.00105442 0.00011196 -0.000117034 -0.093644 -0.000637794 -0.000785769 -0.0481968 0.0176922 -0.00573256 -0.00586019 -0.00076958 -0.0477844 -0.00338401 0.00113819 -0.1297 0.0128981 -0.000266761 0.0876348 -0.000542091 -0.0289069 0.000888308 0.109136 -0.051824 -0.00140306 -0.0308884 -0.00535099 0.000385338 -0.00010333 0.000794678 -0.00297799 -0.00283322 -0.00260902 0.00199153 0.00345332 -0.000605601 -0.00430043 -0.000877177 -0.000418153 -0.0422998 -0.000505262 -0.0028148 -0.0165448 -0.00177428 -0.00114363 -0.000165434 -0.00191729 0.00915295 0.0855583 -0.00142725 -0.00627244 -0.000318399 -0.0118763 -0.00346144 -0.0580091 -0.000550834 -0.00273657 0.00591632 0.00270998 0.00422632 -0.000225176 -0.000178073 0.046854 -0.000174222 -0.00224909 -0.00134995 0.0458495 -0.00397534 0.00128331 -0.00181028 -5.06284e-05 0.0910564 
0.00152717 0.000135763 -0.00204912 -0.000420492 0.00829501 -1.61328e-05 0.000469123 0.000846499 -0.00438988 6.10482e-05 -0.000462502 -0.00241243 0.015052 -5.36632e-05 -1.09062e-05 -0.00579772 0.00427735 0.00635273 -0.00453451 -0.000176464 -0.000651404 -0.00661815 -0.000552808 -0.00386909 -0.00475429 -0.000436561 -0.00127907 -1.38329e-05 -6.26445e-05 -0.00910398 -0.000323877 -1.3047e-06 -0.00454473 5.4986e-06 -0.000112752 -0.00915984 3.17865e-05 0.00211299 -5.20757e-05 -2.79198e-05 -0.00123876 -3.67332e-05 -0.000184511 -0.00569215 -0.000608416 -1.52861e-05 0.00401985 0.00678581 -0.00164266 -4.49188e-06 0.00344215 -0.00119567 -3.38093e-05 -0.000763591 -0.000592723 0.000146949 4.62602e-05 -0.000482088 0.006358 0.00406429 -0.000324754 0.000395078 -0.000271386 0.000317718 -9.14283e-05 -2.42887e-05 0.000391711 -0.00714981 4.3265e-05 0.00044361 -0.000420678 0.00544516 0.00017582 7.75289e-06 0.00580576 0.000993181 -0.000398107 -5.20124e-05 -0.000142486 0.000619775 -0.000107788 0.000623114 -0.00263488 0.000577442 0.0026536 0.000451621 0.00152346 -0.00109318 -5.64608e-06 7.3776e-07 -0.000438777 0.000130847 0.000474562 -0.000141472 -0.00030944 -0.000983483 -0.000513411 4.90614e-05 1.33243e-05 0.00431523 
0.00032042 -0.000144322 -0.00488342 -0.000288932 0.00319307 -8.14294e-05 0.000105144 -0.000105424 0.00206556 -0.00336245 -0.000518876 0.00251971 -5.36632e-05 0.0108667 3.87134e-05 -0.00217893 0.00153618 0.000205897 -0.00253752 -5.21692e-05 -0.000416511 -0.00765065 0.00239359 -0.00175027 0.000481451 -0.00049717 0.000757034 0.00105906 0.000279329 0.000304975 -0.000372867 3.75873e-06 -0.00301475 -1.95051e-05 -0.000270897 -0.00348826 0.0008635 0.000234469 0.000472238 -2.16339e-05 -0.000849201 -5.57111e-05 7.3043e-05 -0.00380371 -0.000426867 2.22914e-05 -0.000261929 0.0011656 0.00479058 1.26452e-05 0.00224804 -0.00197947 0.000228202 -0.000607765 0.00107069 0.000836053 0.000161313 -0.000160121 0.000179307 0.000504537 -0.000296617 0.000421358 -0.000260988 -1.00927e-05 -7.91304e-05 -2.90774e-05 -1.25818e-06 -0.00299661 -3.36155e-06 -5.75702e-05 -0.00029961 -5.76651e-05 9.90371e-05 2.81255e-05 0.000451118 -0.000265196 -0.00509356 -5.16471e-05 -2.80126e-05 7.68046e-06 -0.000128116 -7.68898e-05 -0.00167393 0.000218381 0.000296945 0.0034878 -4.86096e-05 0.00124508 -5.16727e-06 -1.12673e-06 0.0059589 -2.35913e-05 7.30759e-06 0.000141716 -0.00185931 -0.000866973 -0.000350607 -4.35719e-05 -2.76413e-06 0.00310889 
-7.11534e-06 -1.02466e-05 -4.75781e-05 3.07605e-05 -7.86495e-05 2.4555e-05 2.04197e-05 -1.18107e-05 -0.00032295 0.000216572 0.000107454 -4.91715e-05 -1.09062e-05 3.87134e-05 0.00111851 -0.000389347 -0.000204904 1.47391e-05 -2.59758e-05 0.000174973 -2.31541e-05 -0.00033772 2.48011e-06 -9.14044e-05 -0.000145187 0.000230871 -9.45445e-05 1.04736e-05 0.000104064 -0.000161198 0.000181497 5.694e-07 0.000327718 1.19473e-06 2.84889e-05 -0.000166935 -3.58434e-05 4.77108e-06 -1.45898e-05 1.11114e-05 6.65302e-05 -4.81312e-06 7.83986e-05 -5.38236e-05 -1.36613e-05 1.55947e-05 -0.000411164 2.21937e-05 -6.72099e-05 -5.17613e-06 -0.000105179 -3.71921e-05 3.86185e-05 -1.38769e-05 -5.95925e-05 8.39787e-08 8.23121e-07 -6.45746e-06 -1.49314e-05 -6.40309e-06 -2.08672e-05 3.40073e-05 2.98524e-05 -6.50937e-07 4.47559e-06 3.64531e-06 -2.51294e-06 -0.000141294 1.08972e-07 -4.63331e-06 3.98595e-05 -1.74955e-06 8.50283e-06 2.75717e-06 -7.70128e-06 -2.5171e-05 -0.000312687 7.51593e-07 -2.45281e-06 5.25759e-06 -1.84407e-05 -9.43682e-07 0.000275994 2.57491e-05 1.82348e-05 -2.34127e-05 4.65108e-05 0.000120919 1.42008e-07 -2.00292e-07 -0.000257281 -2.36776e-06 1.02364e-06 -9.12147e-06 0.000138383 0.000303941 8.29939e-05 -4.3477e-07 1.76292e-07 -0.000154829 
-0.00485809 -0.00915631 0.0462593 -0.0088002 -0.0141315 -0.00632518 0.00115785 5.47568e-05 0.0342883 -0.0102275 -0.0237295 0.0269296 -0.00579772 -0.00217893 -0.000389347 0.13513 0.0110187 -0.0191952 -0.012983 -0.00815979 -0.00239626 0.0424543 -0.00656678 -0.0209393 0.0380909 -0.0396063 -0.00668423 -0.00439037 -0.000594106 0.0453902 -0.0266191 -8.58737e-05 -0.0410168 -0.00116784 -0.0200321 0.0205496 -0.00663021 -0.00577938 -0.00254031 -0.000685334 -0.0207082 -0.00452615 0.00026908 -0.00378304 0.00483828 5.55794e-05 0.0504085 -0.00877388 -0.0114576 -0.000457776 0.0392297 -0.0207899 -0.000242169 -0.0156009 -0.000952494 -0.000154684 -0.000641035 -0.00380812 -0.0124976 -0.00835989 0.000154793 0.000693375 -0.00629068 -0.000467542 -0.00396642 5.21493e-05 -0.00060114 0.0378499 -0.000446991 -0.00170425 -0.0117144 -0.0240518 0.000243041 -5.24371e-05 0.00119519 0.000700854 0.0667607 -0.00237435 -0.000782443 -0.000674941 0.00302523 -0.000627306 -0.0501875 -0.00407592 -0.00612267 -0.0162349 0.00112188 0.00547644 -0.000116826 -1.00783e-05 0.00282868 -0.00226859 -0.00269245 -0.00472064 -0.0133827 -0.029319 0.00373156 -0.00290742 0.000110001 -0.00985536 
0.00108729 0.00357494 0.100504 -0.016153 0.0190445 -0.000141101 0.00483475 -0.00155373 -0.0719338 0.0989423 0.00955202 0.117564 0.00427735 0.00153618 -0.000204904 0.0110187 0.225849 0.00675549 -0.172211 -0.0107202 -0.0258597 -0.0188493 -0.0508604 -0.158119 -0.016989 0.0054061 -0.0464479 -0.00295906 -0.0031111 -0.0167707 0.0105506 -0.000103179 -0.160733 -0.000815304 0.00794451 -0.0868012 0.0168487 -0.00346923 -0.00987398 -0.00111985 -0.050143 -0.00385014 -0.00103568 -0.157701 0.00508166 0.00014596 0.136378 0.00858655 -0.0490185 0.000174363 0.135219 -0.0946229 0.00166534 -0.0386931 0.000543672 -2.98301e-05 8.78489e-06 0.00496033 0.00369835 0.00245515 -0.00474029 0.00100777 -0.000912594 -0.000525708 -0.0037843 -0.00164578 3.30763e-05 0.00554327 -0.00055825 -0.00208973 -0.0184506 0.0142444 -0.000576461 -0.000106682 0.0201256 0.0106058 0.125284 0.00066651 -0.00783361 0.000163888 0.00182483 0.00151109 -0.0473711 0.00108362 0.00170267 0.00258716 0.00593113 -0.00325088 -0.000232943 -0.000185968 0.0474785 0.000803919 -0.000835108 0.00134157 0.0534594 0.0044839 0.00392768 1.7353e-05 0.000241772 0.115719 
0.00346812 -0.000140444 -0.00835244 -0.00069993 0.0219624 -0.000195427 0.000102246 0.00168741 -0.00554502 -0.00291136 -0.00158708 -0.00691776 0.00635273 0.000205897 1.47391e-05 -0.0191952 0.00675549 0.0319017 -0.00755452 -8.31137e-05 -0.00112284 -0.0238618 0.00240865 -0.00796454 -0.010936 0.00262491 -0.00275897 0.00012673 0.000405838 -0.0131956 -5.24909e-05 -2.85925e-06 0.000227586 0.000199069 0.000205267 -0.0149473 0.00362569 0.00450122 -0.000238778 -6.16684e-05 -0.000683395 6.84834e-05 0.000544979 -0.00358038 -0.00114406 1.8033e-05 0.00345893 0.00709855 -0.00180944 0.000492931 0.00660861 0.0046785 4.1997e-05 -0.00194297 -0.000813928 0.000258538 0.000484266 -0.000486477 0.0106048 0.00783764 -0.000575204 -0.000256839 0.00217311 0.000389321 -4.30399e-05 -6.26863e-05 0.000448045 -0.008649 2.7729e-05 0.00047778 -0.000610785 0.0120526 0.000274814 1.93654e-05 0.00542481 -0.000298961 -0.00887506 -0.000153248 -0.000373053 0.000688686 0.00283945 0.00139978 6.79943e-05 0.00343457 0.00665125 0.00287336 -0.000914002 -0.00216856 2.51229e-05 -6.07663e-06 -0.00396559 0.000181591 0.000980907 -0.000238452 -0.00169914 -0.000777463 -0.000656292 -0.000107759 3.45427e-05 -0.000219698 
-0.00224566 -0.00382241 -0.0982922 0.0169143 -0.0174421 -0.000865949 -0.0033206 0.000572001 0.0830083 -0.113328 -0.0131603 -0.115247 -0.00453451 -0.00253752 -2.59758e-05 -0.012983 -0.172211 -0.00755452 0.212866 0.00743066 0.0223041 0.0146059 0.0611788 0.151904 0.0154145 -0.00460091 0.0403795 0.000842476 0.00284702 0.0181777 -0.0113197 7.01537e-05 0.154287 0.000516913 -0.00768267 0.0829756 -0.0156466 0.00287298 -6.69227e-05 0.001211 0.054951 0.00404008 -0.00184915 0.1614 -0.0101111 -0.000455627 -0.133738 -0.0103234 0.0502789 -3.74377e-05 -0.1404 0.0925262 -0.00181675 0.0308626 -0.00607813 -7.39098e-05 -0.000210992 -0.00687638 -0.00494027 -0.00309314 0.00568983 -1.18508e-05 0.0014374 0.00029075 0.00483186 0.00161873 -0.000352316 -0.00552448 0.00039288 0.00185344 0.0183225 -0.014503 -0.000931814 0.000105806 -0.0189098 -0.00940498 -0.131305 -0.00116543 0.00773329 -0.000235094 -0.00475224 -0.00240253 0.0443196 -0.00153279 -0.00311127 -0.00622631 -0.00740604 0.00721587 0.00014102 0.000171955 -0.0541973 -0.000712129 0.00128516 -0.00292365 -0.0558447 -0.0107053 -0.0118021 -6.92023e-05 -0.000266448 -0.108661 
-0.000232056 -5.87226e-05 -0.00564488 0.00470689 -0.0015743 0.00142605 -0.000524497 -7.5545e-05 -0.00607189 0.00119769 0.00387732 -0.0106574 -0.000176464 -5.21692e-05 0.000174973 -0.00815979 -0.0107202 -8.31137e-05 0.00743066 0.0230493 0.000471716 -0.00392661 -0.00156255 0.00928336 -0.00525893 0.00528726 -0.000574998 0.000734837 0.000100439 -0.00509681 0.00410886 -2.92398e-06 0.0125015 7.8813e-05 0.00172239 -0.000369366 -0.00106507 0.000371323 -0.000484145 8.3628e-05 0.00123003 0.000165642 -0.000394666 0.0045289 -0.000752904 0.000161646 -0.0135623 -0.000657399 -0.00273665 -9.90948e-05 -0.0128989 0.00470623 -7.6598e-05 -0.000194301 -0.000729259 -3.88856e-05 4.89522e-05 0.00203838 0.000489956 -5.39066e-05 -0.000348945 -0.00024347 -0.000453477 7.49885e-05 0.000106684 2.90846e-05 -1.63964e-05 -0.00109716 0.000239897 0.000341356 0.000767322 0.00146081 0.000200989 -5.71254e-06 -0.00133802 -0.0008231 -0.0114111 -6.65882e-05 0.0041409 2.89814e-05 -0.000691041 -0.00014914 0.0153488 -3.84581e-07 0.00142432 -0.00101615 -0.000776939 -0.00140499 1.7705e-05 -7.06951e-06 -0.00781771 1.71368e-05 1.32137e-05 0.00117035 0.00130493 0.00874645 -0.000833344 0.000106717 -1.26638e-05 -0.00243671 
-0.000409454 0.000445399 -0.022864 -0.000702663 -0.00326533 1.65638e-05 -0.000640861 -0.000369752 0.00292614 -0.00977735 -0.00135464 -0.0166565 -0.000651404 -0.000416511 -2.31541e-05 -0.00239626 -0.0258597 -0.00112284 0.0223041 0.000471716 0.0418478 0.00316348 0.00499532 0.0200146 0.00231884 -9.83805e-05 0.0105984 0.000415177 8.2298e-05 0.00141926 -0.000767565 5.06751e-05 0.021432 0.000765307 7.66717e-05 0.0107188 -0.00226168 0.00103585 -0.000211022 -3.79279e-06 0.00408204 -0.000113418 -0.000609365 0.0154393 0.000729632 -1.70203e-05 -0.0274169 -0.00151184 0.0151432 -0.000133869 -0.0255529 0.00177526 -0.000228637 0.0049851 -0.000847864 -1.42353e-05 -1.61656e-05 -0.000282132 -0.000726047 -0.000480967 0.00208856 -0.000444754 0.00169961 0.000153771 2.23588e-05 6.3058e-05 -3.50812e-05 -0.00638629 0.000106717 -2.48485e-05 0.00122405 -0.00146482 0.000119488 -5.83745e-07 -0.00257003 -0.00150397 -0.0182124 0.000393983 0.000152974 -2.34359e-05 -0.00134589 -0.000292901 0.0122888 -0.000194085 -0.000243759 0.0024979 -0.00140416 -0.000526628 2.92173e-05 2.22486e-06 -0.00624949 -4.77622e-05 -0.000125378 0.000231658 -0.00405811 -0.00302013 0.00031805 -2.53215e-05 -2.45146e-05 -0.0126168 
-0.00655198 0.000728079 0.0135571 -0.0099698 -0.0511243 0.000894106 -0.00664844 -0.00262382 0.0235873 0.0138266 0.00636845 -0.0152311 -0.00661815 -0.00765065 -0.00033772 0.0424543 -0.0188493 -0.0238618 0.0146059 -0.00392661 0.00316348 0.184381 -0.0232747 0.0268675 0.0175146 -0.00839531 0.00627155 -0.00537747 -0.00085377 0.0141033 -0.00022937 -0.000100072 0.00676811 -0.000752519 -0.00259473 0.0222228 -0.0216716 -0.00413989 -0.00785562 -0.00100934 0.00811899 0.000179459 -0.0100421 0.00824212 0.00309759 -0.000691698 -0.00351118 -0.0210009 -0.0153221 -0.00197373 -0.0215987 0.0157146 0.00021859 0.00843936 -0.000330706 -0.00118942 -0.000601273 -0.00328444 -0.0104732 -0.0074907 0.0023586 -0.00244465 -0.00720374 -0.000255131 -0.000179431 4.69468e-05 -0.000219127 0.0183408 -0.000327038 -0.00252584 -0.00177171 -0.0101465 0.000746866 -0.000124391 -0.0119708 -0.00660082 0.0095394 0.000770872 -0.00209336 -0.000600227 -0.0142163 -0.00133389 -0.0120924 -0.00353563 -0.00726771 -0.0190432 -0.000269452 -0.014793 5.61769e-05 1.54928e-05 -0.010468 0.000296559 -0.00089654 -5.08443e-07 0.00333637 -0.0122831 -0.000825507 -3.58388e-05 -0.000519261 -0.00563202 
0.00120496 -0.00655624 -0.0388244 0.00357237 0.0084063 -0.00417914 -0.00924547 0.0019235 0.0732681 -0.0955058 -0.0212161 -0.0186418 -0.000552808 0.00239359 2.48011e-06 -0.00656678 -0.0508604 0.00240865 0.0611788 -0.00156255 0.00499532 -0.0232747 0.194151 0.0384073 0.0215126 -0.0100617 0.00349823 0.00192187 0.00109206 0.0183805 -0.0126203 -7.56081e-06 0.0507117 0.000166164 -0.00596315 0.011966 -0.018269 0.00238345 -0.00190323 1.5762e-05 0.0202371 0.00117488 0.00192336 0.0813055 -0.0130749 -0.000883998 -0.0328801 0.00707866 0.0238806 -0.000484697 -0.0227647 0.0355936 -0.00209411 0.00142311 -0.00960388 0.000317632 0.000151943 -0.00973692 0.000380381 0.000732696 -0.00142994 0.00197476 -0.00159495 0.00023007 0.00147571 0.000331645 -0.000665817 0.0251054 -0.000166294 -0.000948618 0.0058759 -0.0121752 -0.000935894 5.12965e-05 -0.0217617 -0.00532639 -0.0537478 -0.00313186 -0.00212025 0.00010994 0.000124811 -0.00556098 -0.00596352 -0.000145131 0.00117875 0.00209374 -0.00187153 0.00955013 -5.74183e-05 -0.000100156 0.00120874 -0.0011273 -0.000238521 -0.00254191 -0.0871588 -0.0324119 -0.00464493 -0.000801914 -0.000602602 -0.0625049 
-0.0018226 -0.00234958 -0.09949 0.0129117 -0.02033 0.00286136 -0.00449788 -0.00194646 0.0635695 -0.0819823 0.00146673 -0.10598 -0.00386909 -0.00175027 -9.14044e-05 -0.0209393 -0.158119 -0.00796454 0.151904 0.00928336 0.0200146 0.0268675 0.0384073 0.202121 0.00545782 0.00550337 0.043641 -0.000308453 0.00158942 0.00708344 -0.00140993 -2.41356e-05 0.148977 0.000142133 -0.00461247 0.0630154 -0.0144056 0.00252069 0.00205332 0.00113892 0.04633 0.00415096 -0.00282156 0.122557 -0.00663199 -0.000392947 -0.133762 -0.00991098 0.0409618 -0.000511688 -0.143132 0.0963795 -0.00157314 0.0392426 -0.00390005 0.000103258 -0.000210078 -0.00572886 -0.00377009 -0.00234495 0.00316974 -0.0019477 -0.00132772 0.000204537 0.00432934 0.00149307 -0.000452984 -0.0188286 0.000532246 0.00198784 0.0172773 -0.0124842 -0.00128975 4.27499e-05 -0.0166189 -0.00957172 -0.134858 -0.000627609 0.0071527 -0.000213761 -0.00883758 -0.00198964 0.0495968 -0.00135495 -0.0027356 -0.00655944 -0.0055282 -0.00665939 0.000219794 8.42401e-05 -0.0403956 -0.000616277 0.000631821 -0.00226127 -0.0373914 0.00266234 -0.00839237 0.000427984 -0.000235695 -0.0823034 
-0.00185978 -0.0109953 0.0224956 -1.08034e-09 -0.00986459 -0.00514003 -0.00517136 -0.00371884 0.027053 -0.0225826 -0.0290987 0.00467509 -0.00475429 0.000481451 -0.000145187 0.0380909 -0.016989 -0.010936 0.0154145 -0.00525893 0.00231884 0.0175146 0.0215126 0.00545782 0.0922689 -0.0361913 -0.00261568 0.00056154 -0.000351576 0.0406213 -0.0324555 -1.90153e-05 -0.00510162 -0.000257578 -0.0191343 0.0401068 -0.0115592 -0.00206149 -0.000668288 -0.000241028 0.000482206 -0.00265359 -0.000272256 0.0216647 0.00283443 -0.00121118 0.0219729 -0.00643549 0.00873515 0.000137306 0.0128809 -0.00908842 -0.0010408 -0.00407318 0.00215603 -0.000216957 -0.000353048 -0.00386171 -0.00585941 -0.00270059 -0.000382318 0.000833064 -0.00569724 -0.000515933 -0.000684142 6.87364e-05 -0.000865211 0.019683 -0.000290406 -0.000603161 -0.00448102 -0.0196937 0.000468133 -2.58983e-05 -0.00973804 0.000846053 0.0265717 -0.00314651 0.000260675 -0.000533448 -0.00125894 0.000210701 -0.0308173 -0.00286766 -0.00273088 -0.000494855 0.00268249 0.00267052 -0.000260936 6.02557e-06 0.0196542 -0.00251268 8.82264e-05 -0.00395881 -0.0361183 -0.0345246 0.0015205 -0.00254181 -0.00045913 -0.0348596 
0.0003736 0.0111767 -0.0278046 0.00122199 -0.00214738 0.00540434 -0.000766476 -0.000579562 -0.0252683 0.0197812 0.029937 -0.00261419 -0.000436561 -0.00049717 0.000230871 -0.0396063 0.0054061 0.00262491 -0.00460091 0.00528726 -9.83805e-05 -0.00839531 -0.0100617 0.00550337 -0.0361913 0.0510778 0.00463309 -0.000380545 0.000322098 -0.0357284 0.0324527 3.5813e-05 0.0210729 0.000832739 0.0207155 -0.0241485 0.00470948 0.00130162 0.00122987 0.000584443 -0.00355581 0.000574146 0.0008711 -0.0114838 -0.00177747 -3.41488e-05 -0.0366111 -0.00185784 0.00234909 -0.000115712 -0.0217674 0.00748265 0.000374797 0.00450545 -0.00263879 6.43378e-06 0.000178764 -0.00142221 0.000468864 3.88762e-05 0.000870106 -0.000466977 0.00755785 0.000126443 0.000440935 -0.000126168 6.02433e-06 -0.0304424 0.000260755 0.00135071 -1.56755e-05 0.015845 -0.000240381 -1.69599e-05 -0.00318945 -0.00175409 -0.0330524 0.00318895 0.00108468 6.73583e-05 -0.00179438 -0.000545126 0.0335804 0.00209218 0.000246798 0.000745019 -0.00172162 -0.00227363 0.000139525 -8.42987e-06 -0.0130706 0.0023707 -0.000144245 0.00441174 0.0289099 0.0294635 -0.00136368 0.0023311 -4.25354e-05 0.0130034 
-0.000750391 0.00432739 -0.0566122 -0.00126115 -0.00689501 -2.85452e-05 0.000769249 -0.000957548 0.0203588 -0.0267774 0.0103181 -0.0378533 -0.00127907 0.000757034 -9.45445e-05 -0.00668423 -0.0464479 -0.00275897 0.0403795 -0.000574998 0.0105984 0.00627155 0.00349823 0.043641 -0.00261568 0.00463309 0.0831276 -0.000414485 0.000877714 -0.00422471 0.00504391 1.29139e-05 0.0304913 0.00028183 0.00502658 0.0146498 -0.00315063 0.00125184 -0.000237352 0.000295756 0.00221116 0.00074737 -7.57844e-05 0.026279 -0.00348996 -0.000134909 -0.0526829 -0.00315993 0.0449631 0.00133326 -0.0593265 0.0204941 -7.01955e-05 0.0311701 0.0051949 0.000329688 -3.6164e-05 -0.00275689 -0.000943074 -0.000979352 -0.00203018 -1.73107e-05 -0.000513363 -6.54554e-05 -0.000464859 -0.000168719 -8.76564e-05 -0.0374091 -4.36672e-05 2.15606e-06 0.00212061 0.00165229 -0.000437733 1.30025e-05 -0.00532428 -0.0030952 -0.054418 0.00182365 0.000559963 -7.36231e-05 -0.00259392 -0.000897954 0.0101624 0.00026306 -0.000959264 0.00640195 -0.00165674 0.00213428 0.000141135 9.98112e-05 0.0139056 0.00123893 -0.000438062 0.00201155 -0.00841184 -0.00126298 -0.00350616 0.00116718 -7.17782e-05 -0.0158103 
-1.63885e-05 -0.000125417 -0.0025537 0.000806598 0.00123277 -3.58249e-05 -0.000192311 -6.69282e-07 0.000575623 -0.00215596 -0.000480231 -0.00416816 -1.38329e-05 0.00105906 1.04736e-05 -0.00439037 -0.00295906 0.00012673 0.000842476 0.000734837 0.000415177 -0.00537747 0.00192187 -0.000308453 0.00056154 -0.000380545 -0.000414485 0.00967428 5.2655e-05 0.000411636 -0.000356715 6.79053e-05 0.000746851 0.000268843 -0.000214919 3.36091e-05 -0.000326391 0.000402731 0.00126081 2.77638e-05 0.0019035 2.39659e-05 7.63417e-05 0.00255533 -0.00040588 -1.08934e-05 -0.00196972 0.00103377 0.00126101 -3.16875e-05 -0.00069528 -0.00142832 0.000107895 9.19807e-07 4.71192e-05 -2.33106e-06 2.51682e-05 -0.000284235 9.49749e-05 0.000306686 0.000251951 -8.73738e-05 4.13579e-05 -3.0788e-06 1.80547e-05 -2.13117e-06 1.77182e-05 0.00238307 8.31216e-07 1.31093e-05 0.000361702 -6.32975e-05 0.000237056 1.36706e-05 -0.000175375 -0.000139851 -0.0014185 -3.28447e-05 -9.76345e-05 -5.54064e-06 0.000808693 1.80861e-08 0.00243484 2.98746e-05 6.62897e-05 0.00064802 0.000261212 -0.0004367 2.63812e-06 3.05328e-06 -0.000457219 -2.27814e-05 0.00026392 -9.14617e-05 -0.0018979 -0.00030074 0.000187069 -2.85426e-05 1.2768e-05 -0.00216762 
-3.42101e-05 5.04096e-05 -0.00370706 0.000168452 -0.000377407 7.27033e-07 3.98926e-05 -6.91509e-05 0.00178127 -0.0019688 -0.000258593 -0.00047955 -6.26445e-05 0.000279329 0.000104064 -0.000594106 -0.0031111 0.000405838 0.00284702 0.000100439 8.2298e-05 -0.00085377 0.00109206 0.00158942 -0.000351576 0.000322098 0.000877714 5.2655e-05 0.00609072 -0.000218501 -6.93151e-05 -1.40645e-07 0.0016945 4.18795e-05 0.000273491 0.000213483 -2.29467e-05 0.000373446 -0.000134399 2.99823e-05 0.000404426 3.46761e-05 9.84064e-05 0.00156066 -0.000157453 0.000182832 -0.00347719 -0.000184121 0.000974665 0.000195599 -0.00184638 0.000400732 0.000207582 -0.000295324 0.000347239 8.41342e-08 2.47148e-05 -3.74684e-05 -3.67277e-05 -5.03912e-05 -0.000157399 0.000492899 0.000732964 3.52753e-05 0.0001792 3.59778e-05 2.4899e-05 -0.0014636 6.89028e-06 4.77973e-05 -0.000124975 -1.39959e-05 -1.42221e-05 2.42482e-05 5.96784e-05 -0.000112807 -0.00364221 -2.53169e-05 0.000241994 3.94932e-05 -0.000177695 -8.038e-06 0.000208043 0.000232489 0.000127487 -0.000193424 0.00125644 0.00110113 1.08449e-06 3.42978e-05 -0.000693237 1.32143e-06 0.000105027 -5.39554e-05 -0.000513602 -0.000422284 0.000331299 -1.70048e-05 -1.36963e-06 -0.00222931 
-0.00394092 -0.0117319 0.0283671 0.00088468 -0.00770725 -0.00504974 -0.00310853 -0.00064734 0.0395174 -0.0325272 -0.029881 -0.00105442 -0.00910398 0.000304975 -0.000161198 0.0453902 -0.0167707 -0.0131956 0.0181777 -0.00509681 0.00141926 0.0141033 0.0183805 0.00708344 0.0406213 -0.0357284 -0.00422471 0.000411636 -0.000218501 0.0788522 -0.0300884 -2.93384e-05 -0.00465922 -0.000432332 -0.0228769 0.0316126 -0.0115697 -0.00434054 -0.00107707 -0.000328946 0.00376234 -0.00190879 -0.00128766 0.0284485 -0.00186868 -6.7592e-06 0.0217137 -0.00535989 0.00298816 -8.99382e-05 0.0103517 -0.00301394 -0.000532773 -0.00580772 0.00110407 -0.000259971 -0.000444568 0.000834624 -0.0146175 -0.00886331 0.000546773 0.000638809 -0.00840695 -0.000673836 -0.000231426 0.000134401 -0.000821124 0.0473042 -0.00015111 -0.000332815 0.000310841 -0.0267324 -0.000379976 -8.12108e-06 -0.0044138 -0.000953239 0.0279157 -0.00372049 -0.00064845 -0.000719931 0.00254511 -0.000867997 -0.0257502 -0.0041349 -0.00675403 -0.00234345 -0.000621235 0.00534243 -7.10481e-05 -6.60371e-05 0.0125652 -0.00264191 -0.000979988 -0.00494852 -0.0408228 -0.0242887 0.000466845 -0.00254409 -0.000247374 -0.0272115 
-0.000398563 0.0107897 -0.0184868 -0.000267503 -0.00287303 0.00471036 -0.000608532 -0.000460929 -0.018958 0.0194195 0.0293108 0.00011196 -0.000323877 -0.000372867 0.000181497 -0.0266191 0.0105506 -5.24909e-05 -0.0113197 0.00410886 -0.000767565 -0.00022937 -0.0126203 -0.00140993 -0.0324555 0.0324527 0.00504391 -0.000356715 -6.93151e-05 -0.0300884 0.0366706 2.4993e-06 0.00878666 7.70645e-05 0.0193273 -0.0252144 0.00267225 -0.000388774 -0.00047429 9.0457e-05 -0.00269219 -0.000206358 -0.000316345 -0.0154349 -0.00172315 2.04524e-05 -0.0245427 -0.00136045 -0.00208925 3.44381e-05 -0.0165063 0.00240482 0.000435393 0.00320563 -0.00200211 -7.46073e-06 -1.89224e-05 -0.000732446 0.000172995 -0.000203822 -0.000102274 -0.000363033 0.00410073 -2.55557e-05 -0.000204488 -0.000102626 -2.10829e-05 -0.0197988 2.39057e-05 -6.68807e-05 -0.000906912 0.0122848 -0.000217518 -1.32803e-05 -0.0019275 -0.0013122 -0.0220068 0.00322478 -0.000127873 -1.62245e-05 -0.00126316 -0.000373486 0.0260347 0.00121596 -0.000194169 -0.000902642 -0.0012662 -0.00219122 3.46094e-05 -1.6838e-05 -0.0111604 0.00250344 -0.000167928 0.0042129 0.0269036 0.0260584 -0.000630532 0.00222152 -2.11532e-05 0.0186532 
1.02877e-06 3.9226e-06 -0.0001084 5.02309e-07 -3.69827e-06 -1.32574e-06 -2.34332e-07 7.86456e-06 -4.70809e-05 -4.81611e-06 5.36988e-07 -0.000117034 -1.3047e-06 3.75873e-06 5.694e-07 -8.58737e-05 -0.000103179 -2.85925e-06 7.01537e-05 -2.92398e-06 5.06751e-05 -0.000100072 -7.56081e-06 -2.41356e-05 -1.90153e-05 3.5813e-05 1.29139e-05 6.79053e-05 -1.40645e-07 -2.93384e-05 2.4993e-06 0.000196968 4.06581e-05 1.83158e-05 9.74891e-06 2.50595e-05 -9.86533e-06 1.01073e-05 4.07937e-05 7.7358e-06 8.46478e-06 -1.1842e-06 2.60699e-05 7.23374e-05 -4.56674e-06 5.26167e-06 -9.79251e-05 3.60315e-06 9.89385e-05 -1.34378e-07 -9.30403e-05 -2.6457e-05 3.21572e-07 1.81661e-06 4.65038e-06 -1.79414e-07 -1.12714e-09 6.61652e-06 -7.12438e-07 1.23038e-06 1.67079e-06 6.06471e-06 8.01218e-05 4.62722e-07 4.96052e-06 1.59065e-06 1.55053e-06 -5.31181e-05 1.14203e-06 4.34042e-06 -7.38415e-07 6.56923e-06 1.56601e-06 6.28171e-07 -8.71065e-06 -2.50605e-06 -3.0539e-05 7.07979e-06 4.47073e-06 4.42807e-07 1.63841e-05 2.03056e-06 7.56439e-05 -5.38379e-08 -1.34359e-06 2.95051e-05 -4.01308e-06 2.5532e-05 9.81273e-07 2.46004e-06 -5.65759e-05 2.54538e-06 3.57478e-06 2.92416e-06 -1.50297e-05 5.34532e-06 1.81785e-06 3.06998e-06 1.12557e-06 -6.67554e-05 
-0.000293188 0.000879499 -0.107065 0.0160855 -0.0172931 0.003227 -0.00722753 -0.00256361 0.0332067 -0.0751285 0.00185147 -0.093644 -0.00454473 -0.00301475 0.000327718 -0.0410168 -0.160733 0.000227586 0.154287 0.0125015 0.021432 0.00676811 0.0507117 0.148977 -0.00510162 0.0210729 0.0304913 0.000746851 0.0016945 -0.00465922 0.00878666 4.06581e-05 0.222239 0.000953649 0.000650908 0.0534597 -0.0100839 0.00263926 0.000193132 0.00124772 0.0536475 0.0039741 0.00158825 0.142858 -0.0096654 -0.000351329 -0.149434 -0.0115525 0.0418359 -0.000248225 -0.137972 0.103177 -0.00171507 0.0309042 -0.0127266 -0.000166238 7.50985e-05 -0.00636468 -0.00367126 -0.00144963 0.00832565 -0.00262377 0.00715427 0.000380568 0.00471926 0.00156248 -0.00039446 -0.0145229 0.000425829 0.00172589 0.0183914 -0.00389031 -0.00131459 2.78794e-05 -0.0190385 -0.0113371 -0.143172 -0.000297881 0.00817796 -0.000128722 -0.00998461 -0.00259622 0.0713332 0.000775169 -0.000642509 -0.00562859 -0.00939814 -0.00215328 0.000159544 1.08712e-05 -0.0711523 -0.000709893 0.00120399 -0.002874 -0.0295392 0.0217027 -0.0122065 0.000578691 -0.000262815 -0.107859 
9.69134e-05 4.82346e-05 -0.00116456 0.000135141 -4.66652e-05 4.99467e-07 -2.56537e-05 -2.56221e-06 -0.000716693 -0.000243741 6.36561e-05 -0.000637794 5.4986e-06 -1.95051e-05 1.19473e-06 -0.00116784 -0.000815304 0.000199069 0.000516913 7.8813e-05 0.000765307 -0.000752519 0.000166164 0.000142133 -0.000257578 0.000832739 0.00028183 0.000268843 4.18795e-05 -0.000432332 7.70645e-05 1.83158e-05 0.000953649 0.00203076 1.32562e-05 0.000114972 2.14308e-05 0.0003366 3.47619e-05 4.34286e-05 0.000224347 6.89805e-05 -3.10608e-06 0.000206929 1.38782e-06 3.96743e-05 -0.00109977 -3.27652e-05 0.000930545 -9.59332e-06 -0.000842839 -0.000105774 5.95913e-05 0.000249186 -9.03883e-05 5.40868e-07 3.93501e-05 -6.84662e-05 -1.95927e-05 3.88085e-06 8.97223e-05 -1.12491e-05 0.000313303 1.5268e-05 -9.54284e-06 -2.82202e-06 1.7392e-05 -0.000782418 1.80374e-05 7.31332e-05 8.04067e-05 6.03943e-05 -6.62513e-06 6.17587e-06 -7.34409e-06 -4.74022e-05 -0.000995354 5.8582e-05 3.55282e-05 2.81919e-05 -6.21217e-05 -6.14017e-06 0.0006736 2.70592e-05 3.80847e-05 0.000378296 9.77239e-05 6.87555e-05 4.23028e-06 9.32984e-07 -3.03058e-05 -2.39484e-06 5.21596e-06 3.58242e-06 -0.000165416 4.01103e-05 -6.8772e-07 4.44204e-07 -1.81279e-06 -0.000560981 
