0.118896 -5.66745e-05 -0.000326852 0.0219127 -0.0132913 0.00531306 0.0390411 -0.0101577 -0.00963449 3.95717e-05 0.0034114 8.03989e-05 -0.00669409 0.00292513 0.0140345 -0.0309973 -2.64584e-05 0.0182177 0.0243699 -0.00389964 0.00995509 7.482e-05 0.000959945 0.000272917 -0.00478088 -0.00490551 -0.022308 0.00950872 -0.00199375 -0.000149566 -0.00208306 0.0178814 -0.0169072 0.00556975 0.00173769 -0.0184972 -0.000147495 0.0091791 -0.00326394 0.0260077 0.00261483 0.00153486 -0.0136131 0.00134125 0.0019473 -0.000557462 -6.8864e-05 -9.18027e-05 -0.000198538 0.000725094 0.00234129 -0.00644706 0.000908879 -0.0285595 0.000532094 0.00039759 0.00178879 0.00321645 0.000830372 0.039416 0.0024581 0.00372467 -0.0110532 0.00025258 0.00250613 -0.0359907 0.0114557 0.0130595 -0.00223639 -0.000745386 -6.24101e-05 -0.000101838 -0.00856924 -1.46287e-05 0.00417636 0.000506136 0.000236592 0.000570637 -0.000495202 -0.0273257 0.00189231 0.000668876 -0.015576 -0.00196952 0.000336247 -8.77234e-06 -1.28677e-05 -0.0264541 -0.0517403 0.0202148 0.00199796 0.00624532 -3.79212e-05 -9.37228e-05 0.00060541 -0.0512655 0.000716265 0.00527468 -0.023736 -0.0067352 
-5.66745e-05 0.000681375 3.91772e-06 -0.00018003 4.09157e-05 -2.00544e-05 -0.000148993 -3.92012e-05 -9.90069e-05 3.85358e-05 -1.12757e-05 2.45648e-06 2.06856e-06 3.13083e-05 -4.24053e-05 2.89491e-05 0.000166156 -5.45976e-05 0.000135427 -1.92566e-05 -0.000119958 5.12006e-06 2.73689e-05 -2.28327e-06 -2.1185e-05 3.19102e-05 -4.06905e-05 -1.64571e-05 9.24745e-05 0.000138588 -0.000252861 1.84654e-05 -0.000114989 -0.000259004 3.35861e-05 -0.000181516 -7.88988e-07 5.50037e-06 7.86634e-05 -9.57632e-06 1.67514e-06 -0.000223254 -2.77943e-05 -2.40417e-06 1.52596e-05 2.17781e-05 6.50152e-08 7.17535e-05 2.87276e-06 3.11905e-05 5.63455e-06 -5.76128e-05 -1.02059e-06 4.56151e-05 6.29543e-05 -7.77048e-06 -1.38159e-06 3.48118e-05 -3.69791e-06 -0.000234694 2.92884e-06 4.12348e-05 8.71445e-05 -3.57928e-07 -0.000225779 0.000135231 -4.89682e-05 0.000221906 1.13872e-05 0.000144665 1.96194e-06 2.59391e-06 0.000161552 1.61175e-06 -2.91497e-05 2.16858e-05 9.16809e-05 -3.30483e-06 -1.89752e-06 1.81936e-05 5.23621e-06 5.72457e-07 -6.32081e-05 3.53766e-06 4.73861e-05 4.63574e-06 1.05014e-06 -0.000124822 5.50291e-05 -2.88244e-05 -5.70387e-06 -4.12026e-05 -4.25016e-08 -1.77102e-07 2.09566e-05 5.41416e-05 6.13639e-06 -2.7858e-05 2.94682e-05 -0.000176597 
-0.000326852 3.91772e-06 0.00296684 -0.000817478 -0.000595257 -5.72253e-05 -0.000699661 -0.000345484 0.000496173 -1.45783e-06 -3.86319e-05 5.02231e-06 -0.000627167 9.34735e-05 -0.000111607 0.000133712 -5.39551e-05 -3.62416e-05 0.000606968 3.28745e-05 -0.00072915 2.31592e-06 2.79611e-06 9.95113e-05 -0.000375538 -6.08308e-05 0.000286024 -7.78924e-05 0.000175956 -4.96183e-06 0.000584871 0.00145427 0.00108791 0.000533277 -4.6781e-06 -0.000354309 -1.05178e-05 -7.36813e-05 0.00045223 -0.000587976 -6.96594e-05 -0.000975732 -0.000907751 -1.40961e-05 0.000281644 -2.71149e-05 6.23372e-06 1.24375e-05 3.84904e-05 -1.55326e-05 -2.82855e-05 -0.000378637 7.40526e-05 -0.000191611 -7.50307e-05 -2.12653e-05 8.50841e-06 -0.000101219 -3.88855e-07 -1.81421e-05 0.000502639 -3.81345e-05 -0.000680257 -1.97204e-06 -0.000503971 -0.000368579 -6.53109e-05 5.57213e-05 0.00044657 -1.2583e-05 -1.2557e-06 -9.62349e-08 -0.000255095 1.91356e-05 -0.000130221 -1.51448e-05 2.82302e-07 0.000106309 -6.87572e-06 3.67376e-05 2.30314e-06 2.09106e-05 0.00148129 -5.2921e-06 0.000140923 1.32499e-06 1.83994e-06 0.00119521 -0.00086451 -0.000151808 8.06452e-05 -0.000122406 6.03215e-07 -8.84956e-07 3.75394e-05 -0.000799165 3.96511e-05 -3.642e-05 -0.000353917 -0.000380231 
0.0219127 -0.00018003 -0.000817478 0.227965 -0.06893 0.00970384 0.10795 0.00954924 -0.0443997 -2.954e-05 -0.00721623 0.000312384 -0.0545563 -0.00668504 -0.000546307 -0.0925593 -0.0168771 0.0128841 -0.010735 0.00565151 0.0196519 -0.000114278 -0.00073586 -0.00122415 0.0510397 -0.0148403 0.0106665 0.00961638 -0.00741859 -0.000676273 0.0125804 -0.0151664 -0.00751218 0.0631121 -0.00160224 -0.000563466 -0.00195528 0.00549681 -0.0301945 0.0533436 0.0054352 0.0532055 0.0168769 -0.00111484 -0.012344 -0.00131781 -0.000808057 -0.000967472 -0.00148805 0.0011626 -5.85304e-06 0.016296 -0.00267609 -0.0966526 0.00502503 -0.00201478 -0.000458814 0.00552769 -0.000742162 0.104895 0.00276712 0.00144244 0.02215 -0.000152813 0.0199283 -0.0438839 0.0155943 0.00621381 -0.013125 -0.00438139 -7.56396e-05 -0.000176003 -0.0532097 -0.000201386 -0.0125287 -0.00481574 -0.000658617 -0.00249767 -0.00169303 -0.020054 -0.00220493 0.000330244 -0.050633 0.0132999 -0.0181434 -8.88731e-05 1.95557e-07 -0.0207991 -0.0498826 -0.00424616 0.00224944 -0.0264446 -9.60956e-05 -0.000313074 0.0015734 -0.0480127 0.000174267 0.018889 -0.0918306 0.041802 
-0.0132913 4.09157e-05 -0.000595257 -0.06893 0.184621 -0.00722716 -0.00710943 0.0201162 -0.037422 0.000228624 -0.00131037 -0.000154001 0.128798 0.000906194 -0.0247503 0.092429 -0.000234834 -0.00621998 -0.0158038 -0.00526017 0.0259486 -4.88889e-05 -0.000595761 -0.000601937 -0.0527438 -0.00897202 -0.0433072 -0.00347573 -0.00479559 6.72894e-05 -0.111552 -0.014218 -0.0550005 -0.131124 -0.000552579 -0.0767912 -0.000543529 0.00249468 0.00547996 0.0276495 -0.00362735 -0.0879446 0.0963702 0.00126813 -0.00515833 -0.00292315 -0.000246463 -0.000233727 -0.000515714 -0.00192836 0.00320039 -0.0255299 0.000747253 0.105486 -0.00997213 -0.00297348 0.000256226 -0.00408246 -0.000964941 -0.0979435 -0.00233448 -0.00272468 0.0275796 -0.000244919 0.00237946 0.0819935 -0.0140167 -0.0112398 -0.00490815 0.00316583 -9.1793e-05 -0.000246395 0.0445694 -5.98252e-05 -0.0117017 -0.00184829 -0.000317796 -0.00168587 0.00304914 0.0082482 -0.00102539 -6.02747e-05 -0.040038 -0.0120062 0.0092717 4.16532e-05 -3.31192e-05 -0.0530651 0.109264 -0.0139456 -0.00276899 -0.0175732 -9.01412e-06 -0.000197272 -0.00263659 0.110293 -0.000285291 -0.00901102 0.0366797 0.00810882 
0.00531306 -2.00544e-05 -5.72253e-05 0.00970384 -0.00722716 0.0317835 0.018738 -0.00360747 -0.0047439 9.13803e-06 -0.000538804 -1.17253e-05 -0.00815994 -0.000142864 0.0249831 -0.00757986 -0.000905707 0.0256873 -0.00334358 -3.42093e-05 0.00105288 4.72164e-06 0.000648507 -9.34363e-05 -0.0049613 -0.000461302 -0.0243444 0.00253438 -0.000302386 -6.06736e-05 -0.0111018 -0.00219735 -0.00753457 -0.00280089 -6.28946e-05 0.0109926 -0.00012576 -0.000924216 -0.00128516 -0.00349302 0.00392941 0.0142208 -0.009754 -0.000176164 -0.000504185 -7.75363e-05 -4.66106e-05 -5.07733e-05 -6.6544e-05 -0.000255127 -2.70743e-05 -0.00389776 7.39045e-05 -0.0068193 0.0147707 -0.000391609 7.9199e-05 0.00888853 0.00105382 0.00804752 -0.00033852 -0.000563519 -0.0199895 8.89257e-06 -0.00178865 -0.00971515 0.0265049 -0.00153103 -0.000620886 -0.000220572 6.77767e-05 -3.64374e-05 -0.00339866 -4.33503e-06 0.00427781 -0.000126097 -3.33762e-05 -0.000161061 -0.000129978 -0.0263214 -9.74664e-05 8.06424e-05 -0.00228468 -0.00100749 -0.00111632 -4.92183e-06 2.08848e-05 -0.00630474 -0.00688708 -0.00134233 -0.000329477 -0.00163152 -6.50159e-06 -2.46334e-05 -0.000175385 -0.00654345 7.13078e-06 -0.00177486 -0.0057513 0.00496649 
0.0390411 -0.000148993 -0.000699661 0.10795 -0.00710943 0.018738 0.234914 0.0517423 -0.0441575 0.000258719 -0.00161482 0.000342 -0.00444624 -0.00295104 0.0349783 -0.0487775 -0.00936689 0.0434439 -0.0213621 -0.0117602 0.0359321 -3.74526e-05 0.000239795 0.000306504 -0.0671929 -0.00891887 -0.0439087 0.0234237 -0.00707998 -0.000410483 -0.0880756 -0.0189906 -0.0866427 -0.014658 -0.000549598 -0.0431456 -0.000842307 0.0110613 -0.0140404 0.103236 0.0165252 0.00139979 0.0803551 0.00128944 -0.00566197 0.00210719 -0.000388501 -0.000580055 -0.00084419 -0.00205774 0.00193615 -0.0357996 -0.000292518 -0.0690416 0.0225132 -0.00294792 0.000158187 0.0185248 0.00314649 0.0566189 0.00515837 0.00191591 -0.0289735 -1.57392e-05 0.00763163 0.0241876 0.0424013 -0.00370299 -0.00805444 -0.00205296 -0.000154447 -0.000448418 -0.0353206 -0.000129172 0.000466359 -0.00295734 -0.000293983 -0.00132987 -0.000578974 -0.0533501 -0.000256647 0.000668622 -0.0482523 -0.0169749 -0.0118853 -3.63071e-05 -4.44768e-05 -0.071994 0.0106786 0.00265505 0.00121597 -0.0172011 -9.13598e-05 -0.000264852 -0.000201531 0.0113821 0.000681288 0.0137353 -0.066512 0.00261899 
-0.0101577 -3.92012e-05 -0.000345484 0.00954924 0.0201162 -0.00360747 0.0517423 0.111942 -0.0148885 2.27014e-05 0.00283928 -0.000143527 -0.00686202 -0.000413938 -0.011175 0.019625 -0.00144209 -0.0101128 -0.0129606 -0.00443874 0.0107818 -1.89782e-06 0.000234744 0.000747927 -0.0279726 -0.00474989 0.0116987 -0.000152062 -0.00299181 6.62735e-05 -0.0488246 -0.00947704 -0.0350051 -0.0207921 0.000858227 -0.0378547 -8.33855e-05 0.000178923 0.00398855 0.0306245 -0.00325843 -0.0518729 0.0425074 0.00179391 0.000428781 0.000480171 -0.000171677 -0.000139412 -0.000279303 -0.000806694 -0.00105651 -0.0187317 0.000268585 -0.00906981 -0.00454519 -0.00144349 -0.000299162 -0.000204214 -0.000658772 -0.0357542 -0.000363205 -0.00100737 0.0236849 -0.000143316 0.00072827 0.0674238 -0.00947927 -0.00159864 -0.00176063 -0.000101356 -6.87481e-05 -0.000139353 -0.00749874 -4.50073e-05 -0.00370839 -0.000439266 -6.64785e-05 -0.000734054 0.00118468 0.0118694 0.000269783 -0.000150728 -0.0171444 -0.00497113 -0.00380226 1.35705e-05 -1.41021e-05 -0.0285827 0.052567 -0.00534261 -0.000437066 -0.00638977 -1.13416e-05 -5.95653e-05 0.000197602 0.045943 -0.000130514 -0.00357032 -0.0131222 -0.0207112 
-0.00963449 -9.90069e-05 0.000496173 -0.0443997 -0.037422 -0.0047439 -0.0441575 -0.0148885 0.132168 -4.50794e-05 0.00398527 -3.2149e-05 -0.0345215 -0.00214983 0.00134199 -0.0169667 0.00357915 -0.0131611 -0.00644709 -0.00274543 -0.0461589 -1.75884e-05 -0.000371492 0.000875511 -0.0222263 0.0139994 0.0198746 -0.00333666 0.00255808 8.61121e-05 0.052571 0.0098221 0.020964 0.0428892 -0.000393277 0.0540354 0.00148451 0.00156249 0.0108211 -0.0207115 -0.00404152 0.0458935 -0.0432321 -0.000607518 0.0119424 -0.00128708 0.000713358 -0.000195841 0.000836627 -0.000372552 -0.00185902 0.0262375 -0.000828185 -0.0303728 -0.0065163 0.00561335 -0.000398115 -0.00375244 -0.000976826 0.00655266 -3.98688e-05 -0.00198559 -0.0686613 0.000280382 -0.00615989 -0.0332192 -0.0106309 -0.00596483 0.0132335 -0.00102501 -8.28669e-06 -8.5157e-05 -0.0154159 0.000180605 0.0145365 0.00209295 -0.000160967 0.00383493 -0.000673094 0.00744513 0.00059867 -0.000106235 0.0728196 -0.00647489 -0.00364045 -2.04894e-05 8.38385e-06 0.0577268 -0.0470995 0.00980153 -0.000770358 0.0398039 -1.53933e-05 0.000278075 0.000532878 -0.0484932 -0.000166181 0.00155523 0.015045 -0.0407907 
3.95717e-05 3.85358e-05 -1.45783e-06 -2.954e-05 0.000228624 9.13803e-06 0.000258719 2.27014e-05 -4.50794e-05 0.00103661 1.02751e-05 -6.10122e-07 0.000104395 7.92264e-05 -2.10262e-06 -4.22992e-05 0.000242307 1.33757e-05 -7.68039e-05 -3.57461e-05 -0.000348016 3.90356e-07 1.3312e-05 -2.31173e-06 -0.000214337 0.000100922 -0.000289112 7.22202e-05 -1.2812e-05 1.88306e-05 -0.000445552 -7.28319e-05 -0.000279973 -0.000165601 6.53283e-05 -0.000181875 1.13184e-05 0.00029531 0.000111251 9.91178e-05 0.00012965 -2.83505e-05 9.48336e-05 5.1235e-05 9.77491e-05 -8.61297e-06 3.87531e-06 2.7606e-05 -1.59056e-06 8.67252e-06 9.02759e-06 0.000409266 1.38235e-05 -0.000144431 0.000221019 -1.23138e-05 7.10509e-07 -4.5514e-07 2.69502e-05 -6.31572e-05 1.64081e-06 4.10307e-06 -0.000301878 2.48173e-06 -0.000372745 -0.000139238 4.13357e-05 -2.29261e-05 0.000179118 0.000144571 3.86782e-06 1.21964e-05 7.66139e-05 -4.39264e-07 -5.582e-06 1.69062e-05 1.12306e-05 -3.93401e-06 -1.33405e-06 -0.000455456 5.57179e-05 5.02794e-05 -0.0001152 -4.08758e-05 0.00012343 8.01328e-07 -1.21834e-07 -0.000217324 -0.000138767 -4.43947e-05 -4.37944e-06 0.000129193 -2.32966e-07 9.06935e-07 2.19446e-05 -9.66177e-05 -1.45292e-06 1.56536e-05 -8.00808e-06 -0.000382007 
0.0034114 -1.12757e-05 -3.86319e-05 -0.00721623 -0.00131037 -0.000538804 -0.00161482 0.00283928 0.00398527 1.02751e-05 0.0176326 1.59332e-05 -0.00388591 0.000610951 0.00391302 -0.00168179 0.000262388 -0.001607 -0.000225555 -0.000324273 -0.00213584 -1.5618e-06 2.41365e-05 0.00169346 -0.00218559 0.00296355 -0.00166776 0.000139503 -0.000427773 5.0342e-05 0.00305654 -0.00112776 -0.0021288 0.000911337 0.00170178 0.00151124 0.000484739 -0.000463323 0.00212841 -0.00464626 -0.000424659 0.00068596 -0.00686098 0.00179172 0.0031736 -7.18443e-05 -2.50277e-05 -1.3819e-06 2.51417e-06 3.25081e-05 -0.000186298 0.00138681 -4.49291e-05 -0.00218888 -0.000640521 -0.000100683 -3.53114e-05 0.000832068 -8.89552e-05 -0.00377174 -9.53808e-05 0.00019226 -0.00410309 -1.11141e-05 -0.000569192 -0.00176369 -0.000342378 -0.000529748 0.000684844 -0.000102509 -4.05775e-06 -1.48687e-06 -1.7114e-05 1.9284e-05 0.00402522 0.000964514 -1.39493e-05 0.000461902 -6.15029e-05 -0.00379255 0.000546892 -2.79517e-05 0.00176953 0.00153438 -0.000289129 2.46278e-05 -2.10081e-06 -0.00289075 -0.00375316 0.00362914 -0.000173495 0.00790336 6.22675e-05 5.27198e-05 0.000286718 -0.00245856 4.19141e-05 -0.000694103 0.00218447 -0.0102578 
8.03989e-05 2.45648e-06 5.02231e-06 0.000312384 -0.000154001 -1.17253e-05 0.000342 -0.000143527 -3.2149e-05 -6.10122e-07 1.59332e-05 0.00132823 8.97967e-05 1.55132e-05 0.000258579 -0.000294685 2.35861e-06 9.60215e-05 -0.000131616 0.000103694 -0.000241196 2.40036e-06 3.07007e-07 9.39904e-06 -1.3252e-05 -7.73799e-06 -0.00040917 0.000230031 4.75341e-05 2.09286e-06 -0.000178539 -7.9941e-05 -0.000163032 -8.88376e-05 6.23257e-05 -8.5238e-05 9.66975e-07 -3.04282e-05 -4.78608e-05 0.000190424 8.1419e-05 6.89057e-05 0.000124674 4.86024e-06 4.2379e-05 -9.20119e-08 2.70161e-07 -1.80176e-06 1.7744e-09 -2.97525e-06 5.38073e-05 5.37186e-05 -6.39922e-06 -0.00018835 -1.25334e-05 -1.08762e-05 -2.55901e-06 6.49209e-05 1.15876e-05 5.61323e-05 -8.63519e-06 7.7509e-06 -0.000438902 -5.55128e-07 2.13975e-05 -0.000392868 0.00012182 -2.13157e-05 -1.98133e-05 -4.13956e-06 4.66212e-07 -1.75447e-06 -8.93654e-05 2.82391e-07 2.21065e-05 3.24924e-06 -6.61563e-07 5.89415e-06 -1.79621e-07 -0.0004915 -4.60715e-06 0.000101387 9.75939e-05 0.000144545 -3.84641e-05 -1.90037e-07 2.48211e-07 -0.00015764 -0.000368108 -1.80658e-05 7.28001e-06 6.25762e-06 2.11171e-07 6.10472e-07 5.41947e-05 -0.000350342 8.72486e-06 0.000385722 -5.52839e-05 5.1233e-05 
-0.00669409 2.06856e-06 -0.000627167 -0.0545563 0.128798 -0.00815994 -0.00444624 -0.00686202 -0.0345215 0.000104395 -0.00388591 8.97967e-05 0.19837 -0.000581165 -0.0299303 0.0757961 0.000162544 -0.00642165 -0.0121394 -0.00493244 0.0190745 -4.91893e-05 -0.000664427 -0.00178717 -0.0551554 -0.0100328 -0.0454318 -0.004291 -0.00394492 0.000132547 -0.095159 -0.0157175 -0.0508756 -0.106992 -0.00111179 -0.0686509 -0.000990403 0.00292601 -0.000852767 0.0471755 -0.00152596 -0.0690569 0.0923786 -0.000975148 -0.00626105 -0.00402647 -0.000330784 -0.000246074 -0.00063322 -0.00201966 0.00257722 -0.0244989 0.000521091 0.0991121 -0.011278 -0.00331384 -7.94297e-05 -0.00766416 -0.00141131 -0.075022 -0.00104938 -0.00215324 0.00767166 -0.000165793 0.00601694 0.0457504 -0.0157871 -0.0115636 -0.00506274 0.00269329 -9.54687e-05 -0.000251561 0.0352864 -1.80356e-05 -0.0124919 -0.00228188 -0.000226501 -0.00173108 0.00272337 0.0108485 -0.000876748 0.000498579 -0.0315444 -0.0120243 0.00778379 1.87227e-05 -3.43743e-05 -0.0480107 0.0922858 -0.014398 -0.00117315 -0.0195621 -7.3236e-05 -0.000221926 -0.00279546 0.0929288 -0.000406582 -0.00210504 0.031952 0.0262331 
0.00292513 3.13083e-05 9.34735e-05 -0.00668504 0.000906194 -0.000142864 -0.00295104 -0.000413938 -0.00214983 7.92264e-05 0.000610951 1.55132e-05 -0.000581165 0.01405 0.00290355 0.00414233 0.000172706 0.0047258 7.97091e-05 -0.000362385 0.000152031 0.000149105 0.00138269 0.00039937 -0.00190508 0.00121072 -0.00570389 -0.000517268 -0.000188798 -2.00028e-05 -0.0065291 0.0010714 -0.00371191 -0.00873111 0.00200169 -0.00404021 0.00024235 -0.000426502 0.00275728 -0.000288897 2.37629e-05 -0.00520974 -0.000853986 0.000966272 0.00225376 0.00128501 -1.08139e-05 0.000144632 3.1854e-06 -8.69277e-05 2.57091e-05 -0.00121071 0.00235708 0.00508803 0.00232128 -0.000122885 0.000936113 0.00215707 0.000509572 -0.00624514 -1.76426e-05 -0.00015522 -0.00363355 -9.62066e-06 -0.0025821 0.000562407 0.000755752 0.00219775 0.000293858 0.000383266 1.9411e-05 1.23448e-05 0.00418503 1.36537e-05 -0.000159737 0.00179717 0.000248269 9.26628e-05 4.63748e-05 -0.00398759 0.000233298 -1.67911e-05 -0.00217412 -0.00019088 0.00313573 1.90039e-05 -1.50484e-06 -0.00309334 0.00213547 7.25189e-05 0.000145451 -0.000303926 7.80595e-06 3.84986e-05 0.000976405 0.00163416 -5.93179e-06 -0.000706113 0.00412122 -0.00517425 
0.0140345 -4.24053e-05 -0.000111607 -0.000546307 -0.0247503 0.0249831 0.0349783 -0.011175 0.00134199 -2.10262e-06 0.00391302 0.000258579 -0.0299303 0.00290355 0.101787 -0.0281074 -0.00125635 0.0515984 -0.0114136 -0.00203558 -0.00332589 0.000128397 0.00194215 0.000927151 -0.0117252 0.00865494 -0.0634179 0.00776429 0.000150083 -0.000192653 -0.00285928 -0.00623968 -0.0104603 -0.00451787 0.0023194 0.0441304 0.00204247 -0.00342631 -0.000594632 -0.0180215 0.0152819 0.0521346 -0.0375882 0.000710135 0.0103743 0.00682848 -0.000142648 -5.12746e-05 3.03304e-05 -0.000772114 -0.000403808 -0.00673548 0.00211084 -0.0231331 0.0366643 -0.00131296 -9.4771e-05 0.0210618 0.0048413 0.020647 -0.00125924 -0.00204631 -0.0686399 6.65879e-05 -0.00906859 -0.0358207 0.0595491 -0.00404255 0.00126799 -0.000739722 -1.0554e-05 -2.02338e-05 -0.0120463 -3.92089e-06 0.0142963 0.00556232 3.08383e-05 0.000752073 -0.000390242 -0.0688529 0.00108582 6.57679e-05 0.0127052 -0.00464111 -0.00344149 6.18637e-06 -6.40065e-06 -0.00323306 -0.0274429 0.00461416 -0.00133297 0.012532 -1.51885e-05 0.000259433 -0.000278663 -0.0254344 0.000422485 -0.00644416 -0.00702376 -0.00113696 
-0.0309973 2.89491e-05 0.000133712 -0.0925593 0.092429 -0.00757986 -0.0487775 0.019625 -0.0169667 -4.22992e-05 -0.00168179 -0.000294685 0.0757961 0.00414233 -0.0281074 0.189669 0.00230399 -0.0118264 -0.0155294 0.00139726 0.00123411 -4.56625e-05 -0.000639027 -0.000620757 -0.0408795 -0.00862546 -0.019398 -0.0086038 -0.00243903 -0.000265413 -0.0796355 -0.011859 -0.0237562 -0.0999869 -0.000930453 -0.0514081 -0.000846428 -0.00684359 0.0234167 0.00524172 -0.0068446 -0.099257 0.0621546 3.32562e-06 -0.000593241 -0.00286212 -0.000254114 4.51029e-05 -0.000586132 -0.00175974 0.000512896 -0.0266279 0.00103112 0.105763 -0.0107953 -0.00215366 -0.000115247 -0.0089401 -0.00137897 -0.130056 0.000502349 -0.00131149 0.0254511 -0.000266298 -0.00658094 0.0950995 -0.0186356 -0.0115382 0.00629564 0.00223957 0.000176161 -0.000257274 0.0523686 -6.60798e-05 -0.0118833 -0.00210925 -0.000161795 -0.0014914 0.00178692 0.0288468 0.000170229 -0.000239735 -0.0130476 -0.00252726 0.0152087 1.28832e-05 1.38476e-05 -0.0394831 0.101068 -0.0123442 -0.00134212 -0.0155579 1.36693e-05 -0.000200838 -0.00265579 0.0858596 -0.000434253 -0.0117775 0.0673194 -0.0100793 
-2.64584e-05 0.000166156 -5.39551e-05 -0.0168771 -0.000234834 -0.000905707 -0.00936689 -0.00144209 0.00357915 0.000242307 0.000262388 2.35861e-06 0.000162544 0.000172706 -0.00125635 0.00230399 0.0272051 -0.00199005 0.00377478 -0.000623792 -0.00146062 8.61889e-06 3.45417e-05 0.000470041 -0.0057258 0.00609668 0.000161739 -0.00098212 -0.00040237 0.000379027 0.000114903 0.000507138 -0.00564025 -0.00499526 0.000100182 -0.00115212 -7.57108e-05 -0.000561835 0.00493123 -0.00667106 -0.00036417 -0.00642225 -0.00433913 0.000283651 -0.000140692 -0.000180173 -9.52351e-06 0.000911085 -2.39447e-05 -2.91358e-05 0.000474453 0.000477919 -0.000110009 0.00137329 0.00103685 -0.000156709 0.000267566 -0.000804781 3.1153e-05 -0.00655965 -0.000317557 0.00122398 -0.000903866 6.47171e-06 -0.00442864 0.00317038 -0.00105267 0.00369852 0.00177995 0.00198047 5.36475e-05 5.42534e-05 0.0121337 1.27766e-05 0.00539685 0.000149175 0.00072037 -0.000183704 -2.75808e-05 -0.000145346 0.00169931 -3.32967e-05 -0.00263496 -0.0010252 0.00709663 5.00436e-05 -1.91222e-06 -0.00489981 0.00167198 0.00555714 -0.000250828 0.00701021 1.34948e-05 0.000125338 0.000817978 0.00419288 -2.29922e-05 -0.00159341 0.000675843 -0.0177166 
0.0182177 -5.45976e-05 -3.62416e-05 0.0128841 -0.00621998 0.0256873 0.0434439 -0.0101128 -0.0131611 1.33757e-05 -0.001607 9.60215e-05 -0.00642165 0.0047258 0.0515984 -0.0118264 -0.00199005 0.086797 -0.00644214 -0.00184614 0.00777324 0.000152963 0.00164 -0.000303554 -0.0192132 0.00175386 -0.0649229 0.0102507 -0.000772177 -7.70398e-05 -0.0302949 -0.00569331 -0.0231607 -0.0283953 0.000275326 0.00945818 -0.000347737 0.000449852 -0.00186221 0.00779329 0.0160944 0.0247997 -0.01098 -1.04236e-05 -0.000472574 0.00526492 -0.000120743 3.71162e-06 -6.68297e-05 -0.000665753 0.0010946 -0.0123445 0.00240303 -0.00332824 0.0340177 -0.000818177 0.00177554 0.0187433 0.0047202 0.0157715 -0.00103484 -0.00166168 -0.0480446 7.35046e-05 -0.00475534 -0.0255637 0.0526247 -0.00165636 -0.00190467 0.000182645 -2.30504e-05 -8.53976e-05 0.00213673 1.32007e-05 0.00431787 0.000141089 0.000132949 -0.000537913 -0.000275581 -0.0574717 -0.000141974 0.000242901 -0.00978436 -0.00432732 -0.00158583 3.17151e-06 -8.85047e-06 -0.0202216 -0.00727926 0.000382044 8.21886e-05 -0.00511899 -3.95792e-06 -4.69289e-05 -0.000238731 -0.00479334 0.000969735 -0.00412944 -0.00712799 0.0023894 
0.0243699 0.000135427 0.000606968 -0.010735 -0.0158038 -0.00334358 -0.0213621 -0.0129606 -0.00644709 -7.68039e-05 -0.000225555 -0.000131616 -0.0121394 7.97091e-05 -0.0114136 -0.0155294 0.00377478 -0.00644214 0.0969379 -0.00190598 0.00288765 4.29493e-05 -1.20952e-05 -0.00018419 0.0137559 -0.00400447 0.0139703 -0.002688 0.00483582 0.000549841 0.0327375 0.0328577 0.0125015 0.0232059 -0.000234748 -0.0234738 -0.000246169 0.00228236 -0.00415667 -0.0130489 -0.00260637 -0.0217077 -0.0420139 -0.000177368 -0.0019078 -9.67111e-05 2.22309e-05 0.00051544 0.000640402 0.00309804 -0.0010532 -0.0132555 -0.000398823 -0.00556778 -0.00484576 0.00278402 0.00114621 -0.00278219 -0.000658658 0.0193203 0.000208453 0.00720829 0.024776 8.96565e-06 0.00123151 -0.029382 -0.00801102 0.0169344 -0.0013607 -0.000153725 -5.2906e-05 0.00032847 0.00526954 2.88975e-05 -0.00436477 -0.000831023 0.000806813 -6.6735e-05 -0.000330442 0.010049 0.00110131 1.10208e-05 0.00373163 -0.000657984 0.00189566 -2.62846e-06 3.06298e-05 0.00311872 -0.0364208 0.0160325 0.00303901 -0.00458551 -1.43283e-05 -7.6452e-05 -0.00110199 -0.0239538 0.00011474 -0.00142998 -0.0109425 -0.00160752 
-0.00389964 -1.92566e-05 3.28745e-05 0.00565151 -0.00526017 -3.42093e-05 -0.0117602 -0.00443874 -0.00274543 -3.57461e-05 -0.000324273 0.000103694 -0.00493244 -0.000362385 -0.00203558 0.00139726 -0.000623792 -0.00184614 -0.00190598 0.0340144 -0.00224257 6.60364e-06 -2.51909e-05 -0.000168002 0.0177245 -0.00111449 0.000118958 -0.00131501 -0.000788073 -6.77556e-05 0.0109057 -0.00153994 0.0214151 0.00610023 0.000423429 0.00101345 -5.26531e-05 -0.000950731 -0.00114583 -0.00923248 -0.00092165 -0.00662466 -0.0133357 -0.000177013 -0.000104033 -8.89931e-05 -2.80975e-05 -2.61116e-05 -2.68359e-05 -6.99403e-05 -0.000356134 -0.000597425 -0.00010095 -0.00401486 -0.00131204 0.000533175 -6.40809e-05 -0.000120257 -6.85653e-05 -0.00294584 -0.000300497 -0.000297094 0.0082302 -3.29025e-05 -0.00279929 -0.0088604 -0.00211564 -0.00157238 0.000224307 -0.000228559 0.000213583 -2.76426e-05 0.00223339 -4.58068e-06 -0.000688123 -0.000189549 -4.45636e-05 8.6245e-06 -6.63451e-05 0.00147881 -0.000173052 -2.80003e-05 -0.00307426 0.0214753 -0.000866836 1.55545e-06 5.89676e-05 -0.00494301 -0.00807853 -0.00195577 0.00119794 -0.0023498 -2.17746e-06 1.43489e-05 0.000203078 -0.00844721 -5.8749e-05 -0.00101792 -0.000636654 0.00392845 
0.00995509 -0.000119958 -0.00072915 0.0196519 0.0259486 0.00105288 0.0359321 0.0107818 -0.0461589 -0.000348016 -0.00213584 -0.000241196 0.0190745 0.000152031 -0.00332589 0.00123411 -0.00146062 0.00777324 0.00288765 -0.00224257 0.107523 -3.6723e-05 -0.000555895 -0.00149337 -0.00653166 -0.00687125 0.000437151 0.00461089 -0.00717572 -0.000248974 -0.0402514 0.00186288 -0.0376032 -0.0284947 -0.00236688 -0.0610909 -0.00282314 -0.00179824 -0.0118592 0.025487 0.00267747 -0.0418431 0.041267 -0.000562638 -0.0155849 0.000846441 -0.000304675 -7.15948e-05 -0.000791514 0.000497497 0.00103728 -0.0444323 0.000427558 0.0190722 0.00206125 -0.000269657 0.000263424 0.00262025 0.000728111 0.0201472 0.000671089 0.0014123 0.0415382 -0.000175758 0.010608 0.0256615 0.00682292 0.00356349 -0.0150404 5.72292e-05 -0.000224854 -0.000154822 0.0107326 -0.000139594 -0.000943092 -0.00607773 -4.2908e-05 -0.00331408 0.000407891 0.0135404 -0.000134413 -0.000673533 -0.0730866 -0.0012331 0.00314096 -3.06825e-05 -8.32176e-05 -0.0604311 0.0402141 0.00271362 0.000637644 -0.0221043 -1.12639e-05 -0.000445618 -0.00164489 0.0478105 4.22458e-05 -0.0060199 -0.0363531 0.0226032 
7.482e-05 5.12006e-06 2.31592e-06 -0.000114278 -4.88889e-05 4.72164e-06 -3.74526e-05 -1.89782e-06 -1.75884e-05 3.90356e-07 -1.5618e-06 2.40036e-06 -4.91893e-05 0.000149105 0.000128397 -4.56625e-05 8.61889e-06 0.000152963 4.29493e-05 6.60364e-06 -3.6723e-05 0.000205201 6.08869e-05 3.40879e-06 -2.0889e-05 5.66827e-05 -0.000144788 -3.33795e-06 3.3848e-05 1.43553e-05 -9.49789e-05 8.39127e-06 -3.02542e-05 -0.000119661 1.72268e-05 -3.67604e-05 4.97533e-07 -5.77206e-06 7.0198e-05 -1.00478e-05 -1.73726e-06 -7.00856e-05 -8.27848e-05 4.94428e-06 0.000106918 3.90876e-05 5.41142e-07 1.17236e-05 2.04473e-05 -8.71744e-07 -1.41468e-06 -2.18229e-05 4.98444e-05 -2.3185e-05 8.17156e-05 -1.87227e-06 2.23734e-05 9.79123e-05 4.13026e-05 -0.000121113 -1.2739e-06 -1.5951e-06 -0.000128529 -1.31548e-07 -0.000157168 -5.93624e-05 1.48852e-05 0.000118396 1.35039e-05 3.59958e-05 -1.15809e-07 1.65859e-07 2.83602e-05 2.56854e-06 -6.8359e-06 4.19202e-05 6.86186e-05 1.16468e-06 -8.86241e-07 -0.00014615 1.03009e-06 4.47587e-06 1.5821e-06 1.92214e-06 1.4418e-05 2.64195e-06 -1.38668e-09 -1.40275e-05 -6.09084e-05 -1.09651e-05 1.4161e-05 1.02668e-06 -5.79457e-08 3.07596e-06 5.04806e-06 -5.80866e-05 4.54831e-06 -9.77721e-06 3.13541e-05 -0.000136283 
0.000959945 2.73689e-05 2.79611e-06 -0.00073586 -0.000595761 0.000648507 0.000239795 0.000234744 -0.000371492 1.3312e-05 2.41365e-05 3.07007e-07 -0.000664427 0.00138269 0.00194215 -0.000639027 3.45417e-05 0.00164 -1.20952e-05 -2.51909e-05 -0.000555895 6.08869e-05 0.00254211 4.05994e-06 -0.000518927 0.000723018 -0.00188318 0.000502244 -5.24616e-05 6.63381e-06 -0.00129778 0.000581131 -0.000624074 -0.00156621 0.000960879 -0.000679297 6.94037e-05 -2.36107e-05 0.000553144 -0.000465066 8.77079e-05 -0.000607793 -0.00104789 5.598e-05 0.00127554 0.00114262 1.43228e-05 0.000131147 5.30657e-06 -1.76192e-05 2.49851e-05 -0.000146526 0.000317657 -0.000545107 0.00179816 8.56269e-05 0.000104015 0.00163289 0.000157698 -0.000682563 3.39609e-05 -2.68331e-05 -0.00147642 -2.50554e-06 -0.00148113 -0.000779512 0.000684097 0.00110518 5.27714e-05 3.98174e-05 -7.4472e-07 3.6489e-06 -0.000207982 8.4729e-06 -5.55294e-06 0.000977997 0.000186418 1.28494e-05 1.86884e-05 -0.00205512 4.24769e-05 -1.43885e-06 -0.000328386 -4.65922e-05 0.000154374 1.62903e-05 5.28314e-07 -0.000458431 -0.000993017 -4.40714e-05 8.97042e-05 -0.000138502 -4.39541e-07 9.62693e-06 0.000743959 -0.00100516 7.54584e-05 -0.000130232 -9.29906e-05 -0.00121086 
0.000272917 -2.28327e-06 9.95113e-05 -0.00122415 -0.000601937 -9.34363e-05 0.000306504 0.000747927 0.000875511 -2.31173e-06 0.00169346 9.39904e-06 -0.00178717 0.00039937 0.000927151 -0.000620757 0.000470041 -0.000303554 -0.00018419 -0.000168002 -0.00149337 3.40879e-06 4.05994e-06 0.00655614 -0.00126027 -0.000191746 -0.000497431 -0.000181689 0.000274972 8.52576e-05 0.000254415 0.000352588 0.000709983 7.32603e-05 0.000631403 0.000706871 0.000256207 -3.56222e-06 0.00290566 -0.00158502 -0.000108769 0.000174757 -0.0025229 0.00120192 0.000641105 9.32646e-05 1.26557e-05 0.000179103 -9.1506e-06 -9.87547e-06 -4.413e-05 -0.000249428 -1.05809e-05 -0.00121855 -0.000211992 -6.06182e-05 2.97957e-05 0.00106918 -1.29264e-05 -0.00241697 8.5299e-05 1.89177e-05 -0.00225803 1.26019e-05 -0.000255301 0.00102672 -8.9945e-05 0.000206114 0.000441969 9.08614e-07 -7.07214e-07 -4.43772e-06 -0.000518002 7.86853e-06 -0.000165827 0.000249719 9.44553e-05 0.000298628 -2.03875e-05 -0.00196036 0.000120965 -5.09452e-06 0.00189365 -0.000169011 -0.000192738 1.35875e-05 4.27931e-07 0.000738182 -0.00105442 0.00072204 -6.10374e-05 0.000188198 2.58934e-05 -2.13912e-06 3.62718e-05 -0.000929376 8.29637e-05 -1.57849e-05 0.000549799 -0.00405362 
-0.00478088 -2.1185e-05 -0.000375538 0.0510397 -0.0527438 -0.0049613 -0.0671929 -0.0279726 -0.0222263 -0.000214337 -0.00218559 -1.3252e-05 -0.0551554 -0.00190508 -0.0117252 -0.0408795 -0.0057258 -0.0192132 0.0137559 0.0177245 -0.00653166 -2.0889e-05 -0.000518927 -0.00126027 0.175095 -0.00557748 0.0375262 -0.00845478 -0.00231867 -0.000362084 0.0792254 -0.00133975 0.0703483 0.059361 -0.00021273 0.0527408 -0.00088541 -0.00579799 -0.00908255 -0.0599608 -0.00545222 0.0549055 -0.0813663 -0.00109249 -0.00507776 0.00138825 -0.000230297 -0.000215464 -0.0005211 0.00397523 -0.0014562 0.044382 -0.000867135 -0.035581 -0.0097716 -0.00118785 -0.000519977 -0.00655351 -0.000494146 0.039563 -0.00233395 -0.00192088 0.046702 -2.87938e-05 0.00252239 -0.0594267 -0.0132446 0.0078381 -0.00418022 -0.00155913 0.000256254 0.000618655 -0.015091 -7.99677e-05 -0.00646309 -0.00180091 -0.000283252 -0.00128925 -0.000945857 0.0158906 -0.00118006 -0.000317611 -0.0120268 0.032718 -0.00742729 -2.99253e-05 5.24536e-05 0.0257934 -0.0721033 -0.00400984 0.000648681 -0.00827778 5.01617e-06 1.01646e-05 -0.000387292 -0.0715768 -0.000400429 0.000242244 -0.0164731 0.0385323 
-0.00490551 3.19102e-05 -6.08308e-05 -0.0148403 -0.00897202 -0.000461302 -0.00891887 -0.00474989 0.0139994 0.000100922 0.00296355 -7.73799e-06 -0.0100328 0.00121072 0.00865494 -0.00862546 0.00609668 0.00175386 -0.00400447 -0.00111449 -0.00687125 5.66827e-05 0.000723018 -0.000191746 -0.00557748 0.0402529 -0.00264137 0.00113584 -0.000921555 -3.60852e-05 0.00720754 -0.00230127 -0.00458339 0.00415413 0.000974192 0.0161529 0.000750211 -0.00106303 0.000875385 -0.0107008 0.00255633 0.0106708 -0.0145448 0.000180794 0.00378832 0.00182943 -4.12285e-05 3.13829e-05 -2.73655e-05 -0.000157198 -0.000366572 0.0106414 0.000141252 -0.00549617 0.00497941 -0.000164284 -9.46909e-05 0.0018636 0.00253033 0.00141923 -0.000431552 -0.000330543 -0.0171714 -1.81824e-05 -0.00959089 -0.0108661 0.00276296 0.000891622 0.00224317 -0.00020096 7.39778e-05 -1.5555e-06 -0.00306734 2.97334e-05 0.00669 0.00392964 -1.12053e-05 -1.5086e-05 -0.000167612 -0.00678348 0.00016779 -2.19257e-05 0.00603986 -0.000580804 0.00112335 2.80383e-05 -4.95322e-06 0.00587049 -0.0108814 0.000400684 -0.000379514 0.017845 6.27041e-06 0.000238456 0.00189555 -0.00908302 -5.44092e-05 -0.00103423 0.00915249 -0.0139461 
-0.022308 -4.06905e-05 0.000286024 0.0106665 -0.0433072 -0.0243444 -0.0439087 0.0116987 0.0198746 -0.000289112 -0.00166776 -0.00040917 -0.0454318 -0.00570389 -0.0634179 -0.019398 0.000161739 -0.0649229 0.0139703 0.000118958 0.000437151 -0.000144788 -0.00188318 -0.000497431 0.0375262 -0.00264137 0.165968 -0.00987941 0.00357708 0.000178082 0.0587952 0.0102901 0.0361613 0.0698383 -0.00292295 -0.00259456 -0.00224313 -0.000891693 -0.00264758 -0.00476612 -0.0173033 -0.0246612 -0.0104454 -0.000826482 -0.0115429 -0.0044844 0.000193639 0.000106262 0.00020938 0.00154183 -0.0037441 0.00451591 -0.00301237 -0.0254758 -0.0332028 0.00201862 -0.0017285 -0.0187792 -0.00454427 0.0113945 0.00193687 0.00184471 0.0562019 -5.16883e-05 0.00911878 0.0217486 -0.0571977 0.00660235 -0.00119866 -0.00139486 -0.000198032 -8.34744e-06 -0.0219308 1.07546e-05 -0.00682897 -0.00577013 -5.79991e-05 -0.000199862 -0.00210727 0.0872156 -0.00157777 -0.000681342 0.011367 0.00538571 -0.00236917 -5.09444e-05 -6.68385e-06 0.028615 -0.0198677 0.00018563 0.000591417 -0.00340939 2.81649e-05 -0.000269404 0.00033342 -0.022681 -0.000597039 0.00344492 -0.013141 -0.00655072 
0.00950872 -1.64571e-05 -7.78924e-05 0.00961638 -0.00347573 0.00253438 0.0234237 -0.000152062 -0.00333666 7.22202e-05 0.000139503 0.000230031 -0.004291 -0.000517268 0.00776429 -0.0086038 -0.00098212 0.0102507 -0.002688 -0.00131501 0.00461089 -3.33795e-06 0.000502244 -0.000181689 -0.00845478 0.00113584 -0.00987941 0.0417109 -0.000900992 -7.22816e-05 -0.0192645 -0.00157849 -0.0119164 -0.00589655 -0.000169614 -0.00871723 -0.000144333 -0.000181393 -0.00184143 0.0134158 0.00442389 0.00073347 0.00873574 -0.000139531 -0.000867564 0.00230668 -5.12355e-05 -7.02382e-05 -3.71876e-05 -0.000321741 0.00109277 -0.00470829 3.24795e-05 -0.00834369 0.00533563 -0.000322313 -4.41907e-05 0.00476476 0.00339881 0.0119271 0.00038186 0.00143665 -0.00681848 7.62859e-05 -0.00191719 -0.0071812 0.0075752 -0.00151975 -0.000934468 -0.000292184 -2.40853e-05 -4.77982e-05 -0.00453956 1.15802e-05 -0.00117237 -0.000360558 -3.21805e-05 -0.000222358 -8.03476e-05 -0.011529 -0.000124541 0.0001219 -0.00562923 -0.00192643 -0.00139136 -2.71553e-06 -4.3545e-06 -0.00783764 -0.00640994 0.000894654 0.000759334 -0.00142308 -1.05331e-05 -9.53062e-06 0.00011892 -0.00858546 0.000610355 0.00698595 -0.00791404 0.000865007 
-0.00199375 9.24745e-05 0.000175956 -0.00741859 -0.00479559 -0.000302386 -0.00707998 -0.00299181 0.00255808 -1.2812e-05 -0.000427773 4.75341e-05 -0.00394492 -0.000188798 0.000150083 -0.00243903 -0.00040237 -0.000772177 0.00483582 -0.000788073 -0.00717572 3.3848e-05 -5.24616e-05 0.000274972 -0.00231867 -0.000921555 0.00357708 -0.000900992 0.0239933 0.000205766 0.00703043 0.00220788 0.00642622 0.00536829 -0.000104481 0.00744105 -7.10591e-05 -0.000753488 -0.00106657 -0.00257481 -0.000484468 0.00490726 -0.00796971 -6.05503e-05 -0.000476262 -0.000315854 0.000246153 8.64339e-06 0.000639177 0.000468142 -0.000161165 -0.0030997 -7.67894e-05 -0.00191506 -0.0010282 -0.000133423 -2.54126e-05 -0.000604953 -5.79286e-05 0.00194748 -0.000226771 -1.63418e-05 -0.010542 -9.35177e-06 -0.000229572 -0.00649729 -0.001313 -0.000712658 0.000164357 -8.15524e-05 -1.29496e-05 2.86602e-05 -0.00167288 -1.52433e-06 0.000316751 -0.000157867 8.7572e-05 0.000372236 -0.000104372 0.00172521 -9.74007e-05 0.000322938 0.0146112 -0.00122038 -0.00063606 -3.118e-06 5.07115e-06 0.0124541 -0.00788305 -0.00138365 -0.000171937 -0.00128292 9.87856e-06 -1.8529e-05 -0.000249973 -0.00809802 0.000108354 -0.000576422 0.00306158 0.0032035 
-0.000149566 0.000138588 -4.96183e-06 -0.000676273 6.72894e-05 -6.06736e-05 -0.000410483 6.62735e-05 8.61121e-05 1.88306e-05 5.0342e-05 2.09286e-06 0.000132547 -2.00028e-05 -0.000192653 -0.000265413 0.000379027 -7.70398e-05 0.000549841 -6.77556e-05 -0.000248974 1.43553e-05 6.63381e-06 8.52576e-05 -0.000362084 -3.60852e-05 0.000178082 -7.22816e-05 0.000205766 0.00198387 -0.000298095 -0.000110874 -0.000309673 -0.000446338 2.67506e-06 -0.000231026 -4.06242e-06 2.80461e-05 3.47696e-05 4.45633e-05 1.87123e-05 -0.00052834 -0.000295047 4.57015e-05 -3.41662e-05 -1.97221e-06 -5.15734e-07 0.000163311 5.00177e-06 3.89581e-05 1.62631e-05 -0.000265369 3.88997e-06 6.53717e-05 -6.7084e-05 -9.28804e-06 -3.71819e-06 -9.6334e-06 -1.14647e-05 -0.000637077 -9.18406e-06 2.9895e-05 0.000272442 -4.44007e-07 -0.000196912 0.000450444 -0.000136878 0.000285093 -2.46029e-05 0.000304087 -7.04963e-07 5.07014e-06 0.000410474 2.60486e-05 -6.84792e-05 -1.65898e-05 0.000240496 4.25151e-05 5.25832e-05 0.000155394 -4.96538e-07 5.59119e-06 0.000170581 -9.84895e-05 1.01221e-05 3.37938e-06 1.2583e-06 9.68155e-06 9.73185e-06 0.000155115 -1.33416e-05 7.03645e-05 4.69878e-06 -3.59986e-07 -1.96871e-05 9.0752e-05 4.77887e-06 -0.000105114 1.85914e-06 -0.000645356 
-0.00208306 -0.000252861 0.000584871 0.0125804 -0.111552 -0.0111018 -0.0880756 -0.0488246 0.052571 -0.000445552 0.00305654 -0.000178539 -0.095159 -0.0065291 -0.00285928 -0.0796355 0.000114903 -0.0302949 0.0327375 0.0109057 -0.0402514 -9.49789e-05 -0.00129778 0.000254415 0.0792254 0.00720754 0.0587952 -0.0192645 0.00703043 -0.000298095 0.23543 0.0222755 0.0956936 0.144296 -0.00143009 0.0983675 0.000668614 -0.000600689 -0.00767184 -0.0911504 -0.0119003 0.101423 -0.151401 -0.00216772 0.00511516 -0.00194367 0.000389958 -0.000585427 0.000747141 0.00261246 -0.00428297 0.0388951 -0.00216844 -0.0631423 -0.0139317 0.00472301 -0.000818951 -0.0113312 -0.00343826 0.0703457 -0.00351917 0.00292507 -0.00515356 5.8387e-05 -0.00363311 -0.108462 -0.0157662 0.000582825 0.00657677 -0.00402841 0.000127567 0.00035722 -0.0271373 8.26513e-05 0.0129563 0.00114009 -0.000397942 0.00166845 -0.00233345 0.0183061 0.00136445 -0.000338455 0.06105 0.0176403 -0.0104307 -7.3512e-05 4.302e-05 0.0819874 -0.123567 0.0207506 0.000967898 0.0243944 4.22518e-05 0.000217185 -0.000374998 -0.113855 -0.000406609 -0.00958338 -0.00892626 0.00486552 
0.0178814 1.84654e-05 0.00145427 -0.0151664 -0.014218 -0.00219735 -0.0189906 -0.00947704 0.0098221 -7.28319e-05 -0.00112776 -7.9941e-05 -0.0157175 0.0010714 -0.00623968 -0.011859 0.000507138 -0.00569331 0.0328577 -0.00153994 0.00186288 8.39127e-06 0.000581131 0.000352588 -0.00133975 -0.00230127 0.0102901 -0.00157849 0.00220788 -0.000110874 0.0222755 0.0724491 0.016637 0.0166488 4.02987e-05 -0.0168892 8.37925e-05 -0.000164722 -0.000210433 -0.0181729 -0.00187436 -0.0222782 -0.0266641 -0.000348687 0.00112334 -4.70201e-05 0.000604208 0.000247454 0.000871797 0.000459559 -0.000770457 -0.00981807 0.000196154 -0.00616343 -0.0026973 0.0036122 0.000874671 -0.000253186 -0.000403755 0.0176328 0.000798088 0.00368763 0.0112298 7.89349e-05 -0.000761862 -0.01736 -0.00516691 0.00775383 -0.000104199 -0.000189806 -3.43249e-05 -9.51298e-05 -0.00101739 4.04496e-05 -0.000265421 0.000134035 0.000196396 0.000587918 -0.00026507 0.0059678 0.000641871 -0.000111488 0.0142823 -0.00173888 0.000746227 -3.02364e-06 5.52229e-06 0.0140422 -0.0204492 0.013485 -0.000650176 0.000271059 6.10044e-07 -4.48102e-05 -0.000160249 -0.020599 0.000293628 -0.00402748 -0.010961 -0.00844459 
-0.0169072 -0.000114989 0.00108791 -0.00751218 -0.0550005 -0.00753457 -0.0866427 -0.0350051 0.020964 -0.000279973 -0.0021288 -0.000163032 -0.0508756 -0.00371191 -0.0104603 -0.0237562 -0.00564025 -0.0231607 0.0125015 0.0214151 -0.0376032 -3.02542e-05 -0.000624074 0.000709983 0.0703483 -0.00458339 0.0361613 -0.0119164 0.00642622 -0.000309673 0.0956936 0.016637 0.201634 0.0639988 0.00016676 0.0664101 0.000644415 -0.00773057 0.00072825 -0.0621549 -0.00763872 0.0326711 -0.103699 -0.00130556 0.00518515 -0.0038028 0.000125093 4.13492e-05 0.000910707 0.00130343 -0.0019776 0.0253476 -0.00137134 -0.0310989 -0.0112104 0.000506509 -0.000691276 -0.00875727 -0.00158774 0.00202133 -0.00110449 0.00108593 0.0260496 -0.000242264 -0.00568507 -0.0648672 -0.018348 -0.00286299 0.0105645 -0.00168803 0.000133772 -5.46361e-06 -0.0104202 -4.26737e-05 -0.00306403 0.00131385 -0.000161157 0.00100716 -0.00115775 0.0244975 -0.00143956 -0.000353288 0.0524651 0.0250429 -0.00697677 -2.80035e-05 6.37313e-05 0.0826952 -0.078584 -0.00658523 0.000339399 -0.00522775 0.000109976 0.000241712 -0.0010084 -0.0821007 -3.57924e-05 -0.0117991 0.00933755 0.0121878 
