0.00363369 -0.000392767 1.28692e-05 -0.000133938 -0.000591679 -0.0016725 -7.82153e-05 -8.75589e-06 -0.000446244 3.42115e-06 -5.86671e-05 0.000249437 0.00122679 -0.000131914 -0.000175522 0.000738499 -0.00093573 -0.000848285 0.000962925 -0.000917921 0.000425986 -0.000727092 -0.00172021 -3.96271e-05 0.00170879 -6.90864e-05 -0.000207348 5.91276e-05 -0.000953809 -0.00061153 -2.81961e-06 1.18161e-05 2.19379e-05 4.71591e-05 -8.79568e-06 -5.0136e-06 -3.99335e-07 -0.000385703 2.92363e-05 0.000221491 -9.06758e-05 0.000169915 4.76487e-05 5.98724e-05 1.85751e-05 -0.000269463 4.45699e-06 5.66628e-06 -0.000951578 -6.39944e-05 0.00109609 -2.88251e-05 -8.0856e-05 -0.00142579 -9.34258e-06 -0.00133674 -1.91382e-06 -0.00110031 -1.87062e-05 0.000210813 0.000205363 0.00125315 -3.48735e-05 0.000177643 -0.000552283 0.00110643 -0.000102943 8.16805e-05 -0.00128389 -8.98215e-06 -6.46496e-05 0.000332335 0.00106033 -4.83668e-06 0.000111347 5.99348e-05 1.10371e-05 1.36328e-05 0.000236877 0.000213826 -0.000251589 0.000356017 3.793e-05 6.24798e-06 0.000422953 -1.14699e-06 7.81666e-05 7.54187e-05 0.000712426 -0.000330803 -0.000172608 -1.84926e-06 -4.93086e-06 3.2558e-05 0.00146745 2.92089e-05 0.000418705 4.22148e-05 5.33235e-06 -0.000197275 
-0.000392767 0.208812 -0.000893571 -0.056387 0.0434773 0.0795136 -0.0600494 -0.00741886 -0.0371628 0.0134703 -0.00208186 -0.0321916 -0.0519038 -0.0466111 -0.00199654 -0.0106371 0.0913389 0.0157358 -0.0285837 0.0385208 -0.00638351 0.100032 0.103338 -0.0091622 -0.021237 -0.00133796 -0.0449883 -0.00875448 0.0397197 -0.0101331 -0.000165109 -0.00177716 -0.0120073 -0.0136467 -0.00326496 -0.00111422 -0.000981433 -0.060876 -0.000256251 -0.000625301 -0.00608203 -0.00216511 -0.00897272 -0.00840855 -0.000372491 -0.00697359 -0.00076374 -0.00814018 0.0696274 -0.0351792 -0.00159626 -0.00980072 0.00131664 0.0695686 -0.0205661 0.0560202 -0.00708478 0.0347489 0.0733109 -0.064099 -0.00214495 -0.0486599 -0.00783687 -0.00076809 0.00233514 -0.00229339 0.00415274 0.0158598 0.0395006 -0.00108458 -0.00134276 -0.00455578 -0.00105231 0.00123659 -0.0420549 6.92447e-05 -0.00431113 -0.00261849 -0.0283152 -0.0122187 -0.0345925 -0.00122838 0.00171871 -0.066735 0.0318196 -0.000140273 -0.0155198 -0.0114167 0.00104514 -0.00855076 -0.038887 -0.00122741 0.000247929 -0.00435646 -0.0462772 -0.000874512 -0.0453115 -0.0109183 0.00448266 0.0174997 
1.28692e-05 -0.000893571 0.00364376 -0.000320204 -0.000279004 -0.00138356 -9.98399e-05 0.000471485 -0.000396926 -0.000275713 -4.4024e-05 0.000425917 0.000348794 0.00015731 -0.000220601 -7.73064e-05 -0.00132726 0.000781349 -0.000630958 0.000311883 0.000264382 0.000137212 -0.000693033 3.82375e-06 -0.000283469 -5.20957e-05 0.000772613 -5.39796e-05 0.000711017 -0.000637687 4.53238e-05 1.54929e-05 -1.01665e-05 -6.59904e-05 0.000158373 8.00455e-07 -1.32598e-05 0.000646047 8.52901e-05 2.37843e-06 -9.29586e-05 4.07599e-05 1.95364e-05 -0.000215946 1.15288e-06 0.0003466 4.82213e-06 3.69404e-06 0.000693146 9.60228e-05 0.000150485 -0.000137317 -0.000117356 -0.001577 0.000275066 -0.000367406 -1.68354e-05 5.1705e-05 -0.001008 9.73565e-05 6.60095e-05 4.13267e-05 -4.26421e-05 -8.93098e-06 0.00132874 -0.000257195 -0.000107452 -0.000227059 0.000516811 4.34295e-05 -7.66122e-05 -0.000918234 -9.95885e-06 9.75138e-05 -0.000197429 -3.71482e-06 0.000139759 7.67848e-05 1.40472e-06 0.000116014 -0.000160859 -5.55239e-06 -3.99505e-05 0.00131427 -0.000324114 1.33632e-05 -5.47327e-05 0.00013941 0.000641751 0.000222647 0.000144233 6.1752e-05 2.75852e-05 -0.000977723 -0.00069297 2.083e-06 -0.000141658 5.43732e-05 -8.01208e-05 -0.000207353 
-0.000133938 -0.056387 -0.000320204 0.106023 -0.0358486 0.00621679 -0.0124009 -0.00172958 0.0774669 0.0160527 -0.00192482 -0.00582882 -0.0126913 0.0374044 0.0185251 0.0145253 -0.0169569 -0.0789759 0.085011 -0.0853697 -0.00286173 -0.0776937 -0.0552703 -0.00117254 0.0286748 0.00216887 -0.0109649 0.0092586 -0.0812279 0.0223616 0.000214017 0.000126906 -0.00512443 -0.00183001 -0.000575465 0.000876919 0.00142923 -0.0236796 -1.76277e-05 0.000316051 0.00762667 0.000269412 -8.41449e-05 -0.00794763 -0.000140199 -0.0189317 0.00088146 -0.00135413 -0.0429114 -0.00840058 0.00099592 -0.00422026 -0.000502461 0.00959672 -0.00612525 -0.0615064 -0.000711025 -0.0299777 0.0185348 0.00559905 -0.000914261 0.0658137 -0.000932435 0.00406519 -0.049809 0.0241352 0.000284009 0.0071341 -0.0686528 -0.000385052 0.00811752 0.0730199 0.00155935 0.000466404 0.0404701 0.000177348 -0.000591315 0.000224364 0.0197512 -0.0043548 0.0534292 0.000819126 -0.001753 -0.0209403 -0.0187662 6.4881e-05 -0.000506655 0.00858947 -0.000876812 -0.00143529 -0.00635039 -0.000189491 -0.000192337 0.0371227 0.0692559 0.00035764 0.0566704 -0.00270915 -0.00293383 -0.00759254 
-0.000591679 0.0434773 -0.000279004 -0.0358486 0.211414 0.0392417 -0.0320948 0.0062136 -0.042649 -0.0253587 -0.00457548 -0.0134917 -0.00771699 -0.0319232 -0.00753717 -0.00690836 0.0150011 0.0167118 -0.0475057 0.0597186 -0.00956115 0.0593852 0.0718671 -0.0046804 -0.02172 -0.00375345 -0.00844279 -0.00478122 0.0556625 -0.0154457 -0.000757042 -0.000759574 -0.0052754 -0.00657228 -0.000794552 -0.0006919 -0.00187301 -0.0599013 4.63229e-05 -0.000364438 -0.000177718 -0.000908368 0.00306924 0.00197995 -0.000419177 -0.0408545 -0.000472445 0.00357401 -0.0504126 -0.0245101 -0.000586482 0.00674295 -0.00713511 0.00285945 -0.013115 0.0408341 -0.000719546 -0.0499809 0.039199 -0.00903413 -0.0022499 -0.0246728 -0.00346152 -0.00170136 0.0483873 -0.0137867 -0.00899489 -0.005466 0.0393423 -0.000568908 -0.00495578 -0.0344674 -0.00194935 -0.000920942 -0.0187975 -0.000156426 -0.00157483 -0.000683438 -0.00301345 0.00943206 -0.0158489 -0.00068763 -0.000985805 -0.0503168 0.0167736 -2.10329e-05 -0.00158558 -0.00507385 -0.00547759 -0.0232807 -0.0174913 -0.000387716 0.000399619 0.048335 0.011163 -0.000165111 -0.0237316 -0.00670735 -0.00105406 0.029586 
-0.0016725 0.0795136 -0.00138356 0.00621679 0.0392417 0.135437 -0.079067 0.00131508 0.0192902 0.0127775 -0.00663332 -0.0331522 -0.0208738 0.00242724 0.00792768 -0.00255067 0.0481794 -0.0259949 0.0113908 0.0070514 -0.0222305 0.0646528 0.0271082 -0.0125156 -0.00241135 0.000711093 -0.0481067 -0.00329994 0.00657391 -0.00975126 -3.90686e-05 -0.00145626 -0.0106381 -0.0120032 -0.0046638 -0.000310278 -0.000711044 -0.086526 -0.000408172 -0.00093272 0.000808228 -0.00258566 -0.00495572 0.00227123 -0.000543521 -0.0312444 8.39218e-05 -0.00109856 0.0152174 -0.0512696 -0.0047104 -0.00289811 0.00201606 0.0863941 -0.0373459 0.0110745 -0.00468308 -0.0120249 0.0957212 -0.00832802 -0.00644374 -0.00130106 -0.00893623 -0.000703958 0.00456076 -0.00213598 0.000382685 0.00653069 -0.00836663 -0.00147149 0.00213769 0.0303578 -0.00324625 -0.000918729 -0.00903221 -6.08305e-05 -0.00387729 -0.00248053 -0.00307614 -0.00156436 0.0118076 -0.00172373 0.00063293 -0.0742862 0.00106714 -0.000116309 -0.0140005 -0.00756415 -0.0123013 -0.021481 -0.0457772 -0.00140258 -8.2183e-05 0.0294167 0.0159918 -0.000872874 0.00590519 -0.0196606 0.00220452 0.00750753 
-7.82153e-05 -0.0600494 -9.98399e-05 -0.0124009 -0.0320948 -0.079067 0.107641 -0.00531351 -0.0170765 -0.0128161 0.00481823 0.0242147 -0.00766867 -0.0153709 -0.00628301 -0.00290971 -0.0333027 0.0341781 -0.0219034 0.000769992 0.0170213 -0.0598568 -0.0101939 0.0124381 -0.0124237 0.000481203 0.0503173 -0.000156144 0.00511359 -0.00185433 -7.49151e-05 0.00102567 0.000621857 0.00586317 0.00238595 9.59765e-05 -0.000439046 0.0885638 7.98965e-05 0.000222438 -0.00164897 0.00074855 -0.00107294 -0.00709528 0.000142851 0.0430279 -0.000167403 -0.000798235 -0.003562 0.0482431 -0.000767821 0.00382482 -0.00401864 -0.0656998 0.0419018 0.0109997 0.00351864 0.0292627 -0.0921898 -0.00752817 0.00564202 -0.0106491 0.0100972 -0.000764916 0.000188757 -0.00991306 0.00100672 -0.00848082 0.0326291 0.00117323 -0.00305544 -0.0359055 -0.000520212 -0.000209356 0.00226148 -9.42329e-05 0.00066389 0.00109832 -0.00547875 -0.00357116 -0.0100541 0.000154322 -0.000735175 0.051756 0.00590183 5.67883e-06 0.00415895 0.00169903 0.00463011 0.0280066 0.0445749 0.00121685 -0.000119248 -0.030277 -0.0356271 -1.9343e-05 -0.010148 0.0148965 -0.0030104 -0.00466789 
-8.75589e-06 -0.00741886 0.000471485 -0.00172958 0.0062136 0.00131508 -0.00531351 0.0446761 -0.00277675 0.000286746 -0.000834583 -0.00280832 0.0116995 0.0046755 -0.000951285 -0.000646572 -0.00697957 -0.00464816 0.00393251 -0.0048291 0.000393303 0.00559 -0.00246855 -0.00059216 0.00250179 -0.000148582 -0.00439127 0.0005537 -0.00295067 -0.00185516 -3.04401e-05 -0.000101738 0.00140602 -0.000403647 -0.000169153 -5.86152e-05 -0.000186025 -0.0101497 2.62881e-06 -3.91764e-05 0.000101274 1.09459e-05 0.00324847 0.000523432 0.000146717 -0.00458487 -5.27084e-05 0.00246009 -0.00897311 -0.000176053 -6.48236e-05 -0.00152732 0.000774773 -0.0090757 -0.00248848 -0.0201413 -0.000401044 -0.0157375 0.00637922 0.0121553 -0.00030089 0.000430349 -0.000468459 -0.000135065 0.00558555 0.0033767 0.00155724 0.00671353 -0.00917242 -0.000113172 0.000571803 -0.000695365 -0.000174796 -0.000550436 -0.00255205 -4.86084e-05 0.000569829 -0.000203773 0.00987819 0.00493285 -0.0016019 0.000132852 0.00024106 -0.00363459 -0.00300004 -1.19484e-05 0.001042 0.00109625 0.0016012 -0.00157036 -0.00296375 -8.35164e-05 9.46064e-06 0.00205784 0.0108573 0.000121976 -0.00299628 -0.00109049 -0.000939841 -0.00227353 
-0.000446244 -0.0371628 -0.000396926 0.0774669 -0.042649 0.0192902 -0.0170765 -0.00277675 0.125243 0.0336579 -0.00211952 -0.00611786 -0.00410923 0.0390456 0.0213021 0.00828705 0.0028651 -0.0843956 0.0827941 -0.0937513 -0.00246016 -0.0548387 -0.0673794 -0.00225311 0.0152244 0.011165 -0.0132942 0.00446827 -0.0920433 0.0195499 0.000417432 7.80256e-05 -0.00426282 0.000416234 -0.00087067 0.00125223 0.000618769 -0.0309997 -7.81018e-05 -2.84102e-05 0.00780201 -0.000419572 -0.000163527 -0.00346116 -0.000149267 -0.0146302 0.0010112 -7.43584e-05 -0.0351217 -0.0109604 -0.000941324 -0.00445005 0.00153616 0.0239895 -0.00760928 -0.0709125 -0.000738344 -0.0213239 0.0254689 0.00655953 -0.00114777 0.048364 -0.00157582 0.00363272 -0.0557984 0.0135566 0.00362774 0.0129761 -0.0714255 -0.000473705 0.0114663 0.0796681 -0.000524947 0.00112736 0.0312476 0.000128029 -0.000430732 -8.33071e-05 0.0144008 -0.00464388 0.0525246 -0.000124528 -0.00161554 -0.0227678 -0.018052 0.000148687 -0.00173094 0.00333762 -0.00262875 0.00272879 -0.0096403 -0.000236566 -7.98822e-05 0.0229378 0.0586651 3.58668e-05 0.0440589 -0.00352015 0.00101369 -0.0081899 
3.42115e-06 0.0134703 -0.000275713 0.0160527 -0.0253587 0.0127775 -0.0128161 0.000286746 0.0336579 0.0967573 -0.00186194 -0.00500878 -0.00370354 -0.00689708 0.0141398 -0.00219214 0.0523549 -0.066935 0.0502764 -0.0625572 -0.00221801 -0.000359845 -0.0216447 -0.00137957 0.0201058 0.0116981 -0.00940658 -0.000788368 -0.069108 -0.008069 0.000217587 -0.00026695 0.00182446 -0.00243455 -5.51878e-05 -0.000220902 0.00303144 -0.0237363 7.52925e-05 4.27622e-05 -0.00224429 0.000275058 0.000234992 0.00457138 0.000434956 -0.0176698 4.27964e-05 -0.00131693 -0.0223479 -0.00514344 0.000617299 -0.00400364 0.0170795 0.0188802 -0.00587728 -0.037864 -0.000646703 -0.0081249 0.0189788 -0.00928588 -0.000544554 -0.00358392 -0.000895163 0.00165256 -0.0487058 0.0229799 0.00875779 0.0363793 -0.0556561 -0.000292745 0.0050469 0.067661 -0.000536953 -0.00104331 -0.00540335 -8.97879e-05 0.000607353 -0.000182868 -0.00104188 -0.00439592 0.00355753 -0.00026211 -0.000404661 -0.0216861 0.0145948 5.86879e-05 -0.00169366 -0.000911858 -0.00163103 -0.00155329 -0.00718289 1.59073e-06 0.000718212 0.0223091 0.0360218 -5.80116e-05 -0.00457167 -0.00254848 0.00288163 -0.00442049 
-5.86671e-05 -0.00208186 -4.4024e-05 -0.00192482 -0.00457548 -0.00663332 0.00481823 -0.000834583 -0.00211952 -0.00186194 0.017768 -0.000521834 0.000123141 0.000788509 0.00196237 -0.000287859 -0.00465861 0.000295235 -0.00226764 0.00155954 -0.000306148 -0.00834903 0.00124397 0.00256505 -0.00118188 -9.46344e-05 -0.000293854 9.47416e-05 -0.000701801 0.00797733 -6.18159e-05 -2.34113e-05 0.000628181 0.00332337 0.000184333 -2.70946e-05 -4.04322e-05 0.00700695 -8.18699e-06 -1.47423e-05 0.00275931 5.24113e-05 -0.000106293 -0.000651461 0.000166233 0.00181996 2.44584e-05 -4.76014e-05 -0.0056135 0.00116781 -7.92084e-05 -8.39321e-05 -0.000553591 -0.00569033 0.00268797 -0.00138859 0.000600133 -0.00625553 -0.00548311 0.000463822 -3.67846e-05 -0.00115733 0.00153224 -0.000115577 -0.00411388 -0.00115552 -6.13346e-05 -0.00114844 -0.00183886 -5.54492e-05 -0.000360278 -0.00415943 -0.000112031 0.00318434 -0.000380556 5.36253e-07 7.76114e-05 2.79083e-06 -0.000599633 -6.84927e-05 -0.000505403 3.24734e-05 -6.20935e-05 -0.000603951 0.00542416 -8.77366e-08 0.000796043 0.00018791 -0.000252236 0.00702662 0.0018907 0.000102002 -2.49102e-05 -9.00394e-05 -0.00200817 -5.32659e-06 -0.000748347 0.00329573 0.000988086 -3.17995e-05 
0.000249437 -0.0321916 0.000425917 -0.00582882 -0.0134917 -0.0331522 0.0242147 -0.00280832 -0.00611786 -0.00500878 -0.000521834 0.0620266 0.0112267 -0.00485393 -0.0026261 -0.00133671 -0.0212554 0.015639 -0.00992352 0.00293669 0.015326 -0.0116663 -0.0353185 0.00283337 -0.00447186 -2.3601e-05 0.0213862 -0.000661508 -0.00423426 -0.0123041 0.000442133 0.000172776 0.00263136 0.00622315 0.00218546 0.000771691 -0.000354648 0.0354359 -4.48326e-06 0.00035644 -0.00123488 -0.000174875 -0.000322863 0.0058145 3.25771e-07 0.019914 -9.91902e-05 0.00197913 -0.00556166 0.0280774 -0.000433173 -0.00144635 -0.000974755 -0.0202197 0.010734 -0.0131594 0.0027766 0.015657 -0.0415089 0.011635 0.00372313 -0.00540328 -0.000356633 -0.000388739 -0.00173405 -0.00523409 -0.000525608 -0.00413759 0.00533507 0.000462083 -0.00116913 -0.0170489 -0.000401997 -0.000776555 -0.00367789 3.82051e-05 0.000797357 0.000216421 -0.00247948 0.000633892 -0.00397847 -0.000142784 -0.000313731 0.041056 -0.00443528 4.99274e-05 0.00134332 0.000451284 0.0042247 0.00155203 0.00623302 0.000910396 -8.2059e-05 -0.0155557 -0.0101333 0.000155363 -0.00542487 0.0125135 0.000203632 -0.00427871 
0.00122679 -0.0519038 0.000348794 -0.0126913 -0.00771699 -0.0208738 -0.00766867 0.0116995 -0.00410923 -0.00370354 0.000123141 0.0112267 0.138012 0.0410416 -0.0051308 4.13783e-05 -0.0485519 0.00687073 -0.00383311 0.016438 -0.00407373 0.0129606 -0.0800868 -0.00229148 0.0195489 0.000767599 -0.00291593 0.00018599 0.0108116 0.00899436 -0.000290081 0.000139375 0.0175984 0.00597106 0.0012248 -0.000188751 -0.000353273 -0.00385779 3.24938e-05 0.00012792 -0.00304657 0.000774986 0.00818769 0.0245219 0.000613456 -0.0230224 0.000197566 0.00910807 -0.0360286 -0.00461408 0.00181908 0.00597188 0.00200226 -0.0207723 -0.00530117 -0.0313383 0.00177365 -0.0482263 -0.00401861 0.0785282 -0.00113678 -0.0068363 -0.00158256 -0.000888566 0.0182638 0.00219609 -0.00343253 -0.00887603 -0.0364775 6.5916e-05 -0.00382082 -0.0125445 0.000401672 0.000367687 0.000222639 -0.00017119 0.00458406 -0.000355766 0.0115856 0.0221932 -0.0120999 0.000523901 -0.00056879 0.0314706 -0.0182901 -3.72342e-05 0.0136142 -0.000407803 -1.99304e-05 -0.0174006 0.00150963 -4.81912e-05 -0.000217948 -0.014237 0.0394107 0.00042676 -0.00141478 0.00103495 0.0010817 -0.0103693 
-0.000131914 -0.0466111 0.00015731 0.0374044 -0.0319232 0.00242724 -0.0153709 0.0046755 0.0390456 -0.00689708 0.000788509 -0.00485393 0.0410416 0.11046 0.00887638 0.00741488 -0.0405948 -0.0272149 0.030535 -0.029945 -0.00377698 -0.0287856 -0.0655498 -0.00198903 0.0268832 -0.00174791 -0.00971505 0.00458126 -0.027858 0.0369348 -0.00043738 0.000455057 0.00436642 0.00590361 -0.000366143 0.000812611 0.000292905 -0.0193394 -5.72292e-05 -8.8442e-05 0.00125674 -0.000313386 -0.00106606 -0.00109793 0.000166481 -0.0181868 0.000245738 0.00137009 -0.0348604 -0.00867812 -0.000493717 -0.000409058 -0.00148869 0.00870302 -0.00663837 -0.0486355 3.53229e-05 -0.0493685 0.0136913 0.0593014 -0.000919568 0.0345903 -0.0014524 -0.000653229 -0.0112615 0.00604113 -0.00382575 -0.00741699 -0.0549217 -0.000330388 -0.00247784 0.023804 0.000324844 -0.000240295 0.0180647 -0.000109856 0.000853214 -1.58136e-05 0.0129476 0.0129094 0.028247 8.82765e-05 -0.000210053 0.00839572 -0.021339 -4.72197e-06 -7.54209e-05 -0.00183594 -0.00125434 -0.0126066 -0.00663276 -0.000190721 -0.000141858 -0.00848287 0.0404063 0.000199884 0.0433292 -0.00182064 -0.000264726 -0.00505215 
-0.000175522 -0.00199654 -0.000220601 0.0185251 -0.00753717 0.00792768 -0.00628301 -0.000951285 0.0213021 0.0141398 0.00196237 -0.0026261 -0.0051308 0.00887638 0.0590658 0.000630573 0.0110093 -0.0414422 0.0303194 -0.0308681 -0.00197851 -0.0216031 -0.00853003 -0.000857033 -0.000507708 0.0110182 -0.00604506 0.00151618 -0.0401898 0.0227792 -4.295e-05 -0.000152597 -0.00221324 -0.00113674 -0.00034227 0.000147173 2.83882e-05 -0.0118676 -3.32056e-05 -6.59938e-05 0.00307988 -2.40888e-05 -0.000643146 -0.00242727 -8.70995e-05 -0.0108312 0.000208942 -0.000727288 -0.0230045 -0.0052356 -0.000218976 -0.00159355 -0.00134408 0.00998278 -0.00219035 -0.0296638 -0.000677197 -0.0225574 0.0102783 -0.0058899 -0.000477605 0.00893372 -0.000603821 -0.000222241 -0.0265899 0.0083935 0.00132703 0.0150344 -0.0384067 -0.000167653 0.000845259 0.0295452 -0.000202284 0.000874611 0.00809897 -7.16746e-05 -0.000286831 -2.71514e-05 -0.00111181 -0.00178742 0.0175324 -0.000143479 -0.000582778 -0.0116555 -0.00243068 3.43738e-05 0.000513411 -0.000403494 -0.00133244 0.000429925 -0.00342482 -9.86988e-05 0.000603814 0.0327133 0.0208537 -8.23516e-05 0.0111217 -0.000888698 0.00416568 -0.00290771 
0.000738499 -0.0106371 -7.73064e-05 0.0145253 -0.00690836 -0.00255067 -0.00290971 -0.000646572 0.00828705 -0.00219214 -0.000287859 -0.00133671 4.13783e-05 0.00741488 0.000630573 0.0248903 -0.00899762 -0.0163298 0.0180962 -0.0171794 -0.000219121 -0.015194 -0.0111494 -0.000333417 0.0123503 -0.00076823 -0.0023385 0.000484974 -0.0155506 0.00474667 -7.46395e-05 -3.24369e-05 -0.000483591 -0.000406429 -5.0177e-05 -2.40439e-05 0.000177381 -0.0053947 0.000151269 1.79122e-05 3.31915e-05 0.000253998 1.22405e-05 -0.0007383 -8.55884e-06 -0.00425325 0.000247467 -0.000275674 -0.00946799 -0.00177826 0.00257343 -0.000963175 -0.000397787 -0.00173481 -0.00135529 -0.0132401 -0.000116732 -0.0102615 0.00203832 -0.00153279 0.000345307 0.01815 -0.000207824 0.000256894 -0.011322 0.00716523 -0.00051628 -0.00126741 -0.0158984 -2.9306e-05 0.00189437 0.0153497 0.00501292 -9.718e-05 0.0126484 3.28295e-05 1.66667e-05 -8.24708e-05 0.000240772 -0.000482675 0.011698 0.000262777 -0.000279745 -0.00411989 -0.00377668 2.37934e-05 0.000150778 0.000309228 0.00255619 -0.00240568 -0.0016285 -3.02537e-05 -3.29695e-05 0.00700121 0.0134628 0.000306954 0.0180724 -0.000338898 -0.000496498 -0.00145918 
-0.00093573 0.0913389 -0.00132726 -0.0169569 0.0150011 0.0481794 -0.0333027 -0.00697957 0.0028651 0.0523549 -0.00465861 -0.0212554 -0.0485519 -0.0405948 0.0110093 -0.00899762 0.239302 -0.047602 0.011435 -0.0242985 -0.00974994 0.054308 0.0786666 -0.000507913 -0.0066534 0.0107054 -0.0288855 -0.00379386 -0.0376886 -0.00505512 -0.000366997 -0.00096986 -0.00612734 -0.00841262 -0.00204892 -0.000442955 0.00028641 -0.0676583 -0.000108711 -0.000438449 -0.00791737 -0.000124616 -0.00326407 0.002176 5.81651e-05 -0.0346976 -0.000371001 -0.00476437 0.0101306 -0.0175536 -0.00237379 -0.0100241 0.0102907 0.0503942 -0.02019 0.0341524 -0.00409782 0.00513604 0.0475822 -0.0520162 -0.00312244 -0.0340237 0.0010008 0.00040294 -0.0804093 0.010617 0.0100837 0.0317041 -0.016098 -0.000915268 0.00490125 0.0528364 -0.00230773 -0.00308292 -0.0244113 -0.000154873 -0.00146262 -0.00109238 -0.0147932 -0.0133253 -0.0201598 -0.000975328 -0.0017721 -0.0710432 0.065319 -3.27991e-05 -0.00503118 -0.00559784 -0.00706903 -0.0122656 -0.021586 -0.00057563 0.000836587 0.0155831 -0.0181584 -0.000542848 -0.0314337 -0.00840616 0.0061747 0.0167807 
-0.000848285 0.0157358 0.000781349 -0.0789759 0.0167118 -0.0259949 0.0341781 -0.00464816 -0.0843956 -0.066935 0.000295235 0.015639 0.00687073 -0.0272149 -0.0414422 -0.0163298 -0.047602 0.21387 -0.137327 0.137814 0.00533646 0.0560093 0.046804 0.00320252 -0.0577864 -0.0160706 0.0285917 -0.0097881 0.153936 -0.0575396 -2.23005e-05 0.000308894 4.85482e-06 0.00542113 0.000627502 -0.000724378 -0.00399209 0.0643272 -0.000226334 -0.000371969 -0.0107744 -0.00163742 -0.00209465 -0.0194286 -0.000444289 0.0488457 -0.000997676 0.000345702 0.0951583 0.0185874 -0.00437434 0.00501557 -0.0165556 -0.028794 0.0146012 0.096035 0.00229441 0.0834449 -0.0510359 0.00275098 0.00164749 -0.0575179 0.00211854 -0.00437621 0.125549 -0.0556292 -0.0103495 -0.0463219 0.156684 0.000405015 -0.0155227 -0.160007 -0.00396826 -0.0035625 -0.030881 -0.000127706 -0.000370045 -0.000561023 -0.0154815 0.0081815 -0.0471757 -0.00104845 0.0015283 0.0568213 0.00323316 -0.000171232 -0.00158591 -0.0067201 0.00135335 -0.000136362 0.0194714 0.000342675 -0.000957502 -0.112381 -0.113859 -0.000264269 -0.0466474 0.00648767 -0.00803916 0.000667814 
0.000962925 -0.0285837 -0.000630958 0.085011 -0.0475057 0.0113908 -0.0219034 0.00393251 0.0827941 0.0502764 -0.00226764 -0.00992352 -0.00383311 0.030535 0.0303194 0.0180962 0.011435 -0.137327 0.16871 -0.138882 -0.00140744 -0.0667332 -0.0674709 -0.0015767 0.0573311 0.0116585 -0.0203762 0.0088504 -0.133198 0.0309966 0.000812943 -4.46853e-05 0.00146286 -0.00355636 -0.000563931 0.00056528 0.00409946 -0.0417696 5.90495e-05 0.000465631 0.00911486 0.001491 0.000631922 -0.00682267 9.66432e-05 -0.0296579 0.0010177 -0.00202465 -0.0718532 -0.00942657 0.00399675 -0.00744485 0.00789486 0.0145044 -0.0104989 -0.107245 -0.00154187 -0.0489377 0.0335351 0.00108857 -0.000189637 0.0612381 -0.000874465 0.00471957 -0.0942789 0.0555487 0.0114712 0.0409007 -0.119911 -0.000334318 0.0142838 0.116927 0.00511222 0.00109669 0.0317879 0.000322349 -0.000169736 -0.000193231 0.0164802 -0.00482822 0.0458526 0.00128543 -0.00307711 -0.0401949 -0.0113111 7.57944e-05 0.000258263 0.00797789 0.00419412 0.00107791 -0.0138207 -0.000292307 -8.55229e-05 0.0663443 0.111471 0.000470865 0.0487584 -0.00393335 -0.00315786 -0.0111314 
-0.000917921 0.0385208 0.000311883 -0.0853697 0.0597186 0.0070514 0.000769992 -0.0048291 -0.0937513 -0.0625572 0.00155954 0.00293669 0.016438 -0.029945 -0.0308681 -0.0171794 -0.0242985 0.137814 -0.138882 0.194896 -0.0126955 0.0795861 0.0652825 -0.0089947 -0.0562668 -0.0138097 0.0105385 -0.011312 0.163506 -0.030437 -0.000477995 -0.000393136 0.00553144 -0.000674923 -0.00188005 -0.00161314 -0.00436765 0.0258645 -0.000296038 -0.000661644 -0.00659605 -0.00134877 0.000915236 0.00936479 -0.000516394 0.0112193 -0.00106822 0.0027445 0.056179 -0.0149523 -0.00362389 0.00946712 -0.0114314 -0.00717897 0.00787848 0.112202 0.00149004 0.038773 -0.0123939 0.0076684 -0.00515897 -0.0622185 -0.00702061 -0.00464004 0.11464 -0.0535786 -0.0123555 -0.0426142 0.117714 -3.67175e-06 -0.0144845 -0.127929 -0.00496135 -0.0012789 -0.0328427 -0.00019489 0.000760661 -0.000624489 -0.015496 0.00991475 -0.0488026 -0.00130522 0.00205213 0.0323787 -0.00317107 -0.000181856 0.00253789 -0.0073337 -0.00806085 -0.00768709 0.00509647 -0.000367886 -0.000888287 -0.0570395 -0.0972581 -0.000507384 -0.0504021 -0.00613903 0.00165833 0.0111551 
0.000425986 -0.00638351 0.000264382 -0.00286173 -0.00956115 -0.0222305 0.0170213 0.000393303 -0.00246016 -0.00221801 -0.000306148 0.015326 -0.00407373 -0.00377698 -0.00197851 -0.000219121 -0.00974994 0.00533646 -0.00140744 -0.0126955 0.0308402 -0.0147732 -0.010083 0.00458868 -0.00233042 -0.000386644 0.0067057 -0.000368373 -0.0111875 -0.00547063 0.000224922 0.000278277 -0.000939862 0.00288418 0.00180734 0.000637963 -0.00015563 0.0159802 0.000111195 9.69058e-05 -0.000850894 -6.83575e-05 -0.000432773 -0.000411136 -2.40834e-05 0.0199129 -5.39914e-05 0.00040071 0.00759698 0.0214193 0.000320667 -0.0011302 -0.00102664 -0.0128362 0.00867756 -0.0147287 -0.000104188 0.0141915 -0.0212627 -0.00419332 0.0053248 -0.00109338 0.000240942 -0.000157629 -0.012648 -0.00139477 7.86767e-06 0.00161762 0.00817623 0.000101362 -0.000527708 -0.00689168 0.000325527 -0.000281296 -0.00169481 3.78069e-05 0.000283191 0.000262762 -0.00111346 -0.00128009 -0.00234782 0.000195697 -1.51924e-05 0.01642 -0.000502295 -4.20514e-06 -0.000766082 0.000549046 0.00690947 0.00305959 0.00701295 0.000170003 -3.53235e-05 -0.00937164 -0.00792629 -1.38347e-05 -0.00181228 0.00915097 -0.000631284 -0.00203858 
-0.000727092 0.100032 0.000137212 -0.0776937 0.0593852 0.0646528 -0.0598568 0.00559 -0.0548387 -0.000359845 -0.00834903 -0.0116663 0.0129606 -0.0287856 -0.0216031 -0.015194 0.054308 0.0560093 -0.0667332 0.0795861 -0.0147732 0.173013 0.0635453 -0.00996215 -0.021454 -0.00407382 -0.0297638 -0.0110692 0.0815815 -0.0394778 -1.91349e-05 -0.00104223 -0.000260471 -0.00411266 -0.00244286 -0.00114239 -0.00173808 -0.0441074 -0.000346177 -0.000717567 -0.0127106 -0.00265229 -0.00170068 0.0107535 -4.24029e-06 -0.00697994 -0.000768171 0.000548692 0.0575473 -0.02359 -0.00348721 -0.00319074 0.00429085 0.049998 -0.0382483 0.0516213 -0.00294024 0.0229433 0.0503335 0.00361966 -0.00533089 -0.0642419 -0.00806028 -0.00199107 0.0528792 -0.013138 0.00148458 -0.000261209 0.0468887 -0.00170202 -0.00546447 -0.0418823 -0.00397422 -0.00465742 -0.0491671 -0.000162499 -0.00188986 -0.00145333 -0.01582 0.00649201 -0.0500735 -0.00173507 0.00207276 -0.0114553 0.0116232 -0.000132719 -0.00698605 -0.0114437 -0.007339 -0.0293207 -0.0356074 -0.00043211 -9.14225e-05 -0.0271162 -0.0389644 -0.000521934 -0.0539005 -0.0116209 0.0017961 0.00882718 
-0.00172021 0.103338 -0.000693033 -0.0552703 0.0718671 0.0271082 -0.0101939 -0.00246855 -0.0673794 -0.0216447 0.00124397 -0.0353185 -0.0800868 -0.0655498 -0.00853003 -0.0111494 0.0786666 0.046804 -0.0674709 0.0652825 -0.010083 0.0635453 0.236239 -0.00115272 -0.0400061 -0.00862076 -0.011026 -0.00606074 0.0694843 -0.0169594 -0.0013536 -0.00114629 -0.0107368 -0.0088973 -0.00334097 -0.00115474 -0.00222381 -0.0194533 -0.000290842 -0.000623849 -0.00317224 -0.00100601 -0.00532122 -0.0116358 -0.000340277 -0.00855244 -0.000891925 -0.00734923 0.0566888 -0.010865 -0.00287878 -0.00903231 -0.00741846 0.0122634 -0.00101205 0.0918668 -0.00401557 0.0202609 0.0131828 -0.072386 -0.00490349 -0.0409453 0.00156509 -0.00184865 0.0268869 -0.0215151 -0.00496511 -0.00676825 0.0733175 -0.000828912 -0.00332481 -0.0436104 -0.00273765 0.000305435 -0.0319097 -8.79066e-05 -0.00331862 0.00104413 -0.0219971 -0.0151518 -0.0324577 -0.00128652 -1.59762e-05 -0.050901 0.043291 -2.85985e-05 -0.00697876 -0.00203159 -0.00634671 0.0305657 -0.00792755 -0.00102093 0.000477177 0.00469775 -0.0794796 -0.00045084 -0.0425211 -0.00834197 0.000426239 0.0197663 
-3.96271e-05 -0.0091622 3.82375e-06 -0.00117254 -0.0046804 -0.0125156 0.0124381 -0.00059216 -0.00225311 -0.00137957 0.00256505 0.00283337 -0.00229148 -0.00198903 -0.000857033 -0.000333417 -0.000507913 0.00320252 -0.0015767 -0.0089947 0.00458868 -0.00996215 -0.00115272 0.0163935 -0.00156498 0.00232823 0.00420364 0.000158003 -0.0101589 -0.00160671 -4.87146e-05 0.000119361 0.001152 0.00407794 0.00138247 0.000156121 0.000265354 0.0109387 0.000254015 1.48291e-06 -0.000310915 0.000221598 -0.000170953 -0.00118111 0.000225833 0.00952767 -1.82581e-05 -0.000150499 -0.00118984 0.0133171 5.2661e-05 -0.000584055 -0.000522618 -0.00969621 0.00222474 -0.00552072 0.000288821 0.000719965 -0.0126678 -0.00190965 0.00164651 -0.00139296 0.00709937 -7.97353e-05 -0.00757091 -0.00101361 0.00250226 -0.00106544 0.00305437 4.63196e-05 -0.000398234 -0.00459965 9.09052e-05 -8.87088e-05 -0.000934731 2.21373e-06 -3.76851e-05 0.000133532 -0.000715462 -0.000655346 -0.00141365 -3.30479e-06 -0.000116277 0.00295848 0.00682599 1.71534e-05 3.13672e-05 4.77177e-05 0.000438794 0.00584835 0.00643311 0.000379798 0.000145894 -0.00518817 -0.00494778 3.79206e-05 -0.00136593 0.00817892 -0.000412222 -0.000797656 
0.00170879 -0.021237 -0.000283469 0.0286748 -0.02172 -0.00241135 -0.0124237 0.00250179 0.0152244 0.0201058 -0.00118188 -0.00447186 0.0195489 0.0268832 -0.000507708 0.0123503 -0.0066534 -0.0577864 0.0573311 -0.0562668 -0.00233042 -0.021454 -0.0400061 -0.00156498 0.091845 0.00156763 -0.00973958 0.00622637 -0.0508633 0.00999072 -0.000147365 -0.000138053 -0.00103835 -0.000874794 -9.35851e-06 0.000137084 0.00316039 -0.0223592 0.000119213 0.000577395 -0.00199927 0.000648355 9.34498e-06 0.00013944 0.000869427 -0.0185683 -3.75349e-05 -0.000660474 -0.0342042 -0.00682498 0.00401969 -0.00212577 0.0128714 0.00244309 -0.00555189 -0.0463009 -0.000989302 -0.035937 0.0158377 0.0192212 -0.000233838 0.0325991 -0.00118879 0.000542407 -0.0342976 0.0388692 0.00306545 0.0068992 -0.0649713 -0.000205548 0.00238874 0.0538549 0.00467761 -0.00106966 0.0138039 1.7586e-05 -0.000392937 4.26405e-06 0.0033011 -0.000135464 0.0102786 0.00157991 -0.00109728 -0.00686692 -0.00729143 7.75223e-06 -0.00100542 0.00334294 0.00191203 -0.00907449 -0.00690655 -9.68509e-05 -4.91466e-05 0.02373 0.0495374 0.000260263 0.0279489 -0.00167925 -0.00109912 -0.00630325 
-6.90864e-05 -0.00133796 -5.20957e-05 0.00216887 -0.00375345 0.000711093 0.000481203 -0.000148582 0.011165 0.0116981 -9.46344e-05 -2.3601e-05 0.000767599 -0.00174791 0.0110182 -0.00076823 0.0107054 -0.0160706 0.0116585 -0.0138097 -0.000386644 -0.00407382 -0.00862076 0.00232823 0.00156763 0.0332507 -0.00109027 -0.000475597 -0.0171319 0.00346769 -6.51208e-05 -9.15012e-06 -0.000370588 -5.08828e-06 0.000391218 -7.6916e-05 0.000253526 -0.00248023 0.000178429 -2.27695e-05 -0.00040307 0.000113818 -1.9206e-05 0.000350695 -2.53916e-05 -0.0018521 9.07092e-05 3.92719e-05 -0.0106399 0.000936441 -4.42862e-05 -0.000936868 -0.000491564 -0.00166312 -0.000566634 -0.0142146 -0.000372046 -0.00686003 0.00103137 -0.00172678 0.000448242 -0.0027248 0.00124057 6.89936e-05 -0.0119211 0.00284509 0.00241591 0.00723032 -0.0112723 -2.03162e-05 0.00041043 0.0106237 -0.000153578 -0.000431252 -0.00201428 -1.52136e-05 -0.00018195 -0.00013169 0.000652312 -0.000177849 0.00135671 -7.59629e-05 -0.000471767 -0.00448477 -0.00307783 4.19462e-05 0.0010227 -0.000326849 -0.000646591 0.00182724 -0.000261197 0.000240357 0.000568152 0.00917813 0.00638124 -3.15779e-05 -0.00264254 0.00137729 0.00245068 -0.00119 
-0.000207348 -0.0449883 0.000772613 -0.0109649 -0.00844279 -0.0481067 0.0503173 -0.00439127 -0.0132942 -0.00940658 -0.000293854 0.0213862 -0.00291593 -0.00971505 -0.00604506 -0.0023385 -0.0288855 0.0285917 -0.0203762 0.0105385 0.0067057 -0.0297638 -0.011026 0.00420364 -0.00973958 -0.00109027 0.0876832 -0.00115266 0.0110599 -0.00841556 -0.000251466 0.00064414 -0.00391864 0.00139142 0.00189326 0.000216833 -0.000555012 0.0510745 0.000166527 -1.64381e-05 -0.00164461 -0.000188085 -0.00128707 -0.00536732 -0.000103366 0.0137199 -0.000154986 -0.000613392 -0.0165968 0.022374 -0.000373751 0.000517101 -0.00300162 -0.0416667 0.0257396 0.0235626 0.00570977 0.0398635 -0.0618632 -0.0061769 0.00304211 -0.00852695 0.00352304 -0.000571338 0.0218289 -0.00784265 -0.00246094 -0.00687233 0.029377 0.00110734 -0.00240205 -0.0279247 -0.000637812 -0.000259819 0.00206269 -4.09579e-05 0.000528699 0.00141794 -0.00368787 -0.00200211 -0.0081876 -0.000184212 8.84341e-05 0.0404309 -0.00764609 6.89384e-06 0.0024759 2.73845e-05 -5.64436e-05 0.0105979 0.0339067 0.000932153 -2.41149e-05 -0.0298997 -0.0259921 -0.000124642 -0.00777413 0.00740447 -0.00251939 -0.00591287 
5.91276e-05 -0.00875448 -5.39796e-05 0.0092586 -0.00478122 -0.00329994 -0.000156144 0.0005537 0.00446827 -0.000788368 9.47416e-05 -0.000661508 0.00018599 0.00458126 0.00151618 0.000484974 -0.00379386 -0.0097881 0.0088504 -0.011312 -0.000368373 -0.0110692 -0.00606074 0.000158003 0.00622637 -0.000475597 -0.00115266 0.0158919 -0.0101689 0.00043071 7.5619e-05 5.4814e-05 0.000403725 2.94461e-05 0.000255206 0.000770807 0.000486564 -0.00137385 -4.19273e-06 0.000225386 0.00297707 0.00135154 8.25958e-05 -0.00107935 0.000184134 -0.00258167 5.00523e-06 -0.000171871 -0.0054873 -0.000139614 0.00112128 -0.00053718 0.000367656 -0.00313784 -0.000787497 -0.00659915 -8.22378e-05 -0.00710959 0.00126964 0.00385197 2.292e-06 0.00775556 0.00109339 0.000258939 -0.00699434 0.00283862 0.00017105 -0.000760292 -0.00965228 -2.47635e-05 8.30306e-05 0.00594965 0.00036801 0.000751997 0.00426072 2.98348e-05 -4.90101e-05 -3.16485e-05 0.00313364 -0.000536584 0.00610995 0.000273514 -0.000224069 -0.00271102 0.000240636 5.92099e-05 8.41261e-06 0.00230222 -9.05837e-05 0.00370322 -0.000404762 1.24698e-05 -4.28363e-06 0.00820411 0.00575534 0.000239394 0.00480947 -0.000103677 -0.000286823 -0.00103678 
-0.000953809 0.0397197 0.000711017 -0.0812279 0.0556625 0.00657391 0.00511359 -0.00295067 -0.0920433 -0.069108 -0.000701801 -0.00423426 0.0108116 -0.027858 -0.0401898 -0.0155506 -0.0376886 0.153936 -0.133198 0.163506 -0.0111875 0.0815815 0.0694843 -0.0101589 -0.0508633 -0.0171319 0.0110599 -0.0101689 0.210771 -0.0366364 -0.000228445 -0.000187622 -0.00039081 -0.00415404 -0.00200294 -0.0016617 -0.00420357 0.0309168 -0.000309528 -0.000610393 -0.00790289 -0.00203514 -0.000105292 -0.00340623 -0.000531563 0.0152305 -0.00100103 0.00156843 0.0704275 -0.0118056 -0.00337416 0.00900413 -0.0149297 -0.0188495 0.00846515 0.114845 0.000689418 0.0488096 -0.0166375 0.00558641 -0.00462065 -0.0583515 -0.00678714 -0.00445278 0.129789 -0.0546239 -0.0120991 -0.0476821 0.132514 0.000339096 -0.015178 -0.139906 -0.00443505 -0.00119056 -0.0336043 -0.000184746 -0.00114452 -0.00058172 -0.014316 0.00835648 -0.0478473 -0.00129709 0.00179713 0.0320331 -0.00938346 -0.000197373 -0.00130694 -0.00794822 -0.00501562 -0.000437059 0.0054259 -0.000672989 -0.000966938 -0.0694177 -0.0901097 -0.000484727 -0.0483732 -0.00825852 -0.00655836 0.00888469 
-0.00061153 -0.0101331 -0.000637687 0.0223616 -0.0154457 -0.00975126 -0.00185433 -0.00185516 0.0195499 -0.008069 0.00797733 -0.0123041 0.00899436 0.0369348 0.0227792 0.00474667 -0.00505512 -0.0575396 0.0309966 -0.030437 -0.00547063 -0.0394778 -0.0169594 -0.00160671 0.00999072 0.00346769 -0.00841556 0.00043071 -0.0366364 0.154289 -0.000538554 0.000162724 -0.00109299 -0.000397309 -0.000650811 -0.000433068 -0.000677725 -0.00752281 -7.46038e-05 -0.000190759 0.00914913 0.00050848 -0.000225813 0.00271793 -0.000171704 -0.0298523 1.00716e-05 -0.00111765 -0.0599363 -0.0114237 0.00104467 0.00745513 -0.0016318 -0.00743446 0.00141948 -0.012847 -0.00101359 -0.0704938 0.00463155 0.00564234 -0.00125599 0.0221939 -1.20614e-05 -0.000941881 -0.062778 0.0140164 -0.00393344 0.00453944 -0.0586478 0.000427904 -0.000987333 0.0432827 -6.29896e-05 0.00427118 0.0247084 -1.25726e-05 -8.59809e-05 -0.000363775 0.00853461 0.00103734 0.0132265 0.000603655 -0.0018991 -0.0128583 0.00229619 -4.9973e-05 0.0104227 -0.000849073 0.00214769 0.000530865 0.00457206 -0.000309872 0.000266573 0.0454194 0.0333499 -0.000119451 0.0218928 -0.00128499 -0.00234952 0.00578885 
-2.81961e-06 -0.000165109 4.53238e-05 0.000214017 -0.000757042 -3.90686e-05 -7.49151e-05 -3.04401e-05 0.000417432 0.000217587 -6.18159e-05 0.000442133 -0.000290081 -0.00043738 -4.295e-05 -7.46395e-05 -0.000366997 -2.23005e-05 0.000812943 -0.000477995 0.000224922 -1.91349e-05 -0.0013536 -4.87146e-05 -0.000147365 -6.51208e-05 -0.000251466 7.5619e-05 -0.000228445 -0.000538554 0.00425004 -7.19251e-06 0.000152365 -6.22861e-05 4.26917e-05 3.46609e-05 7.46251e-05 -0.000239689 1.6442e-05 6.18899e-06 5.01956e-05 1.77626e-05 -1.596e-05 -5.98832e-05 -1.26411e-06 0.0013471 3.39363e-05 1.03215e-05 0.000724263 -1.84205e-05 -2.17467e-06 1.59074e-05 0.00018443 -0.000548786 -0.000138746 -0.001002 -3.31955e-05 0.00115753 6.91426e-05 -0.000196253 8.48468e-05 -0.000259569 -4.10823e-05 -1.04091e-05 -0.00109484 -0.000164267 -4.64412e-05 -0.000155181 0.000314379 5.53133e-05 -7.44741e-05 -0.000366184 -5.08241e-06 -3.0671e-05 -0.00010827 3.0299e-05 2.41141e-07 -1.11175e-05 -6.98575e-05 5.59727e-05 0.000105993 -4.44247e-06 1.37429e-05 -0.000319326 -0.000591818 2.73276e-05 -6.66507e-05 -3.67366e-05 0.000115723 0.000150277 -0.000189315 2.31788e-05 -6.19165e-06 -0.000342971 0.000346027 2.2991e-05 -3.75549e-05 -6.85094e-05 4.16164e-05 -0.000102737 
1.18161e-05 -0.00177716 1.54929e-05 0.000126906 -0.000759574 -0.00145626 0.00102567 -0.000101738 7.80256e-05 -0.00026695 -2.34113e-05 0.000172776 0.000139375 0.000455057 -0.000152597 -3.24369e-05 -0.00096986 0.000308894 -4.46853e-05 -0.000393136 0.000278277 -0.00104223 -0.00114629 0.000119361 -0.000138053 -9.15012e-06 0.00064414 5.4814e-05 -0.000187622 0.000162724 -7.19251e-06 0.00260918 0.000290432 0.000150754 0.000229254 1.4663e-05 4.10394e-06 0.00138184 7.48304e-06 0.000114549 -1.77699e-05 4.1754e-05 7.17682e-05 3.95672e-05 -2.24089e-06 0.000584215 1.2049e-05 -2.86349e-06 -0.000450709 0.000813777 7.32419e-06 0.000222734 -9.10956e-06 -0.00121453 0.000103598 -0.000690959 3.20081e-06 -0.000484114 -0.00140664 0.000777213 0.000463195 0.000201167 0.000200217 6.95807e-05 -4.5839e-05 -4.60554e-05 -3.04653e-05 -0.000183833 -0.000212937 1.41658e-06 -4.79718e-05 -0.000436662 4.02969e-05 -1.73356e-05 -3.0203e-05 4.91219e-06 2.16346e-05 6.16772e-05 0.000102544 -7.00306e-05 -1.7365e-05 1.3229e-05 1.29454e-05 0.00123665 -1.74649e-05 1.87725e-06 -3.3225e-05 0.00024212 0.000183886 4.55079e-05 0.00085377 6.01013e-06 -2.08605e-06 -0.00070749 -0.000378426 6.23954e-06 0.000110575 0.000342522 -6.51703e-05 -0.000164911 
2.19379e-05 -0.0120073 -1.01665e-05 -0.00512443 -0.0052754 -0.0106381 0.000621857 0.00140602 -0.00426282 0.00182446 0.000628181 0.00263136 0.0175984 0.00436642 -0.00221324 -0.000483591 -0.00612734 4.85482e-06 0.00146286 0.00553144 -0.000939862 -0.000260471 -0.0107368 0.001152 -0.00103835 -0.000370588 -0.00391864 0.000403725 -0.00039081 -0.00109299 0.000152365 0.000290432 0.0421919 0.00200648 0.000558121 -8.78425e-05 0.000544603 0.00659321 4.18402e-05 0.00012669 -0.00074441 0.00183134 0.00523174 0.0103176 -3.09258e-06 -0.000980803 -4.5681e-05 0.00216483 -0.00813933 0.00357294 0.00105468 0.000215194 0.00242423 -0.00736336 -0.000578614 -0.0117742 9.98439e-05 -0.015825 -0.0024467 0.0141961 0.000229567 -0.00270147 0.00153548 -0.000149923 -0.000334939 -0.000808401 -0.000442545 -0.00199709 -0.0164762 0.000154755 -0.000896511 -0.0035195 0.00024857 -7.7855e-05 -0.00175355 -4.07741e-05 0.00259239 -5.06099e-07 0.000435478 0.00183185 -0.00361549 -9.98096e-05 0.000331173 0.00319586 0.000925411 1.37878e-05 0.00519066 0.000493156 0.000476356 -0.000151537 -0.00257772 -7.64368e-06 -4.38842e-05 -0.00017901 0.00191504 0.00039974 -0.00245794 0.000523826 0.00113379 -0.00168238 
4.71591e-05 -0.0136467 -6.59904e-05 -0.00183001 -0.00657228 -0.0120032 0.00586317 -0.000403647 0.000416234 -0.00243455 0.00332337 0.00622315 0.00597106 0.00590361 -0.00113674 -0.000406429 -0.00841262 0.00542113 -0.00355636 -0.000674923 0.00288418 -0.00411266 -0.0088973 0.00407794 -0.000874794 -5.08828e-06 0.00139142 2.94461e-05 -0.00415404 -0.000397309 -6.22861e-05 0.000150754 0.00200648 0.0230531 0.000316363 0.000402541 -2.13658e-05 0.00850578 -4.50971e-06 -2.3929e-05 0.000390791 -5.27118e-05 6.4695e-05 0.000885015 0.00012749 0.00505225 5.07211e-06 0.00065812 -0.00488202 0.00569848 -0.000161892 -0.000768032 -0.000698262 -0.00471243 9.14467e-05 -0.00972307 0.00204504 -0.00252067 -0.0112401 0.00918693 0.000480147 -0.00138605 0.00326465 -0.000151423 6.61596e-05 -0.00188162 -0.000167074 -0.0014298 -0.00105659 -1.54067e-05 -0.000583662 -0.00665824 -0.000124729 0.000446073 -0.00108534 3.12792e-06 0.000205608 0.00019084 -0.000369624 0.00276889 -0.000265717 -3.95959e-05 -0.000295787 0.0112542 -0.000717505 5.53644e-05 0.00062026 4.1354e-06 -0.000369843 0.00266855 0.00280508 0.000207388 -3.73642e-05 -0.00684159 -0.000626704 0.000123785 -0.000493708 0.00497285 0.000130291 -0.0014064 
