0.0443419 -0.00473301 0.00219889 -5.36981e-05 3.07252e-05 -9.30064e-06 -0.00430477 0.00226189 -0.00371402 0.000206945 9.97123e-06 -0.000732813 0.00320401 0.0143122 -0.00040069 0.000582013 -6.62252e-05 -0.00143822 -0.00162939 -0.0124676 -0.00179265 0.000764653 -0.000714673 -0.00187339 -3.22966e-05 0.000281429 -4.34303e-06 -0.00023105 -0.000764884 0.00011997 0.00317857 0.000379715 4.17463e-05 -0.0105285 -9.2301e-05 6.33007e-05 0.000175116 -0.00202293 -0.000211363 -0.00630938 2.51003e-05 -3.73846e-05 -3.73621e-05 0.000210652 -0.000574801 0.00115536 2.56858e-06 0.00020891 -0.000727611 0.000828571 3.55689e-05 -8.36017e-05 0.000199053 -5.98067e-06 -0.00315441 0.000677186 0.000338052 0.000129608 -0.000129294 -2.33042e-05 0.00172187 0.000127982 -7.16219e-05 0.000173372 -0.000354452 1.45245e-05 -0.00372625 0.00520595 1.94245e-05 -8.07494e-05 -0.000188631 0.000421911 0.000132285 -0.000166976 -0.009291 -6.56668e-05 -0.000122509 -0.00192117 -0.000621976 -0.00118708 0.000260756 0.0012538 -0.00101979 -1.25273e-05 -4.56357e-05 -0.00129297 0.00122362 -1.58257e-05 1.23978e-05 -0.00138315 3.40846e-05 0.00226801 0.00123792 -0.00152005 0.000103362 1.31212e-07 -1.48051e-05 -0.00743991 2.91746e-05 -0.00076031 
-0.00473301 0.114649 -0.00214325 -0.000209375 -5.40586e-05 -3.50521e-05 -0.0114946 -0.00335263 0.0338775 -0.000298484 1.03513e-05 -0.00361094 -0.00372863 0.00575447 0.0011325 -0.000287367 -0.000109852 -0.0292462 -0.0170827 -0.0264813 -0.0051896 -0.016291 -0.00176534 0.00593561 -4.8542e-05 -0.0255704 6.09973e-05 -0.000214794 0.000236748 0.000606119 -0.0102293 -0.000285165 -1.82296e-05 -0.00181895 0.0129097 5.6364e-05 0.00193962 -0.00530753 -0.00300633 -0.0187118 -0.000157695 -9.35779e-05 0.00022851 -1.30167e-05 0.0016518 -0.0289411 3.42098e-05 0.000559359 0.00522781 0.00396351 0.000224746 -0.000181686 0.000709984 2.7086e-05 0.0288278 -0.00017171 -0.00160238 0.0225454 0.0124091 -0.000108428 -0.00310788 0.0107855 -0.000437607 0.00209133 0.00435241 -0.000867952 -0.00862569 0.001952 -0.000116641 -0.000340687 0.000352128 -0.00199812 -0.00190048 -0.000518655 -0.0147975 8.41977e-05 0.00239163 0.0204135 -0.0019186 -0.00689767 -0.00404382 -0.000674314 0.0234647 -5.89342e-05 -0.000156472 -0.021071 -0.00496208 -3.41914e-05 -4.41346e-05 -0.0271337 -0.000672156 -0.00539694 -0.00224946 -0.001827 -3.15594e-05 -9.90527e-06 -0.000117534 0.00209575 -7.20352e-05 0.0111149 
0.00219889 -0.00214325 0.0204629 4.20826e-06 0.000152091 -5.10961e-07 -0.00212892 0.0028173 0.0123281 0.00131396 4.73583e-05 -0.00051298 0.0157157 0.0096746 0.00323453 0.00136773 0.000457015 -0.00438005 -0.016256 -0.0139094 -0.000545761 -0.00206888 -0.000313765 0.00187088 0.000135545 -0.0159746 0.000439359 -4.85145e-05 -0.000287342 -4.11201e-05 -0.00149609 -8.17084e-05 -9.5983e-06 -0.00602675 0.00317032 -8.43044e-06 -0.000322255 -0.000945748 0.00184136 -0.0134845 3.67835e-06 -1.05838e-05 -2.28614e-05 2.71152e-05 -0.00581785 -0.00212729 4.26749e-05 6.34755e-05 -0.00011039 -0.000213099 0.000456377 -2.50001e-05 4.35025e-05 -3.21955e-06 0.00153829 0.000269578 0.000250405 0.0155137 0.00275388 2.15694e-05 -0.000919595 0.000191941 7.83669e-05 0.000146642 -0.013015 0.000104567 -0.00163014 0.0135327 0.000577104 -7.27629e-05 0.000322659 0.000478781 0.000237777 -8.32562e-05 -0.00493733 0.000919927 -0.000118511 0.000520574 -0.000251888 0.0010568 0.000841649 0.00417608 -0.000668909 -1.82833e-05 -2.33182e-05 -0.00446061 -0.000834395 8.31897e-05 -4.50027e-05 -0.0152469 0.00179914 5.12131e-05 0.00770947 0.000290644 -2.4081e-06 2.13132e-05 -5.49971e-05 -0.000643338 0.000305738 0.000680788 
-5.36981e-05 -0.000209375 4.20826e-06 0.00249482 0.000169754 -2.57886e-07 0.000927141 -5.86254e-05 -0.000380842 -0.00162029 -5.76014e-07 3.19693e-05 3.1835e-05 -0.000928584 6.76272e-05 1.63254e-06 9.7544e-06 0.000687218 -0.000255517 0.000206689 0.000244582 -0.000390804 0.000153582 -0.00153387 1.63864e-05 0.000178753 0.000303013 -3.90222e-06 0.000297331 4.25464e-05 -0.00135247 6.20662e-05 -3.08769e-07 8.56403e-05 -6.2675e-05 1.10841e-06 0.00035662 0.00107106 9.78238e-05 0.000238373 0.000126287 -3.42483e-07 6.58744e-05 -1.51103e-06 -0.00140783 0.00023843 2.15989e-05 2.59276e-06 -4.54243e-05 2.45213e-05 -1.70214e-06 3.33034e-07 0.000152704 1.33009e-05 -0.000194223 8.97774e-05 2.0424e-06 -0.000231698 6.66708e-05 9.75049e-06 0.000250255 0.000433352 7.74315e-06 -7.56162e-06 -0.000455367 1.61046e-05 0.000695945 -0.000523401 3.90516e-06 1.71263e-06 -2.244e-06 0.00015367 -2.136e-05 0.0002566 0.00102928 3.53777e-05 4.60106e-05 -0.000119923 0.000424051 9.97819e-06 -0.00182959 5.40027e-05 2.06064e-05 -1.82526e-07 -1.65423e-06 -0.000669814 -7.62112e-05 1.94939e-05 8.52313e-06 -6.76122e-05 0.000219835 -0.00040041 4.41536e-05 0.000108214 2.82056e-05 1.53172e-06 7.92673e-06 0.000396659 0.000118178 -7.68792e-05 
3.07252e-05 -5.40586e-05 0.000152091 0.000169754 0.00154051 1.90708e-06 -0.000138343 0.000143241 -5.59424e-06 -0.00103676 3.7855e-06 0.000349307 0.000376474 -0.000520073 0.000117433 6.44864e-05 2.57747e-05 -0.00025592 -0.000781374 -0.000690257 0.000301427 -0.000224643 -1.23992e-05 -0.000785036 1.55591e-05 -0.000222725 0.000584674 1.40028e-05 0.000554101 4.40279e-05 -0.000337372 -1.56726e-06 6.86317e-06 0.000649913 -2.20653e-05 5.53087e-06 0.000736218 -5.25829e-05 -1.24781e-05 -0.000581542 1.93948e-05 1.02978e-05 6.49214e-05 -5.57441e-07 -0.000272833 0.00010955 5.59952e-06 6.46416e-06 -2.34089e-05 7.47468e-05 2.77027e-05 7.28845e-06 6.30097e-05 6.19615e-07 -6.19118e-05 0.000173647 -1.68421e-06 -2.22607e-05 -5.85154e-06 2.69951e-05 0.000673415 0.00103833 3.75971e-05 3.04071e-05 -0.000584372 5.96484e-05 -0.000119158 -0.000312707 -1.42551e-07 -5.46046e-06 3.41258e-05 0.000445242 7.99297e-05 2.0711e-05 -0.000339936 9.6114e-05 0.000141351 -5.10873e-05 -6.00835e-06 0.00030223 -0.000934618 7.98897e-05 -7.17066e-05 1.38822e-05 6.83904e-06 -0.0010133 0.000191173 3.64e-06 -2.50136e-06 -0.000259678 0.00034895 -0.000267937 8.94299e-07 -5.63631e-05 4.56019e-05 7.00011e-06 -2.55467e-06 -0.000254961 0.000164234 0.000106544 
-9.30064e-06 -3.50521e-05 -5.10961e-07 -2.57886e-07 1.90708e-06 0.000304264 -3.12305e-05 5.90092e-05 1.4022e-05 -0.000153941 3.33522e-07 0.000213488 6.05502e-05 -7.90637e-05 1.6558e-05 1.12519e-05 7.90313e-06 3.88812e-05 -0.000259707 1.18115e-05 0.000209562 -4.10441e-05 1.28474e-05 -0.000125953 1.31503e-05 -0.000135614 4.68195e-06 5.72546e-06 1.15937e-05 7.4751e-06 -9.06096e-06 1.73829e-06 3.14722e-07 0.000132749 2.6548e-06 6.44699e-06 -4.86942e-06 6.02306e-05 -4.3916e-06 -0.000190887 1.10242e-05 8.03585e-08 -3.02001e-07 6.44526e-06 -3.09117e-05 1.93694e-05 6.24151e-07 3.3451e-07 4.47645e-06 2.34887e-05 1.0886e-06 5.82062e-06 2.85147e-06 1.22014e-07 1.87457e-06 -9.51887e-09 5.12474e-06 5.29641e-05 5.30151e-06 2.40816e-05 -1.92141e-05 7.28151e-06 4.50949e-07 4.36713e-06 -0.000230986 1.91272e-05 -2.26559e-05 0.000125703 -3.38482e-07 -6.62633e-07 -1.16848e-06 2.34225e-05 -2.37376e-06 -8.17565e-07 -6.96046e-05 1.16221e-05 1.23294e-07 9.97303e-06 2.75729e-06 9.69397e-05 -0.000141709 -1.11783e-06 1.48701e-05 2.42187e-06 -6.42157e-07 -8.61219e-05 0.000162395 -3.38636e-07 -6.27222e-07 -0.000104038 4.31394e-06 -4.03935e-05 6.63252e-06 -8.41248e-06 -2.35445e-08 -3.5486e-08 1.964e-06 -4.45591e-05 1.15741e-05 7.78539e-06 
-0.00430477 -0.0114946 -0.00212892 0.000927141 -0.000138343 -3.12305e-05 0.0952608 -0.00179994 -0.0154413 -0.0205448 -2.69015e-05 -0.00239939 -0.00458978 -0.0253644 -0.00150116 -0.000479952 -0.000233054 0.0160418 0.00911141 0.0128218 0.00686516 0.0016173 0.0112066 -0.0282004 -7.20584e-05 0.00670647 -0.000305268 -0.000299994 0.000464227 -0.00028169 -0.0221158 0.000723421 -4.39497e-05 -0.0143116 -0.00373045 6.2654e-06 -0.000966236 0.0191131 0.0121606 0.021636 -7.41305e-05 0.000888501 -0.000137854 -6.6055e-05 -0.0298016 0.00393932 -2.027e-05 -0.000155028 -0.00182793 -0.00174274 -0.000103285 2.78049e-05 -0.00030386 -1.75574e-05 -0.00822833 -0.00024184 -0.0012903 -0.0100475 -0.00359774 -0.000114701 -0.00516129 -0.00256828 -0.000452719 -0.000547932 0.00613298 -0.000962498 0.0402627 -0.0253053 0.000113163 0.000966363 -3.94589e-05 -0.00157533 -0.0017149 0.00138562 0.0425641 -0.000292856 -0.000514706 -0.00492773 0.00418209 -0.00604328 -0.049162 -0.000891715 -0.00366232 0.000104658 -0.000202424 0.00183352 0.00034755 0.000263253 3.73182e-05 0.0059598 -0.000402829 -0.0131699 0.00145936 0.010644 -2.52263e-05 -5.20579e-06 -0.0002402 0.00408336 -3.04609e-05 -0.00338228 
0.00226189 -0.00335263 0.0028173 -5.86254e-05 0.000143241 5.90092e-05 -0.00179994 0.0278529 0.00338297 -0.00616265 7.9871e-06 0.00496872 0.00614613 -0.00145268 -0.000216869 0.000469546 -6.2378e-05 0.00617289 -0.0111877 -0.00797219 0.00309424 -0.00375267 -0.000137237 -0.00590447 1.50549e-05 -0.00908572 6.62298e-05 0.000157098 -0.000440263 0.000592254 0.000355841 0.000203465 7.79511e-05 -0.00477902 0.00251838 1.57399e-05 -0.000167398 0.000969626 -0.000368403 -0.00718315 0.00027628 2.54691e-05 -2.41635e-05 0.000292098 -0.000650685 0.00583772 4.10604e-06 0.000170442 0.00165751 0.00191595 -1.92551e-05 -5.01254e-05 0.000441848 -1.99243e-06 0.00279149 0.000340994 -0.000253257 0.0069335 2.13348e-05 5.42892e-05 -0.000995696 -6.54872e-05 7.38546e-05 0.00130996 -0.0139547 -0.000112688 -0.00149217 0.0046511 3.44431e-05 -9.66281e-05 9.17499e-05 -0.000140887 0.000281715 -5.7561e-05 -0.00550036 7.53988e-05 -9.59458e-05 0.00262169 -0.000292876 0.00221187 -0.00146001 6.3241e-05 -0.000744258 0.000103862 -3.35383e-05 -0.00610349 0.00822219 3.07885e-05 -5.79198e-05 -0.00741846 0.000216984 -0.00336099 0.00340924 -0.00079674 8.41444e-06 1.949e-05 0.000294022 -0.00274516 6.10133e-05 0.00371657 
-0.00371402 0.0338775 0.0123281 -0.000380842 -5.59424e-06 1.4022e-05 -0.0154413 0.00338297 0.142226 0.0065408 0.000189131 -0.000209992 0.0205207 0.0688063 0.000297135 0.00178597 0.000813076 -0.0139859 -0.0585001 -0.103375 -0.00612451 -0.0341216 -0.00258967 0.0159287 0.000127512 -0.0825952 0.000656062 -0.00108014 -0.00283315 0.000830983 -0.00927903 -0.000126092 -3.70416e-05 -0.0466357 0.0284473 5.24327e-05 -0.00262956 -0.00721976 -0.0014692 -0.0950826 -0.000310587 -0.000140646 -0.000226241 1.22078e-05 -0.0085353 -0.0318963 4.40565e-05 0.000322528 0.0131276 0.0109597 0.000884771 -0.000340459 0.000832432 -2.24869e-05 0.057786 -0.000286704 -0.00176457 0.0766489 0.0276641 0.000111641 -0.00744344 -0.00196466 -0.000789428 0.00251344 -0.0286243 -0.00159198 -0.0098325 0.0692547 0.00058511 -0.000600507 0.00173361 -0.00315432 0.00136764 -0.000712965 -0.0268745 5.74352e-05 -0.000571754 0.0386581 -0.00247565 -0.00657307 0.0259055 0.00622783 0.0277462 0.000162812 -5.82223e-06 -0.0374623 -0.00301799 0.000136083 -0.000325397 -0.0657015 0.00105228 -0.0176227 0.00883238 0.001142 -2.99489e-05 -1.85737e-05 0.000593686 0.0100148 -4.04199e-05 0.0251906 
0.000206945 -0.000298484 0.00131396 -0.00162029 -0.00103676 -0.000153941 -0.0205448 -0.00616265 0.0065408 0.0684031 3.52247e-06 -0.00676917 0.000827059 0.0237224 0.000678323 -0.00124352 1.27216e-05 -0.0274295 0.00505742 -0.00381163 -0.0186564 0.00633305 -0.0125975 0.0323045 -7.20213e-05 -0.0010737 -0.00111415 -0.000904506 -0.00720642 -0.00196031 0.0238531 -0.00171219 -0.000335816 -0.00899474 -0.00144885 -0.000159359 -0.00623694 -0.0262075 -0.00205647 -0.00607923 -0.00156894 -0.000898612 -0.00056418 -0.00017525 0.0197296 -0.000145789 -7.90706e-05 9.68363e-06 -0.0024637 -0.00305575 2.42404e-05 -0.000490643 -0.00219485 -9.72275e-05 0.00126014 -0.000417085 0.000847658 0.00339794 -0.00319479 -0.000208228 -0.001952 -0.00875126 -0.000667337 -0.00200025 0.0078785 -0.000403526 -0.0181302 0.0113681 -0.000153907 -0.000449648 -0.000740122 -0.00416868 0.000415883 -0.00244203 -0.0184997 -0.000880548 -0.00202761 -0.000541165 -0.00274972 -0.00139064 0.0427497 -0.000100661 -0.00202527 -0.000112262 -9.33924e-05 0.0134527 -0.0171853 -2.17266e-05 -0.000178663 0.000504619 -0.000395141 0.0104986 -0.001126 -0.006663 -0.000161425 -9.87953e-05 -0.000574894 -0.00188489 -0.000396376 -0.00298697 
9.97123e-06 1.03513e-05 4.73583e-05 -5.76014e-07 3.7855e-06 3.33522e-07 -2.69015e-05 7.9871e-06 0.000189131 3.52247e-06 0.000415387 -9.32418e-06 3.10629e-05 5.80404e-05 7.69104e-06 1.09069e-05 1.15398e-05 -7.85691e-05 -0.000194272 -0.000175852 -1.31874e-05 -0.000171144 -4.83083e-06 -5.81261e-06 2.47757e-06 -0.000210853 1.2556e-05 4.92474e-07 -2.65688e-06 8.70089e-06 -3.94409e-05 3.11477e-07 1.18549e-06 -0.000114955 7.43955e-05 -2.03852e-07 7.64959e-06 -1.12404e-05 -2.63093e-06 -0.000154165 5.79406e-06 8.04939e-08 -3.42534e-07 1.55955e-06 -7.90146e-05 -4.01304e-05 2.28009e-06 2.16649e-06 2.29017e-05 3.83377e-05 4.56386e-06 -3.48184e-07 6.33381e-06 5.88713e-07 0.000184177 1.41663e-06 3.12038e-06 0.000209651 2.49301e-05 2.51335e-06 -1.96565e-05 -5.19973e-06 7.41375e-06 8.04918e-06 -0.000139837 1.03907e-07 -2.59014e-05 0.000127548 6.73451e-06 5.1924e-07 3.14916e-05 1.89967e-06 9.52725e-06 -1.37441e-06 -5.84704e-05 7.68054e-06 -1.43227e-06 0.000187415 -4.24794e-06 -5.21522e-06 2.02856e-05 2.12752e-05 3.02114e-05 2.63416e-06 -6.89619e-08 -0.000157636 1.30308e-05 -2.12365e-07 2.80149e-07 -0.000218619 2.40787e-05 -3.11069e-05 -4.30597e-06 -6.47997e-06 -8.50941e-08 1.68488e-06 2.25209e-07 6.33503e-05 9.15451e-06 1.64551e-05 
-0.000732813 -0.00361094 -0.00051298 3.19693e-05 0.000349307 0.000213488 -0.00239939 0.00496872 -0.000209992 -0.00676917 -9.32418e-06 0.0279692 0.00105061 -0.00862352 -0.00024803 0.000105492 -6.84979e-05 -0.00180449 -0.00787489 0.00287461 0.0111046 -0.00191727 -2.99567e-05 -0.00316542 0.000159296 -0.0013505 -2.72103e-06 0.000275348 0.000851786 0.000663121 0.000372191 0.000118313 6.31206e-05 0.00918753 0.000605701 -1.74824e-05 -0.000224593 0.00120008 -0.000352628 -0.00149817 0.000275244 -6.87136e-06 8.86461e-05 3.95847e-05 -0.000386406 -0.000101227 2.3426e-05 -2.65033e-05 0.00107385 0.00146071 -1.22302e-05 7.75156e-05 0.000283529 4.17541e-06 7.61113e-05 -1.28002e-05 -5.30207e-05 6.83756e-05 0.000146301 0.000170482 -0.00141834 0.000370503 0.000142905 0.000652108 -0.016631 1.3175e-05 -0.00195555 -0.00330652 -2.68142e-05 4.24605e-05 -0.000100142 -0.000343497 0.00101942 -5.79005e-05 -0.000544348 -2.38799e-05 -0.000141454 0.000242565 -0.000262134 0.00490352 -0.00761665 -0.000121555 -0.000314959 3.80059e-05 3.16111e-05 -0.00358734 0.00853144 -2.94054e-05 -4.67472e-05 -8.06498e-06 0.000122703 -0.000332148 -0.000131164 -0.000880277 1.05354e-06 -8.44383e-07 4.06764e-05 -0.00447711 3.67099e-06 0.00227142 
0.00320401 -0.00372863 0.0157157 3.1835e-05 0.000376474 6.05502e-05 -0.00458978 0.00614613 0.0205207 0.000827059 3.10629e-05 0.00105061 0.0424276 0.018035 0.00222251 0.00177097 0.000596435 -0.00141605 -0.0300149 -0.0253891 0.00215769 -0.00362716 -0.000637764 0.00294533 6.82863e-05 -0.029106 0.000731245 -0.000224354 -0.000722604 4.42891e-06 -0.000603144 -2.61351e-06 -2.66596e-05 -0.00808857 0.00482726 -9.81196e-08 -0.00066779 -0.00179564 0.00150887 -0.0297613 0.000261578 -8.11533e-06 5.79916e-05 0.000107755 -0.00570996 0.00253219 4.92708e-05 0.000118337 0.000453139 8.67821e-05 0.000722491 3.52058e-05 0.000286461 5.05411e-06 0.00465605 0.000805765 0.00107733 0.0243078 0.00635183 0.000254447 -0.000944167 0.000152877 -9.65617e-05 0.000210879 -0.0259164 -0.000160498 -0.00356913 0.022636 0.000570473 -0.000159749 0.000964048 -0.0003926 3.80794e-05 -0.00017913 -0.0108799 0.00051878 -0.000120275 0.00150871 4.69859e-05 0.00738492 0.00242373 0.00456411 -0.00169001 -3.18111e-05 -6.8219e-05 -0.00762268 -0.000933606 0.000247367 -0.000101082 -0.0232438 0.00208631 0.000206812 0.0113702 -0.000448776 6.23742e-05 1.72234e-05 -8.62145e-05 -0.00264629 0.000294734 0.00267735 
0.0143122 0.00575447 0.0096746 -0.000928584 -0.000520073 -7.90637e-05 -0.0253644 -0.00145268 0.0688063 0.0237224 5.80404e-05 -0.00862352 0.018035 0.236019 -0.00385721 0.000300299 0.00061031 0.0104954 -0.0337644 -0.119581 -0.0165015 -0.0194707 -0.00507264 0.00617042 -5.5653e-05 -0.0558526 -0.000441294 -0.00229039 -0.00575441 -0.000609313 0.0118117 -0.000604024 -0.000121949 -0.0876038 0.0166811 0.000148982 -0.00597753 -0.0155078 -0.00766726 -0.127124 -0.000947268 -0.000333921 -0.000496616 0.000243377 0.00674466 0.00576105 -2.02711e-05 0.000268017 0.00861356 0.00539966 0.000585787 -0.000744469 -0.000519785 -6.30909e-05 0.0381484 0.000605906 0.00152473 0.0523661 0.0179196 6.49141e-05 -0.00750306 -0.00731667 -0.00179519 -9.49169e-05 -0.00511323 -0.00140496 -0.0221065 0.09356 7.84623e-05 -0.00126053 0.000484977 -0.00363494 -0.00240678 -0.00145794 -0.0506859 -0.000244811 -0.000733059 0.0245299 -0.00420872 -0.00761632 0.0617566 0.00383438 0.0172282 -6.82807e-05 -0.00023145 -0.0188372 -0.0160154 0.000235679 -0.000549795 -0.0446576 -0.000321644 -0.0285676 0.00697503 -0.0101511 5.82522e-05 -3.55203e-05 0.000491592 0.0018306 -0.000193315 0.0132548 
-0.00040069 0.0011325 0.00323453 6.76272e-05 0.000117433 1.6558e-05 -0.00150116 -0.000216869 0.000297135 0.000678323 7.69104e-06 -0.00024803 0.00222251 -0.00385721 0.0206025 0.000944354 0.000591087 -0.00291092 -0.00326725 0.000294576 -0.000489314 -0.00130366 -0.000311756 -0.00101897 0.000137643 -0.00213368 0.000174455 -7.76094e-05 0.000244536 5.40282e-06 -0.00204412 -5.95899e-05 1.76e-05 -0.0035367 0.000795699 3.1819e-05 -0.000245413 -0.000423401 0.00187048 -0.00064227 0.000205606 -1.03762e-05 -2.78087e-05 1.37771e-05 -0.00442385 -0.00206355 4.03768e-05 -1.36398e-05 -0.000218416 -0.000276335 0.000104593 -4.25137e-05 6.81852e-05 7.42822e-08 -0.000771176 0.000133223 0.000699298 0.0019877 3.42492e-06 0.000190592 -0.00101038 -0.000113093 0.000326164 8.10969e-05 -0.00418733 0.000755882 -0.00138758 1.9775e-05 0.000169402 0.000111301 -1.41143e-05 0.00287632 0.00136246 -8.21953e-05 -0.00350809 0.00135836 -2.01614e-05 -0.000492136 0.000124562 -0.00103762 0.000823407 0.00153016 -0.000790184 -1.27211e-05 -3.27182e-05 -0.000846637 -0.000333219 1.49876e-05 0.000420392 -0.0024847 0.00103751 -0.00272995 0.00130761 0.000343952 -1.80001e-06 2.85429e-05 7.36599e-06 0.00130073 0.000425325 0.000264307 
0.000582013 -0.000287367 0.00136773 1.63254e-06 6.44864e-05 1.12519e-05 -0.000479952 0.000469546 0.00178597 -0.00124352 1.09069e-05 0.000105492 0.00177097 0.000300299 0.000944354 0.00455078 2.18397e-05 -0.000437884 -0.00318091 -0.00244498 -5.8256e-05 -0.00214262 -7.04638e-05 -5.26319e-05 4.51729e-05 -0.00261083 7.65477e-05 3.56572e-05 0.000166409 0.000383172 -0.00133909 0.000186978 1.002e-05 -0.000698631 0.000334116 2.43073e-05 0.000331056 -0.000154933 0.000498178 -0.00299618 0.000550347 -1.05849e-06 3.86809e-06 7.59048e-05 -0.00143525 -0.000379021 2.16842e-05 1.57271e-05 1.75022e-05 0.00141389 3.78852e-05 2.07855e-06 0.000910334 4.86291e-05 0.000712715 7.89683e-05 0.000117106 0.00226912 0.00114884 2.82262e-05 -9.83133e-05 0.000321406 0.000475542 0.000407695 -0.00323172 -1.03352e-05 -0.000353755 0.00217297 0.000153156 -3.68035e-06 0.000109772 0.000123621 9.35832e-05 -1.88941e-05 -0.00115917 0.000833774 0.000254109 0.000575535 0.000141825 0.000290062 -0.000525142 0.000564556 5.69613e-05 7.88857e-06 -7.56974e-06 -0.00239805 0.00117544 1.12167e-05 -8.35623e-06 -0.0024064 0.000105346 -0.000712893 0.000493327 0.000269294 4.37637e-05 7.8307e-05 1.18225e-05 -4.761e-05 0.000126796 0.000565992 
-6.62252e-05 -0.000109852 0.000457015 9.7544e-06 2.57747e-05 7.90313e-06 -0.000233054 -6.2378e-05 0.000813076 1.27216e-05 1.15398e-05 -6.84979e-05 0.000596435 0.00061031 0.000591087 2.18397e-05 0.00272029 -0.000197845 -0.00134883 -0.00126502 -0.000127253 -0.00104979 -4.17095e-05 -0.000410704 2.20711e-05 -0.0012491 8.77401e-05 -1.54226e-05 1.40215e-05 -7.10762e-06 -0.000510924 4.53526e-05 -1.41667e-06 -0.000585616 0.000300434 4.02506e-05 -3.53706e-05 -0.000107866 -9.22956e-06 -0.00142829 9.78688e-05 -2.10038e-06 -7.52464e-07 2.50814e-06 -0.000955313 0.000296943 9.17651e-06 1.07197e-05 7.87981e-05 -1.56145e-05 8.76954e-07 -2.30623e-06 -2.827e-06 -8.98094e-08 0.000457114 1.87993e-05 0.000160024 0.00101138 0.000383888 0.000157019 -0.000101018 -4.85016e-05 0.000176214 3.59386e-05 -0.00123651 0.000262535 -0.000223593 0.00101575 9.80598e-05 -2.67318e-06 3.35391e-05 0.000308139 5.66646e-05 -1.08252e-05 -0.000658608 0.000242794 2.84766e-06 0.000360491 4.82768e-05 -0.000132813 0.000373539 0.000480553 -8.58802e-05 -1.99873e-06 -1.4906e-06 -0.000461021 -0.000120323 -6.81621e-07 2.87476e-06 -0.00102335 0.000254997 -0.000329462 0.000160646 -2.25125e-05 5.68043e-06 3.67863e-06 5.97489e-07 0.00103135 7.4612e-05 0.000269271 
-0.00143822 -0.0292462 -0.00438005 0.000687218 -0.00025592 3.88812e-05 0.0160418 0.00617289 -0.0139859 -0.0274295 -7.85691e-05 -0.00180449 -0.00141605 0.0104954 -0.00291092 -0.000437884 -0.000197845 0.184771 0.0132353 -0.0290171 0.0104369 0.00555883 0.00929878 -0.0392827 -0.000100589 0.00894104 -0.000739554 -0.00026359 -0.00135769 -0.00025147 -0.0011976 0.00177455 5.52375e-05 -0.041278 -0.00846792 0.000174891 -0.00393194 0.0253059 -0.00216751 -0.0456378 -3.98552e-05 0.000592982 -0.000319812 -6.92779e-05 -0.00781211 0.0409417 -4.52233e-05 -0.000199989 -0.00413898 -0.00240135 -0.000263042 -6.89228e-05 -0.00049951 -3.72886e-05 -0.0136036 -0.000175289 0.00183578 -0.0158098 -0.0075364 -0.000146212 -0.0138954 -0.0073842 -0.000368461 -0.00115905 -0.0114109 -0.00136005 0.0124618 0.0252368 -0.000110605 -0.00076128 -0.000889478 0.00332954 -0.00259461 0.00180586 -0.0177637 -0.000663803 -0.000312344 -0.0106673 0.00360448 -0.0019669 -0.00981963 -0.00203772 -0.00799493 -0.000155214 -0.000354432 0.00966606 0.007303 7.36546e-05 -0.000285035 0.0157393 -0.000576525 -0.0352222 0.000704582 -0.00350337 1.23745e-05 -3.02201e-06 0.00108796 0.0314064 -0.000150266 -0.00693826 
-0.00162939 -0.0170827 -0.016256 -0.000255517 -0.000781374 -0.000259707 0.00911141 -0.0111877 -0.0585001 0.00505742 -0.000194272 -0.00787489 -0.0300149 -0.0337644 -0.00326725 -0.00318091 -0.00134883 0.0132353 0.0862729 0.0572202 -0.00636623 0.0375485 0.000445399 -0.00439791 -0.000257152 0.0688413 -0.00153083 0.000348251 0.00104957 -0.00185272 0.0160282 -0.000426108 -1.06834e-05 0.0173666 -0.0308013 -2.4338e-05 0.000611629 0.0023151 -0.000771319 0.0604619 -0.00124014 -0.00022136 -0.000226386 -0.000485388 0.0184216 0.011493 -0.000120813 -0.000697775 -0.0145124 -0.0138063 -0.000892515 -0.00013709 -0.00217848 -5.26718e-05 -0.0478235 -0.000458264 -0.000914453 -0.0642365 -0.0285477 -0.000590476 0.00437806 -0.000156642 -0.000701498 -0.004027 0.054853 -0.000202327 0.00585333 -0.0474317 -0.000684479 0.000234819 -0.00139291 0.000607214 -0.00039785 0.000353988 0.0227864 -0.00163585 9.10005e-05 -0.0375275 0.000101554 -0.00700164 -0.00813429 -0.00726502 -0.0211397 -0.000255637 -9.532e-05 0.0427461 -0.00373731 -0.000204917 0.0001472 0.0635561 -0.0029289 0.0052752 -0.0116957 -0.0035433 -0.000101592 -8.87541e-05 -0.000205461 -0.00835599 -0.000515037 -0.0282071 
-0.0124676 -0.0264813 -0.0139094 0.000206689 -0.000690257 1.18115e-05 0.0128218 -0.00797219 -0.103375 -0.00381163 -0.000175852 0.00287461 -0.0253891 -0.119581 0.000294576 -0.00244498 -0.00126502 -0.0290171 0.0572202 0.18386 0.00907935 0.0365687 0.00158883 0.00233555 -0.000116282 0.0800181 -0.00131591 0.00115138 0.00238341 -0.00119732 0.00763933 -0.00187567 -2.86134e-05 0.0666671 -0.0265207 -0.000289583 -0.00023535 0.00731444 0.00299746 0.143357 -0.00018769 1.20496e-05 -0.000277989 -0.000472825 0.00703979 -0.000582363 -8.32378e-05 -0.000579688 -0.0126866 -0.0122325 -0.00081646 0.000334886 -0.00177057 1.83763e-05 -0.0559141 -0.00143721 0.000475297 -0.0724699 -0.0267397 -0.000230293 -0.00320165 -0.00135387 0.000672556 -0.00293388 0.0222552 0.00171097 0.0105703 -0.0992753 -0.000677321 0.000847583 -0.00204106 0.000139646 -0.000381772 0.000160105 0.0493493 -0.000417393 -0.00158022 -0.0361254 0.000990123 0.00561726 -0.034809 -0.00605058 -0.0280537 -0.0002017 8.77755e-05 0.0396867 0.0059964 -0.000394934 0.000436553 0.0639126 -0.00165101 0.022018 -0.0111938 0.000922482 -0.000274558 -6.87051e-05 -0.00123653 -0.0307918 -0.000386991 -0.0239023 
-0.00179265 -0.0051896 -0.000545761 0.000244582 0.000301427 0.000209562 0.00686516 0.00309424 -0.00612451 -0.0186564 -1.31874e-05 0.0111046 0.00215769 -0.0165015 -0.000489314 -5.8256e-05 -0.000127253 0.0104369 -0.00636623 0.00907935 0.0456535 0.0021014 0.00378146 -0.0156889 8.33602e-06 -0.000268387 4.31867e-05 0.000972236 0.00073135 0.000347917 -0.00340532 -0.000241157 0.000119644 0.0188631 -0.00131083 -1.34888e-05 -0.000746785 0.0114083 0.000752978 0.00288666 0.000157054 0.000591461 -1.24629e-05 -1.5191e-05 -0.00489549 0.00753367 3.6252e-06 -5.4046e-05 -0.000810553 -0.000705883 6.60008e-05 7.6016e-05 -7.47077e-05 3.38257e-06 -0.00340091 -4.67174e-05 0.000988318 -0.00313617 -0.00171481 0.000146865 -0.00272973 -0.000577089 0.000119437 -9.01606e-05 -0.0207723 -0.000173198 0.0014744 -0.00755032 -3.23364e-05 8.74808e-05 -7.36632e-05 0.00184821 -0.000500609 0.000309506 0.0058973 -7.76435e-05 -0.000271965 -0.00225875 -0.00020878 0.00425668 -0.0266351 -0.000308694 -0.00177376 -1.66937e-05 -5.82571e-05 4.00544e-05 0.0113078 7.1416e-05 -7.58229e-05 0.00133089 0.000384667 -0.00524822 0.00196201 -0.000411475 -2.05766e-05 1.2679e-05 -1.58338e-05 -0.00636777 -1.59583e-05 -0.00116143 
0.000764653 -0.016291 -0.00206888 -0.000390804 -0.000224643 -4.10441e-05 0.0016173 -0.00375267 -0.0341216 0.00633305 -0.000171144 -0.00191727 -0.00362716 -0.0194707 -0.00130366 -0.00214262 -0.00104979 0.00555883 0.0375485 0.0365687 0.0021014 0.0501371 -0.000676064 0.00148983 -0.00018049 0.0377077 -0.00114521 0.000149565 -0.000749961 -0.00183603 0.0194758 -0.000381274 -0.000100254 0.014692 -0.0274709 -0.000101695 -0.000129517 0.000251392 0.000836949 0.0332484 -0.000998386 4.28301e-05 -3.217e-05 -0.000572467 0.0165268 0.00625028 -0.000114173 -0.000368319 -0.0150587 -0.0150479 -0.00029845 5.35555e-05 -0.00244282 -5.54671e-05 -0.0363617 -0.000426139 -0.000658546 -0.0358362 -0.0279559 -0.000219445 0.00268478 -0.000677792 -0.000414462 -0.00417746 0.0279401 5.09306e-05 0.000292032 -0.0208251 -0.000788484 0.000192292 -0.000960603 0.000381677 -0.000352048 -0.00030549 0.0102536 -0.0011143 -0.000629878 -0.0315757 -0.00131571 0.00244279 -0.00574828 -0.0048585 -0.0232185 -0.000205616 -0.000169779 0.0393059 -0.00221623 8.23901e-06 3.00177e-05 0.0384716 -0.000998326 0.00924556 0.0004889 -0.00418522 -0.000171769 -8.39809e-05 -0.000561315 -0.013874 -0.000427723 -0.0274957 
-0.000714673 -0.00176534 -0.000313765 0.000153582 -1.23992e-05 1.28474e-05 0.0112066 -0.000137237 -0.00258967 -0.0125975 -4.83083e-06 -2.99567e-05 -0.000637764 -0.00507264 -0.000311756 -7.04638e-05 -4.17095e-05 0.00929878 0.000445399 0.00158883 0.00378146 -0.000676064 0.0152123 -0.0110348 -9.54242e-06 0.000188749 -3.4221e-05 2.65897e-05 0.00095177 -3.64044e-05 -0.00985856 0.000329342 1.93062e-06 -0.00398903 -0.000513678 3.77339e-05 2.35422e-05 0.0118319 0.00102271 0.00330921 -6.54397e-06 0.000899709 -1.61757e-05 7.18453e-06 -0.00873666 -0.0026834 -2.4288e-07 -2.01818e-05 -0.00014786 -0.000235222 -1.71048e-05 -2.52297e-06 -4.19164e-05 -2.74115e-06 -0.00118618 -3.43402e-05 -0.000168906 -0.00150845 -0.000476394 -1.58331e-05 -0.000843215 -0.000403095 -4.19419e-05 -6.93101e-05 0.00184624 4.48804e-05 0.00999421 -0.00346013 9.40966e-05 7.03509e-05 8.07344e-05 -0.000402657 -0.000282811 0.000997408 0.0098466 -4.60862e-05 -6.80537e-05 -0.000734578 0.001292 -0.000770362 -0.0112892 -0.00012693 -0.000412631 1.92309e-05 -3.06654e-05 -0.0011333 -0.000150421 1.99254e-05 -1.80278e-05 -0.00017533 3.68551e-05 -0.0020651 0.000773047 0.000992161 -7.02898e-06 5.08518e-06 -2.40743e-06 0.00229227 -4.54153e-06 -0.000444812 
-0.00187339 0.00593561 0.00187088 -0.00153387 -0.000785036 -0.000125953 -0.0282004 -0.00590447 0.0159287 0.0323045 -5.81261e-06 -0.00316542 0.00294533 0.00617042 -0.00101897 -5.26319e-05 -0.000410704 -0.0392827 -0.00439791 0.00233555 -0.0156889 0.00148983 -0.0110348 0.102296 -7.15498e-05 -0.00995614 -0.000659086 -0.00012807 -0.00996614 -0.000789094 0.0120465 -0.00109821 -0.000337074 -0.00656869 0.00285872 -0.000179795 -0.00311157 -0.0273867 0.00205041 -0.0024977 -0.000617093 -0.000903138 -0.000314487 -0.000452491 0.00935736 -0.0294673 -1.03329e-05 -0.000194335 0.000690358 -0.000648888 0.000108519 -0.000375596 -0.000508725 -4.01749e-05 0.00758027 -0.00114995 -0.000498452 0.00997516 0.00219363 -8.10293e-05 -6.68147e-05 -0.00558436 0.000295509 -0.000765814 -0.00132526 0.000355452 -0.0157527 0.0113133 -5.05096e-05 0.000323809 -2.99685e-05 -0.00940627 0.000737195 -0.00229706 -0.0217223 -0.000557318 -0.000924844 0.00491126 -0.00138688 0.00411565 0.0352344 0.00050229 0.00246135 -5.54938e-06 2.65054e-06 0.00281501 -0.0109994 -0.000214828 -0.00085381 -0.00651393 -0.000682121 0.0161744 0.0006118 0.00179874 -0.000193553 -2.62295e-05 -0.000982479 -0.00926511 -0.000387463 0.00169699 
-3.22966e-05 -4.8542e-05 0.000135545 1.63864e-05 1.55591e-05 1.31503e-05 -7.20584e-05 1.50549e-05 0.000127512 -7.20213e-05 2.47757e-06 0.000159296 6.82863e-05 -5.5653e-05 0.000137643 4.51729e-05 2.20711e-05 -0.000100589 -0.000257152 -0.000116282 8.33602e-06 -0.00018049 -9.54242e-06 -7.15498e-05 0.000743243 -0.000227539 1.61432e-05 -1.31374e-07 5.40256e-05 1.75337e-05 -0.000150704 -3.63836e-06 1.23046e-05 -0.000151753 1.84835e-05 7.54721e-06 -5.77452e-06 -7.42007e-06 1.22414e-05 -0.000223707 1.65246e-05 -2.36319e-07 2.06647e-06 1.36959e-05 -0.000156757 2.63943e-05 8.93908e-06 -2.01999e-07 1.30571e-05 1.69003e-05 4.08901e-06 8.9035e-06 2.3723e-05 4.43106e-07 4.01463e-06 1.4983e-06 0.000135941 0.000116237 0.000101977 2.73686e-05 -3.93528e-05 4.53508e-06 3.56233e-07 1.09455e-05 -0.000392022 4.79111e-05 -5.62377e-05 0.000130982 1.16128e-05 -1.87461e-06 -1.96871e-06 0.00011094 0.000103389 -2.71509e-06 -0.000125165 9.17036e-05 5.87953e-06 4.35265e-06 -4.82347e-06 1.01438e-05 -6.0191e-05 8.71828e-05 1.61421e-06 1.21956e-06 -7.80785e-07 -0.000113131 6.47963e-05 2.2243e-07 2.11463e-06 -0.00019596 4.56936e-05 -9.47837e-05 3.66127e-05 -9.7195e-06 1.71958e-06 1.26994e-06 1.09169e-05 -2.05401e-05 3.40467e-05 7.33588e-05 
0.000281429 -0.0255704 -0.0159746 0.000178753 -0.000222725 -0.000135614 0.00670647 -0.00908572 -0.0825952 -0.0010737 -0.000210853 -0.0013505 -0.029106 -0.0558526 -0.00213368 -0.00261083 -0.0012491 0.00894104 0.0688413 0.0800181 -0.000268387 0.0377077 0.000188749 -0.00995614 -0.000227539 0.111147 -0.00102848 0.000155545 0.00189439 -0.00136902 0.0176905 -0.000253651 2.62168e-05 0.032633 -0.0305891 -0.000193162 0.00127421 0.00262689 -0.00289295 0.079606 -0.000652106 -0.000200857 5.30449e-05 -0.000515688 0.0198319 0.0221805 -0.000107593 -0.000716271 -0.01465 -0.0124983 -0.000963604 9.4165e-05 -0.00163122 -3.81952e-05 -0.0591208 -0.000390674 -0.00092068 -0.0798911 -0.0291917 -0.000513611 0.00659186 0.00106321 -0.000134539 -0.00368357 0.0413618 0.000370329 0.00115235 -0.0630934 -0.000770562 5.94176e-05 -0.00274434 0.00246701 0.00075276 1.28433e-05 0.0230571 -0.00141631 0.000546891 -0.0407547 0.000907006 0.000343705 -0.0116236 -0.0069812 -0.0270553 -0.000253047 -3.42705e-05 0.0415774 0.00130569 -0.000251417 0.000159886 0.0756456 -0.00201495 0.00610499 -0.0134856 -0.00574877 -7.34473e-06 -8.14361e-05 -0.00078654 -0.0109662 -0.000345061 -0.0273723 
-4.34303e-06 6.09973e-05 0.000439359 0.000303013 0.000584674 4.68195e-06 -0.000305268 6.62298e-05 0.000656062 -0.00111415 1.2556e-05 -2.72103e-06 0.000731245 -0.000441294 0.000174455 7.65477e-05 8.77401e-05 -0.000739554 -0.00153083 -0.00131591 4.31867e-05 -0.00114521 -3.4221e-05 -0.000659086 1.61432e-05 -0.00102848 0.00339899 8.15047e-06 0.000375862 9.18852e-05 -0.000966056 -2.14025e-05 -1.78972e-07 0.000504937 0.000164887 6.06172e-06 0.00111927 -0.000152896 -2.84337e-05 -0.00080652 0.000197013 2.05126e-05 0.000116833 -2.14962e-06 -0.000930034 0.000439304 1.77921e-05 1.49621e-05 7.02925e-05 0.000366809 2.48509e-05 -7.40878e-06 0.000264152 8.3309e-06 0.000402842 0.000245604 4.78131e-06 0.000778596 0.00066483 1.9173e-05 0.00123656 0.001592 5.36306e-05 1.46329e-05 -0.000898415 1.57257e-05 -0.000270656 2.3459e-05 4.2307e-05 -1.13152e-05 8.02842e-05 0.000253808 -2.72609e-05 -2.0273e-06 -0.000748158 7.69424e-05 0.000256465 0.000324699 9.5915e-05 0.000115593 -0.00106808 0.000305499 6.4952e-05 1.05032e-05 1.25304e-05 -0.00232766 -2.61667e-05 4.35857e-06 -6.8171e-06 -0.00130106 0.000684994 -0.000566721 3.81326e-05 2.77802e-05 4.58801e-05 6.57234e-06 -4.49829e-06 0.000189709 0.000269113 6.93293e-05 
-0.00023105 -0.000214794 -4.85145e-05 -3.90222e-06 1.40028e-05 5.72546e-06 -0.000299994 0.000157098 -0.00108014 -0.000904506 4.92474e-07 0.000275348 -0.000224354 -0.00229039 -7.76094e-05 3.56572e-05 -1.54226e-05 -0.00026359 0.000348251 0.00115138 0.000972236 0.000149565 2.65897e-05 -0.00012807 -1.31374e-07 0.000155545 8.15047e-06 0.00648875 0.000298511 1.77201e-05 -0.000285283 4.26019e-06 -9.2547e-07 0.00206424 -0.000202766 7.34344e-06 0.000321294 -0.00018185 0.000167839 0.00134469 9.4988e-06 2.39499e-06 3.56319e-05 4.97938e-06 -1.40302e-05 -0.000406177 2.63357e-06 -8.22767e-06 -0.000100846 -4.15011e-05 -6.26966e-06 -7.99137e-06 5.11136e-05 6.17051e-06 -0.000486343 1.89255e-05 -3.64376e-05 -0.000617423 -0.000150978 -4.99028e-06 0.000124736 0.000434556 -2.57737e-05 6.78237e-05 -0.000299242 5.18518e-05 -8.7213e-05 -0.000849414 1.24627e-06 -1.70165e-05 6.16022e-06 0.000165329 -5.45755e-06 -4.07971e-06 -0.000757711 1.23079e-05 5.55668e-05 -0.000304382 -5.80704e-05 -0.000163505 -0.00249653 -4.66501e-05 -0.000219671 -2.00628e-06 -6.9325e-06 -0.000429141 -2.73974e-05 -3.83038e-06 -8.33705e-06 0.000296602 1.24009e-05 -0.000226973 -5.91589e-05 -2.48496e-05 -9.9349e-07 2.51848e-06 -8.571e-07 -0.000753155 1.21733e-05 -0.00017646 
-0.000764884 0.000236748 -0.000287342 0.000297331 0.000554101 1.15937e-05 0.000464227 -0.000440263 -0.00283315 -0.00720642 -2.65688e-06 0.000851786 -0.000722604 -0.00575441 0.000244536 0.000166409 1.40215e-05 -0.00135769 0.00104957 0.00238341 0.00073135 -0.000749961 0.00095177 -0.00996614 5.40256e-05 0.00189439 0.000375862 0.000298511 0.0166545 0.000319171 -0.0063953 -0.000123828 5.9578e-05 0.00827402 -0.000589676 1.45264e-05 0.00330138 0.00410082 -5.24839e-05 0.00374507 0.000222744 1.138e-05 0.000110947 -1.03388e-05 -0.00183067 -0.00221013 7.91798e-06 -1.04806e-05 -0.000290015 -0.000179263 -1.43267e-05 -2.12139e-05 0.000170981 4.23845e-05 -0.00134885 6.16559e-05 -0.000218963 -0.00165565 -0.000509431 5.54505e-05 0.00100434 0.00489739 8.73257e-05 0.000208098 0.000385366 9.22254e-05 0.0010969 -0.00372299 6.69123e-05 4.53273e-05 0.00010109 0.00214938 -0.000269298 0.000620435 0.00499468 0.000624211 0.000502508 -0.000801098 1.46164e-05 -0.000966064 -0.0122233 3.2428e-05 -0.000766059 2.75739e-05 -1.63334e-05 -0.00185209 0.00104452 -1.13463e-05 0.000194448 0.00117077 0.000212279 0.00141103 -0.000252866 -0.000445159 4.76021e-05 1.20147e-05 7.1885e-06 -0.00158312 0.000192396 -0.000519403 
0.00011997 0.000606119 -4.11201e-05 4.25464e-05 4.40279e-05 7.4751e-06 -0.00028169 0.000592254 0.000830983 -0.00196031 8.70089e-06 0.000663121 4.42891e-06 -0.000609313 5.40282e-06 0.000383172 -7.10762e-06 -0.00025147 -0.00185272 -0.00119732 0.000347917 -0.00183603 -3.64044e-05 -0.000789094 1.75337e-05 -0.00136902 9.18852e-05 1.77201e-05 0.000319171 0.00287721 -0.00152071 7.55805e-05 4.1307e-05 -0.000127964 0.000913062 3.17053e-05 0.00061457 1.47572e-05 1.10388e-05 -0.00133084 0.000515108 1.48934e-05 1.59906e-05 2.82488e-05 -0.000579039 -6.87611e-05 9.30237e-06 2.84424e-06 0.000618914 0.00123792 2.56899e-05 -2.03044e-07 0.000994311 3.62619e-05 0.000932259 0.000134741 -3.9914e-05 0.000511226 0.00114591 -7.74874e-08 8.90734e-05 0.000599016 0.000273849 0.00100423 -0.00171287 -1.55873e-05 -0.00021402 -0.000497866 1.92476e-05 -1.03193e-05 5.3291e-05 -2.67079e-05 0.000233546 -9.66325e-06 -0.000675716 0.000262065 7.4246e-05 0.000676621 -1.29134e-05 -7.4468e-05 -0.000783628 3.93133e-05 0.000662658 -1.90491e-06 4.50917e-06 -0.00212732 0.00118548 1.64947e-06 -2.15513e-06 -0.00126926 4.9564e-05 -0.000444348 6.67583e-05 0.000384079 7.24588e-06 5.69036e-05 4.3807e-06 -0.000276122 2.70497e-05 0.00137395 
0.00317857 -0.0102293 -0.00149609 -0.00135247 -0.000337372 -9.06096e-06 -0.0221158 0.000355841 -0.00927903 0.0238531 -3.94409e-05 0.000372191 -0.000603144 0.0118117 -0.00204412 -0.00133909 -0.000510924 -0.0011976 0.0160282 0.00763933 -0.00340532 0.0194758 -0.00985856 0.0120465 -0.000150704 0.0176905 -0.000966056 -0.000285283 -0.0063953 -0.00152071 0.085385 -0.00264653 -0.000186892 0.00801966 -0.0165252 -0.000115189 -0.00508135 -0.0197593 -0.0171709 0.0029909 -0.0010307 -0.00074916 -0.000588713 -0.000368651 0.0493984 0.0186836 -0.000101124 0.000120328 -0.0121832 -0.00657851 -0.000418121 6.99398e-05 -0.00210408 -0.000102052 -0.0147318 -0.000163655 -0.000112291 -0.0109832 -0.0126124 -9.08945e-05 -0.00311002 -0.00426017 -0.00193086 -0.00293141 0.00286848 0.000181103 -0.0306013 0.00610581 -0.000944501 -0.00102466 -0.00193957 0.00035226 -0.000385313 -0.00262216 -0.0338567 -0.00141085 -0.0027771 -0.0104342 -0.00302651 0.00391078 0.0333432 -0.00479601 -0.0168686 7.70481e-05 -0.000231965 0.0211727 -0.000452657 3.58634e-05 -0.000397682 0.0172435 -0.000644869 0.010456 -0.00390367 -0.0221191 -0.000126827 -8.78285e-05 -0.000216887 -0.00954042 -0.000407857 -0.0142772 
0.000379715 -0.000285165 -8.17084e-05 6.20662e-05 -1.56726e-06 1.73829e-06 0.000723421 0.000203465 -0.000126092 -0.00171219 3.11477e-07 0.000118313 -2.61351e-06 -0.000604024 -5.95899e-05 0.000186978 4.53526e-05 0.00177455 -0.000426108 -0.00187567 -0.000241157 -0.000381274 0.000329342 -0.00109821 -3.63836e-06 -0.000253651 -2.14025e-05 4.26019e-06 -0.000123828 7.55805e-05 -0.00264653 0.00932484 2.51382e-06 -0.00188366 0.000102575 1.18777e-05 -9.64011e-05 0.000709835 -0.000101936 -0.00179775 8.92456e-05 -7.18764e-06 -1.14461e-05 9.25709e-06 -0.00125974 -0.00012162 1.87834e-05 4.21236e-06 -3.57359e-05 0.000261148 -3.48914e-06 2.97183e-06 0.000248528 6.35632e-06 -8.34407e-05 1.51811e-06 -6.65941e-05 -0.000731476 0.000351672 3.18656e-06 0.000163859 -4.77721e-05 0.000738826 -2.10108e-06 -0.00184838 4.48044e-06 0.00102759 0.00077112 -3.44892e-06 1.53509e-05 -8.32858e-06 -8.55963e-05 -5.82822e-05 1.01888e-05 -0.000127041 5.98139e-05 6.28675e-06 -6.17731e-05 0.000143098 0.000305467 -0.000103855 5.25392e-05 0.000782891 -6.97781e-06 2.88044e-05 -0.000313583 2.44835e-05 -5.54703e-06 -1.18542e-05 0.000137544 -4.53252e-05 -0.000875037 -0.000103033 0.00112101 2.96441e-05 2.38025e-05 8.30398e-05 -0.000810182 -2.85099e-06 8.23828e-05 
4.17463e-05 -1.82296e-05 -9.5983e-06 -3.08769e-07 6.86317e-06 3.14722e-07 -4.39497e-05 7.79511e-05 -3.70416e-05 -0.000335816 1.18549e-06 6.31206e-05 -2.66596e-05 -0.000121949 1.76e-05 1.002e-05 -1.41667e-06 5.52375e-05 -1.06834e-05 -2.86134e-05 0.000119644 -0.000100254 1.93062e-06 -0.000337074 1.23046e-05 2.62168e-05 -1.78972e-07 -9.2547e-07 5.9578e-05 4.1307e-05 -0.000186892 2.51382e-06 0.000652134 -2.3101e-05 -6.55978e-06 3.18806e-06 5.40472e-06 0.000146349 -8.86679e-06 3.85729e-06 -7.21902e-07 3.57493e-07 -4.96689e-07 1.50198e-06 -2.57948e-05 -5.50797e-05 1.31215e-06 1.0962e-06 3.35725e-05 7.99169e-05 -6.85314e-07 4.55079e-06 3.43364e-05 -1.17178e-07 -2.43344e-05 1.42163e-05 -5.08507e-06 -5.42456e-05 -1.02593e-05 -5.67973e-07 -2.76374e-05 -5.12371e-06 -3.00841e-06 2.6568e-05 -3.83149e-05 -3.55722e-07 -3.58464e-05 -0.000132967 6.76061e-08 -1.05943e-06 2.21492e-07 1.29094e-05 5.26116e-05 2.76887e-06 5.07537e-05 1.12757e-05 6.00679e-06 -1.8384e-05 1.88062e-06 -2.81969e-05 -0.000165261 -2.61178e-06 -1.93941e-05 -5.12065e-07 -8.71627e-07 -0.000103195 0.000344753 -6.66058e-07 1.8868e-05 2.0222e-05 4.97206e-06 -6.60924e-05 -1.18829e-05 -1.97904e-05 9.91271e-07 -7.60841e-08 2.24142e-05 2.63285e-05 2.00744e-06 3.18056e-05 
