0.0075074 -0.00011288 -8.84573e-05 0.00085662 -7.62321e-05 -0.000974416 0.000152046 -0.000414828 -0.000715776 0.000668769 -0.000339282 -4.787e-05 0.00124469 0.000158031 -0.000658261 0.000279651 -0.000538743 -8.34054e-05 0.000104656 -0.00239262 -0.000422228 -4.45725e-05 0.000441406 -0.00119304 -0.000330947 0.000635325 -0.000141968 0.000180405 -0.00130071 -0.000517771 -5.95651e-05 0.00064668 -0.00030611 -0.00135642 -0.000741504 0.00147562 -7.74248e-05 -8.66409e-05 1.01106e-05 -7.50086e-06 -2.60028e-05 -0.00109704 0.00220748 -0.000316216 -3.05482e-06 -1.32343e-05 -0.000326645 0.00076672 -9.33953e-06 -0.000449015 -5.02689e-05 -2.46845e-05 -0.000349553 -0.000234563 -0.000374318 -0.000603525 -8.10369e-05 -0.00028228 0.000811974 8.12806e-06 -0.000201663 -0.000186695 -0.000358489 0.000210361 -9.7656e-05 -5.87285e-06 -0.000206056 -2.69562e-06 -0.000146656 -3.86872e-05 2.6938e-05 -1.61987e-06 -0.000147634 -2.15675e-06 -0.000375587 0.000344857 5.69431e-05 -3.2355e-05 -1.79477e-05 -8.59342e-08 -3.50507e-05 0.00030024 -0.000266668 -0.000127765 0.000292611 -5.85132e-06 2.05782e-05 0.000489777 0.0006312 -0.000402519 8.88453e-07 3.76715e-06 -5.20924e-05 0.000112629 -0.000353095 8.29594e-05 -7.48853e-05 0.000914514 -0.00121676 -1.74905e-05 
-0.00011288 0.0152018 0.000660647 0.000154086 4.98398e-05 0.00312639 0.000173952 0.00926061 0.00843431 -0.0110354 0.00108292 0.00251546 -0.00376929 -0.00125449 0.000413973 -0.000370897 0.00795134 -0.000250285 -0.000174095 0.00103062 0.000567332 0.000484905 -0.00020699 0.0108439 -0.00194668 -0.0110471 0.000378417 -0.00137435 -0.00342623 0.0110227 -0.000387256 -0.00881981 -0.0015052 -0.00751309 -0.00154769 -0.00832117 0.000906596 7.07602e-05 4.2956e-05 2.98033e-05 -7.58836e-05 0.0107369 0.000350723 0.00035445 0.000135512 0.000121957 0.00194699 -0.00345394 -1.23183e-05 0.00404894 -8.49726e-05 9.48221e-05 0.00532685 -0.00644436 0.000417765 -0.000558817 0.00131278 0.00511311 -0.00643321 -0.00320652 -0.00106874 -0.000462103 0.00380419 -0.00788771 -0.00106367 0.000350961 0.00495413 5.94772e-05 0.00185774 -6.21404e-05 0.00149526 -0.000760619 0.000133351 3.78702e-06 -0.00123525 -1.89146e-06 5.71275e-05 0.00227737 0.00260995 -1.58734e-07 0.000130182 -0.000141776 0.00988929 -0.000431214 0.000289505 0.000239264 -0.000620333 -0.0115384 -0.0100119 -0.000645344 -1.0198e-05 1.45488e-05 0.000903014 4.11724e-05 0.000979949 0.00369931 -8.63918e-05 -0.00981241 -0.00954137 0.000560797 
-8.84573e-05 0.000660647 0.062405 -0.00408647 -0.000537359 0.00415977 0.000539337 0.0137493 0.0109228 -0.0466042 -0.000119193 -0.0040579 0.024853 0.0379767 0.0275961 0.0138579 0.0131848 -0.000709738 0.00302984 -0.0241044 -0.00428019 0.00429965 0.00254501 0.00607784 -0.0540974 -0.0464106 -0.00121002 0.0312438 -0.0150899 0.0138798 -0.00246611 -0.0474427 0.0349042 -0.0344452 0.0244728 -0.0353913 0.00485637 -0.000782944 0.00025779 -0.000104284 -0.000682852 0.00197359 0.0160418 -0.00351037 0.000654023 -6.65138e-05 -0.0014654 -0.013108 0.000160934 0.00690386 -0.000454257 -0.000121815 0.0162958 -0.0311182 -0.00496631 0.00123586 0.00684954 0.0134296 -0.0411065 -0.0133143 0.0245611 0.0138849 -0.00287406 -0.0388949 0.0370895 8.84281e-05 0.0108144 7.06453e-05 -0.00109101 0.00237537 0.000362297 0.0252944 0.0178448 -6.59758e-06 0.0338059 -0.000138219 0.000424965 0.00157008 -0.000355285 1.65027e-06 -0.000843926 -0.000890567 0.000455976 0.0252132 0.000974161 -0.000476375 0.0304584 -0.029337 -0.0462088 -0.00590003 0.000603764 -3.81285e-05 0.000604903 0.00442522 0.00474526 -0.00178944 0.00734492 -0.0395701 -0.0412646 -0.000410049 
0.00085662 0.000154086 -0.00408647 0.0585865 0.000138355 -0.0123712 -0.000337634 -0.0044899 -0.00461679 -0.0172831 0.00849374 0.0282613 0.0106375 -0.00576926 -0.00562309 -0.0010689 -0.00477969 -0.000257608 0.00102088 -0.0364171 0.00638964 0.000895959 -0.000805056 0.0224219 0.0033648 -0.0187049 0.000731954 -0.00268042 -0.00930912 -0.00438921 -0.00124924 -0.00874158 -0.00135076 0.019085 0.0315221 -0.0292112 -0.000693758 0.00345963 -0.000487357 -0.000122515 0.00120427 0.0235192 0.0165851 8.2651e-05 -6.86385e-05 3.35159e-07 -4.00854e-05 -0.0180005 0.000157876 -0.00286667 -0.000279065 -0.000252456 -0.00311783 -0.0221379 0.0220506 0.021175 -0.000675205 -0.00395755 -0.00777024 -0.0124242 -0.00296873 -0.00224444 0.0242596 -0.0195951 -0.00587535 -3.56501e-06 -0.00255692 -1.96701e-05 0.00163037 -0.000102663 -0.000381319 0.0238462 -0.00153125 -1.55489e-05 -0.00553849 -0.000451363 -7.94688e-05 -0.00107745 5.60603e-05 -7.09906e-07 -0.000745209 -0.000789764 0.0044589 -0.00215831 -0.000345859 0.020442 -0.00359024 -0.018096 -0.0173834 -0.00429256 -4.97396e-05 0.000488963 8.68196e-05 -0.000363979 -0.00145244 0.0125121 -0.000594983 -0.0157104 -0.013703 -0.000421857 
-7.62321e-05 4.98398e-05 -0.000537359 0.000138355 0.011911 -0.00029373 -2.45487e-05 0.0015042 -0.00076269 -0.0014107 -5.66427e-05 -7.94142e-05 0.000907606 -0.00108773 0.00172899 -0.000314587 0.00065998 -0.000168395 -0.000200045 -2.46429e-05 -0.00097823 -0.000222367 9.01325e-05 0.00144482 0.00086838 -0.00202228 0.00171016 -0.00105277 -0.000761751 0.000326629 0.00237024 0.00261462 0.000848724 -0.00083454 -7.08599e-05 -0.00417322 0.000118465 -0.000115443 -8.6115e-05 -1.45218e-05 -0.00011913 0.00113833 -0.000886212 -0.000287288 2.20764e-06 5.53788e-05 -0.000515164 -0.00229416 2.04163e-05 -0.00051889 -3.21826e-05 4.75722e-05 -0.000416347 -0.00433627 -0.000512847 -0.000812277 6.24957e-06 -0.000298473 0.000424993 -0.00155837 7.74401e-05 0.000994612 -0.000511395 0.000829966 0.000634844 4.06534e-05 0.000747178 -3.88178e-06 -0.000152043 -1.49196e-05 0.000172758 -0.000850796 -0.000294129 -3.25932e-07 2.52636e-05 -2.47359e-05 0.00051461 -3.316e-05 -5.35199e-05 9.43039e-07 0.00147488 -0.000112137 0.00190427 -0.000371066 -7.64677e-05 -0.000527738 -0.000522454 -0.00409596 -0.00229566 -0.00104646 -1.10127e-05 -7.49176e-06 -1.18236e-05 5.42899e-05 0.00176488 0.000573244 -0.000102487 -0.00125628 0.000168737 0.00136646 
-0.000974416 0.00312639 0.00415977 -0.0123712 -0.00029373 0.180641 -0.00258396 0.0421015 0.0325088 -0.00392359 -0.000318901 -0.014304 -0.0513508 -0.0229858 -0.0251834 -0.00656305 0.0445855 -0.00228869 -0.00328539 0.0474061 -0.00794188 -0.00527728 -0.00364227 0.0120495 -0.0030793 0.00156336 -0.00507466 -0.0222165 -0.0234498 0.0409834 -0.000645658 0.00274714 -0.0300879 -0.0157716 -0.0230353 -0.0347564 0.00744847 -0.00218379 0.000749156 -0.000484334 -0.00219907 0.0110842 -0.0459638 -0.00508777 0.000722491 -0.000121128 -0.00142302 0.0820851 -0.000397434 0.0158619 -0.000598935 -0.000818098 0.0257068 -0.0762268 -0.0154856 -0.0198113 0.00593407 0.0210583 0.0229392 -0.0327925 -0.0214924 -0.00796493 -0.0108587 0.0232023 -0.0303094 0.000737944 0.0184248 0.000236966 -0.00397628 -0.00149601 -0.000372151 -0.0232761 0.000783157 -4.74701e-05 -0.0235904 -0.00199253 -0.000612589 0.00871785 0.000241123 2.43179e-06 -0.00207043 -0.00162108 0.0193485 -0.00892441 -0.000650429 -0.00969759 -0.0139118 -0.0118267 0.0077909 0.0503425 3.60748e-05 2.88109e-05 0.00327361 0.00336916 -0.0115212 0.00542692 -0.0028211 -0.0418054 0.00540188 0.0030114 
0.000152046 0.000173952 0.000539337 -0.000337634 -2.45487e-05 -0.00258396 0.0121146 -0.000705732 -7.9332e-05 -0.00457042 0.00069256 3.2755e-05 0.00304809 0.00489437 0.00517377 2.00126e-05 -0.000773115 -4.29061e-05 0.00472862 -0.0062406 0.000869609 -0.000133334 0.0013047 0.000761683 -0.00274558 -0.00497135 0.000582983 -9.8603e-05 0.000124169 -3.50165e-05 -0.000492871 -0.00593465 0.0054038 -0.00288345 0.00403198 -0.00409556 -3.3704e-05 -0.000103142 0.00285538 0.000257878 0.000377189 1.60409e-05 0.00023156 0.0007766 -1.22829e-05 0.000174796 0.000287217 -0.00329847 0.000103118 0.000203463 0.000198366 0.00049214 5.67758e-05 -0.0026999 0.000243944 0.000508112 -9.21119e-05 -0.000154391 -0.00698586 -0.000902111 0.000161913 0.00280006 -0.000528551 -0.00637409 0.00491702 8.11277e-05 -0.000281729 -3.20668e-06 0.00051355 0.00110736 -8.16741e-05 0.00116779 0.00386384 1.86736e-06 0.00257329 -8.22261e-05 0.000328645 -0.000172348 0.000318924 -1.39331e-07 0.000704216 -0.000179309 -0.000651979 0.00431009 0.000199358 -0.000177014 0.000778301 -0.00527296 -0.00456979 -0.000973808 3.36438e-05 -1.74928e-07 -6.43627e-05 -3.17808e-05 0.00170739 -0.000262311 0.00263729 -0.00452647 -0.00428627 -8.64753e-05 
-0.000414828 0.00926061 0.0137493 -0.0044899 0.0015042 0.0421015 -0.000705732 0.0675065 0.0538791 -0.049116 0.00416228 -0.00304946 -0.0215108 -0.00697888 -0.00697977 -0.00144787 0.0579118 -0.00043788 -0.00135189 0.0223029 0.000976233 -0.00152796 -0.00110386 0.0493403 -0.0191018 -0.0484673 -0.00155232 -0.00678867 -0.0164302 0.0606518 -0.00092802 -0.0437857 -0.0117795 -0.0408623 -0.0231336 -0.0380639 0.00914765 -0.000678922 -0.000911052 -0.000118744 -0.000432811 0.0422002 -0.0101002 -0.000422307 0.00096112 0.000127958 0.00617876 -0.00807659 -5.37952e-05 0.0252007 -0.000577817 0.000144167 0.0359131 -0.0324219 -0.00295307 -0.00531949 0.00900729 0.0386518 -0.0123959 -0.0153207 -0.00668749 -0.00206208 0.00288682 -0.00929528 -0.00933399 0.00147251 0.0264829 0.000322108 0.00130463 -0.000442703 0.00390991 -0.00676694 0.00539621 -4.99724e-06 -0.00729344 -0.000687821 0.000556063 0.0138108 0.00146079 5.29957e-06 -0.000599971 -0.000970644 0.0348087 -0.00246529 4.59393e-05 -0.00325587 -0.00408863 -0.0523719 -0.041306 -0.00434388 2.14071e-05 8.93961e-05 0.00527988 0.00428833 -0.00365551 0.0233052 -0.00100109 -0.0448632 -0.0408369 0.0057986 
-0.000715776 0.00843431 0.0109228 -0.00461679 -0.00076269 0.0325088 -7.9332e-05 0.0538791 0.0889637 -0.0504235 0.00421312 -0.00257286 -0.0279636 -0.00950269 -0.0110317 -0.00133425 0.0551676 0.00192363 -0.00178733 0.000892779 0.0324624 -0.00199698 -0.00158406 0.0762143 -0.0154178 -0.0439188 -0.00215104 -0.00917439 -0.0224746 0.0553905 -0.00355519 -0.0667402 -0.0156931 -0.0275642 -0.00743855 -0.0530507 0.00861158 0.00175604 -0.00126618 -0.000198526 0.00708558 0.057695 -0.0158988 0.027481 0.000918973 0.000686167 0.0342314 -0.018923 8.90461e-06 0.0537673 -0.000793923 0.000541643 0.0357587 -0.0445496 0.0269457 0.004961 0.00772597 0.0425278 -0.0400726 -0.0204718 -0.00905137 -0.00326539 0.00410638 -0.0152816 -0.012624 0.00133075 0.024933 0.000292285 0.00124112 -0.000615877 0.00256517 -0.00774379 0.00464302 -9.30986e-06 -0.00981093 -0.000927566 0.000541511 0.0131565 7.33338e-05 4.44202e-06 -0.000263843 -0.00144428 0.0287098 -0.00348262 0.000365641 -0.00380148 -0.00546746 -0.0730205 -0.0335937 -0.00719468 -1.66317e-05 5.27588e-05 0.00474307 0.0040978 -0.00513881 0.0183941 -0.00135255 -0.0621924 -0.0639956 0.00309245 
0.000668769 -0.0110354 -0.0466042 -0.0172831 -0.0014107 -0.00392359 -0.00457042 -0.049116 -0.0504235 0.198539 -0.0291882 -0.0426956 -0.0251762 -0.0706197 -0.0733496 -0.021628 -0.0464728 0.00169556 -0.0149744 0.0993917 -0.0209216 -0.015773 -0.0107251 -0.0919773 0.0759966 0.171228 -0.00452945 -0.067921 0.044417 -0.052662 0.00319481 0.154433 -0.0920793 0.0501667 -0.0903519 0.144442 -0.00804923 -0.00322122 -0.00449032 -0.00139315 -0.0042741 -0.105062 -0.0794205 -0.00962733 -0.000771003 -0.000365969 -0.0180793 0.0564809 -0.00073618 -0.0258521 0.00150544 -0.00290599 -0.0350546 0.119059 -0.0284856 -0.058043 -0.00797547 -0.0499512 0.131912 0.0541306 -0.0608042 -0.0242716 -0.0442395 0.13392 -0.0797704 -0.00200201 -0.0223087 -0.000292256 -0.0148841 -0.0038442 -0.00467594 -0.0722504 -0.0202303 -6.25168e-05 -0.0533291 -8.51274e-05 -0.00260325 -0.0097856 -0.00243255 -6.54701e-06 0.000716264 0.00303126 -0.0344521 -0.0288238 -0.00461994 -0.0340455 -0.0417908 0.132307 0.163876 0.0109269 -0.000487798 -0.000859682 -0.00507024 -0.00401341 -0.0312607 -0.0325218 -0.00796072 0.157179 0.138976 -0.00523879 
-0.000339282 0.00108292 -0.000119193 0.00849374 -5.66427e-05 -0.000318901 0.00069256 0.00416228 0.00421312 -0.0291882 0.0454174 0.0216711 -0.00921314 0.000146573 0.016544 -0.000963952 0.00606078 -0.000322307 0.00550865 -0.0186712 0.0155941 0.00181838 -0.000123871 0.0279935 0.000195039 -0.0277768 0.00358354 -0.00254362 -0.00920535 0.00419304 -0.000649962 -0.0259064 0.0095013 0.000599944 0.0149581 -0.0236299 0.000628567 0.0008997 -0.000640291 -9.85249e-05 -0.000313726 0.0327265 0.0196949 -0.000484559 -7.6514e-06 4.06686e-05 0.0038413 -0.0127132 0.000249831 0.000792401 -0.000299958 0.00265295 0.00661664 -0.0208091 0.0133362 0.0190629 0.000934386 0.000332464 -0.0247604 -0.0097725 0.000428137 -0.00107025 0.0214847 -0.0225738 -0.001781 0.000110499 0.00178779 -1.65981e-05 0.00815067 -0.000112782 -0.000167537 0.00891877 -0.000268836 1.16798e-05 -0.00186756 0.000260218 6.35698e-05 -0.000439803 -0.000195148 1.78489e-06 0.000126485 -0.000469429 -0.000456874 -0.000925787 -0.000189275 0.00546054 -0.000937226 -0.0286882 -0.0290195 -0.00391743 -4.17791e-05 0.000638013 0.00106621 0.000203231 0.0143192 0.00542859 -0.0006271 -0.0245542 -0.0254673 1.65181e-05 
-4.787e-05 0.00251546 -0.0040579 0.0282613 -7.94142e-05 -0.014304 3.2755e-05 -0.00304946 -0.00257286 -0.0426956 0.0216711 0.0605606 -0.00647667 -0.00260577 0.0126217 -0.000986239 -0.00412685 0.000132565 0.00178964 -0.0399856 0.0164166 0.00576538 -0.000306613 0.0470569 0.00233105 -0.0443579 0.00470657 0.00178133 -0.0141256 -0.00146992 -0.00302272 -0.0346966 0.011725 0.0126999 0.0383599 -0.0349202 -9.22532e-05 0.00261142 -0.000814067 -5.717e-05 0.00205823 0.0450378 0.0375601 -0.000224865 -7.00334e-05 -2.75026e-05 0.0036646 -0.0186302 0.000804199 -0.00194574 -0.000498428 0.00183417 -0.00301099 -0.0302366 0.028557 0.0389516 -0.00055831 -0.00126536 -0.0264785 -0.0135498 0.000646263 -0.00229836 0.0466861 -0.04298 -0.00219325 0.000954498 -0.00320634 -2.07799e-05 0.0134574 0.000142068 2.40216e-05 0.0333577 -0.000931518 -1.44664e-05 -0.00421801 0.000552418 -8.8694e-05 -0.00105816 0.00133043 -7.35601e-07 -0.000779496 -0.000827151 0.00297971 -0.000923136 -5.04036e-05 0.0273889 -0.00332944 -0.0454076 -0.0456511 -0.00240314 -6.12488e-05 0.000363242 0.00058655 -0.000358176 0.0134194 0.0179127 -0.000888569 -0.0408825 -0.0389939 -0.000394477 
0.00124469 -0.00376929 0.024853 0.0106375 0.000907606 -0.0513508 0.00304809 -0.0215108 -0.0279636 -0.0251762 -0.00921314 -0.00647667 0.208349 0.0487513 0.0494777 0.0165553 -0.0217927 0.000897599 0.00319547 -0.0958895 -0.0157386 0.00892273 0.00210111 -0.0279569 -0.0435954 -0.0393815 0.00897045 0.0478433 -0.0316246 -0.0207278 -0.00225159 -0.0132085 0.0694781 -0.0229684 0.0833497 -0.0454982 -0.0032217 0.00365589 0.00696941 0.000887448 -0.00139761 -0.0249191 0.0321317 0.00169753 -0.000281465 -0.000115911 -0.0109535 -0.0354271 6.6755e-05 -0.0175258 -0.000317338 -0.000818985 -0.00933689 -0.0254506 -0.0141615 0.00330381 -0.00259572 -0.00855495 -0.0471268 -0.032616 0.0499073 0.0174552 -0.0123692 -0.0413531 0.0697529 -0.000652874 -0.0096071 -0.00011072 -0.000776728 0.00285809 -0.00125058 0.0271648 0.00938756 -7.59335e-06 0.0594694 0.00141744 0.000768759 -0.00475891 -0.0013003 -1.45491e-06 0.000414099 -0.00276476 -0.0151075 0.0241577 0.00135577 0.0016262 0.0312477 0.000656642 -0.0416936 -0.0170904 0.00039175 2.55142e-05 -0.00207049 -0.0015053 0.0140116 -0.0134554 0.00940326 -0.012815 -0.0172119 -0.00194839 
0.000158031 -0.00125449 0.0379767 -0.00576926 -0.00108773 -0.0229858 0.00489437 -0.00697888 -0.00950269 -0.0706197 0.000146573 -0.00260577 0.0487513 0.0882935 0.0593625 0.0208214 -0.00744161 -0.0012228 0.0137033 -0.0644495 -0.0075054 0.0116753 0.0127332 -0.00571837 -0.0580281 -0.0711075 -0.00059713 0.0706352 -0.015623 -0.00653917 -0.00474639 -0.0696422 0.07985 -0.0354077 0.0602287 -0.0527885 -0.000951053 -0.00104287 0.00269811 0.00150086 -0.000378494 -0.00348934 0.0526276 -0.00556394 -3.9402e-05 -9.74704e-05 -0.00227023 -0.026552 0.000259423 -0.00563363 -0.000665073 -0.000116826 0.00203383 -0.0434556 -0.00729574 0.0214173 -0.000220819 0.00879172 -0.0720406 -0.0181302 0.0603704 0.0278306 -0.00243332 -0.0690128 0.0808968 -0.00032016 -0.00324523 -2.7362e-05 -0.0014037 0.00378544 0.000698921 0.0432161 0.0147098 6.93335e-05 0.0639446 0.000540708 0.000635271 -0.00164305 -0.000511486 6.34834e-07 -0.000216461 -0.00133952 -0.00705783 0.0328648 0.00395608 0.00871591 0.049531 -0.0286799 -0.0730176 -0.00861195 0.000493995 5.30343e-05 -0.000681374 0.000267119 0.0209372 -0.00393048 0.0096225 -0.0539442 -0.0554001 -0.000657364 
-0.000658261 0.000413973 0.0275961 -0.00562309 0.00172899 -0.0251834 0.00517377 -0.00697977 -0.0110317 -0.0733496 0.016544 0.0126217 0.0494777 0.0593625 0.109715 0.00960323 -0.00823307 0.00129363 0.0146504 -0.0807752 -0.00103649 0.00539509 0.0115995 0.0137258 -0.0384867 -0.0861236 0.0150228 0.0492685 -0.0225839 -0.00487504 -0.00434686 -0.0605562 0.0907038 -0.0339837 0.0790574 -0.0673795 -0.000345206 0.00111665 0.00384741 0.00107099 -0.00127507 0.0188912 0.0693326 0.000897027 -0.000112864 -1.85528e-05 0.000330041 -0.0310887 0.000503557 -0.00710722 -0.000570052 0.00214312 0.00200411 -0.0571558 -0.00173957 0.0196991 0.000880015 -0.000950992 -0.0771433 -0.0251353 0.0487882 0.0267289 0.0128954 -0.0707227 0.0765745 3.23549e-05 -0.00152834 -3.95588e-05 0.00946572 0.00436983 -0.000711578 0.0270351 0.0170526 4.31704e-05 0.0554275 0.00201231 0.00177197 -0.00197497 -0.000236139 6.64849e-07 0.00164906 -0.0012972 -0.00808236 0.028137 -6.52783e-05 -0.000387306 0.0401536 -0.0443023 -0.0875514 -0.00824323 0.000300387 0.000144732 -0.000594173 -0.000473994 0.0442507 -0.00447078 0.0102948 -0.0674976 -0.0679473 -0.000823267 
0.000279651 -0.000370897 0.0138579 -0.0010689 -0.000314587 -0.00656305 2.00126e-05 -0.00144787 -0.00133425 -0.021628 -0.000963952 -0.000986239 0.0165553 0.0208214 0.00960323 0.0308404 -0.00158913 -0.00037129 0.000260534 -0.0201435 -0.00145496 0.00602386 0.00328208 -0.00258572 -0.0217206 -0.0213021 -0.000518109 0.0245743 -0.00604722 -0.00140821 -0.00125366 -0.0202215 0.0228214 -0.00949513 0.0176672 -0.0165828 0.000461305 -0.000510906 -0.000284439 0.000100145 -0.000113065 -0.000673433 0.0131183 0.000699778 4.32796e-06 -1.96498e-05 -0.000433612 -0.00839001 -2.26384e-05 -3.92975e-05 0.000139341 0.000194405 0.000205231 -0.0141093 -0.000361955 0.00267037 0.000101676 0.00972214 -0.0222987 -0.00566125 0.0195447 0.00570181 -0.00169173 -0.0234839 0.023458 -1.28417e-05 -0.000394336 2.96657e-05 -0.000627639 5.52291e-05 0.000926051 0.0197977 0.00194009 2.91703e-05 0.0162561 -0.000243976 -1.55286e-05 -0.000354238 -0.000101157 4.63146e-06 -0.000334257 -0.000465173 -0.00224157 0.00389345 0.00412863 0.00646132 0.0148665 -0.00973046 -0.0212996 -0.00287581 0.000240993 5.07205e-05 -0.000213648 0.000496123 -0.00104076 -0.00112215 0.000902657 -0.0181286 -0.0159259 -0.000214486 
-0.000538743 0.00795134 0.0131848 -0.00477969 0.00065998 0.0445855 -0.000773115 0.0579118 0.0551676 -0.0464728 0.00606078 -0.00412685 -0.0217927 -0.00744161 -0.00823307 -0.00158913 0.0728473 -0.000769194 -0.00136216 0.0235955 0.00114258 -0.00142854 -0.00116384 0.0488005 -0.019758 -0.0466532 -0.00184996 -0.007202 -0.0170483 0.0599612 -0.000568239 -0.0432662 -0.0127705 -0.0454316 -0.0249558 -0.0381336 0.00870799 0.000774332 -0.00103544 -0.000158092 -0.000669318 0.0404012 -0.0125486 -0.000382802 0.000931872 0.000217554 0.0071934 -0.00818194 -0.000111039 0.0251676 -0.00061805 -0.00017455 0.0371678 -0.0319611 -0.00246232 -0.00560207 0.0087843 0.0402589 -0.0119081 -0.0161981 -0.00722292 -0.00278373 0.00272051 -0.0055461 -0.0102285 0.00110048 0.0256005 0.000328518 -0.00063168 -0.000499776 0.00399478 -0.00694106 0.00512142 -6.02937e-06 -0.00793188 -0.000713856 -0.000260138 0.0135861 -0.000147752 1.8747e-06 2.26978e-05 -0.00111153 0.0323178 -0.00273255 0.000531166 -0.00329378 -0.00430479 -0.049767 -0.0404768 -0.00446214 2.73308e-05 9.54153e-05 0.00528518 0.0043953 -0.0042902 0.02332 -0.00109979 -0.0412472 -0.0401151 0.00601195 
-8.34054e-05 -0.000250285 -0.000709738 -0.000257608 -0.000168395 -0.00228869 -4.29061e-05 -0.00043788 0.00192363 0.00169556 -0.000322307 0.000132565 0.000897599 -0.0012228 0.00129363 -0.00037129 -0.000769194 0.0164342 -0.000237508 -0.00384154 0.0022309 -0.000336643 -0.000146619 0.00384608 0.000855486 -0.00133441 0.00257653 -0.00133915 0.0012127 -0.000732775 -0.00055703 -0.000619925 -0.000654441 -0.000162421 0.00263857 -0.00293487 -0.000152148 -9.47234e-05 -0.00012415 -1.45345e-06 0.000506877 0.000329269 -0.000229013 0.00281858 2.38469e-06 -1.9972e-05 0.00250089 -0.00379954 1.43251e-05 0.00206601 0.000125494 -8.44107e-05 0.000340872 -0.00332572 0.00215198 0.00262944 -0.000146618 -0.000939895 -0.00194544 -0.00318706 -0.000724757 -0.000374868 0.000821674 0.00158247 -0.000591491 -3.59957e-05 -0.000595532 -5.1679e-06 -0.000309692 0.000470348 -9.05425e-05 -0.00143315 -0.000208042 5.05394e-06 -0.000882391 2.69418e-08 1.66616e-05 -0.000278331 -5.00292e-05 -1.46533e-07 -0.000158232 3.54477e-05 -0.00117384 -0.000481628 -9.50212e-05 -0.000492214 -0.000718551 -0.00400633 -0.000542106 -0.00122088 -1.49492e-05 -1.65413e-05 8.13503e-05 5.17226e-05 0.000771809 0.000934685 -9.37612e-05 -0.00285709 -0.00262382 -4.77741e-05 
0.000104656 -0.000174095 0.00302984 0.00102088 -0.000200045 -0.00328539 0.00472862 -0.00135189 -0.00178733 -0.0149744 0.00550865 0.00178964 0.00319547 0.0137033 0.0146504 0.000260534 -0.00136216 -0.000237508 0.0212348 -0.0135179 0.00156961 -0.0002011 0.0040489 0.00144115 -0.00747987 -0.0142893 6.53655e-05 0.00394831 -0.00265973 -0.0012815 -0.000889196 -0.0133798 0.0143489 -0.00679716 0.0110193 -0.0116365 -0.000166093 -9.20677e-05 0.00252144 3.47944e-05 -0.000219703 0.00318016 0.0105469 -0.000895636 -1.40172e-05 -8.34501e-06 -0.000151305 -0.00616787 0.00025552 -0.00117609 -0.000169665 0.000701749 -0.000381102 -0.0100669 0.000255558 0.00207941 -0.000148501 -0.000663581 -0.014595 -0.004439 0.00496397 0.00636008 0.00209565 -0.0129685 0.0124846 -2.21871e-05 -0.000474891 -8.59575e-06 0.000163744 0.00154107 -0.000105194 0.00325253 0.00649382 2.11307e-05 0.00843214 0.000158644 0.000225043 -0.000335593 -9.85358e-05 -1.5658e-07 0.000414009 -0.000289968 -0.00088346 0.00850802 0.000169481 0.000109481 0.00752285 -0.0079718 -0.014604 -0.0018379 2.54616e-06 0.000164666 -0.000131832 -4.73656e-05 0.00517971 0.000600575 0.004919 -0.0118611 -0.0123892 -0.000136503 
-0.00239262 0.00103062 -0.0241044 -0.0364171 -2.46429e-05 0.0474061 -0.0062406 0.0223029 0.000892779 0.0993917 -0.0186712 -0.0399856 -0.0958895 -0.0644495 -0.0807752 -0.0201435 0.0235955 -0.00384154 -0.0135179 0.224127 -0.0320645 -0.0150961 -0.0107046 -0.0440186 0.0447971 0.10449 -0.0148307 -0.062681 0.0348414 0.0200419 0.001784 0.0892767 -0.108094 -0.00680697 -0.166394 0.121491 0.00218776 -0.00616158 -0.00876855 -0.00124817 -0.00671323 -0.0535388 -0.0857422 -0.0335432 0.000247631 -0.00024165 -0.0179553 0.0578345 -0.000748406 -0.00791537 -0.00250265 -0.00379214 0.00812951 0.100036 -0.042341 -0.0592438 0.00260392 -0.0018868 0.128167 0.0365533 -0.0608117 -0.0224256 -0.0328994 0.114553 -0.0851404 -0.00043626 0.00869461 -9.0566e-07 -0.0112257 -0.00409938 0.000710272 -0.0663021 -0.0115413 -3.53084e-05 -0.0643282 -0.00177547 -0.00221631 0.00412295 -0.000613929 -4.43725e-06 -0.000225156 0.00362744 0.0130759 -0.0260729 -0.00358182 -0.031295 -0.0389616 0.0779571 0.10248 0.00815578 -0.000473843 -0.000708042 0.000605199 0.00103501 -0.0369864 -0.00191923 -0.00894949 0.111171 0.0930421 0.00205692 
-0.000422228 0.000567332 -0.00428019 0.00638964 -0.00097823 -0.00794188 0.000869609 0.000976233 0.0324624 -0.0209216 0.0155941 0.0164166 -0.0157386 -0.0075054 -0.00103649 -0.00145496 0.00114258 0.0022309 0.00156961 -0.0320645 0.080439 0.00142216 -0.00125598 0.0469176 0.00578918 -0.0115175 -0.000316215 -0.00768334 -0.0178929 0.000903246 -0.000958021 -0.0375497 -0.000287709 0.0220826 0.0252883 -0.0341045 0.000169991 0.00278528 -0.000871679 -0.000160379 0.00773917 0.0417371 0.00209298 0.03255 -7.07228e-05 0.000564862 0.0294576 -0.0193286 8.49341e-05 0.030952 -0.000595537 0.00473173 0.000394427 -0.0317631 0.0421395 0.0220878 -0.000668958 0.00277022 -0.0482491 -0.0128567 -0.00707244 -0.00270341 0.0159507 -0.023719 -0.00919238 0.00029038 0.00312002 -2.18343e-05 0.00869443 -0.000459118 -0.000585998 0.00521797 -0.00154894 -1.39895e-05 -0.0069581 -3.54237e-05 0.000829817 -0.00116685 -0.000207609 2.6878e-06 -0.000395616 -0.000465282 -0.00264955 -0.00316455 6.88129e-05 0.0057042 -0.00505413 -0.0418333 -0.00828672 -0.00759519 -8.16764e-05 0.000268715 0.00114657 -0.000242083 0.000745469 -0.00220028 -0.00114001 -0.0390686 -0.038408 -0.000613652 
-4.45725e-05 0.000484905 0.00429965 0.000895959 -0.000222367 -0.00527728 -0.000133334 -0.00152796 -0.00199698 -0.015773 0.00181838 0.00576538 0.00892273 0.0116753 0.00539509 0.00602386 -0.00142854 -0.000336643 -0.0002011 -0.0150961 0.00142216 0.0238326 0.00172145 0.00381516 -0.015378 -0.0152057 0.00085715 0.0137899 -0.00530181 -0.00133228 -0.000671625 -0.0160068 0.016799 -0.00213889 0.012384 -0.0115763 -5.76439e-05 0.000348767 0.000221775 -1.15541e-05 0.00110871 0.00224051 0.00741203 -0.000833995 -1.66662e-05 1.82428e-05 0.000250478 -0.00534722 -1.27226e-05 -0.000733664 -3.21653e-05 0.000233608 -0.000731582 -0.00927675 0.000258725 0.00870176 -0.000161288 0.00580345 -0.0165631 -0.00372747 0.0120858 0.00106775 0.00484744 -0.0168704 0.0111307 -5.9833e-05 -0.000972095 2.00526e-05 0.00198425 0.00122164 0.000643903 0.0137831 -0.000283233 1.33703e-06 0.00760173 0.000587311 -1.91336e-06 -5.17127e-06 -0.000106177 -2.27518e-07 -0.000307425 -0.000320777 -0.00137235 0.00163131 0.00313279 0.00642062 0.00639142 -0.0114991 -0.0156718 0.000131862 -9.33241e-06 -1.5443e-05 -5.77451e-05 0.000343567 0.00169487 -0.000402704 -2.15815e-05 -0.0122903 -0.0136691 -0.000130329 
0.000441406 -0.00020699 0.00254501 -0.000805056 9.01325e-05 -0.00364227 0.0013047 -0.00110386 -0.00158406 -0.0107251 -0.000123871 -0.000306613 0.00210111 0.0127332 0.0115995 0.00328208 -0.00116384 -0.000146619 0.0040489 -0.0107046 -0.00125598 0.00172145 0.0160425 -0.00191236 -0.00561677 -0.0115797 0.000564533 0.0112234 -0.00268555 -0.00109459 -0.000652859 -0.010706 0.013208 -0.00792134 0.00921346 -0.00872061 -6.63758e-05 -0.000100598 0.000277015 0.000142828 -0.000158987 -0.00158391 0.0113027 -0.000126351 -1.56946e-05 -2.45911e-05 0.000650599 -0.00463853 3.89403e-05 -0.00100895 -9.50072e-05 0.000366646 0.000965312 -0.00740404 -0.00121332 -0.00104744 -0.000122839 0.00118486 -0.011575 -0.00325519 0.00628863 0.00757821 0.000102909 -0.00883829 0.0123351 -1.76176e-05 -0.000704656 5.19677e-06 -0.00019463 0.000865274 0.000623452 0.00185257 0.00150155 1.45239e-05 0.00772785 0.00060404 0.000322759 -0.000295622 -7.3962e-05 7.68069e-07 8.45188e-05 -0.000190128 -0.00114404 0.0040541 0.00140453 0.000689277 0.0102291 -0.00622435 -0.0117241 -0.00139472 3.26627e-05 -8.43067e-06 -0.000114268 0.00056548 0.00430818 0.00033599 4.2267e-05 -0.010266 -0.0102317 -9.93018e-05 
-0.00119304 0.0108439 0.00607784 0.0224219 0.00144482 0.0120495 0.000761683 0.0493403 0.0762143 -0.0919773 0.0279935 0.0470569 -0.0279569 -0.00571837 0.0137258 -0.00258572 0.0488005 0.00384608 0.00144115 -0.0440186 0.0469176 0.00381516 -0.00191236 0.152272 -0.0128595 -0.0928338 0.00715293 -0.00527351 -0.0421839 0.0520549 -0.00579516 -0.0987206 0.00388847 -0.0206571 0.0375671 -0.0958996 0.00733481 0.00420729 -0.00186816 -0.000215852 0.00799907 0.099616 0.0297476 0.0270502 0.000712653 0.000992822 0.034966 -0.0412647 0.000804493 0.0475521 -0.00142188 0.00211714 0.031848 -0.0798905 0.0513258 0.0497951 0.00733284 0.0420556 -0.0679287 -0.0379263 -0.000347212 -0.00627521 0.0515156 -0.0595413 -0.00998806 0.00129659 0.0200829 0.000178148 0.0132215 -0.000435778 0.00318476 0.0248942 0.00205989 -3.56305e-05 -0.0101421 -0.000233639 0.00028374 0.0116302 0.00167248 -6.18687e-07 0.0013178 -0.00260381 0.0309129 -0.00512773 0.000414167 0.0214348 -0.00568496 -0.129732 -0.0825767 -0.0115748 -9.0955e-05 0.000326998 0.0055959 0.00290449 0.0200145 0.035982 -0.00219961 -0.107059 -0.108938 0.00262238 
-0.000330947 -0.00194668 -0.0540974 0.0033648 0.00086838 -0.0030793 -0.00274558 -0.0191018 -0.0154178 0.0759966 0.000195039 0.00233105 -0.0435954 -0.0580281 -0.0384867 -0.0217206 -0.019758 0.000855486 -0.00747987 0.0447971 0.00578918 -0.015378 -0.00561677 -0.0128595 0.107017 0.0749076 0.000476464 -0.0517443 0.0231342 -0.0207813 0.00438801 0.0736997 -0.0600727 0.0431869 -0.041816 0.0570849 -0.0071692 -0.00060751 -0.00584583 -5.18074e-05 -0.000617477 -0.00866662 -0.0289719 0.000695897 -0.000828564 -0.000259388 0.0013071 0.0144933 -0.000118626 -0.0102868 -0.000137979 -0.000202996 -0.0203731 0.0501508 0.00677976 -0.0122517 -0.00865369 -0.0252587 0.0682787 0.0210321 -0.0458716 -0.0192384 -0.000335279 0.0674546 -0.05954 -0.000422839 -0.0127715 -0.000281684 5.97938e-05 -0.00465444 -0.001104 -0.0422055 -0.022414 -3.22986e-05 -0.0490174 -0.000943845 -0.000801332 -0.0079763 0.00031471 -3.61557e-06 0.000405207 0.00152699 -0.00369471 -0.0320648 -0.00492983 -0.00932278 -0.0363841 0.0485225 0.072725 0.0024387 -0.000597188 -0.000253442 -0.00200048 -0.00453421 -0.00842689 0.00158776 -0.0100417 0.063599 0.0649773 -0.000218404 
0.000635325 -0.0110471 -0.0464106 -0.0187049 -0.00202228 0.00156336 -0.00497135 -0.0484673 -0.0439188 0.171228 -0.0277768 -0.0443579 -0.0393815 -0.0711075 -0.0861236 -0.0213021 -0.0466532 -0.00133441 -0.0142893 0.10449 -0.0115175 -0.0152057 -0.0115797 -0.0928338 0.0749076 0.198 -0.0136194 -0.0686274 0.0486283 -0.0533359 0.00951768 0.145522 -0.103175 0.0650782 -0.0982843 0.145219 -0.00796651 -0.00351834 -0.00296421 -0.00142324 -0.00252563 -0.0922537 -0.091119 -0.00638398 -0.000787116 -0.000294955 -0.0111799 0.0612287 -0.00090135 -0.0197201 0.00153816 -0.00240743 -0.0348492 0.121187 -0.0192972 -0.056653 -0.00798136 -0.0481254 0.130381 0.0536048 -0.0644697 -0.0246148 -0.0461328 0.129606 -0.0907914 -0.00189791 -0.0221006 -0.000294741 -0.0133656 -0.00448351 -0.00474842 -0.0706765 -0.0198773 -5.74115e-05 -0.0634134 -0.00135841 -0.00210809 -0.0104853 -0.0018329 -5.74382e-06 -0.00107409 0.00319388 -0.0298229 -0.0289481 -0.00454306 -0.0337814 -0.0431891 0.131899 0.17766 0.0165543 -0.000490729 -0.000824766 -0.0049341 -0.00405895 -0.0389915 -0.035822 -0.00884512 0.154593 0.14322 -0.00501623 
-0.000141968 0.000378417 -0.00121002 0.000731954 0.00171016 -0.00507466 0.000582983 -0.00155232 -0.00215104 -0.00452945 0.00358354 0.00470657 0.00897045 -0.00059713 0.0150228 -0.000518109 -0.00184996 0.00257653 6.53655e-05 -0.0148307 -0.000316215 0.00085715 0.000564533 0.00715293 0.000476464 -0.0136194 0.0230254 0.00023099 -0.0027218 -0.00163191 0.000595836 -7.07013e-05 0.0140349 -0.0058509 0.0138148 -0.012236 -8.58587e-05 -0.000126812 0.00191568 -1.11947e-06 -0.000191848 0.00229001 0.00824431 0.00188329 -2.63326e-05 0.000149924 -0.000890494 -0.00419454 0.000343656 -0.00128472 6.09856e-05 5.29876e-05 -0.000770419 -0.0100627 -0.000458587 0.00361078 -0.000248505 -0.00163908 -0.0108489 -0.00487121 0.00759868 3.06175e-05 0.00441451 -0.00846406 0.00671324 -7.35896e-05 0.000488327 -9.81887e-06 0.00134429 0.000624886 -8.5136e-05 -0.00145247 -0.000562149 3.80103e-06 0.00633553 0.00130749 0.000482088 -0.000328811 -0.00011958 3.54481e-08 0.000448198 -0.000305502 -0.00149945 8.11349e-05 -0.000141468 -0.000833437 0.00115174 -0.0110235 -0.0112724 0.000211672 -1.78459e-05 -2.20864e-05 4.98428e-05 -0.000131382 0.0142659 -8.82378e-05 0.000171707 -0.0107377 -0.0114134 -0.000171601 
0.000180405 -0.00137435 0.0312438 -0.00268042 -0.00105277 -0.0222165 -9.8603e-05 -0.00678867 -0.00917439 -0.067921 -0.00254362 0.00178133 0.0478433 0.0706352 0.0492685 0.0245743 -0.007202 -0.00133915 0.00394831 -0.062681 -0.00768334 0.0137899 0.0112234 -0.00527351 -0.0517443 -0.0686274 0.00023099 0.0861109 -0.0144735 -0.00663495 -0.00460978 -0.0645363 0.0769106 -0.0255952 0.0583962 -0.0512958 -0.000867884 -0.00143703 -0.000623876 0.00158561 8.40891e-05 0.00206296 0.0552707 -0.00282763 -6.32272e-05 -3.84358e-05 -0.00277558 -0.0245931 -0.000118354 -0.0055874 -0.000313587 -0.00042883 0.000182942 -0.0423732 -0.00508184 0.0229005 -0.000335354 0.0103258 -0.0697432 -0.01761 0.0661299 0.0208389 -0.00137624 -0.0666225 0.077746 -0.000317247 -0.00458092 -2.10815e-05 -0.00121738 0.000828101 0.000912911 0.0463622 0.00319758 7.54085e-05 0.0566144 0.000572947 9.83332e-05 -0.00165901 -0.000491655 3.12227e-07 -0.000484763 -0.00139153 -0.00596303 0.020667 0.00462547 0.0167463 0.0448602 -0.0213924 -0.0702579 -0.00720968 0.000456299 0.000219579 -0.000601294 0.000341844 0.0170031 -0.00400884 0.00132085 -0.051825 -0.0477984 -0.000583624 
-0.00130071 -0.00342623 -0.0150899 -0.00930912 -0.000761751 -0.0234498 0.000124169 -0.0164302 -0.0224746 0.044417 -0.00920535 -0.0141256 -0.0316246 -0.015623 -0.0225839 -0.00604722 -0.0170483 0.0012127 -0.00265973 0.0348414 -0.0178929 -0.00530181 -0.00268555 -0.0421839 0.0231342 0.0486283 -0.0027218 -0.0144735 0.176054 -0.016876 -0.000980577 0.0438749 -0.0267883 0.0273371 -0.0488478 0.0542677 -0.00251396 -0.00263608 0.00012757 0.000737812 -0.00244592 -0.0346459 -0.0395317 -0.00992856 -0.000247022 -0.0003888 -0.0105038 -0.0391184 -0.000451871 -0.0141556 0.00273171 -0.00125966 -0.0112532 0.0611149 -0.0177485 -0.018779 -0.00250403 -0.0161424 0.0298979 0.0146648 -0.0154737 -0.0049234 -0.01493 0.034161 -0.0191495 -0.000774492 -0.00882712 -9.55736e-05 -0.00454072 -0.0014212 -0.00158351 -0.0208702 -0.00589851 -3.59945e-05 -0.0185446 -0.00203372 -0.000368395 -0.00359627 -0.000435554 -1.90087e-06 -0.00187475 -0.00144783 -0.00766455 -0.00854268 -0.00136103 -0.0106381 -0.0124799 0.0522971 0.0472271 -0.0149172 -0.000191531 8.48318e-05 -0.0016148 -0.00131677 -0.0124092 -0.0131584 -0.00320073 0.0608971 0.0722483 -0.00159338 
-0.000517771 0.0110227 0.0138798 -0.00438921 0.000326629 0.0409834 -3.50165e-05 0.0606518 0.0553905 -0.052662 0.00419304 -0.00146992 -0.0207278 -0.00653917 -0.00487504 -0.00140821 0.0599612 -0.000732775 -0.0012815 0.0200419 0.000903246 -0.00133228 -0.00109459 0.0520549 -0.0207813 -0.0533359 -0.00163191 -0.00663495 -0.016876 0.0700516 -0.00297911 -0.0479009 -0.01004 -0.0429581 -0.0209288 -0.0406884 0.00915063 4.1234e-05 -0.000275852 -6.43602e-05 -0.000563516 0.0446163 -0.00831321 0.00174985 0.000865853 0.000272524 0.00640154 -0.00931722 -3.79119e-05 0.0251272 -0.000599111 0.000144483 0.0359569 -0.0332006 -0.00337596 -0.00458677 0.0091675 0.0418505 -0.0150731 -0.0159512 -0.00640134 -0.00229829 0.00570999 -0.0127066 -0.00803888 0.00178187 0.025438 0.000350097 0.00233986 -0.000213373 0.00412194 -0.00554916 0.00638137 -9.42743e-06 -0.00705569 -0.000685282 -0.000154248 0.0136634 0.00247425 1.52895e-06 -0.000316756 -0.000890311 0.0371547 -0.00175595 0.000491964 -0.00289084 -0.0041474 -0.0546833 -0.0448266 -0.00319823 3.77336e-05 6.96835e-05 0.00516032 0.00414131 -0.00246197 0.0247566 -0.000824748 -0.0477501 -0.0448053 0.00596304 
-5.95651e-05 -0.000387256 -0.00246611 -0.00124924 0.00237024 -0.000645658 -0.000492871 -0.00092802 -0.00355519 0.00319481 -0.000649962 -0.00302272 -0.00225159 -0.00474639 -0.00434686 -0.00125366 -0.000568239 -0.00055703 -0.000889196 0.001784 -0.000958021 -0.000671625 -0.000652859 -0.00579516 0.00438801 0.00951768 0.000595836 -0.00460978 -0.000980577 -0.00297911 0.0464171 0.0113209 -0.00458696 0.00530615 -0.00609184 -0.00749969 -8.84109e-05 -0.000721999 0.000780806 -5.48379e-05 -0.000472157 -0.00246745 -0.00869697 -0.00066592 -3.62081e-05 -5.95237e-05 -0.00164322 -0.00519174 -9.57356e-05 -0.00200588 0.000429927 1.09342e-06 -0.00195 0.00534288 -0.00235824 -0.00455712 -0.0004599 -0.00347029 0.00627771 -0.00718039 -0.0038101 -0.000748825 -0.00300154 0.00691632 -0.00439963 -5.09179e-05 0.0066061 -1.9996e-05 -0.000956754 -0.000301918 -0.000173587 -0.00484138 -0.00113602 -9.07524e-06 -0.00418792 -0.000305099 0.000778791 -0.000880707 0.000482394 2.42232e-06 -0.00010208 -0.000621832 0.00263764 -0.00192084 -0.000291427 -0.00235899 -0.00284727 0.00256936 0.00910388 0.00180634 -1.29362e-06 -2.26379e-05 -0.000319104 1.22846e-05 -0.00206506 -0.00245233 -0.000573852 0.00438517 0.010373 7.04681e-05 
0.00064668 -0.00881981 -0.0474427 -0.00874158 0.00261462 0.00274714 -0.00593465 -0.0437857 -0.0667402 0.154433 -0.0259064 -0.0346966 -0.0132085 -0.0696422 -0.0605562 -0.0202215 -0.0432662 -0.000619925 -0.0133798 0.0892767 -0.0375497 -0.0160068 -0.010706 -0.0987206 0.0736997 0.145522 -7.07013e-05 -0.0645363 0.0438749 -0.0479009 0.0113209 0.188823 -0.0762374 0.0452372 -0.0769701 0.125588 -0.00790256 -0.00198265 -0.000850422 -0.00134694 -0.00718054 -0.0888092 -0.0664164 -0.0201553 -0.000795841 -0.000641696 -0.0313637 0.0585093 -0.000790095 -0.042736 0.00173017 -0.00317533 -0.0363689 0.103467 -0.0398597 -0.0556669 -0.0079447 -0.0509393 0.133677 0.041999 -0.0515252 -0.0221025 -0.0374189 0.117377 -0.0679228 -0.00172656 -0.0179152 -0.000265821 -0.0131367 -0.00390538 -0.00358004 -0.0633224 -0.020183 -6.13394e-05 -0.0507758 0.000468246 -0.00148838 -0.0105329 -0.00073254 -4.74311e-06 0.00123767 0.00323744 -0.0227627 -0.0288365 -0.00470784 -0.0272073 -0.0399125 0.128015 0.140371 0.0154081 -0.000481135 -0.00050848 -0.00504871 -0.00412481 -0.0242942 -0.0241523 -0.00757594 0.1415 0.143391 -0.00137218 
-0.00030611 -0.0015052 0.0349042 -0.00135076 0.000848724 -0.0300879 0.0054038 -0.0117795 -0.0156931 -0.0920793 0.0095013 0.011725 0.0694781 0.07985 0.0907038 0.0228214 -0.0127705 -0.000654441 0.0143489 -0.108094 -0.000287709 0.016799 0.013208 0.00388847 -0.0600727 -0.103175 0.0140349 0.0769106 -0.0267883 -0.01004 -0.00458696 -0.0762374 0.137835 -0.0242047 0.105789 -0.088641 -0.00143211 0.000565373 0.00794094 0.00120312 0.000274724 0.0186873 0.0744255 0.00869425 -0.00015878 1.75743e-05 -0.00246944 -0.0363964 0.000372705 -0.00900556 -0.000576354 0.00270251 -0.00120036 -0.0755754 -0.00488307 0.0312546 -0.000902395 0.0066155 -0.107562 -0.0331162 0.0764098 0.0262671 0.0064272 -0.0995724 0.103286 -0.000142662 -0.00493433 -3.25639e-05 0.00655939 0.00474296 0.000310737 0.0565655 0.015072 7.06614e-05 0.0722949 0.00201323 0.00164091 -0.00286184 -0.000832792 8.87908e-07 0.00156326 -0.00167226 -0.010938 0.0326005 0.00435744 0.0162633 0.0482332 -0.0454654 -0.101557 -0.00453378 0.000493383 0.000335313 -0.000936774 -0.000120106 0.0376904 -0.00731257 0.00981992 -0.0904719 -0.069836 -0.000969576 
-0.00135642 -0.00751309 -0.0344452 0.019085 -0.00083454 -0.0157716 -0.00288345 -0.0408623 -0.0275642 0.0501667 0.000599944 0.0126999 -0.0229684 -0.0354077 -0.0339837 -0.00949513 -0.0454316 -0.000162421 -0.00679716 -0.00680697 0.0220826 -0.00213889 -0.00792134 -0.0206571 0.0431869 0.0650782 -0.0058509 -0.0255952 0.0273371 -0.0429581 0.00530615 0.0452372 -0.0242047 0.233304 0.0226438 0.0135014 -0.00644964 0.00459133 0.000763805 -0.000135873 0.00375286 -0.00386912 -0.0467727 0.0159608 -0.0006908 0.000246534 0.00499327 -0.0537564 -0.00035152 -0.0077173 -0.00219756 0.00155103 -0.0295514 -0.0146068 0.0232104 0.0117674 -0.00654462 -0.0326071 0.0269882 -0.0272488 -0.0239075 -0.0166038 0.00572346 0.0193149 -0.0330256 -0.000928292 -0.0170891 -0.000236027 0.00380787 -0.0010762 -0.00379853 0.0024312 -0.011571 2.97499e-06 -0.0365475 -0.00429138 0.000151348 -0.0104564 -0.0010007 -2.17453e-06 0.00123687 0.00132985 -0.0164954 -0.0178107 -0.000796512 0.0132795 -0.0338969 0.0385709 0.0625315 0.0179793 -0.000437153 0.000235851 -0.00333385 -0.00360001 -0.0171425 -0.0197075 -0.0058621 0.0243724 0.0928276 -0.00412339 
