0.213799 0.000265199 -0.000278115 -0.000642874 0.039122 -0.0319395 0.0061086 0.00100656 -0.000159057 0.00454909 0.0663225 0.0127531 -0.0803924 0.0111842 0.000414811 -0.000108882 0.0122265 -0.109219 0.0762918 -0.00175254 -0.00318216 -0.120785 -0.00438127 0.000931242 0.0285045 -0.000700472 -0.00117336 -6.66833e-05 -0.00556967 -0.00147086 -0.00469354 -9.61975e-05 0.0146203 -0.00568261 -0.00317455 -0.000829788 -0.0103652 -0.00387546 0.0717656 3.8919e-05 0.0459677 0.0247208 0.0149479 -0.000269898 0.00112391 0.00923972 -0.000133027 5.40148e-05 7.18474e-05 -0.0709264 -0.00402138 -0.00244927 9.25082e-05 0.0163497 -0.0103681 -0.0209771 0.000565001 -0.000159031 -0.000403579 0.000431249 0.00669663 -0.00124238 -0.000244497 0.00406423 -1.54835e-08 -2.6582e-05 -0.000616705 0.00685218 -0.138379 0.012982 0.015135 -0.000275093 0.000592122 0.0031683 0.000804754 5.75736e-05 -0.00145695 -0.0274964 -0.000168492 0.0022913 0.00696484 0.002337 -0.000204576 -0.000446656 0.100943 0.0993092 0.000935532 -0.148526 0.00959094 -0.0105714 -0.0672026 -0.0966788 0.0148872 -0.0490929 0.000433443 0.060763 0.000859582 -8.61727e-05 0.00687487 0.0129513 
0.000265199 0.000793463 -4.63592e-06 -3.98075e-06 0.000263698 -0.000475747 7.16971e-05 0.000114714 6.33988e-05 7.90201e-05 -0.000140504 -6.21087e-05 -0.000191464 0.000131218 4.29638e-05 1.8108e-05 9.13863e-06 -0.00036015 -4.18088e-05 -0.000159977 -4.82511e-06 -0.000392361 -1.09515e-05 8.56802e-06 -0.000378107 -2.91859e-05 -0.000155295 1.83178e-06 -3.93584e-05 4.27411e-06 -1.12162e-05 2.2181e-06 7.72893e-05 -3.63404e-05 -8.44822e-06 -1.00592e-05 -8.12026e-05 -7.97544e-06 0.00014216 5.22224e-07 0.000279255 0.000302713 3.92431e-05 7.0348e-05 7.15212e-06 -3.60442e-05 1.60489e-05 2.47212e-06 -2.94778e-06 -0.000611497 -0.000330519 1.18712e-07 2.01859e-05 0.000433019 0.000214358 -6.18106e-05 5.18064e-06 -4.47675e-07 0.0001373 3.72541e-05 9.283e-05 4.95358e-06 -4.26558e-07 7.81114e-06 -3.62901e-09 8.92262e-07 2.01487e-05 3.18219e-05 -0.000451841 0.000152701 0.000162034 2.64197e-05 -1.52624e-07 -0.000394442 1.89132e-05 1.24605e-05 -0.000247789 -8.4923e-05 1.75276e-06 0.00014255 4.4536e-06 1.63074e-05 1.30445e-06 7.38068e-05 0.000314434 -3.98691e-05 4.21392e-06 -0.000421055 0.000110172 -3.62042e-05 -0.00021615 -0.000244061 0.000288053 -0.000113394 -5.60178e-06 0.000421786 1.49765e-05 4.23015e-05 4.22954e-05 0.000241357 
-0.000278115 -4.63592e-06 0.00668265 -3.18436e-05 -0.00109601 -0.000742501 0.000137704 7.06132e-05 -2.22588e-06 5.9526e-06 -0.00189309 -0.000673446 0.000750727 0.000229869 7.4313e-05 -1.59537e-06 -0.000139091 0.00183331 -0.00122165 -0.000854978 6.81485e-05 0.000533047 1.6909e-05 1.20612e-05 -0.00136252 8.1001e-05 -0.000127249 -7.47679e-07 -0.00034015 -1.21393e-05 0.000223305 -3.40891e-06 0.000183876 -0.00021256 -1.24289e-05 0.000218737 0.000204442 0.000151456 -0.00205857 -1.3411e-06 -9.97533e-05 0.000126806 0.000213689 7.97725e-06 2.8999e-06 -0.000362592 -8.41838e-07 9.83297e-07 -2.38017e-05 -0.000313062 9.7064e-05 9.8219e-06 9.42831e-06 0.000295861 -0.00016187 -0.00028523 3.06992e-05 1.80427e-07 -1.2401e-05 1.14533e-05 -5.95845e-05 -2.87591e-05 -3.5956e-06 0.000305669 -3.07466e-08 -2.52879e-06 1.61925e-05 8.63271e-05 0.000916605 -0.000112225 0.000270337 -6.7219e-06 3.73929e-06 -0.00299282 2.10373e-06 -9.56744e-07 -0.000380448 0.00153515 -1.57134e-05 0.000412361 0.000520896 -2.573e-05 -1.49815e-06 -4.02807e-06 -0.000957801 -0.00145689 -0.0002646 -0.00018616 0.000287725 0.000265702 0.000557538 0.00153839 -0.000134347 -0.000119482 9.66262e-05 0.000233244 7.70502e-06 -2.22629e-06 7.14491e-05 -0.000326743 
-0.000642874 -3.98075e-06 -3.18436e-05 0.00603391 8.06542e-05 0.000115901 -6.71487e-06 1.34846e-05 1.95528e-06 -1.73115e-05 0.0013992 7.12535e-05 -0.00130241 -6.34247e-05 -4.86993e-06 -3.05395e-06 0.000562761 -0.000553332 0.00201812 2.89203e-06 -5.80114e-06 -0.000228822 -5.41761e-05 4.96014e-06 0.000820694 -0.000226068 5.01038e-06 -1.16421e-06 -0.000297749 -6.43616e-05 1.943e-05 -3.30448e-06 -5.91749e-05 -0.000275393 2.55957e-05 -6.74822e-05 -0.000820186 -0.000222287 0.000341699 -1.14559e-07 -8.81156e-05 -0.000196939 0.00100521 -6.85109e-07 -9.74191e-06 0.00245375 3.12292e-06 -1.40513e-06 1.52419e-06 -0.00108176 3.7647e-05 0.000140802 -1.22102e-05 -0.000139167 -0.000427651 -0.000417789 2.06741e-05 1.36423e-06 -9.88846e-06 -6.98512e-06 -5.43401e-05 0.000196718 -4.28354e-06 -2.96587e-05 -1.77434e-08 4.63772e-06 -1.09409e-05 -5.15814e-06 -0.00234656 -0.000104718 -8.99628e-05 1.95686e-06 -6.5587e-06 -0.000940446 -9.53635e-06 -7.17418e-07 -6.35864e-06 -0.000456548 3.47118e-05 -8.78952e-06 -5.75427e-05 3.68757e-05 -2.84406e-06 -8.78088e-06 -0.00100713 0.00100738 -3.10127e-05 -0.00110287 -8.67749e-05 -0.000119111 -0.00110462 -0.0015845 -0.000135671 0.000188191 0.000447512 -0.000104476 -2.74218e-05 6.4722e-06 -0.000195368 -0.000115128 
0.039122 0.000263698 -0.00109601 8.06542e-05 0.153079 -0.0411516 -0.000822432 0.00179545 0.000287415 -0.000799957 0.0329234 0.0108641 -0.0128121 -0.00180563 0.00090674 9.12089e-05 0.00846109 -0.0393912 0.0417026 -0.00345215 -0.00197888 -0.0941233 -0.00256415 -0.000142954 0.00691648 0.00796195 -0.00117037 -4.55072e-05 0.0154814 -0.000831246 -0.00276069 -0.000126244 -0.00330045 0.0025361 0.00213619 -0.00168836 0.0058055 -0.00730609 0.0428697 9.77013e-05 0.0423324 -0.000603289 -0.00416122 0.000720998 -0.000797347 -0.000929093 0.00022077 3.0994e-05 -0.000541266 -0.00927095 0.0326707 -0.00162194 0.000687908 0.00225418 0.00579694 -0.0128739 0.000492231 -6.38357e-05 0.00153299 0.00111466 -0.000135403 0.0001159 -0.000172491 0.00115714 -1.82263e-07 5.69035e-06 0.000265952 -0.00207961 -0.0561936 -0.00318586 -0.00228701 -0.000267499 0.000645957 -0.0456529 0.000326246 1.29635e-05 0.000579543 -0.0152584 0.000820638 0.00117407 -0.00186771 -0.000805701 -0.000127009 0.000953835 0.00120576 0.0760937 -0.00259389 -0.0464792 0.00810352 -0.00866902 -0.0481075 -0.0639506 -0.00140367 -0.0324323 -0.00166426 -0.00202681 -0.000912745 0.000191958 -0.00749232 0.0391077 
-0.0319395 -0.000475747 -0.000742501 0.000115901 -0.0411516 0.174374 -0.00727519 -0.00453441 -0.000364443 -0.0054035 0.0199618 -0.0056199 -0.0325704 -0.013842 -0.00216026 -0.000383822 -0.0105858 -0.00117208 -0.0105952 0.0124288 0.00167241 0.0603051 0.000426438 -0.00133404 0.0371391 -0.00955753 0.00525869 -0.000113104 -0.00729979 -0.00318521 -0.00539652 -5.30069e-06 -0.00496035 -0.00277046 0.000620934 -0.00835053 -0.0545322 0.00328785 0.012823 -8.26748e-05 -0.0170058 -0.00926538 -0.0140389 -0.00086848 -0.00204438 -0.00102717 -0.000707563 -0.000168992 -0.00191159 0.0401636 0.0148448 -0.00115174 -0.00134487 -0.0229734 -0.0360783 0.00936276 -0.000401785 6.75873e-05 -0.00157906 -0.0013514 -0.00637045 -0.000576929 8.55761e-05 -0.0117301 5.74906e-07 6.40343e-06 -0.00112115 0.000602122 0.0369553 -0.00671275 -0.013438 -0.000239874 -0.000614879 0.0444022 -0.000865522 -8.75838e-05 0.0125179 -0.0108373 -0.000178451 -0.00878033 -0.00673779 -0.000354932 -1.32901e-05 -0.00118602 -0.008544 -0.0107458 -0.0109581 0.0257748 -0.0151426 0.00300988 0.00508066 0.0229585 -0.0257802 0.0222891 0.000107881 -0.0291649 -0.00140608 -0.000268131 -0.00196344 -0.0145021 
0.0061086 7.16971e-05 0.000137704 -6.71487e-06 -0.000822432 -0.00727519 0.0114672 0.000317972 -3.63969e-07 0.00313661 -0.0046891 -0.000420546 -0.003875 0.00169731 -2.88173e-05 -3.3465e-06 -0.000255511 -0.00526809 -0.00226136 -0.00263581 3.01105e-06 -0.00572035 -0.000155957 0.000836636 -0.00545562 -0.000394794 -0.00243626 -1.74809e-06 -6.06963e-05 -0.000147018 -9.27531e-05 -6.28094e-07 0.000889195 -0.000493557 -0.000124397 -0.000159313 -0.00205872 0.000737775 0.00326643 2.20973e-05 0.000799364 0.00314488 0.00246909 -8.75827e-06 6.2437e-05 -0.000557931 2.50457e-05 -2.15029e-06 6.81836e-05 -0.00977893 -0.00545113 -8.04605e-05 0.00057418 0.00956387 0.000460096 -0.000877197 -1.0617e-05 1.54276e-06 -1.59876e-05 0.000388351 0.00504545 -9.16606e-05 2.18478e-05 0.00528284 -1.302e-08 -3.17341e-06 -3.0033e-05 0.000745595 -0.00696297 0.00415665 0.00873843 6.46807e-05 -1.02592e-05 -0.00696608 7.15575e-05 3.0977e-06 -0.00693479 -0.00112513 -2.63405e-05 0.00250941 0.00165862 0.000667237 4.18971e-05 1.71598e-05 0.00411952 -0.00444546 0.00307644 -0.00643229 -0.00011912 -0.000563608 -0.003136 -0.00321415 0.00890242 -0.00200813 1.8787e-05 0.0102374 5.97129e-05 -4.26899e-06 0.00226021 -0.00024748 
0.00100656 0.000114714 7.06132e-05 1.34846e-05 0.00179545 -0.00453441 0.000317972 0.00605689 0.000310626 0.00198208 -0.00224262 -0.00131673 -0.00172488 0.00446833 0.000247815 0.000198983 -1.57367e-05 -0.00281715 -0.000812677 -0.00396624 -3.94935e-05 -0.00280039 -3.89089e-05 0.000261586 -0.00355127 -0.000163538 -0.00185165 3.37988e-06 -0.000140528 -5.46588e-05 4.9873e-06 -3.93438e-06 -0.000137246 -0.000200391 -6.30486e-05 -7.64165e-05 -0.00104784 -0.000136134 0.00114425 6.03468e-07 0.00240355 -8.18347e-05 0.00278356 0.000957655 0.000101945 -0.000160493 0.000447571 2.71093e-05 7.31119e-05 -0.00497488 -0.00139252 1.40927e-05 0.000830654 0.00403862 0.0029567 -0.000425057 -1.06992e-05 -2.64222e-06 0.000347895 4.98805e-05 8.35767e-05 9.73572e-05 3.24046e-05 0.00317662 1.54836e-08 1.16008e-06 0.000157781 0.000152169 -0.00384576 4.22741e-05 0.000815453 0.000251535 -5.16766e-10 -0.00365907 0.00010565 4.04253e-05 -0.00396494 -0.000613291 1.84704e-05 0.00412675 0.000547374 -5.24817e-06 6.24884e-05 0.00104076 0.000428089 -0.00174178 0.000322667 -0.00338358 0.00155743 -0.000297547 -0.00159146 -0.00183716 0.00409161 -0.00107141 3.79683e-06 0.00357038 -2.7591e-05 3.85192e-05 0.000386098 0.00264133 
-0.000159057 6.33988e-05 -2.22588e-06 1.95528e-06 0.000287415 -0.000364443 -3.63969e-07 0.000310626 0.000559427 0.000117653 -0.000226938 -0.000165102 -4.81859e-05 0.000159875 0.000243618 4.35116e-06 0.000108412 -0.000234852 -9.21745e-05 -0.000409957 1.13543e-05 -0.000252942 2.87219e-06 7.416e-05 -0.000232968 7.87286e-05 -0.000389249 -1.42073e-07 1.00434e-05 3.53043e-05 -5.52738e-06 -1.75088e-07 -1.09331e-05 -1.23569e-05 -4.63721e-06 2.8378e-06 -5.3483e-05 -2.37673e-05 -0.000191521 7.25673e-07 0.000301005 -1.56014e-05 -1.48331e-05 0.000179482 -2.85544e-06 3.22399e-05 2.43484e-05 7.70189e-06 -3.72139e-07 -0.000355991 -0.000137127 -3.52943e-06 9.8831e-05 0.000157266 0.00036622 -4.14172e-05 -1.15731e-06 -3.15557e-07 0.000145452 2.81349e-05 2.71316e-06 0.000195268 1.40661e-07 5.27462e-05 -2.55801e-09 9.11609e-06 8.42298e-05 0.000108321 -0.000255373 -1.16403e-05 -1.63417e-05 0.000221616 -7.45469e-07 -0.000196176 1.50812e-05 3.77307e-05 -0.000394229 -4.57094e-05 1.87905e-05 0.000144618 -4.98774e-06 -2.87188e-06 1.1145e-05 0.000189711 -0.000108816 -0.000139852 0.000164567 -0.000260655 7.9832e-05 -2.52515e-05 -0.000107675 2.86309e-05 7.9272e-05 -8.83947e-05 -6.01655e-06 -4.25917e-05 -2.39996e-06 3.24718e-05 -1.8733e-05 0.000293225 
0.00454909 7.90201e-05 5.9526e-06 -1.73115e-05 -0.000799957 -0.0054035 0.00313661 0.00198208 0.000117653 0.0105524 -0.00338233 -0.00375866 -0.00338482 0.00590239 5.34944e-06 0.000171215 -0.000153901 -0.00468789 -0.00154781 -0.00335222 -4.58578e-05 -0.00470426 -7.31161e-05 0.000509067 -0.00431554 -0.000403295 -0.0030929 3.41894e-05 -0.000524762 -0.000108541 -9.48778e-05 1.53212e-05 0.00039157 -0.000450259 -0.000113832 -0.000143007 -0.00189366 -0.000345066 0.00203939 1.03907e-05 0.00304653 0.00215279 0.00388445 0.00079754 0.000521747 -0.000288487 0.000462115 1.35417e-05 8.33895e-05 -0.00831116 -0.00510335 0.000257488 0.0013616 0.00719172 0.000820731 -0.000632475 -2.40246e-05 -2.81643e-06 9.33441e-05 2.28835e-05 0.00205955 2.36088e-05 0.000134344 0.00391969 2.97922e-07 1.77277e-05 0.00016292 -7.87346e-05 -0.00634247 0.00419335 0.00338087 9.23834e-05 -1.0283e-05 -0.00497253 0.000251767 8.0981e-06 -0.00526441 -0.00111641 -2.09505e-05 0.00318324 0.00157177 0.000125097 0.00021584 0.000600549 0.0029386 -0.00350937 0.000432735 -0.00539156 0.000221785 -0.000277622 -0.00291302 -0.00340029 0.0065313 -0.00149337 0.000182909 0.00738282 -7.73505e-06 -3.54197e-06 0.00336632 0.00075289 
0.0663225 -0.000140504 -0.00189309 0.0013992 0.0329234 0.0199618 -0.0046891 -0.00224262 -0.000226938 -0.00338233 0.242572 0.00852407 -0.0662513 -0.010079 -0.000730302 -0.000184479 0.007607 -0.0427475 0.0681301 0.00783832 -0.00271776 -0.0493497 -0.00452595 -0.000680077 0.0866294 -0.00278566 0.00322299 -6.85142e-05 -0.00723734 -0.00299753 -0.00500153 -0.000122961 0.00494723 -0.00625532 -0.000702746 -0.00523071 -0.0224815 -0.0142444 0.0678982 1.94048e-05 0.0145637 -0.00213986 -0.00510607 -0.000441141 -0.00221458 0.0181633 -0.000445016 -9.52236e-05 -0.00129068 -0.00368019 -0.0347584 -0.000232253 -0.000651485 -0.0133022 -0.0274835 -0.00769502 -0.00116557 -0.000132894 -0.000730595 -0.000645467 -0.0050903 -0.00184134 -0.000266455 -0.0063371 1.12554e-06 -8.10944e-05 -0.000953676 -7.36437e-05 -0.0758683 -0.00872543 -0.0125014 -0.00066508 -0.000524075 0.0434304 -0.00100252 -6.58229e-05 0.00557389 -0.0364808 0.000443013 -0.00519761 -0.00356732 -0.00156139 0.000309613 -0.000640493 0.0578949 0.109357 -0.0132238 -0.0749962 -0.00394256 -0.00867726 -0.093041 -0.108808 -0.0207231 -0.00849144 0.00181256 -0.00600615 -0.00172581 -0.000147898 -0.011655 0.00251542 
0.0127531 -6.21087e-05 -0.000673446 7.12535e-05 0.0108641 -0.0056199 -0.000420546 -0.00131673 -0.000165102 -0.00375866 0.00852407 0.0630962 -0.00924455 -0.00192942 9.02663e-06 -0.000292049 0.00135519 -0.0247996 0.0110761 0.00194776 -0.0037367 -0.0209074 -0.00593214 -0.000482671 0.00467912 0.00183159 0.00248404 -8.60457e-05 0.00478025 5.70897e-05 -0.00226658 -0.000449908 -0.000523147 0.00274751 0.000189826 -0.000565617 0.00362367 -0.00212338 0.0297912 7.22827e-06 0.00287664 0.00122221 0.000487261 -0.000851718 -0.000365433 0.00355211 -0.000631224 -4.8434e-05 2.94819e-05 -0.00290951 0.012655 -0.00584982 -0.000996874 -0.000971893 -0.00124353 -0.020866 -5.9757e-05 -0.000265214 -0.000214317 4.56419e-05 5.82296e-06 -0.000878645 -0.000761564 -0.00153379 -6.94053e-07 -4.28249e-05 -0.00069061 0.000694524 -0.0119137 -0.00134881 -0.00088795 -0.000855032 -3.06897e-05 -0.00543734 -0.00051754 -3.58578e-05 0.00301163 -0.00438214 -2.83617e-05 -0.00146687 -0.001323 -0.000229549 -0.000830769 -0.000622159 0.00809674 0.0170104 0.0023657 -0.017169 0.00114502 -0.00135902 -0.00837911 -0.00913152 -0.000261163 -0.0236697 -0.000548386 0.00229437 -0.00139838 -4.66728e-05 -0.00102655 0.00205591 
-0.0803924 -0.000191464 0.000750727 -0.00130241 -0.0128121 -0.0325704 -0.003875 -0.00172488 -4.81859e-05 -0.00338482 -0.0662513 -0.00924455 0.22335 -0.00845461 0.000855494 -9.01335e-05 -0.00664623 0.126316 -0.0461047 -0.00356501 -0.00239954 0.0197381 0.00566294 -0.00058595 -0.0646676 0.0124852 0.00232553 5.57727e-05 -0.00990028 0.00219004 0.00699766 5.93523e-05 -0.00583288 -0.0126484 0.00194756 0.00862071 0.0715746 0.00508426 -0.117558 -7.15426e-05 -0.0291506 -0.00728224 -0.0101532 -0.000326707 -4.19208e-05 -0.0157602 -0.000181129 0.000102826 -0.00115332 0.028724 -0.0219006 0.00122867 -0.000677347 -0.0107355 0.0183256 -0.00196988 -0.000774471 0.000297155 0.000565239 -0.000545569 -0.00395006 0.0011826 -9.63511e-05 -0.00466752 -9.92282e-07 6.59501e-05 0.000651713 -0.00429728 0.0726213 -0.00646715 -0.0103111 0.000228831 0.000311116 -0.0588594 -0.000868351 -4.32213e-05 0.00650391 0.0469815 0.000108474 -0.00396299 -0.000387582 -0.000352191 -0.000231828 -0.000487217 -0.055541 -0.0742361 -0.0198691 0.108368 -0.00391059 0.0183636 0.00587083 0.0786106 -0.0183381 0.0336508 -0.00342581 -0.0313956 -0.000361259 0.000214069 -0.00560091 -0.0123534 
0.0111842 0.000131218 0.000229869 -6.34247e-05 -0.00180563 -0.013842 0.00169731 0.00446833 0.000159875 0.00590239 -0.010079 -0.00192942 -0.00845461 0.0274109 -5.57309e-05 0.00033699 -0.000506627 -0.0121983 -0.00348007 -0.00582585 -0.000286429 -0.0129969 -0.000111888 0.000356033 -0.00919203 -0.00107766 -0.00342286 1.50073e-05 0.0026693 -0.000344942 2.37968e-05 1.23427e-05 -0.000293643 -0.00125188 -0.000282518 -0.000178772 -0.00482534 -0.000981025 0.00722909 2.72029e-06 0.00593385 0.00745944 0.0203309 0.000902166 0.00159727 -0.00117555 0.000620884 2.64547e-05 0.00240006 -0.0220388 -0.00552479 -0.000134144 0.00117368 0.0130249 0.00608535 -0.00202532 0.000433111 -1.26825e-06 0.000484118 4.45834e-05 0.00260973 -0.000242453 2.81007e-05 0.00787452 1.91096e-07 5.02644e-05 8.37833e-05 0.00049564 -0.0164852 0.00658357 0.00486032 8.69345e-05 -1.94669e-05 -0.0174991 0.00153671 0.000123184 -0.00847958 -0.00249977 -2.81317e-05 0.00922964 0.00333662 0.000852891 0.000135585 0.0012158 0.00128231 -0.0097114 0.000413885 -0.0150929 0.00735504 -0.00138691 -0.00692551 -0.00907383 0.0114026 -0.00495568 -3.27892e-05 0.0221986 -0.00011332 2.74259e-06 0.0103585 0.00246905 
0.000414811 4.29638e-05 7.4313e-05 -4.86993e-06 0.00090674 -0.00216026 -2.88173e-05 0.000247815 0.000243618 5.34944e-06 -0.000730302 9.02663e-06 0.000855494 -5.57309e-05 0.00464538 1.08471e-05 0.000559278 -0.000414439 -0.000136707 -0.00135895 3.49038e-05 -0.00169418 2.35678e-05 5.34471e-05 -0.000453729 0.000443914 -0.000269088 1.42187e-05 0.000359459 0.000234796 -7.41699e-05 6.11126e-06 -5.92323e-05 5.39904e-05 -4.29255e-05 0.000558444 0.00106658 -0.000102614 -0.00169421 9.72226e-07 -6.47728e-05 0.000607295 6.77376e-05 9.35742e-05 -1.92846e-05 -0.000114548 2.15967e-05 2.08095e-05 -9.95632e-06 -0.00179699 -1.12283e-05 -3.87005e-05 7.64133e-06 -0.000106099 0.000379621 0.000523002 -3.30863e-06 -2.15781e-06 6.29828e-05 8.61243e-07 -5.68095e-05 0.000361037 5.28668e-06 5.7216e-06 -2.1329e-08 1.62162e-05 0.000294369 0.0002002 -0.000704662 -9.70354e-05 -0.000138676 0.00035812 1.94074e-05 -0.00070431 -2.74655e-06 2.79699e-05 -0.000725602 -0.000160959 1.74889e-05 2.96798e-05 0.000594535 -1.10185e-05 1.52191e-05 5.00755e-05 -0.00012918 0.00173553 3.00066e-05 0.000135631 0.000651916 -0.000122614 -0.000896042 -0.000794166 -0.000357438 -0.000522381 -4.96114e-05 -0.000271292 2.64854e-05 5.41095e-05 -0.000132892 4.4572e-05 
-0.000108882 1.8108e-05 -1.59537e-06 -3.05395e-06 9.12089e-05 -0.000383822 -3.3465e-06 0.000198983 4.35116e-06 0.000171215 -0.000184479 -0.000292049 -9.01335e-05 0.00033699 1.08471e-05 0.000539555 -4.87894e-06 -0.000196576 -2.22652e-05 -0.000361006 3.32158e-05 -0.000126831 1.07181e-07 7.28067e-06 -0.000350042 -1.34441e-05 -0.000286253 5.0253e-05 -2.82441e-05 2.57474e-05 1.79171e-06 6.09072e-07 -1.12e-05 -2.05063e-05 6.23069e-06 4.94808e-05 3.92064e-06 -1.74357e-05 -0.000210705 -9.7895e-09 0.000213664 1.71132e-05 0.000182903 0.000221001 4.65021e-05 -5.45085e-06 0.00019193 6.13342e-07 9.63429e-06 -0.000400411 -0.000140608 0.000162837 2.4843e-05 0.000217344 0.000386672 3.18591e-05 1.12316e-05 -1.37675e-07 0.000129584 3.38909e-06 -5.26616e-06 -2.25716e-06 2.6555e-05 9.74191e-05 6.75329e-08 -1.01197e-07 0.000117994 -6.76539e-06 -0.000306992 1.28192e-06 -1.76471e-05 9.32282e-06 3.31174e-06 -0.000198801 9.82956e-06 1.74117e-07 -0.000397791 -5.56261e-05 -9.76069e-07 0.000316411 0.000163317 9.32057e-06 3.01313e-05 4.2605e-05 -7.48162e-05 -0.000170153 -3.69009e-05 -0.000226717 0.000205072 -2.49878e-05 -7.41254e-05 -0.000175006 0.000316348 -4.08438e-05 -4.95349e-06 0.00012563 6.42827e-07 1.93003e-06 2.00119e-06 0.000203713 
0.0122265 9.13863e-06 -0.000139091 0.000562761 0.00846109 -0.0105858 -0.000255511 -1.57367e-05 0.000108412 -0.000153901 0.007607 0.00135519 -0.00664623 -0.000506627 0.000559278 -4.87894e-06 0.0236754 -0.0100522 0.0140779 -0.000261672 -0.000264705 -0.0116679 -0.000361439 0.000154459 0.00440071 0.000248485 -7.36105e-05 -5.70207e-06 0.000707019 0.00015903 -0.000398915 -1.69045e-05 4.61338e-05 0.000213133 -0.000166154 4.77796e-05 -0.00197932 -0.00102413 0.00330265 -1.88727e-06 0.00569977 0.000280117 0.00268059 1.12508e-05 -0.000107869 0.00582574 -8.81771e-06 3.72734e-06 -7.0466e-05 -0.0100121 -0.00189382 -0.000242463 -4.12177e-05 -0.000816373 -0.00159996 -0.0018791 8.00285e-05 -1.32258e-05 -5.12844e-05 4.18582e-05 -0.000240703 0.00117464 -2.33144e-05 -0.000234548 8.91126e-08 9.33642e-06 9.05179e-05 -0.000134686 -0.014577 -0.000469324 -0.000804506 0.000153619 -1.22457e-05 -0.00159069 -3.02873e-05 -3.40977e-06 0.000160245 -0.00212346 0.000155062 -0.000269075 0.00125633 -9.84191e-05 -8.1546e-06 -3.55476e-05 0.000407067 0.0134205 0.000560116 -0.0126646 0.00162998 -0.0011363 -0.00653554 -0.00878422 -0.00186456 -0.00429589 0.000699549 0.00450065 -0.000140805 -9.07672e-06 -0.00093424 0.00157672 
-0.109219 -0.00036015 0.00183331 -0.000553332 -0.0393912 -0.00117208 -0.00526809 -0.00281715 -0.000234852 -0.00468789 -0.0427475 -0.0247996 0.126316 -0.0121983 -0.000414439 -0.000196576 -0.0100522 0.249607 -0.0733387 0.00377323 0.00345489 0.0700228 0.00600609 -0.000824462 -0.0510905 -0.00201245 0.00299057 2.62309e-05 -0.0246104 -0.000746909 0.00695656 0.000246396 -0.00640533 -0.0189135 0.00075167 0.00483704 0.0477621 0.00580696 -0.10913 -9.59782e-05 -0.040872 -0.0153454 -0.0158593 -0.00052852 -0.0016276 -0.0227205 -0.000333992 -3.06608e-05 -0.00108965 0.0485774 -0.0203868 0.00413753 -0.000852841 -0.0167221 0.0066439 0.0100418 -0.000638357 0.000271653 -0.000653383 -0.000907786 -0.00523889 -0.000926123 0.000207108 -0.00724307 -5.34359e-07 -0.000103902 -0.000263914 -0.00550584 0.117438 -0.0099809 -0.0125142 0.000367106 -0.000363621 -0.0358397 -0.00127614 -7.69147e-05 0.00918242 0.0461118 -0.000170699 -0.0057508 -0.00333147 -0.00228165 9.75525e-05 -0.000741674 -0.0694872 -0.0974012 -0.0193656 0.118296 -0.00908442 0.0149585 0.0274127 0.0849088 -0.0233658 0.0494801 -0.0045356 -0.043744 -0.000476332 -7.05442e-05 -0.00838254 -0.0211502 
0.0762918 -4.18088e-05 -0.00122165 0.00201812 0.0417026 -0.0105952 -0.00226136 -0.000812677 -9.21745e-05 -0.00154781 0.0681301 0.0110761 -0.0461047 -0.00348007 -0.000136707 -2.22652e-05 0.0140779 -0.0733387 0.158604 0.00157865 -0.00212283 -0.0682225 -0.00296604 -0.000144635 0.0417583 -0.00501708 0.00156541 -4.96893e-05 0.00424895 -0.00138616 -0.00314109 -0.00012342 -0.000355882 -0.00101579 -0.000117758 -0.00137401 -0.0134137 -0.00627403 0.0428903 -3.64322e-05 0.0205532 0.00511422 0.007307 -0.000186815 -0.00105344 0.025044 -0.000205182 -1.86708e-05 -0.000694914 -0.0343352 0.0217911 -0.00181651 -0.000328332 -0.00629434 -0.00928912 -0.0137799 0.000744682 -0.000108932 -0.000139909 -0.000198224 -0.00215806 -0.000139189 -0.000220593 -0.00282647 2.99217e-08 1.68717e-05 6.09864e-06 -0.00023489 -0.0972986 -0.00406603 -0.0067153 -0.000420703 -8.3935e-06 0.0105148 -0.000401516 -1.89001e-05 0.00444895 -0.0187282 0.000784625 -0.00236905 0.00197333 -0.000387848 -0.0002143 -0.000306657 0.049687 0.10316 -0.012403 -0.0895983 0.00204278 -0.00733839 -0.050706 -0.0715591 -0.0127015 -0.0337783 0.00193913 0.00152734 -0.0010842 -2.49362e-06 -0.00654237 0.015496 
-0.00175254 -0.000159977 -0.000854978 2.89203e-06 -0.00345215 0.0124288 -0.00263581 -0.00396624 -0.000409957 -0.00335222 0.00783832 0.00194776 -0.00356501 -0.00582585 -0.00135895 -0.000361006 -0.000261672 0.00377323 0.00157865 0.0210983 0.000122458 0.00641907 -0.000325082 -0.000577833 0.0130289 -0.00448891 0.0035329 -3.03168e-05 -0.00198764 -0.0034361 5.4668e-05 -6.11914e-05 -0.00022778 -0.00132964 -0.000862248 -0.00488878 -0.00414592 0.000366349 0.00309904 -1.80154e-05 -0.0018597 -0.00170907 -0.00501435 -0.00104717 -0.000101613 0.000461062 -0.000572297 -0.000162624 -0.000315396 0.00951195 -9.78088e-05 -8.05798e-05 -0.00119082 -0.00790286 -0.00582446 0.000934466 5.70436e-05 -1.43336e-05 -0.000967534 -0.00077889 -0.00178667 -0.000195142 -8.63558e-05 -0.00717543 -2.14789e-07 -4.25632e-05 -0.000921575 7.08457e-05 0.0090799 -0.00149369 -0.00343031 -0.000265269 -0.000359695 0.0101739 -0.000185747 -4.02666e-05 0.00916058 -0.00090625 -8.87592e-05 -0.00635 -0.00453206 1.17394e-05 -0.000120478 -0.00137002 -0.000851541 0.0039442 -0.00125361 0.00459119 -0.00358344 -0.000832517 3.12432e-06 0.00258648 -0.00627488 0.00311561 3.71087e-05 -0.00542367 -3.36926e-05 -0.000130494 -0.000355997 -0.00296491 
-0.00318216 -4.82511e-06 6.81485e-05 -5.80114e-06 -0.00197888 0.00167241 3.01105e-06 -3.94935e-05 1.13543e-05 -4.58578e-05 -0.00271776 -0.0037367 -0.00239954 -0.000286429 3.49038e-05 3.32158e-05 -0.000264705 0.00345489 -0.00212283 0.000122458 0.0110105 0.00428504 1.11126e-05 -4.63266e-06 -0.00269435 -7.40413e-06 -0.000548203 2.99839e-05 -0.000782846 0.000221307 2.9268e-05 3.37812e-05 -0.000307927 -0.000477201 -6.90497e-05 -6.75052e-05 -0.00178568 -0.000106498 -0.00493065 -2.52276e-06 -0.000872821 -0.000432276 -0.000491361 -9.25133e-06 -6.01191e-05 -0.000318295 4.0793e-05 -1.58776e-06 -9.83622e-06 0.00119194 -0.00425633 0.000202398 -1.52464e-05 -0.000310014 -0.000550992 0.00446637 0.000383139 1.53623e-06 -2.33628e-05 -1.86674e-05 -5.60527e-05 -5.40635e-05 5.12387e-06 -8.45228e-05 2.52449e-07 -7.59734e-07 -2.47214e-05 -0.00012147 0.00253425 -0.000114477 -0.000219729 0.000201583 -1.34135e-05 -8.2583e-05 -1.68778e-05 3.81448e-06 -0.000332972 0.000653128 -2.37616e-05 -8.35595e-05 -0.000125479 6.76449e-05 1.64597e-05 -1.59411e-05 -0.00194623 -0.00397166 -0.000770258 0.00403967 -0.000194179 -0.000290291 -0.000679699 0.00475733 -0.000840737 0.00781496 -8.58198e-05 -0.00084748 0.000131087 -3.10568e-06 2.72286e-05 -0.0006206 
-0.120785 -0.000392361 0.000533047 -0.000228822 -0.0941233 0.0603051 -0.00572035 -0.00280039 -0.000252942 -0.00470426 -0.0493497 -0.0209074 0.0197381 -0.0129969 -0.00169418 -0.000126831 -0.0116679 0.0700228 -0.0682225 0.00641907 0.00428504 0.249861 0.00118366 -0.000947915 -0.00905283 -0.00878449 0.00304925 6.48412e-05 -0.0143292 -0.00196978 0.000218044 6.92747e-05 -0.0146148 0.0080888 -0.00455495 -0.00223065 -0.0225027 0.00389239 -0.0690498 -8.08832e-05 -0.0431964 -0.0203967 -0.0196324 -0.000529277 -0.00250483 0.00107615 -0.000328178 -0.000112438 -0.00248375 0.057811 -0.0368242 0.00296023 -0.000989279 -0.0180604 -0.00750395 0.0269939 -0.0012586 1.43318e-05 -0.00108916 -0.00102882 -0.00543424 0.00133734 0.000392666 -0.00730704 4.544e-07 -7.77843e-05 -5.33735e-05 -0.00474979 0.0995807 -0.0105433 -0.0122655 -8.48598e-05 -0.000603961 0.0794922 -0.00153192 -7.82482e-05 0.00352961 0.00120805 -0.00095288 -0.00545197 -0.00480297 -0.00253191 0.000228417 -0.000690669 -0.0845561 -0.105337 -0.00671886 0.0934389 -0.0123566 0.00802844 0.103995 0.101974 -0.0345436 0.0653626 0.00152691 -0.0426733 -0.000119804 -0.000157253 -0.00750957 -0.0275189 
-0.00438127 -1.09515e-05 1.6909e-05 -5.41761e-05 -0.00256415 0.000426438 -0.000155957 -3.89089e-05 2.87219e-06 -7.31161e-05 -0.00452595 -0.00593214 0.00566294 -0.000111888 2.35678e-05 1.07181e-07 -0.000361439 0.00600609 -0.00296604 -0.000325082 1.11126e-05 0.00118366 0.0149339 -2.44696e-05 -0.00512174 -0.000434596 -5.96139e-05 1.06478e-05 -0.000964324 0.000145685 0.000798882 0.000166826 -0.000399925 -0.000634321 0.000562017 0.000255097 0.000225204 0.00129289 -0.00538527 -1.28842e-06 -0.00125565 -0.000512833 -0.00038481 -5.01138e-06 -2.41003e-05 -0.000801522 -1.44368e-05 -2.57469e-06 0.00025325 0.00147282 -0.00378655 0.000813427 9.68699e-07 -0.000506908 0.00154555 0.00346888 -4.43507e-06 7.92479e-05 -1.79848e-05 -2.77243e-05 -0.000148289 9.83467e-05 0.000167032 -0.000170737 1.30701e-07 1.01838e-05 0.000277034 -0.000101343 0.00356658 -0.000152271 -0.000465089 2.38915e-05 -4.33388e-06 -0.00529018 0.000171282 -3.16306e-07 -0.000842124 0.00775959 -5.4498e-06 -7.49241e-05 -3.92524e-05 -9.54334e-05 9.45438e-05 -3.99526e-06 -0.00320412 -0.00570402 -0.00104725 0.0048379 -0.00030119 0.00084377 -0.00123667 0.00114773 -0.0012391 0.00368676 -0.000116515 -0.00122645 -5.19702e-05 -1.70576e-06 0.00208896 -0.000738869 
0.000931242 8.56802e-06 1.20612e-05 4.96014e-06 -0.000142954 -0.00133404 0.000836636 0.000261586 7.416e-05 0.000509067 -0.000680077 -0.000482671 -0.00058595 0.000356033 5.34471e-05 7.28067e-06 0.000154459 -0.000824462 -0.000144635 -0.000577833 -4.63266e-06 -0.000947915 -2.44696e-05 0.00203838 -0.000395941 -3.95446e-05 -0.000898655 2.86489e-06 3.39353e-05 5.97851e-05 -2.62012e-05 -1.10722e-06 9.60421e-05 -6.77962e-05 -2.07371e-05 1.02384e-05 -0.000314513 -5.52175e-06 0.000250188 1.01415e-06 0.00011714 0.000120665 0.000155043 7.56936e-05 4.91359e-05 2.85906e-05 1.25414e-05 5.1815e-06 1.55469e-06 -0.00163171 -0.000841779 3.57474e-05 0.000348709 0.0011217 0.000131378 -0.000154018 -9.05559e-07 -3.0817e-07 1.00208e-05 0.000176476 0.000617628 8.54506e-05 1.334e-05 0.000863413 -9.33447e-09 9.50363e-06 3.32235e-05 0.000116401 -0.0010666 0.000694263 0.000905895 7.62784e-05 2.55005e-06 -0.000897097 2.65161e-05 1.40983e-06 -0.00126042 -0.000175645 9.27113e-07 0.00030781 0.000220628 5.11513e-06 2.69068e-05 8.8588e-05 0.000384512 -0.000554543 0.000735831 -0.00100822 -1.92613e-05 -9.04686e-05 -0.00046658 -0.000435477 0.00117781 -0.00030846 8.48393e-05 0.00121301 4.44641e-05 1.55111e-07 0.000522383 8.0775e-05 
0.0285045 -0.000378107 -0.00136252 0.000820694 0.00691648 0.0371391 -0.00545562 -0.00355127 -0.000232968 -0.00431554 0.0866294 0.00467912 -0.0646676 -0.00919203 -0.000453729 -0.000350042 0.00440071 -0.0510905 0.0417583 0.0130289 -0.00269435 -0.00905283 -0.00512174 -0.000395941 0.200357 -0.0109908 0.0028326 -6.81398e-05 0.00891906 -0.00239124 -0.00906513 -6.98423e-05 -0.000201173 -0.00624417 -0.00362979 -0.00819431 -0.0561731 -0.019807 0.0398403 5.92517e-07 0.0105239 -0.00851486 -0.00942523 -0.000752171 -0.00258255 0.0114914 -0.000672592 -0.000149841 -0.00137064 0.00858086 -0.0131391 -0.000302954 -0.00100539 -0.0155414 -0.0391268 0.000280004 -0.00116627 -0.000368348 -0.00130451 -0.00089512 -0.00590286 0.000469832 -0.000242456 -0.00879491 -5.33232e-07 7.73923e-05 -0.00138464 0.00180096 -0.023718 -0.00578863 -0.0115657 -3.42691e-05 -0.000700675 0.079441 -0.000181462 -2.78225e-05 0.00960131 -0.0491127 -1.047e-06 -0.00800996 -0.00676383 -0.000768073 0.00022827 -0.00108281 0.0236378 0.0695463 0.00347515 -0.030623 -0.00839211 -0.0129536 -0.0292023 -0.0764795 -0.00659845 -0.0150224 0.00221512 -0.011705 -0.00188777 -0.000261728 -0.00475718 -0.00376496 
-0.000700472 -2.91859e-05 8.1001e-05 -0.000226068 0.00796195 -0.00955753 -0.000394794 -0.000163538 7.87286e-05 -0.000403295 -0.00278566 0.00183159 0.0124852 -0.00107766 0.000443914 -1.34441e-05 0.000248485 -0.00201245 -0.00501708 -0.00448891 -7.40413e-06 -0.00878449 -0.000434596 -3.95446e-05 -0.0109908 0.0387808 3.91984e-05 -2.06123e-06 0.00969968 0.00227 0.000182508 -5.9766e-06 0.000154569 -0.000346574 0.00131843 0.00263023 0.00824933 -0.00115655 -0.00682291 -6.24057e-06 -0.000378784 -0.000205523 -0.000752294 -2.24423e-05 0.000213803 -0.00104862 -2.78686e-05 5.86619e-05 0.000492491 0.00196475 0.00800187 -9.87213e-05 -4.86885e-05 -0.000921595 -0.00157322 -0.00265932 2.84018e-05 2.07696e-05 -2.87587e-05 9.56409e-05 -0.00019206 1.60697e-05 -4.5654e-05 -0.000226815 -2.46923e-08 2.57253e-05 0.000450789 9.92184e-05 -0.00754269 -0.000845395 -0.00123256 6.00814e-05 0.000336822 -0.0102605 -0.000135171 -5.03512e-06 -0.000840473 0.00337853 -8.24302e-05 -0.00050886 0.000890025 -0.000249252 -2.59907e-05 -2.29574e-05 0.00178262 -0.000512849 -0.00184705 0.00286412 -0.0007202 0.00390136 -0.00576651 -0.00386242 -0.0033128 -0.00410871 -0.000292621 -0.00339169 -0.000200919 -1.2907e-05 -0.00122067 -0.000438991 
-0.00117336 -0.000155295 -0.000127249 5.01038e-06 -0.00117037 0.00525869 -0.00243626 -0.00185165 -0.000389249 -0.0030929 0.00322299 0.00248404 0.00232553 -0.00342286 -0.000269088 -0.000286253 -7.36105e-05 0.00299057 0.00156541 0.0035329 -0.000548203 0.00304925 -5.96139e-05 -0.000898655 0.0028326 3.91984e-05 0.00833958 -7.5432e-05 -0.00119062 -3.72862e-06 3.3164e-05 -5.56302e-05 -6.50643e-05 0.000240203 7.88848e-05 0.000100229 0.00137995 0.000278663 -0.000602528 -2.68985e-05 -0.00188204 -7.89785e-05 -0.000475331 -0.00105053 -0.000192983 0.000294175 -0.00058439 -2.77649e-05 -0.000259047 0.00538539 0.00395799 -0.000315203 -0.00160797 -0.00616717 -0.00189757 -0.000190315 -3.82868e-05 2.48471e-06 -0.000323991 -0.000813472 -0.00315581 -0.000247967 -0.000134019 -0.00439979 -3.28232e-07 -3.1778e-05 -0.000276006 -3.54189e-05 0.00419079 -0.00311 -0.00372775 -0.000578724 7.20481e-06 0.00426274 -0.000226563 -6.68315e-05 0.00610223 0.000185238 -1.24639e-05 -0.00266852 -0.000477747 -0.000158158 -0.000214209 -0.00135792 -0.000682821 0.00326929 -0.00226805 0.00366254 -0.000956686 0.000368672 0.00179155 0.00170292 -0.00586793 0.000556386 -0.000376597 -0.00475151 2.451e-05 -3.40278e-05 -0.00213726 -0.00168656 
-6.66833e-05 1.83178e-06 -7.47679e-07 -1.16421e-06 -4.55072e-05 -0.000113104 -1.74809e-06 3.37988e-06 -1.42073e-07 3.41894e-05 -6.85142e-05 -8.60457e-05 5.57727e-05 1.50073e-05 1.42187e-05 5.0253e-05 -5.70207e-06 2.62309e-05 -4.96893e-05 -3.03168e-05 2.99839e-05 6.48412e-05 1.06478e-05 2.86489e-06 -6.81398e-05 -2.06123e-06 -7.5432e-05 0.000253756 -3.24895e-06 3.26556e-05 -5.17349e-07 1.42267e-06 -5.16504e-06 -5.39423e-06 -1.30097e-06 1.67761e-05 5.73708e-05 -2.69804e-06 -0.000144006 3.88778e-07 -5.50874e-06 -6.72609e-06 -2.20305e-06 1.51205e-05 9.30243e-06 -1.29522e-05 2.23793e-05 1.55549e-07 8.67026e-07 -2.42768e-05 -0.000117344 5.99928e-05 2.76051e-06 9.15088e-06 2.01053e-05 9.52384e-05 -3.06173e-07 1.03574e-07 5.83501e-07 -2.44085e-07 -2.60515e-06 -1.36884e-06 4.38226e-06 7.12217e-06 1.21734e-08 3.23366e-06 1.23156e-05 -2.42692e-06 2.37603e-05 6.22478e-06 -6.64775e-06 3.06127e-06 4.9289e-07 2.64443e-05 1.20508e-06 1.19819e-07 -0.000129198 7.10987e-06 -5.53502e-07 5.68739e-06 1.75622e-05 -1.73671e-06 1.08803e-05 3.59165e-07 -4.32049e-05 -9.70268e-05 -1.5053e-05 7.68176e-05 1.51918e-06 9.60157e-06 3.45762e-05 3.42469e-05 4.29873e-05 2.99488e-05 -1.54293e-06 -8.53029e-06 -1.1534e-06 3.78342e-07 2.09895e-06 -1.15612e-05 
-0.00556967 -3.93584e-05 -0.00034015 -0.000297749 0.0154814 -0.00729979 -6.06963e-05 -0.000140528 1.00434e-05 -0.000524762 -0.00723734 0.00478025 -0.00990028 0.0026693 0.000359459 -2.82441e-05 0.000707019 -0.0246104 0.00424895 -0.00198764 -0.000782846 -0.0143292 -0.000964324 3.39353e-05 0.00891906 0.00969968 -0.00119062 -3.24895e-06 0.0693944 0.00280851 -0.00109461 -5.18676e-05 -0.00197383 0.00659798 0.00186461 -0.000953429 -0.00949816 -0.00284984 0.0123625 3.92629e-05 -0.00173813 -0.00115095 0.00214954 -7.46755e-05 0.000287883 -0.00281481 -6.50601e-05 -9.90165e-06 0.0015656 0.0020285 0.000895707 -0.000620756 4.66825e-05 0.000818752 -0.00248615 0.00217704 -2.60649e-05 -2.63479e-05 8.10748e-05 0.000840039 0.00111201 -0.000160016 -7.05976e-06 0.00305119 -2.66187e-07 4.12811e-05 -4.16449e-05 -0.000419786 -0.00812376 -0.000686088 -0.000389219 -0.000169774 4.44964e-05 -0.0133479 0.00051017 5.13168e-06 -0.00169279 -0.00539098 -0.00011834 0.000520533 0.000214031 -0.000443567 -8.18894e-06 0.000314511 -0.000964376 0.0155177 0.00422547 0.00233064 0.00330676 -0.00253748 -0.0116026 -0.0234485 -0.000653488 -0.0108113 -0.000421436 0.000612707 -0.000351745 -2.34027e-05 -0.000365467 0.000246711 
-0.00147086 4.27411e-06 -1.21393e-05 -6.43616e-05 -0.000831246 -0.00318521 -0.000147018 -5.46588e-05 3.53043e-05 -0.000108541 -0.00299753 5.70897e-05 0.00219004 -0.000344942 0.000234796 2.57474e-05 0.00015903 -0.000746909 -0.00138616 -0.0034361 0.000221307 -0.00196978 0.000145685 5.97851e-05 -0.00239124 0.00227 -3.72862e-06 3.26556e-05 0.00280851 0.0128874 -0.000185157 2.07987e-05 -0.000145462 0.00118685 0.00202467 0.00307299 0.00139924 0.000116546 -0.00579717 -2.67479e-06 -0.00106994 0.00044522 -5.92684e-05 -4.92685e-06 8.75634e-05 0.00040069 -8.88862e-08 9.19924e-05 3.92386e-05 0.000172956 -0.000962934 0.000356712 -1.67896e-05 -0.000398874 -0.000545954 0.000253559 -3.83141e-05 -5.51499e-07 -1.5915e-05 1.54396e-05 -0.000152288 0.000206909 5.74798e-05 -0.00010654 -5.96748e-08 4.808e-05 2.05581e-05 -4.49454e-05 -0.00039015 -0.000254358 -0.000425058 4.282e-05 0.000111463 -0.00279309 -1.80623e-06 2.58058e-07 -0.000342051 0.00237027 -1.66179e-05 -0.00016295 0.000642295 -6.06076e-05 1.40342e-05 -1.30982e-05 -0.00204642 -0.000165352 -0.000758433 0.00312666 -8.32975e-05 -0.000536749 0.00190332 0.000625054 -0.000819136 -0.00123654 -0.000142536 -0.0010632 -7.33841e-05 1.57867e-06 0.000756913 -0.000660711 
-0.00469354 -1.12162e-05 0.000223305 1.943e-05 -0.00276069 -0.00539652 -9.27531e-05 4.9873e-06 -5.52738e-06 -9.48778e-05 -0.00500153 -0.00226658 0.00699766 2.37968e-05 -7.41699e-05 1.79171e-06 -0.000398915 0.00695656 -0.00314109 5.4668e-05 2.9268e-05 0.000218044 0.000798882 -2.62012e-05 -0.00906513 0.000182508 3.3164e-05 -5.17349e-07 -0.00109461 -0.000185157 0.0165933 5.90328e-05 -0.000427042 -0.000386927 -3.11335e-05 0.000946051 0.00546135 0.000496368 -0.0070751 -3.46274e-06 -0.00148292 -0.000527523 -7.26453e-06 -1.17244e-05 -4.59422e-05 -0.000935855 2.45033e-05 1.27585e-06 0.000426527 0.00152288 -0.00163273 0.000140399 -2.03759e-05 -0.000357713 0.00371285 -0.000721597 9.49307e-05 1.24482e-05 -3.00119e-05 -3.40149e-05 -0.000177048 -0.000139337 3.27113e-06 5.75066e-05 2.12867e-07 2.05884e-06 0.000369905 -0.000193272 0.00425116 -0.000228158 -0.000397552 -3.43849e-05 1.1265e-05 -0.00885087 -3.68911e-05 -2.7402e-06 -0.000508414 0.00603798 -3.08275e-05 0.000238113 1.44607e-05 -0.00010046 1.08856e-05 -9.07083e-06 -0.00335788 -0.00621974 -0.000847264 0.00450158 -0.000151187 1.65461e-05 -0.000114736 0.00652044 -0.000939315 0.00585231 -0.000147376 -0.00117434 -2.96903e-05 7.10513e-06 -0.000493918 -0.00070591 
-9.61975e-05 2.2181e-06 -3.40891e-06 -3.30448e-06 -0.000126244 -5.30069e-06 -6.28094e-07 -3.93438e-06 -1.75088e-07 1.53212e-05 -0.000122961 -0.000449908 5.93523e-05 1.23427e-05 6.11126e-06 6.09072e-07 -1.69045e-05 0.000246396 -0.00012342 -6.11914e-05 3.37812e-05 6.92747e-05 0.000166826 -1.10722e-06 -6.98423e-05 -5.9766e-06 -5.56302e-05 1.42267e-06 -5.18676e-05 2.07987e-05 5.90328e-05 0.00071129 -1.33627e-05 -3.22445e-05 6.09608e-06 4.78015e-05 0.000116989 5.22487e-05 -0.000358602 1.80994e-07 -6.28489e-05 3.90854e-05 -1.62884e-05 -1.55922e-07 -3.26601e-06 -3.67673e-05 3.73219e-06 2.95553e-05 6.58341e-06 -3.26373e-05 -6.69323e-05 4.92475e-05 3.46311e-06 -2.0848e-05 -1.17764e-06 0.000251694 1.46551e-05 1.65205e-06 -1.61336e-06 -1.27036e-06 1.03699e-07 -4.07088e-07 1.33543e-05 -6.24074e-06 -3.25291e-09 5.71064e-07 1.97645e-05 9.89498e-06 5.61416e-05 5.08117e-05 -1.12609e-05 1.73829e-06 2.54199e-05 -0.000142148 8.53577e-06 -1.22028e-07 -3.68855e-05 8.7895e-05 -1.31039e-06 2.01801e-06 6.03552e-05 3.65405e-05 9.76683e-06 -1.10538e-06 -7.76283e-05 -0.000250883 -3.99262e-05 0.000153923 -1.524e-05 -3.21094e-05 8.90931e-06 -0.000231877 -4.26528e-05 0.000191455 -6.42536e-06 -2.25561e-05 -1.09039e-06 -2.9443e-07 4.0891e-05 -3.96668e-05 
0.0146203 7.72893e-05 0.000183876 -5.91749e-05 -0.00330045 -0.00496035 0.000889195 -0.000137246 -1.09331e-05 0.00039157 0.00494723 -0.000523147 -0.00583288 -0.000293643 -5.92323e-05 -1.12e-05 4.61338e-05 -0.00640533 -0.000355882 -0.00022778 -0.000307927 -0.0146148 -0.000399925 9.60421e-05 -0.000201173 0.000154569 -6.50643e-05 -5.16504e-06 -0.00197383 -0.000145462 -0.000427042 -1.33627e-05 0.0281377 -0.00117089 -0.000165103 -0.000115598 -0.000529305 -0.000484464 0.00583454 -4.86887e-06 -0.00136238 0.00189845 -0.000532358 5.68978e-06 0.000699986 -0.00123276 3.30087e-05 -1.11423e-06 -0.000122911 -0.00944738 -0.00530159 -0.000185843 1.53971e-06 0.00433976 0.00294172 -0.00228763 -7.49418e-05 -1.54095e-05 -3.03327e-05 3.53168e-06 0.00148456 -0.000182139 -2.80674e-05 -0.000136495 -1.32427e-07 -4.68912e-06 -7.37006e-05 8.84676e-05 -0.00771678 0.0030405 0.00594742 -7.75083e-06 -2.48345e-05 -0.00221449 -5.19753e-05 -4.47445e-06 -0.000840599 -0.00278145 -6.15845e-05 -0.000358668 0.000350569 0.000450672 -2.77998e-05 -4.24369e-05 0.0183107 0.00132373 0.00163422 -0.0097813 -0.000644854 -0.000290858 -0.00698535 -0.00992618 0.00746883 -0.0042052 -0.000172564 0.00531294 0.00159446 -4.86297e-06 -0.000938878 -0.00140513 
