0.0010328 -8.78626e-05 1.06383e-06 1.00407e-05 1.03816e-06 0.000116103 2.33028e-07 6.35533e-06 3.66715e-05 -8.80376e-06 5.50659e-07 3.93848e-06 -0.000449825 -3.25868e-05 3.38116e-06 0.000177337 -0.00027392 -0.000138846 0.000100983 0.000122957 2.08881e-05 4.20597e-05 -0.000101179 -0.0002479 -0.00030776 7.43596e-05 2.10341e-06 2.56354e-06 -8.80455e-06 3.79822e-05 8.96027e-08 -4.40745e-05 8.90738e-05 -5.04431e-05 8.05128e-05 1.3472e-05 5.39819e-05 2.04446e-06 1.59844e-05 2.0957e-05 0.00027109 5.16571e-07 1.38941e-06 -3.25267e-06 -5.69847e-06 -0.000274164 -0.000171305 1.23549e-07 0.000115762 -4.26583e-06 0.000173126 -1.59396e-05 3.38206e-05 3.28506e-07 -0.000182874 0.000138057 4.16844e-05 9.63958e-05 6.03207e-06 5.7945e-05 4.29996e-05 4.03359e-07 5.53014e-05 1.73694e-06 2.58112e-07 6.81223e-05 3.01592e-06 3.2849e-05 3.13587e-06 4.7756e-07 9.66734e-07 8.49245e-06 3.46727e-05 -1.83537e-07 -2.61487e-07 -1.73949e-05 7.29591e-06 -9.36439e-05 -4.85052e-05 2.88611e-06 1.77519e-05 2.37358e-06 9.54171e-06 -0.000133411 4.14473e-05 5.33757e-07 -1.53273e-05 8.7315e-09 3.109e-06 -2.94916e-06 -0.00079757 1.55375e-05 4.48506e-07 3.26948e-05 -1.5533e-07 9.38091e-06 -1.41907e-06 -5.61721e-06 0.000111766 1.29403e-05 
-8.78626e-05 0.0506395 -3.689e-05 -0.000477157 -0.00146741 -0.000202044 -0.000253865 -0.000269357 -0.00193037 -0.00165904 -6.62495e-06 -0.000772183 0.0197879 0.00121304 -0.000166939 -0.0190233 0.00439406 0.0168856 -0.00625126 -0.0134808 -0.00360605 -0.000292893 -0.0212465 0.000171765 0.0174411 -0.00633686 -0.000196076 -0.00295881 -0.00669268 -0.00227595 -2.05462e-05 -0.00478373 -0.0042353 0.0205401 -0.00330603 -0.00582661 0.000351963 -0.000222805 -0.000332449 -0.000237711 9.38735e-05 -1.61134e-05 -6.10804e-05 -7.01193e-05 0.00362912 0.00675116 0.0125545 -1.29713e-05 -0.00223416 -0.000369676 0.00879098 -0.00174949 -0.00101626 -5.90852e-05 -0.00551815 -0.000857639 -0.00175002 0.000215163 -3.21459e-05 -0.00327832 -0.00811696 -3.93724e-06 -0.00464563 -0.0118235 -3.68225e-05 -0.00449673 -0.00345219 0.000641236 -4.87283e-05 -0.00135942 -0.000621085 -0.000442414 0.00166153 -0.000135316 1.25339e-05 -0.011036 -0.000692282 0.0260308 -0.0163382 -0.000355426 -0.000375763 -1.12127e-05 -0.000338916 0.00706686 -0.000267841 -5.4886e-06 -0.0033446 -1.5541e-05 -3.35669e-05 -0.00237271 0.000909494 -0.00207242 -3.8411e-05 -0.000197751 -2.28677e-05 -3.00498e-05 -0.000409185 -0.000785116 -7.11431e-05 -0.000103693 
1.06383e-06 -3.689e-05 0.000466805 3.85408e-05 3.36816e-06 7.68315e-06 4.76784e-06 3.60924e-07 8.0738e-06 1.84177e-05 1.60079e-07 -3.81947e-07 -0.000141286 -6.38909e-05 -2.00944e-06 -5.46433e-06 -4.20363e-05 -2.65243e-05 9.75101e-06 6.51408e-05 3.31712e-05 6.26391e-06 -2.30602e-05 -8.091e-05 -6.2146e-05 4.96358e-06 1.70721e-06 7.5609e-06 -1.7188e-05 -2.21401e-06 9.24326e-07 9.60774e-05 8.58206e-07 -9.12581e-05 3.94695e-06 1.73006e-06 -1.56345e-07 1.08005e-06 -5.06332e-07 7.4859e-07 5.17996e-05 6.55432e-08 -1.61345e-07 2.09968e-05 6.50799e-05 -0.000112499 -6.61997e-05 -4.20632e-08 3.21473e-07 -1.74473e-06 -9.2735e-06 3.66579e-06 3.65446e-05 4.69304e-09 -3.72284e-05 2.06876e-05 -8.21211e-06 2.99137e-05 2.53969e-06 3.07865e-07 9.68684e-06 -5.26896e-08 2.25436e-06 3.66115e-06 -1.21312e-07 2.15162e-06 1.43708e-05 7.57329e-05 -1.48987e-06 1.58108e-05 1.88703e-06 7.0458e-07 3.78748e-05 1.51644e-05 5.00902e-05 -8.24327e-06 3.41679e-06 -6.97744e-05 -8.89509e-05 2.66522e-05 8.76718e-07 1.51926e-07 2.11801e-06 -0.000104403 1.2072e-07 8.35102e-10 2.12003e-05 -5.9523e-09 5.7555e-07 -7.58355e-07 -0.00021122 -1.84022e-06 4.21578e-07 1.99766e-07 6.27891e-07 3.0137e-06 -1.13248e-06 -1.98693e-06 1.50836e-05 2.32128e-06 
1.00407e-05 -0.000477157 3.85408e-05 0.00317144 -3.55894e-06 3.66534e-05 -1.29511e-06 3.8507e-06 0.000369389 0.000380473 -8.36261e-08 -6.54231e-06 -0.00177413 -1.12906e-05 -7.95616e-05 0.000572089 -0.00149647 -0.00074677 0.000280006 0.00166598 8.08709e-06 0.000373041 -3.53581e-05 -0.00108287 -0.00179279 0.000274513 2.18807e-06 9.71048e-05 -0.000168786 0.000136229 5.41823e-06 0.000455588 0.00018065 -0.00153141 2.0981e-05 0.000167331 -5.75081e-05 1.83338e-05 1.97315e-05 0.000136867 0.000979484 6.42765e-07 5.36565e-05 0.000103081 0.00172825 -0.00230783 -0.00195375 1.01011e-06 -1.94149e-06 4.41626e-06 -0.00021845 2.33296e-05 0.000667452 1.24028e-05 1.98377e-05 6.51348e-05 3.61915e-05 1.81121e-05 0.000152622 9.6882e-05 -2.38898e-05 9.77227e-08 0.000354007 0.00108077 5.66901e-07 0.000220512 9.98008e-06 0.00118716 2.34214e-05 0.00046302 1.23029e-05 4.3606e-06 0.000180967 2.83322e-05 0.000416585 7.46651e-05 0.000112852 -0.000868083 -6.71337e-05 1.59309e-05 2.95035e-05 1.69925e-05 2.71636e-05 -0.00188218 -5.24741e-06 -3.97271e-08 -7.58559e-06 1.84737e-06 -5.28017e-07 -5.40307e-06 -0.000515308 -5.41934e-05 7.81179e-06 3.74966e-05 5.85043e-06 8.51294e-05 -8.2195e-06 4.70033e-05 0.000338194 1.58096e-05 
1.03816e-06 -0.00146741 3.36816e-06 -3.55894e-06 0.00224715 6.09778e-06 1.30563e-06 2.29554e-05 8.38829e-05 0.000110517 2.57942e-06 3.5525e-05 -0.00132036 -0.00120365 -0.000235326 7.29334e-05 -0.000738789 -0.00133333 0.00134495 0.0014545 0.00133019 8.66226e-05 0.000219159 -0.000186228 -0.00134655 0.00110321 8.86902e-06 0.000823049 8.20263e-05 0.000177725 1.62915e-06 -2.26263e-05 0.001127 -0.00152309 0.00132967 4.99032e-05 -2.39017e-05 1.20449e-05 4.85276e-05 1.42164e-05 -8.90387e-07 8.01813e-06 1.64567e-07 0.000318484 -0.000252751 -0.00140235 -0.00124768 3.43048e-06 0.000335409 4.23454e-06 -0.000320819 0.00104614 -4.30265e-05 3.1464e-06 -0.000199947 2.6423e-05 0.000117928 -2.4622e-05 5.00386e-06 0.000506239 -1.39068e-05 -2.00763e-07 0.000453787 -3.62632e-05 1.0255e-05 0.000564558 -2.30749e-05 -7.38265e-05 1.83612e-07 -6.17202e-06 3.84282e-05 1.0995e-05 -8.91772e-05 3.50737e-06 -1.10588e-06 -4.70771e-05 1.5561e-05 -0.00121983 0.000457239 7.41093e-05 0.000196059 6.93816e-06 -1.70435e-06 -0.00158849 0.000178339 5.76521e-06 1.53034e-05 4.04914e-06 3.27666e-06 -2.78063e-06 -0.00101066 0.000520209 1.05175e-06 4.77007e-05 3.06987e-07 1.97791e-05 6.66443e-05 4.21812e-05 -1.00761e-05 0.000109738 
0.000116103 -0.000202044 7.68315e-06 3.66534e-05 6.09778e-06 0.00126922 9.35983e-07 5.49207e-08 6.83517e-05 -4.17427e-06 1.31727e-06 1.96535e-06 -0.00101384 -1.05784e-05 -2.75995e-05 0.000133635 -0.000326613 -0.000472213 4.134e-05 4.44308e-05 3.95963e-06 5.75959e-05 -0.000119513 -0.000958844 -0.000907129 5.36301e-05 3.40772e-06 1.71945e-05 0.000554508 0.000109299 -1.05214e-07 -1.11991e-05 9.805e-05 -3.55877e-05 2.02784e-05 4.84331e-05 0.000143076 1.83066e-06 1.18898e-05 5.2054e-06 0.000927709 -2.74801e-08 -1.18298e-06 1.67226e-05 -4.2634e-05 -0.000450003 -0.000471416 4.55397e-08 1.2805e-05 -4.3462e-06 0.000706866 8.3908e-05 0.000188189 4.50591e-07 -0.000249863 0.000790613 -8.82773e-06 0.000108284 4.12183e-06 7.43465e-05 0.000489053 9.46624e-07 6.81289e-05 6.01282e-05 7.66558e-07 3.43802e-05 2.49556e-06 -3.39191e-05 -9.34992e-06 1.52119e-05 1.85673e-05 1.05141e-05 -5.37019e-05 9.666e-07 -6.18872e-07 -2.2204e-05 1.88637e-05 -0.000106992 -0.000420774 -8.71518e-07 7.40223e-06 6.39184e-07 7.86406e-06 -3.16175e-05 2.91543e-06 2.37465e-07 -2.21249e-05 5.32329e-07 -1.55538e-07 2.52895e-05 -0.000999305 0.000420722 -5.58666e-08 1.55917e-05 2.14551e-07 5.73781e-05 -4.57172e-06 -1.29253e-05 -4.60777e-06 1.252e-05 
2.33028e-07 -0.000253865 4.76784e-06 -1.29511e-06 1.30563e-06 9.35983e-07 0.000760611 3.64192e-06 -1.00054e-06 -2.42231e-06 1.50641e-08 4.49383e-06 -0.000228136 -0.000446585 -0.000195486 -1.19656e-05 -2.64007e-05 -0.000106853 9.48723e-06 0.000141014 0.000138079 2.46283e-06 0.000343635 2.3346e-05 -0.000321832 1.7438e-05 4.3929e-05 3.66013e-06 -3.8139e-05 4.41749e-05 1.43238e-08 0.000113312 1.18613e-05 -0.000267401 2.00066e-05 2.20183e-05 -1.30029e-05 -2.77235e-06 -6.30973e-07 2.56094e-07 -1.0098e-05 -4.42862e-09 -7.46502e-07 -2.40503e-06 7.63476e-06 -2.57832e-05 -0.000219563 -3.18912e-08 -3.00402e-06 -5.66213e-07 -0.000195636 0.000394987 7.08275e-05 2.45404e-09 0.00012868 -7.65638e-06 0.000163247 -1.79043e-06 2.70431e-07 4.7961e-08 -2.48811e-05 -7.92108e-08 6.39354e-06 1.66925e-07 -2.10575e-08 8.11958e-06 7.75435e-05 3.41638e-05 -1.47416e-06 1.56625e-05 -4.04906e-08 -3.15329e-07 -2.721e-05 9.87074e-06 5.49568e-08 -6.21297e-06 2.08236e-06 -0.00016868 0.000224094 5.53458e-05 3.65105e-06 -7.83544e-08 3.20853e-06 -0.000480123 1.44404e-05 -9.50473e-09 1.25466e-05 4.66099e-07 1.80258e-07 6.60036e-06 5.81078e-05 1.57033e-06 3.58454e-06 1.57995e-05 2.45675e-07 2.61308e-07 -2.46806e-06 5.90653e-05 1.79483e-06 5.25096e-06 
6.35533e-06 -0.000269357 3.60924e-07 3.8507e-06 2.29554e-05 5.49207e-08 3.64192e-06 0.000732636 1.59745e-05 -8.73008e-06 1.09193e-07 4.89566e-06 -0.000507781 -0.000264719 -2.54769e-05 0.000176807 -7.7462e-05 -0.000316805 0.000228003 0.00052361 9.84399e-05 -7.63096e-07 0.000284125 -1.21302e-05 -0.000218431 0.000110692 6.08343e-06 2.63913e-05 -3.0511e-05 9.6679e-05 2.40197e-07 -2.26531e-05 8.57204e-05 -0.000510641 4.06474e-05 5.85921e-05 -1.51709e-05 -1.80037e-06 8.95487e-06 1.09697e-06 -1.51825e-05 7.60172e-07 -7.19026e-07 5.39912e-06 0.000139104 -0.000277075 -0.000515706 5.20632e-07 6.43692e-05 1.40163e-05 -0.000175942 0.000124319 3.7595e-06 3.67905e-07 0.000167402 1.09372e-05 2.03409e-05 -6.52019e-06 5.13139e-08 6.85816e-05 2.45589e-05 -8.27166e-08 0.00013176 0.0001762 3.39622e-06 6.35315e-05 1.32038e-05 6.28425e-05 -2.48454e-06 -1.07413e-06 1.65664e-05 1.46401e-05 -3.16689e-05 9.5206e-06 8.15141e-07 -6.45235e-06 3.72088e-06 -0.000255149 0.000314626 3.72926e-05 2.83394e-05 6.11196e-07 -1.11532e-06 -0.000599845 6.15365e-05 -9.15489e-09 1.78202e-05 7.01897e-08 1.33552e-06 6.60858e-06 -6.30855e-05 4.21211e-05 1.75918e-06 4.89727e-06 1.88267e-07 1.53868e-06 1.69112e-05 -6.28429e-06 1.4215e-05 1.33553e-05 
3.66715e-05 -0.00193037 8.0738e-06 0.000369389 8.38829e-05 6.83517e-05 -1.00054e-06 1.59745e-05 0.00385251 0.000126746 -3.97586e-08 1.46429e-05 -0.00322043 -0.000114899 -0.000171614 0.0019086 -0.00310323 -0.00217341 0.00180995 0.00333812 0.000270819 0.00147598 -0.000475166 -0.000965969 -0.00312788 0.00117255 -5.53942e-08 0.000958677 0.000114354 -1.13465e-05 1.22271e-06 -0.000140846 0.00167875 -0.00309014 0.000618721 0.00130192 -1.15424e-05 -1.46776e-05 3.04891e-05 0.000452403 0.000802288 4.98841e-06 1.6005e-06 1.9168e-05 0.000748357 -0.00334182 -0.0028093 1.585e-06 0.000159717 -6.98131e-06 -0.000905306 0.000185201 7.53147e-05 3.3221e-05 0.000711965 0.000147203 -7.6123e-05 6.07109e-05 8.37243e-05 0.0014549 -9.83438e-05 1.05701e-06 0.00206297 0.00237361 4.93873e-06 0.00136626 -2.48848e-05 0.00134285 -2.1477e-05 0.000820235 8.15091e-05 8.11256e-05 -0.000163607 1.3684e-05 0.000301544 -5.62621e-05 1.90026e-05 -0.00312102 0.000353549 3.47002e-05 0.000131536 5.8719e-06 -2.50345e-05 -0.00313306 0.000459613 6.85042e-07 -6.65512e-05 9.68883e-06 4.97973e-06 -1.08613e-05 -0.0023441 2.19824e-05 6.43174e-07 8.7681e-05 2.51536e-06 5.57449e-06 -4.22892e-07 -3.70986e-05 0.000909 9.93294e-05 
-8.80376e-06 -0.00165904 1.84177e-05 0.000380473 0.000110517 -4.17427e-06 -2.42231e-06 -8.73008e-06 0.000126746 0.0210336 4.60995e-06 9.86261e-05 -0.00634802 -0.0015731 -0.000852712 -0.000180656 -0.000513071 -0.00134315 0.000324627 0.000328395 0.000241801 -4.1607e-05 -0.000523651 -7.62065e-06 -0.00105511 0.000775335 4.54139e-06 2.60429e-05 -6.35779e-05 8.72402e-05 4.18453e-06 -0.000514569 0.000394028 -2.26486e-05 0.000227146 -1.79674e-05 -8.58068e-05 -7.78114e-05 1.50442e-06 1.9241e-05 0.000262347 1.95108e-06 7.75759e-07 -0.000123385 -0.000889041 -0.00144443 0.00115984 -8.3938e-07 0.000333464 0.000197987 -0.00563083 0.00167017 0.000472956 7.41492e-06 -0.00416899 -0.000155278 0.000188797 -0.000226266 1.14962e-05 0.00017923 0.000542793 -1.66515e-06 0.000254921 -5.28176e-05 7.31968e-06 0.000174446 -0.000142141 -0.000261377 -0.000118545 -1.11618e-05 3.25613e-06 1.07589e-05 0.000275924 -6.63705e-06 4.40841e-05 0.000284377 2.79187e-06 -0.000938824 0.00386384 1.81597e-06 2.0633e-05 1.89806e-05 -0.000152835 -0.000275402 6.32909e-05 -1.3841e-07 -0.000106576 1.05252e-06 -9.43737e-07 0.000107197 -0.00557001 0.000233516 3.03866e-06 9.08886e-06 -1.27301e-06 4.56967e-05 -3.5722e-05 -3.33845e-05 0.000600455 -1.00532e-05 
5.50659e-07 -6.62495e-06 1.60079e-07 -8.36261e-08 2.57942e-06 1.31727e-06 1.50641e-08 1.09193e-07 -3.97586e-08 4.60995e-06 2.83792e-05 6.50222e-07 -1.08094e-05 -7.39321e-06 -2.49246e-06 -3.2525e-07 -3.53254e-06 -3.32495e-06 1.59277e-06 2.10875e-06 4.00751e-06 6.47433e-07 1.13856e-06 -6.69932e-06 -4.77746e-06 2.41035e-06 2.87997e-08 1.2036e-06 -6.24391e-07 7.70835e-08 -2.57293e-09 2.93259e-06 2.73168e-06 -4.12338e-06 2.29115e-06 4.01518e-08 1.84973e-06 -1.06763e-07 -9.68129e-09 3.38336e-07 4.9227e-07 -1.28363e-09 -2.78324e-08 4.6403e-08 1.65654e-06 -6.07622e-06 -3.56775e-06 6.41106e-08 6.21887e-07 3.82249e-07 -1.41807e-06 2.18485e-06 2.42348e-06 -2.14553e-09 -4.64034e-06 1.05926e-06 -4.05008e-08 4.79846e-06 4.22664e-08 3.81721e-07 6.01758e-07 3.67982e-08 1.10532e-06 1.37686e-07 2.02628e-07 1.21284e-06 3.80233e-06 2.70457e-06 9.14154e-07 2.08146e-07 7.61201e-08 5.61035e-07 -3.40253e-07 4.8325e-07 2.62211e-08 -4.82092e-07 7.08956e-08 -7.07865e-06 -3.99673e-06 6.85973e-07 2.44171e-07 -2.92134e-09 7.10877e-07 -6.43827e-06 1.86217e-08 -3.54372e-10 6.42846e-06 -7.66828e-10 1.04666e-07 9.57346e-07 -1.48929e-05 7.03441e-07 -1.32204e-09 -1.63129e-09 -6.00237e-09 -3.78564e-08 -8.39715e-08 -1.07576e-07 2.1958e-07 2.07524e-06 
3.93848e-06 -0.000772183 -3.81947e-07 -6.54231e-06 3.5525e-05 1.96535e-06 4.49383e-06 4.89566e-06 1.46429e-05 9.86261e-05 6.50222e-07 0.00350341 1.39142e-05 -0.00105086 -0.000301577 -5.0466e-05 2.84714e-05 -0.000393315 0.000243442 1.92078e-05 0.000311349 1.03853e-06 0.00106411 -0.0012423 8.27545e-05 0.000147722 6.1821e-06 4.54209e-05 6.43322e-05 0.000169135 3.87927e-07 0.000737681 5.78185e-05 -0.00106751 7.47484e-05 -1.21307e-06 -6.75447e-05 2.20281e-05 1.75042e-05 -4.5057e-06 -5.21599e-05 1.35432e-06 -2.17793e-06 0.00019579 0.000413508 -0.000485268 -0.00179734 3.80013e-07 0.000272365 0.000433566 -0.000439722 -2.07323e-05 -4.41188e-06 4.65754e-06 -0.000372221 -2.36135e-05 9.61694e-05 0.000247061 1.59361e-05 7.71954e-05 -1.38846e-05 1.33335e-06 7.3144e-06 -2.61636e-05 1.08342e-06 8.29927e-06 0.000140057 0.000103771 3.01418e-05 -7.09943e-06 3.3535e-05 0.000182187 -0.000172765 1.94116e-05 5.29717e-06 -3.50978e-05 1.87979e-06 -0.00054857 -0.000167403 8.16248e-06 -5.08326e-07 -1.21902e-07 0.000239619 -0.00151581 -9.36265e-06 9.861e-07 0.000870192 3.45004e-07 2.02192e-05 0.000243768 -0.000784725 0.000407738 4.32956e-06 -3.86109e-06 8.34641e-06 6.18361e-06 -2.71314e-06 0.000433446 2.28273e-05 0.000110287 
-0.000449825 0.0197879 -0.000141286 -0.00177413 -0.00132036 -0.00101384 -0.000228136 -0.000507781 -0.00322043 -0.00634802 -1.08094e-05 1.39142e-05 0.116414 0.00577691 -0.00349863 -0.016921 0.0118231 0.0203221 -0.00618788 -0.0325291 -0.00300659 -0.0041112 -0.0238368 0.00656519 0.0290205 -0.00579743 -0.000172612 -0.00412758 -0.00891051 -0.00298811 -2.49324e-05 -0.00342875 -0.00549254 0.0256897 -0.00298448 -0.00576811 -0.00107497 -0.000497613 -0.000306836 -0.00184481 -0.0158666 -2.4733e-05 1.51534e-05 -0.00107162 -0.0166468 0.0149741 0.0469684 -3.19989e-05 -0.00182552 -0.000363192 0.00162108 -0.0170657 -0.00515877 -6.42147e-05 -0.0161055 -0.00654266 -0.00379631 0.000235754 -0.000242237 -0.00306142 -0.00943556 3.17826e-06 -0.00450235 -0.0144965 -7.40913e-05 -0.00439504 -0.00124813 -0.01774 0.000411013 -0.00356645 -0.000440399 -0.000350364 0.00429804 -0.000177296 -0.000451356 -0.00938784 -0.00072511 0.0225671 -0.0314531 -0.000832745 -0.000602955 -4.63544e-05 -0.00209631 0.0129039 -0.00398586 -7.13047e-06 0.00180426 -1.78857e-05 6.38546e-06 -0.000876678 0.0154082 -0.00590934 -3.87309e-05 -0.00110685 8.51273e-07 -0.000561775 -0.00067588 0.00100183 -0.00567548 -0.000362575 
-3.25868e-05 0.00121304 -6.38909e-05 -1.12906e-05 -0.00120365 -1.05784e-05 -0.000446585 -0.000264719 -0.000114899 -0.0015731 -7.39321e-06 -0.00105086 0.00577691 0.0442456 0.00191567 0.00115771 0.000627347 0.00256141 -0.00163996 -0.0104206 -0.00288453 -8.95911e-05 -0.030281 0.00222197 0.00353334 -0.00112623 -8.28617e-05 -0.00127404 0.00179938 -0.00168622 -9.56019e-06 -0.00417975 -0.00114837 0.0146149 -0.00115504 -0.000301993 0.000891814 0.000138627 -3.63585e-05 1.09393e-06 0.000779697 -9.75473e-06 3.22397e-05 -0.000291065 -0.00201832 0.00346634 0.0202544 -4.29439e-06 -0.000365308 -0.00103469 0.0104834 -0.0150863 -0.00161034 -7.40895e-06 -0.0209682 0.000241087 -0.00582215 8.0274e-05 -3.64337e-05 -0.000310548 0.0008417 2.078e-06 -0.000467755 0.000270077 -1.37577e-05 -0.000316762 -5.5689e-05 0.00034642 -0.000836742 -0.000290097 -7.45722e-05 -0.000336624 0.00131454 -0.000103712 -9.21037e-05 0.000309532 1.0341e-05 0.00281962 -0.020022 -0.000245707 -0.00037907 -6.15272e-05 -0.000196101 0.0237587 -0.00106464 -4.92731e-06 -0.00795365 -5.81298e-06 -0.000155129 -0.000294595 0.00152897 -0.00063234 -2.36086e-05 -0.00016948 -0.0001141 -5.73654e-05 -0.000715524 -0.00253377 -0.000515839 -0.00084471 
3.38116e-06 -0.000166939 -2.00944e-06 -7.95616e-05 -0.000235326 -2.75995e-05 -0.000195486 -2.54769e-05 -0.000171614 -0.000852712 -2.49246e-06 -0.000301577 -0.00349863 0.00191567 0.0425614 -0.007446 -4.22083e-05 1.99895e-05 -0.000305203 -0.000118451 -0.000249032 0.000110539 0.000797693 0.0017715 -0.000673185 -0.000441846 2.25808e-06 -0.000174058 7.18849e-06 -0.000196683 1.58185e-06 -0.000180083 -0.000430974 -0.00161142 -0.000424603 -7.95054e-05 -0.00947213 3.84519e-06 -9.73522e-05 7.51985e-05 0.00100744 -1.75186e-06 -0.000516407 -0.000199269 0.00153371 0.00032641 0.00218969 -5.60125e-06 -0.000167493 -0.000130434 0.00710879 -0.00276519 -0.0035638 -2.0139e-05 0.00380188 6.65941e-05 -0.00204778 -9.15709e-05 1.29629e-05 -0.000494778 -0.00316422 -9.94435e-06 -0.000358177 -0.00141678 1.86105e-06 -0.000316758 0.000268829 0.00149957 -0.000345288 -0.000104691 -0.000292401 -0.000105992 -0.0148267 -7.41152e-05 8.58497e-06 -0.00111136 3.75297e-05 -0.000498353 -0.0122771 -1.14873e-05 -0.000599791 -8.59461e-06 -0.000332535 -0.000293807 0.000116435 -1.72377e-06 0.000493503 -7.52971e-06 -2.89937e-05 -0.000152672 0.00916249 -0.00133547 1.15509e-06 3.02865e-05 -2.75852e-05 1.87333e-06 1.52089e-06 9.90401e-05 0.000259926 -9.1903e-05 
0.000177337 -0.0190233 -5.46433e-06 0.000572089 7.29334e-05 0.000133635 -1.19656e-05 0.000176807 0.0019086 -0.000180656 -3.2525e-07 -5.0466e-05 -0.016921 0.00115771 -0.007446 0.0414164 -0.00375237 -0.0167804 0.00492613 0.0119156 0.000877561 0.00011348 0.0110351 -0.00267514 -0.0135917 0.00396139 1.08132e-05 0.00235757 0.00326502 0.001599 1.22586e-05 -0.000375165 0.00339706 -0.018011 0.00158676 0.00547381 0.008033 -0.000128552 0.000116951 0.000114809 -0.0008922 4.27197e-06 0.000309422 -0.000245999 -0.00414602 -0.00511072 -0.0211395 -2.09903e-06 0.00136577 -9.44006e-05 -0.0107232 0.00168804 0.000305571 4.26039e-05 0.00401785 0.00157351 -0.000747086 -0.000269948 9.24064e-06 0.0028213 0.0107062 -3.22737e-06 0.00423943 0.0144073 -9.92166e-06 0.00435586 -6.30976e-05 -0.00176081 -9.60758e-05 0.000992 0.000580587 0.000115308 0.0050697 5.79027e-05 -3.32399e-06 0.00647502 2.67981e-05 -0.0165399 0.0172496 -1.80187e-05 0.000195906 1.29716e-06 0.000555637 -0.00484386 -8.52185e-05 -3.00554e-07 -0.000691405 1.0087e-05 -2.45369e-06 0.000618452 -0.0172134 0.00189068 2.06801e-05 9.98641e-05 -2.34927e-06 -4.99789e-05 0.000221842 -0.000378238 -0.000304211 -4.90161e-05 
-0.00027392 0.00439406 -4.20363e-05 -0.00149647 -0.000738789 -0.000326613 -2.64007e-05 -7.7462e-05 -0.00310323 -0.000513071 -3.53254e-06 2.84714e-05 0.0118231 0.000627347 -4.22083e-05 -0.00375237 0.0165406 0.00511294 -0.00470444 -0.011892 -0.00113162 -0.00448173 0.00191269 0.00330024 0.0128445 -0.00345147 -2.96365e-05 -0.00209797 -0.000772035 -0.000524408 -1.76214e-05 -0.000517101 -0.00440456 0.00652063 -0.00219525 -0.00297472 0.000125399 3.5168e-05 -7.90103e-05 -0.00191866 -0.00735298 -2.04091e-05 -3.6591e-05 -0.00030699 -0.0055433 0.012934 0.00913069 -4.17914e-05 -0.0010454 5.001e-05 -0.00231355 -0.00113099 -0.000957043 -5.85781e-05 -0.00574522 -0.000899222 7.11771e-05 -0.000465694 -0.000239384 -0.00266519 -0.000342759 -6.01196e-06 -0.00459241 -0.00557186 -2.93633e-05 -0.00347385 -0.000205991 -0.00765198 2.04347e-05 -0.00153252 -0.000113234 -0.000108798 0.000330294 -2.64838e-05 -0.000375723 5.08432e-05 -0.00056141 0.00859865 0.00225905 -7.73397e-06 -0.000418513 -4.22349e-05 9.36869e-05 0.0107162 -0.00270988 -6.82326e-06 0.000267443 -1.11421e-05 -7.78777e-06 4.77169e-05 0.00658034 -0.0003153 -1.68963e-05 -0.00106105 -1.04513e-06 -0.000450352 4.73597e-07 0.000105059 -0.0041613 -0.00030818 
-0.000138846 0.0168856 -2.65243e-05 -0.00074677 -0.00133333 -0.000472213 -0.000106853 -0.000316805 -0.00217341 -0.00134315 -3.32495e-06 -0.000393315 0.0203221 0.00256141 1.99895e-05 -0.0167804 0.00511294 0.025452 -0.00631712 -0.0154537 -0.00307089 -0.000468221 -0.0110829 0.0013495 0.0168082 -0.00604924 -9.97154e-05 -0.00393401 -0.00413145 -0.00246745 -2.02439e-05 0.00043372 -0.00490259 0.0183035 -0.00300771 -0.00461021 -3.83137e-05 7.73673e-05 -0.000279888 -0.000267301 -0.00050367 -1.66146e-05 -1.89326e-05 -0.00017119 0.00256771 0.00767958 0.0140491 -9.31944e-06 -0.00190251 -0.000361227 0.00627525 -0.00582858 -0.000956106 -6.92275e-05 -0.0101321 -0.00190045 -9.67599e-05 0.000198778 -3.68022e-05 -0.00339485 -0.00500763 2.29189e-06 -0.00486952 -0.0129905 -2.24213e-05 -0.00493207 -5.83873e-05 0.000750587 0.000191204 -0.00109062 -0.000571602 -0.000388295 0.00119389 -7.60314e-05 -3.92851e-05 -0.00397271 -6.54763e-05 0.0165611 -0.0126629 -0.000236065 -0.000419019 -1.53797e-05 -0.000991108 0.0073852 -0.000929997 -5.01699e-06 -0.000116197 -1.27605e-05 -9.88424e-06 -0.00109791 0.00471249 -0.00239077 -3.64059e-05 -0.000248208 -1.80258e-05 -5.61549e-05 -0.000231603 0.000110773 0.000105251 -0.000113401 
0.000100983 -0.00625126 9.75101e-06 0.000280006 0.00134495 4.134e-05 9.48723e-06 0.000228003 0.00180995 0.000324627 1.59277e-06 0.000243442 -0.00618788 -0.00163996 -0.000305203 0.00492613 -0.00470444 -0.00631712 0.0134584 0.00742261 0.00265215 0.00051181 -0.000186309 -0.000584592 -0.00618748 0.00403142 6.11644e-05 0.00153769 -0.000126416 0.000959334 1.64697e-05 -0.000195582 0.0042756 -0.00714054 0.00295465 0.00256947 2.52867e-05 -4.5865e-05 0.000129069 0.000401307 4.96809e-05 1.34695e-05 1.30207e-06 0.000236234 0.000176862 -0.00741543 -0.00729348 7.3108e-07 0.00173698 6.31342e-05 -0.00339355 0.00150889 -0.000176209 2.42185e-05 -0.000721772 0.000520091 -0.000155774 -3.49068e-05 3.24766e-05 0.00317813 0.000208751 -1.09605e-06 0.00420734 0.00316809 1.68324e-05 0.00428334 -2.35699e-05 0.000220831 4.98743e-05 0.000124007 0.000195112 0.000296999 -0.000505574 3.57135e-05 3.23702e-05 7.5097e-06 8.97608e-05 -0.00591033 0.00422177 0.000180976 0.000427504 3.52214e-06 -4.48407e-05 -0.00753409 0.000256611 4.84962e-06 0.000439088 6.07466e-06 6.62199e-06 0.000116955 -0.00504612 0.00114287 2.06611e-05 0.000156567 1.71084e-06 5.35394e-05 1.19066e-05 -7.81587e-05 0.000124729 0.000226174 
0.000122957 -0.0134808 6.51408e-05 0.00166598 0.0014545 4.44308e-05 0.000141014 0.00052361 0.00333812 0.000328395 2.10875e-06 1.92078e-05 -0.0325291 -0.0104206 -0.000118451 0.0119156 -0.011892 -0.0154537 0.00742261 0.0552133 0.00349712 0.00399949 0.0198912 -0.00288538 -0.0174951 0.00529678 9.31213e-05 0.00397555 -0.00145042 0.00197283 2.38125e-05 0.000112252 0.00507865 -0.0316741 0.00302421 0.00494625 -0.00121021 -0.000159208 0.00019376 0.00190206 0.00509789 1.95638e-05 -3.15983e-05 7.60358e-05 0.0116418 -0.0168328 -0.038981 6.27728e-06 0.00170806 8.9737e-05 -0.0101839 0.00679727 0.00101683 6.00058e-05 0.0229369 0.000376832 0.00112448 -0.000456917 0.000164079 0.00333163 0.000642633 -3.05395e-06 0.00484873 0.0122967 3.35644e-05 0.004603 -0.000230288 0.0110662 -0.00036341 0.00173689 0.000265184 0.000267348 -0.00229351 8.46486e-05 0.000494828 0.00287828 0.000355174 -0.0186052 0.016876 0.000288258 0.000517287 4.96924e-05 0.000249141 -0.029611 0.00284101 5.25095e-06 0.00183064 1.35552e-05 1.29153e-05 7.12774e-05 -0.00486766 0.00157584 4.10577e-05 0.00113826 3.39215e-05 0.000433855 0.000898228 -0.000447949 0.00422476 0.000291979 
2.08881e-05 -0.00360605 3.31712e-05 8.08709e-06 0.00133019 3.95963e-06 0.000138079 9.84399e-05 0.000270819 0.000241801 4.00751e-06 0.000311349 -0.00300659 -0.00288453 -0.000249032 0.000877561 -0.00113162 -0.00307089 0.00265215 0.00349712 0.00453038 5.20043e-05 0.00189649 -0.000471272 -0.00287912 0.00176989 0.000110012 0.00136326 0.000114335 0.00103132 9.12073e-06 0.000297823 0.00155874 -0.00378307 0.00167234 0.000407135 -7.61322e-05 -1.59299e-05 6.52699e-05 4.30914e-05 -8.97585e-05 7.74749e-06 3.03398e-07 0.000311279 -6.1622e-05 -0.00262195 -0.00283953 4.5901e-06 0.000496671 0.000199853 -0.00124231 0.00166036 0.000238234 4.00927e-06 7.25384e-05 2.82885e-05 0.000131056 -5.26415e-05 9.97406e-06 0.000555352 -7.11445e-05 -7.01206e-08 0.000891365 0.000555181 1.40312e-05 0.000871774 0.000144706 1.5813e-05 -2.89472e-05 3.79374e-05 6.05472e-05 0.000327649 -0.000212945 4.89406e-05 6.07464e-06 2.86349e-05 4.68034e-05 -0.00367286 0.00219596 0.000326356 0.000313167 1.06715e-05 0.000129459 -0.0038414 0.000323067 4.93317e-06 0.00112334 4.59703e-06 1.24312e-05 0.000400437 -0.00120122 0.000544485 2.98013e-05 0.000119752 4.22411e-06 1.46126e-05 8.56565e-06 0.000221697 2.17424e-05 0.000122775 
4.20597e-05 -0.000292893 6.26391e-06 0.000373041 8.66226e-05 5.75959e-05 2.46283e-06 -7.63096e-07 0.00147598 -4.1607e-05 6.47433e-07 1.03853e-06 -0.0041112 -8.95911e-05 0.000110539 0.00011348 -0.00448173 -0.000468221 0.00051181 0.00399949 5.20043e-05 0.00499826 -0.000630201 -0.00245069 -0.00405566 0.000303566 2.50415e-06 0.00092529 0.000424484 1.5579e-05 5.90124e-06 0.000208188 0.000489302 -0.00190398 0.000275846 0.000272885 -9.74834e-05 -7.64809e-06 1.38608e-06 0.00175206 0.00358794 9.94945e-06 -2.4699e-06 1.55248e-05 0.00308096 -0.00452575 -0.00347155 2.09276e-05 1.66063e-05 1.46235e-05 0.000565659 -8.63071e-05 0.000299168 2.59469e-05 0.00196675 1.4749e-05 -7.3435e-05 0.000248734 0.000111588 0.000305367 -0.000151002 3.62658e-06 0.000437535 0.00211455 1.22218e-05 3.17444e-05 -2.50374e-05 0.00402377 -9.93664e-06 0.00118062 3.32964e-05 1.24331e-05 -0.000257254 1.68284e-05 0.000220304 -0.000106206 4.06615e-05 -0.00347607 -0.00193378 -1.18321e-06 3.74311e-05 1.12529e-05 -3.15468e-05 -0.00404657 0.00151704 2.80607e-07 -8.01784e-05 5.0976e-06 3.86243e-06 -8.89724e-06 -0.00293821 0.000296356 4.64266e-06 0.000459404 6.12753e-06 0.000150762 7.88946e-06 -4.18368e-05 0.00229007 0.000188303 
-0.000101179 -0.0212465 -2.30602e-05 -3.53581e-05 0.000219159 -0.000119513 0.000343635 0.000284125 -0.000475166 -0.000523651 1.13856e-06 0.00106411 -0.0238368 -0.030281 0.000797693 0.0110351 0.00191269 -0.0110829 -0.000186309 0.0198912 0.00189649 -0.000630201 0.127445 0.00181155 -0.0108996 0.000698633 0.000111085 0.00164488 -0.00432081 0.00249724 8.33478e-06 0.00371279 -0.000584046 -0.0490893 -0.000182795 0.00293786 -0.00298638 -0.000558481 -1.87889e-05 -0.000299228 -0.00353506 -2.97762e-06 -0.000145485 -0.00077912 -0.00330313 0.000608697 -0.0555774 -1.99626e-06 -0.000175854 0.00156662 -0.0393691 0.0144928 -0.0016258 7.5026e-06 0.0544879 -0.00103985 0.00708422 -0.000840439 3.24017e-05 -0.000471747 0.00315219 -1.31708e-05 -0.000366657 0.0065422 -6.42644e-06 -0.000264045 -0.000385319 -0.00535421 0.000162142 0.000674467 0.000189438 0.000320899 -0.00766706 3.79877e-05 -5.13698e-05 0.0079012 -1.44324e-05 -0.0177068 0.0414206 2.77928e-06 9.39567e-05 1.05176e-05 0.0020522 -0.0319014 0.000674213 -1.03535e-06 0.00716948 4.10912e-06 0.000108334 0.00167896 -0.00437452 0.000350153 2.78695e-05 -2.7879e-06 9.26916e-05 -0.000180745 0.00110298 0.00181793 -7.72496e-05 0.000536079 
-0.0002479 0.000171765 -8.091e-05 -0.00108287 -0.000186228 -0.000958844 2.3346e-05 -1.21302e-05 -0.000965969 -7.62065e-06 -6.69932e-06 -0.0012423 0.00656519 0.00222197 0.0017715 -0.00267514 0.00330024 0.0013495 -0.000584592 -0.00288538 -0.000471272 -0.00245069 0.00181155 0.0467068 0.00299911 -0.00061092 -4.48341e-05 -0.00111659 -0.0092851 -0.00110408 -6.39349e-06 -0.0102868 -0.000370575 0.00187419 -0.000292591 -0.000136382 -0.00265504 -0.0017325 -1.42571e-05 -0.00074729 -0.00772975 -1.8895e-05 -0.000529412 -0.00373294 -0.0126099 0.00556941 0.0100208 -3.28526e-05 -0.000253193 -0.000856036 -0.013318 0.0011518 -0.00200676 -4.20832e-05 0.00392765 -0.00339247 -0.00027933 -0.00233431 -0.000293963 -0.000311712 -0.00614167 -4.5835e-05 -0.000405856 -0.00165325 -4.04975e-05 9.60787e-05 -0.000636463 -0.00668095 -7.14802e-05 -0.00130643 -0.000132793 -0.000242659 -0.00173172 -0.000262466 -0.000454937 0.000367669 -0.000191634 0.00264331 0.01146 -7.25417e-05 -0.000179192 -3.04571e-05 -0.000698872 0.00621656 -2.52914e-05 -3.04333e-06 -0.00487134 -9.17279e-06 -5.30407e-05 -0.000410011 0.012802 -0.00265283 -1.06052e-05 -0.000619125 -6.28579e-05 -0.000764692 -0.000175225 -0.000824345 -0.000902124 -0.000683491 
-0.00030776 0.0174411 -6.2146e-05 -0.00179279 -0.00134655 -0.000907129 -0.000321832 -0.000218431 -0.00312788 -0.00105511 -4.77746e-06 8.27545e-05 0.0290205 0.00353334 -0.000673185 -0.0135917 0.0128445 0.0168082 -0.00618748 -0.0174951 -0.00287912 -0.00405566 -0.0108996 0.00299911 0.0597879 -0.00574104 -0.000163329 -0.00391728 -0.00776254 -0.00233117 -1.98398e-05 -0.00691907 -0.00502434 0.0178802 -0.00315859 -0.00582605 0.00027019 7.79118e-05 -0.000195404 -0.00193383 -0.0092319 -1.75546e-05 -2.69522e-05 -0.000685289 -0.00166382 0.0162782 0.0132602 -5.01477e-05 -0.00164983 3.31379e-05 0.00472279 -0.011076 -0.00466568 -6.81383e-05 -0.0214178 -0.00319749 -0.00179994 -0.000320642 -0.00024597 -0.00327946 -0.00517794 -8.43454e-06 -0.00485631 -0.0137923 -3.36702e-05 -0.00472109 -0.00103955 -0.00578048 3.44443e-05 -0.0033713 -0.000533827 -0.000128001 0.00251733 -0.000211678 -0.000417619 -0.00652288 -0.000919046 0.020294 -0.0102588 -0.00041912 -0.000402278 -4.59424e-05 5.31113e-05 0.0129929 -0.0035299 -6.22252e-06 0.000177359 -1.33077e-05 -9.64871e-06 -0.000199152 0.00813682 -0.00322429 -3.37382e-05 -0.00111897 -6.3755e-06 -0.000581947 -3.87159e-05 -0.000116617 -0.00412335 -0.00028811 
7.43596e-05 -0.00633686 4.96358e-06 0.000274513 0.00110321 5.36301e-05 1.7438e-05 0.000110692 0.00117255 0.000775335 2.41035e-06 0.000147722 -0.00579743 -0.00112623 -0.000441846 0.00396139 -0.00345147 -0.00604924 0.00403142 0.00529678 0.00176989 0.000303566 0.000698633 -0.00061092 -0.00574104 0.00756411 2.89538e-05 0.00141234 0.00084861 0.000713947 1.23923e-05 -0.000314351 0.00367714 -0.00532145 0.00275218 0.00121717 -5.98053e-05 -2.67847e-05 9.64725e-05 0.000181242 0.000166748 1.50052e-05 3.80049e-05 0.000321928 -0.000651423 -0.00490994 -0.00361562 3.95349e-06 0.00132116 3.10142e-05 -0.00183114 0.00123623 -5.54586e-05 5.05004e-05 0.00074108 0.00021387 9.06681e-05 -9.24357e-05 3.28391e-05 0.00244742 0.000686689 2.33956e-08 0.00330476 0.00302841 1.44467e-05 0.00290563 -4.1978e-05 -0.000100617 -5.78203e-05 7.5386e-05 0.000211753 8.92565e-05 -0.000255873 3.10127e-06 7.52547e-06 1.13861e-05 4.29703e-05 -0.00543421 0.0028868 3.7932e-05 0.0003977 9.09873e-06 -1.45725e-05 -0.00427625 0.000104128 5.28482e-06 5.21094e-05 6.85071e-06 6.47397e-06 9.25423e-05 -0.00397292 0.00136158 1.65249e-05 0.000124071 -5.18764e-07 5.5746e-05 -2.19696e-05 -5.11786e-05 -2.53057e-05 0.000134977 
2.10341e-06 -0.000196076 1.70721e-06 2.18807e-06 8.86902e-06 3.40772e-06 4.3929e-05 6.08343e-06 -5.53942e-08 4.54139e-06 2.87997e-08 6.1821e-06 -0.000172612 -8.28617e-05 2.25808e-06 1.08132e-05 -2.96365e-05 -9.97154e-05 6.11644e-05 9.31213e-05 0.000110012 2.50415e-06 0.000111085 -4.48341e-05 -0.000163329 2.89538e-05 0.000277123 5.74342e-06 3.43982e-06 4.09269e-05 3.88202e-07 3.61853e-06 4.13701e-06 -0.000162177 2.07527e-05 -4.66346e-07 -5.66048e-06 6.25411e-07 5.57486e-08 4.03437e-06 2.53975e-05 1.57462e-07 -2.1851e-08 1.96448e-06 3.69982e-05 -8.88098e-05 -0.000143405 1.41837e-06 1.69104e-05 2.27352e-06 -3.25882e-05 4.96441e-05 7.74115e-05 1.62377e-07 -2.69761e-05 2.49916e-06 -7.71248e-07 9.60197e-06 1.97601e-06 9.89751e-06 7.83182e-06 1.5206e-07 8.65433e-06 1.28763e-06 3.31329e-07 9.96594e-06 6.13246e-05 4.46767e-05 7.07396e-07 1.70786e-05 2.09009e-06 1.33314e-05 -9.17519e-06 2.01973e-06 5.26966e-07 2.45535e-05 2.47829e-05 -0.000192474 7.65023e-05 6.13833e-05 4.51702e-06 -2.8534e-08 6.12826e-07 -0.00013238 1.64455e-05 -3.4613e-09 4.89666e-05 9.17672e-09 -5.21034e-08 1.95601e-05 -3.00803e-05 2.37903e-05 8.1042e-07 1.13259e-05 3.81372e-07 1.06836e-05 -4.94761e-07 1.40268e-05 8.24024e-06 2.00379e-06 
2.56354e-06 -0.00295881 7.5609e-06 9.71048e-05 0.000823049 1.71945e-05 3.66013e-06 2.63913e-05 0.000958677 2.60429e-05 1.2036e-06 4.54209e-05 -0.00412758 -0.00127404 -0.000174058 0.00235757 -0.00209797 -0.00393401 0.00153769 0.00397555 0.00136326 0.00092529 0.00164488 -0.00111659 -0.00391728 0.00141234 5.74342e-06 0.0051318 0.00120965 0.00044889 5.19005e-07 -1.78699e-05 0.00131209 -0.00422077 0.00108371 0.000575538 -3.91571e-05 -1.17707e-05 6.55274e-05 0.000189892 0.000230552 1.17967e-05 4.28446e-06 0.000296404 2.53269e-05 -0.00292823 -0.00291939 1.05987e-05 0.000384599 1.07778e-05 -0.00104262 0.00126017 6.44064e-06 2.564e-05 0.00187691 -4.06207e-05 -6.05335e-05 -3.56117e-05 1.22159e-05 0.000800511 -7.2532e-06 -1.21972e-07 0.00121109 0.00251256 1.76234e-05 0.000498518 -3.51467e-05 0.000513206 -3.30903e-05 0.000574967 0.000109023 4.75729e-05 -0.000108278 2.47188e-05 3.04711e-06 0.00030374 2.19721e-06 -0.00401963 0.00109594 0.000121841 0.000201615 7.34234e-06 0.000167415 -0.00275575 0.000402686 4.78559e-06 0.000100278 1.05406e-05 5.22707e-06 4.03307e-05 -0.00108004 0.000490693 2.4697e-06 1.78589e-05 1.11233e-06 5.71581e-06 3.79227e-05 -2.93381e-05 0.000129493 0.000118972 
-8.80455e-06 -0.00669268 -1.7188e-05 -0.000168786 8.20263e-05 0.000554508 -3.8139e-05 -3.0511e-05 0.000114354 -6.35779e-05 -6.24391e-07 6.43322e-05 -0.00891051 0.00179938 7.18849e-06 0.00326502 -0.000772035 -0.00413145 -0.000126416 -0.00145042 0.000114335 0.000424484 -0.00432081 -0.0092851 -0.00776254 0.00084861 3.43982e-06 0.00120965 0.0596398 0.00141691 -3.60812e-06 0.000493654 -0.00029547 0.000330785 0.000129039 -4.97577e-05 0.000755042 0.000176983 -4.80455e-05 -7.09905e-05 0.00388439 -4.81021e-07 -2.49213e-05 -0.000209297 -0.00563817 -0.00178516 -0.00104513 3.91297e-05 7.67172e-06 -9.94643e-05 -0.00228864 -0.0012771 -0.000577875 1.76845e-05 -0.00680208 0.00236438 -0.000926577 -0.000531186 8.03944e-06 0.000113905 0.00741256 4.17369e-06 0.000178367 0.00210221 -6.04575e-06 -0.000165949 0.000118087 -0.00230519 -0.000391744 0.000366773 0.00027467 7.08813e-05 -0.0025783 -2.82982e-05 -4.4302e-05 -0.000286603 5.29297e-05 -0.00561624 -0.00926163 1.40468e-05 -0.000107565 -5.6901e-06 -0.000432348 0.00202312 0.000270813 2.47969e-07 -0.000497725 1.7289e-06 -1.02327e-05 0.000726622 -0.0113457 0.00732591 -9.07225e-07 -1.82307e-05 -1.04153e-05 -1.90896e-05 0.000633634 -0.000278917 -0.000501953 -7.4952e-05 
3.79822e-05 -0.00227595 -2.21401e-06 0.000136229 0.000177725 0.000109299 4.41749e-05 9.6679e-05 -1.13465e-05 8.72402e-05 7.70835e-08 0.000169135 -0.00298811 -0.00168622 -0.000196683 0.001599 -0.000524408 -0.00246745 0.000959334 0.00197283 0.00103132 1.5579e-05 0.00249724 -0.00110408 -0.00233117 0.000713947 4.09269e-05 0.00044889 0.00141691 0.00593974 7.6616e-06 -9.97757e-05 0.000219164 -0.00224353 0.000236857 0.000427213 2.67501e-05 9.90469e-07 -1.62162e-06 3.92233e-05 0.000353107 1.93064e-07 1.91465e-05 -3.0375e-05 -0.000560118 -0.00148009 -0.00276749 4.11181e-06 0.000190716 0.000128434 -0.00102059 0.00108772 -0.000117478 6.94159e-06 0.000196882 0.000441381 0.000176143 -6.76236e-05 2.19413e-05 2.24021e-05 0.00070607 -5.5415e-07 0.000266207 0.000922715 5.88117e-06 0.000215598 -4.87948e-05 -0.000170446 3.71045e-05 2.12039e-05 7.97654e-05 0.00022627 -0.000244987 1.97632e-05 1.18585e-05 -2.8513e-05 4.60295e-05 -0.00200817 0.00246041 8.01167e-05 8.34297e-05 4.08157e-06 0.000113596 -0.00292887 0.000573755 1.2872e-07 0.000499501 -1.01457e-07 4.59684e-06 0.000166215 -0.00130562 0.000783033 3.11516e-05 3.42663e-05 4.33286e-06 -4.82071e-06 9.23401e-05 1.7915e-05 0.000100656 7.9574e-06 
8.96027e-08 -2.05462e-05 9.24326e-07 5.41823e-06 1.62915e-06 -1.05214e-07 1.43238e-08 2.40197e-07 1.22271e-06 4.18453e-06 -2.57293e-09 3.87927e-07 -2.49324e-05 -9.56019e-06 1.58185e-06 1.22586e-05 -1.76214e-05 -2.02439e-05 1.64697e-05 2.38125e-05 9.12073e-06 5.90124e-06 8.33478e-06 -6.39349e-06 -1.98398e-05 1.23923e-05 3.88202e-07 5.19005e-07 -3.60812e-06 7.6616e-06 9.06518e-05 -1.12755e-06 6.07248e-06 -2.66874e-05 4.41626e-06 6.39297e-06 -7.32014e-07 1.9098e-07 8.3238e-08 1.89635e-06 4.63842e-06 2.79233e-07 2.57756e-07 1.67015e-07 1.91471e-05 -2.35822e-05 -5.65769e-05 -8.16544e-09 1.95537e-06 3.71343e-07 -2.10796e-05 1.59858e-06 1.0472e-06 1.66479e-07 8.91057e-06 1.31594e-06 1.3165e-06 1.01171e-06 2.114e-06 2.6854e-06 -6.11306e-07 -1.02283e-08 1.36905e-05 1.11425e-05 4.97838e-08 3.19989e-06 5.04547e-07 6.30581e-06 9.14853e-06 4.59532e-07 1.54372e-06 2.46083e-07 -2.62127e-06 1.23158e-07 1.94135e-06 -8.56535e-07 1.25045e-06 -1.92826e-05 3.47947e-06 -5.39787e-08 3.44304e-06 6.64001e-07 5.74408e-06 -2.68907e-05 1.15911e-06 -1.13204e-09 -1.2995e-06 2.08837e-08 -1.70408e-08 -6.46883e-08 -3.63505e-05 -1.88507e-06 4.74578e-06 2.41099e-06 1.60825e-07 2.32401e-07 -7.27858e-08 -6.87274e-07 1.17485e-06 1.27228e-06 
-4.40745e-05 -0.00478373 9.60774e-05 0.000455588 -2.26263e-05 -1.11991e-05 0.000113312 -2.26531e-05 -0.000140846 -0.000514569 2.93259e-06 0.000737681 -0.00342875 -0.00417975 -0.000180083 -0.000375165 -0.000517101 0.00043372 -0.000195582 0.000112252 0.000297823 0.000208188 0.00371279 -0.0102868 -0.00691907 -0.000314351 3.61853e-06 -1.78699e-05 0.000493654 -9.97757e-05 -1.12755e-06 0.0419148 -0.000259162 -0.00558328 -9.16964e-05 0.00054391 -0.000591752 0.000713213 -1.76627e-05 0.000150183 0.000781078 1.53394e-06 -3.18106e-05 0.00219571 0.00915515 -0.00486176 -0.0140059 -4.58204e-07 -0.000117529 9.44169e-05 0.00447283 -0.00071339 0.00223138 -9.80703e-07 -0.00403157 0.000834599 -0.000887203 6.72e-05 4.46361e-06 -0.000153259 0.00303347 3.47104e-06 -0.000219868 0.0008449 -4.89348e-06 -0.000208684 0.001747 0.0068681 -0.000133271 0.00120034 1.07212e-05 5.32643e-06 -0.00106864 0.000257227 0.000149909 0.0014474 0.000356474 -0.00585807 -0.00833403 0.000114458 -9.04404e-06 1.31343e-05 -0.000270095 -0.0121461 -0.000196898 3.99295e-07 0.00530629 3.21887e-06 6.54304e-05 0.000170431 -0.00142145 -0.000301812 -3.72048e-07 4.2164e-05 1.98719e-05 0.000146269 -0.000152652 0.00183069 -0.000145038 0.000408645 
8.90738e-05 -0.0042353 8.58206e-07 0.00018065 0.001127 9.805e-05 1.18613e-05 8.57204e-05 0.00167875 0.000394028 2.73168e-06 5.78185e-05 -0.00549254 -0.00114837 -0.000430974 0.00339706 -0.00440456 -0.00490259 0.0042756 0.00507865 0.00155874 0.000489302 -0.000584046 -0.000370575 -0.00502434 0.00367714 4.13701e-06 0.00131209 -0.00029547 0.000219164 6.07248e-06 -0.000259162 0.00705507 -0.00483272 0.00259297 0.00189572 7.16574e-05 -7.02306e-06 8.01049e-05 0.000479261 0.000427866 1.49653e-05 -9.11776e-07 0.000348677 -0.000433489 -0.00503346 -0.0042137 3.19003e-06 0.00125225 -1.6186e-05 -0.0015448 0.00200371 -0.000136888 4.20928e-05 0.000295466 0.000808259 -1.17331e-05 -7.01572e-05 2.66379e-05 0.00257024 -0.000135641 -6.49822e-08 0.00340524 0.00254668 1.6481e-05 0.00352917 -6.72808e-05 0.000246432 -3.37222e-05 0.000106616 5.37845e-05 9.71417e-05 -0.000235752 3.92954e-06 4.8881e-05 -0.000139676 6.22235e-05 -0.00455112 0.0023851 7.61346e-06 0.000332192 1.09719e-05 1.0186e-05 -0.00453979 8.38712e-05 4.88461e-06 -8.59848e-05 7.97134e-06 6.69775e-06 -1.84989e-05 -0.00483509 0.000878028 4.789e-06 0.000158075 -1.26283e-06 7.73352e-05 -1.52595e-05 -6.00847e-05 0.000208075 0.0001632 
