0.000767214 1.51326e-06 3.1662e-07 3.34359e-07 4.36976e-05 4.55867e-07 -2.8944e-06 -2.95e-06 -7.26715e-08 1.03242e-05 -6.31387e-06 -1.66537e-08 -1.43031e-05 0.00011539 8.27058e-06 -6.96452e-07 -1.35135e-06 -0.000131609 3.20004e-05 2.96642e-06 -3.63677e-05 -0.000389132 -8.61106e-06 1.80934e-06 -7.61085e-05 7.33856e-06 -0.000181814 0.000222399 4.95571e-05 0.000127427 -6.75691e-06 2.32764e-05 -9.36408e-05 2.29292e-07 4.51699e-05 1.71054e-06 9.33413e-06 8.82404e-06 -3.66986e-06 3.782e-06 2.27754e-05 -0.000139868 0.000108854 1.05199e-05 9.04943e-05 -4.14859e-07 -8.29958e-05 -4.63192e-05 5.71573e-05 2.15165e-06 -0.000130196 -8.18458e-06 3.0605e-05 -2.05342e-07 -0.000190147 4.86695e-07 -5.49607e-05 -0.000377691 -0.000128376 0.00012646 1.17143e-06 -5.73887e-05 2.33577e-07 6.06165e-05 -0.000239874 -3.21428e-07 8.19598e-07 -4.11837e-05 -9.01849e-08 2.57182e-05 -8.23922e-07 3.03861e-05 9.48266e-07 6.44016e-07 -1.58252e-05 0.000206247 2.57898e-06 -1.72289e-05 -9.07755e-06 1.59434e-05 -4.85054e-05 -3.15208e-05 -1.27101e-08 -7.97363e-09 0.000149341 -2.82528e-06 2.04114e-06 -4.28468e-07 -1.30956e-05 -0.000143324 4.15809e-05 -5.17042e-06 4.31035e-05 3.6342e-05 2.43663e-07 3.24711e-08 2.04998e-05 -1.20421e-05 1.20188e-06 0.000181876 
1.51326e-06 0.00115357 3.48574e-05 0.000100168 -0.000609638 1.12685e-06 5.99108e-06 7.20479e-06 6.20234e-06 -0.000358278 1.22789e-05 2.15495e-06 -0.000592422 0.000336826 0.00028833 6.818e-06 6.24318e-06 -0.000553039 0.000305169 0.000234162 0.000341631 -0.000239607 0.000292141 5.9075e-05 -0.00015857 1.38278e-05 0.000329073 -0.000182396 0.000314099 7.88716e-05 0.000199826 0.000124135 -4.63081e-05 6.86778e-05 -0.000119861 5.06311e-05 -6.47662e-06 -4.5068e-06 -7.7751e-06 2.0758e-07 0.000153867 -0.00045434 0.000399339 2.1333e-05 7.6687e-07 -6.55893e-07 -2.5265e-05 9.99703e-05 0.000180943 1.53883e-05 1.38266e-05 7.95218e-05 -0.000357467 1.75086e-05 -0.000227332 7.11467e-06 7.60259e-05 -0.00051522 -0.000120688 0.000194226 0.000104826 -8.93871e-05 7.47556e-06 0.000192828 -0.000257766 6.37263e-05 6.21893e-07 4.08501e-06 1.42741e-05 -0.000201642 2.01688e-06 -1.1626e-06 3.22764e-05 4.99487e-05 -0.000509672 -3.06626e-07 0.000125519 3.08563e-05 5.98947e-05 -5.02785e-06 2.90107e-05 -0.000562113 6.64021e-07 8.37923e-07 1.05569e-05 -6.4517e-06 2.68794e-06 3.05218e-06 -5.69389e-05 -0.000495787 3.70425e-05 2.26693e-06 -6.74246e-06 0.000395828 1.30033e-06 4.57446e-05 2.10805e-05 1.91387e-05 3.91287e-05 -0.000158491 
3.1662e-07 3.48574e-05 0.000256138 1.29502e-05 -0.000192368 3.80681e-07 4.54674e-05 3.31955e-05 1.35464e-06 -0.000128127 -5.57944e-06 1.73778e-06 -0.000195547 6.56603e-05 6.5235e-05 5.16723e-06 -3.66689e-07 -9.93013e-05 1.20839e-05 3.5403e-05 0.000105575 2.12838e-05 4.32885e-05 6.01292e-06 -8.12491e-05 1.64229e-06 6.5275e-05 -3.3551e-05 0.000137082 0.000107715 4.76058e-05 -8.09104e-06 6.18471e-05 1.12447e-05 -5.22019e-05 6.9134e-06 -1.79832e-06 -2.5435e-06 -5.01957e-07 -2.26456e-07 1.54812e-06 -4.83762e-05 -3.71596e-06 1.45843e-05 1.57007e-06 -5.17824e-08 -2.56314e-05 1.76795e-05 6.23058e-05 -1.26246e-06 6.2315e-06 -3.60564e-07 -7.1613e-05 3.01349e-06 -6.35105e-05 -3.00219e-08 0.000100224 -0.000164945 -3.11188e-06 1.64244e-05 2.12069e-05 -1.14486e-05 6.66551e-06 2.25845e-05 -6.48469e-05 1.0132e-05 5.54285e-06 -2.43477e-05 -5.01142e-08 -0.00014004 -1.92747e-07 1.44827e-06 -4.76795e-06 1.73462e-06 -0.000100092 6.26826e-06 2.57279e-05 -2.46919e-06 2.65961e-05 1.18647e-07 3.17608e-05 -5.82994e-05 -1.98131e-08 3.99899e-09 -2.32028e-05 2.6761e-05 7.04788e-07 8.77027e-07 4.19505e-06 -0.000107937 1.78233e-05 -1.67258e-06 -3.19798e-06 2.66297e-05 4.30096e-07 4.36729e-06 0.000116063 4.23605e-06 -9.44148e-09 -4.42373e-05 
3.34359e-07 0.000100168 1.29502e-05 0.000662457 -0.000323193 1.97375e-08 2.17725e-06 -2.27261e-06 1.04771e-06 -0.000168654 1.13209e-06 1.32896e-06 -0.000276765 0.000122876 0.000124761 3.24869e-05 -8.48524e-07 -0.000147715 8.59877e-06 0.000128385 -4.11138e-05 -7.20343e-05 0.000113488 5.54412e-05 -0.000254324 3.31674e-05 -0.000106807 -0.000175097 6.48492e-05 0.000180698 5.65044e-05 -2.57456e-05 -5.45109e-05 5.57287e-05 0.000101401 6.20456e-05 -1.3386e-06 -4.52682e-06 2.7095e-05 4.82678e-07 7.66391e-05 -0.000203757 8.20776e-05 3.05774e-06 -2.01579e-07 -2.88011e-07 0.000125939 0.000131292 3.09701e-05 -6.16157e-06 -1.48571e-05 4.37044e-05 2.01686e-05 1.92365e-05 -0.000204005 -1.76782e-08 5.11645e-06 -0.00024607 -3.24814e-05 0.000118395 2.47657e-05 0.000109306 4.92849e-06 4.26764e-05 3.35558e-05 1.1178e-05 -2.03715e-07 -6.35181e-05 3.62367e-06 -0.000220627 -6.69196e-07 1.13686e-05 -1.9028e-05 2.1982e-05 -0.000187373 1.37785e-05 8.8564e-05 -2.05377e-05 1.24081e-05 8.94856e-07 -5.13626e-05 -0.000202415 5.54027e-08 1.15848e-07 -4.29751e-05 2.02286e-05 3.68223e-06 9.76742e-07 1.39285e-05 8.33013e-06 4.1482e-05 4.41667e-05 -3.87501e-06 7.26124e-05 3.45908e-06 4.02047e-05 3.5679e-05 5.85846e-06 2.79229e-06 -0.000103453 
4.36976e-05 -0.000609638 -0.000192368 -0.000323193 0.0669561 -7.36307e-05 -0.00122774 -0.00269319 -6.36398e-05 0.00951543 -0.014299 -1.39314e-05 0.0143473 -0.00280646 -0.00168952 -0.00157194 -0.000264734 0.00611458 -0.00262358 -0.000563302 0.000606404 -0.0146978 -0.00186463 -0.000325865 0.023339 -0.000607895 0.00233896 0.0164729 -0.00329721 -0.00369356 -0.0014961 0.00230725 -0.0148555 -0.000430997 -0.00935279 -0.000378848 0.000466099 -0.000309576 -0.0046833 -5.3074e-06 -0.000540687 -0.00354197 0.00137073 -0.00151966 -2.96371e-05 1.94075e-05 0.000473334 -0.0343054 -0.0136491 -0.00201556 0.00330901 0.000737983 0.000519925 -0.000446885 0.000782646 -3.94672e-05 -0.0100146 0.00331719 -0.00532519 -0.000418048 -0.000596214 -0.0107264 -4.04374e-05 -0.000358418 -0.00125756 0.000173974 -0.000395455 0.00593954 -0.000143011 0.0288935 -0.000204137 -8.79274e-05 0.00127035 -7.39395e-05 0.00275213 -0.0017848 -0.000629676 0.00125069 -0.00122483 -4.97087e-05 -0.00555919 0.00147718 -2.23934e-06 -1.30875e-05 0.00493847 -0.0050786 -6.35787e-05 -0.000169853 -0.0045897 -0.00639025 -0.00016821 -0.00376449 -0.000939423 -0.000527562 -2.21615e-05 -0.000426066 -0.00111878 0.00305175 -0.000106276 0.000587837 
4.55867e-07 1.12685e-06 3.80681e-07 1.97375e-08 -7.36307e-05 0.000608466 2.05343e-06 4.91289e-06 9.29731e-07 -7.73066e-05 1.67337e-05 9.20128e-07 -4.75492e-05 1.43138e-05 2.39745e-06 -7.66128e-07 2.55197e-06 4.29058e-06 2.03345e-06 2.78524e-07 -0.000156852 -0.000219423 1.97145e-05 6.20668e-06 5.0074e-05 5.39013e-06 -6.18235e-05 0.000172922 1.8316e-05 9.29917e-06 3.60445e-05 0.000180004 5.44842e-05 1.0524e-05 -5.8851e-05 6.82082e-07 4.32931e-05 -2.87491e-06 5.92105e-06 -1.02926e-06 -7.23648e-07 -0.000213993 -2.09938e-05 -2.69573e-06 -8.30631e-08 1.00139e-06 1.10424e-05 2.08771e-05 3.16005e-05 9.68645e-06 -9.80803e-05 -9.10197e-06 -0.000148091 3.00749e-06 0.000251513 5.88657e-07 2.80853e-05 -0.000190253 -9.57311e-05 3.55465e-06 5.16435e-06 -5.4108e-05 4.19335e-06 1.56539e-05 -0.000172827 -1.51734e-06 2.43339e-06 0.000244431 4.09095e-08 -4.50371e-05 1.03462e-07 1.54641e-05 -1.04521e-05 -9.03559e-08 -0.000143963 -1.37873e-06 4.80235e-06 -1.486e-05 1.97053e-06 -2.31256e-07 -3.98841e-05 -0.000129068 2.49583e-07 3.87818e-07 0.000229282 -1.83416e-05 6.86324e-07 2.23024e-06 -3.48663e-05 -0.000191849 7.44595e-05 1.53681e-05 -6.43117e-06 6.09852e-05 1.38543e-07 4.48871e-06 9.43059e-05 -2.51991e-05 6.29019e-08 -4.26408e-05 
-2.8944e-06 5.99108e-06 4.54674e-05 2.17725e-06 -0.00122774 2.05343e-06 0.00434974 5.33208e-05 7.9753e-07 -0.000257936 0.000159469 8.71907e-07 -0.00325812 8.15792e-05 0.000180092 3.77124e-05 -3.76429e-06 6.43547e-06 -0.00019565 6.16296e-06 0.00190489 0.00147465 2.13929e-05 -1.81329e-06 -0.00187451 -6.71888e-06 0.00231064 0.000811608 0.000105351 0.0023337 0.000398101 -0.000261848 0.00259279 2.59998e-06 -0.000918396 2.252e-06 -3.08599e-05 -5.58455e-05 1.54901e-05 -1.00902e-06 4.07981e-05 0.000762673 -0.000354969 -9.21103e-06 -3.92077e-06 4.82729e-08 -0.000602217 0.000224641 0.00168815 -3.32813e-05 -0.000298886 -6.46813e-05 -0.00156993 -3.08287e-07 -0.000343987 -5.11939e-07 0.00243731 -0.00232464 -0.000737153 8.87696e-05 1.82842e-05 -0.000365815 3.38758e-06 -1.209e-05 -0.000959359 -2.17524e-05 8.9101e-05 -0.000476374 5.21211e-06 -0.00315965 -3.99634e-06 1.81612e-06 0.000221993 -5.00889e-07 -0.000119867 -0.000119932 -1.88723e-06 -0.000153543 -4.16944e-05 -2.05374e-05 -0.000355521 -0.000122055 -3.37856e-07 -1.59171e-07 -0.000599066 0.000148943 2.8623e-07 5.53406e-08 -0.000247501 -0.0018195 -2.57811e-05 -3.79155e-05 7.79283e-06 -3.08067e-05 -2.02389e-07 -9.49489e-07 0.00124739 -0.000112206 -1.09062e-06 -0.000641101 
-2.95e-06 7.20479e-06 3.31955e-05 -2.27261e-06 -0.00269319 4.91289e-06 5.33208e-05 0.00421493 -1.12343e-07 -0.00115987 0.00228769 5.48562e-08 -0.00269008 -5.52402e-05 -3.63722e-06 1.92035e-05 -4.7993e-06 6.73134e-05 -0.000207836 -1.52501e-06 0.00131317 0.00168184 -3.8124e-05 -1.54244e-06 -0.00292317 -4.09528e-06 0.0018554 -0.00130908 0.000192282 0.000307889 -3.30666e-05 -0.000256923 0.00299168 -9.62147e-06 -0.000853528 -1.09632e-06 -2.7388e-05 -4.33909e-05 3.53638e-06 4.44418e-06 3.81872e-05 0.000726983 -0.000328284 -1.60291e-05 -3.76874e-06 -4.32737e-07 -0.000579282 0.00205836 0.00309885 6.8833e-05 -0.000619859 -3.22415e-05 -0.00164021 -1.93664e-06 0.00108133 -4.96005e-07 0.00232478 -0.000286144 -0.000731208 -4.75023e-05 -3.82834e-06 -0.000215153 -1.87656e-06 -1.48746e-05 -0.00120419 -7.40475e-06 1.18282e-05 -0.000427108 6.94537e-06 -0.00229259 9.2343e-05 -2.2789e-06 -6.08496e-05 3.23673e-06 -2.94613e-05 -7.59548e-05 -9.21935e-06 -0.00016224 -7.19157e-05 -1.22885e-05 -0.00028147 -0.000129001 -3.2734e-07 2.52578e-06 -0.00059035 -9.54885e-05 -5.81749e-07 3.12196e-08 -0.000237376 -0.00137652 -3.83446e-05 -3.16726e-05 5.21984e-05 -3.27433e-05 5.04636e-07 3.17728e-05 0.000191739 -0.000295147 -3.72202e-07 -0.000517957 
-7.26715e-08 6.20234e-06 1.35464e-06 1.04771e-06 -6.36398e-05 9.29731e-07 7.9753e-07 -1.12343e-07 9.89802e-05 -6.19613e-06 3.40811e-05 -2.14709e-09 -3.16345e-05 2.57141e-05 1.35601e-05 1.20214e-07 1.15885e-06 -4.26876e-05 2.85582e-05 2.23588e-07 -1.62692e-05 1.76734e-05 1.1222e-05 -7.0995e-08 4.5707e-08 -9.80041e-09 1.80889e-05 -1.78572e-05 -1.04986e-07 1.81566e-06 8.30442e-06 6.63862e-06 7.63339e-06 7.0172e-07 4.73148e-06 1.01419e-06 -6.28458e-07 5.33159e-07 8.76807e-06 -1.04014e-07 1.19359e-06 -1.65908e-05 -5.90652e-06 -1.16396e-07 8.44954e-08 3.40083e-09 -7.04042e-06 4.91548e-06 -8.72875e-06 1.42794e-05 1.47084e-05 -1.30791e-06 -2.98456e-05 1.80478e-05 -2.10566e-05 9.31734e-07 7.84663e-07 -2.64519e-05 -1.07328e-05 2.38865e-06 9.75478e-06 1.99421e-05 3.27811e-07 8.32211e-06 1.29112e-05 -7.16584e-07 -1.56447e-08 6.49951e-06 4.73039e-08 -4.83499e-05 2.3725e-06 5.13495e-07 1.07966e-06 3.0989e-07 -2.58065e-05 8.57503e-07 1.35674e-06 9.56015e-06 2.83377e-06 -3.78186e-07 -9.53659e-06 -2.48151e-05 -7.65523e-09 -3.60654e-09 1.80534e-06 -2.99665e-06 2.03062e-07 4.58093e-07 -5.98274e-06 -2.42939e-05 1.94186e-06 3.87671e-06 -8.15994e-07 1.15225e-05 3.88219e-07 1.55887e-06 9.78263e-07 5.46303e-06 2.50446e-06 -1.37388e-05 
1.03242e-05 -0.000358278 -0.000128127 -0.000168654 0.00951543 -7.73066e-05 -0.000257936 -0.00115987 -6.19613e-06 0.0156465 -0.00162241 -8.47514e-06 0.00430688 -0.000425735 -0.00131155 -3.79416e-05 -0.000144285 0.000772046 -0.000658707 -0.000516498 -0.0042313 -0.00111636 -0.00112653 -0.00042378 0.00663233 -9.0805e-05 0.00100336 0.00145189 -0.00285425 -0.00113423 -0.0011684 -0.000608052 -0.00234738 -0.00124254 -0.00247284 -0.000395034 -0.000811796 1.89579e-05 -0.000524818 -1.66849e-05 -0.000308835 0.00397213 -0.000174819 -0.00168684 -4.52463e-06 -0.000369177 0.00126693 -0.00789579 -0.00328765 -0.00018761 0.00241491 0.000183362 -0.000180388 -0.000148404 -0.00130984 -4.11903e-05 -0.00269196 0.0044779 0.000140671 -1.31352e-06 -0.000301516 -0.00444896 -4.84651e-05 -0.000122904 -0.000781007 -0.000370042 -0.000345584 -0.000446511 -0.000110593 0.00931763 -0.000196858 1.17338e-05 0.000342493 -2.665e-05 0.00218092 -0.00174824 -0.000606263 0.000264128 -0.00078344 1.25149e-05 -0.000775729 0.00365647 -1.03379e-06 -1.28974e-05 0.00079097 -0.00286977 -7.12615e-05 -0.000285211 -0.00087305 -0.00262071 -0.001276 -0.00214456 -0.00010506 -0.000299032 -1.13152e-05 -0.000224291 -0.000258057 6.32204e-05 -1.66708e-05 -0.00053688 
-6.31387e-06 1.22789e-05 -5.57944e-06 1.13209e-06 -0.014299 1.67337e-05 0.000159469 0.00228769 3.40811e-05 -0.00162241 0.0332507 5.44307e-06 -0.00665362 -2.762e-05 -5.74224e-06 0.000476425 0.000148893 -0.000652896 -0.00141763 2.4649e-05 -0.000673945 0.0118082 0.000811609 -8.2977e-06 -0.0162148 -6.38457e-05 0.00497087 -0.00339598 0.000130514 -0.000749778 -0.000186203 -0.00197764 0.0126592 -5.61123e-05 0.00159336 -7.52008e-06 -9.97317e-05 -1.87414e-05 0.00159088 -2.27766e-05 1.41975e-05 0.00534012 -0.00261005 -0.000106066 1.95651e-05 -1.2606e-05 -0.00497336 0.0154465 0.00710762 0.00161479 -0.00292639 -0.000542736 -0.0131561 -1.96883e-05 0.00527354 -4.03528e-06 0.00699236 0.00224985 -0.0057596 -0.00039732 -2.3202e-05 -0.0015713 -7.31303e-06 -0.000104246 0.000151381 -0.000166632 0.000186401 -0.00256238 4.76141e-05 -0.0130536 0.000308803 5.17116e-05 0.000264063 3.07064e-06 -6.18365e-05 0.000304513 -3.62962e-05 0.000212617 0.00019419 -0.000144482 -0.0033768 -0.000999662 -2.23976e-06 7.36203e-06 -0.00425116 -0.00113187 -4.33285e-06 -1.51471e-05 -0.00170163 -0.00400362 -0.000267947 -0.000168844 0.000328156 -0.000253994 -2.02558e-07 0.000146654 -0.000378082 -0.00201511 -4.56568e-06 -0.00126649 
-1.66537e-08 2.15495e-06 1.73778e-06 1.32896e-06 -1.39314e-05 9.20128e-07 8.71907e-07 5.48562e-08 -2.14709e-09 -8.47514e-06 5.44307e-06 2.16895e-05 -9.78909e-06 2.40541e-07 8.87209e-07 2.93715e-07 -5.50304e-08 -3.36704e-06 2.23175e-06 1.21773e-06 -4.36982e-06 -5.48775e-08 2.40394e-06 1.25111e-06 -8.75779e-06 -4.52396e-08 -5.37307e-06 -8.76775e-06 6.62258e-06 6.20617e-06 3.77588e-06 4.74888e-07 9.18286e-06 2.27039e-06 2.3648e-07 9.40693e-07 -1.54502e-07 -6.50171e-08 6.82555e-07 -3.66679e-08 -2.69677e-08 -2.81432e-06 -1.55969e-06 -2.29238e-08 5.38678e-08 -1.3132e-08 -1.87828e-06 1.09304e-05 3.43381e-07 4.10717e-07 2.64916e-06 1.03276e-06 -4.81178e-06 1.02021e-06 -6.17034e-07 4.27458e-07 3.64138e-06 -7.07423e-06 8.37373e-07 7.68549e-07 1.75803e-07 1.02091e-06 -9.97458e-09 1.96056e-07 2.18718e-06 -1.57013e-07 2.67507e-06 8.21747e-07 1.32424e-07 -1.45949e-05 1.06856e-07 -3.42924e-08 8.65562e-07 9.15594e-07 -7.26202e-06 5.22557e-07 1.55117e-06 -9.36853e-08 1.13322e-06 -8.98895e-08 -9.00104e-07 -4.65175e-06 -1.67736e-09 2.4921e-07 -1.54866e-06 -4.86254e-07 6.00352e-07 2.2479e-06 -5.54773e-07 -3.58388e-06 9.47044e-07 -1.37193e-07 -6.57485e-08 5.78371e-06 -1.12065e-09 1.03518e-08 3.36488e-06 -1.90055e-06 1.02107e-06 -3.61052e-06 
-1.43031e-05 -0.000592422 -0.000195547 -0.000276765 0.0143473 -4.75492e-05 -0.00325812 -0.00269008 -3.16345e-05 0.00430688 -0.00665362 -9.78909e-06 0.0289647 -0.00246113 -0.00193801 -0.000777234 -1.47944e-05 0.00131548 -3.1328e-05 -0.000592994 -0.0110677 -0.0107526 -0.00154801 -0.000310187 0.0147861 -6.89014e-05 -0.0137575 -0.00154088 -0.00342005 -0.009433 -0.00227639 0.00165933 -0.017703 -0.000368588 0.00522254 -0.000396625 0.000174621 3.41884e-05 -0.00163706 -1.10636e-05 -0.000424936 -0.00427132 0.00178024 -0.00054129 3.38082e-06 -3.22073e-05 0.00410966 -0.00983436 -0.0159259 -0.000421488 0.00188575 0.000330201 0.0112254 -0.000284099 -0.00462657 -6.90813e-06 -0.0163946 0.008329 0.00475641 -0.000563896 -0.000493411 -0.000167813 -4.17201e-05 -0.00031638 0.00639368 -0.00018703 -0.000245963 0.00261735 -0.000115533 0.0158479 -0.000328358 -2.32635e-05 0.000372957 -6.06079e-05 0.00181549 -0.000299908 -0.000591576 8.05203e-05 -0.000148128 0.000122795 0.00266226 0.00317793 3.02205e-07 -5.32558e-06 0.00391436 -0.000201134 -5.01633e-05 -3.41423e-05 0.00153759 0.0105738 -0.000202611 6.03342e-05 -0.000658558 -0.000394412 -1.40274e-05 -0.000337563 -0.00275535 -0.000397356 -8.75729e-05 0.00295399 
0.00011539 0.000336826 6.56603e-05 0.000122876 -0.00280646 1.43138e-05 8.15792e-05 -5.52402e-05 2.57141e-05 -0.000425735 -2.762e-05 2.40541e-07 -0.00246113 0.0347875 0.00133628 0.000143163 2.75582e-05 -0.0055418 0.0103115 0.000511352 0.00619534 -0.00081258 0.000955216 0.00037254 -0.00732747 -2.47709e-05 -0.00327725 0.00465804 0.000456567 0.000314814 0.000113966 0.000981033 -0.00203783 0.000351232 -0.00636093 0.000385187 -0.000123619 -0.000370228 0.001328 0.000373235 0.000394932 0.00189237 0.0023677 0.000149385 0.000217251 -1.54437e-05 -0.00340819 -0.000747237 0.0105012 0.0039054 -0.00585029 -0.00031863 -0.0120441 0.000577529 0.0063724 3.23764e-06 0.00078624 -0.00809205 -0.00616321 0.00131152 0.000540278 -0.00280415 4.99066e-05 0.000977526 -0.00911909 3.19461e-05 -3.08664e-05 -0.000787224 4.04401e-06 -0.00123015 -3.79283e-05 0.000263428 0.000883293 5.59808e-06 -0.00171188 0.000114175 0.000861647 0.0020411 4.96789e-05 0.000114105 -0.00273531 -0.00296074 2.63904e-06 2.49179e-06 -0.00170697 -0.000551538 5.49232e-05 -3.79645e-06 -0.00152807 -0.0127261 0.00238704 -0.000285906 0.00109896 0.00132982 2.0602e-05 0.000285734 0.000836361 0.00385598 7.66344e-05 -0.00222072 
8.27058e-06 0.00028833 6.5235e-05 0.000124761 -0.00168952 2.39745e-06 0.000180092 -3.63722e-06 1.35601e-05 -0.00131155 -5.74224e-06 8.87209e-07 -0.00193801 0.00133628 0.00288657 1.29807e-05 -3.48821e-06 -0.00119238 0.000965475 0.000527306 0.00156889 0.000111507 0.000721945 0.000323197 -0.00125638 2.87419e-05 0.000650361 0.0004638 0.000297524 0.000706047 0.000655869 4.99117e-05 0.000186369 0.000447704 -0.00050222 0.000409004 -1.60413e-05 3.04711e-05 0.000248567 9.55263e-06 0.000267771 -0.000717704 0.000661568 0.000254929 3.46861e-06 1.32728e-06 -0.000362681 0.000468588 0.000903223 4.72082e-05 -0.000425501 -2.77335e-05 -0.00115181 0.000173507 -0.000442533 2.94103e-07 0.000658184 -0.00180536 -0.000543766 0.000119579 0.000512802 0.000100172 4.1482e-05 0.000227158 -0.000933968 0.000131867 1.30347e-05 -9.57615e-05 5.3204e-06 -0.00156541 2.77261e-05 2.30302e-06 3.33351e-05 7.15205e-07 -0.00112896 -5.94068e-05 0.000603844 0.000263973 0.000323452 1.84065e-05 -0.000112588 -0.00192847 2.44279e-06 4.17861e-07 -0.000319404 0.000405875 4.94355e-05 1.20978e-05 -0.00017376 -0.00120235 0.000481207 2.80408e-05 -2.41302e-05 0.00022684 1.04771e-05 0.000148146 2.72206e-05 0.000584222 3.61397e-05 -0.000259129 
-6.96452e-07 6.818e-06 5.16723e-06 3.24869e-05 -0.00157194 -7.66128e-07 3.77124e-05 1.92035e-05 1.20214e-07 -3.79416e-05 0.000476425 2.93715e-07 -0.000777234 0.000143163 1.29807e-05 0.0022824 -4.80736e-06 -0.000225357 -0.00010082 1.15364e-05 -0.00020736 0.000808335 4.97519e-05 1.05893e-05 -0.0012361 5.14586e-05 -0.00022195 -0.000277894 9.03781e-05 0.000310734 -1.55225e-06 -0.000134439 0.000676549 4.51638e-06 -0.000132299 1.2135e-05 -1.50986e-05 -3.77843e-06 0.000115615 4.75932e-06 1.82591e-05 0.000377074 -0.000146698 -9.79199e-06 6.63645e-07 -1.06836e-06 -0.000280093 0.000931092 0.000733021 9.03214e-05 -0.000242691 -3.35275e-05 -0.000244496 8.21746e-06 0.000194189 -2.21398e-07 0.000195448 -0.000396004 -4.539e-05 0.00017744 5.82281e-06 6.97032e-05 1.33132e-06 -7.20861e-06 -0.000262411 -1.49334e-05 9.71268e-06 -0.000252004 6.62253e-06 -0.00116164 2.1416e-07 1.16653e-06 -3.12074e-05 5.55252e-07 -2.0363e-05 0.000235655 1.4284e-05 -8.10909e-05 7.28214e-05 -6.74999e-06 -7.87752e-05 6.13541e-06 -8.3577e-08 8.63321e-07 -0.000299472 0.000279907 1.95595e-07 -6.26599e-07 2.75135e-05 -0.000336782 1.24938e-06 9.16217e-06 -1.34926e-05 -1.39406e-05 -7.15277e-08 3.19859e-05 6.11572e-05 0.000219311 -5.76945e-07 -1.2792e-05 
-1.35135e-06 6.24318e-06 -3.66689e-07 -8.48524e-07 -0.000264734 2.55197e-06 -3.76429e-06 -4.7993e-06 1.15885e-06 -0.000144285 0.000148893 -5.50304e-08 -1.47944e-05 2.75582e-05 -3.48821e-06 -4.80736e-06 0.0025307 -0.00047693 0.000180814 1.16524e-06 -0.000419087 -0.000666405 4.90813e-05 -1.03295e-06 7.40555e-05 -2.63846e-06 0.000268375 0.000270138 1.80421e-05 -9.25065e-05 -2.0112e-05 0.000514205 -0.000208059 8.76641e-05 0.00052392 -9.28684e-07 2.03775e-05 0.000151705 -2.33884e-05 -3.84247e-06 -1.22448e-06 -0.00163583 -8.09533e-05 3.15841e-05 8.42973e-06 7.96392e-06 3.24288e-05 -2.91774e-05 -0.000196508 -9.72734e-07 -0.000249437 -1.73236e-05 -0.000584319 2.41548e-05 0.000506178 2.56937e-06 -0.000113416 -0.000740663 -0.000417204 -2.68427e-05 9.96139e-07 -0.000112104 -1.07342e-06 1.98775e-05 -0.000739703 -1.21329e-05 2.09342e-08 0.000792707 1.85373e-06 0.000165818 7.6293e-07 -2.97793e-06 -3.35038e-05 4.8279e-06 -0.000220489 4.55403e-05 -2.16435e-06 0.000476556 0.000736941 -6.62738e-06 -0.000212325 -0.000688562 5.60462e-07 1.10897e-07 0.000776081 -7.76109e-05 1.35797e-06 2.77242e-05 -0.000150422 0.000197919 0.000132146 1.98439e-05 3.30205e-06 1.63315e-05 4.68915e-07 8.27494e-06 -1.88894e-05 -0.000111178 1.53201e-06 -7.9646e-05 
-0.000131609 -0.000553039 -9.93013e-05 -0.000147715 0.00611458 4.29058e-06 6.43547e-06 6.73134e-05 -4.26876e-05 0.000772046 -0.000652896 -3.36704e-06 0.00131548 -0.0055418 -0.00119238 -0.000225357 -0.00047693 0.0263 -0.0126526 -0.000510957 -0.0054052 -0.00192563 -0.000823315 -0.000317974 -0.000870973 -0.000501121 -0.00714524 0.000599434 -0.000602347 0.000696509 -0.000271636 -0.000756315 0.00240732 -0.000972104 0.00294136 -0.000385724 0.000127281 -0.00318134 -0.00020624 -9.11502e-05 -0.000346165 0.00245418 -0.00119292 -0.000197394 -0.000411678 -2.15123e-06 -0.00105578 0.000977536 -0.000186441 -0.00143564 0.00206969 0.000172935 0.00407293 -0.000379322 0.00406215 -6.61359e-05 -0.000149182 0.00269173 -3.07864e-05 -0.0001387 -0.000567635 0.00205428 -3.50561e-05 -0.00162253 0.00324049 -0.00027628 -3.02207e-05 0.000874391 -5.50494e-05 -0.000614711 -1.17471e-05 -6.85006e-05 -0.00188937 -5.55985e-05 0.00197147 0.000415387 -0.000713831 -0.00764252 -0.00285308 -0.000725546 -0.00186917 0.00617903 -1.19296e-05 -4.67185e-06 -0.00313997 0.000701465 -8.51583e-05 -0.000183506 -0.001352 0.00631024 -0.00138456 -4.48898e-05 0.000123061 -0.00146115 -1.58267e-05 -0.000168765 0.000103266 -0.000114755 -0.000165772 -0.00138318 
3.20004e-05 0.000305169 1.20839e-05 8.59877e-06 -0.00262358 2.03345e-06 -0.00019565 -0.000207836 2.85582e-05 -0.000658707 -0.00141763 2.23175e-06 -3.1328e-05 0.0103115 0.000965475 -0.00010082 0.000180814 -0.0126526 0.0531484 0.000339016 0.00412035 -0.00880503 -0.000119408 0.000212847 0.000869785 0.000171147 0.00354912 -0.00713391 -0.00034027 -0.00172954 6.54207e-05 0.00174746 -0.00479359 0.00105942 -0.00577507 0.000272053 0.000146816 3.80101e-05 1.12637e-05 2.49747e-05 0.000187942 -0.00168389 -0.000230415 -0.000120892 0.000338252 0.000174831 -0.00240302 -0.00283442 -0.000451449 0.00309456 -0.00263539 -0.000505242 -0.0166004 0.000346645 0.00656144 7.20137e-05 -0.00290353 -0.000229021 -0.0012014 -0.00059575 0.000404797 -0.00393251 7.39965e-07 0.00128679 -0.00972722 0.000557953 2.76713e-05 0.00446297 -7.11311e-06 0.00287597 -6.37767e-05 3.26262e-05 0.00207301 1.18281e-05 -0.00253914 -0.00182951 0.000552346 0.00496622 0.00177029 0.000935047 -0.000957764 -0.0113916 5.15456e-06 7.64729e-07 0.00491597 -0.00184537 9.35795e-05 0.000271597 -0.00245012 0.0019364 0.0016192 -0.000335442 6.15991e-05 0.00200806 1.17834e-05 0.00010096 -0.000535599 -0.000973728 0.000137748 -0.00395249 
2.96642e-06 0.000234162 3.5403e-05 0.000128385 -0.000563302 2.78524e-07 6.16296e-06 -1.52501e-06 2.23588e-07 -0.000516498 2.4649e-05 1.21773e-06 -0.000592994 0.000511352 0.000527306 1.15364e-05 1.16524e-06 -0.000510957 0.000339016 0.000872175 0.000367752 -0.000360334 0.000275997 0.000261611 -0.000276898 3.2116e-05 0.000208407 -0.000104739 8.57991e-05 -9.78186e-06 6.83931e-06 1.90512e-05 -8.12953e-05 0.000362609 -0.000176726 0.000314632 -2.61142e-06 -1.12349e-05 -3.69165e-06 7.68093e-06 0.000262365 -0.000409974 0.000363595 3.44211e-05 3.75326e-06 1.48149e-06 -9.16007e-05 -3.07354e-05 9.13054e-05 2.1969e-05 -0.000102289 -8.17445e-07 -0.000345793 6.30326e-05 -0.000224884 2.64376e-07 3.78113e-05 -0.000491239 -0.000155894 6.46818e-05 0.00012399 -7.77355e-05 1.22719e-05 0.000171866 -0.000258382 9.27475e-05 1.96595e-06 -1.16344e-05 1.76258e-06 -0.000349282 -6.35591e-07 2.3032e-06 7.68341e-05 6.56266e-06 -0.000594256 -2.25732e-05 0.000432957 6.10709e-05 0.00021619 -1.88928e-06 -1.62679e-05 -0.000572931 -3.08404e-08 2.58196e-07 -7.95039e-05 1.01463e-05 3.66e-05 4.0562e-06 -5.11102e-05 -0.0003776 0.000331381 1.48377e-06 -8.96106e-06 0.000135406 3.23156e-06 0.00010057 9.32035e-06 0.000207276 1.58476e-06 -0.000136401 
-3.63677e-05 0.000341631 0.000105575 -4.11138e-05 0.000606404 -0.000156852 0.00190489 0.00131317 -1.62692e-05 -0.0042313 -0.000673945 -4.36982e-06 -0.0110677 0.00619534 0.00156889 -0.00020736 -0.000419087 -0.0054052 0.00412035 0.000367752 0.21808 0.0467907 0.000666 0.000113632 -0.0587993 -0.00030238 0.0738563 0.0837292 0.00337896 0.00780458 0.000877039 -0.0177571 0.015424 -3.07829e-05 -0.0438391 0.000161167 0.00183959 -0.00136193 0.00299051 -0.000108682 0.000510673 0.0454775 0.00298402 0.000109094 7.14174e-05 0.000280326 -0.045444 -0.00334041 0.0424387 -0.000599463 -0.0518537 -0.000590547 -0.101703 -0.000122642 -0.0112527 -3.6651e-05 0.0245914 -0.00608774 -0.0435889 -0.00185243 0.000147958 -0.0101068 7.32497e-05 0.000209871 -0.0509503 0.0034659 -0.000186694 -0.0260526 5.38452e-05 -0.0229855 0.000255527 -0.000325966 -0.0023837 -4.05386e-05 0.000435203 -0.00514171 -0.000133326 -0.00243479 -0.00413392 -0.000740366 -0.0234087 -0.0029554 -2.21701e-05 -1.29074e-06 -0.0291431 0.00321077 -1.00336e-05 -0.00011006 -0.0105437 -0.0524625 -0.00113118 -0.00278076 0.00153269 -0.0016944 -1.13791e-05 8.95831e-06 0.00380242 0.0201921 2.75177e-07 0.0387348 
-0.000389132 -0.000239607 2.12838e-05 -7.20343e-05 -0.0146978 -0.000219423 0.00147465 0.00168184 1.76734e-05 -0.00111636 0.0118082 -5.48775e-08 -0.0107526 -0.00081258 0.000111507 0.000808335 -0.000666405 -0.00192563 -0.00880503 -0.000360334 0.0467907 0.244559 0.00247461 -0.000335871 -0.0311308 -0.00101171 0.069258 0.00971155 0.00213039 0.00882985 0.00216509 -0.032639 0.0319744 -0.00104897 -0.0430344 -0.000204301 -0.00266995 0.0024798 0.00268869 -0.000347961 -0.000397781 0.0667395 -0.0355724 0.000367528 -5.22847e-05 -0.000262661 -0.0686915 0.0205692 0.0229828 0.00126654 0.0102505 -0.00603583 -0.0549966 0.00014969 0.0306551 -6.30667e-05 0.0203903 0.0252474 -0.0485537 -0.004367 -1.91542e-05 0.00827613 -0.000154476 -0.0014897 0.0225671 -0.00105927 0.000205777 -0.0270878 5.03404e-05 -0.0324291 0.000438068 -0.000659643 0.00572993 -6.33967e-05 0.00277266 0.0060576 -0.00106615 0.0103449 -0.00408934 -0.000848214 -0.0510541 0.00786526 -1.19109e-05 3.02639e-07 -0.0605588 -0.00918436 -7.15391e-05 -0.000211297 -0.0276478 -0.07895 -0.00476837 -0.000407464 -0.00432743 -0.00376751 3.34901e-06 -9.84235e-05 -0.00214732 -0.0118024 -3.21476e-05 -0.00643587 
-8.61106e-06 0.000292141 4.32885e-05 0.000113488 -0.00186463 1.97145e-05 2.13929e-05 -3.8124e-05 1.1222e-05 -0.00112653 0.000811609 2.40394e-06 -0.00154801 0.000955216 0.000721945 4.97519e-05 4.90813e-05 -0.000823315 -0.000119408 0.000275997 0.000666 0.00247461 0.0124159 0.000144905 -0.0036773 -7.43281e-06 -0.00184675 0.00326762 0.000719782 5.79206e-05 0.00137658 -0.00023316 0.00188722 0.000284656 -0.00137946 0.000187388 -5.09639e-05 2.76624e-05 -0.000154425 -1.2137e-05 0.000122863 6.53926e-06 -0.000600408 7.98701e-05 -1.99782e-06 -5.82283e-06 -0.00147055 0.00138816 0.00425621 0.000331348 -0.000757033 -4.3544e-05 -0.00276024 5.16895e-05 0.00313209 7.19907e-07 -0.000170186 -0.00291456 -0.00209312 0.000332315 0.000365658 -0.000979354 3.02942e-05 0.000144012 -0.000965127 0.000103524 0.000114373 -0.000538322 5.42105e-05 -0.00309077 -5.21576e-06 4.34835e-05 -0.000202473 3.05522e-05 -0.00113276 0.000126008 0.000506954 0.000289323 0.0011516 -4.47014e-05 -0.00115358 -0.00162875 8.27607e-07 1.41522e-06 -0.000986272 0.000258655 1.24252e-05 -5.32686e-06 -0.000716626 -0.00507471 0.000469347 -0.000103696 -0.000135249 0.000220511 5.70078e-08 0.000179162 -6.81574e-05 0.00112058 2.91155e-05 -0.00129262 
1.80934e-06 5.9075e-05 6.01292e-06 5.54412e-05 -0.000325865 6.20668e-06 -1.81329e-06 -1.54244e-06 -7.0995e-08 -0.00042378 -8.2977e-06 1.25111e-06 -0.000310187 0.00037254 0.000323197 1.05893e-05 -1.03295e-06 -0.000317974 0.000212847 0.000261611 0.000113632 -0.000335871 0.000144905 0.000716679 -0.000314811 9.46412e-06 -0.000144502 4.33048e-05 -5.39675e-06 7.32045e-05 -4.65174e-06 0.000114421 -7.17453e-05 0.000378966 -4.31975e-05 0.000285922 2.43946e-05 -8.82203e-06 -2.53138e-06 5.34755e-06 0.000135575 -0.000362614 0.000281126 8.15434e-05 -1.7364e-07 4.65245e-06 -1.43054e-05 2.2422e-05 4.23894e-05 8.61108e-06 -0.00012594 3.27676e-06 -0.000217087 9.05386e-05 -0.000129785 1.59263e-06 -2.49406e-05 -0.000521664 -0.000104497 4.07485e-05 5.46234e-05 3.83436e-05 2.33018e-06 2.14579e-05 -0.000140967 9.92494e-06 1.30755e-05 4.559e-05 1.52305e-06 -0.000446788 -6.78809e-07 2.17277e-06 -1.80214e-05 -4.23693e-08 -0.000397054 -8.29597e-06 0.000310322 3.01486e-05 0.000173455 -2.6669e-06 -5.63918e-05 -0.000361093 -5.5463e-08 1.77204e-07 -1.99384e-05 1.62104e-05 3.87181e-05 1.65664e-05 -1.52411e-05 -0.00017812 0.000363789 5.12964e-05 -2.26534e-06 6.14448e-06 6.27628e-06 4.41705e-05 2.49118e-05 0.00029767 1.81609e-07 -3.1657e-05 
-7.61085e-05 -0.00015857 -8.12491e-05 -0.000254324 0.023339 5.0074e-05 -0.00187451 -0.00292317 4.5707e-08 0.00663233 -0.0162148 -8.75779e-06 0.0147861 -0.00732747 -0.00125638 -0.0012361 7.40555e-05 -0.000870973 0.000869785 -0.000276898 -0.0587993 -0.0311308 -0.0036773 -0.000314811 0.167249 -0.000422165 0.010348 -0.0440961 -0.00265002 -0.0192218 -0.00162771 0.0124513 -0.0325126 0.0001616 0.0153492 -0.000260534 -0.00228241 0.00114025 -0.00641833 -0.000372095 -0.000549319 -0.0351669 -0.00137685 -0.00084343 -0.000137778 -0.000122537 0.0254738 -0.0374428 -0.0540565 -0.00446837 0.0377657 -0.00481887 0.0469919 -8.89731e-05 -0.000921271 2.43214e-05 -0.0155568 0.0114298 0.00660855 -0.000427712 -9.48134e-05 0.0014534 1.46316e-06 0.000603282 0.0285091 -0.0018392 -0.000301207 0.0202177 -0.00013045 0.0349124 -0.000437373 -0.000247977 0.000686782 1.15606e-05 -0.000121445 -0.00140822 -0.000438527 -0.000403548 0.00115925 -0.000711943 0.00919799 0.0034572 1.40272e-05 -1.70073e-05 0.0234132 -0.0039847 -1.32074e-05 7.79788e-05 -0.00645677 -0.0101897 -8.95654e-05 -0.000333601 -0.00562942 0.00139207 -4.94603e-06 -0.000228478 -0.00251942 -0.0196664 1.82388e-05 -0.0582789 
7.33856e-06 1.38278e-05 1.64229e-06 3.31674e-05 -0.000607895 5.39013e-06 -6.71888e-06 -4.09528e-06 -9.80041e-09 -9.0805e-05 -6.38457e-05 -4.52396e-08 -6.89014e-05 -2.47709e-05 2.87419e-05 5.14586e-05 -2.63846e-06 -0.000501121 0.000171147 3.2116e-05 -0.00030238 -0.00101171 -7.43281e-06 9.46412e-06 -0.000422165 0.00208139 -0.000398978 -0.000234299 8.40334e-07 0.000229936 1.43924e-05 0.000264218 -0.000262908 4.79917e-06 0.000151806 6.49168e-06 2.74496e-05 -4.55694e-06 -9.32299e-06 1.59906e-05 4.21934e-05 -0.000367215 -2.32815e-05 -5.76728e-06 2.89882e-05 1.50545e-07 0.000730206 -9.88452e-05 -0.000118403 -1.43869e-05 -0.000266041 0.000153015 7.3263e-05 2.35594e-05 -0.000657817 4.55934e-08 -0.00010331 -0.000638212 0.000392898 0.000304919 -4.02985e-07 -0.000183485 1.40083e-06 0.000147262 -0.00060486 6.37811e-06 -8.60923e-07 -0.000150813 1.33536e-06 0.00013661 -1.27939e-06 3.68857e-05 -8.07975e-06 3.86627e-06 -0.000185782 0.000111335 3.11038e-05 0.000182168 1.96186e-05 6.05429e-05 0.000110627 -0.000308203 1.02036e-07 7.37343e-07 0.000458532 0.000271674 1.306e-05 -4.97265e-07 0.000464555 0.000763057 -4.63708e-06 3.70103e-06 -6.39845e-06 3.4685e-05 1.07224e-06 1.21778e-05 7.53297e-05 -5.01576e-05 8.39848e-06 -3.37236e-05 
-0.000181814 0.000329073 6.5275e-05 -0.000106807 0.00233896 -6.18235e-05 0.00231064 0.0018554 1.80889e-05 0.00100336 0.00497087 -5.37307e-06 -0.0137575 -0.00327725 0.000650361 -0.00022195 0.000268375 -0.00714524 0.00354912 0.000208407 0.0738563 0.069258 -0.00184675 -0.000144502 0.010348 -0.000398978 0.217361 0.0712107 0.00136342 0.00954733 0.000407605 -0.017179 0.0350733 0.000116223 -0.0669797 -1.04171e-05 -0.00130763 0.000379764 3.43021e-05 -0.000231968 -0.000109455 0.0500904 -0.0191953 -0.00121881 1.1734e-05 1.60745e-05 -0.0457728 -0.00798328 0.0242114 -0.000428964 -0.0133448 -0.00363817 -0.104434 5.30425e-05 0.0326454 -3.00565e-05 0.0248172 0.0091425 -0.0551226 -0.00183803 0.000103877 -0.0316211 -0.000134326 -0.000392249 -0.0610897 0.000233047 8.53076e-05 -0.0244894 -2.53432e-05 0.0037589 0.000559551 8.94889e-05 0.00618285 8.98083e-07 0.000970424 -0.00727107 -0.000309042 0.00973747 0.00185661 -0.00108506 -0.0269858 -0.00517559 -1.61753e-05 -6.42781e-06 -0.0158161 -0.00853669 -7.34182e-06 -0.000126117 -0.0177875 -0.0881993 -0.00170272 -0.00271213 -0.00329226 -0.0017314 -2.71236e-06 -0.000123759 0.00057369 0.0102157 4.34317e-05 -0.0173104 
0.000222399 -0.000182396 -3.3551e-05 -0.000175097 0.0164729 0.000172922 0.000811608 -0.00130908 -1.78572e-05 0.00145189 -0.00339598 -8.76775e-06 -0.00154088 0.00465804 0.0004638 -0.000277894 0.000270138 0.000599434 -0.00713391 -0.000104739 0.0837292 0.00971155 0.00326762 4.33048e-05 -0.0440961 -0.000234299 0.0712107 0.246919 -0.00015781 0.0165768 0.00260959 -0.00431753 0.00409535 3.95617e-05 -0.0657339 -3.2716e-05 0.00346194 -0.0013674 0.00224996 -0.000325247 -3.62205e-05 0.0208305 -0.0123442 -0.00123907 -7.80387e-05 0.000222725 -0.0449953 -0.0167518 0.0286483 -0.00186983 -0.0569625 5.86128e-05 -0.108245 5.98747e-05 0.0335686 -3.32254e-06 0.00892411 -0.0212554 -0.0288804 0.00119744 8.8467e-05 -0.0399735 4.50036e-05 0.000528475 -0.0973395 0.00264552 -5.87998e-05 -0.0105198 -2.3758e-05 0.00229512 -0.00037414 0.000636884 -0.00584232 -4.14087e-05 -0.0022639 -0.00714114 -0.000302405 0.0157169 0.00314574 -0.0012141 -0.0260579 -0.00792618 -9.81758e-06 1.19225e-06 0.00705366 0.00103301 -4.31399e-05 -0.000147607 -0.0120653 -0.0561299 0.00394016 -0.00368864 -0.0012689 0.000734027 -1.97956e-05 -3.01475e-06 0.00343501 0.0445065 2.89171e-05 0.0471788 
4.95571e-05 0.000314099 0.000137082 6.48492e-05 -0.00329721 1.8316e-05 0.000105351 0.000192282 -1.04986e-07 -0.00285425 0.000130514 6.62258e-06 -0.00342005 0.000456567 0.000297524 9.03781e-05 1.80421e-05 -0.000602347 -0.00034027 8.57991e-05 0.00337896 0.00213039 0.000719782 -5.39675e-06 -0.00265002 8.40334e-07 0.00136342 -0.00015781 0.0106757 0.002639 0.00059391 -0.000461654 0.000799278 3.15686e-05 -0.00146082 -1.1276e-06 -6.60015e-05 -0.000120721 0.000456961 -1.50113e-05 1.99352e-05 -0.000769133 -0.000660564 0.000263475 -2.05205e-06 3.92643e-07 -0.000601334 0.00163897 0.00386303 -5.0224e-05 -0.0002026 -3.44444e-05 -0.00211748 4.76089e-07 -0.00240357 4.6887e-06 0.00140841 -0.00347818 -0.000127847 0.000680886 6.60021e-05 0.000487229 1.09137e-05 8.73744e-05 -0.00243428 -2.21175e-05 9.55884e-05 -0.000456223 9.9959e-05 -0.00289022 -1.41066e-06 4.13396e-06 -0.000173563 5.17242e-05 -0.000422721 0.0026727 -1.76748e-06 -0.000361991 7.27833e-06 -4.35639e-05 -0.000250511 -0.000366536 -6.64596e-07 1.99347e-06 -0.000813304 0.000244132 -1.09991e-06 2.03008e-05 -0.000338738 -0.00222222 -3.54926e-05 -4.56563e-05 -8.99904e-05 0.000464646 3.42907e-06 4.02229e-06 0.000822898 -0.000604739 1.9012e-05 -0.000323387 
0.000127427 7.88716e-05 0.000107715 0.000180698 -0.00369356 9.29917e-06 0.0023337 0.000307889 1.81566e-06 -0.00113423 -0.000749778 6.20617e-06 -0.009433 0.000314814 0.000706047 0.000310734 -9.25065e-05 0.000696509 -0.00172954 -9.78186e-06 0.00780458 0.00882985 5.79206e-05 7.32045e-05 -0.0192218 0.000229936 0.00954733 0.0165768 0.002639 0.0460868 0.00224235 -0.00292493 0.00665839 -0.000109943 -0.00500181 5.40427e-06 0.000769026 -9.11526e-05 0.000534955 -7.12073e-05 8.17494e-05 0.0089757 -0.00104115 5.1607e-05 5.03788e-06 -2.7983e-05 -0.00356729 0.00481173 0.00496735 -0.000329778 -0.00505996 0.00187671 -0.0171713 4.45552e-05 -0.0110983 -5.41199e-06 0.00593115 -0.012681 -0.00518567 0.00302412 0.000107668 0.00355132 3.2354e-05 -9.98352e-05 -0.006034 -9.97765e-06 2.65053e-05 -0.00497741 3.55398e-05 -0.0170703 1.62857e-06 0.000666217 -0.000402638 4.27606e-05 -0.000117235 0.00310693 -8.08601e-05 -0.00016881 -0.000543624 0.00016621 -0.00444054 2.45988e-05 -2.21212e-06 -4.21225e-07 -0.00648596 0.000980371 -5.80641e-06 -1.37941e-05 -0.00249199 -0.00682902 -2.36534e-05 0.000205896 -0.00038482 -1.48298e-05 4.60765e-06 -1.67735e-05 0.00440421 0.000298088 2.28563e-05 -3.93088e-05 
-6.75691e-06 0.000199826 4.76058e-05 5.65044e-05 -0.0014961 3.60445e-05 0.000398101 -3.30666e-05 8.30442e-06 -0.0011684 -0.000186203 3.77588e-06 -0.00227639 0.000113966 0.000655869 -1.55225e-06 -2.0112e-05 -0.000271636 6.54207e-05 6.83931e-06 0.000877039 0.00216509 0.00137658 -4.65174e-06 -0.00162771 1.43924e-05 0.000407605 0.00260959 0.00059391 0.00224235 0.010978 -0.00019428 0.00194524 3.0176e-06 -0.00242349 1.68931e-05 7.65837e-05 -0.000122216 -0.000103718 -1.05438e-05 2.13376e-05 3.75411e-05 -0.000802019 5.38788e-05 -8.60941e-06 9.35528e-07 -0.00107544 0.000246666 0.000488874 -9.26743e-05 0.00207352 0.000363655 -0.00424978 2.06066e-05 -0.000510809 3.42392e-05 0.00127862 -0.00143708 -0.00043423 0.000245375 0.000310685 -0.00103365 2.28315e-05 3.74658e-05 -0.00108554 -3.81081e-05 8.20757e-05 4.93575e-05 -5.68108e-07 -0.00277075 -9.53792e-06 3.4222e-05 0.000264912 4.5798e-05 -0.00143361 -0.000141355 -1.93182e-05 -0.000322607 -4.42936e-05 -2.64797e-05 -0.000429395 -0.001688 2.44837e-07 9.02211e-07 -0.000401681 0.0020119 -2.49052e-07 9.15836e-06 -0.000202021 -0.00343136 1.8298e-05 -9.75927e-05 -9.67461e-05 0.000615842 -1.83564e-07 2.25465e-05 0.00048812 -0.000920165 5.26389e-05 -0.00108012 
2.32764e-05 0.000124135 -8.09104e-06 -2.57456e-05 0.00230725 0.000180004 -0.000261848 -0.000256923 6.63862e-06 -0.000608052 -0.00197764 4.74888e-07 0.00165933 0.000981033 4.99117e-05 -0.000134439 0.000514205 -0.000756315 0.00174746 1.90512e-05 -0.0177571 -0.032639 -0.00023316 0.000114421 0.0124513 0.000264218 -0.017179 -0.00431753 -0.000461654 -0.00292493 -0.00019428 0.0576306 -0.0048274 0.00111849 0.024288 2.7883e-05 0.000125439 -0.000143407 -0.000951391 3.65896e-05 -2.76308e-05 -0.0471964 0.00482852 0.000150967 -4.23036e-05 2.48156e-05 0.0227137 -0.00375525 -0.0056914 -0.000637704 -0.00149292 -0.000671762 0.0148398 0.000161001 0.00560525 0.000103788 -0.00446112 -0.0425461 -0.00571636 -0.000581717 0.000130124 -0.00430034 -1.99629e-06 0.00163853 -0.0168964 -0.000350996 0.000171582 0.0263483 -3.3235e-06 0.00395738 -6.67482e-05 -6.52491e-05 -0.0018796 2.44094e-05 -0.00417532 -0.00153927 0.000220046 -0.00180797 0.00076393 -0.000245718 -0.00494191 -0.00501974 5.55835e-06 1.28964e-06 0.0443081 -0.00188719 4.49246e-05 0.000277372 -0.00241101 0.00917658 0.0047844 0.00138346 -0.000723797 0.00470638 8.90969e-07 5.65388e-05 0.00221511 -0.00194123 5.49868e-05 -0.00563123 
-9.36408e-05 -4.63081e-05 6.18471e-05 -5.45109e-05 -0.0148555 5.44842e-05 0.00259279 0.00299168 7.63339e-06 -0.00234738 0.0126592 9.18286e-06 -0.017703 -0.00203783 0.000186369 0.000676549 -0.000208059 0.00240732 -0.00479359 -8.12953e-05 0.015424 0.0319744 0.00188722 -7.17453e-05 -0.0325126 -0.000262908 0.0350733 0.00409535 0.000799278 0.00665839 0.00194524 -0.0048274 0.118975 -0.00023882 -0.0202297 -5.27506e-05 -0.000734228 -0.00132586 0.000553854 -5.41366e-06 -4.21197e-06 0.0228272 -0.010862 -0.000585794 -0.000105931 -1.81736e-05 -0.0197948 0.0145306 0.0325441 0.0016586 -0.00718966 -0.00169493 -0.0345326 -7.95987e-05 0.053425 -1.06573e-05 0.0192829 -0.00622991 -0.0251317 -0.00147193 -0.000114218 -0.00849218 -5.63777e-05 -0.000148684 -0.01665 0.000348383 0.000655619 -0.00876512 1.24848e-05 -0.0287902 0.000432891 -3.86036e-05 -0.000633526 -4.05107e-06 0.00030562 -0.00153067 -0.000180715 -0.00379671 -0.00196857 -0.000649215 -0.0101061 -0.000543455 -8.12407e-06 6.00456e-06 -0.0135256 -0.0034304 -1.54566e-05 6.95117e-05 -0.00815164 -0.0470123 -0.000760683 -0.000785733 -0.000317635 -0.000530901 -4.88805e-06 0.000106302 0.00212816 -0.00113905 -2.42017e-05 -0.0189972 
