0.00987202 -0.000394435 -0.00160938 -7.00037e-06 7.30326e-06 -1.53257e-05 0.000680586 -0.00441373 0.0015235 0.00012543 4.36241e-06 0.00638156 -0.000174065 0.0011476 0.00128324 -0.00183739 -0.000452091 0.00100385 -0.000213399 0.000972156 0.000413542 -0.000544115 8.59891e-05 0.000669918 -0.00790592 0.00032628 1.32086e-06 1.78111e-05 -0.00179941 0.00315816 2.48888e-05 0.000103386 0.000228609 0.000452893 -0.0049704 0.0042215 3.12254e-05 -0.000199553 0.00156846 -0.000124796 -0.00180507 -7.89168e-05 -1.52327e-06 5.67831e-06 -0.00133434 0.000231979 0.000157437 7.51295e-05 -0.000426264 0.000334268 0.000158303 -6.47748e-06 -7.39594e-06 3.79298e-07 -0.00100075 0.000278064 0.000657151 -0.00457746 8.3558e-06 -2.18889e-09 -0.0034502 -1.09913e-05 -8.32814e-05 -4.31566e-06 -8.09113e-08 3.42796e-05 1.28666e-05 3.52263e-05 0.000706292 -3.2931e-05 0.000146694 -0.000486584 3.72165e-05 0.000101747 -0.000247346 -9.70192e-05 1.03583e-05 4.31452e-06 6.92303e-05 -0.00332003 4.83443e-06 0.00012664 1.04664e-05 0.001359 0.00254831 -4.48651e-07 -1.89995e-07 -0.000200495 8.15426e-05 4.87451e-05 -1.33136e-06 0.00398026 -0.00168964 0.000110252 0.000668357 7.34201e-07 0.00128778 -0.00218622 -2.96879e-06 -0.0018842 
-0.000394435 0.0405229 -0.0276654 -0.00457892 2.56239e-06 0.000311817 -0.0218651 -0.0188604 -0.0276577 0.00165859 9.84515e-06 -0.00350769 -0.00310379 -0.000390326 -4.44707e-05 0.0316763 0.0152414 -0.00018287 0.00220629 0.000382616 0.0140051 -0.00432564 -0.000207966 -0.000220475 0.00484404 -0.000168608 0.000628053 0.000125538 0.00262618 -0.00108784 -0.000105809 0.00115247 -0.000518525 0.00104678 -0.0175795 -0.0114719 -6.92792e-05 -0.000928941 -0.000161763 0.000686855 -0.0252089 -0.000418972 0.000322983 -5.53917e-05 0.0245149 -6.01512e-05 -6.15058e-05 -0.000572521 -0.00691172 -2.62339e-05 -0.000196065 0.000748539 -0.000234018 -5.40482e-07 -0.00506602 -0.000320829 -0.000468291 0.00920296 -1.74109e-05 -4.92011e-08 -0.0185934 0.00130794 -0.000474462 0.000165359 0.000286511 5.00656e-06 -8.33957e-06 0.00396919 -1.4324e-05 0.000936452 -8.88871e-05 0.00943521 0.00045571 7.92791e-05 -0.00192548 0.00218504 0.00152743 -1.13957e-05 -0.000860006 -0.0261272 5.2249e-06 -4.57162e-05 -5.24141e-06 0.00234849 0.000177988 -8.34191e-07 1.61454e-06 -0.000662099 -6.23685e-06 -1.08488e-05 0.0002395 -0.00311234 0.0270599 0.000814169 -0.00065136 0.000169878 -0.000433146 0.0294882 0.000162352 0.00501005 
-0.00160938 -0.0276654 0.203076 -0.0889752 -6.82978e-05 -0.000973537 0.152252 0.115085 0.143091 -0.00220449 -2.01697e-05 0.0160642 0.00545295 -0.00763012 -0.00671473 -0.0888442 -0.0743657 -0.00205615 -0.120503 -0.00839393 -0.146222 0.00962752 -0.00018956 -0.00209117 -0.0233334 -0.00242214 -0.00140856 -0.000398904 0.0391732 0.00100816 0.000470283 -0.00359193 -0.00148598 -0.0404203 0.0634582 0.0735939 -0.000218856 0.00357205 -0.00206466 -0.00868798 0.163007 -0.0028851 -0.000614839 0.0003317 -0.142919 -0.00492228 -0.00020814 -0.00202121 -0.0323787 -0.00035584 -0.000834977 -0.00170554 -0.0334967 -8.78028e-06 0.0133757 0.00160689 -0.0055677 -0.0042317 -0.000207953 -1.11554e-06 0.155002 -0.00284193 0.00185166 -0.000296557 -0.000503849 -0.00109784 -9.3497e-05 -0.00720839 -0.00164212 -0.00670655 -0.00202571 -0.0109904 -0.000669623 -0.000632099 0.00642247 -0.008797 -0.0022166 -0.000160564 -0.00728855 0.128887 -3.16886e-05 -0.000535247 -4.0096e-05 -0.0291897 -0.00774151 -6.11263e-05 -3.35911e-05 -0.00535309 -0.000294826 -0.000207577 -0.000729757 -0.0021554 -0.163532 -0.00736561 -0.00234331 -0.000687666 -0.00261755 -0.111732 -0.000223341 -0.0134444 
-7.00037e-06 -0.00457892 -0.0889752 0.109798 -2.34946e-05 3.20842e-05 -0.0922762 -0.0573457 -0.077333 4.58734e-05 -2.58269e-06 -0.0114657 -0.000512423 0.00867639 -0.00127139 0.0146157 0.0284546 0.000516277 0.0862219 0.00419103 0.0939333 -0.00157862 -0.000521356 0.00101861 0.0146796 0.00123063 6.73594e-05 2.14003e-05 -0.0332045 -0.00327276 -0.000233092 0.000511356 -0.00114779 0.0387172 -0.0339345 -0.0458999 3.69695e-05 -0.0024571 0.00116992 -0.00056702 -0.0809988 -0.000260128 -6.91278e-05 -0.000178463 0.0827326 -0.00176889 3.48868e-05 -0.00173223 0.0485628 -6.24921e-05 -0.000328961 0.000320173 0.0222129 -1.72108e-08 -8.63829e-05 -0.00100867 0.00241764 -0.00875811 -1.34537e-05 -1.95462e-07 -0.0826008 -0.00015103 -0.00138181 -4.21868e-05 6.2763e-05 0.000323696 4.84373e-06 -0.0010905 0.00097209 0.00293288 0.00110022 -0.00209715 -0.000678533 -1.38388e-05 -0.00295703 0.00208723 0.00025684 -1.87066e-05 0.00528151 -0.0501104 -2.29005e-06 0.000192512 -7.80739e-06 0.00571109 -0.00681019 4.56219e-05 5.1096e-06 -8.99094e-05 -4.11206e-05 -3.82922e-05 0.000307132 -0.00881632 0.0856705 0.000237141 -0.00191257 0.000198109 -0.00178177 0.043997 -2.28838e-05 0.00293397 
7.30326e-06 2.56239e-06 -6.82978e-05 -2.34946e-05 0.000347546 1.62398e-05 -2.08715e-05 -0.000142105 9.91821e-06 4.69539e-05 1.60832e-06 0.000147615 -4.87054e-05 4.52349e-06 7.40934e-05 -4.10263e-05 -0.000107305 9.04857e-05 -2.82732e-05 6.53589e-05 -2.15128e-05 -6.23731e-05 9.32044e-06 8.84308e-06 -0.000160826 2.60731e-06 6.6866e-07 -1.63817e-07 -0.000227667 1.90993e-05 3.2909e-06 -8.24219e-07 0.000180595 2.914e-06 -0.000118857 -7.1005e-05 2.23062e-07 2.75317e-05 1.08324e-05 6.45924e-07 -0.000117334 1.82943e-05 3.90116e-07 2.0403e-07 -3.99291e-05 1.89558e-05 1.98839e-06 -7.73353e-07 -6.11016e-05 5.37775e-06 -6.83441e-07 2.89012e-06 -1.31379e-05 -4.44086e-09 -0.000126691 0.000121436 2.35283e-05 -0.000187276 1.40991e-06 -5.41201e-10 -0.000212527 5.1881e-05 8.21783e-05 -2.31825e-07 1.49334e-05 6.01675e-05 3.29416e-07 0.000158889 5.22915e-05 6.77432e-06 8.36662e-06 -1.79611e-05 2.46767e-05 1.95563e-06 -1.23612e-05 8.55412e-05 8.70594e-07 -6.69658e-08 3.64774e-05 -0.000113921 -9.022e-09 8.42537e-05 -9.71323e-09 -7.90052e-06 1.18258e-05 -3.14488e-08 2.81928e-08 2.30283e-05 3.63346e-07 2.13244e-05 6.92569e-06 4.54949e-05 -2.49892e-05 4.38925e-05 4.76105e-06 1.17505e-06 -2.60655e-06 -2.51832e-05 2.66555e-05 -2.22786e-05 
-1.53257e-05 0.000311817 -0.000973537 3.20842e-05 1.62398e-05 0.00173285 -0.000817416 -0.00072993 -0.000780271 0.000250728 2.41842e-07 -4.16364e-05 -0.000444385 6.84082e-06 2.40075e-05 0.00085121 4.23891e-05 -3.76004e-06 0.000402054 0.000194892 0.000419541 -0.000575445 -7.07175e-06 -8.8357e-06 0.000169857 -5.08214e-06 7.67224e-05 8.97563e-06 -0.000477689 -4.19537e-05 -4.84429e-06 4.76692e-06 6.1288e-05 0.000583211 -0.000610758 -0.000605506 5.4977e-07 -3.15739e-05 -5.8785e-06 0.000296857 -0.000959571 5.00842e-05 9.73607e-06 1.31761e-06 0.000379619 3.77962e-05 -2.10105e-06 -1.30032e-07 0.000221051 -9.79703e-07 -2.69042e-06 0.00020098 5.26578e-05 -2.21727e-08 -0.00074668 1.01703e-05 -7.67468e-06 -0.000265773 1.73751e-06 -2.70216e-09 -0.000761891 7.04796e-05 -5.83992e-06 6.76919e-06 6.01356e-05 3.34725e-05 -3.62395e-07 0.000720328 4.55108e-06 4.85403e-07 1.50147e-06 2.43685e-05 1.10212e-06 1.45504e-05 3.43323e-05 0.000152634 2.2345e-05 -4.00829e-07 8.07548e-05 -0.000828872 2.1692e-08 3.91744e-05 9.4843e-07 -8.79486e-06 -6.69502e-05 9.8298e-07 -1.42167e-07 0.000171538 1.27115e-06 2.60108e-07 5.64156e-05 -8.93456e-05 0.00091369 5.33319e-05 -2.12965e-06 1.70344e-05 -1.15388e-06 0.000855189 1.25585e-05 0.000129908 
0.000680586 -0.0218651 0.152252 -0.0922762 -2.08715e-05 -0.000817416 0.17409 0.0937936 0.130446 -0.0015904 -2.05949e-05 0.0207164 0.00329112 -0.0081213 0.00206985 -0.0746315 -0.0546566 -0.00164956 -0.123584 -0.00594908 -0.147715 0.00812104 0.000553087 -0.00040605 -0.0269379 -0.00132106 -0.00057205 -0.000431182 0.0415885 0.00617914 0.000450358 -0.00239205 0.00215913 -0.0435079 0.0543094 0.0656609 -0.000100313 0.00256416 -0.000834445 -0.00171612 0.13726 -0.000126262 -0.000301781 0.000199013 -0.133207 -0.00123865 -3.79879e-05 0.00287811 -0.0464246 1.29957e-05 -0.000572918 -0.00175057 -0.0372167 -9.54594e-06 0.00870443 0.00144193 -0.00217028 -0.00364608 -0.000238661 -1.10389e-06 0.128402 -0.00292045 0.00179792 -0.000358307 -0.0005234 -0.000703192 -8.94694e-05 -0.00344956 -0.00145134 -0.00687113 -0.00217302 -0.00880813 -0.000902285 -0.000691217 0.00193404 -0.00408339 -0.00153423 -0.000149796 -0.0088823 0.0965766 -2.29245e-05 -0.000493113 1.27601e-05 -0.0151196 -0.00150875 -6.80107e-05 -1.45282e-05 0.00181499 -0.00021749 -0.000200081 -0.00103888 0.0140662 -0.141167 -0.00657843 0.0030292 -0.000728859 0.00208013 -0.0969184 -0.000195515 -0.0132134 
-0.00441373 -0.0188604 0.115085 -0.0573457 -0.000142105 -0.00072993 0.0937936 0.248307 0.102678 -0.00182579 -2.79227e-05 -0.0345168 0.00189716 -0.00494368 -0.00557575 -0.0741849 -0.0688716 -0.00159137 -0.0776859 -0.00715453 -0.0922731 0.00590935 0.00117298 -0.00204872 -0.0106455 -0.00143951 -0.00116448 -0.000239802 0.0275327 0.000743654 -0.00033639 -0.00257597 -0.001838 -0.0263709 0.0759005 0.0194793 -0.000633783 -0.0105075 -0.00163602 -0.00619051 0.108304 -0.00140242 -0.000390156 0.000291983 -0.0878937 -0.00299847 1.2261e-05 -0.00234822 -0.00975645 -0.000277838 -0.00209472 -0.00106445 -0.0226954 -5.8611e-06 0.0085666 -0.00309255 -0.0068397 -0.0272707 -0.000103838 -5.54283e-07 0.0968604 -0.00219806 -0.00214381 -0.000252999 -0.000309839 -0.000851637 -5.44437e-05 -0.00602555 -0.00120228 -0.00435273 -0.001448 -0.0149351 -0.00307289 -0.000362155 -0.00863065 -0.00696966 -0.00140673 -9.93304e-05 -0.00572717 0.11306 -5.23878e-06 -0.000858029 -4.4116e-05 -0.0163689 -0.0176582 -4.03664e-05 -3.13035e-05 -0.00600476 -0.000194645 -0.000204641 -0.000574836 -0.0142094 -0.101994 -0.00472126 0.000560563 -0.000440308 -0.00133813 -0.0933157 -0.000155201 -0.017948 
0.0015235 -0.0276577 0.143091 -0.077333 9.91821e-06 -0.000780271 0.130446 0.102678 0.220541 -0.00194364 -2.15493e-05 0.0232685 0.00353154 -0.00657126 0.00192071 -0.127114 -0.0954872 0.000601963 -0.103316 -0.00887274 -0.123833 0.00758676 0.00110014 -0.00177396 -0.0372446 -0.000156966 -0.00144807 -0.00025396 0.0232644 0.00644187 0.000638885 -0.00346607 0.00373572 -0.0379697 0.0802283 0.0437822 -0.000181362 0.00599089 -0.00149865 -0.00697795 0.141139 0.00185419 -0.0005067 -0.000271612 -0.134174 0.00247993 -0.000192028 0.00370022 -0.0198289 5.76817e-06 -0.000144921 -0.00154418 -0.0203072 -8.26235e-06 0.00855928 0.00177788 -0.000497149 -0.0585389 -8.84102e-05 -2.92179e-07 0.116492 -0.00325011 0.00359452 -0.000202188 -0.000458361 -0.000858487 -4.30863e-05 -0.00463471 -0.00114915 -0.00629683 -0.000130709 -0.0156994 -0.00183207 -0.000189757 0.0106577 -0.00507027 -0.00197166 3.39475e-05 0.000726712 0.134463 -1.38707e-05 -0.000615859 -2.02502e-06 -0.0131361 -0.00299362 -5.58605e-05 -1.63436e-05 -0.00658251 3.49589e-05 1.75858e-05 -0.000866013 0.0231203 -0.141092 -0.00366181 0.00426012 -0.000599986 0.00114001 -0.132 -0.000213315 -0.0107982 
0.00012543 0.00165859 -0.00220449 4.58734e-05 4.69539e-05 0.000250728 -0.0015904 -0.00182579 -0.00194364 0.00456974 -5.23561e-08 -0.000331088 -0.0013268 0.000142727 0.000181507 0.00160203 -3.98271e-05 0.00068633 0.000901197 0.000636497 0.000357691 -0.00215071 0.000344044 1.85351e-05 0.000123665 0.000306526 6.4033e-05 0.000119464 -0.00120056 -0.000127226 -3.44553e-07 3.00261e-05 0.000160127 0.000571725 -0.00107752 -0.00129822 -3.85849e-06 -0.000111649 0.000193674 3.63469e-05 -0.00267548 -3.94132e-05 0.000137786 -4.67949e-06 0.00139686 7.55849e-05 3.10411e-05 -5.11569e-05 -0.000275987 2.77459e-05 0.000299242 0.000175428 0.000297148 -5.864e-08 -0.00216627 -2.31156e-05 0.000101605 0.000451297 0.000102151 4.6187e-08 -0.00227773 5.49299e-05 0.000406141 4.93122e-05 5.39334e-05 0.000140312 3.42139e-05 0.00201953 0.000604031 1.72348e-05 0.000234282 0.000651128 2.90299e-05 0.000153092 3.37114e-05 0.00027471 1.95435e-05 5.97836e-05 0.000487298 -0.00159449 2.95488e-07 3.36829e-06 2.56757e-06 7.09134e-06 -0.000303765 4.01397e-07 1.1164e-05 -6.43435e-05 9.84521e-05 0.000113929 4.83479e-05 -0.00013609 0.00154504 0.000477047 -3.95485e-05 6.61438e-06 -3.43398e-05 0.00131101 8.77978e-05 -0.000386102 
4.36241e-06 9.84515e-06 -2.01697e-05 -2.58269e-06 1.60832e-06 2.41842e-07 -2.05949e-05 -2.79227e-05 -2.15493e-05 -5.23561e-08 0.000100703 1.84323e-05 -1.10897e-05 3.661e-07 3.42621e-06 1.21824e-05 -1.3144e-05 2.17086e-06 1.01193e-05 1.45817e-06 2.30698e-05 -1.43656e-05 7.25597e-08 8.85519e-07 -7.33831e-06 1.83862e-06 1.67851e-07 2.48385e-06 -1.70376e-05 7.05411e-06 4.06345e-07 9.20297e-08 5.52355e-07 -1.99241e-06 -2.98422e-05 -2.18351e-05 1.13505e-06 2.22928e-06 4.82435e-06 1.92705e-06 -2.69116e-05 4.37854e-06 7.32163e-07 1.48852e-07 1.4725e-05 -9.66725e-08 1.51513e-06 1.17093e-06 -1.56715e-05 5.83249e-07 2.34913e-06 1.05298e-07 4.2079e-06 3.4538e-07 -2.30365e-05 -2.80155e-07 -4.27908e-07 1.22867e-05 2.80198e-07 -1.56777e-10 -2.70908e-05 2.1903e-06 2.72043e-06 7.59511e-07 1.34761e-06 4.61764e-07 8.58734e-09 1.16235e-06 9.06644e-07 3.90811e-07 1.34246e-06 6.60725e-07 -3.71679e-07 4.55893e-06 1.35481e-05 7.92293e-07 6.04827e-07 5.19543e-07 2.41883e-06 -2.59239e-05 1.21156e-07 5.7837e-07 1.33231e-07 2.17692e-06 -4.32096e-06 -9.11019e-09 -8.24842e-09 7.71489e-07 6.35585e-07 9.86081e-08 -1.18115e-07 -3.69325e-06 1.70539e-05 1.40575e-05 -8.34953e-07 5.12441e-07 3.42073e-06 5.34129e-06 5.59207e-07 3.97451e-06 
0.00638156 -0.00350769 0.0160642 -0.0114657 0.000147615 -4.16364e-05 0.0207164 -0.0345168 0.0232685 -0.000331088 1.84323e-05 0.0886979 0.000814027 -0.000603248 0.00541227 -0.0140039 -0.00846675 -0.000159983 -0.0147416 0.00234817 -0.0199874 0.00091612 -0.000154153 0.0021503 -0.0281782 0.000595752 -0.000143344 -5.47191e-05 0.00386551 0.00944904 0.000303527 -5.08375e-05 0.00487843 -0.00507399 -0.0107529 0.0218062 0.000105858 0.00165225 0.00156816 -0.000494935 0.0054716 0.00136038 -3.97168e-06 5.77772e-05 -0.0195871 0.000603474 0.000280463 0.000802732 -0.00904732 0.000192228 -0.000321108 -0.00022295 -0.00474332 -1.25659e-06 -0.00124629 0.00355087 0.0058782 -0.0169353 -3.8689e-05 -1.53138e-07 0.00122557 -7.76764e-06 7.38317e-05 3.09494e-05 -6.60234e-05 9.32923e-05 8.768e-08 0.00293012 -0.000169384 -0.000634896 -0.000258359 -0.000221332 0.00262206 -8.74706e-05 -0.00429001 0.00198376 -0.000159056 -1.87842e-05 -0.000787639 -0.00929363 3.47539e-07 0.000110446 5.3253e-05 -0.000326519 0.0153795 -4.41874e-06 -1.54363e-06 -0.00240636 -2.06603e-05 -4.83384e-05 -5.6476e-05 0.0104129 -0.0203333 -0.000886059 0.000190408 -9.39635e-05 0.00465303 -0.0198484 -3.04376e-05 -0.0041905 
-0.000174065 -0.00310379 0.00545295 -0.000512423 -4.87054e-05 -0.000444385 0.00329112 0.00189716 0.00353154 -0.0013268 -1.10897e-05 0.000814027 0.0112267 -0.000134559 -0.000749268 -0.00369229 -0.00251872 -0.000951074 -0.000800855 -0.00114887 -0.001302 0.00292154 -0.000983154 -5.35277e-05 -0.000171364 -0.000521345 -0.000218893 -0.000366409 0.000933532 0.000165331 2.30702e-05 -0.000329721 -0.000158931 -0.00143821 0.00171108 0.00320472 1.48073e-05 -0.000481816 -4.67389e-05 -0.000246335 0.00488871 -0.000423379 -0.000162916 -3.76252e-05 -0.00350835 -0.00139454 -5.09397e-05 -0.000483743 0.000688126 -0.000158786 -0.000567641 -0.000620909 -0.00051926 -1.13616e-05 0.00316111 7.63492e-05 -0.000996242 0.00214029 -0.000115322 -1.29899e-06 0.00333434 -0.000268204 -0.000426328 -0.000258175 -0.000276134 -0.000225006 -8.54257e-05 -0.00222244 -0.000505453 -9.01888e-05 -0.000756572 -0.000718792 4.0786e-05 -0.000472685 9.34884e-05 -0.000254076 -0.00084407 -0.000220158 -0.000455981 0.00462158 -6.51536e-06 -2.07399e-05 -6.33179e-06 -0.00185057 -0.00123588 -2.15614e-06 -4.122e-05 -7.18344e-05 -0.000349832 -0.000328553 -0.000163588 -0.00182598 -0.00376863 -0.00192596 -0.000215245 -0.000130951 -1.5435e-05 -0.00327459 -0.000135406 0.000204428 
0.0011476 -0.000390326 -0.00763012 0.00867639 4.52349e-06 6.84082e-06 -0.0081213 -0.00494368 -0.00657126 0.000142727 3.661e-07 -0.000603248 -0.000134559 0.0106788 -4.89518e-05 -0.00136116 0.00166311 0.00064236 0.00770537 0.000700823 0.00827376 -0.000440203 -4.97237e-05 0.000469537 -0.000197326 0.000681646 -3.22435e-05 -2.24845e-07 -0.00752615 -1.50764e-05 0.000112968 0.000201544 1.51322e-05 0.00774888 -0.00411908 -0.00367603 5.77641e-06 -4.20721e-05 0.00124807 -0.000171904 -0.00698071 -5.49806e-05 -2.54848e-06 -1.10712e-05 0.00663635 -0.000162451 5.53642e-05 -0.00010198 0.00761772 5.65691e-05 -2.7146e-05 5.52847e-05 0.000444978 4.48774e-07 -0.000703034 2.97091e-05 0.000204055 -0.00573715 9.34458e-07 -1.68047e-08 -0.00716648 -5.46986e-05 -0.000112947 -3.62169e-06 5.32402e-05 -1.50193e-05 2.43848e-05 -9.45214e-05 0.000655895 8.5154e-05 0.000389309 -0.00044569 -6.84439e-05 -2.74142e-06 0.000594403 -1.91192e-05 0.000208936 -6.30695e-07 0.00014028 -0.00454172 1.79602e-06 0.000301439 1.0032e-06 0.00205871 -0.000737749 4.55016e-06 -7.30804e-07 -0.000229653 3.28259e-06 8.1174e-06 1.75358e-05 -0.000564001 0.00601067 -1.03212e-05 -1.17518e-05 -9.8978e-06 -9.40639e-05 -0.000949663 -3.56796e-06 -0.000793586 
0.00128324 -4.44707e-05 -0.00671473 -0.00127139 7.40934e-05 2.40075e-05 0.00206985 -0.00557575 0.00192071 0.000181507 3.42621e-06 0.00541227 -0.000749268 -4.89518e-05 0.0122619 -0.000972904 0.00191278 0.000611513 -0.00148246 0.00112634 -0.00175511 -0.00157091 0.000396526 0.00104938 -0.00778628 0.00140453 7.59111e-05 2.58683e-05 -0.000792756 0.00500435 0.000190747 8.19783e-05 0.000281014 -0.000355951 -0.00376272 -0.000553052 0.00018982 -3.62359e-05 0.00106453 0.000809267 -0.00363448 0.00120996 3.76914e-05 -1.63283e-05 -0.00119003 0.000721405 0.000108749 0.000612767 -0.00252231 0.000374139 1.20696e-05 -5.18615e-06 -0.000615708 4.58072e-07 -0.0037683 8.36262e-05 0.00295019 -0.00511007 3.63094e-05 8.40057e-08 -0.00764282 0.000163265 0.000495704 2.77843e-05 3.97919e-05 0.00027957 9.08356e-06 0.00124448 0.000367133 7.25083e-06 0.000149077 -0.000631845 0.000152587 2.00976e-06 -0.00057373 0.00250845 3.46806e-05 5.56462e-05 -0.000240746 -0.0074166 3.74068e-06 4.12011e-05 5.24703e-05 0.00262734 0.00394957 -2.3978e-07 2.24665e-05 0.00117709 0.000129251 0.00013582 3.17166e-06 0.00642687 0.00107233 0.00123147 0.000766578 -7.97472e-06 0.00325301 -0.00185251 1.96829e-05 -0.00134976 
-0.00183739 0.0316763 -0.0888442 0.0146157 -4.10263e-05 0.00085121 -0.0746315 -0.0741849 -0.127114 0.00160203 1.21824e-05 -0.0140039 -0.00369229 -0.00136116 -0.000972904 0.158474 0.0688301 -0.00087959 0.043503 0.00247426 0.062503 -0.00731372 -0.000959341 -0.000925265 0.0234091 -0.000742315 0.000969544 0.000220786 -0.00418391 -0.00556156 -0.000527106 0.00194202 -0.0024503 0.00224504 -0.055511 -0.0129295 -0.000226998 -0.00377812 -0.000759508 0.00652164 -0.089813 -0.00174813 0.000425615 -0.000241403 0.0807677 -0.000153574 -0.000211125 -0.00281241 -0.0295851 -0.000109922 0.000551703 0.00154936 0.00627059 6.60101e-06 -0.0103642 -0.00158428 -0.00187822 0.0600597 5.2674e-05 1.29275e-07 -0.0743246 0.0036235 -0.00246228 0.000152081 0.000297722 -2.06193e-05 -3.36436e-05 0.00428782 -0.000139526 0.00181283 -0.00035636 0.0136452 0.00182062 0.000151741 -0.00780001 0.00474737 0.0017258 -4.19547e-05 -0.00341751 -0.114857 1.28725e-05 8.27218e-05 -1.19329e-05 0.0088195 0.00989062 -6.62561e-06 1.34541e-05 0.00534518 -5.00366e-05 -7.11627e-05 0.000305614 -0.0137902 0.0875807 0.00275792 -0.00301095 0.000599632 -0.00148299 0.107886 0.000202329 0.0185152 
-0.000452091 0.0152414 -0.0743657 0.0284546 -0.000107305 4.23891e-05 -0.0546566 -0.0688716 -0.0954872 -3.98271e-05 -1.3144e-05 -0.00846675 -0.00251872 0.00166311 0.00191278 0.0688301 0.235983 -0.00237457 0.0383687 0.00295831 0.0486089 -0.00351657 -0.000938532 -0.00189777 -0.0220716 -0.00146512 -0.000384471 3.25004e-05 0.00658602 -0.0052131 -0.00120141 -0.00107528 -0.000604112 0.0189337 -0.0461594 0.00373994 0.000136344 -0.00567076 -0.00173488 -0.0024987 -0.0562844 0.00135113 0.000204497 -0.000826331 0.0678147 -0.000531862 -0.000483643 0.00125594 -0.0452642 -6.20245e-05 -0.00105915 0.00084997 -0.00563749 -6.1723e-06 -0.00566108 -0.00255695 0.00324862 -0.0301322 -0.000170618 -4.62635e-07 -0.0638856 4.64558e-05 -0.00673185 -1.42413e-05 0.000193025 -0.000464185 -0.000118187 -0.00170874 -0.000598529 0.00116122 -0.00165625 -0.000979621 -0.00191552 -0.000265559 -0.0222518 0.0033267 0.000704592 -0.000155424 -0.0128231 -0.0941289 7.88868e-07 -0.000613333 -1.11493e-05 0.0147809 0.0134123 -1.33546e-05 4.61676e-06 -0.00463483 -0.000156402 -0.000314785 0.000107102 0.0221665 0.068079 0.00102105 0.000182272 0.000223638 0.000900748 0.0668795 2.33217e-06 0.0244942 
0.00100385 -0.00018287 -0.00205615 0.000516277 9.04857e-05 -3.76004e-06 -0.00164956 -0.00159137 0.000601963 0.00068633 2.17086e-06 -0.000159983 -0.000951074 0.00064236 0.000611513 -0.00087959 -0.00237457 0.00466926 0.000452509 0.000795063 0.00160221 -0.00159194 0.000725107 9.41897e-06 -0.00170649 0.000945352 8.28652e-05 0.000152255 -0.00344284 0.0002573 0.000111686 3.04633e-06 0.000129373 0.000199968 -0.000618815 -0.000442039 5.15537e-05 -1.89227e-05 0.000887902 -7.06606e-05 -0.00231315 -2.19685e-05 2.16952e-05 6.46889e-09 -0.000760151 0.00032236 4.87e-05 -1.6612e-05 0.000609815 0.000171539 0.00123823 7.2603e-06 0.00178047 1.11008e-06 -0.00211253 0.00013188 0.000415857 -0.0019128 0.000119475 1.06603e-06 -0.00199349 8.07751e-05 0.0014011 0.000135582 2.88112e-05 0.000148941 9.79959e-05 0.000216358 0.00122777 8.70818e-06 0.0011139 -0.000167237 -7.01611e-06 0.000364485 0.000830679 0.00011175 1.73026e-05 0.000218177 0.00166271 -9.39172e-05 2.38333e-06 0.000211051 6.7175e-06 1.92501e-05 -0.000312789 -9.10227e-08 2.17491e-05 -8.35473e-05 0.000308421 0.000340401 4.44235e-05 0.000959214 -0.00100489 0.00129348 0.000438284 2.73604e-05 7.35117e-05 -0.0010292 4.87237e-05 -0.00198926 
-0.000213399 0.00220629 -0.120503 0.0862219 -2.82732e-05 0.000402054 -0.123584 -0.0776859 -0.103316 0.000901197 1.01193e-05 -0.0147416 -0.000800855 0.00770537 -0.00148246 0.043503 0.0383687 0.000452509 0.144477 0.00486892 0.121735 -0.00733737 -0.000852247 0.00122229 0.0206934 0.00109364 7.29263e-05 0.000232303 -0.0442365 -0.00352197 -0.000276524 0.00156407 -0.0020843 0.0380875 -0.0387492 -0.0532495 3.69499e-07 -0.00354935 0.00135042 0.00410939 -0.110115 -0.000815713 2.46162e-05 -0.000250478 0.103513 -0.00122727 0.000245235 -0.00221231 0.0425553 -2.17329e-06 0.000163793 0.000841149 0.035311 -9.27347e-07 -0.00705141 -0.00151031 0.000739186 0.00358774 0.000224005 -1.39329e-07 -0.103352 0.000342236 -0.00170463 4.87611e-07 0.000402695 0.000550526 -2.13103e-05 0.00207058 0.000998707 0.00615171 0.00141815 -0.000629389 -0.000689877 0.000342474 -0.00105431 -2.8593e-06 -8.5057e-05 -3.76995e-05 0.00887054 -0.075577 7.84321e-06 -6.81573e-05 -1.09951e-07 0.00514262 -0.00620169 5.56492e-05 -6.50208e-06 0.000748149 -6.62512e-05 -7.04433e-05 0.000436528 -0.0113947 0.1147 0.00452189 -0.00259895 0.000277505 -0.00137171 0.0628166 9.57417e-05 0.00789702 
0.000972156 0.000382616 -0.00839393 0.00419103 6.53589e-05 0.000194892 -0.00594908 -0.00715453 -0.00887274 0.000636497 1.45817e-06 0.00234817 -0.00114887 0.000700823 0.00112634 0.00247426 0.00295831 0.000795063 0.00486892 0.0190045 0.0045676 -0.0015568 0.000349423 0.00104096 -0.000652746 0.000627802 -1.74651e-05 7.3736e-05 -0.00224419 0.00115554 7.61245e-05 0.000704741 0.000268106 0.0025007 -0.00180926 -0.00396326 4.76582e-06 0.000984536 0.0017318 0.00131989 -0.0105577 0.000135771 0.000405041 1.35411e-05 0.00378499 0.000762198 0.000210198 -0.000248975 1.13063e-05 9.03834e-05 -2.50572e-05 0.000171901 -0.000782319 7.55786e-07 -0.0073143 -7.97743e-05 0.00266627 -0.0027658 1.81186e-05 -3.01683e-08 -0.00997447 0.00100756 0.000386214 0.000100907 3.97828e-05 7.02957e-05 5.45294e-06 0.00357404 0.000890031 0.00161493 0.000164143 0.000764638 0.00122321 2.25938e-06 -0.000597508 0.000488986 0.000634968 6.15063e-06 -0.000319083 -0.0116615 2.61299e-06 1.6538e-05 8.80464e-06 0.000752694 0.00364026 1.89903e-05 8.66611e-06 0.000176235 5.80367e-05 0.000126949 6.53923e-05 -0.000453839 0.0030683 0.000336582 -0.00010921 -5.35441e-06 0.000357486 0.0050364 3.40198e-05 -0.00242024 
0.000413542 0.0140051 -0.146222 0.0939333 -2.15128e-05 0.000419541 -0.147715 -0.0922731 -0.123833 0.000357691 2.30698e-05 -0.0199874 -0.001302 0.00827376 -0.00175511 0.062503 0.0486089 0.00160221 0.121735 0.0045676 0.169491 -0.00562695 -0.000908673 0.000337148 0.0243942 0.000944133 -0.000299213 0.000292646 -0.0429918 -0.00510042 -0.000434812 0.00104005 -0.00191049 0.0417342 -0.0591289 -0.0622901 0.000175625 -0.00299703 0.0012351 -0.000559453 -0.135278 -0.000732931 3.84262e-05 -0.000324711 0.130827 -0.00105111 8.54526e-05 -0.00220097 0.0509831 1.96292e-05 0.000295453 0.000966015 0.0360478 3.34765e-06 -0.00538993 -0.00165368 0.00190079 -0.000183774 0.000197293 -1.99769e-08 -0.123087 3.89626e-05 -0.001625 9.57376e-05 0.000288574 0.000191664 -3.33489e-05 -0.000663099 0.00148648 0.00557128 0.00177978 0.00632651 -0.00111339 0.000528073 -0.00219724 0.00341376 0.000528979 -3.79689e-05 0.00912469 -0.0915717 1.10344e-05 0.0002317 -1.14364e-05 0.0132607 -0.000306277 5.92279e-05 -6.3183e-06 -0.00387456 9.62635e-06 2.73398e-05 0.000711834 -0.0120792 0.136287 0.00509424 -0.00243407 0.000730051 -0.0021982 0.0886166 3.32461e-06 0.0115432 
-0.000544115 -0.00432564 0.00962752 -0.00157862 -6.23731e-05 -0.000575445 0.00812104 0.00590935 0.00758676 -0.00215071 -1.43656e-05 0.00091612 0.00292154 -0.000440203 -0.00157091 -0.00731372 -0.00351657 -0.00159194 -0.00733737 -0.0015568 -0.00562695 0.0142965 -0.000712424 -0.000280331 3.59846e-05 -0.00100274 -0.000678015 -0.000427373 0.00418651 -0.000284197 -0.000132774 -0.000209877 4.74897e-05 -0.00323991 0.00339648 0.0036378 1.69133e-05 -6.47997e-05 -0.000721097 -0.000900852 0.00833887 3.03684e-05 -0.000175268 -2.79377e-05 -0.00829346 -0.000335153 -9.55858e-05 0.000113492 0.00103873 -0.000271359 -0.000869296 -0.000748213 -0.00216467 -1.13914e-05 0.00737245 4.44469e-05 -0.000573554 -0.00138677 -0.00025409 -1.30075e-06 0.00880596 -0.000352816 -0.000516331 -0.000337507 -0.000447946 -0.000341292 -0.000116199 -0.00252416 -0.000868072 -0.0003857 -0.000942893 -0.0019386 -9.47044e-05 -0.000496676 -0.000799065 -9.40514e-05 -0.000139793 -0.0002333 -0.000547074 0.00776565 -7.59628e-06 -0.000114396 -3.76214e-05 -0.00223173 0.000388294 -3.23108e-06 -3.60352e-05 -0.000149335 -0.000305072 -0.000345161 -0.000354515 -0.000313711 -0.00814368 -0.00304276 -6.17179e-05 -0.000223001 -0.000426175 -0.00642433 -0.000171174 0.00103733 
8.59891e-05 -0.000207966 -0.00018956 -0.000521356 9.32044e-06 -7.07175e-06 0.000553087 0.00117298 0.00110014 0.000344044 7.25597e-08 -0.000154153 -0.000983154 -4.97237e-05 0.000396526 -0.000959341 -0.000938532 0.000725107 -0.000852247 0.000349423 -0.000908673 -0.000712424 0.00511136 0.000267853 -0.00086227 0.000668703 8.90687e-05 0.000156352 -0.000657547 0.000158896 -8.19078e-06 -1.48013e-05 0.000115902 -0.00027609 0.00103618 -0.00106151 2.34856e-06 -1.41192e-05 0.000105927 2.46136e-06 -0.0010688 9.14843e-05 1.96591e-05 9.78058e-05 -0.0010055 0.000775472 7.31096e-05 4.80736e-05 -0.000563602 7.24882e-05 0.000346932 6.64691e-06 0.000180565 7.2104e-07 -0.00103231 -3.76636e-05 0.000541469 -0.00170017 2.06094e-05 1.22534e-06 -0.000513474 5.36575e-05 0.000528164 0.000168161 4.3236e-06 0.000191161 0.000106681 0.000121319 0.000221622 -3.95018e-05 0.000354427 2.14774e-05 0.000145419 0.000158158 -0.000213715 -4.64244e-05 1.95747e-05 0.000219393 0.000244916 -3.27599e-05 3.10223e-06 6.21705e-06 9.35127e-06 0.000256221 -0.000120718 2.21923e-07 3.34159e-05 -9.00228e-05 0.000329921 0.000181118 1.5954e-05 0.00108493 -0.00109842 0.000667687 0.000150816 -3.31686e-06 0.000235899 -0.00111042 1.64909e-06 -0.00220741 
0.000669918 -0.000220475 -0.00209117 0.00101861 8.84308e-06 -8.8357e-06 -0.00040605 -0.00204872 -0.00177396 1.85351e-05 8.85519e-07 0.0021503 -5.35277e-05 0.000469537 0.00104938 -0.000925265 -0.00189777 9.41897e-06 0.00122229 0.00104096 0.000337148 -0.000280331 0.000267853 0.00626018 -0.00179983 0.00033705 0.000141538 2.39846e-05 -0.000572511 0.00136201 0.000128856 0.000900655 0.000230508 0.000907573 -0.00254965 -0.00151695 6.51396e-05 4.64555e-05 0.00124932 0.00123968 -0.0031877 0.000170464 5.86557e-06 0.000708223 -7.10455e-05 0.000598308 0.000109489 -6.54856e-05 0.000979339 6.74931e-05 1.30424e-07 -1.13449e-05 -0.000117905 7.61953e-06 -0.000383418 2.19527e-05 0.00159311 -0.00169655 1.74729e-05 1.50193e-07 -0.00279889 0.000121113 1.64374e-05 0.000160219 2.20825e-06 0.000282661 1.55506e-05 0.000629432 0.000106212 8.36147e-06 2.06441e-05 -0.000151323 0.000327112 1.78468e-05 -0.00028391 0.000586956 7.66197e-05 8.87334e-06 -8.0306e-05 -0.00311567 2.69531e-06 6.4001e-05 8.67291e-06 4.04342e-06 0.00146269 3.09013e-06 6.19737e-06 0.000781493 2.63984e-05 1.73268e-05 6.0268e-05 7.86878e-05 0.000545826 -1.60836e-05 0.000120398 -2.65438e-06 0.000997784 -0.000940449 6.41864e-06 -0.00293471 
-0.00790592 0.00484404 -0.0233334 0.0146796 -0.000160826 0.000169857 -0.0269379 -0.0106455 -0.0372446 0.000123665 -7.33831e-06 -0.0281782 -0.000171364 -0.000197326 -0.00778628 0.0234091 -0.0220716 -0.00170649 0.0206934 -0.000652746 0.0243942 3.59846e-05 -0.00086227 -0.00179983 0.122785 -0.00275934 0.000332475 -0.000181104 -0.00314085 -0.0222073 -0.00210453 0.000345378 -0.00339936 0.00596911 0.0470496 -0.0543551 -0.000397951 0.00157964 -0.00257317 0.00142894 -0.0306134 -0.00234047 8.59901e-05 -0.000264782 0.0253474 -0.00103614 -0.000411171 -0.0027998 0.00872695 -0.000416249 -0.000265574 0.000226501 0.00568763 -1.07859e-05 0.00174482 -0.00144594 -0.00505466 0.0285048 -2.13145e-05 -1.01022e-06 -0.0170706 0.000519058 0.000304106 -0.000266289 -1.3945e-06 -0.000129081 -0.000107084 0.000155742 -0.00108325 0.00101653 -0.000344289 0.0060388 -8.76584e-05 -0.000140209 0.00546232 -0.00147686 0.00037203 -0.000189026 0.00193594 -0.0172188 -3.87472e-06 -0.000432158 -9.18629e-05 0.000703744 -0.0208397 4.74496e-06 -2.48948e-05 0.00188977 -0.000334839 -0.000303659 2.25144e-05 -0.0316593 0.027815 7.83235e-05 -0.00520321 0.000104942 -0.0102821 0.0254924 -3.17072e-05 0.00270366 
0.00032628 -0.000168608 -0.00242214 0.00123063 2.60731e-06 -5.08214e-06 -0.00132106 -0.00143951 -0.000156966 0.000306526 1.83862e-06 0.000595752 -0.000521345 0.000681646 0.00140453 -0.000742315 -0.00146512 0.000945352 0.00109364 0.000627802 0.000944133 -0.00100274 0.000668703 0.00033705 -0.00275934 0.00456011 9.07489e-05 0.000164423 -0.00243883 0.00147781 0.000138226 9.62738e-05 -4.76582e-05 0.000642353 -0.00166599 -0.00144095 1.0619e-05 -0.000101419 0.000868158 0.000188601 -0.00180578 -2.25771e-05 2.41713e-05 9.08337e-06 0.000131889 0.000410378 0.000118795 -3.62859e-05 0.00103371 4.24854e-05 0.000300038 1.29043e-05 0.00110251 7.88151e-07 -0.0014251 7.65552e-05 0.000597471 -0.00175546 1.06197e-05 1.0662e-06 -0.00205313 4.12735e-05 0.000419615 0.000152202 1.84437e-05 0.000167475 0.000131329 0.000179261 0.000376498 0.000328968 0.000678035 2.0967e-05 2.08323e-05 7.45043e-05 -7.87613e-05 0.000125774 3.05078e-05 0.000223023 6.99823e-05 -0.000870752 3.64935e-06 0.000244814 5.88389e-05 9.21454e-06 0.000538011 6.42276e-07 2.50115e-05 7.99612e-05 0.000251476 0.000182231 2.01662e-05 0.000854904 0.000419425 0.000499383 0.000121686 -3.35255e-06 0.00070906 -0.000722375 6.08438e-06 -0.00188689 
1.32086e-06 0.000628053 -0.00140856 6.73594e-05 6.6866e-07 7.67224e-05 -0.00057205 -0.00116448 -0.00144807 6.4033e-05 1.67851e-07 -0.000143344 -0.000218893 -3.22435e-05 7.59111e-05 0.000969544 -0.000384471 8.28652e-05 7.29263e-05 -1.74651e-05 -0.000299213 -0.000678015 8.90687e-05 0.000141538 0.000332475 9.07489e-05 0.00368148 7.23671e-06 0.000122453 -8.06709e-05 -9.36914e-06 0.000178967 -6.9851e-06 0.000101039 -0.00147815 -0.00101583 2.38533e-05 -5.03121e-05 -1.17059e-06 0.000664775 -0.00135525 -2.41135e-05 2.32606e-05 4.6993e-05 0.000487072 5.18047e-05 -1.09086e-06 -3.47814e-05 3.14737e-05 -1.29675e-06 0.000107585 1.59776e-05 -0.000104077 -4.71991e-08 -0.000237712 -2.88276e-05 8.65609e-05 0.00103174 -1.43286e-06 6.87581e-07 -0.00081131 3.1991e-05 0.000104823 3.30094e-05 0.000105604 6.08378e-05 1.36077e-05 0.000274705 1.02884e-05 -2.78246e-06 2.86535e-05 0.000525215 -1.5783e-05 4.40876e-06 -1.94201e-06 -3.17206e-05 -3.67783e-06 4.18948e-05 -8.42746e-05 -0.00121471 -1.95506e-07 5.93583e-05 4.02039e-06 0.00043404 -0.000256651 6.65751e-07 -2.52631e-07 0.000750984 3.75371e-05 5.08288e-05 4.86111e-06 -9.05909e-05 0.00100185 0.000100225 -4.84108e-05 -1.47168e-06 2.10816e-05 0.000868444 8.07458e-06 -0.000571676 
1.78111e-05 0.000125538 -0.000398904 2.14003e-05 -1.63817e-07 8.97563e-06 -0.000431182 -0.000239802 -0.00025396 0.000119464 2.48385e-06 -5.47191e-05 -0.000366409 -2.24845e-07 2.58683e-05 0.000220786 3.25004e-05 0.000152255 0.000232303 7.3736e-05 0.000292646 -0.000427373 0.000156352 2.39846e-05 -0.000181104 0.000164423 7.23671e-06 0.000557169 -0.000367909 -1.36745e-05 8.38025e-06 5.63379e-07 -7.22715e-06 8.99754e-05 -0.000104924 -0.000209526 -7.61955e-07 5.66504e-06 1.22017e-05 -8.18953e-06 -0.0003623 5.38727e-05 2.71379e-06 1.33744e-05 0.000227411 0.00017328 2.89965e-06 -7.87272e-06 -6.89659e-05 4.66897e-06 0.000143463 2.59806e-05 0.000294664 4.93955e-06 -0.000475093 -3.78287e-06 8.90564e-05 -0.000185904 4.60492e-05 2.45799e-07 -0.0003639 1.28692e-05 7.03516e-06 0.000140818 3.90326e-05 6.66342e-05 7.53115e-05 4.28814e-06 2.97551e-05 1.74857e-06 6.13098e-05 3.52083e-05 -3.7306e-06 0.000137689 3.71599e-05 1.00491e-05 -2.26626e-08 0.000118833 9.32504e-05 -0.000387657 9.76165e-07 4.49452e-06 4.95896e-06 -2.01433e-05 -3.68663e-05 1.17957e-06 9.98434e-06 -1.42592e-05 0.000145554 2.03671e-05 8.3399e-06 0.000112742 0.000200027 0.000330598 -3.53917e-06 6.48486e-06 9.00312e-06 3.1529e-05 8.4611e-06 -0.00019994 
-0.00179941 0.00262618 0.0391732 -0.0332045 -0.000227667 -0.000477689 0.0415885 0.0275327 0.0232644 -0.00120056 -1.70376e-05 0.00386551 0.000933532 -0.00752615 -0.000792756 -0.00418391 0.00658602 -0.00344284 -0.0442365 -0.00224419 -0.0429918 0.00418651 -0.000657547 -0.000572511 -0.00314085 -0.00243883 0.000122453 -0.000367909 0.0774049 -0.000615121 -0.000266492 -0.000785891 -0.000539198 -0.0118972 -0.0041593 0.0254857 -0.000190522 0.000541051 -0.0021757 -0.00201626 0.0349936 -0.000568506 -2.31359e-05 8.90729e-05 -0.0203483 -0.0013668 -0.000285865 -0.000934662 -0.029537 -0.000272878 -0.00168043 -0.000383151 -0.0368044 -1.10933e-05 0.00617071 -0.000150907 -0.000961784 0.00291058 -0.00038535 -1.15504e-06 0.0353246 -0.000653212 -0.00140504 -0.000207712 -0.000200281 -0.000635728 -0.000171016 -0.0018629 -0.00180865 -0.00222106 -0.00259414 0.00023986 -0.000267655 -0.0007115 -0.00668821 -0.00142947 -0.000353896 -0.000207635 -0.0151448 0.00786038 -9.77041e-06 -0.000983497 -2.00202e-05 0.000977059 0.00013875 -4.59415e-05 -3.19317e-05 -0.00106071 -0.000273812 -0.000353262 -0.000228619 -0.000940427 -0.0293864 -0.00395633 -0.00288414 -0.000178159 0.000693737 0.000683095 -0.000124726 -0.000467642 
0.00315816 -0.00108784 0.00100816 -0.00327276 1.90993e-05 -4.19537e-05 0.00617914 0.000743654 0.00644187 -0.000127226 7.05411e-06 0.00944904 0.000165331 -1.50764e-05 0.00500435 -0.00556156 -0.0052131 0.0002573 -0.00352197 0.00115554 -0.00510042 -0.000284197 0.000158896 0.00136201 -0.0222073 0.00147781 -8.06709e-05 -1.36745e-05 -0.000615121 0.0287684 0.000557299 0.000101513 7.42573e-05 -0.00139864 -0.0124947 0.00617834 0.000180734 -8.74595e-05 0.00190843 0.000487024 0.00263442 0.000869599 -3.39029e-06 0.000184903 -0.00489698 -0.000479274 0.000383806 0.00072277 -0.00312087 0.000251468 -0.000121036 -6.87426e-05 -0.00113216 -8.20291e-08 -0.00177684 -4.17111e-05 0.000987779 -0.0111298 -5.15509e-06 -4.61511e-08 -0.000765827 -9.61175e-05 4.62342e-05 -1.5739e-05 -1.39808e-05 9.88632e-05 1.204e-05 0.000886507 0.000124083 -0.00018085 -8.40245e-05 -0.00133018 0.000317454 -2.10579e-05 -0.0012282 0.000784784 -2.02271e-05 6.57547e-06 -0.000365724 0.000908547 4.62123e-06 1.60075e-05 6.91583e-05 0.000178431 0.00725285 -1.59847e-06 -1.83145e-06 -1.78668e-05 1.96522e-05 7.32364e-06 -1.82838e-05 0.00383632 -0.00468778 -3.52103e-05 0.00361004 -2.73966e-05 0.00661377 -0.00612459 -4.38925e-06 -0.00673085 
2.48888e-05 -0.000105809 0.000470283 -0.000233092 3.2909e-06 -4.84429e-06 0.000450358 -0.00033639 0.000638885 -3.44553e-07 4.06345e-07 0.000303527 2.30702e-05 0.000112968 0.000190747 -0.000527106 -0.00120141 0.000111686 -0.000276524 7.61245e-05 -0.000434812 -0.000132774 -8.19078e-06 0.000128856 -0.00210453 0.000138226 -9.36914e-06 8.38025e-06 -0.000266492 0.000557299 0.00317041 9.42661e-05 1.11249e-05 -1.60105e-05 -0.00147031 0.000575972 -2.66536e-06 -6.0511e-05 0.000312464 6.70989e-07 0.000684497 -1.23496e-05 -1.9839e-06 3.79071e-05 -0.00057971 -3.22289e-05 -1.76028e-06 -3.37688e-05 0.000437491 2.24106e-05 -1.60778e-06 1.73757e-06 -0.00014468 4.22707e-07 -0.000329757 0.000188899 -4.2247e-05 -0.000297022 1.03853e-05 -4.95103e-09 0.000364359 -1.28459e-05 0.000106095 3.81588e-06 1.38032e-08 2.38442e-06 3.49379e-06 2.59838e-07 8.28021e-05 -1.15137e-05 2.23752e-05 -1.23928e-05 4.20327e-05 7.408e-08 0.000217389 2.32123e-05 4.3667e-05 1.67636e-08 -4.04175e-06 0.000437402 -1.17351e-07 5.43885e-05 7.56904e-06 -0.000117296 -7.00201e-06 1.4023e-06 4.95146e-08 -5.17453e-05 -9.52614e-07 3.18051e-05 2.94198e-06 0.000116235 -0.000665642 -2.48416e-05 9.95254e-05 2.8505e-06 0.000124868 -0.000578991 1.66123e-05 -0.000439612 
0.000103386 0.00115247 -0.00359193 0.000511356 -8.24219e-07 4.76692e-06 -0.00239205 -0.00257597 -0.00346607 3.00261e-05 9.20297e-08 -5.08375e-05 -0.000329721 0.000201544 8.19783e-05 0.00194202 -0.00107528 3.04633e-06 0.00156407 0.000704741 0.00104005 -0.000209877 -1.48013e-05 0.000900655 0.000345378 9.62738e-05 0.000178967 5.63379e-07 -0.000785891 0.000101513 9.42661e-05 0.0059021 -4.42154e-05 0.000597088 -0.00129818 -0.00221876 1.55267e-05 -0.000107612 0.000351835 0.00238556 -0.00355108 -1.35461e-05 7.01317e-05 4.55035e-05 0.0004245 -0.000109766 -5.10038e-06 -7.54716e-05 0.000603596 8.17804e-06 -5.17203e-06 5.26839e-05 0.000476799 -7.58398e-08 -0.00142773 -4.74465e-05 -3.2902e-05 0.00106116 5.37749e-06 -9.24247e-09 -0.00202227 0.000187719 -3.19007e-05 3.68276e-05 3.61217e-06 6.06569e-05 6.89766e-06 0.000473898 0.000137808 0.00117215 7.28611e-05 -7.1861e-05 0.000896979 -3.06538e-06 -0.00017196 6.4512e-05 0.000472695 -1.47236e-06 -9.06282e-05 -0.00334502 2.57848e-06 8.06347e-05 -6.35396e-07 -6.63488e-05 -3.94449e-05 6.49959e-06 8.53731e-07 0.00151394 -1.68504e-06 -1.96217e-07 2.38085e-05 -0.000456998 0.00123477 8.94883e-05 5.44647e-05 7.33545e-06 6.33441e-05 0.00257377 2.51048e-05 -0.0005866 
0.000228609 -0.000518525 -0.00148598 -0.00114779 0.000180595 6.1288e-05 0.00215913 -0.001838 0.00373572 0.000160127 5.52355e-07 0.00487843 -0.000158931 1.51322e-05 0.000281014 -0.0024503 -0.000604112 0.000129373 -0.0020843 0.000268106 -0.00191049 4.74897e-05 0.000115902 0.000230508 -0.00339936 -4.76582e-05 -6.9851e-06 -7.22715e-06 -0.000539198 7.42573e-05 1.11249e-05 -4.42154e-05 0.0129764 -0.000498558 0.00149483 0.000134519 -4.69848e-06 0.000409679 0.000129822 1.62336e-05 0.00126309 0.000648592 -5.06151e-06 3.22698e-05 -0.00252998 0.000280115 6.73303e-05 0.000994547 -0.00154289 -7.65284e-08 -4.03703e-05 -2.13435e-05 -0.000572379 8.70606e-09 -0.000526181 0.00029973 0.000358731 -0.00485592 -4.72749e-06 -2.04691e-08 -0.00288103 6.53217e-05 5.40647e-05 1.88533e-06 7.31481e-06 4.21127e-05 -1.52901e-06 0.000739821 7.50449e-05 -0.000106152 -8.11184e-06 -0.000711766 0.000234086 1.22734e-05 -0.000586059 0.000651128 4.14613e-05 -2.25466e-06 0.000687968 -0.00228153 6.29389e-06 2.89613e-05 1.02584e-06 0.00119398 -0.000917819 1.43722e-06 -8.03596e-07 -0.000366962 4.95115e-06 1.94883e-05 2.78547e-05 0.00391074 -0.00264057 5.54819e-05 0.000591494 -1.13793e-05 0.000158322 -0.00248638 1.33011e-05 -0.000461463 
