0.00950432 0.00017109 -0.000203843 0.00135559 -7.42817e-06 0.000500382 0.000101408 4.64111e-06 -0.000761046 -0.00349754 0.000339306 5.1859e-05 -0.00104909 0.000294282 0.00412341 -0.000697701 -0.000323176 0.000193266 0.0038257 -0.000830092 0.000963951 0.000402582 0.00220813 -0.000493569 -9.371e-05 -0.000717569 0.00394566 -6.90774e-05 0.00171216 -0.00501036 -0.000106819 0.00105779 0.00393933 3.02953e-05 -0.00526318 -0.00263335 4.79429e-05 0.00036739 -0.000395171 -0.00148411 7.14835e-06 5.92748e-05 -1.8943e-05 0.00289979 4.39627e-06 6.79351e-05 2.16007e-06 -0.000112888 -0.000214363 -0.000884463 6.36838e-05 6.39726e-07 4.72701e-05 4.82072e-06 -0.00483519 7.12391e-05 -0.00100425 0.000178202 0.000170672 -0.000303446 -5.93381e-05 0.00379563 -0.00585777 0.00409737 0.00433523 -0.000483314 5.71576e-05 0.000207882 0.00016289 -0.00579591 -0.00117556 0.000303881 -0.000936592 2.46361e-05 1.88706e-05 1.71439e-05 -0.00325134 2.64109e-08 0.00326642 -0.000308099 1.86894e-06 -0.000232958 0.000117074 -0.000108326 0.00345993 -3.03944e-05 -0.000508365 0.0021269 -0.000297906 -0.00442337 0.000480443 -0.00135538 0.000241285 -0.0013625 -0.00322624 1.02564e-05 2.01283e-05 0.000240963 1.34631e-05 -0.00129341 
0.00017109 0.0490127 -0.00120199 0.0245183 -6.22994e-05 0.00163416 -4.48204e-05 8.01664e-06 -0.00330659 -0.0217578 0.00324034 -0.000336913 -0.00411989 0.00703862 -0.00193713 -0.00588748 -0.00174163 -0.00892476 0.00656545 0.0147821 0.00113044 -0.0155046 -0.0062468 -0.000341581 -0.00171259 -0.0101898 0.0277771 0.0216521 -0.00501352 -0.0285116 -0.000564062 0.0164432 0.0242141 0.000462404 -0.0281693 -0.0135112 -0.00014793 -0.000532563 -0.00229744 -0.00638302 -7.5578e-05 -0.000507371 -8.79371e-05 -0.00129771 -0.000447947 4.07479e-06 -0.000572241 -0.00080304 0.0120164 -0.0053991 -0.000830061 -1.19125e-06 -0.000363828 -0.00219703 -0.0273557 -0.000254365 -0.00123753 -2.31638e-05 0.00602891 0.0119692 -0.00109881 0.0157093 -0.026771 0.0302625 0.0134143 -0.00155435 -0.000207743 -3.87337e-05 0.00523585 -0.0267639 -0.00412033 0.00311733 0.000284359 -2.43353e-06 -2.14645e-05 0.000335884 -0.016813 -6.45544e-06 -0.000428676 -0.0053765 -0.000172257 -0.00164757 0.00489971 -0.000940979 0.00307099 -0.00011166 -0.00378858 0.0165213 -0.00160938 -0.0221338 0.0163342 -0.0169946 0.00161191 -0.0084763 -0.00634537 -0.000111391 -6.20361e-06 0.0230144 -0.00125491 -0.00578372 
-0.000203843 -0.00120199 0.0236943 -0.0068056 0.00013883 0.00265513 -5.51258e-05 -2.04942e-05 -0.00150606 0.000167926 0.000352041 -0.000196929 -0.00294004 0.00011249 0.00022713 0.00111181 -0.000800179 -0.00191344 0.00192211 -0.00173754 -1.67787e-05 0.00402369 -0.00252206 0.00211958 -8.03809e-06 -0.00275224 -0.00172823 -0.00115184 -0.000802169 0.000709676 0.000465238 -0.00109364 -0.00154526 0.001206 0.002129 -0.00515012 0.00108748 -0.000306113 -0.000325228 -0.000745377 -0.000172312 6.44785e-06 -6.49169e-05 -0.000761883 -0.000208975 5.43359e-05 0.00455712 -0.000477691 -0.00499268 -0.00283807 0.00209533 4.26672e-07 0.000186557 0.00484934 -0.00326243 0.000570811 -0.00539618 -0.000291338 -7.81497e-05 0.00669587 0.000531195 -0.00248964 0.00158244 -0.000549015 -0.00122297 0.00200926 0.000727441 0.000119945 -0.000177934 -0.00348375 0.002383 6.84602e-05 0.00308245 6.33298e-06 -1.3898e-05 0.00012704 -0.0061085 4.39566e-06 -0.000172709 0.000988173 -4.2196e-06 -0.000555157 -0.0020241 0.000741687 0.00277913 0.000279333 -1.04245e-06 -0.00375202 0.000329744 -0.00216982 0.00241451 0.000860125 -0.000225177 -0.00149113 0.00220223 -4.30928e-05 7.28937e-06 -0.00149931 -0.000447697 -0.00187874 
0.00135559 0.0245183 -0.0068056 0.222936 -0.000184959 0.030113 0.000680673 -0.000192425 -0.0176085 -0.142819 0.000646315 0.00753586 0.0577948 -0.00747414 -0.00552428 0.0514806 0.0198062 -0.0560823 0.000640691 0.0811599 -0.00120398 -0.0711128 -0.0854583 0.027878 -0.0100488 -0.0568591 0.041867 0.110587 -0.0212399 -0.138957 0.00181755 0.0277835 0.0462491 -0.00150597 -0.119395 -0.0930774 -0.000734681 0.00688516 -0.0150142 0.0674802 0.00441869 0.00137949 0.000163301 -0.00966373 0.00163124 -5.10425e-05 -0.00283513 0.00440692 -0.0384725 0.0575527 0.0107506 -3.2958e-07 0.0028094 -0.0125754 -0.159206 -0.00111063 0.0940732 0.00707191 0.00478427 0.0240607 -0.00764677 -0.00398025 -0.0574915 0.10621 0.0202807 -0.00556767 -0.000225057 -0.000690367 0.00548784 -0.0576327 0.0467453 -0.00148334 0.0167939 -4.96516e-05 0.000302829 0.00173907 -0.122836 -1.93806e-05 0.00238481 0.0635579 -0.000898841 -0.00857241 0.0667473 -0.00179932 0.00360493 -0.00100075 -0.00949714 0.094033 0.00560027 -0.13021 0.0335584 -0.119958 0.00616305 -0.0117153 0.00190499 0.000813571 0.000192532 0.036607 -0.00637497 0.0678165 
-7.42817e-06 -6.22994e-05 0.00013883 -0.000184959 0.00141223 2.56339e-05 2.63517e-05 1.11786e-06 0.000218428 -0.000126433 6.14255e-07 0.000222965 0.000124122 2.66247e-05 -1.55369e-05 0.000237846 -4.02673e-05 3.23357e-05 0.000183754 0.000290468 0.000314863 9.53686e-05 -0.0001624 0.000137343 2.44089e-05 -0.000286058 -5.59183e-05 -0.000156087 -4.86633e-05 -0.000171876 0.000179889 -4.68662e-05 -8.35188e-05 -1.44474e-06 -8.99488e-05 -0.000275651 7.59752e-05 0.000118633 1.6704e-05 0.000183399 2.06697e-06 4.76612e-07 3.20103e-05 -3.46246e-05 0.000286914 1.11814e-05 1.70653e-05 -2.62757e-05 -0.000530134 -9.22863e-05 -1.51805e-05 3.89784e-07 -8.51535e-06 -8.67719e-06 -0.000221189 2.39123e-06 -0.000122551 6.63021e-05 -1.13494e-05 -0.000179899 -1.85679e-05 -0.000141469 -0.000608384 -0.000208526 -9.59275e-05 0.000120245 -4.12733e-06 -2.18474e-06 -2.18839e-06 -0.000526829 -7.62923e-05 2.77791e-05 5.92661e-05 3.48633e-06 2.52287e-05 0.000271607 -0.000296289 -1.36548e-08 2.48674e-05 -0.00010799 3.40813e-06 -2.62601e-06 -0.000103393 5.09733e-05 -5.20278e-05 7.5254e-06 0.000330007 0.000245135 4.85025e-05 -0.000171838 0.000131859 -8.95682e-05 7.38542e-05 -8.58598e-05 -0.000470554 0.000228967 2.36724e-06 -2.73769e-05 -3.37251e-05 3.00176e-05 
0.000500382 0.00163416 0.00265513 0.030113 2.56339e-05 0.0714341 -0.000118467 -5.0799e-05 -0.00312657 -0.0319999 3.08029e-05 0.00409055 -0.00818444 0.00611518 -0.0049423 0.0100959 0.00232432 -0.0135524 -0.00399384 0.0262242 -0.000215484 -0.0119305 -0.028298 -4.93116e-05 0.000337579 -0.0162808 0.0255653 0.0293657 -3.52296e-05 -0.0417669 0.000271088 0.00355386 0.0100761 9.37459e-05 -0.0415268 -0.0214933 -0.000205291 0.00787785 -0.00330131 0.00916228 -0.000123717 0.000391054 1.04913e-05 -0.00286377 0.000241177 4.88829e-05 0.00829676 -0.000759902 -0.0175165 0.0163517 0.0108376 4.89064e-06 0.00317311 0.00500709 -0.0378177 -0.000345044 0.0071726 0.000787425 0.000311175 0.00079912 -0.00102136 0.0076601 -0.0267107 0.0220099 0.0144557 -0.00366199 0.000771732 -0.000276418 0.000875924 -0.0281429 0.0109247 -0.000621907 -0.00353142 4.68869e-05 5.1035e-05 0.00161966 -0.0294204 -7.56435e-06 -0.000288095 0.0302423 -6.07785e-05 -0.00261856 0.0340621 -0.00119267 0.00187752 -0.000104593 -0.00600067 0.0261204 0.000268702 -0.0372469 0.0131041 -0.0264385 0.00423207 -0.00768805 -0.0119954 7.07104e-05 -3.55458e-05 0.00972957 -0.00209087 0.00655044 
0.000101408 -4.48204e-05 -5.51258e-05 0.000680673 2.63517e-05 -0.000118467 0.00250737 -2.15201e-06 -9.60571e-05 -0.00110262 2.30565e-05 -3.67542e-05 0.00109275 -0.00014352 4.81544e-05 0.000518902 -2.39565e-05 -0.000794524 0.000549793 0.000101828 0.00026129 -0.000538699 -0.000770859 -0.000481104 -8.68551e-05 -0.00037496 -2.23246e-05 -0.000882394 8.15366e-05 -0.00140057 4.67326e-06 -7.34843e-05 0.00015673 -5.50741e-06 -0.000797129 -0.000652883 -4.67196e-06 6.00475e-05 2.39936e-05 0.00133075 -1.22429e-05 0.000242891 0.00015187 0.000167134 2.02625e-05 1.58986e-05 -5.32183e-06 -6.23893e-05 -0.0015172 -0.000208313 0.000567384 -6.55569e-08 -2.64234e-06 -2.53821e-05 -0.0012672 9.43445e-06 0.000201044 0.000142408 0.000101576 -1.77051e-05 7.46009e-06 -0.000577135 0.000227899 0.000638678 -0.000177352 0.000119615 -2.10807e-06 -6.80975e-06 4.03832e-06 -8.13427e-05 -0.000156261 -6.11001e-05 0.000146991 6.96282e-05 1.27014e-05 0.000117867 -0.000877564 1.01321e-06 0.000279468 -0.000200254 2.80984e-05 -1.1349e-05 0.000133032 0.000358546 0.00106515 1.15973e-06 9.03434e-06 0.00124146 0.00142821 -0.0010399 -7.63408e-05 -0.00123652 -4.34827e-05 -0.00028627 -0.000449464 0.00032775 2.41749e-05 0.000399075 -8.71442e-05 0.00116804 
4.64111e-06 8.01664e-06 -2.04942e-05 -0.000192425 1.11786e-06 -5.0799e-05 -2.15201e-06 0.00139256 -6.77302e-07 0.000116676 1.01635e-05 -1.6021e-05 -0.000148708 3.95129e-05 -9.06928e-05 -0.000145047 -4.7994e-05 -0.00019233 -0.000107803 -9.91413e-05 -6.2087e-07 0.000112674 7.0415e-05 0.000391441 -3.007e-05 -6.11075e-05 -5.95139e-05 -2.08635e-05 -0.000114417 0.000254419 -9.30216e-06 -9.72127e-06 -9.26858e-05 -4.59744e-06 0.000102901 4.47794e-05 -4.61477e-06 -8.61011e-06 0.000268389 -0.000178937 1.50116e-05 -1.32107e-05 4.08273e-06 -4.23432e-05 -2.35469e-06 -4.68627e-07 -2.75558e-05 2.42497e-05 0.00033066 -5.3571e-05 -5.29278e-05 1.36965e-07 -8.54582e-06 -4.41618e-05 0.000341008 5.126e-06 2.67856e-05 -1.61316e-05 -1.01417e-05 -0.000181456 2.49684e-05 -0.000174475 -0.000317871 -0.000168847 -0.000164974 -4.83495e-05 4.41878e-06 4.18648e-07 -8.55192e-06 7.15963e-05 -0.000185475 6.35479e-05 -8.01081e-05 3.55504e-06 -4.74966e-07 2.05539e-06 0.000360132 -6.38224e-08 -2.06193e-05 -0.000176221 2.37635e-06 2.14891e-05 -0.000148109 1.19596e-05 -7.65707e-05 -4.21034e-06 -7.17852e-05 -0.000236217 0.000112279 0.000368373 -4.72187e-05 0.000238768 3.64313e-05 -5.11163e-05 -0.000445549 7.59839e-06 1.13566e-06 -8.47582e-05 -4.12734e-05 -0.000180817 
-0.000761046 -0.00330659 -0.00150606 -0.0176085 0.000218428 -0.00312657 -9.60571e-05 -6.77302e-07 0.1096 -0.00779282 -7.40005e-05 0.00180014 -0.00389435 -0.00954561 0.00344702 -0.00341577 -0.00363171 -0.035643 -0.00278488 -0.00644669 0.00213415 -0.0289144 -0.0200191 -0.00226007 -0.00228243 0.0348169 -0.00351509 -0.0101657 -0.00580767 -0.00114395 0.00331016 -0.00180229 -0.00696178 0.00156131 0.0154538 0.0416161 0.000239135 0.000955117 -0.00522522 0.00136085 0.00048866 0.000121984 -0.000324111 -0.00093116 0.00447155 -7.764e-06 -0.00085395 -0.000345891 -0.00913435 -0.00997043 -0.00266248 2.39219e-06 -0.00101383 -0.0052223 0.0103376 -0.000488124 -0.0203326 -0.00108874 -0.000367692 0.0038411 0.000527598 -0.0343834 0.00750994 -0.01893 -0.0108544 0.00824773 0.000156985 -0.000138487 -0.000895858 -0.00533162 -0.00725454 -0.00264159 -0.000127625 0.000211116 0.000124319 0.00117669 0.0195598 -1.08277e-05 -0.000646959 -0.00831812 -5.79199e-05 -1.58273e-05 -0.00783126 8.16381e-05 -0.00299501 -0.000350853 0.0165018 -0.00585242 -0.00376616 0.0112147 -0.00117369 0.00166256 0.00642516 0.0355866 0.0177843 0.000843586 -0.000111831 -0.0075479 0.000355035 -0.00403383 
-0.00349754 -0.0217578 0.000167926 -0.142819 -0.000126433 -0.0319999 -0.00110262 0.000116676 -0.00779282 0.240811 -0.00490413 -0.0100273 -0.0474371 0.0208112 -0.00344711 -0.0804545 -0.0196574 0.0712579 -0.00472396 -0.0737579 -0.00421192 0.0840312 0.0881489 -0.0554955 0.0101829 0.0461622 -0.0408216 -0.15453 0.0222774 0.156855 -0.00454836 -0.0270062 -0.0430086 -0.00129826 0.134078 0.0733302 -0.000677624 -0.00811543 0.0168565 -0.0808624 -0.00416802 -0.00207181 -0.000578116 0.00632898 -0.00525344 -6.84779e-05 -0.0132058 -0.00394604 0.0439256 -0.0527255 -0.0250556 -7.5334e-06 -0.00491646 0.0157186 0.17938 -0.000144942 -0.0985179 -0.00647752 -0.00576932 -0.0556796 0.00692179 0.0152241 0.0720176 -0.113563 -0.0100008 -0.00400858 0.000337083 -0.00103577 -0.00532825 0.0875508 -0.05841 -0.0173412 -0.0136318 -0.000344548 -0.000373479 -0.00163796 0.139107 2.98489e-05 -0.00781111 -0.087989 0.000386916 0.00495471 -0.0589598 0.000336858 -0.0427027 0.000783695 0.00526597 -0.0897009 -0.00168712 0.152775 -0.0555495 0.149587 -0.00893232 0.00490269 -0.0190835 -0.00145313 -2.04206e-06 -0.0255857 -0.000307947 -0.0725152 
0.000339306 0.00324034 0.000352041 0.000646315 6.14255e-07 3.08029e-05 2.30565e-05 1.01635e-05 -7.40005e-05 -0.00490413 0.00900767 -3.36606e-05 -0.000910098 0.000410449 -9.74753e-05 0.0014931 -0.00030772 -0.00206919 0.00266342 0.00126052 0.00131041 -0.0024913 -0.00120782 0.0010478 -0.000283198 -0.00136668 0.00437369 0.00422246 3.83647e-05 -0.00603267 -8.10291e-05 0.00105578 0.00453455 -4.87838e-05 -0.00631923 -0.00242238 -3.01667e-05 5.70753e-05 -0.000412918 -0.000620178 -6.28061e-05 -3.04024e-05 2.19976e-06 0.000172395 -6.23436e-06 2.07485e-05 0.00148179 -0.000217521 -0.000615565 -0.000583416 0.000240634 8.62583e-08 0.000415389 -0.00039028 -0.00569213 -3.34326e-05 0.000683692 0.000209557 0.00105948 0.00237468 -0.000228601 0.00126059 -0.00486918 0.00541555 0.00244761 -0.00013414 1.58926e-05 8.71826e-05 0.000110383 -0.00637657 -0.000558044 0.00294638 -0.000177594 0.000104925 -1.43942e-06 3.16278e-05 -0.00361234 -1.08236e-06 0.000974689 0.00109959 3.67363e-05 -0.000268117 -0.000410742 -0.000101366 0.00466198 -2.47887e-05 -0.000711618 0.00303325 -0.000220047 -0.00452746 0.0024216 -0.00506949 4.0285e-06 -0.00150221 -0.00209878 -4.11566e-06 -8.8436e-06 0.00178601 1.8568e-05 -0.000984188 
5.1859e-05 -0.000336913 -0.000196929 0.00753586 0.000222965 0.00409055 -3.67542e-05 -1.6021e-05 0.00180014 -0.0100273 -3.36606e-05 0.0169588 -0.000859547 -0.00161104 -0.000858391 0.00128042 -0.000279558 -0.00550602 0.000146105 0.0053745 0.000604262 -0.00486799 -0.00529173 0.00870136 -0.00061955 -0.00379776 0.00217442 0.00815336 -0.00114332 -0.0115852 -0.00012162 0.00312868 0.00011335 0.000546085 -0.0115756 -0.00492363 -5.05525e-05 0.000433279 -0.000681733 0.00157924 0.000281341 -9.77518e-05 -3.78691e-05 -0.000498518 0.000722706 4.63754e-06 -0.000127143 -0.000385815 0.00293293 0.00206448 0.00211214 -6.0051e-08 0.000343649 -0.000796009 -0.0111356 -6.08568e-05 0.00448289 0.00021284 -0.000125456 0.00732597 -0.000343682 0.000147596 -0.00986846 0.00694759 0.000954578 -0.000865849 0.000357669 0.000485938 1.94955e-05 -0.0115064 0.00898952 0.00414063 -0.00150253 8.5918e-05 4.45163e-05 0.00030332 -0.00680739 -1.8764e-06 0.000796908 0.00798712 2.06216e-06 -0.000588026 -8.24322e-05 -0.000305273 0.00341889 -5.28999e-05 -0.000968198 0.00175386 -0.000550236 -0.00852135 0.0100471 -0.00987584 0.000915415 0.000500327 0.000103522 0.000159181 -1.0615e-05 0.00017209 -0.00059965 -0.00157549 
-0.00104909 -0.00411989 -0.00294004 0.0577948 0.000124122 -0.00818444 0.00109275 -0.000148708 -0.00389435 -0.0474371 -0.000910098 -0.000859547 0.123133 -0.00903317 -0.00637388 0.0469674 0.0195553 -0.0478636 -0.00351473 0.0235889 -0.000401086 -0.0372231 -0.0549975 -0.00192393 -0.00379588 -0.00195132 -0.0106507 0.0214945 0.00218903 -0.0477113 -0.000772615 -0.000660252 -0.000613388 -0.000519784 -0.021959 -0.0357334 -0.000481657 -0.000789741 -0.00619757 0.0594924 0.00105865 -5.03065e-05 0.000355436 -0.00445434 0.0018561 -2.99364e-05 -0.00311683 0.000566001 -0.056685 0.0269162 -0.0037773 -3.72071e-06 -0.000237422 -0.00405291 -0.059959 -0.000641725 0.0480203 -3.79322e-05 -0.000699761 0.0055396 0.000796526 -0.0483707 0.0274037 0.0117217 -0.0194321 -0.00183438 -0.000350428 -0.000395701 -0.000513475 0.0275963 0.026733 -0.00299385 0.0178663 -3.90387e-05 -2.27746e-05 -5.52803e-05 -0.0457649 -6.1729e-06 -0.000898747 0.0200817 -0.000354615 -0.00227977 0.0139375 0.000830564 0.00921906 -0.00030861 0.0118531 0.0362365 0.00789194 -0.0499629 -0.00820058 -0.0568022 -2.02853e-05 0.0130256 0.0171458 0.000658977 0.000178962 -0.00127523 -0.00484788 0.0582652 
0.000294282 0.00703862 0.00011249 -0.00747414 2.66247e-05 0.00611518 -0.00014352 3.95129e-05 -0.00954561 0.0208112 0.000410449 -0.00161104 -0.00903317 0.0890176 -0.00106618 -0.00668371 -0.00327879 0.00923704 0.00676479 -0.00481989 0.000420061 0.0224607 -0.00596632 -0.0147635 0.00929861 -0.0149376 0.00557632 -0.00506788 0.00815955 0.0118355 -0.00106118 -0.00166284 0.000732791 -0.000289352 0.0127644 -0.00824222 9.2379e-05 0.00117556 -0.00274615 -0.0128873 -0.000990488 -0.000219267 -0.000237183 0.000229833 -0.000864227 1.51005e-06 -0.00194675 0.00339104 -0.00590132 -0.0101356 -0.00313587 9.57731e-06 -0.000572453 0.0114115 0.0147277 -0.000410544 -0.0206267 -0.000865956 0.00125593 -0.0136553 -0.00234806 0.0159658 0.00211843 -0.000252681 -0.0059652 -0.0035991 0.000423585 0.000133954 0.0020117 -0.00137173 -0.0133591 -0.00272737 -0.00693321 8.93182e-06 -3.58306e-05 8.94898e-05 -0.00270506 1.64765e-05 -0.00130216 -0.0122226 2.64603e-05 -0.000583444 -0.00214924 -0.00168055 -0.00988752 0.000263038 -0.00612528 -0.00651587 -0.000794859 0.00498126 -0.00714385 0.0141862 0.000456298 -0.00706372 -0.0135718 -0.000247948 2.7055e-05 0.00571989 0.000212813 -0.0106237 
0.00412341 -0.00193713 0.00022713 -0.00552428 -1.55369e-05 -0.0049423 4.81544e-05 -9.06928e-05 0.00344702 -0.00344711 -9.74753e-05 -0.000858391 -0.00637388 -0.00106618 0.0698714 -0.00644866 -0.00191656 0.0170857 0.0062636 -0.00883819 0.00231834 0.0104076 0.0240354 -0.0139357 0.000966137 -0.00174467 0.00159338 -0.010732 0.00183238 0.00906397 -0.000530564 -0.00178713 0.00453106 0.000869953 0.00632152 -0.0030735 0.0022006 -0.00089998 -0.00320704 -0.0096425 -0.000729937 -0.000165292 -0.000133235 0.0190435 -0.000114151 0.000106386 -0.00170775 0.00132652 0.00531436 -0.00876602 -0.00306063 4.51542e-06 -0.000206952 0.00196362 -0.00431591 0.00261192 -0.0143215 -0.000107568 -0.00067685 -0.0088089 0.00164868 0.0226082 -0.0238593 -0.000712114 0.0220338 -0.00271473 -0.000255557 0.00216837 -0.000745771 -0.0211564 -0.0106515 -0.00103614 -0.00694038 0.000109664 -4.093e-05 0.000373861 -0.00303522 9.06844e-06 0.00392428 -0.0101971 -0.000168337 0.00627957 -0.00510459 0.000708137 -0.00373195 -1.34845e-05 -0.00393529 0.00422679 -0.00161724 -0.0121023 -0.00633845 0.0171226 0.00243124 -0.0149044 -0.0101109 -0.000194481 7.92053e-05 -0.0055263 0.00314911 -0.0071333 
-0.000697701 -0.00588748 0.00111181 0.0514806 0.000237846 0.0100959 0.000518902 -0.000145047 -0.00341577 -0.0804545 0.0014931 0.00128042 0.0469674 -0.00668371 -0.00644866 0.122056 0.0252326 -0.045605 -0.00494304 0.0320161 0.000932863 -0.0344506 -0.0558634 0.00310342 -0.00308016 -0.0283202 -0.00803287 0.0564455 -0.0118301 -0.0780414 0.00469212 -0.00401306 -0.00522824 -0.000667582 -0.0644149 -0.0357392 -0.000439933 0.00901095 -0.0057728 0.0861253 -0.000117645 0.00304655 -0.000316594 -0.00521814 0.00646428 -3.1736e-05 0.0144288 -0.00177499 -0.0846445 0.0623625 0.0149706 6.84197e-06 0.0024095 -0.00549062 -0.0827073 -0.000525666 0.0433836 0.00527849 1.61885e-05 0.00346493 -0.00241011 -0.0369501 0.00371372 0.0107236 -0.0212369 -0.00640162 -0.000716549 0.00114044 -0.000938001 -0.0122849 0.0455662 0.00797916 0.0048302 0.000305999 7.21908e-06 0.00115198 -0.0560672 2.47929e-06 -0.00127167 0.0791696 -1.6112e-05 -0.00156319 0.0378005 0.000422759 0.0131079 -4.56006e-05 -0.00029881 0.0503886 0.00268504 -0.0638889 0.0187689 -0.0848474 0.00187332 -0.0176604 0.0151563 0.00078249 7.51259e-05 -0.00752866 -0.00262454 0.0834692 
-0.000323176 -0.00174163 -0.000800179 0.0198062 -4.02673e-05 0.00232432 -2.39565e-05 -4.7994e-05 -0.00363171 -0.0196574 -0.00030772 -0.000279558 0.0195553 -0.00327879 -0.00191656 0.0252326 0.0336014 -0.0118904 -0.0018567 0.0100652 -0.000335791 -0.0126743 -0.0136786 -0.0080452 -0.00127767 -0.00742197 -0.00301783 0.0161861 -0.00303674 -0.0214088 -0.000188084 -0.00147397 -0.000411805 -0.000189595 -0.022905 -0.0101709 -0.000114708 -0.000341197 -0.00154684 0.0272244 -0.000126094 9.43266e-06 -6.39243e-05 -0.0012109 5.00989e-05 -1.16991e-05 -0.000722974 -0.00082486 -0.0237179 0.0240831 -0.00144263 -8.97932e-07 -8.17822e-05 -0.00147442 -0.0220545 -0.000173685 0.00330585 -0.000338699 -0.000312891 -0.0067489 -0.000371526 -0.0130628 0.00988132 -0.00813542 -0.00504449 -0.00176102 -0.000187131 0.000165181 -0.000280318 0.00656488 0.0182218 -0.000778688 8.39826e-05 -1.3254e-05 -2.2725e-05 -0.000139085 -0.0138352 -3.21432e-06 -0.000521307 0.0235838 -0.000115744 -0.000477177 0.0187677 -0.000575826 -0.00339337 -9.69179e-05 -0.00231078 0.0248013 -0.000353448 -0.0172611 -0.00102446 -0.0212783 -0.000637835 -0.00906759 0.00556568 -9.23681e-05 4.4289e-05 -0.00181499 -0.00115391 0.028028 
0.000193266 -0.00892476 -0.00191344 -0.0560823 3.23357e-05 -0.0135524 -0.000794524 -0.00019233 -0.035643 0.0712579 -0.00206919 -0.00550602 -0.0478636 0.00923704 0.0170857 -0.045605 -0.0118904 0.227471 0.00848041 -0.0328278 -0.00198982 0.132188 0.163564 -0.0642887 -0.00380984 -0.0572502 0.00360394 -0.0538817 -0.0294651 0.0706108 -0.00379592 -0.0141213 0.00190918 -0.00167641 0.0453658 0.0328848 0.000596788 -0.00372828 0.0191864 -0.0518741 -0.00293854 -0.00287285 -0.000770025 0.00361883 -0.0028793 -3.28733e-05 -0.00762335 -0.00767776 0.0859632 -0.0402051 -0.0145802 3.30449e-06 -0.00253043 -0.00800877 0.0697177 -0.000666115 -0.070775 -0.00302173 -0.00304188 -0.0696502 -0.00719938 0.142929 -0.0341128 -0.0295405 0.0497666 -0.0177995 -0.00172914 0.000860097 -0.00287435 -0.005031 -0.0528606 -0.01059 -0.0357326 -0.000202425 -0.000145587 -0.000615407 0.0780904 2.25992e-05 -0.00324308 -0.0472662 -6.06616e-05 0.00454616 -0.0129541 -0.00144784 -0.033036 -0.00029537 -0.0284207 -0.0210451 -0.00604343 0.0723401 -0.0284793 0.0783387 -0.00416823 -0.0907389 -0.0721512 -0.000877055 -1.62626e-05 -0.0148216 0.00633222 -0.0466778 
0.0038257 0.00656545 0.00192211 0.000640691 0.000183754 -0.00399384 0.000549793 -0.000107803 -0.00278488 -0.00472396 0.00266342 0.000146105 -0.00351473 0.00676479 0.0062636 -0.00494304 -0.0018567 0.00848041 0.076495 -0.00744795 0.00267868 0.00866222 0.0111123 -0.0144603 0.00104797 -0.011072 0.0159399 -0.0054257 0.00970688 -0.0117534 0.00269818 0.00199251 0.0155687 -0.000249923 -0.0134743 -0.019916 0.000399381 -0.000119061 -0.00220334 -0.00519713 -0.000768224 -0.000148847 -0.000103215 0.00148295 0.00119223 0.000154969 -0.00153029 -0.00193424 -0.0073452 -0.00813795 -0.00251481 -1.49989e-07 -0.0003108 0.00588103 -0.0114362 0.000965926 -0.0180279 -0.000364529 0.0014958 -0.00461638 -0.00185141 0.0144261 -0.0105953 0.0101321 0.0168647 0.00384011 -6.37344e-05 0.000955254 -0.000288965 -0.0151627 -0.0098944 0.00211143 -0.00342702 0.00012827 -3.22333e-05 0.00122054 -0.0290029 6.66176e-05 0.00339326 -0.0108384 -7.74309e-05 -0.000479998 -0.00576097 0.00129876 0.0089021 3.66658e-05 0.00223022 0.0167158 0.000423916 -0.00651942 -0.00032925 0.00718394 0.000339681 -0.00778887 -0.00684644 0.000909795 6.58637e-05 -0.00126235 -0.001573 -0.00444795 
-0.000830092 0.0147821 -0.00173754 0.0811599 0.000290468 0.0262242 0.000101828 -9.91413e-05 -0.00644669 -0.0737579 0.00126052 0.0053745 0.0235889 -0.00481989 -0.00883819 0.0320161 0.0100652 -0.0328278 -0.00744795 0.122664 0.000561015 -0.0464913 -0.0519798 0.0226616 -0.00448823 -0.0331354 0.0236785 0.062983 -0.0143562 -0.0931804 0.000313219 0.0158428 0.0252456 -0.000606142 -0.0929501 -0.0414458 -0.000455479 0.00207224 -0.00596744 0.0391483 0.00291749 -4.01904e-05 0.000839666 -0.00512551 0.00114666 1.43786e-06 0.00409458 -0.00261327 -0.0221947 0.0330718 0.0202202 -1.93023e-06 -0.000130803 -0.00635308 -0.0885515 -0.000733879 0.0570053 0.00919201 0.000284281 0.0148496 -0.00325716 0.00549009 -0.0547242 0.0548886 0.00731049 -0.00671802 -0.00064397 -0.000393509 0.00225208 -0.0451035 0.0297592 -0.00185581 0.00516734 1.03528e-05 0.000219092 0.00194247 -0.0565966 -3.42738e-06 0.00366323 0.0533763 -9.74873e-05 -0.00486277 0.0319177 -0.00179815 6.51528e-05 -0.000444452 -0.0105856 0.0534243 0.00473936 -0.0666227 0.0261908 -0.0821778 0.00266183 -0.0188154 -0.010531 0.00114556 3.13504e-05 0.039015 -0.00409605 0.0400065 
0.000963951 0.00113044 -1.67787e-05 -0.00120398 0.000314863 -0.000215484 0.00026129 -6.2087e-07 0.00213415 -0.00421192 0.00131041 0.000604262 -0.000401086 0.000420061 0.00231834 0.000932863 -0.000335791 -0.00198982 0.00267868 0.000561015 0.0101921 0.0010908 0.00241202 -0.00215207 -0.00034784 -0.000512579 0.00408192 0.00121309 0.000364512 -0.00403351 0.000997041 -0.000160175 0.00303066 0.000365194 -0.00338388 -0.00217119 0.000110874 0.00124333 0.000653937 0.000255977 -0.000102538 -8.41187e-05 0.000135641 0.00151258 0.00134006 0.000123083 -0.000184864 -0.000252928 -0.000551663 -0.00131776 -6.47562e-05 2.52476e-06 8.77102e-05 -0.000420924 -0.00463306 0.000175435 -0.00240439 -0.00010339 -4.75204e-05 -0.00189952 0.000156517 0.00363454 -0.00500832 0.000257709 0.00328094 -0.000466788 -4.59431e-05 -2.89441e-05 -8.19206e-05 -0.0058164 -0.00133208 0.000732856 -0.00099039 0.000199024 1.78518e-05 0.00198674 -0.00260474 4.15377e-06 0.00212391 -0.00139121 -1.18986e-05 -0.000292098 -0.000137094 0.000404199 0.00165519 -2.81343e-05 0.000468758 0.00496563 -0.000174417 -0.00286618 0.000615948 -0.00209836 0.00183812 -0.00247715 -0.00629769 0.000659594 -1.94551e-06 -0.000257557 -0.000246501 -0.000160643 
0.000402582 -0.0155046 0.00402369 -0.0711128 9.53686e-05 -0.0119305 -0.000538699 0.000112674 -0.0289144 0.0840312 -0.0024913 -0.00486799 -0.0372231 0.0224607 0.0104076 -0.0344506 -0.0126743 0.132188 0.00866222 -0.0464913 0.0010908 0.24143 0.130304 -0.0750725 -0.00526102 -0.0487155 -0.00443531 -0.0623821 -0.0240483 0.0760726 -0.00215397 -0.0163394 -0.0112129 -0.000645529 0.0663684 0.0253979 0.000626387 -6.59348e-05 0.0238223 -0.0404853 -0.00332287 -0.00370984 -0.00114251 -0.00809741 -0.00170758 -4.47266e-05 -0.0073227 -0.00803411 0.0548077 -0.0350472 -0.0145003 9.60102e-06 -0.00141062 0.00877568 0.0713034 -0.0001574 -0.078073 -0.0044958 -0.0026477 -0.070091 -0.00453658 0.102625 -0.0010275 -0.0448893 0.0058022 -0.0189511 -0.000184434 0.000573428 -0.00290066 0.0175516 -0.0484895 -0.00997719 -0.0283038 -0.000216829 -0.000218235 -0.00031899 0.0739796 2.58002e-05 -0.0056606 -0.0517588 0.000242612 -0.00409777 -0.0201774 0.00364735 -0.0366271 -1.86543e-05 -0.0206716 -0.0341602 0.00388421 0.084875 -0.0304509 0.0905882 3.96863e-05 -0.067008 -0.0569841 -0.000754849 0.000242855 -0.0264329 -1.00402e-05 -0.034821 
0.00220813 -0.0062468 -0.00252206 -0.0854583 -0.0001624 -0.028298 -0.000770859 7.0415e-05 -0.0200191 0.0881489 -0.00120782 -0.00529173 -0.0549975 -0.00596632 0.0240354 -0.0558634 -0.0136786 0.163564 0.0111123 -0.0519798 0.00241202 0.130304 0.239159 -0.0724756 -0.00780024 -0.0292922 0.00558437 -0.0687689 -0.0382646 0.0857848 -0.00441965 -0.0148822 0.00131957 -0.00118126 0.0563808 0.0808323 0.00130395 -0.00524286 0.0204536 -0.0615777 -0.00402839 -0.00307155 -0.000999721 0.0109766 -0.00303962 6.28026e-05 -0.00911415 -0.0100945 0.107593 -0.042756 -0.0169681 2.90541e-06 -0.0026166 -0.0167372 0.0859052 0.00095554 -0.0857008 -0.00460472 -0.00306672 -0.0781929 -0.0049246 0.13185 -0.0255967 -0.0510049 0.0543244 -0.0195607 -0.00189267 -0.000321186 -0.00357295 -0.00641924 -0.0579117 -0.00657486 -0.0422803 -0.00019324 -0.00025069 -0.000552056 0.11289 -2.90366e-06 -0.00147477 -0.0579424 -0.000348848 0.00600442 -0.0281675 -0.00203962 -0.0313008 -0.000783319 -0.032123 -0.0317247 -0.00653235 0.103845 -0.0322681 0.0981865 -0.000342464 -0.101414 -0.0764569 -0.0011292 1.65032e-05 -0.0277177 0.00184147 -0.0569454 
-0.000493569 -0.000341581 0.00211958 0.027878 0.000137343 -4.93116e-05 -0.000481104 0.000391441 -0.00226007 -0.0554955 0.0010478 0.00870136 -0.00192393 -0.0147635 -0.0139357 0.00310342 -0.0080452 -0.0642887 -0.0144603 0.0226616 -0.00215207 -0.0750725 -0.0724756 0.181997 -0.00581323 -0.00654851 -0.0162943 0.0682424 0.00850253 -0.0261903 -0.00146215 0.0158154 -0.00826124 -3.29308e-05 -0.0264327 -0.0341911 -0.000582313 -0.00251015 -0.0108093 -0.00876682 0.00360554 -2.78849e-05 -0.000158573 -0.00728249 -0.000293707 -2.51329e-05 0.014628 0.00829555 0.022264 -0.00546009 0.0236476 -3.13903e-06 0.000975272 -0.00988407 -0.0311594 -0.00110226 0.0847068 0.00175111 -0.000850897 0.0924889 -0.00610458 -0.049661 -0.0318118 0.0719458 -0.0288192 0.00861332 0.000469595 -8.5268e-05 0.00180362 -0.0361801 0.0267941 0.0141792 0.0047786 9.90602e-05 0.000313126 -0.00100459 -0.0679086 -3.35567e-05 0.00529548 0.0247071 -9.07749e-05 -0.00565909 -0.0239728 -0.0029314 0.0507787 -0.000561678 -0.00561311 -0.032765 -0.00598653 -0.0423923 0.0418738 -0.0574207 -0.00158919 0.0418794 0.0431756 -7.79219e-05 -0.000141148 0.0185071 -6.4779e-05 -0.0169181 
-9.371e-05 -0.00171259 -8.03809e-06 -0.0100488 2.44089e-05 0.000337579 -8.68551e-05 -3.007e-05 -0.00228243 0.0101829 -0.000283198 -0.00061955 -0.00379588 0.00929861 0.000966137 -0.00308016 -0.00127767 -0.00380984 0.00104797 -0.00448823 -0.00034784 -0.00526102 -0.00780024 -0.00581323 0.0364757 0.00470468 -0.00265443 -0.00598476 0.00837924 0.0101359 -0.00040098 -0.00166802 -0.00320618 -0.000153085 0.00846536 -0.000940325 1.31826e-05 -0.00049482 -0.00112961 -0.00563016 -0.000317213 0.000328455 -8.98331e-05 0.00159112 -0.00026949 -9.44417e-06 -0.000823825 0.000846293 -0.00147498 -0.00140381 -0.00152995 -6.28775e-07 -0.000292442 0.0042262 0.0114333 0.000620266 -0.00685894 -0.000304593 -0.000331353 -0.00756186 0.00134616 -0.00877662 0.00726606 -0.00446915 -0.00101055 -0.000886714 -6.79176e-05 -8.88259e-05 -0.000288692 0.00355807 -0.00450171 -0.000969408 -0.00309291 -1.99903e-05 -2.05396e-05 -0.000167203 0.000254989 1.78015e-05 -0.000686558 -0.00521105 -4.62498e-05 0.00277577 -0.00368515 -0.000429452 -0.00344149 0.000869159 -0.00273604 -0.00630619 0.000176969 0.00304935 -0.00356214 0.00889664 -0.000584924 0.000121656 0.00216579 -4.37158e-05 3.02043e-05 0.000150033 0.0100535 -0.00434622 
-0.000717569 -0.0101898 -0.00275224 -0.0568591 -0.000286058 -0.0162808 -0.00037496 -6.11075e-05 0.0348169 0.0461622 -0.00136668 -0.00379776 -0.00195132 -0.0149376 -0.00174467 -0.0283202 -0.00742197 -0.0572502 -0.011072 -0.0331354 -0.000512579 -0.0487155 -0.0292922 -0.00654851 0.00470468 0.182849 -0.0178325 -0.0725124 0.0373613 0.0499928 -0.00177979 -0.009767 -0.0165863 0.00125078 0.0515318 0.0326403 0.000263684 -0.00316507 -0.00720076 -0.0207346 0.000352097 -0.00117404 -1.84252e-05 0.0141745 -0.00139064 -3.48026e-06 -0.00538547 0.00426646 -0.0180727 -0.0295824 -0.00975573 -6.15177e-06 -0.0018495 0.00506059 0.0554922 0.001818 -0.0173242 -0.00332164 -0.00214358 0.00648942 0.0125288 -0.0528668 0.0480759 -0.0425164 -0.0250174 0.0135203 0.000158074 -0.00111804 -0.00222333 0.0427397 -0.00568623 -0.00604631 0.00648744 -3.05839e-05 -2.7613e-05 -0.00115366 0.0360731 -2.43164e-05 -0.00229171 -0.033105 -3.87269e-05 0.00869227 -0.0271239 -0.00145755 -0.00282984 0.000324466 0.0365906 -0.0381639 -0.00713019 0.0219689 -0.0213392 0.0358216 -0.00126596 0.075175 0.0174234 -0.000625542 -0.000181688 -0.0161439 0.00166871 -0.0248727 
0.00394566 0.0277771 -0.00172823 0.041867 -5.59183e-05 0.0255653 -2.23246e-05 -5.95139e-05 -0.00351509 -0.0408216 0.00437369 0.00217442 -0.0106507 0.00557632 0.00159338 -0.00803287 -0.00301783 0.00360394 0.0159399 0.0236785 0.00408192 -0.00443531 0.00558437 -0.0162943 -0.00265443 -0.0178325 0.084494 0.0376054 -0.0062478 -0.0507202 -0.000382171 0.0101911 0.0479451 -0.000205463 -0.05545 -0.0189767 -0.000130507 0.00476426 -0.0021656 -0.0107575 -0.0009554 -0.000628887 -7.85437e-05 0.000324156 3.84965e-05 0.000109068 -0.000801796 -0.00234658 0.0161401 0.000510419 -0.00102136 3.95664e-06 0.00262719 -0.00343075 -0.0501011 -0.000156311 -0.00934969 -0.000579654 0.00569109 -0.00914304 -0.00214299 0.0491111 -0.0615611 0.0414762 0.0523024 -0.00461037 -0.000503395 0.000462131 0.00414417 -0.0666175 -0.00933786 0.00359473 -0.00792837 8.92539e-05 8.82546e-07 0.00276622 -0.0311203 -5.82501e-06 0.00253095 0.0011034 -0.000196242 -0.00238409 0.0311711 -0.00144623 0.00197423 -0.000278648 -0.00752682 0.0464034 -0.00301223 -0.0387865 0.0139167 -0.0133315 0.00733098 -0.0251167 -0.0345113 -0.000205165 -6.82621e-05 0.0222164 -0.000727768 -0.0126314 
-6.90774e-05 0.0216521 -0.00115184 0.110587 -0.000156087 0.0293657 -0.000882394 -2.08635e-05 -0.0101657 -0.15453 0.00422246 0.00815336 0.0214945 -0.00506788 -0.010732 0.0564455 0.0161861 -0.0538817 -0.0054257 0.062983 0.00121309 -0.0623821 -0.0687689 0.0682424 -0.00598476 -0.0725124 0.0376054 0.247352 -0.030542 -0.103484 -0.00257802 0.0192422 0.0324139 -0.0005256 -0.104234 -0.0539956 -0.000586946 0.00414109 -0.0191463 0.0411305 2.77842e-05 -0.000356393 -0.000795813 -0.0154737 -0.00185106 -6.67607e-05 0.0114119 0.00497858 -0.000352521 0.049766 0.0205597 -1.55798e-06 0.00330036 -0.0139361 -0.124793 -0.00215531 0.0825694 0.00357664 0.00285247 0.0450908 -0.0100399 -0.0164406 -0.0525171 0.096463 0.00422882 -0.0061383 -0.00100661 -0.000159899 0.00146901 -0.0731609 0.0458521 0.0160516 -0.00259535 0.000137224 -0.000137034 -0.0003661 -0.128174 -6.33892e-05 0.00275156 0.0727177 -0.000966757 -0.00261146 0.0417641 -0.00686461 0.0318128 -0.000643031 -0.0345089 0.0656192 -0.00639001 -0.125313 0.0439007 -0.0992755 0.00349638 -0.0300554 0.0267922 -0.000976334 -0.000170927 0.0205072 0.00544512 0.0396087 
0.00171216 -0.00501352 -0.000802169 -0.0212399 -4.86633e-05 -3.52296e-05 8.15366e-05 -0.000114417 -0.00580767 0.0222774 3.83647e-05 -0.00114332 0.00218903 0.00815955 0.00183238 -0.0118301 -0.00303674 -0.0294651 0.00970688 -0.0143562 0.000364512 -0.0240483 -0.0382646 0.00850253 0.00837924 0.0373613 -0.0062478 -0.030542 0.0965891 0.0234559 -0.000665466 -0.00350134 -0.00547218 -0.000506957 0.0182574 -0.0143784 0.00011826 -0.000481732 -0.00257872 -0.0146839 -0.000962586 0.00019042 0.000381526 0.00794762 -0.000122946 0.000122798 -0.0013317 0.00413518 -0.0468452 -0.0112695 -0.0036763 -2.33506e-06 -0.000438285 0.0229568 0.0206758 0.000963939 0.000402177 -0.00123227 -0.00102781 0.00857107 0.00101495 -0.0316758 0.0140476 -0.0127602 -0.0128952 0.00977415 0.000577209 0.00183678 -0.000411194 0.0150505 -0.00175824 3.64485e-05 0.00577017 0.0001542 -5.53655e-05 -0.000313973 -0.0256223 -7.46954e-06 0.00467074 -0.00975165 -0.000109617 0.00280318 -0.0109979 0.00132274 0.0139941 0.000931644 0.0126236 -0.0127196 0.00010943 -0.0150669 -0.00550221 0.011067 -0.00187875 0.0413441 0.0184646 -0.000177312 -0.000103355 -0.00498264 0.00202137 -0.0150244 
-0.00501036 -0.0285116 0.000709676 -0.138957 -0.000171876 -0.0417669 -0.00140057 0.000254419 -0.00114395 0.156855 -0.00603267 -0.0115852 -0.0477113 0.0118355 0.00906397 -0.0780414 -0.0214088 0.0706108 -0.0117534 -0.0931804 -0.00403351 0.0760726 0.0857848 -0.0261903 0.0101359 0.0499928 -0.0507202 -0.103484 0.0234559 0.21705 -0.00530054 -0.031384 -0.0544888 -0.000900296 0.165515 0.0787921 0.000688131 -0.00933989 0.0121478 -0.0873695 -0.00595842 -0.0017397 -0.00122867 0.00569902 -0.00550708 -0.000152704 -0.0143702 0.00586664 0.0600649 -0.0572502 -0.0287587 -5.39742e-06 -0.00538325 0.0124206 0.177797 0.00129348 -0.078463 -0.00917736 -0.00632688 -0.0432479 0.00435443 0.00424136 0.0829054 -0.104555 -0.0212447 0.00285186 -0.000823012 -0.000767306 -0.00637079 0.0902707 -0.0622208 -0.013715 -0.0234038 -0.000370404 -0.000429138 -0.00343979 0.114216 -3.70199e-05 -0.0121795 -0.0956222 -0.000280253 0.00852163 -0.0651643 0.000841514 -0.0296265 0.000812485 -0.00228855 -0.101854 -0.0046154 0.138489 -0.0638339 0.159069 -0.00838864 0.00872558 0.00372309 -0.00182047 -0.00010399 -0.0403419 0.00721144 -0.0773865 
-0.000106819 -0.000564062 0.000465238 0.00181755 0.000179889 0.000271088 4.67326e-06 -9.30216e-06 0.00331016 -0.00454836 -8.10291e-05 -0.00012162 -0.000772615 -0.00106118 -0.000530564 0.00469212 -0.000188084 -0.00379592 0.00269818 0.000313219 0.000997041 -0.00215397 -0.00441965 -0.00146215 -0.00040098 -0.00177979 -0.000382171 -0.00257802 -0.000665466 -0.00530054 0.0116447 -0.000318395 -0.000606102 -6.08218e-05 -0.0016354 -0.00221287 0.000139757 0.00248405 0.000121593 0.00428846 0.000323011 0.00122404 0.000128335 -0.000432977 0.00397552 -1.03225e-07 0.000417412 -0.000157606 -0.00792363 0.00474315 -0.000278484 4.26602e-06 0.000186722 -0.000426988 -0.00334346 0.000164352 -0.00270631 0.000102389 -1.73637e-05 -0.0016044 -0.000242884 -0.00309038 -0.000497655 -0.00239957 -0.00152469 0.00276681 -5.49783e-05 0.000192864 0.000328222 -0.0033736 -0.00118596 -0.000171106 0.00179804 1.00238e-05 1.69604e-05 0.000726225 -0.0045048 1.53654e-05 -0.000176116 0.00191977 8.82363e-06 -0.000367324 0.00237962 0.00217462 -0.00111869 -3.72339e-05 0.0056661 0.00383807 -0.000143104 0.000113462 0.00100426 -0.0037485 0.00264418 -0.000640754 -0.00194155 0.000901994 1.997e-05 8.6452e-05 -0.00037483 0.00693221 
0.00105779 0.0164432 -0.00109364 0.0277835 -4.68662e-05 0.00355386 -7.34843e-05 -9.72127e-06 -0.00180229 -0.0270062 0.00105578 0.00312868 -0.000660252 -0.00166284 -0.00178713 -0.00401306 -0.00147397 -0.0141213 0.00199251 0.0158428 -0.000160175 -0.0163394 -0.0148822 0.0158154 -0.00166802 -0.009767 0.0101911 0.0192422 -0.00350134 -0.031384 -0.000318395 0.0443899 0.019278 -0.000138136 -0.0330185 -0.0133592 -0.000142481 0.000372633 -0.00203014 -0.00291239 0.00467559 -0.000478366 -5.91076e-05 -0.00133599 -0.000270005 -5.18247e-06 -3.64009e-06 -0.000533697 0.00792067 -0.00420378 -0.000453092 -6.70887e-07 -7.21551e-05 -0.00214726 -0.0297353 -0.000168158 0.0121517 -0.000499095 0.00725481 0.0252459 -0.00120744 3.26686e-05 -0.0262449 0.0318994 -0.00097557 -0.000475229 0.00128275 -9.83184e-05 0.00597437 -0.0179472 0.00441805 0.000830617 0.00655293 -2.09195e-05 1.55413e-05 3.03787e-05 -0.0185553 -6.58264e-06 0.0031033 0.00146673 -0.000139251 -0.00159015 0.00235568 -0.000828836 0.00547037 -0.000146017 -0.00287968 0.00249911 -0.0012611 -0.023462 0.0179358 -0.0287095 0.000608073 0.00392561 0.00684931 0.000284279 2.21058e-05 0.0184296 -0.00157489 -0.00192228 
0.00393933 0.0242141 -0.00154526 0.0462491 -8.35188e-05 0.0100761 0.00015673 -9.26858e-05 -0.00696178 -0.0430086 0.00453455 0.00011335 -0.000613388 0.000732791 0.00453106 -0.00522824 -0.000411805 0.00190918 0.0155687 0.0252456 0.00303066 -0.0112129 0.00131957 -0.00826124 -0.00320618 -0.0165863 0.0479451 0.0324139 -0.00547218 -0.0544888 -0.000606102 0.019278 0.0820884 -0.000233431 -0.057665 -0.0237079 -0.000190004 0.000810296 -0.00346402 -0.000617722 -0.000337365 -0.000783231 0.000903927 0.00154701 -0.000254885 0.000173435 -0.00186638 -0.00187356 0.0104432 -0.00376535 -0.00277857 -1.40986e-06 0.00077954 -0.00413873 -0.0563858 -0.00014717 0.00167125 0.00298405 0.00625732 4.25916e-05 -0.00101582 0.032698 -0.0509492 0.0440415 0.041429 -0.00419667 -9.45519e-05 0.000590899 0.00449771 -0.0546671 -0.00351777 0.00138077 0.00593363 -6.43666e-07 6.24911e-06 0.00190792 -0.0344102 6.80114e-06 0.0100589 -0.00371032 0.000142334 -0.00265725 0.0220712 -0.000797605 0.00457964 -0.000287377 -0.00621956 0.0477717 -0.00043793 -0.0417915 0.00956935 -0.0299044 0.00264887 -0.0202152 -0.0331711 3.70014e-05 -3.13637e-05 0.0253728 -0.0016568 0.00201882 
3.02953e-05 0.000462404 0.001206 -0.00150597 -1.44474e-06 9.37459e-05 -5.50741e-06 -4.59744e-06 0.00156131 -0.00129826 -4.87838e-05 0.000546085 -0.000519784 -0.000289352 0.000869953 -0.000667582 -0.000189595 -0.00167641 -0.000249923 -0.000606142 0.000365194 -0.000645529 -0.00118126 -3.29308e-05 -0.000153085 0.00125078 -0.000205463 -0.0005256 -0.000506957 -0.000900296 -6.08218e-05 -0.000138136 -0.000233431 0.00574461 0.000143002 -0.000693899 0.000128231 -7.35912e-05 -6.58733e-05 0.00143496 -3.88721e-05 -2.96191e-05 0.000160725 0.000263495 -3.52334e-05 -1.17838e-06 -4.50495e-05 6.40984e-05 0.000843186 -0.000592226 -0.000137367 -9.73569e-08 1.23159e-05 0.000767274 -0.00215588 0.000132968 -0.000840808 -7.39882e-05 -5.44375e-05 0.00273028 0.00149541 -0.00141558 0.000317248 -0.000584234 0.000179014 -0.000190505 0.000273639 -2.54947e-05 -5.33274e-05 -0.000367888 0.000528129 0.00063331 0.000363988 -1.35531e-06 -3.30489e-06 2.6666e-05 -0.000832962 -8.84055e-07 0.000143232 -0.000295226 -1.21635e-06 -0.000199379 -0.000671467 -5.99927e-05 3.66407e-05 5.28372e-06 0.000630188 -0.000596293 -0.000114587 -0.00237627 0.00033147 -0.00010295 0.000135123 0.000938053 0.000419961 -7.35704e-06 -1.36123e-06 -0.000263818 -7.2385e-06 -0.000610607 
