0.239202 0.00159236 8.08307e-05 -0.000426693 -0.00426811 -0.0289496 -0.0010604 -0.00158343 -0.0126221 -0.00567735 -0.0102959 0.00975204 0.100598 0.0775774 -0.0313365 0.0632828 0.00104866 0.0113495 -0.000993353 0.11714 0.0623917 -0.0078919 -0.0135716 -0.0404708 -0.0900682 -0.00151236 0.0847986 -0.0523114 0.000127336 -0.0287273 -0.0350029 -0.000278898 -0.0455484 0.0307294 -0.0196713 -0.0259372 -0.000101447 0.0218009 -0.00115867 -0.0646243 0.00057054 0.0313331 -0.0149089 -0.0419818 0.00689552 -0.000229339 -0.00508005 -0.0100204 0.000664465 0.0187456 -0.000149441 -0.00103503 -0.0115278 -0.0408495 0.101836 0.00475616 -0.000967156 -0.0897436 0.00192202 0.0017499 -0.0399682 -0.0259819 0.0350703 -0.000303643 0.0372042 -0.0193125 -0.00598936 -0.00593094 -0.12009 -0.00956348 0.0416255 -0.00637988 -0.00639607 -0.000224914 -0.00935585 0.0697676 0.0024783 -0.0411541 -0.0325175 -0.0175917 -0.00158518 -0.0196775 -0.000372951 -0.00439496 -0.0294551 -0.00626236 -0.00521781 -0.00522599 0.0162565 -0.00313742 -0.0452988 -0.00207 -0.00184532 -0.0226726 0.0485022 -0.00601972 -0.00292521 -0.00240864 -0.0006808 -0.000255923 
0.00159236 0.249985 0.00197776 -0.000227695 -0.0024624 0.0184141 0.00448441 -0.004473 -0.00683995 -0.000952161 -0.0143697 -0.098292 -0.0619494 0.0284184 -0.059961 0.0319045 0.112829 -0.00968402 -0.00129803 0.00806702 -0.0416376 -0.00505514 -0.0238607 -0.0303494 0.00954028 -0.000322464 -0.0597043 0.0511032 0.000255408 0.0217788 -0.080729 -1.95166e-05 -0.0357395 -0.0526013 -0.0169385 0.0200765 -5.4837e-05 0.0144904 -0.000898804 -0.0409778 -0.00064592 -0.0237038 0.0129378 -0.023153 0.0568165 0.000100947 0.00150641 0.00612378 0.000825856 -0.0493469 -0.000647888 0.000554396 0.000688388 -0.0264071 0.0299163 0.00225462 0.000978121 0.00371532 -0.0037233 -0.0111499 -0.000716762 0.0199413 -0.0573925 -0.000203886 0.112568 -0.0444847 -0.000332002 0.00307297 0.0287909 0.00500346 -0.0185097 -0.00530085 -0.0116041 9.78521e-05 0.0538943 -0.0145719 0.00893902 -0.00198473 -0.0268721 0.0111823 0.000643208 -0.0177911 0.000199594 -0.00502164 -0.00512672 0.0119701 -0.00304134 0.0272963 0.105344 -0.00292453 -0.052898 -0.000227728 -0.000817535 -0.00380166 -0.0103504 -0.00566105 -0.00394533 0.000955455 -0.000295138 0.000817029 
8.08307e-05 0.00197776 0.0112728 -5.94971e-06 -2.87153e-05 0.000130583 -0.000123332 0.00369991 -0.000431102 -0.000128978 -0.000198702 -0.00593401 0.00247185 0.00136741 -0.000331662 -0.00499435 0.00397168 -0.000311032 0.00327013 0.00198114 -0.00553493 -0.000120069 0.000643082 -0.000801522 -0.00159097 6.15636e-06 0.000547347 0.000799183 4.70372e-05 -0.000166149 -0.00229033 -9.14635e-06 -0.000941196 -0.00173999 0.000368896 -0.000462329 1.07088e-06 0.00361096 -2.82027e-06 -0.00114863 -1.8686e-05 0.00253188 4.94894e-05 -0.000864905 0.0016858 -3.46855e-06 -0.000812934 -0.000201012 3.51617e-05 -0.000880149 -1.3771e-05 -1.33971e-05 -0.000174135 -0.000812486 0.00305087 0.000421583 -4.03952e-05 0.000458678 -0.00016618 -0.000170174 -0.000635821 0.000669245 -0.00128488 3.48631e-05 -0.00152778 -0.00254429 -0.000127079 0.000430217 -0.00244789 -0.00052785 -0.00276763 -0.000139604 -0.000325567 1.97505e-05 0.00325506 0.000212361 4.1497e-06 -0.0017644 -0.000621412 -0.000349018 -2.31355e-05 -0.000420587 -1.19247e-06 -8.98896e-05 -0.000648141 -7.53799e-05 -8.32684e-05 0.00137968 0.000970391 -6.65294e-05 -0.000753046 -3.97282e-05 3.5484e-05 9.72254e-05 -0.00273549 -0.000106588 -7.81158e-05 0.000154368 -1.44345e-05 -7.77724e-05 
-0.000426693 -0.000227695 -5.94971e-06 0.000841744 -6.15217e-06 -3.45181e-05 -6.90042e-06 -1.59406e-05 9.66532e-05 -3.81595e-06 -3.04101e-05 4.95204e-05 -0.000420918 -0.000374746 -0.000100843 -0.000462053 -0.000224754 -1.29e-05 -1.97454e-06 -0.000545359 -0.000503175 0.000175427 0.000122364 0.000413507 -0.000146737 2.01543e-05 -0.000299627 -3.34299e-06 -4.52368e-07 -3.95857e-05 0.000328263 1.93826e-06 8.5433e-05 -0.000133133 7.09038e-06 -3.67019e-06 1.02238e-06 -1.53727e-05 2.38235e-05 0.000377827 -1.95766e-06 -7.63179e-05 0.000147484 0.000312465 -0.000110337 1.10186e-06 -9.35548e-05 8.82137e-05 -5.73874e-06 -5.33632e-05 2.2417e-05 9.47569e-07 4.23774e-05 0.000394777 -0.000442294 -3.84097e-06 -2.73187e-06 0.000263532 3.12188e-06 4.80842e-05 0.000396391 0.000121691 -8.6883e-05 4.24756e-06 -0.000347124 -5.00504e-05 3.37258e-05 1.54304e-05 0.000370425 -9.14586e-05 -0.000281812 4.29206e-05 6.11925e-05 6.27421e-06 2.04555e-05 -9.11595e-05 -1.20974e-05 -6.26945e-05 0.000449749 0.000129733 1.29122e-05 0.000151298 2.37918e-06 -3.44354e-06 -2.42244e-05 -3.76348e-05 5.74596e-05 0.000128969 -0.00018509 -2.57715e-06 -9.38289e-05 1.98686e-06 1.24027e-05 0.000230136 -0.000128304 6.86985e-05 0.000145913 -3.10496e-06 5.57606e-07 4.10548e-06 
-0.00426811 -0.0024624 -2.87153e-05 -6.15217e-06 0.00743256 0.00187217 -3.00682e-05 -0.000124448 -8.05743e-05 -6.33007e-05 0.00263423 -0.00206014 0.000314463 -0.00439658 0.00287313 -0.00199721 0.00116532 0.000136367 -1.47561e-05 -0.00454736 -0.000228507 0.000758903 -0.000456178 -8.49672e-05 0.00242932 -1.67232e-05 -0.00201297 0.00324949 -3.31717e-06 -0.000350254 -0.00100222 8.20327e-06 0.00225179 0.000320892 0.00121742 0.0016045 -1.47035e-07 -0.000695647 9.52556e-05 0.00204715 1.19837e-05 -0.00068355 -0.000138928 -0.000490079 -0.0013303 3.68132e-06 0.00175682 -3.64343e-05 -9.5683e-05 -0.000887393 4.63856e-06 -1.15693e-05 9.43241e-05 -0.000469008 0.00242989 -0.000130947 3.08906e-05 0.000908611 -7.35191e-05 -0.000166691 -0.000343216 0.000657317 -0.00111128 -5.85296e-06 -0.00122541 -0.00168013 -7.96661e-05 -1.55614e-05 -0.000315461 -0.000127664 -0.000161448 -6.48991e-05 -9.86578e-05 -1.42784e-06 -0.000936134 -0.00311516 -1.51502e-05 0.000864144 -0.000335711 0.000510307 1.05553e-06 -2.10084e-05 -2.30558e-06 8.8427e-05 0.00182374 -4.90581e-05 -5.47738e-05 -0.000201141 -0.00149423 7.10226e-05 0.00210102 6.78591e-06 0.000270311 -0.000254402 -0.0014641 -0.000107488 0.000666294 5.02588e-05 -1.14686e-05 -2.50362e-05 
-0.0289496 0.0184141 0.000130583 -3.45181e-05 0.00187217 0.0777877 0.0030673 -0.0019604 0.00306443 0.00224504 0.00264496 -0.00501525 -0.0352948 -0.011416 0.000327419 0.00190047 0.00855032 -0.000325498 -0.00153652 -0.0413304 -0.0155504 0.000899499 0.0012639 -0.00354793 0.0297792 0.000829621 -0.0109534 0.0255166 6.42909e-05 0.00443439 -0.0156899 4.52814e-05 0.00558001 -0.0120465 0.00750826 0.0218156 -1.04069e-05 -0.00217322 9.36197e-05 0.00717508 -0.0002098 -0.00429873 0.0100578 -0.0026851 0.00697678 -3.11689e-05 -0.00231018 0.0010013 0.000380801 -0.00458555 2.06637e-05 9.13644e-05 0.00471864 -0.00195263 -0.0202389 -0.000572417 1.92325e-05 0.00726175 -0.000735481 -0.00119808 0.00112737 0.0129989 -0.0121263 0.000153758 0.0121626 -0.0150856 -0.00108196 0.000735701 0.0153393 -0.00464201 -0.0162578 -0.000613783 -0.00262591 2.54436e-05 -0.00260059 -0.0283952 0.000130241 0.012511 -0.00057884 0.00847449 -1.92805e-05 -0.000949033 -4.84786e-05 0.00138823 0.00405174 0.00133185 -0.000716442 0.0081024 -0.00372192 -0.000533715 -0.00918192 -0.000187671 0.00132681 -0.0021146 -0.0119171 -0.00107491 0.00260452 0.00108085 -7.1509e-05 0.000114183 
-0.0010604 0.00448441 -0.000123332 -6.90042e-06 -3.00682e-05 0.0030673 0.0112389 -0.00027324 0.00133936 0.00331532 -0.000436529 -0.00640288 -0.00406945 -0.00631781 9.39715e-05 0.00305675 -0.00166362 0.000278352 -0.000243622 -0.0021736 0.00171989 -0.000103159 -0.00032493 -0.000802664 -0.00153252 0.000366163 -0.0046417 -0.0041933 -1.18662e-05 -0.000612403 -0.00247146 0.000108968 -0.000888004 -0.00171462 -0.000424847 -0.000224813 -1.41653e-06 -0.00162147 -1.61711e-05 -0.00127597 -2.76766e-05 -0.000913377 -1.6217e-06 -0.00084583 -0.00675445 -3.52112e-06 0.00681359 0.00058045 -0.000151689 0.00372325 7.66679e-06 3.67832e-06 -3.36865e-05 -0.000808165 0.000612322 -0.000170184 -5.94131e-05 -0.00374808 -0.000142792 -0.000155343 -0.000758983 -0.000107135 -0.00152706 7.1015e-06 0.00446301 -0.00240929 -0.000142957 -0.000193616 -0.00278778 0.00761326 -0.000614362 -0.000124548 -0.000289226 2.91237e-06 -0.00134245 -0.00516715 0.00569019 -0.00235327 -0.000682343 0.00461479 -6.19703e-06 0.000505556 -6.11613e-06 -0.000146777 0.00112446 0.00377972 -0.000101917 0.000341337 0.00333816 -4.61155e-05 -0.00145826 -4.19761e-05 2.9854e-05 -0.000505295 0.00541382 -0.00015175 -3.81377e-05 1.66589e-05 -1.93643e-05 0.000749585 
-0.00158343 -0.004473 0.00369991 -1.59406e-05 -0.000124448 -0.0019604 -0.00027324 0.0259801 -0.00082124 0.000303783 0.00250267 -0.00457057 0.00374552 -0.00182358 -0.00343692 -0.0134252 0.00155839 -0.000252292 0.00722682 0.00422082 -0.000647131 -0.000257083 -0.00197264 -0.00131696 -0.00595899 -1.32059e-05 -0.00843363 -0.00727756 -1.41988e-06 -0.00128743 -0.00527349 -1.81349e-05 -0.00215267 0.00509052 -0.000359126 -0.00129104 -5.8297e-06 -0.00192983 -4.58334e-05 -0.000400181 -5.28222e-05 0.00587926 -0.000716569 -0.00174152 0.00246204 -1.05459e-05 -0.00249027 -0.000400962 0.000410932 -0.000755169 0.000172558 0.000120219 -0.000461167 -0.00172829 0.00326829 -6.87776e-05 -9.64198e-05 0.00637063 -0.000274255 0.00021806 -0.00149158 0.000356 0.0111155 -1.9755e-05 -0.00948105 -0.0028825 7.03815e-05 0.000213775 -0.00288964 0.00674911 0.00527094 -0.00031903 -0.000413311 -1.90211e-06 0.00190905 0.00208588 -0.000309917 0.00427883 -0.00141554 -0.000732379 -2.90627e-05 -0.001039 5.27628e-06 -0.000238616 0.00163891 0.000545839 -0.000183687 -0.00117434 -8.65198e-05 -0.000122589 -0.00122846 0.000239366 -0.000204763 0.000661006 -0.00363053 4.77232e-05 -0.00020082 -1.10477e-05 -1.19022e-05 -0.00010096 
-0.0126221 -0.00683995 -0.000431102 9.66532e-05 -8.05743e-05 0.00306443 0.00133936 -0.00082124 0.0367829 0.00156394 -0.000628198 0.00490773 -0.0104437 -0.0141023 0.00529881 -0.00194842 -0.00683037 -0.00159669 -0.000368915 -0.0117359 -0.00246945 0.00185191 -0.00172561 0.00586345 -0.00166977 0.00040938 -0.00715229 -0.00369935 1.62412e-05 -0.00108367 0.000462877 5.27399e-05 0.00758768 -0.00503155 0.00285276 -0.000770737 -6.61879e-06 -0.00513286 -5.48177e-05 0.00704332 0.000257778 -0.00208189 -0.000828166 0.0030242 -0.00824251 -2.92196e-06 0.00612803 0.00274419 -0.000248641 0.00164551 -7.94991e-05 0.000417023 -0.000208671 0.00492199 -0.0182906 -0.000718915 -0.00012049 0.00250341 -0.00055149 -0.000358795 0.00178038 -0.00112381 -0.000830028 -2.27424e-05 -0.00540325 0.0147475 -8.43466e-05 -0.000661717 0.0104692 0.00669099 -0.00719365 0.00130926 -0.00117192 3.62792e-05 -0.00441234 -0.00825953 -0.000626364 -0.00419841 0.00811582 0.00566515 0.000101391 0.00273494 -1.72789e-05 0.00104543 -0.00106138 -0.000238133 0.000450581 -0.000618558 -0.00477939 0.000519913 0.000126858 5.97923e-06 0.000206727 0.00876623 0.0036261 -4.80048e-05 -0.000177173 0.000138748 9.09808e-06 0.00252392 
-0.00567735 -0.000952161 -0.000128978 -3.81595e-06 -6.33007e-05 0.00224504 0.00331532 0.000303783 0.00156394 0.0113497 0.00101229 -0.000965819 -0.00476748 -0.0074194 0.00190301 -0.00102952 -0.00246148 -0.000298954 -0.000172197 -0.00552459 0.0020728 -7.25475e-05 0.0007129 -0.000115653 -0.000822803 0.000465141 -0.00320547 -0.00306358 -1.02566e-05 -0.000591492 0.000732666 6.01344e-05 0.000492697 0.000838858 -0.000473066 0.000232113 -1.48005e-06 -0.00156731 -2.1865e-05 0.00185709 -1.75248e-06 -0.00100432 -6.33394e-05 0.000927176 -0.00410865 3.12625e-06 0.00344446 0.00111293 -0.000142693 0.0037364 -2.14294e-05 -3.79179e-06 0.000465892 0.000336594 -0.00345343 -0.000135508 -4.75546e-05 0.000255036 -0.000156439 0.000319189 -0.00069275 -0.00059338 -0.000687539 -1.01514e-05 -0.0008246 -0.000213866 4.34638e-05 -0.000196346 -8.75097e-05 0.00381393 0.00178705 -7.64741e-05 -0.00030422 1.29827e-05 -0.00150901 -0.00453375 0.0017079 0.00127721 -0.000365248 0.00367096 7.328e-05 0.00132052 -7.09783e-06 -8.78335e-06 0.00481361 0.00129591 -8.83109e-05 -0.000612155 -0.00148431 3.6008e-05 -0.000654631 2.19754e-05 -5.6188e-05 -0.000294722 0.00155419 -9.35049e-05 -8.70278e-05 9.14498e-05 7.03776e-06 0.000745365 
-0.0102959 -0.0143697 -0.000198702 -3.04101e-05 0.00263423 0.00264496 -0.000436529 0.00250267 -0.000628198 0.00101229 0.0435684 0.00987494 -0.0197774 -0.0252519 -0.00655804 -0.0299456 -0.00990935 -0.000668305 0.000815838 -0.0168016 0.00350497 0.00498323 -0.00297901 -0.0017694 -0.0095847 -9.28324e-05 -0.018228 0.000109764 7.60471e-06 -0.00208861 -0.00794706 0.000126872 0.00891098 0.0206406 0.000253308 0.00459641 -1.82407e-06 0.0178559 0.000191596 0.0156841 0.00011329 -0.00319935 -0.00124862 -0.00139336 0.00774461 -7.30848e-07 -0.00558869 -0.000865881 -0.000414613 -0.00630289 1.91691e-05 -2.53892e-05 0.00111224 -0.00221913 0.0140289 0.00202513 -0.000235159 0.0249763 0.0003936 -0.000796672 -0.000621353 -0.001747 0.00397496 1.42028e-05 -0.0215518 -0.00878594 -0.000498679 -0.000583581 -0.00232972 -0.00218942 0.0201704 0.000489406 -0.00067192 -1.81228e-05 -0.00552021 0.0056335 -0.000861815 0.0282127 0.000629433 -0.00133242 -8.9263e-05 -0.00136961 -2.45004e-05 0.00327578 0.015824 0.00459403 8.84274e-05 -0.00276804 -0.0112679 -0.000220675 -0.00396609 3.4567e-05 0.00405465 -0.00116119 -0.012781 -0.000501314 0.003282 0.000272044 8.37365e-05 -0.000250655 
0.00975204 -0.098292 -0.00593401 4.95204e-05 -0.00206014 -0.00501525 -0.00640288 -0.00457057 0.00490773 -0.000965819 0.00987494 0.203319 -0.0208109 -0.0357745 0.0135137 -0.00843926 -0.103304 -0.00178859 -0.00717777 -0.00590131 0.0493266 0.00224677 0.0142605 0.00839077 0.000937487 -0.00024381 0.0316094 0.00278306 -0.000174746 -0.00914491 0.0324226 -2.01653e-06 0.0160195 0.0332931 -0.00259171 -0.00791487 -6.59297e-05 0.00154121 -9.55208e-05 0.0273716 0.000237508 0.00788084 -0.0157129 0.0213343 0.000587998 -0.000217198 -0.0343998 -0.00992883 -0.00128708 0.0160882 -0.000268592 -0.000664396 -0.00296341 0.0197392 -0.0514855 0.00412268 0.000156362 0.0316135 0.00368395 0.00618552 -0.00676017 -0.0404823 0.0350084 -5.15016e-05 -0.0649324 0.027144 -0.0064669 -0.00689447 0.0071908 -0.0311915 0.0452219 0.00262105 0.00214519 -0.00015067 -0.0494218 0.056982 -0.0130232 0.0513486 0.0166626 -0.0146497 -0.00151509 0.00715005 -0.00044515 0.00151094 0.0130665 0.00305142 -0.00379999 -0.0310415 -0.112516 -9.04981e-05 0.000351556 0.000933604 -0.000176088 -0.0102247 -0.00832353 0.0037631 0.00104714 -0.000886044 1.56225e-05 -0.00182221 
0.100598 -0.0619494 0.00247185 -0.000420918 0.000314463 -0.0352948 -0.00406945 0.00374552 -0.0104437 -0.00476748 -0.0197774 -0.0208109 0.246259 0.0757886 0.0542578 0.0611678 -0.0115631 0.00592569 0.000393292 0.100436 0.0743006 -0.00628305 0.018553 -0.0289415 -0.0285354 -0.00100747 0.12361 -0.0297936 -0.000326805 -0.0312592 0.0223185 -0.000387749 -0.0431354 0.00645556 -0.000378037 -0.0295067 -8.70055e-05 -0.00864721 -0.000981928 -0.0573584 -0.000197671 0.0262447 -0.0146788 -0.0405688 -0.0484115 -0.000176775 0.0230787 -0.00934225 -0.00142138 0.041321 -0.000269036 -0.000944889 -0.00989229 -0.0399645 0.0776376 -0.0060838 -0.00267489 -0.110257 0.00103497 0.0049544 -0.0321595 -0.0227041 0.0201059 -0.000421217 0.0154802 -0.0295169 -0.0047036 -0.00534356 -0.1236 0.00812467 0.000426406 -0.00680719 0.0120344 -0.000162453 -0.0169868 0.0170253 -0.00139468 -0.0911044 -0.0336618 -0.0161315 -0.00150335 -0.0159654 -0.000348162 -0.00665982 -0.029303 -0.0191268 -0.00434258 -0.0131148 -0.00908433 0.0010429 0.0362311 -0.00149356 -0.00366533 -0.021066 0.0628564 -0.00503325 -0.00329133 -0.00187197 -0.000804695 -0.00221174 
0.0775774 0.0284184 0.00136741 -0.000374746 -0.00439658 -0.011416 -0.00631781 -0.00182358 -0.0141023 -0.0074194 -0.0252519 -0.0357745 0.0757886 0.171122 -0.013991 0.0684635 0.0289151 0.00527552 0.00103361 0.0785175 0.0243771 -0.00723035 -0.00687869 -0.0292318 -0.0186541 -0.00114815 0.068484 -0.00702316 0.000141608 -0.00414816 -0.0124138 -0.000503435 -0.0426193 0.000629983 -0.00233784 -0.0179425 9.335e-07 -0.0113735 -0.00121616 -0.0699334 -0.000133165 0.0173027 0.00172129 -0.0554818 0.0118137 -9.58539e-05 -0.0074134 -0.00347406 0.000769018 -0.0027109 -0.00065264 -0.000562963 -0.00517597 -0.0464302 0.0504598 -0.00606073 -0.00222968 -0.0785313 -0.00400944 -0.00837531 -0.00975618 0.00651053 0.00543163 -0.000200422 0.0689782 -0.00137428 0.0023417 0.00260046 -0.0507027 -0.0105469 -0.00726333 -0.00856829 0.00185888 -0.000189647 0.0192453 0.00599022 -0.0038105 -0.0537156 -0.0402717 -0.0121937 -0.000147667 -0.0249735 -8.41136e-05 -0.00443183 -0.043808 -0.0228293 0.000682677 0.0053855 0.0343831 -0.000664024 0.00885754 -0.00185387 -0.004517 -0.00829016 0.0294208 -0.00693164 -0.00555091 -0.00237504 3.26921e-05 -0.00398802 
-0.0313365 -0.059961 -0.000331662 -0.000100843 0.00287313 0.000327419 9.39715e-05 -0.00343692 0.00529881 0.00190301 -0.00655804 0.0135137 0.0542578 -0.013991 0.142858 0.0315508 -0.0293704 -0.000337279 -0.00289936 -0.00523972 0.0406963 -0.00158288 0.0364127 -0.00670705 0.0528812 0.000768955 0.0468495 0.0204274 -0.000184379 -0.00947929 0.0359405 -3.80379e-05 -0.00988316 -0.00919669 0.0138975 0.00951837 3.06904e-06 -0.0190802 -9.76928e-05 -0.011275 0.000193278 -0.00256063 -0.00162345 -0.00961915 -0.0604882 -3.74293e-05 0.0274321 0.00107409 -0.00133852 0.0310257 -0.000217241 -0.000195347 -0.00272997 -0.0114993 -0.0203045 -0.00259932 -0.000466317 -0.0463147 -0.00255061 0.00308397 -0.00923404 -0.00560856 -0.0134155 -0.000136198 -0.00742746 -0.0193683 -0.00172722 -0.00062336 -0.0344892 0.00675336 -0.00794384 -0.00206795 0.00930949 5.24524e-05 -0.0224982 -0.0444195 -0.00180873 -0.036819 -0.00970969 0.005734 -0.000465269 -0.00351306 -0.000106976 -0.00159535 -0.00661516 -0.00564852 -0.00119175 -0.00578304 -0.0347586 0.00252539 0.0541483 -0.00054217 -0.000715119 -0.00740755 0.0160939 -0.000353991 -0.000289786 0.000722657 -0.000273205 0.00196753 
0.0632828 0.0319045 -0.00499435 -0.000462053 -0.00199721 0.00190047 0.00305675 -0.0134252 -0.00194842 -0.00102952 -0.0299456 -0.00843926 0.0611678 0.0684635 0.0315508 0.204663 0.0231915 0.00503502 -0.0122947 0.0630407 0.0564328 -0.00875296 0.0100774 -0.0435605 0.0264371 -0.000557154 0.0707685 0.00814859 6.15956e-05 0.00365856 -0.00426841 -0.000209951 -0.0545092 -0.0199552 -0.00726384 0.000451371 -0.000112429 -0.0539161 -0.00129406 -0.0722144 0.000364483 -0.00939134 -0.00271447 -0.0485195 -0.0356785 -0.000226661 0.0305331 -0.00188151 -0.00571879 0.0269718 -0.00134596 -6.0254e-05 -0.00498483 -0.0407852 0.0224408 -0.00221639 0.000111291 -0.11621 -0.00765385 -0.00504988 -0.0228686 -0.00921695 -0.00570997 -0.000485079 0.0903907 -0.00443541 -0.00639927 -0.00344792 -0.0705347 0.00880096 -0.0162254 -0.00892978 0.00240532 -0.000174264 -0.0108067 -0.0210335 0.00492569 -0.0582469 -0.0402296 0.000101395 -0.00162443 -0.0199412 -0.000384296 -0.00831999 -0.0300722 -0.011458 -0.00619251 -0.00343809 0.0238463 0.000407746 0.0144874 -0.00161609 -0.00320585 -0.0297394 0.0699583 -0.00643063 -0.0046816 -0.000201514 -0.000435558 0.00103454 
0.00104866 0.112829 0.00397168 -0.000224754 0.00116532 0.00855032 -0.00166362 0.00155839 -0.00683037 -0.00246148 -0.00990935 -0.103304 -0.0115631 0.0289151 -0.0293704 0.0231915 0.200358 -0.00984293 0.00107865 0.0200082 -0.0723762 -0.00353512 -0.0201968 -0.016514 0.0298288 -0.000374037 -0.0132018 0.0563956 0.000420212 0.0150091 -0.0565757 -0.000126658 -0.0204097 -0.0336511 -0.0044833 0.00944377 -2.86444e-05 -0.0220514 -0.000291545 -0.025401 0.000740488 -0.0114823 0.00356679 -0.0179369 0.0403271 -5.41381e-05 -0.00976374 0.00167364 0.00234254 -0.0339045 -0.000348395 0.000680517 -0.000595247 -0.0149151 0.0347538 -0.00212913 0.0011545 -0.00500361 -0.00386209 -0.00599221 -0.00682607 0.0224885 -0.0360019 -8.11819e-05 0.060436 -0.023448 -0.000744309 0.00207651 0.0162623 -0.00478404 -0.0596567 -0.00329031 -0.00918358 -9.43747e-06 0.0695183 -0.0209812 0.00183954 -0.0367698 -0.0162967 0.00107109 0.000585715 -0.0110012 -0.000108737 -0.00354482 -0.0114216 -0.00909893 -0.00225034 0.0123116 0.10066 -0.00180526 -0.0231763 -0.000933089 -0.00238086 0.00258803 -0.0298427 -0.00399324 -0.00103789 0.00110648 -0.000364115 -0.000549267 
0.0113495 -0.00968402 -0.000311032 -1.29e-05 0.000136367 -0.000325498 0.000278352 -0.000252292 -0.00159669 -0.000298954 -0.000668305 -0.00178859 0.00592569 0.00527552 -0.000337279 0.00503502 -0.00984293 0.043482 0.000371573 -4.28568e-05 0.00526459 -0.000596908 -0.000921419 -0.00243858 -0.00487266 1.31692e-06 -0.00146598 -0.0148627 -2.11426e-05 -0.00180116 -0.00633439 -2.03279e-05 -0.00022085 0.0175507 -0.000640175 0.00471392 1.23979e-05 0.00177381 -6.21801e-05 -0.00113172 1.10365e-05 0.00876326 0.00162045 -0.00340984 -0.00935627 -1.46856e-05 -0.00460787 -0.00060168 -0.000597068 -0.00657323 0.000296159 -4.39802e-05 -0.000485956 -0.00307007 0.0153507 -0.000569152 0.000603641 -0.0112827 -0.000633232 -0.000747509 -0.00294865 -0.000637698 0.0122111 5.68604e-05 -0.0073991 -0.00496906 0.000412004 0.0015297 -0.0106822 -0.00393996 0.022908 -0.000127008 -0.00128079 6.79552e-06 -0.00458087 -0.00092373 -0.0005008 -7.00713e-05 -0.00149013 -0.000386279 -0.000124442 -0.0018236 -1.41575e-05 0.00205246 -0.00245851 -0.00144769 -5.78445e-05 -0.000164727 -0.00327196 -0.00032025 -0.00121025 -0.000153939 0.000457966 -0.00150143 -0.0122261 -0.000449309 0.000254016 -0.000181155 0.000399526 -0.000218013 
-0.000993353 -0.00129803 0.00327013 -1.97454e-06 -1.47561e-05 -0.00153652 -0.000243622 0.00722682 -0.000368915 -0.000172197 0.000815838 -0.00717777 0.000393292 0.00103361 -0.00289936 -0.0122947 0.00107865 0.000371573 0.0221895 -0.000454158 -0.0081347 -0.000265189 -0.00139638 0.00279009 -0.00514584 -2.49184e-05 -0.00465155 -0.00537046 -1.88365e-05 -0.00109053 -0.00136833 -4.90066e-06 0.0016496 0.0019697 0.00349496 -0.00118394 -1.60474e-06 0.00304131 3.58391e-05 -0.0017568 -1.21266e-05 0.00111249 -0.000252167 -0.00146337 0.000959278 -5.75626e-06 -0.000721557 -3.94162e-05 0.00011605 -0.00319068 2.69324e-05 1.5854e-06 0.000619151 -0.00136335 0.00189903 0.00105585 0.000302922 0.00078626 -0.000145601 -0.000470253 0.00277884 0.00502722 0.00414839 -9.92948e-06 -0.00785972 0.000288747 0.0036487 1.04579e-05 0.000428183 0.000646397 0.000110769 -0.000257312 -0.000616167 2.91517e-05 0.00290159 -0.00154781 -0.000317154 0.000350106 -0.00136398 -0.000457419 4.45367e-06 -0.000875946 3.83117e-05 -0.000220936 -0.000433192 0.000874964 0.00377491 -0.000211438 -0.00147502 9.30967e-06 0.00240885 9.09695e-05 -0.00022916 0.00408189 -0.00625891 -0.000255092 0.000176769 -3.28605e-06 -2.41253e-05 -0.000119125 
0.11714 0.00806702 0.00198114 -0.000545359 -0.00454736 -0.0413304 -0.0021736 0.00422082 -0.0117359 -0.00552459 -0.0168016 -0.00590131 0.100436 0.0785175 -0.00523972 0.0630407 0.0200082 -4.28568e-05 -0.000454158 0.184015 0.0513413 -0.00840996 0.00377869 -0.0429506 -0.0437137 -0.00137263 0.0681969 -0.036786 9.10578e-05 -0.0175901 -0.0116468 -0.00027671 -0.0597517 0.0157278 -0.0247283 -0.049865 -0.000117956 -0.00119674 -0.00159606 -0.07456 0.000447326 0.0170174 -0.0208396 -0.0468023 -0.0132909 -0.000204799 0.00799676 -0.00818028 0.00147236 0.0307689 -0.000299918 7.65135e-05 -0.010939 -0.0467217 0.0559265 0.00116174 -0.00144245 -0.0674528 0.000369713 0.00201654 -0.032558 -0.0294025 0.026674 -0.000570957 0.0254584 -0.004794 -0.00539879 -0.0072603 -0.0755099 0.0182225 0.0155714 -0.00915479 0.00654446 -0.000261254 0.018449 0.0316696 0.00164851 -0.041275 -0.0427398 -0.0184085 -0.00131616 -0.0252132 -0.000461567 -0.00868252 -0.0285933 -0.00736004 -0.00618255 -0.0136556 0.0374874 0.000905055 -0.000140093 -0.00131965 -0.00149153 -0.0209506 0.0644318 -0.0066967 -0.00484542 -3.37934e-05 -0.000622337 -0.000945473 
0.0623917 -0.0416376 -0.00553493 -0.000503175 -0.000228507 -0.0155504 0.00171989 -0.000647131 -0.00246945 0.0020728 0.00350497 0.0493266 0.0743006 0.0243771 0.0406963 0.0564328 -0.0723762 0.00526459 -0.0081347 0.0513413 0.190729 -0.00285342 0.00913005 -0.0379435 -0.0452064 -0.000258274 0.0487576 -0.0522064 -0.000268741 -0.0296928 0.0072752 -0.000116256 -0.0382451 0.0345501 -0.00513744 -6.05128e-05 -0.000133197 0.00873313 -0.00142905 -0.040646 0.000118677 0.0184483 -0.00960805 -0.0338521 -0.0405678 -0.00014632 0.0262542 -0.00377793 -0.00366726 0.0330545 1.94637e-05 -0.000328889 -0.00752541 -0.0453452 0.0421148 -0.000767617 -0.00204147 -0.0791073 0.000490782 0.00086901 -0.0127804 -0.0333411 0.0342319 -0.000702168 0.0215906 -0.00972783 -0.00593137 -0.00870549 -0.0914589 0.0225871 0.0826799 -0.00869491 0.0059031 -0.000154115 -0.0901595 -0.00417077 0.00307234 -0.00763929 -0.0369085 -0.00155215 -0.00140804 -0.0185579 -0.000396834 -0.00508468 0.00177381 0.00800329 -0.00556021 -0.00480066 -0.0577166 0.00147571 0.0214858 -9.59976e-05 0.00164847 -0.02949 0.0777566 -0.00591105 -0.00481072 -0.00160823 -0.000332203 0.00153279 
-0.0078919 -0.00505514 -0.000120069 0.000175427 0.000758903 0.000899499 -0.000103159 -0.000257083 0.00185191 -7.25475e-05 0.00498323 0.00224677 -0.00628305 -0.00723035 -0.00158288 -0.00875296 -0.00353512 -0.000596908 -0.000265189 -0.00840996 -0.00285342 0.0132407 -0.000270894 0.00394024 -0.00263769 5.96433e-05 -0.00602963 0.00319097 -1.24107e-05 -0.000501464 -0.000278451 2.24169e-05 0.00235239 0.000207138 0.00119802 -0.000576705 8.70336e-05 0.000628644 3.21008e-05 0.0093082 1.5834e-06 -0.000932283 -0.000329842 0.00286953 0.000513014 1.31369e-05 -0.00156804 -0.000228428 -0.00015218 -0.00150662 8.8459e-05 -1.68056e-05 0.00127041 0.00286091 -0.00393765 -0.000201408 -6.07792e-05 0.0066777 -7.92305e-05 -9.61188e-05 0.00361606 -0.000601748 -0.00169789 2.45246e-05 -0.00679405 -0.00135955 -8.10314e-05 0.000119911 0.00707053 -0.00101815 -0.000488985 0.0019057 0.000597984 -3.39371e-06 -0.00168705 0.000135994 -0.00024488 0.00467144 0.00392864 -0.0001756 6.28494e-06 0.00202173 -8.91181e-07 0.000994753 0.00376363 6.90023e-05 0.000506946 -0.000786815 -0.00339572 -8.32097e-05 -0.000132689 0.000332401 0.00135201 0.00158878 -0.0026656 0.00101588 0.00043352 -3.88557e-05 7.83107e-05 -2.953e-05 
-0.0135716 -0.0238607 0.000643082 0.000122364 -0.000456178 0.0012639 -0.00032493 -0.00197264 -0.00172561 0.0007129 -0.00297901 0.0142605 0.018553 -0.00687869 0.0364127 0.0100774 -0.0201968 -0.000921419 -0.00139638 0.00377869 0.00913005 -0.000270894 0.0727978 -0.00221817 0.0333134 0.00074035 0.0283376 0.00807029 -7.33097e-05 -0.00331687 0.0264125 1.75602e-05 -0.0062167 -0.00880955 0.000855702 0.00413133 4.18222e-06 -0.00330095 -7.62449e-05 -0.00734259 -0.000136554 -0.00379537 0.00241317 -0.00510324 -0.0366133 -6.20617e-06 0.00583116 -0.00119886 -0.000118162 0.0280639 -1.77201e-05 -0.00011321 0.000415983 -0.00524121 -0.0331447 -0.000282263 -0.000330576 -0.0160239 0.002572 0.0111445 -0.00337419 -0.0028643 -0.00976218 -6.69286e-05 -0.0234197 -0.0125304 -0.000528899 -0.000608849 -0.0147976 -0.00459929 -0.018209 -0.000979769 0.0120041 1.36234e-06 -0.00287556 -0.0199413 -0.00129616 -0.0153397 -0.00434588 -0.000968763 -0.000155111 -0.000828529 -3.44585e-05 -0.000932713 -0.0024319 -0.00120706 -0.00051018 -0.00235986 -0.0154514 0.000267221 0.0208414 -0.000226845 0.000237627 -0.0028937 0.0182845 -0.000537892 0.000100419 0.000844908 -0.000122981 -0.000421934 
-0.0404708 -0.0303494 -0.000801522 0.000413507 -8.49672e-05 -0.00354793 -0.000802664 -0.00131696 0.00586345 -0.000115653 -0.0017694 0.00839077 -0.0289415 -0.0292318 -0.00670705 -0.0435605 -0.016514 -0.00243858 0.00279009 -0.0429506 -0.0379435 0.00394024 -0.00221817 0.0726418 -0.00203296 0.000396015 -0.0254664 -0.0188521 -6.96266e-05 -0.00331545 0.034801 9.42701e-05 0.0436738 -0.00945407 0.0072529 -0.00616636 0.000118768 -0.0113739 0.00140197 0.0418303 -7.48799e-05 -0.00718339 0.000252279 0.0353656 -0.00281205 5.51123e-05 -0.00809169 0.00037469 -0.000177379 -0.00240988 -0.000108696 0.000195872 0.00141001 0.0401926 -0.0396836 -0.00142893 -0.000400397 0.0285828 -0.000688664 0.000785134 0.0212191 0.00511546 -0.00952625 0.000422701 -0.0402101 0.0337418 0.00541289 -0.000100563 0.0439888 -0.00811501 -0.0269931 0.00939385 0.00429427 9.66869e-07 -0.00666236 -0.00422374 -0.00122375 -0.0117596 0.0397697 0.00123926 0.000905389 0.0272424 0.000373691 0.003578 -0.00218709 -0.00290178 0.0074044 -0.0018541 -0.0171733 -9.87002e-05 0.00987504 -9.40729e-05 -0.000345674 0.0231915 -0.0119328 0.00583639 0.00149191 1.31838e-05 -6.33845e-05 -0.000312662 
-0.0900682 0.00954028 -0.00159097 -0.000146737 0.00242932 0.0297792 -0.00153252 -0.00595899 -0.00166977 -0.000822803 -0.0095847 0.000937487 -0.0285354 -0.0186541 0.0528812 0.0264371 0.0298288 -0.00487266 -0.00514584 -0.0437137 -0.0452064 -0.00263769 0.0333134 -0.00203296 0.201685 0.000941512 0.00428027 0.0859425 -0.00016477 0.0263247 0.0150494 -0.000103141 9.24272e-05 -0.0373321 0.0159871 0.0264805 -5.1606e-05 -0.0291898 -0.000175834 -0.0031907 -0.000548207 -0.0253243 0.00604936 -0.00312047 -0.0182172 -9.61266e-05 -0.004348 -0.000191806 0.00255016 0.00251844 -0.000485253 0.00050881 0.00322826 -0.00126354 -0.0659804 -0.00124308 0.00146358 0.0223478 -0.00249983 0.00472225 -0.0126651 0.0106067 -0.0403727 0.000106908 0.0119857 -0.0232148 -0.00284392 -0.000164503 0.0392607 -0.0119811 -0.0571268 -0.00336498 0.00500193 -1.38911e-05 0.0332236 -0.0441103 -0.00459261 0.000285301 -0.00782224 0.00116383 -0.000397279 -0.00203359 -0.000172401 -0.00273804 -0.00489885 -0.00743096 -0.00159229 -0.00606264 0.000865814 -0.000782438 0.0290252 -0.000981403 -0.002959 -0.00607216 -0.0357684 -0.00216754 0.000317947 0.00237513 -1.31741e-05 -0.00149498 
-0.00151236 -0.000322464 6.15636e-06 2.01543e-05 -1.67232e-05 0.000829621 0.000366163 -1.32059e-05 0.00040938 0.000465141 -9.28324e-05 -0.00024381 -0.00100747 -0.00114815 0.000768955 -0.000557154 -0.000374037 1.31692e-06 -2.49184e-05 -0.00137263 -0.000258274 5.96433e-05 0.00074035 0.000396015 0.000941512 0.00285921 0.000340831 0.000590927 1.79505e-06 -6.4626e-05 0.000525988 2.3882e-05 -0.000156277 -0.000393264 0.000836121 0.000860902 1.47433e-05 -0.000396403 6.50598e-06 -7.70558e-05 7.19708e-07 -0.000109324 0.000515386 -0.000164378 -0.00125786 1.58044e-05 0.000134532 0.000287878 5.02557e-06 0.000173078 1.31759e-05 -2.17742e-06 0.000324657 -0.000134732 -0.00143287 -8.83277e-06 -3.03271e-06 -0.000776385 6.48848e-06 0.000463645 0.000652177 0.000542398 -0.000367857 -9.89333e-07 -0.000349701 -0.000205801 0.00014289 0.000105277 0.000130202 0.000757119 -0.00101654 7.3988e-05 3.9166e-05 2.62029e-06 -0.000159742 -0.00191421 3.9712e-05 -0.000605999 -7.0468e-05 0.000685244 6.7018e-05 0.000259251 5.68658e-05 -9.33485e-06 7.92876e-06 8.42091e-05 0.000218127 0.000154273 -0.000478947 0.000104393 -2.38642e-05 -1.07014e-05 1.40868e-05 0.000322236 -0.000561497 0.00017898 4.97257e-05 -3.28495e-06 -2.90409e-06 9.49797e-06 
0.0847986 -0.0597043 0.000547347 -0.000299627 -0.00201297 -0.0109534 -0.0046417 -0.00843363 -0.00715229 -0.00320547 -0.018228 0.0316094 0.12361 0.068484 0.0468495 0.0707685 -0.0132018 -0.00146598 -0.00465155 0.0681969 0.0487576 -0.00602963 0.0283376 -0.0254664 0.00428027 0.000340831 0.249801 0.00365928 0.000355483 -0.0263388 0.0283747 -0.000371632 -0.0391843 -0.00765177 0.00241365 -0.00581184 -5.90943e-05 -0.0201212 -0.000857605 -0.0518246 0.000736032 0.00925159 -0.00640068 -0.0362869 -0.0404852 -0.000159098 -0.00177005 -0.00795659 -0.00141191 0.0285556 -0.00023214 -0.000805196 -0.00788815 -0.0343825 0.0313054 -0.00461866 -0.00172716 -0.123335 0.00195868 0.0079414 -0.0262745 -0.0193938 -0.00202432 -0.000466276 0.0301405 -0.00333196 -0.00241196 -0.00118716 -0.0880664 -0.00738824 -0.0380891 -0.00611043 0.00855434 -0.000177578 -0.00338919 0.0054891 -0.00622147 -0.0873024 -0.0293616 -0.0121814 -0.00126425 -0.0133255 -0.000293239 -0.00528815 -0.0269014 -0.0165386 -0.00284671 -0.00984778 -0.0211017 0.000646741 0.0242027 -0.00181289 -0.00394742 -0.017191 0.0423213 -0.00402183 -0.00313711 -0.00243946 -0.000794654 -0.00303087 
-0.0523114 0.0511032 0.000799183 -3.34299e-06 0.00324949 0.0255166 -0.0041933 -0.00727756 -0.00369935 -0.00306358 0.000109764 0.00278306 -0.0297936 -0.00702316 0.0204274 0.00814859 0.0563956 -0.0148627 -0.00537046 -0.036786 -0.0522064 0.00319097 0.00807029 -0.0188521 0.0859425 0.000590927 0.00365928 0.239801 -8.97479e-05 0.0278741 -0.061681 -9.16253e-05 -0.00806131 -0.0387359 0.0163932 0.0193551 -7.16881e-05 0.00640075 -0.000160924 -0.00256434 -0.000912905 -0.0300128 -0.0018505 -0.00547209 0.0448229 -0.000147592 -0.0278083 -0.00576086 0.00478305 -0.0361821 0.000155066 -0.000585401 0.00337909 -0.00682777 -0.0235692 -0.00112109 0.0018272 0.0645013 0.00054403 -0.000442015 -0.00352677 0.00106022 -0.0516455 -0.000116584 0.0561356 -0.0580822 -0.00501935 -0.00263599 0.0379352 -0.0350808 -0.047913 -0.00303793 -0.00980285 -6.28504e-05 0.0543957 0.0167229 -0.00669254 0.0244262 -0.00847322 -0.00660301 -0.00099064 -0.0100975 -0.000254963 -0.00294031 0.0033505 -0.00774817 -0.00270722 -0.0178994 -0.000164758 -0.00285211 -0.0154216 -5.22627e-05 -0.000277674 -0.00794688 -0.0971162 -0.000354942 0.00224482 -0.00061452 -9.93011e-05 -0.00227173 
0.000127336 0.000255408 4.70372e-05 -4.52368e-07 -3.31717e-06 6.42909e-05 -1.18662e-05 -1.41988e-06 1.62412e-05 -1.02566e-05 7.60471e-06 -0.000174746 -0.000326805 0.000141608 -0.000184379 6.15956e-05 0.000420212 -2.11426e-05 -1.88365e-05 9.10578e-05 -0.000268741 -1.24107e-05 -7.33097e-05 -6.96266e-05 -0.00016477 1.79505e-06 0.000355483 -8.97479e-05 0.00114893 -3.7364e-05 -0.000263083 -5.9411e-08 -9.72913e-05 6.82826e-05 -4.54797e-05 0.000123115 -1.79565e-07 -0.000128079 -1.21742e-06 -0.000115765 2.22011e-05 -5.75774e-06 7.58735e-05 -7.09848e-05 1.53809e-05 1.23772e-07 -0.000109938 -1.47455e-05 -3.11669e-07 -0.000122967 1.04341e-06 5.48192e-07 -1.74694e-06 -6.3575e-05 0.000191315 -6.81018e-06 2.70551e-06 -0.000292737 -1.04736e-05 -5.92173e-06 -5.45745e-06 8.50213e-05 8.85697e-05 -1.36567e-06 9.19428e-05 8.55811e-05 -6.97118e-06 1.91711e-05 -0.000154306 -8.11875e-05 -0.000192486 -1.38025e-05 -3.57227e-05 -2.77321e-07 0.00028187 -0.000303136 -1.5158e-05 -0.0002425 -6.38291e-05 -2.73641e-05 -6.42029e-07 -4.90739e-05 -7.45096e-08 -1.38385e-05 -6.1122e-05 -7.8412e-06 -6.47616e-06 5.9162e-05 0.000364585 -7.15397e-06 -9.61495e-05 -3.306e-06 -1.41678e-06 -1.90384e-05 -6.01738e-05 -5.8521e-06 -1.25316e-07 -5.20471e-06 -9.03936e-07 -6.82013e-06 
-0.0287273 0.0217788 -0.000166149 -3.95857e-05 -0.000350254 0.00443439 -0.000612403 -0.00128743 -0.00108367 -0.000591492 -0.00208861 -0.00914491 -0.0312592 -0.00414816 -0.00947929 0.00365856 0.0150091 -0.00180116 -0.00109053 -0.0175901 -0.0296928 -0.000501464 -0.00331687 -0.00331545 0.0263247 -6.4626e-05 -0.0263388 0.0278741 -3.7364e-05 0.0539535 -0.0110752 -9.14044e-06 -0.00305158 -0.00854968 -0.00109153 0.00562575 -5.62263e-06 -0.00397861 -4.51685e-05 -0.00148388 -0.000128735 -0.00530602 0.00279188 0.000791546 0.0104902 6.32104e-05 -0.00680524 0.000295679 -0.000211818 -0.008742 -8.78457e-05 -1.34123e-05 0.0042486 0.00400172 -0.0259453 0.000888384 0.00190401 0.0272817 -0.000372263 -0.0012392 0.00440339 0.009308 -0.00826371 0.000110181 0.00821565 -0.00673118 -0.000224655 0.00341648 0.0312424 -0.00622613 -0.0143978 -0.000547855 -0.00187298 7.00551e-05 0.0184943 -0.0025913 -0.000959114 0.0205926 -0.000878924 -0.000296556 0.000316334 -0.00129142 -1.27242e-05 -0.00029701 -0.000247327 -0.0023176 -0.000338844 0.00133774 0.0135542 -0.000424856 -0.00743681 -7.2663e-05 -0.00063426 0.00211514 -0.0178522 0.000468154 -0.000410685 0.000277288 0.000253619 -0.00039484 
-0.0350029 -0.080729 -0.00229033 0.000328263 -0.00100222 -0.0156899 -0.00247146 -0.00527349 0.000462877 0.000732666 -0.00794706 0.0324226 0.0223185 -0.0124138 0.0359405 -0.00426841 -0.0565757 -0.00633439 -0.00136833 -0.0116468 0.0072752 -0.000278451 0.0264125 0.034801 0.0150494 0.000525988 0.0283747 -0.061681 -0.000263083 -0.0110752 0.184916 1.65204e-05 0.0188298 -0.0272424 0.00412641 -0.0125879 8.0641e-05 -0.036824 0.000921382 0.0155529 7.02531e-05 -0.0147219 0.00561623 0.0148258 -0.0540063 0.000269592 0.00916752 0.00926529 -0.00316086 0.040994 -0.000407193 -0.000175224 -0.000916066 0.01794 -0.0691751 -0.00131045 -0.00115457 -0.0323456 0.000425676 0.00863469 0.0150916 0.00749964 -0.0193797 -9.04385e-05 -0.058348 0.0642533 0.0073171 0.00298302 0.00770899 -0.000960188 -0.0365248 0.00108348 0.0225802 8.14829e-05 -0.0291442 -0.030386 -0.00425869 -0.0370397 0.0160185 0.00926731 0.0012849 0.0212191 0.000466405 -0.00104728 -0.00453197 -0.00845375 0.00540997 0.00343242 -0.0485736 0.0043675 0.0583748 -0.000913901 -0.000323308 0.0129273 0.0502275 0.00230651 0.000249349 -0.000271046 -0.000252899 0.000391126 
-0.000278898 -1.95166e-05 -9.14635e-06 1.93826e-06 8.20327e-06 4.52814e-05 0.000108968 -1.81349e-05 5.27399e-05 6.01344e-05 0.000126872 -2.01653e-06 -0.000387749 -0.000503435 -3.80379e-05 -0.000209951 -0.000126658 -2.03279e-05 -4.90066e-06 -0.00027671 -0.000116256 2.24169e-05 1.75602e-05 9.42701e-05 -0.000103141 2.3882e-05 -0.000371632 -9.16253e-05 -5.9411e-08 -9.14044e-06 1.65204e-05 0.000879678 0.000164625 -4.99553e-07 7.30873e-06 2.61778e-06 1.92893e-06 -7.8361e-05 8.66738e-06 0.000135753 3.08763e-06 -5.06607e-05 2.24151e-05 3.85655e-05 -0.000323521 4.43165e-05 0.000110395 0.000142776 -5.34631e-06 3.79521e-05 -1.85609e-07 8.78604e-06 -3.43691e-06 1.91975e-05 -0.000120223 3.78929e-06 1.70109e-05 6.8385e-05 -2.27366e-06 3.00357e-05 3.85199e-05 1.18202e-05 -2.29104e-05 9.52309e-08 -0.000172954 8.89206e-05 -2.14892e-06 -2.619e-06 -3.13801e-05 7.73395e-05 -5.26186e-05 2.45671e-05 -1.77059e-05 2.01423e-06 -6.68757e-05 -0.000285168 6.79445e-05 5.68872e-05 1.28682e-05 0.000250936 0.000109167 0.000209687 3.69174e-05 5.35339e-05 0.000100459 9.99433e-05 -6.21414e-07 9.29207e-05 -5.77417e-05 9.74806e-06 -6.90255e-05 4.58774e-07 -6.1216e-06 6.96583e-05 7.72316e-05 -7.34292e-06 5.04875e-05 -2.43946e-06 1.28458e-06 0.000100029 
-0.0455484 -0.0357395 -0.000941196 8.5433e-05 0.00225179 0.00558001 -0.000888004 -0.00215267 0.00758768 0.000492697 0.00891098 0.0160195 -0.0431354 -0.0426193 -0.00988316 -0.0545092 -0.0204097 -0.00022085 0.0016496 -0.0597517 -0.0382451 0.00235239 -0.0062167 0.0436738 9.24272e-05 -0.000156277 -0.0391843 -0.00806131 -9.72913e-05 -0.00305158 0.0188298 0.000164625 0.0805537 -0.00465896 0.0115677 -0.00410856 -5.09112e-06 -0.00491138 0.00131803 0.0567734 -0.000183447 -0.00692643 -0.00244323 0.0376561 0.0131629 -3.43619e-05 -0.0101201 -0.00140086 -0.000514618 -0.0131965 -2.4742e-05 -2.99941e-05 0.00235138 0.0415705 -0.0300495 -0.00118133 -0.00019666 0.0488759 -0.00121273 -0.000954955 0.0126099 0.000407342 -0.0114836 0.000436173 -0.0419303 0.0322915 0.00223697 -0.000563344 0.0497228 -0.00917317 -0.0147961 0.00930283 -0.00258996 -1.09458e-05 -0.0113462 0.00577094 -0.00149984 0.0165879 0.0386651 -0.00165471 7.00198e-05 0.0238866 -1.21929e-05 0.00826075 0.0109839 -0.000878673 0.00467339 -0.00529641 -0.0219253 -0.00038166 0.00165736 0.000127992 0.000786902 0.0158004 -0.0273251 0.00564659 0.00294299 -0.000409224 0.00033416 -0.000481367 
0.0307294 -0.0526013 -0.00173999 -0.000133133 0.000320892 -0.0120465 -0.00171462 0.00509052 -0.00503155 0.000838858 0.0206406 0.0332931 0.00645556 0.000629983 -0.00919669 -0.0199552 -0.0336511 0.0175507 0.0019697 0.0157278 0.0345501 0.000207138 -0.00880955 -0.00945407 -0.0373321 -0.000393264 -0.00765177 -0.0387359 6.82826e-05 -0.00854968 -0.0272424 -4.99553e-07 -0.00465896 0.135171 -0.00560644 -0.00884 2.3424e-05 0.0121547 -0.000270792 0.00108712 -0.00016017 0.0294383 -0.00439413 -0.00766721 0.00454238 -5.01661e-05 -0.0169902 -0.00307718 5.91337e-05 -0.0175209 -0.000210903 -0.000270023 -0.002115 -0.00999225 0.0479613 -0.000892723 -0.000518014 0.0118357 -0.00189007 -0.00227775 -0.0111625 -0.0081852 0.0656223 -0.000125879 -0.0475917 -0.0271435 -0.00123165 -0.00155475 -0.0290482 -0.00873473 0.0864468 -0.00172524 -0.00438163 -6.70557e-05 -0.0176788 0.0269776 -0.00292298 0.0290809 -0.00897169 -0.0054053 -0.000445349 -0.00643637 -9.50247e-05 -0.000403469 0.0113155 0.00286717 -0.00112075 -0.00804709 -0.0288047 -0.000891104 -0.00635652 0.000660257 0.0016479 -0.0055402 -0.0364214 -0.00140791 5.27752e-05 -0.000688098 0.000236525 -0.00102295 
