0.0100742 -0.00688621 5.86533e-05 1.87361e-05 -0.000283202 0.000188777 0.00451907 0.000211335 2.07085e-05 -0.00033285 0.00539268 -8.13237e-05 7.72073e-05 0.00336211 0.00500254 0.000371293 -0.00728659 -0.00147799 0.000257206 -0.00387536 -0.00167881 -0.000172777 -0.00755125 -8.73399e-05 -0.00554057 0.0065191 -0.000540812 0.00692597 0.00570771 -0.00175951 6.07604e-05 -0.00730207 -4.9652e-06 0.000287037 0.00296979 -0.000184278 3.01644e-05 0.000580455 -0.000383119 3.30322e-05 0.00255931 -1.51905e-05 -0.000347829 -0.00473232 0.000582621 -1.43066e-06 0.000352859 -0.000425095 0.00218155 6.91104e-05 -0.000711529 -0.00629776 -1.13963e-07 5.85808e-06 0.00066944 -0.0031282 0.000717343 -0.00106903 1.08856e-05 0.000794279 -3.33271e-05 -0.000180176 -0.00755148 0.00431149 0.000343839 2.87735e-06 0.00373137 -1.06139e-05 0.000118475 -0.00774759 7.62242e-05 6.95788e-07 -0.000256259 -7.75003e-05 0.00151526 0.000297119 2.71017e-05 0.000424811 0.001603 0.000345767 -3.93109e-05 0.000571236 0.000296966 -0.0043351 -0.00546845 0.000464391 2.88196e-05 0.00530271 -0.00413448 0.00498509 0.00113936 0.000505776 -0.00101727 0.00156702 0.000529509 -1.6259e-05 -0.000231239 0.00269305 0.000861241 0.000901568 
-0.00688621 0.205684 -0.0150957 -5.53068e-05 -0.0231473 -0.00393292 -0.0715304 -0.000246267 0.000414904 0.0176114 -0.016477 -0.0681001 -0.000128305 -0.0843683 -0.0812068 -0.00276173 0.138386 -0.0225091 -2.07849e-05 0.0348271 -0.138579 -0.0349142 0.117145 0.00205416 0.142302 -0.0462013 0.0106019 -0.1127 -0.047533 0.0698041 -0.000199079 0.120243 -0.000112447 -0.000840541 -0.00757691 -0.0193682 -0.000600645 -0.000404572 -0.0414185 -0.00199868 -0.0240539 -0.00106375 -0.0246707 0.123821 -0.039947 -0.000192498 -0.0262611 0.0114243 -0.0048337 -0.00244699 0.0560941 0.0683198 -0.000220224 -0.00162609 -0.0305107 0.0837257 -0.00634981 0.0348122 -0.000161823 -0.00442527 -0.00791475 -0.00350404 0.12535 -0.107563 0.00387385 -4.36947e-05 -0.0206842 -0.00147793 -0.000555842 0.132899 -0.00158511 -2.39944e-05 -0.0318275 0.00235253 -0.108039 -0.00140429 -0.000651061 -0.00186708 -0.0245905 -0.0173978 -0.0352311 -0.0234871 -0.00234192 0.0120104 0.145208 -0.00289796 -0.00247996 -0.0338174 0.028595 -0.133316 -0.0462792 -0.00365981 -0.012619 0.050162 -0.00321442 -0.00215629 -0.00929746 -0.0266599 -0.0123025 -0.0431558 
5.86533e-05 -0.0150957 0.020824 1.28874e-05 -0.000672823 -0.00051576 0.00740924 1.48595e-05 4.36657e-05 0.00583087 -0.000393241 0.0128349 -4.11018e-06 -0.00232715 0.000464192 -0.000125491 -0.0150827 -0.00411989 4.00013e-05 0.00264414 0.0139254 -0.000671376 -0.0154319 -0.000611851 -0.0162263 0.00138083 -0.00115694 0.0141917 0.00167137 0.00162868 -4.94501e-06 -0.0156649 6.70459e-06 3.95527e-05 -0.000122523 0.000612821 -9.467e-05 -4.48713e-05 -0.000383393 -7.81208e-06 -0.000141327 -6.55045e-06 0.000360354 -0.0106521 -0.000787866 2.09973e-05 0.0126385 -0.00146165 -0.000102078 -7.63893e-05 -0.0126175 -0.0131717 2.42458e-05 0.00035371 0.014147 -0.00659389 -0.000236027 -0.00309898 -1.13275e-05 -0.000113959 -0.000212939 -0.000417702 -0.0157179 0.016045 -0.000350316 -1.80002e-06 0.00312759 -2.9934e-06 -8.90625e-06 -0.0163248 0.000431504 2.67801e-06 -0.000571334 -0.00019686 0.0163797 -5.05097e-05 6.00473e-06 -4.66419e-05 0.00447983 -0.00055794 0.0180581 -0.000650826 1.53577e-05 -0.00660184 -0.0122897 0.000106256 0.000111845 -0.000856076 -0.00756004 0.0134725 0.0124302 -0.00010525 0.00151233 -0.00495794 -6.19531e-05 0.000228874 -0.000258288 -0.000834534 2.94486e-05 0.00885051 
1.87361e-05 -5.53068e-05 1.28874e-05 9.92801e-05 -2.821e-06 8.96141e-06 6.52819e-06 4.93243e-07 1.55058e-06 4.46159e-05 2.73627e-05 2.16293e-05 1.66201e-06 -5.64889e-06 8.20092e-07 3.16127e-07 -5.8779e-05 -1.777e-05 6.83257e-06 -1.93059e-05 8.22561e-06 -1.57453e-06 -4.92296e-05 -2.97248e-06 -5.30572e-05 3.28975e-05 -9.34545e-08 1.27381e-05 -4.11173e-06 9.60741e-06 5.58055e-07 -6.23802e-05 -9.39641e-08 7.56466e-07 1.95418e-07 4.91547e-07 -5.19474e-08 1.0887e-06 2.46715e-07 2.5051e-05 5.4504e-06 -1.18093e-07 4.50248e-06 -4.14413e-05 9.54619e-07 3.5652e-06 1.34944e-05 -5.62582e-06 1.41403e-05 -3.5861e-07 -5.20588e-05 -5.08047e-05 2.25673e-09 1.44846e-05 1.68873e-05 -2.87262e-05 1.96121e-05 -3.22575e-06 2.01097e-06 3.20737e-08 9.72449e-07 -1.02926e-06 -4.9198e-05 2.53471e-05 1.88895e-07 -1.63176e-08 -1.20371e-06 -2.09002e-07 1.65515e-05 -5.45885e-05 1.25433e-05 7.30485e-08 -4.29078e-06 -2.2447e-07 1.32139e-05 2.52853e-05 -9.29212e-08 6.67774e-06 2.83047e-05 2.29375e-06 2.42082e-05 -1.15489e-06 7.28235e-06 -4.34141e-05 -3.46655e-05 2.00083e-05 3.54889e-06 -5.05675e-06 -1.58751e-05 -4.01424e-06 3.54739e-05 -4.9468e-07 -1.76872e-05 -1.34317e-05 1.79576e-05 4.4906e-06 1.11972e-06 2.78831e-05 4.3828e-06 4.57267e-05 
-0.000283202 -0.0231473 -0.000672823 -2.821e-06 0.0327045 -0.000270152 -0.00351721 -3.82705e-06 -0.000218104 -0.00752214 0.000536786 0.0261599 1.1442e-06 0.00788713 0.0229336 0.00102757 -0.0235468 0.0231571 0.00023006 -0.0257438 0.0206767 0.0203806 -0.0229771 0.000511951 -0.0246429 -0.00204758 -0.00135467 0.0258673 -0.00151473 -0.0112789 0.00018838 -0.0259544 7.53654e-05 -6.66796e-06 0.000651164 0.00924553 -0.000149312 -0.000111079 0.0257925 -0.000222147 0.00349366 -2.59372e-06 0.0140854 -0.016959 0.0266371 -4.00393e-06 -0.000833656 0.000550614 -0.000228803 -0.000111505 -0.0252394 -0.0235939 3.42165e-05 0.000163589 0.00195696 -0.0103496 -0.000433254 -0.00406212 1.23186e-05 0.00113878 -0.000441531 0.00209371 -0.0264391 0.0221646 -0.000411288 -3.62975e-06 0.000298486 0.000236733 3.19712e-05 -0.0252882 0.000135 9.316e-08 -0.00132314 -0.000291386 0.0253768 -0.00037108 0.000307661 -9.3551e-05 -0.000887435 -0.0004863 -0.00162075 0.000143254 0.000119799 0.00531474 -0.0188989 0.00143725 -0.000265152 0.00734824 -0.0137809 0.022026 -0.00385394 0.000171281 -0.00892594 -0.00633859 -0.000376472 0.00082814 -0.000641695 -0.000899173 -0.00057222 0.0150821 
0.000188777 -0.00393292 -0.00051576 8.96141e-06 -0.000270152 0.0256458 -0.000313516 -8.87465e-06 -7.51388e-05 -0.000831554 0.0015944 -0.000582751 1.73259e-05 0.00880661 -0.00234257 0.00102339 -0.00117775 -0.00145012 0.000957927 -0.00234262 -0.00241428 -0.000533423 0.00202005 -0.000810804 -0.000954689 -0.00145852 0.00595234 -0.00274685 -0.000667209 0.000488199 0.000132466 -0.000928914 -1.74301e-05 1.71911e-05 -0.000136642 -0.000359315 -9.43852e-05 -8.4991e-05 -0.00123343 -0.000101408 -0.000357132 -1.31173e-06 -0.000546685 -0.00984138 0.000288173 0.000228676 -0.000212724 -0.0011668 0.000752282 0.000516571 -0.000242136 -0.00446446 3.88914e-05 -3.8485e-05 0.000393754 -0.000419029 0.000285615 0.0064371 0.00020752 -0.000152874 0.000600566 -0.000340963 -0.000227126 -0.00101887 -6.22844e-05 6.26379e-05 -0.000484742 -3.6044e-05 0.000149809 0.000445411 -0.000303184 2.79018e-06 0.00104406 -0.000230817 -0.00388565 -8.55094e-05 9.29266e-05 -3.91745e-05 0.00140812 0.000575799 -0.0010485 -8.32005e-06 0.000640701 -0.00622893 -0.000277003 -4.06521e-05 6.44325e-05 0.00137412 -0.000126914 -0.000751127 -0.000107197 0.000219029 -0.00527629 0.000147802 0.000221537 -7.00268e-05 -0.000512749 0.00206706 -0.000368699 0.00024097 
0.00451907 -0.0715304 0.00740924 6.52819e-06 -0.00351721 -0.000313516 0.102937 0.000180351 -0.000658386 -0.0107297 0.0107838 0.00675764 2.7217e-05 0.0198378 0.0256217 0.000847309 -0.0684112 -0.0094076 0.000379078 0.0109535 0.0446455 0.00406557 -0.0529015 -0.00338307 -0.0556842 0.0415617 -0.00518354 0.0393048 0.0496134 -0.0234704 -3.63505e-05 -0.0583938 6.20911e-05 -0.000156299 0.00120945 8.52111e-05 -0.000155126 0.000270605 -0.00171849 0.00187093 0.0171115 0.000433071 -0.00445563 -0.0478561 -0.00467822 -8.70058e-07 0.00893729 -0.00733376 0.0023109 0.00131717 -0.000303502 -0.0321841 0.000178129 0.000305448 0.00724403 -0.0349049 0.00446628 -0.0143474 -3.90926e-06 -0.000287136 0.0094762 -0.0016664 -0.0540774 0.0429535 -0.0011108 4.1552e-05 0.0154797 -0.000199687 0.000201441 -0.0615475 0.000504671 2.80097e-06 0.0127815 -0.00100314 0.0454417 0.000572835 0.000170798 0.00216562 0.000839666 0.00737899 0.0279941 0.00342832 -0.000330651 -0.0214021 -0.0517536 0.000407989 0.00267796 0.0224324 -0.0192518 0.0579657 0.0343997 0.00177423 0.0120497 -0.0113428 0.000824892 0.000253139 0.00154331 0.0021245 0.0137497 0.000802419 
0.000211335 -0.000246267 1.48595e-05 4.93243e-07 -3.82705e-06 -8.87465e-06 0.000180351 0.000504232 3.20069e-06 -9.29179e-05 6.94679e-05 -1.43153e-05 4.8539e-06 2.99359e-05 0.000102421 3.6943e-05 -0.000281361 -9.12432e-05 9.47139e-05 -8.7909e-05 -4.15937e-05 -7.56258e-06 -0.000211165 -1.72711e-05 -5.47308e-05 0.000276346 5.0344e-06 0.000168396 0.000156482 -9.4827e-05 5.86688e-06 -0.000267939 9.92574e-07 5.66876e-05 0.000193093 9.8323e-06 1.53695e-05 1.91087e-05 5.08638e-06 5.46062e-06 4.79643e-05 5.42594e-07 1.86115e-05 -0.000245642 -1.71675e-05 -1.90694e-07 3.81164e-05 -2.45411e-05 4.73381e-05 2.02126e-06 -1.76089e-05 -0.000200755 8.40859e-08 4.49436e-06 -5.21919e-06 -0.000137066 1.76637e-05 0.000140519 1.02535e-05 0.000107084 3.99551e-06 -4.01738e-06 -0.00025616 2.13664e-05 2.93408e-05 2.47091e-07 0.000180633 4.91406e-07 5.8436e-07 -0.000272918 6.45622e-06 3.16165e-08 1.67966e-05 -4.30826e-06 2.71489e-05 3.20721e-05 8.81206e-07 8.43961e-07 7.46619e-06 4.6943e-06 3.90182e-06 -2.67705e-06 4.87056e-06 -0.000178235 -0.000187985 2.1815e-05 1.06873e-05 0.000115674 -9.70963e-05 3.80498e-05 -4.36978e-05 -1.2828e-06 -1.41041e-05 5.68146e-05 7.60262e-05 -1.16819e-06 -8.91158e-06 -1.39223e-05 -3.56057e-06 -6.10892e-06 
2.07085e-05 0.000414904 4.36657e-05 1.55058e-06 -0.000218104 -7.51388e-05 -0.000658386 3.20069e-06 0.00686221 0.00129593 -0.000121301 -0.000596092 6.99468e-06 -0.000337114 -0.000455244 -3.96852e-05 0.000984046 -0.00111784 -2.65475e-06 0.000264805 -0.000693348 -0.000295966 -0.000752272 0.000492472 0.000218202 -0.000172083 0.00183433 -0.000649043 -0.000351566 3.97731e-05 2.91089e-06 0.00103665 1.9614e-05 6.25015e-06 0.000177939 -8.50999e-06 4.71381e-05 0.000125197 -0.000254681 -2.63513e-05 -0.000189501 2.13844e-06 -0.000301326 -0.00252413 -0.000334541 2.68079e-06 -0.000250453 -0.000350566 -2.82309e-05 -2.09003e-05 -3.4196e-05 -0.00147183 -9.92947e-08 8.66162e-06 -0.000234851 -0.000151545 0.000574828 0.00279239 -2.56847e-06 -2.29239e-05 -0.000111698 -8.73825e-05 0.000744286 -0.000778131 0.00054938 2.52077e-05 -0.000154388 -1.22352e-05 5.50315e-07 0.000563417 7.87189e-05 -2.41799e-07 -3.7832e-05 -5.31018e-05 -0.000759605 -3.87183e-06 1.10366e-05 3.40393e-05 -0.000253925 -0.000142738 -0.000102259 -2.12934e-05 -2.0972e-05 -0.00236425 1.31202e-05 -2.13883e-05 -4.06503e-05 -0.000253413 -0.00172407 -0.000453537 -0.000234177 -3.61597e-05 0.00138199 0.000145076 0.000207264 -1.15219e-05 -0.000122422 -4.60018e-05 -9.8135e-05 -0.000344818 
-0.00033285 0.0176114 0.00583087 4.46159e-05 -0.00752214 -0.000831554 -0.0107297 -9.29179e-05 0.00129593 0.188428 -0.00259457 0.00388307 -4.64285e-05 -0.0107213 -0.0365788 -0.00119167 0.0100153 -0.0431364 -0.000260188 0.00556363 -0.0320886 -0.0114132 -0.0192816 0.00590997 0.014848 -0.0132785 0.00924582 -0.0123002 -0.0126083 0.0794916 -6.99827e-05 0.00921899 -0.000123069 -4.37498e-05 -0.00103886 -0.0062985 -0.000371329 0.00140753 -0.00373117 0.00281114 -0.00684612 -0.000280761 -0.0108296 0.00939488 -0.00363903 0.000129035 0.00465503 -0.00871476 -0.000614185 -0.000904969 -0.0104408 -0.0346658 -6.89439e-05 -0.000417289 0.0142427 -0.0140013 0.00164899 -0.00425237 -8.6571e-05 -0.00131417 -0.00350701 0.000540227 0.012075 -0.00681302 0.00398112 4.37647e-05 -0.00850706 0.000150108 -9.70928e-05 0.0133087 0.00158781 -1.34454e-06 -0.0119418 0.00146817 -0.0156267 0.0013202 -0.000143917 0.00108835 0.0101636 -0.00538185 0.00517224 -0.00592104 0.000251533 -0.0598487 0.00516775 -0.000789482 -0.00100036 -0.0139963 -0.0272357 -0.0198121 0.0414177 -0.00130877 -0.0346312 0.0511439 -0.00168742 -0.000381841 -0.00521375 0.00304252 -0.00310718 0.0131168 
0.00539268 -0.016477 -0.000393241 2.73627e-05 0.000536786 0.0015944 0.0107838 6.94679e-05 -0.000121301 -0.00259457 0.0272842 0.00529254 7.20478e-05 0.0101512 0.00534075 0.000718839 -0.0171972 0.00392224 0.000625307 -0.01011 -0.000352485 0.00391965 -0.0186836 -0.000468849 -0.0159377 0.0104183 -0.00148267 0.0124993 0.0131406 -0.0070139 7.70042e-05 -0.0182875 -5.69975e-06 9.71713e-06 0.00213025 0.000596984 0.000543801 0.000535697 0.00232981 0.000825318 0.00216678 1.69751e-05 0.00053388 -0.0129692 0.00528644 0.000128496 0.00340738 -0.00123467 0.00503108 0.00230256 -0.0034955 -0.0140484 0.000110168 0.000268586 0.00210435 -0.00581751 0.00151068 -0.00331274 -5.94181e-06 0.000542764 -0.000152439 -0.000334473 -0.0187982 0.0143782 0.000895461 3.71565e-05 0.00330315 -1.58711e-05 0.000438952 -0.0182201 -0.00014657 3.36038e-06 0.00178874 -0.000218898 0.00585885 0.000334261 4.96084e-05 0.00018208 0.00508142 0.00442581 -0.000471116 0.0030148 0.00113063 -0.00791009 -0.015504 0.000910665 0.000236752 0.0133082 -0.0101728 0.0136162 0.002104 0.00260936 -0.00562661 -0.00141366 0.000895539 0.000325767 -0.000530287 0.00841535 0.000512106 0.00342024 
-8.13237e-05 -0.0681001 0.0128349 2.16293e-05 0.0261599 -0.000582751 0.00675764 -1.43153e-05 -0.000596092 0.00388307 0.00529254 0.0871541 -1.53931e-05 0.0376815 0.0376072 -0.000277278 -0.0704148 0.0204902 -0.000292179 -0.0466065 0.0603407 0.0313767 -0.0738608 0.00203826 -0.0759327 -0.00103787 -0.00540669 0.0745748 -0.00132962 -0.0201203 3.97112e-05 -0.0743685 -3.3211e-05 -7.59419e-05 -0.000580732 0.0137584 -0.000330066 -0.00028156 0.0431222 0.000188902 0.00276574 9.02472e-05 0.0213849 -0.0483378 0.0484319 0.000211362 0.0260505 -0.00498494 0.000551597 -4.23627e-05 -0.0679988 -0.0568312 9.54217e-05 0.00108627 0.034315 -0.029858 -0.000772633 -0.0143222 -3.26516e-05 0.00257717 0.000498741 0.00188046 -0.0782288 0.0784672 -0.0015972 3.19772e-06 0.0034097 0.00182866 0.000201129 -0.0765689 -0.00149751 7.28839e-06 -0.00413438 -0.000874467 0.0695584 -0.000787049 0.000320366 -0.000258332 0.0245622 0.00749924 0.0170302 0.0124441 0.00156492 -0.0171367 -0.0562025 0.00240944 -0.000124936 0.00695538 -0.0401795 0.0685394 0.0205171 0.000563645 -0.0232797 -0.0227175 -0.00091663 0.00185294 -0.00205613 0.0180803 -0.000123151 0.0511263 
7.72073e-05 -0.000128305 -4.11018e-06 1.66201e-06 1.1442e-06 1.73259e-05 2.7217e-05 4.8539e-06 6.99468e-06 -4.64285e-05 7.20478e-05 -1.53931e-05 0.000348938 -2.74074e-05 -1.74198e-05 7.02491e-05 -9.21544e-05 -4.24025e-05 1.17965e-05 -5.0869e-05 -3.75596e-05 -2.57992e-07 -2.22562e-05 -3.01522e-06 2.28006e-05 9.79606e-07 1.18194e-05 -3.76561e-05 3.5764e-05 -0.000113672 5.50921e-06 -5.39162e-05 8.06633e-06 -2.65846e-07 -4.3616e-07 3.54421e-05 9.39266e-06 8.46712e-07 -1.44903e-05 1.11179e-05 3.57734e-05 -1.00942e-07 9.16226e-06 -0.000102112 -3.47775e-07 6.74219e-07 -5.04985e-06 4.31639e-05 6.15852e-05 -7.40715e-07 -7.51983e-05 -6.64762e-05 3.22156e-07 2.60759e-06 -1.23708e-05 -7.37845e-05 5.92232e-05 3.1361e-05 5.85235e-08 -1.70165e-07 7.0378e-06 -4.01632e-06 -5.61455e-05 -3.42203e-05 4.03878e-06 6.65968e-07 -8.41622e-06 -6.78093e-07 8.16575e-06 -5.24133e-05 7.9976e-05 -1.27197e-08 -2.8757e-06 1.6643e-07 -5.17678e-05 3.85294e-05 3.21666e-06 1.49233e-06 4.85411e-05 -9.93863e-06 -9.44164e-06 -1.1965e-05 2.80862e-05 -7.11157e-05 -8.94509e-05 5.21843e-05 -1.35577e-06 5.00855e-05 5.72144e-05 -6.2627e-05 -3.38623e-05 4.87071e-07 3.12263e-05 -3.49529e-05 5.05211e-05 9.99041e-07 3.88437e-05 1.36939e-05 8.68303e-06 3.06611e-05 
0.00336211 -0.0843683 -0.00232715 -5.64889e-06 0.00788713 0.00880661 0.0198378 2.99359e-05 -0.000337114 -0.0107213 0.0101512 0.0376815 -2.74074e-05 0.119613 0.049269 -0.000449708 -0.0653068 0.00920934 -0.000522057 -0.0318458 0.054336 0.0208744 -0.0622896 0.00127339 -0.0798429 0.0165109 -0.0032457 0.0627361 0.0188273 -0.0362607 4.38812e-06 -0.0565625 1.37959e-05 0.000575876 0.00302796 0.00675456 0.000981481 -5.17108e-05 0.0275751 -0.00054894 0.000422633 9.14978e-05 0.00784086 -0.0645937 0.0267144 0.000194936 0.0119656 -0.00854245 0.00492209 0.00295485 -0.0300959 -0.0242793 0.00012873 5.87246e-05 0.0159158 -0.0374962 0.00313498 -0.0152393 0.000190016 0.00320009 6.79483e-05 0.00410919 -0.0649112 0.0620948 -0.00205939 4.54147e-05 0.00865667 0.00159227 0.000330842 -0.0646071 -0.00246318 2.24248e-05 0.010694 -0.000988503 0.0501592 -0.0012458 0.000490778 -9.46249e-05 0.0226292 0.0171267 -0.00387732 0.0295335 0.00239507 -0.0237515 -0.0676891 0.000820655 0.000471113 0.0133087 -0.0267437 0.070817 0.00974473 0.0036289 -0.0256871 -0.0241243 -0.000412856 -2.46785e-05 -0.00103784 0.0343408 0.00170096 0.0228236 
0.00500254 -0.0812068 0.000464192 8.20092e-07 0.0229336 -0.00234257 0.0256217 0.000102421 -0.000455244 -0.0365788 0.00534075 0.0376072 -1.74198e-05 0.049269 0.14355 0.000664556 -0.0830776 0.0191308 0.000138665 -0.0421669 0.0745152 0.0333038 -0.0733478 -0.00167999 -0.0927961 0.0360778 -0.00707999 0.0833941 0.0299114 -0.046237 0.000209217 -0.0761935 7.76364e-05 0.000480449 0.00455663 0.0155293 0.000245335 -5.55726e-05 0.0317498 -0.00104705 0.0197364 0.000449409 0.0109171 -0.0670455 0.0287933 -5.70143e-05 0.00147394 -0.00114368 0.00120253 0.000567929 -0.0311011 -0.0347066 -1.83821e-05 0.00124845 0.00436461 -0.038703 0.00140325 -0.0146445 -0.0001484 0.00284565 -0.00194929 -0.000870157 -0.0801361 0.0681383 -0.00238307 -1.84918e-05 0.0202685 0.000439042 7.5834e-05 -0.0870968 -6.51243e-05 5.75585e-06 0.000383923 -0.00144312 0.0791138 -0.00140126 0.000296888 -0.000101973 0.00659957 0.0101325 0.00557463 0.0214406 4.79449e-05 -0.00839939 -0.0714125 0.0016243 0.00145526 0.0324017 -0.0433261 0.0843196 0.00892097 0.00221449 -0.0211181 -0.0249511 -0.00039312 0.000277289 -0.00128472 0.0137207 0.00974545 0.018125 
0.000371293 -0.00276173 -0.000125491 3.16127e-07 0.00102757 0.00102339 0.000847309 3.6943e-05 -3.96852e-05 -0.00119167 0.000718839 -0.000277278 7.02491e-05 -0.000449708 0.000664556 0.00793157 -0.00174171 0.000295683 0.00124998 -0.000340133 0.000269741 0.000781974 -0.000680108 -0.000138236 0.000116736 0.000598633 0.0013296 -0.000446261 0.000749869 -0.00248184 0.000108906 -0.00225067 7.88567e-05 0.000117046 0.000324226 -7.52998e-05 -1.89358e-05 -2.46204e-05 0.000160799 2.88173e-05 0.00113752 -6.02933e-06 0.000285173 -0.00238842 9.63122e-05 1.85308e-05 -0.000210191 0.000118053 5.65498e-05 2.52723e-05 0.000206845 -0.00184781 1.81321e-05 5.25808e-06 -0.000334974 -0.00147435 -4.52293e-05 0.00255955 3.03522e-05 8.61418e-05 9.38776e-06 5.82912e-05 -0.00217182 -0.000653649 0.000288775 4.82266e-06 0.000364042 -1.08536e-05 -4.68405e-06 -0.00189365 1.38262e-05 -2.51356e-07 0.000987349 -4.40915e-05 -0.000558931 4.06352e-05 0.000116891 1.71782e-05 -0.000251051 -0.000192566 -0.000310373 -0.000229128 7.80027e-06 -0.0022428 -0.000960915 1.03533e-05 8.99139e-07 0.00300073 -0.00035134 -0.000363492 -0.00069759 -1.24058e-05 0.00140112 0.00106412 9.30692e-05 7.19155e-06 -0.00012996 -0.000246148 -9.05051e-05 -0.000266499 
-0.00728659 0.138386 -0.0150827 -5.8779e-05 -0.0235468 -0.00117775 -0.0684112 -0.000281361 0.000984046 0.0100153 -0.0171972 -0.0704148 -9.21544e-05 -0.0653068 -0.0830776 -0.00174171 0.196602 -0.0184807 -0.00194353 0.0392733 -0.115571 -0.0369424 0.124094 0.000887461 0.132654 -0.0555435 0.0104089 -0.117495 -0.0532654 0.0651051 -0.000220902 0.135541 -8.7189e-05 -0.000857744 -0.00823717 -0.0146457 -0.000611115 -0.000632031 -0.0424478 -0.0013986 -0.0254437 -0.00103297 -0.0195213 0.0934 -0.0412777 -0.000246382 -0.0269421 0.0145575 -0.0048038 -0.00253986 0.0576619 0.079017 -0.000227301 -0.00168877 -0.0313914 0.0687335 -0.00287101 0.0283645 6.16561e-05 -0.00444149 -0.00863966 -0.00411894 0.131864 -0.111659 0.00268311 -4.23283e-05 -0.0220685 -0.00150475 -0.000597971 0.141812 -0.00040051 -2.55506e-05 -0.00218621 0.00191137 -0.113563 -0.00107921 -0.00067265 -0.00208314 -0.02471 -0.0194476 -0.0367753 -0.0243747 -0.0023754 0.0153234 0.11173 -0.00299429 -0.00386909 -0.038457 0.0482109 -0.134133 -0.0507051 -0.00386608 -0.00214561 0.0337844 -0.0017265 -0.0022227 0.00128297 -0.025961 -0.0131403 -0.0443208 
-0.00147799 -0.0225091 -0.00411989 -1.777e-05 0.0231571 -0.00145012 -0.0094076 -9.12432e-05 -0.00111784 -0.0431364 0.00392224 0.0204902 -4.24025e-05 0.00920934 0.0191308 0.000295683 -0.0184807 0.160676 -0.000355733 -0.0389206 0.0205193 0.0167439 -0.00908306 0.00120904 -0.015967 0.000677562 -0.00975648 0.0194303 -0.0031035 -0.0620252 9.53967e-05 -0.017448 -4.51732e-05 -0.000413158 0.000299987 0.0109643 0.000820626 -0.000655662 0.0245276 -0.000995187 0.00161787 -0.000142021 0.023061 -0.0265277 0.0223252 -6.85826e-05 -0.00481061 -0.00103277 -0.00106425 -0.000442634 -0.0202575 0.00437629 8.26948e-05 0.000385418 -0.00569048 0.0323849 -0.00232549 -0.0198096 -4.75701e-05 0.000504112 -0.00207988 0.000833037 -0.0173705 0.0151438 0.000303967 -2.29741e-05 0.00287616 5.01682e-05 -2.2107e-05 -0.0135393 -0.00154735 -2.22451e-07 0.0118038 -0.000509125 0.0187174 -0.00172113 0.000122663 -0.000427168 -0.00694003 -0.00148814 -0.00948109 -0.00277772 -0.00037401 0.0461376 -0.0316127 0.00160887 -0.00164596 0.00507767 -0.0139752 0.0125733 -0.015713 -0.000430728 -0.0378703 -0.033862 -0.000781883 0.00148516 0.00269574 -0.00700899 -0.00100017 0.00870435 
0.000257206 -2.07849e-05 4.00013e-05 6.83257e-06 0.00023006 0.000957927 0.000379078 9.47139e-05 -2.65475e-06 -0.000260188 0.000625307 -0.000292179 1.17965e-05 -0.000522057 0.000138665 0.00124998 -0.00194353 -0.000355733 0.00481857 -0.000661792 -0.00103312 0.000377121 -0.000899342 -0.000163801 0.000189902 0.00124089 0.00222992 -0.000161065 0.000748283 -0.000469749 9.96645e-05 -0.00238379 2.99377e-05 0.000275749 0.000656719 -0.000120957 4.4025e-06 7.25773e-06 -0.000186479 -2.52603e-05 9.55105e-05 -3.7373e-06 9.65344e-05 -0.00216344 -0.00013053 2.90778e-05 0.000280367 -0.000267332 8.89806e-05 -1.09914e-05 9.08247e-05 -0.00344504 1.37184e-05 1.67577e-05 -9.4946e-05 -0.000959793 -1.06947e-05 0.00292798 2.3174e-05 0.00019789 4.2352e-05 -8.53961e-05 -0.00229597 -0.000247868 0.000144362 9.50425e-06 0.00103423 -5.76228e-06 7.59541e-05 -0.00182497 0.000236962 -1.39776e-07 -0.000249395 0.000109363 -5.6933e-06 0.000123239 3.31419e-05 1.14606e-05 -9.32872e-05 -2.47765e-05 0.000222513 -0.000173368 -6.10908e-07 -0.00250276 1.92416e-05 3.47741e-05 1.45492e-05 0.001971 -0.00176238 -0.000276638 -0.000266791 -2.07929e-06 0.000858636 0.00275078 0.000527566 4.69333e-05 -9.9711e-05 -0.000122976 -1.85593e-05 -0.000149232 
-0.00387536 0.0348271 0.00264414 -1.93059e-05 -0.0257438 -0.00234262 0.0109535 -8.7909e-05 0.000264805 0.00556363 -0.01011 -0.0466065 -5.0869e-05 -0.0318458 -0.0421669 -0.000340133 0.0392733 -0.0389206 -0.000661792 0.137018 -0.0143782 -0.0303754 0.0464967 -0.000586766 0.0454855 0.000298461 0.00488135 -0.0521871 -0.000576095 0.00486349 -0.000267589 0.0468619 -3.26685e-05 -0.000380099 -0.00408169 -0.0114123 -0.00174753 -0.00101206 -0.0324037 -4.0451e-05 -0.00294968 -5.53965e-05 -0.0204774 0.0180772 -0.043211 -0.000186164 -0.0096583 -0.00810002 -0.00473878 -0.00214243 0.0428091 0.0365958 -0.00011267 -0.000619077 -0.0117275 -0.0175941 0.000317902 0.0123846 2.77911e-05 -0.00519243 0.00195657 -0.000576963 0.0515774 -0.0453912 0.000468728 -6.16455e-05 -0.000326423 -0.00157937 -0.000402302 0.0504492 0.00184168 -2.36152e-05 0.00755045 0.000795908 -0.0387894 0.00121373 -0.000372913 2.32327e-05 -0.0157751 -0.0122142 0.00661921 -0.020068 -0.00239969 -0.000541065 0.037661 -0.0024902 0.00121259 -0.0147867 0.0496273 -0.0424554 0.00240883 -0.00303867 0.0333648 -0.00565321 -0.00145332 -0.00146586 0.00345023 -0.0219888 0.00100055 -0.0299934 
-0.00167881 -0.138579 0.0139254 8.22561e-06 0.0206767 -0.00241428 0.0446455 -4.15937e-05 -0.000693348 -0.0320886 -0.000352485 0.0603407 -3.75596e-05 0.054336 0.0745152 0.000269741 -0.115571 0.0205193 -0.00103312 -0.0143782 0.220233 0.0273686 -0.0781699 -0.00367685 -0.107653 0.0182327 -0.0142518 0.088497 0.02216 -0.091571 2.53207e-05 -0.0856889 -1.36968e-05 -0.000105821 -0.000594322 0.0175925 -0.00110392 -0.000929491 0.0381036 -0.00131131 0.014819 0.000921977 0.0192019 -0.103957 0.0338828 9.22539e-07 0.0216355 -0.0156846 -0.00186031 -0.000877407 -0.049972 -0.0370709 7.94243e-05 0.00114242 0.0255163 -0.0923436 0.000671755 -0.0206254 -0.000178575 0.00184833 0.00412582 0.00408124 -0.0902016 0.0843441 -0.00532805 -3.7564e-05 0.0119827 0.00127265 -8.75473e-05 -0.0982747 -0.000658191 7.95037e-06 0.0225615 -0.00286037 0.0919924 -0.00100255 0.000467659 -0.000473632 0.0178682 0.00587874 0.0311173 0.0149829 0.000995162 0.0103375 -0.112673 0.00194923 0.0015486 0.0152585 0.0200312 0.101793 0.0236699 -0.000559664 0.0171961 -0.0725481 0.00051325 0.00173729 0.0137351 0.0128738 0.008877 0.0368454 
-0.000172777 -0.0349142 -0.000671376 -1.57453e-06 0.0203806 -0.000533423 0.00406557 -7.56258e-06 -0.000295966 -0.0114132 0.00391965 0.0313767 -2.57992e-07 0.0208744 0.0333038 0.000781974 -0.0369424 0.0167439 0.000377121 -0.0303754 0.0273686 0.0484057 -0.0363909 -0.00150318 -0.0385824 0.00617477 -0.00193987 0.0364084 0.00820929 -0.0179285 3.71719e-05 -0.0382061 0.000112982 -2.58674e-05 -0.000263346 0.00998925 -5.93391e-05 -0.000152523 0.0223765 4.17321e-06 0.00834157 4.27934e-05 0.0134814 -0.0256146 0.0269344 7.59058e-06 0.00169929 -0.00276445 0.000382251 0.00137282 -0.0265472 -0.0292399 8.35599e-05 0.00060127 0.00272738 -0.0154184 8.95302e-05 -0.00596857 3.97865e-05 0.00291753 -0.000442334 0.00201823 -0.0403993 0.0369604 -0.000726805 3.33539e-05 0.00273351 0.00109355 0.000311126 -0.0398362 -0.000585337 8.85796e-06 -0.00097427 -0.000476203 0.0364397 -0.000490415 0.000399211 4.0803e-05 0.00267602 0.00839135 0.000782226 0.00731754 0.000428492 -0.00630131 -0.028758 0.000381882 0.000105262 0.0148825 -0.0208093 0.0356872 -0.000424212 0.00221229 -0.0112646 -0.0101567 -0.0003896 0.000769784 -0.000866052 0.00359288 0.00206199 0.00987427 
-0.00755125 0.117145 -0.0154319 -4.92296e-05 -0.0229771 0.00202005 -0.0529015 -0.000211165 -0.000752272 -0.0192816 -0.0186836 -0.0738608 -2.22562e-05 -0.0622896 -0.0733478 -0.000680108 0.124094 -0.00908306 -0.000899342 0.0464967 -0.0781699 -0.0363909 0.176065 -0.0045298 0.126384 -0.047117 0.00431164 -0.12184 -0.0490433 0.0261685 -0.000138547 0.123196 -0.000318305 -0.000635876 -0.00633924 -0.0125271 -0.000585573 -0.00190277 -0.042984 -0.00404751 -0.0209715 -0.000779011 -0.0163335 0.0859857 -0.0429596 -0.00022653 -0.0279835 0.0125928 -0.00526165 -0.00269329 0.0614946 0.0924597 -0.000232017 -0.00163709 -0.0330968 0.0442309 -0.00191763 0.0246064 1.32409e-05 -0.0041991 -0.00427583 -2.07894e-05 0.133166 -0.117152 -0.00361614 -8.52883e-05 -0.0223073 -0.00158861 -0.00062466 0.136232 -0.00342578 -2.66117e-05 0.00661353 0.00131968 -0.115593 -0.000264162 -0.00064141 -0.0020954 -0.0261912 -0.019336 -0.0335041 -0.0254683 -0.00247686 0.0531972 0.106383 -0.00300424 -0.00293136 -0.0348834 0.0869444 -0.124075 -0.0666169 -0.00407682 0.0224907 0.00788225 0.000232899 -0.00233902 0.00487872 -0.0281706 -0.0125084 -0.046422 
-8.73399e-05 0.00205416 -0.000611851 -2.97248e-06 0.000511951 -0.000810804 -0.00338307 -1.72711e-05 0.000492472 0.00590997 -0.000468849 0.00203826 -3.01522e-06 0.00127339 -0.00167999 -0.000138236 0.000887461 0.00120904 -0.000163801 -0.000586766 -0.00367685 -0.00150318 -0.0045298 0.0342493 9.3733e-05 -0.00256923 -0.00180938 0.0010595 -0.00188183 -0.00235199 -6.33465e-06 -0.00130236 0.000399688 7.70834e-06 0.000144121 -0.000745453 -0.000101182 -9.66431e-05 0.00371996 -8.08156e-05 -0.00111292 -3.92106e-05 -0.000915591 -0.000454909 0.00178381 3.46795e-05 -0.000580975 -0.00229407 -0.000167202 -0.000119401 -0.00384979 0.00221681 -9.38166e-06 -6.85132e-05 0.00204279 0.0158157 -0.000281483 -0.00363041 -2.85737e-05 -0.00011419 -0.000469379 -0.000641166 -0.000721078 0.000950958 0.00286104 -4.63588e-06 0.000319002 0.000111142 -2.89098e-05 0.000122233 0.00102889 -2.27328e-07 -0.00172297 3.51689e-05 -0.00108336 -0.000223936 8.07747e-06 -9.568e-05 0.00163235 -0.000955756 -0.00143585 -0.000355577 -4.36975e-05 -0.00654311 -0.00294936 -8.79858e-05 -0.000138405 -0.00170421 -0.0125855 5.80878e-05 0.00445778 -0.000165443 -0.0100067 -0.00577472 -8.17849e-05 -9.47517e-05 -0.000754607 0.00118991 -0.000585057 0.00281028 
-0.00554057 0.142302 -0.0162263 -5.30572e-05 -0.0246429 -0.000954689 -0.0556842 -5.47308e-05 0.000218202 0.014848 -0.0159377 -0.0759327 2.28006e-05 -0.0798429 -0.0927961 0.000116736 0.132654 -0.015967 0.000189902 0.0454855 -0.107653 -0.0385824 0.126384 9.3733e-05 0.166455 -0.0451207 0.0105313 -0.124107 -0.0441068 0.0508285 -0.000133537 0.125232 -0.000119934 -0.000668234 -0.00606394 -0.0177169 -0.00063554 0.000120189 -0.0454644 -0.000436047 -0.0190342 -0.000818847 -0.0195455 0.101344 -0.044501 -0.000218479 -0.0289993 0.00981524 -0.00495938 -0.00278875 0.062716 0.0761219 -0.000236291 -0.00173796 -0.0338882 0.0645685 -0.00251951 0.0296708 -7.94387e-05 -0.00409532 -0.00453395 -0.0021275 0.131722 -0.119414 0.00324898 -4.37903e-05 -0.021842 -0.0016346 -0.000613157 0.139719 0.000460314 -2.63493e-05 -0.00822429 0.00172742 -0.11911 0.00109988 -0.000627486 -0.000559953 -0.0265541 -0.0203443 -0.0355532 -0.0274078 -0.00247809 0.0229813 0.115614 -0.00307445 -0.00215965 -0.0335686 0.0563645 -0.139288 -0.0453635 -0.00373846 0.0114212 0.0418905 0.000323031 -0.00238404 0.00147768 -0.0299483 -0.0115168 -0.0477676 
0.0065191 -0.0462013 0.00138083 3.28975e-05 -0.00204758 -0.00145852 0.0415617 0.000276346 -0.000172083 -0.0132785 0.0104183 -0.00103787 9.79606e-07 0.0165109 0.0360778 0.000598633 -0.0555435 0.000677562 0.00124089 0.000298461 0.0182327 0.00617477 -0.047117 -0.00256923 -0.0451207 0.0894366 -0.00373631 0.0360857 0.0413653 -0.0264478 3.53356e-05 -0.043847 4.66932e-05 0.000673032 0.00688503 0.000201894 6.50796e-05 0.00101122 -0.00204711 0.002684 0.0131338 0.000385926 -0.00407701 -0.0451408 -0.00283522 -2.91501e-05 -0.00161818 -0.00627547 0.00270627 0.00161832 0.00301617 -0.0218978 -1.93497e-05 0.000166994 -0.00138749 -0.02012 0.0021842 -0.0085301 5.37111e-06 0.00130346 0.00198534 -0.000751511 -0.0418083 0.0280134 -0.000566734 -6.7987e-06 0.0109381 -0.000145172 0.000362681 -0.0520987 0.00123857 1.18816e-05 0.00112249 -0.00079928 0.0346985 0.00189446 0.000174396 0.00256773 -0.00157743 0.00985719 0.0100789 0.0101694 8.5268e-05 -0.0134075 -0.0321637 0.000421836 0.00218676 0.0213943 -0.0250078 0.0471515 0.0225893 0.000770953 0.00472611 -0.00376814 0.00210079 0.000333446 -0.00195031 0.00850098 0.014478 -0.00425816 
-0.000540812 0.0106019 -0.00115694 -9.34545e-08 -0.00135467 0.00595234 -0.00518354 5.0344e-06 0.00183433 0.00924582 -0.00148267 -0.00540669 1.18194e-05 -0.0032457 -0.00707999 0.0013296 0.0104089 -0.00975648 0.00222992 0.00488135 -0.0142518 -0.00193987 0.00431164 -0.00180938 0.0105313 -0.00373631 0.0530418 -0.00897629 -0.00330544 0.0232906 0.000108235 0.00668078 -3.64557e-05 0.000250009 -0.000655357 -0.00110468 -3.95294e-07 3.73885e-05 -0.00327797 -0.000280791 -0.000892146 7.67156e-05 -0.00213951 -0.0248222 -0.00316092 1.32019e-05 -0.0021114 -0.000815928 -0.000320402 -0.000196744 0.00432651 -0.0362282 -1.5937e-05 -9.77384e-05 -0.00237907 -0.00745053 -0.000199063 0.0403899 0.000123774 -0.000346498 -0.000402962 -0.00097032 0.00682585 -0.00847683 0.000362467 2.13639e-05 -0.00101432 -0.000116306 -4.13793e-05 0.0075615 -0.000157001 -1.69794e-06 -0.00240115 0.000244147 -0.00872602 -0.000275929 -2.24254e-05 -8.78227e-05 -0.00166469 -0.00149376 -0.00279409 -0.00190949 -0.000193749 -0.0324511 0.0203333 -0.000226507 -0.000484713 -8.3624e-05 -0.0137316 -0.0107505 -0.00718327 -0.000273763 0.00556608 0.0285909 -0.000534311 -0.000169972 -0.000949515 -0.00151874 -0.000914851 -0.00340745 
0.00692597 -0.1127 0.0141917 1.27381e-05 0.0258673 -0.00274685 0.0393048 0.000168396 -0.000649043 -0.0123002 0.0124993 0.0745748 -3.76561e-05 0.0627361 0.0833941 -0.000446261 -0.117495 0.0194303 -0.000161065 -0.0521871 0.088497 0.0364084 -0.12184 0.0010595 -0.124107 0.0360857 -0.00897629 0.135372 0.0401058 -0.0429416 6.75398e-05 -0.117678 0.000111107 0.000338889 0.00557564 0.0140753 0.000705191 0.000285425 0.046872 -0.00099852 0.0183375 0.000263973 0.0202475 -0.0812201 0.0459208 1.33129e-05 0.0258624 -0.00877765 0.00390435 0.000827246 -0.0626988 -0.0778145 0.000116906 0.00145323 0.0328515 -0.050098 -0.000291845 -0.0231074 -5.67212e-05 0.0049057 -0.00110015 0.00085215 -0.127393 0.114236 -0.00225443 -1.08102e-05 0.0241835 0.00169865 0.000244912 -0.128095 -6.99604e-05 2.47608e-05 -0.00663692 -0.00145077 0.116957 -0.00133675 0.000431676 0.000108689 0.0244016 0.0135434 0.0236453 0.0267209 0.00184833 -0.0270462 -0.0941171 0.00286069 0.0008991 0.0329319 -0.0666872 0.120948 0.0341853 0.00332346 -0.0200794 -0.0314554 -0.000677482 0.00232324 -0.00344883 0.0275237 0.0111056 0.0468222 
0.00570771 -0.047533 0.00167137 -4.11173e-06 -0.00151473 -0.000667209 0.0496134 0.000156482 -0.000351566 -0.0126083 0.0131406 -0.00132962 3.5764e-05 0.0188273 0.0299114 0.000749869 -0.0532654 -0.0031035 0.000748283 -0.000576095 0.02216 0.00820929 -0.0490433 -0.00188183 -0.0441068 0.0413653 -0.00330544 0.0401058 0.0679596 -0.0227103 -2.16317e-05 -0.0520338 6.20058e-05 -5.16274e-05 0.00448913 -0.000215238 0.000251388 0.000774415 -0.000901879 0.00151463 0.0190017 0.000274512 -0.00324959 -0.0359433 -0.00245097 -6.15557e-06 0.00189318 -0.00473215 0.00319957 0.00288136 0.00436645 -0.0334608 0.000127602 0.000503504 -0.000213314 -0.022248 0.00234919 -0.00906827 8.70126e-06 0.000524112 0.00387697 -0.00096046 -0.0518471 0.037382 -0.00012294 3.09407e-05 0.0184419 -0.000128827 0.000318441 -0.0526851 0.000647266 5.59756e-06 0.00202822 -0.000576871 0.0401565 0.000114987 0.000116199 0.0018666 -5.32875e-06 0.0110882 0.0128246 0.00696383 0.000440812 -0.0194479 -0.0384074 0.000461536 0.00171078 0.0324619 -0.0257232 0.0496908 0.0174666 0.0037098 0.00264617 -0.00523101 0.00185855 0.000150227 -0.00150042 0.00525358 0.0129199 -0.00398211 
-0.00175951 0.0698041 0.00162868 9.60741e-06 -0.0112789 0.000488199 -0.0234704 -9.4827e-05 3.97731e-05 0.0794916 -0.0070139 -0.0201203 -0.000113672 -0.0362607 -0.046237 -0.00248184 0.0651051 -0.0620252 -0.000469749 0.00486349 -0.091571 -0.0179285 0.0261685 -0.00235199 0.0508285 -0.0264478 0.0232906 -0.0429416 -0.0227103 0.228891 -0.000126711 0.0454584 -0.000261731 -0.000240868 -0.0024915 -0.0092134 -0.00130648 0.00129977 -0.0197994 0.00060812 -0.0115121 -0.000545319 -0.0118812 0.0278899 -0.0178946 -1.65115e-05 -0.00154282 0.0143424 -0.00175997 -0.00128047 0.0136511 -0.0216945 -0.000104875 -0.000813934 -0.000271229 0.0172124 -0.00134991 0.0153205 -0.000205286 -0.00192477 -0.00666071 -0.00671928 0.047255 -0.0384008 0.0019284 2.88056e-05 -0.0127068 -0.000668742 -0.000256465 0.0525058 -0.000797922 -1.1199e-05 -0.0169405 0.00295232 -0.0417708 -0.00139325 -0.000320309 9.31993e-05 -0.00755857 -0.010045 -0.00560896 -0.0123882 -0.00103996 -0.060583 0.051027 -0.00143275 -0.00171301 -0.0187737 -0.0586074 -0.0562171 0.011199 -0.00185696 -0.0258007 0.09138 -0.00315239 -0.00104174 -0.0076244 -0.00849512 -0.005484 -0.00917675 
6.07604e-05 -0.000199079 -4.94501e-06 5.58055e-07 0.00018838 0.000132466 -3.63505e-05 5.86688e-06 2.91089e-06 -6.99827e-05 7.70042e-05 3.97112e-05 5.50921e-06 4.38812e-06 0.000209217 0.000108906 -0.000220902 9.53967e-05 9.96645e-05 -0.000267589 2.53207e-05 3.71719e-05 -0.000138547 -6.33465e-06 -0.000133537 3.53356e-05 0.000108235 6.75398e-05 -2.16317e-05 -0.000126711 0.000422272 -0.000273584 1.16535e-05 1.03589e-05 4.29571e-05 6.66535e-05 2.02455e-06 1.07162e-05 6.25295e-05 -1.62326e-06 7.27502e-05 2.38145e-07 3.0724e-06 -0.00019669 0.000113457 3.19023e-06 6.72667e-06 0.000133892 1.39423e-05 2.10886e-07 -8.7895e-05 -0.000266814 2.83687e-06 6.20275e-06 -2.49564e-06 -7.2913e-05 1.13412e-05 0.000141623 1.93199e-06 4.27856e-05 1.96661e-05 1.46117e-05 -0.000279579 3.28262e-05 2.29384e-05 1.49391e-06 2.02378e-05 -2.8591e-07 7.96195e-06 -0.000257907 4.87203e-05 7.12726e-08 -4.67043e-06 -2.57341e-06 1.26921e-05 1.24347e-05 9.00131e-06 1.49645e-06 4.14309e-05 1.05706e-05 -1.83315e-05 -4.66031e-06 2.3675e-05 -0.000130369 -0.000149173 1.38124e-05 -2.29649e-07 0.000295666 -0.00015594 -1.85938e-05 -3.63359e-05 2.67346e-06 -7.83082e-05 8.49332e-05 5.97007e-06 5.75273e-07 -7.45521e-06 4.2154e-05 -3.47754e-06 6.21942e-05 
-0.00730207 0.120243 -0.0156649 -6.23802e-05 -0.0259544 -0.000928914 -0.0583938 -0.000267939 0.00103665 0.00921899 -0.0182875 -0.0743685 -5.39162e-05 -0.0565625 -0.0761935 -0.00225067 0.135541 -0.017448 -0.00238379 0.0468619 -0.0856889 -0.0382061 0.123196 -0.00130236 0.125232 -0.043847 0.00668078 -0.117678 -0.0520338 0.0454584 -0.000273584 0.158859 -0.000148295 -0.000682156 -0.00586618 -0.012616 -0.000443532 -0.000412901 -0.0442435 -0.000797853 -0.0270067 -0.000958134 -0.0209984 0.0844355 -0.0431167 -0.00025654 -0.028345 0.0103873 -0.0051317 -0.00281645 0.0607394 0.0897897 -0.000222512 -0.0015513 -0.0335868 0.0518429 -0.00115097 0.0220625 -3.37488e-05 -0.00436157 -0.00731446 -0.000938022 0.135834 -0.115002 0.00113139 -4.95494e-05 -0.024608 -0.00158465 -0.000627601 0.137972 -0.00159745 -2.56444e-05 0.00379258 0.00126381 -0.111322 0.00117842 -0.000626559 -0.000980237 -0.0253261 -0.0188078 -0.0346358 -0.022897 -0.00215464 0.0383172 0.0919144 -0.00293785 -0.00198829 -0.0426383 0.0640688 -0.121979 -0.0500617 -0.00425818 0.00994689 0.0299799 -0.000522291 -0.00222051 0.00346343 -0.0252816 -0.0141322 -0.0460317 
-4.9652e-06 -0.000112447 6.70459e-06 -9.39641e-08 7.53654e-05 -1.74301e-05 6.20911e-05 9.92574e-07 1.9614e-05 -0.000123069 -5.69975e-06 -3.3211e-05 8.06633e-06 1.37959e-05 7.76364e-05 7.88567e-05 -8.7189e-05 -4.51732e-05 2.99377e-05 -3.26685e-05 -1.36968e-05 0.000112982 -0.000318305 0.000399688 -0.000119934 4.66932e-05 -3.64557e-05 0.000111107 6.20058e-05 -0.000261731 1.16535e-05 -0.000148295 0.000945464 8.39441e-07 1.92743e-05 -8.0624e-06 1.91039e-06 -2.7932e-06 4.14287e-05 2.88231e-05 -9.93935e-06 -6.62143e-07 -1.21951e-05 -0.000406356 -2.19748e-05 3.04762e-07 -1.08426e-05 2.05239e-05 2.32858e-07 1.24866e-06 -3.17623e-05 3.02301e-06 -1.38387e-07 -9.61618e-07 -2.23873e-05 0.000200758 1.4623e-05 -3.0163e-05 2.60613e-06 3.12881e-05 1.19614e-05 -9.30776e-06 -0.000162578 3.14233e-05 0.000136666 -7.21946e-08 5.88544e-05 1.29461e-06 5.39031e-06 -0.00015285 0.000190117 -3.44854e-08 -2.84758e-05 -5.36512e-06 0.00015945 -8.35647e-06 5.28101e-06 1.3214e-05 -1.87684e-05 8.28834e-06 2.17181e-05 1.14488e-05 1.32492e-06 -0.000248511 -0.000278827 1.07415e-06 6.51606e-05 4.64033e-05 -0.000288985 0.000125132 0.00011104 -1.43931e-06 -0.000143791 -0.000118055 2.24611e-05 6.30453e-06 -1.77936e-05 -2.66234e-05 1.41944e-05 -4.93035e-05 
0.000287037 -0.000840541 3.95527e-05 7.56466e-07 -6.66796e-06 1.71911e-05 -0.000156299 5.66876e-05 6.25015e-06 -4.37498e-05 9.71713e-06 -7.59419e-05 -2.65846e-07 0.000575876 0.000480449 0.000117046 -0.000857744 -0.000413158 0.000275749 -0.000380099 -0.000105821 -2.58674e-05 -0.000635876 7.70834e-06 -0.000668234 0.000673032 0.000250009 0.000338889 -5.16274e-05 -0.000240868 1.03589e-05 -0.000682156 8.39441e-07 0.00224625 0.000858614 -4.5317e-05 5.22905e-06 6.09902e-05 -1.20382e-05 -6.97007e-06 6.86072e-05 3.94886e-05 2.2852e-05 -0.00104318 -2.3723e-05 4.33092e-07 9.52456e-05 3.06285e-05 6.00734e-05 -2.38452e-06 4.90249e-06 -0.000872035 -2.45873e-07 3.91539e-06 4.96073e-05 -0.000587988 -2.42292e-05 0.000556735 4.78126e-06 0.000249763 -3.4736e-05 5.1889e-05 -0.000359897 -0.000154937 1.67525e-05 -2.53323e-07 9.60659e-05 -2.82229e-06 1.88183e-06 -0.000938726 0.000126011 1.12796e-06 -6.78859e-05 -1.10306e-05 -0.000219121 2.54017e-05 8.33975e-06 8.87424e-06 0.000145218 0.000128346 -5.96144e-05 5.8632e-05 -3.76369e-06 -0.00058982 -0.000695711 -7.43002e-06 -1.02484e-05 0.000194505 7.8271e-05 0.000388285 0.000165 4.13977e-05 0.000652164 0.000699444 0.00029769 -3.46099e-06 2.08021e-05 0.000189196 1.0543e-05 5.13867e-05 
