0.00222256 4.28063e-06 -0.000136726 -0.000252331 -0.000149338 -4.961e-06 -2.25292e-06 -0.000276398 -0.000701452 -3.21924e-05 0.000924396 -0.000378892 -0.000246145 0.00112077 -0.0004759 -4.60803e-05 6.0401e-05 -0.000123979 0.000458399 0.000767993 -0.000186236 -0.000666861 0.000686859 -2.3495e-05 -0.000628469 -2.8161e-06 -0.000335499 -3.2085e-05 5.93967e-07 -0.000341579 7.82222e-07 0.000801918 -1.83767e-05 -9.95049e-07 -0.00041958 -4.46041e-05 -0.000307255 0.000368356 -4.45506e-05 -0.000209699 -0.000315382 -3.25825e-05 -0.000608742 -0.000616435 -6.15995e-05 -1.20336e-05 -9.18568e-05 -2.2485e-06 -6.68336e-07 1.51094e-06 0.000230312 -0.000192656 -3.19787e-05 -1.0051e-05 5.12359e-05 -0.000100176 -8.81282e-06 1.7787e-05 1.079e-05 -7.24921e-06 -8.72881e-05 -6.33533e-05 -0.000167539 1.52822e-06 -0.000439779 0.000607531 -0.000116812 -5.52855e-05 1.06236e-05 0.000636403 5.30186e-07 -4.54792e-05 -7.11952e-05 5.17317e-08 -0.000154981 0.000728182 -8.67486e-05 9.08979e-05 2.61092e-05 -0.000183969 -3.30544e-05 -1.50052e-05 -3.93496e-05 -4.70164e-05 -0.000163345 2.07507e-05 -0.000658345 -0.00054926 0.000584028 -4.80934e-06 7.53802e-05 -2.09597e-05 1.49662e-05 -3.82846e-05 0.000528484 -1.12044e-05 1.35571e-05 -0.000353221 0.000519725 -1.90089e-07 
4.28063e-06 0.000756337 0.00010307 -3.79537e-05 -5.56449e-05 7.38238e-06 0.00019328 -0.000368275 -0.000248336 -3.97207e-05 0.000197249 0.000106197 -1.58484e-05 -0.000167998 -0.000164954 8.11675e-05 -5.89762e-05 0.000290201 -4.91201e-05 4.777e-06 0.000253192 -0.000338495 -0.000172423 1.34774e-05 9.69219e-05 -3.32943e-07 -0.000111382 -1.36239e-05 1.91115e-05 -4.26795e-05 8.84904e-07 -9.54152e-05 5.98126e-06 -1.0863e-07 -2.03672e-06 0.00014717 -2.4355e-05 -7.41974e-05 -1.60062e-05 5.62595e-05 8.10267e-05 -4.31953e-05 -0.000255598 5.2803e-05 -1.91536e-06 8.28298e-06 -1.31565e-05 6.06835e-07 9.24583e-07 -5.25748e-07 -9.11433e-05 -6.55224e-05 -8.71097e-06 -3.43046e-06 2.17433e-05 0.000163888 -7.85136e-06 -5.04815e-06 7.25232e-06 2.74104e-06 -1.09867e-05 -0.000171436 0.000249027 -1.85006e-06 -4.34725e-05 -8.48257e-05 0.000238481 4.0731e-05 4.74317e-06 -0.000173942 6.75768e-06 0.000151853 1.42091e-06 2.53352e-06 0.000339935 -0.000113433 -2.54776e-05 -4.5659e-05 -5.15368e-06 0.000360342 -9.21877e-05 -5.21822e-06 1.97668e-05 6.80928e-05 0.000172475 -4.04679e-05 -0.00028683 -0.000158581 -0.000112178 -3.9829e-06 1.04927e-05 -3.67709e-06 -1.23228e-06 -1.33908e-05 -0.000367449 -6.18482e-06 2.55714e-07 0.000235404 -0.000167691 -4.92317e-05 
-0.000136726 0.00010307 0.121939 0.0204736 -0.0155879 0.000274092 -1.25724e-05 -0.0406544 -0.0494557 -0.0073524 0.0337561 -0.024236 0.0463852 0.028799 -0.0490235 0.0146709 -0.00785908 -0.00979905 0.055873 0.0509529 0.0140749 -0.0626909 0.0323454 -0.000436218 -0.0289829 0.000237535 -0.0217744 0.0121255 -0.000290699 -0.0153626 -1.52867e-05 0.00415824 0.000516514 5.78399e-05 0.043927 0.00342113 0.00132988 0.0470039 -0.00256872 0.0396472 0.0054278 -0.0074741 -0.0475119 -0.032827 -0.00110262 0.00291419 -0.00545836 0.00014175 3.70972e-05 -3.85101e-05 -0.0157021 -0.0120142 0.00710888 -0.000512331 0.000947931 0.00676347 0.00389022 -4.57738e-05 -0.000274695 0.00101021 0.0164333 -0.021588 -0.0102157 -0.000536848 -0.0279514 0.0453073 -0.010007 0.00308147 0.0033937 0.0311965 -4.12176e-05 0.0095064 0.000382115 0.00116274 0.00517675 -0.00676207 0.00390119 -0.0085866 -0.000680571 0.00296659 -0.0260005 -0.0010737 0.00159393 -0.00753699 0.00572551 -0.00722733 -0.054538 -0.0364949 0.0323999 0.00410928 -0.00112336 -0.00150373 -2.58543e-05 -0.00255684 0.0179396 -0.00082428 0.00129685 -0.0139112 -0.0758914 -0.0116088 
-0.000252331 -3.79537e-05 0.0204736 0.183353 0.0271452 -0.000348541 -0.0012583 -0.0644506 -0.0841509 -0.0131677 0.00730118 -0.0463611 0.0433167 0.0334364 -0.0840624 0.00882949 -0.0171627 -0.0361255 0.118438 0.101751 0.00344992 -0.105893 0.0817229 -0.00122304 -0.0729161 -0.000209713 -0.0378544 0.0110739 -0.000619054 -0.038817 -2.34711e-05 0.0518045 -0.00243215 -0.000174724 0.104756 -0.00625024 0.022166 0.119828 -0.00498816 0.0518368 0.0539431 -0.00184911 -0.0881337 -0.0738728 -0.00648983 -0.00120581 -0.0113017 -0.000217198 -2.88111e-05 -9.94931e-05 -0.0243383 -0.0204108 0.00542281 0.000736361 -0.00118612 -0.0105889 0.00492675 -0.000400836 -0.000625871 0.000513651 0.0133823 -0.0599541 -0.0318004 -0.000959179 -0.0485861 0.109315 -0.0120417 -0.0206508 0.0014165 0.0817041 -3.05866e-05 -0.00122163 -0.00578488 -0.00211982 -0.0179182 0.0626938 0.0148286 -0.0121349 -0.00158784 -0.0210297 0.00123516 -0.00123758 -0.00735215 -0.0126203 -0.0139417 -0.0131918 -0.0943046 -0.0622301 0.101606 0.00102129 0.00476824 0.00427842 -0.000431856 -0.00436199 0.051275 -0.00132137 -0.000491764 -0.0396186 -0.113301 -0.043995 
-0.000149338 -5.56449e-05 -0.0155879 0.0271452 0.105917 -4.24954e-06 -0.000739589 -0.00186751 -0.0395365 -0.00677163 -0.0112232 -0.0228304 0.00192192 -0.0277041 -0.0247782 -0.0118341 -0.00494865 -0.0180756 0.0326492 0.0476211 -0.0108018 -0.0332852 0.0403378 -0.00072026 -0.0351425 -0.000248328 -0.0187535 -0.00226236 -1.575e-05 -0.0185205 5.85014e-06 0.017276 -0.00172943 -3.56996e-05 0.037907 -0.00365442 0.00918334 0.0592421 -0.00239752 0.033442 0.0422487 0.0135366 -0.0398539 -0.0382464 -0.00317531 -0.000646015 -0.005282 -0.000118524 -3.83777e-05 -8.37617e-05 -0.0151401 -0.0104022 0.00122587 0.000545154 -0.000761551 -0.00530073 -0.00089092 -0.000667919 0.000403424 -0.000262519 0.000272535 -0.030326 -0.0141843 -0.000441334 -0.0238098 0.048226 -0.00502519 -0.0029483 -0.00078184 0.0395661 0.000249421 -0.00199557 -0.00415723 0.000450343 -0.00903262 0.0192829 0.0030457 -0.00276346 -0.000647742 -0.0106763 0.0354327 4.88801e-05 -0.00430822 -0.00451588 -0.008572 -0.00637164 -0.0437627 -0.0289162 0.0565583 -0.000699181 -0.000709432 -0.000288516 -0.000177213 -0.00211414 0.034239 -0.000367287 0.000496828 -0.0198568 -0.0248599 -0.021624 
-4.961e-06 7.38238e-06 0.000274092 -0.000348541 -4.24954e-06 0.00235177 -7.90948e-06 -0.00100927 -0.000798747 -0.000133062 -0.000306639 -8.78589e-05 -2.04798e-05 -0.000626773 -0.00063463 0.000528214 -0.00016937 0.000133317 -0.000105195 0.000487782 0.000261099 -0.000956096 -0.000560381 2.75576e-05 0.000481786 -4.41474e-06 -0.000285636 -3.13823e-05 1.40749e-05 9.10546e-06 4.04961e-06 -0.000471973 0.000445172 4.32229e-06 7.17399e-05 5.02186e-05 0.000463115 -0.000164296 -6.47504e-05 0.000556816 0.000210507 -6.90358e-05 -0.000819315 0.000494022 -2.25382e-05 9.22396e-05 -4.41434e-05 0.000181118 -5.35473e-07 4.41619e-06 -0.000343176 -0.000203653 -3.57702e-07 0.000318987 -6.37009e-06 0.000296852 0.000107068 -1.55319e-05 7.83242e-06 3.07038e-07 -1.57202e-05 -0.000605656 0.000944715 -5.83106e-06 -0.00044079 -0.00029556 0.000389041 -0.000188786 -2.31993e-06 -0.000316506 6.55262e-07 0.000110661 0.000418015 0.000586524 0.00130111 -0.000508998 -0.000113924 -0.000146158 -2.40717e-06 0.00113825 -0.000513981 -1.7645e-05 0.000141123 0.000715284 0.00125791 -0.000126099 -0.000904958 -0.000486097 -0.000238363 3.79715e-05 0.000198785 -1.59871e-05 -4.61988e-06 -3.6965e-05 -0.00109784 -3.96297e-06 1.96063e-05 0.000769949 -0.00103188 -0.000472232 
-2.25292e-06 0.00019328 -1.25724e-05 -0.0012583 -0.000739589 -7.90948e-06 0.00645363 -0.00198717 -0.000572507 0.000270054 0.000690157 0.00109266 -0.000385737 9.74104e-05 -0.000360323 0.000217574 -0.000241774 0.00209519 -0.000818685 -0.000714965 0.000668296 -0.00131222 -0.00169997 -4.81258e-06 0.0015381 0.000193071 -0.000304983 -7.95254e-05 7.96513e-06 0.000472127 3.87007e-06 -0.000488135 -4.9796e-05 5.46253e-06 -0.00182544 0.000505872 -0.000620445 -0.00187286 0.000610523 -0.000478909 -0.00101666 0.000236755 -0.00020007 0.000798762 9.28913e-05 7.15412e-05 0.000222205 -4.99728e-06 8.66467e-06 1.12733e-05 9.00803e-05 -0.000129905 -3.66267e-05 3.08659e-05 1.79033e-05 0.000409138 -7.17306e-05 -5.25677e-06 9.06633e-05 -8.05528e-06 -0.000106409 0.000517304 0.00182901 2.01445e-05 0.000594475 -0.00142773 0.00117704 0.00152377 0.000193073 -0.00245081 -1.28787e-06 0.000107081 -0.000168458 -7.58555e-05 0.00146193 -0.00144319 -0.000100614 -0.000253817 -5.40289e-05 0.00189058 -0.000837899 2.92758e-05 0.000375535 0.000647048 0.000928704 -9.87223e-05 -0.000945642 -0.000883074 -0.00254119 2.61827e-05 -7.31014e-05 -9.025e-05 3.83625e-05 -0.000116092 -0.00137499 -4.33722e-05 0.000201721 0.000595627 0.000882022 0.000163853 
-0.000276398 -0.000368275 -0.0406544 -0.0644506 -0.00186751 -0.00100927 -0.00198717 0.226057 0.0639688 -0.00542721 -0.0380996 0.0103824 -0.0241142 -0.0499041 0.0690162 -0.0365059 -0.00760519 -0.024492 -0.0410832 -0.0424971 -0.0369898 0.0739444 -0.0103064 -0.00583826 0.0242914 -0.00136164 0.0409425 -0.0047521 -0.000198215 0.0285023 -0.000212815 -0.0452051 -0.0032798 -0.000473671 -0.0241912 -0.0135656 -0.0208515 -0.0294058 -0.00440951 -0.0117011 0.0101494 -0.00949481 0.0428791 0.0294411 -0.0165261 -0.00331481 -0.0141688 -0.000595436 -1.13946e-05 -0.00046999 -0.00479547 0.0256506 -0.00474521 -0.00321974 -0.00024363 -0.0198512 -0.00543349 0.00120617 -0.00449235 -0.000564589 0.00222343 -0.0064365 -0.00691548 0.000314693 0.0384588 -0.0334873 0.0110986 0.00269921 -0.0034785 0.000647878 -0.000453306 -0.00679473 -0.0036252 -0.00546244 -0.0260143 -0.0183448 -0.0239365 0.00668378 1.30971e-06 -0.0276773 0.0181458 -0.000833646 -0.020157 0.00257588 -0.0311058 -0.00855191 0.0566727 0.0586384 -0.0187497 -0.0020692 -0.00587908 -0.00462507 -0.000254028 0.00537678 -0.0105208 0.00037233 -0.00191669 0.00455604 0.0883493 0.0050549 
-0.000701452 -0.000248336 -0.0494557 -0.0841509 -0.0395365 -0.000798747 -0.000572507 0.0639688 0.227334 0.0262948 -0.0957214 0.0785524 -0.0605327 -0.052545 0.139594 -0.0389387 0.0185157 -0.000542275 -0.144438 -0.188653 -0.0307115 0.176711 -0.128824 -0.00282014 0.110515 0.00022369 0.0987743 -0.00808566 0.000480223 0.0746592 -0.000136989 -0.0672959 -0.00509434 -0.000223312 -0.0951414 -0.00874137 -0.0166671 -0.163039 0.0058755 -0.0732243 -0.0506057 -0.00474607 0.168442 0.120732 0.00399284 -0.00194932 0.0199861 -0.000287053 -0.00011015 0.00012585 0.0134776 0.0549432 -0.00586247 -0.000918745 -0.00235357 -0.010871 -0.00441278 0.000547885 -0.00022637 -0.00120231 -0.0186971 0.0789655 0.00237129 -0.000210879 0.116585 -0.147942 -0.0166871 -0.0124489 -0.00204293 -0.137313 -0.000171961 -0.00827299 -0.00241114 -0.00327485 -0.0234539 -0.0476448 -0.0160654 0.0179571 0.000343249 -0.0237443 -0.0176129 0.000866811 -0.0135865 -0.00683432 -0.0262712 0.0208087 0.196037 0.144206 -0.141705 -0.00181256 -0.00401356 -0.00149071 1.2643e-05 0.010964 -0.0932038 7.3412e-05 -0.00149291 0.0487601 0.134744 0.0323499 
-3.21924e-05 -3.97207e-05 -0.0073524 -0.0131677 -0.00677163 -0.000133062 0.000270054 -0.00542721 0.0262948 0.0540242 -0.0182861 0.0122697 -0.00925858 0.0116875 -0.00338858 -0.00626312 0.0117262 0.0243886 -0.0226059 -0.0312914 -0.00407734 0.0282294 -0.0114334 -0.000614311 -0.00574333 -1.27784e-05 -0.00174499 -0.000813999 -0.000118532 -0.00755396 4.12473e-05 -0.00938704 -0.000162516 -3.62116e-06 -0.0166503 -0.00147133 -0.00675533 -0.0265673 0.00880673 -0.0118588 -0.00868191 -0.00377559 0.0269345 -0.00599271 0.000498029 -0.000313615 -0.00150277 -1.19849e-05 -1.74485e-05 -2.92919e-05 0.0282291 -0.00159556 -0.000405432 -0.000368798 -0.000330288 -0.000523718 -0.000635875 -0.000360108 2.70208e-05 -0.0002041 -0.00268567 0.0344668 -0.00173296 0.000292203 -0.00672343 -0.0225095 -0.0047995 0.00746801 0.000703009 -0.0263866 0.000101793 -0.00100939 -0.00169387 -0.000312999 -0.0043107 -0.00254625 -0.000525899 0.00189272 0.000930456 -0.00525032 -0.00510603 8.50845e-05 -0.00219641 -0.00323708 -0.00469445 0.00575759 0.0326418 0.00381144 -0.0246604 0.000386501 -0.000698947 -0.000486544 0.00014999 0.000606942 0.00877337 -6.44732e-05 -0.000192183 7.45192e-05 0.0222856 0.0217045 
0.000924396 0.000197249 0.0337561 0.00730118 -0.0112232 -0.000306639 0.000690157 -0.0380996 -0.0957214 -0.0182861 0.230062 -0.0480232 0.0239033 0.0615402 -0.0422354 0.0635339 -0.0214074 0.010924 0.0601732 0.0904399 0.0516446 -0.117215 0.0432006 0.00527138 -0.0430543 0.000767183 -0.0528368 0.00167421 -0.00087322 -0.0323568 4.22836e-05 0.0731799 0.00142419 0.000354291 -0.0307063 0.0162174 -0.0287322 0.0514362 -0.00563566 -0.0253472 -0.0442373 0.0162987 -0.104134 -0.0389258 0.00508589 0.00318667 -0.00428535 0.000365943 8.5478e-05 -0.000158805 -0.0205783 -0.0291329 0.000388363 -0.00126839 0.00180167 0.0238508 0.00332533 -1.11133e-06 0.0012362 0.00112503 -0.00426442 -0.0218531 0.0111993 -0.000933096 -0.0621719 0.0589277 0.00507261 0.00159951 0.000557939 0.0619004 7.81863e-05 0.00622687 0.0120813 -0.0058574 0.0303385 -0.0266084 0.00818838 -0.0088226 -0.00111097 0.0370602 0.00484399 -0.000857209 0.0242664 -0.000411429 0.033502 -0.0113707 -0.0995881 -0.0802499 0.0487652 0.00017954 -0.000662868 0.00173927 0.000559115 -0.00614366 0.0236799 -0.000887695 -0.00117596 -0.0155556 -0.0506788 -0.00218854 
-0.000378892 0.000106197 -0.024236 -0.0463611 -0.0228304 -8.78589e-05 0.00109266 0.0103824 0.0785524 0.0122697 -0.0480232 0.156161 -0.0283133 -0.0388869 0.0853564 -0.00654643 -0.011302 0.0299454 -0.080082 -0.102087 0.00145775 0.0686176 -0.116125 0.00429697 0.1073 -0.000128721 0.0589521 -0.0042567 0.000402134 0.0659916 -6.40397e-05 -0.0375668 -0.00202222 -7.37904e-05 -0.0591056 0.000671273 0.00976046 -0.0928424 0.00856888 -0.0404893 -0.0322529 -0.00521137 0.068817 0.104808 0.00438157 0.000625161 0.0132374 0.000264969 -6.26864e-05 0.000298389 -0.00738951 0.0272053 -0.00253267 -0.000920294 -0.00100214 0.00382244 -0.0020979 -0.000786327 -0.00159681 -0.000469 -0.0103532 -2.64564e-05 0.0332372 0.000885678 0.0847506 -0.0975614 0.00398753 -0.0107556 -0.00107305 -0.117271 -0.000127583 -0.0046299 -0.00192969 -0.00214988 0.0129876 -0.0587327 -0.00908218 -0.00657485 -0.00150907 0.0179897 -0.039178 -0.00122351 0.00432562 0.0111295 0.0122888 0.000293641 0.0771491 0.086247 -0.0940756 -0.000796749 -0.00133675 -0.00244844 -0.000294516 0.010619 -0.0978755 0.000141655 -0.00100197 0.056404 0.0606072 -0.0202506 
-0.000246145 -1.58484e-05 0.0463852 0.0433167 0.00192192 -2.04798e-05 -0.000385737 -0.0241142 -0.0605327 -0.00925858 0.0239033 -0.0283133 0.145943 0.0212615 -0.0521982 -0.00382341 -0.0121533 -0.0210345 0.0782016 0.0678467 0.00373524 -0.0622424 0.0549082 0.000570389 -0.0488687 5.59782e-05 -0.0272645 0.0131758 -0.000133927 -0.0255606 -5.43323e-05 -0.000983231 0.00192908 -0.00013307 0.0740104 -0.004999 0.0176909 0.0756244 -0.00393512 0.0425631 0.0238141 -0.00576492 -0.0647178 -0.0480037 -0.00364794 -0.000876076 -0.00767607 0.000115574 -3.17835e-05 -0.000118037 -0.0205479 -0.014865 0.00518362 -0.00116251 -0.000929456 -0.00625985 0.00161146 -0.000653118 -0.00125795 0.000374983 0.0212955 -0.0380038 -0.0181997 -0.0006121 -0.0346181 0.0600459 0.00701121 -0.0088918 0.00101479 0.0528702 -7.49806e-05 0.000970917 -0.00586218 -0.00256516 -0.0102228 -0.00029285 0.00624394 -0.0106964 -0.00167862 -0.011097 -0.0203814 -0.00114156 -0.00288177 -0.00249744 -0.00898012 -0.00961846 -0.0672443 -0.0415352 0.0690917 0.00338019 -0.000601038 -0.00229199 -0.00024469 -0.00325559 0.036525 -0.00126814 -6.08741e-05 -0.0249912 -0.0814147 -0.0285847 
0.00112077 -0.000167998 0.028799 0.0334364 -0.0277041 -0.000626773 9.74104e-05 -0.0499041 -0.052545 0.0116875 0.0615402 -0.0388869 0.0212615 0.198879 -0.0860408 0.00788337 0.0116582 -0.000383278 0.0699653 0.0480921 0.00213047 -0.0430055 0.0741047 -0.00262448 -0.0771701 5.03973e-05 -0.0418015 0.0091336 -0.000472814 -0.0444759 -6.0658e-06 0.075078 -0.000318885 -0.000160524 -0.000884713 -0.0075245 -0.0250848 0.0509649 0.00587107 -0.0230424 -0.0390415 -0.00958288 -0.0318233 -0.0864804 -0.00329724 -0.00143835 -0.0106067 -0.000223802 2.46366e-05 -0.000242449 0.0312798 -0.0230822 0.00253632 -0.00102468 -0.00012012 -0.0110453 0.00493437 0.00173821 0.0020412 -5.45112e-05 -0.0050443 0.0187289 -0.0339419 -0.000828243 -0.0545788 0.0659481 -0.0226929 -0.00101841 0.00231363 0.0619786 -0.000108748 0.000717457 -0.00773857 -0.00298683 -0.0206588 0.0454923 0.0266252 0.000882505 0.000620233 -0.0251794 0.0194411 -0.0011952 -0.0101691 -0.0145199 -0.022177 0.000923747 -0.0377032 -0.0671245 0.0407349 0.0033082 0.00188134 0.00463308 -8.6817e-05 -0.00470793 0.0715221 -0.000447977 -0.000169553 -0.0451568 -0.0299452 0.0290149 
-0.0004759 -0.000164954 -0.0490235 -0.0840624 -0.0247782 -0.00063463 -0.000360323 0.0690162 0.139594 -0.00338858 -0.0422354 0.0853564 -0.0521982 -0.0860408 0.231355 -0.0208253 0.000644277 -0.0115128 -0.113239 -0.14707 -0.0170461 0.115418 -0.131187 0.00160062 0.130211 -0.000101605 0.0941577 -0.00816041 0.000696107 0.0856933 -0.000145274 -0.0409017 -6.77623e-05 7.34672e-05 -0.102499 -0.0016152 -0.0117904 -0.130264 -0.000523381 -0.0694914 -0.0570224 0.0162217 0.121884 0.13529 0.00783014 -0.00137482 0.0236526 -0.000335418 -8.72424e-05 0.00034818 -0.031858 0.0528268 -0.00564717 -0.00109006 -0.00152713 -0.00312662 -0.00437637 0.00072357 -0.000770783 -0.00119045 -0.0159376 0.0165474 0.0210901 0.000620685 0.114637 -0.143138 0.0114061 -0.0248173 -0.00247335 -0.121882 -0.000236023 -0.00887489 0.00408203 -0.00420625 -1.84681e-05 -0.0706374 -0.0177185 8.51175e-05 -0.000380215 0.00341641 -0.0314266 0.00211244 -0.00985461 0.0149804 -0.00358762 0.00324 0.129105 0.144864 -0.112007 -0.00211287 -0.00426084 -0.00257746 -0.000185031 0.0108411 -0.119264 -0.0015729 -0.000961147 0.0662981 0.123466 -0.0230408 
-4.60803e-05 8.11675e-05 0.0146709 0.00882949 -0.0118341 0.000528214 0.000217574 -0.0365059 -0.0389387 -0.00626312 0.0635339 -0.00654643 -0.00382341 0.00788337 -0.0208253 0.10073 -0.00888251 0.0212233 -6.12577e-05 0.0329934 0.0663174 -0.0517801 -0.0206806 0.00597683 0.0171954 -9.45033e-05 -0.0175937 0.00290165 -0.000294477 0.00155639 -1.84134e-05 0.0208257 0.00250376 0.000370103 -0.0297301 0.0199962 -0.00649221 -0.00478408 -0.00194472 -0.017649 -0.0164209 0.002488 -0.0417783 0.0183715 0.00508402 0.00453124 -0.00148166 0.00068995 7.74772e-08 8.21827e-06 -0.0128117 -0.00970519 0.00469657 0.000480154 0.000661099 0.0313846 0.00655137 -1.36156e-05 -5.32632e-05 0.000843852 -0.00288288 -0.0263457 0.0273399 -0.00044009 -0.0203779 -0.00902858 0.00169982 -0.00398954 0.000428464 -0.00862117 0.00010999 0.000332389 0.016362 -0.00101656 0.0409444 -0.0264772 0.0053054 -0.00580672 -0.000997458 0.0489436 -0.0207029 -0.000155465 0.0296121 -0.00273023 0.0457564 -0.00619668 -0.0441843 -0.0278822 -0.0111679 2.31033e-05 0.000877478 0.00164605 -0.000126192 -0.00209196 -0.0368814 -0.000875126 -1.07119e-06 0.0160439 -0.0527183 -0.0207996 
6.0401e-05 -5.89762e-05 -0.00785908 -0.0171627 -0.00494865 -0.00016937 -0.000241774 -0.00760519 0.0185157 0.0117262 -0.0214074 -0.011302 -0.0121533 0.0116582 0.000644277 -0.00888251 0.0749515 0.00278232 -0.0211971 -0.02905 -0.00745189 0.0295017 0.00655166 -0.000806442 -0.00691615 0.000130472 -0.00477083 -0.00187231 0.000755517 -0.00605701 3.20745e-05 -0.00857416 0.000334694 -4.57325e-05 -0.0151613 -0.00235096 -0.00845352 -0.023702 0.000664431 -0.0128929 -0.0106608 -0.00396117 0.030052 -0.0155424 -0.00208621 -0.000400055 -0.00295975 -1.32075e-06 -1.20364e-05 -4.76147e-05 0.0269632 -0.00450266 -0.0013296 -0.00052476 -0.000200895 -0.00309969 -0.00102806 2.24178e-05 0.000190456 -0.000252143 -0.00301061 0.0212678 -0.00607219 -0.000232783 -0.009178 -0.0161266 -0.00676768 0.0022507 -0.000135053 -0.0130484 0.000142592 -0.00155804 -0.00172104 0.00570748 -0.00508235 0.0204209 -0.00271261 0.00348873 0.000947092 -0.00722118 0.0138255 -3.29423e-05 -0.00327838 -0.00434463 -0.00612427 0.013422 0.0317458 0.00570755 -0.0208222 0.000707083 -0.000117258 0.00126561 -1.0646e-05 -0.00030468 0.0156737 -8.13398e-05 0.00239692 -0.00783792 0.0254271 0.0235893 
-0.000123979 0.000290201 -0.00979905 -0.0361255 -0.0180756 0.000133317 0.00209519 -0.024492 -0.000542275 0.0243886 0.010924 0.0299454 -0.0210345 -0.000383278 -0.0115128 0.0212233 0.00278232 0.131028 -0.0602689 -0.0274401 0.0242291 0.014014 -0.0454945 0.00199718 0.0274165 0.000602878 -0.0102912 -0.00356955 -0.000297024 -0.0161623 0.000257639 -0.0317771 0.000187204 -0.000112181 -0.040789 0.0147328 -0.0105156 -0.0681243 0.00808296 -0.0236236 -0.024612 -0.0104846 0.0154761 0.0278424 -0.00311058 0.000374524 -0.00475886 0.000622063 0.00016929 -9.22916e-05 0.0407914 -0.0117825 -0.00192013 -0.000677993 0.000909087 0.0141082 -0.00129358 -0.00106492 -0.00127948 0.000418246 -0.00828035 0.0542245 0.0510441 0.00156868 -0.00283238 -0.0503347 0.00911883 0.0206775 0.00070282 -0.035316 0.000313352 0.0026123 0.00649203 -0.00199065 0.030591 -0.0349881 -0.00593066 -0.000748939 0.000113938 0.0361601 -0.024539 -0.000236624 0.0229787 0.00428703 0.0286705 0.00323401 0.0209137 -0.00839762 -0.0713442 -0.000704943 -0.000805272 -0.00191467 0.000580511 -0.0026757 -0.0186529 0.000675226 -0.000492083 0.0234081 0.0161628 0.042245 
0.000458399 -4.91201e-05 0.055873 0.118438 0.0326492 -0.000105195 -0.000818685 -0.0410832 -0.144438 -0.0226059 0.0601732 -0.080082 0.0782016 0.0699653 -0.113239 -6.12577e-05 -0.0211971 -0.0602689 0.243381 0.17465 -0.0114358 -0.166004 0.141822 -0.00386929 -0.124457 -0.000109642 -0.064031 0.00900547 -0.00127587 -0.0671324 -0.000159397 0.0899253 0.000486866 -0.000311561 0.111185 -0.0119677 0.02718 0.200178 -0.00837581 0.0889501 0.0601974 0.00942349 -0.144864 -0.128305 -0.0123019 -0.00228539 -0.0199741 -0.000365816 -9.18338e-05 -0.000328172 -0.0475757 -0.0353518 0.00276817 -0.0019896 -0.00301113 -0.0182935 0.00244532 0.00086071 0.000216534 0.000641167 0.0288481 -0.0919208 -0.0475788 -0.00162995 -0.0836812 0.16809 -0.00977811 -0.0155919 0.00215134 0.138881 -0.000236495 0.00719356 -0.00707166 -0.0037558 -0.0277202 0.0630179 0.0181738 -0.0181744 -0.00364021 -0.0356462 0.0185396 -0.00113741 -0.0149607 -0.00942535 -0.0269437 -0.0227131 -0.161441 -0.107367 0.178083 0.002384 0.00254677 0.00324954 -0.000615676 -0.00725613 0.0983447 -0.00209181 0.00167051 -0.0684901 -0.126022 -0.0575431 
0.000767993 4.777e-06 0.0509529 0.101751 0.0476211 0.000487782 -0.000714965 -0.0424971 -0.188653 -0.0312914 0.0904399 -0.102087 0.0678467 0.0480921 -0.14707 0.0329934 -0.02905 -0.0274401 0.17465 0.244294 0.0170364 -0.183375 0.145019 -0.00315939 -0.128852 -0.000344447 -0.0879146 0.00867677 -0.00141229 -0.080865 8.1371e-05 0.0775439 0.00431957 -0.000385318 0.117009 0.0032784 0.011303 0.200606 -0.0108557 0.0887167 0.0648138 0.00855117 -0.179737 -0.122438 -0.0143965 -0.0021361 -0.0265593 -5.77635e-06 1.45622e-05 -0.000407059 -0.0389717 -0.0483443 0.00550603 0.00071817 -0.00129732 -0.00171957 0.0048272 -0.000118585 -1.08154e-05 0.00114179 0.0223878 -0.098801 -0.0111089 -0.00147776 -0.111571 0.173908 0.00681827 -0.00568301 0.00111495 0.157476 5.44533e-05 0.00848355 0.00388603 0.000475542 0.0015897 0.068737 0.0165436 -0.0169963 -0.00178354 -0.00124899 0.0208582 -0.000896573 0.00996881 -0.00400197 0.00398095 -0.0290878 -0.207703 -0.142085 0.180834 0.00114197 0.00365906 0.00218842 -0.000109961 -0.0101651 0.102547 -0.00125959 0.00114433 -0.0605425 -0.145209 -0.0550232 
-0.000186236 0.000253192 0.0140749 0.00344992 -0.0108018 0.000261099 0.000668296 -0.0369898 -0.0307115 -0.00407734 0.0516446 0.00145775 0.00373524 0.00213047 -0.0170461 0.0663174 -0.00745189 0.0242291 -0.0114358 0.0170364 0.0846614 -0.0414858 -0.0294768 0.00764753 0.0271267 -0.000120562 -0.0138184 0.00409635 -8.13361e-05 0.0073432 1.51408e-06 0.00959913 9.67609e-05 0.000507796 -0.0272872 0.0180931 -0.00402048 -0.0198792 -0.00213931 -0.0180484 -0.015066 -0.00341175 -0.0334423 0.0242149 0.00705272 0.00486802 0.000712336 0.000616495 5.13537e-06 7.55039e-05 -0.00974685 -0.00752724 0.00608209 -0.000116206 0.00106292 0.0359041 0.00540595 -5.14652e-05 -0.000339586 0.000939743 -0.0029478 -0.0218592 0.0276143 -0.000313135 -0.0148875 -0.0227384 0.00329352 -0.0035961 0.00162171 -0.0194971 0.000154964 7.13545e-05 0.0159187 -0.000887917 0.0427473 -0.0266133 0.0102753 -0.00561129 -0.00108263 0.0515193 -0.0200238 -0.000626065 0.0280084 -0.00206235 0.0475203 -0.00501462 -0.034604 -0.020766 -0.026523 0.000862577 0.0010893 3.6318e-05 -0.000162273 -0.00168797 -0.0404656 -0.000806261 0.000172921 0.0187044 -0.047473 -0.0159739 
-0.000666861 -0.000338495 -0.0626909 -0.105893 -0.0332852 -0.000956096 -0.00131222 0.0739444 0.176711 0.0282294 -0.117215 0.0686176 -0.0622424 -0.0430055 0.115418 -0.0517801 0.0295017 0.014014 -0.166004 -0.183375 -0.0414858 0.248677 -0.0952598 -0.00394196 0.0816052 -0.000313474 0.0823216 -0.00950117 0.000756016 0.0541284 -0.000120717 -0.0826238 -0.00372854 -0.000235004 -0.0739046 -0.0118385 -0.0205145 -0.159662 0.0097922 -0.0764762 -0.0426969 -0.0128438 0.181495 0.0865599 0.00472774 -0.00260622 0.0175413 -0.000390508 -0.000103815 0.000139349 0.0449531 0.0452016 -0.00758167 0.00012799 0.00050461 -0.0166404 -0.00555247 0.000975789 -0.00125159 -0.00126002 -0.023567 0.100524 -0.0128398 0.0013709 0.0904387 -0.14744 -0.0173976 -0.00240256 -0.00235607 -0.106023 -8.99205e-05 -0.0100528 -0.00751791 0.00237847 -0.0339633 -0.0218834 -0.0184171 0.0221004 0.00136053 -0.0398529 0.00942495 0.000845224 -0.0177007 -0.0094288 -0.0354828 0.0267404 0.204864 0.127302 -0.128364 -0.00188532 -0.00474244 -0.00263565 -0.000145137 0.00954944 -0.0515234 0.00242408 -0.00142769 0.0299506 0.146961 0.0542596 
0.000686859 -0.000172423 0.0323454 0.0817229 0.0403378 -0.000560381 -0.00169997 -0.0103064 -0.128824 -0.0114334 0.0432006 -0.116125 0.0549082 0.0741047 -0.131187 -0.0206806 0.00655166 -0.0454945 0.141822 0.145019 -0.0294768 -0.0952598 0.226912 -0.00632606 -0.18151 -0.000470811 -0.0959681 0.00747376 -3.32928e-05 -0.100876 4.83161e-05 0.0649325 0.000398599 -0.000472574 0.0987412 -0.018882 0.00357354 0.165922 -0.00811659 0.0710579 0.056475 0.00127803 -0.107451 -0.188897 -0.0174722 -0.00357891 -0.0305451 -0.000619654 7.88322e-05 -0.000406764 0.0236878 -0.054331 0.00366819 -0.000754333 0.00104045 -0.029562 0.00192768 4.8504e-05 -7.12261e-06 -7.33523e-05 0.0187403 -0.0147986 -0.0678813 -1.1582e-05 -0.127335 0.177293 -0.0122468 0.0278987 0.00204213 0.187248 -0.000125202 0.00591077 -0.0138599 0.00459091 -0.0472733 0.0908205 0.0145217 -0.00533849 0.00205605 -0.059496 0.0568501 -0.000251622 -0.0237583 -0.0170978 -0.0464794 -0.00214605 -0.115059 -0.127347 0.161824 0.00152896 0.00135955 0.00224237 0.000347624 -0.0102761 0.173183 0.000714277 0.000925949 -0.103328 -0.0728403 0.0264642 
-2.3495e-05 1.34774e-05 -0.000436218 -0.00122304 -0.00072026 2.75576e-05 -4.81258e-06 -0.00583826 -0.00282014 -0.000614311 0.00527138 0.00429697 0.000570389 -0.00262448 0.00160062 0.00597683 -0.000806442 0.00199718 -0.00386929 -0.00315939 0.00764753 -0.00394196 -0.00632606 0.0112019 0.00583866 9.15181e-06 -0.000830756 0.000213333 0.000229168 0.0037073 5.0382e-06 0.000793668 -5.48768e-05 0.000310099 -0.00282009 0.00165559 -8.96973e-05 -0.0045 -2.46269e-05 -0.00199006 -0.00153305 0.00183741 -0.00329366 0.00343209 0.0042797 0.00071782 0.00258412 0.000293403 5.38665e-06 0.000175661 -0.00154214 -0.000220451 0.000373247 0.000140449 -1.92445e-05 0.005847 0.00037145 3.11432e-05 4.47429e-05 0.000386678 -0.000533698 -0.00283259 0.00203685 -1.91527e-05 -0.000761567 -0.00508517 -0.000821127 -0.00112823 -2.56846e-05 -0.00659837 -2.73284e-06 -5.66118e-05 0.00108089 -0.000126673 0.00227596 -0.00345908 0.000513365 -0.000619519 -0.000138499 0.00765843 -0.00247454 -8.25275e-05 0.00468264 -0.000540188 0.0079192 -0.000453016 -0.00326766 -0.00204995 -0.00456456 6.72271e-05 -8.7401e-05 -0.00015453 -1.86568e-05 -0.00019003 -0.00732873 -8.60652e-05 0.000108527 0.00157182 -0.00482802 -0.00213962 
-0.000628469 9.69219e-05 -0.0289829 -0.0729161 -0.0351425 0.000481786 0.0015381 0.0242914 0.110515 -0.00574333 -0.0430543 0.1073 -0.0488687 -0.0771701 0.130211 0.0171954 -0.00691615 0.0274165 -0.124457 -0.128852 0.0271267 0.0816052 -0.18151 0.00583866 0.211583 -9.3048e-05 0.0903975 -0.00691538 0.000389201 0.102433 -0.000108646 -0.0593622 -0.00278283 0.00029218 -0.0879668 0.0143787 -0.00066942 -0.145169 0.00239618 -0.0629979 -0.0490965 -0.00322415 0.090659 0.176103 0.00574673 0.00363333 0.0198624 0.000399593 -8.3416e-05 0.000298891 -0.031227 0.0499414 -0.0038219 -0.000138512 -0.00087841 0.026427 -0.00302734 -0.00017494 -0.00194673 6.51694e-05 -0.0163873 -0.00981354 0.0645992 0.000618654 0.130341 -0.156199 0.0126465 -0.0255178 -0.00197905 -0.160074 -6.75986e-05 -0.00511803 0.0157266 -0.00354568 0.0429251 -0.0807781 -0.0152385 -0.010786 -0.0026468 0.0548126 -0.0556115 0.000178433 0.0203255 0.0163561 0.0422551 -0.00347427 0.0982516 0.127158 -0.146109 -0.00137366 -0.00113419 -0.00354016 -0.000404206 0.00816548 -0.167251 -0.00159893 -0.000742203 0.0943539 0.0691093 -0.0431292 
-2.8161e-06 -3.32943e-07 0.000237535 -0.000209713 -0.000248328 -4.41474e-06 0.000193071 -0.00136164 0.00022369 -1.27784e-05 0.000767183 -0.000128721 5.59782e-05 5.03973e-05 -0.000101605 -9.45033e-05 0.000130472 0.000602878 -0.000109642 -0.000344447 -0.000120562 -0.000313474 -0.000470811 9.15181e-06 -9.3048e-05 0.0025253 -0.000339851 3.33786e-05 -1.19613e-06 -0.000166959 2.52163e-07 0.00025803 8.15286e-05 -1.46896e-06 -0.000483659 0.000134009 -0.000119065 -0.000363653 1.48977e-05 -0.000245749 -0.000415028 0.000108025 -7.90993e-05 0.000125347 0.000164871 1.87585e-07 0.00021964 2.72769e-07 5.19016e-07 3.87183e-06 -0.000178874 -0.00019664 -3.00973e-05 6.39368e-05 -1.44606e-05 3.9154e-05 6.78466e-05 -7.59192e-06 2.11759e-05 3.11236e-05 -2.59782e-06 0.000924738 0.000253692 3.97291e-05 3.89787e-06 -0.000176318 0.000309557 -7.80981e-05 4.13831e-05 -0.000565636 5.59526e-06 0.00010673 -8.52163e-05 -4.81208e-05 -4.59382e-05 -0.000354504 9.1096e-06 -9.00744e-05 0.000141516 0.00031838 -5.82146e-05 1.00487e-06 1.15716e-05 0.000230833 -0.000149208 0.000417357 -0.000100327 -0.000420502 -0.000547102 1.02827e-06 -1.84892e-05 3.29833e-05 1.27146e-05 -4.45286e-05 -0.00031915 -1.19144e-05 -1.79823e-06 8.72506e-06 -0.000276904 0.000620598 
-0.000335499 -0.000111382 -0.0217744 -0.0378544 -0.0187535 -0.000285636 -0.000304983 0.0409425 0.0987743 -0.00174499 -0.0528368 0.0589521 -0.0272645 -0.0418015 0.0941577 -0.0175937 -0.00477083 -0.0102912 -0.064031 -0.0879146 -0.0138184 0.0823216 -0.0959681 -0.000830756 0.0903975 -0.000339851 0.132512 -0.00360679 -0.000389171 0.0640063 -7.27119e-05 -0.0320991 -0.00195778 -0.000111828 -0.0470192 -0.00415303 -0.013951 -0.0734115 -0.00173781 -0.0321446 -0.0250357 -0.000107849 0.0836956 0.0996832 -0.00244755 -0.000883695 0.00978555 -0.00014184 -4.96015e-05 2.89524e-06 -0.0196114 0.0650498 -0.00265127 -0.00106752 -0.00133086 -0.00531205 -0.00194205 0.00112408 -0.00104984 -0.00057086 -0.00834888 -0.00619557 0.00252129 6.27667e-05 0.100331 -0.0786163 -0.011189 -0.0164511 -0.00105146 -0.0892585 -0.000135712 -0.00355233 0.000823318 -0.00278897 -0.0117271 -0.0432372 -0.00840093 0.00114807 -0.00175624 -0.0143653 -0.0285482 0.000655772 -0.00632444 -0.00509291 -0.0127578 -0.00325769 0.0902505 0.106248 -0.073698 -0.0008343 -0.00188598 -0.00172109 -4.66281e-05 0.00689474 -0.0962542 -0.000157784 -0.000606394 0.0342077 0.0633576 -0.0281628 
-3.2085e-05 -1.36239e-05 0.0121255 0.0110739 -0.00226236 -3.13823e-05 -7.95254e-05 -0.0047521 -0.00808566 -0.000813999 0.00167421 -0.0042567 0.0131758 0.0091336 -0.00816041 0.00290165 -0.00187231 -0.00356955 0.00900547 0.00867677 0.00409635 -0.00950117 0.00747376 0.000213333 -0.00691538 3.33786e-05 -0.00360679 0.0229727 -5.89421e-05 -0.00362208 -3.03452e-06 0.00431968 0.000107395 -1.16732e-05 0.00777534 -0.000517119 -0.00227377 0.00940445 -0.000673939 0.00135612 0.000496488 -0.00144306 -0.00857973 -0.00728405 -0.000548252 -0.000119298 -0.00110729 -1.95784e-05 -6.36883e-06 1.94641e-05 -0.00328688 -0.00201538 0.00512247 -0.000115035 -0.000142481 -0.000890515 0.00242771 -0.000138829 -0.00019671 1.57402e-05 0.000782938 -0.00593911 -0.00315591 -9.07763e-05 -0.00467286 0.00739061 -0.00140592 -0.0022753 0.00114333 0.00673351 -1.97299e-05 -0.000511374 -0.000177939 -0.000145643 -0.00160235 -0.00245532 0.0032937 -0.00146042 -0.000153122 -0.00201424 -0.00375298 -0.000172476 -0.000719365 -0.0010804 -0.00174282 -0.00128137 -0.00902651 -0.00592615 0.00496236 0.00228757 -0.000178619 2.67292e-05 -3.74934e-05 -0.000431557 -0.00189101 0.000123941 7.67641e-05 -0.00370678 -0.0133612 -0.0040269 
5.93967e-07 1.91115e-05 -0.000290699 -0.000619054 -1.575e-05 1.40749e-05 7.96513e-06 -0.000198215 0.000480223 -0.000118532 -0.00087322 0.000402134 -0.000133927 -0.000472814 0.000696107 -0.000294477 0.000755517 -0.000297024 -0.00127587 -0.00141229 -8.13361e-05 0.000756016 -3.32928e-05 0.000229168 0.000389201 -1.19613e-06 -0.000389171 -5.89421e-05 0.00421224 0.000716017 -1.39707e-06 -0.00030481 -5.47483e-05 1.05211e-05 -0.000447488 -2.85649e-05 5.66574e-05 -0.00106652 -7.97189e-05 -0.000622887 -0.000525762 -0.000237255 0.000516724 -0.000153734 0.00010544 -4.55289e-06 0.000231763 1.32904e-05 3.88256e-06 1.83654e-05 0.000820083 -0.000261582 2.28745e-06 -9.8404e-06 2.15583e-06 -1.04688e-05 -5.16137e-05 -1.90452e-05 -1.68231e-05 -1.5075e-05 -9.84644e-05 0.000486408 -0.00023697 9.01144e-05 -0.000327787 -0.000337058 -7.72485e-05 0.000501422 0.000123749 -0.000722014 -3.82292e-07 -9.54965e-05 -7.90328e-05 0.000485984 2.23753e-05 -0.000138508 -0.000184022 -0.000157237 0.000101902 2.32972e-05 -0.000350368 6.70725e-06 -7.49255e-05 -0.000137085 3.42558e-08 0.000555759 0.000820856 -0.000204367 -0.00123041 3.86786e-06 -2.53488e-05 -3.63045e-05 5.20477e-05 -2.14691e-05 -4.50271e-05 -2.43617e-05 -8.20575e-06 9.31676e-05 0.000583303 0.000679268 
-0.000341579 -4.26795e-05 -0.0153626 -0.038817 -0.0185205 9.10546e-06 0.000472127 0.0285023 0.0746592 -0.00755396 -0.0323568 0.0659916 -0.0255606 -0.0444759 0.0856933 0.00155639 -0.00605701 -0.0161623 -0.0671324 -0.080865 0.0073432 0.0541284 -0.100876 0.0037073 0.102433 -0.000166959 0.0640063 -0.00362208 0.000716017 0.136692 -6.29866e-05 -0.0294017 -0.00178476 0.000252946 -0.0482285 0.000568916 -0.00177924 -0.0770895 -0.00177408 -0.0342155 -0.0266639 0.00295883 0.0610859 0.0968591 0.00588474 0.00361316 0.01165 -4.98825e-05 -3.62445e-05 2.57809e-05 -0.0234151 0.0391047 -0.00243456 -0.000708911 0.000220383 0.0136514 -0.00196541 0.000155918 -0.00121536 3.97236e-05 -0.00876507 -0.0225153 0.0162006 -0.000140167 0.0867983 -0.0833119 0.00117174 -0.0122834 -0.00104364 -0.10037 -0.000125049 -0.00312651 -8.99985e-05 -0.00240059 0.0103909 -0.0490698 -0.00774227 0.000729685 -0.00111907 0.0175325 -0.0309424 -0.000389261 0.00373293 0.00534327 0.01274 -0.00517585 0.060636 0.0851596 -0.077435 -0.000595624 -0.00146976 -0.00206397 -0.000329565 0.00923396 -0.101042 -0.00124747 -0.000632856 0.0355933 0.0445882 -0.0296664 
7.82222e-07 8.84904e-07 -1.52867e-05 -2.34711e-05 5.85014e-06 4.04961e-06 3.87007e-06 -0.000212815 -0.000136989 4.12473e-05 4.22836e-05 -6.40397e-05 -5.43323e-05 -6.0658e-06 -0.000145274 -1.84134e-05 3.20745e-05 0.000257639 -0.000159397 8.1371e-05 1.51408e-06 -0.000120717 4.83161e-05 5.0382e-06 -0.000108646 2.52163e-07 -7.27119e-05 -3.03452e-06 -1.39707e-06 -6.29866e-05 0.000482117 -5.0313e-05 7.67317e-07 -3.14818e-07 -6.78082e-05 -7.14668e-06 -4.11294e-05 -0.000103483 -4.2005e-07 6.87936e-05 -2.58487e-05 -1.3443e-05 -0.000119494 -0.000124034 -6.12581e-06 4.97442e-06 -2.08392e-05 8.785e-07 2.81057e-06 2.45927e-06 0.00010011 -4.10741e-05 -4.69142e-07 -6.63568e-07 2.96454e-07 -3.46621e-06 2.36688e-06 -3.38948e-06 -1.3287e-06 1.94767e-06 -1.70783e-05 0.000167829 0.000204339 2.67902e-06 -7.9953e-05 0.000105827 3.99723e-06 0.000192318 1.22331e-05 3.27216e-05 1.46486e-06 4.4235e-06 -8.16584e-06 1.54494e-05 -6.97774e-06 -7.15297e-05 8.26491e-06 -2.03774e-05 2.14581e-05 -3.14103e-06 -8.64728e-05 9.359e-05 -1.27831e-05 2.11765e-05 1.04507e-05 -1.40496e-05 -8.19068e-05 -8.47978e-05 -0.000130594 1.43165e-06 -1.11071e-06 -4.15022e-06 3.93759e-06 -7.31066e-06 9.81898e-05 1.77663e-05 8.98668e-06 -5.08757e-05 4.98709e-05 0.000246542 
0.000801918 -9.54152e-05 0.00415824 0.0518045 0.017276 -0.000471973 -0.000488135 -0.0452051 -0.0672959 -0.00938704 0.0731799 -0.0375668 -0.000983231 0.075078 -0.0409017 0.0208257 -0.00857416 -0.0317771 0.0899253 0.0775439 0.00959913 -0.0826238 0.0649325 0.000793668 -0.0593622 0.00025803 -0.0320991 0.00431968 -0.00030481 -0.0294017 -5.0313e-05 0.164005 -0.000933731 0.000141473 -0.00773732 -0.00444749 -0.0260168 0.0912478 -0.00464297 -0.0337333 -0.0293921 0.0120426 -0.0670865 -0.0657996 -0.00143682 -0.000655756 -0.00607397 -0.000206882 -6.34974e-05 -0.000135215 -0.0216109 -0.0169229 0.00355058 0.00027148 -0.00135705 -0.00658837 0.00509367 -8.76197e-05 0.00345597 -0.000401173 0.000316016 -0.0427252 -0.0274274 -0.000807664 -0.04065 0.0836954 -0.0165107 -0.0149567 0.00151293 0.0639175 -9.81001e-05 -0.00245847 -0.0018882 0.000901327 -0.014757 0.0474084 0.0332097 -0.00067544 0.000353709 -0.0159331 0.0562004 0.000481824 -0.00642241 -0.00916369 -0.0136716 -0.00877621 -0.0758958 -0.0528889 0.0761448 0.000404426 0.00316054 0.00615844 -0.000369412 -0.00365169 0.0465981 -0.000793717 -0.000617772 -0.0337033 -0.0298559 -0.0341516 
-1.83767e-05 5.98126e-06 0.000516514 -0.00243215 -0.00172943 0.000445172 -4.9796e-05 -0.0032798 -0.00509434 -0.000162516 0.00142419 -0.00202222 0.00192908 -0.000318885 -6.77623e-05 0.00250376 0.000334694 0.000187204 0.000486866 0.00431957 9.67609e-05 -0.00372854 0.000398599 -5.48768e-05 -0.00278283 8.15286e-05 -0.00195778 0.000107395 -5.47483e-05 -0.00178476 7.67317e-07 -0.000933731 0.0160016 2.02986e-05 -0.000233716 0.000264877 0.0010524 -0.000108563 -0.000430563 0.000144549 -0.00155099 0.000419592 -0.00155205 -0.000325686 0.000165923 0.000281956 -0.000411245 9.48895e-05 1.60768e-06 1.56274e-05 -2.49054e-05 -0.00135527 0.000277627 0.00118844 0.000380736 -0.000486471 0.000579185 1.12977e-05 5.55707e-06 3.6493e-05 0.00059702 -0.00170299 0.00343823 -1.5615e-05 -0.00284329 -0.00322086 0.0046175 0.000191466 0.000176402 -0.000560597 -7.75631e-06 0.000159085 -0.000518412 0.000186307 0.00409716 -0.001932 0.00134319 -0.000689156 -0.000112325 0.00343311 -0.00193169 -9.04202e-05 0.000496331 0.00590845 0.00316887 -5.19282e-05 -0.00491612 -0.00261248 0.00209542 0.000443622 0.000302789 0.000309745 -4.347e-06 -0.000235741 -0.00453746 -2.7658e-05 0.000419839 0.00169918 -0.00600685 -0.00189481 
-9.95049e-07 -1.0863e-07 5.78399e-05 -0.000174724 -3.56996e-05 4.32229e-06 5.46253e-06 -0.000473671 -0.000223312 -3.62116e-06 0.000354291 -7.37904e-05 -0.00013307 -0.000160524 7.34672e-05 0.000370103 -4.57325e-05 -0.000112181 -0.000311561 -0.000385318 0.000507796 -0.000235004 -0.000472574 0.000310099 0.00029218 -1.46896e-06 -0.000111828 -1.16732e-05 1.05211e-05 0.000252946 -3.14818e-07 0.000141473 2.02986e-05 0.000790261 -0.000167718 0.000172701 -6.30511e-06 -0.000352495 9.52049e-05 -0.000161541 -0.000129296 0.00011771 -0.000185447 -9.52186e-06 0.000706048 0.000184924 0.000606723 -3.11355e-07 3.83645e-06 5.61898e-06 -5.85892e-05 -5.93003e-05 5.74838e-06 6.98183e-05 0.000103242 0.000613176 4.40447e-06 -5.68968e-06 3.90539e-05 -3.56767e-07 -3.77929e-05 -8.76505e-05 -0.000100362 -1.82439e-06 -0.000134768 -0.000379139 -6.4654e-05 -6.8068e-05 -3.20706e-07 -0.000480166 6.9919e-07 2.37844e-05 -2.24191e-05 -9.62177e-06 0.000275357 -0.000178183 4.47856e-05 4.47892e-05 -7.0304e-06 0.000556973 -0.000154211 1.59889e-06 5.48594e-05 -2.68422e-05 0.000572583 -3.58221e-05 -0.000170313 -0.000146898 -0.000284024 -2.90015e-06 -1.88761e-06 -3.43277e-06 -1.7873e-06 -1.38516e-05 -0.000400561 -2.51798e-06 -2.53175e-06 -2.84057e-05 -0.000414321 -0.000128651 
