0.00650286 -0.000311117 -0.000284596 7.40685e-08 2.8237e-05 -6.40489e-06 4.32475e-05 0.000327552 1.00595e-05 0.00480348 -7.01331e-05 -0.00308013 0.000528813 -0.00482556 -0.000277494 0.00317776 0.00283591 3.37781e-05 -0.000359127 2.18288e-05 -0.00529112 0.00356254 0.000271712 0.00185132 0.000344208 -0.000136863 -3.19452e-05 -2.32963e-05 -8.16974e-05 -5.31223e-05 3.25798e-05 -0.00576667 -0.000225175 -6.23945e-07 -0.0028966 4.17668e-06 0.000202206 -0.00599463 -3.13753e-06 1.05873e-05 3.94544e-06 0.000234473 -2.46924e-07 -5.2183e-07 -2.4814e-06 -0.00198509 0.00276395 0.00100161 3.33916e-05 -0.00497396 9.42559e-06 -1.01859e-06 0.000277776 -1.15175e-06 5.88478e-06 3.01721e-06 0.00421878 -0.00416836 0.000381743 4.65833e-06 6.21955e-05 0.000423287 -0.00458293 -2.94451e-06 3.32648e-06 0.00251821 -2.30876e-06 3.62334e-05 6.24926e-06 0.000340399 -1.86922e-07 0.00029602 8.55221e-06 1.54883e-05 1.23128e-05 1.52392e-05 3.30946e-05 -1.15221e-06 -0.000655443 -1.59386e-06 0.00561131 4.94924e-05 -6.28825e-08 -3.7848e-06 -7.73747e-07 4.53327e-07 8.40323e-05 -0.000324112 -6.33227e-07 5.63658e-06 -1.39046e-07 0.00204058 -1.43852e-06 0.00184223 0.00519236 3.0743e-06 -1.01131e-06 -7.25691e-06 9.77924e-05 -0.00579112 
-0.000311117 0.0467227 0.00094725 1.81885e-05 -5.52975e-05 2.76399e-05 -0.000329087 -0.00740439 -2.22085e-05 -0.0016529 -0.000723691 0.000495759 -0.00682566 0.00733182 0.000358556 -0.000433214 -0.00115921 3.52847e-05 -3.16651e-05 -1.77576e-06 0.0051479 -0.0128214 -0.000149295 -0.000957769 -9.47028e-05 -0.000662303 8.62884e-05 -0.000219167 -0.000355083 -0.000258663 -2.13053e-05 0.00171642 -0.000709055 -7.86389e-06 -0.000437765 -2.53456e-06 -0.000169314 -0.000373097 -1.49604e-05 0.000343848 5.3512e-06 -3.30257e-05 1.04305e-05 -4.10748e-06 -2.69023e-06 -0.00975399 -0.000679062 -0.000165932 -0.000118708 -0.00411922 -2.07518e-05 2.43242e-05 -0.000110524 2.57553e-07 7.78363e-06 -1.00221e-05 -0.00140461 0.0057072 -0.000349624 0.000250758 -3.16792e-05 -0.000215745 -0.000178061 4.0837e-05 -2.3906e-06 -0.00220778 -2.52561e-05 -0.00121916 -6.46242e-05 -0.000426079 -1.50327e-06 -0.000197414 -1.22567e-05 -1.25988e-05 0.000357993 0.00146061 -8.71052e-06 -7.21416e-07 -0.00143352 3.40186e-05 -0.00210313 -4.16508e-05 -1.65377e-07 5.09692e-05 -0.000146647 -1.80484e-05 -3.8124e-05 -0.00141001 6.15625e-07 3.0082e-06 -1.29602e-06 -0.00282237 -1.04289e-05 -0.00108738 -0.00246533 -1.57641e-05 -6.68096e-06 -5.04002e-05 -0.000112625 -0.0018415 
-0.000284596 0.00094725 0.0428265 1.66696e-05 0.000103464 -7.52871e-05 0.000167081 0.00637096 -1.08665e-05 8.77216e-05 -0.000506925 -0.00121885 -0.0207379 -3.60287e-05 0.00344246 0.000527518 -0.000596409 3.47887e-05 0.0148477 0.000435471 0.000776754 -0.0149024 0.000251412 -0.000549951 -0.000107316 0.00346381 -0.000163233 -1.59852e-05 0.0045779 -0.000306096 1.23347e-05 -0.00313042 -0.00191874 1.15754e-05 -0.00456098 7.00131e-08 0.00012428 -0.000915577 0.000136421 3.07973e-05 -7.99838e-05 -2.36872e-05 -2.09519e-06 8.87233e-07 6.99304e-05 -0.00374307 -0.000281115 -0.000115232 0.000211711 -0.0155374 1.36443e-05 -4.73084e-06 0.00205133 6.85052e-05 -7.30803e-07 -1.57962e-05 0.000572721 -0.00692505 -0.000108617 8.15741e-06 4.25899e-05 9.91199e-05 -0.00640134 1.16134e-05 -3.11876e-07 -0.0004056 5.01631e-05 0.00232986 -4.65067e-05 -0.00618002 1.5065e-05 0.000120856 -6.93181e-06 -2.7618e-07 -0.000258304 -0.000318631 -5.98559e-06 0.000225568 4.13928e-05 1.00903e-06 -0.00109568 0.000241645 -4.30733e-07 0.000208553 -0.000170822 -6.24021e-06 2.73882e-06 0.00176421 1.77575e-06 4.02009e-05 -3.89926e-07 0.00157595 3.70723e-05 -4.59781e-05 0.000486643 0.000442907 5.79092e-06 0.000178996 -0.000100931 0.00180585 
7.40685e-08 1.81885e-05 1.66696e-05 4.5208e-05 -6.49775e-08 -3.76742e-11 5.04501e-06 -9.38939e-07 7.84506e-07 1.51964e-06 8.67713e-06 -7.44556e-06 -3.35414e-05 -4.81316e-06 2.37818e-06 2.33176e-07 5.54975e-06 2.37179e-07 5.75131e-06 2.74202e-05 -1.56153e-05 -1.5496e-05 2.42968e-07 2.53127e-07 8.03348e-06 1.99959e-05 1.86657e-05 -9.31704e-08 1.22928e-06 4.17967e-07 6.77513e-07 -2.54896e-05 -3.05615e-05 2.33844e-07 -3.42902e-05 1.0736e-06 5.41425e-07 -2.43913e-05 1.46106e-05 2.16081e-06 6.14836e-06 -3.04384e-08 -2.60334e-09 -5.01077e-10 1.44549e-05 6.3463e-06 -3.14615e-09 1.8728e-07 6.82363e-07 -7.63407e-06 1.75734e-08 3.30505e-06 1.29965e-05 2.38544e-06 -5.6306e-09 1.59172e-06 5.5129e-06 -2.50042e-05 4.38469e-07 2.1666e-07 2.07029e-07 1.17844e-05 -2.71197e-05 3.68162e-08 2.3742e-07 -2.54891e-06 5.69025e-07 4.58535e-06 -4.86096e-08 -2.41208e-05 1.95021e-09 2.14526e-06 -2.71055e-08 3.50748e-08 3.0282e-06 1.06988e-05 9.70035e-07 1.47484e-06 -3.02899e-05 7.15658e-07 -7.35872e-07 4.54384e-06 2.32899e-07 1.20497e-05 1.25175e-05 2.24639e-07 -1.23557e-08 -1.88652e-06 1.27302e-06 1.38357e-06 -1.53593e-09 -8.53355e-07 9.81441e-07 -1.0714e-06 -5.04948e-07 2.80578e-06 1.22025e-07 1.33167e-05 -1.25503e-07 -3.13287e-05 
2.8237e-05 -5.52975e-05 0.000103464 -6.49775e-08 0.00158219 7.95453e-06 2.29065e-05 -0.000150649 2.21953e-06 0.0004947 -1.37403e-05 -0.000170468 9.95163e-05 -0.000838147 9.17049e-05 0.00029733 0.000374992 1.58738e-05 -8.19095e-05 4.81119e-05 -0.00123382 0.00022075 5.09872e-06 0.000329143 9.04555e-06 1.4302e-06 3.74184e-06 -8.84462e-06 -2.6262e-05 -8.50186e-06 3.40128e-06 -0.00104456 -0.000157112 3.90706e-07 -0.000464888 4.1934e-07 3.15624e-06 -0.00134096 7.8088e-06 -2.87987e-06 -1.75734e-06 1.11331e-05 7.32081e-07 6.2893e-07 1.01082e-05 -0.000770588 7.2012e-05 2.90234e-05 -2.76246e-06 -0.00116284 3.51408e-06 5.67281e-06 0.000111736 -3.42736e-09 2.39303e-07 3.34903e-06 0.000607077 -0.000487775 0.000110984 -1.00583e-06 6.1478e-06 0.000182891 -0.000464241 9.29018e-06 2.02624e-06 0.0010132 7.47773e-07 0.000765115 1.05441e-06 4.9155e-05 -2.51478e-08 -5.84077e-06 5.08323e-06 2.39035e-06 0.000195711 2.17319e-05 1.04472e-05 -3.782e-07 -0.000419323 8.27465e-07 0.000469242 -1.14088e-06 3.64776e-07 3.58385e-06 0.000200883 1.06514e-05 3.715e-06 -7.80232e-05 1.23884e-06 1.33208e-05 5.22829e-07 0.00013821 8.33648e-06 0.000694564 0.000765078 1.12257e-05 6.11713e-06 1.41514e-05 7.49755e-06 -0.000340497 
-6.40489e-06 2.76399e-05 -7.52871e-05 -3.76742e-11 7.95453e-06 0.00176722 0.000525755 0.000403605 1.76812e-05 0.00011944 -3.07037e-07 -0.000680326 -9.19695e-05 -0.000620811 -1.6998e-05 2.42643e-05 -2.83447e-05 5.54073e-06 -5.32958e-05 -1.71261e-06 8.89935e-05 0.000290417 1.29315e-06 0.000257993 -2.43697e-06 0.000125004 1.48603e-05 0.000120455 -2.4914e-05 -7.39135e-07 6.70787e-06 -0.000160351 -0.00014996 -3.28264e-07 -0.000589951 4.43433e-07 5.87274e-05 -0.000658508 -4.31671e-07 -6.75667e-06 1.3206e-05 2.34747e-07 6.09472e-06 5.56565e-05 4.99526e-05 -0.000905323 1.5043e-05 1.37259e-05 0.000105493 -0.00076173 7.12338e-07 1.19518e-05 6.04496e-05 1.99715e-06 3.59514e-07 3.49361e-06 -3.32683e-05 -0.00042093 1.75035e-06 1.63595e-05 0.000114499 9.02895e-06 2.49152e-05 7.12872e-05 -1.01022e-07 2.63689e-05 4.05343e-05 0.000124542 3.83791e-06 -0.000306865 -5.4161e-08 7.26367e-05 1.85906e-08 -2.73919e-07 0.000121036 0.000117945 -2.24089e-07 8.49527e-07 -0.0003604 6.45892e-06 0.000583531 6.26695e-06 7.29928e-08 -9.10329e-07 0.00032727 3.41286e-07 -1.19641e-07 0.000212894 -2.73136e-07 5.21367e-06 2.36652e-06 0.000537419 2.94431e-06 -8.89985e-06 -9.04474e-05 -1.77763e-06 2.01049e-07 1.10648e-06 -1.1045e-06 -0.000571525 
4.32475e-05 -0.000329087 0.000167081 5.04501e-06 2.29065e-05 0.000525755 0.00931206 0.004924 0.000202046 0.00207032 -0.000102474 -0.00209134 -0.00120212 -0.00595305 -0.000341644 0.000249439 0.000481055 -8.03765e-06 -0.000163403 0.000169638 -0.00154143 0.00203104 0.000183799 0.000734465 1.35302e-05 0.000676132 -5.57039e-05 8.25095e-05 -0.000130527 -2.19243e-05 1.73384e-05 -0.00396751 -0.000962126 -1.21648e-06 -0.00320628 7.7334e-07 0.000167974 -0.00472168 7.55017e-05 9.48665e-05 3.87248e-05 1.28767e-06 8.68203e-06 1.02661e-05 0.00016472 -0.00252893 0.0013283 0.000275719 8.17345e-05 -0.00593171 1.34266e-05 5.18112e-05 0.00249017 2.48285e-06 2.05906e-07 -6.27616e-07 0.00145864 -0.0060909 0.000219293 4.08167e-06 0.000371847 0.000394949 -0.00132904 1.04568e-05 -4.13087e-07 0.00018634 0.000178676 0.00290285 0.000281618 -0.000305178 6.80908e-06 0.000511043 -3.71266e-06 3.80973e-06 4.43896e-05 0.000363022 1.24482e-05 2.48027e-06 -0.00142043 4.8051e-05 0.00341795 0.000548982 1.94969e-06 3.88274e-05 0.00145914 2.38529e-05 6.4002e-06 0.000132311 1.17634e-06 0.000108413 7.8073e-06 0.00314862 1.84072e-05 0.000135458 0.00163972 1.99163e-05 1.88846e-06 -1.39677e-05 2.08711e-05 -0.00202608 
0.000327552 -0.00740439 0.00637096 -9.38939e-07 -0.000150649 0.000403605 0.004924 0.131555 0.000262106 0.00291641 -0.00108579 -0.00351082 -0.0146823 -0.0684014 -0.00322931 -0.00178365 0.00120379 -0.000132561 -0.00317261 0.000302674 -0.0370012 0.0481687 0.000807424 0.00115951 -8.18917e-05 0.00385659 -0.000813538 -0.000184072 -0.00104216 -0.000553397 -1.37071e-05 -0.00747045 -0.0024609 -2.71978e-05 -0.00537536 -6.97464e-06 0.000478206 -0.00532515 6.69837e-05 -0.000167249 0.000953519 8.97103e-05 -3.34389e-06 7.18254e-06 0.000120281 0.00333114 0.00612221 0.000378255 2.82797e-05 -0.0177997 -4.61989e-05 6.92431e-05 0.0033508 -2.2607e-05 -1.03057e-05 -5.45202e-05 0.00108313 -0.0573083 -0.00098348 -2.633e-05 0.000412979 0.0015118 -0.00565808 -1.34701e-05 -7.34952e-06 -0.00490896 0.000208074 -0.000385914 0.00106191 0.0049513 2.07989e-05 0.00175103 -1.32611e-05 -2.57678e-05 -1.45256e-06 0.00172761 -1.14247e-05 6.16114e-05 -0.00283596 6.59564e-05 0.00595626 0.000608004 3.89288e-06 0.000129748 0.00250409 4.51559e-06 -0.000118763 -0.0032244 -2.18938e-05 6.96151e-05 1.1722e-06 0.0237177 5.46258e-05 0.000602281 0.00265813 0.000229671 -1.233e-05 6.24303e-05 -0.000296267 -0.00884489 
1.00595e-05 -2.22085e-05 -1.08665e-05 7.84506e-07 2.21953e-06 1.76812e-05 0.000202046 0.000262106 0.000637233 0.00025559 -5.60124e-07 -0.000197892 -9.28525e-05 -0.000463406 0.000141321 -1.09016e-05 0.000170758 5.08558e-06 -9.85263e-06 9.43208e-05 -0.000354676 0.000234791 8.93787e-06 0.000296084 4.50597e-06 1.04891e-05 2.12603e-06 6.74826e-06 -7.96053e-06 9.18675e-06 9.01809e-07 -0.000445121 -0.000404718 -3.84064e-09 -0.00017219 3.22015e-06 8.24597e-06 -0.000435544 3.19202e-06 -6.51517e-07 -1.6626e-06 1.61403e-06 5.89949e-07 2.45259e-06 9.41375e-06 -6.23378e-05 9.71833e-05 1.1139e-05 1.49608e-06 -0.000495827 2.42404e-06 2.31616e-06 0.000376588 1.35029e-07 6.39195e-08 9.28482e-07 3.53677e-05 -0.000294339 1.12093e-05 -3.94603e-07 3.7212e-05 1.20066e-05 -0.000273647 2.17531e-06 4.20281e-07 -3.06189e-05 1.42681e-06 0.000338598 1.79343e-05 -1.19262e-05 4.67159e-07 7.03206e-05 1.75771e-06 1.00984e-06 2.84737e-05 3.66585e-05 5.32436e-07 3.69458e-07 -0.000255039 8.58474e-06 0.000246819 5.7693e-05 3.38744e-08 4.68263e-06 0.0001034 4.673e-06 -6.48077e-07 -2.33818e-05 9.64956e-07 2.09186e-05 3.61671e-07 0.000185368 -1.24398e-07 0.000146796 0.000259059 2.61123e-06 3.97522e-07 2.51924e-06 1.19866e-05 -0.000467434 
0.00480348 -0.0016529 8.77216e-05 1.51964e-06 0.0004947 0.00011944 0.00207032 0.00291641 0.00025559 0.0331852 0.000571902 -0.00563295 0.0011853 -0.0238615 0.000844137 0.00768419 0.0143368 6.20113e-05 -0.00131452 0.000882352 -0.0255455 0.011684 0.000532348 0.0142172 0.000779763 -0.000747009 0.00029103 -8.49248e-05 -0.000559636 -0.000154287 0.000218612 -0.0250756 -0.00252612 -5.76681e-06 -0.0196889 5.03658e-05 0.000503237 -0.0276959 6.75839e-05 0.000264096 -2.87075e-05 0.000140782 7.87441e-06 -3.51381e-07 0.00011064 -0.0111248 0.00478228 0.00238952 -2.50777e-05 -0.0272118 2.30663e-05 -1.73374e-06 0.00417266 1.22047e-05 2.04992e-06 0.000129803 0.0186177 -0.00810198 0.00472122 2.95817e-05 0.000243651 0.00374022 -0.0182819 -3.24458e-06 1.65689e-05 0.0117817 7.46016e-05 0.00989111 0.000383285 0.00298894 2.4872e-05 0.000783208 0.000229603 0.000130152 0.00134913 0.000237632 9.82611e-05 -7.42701e-06 -0.00882205 -4.74473e-06 0.0217915 0.000596035 5.72319e-06 5.04482e-05 0.00160299 4.93494e-05 3.64824e-05 -0.00180716 9.63786e-06 4.0015e-05 1.51913e-06 0.00584334 -6.75337e-06 0.0107741 0.023361 0.000125516 2.11512e-05 0.00017682 0.00172919 -0.0214632 
-7.01331e-05 -0.000723691 -0.000506925 8.67713e-06 -1.37403e-05 -3.07037e-07 -0.000102474 -0.00108579 -5.60124e-07 0.000571902 0.0167316 -0.000278555 0.00017249 -0.00852021 0.000894392 -0.000148291 0.000858674 2.11235e-05 -0.000932354 6.89818e-05 -0.00479891 0.00521608 0.000616215 -0.000206511 0.000101706 0.00012462 0.000346184 7.85379e-05 -0.000279079 5.43519e-05 0.000199879 -0.00203768 -0.000140229 -8.52769e-07 -0.00124279 1.69639e-05 -3.59323e-05 -0.00110019 0.00022433 6.43744e-05 -6.53514e-05 2.39135e-05 1.17986e-06 1.4713e-05 7.65307e-05 -0.00322897 3.37541e-05 -3.68031e-05 -6.19474e-05 0.00045199 -6.74182e-06 -1.50362e-06 -0.000181203 4.02842e-05 -1.99322e-06 0.000295069 0.000777939 -0.000235142 2.08642e-06 8.45493e-05 -2.8752e-06 0.000473729 -0.000410265 5.33982e-06 1.21554e-05 -0.000301839 -2.13027e-06 -0.000364214 1.25756e-05 0.00109413 -5.20738e-07 -7.51521e-05 8.94583e-05 8.92357e-05 0.000385958 -0.000100171 -4.65354e-06 1.33674e-05 -0.00399962 8.60871e-06 0.000405692 -8.2346e-06 -1.68512e-08 6.98507e-05 0.000121139 7.79783e-05 6.69434e-05 -0.000879551 7.34506e-05 2.44065e-08 -1.49367e-08 0.00177002 -2.55412e-06 -0.000216285 0.000650747 0.000174373 7.79108e-05 0.000276964 0.000412789 -0.00212253 
-0.00308013 0.000495759 -0.00121885 -7.44556e-06 -0.000170468 -0.000680326 -0.00209134 -0.00351082 -0.000197892 -0.00563295 -0.000278555 0.0193218 0.00097291 0.00968982 0.00023151 -0.00360992 -0.00254913 -0.000245132 -0.00183671 -0.00014607 0.00598428 -0.00658437 -0.00138271 -0.00559765 -0.000452252 -0.000544409 -0.000226242 -0.000495925 -0.0012324 -0.000598558 -0.000453897 0.00796678 0.00201944 -3.85128e-05 0.00442407 -9.97509e-06 -0.000379563 0.0103546 -0.000250665 -6.81404e-05 -0.000245681 -0.000534403 -1.79883e-05 -6.6755e-05 -0.000197516 0.00835096 -0.00551013 -0.00122479 -8.68464e-05 0.0089664 -0.000149736 -2.92754e-05 -0.00152343 -2.88266e-05 -3.51854e-06 -0.000269797 -0.00363198 0.00845128 -0.00177448 -5.13382e-05 -0.000404469 -0.000177818 0.00394074 -0.000161479 -2.13386e-05 -0.00303553 -5.2199e-05 -0.00333832 -0.000163692 0.000820925 -3.20033e-06 -0.000990419 -0.000130956 -0.000211793 -0.000170975 -0.000168332 -2.25655e-05 -3.26922e-05 0.00120369 -2.85439e-05 -0.0118807 -0.00031761 -3.77316e-07 -3.29052e-05 -0.000646891 -0.00013156 -0.000257664 -0.000434991 -8.0629e-05 -0.000198469 -3.80371e-06 -0.0090828 -7.44419e-05 -0.00319866 -0.00662428 -0.000278938 -0.000106603 -8.99799e-05 -0.000196884 0.00847509 
0.000528813 -0.00682566 -0.0207379 -3.35414e-05 9.95163e-05 -9.19695e-05 -0.00120212 -0.0146823 -9.28525e-05 0.0011853 0.00017249 0.00097291 0.0941178 -0.0110836 -0.00349457 -0.000849883 -0.000488329 -0.00050713 -0.0400064 -0.000770673 -0.00771228 0.0204699 -0.000834179 0.00156616 -0.000540096 -0.0115925 -0.000861926 -0.00413533 -0.00895339 -0.00245578 -0.000411347 -0.00272379 0.00621437 -6.43225e-05 0.00403967 -1.11931e-05 -0.000594016 -0.00416607 -0.00048608 -0.00211375 -0.00154901 6.76581e-05 -2.20433e-05 1.01074e-06 -0.000223588 -0.0226169 0.00249012 0.000151557 -0.00209351 0.00535579 -0.000149653 -5.08671e-05 -0.00591745 -9.42971e-05 -6.79043e-06 -0.000316057 -0.00103558 0.00786152 0.000988002 -0.000352209 -0.000192007 -0.000300168 0.0161123 -0.000120728 -9.58137e-06 0.006028 -0.000331155 0.000770844 0.00015467 0.0208523 -2.13922e-05 -0.000852966 -5.51759e-05 -0.000116708 -0.00103377 -0.00397885 -2.31807e-05 -0.000219827 -0.000469528 -0.000177162 0.00453314 -0.000622656 -4.62623e-06 -0.000447205 -0.000674227 -8.40374e-05 -0.000321603 -0.0111333 -0.000123026 -0.000231328 -2.083e-05 0.00518457 -7.69555e-05 0.00225856 0.00331095 -0.00104647 -8.80698e-05 -0.000733728 8.02286e-05 0.000893035 
-0.00482556 0.00733182 -3.60287e-05 -4.81316e-06 -0.000838147 -0.000620811 -0.00595305 -0.0684014 -0.000463406 -0.0238615 -0.00852021 0.00968982 -0.0110836 0.145118 -0.0050746 -0.0134629 -0.0149974 6.89877e-05 0.00804921 -0.000916404 0.0511838 -0.0755794 -0.0020434 -0.013876 -0.000693782 -0.00136406 0.000224468 0.000373511 0.00280618 0.000630204 -0.000419064 0.032048 0.0013675 2.78061e-05 0.0234429 -4.1107e-05 -0.00181827 0.035394 -0.000296083 -0.00113049 -0.000669852 -0.000522944 -2.22837e-05 -6.18839e-05 -0.000249015 0.0197339 -0.0130415 -0.00274827 -3.52347e-05 0.0429036 -0.000298997 -0.000100213 -0.00713958 -7.05991e-05 5.68767e-06 -0.000357376 -0.0237292 0.0432236 -0.00564479 -0.00019878 -0.000511666 -0.00364457 0.0218422 -0.000124394 -4.63219e-05 -0.0159363 -0.000163797 -0.0157937 -0.00134354 -0.0134969 -2.42345e-05 -0.0026268 -0.00030058 -0.00021065 -0.00236477 -0.000542032 -0.000172493 -7.44681e-05 0.0143693 -8.80027e-05 -0.03301 -0.000716539 -6.96784e-06 -8.24855e-05 -0.00282178 -0.000198844 -0.000478725 0.00821703 -0.000101677 -8.07385e-05 -1.12424e-05 -0.0320481 -6.01718e-05 -0.0173993 -0.0377839 -0.00042134 -0.000125025 -0.000180292 -0.00208368 0.0282367 
-0.000277494 0.000358556 0.00344246 2.37818e-06 9.17049e-05 -1.6998e-05 -0.000341644 -0.00322931 0.000141321 0.000844137 0.000894392 0.00023151 -0.00349457 -0.0050746 0.0452639 -0.000256051 0.00121935 8.36721e-06 0.001949 0.000305529 -0.00315821 0.00246626 -1.66145e-05 0.000995629 -0.000119496 0.00567716 0.000327194 8.78943e-06 0.000458352 0.000180195 0.000107292 -0.000985376 -0.00335073 -4.6816e-06 -0.00221539 1.98548e-05 0.000129199 -0.000989581 9.07482e-05 0.000205527 -9.73226e-05 -3.12885e-05 -1.60316e-06 -6.23859e-07 3.33772e-05 -0.0026304 -0.00114373 -0.000153071 0.000326693 -0.00384858 -1.32731e-05 -3.17753e-06 0.00102655 0.000106812 4.51475e-06 8.07566e-05 0.000809536 0.000704691 -0.000344503 4.39164e-05 -2.79606e-05 0.00021076 -0.0168875 1.40389e-05 -1.91845e-06 -0.00252072 6.00079e-05 0.0018187 7.28596e-06 -0.00621953 4.33613e-06 -8.74887e-05 -1.11851e-06 1.79486e-05 0.0020101 -0.000369939 6.45449e-06 8.89669e-05 -0.0052753 7.84985e-05 -0.00146419 -3.76027e-06 1.5568e-06 -1.33934e-05 -8.34771e-05 2.87127e-05 1.15303e-05 0.000318078 2.47648e-05 -2.26054e-06 -7.04492e-07 -0.00344361 -7.20075e-06 0.000302213 0.000626056 0.000228131 8.13906e-05 -4.15617e-05 -6.7222e-05 -0.00617804 
0.00317776 -0.000433214 0.000527518 2.33176e-07 0.00029733 2.42643e-05 0.000249439 -0.00178365 -1.09016e-05 0.00768419 -0.000148291 -0.00360992 -0.000849883 -0.0134629 -0.000256051 0.0186638 0.00513052 2.97259e-05 -0.000282799 -4.39759e-06 -0.0101765 0.00325532 0.000549577 0.00239527 0.000680661 4.24203e-05 2.60349e-05 -8.02372e-05 0.000232734 -6.8139e-05 0.000218905 -0.0114878 0.000210644 8.60315e-06 -0.00780526 9.91145e-06 0.00106097 -0.0121193 7.14435e-05 0.000874896 0.000377486 0.000154857 2.64776e-06 1.1793e-05 6.30465e-06 -0.00890418 0.0037347 0.00186435 0.000207503 -0.0124355 0.000238485 3.64798e-06 -0.000264917 -1.62681e-06 3.33046e-06 0.000171137 0.0117013 -0.00695328 0.00086185 2.1961e-05 8.32574e-05 6.30086e-05 -0.00980242 1.56485e-05 1.88777e-05 0.00824032 4.54158e-07 0.00514729 5.24791e-05 -0.000273385 1.43794e-06 0.000346265 0.000104303 0.000166695 0.000394548 0.000135336 0.000106283 3.48484e-05 -0.00158897 2.06239e-05 0.0109928 2.69345e-05 7.73892e-07 2.54057e-06 3.55839e-05 7.36228e-05 0.000486626 -0.000819155 5.4638e-05 -4.42311e-06 9.1003e-06 0.00129521 2.57986e-05 0.00405307 0.0125644 0.00042866 3.23872e-05 1.80768e-05 0.00166546 -0.00785372 
0.00283591 -0.00115921 -0.000596409 5.54975e-06 0.000374992 -2.83447e-05 0.000481055 0.00120379 0.000170758 0.0143368 0.000858674 -0.00254913 -0.000488329 -0.0149974 0.00121935 0.00513052 0.0286967 0.000450389 -0.00120955 0.000604642 -0.0193973 0.0107831 4.28106e-05 0.00742153 0.00101076 0.000813356 0.000464632 8.66344e-05 0.000205771 -0.0002355 3.6381e-05 -0.0130579 -0.00251487 -2.54032e-06 -0.0136318 5.23172e-05 1.91219e-05 -0.0146802 6.77612e-05 -3.16886e-05 6.30452e-05 -1.53927e-06 7.76053e-06 -1.24803e-06 9.09835e-06 -0.00311115 0.00100411 0.000738681 -6.0294e-05 -0.0144344 -7.34859e-06 1.2545e-05 0.00217669 4.32385e-05 6.93777e-07 0.000126259 0.0117478 -0.00101075 0.00318059 -2.69485e-06 9.84276e-05 0.00178976 -0.0191868 8.9485e-05 2.22026e-05 0.00589567 2.15867e-05 0.00353928 6.50357e-05 1.42732e-05 -4.28013e-07 0.000136217 0.000251674 7.2438e-05 0.00195567 0.00137303 1.70488e-06 5.68801e-06 -0.00598205 4.84952e-06 0.0106665 6.84532e-05 4.20592e-06 -1.15356e-05 0.0020016 -3.3111e-06 8.93188e-06 -0.00108441 1.47664e-07 0.000193365 1.2287e-06 -4.82955e-05 -5.71536e-06 0.00567088 0.0133677 0.000120721 2.37081e-07 0.000110241 0.00128466 -0.0157876 
3.37781e-05 3.52847e-05 3.47887e-05 2.37179e-07 1.58738e-05 5.54073e-06 -8.03765e-06 -0.000132561 5.08558e-06 6.20113e-05 2.11235e-05 -0.000245132 -0.00050713 6.89877e-05 8.36721e-06 2.97259e-05 0.000450389 0.00175509 0.000146998 1.30689e-05 -0.000356474 -0.000124979 8.89723e-06 8.81802e-06 4.80029e-05 7.52119e-05 4.60501e-05 1.35322e-05 8.42277e-05 -8.62845e-06 2.16433e-05 -0.000452152 -0.00018108 -1.19042e-07 -0.000216195 8.74258e-07 5.76425e-06 -0.000183233 1.24254e-05 8.55687e-07 -3.39938e-07 -1.14706e-06 1.06542e-06 -1.49117e-07 2.67584e-07 1.46767e-05 3.80632e-05 6.38122e-06 1.79274e-05 -0.000314853 4.04146e-07 7.28824e-06 5.5803e-05 4.2435e-06 3.47697e-07 1.82294e-05 1.66323e-06 0.000208544 2.21459e-05 1.11745e-05 -1.12598e-07 9.79428e-07 -0.000459469 5.11962e-05 1.12634e-06 0.000102453 2.19504e-06 -4.07347e-05 2.23997e-06 -0.000212959 2.87808e-09 -4.0437e-06 9.04589e-06 2.99203e-07 6.13694e-05 0.000129507 1.52825e-07 8.66694e-06 -1.85463e-05 1.91889e-07 2.5287e-05 -1.05242e-06 3.97764e-08 1.76027e-06 0.000138787 1.05299e-06 2.51402e-05 5.72622e-06 3.62075e-07 8.08272e-05 6.36021e-08 -0.000125613 9.70844e-07 3.19467e-06 0.000124815 8.64877e-06 4.98629e-08 1.5868e-05 -1.84737e-06 -0.000626308 
-0.000359127 -3.16651e-05 0.0148477 5.75131e-06 -8.19095e-05 -5.32958e-05 -0.000163403 -0.00317261 -9.85263e-06 -0.00131452 -0.000932354 -0.00183671 -0.0400064 0.00804921 0.001949 -0.000282799 -0.00120955 0.000146998 0.0580721 0.000143721 0.0036634 -0.0171772 0.000455001 -0.000967736 0.000301698 0.00642403 -1.69494e-05 0.00304718 0.00607593 0.00142774 3.96972e-05 0.000156554 -0.00414099 4.07763e-05 -0.00120932 -1.82569e-07 7.10225e-05 0.000679129 2.75684e-05 1.66917e-05 0.00010622 -4.06781e-05 -3.05132e-06 -4.21031e-06 1.62156e-05 0.0092092 -0.00125561 -0.000191314 0.000968932 -0.0105665 1.12639e-06 -1.22863e-05 0.00210659 4.70979e-05 -1.5731e-06 -1.34993e-05 -0.00117236 -0.00192825 -0.000590814 1.18592e-05 3.64745e-05 -0.000258424 -0.011296 -2.72673e-05 -3.32913e-06 -0.00271817 0.000144448 -0.000633002 -8.36046e-05 -0.0139722 -4.30524e-07 0.000216275 -8.45783e-06 -1.64225e-06 -0.00014693 -8.38953e-05 -1.2456e-05 0.000135023 0.000601785 -1.55682e-06 -0.002488 -1.49275e-06 -4.04694e-07 0.00022577 -0.000244799 -1.1461e-05 -3.35444e-06 0.00555582 5.6892e-06 8.28587e-05 1.00357e-06 -0.00186154 5.94275e-06 -0.00129843 -0.00269536 0.000129278 -8.76637e-06 0.000466433 -0.000136686 0.00102924 
2.18288e-05 -1.77576e-06 0.000435471 2.74202e-05 4.81119e-05 -1.71261e-06 0.000169638 0.000302674 9.43208e-05 0.000882352 6.89818e-05 -0.00014607 -0.000770673 -0.000916404 0.000305529 -4.39759e-06 0.000604642 1.30689e-05 0.000143721 0.0017626 -0.0010737 4.18406e-05 2.01799e-05 0.000701142 4.1729e-05 0.000128696 0.0001688 1.60483e-05 3.60387e-05 3.09839e-06 5.05512e-05 -0.00120454 -0.00101567 1.17271e-06 -0.000723738 7.11708e-06 3.5978e-06 -0.00112731 0.000235254 6.8158e-06 2.3212e-05 3.17866e-07 5.44991e-07 1.02434e-08 0.000125415 0.000216753 1.23069e-05 3.80853e-06 -5.61726e-06 -0.00105556 3.1643e-06 4.84296e-06 0.000818928 1.53083e-05 -4.65753e-08 4.53258e-05 0.000441889 -0.000537373 1.17589e-05 2.29397e-06 2.32791e-05 0.000386181 -0.00113131 2.40064e-06 2.57591e-06 -5.86079e-05 2.33338e-05 0.000829881 2.86696e-05 -0.00015311 1.04493e-05 0.000150639 8.4647e-06 7.72727e-06 0.000115283 0.000107932 8.24061e-06 5.69108e-06 -0.000931491 9.98672e-06 0.000120217 0.000231808 6.83037e-07 8.35391e-05 0.000296082 5.70987e-06 1.15087e-05 7.56431e-06 1.81776e-05 4.67517e-05 -3.33207e-08 3.61846e-05 4.47553e-06 0.000332873 0.00068377 9.72319e-05 8.47853e-06 0.000149888 2.30684e-05 -0.00108791 
-0.00529112 0.0051479 0.000776754 -1.56153e-05 -0.00123382 8.89935e-05 -0.00154143 -0.0370012 -0.000354676 -0.0255455 -0.00479891 0.00598428 -0.00771228 0.0511838 -0.00315821 -0.0101765 -0.0193973 -0.000356474 0.0036634 -0.0010737 0.122336 -0.062651 -0.00128847 -0.0155966 -0.00116809 -0.000339782 -0.000810757 -3.99055e-05 0.0012549 0.000560203 -0.000335007 0.0359822 0.00546188 5.63909e-06 0.0166252 -5.35122e-05 -0.00148064 0.04021 -0.000422802 1.13525e-05 -0.000564734 -0.000551656 -9.58294e-06 -2.46726e-06 -0.000110005 0.0068498 -0.01417 -0.00272092 0.00040067 0.037408 -0.000236652 -0.000113017 -0.00656783 -6.47694e-05 -3.47785e-06 -0.00031202 -0.0216382 0.0331491 -0.00576913 -2.39963e-05 -0.000254672 -0.00383877 0.0244978 -0.000197174 -4.69371e-05 -0.0218542 -0.000187703 -0.0127222 -0.00147194 -0.0114366 -2.50077e-05 -0.000820963 -0.000333639 -0.000212905 -0.00152488 -0.00216716 -0.000156031 3.53868e-05 0.00826108 9.36622e-07 -0.0268725 -0.000612354 -7.57248e-06 -0.000157865 -0.0039133 -0.00021077 -0.000458605 0.00707419 -8.31373e-05 -0.00021128 -3.77872e-06 -0.0298355 -7.52565e-05 -0.0191268 -0.034527 -0.000425405 -0.000122228 -0.00103633 -0.00195134 0.0246147 
0.00356254 -0.0128214 -0.0149024 -1.5496e-05 0.00022075 0.000290417 0.00203104 0.0481687 0.000234791 0.011684 0.00521608 -0.00658437 0.0204699 -0.0755794 0.00246626 0.00325532 0.0107831 -0.000124979 -0.0171772 4.18406e-05 -0.062651 0.233792 0.000891606 0.00929887 0.000239267 -0.00206509 -0.00133314 -0.000964826 -0.00548407 -0.00264583 -0.000198908 -0.0188023 -0.00383145 -3.08876e-05 -0.00798157 2.29556e-05 -0.000219785 -0.0175854 -0.000183469 -0.00043068 0.000669014 0.000317667 4.04261e-06 3.10609e-05 -2.64608e-05 -0.0471334 0.00657559 0.000677561 -0.00101975 -0.00858068 -0.000104892 1.5654e-05 0.00152743 4.29502e-05 -2.50127e-05 -2.66172e-05 0.00798401 -0.0594121 0.000906091 8.07233e-05 4.77448e-05 0.0021846 -0.01812 0.000178861 -8.7536e-06 -0.00269218 6.95416e-05 -0.00159136 0.000574537 0.0136671 -1.55849e-06 0.000443318 0.000103832 1.46323e-05 0.00290837 0.000558861 -4.1308e-05 -8.11431e-05 -0.0141368 -2.25488e-05 0.0167542 -2.80242e-05 2.74969e-06 -0.000166032 0.00109206 -2.40185e-06 -0.000133644 -0.0177458 -5.18998e-05 3.1069e-05 -3.31519e-07 0.0263658 -4.76694e-05 0.00641938 0.0127595 -0.000457808 -2.49779e-05 -0.000269063 0.000909539 -0.0330213 
0.000271712 -0.000149295 0.000251412 2.42968e-07 5.09872e-06 1.29315e-06 0.000183799 0.000807424 8.93787e-06 0.000532348 0.000616215 -0.00138271 -0.000834179 -0.0020434 -1.66145e-05 0.000549577 4.28106e-05 8.89723e-06 0.000455001 2.01799e-05 -0.00128847 0.000891606 0.00360774 1.57665e-05 6.82344e-05 4.64684e-05 0.000191805 2.43061e-05 9.29332e-05 0.000146858 0.000273891 -0.00142461 -0.000242644 -7.20016e-07 -0.000388582 2.58105e-07 0.00010655 -0.00149361 0.000181007 0.000163591 4.29816e-05 5.87555e-05 3.7315e-06 4.73624e-06 1.2876e-05 -0.0018041 0.00064638 0.000117815 1.3292e-05 -0.00160735 3.99808e-05 1.10296e-06 -6.24411e-06 1.57277e-05 -2.40953e-07 0.000246166 0.000236594 -0.00131982 -2.1562e-05 2.61422e-05 1.7463e-06 0.000326865 -0.000429764 2.42923e-05 9.10338e-06 0.000303878 4.49522e-07 -5.15664e-05 1.79106e-05 -0.000236648 -1.10774e-07 -1.28358e-05 3.36258e-05 0.000141392 0.000132719 0.000136662 1.29249e-05 3.44551e-06 -0.000986021 5.96167e-06 0.00118929 -2.23611e-06 -3.47843e-08 3.42149e-06 2.98665e-05 0.000120763 0.00013345 -8.18939e-05 8.63614e-05 1.38008e-05 7.70321e-07 0.00143956 2.41087e-06 -1.7277e-05 0.000750493 0.000261457 0.000102048 2.41646e-05 0.000204289 -0.000702831 
0.00185132 -0.000957769 -0.000549951 2.53127e-07 0.000329143 0.000257993 0.000734465 0.00115951 0.000296084 0.0142172 -0.000206511 -0.00559765 0.00156616 -0.013876 0.000995629 0.00239527 0.00742153 8.81802e-06 -0.000967736 0.000701142 -0.0155966 0.00929887 1.57665e-05 0.0194444 0.000104418 -0.00028284 9.04589e-05 -5.03346e-05 -0.000330537 4.05591e-05 7.57583e-05 -0.014827 -0.00381127 -7.90647e-07 -0.00879107 3.39031e-05 -6.23104e-05 -0.0165732 2.07582e-05 -4.14017e-05 -6.90401e-05 0.000247277 7.331e-06 1.50575e-05 8.9864e-05 -0.00612186 0.00254795 0.000385108 -8.19961e-05 -0.014858 8.95531e-06 -4.65736e-06 0.00311737 5.5249e-06 -8.84015e-07 1.98723e-05 0.00663038 -0.00636824 0.00390926 2.31917e-06 0.000147225 0.00204206 -0.00990123 3.33424e-05 9.56132e-06 0.00642433 4.4671e-05 0.00583852 0.000149237 0.00190523 1.15331e-05 0.000651091 6.38529e-05 6.70069e-05 0.000506839 -0.000130367 2.40613e-05 -3.40397e-06 -0.00467265 2.74286e-06 0.0132261 0.000249705 3.58942e-06 1.5089e-05 0.000810296 3.27103e-05 -1.18141e-05 -0.001037 -1.22733e-06 1.03882e-05 1.7604e-07 0.00534613 -2.22837e-06 0.00950047 0.0125478 -2.14875e-05 2.4924e-05 3.99542e-05 0.000257147 -0.0122224 
0.000344208 -9.47028e-05 -0.000107316 8.03348e-06 9.04555e-06 -2.43697e-06 1.35302e-05 -8.18917e-05 4.50597e-06 0.000779763 0.000101706 -0.000452252 -0.000540096 -0.000693782 -0.000119496 0.000680661 0.00101076 4.80029e-05 0.000301698 4.1729e-05 -0.00116809 0.000239267 6.82344e-05 0.000104418 0.00271725 0.000139439 4.88745e-05 0.000460066 0.000168563 0.000127488 6.17455e-05 -0.00102134 -0.000355023 1.29142e-06 -0.000944084 2.07547e-06 7.16579e-06 -0.00105879 5.24209e-05 -1.19002e-05 3.5831e-05 1.15822e-05 5.56437e-07 -1.47756e-07 7.22079e-06 -0.000867792 6.88085e-06 0.000295845 0.000272121 -0.00128807 -8.47361e-07 4.04656e-06 2.38219e-05 1.97022e-06 1.42733e-06 7.28174e-05 0.000857893 -0.000531652 0.00018754 -2.38866e-06 8.3238e-06 0.000184529 -0.00107098 1.10668e-05 8.77452e-06 0.000514417 8.85078e-06 -5.91913e-06 -3.25513e-06 -0.000881569 -7.00236e-08 1.40097e-05 3.86976e-06 4.43281e-05 8.52587e-05 0.000232479 1.12052e-05 3.56098e-07 -0.000297668 1.14655e-06 0.000720406 1.45336e-06 5.27158e-07 3.09889e-07 0.000368148 2.95067e-05 1.00556e-05 0.000582695 1.98396e-05 4.06605e-05 2.87434e-07 -0.000145191 -2.03393e-07 -4.05296e-05 0.000590951 3.98604e-05 1.66938e-06 5.83225e-05 0.000346823 -0.00147414 
-0.000136863 -0.000662303 0.00346381 1.99959e-05 1.4302e-06 0.000125004 0.000676132 0.00385659 1.04891e-05 -0.000747009 0.00012462 -0.000544409 -0.0115925 -0.00136406 0.00567716 4.24203e-05 0.000813356 7.52119e-05 0.00642403 0.000128696 -0.000339782 -0.00206509 4.64684e-05 -0.00028284 0.000139439 0.0236144 0.000283357 0.00158324 0.00156884 0.000333057 9.00138e-05 -0.000632119 -0.00460986 2.10401e-07 -0.00270714 8.97768e-06 0.000610366 0.00013634 0.000238444 -2.90774e-06 4.49375e-06 -1.61631e-05 5.93314e-06 3.58751e-06 0.000158122 0.0029988 -0.000717855 -1.82591e-05 0.00142049 -0.000216866 -5.0336e-06 1.91685e-05 0.000428955 5.58586e-05 3.45604e-06 9.94868e-05 1.94399e-05 -0.00536388 -0.000231267 -4.89925e-06 0.000150809 4.99509e-05 -0.0148771 1.2273e-06 1.33573e-06 -0.00119912 0.000167371 -0.000311084 -1.27492e-05 -0.00771934 4.52972e-07 0.00102398 -5.67908e-06 2.13318e-05 0.000291608 0.000208017 1.60146e-06 0.000147453 -0.000314682 0.000153827 -0.00101414 0.000149765 1.24752e-06 0.000140795 0.000620666 1.89565e-05 7.14586e-06 0.00241733 2.85563e-05 0.000117861 5.42118e-06 -0.00187364 3.16742e-05 -0.000551741 -0.00120823 0.000220558 1.70712e-05 0.000254365 -6.32494e-05 -0.000148441 
-3.19452e-05 8.62884e-05 -0.000163233 1.86657e-05 3.74184e-06 1.48603e-05 -5.57039e-05 -0.000813538 2.12603e-06 0.00029103 0.000346184 -0.000226242 -0.000861926 0.000224468 0.000327194 2.60349e-05 0.000464632 4.60501e-05 -1.69494e-05 0.0001688 -0.000810757 -0.00133314 0.000191805 9.04589e-05 4.88745e-05 0.000283357 0.00704968 6.21799e-05 -5.96092e-05 0.000122035 0.000295361 -0.000498305 -0.00117048 5.26357e-07 -0.000535481 2.58758e-05 3.24844e-05 -0.00160855 0.000339006 0.000101803 2.83962e-06 -3.81692e-06 4.20115e-06 4.84115e-06 5.86429e-05 -0.00145578 2.52786e-05 -2.41843e-05 0.000155894 -0.000487369 3.05981e-05 1.1799e-05 0.00038392 3.15906e-05 -7.00936e-07 0.000253209 0.000167029 0.000489634 -5.19944e-05 2.55735e-05 -1.47123e-06 0.000265575 -0.00116312 5.12319e-05 1.25948e-05 -0.000404383 -2.20104e-06 7.88809e-05 3.48444e-06 -0.000960514 1.25945e-06 7.79286e-05 8.68732e-05 9.25295e-05 0.000449919 6.13324e-05 1.39482e-06 4.21844e-07 -0.0011421 5.61545e-05 -0.000256798 3.47748e-05 8.21792e-07 9.76642e-05 0.000201803 9.08641e-05 0.000122828 -0.000107553 9.64546e-05 3.76359e-05 1.50545e-06 -0.00047087 2.84899e-06 6.32246e-05 0.000584198 0.000226091 0.000105691 0.00037623 2.83835e-05 -0.000900456 
-2.32963e-05 -0.000219167 -1.59852e-05 -9.31704e-08 -8.84462e-06 0.000120455 8.25095e-05 -0.000184072 6.74826e-06 -8.49248e-05 7.85379e-05 -0.000495925 -0.00413533 0.000373511 8.78943e-06 -8.02372e-05 8.66344e-05 1.35322e-05 0.00304718 1.60483e-05 -3.99055e-05 -0.000964826 2.43061e-05 -5.03346e-05 0.000460066 0.00158324 6.21799e-05 0.00578718 0.000908406 0.000627155 4.57971e-05 0.000191814 -0.00236158 4.31482e-06 -0.000261846 1.90576e-06 4.05789e-05 9.35405e-05 2.41107e-05 4.53006e-05 6.94043e-06 -3.87246e-06 3.54804e-07 9.3163e-06 1.03369e-05 0.000610561 -0.000178212 -1.45095e-05 0.00121534 -0.00132766 1.09583e-05 -1.90564e-08 -1.52798e-05 4.95482e-06 2.55025e-07 3.40437e-05 -7.00787e-05 -0.000946083 -4.49131e-05 -8.5366e-07 6.02139e-05 1.49659e-05 -0.00254446 5.77071e-06 3.24783e-06 -0.000353083 0.000171451 -0.000156139 5.806e-06 -0.00407647 -6.14192e-08 0.000173396 1.41667e-06 5.61748e-06 7.73634e-05 4.1506e-05 -1.39229e-06 1.43418e-06 -0.000146843 1.49593e-05 -5.56303e-05 -4.46464e-06 2.47412e-07 1.02212e-05 0.00011405 6.80964e-06 -3.01194e-06 0.00353487 -2.6476e-07 5.59323e-06 1.50224e-06 -0.000274977 -3.21232e-07 -0.000144483 -0.000130918 2.70691e-06 2.76517e-07 0.000206168 7.24707e-05 -0.000748612 
-8.16974e-05 -0.000355083 0.0045779 1.22928e-06 -2.6262e-05 -2.4914e-05 -0.000130527 -0.00104216 -7.96053e-06 -0.000559636 -0.000279079 -0.0012324 -0.00895339 0.00280618 0.000458352 0.000232734 0.000205771 8.42277e-05 0.00607593 3.60387e-05 0.0012549 -0.00548407 9.29332e-05 -0.000330537 0.000168563 0.00156884 -5.96092e-05 0.000908406 0.0168281 0.00034126 1.76605e-05 0.000301484 -0.00121552 4.86729e-05 -0.000362839 8.20434e-07 0.000138119 0.000842543 8.91266e-06 -4.89969e-05 -4.06844e-05 -1.07405e-05 -4.59232e-07 -7.48778e-07 -2.05001e-06 0.00168734 -0.000465165 -5.22548e-05 -6.39841e-05 0.00170507 7.79929e-06 -2.49597e-06 -0.00010143 6.12603e-06 7.0995e-08 4.52111e-06 -7.97592e-05 -0.00183738 -0.000140133 3.14168e-05 -2.7574e-06 -7.63303e-05 -0.0035688 7.31978e-06 -5.60329e-07 -0.000699484 2.68719e-05 -0.000473472 -2.92322e-05 -0.0139419 -1.43796e-07 -6.72983e-05 -3.71833e-06 -1.61656e-06 -3.53122e-05 0.000114203 -2.17627e-06 3.24306e-05 0.000205849 1.30436e-06 -0.000765684 -1.44052e-05 -1.37812e-07 1.70744e-05 -1.6644e-05 -3.12303e-06 7.74683e-05 0.00331545 -2.15152e-06 1.36888e-05 1.09833e-06 -0.00133207 7.38959e-06 -0.000412191 -0.000969375 0.000110635 -2.2368e-06 0.000166344 -4.06253e-05 0.000914356 
-5.31223e-05 -0.000258663 -0.000306096 4.17967e-07 -8.50186e-06 -7.39135e-07 -2.19243e-05 -0.000553397 9.18675e-06 -0.000154287 5.43519e-05 -0.000598558 -0.00245578 0.000630204 0.000180195 -6.8139e-05 -0.0002355 -8.62845e-06 0.00142774 3.09839e-06 0.000560203 -0.00264583 0.000146858 4.05591e-05 0.000127488 0.000333057 0.000122035 0.000627155 0.00034126 0.00874107 0.000176053 -0.000570406 -0.00105127 3.72559e-06 0.000223003 -4.50604e-07 3.6185e-06 1.58388e-05 0.000146467 2.90962e-06 2.21773e-05 3.9659e-06 4.45515e-07 -3.37955e-07 1.14632e-05 0.000862505 -0.000140545 -2.84737e-05 7.29262e-05 -0.000393133 5.36226e-06 -1.846e-06 0.000240433 3.15391e-06 -8.71661e-07 0.000148074 -0.000258697 0.000295674 -4.821e-05 2.44792e-05 -5.04464e-06 6.60596e-06 -0.000670891 -2.04297e-06 7.0101e-06 -0.000451338 2.12414e-05 -3.16952e-06 3.11892e-05 -0.00615019 1.81687e-06 -2.33287e-05 1.25427e-05 9.88488e-05 4.98259e-05 7.71062e-07 -1.05409e-06 2.76868e-06 -1.73282e-05 9.98597e-06 -0.000196216 -5.2665e-06 2.9528e-07 -4.04199e-06 -4.45455e-05 0.000114747 6.77342e-05 0.00191484 7.12094e-05 -1.58544e-06 1.53706e-06 -0.000521417 8.70687e-06 -1.9412e-05 0.000292449 0.00015916 9.58144e-05 -7.16077e-07 5.38022e-05 -0.000649052 
3.25798e-05 -2.13053e-05 1.23347e-05 6.77513e-07 3.40128e-06 6.70787e-06 1.73384e-05 -1.37071e-05 9.01809e-07 0.000218612 0.000199879 -0.000453897 -0.000411347 -0.000419064 0.000107292 0.000218905 3.6381e-05 2.16433e-05 3.96972e-05 5.05512e-05 -0.000335007 -0.000198908 0.000273891 7.57583e-05 6.17455e-05 9.00138e-05 0.000295361 4.57971e-05 1.76605e-05 0.000176053 0.000718057 -0.000496531 -0.000282164 2.45838e-07 -0.000269983 3.14667e-07 0.00011456 -0.000545218 0.000215519 0.000119273 4.85703e-05 1.14621e-06 3.32862e-06 4.48906e-06 3.32608e-05 -0.000299708 0.000155745 2.76963e-05 1.78552e-05 -0.000350285 6.93199e-05 5.75363e-07 2.56258e-05 6.86827e-06 4.38398e-08 0.000265063 0.000199692 -0.000275095 3.10323e-05 2.07678e-05 1.64893e-06 4.27666e-05 -0.000425474 1.02992e-05 1.19523e-05 3.53738e-05 -3.36007e-07 7.23955e-05 -3.75745e-07 -0.000391606 1.17802e-06 1.98109e-05 2.72992e-05 0.000133422 9.61494e-05 3.61585e-06 1.9482e-05 8.08979e-07 -0.00031386 2.68184e-05 0.000126695 7.809e-06 -6.90309e-09 9.42764e-06 2.6589e-05 0.00011377 0.000175917 -3.06758e-05 9.45058e-05 6.17511e-06 1.06225e-06 8.1052e-06 3.47098e-06 1.28012e-05 0.000294248 0.000307249 0.00010601 7.40828e-05 7.57852e-05 -0.000494403 
-0.00576667 0.00171642 -0.00313042 -2.54896e-05 -0.00104456 -0.000160351 -0.00396751 -0.00747045 -0.000445121 -0.0250756 -0.00203768 0.00796678 -0.00272379 0.032048 -0.000985376 -0.0114878 -0.0130579 -0.000452152 0.000156554 -0.00120454 0.0359822 -0.0188023 -0.00142461 -0.014827 -0.00102134 -0.000632119 -0.000498305 0.000191814 0.000301484 -0.000570406 -0.000496531 0.0689919 0.0025865 -2.62887e-05 0.0201176 -4.78143e-05 -0.000859868 0.036868 -0.000473617 -0.00044828 -2.53323e-05 -0.000590515 -1.83039e-05 3.59457e-07 -0.000259604 0.0158765 -0.0133952 -0.00310531 0.000139355 0.031128 -0.000258233 -6.57178e-05 -0.00719176 -5.42518e-05 -2.68954e-05 -0.000368175 -0.0216343 0.0171013 -0.0075051 -3.67697e-06 -0.000485075 -0.004055 0.0201246 -5.35245e-05 -5.0776e-05 -0.020925 -0.000136313 -0.0151059 -0.00146035 -0.00483835 -2.75593e-05 -0.00154748 -0.000320321 -0.000229659 -0.00128159 -0.000403171 -0.000227454 -5.15715e-05 0.00858035 -5.36908e-05 -0.0311248 -0.000802258 -4.58716e-06 -0.000279873 -0.00294597 -0.000257937 -0.000495711 0.00359271 -0.000117102 -0.000162468 -6.56731e-06 -0.0124265 -0.000123016 -0.0168962 -0.0346304 -0.000657731 -0.00013637 -0.000238638 -0.00194755 0.0247024 
-0.000225175 -0.000709055 -0.00191874 -3.05615e-05 -0.000157112 -0.00014996 -0.000962126 -0.0024609 -0.000404718 -0.00252612 -0.000140229 0.00201944 0.00621437 0.0013675 -0.00335073 0.000210644 -0.00251487 -0.00018108 -0.00414099 -0.00101567 0.00546188 -0.00383145 -0.000242644 -0.00381127 -0.000355023 -0.00460986 -0.00117048 -0.00236158 -0.00121552 -0.00105127 -0.000282164 0.0025865 0.0232869 -2.40928e-06 0.0020203 -4.32176e-05 -0.000237054 0.00404417 -0.000502603 -1.82836e-05 3.60299e-05 -0.000145862 -1.1813e-05 -1.535e-05 -0.000230122 -0.00370938 -5.17297e-05 3.60158e-06 -0.00101164 0.00483775 -2.84184e-05 -4.53035e-05 -0.00388334 -8.17507e-05 -5.03889e-06 -0.000229831 -0.000516963 0.00303278 -0.000389667 -1.10772e-05 -0.000271341 -0.000348683 0.0064965 -0.00013295 -1.4842e-05 -0.000168621 -0.000373458 -0.00319151 6.42363e-07 0.00246634 -2.02268e-05 -0.00111738 -3.59638e-05 -0.000110073 -0.000435046 -0.000467988 1.50067e-06 -4.14849e-05 0.00120724 -0.000188844 -0.000597398 -0.000573069 -5.24749e-06 -0.000235297 -0.00130536 -0.000158315 -9.40956e-05 -0.0016068 -8.89227e-05 -0.000269991 -1.01529e-05 0.000289618 -1.6318e-05 -0.00292153 -0.00245816 -0.000290064 -0.000118952 -0.000673306 1.05578e-05 0.00373724 
