0.0219125 0.000575917 -0.0033472 -0.00020933 -0.00113866 0.00395951 0.000422024 -0.00832392 -0.00550751 -0.00224725 -0.00236962 -2.56567e-05 0.000223099 0.000672083 -0.0117833 0.00723288 0.00146941 -0.00479325 -0.0105086 -0.0044152 -0.0122153 0.00135316 -0.00333296 0.00623329 0.0127122 -0.0042824 -0.0101062 0.0115077 -0.00742152 0.000688728 0.00389184 0.00650939 -0.00677136 -0.00528436 0.000339415 0.000288785 0.0138667 0.00507423 -0.0048895 -0.00356786 0.00252645 -5.71491e-06 -2.86203e-05 0.0024948 -0.00047816 -0.00826954 8.08159e-05 -0.00399756 -1.54488e-05 0.000705487 -0.00181204 -0.000527097 -0.000117295 0.000716318 0.00610636 0.00265622 0.0126329 0.00337182 0.000468981 0.000971465 -6.04468e-05 -0.00513377 0.0032001 0.000758347 0.00342481 -0.00245214 -0.000869995 0.000123712 -0.000448319 -0.00271119 0.00971601 -0.000138619 -0.00336075 8.01329e-05 0.00224361 -0.00656899 -0.000109081 -0.00287846 -0.00484965 3.30293e-05 0.000446694 -0.000158016 -0.00408943 -4.61918e-05 4.71115e-05 -0.00406823 0.000198631 -5.44992e-05 -2.07707e-05 -0.00880628 -0.00363209 0.0101499 0.00377667 0.00962392 0.00168684 -0.00371248 0.00405357 -0.00070604 0.00215909 -0.000718838 
0.000575917 0.00371395 0.000851176 -3.02141e-05 1.6531e-05 0.00018588 7.5628e-05 -0.00134808 -0.000358142 -0.000137016 -0.000127189 -3.1251e-06 -9.34877e-05 -0.000119627 -4.52361e-05 0.000255291 -0.000717016 -0.000533318 -0.000610064 -0.000395679 0.000226959 0.000984869 0.000305871 0.000115985 0.000658087 -0.000695151 -0.0011902 0.000397635 -0.000361399 -0.000164453 9.84665e-05 0.000244598 -0.00114281 -0.000480527 3.67886e-05 -0.000855398 3.93125e-05 -4.88075e-05 -0.000435247 0.000665213 0.00013576 -3.25974e-05 2.43838e-06 6.74822e-05 -7.00536e-05 1.86269e-05 5.64227e-05 -0.000586323 2.13161e-05 -9.22191e-05 -8.694e-05 -4.41194e-05 -1.60171e-05 0.000217152 -1.4251e-05 7.16303e-05 -1.71072e-05 -3.65705e-05 -4.34292e-05 2.55999e-05 -1.06652e-05 0.000131859 0.000185215 2.64582e-05 0.000116673 0.00032204 -0.000255103 6.48776e-05 -0.00015229 -5.09011e-05 -6.13407e-05 0.000155188 0.00138471 4.392e-05 0.000189558 -0.000657822 0.000149923 0.000681838 -0.00057244 5.38386e-05 9.56839e-05 -5.88263e-05 -0.000580179 4.26195e-05 3.6222e-07 -0.000428587 -2.40462e-06 2.07474e-05 3.33824e-07 -0.000268951 -0.000712523 0.00100769 -1.53607e-05 0.000144336 9.22062e-05 -0.000176103 -1.12616e-05 5.86343e-05 -4.33287e-05 -4.33974e-05 
-0.0033472 0.000851176 0.17946 -0.00209618 -0.00490006 -0.00273889 -0.000733833 -0.0829928 -0.00810873 -0.00593605 -0.0261517 0.000643521 -0.00363838 0.00288506 0.0180529 -0.0204448 0.0202281 -0.0382528 0.0210273 -0.0710751 0.02571 0.0617301 0.0021264 -0.0138592 -0.00328288 -0.0100606 -0.0470089 0.0361029 0.0163929 -0.00906725 0.0036081 0.00189942 -0.0650904 -0.0295182 -0.00145123 -0.0418133 -0.00680442 0.0104885 -0.0562287 0.0868362 0.000948659 -0.00115387 0.00028983 0.00474774 0.0023345 0.0583703 -0.00527934 -0.0581186 -0.000232451 -0.0149168 0.0153438 0.00228954 -0.000575105 -0.000169551 -0.012704 -0.0031525 -0.0170163 -0.0035222 -0.0092597 -0.00135262 -0.00035496 0.0144286 -0.00142544 0.00189901 0.00314487 0.110745 -0.0124132 0.00276378 0.00485301 -0.0211211 -0.00350427 0.00118505 0.0984613 -5.86873e-05 -0.00296551 -0.044967 -0.000209117 0.0753799 -0.00134217 0.000750013 -0.00475587 -0.0049397 -0.0378334 -0.00428069 4.28172e-05 0.0164112 0.000787444 -0.000458115 -0.00019247 -0.033622 -0.0598145 -0.00642948 -0.00279867 -0.012731 -0.000649094 0.002089 0.0182563 -0.00192998 0.00672502 0.0105623 
-0.00020933 -3.02141e-05 -0.00209618 0.00964728 -0.000257618 -0.000106758 -3.0029e-05 0.00507691 -0.00194436 0.00154063 0.00112004 -1.0675e-05 0.00017448 -0.000282862 -0.000808564 0.00145121 0.00134709 0.000822791 -0.000106089 -0.000382005 -0.00136484 -0.0018788 -0.00132149 -0.000931163 -0.000988138 -0.000387711 0.0044503 -0.000842462 0.00331082 -0.00106023 -0.000185053 -0.00173936 -0.00105846 0.0019183 -5.94753e-05 -0.0026023 -0.000225705 -0.00165239 0.00151703 -0.00257317 -6.84809e-05 -5.97673e-05 3.24769e-05 -0.0001655 0.0025557 -0.00362747 -0.000345573 -0.00244115 -8.72917e-06 -0.000520382 0.00126725 -0.000206591 5.22515e-05 -8.99418e-05 -0.000998388 -0.000171286 -0.000713986 0.000121023 -0.000430493 -4.56151e-05 6.82685e-05 0.00104124 -6.91755e-05 -4.07654e-05 -0.000101765 -0.00161969 -0.00122754 -3.97223e-05 -0.000241575 0.00364918 -0.000836211 -3.58442e-05 -0.00230118 -7.64082e-06 -0.000125796 0.00530779 -5.343e-05 -0.00152973 -0.00384736 -1.82069e-05 -7.13391e-05 -0.000157683 0.00300403 -9.60438e-05 -2.1772e-06 0.00136348 -1.34233e-05 -4.93264e-05 -5.79126e-06 0.00120357 -0.000838394 -0.000109357 0.000235748 -0.000459373 -2.22529e-05 -0.00131134 -0.000832522 -0.000292054 -0.000300549 -0.000592853 
-0.00113866 1.6531e-05 -0.00490006 -0.000257618 0.0522886 -2.61999e-05 -0.00016826 -0.001697 0.00552354 -0.00880735 -0.00439609 -4.96604e-05 -0.000757683 0.00170994 0.0179267 0.0132459 -0.0101149 -0.00747371 -0.00646702 0.0211713 0.0141225 0.0177276 -0.00338858 -0.00520596 0.000596818 -0.012551 -0.00764397 0.00243065 0.00639069 -0.00640398 -0.00129485 -0.00820071 -0.00252724 -0.0133902 4.36366e-05 -0.00519376 -0.000218416 0.00418739 0.0128168 0.0107423 -9.40377e-05 -0.000128422 -5.02096e-05 0.000259164 -0.00136296 -0.00531173 -0.00216317 -0.000754687 -2.88341e-05 -0.00373369 0.00270886 -0.00110852 -0.000165851 0.00268182 -0.0057236 -0.000985578 -0.000890541 -0.00046113 0.0051897 -0.000333185 -0.0001344 -0.0159525 -0.000256524 -1.22443e-05 -5.74392e-06 0.000871235 -0.00601251 -0.00248907 -0.000202471 -0.00609806 -0.00424318 0.000166925 -0.00103736 -2.23855e-07 0.00131798 0.00113541 0.000974106 -0.000359247 -0.0141398 -0.000284953 0.00119121 -0.00114121 -0.00682978 -0.00115684 3.90961e-06 -0.0127237 1.79556e-07 -0.000230761 3.75349e-05 0.0154311 -0.0118116 0.00294409 -3.1573e-05 0.00679312 -1.91259e-05 -0.00678261 -0.00262587 0.00548309 0.00462397 -0.00260388 
0.00395951 0.00018588 -0.00273889 -0.000106758 -2.61999e-05 0.0176947 0.000554797 -0.00696107 -0.0055402 -0.00165032 -0.000194208 1.79214e-05 0.00016642 -0.000178294 -0.00592172 0.0103722 0.000808121 0.000320979 -0.00806492 0.0035722 -0.00829568 0.000301501 -0.00178976 -0.000557053 0.0096544 -0.00468139 -0.004702 0.00155793 -0.00468315 -0.00130727 -0.000163423 -0.00187531 -0.00486759 -0.00227063 -5.33366e-05 0.00474555 0.00469827 0.00884444 0.00144082 -0.00334168 0.000754322 -0.000172504 1.0514e-05 -0.000234043 -0.000403495 -0.00650852 -0.000806736 -0.00184088 -6.92833e-06 -0.000216021 -0.000901287 -0.000173591 -9.08043e-05 2.68846e-05 -0.000749939 -0.000228654 0.00972753 0.00646383 -0.000635537 0.000191133 7.33682e-05 -0.00214928 0.00273329 0.000145933 0.000502013 -0.000472671 -0.00179006 -0.000463229 0.00218716 -0.000304964 -0.00106493 -9.33813e-05 6.86088e-05 0.000166737 0.00667266 -0.00309224 -0.000179319 -0.0014274 -0.00710371 -7.0445e-05 0.000491151 -0.000386307 -0.00196744 0.000305395 3.02609e-05 -0.00236346 0.000109146 0.000381841 -4.20534e-06 -0.00308161 -0.00541678 0.00631785 0.00280379 0.00900036 0.0014215 -0.00195293 -0.00146376 -0.000526068 -0.000160242 -0.00100663 
0.000422024 7.5628e-05 -0.000733833 -3.0029e-05 -0.00016826 0.000554797 0.00328025 -0.00132487 -0.00102492 -0.000659544 0.00104429 -2.22956e-06 -0.000103753 -9.6197e-05 -0.00199562 0.000214256 -0.00223987 9.05465e-05 -0.00180354 -0.000546224 -0.00145574 -0.000277881 0.00114584 0.00222843 0.000760163 0.00123205 -0.000970531 -0.000202343 -0.00125284 0.00230401 -5.38659e-05 0.00130462 -0.00101909 -0.000297003 0.00075555 0.00138551 -3.26375e-05 3.80796e-05 -0.000536923 -0.000920725 7.78717e-06 2.17236e-05 4.7067e-06 -5.41713e-05 -0.000115787 -0.00151281 0.0013301 -0.000316724 -1.34142e-06 -9.12882e-05 -0.00030187 -7.30158e-05 -1.6254e-05 -1.28363e-05 0.000843651 0.000854523 0.00045311 0.000237316 -0.000122726 0.000162526 -7.41136e-06 -0.00100899 0.000756702 -7.64576e-06 -2.47653e-05 -0.000567778 0.00226458 -0.00014998 0.000149767 -0.00040263 0.000661182 2.42248e-05 -7.24952e-05 1.86369e-06 0.000491561 -0.000964353 -1.31017e-05 -0.000380941 -0.000943935 -1.17952e-05 -8.91209e-05 0.00113227 -0.000609373 -2.34536e-05 2.57681e-06 -0.000815993 9.54058e-06 0.000433197 -2.3361e-06 -0.00116646 0.000698093 0.00023655 7.68559e-05 0.000259503 0.000250301 -0.000276004 -0.000124494 -8.73019e-05 -6.30327e-05 -1.95807e-05 
-0.00832392 -0.00134808 -0.0829928 0.00507691 -0.001697 -0.00696107 -0.00132487 0.241119 0.087712 0.0353572 -0.0093133 -0.000378617 -0.00882577 -0.00305538 0.0320714 -0.0348182 -0.0328494 0.0318181 0.0827802 0.0391945 -0.0159268 -0.0755467 -0.0433714 -0.0363996 -0.0425231 -0.0221018 0.10089 -0.0328139 0.0651951 -0.0414626 -0.00849729 -0.0649206 0.152979 0.0583073 -0.00110939 -0.0715039 -0.00527868 -0.0797973 0.057267 -0.104672 -0.00300588 -0.000840974 -0.000270852 -0.00628617 0.00411604 0.0361311 -0.0162059 0.0582291 -0.000411982 -0.00482705 -0.0192572 -0.00309851 0.00166816 0.00135869 -0.0292169 -0.000554285 -0.028364 -0.00788432 -0.0141981 -0.00213869 -0.000455934 0.0135395 -0.00374861 -0.00148238 -0.00445074 -0.0596164 -0.0488634 -0.0159892 -0.021635 0.0308944 -0.0344979 -0.00178753 -0.0926922 -0.000255064 -0.00546719 0.107082 0.00141196 -0.033143 -0.0221158 -0.00072918 0.0050861 -0.00715791 0.0723471 -0.00766175 -9.5559e-05 0.0174552 -0.000649428 -0.00203463 0.000179397 0.0359551 0.0537647 -0.0127802 -0.000447793 -0.0219013 -0.000967346 0.0121554 -0.0314144 -0.0102311 -0.00967675 -0.01482 
-0.00550751 -0.000358142 -0.00810873 -0.00194436 0.00552354 -0.0055402 -0.00102492 0.087712 0.218596 -0.0351826 -0.0256297 -0.000103817 -0.0110143 0.000454127 0.0771813 -0.0539641 -0.0493687 0.00920673 0.108591 0.0318128 0.0642411 -0.0029494 -0.0530475 -0.0271752 -0.0187799 -0.0729019 -0.0299533 -0.0211267 0.0236118 -0.0351957 -0.00781662 -0.044269 0.108664 -0.0170835 -0.000436117 -0.0628259 -0.00230753 -0.060322 0.0450107 -0.0229313 -0.00251237 -0.00235289 -0.00038773 -0.00498459 0.000851262 0.0598429 -0.0148855 0.110822 -0.000341429 0.00877007 -0.02773 -0.00308301 0.00213908 -0.00183622 -0.0257173 0.00227226 -0.0232154 -0.00641608 -0.000332113 -0.00153111 -0.000873857 -0.0349536 -0.00270958 0.000364517 -0.000722726 0.0129901 -0.0310118 -0.00808359 -0.0162916 -0.033685 -0.0280221 -0.0020546 -0.00863956 -0.000178061 -0.00457337 7.21103e-05 0.00554762 0.00602803 0.0133439 -0.00140802 0.00473813 -0.00567966 -0.0184358 -0.00656733 -5.52309e-05 -0.0645565 -0.000536682 -0.00156027 0.000299285 0.0275921 0.0771874 -0.00744981 -0.00242569 -0.0174364 -0.000650792 0.012942 -0.0207619 -0.0105163 0.00639547 -0.0107697 
-0.00224725 -0.000137016 -0.00593605 0.00154063 -0.00880735 -0.00165032 -0.000659544 0.0353572 -0.0351826 0.162164 -0.0271385 -0.000153235 -0.00514682 0.000947875 -0.0409525 -0.0388878 0.000632322 0.0118446 0.0664028 -0.0660157 -0.10104 -0.0193324 -0.0277591 -0.0195255 -0.0101705 0.0140526 0.052509 -0.00268968 0.0541646 -0.0206309 -0.00326951 -0.0315008 0.00714719 0.103388 -0.00122662 -0.0612785 -0.004633 -0.0247118 -0.0538664 -0.0309933 -0.00137568 0.00526413 0.00039864 -0.00291101 -0.00186927 0.0846018 -0.010106 -0.057138 -0.000169287 -0.0120466 -0.0112766 0.0107125 -0.000646883 -0.0031349 -0.023183 -0.00327106 -0.0134169 -0.00399887 -0.000324264 -0.00119194 -0.000291448 0.083623 -0.00167107 -0.000780601 -0.00188868 0.00777317 -0.0250553 0.00825307 -0.0105348 0.0429635 -0.0162348 -0.000283762 -0.00981844 -0.000147052 -0.00255595 0.0992503 -0.00171837 0.0167338 -0.053854 0.00136123 -0.00155692 -0.00445189 0.098942 -0.00137136 -4.07579e-05 0.114469 -0.000142348 -0.000925295 -0.000175949 -0.0785911 -0.0647605 -0.00623721 0.000387749 -0.00942828 -0.00038813 0.0380184 -0.0167939 -0.00521006 -0.00485875 -0.0115338 
-0.00236962 -0.000127189 -0.0261517 0.00112004 -0.00439609 -0.000194208 0.00104429 -0.0093133 -0.0256297 -0.0271385 0.121536 -0.000114325 -0.0020487 -0.00168365 -0.00121233 -0.0127582 0.00299535 0.0105843 -0.0493265 0.0327406 0.021753 -0.02335 0.0145217 0.0196356 -0.0121446 0.0256541 0.0291285 -0.0107054 -0.00876866 0.0234232 -5.95886e-05 0.0186071 -0.015911 -0.0233194 0.00245381 0.0352639 -0.00255935 -0.00172655 0.0426102 -0.0174937 -0.00102852 -0.00118058 2.59045e-05 -0.00128816 0.00315764 -0.0635688 0.019903 0.00288572 0.00025337 -0.00205042 -0.00183152 -0.00269681 -0.00025209 -0.00130393 0.0218079 0.00242172 -0.00799121 -0.002542 -0.00552081 0.000738995 -0.00011186 -0.0348208 0.000437312 -0.000483154 -0.00151755 -0.0233534 0.0289708 -0.00505085 -0.00602123 -0.010559 0.0121884 0.00110931 -0.0286999 -0.000124859 -0.00139482 -0.0179867 -0.000990131 -0.0205317 0.014777 -0.000714947 -0.000647416 0.00829938 -0.0222493 0.00362635 -3.25168e-05 -0.0229953 -0.000119661 0.000840036 0.000214381 0.0306444 0.0515157 -0.00438325 -0.00105877 -0.00637436 -0.000371085 -0.0175953 0.0055926 -0.00329977 -0.00367518 -0.00756242 
-2.56567e-05 -3.1251e-06 0.000643521 -1.0675e-05 -4.96604e-05 1.79214e-05 -2.22956e-06 -0.000378617 -0.000103817 -0.000153235 -0.000114325 0.00117136 -3.55973e-05 -3.93476e-05 -0.000223901 -0.000176142 0.000176823 -0.000402855 0.000145636 -0.000296583 -0.000152557 6.05521e-05 -7.21971e-05 -6.64081e-05 -2.51483e-05 -0.000151781 -0.000384703 0.000250446 -8.41826e-07 4.69066e-05 0.000245065 0.00018495 -0.000278729 0.000145713 -6.93301e-06 -9.4513e-05 -3.6747e-05 -4.45808e-06 -0.000252104 -3.34757e-05 -6.92266e-06 7.94852e-07 5.17821e-06 2.80695e-05 -1.13e-05 0.000301473 7.26071e-05 -0.000299891 4.0185e-07 -5.29319e-05 -6.92296e-05 0.000137527 -4.58796e-06 -1.73452e-05 -0.000104486 -8.59169e-06 7.93102e-06 -1.22745e-05 -5.01182e-05 -7.05059e-06 1.91769e-05 4.00178e-05 -2.03648e-06 -9.0453e-07 9.87014e-06 0.000474733 6.16945e-05 -4.20913e-05 4.7128e-05 -4.1141e-05 1.48401e-05 5.5277e-06 0.000115192 6.23122e-06 -8.49451e-06 -0.000169054 3.06039e-05 0.000427338 -0.000130947 1.47541e-06 -2.95341e-05 -2.17182e-05 -0.000187845 7.08196e-05 6.96896e-07 0.000216159 1.36875e-05 1.44307e-05 -1.1992e-06 -0.000230993 -0.00031934 -4.11106e-05 1.52691e-05 -1.97269e-05 -2.88417e-06 0.000149473 4.66547e-05 -2.22424e-05 0.000115178 -4.67191e-05 
0.000223099 -9.34877e-05 -0.00363838 0.00017448 -0.000757683 0.00016642 -0.000103753 -0.00882577 -0.0110143 -0.00514682 -0.0020487 -3.55973e-05 0.03967 -9.86049e-05 -0.0154848 0.00284659 0.0049674 0.000488658 -0.0192186 -0.00504605 -0.0128491 -0.00514606 0.00242196 0.00412643 0.00745392 0.0121075 -0.00282369 -0.00194353 -0.00788291 0.0125934 0.00459899 0.0188994 -0.0107099 -0.00158173 -0.000228282 0.0152478 0.000536117 0.00975355 -0.00539916 -0.00712834 -0.000285209 -0.000126527 -2.50266e-05 0.00243224 0.00332993 -0.0109921 0.000448026 -0.012394 -3.9242e-05 0.0031454 0.000173991 0.000905939 -0.000209021 -2.17129e-05 -2.86094e-05 -0.000666954 0.00638987 0.000808041 0.000123983 -0.000210951 0.0010683 -0.0108432 0.000758345 -0.000121872 -0.000194233 -0.00600387 0.00997105 0.00575306 -0.00024169 -0.000637621 0.00769766 0.000104306 0.00246899 2.58286e-05 0.00236407 -0.00155641 -0.000478942 -0.00591267 0.00343502 0.00180422 0.000185927 -6.68708e-07 -0.0060359 0.00408829 -9.49187e-06 0.00303599 -4.14156e-05 6.58803e-05 1.62866e-05 -0.00840022 -0.00880893 -0.00170315 -9.13622e-05 0.00348725 -7.66292e-05 0.0019982 0.00104549 0.00153564 -0.00121061 -0.000369365 
0.000672083 -0.000119627 0.00288506 -0.000282862 0.00170994 -0.000178294 -9.6197e-05 -0.00305538 0.000454127 0.000947875 -0.00168365 -3.93476e-05 -9.86049e-05 0.0380534 0.00309481 -0.00160578 -0.00930675 0.00234146 0.00144679 -0.00531712 -0.00244404 -0.0013987 -0.000147576 -0.00212414 0.00123543 0.00357659 0.00447614 -0.00202195 8.53374e-05 -0.00171739 -0.000429781 -0.00335987 -0.00257554 -0.000936582 -0.000135769 -0.00867139 0.00421213 -0.00342604 -0.00805352 0.00546904 -8.67932e-05 0.00130483 8.42978e-05 -0.000601426 0.00190142 0.00514088 -0.00092012 -0.00543434 -4.25248e-05 -0.000727001 0.00163941 -0.000161224 -8.51307e-05 0.0011034 -0.00122479 -0.000443914 -0.0018859 0.00106658 2.49294e-05 -0.000171395 0.00012475 0.00179472 0.000454594 -6.66416e-05 -2.98541e-05 -0.00275737 -0.00229401 0.00120081 -0.00198502 0.00180493 -0.00227587 -0.000231989 0.0062534 0.00017327 -0.000251051 -0.00437277 -0.000421624 -0.00503634 0.00530848 0.00018019 0.00321046 -0.00031562 -0.00188426 0.000611746 -6.18721e-06 0.00657078 -6.12835e-05 -0.000156272 2.90638e-05 -0.010677 -0.00136303 0.00155946 -0.000127483 -0.00157343 -2.36311e-05 -0.0051298 -0.00253294 -0.000757936 0.00109984 0.00203943 
-0.0117833 -4.52361e-05 0.0180529 -0.000808564 0.0179267 -0.00592172 -0.00199562 0.0320714 0.0771813 -0.0409525 -0.00121233 -0.000223901 -0.0154848 0.00309481 0.232203 0.0168635 -0.00600896 -0.0100085 0.0322576 0.0825516 0.103409 0.0367092 -0.0102887 -0.0605082 -0.0352434 -0.0702202 0.0263051 -0.00490169 0.0224044 -0.0738039 -0.013869 -0.0868676 0.0315185 -0.0654075 -0.00235256 -0.0479955 -0.0145485 -0.00565223 0.0830634 0.0376685 -0.00155016 0.000406472 4.23861e-05 -0.00768706 0.00630377 0.0152625 -0.0205138 0.0456084 -0.000407069 -0.0120353 0.0330504 -0.00294392 0.0010351 0.00164361 -0.0449149 -0.00655464 -0.0289438 -0.0119786 -0.00611251 -0.0036494 -0.00152601 -0.0510207 -0.00563641 7.52157e-05 -0.000848592 0.028751 -0.0675325 -0.00689496 -0.00665508 -0.0287131 -0.0563247 0.00104389 0.0195527 -0.000253189 -0.00381326 -0.0192232 0.000859901 0.00961339 0.0161075 -0.000761207 -0.00179959 -0.00975254 -0.0315611 -0.0124415 -1.43278e-05 -0.0529215 -0.00103782 -0.000898065 0.000223157 0.124774 0.0260996 -0.0028837 -0.00795988 -0.0127742 -0.00147973 -0.0300982 -0.0347963 0.00916219 0.0073086 -0.0171887 
0.00723288 0.000255291 -0.0204448 0.00145121 0.0132459 0.0103722 0.000214256 -0.0348182 -0.0539641 -0.0388878 -0.0127582 -0.000176142 0.00284659 -0.00160578 0.0168635 0.177774 0.0334523 -0.0119227 -0.111395 0.0699029 0.0201561 0.0290915 0.0475249 -0.0123973 0.0217335 -0.0304967 -0.0351682 0.0212156 -0.0675179 -0.0161389 -0.00397626 -0.0223402 -0.0258945 -0.0398421 -0.00127351 0.0595792 0.0144984 0.083076 0.0278934 0.0215056 0.00424578 -0.00145527 -0.000271436 -0.00321288 -0.00392217 -0.0993762 -0.0037431 -0.0138278 0.000355251 0.012327 0.0352214 -0.00509763 -0.000763516 0.00902065 -0.0157457 -0.00286892 0.0485039 0.0135852 -0.00885722 0.000215797 -3.45801e-05 -0.0275772 0.00423422 -0.000210821 -0.000201161 -0.0170313 -0.0173654 -0.00909231 0.0244722 0.00213154 -0.0092284 -0.00133563 -0.0127442 0.000127016 0.00954218 -0.0379884 -0.00184977 -0.00399228 -0.0137362 -0.00127665 0.00945868 -0.00327235 -0.0308493 0.0012181 0.000154847 -0.0519193 -0.000203005 0.00159855 -0.000178525 0.0734539 -0.0438358 0.0263516 0.00663491 0.0380435 0.00177196 -0.0258501 -0.0130847 0.0210742 -0.000348547 -0.000260923 
0.00146941 -0.000717016 0.0202281 0.00134709 -0.0101149 0.000808121 -0.00223987 -0.0328494 -0.0493687 0.000632322 0.00299535 0.000176823 0.0049674 -0.00930675 -0.00600896 0.0334523 0.14801 -0.007892 -0.0342696 -0.0151628 -0.0123954 0.0178398 0.00741149 -0.00968261 0.00990783 -0.00201795 -0.0192809 0.0117773 -0.0410662 -0.0052769 0.00390539 0.000744218 -0.0396207 0.000322286 -0.00429146 0.0234902 0.00435819 0.0320267 -0.02468 0.0291816 0.000605963 -0.00315719 -0.00031741 0.00282038 0.00576002 -0.0284907 -0.00396429 -0.0410739 5.48745e-05 0.00575648 0.0127805 -0.00235166 -0.000858809 0.000184942 -0.0103352 -0.00684087 0.012847 0.00287973 -0.00261222 -0.00110869 0.000328076 0.0279623 -0.0018527 0.000269497 0.000421194 0.0136776 -0.0116308 0.00298708 0.00908882 0.0106727 0.00313904 -0.00171258 0.00801436 -0.000124296 -0.000376162 -0.0179937 -0.00361231 0.0114846 0.00401894 -0.000162119 0.000102656 -0.00883337 -0.00241498 0.0032982 1.21078e-05 0.0117819 0.00023001 -2.31899e-05 -0.000773525 0.00945575 -0.0475208 0.00333928 0.00233096 0.00659797 -0.00100653 -0.00380346 0.00918497 0.00410881 3.08835e-05 -0.0120856 
-0.00479325 -0.000533318 -0.0382528 0.000822791 -0.00747371 0.000320979 9.05465e-05 0.0318181 0.00920673 0.0118446 0.0105843 -0.000402855 0.000488658 0.00234146 -0.0100085 -0.0119227 -0.007892 0.0801044 0.00497406 0.0152798 -0.00637805 -0.0489582 -0.00903414 0.00348961 0.00113772 0.0248693 0.0361362 -0.0480906 -0.00332552 0.00719246 -0.0117523 -0.00420779 0.0251153 0.00962924 0.00045762 0.0176724 -0.00190297 -0.00979789 0.0118759 -0.0396837 -0.00459362 0.000787797 7.86189e-05 -0.00950865 0.000946948 -0.00707389 -0.000222631 0.0168354 -0.00012041 0.0058777 -0.0196535 -0.000500161 -0.000102722 -0.00290853 0.00480496 -0.000227753 0.00134671 0.00101138 -0.00333908 4.84609e-05 -4.64545e-05 0.00878996 -0.0010248 -0.00210952 -0.00395355 -0.0386139 0.00812021 0.00334683 0.000447937 0.00726825 -0.00247106 -0.000410941 -0.00523908 -3.07182e-06 0.000411533 0.0204981 -0.00211409 -0.0510633 0.0285418 -0.000595758 0.000923752 0.00159214 0.0153212 0.000736562 -6.48682e-05 0.00890608 -0.00136678 -0.0011307 4.41477e-05 -0.00732613 0.0272319 -0.00273264 0.00074139 0.00242492 -0.000500723 -0.00266533 -0.0111663 -0.0131582 -0.0139251 0.00180653 
-0.0105086 -0.000610064 0.0210273 -0.000106089 -0.00646702 -0.00806492 -0.00180354 0.0827802 0.108591 0.0664028 -0.0493265 0.000145636 -0.0192186 0.00144679 0.0322576 -0.111395 -0.0342696 0.00497406 0.245787 -0.0651014 -0.0171736 -0.00907585 -0.0755829 -0.0456025 -0.0301714 -0.0460287 0.0380893 -0.0128835 0.0994268 -0.0578686 -0.00943097 -0.0684756 0.0782411 0.0714088 -0.00105566 -0.14138 -0.0143097 -0.0810635 -0.0231086 -0.00634347 -0.00430676 0.000880421 0.000174194 -0.00573733 -0.00487042 0.169992 -0.0247743 0.0325431 -0.000255742 -0.0132774 -0.0371083 0.00447099 0.00156596 -0.00912827 -0.0423789 0.000741103 -0.042974 -0.0116986 0.0142227 -0.00342099 -0.00142136 0.0875469 -0.00490797 0.000380613 -0.00325511 0.0455761 -0.0588187 0.00521177 -0.0251668 0.0190982 -0.0501243 5.97077e-05 0.0187707 -0.000584852 -0.0079817 0.0719434 0.00320099 0.0273945 -0.0185209 -0.00229169 -0.00799624 -0.0101889 0.0690604 -0.00906902 -9.7426e-05 0.0692317 -0.000522401 -0.00226267 7.91217e-05 -0.0613428 -0.00236396 -0.020738 -0.00356662 -0.0312549 -0.00126548 0.0418516 -0.0335252 -0.0177577 0.00383589 -0.0170292 
-0.0044152 -0.000395679 -0.0710751 -0.000382005 0.0211713 0.0035722 -0.000546224 0.0391945 0.0318128 -0.0660157 0.0327406 -0.000296583 -0.00504605 -0.00531712 0.0825516 0.0699029 -0.0151628 0.0152798 -0.0651014 0.225603 0.0810768 -0.0153108 0.0102161 -0.0309622 0.00246337 -0.0600174 0.0267693 -0.0168712 -0.0359707 -0.0372333 -0.00837446 -0.0458109 0.0498088 -0.0846028 -0.00103157 0.0565216 -0.00178721 0.0464832 0.12806 -0.017358 0.000997036 -0.00428142 -0.000350894 -0.00535994 -0.00239279 -0.1053 -0.0124247 0.0884657 0.000457632 -0.00352261 0.00384921 -0.00821679 -0.000862436 0.00138416 -0.0164054 -0.00299339 0.0280991 0.00938463 -0.0121594 -0.00200316 -0.000579495 -0.0749064 0.00117134 -0.00111187 -0.000729358 -0.0596539 -0.0279124 -0.0157272 0.0234732 -0.0321061 -0.0288671 -0.000259562 -0.0455383 3.453e-05 0.00535055 -0.0516804 0.00098833 -0.0499496 0.0513697 -0.00183777 0.0031238 -0.00306888 -0.0578352 -0.0062152 -2.30204e-05 -0.0852642 -0.000439138 0.000358206 0.000318474 0.150346 0.0623344 0.00752266 -0.000874233 0.0219236 0.00052635 -0.0469323 -0.0260757 0.00944249 -0.00148513 -0.00971883 
-0.0122153 0.000226959 0.02571 -0.00136484 0.0141225 -0.00829568 -0.00145574 -0.0159268 0.0642411 -0.10104 0.021753 -0.000152557 -0.0128491 -0.00244404 0.103409 0.0201561 -0.0123954 -0.00637805 -0.0171736 0.0810768 0.200079 0.0319053 0.0155683 -0.00655769 -0.0137848 -0.047991 -0.0320411 -0.00592663 -0.0191854 -0.0182783 -0.015607 -0.0237001 0.0028366 -0.11401 0.000602952 0.0217602 -0.0127216 0.0116407 0.0665423 0.0490467 -0.00101562 -0.0031148 -7.77822e-05 -0.0069185 -0.00216908 -0.0439526 0.00924658 0.0671613 0.000169935 -0.0113889 0.0231588 -0.0121198 0.000571399 -0.00096625 0.00655753 0.000349868 -0.00978771 -0.00266 -0.00375112 -0.00211905 -0.00127834 -0.0678988 -0.00409742 -8.737e-05 -0.00140326 0.0155812 -0.00604712 -0.0152819 0.0124849 -0.0595443 -0.017561 0.000329703 0.0241022 -0.000444514 -0.00499982 -0.0805731 0.0023075 0.00308722 0.0552508 -0.00355646 -0.00321197 5.53178e-05 -0.0892687 -0.0127383 -8.06219e-06 -0.116763 -0.00115432 -8.30623e-05 0.000217417 0.110563 0.0675554 -0.00627289 -0.00747769 -0.00734739 -0.00182982 -0.0406614 0.00200527 0.00616959 0.00722313 0.00629937 
0.00135316 0.000984869 0.0617301 -0.0018788 0.0177276 0.000301501 -0.000277881 -0.0755467 -0.0029494 -0.0193324 -0.02335 6.05521e-05 -0.00514606 -0.0013987 0.0367092 0.0290915 0.0178398 -0.0489582 -0.00907585 -0.0153108 0.0319053 0.156887 0.0102634 -0.0128634 2.30867e-05 -0.0311262 -0.0819592 0.0357882 -0.0231404 -0.0152872 -0.00102438 -0.0145068 -0.0600197 -0.0407257 -0.000972198 -0.0137911 0.000527865 0.0546202 -0.02176 0.106132 0.0025696 -0.00187299 -0.000249283 0.00209656 -0.00466848 0.0114532 -0.00438806 -0.0246648 9.38289e-05 -0.0136437 0.0181322 -0.00308523 -0.000613627 -0.00158178 -0.0118384 -0.00293003 -0.00156267 -0.00146276 0.0144817 -0.000522205 -0.000528914 -0.00531336 -0.000471473 0.00211998 0.00510418 0.0631531 -0.013281 0.0021958 0.00566042 -0.0206669 -0.0087453 -5.94427e-06 0.0698429 -0.000170631 0.00178912 -0.0569623 -1.96176e-05 0.0657632 -0.0304903 -0.00102379 -0.000687178 -0.00252482 -0.0358954 -0.00347326 9.66896e-05 -0.0399178 1.63146e-05 0.00221814 -0.000183496 0.0145539 -0.0611302 0.0118854 -0.00259095 0.00190229 -0.000487037 -0.00613884 0.00446643 0.0127262 0.0123511 -0.00242453 
-0.00333296 0.000305871 0.0021264 -0.00132149 -0.00338858 -0.00178976 0.00114584 -0.0433714 -0.0530475 -0.0277591 0.0145217 -7.21971e-05 0.00242196 -0.000147576 -0.0102887 0.0475249 0.00741149 -0.00903414 -0.0755829 0.0102161 0.0155683 0.0102634 0.140662 0.0105579 -0.000552355 0.0214331 -0.00410963 0.000709314 -0.0376262 0.0242344 -0.00307435 0.017868 -0.0424587 -0.0268844 -0.000332351 0.0511376 -0.00326268 0.0270969 -0.00518914 0.0202618 0.00122409 -0.0011136 -3.71916e-05 -0.00177696 -0.00391905 -0.0578369 0.0185959 -0.0368585 4.36764e-05 0.00117698 0.036352 -0.00166933 -0.000560651 0.00805949 0.00618464 -0.00242537 -0.00330401 -0.00175062 0.00444757 0.000388482 -0.000128154 -0.0135815 0.000876255 -0.000213778 0.000242723 -0.0167207 0.0226374 0.00165682 0.00630111 0.00289564 0.00184719 0.000645328 0.0061172 0.000290012 0.000469873 -0.0348493 -0.00179617 -0.00169908 0.0107815 -0.000841553 0.00107784 0.00340375 -0.0252074 0.00483837 4.99519e-06 -0.0293075 -0.000244904 0.00132229 -9.79185e-05 0.0276063 -0.0093703 -0.00276947 -0.00171002 -0.00771366 -0.00046888 -0.0205649 -0.000818 0.0182603 -0.000216519 0.0189835 
0.00623329 0.000115985 -0.0138592 -0.000931163 -0.00520596 -0.000557053 0.00222843 -0.0363996 -0.0271752 -0.0195255 0.0196356 -6.64081e-05 0.00412643 -0.00212414 -0.0605082 -0.0123973 -0.00968261 0.00348961 -0.0456025 -0.0309622 -0.00655769 -0.0128634 0.0105579 0.0871345 0.00684638 0.0535705 -0.0287816 -0.00296208 -0.0356309 0.0673257 0.00520442 0.0709472 -0.027995 -0.00901244 0.00363162 0.0548415 0.00432809 -0.015981 -0.0255277 -0.0258187 -0.000252245 0.000701734 -5.93585e-05 0.00227756 -0.00321055 -0.0439364 0.0290524 -0.00662563 -0.000103111 0.00844073 -0.0086888 -0.00226353 -0.000399858 -0.000768445 0.0626238 0.00854766 0.00421546 -0.00164846 -0.00439212 0.00453513 -2.77713e-05 -0.0284597 0.00205563 -0.000121939 0.000429 -0.0171493 0.0634762 -0.00388731 -0.00544467 -0.00930261 0.0547279 -0.000342473 -0.0158188 -9.0665e-05 -0.000572976 -0.027382 -0.00102868 -0.0158496 0.000811985 9.07259e-06 -0.00214987 0.012338 -0.0177796 0.0042405 -1.91812e-05 -0.0226448 -0.000100051 0.000530172 -5.75742e-05 -0.038205 0.0425263 0.00107526 -0.000971664 0.00161498 -0.000149386 -0.0128176 0.0337538 -0.00225351 -0.00168349 0.0145857 
0.0127122 0.000658087 -0.00328288 -0.000988138 0.000596818 0.0096544 0.000760163 -0.0425231 -0.0187799 -0.0101705 -0.0121446 -2.51483e-05 0.00745392 0.00123543 -0.0352434 0.0217335 0.00990783 0.00113772 -0.0301714 0.00246337 -0.0137848 2.30867e-05 -0.000552355 0.00684638 0.0985097 -0.00502163 -0.044975 0.00657481 -0.0363953 0.00680874 0.000589271 0.0154113 -0.0338534 -0.025446 -0.000432763 0.0249853 0.0133461 0.0406062 -0.0160065 0.000302206 0.00206148 -0.00115828 -0.000144844 0.000563064 -0.000258387 -0.0146894 8.12266e-05 -0.00569635 -3.93879e-05 -0.000914755 -0.00921992 -0.000654393 -0.000491816 -0.001319 0.0087316 -0.000310351 0.04425 0.0160469 0.0107859 -0.000287535 9.07198e-05 -0.00926786 0.00596188 0.00091512 0.0023342 -0.00584733 0.00327167 0.00933371 0.0174471 -0.0131697 0.0105826 -0.000321404 0.025284 0.000309218 0.00741926 -0.0311115 -0.00125431 -0.00509158 0.0179138 0.000382883 -0.0015062 -0.0018494 -0.019433 -0.00161725 4.67101e-05 -0.0111987 9.51923e-05 0.000226682 -0.000101497 -0.0248898 -0.0209598 0.0102451 0.00460441 0.0316039 0.00209122 -0.00434298 0.00643697 -0.0024702 0.00259359 -0.00461253 
-0.0042824 -0.000695151 -0.0100606 -0.000387711 -0.012551 -0.00468139 0.00123205 -0.0221018 -0.0729019 0.0140526 0.0256541 -0.000151781 0.0121075 0.00357659 -0.0702202 -0.0304967 -0.00201795 0.0248693 -0.0460287 -0.0600174 -0.047991 -0.0311262 0.0214331 0.0535705 -0.00502163 0.223019 0.0165199 -0.0282545 -0.00531156 0.0733052 0.00201867 0.0714864 -0.0688469 0.028316 0.0023786 0.054458 -0.00776743 -8.68229e-05 -0.05023 -0.0346937 -0.00238716 0.00386961 0.000504221 0.000249681 -0.00634733 -0.0400878 0.0199074 -0.0645028 -0.000302631 0.00401242 -0.000125817 -0.00323066 -0.000142912 -0.00435114 0.0452311 0.00277974 -0.0125303 -0.00494822 -0.00631698 0.00274228 0.00146343 -0.00462147 0.000164261 -0.00125524 -0.00261649 -0.0421189 0.0731583 -0.00308492 -0.00525003 0.0243406 0.044108 0.000242844 0.00363969 7.15879e-06 -0.00168363 0.0102236 -0.00181291 -0.0515798 0.0162329 0.000309052 -0.00559201 0.012875 0.0223554 0.00846227 -7.48182e-05 0.0204249 -0.000565597 -0.00113785 -8.10027e-05 -0.0567828 0.00948691 -0.0116655 -0.00368995 -0.00863525 -0.000843208 -0.0357696 0.0315196 -0.00664801 -0.00807719 0.0284764 
-0.0101062 -0.0011902 -0.0470089 0.0044503 -0.00764397 -0.004702 -0.000970531 0.10089 -0.0299533 0.052509 0.0291285 -0.000384703 -0.00282369 0.00447614 0.0263051 -0.0351682 -0.0192809 0.0361362 0.0380893 0.0267693 -0.0320411 -0.0819592 -0.00410963 -0.0287816 -0.044975 0.0165199 0.247821 -0.0329473 0.0693563 -0.0335877 -0.00794442 -0.0487048 0.0582613 0.0457537 0.00035653 -0.0515831 -0.0113759 -0.0566754 0.0289877 -0.0637851 -0.00339758 0.00229982 0.000619507 -0.00612738 0.00406189 0.0115744 -0.0129538 -0.00218168 -0.000168829 -0.0246996 0.00833464 0.00457646 -0.00116584 0.00246177 -0.0218792 -0.00123584 -0.0331581 -0.0091893 -0.00984178 -0.00254337 -0.00043409 0.0360791 -0.00408879 -0.00170325 -0.0049252 -0.0473665 -0.0357404 -0.00551921 -0.0131419 0.0491707 -0.0387792 0.00169199 -0.0528294 -3.58742e-05 -0.0058465 0.0796216 -0.00282396 -0.0521094 0.0149673 0.000458294 -0.00192236 -0.004629 0.0710786 -0.00316172 -0.000105928 0.0810839 -0.000660244 -0.00187416 0.000125051 0.0133669 0.00584059 -0.0179935 -0.001423 -0.0233045 -0.00109729 -0.0118491 -0.0334757 -0.0061861 -0.0122581 -0.00169397 
0.0115077 0.000397635 0.0361029 -0.000842462 0.00243065 0.00155793 -0.000202343 -0.0328139 -0.0211267 -0.00268968 -0.0107054 0.000250446 -0.00194353 -0.00202195 -0.00490169 0.0212156 0.0117773 -0.0480906 -0.0128835 -0.0168712 -0.00592663 0.0357882 0.000709314 -0.00296208 0.00657481 -0.0282545 -0.0329473 0.0809017 0.00343768 -0.00932382 0.0111456 0.00171488 -0.0243859 -0.00682356 -0.000509317 -0.0202667 0.00846799 0.0137126 -0.014524 0.0269754 0.00508276 -0.000976959 -0.000110439 0.00861064 -0.00064569 0.00150234 -0.000668323 -0.0234333 0.000128298 -0.00443323 0.00989151 -0.000656709 -0.000426431 0.0030534 -0.00366649 0.000292079 0.010094 0.00055845 -0.000508923 -3.4805e-05 -0.000240668 -0.00262272 0.00255929 0.000604017 0.00237878 0.0402437 -0.0113551 -0.00231126 -0.000896347 -0.00700669 0.00481899 5.54744e-05 -6.35219e-05 -6.92126e-05 0.00110542 -0.0186337 0.000603287 0.0478683 -0.0238869 0.00066412 -0.000781214 -0.00189395 -0.015647 -0.00108155 0.000121179 -0.0028804 0.0013791 -0.000231382 -9.48942e-05 -0.000436083 -0.0285661 0.00995818 0.001586 0.00703949 0.000828825 0.000772019 0.0102253 0.00601849 0.00620411 -0.00363922 
-0.00742152 -0.000361399 0.0163929 0.00331082 0.00639069 -0.00468315 -0.00125284 0.0651951 0.0236118 0.0541646 -0.00876866 -8.41826e-07 -0.00788291 8.53374e-05 0.0224044 -0.0675179 -0.0410662 -0.00332552 0.0994268 -0.0359707 -0.0191854 -0.0231404 -0.0376262 -0.0356309 -0.0363953 -0.00531156 0.0693563 0.00343768 0.237595 -0.0419815 0.00173226 -0.0424438 0.00896238 0.0576833 -0.00107167 -0.103617 -0.0118646 -0.0602131 0.00547671 -0.0229576 -0.00177556 0.00192422 0.000747109 0.00394258 -0.000211985 0.105321 -0.0139759 -0.0351515 -0.000251758 -0.0247508 -0.00362731 0.00237953 0.00153397 -0.00153534 -0.0374358 -0.00564963 -0.0324667 -0.008376 0.00042672 -0.00228407 -0.000914834 0.0186248 -0.00303577 -0.00130798 -0.0018232 0.0294658 -0.0428012 -0.00925191 -0.0193629 0.0302345 -0.0290153 0.00266498 -0.013619 -0.000292273 -0.0051211 0.100083 0.00434535 0.0193522 -0.0495043 -0.000248729 -0.00346438 -0.00589923 0.0562502 -0.00550952 -7.58417e-05 0.0654252 0.000686021 -0.00174772 0.000375237 -0.0291227 -0.0265038 -0.0153201 -0.00284248 -0.0211492 -0.000840268 0.00543092 -0.0150415 -0.0118727 -0.00679758 -0.0147701 
0.000688728 -0.000164453 -0.00906725 -0.00106023 -0.00640398 -0.00130727 0.00230401 -0.0414626 -0.0351957 -0.0206309 0.0234232 4.69066e-05 0.0125934 -0.00171739 -0.0738039 -0.0161389 -0.0052769 0.00719246 -0.0578686 -0.0372333 -0.0182783 -0.0152872 0.0242344 0.0673257 0.00680874 0.0733052 -0.0335877 -0.00932382 -0.0419815 0.104396 0.00668093 0.0867706 -0.0342582 0.00124527 0.00196394 0.0710897 -0.00169881 -0.0109031 -0.0306874 -0.0276494 -0.000801117 -0.00040191 -0.0001042 0.00298482 -0.00384638 -0.0524802 0.0289765 -0.0176893 -0.000100995 0.0138791 -0.0106703 -0.00250836 -0.00058234 -0.000188671 0.0560052 0.00221309 -0.00122516 -0.00241011 -0.00336904 0.00334733 0.00133342 -0.0288103 0.00242262 -0.000314364 -0.000226774 -0.0212495 0.0846342 -0.00180001 -0.00607912 -0.00346388 0.060289 -0.000217687 -0.0138994 -7.82823e-05 -0.000571613 -0.0278165 -0.00104576 -0.0193229 0.000760971 -0.000311633 -0.00302301 0.0123719 -0.0191546 0.0124669 -2.82467e-05 -0.0154264 -0.000187969 0.000594689 -7.69119e-05 -0.0424827 0.0361249 -0.00314966 -0.0014732 -0.00309732 -0.00032733 -0.0118787 0.0319279 -0.00222027 -0.00199916 0.0166969 
0.00389184 9.84665e-05 0.0036081 -0.000185053 -0.00129485 -0.000163423 -5.38659e-05 -0.00849729 -0.00781662 -0.00326951 -5.95886e-05 0.000245065 0.00459899 -0.000429781 -0.013869 -0.00397626 0.00390539 -0.0117523 -0.00943097 -0.00837446 -0.015607 -0.00102438 -0.00307435 0.00520442 0.000589271 0.00201867 -0.00794442 0.0111456 0.00173226 0.00668093 0.0238346 0.0183968 -0.00777807 0.0090853 -0.00014513 0.00156002 0.00216764 -0.00458693 -0.0064786 -0.00146585 0.000788762 -0.000224137 -3.49815e-05 0.00829566 0.000973265 -0.00178702 -0.00107141 -0.00813853 -2.80143e-05 0.00202047 -0.00212524 0.000493637 -0.000124097 0.000184626 0.00113428 0.00119266 0.00128049 -0.000241165 -0.000706572 0.000232272 0.00081522 -0.00706657 0.000184031 0.00031633 0.00261674 0.00270637 0.00558966 -0.000724292 -0.00142661 0.00166373 0.0117967 -0.000167183 -0.00572381 2.66737e-05 -0.000236635 -0.000679399 0.000238772 0.00488364 -0.00974092 0.00128003 -0.000677791 -0.000214186 -0.00393397 0.00527401 -3.83677e-06 0.00865794 0.00119171 3.12154e-05 -2.49601e-05 -0.00964377 -0.00523198 0.000997812 -0.000266992 -0.000494797 2.58684e-05 0.00768794 0.0081176 0.000259129 -0.000452761 -0.00125122 
0.00650939 0.000244598 0.00189942 -0.00173936 -0.00820071 -0.00187531 0.00130462 -0.0649206 -0.044269 -0.0315008 0.0186071 0.00018495 0.0188994 -0.00335987 -0.0868676 -0.0223402 0.000744218 -0.00420779 -0.0684756 -0.0458109 -0.0237001 -0.0145068 0.017868 0.0709472 0.0154113 0.0714864 -0.0487048 0.00171488 -0.0424438 0.0867706 0.0183968 0.147464 -0.0550968 -0.00646188 0.00114796 0.0787159 0.00276509 -0.00733701 -0.0405056 -0.0177194 5.96476e-05 0.000298693 -0.000193181 0.010636 -0.000698814 -0.0489134 0.0269039 -0.0178496 -0.000182554 0.01606 -0.0134459 -0.00234263 -0.000897243 -0.00112511 0.0620418 0.00405934 0.000773012 -0.00217764 0.000543099 0.00406533 0.00163642 -0.0458076 0.00209222 0.00017552 0.00317838 -0.0179713 0.0850206 0.00450158 -0.00631662 -0.00708633 0.0678544 -2.75831e-05 -0.00675141 -3.211e-05 -0.00144262 -0.0403791 -0.000376781 -0.017427 0.0106725 0.00186998 -0.00466795 0.00987251 -0.0324365 0.0108183 -3.93038e-05 -0.014665 0.000997611 0.000212161 -0.000133198 -0.0524605 0.0371259 -0.00271354 -0.00233726 -0.00127439 -0.000387192 -0.00262238 0.0469091 -0.0030674 -0.000988868 0.0198218 
-0.00677136 -0.00114281 -0.0650904 -0.00105846 -0.00252724 -0.00486759 -0.00101909 0.152979 0.108664 0.00714719 -0.015911 -0.000278729 -0.0107099 -0.00257554 0.0315185 -0.0258945 -0.0396207 0.0251153 0.0782411 0.0498088 0.0028366 -0.0600197 -0.0424587 -0.027995 -0.0338534 -0.0688469 0.0582613 -0.0243859 0.00896238 -0.0342582 -0.00777807 -0.0550968 0.217696 0.0274152 -0.000291066 -0.0476093 -0.00333405 -0.0649734 0.0612741 -0.0790674 -0.00248569 -0.000718395 -0.000285902 -0.00559365 -9.36961e-05 0.0258581 -0.0144459 0.0951321 -0.000321274 0.0124997 -0.0266439 0.000370818 -1.8941e-05 0.00295271 -0.0201013 0.00201663 -0.0185185 -0.00695603 -0.0127773 -0.00149017 -0.0008093 0.00870399 -0.00295222 -0.00118166 -0.00360417 -0.0461393 -0.0388121 -0.0140998 -0.0180882 -0.00261817 -0.0284699 -0.00237867 -0.0719921 -0.000116656 -0.00438617 0.0503449 0.00197473 -0.0274378 -0.0115499 -0.00177919 0.00958399 -0.00634956 0.0415555 -0.00567243 -7.22216e-05 -0.00583188 -0.000526569 -0.00157535 0.000199659 0.0409732 0.0760158 -0.00671848 -0.000342414 -0.0160723 -0.000679995 0.0166765 -0.0252396 -0.00623083 -0.00832972 -0.016836 
-0.00528436 -0.000480527 -0.0295182 0.0019183 -0.0133902 -0.00227063 -0.000297003 0.0583073 -0.0170835 0.103388 -0.0233194 0.000145713 -0.00158173 -0.000936582 -0.0654075 -0.0398421 0.000322286 0.00962924 0.0714088 -0.0846028 -0.11401 -0.0407257 -0.0268844 -0.00901244 -0.025446 0.028316 0.0457537 -0.00682356 0.0576833 0.00124527 0.0090853 -0.00646188 0.0274152 0.189778 -0.00141779 -0.0503441 -0.00721387 -0.05219 -0.0630373 -0.0644263 -0.00141112 0.00442515 0.000203024 0.00271976 -0.0045312 0.0776929 -0.00799309 -0.052108 -0.00025475 0.00616699 -0.0232267 0.0114997 0.00147078 -0.00231667 -0.0216445 -0.00331034 -0.0194292 -0.00481154 -0.0062189 -0.000488603 0.000524419 0.0886269 -0.0015896 -0.000841653 -0.00276236 -0.0112522 -0.00518561 -0.00871942 -0.0143503 0.0677675 -0.00390484 -0.00141658 -0.0575361 -0.000184463 -0.00358754 0.132346 0.000501069 0.0156995 -0.0922446 0.00148811 -0.00234588 -0.00314645 0.12 0.0113734 -5.48389e-05 0.108591 9.93228e-06 -0.00073285 -9.35505e-05 -0.0908485 -0.055608 -0.00938296 0.00149214 -0.0134057 -0.000518891 0.0607286 -0.0128 -0.0066951 -0.00530063 -0.0134625 
