0.212711 -0.000160888 -0.000676211 -0.00196593 -0.00829832 3.99713e-05 0.00116483 0.00815717 -0.000433483 -0.00725803 0.00046955 -1.60922e-05 0.000593912 -0.000308914 0.00481038 -0.00303518 0.0114337 0.0128949 0.000778294 0.00216618 -0.000363102 2.84465e-05 -0.000187104 -0.000434642 -0.000238497 -0.0402376 0.00497832 -0.0603652 -0.00781433 -0.000209928 -0.00238313 -7.883e-06 -4.44595e-06 -0.013157 -0.000661207 0.000457983 -7.75874e-06 0.0324075 -0.000113312 0.000295889 -6.08591e-05 -0.00472061 0.0501069 0.00300042 -0.00946984 -0.0686662 0.000177908 -0.00179545 -5.43772e-05 2.25785e-05 -1.67702e-05 -0.000280709 -0.000473852 -1.38566e-05 -0.00252184 -7.51429e-05 -0.000130755 1.27132e-05 -0.000136588 -1.2863e-05 -0.000391427 -0.000308069 -0.0001456 -0.000496276 -0.0864588 -0.00861703 -0.004333 0.00492493 -0.00047648 -0.00367617 -0.000581446 -9.71591e-06 -0.00822336 0.0109975 0.0297355 0.00178632 -0.000694292 -0.00623483 -0.0308691 -0.0466177 -0.009986 8.12813e-06 0.000678105 -9.34406e-05 0.000131694 -5.85925e-05 -0.000666652 -0.000693844 -5.49097e-05 -0.000878682 -1.80365e-06 0.000877895 -0.00155465 -0.000791849 0.000333921 -3.8844e-05 0.000566532 -1.97309e-05 0.0521354 0.000855934 
-0.000160888 0.00916084 3.90525e-05 0.000467705 -0.000492791 2.4766e-05 -0.00234786 0.00649086 3.6716e-05 -0.000306323 0.000386085 1.40742e-05 1.97092e-05 0.000304279 0.00103599 -3.47449e-05 0.0045823 -2.31677e-05 0.000187858 9.13271e-05 0.0010087 1.81125e-05 4.89366e-05 0.00217571 1.13222e-05 0.000158133 -0.00148258 0.00292677 -0.000406668 0.000247651 -5.22108e-05 -9.91726e-08 3.42396e-07 -0.00022835 0.000795257 -0.000125232 1.15531e-06 -0.00501346 1.95149e-05 1.19738e-05 3.38738e-05 4.57588e-05 -0.000982444 4.31153e-05 -0.00638833 -0.00189954 -2.78545e-06 -3.00019e-05 1.38039e-05 3.45509e-06 0.000353236 -5.7869e-06 4.54346e-06 -8.20392e-10 9.73122e-05 -1.32188e-06 8.1272e-05 7.47887e-05 0.00100524 6.18024e-06 5.65843e-05 -7.81273e-06 1.06944e-05 -1.93769e-05 -0.00523132 -0.000269523 0.00256763 0.000101338 2.93476e-05 6.14567e-06 3.21301e-05 1.14477e-05 -0.00263013 0.000361859 0.0017441 -6.09951e-05 0.000290979 0.0021557 -0.00537234 -0.0014687 -0.00289578 1.00986e-07 0.000208427 -0.000343345 -5.11617e-05 4.5365e-06 1.63057e-05 -1.44153e-05 0.000161739 6.4888e-05 -1.49374e-07 0.000110142 -0.00202745 1.80815e-05 4.01216e-05 -5.24243e-06 3.40364e-06 5.74136e-05 0.000327559 -2.60705e-05 
-0.000676211 3.90525e-05 0.00247097 9.6697e-07 -9.63005e-05 6.35508e-05 -0.000700008 0.000497974 3.40597e-06 -1.57009e-05 1.77445e-05 2.02541e-06 0.000123003 3.73963e-05 2.42364e-05 9.43853e-05 -0.000276824 0.000321562 2.65087e-05 0.000135861 0.000531187 2.58466e-05 4.15254e-05 4.89724e-05 3.23842e-06 0.000122645 -0.000676281 0.000574361 -1.54081e-05 0.000181281 -1.62815e-05 5.10968e-06 -1.48613e-07 0.000100262 3.12899e-05 -3.0632e-05 -9.11307e-10 -1.42509e-05 0.000123316 8.55678e-07 9.45176e-07 -1.6171e-05 -0.000554193 8.16181e-05 -0.00040268 -0.000113996 -1.60226e-07 0.000130034 0.000165739 3.78769e-06 9.30678e-05 -1.77812e-06 4.1936e-06 5.75891e-07 0.000256027 2.19273e-07 1.80067e-05 0.000100023 0.000103012 7.90714e-07 2.15996e-05 5.05919e-05 2.81732e-06 4.15097e-06 -0.000164461 9.30758e-05 -3.46291e-05 -0.00154607 7.03323e-05 0.00024011 5.04464e-05 1.91683e-05 -0.000340044 0.000158799 0.000355251 0.000117629 -2.18628e-05 0.000549544 -0.00161656 -0.000338588 -0.00103883 8.6161e-07 0.000447449 -9.99209e-05 -8.7972e-05 4.89304e-06 4.30545e-05 4.89494e-05 5.66744e-05 -3.42354e-06 1.76526e-07 3.7843e-05 -0.000520959 0.000219875 0.000475298 3.68351e-06 7.32587e-05 1.24708e-06 -0.000328331 -4.67828e-06 
-0.00196593 0.000467705 9.6697e-07 0.0124287 0.000359205 4.5634e-07 -0.000368504 -4.83009e-05 2.94372e-05 -0.000307364 4.67022e-05 4.76352e-06 0.000553174 0.000353518 -0.000507264 0.000127389 -0.00177053 -0.000597659 5.79049e-05 8.655e-05 -0.000129341 3.63586e-06 -4.5681e-06 -3.18406e-05 -1.25222e-05 0.000466163 0.000190941 0.00123308 -0.000245392 0.000154893 4.51688e-05 1.06527e-06 2.43267e-06 -0.00041611 0.000147997 -6.19507e-05 1.23967e-06 -0.000395471 -4.16211e-06 -1.72859e-05 2.06335e-05 3.03648e-05 -0.00395749 -0.000176071 -0.00126099 0.00132456 -3.94385e-06 0.000526175 -2.78575e-06 2.08682e-06 8.44031e-05 -9.54227e-06 8.05102e-06 9.7296e-07 -7.10936e-05 -1.6247e-06 -6.3269e-06 -4.23382e-06 -1.92539e-05 1.25222e-07 1.37997e-05 -5.63862e-06 1.37684e-05 -2.2595e-05 0.00107115 -0.000405652 0.000877404 -0.00101618 2.393e-05 -0.000157788 1.37328e-05 -5.48131e-07 -0.000474767 -0.000381109 -0.00140554 -6.66444e-05 0.000497915 -0.000350561 -0.000924069 -0.00147157 0.000830613 7.36514e-07 1.42124e-05 -0.00138258 -5.0418e-06 -7.13096e-06 2.83618e-05 -1.7216e-05 2.26829e-05 -2.07527e-05 1.60525e-07 -1.33614e-05 -0.000341877 4.57236e-05 -7.41823e-05 3.57972e-05 -2.5706e-05 0.00023629 -0.00151422 -4.4673e-06 
-0.00829832 -0.000492791 -9.63005e-05 0.000359205 0.0783084 5.12161e-06 -0.000714967 -0.0027891 1.50914e-05 -0.00191722 0.000615047 7.41677e-05 0.00117228 -1.65619e-05 -0.00116283 -0.00120672 -0.00694921 -0.00488343 -0.000382155 -0.000423107 0.000209215 1.11502e-05 4.22357e-06 0.000123143 -6.83581e-05 0.00480246 0.000775719 0.0125986 -0.000301523 0.00026963 -0.000351083 -1.15412e-05 7.4656e-07 0.00171833 -0.000186065 -0.000565373 1.83231e-08 -0.0296246 -7.92371e-06 0.000457172 6.89977e-05 0.00276428 -0.00546066 -0.000692546 -0.0143347 -0.00562925 -2.19449e-05 -2.10888e-05 8.30391e-05 5.2423e-06 -5.98045e-06 1.62185e-05 0.000472418 1.70994e-07 5.85126e-05 1.27319e-05 -4.36174e-07 -3.22779e-06 -0.000216773 2.41742e-05 0.000310154 0.000211087 1.73415e-05 -1.55178e-05 -0.00054869 0.00239641 0.012808 -0.0098705 -7.31666e-05 -0.000515586 0.000346661 -1.90886e-05 -0.00336434 -0.00256603 -0.00799923 -0.000444533 0.000407757 0.00325601 -0.00133517 -0.00588274 0.000535464 2.88341e-06 0.000101065 -0.00111735 8.52677e-05 4.8206e-05 0.0014847 -5.50695e-05 6.29923e-05 0.000141839 6.90205e-07 1.13084e-05 -0.000966705 -0.000101458 -6.64671e-05 -3.7527e-05 0.000267179 0.000101656 -0.005478 -0.000329223 
3.99713e-05 2.4766e-05 6.35508e-05 4.5634e-07 5.12161e-06 0.000517482 -0.000307889 0.000210776 1.32197e-05 2.86934e-06 7.32406e-06 1.4724e-06 7.6565e-06 4.52441e-07 0.000144973 -4.83398e-06 -1.02758e-05 1.55615e-06 1.38581e-06 5.60895e-05 0.000316801 8.64942e-06 7.34361e-06 4.90705e-05 -1.69734e-07 -2.11923e-05 -0.000293662 -6.82462e-05 -1.56673e-05 3.42794e-05 -3.89436e-06 3.58267e-07 -2.33027e-08 -2.12305e-05 2.4617e-05 -5.42195e-06 9.85119e-08 -0.000155075 5.2808e-05 1.43317e-05 7.36635e-07 -1.7657e-05 0.000105024 9.88831e-05 -0.000216892 -8.19154e-05 8.15332e-06 1.67477e-05 2.34657e-05 4.5781e-07 0.000164262 -6.97713e-07 2.19931e-07 -2.52438e-08 8.99426e-06 -1.31134e-07 4.61641e-07 4.82757e-05 2.85671e-05 1.11967e-07 5.70808e-07 2.34985e-05 2.55813e-07 -9.39115e-07 -0.00025488 -6.98321e-06 1.36053e-05 -0.000213155 7.39019e-06 2.65271e-06 1.60765e-05 5.20965e-06 -0.000223251 0.000169511 9.35356e-05 2.42187e-07 2.04073e-05 8.99394e-05 -0.000376073 -4.89695e-05 -0.000318013 4.77044e-07 0.000153814 -2.11124e-05 -2.22836e-06 1.99384e-07 1.37303e-05 2.19237e-06 1.53986e-05 5.6821e-06 1.7937e-07 1.15204e-05 -0.000207877 1.92498e-05 0.000157917 -6.92763e-08 9.98288e-06 2.11057e-06 -4.75618e-05 -1.17827e-06 
0.00116483 -0.00234786 -0.000700008 -0.000368504 -0.000714967 -0.000307889 0.0107081 -0.00553067 -0.000161389 0.000156228 -0.000551487 -7.32242e-05 -0.00127604 -0.000303834 -0.000857535 -9.68583e-05 -0.00430462 -0.00219096 -0.000279921 -0.00115885 -0.00338746 -6.90286e-05 -0.000247905 -0.00324355 -0.000253441 -0.000430686 0.00495601 -0.00173398 -0.000118703 -0.000793045 -0.000240629 -4.40047e-05 -3.18067e-06 -0.000575636 -0.00149738 0.000118035 -9.86344e-06 0.0053249 -0.000149469 -0.000124447 -8.2794e-05 -0.000673972 0.00210523 -0.000964524 0.0075525 -0.000553989 -1.50722e-05 4.37748e-05 -0.000240742 -7.00909e-06 -0.000744975 -5.50653e-05 -6.10806e-06 -1.25219e-06 -0.000461565 -2.83915e-05 -0.000114981 -0.000280333 -0.00240823 -5.82754e-05 -8.07016e-05 -0.000164988 -0.000258759 -2.97939e-05 0.00331657 -0.00115788 -0.00233172 0.00147764 -0.00030638 -0.000913152 -0.000187659 -0.000175352 0.00385821 -0.000153983 -0.00258697 -0.000326913 -0.000391571 -0.00292879 0.00582227 0.000236704 0.00526691 -1.28806e-05 -0.00165054 0.000606563 0.000219767 -0.000116889 -0.000251251 -0.000326167 -0.0004133 -0.000181061 -3.23471e-06 -0.000433963 0.00379694 -0.000159977 -0.000744441 1.91277e-06 -0.000230023 -0.000234894 0.000839298 2.51076e-05 
0.00815717 0.00649086 0.000497974 -4.83009e-05 -0.0027891 0.000210776 -0.00553067 0.0486455 -7.03099e-05 -0.00170534 0.00135985 2.08553e-05 0.00182332 0.000394389 0.00685432 -9.96235e-05 0.0323371 0.00375009 0.00254045 0.000432386 0.00453917 2.64816e-05 0.000167921 0.00556503 0.000231806 -0.00096662 -0.00462018 0.00276185 -0.00201498 0.000798372 0.000438107 2.80422e-05 2.35142e-07 -0.00216862 0.00157494 -0.000598214 7.61885e-06 -0.0300032 0.000127682 -3.17241e-05 6.15469e-05 -0.000527945 -0.0147512 0.00377547 -0.0275532 0.0023943 2.137e-05 -0.000197787 0.000132891 3.88546e-05 0.000708677 -5.0137e-05 -7.59462e-05 -7.09979e-07 0.00170682 -7.67333e-06 6.21925e-05 0.000185856 0.00276986 2.8072e-05 -1.8467e-05 -1.5184e-05 0.000310665 -2.38597e-05 -0.0262381 -0.00159335 0.00670759 0.00217475 0.000138691 0.000627081 0.000326462 0.000157903 -0.0132078 0.00555064 0.00371629 -0.000279902 7.7727e-05 0.00219371 -0.0151617 -0.00616238 -0.00865101 -1.92692e-06 0.0017061 -0.000514799 -0.0002605 2.62628e-05 0.000235132 -6.46504e-05 0.000337686 0.000324439 -4.69543e-07 0.000733609 -0.00613223 0.000131383 0.000459978 1.7592e-05 0.00081163 0.000187615 0.0035056 1.09239e-05 
-0.000433483 3.6716e-05 3.40597e-06 2.94372e-05 1.50914e-05 1.32197e-05 -0.000161389 -7.03099e-05 0.00256923 0.000122985 1.07771e-05 6.89395e-06 -1.30949e-05 6.50765e-05 -5.59105e-05 8.33629e-05 -0.000134903 6.80577e-05 -1.20618e-05 1.90252e-05 3.59994e-05 1.05649e-05 1.32411e-05 3.23889e-05 1.93824e-05 -6.11241e-05 -0.000543036 -0.000150916 4.36919e-05 7.89061e-05 1.44818e-05 1.88901e-05 2.10773e-06 -4.98381e-05 0.000102484 8.29093e-05 2.88626e-06 -0.000735449 6.29506e-06 9.62543e-05 3.53814e-05 -1.58127e-05 -0.000727313 -1.41037e-05 -0.000310494 0.000386442 9.79605e-06 5.17399e-05 7.79785e-06 3.84043e-06 0.000115432 7.81546e-06 1.33729e-06 4.17743e-07 -1.03735e-05 1.11843e-05 -1.56197e-06 1.88916e-05 7.85454e-06 7.85273e-08 4.60283e-05 2.42348e-06 -1.51806e-06 -4.81789e-06 0.000367294 -7.83792e-05 -1.12006e-05 -0.000243847 -8.93265e-07 5.9803e-05 6.67608e-06 9.33581e-06 -0.000244443 -3.06577e-05 -0.00026893 -1.30279e-05 0.000296802 6.75687e-05 -0.000214795 -8.73311e-05 -0.000164577 -9.07073e-08 2.71903e-05 -0.000106861 -3.06149e-05 9.33314e-06 8.37285e-06 1.42327e-05 9.08571e-06 -1.02061e-05 -2.80446e-09 7.34751e-05 -0.000213467 5.18918e-06 1.68239e-05 -1.12011e-06 4.59309e-05 -5.57954e-07 -9.839e-05 -4.35109e-07 
-0.00725803 -0.000306323 -1.57009e-05 -0.000307364 -0.00191722 2.86934e-06 0.000156228 -0.00170534 0.000122985 0.0328989 -5.34751e-05 5.64548e-06 -0.000215674 2.13637e-05 -0.000719595 -1.66338e-07 -0.00398815 0.000606501 -0.000127903 0.000305182 -0.000138447 -1.41509e-06 -2.32039e-05 -0.000318827 -2.51141e-05 0.000556094 -0.00156198 -0.012765 0.00464117 3.83396e-05 8.8345e-06 -2.11254e-06 -8.46674e-07 0.00176177 -6.61861e-05 -0.000184237 -5.31659e-07 0.00384415 2.05831e-06 -4.63726e-05 0.000243564 0.000194675 -0.0013549 -0.000559484 0.00346408 -0.00241986 -9.29081e-06 0.000638222 -4.17888e-06 -1.31581e-06 -3.36518e-05 0.000227793 -5.05788e-05 -7.27265e-07 -0.000261986 9.77803e-05 -1.34958e-05 -1.47203e-05 -0.000157655 -3.78914e-06 0.000285123 -2.34564e-05 -3.20571e-05 -4.69696e-05 0.00534322 -0.000940715 -0.0017753 -0.00300437 -4.57113e-05 -7.98483e-05 -6.68321e-05 7.16053e-09 0.000394882 -0.000221846 -0.00396513 -0.000151747 -0.000569118 0.00150317 0.000930586 -0.00344781 -0.00265014 -1.69862e-06 -0.000114504 -0.000230337 -0.000195874 9.33128e-05 4.16649e-05 0.00028039 1.88725e-05 -0.000186663 3.03476e-06 -5.73725e-05 -0.000424072 -2.2526e-05 -0.000169207 -1.21583e-05 1.59267e-05 -3.1612e-06 -0.00355046 -0.000124429 
0.00046955 0.000386085 1.77445e-05 4.67022e-05 0.000615047 7.32406e-06 -0.000551487 0.00135985 1.07771e-05 -5.34751e-05 0.00617915 1.60548e-05 0.000282763 4.71035e-05 0.00107092 0.000426456 0.00161574 0.000662773 -3.92656e-05 4.44643e-05 0.00039938 1.9736e-05 8.67396e-05 0.00014822 4.19896e-07 -0.000314048 -9.96189e-05 0.000209554 -0.000269095 0.000556102 -4.5436e-05 1.53817e-05 6.63361e-07 9.17324e-05 1.82248e-05 0.000116073 2.242e-06 -0.00131773 2.1953e-05 0.000279917 0.000255847 8.74872e-05 7.59886e-05 0.000764477 -0.00262329 -0.00161198 3.00417e-06 6.475e-05 1.89255e-05 1.37332e-05 1.30869e-05 -7.22237e-06 2.44734e-05 -2.31597e-08 -5.11147e-05 4.34752e-05 2.81194e-05 -5.23524e-07 1.6585e-05 1.64285e-06 0.000164983 2.98838e-05 3.51116e-05 -2.33044e-07 -0.00202541 1.01839e-05 0.00088537 -0.000899729 2.01638e-05 9.92435e-05 0.000283774 8.09753e-06 -0.00177689 -3.45798e-05 -0.000463653 1.50631e-05 -7.70086e-05 0.000699078 -0.00198124 -0.000726241 -0.00287813 4.65426e-06 0.00055408 -0.000597494 -0.000243275 3.3799e-05 5.50349e-06 3.42669e-05 0.000322894 -2.83426e-05 5.59564e-06 0.000141412 -0.00170352 -1.97779e-06 -1.07032e-05 1.14051e-05 0.000602012 2.40479e-05 -0.000192336 -1.98487e-06 
-1.60922e-05 1.40742e-05 2.02541e-06 4.76352e-06 7.41677e-05 1.4724e-06 -7.32242e-05 2.08553e-05 6.89395e-06 5.64548e-06 1.60548e-05 0.000149851 8.42348e-06 3.04703e-06 1.18216e-05 -1.78586e-06 1.28814e-05 4.66385e-06 1.07973e-05 4.91987e-07 3.1037e-05 9.37396e-06 4.16052e-06 6.3649e-06 1.46692e-06 -5.70138e-06 -3.22268e-05 4.0078e-05 -6.77473e-06 1.05373e-05 -1.03748e-06 1.28709e-07 -6.05037e-10 1.316e-05 5.47185e-06 -1.20861e-06 2.32376e-07 -9.05261e-05 4.01293e-06 1.67061e-05 1.96727e-06 1.4703e-05 3.8018e-06 4.25856e-06 -9.31134e-05 -7.1311e-06 8.05259e-07 5.8671e-07 1.4564e-05 1.06726e-06 5.08449e-06 -2.01967e-07 3.10597e-07 -7.30732e-09 -4.72579e-08 5.05374e-07 6.8985e-08 3.28403e-06 -4.45988e-08 6.26447e-07 1.03567e-06 4.29554e-06 6.10193e-07 -2.75354e-07 -4.72903e-05 3.89996e-05 6.29918e-06 -4.30695e-05 1.19523e-06 1.91467e-06 6.4896e-06 1.97355e-07 -0.000108626 -8.03485e-07 -6.73685e-06 7.68716e-07 2.02871e-05 1.08382e-05 -8.04623e-05 -1.19782e-05 -5.27988e-05 2.26809e-06 2.19424e-05 -1.6515e-05 -2.34462e-06 4.72191e-07 2.22152e-05 5.32078e-06 1.17619e-05 2.50499e-05 -4.04208e-09 3.4366e-06 -4.26861e-05 8.09919e-08 4.82096e-06 7.16143e-08 1.06972e-05 5.55499e-06 -5.68082e-06 -5.23265e-07 
0.000593912 1.97092e-05 0.000123003 0.000553174 0.00117228 7.6565e-06 -0.00127604 0.00182332 -1.30949e-05 -0.000215674 0.000282763 8.42348e-06 0.0127107 0.000126551 0.000153428 0.000279653 0.000691994 0.000949881 -8.51786e-05 4.67284e-05 7.1601e-05 3.75798e-06 1.23741e-05 -2.68953e-05 5.85792e-05 -0.00181806 -0.000510007 0.0021867 -0.000559852 7.87889e-05 0.000140338 3.47438e-06 8.05522e-07 0.0013955 -3.44958e-06 8.88239e-05 7.47208e-08 -0.00210551 2.16138e-05 -2.01796e-05 0.000228547 0.00321655 -0.000759957 0.000697098 -0.00717104 -0.000559475 -5.38841e-06 0.000147859 3.30873e-05 4.24245e-06 -7.62311e-06 -6.22226e-06 3.68173e-06 1.28849e-07 6.79107e-06 0.000129099 6.92293e-07 1.62026e-05 -5.1845e-05 2.33974e-06 0.000264278 2.44538e-05 0.000202722 -2.65135e-05 -0.00415398 -0.000200085 0.000774154 -0.00125249 -3.79146e-06 0.000197327 1.65351e-05 -3.27668e-06 -0.000856758 -0.00033123 -0.0009645 -5.5505e-05 -0.000148473 -0.00048834 -0.00217308 -0.00194755 -0.0014914 -2.90043e-07 0.000533581 -0.00143737 -0.000283853 0.000127581 0.000703106 0.00033982 0.000159791 0.000210517 1.23939e-06 8.22204e-05 -0.000459894 0.000150855 -1.09e-06 1.07152e-06 2.92251e-05 0.000322422 -0.000708732 -4.91693e-05 
-0.000308914 0.000304279 3.73963e-05 0.000353518 -1.65619e-05 4.52441e-07 -0.000303834 0.000394389 6.50765e-05 2.13637e-05 4.71035e-05 3.04703e-06 0.000126551 0.00188453 -1.46484e-05 0.000475407 0.00012813 0.000358396 0.000102273 0.00020705 8.17637e-05 9.57654e-06 -1.03789e-06 0.000158773 7.65297e-06 -0.000187693 -0.000463593 0.000485457 -9.2645e-05 7.99469e-05 -3.39667e-06 1.37298e-05 1.22164e-05 0.000131333 0.000404919 0.000149919 1.4256e-05 -0.000173773 7.50506e-07 2.27169e-05 0.000279341 0.000204284 -0.000763823 -3.40365e-06 -0.00125502 -0.000284141 1.67471e-05 0.000559942 2.49796e-06 2.31542e-05 0.000134432 -7.84365e-07 7.00781e-05 1.81276e-07 -3.3409e-06 3.39551e-05 1.07228e-05 -5.21748e-07 7.73952e-05 1.20995e-06 0.000378499 -1.30181e-06 7.0608e-07 -2.45345e-06 -0.000912804 -4.6342e-05 0.000710805 -0.0007321 0.00014056 0.000262731 0.000234505 8.53211e-06 -0.000363942 -1.79639e-05 -1.73913e-05 -1.27891e-05 0.000158091 0.000565784 -0.00139142 -0.000241098 -0.00063479 2.21198e-06 1.81771e-07 -0.000691634 -0.000354798 0.000208827 2.32794e-05 0.000112851 3.16574e-06 -5.24435e-06 7.12412e-07 9.97108e-06 -0.000937145 9.73781e-05 -5.49329e-06 9.73924e-06 3.41694e-05 2.11023e-05 -0.000234614 7.36319e-07 
0.00481038 0.00103599 2.42364e-05 -0.000507264 -0.00116283 0.000144973 -0.000857535 0.00685432 -5.59105e-05 -0.000719595 0.00107092 1.18216e-05 0.000153428 -1.46484e-05 0.0403809 -0.000192646 0.00706688 -0.00163206 -0.000299985 1.58056e-05 0.00180108 -2.21961e-07 0.000105626 0.000436632 -1.13921e-05 -0.00401079 0.000664205 0.00407884 -0.00158681 7.08547e-07 -0.000375238 -3.05659e-06 5.02355e-06 -0.00198748 -3.45385e-05 0.00105238 -8.33515e-07 -0.00426533 1.84928e-05 2.30649e-05 5.60534e-05 -0.00109049 0.0014914 0.00224763 -0.0135009 -0.00952132 -6.74641e-06 -0.00022892 -1.48848e-07 -8.91043e-07 0.000118257 3.93315e-05 0.000359225 -6.32159e-07 -0.000174274 -1.02243e-05 9.93414e-05 -8.87238e-06 -1.1438e-05 9.48035e-07 -4.60318e-05 0.000111156 5.06638e-05 -7.51052e-05 -0.0168364 -0.00047465 -0.000524067 -0.000617068 -6.55361e-05 -0.000486253 -9.52079e-05 -4.90102e-06 -0.00434636 0.00329562 0.00657771 -0.000134807 -4.5674e-05 -0.00105994 -0.0104699 -0.00664598 -0.00470093 7.79466e-06 0.000587611 -0.000771212 -1.01554e-06 -2.11267e-05 -0.000129998 -7.93797e-05 5.47454e-05 5.40098e-05 4.09299e-06 0.000154193 -0.000575493 -3.2716e-06 -1.71926e-05 -2.1279e-05 0.000130612 3.92321e-05 0.00520132 8.51435e-05 
-0.00303518 -3.47449e-05 9.43853e-05 0.000127389 -0.00120672 -4.83398e-06 -9.68583e-05 -9.96235e-05 8.33629e-05 -1.66338e-07 0.000426456 -1.78586e-06 0.000279653 0.000475407 -0.000192646 0.0182426 -0.00193462 -1.33732e-05 -0.000102417 6.99669e-05 7.86264e-05 9.21361e-06 1.59715e-05 0.000115395 -1.41136e-05 -0.000110945 -0.00313846 -0.000207182 0.00182129 5.77902e-05 0.000457835 1.6226e-05 5.83137e-06 0.000619935 6.16929e-06 0.000313997 3.42455e-06 0.00384941 -3.96863e-06 2.55963e-06 0.000570348 0.000955356 -0.00702433 -0.000277285 -0.00123898 -0.000532407 1.66103e-05 0.00067712 1.71583e-07 1.34066e-05 -1.48905e-05 6.03443e-05 0.000123947 8.50374e-07 -0.000158125 0.000198729 -1.16854e-05 -7.94557e-06 2.70785e-05 -2.29118e-06 0.000647735 4.78317e-06 -8.56509e-07 -8.37873e-06 0.00156154 -0.000198971 -0.000521347 -0.00375242 2.66922e-05 0.00125919 0.00012142 -4.99591e-06 -0.000272261 -0.000493229 0.000647821 0.000259265 -0.000167433 0.000255361 -0.00125157 -0.00255523 -0.00219939 1.73318e-06 -4.27053e-05 -0.000741323 -0.000524272 0.000330699 7.59039e-05 0.000339634 -1.76604e-05 -8.94282e-05 4.09868e-06 -1.33849e-05 -0.00103664 0.000138334 -8.56008e-05 1.87407e-05 1.17581e-05 6.07698e-06 -0.00209945 1.4511e-05 
0.0114337 0.0045823 -0.000276824 -0.00177053 -0.00694921 -1.02758e-05 -0.00430462 0.0323371 -0.000134903 -0.00398815 0.00161574 1.28814e-05 0.000691994 0.00012813 0.00706688 -0.00193462 0.168289 -0.000856927 0.00510232 -0.000615642 0.00277906 -7.22129e-06 0.000105766 0.00621666 0.000405491 -0.00285432 -0.00310729 -0.0144717 -0.00310213 0.00159235 0.00108709 3.02719e-05 5.46013e-06 0.0023517 0.00128765 -0.000898261 1.13096e-05 -0.0721736 7.05122e-05 8.73226e-05 9.07832e-05 0.00833832 -0.0247081 0.00556494 -0.0489418 -0.000936422 -2.34821e-05 -0.00127512 -7.83424e-05 4.1498e-05 0.000127221 -0.000151305 -0.000263989 -5.10787e-06 -0.000493363 -7.93235e-06 0.000183435 8.01571e-05 0.00365282 6.24357e-05 5.5806e-05 -0.000130804 0.000430316 -0.000250109 -0.0695028 -0.00327146 0.00659728 0.00973522 0.000444528 0.00018077 0.000603459 0.000163747 -0.0129782 0.00258252 0.0100413 -0.00148009 -0.00235045 0.00252705 -0.0200598 -0.00663055 -0.030636 -1.25528e-07 0.00185549 -0.000197771 -0.000545756 -1.95074e-06 0.00111279 -0.000217365 0.000525236 0.000895821 1.01439e-06 0.00056742 -0.00622951 -0.000357871 -0.000771252 2.96015e-05 0.00130496 -3.96009e-05 0.0450339 -0.000128304 
0.0128949 -2.31677e-05 0.000321562 -0.000597659 -0.00488343 1.55615e-06 -0.00219096 0.00375009 6.80577e-05 0.000606501 0.000662773 4.66385e-06 0.000949881 0.000358396 -0.00163206 -1.33732e-05 -0.000856927 0.0774624 0.000288122 0.000799004 0.00200725 1.20867e-05 -2.84623e-05 0.00136177 4.28961e-05 -0.0131787 -0.00233183 -0.0284171 0.00253055 0.0019116 -0.000206379 5.7493e-05 7.01204e-06 -0.00247021 0.00112473 0.00226288 1.75275e-05 -0.00199732 0.00011076 0.000222434 0.000331366 -0.00245943 0.000875055 -0.000743728 -0.0127816 -0.00739912 3.40575e-05 0.000567712 7.34234e-05 3.33183e-05 0.000113432 -9.96309e-05 6.7121e-05 -3.3093e-06 8.73509e-05 1.51435e-05 -1.40162e-06 3.71897e-05 0.00263762 -1.69554e-06 0.000205968 -3.9458e-05 4.1274e-05 8.67228e-05 -0.0155276 -0.0028059 0.000437286 -0.00348365 0.000399102 -0.000795436 0.00126321 0.00015582 -0.0069632 -0.00202169 0.0142565 0.000179331 -0.00107792 0.00427764 -0.0020551 -0.00655763 -0.00656262 -7.54929e-07 0.000742427 -0.00156846 -0.000585367 8.74121e-05 4.31031e-06 -4.90758e-05 0.000156816 -0.000456255 1.89104e-06 0.000526522 -0.00550596 -0.000205011 5.07342e-05 3.8913e-05 0.000805163 4.80641e-05 0.000119281 -1.5584e-05 
0.000778294 0.000187858 2.65087e-05 5.79049e-05 -0.000382155 1.38581e-06 -0.000279921 0.00254045 -1.20618e-05 -0.000127903 -3.92656e-05 1.07973e-05 -8.51786e-05 0.000102273 -0.000299985 -0.000102417 0.00510232 0.000288122 0.0106881 -1.57521e-05 -1.99932e-05 -7.82987e-07 4.97686e-06 -6.17003e-05 -9.27086e-06 -0.00133152 -0.000339333 -0.00105034 -0.000497512 0.00045175 0.000104405 6.32477e-06 1.89878e-06 -0.000492184 0.000355838 2.88236e-06 7.97736e-06 -0.0051748 1.55589e-05 -9.65493e-06 -3.73237e-06 -0.000160135 -0.00125814 0.000113024 -0.00185759 0.00143237 1.2752e-05 -2.43216e-05 6.18835e-06 5.30946e-05 1.95014e-05 6.45958e-06 -1.65799e-05 7.65267e-08 7.87148e-05 -4.13274e-07 1.6423e-05 -2.15333e-06 0.000421781 7.22865e-06 2.49996e-05 -5.22286e-06 5.99664e-06 7.31229e-07 -0.00394611 -0.000278409 -2.04419e-06 0.000456694 0.000109146 -6.81243e-05 0.000204188 2.61216e-05 -0.00405933 0.000701969 -0.000316895 -7.56049e-05 1.67208e-05 -0.000100284 -0.00183897 -0.00137567 0.000346728 1.90849e-06 8.63234e-05 -0.000156631 -0.000280924 3.38411e-06 -2.10321e-05 -1.34007e-05 -1.80422e-05 4.25671e-05 -2.91406e-07 1.45102e-05 -0.000370318 -1.94989e-05 -4.63999e-05 9.83251e-06 0.000234995 4.63956e-06 0.00141847 3.48738e-05 
0.00216618 9.13271e-05 0.000135861 8.655e-05 -0.000423107 5.60895e-05 -0.00115885 0.000432386 1.90252e-05 0.000305182 4.44643e-05 4.91987e-07 4.67284e-05 0.00020705 1.58056e-05 6.99669e-05 -0.000615642 0.000799004 -1.57521e-05 0.0103092 0.000783574 8.1565e-06 -4.88472e-07 0.000781354 -1.72114e-06 -0.00224109 -0.00134815 -0.00251684 -0.000165276 0.000199739 -8.54572e-05 1.17484e-05 2.23617e-06 -0.000305483 0.000258728 9.50568e-05 2.52511e-06 0.00178233 1.10729e-05 4.21013e-05 0.000140297 -0.000275288 -0.000671207 0.000373272 -0.000219254 -0.0025243 1.77364e-05 6.90015e-05 8.6986e-05 1.09861e-05 3.65255e-05 1.74911e-05 -1.34598e-05 -5.04603e-07 0.000220633 3.45914e-05 -2.55841e-06 2.15643e-05 0.000485507 1.78028e-05 0.000139431 -3.68149e-06 -6.23982e-06 5.39497e-07 -0.00459881 -5.23653e-05 0.000916827 -0.00164173 3.02375e-05 0.000383296 1.33627e-05 9.56428e-08 -0.00120223 0.000209498 0.00136616 9.25638e-05 -9.19024e-05 0.000874151 -0.00193039 -0.00133852 -0.000998657 4.43063e-06 6.67819e-05 -0.000426489 -0.000154611 6.53278e-05 -1.85128e-05 6.46303e-05 4.79614e-07 -2.1831e-05 1.22366e-07 5.9681e-05 -0.00081151 5.65234e-06 3.04821e-05 -5.97232e-06 6.22531e-07 7.31272e-06 0.000939111 0.000320707 
-0.000363102 0.0010087 0.000531187 -0.000129341 0.000209215 0.000316801 -0.00338746 0.00453917 3.59994e-05 -0.000138447 0.00039938 3.1037e-05 7.1601e-05 8.17637e-05 0.00180108 7.86264e-05 0.00277906 0.00200725 -1.99932e-05 0.000783574 0.0109294 4.26594e-05 9.18678e-05 0.0020227 2.10293e-05 -7.5634e-05 -0.00263632 0.000390268 -0.000454454 0.000150381 -8.08483e-05 2.31742e-05 4.46597e-08 -0.000332648 0.000881695 -9.88571e-05 5.38696e-06 -0.00327454 0.000163102 9.55903e-05 8.75733e-05 -8.32504e-05 0.000917921 0.00100229 -0.00508989 -0.00219043 2.15978e-05 1.05552e-05 0.000212532 2.74833e-07 0.000413052 3.23709e-06 8.08794e-06 -3.6217e-07 0.0006226 -1.92243e-06 1.88814e-05 0.00020064 0.00127619 3.89988e-06 2.58865e-05 8.30131e-05 2.21934e-05 -2.00156e-05 -0.00521468 -0.000245859 0.000543021 -0.00210429 8.10887e-05 -5.77436e-05 0.000150636 6.96038e-05 -0.00279134 7.35528e-05 0.00340203 3.93451e-05 3.28288e-05 0.00233643 -0.00522846 -0.00163798 -0.00467846 9.80437e-06 0.00104714 -9.894e-05 -5.41984e-05 1.69045e-05 3.46661e-05 -1.34521e-05 0.000210255 -5.17899e-05 7.58607e-07 0.000109222 -0.002686 0.000445502 0.000652988 6.12192e-06 0.000285247 -1.36961e-06 -0.000697467 -2.97741e-05 
2.84465e-05 1.81125e-05 2.58466e-05 3.63586e-06 1.11502e-05 8.64942e-06 -6.90286e-05 2.64816e-05 1.05649e-05 -1.41509e-06 1.9736e-05 9.37396e-06 3.75798e-06 9.57654e-06 -2.21961e-07 9.21361e-06 -7.22129e-06 1.20867e-05 -7.82987e-07 8.1565e-06 4.26594e-05 8.47995e-05 4.81283e-06 2.29898e-05 5.62653e-06 -2.3109e-05 -4.98651e-05 1.06679e-05 -5.97393e-07 1.12384e-06 -6.96688e-07 5.45607e-06 1.83999e-07 1.52827e-06 1.78935e-06 1.38924e-06 5.09056e-08 -4.31193e-05 7.65507e-06 2.30866e-05 8.30226e-06 2.19992e-06 -1.19146e-05 2.82569e-05 -7.19762e-05 -1.62597e-05 1.31293e-06 -1.93051e-07 2.49122e-05 1.80757e-06 7.64301e-06 1.59049e-07 1.22233e-11 -4.13489e-09 4.90535e-06 2.47185e-06 7.01196e-06 1.68389e-05 2.83965e-07 8.96672e-07 6.51438e-06 2.01027e-06 5.23093e-09 -1.45551e-07 -5.63153e-05 1.72138e-05 6.14513e-06 -6.75156e-05 9.92207e-06 3.68075e-06 2.90979e-06 1.68876e-06 -6.72907e-05 1.52508e-05 2.5902e-06 1.39418e-07 1.15218e-05 4.40315e-06 -7.1688e-05 -1.35401e-05 -7.32118e-05 -4.85207e-09 5.11647e-05 -1.50319e-05 -1.85946e-05 4.76378e-06 1.06412e-06 3.47673e-06 8.62942e-06 4.53107e-06 -2.28724e-09 2.15638e-05 -7.31202e-05 3.50461e-06 3.44314e-05 -6.32169e-08 5.89486e-06 7.84661e-07 8.12831e-07 2.70105e-06 
-0.000187104 4.89366e-05 4.15254e-05 -4.5681e-06 4.22357e-06 7.34361e-06 -0.000247905 0.000167921 1.32411e-05 -2.32039e-05 8.67396e-05 4.16052e-06 1.23741e-05 -1.03789e-06 0.000105626 1.59715e-05 0.000105766 -2.84623e-05 4.97686e-06 -4.88472e-07 9.18678e-05 4.81283e-06 0.000752167 9.29057e-05 -7.4003e-07 2.14296e-05 -9.23853e-05 0.000238353 9.08535e-07 1.5933e-05 -6.18128e-06 7.25299e-06 2.9007e-07 -1.63596e-05 7.80407e-06 1.26942e-05 2.58452e-07 -0.000310483 9.66916e-06 2.07404e-05 3.23582e-06 -2.06661e-05 -0.000124639 4.52701e-05 -0.000231532 4.02622e-05 3.43469e-06 -6.69486e-06 7.39173e-06 1.5261e-07 5.93208e-06 -6.0104e-07 2.8333e-06 6.99659e-08 2.15559e-05 -2.06498e-08 2.35569e-06 1.17518e-06 4.90144e-06 2.28372e-07 -4.7955e-07 7.45069e-06 7.12427e-06 1.16527e-05 -0.000260969 -3.3808e-06 6.74949e-05 -0.000111541 3.58362e-06 1.68207e-05 1.25317e-05 8.99984e-09 -9.37171e-05 1.52988e-05 1.23247e-05 1.8908e-05 7.81344e-05 9.43883e-06 -0.000220196 -5.94804e-05 -0.00020617 9.536e-07 7.44967e-05 -3.17944e-05 -1.05204e-05 1.00846e-06 -1.80499e-06 1.35582e-06 5.42661e-07 9.7779e-07 4.83032e-07 3.39469e-05 -0.000114953 -3.92243e-07 1.65774e-05 -3.77772e-07 1.06909e-05 1.22201e-05 -2.80113e-05 -1.85523e-06 
-0.000434642 0.00217571 4.89724e-05 -3.18406e-05 0.000123143 4.90705e-05 -0.00324355 0.00556503 3.23889e-05 -0.000318827 0.00014822 6.3649e-06 -2.68953e-05 0.000158773 0.000436632 0.000115395 0.00621666 0.00136177 -6.17003e-05 0.000781354 0.0020227 2.29898e-05 9.29057e-05 0.00946192 0.000109716 0.000186866 -0.0032535 0.00106982 -0.000399899 0.000196027 -3.93069e-05 1.40337e-05 -1.45983e-07 -0.000133393 0.000966949 -9.19198e-05 4.90652e-06 -0.00531812 4.47952e-06 9.54418e-05 0.00024494 0.000402907 -0.00433704 0.000671068 -0.00637262 -0.0010648 6.42169e-06 -4.59755e-05 7.29849e-06 9.29885e-06 0.000206987 -7.27374e-06 -4.68541e-06 -3.02448e-07 6.93184e-05 3.89971e-05 5.36124e-06 2.055e-05 0.00198731 4.08454e-05 9.7126e-05 -6.29277e-06 6.34744e-05 -1.82462e-05 -0.00531679 -0.000130658 0.00344213 6.35154e-05 0.000128292 0.000601041 9.28023e-05 8.27534e-05 -0.0025896 -0.000100994 0.00354095 -6.71516e-05 9.56043e-05 0.00285849 -0.00603617 -0.000634058 -0.00432928 1.64676e-06 6.43567e-05 -0.000127781 -0.000245075 0.000175532 6.45934e-06 0.000115626 -1.73472e-06 4.06319e-05 2.19017e-07 0.000358432 -0.00304203 1.99046e-05 -1.97435e-05 1.98837e-07 1.47198e-05 -3.65968e-06 0.000844333 -3.20599e-05 
-0.000238497 1.13222e-05 3.23842e-06 -1.25222e-05 -6.83581e-05 -1.69734e-07 -0.000253441 0.000231806 1.93824e-05 -2.51141e-05 4.19896e-07 1.46692e-06 5.85792e-05 7.65297e-06 -1.13921e-05 -1.41136e-05 0.000405491 4.28961e-05 -9.27086e-06 -1.72114e-06 2.10293e-05 5.62653e-06 -7.4003e-07 0.000109716 0.00137535 5.55362e-05 -0.000302161 3.52144e-05 4.66147e-05 2.95433e-05 6.9735e-05 1.51037e-05 2.23588e-06 0.000142685 1.2595e-05 -5.85387e-06 3.16391e-06 -0.0005876 9.45469e-06 6.34471e-06 -7.40583e-07 0.000108765 -0.000702543 7.31552e-05 -0.000740179 0.000582493 -5.69526e-07 -3.89392e-06 3.80896e-06 2.08564e-06 1.54242e-06 9.91405e-06 8.25164e-07 3.16184e-07 1.37875e-05 2.61176e-07 -9.04124e-07 5.15839e-07 2.07893e-05 1.87502e-05 2.12904e-06 3.38054e-05 3.42267e-05 -2.23584e-06 7.05996e-05 4.29344e-05 -6.11325e-05 -0.000159382 5.42091e-06 6.10774e-05 2.7649e-06 2.89019e-06 -0.000124125 -3.76947e-05 -0.00013383 -3.6304e-06 1.33285e-05 -3.49847e-05 -8.30188e-05 2.63621e-05 -0.000182545 1.1912e-06 1.30594e-05 -3.34944e-06 -2.34907e-05 2.25201e-06 1.35198e-05 1.6199e-05 3.75656e-06 3.86622e-05 -1.04776e-08 3.69549e-05 -5.37844e-05 -1.40323e-06 -7.22603e-06 -9.83296e-07 1.74854e-05 -1.78037e-07 -0.000100797 -4.24067e-06 
-0.0402376 0.000158133 0.000122645 0.000466163 0.00480246 -2.11923e-05 -0.000430686 -0.00096662 -6.11241e-05 0.000556094 -0.000314048 -5.70138e-06 -0.00181806 -0.000187693 -0.00401079 -0.000110945 -0.00285432 -0.0131787 -0.00133152 -0.00224109 -7.5634e-05 -2.3109e-05 2.14296e-05 0.000186866 5.55362e-05 0.0584276 -0.000959263 0.0289187 0.002064 -0.000354772 0.000365769 -5.66624e-05 -1.54076e-05 0.00289526 -1.71216e-05 -0.00279148 -1.39996e-05 -0.0125378 -2.00799e-06 -0.000414065 -0.000521582 -0.0013231 -0.0116138 -0.000395554 0.00151174 0.0167799 -0.000154335 -6.4389e-05 1.63888e-05 -7.56679e-05 1.90401e-05 -7.99484e-05 4.7258e-05 1.4047e-06 0.000573805 -0.000165852 1.96072e-05 -2.24745e-06 -2.76724e-05 6.32241e-07 -0.000405528 6.51366e-05 -1.67475e-05 8.44674e-05 0.0326694 0.00223968 0.000342541 -0.00185265 1.41952e-05 0.000369843 -0.000200314 6.44481e-06 0.0061233 -0.00540044 -0.0283615 -0.000339365 5.6151e-05 0.00269349 -0.0027927 0.00979885 -0.00166006 -2.87503e-06 8.34458e-05 0.0019968 0.000713721 -0.000211656 0.000129748 -0.000126573 -1.2793e-05 9.9574e-05 -8.69283e-06 -0.00059743 0.000914439 3.78443e-05 -6.49155e-05 -4.18959e-05 -0.000785161 -0.000141239 -0.0321445 -0.0018269 
0.00497832 -0.00148258 -0.000676281 0.000190941 0.000775719 -0.000293662 0.00495601 -0.00462018 -0.000543036 -0.00156198 -9.96189e-05 -3.22268e-05 -0.000510007 -0.000463593 0.000664205 -0.00313846 -0.00310729 -0.00233183 -0.000339333 -0.00134815 -0.00263632 -4.98651e-05 -9.23853e-05 -0.0032535 -0.000302161 -0.000959263 0.0285161 0.00839376 -0.00527456 -0.000456228 -0.00427356 -7.8513e-05 -5.84779e-06 -0.00118342 -0.0014676 -0.000698646 -1.7429e-05 0.00366057 -0.000119779 -0.000120982 -0.000626918 -0.00179167 0.0113363 -0.000757626 0.00263207 -0.0106333 -0.000125789 -0.00173649 -0.00015747 -1.32527e-05 -0.000746606 -0.000103902 3.75725e-06 -9.82757e-06 -0.000465389 -0.000214022 -5.50513e-05 -0.000212308 -0.00198008 -8.1073e-05 -0.00067862 -0.000129129 -8.83438e-05 -0.000431412 -0.000990558 -0.00344511 -0.000733918 0.00321724 -0.000398882 -0.00534615 -0.00019093 -0.000135374 0.00349569 -0.00157403 -0.000181125 -0.000476504 -0.00012599 -0.00351932 0.00349722 -0.00638271 0.00489409 -4.99245e-06 -0.000664787 0.000565958 0.000770691 -0.00043023 -6.63597e-05 -0.000782926 -0.000160535 -8.3724e-05 -4.83098e-06 -0.000215477 0.00339293 -0.000306022 -0.000485313 -6.6167e-06 -9.13555e-05 -4.77944e-06 0.00335632 8.71653e-05 
-0.0603652 0.00292677 0.000574361 0.00123308 0.0125986 -6.82462e-05 -0.00173398 0.00276185 -0.000150916 -0.012765 0.000209554 4.0078e-05 0.0021867 0.000485457 0.00407884 -0.000207182 -0.0144717 -0.0284171 -0.00105034 -0.00251684 0.000390268 1.06679e-05 0.000238353 0.00106982 3.52144e-05 0.0289187 0.00839376 0.249159 -0.0171716 -0.000947474 -0.00388816 -5.46369e-05 6.07178e-06 0.00985538 9.6459e-05 -0.00672912 -9.49664e-06 -0.0210567 -9.75038e-08 -0.0003299 -0.000235446 0.00292454 -0.0130768 -0.000177784 -0.0250529 -0.0515624 -0.000133617 -9.83089e-05 4.27404e-05 -3.71526e-05 1.89574e-05 -9.85941e-05 0.000674071 -2.45861e-06 -0.000890999 -5.67516e-05 1.3192e-06 -6.80951e-05 -0.000629172 -4.6343e-05 1.52964e-05 2.85634e-07 -0.000215919 -0.000964839 0.0413381 0.00592485 0.0169926 -0.0156133 -0.00047936 -0.000864825 -0.000361544 -0.000124228 0.00226243 -0.00551667 -0.0167558 -0.00118846 0.00453092 0.00998016 -0.023632 -0.0528588 -0.00320115 5.40787e-06 -0.000649501 0.000443658 0.000596862 2.02828e-05 0.000916917 0.000697438 0.000232073 0.00138061 -3.77361e-06 -9.40043e-05 0.000552633 0.0010594 0.000137288 -0.00026498 -0.00132801 0.000171004 -0.0260326 -0.00193904 
-0.00781433 -0.000406668 -1.54081e-05 -0.000245392 -0.000301523 -1.56673e-05 -0.000118703 -0.00201498 4.36919e-05 0.00464117 -0.000269095 -6.77473e-06 -0.000559852 -9.2645e-05 -0.00158681 0.00182129 -0.00310213 0.00253055 -0.000497512 -0.000165276 -0.000454454 -5.97393e-07 9.08535e-07 -0.000399899 4.66147e-05 0.002064 -0.00527456 -0.0171716 0.0482463 -5.00254e-05 0.00131964 1.6162e-05 -2.58007e-06 0.000466118 -0.000126589 -0.000320246 -1.07509e-06 0.00114422 -2.83336e-05 -8.80959e-05 -5.54908e-05 -0.000855676 -0.016424 -0.000415708 0.00147211 0.00813861 -6.63481e-06 -6.98252e-05 -7.80975e-06 -4.75435e-06 -5.35391e-05 0.000205062 -4.27309e-05 1.12017e-05 0.000301141 -1.20174e-05 -1.44383e-05 3.65471e-06 -0.000255221 -6.82478e-06 -6.29343e-05 -2.65948e-06 -1.08387e-08 7.17056e-05 0.0113256 0.000623495 -0.00269602 -0.0074781 7.31836e-05 -0.000272195 -6.8148e-05 -1.36343e-05 0.00105512 -0.000820259 -0.00557865 -0.000155933 -0.000819321 0.000200809 0.0041902 -0.0047354 -0.00256586 -1.33149e-06 0.000148185 -9.08086e-05 -1.99073e-05 -2.62242e-05 -9.75886e-05 -8.09915e-05 -9.40833e-05 -8.52171e-05 -3.10886e-07 -8.347e-05 5.74534e-05 -0.000135169 -0.000245246 -2.16866e-05 -6.21345e-05 -2.26357e-05 -0.00440009 -0.000126826 
-0.000209928 0.000247651 0.000181281 0.000154893 0.00026963 3.42794e-05 -0.000793045 0.000798372 7.89061e-05 3.83396e-05 0.000556102 1.05373e-05 7.87889e-05 7.99469e-05 7.08547e-07 5.77902e-05 0.00159235 0.0019116 0.00045175 0.000199739 0.000150381 1.12384e-06 1.5933e-05 0.000196027 2.95433e-05 -0.000354772 -0.000456228 -0.000947474 -5.00254e-05 0.00301144 -2.26992e-05 2.51937e-05 8.69598e-07 -8.82863e-05 0.000566489 0.000525676 1.23269e-05 -0.00112472 7.80404e-05 0.000146559 0.000108959 2.91001e-05 -0.000979241 -1.14695e-05 -0.00212 -5.01998e-05 7.76418e-06 7.59097e-05 4.29623e-05 2.21761e-05 4.7701e-05 -1.49047e-06 1.9925e-05 1.27274e-08 0.000123895 2.0285e-05 6.10208e-06 3.38294e-05 0.000950632 8.31864e-06 0.000105955 3.05955e-05 1.96341e-05 4.69662e-06 -0.00126603 -9.02555e-05 0.000873531 -0.000442889 0.000227434 8.62377e-05 0.000650306 6.79662e-05 -0.00191151 0.000143959 -0.00011755 1.73562e-06 6.37981e-05 0.000714073 -0.00126398 -0.000380587 -0.00181032 2.11718e-06 0.00041684 -0.000776085 -0.000341664 5.17534e-05 5.89493e-05 7.81019e-06 0.000178001 -1.66078e-05 4.25187e-06 9.70938e-05 -0.00200181 3.56756e-06 8.23037e-05 1.99251e-05 0.000551149 1.07626e-05 0.000153174 1.4112e-06 
-0.00238313 -5.22108e-05 -1.62815e-05 4.51688e-05 -0.000351083 -3.89436e-06 -0.000240629 0.000438107 1.44818e-05 8.8345e-06 -4.5436e-05 -1.03748e-06 0.000140338 -3.39667e-06 -0.000375238 0.000457835 0.00108709 -0.000206379 0.000104405 -8.54572e-05 -8.08483e-05 -6.96688e-07 -6.18128e-06 -3.93069e-05 6.9735e-05 0.000365769 -0.00427356 -0.00388816 0.00131964 -2.26992e-05 0.00899729 1.10349e-05 -5.59148e-07 0.000115708 -1.71863e-05 -2.23777e-05 -5.6589e-08 -0.00448204 -4.74718e-06 -1.62821e-05 1.33424e-05 0.00131173 -0.00495742 -0.000118198 -0.00129645 0.00605371 1.1106e-06 0.000201042 -3.05531e-06 -6.00377e-07 6.88977e-06 7.12095e-06 -1.29256e-05 3.69397e-06 0.000207031 9.67365e-06 -3.8042e-06 -3.91725e-06 -3.89561e-05 -1.03576e-07 2.12514e-05 8.32868e-05 6.45576e-05 5.22311e-05 0.0005984 0.000580723 -0.000456494 -0.000418793 3.1616e-06 0.00041649 -1.53814e-05 -2.98744e-06 -0.000166143 -0.000190509 -0.000959527 -3.19234e-05 -6.45497e-05 -0.000447067 0.00103287 0.00272058 0.000357887 -8.94814e-08 -3.08023e-05 -4.9252e-05 -9.77438e-05 1.12801e-05 -1.94486e-05 -6.58599e-06 -1.65524e-05 9.24897e-05 4.38453e-07 -1.06146e-05 5.8126e-05 -2.30171e-05 -3.89898e-05 -1.83824e-06 -2.23705e-05 -7.97113e-07 -0.000928484 -3.02965e-05 
-7.883e-06 -9.91726e-08 5.10968e-06 1.06527e-06 -1.15412e-05 3.58267e-07 -4.40047e-05 2.80422e-05 1.88901e-05 -2.11254e-06 1.53817e-05 1.28709e-07 3.47438e-06 1.37298e-05 -3.05659e-06 1.6226e-05 3.02719e-05 5.7493e-05 6.32477e-06 1.17484e-05 2.31742e-05 5.45607e-06 7.25299e-06 1.40337e-05 1.51037e-05 -5.66624e-05 -7.8513e-05 -5.46369e-05 1.6162e-05 2.51937e-05 1.10349e-05 0.000164273 2.94171e-06 -3.87594e-06 1.17121e-05 2.48264e-05 9.59196e-06 -4.7928e-05 6.60692e-06 1.52938e-05 7.57065e-06 -1.96088e-06 -6.43207e-05 7.98873e-06 -7.18288e-05 1.94211e-05 1.12505e-06 1.54207e-05 3.52701e-06 3.98905e-06 3.97189e-06 4.05258e-07 2.88005e-06 -8.01072e-09 1.49618e-05 4.52505e-06 -1.12022e-07 1.7637e-06 4.53109e-06 4.37513e-07 1.2296e-05 3.06379e-07 3.36577e-06 4.36484e-08 -6.85989e-05 -1.79982e-06 1.59409e-05 -5.88561e-05 1.59673e-06 2.20808e-05 1.66615e-05 3.34261e-06 -6.60185e-05 6.13068e-06 -1.6827e-05 4.93251e-06 1.43185e-05 1.38357e-05 -3.08209e-05 1.87016e-05 -6.85317e-05 2.306e-07 5.9402e-06 -3.90077e-05 -2.77921e-05 2.3816e-07 2.75075e-06 1.91953e-06 3.04954e-06 -5.96796e-07 8.78902e-07 1.43373e-05 -4.81848e-05 9.82512e-07 7.47884e-06 1.8086e-07 2.19667e-05 2.90174e-06 2.49691e-05 7.80002e-07 
