0.0114227 0.00224413 -5.61358e-05 0.000119669 0.000985193 0.00329373 3.04181e-06 -0.000379573 0.000691118 0.000595634 0.000406395 -6.43422e-05 -0.00618068 -4.6451e-05 -0.000268747 -0.00200575 -5.51324e-06 -0.000283269 -0.0051727 -0.000861849 0.0057146 -0.00351511 -0.00136573 0.00477139 -0.00240492 0.000130876 -0.00262973 -0.000581675 -0.000568006 0.00169861 1.43282e-05 -2.63351e-07 0.000130532 6.23963e-05 0.00201054 -0.00156896 0.000256065 -0.00245327 -1.65323e-05 -0.000507046 2.80812e-05 -0.000216509 0.000730924 -0.000843794 -0.000266584 0.00217978 0.000382058 2.39395e-05 -0.000113612 -2.70276e-05 -5.59775e-05 -0.000485237 -2.60481e-06 -1.67627e-05 -0.000360432 -0.000238182 4.28454e-06 1.88296e-06 9.43572e-06 0.00226246 -0.000194891 7.07422e-05 -0.00423709 -3.25292e-05 0.00062735 -0.000722096 9.52067e-05 -0.000775589 0.000432195 -0.00131134 6.69238e-05 -3.53607e-05 0.00173932 0.00142987 -0.00566095 0.000229444 2.93859e-05 0.00222302 -0.00566405 0.00120534 -2.66561e-05 0.000241407 7.34372e-07 0.00117107 0.00199239 0.000459927 0.000164346 1.07316e-05 -5.4356e-05 0.000621487 -0.00148223 0.00234389 0.000196895 -2.68179e-06 2.28441e-05 -0.000346267 -0.00357256 0.00082237 -0.000775742 0.00208666 
0.00224413 0.0839372 -0.000460977 -0.000516277 0.00506669 0.00500974 -9.6333e-05 -0.00310562 0.00109892 -0.0354121 0.0381613 -0.00162124 -0.0289682 -0.00744664 0.0124893 0.025455 -0.000598385 -0.00466675 -0.017659 -0.00844354 0.0138865 -0.0452191 -0.0208302 -0.00076182 0.0254098 -0.00111032 -0.0208193 -0.00519331 -0.00454011 0.007878 0.000122912 -3.45937e-06 0.00016938 0.0015091 0.0374848 0.0109029 0.00699877 -0.0318218 -0.000155877 0.0267797 -0.000263096 -0.00257775 0.00424012 -0.0120074 -0.00248658 0.041844 -0.000295924 -8.43048e-05 -0.00825868 -0.000278096 -0.0004234 -0.00856415 -2.50198e-05 -0.000177649 -0.00423419 0.0209407 0.000276931 0.00125633 -0.000206229 0.0555385 0.0122665 1.82781e-05 -0.0471154 -0.000258883 -0.000135734 -0.0053555 -1.81481e-05 -0.0063642 -0.00186459 -0.0204168 -0.000758869 -0.000534674 0.00169149 -0.00296888 -0.0245252 -0.000423144 0.00212122 0.0163337 -0.0364138 0.00740675 0.000240224 0.00149804 -2.39277e-06 -6.86992e-05 0.0343029 -0.00463225 -0.00355707 0.000123778 -0.00047759 0.0128629 -0.0286672 0.00078811 -0.000235033 -2.08666e-05 0.000245905 -0.00307494 -0.0385158 -0.00708753 -0.00596844 0.000193855 
-5.61358e-05 -0.000460977 0.00583016 -2.32739e-05 8.17877e-06 -0.00117909 1.38438e-05 0.00183055 -5.70125e-05 -0.00100799 -0.00166755 -0.000345078 0.000264308 -0.000486072 -0.00409375 -0.00211457 0.000179414 -4.80141e-05 0.000761214 -0.00059768 7.31263e-06 0.00222732 0.00120995 -0.00122573 -0.00205765 -0.000166382 0.00126993 -0.000293721 0.00156557 -5.28396e-05 -9.50585e-05 7.83015e-07 -2.18086e-06 -1.58022e-05 -0.00103331 -0.00371658 -7.76086e-05 0.00275072 6.92238e-05 -0.00251809 0.000106001 -0.000156146 -0.000334094 -0.000672542 0.000384897 -0.00162799 1.95054e-05 2.59715e-05 -0.000503986 0.000352373 0.000351555 -0.000419929 -1.15935e-06 -8.05909e-06 -0.000282651 -0.000508375 -9.52302e-07 -1.30308e-05 -1.32122e-05 -0.00133887 -0.000300979 1.19162e-05 0.00113379 0.000174376 4.39288e-06 0.00163182 1.07788e-05 0.00206098 -0.00063324 0.00283902 -6.13224e-05 0.000247017 -1.87922e-05 -0.000229293 -0.0015088 0.000720031 -3.01036e-05 -0.000313484 0.00115813 -7.58841e-05 4.42495e-05 -1.74725e-05 3.18284e-07 -7.73344e-06 -0.00237548 -0.000267467 -0.000109316 6.28893e-05 0.000127683 -5.04131e-05 0.000593839 -0.00022638 2.3278e-05 3.74039e-06 2.04607e-06 0.00106154 0.00255119 -0.000401834 0.00225849 -4.91402e-05 
0.000119669 -0.000516277 -2.32739e-05 0.00831854 5.02854e-06 -0.00145201 -7.55837e-06 0.000658731 -2.02252e-05 -0.00235657 0.00381317 0.00172305 0.00013456 -0.000653044 0.0013203 0.0036505 -6.53602e-05 0.00014603 -0.00216349 -0.000760747 6.08085e-05 -0.00342121 -0.00290912 -0.00167968 0.00367257 -0.000174943 -0.00186513 -0.000372497 -0.000399374 -3.59479e-05 -8.29907e-05 -1.08748e-07 -3.27938e-06 1.44796e-05 -0.00126327 0.00117745 -0.000102531 -0.00292695 -1.66103e-05 0.00377529 -8.49001e-06 -0.00018217 0.000941592 -0.000264071 -0.000131523 -0.0017863 -2.51796e-05 9.34619e-06 -0.000630479 -1.70675e-05 -2.24204e-05 -0.000691279 -1.87588e-06 -4.75335e-06 -0.00043579 0.00217258 -5.36594e-06 8.59032e-06 3.93674e-06 -0.000234382 0.00440259 0.000103664 -0.000241374 -2.37931e-05 -1.27293e-05 -0.000388509 -3.42154e-07 -0.000591851 -0.000671304 -0.00193677 0.000541562 -4.46676e-05 -2.54565e-05 -0.000297576 -0.00202946 -3.6546e-05 -4.40552e-05 -0.000280966 0.000466111 -0.000139858 6.83919e-05 -3.40699e-05 -1.83688e-07 -1.74906e-05 0.00106228 -0.000371365 -0.000283298 -1.05583e-06 -5.51929e-05 -0.000397091 -0.000582003 -7.43174e-05 -2.25247e-05 -2.00125e-06 -3.07749e-06 -0.000245591 -0.00315439 -0.000584619 0.00196348 -2.74196e-05 
0.000985193 0.00506669 8.17877e-06 5.02854e-06 0.0122236 0.000516758 -9.91955e-06 -0.000482642 0.000262347 -0.000729151 0.00403983 -0.000837004 -0.00647514 -0.000798188 -0.00123972 -0.000351827 -6.17435e-05 4.34865e-05 -0.00567294 -0.00101529 0.0050176 -0.00362318 -0.0054896 0.0036611 0.00110406 0.000247697 -0.00291716 -0.000651523 -0.000298903 0.00287636 0.00105291 3.70957e-06 9.99723e-05 4.99679e-05 0.00261221 -0.00187545 0.00177292 -0.00403766 -2.21899e-05 -0.00147495 -1.52752e-05 -0.000319547 0.00323079 -0.00173985 0.000177027 0.00490745 6.14586e-05 4.44817e-05 -0.000889394 0.000144262 3.62289e-05 -0.000993423 -2.91571e-06 1.46764e-06 -0.000431922 -0.000285252 0.000141187 -1.40011e-05 -3.31448e-05 0.00367458 -0.000713241 3.5334e-06 -0.00477687 8.53496e-05 0.000124899 -0.000577488 8.413e-06 -0.000487984 0.000482514 -0.00233613 -7.82751e-05 -6.56104e-05 0.000417997 0.000204493 -0.00466898 2.22724e-05 0.00102189 0.00482293 -0.00606018 0.00167946 -6.78302e-05 8.95144e-05 -3.20189e-07 0.000234209 0.00320414 -0.000264517 -0.000416179 7.81192e-05 -8.38805e-05 0.00263785 -0.00347706 0.00227713 -2.69075e-05 1.33381e-06 4.60401e-05 -0.000125052 -0.003979 -0.000449431 -0.000403672 0.000336803 
0.00329373 0.00500974 -0.00117909 -0.00145201 0.000516758 0.168492 0.000603003 -0.00950929 0.000684109 0.0334573 -0.0592931 -0.0129401 -0.0199793 0.0667055 -0.0352712 -0.049305 0.000153575 -0.00482265 -0.0439581 0.052893 0.00281107 -0.0502021 -0.0261118 0.0532946 -0.0476289 0.0142941 -0.000230408 0.0398293 -0.0106746 0.00647823 -0.00220015 -1.47251e-06 0.000112304 0.000383536 -0.0210807 -0.044997 0.000534532 -0.0305041 0.0007067 -0.0509804 -0.000689239 0.021462 -0.00683124 -0.0276154 -0.00602137 -0.0240037 0.00149475 -0.000332805 0.0663611 -0.000791356 -0.00142425 0.0563225 0.000110359 0.000847729 0.0392631 -0.0190287 -0.000184489 -0.000270202 0.00207936 -0.0106634 -0.0163152 -9.11275e-05 -0.0521105 -0.000234347 0.000504763 -0.00926307 -9.85692e-06 -0.0110078 0.0723006 0.00584194 -0.00259861 -0.000683599 0.00234149 -0.000338438 -0.00747098 -0.00096747 -0.000775881 0.0185124 -0.0369471 0.00238247 -0.00181994 0.00142586 -7.29238e-07 0.000657073 -0.0360447 0.0392919 0.00807626 -5.23149e-05 -0.00121824 0.00184881 -0.027014 0.0221288 0.00131209 -2.35727e-05 -6.82183e-06 -0.0036569 -0.0351078 0.0578158 -0.0150827 0.00638489 
3.04181e-06 -9.6333e-05 1.38438e-05 -7.55837e-06 -9.91955e-06 0.000603003 0.00129587 -4.23134e-05 -1.12766e-05 0.000510525 -0.000471542 -9.22105e-05 -9.80077e-06 0.000756445 -0.000512572 -0.000521417 -1.65017e-06 1.63958e-05 -0.000266191 0.000785307 -3.9941e-05 -0.000413184 -0.000399349 -6.34668e-05 -0.000567715 5.79239e-05 0.000296003 0.000667502 3.67967e-05 -4.75315e-06 -1.58616e-05 6.30279e-07 -5.26336e-07 3.84442e-06 -4.62125e-05 -0.000550839 -6.71259e-07 -0.000302093 3.77396e-06 -0.000235171 -1.84883e-06 0.000155422 -5.29885e-05 -0.000134806 -1.21634e-05 -4.92935e-05 2.92905e-05 -6.50316e-07 0.000592676 -1.69294e-06 -2.79823e-06 0.000362151 2.35873e-06 3.6642e-06 0.000417408 -0.000267865 3.64295e-06 -2.95057e-06 7.3231e-06 -0.000245932 -0.000117757 -5.88962e-07 -0.00068859 3.93573e-05 2.16703e-05 -1.02428e-05 5.03867e-07 -5.25269e-06 0.000393808 -0.000147031 -1.87326e-05 1.36128e-05 7.09885e-06 -7.61535e-07 -0.000110427 -3.81438e-06 -7.52884e-06 -5.34526e-05 -0.000580721 -1.07513e-05 -8.12734e-06 -7.06619e-07 -1.35676e-08 1.20999e-05 -0.00065005 0.000347465 -1.71201e-05 2.68347e-06 -2.60051e-06 -1.16018e-06 -0.000298368 9.45003e-05 6.10443e-06 6.42126e-07 7.10833e-07 1.94314e-05 -0.000385627 0.000713806 -3.68704e-05 0.00031352 
-0.000379573 -0.00310562 0.00183055 0.000658731 -0.000482642 -0.00950929 -4.23134e-05 0.0458244 -0.000451764 -0.0121428 -0.00841054 -3.14557e-05 0.00189079 -0.00414128 -0.0178113 -0.00860054 -0.000168429 0.00564892 0.00530542 -0.00496373 -0.000147841 0.0147078 0.00686609 -0.0111295 -0.0121781 -0.00127121 0.0119379 -0.00251229 0.00412226 -0.000348973 -0.000300261 2.93882e-06 -1.99051e-05 -0.000144666 -0.00953357 -0.013043 -0.000550643 0.0145855 -3.90349e-05 -0.0136798 8.27075e-05 -0.00132749 -0.0022522 0.00983599 0.00129756 -0.0118268 -3.93041e-05 -1.99239e-05 -0.00443436 -4.24958e-06 -8.07516e-05 -0.00346956 -1.17164e-05 -1.42922e-05 -0.00251832 0.000210984 -5.15534e-05 -4.65484e-05 -0.000116498 -0.0104042 0.000747381 0.00022118 0.0113831 -3.35783e-05 -1.58474e-05 0.00565531 -4.49115e-06 0.00321109 -0.00566888 0.00743622 -0.00061955 0.00121641 -0.000169057 -0.00189599 -0.000345494 -1.88782e-05 -0.000233236 -0.00224512 0.0140784 -0.000777868 4.894e-05 -0.000286902 1.54123e-06 -9.47753e-05 -0.00714791 -0.00245355 -0.00190521 6.05831e-05 0.00123315 0.00222692 0.00581817 -0.00149262 1.75219e-05 2.0243e-05 -1.54615e-05 -0.000914629 0.0123281 -0.00373752 0.0118313 -0.000509734 
0.000691118 0.00109892 -5.70125e-05 -2.02252e-05 0.000262347 0.000684109 -1.12766e-05 -0.000451764 0.00985047 -0.00343022 0.00402189 0.000345027 -0.00392525 -0.000551062 -0.00163712 -0.000496246 -7.01333e-05 -0.000950335 -0.00797966 -0.000696322 0.00563501 -0.00507232 -0.00573398 -0.000561312 -0.00105004 0.00217767 -0.00238153 -0.000186603 -0.000506646 0.00412195 -5.30377e-06 1.53714e-08 3.36507e-05 0.000117549 -0.000375974 -0.0019546 0.00341983 -0.0036008 -1.85774e-05 0.00440135 5.13845e-05 -0.000153859 0.00602056 -0.0014108 -0.000278569 0.00315686 -3.34767e-05 -1.82069e-05 -0.000629251 -3.4373e-05 4.66329e-05 -0.000424493 -1.55569e-06 -1.85998e-05 -0.000180987 0.000999181 -5.88503e-06 0.000210881 -8.43045e-07 0.0071438 0.00155714 -3.57611e-06 -0.00595884 -1.5785e-05 0.00011752 -0.000639308 7.26376e-06 -0.000700672 -0.00103092 -0.00239695 0.000826418 -5.66913e-05 0.000160319 -0.000141541 -0.007798 -2.60044e-05 0.00250554 0.00286809 -0.00555826 0.00386393 1.93485e-05 1.04652e-06 -2.57393e-07 0.000471855 0.00248468 -8.21975e-05 -0.00040585 -3.2521e-07 -7.08341e-05 0.00443726 -0.00201055 0.00377826 1.28554e-05 -2.90639e-06 1.29673e-05 -0.000331392 -0.00444722 -0.000450987 -0.000698389 0.000127966 
0.000595634 -0.0354121 -0.00100799 -0.00235657 -0.000729151 0.0334573 0.000510525 -0.0121428 -0.00343022 0.238636 -0.0286619 -0.016064 0.00836477 0.0500023 -0.0361056 -0.0696793 -0.000613281 0.017221 -0.00683368 0.0544392 -0.0108552 0.00110731 0.0167945 0.0148446 -0.0348764 0.0106599 0.013025 0.032096 0.00916642 -0.00291304 -0.00741851 3.16622e-06 5.15024e-06 -0.00069523 -0.00977825 -0.0443375 -0.00432742 -0.0205993 0.000262155 -0.011561 -0.000405621 0.0164702 -0.00998322 -0.0167361 0.00165724 0.0253883 0.00167376 0.000216293 0.0514663 -0.000780343 -0.000177222 0.034615 8.24472e-05 0.000815727 0.0310334 -0.059394 -0.000249783 -0.000692373 0.00161097 -0.0540861 -0.0283831 -0.00016792 -0.00576161 -0.000248653 0.000251066 -0.0192159 -6.17186e-06 0.0115049 0.0396119 0.00286364 -0.00494314 -0.00067584 -0.000781603 0.0121429 0.0055639 -0.000402134 -0.00203683 8.29965e-05 -0.0728437 -0.00544374 -0.00272951 -0.00119573 -2.84724e-06 3.29987e-05 -0.0607626 0.0301751 0.0147262 -0.000108962 -0.00214237 -0.00985154 -0.0658658 0.0127447 0.00106226 -5.34268e-05 -0.000172856 -0.00510559 -0.0456058 0.046457 -0.00994157 0.00391182 
0.000406395 0.0381613 -0.00166755 0.00381317 0.00403983 -0.0592931 -0.000471542 -0.00841054 0.00402189 -0.0286619 0.249898 0.0236413 -0.0137114 -0.0404796 0.0785925 0.149297 -0.00341186 0.0248926 -0.0179495 -0.025325 0.0105646 -0.120145 -0.070009 -0.0440343 0.182922 -0.00808637 -0.100686 -0.0251496 -0.0220724 0.00537491 0.00107313 -2.64843e-05 0.000109077 0.00101155 0.0920358 0.0877187 0.00575303 -0.160285 -0.000873586 0.169492 -0.000927982 -0.0131438 0.0284359 -0.042538 -0.00611142 0.128428 -0.0014258 -0.000737786 -0.0414116 -0.00164856 -0.000922353 -0.03523 -0.000121288 -0.000759103 -0.0245102 0.0519955 0.000503503 0.000827671 -0.00129943 0.105392 0.0419163 0.000161089 -0.0682144 -0.00136638 -0.000362188 -0.0254908 2.79457e-05 -0.0337211 -0.032541 -0.106889 0.00453435 -0.00209313 0.00058067 0.00758744 -0.0249317 -0.0018148 0.00339635 0.010506 -0.0963558 0.0064513 0.00419361 -0.00113692 -1.04277e-05 -0.000171019 0.135955 -0.0244289 -0.0189519 0.000109674 -0.00340273 0.00497019 -0.084233 -0.00884971 -0.00145457 -0.000127405 0.000254803 -0.0162621 -0.147121 -0.0355747 -0.00928618 -0.00271902 
-6.43422e-05 -0.00162124 -0.000345078 0.00172305 -0.000837004 -0.0129401 -9.22105e-05 -3.14557e-05 0.000345027 -0.016064 0.0236413 0.0676772 0.00317413 -0.00643401 0.0135003 0.0294288 -0.000573154 -0.00102871 -0.0271641 -0.00723809 -3.96763e-05 -0.0282997 -0.0213276 -0.0122783 0.0267903 -0.00185662 -0.0139539 -0.00409044 -0.00367139 0.000950042 -0.000374118 -1.15223e-06 -2.42311e-05 0.000345493 -0.00987628 0.0104336 -0.000971802 -0.0198953 -0.000144346 0.0243463 7.38584e-05 -0.00200294 0.0125527 -0.00758217 -0.00143737 -0.00485923 6.74391e-05 -0.000129945 -0.00649218 -0.000207267 0.000293648 -0.00652227 -1.9095e-05 -9.99368e-05 -0.00387494 0.0348656 -8.99648e-05 0.00122228 -0.000177213 0.0182104 0.0320837 0.000292462 0.00519116 -0.000207315 -1.2032e-05 -0.00387363 -1.1435e-05 -0.00492063 -0.00705578 -0.0160578 0.0030766 -0.00033266 -0.000220764 -0.00240974 -0.0138774 -0.000251202 -0.000408843 -0.00395519 -0.0141585 -0.0013076 0.000577447 -7.35152e-05 -1.1587e-06 -9.92509e-05 0.0217955 -0.00372294 -0.00282972 0.000100095 0.000460879 -0.00342968 0.00466025 -0.00095937 -0.000265884 -1.94021e-05 -4.22029e-05 -0.00243948 -0.0228598 -0.00559221 -0.00108056 -0.000671057 
-0.00618068 -0.0289682 0.000264308 0.00013456 -0.00647514 -0.0199793 -9.80077e-06 0.00189079 -0.00392525 0.00836477 -0.0137114 0.00317413 0.0626 -0.00260071 0.00548101 0.011203 0.000151238 -0.00100368 0.0236192 -0.00232698 -0.0201364 0.0246749 0.0111857 -0.0194343 0.008114 -0.011054 0.0126013 -0.00111724 0.00337661 -0.0138801 -0.00114265 1.60946e-06 -0.000303866 -0.000532159 -0.0281648 0.0126026 -0.0101652 0.019422 -8.36838e-06 -0.00168146 0.000111067 0.000403575 -0.00963087 0.00846658 0.000233183 -0.0325113 -0.000179513 -1.09641e-05 -0.00179233 0.000249568 0.000297963 -0.000484367 5.60808e-06 7.99403e-05 -0.00299435 0.00253484 -0.000502694 -0.000283836 -0.000375099 -0.0283201 0.00227053 -0.000189148 0.038504 0.000143421 -0.00128016 0.00384197 -0.000106161 0.00448734 -0.00487498 0.010484 -0.000159172 -0.000119114 -0.00292099 -0.0048195 0.0311341 5.18973e-05 -0.00481541 -0.0239586 0.0312858 -0.0128679 0.000134722 -0.000683817 5.72616e-07 -0.00174786 -0.0166411 -0.00383436 -0.00427477 -0.000132954 0.000169993 -0.0219934 0.0181787 -0.0116204 -1.234e-05 1.20675e-05 -0.000294897 0.00203109 0.026513 -0.00307673 0.00327585 -0.00345214 
-4.6451e-05 -0.00744664 -0.000486072 -0.000653044 -0.000798188 0.0667055 0.000756445 -0.00414128 -0.000551062 0.0500023 -0.0404796 -0.00643401 -0.00260071 0.0822907 -0.055201 -0.0356682 -3.46932e-05 0.00275805 -0.0422758 0.0640867 -0.000241962 -0.0450646 -0.0320879 0.016052 -0.0341601 0.0166431 0.00324625 0.0472592 -0.00386628 0.00470061 -0.00166635 3.41445e-06 0.000119603 0.000105398 -0.018936 -0.0569033 -0.000206255 -0.031674 0.000824079 -0.0289817 -0.000295542 0.0255319 -0.00486266 -0.0115732 -0.00251476 -0.0207156 0.00217491 -0.000105209 0.0737514 -0.000323626 -0.000564882 0.0608826 0.000147568 0.00093896 0.0468763 -0.0146622 -0.000115104 -5.56767e-05 0.00249249 -0.020133 -0.00844091 -4.00749e-05 -0.0545253 0.000236807 -3.71618e-05 -0.00309401 1.30537e-05 -0.00533801 0.0687802 -0.0132938 -0.00133281 -0.000116224 -0.000207724 -0.00331432 -0.00882782 -0.000394058 -0.000558364 0.00437011 -0.0460758 -0.000860705 -0.000783672 -6.43346e-05 3.44937e-06 7.21799e-05 -0.0499339 0.0455821 0.00660375 -1.6135e-05 -0.000596969 -0.00417097 -0.0176955 0.0236886 0.00148503 3.09552e-06 -6.28994e-05 -0.00100311 -0.0389023 0.0673732 -0.00578266 0.00543497 
-0.000268747 0.0124893 -0.00409375 0.0013203 -0.00123972 -0.0352712 -0.000512572 -0.0178113 -0.00163712 -0.0361056 0.0785925 0.0135003 0.00548101 -0.055201 0.177058 0.103397 -0.0026577 -0.00449925 0.0355807 -0.0417127 -0.0108451 -0.017216 -0.000372605 0.00130013 0.0901278 -0.0156488 -0.0441604 -0.0374743 -0.0298906 -0.0135762 0.00374279 -3.40236e-05 -0.000184282 0.000243247 0.041276 0.13168 -0.00830557 -0.0355989 -0.00138048 0.0768539 -0.00189855 -0.0215851 0.00227361 -0.0128721 -0.00355874 0.0457002 -0.00276537 -0.000871541 -0.0572709 -0.00260737 -0.00264928 -0.0517748 -0.00019082 -0.00105672 -0.0402137 0.0343245 0.000241326 0.000185072 -0.00212482 0.0403324 0.0191764 -1.17559e-05 0.0179434 -0.00165752 8.27581e-05 -0.0356255 -0.000113315 -0.0353246 -0.0566761 -0.0552684 0.00257465 -0.00171712 0.000574795 0.00632708 0.0192606 -0.00305268 -0.00391014 -0.0150826 -0.003032 -0.00653486 0.00164787 -0.00143926 -1.72486e-05 -0.000609696 0.102454 -0.0386216 -0.0109545 -0.000244438 -0.00371302 -0.01097 -0.00102057 -0.0243697 -0.00218748 -0.000179515 -0.000183421 -0.0223104 -0.0246493 -0.0529773 -0.0356189 -0.000530706 
-0.00200575 0.025455 -0.00211457 0.0036505 -0.000351827 -0.049305 -0.000521417 -0.00860054 -0.000496246 -0.0696793 0.149297 0.0294288 0.011203 -0.0356682 0.103397 0.249999 -0.00385849 0.0182141 0.000178352 -0.0257802 -0.00751033 -0.115257 -0.0647951 -0.0424222 0.191639 -0.0133244 -0.0918077 -0.0266241 -0.0217983 -0.00889879 0.00877031 -2.41793e-05 -0.000112213 0.000797078 0.0365617 0.116679 -0.00640931 -0.126009 -0.00101241 0.117776 -0.000871313 -0.0132582 0.0145633 -0.0223094 -0.00442049 0.0520697 -0.00139185 -0.000626248 -0.0386651 -0.0016267 -0.00119447 -0.0331161 -0.000130927 -0.000286828 -0.0261608 0.0744787 0.000315094 0.000685766 -0.00135833 0.0814165 0.0438425 0.000115251 -0.0248116 -0.00131271 -0.000749 -0.0256152 -8.82292e-05 -0.0345677 -0.0254181 -0.109203 0.00606843 -0.00224967 -0.00138325 -0.00792889 -0.00192401 -0.00235482 -0.0026912 -0.015565 -0.0324546 -0.0063754 0.0043592 -0.000615907 -1.15119e-05 -0.00102638 0.120003 -0.0251107 -0.018763 1.90709e-05 -0.00334833 -0.0221329 -0.0389662 -0.015428 -0.00107701 -0.000135913 -0.000124165 -0.0168942 -0.0995906 -0.0369215 -0.0135222 -0.00281782 
-5.51324e-06 -0.000598385 0.000179414 -6.53602e-05 -6.17435e-05 0.000153575 -1.65017e-06 -0.000168429 -7.01333e-05 -0.000613281 -0.00341186 -0.000573154 0.000151238 -3.46932e-05 -0.0026577 -0.00385849 0.00821886 -0.00029381 0.00019107 0.000155187 -0.000223567 0.00192049 0.00191481 0.0011599 -0.00359243 -0.000118015 0.000289021 3.48596e-05 -2.55386e-05 -0.000131285 -0.000136854 4.8748e-07 -3.07712e-06 -1.28116e-05 -0.00175083 -0.00424725 -4.59316e-05 0.00321095 9.34069e-05 -0.00364934 -2.45667e-05 -1.7489e-05 -0.000468409 -0.00093845 -0.00020384 -0.00140334 3.14811e-05 1.41926e-05 0.000799049 0.000103408 -2.73568e-05 0.000424529 -1.59818e-06 -1.00799e-05 0.000110153 -0.000778912 -7.41821e-06 -1.46124e-05 -4.60794e-06 -0.00175664 -0.000686783 -2.52281e-07 0.00151953 8.40903e-05 -1.18339e-06 0.00396378 -3.14436e-07 0.000526395 0.000894471 0.00485731 -0.000115797 8.10559e-07 5.32851e-05 -0.000217223 0.00061907 7.66482e-05 -3.2013e-05 0.000220103 0.000826087 -0.000105026 -7.33567e-05 1.66507e-05 1.01893e-06 -1.62766e-05 -0.00446897 -0.0002664 0.000620319 1.03562e-06 0.000126958 -0.000232282 0.00205702 -0.000182074 5.71358e-05 2.18683e-08 -6.13089e-06 0.000653362 0.00226006 -0.000231467 0.000122029 -6.92828e-05 
-0.000283269 -0.00466675 -4.80141e-05 0.00014603 4.34865e-05 -0.00482265 1.63958e-05 0.00564892 -0.000950335 0.017221 0.0248926 -0.00102871 -0.00100368 0.00275805 -0.00449925 0.0182141 -0.00029381 0.0947319 0.000636833 0.0141399 0.000680527 -0.00865919 -0.018552 -0.00679792 0.0314358 0.000692593 -0.020101 0.000595645 -0.00109852 -0.000208439 -0.0011262 -1.73347e-06 4.14994e-05 -0.000233225 -0.0144884 0.00343261 -0.00135547 -0.0286374 -0.000203917 -0.0192625 0.000609212 -0.000789339 -0.0045949 -0.0101508 -0.00244974 0.020819 0.0015098 -9.87284e-05 0.00626676 -0.000344797 0.000481253 -0.00244562 -1.96436e-05 0.000230028 0.00312514 0.00326368 -2.72683e-05 -4.39576e-05 -2.2151e-05 -0.00993166 0.00194313 0.000182248 0.00100589 -0.000219974 -9.73048e-05 -0.00388605 2.75484e-05 -0.00576594 0.00550572 -0.0173876 0.000104194 0.00101336 -0.000376737 0.00718941 -0.0104296 -5.38369e-05 -0.000373532 0.000326245 -0.017197 -0.00108845 0.00111443 -0.000586378 -1.0645e-06 3.25135e-05 0.0151034 0.000773398 -0.00348485 0.000288135 0.000128594 -0.0048434 -0.0272806 0.00329501 0.000568461 -2.15665e-05 -5.40538e-05 -0.00258153 -0.0334312 0.00302679 0.00573169 -0.000591379 
-0.0051727 -0.017659 0.000761214 -0.00216349 -0.00567294 -0.0439581 -0.000266191 0.00530542 -0.00797966 -0.00683368 -0.0179495 -0.0271641 0.0236192 -0.0422758 0.0355807 0.000178352 0.00019107 0.000636833 0.131988 -0.032734 -0.0248821 0.0797212 0.0765081 0.000605235 0.00211705 -0.0181092 0.0175819 -0.0314103 0.00794446 -0.0204884 -0.000365676 -8.47307e-06 -0.000336884 -0.00160382 0.0112495 0.0415209 -0.011179 0.0550182 -0.00035538 -0.0226975 2.60604e-05 -0.022482 -0.0308988 0.0196393 0.00262093 -0.00346464 -0.0022183 0.000139646 -0.0421999 0.000555344 2.26006e-05 -0.0340012 -0.000121006 -0.000139782 -0.0367758 -0.0259388 5.87273e-05 -0.00182196 -0.00242312 -0.044096 -0.0253046 -0.000259091 0.0563463 0.000289563 -0.000542635 0.00768949 -8.92351e-05 0.0103673 -0.0461526 0.0308452 -0.00647092 0.000630012 -0.00166102 0.0036975 0.0530735 0.000532046 -0.00522251 -0.0183682 0.0648921 -0.010848 -0.00298508 -0.00184944 -4.52875e-06 -0.00118105 -3.3811e-07 -0.0381411 -0.00341866 -0.000199192 0.000723769 -0.0102379 0.0145894 -0.0331648 0.000105671 1.64304e-06 -0.000307231 0.00373394 0.0684959 -0.0412171 0.0085652 -0.00269573 
-0.000861849 -0.00844354 -0.00059768 -0.000760747 -0.00101529 0.052893 0.000785307 -0.00496373 -0.000696322 0.0544392 -0.025325 -0.00723809 -0.00232698 0.0640867 -0.0417127 -0.0257802 0.000155187 0.0141399 -0.032734 0.0966969 -0.00191644 -0.046616 -0.0303378 0.0145709 -0.0211887 0.0158173 -0.00638797 0.0423253 -0.00481782 0.00170829 -0.0019469 5.60951e-06 4.9452e-05 2.02676e-05 -0.00981267 -0.0436669 -0.000858504 -0.0367221 0.00066805 -0.0209492 -0.000237926 0.0189255 -0.0058728 -0.0116751 -0.00300826 -0.000856311 0.00181594 -0.000162499 0.0634961 -0.000357763 -0.000482984 0.0500163 0.00012633 0.000811472 0.0417296 -0.0181194 3.79719e-05 -8.27293e-05 0.00228997 -0.016259 -0.00757883 -4.70099e-05 -0.0543732 0.000267643 -0.000163651 -0.00557888 8.60561e-06 -0.00570863 0.0559935 -0.017254 -0.00143379 0.000253329 -0.000143245 -0.00173407 -0.00524985 -0.000447071 -0.000519478 0.000477174 -0.0535474 -0.00109561 -0.000622033 -0.00027699 2.32746e-06 -0.000120883 -0.0410709 0.0388908 0.00639655 -1.60162e-05 -0.000718926 -0.00491563 -0.0315502 0.0208275 0.00144692 -5.02466e-06 -7.71118e-05 -0.0021816 -0.0462027 0.0579603 -0.00697672 0.00426602 
0.0057146 0.0138865 7.31263e-06 6.08085e-05 0.0050176 0.00281107 -3.9941e-05 -0.000147841 0.00563501 -0.0108552 0.0105646 -3.96763e-05 -0.0201364 -0.000241962 -0.0108451 -0.00751033 -0.000223567 0.000680527 -0.0248821 -0.00191644 0.0430343 -0.0153442 -0.0157356 0.0051725 -0.00506807 0.00321217 -0.00794855 -0.000887256 -0.00160548 0.0154671 0.000872716 3.17119e-06 0.00021695 0.000614358 0.00296747 -0.0135839 0.0109961 -0.0122017 -7.50513e-05 0.00523787 0.000163221 -0.00104271 0.0129473 -0.00555207 -0.000393703 0.010497 0.000911936 -2.67809e-05 0.000276594 -3.86203e-05 0.000497338 0.000234494 -9.46224e-06 -3.6682e-05 7.79995e-05 0.00065375 0.000105409 0.00013326 -4.38045e-05 0.0162804 0.00297898 0.000228617 -0.0228124 -0.000100581 0.000394299 -0.000867658 9.02112e-05 -0.00202215 0.0011515 -0.00411479 0.000868883 -0.000203723 0.0014277 0.000680489 -0.026867 0.000563659 0.00534415 0.0139458 -0.0186523 0.0097677 0.00039862 0.00117062 2.24163e-07 0.0011278 0.00666107 0.00165801 -0.0011088 0.000271239 0.000119274 0.0137594 -0.00361611 0.00995023 0.000186832 1.20029e-06 0.000279923 0.000503266 -0.0132164 0.00105969 -0.000693703 0.00116704 
-0.00351511 -0.0452191 0.00222732 -0.00342121 -0.00362318 -0.0502021 -0.000413184 0.0147078 -0.00507232 0.00110731 -0.120145 -0.0282997 0.0246749 -0.0450646 -0.017216 -0.115257 0.00192049 -0.00865919 0.0797212 -0.046616 -0.0153442 0.249442 0.088887 0.00761152 -0.11783 -0.0099513 0.0787871 -0.025373 0.0247907 -0.0133945 0.000395594 1.24848e-05 -0.00024797 -0.00164966 -0.0600751 -0.012537 -0.00681902 0.163566 -0.000121558 -0.105468 0.000864771 -0.0146966 -0.0277852 0.0555895 0.0092603 -0.0856229 -0.00119314 0.000670783 -0.0448913 0.00157505 0.00117626 -0.0352824 -4.50296e-05 -0.000462578 -0.026956 -0.0708205 -0.00046762 -0.00120828 -0.00146173 -0.10815 -0.0480984 -0.000218047 0.135413 0.000874147 -0.000150554 0.0238106 2.14092e-05 0.0330597 -0.0580179 0.0987927 -0.0050957 0.00239809 -0.00131612 0.0100427 0.0367476 0.00218869 -0.00299768 -0.0199664 0.137943 -0.00807316 -0.00424628 -0.00115526 4.92367e-06 -0.00060384 -0.0797892 -0.0264876 0.00716518 -0.000191606 0.00323164 -0.000220922 0.0803004 -0.0208531 -0.000238677 9.34391e-05 -0.000244751 0.0135172 0.187703 -0.0379799 0.0201018 -0.00387487 
-0.00136573 -0.0208302 0.00120995 -0.00290912 -0.0054896 -0.0261118 -0.000399349 0.00686609 -0.00573398 0.0167945 -0.070009 -0.0213276 0.0111857 -0.0320879 -0.000372605 -0.0647951 0.00191481 -0.018552 0.0765081 -0.0303378 -0.0157356 0.088887 0.212176 -0.00546469 -0.0699587 -0.0131063 0.0376899 -0.0250003 0.0101123 -0.0138779 -0.0102145 1.90418e-06 -0.000167292 -0.00138843 -0.000609677 -0.00028106 -0.00688419 0.103813 0.000309142 -0.0539871 0.000367795 -0.0151083 -0.0176798 0.026098 0.00476417 -0.00989146 -0.00102534 0.000394023 -0.0303657 0.000845326 -0.00114274 -0.0311654 -8.69845e-05 5.95334e-05 -0.0261811 -0.0300098 -0.000100577 -0.000963115 -0.00195266 -0.0515804 -0.0271493 -0.000230808 0.0639339 0.000593951 0.000205681 0.0137658 -7.18327e-05 0.0178625 -0.0425273 0.0622542 -0.00555923 0.000578418 -0.000153897 -0.00582632 0.025211 0.000117623 -0.00443203 -0.00733248 0.0489754 -0.00738409 -0.00291937 -0.000883731 9.4701e-07 -0.000104841 -0.0357324 -0.0296553 0.00387681 -0.000146038 0.00219949 -0.000543579 0.0203748 -0.0215476 0.000368467 1.5984e-05 -0.000301614 0.00903815 0.0770983 -0.029754 0.012611 -0.00257241 
0.00477139 -0.00076182 -0.00122573 -0.00167968 0.0036611 0.0532946 -6.34668e-05 -0.0111295 -0.000561312 0.0148446 -0.0440343 -0.0122783 -0.0194343 0.016052 0.00130013 -0.0424222 0.0011599 -0.00679792 0.000605235 0.0145709 0.0051725 0.00761152 -0.00546469 0.19004 -0.0249357 0.00646182 -0.054827 -0.000107337 -0.0103174 -0.000879306 0.000472462 -1.08753e-05 0.000167326 -0.000240061 0.0146332 -0.0119067 -0.00255974 0.00346335 -7.14956e-05 -0.0420353 -0.000390626 -0.002829 -0.00860241 -0.0157414 -0.00121746 0.00674697 0.000501105 -0.000183289 0.0177859 -0.000822623 -0.000962729 0.0113858 -5.454e-05 -5.14872e-05 -0.00056507 -0.0141427 -6.35544e-06 -0.000445197 -0.000495342 -0.0268047 -0.019132 -9.49149e-05 -0.037319 -8.26972e-05 0.000888016 0.00323947 6.88358e-05 -0.00476907 0.0304595 0.0301895 -0.000110919 0.000493702 0.00204205 0.0109041 0.00131967 -0.000267339 -0.00113927 0.00528757 -0.0258985 0.00121194 -0.00215989 0.0011682 5.36397e-07 0.00128829 -0.031656 0.0049314 0.0244303 -9.55883e-06 -0.000592675 0.00529814 -0.0214284 0.0080249 0.000685355 4.58138e-06 -5.44011e-07 -0.00222209 0.00272805 0.00962472 -0.0110715 0.00602317 
-0.00240492 0.0254098 -0.00205765 0.00367257 0.00110406 -0.0476289 -0.000567715 -0.0121781 -0.00105004 -0.0348764 0.182922 0.0267903 0.008114 -0.0341601 0.0901278 0.191639 -0.00359243 0.0314358 0.00211705 -0.0211887 -0.00506807 -0.11783 -0.0699587 -0.0249357 0.249442 -0.0137896 -0.109602 -0.0261406 -0.0221374 -0.00943812 0.00605778 -3.03208e-05 -6.20219e-05 0.000521426 0.05867 0.102773 -0.00618919 -0.156863 -0.000983436 0.136614 -0.000835806 -0.0138664 0.0133505 -0.0465675 -0.00471136 0.0888266 -0.0011154 -0.000810581 -0.0339935 -0.00169643 -0.00118102 -0.0318534 -0.000132848 -0.000226649 -0.026244 0.0667041 0.000508953 0.000555198 -0.00143029 0.0817374 0.0419502 -2.64354e-05 -0.0474888 -0.00139076 -0.000817112 -0.0215482 -8.67373e-05 -0.0343334 -0.0184227 -0.10023 0.0054 -0.00232977 -0.00162808 0.00240268 -0.00119978 -0.00233523 -0.00209654 -0.00581898 -0.0645742 -0.00547224 0.00411346 -1.92673e-05 -1.20892e-05 -0.00110913 0.132178 -0.0262662 -0.0205221 8.08118e-05 -0.00348266 -0.0206167 -0.0732765 -0.0170386 -0.00123631 -0.000131396 -9.74369e-05 -0.0145267 -0.130258 -0.0368447 -0.00858886 -0.00399506 
0.000130876 -0.00111032 -0.000166382 -0.000174943 0.000247697 0.0142941 5.79239e-05 -0.00127121 0.00217767 0.0106599 -0.00808637 -0.00185662 -0.011054 0.0166431 -0.0156488 -0.0133244 -0.000118015 0.000692593 -0.0181092 0.0158173 0.00321217 -0.0099513 -0.0131063 0.00646182 -0.0137896 0.0280214 -0.00495518 0.014162 -0.00136422 0.0038922 -0.000531603 2.87214e-07 9.07535e-06 -9.24462e-06 -0.00128897 -0.016394 0.00185412 -0.00895494 7.97177e-05 -0.00526423 1.60362e-05 0.00389072 0.0027993 -0.00410288 -3.77226e-05 0.000226984 8.74515e-05 1.16794e-05 0.0168435 -0.000109278 -0.000186757 0.0147343 4.30847e-05 -7.26857e-06 0.0154693 -0.00593249 -3.00699e-05 -1.37332e-05 0.000317585 -0.00205704 -0.00220343 -8.0226e-06 -0.0181549 1.81472e-05 0.000499629 -0.00167356 8.82745e-05 -0.0017272 0.015034 -0.00593737 0.000194359 0.000238588 -7.93001e-05 0.00205329 -0.0178361 3.02335e-05 0.000765307 0.00175353 -0.016387 0.00192592 -0.000242652 -0.000194835 -1.93118e-07 0.000514602 -0.00995349 0.0170819 0.00509264 -1.0733e-05 -0.000124841 0.0061273 -0.00946905 0.0160344 -9.67722e-05 2.66336e-07 3.32214e-06 -0.000981144 -0.0123269 0.0172277 -0.00206886 0.000945977 
-0.00262973 -0.0208193 0.00126993 -0.00186513 -0.00291716 -0.000230408 0.000296003 0.0119379 -0.00238153 0.013025 -0.100686 -0.0139539 0.0126013 0.00324625 -0.0441604 -0.0918077 0.000289021 -0.020101 0.0175819 -0.00638797 -0.00794855 0.0787871 0.0376899 -0.054827 -0.109602 -0.00495518 0.183624 0.0072077 0.0228109 -0.00382575 -0.00341428 -5.59422e-06 -0.000109751 -0.000740957 -0.0485428 -0.0450827 -0.00220758 0.105591 -6.52871e-05 -0.0722507 0.000728158 0.00671566 -0.0136457 0.0284701 0.00114152 -0.0686006 -0.00023097 0.000440627 0.00204725 0.000528733 -0.00111965 0.00199921 3.68358e-05 0.000183907 0.00591775 -0.0391322 -0.000263497 -0.000534275 0.00156336 -0.0492301 -0.021612 -9.17346e-05 0.0551674 -0.000413359 -0.000373692 0.00913103 -4.60994e-05 0.0305534 -0.00931858 0.0570112 -0.00314988 -0.000232741 -0.00085587 -0.00880636 0.0250227 -0.000701902 -0.00151221 -0.00542642 0.0702219 -0.00380371 -0.00208419 -0.00147667 -8.83309e-07 -0.000528775 -0.0713578 0.0034016 -0.00878894 -0.000101242 -0.000358405 -0.00209823 0.0652685 -0.00799452 -0.000660955 3.33457e-05 -0.000170153 0.0127367 0.0944666 0.00644552 0.0132501 -0.00219998 
-0.000581675 -0.00519331 -0.000293721 -0.000372497 -0.000651523 0.0398293 0.000667502 -0.00251229 -0.000186603 0.032096 -0.0251496 -0.00409044 -0.00111724 0.0472592 -0.0374743 -0.0266241 3.48596e-05 0.000595645 -0.0314103 0.0423253 -0.000887256 -0.025373 -0.0250003 -0.000107337 -0.0261406 0.014162 0.0072077 0.053392 -0.00247881 0.000480187 -0.00105819 5.66136e-07 -1.06821e-05 1.03026e-05 -0.0134275 -0.0364723 -0.000241099 -0.0193619 0.000362247 -0.0144734 -0.000187419 0.0200544 -0.00312809 -0.00622946 -0.00142479 -0.0159277 0.000403249 -0.000103326 0.0454335 -0.000206701 -0.000366019 0.0395576 0.00015984 5.02801e-05 0.0394941 -0.0121836 -7.04076e-05 -5.01781e-05 0.00229358 -0.0129856 -0.00532413 -2.31482e-05 -0.0340464 0.000392142 -8.79192e-05 -0.00134798 1.07801e-05 -0.00377905 0.0416496 -0.0122332 -0.000839924 0.000101737 -0.000167344 -0.00167159 -0.00813479 -0.000256145 -0.000375649 -0.000621715 -0.0295642 -0.00102663 -0.000478969 -0.000346595 1.65255e-06 -7.83074e-05 -0.0338662 0.0354961 0.0022059 -1.8441e-05 -0.000301822 -0.00264549 -0.0111708 0.0169747 0.000689082 -3.59038e-06 -4.35983e-05 -0.00138406 -0.023436 0.0451924 -0.00403034 0.00227345 
-0.000568006 -0.00454011 0.00156557 -0.000399374 -0.000298903 -0.0106746 3.67967e-05 0.00412226 -0.000506646 0.00916642 -0.0220724 -0.00367139 0.00337661 -0.00386628 -0.0298906 -0.0217983 -2.55386e-05 -0.00109852 0.00794446 -0.00481782 -0.00160548 0.0247907 0.0101123 -0.0103174 -0.0221374 -0.00136422 0.0228109 -0.00247881 0.0501312 -0.00132095 -0.000207811 1.38745e-05 -2.52178e-05 -0.000172028 -0.0110322 -0.0314316 -0.000690586 0.0247828 -9.2563e-05 -0.021545 0.000401083 -0.00135471 -0.00314925 -0.000357775 0.00150335 -0.0142051 -1.87341e-05 0.000499207 -0.00434275 0.00219321 0.00383905 -0.00472944 2.00776e-05 -1.93638e-05 -0.00236076 -0.0110758 -3.2829e-05 -0.000108216 -0.000118136 -0.0116098 -0.00492894 -2.40544e-05 0.0156903 0.00104446 -8.05764e-05 0.00208164 1.66139e-05 0.0376817 -0.00688014 0.0323443 0.000100043 0.000610513 -0.000158628 -0.00184723 -0.00658814 0.0030218 -0.000350266 -0.000871671 0.0191675 -0.000982454 -0.00044787 -0.000232196 -8.32712e-07 -0.000106547 -0.0315051 -0.00252904 -0.000508386 -2.07234e-05 0.00142783 0.00327634 -0.0131999 -0.00201841 0.00028896 1.60213e-06 1.66164e-05 0.00659152 0.02712 -0.00369519 0.0216014 -0.000284264 
0.00169861 0.007878 -5.28396e-05 -3.59479e-05 0.00287636 0.00647823 -4.75315e-06 -0.000348973 0.00412195 -0.00291304 0.00537491 0.000950042 -0.0138801 0.00470061 -0.0135762 -0.00889879 -0.000131285 -0.000208439 -0.0204884 0.00170829 0.0154671 -0.0133945 -0.0138779 -0.000879306 -0.00943812 0.0038922 -0.00382575 0.000480187 -0.00132095 0.0257088 -0.000129386 4.00428e-06 6.8307e-05 0.000117675 0.00230932 -0.0148648 0.0105206 -0.00938771 -1.50545e-05 0.00322545 -1.64992e-05 0.00217904 0.0101749 -0.00371398 -0.000646261 0.00715912 0.000491067 -4.60526e-05 0.00470199 -9.70376e-05 -0.000105158 0.00383631 -2.39633e-06 1.39873e-05 0.00183442 -0.000659568 -2.5531e-05 8.15801e-05 -3.33869e-05 0.00994004 0.00148453 0.000202971 -0.0163122 -7.4362e-05 0.000165305 -0.00157748 1.07462e-05 -0.00183512 0.00545493 -0.00591103 -3.32849e-05 -0.000146018 0.000424546 -0.000252091 -0.0163406 -9.70259e-05 0.00501038 0.0115083 -0.0146558 0.00913583 2.61357e-06 0.000582951 1.53688e-06 0.000466644 0.00184283 0.0050801 -0.000739171 0.000135882 4.69651e-05 0.0123974 -0.00201559 0.00902585 2.65252e-06 -3.64495e-07 0.000272176 -0.000780648 -0.0117689 0.00542147 -0.00161316 0.000501349 
1.43282e-05 0.000122912 -9.50585e-05 -8.29907e-05 0.00105291 -0.00220015 -1.58616e-05 -0.000300261 -5.30377e-06 -0.00741851 0.00107313 -0.000374118 -0.00114265 -0.00166635 0.00374279 0.00877031 -0.000136854 -0.0011262 -0.000365676 -0.0019469 0.000872716 0.000395594 -0.0102145 0.000472462 0.00605778 -0.000531603 -0.00341428 -0.00105819 -0.000207811 -0.000129386 0.019593 1.49794e-08 8.03937e-06 -3.93295e-05 -0.000584863 0.00425621 -0.000260163 -0.00429742 -3.92632e-05 -0.00043718 -4.55412e-05 -0.000550491 -0.000913039 0.00132731 -0.000216557 -0.0038706 -7.50343e-05 -1.33042e-05 -0.00170141 -5.08658e-05 2.13597e-05 -0.00149728 -4.74702e-06 -2.87716e-05 -0.00105778 0.000509136 0.000118889 -4.44413e-05 -5.6916e-05 -0.000617417 -0.000798879 1.34112e-05 -0.00090717 -4.81117e-05 -3.08969e-05 -0.00061193 -2.73196e-06 -0.00114624 -0.000822102 -0.00416798 -0.000206314 -7.54117e-05 3.21e-06 -0.000661315 0.00141113 -4.52705e-05 -0.000122103 -0.00050683 0.00390958 -0.000377774 -6.69501e-05 -6.15221e-05 -3.47212e-07 -4.2964e-05 0.00154941 -0.000937983 -0.000705757 1.75481e-06 -0.00012356 -0.000914515 0.00828783 -0.000720473 -7.75229e-05 -1.887e-06 -9.81577e-06 -0.000609036 0.00233791 -0.00146618 -0.000616939 -0.000201551 
-2.63351e-07 -3.45937e-06 7.83015e-07 -1.08748e-07 3.70957e-06 -1.47251e-06 6.30279e-07 2.93882e-06 1.53714e-08 3.16622e-06 -2.64843e-05 -1.15223e-06 1.60946e-06 3.41445e-06 -3.40236e-05 -2.41793e-05 4.8748e-07 -1.73347e-06 -8.47307e-06 5.60951e-06 3.17119e-06 1.24848e-05 1.90418e-06 -1.08753e-05 -3.03208e-05 2.87214e-07 -5.59422e-06 5.66136e-07 1.38745e-05 4.00428e-06 1.49794e-08 6.14362e-05 1.37009e-07 7.1804e-07 -1.40185e-05 -3.42689e-05 6.83632e-07 9.24001e-06 -1.25608e-07 -2.09331e-05 2.72539e-07 2.73936e-06 -6.94704e-07 1.82411e-05 3.60112e-06 -1.0039e-05 1.7025e-06 5.00875e-07 5.43869e-06 3.14658e-06 8.77659e-07 1.02352e-05 4.65428e-08 -1.19283e-07 6.00871e-06 -1.25144e-05 -8.14615e-08 7.09518e-07 -8.89968e-08 -8.20769e-06 -4.76893e-06 1.04972e-07 4.67985e-06 1.15675e-05 1.22037e-07 2.10811e-05 1.10574e-07 1.78792e-05 -8.63996e-07 1.53321e-05 1.13853e-07 1.76271e-06 2.12151e-07 1.95078e-06 -1.87199e-05 3.91918e-07 1.98583e-08 6.8391e-07 1.11302e-06 -2.62574e-07 -4.53739e-07 7.85732e-07 7.84105e-08 1.67592e-07 -3.2517e-05 4.90832e-06 5.46311e-07 2.36192e-07 1.18428e-06 8.25669e-08 2.8158e-06 2.8896e-06 9.45248e-07 3.38616e-07 2.76199e-07 1.40986e-05 1.34487e-05 6.48614e-06 -3.84953e-06 -1.52873e-07 
0.000130532 0.00016938 -2.18086e-06 -3.27938e-06 9.99723e-05 0.000112304 -5.26336e-07 -1.99051e-05 3.36507e-05 5.15024e-06 0.000109077 -2.42311e-05 -0.000303866 0.000119603 -0.000184282 -0.000112213 -3.07712e-06 4.14994e-05 -0.000336884 4.9452e-05 0.00021695 -0.00024797 -0.000167292 0.000167326 -6.20219e-05 9.07535e-06 -0.000109751 -1.06821e-05 -2.52178e-05 6.8307e-05 8.03937e-06 1.37009e-07 0.000482474 4.12044e-06 0.000122765 -0.000274565 7.48533e-05 -0.000170804 -8.63512e-07 -3.57694e-05 6.87436e-06 -2.45164e-06 6.15285e-05 -4.5351e-05 -1.01215e-05 0.000204672 4.60788e-06 -2.27809e-07 9.6186e-05 -1.39055e-06 -1.26958e-06 1.05393e-05 2.4751e-08 -6.37152e-07 1.10313e-05 -7.8113e-05 6.65999e-06 1.19344e-06 7.40368e-07 0.000125964 -3.73273e-05 1.30511e-07 -0.000303998 -1.3645e-06 3.65463e-06 -2.8572e-05 7.00642e-06 -3.13898e-05 0.000141313 -7.20429e-05 1.0407e-05 -2.62849e-06 2.47856e-05 -8.46704e-06 -0.000235677 1.15715e-06 1.44348e-05 0.000192717 -0.000272614 0.00018065 -8.50957e-07 1.6572e-06 -1.24876e-08 3.50602e-05 -2.51339e-06 6.18934e-05 1.53954e-05 3.4201e-06 1.28363e-05 7.14715e-05 -0.000143328 0.000149942 -1.30957e-06 6.48523e-08 5.5435e-06 -1.34459e-05 -0.000213515 0.000101157 -1.61936e-05 3.08069e-05 
6.23963e-05 0.0015091 -1.58022e-05 1.44796e-05 4.99679e-05 0.000383536 3.84442e-06 -0.000144666 0.000117549 -0.00069523 0.00101155 0.000345493 -0.000532159 0.000105398 0.000243247 0.000797078 -1.28116e-05 -0.000233225 -0.00160382 2.02676e-05 0.000614358 -0.00164966 -0.00138843 -0.000240061 0.000521426 -9.24462e-06 -0.000740957 1.03026e-05 -0.000172028 0.000117675 -3.93295e-05 7.1804e-07 4.12044e-06 0.00333019 -3.87556e-05 0.000100052 0.000239828 -0.00116246 -5.0944e-06 0.00121521 -8.23182e-06 -3.39119e-06 0.000285351 -0.000331252 -9.60846e-05 0.00121666 5.20625e-05 -3.85566e-06 -1.85717e-05 -1.1691e-05 -1.95815e-05 -0.000238548 -5.53137e-07 4.11291e-06 -8.08271e-05 0.000407333 1.04646e-06 9.93654e-05 -8.56457e-06 0.00182731 0.0009679 7.87596e-07 -0.00149914 -3.14059e-06 1.63665e-05 -0.000165216 -1.60577e-07 -0.00022836 -1.05225e-05 -0.000742851 -1.40643e-05 -1.74927e-05 -3.04546e-06 -0.000136987 -0.00145632 -1.49583e-05 1.17569e-05 0.0005602 -0.00147521 0.000242647 -1.73033e-05 -1.12103e-05 5.40226e-07 3.64678e-05 0.000817909 1.21339e-05 -9.83528e-05 5.24061e-06 -2.59564e-05 0.000311552 -0.00103423 0.000245024 2.07607e-06 -7.84991e-07 -5.84657e-07 -0.000100901 -0.0014581 -1.35653e-05 -0.000235983 0.000327706 
