0.186753 -0.122727 -0.0024645 0.0371265 0.0270357 -0.0769291 0.0212156 0.0147155 0.011838 0.000755576 0.0274206 0.0562686 0.12218 0.00222585 0.0534745 0.0175282 -0.132574 0.00154025 0.0289275 -0.0172154 0.000937724 -0.00878554 0.0208989 9.84074e-06 -0.027312 0.0396538 -0.128553 -0.0176326 -0.000684664 -0.00114022 3.25738e-05 -0.0541138 0.0114337 5.50952e-05 0.00482134 -0.00018592 -0.000460512 0.00925085 -0.00450098 -0.0338596 -0.00338604 -0.00385817 6.98443e-05 0.000223201 0.000402714 -0.00067498 7.68477e-05 0.0207861 -0.0456099 0.111306 0.00014275 -0.00698588 0.000446028 0.00156649 0.0251608 -2.37357e-05 0.00277245 0.00066647 -0.123088 0.00073233 0.00158305 -0.00950209 0.0208892 -0.00024522 -0.000113383 0.00732845 2.40527e-05 0.066221 0.0638662 -0.000247998 0.0295311 -0.0488261 0.00751871 -0.0044071 -0.0496759 -0.0177734 -0.000150248 0.000129231 0.000175731 -0.0129493 -0.0857429 -0.116115 -0.000268664 1.09906e-05 0.0743059 -0.0142675 -0.0013004 -0.00039156 0.0113288 -5.84872e-05 -8.68033e-05 -2.01889e-05 0.0310751 -0.000467052 -0.000745918 0.00645895 -0.00935616 -0.00608185 0.00695319 0.00370795 
-0.122727 0.220659 0.00212133 -0.0783273 -0.0139201 0.0486829 -0.0220978 -0.0100329 -0.0135433 -0.000899357 -0.0145531 -0.0684676 -0.102793 -0.0162693 -0.0443314 -0.0297204 0.108456 -0.00327803 -0.0252383 0.0161689 -0.00480038 0.0115457 -0.0406121 -2.32688e-05 0.030709 -0.0314159 0.117187 0.0137592 -0.00363211 -0.00324512 -4.12519e-05 0.049081 -0.000857426 -7.09708e-05 -0.0119584 -0.00159175 0.000767386 -0.023877 -0.00267487 0.0496383 0.00352215 0.00642789 -9.39093e-05 -0.00126434 -0.000269134 0.000285971 -0.00690743 -0.0320283 0.0407073 -0.0698842 -0.00012544 -0.0052062 -0.00535969 -0.00882021 -0.0348875 -7.46907e-05 -0.00293908 -0.000166384 0.102827 -0.00309395 -8.81737e-05 0.0129866 -0.0335284 -0.000379273 -0.000406719 -0.0195807 -9.78786e-05 -0.0366321 -0.058113 -0.00127077 -0.0411714 0.0637538 0.00566744 -0.00225896 0.0533496 0.0342917 0.00062823 -0.00867545 -0.000241525 0.0190239 0.0573888 0.122837 -0.00142563 -0.000660859 -0.110405 0.0108921 -0.0101158 0.000316723 -0.0135187 -0.00300882 -0.000377894 -0.000357402 -0.0229849 -0.00125443 -0.00148123 -0.00574737 0.0407683 0.00449392 -0.00478141 -0.00825943 
-0.0024645 0.00212133 0.0143686 0.000328747 -0.000650281 -0.00309641 -0.000485084 -8.29208e-05 -0.000227416 -2.24608e-06 0.000525273 0.00125898 0.000902921 -0.00490161 0.00109486 0.00145939 -0.00097281 0.000606481 -0.00662901 0.000564144 0.000201555 -4.41841e-05 -0.000142518 5.02754e-06 0.00346655 -0.000888564 -0.00363584 -0.000226815 3.18412e-06 0.000132826 -2.40458e-06 9.13353e-05 -0.000505787 5.6492e-06 0.000237528 -2.2102e-05 0.000901851 0.000437653 -6.70154e-05 -0.00078387 -0.000195944 -0.000190243 4.71221e-05 2.40913e-06 -1.23804e-05 -3.41123e-05 0.000729846 -0.00125576 -0.00149389 -0.00165271 -1.08626e-06 -0.000595904 0.00076652 3.73319e-05 -0.00181169 1.54662e-06 3.41008e-05 -1.89621e-05 0.000875185 4.04954e-05 -0.000204238 0.00414301 -0.00240073 5.24598e-05 4.30682e-05 0.000735648 1.67568e-05 -0.000278301 -0.00201871 9.47831e-06 0.000654579 -0.00149099 -0.000372777 -0.00016765 0.00198788 -0.00155922 -4.03778e-05 0.000758471 1.74545e-05 -0.000875918 -0.00171066 0.00278636 3.56226e-05 0.000102165 -0.000289472 0.00018501 8.92535e-05 6.27013e-05 -0.000237355 0.000227328 -4.8477e-06 1.06248e-05 -0.000882048 -0.000108611 3.73861e-05 -0.000107438 -0.00268567 0.00371695 0.00138047 0.000227953 
0.0371265 -0.0783273 0.000328747 0.141643 -0.00773648 -0.0284871 0.0216748 -0.00453231 -0.00375382 -0.000519073 -0.00207829 0.030009 0.05446 0.035202 0.0377504 0.0341471 -0.0565929 0.000987103 -3.40343e-05 -0.00963293 0.00553772 -0.00325083 0.0132068 -1.34196e-05 -0.0113118 -0.00480992 -0.0488617 -0.00983634 0.00351802 -0.00251196 -2.23596e-05 -0.00506932 -0.0121899 -1.57245e-05 0.0120578 -0.000132438 -0.000526144 -0.0102933 -0.00158989 -0.0510869 -0.00176728 -0.00419426 -5.90791e-05 -5.07039e-05 -9.81013e-05 -0.000514489 0.00637865 0.0295286 -0.0195376 0.00554194 6.27497e-05 0.00456596 0.00630592 0.00609747 -0.00233941 5.35825e-05 0.00243141 -4.14877e-06 -0.0501565 0.0029043 0.00252052 -0.00704307 -0.0240778 -0.000122988 0.000300701 0.014018 0.000125294 -0.0231011 0.0247307 0.00131443 0.0483243 -0.0320342 -0.0147221 -0.00233321 -0.00405642 -0.0374556 -0.000707282 0.0102354 0.000129708 -0.0121047 -0.00594647 -0.0471261 1.91258e-05 -7.92653e-05 0.0840811 -0.011428 0.00648244 -7.78016e-05 0.000415306 0.00148868 0.00012467 0.000217195 -6.13668e-05 -0.000237826 -0.00054407 0.0036914 -0.03392 -0.00129399 -0.00311875 0.00379092 
0.0270357 -0.0139201 -0.000650281 -0.00773648 0.052296 -0.0223884 0.000825579 0.00877493 0.0180051 0.00103386 0.0221255 0.00944141 0.0330716 -0.0140624 0.00703918 -0.00197136 -0.0321096 -0.000419783 0.00137951 -0.00353178 -0.000285012 -0.00742133 0.00942212 -1.59454e-07 -0.00616175 0.0318729 -0.0312897 -0.00316783 -0.000304742 -0.00219627 4.98578e-05 -0.0119767 -0.00474371 6.90032e-05 -0.000421915 1.55878e-05 -0.000143087 -0.00208743 -0.00122889 0.00153451 -0.000681942 -0.000172479 -1.62477e-05 -0.000118626 0.000158732 0.000400063 0.000266302 -0.0190729 -0.00917764 0.0349726 -5.30599e-06 -0.00127683 -0.000376668 -0.000655286 0.00367412 -6.44041e-06 -2.91373e-05 0.000235603 -0.0344157 -0.000183815 -0.00113658 -0.00360762 -0.00801517 -5.48062e-05 -2.95302e-05 -7.98499e-05 -1.55103e-05 0.0350469 -0.00414977 3.28431e-05 -0.00263541 -0.00830274 0.00140744 -0.000802932 -0.0132779 0.00193085 0.000163546 -0.000619571 0.000119349 -0.00347712 -0.0304133 -0.0234933 3.78134e-05 -5.67472e-05 -0.0103595 -0.00281442 -0.000832924 -0.000100655 0.00705397 -0.000260691 -3.23129e-05 -1.43282e-05 0.0240528 0.000723682 -0.000179515 -0.000400943 0.0188105 -0.00249911 -0.000544868 -0.000464492 
-0.0769291 0.0486829 -0.00309641 -0.0284871 -0.0223884 0.243898 -0.0125911 -0.0143339 -0.0105935 -0.00162855 -0.0158896 -0.0492877 -0.0857977 0.0228056 -0.0430439 -0.0145327 0.105647 0.000837627 0.0122295 0.0296403 -0.00295314 0.0111742 -0.0252718 -2.01942e-05 -0.0296387 -0.0319121 0.089404 -0.00495483 -0.00212566 0.0150694 -4.25855e-05 -0.0668025 0.00160655 -5.43325e-05 0.000378156 -0.000599518 0.000636235 -0.00538384 -0.00327611 0.0274848 0.00321228 0.00388415 -0.000135722 -0.000585928 -9.70049e-05 -0.00166888 -0.00770117 0.00974795 0.0454772 -0.0776361 -6.29903e-05 -0.0160016 -0.00332043 -0.00677415 0.000761319 -3.82305e-05 -0.00189449 -0.000461969 0.0910599 -0.0018228 -0.00276494 -0.0287918 0.0143463 0.000250132 -0.000262164 -0.0115116 -7.56806e-05 -0.0713177 -0.0551936 -0.000823831 -0.025108 0.0547847 0.00732753 0.00624816 -0.0706661 0.0209768 -1.4126e-05 -0.00613925 -0.000251973 0.015272 0.0465521 0.083162 -0.000877801 -0.000259894 -0.0206218 0.0220313 -0.0066051 -0.000773565 -0.00966403 -0.000841687 -8.87507e-05 -2.33209e-05 -0.0292391 0.000955436 -0.000819353 -0.00402808 0.00050324 -0.0188858 -0.000946432 0.000384556 
0.0212156 -0.0220978 -0.000485084 0.0216748 0.000825579 -0.0125911 0.0383364 -0.000481896 -0.000951431 -7.06743e-05 -0.00558313 0.00211681 0.0214697 0.0169937 0.00511111 0.00861368 -0.023706 -0.000279882 0.00774996 -0.00242402 5.83335e-05 0.000218051 0.000127469 1.34344e-06 -0.00410968 -0.00261776 -0.0184456 -0.00191301 0.000260252 -0.00171395 2.83643e-06 -0.00643303 -0.0030664 5.37089e-07 0.00094625 3.41228e-05 -0.00012424 -0.00159327 -0.000516868 -0.0143839 -0.000578683 -0.00102306 -1.06314e-05 -0.000106669 7.66151e-05 -0.000242969 0.000156272 0.00981316 -0.00793583 0.00523059 6.32997e-05 -0.00159421 -0.00022302 0.000421186 0.000742511 -9.05876e-07 0.000699623 0.000193861 -0.0213077 7.76076e-05 0.000897385 -0.00211166 -0.00481294 -7.29412e-05 -2.53652e-05 0.00477321 2.70593e-06 0.00212907 0.0191994 -5.68562e-05 0.0129934 -0.00825438 0.000481665 -0.000509271 -0.00997593 -0.00885 -0.000150276 -0.000240878 6.03792e-06 -0.00299454 -0.00226139 -0.0185799 3.25781e-05 -3.50009e-05 0.0224392 -0.00257073 0.000657983 -7.53258e-05 0.00167497 0.000108098 -1.42481e-06 5.25807e-05 -0.00418735 -0.00021187 -7.02404e-05 0.000717651 -0.00522833 -0.00117835 -0.000761993 0.000432103 
0.0147155 -0.0100329 -8.29208e-05 -0.00453231 0.00877493 -0.0143339 -0.000481896 0.0358329 0.00142803 0.00163986 0.0135008 0.0178469 0.0200724 -0.0131482 0.0238766 0.000434823 -0.018228 3.62524e-06 -0.00648717 0.00120878 0.000294567 -0.0113279 0.0108983 4.71523e-05 -0.00353357 0.00945387 -0.0198861 0.0020421 3.09751e-05 -0.00135926 3.53107e-05 -0.00767073 -0.000545622 3.64504e-05 -0.000810979 0.00151654 7.30805e-05 -0.002572 0.00123365 -0.0032534 -0.000485846 0.000422245 2.56699e-05 0.000320593 -6.14553e-05 0.000247057 0.00551336 -0.0167171 -0.0070647 0.0185266 -1.44454e-06 0.00189618 0.000234999 0.000405361 -0.00441547 1.951e-05 -0.000147992 4.623e-05 -0.0204493 8.37955e-05 -0.000781495 -0.000532223 -0.00396661 2.89548e-05 1.85143e-05 0.00381051 -7.4337e-06 0.0215235 -0.00582958 9.5943e-06 -0.000876229 -0.00718145 -0.00323275 -0.00044805 -0.00879562 -0.00285031 -1.66782e-05 0.0020619 3.54527e-05 -0.00106486 -0.018796 -0.0158182 0.00157291 0.000157927 -0.00477079 0.00281076 0.00274546 -4.62758e-06 0.0131615 0.00136892 0.000148192 1.73349e-05 0.00114282 -8.40034e-05 0.00169667 -0.000360227 0.000662938 -0.00171758 -0.000289825 -0.000657932 
0.011838 -0.0135433 -0.000227416 -0.00375382 0.0180051 -0.0105935 -0.000951431 0.00142803 0.0252649 0.000593711 0.0137842 0.00989376 0.0171255 -0.0101501 -0.00130379 -0.000967885 -0.0155175 -8.05393e-05 -0.000681232 -0.00174264 -0.000161683 -0.00275333 0.00781034 -3.25139e-06 -0.00268685 0.0212962 -0.0166925 -0.000869545 -0.000103178 -7.43271e-05 2.34474e-05 -0.00636373 -0.00242339 2.60693e-05 -0.000522061 0.000128231 -8.54894e-05 -0.00149931 -6.97902e-05 -4.67478e-05 -0.000354915 0.000186333 -1.21569e-06 0.000361838 -5.10908e-05 0.000436159 9.51103e-05 -0.013896 -0.00339994 0.0170162 -1.96352e-06 0.00170083 -0.000181173 -0.000102462 -0.000336924 -2.57181e-06 -0.00010119 -1.3162e-05 -0.0188644 -0.000117209 -0.000598159 -0.00188439 -0.002541 0.000252476 -1.37564e-05 0.000884685 -6.78933e-06 0.0141906 -0.00368856 8.42851e-05 -0.00117669 -0.0045314 0.000695254 -0.000503184 -0.00506779 0.00074625 -4.6298e-05 -0.000229628 2.33785e-05 -0.00202302 -0.0169501 -0.0119714 0.000218498 -6.39901e-06 -0.00526289 -0.00196734 -0.00010008 -3.82806e-05 0.00118627 -6.44948e-05 2.06208e-05 -2.12047e-06 0.0196394 -4.86239e-05 0.000172402 -0.000230646 0.00696188 -0.0012314 -0.000289727 -0.000323361 
0.000755576 -0.000899357 -2.24608e-06 -0.000519073 0.00103386 -0.00162855 -7.06743e-05 0.00163986 0.000593711 0.00400472 -3.39405e-05 0.00162455 0.00186475 -0.00113906 0.00156807 0.000430072 -0.00227053 -3.54838e-06 -0.000831375 0.000662378 9.65236e-05 -0.00238628 0.00117401 1.58474e-06 -0.000349108 0.000872533 -0.0024982 0.000615367 4.38147e-05 1.22488e-05 7.29627e-06 -0.00083302 -0.000273952 4.11034e-06 -8.06279e-05 0.000269186 0.000131131 -0.000164951 0.000165123 -0.0010086 1.99755e-05 0.000467253 2.32218e-07 3.89811e-05 -7.78491e-06 0.000180276 0.00134493 -0.00117758 -0.000728096 0.0016339 6.36381e-07 0.000840901 1.6747e-05 4.46466e-05 -0.000315417 1.25433e-06 -1.43723e-05 4.08965e-05 -0.00242948 6.60735e-05 -8.60543e-05 -0.00027241 -0.000265544 6.98183e-05 3.94335e-06 0.00056367 -7.81704e-07 0.00111155 -0.000193316 8.21773e-06 -7.5047e-05 -0.000784158 -0.000966926 -4.45692e-05 -0.000470154 -0.00101515 7.83605e-05 0.000603507 2.97881e-05 -0.0002947 -0.00220896 -0.00180062 0.000265934 1.39514e-05 -0.000858536 9.77731e-05 0.000790662 4.83598e-05 0.000781979 0.000142096 1.57054e-05 7.31668e-06 0.00129751 0.00013152 0.000298087 -2.47215e-05 0.00055186 -0.000197501 9.18069e-05 -4.56149e-05 
0.0274206 -0.0145531 0.000525273 -0.00207829 0.0221255 -0.0158896 -0.00558313 0.0135008 0.0137842 -3.39405e-05 0.126746 0.0263242 0.0380659 -0.0480755 0.0296007 0.00348358 -0.0273188 0.00507101 -0.0203012 -0.00889746 0.0032412 -0.0078333 0.016464 2.3297e-05 -0.000337511 0.033759 -0.0375571 -0.00470979 -0.000767767 -0.000412687 3.21793e-05 -0.024235 0.000377315 5.92407e-05 -0.000583841 0.000107833 -0.000331012 -0.0101554 -0.000122832 -0.00716915 -0.000973854 0.00665815 -8.87461e-06 -3.06112e-05 -0.000198356 -0.000287799 0.00356197 -0.0651946 0.0082672 0.037935 7.53689e-07 -0.00502611 0.00495195 -0.000809472 -0.0157893 -5.86985e-07 -0.000430982 -0.000132828 -0.0390042 0.000156194 -0.00310502 -0.0108412 -0.0227773 0.000209363 -8.90299e-05 -0.00146971 -2.53999e-05 0.0270213 -0.0164109 -6.48848e-05 0.00578037 0.00453378 -0.0147295 -0.00262154 -0.00970608 -0.00556968 0.000792736 0.0056163 6.19026e-05 0.00466537 -0.0571393 -0.0213621 -0.000155316 9.77022e-05 -0.00437027 0.00584813 -0.00131001 -0.000172124 0.00897208 0.00162292 -5.54543e-05 1.93126e-05 0.0254951 0.000923274 0.00014772 -0.000986057 0.0229762 -0.00161117 0.00164733 0.000731622 
0.0562686 -0.0684676 0.00125898 0.030009 0.00944141 -0.0492877 0.00211681 0.0178469 0.00989376 0.00162455 0.0263242 0.105166 0.0794642 -0.0192862 0.0538748 0.0210388 -0.0694433 0.0009943 -0.0160865 -0.00702631 0.00485479 -0.0125785 0.0425486 3.06438e-05 -0.0132226 0.0267989 -0.0763274 -0.00292747 0.00271395 -0.00392539 5.94959e-06 -0.0301502 -0.00296542 1.2594e-05 0.00610519 0.00137792 -5.5172e-05 -0.00445375 -0.000969685 -0.0386596 -0.00143471 -0.00110512 6.57862e-05 0.00037671 4.55952e-05 -9.66722e-05 0.0104118 -0.00404808 -0.02139 0.0501217 4.78446e-05 0.0112595 0.00651114 0.00760756 0.00497411 1.57548e-05 0.00184286 -0.000108689 -0.0730094 0.00161148 -0.00234697 -0.00477128 -0.0121583 0.000147512 0.000118424 0.0181579 4.1612e-05 0.025171 0.00608742 0.00131483 0.0305001 -0.0241719 -0.00999111 -0.0022276 -0.0232455 -0.0288918 -0.000286889 0.0103002 3.41307e-05 -0.00925624 -0.0641669 -0.0557619 0.00146422 0.00014482 0.0393669 -0.00555965 0.00782066 -0.000116858 0.0109872 0.00167436 0.00026273 0.000175699 0.0297775 -0.000972092 0.00150426 0.00157488 -0.0188641 -0.00395806 0.00101899 0.00146504 
0.12218 -0.102793 0.000902921 0.05446 0.0330716 -0.0857977 0.0214697 0.0200724 0.0171255 0.00186475 0.0380659 0.0794642 0.174898 -0.0106357 0.0728519 0.029634 -0.138393 0.000186348 0.00494731 -0.0139624 0.00507989 -0.0138788 0.0390592 2.84762e-05 -0.0228804 0.0440234 -0.132402 -0.0136603 0.000401886 -0.00924153 2.97132e-05 -0.0525668 -0.00827079 1.33392e-05 0.00802267 -0.000389917 -0.000228501 0.000618699 -0.00446062 -0.0468862 -0.00293424 -0.00260808 2.09351e-05 -0.000186086 -0.000245663 -0.000699945 0.00917651 -0.00119253 -0.0425627 0.107584 0.000114531 -0.000760803 0.00569955 0.00491622 0.0181226 -2.6198e-06 0.00340155 0.000523017 -0.127776 0.00268846 0.000970992 -0.00871275 -0.0141997 -0.000132802 -1.51999e-05 0.0157632 3.89738e-05 0.0709063 0.0304034 0.000633843 0.0438891 -0.0436691 -0.00228431 -0.00380552 -0.0432244 -0.0314631 -3.77994e-05 0.00823 0.00036043 -0.0167135 -0.0960497 -0.100802 -0.000128827 -0.000102303 0.0605774 -0.0115451 0.00216605 -0.000377783 0.0140145 -2.63778e-06 -4.10137e-06 0.000166328 0.0441773 -0.00016503 -0.000611337 0.00409832 -0.00287231 -0.00525619 -0.000692667 0.00116912 
0.00222585 -0.0162693 -0.00490161 0.035202 -0.0140624 0.0228056 0.0169937 -0.0131482 -0.0101501 -0.00113906 -0.0480755 -0.0192862 -0.0106357 0.239794 -0.0151907 0.00355889 -0.0268773 -0.00315943 0.0781807 -0.0233884 -0.00248951 0.00942966 -0.0232745 -2.52006e-05 -0.0310795 -0.0247919 0.0326056 -0.0226101 -0.00196641 -0.0117255 -5.91882e-05 0.00665611 -0.0263553 -5.26009e-05 0.00242201 -0.000725127 -0.000903729 0.0101942 -0.00851664 -0.00471902 -0.0052195 -0.0104641 -7.17458e-05 -0.00089897 0.00103088 -0.00253509 -0.00720985 0.103191 -0.0599725 -0.018007 4.05684e-05 -0.0136136 -0.00314137 5.26493e-05 0.0475978 -5.02806e-05 -6.84554e-05 0.000172464 0.00610856 -0.00161128 0.00811991 -0.0259952 0.0203322 -0.000708476 -0.0002503 -0.00263981 -8.02188e-05 -0.0322522 0.0199495 -0.0007783 0.00352214 -0.0473369 0.0134219 0.00520336 -0.0133975 0.00388942 -0.00132438 -0.00507588 -0.000216401 -0.0201621 0.0715132 -0.0455514 -0.000843859 -0.000439602 0.0230485 -0.0277142 -0.00581186 -0.000725961 -0.00745125 -0.00196333 -0.000177657 2.86279e-06 -0.0167726 -0.000625926 -0.00123194 0.00298094 -0.0152183 -0.0173856 -0.00744825 -0.00222522 
0.0534745 -0.0443314 0.00109486 0.0377504 0.00703918 -0.0430439 0.00511111 0.0238766 -0.00130379 0.00156807 0.0296007 0.0538748 0.0728519 -0.0151907 0.0946005 0.0234907 -0.0631597 0.00112683 -0.0187056 -0.00426603 0.00535055 -0.011364 0.0252062 5.429e-05 -0.0113858 0.0154573 -0.0642804 -0.00379289 0.00170227 -0.00451549 -1.02985e-05 -0.0218077 -0.00333828 1.22511e-05 0.00233374 0.000268641 -0.000145642 -0.00600524 -0.000439515 -0.0386952 -0.0011963 -0.000620444 5.71094e-06 -9.12303e-05 -0.000213928 -0.000195664 0.011525 -0.00943132 -0.0196116 0.0434388 1.84883e-05 0.00491207 0.00662317 0.00208819 -0.00886309 3.68507e-05 0.00149581 0.000227147 -0.0654999 0.00239005 -0.00100255 -0.0035165 -0.0167389 5.56072e-05 1.30242e-05 0.0141527 5.53912e-05 0.0207342 0.0075716 0.00105177 0.0352804 -0.0185075 -0.00938928 -0.00206833 -0.0158637 -0.0327562 -0.000347858 0.0103001 0.000227429 -0.0066534 -0.0500213 -0.0469119 0.000366994 6.47237e-05 0.0317687 -0.00250374 0.00525084 -5.74325e-05 0.013602 0.00111746 2.10496e-05 1.4335e-05 0.00923088 -0.000765325 0.000516555 0.000904735 -0.0113174 -0.00216652 -0.00030122 0.0014872 
0.0175282 -0.0297204 0.00145939 0.0341471 -0.00197136 -0.0145327 0.00861368 0.000434823 -0.000967885 0.000430072 0.00348358 0.0210388 0.029634 0.00355889 0.0234907 0.047173 -0.0274899 0.00155129 -0.00731497 -0.00248367 0.00637853 -0.00726365 0.0121287 1.93143e-05 -0.00532367 0.00165241 -0.0257961 -0.00242378 0.00222728 -0.00201865 4.39402e-06 -0.0114085 -0.0034063 3.77865e-05 0.00931408 -9.79444e-06 1.54442e-05 -0.00213011 -0.000126202 -0.0381723 -0.000403455 -0.000956865 1.88924e-06 -0.000120632 -8.74588e-05 -0.000280252 0.00904223 0.00215191 -0.00974989 -0.00427725 6.18918e-05 0.00293298 0.00701552 0.0057315 -0.00423735 5.12316e-05 0.000458576 -7.37105e-05 -0.0286076 0.00297324 0.00168306 -0.00383069 -0.00646454 0.0001276 0.000482716 0.0153094 9.54492e-05 -0.00870475 0.00839374 0.000742338 0.0359288 -0.00987085 -0.0127529 -0.000957413 -0.007656 -0.0355098 -0.000135654 0.0105438 0.000162772 -0.00364999 -0.015916 -0.020315 0.000583071 0.000191037 0.0275299 -0.00402607 0.00629178 -6.223e-05 0.00353413 0.00101276 0.000136603 0.000317406 0.00297808 -0.000355529 0.000152235 7.10041e-05 -0.0101985 0.00082923 -0.00108266 0.00100356 
-0.132574 0.108456 -0.00097281 -0.0565929 -0.0321096 0.105647 -0.023706 -0.018228 -0.0155175 -0.00227053 -0.0273188 -0.0694433 -0.138393 -0.0268773 -0.0631597 -0.0274899 0.231739 0.000879608 -0.0242988 0.017311 -0.00448068 0.0149187 -0.0348174 -1.79864e-05 0.0275767 -0.0470297 0.127146 0.0160786 -0.00339854 0.00973774 -6.95741e-05 0.0446652 0.00143548 -7.11949e-05 -0.00736261 0.000286286 -0.000779691 -0.0166308 0.00515558 0.0438334 0.00430857 0.00487459 -6.26409e-05 -0.000410975 -0.00159278 0.00110189 -0.0101526 -0.025634 0.0673843 -0.118571 -0.000137308 -0.00356384 -0.00494318 -0.00861426 -0.0376729 -4.26837e-05 -0.00277786 -0.000868604 0.134509 -0.00276305 -0.00183555 0.0138722 -0.0109115 0.000100146 -0.000354978 -0.0169597 -8.69784e-05 -0.0965057 -0.0731609 -0.00121303 -0.0397231 0.0643221 -0.00254072 0.00413768 0.0424313 0.0319529 0.000136724 -0.00763605 -0.000330728 0.0143141 0.0843731 0.138745 -0.000303663 9.19646e-05 -0.0609362 0.014333 -0.00517102 0.000438832 -0.0132644 4.34113e-05 -0.000112215 -0.000174066 -0.0433197 -0.0020708 6.14386e-05 -0.0058215 -0.0115541 0.00908721 -0.00168294 0.00160252 
0.00154025 -0.00327803 0.000606481 0.000987103 -0.000419783 0.000837627 -0.000279882 3.62524e-06 -8.05393e-05 -3.54838e-06 0.00507101 0.0009943 0.000186348 -0.00315943 0.00112683 0.00155129 0.000879608 0.00857461 -0.00196619 -0.00052159 0.001254 -0.00124012 -0.000193888 9.75562e-06 0.000835493 -4.68806e-05 -0.0026344 -0.000583315 -4.70783e-05 0.00134149 6.98511e-06 -0.00161587 0.000361871 5.44259e-06 4.25321e-05 0.00012683 3.82932e-05 -0.000356865 -5.93999e-05 -0.00201756 -7.81522e-05 0.000500643 4.97345e-05 0.000106641 -2.09933e-05 -3.14402e-05 0.00108174 -0.00371849 0.00185073 -0.00131592 3.34065e-05 -0.000263759 0.00173057 -0.000146584 -0.000730025 4.01337e-06 1.04039e-05 -9.09298e-06 -0.000376285 0.000205515 7.90055e-05 -0.00051131 -6.13622e-05 3.35537e-05 3.45978e-05 -0.000197369 6.33588e-06 -0.00134302 -0.00139101 -1.60676e-05 0.00126568 -0.000156754 -0.00433591 -0.000104321 -0.00127157 -0.00156013 4.51398e-05 0.00215288 2.63149e-05 -0.000323886 -0.00509265 -0.00199216 0.000159741 0.000292694 0.00252732 0.000314309 -0.000128412 -1.08347e-05 -4.32639e-05 0.00173634 3.91101e-06 4.12248e-07 -0.000316696 0.000195951 -5.95676e-06 -7.66739e-05 0.000683597 0.000450256 0.000777947 0.00139332 
0.0289275 -0.0252383 -0.00662901 -3.40343e-05 0.00137951 0.0122295 0.00774996 -0.00648717 -0.000681232 -0.000831375 -0.0203012 -0.0160865 0.00494731 0.0781807 -0.0187056 -0.00731497 -0.0242988 -0.00196619 0.179552 -0.038791 -0.00430767 0.0031768 -0.0159403 -9.62487e-05 -0.0342284 -0.00404724 -0.00118188 -0.0273332 -0.00113625 0.00850825 2.02476e-05 -0.0149569 0.0203827 -1.54082e-05 0.000712608 -0.000419319 -0.000192326 0.0139882 -0.00386731 0.00670325 0.00016523 -0.0105177 -1.03479e-06 6.27448e-05 0.000453207 -0.00238748 -0.0116086 0.0874977 -0.0474733 0.0145019 3.0487e-06 0.0026748 -0.00531299 0.00124603 0.0256367 -7.43731e-05 0.000286233 0.000207088 -0.0102482 -0.00131531 0.00183135 -0.025675 0.039847 2.38016e-05 -0.000270085 -0.00437663 -1.58558e-05 0.0125577 0.0345867 -0.00142188 -0.006765 -0.072395 0.0221539 0.000858889 -0.0275397 0.0108561 0.000560686 -0.00939904 -0.000148103 -0.0244373 -0.0155864 -0.0572688 -0.000322179 -0.000282633 0.0321313 -0.0333235 -0.00401337 -0.00130392 -0.00278893 -0.000911865 -5.57955e-05 3.91037e-05 0.00491226 0.000577911 -0.000393689 0.00182465 0.0147322 -0.0265045 0.00172956 0.000809585 
-0.0172154 0.0161689 0.000564144 -0.00963293 -0.00353178 0.0296403 -0.00242402 0.00120878 -0.00174264 0.000662378 -0.00889746 -0.00702631 -0.0139624 -0.0233884 -0.00426603 -0.00248367 0.017311 -0.00052159 -0.038791 0.0671894 -0.000415299 0.000358559 -0.00226783 2.15787e-05 -0.00625301 -0.0053938 0.0149613 0.0100851 -0.000328257 0.000547807 1.97279e-05 -0.0118545 -0.00672247 -1.01059e-05 -0.0014041 -3.08343e-05 0.000594516 -0.00460198 0.00212241 0.00409652 -8.68413e-05 0.0040555 -1.33906e-05 -0.000182717 0.000102699 0.000529325 0.00196315 -0.025084 0.0233571 -0.0127984 -1.8776e-05 -0.0021551 -0.000523435 -0.0014551 -0.00997499 2.39998e-05 -0.000311913 4.38978e-05 0.0147601 -0.000316121 -3.55126e-05 -0.00376476 -0.0117561 7.10907e-05 -2.30717e-05 -0.00125432 -1.6668e-05 -0.0118107 -0.0124861 -0.000135888 -0.00436706 0.0310082 0.000732541 -0.000769088 -0.0133823 0.00226789 -0.000299246 -0.00064729 -4.04974e-05 0.00975733 0.0177427 0.0305998 2.87437e-05 5.79432e-05 -0.0143646 0.0257327 4.08321e-05 -8.93388e-05 -0.000798439 -0.000331063 -3.68434e-05 -3.01547e-05 -0.00777315 -0.000397352 0.000168094 -0.000709136 -0.0115758 -0.00264675 -0.00167735 -0.00129075 
0.000937724 -0.00480038 0.000201555 0.00553772 -0.000285012 -0.00295314 5.83335e-05 0.000294567 -0.000161683 9.65236e-05 0.0032412 0.00485479 0.00507989 -0.00248951 0.00535055 0.00637853 -0.00448068 0.001254 -0.00430767 -0.000415299 0.0071439 -0.00398418 0.00319256 7.89947e-06 -0.000824779 0.00280128 -0.00468233 -0.00020954 0.000481463 -0.000267729 8.07605e-06 -0.00182509 -0.000641112 3.04867e-05 0.000142936 1.29278e-05 6.11059e-05 -0.000454544 7.96611e-05 -0.00650605 1.19908e-05 -9.93e-05 1.31452e-05 -1.74094e-05 -9.51428e-06 -3.20254e-05 0.00534297 -0.00447846 -0.00136429 -0.00127516 2.23013e-05 2.14588e-05 0.0041407 0.000536536 -0.000704016 5.26728e-05 0.000306475 2.11642e-05 -0.00521687 0.0020603 -0.000109168 -0.000566361 -0.00126919 1.59326e-05 0.000363742 0.00129463 6.44561e-06 -0.00144822 -0.000438901 0.000431736 0.00638444 -0.00151016 -0.00653151 -0.000131341 -0.00174824 -0.00655441 1.02793e-05 0.00596969 0.000161312 -0.00056759 -0.00466903 -0.00339178 0.000133979 0.000150138 0.00227061 -0.000570946 0.00219713 -1.29851e-06 0.000536401 9.76971e-05 5.76257e-06 1.14422e-05 0.0028067 -5.74716e-05 -1.08872e-05 -5.64164e-05 -0.00150457 0.000135874 -0.000187477 0.00104938 
-0.00878554 0.0115457 -4.41841e-05 -0.00325083 -0.00742133 0.0111742 0.000218051 -0.0113279 -0.00275333 -0.00238628 -0.0078333 -0.0125785 -0.0138788 0.00942966 -0.011364 -0.00726365 0.0149187 -0.00124012 0.0031768 0.000358559 -0.00398418 0.0268081 -0.00837387 -2.47789e-05 0.00308933 -0.0137988 0.016294 -0.00134505 -0.00255212 0.000332268 -4.6279e-05 0.00643614 0.0011564 -8.06062e-05 -0.000305001 -0.00154853 -0.000154827 0.000252818 -0.000811522 0.0115657 0.00026566 -0.000984098 -7.78038e-05 -0.000559502 -2.6138e-05 -0.000196701 -0.00724135 0.0110581 0.00464471 -0.00941778 -5.89508e-05 -0.00431326 -0.00320563 -0.00315943 0.00197423 -5.70283e-05 -0.000102956 -6.23813e-05 0.019216 -0.00214402 0.000127259 0.00184332 0.00178361 -0.000346895 -0.00055473 -0.00548917 -6.46937e-05 -0.00906469 -0.00150877 -0.000615345 -0.00724601 0.00473777 0.00850118 0.000324556 0.00596428 0.0106633 -0.00104829 -0.0063413 -0.000124638 0.00157665 0.0162902 0.0126799 -0.00198968 -0.000590398 0.00121172 -0.000837301 -0.00686445 -4.50066e-05 -0.00843656 -0.00232826 -0.000335866 -8.12241e-05 -0.00778077 -0.000245407 -0.00170246 0.00025507 -0.00261241 0.00110986 0.000191721 -0.000160924 
0.0208989 -0.0406121 -0.000142518 0.0132068 0.00942212 -0.0252718 0.000127469 0.0108983 0.00781034 0.00117401 0.016464 0.0425486 0.0390592 -0.0232745 0.0252062 0.0121287 -0.0348174 -0.000193888 -0.0159403 -0.00226783 0.00319256 -0.00837387 0.0596265 1.73838e-05 -0.00677102 0.0186416 -0.0410121 0.000711845 0.00306827 0.000126387 4.40331e-05 -0.0158832 -0.00269506 2.57934e-05 0.0020541 0.00154575 -0.000139124 0.0024377 0.00120046 -0.020116 -0.000653977 0.000185277 -2.18236e-05 0.000430529 -0.000125785 0.00170728 0.00916977 -0.00797326 -0.00966928 0.0208095 1.58038e-05 0.0115143 0.00460399 0.00483233 0.00133653 3.00839e-05 0.000219377 4.67912e-06 -0.0377848 0.00142205 -0.00145435 -0.0041556 -0.00301798 0.000184789 6.61311e-05 0.0135608 6.30628e-06 0.0150441 -0.0059477 0.0014481 0.016497 -0.0119482 -0.00920132 -0.00124745 -0.00955823 -0.0185859 -0.000237394 0.00834521 0.000147667 -0.00481999 -0.0383856 -0.0286818 0.0014289 0.000131556 0.00903655 -0.00257735 0.00740079 -1.96838e-05 0.010736 0.00153415 0.000309619 0.00013595 0.0105148 -0.000303133 0.00184531 -2.18044e-05 -0.0126307 -0.00157594 0.00104601 0.000771521 
9.84074e-06 -2.32688e-05 5.02754e-06 -1.34196e-05 -1.59454e-07 -2.01942e-05 1.34344e-06 4.71523e-05 -3.25139e-06 1.58474e-06 2.3297e-05 3.06438e-05 2.84762e-05 -2.52006e-05 5.429e-05 1.93143e-05 -1.79864e-05 9.75562e-06 -9.62487e-05 2.15787e-05 7.89947e-06 -2.47789e-05 1.73838e-05 0.000165423 -1.72607e-05 7.34069e-06 -3.58476e-05 1.41785e-05 -9.28437e-07 -2.73299e-06 8.46924e-08 -3.6528e-05 -1.46271e-05 3.06934e-06 -2.37347e-06 1.18929e-06 4.1591e-06 -1.11658e-05 1.96344e-05 -2.16137e-05 -1.93478e-06 1.22278e-06 1.10467e-06 -3.10655e-07 -3.71413e-07 -4.59474e-07 1.93523e-05 -3.60211e-05 4.66063e-06 -7.08317e-07 5.96264e-07 -2.23193e-06 1.14943e-05 9.10157e-06 -1.94898e-05 1.37684e-07 5.41115e-07 7.85142e-07 -3.84195e-05 3.30719e-06 1.44483e-05 -1.49495e-06 -2.92619e-05 -3.16289e-07 4.75078e-06 2.36416e-05 3.15943e-07 2.78622e-05 -2.81885e-05 1.74547e-06 4.38566e-06 2.72945e-05 -3.60308e-05 -8.27307e-07 -3.8584e-05 -2.50085e-05 7.2268e-07 5.33483e-06 1.54074e-06 -7.35986e-07 -6.78158e-06 -6.53489e-06 2.76205e-06 8.75064e-06 -3.09801e-05 -1.68904e-06 3.1113e-06 3.68134e-07 3.14042e-05 5.07875e-06 -1.01574e-07 -9.55992e-08 -6.60535e-06 -1.08456e-06 4.44306e-06 -1.13844e-06 -2.46035e-05 -2.96622e-06 -3.85185e-06 1.48311e-06 
-0.027312 0.030709 0.00346655 -0.0113118 -0.00616175 -0.0296387 -0.00410968 -0.00353357 -0.00268685 -0.000349108 -0.000337511 -0.0132226 -0.0228804 -0.0310795 -0.0113858 -0.00532367 0.0275767 0.000835493 -0.0342284 -0.00625301 -0.000824779 0.00308933 -0.00677102 -1.72607e-05 0.102815 -0.00876645 0.00947587 0.000631212 -0.000589895 -0.00321279 -1.82927e-05 0.0549 -0.0089728 -1.08268e-05 -0.00261297 -0.000252845 -0.00015592 -0.00643822 -0.00187786 0.00870797 0.00432716 -0.00103588 -8.40937e-06 -0.000142187 -0.000243182 0.00124766 -0.00195866 -0.0361434 0.032378 -0.017728 -2.13046e-05 -0.0035538 -0.000913266 -0.0019468 -0.0107376 -1.38338e-05 -0.000509602 -0.00017371 0.0222952 -0.000415324 -0.00134235 0.0256947 -0.0188942 -0.000215022 -5.3618e-05 -0.00368395 -9.03378e-06 -0.0167235 -0.0191676 -0.000191804 -0.00726494 0.000439594 -0.0150616 -0.00209571 0.0612331 0.00555861 -0.000208552 -0.00080382 6.68782e-05 -0.000719116 -0.00943663 0.0348281 -0.000226575 -8.40999e-05 -0.02506 -0.00570882 -0.00173326 0.000745195 -0.00267647 0.00025871 -6.88773e-05 -2.26872e-05 -0.00936393 -0.000569047 -0.000376198 -0.00102426 0.012854 0.0235386 0.0016988 -0.00070487 
0.0396538 -0.0314159 -0.000888564 -0.00480992 0.0318729 -0.0319121 -0.00261776 0.00945387 0.0212962 0.000872533 0.033759 0.0267989 0.0440234 -0.0247919 0.0154573 0.00165241 -0.0470297 -4.68806e-05 -0.00404724 -0.0053938 0.00280128 -0.0137988 0.0186416 7.34069e-06 -0.00876645 0.0712397 -0.0480287 -0.00312892 0.000437309 -0.00247519 6.35069e-06 -0.0184516 -0.00617061 7.25102e-05 -0.00164256 4.10662e-05 -0.000183986 0.0037929 -0.00136223 -0.00470561 -0.00100168 0.0016935 -2.04148e-05 6.08329e-05 0.000141594 0.000181502 0.00292809 -0.0294771 -0.0110186 0.0512002 1.66611e-05 0.000289572 0.00256816 0.000140617 0.00664661 1.44607e-05 -0.000193343 -7.35504e-05 -0.0557194 0.00106499 -0.00174998 -0.00508509 0.000496491 -3.67879e-05 0.000148583 0.000893401 -2.05256e-05 0.0398891 0.00646596 0.000473287 0.00257543 -0.011737 -0.00146394 -0.00151077 -0.0173015 -0.00331851 0.00072376 0.0034113 7.10572e-05 -0.00578413 -0.0462295 -0.0359423 -3.47409e-06 9.48525e-06 -0.00826056 -0.00351279 0.00117957 -0.000137426 0.0105611 -0.000168879 -4.06167e-05 -2.47602e-05 0.0381098 0.000393709 -0.000180665 2.75717e-05 0.0121696 -0.00380456 -0.000364641 -0.000575476 
-0.128553 0.117187 -0.00363584 -0.0488617 -0.0312897 0.089404 -0.0184456 -0.0198861 -0.0166925 -0.0024982 -0.0375571 -0.0763274 -0.132402 0.0326056 -0.0642804 -0.0257961 0.127146 -0.0026344 -0.00118188 0.0149613 -0.00468233 0.016294 -0.0410121 -3.58476e-05 0.00947587 -0.0480287 0.226618 0.00442425 -0.00340267 -0.0154707 -8.06996e-05 0.0527679 -0.0032441 -6.60091e-05 -0.00845742 -0.00153346 -0.00058808 -0.00587675 -0.00544 0.0469679 0.00202419 0.00295189 -0.000141641 -0.000844818 -0.000746295 -0.00118972 -0.00933877 -0.00259311 0.0357443 -0.109345 -0.000135653 -0.00900266 -0.00523763 -0.0067092 -0.0233165 -7.74881e-05 -0.00290789 -0.000346886 0.132838 -0.00264069 0.000873594 -0.00809372 0.00375159 -0.000631522 -0.000414458 -0.0180617 -0.000154817 -0.0664358 -0.0475978 -0.0012729 -0.039599 0.0525136 0.00146644 0.00482658 0.0269195 0.0311159 -0.000657776 -0.00838727 -0.00033941 0.0215095 0.119509 0.102705 -0.00132542 -0.000593731 -0.0733639 0.0168549 -0.00881671 -0.000193515 -0.0151561 -0.00228623 -0.000284847 -0.000222741 -0.0487555 0.000309192 -0.00161701 -0.00534845 0.00785993 -0.0083448 -0.0177505 -0.00338427 
-0.0176326 0.0137592 -0.000226815 -0.00983634 -0.00316783 -0.00495483 -0.00191301 0.0020421 -0.000869545 0.000615367 -0.00470979 -0.00292747 -0.0136603 -0.0226101 -0.00379289 -0.00242378 0.0160786 -0.000583315 -0.0273332 0.0100851 -0.00020954 -0.00134505 0.000711845 1.41785e-05 0.000631212 -0.00312892 0.00442425 0.0665873 0.000814399 3.6154e-05 2.95805e-05 0.0120579 -0.00392636 1.53661e-05 -0.00148395 0.00150489 -0.000117469 -0.00464998 0.0153243 0.000247159 -0.000886578 0.00121587 -1.90728e-05 0.000698437 -8.4254e-05 0.00107359 0.00436968 -0.0353362 0.00968488 -0.0108572 -8.1233e-06 0.00722967 -0.000328861 0.000628486 -0.00802521 3.24613e-05 -0.000312386 -8.6786e-05 0.00710295 -0.000189882 -0.00123674 -0.00185412 -0.0108386 0.000127353 0.000100009 0.00162927 -1.53631e-05 -0.00465745 -0.00722917 8.35656e-06 -0.00312907 0.0112648 -0.00278341 -0.000825816 -0.00197161 -0.0014831 0.000195297 0.000443914 -4.25462e-05 0.00934226 0.0125329 0.00642543 0.00122792 0.000579512 -0.0113901 0.0151128 0.00442194 0.000206095 0.00108911 0.000723603 0.000132607 1.76185e-05 -0.00107736 -0.000276202 0.00206109 -0.000579376 -0.00583831 5.4478e-05 -0.000831695 -0.00101373 
-0.000684664 -0.00363211 3.18412e-06 0.00351802 -0.000304742 -0.00212566 0.000260252 3.09751e-05 -0.000103178 4.38147e-05 -0.000767767 0.00271395 0.000401886 -0.00196641 0.00170227 0.00222728 -0.00339854 -4.70783e-05 -0.00113625 -0.000328257 0.000481463 -0.00255212 0.00306827 -9.28437e-07 -0.000589895 0.000437309 -0.00340267 0.000814399 0.00567969 -4.79166e-05 1.06055e-07 -0.00140865 -0.000215365 6.14844e-06 0.000497627 5.40265e-06 -2.72898e-07 -0.000261563 0.000773694 -0.00475414 -1.49495e-05 -0.000144877 -1.74237e-06 1.45565e-05 -1.92722e-06 -3.50077e-05 0.000796739 0.000757697 -0.00113 -0.000966209 -2.0039e-07 0.00314049 0.000317246 0.0022684 -0.000787003 4.54795e-05 2.05776e-07 -5.87116e-06 -0.00393744 0.000886038 -9.63211e-05 -0.000168701 -0.000956629 0.000181084 0.000380514 0.00392339 5.98005e-05 -0.00105442 0.00252122 0.000998719 0.00458835 -0.00114795 -0.00151528 -0.000106511 -0.00136402 -0.00508721 0.000171977 0.00096846 2.05578e-05 -0.0004065 -0.00273128 -0.00246886 0.000105094 0.000115142 0.00246622 -0.000447236 0.00466402 7.80767e-07 0.000156496 0.000252371 0.000122819 3.70934e-06 0.000948203 -3.43694e-05 8.0096e-05 -5.23105e-05 -0.00116564 1.30053e-06 -7.10415e-05 4.76744e-06 
-0.00114022 -0.00324512 0.000132826 -0.00251196 -0.00219627 0.0150694 -0.00171395 -0.00135926 -7.43271e-05 1.22488e-05 -0.000412687 -0.00392539 -0.00924153 -0.0117255 -0.00451549 -0.00201865 0.00973774 0.00134149 0.00850825 0.000547807 -0.000267729 0.000332268 0.000126387 -2.73299e-06 -0.00321279 -0.00247519 -0.0154707 3.6154e-05 -4.79166e-05 0.0426507 3.00223e-05 -0.00892908 0.0126163 4.78709e-06 -2.79089e-05 0.00020378 0.000485596 0.00050024 0.00162586 0.00214668 -0.000208029 0.000567042 -4.69576e-06 0.000794267 1.3488e-05 0.00175955 -0.000612296 0.0048617 0.00591441 -0.00643071 3.96374e-05 0.00496381 -0.000292509 -0.000862519 -0.00379273 3.44178e-06 -0.000195431 -6.75841e-05 0.00176348 -0.000174377 -0.000629765 -0.00334172 0.00368423 0.00103682 -2.48448e-05 -0.000605579 3.8356e-05 -0.00862414 -0.0067379 -3.13338e-05 -0.00266757 -0.00645105 0.00198586 -0.000297822 0.00216288 0.00193228 0.000365844 -0.00061409 -2.19377e-05 -0.000581651 -0.017766 0.00116322 7.69855e-05 0.000214115 0.0075463 -0.00153309 -0.000160521 -2.08844e-05 -0.000427886 0.000608249 -3.7679e-06 5.63142e-05 -0.00421702 -0.000124055 0.00084408 -0.000317722 -0.00826101 -0.00186816 0.0120237 0.00195623 
3.25738e-05 -4.12519e-05 -2.40458e-06 -2.23596e-05 4.98578e-05 -4.25855e-05 2.83643e-06 3.53107e-05 2.34474e-05 7.29627e-06 3.21793e-05 5.94959e-06 2.97132e-05 -5.91882e-05 -1.02985e-05 4.39402e-06 -6.95741e-05 6.98511e-06 2.02476e-05 1.97279e-05 8.07605e-06 -4.6279e-05 4.40331e-05 8.46924e-08 -1.82927e-05 6.35069e-06 -8.06996e-05 2.95805e-05 1.06055e-07 3.00223e-05 0.000193219 -3.22516e-05 4.95953e-05 5.05313e-07 1.33152e-06 6.1069e-06 3.68567e-09 -1.10159e-05 2.83911e-05 -2.24695e-05 1.10492e-06 2.24554e-05 2.80702e-06 3.14134e-06 9.25493e-07 1.47606e-05 1.81469e-05 -8.84332e-05 -2.51871e-05 2.08018e-05 8.30005e-07 1.28176e-05 5.52758e-06 1.29355e-05 -9.1436e-06 -2.60665e-08 -8.50854e-07 4.50628e-07 -0.000106567 4.50224e-06 -4.19066e-06 -1.47197e-05 -1.52327e-05 5.86109e-06 1.77965e-06 1.66084e-05 2.13122e-08 3.18017e-05 -2.46301e-05 -3.53524e-07 -8.45707e-07 -2.07851e-05 -4.66429e-05 -2.08713e-06 -3.1042e-05 -2.36047e-05 1.19288e-05 2.92716e-06 5.75714e-07 4.08158e-05 -8.20494e-05 -7.14645e-05 1.42696e-05 2.91215e-06 -2.22025e-05 8.80387e-06 4.18813e-06 1.37183e-06 2.52183e-05 1.53238e-05 2.2466e-07 9.50004e-08 3.39115e-05 -1.08009e-06 4.92223e-06 3.77452e-06 3.7545e-05 -9.56281e-06 5.95254e-06 -5.92896e-07 
-0.0541138 0.049081 9.13353e-05 -0.00506932 -0.0119767 -0.0668025 -0.00643303 -0.00767073 -0.00636373 -0.00083302 -0.024235 -0.0301502 -0.0525668 0.00665611 -0.0218077 -0.0114085 0.0446652 -0.00161587 -0.0149569 -0.0118545 -0.00182509 0.00643614 -0.0158832 -3.6528e-05 0.0549 -0.0184516 0.0527679 0.0120579 -0.00140865 -0.00892908 -3.22516e-05 0.189673 -0.0189598 -2.45399e-05 -0.00568742 -0.000589801 -0.000825246 -0.0153603 0.00176979 0.0187966 0.00261494 0.000105256 -7.83257e-05 -0.000140965 -0.0002162 0.000921895 -0.00294272 -0.0229005 0.0188939 -0.0422228 -6.915e-05 0.00455207 -0.00204221 -0.00328109 -0.00992374 -2.76248e-05 -0.00112991 -0.000291295 0.043805 -0.00119341 -0.00179273 0.0187094 -0.0396729 -0.000416013 -0.000144896 -0.00797719 -4.44468e-05 -0.0407395 -0.0345739 -0.000471906 -0.0156107 -0.0191332 -0.0103051 -0.00401823 0.122218 0.012728 -0.000869894 -0.00246298 -0.000132139 -0.00776584 0.0496765 0.0446258 -0.000537652 -0.000138334 -0.0376855 -0.015159 -0.0036315 0.000626647 -0.0057974 -0.000739869 -0.000159767 -0.000102077 -0.0209388 -0.00159475 -0.00083128 -0.00103095 0.0196625 0.00866831 -0.00479463 -0.00309909 
0.0114337 -0.000857426 -0.000505787 -0.0121899 -0.00474371 0.00160655 -0.0030664 -0.000545622 -0.00242339 -0.000273952 0.000377315 -0.00296542 -0.00827079 -0.0263553 -0.00333828 -0.0034063 0.00143548 0.000361871 0.0203827 -0.00672247 -0.000641112 0.0011564 -0.00269506 -1.46271e-05 -0.0089728 -0.00617061 -0.0032441 -0.00392636 -0.000215365 0.0126163 4.95953e-05 -0.0189598 0.0877946 -5.51733e-06 -0.000149435 -0.000113344 0.000714606 0.000581074 0.00109747 0.00479667 -0.000307597 -0.00094417 6.73799e-05 -3.76919e-05 -0.000128213 -0.000227567 -0.00164571 0.0150369 -0.0156137 -0.00111562 -2.69267e-06 0.00375596 -0.000606993 -0.000204326 -0.00845216 -8.96744e-06 -0.00015691 -8.7649e-05 0.000667788 -0.000229159 -0.000749015 -0.0031665 0.0335537 0.00051849 -4.93971e-05 -0.0029362 3.03906e-05 0.0165627 0.0139707 -0.000134978 -0.00497079 -0.0168566 0.00506631 -0.000824942 -0.0125681 0.00271333 8.7943e-06 -0.00123039 2.74824e-06 0.00500252 -0.00735863 -0.0249265 -0.000154983 9.68243e-05 0.0100609 -0.00574822 0.000187761 4.56703e-05 -0.00189002 0.000115596 1.85581e-05 4.84895e-05 -0.00865683 -0.000731773 0.000179374 -0.000634316 -0.0159517 -0.00410093 0.00798127 0.0040864 
5.50952e-05 -7.09708e-05 5.6492e-06 -1.57245e-05 6.90032e-05 -5.43325e-05 5.37089e-07 3.64504e-05 2.60693e-05 4.11034e-06 5.92407e-05 1.2594e-05 1.33392e-05 -5.26009e-05 1.22511e-05 3.77865e-05 -7.11949e-05 5.44259e-06 -1.54082e-05 -1.01059e-05 3.04867e-05 -8.06062e-05 2.57934e-05 3.06934e-06 -1.08268e-05 7.25102e-05 -6.60091e-05 1.53661e-05 6.14844e-06 4.78709e-06 5.05313e-07 -2.45399e-05 -5.51733e-06 0.000144969 -3.0575e-06 5.87589e-06 3.79176e-06 -2.1803e-06 1.06154e-05 -6.37127e-05 3.20133e-06 1.47703e-05 2.73275e-06 7.19253e-06 3.14823e-07 2.46762e-06 5.68917e-05 -8.67169e-05 -1.5835e-05 3.06072e-05 2.16332e-06 4.35803e-06 1.32053e-05 2.85556e-05 -1.46686e-05 7.71104e-08 -5.86688e-07 -4.54386e-08 -8.77877e-05 2.06056e-05 -3.22909e-06 -8.95604e-06 -2.41305e-05 6.67155e-06 1.06805e-05 2.23023e-05 2.51372e-08 2.73838e-05 1.90612e-05 7.93095e-07 2.22561e-05 -2.77454e-05 -8.03582e-05 -2.39382e-06 -2.74529e-05 -5.87774e-05 2.73472e-06 7.07215e-06 8.77588e-07 -5.43189e-06 -8.57426e-05 -5.86067e-05 3.05104e-05 1.03974e-05 -2.91365e-05 -8.63848e-06 2.87928e-05 -2.76221e-07 6.03826e-05 6.32009e-06 1.34346e-06 5.62228e-08 2.46285e-05 6.11886e-08 1.1619e-05 -1.08792e-06 2.12146e-05 -5.91617e-06 7.11965e-06 9.37278e-06 
