0.00544825 0.000188989 -2.92402e-06 0.000907536 0.000119926 0.000825132 -0.000256876 0.000848908 0.000265705 -1.77504e-05 -0.00102326 -0.00240723 0.000571438 -0.00212156 9.34381e-05 0.00043129 0.00116119 0.000291228 0.000263401 -0.000250417 0.000183737 -0.000984529 0.000500296 -0.0012439 -0.000956732 0.000305204 -0.000547702 0.000667011 -0.000554178 0.000129527 -0.000249074 -0.000480367 -0.000919802 -0.00148728 -0.000504875 -2.42575e-05 -0.00124376 -3.66106e-05 0.000580276 0.000150057 8.41056e-05 0.00017446 5.86597e-05 -0.000140353 1.36795e-05 -0.000410311 0.000237203 1.34542e-05 0.000492596 -1.65196e-05 5.36415e-06 -9.64144e-05 0.000468727 -0.000282416 4.52864e-05 -0.00219414 6.34462e-06 -9.3079e-05 -1.49192e-05 1.61088e-06 -0.000147456 -3.91548e-05 0.000396951 -0.000402892 2.31019e-05 -0.000872992 0.000408472 -0.000251958 -0.000191963 0.000314784 0.000837039 9.46896e-05 0.000129824 0.000121843 0.000285165 0.00142394 0.000485922 -0.000623162 -0.000793265 0.000757454 0.000155898 -0.000182951 0.00044726 -2.78665e-05 -6.90239e-06 -8.29495e-05 -5.09118e-05 -0.00116549 0.000357075 0.000640453 0.00021226 1.71956e-05 -4.10315e-06 -8.06613e-05 -0.000286645 -2.73137e-05 0.000775689 -0.000378238 0.000728773 3.02965e-05 
0.000188989 0.0125626 -2.8506e-06 0.00528504 0.000451594 0.00091958 -0.00501008 0.00354929 -7.11249e-05 -0.000126088 -0.00451452 -0.00602935 0.0019518 0.00288947 -0.000134175 0.000812593 -0.00465976 -6.17334e-05 -0.000141762 -0.000659267 -0.000199141 -0.00556173 0.00577393 -0.00284987 0.00426059 -0.00185396 -0.00136762 -0.00266855 -0.00366511 0.00841318 -0.00054592 0.00129892 -0.00333808 0.000365289 -0.00452442 -0.000687509 0.00106291 -4.61991e-05 0.0014978 0.00362677 8.44958e-05 -0.000804517 -0.000806788 9.0751e-05 -0.000127008 -0.000947325 0.000917286 -1.8136e-05 0.000792486 0.0014635 -1.2585e-05 -0.000155064 -0.00136851 0.00335382 0.00115021 -0.000248253 1.53537e-05 0.000385589 -7.81399e-05 0.000412183 0.00605796 -0.000132256 -0.00049875 -0.00686172 -0.000111843 -0.00418586 -0.00184365 0.00194108 -0.00143256 0.000717124 -0.00188923 0.00470141 -0.000201969 -0.00122387 -0.000421832 -0.00121642 0.000273008 0.0007191 -0.0041556 0.000629202 0.00225995 -0.000164937 -0.00139628 -9.1929e-05 0.00089581 -3.89758e-05 -1.48305e-05 -0.00360888 -0.000277875 -0.000569497 0.000389862 0.00675364 1.04864e-05 0.00287421 -0.00171214 -0.00522784 -0.000140942 -0.000992981 0.000532089 -0.000633112 
-2.92402e-06 -2.8506e-06 0.00108627 -0.000205726 -3.12121e-08 0.000126321 -0.00029103 0.000327306 3.7401e-05 -7.87412e-06 -0.000242885 -8.69664e-05 6.4429e-05 -0.000276261 2.39243e-05 2.73038e-06 -0.000359681 5.26249e-05 2.89436e-06 3.86607e-05 7.68803e-05 -0.000432538 8.41922e-05 0.00023663 0.000210298 0.000278655 -0.000113898 -0.000179045 -0.000220465 -4.73159e-05 4.94699e-05 -5.16956e-05 -7.00408e-05 -5.96081e-05 -0.000586074 -5.64521e-05 -0.000151033 -8.10078e-05 1.38044e-05 -4.44232e-05 4.48055e-06 0.000205581 -0.00011081 1.58245e-05 -3.65187e-06 0.000250315 4.32813e-05 2.30589e-05 0.000180134 4.90038e-05 1.13444e-05 -2.37624e-05 -2.60677e-05 -1.35799e-05 -1.52852e-05 0.000197468 3.03312e-06 -1.33956e-05 -6.77947e-06 9.23433e-06 0.000317166 -8.59161e-06 0.000178521 -0.000199991 1.71128e-05 3.93575e-05 -0.000142 -6.60696e-07 -1.09068e-05 8.72357e-07 -6.34685e-05 0.000117667 -5.12426e-06 0.000322136 1.61267e-05 -0.000105931 1.67855e-06 2.66662e-05 -7.00549e-05 0.000126876 7.36411e-05 -5.11379e-06 -0.000111392 1.66729e-05 -3.67292e-06 1.69556e-05 3.40065e-05 -0.000218094 -4.04095e-05 -2.18825e-05 1.79197e-06 -9.91992e-05 8.0216e-07 9.71522e-06 -4.1033e-05 -0.000156775 7.35088e-05 2.46605e-05 -6.37184e-05 2.99927e-05 
0.000907536 0.00528504 -0.000205726 0.166692 0.00085484 0.0108135 -0.00473476 0.0593184 7.31175e-05 -0.0018875 -0.0621643 -0.059953 -0.0123184 0.0169672 -0.00134625 0.00455289 -0.0588169 -0.000936121 -0.0010062 -0.0104483 -0.00233641 0.000561758 0.00790778 -0.0303121 0.0482853 0.0308577 -0.0193009 -0.0254109 -0.0382301 0.0343264 0.00305909 -0.00527968 0.00590393 0.0489611 -0.00129724 -0.0103811 0.0453684 -0.0154021 0.00868978 0.0192278 -9.9119e-05 0.00253277 0.00406948 0.0083186 -0.00111305 -0.0116466 -0.0033324 -6.1494e-05 -0.00312695 0.00957942 -0.000570018 -0.00151312 -0.0163366 0.0175052 0.0136507 0.0230026 0.000691353 0.00665966 0.000942016 0.00109941 0.0275242 -0.00219091 0.0140774 -0.072535 -0.00180317 0.0134418 -0.0200056 0.0220281 -0.0240229 0.00076436 -0.028507 0.0209779 -0.00240432 -0.0138248 -0.00407692 -0.00883949 -0.00144486 0.000432208 0.00434107 -0.0282057 0.013503 0.00422888 -0.00737257 -0.00126457 0.0021725 0.00402219 0.00157646 -0.0539704 -0.0117872 0.0043775 -0.00135616 0.0432496 -3.34257e-05 0.00558712 -0.0268472 -0.0708758 -0.00161299 -0.0112132 0.013402 -0.0086089 
0.000119926 0.000451594 -3.12121e-08 0.00085484 0.00213609 0.0009802 -0.000854056 0.00057798 -1.49374e-05 -2.15838e-05 -0.000723801 -0.000909296 -0.000144635 -0.00053732 0.000119195 -1.13324e-05 -0.000176003 -2.52821e-06 -1.77676e-05 -8.12526e-05 0.000487319 -0.000557001 0.000420705 -0.000621376 -6.41604e-06 -0.000227017 -0.000221663 0.000360532 5.64489e-05 0.00058068 -7.09544e-05 -2.08719e-05 -0.000836348 -0.000500807 -0.00121112 -6.32583e-06 -0.000337555 -0.000163728 0.000125372 -6.94324e-05 4.2744e-06 0.00053428 6.32542e-06 0.000346845 -2.33109e-05 -0.000150574 7.20241e-05 4.97632e-05 5.52325e-05 0.00038573 0.000128692 -6.71606e-05 0.000272345 0.000209256 0.000180387 -0.000177033 5.31888e-06 0.000237462 0.000116269 -2.41655e-06 0.000363965 -2.29251e-05 5.03671e-05 -0.00115297 3.8613e-06 -0.000719912 -0.000219158 0.000172762 -0.000163758 0.000236714 -0.000358533 0.000653341 2.68955e-05 6.86583e-07 -3.40337e-05 -7.75109e-05 6.04788e-06 0.000158584 -0.00112202 -0.000152426 0.000841896 -5.96602e-05 0.00040139 -4.08016e-05 2.12071e-05 7.19015e-05 0.00012049 -0.00057843 -5.47543e-05 -0.000162513 0.000107871 0.000673767 3.82983e-05 4.08839e-06 -0.000286815 -0.000488279 0.000376951 0.000375358 -1.15724e-05 -0.000109801 
0.000825132 0.00091958 0.000126321 0.0108135 0.0009802 0.0568681 -0.0228021 0.0024506 0.00500922 -0.000425837 -0.0211731 -0.0303111 0.00306294 -0.00413503 7.12063e-05 0.00576607 0.00671821 0.00728583 0.00251456 0.0150236 0.0211324 -0.0132104 -0.002557 -0.0166376 -0.0122392 -0.00792333 -0.00638435 0.0147413 0.00354098 0.0125856 -0.00277223 -0.00398283 -0.0373071 -0.0194758 -0.0247998 -0.00333865 -0.00344794 -0.00530825 0.00315511 -0.00170001 3.27061e-05 0.0252266 0.012118 0.0286499 -0.000633965 -0.00194287 -0.000615352 0.00370865 0.00793383 0.00427175 0.0045798 0.00105962 0.00807076 -0.00227208 0.0127466 -0.0225008 -4.08992e-05 0.00159369 0.000687142 -5.34788e-05 0.00901633 -0.000639228 0.00675346 -0.032067 0.00127172 -0.0228972 -0.00791307 0.0123071 -0.00700887 0.00217921 -0.00925367 0.0204371 5.35529e-05 0.00421823 0.0140072 -0.00318916 0.00324277 -0.00302678 -0.0363111 0.000590106 0.0123041 -0.00188034 0.000901246 -0.00100679 0.000174745 -0.000454341 -4.05471e-05 -0.0167099 -0.00286697 -0.00442184 -7.01697e-05 0.0154413 0.000298841 0.000487866 -0.00825295 -0.00228543 0.0156968 0.0205807 0.00671395 -0.00265917 
-0.000256876 -0.00501008 -0.00029103 -0.00473476 -0.000854056 -0.0228021 0.242693 -0.0364038 -0.00356196 0.000111558 0.0649521 0.0186597 -0.0243736 -0.0695 -0.00209926 -0.00442032 0.0274883 -0.00391809 9.43545e-05 -0.034672 -0.00863652 0.0639999 -0.0114078 -0.0189141 -0.0626376 0.000915885 0.0434661 0.0606276 0.0276453 -0.0686561 0.0155302 -0.0342518 0.04 -0.00363806 0.0679005 -0.0138591 0.000429341 -0.0296074 -0.00182534 -0.0197405 -0.000295217 -0.0493793 -0.0537157 -0.0169049 0.000724364 0.0147595 0.00173102 -0.00172473 -0.00582883 -0.00551107 -0.00241227 -0.00845058 -0.0176645 -0.0263903 -0.00841332 -0.0158613 -1.47316e-05 -0.00946305 -0.00110133 -0.000338427 -0.0432094 0.00224725 -0.0144504 0.103438 -0.00242579 0.0618245 -0.00221156 0.00043088 -0.0078262 -0.00139005 -0.0424526 -0.0196241 -0.007291 -0.030791 -0.0159013 0.013342 -0.0070949 -0.0531273 0.0817311 0.0208423 -0.00886153 -0.00788991 0.010751 -0.0035822 -0.00137207 -0.00631071 -0.00340012 0.0674196 -0.0187003 0.0287862 -0.00559721 -0.0860135 -0.000421285 -0.00944628 0.00229026 0.0331862 -0.00698586 -0.0035587 -0.00346521 0.00492436 
0.000848908 0.00354929 0.000327306 0.0593184 0.00057798 0.0024506 -0.0364038 0.20382 0.000173317 7.42012e-05 -0.0678884 -0.0214747 0.00255701 0.00202861 -0.00154226 -0.00116249 -0.0728892 0.000490672 0.00150147 -0.0223194 -0.0038135 -0.0423463 0.00996466 0.00771963 0.0653846 0.0772939 -0.0285541 -0.0574466 -0.046292 0.014326 0.00646899 -0.0191938 0.0561661 0.0472373 -0.0247747 -0.00865666 0.000478935 -0.0198189 0.00989426 0.018478 0.00021454 0.0157233 -0.00748876 -0.00243341 0.000881938 0.00645743 -0.000128819 -0.000912762 0.00087453 -0.000254038 -0.000904384 -0.00758227 -0.0220024 0.038748 0.00263631 0.0528827 -3.1836e-05 0.0159711 -0.00175925 -0.000445841 0.0453077 -0.00277503 0.0247704 -0.0866971 -0.00197261 0.0253215 -0.0158794 -0.00197638 0.00184467 0.000832418 -0.0195688 0.00803049 -0.00365823 0.00399894 -0.00790052 -0.0259485 0.0018906 -0.00576344 0.0308823 -0.0147375 -0.0012806 0.0124545 -0.00468257 -0.0029624 -0.000531044 0.00456241 0.00301356 -0.0638075 -0.0129252 0.0111011 0.000204676 0.0402735 -0.000367367 -0.00514533 -0.0292996 -0.0822841 -0.00255128 -0.0268674 0.00580386 -0.00770921 
0.000265705 -7.11249e-05 3.7401e-05 7.31175e-05 -1.49374e-05 0.00500922 -0.00356196 0.000173317 0.00870091 -1.23688e-05 -0.00266491 -0.00371911 0.000597316 -0.00331764 -5.52758e-05 0.00502571 -0.00280881 0.00577762 0.00373447 -0.000374303 0.00520517 -0.00479317 -0.000607897 -0.00175265 -0.00355347 -0.00148697 -0.000919809 -0.00189343 -0.00235718 -0.00091099 -0.000408906 -0.000532869 -0.00544787 -0.00280678 -0.00546572 -0.00052927 -0.00146123 -0.000677534 -0.000149286 -0.000386106 5.57691e-05 0.00545428 -0.00152805 0.00479687 -0.000100025 0.00105878 -0.000190966 0.000424214 0.0042895 0.000541175 0.000161732 -0.000219486 0.00231438 -0.000349442 0.00137522 -0.00365473 4.61126e-05 -0.000187179 -5.07667e-05 4.75382e-06 0.000204615 -7.55922e-05 0.00492176 -0.00377284 0.000108404 -0.00327634 -0.00141897 0.000350117 -0.000594232 0.000394927 -0.000807105 0.00158422 -0.000131226 0.00236146 0.00250269 -0.00104416 0.00411191 -0.000651475 -0.00546114 -0.000383001 0.00353444 -0.000218665 -0.000310448 0.000451064 -2.02319e-05 -1.81194e-05 3.90584e-05 -0.00218465 -0.000549448 -0.000677885 0.000219865 -0.00130366 9.06146e-06 0.000493367 -0.000549696 -0.000811405 0.00516634 0.00181686 -0.000369803 0.000259399 
-1.77504e-05 -0.000126088 -7.87412e-06 -0.0018875 -2.15838e-05 -0.000425837 0.000111558 7.42012e-05 -1.23688e-05 0.0100558 0.00298712 0.00176193 -0.00121268 -0.00351931 3.91582e-05 -3.29611e-05 0.000683525 -4.8456e-05 6.28853e-05 -0.000321041 -3.03781e-05 -0.000255151 -0.000342875 -0.0022318 -0.0039949 -0.000270147 0.00213872 0.001379 0.00110552 -0.00221853 2.21854e-05 -0.000431897 0.000989105 -0.00144677 0.00131848 0.000280381 -0.00214185 -0.000533331 -4.26748e-05 -0.000527012 -1.2754e-05 -0.000337798 -0.00152381 -0.000253098 3.62488e-05 4.85878e-05 -7.24622e-05 -4.06454e-05 -0.000180218 -0.000163576 -3.808e-05 -0.000264678 1.56281e-05 -0.000536436 -0.000162876 -0.00145498 -1.69261e-05 -0.000274582 -5.30985e-05 -3.45925e-05 -0.000803906 5.91532e-06 8.63689e-05 0.00245044 -7.89362e-05 -6.15212e-05 0.000553261 -0.000547933 0.000701917 0.000141794 0.000194031 -0.000485013 0.000204966 -0.000181162 -0.000135374 -0.000769154 -0.000119975 -0.000853145 0.00159481 -0.000704209 -0.00013743 -0.000269846 0.000586036 -5.92649e-06 -2.67469e-05 -0.000304039 -9.25261e-05 0.0030305 -0.000647102 0.000563062 -0.000137298 -0.00250693 -1.05805e-05 -0.000148402 0.00191696 0.00294924 -0.000126944 -0.000315825 -0.000928115 -0.000169916 
-0.00102326 -0.00451452 -0.000242885 -0.0621643 -0.000723801 -0.0211731 0.0649521 -0.0678884 -0.00266491 0.00298712 0.231022 0.0549839 -0.0550816 -0.0658746 -0.00178472 -0.00599223 0.0911826 -0.00319166 -0.00169942 -0.0268862 -0.00701461 0.0676262 -0.00997789 0.0502874 -0.156595 -0.0384717 0.0234205 0.104562 0.0974012 -0.0827143 -0.00518064 -0.0314116 -0.00698408 -0.0486492 0.0269911 -0.0100502 -0.102588 0.00474221 -0.00759102 -0.0198843 -0.000538371 -0.0391622 -0.0724793 -0.0160907 0.00144409 0.0162005 -0.00146051 -0.00139959 -0.0068865 -0.00663009 -0.00173164 -0.0146474 0.0144011 -0.0234095 -0.00790501 -0.0661936 -0.000471455 -0.00928643 0.0011302 -0.00127268 -0.0470183 0.00486281 -0.000112812 0.145384 -0.000977068 -0.0210815 -0.0208501 -0.0219845 0.0297382 -0.00149826 0.0089802 -0.0180118 -0.00335437 -0.00430936 -0.013553 0.0201001 -0.00505253 -0.0480832 0.0782864 0.00902536 -0.0105176 -0.0124179 0.0026893 -0.00613425 -0.00155256 -0.0101124 -0.00346215 0.16116 -0.0232093 -0.0244817 -0.00509086 -0.106781 -0.000325357 -0.00801263 0.0620094 0.163096 -0.00655354 0.020378 -0.0361688 0.0192465 
-0.00240723 -0.00602935 -8.69664e-05 -0.059953 -0.000909296 -0.0303111 0.0186597 -0.0214747 -0.00371911 0.00176193 0.0549839 0.24927 -0.0639147 0.00140211 -0.00555074 -0.00835726 -0.00602842 -0.00482911 -0.000296962 0.0160789 -0.0133263 -0.0419578 -0.0312678 0.0459649 -0.0190819 0.0417254 0.0310627 -0.0110002 -0.0376611 -0.0691765 -0.00381398 0.0142306 0.100844 0.054065 0.085634 0.0143856 -0.026938 -0.0168576 -0.00488158 -0.021284 0.00028157 -0.0271077 -0.0551948 -0.0231718 0.000991779 0.0245939 -0.0122321 -0.0023189 -0.00991841 -0.00799697 -0.00304665 0.0104614 -0.04516 -0.0281614 -0.0113149 0.0761387 -0.000786098 -0.00984123 -0.00377318 -0.00104517 -0.0613539 0.0046122 -0.0044946 0.0402759 -0.00303816 0.100393 0.0573655 -0.0244741 0.0458421 -0.00252145 -0.0703526 -0.0245444 -0.0045585 -0.0254909 0.00299521 -0.0630131 -0.00660306 0.0175721 0.0554911 -0.0367391 -0.0178945 0.0124122 -0.000693901 0.00593386 -0.00176174 0.0105936 0.00243959 0.0795102 -0.0261756 0.000633376 -0.000866212 -0.0401912 -0.000713428 -0.00538603 -0.00675012 0.0233508 -0.00974433 -0.0485892 -0.0463693 -0.0174525 
0.000571438 0.0019518 6.4429e-05 -0.0123184 -0.000144635 0.00306294 -0.0243736 0.00255701 0.000597316 -0.00121268 -0.0550816 -0.0639147 0.147672 0.0423995 0.0034972 0.00323377 -0.0209372 -0.000143574 -0.00142571 -0.0132723 -0.00383036 0.0131056 0.0204585 -0.041163 0.058284 -0.0302783 -0.0144195 -0.0441168 -0.037375 0.0608652 -0.00521128 0.00726252 -0.0542519 -0.0406247 -0.019335 -0.00230113 0.0535087 0.0174184 -0.00173388 -0.000224878 4.50513e-05 0.009243 0.0731087 -0.00169492 -0.000599977 -0.0126844 0.00804515 -0.000628184 0.00857073 -0.000872137 -0.000965254 -0.00647937 -0.00831631 0.0140532 0.000707153 -0.0434639 0.000560659 0.00334266 -0.000768182 -0.000443409 0.0403367 -0.00182461 -0.0080927 -0.0128402 -0.000471527 -0.048266 -0.00804847 0.0199987 -0.0158903 0.00146259 0.054593 0.0136497 -0.00272526 0.000611396 -0.00619674 0.00177921 0.00147765 0.00919389 -0.0836506 0.0482315 -0.00355364 -0.00581909 -0.00875456 0.00171491 0.000202647 -0.00394889 -0.000427882 -0.0373718 0.0397824 0.00171307 0.0050887 0.0452426 3.63866e-05 0.00636648 -0.0147434 -0.0380943 -0.00145116 -0.0152677 0.0454621 -0.00908554 
-0.00212156 0.00288947 -0.000276261 0.0169672 -0.00053732 -0.00413503 -0.0695 0.00202861 -0.00331764 -0.00351931 -0.0658746 0.00140211 0.0423995 0.209189 -0.00411501 -0.00176168 -0.0573392 -0.00566326 -0.00528828 0.0144985 -0.0129357 0.0047491 0.00971433 0.00379832 0.102138 -0.0334321 -0.0283733 -0.0958009 -0.0683822 0.0639781 -0.00911352 0.0243257 -0.0108904 0.0462747 -0.000142705 0.00633825 0.063324 0.00694226 -0.00393987 0.0154557 -0.000326983 0.00492437 0.0734594 -0.00627983 -0.00477351 -0.015421 0.00412059 -0.00195953 -0.00176344 -0.000195314 -0.00331436 0.00439114 -0.0364484 0.0184565 0.00263743 0.0359806 0.000284773 0.00779536 -0.000250526 0.000988724 0.0109542 -0.00450197 -0.0194877 -0.0509758 -0.00235135 -0.0198413 -0.0102283 0.0130763 0.000671561 -0.00078796 -0.00622453 0.00979073 -0.00776523 -0.0229162 0.00307102 -0.0198515 -0.00361301 0.0359404 -0.0485176 0.0245876 -0.00897358 0.00620867 -0.0444182 0.00390835 0.000909867 0.00221396 0.00189791 -0.0537592 0.017646 -0.0150614 0.00363415 0.0766838 -0.000136181 0.00700198 -0.0223408 -0.0691617 -0.00820927 -0.0101702 0.0164763 -0.0176388 
9.34381e-05 -0.000134175 2.39243e-05 -0.00134625 0.000119195 7.12063e-05 -0.00209926 -0.00154226 -5.52758e-05 3.91582e-05 -0.00178472 -0.00555074 0.0034972 -0.00411501 0.0117359 -0.000160781 0.00234707 -8.2935e-05 -0.000106043 -0.000692128 0.000318082 0.00214651 -0.000461968 -0.00223464 -0.00243805 -0.00152927 -0.000992392 0.0037962 0.00418349 -0.0023294 -0.00026179 -0.00102725 -0.00616455 -0.0036471 -0.00679075 -0.000598889 -0.00199252 0.000568868 -0.000263249 -0.00025767 4.41451e-05 0.00397294 -0.000312802 0.00129736 -1.62336e-05 -0.000791023 0.00028564 -5.77139e-06 0.000118513 -0.000190701 8.61863e-05 -0.000407998 0.00609128 -0.000192629 -0.000231546 -0.00338965 -1.34951e-05 -0.000273706 0.000336014 -3.25993e-05 -0.00105093 -8.68174e-05 -3.88957e-05 0.00133309 -1.82885e-05 -0.0038851 -0.00185633 -0.000704856 -0.00131199 -4.88875e-05 0.00625494 -0.000566548 0.00108748 0.00584439 -0.000125339 0.00450059 0.000463088 -0.000131732 -0.0032168 0.000719396 0.000414646 -0.000327332 0.00460886 -0.000180878 -4.80459e-05 -0.000347253 -9.16753e-06 -0.00237987 0.00149607 -0.000677666 -0.000151116 -0.00291095 4.47761e-05 -0.000281244 -6.2608e-05 0.0033109 -0.000145611 0.00190593 0.000980546 0.00094443 
0.00043129 0.000812593 2.73038e-06 0.00455289 -1.13324e-05 0.00576607 -0.00442032 -0.00116249 0.00502571 -3.29611e-05 -0.00599223 -0.00835726 0.00323377 -0.00176168 -0.000160781 0.0176927 -0.00673413 0.00457473 0.00400722 -0.00128754 0.00471069 -0.00910719 0.00171455 -0.00479883 -0.00183693 -0.00123497 -0.00132305 -0.00431268 -0.00487073 0.00561981 -0.000806315 0.00164299 -0.00865608 -0.00537529 -0.0027253 -0.00102556 0.00147032 -0.00145159 0.000743599 -0.000420898 0.000231157 0.00285905 0.00357947 0.00819438 -0.000147612 -0.000378783 -0.000375921 -3.74715e-05 0.00461889 0.000678116 6.61585e-06 -0.000388591 0.000292335 -0.0010894 0.00435185 -0.00744558 0.000184743 -0.000304977 5.57534e-05 0.000134966 0.00329189 -0.000191034 0.00400522 -0.00920529 -0.000138147 -0.00521634 0.000596354 0.00615176 -0.00188691 0.000231974 -0.00166232 0.00659701 -0.00015971 -0.000111245 0.00146812 -0.00221088 0.00367377 -0.000211903 -0.010271 -0.00101596 0.00511068 -0.000409638 -0.000258591 4.8563e-05 0.00161234 -0.000393056 -4.6232e-05 -0.00456743 -0.000192053 0.000878792 0.00137737 0.00466158 6.47475e-05 0.00277707 -0.0023575 -0.00577057 0.004606 0.000483933 -0.000222486 -0.000293364 
0.00116119 -0.00465976 -0.000359681 -0.0588169 -0.000176003 0.00671821 0.0274883 -0.0728892 -0.00280881 0.000683525 0.0911826 -0.00602842 -0.0209372 -0.0573392 0.00234707 -0.00673413 0.249992 -0.00323125 -0.004287 0.0150801 0.00495677 0.0142103 -0.0262923 0.0198631 -0.117718 -0.0216334 0.00274844 0.121189 0.112386 -0.0407067 -0.0169643 -0.0214436 -0.0729755 -0.120763 -0.0125493 0.00665449 -0.10302 0.0116685 -0.00537452 -0.0233099 0.000214758 -0.00945114 -0.0158382 0.00746602 0.00307162 -0.0254882 0.000874232 0.00116494 -0.00643013 -0.00798509 0.00269812 -0.00308863 0.0397515 -0.030585 -0.00271475 -0.124544 -0.000336612 -0.0110747 0.00219402 -0.00152791 -0.0517195 0.00441233 -0.0240523 0.0687607 0.00357071 -0.0399813 0.0186102 -0.0135509 0.0296277 0.000262186 0.0236867 -0.0175318 0.00555078 0.0133295 0.00623383 0.0410439 -0.00206274 -0.0157387 -0.000593805 0.0305209 -0.00277712 -0.0144406 0.0347328 -0.00551452 -0.00192079 -7.56984e-06 -0.00336701 0.0598933 -0.00304048 0.0141827 -0.00467875 -0.035248 0.000140934 -0.00526514 0.0363979 0.116778 0.00264279 0.0405054 -0.00954315 0.0144686 
0.000291228 -6.17334e-05 5.26249e-05 -0.000936121 -2.52821e-06 0.00728583 -0.00391809 0.000490672 0.00577762 -4.8456e-05 -0.00319166 -0.00482911 -0.000143574 -0.00566326 -8.2935e-05 0.00457473 -0.00323125 0.0094106 0.00352667 0.000513659 0.00747673 -0.00697854 -0.000624947 -0.00236001 -0.00379964 -0.00170475 -0.00102313 -9.53196e-06 -0.00178641 -0.00151842 -0.000435415 -0.000823514 -0.0056187 -0.00277728 -0.00643061 -0.000570718 -0.00275266 -0.000897654 -5.74768e-05 -0.000470191 4.24338e-05 0.0076093 -0.00217723 0.00542673 -0.000109321 0.00197635 -0.000176258 0.00114934 0.00594848 0.00156811 0.000305701 -0.000128787 0.00336385 -0.000277188 0.000605455 -0.00394199 7.8972e-06 -0.000258387 -6.6222e-05 -2.3512e-05 0.000878071 -0.000103866 0.006365 -0.00530061 7.09129e-05 -0.00343548 -0.00156443 -0.000553849 -0.00111347 0.000224487 -0.00122161 0.00219208 -0.00016367 0.0024364 0.0027658 -0.000997258 0.00393917 -0.00114572 -0.00574405 -0.000893315 0.00469789 -0.000319523 -0.000333503 -0.000118072 -3.58386e-05 -0.000251141 6.10895e-06 -0.00263335 -0.00058716 -0.000689103 0.000356658 -0.00198697 6.44263e-06 -0.00021311 -0.00116439 -0.00118959 0.00705975 0.00387187 -0.000174716 -0.000433658 
0.000263401 -0.000141762 2.89436e-06 -0.0010062 -1.77676e-05 0.00251456 9.43545e-05 0.00150147 0.00373447 6.28853e-05 -0.00169942 -0.000296962 -0.00142571 -0.00528828 -0.000106043 0.00400722 -0.004287 0.00352667 0.0112718 0.000433015 0.0031172 -0.00454916 -0.000586362 -0.000441729 -0.00451477 0.000701947 -0.000241835 -0.0028383 -0.00322527 -0.00260311 0.00119272 0.000233696 -0.000608245 -0.00113695 -0.000902467 -0.000294509 -0.00207192 -0.000804938 -0.000247269 -0.0006035 4.61847e-05 0.00310412 -0.00303169 0.00276845 6.3542e-05 0.000538655 -0.000246012 -4.05973e-05 0.00271862 -0.000116805 3.51687e-05 0.00117356 0.000247834 -0.000645263 0.000543573 -0.00198429 2.20913e-05 -0.00031049 -6.82762e-05 -3.45148e-05 -0.000922686 5.81294e-05 0.00445163 -0.00224036 -9.61522e-05 -0.000484149 0.00232947 0.000194952 0.00196315 0.000152345 -0.00239043 -0.00024257 -0.000161052 0.000429954 0.00236823 -0.00138483 0.00328421 -0.000402126 -0.00245681 -0.00156401 0.00149395 -4.20368e-06 0.0039892 0.000107087 -3.70608e-05 -0.000221204 3.83229e-05 -0.000496741 -0.000704802 0.00091226 -4.89242e-06 -0.00275339 -1.21847e-05 -0.000231895 -0.00154397 -0.002739 0.00320827 -2.85668e-05 -0.000774851 -0.000585923 
-0.000250417 -0.000659267 3.86607e-05 -0.0104483 -8.12526e-05 0.0150236 -0.034672 -0.0223194 -0.000374303 -0.000321041 -0.0268862 0.0160789 -0.0132723 0.0144985 -0.000692128 -0.00128754 0.0150801 0.000513659 0.000433015 0.0905982 0.012176 -0.0392301 -0.00691465 -0.0266783 0.0172906 -0.0193723 -0.00785728 -0.00349889 -0.0106769 0.0203216 -0.00341821 0.0332717 -0.0102315 -0.0102443 -0.00245746 0.0209756 -0.0241391 -0.00592601 -0.00157943 0.000783124 0.000101057 0.0346728 0.0374116 0.00780931 -0.000915296 -0.00733493 -0.002187 0.00270296 -0.00118798 0.000473047 0.00398358 0.0206113 -0.00107958 -0.0028727 -0.000821597 0.0219847 -0.000170976 -0.00167625 -0.000403695 -0.000232594 -0.0200679 -9.50206e-05 -0.00428653 -0.0471378 0.00112296 -0.0157184 0.0379516 -0.00533954 -0.00371564 0.000180515 -0.0177144 -0.00332745 -0.0010959 -0.00318418 0.0293855 -0.00653556 -0.00030112 0.0534458 -0.0597466 -0.0116807 0.000880687 -0.00217294 -0.00169657 0.00143646 -0.000208455 0.000708843 -0.000620803 -0.0162926 -0.00136126 -0.00728544 0.0017735 0.0304409 0.000265196 0.00263303 -0.0107025 -0.0111905 0.00726736 0.0107304 -0.00845011 -0.00275711 
0.000183737 -0.000199141 7.68803e-05 -0.00233641 0.000487319 0.0211324 -0.00863652 -0.0038135 0.00520517 -3.03781e-05 -0.00701461 -0.0133263 -0.00383036 -0.0129357 0.000318082 0.00471069 0.00495677 0.00747673 0.0031172 0.012176 0.0267594 -0.0082768 -0.00178319 -0.00707717 -0.0129927 -0.00515828 -0.00204115 0.0121513 0.00950826 -0.0050561 -0.00108306 -0.00241276 -0.0167195 -0.00892245 -0.0153527 -0.00160132 -0.0085867 -0.00172192 -0.000481703 -0.00134845 3.94597e-05 0.0195356 -0.00205 0.0155464 -0.000161412 0.000361334 -0.000431165 0.00351446 0.00571558 0.00226931 0.00426776 1.44726e-05 0.0108588 -0.00170535 0.000381099 -0.0112638 -2.17739e-05 -0.000818974 0.000435837 -9.06467e-05 -0.00281827 -0.000213603 0.0052236 -0.0120406 0.00145896 -0.0101804 -0.00451034 -0.00136485 -0.002657 0.000799865 -0.00275755 0.00192091 -0.000161132 0.00659862 0.0099448 -0.000333642 0.0039009 -0.00346555 -0.0160012 -0.00275471 0.00824969 -0.000948521 0.00152459 -0.000505703 -5.4846e-05 -0.000792157 -0.00017205 -0.00520825 -0.00175832 -0.00203324 3.37426e-05 -0.00640932 0.000314036 -0.000575042 -0.00137123 0.0079453 0.0150762 0.0178375 -0.00246898 -0.00119031 
-0.000984529 -0.00556173 -0.000432538 0.000561758 -0.000557001 -0.0132104 0.0639999 -0.0423463 -0.00479317 -0.000255151 0.0676262 -0.0419578 0.0131056 0.0047491 0.00214651 -0.00910719 0.0142103 -0.00697854 -0.00454916 -0.0392301 -0.0082768 0.18844 0.00815767 -0.001487 -0.0506615 -0.0676148 0.0161139 0.0340592 0.0606717 -0.0251424 0.00928974 -0.044691 -0.0192037 -0.0137756 -0.00585456 -0.023918 0.0120887 0.0213251 -0.0111069 0.00137469 -0.00105285 -0.0157596 -0.00245842 -0.00970269 -0.00412048 -0.00681825 0.00439363 -0.00206021 -0.00652932 -0.00771214 -0.00294071 -0.0244995 0.0172047 0.00615897 -0.00682512 -0.0365582 0.000299581 0.00408571 0.00176988 -0.000389387 -0.0186565 -0.00248156 -0.0131147 0.108722 0.000419858 -0.0482169 -0.0780828 -0.00256231 -0.0102727 -0.000508186 0.0486085 -0.0125005 0.00241988 0.00185956 -0.0174489 0.0312214 -0.00441961 -0.0556576 0.03889 0.0263474 -0.0158492 -0.0164104 0.00242037 -0.0021586 -0.00293057 -0.0188772 -0.00234099 0.0505304 0.0031233 -0.0186524 -0.00811912 -0.0728266 -5.59898e-05 -0.0142857 0.0328645 0.0769299 -0.00781057 0.0135237 0.0135391 0.0101098 
0.000500296 0.00577393 8.41922e-05 0.00790778 0.000420705 -0.002557 -0.0114078 0.00996466 -0.000607897 -0.000342875 -0.00997789 -0.0312678 0.0204585 0.00971433 -0.000461968 0.00171455 -0.0262923 -0.000624947 -0.000586362 -0.00691465 -0.00178319 0.00815767 0.0682755 -0.00853807 0.0100009 -0.0137476 -0.00615396 -0.0141047 -0.014873 0.0317677 0.0038399 0.00735472 -0.00905343 -0.0120649 0.00268736 -0.00215402 0.00951038 0.0105029 0.00566275 0.00467351 5.11531e-06 -0.00670749 0.0153146 -0.00237122 -0.000694775 -0.00284815 0.00803107 -0.000264827 0.000958651 0.000510362 -0.000422482 -0.00288638 -0.0065857 0.0043437 -0.00086716 -0.00874126 0.000453339 0.000180954 0.00116303 0.0003887 0.0316427 -0.00077494 -0.00343581 -0.00252342 -0.000584511 -0.024324 -0.0118555 0.000187776 -0.0063892 0.00139251 0.0142959 0.00647975 -0.000954115 -0.00645903 -0.0021782 -0.000363077 0.00208251 -0.00317483 -0.019143 0.00727802 0.000153441 -0.00254137 -0.0047034 -0.000101584 0.000532743 -0.00218731 -0.000676842 -0.010259 0.0155038 -0.00504959 0.000994727 0.00681182 5.48593e-05 0.00115144 -0.00489694 -0.0147439 -0.000727246 -0.00387788 0.00272948 -0.00378467 
-0.0012439 -0.00284987 0.00023663 -0.0303121 -0.000621376 -0.0166376 -0.0189141 0.00771963 -0.00175265 -0.0022318 0.0502874 0.0459649 -0.041163 0.00379832 -0.00223464 -0.00479883 0.0198631 -0.00236001 -0.000441729 -0.0266783 -0.00707717 -0.001487 -0.00853807 0.211847 -0.0518872 0.0249631 -0.00689014 -0.0224363 0.0188344 -0.054198 0.00590169 -0.0206611 0.030649 0.0266035 0.00694146 -0.0129977 -0.0369969 0.00871743 -0.00361114 -0.0129568 0.000517166 -0.031144 -0.0810348 -0.0129626 -0.000922054 0.0188673 -0.00407111 -0.00133929 -0.00543666 -0.00307917 -0.00135377 -0.0068596 0.014448 -0.0151172 -0.00628773 -0.0170104 -0.000312926 -0.0066709 0.00141998 -0.000451424 0.00263818 0.000884354 0.000183192 0.0619061 0.00221181 0.0424123 -0.0129262 -0.0151748 0.0408913 -0.00185696 -0.00133904 -0.0148319 0.00787274 0.0295628 -0.0128805 -0.016573 -0.00148948 -0.0333061 0.0873164 -0.0199163 -0.0105622 -0.00074926 0.00191418 0.00367094 -0.00125012 0.00240893 -0.000377665 0.0209478 -0.0181739 0.0100481 -0.00393795 -0.0562002 -0.000218339 -0.00412925 0.0138417 0.0313368 -0.00540388 -0.0068639 -0.0293156 -0.00412028 
-0.000956732 0.00426059 0.000210298 0.0482853 -6.41604e-06 -0.0122392 -0.0626376 0.0653846 -0.00355347 -0.0039949 -0.156595 -0.0190819 0.058284 0.102138 -0.00243805 -0.00183693 -0.117718 -0.00379964 -0.00451477 0.0172906 -0.0129927 -0.0506615 0.0100009 -0.0518872 0.249699 0.0186975 -0.0216454 -0.140981 -0.123991 0.0985213 0.00972008 0.0383823 0.0361176 0.0869066 0.00198869 0.0118727 0.122577 -0.00453324 0.00200747 0.0263816 -0.000522708 0.012286 0.0853678 -0.0125695 -0.00190011 -0.0189318 -0.00190963 -0.00215311 0.00292903 0.00299504 -0.00291306 0.00805986 -0.0518102 0.0303258 -0.00170847 0.11758 -0.000127767 0.0125155 -0.00259082 0.00160362 0.0630186 -0.00459903 -0.00401946 -0.13165 -0.00376872 0.0306791 0.0028211 0.00820214 -0.0289915 -0.00193786 -0.0250713 0.0109669 -0.00755966 -0.0252813 0.000348427 -0.032072 -0.00229332 0.0601952 -0.0634166 0.000166629 -0.00720901 0.0162469 -0.0426744 0.00525263 0.0010195 0.0103221 0.00477977 -0.110711 0.029255 -0.00825319 0.0065039 0.126053 -0.000132369 0.00754147 -0.0635505 -0.17314 -0.00842962 -0.0480042 0.0432506 -0.0230432 
0.000305204 -0.00185396 0.000278655 0.0308577 -0.000227017 -0.00792333 0.000915885 0.0772939 -0.00148697 -0.000270147 -0.0384717 0.0417254 -0.0302783 -0.0334321 -0.00152927 -0.00123497 -0.0216334 -0.00170475 0.000701947 -0.0193723 -0.00515828 -0.0676148 -0.0137476 0.0249631 0.0186975 0.165468 -0.00632107 -0.0121163 -0.040192 -0.0406672 -0.00105159 -0.0134754 0.0547179 0.0515087 0.0254952 -0.00676225 0.0135171 -0.0192857 0.00687564 -0.00865958 0.00067576 -0.0166946 -0.0541704 -0.00512342 0.00375364 0.00690081 -0.00487245 -0.000799373 -0.00390691 0.00100094 -0.000890967 0.000932801 -0.0221649 -0.0122365 -7.91789e-05 0.0351378 -0.000191588 -0.00532525 -0.00162526 -0.000297302 0.0145013 0.00148814 0.0200801 -0.051186 -0.00106803 0.104338 0.0195759 -0.00254933 0.017822 -0.00053415 -0.0453773 -0.00759193 -0.00335684 -0.00169767 -0.00542329 -0.0217057 -0.000714579 -0.013352 0.0513089 -0.0248741 -0.000677358 0.0207546 0.00375094 0.000488943 -0.000436592 0.0131325 0.00413017 -0.0352804 -0.0119921 0.0344635 -0.00232423 -0.0021481 -0.000294905 -0.00369768 -0.026833 -0.0462292 -0.00374584 -0.0209889 -0.00128481 -0.00934562 
-0.000547702 -0.00136762 -0.000113898 -0.0193009 -0.000221663 -0.00638435 0.0434661 -0.0285541 -0.000919809 0.00213872 0.0234205 0.0310627 -0.0144195 -0.0283733 -0.000992392 -0.00132305 0.00274844 -0.00102313 -0.000241835 -0.00785728 -0.00204115 0.0161139 -0.00615396 -0.00689014 -0.0216454 -0.00632107 0.0963264 0.0243065 -0.00863102 -0.0251247 0.00140185 -0.00906874 0.0184668 0.0117007 0.0277703 0.00224373 0.00846117 -0.00793343 -0.0019625 -0.00596322 -0.000115352 -0.0122404 -0.0173538 -0.00440446 0.000458301 0.00871572 -0.00175824 -0.000411291 -0.00200681 -0.00125696 -0.000602354 -0.00202271 -0.0110274 -0.00695347 -0.00237958 0.00407191 -0.000154929 -0.00321981 -0.000321837 -0.000197225 -0.0216766 0.00452475 -0.00243999 0.0346779 -0.000846752 0.0378388 0.00138099 0.000455741 0.00319634 -0.000521391 -0.0205272 -0.00536307 -0.00191714 -0.0101057 -0.00359742 -0.0117932 -0.00176497 -0.0117914 0.0107781 -0.0142868 -0.00406661 -0.00201719 0.00633524 -0.00141281 -0.000442933 -0.00270947 -7.7232e-05 0.033049 -0.00673443 0.00280221 -0.0013245 -0.0299678 -0.000157334 -0.00262112 -0.0100272 0.0157894 -0.00191232 -0.0106665 -0.00811353 -0.00501696 
0.000667011 -0.00266855 -0.000179045 -0.0254109 0.000360532 0.0147413 0.0606276 -0.0574466 -0.00189343 0.001379 0.104562 -0.0110002 -0.0441168 -0.0958009 0.0037962 -0.00431268 0.121189 -9.53196e-06 -0.0028383 -0.00349889 0.0121513 0.0340592 -0.0141047 -0.0224363 -0.140981 -0.0121163 0.0243065 0.211702 0.115355 -0.0622385 -0.0110587 -0.0267992 -0.0514117 -0.085002 -0.0196235 -0.00951229 -0.085557 -0.0112 -0.000108072 -0.0161701 -0.000251121 0.00134536 -0.0457222 0.0145552 0.00301307 -0.00565005 0.00113373 0.00271988 -0.00359249 -0.00131967 0.0035097 -0.00766355 0.0378994 -0.0197885 0.000757306 -0.0842369 -0.000321049 -0.00901327 0.00198857 -0.00110332 -0.0561975 0.00686432 -0.00389796 0.0745076 0.00160101 -0.020345 -0.0020427 -0.00940384 -0.0024848 0.00150286 0.000809397 -0.00716662 -0.00148735 0.0129278 0.000217011 0.039414 -0.00166989 -0.0385098 0.0304578 0.00582589 0.00881279 -0.0104342 0.0269329 -0.00581544 -0.00109472 -0.00780947 -0.00279066 0.0741318 -0.0183609 0.00432857 -0.00430938 -0.0724081 7.95878e-05 -0.00671236 0.0334451 0.12704 0.00572491 0.0558966 -0.025986 0.0127455 
-0.000554178 -0.00366511 -0.000220465 -0.0382301 5.64489e-05 0.00354098 0.0276453 -0.046292 -0.00235718 0.00110552 0.0974012 -0.0376611 -0.037375 -0.0683822 0.00418349 -0.00487073 0.112386 -0.00178641 -0.00322527 -0.0106769 0.00950826 0.0606717 -0.014873 0.0188344 -0.123991 -0.040192 -0.00863102 0.115355 0.210402 -0.0669599 -0.0106764 -0.026926 -0.0368651 -0.0900738 -0.0572837 -0.0140471 -0.0915228 0.0148631 -0.00628952 -0.0123097 -0.000443936 0.0111244 -0.047259 0.00658375 0.00207144 -0.0172115 0.00655223 0.00196298 -0.00455102 -0.00418593 0.00298132 -0.011573 0.0665978 -0.00538393 -0.00637484 -0.0929838 -0.000377648 -0.00348944 0.00248116 -0.00102325 -0.0574947 -0.00238159 -0.017706 0.0787332 0.0047723 -0.0680553 -0.0321694 -0.0176635 -0.00552173 -0.000536708 0.0497286 -0.0140024 0.0101877 0.0362162 -0.00238401 0.0520062 -0.000113472 -0.037694 0.0612789 0.0182956 0.00317199 -0.00874809 0.033547 -0.00594673 -0.00121093 -0.00862175 -0.00245548 0.0510933 -0.0182534 -0.00789109 -0.00368939 -0.0803086 0.000478646 -0.00659426 0.0628548 0.143468 0.00453572 0.0600869 -0.0258549 0.0293281 
0.000129527 0.00841318 -4.73159e-05 0.0343264 0.00058068 0.0125856 -0.0686561 0.014326 -0.00091099 -0.00221853 -0.0827143 -0.0691765 0.0608652 0.0639781 -0.0023294 0.00561981 -0.0407067 -0.00151842 -0.00260311 0.0203216 -0.0050561 -0.0251424 0.0317677 -0.054198 0.0985213 -0.0406672 -0.0251247 -0.0622385 -0.0669599 0.17951 -0.00195504 0.0409706 -0.0415632 -0.0109694 -0.00888894 0.00918863 0.0563528 0.0140855 0.00588692 0.0327756 7.35844e-05 4.0469e-05 0.101669 0.00520174 -0.00164066 -0.0175019 -0.00122176 -0.000793956 0.0055484 0.00525054 -0.00115321 0.00133084 -0.0252607 0.02751 0.0117756 0.00545754 0.000690338 0.01701 0.000790088 0.00125066 0.0658014 -0.00252601 -0.0153646 -0.0940007 -0.00197093 -0.060641 0.00603522 0.0282827 -0.0253541 0.00121269 0.00358456 0.0333988 -0.00203392 -0.0228483 -0.00262935 -0.0246555 0.000411112 0.0456416 -0.101443 0.0144089 0.00671564 -0.00637167 -0.0234728 -0.00201946 0.00248937 -0.00280602 -0.00125817 -0.064096 0.0338798 -0.0116967 0.00567113 0.125395 1.26079e-05 0.0164068 -0.0314477 -0.09315 -0.00367436 -0.0194418 0.020712 -0.00974371 
-0.000249074 -0.00054592 4.94699e-05 0.00305909 -7.09544e-05 -0.00277223 0.0155302 0.00646899 -0.000408906 2.21854e-05 -0.00518064 -0.00381398 -0.00521128 -0.00911352 -0.00026179 -0.000806315 -0.0169643 -0.000435415 0.00119272 -0.00341821 -0.00108306 0.00928974 0.0038399 0.00590169 0.00972008 -0.00105159 0.00140185 -0.0110587 -0.0106764 -0.00195504 0.0475172 -0.00112693 0.0129053 0.0118071 0.00655151 -0.00269756 0.00770435 -0.00114369 0.000870338 0.0028037 -5.81754e-05 -0.00385339 -0.00920667 -0.00224099 -0.000449333 0.000430977 -0.00111297 -0.000226008 -0.000500429 -5.86275e-05 -0.000299214 -0.00085041 -0.00519385 0.000280064 -0.00105125 0.0154719 -8.30831e-05 -0.00101353 -0.000109182 0.00058036 0.0124348 -0.000460899 0.00204704 0.00114622 -0.000311938 0.00332428 -0.00646267 -0.00299391 0.000332482 -0.000323143 -0.00580538 -0.00225372 -0.000681631 -0.00378854 -0.001912 -0.00486845 -0.000715448 -0.00485022 0.0102141 -0.00564974 -0.00192528 -0.00136719 -0.00229022 0.000460573 -0.000223294 -0.000235195 -0.000300343 0.00299134 -0.00228723 -0.00301552 -0.000424076 -0.00892371 -6.40984e-05 -0.000653784 -0.00610497 -0.0144755 -0.000940202 -0.00515246 0.00229105 -0.00282724 
-0.000480367 0.00129892 -5.16956e-05 -0.00527968 -2.08719e-05 -0.00398283 -0.0342518 -0.0191938 -0.000532869 -0.000431897 -0.0314116 0.0142306 0.00726252 0.0243257 -0.00102725 0.00164299 -0.0214436 -0.000823514 0.000233696 0.0332717 -0.00241276 -0.044691 0.00735472 -0.0206611 0.0383823 -0.0134754 -0.00906874 -0.0267992 -0.026926 0.0409706 -0.00112693 0.0816924 -0.00302778 -0.00484497 0.0214435 0.0125865 0.0133833 0.000632027 -0.00123853 -0.00106863 7.60057e-05 0.00395267 0.0308515 -0.000625161 -5.71538e-05 -0.00650821 -0.00200236 -0.000396626 -0.00112317 0.00417718 -0.00054029 0.0144169 -0.00974206 -0.0056631 0.00063499 0.0166518 -6.3311e-05 -0.00240364 -0.000644556 -1.77269e-06 0.01109 -0.00041265 -0.00589509 -0.0429075 -0.000759435 -0.0165345 0.0391372 -0.00363568 -0.00709916 -0.000549484 -0.00963062 0.00447534 -0.000554117 -0.00897157 0.00847395 -0.0097179 -0.00163967 0.053123 -0.0507968 -0.0116583 0.0054501 -0.00130034 -0.00449066 -0.000275988 0.00238743 0.0013147 -0.000885486 -0.0195824 0.0120878 -0.00643775 0.00571213 0.0489227 -2.94082e-06 0.0131933 -0.0122324 -0.0374993 -0.00166782 -0.00923841 -0.00215459 -0.00426533 
-0.000919802 -0.00333808 -7.00408e-05 0.00590393 -0.000836348 -0.0373071 0.04 0.0561661 -0.00544787 0.000989105 -0.00698408 0.100844 -0.0542519 -0.0108904 -0.00616455 -0.00865608 -0.0729755 -0.0056187 -0.000608245 -0.0102315 -0.0167195 -0.0192037 -0.00905343 0.030649 0.0361176 0.0547179 0.0184668 -0.0514117 -0.0368651 -0.0415632 0.0129053 -0.00302778 0.229829 0.0929726 0.0633631 0.00136553 -0.0059666 -0.0142661 -0.00108269 0.010754 -0.000299207 -0.02263 -0.0506932 -0.0283477 0.000211129 0.0163767 -0.0086454 -0.00293269 -0.0101353 -0.00521179 -0.00384665 0.00643316 -0.0441031 0.0138092 -0.0136501 0.108254 -0.000836995 -0.00318341 -0.00403886 0.000608527 -0.0223211 -0.00205667 0.00017852 -0.0075357 -0.00294647 0.102682 0.0206041 -0.0291304 -0.0040408 -0.00342253 -0.0450439 -0.0270993 -0.00324615 -0.0193464 -0.0120456 -0.0553681 -0.00325323 0.00327808 0.10549 -0.0583859 -0.0190776 0.0117582 -0.00505672 0.000815178 -0.00216376 0.0048375 0.000998068 0.0212303 -0.0259928 0.0108168 -0.00143376 -0.0230117 -0.000778922 -0.0125941 -0.0218221 -0.0388796 -0.011721 -0.0626458 -0.0261437 -0.0148474 
-0.00148728 0.000365289 -5.96081e-05 0.0489611 -0.000500807 -0.0194758 -0.00363806 0.0472373 -0.00280678 -0.00144677 -0.0486492 0.054065 -0.0406247 0.0462747 -0.0036471 -0.00537529 -0.120763 -0.00277728 -0.00113695 -0.0102443 -0.00892245 -0.0137756 -0.0120649 0.0266035 0.0869066 0.0515087 0.0117007 -0.085002 -0.0900738 -0.0109694 0.0118071 -0.00484497 0.0929726 0.220109 0.0288499 -0.0165888 0.0787431 -0.0184033 -0.00674629 0.0234688 -0.000454576 -0.0145141 -0.0423846 -0.01385 -0.000904193 0.0231112 -0.00740284 -0.00143535 -0.00587359 0.000787449 -0.00199516 0.00329738 -0.0352519 0.0114244 -0.00635774 0.12771 -0.000358758 0.00200405 -0.000734953 0.00202772 0.00475529 -0.00310882 0.0218376 -0.0406927 -0.00269967 0.102697 -0.0249754 -0.00428057 -0.00859847 -0.00209354 -0.0655041 -0.0145918 -0.00488158 -0.0125097 -0.00464166 -0.0321382 -0.00435247 -0.00513453 0.0693325 -0.0434791 -0.00987513 0.0171823 -0.0282414 0.00424416 -0.00133981 0.00654621 0.00454421 -0.0366635 -0.0183807 -0.0135143 -0.00352316 -0.000965044 -0.000167272 -0.00456913 -0.038832 -0.0766704 -0.00616243 -0.0320379 -0.00854181 -0.0163664 
