0.128692 -3.77445e-05 -0.0015373 0.000411196 -0.00067727 -0.000207397 -0.0349094 0.0044468 -0.0022534 -0.00795741 0.0018679 0.000440363 -0.0003779 0.00150294 0.00255871 0.0127339 -0.000966503 -0.00395751 -0.00141844 -0.0217693 0.0147885 0.00623445 -0.00749421 0.0483891 -0.00247394 -0.00137327 -0.0102311 -0.000380378 -0.0720064 -0.000131713 -0.00100818 -0.000959104 -9.11549e-05 0.0430136 -0.0139386 0.0156362 -4.08426e-05 -1.58797e-06 0.0211934 -0.000134255 -0.000969482 -0.00217901 0.000166673 -0.00165106 0.00137454 -0.04954 -0.00014987 -0.000117546 -0.000120745 -0.027164 0.000537642 0.000479883 -0.000281534 0.000139475 -0.00778518 0.00896854 0.00243172 0.00383551 -0.00571934 -5.42604e-05 -0.0023744 -0.00758278 0.026287 -0.0022898 -4.38845e-05 -0.00155513 0.00478089 0.000624357 -0.00114096 -0.000688174 -0.000309456 -1.07687e-05 -0.000853944 -0.000512048 0.00254087 -0.0391857 -0.000277301 -6.38705e-06 0.000260052 0.011478 -0.000117576 -0.000420621 -0.000662174 -0.00184338 -0.00030691 -0.000524367 -0.00415927 0.00956863 3.44318e-06 0.00378593 -0.00456877 1.13792e-05 -0.00145829 -0.000379827 -0.000626682 -0.00374904 -0.0158979 -0.00429394 0.000585811 -0.00186388 
-3.77445e-05 0.000315317 -8.24853e-06 3.1137e-05 3.3795e-05 4.34656e-07 -8.33002e-05 -0.000114554 0.000100639 -5.93042e-05 -0.000128522 3.82726e-05 7.64123e-07 4.96016e-06 -0.000138772 4.84801e-05 3.47588e-05 0.000107304 9.91506e-05 -0.000132069 3.12614e-06 -2.86194e-05 -1.11031e-05 4.19818e-06 0.000128369 -0.000142676 -9.57602e-05 9.68459e-05 -5.83045e-05 -5.05445e-07 7.45363e-05 -4.65941e-07 1.31806e-06 -5.13306e-05 -0.000108557 1.5694e-05 1.67399e-06 -8.58249e-09 -0.000104459 1.0872e-05 -2.13093e-06 8.3441e-05 2.77421e-07 7.75654e-06 1.08783e-05 -9.85778e-05 1.40818e-05 2.97647e-07 2.33616e-08 6.46101e-05 -2.9099e-08 1.54632e-06 1.54326e-06 6.30201e-06 -3.04726e-05 -0.000113493 5.98706e-05 2.3139e-05 -4.69767e-06 3.60534e-08 6.95274e-05 2.01469e-05 -1.18302e-05 2.00064e-05 2.44167e-06 -4.47177e-06 -6.54506e-06 -6.11836e-06 -2.41163e-06 -2.96727e-06 -1.0536e-06 4.78861e-07 2.38938e-05 -1.38606e-06 5.40217e-06 3.51489e-05 3.10547e-05 5.81722e-07 -3.38872e-06 -0.000117237 -1.85307e-07 1.6536e-06 -3.17129e-06 0.0001138 -1.01366e-07 5.49547e-06 -1.33089e-05 1.49519e-05 -8.52466e-09 -0.00014469 1.21203e-06 3.32757e-08 4.96359e-05 9.25926e-06 2.07205e-05 5.1417e-06 -1.06141e-05 -9.59915e-06 -7.06065e-08 3.6826e-05 
-0.0015373 -8.24853e-06 0.0298227 -0.000483311 -0.000406376 0.000449448 0.00175498 0.00432856 -0.000425874 -0.0109052 0.00264091 -0.000249239 -6.76483e-05 0.000351408 3.3248e-05 -0.0028226 -0.000134265 -0.000719622 -0.000448063 0.00240498 -0.00234695 -0.00259711 0.00170156 -0.00232449 -0.000619239 0.000900048 -0.000402525 -0.000250581 0.00294006 -3.18304e-05 -0.00019401 2.14333e-05 4.81074e-05 0.00254204 0.00356515 -0.000568506 2.22802e-05 -1.1057e-07 0.0100884 -2.98271e-05 0.000372367 2.96882e-05 5.82001e-06 0.00146719 -0.000111365 -0.0107237 -3.2968e-05 2.27879e-06 -7.16655e-05 0.00313411 -9.76956e-05 -4.99726e-05 6.74047e-05 -0.000159796 -0.00188675 -0.016017 -0.00056634 -0.000248141 -0.000983893 1.79418e-05 -0.000751946 -0.00159692 -0.00236731 0.00157728 -9.5312e-06 -4.58015e-05 -0.000550074 -0.000593416 0.000375896 -0.000399503 7.14222e-05 7.72239e-07 -0.000165395 0.000426422 -0.000351863 0.00924062 -5.34445e-05 -2.27291e-06 -0.00414617 -0.00708015 0.000383112 1.02421e-05 0.000311278 -0.000382943 0.000270151 -0.00010396 0.00145247 -0.0010143 3.31738e-07 -0.00220556 0.000661635 -3.61135e-07 -0.000275644 1.22198e-05 -0.000128353 0.00139897 -0.00630965 0.000234422 -4.07983e-05 0.00195818 
0.000411196 3.1137e-05 -0.000483311 0.0166116 0.0112859 -2.1365e-05 -0.0109492 -0.00913076 0.00164416 -0.00785537 -0.0121326 0.00290241 8.13477e-05 0.00136401 -0.00822565 2.32336e-05 0.00714696 0.00101173 0.01368 -0.0135401 3.57408e-05 0.000261864 -0.000581045 0.0106223 0.00668977 -0.0146373 -0.00696198 0.00149904 -0.0113501 -2.3177e-05 0.00113766 0.00337553 -1.88532e-05 -0.00163579 -0.0136938 0.00843837 3.38494e-05 1.4569e-06 -0.00594408 0.00050749 0.000457999 0.000612583 0.000151874 -0.000250138 0.00195009 -0.00414477 0.000386011 -2.32922e-06 0.00210732 -0.0029532 0.000444585 0.000862329 0.0001795 0.0039011 -0.000775553 -0.010298 0.00371472 0.00315268 0.00595347 0.000340973 0.00798457 0.00745017 0.0127129 0.00163222 4.883e-05 -0.000319411 -0.000413793 0.000482425 -0.000180376 0.000207588 5.87424e-05 3.00405e-05 0.00447073 -2.76292e-05 -0.000296076 -0.00342762 4.31464e-05 2.02971e-05 -0.00252957 -0.00711725 -1.33422e-05 0.00046849 -0.000372904 0.00399009 4.97333e-06 0.00391682 -0.000933033 0.00388011 1.46233e-05 -0.0139659 -0.000238586 1.49121e-06 0.00463892 0.00195425 0.000817098 -0.000881199 -0.00356049 -0.000584007 0.00145575 0.00117351 
-0.00067727 3.3795e-05 -0.000406376 0.0112859 0.014602 -4.25724e-06 -0.00970536 -0.00742241 0.00316115 -0.00789507 -0.0113989 0.00163878 0.000110591 0.000502555 -0.00777415 0.000655596 0.00778406 0.00135639 0.0130791 -0.0124486 -0.00134172 -0.000135148 -0.00055438 0.00905413 0.00765619 -0.0134423 -0.00778475 0.00106462 -0.0101497 -1.5838e-05 0.00105531 0.00215459 -1.42784e-05 -0.000994277 -0.0118 0.00672279 5.94284e-05 -3.09966e-07 -0.00537332 0.000472676 0.000416913 0.000283626 8.04567e-05 -0.000209192 0.00184694 -0.0030352 0.000197886 -2.52493e-06 0.0020853 -0.00196722 0.000372052 0.000755952 0.000433795 0.00425929 -0.000470127 -0.0105615 0.00347188 0.000566882 0.00624354 0.000324337 0.00932708 0.00672484 0.0103276 0.000966738 1.60828e-05 -0.000279402 -0.000314963 0.000497438 -0.000161803 6.91798e-05 0.000142268 2.81474e-05 0.00478345 3.24987e-05 -0.000238932 -0.00207331 4.19407e-05 9.48472e-06 -0.00213284 -0.00812441 -1.06971e-05 0.000476809 -0.000299464 0.00470427 2.77908e-05 0.00385661 -0.000786338 0.00151428 1.43161e-05 -0.0130739 -0.000294387 2.97405e-06 0.00495479 0.00201115 0.00163363 -0.000750423 -0.00293534 -0.000500377 0.000363886 0.00124511 
-0.000207397 4.34656e-07 0.000449448 -2.1365e-05 -4.25724e-06 0.00137831 -0.000475991 -0.000429433 -1.77714e-05 -0.000757616 -0.000637286 6.51608e-05 -3.05686e-06 1.99812e-06 -0.000838359 -0.000134836 0.000135627 0.000507788 -2.48357e-05 -0.00035063 -5.25723e-05 -0.000126265 -7.65213e-06 -0.000428221 5.65012e-05 3.23574e-05 -0.000314378 -1.02776e-05 0.000227752 1.00882e-05 7.80119e-05 -7.66518e-05 9.0293e-06 0.000159793 9.08146e-05 -3.99852e-05 0.000101867 -3.75558e-08 -0.000181636 1.69117e-05 -9.69845e-06 6.77642e-06 7.70652e-06 0.00100183 1.70548e-07 -0.000570839 -1.52197e-06 0.00029388 2.08652e-07 0.00041003 -3.67112e-06 -1.0595e-06 8.22283e-05 -7.25513e-06 -0.000154726 -0.000852763 5.67516e-05 4.73618e-08 -0.000162076 3.29912e-06 -2.51448e-05 -9.40355e-05 -0.000174406 0.000196747 1.08596e-06 0.000590422 -2.8155e-05 -2.7134e-05 0.000580798 -1.80879e-05 -1.62047e-06 1.9535e-07 8.53608e-06 3.84721e-06 -1.89815e-05 0.000309108 -1.29889e-06 -7.12565e-08 -0.00014648 -0.00106871 0.000222338 2.27875e-05 3.72287e-05 -1.28431e-05 3.59659e-05 -3.73129e-06 0.000598199 -6.61902e-05 1.10603e-06 -0.000651561 0.00024068 -4.40106e-08 -4.86068e-06 2.78913e-05 -1.8451e-06 0.000398215 -0.00028592 0.000803603 -1.75853e-06 0.000273409 
-0.0349094 -8.33002e-05 0.00175498 -0.0109492 -0.00970536 -0.000475991 0.225323 -0.0137728 -0.0101788 0.0681109 0.00153672 -0.00574414 -0.00150416 -0.00151549 0.0219246 -0.110906 -0.00584489 -0.0132609 -0.0181286 0.0551305 -0.0370835 -0.0623215 0.00877541 -0.15141 -0.0130662 0.0201486 0.0824423 -0.00548028 0.116204 0.00039898 -0.00419913 -0.026048 -0.000130649 -0.0643262 0.066751 -0.0193397 -0.000139234 -1.85939e-06 -0.0298824 -0.000358944 -0.00338985 -0.00305482 -0.000243441 0.0017832 -0.00357917 0.00388225 -0.000687696 -0.000229105 -0.00149936 0.0275258 -0.000124906 -0.000948362 -0.000580014 -0.00326612 -0.0356689 0.0142504 -0.0150198 -0.00533332 0.0318049 -0.000248476 -0.0156761 -0.00914289 -0.0748425 -0.000915983 -0.000220346 0.00427111 -0.00176934 0.00156914 0.000514325 -0.00381167 0.000770802 -0.000103282 -0.00366058 0.000741533 0.00193634 0.00770714 -0.00117787 -8.5164e-05 0.0392265 0.0060002 -0.000322541 0.000866583 -0.00408039 -0.00828728 0.00083618 -0.00301707 0.00723556 -0.0327607 -1.75589e-05 0.0161035 0.00583949 -1.43557e-05 -0.00476453 -0.00225839 -0.0026002 0.0122448 0.0376062 0.0038617 -0.00107148 0.000162773 
0.0044468 -0.000114554 0.00432856 -0.00913076 -0.00742241 -0.000429433 -0.0137728 0.223093 -0.000817809 -0.0755402 0.0602902 -0.00416643 0.000349263 -0.00362943 0.007157 0.0471843 -0.00434337 0.000664531 -0.0204926 -0.0107844 -0.0160495 0.0217033 0.014538 -0.00236258 -0.00300322 0.0124913 -0.0389205 -0.00424846 -0.0283368 0.000157941 -0.00392586 0.00038629 -0.000771157 0.0288702 0.0274596 -0.00100782 -0.000169982 -6.8717e-06 0.0841788 -0.000618873 -0.00159496 -0.0017866 -0.000265517 -0.00467642 -0.0009254 -0.0474326 -0.00052199 -0.000134738 -0.00147196 -0.0102847 -0.00118916 -0.000633336 0.000159097 -0.00276077 0.00701945 -0.0313967 -0.00773396 -0.00550335 -0.00553976 -0.000231752 -0.0021655 -0.0188039 0.00999107 0.00592657 -0.000190795 -0.00535355 0.00576536 -0.0128931 0.00158816 0.000366579 -0.000876578 -0.000102206 -0.00336683 0.000273043 0.00230093 0.0162409 -0.00088021 -7.7087e-05 -0.0359342 -0.0156736 -4.22789e-05 -0.00100262 -0.000957576 -0.00371931 -0.00321348 -0.00182112 0.0101529 -0.0271575 -1.73833e-05 0.00926749 0.000417645 -3.59716e-06 -0.00204866 -0.00133153 -0.000821998 -0.0195645 -0.100381 0.00903293 -0.0010582 0.0178068 
-0.0022534 0.000100639 -0.000425874 0.00164416 0.00316115 -1.77714e-05 -0.0101788 -0.000817809 0.0156256 -0.00900173 -0.00928418 0.00360624 0.000571677 -2.6223e-05 -0.00994004 0.0103184 0.00141581 0.0122293 0.0111434 -0.0134169 -0.000204286 -0.000756336 -0.000432363 0.000403987 0.00803344 -0.011482 -0.0108172 0.00529662 -0.00720648 -2.47834e-05 0.00329297 0.000607615 -2.91721e-05 -0.00211004 -0.012509 3.15914e-05 8.24346e-05 9.46351e-08 -0.00496577 3.16411e-05 0.000140703 0.00433745 3.13695e-05 -0.000238726 0.000288112 0.00243076 0.000207756 1.26846e-05 0.000228224 0.00924778 0.000126052 -1.11783e-05 0.000513691 0.00137572 0.00116795 -0.0124948 0.00911767 0.000209695 -0.00234244 2.31563e-05 0.0111425 -0.000778746 0.000161607 0.00401998 0.00016298 -0.000303481 -0.00023594 -0.000225861 -5.27621e-05 -0.000197836 -1.98639e-05 7.96033e-05 0.000967989 -5.57564e-05 -0.000343561 0.00951791 0.00167393 -1.4169e-06 -0.00245539 -0.00603278 -1.14463e-05 5.20994e-05 -0.000352476 0.00854866 -6.46355e-05 0.000484714 -0.000848725 -0.000187526 3.42127e-08 -0.0139363 -0.000554676 2.06038e-06 0.00333088 0.000213525 0.00333661 -0.00083872 -0.00105971 -0.000410743 4.30633e-05 -0.000838083 
-0.00795741 -5.93042e-05 -0.0109052 -0.00785537 -0.00789507 -0.000757616 0.0681109 -0.0755402 -0.00900173 0.244921 -0.0163212 -0.00402734 -0.00129694 -0.00233893 0.0137441 -0.0973086 -0.00546316 -0.0150419 -0.0118948 0.0566495 0.00397301 -0.0612801 -0.0217277 -0.0648428 -0.0140739 0.0150079 0.127915 -0.00454035 0.0974109 -0.000473165 -0.00380552 -0.0198689 6.13606e-05 -0.0662576 0.0338983 -0.0140804 -0.000161107 -2.84421e-06 -0.137592 -0.000381644 -0.00313997 -0.00574347 -0.000217851 0.0018376 -0.00331913 0.0784987 -0.000615123 -0.000383599 -0.00122786 -0.0332604 0.000550476 -0.000610739 -0.000862105 -0.00259429 -0.0513982 0.0782509 -0.0102755 -0.00189842 0.0131232 -0.000266627 -0.0130829 -0.0103762 -0.0645313 -0.000729038 -0.000183617 0.00353252 -0.00360166 0.0068877 -0.00564154 -0.0059346 -0.000306294 -8.29008e-05 -0.00322861 0.00049508 0.0025479 -0.00932069 -0.00103521 -6.2165e-05 0.0367946 0.0479857 -0.000192815 0.000508918 0.00342204 -0.00716444 0.00176538 -0.0030917 -0.0279862 0.00499661 -1.13228e-05 0.0157528 -0.00182632 -1.23925e-05 -0.00503015 -0.0019434 -0.00243713 0.00279777 0.0747201 -0.0165752 -0.00059559 -0.0526099 
0.0018679 -0.000128522 0.00264091 -0.0121326 -0.0113989 -0.000637286 0.00153672 0.0602902 -0.00928418 -0.0163212 0.125232 -0.00650208 -0.000375308 -0.00381148 0.0238926 0.0134903 -0.00767133 -0.0107026 -0.0335193 0.0156346 -0.00765465 0.0138287 0.00484329 -0.00908613 -0.0127577 0.0240413 -0.0128401 -0.00703111 0.00905947 -0.000359335 -0.00516851 0.00349016 -0.00010537 0.0169486 0.0137568 -0.00622555 -0.00025405 -2.9196e-06 0.0512762 -0.000781815 0.000339076 -0.00496472 -0.000335376 -0.000482774 -0.00315157 -0.0115442 -0.000572685 -0.000369832 -0.00193953 -0.0166104 -0.00214485 -0.00108795 -0.00155542 -0.0038936 0.0141573 0.00301562 -0.0126814 -0.00621137 -0.0193938 -0.000452956 -0.0123629 -0.00761669 0.00110283 -0.0104296 -0.000274836 -0.0126345 -8.63481e-05 -0.0126528 0.000606125 0.00110802 -0.00149963 -0.000159624 -0.00479814 -0.000458197 0.000213342 -0.0101391 -0.00151381 -9.45803e-06 -0.0190724 0.00861261 -0.000307419 -0.00112978 0.00127232 -0.01052 -0.00364192 -0.00322269 0.00669294 -0.00890218 -2.04865e-05 0.0216684 -0.0108271 -5.91318e-06 -0.0061667 -0.00237921 -0.00345585 -0.00127108 -0.0388486 0.00144652 -0.00128579 0.00577255 
0.000440363 3.82726e-05 -0.000249239 0.00290241 0.00163878 6.51608e-05 -0.00574414 -0.00416643 0.00360624 -0.00402734 -0.00650208 0.00891467 4.13089e-06 0.000111981 -0.00763281 0.00395812 0.000880717 0.00440283 0.00614934 -0.00719685 0.000820679 0.000954813 0.000554575 0.00208331 0.00465581 -0.0068434 -0.00438163 0.00425957 -0.00575805 -8.3618e-06 0.002826 0.0010546 -1.25714e-05 -0.00104809 -0.00629147 0.00145968 4.3295e-05 2.48563e-07 -0.00211102 0.000268173 6.94331e-05 0.00432854 0.000214426 -6.63787e-05 0.000741368 -0.00366191 0.000148586 7.90862e-05 1.40956e-06 0.00196732 0.000396089 7.98258e-05 0.000250349 0.000163481 -0.000266602 -0.0051834 0.00439877 0.0024664 -0.000937462 7.04578e-05 0.00138231 0.00109324 0.00246129 0.00379443 0.000162094 -4.14682e-05 -0.000196462 0.000208194 0.000100892 0.000118617 -1.43865e-05 7.1384e-05 0.000298021 7.20803e-06 -0.000192198 0.00221783 0.0012841 2.19131e-05 -0.00137696 -0.0043944 -2.17635e-06 8.87208e-05 -0.000199024 0.00272876 -4.42982e-05 0.000179974 -0.000512584 0.00216361 1.12021e-06 -0.00644829 -3.70898e-05 1.49316e-06 0.000278879 0.000226362 0.000973197 -0.000376714 -0.00187397 0.000220547 0.000750971 -0.000505185 
-0.0003779 7.64123e-07 -6.76483e-05 8.13477e-05 0.000110591 -3.05686e-06 -0.00150416 0.000349263 0.000571677 -0.00129694 -0.000375308 4.13089e-06 0.00266407 -2.40493e-05 -0.000388679 0.00151666 0.000163584 0.000508641 0.000437093 -0.00119904 -0.000234011 0.00119431 -0.000130216 -0.000254143 0.000686258 -0.000564818 -0.00152457 -5.51248e-06 -0.0013198 -3.05719e-06 -1.27284e-05 -0.000102338 -2.85936e-06 0.000871617 -0.00203307 0.000106565 -8.66235e-07 2.57316e-07 0.00034063 5.47671e-06 -2.22541e-05 3.99204e-09 7.80544e-07 -3.61975e-05 -1.11998e-05 -0.000174949 2.31921e-06 -1.52693e-06 5.50664e-06 3.46167e-05 -4.17349e-06 -3.3957e-06 2.35949e-05 -1.06412e-05 0.00163337 -0.000530765 9.12754e-05 -2.20963e-05 -0.000327261 -1.40012e-06 0.000678933 0.000686289 0.000913083 -5.29055e-05 -1.41026e-08 -2.70122e-06 1.45025e-05 -3.99067e-05 -2.86992e-05 6.39958e-05 -9.58692e-06 3.50356e-08 0.000125035 -1.03185e-05 -4.66126e-05 -1.6381e-05 7.6726e-06 -1.58855e-07 -0.000331211 -0.000194687 -2.09038e-06 -1.05138e-05 -5.61935e-05 0.000240048 -1.161e-05 7.34836e-07 -0.000139885 -0.000120638 -7.21939e-08 -0.000648531 -0.000101182 9.4824e-08 0.000567624 -4.16371e-06 3.849e-07 -0.000137022 0.000207864 -9.33255e-05 -4.23028e-06 -0.000277426 
0.00150294 4.96016e-06 0.000351408 0.00136401 0.000502555 1.99812e-06 -0.00151549 -0.00362943 -2.6223e-05 -0.00233893 -0.00381148 0.000111981 -2.40493e-05 0.0108385 -0.00240851 -0.00146808 0.000211675 -0.000116844 0.00392607 -0.0028223 0.00312694 -0.000483449 -0.00054705 0.000439698 0.000415371 -0.0026722 0.000968617 0.000414658 -0.00336523 3.62617e-07 7.14686e-05 -0.000106111 -1.36694e-05 3.57141e-05 -0.0024921 0.00212752 7.34929e-06 1.79182e-06 -0.000857816 3.02375e-05 -2.80685e-05 -7.32778e-05 0.000109267 0.0001312 0.00157483 -0.00199716 -1.90025e-07 -5.92916e-06 0.000191944 -0.000517144 7.41101e-05 0.000143767 0.00029087 0.00011345 -0.000922057 -0.00246149 0.000743608 0.00199925 -8.0275e-07 6.14618e-05 -4.62134e-05 5.01609e-05 0.00231968 0.002106 1.86291e-06 -6.7189e-05 0.000169232 0.000120492 -9.00083e-05 -0.000119482 0.000434649 2.08527e-06 4.7554e-05 0.000290263 -0.00021664 -0.00274146 1.13489e-06 3.66935e-06 -0.00120864 -0.000150903 1.0224e-05 0.000391621 -0.000166502 -4.50669e-05 0.000378531 4.33344e-05 -0.000529711 0.00218548 3.6716e-07 -0.00210544 0.000645158 2.2139e-06 4.74113e-05 0.000174186 2.06119e-05 0.00126289 -0.000338656 -6.63203e-05 0.000319908 -0.000320968 
0.00255871 -0.000138772 3.3248e-05 -0.00822565 -0.00777415 -0.000838359 0.0219246 0.007157 -0.00994004 0.0137441 0.0238926 -0.00763281 -0.000388679 -0.00240851 0.0424592 -0.0121619 -0.0048328 -0.0149639 -0.0185925 0.0199524 -0.00881073 0.00128668 -0.00278062 -0.0079819 -0.0142189 0.019582 0.0141006 -0.00741936 0.0185308 -0.000152263 -0.00625087 3.70428e-05 -0.000160594 0.00358695 0.0164137 -0.00484155 -0.000208149 -2.59763e-06 0.00957289 -0.000650633 -0.000692451 -0.00781102 -0.00030688 -0.0008169 -0.00442986 0.00773015 -0.000862219 -0.000394338 -0.00137459 -0.00915371 -0.000647545 -0.000480575 -0.00140273 -0.00227621 0.00291499 0.0247882 -0.0112937 -0.00544044 -0.00122759 -0.000335178 -0.00904145 -0.00276325 -0.0071588 -0.0150154 -0.000310789 -0.00243277 0.000904131 -0.000504982 -0.00103785 0.000253432 -0.000319177 -0.000123055 -0.00359133 -0.00149978 0.000135154 -0.011129 -0.00170731 -2.91457e-05 0.00217278 0.0185096 -0.000441105 -0.00144655 0.000409102 -0.0105194 1.95281e-05 -0.00254529 0.000275944 -0.0112107 -2.10091e-05 0.0189691 -0.00753399 -1.54983e-06 -0.00328232 -0.00219602 -0.00364321 0.00124276 0.00540824 -0.00223188 -0.000874196 -0.00563218 
0.0127339 4.84801e-05 -0.0028226 2.32336e-05 0.000655596 -0.000134836 -0.110906 0.0471843 0.0103184 -0.0973086 0.0134903 0.00395812 0.00151666 -0.00146808 -0.0121619 0.195183 -0.000476147 0.0154238 4.93273e-05 -0.0453483 0.0064235 0.0737247 -0.00693385 0.0797686 0.0133557 -0.00760926 -0.0991337 0.00466897 -0.104723 -0.000396201 0.00436424 0.019897 -0.000300597 0.0639499 -0.0585029 0.00573262 5.87671e-05 3.89007e-07 0.0633666 -4.6228e-05 -0.00166075 0.00581689 9.70168e-05 -0.00398858 -0.000388636 -0.0220186 0.00072122 -7.12922e-06 -0.000583068 -0.0128642 -0.000631258 -0.000179674 0.000146598 -0.00013236 0.0444051 -0.0209091 0.00938301 0.000469355 -0.0437737 -2.23368e-05 0.00899019 0.00144768 0.0552815 -0.0013191 0.000211619 -0.00466606 -0.00219099 -0.00526964 -0.00228697 0.00529376 -0.000937616 5.60614e-05 -7.39791e-07 -0.000749955 -0.0036479 0.0400316 0.00131304 3.49793e-05 -0.0386921 9.02788e-06 -0.000190059 -0.00092598 -0.00386526 0.00630908 -0.00127745 4.33765e-05 -0.0129011 -9.59546e-05 -5.51892e-06 -0.0128462 -0.00927192 1.05023e-05 0.000985394 0.00103491 0.00229131 -0.0118015 -0.0412955 -0.00825198 -0.000185217 -0.00217252 
-0.000966503 3.47588e-05 -0.000134265 0.00714696 0.00778406 0.000135627 -0.00584489 -0.00434337 0.00141581 -0.00546316 -0.00767133 0.000880717 0.000163584 0.000211675 -0.0048328 -0.000476147 0.00962148 0.000848287 0.00830211 -0.00801725 -0.000916363 -0.00046986 6.29127e-06 0.00504134 0.0061231 -0.00836315 -0.00614847 0.000159829 -0.00625383 1.24106e-05 0.000593595 -7.30733e-05 -1.65777e-06 -0.000536057 -0.00711527 0.00577308 4.86405e-05 -2.64369e-07 -0.00343485 0.000448977 -5.28402e-05 0.000532334 9.64279e-06 1.56675e-05 0.00086178 -0.0040685 0.000103576 0.000110975 0.00164937 -0.000929871 0.000117441 0.000685158 0.000654407 0.00200882 -0.00110873 -0.00744119 0.000343176 4.73211e-06 0.00431343 0.000305865 0.00595867 0.00597402 0.00599679 0.00104302 6.99718e-07 -2.70699e-05 2.97058e-05 -2.4322e-05 0.000160337 -7.56024e-05 8.57881e-05 9.31727e-06 0.00493852 -6.05528e-07 -0.000135932 -0.00144039 7.43248e-05 4.09956e-06 -0.00148515 -0.00762026 3.36963e-05 0.000155342 -0.000212807 0.00214901 3.49098e-05 0.00299118 -0.000103542 0.00104292 1.36507e-05 -0.00830283 -5.43526e-05 2.00019e-06 0.00546281 0.00168825 6.32785e-05 -0.000389754 -0.00200225 0.000148486 0.000195259 0.00181379 
-0.00395751 0.000107304 -0.000719622 0.00101173 0.00135639 0.000507788 -0.0132609 0.000664531 0.0122293 -0.0150419 -0.0107026 0.00440283 0.000508641 -0.000116844 -0.0149639 0.0154238 0.000848287 0.02683 0.0103542 -0.0147722 0.00122642 -0.00146496 0.00018427 -0.00183803 0.00958379 -0.0119417 -0.0143688 0.00618201 -0.00855344 -1.47241e-05 0.00548087 -0.000286432 -9.63336e-06 -0.00310814 -0.0133194 -0.000649051 0.000107165 2.55908e-07 -0.0034418 0.000126297 -0.000192619 0.00811905 2.34492e-05 3.15996e-05 4.27221e-05 -0.000401167 0.000590643 0.000371045 -8.13948e-06 0.0166096 0.000102324 1.48972e-06 0.000593485 0.0001931 -1.07784e-06 -0.0196053 0.0123906 0.00211937 -0.00404325 5.09492e-05 0.0103821 -0.00187485 -0.00256251 0.00571618 0.00028591 -3.5339e-05 -0.000526139 -0.000518662 0.000927974 -0.000319884 -7.30555e-05 8.47711e-05 0.000839456 -9.03006e-05 -0.000584878 0.017022 0.00173229 -8.83119e-07 -0.00417468 -0.010882 2.68859e-06 -0.000100285 -0.000601767 0.00848697 -0.000125112 7.0172e-05 -3.72005e-05 0.00206874 2.76334e-08 -0.0162741 -0.000142511 6.56873e-07 0.00267214 0.000893741 0.00283248 -0.00125177 -0.00382449 0.00166259 6.46215e-05 0.00666255 
-0.00141844 9.91506e-05 -0.000448063 0.01368 0.0130791 -2.48357e-05 -0.0181286 -0.0204926 0.0111434 -0.0118948 -0.0335193 0.00614934 0.000437093 0.00392607 -0.0185925 4.93273e-05 0.00830211 0.0103542 0.0555186 -0.0219654 0.00407489 -0.00423414 -0.00189711 0.0142537 0.0133825 -0.0260833 -0.00642262 0.00676849 -0.0161854 -7.01381e-05 0.00389404 0.00186646 -3.42198e-05 -0.00821034 -0.0294288 0.00954022 0.00013178 2.00796e-06 -0.0218411 0.000501933 0.00033943 0.00401856 0.000330057 -0.000429448 0.00296095 -0.00715348 0.000248479 4.16959e-06 0.00214479 -0.000629058 0.000805317 0.000936809 0.00102453 0.00442549 -0.00363118 -0.0208609 0.0120815 0.00490837 0.0168233 0.000387765 0.0154834 0.014686 0.0114729 0.00716582 0.000175333 -0.000842357 -0.000361715 0.00178376 -0.000566361 -0.000536681 0.000394487 8.60852e-05 0.00502762 0.000139065 -0.000869128 -0.00215114 0.00153769 8.97953e-06 -6.7585e-05 -0.00973735 -2.72361e-05 0.000714053 -0.00126187 0.0107405 0.00100325 0.00381261 -0.0012016 0.00842311 1.84121e-05 -0.025712 -0.000476702 5.2487e-06 0.00719513 0.0020461 0.00366828 0.00122605 -0.0051955 -0.00182372 0.00130321 -0.00228425 
-0.0217693 -0.000132069 0.00240498 -0.0135401 -0.0124486 -0.00035063 0.0551305 -0.0107844 -0.0134169 0.0566495 0.0156346 -0.00719685 -0.00119904 -0.0028223 0.0199524 -0.0453483 -0.00801725 -0.0147722 -0.0219654 0.10298 -0.00516703 -0.0259264 -0.000581675 -0.0434445 -0.0166511 0.0263154 0.0468903 -0.00736347 0.0525842 -0.000112679 -0.00511542 -0.0125487 -0.000123976 -0.0280102 0.0400566 -0.0271111 -0.00014645 -2.7415e-06 -0.0246785 -0.000557668 0.000232395 -0.00494581 -0.000324983 0.000674915 -0.00557295 0.0244082 -0.000439152 -0.000494157 -0.00201517 -0.00692483 -0.000761384 -0.0010768 -0.000835637 -0.00412052 -0.0103724 0.0309195 -0.0152973 -0.00588933 0.00976969 -0.000383906 -0.0197952 -0.00581599 -0.0469641 -0.00952163 -0.000289357 0.000543777 -0.00267477 0.000486757 -0.00305345 -0.00563187 -3.37288e-06 -9.22874e-05 -0.00482684 -0.000573584 0.00102662 0.00227284 -0.00159466 -3.03514e-05 0.0163683 0.0197469 1.43691e-05 -0.000519842 0.00218776 -0.0109349 0.000349544 -0.00380258 -3.79481e-05 -0.0037098 -2.12229e-05 0.0291137 -0.00398956 -2.6383e-05 -0.0071906 -0.00232587 -0.00369552 0.0054236 0.0179771 -0.00538835 -0.00141788 -0.00542758 
0.0147885 3.12614e-06 -0.00234695 3.57408e-05 -0.00134172 -5.25723e-05 -0.0370835 -0.0160495 -0.000204286 0.00397301 -0.00765465 0.000820679 -0.000234011 0.00312694 -0.00881073 0.0064235 -0.000916363 0.00122642 0.00407489 -0.00516703 0.0883867 0.000129338 -0.00144571 0.0268707 -0.00121506 -0.00335172 -0.00193113 0.00138311 -0.019615 0.000130793 0.000808031 -0.00322539 0.000356765 -0.000416598 -0.0142693 0.00410809 -6.22518e-06 1.11373e-06 -0.0114153 -2.00485e-05 -0.000340413 0.000529679 0.000163569 -0.00103586 0.00225041 -0.00262289 -1.62477e-05 -2.03881e-05 -9.03922e-05 0.0104955 -0.000110932 0.000228591 4.35443e-06 -0.000228953 -0.00349371 0.00327969 0.00286998 0.00430824 -0.0063418 -8.81951e-05 -0.00132089 -0.00517869 -0.000599446 0.00150878 2.83822e-05 -0.00037084 -0.00245622 0.00383578 -0.000129928 -0.000530854 -0.000247484 -4.15459e-06 -0.000316711 0.000699179 -0.00175235 -0.0143891 -2.38079e-05 2.52019e-05 -0.0122942 0.00161096 3.92731e-05 -0.000118294 0.0011215 -0.000137879 0.000345552 -0.000356726 -0.00206052 0.0182475 8.40837e-06 0.000320037 0.00311448 3.64214e-06 -0.000847962 -3.92028e-05 -0.000310041 -0.00449125 -0.0110766 0.00147725 0.000344257 -0.00329188 
0.00623445 -2.86194e-05 -0.00259711 0.000261864 -0.000135148 -0.000126265 -0.0623215 0.0217033 -0.000756336 -0.0612801 0.0138287 0.000954813 0.00119431 -0.000483449 0.00128668 0.0737247 -0.00046986 -0.00146496 -0.00423414 -0.0259264 0.000129338 0.102668 -0.00452554 0.0480995 0.00294532 0.0014792 -0.0725966 -0.000809428 -0.0647441 -0.000164672 -0.000511677 0.0214547 -0.000113943 0.0467544 -0.0460485 0.00364501 -1.69812e-05 2.62571e-07 0.0487227 -3.66454e-05 -0.000782797 -0.000498951 -4.0953e-05 -0.0017294 5.42234e-05 -0.0195617 2.0253e-05 -4.93754e-05 -0.000249154 -0.0210033 -0.000361625 -6.758e-05 -9.06808e-05 -0.000479061 0.0503418 0.00748464 -0.00197203 -0.00089835 -0.020456 -3.31199e-05 -0.00116912 0.00664734 0.0443429 -0.00318394 -3.82862e-05 -0.00206873 -0.000979585 -0.00209018 -0.000704196 0.00684778 -0.000359435 -2.23298e-05 -0.000446733 -0.00036974 -0.00122213 -0.0110803 -0.00015468 6.69903e-05 -0.0142277 0.00167609 -9.32823e-05 -0.000247618 -0.0023386 -0.0010881 -0.000456613 -0.000283637 -0.00610673 -0.00600538 -2.7028e-06 0.00464753 -0.00400044 6.90932e-06 -0.000779521 8.8045e-05 -0.000330267 -0.0059101 -0.0178631 -0.00339241 -0.000101335 -0.0125289 
-0.00749421 -1.11031e-05 0.00170156 -0.000581045 -0.00055438 -7.65213e-06 0.00877541 0.014538 -0.000432363 -0.0217277 0.00484329 0.000554575 -0.000130216 -0.00054705 -0.00278062 -0.00693385 6.29127e-06 0.00018427 -0.00189711 -0.000581675 -0.00144571 -0.00452554 0.0515191 -0.00525675 0.000298832 0.000998326 -0.0194148 -0.000311348 0.00661592 0.000536828 -0.000299299 -0.00187093 -2.08306e-05 -0.00446007 0.00742975 -0.001722 -1.53977e-05 -9.95952e-07 0.0175992 3.11542e-07 0.00293967 0.00162612 -2.77962e-06 -0.000333431 0.000552973 -0.0160785 1.06349e-05 8.67344e-05 -0.000100996 0.0133871 -0.000166459 -7.59348e-05 0.000212309 -0.000208933 -0.00350591 -0.0345129 -0.00125558 -0.000415878 -0.0033883 -1.52249e-05 -0.00113012 -0.00368673 -0.00567705 0.00763242 -8.78409e-06 -0.000880661 -0.00084249 -0.000582916 0.00168408 -0.000480255 9.5725e-05 -1.26692e-05 -0.000216671 0.000568068 -0.000688967 0.00288278 -7.77698e-05 7.67298e-08 -0.00538682 -0.0332394 2.74333e-05 -4.49702e-05 -0.00102851 -0.000493713 -0.000280101 0.000307592 0.026258 -0.00227295 -1.45596e-06 -0.00149217 0.00952593 -1.01411e-06 -5.30998e-05 -0.000120679 -4.33901e-05 -0.00247106 -0.0113289 0.0171823 -8.18886e-05 0.0151272 
0.0483891 4.19818e-06 -0.00232449 0.0106223 0.00905413 -0.000428221 -0.15141 -0.00236258 0.000403987 -0.0648428 -0.00908613 0.00208331 -0.000254143 0.000439698 -0.0079819 0.0797686 0.00504134 -0.00183803 0.0142537 -0.0434445 0.0268707 0.0480995 -0.00525675 0.220148 0.00507776 -0.013425 -0.0719955 0.00216101 -0.123047 -0.000432918 0.00156228 0.0262919 0.000227806 0.0619597 -0.0504604 0.0204593 -5.64689e-05 -2.30709e-06 0.0474346 0.000279525 0.00414039 -0.00171384 0.000210758 -0.00317983 0.00187771 -0.0282123 0.000462732 -0.000230849 0.00144609 -0.0506735 0.000630404 0.000962116 -0.000482213 0.00312567 0.0243594 -0.00789543 0.00845131 0.00540764 -0.034068 8.03104e-05 0.00626409 0.0110063 0.0702075 -0.00863965 3.78606e-05 -0.00585237 0.00865928 0.00109362 -0.00226082 0.00463469 -0.00107862 2.79767e-05 0.00302134 -0.00145773 -0.00271983 -0.0400381 -0.000489474 9.07185e-05 -0.0379009 0.00102826 -0.000194552 -0.00135339 0.0012696 0.0037877 -0.00133745 0.00322872 -0.000218148 0.0330167 1.52496e-05 -0.00425958 -0.00908944 1.10193e-05 0.00203272 0.001993 0.000281268 -0.0135647 -0.0307778 -0.0103519 0.00105205 0.0121433 
-0.00247394 0.000128369 -0.000619239 0.00668977 0.00765619 5.65012e-05 -0.0130662 -0.00300322 0.00803344 -0.0140739 -0.0127577 0.00465581 0.000686258 0.000415371 -0.0142189 0.0133557 0.0061231 0.00958379 0.0133825 -0.0166511 -0.00121506 0.00294532 0.000298832 0.00507776 0.0245722 -0.0146508 -0.0175082 0.00482087 -0.0166254 -3.35744e-05 0.00499133 -0.000961292 -4.23681e-05 0.00384301 -0.0131221 0.00550242 0.000142391 1.15077e-06 -0.00123142 0.000336027 -0.000196127 0.00592623 4.76545e-05 -0.000378738 0.000200567 -0.00630741 0.000676054 2.46561e-05 0.000562773 0.00421001 0.000168829 0.000528427 0.000570387 0.00174664 -0.000116382 -0.0177334 0.00710481 0.0012066 0.000854552 0.000265477 0.00884334 0.00415429 0.00647916 0.00339666 0.000140529 -0.000468298 -0.000547267 -0.000476833 -0.0001994 -0.000258689 -4.90389e-05 5.29002e-05 0.00454375 -2.41271e-05 -0.000392876 0.00808448 0.00142811 4.25505e-06 -0.00378214 -0.0158997 -1.82302e-05 0.000158787 -0.000427118 0.0080275 -0.000116044 0.00272466 -0.00116564 0.0028599 1.30254e-05 -0.0148472 -0.000645776 1.46621e-06 0.00500805 0.00180172 0.00292916 -0.00111869 -0.00413998 -0.000683614 0.000186331 0.00401729 
-0.00137327 -0.000142676 0.000900048 -0.0146373 -0.0134423 3.23574e-05 0.0201486 0.0124913 -0.011482 0.0150079 0.0240413 -0.0068434 -0.000564818 -0.0026722 0.019582 -0.00760926 -0.00836315 -0.0119417 -0.0260833 0.0263154 -0.00335172 0.0014792 0.000998326 -0.013425 -0.0146508 0.0298989 0.0137574 -0.00792903 0.019466 4.26205e-05 -0.00553726 -0.00241344 1.86814e-05 0.00372195 0.0251826 -0.0103781 -0.0001163 -3.11055e-06 0.0112537 -0.000577838 -0.000349578 -0.00560584 -0.000352809 0.000440077 -0.0031835 0.00392968 -0.000618972 -3.39542e-06 -0.00221176 -0.0041978 -0.000954572 -0.00103108 -0.000687518 -0.00451064 0.000801449 0.0216586 -0.0137316 -0.00675105 -0.00474917 -0.000401165 -0.0158226 -0.00613121 -0.0127871 -0.00690053 -0.000312354 0.000574658 0.000554572 -0.00109363 0.000341781 0.000115798 -9.90669e-05 -0.00010781 -0.00533628 1.80706e-06 0.000586208 -0.00445275 -0.00173061 -3.2708e-05 0.00465508 0.0133504 2.14075e-05 -0.00056112 0.000683562 -0.0120652 1.55749e-05 -0.00403555 0.00163042 -0.00731114 -2.21162e-05 0.0264726 0.00031834 -9.56294e-06 -0.0064046 -0.00273887 -0.00387804 0.00161549 0.00483473 0.000942971 -0.00154009 -0.00163202 
-0.0102311 -9.57602e-05 -0.000402525 -0.00696198 -0.00778475 -0.000314378 0.0824423 -0.0389205 -0.0108172 0.127915 -0.0128401 -0.00438163 -0.00152457 0.000968617 0.0141006 -0.0991337 -0.00614847 -0.0143688 -0.00642262 0.0468903 -0.00193113 -0.0725966 -0.0194148 -0.0719955 -0.0175082 0.0137574 0.180574 -0.00491326 0.102076 0.000194319 -0.00498836 -0.0198789 5.35611e-06 -0.0767851 0.0517739 -0.0112158 -0.000124628 4.45485e-07 -0.0988737 -0.000459043 -0.00323999 -0.00747686 3.28966e-06 0.00211666 -0.000845062 0.0492203 -0.000747335 -0.000287197 -0.00128577 -0.0175039 0.000409935 -0.000484618 -0.000290619 -0.0025522 -0.0461508 0.0606936 -0.00728753 -0.000463464 0.0376422 -8.23255e-05 -0.0118447 -0.00799299 -0.0672349 0.000788971 -0.000240656 0.00407127 0.000835743 0.00455029 -0.00530767 -0.00649086 0.00045318 -8.60316e-05 -0.00410085 0.000644142 0.00242139 -0.0109803 -0.00136896 -8.29862e-05 0.0339703 0.0472816 5.66655e-05 0.00062455 0.00182377 -0.00881315 0.0011618 -0.004069 -0.0307939 -0.00316895 -1.04912e-05 0.0148164 0.000700534 -1.53784e-05 -0.00560723 -0.00240627 -0.00311232 0.0120277 0.042236 -0.0144254 -5.15538e-05 -0.0413124 
-0.000380378 9.68459e-05 -0.000250581 0.00149904 0.00106462 -1.02776e-05 -0.00548028 -0.00424846 0.00529662 -0.00454035 -0.00703111 0.00425957 -5.51248e-06 0.000414658 -0.00741936 0.00466897 0.000159829 0.00618201 0.00676849 -0.00736347 0.00138311 -0.000809428 -0.000311348 0.00216101 0.00482087 -0.00792903 -0.00491326 0.00829177 -0.00536002 -1.30693e-05 0.00404965 0.000426169 -1.22211e-05 -0.00128015 -0.00687062 0.000338718 2.21047e-05 1.86581e-06 -0.00317077 7.80325e-05 0.000115384 0.00428032 0.000324735 -0.000119988 0.000441252 -0.0010822 7.78693e-05 5.48339e-06 2.631e-05 0.00335141 0.0004768 -1.13047e-05 6.60287e-05 0.00033449 -0.000511742 -0.00647336 0.00661933 0.00245049 -0.0013847 2.46789e-05 0.00277015 -0.000433808 0.00053912 0.00318332 0.000293705 -0.000155959 -0.000178269 0.000105782 -7.84287e-05 -9.93245e-05 -2.3665e-05 7.44605e-05 0.000257054 -3.4812e-05 -0.000182321 0.0040707 0.00155437 9.40349e-06 -0.00128932 -0.00450325 -6.39989e-06 -3.18523e-05 -0.000186253 0.0052154 -3.5236e-05 0.00018919 -0.000508434 0.00213165 5.34012e-07 -0.00769834 -0.000278888 3.78004e-06 0.000195687 0.000361661 0.00232772 -0.000440512 -0.00121825 -0.000259747 0.000372924 0.0003909 
-0.0720064 -5.83045e-05 0.00294006 -0.0113501 -0.0101497 0.000227752 0.116204 -0.0283368 -0.00720648 0.0974109 0.00905947 -0.00575805 -0.0013198 -0.00336523 0.0185308 -0.104723 -0.00625383 -0.00855344 -0.0161854 0.0525842 -0.019615 -0.0647441 0.00661592 -0.123047 -0.0166254 0.019466 0.102076 -0.00536002 0.213457 1.93535e-05 -0.00443526 -0.0241184 -0.000187498 -0.0926606 0.0640497 -0.0227054 -0.000124863 -3.66989e-06 -0.0838901 -0.000480004 -0.00191236 -0.00386629 -0.000255197 0.00425115 -0.00303262 0.0645565 -0.000719855 0.00013519 -0.00156254 0.0309593 -0.000938889 -0.00117356 -0.000548604 -0.00358433 -0.0372581 0.0235332 -0.0102853 -0.00575885 0.0267778 -0.000264225 -0.00960983 -0.0119425 -0.0896452 0.00298753 -0.000222109 0.00343016 -0.00821133 -0.000896653 0.000818353 -0.00469498 -0.000406131 -9.98683e-05 -0.00388591 0.000766207 -0.00315642 0.025452 -0.00114316 -8.29095e-05 0.0231745 0.00539783 0.000137825 0.000370298 0.000342351 -0.00835941 0.0010332 -0.00333571 0.00291635 -0.0201039 -1.61932e-05 0.00998335 0.00495137 -1.94789e-05 -0.00368669 -0.00232385 -0.00273597 0.0125019 0.0443838 0.00734337 -0.0011417 -0.0186988 
-0.000131713 -5.05445e-07 -3.18304e-05 -2.3177e-05 -1.5838e-05 1.00882e-05 0.00039898 0.000157941 -2.47834e-05 -0.000473165 -0.000359335 -8.3618e-06 -3.05719e-06 3.62617e-07 -0.000152263 -0.000396201 1.24106e-05 -1.47241e-05 -7.01381e-05 -0.000112679 0.000130793 -0.000164672 0.000536828 -0.000432918 -3.35744e-05 4.26205e-05 0.000194319 -1.30693e-05 1.93535e-05 0.0015999 -9.33727e-06 -8.62222e-05 9.18759e-06 -0.000211464 0.00025058 -1.75057e-05 2.1677e-08 5.16397e-07 -0.000308868 6.72762e-06 1.27664e-05 4.16288e-05 -2.68981e-08 2.30048e-05 7.00986e-05 -0.000600928 -1.62216e-06 4.42739e-06 -1.95607e-06 -6.53319e-05 -2.65525e-06 2.70369e-07 8.89108e-05 -7.71337e-06 -0.000172762 -0.000613003 -3.81326e-05 -1.24982e-05 0.00055989 9.45753e-06 -3.91225e-05 4.08628e-05 -0.000161762 0.000530646 -5.23706e-07 0.000230384 -6.63174e-06 -1.99079e-05 -1.03751e-05 -1.35844e-05 7.02174e-05 -1.60232e-07 3.57851e-06 5.59401e-05 -3.18918e-06 -0.00041576 -2.83663e-06 -1.15274e-07 8.78102e-05 -0.000868125 2.04926e-05 1.90112e-05 -3.0869e-05 -1.97419e-05 8.66757e-08 -6.56702e-06 0.000112679 -9.00931e-05 -4.33093e-08 7.0672e-05 0.000925263 -3.44307e-08 -9.43773e-06 -3.39866e-06 1.5304e-05 4.22269e-05 -0.000254645 0.000239477 -2.54907e-06 -7.42292e-05 
-0.00100818 7.45363e-05 -0.00019401 0.00113766 0.00105531 7.80119e-05 -0.00419913 -0.00392586 0.00329297 -0.00380552 -0.00516851 0.002826 -1.27284e-05 7.14686e-05 -0.00625087 0.00436424 0.000593595 0.00548087 0.00389404 -0.00511542 0.000808031 -0.000511677 -0.000299299 0.00156228 0.00499133 -0.00553726 -0.00498836 0.00404965 -0.00443526 -9.33727e-06 0.00672944 -0.00034851 7.78441e-06 -0.000354741 -0.00492576 0.000291178 6.62911e-05 4.12309e-07 -0.00216988 8.72353e-05 1.16893e-05 0.00427025 1.08088e-05 -3.37461e-05 -2.00948e-05 -0.00206752 0.000531958 8.56761e-05 7.01349e-05 0.00255559 1.9656e-05 6.11532e-05 4.76235e-05 1.03687e-05 -0.000602007 -0.00530618 0.00498907 0.00202307 -0.00127802 3.35148e-05 0.00086242 -4.95742e-05 -0.000427766 0.00170353 0.000238823 -4.41624e-05 -0.00017575 -0.000121547 8.15789e-05 -8.61616e-05 -1.20904e-05 3.52457e-05 0.00103023 -2.75948e-05 -0.000141103 0.00419437 0.00131549 7.58296e-06 -0.00104665 -0.00554297 -2.96576e-06 -2.39481e-05 -0.0001398 0.00370641 -3.4304e-05 0.000102102 -0.000248823 0.00306195 1.41355e-06 -0.00551789 -5.6433e-05 9.30623e-07 0.000160414 0.00119973 0.00117182 -0.00032348 -0.00102698 -6.94451e-05 3.56389e-05 0.00259473 
-0.000959104 -4.65941e-07 2.14333e-05 0.00337553 0.00215459 -7.66518e-05 -0.026048 0.00038629 0.000607615 -0.0198689 0.00349016 0.0010546 -0.000102338 -0.000106111 3.70428e-05 0.019897 -7.30733e-05 -0.000286432 0.00186646 -0.0125487 -0.00322539 0.0214547 -0.00187093 0.0262919 -0.000961292 -0.00241344 -0.0198789 0.000426169 -0.0241184 -8.62222e-05 -0.00034851 0.0534808 9.74078e-06 0.000941262 -0.02307 -0.000299261 -1.53228e-05 4.17324e-07 0.00582127 -3.63405e-05 0.00235219 -0.000695086 0.000142206 -0.00082834 0.00102232 0.000921222 -9.0881e-06 -3.87448e-05 -3.52543e-05 -0.00996353 0.000148167 0.000105994 -9.23565e-05 0.000834325 0.0185656 -0.00356308 0.00166719 0.000675361 -0.00624252 -3.75618e-05 0.00267811 0.00141246 0.0261306 -0.00196163 -1.05322e-05 -0.00104835 -0.00063337 0.000179112 -0.000506649 0.00430712 -0.000149581 2.61643e-06 -0.000308966 -0.000233028 -0.00103267 -0.00905348 -0.000101196 4.26589e-05 -0.00855581 0.00513158 -4.48332e-05 -0.000213034 -0.00112881 6.43626e-06 -0.00024359 9.32276e-05 -0.00316128 -0.00163106 -1.30895e-06 -0.00215709 -0.00213884 9.61885e-06 -0.000132591 -0.000164731 -7.45465e-05 -0.0024247 -0.00727625 -0.00197312 0.000296955 -0.0037817 
-9.11549e-05 1.31806e-06 4.81074e-05 -1.88532e-05 -1.42784e-05 9.0293e-06 -0.000130649 -0.000771157 -2.91721e-05 6.13606e-05 -0.00010537 -1.25714e-05 -2.85936e-06 -1.36694e-05 -0.000160594 -0.000300597 -1.65777e-06 -9.63336e-06 -3.42198e-05 -0.000123976 0.000356765 -0.000113943 -2.08306e-05 0.000227806 -4.23681e-05 1.86814e-05 5.35611e-06 -1.22211e-05 -0.000187498 9.18759e-06 7.78441e-06 9.74078e-06 0.00207315 -0.000244061 -0.000401125 -3.30865e-05 3.90705e-06 -2.31946e-08 -0.000109531 7.47869e-06 -1.11124e-05 -2.33201e-05 1.67011e-06 -3.54078e-06 0.000152033 -0.000290903 3.18992e-06 1.82406e-05 -3.66711e-06 0.000250849 1.094e-05 2.69322e-06 6.73744e-07 3.08978e-06 -0.00021148 -0.000397535 -1.3664e-05 7.07777e-06 -0.000304623 -1.82699e-06 3.0165e-05 -2.30293e-05 -0.000186827 6.24536e-05 4.6486e-08 8.84465e-05 0.000131052 0.000132593 7.93752e-05 -4.11031e-06 -4.34303e-06 -4.37522e-07 1.99203e-05 0.000132889 -3.20205e-05 -0.000246556 -3.65143e-06 1.68689e-07 0.000173936 -0.000240566 2.43031e-05 -9.08071e-06 -4.07211e-05 -1.93183e-05 -1.30189e-06 -4.13068e-06 2.36439e-05 -1.1613e-05 4.77186e-07 6.82081e-05 0.00034747 1.33756e-07 -1.84289e-05 -6.64796e-06 5.60847e-06 -7.36699e-05 0.000393226 0.000235978 -3.4148e-06 -6.35855e-05 
