0.202111 0.0390288 -6.53893e-05 -0.124355 -0.00750013 0.000817929 -0.000255199 0.0454698 -2.86083e-05 0.0155675 0.154143 -0.00511662 -0.00331056 -0.00013791 -0.00358199 -0.0353935 -0.012451 -0.00030851 -0.154894 -0.0309457 -0.0710283 -0.000487906 0.0240953 -0.0951028 -0.000282096 -0.0106784 -0.00281618 -0.000195655 -1.42068e-05 -0.0607522 -9.25116e-05 0.000952845 0.00299182 -0.00287001 -0.00196304 -0.026323 -0.0143951 4.89674e-05 -2.82215e-05 0.0907072 -0.0922607 -7.92446e-05 -0.000186928 -0.00051188 -0.00226291 -0.000197742 -0.00658614 -0.00128955 0.00102995 -0.00639737 0.00144447 -0.00341833 0.0248614 -0.000130202 -0.048117 0.149287 -0.0907831 0.00134671 -0.000792799 -0.00215054 -1.97435e-05 -1.19312e-05 7.98256e-05 0.143084 -0.000123992 0.00168113 -0.0019918 -0.00355101 0.000160885 -0.00011795 -0.00181951 -0.00627098 -0.00180851 -0.0988518 -0.0170246 -0.000229218 -0.000966003 0.0371536 -0.0180132 -0.00890862 -6.99801e-05 -0.00442351 0.0281605 -0.0431849 -0.000197274 -0.000827735 -0.0409716 0.151772 -0.0184356 -0.000214776 -0.103874 0.10535 -0.000189549 0.145285 -0.143758 0.115584 0.000311014 -0.000367644 -0.0438704 -0.00189456 
0.0390288 0.153294 -1.05108e-05 -0.0865713 -0.00231463 0.00549755 0.000157643 -0.0994736 2.76382e-05 0.0231401 0.0654274 -0.00081342 -3.63498e-05 0.0280313 -0.00423201 -0.0931047 -0.00286324 0.000909808 -0.0387965 -0.085174 -0.0160362 0.000820298 0.051048 -0.0234263 -0.00142043 -0.00294101 -0.000906038 -5.69e-05 0.000650624 -0.0158058 -3.06666e-05 0.00349443 -0.00106815 -0.00135828 0.00210118 -0.00514159 -0.00395331 -8.35576e-05 -1.41969e-06 0.0160144 -0.0288511 -0.000141697 0.000320414 0.000103613 -0.000388875 0.00016177 -0.0016544 -0.000363742 0.00405296 -0.0017251 0.0055101 -0.00104968 0.0990222 0.000432282 -0.0198084 0.0250073 -0.0203534 0.00600544 0.000662491 -0.000467068 8.8095e-06 4.1902e-06 0.000201862 0.0257737 0.000245906 -0.00105563 -0.000498384 -0.00093598 0.000475227 2.93242e-05 0.0016907 -0.00133675 -0.00027579 -0.0209772 -0.00516123 -2.28347e-05 -0.000242144 -0.0469894 -0.0557042 0.0278921 0.000100892 -0.00042417 0.088616 -0.0104327 -3.69737e-05 -0.000472456 -0.010431 0.0380112 -0.00461922 -1.15824e-05 -0.0661268 0.027389 0.000219176 0.0308881 -0.0491787 0.0666669 0.00192042 0.000453903 -0.00935261 0.0032003 
-6.53893e-05 -1.05108e-05 0.000159764 3.73842e-05 2.44487e-06 -5.39779e-07 2.54796e-06 -5.18815e-05 3.03445e-08 -1.08134e-05 -5.97474e-05 8.28369e-06 1.54408e-06 6.12176e-06 -6.25398e-07 1.64373e-06 -3.72856e-07 -3.42005e-07 7.09532e-05 -3.11707e-05 3.12995e-05 2.32753e-07 -1.29991e-05 7.23569e-05 -9.44772e-06 5.10451e-07 2.35447e-06 5.66951e-07 1.41063e-07 7.14411e-05 -2.69523e-08 -6.19792e-07 1.67413e-06 2.58551e-06 6.31962e-06 1.67304e-06 1.49146e-06 -1.05176e-07 -1.8386e-08 -8.2556e-05 -9.81246e-06 1.17127e-07 1.70321e-06 3.75842e-07 8.09767e-06 5.56251e-08 -1.1539e-06 -3.20629e-09 -1.04762e-06 5.46817e-06 8.25877e-06 6.39758e-07 -8.15221e-06 8.07158e-08 -2.65314e-06 -6.87986e-05 7.83117e-05 1.1042e-05 1.78102e-07 4.54936e-06 -5.34018e-09 -4.1082e-09 3.60116e-06 -9.96886e-05 2.00554e-06 -1.10712e-06 1.17588e-06 5.19121e-06 1.27376e-05 6.06319e-07 3.72634e-06 2.3821e-06 -2.79973e-07 6.99294e-05 6.58677e-06 1.11022e-07 -6.48897e-08 -1.61214e-05 -4.11154e-06 1.54994e-05 9.51371e-08 -4.37922e-08 -6.50419e-07 7.92667e-06 2.17964e-06 -7.8012e-07 -3.0593e-06 -7.58971e-05 -1.83282e-06 1.57346e-06 -1.60572e-05 -8.30705e-05 1.24215e-07 -8.44717e-05 4.40194e-05 -4.69863e-05 3.84792e-06 4.6695e-07 7.73154e-05 -3.25317e-07 
-0.124355 -0.0865713 3.73842e-05 0.249915 0.00589017 -0.00355046 -2.72529e-05 0.00837045 -9.05823e-06 -0.0307927 -0.176105 0.00262568 0.00111953 -0.0137961 0.00758605 0.0511009 0.0099421 -0.00058763 0.112774 0.049514 0.0472994 -0.00044682 -0.0334901 0.0670411 0.00089159 0.00732983 0.00188014 -4.60273e-05 -0.000381427 0.0429485 9.81407e-06 -0.00240292 -0.00597249 0.00341452 -0.00155964 0.0190846 0.00997506 -0.000215008 -3.21275e-05 -0.0597485 0.0742718 -7.06733e-05 -0.000253412 -0.000209961 0.00116942 -8.3684e-05 0.00431813 0.00108177 -0.00441337 0.00448706 -0.00346746 0.0025692 -0.0591228 -0.000246713 0.0456449 -0.110566 0.0660814 -0.00455391 -0.000415716 0.00143854 -1.51429e-06 -7.36499e-06 -0.000136108 -0.11326 -0.000198332 -0.00174791 0.00137855 0.00189476 -0.000378684 4.44084e-05 9.02751e-06 0.00448647 0.00103647 0.0678696 0.0138697 0.000110178 0.000637823 -0.000950118 0.0336363 -0.0133054 -6.73986e-05 0.002363 -0.0532696 0.0287789 0.000138383 0.00132238 0.0318839 -0.140365 0.0123573 5.97242e-05 0.152087 -0.0757512 -0.000104688 -0.11291 0.132126 -0.176101 -0.00120036 -0.000251365 0.0298279 -0.00222985 
-0.00750013 -0.00231463 2.44487e-06 0.00589017 0.0138734 -6.94665e-05 1.0554e-05 0.00142077 7.89517e-07 -0.000874731 -0.00726116 -1.54161e-05 -5.28844e-05 -0.000694785 0.000536227 0.00118923 -0.000105486 -3.72102e-05 0.00487985 0.000666211 0.0032849 1.65104e-06 -0.0010066 0.00264954 1.46331e-05 0.000198617 0.00012362 2.63776e-05 -4.67841e-06 -0.000387797 -1.54347e-06 -6.32601e-05 -0.000159021 0.000187683 0.000450515 -6.21026e-05 0.00244553 -1.27944e-05 -1.3991e-06 -0.00173344 0.00399411 1.91676e-05 0.000128821 -1.43581e-05 -2.67428e-05 -4.25835e-06 0.000611248 -2.18244e-05 -1.46368e-05 0.000546528 -9.6429e-05 3.5645e-05 -0.00169728 -1.15508e-05 -0.000223094 -0.00517589 0.00132099 -0.000123233 -2.00103e-05 0.000114976 5.56401e-07 3.69156e-06 5.70211e-06 -0.00847797 -5.28452e-06 -0.00011316 0.000126304 -1.69308e-05 -1.75214e-05 7.34982e-06 -7.39341e-05 0.000375638 0.000248239 0.000729722 0.0017108 5.42192e-05 3.36289e-06 0.000121493 0.000624729 -0.000635131 -1.7826e-06 0.000164066 -0.0010171 0.000896783 -3.61853e-06 1.60256e-05 0.00222434 -0.00471223 0.000464535 0.000161838 0.00608229 -0.00452337 -3.73006e-06 -0.00712834 0.00355063 -0.0054919 -2.32716e-05 -1.56508e-05 -8.99486e-05 -5.77653e-05 
0.000817929 0.00549755 -5.39779e-07 -0.00355046 -6.94665e-05 0.00763699 2.19223e-05 -0.00484619 1.26977e-05 0.00509353 0.00175709 -2.63396e-05 0.000484838 0.000834613 -0.00019293 -0.00495043 -9.55431e-05 0.00034085 -0.00127521 -0.00579436 -4.78547e-05 0.000378882 0.00124589 -0.00104088 -4.42235e-05 -0.000121054 -1.72243e-05 -3.18393e-06 8.76615e-05 -0.00061602 -5.28147e-07 0.000739158 -1.12721e-05 -5.37225e-05 -6.62268e-05 -0.000223105 -0.000157822 6.77676e-06 1.29111e-06 0.000320808 -0.00118119 1.92664e-05 8.43327e-05 -7.99088e-06 3.11937e-06 2.20577e-05 -2.18898e-05 -1.71686e-05 -4.40355e-05 -4.52437e-05 7.78817e-05 -4.72345e-05 0.00375838 2.61465e-05 -0.000966657 -0.00145812 -0.000855004 4.0688e-05 0.000506801 -1.88835e-05 1.20946e-06 2.35464e-07 4.69322e-06 -0.000242498 1.96527e-06 -6.04836e-05 -1.97685e-05 -3.56688e-05 9.98951e-06 2.2689e-06 0.0001585 -5.01223e-05 -1.93656e-05 6.49441e-05 -0.000144046 2.16491e-06 -1.47063e-06 -0.00430537 -0.00342612 0.00141272 3.56697e-05 1.77386e-05 0.00556916 -0.000429056 -3.06753e-06 4.19096e-05 -0.00020508 0.000999872 -0.000192407 2.04959e-05 -0.00274744 0.00100769 4.23576e-05 0.000295268 -0.00207721 0.00183319 2.01058e-05 5.30305e-05 -0.000323688 0.000738554 
-0.000255199 0.000157643 2.54796e-06 -2.72529e-05 1.0554e-05 2.19223e-05 0.000617372 -0.000202845 6.41978e-06 -1.73427e-05 -0.000168391 1.92464e-05 1.85514e-05 -2.32269e-06 -1.40295e-07 -8.12279e-05 2.64853e-05 5.15787e-06 0.000170665 -0.000100339 1.96662e-05 1.87771e-05 -5.95801e-05 0.000200812 -7.47651e-05 2.52536e-05 -8.64661e-07 1.73336e-06 3.42329e-05 -2.5497e-05 5.24682e-08 4.26657e-05 -4.61489e-06 1.79187e-06 6.95297e-07 -1.37939e-05 1.67669e-05 -9.73633e-07 7.32253e-07 -0.000271533 -4.25233e-05 -3.05638e-08 4.22145e-07 2.24336e-05 3.94123e-07 9.86978e-06 9.33307e-06 3.01253e-06 7.59819e-06 -1.96301e-06 7.06227e-05 1.20372e-06 7.81507e-05 4.39955e-05 0.000201745 -0.000245048 4.4998e-05 0.000101378 3.60151e-05 3.16163e-06 -2.06453e-08 5.21412e-06 1.74355e-05 -0.000335286 4.61701e-05 2.87211e-07 -1.63072e-06 1.6415e-05 3.7344e-05 5.69824e-06 6.92557e-06 -4.26623e-06 5.72393e-06 0.000206032 -4.57424e-06 9.59548e-07 -6.20324e-07 -0.000182735 -4.17163e-05 0.000306698 1.87101e-05 2.07029e-05 2.37324e-05 3.05322e-05 2.36711e-06 -3.14918e-06 -2.00641e-05 -0.000278509 5.57617e-05 1.67899e-06 4.90813e-05 -0.000221285 2.03261e-05 -0.000231805 -1.61917e-05 -0.00026394 6.56569e-05 1.59771e-07 2.96434e-06 0.000201383 
0.0454698 -0.0994736 -5.18815e-05 0.00837045 0.00142077 -0.00484619 -0.000202845 0.226022 -2.75271e-05 -0.0200502 0.015329 -4.01114e-05 -0.00249334 -0.0323438 0.00294333 0.105139 -0.0129191 -0.00223969 -0.0562014 0.0603162 -0.0484699 -0.00100455 -0.0592736 -0.0549621 0.00121077 -0.00407149 -0.00198264 4.0581e-05 -0.000539087 -0.021034 -7.68787e-05 -0.00297016 -0.000807823 -0.00275243 -0.00532629 0.00358286 -0.00166603 -0.00101953 -7.3039e-05 0.072318 0.00434762 -1.27265e-05 -0.000310717 -0.000683999 -0.00150251 -0.000205065 0.00279063 -0.00034504 -0.00453731 -0.00369958 -0.00460231 -0.000960774 -0.0825507 -0.0004385 -0.018699 0.070081 -0.0790334 -0.00512824 -0.0010508 -0.00118107 -2.00417e-05 -8.35281e-06 -0.000183421 0.0594202 -0.000323293 0.00201503 -0.00180512 -0.00175361 -0.000532764 -0.000114414 -0.00382726 -0.00367988 -0.000827344 -0.0773043 -0.00985492 -0.000238745 -0.000854947 0.093128 0.0485214 -0.0308415 -8.78554e-05 -0.00090253 -0.0699673 -0.0351531 -0.00024751 -0.00217738 -0.0316787 0.049009 -0.0142249 -0.00011464 0.0135501 0.0653243 -0.000265478 0.0632936 -0.0405807 -0.00732197 -0.0016355 -0.000457453 -0.0315716 -0.00322593 
-2.86083e-05 2.76382e-05 3.03445e-08 -9.05823e-06 7.89517e-07 1.26977e-05 6.41978e-06 -2.75271e-05 8.12801e-05 5.6364e-06 -1.76624e-05 4.84238e-07 1.48671e-05 6.80342e-06 4.37493e-07 -2.3378e-05 -2.77986e-07 4.43523e-06 4.63304e-06 -3.6467e-05 -1.89277e-06 1.4945e-05 7.14727e-07 -4.51919e-06 -1.59645e-05 -9.48443e-07 -2.64753e-07 -2.71025e-08 1.33393e-05 -5.69578e-06 -7.04423e-09 7.13162e-06 -9.13144e-07 -5.7285e-07 -8.69701e-07 5.40891e-06 3.55785e-06 -1.28115e-07 -9.35311e-09 -1.17688e-05 6.88123e-06 -7.94634e-08 -3.13766e-07 2.22403e-07 -1.37455e-07 8.90234e-06 8.36247e-06 -1.73535e-07 -6.49043e-07 -2.70427e-07 1.4791e-05 -3.80761e-07 1.57499e-05 6.09722e-06 -4.09102e-06 -2.68211e-05 -3.52605e-06 8.31963e-06 1.03834e-05 4.40292e-07 2.97062e-06 3.2791e-07 2.76422e-06 -4.47103e-05 1.17033e-07 7.55495e-06 -1.29667e-07 1.86342e-07 1.9564e-06 5.16083e-07 3.65282e-06 4.64148e-07 1.62965e-07 3.78885e-06 -2.14102e-06 1.32725e-08 3.38988e-07 -2.57558e-05 -1.46808e-05 2.36426e-05 4.65905e-06 2.4925e-08 2.22107e-05 -3.32552e-06 -2.57323e-08 -2.78596e-07 -2.08157e-06 -2.2208e-05 -1.04381e-06 2.87848e-07 -3.92706e-06 1.62901e-06 6.88817e-06 -2.93733e-05 -1.69958e-06 -2.57326e-05 1.30737e-05 6.65313e-07 -2.35394e-06 1.31747e-05 
0.0155675 0.0231401 -1.08134e-05 -0.0307927 -0.000874731 0.00509353 -1.73427e-05 -0.0200502 5.6364e-06 0.0709099 0.0232484 -0.000511042 0.000264005 0.000845284 -0.00207911 -0.0273483 -0.00116622 0.00117644 -0.0151144 -0.0279014 -0.00422469 0.000204541 0.0129064 -0.0107724 -0.000148687 -0.001178 -0.000185903 -3.12159e-05 9.89073e-06 -0.00348953 -1.21357e-05 0.00121003 0.000283059 -0.000500411 -0.00101057 -0.00282172 -0.00157726 0.000452891 6.48203e-06 0.0067038 -0.00981631 4.66399e-05 8.11242e-06 -7.9626e-05 -0.00012962 5.36391e-05 0.0002152 -0.000138674 0.000404266 -0.000525452 0.000496056 -0.000437921 0.00576861 -6.30634e-05 -0.00951533 0.00797369 -0.00971906 0.00124976 0.000406873 -0.000215511 -2.24698e-06 -4.14775e-07 0.000137167 0.00678847 -2.667e-05 -0.000557047 -0.000229232 -0.000332325 -7.89916e-05 -8.92763e-07 0.000925486 -0.000598266 -0.000194832 -0.00844041 -0.00203979 -2.88549e-05 -8.13512e-05 -0.00370968 -0.00951711 -0.000960727 2.38743e-05 -0.000310075 0.0200845 -0.00451014 -2.72778e-05 -3.5338e-05 -0.00463489 0.020535 -0.00167995 4.40357e-05 -0.0263196 0.0115841 -2.53809e-06 0.0147361 -0.0194488 0.0164513 -2.90684e-05 -6.56414e-05 -0.00429426 0.000654937 
0.154143 0.0654274 -5.97474e-05 -0.176105 -0.00726116 0.00175709 -0.000168391 0.015329 -1.76624e-05 0.0232484 0.238965 -0.0039009 -0.00284456 0.00587869 -0.00922264 -0.0670548 -0.0134801 -0.000404149 -0.143837 -0.039428 -0.061339 -0.00012943 0.0344991 -0.0859022 -0.000509235 -0.00950859 -0.00298453 -0.000210134 7.61068e-05 -0.0544084 -8.27422e-05 0.00163183 0.00354385 -0.00437906 -0.00136935 -0.0242263 -0.0124928 -5.41192e-05 -5.11223e-05 0.0794462 -0.0922261 1.81692e-05 0.000462291 -0.000134425 -0.00188578 -0.000151129 -0.00569353 -0.00140633 0.00285267 -0.00557012 0.00258583 -0.00336935 0.0441036 -2.57453e-05 -0.0610517 0.145223 -0.0855394 0.00338434 -0.000579694 -0.0018555 -1.71974e-05 -6.9358e-06 0.000137465 0.131904 3.93367e-05 0.00207609 -0.00180411 -0.00275689 0.000332906 -8.75215e-05 -0.0012737 -0.00563156 -0.00142801 -0.0880544 -0.0178375 -0.000203049 -0.00082302 0.0162466 -0.0234502 0.00208468 -5.76689e-05 -0.0038479 0.0364162 -0.0371716 -0.000233288 -0.00135588 -0.0419925 0.172804 -0.0155309 -0.000179302 -0.166787 0.0985615 -0.000131997 0.143064 -0.164034 0.166576 0.000683877 -7.06468e-05 -0.0374499 -0.000365455 
-0.00511662 -0.00081342 8.28369e-06 0.00262568 -1.54161e-05 -2.63396e-05 1.92464e-05 -4.01114e-05 4.84238e-07 -0.000511042 -0.0039009 0.00780043 3.96544e-06 -5.19335e-05 0.000964526 0.000764338 0.000780598 0.000627939 0.0036915 0.000555124 -0.000394778 1.93549e-05 0.000299064 0.000660107 4.00407e-06 0.000300768 0.00129209 0.000158777 -3.62622e-06 0.000655944 6.60638e-05 -3.80359e-05 0.000186456 0.000520376 0.00111374 0.000665838 -0.000133526 0.000254178 1.99053e-05 -0.00122573 0.00234817 -5.00589e-06 -1.92448e-05 0.000261725 8.56722e-05 -5.28776e-07 7.29423e-05 2.40621e-05 2.64628e-05 0.00011808 -5.54114e-06 0.000236098 -0.000484162 -2.59272e-06 0.00283742 -0.00250424 0.000479743 6.05484e-05 8.99056e-05 1.97095e-05 9.77244e-07 6.14528e-07 2.45164e-06 -0.00123248 2.34708e-05 -5.31263e-05 -2.3335e-05 4.23317e-05 -1.21636e-05 1.49234e-05 1.73708e-05 8.5699e-05 0.000101844 -0.000292904 0.000251468 0.000119977 -3.95736e-06 -0.00074534 0.000114411 0.000572765 -8.93325e-08 3.34974e-05 -0.000638983 -0.000390349 -1.56371e-06 0.000377885 -0.000536457 -0.00393182 -1.64102e-05 2.84169e-05 -0.00114987 -0.00465812 6.79108e-07 -0.0021586 0.000394987 -0.00257313 1.66099e-06 0.00015026 0.00024631 0.000410178 
-0.00331056 -3.63498e-05 1.54408e-06 0.00111953 -5.28844e-05 0.000484838 1.85514e-05 -0.00249334 1.48671e-05 0.000264005 -0.00284456 3.96544e-06 0.00472898 0.000875364 -9.07264e-06 -0.00180668 0.000368271 0.000288252 0.00299658 -0.000269047 0.00369983 0.000264357 -0.000484602 0.00276965 -0.000124172 2.15431e-05 9.31894e-06 -4.97288e-07 0.000160779 -9.91892e-07 -2.61461e-07 9.68328e-05 -5.84211e-05 1.73333e-05 -3.08104e-05 -0.000117888 2.7715e-05 -6.4522e-06 1.70833e-05 -0.00374623 -0.000328128 1.3655e-05 -1.38443e-05 -6.80526e-06 -3.876e-06 0.000183236 5.2632e-05 2.41828e-05 -1.01811e-05 -1.97724e-05 4.04968e-05 -1.11489e-05 -0.000173903 6.64961e-05 0.000443166 -0.00333035 0.00221502 8.503e-06 0.000468227 -6.93285e-06 9.73787e-06 1.81117e-06 2.31569e-06 -0.00316969 1.24584e-05 -4.06152e-05 0.000127666 1.35696e-05 1.42874e-05 -1.11803e-06 0.000265576 -3.46228e-05 -7.47332e-06 0.00356945 9.08649e-05 1.4013e-06 2.1942e-06 -0.00343749 -0.000516627 0.00276178 7.64365e-05 0.000498024 0.000162072 0.00212907 1.46614e-06 -4.6151e-06 0.00177122 -0.00298693 0.00105905 5.95392e-06 -0.000529876 -0.00273683 0.000149511 -0.00337424 0.00117175 -0.00223578 0.000152216 3.98309e-05 0.00190584 0.000613321 
-0.00013791 0.0280313 6.12176e-06 -0.0137961 -0.000694785 0.000834613 -2.32269e-06 -0.0323438 6.80342e-06 0.000845284 0.00587869 -5.19335e-05 0.000875364 0.0504299 -0.00153276 -0.024156 -0.000100688 0.00019283 -8.23023e-05 -0.0252604 0.00124298 6.48271e-05 0.0144601 -0.00208018 -9.24505e-05 0.000216339 -0.000161276 -4.75233e-06 0.000130234 0.00297078 -6.9281e-06 0.00100114 -0.000348383 -0.00028945 -0.000466664 0.000467067 -0.000737545 -4.59871e-05 1.28756e-06 -0.00422115 -0.00348186 -2.98091e-05 -0.000135021 -4.49645e-05 0.000287226 8.53837e-05 -0.000515437 2.37444e-05 -0.000263398 -0.000178616 -0.00025381 4.30727e-06 0.0279733 7.33778e-05 -0.00579857 -0.00596064 0.00500383 -0.000304799 0.000543948 9.24109e-05 -1.32686e-06 1.54717e-06 1.32257e-06 -0.000319418 -1.84493e-05 -0.000239264 -0.000121714 1.97305e-05 5.24607e-06 -9.41598e-06 0.000374053 1.8508e-05 0.000126003 0.00424705 0.00377917 -1.12899e-05 2.22503e-05 -0.014555 -0.0253914 0.0125906 3.07996e-05 -6.94974e-05 0.0253433 -0.00199815 -1.67678e-05 -6.69207e-05 -0.00189161 0.00362962 -0.000252791 -1.77892e-05 -0.0155075 -0.00241499 8.94887e-05 -0.00914842 -0.00453588 0.00538811 -8.24292e-05 -1.32955e-05 0.00231606 0.000538016 
-0.00358199 -0.00423201 -6.25398e-07 0.00758605 0.000536227 -0.00019293 -1.40295e-07 0.00294333 4.37493e-07 -0.00207911 -0.00922264 0.000964526 -9.07264e-06 -0.00153276 0.0289139 -0.00041395 0.0020433 0.00117319 -0.00493106 0.00286077 -0.0017885 -5.83191e-05 0.00235872 -0.00271718 2.55763e-05 -0.000426038 0.00257229 9.89326e-05 -1.07395e-05 -0.00218556 0.000105963 -7.9582e-05 -0.000308458 0.000459411 0.00487291 -0.00107728 -7.24032e-05 0.000539953 7.98775e-05 -0.000935388 -0.000655246 -1.07402e-05 0.000126675 0.000389926 -0.000101446 4.82201e-06 -6.42436e-05 -6.7986e-05 -0.000158644 0.000748032 -0.000190012 -0.000156511 -0.00277657 -1.43861e-05 0.00172198 0.00127264 -0.00404514 7.54527e-05 -4.6386e-05 -5.52075e-05 1.19907e-05 5.74712e-06 -1.43706e-05 0.00250009 9.43606e-05 -0.000166664 -7.27083e-05 0.000425596 -1.66726e-05 4.21948e-05 -0.000124567 -0.000184027 8.81153e-05 -0.00325741 -0.000873361 0.000315407 -2.44602e-05 0.000858543 -0.00292876 -0.000377208 6.75791e-06 -4.68589e-05 -0.00316839 -0.00167317 -2.79172e-06 0.00281538 -0.00105107 0.000376461 -0.000243487 0.000294902 0.00321514 0.00108457 -8.4116e-07 0.000737234 -0.00604695 -0.0105004 -4.52421e-05 8.80385e-05 -0.00162044 0.00120275 
-0.0353935 -0.0931047 1.64373e-06 0.0511009 0.00118923 -0.00495043 -8.12279e-05 0.105139 -2.3378e-05 -0.0273483 -0.0670548 0.000764338 -0.00180668 -0.024156 -0.00041395 0.20787 0.000880461 -0.00298106 0.0314205 0.044748 -0.00963817 -0.000886029 -0.0621051 0.00568206 0.00128214 0.0038536 -0.000370119 8.96696e-05 -0.000544321 0.0136815 -8.4158e-05 -0.00305906 -0.00697751 0.00175032 -0.00335995 0.0110191 0.00413439 -0.00105947 -7.57125e-05 0.0058034 0.0426164 -0.000307664 -0.00066055 -0.00064658 -0.00070841 -0.000173125 0.00271758 0.000380124 -0.00450732 0.00172187 -0.00391908 0.000469955 -0.0748871 -0.000320187 0.0177827 -0.021117 0.000771377 -0.00575371 -0.000723207 -4.88616e-06 -1.2463e-05 -8.76881e-06 -0.000405753 -0.0278136 -0.000258021 -4.8795e-06 -0.00167484 0.000519856 -0.000946088 -4.33586e-05 -0.00312393 0.00240957 0.000435652 0.00301283 0.00849817 -0.00013318 0.000251271 0.0616897 0.0501158 -0.0227281 -9.40306e-05 0.000371245 -0.0579784 -0.0113649 -1.39788e-05 -0.00124066 -0.0111833 -0.0452244 -0.00504687 -9.90748e-05 0.0431778 -0.0163288 -0.000221906 -0.0269015 0.0417812 -0.0636861 -0.0016779 -0.00074884 -0.00775974 -0.0032069 
-0.012451 -0.00286324 -3.72856e-07 0.0099421 -0.000105486 -9.55431e-05 2.64853e-05 -0.0129191 -2.77986e-07 -0.00116622 -0.0134801 0.000780598 0.000368271 -0.000100688 0.0020433 0.000880461 0.024443 0.000540844 0.0133477 0.00070406 0.00384028 -2.93845e-05 0.000816762 0.00933517 -0.000208794 0.000890348 0.00253827 4.26878e-05 4.21069e-05 6.75155e-05 9.93211e-05 0.000116162 -0.000268495 0.00273887 0.00268797 0.00235607 0.00016802 0.000488988 7.98285e-05 -0.0155925 0.00203942 1.64474e-05 7.26106e-05 0.000248115 0.000250924 2.96017e-05 -0.000287618 0.000257713 9.75975e-05 0.00131711 0.000529052 0.000833378 -0.00118494 -1.10046e-05 0.0131248 -0.0170339 0.0103606 0.000155379 9.00979e-05 3.00587e-05 5.90877e-06 1.25208e-06 2.66432e-05 -0.0122981 -8.49567e-06 -9.14316e-05 2.87209e-05 -0.000105049 -2.81899e-05 7.42333e-05 0.000751044 8.41667e-05 0.000119622 0.0100268 0.00503721 0.000282813 0.00011341 -0.00381806 -0.00116286 1.57526e-05 2.14119e-05 0.000647761 -0.00180061 0.000548096 2.32004e-05 0.00165813 -0.0003135 -0.0153936 0.00366366 0.000189563 0.00134526 -0.0140777 4.1485e-05 -0.0150131 0.0112949 -0.0115148 0.0001121 -4.76604e-05 0.00805611 0.00046453 
-0.00030851 0.000909808 -3.42005e-07 -0.00058763 -3.72102e-05 0.00034085 5.15787e-06 -0.00223969 4.43523e-06 0.00117644 -0.000404149 0.000627939 0.000288252 0.00019283 0.00117319 -0.00298106 0.000540844 0.00507653 -0.000643904 -0.00149516 0.000137565 0.000271295 0.00145128 -0.000575795 -3.07975e-05 -7.49795e-05 0.00090138 1.02356e-06 1.08733e-05 -0.000332453 4.97093e-05 0.000115346 -3.30716e-05 0.000147161 0.00114537 -0.000191942 -8.03392e-05 0.000446138 2.50529e-05 -0.000932465 -0.000447622 7.2522e-07 8.20823e-07 0.00029636 -2.05827e-05 3.11003e-05 -4.71186e-05 -6.18822e-06 0.000330257 0.000141444 4.69146e-05 1.39801e-06 -0.000381803 1.76743e-05 0.000486149 -7.10747e-05 -0.00038042 0.000138086 0.000284441 3.74009e-06 2.24947e-06 1.78813e-07 3.33407e-05 -0.000394978 0.00010593 -3.40132e-05 4.16447e-06 2.89638e-05 1.57484e-05 4.87387e-05 1.27363e-05 -3.00217e-05 1.72162e-05 -8.47019e-05 -0.000108475 0.000152887 1.89483e-06 -0.00125629 -3.90355e-05 0.000684308 -8.4169e-08 -1.34089e-05 0.00116432 -0.000145115 -1.39043e-06 0.000336632 4.19882e-05 -0.000832716 6.52449e-05 1.37117e-05 -0.00110364 -0.000973721 -1.8805e-06 -0.000560875 -0.000880063 -0.00141193 2.43378e-05 0.00017739 -0.000265983 0.000693049 
-0.154894 -0.0387965 7.09532e-05 0.112774 0.00487985 -0.00127521 0.000170665 -0.0562014 4.63304e-06 -0.0151144 -0.143837 0.0036915 0.00299658 -8.23023e-05 -0.00493106 0.0314205 0.0133477 -0.000643904 0.181618 0.0236367 0.0726496 -1.21621e-05 -0.022686 0.101194 0.00040168 0.011426 0.0011821 1.07453e-05 -0.000152877 0.0566104 2.33912e-05 -0.00111296 -0.00274956 0.00494206 -0.00059934 0.0200859 0.00984864 -0.000288378 -1.26261e-05 -0.0959705 0.0851293 -4.91416e-05 -0.000333652 1.80274e-05 0.0023219 4.96704e-05 0.00546779 0.00165119 -0.00168844 0.00550555 -0.00159444 0.0040565 -0.0264327 3.15246e-05 0.059957 -0.156246 0.102878 -0.00217851 0.000506506 0.00215943 -2.43404e-06 1.41469e-07 -0.000111201 -0.142977 -5.12136e-05 -0.001893 0.00217643 0.00317562 -0.000156848 7.11499e-05 0.00187276 0.00539944 0.00154865 0.103584 0.0213999 -5.2691e-05 0.00102047 -0.040441 0.0169392 0.00219817 -2.93982e-05 0.00482766 -0.0245912 0.0466089 0.000233632 -0.000157368 0.0389839 -0.151858 0.0191489 -6.66093e-05 0.0965778 -0.120116 4.64206e-05 -0.152335 0.138467 -0.110455 -0.000425546 -0.000138032 0.0469514 -0.000209534 
-0.0309457 -0.085174 -3.11707e-05 0.049514 0.000666211 -0.00579436 -0.000100339 0.0603162 -3.6467e-05 -0.0279014 -0.039428 0.000555124 -0.000269047 -0.0252604 0.00286077 0.044748 0.00070406 -0.00149516 0.0236367 0.126465 0.013394 -0.0012395 -0.0131196 0.0170563 0.00134952 0.00093698 0.000662893 2.82844e-06 -0.000683232 0.00711184 2.1482e-05 -0.00347097 0.000332413 -0.00150721 0.000452417 0.000234516 0.00220647 1.65132e-05 3.09299e-06 -0.015209 0.0213609 -0.000128558 5.4254e-05 4.33371e-05 0.000393003 -0.000203885 0.000678145 -4.75738e-05 0.00116432 0.00127569 -0.00275305 6.41209e-05 -0.0579093 -0.000477735 0.0169613 -0.00830497 0.00675074 -0.00390128 -0.000886147 0.000387611 -9.643e-06 -5.34784e-07 -0.000349067 -0.0122912 -0.000209073 -0.0010717 0.000321895 0.000659504 -0.000360596 -1.7647e-05 -0.00164327 0.000149277 0.000240609 0.0141433 -0.00234066 4.73332e-05 9.00171e-05 0.00110753 0.0353555 -0.0209981 -0.000106538 0.000755858 -0.0883909 0.0084645 -4.66185e-06 0.000362272 0.00492841 -0.0255472 0.00375315 -1.101e-05 0.0358796 -0.0170555 -0.000231788 -0.0112128 0.0266568 -0.0303358 -0.00179169 -0.000207327 0.00625583 -0.0010869 
-0.0710283 -0.0160362 3.12995e-05 0.0472994 0.0032849 -4.78547e-05 1.96662e-05 -0.0484699 -1.89277e-06 -0.00422469 -0.061339 -0.000394778 0.00369983 0.00124298 -0.0017885 -0.00963817 0.00384028 0.000137565 0.0726496 0.013394 0.0928814 0.000138951 -0.00962919 0.0618281 9.84878e-05 0.00135819 0.00114965 2.24236e-05 -2.45626e-05 0.0359266 -1.72428e-06 -0.000347879 -0.00119347 0.000246287 5.80519e-05 -0.00340271 0.00516999 -0.000117118 7.83402e-06 -0.0802842 0.0152677 -4.17273e-05 -0.000292755 0.000120499 0.00279038 0.000110903 0.000909747 0.00065649 -0.000507815 0.00478611 -0.000589009 0.00192639 -0.0120948 -6.20478e-06 0.0106732 -0.0668991 0.068974 -0.000787168 0.000602269 0.00189646 4.49042e-06 7.93931e-06 3.55768e-05 -0.072153 0.000100073 -0.000963188 0.00234113 0.00228463 2.84079e-05 -2.18806e-05 0.00224735 0.00092131 0.0014714 0.0783027 0.00280317 3.51596e-07 0.000518927 -0.0599848 0.00526565 0.00592363 8.10884e-06 0.00429455 -0.0120298 0.0451407 6.60002e-05 0.000122627 0.0340411 -0.0634488 0.0200491 0.000125195 0.0336112 -0.0675386 3.49823e-05 -0.0735991 0.0531108 -0.049128 -4.15007e-05 -7.88882e-05 0.0412786 0.000837151 
-0.000487906 0.000820298 2.32753e-07 -0.00044682 1.65104e-06 0.000378882 1.87771e-05 -0.00100455 1.4945e-05 0.000204541 -0.00012943 1.93549e-05 0.000264357 6.48271e-05 -5.83191e-05 -0.000886029 -2.93845e-05 0.000271295 -1.21621e-05 -0.0012395 0.000138951 0.00214765 -0.00013623 -1.81034e-05 -0.000184307 2.35933e-05 -9.54518e-06 2.82536e-07 5.44886e-05 -1.16249e-05 -2.76366e-07 4.51151e-05 -1.96592e-05 -6.8467e-06 -2.086e-05 3.18006e-05 3.064e-05 -2.42185e-07 -2.17649e-07 -0.000220166 -0.000236214 6.38933e-06 9.50221e-06 8.83152e-06 -7.04603e-06 8.14709e-05 -1.57305e-05 3.01101e-06 -1.71362e-06 1.09071e-05 0.00054952 2.2032e-06 0.000671268 3.99965e-05 -0.000159114 -0.000539219 0.000272997 0.000763637 0.000328523 5.75418e-05 1.12881e-05 1.61331e-07 4.59354e-05 -0.00115812 6.4919e-05 -1.7225e-05 -1.70394e-06 2.77996e-05 2.3886e-05 2.50007e-06 8.26765e-06 2.11593e-05 -1.29993e-06 0.000359039 1.18747e-05 1.03247e-06 3.43989e-07 -0.0011532 6.06367e-05 0.000810604 2.00533e-05 8.94567e-05 0.00090484 -6.35233e-05 1.30882e-06 -1.07683e-05 0.000390785 -0.000928315 5.30639e-05 8.18693e-07 -0.000554312 -7.64901e-05 4.37457e-05 -0.000492958 -0.00016938 -0.000291186 0.00023626 6.45992e-06 9.40936e-05 0.000171887 
0.0240953 0.051048 -1.29991e-05 -0.0334901 -0.0010066 0.00124589 -5.95801e-05 -0.0592736 7.14727e-07 0.0129064 0.0344991 0.000299064 -0.000484602 0.0144601 0.00235872 -0.0621051 0.000816762 0.00145128 -0.022686 -0.0131196 -0.00962919 -0.00013623 0.0928083 -0.0135679 -7.46521e-05 -0.00157339 0.00152683 1.99686e-05 -5.98241e-06 -0.00908251 9.56146e-05 0.000621593 0.000739702 -0.00015558 0.00425146 -0.00410559 -0.00200309 0.00128559 6.69546e-05 0.00502184 -0.0142991 -7.49104e-05 0.000606315 0.000338057 -0.000259604 -2.16288e-05 -0.00111716 -0.000247008 0.00438866 -0.000417966 0.000940779 -0.000557747 0.0420782 -8.86804e-05 -0.00640906 0.0124162 -0.0134391 -0.000337301 -0.000118213 -0.000287599 1.79017e-06 2.13835e-06 9.70199e-05 0.0218972 -3.4655e-05 -0.000567225 -0.000222503 -0.000494105 8.78305e-05 2.77433e-05 0.000175605 -0.000970987 -0.000254404 -0.0137896 -0.00324277 0.000275333 -0.000136851 -0.0423651 -0.0423377 0.00097449 -5.33873e-06 -0.000386303 0.0251291 -0.00562358 -2.2613e-05 0.00241097 -0.0056479 0.0267258 -0.00222121 0.000126745 -0.0340581 0.0126222 -4.24611e-05 0.0192595 -0.0291119 0.0366726 -0.000165233 0.000384001 -0.00619806 0.00088851 
-0.0951028 -0.0234263 7.23569e-05 0.0670411 0.00264954 -0.00104088 0.000200812 -0.0549621 -4.51919e-06 -0.0107724 -0.0859022 0.000660107 0.00276965 -0.00208018 -0.00271718 0.00568206 0.00933517 -0.000575795 0.101194 0.0170563 0.0618281 -1.81034e-05 -0.0135679 0.123561 0.000195224 0.00659157 0.00137848 -9.58238e-06 -0.000105741 0.0355175 2.1654e-05 -0.000699021 -0.00183866 0.00135768 -0.00134141 0.0035501 0.00983773 -0.000217507 -3.11712e-06 -0.079334 0.0137257 -4.39979e-05 -0.000454382 0.000152446 0.00244478 4.12294e-06 -0.000271437 0.00017054 -0.000938824 0.00355403 -0.00100239 0.00109509 -0.0168625 -3.1828e-05 0.0364948 -0.0984922 0.0858013 -0.00133409 0.000322709 0.00128039 -1.18642e-06 4.05703e-06 -9.1443e-05 -0.0990696 -4.26294e-05 -0.00128281 0.00132468 0.00295729 -3.4101e-05 5.20861e-06 0.00199889 0.00159211 -8.46272e-05 0.0921539 0.00472037 1.20305e-05 0.000381581 -0.0445172 0.00875723 0.00479007 -1.60683e-05 0.00479031 -0.0168653 0.0441537 0.000287365 -0.000397926 0.0408421 -0.0918265 0.017269 5.65377e-05 0.0536591 -0.0876121 7.49242e-05 -0.102239 0.0821361 -0.0683433 -0.000224603 -0.000231355 0.0486455 -0.000127576 
-0.000282096 -0.00142043 -9.44772e-06 0.00089159 1.46331e-05 -4.42235e-05 -7.47651e-05 0.00121077 -1.59645e-05 -0.000148687 -0.000509235 4.00407e-06 -0.000124172 -9.24505e-05 2.55763e-05 0.00128214 -0.000208794 -3.07975e-05 0.00040168 0.00134952 9.84878e-05 -0.000184307 -7.46521e-05 0.000195224 0.00190895 2.82009e-05 2.1194e-07 3.12286e-08 -0.000572454 0.000110276 -4.67073e-06 -0.000808536 1.31188e-05 1.22067e-05 -4.46338e-05 3.60844e-05 3.72691e-05 -8.72228e-07 -8.84993e-06 0.000974232 0.000287441 -4.57029e-06 -7.17673e-05 -6.44577e-05 -6.36241e-05 -0.000135209 -0.0001603 -8.37875e-05 -1.5116e-05 1.49369e-05 -0.00146215 -6.73318e-05 -0.00150744 -0.00033455 0.000222899 -2.80505e-05 -0.000279304 -0.000938629 -3.14354e-05 1.65228e-06 -1.45961e-05 -2.74416e-06 -0.000209309 0.00065632 -0.000130159 -0.000441574 -3.53589e-05 7.07558e-06 -0.000240526 -8.85726e-06 -0.000308613 1.2904e-05 -2.12e-06 0.000155069 2.95409e-05 -6.39093e-06 6.75359e-07 0.00133242 0.000675187 -0.000211211 -0.000104826 -2.62256e-05 -0.000569318 6.18874e-05 -1.78177e-05 8.98157e-06 -5.467e-05 0.00104268 3.07888e-05 -2.95202e-05 0.000579089 -0.000249171 -0.000187533 -8.99565e-06 8.361e-06 0.000496659 -0.00100207 -3.16378e-05 1.21619e-05 -0.000429926 
-0.0106784 -0.00294101 5.10451e-07 0.00732983 0.000198617 -0.000121054 2.52536e-05 -0.00407149 -9.48443e-07 -0.001178 -0.00950859 0.000300768 2.15431e-05 0.000216339 -0.000426038 0.0038536 0.000890348 -7.49795e-05 0.011426 0.00093698 0.00135819 2.35933e-05 -0.00157339 0.00659157 2.82009e-05 0.0155597 5.32672e-05 -5.50783e-06 -9.29645e-06 0.00181482 -1.66332e-06 -6.5389e-05 -0.000176676 0.00202104 -9.75859e-05 0.001437 0.000313075 2.827e-07 -1.72911e-06 -0.0076238 0.00248251 3.00168e-06 0.000223228 -1.90466e-05 -4.35304e-05 -4.77318e-06 0.000856906 0.000103047 -9.13674e-05 0.000156071 -9.74922e-05 0.000101991 -0.00198372 2.1271e-05 0.00824387 -0.0109689 0.00610012 -0.000146116 5.59916e-05 -2.91727e-05 -3.6169e-07 2.0402e-06 4.71144e-08 -0.0104873 -6.94997e-06 -0.000125384 4.60848e-06 0.000286679 -9.46083e-06 5.66173e-06 -4.77728e-05 0.000853495 -1.1225e-05 0.00589735 0.00717638 -4.60157e-06 -9.91763e-06 0.000717375 0.00109493 -0.000386198 -2.1268e-06 -1.64508e-05 -0.00200475 0.000536181 -2.28004e-07 -8.30529e-05 0.000294987 -0.0102347 0.000435634 -2.16661e-06 0.00435227 -0.0120337 -2.45527e-06 -0.0108538 0.0103414 -0.00740588 -3.88775e-05 -1.97068e-05 0.00102124 -4.20471e-05 
-0.00281618 -0.000906038 2.35447e-06 0.00188014 0.00012362 -1.72243e-05 -8.64661e-07 -0.00198264 -2.64753e-07 -0.000185903 -0.00298453 0.00129209 9.31894e-06 -0.000161276 0.00257229 -0.000370119 0.00253827 0.00090138 0.0011821 0.000662893 0.00114965 -9.54518e-06 0.00152683 0.00137848 2.1194e-07 5.32672e-05 0.00499513 0.000106828 -1.92518e-06 0.000726903 0.000114233 -2.20845e-05 -2.50792e-05 0.000403555 0.00226104 7.05005e-05 -2.71837e-05 0.000496624 7.01123e-05 -0.00357151 3.98113e-05 -4.25439e-06 1.12282e-05 0.000513376 0.000109122 9.24964e-07 2.19106e-05 -7.48914e-07 2.77855e-05 0.00137531 -1.93229e-05 1.62249e-05 -0.000581921 -1.88529e-06 0.00202763 -0.00231603 0.000758252 -2.25812e-05 -7.12119e-06 1.64277e-06 1.08389e-05 6.63426e-06 1.56078e-06 -0.00161854 3.3993e-05 -1.66959e-05 6.7937e-06 0.000152486 -6.49302e-06 4.60596e-05 5.43027e-05 3.54467e-05 3.05957e-05 0.00115487 -5.90797e-05 0.000319994 2.83171e-05 -0.00226606 -0.00105015 5.60029e-05 7.25691e-06 9.78162e-05 -0.000640109 -0.000195008 6.32346e-07 0.00148287 -0.000289003 -0.00297551 0.000523763 0.000294064 -0.00114033 -0.0035377 -1.10826e-06 -0.00267021 -0.000305251 -0.00243228 -1.03568e-05 5.11236e-05 0.000862173 0.000571482 
-0.000195655 -5.69e-05 5.66951e-07 -4.60273e-05 2.63776e-05 -3.18393e-06 1.73336e-06 4.0581e-05 -2.71025e-08 -3.12159e-05 -0.000210134 0.000158777 -4.97288e-07 -4.75233e-06 9.89326e-05 8.96696e-05 4.26878e-05 1.02356e-06 1.07453e-05 2.82844e-06 2.24236e-05 2.82536e-07 1.99686e-05 -9.58238e-06 3.12286e-08 -5.50783e-06 0.000106828 0.000415261 -7.88595e-09 3.53364e-07 2.16326e-06 -1.33936e-06 7.77844e-05 7.73383e-06 0.000200312 -1.41206e-05 -7.21771e-07 2.37524e-06 4.88655e-08 -0.000146095 -3.69498e-05 5.23885e-07 -1.31357e-06 5.50122e-06 3.32871e-06 3.78632e-07 -4.71588e-06 -1.02095e-06 4.22039e-06 6.59548e-05 -2.08637e-06 8.01484e-06 -4.88244e-05 1.30322e-06 9.35515e-06 -6.22873e-06 -4.82756e-05 1.53062e-06 4.81766e-07 -8.03591e-07 4.92783e-07 3.54932e-06 -2.34308e-07 1.08144e-05 3.70769e-08 1.78664e-05 -1.24931e-06 8.03926e-06 -7.16866e-07 3.57768e-07 -2.03873e-06 -3.09368e-06 1.96641e-05 -1.91531e-05 1.63836e-05 6.356e-06 -5.67352e-07 -2.47247e-05 -1.34565e-05 0.00021142 1.26069e-06 1.98676e-05 -3.17957e-05 -2.32774e-05 -1.22249e-07 2.22551e-05 -2.87354e-05 -9.46343e-05 2.08632e-05 1.3719e-05 -0.000137976 -0.000289894 -6.96998e-08 -8.23238e-05 -0.000113883 -0.000113218 -1.06801e-06 3.09361e-05 1.949e-05 4.76429e-06 
-1.42068e-05 0.000650624 1.41063e-07 -0.000381427 -4.67841e-06 8.76615e-05 3.42329e-05 -0.000539087 1.33393e-05 9.89073e-06 7.61068e-05 -3.62622e-06 0.000160779 0.000130234 -1.07395e-05 -0.000544321 4.21069e-05 1.08733e-05 -0.000152877 -0.000683232 -2.45626e-05 5.44886e-05 -5.98241e-06 -0.000105741 -0.000572454 -9.29645e-06 -1.92518e-06 -7.88595e-09 0.000868744 -5.53096e-05 2.00052e-08 0.000468305 -8.94275e-06 6.54632e-09 1.33229e-06 1.29691e-05 -1.68203e-05 -1.29374e-06 4.41662e-06 -0.000556413 -0.000132704 -4.1333e-07 1.04004e-05 5.5218e-06 -2.09723e-06 0.000108981 7.99994e-05 -3.35136e-07 -7.13248e-06 -7.49043e-06 0.000548629 4.44725e-06 0.000686976 0.000291479 -8.67051e-05 -7.12484e-05 -9.35567e-05 0.000157327 3.48586e-05 -2.0657e-06 1.39143e-05 2.69098e-06 0.000103817 -0.000356075 1.96771e-05 0.000325151 1.62627e-05 -4.29901e-06 0.000135523 -1.62497e-07 8.16548e-05 -3.75401e-06 1.0251e-06 2.28215e-05 -1.61151e-05 1.97279e-06 -1.0708e-06 -0.000626285 -0.00045949 0.00022752 0.000103366 3.25019e-05 0.000399513 -5.09857e-05 -1.36562e-07 -3.61667e-06 -7.16417e-06 -0.000439652 -8.29224e-06 1.58275e-06 -0.000289392 0.000107725 0.000179304 -0.000106443 -0.000232657 -0.000329735 0.000453141 1.01178e-05 -4.23151e-05 0.00028016 
-0.0607522 -0.0158058 7.14411e-05 0.0429485 -0.000387797 -0.00061602 -2.5497e-05 -0.021034 -5.69578e-06 -0.00348953 -0.0544084 0.000655944 -9.91892e-07 0.00297078 -0.00218556 0.0136815 6.75155e-05 -0.000332453 0.0566104 0.00711184 0.0359266 -1.16249e-05 -0.00908251 0.0355175 0.000110276 0.00181482 0.000726903 3.53364e-07 -5.53096e-05 0.08351 6.57743e-06 -0.000374573 -0.00118387 0.000148233 -0.00049884 0.00698526 0.0021524 -0.000138666 -7.0455e-06 -0.0457891 0.0317013 -6.0892e-05 -0.000161443 4.23694e-05 0.00227111 4.47842e-05 0.00118984 0.000605523 -0.000840732 0.00312338 -0.000580409 0.00153611 -0.0106003 1.51707e-05 -0.00137134 -0.0491163 0.0419962 -0.000825085 -4.49476e-05 0.00131657 6.39758e-07 -1.04117e-06 8.80181e-05 -0.0572965 1.32575e-05 -0.00081085 0.000287352 0.00164583 -8.38357e-05 -1.81095e-05 0.000254745 0.00148723 0.00156195 0.0465165 0.00361006 -3.12457e-05 0.000150067 -0.0214418 0.00773548 -0.00358858 -1.11681e-05 0.00208703 -0.00823473 0.0147053 3.1047e-05 0.000751376 0.00758188 -0.0545363 0.00392538 -2.67401e-05 0.0257518 -0.0416534 -3.08684e-05 -0.0579261 0.049644 -0.0443651 -0.000121594 -6.04956e-05 0.0276609 -0.000323588 
-9.25116e-05 -3.06666e-05 -2.69523e-08 9.81407e-06 -1.54347e-06 -5.28147e-07 5.24682e-08 -7.68787e-05 -7.04423e-09 -1.21357e-05 -8.27422e-05 6.60638e-05 -2.61461e-07 -6.9281e-06 0.000105963 -8.4158e-05 9.93211e-05 4.97093e-05 2.33912e-05 2.1482e-05 -1.72428e-06 -2.76366e-07 9.56146e-05 2.1654e-05 -4.67073e-06 -1.66332e-06 0.000114233 2.16326e-06 2.00052e-08 6.57743e-06 0.000168645 -1.23329e-07 2.49096e-07 2.21678e-05 0.000105935 -3.61074e-06 -3.57711e-06 9.41416e-06 4.96393e-06 -0.000120711 3.03156e-08 1.6511e-07 -5.94411e-07 5.88986e-05 1.69418e-06 -5.73978e-08 -1.58401e-06 -2.86178e-07 8.92453e-07 5.12617e-06 2.70477e-06 -1.08507e-08 -2.08713e-05 1.30466e-09 6.0282e-05 -9.19171e-05 -7.42892e-06 2.14553e-06 -1.76829e-07 3.21346e-07 1.2103e-07 2.89967e-08 3.69177e-07 -1.77092e-05 3.54176e-07 4.45558e-06 6.18597e-07 4.19391e-07 2.02273e-07 5.93371e-06 6.62758e-06 5.32216e-06 1.63089e-08 1.74193e-05 1.40602e-06 3.36007e-05 1.21965e-06 -9.5561e-05 -8.86644e-05 -2.67725e-06 6.58727e-06 4.74669e-06 -2.10711e-05 -2.06593e-06 -3.89592e-09 7.51087e-05 -9.95525e-06 -9.10445e-05 5.92242e-06 9.30328e-06 -4.10899e-05 -0.000116566 3.83705e-07 -7.24923e-05 -2.66835e-05 -6.66904e-05 5.58347e-07 4.6001e-06 1.37024e-05 4.12227e-05 
0.000952845 0.00349443 -6.19792e-07 -0.00240292 -6.32601e-05 0.000739158 4.26657e-05 -0.00297016 7.13162e-06 0.00121003 0.00163183 -3.80359e-05 9.68328e-05 0.00100114 -7.9582e-05 -0.00305906 0.000116162 0.000115346 -0.00111296 -0.00347097 -0.000347879 4.51151e-05 0.000621593 -0.000699021 -0.000808536 -6.5389e-05 -2.20845e-05 -1.33936e-06 0.000468305 -0.000374573 -1.23329e-07 0.00487695 -6.40087e-05 -1.29121e-05 0.000152338 -0.000114804 -9.72366e-05 -4.99101e-06 3.82941e-06 -0.00139141 -0.00076063 4.38962e-07 3.84423e-05 9.87354e-06 5.35262e-07 2.11423e-05 0.00016113 4.60698e-05 7.16244e-06 -4.50084e-05 0.00132989 -1.35455e-05 0.0036467 0.000211458 -0.000568944 0.000356402 -0.000190536 0.000710805 0.000127249 -1.48474e-05 2.15954e-06 -1.06004e-07 8.31203e-05 -0.000124772 6.88161e-05 0.000472112 3.50032e-06 -2.59292e-05 0.000125266 2.92134e-06 0.000130981 -2.43295e-05 -4.80891e-06 -0.00044484 -8.02132e-06 -1.76008e-06 -6.44318e-06 -0.0025509 -0.00220547 0.000813824 3.53297e-05 -3.15493e-05 0.00245265 -0.000298072 3.03326e-06 -4.41822e-06 -0.000196624 -0.000668267 -0.000124832 3.69148e-05 -0.00178615 0.000743899 6.895e-05 0.000875757 -0.00112011 -0.00128505 0.000880748 2.87248e-05 -0.000263389 0.000899536 
0.00299182 -0.00106815 1.67413e-06 -0.00597249 -0.000159021 -1.12721e-05 -4.61489e-06 -0.000807823 -9.13144e-07 0.000283059 0.00354385 0.000186456 -5.84211e-05 -0.000348383 -0.000308458 -0.00697751 -0.000268495 -3.30716e-05 -0.00274956 0.000332413 -0.00119347 -1.96592e-05 0.000739702 -0.00183866 1.31188e-05 -0.000176676 -2.50792e-05 7.77844e-05 -8.94275e-06 -0.00118387 2.49096e-07 -6.40087e-05 0.0131474 -3.85581e-05 0.000231987 -0.00051977 -0.000278681 4.79353e-05 -3.21815e-09 0.00141472 -0.00201608 2.82239e-05 2.84566e-06 2.27902e-05 -5.52287e-05 -4.49436e-06 -0.000140501 -2.80609e-05 8.37624e-05 -9.57078e-05 -7.47315e-05 -6.54359e-05 -0.000861054 -1.37234e-05 -0.000842292 0.00334759 -0.0015322 9.11539e-06 -3.06247e-06 -2.50531e-05 -4.41988e-07 1.25075e-06 -4.07482e-06 0.00280045 -1.65999e-06 -7.70709e-05 -3.87669e-05 -5.10103e-05 2.88099e-05 -6.73902e-07 -7.6997e-05 -9.63278e-05 -1.60577e-05 -0.00182209 -0.000392291 -5.37507e-07 -1.37244e-05 0.00105933 -0.000194927 -6.26414e-05 -1.67537e-06 -8.82497e-05 -0.000446184 -0.000801829 -3.77436e-06 2.94538e-05 -0.000928107 0.00407785 -0.000307657 -5.14719e-06 -0.0047052 0.00124894 -4.66719e-06 0.00282038 -0.00388046 0.00621452 -3.329e-05 1.24184e-05 -0.000807601 -6.36199e-05 
