0.00071346 -1.50406e-05 1.16091e-05 1.07831e-06 -0.000372367 4.70129e-05 -0.000118532 -8.24945e-08 2.0195e-06 1.76284e-05 2.67651e-07 -0.000161257 -5.39634e-07 3.85174e-05 0.000121496 7.07481e-05 3.16869e-07 -9.76337e-07 -1.12956e-05 8.71839e-05 -2.16894e-06 1.64289e-05 0.000127416 3.96697e-06 1.81607e-06 -8.74637e-08 2.71454e-05 -9.62372e-06 -8.37477e-05 -0.000248285 1.59013e-06 -6.96769e-05 -7.76039e-07 -6.01923e-05 -2.65801e-05 3.50345e-05 -4.2341e-06 0.000247569 3.42634e-05 -2.16351e-05 -0.000320826 2.8581e-05 1.73305e-05 3.78087e-05 5.45651e-07 -9.09609e-07 0.000128969 0.000249466 1.68435e-06 2.98937e-06 -2.10498e-05 -3.9251e-07 0.000166915 2.48703e-07 -2.03591e-07 0.000235459 -5.67008e-06 1.21451e-05 4.42942e-05 6.42706e-07 9.21339e-06 2.95167e-05 -2.27752e-06 2.30744e-06 -3.47571e-06 1.09456e-06 -0.00030018 2.63766e-06 -0.000415666 -6.90431e-06 2.12529e-06 3.93197e-05 -6.56318e-08 -2.1614e-08 2.4144e-06 -4.18349e-08 -1.74532e-05 4.7689e-06 -0.000306571 2.8543e-05 -3.35987e-05 -2.98392e-08 -2.81826e-05 0.000201284 9.87118e-08 9.42446e-05 -6.90992e-07 -4.85533e-05 8.06977e-05 6.15733e-07 -3.96643e-08 -5.1181e-07 -5.10622e-05 4.27618e-06 -0.000218307 1.49696e-09 5.06794e-05 -9.4059e-05 -3.80882e-06 1.66781e-07 
-1.50406e-05 0.0877064 -0.000344446 -2.81512e-05 -0.0326524 0.00579164 -0.0116416 8.11575e-06 -0.00690587 -0.00119212 -9.93984e-05 0.00542646 5.8693e-06 0.000865198 -0.0041578 0.0054777 2.85498e-06 0.000245046 -0.00936193 0.0427886 0.00128486 -0.00142029 0.0144648 -0.000410667 -2.78455e-07 1.00964e-06 -0.00136629 -0.00297529 -0.0192077 -0.0301927 3.5531e-05 -0.0312705 0.00160804 -0.0092115 0.0104096 1.37118e-05 -0.0017505 0.000763601 -0.000268816 -0.000150064 0.014525 -8.71689e-05 -5.52694e-05 0.00767139 -1.46689e-06 -0.000148241 -0.00396072 0.00407846 -0.000236253 -0.0153115 -0.00211553 -5.9076e-05 0.0395079 -0.000292269 7.90263e-06 -0.000904611 1.53584e-05 -2.97419e-07 0.00223542 -3.60673e-05 -0.000919663 -0.000484344 -0.000316011 -8.58494e-05 0.0108441 -0.000164769 0.00725837 0.0028845 -0.0146427 -0.00086416 -0.000274707 -0.000854295 0.000140547 -4.91183e-06 -2.19948e-05 -4.24975e-05 0.00639172 -0.000936363 -0.0217102 0.00618464 -0.00373433 4.00063e-07 0.00589971 0.014346 -1.04073e-06 -0.00315395 -6.49505e-05 -0.0170451 -0.00167295 -1.38759e-06 -7.21475e-05 0.000291369 -0.0112828 -2.10582e-05 8.87355e-05 -1.04148e-05 -0.00101186 -0.0324891 0.000387774 5.69009e-05 
1.16091e-05 -0.000344446 0.00419003 3.3739e-06 0.000172498 0.000195276 -0.000305366 -4.39509e-07 -0.000243144 -5.72672e-05 -3.2682e-06 -0.000594997 -4.46904e-06 -4.13963e-05 0.000793316 -9.96397e-05 8.16816e-06 7.90911e-06 0.000188833 -0.000153166 3.51107e-05 -2.95788e-05 -8.76626e-05 -4.36022e-06 1.09271e-07 -3.38795e-07 -6.53206e-05 -0.00019957 -0.00018899 -0.00119672 2.2988e-07 0.000194966 -2.58325e-05 -2.18813e-05 9.8524e-05 0.000299372 2.08678e-05 0.000765273 6.54168e-05 -7.83814e-05 -0.000986336 -5.82898e-05 -4.95633e-06 0.000168514 4.08991e-08 -6.94899e-06 -8.08481e-05 -5.47576e-05 1.10136e-06 -0.000422695 -0.000238261 7.64423e-06 0.000384224 1.02478e-05 -1.16652e-06 6.27098e-05 0.000145516 -5.84657e-07 -5.77155e-05 1.69941e-05 -5.558e-05 0.000312874 0.000245517 1.19702e-07 0.000378734 1.26914e-05 -0.00109825 0.000156991 -0.0012837 6.13312e-05 -7.44631e-06 -4.25196e-05 -2.86354e-07 6.5244e-06 -4.98546e-07 1.96483e-07 -0.00179957 -3.48797e-05 0.000699722 -3.59085e-05 -0.000114915 1.01748e-06 -0.000478348 0.000587536 -1.34668e-07 -3.88259e-05 5.20082e-05 0.000399995 -9.50258e-05 2.23219e-09 -2.92373e-06 -3.85746e-06 0.000188263 8.89911e-07 -0.000713064 3.06707e-06 5.47174e-05 0.000470222 -2.13112e-05 5.53533e-06 
1.07831e-06 -2.81512e-05 3.3739e-06 0.00040372 -0.000164748 -1.22787e-05 8.89966e-05 -4.6666e-08 0.000100186 1.39919e-05 -6.67859e-07 -6.32917e-05 1.50547e-06 8.20946e-06 -1.14462e-05 5.68399e-05 8.87647e-08 -3.01533e-07 0.000110685 8.4083e-05 -4.5264e-07 6.11287e-06 7.13804e-05 2.21998e-05 4.38447e-07 4.33856e-07 1.55982e-05 3.9423e-05 -0.000144892 -0.000135962 7.84078e-07 -0.000120912 4.92489e-07 1.81797e-05 6.05815e-05 1.50865e-05 -5.35394e-06 -1.10181e-05 3.23111e-05 -8.85224e-06 -3.14552e-05 9.13451e-06 2.89662e-06 -9.00996e-05 -9.43083e-09 2.46462e-07 8.67892e-06 -1.00223e-05 3.36817e-07 -0.000170644 3.42279e-06 -1.64969e-07 -0.000111722 1.80768e-06 1.12483e-06 8.11151e-06 2.54471e-05 4.74015e-07 -2.91723e-06 -2.47176e-07 3.50455e-06 -3.33638e-06 3.12017e-05 -4.3638e-07 0.000228497 -7.29087e-07 -0.000120225 5.53613e-05 -5.2406e-05 1.31259e-05 -2.66441e-06 1.95505e-05 -3.08265e-07 5.05012e-07 5.6726e-07 -1.99028e-07 -9.32321e-05 1.14526e-05 -7.57146e-05 -9.21857e-08 -1.59605e-05 5.9787e-08 -8.24452e-06 -1.52037e-06 1.05026e-07 -6.21335e-06 2.98817e-07 -5.4205e-05 6.34057e-05 -6.1848e-09 -2.47774e-07 -4.78086e-07 -4.93666e-05 1.26042e-06 7.18593e-05 3.04984e-07 -3.77428e-06 -0.000114474 1.1003e-05 -3.31643e-08 
-0.000372367 -0.0326524 0.000172498 -0.000164748 0.203723 -0.00883219 -0.0293126 -4.87673e-05 -0.0381644 -0.00772714 0.000248266 -0.00741429 -0.000325129 -0.00790586 0.0116712 -0.0212225 -7.52898e-05 7.11454e-05 -0.037671 -0.0833894 -0.00191681 -0.00943625 -0.0304616 -0.00327186 -0.000114418 -4.61112e-05 -0.00368487 -0.0273806 0.0161718 0.0677234 -0.000105952 0.0874264 -0.00245622 -0.0143117 -0.0255908 -0.00180593 0.00229979 -0.0083876 -0.00207539 -0.00080092 -0.0211966 -0.0126154 -0.000612271 0.0412303 -2.30944e-05 -0.00160498 -0.0199043 -0.00470514 0.000602947 0.0669299 -0.00810138 -0.000263565 -0.0738509 1.3139e-05 -0.000191105 -0.00531791 -0.00142253 -9.0523e-05 -0.00867495 8.19793e-05 -0.00999606 0.000832186 -0.00154701 -0.00013597 -0.068644 -0.000380172 0.0086753 -0.00510099 0.0717166 -0.0057538 -0.00398916 -0.00663311 9.36753e-05 -6.259e-06 -0.000122746 -0.000186131 -0.0147458 -0.00625907 0.0799884 -0.00633042 -0.00886569 -4.97391e-06 0.00568912 -0.077487 -8.57952e-05 0.00110504 0.000167813 0.0493388 -0.0217724 -9.93753e-06 -0.000506425 3.96127e-05 0.0386669 -0.000297754 -0.0354399 -9.81661e-05 -0.000592353 0.0890347 -0.00295847 -6.53836e-05 
4.70129e-05 0.00579164 0.000195276 -1.22787e-05 -0.00883219 0.0959707 -0.00339825 -8.26818e-05 -0.0113668 -0.0108724 2.72837e-05 -0.00721879 -0.00019801 0.00135941 0.0038659 0.00277644 -9.24104e-06 -0.00078042 -0.0120719 0.028443 -0.00374855 0.000436737 0.0059677 -0.00126168 -0.000101363 -3.56667e-05 0.00276041 -0.010129 -0.0162673 -0.0377893 -3.69749e-05 -0.0198785 -0.0007172 -0.00677775 0.00194335 0.000332507 0.00178529 0.00301494 0.000281187 -2.34588e-05 0.00176547 -0.00702677 -2.60572e-05 0.00910759 1.32681e-06 -0.00193447 0.0026169 0.00414489 3.86235e-05 0.0029289 0.00378023 -0.000360779 0.0323568 -0.000694566 -0.00014662 0.000469178 0.000716803 -3.27644e-06 0.000582715 2.08825e-05 -0.00816224 0.000566837 0.000306185 -0.000384566 0.0259065 -0.000324346 0.00831181 0.000474119 -0.0134992 -0.00089539 -0.00330264 -0.00639006 -8.55907e-05 -1.45744e-05 3.98121e-05 -8.35519e-05 -0.0241643 -0.00705143 0.00471393 5.12693e-05 -0.0115427 -2.08791e-05 -0.0406224 0.0356943 -7.7834e-05 0.0039047 -3.24935e-05 -0.0115519 0.00359963 -9.05329e-06 -5.68264e-05 -0.000474132 0.0110319 -6.87064e-05 0.0158462 -6.95594e-05 0.000111968 -0.0332914 -8.80891e-05 -2.20845e-05 
-0.000118532 -0.0116416 -0.000305366 8.89966e-05 -0.0293126 -0.00339825 0.146218 -1.30192e-05 0.0341226 -0.00124564 3.81803e-06 0.00995836 -5.49938e-05 -0.00145162 -0.0072973 -0.00235491 -5.92435e-07 -0.000202001 0.0369321 0.0110874 -0.000755439 0.0113118 0.00219006 -0.000901209 2.78663e-05 5.11496e-05 0.00447226 0.0256629 -0.0455746 -0.0230226 -2.83284e-05 -0.051128 -0.0001332 0.0344625 -0.00825445 -0.000463502 -0.00308274 -0.00373906 -0.000311009 0.000210114 0.0245547 -0.00171316 -0.000322633 -0.0465334 -3.15629e-06 -9.13486e-05 -0.00171941 -0.00270467 -0.000447439 -0.067659 0.00974436 -7.66635e-05 -0.013495 -0.000229397 5.58626e-05 -0.00139468 -0.00107219 2.55094e-05 -0.00219242 -0.000133952 0.0033896 -0.000343195 0.000356463 -0.000350957 0.0197042 -7.41802e-05 -0.0016744 -0.00213374 0.0310101 0.00584901 -0.000619712 -0.00113734 0.000115862 -3.42231e-06 2.71368e-05 -1.53547e-05 -0.0488956 -0.0015889 -0.0112214 -0.00161243 0.0109137 -6.89288e-06 -0.00194779 0.00735938 1.7377e-05 -0.00178314 -0.00025441 -0.0155895 -0.00521236 -2.46345e-06 0.000426998 -0.000108407 -0.023209 5.57999e-05 0.0677568 2.45692e-05 -0.00225028 -0.0466231 0.00297123 7.81194e-05 
-8.24945e-08 8.11575e-06 -4.39509e-07 -4.6666e-08 -4.87673e-05 -8.26818e-05 -1.30192e-05 0.00011553 3.48478e-05 8.35831e-05 2.25349e-06 -8.05103e-07 9.95199e-07 -1.5498e-06 3.70736e-06 -2.38333e-06 3.71056e-07 -1.764e-07 2.49184e-05 -2.9015e-05 3.16623e-05 -2.35845e-06 -6.01784e-06 6.47127e-06 1.12172e-05 -1.41544e-08 3.52061e-06 2.61283e-05 1.21496e-05 -2.91457e-05 3.63781e-06 9.90004e-07 -1.99635e-07 2.10903e-05 -5.12338e-06 -5.23126e-07 -8.3748e-07 -1.56453e-06 -3.65883e-07 -1.51939e-05 -7.33893e-05 7.34824e-05 4.71828e-06 -4.96991e-05 1.77745e-08 9.93371e-07 -5.23705e-06 -3.79314e-06 1.78681e-06 -3.61079e-05 -3.08705e-06 5.18182e-06 -3.04158e-05 -3.98317e-07 4.36705e-06 -2.28296e-07 8.8105e-06 5.63635e-08 2.01426e-06 1.10353e-06 5.74119e-05 -1.14015e-06 -5.03975e-07 1.59284e-07 -3.01303e-05 8.22901e-08 -6.89633e-05 -1.62219e-06 -5.74567e-05 -9.4506e-07 8.55666e-06 4.80772e-05 3.03633e-07 2.23805e-07 -5.3232e-08 1.59728e-07 -3.0954e-05 3.54133e-05 -6.85151e-05 7.78392e-06 7.15557e-05 5.17106e-09 2.74144e-05 -6.25984e-05 1.75523e-06 -2.60971e-06 5.72885e-06 -9.41228e-06 -1.55594e-06 4.1564e-08 -7.58443e-09 2.09895e-07 -7.83994e-06 1.53377e-07 3.34384e-05 5.29425e-06 2.01638e-06 -1.27077e-05 2.76251e-07 -1.00638e-07 
2.0195e-06 -0.00690587 -0.000243144 0.000100186 -0.0381644 -0.0113668 0.0341226 3.48478e-05 0.0685877 0.00772991 1.01934e-05 0.00438903 0.000407649 0.00111569 -0.0031859 0.000216437 8.65176e-06 -0.000103365 0.0567255 -0.00474536 0.00135872 0.00358704 -0.00181286 0.00239208 5.9118e-05 2.58223e-05 0.00233734 0.0296735 -0.000189095 -0.00751088 5.96952e-06 -0.0231196 -0.0005917 0.0320801 -0.00344815 -0.000257361 -0.00126806 -0.00225287 -4.13018e-05 0.000338877 0.00337682 0.0066618 -5.91046e-05 -0.0559374 4.41626e-06 0.00190943 0.00144912 -0.00298209 -0.000127354 -0.0506562 0.0010657 0.000311354 -0.0127611 -4.41209e-05 0.000181344 -0.000778861 -0.000942269 6.13397e-06 -0.00073309 -1.80196e-05 0.0095465 -0.000662179 -0.000153928 8.36431e-05 0.014082 0.000113081 -0.0204592 -0.000859217 0.000628232 0.00522308 0.00254809 0.00594752 3.63269e-05 8.12169e-06 3.38563e-05 0.000235527 -0.0320056 0.0064342 -0.0113128 -0.0002604 0.016248 -1.65916e-06 -0.00914636 0.0062134 6.79955e-05 -0.00285396 -9.14121e-05 -0.0125326 -0.00152555 8.049e-06 0.000228402 -3.8564e-05 -0.0108659 0.000236735 0.0300575 3.45869e-05 -0.000873764 -0.0250722 0.000470638 0.000201078 
1.76284e-05 -0.00119212 -5.72672e-05 1.39919e-05 -0.00772714 -0.0108724 -0.00124564 8.35831e-05 0.00772991 0.0147507 0.000271957 0.000899943 1.30125e-05 1.59722e-05 -0.000395539 0.000208789 1.39934e-05 -1.11156e-05 0.00802095 -0.00408207 0.00132797 0.000267269 -0.000814742 0.00225824 0.000108104 4.03219e-06 -0.000326258 0.00655022 0.00248454 -0.00394442 5.22725e-05 0.000165998 -0.000113658 0.00251631 -0.000492856 7.03605e-05 -0.00011926 -0.000380535 8.49196e-06 3.61871e-05 -0.00961837 0.0098277 0.000167633 -0.00758308 1.33956e-06 0.00176325 0.000268118 -0.000574076 9.0382e-05 -0.00586678 -0.000651483 0.000388469 -0.00376447 5.9553e-05 0.000129623 -1.12191e-05 0.000627924 5.6573e-06 0.000251371 4.932e-05 0.00745751 -5.60299e-05 -4.16174e-05 0.00028866 -0.000829353 7.22396e-05 -0.0091347 -0.000157552 -0.00932183 -5.52763e-05 0.00352785 0.00813447 2.86617e-06 6.47709e-06 -6.28576e-06 6.74372e-05 -0.00466191 0.0083354 -0.0101682 9.94214e-05 0.0089859 9.02415e-06 0.00041025 -0.000905027 7.30886e-05 -0.00044628 1.56847e-05 -0.000965099 -0.000230757 1.0644e-05 -3.81403e-06 -1.0795e-06 -0.00186745 3.85027e-05 2.67794e-05 4.9435e-05 0.000215309 -0.000661112 2.42087e-05 -1.39747e-05 
2.67651e-07 -9.93984e-05 -3.2682e-06 -6.67859e-07 0.000248266 2.72837e-05 3.81803e-06 2.25349e-06 1.01934e-05 0.000271957 0.0030473 -0.000995565 -2.49942e-06 2.66756e-05 0.000233233 0.000215778 3.63684e-07 3.03586e-06 -3.26885e-06 -3.2146e-06 4.94314e-05 0.000288038 0.000208143 4.99295e-05 9.8937e-06 1.24555e-06 1.1939e-05 -2.14914e-05 -0.000655305 -0.000862369 8.44286e-08 0.000663998 2.99578e-06 -0.00025987 -5.36355e-05 2.02667e-05 -4.22626e-05 -3.6679e-05 0.000197871 -4.86984e-05 -0.00129803 7.05597e-05 3.60927e-05 -4.34987e-05 -4.7055e-08 -5.75717e-06 2.03411e-05 0.000115513 1.68218e-06 -7.68598e-05 0.000325666 2.41658e-06 -0.000933026 8.54939e-06 1.35506e-06 -3.93381e-05 0.000163021 2.17738e-07 -4.1134e-05 7.23283e-05 0.000218094 9.53334e-06 9.50043e-05 3.24411e-06 -5.61496e-05 -2.37849e-06 -0.000341026 0.000266681 -0.000211775 -1.40756e-05 -8.28991e-06 0.000146811 -1.25095e-07 -1.63887e-07 8.60511e-06 7.90395e-07 -0.0011729 9.01138e-05 1.37924e-06 -1.5066e-05 0.000165115 7.55862e-08 -0.000300872 -0.000637068 -2.64155e-07 8.35853e-05 8.61648e-06 0.000224462 3.19077e-06 -1.68073e-08 1.90179e-06 -2.56822e-06 0.000646741 1.57722e-06 -0.000559031 2.10376e-07 -1.58794e-05 0.000474524 3.68601e-06 -2.41778e-06 
-0.000161257 0.00542646 -0.000594997 -6.32917e-05 -0.00741429 -0.00721879 0.00995836 -8.05103e-07 0.00438903 0.000899943 -0.000995565 0.0664882 7.14037e-06 -0.00228613 -0.0283794 -0.00959103 -8.49938e-05 -0.000313288 0.0065752 0.00820082 -0.000484875 -0.00107682 -0.015475 -0.000124783 -3.3298e-06 6.75669e-06 -0.00902565 0.00149296 0.0215749 0.015285 -8.43106e-05 -0.0259229 2.39849e-05 0.00893771 0.00149368 -0.00104303 -0.0115567 -0.00352575 -0.00287699 0.00391774 0.0358503 0.00117876 -0.0012887 -0.00560236 -8.07783e-06 0.000124626 -0.00509215 -0.00305809 -0.00203154 -0.0155136 -0.00180891 -0.000150826 0.0199125 -0.000682321 9.0119e-06 -0.00233671 -0.00304665 -6.28916e-05 0.000223216 -0.000555847 0.00107937 -0.00328995 -0.00194735 5.56178e-05 0.00783832 -0.000418653 0.0141426 -0.00532658 0.0086599 0.000678991 0.000184814 0.00021393 -0.000322878 -3.13535e-05 -0.000132159 -3.54464e-06 0.0167078 -0.000610561 -0.00520456 -0.000583337 0.00324353 -1.09602e-05 0.0103492 0.00415144 -8.91302e-06 -0.00599195 -1.79467e-05 -0.029156 -0.00701186 -1.4533e-06 -0.000260611 1.1215e-05 -0.0377513 -0.000145157 0.0232783 -1.32636e-05 -0.00461866 -0.0303808 0.000219597 -8.60556e-06 
-5.39634e-07 5.8693e-06 -4.46904e-06 1.50547e-06 -0.000325129 -0.00019801 -5.49938e-05 9.95199e-07 0.000407649 1.30125e-05 -2.49942e-06 7.14037e-06 0.00116531 -1.07553e-05 -3.18779e-05 -4.37244e-06 3.26904e-06 3.64106e-05 0.000423494 -9.84457e-05 5.07184e-05 -2.2927e-05 -2.69501e-05 1.73161e-05 1.00294e-06 2.50412e-07 1.4518e-05 8.56124e-05 -2.72635e-05 0.000197209 5.29095e-08 -0.000294163 1.67514e-06 0.000248063 -4.48625e-05 -4.85709e-06 -1.93974e-05 -2.86729e-05 -3.35904e-06 -3.9935e-05 3.70651e-05 1.01757e-05 -1.09511e-06 -0.000577507 5.05382e-08 4.4682e-06 -5.01805e-06 -4.29883e-05 3.50255e-06 -0.000695092 2.37164e-06 -1.32435e-07 -0.000192041 1.06948e-05 1.31065e-06 7.5618e-05 -1.38463e-05 -1.13488e-08 -1.11049e-05 2.53196e-06 6.81277e-05 -5.3743e-06 -5.05432e-07 8.68513e-06 0.000224505 -7.13782e-07 -0.000144538 -1.08473e-05 0.000167772 1.10718e-05 -3.61866e-06 2.13133e-06 2.07811e-06 7.7447e-08 2.0917e-07 2.79508e-06 -0.000140243 1.96977e-05 -1.40667e-05 1.42741e-05 1.62518e-05 5.79076e-08 1.15923e-06 -0.000117114 1.54163e-07 -3.35174e-05 -1.72059e-06 -9.8712e-05 7.16735e-05 -1.78656e-08 -8.55334e-07 1.99057e-05 -9.96465e-05 4.46461e-06 0.000281878 -2.22989e-07 -8.94879e-06 -0.000320329 2.5312e-06 3.49443e-05 
3.85174e-05 0.000865198 -4.13963e-05 8.20946e-06 -0.00790586 0.00135941 -0.00145162 -1.5498e-06 0.00111569 1.59722e-05 2.66756e-05 -0.00228613 -1.07553e-05 0.0135139 -0.000163209 0.00256232 4.68588e-05 -1.58047e-05 -7.46843e-05 0.00693618 -0.000149887 -0.000193705 0.0032463 0.000786687 1.47232e-06 -1.2485e-06 0.00124436 -4.8961e-05 -0.00020579 -0.00518617 7.81028e-06 -0.00392786 -6.89323e-05 -0.00160763 0.00037985 4.76289e-05 0.000269096 -0.000233577 0.000385788 -0.000614273 -0.000848937 -5.26347e-05 3.58726e-05 -0.000266736 1.55415e-06 -2.14023e-05 0.00224009 -9.01539e-05 -1.54936e-05 0.000661616 -0.000418893 -4.04926e-06 0.00401364 0.000123542 1.17293e-06 0.000685418 0.000290073 8.1643e-06 0.000764339 9.22865e-05 -3.18343e-05 -8.57992e-05 0.000191143 -1.34677e-05 0.00620529 3.66332e-05 -0.00225606 0.000569385 -0.00880178 -7.9324e-05 -2.62972e-05 0.000172201 -1.14908e-05 3.55203e-06 2.84751e-06 -5.89199e-06 0.00250589 -3.74484e-05 -0.00557446 0.000153794 -0.00070237 -2.22638e-07 -0.00154086 0.004174 9.61477e-06 -0.000188332 1.63827e-05 -0.00182967 0.00113922 1.88352e-06 0.000233628 -1.4579e-05 -0.00143624 6.84501e-05 -0.0052182 -1.81132e-06 0.000189339 -0.00366223 -1.97442e-05 -3.51114e-06 
0.000121496 -0.0041578 0.000793316 -1.14462e-05 0.0116712 0.0038659 -0.0072973 3.70736e-06 -0.0031859 -0.000395539 0.000233233 -0.0283794 -3.18779e-05 -0.000163209 0.0423696 -0.00135626 -3.76796e-07 0.000292838 -0.00366703 -0.0126215 0.000188978 -0.000721647 0.00232131 -0.000108456 -6.31533e-06 -5.18121e-06 0.00738436 -0.00217132 -0.00506149 -0.014122 4.57694e-06 0.0251894 -0.000342983 -0.00586934 -0.00200437 0.000209289 0.0113038 0.00459791 6.40608e-05 -0.00324799 -0.0329819 -0.000743026 0.000524409 0.0038899 3.09037e-06 -9.99164e-05 -0.00204375 -0.000177812 0.00196531 0.0114803 -0.00169156 6.67797e-05 -0.0124585 -5.37718e-05 -9.349e-06 0.000518717 -0.000452047 -6.12484e-06 -0.000646881 0.000480869 -0.000621737 -0.000196166 7.01926e-05 7.02978e-05 -0.0128379 4.09588e-05 -0.0154406 5.44563e-05 -0.00648998 -0.000437216 -0.000424355 -0.000133467 0.000344369 1.80529e-05 7.001e-06 7.08871e-07 -0.0165107 0.000673245 0.00993153 -0.000487493 -0.00199506 4.23042e-06 -0.0069819 -0.0144187 -5.3187e-06 0.00672829 0.00017814 0.0316702 -0.00157417 6.54414e-07 -3.68508e-05 -3.12473e-05 0.030399 -7.2225e-06 -0.0139222 -7.91059e-06 0.00444151 0.0248423 -0.000144207 -2.16542e-05 
7.07481e-05 0.0054777 -9.96397e-05 5.68399e-05 -0.0212225 0.00277644 -0.00235491 -2.38333e-06 0.000216437 0.000208789 0.000215778 -0.00959103 -4.37244e-06 0.00256232 -0.00135626 0.0309431 8.79046e-05 -4.51281e-05 -0.00138944 0.0189938 -0.000175814 0.00267916 0.0174672 0.000344252 1.14808e-05 -3.34247e-06 -0.00056116 0.0023962 -0.0159308 -0.012889 0.000132429 -0.0105246 0.000927168 -0.00306743 0.00078876 0.000816477 -0.000557596 -0.00067388 0.00276242 2.1475e-05 -0.00389062 0.00145539 0.000868567 -8.60704e-06 6.1855e-06 4.67514e-05 0.0128418 0.00197661 -6.51672e-05 -0.00131956 -0.00180769 1.73732e-05 0.00369249 -4.94271e-05 1.07218e-05 0.000842965 0.00392844 4.6982e-05 0.00047723 4.1468e-05 0.000261072 -0.000255372 0.00182885 3.064e-05 0.0173554 -1.13724e-05 -0.00906324 0.00470297 -0.0195781 -0.000265985 0.000106388 0.000471579 7.32684e-06 1.01028e-05 0.000191123 -8.70186e-06 0.00756436 0.000517098 -0.0233083 0.00284818 -0.00126537 6.20749e-07 -0.00512951 0.012751 3.52963e-05 0.00395113 2.2307e-05 -0.00571425 0.0111899 5.10511e-07 0.00029561 -2.71609e-05 -0.00487152 0.000317613 -0.0124927 2.07091e-05 -0.000291872 -0.01077 -1.24867e-05 -3.32691e-05 
3.16869e-07 2.85498e-06 8.16816e-06 8.87647e-08 -7.52898e-05 -9.24104e-06 -5.92435e-07 3.71056e-07 8.65176e-06 1.39934e-05 3.63684e-07 -8.49938e-05 3.26904e-06 4.68588e-05 -3.76796e-07 8.79046e-05 0.000135092 3.74239e-07 -4.44248e-06 6.92425e-05 1.06251e-06 1.03223e-05 8.06105e-05 7.22063e-07 6.73845e-07 2.67819e-08 2.05112e-06 3.37315e-05 -7.19589e-05 -5.34823e-05 9.74614e-07 -4.1545e-05 4.04549e-06 -1.01052e-05 1.16234e-06 1.49288e-05 -2.12004e-06 -3.14986e-06 3.29399e-05 -1.74906e-05 -8.05298e-05 8.52036e-06 1.88313e-05 -2.59477e-05 -6.50014e-09 -1.40195e-07 1.56561e-05 6.55653e-06 3.32326e-06 -3.61661e-05 -7.59995e-06 2.89142e-07 7.80001e-06 -4.6577e-07 1.41481e-06 3.55669e-06 6.61032e-05 2.41016e-06 -2.6307e-07 2.96067e-07 3.17848e-06 -8.29761e-07 5.5534e-05 8.5016e-07 6.93785e-05 2.19159e-07 -9.22304e-05 7.74475e-06 -8.02703e-05 -9.67384e-07 2.96108e-06 1.86719e-05 -5.61581e-09 -7.24415e-09 6.2442e-07 5.70086e-07 -2.53677e-05 4.77534e-06 -9.33912e-05 2.9946e-07 4.55732e-06 -5.6467e-09 -1.39997e-05 3.65169e-05 4.76058e-07 2.05255e-07 -2.19276e-07 -2.28464e-05 3.56479e-05 -2.06898e-09 2.59959e-05 -1.59933e-07 -1.97098e-05 3.89891e-07 -4.14089e-05 3.60457e-07 -1.65769e-06 -4.59007e-05 2.7616e-07 9.49276e-08 
-9.76337e-07 0.000245046 7.90911e-06 -3.01533e-07 7.11454e-05 -0.00078042 -0.000202001 -1.764e-07 -0.000103365 -1.11156e-05 3.03586e-06 -0.000313288 3.64106e-05 -1.58047e-05 0.000292838 -4.51281e-05 3.74239e-07 0.00166815 -0.00014178 -0.000314061 0.000148371 -4.31968e-05 -7.56767e-05 -9.6683e-06 6.84428e-07 7.19705e-08 1.78862e-05 -5.92417e-05 0.000124788 0.000200447 -1.92731e-07 0.000183773 1.85418e-06 -0.000179848 3.64427e-05 -2.31295e-06 0.000127157 -3.20101e-05 -5.50742e-07 -0.000153226 -0.000257969 -1.29804e-05 3.51e-08 0.00012159 -8.03891e-08 -2.5064e-06 -7.81011e-05 -4.99207e-05 -1.49494e-06 -0.000200009 -7.76854e-05 7.0423e-07 -0.00050439 2.45397e-05 -2.86475e-07 -2.62527e-05 -7.5585e-06 -1.54114e-08 1.84091e-05 1.0785e-06 -2.53676e-05 -4.92408e-06 -4.19163e-06 2.30709e-05 -0.000399792 1.35207e-06 -0.000101536 3.45954e-07 0.000124989 -1.60166e-05 -1.30087e-05 2.81283e-06 7.43552e-07 6.70763e-08 7.7018e-07 -6.60085e-07 0.000547753 -1.41824e-05 6.75201e-05 1.87878e-05 -7.53377e-05 5.06832e-07 0.000444121 -0.000960282 1.69687e-07 -1.50943e-05 1.57177e-06 0.000145119 -7.66286e-06 -2.55877e-08 -1.2679e-06 4.82754e-05 0.000157794 7.12936e-07 -2.83564e-05 -8.0813e-08 3.89167e-05 0.00041446 -8.46016e-06 7.23538e-06 
-1.12956e-05 -0.00936193 0.000188833 0.000110685 -0.037671 -0.0120719 0.0369321 2.49184e-05 0.0567255 0.00802095 -3.26885e-06 0.0065752 0.000423494 -7.46843e-05 -0.00366703 -0.00138944 -4.44248e-06 -0.00014178 0.0907185 -0.0124831 0.000924152 0.00435203 -0.00378973 0.00201106 7.77105e-05 4.45129e-05 0.00217674 0.0289382 -0.000646108 -0.00907114 -1.22887e-05 -0.0242742 -0.000791039 0.0371099 -0.00489201 -1.3905e-05 -0.00151337 -0.00251672 -0.000256973 0.000222184 0.00432509 0.00664792 -0.000114178 -0.0571876 2.40908e-06 0.00174054 0.00228604 -0.00390484 -0.000174515 -0.0531216 -0.000581543 0.000292258 -0.01141 0.000222023 0.000163732 -0.00119272 -0.00146519 1.27976e-05 -0.00121145 -3.98832e-05 0.00993208 -0.000790613 -0.00034793 4.99108e-05 0.0153168 7.9052e-05 -0.0269146 -0.00126311 0.00159902 0.00752767 0.00342045 0.00634666 3.25789e-05 2.00135e-05 3.23145e-06 0.000227715 -0.0450439 0.00655998 -0.00700363 -0.000718194 0.0179065 -3.58691e-06 -0.0107609 0.00547476 7.52357e-05 -0.00303919 -0.000172818 -0.015414 -0.00349377 9.90157e-06 0.000134197 -6.32166e-05 -0.0108758 0.000181396 0.0408792 3.46199e-05 -0.00128077 -0.0259529 0.000818195 0.000301254 
8.71839e-05 0.0427886 -0.000153166 8.4083e-05 -0.0833894 0.028443 0.0110874 -2.9015e-05 -0.00474536 -0.00408207 -3.2146e-06 0.00820082 -9.84457e-05 0.00693618 -0.0126215 0.0189938 6.92425e-05 -0.000314061 -0.0124831 0.211334 -0.0019773 0.00668344 0.0291214 0.000646006 -2.90579e-05 -8.9431e-06 -0.00568927 -0.00596167 -0.0440931 -0.0943188 -1.55384e-05 -0.0986156 0.00256788 -0.0223714 0.0162862 0.00163311 -0.00559442 -0.00190869 0.00159506 0.00164428 0.0419425 0.00113894 0.000438301 0.0120534 -5.56818e-06 -0.000488629 0.0219114 0.00383762 -0.000730346 -0.0804819 -0.00977555 -0.000171043 0.0694881 -0.000891622 -1.82526e-06 0.00207818 0.0075117 2.99349e-05 0.00302 -8.73314e-05 -0.00283265 -0.0016776 0.00233269 0.000455619 0.135692 2.22459e-05 0.0113756 0.00533316 -0.0598406 -0.00218396 2.91945e-05 -0.00229081 0.000266707 -1.3632e-05 0.000175937 -0.000136004 0.014907 -0.00237337 -0.0638282 0.00570776 -0.0148938 -9.44526e-06 -0.0167358 0.101603 -1.57048e-05 0.00868003 -0.00017961 -0.0528123 0.0237499 -3.77551e-06 0.000359291 -0.000146169 -0.0440854 0.000215449 -0.000578135 -1.69396e-05 -0.00228748 -0.105739 0.00129114 -3.15007e-05 
-2.16894e-06 0.00128486 3.51107e-05 -4.5264e-07 -0.00191681 -0.00374855 -0.000755439 3.16623e-05 0.00135872 0.00132797 4.94314e-05 -0.000484875 5.07184e-05 -0.000149887 0.000188978 -0.000175814 1.06251e-06 0.000148371 0.000924152 -0.0019773 0.0112742 -0.000300199 -0.000373408 -9.56451e-06 3.3897e-05 7.72945e-07 7.20577e-05 0.0010385 0.000586491 0.00038177 5.39319e-05 -5.13426e-05 -5.17574e-05 0.00297868 -0.000339068 -3.77947e-05 -0.000192955 -0.000254212 -2.87522e-05 -0.00019125 -0.00276064 0.00127097 2.68617e-05 -0.00236157 2.15801e-06 0.000114162 -0.000536403 -0.000402161 -1.29642e-05 -0.00265493 0.000312223 2.07057e-05 -0.00229101 -2.95755e-06 5.33138e-06 -0.000170393 -0.000109185 -4.78271e-07 0.000314017 -5.23948e-06 0.0016063 1.56231e-05 -2.93528e-05 2.72108e-05 -0.00272369 3.54322e-05 -0.00105059 -6.59147e-05 0.000207744 -7.1036e-05 0.000179777 0.000595541 -5.01454e-06 1.85188e-06 -4.34737e-06 2.96268e-05 -0.00157546 0.000746614 -0.000289923 0.000108693 0.0013168 5.39005e-06 0.000413166 -0.00275453 3.85519e-06 -0.000252596 5.67583e-05 -0.000547634 -0.000312727 1.60536e-06 -3.28833e-06 2.89372e-05 0.00234209 -4.78439e-06 0.000292355 1.05644e-05 -4.80563e-05 0.000118586 -1.79925e-05 7.42392e-05 
1.64289e-05 -0.00142029 -2.95788e-05 6.11287e-06 -0.00943625 0.000436737 0.0113118 -2.35845e-06 0.00358704 0.000267269 0.000288038 -0.00107682 -2.2927e-05 -0.000193705 -0.000721647 0.00267916 1.03223e-05 -4.31968e-05 0.00435203 0.00668344 -0.000300199 0.0264793 4.9675e-05 -0.000184004 -1.24777e-06 2.08421e-05 -0.00060047 0.00979113 -0.0119654 -0.0111577 7.01712e-06 -0.0085921 0.000141864 0.00401293 -0.00111406 0.000292436 -0.000424502 -0.000722123 0.0010887 2.29675e-05 0.0018328 -6.88885e-06 -3.1042e-05 -0.00841722 6.63769e-07 0.000216099 0.00701384 0.000126782 -6.44107e-05 -0.0125593 -0.000300338 2.29008e-06 0.00336876 -1.5954e-05 2.57414e-05 0.000239191 0.0013976 6.32217e-06 -0.000358033 -1.88603e-05 0.00142034 -9.62735e-05 0.000314675 5.07253e-05 0.00945671 -6.41552e-06 -0.00797202 0.000217622 -0.00460099 0.00330055 9.87983e-05 0.000140641 0.000126981 2.89721e-06 7.25194e-05 -7.37043e-06 -0.0118822 0.000416855 -0.00582793 -0.000204214 0.000336393 -8.30957e-07 -0.00401737 0.00647891 1.98363e-05 0.0028175 -3.14889e-05 -0.00460084 0.000126315 2.33168e-07 0.000158961 -3.02645e-05 -0.00362303 -6.61419e-07 0.00942051 -2.07116e-07 -0.000326995 -0.0084831 0.000758357 -1.87725e-05 
0.000127416 0.0144648 -8.76626e-05 7.13804e-05 -0.0304616 0.0059677 0.00219006 -6.01784e-06 -0.00181286 -0.000814742 0.000208143 -0.015475 -2.69501e-05 0.0032463 0.00232131 0.0174672 8.06105e-05 -7.56767e-05 -0.00378973 0.0291214 -0.000373408 4.9675e-05 0.0535864 0.000367303 1.20702e-05 -6.30993e-06 0.00566173 -9.09993e-05 -0.0318641 -0.0264941 7.36301e-05 -0.0131236 0.000574303 -0.0066603 0.0034651 0.00099846 0.000229692 -0.000522484 0.00245366 -0.00150888 -0.00617076 -0.000386471 0.00101313 0.00311463 6.2e-06 -0.000110466 0.00793002 0.00412088 0.000382537 -0.00127815 0.000491094 5.3909e-07 0.00914146 0.000270995 2.33792e-05 0.00214251 0.00265638 7.38524e-05 0.000487114 0.000362791 -0.000715165 1.06056e-06 0.00172356 -7.37869e-05 0.015384 -4.56279e-05 -0.00725737 0.00764927 -0.0198362 -0.000470596 0.000624477 -0.000160402 -2.7242e-05 7.63048e-06 0.000109545 -2.20406e-05 0.000530526 8.49153e-05 -0.0231899 0.00261769 -0.00301787 7.12221e-06 -0.00856945 0.016361 1.13657e-05 0.00344718 1.03852e-05 -0.0029441 0.0100155 7.16652e-07 0.000334663 -5.22656e-05 -0.00223275 0.000260595 -0.0139173 1.59319e-05 0.000217105 -0.0113359 0.00069681 -5.87203e-05 
3.96697e-06 -0.000410667 -4.36022e-06 2.21998e-05 -0.00327186 -0.00126168 -0.000901209 6.47127e-06 0.00239208 0.00225824 4.99295e-05 -0.000124783 1.73161e-05 0.000786687 -0.000108456 0.000344252 7.22063e-07 -9.6683e-06 0.00201106 0.000646006 -9.56451e-06 -0.000184004 0.000367303 0.0070641 1.26449e-05 -3.51577e-07 -2.22189e-05 0.000697734 0.000283907 -0.0023767 6.92068e-07 -0.0011167 2.30919e-05 -0.000448453 -0.000114328 1.14882e-05 -0.000106378 -0.000188493 1.65993e-05 3.44468e-05 -0.00189361 0.00246184 8.40325e-05 -0.00165425 2.13104e-06 0.000470491 0.000607966 -1.80386e-06 5.16643e-05 -0.00180452 -0.000376607 9.68442e-06 -0.000575555 -1.69802e-05 6.95845e-05 -4.91727e-05 9.07903e-05 9.20506e-06 9.84112e-05 6.58327e-05 0.00119853 -6.32165e-05 -1.62029e-05 6.42188e-06 0.00227496 8.95493e-06 -0.00287661 0.000183206 -0.00421429 -2.98025e-05 8.42705e-05 0.00224421 -4.33324e-06 5.65853e-06 -6.67824e-07 1.22006e-05 2.72575e-05 0.00182002 -0.00354909 0.000116635 0.000873515 8.52652e-07 -0.000250282 0.00166518 1.1407e-05 -2.27373e-05 3.71392e-06 -0.000767031 0.000565654 3.0105e-07 1.42545e-05 -4.75186e-06 -0.000503259 1.96381e-05 -0.00153301 4.43148e-07 0.000155891 -0.0015449 8.32138e-06 3.84833e-05 
1.81607e-06 -2.78455e-07 1.09271e-07 4.38447e-07 -0.000114418 -0.000101363 2.78663e-05 1.12172e-05 5.9118e-05 0.000108104 9.8937e-06 -3.3298e-06 1.00294e-06 1.47232e-06 -6.31533e-06 1.14808e-05 6.73845e-07 6.84428e-07 7.77105e-05 -2.90579e-05 3.3897e-05 -1.24777e-06 1.20702e-05 1.26449e-05 0.000168881 8.19308e-07 -3.7093e-06 9.75891e-05 9.01272e-06 -6.74495e-05 3.27576e-06 -4.41438e-05 -1.74167e-07 2.8927e-05 -5.97823e-06 2.87556e-07 -8.99676e-07 8.7115e-07 1.64897e-06 -1.03956e-05 -0.000107019 9.62017e-05 1.60741e-06 -8.57925e-05 4.85404e-08 1.43303e-06 5.04241e-06 2.26888e-06 1.83985e-06 -8.2585e-05 -7.82112e-07 5.9058e-07 -3.90606e-05 7.71043e-07 6.55168e-07 1.50464e-06 1.40911e-05 1.18526e-07 -1.76335e-06 5.92298e-08 7.92411e-05 4.07088e-06 9.76584e-07 2.07015e-06 -3.1574e-05 1.87223e-06 -8.15336e-05 4.32395e-06 -0.000109127 -7.01126e-07 7.51443e-06 9.03189e-05 2.42628e-06 7.14277e-07 -2.11519e-08 3.70097e-07 -5.8602e-05 5.74392e-06 -9.98228e-05 1.46132e-05 9.93796e-05 2.27294e-06 4.67425e-05 -4.03039e-05 9.21174e-06 -2.07599e-06 2.76687e-07 -2.78738e-05 6.23316e-06 -2.58658e-09 1.24068e-06 1.26672e-06 -2.05849e-05 1.60235e-06 2.67398e-05 6.91723e-06 -9.43236e-07 -4.63672e-05 1.21174e-06 2.00294e-07 
-8.74637e-08 1.00964e-06 -3.38795e-07 4.33856e-07 -4.61112e-05 -3.56667e-05 5.11496e-05 -1.41544e-08 2.58223e-05 4.03219e-06 1.24555e-06 6.75669e-06 2.50412e-07 -1.2485e-06 -5.18121e-06 -3.34247e-06 2.67819e-08 7.19705e-08 4.45129e-05 -8.9431e-06 7.72945e-07 2.08421e-05 -6.30993e-06 -3.51577e-07 8.19308e-07 0.000122488 -6.21673e-07 4.85632e-05 -2.99457e-05 -2.85364e-05 1.73338e-07 -3.59012e-05 -6.80653e-07 2.37497e-05 -3.12513e-06 1.47436e-06 -2.41615e-06 -3.32651e-06 -3.25392e-07 -1.31608e-05 1.25459e-05 -1.89742e-07 -2.31542e-07 -6.2335e-05 -5.89364e-09 6.0217e-07 2.90046e-06 -3.46183e-06 -2.91056e-07 -5.99517e-05 -2.56071e-06 -7.93577e-08 -1.22628e-05 1.22102e-06 5.07173e-06 -4.70796e-07 -1.29259e-06 1.61201e-06 -1.82817e-06 -1.09347e-07 1.41339e-05 -1.1316e-06 -1.10001e-08 1.11752e-06 2.44583e-05 -7.42375e-08 -2.54688e-05 -1.1805e-06 6.89521e-06 3.47908e-05 3.58116e-06 1.35989e-06 1.45441e-06 -6.56822e-09 -5.64385e-08 8.9632e-08 -5.32209e-05 3.27676e-06 -1.88185e-05 -2.26886e-07 2.88595e-05 -5.11982e-09 1.02266e-05 -2.29597e-05 3.8767e-07 -4.06991e-06 2.46248e-07 -1.84203e-05 -3.91588e-06 -1.87593e-09 1.1232e-06 1.48323e-07 -1.76784e-05 1.26432e-07 4.69897e-05 -2.37644e-08 -1.244e-06 -3.78588e-05 1.88749e-05 7.89485e-07 
2.71454e-05 -0.00136629 -6.53206e-05 1.55982e-05 -0.00368487 0.00276041 0.00447226 3.52061e-06 0.00233734 -0.000326258 1.1939e-05 -0.00902565 1.4518e-05 0.00124436 0.00738436 -0.00056116 2.05112e-06 1.78862e-05 0.00217674 -0.00568927 7.20577e-05 -0.00060047 0.00566173 -2.22189e-05 -3.7093e-06 -6.21673e-07 0.0300191 0.00204475 -0.0113385 -0.0101739 1.74403e-05 0.00199052 -0.000162238 -0.00153089 -0.00126384 2.11272e-05 0.00164945 -0.000544932 6.25352e-06 -0.00297887 -0.00778006 -0.000394612 2.69606e-05 -0.00250725 6.82961e-06 -4.46738e-05 -0.00138768 0.000220354 0.00034995 0.0002628 0.00272709 4.15986e-05 -0.001601 0.000169466 1.1233e-05 -0.000123429 -0.000428606 1.60144e-07 -0.000333593 0.000210521 0.000326964 -0.000153222 6.25004e-05 -1.9767e-05 -0.00583501 0.000220756 -0.00526487 8.14812e-05 0.0025759 0.000803866 -0.000309239 -8.25261e-05 -2.40772e-05 4.59235e-06 1.36811e-05 -1.26959e-05 -0.0102921 -2.38138e-05 0.00468759 -0.00026928 -0.000804499 4.31863e-06 -0.00472107 -0.0038049 -7.74283e-07 0.000776618 -5.73992e-05 0.00678833 -0.000816289 1.11561e-06 3.66196e-05 -1.08603e-05 0.00698501 -1.62844e-06 0.00327798 -5.50291e-06 2.01714e-05 0.00319591 0.000647327 -3.88597e-05 
-9.62372e-06 -0.00297529 -0.00019957 3.9423e-05 -0.0273806 -0.010129 0.0256629 2.61283e-05 0.0296735 0.00655022 -2.14914e-05 0.00149296 8.56124e-05 -4.8961e-05 -0.00217132 0.0023962 3.37315e-05 -5.92417e-05 0.0289382 -0.00596167 0.0010385 0.00979113 -9.09993e-05 0.000697734 9.75891e-05 4.85632e-05 0.00204475 0.0471198 -0.00969291 -0.0125039 5.92346e-05 -0.0159589 -0.000315675 0.0207105 -0.0017358 -0.000126777 -0.000793943 -0.00139621 0.000867141 -0.000336439 0.000545775 0.00593308 3.01102e-05 -0.0354301 1.58481e-06 0.00170854 0.00261066 -0.00181534 -6.14953e-05 -0.0302151 0.00147455 0.000352204 -0.00160165 -8.46048e-05 0.000122503 -0.000534335 0.000557654 1.94985e-05 -0.000669531 -3.44568e-05 0.0087489 -0.000323017 0.000271632 0.000118272 0.00380314 3.26461e-05 -0.0215439 -0.000599651 -0.00155815 0.00696335 0.0029315 0.0043196 6.69057e-05 1.10514e-06 3.94657e-05 2.97687e-05 -0.0207977 0.00518035 -0.0116865 -0.000163011 0.0109009 4.02131e-06 -0.00512624 0.00390295 7.52777e-05 -0.00141172 -9.69969e-05 -0.00872519 -3.52883e-05 7.0108e-06 0.000428118 -4.68864e-05 -0.00733164 8.82871e-05 0.0191934 2.88224e-05 -0.000603586 -0.0172831 0.00186225 -4.01575e-05 
-8.37477e-05 -0.0192077 -0.00018899 -0.000144892 0.0161718 -0.0162673 -0.0455746 1.21496e-05 -0.000189095 0.00248454 -0.000655305 0.0215749 -2.72635e-05 -0.00020579 -0.00506149 -0.0159308 -7.19589e-05 0.000124788 -0.000646108 -0.0440931 0.000586491 -0.0119654 -0.0318641 0.000283907 9.01272e-06 -2.99457e-05 -0.0113385 -0.00969291 0.142507 0.0659476 -8.92668e-05 0.026567 -0.000733915 -0.011411 -8.38659e-05 -0.00115864 -0.000778058 -0.000214292 -0.00245982 0.00285285 -0.00487187 0.00222283 -0.000834571 0.00388397 -6.22838e-06 0.000406939 -0.00646082 -0.0130346 -0.000689232 0.0214586 -0.00951777 -6.89581e-05 -0.0164633 -0.000296967 -1.66972e-05 -0.00115436 -0.00328226 -8.16379e-05 0.000992977 -0.000389787 -0.000985209 -0.00266053 -0.00224769 3.11589e-05 -0.0291664 -0.000531424 0.00582773 -0.00683567 -0.00893669 -0.00284855 -0.000826987 0.0013368 -0.000555713 -1.56371e-05 -0.00030095 4.13846e-05 0.0544059 0.000942719 0.00852457 -0.00200168 0.00576181 -4.19572e-06 0.0203074 -0.0433491 -5.56026e-06 -0.00508949 5.91508e-06 0.000572479 -0.00351964 3.42694e-07 -0.000353653 0.000135079 -0.00343974 -0.000259469 -0.0260515 1.39998e-06 0.00107025 0.0240732 -0.00373321 -7.0388e-05 
-0.000248285 -0.0301927 -0.00119672 -0.000135962 0.0677234 -0.0377893 -0.0230226 -2.91457e-05 -0.00751088 -0.00394442 -0.000862369 0.015285 0.000197209 -0.00518617 -0.014122 -0.012889 -5.34823e-05 0.000200447 -0.00907114 -0.0943188 0.00038177 -0.0111577 -0.0264941 -0.0023767 -6.74495e-05 -2.85364e-05 -0.0101739 -0.0125039 0.0659476 0.249431 -7.70569e-05 0.0693496 0.000233647 0.00376865 -0.0110611 -0.00189959 -0.00926896 -0.0114713 -0.00153937 0.00157919 0.00160914 -0.00814385 -0.000827339 0.00281284 -1.30841e-05 -0.000721146 -0.0192856 -0.00805101 -0.000707598 0.0332965 -0.0158661 -0.000301469 -0.0782282 -0.000886824 -0.000111732 -0.00405927 -0.00660333 -6.22552e-05 -8.29887e-06 -0.000299843 -0.00575836 -0.00348274 -0.00190278 -0.000352152 -0.0914387 -0.000453494 0.00918239 -0.00555562 0.0602889 -0.00429912 -0.00285655 -0.00370901 -0.00052375 -1.82028e-05 -0.000179679 8.30307e-05 0.0686697 -0.00488851 0.0151825 -0.00435861 0.0109483 -3.29807e-07 0.0206622 -0.100037 -4.97569e-05 -0.0155045 0.000290952 0.0328121 -0.0172039 -7.02474e-06 -0.000242237 0.000331353 -0.0137757 -0.000169286 -0.0441331 4.22208e-06 -0.000751122 0.0766459 -0.00252196 0.000124906 
1.59013e-06 3.5531e-05 2.2988e-07 7.84078e-07 -0.000105952 -3.69749e-05 -2.83284e-05 3.63781e-06 5.96952e-06 5.22725e-05 8.44286e-08 -8.43106e-05 5.29095e-08 7.81028e-06 4.57694e-06 0.000132429 9.74614e-07 -1.92731e-07 -1.22887e-05 -1.55384e-05 5.39319e-05 7.01712e-06 7.36301e-05 6.92068e-07 3.27576e-06 1.73338e-07 1.74403e-05 5.92346e-05 -8.92668e-05 -7.70569e-05 0.000163193 -4.49734e-05 -7.34283e-07 3.40675e-05 -1.34522e-06 4.73008e-05 -3.03581e-07 -2.18282e-06 4.73543e-05 -2.52896e-05 -0.000126999 5.7677e-05 9.68166e-07 -5.13064e-05 2.82147e-07 1.03431e-06 9.89969e-06 5.21103e-05 -1.72217e-07 -9.33917e-06 -7.05727e-06 5.4176e-06 4.90519e-05 3.21733e-06 -4.65427e-08 1.35587e-05 8.87629e-06 3.32695e-07 -2.50217e-07 -1.56913e-08 5.86693e-05 8.57808e-06 3.84807e-06 2.1525e-06 -1.18185e-05 1.17574e-06 -0.000112733 5.6061e-05 -0.000119891 -9.53259e-07 1.00262e-05 1.59661e-06 -2.1618e-07 8.31249e-07 4.64803e-07 3.29007e-08 -6.7378e-05 7.14926e-05 -0.000103327 4.53466e-05 1.92045e-05 2.49845e-07 -2.31919e-05 3.00872e-05 3.89246e-06 -4.74631e-06 3.08971e-06 -1.91344e-05 3.67445e-06 4.41672e-08 -1.37851e-07 -1.93207e-07 -1.79986e-05 -1.80293e-08 -6.48828e-05 5.7167e-07 -9.82686e-07 -1.62776e-05 7.23279e-06 -1.98298e-07 
-6.96769e-05 -0.0312705 0.000194966 -0.000120912 0.0874264 -0.0198785 -0.051128 9.90004e-07 -0.0231196 0.000165998 0.000663998 -0.0259229 -0.000294163 -0.00392786 0.0251894 -0.0105246 -4.1545e-05 0.000183773 -0.0242742 -0.0986156 -5.13426e-05 -0.0085921 -0.0131236 -0.0011167 -4.41438e-05 -3.59012e-05 0.00199052 -0.0159589 0.026567 0.0693496 -4.49734e-05 0.22244 -0.00243082 -0.0278211 -0.0167093 -0.000834471 0.00845255 -0.00235188 -0.000936994 -0.00146867 -0.0775701 -0.00221135 0.000188811 0.0273195 -9.92479e-06 -0.000711256 -0.014985 -0.00903411 0.00155138 0.0839707 -0.0018911 1.09748e-07 -0.102301 0.000846919 -6.91576e-05 -0.00196994 -0.00435018 -4.49694e-05 -0.00462657 0.000294834 -0.00347198 0.00304074 -0.00116858 -0.000255253 -0.103136 -0.000289734 -0.0173235 -0.00298779 0.0384821 -0.0033778 -0.00104918 -0.000518173 3.0434e-05 1.11694e-05 -0.000115578 -7.34244e-05 -0.00915732 -2.2749e-05 0.0560423 -0.00359175 -0.0060274 3.01489e-06 -0.0190957 -0.103004 -2.97269e-05 -0.00339648 0.000425748 0.101839 -0.0122773 -9.91124e-07 -0.000248369 -0.000192718 0.0620757 -0.000146495 -0.110522 -5.85402e-05 0.00435196 0.180795 -0.00157816 -0.000294586 
-7.76039e-07 0.00160804 -2.58325e-05 4.92489e-07 -0.00245622 -0.0007172 -0.0001332 -1.99635e-07 -0.0005917 -0.000113658 2.99578e-06 2.39849e-05 1.67514e-06 -6.89323e-05 -0.000342983 0.000927168 4.04549e-06 1.85418e-06 -0.000791039 0.00256788 -5.17574e-05 0.000141864 0.000574303 2.30919e-05 -1.74167e-07 -6.80653e-07 -0.000162238 -0.000315675 -0.000733915 0.000233647 -7.34283e-07 -0.00243082 0.00869014 -0.000776632 9.66759e-05 -2.32415e-06 -0.00015544 -0.000182265 3.54365e-05 2.94306e-05 0.000379819 -0.00014603 -3.00375e-06 0.000599979 6.51553e-07 -4.30435e-07 0.000760474 -0.000289896 -2.00927e-05 -0.000604092 -0.000357796 -5.58259e-06 0.00095911 -2.51662e-05 -9.33272e-07 -7.28324e-05 -4.17659e-05 1.38572e-06 -2.71826e-05 1.11119e-06 -0.00013184 -7.06944e-05 4.09302e-05 -4.61003e-06 0.0015824 -1.46353e-05 0.000328161 -6.84575e-05 -0.00200472 -7.74525e-05 1.96094e-06 -7.72706e-05 1.7815e-05 -3.2339e-07 7.66096e-06 -3.54693e-06 0.00316652 -8.33622e-05 -0.00446046 -8.01331e-05 -0.000418502 -2.16402e-07 0.00155995 0.000421565 -5.84282e-07 0.000124508 -1.61182e-05 -0.0011968 0.000631416 -1.00919e-07 -6.73434e-06 1.23223e-05 -0.00119326 -3.05259e-06 -0.00190156 -7.67376e-07 2.65137e-05 -0.00207406 -3.69869e-05 -1.15249e-05 
