0.00294998 0.000177923 -2.99319e-06 -1.79534e-06 -0.000241741 2.85958e-05 6.17938e-05 -0.00118939 1.82216e-05 3.89256e-05 0.00153356 0.000148985 0.00032605 -9.83597e-05 -3.81481e-06 -0.000353204 0.00059833 -0.000459349 -3.68262e-05 0.00143772 -1.30456e-06 -0.000257045 8.72935e-06 5.17983e-05 -8.76441e-05 -1.66886e-05 -0.00114942 -0.000155123 -0.000450514 -9.34794e-05 0.000267686 1.06639e-05 -0.000245617 0.00095254 3.53623e-06 0.000225294 0.000123115 -2.67546e-05 -1.43028e-05 -5.53128e-05 6.90578e-05 -0.00102095 -1.2836e-06 -0.00154385 0.000156024 1.44074e-05 -1.39425e-05 -8.45664e-05 6.12298e-06 5.67528e-05 -1.97516e-05 0.00019996 1.2796e-05 1.4369e-05 -0.00160691 2.84086e-05 -4.50833e-07 2.92407e-05 5.47728e-06 -0.00110888 0.000158137 2.59423e-05 1.06717e-05 -3.07791e-05 8.26943e-05 8.19366e-07 4.93105e-05 -3.22188e-05 -1.70303e-06 1.55142e-05 0.000249996 -0.000902001 1.27326e-05 3.84546e-07 -2.96812e-05 0.000869566 -6.0579e-05 1.23071e-06 0.000315778 -6.05542e-06 2.95202e-05 0.000125424 -9.56482e-05 -0.00153537 9.26099e-05 -5.92257e-06 -3.42559e-06 -2.70558e-05 -2.01993e-06 -1.645e-05 -1.33165e-05 -9.70436e-06 0.00169275 5.84758e-05 9.05505e-05 0.000289411 -0.000261685 7.30561e-05 -0.00043488 9.11565e-06 
0.000177923 0.00501507 -4.16309e-06 1.03578e-05 0.00104296 0.000742172 0.0009391 -0.00155384 0.000279162 -2.04397e-05 0.000579115 0.000444298 0.001347 0.000618082 9.43353e-05 -0.000936876 0.000874852 -0.00263416 0.000868848 -0.00104377 9.36907e-05 0.000275097 8.21994e-05 -0.000748066 0.000371903 6.66926e-05 -0.000452243 -0.00167719 -0.000554571 -2.59374e-05 -0.00039625 -6.45209e-07 -0.0023825 -0.00128514 1.58098e-05 0.00026663 6.81284e-05 0.000646641 -1.79779e-05 0.000327718 0.00088104 -0.000961632 -3.77837e-06 -0.00236276 3.13368e-05 0.000108205 -1.89453e-05 -0.000107109 3.57422e-06 8.36286e-05 4.30668e-05 0.00121457 -1.81114e-06 9.24342e-05 -0.00218475 0.000294236 -4.48034e-07 1.32187e-05 3.42576e-05 0.00103244 0.000700291 6.88962e-05 0.000148869 4.46741e-05 9.63128e-05 2.4364e-06 0.000645807 5.47025e-05 6.92874e-06 -2.94873e-05 -0.00263188 -0.000650544 0.000101512 2.72313e-05 -1.3655e-05 -0.000402333 -9.65882e-05 4.14442e-05 0.000898916 0.000168421 0.00041851 6.87529e-05 0.000249753 -0.00136499 -1.62419e-05 -7.49679e-06 6.4261e-05 -4.80702e-05 -2.09072e-06 -2.78772e-05 8.07919e-05 1.33712e-05 0.000286332 0.000759528 4.68353e-05 0.000109956 0.000412703 1.93183e-05 5.89714e-05 -9.05974e-06 
-2.99319e-06 -4.16309e-06 0.00150283 1.62467e-06 6.91331e-05 1.7943e-06 -0.00011935 -6.43578e-05 7.90371e-06 -1.181e-05 -5.01944e-05 -3.07165e-05 2.37569e-05 -0.000112887 7.2121e-05 -3.42453e-06 0.000123368 -0.000423341 -4.11474e-05 -3.0232e-05 -5.37948e-07 -8.10617e-05 0.000142709 -7.61096e-05 7.73446e-05 1.99055e-05 -0.000265132 -7.54694e-06 0.00039957 3.03207e-05 -0.000588967 -1.03338e-06 -0.000247492 -9.23889e-05 5.55763e-06 -6.18477e-06 8.40717e-05 1.04207e-06 0.00019814 -2.64931e-05 5.73098e-05 0.00030239 -1.56373e-06 0.000121924 -3.90238e-05 -3.08019e-06 -1.8254e-05 -3.25139e-05 -9.21648e-07 2.38141e-05 -3.29205e-06 -1.00668e-05 -5.33603e-07 -7.04329e-07 5.79415e-06 1.52062e-06 1.8733e-07 1.0104e-06 2.12122e-06 1.03815e-05 -7.06272e-08 -1.23667e-05 8.65458e-07 -2.16267e-05 2.68581e-05 5.86039e-07 -8.86079e-06 -9.05427e-06 1.87034e-06 -1.27293e-05 -0.000504695 2.70732e-05 1.1943e-05 -3.05765e-06 3.90204e-06 -5.29369e-05 -9.0753e-06 -4.0529e-07 -1.21799e-06 2.80755e-06 -1.54772e-05 2.72773e-05 -8.23512e-06 -0.000122191 -0.000341901 -3.7069e-06 -5.56132e-06 -1.22176e-05 -9.05575e-07 6.29453e-05 -6.41626e-06 9.04001e-06 -0.000158071 -2.57304e-06 1.30042e-05 -8.82931e-06 0.000304664 2.02502e-05 -7.93377e-05 -1.69899e-06 
-1.79534e-06 1.03578e-05 1.62467e-06 0.00217142 -0.000404091 7.36185e-07 -0.000179005 -8.55744e-05 -3.5283e-06 4.88106e-05 0.000183554 -0.000217041 -7.02378e-05 -0.000203788 2.19961e-05 -3.70826e-05 -0.000184429 0.000417567 9.29904e-05 -0.000426425 2.56677e-05 -0.000274154 9.17006e-06 -9.5318e-05 -1.78729e-05 -7.29256e-06 -0.000608104 -0.000158075 0.000246863 -9.02067e-05 -5.98811e-05 9.24904e-06 0.000146899 0.000254908 6.37729e-07 8.06612e-06 -3.4059e-05 -2.57181e-05 1.1727e-05 -6.26276e-05 -1.51775e-05 0.000180684 -1.77696e-06 0.00037726 -1.87657e-05 -6.75214e-06 -2.88956e-05 8.83341e-05 -1.84756e-07 -4.21716e-06 3.14651e-05 2.16488e-05 -4.77537e-07 -1.53623e-06 6.41241e-05 4.79755e-06 2.04841e-06 -4.537e-06 -8.69118e-07 -0.000512946 7.62116e-05 3.67152e-05 -5.79684e-07 -5.3536e-05 1.46392e-06 -3.62456e-07 9.90984e-06 7.09788e-05 4.15075e-06 4.96165e-06 0.000113086 0.000298391 -4.65056e-06 4.90397e-05 0.000130332 -0.000242739 -3.80654e-06 -7.1616e-07 2.5694e-05 -4.62337e-06 6.0536e-05 -7.24598e-06 8.95038e-05 0.000366254 -0.000634102 -4.77337e-06 -3.41827e-06 8.8731e-06 -4.6642e-07 -1.22123e-05 -7.41347e-06 -4.61051e-06 -0.000168206 -5.16333e-05 -0.000139595 -5.99532e-06 -0.000138881 -5.7044e-05 -0.000408259 1.86034e-05 
-0.000241741 0.00104296 6.91331e-05 -0.000404091 0.229444 0.000798169 0.00708022 0.0143203 0.000402366 -0.0029848 -0.00699892 -0.0230698 0.000282687 0.0355212 -0.000473964 0.000647166 -0.00929142 -0.0409493 -0.00698904 -0.0776522 -0.000331853 0.0184511 -0.00914491 -0.0102091 -0.00926056 -0.00241086 0.00189945 0.00208195 -0.0349827 -0.00622623 0.0207849 -0.000292472 0.0136384 -0.0592322 0.000261271 -0.00136065 -0.00533558 -0.00334058 -0.00106243 0.00139075 -0.00281454 -0.0692766 0.000471951 0.000634892 -0.00728189 -0.00110903 -0.0112834 -0.00914608 -0.000232672 -0.000751142 -0.00187953 0.000387373 9.57084e-05 -0.000100119 0.0653462 -9.51697e-05 -4.61639e-05 -0.000240297 -1.36626e-05 0.0836277 0.00804875 -0.00296597 -0.000207201 0.00728318 -0.00271093 -6.96487e-05 0.00455759 -0.00321216 -0.000130126 -0.00295257 -0.0926907 0.0562576 -0.00106337 -0.000546607 -0.00717169 -0.0387871 0.00213118 2.88146e-05 -0.000360806 -0.000505949 -0.0022987 -0.00071601 -0.00830734 0.024183 0.0469324 -0.00106039 -0.000558748 -0.00307723 -0.00026011 -0.00245088 0.00066988 -0.00104662 -0.0193386 -0.00811793 0.00943926 -0.00134894 0.0283838 -0.00810511 -0.0594993 -0.000519284 
2.85958e-05 0.000742172 1.7943e-06 7.36185e-07 0.000798169 0.00400946 -0.000230158 -0.00122841 0.000311616 -2.10599e-05 -2.34377e-05 -0.000337679 0.000992297 -0.00027619 2.97838e-05 -0.00128521 0.000567551 -0.0015961 0.000103798 -0.00104868 6.9885e-06 0.00025183 -0.000164939 -0.000667639 -0.000106488 0.000171863 -0.00157332 -0.00098962 0.000117567 -8.13244e-05 -0.000391941 7.35313e-07 -0.00271972 -0.00127469 1.59919e-05 6.88565e-05 -5.94884e-05 -3.0761e-05 -2.79876e-06 0.000711591 0.000947885 -0.000114517 -5.41505e-06 0.000104704 -0.000122139 0.000193791 8.88258e-05 -7.47908e-05 6.46854e-06 2.83419e-06 -1.45259e-05 0.00085746 2.05171e-05 2.47225e-05 -0.000823875 0.000390302 -3.00071e-07 5.23727e-06 0.000102475 0.00155808 0.00221816 -3.01765e-05 0.00017602 0.000109703 3.79947e-05 6.55836e-07 0.00123864 -4.65969e-05 -1.26381e-06 4.14389e-05 -0.0023436 0.000422612 0.000235802 -7.60439e-06 -1.8984e-05 -0.000274065 3.36347e-05 5.82583e-05 0.0011916 -6.15409e-06 3.27147e-06 0.000205566 -0.000156245 -0.00065679 -0.000499299 1.33021e-06 3.12345e-05 -2.77826e-05 5.22213e-06 -1.27473e-05 1.33143e-05 -7.90394e-06 -2.04662e-05 0.000968436 9.33246e-05 0.000135851 -0.000195333 -7.74464e-05 -0.000801721 -7.35448e-06 
6.17938e-05 0.0009391 -0.00011935 -0.000179005 0.00708022 -0.000230158 0.0888323 -0.00109301 -7.61309e-05 -0.000551985 6.52586e-05 0.0055555 -0.000629147 0.0177285 0.000115132 -0.000717532 0.0208295 -0.0042562 -0.00338324 0.000751162 -0.000136543 0.019561 -0.00180427 -0.0155477 -0.00247504 0.00254623 -0.00310276 -0.00295427 -0.00551586 0.000990635 0.0131614 -5.38259e-05 -0.0413106 -0.0285982 -0.000103948 -0.000332877 0.0011297 -0.000785473 -0.000227676 0.0013727 -7.05265e-05 -0.0211374 5.86793e-05 -0.0184608 -0.00168361 0.000608787 0.0020202 0.0015717 8.14053e-05 5.80909e-05 0.000566673 0.000665976 -0.000101333 0.000179819 0.00757287 -2.61108e-05 -9.032e-06 6.63364e-05 -4.03843e-05 0.0042796 0.00114853 -0.000377325 0.000101279 0.00160758 0.00384387 3.31324e-05 -0.000406734 -0.000837214 3.87793e-05 -0.000679881 -0.00671904 -0.0428221 -0.000374196 -0.000184208 -0.00183431 0.0157606 0.00699211 2.02712e-05 4.91432e-05 0.00126628 0.00442169 0.000140627 -0.00254688 -0.0414117 0.00207742 3.12242e-06 4.70363e-05 0.00186483 7.83244e-05 -8.97657e-05 -0.000424485 -0.000228784 0.0004608 0.00627849 -0.00260557 0.00132866 -0.00190102 0.00203956 0.0112767 -0.000171931 
-0.00118939 -0.00155384 -6.43578e-05 -8.55744e-05 0.0143203 -0.00122841 -0.00109301 0.0579791 -0.00032018 -0.0013704 -0.0090843 0.00304063 -0.0117083 0.00623732 0.000103562 0.00372064 -0.00647378 0.01528 -0.00842955 -0.0137846 4.19404e-05 -0.00709411 -0.0090734 -0.0221816 -0.0153157 -0.00377917 0.0123934 0.00773769 0.00708439 -0.00710248 -0.0082035 -0.000455189 0.0113796 -0.00142827 -0.000255847 -0.00075648 -0.000187459 -0.00272384 0.000204905 -0.00013909 -0.00574371 0.00520734 -9.76257e-06 0.0237808 -0.0167334 -0.00250005 -0.0105005 -0.0042155 -0.000182297 -0.000597684 -0.00451115 -0.00284708 -0.000328215 -0.000699786 0.025853 -0.000431195 5.31971e-06 -0.000527662 -0.000271603 0.0101432 0.000488087 -0.000454741 -0.000444977 0.00149744 -0.00320724 -0.000131793 -0.00024249 -0.00706636 -0.000343219 -0.00202443 0.00570755 0.0210892 -0.00216453 -0.00102777 -0.00931533 -0.0202762 -3.0948e-05 -3.17654e-05 -0.00231376 -2.63047e-05 -0.00248041 -0.00173697 -0.00673813 0.0317004 0.0142354 -0.000660444 -0.000538454 9.16672e-05 -7.61635e-05 0.000109036 -0.000834962 -0.000384835 -0.0297897 -0.00921164 0.00690016 -0.00506958 0.00119829 -0.00292648 0.00739464 -0.000193911 
1.82216e-05 0.000279162 7.90371e-06 -3.5283e-06 0.000402366 0.000311616 -7.61309e-05 -0.00032018 0.00189193 -1.58337e-05 -5.15029e-05 -0.000172715 0.000314868 -8.45784e-05 -2.37051e-06 -0.000461007 0.000289022 -7.0453e-06 0.00010503 -0.000371447 0.000105429 7.99116e-06 6.61508e-05 -0.000305027 -6.36827e-05 5.31536e-05 -0.000848276 -0.00021674 -0.000292389 -4.52251e-05 -0.000598065 4.61672e-07 -0.000575096 0.00020106 4.83268e-05 1.25306e-06 1.64776e-05 0.000296839 -1.82547e-06 3.66665e-05 0.000298898 -0.00053902 3.07025e-05 -0.000425841 -4.30798e-05 6.45262e-05 -2.62205e-05 1.60286e-05 -1.40212e-06 3.86806e-06 -7.95616e-06 0.000220163 3.36508e-05 2.61572e-06 -0.000275492 6.73333e-05 -2.88828e-07 -2.63189e-06 9.57145e-06 -7.0524e-05 0.000286831 -1.32187e-05 4.8445e-05 0.000289221 2.18126e-05 4.30879e-06 0.000585376 -2.13612e-05 -5.84386e-07 -1.45164e-05 -0.000742446 0.000309242 3.21126e-05 1.13839e-06 -3.37031e-05 -0.00026428 -1.68716e-05 1.09984e-05 0.000267695 1.44284e-05 -1.24697e-05 7.37188e-05 -7.05486e-05 0.000189371 0.000133506 2.89115e-05 9.56753e-05 7.76141e-06 -3.31638e-07 -8.51575e-06 -1.09739e-06 1.85131e-06 -0.00019243 0.000220936 -2.07721e-05 5.26247e-06 -0.000161847 -2.00309e-05 -0.000339598 9.8521e-06 
3.89256e-05 -2.04397e-05 -1.181e-05 4.88106e-05 -0.0029848 -2.10599e-05 -0.000551985 -0.0013704 -1.58337e-05 0.0101077 0.0013554 -0.000894587 -0.000472318 -0.000586506 -3.48082e-05 -0.000379675 -8.73678e-05 0.000297113 -8.65934e-05 0.00415072 2.86957e-05 -0.00151088 0.000871138 0.000339367 -0.000483098 0.00061911 -0.00431284 -3.18791e-05 -0.00128807 0.0011864 0.0014718 0.000149334 9.62769e-05 0.0022325 -1.61657e-05 -4.94949e-05 8.8491e-06 3.32027e-05 -4.22529e-05 -0.000180956 -7.32494e-05 -0.000644198 -5.17808e-06 -0.00175608 0.000981092 0.000204096 0.0012517 -0.000128968 -5.38904e-06 -1.09371e-05 -5.46835e-05 6.62864e-06 2.96505e-05 0.000136732 -0.00458419 -7.57029e-07 -1.45603e-06 1.20347e-06 -3.95951e-06 -0.00262288 -0.000272592 0.000324148 1.27521e-05 -0.00022665 7.57481e-05 -1.74091e-06 -0.000177154 -5.92484e-05 -5.35459e-06 0.000102416 0.00300001 -0.0045384 -2.02579e-05 -1.07239e-05 -0.000146944 0.00250421 -0.000227946 -2.15737e-06 4.9119e-06 -1.81341e-05 -2.90108e-05 -1.87213e-05 -0.000223708 -0.00180867 -0.000487612 1.07218e-05 -2.55804e-05 -7.59535e-05 -3.40636e-06 -1.87629e-06 -5.35507e-05 -2.94069e-05 0.0043092 0.00068666 -0.00106976 -5.68289e-05 -0.000674559 -0.000191447 -0.000985346 9.13237e-05 
0.00153356 0.000579115 -5.01944e-05 0.000183554 -0.00699892 -2.34377e-05 6.52586e-05 -0.0090843 -5.15029e-05 0.0013554 0.0365298 -0.00100734 6.02589e-05 -0.00274477 0.000104742 -0.00094518 0.00658119 0.00263994 -0.000632888 0.0191063 -5.26061e-05 -0.0066201 3.89922e-05 0.00180124 -0.00148353 -0.000240856 -0.0144967 1.5096e-05 -0.00509532 -0.00114094 0.00649114 0.000134452 0.00307874 0.00972106 -6.45989e-05 0.00122389 -0.000278364 0.000202578 -0.000178824 -0.0011643 -0.000267039 -0.012309 4.22271e-06 -0.0171278 0.0030267 -2.49805e-05 0.00105996 -0.000771265 5.3814e-05 3.36175e-05 -0.000228302 0.000165991 -3.53615e-05 0.000241462 -0.0108548 3.56294e-05 -5.11253e-06 8.3648e-05 1.71685e-06 -0.0143954 -0.00019378 -9.2362e-05 -4.96265e-07 -0.000836886 -0.000178977 -1.39004e-06 0.000273573 -0.000278268 -1.79795e-05 0.00033238 0.00880837 -0.0132316 -7.02503e-05 6.72496e-05 -0.000778677 0.00960668 -0.000857829 -9.96901e-06 0.000466756 -5.63921e-05 6.86676e-05 0.000198952 -0.00150744 -0.0105952 0.0021853 -7.6281e-05 3.40389e-05 -0.000347062 -2.63783e-05 -0.000226346 -2.71141e-05 -0.000119625 0.02214 -0.000501079 0.00113815 0.000287699 -0.00337441 -0.00094094 0.000872732 8.67637e-05 
0.000148985 0.000444298 -3.07165e-05 -0.000217041 -0.0230698 -0.000337679 0.0055555 0.00304063 -0.000172715 -0.000894587 -0.00100734 0.0963407 -0.00475532 -0.00518376 -0.000241686 0.000126444 0.00758851 -0.0193765 0.000283191 0.0507241 5.71218e-06 -0.0182571 -0.000366945 -0.0166197 -0.00326719 0.000545171 0.014512 -0.0016731 0.000838765 -0.00322847 -0.0141619 -3.06512e-05 0.000280669 0.0305608 -7.84522e-05 -0.000448778 0.00907667 0.00122441 -0.000442954 -0.00326307 -0.000850108 0.0157327 -8.40903e-05 -0.0387139 -0.00214904 -4.31792e-05 0.00113184 -0.00289303 -3.86907e-05 -0.000188043 -0.000730407 0.000753054 5.37141e-05 -1.59802e-05 -0.066667 -5.03034e-05 -1.35972e-05 7.95974e-05 -3.62676e-05 -0.0486727 -0.00287383 0.00201338 0.000141149 -0.00144624 -0.0011633 1.0227e-06 -0.000544964 -0.000904471 -5.64942e-05 -0.000992394 0.0228506 -0.0322801 -0.000276913 -0.000159636 1.61703e-05 0.0033155 -0.00215806 -3.55448e-05 -0.000245926 0.000404296 0.00153648 0.000267091 0.00286735 -0.000812313 -0.0178467 -0.000360321 -0.000453535 -0.000118225 8.16113e-05 -0.000484627 -0.000606333 -1.68861e-05 0.00523429 0.0067947 -1.23067e-05 -0.000911321 -0.00864121 0.00921347 0.0578575 3.13668e-05 
0.00032605 0.001347 2.37569e-05 -7.02378e-05 0.000282687 0.000992297 -0.000629147 -0.0117083 0.000314868 -0.000472318 6.02589e-05 -0.00475532 0.0458631 -0.00265025 0.000210418 -0.00174537 0.00993507 -0.023661 0.00141652 -0.0132304 -5.96762e-05 0.031532 -0.0016412 0.0127096 0.0206893 -0.000206169 0.016045 -0.00454031 -0.00713667 0.00359088 0.00828171 -4.21424e-05 -0.00309598 -0.0160902 -1.81037e-05 0.00166423 0.000217185 0.000917757 -0.000229227 0.00185796 0.00609998 -0.00537437 4.51461e-05 -0.0256141 -0.00141115 0.00135775 -0.0012433 -0.000373732 -2.28494e-05 0.000498027 0.00130314 0.00232091 0.000130311 0.000259669 0.00690277 0.000389655 -7.06209e-06 5.81141e-06 0.000232847 0.0209921 -0.000297621 -0.000337973 0.000171128 -0.00134138 0.000313799 1.85254e-05 0.000925219 0.00232379 0.000326882 -0.000403087 -0.0287645 -0.0188116 0.000937891 -8.22673e-05 0.00242389 -0.00680246 -0.000134942 3.35765e-05 0.00187105 -5.69992e-05 0.000940012 0.00189915 0.00103268 -0.0294522 -0.00371199 -0.000120224 0.00237703 -0.000465172 -6.55243e-06 -0.000302039 -0.0002021 -0.000150101 -0.00357849 0.000436179 0.000296899 0.000393354 0.00230955 0.00858507 -0.00529592 -8.51851e-05 
-9.83597e-05 0.000618082 -0.000112887 -0.000203788 0.0355212 -0.00027619 0.0177285 0.00623732 -8.45784e-05 -0.000586506 -0.00274477 -0.00518376 -0.00265025 0.104678 -0.000266351 0.00052674 0.00227564 -0.013399 0.00477101 -0.027457 -0.000177766 0.0147102 0.00374387 -0.00739913 -0.0022215 -0.000790217 0.01144 -0.0017819 -0.00855173 -0.00464558 -0.0102122 -0.000123181 -0.00328108 -0.0102438 0.000398801 -0.000724904 -0.00154145 -8.27959e-05 -0.000523996 0.00322227 -0.00077383 -0.0196067 0.000218301 -0.0239159 -0.000633609 -0.000440846 -0.00294394 -0.00179296 -7.92428e-05 -0.000190221 -0.000577648 0.000931926 4.05501e-05 -8.77407e-05 0.0123597 -5.84439e-05 -2.27366e-06 0.000125005 -2.28858e-05 0.00938305 -0.00170534 -5.70161e-05 -6.32875e-05 0.00443789 -0.00156296 -1.89361e-05 -0.000469997 -0.00104639 -3.4671e-05 -0.00109026 -0.0453528 -0.0077961 -0.000306699 0.000510569 -0.000399604 -0.0172082 0.0015914 3.39284e-05 -0.00027624 0.000134479 0.00109419 -0.00018193 0.00962928 -0.00116845 0.0128376 -0.000288092 -0.000432582 0.00106062 0.000292661 -0.000510215 0.00104643 -2.85613e-05 -0.0156426 -0.00273112 -8.47207e-05 0.000464335 -0.00069207 -0.00139351 -0.00485845 -0.000172466 
-3.81481e-06 9.43353e-05 7.2121e-05 2.19961e-05 -0.000473964 2.97838e-05 0.000115132 0.000103562 -2.37051e-06 -3.48082e-05 0.000104742 -0.000241686 0.000210418 -0.000266351 0.00457592 -8.17212e-05 0.000229433 -0.0012172 -0.000106728 0.000754916 2.15977e-05 0.000663389 -0.000177645 -0.000449692 -0.000160963 0.000248709 -0.00119927 -0.000418445 0.0025757 0.00126444 -0.000963782 9.1321e-06 -0.0027667 -0.00148022 1.00178e-05 3.0459e-05 -6.16782e-05 3.86085e-05 0.000714559 -7.98629e-05 2.1496e-05 0.00158779 -1.65189e-06 0.00062666 -4.34734e-05 -9.45141e-06 0.000753631 -5.46915e-05 -1.29786e-06 0.000204357 -3.06361e-05 0.000179997 -3.1773e-06 2.71319e-06 0.000137552 6.65984e-05 -1.60469e-07 1.23548e-05 -1.51048e-06 0.000235275 9.78981e-05 -3.43224e-05 2.77841e-05 -0.000106493 4.97754e-05 -7.22089e-07 0.000115837 2.84705e-05 7.8873e-06 0.000323737 -0.000112276 -0.00188961 6.25443e-05 -3.16472e-06 -6.58631e-05 -0.000306511 -5.54284e-05 1.19226e-06 5.2421e-05 4.67035e-05 0.000380935 7.44967e-06 -7.12411e-05 -0.00274522 -0.00247832 -1.04786e-05 4.02879e-05 0.000282175 3.56745e-05 9.32208e-05 -2.6778e-05 -1.03221e-05 -0.000251073 -4.02422e-05 -0.000832991 -1.81408e-05 0.00227477 -1.74859e-05 -0.000229489 -7.03433e-06 
-0.000353204 -0.000936876 -3.42453e-06 -3.70826e-05 0.000647166 -0.00128521 -0.000717532 0.00372064 -0.000461007 -0.000379675 -0.00094518 0.000126444 -0.00174537 0.00052674 -8.17212e-05 0.00582495 -0.000995824 0.00237096 -0.00051451 7.16646e-06 -7.50242e-05 0.000480597 -0.000209099 0.000462864 -0.000349542 -0.00163953 0.00239795 0.00182612 0.000387937 -0.00118886 0.00113942 -1.0526e-05 0.00307767 0.00115217 -3.37995e-05 -0.000648698 7.10346e-06 -0.000351577 1.44285e-05 -0.000466996 -0.00112548 0.000324064 1.61367e-06 0.000522853 -0.000261188 -0.0013963 -0.00207062 -0.000695918 -1.6474e-06 -0.000186731 -0.000290545 -0.00178515 -0.000228056 -0.000273778 0.00249082 -0.000440188 -1.5272e-06 -1.15217e-05 -0.000159896 0.000678333 -0.00194649 -0.000200584 -0.000396448 3.3818e-05 -0.00202274 -3.90041e-05 -0.00117277 -0.000226275 -3.67141e-05 -7.47993e-05 0.00113841 0.00170868 -0.000818892 -0.000281214 -0.00019598 -0.000363666 3.63014e-05 -5.60217e-05 -0.0016987 -0.000181153 -0.000579552 -0.000584695 -0.000119721 0.00276109 0.00225027 -0.000476533 -0.000237614 -0.000258844 -1.59401e-05 -1.71774e-05 -0.000302805 1.75913e-05 -0.00120296 -0.00254519 0.00169702 -0.000304678 0.000487533 -0.000181934 0.000580364 -1.18093e-06 
0.00059833 0.000874852 0.000123368 -0.000184429 -0.00929142 0.000567551 0.0208295 -0.00647378 0.000289022 -8.73678e-05 0.00658119 0.00758851 0.00993507 0.00227564 0.000229433 -0.000995824 0.0888351 -0.0119277 -0.00130632 0.0231437 -0.000123452 0.0216695 -0.000110768 0.00191771 0.00937151 -0.000629036 -0.0221767 -0.00050564 -0.0142607 -0.000383617 0.0140945 6.81017e-06 -0.0265311 -0.0112624 0.000647749 3.84899e-05 0.00344029 -0.00015544 -0.000408181 -0.00057566 0.00358252 -0.0220525 -1.63991e-05 -0.0405875 0.00155582 0.000632546 -0.000676999 0.000434686 4.73626e-05 -0.000209972 -0.000477188 0.000798278 -1.44098e-05 0.000154772 -0.00194689 0.000220594 -1.42592e-05 -6.21791e-05 0.000212804 -0.00760103 -0.000963689 -0.000124216 9.51566e-05 -0.000905437 -0.000920758 7.67497e-06 0.00544351 -0.00101346 2.22406e-05 -0.000332145 -0.00131475 -0.0417627 0.000977355 -0.0001986 -0.000135016 0.00440161 -0.00121863 1.00466e-05 0.001247 5.46892e-07 -0.00068638 0.000851994 -0.00347212 -0.052213 0.00670053 -0.000176893 0.00116533 -0.000287806 -3.62185e-05 -0.000550941 -0.000375647 -0.000271547 0.0136506 0.00834572 0.0024528 0.00524997 -0.00852723 0.010356 0.0148663 -5.71133e-06 
-0.000459349 -0.00263416 -0.000423341 0.000417567 -0.0409493 -0.0015961 -0.0042562 0.01528 -7.0453e-06 0.000297113 0.00263994 -0.0193765 -0.023661 -0.013399 -0.0012172 0.00237096 -0.0119277 0.18151 -0.00476426 0.0161764 4.52044e-05 -0.0382015 0.00189488 -0.0118923 -0.0243511 -0.00343015 -0.0671933 0.00718274 0.0169719 -0.0247968 -0.0047286 -0.000390296 0.00928217 0.0400596 -0.000759337 -0.00113922 -0.00706554 0.00081574 0.000202749 -0.00658349 -0.00445067 -0.023651 0.0001225 0.0329409 -0.00341032 -0.00226764 -0.000392155 0.00494978 -3.57644e-05 -0.0014985 -0.00109422 -0.00405164 -0.000545812 -0.000558009 0.0102571 -0.000346123 1.88062e-05 -0.000241902 -0.00026652 -0.0434496 0.00550363 0.000183439 -0.00034396 0.00226146 -7.40673e-06 -3.01023e-06 -0.00311587 -0.00422739 -0.00028268 0.00177645 0.0788049 0.0205027 -0.00288751 -0.000388537 -0.00725257 0.00500045 0.00350482 -3.92207e-05 -0.00158273 -0.000469518 -0.00157099 -0.0019584 -0.0117348 0.0363004 0.0122139 -0.000316229 -0.000240911 0.000940877 -0.000124445 0.000817878 -0.00113511 -0.000705307 0.000831039 -0.0109706 0.00123024 -0.00130118 -0.0438769 -0.01416 -0.00350829 0.000358438 
-3.68262e-05 0.000868848 -4.11474e-05 9.29904e-05 -0.00698904 0.000103798 -0.00338324 -0.00842955 0.00010503 -8.65934e-05 -0.000632888 0.000283191 0.00141652 0.00477101 -0.000106728 -0.00051451 -0.00130632 -0.00476426 0.0394724 -0.00789296 6.1969e-05 0.000312922 0.00663867 0.0101431 0.010748 -0.000139178 0.011277 -0.00565006 0.00476699 -0.000419974 -0.0124404 8.41555e-05 -0.00701919 0.000346103 0.000383028 4.65137e-05 -0.000238973 0.00509987 8.31005e-05 -7.58612e-05 0.00114583 0.00454579 -2.92675e-05 -0.0160571 0.00343493 0.00042042 0.000833593 0.00249923 4.90813e-05 0.000135439 0.00247121 0.00213396 8.2871e-05 3.20633e-05 -0.0168715 3.11422e-05 -3.25945e-06 -8.05792e-05 9.90252e-05 -0.00724998 0.000467435 0.00122712 2.5287e-05 -0.000968767 -0.000390329 -5.04289e-06 0.000551822 0.00646554 7.39211e-05 -0.000200299 -0.0195555 -0.010457 0.00211606 0.00177996 0.012597 -0.00599225 -0.000439698 5.13457e-05 0.000265365 -4.47334e-05 0.00201748 -7.53202e-05 0.0167647 -0.00550424 -0.0147608 0.000103352 -9.66623e-05 -0.000156901 0.000190052 0.000665189 0.00108879 0.000601775 0.000191164 1.31465e-05 -0.00170887 0.00221955 -0.00145216 -0.00066933 -0.00149894 -5.95035e-05 
0.00143772 -0.00104377 -3.0232e-05 -0.000426425 -0.0776522 -0.00104868 0.000751162 -0.0137846 -0.000371447 0.00415072 0.0191063 0.0507241 -0.0132304 -0.027457 0.000754916 7.16646e-06 0.0231437 0.0161764 -0.00789296 0.221687 -0.000454651 -0.0466942 0.0183025 0.00864666 -0.0119488 0.00363345 -0.058252 0.00113904 -0.020685 -0.00520493 0.00158175 0.000514025 0.012067 0.12001 -0.0005043 0.00033668 0.00801912 0.000165113 -0.000712417 -0.00939606 -0.00271779 -0.0249546 -0.000115369 -0.0717475 0.0140823 -1.8644e-05 0.0116457 -0.00674083 0.000375065 -0.000706063 -0.00212765 -0.0014538 -0.00035272 0.000224972 -0.133193 -0.000166689 -4.4971e-05 0.000724316 -0.00013113 -0.145652 -0.0106784 0.00318064 0.000131937 -0.00742224 0.00258782 1.9752e-05 -0.00141084 -0.00281965 -0.000185018 0.00548033 0.0920598 -0.0841538 -0.00134435 -0.000312043 -0.00506391 0.0833092 -0.00684098 -0.000112185 -0.000495808 0.00083626 0.0017795 0.0003341 -0.00252516 -0.0467181 -0.0129215 0.000507871 -0.00128161 0.00240905 5.94286e-05 -0.00147074 -0.0015992 -0.00091573 0.0778934 0.0133282 -0.00850491 -0.000655975 -0.0267448 0.003492 0.0838417 0.000431253 
-1.30456e-06 9.36907e-05 -5.37948e-07 2.56677e-05 -0.000331853 6.9885e-06 -0.000136543 4.19404e-05 0.000105429 2.86957e-05 -5.26061e-05 5.71218e-06 -5.96762e-05 -0.000177766 2.15977e-05 -7.50242e-05 -0.000123452 4.52044e-05 6.1969e-05 -0.000454651 0.00177167 -0.000304164 -5.00496e-05 -0.000308872 2.66398e-06 -1.21702e-05 -0.000261391 2.65072e-06 9.29086e-05 -6.03133e-05 -0.000650318 -8.90524e-07 -0.000350789 0.000126568 1.27659e-05 8.73679e-07 -1.11007e-05 2.81043e-05 2.82707e-06 -2.43537e-05 -1.3085e-05 0.000570428 -1.22089e-06 0.000382829 -4.68556e-05 3.6e-05 -3.68249e-05 4.07917e-05 -4.49223e-07 7.32615e-05 -1.13661e-05 7.63071e-05 4.15267e-05 1.76931e-05 -0.000318005 6.97369e-07 1.5729e-06 -4.2705e-06 -6.74788e-07 -0.000342092 3.08149e-05 4.63112e-05 5.54062e-06 0.00011011 2.00275e-06 5.40373e-07 0.000158308 1.3561e-05 -5.58241e-07 -1.56628e-05 7.31824e-05 0.000580776 2.71425e-05 -2.68832e-06 3.38388e-05 -0.000340474 -1.60757e-05 5.37058e-06 -8.8481e-07 2.20634e-06 -1.35293e-05 1.4112e-05 7.73268e-07 0.000449052 -0.000248937 -1.67006e-06 -7.34224e-06 -1.32527e-05 -9.88286e-07 3.49964e-05 -7.07281e-07 5.6239e-05 -0.000155998 -2.07149e-05 2.11495e-05 -1.70404e-05 -7.29167e-05 -1.88314e-05 -0.000211535 -2.58381e-06 
-0.000257045 0.000275097 -8.10617e-05 -0.000274154 0.0184511 0.00025183 0.019561 -0.00709411 7.99116e-06 -0.00151088 -0.0066201 -0.0182571 0.031532 0.0147102 0.000663389 0.000480597 0.0216695 -0.0382015 0.000312922 -0.0466942 -0.000304164 0.153661 -0.00484033 0.0399282 0.0238993 -0.00103482 0.0531314 -0.00407933 -0.0193761 0.0194851 0.0239569 -7.10647e-05 -0.0448399 -0.0601609 -0.000166969 0.000220039 -0.000882528 -0.000463869 -0.000420985 0.0137335 0.00581802 -0.0260287 2.01336e-05 -0.0584392 -0.00206055 0.000577931 -0.00410219 -0.00120271 -4.41325e-05 -0.000100236 0.00218678 0.00209983 7.80172e-05 -3.9131e-05 0.036257 -3.83866e-05 -2.12322e-05 -0.000102165 0.000229533 0.0758199 -0.00456875 -0.00143801 -7.0972e-05 -0.00317305 -0.00146772 1.76168e-05 -0.00282656 0.00073463 0.000294816 -0.00176224 -0.0775593 -0.0545896 0.000287601 -0.000355137 0.000966408 -0.000703675 0.00901932 0.000118463 0.000656966 -0.000193843 -0.00103913 0.00126935 -0.0021755 -0.0789782 0.0170822 -0.000444203 0.00250394 -0.00159371 -7.34164e-05 -0.000953 -0.000252981 -0.000285052 -0.0106368 -7.0765e-05 0.0024976 0.00510145 0.013485 0.00628437 -0.0260287 -0.000287449 
8.72935e-06 8.21994e-05 0.000142709 9.17006e-06 -0.00914491 -0.000164939 -0.00180427 -0.0090734 6.61508e-05 0.000871138 3.89922e-05 -0.000366945 -0.0016412 0.00374387 -0.000177645 -0.000209099 -0.000110768 0.00189488 0.00663867 0.0183025 -5.00496e-05 -0.00484033 0.0411196 0.00773725 -0.000567957 -3.50788e-05 -0.00412255 -0.000296413 -0.00598655 -0.0016493 -0.00446067 0.000149622 0.00334896 0.0174427 2.76124e-05 -0.000131025 0.00177671 0.00089437 -0.000195747 -0.00117192 -0.000356625 -0.0110623 -3.6209e-05 -0.020382 0.012857 -9.20273e-05 0.00149506 -0.00017341 4.51773e-05 -8.70728e-05 -9.94399e-05 0.000145358 -2.65882e-05 -2.0634e-05 -0.0280103 -2.16863e-05 -6.28015e-06 0.000160334 -7.53946e-06 -0.0205221 -0.00134656 -7.53314e-05 -1.50832e-05 -0.000869495 0.000908791 7.24928e-06 -0.000926349 0.000125109 -6.18406e-06 0.000185947 -0.00047554 -0.017787 0.000313998 0.000889999 0.00152545 0.0166148 -0.000730994 -1.4422e-05 2.14811e-05 0.000217691 0.000592985 -0.000105037 0.00525928 -0.0111348 0.00285832 2.38058e-05 -9.98841e-05 -0.000200655 -3.03185e-06 -6.10295e-05 0.000268759 -7.36405e-05 0.0121823 0.000977327 -0.00112 0.00193082 -0.00361961 -0.000367144 0.00230162 -6.76052e-05 
5.17983e-05 -0.000748066 -7.61096e-05 -9.5318e-05 -0.0102091 -0.000667639 -0.0155477 -0.0221816 -0.000305027 0.000339367 0.00180124 -0.0166197 0.0127096 -0.00739913 -0.000449692 0.000462864 0.00191771 -0.0118923 0.0101431 0.00864666 -0.000308872 0.0399282 0.00773725 0.151509 0.0200362 -0.00085412 0.0158603 -0.00533145 -0.0171344 0.00062024 0.0241511 0.000677983 0.0138359 -0.00452488 3.78692e-05 0.0009312 -0.00317262 -0.000688521 -0.000695765 -0.00197271 0.000445511 -0.0373794 7.52787e-05 -0.0654513 0.014276 -0.000222225 0.00076348 -0.00158405 9.12773e-05 0.000575008 0.00202049 -0.00129971 -0.000184935 1.64708e-07 -0.00762458 -9.79623e-05 -2.38735e-05 0.000178725 0.000139003 -0.00902222 -0.00590317 -0.000864335 -8.83377e-05 -0.00472333 -0.00189865 -3.02517e-05 -0.00183705 0.00662332 0.000147587 0.00130351 -0.0236929 -0.0380014 0.00171227 0.000756605 0.00996446 0.0251745 -0.00285472 -5.64701e-05 -2.64594e-05 -0.000378556 -0.000370407 -0.000247301 0.00606241 -0.0616819 -0.00628352 0.000286691 0.000730483 3.12437e-05 2.31783e-05 -0.000763366 0.000719333 0.000223028 0.0332609 0.00183549 -0.00489241 0.00374108 -0.0015089 -0.00237763 -0.0201771 -0.000135247 
-8.76441e-05 0.000371903 7.73446e-05 -1.78729e-05 -0.00926056 -0.000106488 -0.00247504 -0.0153157 -6.36827e-05 -0.000483098 -0.00148353 -0.00326719 0.0206893 -0.0022215 -0.000160963 -0.000349542 0.00937151 -0.0243511 0.010748 -0.0119488 2.66398e-06 0.0238993 -0.000567957 0.0200362 0.04756 -0.000245389 0.0204725 -0.00592237 -0.00432835 0.00353911 0.00379225 -3.80621e-05 -0.00925884 -0.0167224 0.000330066 0.000551741 0.000213894 0.0019965 -9.35909e-05 0.000468637 0.00349078 0.00141345 2.06283e-05 -0.0227167 0.000548411 0.00123516 0.000340289 0.00267747 -5.77099e-06 0.000401652 0.00381977 0.000822527 0.000177387 0.000183927 0.000510671 -9.15442e-06 -5.66549e-06 -8.43592e-05 0.000171321 0.0112617 -0.0016537 0.000106827 7.44282e-05 -0.0010158 2.76591e-05 1.93337e-05 -0.000736871 0.00789596 0.000312199 -0.000431674 -0.0251477 -0.0233619 0.00267514 0.000815489 0.0122291 -0.00642972 -0.000744494 -9.54361e-06 0.00032958 -5.45373e-05 0.00151309 0.00118615 0.00943308 -0.0290767 -0.0148148 -2.43073e-05 0.000118553 -0.000336126 9.35803e-05 0.00036135 0.000820722 0.000602965 -0.00207749 0.00125977 -0.00278766 0.00237928 0.000416459 0.00770049 -0.00118455 -8.83305e-05 
-1.66886e-05 6.66926e-05 1.99055e-05 -7.29256e-06 -0.00241086 0.000171863 0.00254623 -0.00377917 5.31536e-05 0.00061911 -0.000240856 0.000545171 -0.000206169 -0.000790217 0.000248709 -0.00163953 -0.000629036 -0.00343015 -0.000139178 0.00363345 -1.21702e-05 -0.00103482 -3.50788e-05 -0.00085412 -0.000245389 0.0070157 -0.00363405 -0.000450334 0.00201884 0.00372481 0.000171244 1.00187e-05 -0.00475031 -0.00198726 -1.86931e-06 -6.95962e-06 -7.70103e-05 4.96782e-05 -8.97017e-07 -0.000201449 0.000170124 0.00120981 -9.87523e-06 0.00252138 0.0009329 0.000950443 0.00553376 0.000439297 5.85901e-06 -1.01106e-05 -2.14105e-05 0.000311412 5.94706e-05 0.000146985 -0.00443188 2.48507e-05 -5.33279e-07 1.9383e-05 4.28824e-06 -0.0032056 1.16915e-06 0.000112815 0.000262266 -0.000178194 0.00219962 2.54518e-05 5.51199e-07 -7.12327e-05 4.30762e-08 0.000369933 0.00201788 -0.00330732 -3.21684e-06 1.45396e-05 -0.000133263 0.00469189 -0.000156341 2.47405e-06 0.000136888 0.000271042 0.000308592 7.6213e-05 -0.000237034 -0.0045831 -0.00535619 0.000300788 -2.60303e-05 0.000631282 8.62382e-06 -3.50384e-05 -3.45714e-05 -1.74117e-05 0.00413607 0.00428319 -0.00366272 -6.22157e-05 -1.57422e-05 -0.000187985 -0.000737538 -1.04318e-05 
-0.00114942 -0.000452243 -0.000265132 -0.000608104 0.00189945 -0.00157332 -0.00310276 0.0123934 -0.000848276 -0.00431284 -0.0144967 0.014512 0.016045 0.01144 -0.00119927 0.00239795 -0.0221767 -0.0671933 0.011277 -0.058252 -0.000261391 0.0531314 -0.00412255 0.0158603 0.0204725 -0.00363405 0.248804 -0.00616773 0.00542189 0.00428817 -0.0397059 -0.000344577 -0.00109074 -0.0525815 1.56272e-05 0.0014956 0.0028505 -0.000428845 2.85647e-05 0.00986352 0.00067673 0.0381416 -7.44419e-06 -0.0495397 -0.0109592 -0.000212706 -0.0113422 -0.00974978 -0.000291282 0.000597259 0.00144641 0.000606585 0.000189516 -0.000295213 0.00772145 -0.000272697 -4.8137e-05 -0.000437196 -3.49614e-05 0.0398628 -0.017571 -0.000661229 -0.000227052 -0.00553156 -0.00466184 -7.01234e-05 -0.00674799 0.00504843 0.000178491 -0.00438608 -0.0813972 -0.0198112 0.00136244 0.000596975 0.00745812 -0.0532181 -0.0032166 -3.07282e-05 -0.00109666 0.000230042 0.00179471 0.000860154 0.0184456 0.0102025 -0.00678964 -0.0012542 0.000319259 -0.00323665 0.000241302 0.00170289 0.00217361 0.00125521 -0.0538614 -0.00566688 0.00486248 -0.00221549 0.0292811 0.00858077 0.0234642 -0.00068772 
-0.000155123 -0.00167719 -7.54694e-06 -0.000158075 0.00208195 -0.00098962 -0.00295427 0.00773769 -0.00021674 -3.18791e-05 1.5096e-05 -0.0016731 -0.00454031 -0.0017819 -0.000418445 0.00182612 -0.00050564 0.00718274 -0.00565006 0.00113904 2.65072e-06 -0.00407933 -0.000296413 -0.00533145 -0.00592237 -0.000450334 -0.00616773 0.0192199 0.000118103 0.000550379 0.000640898 -8.27837e-05 0.00678441 0.00495821 -7.27738e-05 -0.000319094 -0.000209084 -0.00046132 5.05278e-05 -0.00219612 -0.00200559 0.000451542 9.79713e-07 0.00909718 -0.000639409 -0.000567065 -0.00118682 -0.00118365 -5.96493e-05 -0.000639815 -0.00245825 -0.00273147 -5.30914e-05 -0.000144764 0.00486272 -0.000418111 -1.23616e-06 -0.000156209 -0.000207263 -6.55776e-05 -0.000557292 -0.000989108 -0.000338835 0.000246892 -0.000230049 -1.4924e-05 -0.000648293 -0.00697505 -0.000221199 -0.00023637 0.00741756 0.00752573 -0.00192951 -0.000413018 -0.00641225 0.00142644 -0.000992563 -7.1128e-05 -0.00128074 -0.000588762 -0.00502949 -0.000428015 -0.00892757 0.0088893 0.00880489 -1.00866e-05 -0.000224533 -0.000461724 -0.000409744 4.67249e-05 -0.000556587 -0.000395768 -0.000135644 -0.00194659 0.00484576 -0.000646068 -0.00339176 -0.000736083 -0.00183015 -2.79016e-05 
-0.000450514 -0.000554571 0.00039957 0.000246863 -0.0349827 0.000117567 -0.00551586 0.00708439 -0.000292389 -0.00128807 -0.00509532 0.000838765 -0.00713667 -0.00855173 0.0025757 0.000387937 -0.0142607 0.0169719 0.00476699 -0.020685 9.29086e-05 -0.0193761 -0.00598655 -0.0171344 -0.00432835 0.00201884 0.00542189 0.000118103 0.13407 0.00368698 -0.0505611 -0.000175997 -0.0221038 -0.0115111 6.01265e-06 -0.000582701 -0.000167325 0.00105594 0.0038445 0.000937475 -0.000896177 0.0621295 -0.00014023 0.0479391 -0.0049736 -0.000369431 0.0093882 -5.70378e-05 -5.66854e-05 0.00121904 -0.000921173 0.000517365 0.000168659 -0.000135347 0.00635489 -3.63708e-05 0.000107701 -0.000146608 -5.85431e-05 -0.0171857 0.00407146 -0.00103366 -5.69598e-05 0.00495045 0.00218622 -1.08914e-05 0.000476547 -0.00106373 -4.80428e-05 0.000820259 0.0237738 -0.000674386 -0.000662276 1.35656e-05 0.000512418 -0.0126475 -0.000101911 6.53747e-05 -0.000411556 0.000477982 0.00224549 -0.000494836 0.00074799 0.0160887 -0.0702652 -0.000341723 -0.000519298 0.00627252 0.000161669 0.00442649 -0.00056446 0.00135611 -0.0190561 -0.00195641 -0.00725866 -0.00150788 0.00174228 -0.00354548 -0.00478954 -0.000128212 
-9.34794e-05 -2.59374e-05 3.03207e-05 -9.02067e-05 -0.00622623 -8.13244e-05 0.000990635 -0.00710248 -4.52251e-05 0.0011864 -0.00114094 -0.00322847 0.00359088 -0.00464558 0.00126444 -0.00118886 -0.000383617 -0.0247968 -0.000419974 -0.00520493 -6.03133e-05 0.0194851 -0.0016493 0.00062024 0.00353911 0.00372481 0.00428817 0.000550379 0.00368698 0.0429749 0.0037958 -1.04422e-06 -0.0135979 -0.0137496 -7.21306e-05 -2.0645e-05 0.000652256 0.000289944 0.000378842 0.00280471 0.00174939 0.0118983 -5.62489e-05 0.00580083 0.000718329 0.00118281 0.00585987 0.00106791 -2.63549e-05 0.00048489 0.000802374 0.000506852 0.000183943 0.000180776 -0.000254548 -3.85669e-06 -3.55678e-06 0.000170632 5.47907e-05 0.0115267 -0.00138984 -0.00018523 9.54454e-05 -0.000745576 0.00161246 1.78828e-05 -0.000726219 -0.00029654 9.81417e-05 -8.69945e-06 -0.00608861 -0.0178097 -0.000179254 -4.11495e-05 -0.000794624 0.00420129 -0.000714356 2.46475e-06 -1.27517e-05 6.04456e-05 -0.000114675 0.000205074 -0.00121922 -0.025426 -0.00929886 0.000351826 0.00061247 0.000915145 -1.23746e-05 -0.000278255 2.69422e-05 6.66593e-06 0.001726 0.00255867 -0.00532999 -0.000192415 0.00975016 0.00181394 -0.00498097 -8.24711e-05 
0.000267686 -0.00039625 -0.000588967 -5.98811e-05 0.0207849 -0.000391941 0.0131614 -0.0082035 -0.000598065 0.0014718 0.00649114 -0.0141619 0.00828171 -0.0102122 -0.000963782 0.00113942 0.0140945 -0.0047286 -0.0124404 0.00158175 -0.000650318 0.0239569 -0.00446067 0.0241511 0.00379225 0.000171244 -0.0397059 0.000640898 -0.0505611 0.0037958 0.170268 4.57159e-05 0.00101076 -0.0342594 -0.000767631 -0.00100703 -0.0021156 -0.00441554 -0.00314788 0.000911304 0.000281921 -0.0757744 3.46578e-05 -0.0182252 0.00326315 -1.84393e-06 -0.00475225 0.00210487 0.000123167 -0.000152824 -0.000108691 -0.00212769 -0.000664056 0.00011256 0.0259461 -0.000114073 -9.74022e-05 0.000330502 -8.06318e-05 0.0388425 -0.00620332 -0.00225702 -0.000118179 -0.00557825 -0.00104452 -2.85713e-05 -0.00324985 0.000786091 6.12235e-05 0.000514979 -0.0096547 -0.0222233 -0.000257808 -0.00144065 -0.00332459 0.0343201 0.000196424 -0.000103499 7.6701e-05 -0.00120488 -0.00211234 -0.000406277 -0.0196438 -0.0527418 0.0277967 -0.000381113 0.000786752 -0.00253319 -0.000403346 -0.00438128 -0.00239066 -0.00236039 0.0230177 0.00212774 0.00427234 0.00169761 0.00470293 -0.00162146 -0.0253708 -0.000443344 
1.06639e-05 -6.45209e-07 -1.03338e-06 9.24904e-06 -0.000292472 7.35313e-07 -5.38259e-05 -0.000455189 4.61672e-07 0.000149334 0.000134452 -3.06512e-05 -4.21424e-05 -0.000123181 9.1321e-06 -1.0526e-05 6.81017e-06 -0.000390296 8.41555e-05 0.000514025 -8.90524e-07 -7.10647e-05 0.000149622 0.000677983 -3.80621e-05 1.00187e-05 -0.000344577 -8.27837e-05 -0.000175997 -1.04422e-06 4.57159e-05 0.00111278 -1.89662e-05 0.000219982 1.93663e-05 -5.43165e-06 1.94195e-07 -1.22579e-05 -5.33434e-06 -2.54789e-05 -1.66303e-06 -0.000236803 5.50946e-07 -0.00054969 0.000498306 8.10923e-06 -8.0126e-06 -2.85455e-05 6.45932e-06 4.23524e-06 -6.41683e-06 -2.20942e-07 -1.17061e-06 3.60728e-05 -0.00067583 1.66069e-09 7.90253e-07 -5.25667e-07 -1.22065e-07 -0.000483163 -3.16591e-05 3.10452e-06 2.1629e-07 -2.86395e-05 -4.23018e-06 7.67508e-08 -1.47559e-05 3.7137e-05 -2.12244e-08 -1.84262e-06 0.000134273 -0.000344461 2.13536e-05 9.60111e-06 0.000155464 0.000567879 1.77934e-06 -3.88802e-07 -8.75473e-07 -2.08522e-06 -1.43622e-05 -2.28848e-06 0.000120479 -0.00042015 -0.000248401 -2.39305e-06 -3.87856e-06 -5.10259e-07 2.37434e-06 -5.8224e-06 4.2856e-06 2.46781e-06 0.000682624 7.79019e-05 -9.73117e-06 4.53753e-05 -7.78816e-05 -2.78941e-05 -0.000173677 1.43611e-05 
-0.000245617 -0.0023825 -0.000247492 0.000146899 0.0136384 -0.00271972 -0.0413106 0.0113796 -0.000575096 9.62769e-05 0.00307874 0.000280669 -0.00309598 -0.00328108 -0.0027667 0.00307767 -0.0265311 0.00928217 -0.00701919 0.012067 -0.000350789 -0.0448399 0.00334896 0.0138359 -0.00925884 -0.00475031 -0.00109074 0.00678441 -0.0221038 -0.0135979 0.00101076 -1.89662e-05 0.141534 0.0513693 -0.000277855 0.000107346 -0.000741667 -0.00385998 -0.00284971 -0.019155 -0.00561058 -0.00895275 3.12071e-05 -0.00329708 0.00136639 -0.00236578 -0.010133 -0.00637292 -0.000167313 -0.000863212 -0.00239472 -0.00448917 -0.000314747 -0.000292273 0.00237451 -0.000429548 -4.62762e-05 -0.000420116 -0.000186365 -0.037915 -0.0126049 0.000412994 -0.000456852 0.000835661 -0.0068747 -0.000112256 -0.00254849 -0.00161971 -0.000245744 -9.47228e-05 0.00822328 0.038329 -0.00193517 -0.000127745 -0.0040577 -0.0154221 -0.00975065 -0.000241996 -0.0017045 -0.00131745 -0.00650678 -0.00171201 -0.000610342 0.0586539 0.016758 -0.000202674 -0.000557906 -0.00145608 -0.000424271 -0.00254338 -0.000180421 -0.000949061 -0.00150007 -0.00994666 0.00551055 -0.00606051 -0.00694703 -0.00522538 -0.0025704 0.000295468 
