0.00851083 0.00077104 0.000414303 0.000214035 -0.00136104 -0.000107888 -0.00109914 0.000343971 -0.00173133 -1.45526e-05 0.00039659 -0.000878814 -0.00394243 0.000175638 0.00326629 -0.000306385 -0.00242886 2.01809e-05 -0.000585044 -0.000610078 0.000548131 0.00193014 -0.0048894 0.00332615 8.86473e-05 -2.79925e-05 -0.000513978 -0.000972004 -0.00330314 0.000524487 6.82839e-05 -0.00324832 -0.00384071 -4.44488e-05 0.000203491 7.54133e-05 -2.54904e-05 1.74689e-05 1.73872e-05 3.17648e-06 4.5698e-07 -9.505e-05 0.00366915 -0.000747515 1.00042e-06 -0.00446128 -2.17374e-06 0.000366478 0.00369663 -0.000641726 0.000107105 0.000216539 0.000313153 0.000303793 0.00434088 0.000328449 -0.000913884 -7.07368e-05 -8.23959e-05 0.00285334 -4.30388e-05 -0.00434249 0.000200421 -0.00366667 7.97462e-06 5.94675e-06 3.53802e-05 -0.00199938 -0.000679411 -0.00171657 -0.000940076 -0.000415095 9.46372e-05 0.000510577 0.00111525 0.00275687 0.00101932 0.000841244 -1.67816e-07 -4.85451e-07 4.76909e-05 -0.000191346 0.00168785 0.000190121 -0.000160323 0.000793617 -0.000394036 1.25886e-05 0.000798299 9.41073e-05 -0.000557011 0.00385008 0.00322011 -0.000590409 3.08929e-06 -0.00348756 -0.000223908 0.000103842 0.00151206 0.000340065 
0.00077104 0.0453434 0.00654966 -0.000190875 -0.00416008 0.021933 -0.00176283 0.00788294 -0.0107574 -3.54381e-05 -0.0033349 -0.00369781 -0.0028458 0.00880388 -0.0166264 0.0245649 -0.0134023 0.023174 -0.0161139 0.0090737 0.000661625 -0.000225127 -0.0201557 -0.00952815 0.0273578 0.00123299 -0.0368814 -0.00238877 -0.0244804 -0.000938219 0.000563278 -0.0190557 -0.0217084 0.000636504 0.0255253 0.00530736 -0.000146272 -0.000165066 -0.0129279 0.000169778 -7.26023e-07 0.0213071 0.00264413 -0.0139742 0.00258647 -0.0291963 5.90309e-05 2.48115e-05 0.0177772 -0.00286066 9.10593e-05 1.45911e-05 0.0227261 0.000908338 -0.00152804 0.00387112 -0.00314042 -0.000708502 0.00618063 -0.000668544 -0.00431262 -0.0312951 0.0039433 -0.0204746 0.000169676 0.000522413 8.24066e-07 -0.0232345 -0.00419222 -0.00317759 -0.00548672 -0.00130393 0.0112393 -7.38878e-05 -0.0033657 -0.000294897 -0.000277423 -0.0024568 -3.90336e-06 -1.1725e-05 -0.000107006 0.0339315 0.0353993 -0.000662965 -0.000970312 -0.000119509 0.00677849 -1.83552e-05 0.0309343 0.000729653 -0.00873084 0.000209312 -0.00251864 -0.00217096 -6.30375e-06 -0.0203565 -0.000509901 -0.000198146 -0.00219411 0.000531526 
0.000414303 0.00654966 0.0145047 -7.95813e-05 -0.00205323 -0.000163125 -0.00189891 0.00040213 -0.00409448 -8.06349e-05 -0.00111072 -0.00174312 -0.00260201 0.000569175 -0.00499898 0.00343062 -0.00352403 0.00524944 -0.00043656 0.00801757 0.0051732 0.000440068 -0.00186926 -0.00270662 0.00148615 0.00157408 -0.0121948 -0.00145398 -0.00885969 -0.0002926 0.000509984 -0.00580722 -0.00665984 5.67258e-06 0.000928341 0.00713565 -4.62334e-05 5.74121e-06 -0.0036818 8.03614e-06 -5.36794e-07 0.00127269 0.00319191 -0.000186253 0.0004077 -0.0091357 -1.25832e-06 2.79284e-05 -0.000100624 -0.000557705 0.000380469 -1.65614e-05 0.00992376 0.000365778 -0.000296834 0.00166966 7.18148e-05 0.000315343 0.000169948 -0.000416533 -0.00163309 -0.0119876 0.000279702 -0.00637766 0.000115097 -1.31403e-05 -3.19527e-07 -0.0030589 -0.00123954 -0.00223814 -0.00166506 -0.000595632 0.00135951 -2.0953e-05 -0.00120053 0.000426559 -4.03372e-06 0.000689746 2.27387e-05 -3.41846e-06 -5.41542e-05 0.0104584 0.0119757 -0.000164889 -0.000298414 -3.58123e-05 0.00296121 -0.000211773 0.0113967 0.00431594 -0.00318759 0.000695503 -1.40497e-05 -0.000974314 -2.56035e-06 -0.00631613 0.000210423 -7.70807e-05 -0.00065002 -1.4563e-05 
0.000214035 -0.000190875 -7.95813e-05 0.00847997 -0.000418413 -2.33891e-05 0.00139702 -9.60969e-05 -0.00232467 -3.33175e-05 -0.000777615 -0.00128108 0.000134025 -7.18781e-05 -0.00280068 -0.000370808 0.00315684 -0.000215958 -0.000200466 -0.00131804 0.000902937 0.000211075 0.000778409 0.000621373 0.00106873 -8.76214e-05 0.000287713 -0.000585522 -0.000314931 -8.38667e-05 0.000300077 -0.00237344 -0.00300482 0.000110101 -1.07945e-05 -0.000109221 1.41968e-05 8.39064e-05 0.00129179 1.33194e-05 -2.11876e-07 -0.000123152 -0.00107154 -0.00126011 -4.47048e-05 -0.000686583 -9.88317e-07 3.85312e-05 0.000326976 0.000530214 0.000406667 2.67873e-06 -0.000243199 -4.21864e-05 -6.11187e-05 -0.000988682 -0.000813723 -0.000142757 0.000184047 -2.79483e-05 0.000394685 -0.00132738 -3.61199e-05 -0.000941754 -1.36569e-05 1.18606e-05 6.72553e-06 -0.00279664 0.000435358 -0.000486641 0.00218923 0.00189124 0.000351046 0.000240055 -0.000672044 -5.83127e-05 0.00012866 -0.000357577 -1.00344e-06 -6.39645e-07 -2.33292e-05 -0.000498208 0.000295313 9.59885e-05 0.000122094 2.34971e-05 -0.000332944 -0.000117429 0.000972521 6.23323e-05 0.000794959 0.000102122 -0.000431202 8.70689e-05 2.18963e-07 0.000779911 -5.53509e-05 -3.35792e-05 0.000805245 0.000119027 
-0.00136104 -0.00416008 -0.00205323 -0.000418413 0.179334 -0.00649895 -0.034004 -0.00251903 -0.0264017 0.00248393 0.0582947 0.00515052 -0.0201081 -0.00191639 -0.0773924 -0.0113147 -0.0755956 -0.00627773 -0.00970479 0.0346623 -0.037959 -0.00168344 -0.0182931 -0.0245967 0.00700568 -0.00154796 -0.0362323 0.163678 -0.103952 -0.00356421 -0.000593861 -0.0824287 -0.104439 0.00684334 -0.00673526 -0.00244314 -0.000670941 -0.000102759 -0.0861129 4.01354e-06 4.21424e-07 -0.00405559 0.00485049 0.0510705 0.000812887 -0.140253 0.00017744 -5.29211e-05 -0.0444564 0.055472 -0.00194147 -0.000295044 -0.00795396 -0.0010194 -0.0108736 0.0566955 0.152741 0.0112713 -0.00074944 0.00274369 0.0980022 0.000489456 -0.0028456 -0.0309556 0.000799922 -0.000288679 -1.47277e-05 -0.0888508 -0.0198789 0.159966 -0.00686295 -0.00699698 -0.00536273 -0.00176698 -0.019148 -0.00190705 -0.000741489 -0.00789363 -5.08637e-05 -1.86552e-05 -0.000547334 0.00331429 -0.00675621 0.00879978 -0.00474052 -6.45414e-07 0.0236311 -0.00314469 0.014594 -0.00252472 0.0947621 -0.00155325 -0.0141024 0.124822 -2.40947e-05 -0.0997145 0.0113416 0.0025911 -0.006378 -0.000603418 
-0.000107888 0.021933 -0.000163125 -2.33891e-05 -0.00649895 0.0277258 0.00229151 0.00807547 -0.00824992 -0.000158659 -0.00235886 -0.0044019 0.000773454 0.0067039 -0.00892327 0.0180192 -0.00876017 0.015063 -0.0131487 -0.00388654 -0.00291273 -0.000188674 -0.0131569 -0.00522735 0.0231468 -0.000113874 -0.0204321 -0.0062122 -0.0128733 -0.00050017 -7.02603e-05 -0.0110916 -0.0130621 0.000157302 0.0215481 -0.000165252 -9.0062e-05 -9.61572e-05 -0.00550247 5.61035e-05 -6.87342e-07 0.0178239 -0.000972885 -0.00850839 0.000996479 -0.0145979 1.35884e-05 -2.24649e-05 0.017122 -0.00229183 -0.000214466 -1.31927e-05 0.0138549 -0.000106024 0.000236869 -0.00269167 -0.00716471 -0.000640886 0.00677687 -0.000660246 -0.00240263 -0.0206034 0.00382065 -0.01227 -4.62268e-05 0.000463307 5.95421e-07 -0.0148262 -0.00246361 -0.00525797 -0.00304268 -0.000603831 0.00677978 -0.000163378 -0.00181921 -0.000226542 -0.000154811 -0.00102984 -5.56103e-06 -6.78752e-06 -9.67973e-05 0.022745 0.0215431 -0.000430448 -0.000545398 -5.55543e-05 0.00151318 -7.08326e-05 0.0190296 0.00032346 -0.00561763 -0.000159723 -0.0016959 -0.00547037 -1.89172e-06 -0.0116658 -0.000655568 -0.000144643 -0.0012737 0.000532146 
-0.00109914 -0.00176283 -0.00189891 0.00139702 -0.034004 0.00229151 0.124565 -0.00149988 0.0101674 -0.000757528 -0.0130967 -0.0116132 0.00911456 -0.00125478 0.0190091 -0.0094699 0.00581644 -0.00279981 0.00418307 -0.0324197 -0.00127679 -0.00103869 0.00884311 0.0059257 -0.00222644 0.000735536 0.0140914 -0.0350187 0.0420415 -0.000941044 -0.000578008 0.0221153 0.0476167 -0.0014068 0.000731816 -0.00223554 -0.000159498 -0.000647937 0.00643101 -3.446e-05 -4.23085e-06 -0.00174604 0.000840398 -0.0191463 -0.000855844 0.0397874 -3.80409e-05 -0.000139391 0.00214538 -0.012777 -0.00153707 -0.00019922 -0.00357708 -0.000747474 -0.00431986 -0.0174946 -0.0406089 -0.00319528 0.000574646 -0.00401601 -0.0190351 0.00439842 -0.00140061 0.019077 -0.000185239 -0.000131007 -7.74005e-06 0.00399233 -0.00729664 -0.0366359 0.00950163 0.00114753 -0.0022464 -0.00132835 -0.00213704 -0.00117517 0.000328874 -0.00264918 -2.24538e-05 -2.32621e-05 -0.000233005 -0.0119119 -0.00500699 -0.00211958 -0.00112946 -0.000312997 -0.00605232 -0.0016037 -0.0102131 -0.000866157 -0.0182935 -0.00183707 -0.00641663 -0.0294076 -2.17976e-05 0.0369065 -0.00371301 -0.000604773 -0.00186252 -0.000253484 
0.000343971 0.00788294 0.00040213 -9.60969e-05 -0.00251903 0.00807547 -0.00149988 0.0162636 -0.00404983 -9.14571e-05 -0.00208918 -0.00249913 0.000198451 0.00334806 -0.00425041 0.0117926 -0.00518564 0.00564285 -0.00695564 -0.000844517 0.00212242 -7.33684e-05 -0.00733508 -0.00346204 0.00895969 -4.95375e-05 -0.0102052 0.000332621 -0.00986778 -0.000320628 0.000484904 -0.00598824 -0.00694104 9.1154e-05 0.00846663 0.000543476 -4.67063e-05 -7.90938e-05 -0.00498434 4.95795e-05 -2.52996e-07 0.00833727 -0.00157301 -0.00515608 8.82024e-05 -0.00977372 -2.93125e-06 -6.54801e-06 0.00650713 -0.000420216 1.07849e-05 1.26163e-05 0.00707489 3.43611e-05 -0.000337091 -0.00158649 -0.000900137 -0.000281685 0.00197914 -0.000493497 -0.00146119 -0.0107195 0.00451708 -0.00648333 -1.78459e-05 0.000304598 3.08571e-08 -0.00715303 -0.00144786 -0.000779536 -0.00141797 0.000140485 0.000676787 0.000668722 -0.00106151 0.000304122 -0.000100746 0.00112208 -3.28712e-06 -2.57694e-06 -4.04384e-05 0.010768 0.0127738 -0.000185002 -0.000313966 1.61595e-05 0.000664061 -0.00027029 0.0124077 0.000789186 -0.00329866 -6.8069e-05 -0.000930626 -0.00301984 -1.9571e-06 -0.0063708 0.00122017 -7.83296e-05 -0.000764524 0.000538526 
-0.00173133 -0.0107574 -0.00409448 -0.00232467 -0.0264017 -0.00824992 0.0101674 -0.00404983 0.20886 0.0031184 -0.0146032 0.0919458 0.0119556 -0.00279172 0.099631 -0.00942559 -0.0565217 -0.00819793 -0.00333848 -0.0396671 -0.0415897 -0.000191692 -0.0330905 -0.00774802 -0.0220331 -0.000322812 0.0271683 -0.0249581 0.0529912 0.0093828 -0.00121318 0.0185999 0.0552156 -0.002439 -0.00828588 -0.00458157 0.000478105 -0.00137588 0.0247392 -7.33514e-05 -2.75252e-06 -0.00770926 0.000333751 0.0457721 -0.000629444 0.0489646 -5.96086e-06 -0.000258299 -0.0414093 -0.0215696 -0.00155704 -0.000386163 -0.0105973 -0.000427761 -0.0132909 0.00806024 -0.0257356 -0.00591291 -0.00307142 -0.0078429 -0.0395375 0.025549 0.0017179 -0.0238546 -0.000299618 -0.000212575 -1.61762e-05 0.0873231 -0.0169786 -0.0332443 -0.0180346 -0.00374907 -0.00709292 -0.00259475 -0.0184615 -0.00121086 -0.00123814 0.00246533 -3.19597e-05 -6.64839e-05 -0.000888074 -0.0342764 -0.0191147 -0.00429416 -1.01199e-05 -0.000703344 -0.00703768 -0.00394305 -0.0299231 -0.0035008 -0.0500164 -0.00286575 0.0235591 -0.0154357 -4.62042e-05 -0.0274722 -0.00689855 -0.000937963 -0.00280617 -0.000740373 
-1.45526e-05 -3.54381e-05 -8.06349e-05 -3.33175e-05 0.00248393 -0.000158659 -0.000757528 -9.14571e-05 0.0031184 0.0055459 0.00218041 0.00345885 -0.000868215 -4.90585e-05 -0.00156577 0.000668827 -0.00147364 -0.000149733 -0.00324177 0.000605293 -0.000881962 0.000111548 -0.00330068 -0.00108816 -2.5434e-05 -3.31634e-05 0.000377581 0.00303658 -0.0024534 -8.55119e-05 -1.15954e-05 -0.00168032 -0.0017366 7.13399e-05 -0.000146789 -8.13017e-05 -1.08992e-05 6.35506e-05 -0.00199137 8.16992e-06 7.69977e-07 -0.000137041 -0.000257099 0.000300645 2.07628e-05 -0.00285427 6.12156e-06 4.91582e-05 -0.00102668 -0.000137628 7.26574e-05 3.09179e-05 -0.000196903 -2.48393e-05 -0.000235153 0.00308749 0.00243866 6.42698e-06 -5.68431e-05 7.14119e-06 -0.000303639 0.000423283 -4.11983e-05 -0.00157653 0.000192784 2.4185e-05 2.65615e-06 -0.00202833 -0.000333854 0.00295945 -0.00058491 0.000231613 -0.000124639 -4.47203e-05 -0.00027253 -2.44226e-05 -2.70329e-05 3.5268e-05 -1.21602e-06 -1.44669e-06 -1.18262e-05 -0.000862187 -0.000421005 -4.41176e-05 -2.08645e-05 -1.16289e-05 0.000100828 -8.28071e-05 -0.000674628 -6.61961e-05 0.00222668 -4.23908e-05 -0.000243435 0.00323128 -8.29869e-07 -0.00210309 -0.000126385 6.74273e-05 -0.000239702 4.23742e-05 
0.00039659 -0.0033349 -0.00111072 -0.000777615 0.0582947 -0.00235886 -0.0130967 -0.00208918 -0.0146032 0.00218041 0.119391 -0.00389715 -0.0153361 -0.000924483 -0.0268321 -0.0103752 -0.0335 -0.00353245 -0.00451093 0.0146147 -0.0143771 -0.000977684 -0.0110196 -0.0100769 0.0124242 -0.0013537 0.00933319 0.06521 -0.0422079 -0.00093748 -0.000551152 -0.0409944 -0.0567998 -0.000961526 -0.00391553 -0.00188073 -0.000394207 0.000574213 -0.0357657 -9.84304e-06 -3.20718e-06 -0.00312751 -0.00787043 0.00892143 -0.000244045 -0.0607264 4.38321e-05 0.000343622 -0.00696993 0.0107351 -0.00116045 0.000952503 -0.00421504 -0.00067235 0.000355865 0.0210066 0.0560166 0.00999266 -0.000661522 0.0101012 0.0488355 0.0111266 -0.000517818 -0.032353 0.00109955 -0.000159275 -5.08359e-06 -0.0510464 -0.00849357 0.0630826 -0.00882294 -0.00247747 -0.00240317 -0.000353796 -0.00218239 0.000344404 -0.000649434 -0.000183559 -8.75493e-06 3.53794e-05 -0.000112338 -0.0072884 -0.00602943 -0.000948361 -0.00163616 -0.000266667 0.00173108 0.00061139 -0.00942402 -0.000981474 0.0614315 -0.00133525 -0.00162947 0.0517591 4.72309e-06 -0.049452 -0.00205367 -1.01752e-05 -0.00574315 -0.000229003 
-0.000878814 -0.00369781 -0.00174312 -0.00128108 0.00515052 -0.0044019 -0.0116132 -0.00249913 0.0919458 0.00345885 -0.00389715 0.131574 0.00648067 -0.00140282 0.045603 -0.00587845 -0.0429096 -0.00391387 -0.00956011 -0.0036068 -0.0221987 -0.000817737 -0.0471805 -0.0147668 -0.0118191 -0.000409159 0.0036199 0.00449162 0.0077612 0.0022776 -0.000589493 0.000623543 0.0129452 -0.00134231 -0.00436538 -0.00183553 0.00013965 -0.000731512 0.0121057 -1.45973e-05 -3.70682e-06 -0.00393398 -0.000152378 0.0551473 0.000760824 0.00176929 8.30004e-05 -0.000133438 -0.0248678 -0.0119529 -0.000873503 -0.000179444 -0.00520734 -0.000507664 -0.00728282 0.0234085 0.0044874 -0.00312143 -0.00162849 -0.00366656 -0.0191041 0.0112577 0.000155297 -0.0364811 -0.000113097 -0.000181402 -8.79619e-06 0.0382301 -0.0132118 0.00357583 -0.0144148 -0.00411082 -0.00415948 -0.00132796 -0.0125027 -8.14549e-05 -0.00066275 0.00389046 -2.67948e-05 -2.62869e-05 -0.000475352 -0.0140944 -0.00882675 -0.00227831 -0.00312798 -0.000397136 0.00743001 -0.00102295 -0.0143068 -0.000924473 -0.0229027 -0.00158233 0.024339 0.0117495 -2.11349e-05 -0.0621573 -0.00279353 -0.000765224 -0.00507836 -0.00042658 
-0.00394243 -0.0028458 -0.00260201 0.000134025 -0.0201081 0.000773454 0.00911456 0.000198451 0.0119556 -0.000868215 -0.0153361 0.00648067 0.0614618 -0.000584367 0.0106468 -0.00594093 0.0139328 -0.00309407 0.00164437 0.000537328 0.000600074 -0.0035899 0.0134968 -0.0122104 -0.0152787 -5.51621e-05 0.00269124 -0.0216605 0.0114682 0.000400207 -0.000553949 0.0257088 0.0292136 0.000389891 -0.000829651 -0.00345587 8.0718e-05 -0.0022621 0.0141361 -9.71687e-05 -2.55774e-06 -0.0024552 0.00148139 0.00251535 -0.000119316 0.0386585 -1.49849e-05 -0.000748594 -0.00575325 -0.0273219 -0.000728612 -0.00127235 -0.00270801 0.000205571 -0.0106873 0.00131162 -0.0178084 -0.00172517 -0.00020378 -0.0179113 -0.0242104 0.00764194 -0.000861755 0.0287031 -0.00103693 -0.000272366 -5.4353e-05 0.0337764 0.00448993 -0.020936 -0.00635912 -0.00652458 -0.00511933 9.25551e-05 -0.0041017 -0.00351342 -0.00135043 0.00195954 -1.47394e-05 -4.06665e-05 -0.000516669 3.1756e-05 -0.00564153 -0.00232937 0.000364145 -0.00137164 -0.00153926 -0.00207086 -0.0134517 0.000105928 -0.0337022 -0.00406306 -0.00515831 -0.00624515 -7.46639e-05 0.0255613 -0.00022378 -0.00356499 -0.00197793 -0.000861416 
0.000175638 0.00880388 0.000569175 -7.18781e-05 -0.00191639 0.0067039 -0.00125478 0.00334806 -0.00279172 -4.90585e-05 -0.000924483 -0.00140282 -0.000584367 0.00949424 -0.00339202 0.00783756 -0.0029077 0.00805986 -0.00709135 0.000719237 -0.00141535 -5.43423e-05 -0.00744995 -0.00190538 0.00830451 -9.15819e-05 -0.00776287 -0.00170484 -0.00600399 -0.00019229 0.000308445 -0.00384056 -0.00441534 -8.87382e-05 0.00769727 0.000365287 -2.75791e-05 2.03674e-05 -0.00347529 6.95246e-05 -2.59542e-07 0.00773971 -0.000955516 -0.00354943 0.00127253 -0.00630183 4.3403e-06 0.00010721 0.00692865 -0.000855211 -9.30566e-05 8.31864e-05 0.00638318 -4.56488e-05 -0.000194212 -0.00100447 -0.0025489 -0.000202153 0.000586534 -1.69539e-05 -0.00131341 -0.00836255 0.00112608 -0.00456913 -1.95624e-05 0.000192928 1.95604e-06 -0.0057524 -0.000830407 -0.00176561 -0.00110374 -0.000202989 0.000861267 -5.3712e-05 -0.000756277 5.10482e-06 -5.17901e-05 -0.000479961 -1.12375e-06 -2.11366e-06 -3.48612e-05 0.00727379 0.00836313 -0.00014151 -0.00017983 -1.70114e-05 0.000417723 -0.000175427 0.00756804 -9.20589e-05 -0.00196304 0.000170093 -0.000548868 -0.00203751 -7.23033e-07 -0.00415049 -0.000239617 -4.14216e-05 -0.000439794 0.000346817 
0.00326629 -0.0166264 -0.00499898 -0.00280068 -0.0773924 -0.00892327 0.0190091 -0.00425041 0.099631 -0.00156577 -0.0268321 0.045603 0.0106468 -0.00339202 0.236214 -0.0208447 -0.0685217 -0.0103376 0.0139585 -0.0759151 -0.0433552 0.00191565 -0.0176942 0.0331935 -0.0210643 -0.000510622 0.0489817 -0.079848 0.0994682 0.00850523 -0.00144641 0.0515481 0.0781364 -0.00366048 -0.0099027 -0.00583716 0.000334301 0.00036611 0.0682027 -0.000143114 -1.33437e-05 -0.00977975 -0.000950441 0.0449609 -0.00215248 0.0879256 -0.000105072 6.61906e-05 0.0359955 -0.0332761 -0.00405529 0.0006415 -0.0133663 -0.00146664 0.0185607 -0.0336954 -0.0852544 -0.00846757 -0.00393337 0.00487456 -0.0470658 0.0249161 0.00178586 -0.0127795 -0.000841521 -0.000315688 1.05165e-05 0.0893907 -0.0230665 -0.0932843 -0.026536 -0.0185049 -0.00858368 -0.00218141 0.0186242 0.00466189 0.0027539 0.0149621 -6.55326e-05 8.57131e-05 -0.000296463 -0.0482806 -0.0240139 -0.00371735 -0.00249534 0.000243067 -0.0179099 0.00214791 -0.0362081 -0.00387657 -0.0650004 0.00414027 0.0363986 -0.065974 -5.40381e-05 -0.00644015 -0.00906237 -0.00108558 0.00833055 -0.000438461 
-0.000306385 0.0245649 0.00343062 -0.000370808 -0.0113147 0.0180192 -0.0094699 0.0117926 -0.00942559 0.000668827 -0.0103752 -0.00587845 -0.00594093 0.00783756 -0.0208447 0.102178 0.00356724 0.0201833 -0.0189098 0.0287337 0.0201332 0.000607622 -0.041013 -0.0212644 0.0236486 -0.0011371 -0.0211928 -0.00199488 -0.0409014 -0.00186688 1.957e-05 -0.0144916 -0.0189235 -0.000801037 0.022328 0.00374105 -0.000333317 -0.000299665 -0.0316311 0.000186634 2.0764e-07 0.0197325 -0.000989529 -0.0290813 0.00204916 -0.0308723 -1.61829e-05 -4.58914e-05 0.012587 -0.00906491 8.43284e-05 -5.86212e-05 0.0215973 2.30143e-05 -0.00406911 0.00742008 -0.0100209 -0.000783687 0.00629941 -0.00280923 -0.0144643 -0.0248362 0.00424463 -0.0111896 7.47293e-05 0.000568451 -3.26221e-06 -0.0110465 -0.00257137 -0.00618395 -0.0110352 0.000624386 0.0216552 0.00240607 4.19782e-05 -0.000645433 -0.000677356 -0.000252533 -1.93785e-05 -2.80032e-05 -0.000294722 0.0251753 0.0370619 -0.000887105 -0.000436426 -0.000270756 0.00988926 -0.00168798 0.0374665 0.00248755 -0.0140673 -0.000272808 -0.00641842 -0.00920697 1.44714e-05 -0.00600633 -0.000483289 -0.000512069 -0.0042771 0.00112972 
-0.00242886 -0.0134023 -0.00352403 0.00315684 -0.0755956 -0.00876017 0.00581644 -0.00518564 -0.0565217 -0.00147364 -0.0335 -0.0429096 0.0139328 -0.0029077 -0.0685217 0.00356724 0.219785 -0.00706536 0.0101088 0.0104689 0.0736472 0.00133443 0.0359728 0.00819721 -0.0207364 -0.00159663 0.0439029 -0.0825332 0.0495241 -0.00212763 -9.72726e-05 0.0754362 0.0635995 -0.00349357 -0.0097798 -0.00217862 8.36e-05 -0.000387766 0.0284722 -8.25687e-05 1.00655e-06 -0.0081853 -0.035044 -0.0834334 -0.00134964 0.0890145 -8.91185e-05 -0.000206325 -0.00140716 -0.0226969 0.000571304 -0.000334376 -0.00949597 -0.00160757 -0.00701361 -0.0352563 -0.0834276 -0.00451341 -0.00323451 -0.00966802 -0.0486439 0.0166083 -0.00396524 0.0553776 -0.00070704 0.000196723 4.39955e-06 0.0314168 0.0526148 -0.082327 0.0348407 0.0220685 0.00316714 0.00201744 0.00438837 -0.00272482 -0.00147232 -0.00909394 1.6922e-05 -7.61965e-05 0.000924929 -0.0253361 -0.0168095 -0.00461729 0.00947989 -0.000637019 -0.0139198 -0.00218264 -0.0249208 -0.00217634 -0.0292719 -0.00369092 -0.0182663 -0.0677957 7.76936e-05 0.14484 -0.00742444 -0.000979298 0.00338425 0.000793628 
2.01809e-05 0.023174 0.00524944 -0.000215958 -0.00627773 0.015063 -0.00279981 0.00564285 -0.00819793 -0.000149733 -0.00353245 -0.00391387 -0.00309407 0.00805986 -0.0103376 0.0201833 -0.00706536 0.028369 -0.0130801 0.00690262 0.00365599 3.24556e-05 -0.0166758 -0.00554051 0.0186473 -3.35805e-05 -0.0236458 -0.00508865 -0.0177653 -0.000474742 0.000610253 -0.0116679 -0.0133232 -2.71181e-05 0.01877 0.00629144 -9.3459e-05 -0.000150408 -0.00964961 5.84127e-05 -3.48902e-07 0.0173865 -0.00290695 -0.010241 0.00214088 -0.0189904 7.83469e-06 -1.04208e-05 0.0127609 -0.00261013 -0.000136181 6.79479e-05 0.0197234 -4.13726e-05 -0.00115562 -0.00138776 -0.00512199 -0.000559113 0.00312145 -0.000677875 -0.00443618 -0.0253555 0.00226994 -0.0138551 5.03793e-05 0.000369793 8.1617e-06 -0.014463 -0.00256488 -0.00457895 -0.00341695 -0.000399069 0.00936007 0.000447677 -0.00248512 -0.000188125 -0.000159159 -0.00130608 2.43313e-05 -6.84957e-06 -9.89353e-05 0.0223321 0.0258234 -0.000353954 -0.000586218 -7.61264e-05 0.00500127 -0.000389125 0.0242329 0.00165961 -0.00641807 7.10854e-05 -0.00130558 -0.00504704 -6.02953e-07 -0.0125545 -0.000139796 -0.000143043 -0.00125998 0.000638178 
-0.000585044 -0.0161139 -0.00043656 -0.000200466 -0.00970479 -0.0131487 0.00418307 -0.00695564 -0.00333848 -0.00324177 -0.00451093 -0.00956011 0.00164437 -0.00709135 0.0139585 -0.0189098 0.0101088 -0.0130801 0.040505 -0.009387 0.00599418 -0.000431208 0.0241278 0.0052503 -0.0141291 0.000369791 0.016409 -0.0122739 0.02349 0.00074057 -5.36765e-05 0.0162524 0.0183884 -0.000365053 -0.0153335 -2.40773e-05 8.11111e-05 -3.5353e-05 0.0132605 -0.000190571 -5.60449e-06 -0.0135161 -0.00102762 0.0007091 -0.00277369 0.0246456 -0.000107373 -0.000203108 -0.00783323 0.00226307 0.000234871 -0.000222716 -0.010897 8.60878e-05 0.00116019 -0.0139264 -0.00752985 -0.00172471 -0.00326537 0.000132449 0.0021151 0.0147776 -0.00267639 0.0151317 -0.000127241 -0.000408098 -4.30212e-05 0.0188181 0.00287766 -0.00995869 0.00235412 -0.0011617 -0.00347659 1.54675e-05 0.0023034 3.64462e-05 3.96308e-06 0.000265869 7.95468e-06 2.16754e-06 -6.30491e-05 -0.010172 -0.0147185 0.000302995 -0.00130034 -6.15967e-05 -0.00714797 0.000758868 -0.0131158 0.000179236 -0.00267608 1.06936e-05 0.00240393 -0.0117561 -4.3168e-06 0.015355 0.000836985 -5.69065e-05 -0.000674969 -0.000819 
-0.000610078 0.0090737 0.00801757 -0.00131804 0.0346623 -0.00388654 -0.0324197 -0.000844517 -0.0396671 0.000605293 0.0146147 -0.0036068 0.000537328 0.000719237 -0.0759151 0.0287337 0.0104689 0.00690262 -0.009387 0.18227 0.0485908 -0.00141795 -0.0188099 -0.0419533 -0.00241573 0.000389561 -0.0297995 0.0426508 -0.113226 -0.0044396 0.00117608 -0.0221955 -0.0409837 -0.00247951 0.000691422 0.0101044 -0.000732774 -0.00109963 -0.072346 0.000112335 4.20791e-06 -0.000679253 0.0244138 -0.0156414 0.00219897 -0.0587676 5.84606e-05 -0.000138407 -0.0293085 -0.0142324 0.00351003 -0.000232629 0.0112472 0.00351658 -0.0100853 0.056298 0.0556835 0.00613865 -0.00157523 -0.00653251 0.00499691 -0.0139717 -0.0025786 0.000296001 0.000384466 -0.000152856 -1.30319e-05 -0.0190702 0.0177922 0.0450675 -0.0259407 -0.00948142 0.0131077 0.00408537 -0.00920795 -0.00190002 -0.00129613 -0.00625851 7.12592e-05 -3.64931e-05 -0.000531803 0.0220007 0.0206395 -0.00127231 -0.000811719 -0.000615753 0.0241697 -0.0034104 0.0189716 0.00311304 0.0119972 -0.000847672 -0.0150912 0.0523362 -3.83207e-06 -0.0218675 -0.000560613 -0.00104778 -0.0093908 -0.000313503 
0.000548131 0.000661625 0.0051732 0.000902937 -0.037959 -0.00291273 -0.00127679 0.00212242 -0.0415897 -0.000881962 -0.0143771 -0.0221987 0.000600074 -0.00141535 -0.0433552 0.0201332 0.0736472 0.00365599 0.00599418 0.0485908 0.148303 0.00129028 0.00603822 -0.0165196 -0.00113354 -0.00106342 0.00222334 -0.033901 -0.0237115 -0.000656217 0.00197031 0.0241694 0.0134087 -0.00153746 -0.00145257 0.010048 -0.000440973 -0.000672829 -0.0256548 5.64801e-05 -2.49685e-06 -0.0014357 -0.0140692 -0.0436309 -0.000449778 0.00866938 -3.95119e-05 -0.000110742 -0.0136571 -0.0135375 0.0032768 -6.34676e-05 0.00835566 -0.00049726 -0.00277312 -0.0157373 -0.0272428 -0.000929706 0.000567852 -0.00485628 -0.025553 -0.012367 0.0010459 0.0170865 -1.842e-05 1.73677e-05 -1.10886e-06 0.0180978 0.0288374 -0.0339411 -0.0129015 -0.00286288 0.0127265 0.00548611 -0.0128676 -9.14347e-05 -0.000529883 0.00517842 5.20366e-05 -3.40046e-05 -4.33284e-05 0.007063 0.0249712 -0.00161884 3.268e-05 -0.000423484 0.0046159 -0.00104962 0.0237319 0.00592775 -0.0266646 0.00217297 -0.00465588 -0.0369874 1.5985e-05 0.0431362 0.000691822 -0.000695608 -0.00626486 2.04775e-05 
0.00193014 -0.000225127 0.000440068 0.000211075 -0.00168344 -0.000188674 -0.00103869 -7.33684e-05 -0.000191692 0.000111548 -0.000977684 -0.000817737 -0.0035899 -5.43423e-05 0.00191565 0.000607622 0.00133443 3.24556e-05 -0.000431208 -0.00141795 0.00129028 0.0074146 -0.00300096 0.00144702 -0.000344005 -4.45329e-05 -0.000729946 -0.00185915 -0.00153645 0.000461552 0.000441076 -0.00106629 -0.00239324 -3.36723e-05 -0.000213336 8.28692e-05 -2.09047e-05 0.000466595 -0.00096806 6.94638e-07 1.38427e-06 -0.000185609 0.00130574 -0.00145755 -3.92489e-05 -0.00160164 -1.63641e-06 9.26567e-05 0.000496455 0.000138564 0.000700338 6.01977e-05 -0.00013303 -3.50636e-05 0.00143627 -0.00083487 -0.00189205 -0.000146499 -5.67949e-05 0.000627077 -0.00111497 -0.00279689 0.000388944 -0.00264731 -5.55563e-07 7.99701e-05 4.06549e-05 0.000401222 0.000681288 -0.00188552 0.000354428 0.000944282 1.78671e-05 -1.14284e-05 0.00130954 0.00129406 0.000331237 -0.000309774 -2.30925e-07 -1.03115e-06 1.10707e-05 0.00025774 0.0014453 7.53267e-06 0.000456241 0.00015295 3.13993e-05 -8.33336e-05 0.00129115 0.000254373 -0.00085484 0.00277577 0.00250492 -0.00158041 3.71003e-07 -8.26816e-05 -7.68046e-05 0.000276205 0.00138274 0.000992524 
-0.0048894 -0.0201557 -0.00186926 0.000778409 -0.0182931 -0.0131569 0.00884311 -0.00733508 -0.0330905 -0.00330068 -0.0110196 -0.0471805 0.0134968 -0.00744995 -0.0176942 -0.041013 0.0359728 -0.0166758 0.0241278 -0.0188099 0.00603822 -0.00300096 0.133214 0.00977333 -0.0166059 0.000553936 0.0219293 -0.0251161 0.0400994 -0.00213487 -0.000520678 0.0182643 0.026091 0.000705819 -0.0172199 -0.00259151 0.000105939 -0.000996186 0.0311194 -0.000144316 4.4107e-06 -0.0165004 -0.0143352 -0.00979778 -0.00259118 0.0561563 -9.56468e-05 -0.000445742 -0.00743464 0.00986712 0.00112564 -0.00106901 -0.0158747 0.000367232 -0.00316491 -0.0374324 -0.0132197 0.000885159 -0.00340875 -0.00532217 0.0151527 0.019606 -0.00340888 0.0275072 -0.000302057 -0.000411763 -3.08139e-05 0.00683629 0.0107935 -0.0114253 0.0167332 0.00541739 -0.0145185 0.000132099 -0.00505933 -0.00552221 -0.00054613 -0.00185742 2.21587e-05 8.40644e-06 -8.12239e-05 -0.00112449 -0.0249334 0.0018643 0.00178708 -0.000469638 -0.0185772 0.00219044 -0.019961 0.000302445 0.00784015 -0.00513527 -0.0137775 -0.0208428 -1.68919e-05 0.0498625 0.00329589 -0.000372141 0.00152151 -0.0010625 
0.00332615 -0.00952815 -0.00270662 0.000621373 -0.0245967 -0.00522735 0.0059257 -0.00346204 -0.00774802 -0.00108816 -0.0100769 -0.0147668 -0.0122104 -0.00190538 0.0331935 -0.0212644 0.00819721 -0.00554051 0.0052503 -0.0419533 -0.0165196 0.00144702 0.00977333 0.170387 -0.00787432 0.00029126 0.0190554 -0.0324218 0.0654238 0.000822756 -0.000730468 -0.062594 -0.038067 -0.00157816 -0.00532771 -0.00272751 -0.000101563 0.00102999 0.0760452 -7.67023e-05 -2.65323e-06 -0.00572689 -0.00853117 -0.0216525 -0.000618139 0.0319499 -5.24903e-05 0.000276101 0.0544351 0.00684675 -0.00225912 0.000785434 -0.00739014 -0.00105856 0.0298896 -0.0245416 -0.0302007 -0.00480161 -0.00206994 0.0143521 -0.0074781 0.00252559 -0.000712543 -0.0745473 -3.96641e-07 -2.20772e-06 3.57146e-05 -0.0468586 -0.016559 -0.0298715 0.0502695 0.0209957 -0.0058972 -0.00129714 0.0197712 0.00422047 0.0037118 0.0174767 -2.36448e-05 0.000111107 0.000740706 -0.0275041 -0.0151344 0.00380485 0.0114209 0.00200316 -0.00928808 0.00975074 -0.020344 -0.00213416 0.00674221 0.00328749 0.00392244 -0.0415477 9.26234e-05 0.00100201 0.000100639 0.00278007 0.0342221 -0.000113263 
8.86473e-05 0.0273578 0.00148615 0.00106873 0.00700568 0.0231468 -0.00222644 0.00895969 -0.0220331 -2.5434e-05 0.0124242 -0.0118191 -0.0152787 0.00830451 -0.0210643 0.0236486 -0.0207364 0.0186473 -0.0141291 -0.00241573 -0.00113354 -0.000344005 -0.0166059 -0.00787432 0.0811042 -0.000301128 -0.0265999 0.0106562 -0.0348528 -0.00168477 0.000372385 -0.0335594 -0.0406654 0.00295505 0.0234413 0.00134401 -0.000106535 0.00163252 -0.0171091 0.000321438 -1.09635e-06 0.0221372 -0.00537514 -0.0157853 0.00209554 -0.0476815 3.68773e-06 0.00035293 0.031102 0.00236309 0.000336103 0.00116055 0.0189565 -0.000333751 0.00728237 -0.00819977 0.00482957 -0.000370319 0.00796747 0.00784014 0.0124222 -0.0259975 0.00468867 -0.0321057 0.000104416 0.000498663 3.32455e-06 -0.0502516 -0.00733959 0.0121572 -0.00694504 0.0010007 0.0102924 -0.000208089 0.000483716 -0.000170975 -7.91805e-06 -0.00335838 -9.48696e-06 -2.85171e-06 -1.80779e-05 0.0342627 0.0299006 0.00115159 -0.00142439 -0.000146297 0.00641444 0.000186939 0.0345941 0.00171252 0.0227511 -0.000187151 -0.00162156 0.00496012 1.48028e-05 -0.0353287 -0.00147131 -4.36055e-05 -0.0035446 0.000502339 
-2.79925e-05 0.00123299 0.00157408 -8.76214e-05 -0.00154796 -0.000113874 0.000735536 -4.95375e-05 -0.000322812 -3.31634e-05 -0.0013537 -0.000409159 -5.51621e-05 -9.15819e-05 -0.000510622 -0.0011371 -0.00159663 -3.35805e-05 0.000369791 0.000389561 -0.00106342 -4.45329e-05 0.000553936 0.00029126 -0.000301128 0.0111606 -0.00278605 -0.00153067 0.000437324 -0.000194515 5.34469e-05 -0.00230059 -0.000488286 -0.00010287 -0.00027828 0.00104476 -3.20911e-05 -2.24797e-05 -0.000992975 -8.31942e-07 -6.49328e-08 -0.000288238 0.00199894 -0.000310911 6.81798e-05 -0.000310881 1.24907e-06 -6.61628e-06 0.000170268 -7.57459e-05 0.000183812 -1.24017e-05 0.00183083 0.00064173 -0.000240443 0.000432975 -7.95367e-05 -0.000251648 3.79145e-05 -0.00031361 -0.00121077 -0.00220262 -4.43459e-05 -0.00143194 3.36049e-05 1.07739e-05 3.03706e-07 0.00177791 -0.00090365 -0.00167964 0.00147129 -0.000177313 -0.000274233 -5.37608e-05 2.68659e-05 -5.78076e-05 -3.06801e-05 0.000301919 9.09837e-06 -1.70239e-06 -1.58767e-05 0.00194242 0.00165979 -6.89461e-06 -0.000160834 4.14044e-05 -0.000497294 0.000886075 0.00100656 0.00070571 -0.00156501 0.000110164 -0.000649378 -0.000947674 6.91319e-06 -0.00162301 -3.84588e-05 8.03051e-05 -0.000282531 -2.55629e-05 
-0.000513978 -0.0368814 -0.0121948 0.000287713 -0.0362323 -0.0204321 0.0140914 -0.0102052 0.0271683 0.000377581 0.00933319 0.0036199 0.00269124 -0.00776287 0.0489817 -0.0211928 0.0439029 -0.0236458 0.016409 -0.0297995 0.00222334 -0.000729946 0.0219293 0.0190554 -0.0265999 -0.00278605 0.129251 -0.0362874 0.067076 0.00166683 -0.00313847 0.0503833 0.0602489 -0.00727319 -0.0232849 -0.0124381 -1.98795e-05 -0.000190776 0.036526 -0.000174707 -9.36232e-06 -0.0214854 -0.0288759 -0.018439 -0.00296597 0.0741111 -0.000160104 4.36987e-05 -0.00260677 -0.0187596 -0.00555406 0.000187181 -0.0298138 -0.0033771 0.0054453 -0.0364809 -0.0504559 -0.00178166 -0.00742012 0.00319625 -0.00219585 0.0554685 -0.00374379 0.0181441 -1.51669e-05 -0.000484389 -2.63923e-05 0.0422065 0.0124149 -0.045718 0.00612198 0.00113491 -0.00944005 -0.00015269 0.0119455 0.000469682 -0.000623056 0.00401626 -4.56499e-05 -1.44174e-05 0.000199396 -0.0769051 -0.049662 -0.00304008 0.00256917 -0.00034738 -0.0262521 -0.00233725 -0.0513767 -0.00741253 0.0100078 -0.00307792 0.00536786 -0.0298706 1.11398e-05 0.0578778 -0.0148986 -0.000761351 0.00306357 -0.000854512 
-0.000972004 -0.00238877 -0.00145398 -0.000585522 0.163678 -0.0062122 -0.0350187 0.000332621 -0.0249581 0.00303658 0.06521 0.00449162 -0.0216605 -0.00170484 -0.079848 -0.00199488 -0.0825332 -0.00508865 -0.0122739 0.0426508 -0.033901 -0.00185915 -0.0251161 -0.0324218 0.0106562 -0.00153067 -0.0362874 0.196045 -0.119117 -0.00490763 -0.00079046 -0.0835145 -0.10754 0.0065132 -0.00543054 -0.00238472 -0.000768294 -9.5487e-05 -0.0999525 8.58403e-05 3.26475e-06 -0.00341776 0.00747717 0.0482451 0.00127557 -0.152592 0.000170105 -2.79031e-05 -0.0505886 0.0539017 -0.00172585 -0.000246486 -0.00614199 -0.000893813 -0.0125277 0.0600044 0.154203 0.0138298 -0.000389513 0.00324662 0.0942972 -0.000182997 -0.00290303 -0.0326557 0.0011872 -0.000340135 -1.67065e-05 -0.0924385 -0.0196697 0.165029 -0.0108106 -0.005492 -0.00429016 0.000388406 -0.0219133 -0.00180461 -0.000874189 -0.00605922 -5.44114e-05 -2.78075e-05 -0.000714234 0.00570902 0.00162916 0.00780624 -0.00531516 -0.000225288 0.025956 -0.00415448 0.0240236 -0.00115768 0.0976551 -0.00183715 -0.0160421 0.130805 -8.88493e-06 -0.102901 0.0105402 0.00249693 -0.00916612 -0.000662843 
-0.00330314 -0.0244804 -0.00885969 -0.000314931 -0.103952 -0.0128733 0.0420415 -0.00986778 0.0529912 -0.0024534 -0.0422079 0.0077612 0.0114682 -0.00600399 0.0994682 -0.0409014 0.0495241 -0.0177653 0.02349 -0.113226 -0.0237115 -0.00153645 0.0400994 0.0654238 -0.0348528 0.000437324 0.067076 -0.119117 0.233423 0.00471648 -0.00236709 0.0696073 0.101772 -0.00630555 -0.0156551 -0.00952429 0.00102938 4.08226e-05 0.117163 -0.00022842 7.23594e-07 -0.0153991 -0.0301703 -0.0241375 -0.00288062 0.143564 -0.00014013 -0.000528447 0.0312903 -0.0194305 -0.00533879 -0.000247049 -0.0217862 -0.00306546 0.00895032 -0.0651429 -0.120974 -0.0136237 -0.00513171 0.00231606 -0.0530524 0.043718 -0.00147823 0.0140415 -0.000802444 -7.77287e-05 -3.31895e-05 0.0652364 -0.0142823 -0.1176 0.0340236 0.00799924 -0.0143484 -0.00443558 0.0218424 -0.00183994 0.000522972 0.00816747 -8.05718e-05 4.46461e-05 0.001146 -0.0519417 -0.044113 -0.00586631 0.00628645 -0.00024415 -0.0308128 0.00649221 -0.0604173 -0.0049768 -0.0473005 -0.00551095 0.0171771 -0.109109 1.35441e-05 0.089328 -0.00713539 0.000890356 0.0135482 -0.00116935 
0.000524487 -0.000938219 -0.0002926 -8.38667e-05 -0.00356421 -0.00050017 -0.000941044 -0.000320628 0.0093828 -8.55119e-05 -0.00093748 0.0022776 0.000400207 -0.00019229 0.00850523 -0.00186688 -0.00212763 -0.000474742 0.00074057 -0.0044396 -0.000656217 0.000461552 -0.00213487 0.000822756 -0.00168477 -0.000194515 0.00166683 -0.00490763 0.00471648 0.0197426 -6.59267e-05 0.00055907 -8.39482e-05 -0.000185631 -0.000585816 -0.000304322 0.000131924 -9.80276e-05 0.0034738 -7.2423e-06 1.58532e-06 -0.000529224 -0.00166154 -0.00244532 -0.000113525 0.00436622 -4.3883e-06 9.73474e-06 -0.00278105 -0.00174932 -7.50305e-05 1.57674e-05 -0.000722725 -7.31131e-05 -0.000322303 -0.00217669 -0.00169981 -0.000449953 -0.000164937 0.000126721 -0.00287677 0.000301395 0.00235734 -0.00147932 -5.63626e-05 -2.1662e-05 2.27496e-05 0.00654359 -0.00127829 -0.00495924 -0.00204718 -0.000743337 -0.000512708 3.1733e-07 -0.0010689 0.000327224 0.000203663 -0.000315412 2.93279e-06 -1.07485e-06 3.07294e-05 -0.00295637 -0.00145922 -9.40383e-05 -0.000292845 0.000204238 -0.00104141 7.91753e-06 -0.00225214 -0.00023351 -0.00436414 0.000428763 0.00848893 -0.00362404 -3.09661e-06 -0.00303785 9.46675e-06 0.000168653 0.000302169 3.55906e-05 
6.82839e-05 0.000563278 0.000509984 0.000300077 -0.000593861 -7.02603e-05 -0.000578008 0.000484904 -0.00121318 -1.15954e-05 -0.000551152 -0.000589493 -0.000553949 0.000308445 -0.00144641 1.957e-05 -9.72726e-05 0.000610253 -5.36765e-05 0.00117608 0.00197031 0.000441076 -0.000520678 -0.000730468 0.000372385 5.34469e-05 -0.00313847 -0.00079046 -0.00236709 -6.59267e-05 0.00412819 -0.00150353 -0.00158762 0.000103967 -4.99525e-05 0.00224688 -6.85966e-06 0.000391031 -0.000745071 9.66865e-06 7.55125e-08 0.000407477 -0.000261863 -0.00143247 0.000100477 -0.00236195 2.93409e-06 6.40602e-07 -5.22599e-05 0.000396612 0.001543 1.61437e-06 0.00106056 1.45471e-05 -0.000116532 -0.000452168 0.000976333 -8.70494e-05 -3.42566e-06 -0.000120584 -0.000274344 -0.00345756 0.000103261 -0.00158603 3.96192e-07 6.65446e-06 7.04503e-07 -0.000529975 0.000113603 0.000125697 -0.000178744 0.000431155 -6.02128e-05 2.7294e-05 -0.000309654 9.14109e-05 -2.67696e-05 -1.2062e-05 -6.44508e-07 -7.33302e-07 -1.01875e-05 0.00287809 0.00284456 -5.59768e-05 -4.71594e-05 -8.52284e-06 0.000968912 -2.79144e-05 0.00307677 0.000408994 -0.000889378 0.00106211 -0.000127464 -0.000755304 -4.00685e-07 -0.00116402 0.0010999 5.36966e-05 -0.00014873 0.000269749 
-0.00324832 -0.0190557 -0.00580722 -0.00237344 -0.0824287 -0.0110916 0.0221153 -0.00598824 0.0185999 -0.00168032 -0.0409944 0.000623543 0.0257088 -0.00384056 0.0515481 -0.0144916 0.0754362 -0.0116679 0.0162524 -0.0221955 0.0241694 -0.00106629 0.0182643 -0.062594 -0.0335594 -0.00230059 0.0503833 -0.0835145 0.0696073 0.00055907 -0.00150353 0.240179 0.169435 -0.00411055 -0.0120606 -0.00609781 0.000602958 -0.00177602 -0.00467058 -0.000146743 4.63526e-06 -0.0105733 -0.0314706 -0.0234175 -0.0021948 0.116232 -0.000108598 -0.000383676 -0.0364349 -0.0314337 -0.00348574 -0.000580313 -0.014361 -0.00205059 -0.018627 -0.0371497 -0.0927173 -0.00469408 -0.00402949 -0.0125427 -0.0541762 0.0278296 -0.0045229 0.127526 -0.00109492 -0.000464882 -2.43728e-05 0.123206 0.0362025 -0.0914534 -0.0203507 -0.0181662 -0.00808224 -0.0012654 0.00791654 -0.0035016 -0.00259068 -0.017666 4.22049e-05 -0.000101717 -0.000507325 -0.0538073 -0.0322089 -0.00444734 -0.00745649 -0.00102565 -0.0182929 -0.00689864 -0.0489755 -0.00451096 -0.0722623 -0.00461856 0.00169459 -0.0762314 -7.952e-05 0.123109 -0.00830198 -0.00194195 -0.017408 -0.000292445 
-0.00384071 -0.0217084 -0.00665984 -0.00300482 -0.104439 -0.0130621 0.0476167 -0.00694104 0.0552156 -0.0017366 -0.0567998 0.0129452 0.0292136 -0.00441534 0.0781364 -0.0189235 0.0635995 -0.0133232 0.0183884 -0.0409837 0.0134087 -0.00239324 0.026091 -0.038067 -0.0406654 -0.000488286 0.0602489 -0.10754 0.101772 -8.39482e-05 -0.00158762 0.169435 0.248489 -0.00485353 -0.0134423 -0.0067372 0.000739243 -0.00190552 0.0383559 -0.000180627 -3.27079e-06 -0.0121511 -0.0167923 -0.0144133 -0.00229969 0.143077 -0.000125901 -0.000444004 -0.0483369 -0.0383337 -0.00381658 -0.000678441 -0.0162979 -0.00219444 -0.0218287 -0.0477449 -0.120418 -0.00809618 -0.00477369 -0.014402 -0.0681511 0.0338543 -0.00443883 0.111096 -0.0012924 -0.000539235 -2.87168e-05 0.138733 0.0279198 -0.116268 -0.0120595 -0.0163649 -0.00876623 -0.00256157 -0.00108893 -0.00306288 -0.00269213 -0.0148046 2.07271e-05 -0.000108724 -0.0015334 -0.0622351 -0.0353652 -0.0057178 -0.00653993 -0.00104946 -0.0228678 -0.00551856 -0.0511358 -0.00522634 -0.0870045 -0.0051599 -0.00227531 -0.0874429 -8.79689e-05 0.127436 -0.0110048 -0.0021197 -0.0137052 -0.000641215 
-4.44488e-05 0.000636504 5.67258e-06 0.000110101 0.00684334 0.000157302 -0.0014068 9.1154e-05 -0.002439 7.13399e-05 -0.000961526 -0.00134231 0.000389891 -8.87382e-05 -0.00366048 -0.000801037 -0.00349357 -2.71181e-05 -0.000365053 -0.00247951 -0.00153746 -3.36723e-05 0.000705819 -0.00157816 0.00295505 -0.00010287 -0.00727319 0.0065132 -0.00630555 -0.000185631 0.000103967 -0.00411055 -0.00485353 0.0110175 -2.30919e-05 -4.82552e-05 -3.15154e-05 9.61611e-06 -0.00404313 -2.26506e-06 7.17073e-07 0.000948735 -0.000705091 0.00275446 8.98139e-05 -0.00670271 1.05032e-05 -4.08489e-06 -0.00187808 0.00657344 4.52289e-05 -1.59025e-05 1.10148e-05 -5.0367e-05 -0.000379317 0.00014595 0.00621069 0.000339079 0.000179152 -0.000276077 0.00162036 -0.00396797 -9.91684e-05 -0.00287678 -1.66127e-05 -1.2014e-05 2.01642e-06 -0.00546456 -0.000927745 0.00709089 -0.000138461 -1.7843e-05 -7.76295e-05 2.60104e-05 -0.00090552 -8.40318e-05 0.000164713 -0.000212325 -1.97901e-06 1.86023e-06 -2.67097e-05 0.00421126 0.00244724 0.000488749 -0.000223938 -1.56884e-05 0.00156713 -0.000203842 0.00557733 0.000428846 0.00156517 0.000233144 -0.000702011 0.00385945 -2.00723e-06 -0.00472251 0.00199535 -6.60674e-06 -0.000280005 3.72734e-05 
