0.0943438 -0.0109256 -0.0108126 0.0208693 2.80586e-06 0.0099097 0.00244229 0.00109601 0.00228475 -0.0244363 0.0242122 -0.000793961 -0.00253905 0.0246882 0.0126847 0.00294307 -0.0433493 0.0434032 0.0024938 -0.0271688 0.00553564 0.0128018 0.0192974 4.13432e-05 0.0413062 -0.0163253 0.000401867 -0.0432156 0.0393377 0.0217325 -0.000407485 -0.00633031 -0.00168774 0.00610562 0.000862271 0.00411853 0.0539672 -4.71636e-05 0.0218107 -0.0387708 -0.00541039 0.000530116 -0.000155221 -0.0166046 -0.0426645 -0.035808 -0.00321486 -0.0473762 0.000781154 -0.0215183 -0.0432074 -0.00286038 0.000161252 -0.00112363 0.00998127 -0.000770577 -0.0270085 -0.000669254 -0.00020457 -0.00377639 -0.00034744 -0.0156257 -0.0309518 -0.00029826 0.0225765 -0.00492815 0.00995188 0.000674781 6.88106e-06 -0.00167802 -0.0101565 -0.0157023 0.00144073 -0.000807259 -0.000113052 -0.000300461 0.00449915 0.00487167 -0.000152987 -0.000614576 -0.000348583 9.75783e-05 0.00798337 0.0180829 -0.00468574 5.96935e-05 -0.000114755 -0.000207546 -0.00110706 0.0141203 0.035702 -0.023637 0.000262073 -0.00182517 -0.00332435 0.000484821 -0.000325902 -0.00443762 0.00174154 -0.00182927 
-0.0109256 0.249961 -0.0691205 -0.0119267 -0.000126482 -0.0143466 -0.0929808 -0.0940817 0.0425083 -0.195378 -0.0145415 -0.000723409 -0.090805 0.0184847 -0.00477812 -0.00203154 -0.157274 0.0210862 -0.0358043 -0.0426427 -0.00230657 0.16099 -0.0472361 -0.000491414 0.0676165 -0.0754446 -0.00151534 0.100353 0.17349 -0.0142912 -0.00186158 0.00911402 -0.0115831 0.000952717 -0.000545295 -0.00370789 0.0226333 0.000528581 -0.00996915 0.156945 -0.0269862 -0.000750325 -0.0005963 -0.0759288 -0.0212859 -0.155307 -0.00725128 0.0858294 -0.000242684 0.124594 -0.167876 -0.0118932 0.000658082 0.0107796 -0.00486045 -0.00386278 0.114027 -0.00322538 -0.0224705 -0.0226104 0.000615727 -0.0951959 -0.121448 0.0049626 -0.0271158 -0.03501 0.120583 -0.00104343 -7.04209e-05 0.00517915 -0.0542672 0.0653752 -0.00197146 -0.0041377 -0.0922074 -0.00116619 0.163847 -0.00338701 -0.000918423 -0.0120845 0.000279518 -0.000491456 -0.0096032 0.0427149 -0.0194675 -0.000564889 -0.000525992 -0.00583781 0.198178 0.141735 -0.0252522 0.109266 0.00022937 -0.00871671 0.0215215 -0.0342431 0.000498318 -0.0461581 -0.0915773 -0.0114891 
-0.0108126 -0.0691205 0.122969 0.00201331 0.000112323 -0.00325982 0.0929035 0.0929779 -0.0154846 0.0715974 -0.00126116 0.000541598 0.0932926 0.0100574 -0.00190788 -7.51314e-05 0.0659781 0.0173094 0.0438032 -0.0175615 -0.000929851 -0.0601161 0.0316577 0.000316639 -0.023907 -0.0156285 0.000486043 -0.093508 -0.069396 9.61306e-05 0.00224455 -0.00853723 0.00646554 -0.00108379 -5.2905e-05 -0.00187997 -0.0220158 -0.000168799 -0.0052271 -0.0407676 -0.00428122 -0.000138179 1.79221e-05 -0.00737368 -0.0527696 0.0341972 0.00338966 -0.0857492 -7.23493e-05 -0.10086 0.0635845 0.00353253 -0.000235135 -0.00539619 -0.00129688 0.00414691 -0.100844 -0.000911773 0.00666438 0.0232693 -0.00190768 0.0892182 0.0217093 -0.00109428 0.00679738 0.00268164 -0.0533012 -3.24982e-05 -8.53993e-06 -0.000871599 0.00492813 -0.0233931 0.00117646 0.00103669 0.0931287 0.000112134 -0.0526731 0.00397191 -0.00024423 -0.00412859 -4.35688e-05 0.00016252 0.00368538 -0.0201834 -0.00356275 -4.96978e-06 0.000619297 0.000776476 -0.0667502 -0.0516338 0.00489272 -0.0975316 0.000207049 -0.000126939 -0.00828344 0.0122485 -0.000233273 0.0746428 0.0909335 0.0020851 
0.0208693 -0.0119267 0.00201331 0.0531172 -3.11794e-06 0.000156157 0.0101105 0.0133687 0.0100901 -0.00469237 0.00104744 0.000621343 0.0101061 0.00537349 0.00901856 0.00139029 -0.0177702 0.00953174 -0.00167239 -0.0123757 0.00101967 -0.000495922 0.0168863 -5.76985e-05 0.0152218 -0.00880205 0.000462779 -0.024907 0.0157226 0.00356545 0.000115157 -0.0026683 -0.000475077 0.0066023 0.000668852 0.00444051 0.0214941 -3.5034e-05 0.00616327 -0.0163728 -0.00279381 0.000526606 -6.45402e-05 -0.00820021 -0.0164303 -0.0185759 -0.000694718 -0.0305867 0.00072277 -0.013873 -0.0195165 -0.00141053 -7.07377e-07 0.000260308 0.00557654 -6.87953e-05 -0.0190835 0.000116111 2.20574e-05 -0.00192925 0.0033473 -0.000317847 -0.0147001 0.000486003 0.0165996 -0.00297829 -0.0152303 0.000369936 -8.75381e-06 -0.000552219 -0.00409512 -0.00825037 -0.000155791 -0.00044315 0.00983187 -0.00010448 -0.00164748 0.00400674 -6.64665e-05 -0.00148935 -0.000144265 -1.51026e-05 0.00254706 -0.00297287 -0.00170279 0.000222429 -5.26166e-05 -0.000359577 -0.00157851 0.00857043 0.0102766 -0.0229 0.000302278 -0.000645669 -0.00173154 -0.00255665 -3.10908e-05 0.00727804 0.0113059 -0.00133231 
2.80586e-06 -0.000126482 0.000112323 -3.11794e-06 0.000612714 -6.33364e-06 0.000121489 8.60997e-05 -4.32423e-05 0.00017942 2.31101e-06 1.48314e-05 7.73547e-05 6.31459e-05 4.49582e-05 -6.77975e-08 0.000150687 -0.000116461 9.27959e-05 0.000198721 7.9128e-06 -0.000255953 7.15544e-05 9.09333e-07 -0.000174095 4.83018e-06 -3.32086e-07 -0.000132731 -0.000153045 1.4978e-05 2.86621e-06 -1.43949e-05 1.79847e-06 -2.42124e-07 4.31546e-06 -8.03605e-06 -5.89117e-05 -7.7288e-07 2.06554e-05 -0.000210322 3.36812e-05 -1.19633e-06 3.20328e-07 2.61273e-06 3.61777e-05 -5.32296e-05 -4.07213e-06 -0.000150488 1.5583e-05 -0.000238935 0.000207119 2.65138e-05 -1.05798e-06 5.03251e-06 8.03212e-06 1.21013e-05 -0.000157508 -2.83826e-06 3.99513e-06 1.80238e-05 -2.43911e-06 7.7743e-05 -9.16126e-05 -1.28149e-05 1.41659e-05 -2.91787e-05 -0.000173257 1.83671e-06 2.24868e-07 8.54804e-05 4.98206e-06 -0.000103192 2.83336e-06 1.34334e-05 8.42981e-05 8.96041e-07 -0.000116208 4.55125e-05 6.31106e-06 -1.62109e-05 -2.36447e-06 -1.91376e-07 1.4e-05 -8.55208e-05 5.39921e-05 5.22273e-09 8.22092e-06 3.61202e-05 -0.000261969 -3.63283e-05 2.02402e-05 -0.000198142 1.70537e-05 2.81667e-05 -3.27448e-05 -1.57349e-05 2.5742e-05 0.000137937 8.7644e-05 6.62651e-05 
0.0099097 -0.0143466 -0.00325982 0.000156157 -6.33364e-06 0.0306371 -0.00216667 -0.00189439 -0.00346006 0.00249596 0.00779008 0.000964107 0.00343817 0.00451707 0.00225404 0.00127337 -0.000926632 0.00808816 0.00203451 -0.00457657 0.00167151 -0.00257986 0.00383305 -1.6878e-05 0.00224778 -0.00344913 0.000316959 -0.0153819 -0.00222378 0.0102132 8.1922e-05 -0.00189067 0.00388272 -0.000163994 -1.86385e-05 0.000302379 0.0118201 -2.25949e-05 0.0110069 -0.0120788 0.00542255 0.000141789 0.000275094 0.00615703 -0.00449317 0.00366411 -0.000766857 -0.0180084 6.64694e-05 -0.0161947 0.00203303 0.004607 0.000387903 -0.00113311 0.00145561 0.00101883 -0.0142792 -0.000308029 0.00373477 -0.00136515 -0.000499073 -0.00383515 -0.0033313 -0.000354482 0.00484761 0.0089186 -0.00170959 0.000905897 5.7907e-06 -0.00064882 0.000866107 -0.00444521 0.000214276 0.000734223 0.00102597 -0.000130819 -0.0114509 -5.81981e-05 0.000628735 -0.00208584 0.000440943 0.000149685 0.00145891 0.00454511 0.00384576 4.48531e-05 1.81834e-05 0.00203862 -0.0130958 -0.0105505 0.0102111 -0.0162112 -4.24964e-05 0.00272881 -0.00175978 0.00292938 -7.30051e-05 -0.00348482 -5.53263e-05 0.00437677 
0.00244229 -0.0929808 0.0929035 0.0101105 0.000121489 -0.00216667 0.155318 0.144395 -0.022031 0.0979755 0.00729371 -0.000605018 0.135576 -0.00695867 -0.00186512 -0.000646763 0.0601298 0.0329313 0.041011 -0.0416234 0.000681342 -0.0871279 0.0667962 0.000599188 -0.0257037 -0.0271263 -0.000429947 -0.135039 -0.0764052 -0.00311613 -0.000242798 -0.0122566 0.012766 -0.00166085 0.000118783 -0.00265149 -0.0117727 -0.000200882 -0.0047179 -0.0638821 -0.00980658 -0.000518516 0.000549468 -0.0275073 -0.0802735 0.0468141 -0.000448827 -0.121916 -0.000258219 -0.140056 0.0673177 -0.0032014 -0.000312602 -0.00717198 -0.000396761 0.000395248 -0.137983 -0.0021621 0.0284759 0.0303845 -0.00328001 0.124586 0.0270259 -0.00139427 0.0311143 0.0285102 -0.0740429 -8.99635e-05 -1.70225e-05 -0.00393901 -0.0169543 -0.0306158 0.00139636 -0.00167263 0.139357 -0.000610626 -0.0641753 -0.000222731 0.000287968 -0.00563756 0.000453908 0.000322928 0.00909695 -0.0274729 -0.00691504 0.000703672 0.000431011 0.00619974 -0.0861859 -0.0708111 0.0155738 -0.138189 -0.000422443 0.00310104 -0.0110182 0.0519325 -0.000543835 0.0785191 0.146527 -0.00281162 
0.00109601 -0.0940817 0.0929779 0.0133687 8.60997e-05 -0.00189439 0.144395 0.155882 -0.0217858 0.101247 0.00525415 -0.00102775 0.138114 -0.00677727 -0.00300256 -0.000729645 0.0615818 0.0343212 0.0401927 -0.0401033 -0.00126959 -0.0870573 0.0664901 0.000328118 -0.0273938 -0.0252757 -0.000568205 -0.133324 -0.0774307 -0.00644152 -0.000773747 -0.0121582 0.0107747 -0.00157679 0.000329412 -0.00226318 -0.00994958 -0.000215694 -0.00757213 -0.0635117 -0.0102718 -0.000401638 0.000372296 -0.0287216 -0.0786737 0.0482978 -0.000455589 -0.120341 -1.93912e-05 -0.136913 0.067862 -0.00488924 -0.000369795 -0.00724529 -0.00162707 -0.00030348 -0.136007 -0.00200938 0.0292413 0.0290111 -0.0032269 0.128673 0.0265906 -0.00250941 0.0311023 0.0276748 -0.0743177 -0.000164213 -2.3753e-05 -0.0038499 -0.0158092 -0.0307937 0.00185721 -0.00162017 0.142057 -0.000691083 -0.0667595 -0.000115369 0.000230089 -0.00612002 0.000455173 0.000358747 0.00710782 -0.0273377 -0.00779688 0.000701951 0.000262171 0.00461071 -0.0875377 -0.0696515 0.0142097 -0.136114 -0.000512636 0.00370067 -0.0111349 0.0505771 -0.000513059 0.0788574 0.14484 -0.00405681 
0.00228475 0.0425083 -0.0154846 0.0100901 -4.32423e-05 -0.00346006 -0.022031 -0.0217858 0.102453 -0.0442995 -0.00296258 -0.000148921 -0.0210748 0.0289557 0.00519011 0.000298443 -0.0397117 -0.0152166 -0.00670206 -0.0134618 -0.000581401 0.0137009 -0.0105452 -0.000175581 0.01132 -0.0179136 -0.000201861 0.0195576 0.0398963 0.000105835 -0.000565431 -0.00533637 -0.00256906 0.00369681 -5.2386e-05 -0.000941967 -0.00810856 -0.000132111 -0.0041855 0.0179314 -0.00512624 -0.000111608 -0.000157883 -0.01717 -0.0038653 -0.039328 0.00278789 0.0112639 -7.46201e-06 0.0257483 -0.0455711 -0.00268524 -0.000206296 0.00734688 0.00188139 -0.000776541 0.021352 -0.00014449 0.00048319 -0.0042268 0.00372521 -0.0232354 -0.0340398 0.00354101 -0.00606076 -0.00775256 0.00202615 6.32088e-05 1.42387e-05 0.000171744 -0.0139651 -0.00668904 -0.000464267 -0.000612453 -0.0220117 -0.000511305 0.0551924 0.000884443 -0.00011047 -0.00474808 0.00046615 -0.000115905 -0.00192897 -0.0129889 -0.00202366 -9.76612e-05 -0.000120803 -0.00115979 0.0545954 0.0619739 -0.00624857 0.00645466 0.00124117 -0.00200664 0.00659647 -0.00712654 0.000600153 -0.0111781 -0.0231409 -0.000993056 
-0.0244363 -0.195378 0.0715974 -0.00469237 0.00017942 0.00249596 0.0979755 0.101247 -0.0442995 0.244898 -0.0037438 0.000399778 0.0985298 -0.0308684 -0.00852199 -0.00167948 0.185973 -0.0471614 0.0281293 0.0716273 -0.00306599 -0.184937 0.0382103 0.000413676 -0.102802 0.0864779 -0.000856633 -0.0769661 -0.204523 -0.0133299 0.00136194 -0.00541124 0.00993172 -0.00337047 -0.000350339 -0.0031873 -0.0558204 -0.000505662 -0.0133564 -0.148102 0.0302952 -0.000396726 0.000499947 0.0861851 0.046486 0.17676 0.00827222 -0.0619227 -0.000480365 -0.109185 0.201649 0.0137581 -0.001006 -0.00833929 -0.00495404 0.00339775 -0.091556 0.00111081 0.021314 0.0254561 -0.00588542 0.109216 0.138891 -0.0073452 0.0138063 0.0379333 -0.136595 -8.59704e-05 -5.45184e-05 -0.00529005 0.0540928 -0.0693155 0.000643147 0.00380956 0.0969671 -0.000640939 -0.15135 -0.00208892 0.000938107 0.0134592 -0.000185865 0.000235264 0.00220107 -0.06139 0.0231605 0.000458597 0.000549356 0.00463354 -0.200026 -0.140384 -0.00357261 -0.095589 -0.000414117 0.0099563 -0.0238638 0.0361142 -0.000914827 0.0476653 0.0984372 0.0123992 
0.0242122 -0.0145415 -0.00126116 0.00104744 2.31101e-06 0.00779008 0.00729371 0.00525415 -0.00296258 -0.0037438 0.032485 -0.000222035 0.00118915 0.0106001 0.00221638 0.00148083 -0.0132002 0.0192411 0.00818796 -0.0120463 0.00355726 0.00148043 0.0121088 0.000191184 0.0101143 -0.00499523 0.00039088 -0.0225926 0.0100056 0.0175293 -0.000132204 -0.00219342 -0.000455938 -0.000274691 0.000440233 -0.000452367 0.0165685 -3.92735e-05 0.0152543 -0.0130701 -0.00174182 -0.000104976 -4.35176e-05 -0.00530386 -0.0138132 -0.0111354 -0.000850902 -0.0201653 0.000157916 -0.0228404 -0.0121028 -0.00085906 -2.09042e-05 -0.00109793 0.00240469 -0.000225564 -0.023496 8.28455e-05 -0.00104628 -0.000171863 0.000463817 -0.000844369 -0.00943673 0.0009663 0.0173696 -0.0017823 -0.00224947 8.1345e-05 5.2102e-06 -0.000806503 -0.00266779 -0.00559558 0.00210908 -0.000285398 0.00432707 -9.19627e-05 -0.00929601 0.00200394 -6.50802e-05 0.00307811 -9.07085e-05 0.000171448 0.00870523 0.00223215 -0.00169688 0.000117292 -3.50063e-05 0.000758563 -0.0143535 -0.00991244 0.0254553 -0.0204634 0.000172544 -0.000495895 -0.00189197 0.00242974 -0.000126627 0.00067397 0.00754731 -0.00056395 
-0.000793961 -0.000723409 0.000541598 0.000621343 1.48314e-05 0.000964107 -0.000605018 -0.00102775 -0.000148921 0.000399778 -0.000222035 0.0100454 -0.00114048 -0.00146147 0.000245996 -2.85108e-05 -0.000250734 -0.00144827 -0.000461831 0.00199938 2.71307e-05 -0.000110401 -0.000349273 -7.9236e-06 -0.000418623 -0.00093394 -2.11438e-06 0.000297545 0.0002558 0.000144055 0.00126219 -0.000270755 -4.34191e-05 3.17827e-05 -7.28952e-06 0.000315868 -0.00152475 -1.21673e-05 0.000301731 -0.00208237 0.00120688 5.53461e-05 0.000132028 0.00149646 0.00229137 -0.00235009 0.000237021 -0.00318649 -1.77645e-05 -0.00164672 -0.00104752 0.0015591 5.29483e-05 0.000660913 8.97011e-05 0.000406499 -0.000450238 -3.04421e-05 -0.000306173 -0.000166261 0.000876003 -0.0013017 -0.00236206 -5.93826e-05 0.000204253 7.4808e-05 -0.00289667 -1.46762e-05 1.0294e-06 0.00208342 0.000682669 -0.000507191 -3.60095e-05 0.00119932 -0.00104867 4.88251e-05 -0.000922063 0.00122698 1.58948e-05 -0.000690842 9.41847e-05 3.14306e-05 -0.000128785 -0.000679901 0.00169205 1.73869e-05 1.01326e-05 -0.000115283 2.32624e-06 0.000488959 -0.000477422 -0.00121747 -1.14848e-05 -6.13842e-05 0.000350246 -0.000126843 0.000152486 -4.04938e-05 -0.000640813 0.001707 
-0.00253905 -0.090805 0.0932926 0.0101061 7.73547e-05 0.00343817 0.135576 0.138114 -0.0210748 0.0985298 0.00118915 -0.00114048 0.152498 -0.000465659 -0.00370573 -0.000432824 0.060671 0.037011 0.0432058 -0.0449529 -0.00129288 -0.0830062 0.0570495 0.000371628 -0.0235346 -0.0273622 -0.00054345 -0.133246 -0.0791617 -0.00497754 -0.00056158 -0.0121961 0.0131512 -0.00159839 -3.59299e-05 -0.00255126 -0.0102791 -0.000197372 -0.00619263 -0.0599769 -0.00829351 -0.000524514 0.00025266 -0.0216163 -0.0784633 0.0509014 -0.000887463 -0.119254 -0.000276723 -0.13424 0.0710324 -0.00170316 -8.95585e-05 -0.00710732 -0.00146956 0.00267617 -0.134586 -0.00160401 0.0325936 0.0257418 -0.00329494 0.122719 0.0239629 -0.00209275 0.0246284 0.0270852 -0.0715756 -7.18136e-05 -2.49695e-05 -0.00390861 -0.0119811 -0.0296441 0.00162841 -0.00160868 0.139294 -0.000764691 -0.0653058 -0.00111552 0.000974538 -0.0093777 0.000217062 0.000380149 0.00442077 -0.0254899 -0.00742047 0.000479575 0.000213573 0.00512169 -0.0837539 -0.0690412 0.0107074 -0.13524 -0.000541123 0.00651553 -0.0109719 0.0480077 -0.000595517 0.0767729 0.139217 -0.00405891 
0.0246882 0.0184847 0.0100574 0.00537349 6.31459e-05 0.00451707 -0.00695867 -0.00677727 0.0289557 -0.0308684 0.0106001 -0.00146147 -0.000465659 0.166333 0.00404303 0.001469 -0.0330029 0.0399311 0.0206002 -0.0291949 0.00206758 0.0164483 -0.0136113 -9.56748e-05 0.0425744 -0.0267081 -0.000136958 -0.0197934 0.0297203 0.0132707 0.0017236 -0.00747657 -0.00422276 0.00330227 0.000178681 -0.0010405 0.00514045 -0.000248927 0.0135329 -0.00738176 -0.000534793 -0.000272535 -0.000299731 -0.0140742 -0.0570037 -0.0486508 -0.0038108 -0.0482122 -0.000165645 -0.0185321 -0.0303775 0.00199444 -0.000443457 0.00486359 0.0036211 0.00364259 -0.0116126 -0.00119654 0.00312024 0.00207971 -0.0018075 -0.0105214 -0.0594388 0.00484254 0.000428544 -0.0146921 -0.0197175 -0.000220492 -6.30574e-07 -0.00127038 -0.00787394 0.00990378 0.000445335 0.000653988 -0.00437228 -0.00061428 0.00955111 0.00229704 0.000475014 -0.0099248 -0.000522044 0.000248057 0.00595752 0.00323684 -0.000482095 -0.000172507 -0.000162291 -1.81025e-05 0.0207804 0.0303639 0.0104937 -0.028331 0.000466938 -0.00163658 0.0041063 -0.00845254 0.000914259 0.00884708 -0.00586826 0.00432159 
0.0126847 -0.00477812 -0.00190788 0.00901856 4.49582e-05 0.00225404 -0.00186512 -0.00300256 0.00519011 -0.00852199 0.00221638 0.000245996 -0.00370573 0.00404303 0.0203875 0.000763337 -0.00660115 0.000431477 -0.0012511 -0.00145619 0.00320507 -0.00166129 0.00209246 -2.21937e-05 0.00352909 -0.0031962 0.000303382 -0.00837989 0.00778898 0.00617536 -6.31432e-06 -0.00106618 1.48333e-05 0.0031771 0.000612397 0.00212636 0.00786409 -1.16747e-05 0.00845 -0.00812209 -0.00117191 0.000164197 -1.73278e-05 -0.00305796 -0.00718615 -0.00713388 -0.000461862 -0.00859623 0.000559249 -0.0040977 -0.00846099 -0.00056189 8.25094e-05 0.000988715 0.00860873 -0.000153295 -0.0070161 -4.97987e-05 0.00114091 -0.000818328 0.000535718 -0.00411635 -0.00599076 0.0022574 0.000165958 -0.000923498 -0.00314673 0.00032741 1.23666e-05 0.00019901 -0.00151877 -0.00354064 0.000310353 2.27939e-05 -0.00398775 0.000123989 0.00264803 0.00256442 -4.0769e-06 0.000960753 -6.35734e-05 1.7475e-05 0.00269426 -0.000400781 -0.000741618 -6.17117e-06 -1.15086e-05 -0.000171898 0.0014808 0.00498168 0.00525403 -0.00579279 0.000231845 -0.000368664 0.000120543 -0.000360078 -6.05376e-05 -0.000649807 -0.00305894 0.000181719 
0.00294307 -0.00203154 -7.51314e-05 0.00139029 -6.77975e-08 0.00127337 -0.000646763 -0.000729645 0.000298443 -0.00167948 0.00148083 -2.85108e-05 -0.000432824 0.001469 0.000763337 0.00420848 -0.00139984 0.00107859 0.000325341 -0.00138117 0.00017191 0.00056318 0.000206893 -5.53883e-06 0.00220761 -0.000656772 0.000617737 -0.00284312 0.00126294 0.00282546 -8.28636e-06 -0.000260747 0.000433434 7.19298e-05 4.33468e-06 7.50275e-05 0.00279984 -4.30339e-06 0.00275559 -0.00167747 -0.000207626 6.29495e-05 2.55412e-05 -0.000385065 -0.00113963 -0.00121244 -0.000134244 -0.00264279 4.84914e-05 -0.00228347 -0.00151366 -6.07009e-05 7.73864e-06 -0.000133551 0.000982238 9.65732e-07 -0.00261582 2.98387e-05 0.000523359 -0.00017632 0.000171796 -0.000842322 -0.000914986 1.40889e-05 0.000324823 0.000336503 -0.00036247 0.000672875 2.01931e-06 -8.39288e-05 -6.66864e-05 -0.000686124 5.53521e-06 -3.0049e-05 -0.000728889 6.48501e-05 -0.00100508 0.00100937 -6.86648e-06 -6.37045e-05 -5.35293e-06 -3.34246e-06 6.497e-06 -0.000113187 -0.000203292 -1.31435e-06 8.3121e-06 0.00046591 -0.00112879 -1.9638e-05 0.00239005 -0.00239971 7.76947e-05 -7.33891e-05 -0.000237302 -0.0001308 1.80061e-05 -0.000168746 -0.000792818 -4.08014e-05 
-0.0433493 -0.157274 0.0659781 -0.0177702 0.000150687 -0.000926632 0.0601298 0.0615818 -0.0397117 0.185973 -0.0132002 -0.000250734 0.060671 -0.0330029 -0.00660115 -0.00139984 0.247469 -0.091851 0.0246743 0.105921 -0.00329399 -0.166647 0.0117055 0.000443801 -0.130033 0.0841453 0.000425802 -0.036012 -0.194897 -0.0112398 0.00208455 0.00740438 0.0109116 -0.00357619 -0.000193147 -0.00302424 -0.0743719 -0.000534248 -0.0134969 -0.124204 0.0295504 -0.000384186 0.000482754 0.0849587 0.08935 0.17149 0.0100227 -0.0202478 1.14763e-06 -0.0708678 0.214474 0.0149334 -0.00101505 -0.000308078 -0.00527964 0.00397772 -0.0548486 0.00253545 0.0131783 0.0203359 -0.00726418 0.08272 0.157442 -0.0088048 -0.0108342 0.0304028 -0.120415 0.000256548 -5.96767e-05 -0.00213399 0.0608081 -0.0746982 -0.000602114 0.00456904 0.0568489 0.000954364 -0.140585 -0.000992899 -0.000442217 0.0208756 -0.000468362 -0.000149943 -0.000462643 -0.0642606 0.0222403 -6.82598e-05 0.000581101 0.00463177 -0.190186 -0.116691 -0.0229643 -0.0552193 -0.000239885 0.00673355 -0.0240072 0.0189358 -0.00032743 0.0407311 0.0566276 0.0113705 
0.0434032 0.0210862 0.0173094 0.00953174 -0.000116461 0.00808816 0.0329313 0.0343212 -0.0152166 -0.0471614 0.0192411 -0.00144827 0.037011 0.0399311 0.000431477 0.00107859 -0.091851 0.229024 0.0199371 -0.108785 0.00237118 0.0574116 0.0107094 -0.000166652 0.100503 -0.0551459 -0.00102815 -0.0693178 0.065765 0.0127904 -0.00150926 -0.0218995 -0.00480851 5.62522e-05 0.0002379 0.000466766 0.0722174 0.00028212 0.0103674 0.0336758 -0.0184001 -0.000288227 -0.000230294 -0.0507572 -0.119916 -0.0748264 -0.00743635 -0.081314 -0.000299045 -0.0402357 -0.0779501 -0.00875338 0.000708375 -0.0114079 0.00241184 -0.000113423 -0.0455306 -0.00334338 0.00427886 0.00263258 -0.00365283 0.0127422 -0.0908397 0.00466839 0.0334279 -0.0185749 0.0398779 -8.55057e-05 -3.37896e-05 -0.00855959 -0.0362268 0.0553979 0.00194285 -0.00281348 0.0423325 -0.00131087 0.000163532 -0.000612151 0.000537469 -0.0156013 -0.000168736 0.000545815 0.00612948 0.0491051 -0.0156174 0.000236103 -0.000371146 -0.00302956 0.0456565 -0.0468698 0.0305314 -0.0438615 -0.000654149 0.00223112 -0.0157031 -0.0041829 -0.00127151 0.0199338 0.0416011 -0.00797526 
0.0024938 -0.0358043 0.0438032 -0.00167239 9.27959e-05 0.00203451 0.041011 0.0401927 -0.00670206 0.0281293 0.00818796 -0.000461831 0.0432058 0.0206002 -0.0012511 0.000325341 0.0246743 0.0199371 0.0704627 -0.0160699 -0.000180045 -0.0198308 0.00640921 0.000677312 -0.00603078 -0.00995216 0.000352752 -0.0518511 -0.0324015 0.0103658 0.00107966 -0.00488264 -0.00140822 -0.000648842 0.000145871 -0.00103046 -0.00460634 -9.14505e-05 0.00362717 -0.0188721 -0.00242479 -7.73727e-05 0.000174873 -0.00377735 -0.0314159 0.00510038 0.000833356 -0.0463778 0.00021226 -0.0530234 0.0264068 0.00202348 -0.000150564 -0.00287721 -1.70567e-05 0.00407706 -0.0536662 0.000186432 0.00485766 0.0161872 -0.000585727 0.0385963 -0.00808071 -0.000836749 0.0050954 0.00235031 -0.0233389 -0.000237029 3.41598e-05 -0.000932849 -0.00134251 -0.0107196 0.00112447 -0.000559284 0.0419383 -0.000212586 -0.0265559 0.00268449 -5.45408e-05 -0.00394932 -0.000171368 5.00306e-05 0.0039355 -0.00566304 -0.00277817 0.000169594 -5.65651e-05 0.00209849 -0.0339323 -0.0273219 0.011834 -0.0516815 0.00054091 -0.000460775 -0.00423189 0.00842656 -0.000160393 0.0256222 0.0399471 -0.000896715 
-0.0271688 -0.0426427 -0.0175615 -0.0123757 0.000198721 -0.00457657 -0.0416234 -0.0401033 -0.0134618 0.0716273 -0.0120463 0.00199938 -0.0449529 -0.0291949 -0.00145619 -0.00138117 0.105921 -0.108785 -0.0160699 0.230455 -0.00254209 -0.0768678 -0.0253458 9.28638e-05 -0.0962695 0.0717822 -0.000616944 0.0641357 -0.0786396 -0.0115056 0.00155574 0.0264849 -0.00473034 -0.00144758 -1.20134e-06 -0.00157863 -0.0528076 -0.00048179 -0.00772673 -0.0713655 0.0181087 -1.44834e-05 3.3399e-05 0.0674713 0.10644 0.0715815 0.00854522 0.0618312 0.000374693 0.0378511 0.0876789 0.0113349 -0.00076035 0.0141941 -0.00379784 0.000376423 0.0475229 0.00198089 -0.0162941 -0.00602638 -0.00411102 -0.0213993 0.0786292 -0.00683561 -0.0177304 0.00179018 -0.0639843 -0.000531261 -2.07061e-05 0.00848323 0.0310624 -0.0440946 -0.00128816 0.00301279 -0.04745 0.000998939 -0.0468446 0.00136279 -0.000327366 0.0273033 -0.000689454 -0.000417112 -0.00264904 -0.0312955 0.0240615 -0.000301692 0.000341874 -0.00218458 -0.077137 -0.0119512 -0.0194454 0.0462843 -0.000103586 -0.0010117 0.00234488 -0.022002 0.00132426 -0.00626843 -0.0447999 0.0105169 
0.00553564 -0.00230657 -0.000929851 0.00101967 7.9128e-06 0.00167151 0.000681342 -0.00126959 -0.000581401 -0.00306599 0.00355726 2.71307e-05 -0.00129288 0.00206758 0.00320507 0.00017191 -0.00329399 0.00237118 -0.000180045 -0.00254209 0.00741005 0.000126693 0.00238601 -1.43092e-06 0.00280905 -0.00116626 7.25576e-05 -0.00473525 0.0028472 0.00415217 -2.06263e-05 -0.000457425 0.000145693 0.00034749 5.42049e-05 0.000317883 0.0044432 5.91206e-06 0.00544946 -0.00254257 -0.00042323 -1.0973e-05 8.06711e-06 -0.00117679 -0.00306296 -0.00254834 -0.000172528 -0.00394999 8.13346e-05 -0.00400493 -0.00313604 -0.00019219 2.42437e-05 -0.000126006 0.00281815 -5.72244e-05 -0.0041866 -6.31199e-05 0.000270935 -0.000264327 -3.02719e-06 -0.00143991 -0.00221355 0.000192879 0.00194358 -0.000150387 -0.000731791 0.000223735 7.12192e-06 -5.51168e-06 -0.000624854 -0.00116493 3.94836e-05 -5.69148e-05 -0.00133467 -1.62967e-05 0.000831372 0.000701016 -1.3384e-05 -3.34948e-05 5.65073e-05 1.88717e-05 0.00209818 -0.000719794 -0.000275903 5.83653e-06 -4.49266e-06 -6.46071e-05 -0.000978337 -0.00143109 0.00438581 -0.0043395 2.74884e-05 -0.000131412 -0.000421964 0.000201131 -2.60341e-05 -0.000885669 -0.000339141 0.000348352 
0.0128018 0.16099 -0.0601161 -0.000495922 -0.000255953 -0.00257986 -0.0871279 -0.0870573 0.0137009 -0.184937 0.00148043 -0.000110401 -0.0830062 0.0164483 -0.00166129 0.00056318 -0.166647 0.0574116 -0.0198308 -0.0768678 0.000126693 0.248354 -0.0379158 -0.000378826 0.104721 -0.0714048 -0.000186535 0.0695798 0.16371 0.00987768 -0.000799049 0.00282513 -0.0095286 0.000452491 -2.13424e-05 0.00232265 0.0541801 0.000592805 0.00748436 0.138349 -0.0240638 -0.000380334 -0.000567898 -0.068841 -0.0433217 -0.144251 -0.0104699 0.0514745 0.000146322 0.0981781 -0.178795 -0.0113844 0.000657374 0.00297947 6.21375e-05 -0.00208695 0.0833257 0.00107405 -0.0232132 -0.0206004 0.00733706 -0.091344 -0.122388 -0.00189324 -0.0170591 -0.0299654 0.118356 -0.000553453 4.5731e-05 0.000459766 -0.0491656 0.0800568 -0.00109639 -0.00326123 -0.0805066 -0.00011625 0.118573 0.00146396 -0.000746793 -0.0288474 -0.000587949 -0.000240793 -0.00682678 0.065073 -0.017206 -0.000464683 -0.000507084 -0.00399266 0.176925 0.105446 -0.00144704 0.0869699 -0.000420973 -0.00811898 0.00503765 -0.0312021 -0.00117544 -0.0531458 -0.0877677 -0.0106616 
0.0192974 -0.0472361 0.0316577 0.0168863 7.15544e-05 0.00383305 0.0667962 0.0664901 -0.0105452 0.0382103 0.0121088 -0.000349273 0.0570495 -0.0136113 0.00209246 0.000206893 0.0117055 0.0107094 0.00640921 -0.0253458 0.00238601 -0.0379158 0.0876688 2.69477e-05 -0.0075097 -0.0145122 0.00039498 -0.06866 -0.0187941 0.00506152 -0.000431028 -0.00630693 0.00269623 -0.000364827 0.000445962 -0.000434459 0.0104083 -0.000112307 0.00408879 -0.0381637 -0.00496131 -0.000281671 -4.58188e-05 -0.0152185 -0.0411633 0.0109786 -0.000714057 -0.0616221 0.000663597 -0.0694964 0.0112337 -0.00251454 0.000156101 -0.00365431 0.00191603 -0.000670016 -0.0724055 -0.00102458 0.0144326 0.00615404 -0.00137805 0.0464278 0.00833654 -0.000161491 0.027508 0.0156169 -0.0320379 -0.000180214 -3.70254e-06 -0.00165447 -0.00770038 -0.0158861 0.00199311 -0.000843852 0.0634167 -0.000182545 -0.0304685 0.00292743 -2.43108e-05 -6.56302e-05 0.000662135 0.000248006 0.00490951 -0.0111673 -0.00367121 0.00065734 0.00027318 0.000568523 -0.043459 -0.033204 0.0258484 -0.0691129 0.0001932 -0.000681646 -0.00570209 0.0292786 -0.000280568 0.0277159 0.0642762 -0.00116371 
4.13432e-05 -0.000491414 0.000316639 -5.76985e-05 9.09333e-07 -1.6878e-05 0.000599188 0.000328118 -0.000175581 0.000413676 0.000191184 -7.9236e-06 0.000371628 -9.56748e-05 -2.21937e-05 -5.53883e-06 0.000443801 -0.000166652 0.000677312 9.28638e-05 -1.43092e-06 -0.000378826 2.69477e-05 0.00161867 -0.000502532 -6.66523e-05 7.13623e-07 -0.000654479 -0.000529638 4.4257e-05 0.000147547 -7.72949e-05 4.68567e-06 -7.97211e-06 5.99495e-06 -1.77058e-05 -8.50052e-05 -3.44451e-07 -5.40725e-05 -0.000488273 -3.43042e-05 -2.26257e-06 4.13922e-05 0.000120399 -0.000269244 0.000265193 2.26937e-05 -0.000537982 -1.44487e-06 -0.000661614 0.000392599 0.000296635 -1.85809e-06 -3.19156e-05 1.90371e-06 0.000302044 -0.000647962 -9.32653e-06 -2.9741e-05 0.000230074 3.4218e-06 0.000249169 6.19421e-05 -3.99664e-05 -6.39587e-07 0.000189777 -0.00051722 -1.07935e-06 -2.95649e-07 -2.85278e-05 -1.70309e-05 -0.000245427 -3.39779e-08 -1.25903e-05 0.000226151 -1.33417e-06 -0.000255827 1.38401e-05 8.08772e-06 0.000124527 -3.34597e-06 -8.43137e-07 0.000196665 -0.000191986 -6.98339e-05 -1.60472e-06 1.38754e-06 3.85237e-05 -0.000573165 -0.000218328 6.31765e-05 -0.000660234 1.06411e-05 8.29486e-05 -9.2841e-05 0.000129529 -6.0282e-07 0.000147236 0.000544642 -2.58827e-05 
0.0413062 0.0676165 -0.023907 0.0152218 -0.000174095 0.00224778 -0.0257037 -0.0273938 0.01132 -0.102802 0.0101143 -0.000418623 -0.0235346 0.0425744 0.00352909 0.00220761 -0.130033 0.100503 -0.00603078 -0.0962695 0.00280905 0.104721 -0.0075097 -0.000502532 0.237141 -0.0561264 6.86972e-05 -0.00528009 0.113845 0.0154969 -0.0017795 -0.0204405 -0.00618739 0.00252074 7.82793e-05 0.00409153 0.0431087 0.000437026 0.0152697 0.055704 -0.0192526 0.000493361 -0.000513752 -0.0501208 -0.0958873 -0.106171 -0.0091295 -0.0331754 -0.000362116 0.0226505 -0.123833 -0.00792609 5.7838e-05 -0.0046915 0.0043376 -0.00172607 0.0116625 -0.0022526 -0.0053161 -0.00749432 0.00668338 -0.0440485 -0.0991681 0.00309736 0.00991496 -0.0232402 0.0479581 0.000288386 6.64053e-05 -0.00568838 -0.0402371 0.0812417 -0.000891218 -0.00223977 -0.0236806 -0.00104558 0.0383958 0.000161624 -0.000110008 -0.0236421 -0.00137677 1.91241e-05 -0.00118593 0.0531805 -0.0118631 -7.39245e-05 -0.000388638 -0.00246172 0.099559 0.0297715 0.0229572 0.0148564 0.000289706 -0.00592699 0.00718578 -0.0106498 -0.000664989 -0.0160191 -0.0253782 -0.0048348 
-0.0163253 -0.0754446 -0.0156285 -0.00880205 4.83018e-06 -0.00344913 -0.0271263 -0.0252757 -0.0179136 0.0864779 -0.00499523 -0.00093394 -0.0273622 -0.0267081 -0.0031962 -0.000656772 0.0841453 -0.0551459 -0.00995216 0.0717822 -0.00116626 -0.0714048 -0.0145122 -6.66523e-05 -0.0561264 0.132599 0.000236812 0.0399746 -0.0906793 -0.00441295 -8.30549e-05 -0.00196914 -0.00291123 -0.00136908 -0.000157142 -0.00115327 -0.028537 -0.00020757 -0.00624689 -0.0576002 0.0269155 0.00028206 -0.000206408 0.0795013 0.0855421 0.0958032 0.00733781 0.0463332 -0.000275113 0.0231557 0.0890026 -0.000166925 -0.000392578 0.000152143 -0.00202028 -0.00101698 0.0275877 0.00177942 -0.00869057 -0.00116846 -0.00262701 -0.00653515 0.0909914 -0.00294212 -0.00820065 -0.000735972 -0.0447364 -0.000119172 -2.04053e-05 -0.00234175 0.0450086 -0.0261736 -0.000612077 0.00240714 -0.0284381 0.00042149 -0.0596233 -0.00203082 -0.000309757 0.0165575 -0.000243732 -0.000178887 -0.00324115 -0.0224169 0.00219242 -6.87721e-05 -0.000105761 -0.000839828 -0.0769543 -0.0571555 -0.0095263 0.0357781 -0.000340219 0.00421667 -0.00834131 -0.0105063 -5.47002e-05 -0.0198881 -0.0289206 -0.000501487 
0.000401867 -0.00151534 0.000486043 0.000462779 -3.32086e-07 0.000316959 -0.000429947 -0.000568205 -0.000201861 -0.000856633 0.00039088 -2.11438e-06 -0.00054345 -0.000136958 0.000303382 0.000617737 0.000425802 -0.00102815 0.000352752 -0.000616944 7.25576e-05 -0.000186535 0.00039498 7.13623e-07 6.86972e-05 0.000236812 0.00327651 -0.000675419 4.81489e-05 0.00142984 6.71904e-06 -0.000117508 0.000262879 1.92644e-05 1.15675e-05 0.000220653 0.000279727 -1.88729e-06 0.000346401 -0.00117614 1.01672e-05 5.46308e-06 2.2361e-05 0.000167265 0.000805375 0.000357272 -5.58701e-05 -0.000681344 8.67741e-05 -0.000707288 0.00028004 0.000155811 3.39445e-05 -0.000117199 0.0001838 8.98384e-05 -0.000900684 7.33638e-05 -3.80612e-05 -0.000148885 0.000358506 -0.000613949 0.000901795 -6.75687e-05 -0.000174249 0.000246379 -0.000292302 0.000255213 1.90721e-06 -4.65467e-05 0.00153838 -0.000478771 0.000118182 -8.82063e-06 -0.000643506 7.15608e-05 -0.00111307 0.000638035 -3.39465e-06 0.00044899 1.42544e-05 6.26753e-06 4.18443e-05 -0.000410947 -0.000164948 2.07387e-05 7.90554e-06 0.000457774 -0.00149294 -0.000708894 0.000653692 -0.000568867 0.000180154 -4.7748e-05 -0.000190212 -0.000183922 -9.21285e-06 -6.21306e-05 -0.00063613 -4.18439e-05 
-0.0432156 0.100353 -0.093508 -0.024907 -0.000132731 -0.0153819 -0.135039 -0.133324 0.0195576 -0.0769661 -0.0225926 0.000297545 -0.133246 -0.0197934 -0.00837989 -0.00284312 -0.036012 -0.0693178 -0.0518511 0.0641357 -0.00473525 0.0695798 -0.06866 -0.000654479 -0.00528009 0.0399746 -0.000675419 0.202429 0.0567567 -0.0199524 -0.00104879 0.0168364 -0.0142277 -0.00533629 -0.000762764 -0.00229255 -0.0392155 0.0001562 -0.016376 0.0807473 0.0116899 -0.000670674 -0.00063773 0.0293168 0.111814 -0.030656 0.000552261 0.15985 -0.000579756 0.157853 -0.045263 -0.00124182 -0.00093981 0.00845561 -0.00842372 -0.00489698 0.16402 0.00125194 -0.0351838 -0.0282747 0.00311958 -0.110323 -0.00268684 0.000334074 -0.0391282 -0.0273941 0.0629743 -0.00129383 2.64398e-06 0.00451499 0.013234 0.0345836 -0.00286671 0.00224063 -0.133625 0.000487402 0.0677022 -0.00779011 -0.000950342 0.00650369 6.47834e-05 -0.000606553 -0.0131873 0.0119029 0.00951822 -0.000731839 -0.000390181 -0.0071574 0.086149 0.0701231 -0.0390252 0.161939 -0.000349377 -0.00503601 0.0164461 -0.0495549 0.000758023 -0.0709817 -0.135698 0.00304553 
0.0393377 0.17349 -0.069396 0.0157226 -0.000153045 -0.00222378 -0.0764052 -0.0774307 0.0398963 -0.204523 0.0100056 0.0002558 -0.0791617 0.0297203 0.00778898 0.00126294 -0.194897 0.065765 -0.0324015 -0.0786396 0.0028472 0.16371 -0.0187941 -0.000529638 0.113845 -0.0906793 4.81489e-05 0.0567567 0.237066 0.00983443 -0.00221107 -0.00310207 -0.0127615 0.00314257 0.000342593 0.00328371 0.0657875 0.000439427 0.0123141 0.126918 -0.034169 0.000262556 -0.000611856 -0.093001 -0.0553052 -0.178917 -0.00716133 0.043885 0.000148891 0.0907079 -0.208566 -0.0157992 0.000905095 0.00744372 0.00466364 -0.0047053 0.0721352 -0.00233528 -0.0215208 -0.0265553 0.00660249 -0.0992847 -0.148235 0.00618986 0.00735381 -0.0376902 0.121758 -0.000240247 1.96577e-05 0.00419395 -0.0557791 0.0631518 -0.000658728 -0.00420736 -0.0749633 0.00018102 0.13903 0.00158599 -0.000930982 -0.0143452 -0.000210079 -0.000229875 -0.000860925 0.05574 -0.0257534 -0.000194609 -0.000671612 -0.00652399 0.18195 0.133461 0.0158837 0.0772261 -5.78028e-05 -0.0107383 0.0198108 -0.0299901 6.20806e-05 -0.0423903 -0.074514 -0.0135054 
0.0217325 -0.0142912 9.61306e-05 0.00356545 1.4978e-05 0.0102132 -0.00311613 -0.00644152 0.000105835 -0.0133299 0.0175293 0.000144055 -0.00497754 0.0132707 0.00617536 0.00282546 -0.0112398 0.0127904 0.0103658 -0.0115056 0.00415217 0.00987768 0.00506152 4.4257e-05 0.0154969 -0.00441295 0.00142984 -0.0199524 0.00983443 0.0345588 0.00059256 -0.00228486 0.000617044 0.000197559 0.000341394 8.75238e-06 0.0180806 -2.20994e-05 0.0213446 -0.0121593 -0.000857339 -0.000118625 1.7414e-05 -0.00248875 -0.0106506 -0.0105414 -0.00100333 -0.0186888 0.000429233 -0.0200073 -0.0111057 0.00049718 0.000319908 -0.00130519 0.00754869 0.00102152 -0.0211252 0.000420124 0.000227051 -0.00120061 0.00328938 -0.00712228 -0.00894326 0.00153668 0.00847001 -0.00107433 0.00130168 0.000499936 1.53438e-05 -0.000611597 0.000144424 -0.00574947 0.000748333 -0.000260162 -0.00475206 -6.17333e-05 -0.00548729 0.0041092 -6.32817e-05 -0.00104295 -0.000137364 0.000119161 0.00432714 0.00398302 -0.00136738 1.06897e-05 -1.0708e-05 0.00205773 -0.00841152 -0.00640819 0.022236 -0.0173846 0.00025763 -0.000605565 -0.00210519 -0.0010024 -0.000103583 -0.00336136 -0.00462836 -0.000533905 
-0.000407485 -0.00186158 0.00224455 0.000115157 2.86621e-06 8.1922e-05 -0.000242798 -0.000773747 -0.000565431 0.00136194 -0.000132204 0.00126219 -0.00056158 0.0017236 -6.31432e-06 -8.28636e-06 0.00208455 -0.00150926 0.00107966 0.00155574 -2.06263e-05 -0.000799049 -0.000431028 0.000147547 -0.0017795 -8.30549e-05 6.71904e-06 -0.00104879 -0.00221107 0.00059256 0.00528441 -0.000307338 0.000112158 0.00019312 -3.30598e-07 -9.53772e-06 -0.000526109 -1.90939e-06 -0.000171052 -0.00145035 0.00120487 7.46551e-05 -5.00922e-06 0.00331298 5.05208e-05 -0.00100978 0.000531439 -0.0019714 2.53726e-06 -0.00297414 0.00197355 0.00210879 -8.14486e-06 0.000146274 1.614e-06 0.00185818 -0.00174139 -2.09463e-05 -5.4755e-05 1.82674e-05 -6.41388e-05 -0.000862489 -0.00136661 -4.71691e-05 -0.000258897 -0.000304241 -0.00165902 -1.80779e-05 -9.08776e-07 0.000462576 0.00312244 -0.000723911 -1.47664e-05 0.000864829 -0.000826449 0.000232668 -0.00153358 0.00176479 1.45288e-05 -0.000326162 -1.32292e-05 1.63682e-06 -4.54411e-05 -0.000543228 0.00107011 -4.09157e-06 1.54589e-05 0.000327595 -0.00199164 -0.00134955 -0.000145973 -0.00222232 8.2197e-05 -5.72172e-05 -0.000294524 -0.000296306 6.88359e-06 -0.000428086 -0.000655703 0.00164965 
-0.00633031 0.00911402 -0.00853723 -0.0026683 -1.43949e-05 -0.00189067 -0.0122566 -0.0121582 -0.00533637 -0.00541124 -0.00219342 -0.000270755 -0.0121961 -0.00747657 -0.00106618 -0.000260747 0.00740438 -0.0218995 -0.00488264 0.0264849 -0.000457425 0.00282513 -0.00630693 -7.72949e-05 -0.0204405 -0.00196914 -0.000117508 0.0168364 -0.00310207 -0.00228486 -0.000307338 0.0618435 -0.00139687 -0.00053909 -6.9629e-05 -0.000642059 -0.01147 -8.37e-05 -0.00170156 0.00761579 -0.00327602 -0.000179801 -6.77631e-05 -0.00101193 0.0239364 0.000727949 -0.00187319 0.0190414 0.000121684 0.0153522 0.00368451 -0.00106215 -0.000151562 0.000439536 -0.000795062 -0.000371732 0.0141312 0.00211431 -0.00392242 -0.00273556 -0.000868256 -0.0093037 0.0082601 -0.000194259 -0.00370786 -0.00173888 -0.00413463 -0.00018672 -7.9539e-06 0.00201243 -0.00370915 -0.0094781 -0.000265076 -0.000116064 -0.0125711 0.000786006 0.00309729 -0.000869044 -8.0442e-05 0.000267864 -0.000236189 -7.27043e-05 -0.0012594 -0.00778191 0.00151264 -7.36847e-05 -5.43382e-05 -0.000754236 -0.00115074 0.0062725 -0.00392476 0.0167849 -8.19013e-05 -0.000655061 0.00749595 -0.00450704 8.33689e-05 -0.00585878 -0.0122523 -0.0010896 
-0.00168774 -0.0115831 0.00646554 -0.000475077 1.79847e-06 0.00388272 0.012766 0.0107747 -0.00256906 0.00993172 -0.000455938 -4.34191e-05 0.0131512 -0.00422276 1.48333e-05 0.000433434 0.0109116 -0.00480851 -0.00140822 -0.00473034 0.000145693 -0.0095286 0.00269623 4.68567e-06 -0.00618739 -0.00291123 0.000262879 -0.0142277 -0.0127615 0.000617044 0.000112158 -0.00139687 0.0242628 -0.000128888 -1.98578e-05 5.04988e-05 -0.00261941 1.27687e-06 -0.000207791 -0.00952051 0.00212814 -6.85997e-05 0.000211432 -0.000770676 -0.00585978 0.0136899 -0.000745091 -0.0129744 -4.39355e-05 -0.0148526 0.0124945 0.00186454 -3.64652e-05 -0.000909398 3.47462e-05 0.000850239 -0.0146676 -0.000205456 0.00311675 -0.00108068 -0.000395065 0.012343 0.0125932 -0.00056681 -0.00102386 0.00834065 -0.00786382 0.000690963 -1.7873e-06 -0.000591033 0.000137487 -0.00417122 -9.81483e-05 -0.000143479 0.00989138 -8.86412e-05 -0.00881224 1.73715e-05 -2.06065e-05 -0.00149954 6.9287e-06 -6.79194e-06 -0.000277846 -0.00354294 0.0010941 3.31231e-05 0.000395303 0.00542127 -0.0114756 -0.0087611 -0.00104596 -0.0152745 -6.01931e-05 0.000316166 -0.00140581 0.00858911 -7.11907e-05 0.00668517 0.0122577 0.00121679 
0.00610562 0.000952717 -0.00108379 0.0066023 -2.42124e-07 -0.000163994 -0.00166085 -0.00157679 0.00369681 -0.00337047 -0.000274691 3.17827e-05 -0.00159839 0.00330227 0.0031771 7.19298e-05 -0.00357619 5.62522e-05 -0.000648842 -0.00144758 0.00034749 0.000452491 -0.000364827 -7.97211e-06 0.00252074 -0.00136908 1.92644e-05 -0.00533629 0.00314257 0.000197559 0.00019312 -0.00053909 -0.000128888 0.00867491 0.000187396 0.00191014 0.00553277 -4.5392e-06 0.0010508 -0.00333303 -0.000478783 0.000365923 -1.35521e-05 -0.0011703 -0.00349884 -0.00298435 -8.79257e-05 -0.00480406 0.000186778 0.000824153 -0.00346451 -3.1072e-05 -1.82089e-05 0.000309816 0.00233402 6.49138e-05 -0.000976831 -8.50406e-05 0.000807552 -0.000395605 -0.000108586 -0.00173894 -0.00258731 6.51538e-05 -0.000277149 -0.00061256 -0.00207158 0.000234817 -1.44587e-06 -6.35445e-05 -0.000780302 -0.00146379 -3.53011e-05 -7.73638e-05 -0.00166873 -3.6292e-05 0.00238624 0.00202683 -1.51185e-05 -0.00056642 -1.64816e-05 -9.10813e-06 -9.02005e-05 2.82866e-05 -0.000393703 -5.87211e-06 6.39324e-06 -0.000106678 0.00267988 0.00467646 -0.000510181 -0.00368997 0.000119794 -0.000147036 -0.000474459 -0.000501639 -2.43839e-05 -0.000902655 -0.00171341 -0.00015821 
