0.00245078 2.62637e-07 0.000117236 -5.68526e-06 1.45964e-06 -0.000432179 -0.00064328 1.33607e-05 -0.000406175 -1.0241e-05 -3.99657e-05 -2.70909e-05 -6.24579e-06 -0.000285953 2.74587e-05 -5.18172e-05 0.000554931 -1.99634e-06 0.00016573 0.000196669 2.38763e-05 -0.000265104 2.69897e-05 4.47315e-05 3.72561e-05 2.17575e-05 -2.22369e-05 -0.000111681 -0.000328729 0.000111193 5.30637e-05 0.000227258 -0.000167011 0.000260725 1.46324e-06 -3.00675e-06 3.18284e-06 -0.000223225 7.01353e-06 -7.67478e-06 -2.81894e-06 -1.6786e-05 -2.21582e-05 -0.000855301 -2.14144e-05 7.10946e-06 -1.64904e-06 -0.000687778 -6.02687e-07 -9.58721e-06 -6.40309e-07 -0.000245464 8.56142e-07 -9.7146e-05 -0.000497445 5.79918e-05 -0.000350157 8.30888e-06 -7.86982e-05 0.000201572 0.000134485 -9.86276e-05 0.000429524 -1.01062e-06 -0.000563861 6.76144e-05 8.10169e-05 -2.3895e-05 -7.74904e-06 5.9505e-06 5.91393e-05 2.74403e-06 0.000285188 -3.52961e-07 -3.42457e-06 4.42748e-05 -7.34944e-05 5.96929e-05 -5.24761e-05 3.61056e-06 9.45249e-06 0.000623311 -3.25248e-05 -0.000423888 3.2893e-05 -0.000252293 -3.73499e-07 -4.38309e-07 2.05216e-05 -1.35662e-07 0.000274978 7.5979e-05 -1.68697e-06 -5.63914e-06 -2.01558e-05 0.000369587 9.99385e-06 0.000156901 8.8146e-05 3.17326e-05 
2.62637e-07 8.30398e-05 -8.60661e-07 -3.01996e-07 6.93276e-06 -1.03573e-05 -2.19683e-05 6.7818e-08 -2.47572e-05 4.48514e-07 4.77575e-06 2.44148e-05 -3.13801e-05 -1.82005e-05 1.7465e-05 1.97218e-05 -1.96351e-05 6.74257e-06 -7.41492e-06 1.82272e-06 -2.34833e-05 -3.54995e-05 6.93055e-06 1.04903e-05 8.65433e-07 1.0303e-06 1.20164e-05 6.60355e-06 -1.22993e-05 -2.84081e-07 4.01349e-06 -6.53901e-06 1.50345e-05 -7.92862e-06 8.34075e-06 -1.3634e-07 2.28523e-05 -1.03191e-05 4.10261e-07 -2.65333e-07 -9.83661e-08 -1.2151e-07 1.50144e-06 -2.57041e-05 1.45673e-06 1.53055e-05 1.3724e-05 -2.41747e-05 -1.47198e-08 3.87539e-08 6.66638e-07 1.60573e-06 -1.06092e-08 2.67974e-06 -5.89685e-06 -1.48914e-07 -5.04697e-06 -2.42629e-08 -4.41482e-06 -1.71794e-06 7.70425e-06 -2.13765e-06 -1.02037e-05 2.44515e-07 -2.54947e-05 1.14945e-05 -4.38177e-07 2.05442e-05 3.66682e-07 -1.03644e-07 8.39774e-07 1.01599e-06 -1.51703e-05 -5.85314e-08 -6.22191e-08 5.73779e-06 -2.3167e-06 -9.74938e-06 -1.09042e-06 -9.10671e-10 2.98749e-05 -1.78109e-05 3.75978e-06 -2.17589e-05 3.81275e-07 3.80276e-05 -3.88786e-08 -4.86186e-08 1.59126e-06 1.6717e-07 -9.07083e-06 1.65181e-06 6.73681e-07 8.03598e-06 1.94373e-05 -2.38408e-05 3.18982e-06 2.5255e-06 -7.79784e-06 -2.32676e-06 
0.000117236 -8.60661e-07 0.0143266 6.47267e-05 -3.85343e-05 0.00324413 -0.00347079 -2.36376e-05 -0.00366784 -0.000105675 -0.000339249 0.000310003 -0.00363344 -0.00399879 0.000139795 -0.000266265 0.00188263 0.000122379 -0.000423164 -0.000275136 -0.00377521 0.0034687 0.00516861 8.11985e-05 -0.000859953 0.000705976 -0.00173122 -0.00278967 -0.00289605 -0.000122514 0.000974264 -0.00121332 -0.00270852 -0.00107939 4.13461e-05 -2.58896e-05 0.00270952 -0.00241362 -1.1295e-05 -4.64577e-05 -3.78838e-05 -9.9489e-05 -0.000173996 -0.000460742 2.80506e-05 0.00286435 -0.000153088 0.00126262 -2.21386e-06 -4.57779e-05 3.25963e-05 -0.00145621 -8.40555e-07 0.000839409 0.00139793 -2.46543e-06 -0.001753 3.8826e-06 -2.91252e-05 -0.000544609 -0.000981531 0.0008998 -0.00251797 1.07096e-05 -0.000506141 -3.64568e-05 0.000134036 0.000703835 -2.92019e-05 -1.16571e-05 -0.000219382 -1.53542e-05 -0.0036063 -1.25618e-05 -2.10336e-05 0.00243977 -0.000400901 2.05036e-05 -0.000590728 8.74334e-06 0.000959741 0.00757893 0.00222639 -0.000973289 -3.13014e-05 0.000153719 0.000192907 2.88356e-05 -0.000188777 1.32711e-05 -0.00205761 -0.000771938 -2.72266e-05 -1.84205e-05 0.000150167 0.000446999 -0.000164664 -0.000165972 -0.0014809 -0.000249037 
-5.68526e-06 -3.01996e-07 6.47267e-05 0.00569088 -1.42677e-05 -0.00165173 0.0031736 -8.55131e-06 0.000654191 -9.8099e-06 -0.000114297 -6.76579e-05 0.00105893 0.000310329 -3.8172e-06 8.9507e-05 -0.00298517 9.41254e-07 -0.000518383 -3.97205e-05 -0.000147123 -5.89844e-06 -0.00037803 -0.00011228 -0.000125831 -3.59554e-05 -0.000110452 -0.00153861 0.000448492 -4.53294e-05 -5.39433e-05 -0.000491764 -0.00161049 -0.000474536 -1.00964e-06 -1.01201e-05 3.68914e-05 -0.00123343 -4.53982e-06 -4.28356e-06 -1.18847e-05 -4.35666e-06 -3.54706e-05 -0.00064703 0.00010047 -2.78684e-05 2.92238e-05 -0.000784835 -1.30731e-06 -6.49203e-06 5.80064e-06 -0.000102753 4.44214e-06 -0.000188771 3.08496e-05 -3.27619e-05 -0.000801127 -2.8222e-07 0.00207212 -0.000207405 -0.000455141 -0.00231565 -0.000642335 8.5867e-06 0.000391507 -9.12653e-06 -3.76648e-05 -0.000114426 -7.9641e-06 -5.67993e-06 3.88848e-06 -5.52641e-06 -0.00119229 7.59221e-06 0.000242702 -9.26893e-05 -0.000162785 0.00249568 -2.67191e-05 7.54803e-06 4.67046e-05 0.00141563 0.000176324 0.000769116 -1.32632e-05 -0.000535111 -2.20288e-06 -3.34083e-06 -2.74563e-06 3.75229e-07 -0.000670836 -0.000157967 -1.11498e-05 1.11268e-05 0.000371254 2.50741e-05 -2.95359e-06 -3.4306e-05 -0.000583422 0.00199613 
1.45964e-06 6.93276e-06 -3.85343e-05 -1.42677e-05 0.00432296 -0.000700719 -0.000225596 -1.25153e-06 -0.00234366 -2.96845e-05 -0.00010895 0.000221056 0.00129302 -0.00138318 0.000339664 -0.00013044 -0.00165749 9.74626e-05 -0.00219705 0.000516952 6.76266e-05 -0.00146599 -7.05691e-05 -0.000162039 -8.97885e-05 -2.90115e-05 -0.000587756 -0.00269384 -0.000923332 -1.96221e-07 -4.27021e-05 0.000240648 -0.00145055 -0.000168712 2.41616e-07 -8.94599e-06 0.000116571 -0.000548436 0.000106024 -1.49976e-05 2.58614e-05 -4.25672e-05 0.00318297 0.000406843 0.00264627 -2.49493e-05 0.00278186 -0.00349509 3.41882e-07 -1.19785e-05 1.89243e-06 0.0024478 9.10867e-06 -0.000182896 -0.00372445 0.000135948 -0.00111367 -8.38504e-07 0.000985569 0.00154559 0.000307721 -0.00195142 0.000671436 1.82988e-07 -0.00353503 0.000249133 0.000184764 0.000372906 0.000450559 3.77346e-05 0.00302297 5.30058e-05 -0.000632243 -2.96377e-06 0.000124596 3.42281e-05 -0.000136194 0.00228521 -0.000185127 1.38624e-06 0.000814457 -0.000787129 -0.000166862 -0.00343382 1.60746e-05 -0.000399418 -1.76597e-06 1.30381e-05 0.00220796 6.01113e-07 0.00124669 0.00321724 0.000135849 0.000111354 0.000733619 -0.00165772 -2.73193e-05 0.000645881 0.000244203 -8.23412e-05 
-0.000432179 -1.03573e-05 0.00324413 -0.00165173 -0.000700719 0.249984 0.0723739 -0.000860692 -0.0869909 -0.000537068 -0.00119224 0.00555805 -0.149977 0.0249849 -0.000930638 0.00412706 -0.0887587 0.000393937 0.0547932 -0.00639712 -0.00926163 -0.0369304 0.0246161 -0.00171675 -0.0292898 -0.00088639 0.056409 -0.046066 -0.0879088 -0.00409987 -0.000391325 -0.0431733 0.0682984 -0.0462063 6.11145e-05 0.000206372 0.00553267 -0.0604081 -0.000391826 -0.0011668 -0.000403787 0.0037656 -0.0011722 0.109281 -0.0014822 0.00318507 -0.00164009 0.0479576 4.06864e-05 0.00057004 -4.81249e-05 0.0329885 -5.3583e-06 -0.00373291 0.0453833 -0.00103105 0.118497 -0.000114568 0.00498563 -0.0193106 -0.0394347 0.108168 -0.0871931 0.000123039 0.0529859 -0.00124881 -0.00206037 -0.00149358 -0.000513628 -0.000608443 -0.00465795 -0.000480521 -0.132856 -3.08333e-06 -0.000374884 0.00829998 0.0112551 -0.0116418 -0.0113744 -3.57224e-06 0.00145447 -0.0219271 0.0177378 0.0504419 -0.000940151 0.0400418 0.000171697 0.000165557 -0.00510397 6.47102e-06 -0.074964 0.00855589 -0.000748272 -0.00229751 0.000596209 -0.0302812 -0.00433752 -0.00323241 -0.0529603 -0.0112263 
-0.00064328 -2.19683e-05 -0.00347079 0.0031736 -0.000225596 0.0723739 0.210117 -0.000499606 -0.042672 0.00223038 -0.000447431 -0.00304177 -0.0263177 0.0226208 -0.00154812 -0.00381509 -0.086836 3.64713e-05 0.0216893 -0.0052717 -0.0014693 -0.025898 -0.0173382 -0.00557535 -0.00696058 -0.001031 0.00873149 -0.0271883 -0.00606941 -0.00250309 -0.00262944 -0.0249061 0.013727 -0.0268378 -9.01128e-05 -0.000212889 -0.000107057 -0.0312892 -0.000226034 0.000288325 -0.000766605 -1.87392e-05 -0.00285092 0.0521141 -0.000579694 -0.00189754 -0.000128354 0.0197219 -2.21024e-05 0.00128952 -6.96067e-05 0.018411 3.23376e-05 -0.00834317 0.024996 -0.00141961 0.0669745 -4.08025e-06 0.0152501 -0.0121409 -0.0251861 -0.0102129 -0.050557 6.35913e-05 0.033884 -0.000716175 -0.00131281 -0.0052736 -0.000638616 -0.000372254 -0.00246821 -0.000274775 -0.0564146 -3.37051e-05 0.000732736 -0.004612 0.00218823 0.00135082 0.00645014 1.43675e-05 -0.000963762 -0.0238846 0.003241 0.0432467 -0.000658954 0.0166177 -1.54598e-05 0.000179091 -0.00365962 -1.52624e-05 -0.0428073 0.00416968 -0.000682804 -0.00133205 0.000929646 -0.0224879 -0.00336848 -0.00186466 -0.0311327 0.00748527 
1.33607e-05 6.7818e-08 -2.36376e-05 -8.55131e-06 -1.25153e-06 -0.000860692 -0.000499606 0.0019091 0.00026551 -7.80238e-06 -2.17937e-05 2.88835e-05 0.000753423 -0.00116898 2.89588e-05 -5.74856e-05 0.000478973 1.80306e-06 -0.000934472 7.26809e-06 5.06275e-05 -0.000765561 -0.000126633 -7.10082e-05 0.000828098 -3.97417e-06 -0.000250895 0.000261127 0.000847491 1.69201e-05 -1.90432e-05 0.00126509 -0.000635666 0.00116081 1.82637e-06 -2.81152e-06 8.75094e-07 0.000813875 3.50504e-05 4.27907e-05 -4.58165e-06 -1.3797e-05 -3.43873e-05 -0.000649462 -1.81374e-05 -3.63873e-06 -2.75502e-05 -0.00141272 -4.79248e-07 -7.40316e-06 -6.51748e-07 -0.00018425 1.68978e-07 -8.05042e-05 -0.00121444 -4.85795e-06 -0.000505467 1.74117e-06 -1.5328e-05 7.98701e-05 0.000701008 -0.000770136 0.00131426 6.84172e-06 -0.0012887 5.52029e-05 5.00364e-05 -3.7742e-06 -5.97645e-06 1.98328e-05 -2.53602e-05 1.30314e-05 0.000980952 -2.17264e-06 -2.75586e-06 -2.952e-05 -6.54205e-05 -3.05504e-05 -6.37368e-05 1.05537e-06 3.87839e-06 -0.00041668 -9.3244e-05 -0.00128943 -1.36034e-06 -0.000185445 -8.95467e-07 -7.46468e-07 2.73991e-07 -1.41953e-07 0.00132722 -6.39343e-05 -4.22331e-06 6.27505e-05 -1.08973e-05 -0.00074133 1.08001e-05 3.7148e-05 0.00130233 -4.63796e-05 
-0.000406175 -2.47572e-05 -0.00366784 0.000654191 -0.00234366 -0.0869909 -0.042672 0.00026551 0.246355 -0.000604242 6.39337e-05 -0.00403096 0.0534674 0.0123552 -0.00253245 -0.00979101 0.0608404 -0.000524156 -0.00154402 0.000155266 0.011642 0.0644505 -0.00578349 -0.0147306 0.00398578 -0.00107453 -0.0616189 0.00693942 0.0246396 -0.002863 -0.00106094 -0.00661516 -0.0625236 0.00794524 -0.000169552 -5.53577e-05 -0.00443393 -0.0245233 -0.000252827 0.000866301 -1.33468e-05 0.00249215 -0.00997976 -0.0500422 -0.00649569 -0.00385369 -0.00386114 0.00639918 3.73053e-06 -0.00207777 4.54908e-05 -0.00902234 -2.11278e-05 -0.00366537 0.0167879 -0.00298773 -0.0844332 -3.07823e-05 -0.0045411 -0.0174427 -0.0116573 -0.0476553 -0.0103278 -0.000205309 0.0349404 -0.00139508 -0.000765881 -0.0106289 -0.00209559 -0.000619909 -0.00516781 -0.000469835 0.0398347 -0.000301822 -0.000139404 -0.00890291 -0.00950003 0.00211327 0.00633573 -2.10653e-05 -0.00773036 0.0384229 -0.0115675 0.0148233 -0.00108561 -0.0406524 -0.000105538 -0.000226667 -0.00766005 -3.82606e-05 -0.010447 -0.0234446 -0.000804772 -0.00139503 -0.000817529 0.108501 -0.00308531 -0.00645548 -0.00341624 0.00276608 
-1.0241e-05 4.48514e-07 -0.000105675 -9.8099e-06 -2.96845e-05 -0.000537068 0.00223038 -7.80238e-06 -0.000604242 0.00794129 0.000624884 -0.000125075 -0.000548273 0.000589787 3.32999e-05 0.000164089 -0.0034636 -6.55078e-06 -0.000455376 -2.38364e-05 -0.000356554 -0.00131827 -0.000426876 0.000686803 0.000173722 2.97372e-05 0.000288617 -0.00374593 0.000359778 -6.3036e-05 0.000300237 -0.000659016 0.000867727 -0.000685703 4.64158e-06 1.12049e-05 -8.20489e-05 -0.00144972 -4.55259e-06 0.000308762 3.7404e-05 -9.93939e-06 -0.000118547 0.000495834 3.11026e-05 -4.76743e-05 0.000171896 -0.00064913 2.79718e-05 8.31006e-05 4.754e-06 0.00102409 6.28731e-06 0.000250236 0.000771277 0.000147695 0.00183067 3.20045e-05 0.000268465 -0.000316554 -0.000611213 -0.00218964 -0.00133707 2.78808e-05 0.00107542 6.40558e-06 -5.1772e-05 -0.000152673 -1.69193e-05 -4.46425e-06 -8.07557e-05 -5.47453e-06 -0.00177666 2.45433e-05 2.16466e-06 -7.38694e-05 0.000228222 0.000589769 0.0016085 -7.75079e-07 -0.000108228 -0.000967166 2.92154e-05 0.00129651 -1.70917e-05 0.00125233 -2.58108e-06 2.46336e-06 -9.45682e-05 2.89228e-07 -0.000787718 -0.000253348 -1.66575e-05 -3.89014e-05 5.39346e-06 -0.000706361 5.63579e-05 -4.69402e-05 -0.000838552 3.65444e-05 
-3.99657e-05 4.77575e-06 -0.000339249 -0.000114297 -0.00010895 -0.00119224 -0.000447431 -2.17937e-05 6.39337e-05 0.000624884 0.025115 0.000211365 -0.0120034 0.00127589 6.53871e-06 2.72208e-05 -0.00122971 -1.71555e-05 -0.00341441 -0.000507719 -0.000625409 -0.0117917 -0.000880723 0.000371223 -0.00133773 5.25671e-05 0.00423673 0.00368672 0.0084639 -0.000170395 0.000396288 -0.00191037 0.0123549 -0.000976892 1.8461e-05 -4.507e-05 -0.000221418 0.00175163 -1.79454e-05 0.000272546 -4.83108e-05 -0.00012389 -0.000380433 -0.00362652 -0.000299334 -0.000144761 -0.000440417 0.00196877 -3.15552e-06 -4.42322e-05 1.14502e-05 -0.00274065 -3.00335e-06 0.000821934 0.00239385 0.000208441 0.00348252 5.38216e-05 -0.000769908 -0.00077898 -0.000701596 -0.0057468 -0.00184644 0.000253998 0.00344091 -3.89764e-05 -0.000167334 -0.00041968 -9.55245e-05 1.9613e-05 -0.000584446 4.84126e-07 -0.0043903 -2.13217e-05 -2.69043e-05 0.000153009 -0.000654087 -0.0033485 0.00702689 -1.87359e-06 -0.000300913 -0.00374073 0.000433877 -0.00196732 5.42692e-05 0.000765688 -5.52215e-06 -1.31157e-05 -0.000365517 -1.70986e-06 0.00384652 -0.00114135 -3.89131e-05 -9.23623e-05 5.38436e-05 -0.0104879 0.0001303 -0.000280322 -0.000745127 -1.26342e-05 
-2.70909e-05 2.44148e-05 0.000310003 -6.76579e-05 0.000221056 0.00555805 -0.00304177 2.88835e-05 -0.00403096 -0.000125075 0.000211365 0.0170995 -0.00779787 -0.00341624 0.000334889 0.00114208 -0.00361368 0.00024721 0.00173573 0.000760956 -0.00182781 -0.00582685 0.00199399 -0.000529643 -0.000996299 3.66906e-05 0.00132809 0.000481305 -0.0035856 -0.000132217 0.000380648 -0.00128557 0.00450897 -0.00157234 9.11722e-05 -1.1665e-05 0.00235398 -0.00247334 3.27996e-05 -2.70573e-05 1.31752e-05 0.00116796 0.000624523 -0.00246493 0.000159708 0.00260009 0.000238188 0.000347821 -3.6915e-06 0.000157281 2.0099e-05 -0.000925054 1.33002e-05 -0.000594895 0.000835804 -2.66511e-06 0.00319651 -7.47589e-07 -0.000796847 -0.000144188 0.000883994 0.00525309 -0.0022713 2.30476e-05 0.000107665 0.00017686 -9.71346e-05 0.00204259 0.000422128 8.04813e-06 0.000177209 2.45481e-05 -0.00418131 3.62014e-05 4.34788e-06 0.00247692 -0.000299903 -0.000779319 0.000210459 3.24369e-06 0.00191934 -0.00226128 -0.000476193 -0.00350682 -8.75068e-06 0.0054792 -5.65028e-06 3.12055e-07 0.000206354 5.76185e-06 -0.00188723 4.59646e-05 0.000203481 2.32231e-05 0.0013242 -0.00608207 -0.000205646 0.00010876 -0.00167453 -0.000364274 
-6.24579e-06 -3.13801e-05 -0.00363344 0.00105893 0.00129302 -0.149977 -0.0263177 0.000753423 0.0534674 -0.000548273 -0.0120034 -0.00779787 0.249554 -0.0163553 0.000759793 -0.013479 0.0528857 -0.000396502 -0.0619126 0.00434528 0.0138049 0.0521763 -0.0298536 -0.00904516 0.0233312 -6.43373e-05 -0.0627002 0.0133091 0.0452013 0.0037416 -0.00192449 0.0362691 -0.113372 0.0341345 -0.000144446 -0.000426509 -0.00744664 0.025124 0.000202093 0.000231651 0.000580234 -0.00431797 0.00332589 -0.0610746 0.00326976 -0.00372936 0.00586709 -0.0436992 -7.34323e-05 -0.00129124 -0.00018379 0.00509741 -2.47123e-05 -0.00126901 -0.0455327 0.000625607 -0.10692 -2.51653e-05 0.0111666 0.0151438 0.0269754 -0.120845 0.0663797 -0.000372547 -0.0494974 0.000545485 0.00243696 -0.00221921 0.000438984 0.00053565 0.00830384 0.000444297 0.0880279 -0.000383606 -5.76676e-05 -0.00868628 -0.00696565 0.0323308 -0.00885143 -2.28739e-05 -0.00266895 0.0348675 -0.000446736 -0.0377142 0.000926777 -0.0491269 -0.000181938 -6.44357e-05 0.00566756 -9.08025e-06 0.0465886 0.000960901 0.000149709 -0.000221347 -0.00057494 0.0531206 0.00018594 0.00400782 0.0382564 0.00661731 
-0.000285953 -1.82005e-05 -0.00399879 0.000310329 -0.00138318 0.0249849 0.0226208 -0.00116898 0.0123552 0.000589787 0.00127589 -0.00341624 -0.0163553 0.0813591 -0.00104722 0.00267174 -0.0175078 -0.000711295 0.038525 -0.00650904 0.0045138 0.0174861 -0.00535035 0.00232644 -0.0172682 -0.00198366 0.0113725 -0.00503913 -0.0244626 -0.0063427 -0.00159543 -0.0489566 0.0280397 -0.0481713 -0.000212364 9.94746e-05 -0.00696745 -0.0338941 -0.000458408 -3.55423e-05 -0.000253581 -0.000176342 -0.0031613 0.0274264 -0.00221545 -0.00674546 -0.00122683 0.0309462 2.06736e-06 0.000290582 -1.90058e-05 0.00788241 -2.07034e-05 0.00272153 0.048591 -0.00118132 0.0196438 -3.70615e-05 0.00389967 -0.0230882 -0.0536867 0.0299364 -0.0522004 -5.36714e-05 0.0485141 -0.00221936 0.000105527 -0.0122259 -0.00286625 -0.000914917 -0.00353357 -0.000334741 -0.0402592 5.26899e-05 -2.82666e-05 -0.0058459 0.00178614 0.00381104 0.00338509 -1.34457e-05 -0.00722465 0.00399512 0.00161891 0.0645092 -0.000735703 0.00606583 -0.000150761 -0.000421297 -0.00394605 -5.18264e-05 -0.0519733 -0.000320077 -0.00150147 -0.00353824 -0.00160756 0.0321615 -0.00159481 0.000523071 -0.0490504 0.00116465 
2.74587e-05 1.7465e-05 0.000139795 -3.8172e-06 0.000339664 -0.000930638 -0.00154812 2.89588e-05 -0.00253245 3.32999e-05 6.53871e-06 0.000334889 0.000759793 -0.00104722 0.00608344 0.000221175 0.000255496 1.79064e-05 -0.00207842 0.00027457 -0.00012541 -8.04264e-05 -1.87734e-05 1.6262e-05 0.000462614 -3.88926e-05 -0.000190373 -0.000151699 -0.000324914 0.000280298 0.00017384 0.000113105 -0.000626976 0.000382822 4.08764e-05 -8.97034e-06 0.000472332 0.000332165 2.91166e-05 -1.34034e-05 0.000110465 -5.74805e-05 0.000479479 0.000456299 0.000367505 0.00051646 0.000177369 -0.00142709 -4.52942e-07 -1.56035e-06 1.6071e-05 0.000203195 2.99805e-06 -9.20404e-06 -0.00085237 -1.27278e-05 -0.00129503 1.75451e-05 -0.00013122 0.000184141 0.00119794 -0.00133053 0.000750954 1.88534e-05 -0.000926047 0.000108876 5.14001e-05 0.000401851 3.30405e-05 -2.33572e-06 0.000397049 -2.27018e-06 -0.000415493 4.76668e-05 -5.65354e-06 3.55609e-05 3.81935e-05 0.000391056 -0.000206055 2.75836e-07 0.000492058 -0.000473671 0.00011071 -0.00168354 1.19888e-05 0.000942728 -6.98855e-07 -1.18007e-06 0.000641864 2.19908e-06 0.000615512 0.000353772 -8.10476e-06 0.000152613 0.000289523 -0.00188561 -3.11933e-05 0.000208376 -0.000301773 0.000112336 
-5.18172e-05 1.97218e-05 -0.000266265 8.9507e-05 -0.00013044 0.00412706 -0.00381509 -5.74856e-05 -0.00979101 0.000164089 2.72208e-05 0.00114208 -0.013479 0.00267174 0.000221175 0.0304573 -0.0123563 -3.14907e-05 0.00800991 -0.000506156 -0.00395276 -0.016431 -0.00204708 0.00872733 -0.0012734 -0.000131521 0.0149252 -0.00501843 -0.003967 -0.000264759 -9.07408e-05 -0.00269877 0.0146817 -0.00276044 2.76559e-05 5.95013e-05 -0.000383234 0.00162012 -1.28639e-05 -0.000104095 -9.68627e-05 -6.06911e-05 -0.000556122 0.000265433 -0.000349414 -0.000173493 -0.000645869 0.00244622 -1.12477e-06 0.00070199 3.87905e-05 -0.00180995 1.12943e-06 0.00287612 0.0030258 -2.46822e-05 0.0125331 -5.60063e-06 -0.000421538 -0.00121838 -0.00257754 0.0107749 -0.00535088 3.66469e-05 -0.00129479 -6.77312e-05 -0.000199729 -0.000609243 -0.000117583 -3.79123e-05 -0.000550991 -3.35632e-05 -0.00753301 0.000132866 0.000199837 0.00314246 0.000256566 -0.00168451 -0.000946591 2.1943e-08 3.31383e-05 -0.00657979 -0.00171086 0.000839302 -6.75062e-05 0.00629576 -1.41816e-05 -1.70364e-05 -0.000429103 -2.06705e-06 -0.00395781 -0.00171669 -4.05567e-05 -0.000156771 -0.000106159 -0.0102441 0.0034921 -0.000327898 -0.00327853 0.00057466 
0.000554931 -1.96351e-05 0.00188263 -0.00298517 -0.00165749 -0.0887587 -0.086836 0.000478973 0.0608404 -0.0034636 -0.00122971 -0.00361368 0.0528857 -0.0175078 0.000255496 -0.0123563 0.222139 -0.000539777 -0.00761738 -0.00218647 0.0100521 0.0491413 -0.000270388 -0.0128607 0.0133396 -0.00104365 -0.0594825 0.0515359 0.0274476 0.00218839 -0.00213445 0.0260881 -0.038265 0.0227364 -4.41597e-05 9.37308e-06 0.000712952 0.036297 5.03883e-05 9.98066e-05 -0.000717598 -0.00150319 -0.0048361 -0.0736794 -0.00510367 0.000699439 -0.00786995 -0.0161398 -0.000145329 -0.00252549 2.94736e-05 -0.0117051 -3.72884e-05 -0.00658314 -0.0156359 4.92059e-05 -0.115609 5.86508e-05 -0.0229818 0.0043128 0.0215248 -0.0140034 0.0456593 -0.00028913 -0.0215738 0.000217626 -0.000495236 0.000905233 -0.00235041 -1.68841e-05 -0.00798529 -1.0654e-06 0.0837495 -0.000366241 -0.000938766 -0.00375231 -0.00456026 -0.0277118 0.00373435 -1.47526e-05 -0.00472614 0.00670112 -0.00203068 -0.0318475 0.000494944 -0.0411789 -0.000250985 -0.000136963 -0.00416559 2.9427e-06 0.0395641 -0.0196192 -0.000926494 0.000978324 -0.00607197 0.0156448 -0.00281134 -0.000659488 0.0310185 -0.00765233 
-1.99634e-06 6.74257e-06 0.000122379 9.41254e-07 9.74626e-05 0.000393937 3.64713e-05 1.80306e-06 -0.000524156 -6.55078e-06 -1.71555e-05 0.00024721 -0.000396502 -0.000711295 1.79064e-05 -3.14907e-05 -0.000539777 0.00105162 -0.000475447 0.000156861 -0.000706544 -0.000301622 0.00063896 -3.67374e-06 -3.21854e-05 0.000312783 -0.000103412 -0.000292629 -0.000191256 4.41045e-06 1.1594e-05 -7.28184e-05 -0.000251969 -7.84383e-05 1.78479e-06 1.228e-06 0.000689892 0.000109764 -3.97368e-07 -9.99415e-07 7.10468e-05 1.47534e-05 0.000245887 -0.000234772 0.000107739 0.000109494 0.000279542 -0.000270567 6.08899e-07 1.76201e-06 3.01376e-06 3.35038e-05 2.99551e-06 0.000404047 -0.000486657 1.072e-05 -0.000107323 7.0577e-07 2.78318e-05 -3.13157e-05 -1.18591e-05 -0.000268946 -7.1807e-05 1.19966e-05 -0.000710821 4.78748e-05 2.91853e-05 0.000581409 0.000344302 -5.9716e-07 0.00024369 4.73505e-05 -0.000274735 -8.03424e-07 1.05693e-05 0.000154872 6.1213e-05 4.24582e-05 -3.95645e-05 1.6836e-07 0.000725129 -0.000117006 -5.31354e-05 -0.000786025 4.74649e-06 0.000171375 -4.36169e-07 8.5237e-06 0.00013431 1.03187e-06 -0.00010784 0.000268899 4.50043e-05 0.000148589 0.000543767 -0.000469774 -9.27168e-06 6.77105e-05 -8.93839e-05 -2.86175e-05 
0.00016573 -7.41492e-06 -0.000423164 -0.000518383 -0.00219705 0.0547932 0.0216893 -0.000934472 -0.00154402 -0.000455376 -0.00341441 0.00173573 -0.0619126 0.038525 -0.00207842 0.00800991 -0.00761738 -0.000475447 0.249541 -0.00843654 -0.00519503 -0.00895413 0.00465689 0.0114598 -0.0250786 -0.00266959 0.0341835 -0.000856463 -0.0726139 -0.00439699 -0.00185142 -0.044745 0.0826031 -0.0458587 -0.000101976 0.000885503 -0.00440479 -0.0711923 -0.000320931 -0.00130111 -0.00112836 0.00252115 -0.0106735 0.0171054 -0.00582323 -0.00299292 -0.00705357 0.0444039 -9.25459e-05 0.00117594 -7.10571e-05 -0.0319585 -8.77132e-07 0.00376153 0.0550172 -0.00176971 0.0258297 -6.51526e-05 -0.00783183 -0.0208245 -0.0459554 0.111914 -0.0801578 -0.00024432 0.0555613 -0.00131499 -0.000731879 -0.00721564 -0.00189715 -0.00061898 -0.0113117 -0.000569282 -0.0770189 0.000379301 -0.000260167 -0.00103321 0.000762353 -0.0518392 0.00300067 9.96807e-07 -0.00549397 -0.00252906 -0.00633534 0.080355 -0.00109429 0.0246634 -8.45107e-06 -0.000112064 -0.00740733 -3.54024e-05 -0.0776711 -0.0239859 -0.000980134 -0.00261166 -0.00441226 0.00836159 -0.00105797 -0.00535092 -0.0554191 0.00145293 
0.000196669 1.82272e-06 -0.000275136 -3.97205e-05 0.000516952 -0.00639712 -0.0052717 7.26809e-06 0.000155266 -2.38364e-05 -0.000507719 0.000760956 0.00434528 -0.00650904 0.00027457 -0.000506156 -0.00218647 0.000156861 -0.00843654 0.0210582 -1.3306e-05 -0.00124117 -0.000461772 -0.000864927 9.18103e-05 0.000169007 -0.00222377 -0.00935909 -0.00305673 -3.40205e-05 -0.000190178 0.000707885 -0.00685857 0.00347302 9.2e-06 -2.1048e-05 -9.95874e-05 -0.0033105 3.79972e-05 -5.59603e-05 0.000578111 0.000544787 0.00473148 -0.00557066 0.00256814 -0.000121244 0.000660837 -0.012096 1.00775e-06 -4.90336e-05 -7.3391e-06 0.00294543 1.24273e-05 -0.000737765 -0.0106275 0.000748921 -0.00554476 2.08899e-06 0.000254466 0.00619825 0.00146837 -0.00861161 0.0124689 1.2273e-05 -0.0098003 7.24975e-05 0.000856513 0.00118825 0.00197186 5.63508e-05 0.0106708 0.000174464 0.00323602 -1.62837e-05 7.17633e-05 8.18665e-05 0.000602394 0.011019 -0.000589196 2.05725e-05 0.00327592 -0.00257515 -0.00112539 -0.0131775 -2.30619e-05 -0.00188601 1.60471e-06 3.69773e-05 0.00696237 2.06162e-07 0.0108762 0.00729909 0.00136246 0.00014054 0.000129894 0.00229212 -0.000157685 0.0015033 0.00129086 0.00030843 
2.38763e-05 -2.34833e-05 -0.00377521 -0.000147123 6.76266e-05 -0.00926163 -0.0014693 5.06275e-05 0.011642 -0.000356554 -0.000625409 -0.00182781 0.0138049 0.0045138 -0.00012541 -0.00395276 0.0100521 -0.000706544 -0.00519503 -1.3306e-05 0.0322801 0.00192681 -0.0130627 -0.00944742 0.00121402 -0.00182287 -0.00356244 0.0045268 0.00485422 0.000276587 -0.00235424 0.00282408 -0.00139624 0.00295115 -0.000244854 -4.80489e-05 -0.00438754 0.000609341 4.94745e-06 2.89336e-05 -0.00012821 -6.78833e-06 0.000358253 -0.00529655 0.000107159 -0.00430893 0.00044387 -0.00201946 -3.92232e-05 -0.000922775 -5.13374e-05 0.00276999 -2.7104e-06 -0.00402198 -0.00289096 -4.0379e-05 -0.0118362 -3.86365e-05 -3.77969e-05 0.00135 0.00139788 -0.0112173 0.00561709 -0.000103843 0.00102915 -8.74603e-05 0.000170592 -0.00303314 -0.000254326 4.09583e-05 0.000470665 -1.8415e-05 0.00889692 -3.38215e-05 -0.000171136 -0.00350084 -0.000530631 0.00159007 -0.000298348 -4.90918e-06 -0.00269335 -0.00271905 -0.0013862 0.00174573 6.10925e-05 -0.00580963 -0.000187429 -0.000160779 0.000378097 -3.34049e-05 0.00493288 0.000649168 -0.000105688 -0.000246561 -0.00220465 0.00482243 -0.0020061 0.000123317 0.00345911 0.000188527 
-0.000265104 -3.54995e-05 0.0034687 -5.89844e-06 -0.00146599 -0.0369304 -0.025898 -0.000765561 0.0644505 -0.00131827 -0.0117917 -0.00582685 0.0521763 0.0174861 -8.04264e-05 -0.016431 0.0491413 -0.000301622 -0.00895413 -0.00124117 0.00192681 0.214852 0.0210943 -0.00948064 -0.0106071 -0.000788878 -0.0639858 -0.0320437 -0.0342852 -0.005035 0.000705707 -0.0282477 -0.0967815 -0.0285647 -0.000146088 -7.7766e-05 -0.000895498 -0.0256367 -0.000370267 -0.000222833 0.000397811 0.000361968 -0.00181021 -0.00399659 -0.000725725 1.7145e-05 -0.000357589 0.0158879 5.57614e-05 -0.00223113 1.31924e-05 0.00953138 -6.77545e-06 -0.00268591 0.0356763 -0.00108505 -0.0752175 -4.07072e-05 0.00876079 -0.00132843 -0.0193235 -0.0234878 -0.0174429 -0.000394299 0.026297 -0.00122153 -0.000504965 -0.00444007 -0.000488224 -7.02622e-05 -0.00477412 -0.000563553 0.0160708 -0.000246078 -0.000936354 -0.00774408 -0.0124256 0.01792 -0.0126123 7.15233e-06 -0.00244455 0.0585932 -0.00569294 0.0349465 -0.00126429 -0.0558441 0.000123341 8.91212e-05 -0.0020159 3.80655e-06 -0.0281189 -0.00313303 -0.000862435 0.000755676 0.000534023 0.124085 -0.00688422 0.00142736 -0.0278447 0.00189082 
2.69897e-05 6.93055e-06 0.00516861 -0.00037803 -7.05691e-05 0.0246161 -0.0173382 -0.000126633 -0.00578349 -0.000426876 -0.000880723 0.00199399 -0.0298536 -0.00535035 -1.87734e-05 -0.00204708 -0.000270388 0.00063896 0.00465689 -0.000461772 -0.0130627 0.0210943 0.0748021 -0.00109112 -0.00465786 0.00225059 -0.00583345 -0.0222348 -0.0162077 -0.000636906 0.00222836 -0.00645445 -0.0199691 -0.00547566 0.000128432 -0.000100124 0.00564417 -0.00905049 -3.78879e-05 -0.000147754 0.000507717 0.00134169 -0.00150072 0.0119463 -0.000678167 0.00467695 0.00117661 0.00571815 5.21564e-06 -0.000212236 4.41624e-05 -0.00393061 2.90353e-06 0.00280106 0.00696217 -0.000445445 -0.00560287 8.05505e-06 -0.000567445 -0.0021945 -0.00375823 0.00466768 -0.0128064 6.23834e-05 0.00525207 8.83318e-05 0.000615818 0.00282516 3.80118e-05 -7.17145e-05 -0.00157786 -3.63053e-05 -0.0160635 -5.48655e-05 -0.000102064 0.00285702 0.000883853 -0.0031672 -0.003416 -4.13874e-06 0.00305189 0.0284456 -0.00177701 0.00191475 -0.000162166 -0.00446359 0.00025561 4.46392e-05 -0.00103646 3.20165e-05 -0.011302 -0.00114729 -9.6564e-05 0.000226713 0.00200602 0.0236042 -0.00107163 -0.000144226 -0.00799601 -0.00196532 
4.47315e-05 1.04903e-05 8.11985e-05 -0.00011228 -0.000162039 -0.00171675 -0.00557535 -7.10082e-05 -0.0147306 0.000686803 0.000371223 -0.000529643 -0.00904516 0.00232644 1.6262e-05 0.00872733 -0.0128607 -3.67374e-06 0.0114598 -0.000864927 -0.00944742 -0.00948064 -0.00109112 0.038966 -0.00058893 0.000504948 0.0122194 -0.00367438 -0.00271203 -0.000333888 -0.000298154 -0.0027154 0.0117197 -0.00380121 8.90008e-05 3.81742e-05 -0.000248387 0.00368447 -1.37474e-05 -0.000126413 -0.000111634 -0.000373418 -0.000673449 -0.00099515 -0.000336553 -0.000106383 -0.000615197 0.0027644 9.66385e-06 0.000796963 2.20868e-05 -0.00254464 1.09135e-06 0.00810663 0.00384221 0.000361389 0.0104591 -6.51294e-06 -0.00132081 -0.00102095 -0.00303103 0.0116432 -0.00467151 2.07305e-06 -0.00332635 -1.14968e-05 -0.00026308 0.000277338 -0.000107818 -4.15361e-05 -0.000906298 -5.13893e-06 -0.00767564 2.35214e-05 6.64377e-05 0.000252104 0.00217241 -0.00548205 -0.000354413 -9.56088e-07 0.000498406 -0.00425822 0.000994818 0.00368022 -7.15936e-05 0.000938283 5.4623e-06 -2.09312e-05 -0.000555463 3.77244e-06 -0.00406831 -0.0018798 0.000123146 -2.39435e-05 -0.000172356 -0.0140736 0.00547711 -0.00045673 -0.00321402 -0.000487014 
3.72561e-05 8.65433e-07 -0.000859953 -0.000125831 -8.97885e-05 -0.0292898 -0.00696058 0.000828098 0.00398578 0.000173722 -0.00133773 -0.000996299 0.0233312 -0.0172682 0.000462614 -0.0012734 0.0133396 -3.21854e-05 -0.0250786 9.18103e-05 0.00121402 -0.0106071 -0.00465786 -0.00058893 0.057195 0.00111373 -0.0080727 0.00568263 0.0267455 0.00371785 -0.000568858 0.0297465 -0.0161127 0.0245113 -1.64178e-05 -7.6193e-05 -0.000353403 0.034193 0.000152708 0.00129437 -0.000166266 -0.000585955 -0.00126118 -0.0237809 -0.000595529 -0.000468384 -0.000986066 -0.0327057 -6.30762e-06 -0.000203586 -1.98338e-05 -0.00535856 -2.18386e-06 -0.000860477 -0.0268911 -0.000155195 -0.0157087 3.89662e-05 0.00024784 0.0022469 0.0178285 -0.0279285 0.0307774 -3.2462e-05 -0.0293663 0.000746643 -0.000293828 0.00258351 -0.000214946 3.05065e-05 -0.000775996 0.000163734 0.0366504 -4.68025e-05 -8.55124e-05 -0.0011108 -0.00209396 -0.00681899 -0.000794009 -2.66494e-06 -0.000767676 -0.0123671 -0.00354785 -0.0321048 0.000114998 -0.00642638 -2.67959e-05 -3.49356e-05 -0.000473251 2.04675e-06 0.0344119 -0.00309634 -4.25205e-05 0.000658407 -0.00058127 -0.0204917 7.94418e-05 -0.000504836 0.0292898 0.000464276 
2.17575e-05 1.0303e-06 0.000705976 -3.59554e-05 -2.90115e-05 -0.00088639 -0.001031 -3.97417e-06 -0.00107453 2.97372e-05 5.25671e-05 3.66906e-05 -6.43373e-05 -0.00198366 -3.88926e-05 -0.000131521 -0.00104365 0.000312783 -0.00266959 0.000169007 -0.00182287 -0.000788878 0.00225059 0.000504948 0.00111373 0.0101663 -0.000911529 -0.00158006 0.00227183 4.65266e-05 0.00040931 0.00139544 -0.0014264 0.000591481 2.79424e-06 1.59358e-05 0.000321267 0.00108638 1.28075e-05 8.99919e-05 -2.7815e-06 -3.78238e-05 -0.000207748 0.000201083 -0.000106191 7.9403e-05 -4.28188e-05 -0.000825074 1.21477e-06 5.31002e-06 1.11685e-06 -0.000973817 1.04445e-07 0.00138402 -0.00169265 -3.92114e-05 -0.000467996 6.26566e-06 -0.000406624 -0.000267614 -0.000418861 -0.00287814 0.00115284 -1.83302e-06 -0.00263563 2.92742e-06 1.40114e-05 0.000561771 9.476e-05 -1.01328e-05 -7.41855e-05 4.45807e-05 0.00189094 -7.45809e-06 1.53014e-05 1.12334e-05 -0.000209038 -0.000801054 -5.80963e-05 -1.13951e-06 0.000357246 0.00138188 -0.000199457 -0.00247842 5.01126e-05 -0.000412497 9.74179e-05 1.49652e-06 -0.000139919 -6.72304e-07 0.00138252 -0.000545527 7.87769e-05 0.000110796 0.000250619 -0.000927213 0.000264555 -0.000127912 0.00162821 -0.000159593 
-2.22369e-05 1.20164e-05 -0.00173122 -0.000110452 -0.000587756 0.056409 0.00873149 -0.000250895 -0.0616189 0.000288617 0.00423673 0.00132809 -0.0627002 0.0113725 -0.000190373 0.0149252 -0.0594825 -0.000103412 0.0341835 -0.00222377 -0.00356244 -0.0639858 -0.00583345 0.0122194 -0.0080727 -0.000911529 0.118547 0.0130058 -0.0167193 -0.00115056 -2.28701e-05 -0.0119464 0.0688538 -0.0134119 1.33906e-05 0.000259019 -0.000504544 -0.00917277 -8.96862e-05 -0.000441529 -0.0003747 -0.000113807 -0.0016722 0.00857122 -0.00146128 -0.000980387 -0.00237789 0.0142059 -1.33162e-05 0.00156412 4.688e-06 -0.0148015 2.46259e-05 0.00463428 0.0145299 -1.74548e-06 0.0673188 -2.81665e-05 -0.00217489 -0.00539078 -0.0107312 0.0412909 -0.0239559 0.000239024 0.0139965 -0.00034858 -0.00088141 -0.00192754 -0.000458016 -0.00014563 -0.00300922 -0.000149318 -0.0393625 -3.25183e-06 -9.88107e-05 0.0064459 0.0012023 -0.0189081 -0.00233884 -9.75629e-06 -0.000914079 -0.0251434 -0.00244745 0.0159717 -0.000213961 0.0454211 -5.94476e-05 -6.37565e-05 -0.00193164 -3.81622e-06 -0.0194313 -0.00157262 -0.000119334 -0.000670751 -0.00100525 -0.0546327 0.00401959 -0.00141495 -0.0145344 -0.00310139 
-0.000111681 6.60355e-06 -0.00278967 -0.00153861 -0.00269384 -0.046066 -0.0271883 0.000261127 0.00693942 -0.00374593 0.00368672 0.000481305 0.0133091 -0.00503913 -0.000151699 -0.00501843 0.0515359 -0.000292629 -0.000856463 -0.00935909 0.0045268 -0.0320437 -0.0222348 -0.00367438 0.00568263 -0.00158006 0.0130058 0.199189 0.030416 0.00150337 -0.000720358 0.0156536 0.0484098 0.00689107 6.09335e-05 -0.00036575 0.00257056 0.035611 -6.5636e-05 0.000133352 -0.0013583 -0.00405365 -0.00707306 -0.0873593 -0.00755226 0.00193873 -0.00595196 0.00343548 -0.000133331 -0.00187244 -0.000105197 -0.0416554 -6.19482e-05 0.00190614 -0.00233412 -0.00180542 -0.00738034 -4.36662e-06 -0.0310107 -0.00449817 0.0185525 0.0182034 0.0253351 -9.74796e-06 -0.00122201 -0.000266197 -0.00145578 -0.000720503 -0.00229963 -0.000123955 -0.0130425 -0.000331027 0.0520721 -0.000142329 -0.00113909 0.00400722 -0.00189758 -0.0535038 0.000842822 -3.41247e-05 -0.00056954 -0.03587 -0.000935089 -0.0137094 0.00025171 0.0144929 -0.000312364 -0.000335187 -0.00703006 -6.21864e-06 0.0193994 -0.0269108 -0.000679131 1.97835e-05 -0.00545068 -0.0652906 0.00175758 -0.00563148 0.0193568 -0.012781 
-0.000328729 -1.22993e-05 -0.00289605 0.000448492 -0.000923332 -0.0879088 -0.00606941 0.000847491 0.0246396 0.000359778 0.0084639 -0.0035856 0.0452013 -0.0244626 -0.000324914 -0.003967 0.0274476 -0.000191256 -0.0726139 -0.00305673 0.00485422 -0.0342852 -0.0162077 -0.00271203 0.0267455 0.00227183 -0.0167193 0.030416 0.17211 0.00427307 0.00108066 0.0443747 -0.0248305 0.0519503 -4.99751e-05 -0.000430283 -0.0020279 0.0551728 0.00012044 0.00131386 0.000258736 -0.00163745 -0.00442067 -0.0565779 -0.00261799 -0.00138619 -0.00378149 -0.0256713 -3.86133e-05 0.00051147 2.59731e-05 -0.0175049 -2.30315e-05 0.000756453 -0.04164 -0.000834831 -0.0349178 7.3115e-05 -0.00493265 -0.000539313 0.0413691 -0.0982788 0.0527429 0.00016259 -0.0414293 -0.000236293 -0.000721822 0.00155359 -0.000831568 -0.000233271 -0.00359101 3.94326e-05 0.0789356 -0.000100099 0.000397333 -0.00391458 -0.00188544 -0.018547 0.0191028 -5.05674e-06 -0.00194439 -0.0259714 -0.0122991 -0.0458481 0.000489297 -0.00215028 -0.000100307 -0.000122653 -0.002909 -1.31179e-05 0.0590903 -0.0110728 -0.000252351 -0.00028424 -0.00173119 -0.0364803 0.000617822 -0.00200447 0.0499205 0.00494747 
0.000111193 -2.84081e-07 -0.000122514 -4.53294e-05 -1.96221e-07 -0.00409987 -0.00250309 1.69201e-05 -0.002863 -6.3036e-05 -0.000170395 -0.000132217 0.0037416 -0.0063427 0.000280298 -0.000264759 0.00218839 4.41045e-06 -0.00439699 -3.40205e-05 0.000276587 -0.005035 -0.000636906 -0.000333888 0.00371785 4.65266e-05 -0.00115056 0.00150337 0.00427307 0.0083668 -7.39031e-05 0.00723826 -0.00278631 0.00695415 -2.22011e-06 -1.66937e-05 -0.000100845 0.00572802 6.51474e-05 -2.60422e-05 -1.43276e-05 -9.0821e-05 0.000191604 -0.00332166 0.000120472 -6.62134e-05 8.95028e-05 -0.00618095 -1.72965e-06 -3.28978e-05 -2.8798e-06 -0.000919129 2.72046e-07 -0.000373254 -0.00750262 5.71123e-05 -0.00232146 -9.61913e-07 -0.00039958 0.00140777 0.00621249 -0.00391568 0.00683134 -6.43034e-06 -0.0069974 0.00048319 -4.00468e-06 0.000243787 3.83252e-05 9.42458e-05 -4.69548e-06 6.30097e-05 0.005504 -4.22648e-07 -1.16743e-05 -0.000110028 -0.000276203 -0.000713809 -0.000358809 -7.21918e-07 -0.000128036 -0.00173936 -0.000493011 -0.00676726 0.000608577 -0.000990353 -3.79361e-06 -2.80658e-06 -5.59069e-05 1.90455e-07 0.00673071 0.000110616 1.01027e-05 2.95357e-05 -7.95975e-05 -0.00421216 5.11776e-05 -3.69322e-05 0.00612861 -0.000180883 
5.30637e-05 4.01349e-06 0.000974264 -5.39433e-05 -4.27021e-05 -0.000391325 -0.00262944 -1.90432e-05 -0.00106094 0.000300237 0.000396288 0.000380648 -0.00192449 -0.00159543 0.00017384 -9.07408e-05 -0.00213445 1.1594e-05 -0.00185142 -0.000190178 -0.00235424 0.000705707 0.00222836 -0.000298154 -0.000568858 0.00040931 -2.28701e-05 -0.000720358 0.00108066 -7.39031e-05 0.00989261 -0.000856728 5.97886e-05 -0.000520646 3.19848e-05 1.08554e-06 0.00152081 -0.0017805 -8.0146e-06 -3.34732e-05 -5.24947e-06 -8.76173e-05 -0.000205938 0.00105382 -0.00010774 0.0016619 -2.32393e-05 0.000467389 1.12267e-05 2.7059e-05 2.55024e-05 -0.000698032 -2.63204e-07 8.50822e-05 0.000985673 -5.35688e-05 0.000138255 3.37139e-05 -0.000423308 -0.000401037 -1.79869e-05 -0.000949122 -0.00162723 3.75139e-05 0.00107704 -2.14477e-05 -6.81603e-06 0.000913871 -3.60361e-05 -1.18709e-05 -0.000210736 -1.07676e-05 -0.00163047 1.22921e-05 2.68722e-05 0.000667821 -2.09669e-05 -0.00047001 4.08464e-05 5.0719e-07 0.000324361 0.00218513 -0.00036531 -0.00101058 -2.03835e-05 0.00157414 0.000108152 -1.03662e-06 -0.000137565 1.24551e-05 -0.00131589 -0.000431284 -2.74979e-05 -4.02301e-05 0.000435434 0.000755085 -0.000124532 -5.74717e-05 -0.000982583 -0.000129738 
0.000227258 -6.53901e-06 -0.00121332 -0.000491764 0.000240648 -0.0431733 -0.0249061 0.00126509 -0.00661516 -0.000659016 -0.00191037 -0.00128557 0.0362691 -0.0489566 0.000113105 -0.00269877 0.0260881 -7.28184e-05 -0.044745 0.000707885 0.00282408 -0.0282477 -0.00645445 -0.0027154 0.0297465 0.00139544 -0.0119464 0.0156536 0.0443747 0.00723826 -0.000856728 0.0797354 -0.029485 0.0622884 -2.64305e-05 -0.000169157 -0.000801292 0.0545974 0.000583858 0.000216693 -0.000265877 -0.000938867 -0.00174539 -0.0348002 -0.000946637 -0.000674499 -0.000657408 -0.0460947 -2.17595e-05 -0.000360163 -3.2732e-05 -0.0103707 -4.69802e-06 -0.00377942 -0.0608555 0.000223784 -0.0236276 1.3481e-05 -0.00436528 0.0210235 0.051026 -0.0415863 0.069544 -6.73101e-05 -0.067494 0.00210202 -8.82476e-05 0.00616997 -0.000308714 0.000833698 -0.000805344 0.000545381 0.0587641 -9.19558e-05 -7.77076e-05 -0.00157299 -0.00300551 -0.0103535 -0.00364278 -9.3485e-06 -0.000317935 -0.0140854 -0.0051923 -0.0678684 0.00128952 -0.0102535 -3.96353e-05 -4.46488e-05 3.85176e-05 6.46274e-06 0.0700342 -0.00395536 -3.45212e-05 0.00318647 -0.0008889 -0.0395157 0.00249031 -0.000799577 0.0700759 -0.00185491 
-0.000167011 1.50345e-05 -0.00270852 -0.00161049 -0.00145055 0.0682984 0.013727 -0.000635666 -0.0625236 0.000867727 0.0123549 0.00450897 -0.113372 0.0280397 -0.000626976 0.0146817 -0.038265 -0.000251969 0.0826031 -0.00685857 -0.00139624 -0.0967815 -0.0199691 0.0117197 -0.0161127 -0.0014264 0.0688538 0.0484098 -0.0248305 -0.00278631 5.97886e-05 -0.029485 0.226634 -0.0322882 -1.203e-05 0.00018602 -0.0032929 0.00355777 -0.000232831 -0.000400928 -0.00087863 -0.000241279 -0.000922521 0.0125962 -0.00329686 -0.00220695 -0.00709064 0.0296544 -7.40899e-05 0.00139702 -4.73979e-06 -0.0290986 -3.67238e-05 0.0053266 0.0347385 -0.000436421 0.0732611 3.41763e-05 -0.0165655 -0.0141301 -0.0305945 0.113598 -0.0470485 0.000272708 0.0327988 -0.000875635 -0.00230734 -0.00331227 -0.00116342 -0.000414266 -0.00771776 -0.000360434 -0.0624046 0.000423477 -0.000260881 0.00500471 0.00412688 -0.0423956 0.0153096 -2.91139e-05 -0.00227711 -0.0686616 -0.00581054 0.0355133 -0.000216541 0.0585027 -0.000147955 -0.000157705 -0.00487889 -2.27457e-05 -0.0320453 -0.012248 -0.000597132 -0.00168441 -0.00312813 -0.104554 0.00523226 -0.00424519 -0.0350413 -0.00523912 
