0.0793279 -0.0155992 -0.00299359 -0.00691131 0.000436246 -0.0313063 0.00309977 0.000450871 0.0344967 0.0260065 0.000195752 -2.35987e-05 -0.000288178 -0.000859427 -0.000224805 -0.000919439 -0.0117809 -0.0109951 0.00401165 -0.00232095 -6.86731e-06 0.0139847 -0.0255825 0.00613089 0.00820512 -0.00148129 -0.0122875 -0.0155651 1.32286e-05 -0.0118051 -0.000516135 5.76468e-05 -0.000892452 0.00782083 -0.00786714 0.00729716 0.00313103 0.00043542 -0.000209729 -9.46703e-05 0.0330982 -0.000838124 -0.00258993 -6.30017e-05 -0.0213198 0.00105194 0.0436772 -0.00778942 -0.00398743 2.10157e-06 -0.000858428 -0.00356066 0.0272284 -0.00198457 0.0020118 -0.000996611 -0.0370241 -0.00211515 -0.0012115 0.00238566 -0.00167252 -5.73957e-05 0.000239191 -0.00380088 -0.00110366 2.71799e-05 0.000904827 -0.00380371 -0.000503628 -0.00398437 -0.0404255 0.00401149 -3.19644e-05 0.000882951 5.92169e-06 -0.000253283 0.000275521 -5.58802e-05 0.00953632 -0.000228749 -0.0125818 -5.3305e-05 8.47576e-05 -0.0055075 3.20375e-05 -1.36478e-05 -0.00279827 -8.47007e-05 -0.000488555 0.000604487 -0.00103036 -0.0400013 -0.0299594 3.28021e-06 -0.000154737 0.0350847 -0.0030253 -0.000445622 0.0403001 0.000386639 
-0.0155992 0.225567 -0.0398987 -0.0721264 0.000217774 0.123391 -0.00411601 -0.00223144 -0.108417 0.0238324 -2.39032e-05 -0.000400432 -0.000181209 -0.000187748 -0.00675714 -0.00988666 0.0437144 -0.0398947 0.0288757 0.0599653 -0.000220284 -0.0220515 0.0373881 -0.0585723 -0.0295765 -0.0383937 -0.0296469 0.0172669 -2.99884e-05 -0.023144 -0.021873 -0.0040071 0.00361803 -0.0101738 -0.0319622 -0.0075829 -0.00427317 -0.0132397 -0.00202075 -0.000370169 -0.0517589 -0.0130199 -9.75866e-05 -0.000246964 0.0799503 -0.0110194 -0.0497877 -0.0349657 -0.0314268 -0.000412634 -0.00913011 -0.0206262 -0.00733597 0.000178252 0.00879032 0.0557065 0.117684 0.00540209 -0.0304239 -0.00411696 -0.047677 -1.88492e-05 1.48216e-05 0.00686896 -0.0251614 -2.93199e-05 -0.0103076 -0.0416907 -0.00404545 -0.0448998 0.0834023 -0.00453891 -0.000241611 -0.0012797 -0.000185639 -0.000976217 -0.00102588 -0.00117982 -0.0179611 -0.000760789 -0.0546177 -0.000163799 0.102666 -0.00200376 -0.000106753 -0.000248225 -0.0212171 2.80423e-05 -0.00580925 -0.00044401 -0.0359487 0.163049 0.102631 7.83049e-05 0.000469436 -0.0469978 -0.0169694 -0.00294916 -0.0851332 0.0450595 
-0.00299359 -0.0398987 0.0658013 -0.00745591 0.000371627 -0.0259477 -0.00196997 0.00221172 -0.0151248 0.00851693 -4.27821e-06 0.000364706 0.00110178 0.000447917 0.00256184 0.0123769 -0.00890961 -0.0215042 -0.000491819 -0.0564594 0.00025988 0.0278124 -0.0229474 0.0565945 -0.00306433 0.0503149 0.0460072 -0.00765815 2.59934e-05 0.0356655 0.0287127 0.00422941 -0.00100187 0.000591649 0.0421131 0.000177822 0.00149608 0.0188723 -0.000365271 -0.000203912 -0.0112215 -7.0173e-05 -0.00371643 -2.79293e-05 -0.018469 0.0122893 -0.00626347 0.0446754 0.0444858 0.000537075 -0.000937294 -0.00967922 -0.00144258 -0.000359599 -0.00464369 -0.0478718 -0.033751 0.00025334 -0.00299453 0.0014324 -0.00664744 0.000252422 -5.06249e-05 -0.00227584 0.0325634 3.04607e-06 0.012789 -0.00511365 0.00347398 -0.0056814 -0.0448468 -0.00173252 0.000230576 -3.69918e-05 -0.000103086 0.000491482 0.000571055 0.000490169 0.0191504 0.000209154 -0.0120652 -1.59329e-05 -0.044458 -0.0056074 0.000127677 0.000130011 -0.002202 -4.44077e-05 0.00311991 -5.93033e-05 0.0454628 -0.0409561 -0.0404027 -1.81718e-05 -0.000179734 -0.00508946 -0.00252433 0.00426622 -0.00493406 -0.0511388 
-0.00691131 -0.0721264 -0.00745591 0.14496 -0.000929485 -0.0620292 0.00641709 -0.000824578 0.0786837 -0.0584627 -3.10988e-05 -0.000106213 -0.000450826 -0.000859039 0.00238178 -0.00147636 -0.0237747 0.0766954 -0.0257088 0.00224721 -5.10722e-05 -0.00710924 0.00842507 -0.00845295 0.010722 -0.00937479 -0.00900596 0.00224239 -1.96342e-05 -0.0225902 -0.00510227 3.89848e-05 0.00249327 0.00251285 -0.0119763 0.00149464 0.000876314 -0.00603524 0.00200302 -4.60111e-05 0.0158854 0.00980606 -0.00637638 0.000116581 -0.021708 -0.00297218 0.00253242 -0.025105 -0.00741914 -0.000399621 0.00724617 0.0114668 -0.0063842 0.00756623 -0.00370704 -0.0175329 -0.0574252 -0.00288797 0.0332797 0.00153048 0.037639 0.000420159 0.000492094 0.00471475 -0.00532365 -4.74355e-06 -0.00177856 0.0314856 0.000775186 0.0409202 0.00754534 -0.00104276 -5.66839e-05 4.52612e-05 -0.000203495 -0.000110947 0.000106416 -0.00041885 -0.00254624 0.000523083 0.0491994 0.000162882 -0.0565077 -0.00455156 -2.61188e-05 0.000248261 0.0238111 1.42466e-05 -0.00137179 -0.000102534 -0.00667594 -0.0813953 -0.0427699 -3.13613e-05 -0.0002695 0.0157435 0.00862428 -0.00065899 0.0395461 0.00503378 
0.000436246 0.000217774 0.000371627 -0.000929485 0.00570846 -0.000693711 -0.000115242 -1.32299e-05 0.000113705 0.0017797 1.37753e-05 6.07619e-05 -1.72748e-05 0.000212513 2.54789e-05 0.000194645 -0.000357762 -0.000712916 -0.000255972 -0.000982715 1.30001e-05 -0.000273092 -0.00114175 8.23961e-05 0.000507302 0.000148954 -0.000508926 -0.000735564 -2.44792e-07 0.000315445 -0.000106553 -1.94491e-05 -6.74082e-05 0.000387344 0.000293016 0.000234403 -5.88354e-05 -0.000224795 9.90407e-05 -1.63653e-06 -0.000932446 -8.40654e-05 0.000360259 -1.55457e-06 -0.00112158 -3.90683e-05 -0.000716049 -0.000192255 7.86599e-05 0.00012882 -7.20693e-05 -0.000117759 -0.000167124 1.30121e-05 0.000292891 -0.000120703 0.00076169 7.76776e-05 -0.000129255 -5.19002e-05 -0.000705398 -4.20386e-06 7.97831e-08 -0.000170834 -9.96318e-05 -2.66785e-07 0.000120833 -0.00012104 -3.69703e-05 -0.000348979 -0.00309805 0.00136164 -8.04671e-07 9.95528e-06 0.000141905 -1.10432e-05 4.05345e-05 -2.50281e-05 4.45798e-05 -1.23735e-05 -0.000246046 1.16338e-06 -0.000370268 -0.000278955 1.26891e-07 1.0867e-06 0.000575125 -4.49847e-06 0.000368003 8.61508e-06 -7.57715e-05 -0.000347599 0.00087664 -1.26673e-06 0.000112183 0.000176018 -0.000208104 -1.9117e-05 0.000486493 -0.000104948 
-0.0313063 0.123391 -0.0259477 -0.0620292 -0.000693711 0.240662 -0.0110903 -0.00173774 -0.105738 -0.0252452 -0.000120665 -0.000251604 0.000419931 -0.00190009 -0.00462315 -0.00627412 0.0442584 -0.0143543 0.0274472 0.0382896 -0.000329037 -0.0217178 0.102946 -0.0373032 -0.0263702 -0.0241624 -0.00831263 0.0131628 -2.55679e-05 -0.0423423 -0.0148416 -0.00332743 -0.00242142 -0.00725979 -0.0172714 -0.00561627 -0.00354372 -0.00361343 -0.00105178 -0.000538898 -0.06159 -0.00808876 0.0135948 -5.57272e-05 0.0608562 -0.00728511 -0.0690306 -0.00124057 -0.0191061 -3.71203e-05 -0.00518506 -0.0697016 -0.0125215 -0.00553234 -0.0211786 0.0469658 0.145126 0.00364732 -0.017306 -0.00298555 -0.0149855 -0.000344659 -0.000309731 -0.0133617 -0.0160944 -1.8413e-05 -0.00658254 -0.0312639 -0.00245398 -0.0227714 0.0567527 -0.00729444 -0.000150759 -0.000906929 -0.000249843 0.000151545 -0.000882849 -0.000174428 -0.0142996 -0.000353506 -0.0147299 -8.7674e-05 0.0609443 0.010978 -0.000117095 -0.000174416 -0.0138461 0.000153986 -0.0032193 -0.000160953 -0.0223628 0.142652 0.100248 0.000134902 0.000223233 -0.10884 -0.0115491 -0.00213726 -0.139811 0.0287356 
0.00309977 -0.00411601 -0.00196997 0.00641709 -0.000115242 -0.0110903 0.028852 0.000154068 -0.000290485 -0.0108658 0.00015934 -1.69001e-05 -5.61151e-05 0.00211638 -0.000284659 -0.0001065 -0.00232849 0.00484346 0.0018756 -0.00428231 2.13474e-05 -0.00152637 -0.00917442 0.00809446 0.015002 -0.00110837 0.0115741 -0.00387144 1.51408e-05 0.00344352 -0.00112057 -8.80093e-05 0.00565575 0.00430762 0.000354936 0.00513848 0.00266334 -0.00116173 0.000405767 0.000157086 -0.00513351 -0.000352611 0.00154577 -1.10633e-05 0.0112991 -0.000510127 -0.00422469 -0.00459094 -0.00148045 6.35272e-05 -2.43273e-05 -0.00745751 -0.000871546 0.0102622 0.0106624 -0.017654 -0.0120683 -0.000179278 0.00204647 -3.64841e-05 0.00581609 0.000301937 0.000308589 0.0159963 -0.000981198 2.04492e-06 0.000528059 -0.000266508 0.000200682 -0.00135084 -0.00743638 -0.000536586 -8.8222e-06 0.000197054 0.000201401 -8.15112e-05 0.000627253 -8.84218e-05 0.000126777 -4.62976e-05 -0.00449216 -5.23196e-06 -0.018524 -0.00179372 -2.07361e-06 1.33554e-05 -0.000683683 6.60005e-05 0.0018142 0.000569381 -6.719e-05 -0.00899636 -0.00233327 3.62526e-05 -8.94163e-06 -0.00657885 -0.000779184 -3.65301e-05 -0.00366942 -0.000100653 
0.000450871 -0.00223144 0.00221172 -0.000824578 -1.32299e-05 -0.00173774 0.000154068 0.00580762 -0.000503104 -0.000264467 8.36002e-05 5.38793e-06 9.81281e-05 1.85526e-05 6.0332e-05 0.000540935 -0.000159777 -0.00189158 -0.00107818 -0.0028727 0.000128234 0.00107864 -0.00119874 0.00262952 0.000368855 0.00236644 0.00102301 -0.00183822 8.45308e-06 0.00195774 0.000926715 0.000210683 -3.19557e-05 -5.94827e-05 0.00123263 0.000380043 0.000282433 0.000300027 7.79956e-06 -1.67716e-05 -0.00083795 -4.52383e-05 0.00105513 -1.4513e-06 -0.00103699 0.000452303 -0.000316265 0.00108244 0.00248595 6.43801e-05 -5.98512e-05 0.000303652 -0.0002032 -6.32204e-05 0.000244058 -0.00275793 -0.00168438 5.88379e-05 2.99248e-05 -2.65193e-05 -0.00070539 1.40977e-05 -1.08692e-06 -0.000139247 0.000838079 -1.61446e-07 0.00134221 -0.000368395 8.91112e-05 -0.000397409 -0.00222454 0.000196391 4.05149e-06 -2.92251e-06 1.92462e-05 1.09218e-05 4.98049e-05 -3.05061e-06 0.00192262 -9.65237e-06 -0.000717967 -1.55881e-06 -0.00211531 -0.000330653 1.786e-05 1.1493e-05 -0.000190974 2.48279e-06 0.00062102 3.47053e-06 0.00218556 -0.00198695 -0.00165411 7.12928e-06 -1.33879e-05 -0.000397749 -0.000153274 0.000113166 0.000616254 -0.00300532 
0.0344967 -0.108417 -0.0151248 0.0786837 0.000113705 -0.105738 -0.000290485 -0.000503104 0.195891 -0.0237317 -2.06358e-05 -0.000165297 -0.000920955 -0.00215105 0.000244381 -0.00398731 -0.039321 0.052759 -0.0246124 0.00797768 -6.99445e-05 0.000644662 -0.0268967 -0.00508085 0.0159374 -0.0128453 -0.0364121 -0.0077266 -3.32793e-05 -0.0300354 -0.00872528 0.000316329 -0.0042136 0.00951924 -0.021382 0.00772394 0.000991063 -0.0101009 0.000650893 0.000923937 0.0722803 0.0113395 -0.00729838 1.92811e-05 -0.0713994 -0.00422031 0.0727815 -0.0267644 -0.0130862 -0.000494838 0.00430706 0.0337669 0.0164039 -0.00601961 -0.0124408 0.00361094 -0.0939624 -0.00747343 0.0268595 0.000767338 0.0321259 -0.000170689 -0.000255181 -0.0116914 -0.00996495 2.10821e-05 -0.00308509 0.034958 -0.00169027 0.0393554 -0.0355174 0.0127481 -7.33892e-05 0.000418747 0.000215968 -0.000305777 0.000219225 -0.000990106 0.00326985 -8.48567e-05 0.0465778 -7.63039e-06 -0.0324819 -0.00872307 -5.43584e-05 7.34464e-05 0.0204889 -0.000213957 -0.000300457 0.000267854 -0.0129201 -0.13099 -0.0767154 -0.000101102 -0.000451017 0.0816576 0.00727461 -0.00139791 0.119844 0.0113255 
0.0260065 0.0238324 0.00851693 -0.0584627 0.0017797 -0.0252452 -0.0108658 -0.000264467 -0.0237317 0.237693 -8.27661e-05 0.000324753 0.000197927 -0.000139612 -0.00145871 0.00447418 -0.0111607 -0.101977 0.00631906 -0.0140977 -0.000108172 0.00977872 -0.103288 0.00635182 -0.00741856 0.0085459 -0.00014606 -0.00315324 1.45261e-05 0.0839854 -0.00431661 -0.000283994 -0.00405095 0.00160347 0.0176419 -0.00319782 -0.00143212 -0.00671905 -0.00198204 0.000203096 -0.00231052 -0.00679809 -0.0112767 -0.000260938 -0.0162019 -0.000606838 0.0103224 0.0455486 0.00813694 0.000265985 -0.00439548 -0.0104908 0.0232017 -0.00592958 0.00740999 0.0171797 -0.00042505 -0.0010913 -0.0178901 6.85216e-05 -0.0358758 -0.000322723 -0.000254315 -0.0126254 -0.00163711 1.80154e-06 0.00428422 -0.0195587 -0.00220949 -0.0273477 -0.0241688 -0.00417894 -0.000114701 0.00015992 -0.000231211 -0.00129691 -0.000591176 -0.000617511 0.00182863 -0.000268668 -0.0606522 -0.000224436 0.049624 -0.0118936 -2.13679e-05 -0.000158358 -0.012225 -0.000317335 -0.000737497 -0.000203451 0.00492916 0.0333421 0.022683 -9.65124e-05 -0.00026468 0.0247873 -0.012626 -0.00189257 0.00375228 -0.000922412 
0.000195752 -2.39032e-05 -4.27821e-06 -3.10988e-05 1.37753e-05 -0.000120665 0.00015934 8.36002e-05 -2.06358e-05 -8.27661e-05 0.000349631 1.29362e-06 -1.19149e-06 3.40955e-07 -2.16472e-06 1.52214e-06 6.65272e-05 -9.79938e-05 -1.74577e-05 -0.000127842 5.25166e-05 -1.37625e-05 -9.85434e-05 0.000144003 9.82498e-05 -4.26848e-06 -8.07443e-05 -0.000289339 2.10694e-05 -9.98955e-05 -1.10276e-05 8.54502e-05 6.60895e-05 4.53299e-05 -5.27543e-06 0.000166248 0.000235598 -1.07969e-05 3.13769e-05 1.76066e-05 -5.94011e-05 -6.71236e-06 6.83229e-05 3.94916e-06 2.14844e-05 -5.5567e-06 -6.20351e-05 -5.863e-05 -1.47879e-05 3.83647e-06 1.68381e-06 -8.60727e-05 -9.39813e-06 2.24251e-05 0.000283439 -0.000223912 -0.000151352 -6.15782e-06 3.34333e-05 8.37409e-06 -4.27931e-05 9.58173e-06 4.72883e-06 9.60219e-05 -1.41742e-05 -1.62519e-08 0.000144216 -1.71654e-05 -2.22656e-06 4.72488e-06 -0.000187129 -5.88025e-06 3.82126e-07 1.52605e-07 1.99604e-08 -1.0278e-06 -9.43054e-07 -5.89039e-07 -8.23751e-07 -2.94011e-07 -5.91484e-05 -2.28438e-07 -0.000201757 -1.91638e-05 2.38128e-05 -1.52292e-07 -1.19757e-05 -2.85868e-07 3.02367e-07 2.14123e-05 5.01863e-05 -4.18898e-05 0.000115186 2.81159e-06 -4.21177e-07 -4.46689e-05 -1.23042e-05 -1.42147e-06 -9.46934e-05 -0.000166968 
-2.35987e-05 -0.000400432 0.000364706 -0.000106213 6.07619e-05 -0.000251604 -1.69001e-05 5.38793e-06 -0.000165297 0.000324753 1.29362e-06 0.000637313 0.000117979 1.3289e-06 0.00015594 0.000578131 0.000306214 -0.000216384 -0.000531811 -0.000538849 6.36158e-07 -3.51036e-05 -0.000213328 0.000259062 0.000287526 -2.88619e-05 0.000225986 -0.000351861 4.22617e-05 0.000321661 -2.13245e-05 -2.7145e-06 -7.00034e-06 0.00041219 0.000522403 -8.51249e-06 1.44074e-05 -1.64148e-05 8.74588e-07 1.36918e-05 -0.000116136 -1.16014e-05 -4.53459e-05 2.89172e-08 -0.000153579 -6.981e-06 -0.000111743 0.000135056 0.000137169 3.58106e-05 -5.20561e-06 -0.00016337 -2.58405e-05 3.77146e-05 0.000156202 -0.000536536 -8.10449e-05 0.000489154 -2.69049e-05 -2.33853e-06 2.97879e-05 -5.62091e-07 -1.05967e-06 9.47128e-06 -1.99314e-05 2.63701e-07 0.000350572 -4.7978e-05 -1.55083e-06 -5.55683e-05 -0.000427473 -1.70675e-05 -2.57469e-07 7.02943e-07 2.93807e-05 -8.6518e-07 9.77815e-06 -2.83657e-06 -1.82359e-05 -3.91645e-07 -8.1117e-05 6.75681e-06 -0.000414396 -3.8801e-05 2.69397e-05 -2.10136e-08 -2.15694e-05 1.57797e-07 3.51443e-05 4.46359e-07 -2.88163e-05 -0.000120701 2.40092e-05 6.41562e-07 -1.51234e-06 -9.94412e-05 -2.26174e-05 -1.17583e-06 -0.000262149 -0.000260764 
-0.000288178 -0.000181209 0.00110178 -0.000450826 -1.72748e-05 0.000419931 -5.61151e-05 9.81281e-05 -0.000920955 0.000197927 -1.19149e-06 0.000117979 0.00348023 4.94031e-05 -2.99077e-06 0.000719372 -0.000274605 -0.00037938 -0.000404968 -0.00108442 2.25842e-05 -0.00013502 0.000303647 0.000999132 -0.000167002 0.000911353 0.00122384 -0.000127246 3.94179e-06 0.000276014 -6.88905e-05 0.000103788 -2.93876e-05 6.87758e-05 0.00114081 -4.89426e-05 7.68658e-05 -4.25622e-05 -1.45827e-05 -9.56506e-06 -0.000503863 -1.47402e-05 -0.000225723 1.13355e-05 0.000222491 1.17042e-05 -0.000566088 0.00101049 0.00109692 -3.19839e-06 -4.69061e-05 -0.000834555 -0.000165069 -9.68146e-06 -0.000255483 -0.000824996 -0.000145856 -2.33161e-05 -0.000150911 -3.37095e-05 -0.000268629 -6.98245e-07 -3.06317e-06 6.18192e-06 0.000119851 2.46772e-06 0.000903374 -0.000264693 5.64301e-05 -0.000209172 -0.00046358 -8.82475e-05 3.35333e-06 9.17997e-07 2.38708e-06 1.42605e-06 1.66387e-06 -7.26683e-06 -0.000102732 -8.49411e-07 -0.000601092 4.1019e-05 -0.000506192 -0.000149324 8.53687e-06 8.42639e-07 -0.00012177 5.60985e-06 2.83754e-05 -1.03169e-06 0.000567457 -9.04074e-05 -0.0012847 -6.71983e-07 -4.67994e-06 -0.000333479 -7.47544e-05 5.94382e-05 -0.00115145 -0.00123988 
-0.000859427 -0.000187748 0.000447917 -0.000859039 0.000212513 -0.00190009 0.00211638 1.85526e-05 -0.00215105 -0.000139612 3.40955e-07 1.3289e-06 4.94031e-05 0.0103617 -5.83829e-06 0.000528291 0.000174819 -0.00082434 -0.000735931 -0.000956185 3.3887e-06 -0.000495913 -0.00125013 0.000948267 0.00186252 0.000170083 0.00183302 0.000320493 -3.50366e-07 0.00185657 -0.000205276 0.00019852 0.000599685 -0.000194397 0.00106013 -7.25183e-05 -0.000118739 -0.000387067 -2.34388e-05 -1.212e-05 -0.00153671 -5.14203e-05 -0.000559793 -2.13215e-06 0.00317761 -7.04808e-05 -0.00185609 -2.76469e-05 -0.00017532 6.99707e-05 0.000107243 -0.00150272 0.000192208 0.00134169 0.00106044 -0.00186296 0.00129428 0.000973815 -0.000300045 -8.88968e-05 9.97553e-05 -2.01949e-06 1.7037e-06 0.00276558 2.43144e-05 4.67662e-08 0.000293974 -0.000612108 2.88763e-05 -0.000524186 -0.00349658 -0.000177597 5.57138e-08 1.15579e-05 4.85605e-05 -3.09349e-05 0.000132352 -4.7203e-05 -0.00027669 5.87848e-05 -0.00143755 3.81574e-05 -0.00247141 -0.000788609 1.9126e-06 -3.83616e-06 -0.000284094 3.20561e-06 0.000106284 -7.53847e-06 -0.000119029 0.00015581 -2.59986e-05 3.36464e-07 -8.3855e-06 -0.00206958 -0.000237716 0.000164476 -0.00217536 -0.000707025 
-0.000224805 -0.00675714 0.00256184 0.00238178 2.54789e-05 -0.00462315 -0.000284659 6.0332e-05 0.000244381 -0.00145871 -2.16472e-06 0.00015594 -2.99077e-06 -5.83829e-06 0.0128252 0.00182978 -0.00014221 0.00223626 -0.00128384 -0.00421585 6.8712e-05 0.00286379 -0.00148074 0.00284846 0.0043532 0.00287612 0.00414522 -0.00151805 4.35042e-05 0.00400293 0.0032867 0.000542068 -0.00014986 -0.000138678 0.00138917 -0.000165667 -2.37942e-05 0.00254266 0.00083125 -1.51154e-05 -0.00176805 0.00016123 0.000625705 3.9165e-05 -0.00288666 0.00144084 -0.00180483 0.000573704 0.0024503 4.07512e-05 0.000969478 -0.00276151 -0.00055883 0.000297832 0.000273273 -0.00349271 -0.000468783 0.000420674 0.000466262 -9.81229e-05 -0.00101154 0.00011743 3.54218e-05 4.54281e-05 0.00175984 -4.57476e-10 0.00033984 1.67094e-05 0.00013572 0.000878741 -0.00768368 -9.38873e-05 1.13053e-06 -2.19946e-05 0.000216166 4.69969e-05 -1.94397e-05 -4.94763e-05 0.000687196 0.000408385 0.00382596 1.40964e-05 -0.0079467 -0.000688732 9.99309e-05 3.17554e-05 0.000932169 -5.50124e-06 0.000572283 -1.24518e-05 0.00255308 -0.00529627 -0.00237928 -1.31589e-06 0.000123575 -0.00341293 -0.000147881 0.000776465 -0.00255262 -0.0058359 
-0.000919439 -0.00988666 0.0123769 -0.00147636 0.000194645 -0.00627412 -0.0001065 0.000540935 -0.00398731 0.00447418 1.52214e-06 0.000578131 0.000719372 0.000528291 0.00182978 0.0155645 -9.72166e-05 -0.00444867 -0.00323222 -0.0128538 0.000100125 0.00198687 -0.00471041 0.0115298 0.00080623 0.00931782 0.0102903 -0.00211782 4.75329e-05 0.00809022 0.00283982 0.000147698 -0.000112228 0.00118577 0.0126748 -0.000156096 0.000321075 0.00223236 4.83527e-05 -2.07393e-05 -0.00283664 -0.00020594 -0.00101631 -4.5855e-06 -0.00329117 2.69696e-05 -0.00273645 0.00789186 0.0102712 0.00022812 -0.000158258 -0.00386087 -0.000159721 0.000560658 8.95021e-05 -0.0099137 -0.00640284 0.00216027 6.11639e-05 -0.000151536 -0.00068512 -1.29591e-05 -1.62149e-05 0.000257458 0.00274319 3.92182e-06 0.00683509 -0.000895929 0.000247877 -0.000613909 -0.0103797 -0.000426352 3.51847e-06 2.15738e-05 8.16715e-05 -2.45054e-05 5.52359e-05 -3.85955e-05 5.29311e-05 0.000343978 -0.00228049 2.67042e-05 -0.0102827 -0.00126276 3.20229e-05 4.59873e-05 -0.000284137 5.68949e-07 0.000664368 -3.43197e-06 0.00965859 -0.0080808 -0.00760342 5.87764e-07 -3.96475e-05 -0.00207364 -0.000468137 0.000621857 -0.00374521 -0.0110587 
-0.0117809 0.0437144 -0.00890961 -0.0237747 -0.000357762 0.0442584 -0.00232849 -0.000159777 -0.039321 -0.0111607 6.65272e-05 0.000306214 -0.000274605 0.000174819 -0.00014221 -9.72166e-05 0.127399 -0.0363786 0.00270246 0.0161584 -8.75649e-05 -0.0092031 0.0329911 -0.0117999 -0.0019535 -0.00977681 -0.0299713 0.00344372 4.79428e-05 -0.0067313 -0.00552238 -0.000761953 -0.00140332 -0.00197295 -0.00701899 -0.00208708 -0.000490564 -0.000728288 0.000139547 -0.000401044 -0.026488 -0.00301197 -0.00649411 -2.64818e-05 0.0489109 -0.00276703 -0.0273124 -0.0184685 -0.0070588 -0.000116642 -0.00203414 -0.0301269 -0.00641216 -0.00126108 0.00151597 0.0130945 0.0618031 0.00895576 -0.00711679 -0.00148103 -0.00573736 -9.27144e-05 -0.000141688 0.00385336 -0.00595993 -4.17333e-06 -0.0018009 -0.0117236 -0.00112582 -0.011422 0.0192711 -0.00370306 -5.86787e-05 -0.000285113 -4.6793e-05 -0.000398391 -0.000188881 0.000204925 -0.00587909 -0.000188918 -0.00372962 -8.09939e-05 0.00223105 -0.00881327 -5.87157e-06 -5.93048e-05 -0.00500148 -2.58164e-05 -0.00116816 -2.60737e-05 -0.00818471 0.0558263 0.0522939 0.000176304 0.000270165 -0.0368031 -0.00560581 -0.000632218 -0.0600267 0.00388175 
-0.0109951 -0.0398947 -0.0215042 0.0766954 -0.000712916 -0.0143543 0.00484346 -0.00189158 0.052759 -0.101977 -9.79938e-05 -0.000216384 -0.00037938 -0.00082434 0.00223626 -0.00444867 -0.0363786 0.228626 -0.011714 0.0267014 6.00207e-06 -0.0133727 0.0576459 -0.0280926 0.00289076 -0.0236042 0.0047557 0.00978534 -4.32234e-05 -0.0702309 -0.0108934 -0.00146643 0.00431263 -0.00314843 -0.0249764 -0.0044667 -0.00257257 -0.0119662 0.00137759 -0.000153844 0.0254436 0.00554955 -0.00074282 0.000235376 -0.00639899 -0.00583136 0.0100607 -0.0499641 -0.0180012 -0.000294422 0.00727968 -0.0139749 -0.00596299 0.0077196 -0.0116038 0.0123209 -0.0180789 -0.00765203 0.0245653 0.00132925 0.039943 0.000185376 0.000217258 0.00384562 -0.0134598 -1.43067e-05 -0.00599052 0.0256881 0.000483899 0.0387418 0.000199595 -0.00157071 -8.65254e-05 -0.000356555 0.000215675 -0.00010289 -0.000258325 -0.000739908 -0.0138332 5.54854e-05 0.0429801 0.000152957 -0.0395283 0.000162409 -2.98942e-05 4.35881e-05 0.0190191 -2.7262e-05 -0.000129317 -0.000329955 -0.0195256 -0.0618336 -0.0519927 -9.21765e-05 -0.000181081 0.00707762 0.00608077 -0.00144067 0.0190816 0.0190922 
0.00401165 0.0288757 -0.000491819 -0.0257088 -0.000255972 0.0274472 0.0018756 -0.00107818 -0.0246124 0.00631906 -1.74577e-05 -0.000531811 -0.000404968 -0.000735931 -0.00128384 -0.00323222 0.00270246 -0.011714 0.07237 0.00805236 -0.000356867 0.0024725 -0.0117958 0.00181195 0.00201568 0.00244282 0.0121002 -0.000343167 -4.52334e-05 0.00468204 0.0022831 3.55318e-05 -0.00139179 -0.00283398 -0.00100576 0.000359822 0.000624126 0.00288312 -0.00163727 0.000194482 -0.00328074 -0.00372646 0.00575313 -0.000205861 0.0100013 0.000561388 -0.00316114 0.00269665 0.000555005 -0.000427478 -0.00233243 -0.0113567 0.00128705 -7.02645e-05 -0.00270086 0.0020635 0.0142411 -0.00239283 -0.0206388 -0.00165359 -0.017881 -5.75559e-05 3.10428e-05 0.00196108 0.000768671 -1.60873e-05 -0.00158127 -0.0201023 -0.000176389 -0.0192189 0.00289405 -0.00203388 -3.50648e-05 -0.000139185 -0.000274938 -0.00051844 -0.00021865 0.00021795 0.00133838 -0.000727767 -0.0251995 -0.0003206 0.0148568 0.00241972 -0.0001314 -0.000106136 -0.0221503 2.91347e-05 -0.000115255 6.87005e-05 0.00175453 0.0251809 0.00297987 2.19445e-05 -0.000100045 -0.0181904 -0.00356235 -2.45962e-05 -0.00397398 0.00303925 
-0.00232095 0.0599653 -0.0564594 0.00224721 -0.000982715 0.0382896 -0.00428231 -0.0028727 0.00797768 -0.0140977 -0.000127842 -0.000538849 -0.00108442 -0.000956185 -0.00421585 -0.0128538 0.0161584 0.0267014 0.00805236 0.117209 -0.000241573 -0.0297316 0.0311764 -0.0687875 -0.0145124 -0.0579745 -0.0471291 0.0165504 -8.4874e-05 -0.0562066 -0.0322668 -0.00390671 0.00151147 -0.0139094 -0.0489791 -0.00852812 -0.00473942 -0.0213968 0.000378709 -0.000392232 0.0173873 -0.00242777 -0.00118506 -0.000165876 0.0298369 -0.0158479 0.0125373 -0.060555 -0.0440111 -0.000990175 0.00104899 0.0105849 0.00209862 -0.00117501 -0.000251309 0.064391 0.0524316 -0.000508273 -0.00822046 -0.00454025 -0.000446442 -0.000240566 -0.000210657 0.00328916 -0.0346044 -9.85938e-06 -0.0143494 -0.0023196 -0.00479234 0.000496794 0.0485804 0.00257172 -0.000313309 -0.000917041 -7.34139e-05 -0.000844261 -0.00172926 -0.00171029 -0.0223573 -0.000745496 0.00857433 -0.000271055 0.061021 0.003595 -0.000168076 -0.000136252 -0.00383539 -8.12816e-05 -0.00362811 -0.000535814 -0.0492213 0.0495714 0.0378656 -8.68659e-06 0.000264624 0.00711558 0.00115968 -0.00459915 0.000572957 0.056394 
-6.86731e-06 -0.000220284 0.00025988 -5.10722e-05 1.30001e-05 -0.000329037 2.13474e-05 0.000128234 -6.99445e-05 -0.000108172 5.25166e-05 6.36158e-07 2.25842e-05 3.3887e-06 6.8712e-05 0.000100125 -8.75649e-05 6.00207e-06 -0.000356867 -0.000241573 0.00101901 0.000123376 -0.000123865 0.000131717 9.78361e-06 0.000157067 0.000214412 -0.000239574 7.94947e-06 8.05258e-05 2.43851e-05 0.000219164 8.45563e-05 -6.36602e-06 0.000202369 7.40367e-06 0.000163408 -1.88352e-05 7.2337e-05 8.33803e-07 -0.000122235 8.54045e-06 2.21928e-05 3.02998e-05 -0.000134466 6.53966e-05 -0.000108552 8.64922e-05 0.000235855 1.12271e-05 -7.86188e-06 -0.000101061 -6.5258e-06 4.3782e-05 0.000123675 -0.000359128 -0.000474732 -1.38974e-05 -4.5715e-05 5.25478e-06 0.000113379 8.38425e-06 -7.84968e-07 9.75842e-05 0.000104038 1.26015e-08 0.00019699 0.000179696 8.47991e-05 -3.88343e-05 -0.000531908 4.40757e-05 2.0315e-06 -1.50393e-06 6.14835e-06 -1.3706e-06 1.74321e-06 -7.22473e-07 5.02296e-05 2.44582e-05 2.53964e-05 1.05071e-05 -0.000472335 0.00016057 2.92583e-05 1.69025e-05 0.000222515 6.34545e-06 1.41176e-05 -8.97494e-07 0.000121799 -0.00031287 -0.000349173 -2.46713e-07 0.000108386 0.000144429 -1.86831e-05 2.29244e-05 -0.000211683 -0.000448953 
0.0139847 -0.0220515 0.0278124 -0.00710924 -0.000273092 -0.0217178 -0.00152637 0.00107864 0.000644662 0.00977872 -1.37625e-05 -3.51036e-05 -0.00013502 -0.000495913 0.00286379 0.00198687 -0.0092031 -0.0133727 0.0024725 -0.0297316 0.000123376 0.0595339 -0.0141424 0.0294381 -0.00268051 0.0268276 0.0216038 -0.0142567 -8.89746e-06 0.0132241 0.0244648 0.000104086 -0.000900388 -0.000927399 0.0094135 -0.000607635 -0.000226995 0.0203237 -0.00025104 -0.000156607 0.00490135 -9.3659e-05 -0.00468333 4.00051e-05 -0.015783 0.0131309 0.0121075 0.0178061 0.0192489 0.000228938 -0.00056596 -0.0117103 0.00797694 1.91752e-05 -0.00411845 -0.0293109 -0.0268635 -0.00184149 -0.00160353 0.00285081 -0.0026305 9.88205e-05 0.000199526 -0.00258322 0.0258789 5.26251e-06 0.000968196 -0.00289056 0.0026913 -0.00173884 -0.0348631 -0.00116054 0.000203519 1.27762e-05 -7.90394e-05 0.000751113 3.08845e-05 0.00141439 0.0206689 0.000155771 -0.00845798 4.62061e-05 -0.0223607 -0.00499645 8.42084e-05 6.67774e-05 -0.00160194 -9.94734e-06 -0.000268796 -3.56933e-05 0.0268454 -0.033607 -0.0370782 -1.34843e-05 -0.000170952 0.000489192 -0.00145169 0.00105388 -0.000446893 -0.0328115 
-0.0255825 0.0373881 -0.0229474 0.00842507 -0.00114175 0.102946 -0.00917442 -0.00119874 -0.0268967 -0.103288 -9.85434e-05 -0.000213328 0.000303647 -0.00125013 -0.00148074 -0.00471041 0.0329911 0.0576459 -0.0117958 0.0311764 -0.000123865 -0.0141424 0.224233 -0.0321748 -0.0182518 -0.0225462 -0.0317116 0.0111455 -3.68576e-06 -0.106194 -0.0120613 -0.00136892 -0.00285102 -0.00579957 -0.027146 -0.00441612 -0.00327939 -0.00147634 0.0021605 -0.000351622 -0.0273545 0.00397865 0.00115846 0.00033403 0.00886222 -0.00607415 -0.0403975 -0.04715 -0.0172507 -4.79323e-05 0.00404108 -0.0547907 -0.0157186 -0.00564876 -0.0196406 0.0270669 0.0851815 0.0049407 0.0202539 0.00133934 0.0330268 -0.000264984 -0.000392272 -0.0106473 -0.0133293 -1.06511e-05 -0.00573412 0.00679533 -0.00109018 0.0340703 0.0263677 -0.00494047 -1.20451e-05 -0.000783046 -0.000219514 0.0017729 -0.000461224 -6.1214e-05 -0.0119352 0.000477113 0.0539797 0.000346127 -0.00518999 0.00566537 8.08419e-06 2.17157e-05 0.016268 0.000248744 -0.00316399 -0.000146274 -0.0184927 0.0554581 0.0468882 0.000112149 0.000672921 -0.0633685 -0.0022819 -0.00183469 -0.0893086 0.0136685 
0.00613089 -0.0585723 0.0565945 -0.00845295 8.23961e-05 -0.0373032 0.00809446 0.00262952 -0.00508085 0.00635182 0.000144003 0.000259062 0.000999132 0.000948267 0.00284846 0.0115298 -0.0117999 -0.0280926 0.00181195 -0.0687875 0.000131717 0.0294381 -0.0321748 0.0951837 0.0148978 0.0578697 0.0510547 -0.0164391 1.88526e-05 0.0465154 0.0316528 0.00386309 -0.00108542 0.0102494 0.0419664 0.00906349 0.00501929 0.021447 0.000153766 0.000192962 -0.0156264 -0.00024905 0.00281723 -1.12992e-06 -0.0208784 0.0159123 -0.00798281 0.0485533 0.0449065 0.000549837 -0.00102985 -0.0145067 -0.0011876 -0.000182104 0.0021579 -0.0612508 -0.0485412 -0.000859374 -0.00115992 0.000807727 0.00159978 0.000233651 0.000181833 0.00127074 0.0345631 1.37964e-05 0.01383 -0.00725774 0.0035288 -0.00763105 -0.0649825 -0.00177206 0.000248956 0.00043197 -0.000170909 0.000350777 0.00103255 0.00150009 0.022904 0.000235986 -0.0160767 -1.46909e-05 -0.0677046 -0.00709198 4.93798e-05 0.000125156 -0.00336432 -7.46588e-05 0.00539352 0.000559891 0.0502934 -0.0512562 -0.0376883 1.26872e-05 -0.000277058 -0.0120615 -0.00302154 0.00459869 -2.57652e-05 -0.0540904 
0.00820512 -0.0295765 -0.00306433 0.010722 0.000507302 -0.0263702 0.015002 0.000368855 0.0159374 -0.00741856 9.82498e-05 0.000287526 -0.000167002 0.00186252 0.0043532 0.00080623 -0.0019535 0.00289076 0.00201568 -0.0145124 9.78361e-06 -0.00268051 -0.0182518 0.0148978 0.0622388 0.0023847 0.0103331 -0.00762837 3.12999e-05 0.0303561 -0.00167734 -2.33738e-05 0.000427566 0.00964539 0.00102784 0.00927698 0.00250326 -0.00155554 0.000565612 0.000299609 -0.0102775 -0.00126564 0.0106115 -4.03468e-05 5.75971e-05 -0.000303424 -0.00895697 -0.00380805 -0.00259713 0.00071363 0.00206222 -0.0147791 -0.000625521 0.00580632 0.0192809 -0.016708 -0.00969834 0.000406418 0.00259899 -0.000608326 0.0088756 -2.84106e-05 0.000233085 0.00947382 -0.00245984 -3.28666e-07 0.00147976 -0.00507044 -8.09356e-05 -0.00429185 -0.0224723 0.000431886 -1.68733e-05 0.000608181 0.00072696 -0.000187958 0.00117735 -0.00029379 0.00366549 -2.28378e-05 -0.00334892 -1.18185e-05 -0.0337041 -0.00419216 -2.66663e-06 -1.45868e-05 -0.00160108 0.000115225 0.0032429 0.000535732 -0.000240782 -0.0113811 0.0058022 1.8632e-05 -0.000136541 -0.0167016 -0.00245174 -0.000237314 0.00877237 -0.000253602 
-0.00148129 -0.0383937 0.0503149 -0.00937479 0.000148954 -0.0241624 -0.00110837 0.00236644 -0.0128453 0.0085459 -4.26848e-06 -2.88619e-05 0.000911353 0.000170083 0.00287612 0.00931782 -0.00977681 -0.0236042 0.00244282 -0.0579745 0.000157067 0.0268276 -0.0225462 0.0578697 0.0023847 0.0651469 0.0425638 -0.010168 -9.14254e-06 0.0376019 0.0291464 0.00419276 -0.00102249 0.000839355 0.0393127 0.00319416 0.00215262 0.0177772 -0.000315952 -0.000157168 -0.0125754 -0.000947201 -0.00183005 -4.33401e-05 -0.018614 0.0137592 -0.0103472 0.0451492 0.0444613 0.000483717 -0.000975176 -0.013395 -0.00293381 -0.000771895 -0.00303046 -0.0464685 -0.0330693 -0.00178488 -0.0020575 9.10356e-05 -0.00719183 0.000269727 0.000211367 -0.00272164 0.0307152 -8.15202e-07 0.0115854 -0.00542203 0.00123624 -0.00493643 -0.0439245 -0.000775197 0.000239627 0.000263385 -0.000121954 0.000173942 0.000687056 0.000598947 0.0193408 0.000273779 -0.0119393 -1.43221e-05 -0.0436714 -0.00534878 1.11517e-05 3.7983e-05 -0.00227246 -3.99694e-05 0.00360389 -1.84756e-05 0.0477215 -0.0369235 -0.0348213 -1.00065e-05 -0.000192184 -0.0102656 -0.00249027 0.00468626 -0.00701582 -0.0499271 
-0.0122875 -0.0296469 0.0460072 -0.00900596 -0.000508926 -0.00831263 0.0115741 0.00102301 -0.0364121 -0.00014606 -8.07443e-05 0.000225986 0.00122384 0.00183302 0.00414522 0.0102903 -0.0299713 0.0047557 0.0121002 -0.0471291 0.000214412 0.0216038 -0.0317116 0.0510547 0.0103331 0.0425638 0.198642 -0.00503152 -1.34558e-05 0.0554707 0.0241475 0.00254858 0.00438231 -0.00209816 0.0551619 -0.00275661 -0.000650934 0.01244 -0.000708829 -0.00056567 -0.0359941 -0.00296035 -0.00127452 0.000167449 0.0204572 0.0125658 -0.0305734 0.050152 0.036552 0.000490513 -0.00270871 -0.036982 -0.00227761 0.0116097 0.000983213 -0.0518029 -0.0237365 0.00612856 -0.00988282 -0.00128017 -0.00368849 0.000255078 0.000560738 0.022312 0.0273749 -7.92887e-07 0.00924265 -0.017737 0.00400157 -0.0189001 -0.0440017 -0.00663634 0.000200819 -9.3356e-07 -0.000131908 0.00114938 0.000419944 0.00104516 0.0120703 -0.000193021 -0.0375798 0.000190747 -0.0660657 -0.00659854 6.84984e-05 6.65513e-05 -0.00852059 -4.89725e-05 0.00412888 -0.000239894 0.0377018 -0.0229094 -0.0511731 -5.5e-05 -0.000249089 -0.0452249 -0.0089527 0.00393405 -0.0367027 -0.0434491 
-0.0155651 0.0172669 -0.00765815 0.00224239 -0.000735564 0.0131628 -0.00387144 -0.00183822 -0.0077266 -0.00315324 -0.000289339 -0.000351861 -0.000127246 0.000320493 -0.00151805 -0.00211782 0.00344372 0.00978534 -0.000343167 0.0165504 -0.000239574 -0.0142567 0.0111455 -0.0164391 -0.00762837 -0.010168 -0.00503152 0.0386556 -7.99829e-05 -0.00517192 -0.0104584 -0.000506624 0.000418496 -0.00393467 -0.00160779 -0.00571483 -0.00400685 -0.0084727 -0.000541178 -0.000670594 -0.00560626 -0.0030768 -0.00159303 -0.000174291 0.00887679 -0.00944528 -0.00852847 -0.00611817 -0.00458323 -0.000360081 0.000303974 0.000283384 -0.00185362 0.000282458 -0.00518301 0.0209443 0.0156877 -0.000302741 -0.00129629 -0.0021295 0.00312367 -4.14321e-05 -0.000180309 0.000153832 -0.0100724 -2.30884e-05 -0.00408349 -0.00056802 -0.00108668 0.00153182 0.0183197 -0.0014398 -0.000116885 -0.000620908 -0.00025539 -0.000388534 -0.000369847 -0.00144331 -0.0120424 4.70093e-05 0.00540202 -8.32062e-05 0.0155337 0.00113482 -0.000146542 -6.87852e-05 0.0012785 -2.21079e-05 -0.00167102 -0.000605825 -0.0107546 0.016036 0.0111627 -4.58672e-05 -0.000178934 -0.00415225 -0.00174657 -0.000842422 -0.00524498 0.0156767 
1.32286e-05 -2.99884e-05 2.59934e-05 -1.96342e-05 -2.44792e-07 -2.55679e-05 1.51408e-05 8.45308e-06 -3.32793e-05 1.45261e-05 2.10694e-05 4.22617e-05 3.94179e-06 -3.50366e-07 4.35042e-05 4.75329e-05 4.79428e-05 -4.32234e-05 -4.52334e-05 -8.4874e-05 7.94947e-06 -8.89746e-06 -3.68576e-06 1.88526e-05 3.12999e-05 -9.14254e-06 -1.34558e-05 -7.99829e-05 0.000154083 -4.04259e-05 -4.44454e-06 2.04007e-05 1.73282e-06 6.44013e-05 2.5448e-05 1.95615e-05 7.11859e-05 -3.44926e-06 1.25521e-06 2.91245e-05 -2.53099e-05 -1.26433e-06 4.23293e-05 1.79213e-06 -1.82897e-05 -4.19326e-07 -2.76905e-05 -2.24623e-05 -6.09576e-06 8.76807e-07 3.43342e-06 -3.90049e-05 -4.29377e-06 7.53871e-06 4.92261e-05 -9.62033e-05 -1.84044e-05 4.95094e-05 2.36667e-07 -5.94952e-08 1.81921e-06 7.07503e-07 -1.86071e-07 6.46737e-07 -6.43738e-06 -7.16082e-09 7.69594e-05 -1.1634e-06 -1.01071e-07 -4.25157e-06 -8.3692e-05 -3.69594e-06 1.81115e-07 2.37651e-06 1.17261e-07 2.27183e-06 3.87205e-06 2.83956e-06 6.70894e-07 9.30044e-07 -1.34359e-05 -1.06532e-08 -8.32422e-05 1.16726e-05 4.93617e-05 1.69565e-07 9.22961e-07 4.99866e-07 2.45192e-06 1.28792e-05 -9.61996e-07 -2.03609e-05 5.17235e-05 6.70881e-07 1.95938e-06 -3.561e-05 -5.359e-06 -8.9069e-07 -6.05288e-05 -8.42234e-05 
-0.0118051 -0.023144 0.0356655 -0.0225902 0.000315445 -0.0423423 0.00344352 0.00195774 -0.0300354 0.0839854 -9.98955e-05 0.000321661 0.000276014 0.00185657 0.00400293 0.00809022 -0.0067313 -0.0702309 0.00468204 -0.0562066 8.05258e-05 0.0132241 -0.106194 0.0465154 0.0303561 0.0376019 0.0554707 -0.00517192 -4.04259e-05 0.246013 0.0198255 0.000950867 -0.0030473 0.00567278 0.0412229 0.00482609 0.0014929 0.0122282 -0.00163044 -0.000546491 -0.0521604 -0.00641987 -0.0044101 -0.000252986 -0.0049939 0.00990502 -0.0487997 0.072078 0.0286841 0.000471899 -0.00385457 -0.00547795 -0.00834634 0.00165949 0.0196465 -0.0279982 -0.0144796 -0.00566303 -0.0157473 -0.00294017 -0.0192379 8.22846e-05 0.000188928 0.0011408 0.0211577 -8.66262e-06 0.00817144 -0.0315049 0.00305079 -0.0324016 -0.0303851 -0.00314547 8.54496e-05 0.000826656 0.000179105 -0.000892833 0.00082492 0.000198181 0.0126362 -0.000211485 -0.0511817 -0.000156549 -0.0171151 -0.0182539 -5.36067e-05 -8.08959e-05 -0.012529 -0.000158308 0.00202703 1.28451e-05 0.0308696 0.00469918 0.00750704 -0.000136374 -0.000745512 -0.0352789 -0.0145685 0.00299142 -0.00937627 -0.0303893 
-0.000516135 -0.021873 0.0287127 -0.00510227 -0.000106553 -0.0148416 -0.00112057 0.000926715 -0.00872528 -0.00431661 -1.10276e-05 -2.13245e-05 -6.88905e-05 -0.000205276 0.0032867 0.00283982 -0.00552238 -0.0108934 0.0022831 -0.0322668 2.43851e-05 0.0244648 -0.0120613 0.0316528 -0.00167734 0.0291464 0.0241475 -0.0104584 -4.44454e-06 0.0198255 0.0374454 0.00176649 -0.000615498 -0.000727941 0.0128899 -0.000451382 0.000364665 0.0210223 -0.000195305 -6.21216e-05 -0.00461374 0.000759077 -0.00210634 0.000131659 -0.0106319 0.0159273 -0.00180228 0.0236443 0.0221835 1.11699e-05 -0.000527318 -0.00405657 -0.00162579 -0.00100784 -0.00288342 -0.0318697 -0.0194273 -0.00115114 -0.00189756 0.0011351 -0.00476152 0.000228154 0.000125676 -0.00179424 0.0277746 1.51949e-06 0.00196299 -0.00275061 0.00250024 -0.00251044 -0.0239487 -0.00104391 0.000174306 0.000119687 -7.55059e-05 0.000335614 -9.00598e-05 0.00172433 0.012992 0.000110958 -0.00635296 4.96547e-05 -0.0247753 -0.0030519 5.17824e-05 9.5809e-06 -0.00133936 1.14191e-06 0.000268675 -3.78649e-05 0.0285211 -0.0235367 -0.0243283 -1.83011e-06 -0.000114179 -0.00851464 -0.00121995 0.00381083 -0.00736828 -0.0322921 
5.76468e-05 -0.0040071 0.00422941 3.89848e-05 -1.94491e-05 -0.00332743 -8.80093e-05 0.000210683 0.000316329 -0.000283994 8.54502e-05 -2.7145e-06 0.000103788 0.00019852 0.000542068 0.000147698 -0.000761953 -0.00146643 3.55318e-05 -0.00390671 0.000219164 0.000104086 -0.00136892 0.00386309 -2.33738e-05 0.00419276 0.00254858 -0.000506624 2.04007e-05 0.000950867 0.00176649 0.00948588 -6.93616e-05 -0.00017839 0.00367007 0.000318048 0.000484879 -7.1264e-06 0.000186708 2.01693e-06 0.00049769 0.00025265 -9.87495e-05 1.30781e-05 -0.00225385 0.000280133 0.000709506 0.00324665 0.00410353 -1.56191e-05 0.000308041 -0.00163886 -0.000298514 0.000150617 -0.000405658 -0.00476626 -0.0036113 -0.000266425 -0.000332473 1.69531e-05 -0.000764747 0.000132392 -6.64794e-06 -0.000167366 0.00172085 3.06163e-06 0.0010756 0.000708249 7.16129e-05 0.000171221 -0.00561856 -0.000144289 2.49965e-05 -1.92534e-05 2.47483e-06 -2.54113e-05 1.34755e-05 -3.8633e-05 -0.000202091 4.31162e-05 0.00117618 -5.28552e-06 -0.00425958 0.000354555 5.25086e-05 -1.21368e-06 0.000271478 -6.10839e-06 -1.07608e-05 -3.54771e-06 0.0036029 -0.0048457 -0.00470157 1.18642e-07 7.41312e-06 0.00115708 0.000172039 0.00172996 -0.000766777 -0.00455646 
-0.000892452 0.00361803 -0.00100187 0.00249327 -6.74082e-05 -0.00242142 0.00565575 -3.19557e-05 -0.0042136 -0.00405095 6.60895e-05 -7.00034e-06 -2.93876e-05 0.000599685 -0.00014986 -0.000112228 -0.00140332 0.00431263 -0.00139179 0.00151147 8.45563e-05 -0.000900388 -0.00285102 -0.00108542 0.000427566 -0.00102249 0.00438231 0.000418496 1.73282e-06 -0.0030473 -0.000615498 -6.93616e-05 0.0160882 0.000141001 -0.000119657 -0.000187139 -8.54597e-05 -0.000668304 6.35981e-05 -3.9044e-05 -0.00294931 -0.000323724 -0.000714179 9.04397e-06 0.0103508 -0.000290855 -0.00278429 -0.00254827 -0.000790544 -1.71693e-05 -0.00019866 -0.00330971 -0.000302397 0.00690458 0.00460376 -0.00484447 -0.00396907 -0.000284265 -0.000784041 -0.000162981 0.00160969 0.000320617 0.000186819 0.0059222 -0.000592361 -5.03327e-07 -0.000196834 -0.00105157 5.21009e-05 -0.00129364 0.00218368 -0.000423968 -6.32333e-06 4.91292e-05 4.40365e-05 5.21218e-05 -3.34035e-05 -5.12734e-05 -0.000599159 4.43421e-05 -0.00281546 -7.10921e-06 -0.00241368 6.30322e-06 9.50161e-06 6.18305e-07 -0.000419717 3.25084e-05 0.000736604 -4.10517e-06 -0.000878273 -0.000568558 -0.00105987 -2.22819e-06 -2.51765e-05 -0.00448329 -0.00046428 -3.74748e-06 -0.00529995 0.000449887 
