0.0256532 -1.07251e-05 -0.00930194 2.20135e-05 -0.000841035 -0.00178334 -0.00741069 -3.69204e-05 -0.00103892 -0.000188042 -0.00494079 0.00200552 0.000886115 2.54239e-06 0.00207694 -0.00178947 -4.13885e-05 -0.000735498 -0.000202933 -0.000432362 -6.39365e-05 -0.00245553 -0.00618505 0.00113026 -0.0001639 -0.000168001 -2.64041e-05 3.68762e-05 0.0107021 -2.02658e-05 -0.000438426 -0.000490292 0.000137951 -0.00492169 -8.57129e-06 -0.000291858 0.000712666 0.0027345 -0.000316743 -3.4631e-05 -7.63131e-05 -0.00221516 -0.00123868 -0.00182919 0.00484884 -0.000189715 -0.0025305 -0.000654708 4.25794e-05 1.02914e-06 -0.000111435 -0.000453858 2.78614e-05 -0.000787686 1.49298e-05 -4.49131e-05 -0.00126823 -0.00237881 -0.000325479 -0.00195488 -8.82171e-05 -0.0129861 -0.000151127 -0.000154874 -0.00088961 -5.98672e-05 -4.64142e-05 0.00529728 0.00744008 -0.000366916 -2.85676e-05 -9.29834e-05 0.000482031 -6.96704e-05 -0.000245466 0.012848 -0.000115782 0.00030196 2.96849e-05 -0.0107469 -1.78413e-05 -0.000134019 -0.00150054 0.00231748 -2.6658e-05 -0.00141646 -6.42853e-05 -0.00113619 -8.63276e-05 0.0053469 -0.000382945 0.000713099 5.41499e-05 0.0010944 -5.46736e-05 -0.000491313 0.00751132 -7.06362e-06 -0.000115376 -0.00259724 
-1.07251e-05 0.000781315 -0.000120733 7.18846e-07 -1.50955e-05 3.3631e-05 0.000216691 7.27081e-06 -3.00335e-05 0.000194661 -1.12263e-05 -0.000220554 -0.000173802 1.64775e-07 -0.000139877 -4.41996e-05 2.51328e-05 -2.60759e-05 -1.39851e-05 7.35872e-05 2.76053e-06 8.6144e-05 -0.000170913 3.43072e-05 -2.55868e-06 0.000157336 1.92261e-07 -8.84985e-06 6.18585e-05 -3.6606e-07 -9.08354e-06 -1.5401e-05 2.27257e-05 5.90378e-05 -1.03771e-05 -7.59202e-06 2.42033e-07 -7.125e-06 -8.25147e-06 -1.678e-07 -6.13571e-06 1.84335e-05 -8.13041e-05 -7.04414e-05 8.29064e-05 2.58583e-06 8.90075e-05 5.46479e-05 -4.41756e-06 3.04852e-06 -1.48917e-06 -2.47439e-05 5.23076e-05 1.82469e-05 6.89954e-06 1.46177e-07 -0.000257167 0.000414003 0.000118028 -5.39728e-05 -1.47983e-06 -1.16179e-05 -4.52771e-06 -2.13472e-06 0.000305344 1.90144e-06 -1.15488e-06 -0.000262611 -0.00012325 -8.42929e-08 5.67604e-08 -1.62583e-06 -0.000241784 -7.21019e-07 -5.24249e-06 0.000144787 3.39822e-07 7.01468e-07 -7.12935e-06 -0.000315296 -2.49579e-06 -2.70867e-06 -4.33378e-05 -2.18877e-06 9.19694e-07 -3.95437e-05 -2.02236e-06 -2.84352e-05 -1.70249e-06 -9.04176e-05 1.55119e-06 -2.20666e-06 1.68659e-05 -0.00038926 4.18114e-06 -9.25057e-06 -3.48263e-05 3.53092e-05 -1.54727e-06 4.52717e-05 
-0.00930194 -0.000120733 0.237742 8.56296e-05 0.0123854 -0.0365672 -0.0309396 0.00120378 0.0149449 0.0474473 -0.0182051 -0.0451111 -0.0193211 -5.6773e-05 -0.0528586 0.0378313 0.000296415 0.0102538 0.0140853 0.0124008 -0.000552902 0.0207897 0.060591 -0.0210408 -0.000580692 0.0135978 -0.000287338 -0.00307356 -0.0243945 -8.78562e-06 -0.0046386 0.00611532 -0.000893999 0.0433149 -0.00287849 0.00330664 -0.000660632 -0.000954424 0.00860482 -0.000375019 0.00433887 -0.0143416 0.0161133 0.00292139 -0.0109788 -0.00153355 -0.0728573 0.0201819 -0.00146195 -0.000464696 0.0092209 -0.00621599 -0.00026533 0.0203859 -9.67373e-05 0.000238093 -0.0596593 0.0343234 0.00162861 -0.00716047 0.000541595 0.0724631 0.00194734 -0.00207069 0.00618628 0.000608558 -0.000617923 -0.0928465 -0.0827957 0.0108203 -0.00023306 0.000429916 -0.0323687 -0.000738909 0.0024786 -0.137702 -0.00138061 -0.000500842 -0.00180144 0.0569465 0.000201251 0.000223556 0.00885123 -0.00416218 -0.000331677 0.0169475 -0.000562542 0.011626 -0.00120239 -0.0271733 -0.00130561 -0.00912498 -0.00248942 -0.0267737 -0.000181238 0.00590496 -0.0187537 -0.000467669 0.00384272 0.0390735 
2.20135e-05 7.18846e-07 8.56296e-05 0.000389255 -1.29273e-05 -1.74204e-05 -0.000119183 -2.23908e-08 8.97127e-05 0.000220265 -0.000252541 -0.000293623 -0.000312244 1.69274e-06 -0.000286851 6.77858e-05 9.48934e-06 -2.70518e-06 0.000208867 9.59973e-05 5.71122e-06 3.53108e-05 -6.51056e-05 -0.000277484 3.29485e-05 3.91835e-05 3.99425e-07 8.60319e-05 0.000182719 8.03045e-06 3.08563e-06 0.000158842 8.56244e-06 -3.24703e-06 2.28077e-05 1.62029e-06 -4.95669e-07 -1.98013e-06 0.000194169 1.53534e-06 0.000123557 4.38354e-05 -1.22103e-05 -6.03257e-06 -6.65699e-06 3.4394e-05 -0.000238907 0.000237985 2.24424e-07 1.08839e-06 0.00015453 1.18878e-05 5.87204e-07 7.34517e-07 3.15118e-06 4.24256e-07 -0.000168323 -5.65498e-06 1.51501e-05 -3.58387e-05 -1.22593e-06 -0.000117489 5.30533e-06 -4.07205e-07 6.38251e-06 -1.63698e-06 8.0345e-06 -0.000255731 -4.57949e-05 0.00021375 8.66566e-06 2.29699e-06 -0.000303282 1.50693e-05 9.22313e-05 -0.000154986 1.57606e-06 1.00067e-05 -3.88609e-06 -0.000145758 4.84703e-06 2.17527e-05 2.01058e-05 -5.9522e-06 4.50407e-05 -1.73283e-05 -2.08445e-06 4.57169e-05 9.64804e-06 3.33008e-07 -3.99725e-06 -0.000230582 1.16544e-05 -0.00029678 8.84185e-06 2.12929e-06 0.000192691 4.66208e-06 0.00011935 0.000256348 
-0.000841035 -1.50955e-05 0.0123854 -1.29273e-05 0.0402805 -0.00201373 -0.00868608 -0.000180431 0.00484945 0.0143713 -0.00159931 -0.0213486 -0.000928537 -8.39613e-06 -0.0227625 0.0224345 -0.000209607 -0.00120725 -0.000182715 -0.000383861 -5.74884e-05 0.0290621 -0.00430205 -0.00455903 -0.000211006 -0.00102145 -3.66477e-05 -0.000376461 -0.00650497 -2.53165e-05 -0.000764796 -0.00070878 0.000105112 0.0117358 -0.00052374 -0.000265607 -6.97332e-05 -0.000225327 0.00157858 -5.25873e-05 -0.000746461 0.0204347 -0.0024301 -0.00428452 -0.00127219 -0.000379392 -0.0174268 0.00409222 -0.000257789 -1.56262e-06 -0.000357877 -0.00157375 1.52863e-05 0.00322028 4.21411e-06 -7.27202e-05 -0.00871288 0.00623102 0.00102378 -0.00314338 -5.94808e-05 0.0116437 4.6196e-05 -0.000360517 -0.00116712 -0.000151765 -9.15669e-05 -0.0235413 -0.00343831 0.0010731 -2.85042e-05 -0.000173931 -0.000227743 -9.39838e-05 -0.000404898 -0.015323 -0.000373448 0.00017691 -0.000590914 -0.00570188 -0.000173022 -0.000224746 -0.00125776 -0.000604505 -0.000112264 -0.00206544 -9.94669e-05 -0.000827758 -9.41134e-05 0.00184693 -0.000632707 -0.00119441 -7.17681e-05 -0.0246264 -0.000165987 -0.000124093 -0.00194195 -0.000149815 -4.15453e-05 0.0202695 
-0.00178334 3.3631e-05 -0.0365672 -1.74204e-05 -0.00201373 0.0926251 -0.00854714 -0.000351716 0.00301357 -0.0106418 -0.00839197 0.00448388 0.000712493 -3.21436e-06 0.00457729 -0.00674235 -0.00020102 -0.00312649 -0.00396973 0.00343567 -7.79325e-05 -0.00100919 -0.02223 0.0026803 -0.0002827 -0.00255564 -2.25025e-05 0.00245145 -0.00653372 -4.67637e-05 0.000124782 -0.00169164 0.00192782 -0.00877386 0.00052103 -0.00114719 -0.000111793 -0.000477119 0.000180087 4.8567e-05 -0.00174782 0.010346 -0.00986857 -0.00508059 -0.0015251 0.00265642 0.00424451 -9.43077e-05 -9.77419e-05 0.000524648 -0.00229638 -0.000626637 7.84781e-05 -0.00374298 6.14236e-05 -0.000180081 0.0141533 -0.0124823 -0.00187924 -0.00877459 -0.000180383 -0.036281 0.00187811 2.14926e-05 -0.00164081 -0.000471418 -0.000146881 0.0124188 0.046899 -0.00129722 -6.65424e-05 -0.000299799 0.00276905 0.00036177 -0.00109145 0.0238357 0.00109883 0.000368095 -0.000851628 -0.0343392 -0.000423718 -0.000401125 -0.00130329 -0.000296052 0.000515544 -0.00544425 -0.000474283 -0.00559927 0.00151712 0.0302117 -3.07922e-05 -0.00488922 0.00357892 -0.00513418 -0.000225924 -0.00168005 0.000852158 1.03473e-05 0.00225124 0.000813624 
-0.00741069 0.000216691 -0.0309396 -0.000119183 -0.00868608 -0.00854714 0.21594 -0.000660544 -0.0109466 -0.0307796 0.0474948 0.0268377 0.0143547 -2.39459e-05 0.0322801 -0.0199795 0.00110007 -0.00480917 -0.0121124 -0.00763676 -0.000659861 -0.0274661 -0.04229 0.0124042 -0.000278287 -0.00693433 0.000302794 -0.00374973 -0.0520771 -0.000258495 -0.00145456 -0.00695706 -0.000485212 0.00673233 -0.000935952 -0.00206954 -0.000254191 -0.00198221 -0.00576565 0.000143429 -0.00560109 -0.0406058 -0.024817 -0.0077287 -0.00374391 -0.00103177 0.0463364 -0.0138135 -0.00132679 -0.000399218 -0.00742719 0.00286185 -0.00011619 -0.0100211 -0.000107624 -2.06998e-05 0.0450156 0.0139715 -0.00227432 0.00289789 0.000272625 -0.0127095 -0.00177471 0.00136593 0.0115088 0.000418744 -0.000488992 0.0522384 -0.0502669 -0.00750785 -0.000176838 0.000476901 0.0182506 -0.000674115 -0.00340578 0.0288968 0.00133483 -0.000692635 0.00467976 0.00822874 -0.000406042 -0.00123859 -0.00296755 -0.00163322 -0.000827842 -0.00516944 2.62253e-05 -0.00651903 -0.000468897 -0.0393101 0.000990623 0.0103977 -0.00137924 0.0330937 1.23393e-05 -0.000654862 -0.0290998 -0.000622481 -0.00358525 -0.0541986 
-3.69204e-05 7.27081e-06 0.00120378 -2.23908e-08 -0.000180431 -0.000351716 -0.000660544 0.00460713 0.000245349 0.000507439 -0.00156333 -0.00268295 -0.0023337 1.08161e-05 -0.00201031 0.000789855 0.000424905 0.00335189 0.00238015 0.00021844 9.91994e-06 -0.000413617 0.0012812 -0.002918 9.29964e-06 -8.10467e-05 -1.18054e-06 0.000515494 -0.0010387 -4.83976e-06 -3.87808e-05 0.000464921 -5.88713e-06 0.00182067 7.33352e-06 0.000222742 -4.54034e-06 -1.68313e-05 -7.20985e-05 6.99417e-06 0.0014855 -0.000722928 -6.4574e-07 -0.000144737 -0.000135856 -2.07377e-05 -0.00282882 0.00166495 -2.61792e-05 -3.9727e-06 0.00241856 -0.000115306 -5.09057e-06 0.00342474 9.65091e-06 2.30518e-05 -0.00260859 0.000247403 3.04044e-05 -0.000319657 1.12462e-05 -0.000933446 -1.99311e-05 -1.82291e-05 -0.000125158 0.000110904 6.78834e-05 -0.00272315 -0.000817021 -5.33381e-05 -4.25039e-06 0.000222948 -0.00336838 -1.04052e-05 0.000265879 -0.00163379 4.98268e-06 -1.22675e-05 5.02243e-05 -0.000593606 0.000392056 9.5721e-05 0.000431249 -6.70441e-05 -1.19577e-05 0.00132612 -8.75086e-06 0.00232882 -7.32074e-06 -0.000480406 3.09997e-05 -0.000681441 1.33707e-05 -0.00261082 3.86911e-05 0.00011777 0.00133839 -3.66694e-06 -1.34515e-05 0.0013087 
-0.00103892 -3.00335e-05 0.0149449 8.97127e-05 0.00484945 0.00301357 -0.0109466 0.000245349 0.0386938 0.000952058 -0.0115246 -0.0239511 -0.0199154 2.06414e-05 -0.0260368 0.0191602 -7.97539e-05 0.00512122 0.00624929 0.0065211 9.88855e-07 0.0167584 0.00950518 -0.0205833 0.00184016 -0.000269476 7.64073e-05 0.0018282 -0.0037066 -3.08588e-05 -0.00059641 0.00939559 0.00108217 0.00576012 -6.55742e-05 0.00160322 -7.74455e-05 -1.40102e-05 0.00942772 -4.14381e-05 0.00154837 0.00177289 -0.000544676 -0.00114525 -0.00112533 0.00177385 -0.0262504 0.0175246 -0.000243689 1.27747e-05 0.00456251 0.00150172 8.15129e-05 0.00225988 0.000127358 -1.1595e-05 -0.00688417 0.00176952 0.00482533 -0.00379642 0.000121808 -0.00220201 0.00524255 -0.000185623 -0.00240768 -0.000114153 -6.33943e-05 -0.0258852 -0.00205347 0.00778318 0.000534725 7.19848e-05 -0.017021 0.000109274 -0.000178016 -0.0160022 -0.000263277 0.000275999 -0.000327995 -0.00411557 5.51594e-05 0.000988026 0.00995004 -0.000553602 0.000265941 0.0077817 -0.000200007 0.0018923 0.00119307 0.00923839 0.00593031 -0.0214858 0.00145529 -0.0248278 -0.000102762 0.00306538 -0.00168804 0.000955011 0.00496575 0.0218118 
-0.000188042 0.000194661 0.0474473 0.000220265 0.0143713 -0.0106418 -0.0307796 0.000507439 0.000952058 0.107866 -0.0181116 -0.0401254 -0.0230045 2.21546e-05 -0.0405333 0.0189613 0.000608046 0.000429711 0.0168784 0.0167078 -0.000117505 0.0240439 -0.0156423 -0.0136567 -0.000303503 0.0221165 -0.000116454 0.00480129 0.0181717 0.000167863 -0.0009962 0.00495079 -0.000184853 0.00914548 -0.00133246 0.00095082 -0.000213333 -0.000542601 0.0093588 -0.000143301 0.00990192 0.0303607 0.00352577 -0.00438109 -0.00287009 0.000819601 -0.0288068 0.0187971 -0.00063529 -0.000138631 0.014005 -8.9545e-05 0.000262319 0.0115559 5.83259e-05 -1.94248e-05 -0.0579694 0.0231493 0.00318724 -0.00909459 -0.000346326 0.016649 -3.9626e-05 -0.000931912 0.0228253 -0.000217756 0.00139324 -0.077655 -0.0206889 0.0141021 -0.000141518 -0.000309498 -0.0429034 0.000259593 0.00518427 -0.0408272 0.000274462 0.00047028 -0.00114882 -0.0282195 8.35783e-05 0.00049813 -0.00554789 -0.00172132 0.00134737 -0.00549965 -0.000278645 0.00844747 -0.000124845 -0.00394925 -0.00207259 -0.0061411 -0.000558751 -0.0394513 0.00178329 -8.80429e-06 0.0118015 -0.000307489 0.00470343 0.0554093 
-0.00494079 -1.12263e-05 -0.0182051 -0.000252541 -0.00159931 -0.00839197 0.0474948 -0.00156333 -0.0115246 -0.0181116 0.211931 0.0282411 0.0334786 -7.22365e-05 0.0206929 -0.00756197 -0.00280532 -0.0156089 -0.0276935 -0.0146426 1.27519e-05 -0.00990387 -0.00235166 0.0318766 -0.00485202 -0.0113157 -0.000269194 -0.0081562 -0.00202044 -0.00022847 -0.00437302 -0.0120685 -0.000887752 -0.00119608 -0.000761331 -0.00710731 -0.000733584 0.00124351 -0.012515 -9.65823e-05 -0.012131 -0.0286526 0.0279683 -0.0270014 0.00687622 -0.00418307 0.012185 -0.0239857 -0.00379334 -0.000545773 -0.0151567 -0.00948246 -0.000326443 -0.0132862 -0.000498676 -0.00100951 0.00530109 0.000698141 0.00012899 0.00532356 -0.000834682 0.0166299 -0.00388496 -0.00478876 -0.000120744 -0.00192722 -0.00136973 0.0419032 -0.0653737 -0.014665 -0.000903886 -0.00257572 0.037472 -0.00146386 -0.00776242 0.0146206 0.00184962 -0.00101811 0.0032659 0.0441388 -0.00227707 -0.00399261 -0.00458273 0.000341091 -0.00160558 -0.0112123 0.000221896 -0.0181413 -0.00125996 -0.0351085 -0.0019435 0.023643 -0.00293514 0.0335637 -0.00213621 -0.00298305 -0.0815101 -0.00137385 -0.00759949 -0.0138781 
0.00200552 -0.000220554 -0.0451111 -0.000293623 -0.0213486 0.00448388 0.0268377 -0.00268295 -0.0239511 -0.0401254 0.0282411 0.100523 0.0492966 -6.41761e-05 0.0865664 -0.0521726 -0.00338515 -0.0225635 -0.0280033 -0.0162377 -0.00105658 -0.0454203 -0.0118457 0.0437351 -0.00698391 -0.00812133 -0.000278736 -0.00915287 -0.00558243 6.31136e-05 0.00075975 -0.0194806 -0.00144172 -0.0453083 -0.00149116 -0.0098268 4.60652e-05 -7.37242e-05 -0.0155432 -5.51716e-05 -0.0156463 -0.0178126 0.00569957 -0.000687184 0.00277227 -0.00354943 0.0746041 -0.0375089 0.000557423 -0.000678768 -0.0202902 -0.00417737 -0.000165042 -0.0303474 -0.000398025 -0.000928985 0.0566637 -0.0310649 -0.00865897 0.0105913 -2.43403e-05 0.00518834 -0.00506436 0.000300061 -0.00378771 -0.00207372 -0.00177674 0.0767287 0.0211475 -0.0163703 -0.00104038 -0.00304879 0.0535737 -0.000947234 -0.00963931 0.0458972 -0.000498367 -0.000898817 0.00103544 0.0229887 -0.00305113 -0.00542461 -0.0146454 0.00167805 -0.00158357 -0.0214665 -1.27399e-05 -0.0223922 -0.00193879 0.000374775 -0.00538539 0.0328875 -0.00175683 0.07746 -0.0031378 -0.00859899 -0.0142087 -0.00076029 -0.00895553 -0.0644817 
0.000886115 -0.000173802 -0.0193211 -0.000312244 -0.000928537 0.000712493 0.0143547 -0.0023337 -0.0199154 -0.0230045 0.0334786 0.0492966 0.0616119 -0.000113398 0.045468 -0.0203135 -0.00430194 -0.0202139 -0.0271656 -0.0155256 -0.00104721 -0.0124501 -0.00708812 0.040735 -0.00692159 -0.00521662 -0.000413829 -0.00982461 -0.00853484 1.31327e-05 0.000680761 -0.0194305 -0.00144429 -0.00894835 -0.0020833 -0.008526 2.34377e-05 5.00515e-05 -0.0156917 -0.000235513 -0.0157964 -0.000449533 0.00495749 -0.0103614 0.000267829 -0.00718088 0.0403357 -0.0344197 2.59739e-06 -0.000207232 -0.0198571 -0.0101562 -0.000230869 -0.013895 -0.000435994 -0.00104801 0.0321092 -0.00884344 -0.00806141 0.00480358 -0.000147014 0.018694 -0.00541722 -0.00252254 -0.00362397 -0.00227643 -0.00178538 0.0453307 0.0125161 -0.0169079 -0.00108968 -0.00292762 0.0511214 -0.00212752 -0.00868211 0.0268241 -0.000266895 -0.000871615 0.00076278 0.0169159 -0.00263896 -0.00582337 -0.0118986 0.000859863 -0.0023464 -0.0172706 -3.49684e-05 -0.0203832 -0.00225069 -0.00224107 -0.00649511 0.0320405 -0.00153426 0.0430752 -0.00320216 -0.00398099 -0.0145421 -0.00144189 -0.0077547 -0.0330196 
2.54239e-06 1.64775e-07 -5.6773e-05 1.69274e-06 -8.39613e-06 -3.21436e-06 -2.39459e-05 1.08161e-05 2.06414e-05 2.21546e-05 -7.22365e-05 -6.41761e-05 -0.000113398 0.000224043 -5.09085e-05 -6.69652e-06 4.70644e-05 8.86002e-05 4.19344e-05 5.9472e-05 -5.60309e-07 -1.96595e-05 2.51863e-06 -0.000115939 1.47276e-05 -1.76399e-06 1.31231e-06 2.24985e-05 -4.06846e-05 -1.63958e-07 -1.53741e-06 1.65825e-05 1.01529e-07 -2.81489e-05 9.46974e-06 4.35437e-06 1.4696e-06 2.3469e-06 1.89655e-06 1.69657e-05 2.61564e-05 -3.12588e-05 -2.42618e-05 6.07951e-05 9.38306e-05 2.68263e-05 -9.04916e-05 1.57242e-05 2.29207e-07 -3.27219e-07 3.87659e-05 6.4594e-05 -1.50981e-07 4.5286e-05 4.77734e-06 3.31194e-06 -0.000143194 1.0579e-05 4.91842e-07 5.6955e-05 5.19042e-06 -0.000106067 2.13342e-05 1.49284e-05 9.78557e-06 3.32529e-06 8.21083e-06 -7.64617e-05 -3.5244e-05 7.40039e-06 3.46807e-06 1.51845e-05 -0.000111874 6.15902e-06 1.00092e-05 -1.23202e-05 5.78474e-06 4.22339e-07 -1.73852e-06 -6.44379e-05 2.84607e-05 2.42706e-05 3.27795e-06 -9.46343e-07 -5.09945e-08 5.80842e-05 -6.65802e-07 3.4607e-05 3.754e-05 -4.40825e-06 2.60361e-06 -5.64428e-05 2.83999e-06 -5.92024e-05 1.5379e-05 8.59668e-07 3.87209e-05 2.55676e-06 -3.43012e-07 5.99433e-06 
0.00207694 -0.000139877 -0.0528586 -0.000286851 -0.0227625 0.00457729 0.0322801 -0.00201031 -0.0260368 -0.0405333 0.0206929 0.0865664 0.045468 -5.09085e-05 0.112293 -0.0500669 -0.00262616 -0.02173 -0.0258837 -0.0181323 -0.00119498 -0.0426879 -0.0165592 0.040521 -0.00617271 -0.00855628 -0.000177618 -0.00806878 -0.00843763 6.79529e-05 0.0019024 -0.0206349 -0.00169074 -0.0473982 -0.000274389 -0.00969647 6.84581e-05 -0.000976908 -0.0149815 -4.60258e-05 -0.0146295 -0.0176268 0.00262506 -3.7035e-05 0.00286309 -0.00314382 0.0816484 -0.0346659 0.000701586 -6.25675e-05 -0.0185567 -0.00528462 -0.000444781 -0.0294823 -0.000468534 -0.000960096 0.0601386 -0.0301248 -0.00769268 0.0118975 0.000123989 0.000648847 -0.00506188 0.000559973 -0.0033792 -0.00181166 -0.00166791 0.0861098 0.021594 -0.0160527 -0.000899841 -0.00273082 0.051554 -0.000824267 -0.00965326 0.0480458 -0.000636074 -0.000778865 0.000912028 0.0215624 -0.00294586 -0.00523136 -0.0171188 0.00179632 -0.00151544 -0.0256401 -0.000157682 -0.0200958 -0.00161953 -0.00248945 -0.00526641 0.030553 -0.00149168 0.0749037 -0.00276367 -0.00794542 -0.0127336 -0.000977151 -0.00953824 -0.0698737 
-0.00178947 -4.41996e-05 0.0378313 6.77858e-05 0.0224345 -0.00674235 -0.0199795 0.000789855 0.0191602 0.0189613 -0.00756197 -0.0521726 -0.0203135 -6.69652e-06 -0.0500669 0.0687531 5.98983e-05 0.0105896 0.0111869 0.00441423 -5.88181e-05 0.0369982 0.00780157 -0.0258443 0.000686818 -0.000788567 -6.28972e-05 0.000589124 -0.000270698 -3.34427e-05 -0.00132698 0.00592097 -0.000111261 0.0297705 -0.000236281 0.00270402 -0.000139274 0.000340647 0.0080219 -8.61011e-05 0.00142663 0.00958688 -0.00761915 -0.00335419 -0.00206092 -0.000619173 -0.0499049 0.0212099 -0.000467549 -4.71215e-05 0.00677067 -0.000472556 -3.879e-05 0.0164868 0.000127913 0.000267779 -0.028274 0.0152503 0.00524629 -0.00553419 3.84138e-05 0.00658633 0.00274602 -0.000205106 -0.00237155 0.000973219 -0.000155961 -0.0458793 -0.0163737 0.00733054 0.000196009 0.000987736 -0.0197141 -0.000148137 -9.13214e-05 -0.0265892 -0.000672868 7.49282e-05 -0.000987147 -0.0058845 0.00056985 0.000698166 0.0093083 -0.00108864 4.72232e-06 0.00983396 -0.000304881 0.00531132 -7.7316e-05 -0.000608371 0.0033773 -0.0139753 -0.000518157 -0.0423847 -0.000286145 0.00574767 0.0036635 0.000150564 0.00210791 0.0411825 
-4.13885e-05 2.51328e-05 0.000296415 9.48934e-06 -0.000209607 -0.00020102 0.00110007 0.000424905 -7.97539e-05 0.000608046 -0.00280532 -0.00338515 -0.00430194 4.70644e-05 -0.00262616 5.98983e-05 0.00508589 0.00337635 0.0019549 0.00172791 1.31022e-05 -0.000447464 0.000814038 -0.00362249 0.00151487 0.000116958 8.62172e-05 0.000605102 -0.000574555 -4.73204e-06 -3.19555e-05 0.000441105 0.000287859 0.00010569 0.000154871 0.000932593 -8.11293e-06 0.000178587 0.000245349 0.000142014 0.00135229 -0.000692397 -0.000444588 0.00190181 0.00041965 0.000544941 -0.00321531 0.000509517 -2.59612e-05 1.07305e-05 0.00136623 0.00153478 3.57128e-06 0.0016098 0.000127844 0.000120988 -0.00341958 0.00145782 -6.37013e-05 -0.00036022 1.51624e-05 -0.00318423 2.95764e-07 0.000916515 0.000180772 0.000585933 0.00036088 -0.00330492 -0.00101927 0.000398688 7.2864e-05 0.000565931 -0.00384799 8.52674e-05 0.000799649 -0.00201409 0.000131519 -2.31344e-06 -2.03495e-05 -0.00159685 0.000654464 0.000736427 0.0011387 -6.06173e-05 3.94713e-05 0.00272274 4.67157e-07 0.00276175 3.78277e-05 -0.000548956 0.000213578 -0.00217993 0.000337785 -0.0028002 0.00130318 -2.09142e-05 0.000916451 -1.71413e-05 0.000148567 0.0007399 
-0.000735498 -2.60759e-05 0.0102538 -2.70518e-06 -0.00120725 -0.00312649 -0.00480917 0.00335189 0.00512122 0.000429711 -0.0156089 -0.0225635 -0.0202139 8.86002e-05 -0.02173 0.0105896 0.00337635 0.0367246 0.0128379 0.00395082 0.000616852 -0.00143878 0.0151748 -0.0246879 0.00436065 -0.000216161 0.000255109 0.00229399 -0.00496879 -4.07035e-05 -0.000553326 0.00658346 -1.7148e-05 0.0103483 0.000306157 0.00879611 0.00010305 0.000401529 -0.00023348 0.000117216 0.00600671 -0.00290464 -0.000880639 0.00880097 0.000331227 0.00141071 -0.0250955 0.008594 -0.000198801 -3.47507e-05 0.006592 0.0077363 -3.42971e-05 0.0176466 9.61036e-05 0.00117723 -0.0246659 0.00488592 0.00160479 -0.00150774 0.000208504 -0.0135286 0.00121854 0.00244343 -0.00200833 0.00324632 9.95598e-05 -0.0260032 -0.00782396 -0.000351066 0.000257528 0.00307484 -0.0222496 0.000171404 0.00385534 -0.0144334 0.000161357 -9.11111e-05 -0.000303184 -0.00130473 0.00381633 0.00329745 0.0120338 -0.000530012 0.000113489 0.0243369 0.000244903 0.0155508 0.000568452 -0.0022416 0.00294859 -0.0113886 -3.72205e-05 -0.0161178 0.000831148 0.0058297 0.00494983 0.000846684 0.000344171 0.00450122 
-0.000202933 -1.39851e-05 0.0140853 0.000208867 -0.000182715 -0.00396973 -0.0121124 0.00238015 0.00624929 0.0168784 -0.0276935 -0.0280033 -0.0271656 4.19344e-05 -0.0258837 0.0111869 0.0019549 0.0128379 0.0397056 0.000726224 0.000272945 0.000475235 0.0036854 -0.0272877 0.00200045 0.00126155 -3.33951e-05 0.00537584 -0.000538139 2.60063e-05 -0.00033721 0.0124097 -0.000104742 0.00809168 -0.000605372 0.00883899 0.000139075 3.16492e-06 0.0120778 -1.91789e-05 0.0164491 -0.00329484 -0.00426399 -0.000979977 -0.00112376 -0.000365255 -0.0233359 0.0217511 -0.000173922 -3.65788e-05 0.0216077 0.00290287 2.12688e-05 0.012271 0.000379811 0.000438892 -0.0138529 -0.00406006 -0.000218796 -0.00396619 -0.000140539 -0.0140989 0.000949691 -0.000260486 -0.000170437 0.000723221 0.00154979 -0.0251447 -0.00710956 0.0145616 0.000256465 0.00141698 -0.0291083 -5.21465e-05 0.0101564 -0.014052 -1.90902e-05 0.000745165 -0.000518656 -0.0147896 0.00299027 0.00418944 0.00305185 -0.000498526 0.000904084 0.00756346 9.2414e-05 0.0213679 0.000140184 -0.00141289 0.000631259 -0.0163433 -0.000161485 -0.0264751 0.00204526 0.00313973 0.0272669 -0.000121949 0.000730243 0.0190958 
-0.000432362 7.35872e-05 0.0124008 9.59973e-05 -0.000383861 0.00343567 -0.00763676 0.00021844 0.0065211 0.0167078 -0.0146426 -0.0162377 -0.0155256 5.9472e-05 -0.0181323 0.00441423 0.00172791 0.00395082 0.000726224 0.0342925 0.000192805 0.00523818 -0.00168157 -0.0068804 0.000498048 0.0127219 1.00214e-05 0.00261586 0.0110735 -3.00965e-05 0.000622134 0.000985314 0.00148146 0.00218359 0.00135854 0.000422356 -3.61064e-05 0.00022192 0.00241603 0.000203836 -0.000260267 0.0023503 -0.00291412 0.00417158 0.000450914 0.00507584 -0.0152046 0.0108763 -0.00010285 0.000169129 0.000129002 0.00441103 0.000155307 0.00604219 0.000118285 2.05474e-05 -0.0201792 0.0112278 0.00130611 -0.0032289 -3.80016e-05 -0.000156843 0.00373358 0.000936144 0.00444761 -0.000101528 -6.92304e-05 -0.0231285 -0.00328582 0.00278624 -2.30485e-05 0.00052528 -0.0263948 0.00117494 -0.00028286 -0.0139523 0.000540405 -6.34032e-07 -5.47216e-05 -0.0131646 0.000248302 0.00110664 0.000511071 -0.000513324 0.00117306 0.00335863 -0.000145033 -9.48304e-05 0.00149721 0.00701212 0.000189586 -0.0071231 0.00166589 -0.0142875 0.000237978 -0.000557063 -0.0018089 0.000226967 0.00834489 0.015601 
-6.39365e-05 2.76053e-06 -0.000552902 5.71122e-06 -5.74884e-05 -7.79325e-05 -0.000659861 9.91994e-06 9.88855e-07 -0.000117505 1.27519e-05 -0.00105658 -0.00104721 -5.60309e-07 -0.00119498 -5.88181e-05 1.31022e-05 0.000616852 0.000272945 0.000192805 0.00274563 -4.74586e-05 0.000651076 -0.000408306 0.00055722 -7.40987e-05 2.3324e-05 0.000287388 0.000151619 1.1288e-05 -3.80208e-05 0.000640713 1.47034e-05 0.000454991 0.000606116 0.000483933 -2.04794e-06 1.25198e-05 -3.92717e-05 1.67421e-05 0.000470844 -2.43843e-05 0.000186814 0.000788914 0.000100671 0.000353814 -0.00126335 -2.60517e-05 -1.02959e-05 2.55492e-07 -3.56574e-05 0.000978336 6.66312e-06 0.000181836 -1.69649e-06 1.229e-05 -0.00131565 0.000301461 -1.74388e-06 -0.000223692 -8.29414e-06 -0.000763366 7.83025e-05 4.85158e-05 -5.086e-05 0.000186026 4.8781e-06 -0.000824705 -0.000331119 -5.57825e-05 8.07695e-05 9.28701e-05 -0.000940119 0.000191877 0.000218717 -0.000727231 1.89885e-05 -3.63525e-06 -2.17279e-05 -0.000312712 1.07533e-05 0.000508153 0.000181031 -3.13513e-05 2.03643e-05 0.000968603 2.31312e-05 0.000180281 0.000140448 -0.000329172 -1.01448e-05 -0.000760077 -2.3968e-06 -0.000357322 2.77192e-05 4.69952e-05 -8.28474e-05 5.62495e-05 9.42558e-06 -0.000248742 
-0.00245553 8.6144e-05 0.0207897 3.53108e-05 0.0290621 -0.00100919 -0.0274661 -0.000413617 0.0167584 0.0240439 -0.00990387 -0.0454203 -0.0124501 -1.96595e-05 -0.0426879 0.0369982 -0.000447464 -0.00143878 0.000475235 0.00523818 -4.74586e-05 0.0924663 -0.00611815 -0.0118022 0.00114777 0.00418813 -5.078e-05 -0.000442924 -0.00334296 -8.69644e-05 0.000648697 0.00483722 0.000401988 0.0271998 0.000506023 -0.000571048 -0.000165281 -0.000737072 0.00647419 -0.000126615 -0.0010967 0.0347691 -0.00480822 -0.00931177 -0.00266746 -0.000590477 -0.040602 0.0124496 -0.000639187 0.000614447 0.000883115 -0.00340669 0.000466235 0.00533615 -1.91548e-06 -0.000163574 -0.0196568 0.022958 0.00670603 -0.00326618 -5.16095e-06 0.0189281 0.00262768 -0.000802278 -0.00118538 -0.000242386 -0.000145861 -0.0527786 -0.00555374 0.00591842 0.000499354 -0.000409779 -0.0130101 -0.000284626 -0.000630518 -0.0350323 0.000505912 0.00047053 -0.00115692 -0.0124219 -0.000417358 -0.000178276 0.00200689 -0.00149398 -0.000199717 -0.00206433 -0.000257237 -0.00124952 -0.000249755 0.0122015 0.00287498 -0.0123955 0.00194077 -0.0595329 -0.000309611 0.000806253 -0.00713172 0.000629654 0.00537081 0.0522334 
-0.00618505 -0.000170913 0.060591 -6.51056e-05 -0.00430205 -0.02223 -0.04229 0.0012812 0.00950518 -0.0156423 -0.00235166 -0.0118457 -0.00708812 2.51863e-06 -0.0165592 0.00780157 0.000814038 0.0151748 0.0036854 -0.00168157 0.000651076 -0.00611815 0.180379 -0.014031 0.00370097 -0.00260702 0.000120668 -0.00328061 -0.0261323 -3.1918e-05 -0.0028952 0.00759946 -0.000684614 -0.0037199 -0.00107565 0.00564567 -0.000286015 -9.99759e-05 -0.00212842 -0.000236307 0.00162017 -0.0303049 0.0115375 0.00996027 -0.00519547 -0.00107168 -0.0300193 -0.000837156 9.57579e-05 -0.000333004 0.000455993 0.0052744 -0.000246419 0.0120337 -0.000140975 -7.22131e-05 -0.0259593 -0.00474382 0.00314171 -0.00460877 0.000804228 0.0348399 0.000983785 -0.000283033 -0.0134067 0.00174764 -0.000188789 -0.0217061 -0.0404532 -0.00279425 0.000347687 0.00150764 -0.00545933 -0.000135461 0.00222286 -0.0826669 -0.00189276 -0.000566836 -0.00231929 0.0797082 0.00161634 0.0035095 0.00908189 -0.000424106 -0.000601858 0.0325479 0.000623363 0.0061862 0.000298412 -0.0251863 0.00255604 -0.00773993 -0.00166675 -0.00142287 0.000215138 0.00428767 -0.0111254 0.00117067 -0.0020943 -0.0059216 
0.00113026 3.43072e-05 -0.0210408 -0.000277484 -0.00455903 0.0026803 0.0124042 -0.002918 -0.0205833 -0.0136567 0.0318766 0.0437351 0.040735 -0.000115939 0.040521 -0.0258443 -0.00362249 -0.0246879 -0.0272877 -0.0068804 -0.000408306 -0.0118022 -0.014031 0.0556733 -0.00557385 -0.000370284 -0.000303518 -0.00672126 0.00484806 2.12481e-05 0.000817852 -0.0184515 -0.000663801 -0.0116421 -0.000248512 -0.0103134 -7.73032e-05 -0.000178806 -0.0164103 -8.43568e-05 -0.0141862 0.00117358 0.00591777 -0.00614032 0.00053321 -0.00244098 0.0399226 -0.0277858 0.000218087 5.52552e-05 -0.0181327 -0.00733465 -0.000272192 -0.0175711 -0.000415863 -0.00115411 0.0251871 -0.00252972 -0.00492668 0.00307146 -0.000241752 0.018121 -0.00513912 -0.0025067 0.00227533 -0.00235015 -0.00179013 0.0406207 0.0117712 -0.0155742 -0.000839613 -0.00264016 0.0401196 -0.000613718 -0.0100149 0.0243532 0.000146311 -0.000759045 0.000662117 0.00670436 -0.00363746 -0.00451883 -0.0142308 0.000835881 -0.00154137 -0.0203903 4.8659e-05 -0.0221447 -0.00133781 -0.000629247 -0.00632458 0.0301769 -0.000771702 0.0399587 -0.00263279 -0.00665818 -0.0156033 -0.0011839 -0.00484617 -0.0257847 
-0.0001639 -2.55868e-06 -0.000580692 3.29485e-05 -0.000211006 -0.0002827 -0.000278287 9.29964e-06 0.00184016 -0.000303503 -0.00485202 -0.00698391 -0.00692159 1.47276e-05 -0.00617271 0.000686818 0.00151487 0.00436065 0.00200045 0.000498048 0.00055722 0.00114777 0.00370097 -0.00557385 0.0082127 -0.00016188 0.000389099 0.00125169 -0.00150776 -5.91793e-06 2.02569e-05 0.00406639 4.12431e-05 0.00173822 0.00180367 0.00256788 -1.51232e-05 -3.67356e-05 0.000423825 6.64372e-05 0.0017501 -0.000368681 -0.000478825 0.0024633 -0.000216356 0.000808183 -0.00550643 0.000631834 1.87152e-05 0.000275429 0.000367166 0.00372767 1.21484e-05 0.00157208 4.52143e-05 6.68872e-05 -0.00515645 0.000381793 0.00176822 -0.000793646 0.000189239 -0.00470964 0.000442603 0.000164347 0.000179591 0.00126578 0.000651977 -0.00525894 -0.00122658 0.000429259 0.000788457 0.00121108 -0.006189 0.000572422 0.00195635 -0.00345635 3.07943e-05 4.43946e-05 -0.000111978 -0.000485067 0.000318148 0.00218486 0.00510992 -8.93421e-05 3.38075e-05 0.00555765 0.000126687 0.00360093 0.000627269 -0.000525724 0.00181661 -0.00732772 0.000266728 -0.00572541 0.00176149 0.000401904 0.000294614 0.000606515 0.000208328 4.46789e-06 
-0.000168001 0.000157336 0.0135978 3.91835e-05 -0.00102145 -0.00255564 -0.00693433 -8.10467e-05 -0.000269476 0.0221165 -0.0113157 -0.00812133 -0.00521662 -1.76399e-06 -0.00855628 -0.000788567 0.000116958 -0.000216161 0.00126155 0.0127219 -7.40987e-05 0.00418813 -0.00260702 -0.000370284 -0.00016188 0.0314616 2.47582e-05 0.000954564 0.00733512 3.14297e-05 0.000302491 0.000701825 0.000100933 0.00161103 0.000448926 -8.2672e-05 -5.06096e-05 -0.000232862 -0.000204219 -2.61816e-05 0.000488659 0.00451956 -0.000826296 -0.0011411 -0.000167481 0.00103116 -0.00654414 0.00251471 0.000309299 7.56944e-06 0.000386421 0.00182981 6.24091e-05 0.00348434 2.62219e-05 -4.1948e-05 -0.019597 0.0109925 0.000484208 8.29408e-05 -8.31556e-05 0.00648435 -4.0355e-05 0.000315897 0.00969847 9.24968e-05 0.000289641 -0.0216341 -0.00707565 0.00160454 -3.76909e-05 -5.3017e-05 -0.0209161 0.000380479 0.000307751 -0.0108651 0.000238201 -3.46014e-05 6.22047e-05 -0.00867967 -0.00012299 0.000295786 -0.000930625 -0.000177299 0.00075327 -0.00110541 -9.89927e-05 -0.00036859 4.90523e-05 0.000763493 -0.000420979 -0.000857968 4.49305e-05 -0.00894858 0.000337233 -0.000509881 -0.00198249 0.000262438 0.00362491 0.0133203 
-2.64041e-05 1.92261e-07 -0.000287338 3.99425e-07 -3.66477e-05 -2.25025e-05 0.000302794 -1.18054e-06 7.64073e-05 -0.000116454 -0.000269194 -0.000278736 -0.000413829 1.31231e-06 -0.000177618 -6.28972e-05 8.62172e-05 0.000255109 -3.33951e-05 1.00214e-05 2.3324e-05 -5.078e-05 0.000120668 -0.000303518 0.000389099 2.47582e-05 0.00104471 0.000204404 -0.0001134 -7.32949e-07 2.87038e-06 0.000182898 -2.62296e-06 -0.000119256 9.60549e-05 1.23334e-05 -1.71639e-06 -6.19247e-07 -1.89333e-05 1.15203e-06 -1.11094e-05 -0.000159206 -8.30697e-05 0.000168641 -3.44035e-06 0.000239397 -0.000233287 -3.7024e-05 1.34128e-05 -1.36152e-06 -2.28078e-05 0.000352106 7.75388e-07 2.36765e-05 2.92425e-06 -1.30431e-06 -0.000239378 -7.20675e-05 0.000161697 -3.4841e-05 9.30628e-06 -0.000390456 -4.05157e-06 2.3599e-05 0.000124713 2.86068e-05 3.74471e-05 -0.000250014 -0.000202436 -2.47934e-05 0.00012099 4.51808e-05 -0.000339927 4.2492e-05 4.36135e-06 -0.000165385 1.54051e-05 -2.6125e-06 -9.24796e-06 -2.04922e-05 -6.40291e-07 7.67402e-05 0.00032784 4.31755e-05 -2.22917e-06 0.000276221 -2.8028e-06 5.00375e-05 7.30221e-05 -0.000113111 0.000133647 -0.000361832 -7.09251e-06 -9.46819e-05 0.000147026 -1.15833e-05 -0.000115303 0.000137388 -6.4622e-06 -0.000152722 
3.68762e-05 -8.84985e-06 -0.00307356 8.60319e-05 -0.000376461 0.00245145 -0.00374973 0.000515494 0.0018282 0.00480129 -0.0081562 -0.00915287 -0.00982461 2.24985e-05 -0.00806878 0.000589124 0.000605102 0.00229399 0.00537584 0.00261586 0.000287388 -0.000442924 -0.00328061 -0.00672126 0.00125169 0.000954564 0.000204404 0.0158707 0.00520097 7.05282e-06 -9.60079e-05 0.00484054 0.000740418 -0.000918679 0.00108119 -3.74581e-05 -2.94209e-05 -9.23717e-05 0.00234107 9.44223e-06 0.00516274 0.00437739 -0.000695956 0.00220915 -0.000464928 0.00309309 -0.00887967 0.00731125 0.00042746 5.87957e-06 0.00515834 0.00100967 2.94637e-05 0.0020152 0.000161192 4.58203e-05 -0.00752109 -0.0013596 0.000616512 -0.00109946 -3.84927e-05 -0.00705947 0.000880333 0.00016884 0.00157088 -2.83813e-05 0.00155198 -0.00749611 0.00161295 0.00212404 0.00030135 0.000328623 -0.00979667 0.0012883 0.00280401 -0.00420372 7.85908e-05 0.000177946 -0.000169073 -0.00505094 0.000320612 0.00129146 -7.9284e-05 -0.000134845 0.00162709 -0.000360183 -7.58638e-05 0.00334966 0.00155194 0.000444286 -0.00013292 -0.00626157 0.00057219 -0.00829436 0.00158424 -8.71614e-05 0.00518732 0.000174134 0.00144035 0.0072541 
0.0107021 6.18585e-05 -0.0243945 0.000182719 -0.00650497 -0.00653372 -0.0520771 -0.0010387 -0.0037066 0.0181717 -0.00202044 -0.00558243 -0.00853484 -4.06846e-05 -0.00843763 -0.000270698 -0.000574555 -0.00496879 -0.000538139 0.0110735 0.000151619 -0.00334296 -0.0261323 0.00484806 -0.00150776 0.00733512 -0.0001134 0.00520097 0.198018 0.00010965 -0.00157128 -0.000112281 0.000518085 -0.0253016 0.00201516 -0.00280614 -7.12017e-05 0.000668625 2.24759e-05 0.00026667 0.00119177 0.0200963 0.0188587 0.00830984 0.00708239 0.00451055 -0.0338264 0.00550225 -0.00108383 0.000206235 0.00283521 0.00679082 -8.62813e-05 -0.00453625 2.22366e-05 0.000225418 -0.0484873 0.00504149 0.00611543 -0.00323092 -0.000716809 -0.0609879 -0.000488916 0.00194107 -0.000660333 -0.000681035 -0.000511511 -0.00799995 0.019724 0.00232421 -0.000126206 -0.000480064 -0.017525 0.00151205 -0.00148475 0.0147472 0.001255 -6.40557e-05 9.68554e-05 -0.0280027 -0.000781998 -0.000417454 -0.0157115 0.00281671 0.00152587 -0.0107762 -0.000896092 -0.0105238 0.000740333 0.0187646 -0.00339115 0.00304779 -0.000996015 -0.00374827 -0.000682798 -0.00362964 0.0102907 0.000326875 0.00193646 0.0215328 
-2.02658e-05 -3.6606e-07 -8.78562e-06 8.03045e-06 -2.53165e-05 -4.67637e-05 -0.000258495 -4.83976e-06 -3.08588e-05 0.000167863 -0.00022847 6.31136e-05 1.31327e-05 -1.63958e-07 6.79529e-05 -3.34427e-05 -4.73204e-06 -4.07035e-05 2.60063e-05 -3.00965e-05 1.1288e-05 -8.69644e-05 -3.1918e-05 2.12481e-05 -5.91793e-06 3.14297e-05 -7.32949e-07 7.05282e-06 0.00010965 0.00116166 -1.19871e-05 -3.8623e-06 -2.43405e-06 -0.000228566 -1.70024e-05 -1.21624e-05 6.8274e-06 -4.41793e-06 -3.38308e-06 1.14465e-06 -1.32215e-05 0.000182361 -2.63687e-05 -3.5658e-05 -1.895e-05 3.24692e-06 8.95097e-05 -2.59476e-06 -4.36374e-06 -1.79996e-06 9.22062e-06 -1.52127e-05 8.37441e-07 -4.18744e-05 4.18245e-07 -1.45442e-06 -0.000621803 -8.93986e-05 0.000116151 0.000115164 -8.05595e-07 0.000201826 -5.8633e-06 8.17347e-06 2.34268e-06 1.98015e-06 -7.77933e-09 -0.000306298 5.40069e-05 3.55059e-05 -1.39538e-06 -4.38041e-06 -2.59213e-05 6.17249e-07 -5.11404e-06 -0.000162575 -8.59115e-06 2.81108e-06 -1.46283e-05 0.000219365 -3.63352e-06 -6.58724e-06 -3.39419e-05 -1.56036e-05 -1.53702e-06 -2.83431e-05 2.34981e-05 -4.92924e-05 1.35401e-06 -0.000135762 -1.7731e-05 3.60555e-05 -8.22876e-06 4.15412e-05 2.14656e-06 -1.22666e-05 8.41602e-06 2.82891e-06 -1.11229e-05 1.91984e-05 
-0.000438426 -9.08354e-06 -0.0046386 3.08563e-06 -0.000764796 0.000124782 -0.00145456 -3.87808e-05 -0.00059641 -0.0009962 -0.00437302 0.00075975 0.000680761 -1.53741e-06 0.0019024 -0.00132698 -3.19555e-05 -0.000553326 -0.00033721 0.000622134 -3.80208e-05 0.000648697 -0.0028952 0.000817852 2.02569e-05 0.000302491 2.87038e-06 -9.60079e-05 -0.00157128 -1.19871e-05 0.0193523 -0.000444057 6.27369e-05 -0.00078771 0.000780648 -0.000139898 4.4048e-05 -0.000136177 -0.000287115 -3.09427e-05 -0.00033508 -0.000154214 -0.000310151 -0.00119995 -0.000568677 8.10382e-05 0.00159456 -0.000678465 -0.000101879 0.000396733 -0.000407407 -0.000720619 4.17292e-05 -0.000309281 2.53099e-05 -3.07754e-05 0.00304486 -0.00182324 -0.000167273 -0.00149468 9.46508e-05 0.00175096 -5.91039e-05 -0.000134035 -0.000555807 -4.17072e-05 7.78696e-07 0.00305029 0.004721 -0.000113562 -3.9587e-06 2.24827e-05 -0.000568806 -1.27401e-05 -0.00021141 -0.00264655 0.00145419 0.000154482 -6.98209e-05 -0.00419164 -4.25287e-06 4.08462e-06 -0.000605828 7.43765e-05 2.47465e-05 -0.000714993 -4.10453e-05 -0.000736268 -4.06569e-05 -0.000692634 -0.000211584 -0.000539662 0.000726625 0.000349157 -4.38474e-05 -9.3965e-05 0.00151062 -6.90233e-05 -6.08957e-06 -0.00253756 
-0.000490292 -1.5401e-05 0.00611532 0.000158842 -0.00070878 -0.00169164 -0.00695706 0.000464921 0.00939559 0.00495079 -0.0120685 -0.0194806 -0.0194305 1.65825e-05 -0.0206349 0.00592097 0.000441105 0.00658346 0.0124097 0.000985314 0.000640713 0.00483722 0.00759946 -0.0184515 0.00406639 0.000701825 0.000182898 0.00484054 -0.000112281 -3.8623e-06 -0.000444057 0.023803 -4.28048e-05 0.00267597 0.000615995 0.0043613 3.21036e-08 -0.000220537 0.00854297 5.52123e-05 0.0107242 -0.00027762 0.000106772 0.000326643 -0.000687098 0.000510731 -0.0168677 0.0102392 -0.000105103 -1.75496e-05 0.00895428 0.00339848 8.51376e-05 0.00199504 0.000203572 0.000155829 -0.0133234 -0.000770453 0.00454989 -0.00237243 8.45234e-05 -0.00802844 0.00240952 -0.000115837 -0.000249422 0.000400924 0.00162571 -0.0170394 -0.00559673 0.00830891 0.00098042 0.000313554 -0.0192844 0.000704059 0.00785178 -0.0102733 -2.88043e-05 0.000252292 -0.000332099 -0.00365413 0.000707896 0.00401028 0.00860179 -0.000340504 0.000952057 0.00866926 -6.86204e-06 0.00858754 0.0011289 -0.000593434 0.00573133 -0.0188351 -6.64403e-05 -0.0176632 0.00172484 0.00224442 0.00702794 0.000892877 0.00193834 0.0105169 
0.000137951 2.27257e-05 -0.000893999 8.56244e-06 0.000105112 0.00192782 -0.000485212 -5.88713e-06 0.00108217 -0.000184853 -0.000887752 -0.00144172 -0.00144429 1.01529e-07 -0.00169074 -0.000111261 0.000287859 -1.7148e-05 -0.000104742 0.00148146 1.47034e-05 0.000401988 -0.000684614 -0.000663801 4.12431e-05 0.000100933 -2.62296e-06 0.000740418 0.000518085 -2.43405e-06 6.27369e-05 -4.28048e-05 0.00292975 -0.000129712 0.000140422 -2.41003e-05 -3.24881e-06 2.64252e-06 0.000571118 3.39822e-05 -4.17453e-05 0.00120037 6.56977e-05 0.00016271 0.000106106 0.000757398 -0.00191164 0.000807164 -1.79099e-05 0.000131433 -2.6788e-05 -4.16437e-05 0.000147189 -9.78973e-05 3.63361e-05 7.46122e-07 -0.00073112 0.000221965 5.97028e-06 -0.000260702 1.68081e-06 -0.00192891 0.000191526 5.02082e-05 0.000195146 -7.10598e-06 -4.70894e-07 -0.00174351 0.00151965 0.000315597 7.47466e-06 -1.12782e-06 -0.00135723 1.33564e-05 6.68208e-06 -0.00044063 0.000116904 0.000129291 1.35416e-05 -0.00120858 5.1389e-06 1.02698e-05 -0.000172691 -4.3468e-05 0.000114552 -9.94003e-05 -1.47512e-05 -0.000148216 0.000187954 0.00167557 -3.01154e-05 -0.00150373 0.00147753 -0.0021225 6.67719e-05 -4.03457e-05 -0.000413215 9.71095e-06 0.00117169 0.00169129 
