0.0793395 -0.00785918 -0.0101406 9.3299e-05 -0.00558196 -0.000332543 -9.78881e-05 -0.000487853 0.000244643 -0.0018591 -0.0430596 -0.0070609 -0.00429804 0.0048232 0.0561862 -1.38331e-05 -0.0177084 0.0201389 0.00447756 -0.0379741 -0.000733704 -0.00817794 0.000174738 0.0296661 0.00534446 -0.0126292 -0.00117373 0.0531932 -0.0404879 -0.0214643 7.41916e-05 -0.0426586 0.00187558 -0.00810327 0.0159698 -0.000496411 0.0100209 -0.000526985 0.0220572 -0.000392839 -1.48836e-05 -0.000650467 -0.000995989 -0.00263025 0.000336711 0.00030866 2.68755e-05 -0.00250933 0.0012748 0.000223991 0.0419673 -0.010712 0.00190323 -0.00279913 -0.0206513 -0.00289689 -0.000899837 0.0205071 0.000150794 -5.56144e-06 -0.00940752 -8.31481e-05 -0.00599072 0.000323998 0.0233624 -0.00393222 -0.0180253 -0.000105554 0.0187554 -0.0273732 0.0427752 -2.33851e-05 0.0026914 -0.0041517 0.00361616 -0.00201768 -0.000291266 -0.00385084 -0.000278527 0.0011092 -0.00608357 -0.0377669 -4.49734e-06 -0.000354762 -0.00164168 0.00245404 -0.0120748 -0.00017849 -0.000897546 -0.00048917 0.0493284 -0.000765146 -0.0292384 -0.0296608 -0.000189469 -0.002467 0.000185506 -0.000467715 0.00091751 -2.80533e-06 
-0.00785918 0.0846627 -0.0111592 0.00113074 -0.00629012 -0.000332516 -9.37254e-05 -0.00638962 0.00361127 -0.00194837 -0.0110187 0.0218936 0.00374843 0.00599714 -0.0115808 -0.00131965 -0.0245659 -0.0522924 -0.00166759 0.0140929 -0.0361056 0.0264716 0.000214356 0.0185468 -0.00860674 0.0155525 0.00148104 -0.0102777 -0.0157773 0.0436161 0.00466892 -0.0122556 0.0375105 0.00281868 -0.0557925 4.52173e-05 -0.00364697 -0.00054701 -0.0036516 0.000652064 1.04654e-05 -0.000697072 0.00594732 0.0128231 -8.61259e-05 0.00044596 5.47292e-05 0.00775502 0.000935876 -0.000126379 -0.019613 0.00200307 0.00349885 0.0214847 -0.00650651 0.00226197 0.00328195 -0.0122736 0.00364872 -1.23327e-05 0.00716889 -7.01691e-05 0.0213336 -0.00266356 -0.0267946 0.00737116 0.0135347 -0.00010287 -0.00486691 0.0262235 -0.0304344 -1.06959e-05 0.00465111 -0.0251314 -0.000547873 0.0179944 -0.000276009 -0.0107199 0.00190021 0.00114848 -0.00535437 -0.00382464 2.05512e-05 -0.000360055 0.014066 -0.000627654 -0.00642101 0.00102121 0.00494602 0.00419814 -0.0218335 0.000224873 -0.0243087 -0.00950818 0.0020217 0.0220427 -0.0001168 0.000308244 -0.00457861 4.02164e-06 
-0.0101406 -0.0111592 0.125771 -0.000180649 0.00894828 -0.0001491 0.000640135 0.0089599 -0.000609642 0.00921194 0.0179012 -0.00788286 0.000321952 -0.0022479 -0.0182253 -0.0035279 0.0184206 -0.0180244 -0.0116836 -0.0137202 0.0173836 -0.0163895 -0.00214887 -0.0513963 -0.00038139 -0.0314316 -0.000574025 -0.0202507 0.00594217 -0.0360113 -0.000503306 0.0383587 -0.0146429 -0.0133687 0.00264288 -0.000701686 -0.0068418 -0.000216449 -0.00545122 0.00179736 -1.77423e-05 -0.00117094 -0.00105772 -0.00401368 -0.00013568 -0.000976275 -5.16712e-05 -0.00183491 -0.000951874 -0.000149789 -0.0257773 -0.0187718 0.0237324 -0.00554908 -0.0147327 -0.00395657 -0.00126456 -0.00278332 -1.42981e-05 -2.03201e-05 -0.0151545 -0.000167698 -0.00885514 -0.00655258 0.0414389 0.0108248 -0.0117689 -0.00064599 -0.0101499 0.0362228 -0.0350948 -4.16459e-05 -0.00313276 0.0373547 -0.000887475 -0.00213911 0.00056119 0.0103677 -0.000493969 -0.000781221 0.0201621 0.0120077 -3.93438e-06 -0.000587814 -0.00208742 -0.00253022 -0.0169351 -0.000258508 -0.000841085 -0.000509034 -0.0287965 -0.00114813 0.0494451 0.0471658 -0.000295002 -0.00435529 -0.000179261 -0.000682263 -0.00941351 -2.88366e-06 
9.3299e-05 0.00113074 -0.000180649 0.00279465 0.000135823 -1.10733e-05 -3.13507e-06 -4.18862e-05 0.000263162 0.000133861 -0.001506 0.000511478 0.000147691 0.000748795 0.000174074 9.37791e-05 -0.000400641 -0.000786874 6.78578e-05 -0.00123421 -0.00132238 0.000918726 1.36326e-05 0.00038616 0.000354021 6.77535e-05 -8.93619e-06 -5.51369e-05 -0.00149667 0.000341618 0.000305561 -0.00112884 0.000527733 -0.000202756 -0.000881066 0.000142972 9.54609e-05 -1.33682e-05 8.03724e-05 2.76872e-05 8.39415e-07 7.79892e-05 -2.15737e-05 0.000643755 1.96977e-06 6.49311e-06 1.11986e-05 0.00061003 0.000240326 1.12838e-05 -0.00016691 -0.000361113 0.000208207 0.000844091 -0.000569977 8.66427e-05 8.39488e-06 -0.000221179 -4.05771e-05 2.25571e-06 -0.000237523 -8.91867e-07 0.000414032 -0.000121989 -0.000379309 0.000613567 -0.000441807 -1.07189e-05 -0.000176484 0.00036987 -0.000237468 1.62966e-07 4.57022e-05 -0.000438817 7.14733e-07 0.000371198 2.16838e-07 -0.00022474 0.000217247 0.000210938 -0.000121616 -0.0012902 1.93688e-06 4.25504e-06 0.000184797 -1.29087e-05 -0.000233032 -5.77361e-06 0.000116383 0.000812044 0.000134831 4.69325e-05 -0.000834873 -0.00103162 0.000270867 0.000206395 3.13067e-05 -8.69597e-06 9.94715e-05 1.51892e-07 
-0.00558196 -0.00629012 0.00894828 0.000135823 0.0776706 7.85022e-05 0.000148981 0.00918797 -0.000424895 0.027986 -0.0459173 -0.00695449 -0.00216898 -0.00122796 -0.003374 0.0072869 -0.0054025 -0.0026023 0.0161292 -0.0434323 -0.00323733 0.0017297 -0.00139976 0.00345627 0.0249642 -0.00211309 0.0012125 0.0261891 -0.0431069 -0.0212405 -0.000477031 -0.0219087 -0.0124835 -0.00461396 0.00590514 -0.00046219 0.0227824 -8.06693e-05 -0.000305379 0.00405375 -1.05379e-05 0.00702824 -0.00102277 -0.00149333 1.2427e-05 -0.000334312 -1.68908e-05 2.16478e-05 -0.000353172 0.000311642 0.0302526 -0.0111438 -0.00212312 -0.00326957 -0.0196342 -0.00277347 -0.00079883 -0.00366819 -0.00217798 0.000115057 -0.00678613 -9.29541e-05 -0.0073732 0.0137795 0.0265531 0.000593821 -0.00874342 -1.44662e-05 -0.00257969 0.00603164 0.0274881 -1.28425e-05 0.00443427 0.0397525 0.000257046 -0.000767243 0.0029768 -0.0156096 -3.49096e-05 -0.000453065 -0.00400214 -0.0404499 1.87961e-05 -0.000308744 -0.00142409 0.000287223 -0.0117287 -0.00017078 -0.000698201 -0.000366018 0.00122158 0.0062263 -0.0071536 -0.00415816 -0.000194889 -0.00224716 -0.000165689 -0.000378625 -0.00568552 -1.67832e-06 
-0.000332543 -0.000332516 -0.0001491 -1.10733e-05 7.85022e-05 0.00440148 1.24832e-05 0.000760689 -6.84457e-06 -0.000150355 0.000616288 -0.000296885 -8.28393e-05 -2.16709e-05 -0.000529214 -0.000101806 -0.0020746 0.000713723 -3.7902e-05 -0.00207224 0.000113073 -0.000383802 0.000101634 -0.0016556 -0.000310547 -0.000785609 -3.73157e-05 -0.000604088 0.000642201 -0.000769023 -4.07694e-05 0.00101966 -0.00068635 0.00221192 0.00106768 -8.86326e-06 0.00120065 1.66611e-05 -9.41402e-05 -3.67079e-05 2.14251e-05 -4.44382e-05 -6.25898e-05 -6.01846e-05 -2.6295e-06 3.76903e-05 4.59946e-05 4.21996e-05 4.64682e-05 -4.79527e-06 -0.000976463 -0.000157655 -0.000338534 -9.3812e-05 -0.000592678 7.13431e-05 -3.60274e-05 0.00162699 -6.14424e-05 4.65937e-05 -0.000163444 2.04122e-06 -0.000400848 0.00117669 0.000617271 -0.000137845 -0.000526141 6.97041e-05 -0.000169184 -0.00201229 -0.00159557 1.42683e-06 0.000185627 0.00162861 3.37316e-05 -9.52377e-05 0.000149937 -0.00210637 3.05859e-06 -2.10636e-05 -0.000351632 0.000930678 1.73178e-06 -1.74743e-05 -7.36205e-05 -6.19923e-05 7.45087e-05 -7.48272e-06 -6.7899e-06 -1.50877e-05 -0.000815602 0.000158373 0.00171807 0.001335 -8.60046e-06 -0.000115431 2.64852e-05 9.70873e-06 -0.000277878 5.25725e-06 
-9.78881e-05 -9.37254e-05 0.000640135 -3.13507e-06 0.000148981 1.24832e-05 0.00152075 1.81965e-05 3.51918e-06 8.63739e-05 -0.00037034 -0.000120779 7.99559e-05 -2.02836e-05 -0.000156962 -5.5573e-06 0.0001561 -0.000603505 0.000511819 -0.000126693 1.25373e-05 -6.05168e-05 3.67603e-06 -6.33853e-05 0.0006332 0.000238939 -8.46106e-06 -0.000146676 -0.000460135 -0.000211865 3.04623e-06 -0.000177238 2.52278e-05 -3.1372e-05 -0.000543407 -3.13651e-06 -3.26078e-05 -3.26853e-06 -1.3458e-06 0.000127099 2.84947e-06 -3.58158e-06 3.31712e-06 -1.21473e-05 -5.22989e-07 2.46358e-06 2.0123e-05 1.83315e-05 2.32498e-05 7.37281e-06 -0.000188694 -0.000159884 7.35762e-05 -4.0111e-05 -0.000304041 -2.24366e-05 -1.14715e-05 -7.8447e-05 -1.76876e-05 2.44054e-07 -0.000108936 -3.64452e-07 -9.1756e-06 -4.91306e-05 0.000108558 0.000179159 -7.21137e-05 2.64369e-05 3.48963e-06 0.000337324 0.00021664 3.0243e-06 -2.81662e-05 -4.7171e-05 2.56516e-05 -9.23534e-06 4.97149e-05 0.000317822 -5.09314e-07 1.42779e-05 0.000279525 -0.00046842 7.83451e-07 -4.38762e-06 -1.59749e-05 -2.07222e-05 -0.000200589 -5.60861e-08 -1.54316e-05 -3.28103e-06 -0.000266618 0.000106403 -0.000232395 -0.00033509 3.86361e-06 1.9593e-06 8.22639e-06 -5.2247e-06 1.78115e-05 6.40737e-08 
-0.000487853 -0.00638962 0.0089599 -4.18862e-05 0.00918797 0.000760689 1.81965e-05 0.0684158 0.000193976 0.0089161 -0.00312334 -0.00614026 -0.00306185 -0.00111346 -0.0053606 0.00431514 -0.000692742 0.0183632 0.0137718 -0.0331672 0.00702846 -0.00853627 0.00115342 -0.00932813 0.00420213 -0.0196794 -0.000642156 0.00258235 -0.00581663 -0.014437 -0.000267968 0.00524186 -0.0116378 -0.00226476 0.0236682 0.000559295 0.00590263 3.09393e-05 0.00207195 -0.0003606 -1.26664e-05 -0.000203486 -0.00017815 -0.000606502 0.000102257 -0.000620318 -2.53721e-05 -0.00155866 0.000216719 -3.58888e-05 0.0111022 -0.00800777 -0.00154973 -0.00197118 -0.0155878 -0.0022231 -0.00066398 0.0047644 -0.00172109 7.93922e-06 -0.00739047 -6.20393e-05 -0.00587708 -0.000646195 0.0195754 -0.0029072 -0.013132 -0.00016832 -0.00520985 -0.00876025 0.00111069 -2.27176e-05 0.000458869 0.0231554 -0.000403824 -0.00172058 0.000646286 -0.0224713 0.000170687 -0.000122535 -0.000622981 -0.00783061 -1.69507e-07 -0.000203942 -0.00158693 0.00164203 -0.00237433 -9.85512e-05 -0.000815166 -0.000366651 -0.0092291 7.38128e-06 0.0109357 0.00761092 -0.000169889 -0.00231873 -8.60008e-05 -0.000229224 -0.00451118 2.29233e-06 
0.000244643 0.00361127 -0.000609642 0.000263162 -0.000424895 -6.84457e-06 3.51918e-06 0.000193976 0.00526665 -0.000113972 -0.00184743 0.00143614 -3.30743e-05 0.00251402 5.70613e-05 -6.08676e-05 -0.00257501 -0.00228193 0.000969087 -0.000797324 -0.00327177 0.00170752 4.22607e-05 0.0021705 -0.000254967 0.00171401 0.00135936 8.59978e-05 -0.00258471 0.00203192 0.000921458 -0.00298684 0.00218022 -0.000503679 -0.002457 0.000122302 -0.000300406 -3.02045e-05 5.535e-05 0.000152216 -2.42036e-07 -1.6013e-05 0.000141502 0.0024785 -4.54743e-06 -1.51403e-05 3.65966e-05 0.00140329 0.000586533 1.08866e-05 -0.000790327 -0.000551746 -0.000161044 0.00264631 -0.00111087 0.000666558 2.78318e-05 -0.000212481 4.15058e-05 1.31691e-06 0.000158236 3.0419e-06 0.00070091 8.77714e-05 -0.00209759 0.00052408 -0.00107409 -1.38466e-05 0.000548667 -0.000259132 -0.0014257 -5.51048e-08 0.000356758 -0.00113641 7.71357e-05 0.000414457 -1.07103e-05 -0.00211301 0.00028006 0.000211572 -0.000221509 -0.00263369 1.40497e-08 4.42549e-06 0.000309474 -1.65174e-05 -0.000292215 -7.72543e-06 0.000154477 0.000887977 -0.000638071 8.47269e-05 -0.00202215 -0.00243385 0.000548632 8.13607e-05 5.72589e-06 0.000102552 -0.00028633 3.79585e-08 
-0.0018591 -0.00194837 0.00921194 0.000133861 0.027986 -0.000150355 8.63739e-05 0.0089161 -0.000113972 0.0403787 -0.0238914 -0.00325778 -0.00181672 -0.000238924 -0.00237338 -0.00039184 0.00545009 -0.00454995 0.00429502 -0.0194758 -0.0026708 -0.000963449 -0.000731388 -0.00227878 -0.00169954 0.00406234 0.00189265 0.00844055 -0.0136612 -0.0095446 -0.000118958 -0.00908876 -0.00632277 -0.00284341 0.00626347 -0.000202825 0.00340886 6.96132e-05 -0.00102682 0.00306658 -5.53337e-06 -5.35758e-05 0.000734845 -0.00112385 1.48706e-05 -3.17169e-05 -2.50621e-06 -0.000398296 -0.000143967 4.67116e-05 0.0104374 -0.00495186 -0.00119573 -0.00167241 -0.00920129 -0.00137094 -0.000431744 -0.00054161 -0.00111538 4.96252e-06 -0.00351189 -4.54239e-05 -0.00256341 0.00844015 0.0121888 -0.00265002 -0.00632215 -0.000121877 -0.00114334 0.00467537 0.0135711 -1.28132e-05 -0.000698855 0.0216634 -0.000119158 -0.000179131 0.00122123 -0.0142548 -0.000125366 -0.000188629 -0.00241061 -0.0197311 5.90675e-06 -4.72845e-05 -0.000697287 -0.000387098 -0.00530219 -7.47505e-05 -0.000356723 -0.000198022 0.000813108 0.000245734 0.00155997 -0.00126767 -9.84028e-05 -0.000370932 -5.57804e-05 -0.000210618 -0.00267923 2.48376e-07 
-0.0430596 -0.0110187 0.0179012 -0.001506 -0.0459173 0.000616288 -0.00037034 -0.00312334 -0.00184743 -0.0238914 0.213817 0.00564177 -0.000631178 -0.00995913 -0.0594013 -0.0110684 0.0234787 0.0209076 -0.0337749 0.0642351 0.0462309 -0.0564925 0.0023176 -0.0806857 -0.0327249 -0.0369441 -0.00263222 -0.08662 0.122675 -0.0103217 -0.0080089 0.108713 -0.0232455 -0.0016745 0.0297106 0.000506331 -0.0305499 0.000932582 -0.0250856 -0.00298067 -6.76167e-06 -0.00563184 0.00257757 -0.0142586 -0.000301847 -0.00367385 -9.93073e-05 -0.00378665 -0.00357936 -0.000685035 -0.0823889 0.00920738 -9.7363e-05 -0.0101029 0.0469685 0.00374739 -0.00014248 -0.0104474 0.000917573 -0.000108576 -0.0178839 -0.000305932 0.00534954 -0.0217763 0.00424772 0.00335018 0.0135892 -9.42061e-05 -0.0302506 0.0137459 -0.0901256 -0.00014494 -0.00860363 -0.011524 -0.00426208 -0.0139106 -0.00264476 0.0394226 -0.00176455 -0.00142202 0.0159197 0.106486 -3.36013e-05 -0.00158432 -0.0103155 -0.00402756 0.0267091 -0.000956927 -0.000591841 -0.0038747 -0.0628663 -0.00566045 0.0833283 0.0757697 -0.00109113 -0.0155478 -0.000270172 0.000779851 -0.0194239 4.68346e-06 
-0.0070609 0.0218936 -0.00788286 0.000511478 -0.00695449 -0.000296885 -0.000120779 -0.00614026 0.00143614 -0.00325778 0.00564177 0.0819642 0.0195899 0.00107512 -0.00587857 -0.00130848 0.00483079 -0.0410848 -0.00592237 0.0232589 -0.00111398 0.00837982 -0.001534 0.0284525 -0.00913658 0.0232664 0.000936661 -0.011733 -0.00243497 0.021896 0.000790588 -0.0434395 0.0412572 -0.00814115 -0.0487629 -8.33366e-05 -0.00379472 -0.000509479 -0.00352975 0.000675464 3.44635e-06 -0.000776686 -0.000275923 0.00204748 -7.94923e-05 -0.000627754 6.91511e-05 0.00140196 0.00179189 -0.000165171 -0.0227411 0.0149067 0.0231806 -0.00116576 0.00328758 -0.00100902 -0.000886535 -0.0106221 0.0182776 -1.43074e-05 0.0227969 0.000185008 0.0461223 -0.00350538 -0.0247292 0.0247292 -0.0173625 0.000237443 -0.00566465 -0.00148742 -0.0154577 2.30013e-05 -0.00163158 -0.0245742 -0.000554765 -0.00132806 -0.000339333 0.0183251 -5.72073e-05 -0.000231098 -0.00388847 -0.0310873 3.49175e-06 -0.000220744 -0.000794657 -0.000262922 -0.00701486 -0.000191063 0.00995839 0.00168148 -0.0150332 -0.00076697 -0.029457 -0.0308224 0.000116419 -0.00210643 0.00079967 0.000558521 0.000697138 -2.63525e-06 
-0.00429804 0.00374843 0.000321952 0.000147691 -0.00216898 -8.28393e-05 7.99559e-05 -0.00306185 -3.30743e-05 -0.00181672 -0.000631178 0.0195899 0.0501684 -0.000705714 -0.005457 -0.000535962 -0.00239929 -0.00898568 -0.00697332 0.00217773 0.00238703 -0.00534483 -0.000756151 0.0161741 0.00815886 0.00113424 -0.000641777 -0.00512279 -0.00561888 -0.00988862 -5.51316e-05 -0.0227876 0.00593423 -0.00328005 -0.0205084 -0.000303258 0.00858243 5.60846e-05 -0.00166251 0.000547041 1.21277e-07 -2.98611e-05 -0.000778073 -0.00133274 -1.17158e-05 3.57489e-06 -9.82397e-06 -0.00156374 0.00165093 -3.08703e-05 -0.0089731 -0.00257989 0.025905 -0.00164235 -0.0101301 -0.00175179 -0.000479627 -0.00452112 0.0152433 3.88777e-06 -0.00339755 0.000156539 0.0193103 -0.00172113 0.00628012 0.0233063 -0.0103546 0.000717151 -0.00272757 -0.00940992 -0.00203109 -3.90996e-06 -5.37957e-05 -0.00760352 -0.000298208 -0.00124663 -0.000180979 0.024578 9.48101e-05 -0.000283718 -0.00197076 -0.0236552 -2.2377e-06 0.000308978 -0.000994186 -0.000725786 -0.00628461 -0.000113789 0.00891307 -0.000247297 -0.00238044 -0.000405571 -0.015242 -0.0176582 -7.95793e-05 -0.00180775 0.000744995 -0.000122863 0.0115348 -2.61866e-06 
0.0048232 0.00599714 -0.0022479 0.000748795 -0.00122796 -2.16709e-05 -2.02836e-05 -0.00111346 0.00251402 -0.000238924 -0.00995913 0.00107512 -0.000705714 0.0178226 0.00642025 -0.000410094 -0.00952056 -0.00123984 0.00281881 -0.00940614 -0.0114758 0.00453512 6.87961e-05 0.00615737 -0.0010178 0.00279804 0.00023033 0.00466355 -0.0103746 0.00247671 0.00452832 -0.00969852 0.00531451 -0.000901917 -0.00224255 0.000186478 -0.000863323 -0.000102571 0.00235084 6.98601e-05 8.59273e-06 -9.42616e-05 -0.000194314 0.00604796 -1.23901e-05 0.000148712 6.50134e-05 0.00475977 0.000857897 -1.65421e-05 0.00284035 -0.00234439 -0.001416 0.00628814 -0.00419079 0.000541384 0.000108094 0.0059151 3.75887e-05 -2.74707e-06 -0.000828042 1.74501e-05 -0.00052026 0.000227815 -0.0024041 4.46185e-05 -0.00326109 5.61299e-05 0.00585004 -0.00310366 0.0012953 1.62474e-06 -0.000243188 -0.00342885 0.000770544 0.00224261 -5.37753e-05 -0.00562744 0.00197501 0.00109129 -0.0013269 -0.00841598 3.1849e-06 -7.23377e-05 0.000214035 3.43088e-06 -0.000106976 -1.40025e-05 7.71151e-05 0.00406457 0.00418803 -8.65648e-05 -0.00665585 -0.00840963 0.000766604 -0.000207647 0.000287892 0.000174148 -0.000743245 -2.00749e-07 
0.0561862 -0.0115808 -0.0182253 0.000174074 -0.003374 -0.000529214 -0.000156962 -0.0053606 5.70613e-05 -0.00237338 -0.0594013 -0.00587857 -0.005457 0.00642025 0.117388 0.00245153 -0.0105298 0.0403011 0.00409618 -0.0545767 -0.00503762 -0.00767014 -0.00146122 0.0477327 0.0186656 -0.00181209 -0.00142682 0.0648412 -0.0562164 -0.0337107 0.00113349 -0.0736206 -0.00580265 -0.0129034 0.0283684 -0.000688438 0.0174831 -0.000849561 0.0302159 -0.000723961 -1.72956e-05 -0.000723052 -0.00186242 -0.00435599 0.000199983 0.00202037 2.92032e-05 -0.00332552 0.00206724 0.000403343 0.0645691 -0.0171238 -0.000129523 -0.00408147 -0.0320642 -0.00455376 -0.00134002 0.0424527 0.00153668 5.46568e-06 -0.0154048 0.000102108 -0.0106399 0.00377803 0.0258419 -0.00698775 -0.0268815 0.00124911 0.0296936 -0.0487568 0.060816 -3.68488e-05 2.24533e-05 -0.0152097 0.00517738 -0.00304189 -4.54676e-05 -0.00562074 -0.000428357 0.000349596 -0.011019 -0.0606257 -4.98857e-06 0.000544149 -0.00253734 0.00358416 -0.0148524 -0.000273855 -0.00120521 -0.000682133 0.0866315 -0.000576232 -0.0470393 -0.0541092 -0.000249812 -0.00417313 0.000264185 -0.000751171 0.0132487 -4.58037e-06 
-1.38331e-05 -0.00131965 -0.0035279 9.37791e-05 0.0072869 -0.000101806 -5.5573e-06 0.00431514 -6.08676e-05 -0.00039184 -0.0110684 -0.00130848 -0.000535962 -0.000410094 0.00245153 0.025646 -0.00571594 0.00577838 0.000936459 -0.00943432 -0.00246158 -0.000608824 7.382e-05 0.00196377 0.0157348 -0.00493123 -0.000319191 0.00827628 -0.0134736 -0.00435747 -0.000279158 -0.00752079 -0.00277675 -0.00228357 0.00158653 0.000217049 0.00856149 -5.3475e-05 0.00333579 -0.000122397 -4.45616e-06 0.00285717 -0.000421079 -0.000731575 0.000174114 -0.000163125 5.78034e-05 -0.000783625 0.00182704 0.000373138 0.00890016 -0.00247522 -0.000744857 -0.000861813 -0.00521958 -0.00013729 -0.000229168 0.00015356 -0.000149593 1.24437e-05 -0.00106432 -5.39647e-06 -0.000798902 -0.000291169 0.00303216 0.00119909 -0.00329071 2.51056e-05 -0.000562135 -0.0100865 0.00432261 -6.18959e-06 0.00024235 0.00813091 0.000767575 0.000100578 0.000636554 -0.000762723 0.000378928 -0.00012489 -0.0018406 -0.0110058 -1.16245e-06 -9.25883e-05 -0.000177689 0.00127625 -0.00314799 -2.0507e-05 3.61745e-05 -0.000108045 0.00303833 0.00136278 -0.00610209 -0.00154812 5.76749e-06 2.9149e-05 -1.23628e-06 -4.66541e-05 0.000892328 -3.12672e-07 
-0.0177084 -0.0245659 0.0184206 -0.000400641 -0.0054025 -0.0020746 0.0001561 -0.000692742 -0.00257501 0.00545009 0.0234787 0.00483079 -0.00239929 -0.00952056 -0.0105298 -0.00571594 0.162061 -0.0165718 0.00602408 0.0213879 0.0479392 -0.00621192 -0.00455681 0.00518159 -0.0223723 0.0426214 0.000938162 -0.0257552 0.0496706 0.000315673 -0.00396186 -0.00635504 -0.00809261 -0.00266964 -0.00359643 -0.0012545 -0.0270005 0.000308573 -0.0184927 -0.00021066 -4.77933e-05 -0.00433841 0.00115614 -0.00986542 -2.6487e-05 -0.00126315 -0.000122101 6.92053e-06 -0.00381145 0.000226275 0.00251178 0.0139644 0.00677751 -0.0195197 0.0209859 -0.00533186 -0.00301473 -0.020566 -0.0049777 -8.605e-05 0.0125706 3.97614e-05 0.00842934 -0.00550859 -0.0183078 -0.00582409 -0.0286314 2.77489e-05 -0.0158011 0.0233478 0.0175615 -9.49827e-05 -0.0149277 -0.0175605 -0.00484014 -0.0146879 -0.000378569 0.0336802 -0.00193175 -0.000735434 0.0106396 -0.00842467 -1.9572e-06 0.000806196 -0.0125472 0.0001097 -0.0220734 -0.00098536 -0.00418198 -0.00232967 -0.0039739 -0.00297293 -0.0136426 -0.0301074 -0.00174405 -0.0196713 -0.00013933 -0.00167257 0.0137393 -8.95505e-06 
0.0201389 -0.0522924 -0.0180244 -0.000786874 -0.0026023 0.000713723 -0.000603505 0.0183632 -0.00228193 -0.00454995 0.0209076 -0.0410848 -0.00898568 -0.00123984 0.0403011 0.00577838 -0.0165718 0.242176 -0.0444478 -0.0676248 0.0424593 -0.0625311 0.00510085 -0.042795 0.0182152 -0.0732423 -0.00659072 0.018341 0.0179937 -0.0846408 -0.00486545 0.0427026 -0.0807581 -0.0203417 0.167131 0.00132557 0.0164932 0.00206034 0.0139436 -0.00497324 -2.51996e-05 -0.0011782 -0.00811468 -0.014622 0.00028267 -0.000152495 -0.000143021 -0.0100321 -0.000835127 -0.000188873 0.0332737 -0.0322483 -0.0341668 -0.0156593 -0.00847127 -0.00285387 -0.00499387 0.0537753 -0.0101995 -5.97708e-05 -0.0505396 8.08655e-05 -0.0522183 -0.00451168 0.0320913 -0.034715 -0.0363859 0.000490938 0.0139033 -0.111768 0.0319441 -0.000163777 -0.00532338 0.0466172 0.00223735 -0.0124052 -0.00128372 -0.0184502 -0.0012918 -0.00256039 -0.033268 0.0209173 -2.93944e-05 0.00100959 -0.0125087 0.00236044 0.0288799 -0.000853474 -0.0066803 -0.00331674 0.0733497 -0.00356444 0.0823271 0.0660879 -0.00135279 -0.0158912 -0.000303693 0.000624113 0.010763 3.45149e-06 
0.00447756 -0.00166759 -0.0116836 6.78578e-05 0.0161292 -3.7902e-05 0.000511819 0.0137718 0.000969087 0.00429502 -0.0337749 -0.00592237 -0.00697332 0.00281881 0.00409618 0.000936459 0.00602408 -0.0444478 0.13875 -0.0196827 -0.00298812 0.0304791 -0.00163921 0.0343661 0.0145102 0.0416892 0.00238821 0.0337321 -0.041488 -0.00310728 0.00273835 -0.0571215 0.0155813 0.00521262 -0.0380359 -0.000283452 0.0113573 -0.000726624 0.00494037 0.00371995 2.03824e-05 0.00345091 0.00783499 0.0116029 8.5949e-05 -0.00107483 6.50449e-05 0.00398826 -0.000429431 0.000776654 0.046772 -0.0197665 -0.00658681 0.000778881 -0.0274182 -0.00378397 0.000365972 -0.00936569 -0.00416484 9.14005e-05 0.0104914 5.22776e-05 -0.000889769 0.010713 0.00860481 0.00379567 -0.0226532 0.00106856 -0.000364578 0.0302403 0.0434313 1.31307e-05 0.00454636 -0.0113492 -0.00066001 -0.00102729 0.00286913 -0.0170882 0.00150967 0.00245586 0.00545147 -0.056768 1.41852e-05 -0.000464913 -0.00188976 0.00513143 -0.0233283 -0.000247357 -0.00184915 0.0015684 -0.00235605 0.00660461 -0.054064 -0.0597982 0.000293581 -0.004648 0.000146229 0.000148912 -0.00693369 3.79894e-06 
-0.0379741 0.0140929 -0.0137202 -0.00123421 -0.0434323 -0.00207224 -0.000126693 -0.0331672 -0.000797324 -0.0194758 0.0642351 0.0232589 0.00217773 -0.00940614 -0.0545767 -0.00943432 0.0213879 -0.0676248 -0.0196827 0.24218 -0.00843849 0.0245003 -0.00520961 -0.00345732 -0.0451422 0.0498537 0.00318858 -0.0721295 0.0759216 0.0788019 -0.00176275 0.0365715 0.0424625 0.00603037 -0.0769377 -0.000322391 -0.0406807 -0.00042241 -0.0228501 -0.00308983 2.73871e-05 -0.0062908 0.00292428 0.00174197 -0.000267968 -0.00275742 -5.69507e-05 -0.00143859 -0.00324721 -0.000636436 -0.0876153 0.0296203 -0.00236365 0.00351931 0.0494996 0.00295972 0.00231202 -0.0571068 0.002452 -8.97676e-05 0.0431547 0.000247824 0.0253252 -0.0222632 -0.10255 -0.00261255 0.0339784 -0.00156096 -0.0114329 0.0302081 -0.0463306 1.98581e-06 -0.00570988 -0.0722504 -0.00381907 0.00282803 -0.00236814 0.0394443 -0.00182226 -0.00150204 0.0207338 0.0698447 -1.768e-05 0.00126929 0.00499958 -0.00562838 0.0116489 0.00059694 0.000361804 -0.00205553 -0.0476458 -0.00368634 -0.00459417 0.0120201 -0.00112345 0.00782788 -0.000290549 0.000246379 0.00984952 -4.31079e-06 
-0.000733704 -0.0361056 0.0173836 -0.00132238 -0.00323733 0.000113073 1.25373e-05 0.00702846 -0.00327177 -0.0026708 0.0462309 -0.00111398 0.00238703 -0.0114758 -0.00503762 -0.00246158 0.0479392 0.0424593 -0.00298812 -0.00843849 0.126329 -0.0518642 -0.000599945 -0.0294947 0.00182639 -0.0086964 -0.00251385 -0.0127322 0.0351721 -0.0572225 -0.0065884 0.0080035 -0.0240365 -0.0186369 0.0405095 -0.00131304 0.0020872 0.00070632 -0.00822279 -0.000547349 -5.6752e-05 -0.00013266 -0.000494413 -0.0146677 2.12749e-05 -0.00324321 -0.00019097 -0.00781616 -0.00494631 0.00019049 0.0107772 -0.00265211 0.00949555 -0.0185678 -0.00368025 -0.0129569 -0.0039809 -0.00348399 -0.00333724 -1.52969e-05 -0.0250837 3.27672e-05 -0.00591716 -0.00105841 0.0358071 0.00152053 -0.0355149 -0.000263732 -0.0253391 -0.0230299 0.00122364 -0.000224118 -0.00484733 0.0258151 -0.00520205 -0.0178961 -0.000212395 0.0567924 -0.00183114 -0.000921883 0.0101705 -1.71441e-05 -2.2469e-05 0.000582212 -0.0146141 0.00147847 -0.00698965 -0.00141114 -0.00339001 -0.00462666 0.00742455 -0.00276045 0.0329472 0.0162045 -0.00159632 -0.0261237 -0.000309919 6.02293e-05 0.00202569 -5.03168e-06 
-0.00817794 0.0264716 -0.0163895 0.000918726 0.0017297 -0.000383802 -6.05168e-05 -0.00853627 0.00170752 -0.000963449 -0.0564925 0.00837982 -0.00534483 0.00453512 -0.00767014 -0.000608824 -0.00621192 -0.0625311 0.0304791 0.0245003 -0.0518642 0.118061 -0.000320045 0.0431342 -0.013486 0.0441169 0.00296763 -0.000311842 -0.030578 0.0618511 0.00755143 -0.0337236 0.052345 0.0216323 -0.0652996 2.71671e-05 -0.00479281 -0.00079225 -0.00519465 0.000471179 -8.45197e-07 0.000591735 -0.00155028 0.0191186 -5.68895e-05 0.000521788 -1.24695e-05 0.00875668 -0.000710179 -9.76087e-05 -0.00797435 0.00340373 -0.01089 0.0143683 -0.0110671 0.00284897 0.00399472 -0.0172591 -0.00345753 -3.75971e-06 0.0485529 7.05348e-05 0.010375 -0.000569213 -0.065095 -0.00574321 0.0179104 -0.000486791 0.00531108 0.0454842 0.0108457 0.000183456 0.00388812 -0.0282958 -0.000720497 0.0165548 0.000224577 -0.0444565 0.00159175 0.00180234 -0.00634288 -0.018886 2.41476e-05 0.000258739 0.0135984 -0.000450255 -0.0107912 0.00091119 -0.00146275 0.0046643 -0.0146351 0.00389492 -0.0468217 -0.0374093 0.00144899 0.0186716 -0.000167252 -0.000309644 0.00470468 7.10794e-07 
0.000174738 0.000214356 -0.00214887 1.36326e-05 -0.00139976 0.000101634 3.67603e-06 0.00115342 4.22607e-05 -0.000731388 0.0023176 -0.001534 -0.000756151 6.87961e-05 -0.00146122 7.382e-05 -0.00455681 0.00510085 -0.00163921 -0.00520961 -0.000599945 -0.000320045 0.0183162 -0.00105871 -0.000779855 -0.0031751 -0.000209463 -0.00234326 0.00203062 -0.00155165 -0.000140783 0.00367014 -0.00293162 0.00133753 0.00500019 0.000826907 0.000724456 5.92648e-05 -0.000114117 -0.000141338 -2.57273e-06 -0.000183233 -0.00017625 0.000897964 -1.7177e-05 5.95029e-05 -4.90388e-06 0.00124819 -5.96305e-05 -2.33412e-05 -0.000448181 -0.00196092 -0.00183851 0.000686136 -0.00144082 -0.000372267 9.9994e-06 0.00350852 -0.000288354 -1.68318e-06 -0.00152921 -1.56436e-05 -0.00161967 0.000217537 -0.000479568 -0.00120737 0.00244285 -5.12929e-05 -0.000811162 0.00144069 -0.00253486 -5.22866e-06 -0.000127218 -0.000361144 -0.000114229 0.00087523 -7.06198e-05 -0.00828636 7.94001e-06 0.000158033 -0.00145146 0.00111056 1.08023e-06 -4.01653e-06 -7.13772e-05 0.000721431 -0.000463685 7.95184e-06 -0.000205694 -1.62737e-05 -0.00286629 -0.000164066 0.00334814 0.00278332 1.8922e-05 0.00144 -3.6121e-05 0.000469725 -0.000574703 4.24368e-06 
0.0296661 0.0185468 -0.0513963 0.00038616 0.00345627 -0.0016556 -6.33853e-05 -0.00932813 0.0021705 -0.00227878 -0.0806857 0.0284525 0.0161741 0.00615737 0.0477327 0.00196377 0.00518159 -0.042795 0.0343661 -0.00345732 -0.0294947 0.0431342 -0.00105871 0.248917 0.0191653 0.0986675 0.00333545 0.06283 -0.0686037 0.0207352 0.00324664 -0.141671 0.0503236 -0.0168179 -0.0725733 -0.00205992 0.0112663 -0.00246807 0.0124889 0.00147929 -5.82519e-05 0.00436787 0.00452559 0.00880899 -0.000263488 -0.000659577 6.85986e-06 -0.00354908 0.00209153 -0.000309553 0.0861007 -0.00708197 0.0112599 0.00452129 -0.0523198 -0.00544424 -0.00137257 0.00485556 0.011861 -6.49831e-05 0.0308776 0.000213229 0.0377462 0.0114135 -0.0235777 0.0156094 -0.0388496 0.00082065 0.0282303 -0.0230405 0.126146 9.16097e-05 -0.00191774 -0.0445134 0.00240479 0.00238799 -0.00184906 -0.000155752 -0.000136075 0.00134826 -0.0118472 -0.136013 1.81371e-05 0.000988686 -0.00028207 0.000314349 -0.0262502 -5.60701e-05 0.00518087 0.00133126 0.0378026 0.00117202 -0.176114 -0.157093 -0.000291293 0.00125439 0.000619721 -0.00150069 0.0268247 -2.08048e-05 
0.00534446 -0.00860674 -0.00038139 0.000354021 0.0249642 -0.000310547 0.0006332 0.00420213 -0.000254967 -0.00169954 -0.0327249 -0.00913658 0.00815886 -0.0010178 0.0186656 0.0157348 -0.0223723 0.0182152 0.0145102 -0.0451422 0.00182639 -0.013486 -0.000779855 0.0191653 0.132607 -0.0230974 -0.00147784 0.0320252 -0.0568691 -0.0373039 -0.00130174 -0.0303164 -0.0245534 -0.014352 0.0197724 0.000219081 0.0363804 -0.000327593 0.0215428 0.000702941 -2.49206e-05 0.00795169 -0.00115781 -0.0050578 2.84173e-05 -0.000134082 4.68516e-05 -0.00387674 0.00298163 0.000287023 0.0279229 -0.0138994 0.009058 -0.0059142 -0.0337576 -0.00447241 -0.00155515 0.0248164 -0.00226702 1.30873e-05 -0.0156436 -9.9641e-05 -0.0070937 9.37644e-05 0.0445498 0.00905734 -0.0239632 0.000896274 0.00123877 -0.0270589 0.031 -3.07319e-05 0.00114934 0.0125854 0.00353445 -0.00347079 0.000648235 0.0135532 0.000165248 -0.000563948 0.000440575 -0.0502653 5.25833e-06 -0.00051662 -0.00338299 0.00162613 -0.00302409 -0.000138772 0.000927708 -0.000771271 0.0164934 0.0038803 -0.0211302 -0.0277204 -8.59916e-05 -0.00482364 0.000284792 -0.000476188 -0.00236328 -7.4918e-06 
-0.0126292 0.0155525 -0.0314316 6.77535e-05 -0.00211309 -0.000785609 0.000238939 -0.0196794 0.00171401 0.00406234 -0.0369441 0.0232664 0.00113424 0.00279804 -0.00181209 -0.00493123 0.0426214 -0.0732423 0.0416892 0.0498537 -0.0086964 0.0441169 -0.0031751 0.0986675 -0.0230974 0.230291 0.00648144 -0.00636918 -0.0035722 0.0346049 0.00352169 -0.0941072 0.0661455 0.0035026 -0.10232 -0.00152269 -0.0179171 -0.00085221 -0.0125664 0.00312964 -1.07919e-05 -0.00249664 0.00711603 0.0108966 -0.000246126 -0.000102159 6.95747e-05 0.000308383 -0.00129385 0.000638531 0.0374679 0.0117453 -0.0194118 0.00501543 -0.034055 -0.0039863 0.00125418 -0.0224292 -0.00127331 5.06183e-05 0.0421456 0.000422401 0.0320787 0.0190663 -0.0709025 -0.0123104 -0.0237288 0.000621797 0.0119809 -0.0027221 0.0675547 1.87053e-05 -0.00207619 -0.0273226 -0.00199424 -0.00150109 0.00120585 0.0305511 -0.000345926 0.00121824 0.0049577 -0.0651885 1.25853e-05 0.00209438 -0.00182618 0.000317888 -0.00328639 -7.98771e-05 -0.00113104 0.00228775 0.00375063 0.000626289 -0.113412 -0.125687 -0.000294714 -0.00216492 -0.000351935 0.000198094 0.0302597 4.49853e-06 
-0.00117373 0.00148104 -0.000574025 -8.93619e-06 0.0012125 -3.73157e-05 -8.46106e-06 -0.000642156 0.00135936 0.00189265 -0.00263222 0.000936661 -0.000641777 0.00023033 -0.00142682 -0.000319191 0.000938162 -0.00659072 0.00238821 0.00318858 -0.00251385 0.00296763 -0.000209463 0.00333545 -0.00147784 0.00648144 0.0137581 -0.00078626 -0.000228753 0.00618218 0.000165045 -0.00541177 0.000651996 0.000319742 -0.00495192 -2.986e-05 -0.000690053 -2.31723e-05 -0.000420632 0.000661855 -1.33886e-06 -0.000135154 0.000418576 0.00143627 -1.15242e-05 -8.37241e-05 4.83073e-05 0.000636582 -7.37097e-05 -5.20667e-06 -0.00200653 0.00304326 -0.00115974 0.00201069 -0.00124966 0.00105425 8.07805e-06 -0.00174168 -0.000347875 1.00453e-05 0.00373896 -1.31564e-06 0.00122822 0.000881645 -0.00507739 -0.000632378 -0.00188644 -3.08428e-05 -0.000592725 0.00152496 -0.00175391 1.08139e-05 0.000184886 -0.000735444 -3.69446e-05 -0.000111282 0.000246031 -0.00445641 -2.83653e-05 -4.66104e-05 0.000440744 -0.00105156 1.18766e-06 0.000166888 -0.000146075 -0.000162986 0.000212272 2.16651e-06 -0.000145419 -7.36573e-05 -0.00262619 0.000388398 -0.00428117 -0.00499693 -1.64743e-05 0.00043236 5.75685e-06 0.000272058 -5.16841e-05 2.8895e-06 
0.0531932 -0.0102777 -0.0202507 -5.51369e-05 0.0261891 -0.000604088 -0.000146676 0.00258235 8.59978e-05 0.00844055 -0.08662 -0.011733 -0.00512279 0.00466355 0.0648412 0.00827628 -0.0257552 0.018341 0.0337321 -0.0721295 -0.0127322 -0.000311842 -0.00234326 0.06283 0.0320252 -0.00636918 -0.00078626 0.133591 -0.092434 -0.0354118 3.21962e-05 -0.0845025 -0.00311581 -0.0133113 0.0130558 -0.000786306 0.0270794 -0.000900162 0.0248309 0.00274774 -2.76228e-05 0.00681587 0.000548627 -0.00458554 0.000136895 0.00149447 -4.71591e-06 -0.004803 0.00241879 5.93914e-06 0.0903031 -0.0205584 -0.00188597 -0.00399598 -0.0373568 -0.00522429 -0.00140627 0.0205509 0.000126859 5.01687e-05 -0.0145138 -6.48104e-05 -0.0116706 0.0228494 0.0447163 -0.000390331 -0.0256429 0.00027699 0.0230213 -0.0306274 0.0729743 -4.21763e-06 0.00555779 0.0164032 0.00473268 -0.00279479 0.000992268 -0.0192355 -0.000505268 0.000883169 -0.0106794 -0.0789791 3.01634e-06 -0.000297783 -0.00122922 0.00466269 -0.0224421 -0.000263372 -0.00027979 -0.000860529 0.0668263 0.00464805 -0.0596869 -0.0539089 -4.97836e-05 -0.00326274 0.000137301 -0.000898497 -0.00383016 -7.93635e-06 
-0.0404879 -0.0157773 0.00594217 -0.00149667 -0.0431069 0.000642201 -0.000460135 -0.00581663 -0.00258471 -0.0136612 0.122675 -0.00243497 -0.00561888 -0.0103746 -0.0562164 -0.0134736 0.0496706 0.0179937 -0.041488 0.0759216 0.0351721 -0.030578 0.00203062 -0.0686037 -0.0568691 -0.0035722 -0.000228753 -0.092434 0.183072 0.0211726 -0.00785074 0.0931263 -0.0232559 0.0158734 0.0247403 0.000739823 -0.0325352 0.00115167 -0.0287494 -0.00567615 -1.15561e-05 -0.00767889 0.0018785 -0.012945 -0.000387378 -0.00195197 -5.32e-05 -0.00166657 -0.00377057 -0.000695772 -0.0711393 0.0302729 -0.0144768 -0.0114249 0.0535397 0.00449295 -0.00122246 -0.0113068 -0.00720924 -0.000113188 0.00950508 6.79298e-05 0.000667793 -0.021534 -0.0329521 -0.014113 0.0105674 -0.00156482 -0.0215126 0.0022922 -0.0573953 -0.000123699 -0.0122289 -0.022831 -0.00487118 -0.0126782 -0.00267602 0.0273967 -0.001953 -0.00303769 0.00770848 0.0992328 -2.33464e-05 0.000261213 -0.0124429 -0.00460304 0.031973 -0.000601646 -0.00512394 -0.00392078 -0.0563537 -0.00636469 0.0752891 0.0555895 -0.00187245 -0.0138673 -0.000921694 0.000409533 0.00389641 7.04973e-06 
-0.0214643 0.0436161 -0.0360113 0.000341618 -0.0212405 -0.000769023 -0.000211865 -0.014437 0.00203192 -0.0095446 -0.0103217 0.021896 -0.00988862 0.00247671 -0.0337107 -0.00435747 0.000315673 -0.0846408 -0.00310728 0.0788019 -0.0572225 0.0618511 -0.00155165 0.0207352 -0.0373039 0.0346049 0.00618218 -0.0354118 0.0211726 0.195146 0.00422348 -4.87184e-05 0.0607332 0.0320488 -0.0800657 -0.000360642 -0.0216375 -0.00134584 -0.0103261 -0.00180651 3.60547e-05 -0.00276502 0.000827702 0.0163504 -0.000142141 0.0004611 9.82299e-05 0.0133917 -0.00144917 -0.000568977 -0.0658604 0.0621391 -0.0284753 0.0196666 0.0584714 0.0169377 0.00293842 -0.0307655 -0.0063371 -3.32787e-05 0.0771592 9.50457e-05 0.0285085 -0.0101463 -0.119938 -0.0147112 0.0567087 -0.00127611 0.000375091 0.0372829 -0.046663 0.000195514 0.000423659 -0.0640387 -0.00167457 0.0155434 -0.00107069 -0.0657796 0.00142691 0.000765301 -0.0101016 0.0342742 1.57747e-05 -0.00105389 0.0109549 -0.00238774 0.00762601 0.00110755 -0.00297262 0.00322617 -0.0519202 -0.00147897 -0.0297658 -0.0190722 0.000820997 0.0232467 -0.000424995 -0.000268958 0.00067063 5.02494e-06 
7.41916e-05 0.00466892 -0.000503306 0.000305561 -0.000477031 -4.07694e-05 3.04623e-06 -0.000267968 0.000921458 -0.000118958 -0.0080089 0.000790588 -5.51316e-05 0.00452832 0.00113349 -0.000279158 -0.00396186 -0.00486545 0.00273835 -0.00176275 -0.0065884 0.00755143 -0.000140783 0.00324664 -0.00130174 0.00352169 0.000165045 3.21962e-05 -0.00785074 0.00422348 0.0119032 -0.00570358 0.00732953 -4.11137e-05 -0.00563739 4.07679e-07 -0.000658314 -5.9701e-05 -5.62683e-05 1.05603e-05 6.33586e-07 -0.000105093 -0.000168091 0.00678749 -7.62654e-06 -5.6249e-05 -3.1122e-07 0.00415481 -5.01907e-05 9.32705e-05 -0.00154316 -0.00152537 -0.000412159 0.00335071 -0.00281083 -0.00028113 0.000270932 -0.00074619 5.48292e-05 -1.59469e-06 0.000399744 4.44483e-06 0.000105087 0.000647146 -0.00537377 0.000193633 -0.000642194 -4.84758e-05 0.00167269 0.00276263 -0.00105208 1.39379e-05 -0.000159572 -0.00179394 6.88168e-05 0.00217316 -5.44224e-07 -0.00381225 0.00148357 0.00104847 -0.000480887 -0.00492683 5.39505e-06 -1.72292e-05 0.000515466 -8.42632e-05 -0.00136201 -6.46284e-06 0.000155701 0.003289 -0.000305988 3.82331e-05 -0.00345647 -0.00384054 0.000275184 0.000536129 2.79311e-05 7.87327e-05 9.46553e-05 2.63606e-07 
-0.0426586 -0.0122556 0.0383587 -0.00112884 -0.0219087 0.00101966 -0.000177238 0.00524186 -0.00298684 -0.00908876 0.108713 -0.0434395 -0.0227876 -0.00969852 -0.0736206 -0.00752079 -0.00635504 0.0427026 -0.0571215 0.0365715 0.0080035 -0.0337236 0.00367014 -0.141671 -0.0303164 -0.0941072 -0.00541177 -0.0845025 0.0931263 -4.87184e-05 -0.00570358 0.243036 -0.0571066 0.0122165 0.0757447 0.00122264 -0.0332465 0.0022917 -0.0227283 -0.0042623 -8.26733e-06 -0.00540853 -0.00447971 -0.00616761 -0.000209268 -0.0012616 -0.000189388 -0.00604093 -0.00389897 -0.00104078 -0.0915248 0.00318446 -0.0232155 -0.00267221 0.060133 0.00908559 -0.000366437 -0.0129894 -0.0146344 -9.15806e-05 -0.0383617 -0.000476788 -0.0462181 -0.01996 0.00683496 -0.0245709 0.0680465 -0.0026832 -0.0330938 0.038997 -0.107672 -5.26792e-05 -0.00270893 0.0280066 -0.00366749 0.00497146 -0.00191475 -0.0230641 -0.00163934 -0.0029281 0.0110367 0.16775 -2.42013e-05 -0.00196592 0.00427909 -0.00815501 0.0363575 0.000733502 -0.00663366 -0.00309877 -0.0717848 -0.00455492 0.15369 0.166415 -0.000621207 0.010734 -0.00112222 0.0014074 -0.0388257 -7.0698e-06 
0.00187558 0.0375105 -0.0146429 0.000527733 -0.0124835 -0.00068635 2.52278e-05 -0.0116378 0.00218022 -0.00632277 -0.0232455 0.0412572 0.00593423 0.00531451 -0.00580265 -0.00277675 -0.00809261 -0.0807581 0.0155813 0.0424625 -0.0240365 0.052345 -0.00293162 0.0503236 -0.0245534 0.0661455 0.000651996 -0.00311581 -0.0232559 0.0607332 0.00732953 -0.0571066 0.141543 -0.00161057 -0.0899726 -0.000221154 -0.0138421 -0.00090756 -0.00523696 0.00117002 2.28614e-05 -0.00161443 0.000784451 0.0163668 -0.000157791 -0.00121772 8.41627e-05 0.00622037 -0.000886298 -7.99988e-05 -0.0247212 0.0144864 0.000512921 0.0107948 -0.00553232 -0.000596096 0.00239369 -0.0163048 0.00918118 -1.39143e-05 0.0401961 3.00465e-05 0.0509992 -0.000630056 -0.0555605 0.00243333 -0.00210914 -0.000718093 0.00359284 0.021212 -0.00241078 5.10437e-05 0.00352856 -0.0372117 -0.00068087 0.0102581 -0.000589437 -0.0039995 0.0010528 0.00253568 -0.00404369 -0.0367403 5.82503e-06 -8.59283e-05 0.0116715 0.000168051 -0.0165753 0.000572729 0.00347538 0.00371504 -0.023735 -0.000845583 -0.057303 -0.0532202 0.00136552 0.0112767 -1.77944e-05 -0.000541164 -0.000516446 -5.35438e-07 
-0.00810327 0.00281868 -0.0133687 -0.000202756 -0.00461396 0.00221192 -3.1372e-05 -0.00226476 -0.000503679 -0.00284341 -0.0016745 -0.00814115 -0.00328005 -0.000901917 -0.0129034 -0.00228357 -0.00266964 -0.0203417 0.00521262 0.00603037 -0.0186369 0.0216323 0.00133753 -0.0168179 -0.014352 0.0035026 0.000319742 -0.0133113 0.0158734 0.0320488 -4.11137e-05 0.0122165 -0.00161057 0.0919369 -0.00506877 0.000286684 0.00258597 -0.000531451 -0.00373673 -0.000834647 2.32223e-05 -0.00103188 -0.00115576 -0.000805371 -8.04366e-05 0.0023513 4.55347e-06 0.0075219 -0.000625191 -0.000117356 -0.0220057 0.0163947 -0.0107231 0.0015098 0.0176068 0.0019036 0.00180915 -0.00672852 -0.00279142 4.10239e-05 0.0158147 -5.82495e-05 -0.00663488 0.00279188 -0.0240944 -0.00676795 0.0192571 -0.00022942 -0.00350036 0.0235171 -0.0163382 1.95729e-05 -0.000462947 -0.0194757 -0.000513045 0.000167961 0.000348692 -0.0343622 0.000530261 0.000254564 -0.00540408 0.0241814 9.10032e-06 -0.000304499 0.00120289 0.00177703 0.00238626 0.000249768 -0.001166 0.000630816 -0.0210515 0.000660459 0.000762401 -0.00107468 2.52158e-05 0.00332144 -0.000173346 -0.000187464 0.00182983 1.45747e-05 
