0.0148999 -4.36379e-05 -0.000540489 -0.000274132 -0.000917402 0.00402289 0.000211006 -0.000280379 0.000317454 -0.00592634 -0.00322446 0.00391763 -0.00130579 -0.000176271 0.00561477 0.000183948 0.00321363 0.000152122 -0.000373455 0.000136209 0.000898942 -0.00589473 -0.00861506 -0.00150085 -0.0041323 -0.000231399 0.00162232 0.000149146 0.000196387 -0.000499111 -3.58119e-05 -0.00284229 -2.47873e-05 0.00649163 0.000272671 -0.00541595 0.00140749 -0.00532262 -0.00343397 -0.000108192 -2.81029e-05 -0.0018893 -1.65525e-05 0.000179887 0.00071707 7.57544e-05 -1.16546e-05 9.23649e-05 -8.9904e-05 0.00190196 -3.63607e-05 0.000455687 1.92034e-06 0.00348264 7.88448e-07 -8.73504e-06 -0.00030395 -5.14985e-05 0.000107066 0.00460838 0.00176663 5.09504e-05 6.67275e-07 -0.000545912 0.000102532 -0.00383946 0.0051088 8.45772e-05 0.00202068 0.000191701 -0.00179867 -0.000870039 -0.0012056 -0.000175815 -0.00155638 -0.00118451 0.000586106 -0.000106626 -0.00374963 4.37023e-05 -0.000171699 0.000341224 0.000636786 0.002892 0.00492205 -3.32922e-05 -0.000605865 -0.00129849 -0.000832387 -0.00108697 0.00111935 0.00014293 -0.000124278 -2.91162e-05 0.000266189 -0.00103548 -0.000700278 -0.00124993 1.03887e-05 0.000137027 
-4.36379e-05 0.00621724 -0.000100602 -6.59127e-05 -0.000450067 -0.000234541 -1.09931e-05 -0.000175295 -2.54133e-05 0.000769252 -1.12124e-05 -0.000411323 0.000558372 -0.000290141 -0.000337995 -3.31922e-05 -0.000844476 -3.07904e-05 -0.000170245 5.77531e-07 4.68729e-08 0.00113423 0.000549387 0.000371221 0.000486206 9.28377e-06 0.000482731 -0.000152999 -0.000571825 3.43919e-05 -2.59586e-05 -0.000715426 -6.58093e-06 -0.000925966 -6.24739e-05 0.00077329 -0.000521056 0.000283001 0.000923726 -5.48512e-06 0.000353225 0.000806553 6.85505e-05 -8.97309e-06 -2.51439e-05 7.72158e-06 1.72343e-05 -3.01194e-06 -7.8996e-05 -0.00120936 -1.4555e-05 -3.12557e-05 -6.12494e-07 -0.000146404 7.30225e-06 -1.71887e-05 -0.000230595 -8.25328e-06 -0.000888093 -1.36563e-05 -0.000446014 1.10992e-05 -4.708e-05 -0.000465362 -2.68778e-06 -0.00041526 -0.00115699 -2.93008e-05 -0.000558208 -8.68368e-06 -0.00018371 -0.000929302 0.000173764 -0.000235017 -0.000271291 0.000433531 -9.47669e-05 3.19696e-05 -0.000438773 -1.31169e-05 2.54989e-05 -0.000115703 0.000358725 0.00114116 -0.00115187 -1.07279e-05 -0.000316847 0.000243991 -0.000222089 -0.000321208 0.000328253 -3.30113e-05 -3.83678e-06 4.39923e-05 -0.000139597 -0.000458579 -0.000268375 0.000508891 9.30959e-09 8.26912e-05 
-0.000540489 -0.000100602 0.0446783 0.000250269 -0.000773501 -0.00364584 -6.85169e-05 -0.00125777 -0.000102521 -0.00754493 -0.00613526 0.00322564 -0.000751585 0.00148707 -0.000150188 -0.00229567 0.00320743 -0.00372351 -0.00112802 -9.3201e-05 -0.000181767 -0.00994477 -0.00628142 0.00190759 -0.00449326 -0.000265065 -0.0099337 -0.000850754 -0.00465477 -0.00135856 -0.000275257 0.0032784 -8.26194e-05 0.00701299 -0.000475778 -0.0157108 0.00497761 -0.00525698 -0.00535598 -0.000563076 5.70468e-05 0.00442455 -0.000165006 -9.32167e-05 -0.000581987 -8.77538e-05 -7.51588e-05 2.20093e-05 0.000875057 0.00877283 -7.25045e-06 -0.000238541 1.62181e-05 -0.00123708 -3.21145e-05 -0.000125888 -0.00125587 -0.000177633 -0.00351479 -0.00176954 -0.00332804 -8.58078e-05 -0.000400699 -0.00296681 -6.38672e-05 0.00711975 0.00613581 -0.000166778 0.000238781 -0.000149289 -0.0102188 0.00855046 -0.000110688 0.00122679 -0.0034739 -0.00195725 0.00117025 -0.000640295 0.01087 -8.41475e-05 -0.000108829 0.00068121 -0.000247854 -0.00590025 0.00800908 -8.48586e-05 -0.00303429 -0.00403149 0.00539285 0.00377056 -0.0018013 -0.000352288 -0.0052575 -0.000230332 0.00431068 0.0073794 0.00441218 -0.00522391 -7.57811e-07 -0.000182728 
-0.000274132 -6.59127e-05 0.000250269 0.0186643 -0.000488045 -0.00143966 -5.36996e-05 -0.000633853 -7.06002e-05 0.00848795 0.0128752 -0.00115482 0.0113566 0.00763379 -0.0101853 0.00153478 -0.00467429 -0.00137634 -0.000622002 -1.79464e-05 -0.000453873 0.00873183 0.00503349 0.00502573 0.00447883 0.00151385 -0.00284352 -0.000467052 -0.00212146 0.00503151 -0.000114893 -0.00327323 -2.47276e-05 -0.00819641 -0.000333445 0.0063563 -0.00577765 0.0100963 -0.00341797 -0.000136706 3.28045e-05 0.00104647 -4.90758e-05 -1.99178e-05 -0.000249472 -5.03811e-05 -3.3059e-05 -1.32998e-05 -0.000276452 -0.00542217 0.000201703 -9.0353e-05 -2.92267e-06 -0.00035633 -6.13461e-05 -8.83023e-05 -0.000514725 -6.28742e-05 -0.00528373 -0.00136139 -0.0013364 -5.18458e-05 -0.000114689 -0.00153316 1.60262e-05 0.0101114 -0.00978704 -0.000113191 -0.0102823 -5.96264e-05 -0.00406555 -0.00757519 -0.00155105 -0.000657141 0.00557161 -0.000840877 0.000191359 -0.000139886 0.00397655 -6.89204e-05 0.000696342 -0.000504928 -0.000810746 -0.00275699 -0.00889301 7.6925e-06 -0.00113295 -0.00122761 -0.000245448 -0.00159043 -0.000639768 -0.000153667 -0.00211634 -7.94705e-05 -0.000712926 -0.00763414 0.0027763 -0.00263281 1.43264e-06 -0.000239002 
-0.000917402 -0.000450067 -0.000773501 -0.000488045 0.0820073 -0.00566369 0.000855022 0.0119972 -8.31579e-05 -0.0219788 -0.00535615 0.00477681 -0.0192681 -0.00145394 -0.00395813 -0.00397371 -0.00962438 0.00309686 0.0110677 -0.000182928 0.0015428 -0.0126222 -0.0114502 0.00905717 -0.0113261 -0.000339922 -0.0158042 -0.00141216 0.0509366 -0.00121782 -9.24243e-05 0.00390731 9.62019e-05 -0.00374016 0.0114099 -0.000180537 -0.0151443 -0.012676 0.00599127 -0.00115778 0.00133263 -0.00463299 -0.000204773 -0.000175621 0.00113731 0.00138743 4.9761e-05 2.97881e-05 -0.00149534 0.00866608 0.000622581 3.61817e-05 1.49997e-05 -0.00223686 -0.000342297 0.000575085 -0.00120718 -0.000355446 -0.0134697 -0.00431905 -0.0129918 4.43051e-05 0.006288 -0.00206397 0.000140625 -0.02448 -0.00471318 -0.000158792 -0.0250916 -4.8092e-05 -0.00238786 0.0134443 -0.00426968 0.0252258 -0.0073348 0.00768412 0.00830805 0.00273296 0.00315272 -0.000303219 0.00547994 0.00287982 -0.00183568 -0.0132619 0.00701544 0.000333067 0.000773242 0.0132115 0.0132636 -0.0048399 -0.00213109 -0.000541737 -0.00243801 0.000326981 -0.00202526 -0.0119892 -0.00325056 -0.00390598 1.00901e-05 -0.00107125 
0.00402289 -0.000234541 -0.00364584 -0.00143966 -0.00566369 0.0779768 0.000490192 0.000175886 0.00149902 0.00371019 -0.0173515 -0.00161028 -0.00905127 -0.00367007 0.00608509 -0.00182223 -0.0217922 -0.00167528 -0.00201021 0.00152463 0.00117019 0.00305548 0.00233158 0.017265 -0.0226465 -0.0010398 0.0196012 -0.000983968 -0.00391908 -0.00285964 -0.000454169 -0.0167581 0.000557391 -0.0097113 -0.00109556 0.00817988 -0.0206597 0.00182475 0.0105107 -0.0011364 -3.04922e-05 -0.00580112 -0.000343846 0.000705603 0.000484113 0.000410713 6.63714e-05 0.000108778 -0.000175136 -0.0180901 -2.55764e-05 0.00199326 -1.52515e-05 0.0240424 0.00109419 -0.000361224 -0.00153635 -7.76632e-05 -0.0185415 0.0287432 0.0290809 0.000147255 -0.000566149 0.0189631 5.17097e-05 0.00531646 -0.00301153 -0.000330081 0.020261 0.00138653 -0.00057533 -0.0313697 -0.00713716 -0.00534283 -0.00887928 -0.00554095 -0.00121627 -0.000527369 -0.0349568 3.88077e-05 0.000185262 -0.00179718 -0.000966127 0.0574469 -0.00621636 -0.000100981 -0.00603539 0.0141023 -0.00321636 -0.00693162 0.00317897 -0.000641171 -0.00418792 -0.000164396 -0.00311465 -0.0269427 -0.00287778 -0.00999946 6.37255e-07 0.00108538 
0.000211006 -1.09931e-05 -6.85169e-05 -5.36996e-05 0.000855022 0.000490192 0.00702744 -0.000167132 3.67765e-05 -0.00251438 -0.000121813 0.000519912 -0.00152587 -0.00040802 0.00134026 -0.000189173 -0.00129928 0.00377908 0.000379406 0.000244804 0.00132974 -0.00219979 -0.000943473 -0.0032752 -0.000580711 -6.89428e-05 -0.00308274 0.000817965 0.00242017 0.00034701 2.93917e-05 0.000925512 2.61056e-05 -0.000514669 0.000110572 -0.00139744 -0.000376509 -0.00207208 -0.00154929 -9.44759e-06 0.000997989 -0.000949259 9.45697e-05 1.58924e-05 0.00171972 4.41282e-05 0.000409144 5.9474e-05 -8.50902e-05 -0.000122685 1.47483e-05 2.31337e-05 -6.85364e-07 -0.000172358 4.0192e-05 0.000883697 -0.000187425 -1.26475e-05 -0.000230234 -0.00013035 0.00148699 -1.70004e-05 3.26578e-05 -0.00045327 0.00018944 -0.00199497 -0.000128194 0.000214672 -0.00370668 0.000137177 -0.00172965 -4.91314e-05 0.000572499 0.000206743 -0.000766223 -0.000492893 0.000744569 8.63334e-05 -0.00353205 0.000259303 0.000583422 0.00157884 -0.000119711 -0.000443965 0.00102479 -2.0771e-06 0.00199119 0.00153939 5.80182e-05 -0.000477715 -0.000167733 -5.719e-05 0.0032545 0.00020233 -0.00024019 -0.000209243 -0.000370196 -0.000455354 -2.40781e-07 0.000377672 
-0.000280379 -0.000175295 -0.00125777 -0.000633853 0.0119972 0.000175886 -0.000167132 0.0353727 -0.000132791 0.0087226 -0.00548126 -0.00247512 0.00134222 -0.0022463 -0.0120081 -0.000532739 -0.0168449 -0.00191669 -0.00123522 -4.61049e-05 -0.000804715 0.0162598 0.00656714 0.00538332 0.00817319 -0.000685298 0.0146365 -0.000777828 0.0122617 -0.000717 0.000633133 -0.00697524 0.000577289 -0.0156107 0.00056332 0.0138771 -0.0111588 0.011662 0.0129965 -0.000478464 -0.000176345 0.00345548 -0.000154261 -4.78709e-05 -0.000372884 0.000196912 -2.29179e-05 1.66729e-05 -0.00019009 -0.0162786 -7.24643e-05 0.000722794 2.9477e-05 -0.000211527 -0.00012186 0.00027806 -0.00168059 -4.82819e-05 -0.00906835 -0.000985273 -0.00679821 0.0008574 0.0052299 -0.000930055 0.000186871 -0.00405374 -0.0154605 -0.000142606 0.00603149 8.2277e-05 0.0150486 -0.0157014 -0.00272287 -0.0020101 -0.00290262 0.0158312 0.000208095 0.000876612 -0.00823246 8.31376e-06 -4.01363e-05 0.00167614 -0.00134532 -0.00358224 -0.0178032 4.99124e-05 -0.00239263 0.0110767 -0.001034 -0.00312374 0.000160009 -3.33386e-05 -0.00340827 -0.000158654 -0.00137135 -0.0136713 -0.000226491 -0.00488332 6.63894e-06 0.000870114 
0.000317454 -2.54133e-05 -0.000102521 -7.06002e-05 -8.31579e-05 0.00149902 3.67765e-05 -0.000132791 0.00514504 -0.00173217 -0.000922692 -0.000136067 -0.00124952 0.000673369 0.000899164 -0.000263623 -0.00088456 -0.000401861 -6.57602e-05 0.000484893 -6.12361e-05 -0.00191955 -0.000791814 -0.000146444 -0.00138825 0.000234382 -0.001147 -2.59505e-05 -0.000811593 -0.000129032 2.70306e-05 -0.000419408 2.77017e-06 0.000556319 -8.17942e-05 -0.0013464 -0.00100147 -0.00146334 -0.000483891 -6.26163e-05 4.01731e-05 -0.000577244 3.82887e-06 7.66291e-05 6.66647e-05 0.000100248 -3.58852e-06 6.52506e-05 -3.14499e-05 0.00157929 2.46312e-05 0.00133038 -9.83095e-07 0.00183255 1.84253e-05 8.19251e-05 0.000323148 2.42639e-05 -0.000940335 0.000828565 0.00180168 7.10269e-06 1.63212e-05 0.000978275 2.07344e-06 0.000704357 0.00140195 -2.03232e-05 0.00061493 0.000404285 -0.00143109 0.000424375 -0.000117847 -0.00024475 -0.000619562 -0.000396726 7.33526e-05 0.00064456 -0.00176967 -2.71115e-06 -3.60867e-05 -9.3529e-05 -0.000177059 0.00144607 0.00155537 -1.15533e-05 -7.33107e-05 -0.000407769 -0.000126363 -0.000377957 0.000127161 -3.47646e-05 -0.000434565 -2.89278e-05 -0.000122442 -0.000938042 -0.000224887 0.00016254 1.0522e-07 -4.26252e-05 
-0.00592634 0.000769252 -0.00754493 0.00848795 -0.0219788 0.00371019 -0.00251438 0.0087226 -0.00173217 0.244669 0.0946606 -0.0303463 0.140413 0.00670472 -0.183422 0.0230494 -0.154825 -0.0352325 -0.0132591 -0.000416521 -0.0127154 0.216031 0.125913 0.101241 0.14039 -0.00487185 0.138667 -0.0107043 -0.0117701 0.00915703 -0.00189869 -0.0892057 0.000587239 -0.212801 -0.00408152 0.191743 -0.135392 0.197824 0.128063 -0.00417147 -0.000588357 0.0764557 -0.00157902 0.000393784 -0.00547319 -0.000858926 -0.000603879 -0.000274421 0.000785683 -0.195731 -0.00056422 -0.0014911 -9.43005e-06 -0.0118635 0.000622687 -0.0018125 -0.0187841 -0.0014977 -0.119376 -0.019254 0.00986887 -0.000354335 -0.00114581 -0.00747778 -0.000758155 0.120557 -0.192147 -0.00257111 0.0701423 -0.00120784 0.130757 -0.193247 -0.0372314 -0.0282625 0.053453 0.0365373 0.00141123 -0.00218463 0.0349851 -0.00100314 0.000555722 -0.00421416 -0.0178658 0.051259 -0.214352 0.000738079 -0.0331765 0.023173 -0.017044 -0.0370634 -0.0056127 -0.000122319 -0.0490865 0.000913478 -0.0153921 -0.1794 0.0267069 -0.058218 -9.26306e-06 0.00360268 
-0.00322446 -1.12124e-05 -0.00613526 0.0128752 -0.00535615 -0.0173515 -0.000121813 -0.00548126 -0.000922692 0.0946606 0.177921 -0.0138739 0.0811034 0.0115485 -0.0827863 0.0227272 -0.0439695 -0.0155712 0.00343251 -0.000389657 -0.00703883 0.0940165 0.0661259 0.0525636 0.120227 -0.00106799 0.0364777 -0.00580666 -0.00269116 0.0123192 -0.00126206 -0.0441723 -0.000351852 -0.10433 -0.000650131 0.0914388 -0.0716402 0.0774109 0.00441729 -0.00138332 -0.000582046 -0.00744239 -0.00078679 0.000474173 -0.00258417 -0.000415171 0.000757533 -0.000161183 0.004812 -0.0906012 0.00121891 -0.00098074 5.9916e-05 -0.00684586 -0.0008201 -0.000913872 -0.00949763 -0.00068105 -0.064437 -0.014011 -0.0204858 -0.000621574 -0.00124229 -0.010033 -0.000243725 0.0755069 -0.119685 -0.00130302 0.00859511 -0.000393688 0.0791612 -0.0930698 -0.0192955 -0.0112421 0.076179 -0.0070094 -0.00124144 -0.000349421 0.027841 -0.000783178 0.00358338 0.00141791 -0.00994523 -0.0297001 -0.108217 0.000575003 -0.0161117 0.0118474 -0.00875612 -0.0197347 0.00239391 0.00100907 -0.0237306 0.000290954 -0.0078862 -0.0892987 0.011326 -0.0285031 -4.81555e-06 -0.00107755 
0.00391763 -0.000411323 0.00322564 -0.00115482 0.00477681 -0.00161028 0.000519912 -0.00247512 -0.000136067 -0.0303463 -0.0138739 0.0706202 -0.0135946 0.00197447 0.0215393 -0.00348832 0.0172283 -0.000109476 0.00384307 0.00017416 0.0133709 -0.030818 -0.01032 -0.0156967 -0.0181893 -4.50088e-05 -0.0243036 -0.000922225 0.00885945 -0.00174123 -0.000261728 -0.0117063 -0.000144729 0.02713 0.00205279 -0.0303028 -0.00119862 -0.0264842 -0.0232893 -0.000605263 -0.000427914 -0.00819091 0.000122572 -0.000132372 0.00400117 5.69648e-05 0.000215042 0.000223362 -0.000492944 0.0260738 2.39995e-05 -3.50962e-05 9.66493e-06 0.00104634 -0.000244306 0.000725581 -0.00114481 -0.000150451 0.00827789 -0.00059719 -0.00439939 -8.48116e-05 -0.000449666 0.00477442 0.000114745 -0.0107498 0.0240169 0.00173684 -0.00849855 2.5434e-05 -0.0140262 0.0281709 -0.000251327 0.00234677 -0.00765251 -0.00569613 -1.69694e-05 -0.000391045 -0.00398629 -9.35513e-05 0.00129517 0.00595858 -0.00127197 -0.0108255 0.0310642 -0.00016741 0.0085558 -0.00516887 0.0125574 -0.00643598 -0.001153 0.000200801 0.00462104 -0.000205112 0.00308446 0.0044674 -0.0035859 0.00720758 1.70563e-05 -0.000469488 
-0.00130579 0.000558372 -0.000751585 0.0113566 -0.0192681 -0.00905127 -0.00152587 0.00134222 -0.00124952 0.140413 0.0811034 -0.0135946 0.198931 0.0155943 -0.140189 0.0150713 -0.0815999 -0.0226111 -0.00955946 -0.000157613 -0.00815652 0.126665 0.0665738 0.0700103 0.112233 -0.00224372 0.0715177 -0.00672287 -0.0385022 0.0133436 -0.00153044 -0.0565207 -0.000129205 -0.125741 -0.00420423 0.101169 -0.0796944 0.145492 0.0484926 -0.00206487 -0.00142897 0.0770934 -0.000862695 0.000511949 -0.00339457 -0.000739545 -0.000458356 -0.00018381 0.00183108 -0.124131 -0.000119467 -0.00147185 4.58219e-05 -0.00764253 0.000637517 -0.0012891 -0.0107555 -0.000882535 -0.0721063 -0.0193979 -0.00454371 -0.000426047 -0.00182226 -0.0186887 -0.000359152 0.100065 -0.141275 -0.00158249 0.0216372 -0.000880118 0.0677024 -0.11794 -0.0235417 -0.0180566 0.0516383 0.0151444 0.00435951 -0.00221498 0.045904 -0.000678676 -3.72007e-06 -0.00764084 -0.0102136 0.000444523 -0.134832 -0.000275212 -0.0211299 -0.0219173 -0.00942355 -0.0234286 -0.0102975 0.00172156 -0.0310708 -0.00135729 -0.0101957 -0.108444 0.0197844 -0.0344229 -1.3109e-05 -0.00047507 
-0.000176271 -0.000290141 0.00148707 0.00763379 -0.00145394 -0.00367007 -0.00040802 -0.0022463 0.000673369 0.00670472 0.0115485 0.00197447 0.0155943 0.0650594 -0.0109037 0.00533276 -0.00551752 -0.00105668 -0.00137241 -5.37125e-05 -0.000561735 0.00552725 0.00937721 -0.00908112 0.00159855 0.00337774 -0.0171838 -0.000742107 -0.00840703 0.00821451 -0.000293248 -0.00844622 -7.73105e-05 -0.00360014 -0.000996284 -0.0131359 -0.00447747 0.0111274 -0.00704014 0.000618673 -0.000114466 0.0142484 -0.000111959 -6.06044e-05 -0.000545201 -0.000177691 -0.000102805 -1.99448e-05 -0.000284405 0.00301028 0.000309457 -0.000273074 -1.24171e-05 -0.00119136 -0.000145723 -0.000231798 0.00331086 -0.000153701 -0.00245604 -0.00402475 0.00923087 -0.000152251 -0.000581006 -0.00203697 0.00015051 0.0176896 -0.00899817 0.00012654 -0.0158998 -0.000152356 -0.0235844 0.000829433 -0.00348472 -0.00345062 0.00510258 -0.00325376 -0.00100436 0.000908724 0.00615194 -0.00014555 0.000774117 -0.000346284 -0.00121472 -0.0086943 -0.00478261 -0.000124125 -8.68278e-05 -0.00666946 0.000331481 -0.00403881 -0.00242028 -0.000201632 -0.00541554 -0.000350417 -0.00192176 -0.00486267 -0.000649376 -0.00150943 2.8624e-06 -0.000897921 
0.00561477 -0.000337995 -0.000150188 -0.0101853 -0.00395813 0.00608509 0.00134026 -0.0120081 0.000899164 -0.183422 -0.0827863 0.0215393 -0.140189 -0.0109037 0.237551 -0.00468404 0.155966 0.028199 0.00139523 0.000305454 0.0109918 -0.179404 -0.0999543 -0.105279 -0.117607 0.00160903 -0.107583 0.00957211 0.00859031 -0.00951047 0.00152642 0.0646469 -0.000264419 0.184941 -0.00636275 -0.165123 0.11605 -0.1984 -0.121528 0.00416578 -0.00171345 -0.0741804 0.00135601 -0.000450387 0.00477706 -0.000668404 0.000546817 0.00019792 0.00115124 0.153007 1.31448e-05 0.00109904 -8.81148e-05 0.00980915 -0.00100907 0.00148274 0.015831 0.00128162 0.108018 0.0245612 0.0134283 -8.6939e-05 -0.00327969 0.0122966 0.000498854 -0.129015 0.167818 0.00231535 -0.0378654 0.000815222 -0.090149 0.152238 0.030889 0.00635276 -0.0373891 -0.0438517 -0.0131527 0.00198138 -0.0597572 0.00097801 -0.00469727 0.0136928 0.0158986 -0.0351109 0.176332 -0.000263306 0.0295936 0.000455431 -0.00073427 0.0306346 0.0157388 0.00243697 0.0436568 0.00122341 0.0128001 0.155647 -0.0283981 0.0521609 7.22476e-06 -0.00250994 
0.000183948 -3.31922e-05 -0.00229567 0.00153478 -0.00397371 -0.00182223 -0.000189173 -0.000532739 -0.000263623 0.0230494 0.0227272 -0.00348832 0.0150713 0.00533276 -0.00468404 0.0492168 -0.00944203 -0.00258254 -0.00136655 1.28324e-05 -0.00119858 0.0183481 0.00810503 -0.00424304 0.0174873 -0.000758929 0.00513776 -0.00113393 0.000740214 0.00217113 3.89859e-06 -0.0104474 0.000517668 -0.0223824 -0.00039148 0.0163908 -0.015125 0.00816917 -0.0037303 0.00111759 -0.000247115 0.0085904 -0.000208705 9.69031e-05 -0.000480795 -5.0814e-05 -8.49984e-06 -2.79797e-05 0.00217235 -0.0249827 -9.83783e-05 -0.00014355 8.40803e-07 -0.00153401 0.000468611 -9.33161e-05 -0.00191592 -0.000206601 -0.0105572 -0.00347757 0.00627714 8.40679e-05 0.000199129 -0.00349378 -0.000111781 0.00576801 -0.0238007 -0.000195731 0.00329027 -0.000112645 0.0123404 -0.0209553 -0.00410852 -0.00340265 0.0235417 -0.00206335 0.000474537 -0.000239377 -0.00752081 -0.000177529 -0.000315745 0.00174504 -0.00192868 -0.00656257 -0.0237547 -9.26629e-05 -0.00316436 0.00520073 -0.00300253 -0.00437108 0.00728017 0.00345166 -0.00496674 0.00130333 -0.00187441 -0.0193859 -0.00195996 -0.00577878 5.359e-06 -0.000149885 
0.00321363 -0.000844476 0.00320743 -0.00467429 -0.00962438 -0.0217922 -0.00129928 -0.0168449 -0.00088456 -0.154825 -0.0439695 0.0172283 -0.0815999 -0.00551752 0.155966 -0.00944203 0.240447 0.0181798 -0.00528133 -0.00103881 0.00609689 -0.158014 -0.0854623 -0.0899206 -0.0878122 0.00296185 -0.0982648 0.00949156 -0.0272397 -0.00301998 0.000878455 0.0649251 -0.00106493 0.175427 -0.00980512 -0.151748 0.122271 -0.143753 -0.15351 0.00494327 -0.00366031 -0.0595191 0.00162091 -0.000848889 -0.001263 -0.00148881 -0.000880411 -6.32637e-05 -0.000355194 0.142807 -0.00014924 -0.000546918 -4.43994e-05 -0.00366158 -0.00134127 -0.000895019 0.0172921 0.000682488 0.101957 0.00364552 -0.0280299 -0.0003377 -0.00486449 -0.00827498 0.000330155 -0.0911456 0.14632 0.00204824 -0.0620148 -0.00098482 -0.0912981 0.147349 0.031975 0.00689318 -0.00420461 -0.0464448 -0.0138155 0.00222848 -0.00436125 0.000791159 -0.0044884 -0.00369124 0.0146545 -0.0662963 0.15901 -0.00119298 0.0233253 -0.0442885 0.0046218 0.0324534 0.0106959 0.00298355 0.0340875 -0.000770504 0.014583 0.161614 -0.0153644 0.0522327 5.10903e-06 -0.00760531 
0.000152122 -3.07904e-05 -0.00372351 -0.00137634 0.00309686 -0.00167528 0.00377908 -0.00191669 -0.000401861 -0.0352325 -0.0155712 -0.000109476 -0.0226111 -0.00105668 0.028199 -0.00258254 0.0181798 0.0779118 0.00228903 0.000279211 0.00272494 -0.0334183 -0.0048567 -0.0515769 -0.0213833 -0.00123392 -0.0423809 0.00420868 0.0229378 -0.000201656 0.00086333 0.0274793 -0.000113803 0.0315708 0.0018974 -0.0295018 0.0149174 -0.0302387 -0.0280409 -0.000546186 0.00147589 -0.0119133 0.000198842 -0.000155249 0.00796895 0.000331119 0.000418623 -2.80262e-05 -0.00132673 0.0272449 -0.000166447 0.000700833 -1.64113e-05 -0.00204834 -0.000193688 0.00131313 0.00707131 0.00135499 0.0343667 -0.00547116 0.00113145 -0.000132926 -0.000556964 -0.00502337 0.000251048 -0.0296015 0.0259623 0.000887778 -0.0522049 0.000377991 -0.0255949 0.0373308 0.00752301 0.000391458 -0.0100011 -0.00632402 0.000694779 0.000316688 -0.0530944 0.000290661 0.00188007 0.00729182 -0.00300644 -0.0158378 0.0339033 -0.000137548 0.0303828 -0.0019014 0.000439358 -0.00574805 -0.00184386 -0.00074877 0.0572786 -0.000167046 -0.00333455 0.0251627 -0.00461303 0.0169408 -3.37939e-06 -0.000392777 
-0.000373455 -0.000170245 -0.00112802 -0.000622002 0.0110677 -0.00201021 0.000379406 -0.00123522 -6.57602e-05 -0.0132591 0.00343251 0.00384307 -0.00955946 -0.00137241 0.00139523 -0.00136655 -0.00528133 0.00228903 0.0361042 -1.28471e-05 0.00034336 -0.0133806 0.00123112 0.000588839 -0.00384416 0.00031339 -0.0145614 -0.00090858 0.0149575 -0.000339553 0.000374819 0.00234311 -7.33931e-05 -0.00322701 0.00846916 -0.00787458 -0.00903956 -0.0120335 -0.00603327 1.7707e-05 0.00152371 -0.00515949 -0.000134523 -7.02367e-05 0.000377634 0.000589872 0.000883192 6.86977e-05 0.000141348 0.00730124 0.00115412 -0.000112538 -4.97916e-06 -0.000967972 -0.000157324 -1.533e-05 -0.00104884 3.47467e-05 -0.00332305 -0.00244145 0.0047178 -9.56405e-05 -0.00024244 0.00214597 -8.38545e-05 -0.00642489 0.00245954 3.36927e-06 -0.00670655 0.00049456 -0.00673506 0.0118056 -0.00215316 0.00840926 -0.00375882 -0.00208063 0.00619467 -0.000139375 -0.000198171 -0.000129756 0.00331396 0.00292124 -0.00126232 -0.00721266 0.00919517 7.64336e-05 0.00288465 0.00285634 0.00868203 -0.00211228 -0.000908428 -0.000308621 0.00229789 -0.000151538 0.000214214 -0.00292172 -0.000965352 -0.00238589 1.37948e-05 0.000273939 
0.000136209 5.77531e-07 -9.3201e-05 -1.79464e-05 -0.000182928 0.00152463 0.000244804 -4.61049e-05 0.000484893 -0.000416521 -0.000389657 0.00017416 -0.000157613 -5.37125e-05 0.000305454 1.28324e-05 -0.00103881 0.000279211 -1.28471e-05 0.00262015 0.000116004 -0.000527486 -0.000555912 -0.000328794 -0.000510531 9.7539e-06 -0.000591141 0.000374719 -0.00018942 -8.14102e-05 -6.71643e-06 -0.000287265 3.84984e-05 -0.000488087 -1.51131e-05 -0.000450589 -0.000126034 -0.000205188 -0.000529947 3.63603e-07 3.84192e-05 -8.07945e-05 3.73085e-05 0.000106242 0.000184682 2.98536e-05 9.53964e-05 4.82975e-05 -2.72252e-05 -0.000743439 -3.38115e-06 0.000633073 1.59622e-07 0.00102209 0.000135587 -5.06031e-06 -0.000106205 6.06532e-05 0.000136433 0.000587925 0.00147264 -2.78173e-06 5.45764e-05 -8.05072e-05 5.72165e-06 -0.000317319 0.000155396 5.08032e-06 -1.50973e-05 0.000656342 -0.000477306 -0.000815451 -0.000157781 -0.000161508 -0.000263125 -0.000150222 -6.98363e-05 2.78514e-05 -0.00144688 0.000173042 9.71185e-05 1.94755e-05 -2.09047e-05 0.000886299 6.13422e-05 3.06066e-06 -0.000188652 0.000173476 -0.000151089 2.21873e-05 8.82153e-05 -1.87859e-06 -2.93255e-05 1.34399e-07 -0.00010116 -0.000550867 8.57299e-06 -0.000117478 6.99097e-07 3.86461e-05 
0.000898942 4.68729e-08 -0.000181767 -0.000453873 0.0015428 0.00117019 0.00132974 -0.000804715 -6.12361e-05 -0.0127154 -0.00703883 0.0133709 -0.00815652 -0.000561735 0.0109918 -0.00119858 0.00609689 0.00272494 0.00034336 0.000116004 0.0301727 -0.0127206 -0.00928081 -0.0167142 -0.00853323 -0.000340439 -0.0131232 4.59834e-05 0.0089904 -0.000359328 0.000466657 0.00175114 4.09932e-05 0.0120583 0.000260291 -0.0125498 -0.00360247 -0.0110302 -0.0102005 0.000213367 9.73877e-05 -0.00418953 -3.37708e-05 -2.23023e-05 0.0051958 -2.18441e-05 0.000125699 0.000245993 -0.000303206 0.0102101 -7.30342e-05 0.0001016 -5.17591e-06 8.90855e-05 -0.000104213 0.00196857 -0.00117636 0.000163916 0.000555084 -0.000299063 0.000799661 -6.12012e-05 -0.000200595 -0.000117587 0.000521108 -0.00980006 0.0100529 0.000152169 -0.0128044 7.35962e-05 -0.0108516 0.00906223 0.00455217 0.000659378 -0.00342736 -0.00270268 0.000138404 -0.000293693 -0.0130407 -6.36589e-05 0.000530237 0.00456492 -0.000878166 -0.00331095 0.0131167 -7.1622e-05 0.0142854 -0.0012465 0.00280902 -0.00132271 -0.000717725 0.000132073 0.0130171 0.000104306 0.00126092 0.00627555 -0.00166042 0.00517948 1.38818e-05 -0.00021222 
-0.00589473 0.00113423 -0.00994477 0.00873183 -0.0126222 0.00305548 -0.00219979 0.0162598 -0.00191955 0.216031 0.0940165 -0.030818 0.126665 0.00552725 -0.179404 0.0183481 -0.158014 -0.0334183 -0.0133806 -0.000527486 -0.0127206 0.244562 0.127143 0.0999282 0.136328 -0.00493914 0.136965 -0.0106944 0.00431648 0.00963337 -0.00166679 -0.0881017 0.000462693 -0.213324 -0.00266761 0.195391 -0.136451 0.189658 0.129534 -0.00429551 2.00989e-05 0.0682534 -0.00156959 2.94949e-05 -0.00507874 -0.000809404 -0.000184411 -0.00027751 0.00125303 -0.194106 -0.000580197 -0.00125434 4.72805e-05 -0.0118762 3.52058e-05 -0.00155213 -0.0189377 -0.00146613 -0.117722 -0.0175024 0.00366244 -0.000276019 0.00389319 -0.00676013 -0.000644963 0.109564 -0.193666 -0.00254154 0.0647896 -0.000564768 0.132136 -0.193707 -0.0371349 -0.0275648 0.0498188 0.0464454 0.00224283 -0.00208049 0.0320822 -0.00103579 0.000611632 -0.000802506 -0.0177584 0.0489885 -0.217325 0.000810022 -0.0325387 0.0349165 -0.0175885 -0.0371351 -0.00314384 -0.00251291 -0.0474399 0.00174847 -0.0157548 -0.179072 0.0228581 -0.0582354 -7.44051e-06 0.00331307 
-0.00861506 0.000549387 -0.00628142 0.00503349 -0.0114502 0.00233158 -0.000943473 0.00656714 -0.000791814 0.125913 0.0661259 -0.01032 0.0665738 0.00937721 -0.0999543 0.00810503 -0.0854623 -0.0048567 0.00123112 -0.000555912 -0.00928081 0.127143 0.223885 0.0401204 0.0833482 -0.00644905 0.0543834 -0.0117839 0.00136552 0.004451 -0.00214809 -0.103034 4.22776e-05 -0.121849 -0.00676227 0.10846 -0.10098 0.107912 0.0607232 -0.00734174 -0.000959938 0.0366936 -0.00186771 -0.000245437 -0.00167573 -0.00138984 0.000339167 -0.000272626 -0.00103551 -0.108018 0.000415935 0.000544802 -5.75632e-05 -0.0109456 -0.00151727 -9.18241e-05 -0.00291666 -0.00138244 -0.0726991 -0.0237315 0.0160726 0.000500591 0.000188674 0.0115199 -0.000771321 0.084301 -0.112103 -0.00059672 0.0650926 0.000297482 0.0861665 -0.101114 -0.0499572 -0.0394577 0.0309181 0.0222836 -0.00895766 -0.000310385 0.00424586 -0.00179472 0.001395 0.00461099 -0.0251332 0.0179334 -0.124432 -7.9644e-05 -0.0122476 0.0223167 -0.0200316 -0.0331127 0.000381576 -0.00386504 -0.0191377 0.00127793 -0.00231101 -0.103456 0.0124451 -0.0391848 6.95454e-06 0.00213201 
-0.00150085 0.000371221 0.00190759 0.00502573 0.00905717 0.017265 -0.0032752 0.00538332 -0.000146444 0.101241 0.0525636 -0.0156967 0.0700103 -0.00908112 -0.105279 -0.00424304 -0.0899206 -0.0515769 0.000588839 -0.000328794 -0.0167142 0.0999282 0.0401204 0.206872 0.0636399 -0.000132654 0.120451 -0.0172137 -0.0108185 0.00109143 -0.00422814 -0.0554595 0.000285507 -0.115165 0.00348734 0.103543 -0.0857279 0.0965623 0.0781773 -0.00483299 -0.000691643 0.0310188 -0.00204372 0.000517838 -0.00875935 0.000526822 -0.000657842 -0.000212675 0.00168691 -0.0936937 0.000517832 -0.00134431 4.84042e-05 0.00818167 0.000556486 -0.00247779 -0.0148098 -0.00247658 -0.126687 0.0129429 -0.0148873 -0.00034004 -0.000320773 0.00641371 -0.000979171 0.0851232 -0.100274 -0.00380969 0.0912804 -0.00088259 0.0739784 -0.114543 -0.0372028 0.00818132 0.0241143 0.017558 0.00517912 -0.00494145 0.07152 -0.00156843 0.00217961 -0.00636121 -0.0106965 0.0542057 -0.106947 0.00052802 -0.0535585 0.0150539 0.00283662 -0.0406995 -0.00647325 -0.00232399 -0.0773047 -0.00162127 -0.00395255 -0.115086 0.0160793 -0.0601667 -2.31313e-05 0.00235858 
-0.0041323 0.000486206 -0.00449326 0.00447883 -0.0113261 -0.0226465 -0.000580711 0.00817319 -0.00138825 0.14039 0.120227 -0.0181893 0.112233 0.00159855 -0.117607 0.0174873 -0.0878122 -0.0213833 -0.00384416 -0.000510531 -0.00853323 0.136328 0.0833482 0.0636399 0.209263 -0.00390907 0.077699 -0.00747646 0.00957647 0.0106591 -0.0010857 -0.0623042 -0.000256257 -0.14428 -0.00268101 0.113133 -0.0937395 0.121814 0.0563709 -0.00312946 -0.00159346 0.0376828 -0.00106479 0.000120888 -0.00322694 -0.000750507 0.000681263 -0.000205766 0.0051262 -0.141006 0.000665852 -0.000749141 7.58527e-05 -0.00939199 -0.00121906 -0.000670521 -0.0129945 -0.00110601 -0.0813488 -0.0191384 -0.0253024 -0.000384613 0.000530384 -0.0182365 -4.79208e-05 0.0689682 -0.163827 -0.00175285 0.0368715 -0.000678061 0.125922 -0.131277 -0.025968 -0.0194443 0.0660207 0.0208772 -0.00312827 -0.000398517 0.0324039 -0.000655122 0.000590284 0.0136912 -0.0126731 -0.028782 -0.153936 0.000644441 -0.0216355 0.0226212 -0.011873 -0.0247169 -0.00191654 0.00116132 -0.0314019 0.000250784 -0.0115232 -0.123569 0.0263168 -0.039861 -6.35051e-06 0.000640317 
-0.000231399 9.28377e-06 -0.000265065 0.00151385 -0.000339922 -0.0010398 -6.89428e-05 -0.000685298 0.000234382 -0.00487185 -0.00106799 -4.50088e-05 -0.00224372 0.00337774 0.00160903 -0.000758929 0.00296185 -0.00123392 0.00031339 9.7539e-06 -0.000340439 -0.00493914 -0.00644905 -0.000132654 -0.00390907 0.0188827 -0.0089679 -0.000102196 -0.0024497 0.00217985 6.1629e-06 0.00660233 1.81002e-06 0.0044645 0.000672464 -0.00428075 0.00625703 -0.00358595 -0.00609212 0.000706768 0.000268076 -0.00240646 -7.65809e-06 0.000106337 -0.000240347 -2.60788e-05 -2.80417e-05 1.47712e-05 -0.000296826 0.00626957 4.22707e-06 -5.18955e-05 -6.94716e-07 -5.72439e-05 -3.56898e-05 -5.27177e-05 -0.000204956 1.23608e-05 -0.000800495 -0.001276 -0.00120018 -5.15695e-05 -0.000174469 -0.000979459 9.43772e-05 -0.00182624 0.00402157 -6.35565e-05 -0.00662928 1.21941e-05 -0.0062604 0.00655133 0.00183042 0.00485252 -0.00199424 -0.00166259 0.00100296 -8.12286e-06 0.00284004 -5.4053e-05 0.000309831 -0.000811629 -0.000210225 -0.00331498 0.00508434 -4.13297e-05 -0.00055823 -0.0014966 0.00289629 3.23871e-05 -0.000490843 -0.00013782 -0.00149666 -9.02637e-05 0.000815267 0.00481407 -0.000764165 -0.00148603 -9.30068e-07 -0.000246006 
0.00162232 0.000482731 -0.0099337 -0.00284352 -0.0158042 0.0196012 -0.00308274 0.0146365 -0.001147 0.138667 0.0364777 -0.0243036 0.0715177 -0.0171838 -0.107583 0.00513776 -0.0982648 -0.0423809 -0.0145614 -0.000591141 -0.0131232 0.136965 0.0543834 0.120451 0.077699 -0.0089679 0.249906 -0.0117233 -0.00764604 -0.0056673 -0.00251127 -0.0818129 0.000517393 -0.139584 -0.00444368 0.148266 -0.108325 0.114987 0.117746 -0.00536788 -0.00129492 0.0419156 -0.00168144 0.000265791 -0.00649043 6.41035e-05 -0.000509207 -0.000203093 0.00341528 -0.145451 -0.000998504 -0.00150314 8.64908e-05 0.00673965 0.00121089 -0.00212582 -0.0213235 -0.00200445 -0.120305 0.022912 -0.0157544 0.000243796 0.00261405 0.00733296 -0.00077143 0.0680416 -0.122106 -0.00267487 0.125388 -0.000159541 0.121422 -0.163546 -0.03762 -0.0249083 0.0215907 0.035921 -0.00114608 -0.00628726 0.0357304 -0.000423279 -0.00269374 -0.00325023 -0.0131472 0.0803718 -0.148331 0.000414114 -0.038915 0.0285339 -0.0193837 -0.035399 0.00208053 0.00252867 -0.0585458 -0.000272147 -0.0116958 -0.132498 0.0149049 -0.0662764 9.19235e-07 0.00375527 
0.000149146 -0.000152999 -0.000850754 -0.000467052 -0.00141216 -0.000983968 0.000817965 -0.000777828 -2.59505e-05 -0.0107043 -0.00580666 -0.000922225 -0.00672287 -0.000742107 0.00957211 -0.00113393 0.00949156 0.00420868 -0.00090858 0.000374719 4.59834e-05 -0.0106944 -0.0117839 -0.0172137 -0.00747646 -0.000102196 -0.0117233 0.0244948 -0.00406604 -0.000664216 0.000577075 0.00773958 -4.67283e-05 0.0120957 -0.000440582 -0.0104501 0.0134634 -0.0090583 -0.00789664 0.000301858 -0.000190792 -0.00353929 0.00108954 -3.83641e-05 -0.000293288 -3.38197e-05 -1.91921e-05 3.49359e-06 -0.000366944 0.00785588 -6.7394e-05 -0.000120603 -5.2749e-06 -0.0007639 5.37855e-05 -5.12791e-06 0.00016456 3.30783e-05 0.015579 -0.000617004 -0.000269071 -6.03131e-05 -0.000210939 -0.00163135 8.77552e-05 -0.00876892 0.0109151 0.000603044 -0.0116713 1.55845e-05 -0.00837624 0.00907248 0.00503866 0.00214612 -0.00303853 -0.0022648 -0.000699115 0.00123961 -0.00705487 0.00157532 -0.000289253 -0.00102157 0.000623112 -0.00435772 0.0114032 -5.76204e-05 0.00158438 -0.00236434 -6.51686e-05 0.00708618 -0.000191741 0.000536599 0.00599256 -9.2352e-05 -0.000291602 0.0142679 -0.00140204 0.00346315 8.5315e-08 -0.00029503 
0.000196387 -0.000571825 -0.00465477 -0.00212146 0.0509366 -0.00391908 0.00242017 0.0122617 -0.000811593 -0.0117701 -0.00269116 0.00885945 -0.0385022 -0.00840703 0.00859031 0.000740214 -0.0272397 0.0229378 0.0149575 -0.00018942 0.0089904 0.00431648 0.00136552 -0.0108185 0.00957647 -0.0024497 -0.00764604 -0.00406604 0.145248 -0.00183098 -0.000505918 -0.0042556 -1.15298e-05 -0.020628 0.0130517 0.0121826 -0.0456408 -0.0199276 0.0178128 -0.00192494 0.00232371 -0.0112783 -0.000254582 -0.000333916 0.00690131 0.0012733 0.00113728 5.59213e-05 -0.00168603 -0.0162821 0.000357249 -7.71818e-05 1.29599e-05 -0.00463621 -0.00067716 0.0017803 -0.00538511 -0.000173475 -0.018206 -0.00896249 -0.00423871 -0.000377848 0.00576583 -0.00204477 3.47453e-05 -0.0566951 -0.0280172 0.000406527 -0.0269547 3.03596e-05 0.025755 0.000227182 -0.00877351 0.0159412 -0.00785113 0.0176547 0.0086508 0.00203978 -0.0364078 -0.000583615 0.00538253 0.0329039 -0.00580274 -0.0200568 -0.0126066 0.000795304 0.0242482 0.0512567 0.00843989 -0.0142905 -0.00165476 -0.00110397 0.0213167 0.00237027 -0.00607422 -0.0410159 -5.77802e-05 -0.00821629 1.50244e-05 -0.000159817 
-0.000499111 3.43919e-05 -0.00135856 0.00503151 -0.00121782 -0.00285964 0.00034701 -0.000717 -0.000129032 0.00915703 0.0123192 -0.00174123 0.0133436 0.00821451 -0.00951047 0.00217113 -0.00301998 -0.000201656 -0.000339553 -8.14102e-05 -0.000359328 0.00963337 0.004451 0.00109143 0.0106591 0.00217985 -0.0056673 -0.000664216 -0.00183098 0.0334139 0.000398597 -0.00269206 -4.92787e-05 -0.00932253 -0.000123396 0.00460019 -0.00950202 0.00956128 -0.0081399 0.000218236 0.000225773 0.00437519 2.29853e-05 2.70017e-05 -7.58509e-05 7.54669e-05 5.03659e-05 -2.42116e-05 0.000357781 -0.00653577 0.00011726 -0.000182296 -1.76701e-06 -0.000840685 -0.000108103 6.9052e-05 -0.000982436 7.65195e-05 -0.0054436 -0.00250315 -0.00125269 -5.06204e-05 -3.12559e-05 -0.00260792 0.000281689 0.00624958 -0.0111484 -0.000198858 -0.0137804 8.15999e-06 -0.00380384 -0.00763222 -0.00115321 -0.00129734 0.00833839 0.000802888 -0.000354619 -0.000351946 0.00384109 -9.72801e-05 0.00031316 0.00170361 -0.00130287 -0.00581406 -0.0102595 -2.85054e-06 0.00191013 -0.00244702 0.000119024 -0.00218388 -0.00118312 -9.91246e-05 -0.00140837 -0.000174236 -0.000737997 -0.00841642 0.000621685 -0.00157819 -2.46102e-06 -0.000317006 
-3.58119e-05 -2.59586e-05 -0.000275257 -0.000114893 -9.24243e-05 -0.000454169 2.93917e-05 0.000633133 2.70306e-05 -0.00189869 -0.00126206 -0.000261728 -0.00153044 -0.000293248 0.00152642 3.89859e-06 0.000878455 0.00086333 0.000374819 -6.71643e-06 0.000466657 -0.00166679 -0.00214809 -0.00422814 -0.0010857 6.1629e-06 -0.00251127 0.000577075 -0.000505918 0.000398597 0.00615983 0.00171427 0.000151806 0.00191052 0.000118269 -0.0021704 0.00048323 -0.00170884 -0.00190813 0.000621993 0.000128543 -0.000623074 1.31237e-05 7.46423e-06 0.000334431 6.50153e-06 4.2765e-05 3.58263e-05 -6.22756e-05 0.00123211 -8.5781e-06 0.000441752 -1.01335e-06 -0.000133538 -2.36526e-05 0.000325465 -0.000218494 0.000227403 0.00122881 -0.000265878 -0.00044144 0.000395289 0.000575511 -0.000462438 0.000209042 -0.0019632 0.00180263 -2.05476e-05 -0.00232622 0.000129434 -0.00172853 0.00169331 0.00289317 -0.000253879 -0.000439299 0.000546395 -0.000166152 0.00070665 -0.00371728 1.37788e-05 -6.19257e-05 -0.00017161 -6.77744e-05 -0.00117213 0.0013681 -1.33099e-05 0.0017526 -0.000372673 -0.000323281 -0.000102929 0.000233952 3.56594e-05 0.00198345 -1.88364e-05 -0.000216208 0.00224272 -0.000342462 0.00224567 8.94271e-07 0.000105958 
-0.00284229 -0.000715426 0.0032784 -0.00327323 0.00390731 -0.0167581 0.000925512 -0.00697524 -0.000419408 -0.0892057 -0.0441723 -0.0117063 -0.0565207 -0.00844622 0.0646469 -0.0104474 0.0649251 0.0274793 0.00234311 -0.000287265 0.00175114 -0.0881017 -0.103034 -0.0554595 -0.0623042 0.00660233 -0.0818129 0.00773958 -0.0042556 -0.00269206 0.00171427 0.166001 -0.000320519 0.0912597 0.00126573 -0.079782 0.0827373 -0.0750855 -0.053256 0.00737638 0.00103371 -0.0295621 0.00133145 -0.000342502 -0.000217856 -0.000104951 -0.00038473 -6.9704e-05 -0.00213291 0.088726 -0.000519795 -0.000818133 -2.56326e-05 -0.00642386 0.000114231 -0.000190586 0.00634898 0.00145462 0.070281 -0.01246 -0.00526048 -0.000508268 -0.00167214 -0.0145801 0.00020825 -0.0678352 0.0842864 -0.000987645 -0.0892925 -0.000607156 -0.0753652 0.101923 0.0427087 0.0307122 -0.0252909 -0.0175352 0.00165718 0.000715595 -0.0173524 0.000430176 -0.000147452 -0.00630714 0.0109005 -0.0336681 0.0953904 -0.000397666 0.0204562 -0.0190089 0.00837036 0.0293389 -0.00455092 -0.00150158 0.0391362 -0.00100254 -0.00108121 0.0997102 -0.0109909 0.03973 -1.73031e-05 -0.00283049 
-2.47873e-05 -6.58093e-06 -8.26194e-05 -2.47276e-05 9.62019e-05 0.000557391 2.61056e-05 0.000577289 2.77017e-06 0.000587239 -0.000351852 -0.000144729 -0.000129205 -7.73105e-05 -0.000264419 0.000517668 -0.00106493 -0.000113803 -7.33931e-05 3.84984e-05 4.09932e-05 0.000462693 4.22776e-05 0.000285507 -0.000256257 1.81002e-06 0.000517393 -4.67283e-05 -1.15298e-05 -4.92787e-05 0.000151806 -0.000320519 0.00206204 -0.000935284 -5.66358e-06 0.000575359 -0.000589388 0.00094227 0.0002123 3.65122e-06 -8.11083e-06 0.000116381 -6.24196e-06 4.61731e-05 -7.58165e-06 3.56521e-05 1.0529e-05 3.46319e-05 -1.63058e-05 -0.00102385 -5.04553e-06 0.000129936 -1.30055e-07 8.77502e-05 8.29337e-05 0.000137666 -9.24194e-05 -4.11666e-06 -0.000512169 8.11165e-05 0.000119469 0.000255109 0.000254574 -0.00012386 4.85111e-05 0.000109605 -0.000948776 4.44497e-06 0.000399434 -6.98272e-07 0.000505481 -0.000883119 -0.000164416 -8.3051e-05 -8.48879e-05 0.0002737 -2.21892e-05 7.61036e-05 -0.00114511 -3.989e-06 -7.38005e-06 8.37016e-05 -8.28489e-05 0.000649461 -0.00097061 -1.29494e-06 -0.000132475 0.000449387 -0.000108986 -0.000147752 0.000269988 5.40223e-05 -0.000132496 -5.25231e-06 -5.49339e-05 -0.000824027 -6.20732e-05 -0.00026997 1.71029e-06 0.000490448 
0.00649163 -0.000925966 0.00701299 -0.00819641 -0.00374016 -0.0097113 -0.000514669 -0.0156107 0.000556319 -0.212801 -0.10433 0.02713 -0.125741 -0.00360014 0.184941 -0.0223824 0.175427 0.0315708 -0.00322701 -0.000488087 0.0120583 -0.213324 -0.121849 -0.115165 -0.14428 0.0044645 -0.139584 0.0120957 -0.020628 -0.00932253 0.00191052 0.0912597 -0.000935284 0.249983 -0.0077929 -0.201468 0.156119 -0.181535 -0.133327 0.00461384 -0.00253908 -0.0687145 0.00184319 -0.000483712 0.00432915 -0.000858797 -0.000831744 -1.66041e-05 -0.00420165 0.202389 -0.000568753 0.000695174 -8.81095e-05 0.0096518 -0.000851156 0.000946781 0.0220265 0.00164635 0.135879 0.0134933 -0.0112217 6.84954e-05 -0.0041434 0.00215486 0.00040039 -0.106545 0.20854 0.00273059 -0.0684912 -0.000237581 -0.142385 0.203386 0.0407802 0.0161198 -0.0551663 -0.0440946 -0.0118113 0.00220077 -0.032789 0.000956937 -0.00506612 -0.00481006 0.0200242 -0.0537823 0.223579 -0.00114207 0.036089 -0.0453665 0.00459771 0.0412482 0.00131776 -0.000325956 0.0514842 -0.00178129 0.0167069 0.202004 -0.0249054 0.0665326 -7.58686e-06 -0.00574982 
