0.0380541 -0.0128202 0.0023933 -0.0177235 -6.39543e-05 -0.00246766 -0.00334012 0.00708013 0.0127039 0.000564503 -1.0775e-06 5.99126e-05 -0.000545404 0.0193275 -0.00498208 -0.000273649 0.0122672 0.000346838 0.00167452 -0.0123647 -0.0137908 -0.00545328 -0.0105361 0.00769511 -0.00026167 0.0162846 -0.0158533 0.000172503 -0.000834381 0.0123868 -9.19688e-05 -0.00535405 -0.00878456 0.00153471 6.67696e-07 -0.000465853 -0.0140817 0.000796573 0.00147772 -0.00103609 -0.00165115 -0.000571702 -0.000789655 -0.000289502 -0.0113219 -5.21976e-07 0.00019091 0.000628341 -0.0153631 0.00169401 -0.00320101 0.000815752 -0.0128393 -0.000295047 8.01957e-05 0.000493947 0.00435539 -1.01843e-05 -0.00464158 0.000996156 0.0108406 0.000111638 -0.0076178 -0.00618656 -3.18287e-05 -0.000426336 -0.000355732 0.0116985 -0.000705136 0.0134251 0.00544474 0.0114702 -0.000459889 -0.00824906 -0.0024895 0.00328773 -2.52627e-05 -0.00260206 -4.00242e-05 0.00909543 -0.000129398 -0.000254746 -0.00968053 -0.00606227 4.30211e-05 -0.00154548 6.45374e-05 0.000721083 1.46429e-05 0.00818147 0.0114894 -4.76104e-05 0.000478829 -6.34816e-06 6.32358e-05 -0.00191797 -0.00720897 -0.0064727 0.000248521 0.0138618 
-0.0128202 0.239572 -0.00452278 0.000985448 0.00107314 -0.0279753 0.0298109 0.0711992 -0.00665851 -0.000819101 -0.000175373 -0.000740391 -0.00716925 -0.0527874 -0.0501182 -0.00284421 -0.00240982 -0.000579796 -0.0109166 0.10698 -0.0900249 -0.0562256 0.0582858 -0.0782954 -0.00322589 -0.0146932 0.0715547 -0.000644956 0.0137713 -0.00639482 0.000677294 -0.0567406 -0.0790672 -0.00221486 -0.000189547 -0.00973484 0.110874 -0.00482404 -0.0107983 -0.010533 -0.0164439 -0.00466396 -0.00910053 -0.00123128 0.0703609 -6.42415e-05 -0.000330165 0.00709406 0.0308748 -0.00077775 -0.0171133 -0.00205041 -0.0977088 0.0067055 0.000409592 -0.000723344 -0.000898163 -0.000119032 0.0832075 -0.000830406 -0.00466168 -0.000329242 0.0819938 -0.0655861 -0.000399923 0.00414916 -0.00283702 -0.00575479 -0.00184046 -0.00845355 -0.00821585 -0.01171 -0.00579686 -0.120583 -0.00274905 0.0279465 -0.000673773 -0.0264403 0.00162273 -0.00382356 0.00872519 -0.00261039 0.127076 -0.0683934 -9.6762e-05 -0.0270084 -0.000164006 0.0341883 6.89123e-05 -0.00561211 -0.0200729 0.000151109 -0.00254365 5.105e-05 2.77068e-05 0.00533158 -0.0758774 0.0368755 -0.000206918 -0.00300177 
0.0023933 -0.00452278 0.0284254 -0.00296143 -0.000125501 0.000245543 -0.00216358 -0.00112885 0.00221922 0.00139446 -7.86059e-06 -1.29029e-05 -0.00020691 -0.00119752 -0.00164882 7.8064e-05 0.00205101 0.000160272 0.00148847 0.00385121 0.00136307 -0.00164937 -0.000409731 0.000233925 -0.000111212 0.00960459 -0.0102711 -2.86977e-05 -0.000194943 0.00281855 -9.64117e-05 -0.00208141 0.00936377 0.00196352 6.32531e-05 0.00096224 -0.0127161 0.00186718 -0.000778061 -0.000689826 -0.000957045 -0.00030516 -0.000466767 -2.62401e-06 0.00135045 2.27562e-05 7.81158e-05 -0.000883693 -0.000593782 0.000114748 0.000134111 -0.000241756 -0.00578725 4.82879e-05 -5.41679e-05 0.000249031 -0.000287605 -4.44291e-06 -0.00445616 -5.35673e-05 0.00118191 4.16987e-06 -0.00632507 -0.000340778 -1.76078e-05 -0.000382525 0.000346673 0.000832693 0.00160648 0.00178775 0.00587345 7.14157e-05 -0.000267296 -0.00419387 0.000582862 -0.00383739 -2.0095e-05 -0.000738678 -4.12308e-05 0.000781548 -0.000695747 -7.03899e-05 0.00463282 -0.00388524 -8.16026e-06 -0.00150624 4.93759e-05 -0.00641334 3.62848e-06 0.000722229 -0.000386318 -5.34365e-05 -6.11428e-05 -3.90794e-06 3.90706e-05 -0.0017254 8.30396e-05 -0.00342901 4.25516e-05 0.000313755 
-0.0177235 0.000985448 -0.00296143 0.0524815 -0.00137799 -0.00038237 0.00102435 -0.00773789 -0.0144276 -0.00404234 -5.65991e-05 -0.000275114 0.000287761 -0.0168298 0.00622968 0.000274545 -0.0236012 -0.000749037 0.00243744 0.00996742 0.0288496 0.00573138 0.0159414 -0.0119789 0.000209225 -0.0135457 0.0169843 -0.000512739 -0.00152106 -0.0165501 -0.00048671 0.00638606 0.0129377 -0.000846877 -0.000388987 8.35238e-05 0.0130053 -0.00219025 -0.00207779 0.00124958 0.00198622 0.000369664 0.000158849 0.000273414 0.0107637 -3.95652e-05 -0.000721808 -0.00514519 0.0233996 -0.00186461 0.00120749 -0.00378375 0.0212823 -0.00800902 -0.000416877 -0.00128464 -0.00513872 -1.80597e-05 0.011063 -0.00147861 -0.0110146 -0.000156503 0.010596 0.00821509 1.09867e-05 -0.00225528 5.22106e-05 -0.0117103 -0.0035402 -0.0166237 -0.00136161 -0.0111587 0.000229635 0.0148861 -0.00709912 -0.0146682 -0.000314866 0.00260132 -0.00227808 -0.00903049 -0.00488966 0.000190295 0.0115384 0.0112457 -0.000437595 0.00108485 -2.82837e-05 0.000318123 -0.000112604 -0.0136509 -0.0232071 7.81996e-05 -0.00288599 -0.00011816 -0.000227071 0.000275379 0.00915949 0.00472543 -0.000341433 -0.0155024 
-6.39543e-05 0.00107314 -0.000125501 -0.00137799 0.00443895 -5.20881e-05 0.00195402 0.000279207 1.70825e-06 5.78532e-05 3.89597e-05 -3.89137e-06 -4.38633e-05 -7.29943e-05 -4.34542e-05 5.53244e-05 0.000972242 1.14494e-05 -0.00224247 -0.00119207 -0.00193216 0.000637728 -0.00102293 -0.000470428 -2.489e-05 -0.00038257 0.000351935 1.59611e-05 -3.58739e-05 0.000118549 4.60017e-06 -0.000170649 -0.000478711 -4.51926e-06 8.6588e-07 -8.31565e-05 0.000322863 2.23249e-06 0.000175815 -3.93901e-06 -4.50778e-05 -1.11327e-05 -1.43855e-05 -3.04195e-05 -0.000634368 4.17975e-06 0.000182588 0.000318811 -0.00212824 1.667e-05 -0.00033501 2.13876e-05 0.000231126 0.00117259 3.77972e-08 6.09085e-06 -4.00028e-05 2.16804e-06 -0.00166579 2.20385e-05 7.96477e-06 -4.82637e-06 -0.00162832 -6.14789e-06 2.02337e-06 0.00196679 -2.48195e-05 -1.86434e-05 0.00127702 -4.75385e-05 -0.000111176 9.94513e-05 -7.66481e-05 -0.000729466 0.000613287 0.00192502 6.81282e-05 -0.000154285 0.000788211 -1.88445e-05 0.00130731 -8.90653e-06 -0.00190208 -0.000332208 2.33362e-05 -0.000290347 6.89578e-06 -0.000715823 -5.9992e-08 0.000422304 -0.00025959 2.04437e-05 -2.13037e-05 4.22442e-05 3.29747e-06 -7.29927e-05 -0.000421894 0.000586304 1.39917e-05 -8.66716e-05 
-0.00246766 -0.0279753 0.000245543 -0.00038237 -5.20881e-05 0.0696124 -0.00649811 -0.0529869 -1.81618e-05 0.00118211 0.000176503 -6.23399e-05 0.0027815 -0.0115883 0.0560918 -0.000155286 0.000325388 0.000267092 -3.0725e-05 -0.0317996 0.0124257 0.0412544 -0.0573221 -0.0102182 -9.43342e-05 -0.00686702 -0.0502886 -6.1837e-05 -0.0016164 0.00166149 0.000352426 0.0558112 0.0442156 -0.000109009 0.000320779 0.00149652 -0.0492382 -0.000231186 0.00575932 0.0145139 0.0223973 0.000230721 0.000646219 -0.00052427 -0.0530075 8.34299e-05 -4.15536e-05 -0.00171048 0.00443434 -1.80624e-05 -0.000937777 -0.000135455 0.0332903 -0.00132434 -0.000231033 0.000608745 -0.00128769 4.67249e-05 -0.0518434 5.30968e-05 -0.000398533 -3.41958e-05 -0.0436948 0.0376001 0.000540204 -0.000912399 -0.000416675 -0.000795229 -0.000676828 0.00115393 -0.00171681 -0.00104875 -0.00123354 0.0441492 -0.000324425 -0.0102469 0.000160727 0.0367505 -0.000245439 -0.000575957 -0.0016824 0.000528882 -0.0396899 0.0202439 -1.07334e-05 0.014729 -3.08109e-05 -0.0175678 -7.46936e-06 6.56009e-05 -0.00934051 0.000422199 0.00288194 -5.29034e-05 2.86722e-05 -0.00642583 0.0422347 -0.0121331 0.000180557 -0.00156751 
-0.00334012 0.0298109 -0.00216358 0.00102435 0.00195402 -0.00649811 0.0824692 0.0147373 -0.00159665 -6.82355e-05 2.01997e-05 -0.000155127 -0.00163524 -0.0118103 -0.0108229 -0.000624392 -0.000897959 -0.000134208 -0.0231499 0.0244366 -0.0276099 -0.011183 0.0105918 -0.0204122 -0.000655436 -0.00846891 0.0126732 -0.000145907 -0.002127 -0.00229711 -0.000378136 -0.0112267 -0.013108 -0.000531696 -4.19245e-05 -0.00192192 0.0247548 -0.00104525 -0.0019622 -0.00239727 -0.00367279 -0.00116147 -0.00195359 1.7882e-05 0.00882651 8.03355e-06 0.000112248 -0.00228937 0.00589221 -0.000176835 -0.00712731 -6.42476e-05 0.0052534 0.00400432 0.000830716 -0.000182146 0.00168596 -2.31333e-05 0.00741328 -0.000208869 -0.00105181 -0.00011388 0.00415605 -0.0120073 -8.38775e-05 0.00742754 -0.00101755 -0.00129795 0.000469823 -0.00178535 -0.00144924 -0.00299802 -0.00135808 -0.0194676 -0.00371029 -0.00208379 -4.68607e-05 -0.00531844 0.00204396 -0.000868429 0.00513766 -0.000589542 0.0177382 0.00976673 -2.28216e-05 -0.00911882 -4.76884e-05 -0.0103945 -1.98188e-05 -0.00137708 -0.00984391 0.000170347 -0.000620308 5.98831e-05 -3.58672e-05 0.00294513 -0.0154945 0.00289766 -5.06792e-05 -0.00178684 
0.00708013 0.0711992 -0.00112885 -0.00773789 0.000279207 -0.0529869 0.0147373 0.156107 0.00256885 0.000623542 -0.00033459 -0.00108889 -0.0141754 0.0119385 -0.0990421 -0.00524484 0.00503525 -0.000205829 -0.00120205 0.0751913 -0.0356587 -0.0992457 0.0940341 0.00657006 -0.00432176 0.0180699 0.0779351 -0.000453691 0.00260287 0.00400945 -0.000657914 -0.106603 -0.110171 0.000284695 -0.000298245 -0.0142372 0.119766 0.00198367 -0.0185442 -0.0208236 -0.0334718 -0.010652 -0.0163212 -0.00314336 0.110959 -9.31277e-05 -0.000281576 -0.000150193 -0.00315159 0.000367937 -0.0160606 0.00144664 -0.0872015 0.00356426 0.000578887 -0.000207137 0.00344637 -0.000231256 0.12383 -0.000743146 0.00212577 -0.000360415 0.0898392 -0.105308 -0.000778335 0.00159706 -0.0039562 0.0021978 -0.0103582 0.0037475 0.0035944 -0.00063736 -0.00106987 -0.11263 0.00880881 0.0231804 -0.000629192 -0.0532621 0.000462443 0.00180612 0.0032513 -0.00531664 0.0887287 -0.0398485 -0.000186691 -0.0337294 1.58885e-05 0.0449907 -1.32309e-05 -0.000424098 0.0272925 -0.000600615 -0.0020885 6.41953e-05 -8.53658e-06 0.0134509 -0.115773 0.0191471 -0.000228154 0.00456849 
0.0127039 -0.00665851 0.00221922 -0.0144276 1.70825e-06 -1.81618e-05 -0.00159665 0.00256885 0.0173738 0.00130391 2.49796e-05 0.000164353 -0.000129945 0.0109633 -0.00208995 -0.000141089 0.00839245 0.000355154 0.000786249 -0.00668453 -0.0111451 -0.00193326 -0.0116156 0.00560633 -0.000127391 0.00902885 -0.0127321 7.43226e-05 -0.000309663 0.0114688 -9.46295e-05 -0.00208381 -0.00425433 2.95924e-05 2.35728e-05 6.73662e-05 -0.0117899 -0.000195728 0.0014732 -0.000418907 -0.000708656 -0.000245417 -0.000315189 -0.000103895 -0.0102763 1.4293e-05 0.000257342 0.000842998 -0.0128373 0.00166421 -0.00118212 0.000533081 -0.00703174 3.20045e-05 8.89369e-08 0.00025845 0.00207328 -1.16743e-06 -0.0098154 0.0011477 0.00861591 7.50227e-05 -0.00921501 -0.00265489 -1.61665e-05 -0.000348556 -0.000191386 0.00994816 -0.000270286 0.0118869 0.00241944 0.0111984 -0.00018039 -0.00486704 -0.000272165 0.000452514 4.23285e-06 -0.00103472 7.86184e-05 0.00799523 0.000505559 1.19981e-06 -0.00810932 -0.00380693 0.000125998 -0.0012958 3.54814e-05 -0.00315161 9.20522e-08 0.00689062 0.0106224 -4.07184e-05 0.000555784 4.89489e-06 5.84832e-05 -0.000744612 -0.00321964 -0.00295555 0.000172215 0.0102381 
0.000564503 -0.000819101 0.00139446 -0.00404234 5.78532e-05 0.00118211 -6.82355e-05 0.000623542 0.00130391 0.00521311 2.65883e-06 1.37458e-05 -8.67799e-05 0.000925426 -0.000607963 -2.11407e-05 0.00395133 7.0343e-05 -0.000547798 -0.00203379 -0.00246422 -0.000268622 -0.00269606 0.00271808 8.15983e-06 0.000740325 -0.00160402 5.28226e-05 -8.86379e-05 0.00251759 1.74635e-05 -0.000696488 -0.0012248 8.8333e-05 6.00233e-05 -4.40691e-06 -0.00142931 0.000262766 0.000172532 -0.000135868 -0.000183407 -1.65609e-05 -9.47564e-05 -3.81242e-05 -0.000512231 3.00533e-05 0.000413286 -0.00016819 -0.0038405 0.000302058 -0.000419318 0.000383974 -0.00202476 0.00113947 1.68504e-05 0.000395644 0.000235462 6.3382e-07 -0.00233289 0.000119858 0.000284951 2.81125e-05 -0.00212051 -0.000433183 2.64146e-07 0.000450681 -4.89622e-05 3.52379e-06 0.00102154 0.00207069 -0.0001187 0.000420818 -3.84244e-05 -0.00153575 0.0016343 0.00130111 7.97568e-07 -0.000321036 0.000374407 9.78957e-05 0.000444425 -2.14531e-05 -0.00256301 -0.00119926 3.73384e-05 -0.000383729 -5.50866e-07 0.000413619 9.04244e-06 0.00267487 0.00209906 -9.7132e-06 0.000525558 1.16957e-05 4.26245e-05 -0.000296904 -0.000883441 -0.000497044 3.53806e-06 1.27575e-05 
-1.0775e-06 -0.000175373 -7.86059e-06 -5.65991e-05 3.89597e-05 0.000176503 2.01997e-05 -0.00033459 2.49796e-05 2.65883e-06 0.00061047 3.15493e-06 8.55796e-05 -1.79306e-05 0.000224543 9.4261e-06 1.11687e-05 3.42574e-07 -0.000168968 -0.000249961 -3.48579e-06 6.51455e-05 -0.000344 3.4342e-05 1.35667e-05 -4.10091e-05 -0.000165846 1.20124e-05 -1.21515e-05 2.51674e-05 6.31691e-06 0.000244713 0.000192682 1.50461e-05 1.6108e-05 -1.07644e-05 -0.000313237 1.7459e-05 1.45792e-05 3.65078e-05 -1.09386e-05 3.99019e-05 -9.28826e-06 4.20943e-05 -0.000371842 1.71653e-06 1.2119e-06 3.20342e-05 -0.000217066 -1.21014e-06 0.000108112 1.70246e-05 0.000190683 2.43598e-05 5.11782e-06 2.46109e-05 2.3812e-05 1.38323e-06 -0.000400683 1.27133e-05 2.71418e-05 6.28598e-08 -0.000319357 0.000337726 1.03936e-05 8.18275e-05 -4.18933e-06 1.67365e-05 6.90409e-05 2.35723e-05 -1.27623e-05 2.79114e-05 -6.43147e-06 0.000268147 2.23261e-05 -3.5522e-05 5.20081e-05 9.52934e-05 5.83598e-05 1.2493e-05 5.81768e-05 3.79185e-05 -0.000345363 -3.34682e-05 4.35505e-07 1.78693e-05 -3.49005e-07 -0.000154747 4.57386e-07 4.28408e-06 -8.13901e-05 2.04538e-06 2.39249e-05 -1.40874e-07 1.69982e-06 -3.58542e-05 0.000239724 2.25339e-05 3.38212e-06 1.55299e-06 
5.99126e-05 -0.000740391 -1.29029e-05 -0.000275114 -3.89137e-06 -6.23399e-05 -0.000155127 -0.00108889 0.000164353 1.37458e-05 3.15493e-06 0.00205044 2.8603e-05 0.000825652 -0.000192339 -8.6089e-06 0.000137629 9.94111e-05 3.21996e-05 -0.000824443 0.000221225 0.000168524 -0.000542268 0.000619629 2.46241e-05 -0.000168723 -0.000160123 0.000258485 -5.15142e-05 9.33815e-05 -6.068e-06 3.00342e-06 0.000654145 -2.70682e-06 1.6472e-06 0.000291377 -0.00127483 -2.09412e-05 -2.91268e-05 -3.91876e-05 -2.23263e-05 1.03657e-05 0.000200818 2.00811e-05 -0.000702639 2.19378e-06 1.3684e-05 0.000145935 -0.000430881 -2.47047e-06 0.000610195 -3.1947e-05 0.000102029 -3.64943e-05 -6.35521e-06 5.39713e-05 1.26265e-05 1.31936e-06 -0.0012682 2.36182e-05 0.000147394 1.31742e-05 -0.00112235 0.000909638 -1.83149e-06 -2.41433e-05 0.000170734 0.000456117 2.51881e-05 6.19602e-05 -8.36258e-06 0.000129546 0.000155948 0.00097337 -8.41959e-05 -0.000153323 1.85997e-05 4.71852e-05 -4.28481e-06 5.6866e-05 -3.76118e-05 6.54128e-05 -0.00109477 -0.000431443 8.25033e-06 0.000115952 -4.20595e-07 -0.000437205 4.43272e-06 2.15931e-05 -6.19665e-05 -2.60675e-06 2.57152e-05 -1.36749e-06 1.68173e-07 0.000173792 0.00112174 -0.000178674 2.23894e-06 0.000152415 
-0.000545404 -0.00716925 -0.00020691 0.000287761 -4.38633e-05 0.0027815 -0.00163524 -0.0141754 -0.000129945 -8.67799e-05 8.55796e-05 2.8603e-05 0.0190657 -0.00203916 0.0124357 0.00182273 -0.000159617 0.000326356 -0.00351789 -0.00696457 0.00373807 0.0027379 -0.0121781 -0.00186254 -5.03874e-05 -0.00157206 -0.0126477 5.7674e-05 0.000368266 9.83589e-05 -5.9573e-06 0.0142599 0.0108894 -9.6045e-05 9.94653e-05 0.00043968 -0.0121005 -0.000176634 -0.00037357 0.00107347 0.00457832 0.00388373 0.00153427 0.000572962 -0.0135668 3.21882e-05 0.00015587 0.00092292 -0.00912445 -1.98067e-05 0.00561908 9.81538e-05 0.00511928 -0.00035046 -3.88938e-05 4.11164e-06 -0.000315283 0.000146476 -0.0109964 -1.50927e-05 -9.41306e-05 3.51401e-05 -0.0113672 0.0100534 9.97353e-05 5.51282e-05 -0.000122521 -0.000162226 0.000982959 -0.000304531 1.60752e-05 0.000102786 -0.000142885 0.00738857 0.000466257 -0.00212113 0.000145103 0.00775217 4.52462e-05 -0.000158451 0.000232024 0.00381623 -0.0108697 0.00654046 2.55728e-05 0.00970106 -2.18921e-06 -0.00359483 -1.23449e-06 7.03728e-05 -0.00280744 6.55485e-05 0.0017925 -9.72626e-06 2.46481e-05 -0.00129187 0.00566513 -0.00289608 0.000132635 -0.000361546 
0.0193275 -0.0527874 -0.00119752 -0.0168298 -7.29943e-05 -0.0115883 -0.0118103 0.0119385 0.0109633 0.000925426 -1.79306e-05 0.000825652 -0.00203916 0.134888 -0.0175851 -0.00115208 0.014624 0.00052927 0.00195136 -0.0359912 -0.00257795 -0.0104947 0.00496946 0.0731853 0.000872934 0.0111307 -0.00354908 0.00046369 -0.003516 0.00748987 -0.00085544 -0.0168594 -0.00410405 -0.000209712 -1.01908e-05 -0.00256489 -0.0420508 -0.000238028 0.00269055 -0.0040745 -0.0062827 -0.0020243 0.00317613 -0.000435198 -0.00578961 -2.87282e-06 0.000393244 -0.00454711 -0.0397805 0.00140185 0.00115599 0.00681784 0.00105356 0.000573674 0.000857281 0.000263409 0.00606545 -3.23242e-05 -0.0148494 0.00109548 0.00808672 0.000318928 -0.0179761 -0.00117231 -0.000114402 -0.000508532 0.000502734 0.0109422 -0.00216809 0.0102706 0.00119824 0.014531 0.00614787 0.0251851 -0.0118323 0.0157735 0.000575068 -0.0104124 0.000138081 0.00655728 -0.00141814 -0.000851393 -0.0712273 -0.0184177 -4.03947e-05 -0.0110926 4.72767e-05 -0.0176941 -4.30497e-05 0.00945904 0.029292 -0.000341319 0.000782959 7.91749e-05 8.41435e-05 0.0203777 0.0108145 -0.0195417 -1.23097e-06 0.00997978 
-0.00498208 -0.0501182 -0.00164882 0.00622968 -4.34542e-05 0.0560918 -0.0108229 -0.0990421 -0.00208995 -0.000607963 0.000224543 -0.000192339 0.0124357 -0.0175851 0.111114 0.00267128 -0.00396795 0.000118832 -0.00185389 -0.054589 0.0259056 0.0798003 -0.0880011 -0.0153751 0.00134271 -0.0123346 -0.0793132 0.000109657 -0.002349 -0.00319316 0.000334211 0.100635 0.0836369 -0.000738537 0.000157938 0.00723467 -0.0875473 -0.0015472 0.0139496 0.0206983 0.0340022 0.0066971 0.00612935 0.000595954 -0.0980706 7.43134e-05 2.19165e-05 -0.00299113 0.00397465 -0.000249406 0.00681971 -0.000990069 0.0661454 -0.00298537 -0.000389898 -9.07379e-05 -0.0023079 0.00012665 -0.0910482 1.75788e-05 -0.0014185 0.00023668 -0.0749215 0.081753 0.000773869 -0.000992711 0.000122119 -0.0016696 0.00344196 -0.00265146 -0.00196367 -0.003063 -0.00137015 0.0813219 -0.00777111 -0.0172474 7.98272e-05 0.0487303 -0.000362545 -0.00119053 -0.00262129 0.00534233 -0.0738919 0.0370002 -0.000127088 0.0283475 -3.3008e-05 -0.0360035 -3.10137e-05 -0.00126707 -0.0199786 0.000676735 0.00215881 -7.93189e-05 1.45699e-05 -0.0107545 0.0789734 -0.0166361 0.00019449 -0.00335226 
-0.000273649 -0.00284421 7.8064e-05 0.000274545 5.53244e-05 -0.000155286 -0.000624392 -0.00524484 -0.000141089 -2.11407e-05 9.4261e-06 -8.6089e-06 0.00182273 -0.00115208 0.00267128 0.00882197 -0.000150248 -5.35646e-06 -0.000222302 -0.00325991 0.00132021 0.00268206 -0.00535966 -0.00117669 9.21336e-05 -0.000626688 -0.00353349 -1.11551e-05 0.000235007 -0.000169991 -9.51299e-06 0.00454518 0.00281471 2.92137e-05 5.88351e-06 0.00323432 -0.00420476 -1.8444e-05 0.000759958 0.000233785 0.00123297 0.00160776 -7.36667e-05 -1.02905e-05 -0.00489127 6.01363e-06 1.59006e-05 -0.000139516 -0.00330674 -6.5508e-06 -0.000563304 -1.41853e-05 0.0035186 -6.02414e-05 -2.65119e-05 1.99483e-05 -0.000130525 2.3468e-05 -0.00567078 3.28324e-05 -8.56422e-05 2.51355e-05 -0.00399685 0.00407353 1.13604e-05 0.00123139 2.60128e-05 -8.26648e-05 0.00491601 -0.00015441 0.000215588 -7.0801e-05 -0.000149233 0.00372922 -6.19821e-05 -0.000414347 -1.54374e-05 0.00219337 7.66317e-05 -6.75171e-05 0.000897655 6.31476e-05 -0.00417044 0.00399598 4.59727e-05 -0.000500544 -1.40903e-06 -0.00180823 -2.1533e-07 5.85542e-05 -0.00108122 1.40662e-05 -4.5268e-05 -6.21631e-06 -1.03138e-06 -0.000700667 0.000618788 -0.000706054 8.66535e-05 -0.000195061 
0.0122672 -0.00240982 0.00205101 -0.0236012 0.000972242 0.000325388 -0.000897959 0.00503525 0.00839245 0.00395133 1.11687e-05 0.000137629 -0.000159617 0.014624 -0.00396795 -0.000150248 0.0320081 0.000227223 -0.000903542 -0.0116559 -0.0202179 -0.00304698 -0.0122372 0.0142692 -8.47782e-05 0.00906076 -0.0113018 0.000377802 0.00040781 0.00988286 0.000255559 -0.00420034 -0.00743368 -6.38198e-05 0.000135681 -0.000438374 -0.0107765 0.000592853 0.00264225 -0.000836113 -0.00126218 -0.000137313 -0.000554662 -0.000250815 -0.00822721 1.94962e-05 0.000753561 0.000370506 -0.0184768 0.00170642 -0.00141845 0.00265241 -0.0124504 0.00618736 8.94579e-05 0.000895372 0.0033918 -4.81626e-06 -0.00867766 0.00106418 0.00590966 0.000149716 -0.0106686 -0.00463098 -1.9987e-05 0.00200551 -0.000273514 0.00651214 0.00336332 0.00951749 0.000430803 0.00527531 -0.000411564 -0.00958631 0.00198779 0.0107182 0.000101748 -0.00201746 0.00185735 0.00408571 0.00195013 -0.000184804 -0.011501 -0.00741229 9.88949e-05 -0.00169806 -1.41606e-05 0.00234111 4.40487e-05 0.0117766 0.0119129 -6.43582e-05 0.00220375 2.22367e-05 0.000194906 -0.00156683 -0.00591173 -0.00445067 8.05444e-05 0.00895806 
0.000346838 -0.000579796 0.000160272 -0.000749037 1.14494e-05 0.000267092 -0.000134208 -0.000205829 0.000355154 7.0343e-05 3.42574e-07 9.94111e-05 0.000326356 0.00052927 0.000118832 -5.35646e-06 0.000227223 0.00190208 -0.000411845 -0.000420638 -0.000294843 -0.000133491 -0.000762406 0.000177777 1.57919e-05 0.000103944 -0.000832115 0.00013845 -3.67688e-05 0.000357383 2.08671e-06 0.000272855 0.000172832 8.73744e-06 4.04766e-05 3.08489e-05 -0.000662629 0.000134334 -2.55964e-05 6.59983e-05 4.98927e-05 1.20765e-05 -9.74406e-08 -1.1361e-05 -0.000676756 9.10454e-06 4.15797e-05 2.20354e-05 -0.0015291 8.04598e-07 0.000434142 -1.94022e-05 -0.00074442 1.03588e-05 -6.86686e-07 5.77118e-05 1.81397e-05 5.46524e-07 -0.000628312 1.58894e-05 0.000398789 1.09601e-06 -0.000877952 -0.000172207 5.78727e-07 -1.72889e-05 -2.04345e-05 0.000445452 -4.82914e-05 0.000612538 -4.81498e-05 0.000438607 -1.58078e-05 -0.000371217 0.000524412 0.000176373 1.57002e-05 4.09026e-05 -5.20118e-06 0.000232357 3.66976e-06 0.00035441 -0.000635758 -0.000346341 2.7709e-06 0.000620307 3.35117e-06 -0.000121278 2.04581e-05 4.81608e-05 0.000684847 6.0472e-06 0.000319936 6.15416e-06 2.74349e-05 -2.91116e-05 -0.000129142 -0.000266342 2.54911e-05 0.000350912 
0.00167452 -0.0109166 0.00148847 0.00243744 -0.00224247 -3.0725e-05 -0.0231499 -0.00120205 0.000786249 -0.000547798 -0.000168968 3.21996e-05 -0.00351789 0.00195136 -0.00185389 -0.000222302 -0.000903542 -0.000411845 0.0546932 -0.000727493 0.0179986 0.00352558 0.000334038 0.00873295 0.000179526 0.00446378 -6.36636e-05 -0.00020938 0.00078788 0.00118765 -0.00102626 -0.000735904 0.00159294 0.000187533 -0.000151745 0.00112036 -0.0068311 0.00012051 0.00022137 -0.000453664 -0.00190141 -1.9575e-05 0.000213734 -0.000859222 0.00458703 -0.000120555 -0.000316044 -0.000653928 0.00699241 0.000106002 -0.00467744 -0.00290564 -0.00813022 -0.00564831 -0.00170902 -4.09896e-05 -0.00294469 -0.000103093 -0.000760896 -1.97212e-05 0.000602166 9.84027e-06 0.00196055 0.00184345 -0.000198254 -0.0115604 0.00028191 0.000771658 -0.00230441 0.000566838 0.000516913 0.00114033 -0.00150752 0.00320046 -0.00533449 -0.00376469 -0.000389051 0.000861774 -0.00283283 0.000499844 -0.00619549 -0.00233433 0.0100413 -0.00679533 -9.66039e-05 -0.00423021 -8.40808e-06 0.00343407 -3.95686e-05 -4.01131e-05 0.00787169 -0.000595997 -0.00115404 -7.51952e-05 -7.05413e-05 -0.00419482 0.00400874 -0.0139371 -0.00015499 0.000965454 
-0.0123647 0.10698 0.00385121 0.00996742 -0.00119207 -0.0317996 0.0244366 0.0751913 -0.00668453 -0.00203379 -0.000249961 -0.000824443 -0.00696457 -0.0359912 -0.054589 -0.00325991 -0.0116559 -0.000420638 -0.000727493 0.246612 -0.0277999 -0.0630689 0.0680449 -0.0599969 -0.00363739 0.0114749 0.0407059 -0.000513436 0.00454396 -0.00892113 -0.0010076 -0.0613549 -0.0700053 -0.000962607 -0.000183631 -0.0086164 0.106372 -0.00146839 -0.0124061 -0.0116303 -0.0178727 -0.00530752 -0.00955026 -0.000978724 0.07888 -8.27601e-05 -0.000580388 -0.00624973 0.0280256 -0.000873258 -0.0084021 -0.000648128 -0.104561 -0.000628001 0.00128055 -0.000823759 0.00359451 -0.0001391 0.087267 -0.00107948 -0.00521307 -0.000251572 0.0817662 -0.072424 -0.000448023 -0.00140689 -0.00305601 -0.00639385 -0.00706343 -0.00807987 0.00558705 -0.0124377 -0.00207559 -0.122884 0.00605283 0.00931444 -0.000580236 -0.0292253 -0.000803701 -0.00422942 -0.000446689 -0.00246913 0.12498 -0.0503091 -0.000230312 -0.02597 0.000208633 -0.049148 -0.000101776 -0.00841725 0.0279188 -0.000266979 -0.00246132 0.000214502 -0.000158403 0.0300558 -0.081378 -0.0218029 -0.000262358 -0.00522175 
-0.0137908 -0.0900249 0.00136307 0.0288496 -0.00193216 0.0124257 -0.0276099 -0.0356587 -0.0111451 -0.00246422 -3.48579e-06 0.000221225 0.00373807 -0.00257795 0.0259056 0.00132021 -0.0202179 -0.000294843 0.0179986 -0.0277999 0.176083 0.028277 -0.011219 0.0253369 0.00165469 -0.0170371 -0.0130196 -0.00013381 -0.00862685 -0.0109832 -0.000723637 0.0295917 0.0571184 0.00121795 -0.000153701 0.00453969 -0.039926 0.00147344 0.00100222 0.00436221 0.00739112 0.00241231 0.00480964 1.55035e-05 -0.0162892 -3.79056e-05 -0.000357103 -0.00409795 0.00169166 -0.00148123 0.0152401 -0.00774474 0.0416555 -0.00661703 -0.00187556 -0.000626415 -0.010333 1.28657e-05 -0.0329796 -0.00137558 -0.0088944 -0.000193528 -0.0398984 0.0359506 -1.3217e-05 -0.00669618 0.00225799 -0.0087351 -0.00302016 -0.0110223 0.00013237 -0.00694283 0.0015092 0.0607211 0.00485266 -0.033419 0.000113325 0.0131409 -0.00245912 -0.00724468 -0.00662169 0.00140588 -0.0358665 0.0299055 -0.000200882 0.0160247 9.61153e-06 -0.0245013 -9.03262e-05 -0.0091496 -0.0142159 -0.000607258 7.95041e-05 -0.000128861 -0.000202553 -0.00424679 0.0412544 -0.0418184 -0.000328031 -0.0173907 
-0.00545328 -0.0562256 -0.00164937 0.00573138 0.000637728 0.0412544 -0.011183 -0.0992457 -0.00193326 -0.000268622 6.51455e-05 0.000168524 0.0027379 -0.0104947 0.0798003 0.00268206 -0.00304698 -0.000133491 0.00352558 -0.0630689 0.028277 0.123349 -0.0789339 -0.00456246 0.00519695 -0.0133511 -0.0633122 0.000123844 -0.00356611 -0.00337997 -0.000527578 0.0858631 0.0939158 -0.000240413 0.000114118 0.015757 -0.0971352 -0.0016798 0.0186332 0.0181753 0.0235451 0.0075818 0.0116903 0.000677942 -0.096255 1.61009e-05 0.00025966 -0.00176068 0.00382535 -0.000272968 0.00828791 -0.000801718 0.0752804 -0.00261174 -0.000437281 0.000108385 -0.00261761 -1.01112e-05 -0.103428 0.000514987 -0.00161463 0.00025177 -0.0836371 0.0920103 0.00050118 -0.00105765 0.00450138 -0.00186288 0.0106971 -0.00304078 -0.00268038 -0.000174157 -0.00110715 0.0920913 -0.00732391 -0.0175794 0.000155453 0.03888 -0.000392242 -0.00135587 -0.00225651 0.00245039 -0.0823968 0.0186579 -7.33868e-05 0.0126477 -3.06094e-05 -0.0396837 -3.43558e-05 0.00210063 -0.0207145 0.000510056 -0.000572184 -5.26842e-05 2.84204e-05 -0.011613 0.0950368 -0.0178675 1.96843e-05 -0.00362878 
-0.0105361 0.0582858 -0.000409731 0.0159414 -0.00102293 -0.0573221 0.0105918 0.0940341 -0.0116156 -0.00269606 -0.000344 -0.000542268 -0.0121781 0.00496946 -0.0880011 -0.00535966 -0.0122372 -0.000762406 0.000334038 0.0680449 -0.011219 -0.0789339 0.132188 -4.65479e-05 -0.000155532 0.00589329 0.0927177 -0.000202244 0.00311173 -0.0135701 -9.9829e-05 -0.0959504 -0.075954 0.00026016 -0.000342307 -0.0101026 0.099372 0.00094649 -0.018012 -0.0181851 -0.0322139 -0.00973018 -0.00724677 -0.000398228 0.109428 -0.000148518 -0.000735128 0.000564728 0.0173287 -0.00161803 -0.00153716 0.00119171 -0.0568852 0.000595052 0.00045184 -0.00124369 -0.000895859 -0.000224969 0.108543 -0.00159901 -0.00976991 -0.000482933 0.0888923 -0.0786089 -0.000798083 -0.00198743 0.0004515 -0.010586 -0.0103017 -0.0126071 -4.45412e-05 -0.00860944 0.00197187 -0.0771196 0.00180524 0.0133708 -0.00042953 -0.0550183 -0.000958267 -0.00799953 -0.000753891 -0.00440388 0.0878074 -0.0392887 -7.18467e-05 -0.029606 5.92742e-07 0.0374186 -4.51916e-05 -0.0118218 0.00845274 -0.000594295 -0.00342343 5.95113e-05 -0.000165415 0.0129692 -0.0781162 0.0171041 -0.00051202 -0.0106954 
0.00769511 -0.0782954 0.000233925 -0.0119789 -0.000470428 -0.0102182 -0.0204122 0.00657006 0.00560633 0.00271808 3.4342e-05 0.000619629 -0.00186254 0.0731853 -0.0153751 -0.00117669 0.0142692 0.000177777 0.00873295 -0.0599969 0.0253369 -0.00456246 -4.65479e-05 0.179688 0.00214766 0.00606397 0.00708607 -7.18016e-05 -0.00564615 0.00961017 -0.000290238 -0.0170151 0.0168818 8.68367e-05 4.47554e-05 -0.00174416 -0.0460391 0.00415766 -0.000294657 -0.004215 -0.00775878 -0.000339246 0.00308347 0.00233064 0.00710028 1.08569e-06 0.000396826 -0.00422916 -0.057399 0.00119369 0.00480214 -0.000582392 0.00749962 0.000219925 -0.000640638 0.000891145 0.0010837 -6.2214e-06 -0.0234717 0.000113085 0.00414411 0.000250752 -0.044026 -0.000855624 0.00022618 -0.00160621 0.000836327 0.00606068 -0.00287717 0.00783165 -0.00125179 0.0106221 0.00458231 0.0302187 0.008623 0.011498 0.00112815 -0.0142414 -0.000244895 0.0031907 0.00121234 -0.000748309 -0.0673126 -0.0247347 8.24226e-05 -0.00238677 -0.00010465 0.0169712 1.16593e-05 0.00954128 0.00990932 -0.000537511 0.0021593 -4.82269e-05 0.000131027 0.00084829 0.02233 -0.0207227 -6.2915e-05 0.00382868 
-0.00026167 -0.00322589 -0.000111212 0.000209225 -2.489e-05 -9.43342e-05 -0.000655436 -0.00432176 -0.000127391 8.15983e-06 1.35667e-05 2.46241e-05 -5.03874e-05 0.000872934 0.00134271 9.21336e-05 -8.47782e-05 1.57919e-05 0.000179526 -0.00363739 0.00165469 0.00519695 -0.000155532 0.00214766 0.00824176 -0.000714033 -0.000251247 1.5636e-05 -0.000177592 -0.000183078 -4.67559e-05 0.000582698 0.00443179 3.93572e-05 -1.71619e-07 0.000302392 -0.00544269 2.50487e-05 0.000484637 0.00224422 -0.000142934 -5.59514e-05 0.000362441 5.04255e-05 -0.00355632 -1.56804e-06 8.22901e-06 -0.000268726 -0.00109201 -1.48379e-05 0.00145536 -0.000127626 0.00400671 2.30476e-05 -1.9745e-05 1.15127e-05 -0.000134534 -2.1651e-06 -0.00547544 4.13967e-05 -8.42131e-05 -7.25418e-06 -0.00415039 0.00395084 1.60023e-05 -0.000107407 1.18459e-06 -9.35963e-05 0.000820015 -0.000130378 -0.000218739 3.46933e-05 5.00659e-06 0.00511987 -0.000582207 -0.000716784 1.94362e-05 -0.000302711 1.98307e-05 -6.80873e-05 -0.000138719 0.000106152 -0.00489374 -0.00146002 -7.67279e-07 -0.000728098 -4.32173e-06 -0.00196302 -2.23517e-06 0.000117727 -0.00106268 4.53993e-05 3.97761e-05 -4.91033e-06 2.40334e-05 -0.000570213 0.00491836 -0.00136984 -2.52128e-06 -0.000201996 
0.0162846 -0.0146932 0.00960459 -0.0135457 -0.00038257 -0.00686702 -0.00846891 0.0180699 0.00902885 0.000740325 -4.10091e-05 -0.000168723 -0.00157206 0.0111307 -0.0123346 -0.000626688 0.00906076 0.000103944 0.00446378 0.0114749 -0.0170371 -0.0133511 0.00589329 0.00606397 -0.000714033 0.094385 -0.031729 0.000211611 -0.00172369 0.00407028 -0.000535195 -0.0125004 -0.0116669 0.00403671 -6.35312e-06 -0.000895421 -0.0163607 0.00616614 -0.000781327 -0.00268304 -0.00441334 -0.00145285 -0.00167178 -0.000678336 0.00671851 -1.76477e-05 0.000355673 -0.00238799 0.000511245 0.00107919 -0.00621016 0.00448592 -0.0339906 -0.00125472 0.000299579 0.000201132 0.00333139 -3.23311e-05 0.0138677 0.000582967 0.00472027 7.65166e-05 0.00250159 -0.0156774 -9.13135e-05 -0.00076315 -0.00106401 0.00416153 -0.00181177 0.0068316 0.0131896 0.00797001 -0.0012297 -0.0267793 -0.000365097 -0.00479786 -0.000217327 -0.00677948 -0.000303332 0.0036625 -0.000403236 -0.000636646 0.0197085 -0.010899 -1.73826e-05 -0.00652117 0.000266838 -0.00044582 -9.81467e-06 0.00417463 0.0113089 0.00011384 0.000105868 -6.28407e-05 3.81384e-05 -0.00383267 -0.0189606 -0.0057399 -3.931e-05 0.0071894 
-0.0158533 0.0715547 -0.0102711 0.0169843 0.000351935 -0.0502886 0.0126732 0.0779351 -0.0127321 -0.00160402 -0.000165846 -0.000160123 -0.0126477 -0.00354908 -0.0793132 -0.00353349 -0.0113018 -0.000832115 -6.36636e-05 0.0407059 -0.0130196 -0.0633122 0.0927177 0.00708607 -0.000251247 -0.031729 0.164872 -0.000384815 0.00421453 -0.0105193 0.000562895 -0.0850989 -0.078382 -0.00345081 -0.000371687 -0.0100454 0.105539 -0.00307685 -0.0121842 -0.0133826 -0.0311017 -0.00655134 -0.0101432 0.000433812 0.0948874 -0.00010566 -0.000793976 0.00340048 0.00965063 -0.00155034 0.00211858 -0.00804158 -0.037603 0.0036211 -0.000860204 -0.0011734 -0.00747006 -0.00020648 0.0871527 -0.000843985 -0.0091822 -0.000473224 0.0774862 -0.0690908 -0.000626119 0.00201497 -0.000811031 -0.0097554 -0.00497957 -0.0142059 -0.0183411 -0.00913879 0.00229938 -0.0546604 0.000610086 0.0194594 -0.000230137 -0.0504442 0.000294945 -0.00761781 -6.90493e-05 -0.00481298 0.0665523 -0.0432556 0.000110122 -0.0269402 -0.000296293 0.0525913 2.78231e-05 -0.00803352 -0.0140328 -0.000620641 -0.00485839 7.18675e-05 -8.28321e-05 0.00772385 -0.0599534 0.0319118 -0.000424426 -0.0107095 
0.000172503 -0.000644956 -2.86977e-05 -0.000512739 1.59611e-05 -6.1837e-05 -0.000145907 -0.000453691 7.43226e-05 5.28226e-05 1.20124e-05 0.000258485 5.7674e-05 0.00046369 0.000109657 -1.11551e-05 0.000377802 0.00013845 -0.00020938 -0.000513436 -0.00013381 0.000123844 -0.000202244 -7.18016e-05 1.5636e-05 0.000211611 -0.000384815 0.00177731 -4.55652e-05 -8.12653e-06 6.95115e-06 0.000309325 0.000492926 -7.21544e-06 6.32606e-05 3.11811e-05 -0.000978806 3.30013e-06 -3.2163e-05 8.94298e-05 -5.70944e-05 4.14711e-05 -9.30983e-07 5.76866e-06 -0.00110423 4.66267e-06 8.55776e-06 -5.08109e-05 -0.000119447 1.58936e-06 0.000475968 0.000363886 -5.88951e-05 9.17555e-06 8.20728e-05 -2.56551e-06 0.000347803 -3.87153e-07 -0.000559826 2.66032e-05 4.60847e-05 1.77012e-06 -0.000460809 0.000535299 -1.36551e-06 -3.20838e-05 3.57596e-05 7.93914e-05 7.71787e-06 5.04459e-05 -4.02382e-06 0.000116822 -3.33394e-05 0.000506038 -8.24757e-05 -0.000236069 2.48532e-06 -7.97748e-05 -2.65985e-06 3.53357e-06 -3.15431e-05 0.000157435 -0.000829751 -0.000419209 -3.89708e-07 0.000140313 -8.27279e-07 -0.00041131 6.80687e-06 2.73106e-05 0.00031262 -5.74668e-07 0.000188384 -3.94773e-07 5.33162e-06 -0.00010018 0.000535161 0.00013472 8.25218e-07 7.34343e-06 
-0.000834381 0.0137713 -0.000194943 -0.00152106 -3.58739e-05 -0.0016164 -0.002127 0.00260287 -0.000309663 -8.86379e-05 -1.21515e-05 -5.15142e-05 0.000368266 -0.003516 -0.002349 0.000235007 0.00040781 -3.67688e-05 0.00078788 0.00454396 -0.00862685 -0.00356611 0.00311173 -0.00564615 -0.000177592 -0.00172369 0.00421453 -4.55652e-05 0.0264652 -0.00024544 0.000208601 -0.00285111 -0.00802786 -0.000121006 -1.28391e-05 -0.000652435 0.0063059 -0.000329966 -0.000420071 -0.000198335 -0.000136019 -0.000196475 -0.000547397 -9.36697e-05 0.00371838 -5.65848e-06 -3.5685e-05 0.000452189 0.00184363 -4.97963e-05 -0.00178192 -0.000314659 -0.00887985 0.00103097 -4.40629e-05 -3.18841e-05 -0.00038046 4.97832e-06 0.0053689 -4.01768e-05 -0.00024465 -1.99942e-05 -0.00084241 -0.00443551 -1.5376e-05 -9.29957e-05 0.000156236 -0.000367402 -0.000350348 -0.000557785 -0.000505783 -0.000818248 -0.000431271 -0.00716517 -0.00164797 0.00184957 -4.93943e-05 -0.001491 -8.04364e-05 -0.00023169 0.00010816 -4.26053e-05 0.0078001 -0.00594747 5.94643e-06 -0.00065913 -1.24004e-05 0.00626092 8.84224e-06 -0.000390766 -0.00347807 -3.02791e-05 -0.000149828 -1.03438e-05 -7.56116e-06 -0.00182955 -0.00485978 0.00273707 7.76302e-05 0.000194854 
0.0123868 -0.00639482 0.00281855 -0.0165501 0.000118549 0.00166149 -0.00229711 0.00400945 0.0114688 0.00251759 2.51674e-05 9.33815e-05 9.83589e-05 0.00748987 -0.00319316 -0.000169991 0.00988286 0.000357383 0.00118765 -0.00892113 -0.0109832 -0.00337997 -0.0135701 0.00961017 -0.000183078 0.00407028 -0.0105193 -8.12653e-06 -0.00024544 0.0255319 0.000204524 -0.00332639 -0.00686096 -7.56076e-05 0.000109184 -0.000126463 -0.00800108 2.29651e-05 0.000271609 -0.000666836 -0.0010559 -0.000329182 -0.000564994 -0.00017611 -0.00790264 2.69659e-05 0.000110076 0.00264336 -0.0189449 0.00130982 0.000259569 -0.000413606 -0.00989518 0.000493403 -6.88875e-05 0.000820635 0.00288323 -3.77948e-06 -0.00882119 0.000812976 0.00966009 6.45811e-05 -0.012976 -0.00425145 -2.4533e-05 -0.000444211 -0.000279124 0.0100874 -7.76128e-05 0.0140173 0.00145041 0.00951953 -0.000255147 -0.00785947 0.00411637 2.97871e-07 0.000240435 -0.00159884 -8.0178e-06 0.0085519 8.52525e-05 -8.95901e-05 -0.00946381 -0.00473673 0.000183075 -0.000210056 3.33955e-06 0.00279506 3.20308e-05 0.00802947 0.0103206 -5.79216e-05 0.001833 2.39498e-05 0.000142939 -0.00207246 -0.00487588 -0.00274378 0.00027282 0.0109474 
-9.19688e-05 0.000677294 -9.64117e-05 -0.00048671 4.60017e-06 0.000352426 -0.000378136 -0.000657914 -9.46295e-05 1.74635e-05 6.31691e-06 -6.068e-06 -5.9573e-06 -0.00085544 0.000334211 -9.51299e-06 0.000255559 2.08671e-06 -0.00102626 -0.0010076 -0.000723637 -0.000527578 -9.9829e-05 -0.000290238 -4.67559e-05 -0.000535195 0.000562895 6.95115e-06 0.000208601 0.000204524 0.00643504 -9.07507e-06 -0.000613501 -2.75496e-05 5.65484e-05 -9.38946e-05 0.000270829 -6.48551e-05 -7.13691e-05 0.000269905 -0.000126056 -2.24639e-05 -9.8707e-05 1.01495e-05 0.000230353 5.67937e-06 -8.27147e-06 0.00102918 -0.000819876 -1.15515e-05 0.00111177 -7.22547e-05 -0.00172698 0.000186705 -1.18876e-05 9.68249e-06 -9.17132e-05 2.9579e-05 -4.07426e-05 2.8267e-06 -5.12297e-05 -7.17711e-07 -0.000950898 -0.000523748 0.00012642 -7.06184e-05 -6.50914e-05 -9.54562e-05 -9.23158e-05 -6.74526e-05 -0.000147193 -0.00020713 0.000678573 4.54187e-05 -0.000321912 -0.000239009 9.15614e-05 0.000153806 1.24924e-05 -5.65936e-05 0.000163549 3.70115e-05 -0.0003846 -0.00106076 1.64209e-05 0.000437771 -2.9473e-06 0.00194999 9.40304e-06 -1.01725e-05 -0.000689646 6.14621e-06 8.21384e-05 -6.76758e-07 1.39212e-05 -0.000397875 -0.000174019 0.000385811 0.00012992 -0.00016088 
-0.00535405 -0.0567406 -0.00208141 0.00638606 -0.000170649 0.0558112 -0.0112267 -0.106603 -0.00208381 -0.000696488 0.000244713 3.00342e-06 0.0142599 -0.0168594 0.100635 0.00454518 -0.00420034 0.000272855 -0.000735904 -0.0613549 0.0295917 0.0858631 -0.0959504 -0.0170151 0.000582698 -0.0125004 -0.0850989 0.000309325 -0.00285111 -0.00332639 -9.07507e-06 0.12271 0.0935196 -0.00036179 0.000248749 0.010207 -0.0981676 -0.00134596 0.0167589 0.0208048 0.0331121 0.00982987 0.00745418 -6.06587e-05 -0.109263 8.33596e-05 0.000229229 -0.00320983 0.00127649 -0.000276878 0.0111505 -0.000906158 0.0710126 -0.00337714 -0.000441713 -0.000158359 -0.0025609 0.000220923 -0.0990622 -3.75766e-06 -0.00149461 4.65721e-05 -0.0834754 0.0927716 0.000593595 -0.00133489 0.00144823 -0.00175126 0.00708555 -0.00264639 -0.00184456 -0.00202003 -0.00245585 0.0888587 -0.00749872 -0.0201231 0.00011591 0.054722 -0.000399159 -0.00121127 -0.00171242 0.00531063 -0.0825114 0.0403524 -0.000145043 0.0322253 -1.50702e-05 -0.0391322 -3.12556e-05 -0.00167126 -0.0216779 0.000666254 0.00234933 -8.84219e-05 6.0391e-06 -0.0114638 0.0859135 -0.0173982 0.000241776 -0.00367377 
-0.00878456 -0.0790672 0.00936377 0.0129377 -0.000478711 0.0442156 -0.013108 -0.110171 -0.00425433 -0.0012248 0.000192682 0.000654145 0.0108894 -0.00410405 0.0836369 0.00281471 -0.00743368 0.000172832 0.00159294 -0.0700053 0.0571184 0.0939158 -0.075954 0.0168818 0.00443179 -0.0116669 -0.078382 0.000492926 -0.00802786 -0.00686096 -0.000613501 0.0935196 0.214983 0.00051306 0.000168864 0.0155038 -0.1382 0.000345756 0.0136125 0.0161558 0.027157 0.00901539 0.012826 0.0011646 -0.0967917 5.74e-05 0.000230069 -0.00671446 0.00534261 -0.00061149 0.0288833 -0.00172935 0.0701591 -0.00619269 -0.000744754 -0.000263925 -0.00508691 0.000128014 -0.115892 -0.000379153 -0.00353972 0.000300945 -0.120489 0.107308 0.000297801 -0.00433712 0.00359197 -0.00298384 0.00726521 -0.00656767 0.00568433 -0.000831989 -0.00179969 0.109452 -0.00476327 -0.0354527 0.000663822 0.0441952 -0.000956558 -0.00298267 -0.003254 0.00441524 -0.0829702 0.00635147 -0.000261804 0.0266279 -5.0422e-05 -0.0555546 -7.66754e-05 -0.000919768 -0.0402426 0.000578629 0.000952196 -0.000177531 -3.12375e-05 -0.0191443 0.115321 -0.0340401 -9.72724e-05 -0.00781493 
