0.00682636 9.36978e-06 0.000150454 -0.00536265 0.00155563 2.61801e-07 0.00139286 5.41415e-05 0.000903193 -5.86363e-06 -0.000208704 -0.00022327 6.21591e-05 -0.00412038 0.000644608 4.94263e-06 3.31442e-05 -0.0014869 0.00140184 0.0049668 0.000517488 -0.00192283 0.00263391 -3.29601e-05 -1.30792e-05 -0.00171176 -0.00107072 5.42231e-05 -0.00067555 0.00131571 -0.00360551 -0.00063241 0.00062529 9.1481e-05 -0.000389631 0.0018268 -0.000934059 -4.18369e-05 -4.76981e-06 2.78678e-07 0.000106389 0.00249826 -3.37593e-05 5.46753e-07 0.000260978 3.00774e-05 0.000322161 -1.22616e-07 0.000656121 -9.69654e-05 4.30626e-05 0.00299799 1.26864e-05 -4.1643e-05 2.0298e-05 0.00020264 -0.00183699 0.000428345 0.00218926 8.6934e-05 -0.00476269 0.000388412 0.000236988 -1.44592e-05 -7.9439e-05 -0.00236979 -0.000124301 -0.000179254 8.00732e-05 5.53411e-05 2.17095e-05 5.02482e-05 0.000433907 0.000132753 0.000215967 -0.00394275 -0.00140305 0.00180409 -1.70592e-06 0.000333435 -0.00383054 0.000705108 8.63444e-05 0.00168751 4.7775e-06 -0.00218465 -2.75101e-06 -6.69858e-07 8.70033e-06 6.60598e-05 5.80624e-06 -9.20447e-05 3.33126e-05 0.000681163 -1.31787e-05 3.30891e-05 0.00119858 1.6307e-05 3.39462e-05 0.000213337 
9.36978e-06 0.00069932 1.08496e-06 -7.72062e-05 -0.000184712 5.29498e-07 8.33956e-05 5.38641e-07 2.44359e-05 4.41957e-05 2.62548e-06 6.68175e-05 1.86534e-06 -2.41377e-05 4.14994e-05 1.75011e-06 2.27158e-05 -4.36326e-06 5.85154e-05 0.000112335 2.33123e-06 -8.40114e-05 1.36766e-05 -1.03821e-05 6.82792e-05 -0.000221751 -8.6073e-05 3.65734e-06 -0.000140036 6.8951e-05 -0.00013819 -6.89589e-05 -8.44772e-08 4.15361e-05 -6.20267e-06 7.99487e-05 -1.7036e-05 1.8153e-05 6.49167e-07 1.11073e-05 1.646e-06 3.51185e-05 1.55733e-06 2.50046e-06 1.06631e-05 4.58615e-06 4.63594e-06 2.14883e-07 -0.000155841 2.24746e-05 3.671e-08 1.5016e-05 2.99657e-07 4.47212e-05 -5.24671e-08 1.08079e-05 0.000106536 1.82306e-05 8.49668e-05 1.2188e-05 -0.00019675 2.89168e-05 -3.17814e-05 5.55715e-06 9.72138e-06 -8.80283e-05 -1.25393e-05 1.27403e-05 -2.35687e-07 9.57767e-06 5.26454e-06 7.5441e-07 -3.27214e-06 2.02574e-05 -1.79612e-05 -0.000117842 -0.000271836 1.30439e-05 -1.55255e-07 0.000134932 -0.000147009 1.61845e-05 2.14244e-06 1.44544e-05 9.17237e-07 -0.000123294 -6.45651e-09 6.51383e-06 -4.49415e-07 2.17059e-05 -1.26938e-07 1.94224e-05 5.7459e-06 -2.37412e-05 2.54191e-07 5.02785e-07 6.84942e-05 1.77453e-06 -1.30415e-06 1.00924e-06 
0.000150454 1.08496e-06 0.000973181 -0.000720408 -0.000251329 1.67077e-06 0.000787367 9.0456e-05 0.000558762 -2.02959e-06 9.77749e-06 0.000702046 9.47986e-05 -0.000717087 2.06593e-05 -5.44376e-07 0.000107703 -0.000229576 0.000412769 0.00083067 0.000245502 -0.000891059 0.000479852 -7.48584e-05 -4.16328e-05 -0.000822311 -0.000798434 9.08237e-06 -0.000376358 0.000665651 -0.000876383 -0.000222309 0.000165553 0.000558286 -8.33952e-05 0.000733232 -0.000167625 9.54231e-06 2.57202e-06 -1.6292e-06 6.71415e-05 7.30853e-05 1.27457e-05 -2.33182e-06 3.97508e-05 4.54464e-05 4.45337e-06 -1.50695e-07 -0.000505099 5.84046e-05 7.89796e-05 -3.43148e-05 8.22678e-06 -9.46157e-06 2.5327e-05 4.26895e-06 -0.000261908 -1.04149e-06 0.000768581 7.70672e-05 -0.000709468 0.000219633 4.02543e-05 -8.08831e-07 0.000138568 -0.000452833 7.27401e-05 -2.34964e-05 8.58934e-06 4.84905e-06 5.05486e-06 1.7761e-05 2.24966e-05 1.61801e-05 -4.01943e-05 -0.000815226 -0.000482621 0.000253427 -7.65524e-07 0.000431007 -0.00088501 -2.1671e-05 8.68662e-05 1.56453e-05 -1.6627e-07 -0.000751418 4.16819e-06 2.93836e-05 -4.73662e-07 4.72472e-05 4.66789e-06 3.11052e-06 -4.62824e-06 0.000139939 4.77926e-07 1.90434e-05 0.000797842 1.04873e-05 -2.68784e-06 1.91524e-05 
-0.00536265 -7.72062e-05 -0.000720408 0.107321 0.0110276 -9.11493e-05 -0.00596413 -0.000235998 -0.00319705 0.000136304 -0.00402553 -0.0014585 0.000985731 0.0166731 -0.00356733 -0.000653879 -0.00128221 -0.0201041 -0.00657134 -0.0183568 -0.00385086 0.00665135 -0.00490263 0.000950215 0.00335189 0.00626351 0.00720171 -0.00048423 -0.00427546 -0.00556231 0.00876989 -0.0336402 -0.00133784 -0.00746318 -0.00230116 -0.00645281 0.0184546 0.000579028 7.57554e-05 -0.000745566 -8.46715e-05 -0.0191057 -0.000350223 -0.00119591 -0.00169685 -0.000249201 -0.0012659 -3.12273e-05 0.0153928 -0.00173093 -0.000115728 -0.0180014 -0.000348263 -0.00128183 -3.00629e-05 -0.0013896 0.0248016 -0.00338408 -0.00722228 -0.000634531 0.0186193 -0.00283426 0.003431 -0.000923674 0.000992804 -0.00959185 0.000818062 0.00027456 -0.00013661 -0.000337586 -0.000280312 -0.000597482 -0.00327358 -0.000972378 -0.0206872 0.022388 0.00370969 -0.00334697 -8.65682e-06 -0.0214062 0.0102323 -0.0105382 -0.00126413 -0.00356267 -0.000119068 0.00716672 -8.63158e-05 -4.03995e-05 -9.98844e-05 -0.000885399 -0.000162518 0.0011973 -0.00183897 -0.00572177 -0.000318399 -0.000106929 -0.00563123 -0.000888953 -0.000434605 -0.000567292 
0.00155563 -0.000184712 -0.000251329 0.0110276 0.219413 -0.000128074 -0.00209514 5.02785e-05 -0.00112317 -0.00065281 -0.0101447 0.00190144 -0.00134058 -0.00107085 0.00424229 -0.000284218 -0.000480223 -0.0824857 0.00673008 0.000530025 0.00117261 0.00173316 0.000307226 0.00114286 0.0105975 0.00301653 0.0116044 -8.02736e-05 0.120563 -0.00185554 -0.0155175 -0.0717866 -0.000484263 -0.0129163 0.0139626 -0.00101659 -0.0386243 0.000290395 -0.000116978 -4.15878e-05 0.000507207 -0.00594228 -0.00247124 -0.00106036 -0.000193566 -9.25119e-05 0.00584636 -4.27049e-05 0.090254 -0.00546992 -9.82518e-05 -0.00947051 -0.000338704 -0.0020492 -1.61712e-05 -0.000337113 -0.0820106 0.00134614 -0.000874487 -0.000192187 -0.0664235 0.00212145 0.0330607 -0.000444051 -0.00430574 -0.130179 -0.00683952 -0.00946171 -0.000135513 -0.000154098 -8.27292e-05 6.26942e-05 -0.00158861 0.00199582 -0.000440985 -0.00956326 0.0524581 -0.000501722 2.01923e-05 -0.0266757 -0.0083778 0.00564091 0.000529093 0.00146281 -9.17234e-05 0.00184011 -1.18609e-05 -0.000116523 4.14634e-05 0.00385889 -1.28132e-05 -0.00585814 -0.00188284 0.01784 -0.000515959 -3.86084e-05 -0.00218156 -0.000448977 0.00100667 -5.95488e-05 
2.61801e-07 5.29498e-07 1.67077e-06 -9.11493e-05 -0.000128074 0.000857357 2.03928e-05 9.87687e-06 1.92587e-05 -2.25473e-06 0.00010313 -8.54693e-07 -1.1122e-05 -2.49893e-05 -1.30944e-05 1.20856e-05 2.63497e-05 2.75026e-05 1.73716e-05 2.92945e-05 1.86154e-05 -2.99108e-05 -3.32123e-06 -3.10895e-05 -4.03743e-05 -2.53668e-05 -0.000115529 3.94356e-06 -0.000259715 2.00052e-05 -1.48651e-05 3.88368e-05 -2.72027e-07 1.93386e-05 -4.63741e-05 1.55869e-05 -4.09458e-05 -1.96204e-06 2.29382e-07 -6.27797e-07 1.61039e-06 1.0195e-06 -5.18058e-07 -1.5735e-06 -1.08493e-06 1.61627e-06 -3.26962e-06 2.86147e-07 -0.00014628 7.72175e-06 2.84645e-06 -6.1453e-06 -3.29976e-07 -4.39729e-06 1.329e-06 -6.94467e-07 -7.42668e-05 -2.13377e-06 1.8137e-05 1.09881e-06 -6.18464e-05 -2.86365e-06 -4.09471e-05 -1.1497e-06 5.48704e-05 3.71742e-05 1.80714e-05 -2.30318e-05 -5.0562e-07 3.26794e-06 2.92794e-07 1.25677e-06 7.77648e-06 -3.00998e-06 -1.54824e-05 -3.4811e-05 -2.11285e-05 -7.21714e-07 2.47649e-07 -1.37423e-05 -1.39918e-05 -1.91685e-05 -2.1426e-06 -3.53931e-06 5.44433e-07 -2.25377e-05 -2.25453e-07 1.50101e-06 1.1035e-06 -1.47405e-05 4.41098e-07 9.14137e-06 -1.95586e-06 -1.64752e-05 -1.56524e-06 1.76338e-06 1.90647e-05 1.04223e-06 -1.92289e-06 5.22927e-06 
0.00139286 8.33956e-05 0.000787367 -0.00596413 -0.00209514 2.03928e-05 0.00743782 0.000447093 0.00362205 -3.18672e-06 -0.000213285 0.00241001 0.000463136 -0.00525183 0.00104582 -6.07637e-06 0.00135224 -0.00174581 0.00429552 0.00674732 0.000894692 -0.00681917 0.00337487 -0.000220638 -0.000242259 -0.00668814 -0.00537603 0.000469096 -0.00226861 0.00632781 -0.00683378 -0.00183655 0.00142735 0.00350088 -0.000545498 0.00671717 -0.00157258 -3.96778e-05 5.70953e-06 4.36358e-05 9.74684e-05 0.00237197 0.000112322 -1.28306e-06 0.00127301 0.000284102 -5.52439e-05 -3.31639e-07 -0.00395525 0.000719384 0.00013674 -9.90541e-06 0.00016991 -7.75026e-05 2.84815e-05 0.00138086 -0.0020109 5.90518e-05 0.00668493 0.00067493 -0.00525106 0.00185104 -0.000248904 -2.0246e-05 -3.81796e-05 -0.00342814 -5.88011e-05 -0.000167924 0.000147318 8.48738e-05 0.000207123 0.000206962 -8.48634e-05 8.13525e-06 -0.000293129 -0.00628709 -0.00365706 0.00337579 -5.41739e-06 0.0048927 -0.00686772 -0.00022661 0.00116723 0.000405862 -9.30376e-07 -0.00676282 9.77883e-06 3.01221e-06 -3.28362e-06 0.00128724 6.77154e-05 -3.55975e-05 -3.00587e-05 -0.000201653 6.46252e-06 5.94799e-05 0.00643381 7.64818e-06 2.58074e-05 0.000394888 
5.41415e-05 5.38641e-07 9.0456e-05 -0.000235998 5.02785e-05 9.87687e-06 0.000447093 0.00637208 0.000334924 5.06838e-07 -0.000104426 0.000845234 0.000428428 -0.000370913 -6.19292e-05 -3.84121e-06 0.000153681 -0.000537013 0.000399215 0.000486293 0.000236235 -0.000523686 5.08077e-05 -0.000134149 -0.000201887 -0.000415527 -0.000618302 2.37322e-05 -0.000346215 0.000396762 -0.000600308 -0.000441072 5.06566e-05 0.000296579 -0.000446461 0.00028722 -0.000362578 -2.26618e-05 -3.19715e-06 1.19296e-05 4.80473e-05 1.7038e-05 4.40729e-05 -9.48012e-06 3.7793e-05 2.54225e-05 0.000121092 2.104e-06 0.000409767 0.000456434 1.70876e-05 -0.000420375 5.67166e-06 -4.44574e-05 2.84325e-05 1.442e-05 -0.00128133 -5.71023e-05 0.000364135 6.1175e-06 -0.00219748 0.000136943 -0.000127591 -1.84912e-05 -9.53649e-05 -0.00207072 4.64494e-05 -0.000104653 4.74777e-06 -9.69143e-07 1.683e-05 2.27764e-05 -6.73647e-05 -2.26315e-05 -0.000273842 -0.000369385 0.00148509 0.000130845 -2.68624e-06 -9.9215e-05 -0.000932618 -0.000147818 4.78914e-05 0.000103022 1.01483e-05 -0.00039907 4.81938e-06 1.01377e-05 -2.37093e-06 -7.32179e-05 9.84669e-07 4.89364e-05 -3.50254e-05 -0.000940954 -8.8999e-06 8.17686e-05 0.000351957 1.10376e-05 -1.01055e-05 0.000104697 
0.000903193 2.44359e-05 0.000558762 -0.00319705 -0.00112317 1.92587e-05 0.00362205 0.000334924 0.00371678 -8.83646e-06 -0.000129419 0.00113855 0.000342127 -0.00299217 0.000299231 -3.37895e-06 0.0010013 -0.000994144 0.00308802 0.00359144 0.000717439 -0.00366184 0.00196371 -0.000207294 -7.86118e-05 -0.00361321 -0.00301858 0.000268421 -0.00127328 0.00344898 -0.00354448 -0.000970117 0.00123761 0.00137966 -0.000324684 0.00354726 -0.000810538 -1.75237e-05 -3.1516e-07 1.09877e-05 6.3233e-05 0.00128407 0.000125211 -1.07861e-05 6.9308e-05 0.000150014 -2.42064e-05 -2.42518e-07 -0.0020745 0.000314676 9.21101e-05 -0.000203681 1.5897e-07 -4.07676e-05 1.00236e-05 9.14339e-05 -0.00100639 -3.3492e-05 0.00358891 3.24436e-05 -0.00270789 0.00045351 -0.000167664 -1.13345e-05 -8.84597e-05 -0.0017755 8.0635e-06 -0.000104275 9.88784e-05 1.43242e-05 7.06136e-05 3.29748e-05 -4.31916e-05 1.23583e-06 -0.000169386 -0.00334479 -0.00182689 0.00217499 -2.72228e-06 0.00293799 -0.00355927 -0.000112808 0.000100289 0.000108723 -3.44998e-07 -0.00364796 -1.1148e-06 -1.95204e-06 -2.08103e-06 0.00063592 2.4289e-05 -6.78646e-05 -2.02159e-05 -0.000407194 -3.44841e-06 2.98906e-05 0.00352037 1.15534e-05 2.18399e-06 0.000167536 
-5.86363e-06 4.41957e-05 -2.02959e-06 0.000136304 -0.00065281 -2.25473e-06 -3.18672e-06 5.06838e-07 -8.83646e-06 0.00327717 -3.86965e-05 -0.00013066 1.92037e-05 -0.000140857 -6.12328e-05 2.26966e-05 4.48414e-06 -0.00041928 -5.41074e-05 4.57116e-05 1.7843e-05 -4.28677e-06 -3.85733e-06 -1.49743e-05 -4.23932e-05 -0.000514639 -0.000183581 4.42835e-07 -0.00133949 -8.43936e-06 8.73863e-05 -0.000108441 1.4772e-07 9.3757e-05 -0.000208939 -1.2833e-05 0.000740881 -1.44862e-05 1.4578e-06 8.25417e-06 -1.74357e-06 0.000103445 6.9274e-05 3.90166e-05 -5.70251e-06 -8.26075e-07 -3.50592e-06 1.56718e-06 -0.0011495 0.000262945 3.70584e-07 -0.00015118 -2.59329e-06 -1.80777e-05 7.68225e-08 -5.02154e-06 0.00144893 -2.94723e-05 5.16156e-06 -1.74579e-06 0.000199278 -2.36627e-05 -0.000195018 -8.33948e-06 -7.96894e-06 0.000645331 -4.69935e-05 0.000136187 -1.40407e-06 -6.04225e-07 -8.8495e-07 2.05478e-05 1.42981e-05 -1.00297e-05 3.30057e-05 3.9218e-05 -0.00128677 3.77569e-06 -1.20013e-06 0.000173502 -0.000252548 -0.00010235 2.73527e-07 2.42057e-05 -1.4134e-06 -7.03001e-05 -8.22497e-07 -1.25373e-06 -2.77428e-06 -4.67257e-05 3.29046e-07 -3.71541e-05 3.06187e-05 -0.000334238 -4.39641e-06 3.71425e-06 -8.80348e-07 -1.1476e-06 1.86043e-05 1.03084e-05 
-0.000208704 2.62548e-06 9.77749e-06 -0.00402553 -0.0101447 0.00010313 -0.000213285 -0.000104426 -0.000129419 -3.86965e-05 0.0348251 0.00116412 -0.000486688 -0.000888488 -0.000736415 -8.59092e-06 -2.43223e-05 0.0219658 -0.000733541 0.000708452 -0.00014656 0.000182503 -7.76908e-05 -0.00132147 -0.00157918 0.000520188 -0.00751153 -1.55893e-05 -0.0129146 -0.000216373 0.000853324 0.0185857 -4.84002e-05 0.00405369 -0.00311211 -0.000339934 -0.00539167 -7.03707e-05 -2.15131e-05 -6.70079e-05 5.63009e-05 0.0037205 6.26626e-05 0.000442163 -3.24349e-05 -8.1151e-06 -0.000331981 -4.95017e-06 -0.0191071 0.000620676 0.000181197 -0.0018215 3.42677e-05 -0.000349046 1.19117e-06 -4.46393e-05 0.000185804 -0.000307832 -0.000282929 -1.89431e-05 -0.000740938 -0.000368932 -0.00189558 -7.52325e-05 0.00260447 0.00213336 -0.000748303 0.00173235 -7.42611e-06 0.000103554 -3.42895e-06 -1.75427e-05 0.000414563 -8.30355e-05 0.000102974 -0.00195511 -0.005971 -0.000139983 7.80183e-06 -0.00418957 -0.000297258 -0.00104044 -0.000221477 -8.10491e-05 -7.51121e-06 7.94231e-06 -1.13438e-05 7.85352e-05 -2.61815e-05 -0.000511622 -5.29984e-06 -0.000332723 -8.80578e-05 -0.00372346 0.000157251 -3.12124e-06 -0.000234122 0.000155846 -8.6481e-05 -2.54054e-05 
-0.00022327 6.68175e-05 0.000702046 -0.0014585 0.00190144 -8.54693e-07 0.00241001 0.000845234 0.00113855 -0.00013066 0.00116412 0.0704706 0.000828466 -0.000805313 0.000777197 -5.76661e-05 0.000932366 -0.0055222 0.00375231 0.00320815 0.0014547 -0.00262491 0.000438608 -1.29957e-05 -0.00164349 -0.0017459 -0.0137912 0.000120559 0.000991617 0.00192514 -0.00605884 -0.00865918 1.24805e-05 0.0166005 -0.00223953 0.00224244 -0.012045 0.00205695 3.00519e-05 -5.74408e-05 0.000411281 -0.00086903 -0.000473204 -0.000268561 0.000411478 0.000198583 -0.00045741 -1.34135e-05 0.00238909 0.000726391 0.000337964 -0.00404736 0.000213446 -0.000491569 3.33069e-05 0.000441156 -0.012947 -0.000267049 0.00207671 0.000355635 -0.0239463 0.00276939 0.00323195 0.000178792 0.0126374 -0.0193022 -0.000706821 0.00161311 -4.136e-05 2.9475e-05 7.7548e-05 6.43154e-05 0.000686424 0.000229424 -0.00316425 -0.00308126 -0.0128972 -0.00010058 2.43122e-06 -0.00577129 -0.00770314 0.000505036 0.00115891 0.000343128 -3.21606e-05 -0.00230357 2.58009e-05 0.000226532 -4.73697e-05 -0.000880307 2.90971e-05 3.89236e-05 -0.000422372 0.00941916 -0.000128573 0.000100755 0.0023126 -1.17551e-05 -0.000131432 0.000237921 
6.21591e-05 1.86534e-06 9.47986e-05 0.000985731 -0.00134058 -1.1122e-05 0.000463136 0.000428428 0.000342127 1.92037e-05 -0.000486688 0.000828466 0.019671 -0.000354373 -7.83538e-05 -9.84159e-06 1.36384e-05 -0.00212462 0.0007918 0.000233131 0.000560157 -0.000522098 3.64373e-05 -0.00011165 -0.000729425 -0.00157794 -0.00168498 -4.55867e-06 0.00303292 0.000370722 -0.00101606 -0.00315008 5.3875e-05 0.000190433 -0.000172769 0.000419259 0.00234913 5.95089e-05 0.000111623 -3.19883e-05 -1.49643e-05 -0.000217284 -0.000127421 -5.27508e-06 2.56866e-05 1.08111e-05 9.17814e-05 -2.89039e-06 -0.00223238 4.91502e-05 2.16092e-06 -0.000872904 -1.46071e-05 -0.00015461 4.07817e-05 -2.22457e-05 -0.00284893 -0.000145212 0.000392699 -7.34469e-06 -0.00183879 -0.000201816 -0.00103391 -3.7518e-05 1.73001e-06 -0.00165562 0.000219521 -0.000520707 -1.05783e-05 -1.20574e-05 3.8238e-06 -3.67859e-05 -0.000162145 -1.62354e-05 0.000318494 -0.00145244 -0.00245674 0.000337603 -1.08554e-05 0.002662 -0.00450914 -0.00062612 0.00142351 0.000196097 8.94188e-06 -0.000359596 8.17018e-06 1.32765e-05 -8.84876e-06 -0.000168037 -4.99145e-06 0.000149096 -8.04791e-05 -0.00226133 -3.44945e-05 5.51624e-05 0.000344095 4.61936e-06 3.01237e-05 6.35283e-05 
-0.00412038 -2.41377e-05 -0.000717087 0.0166731 -0.00107085 -2.49893e-05 -0.00525183 -0.000370913 -0.00299217 -0.000140857 -0.000888488 -0.000805313 -0.000354373 0.0283265 -0.0026868 -0.000595237 -0.00101187 -0.000169319 -0.00452667 -0.0138141 -0.00321171 0.00586564 -0.00497793 0.000698943 -0.00106709 0.00555517 0.00627784 -0.000518776 0.00219157 -0.00494308 0.00758183 -0.000299892 -0.00140341 -0.00802688 0.00152597 -0.00566261 0.000641286 -3.31659e-06 -9.11865e-05 -5.59058e-05 -0.000321615 -0.0103557 -0.000379422 -0.000863498 -0.00141589 -0.000200669 -0.00148233 -6.25018e-05 0.00253761 -0.00113743 -0.000158827 -0.00837253 -0.000247601 -0.000153613 -3.90124e-05 -0.00112202 0.00645994 -0.000110567 -0.00666729 -0.000470057 0.0132575 -0.00121124 -0.00174177 -0.000553898 -0.000214506 0.0010398 -0.000399953 0.000462789 -0.000232341 -0.000300362 -0.000276737 -0.000899078 -0.000995746 -5.80885e-05 -0.00227021 0.0126292 0.00847359 -0.00342189 -5.96746e-05 -0.000939713 0.0085985 -0.00314279 -0.00111661 -0.00278717 -1.52493e-05 0.00638794 -5.56336e-06 -3.77964e-05 -6.56067e-05 -0.00114324 -0.000126907 0.000143387 -0.00163498 -0.00205173 -1.60857e-05 -8.78244e-05 -0.00507673 -0.000229625 -0.000279097 -0.00054823 
0.000644608 4.14994e-05 2.06593e-05 -0.00356733 0.00424229 -1.30944e-05 0.00104582 -6.19292e-05 0.000299231 -6.12328e-05 -0.000736415 0.000777197 -7.83538e-05 -0.0026868 0.0224505 -1.93472e-05 7.86747e-05 -0.00550868 0.00213924 0.00396118 0.000783219 -0.00121515 0.000702616 -2.18516e-05 0.00101895 -0.0019534 9.76603e-06 2.63428e-05 0.00321497 0.000956175 -0.00640943 -0.00351252 9.08091e-05 -0.000749476 -0.000434602 0.00132931 0.00230027 8.71408e-07 -1.48475e-05 0.000434529 2.94121e-05 0.000107226 -8.7489e-05 -1.3446e-05 0.000503809 2.21126e-05 0.000526038 -3.70885e-06 0.00268122 -0.000338291 -2.82224e-06 0.000540127 -1.61524e-05 -0.000144624 9.25723e-06 0.000844757 -0.00451836 0.000437082 0.00135621 0.000278137 -0.0055132 0.000191717 -0.00102156 5.92325e-05 -0.000473173 -0.00275521 -0.000384433 -0.000648637 7.11002e-05 -1.83858e-06 3.84776e-05 0.000173133 0.000232952 0.00161843 0.000816454 -0.00855745 -0.00934922 0.000603468 -9.84755e-06 -0.00165639 -0.00463712 0.00452164 0.000127963 0.000315905 -2.91089e-06 -0.00133611 -4.89041e-06 -1.11565e-05 1.62558e-05 0.000459956 4.02735e-06 -0.000350904 -7.40215e-05 0.00451418 3.23833e-05 1.29845e-06 0.00105767 -1.73303e-05 0.000213902 4.91095e-07 
4.94263e-06 1.75011e-06 -5.44376e-07 -0.000653879 -0.000284218 1.20856e-05 -6.07637e-06 -3.84121e-06 -3.37895e-06 2.26966e-05 -8.59092e-06 -5.76661e-05 -9.84159e-06 -0.000595237 -1.93472e-05 0.000975347 4.52997e-06 6.80264e-05 -1.50906e-05 0.000192192 0.00014132 -7.19854e-06 -2.15943e-06 -0.000317823 -4.39524e-05 -2.1272e-06 -0.000507744 -2.8229e-07 -0.000399007 -5.26915e-06 3.48972e-05 0.000274252 9.7431e-06 0.000317912 -7.87972e-05 -8.43349e-06 0.000255732 -4.42169e-06 3.86678e-07 -1.76384e-06 -1.29489e-07 0.000250036 4.10832e-05 0.000118277 9.59896e-08 -1.94309e-07 -1.01933e-05 2.89822e-05 -0.000411397 -9.67524e-06 4.28236e-07 0.000353126 5.44228e-07 -6.09225e-06 2.68035e-08 -1.45461e-06 -0.00021508 -8.88152e-06 -6.43427e-06 4.32314e-07 -0.000325893 -9.45368e-06 -5.86975e-05 0.000215324 -1.00793e-05 0.000167531 -1.52104e-05 -8.04343e-06 -3.05272e-07 2.89676e-05 5.23081e-06 0.000191036 1.1852e-05 -3.79985e-06 0.000193594 -0.000526077 -0.000227936 -3.60467e-06 2.76067e-07 -7.02706e-05 -7.89465e-06 0.000246796 -6.21472e-06 -4.80564e-08 -2.64072e-07 -3.15217e-05 4.1053e-07 1.01725e-05 1.17113e-06 2.89466e-05 4.80727e-06 -1.35998e-06 0.000474304 0.000306386 1.61633e-06 1.83059e-07 -5.63295e-06 1.22305e-05 4.76213e-06 4.0839e-06 
3.31442e-05 2.27158e-05 0.000107703 -0.00128221 -0.000480223 2.63497e-05 0.00135224 0.000153681 0.0010013 4.48414e-06 -2.43223e-05 0.000932366 1.36384e-05 -0.00101187 7.86747e-05 4.52997e-06 0.00148983 -0.000336804 0.00124021 0.00139509 0.000438977 -0.00136916 6.43515e-05 -0.000167476 -7.57753e-05 -0.00134589 -0.0012144 0.000179568 -0.000475876 0.00129276 -0.00133173 -0.000280842 7.59698e-05 0.000958022 -0.000132025 0.00130157 -0.000314791 -8.58075e-06 -5.00529e-07 2.81336e-05 3.7743e-05 0.000379303 4.15306e-06 -2.759e-06 2.88677e-05 0.000145813 -1.55009e-05 -1.38963e-07 -0.000758727 0.000228829 3.17982e-05 -3.79469e-06 1.29838e-05 -1.47406e-05 8.54814e-06 0.000105995 -0.000399974 -1.26255e-05 0.00129172 2.71583e-05 -0.00108599 0.000391046 -8.68387e-05 -3.6931e-06 -1.22277e-05 -0.000638843 -2.56505e-05 -3.72044e-05 8.14157e-07 1.37385e-05 4.91822e-05 7.81077e-05 3.88352e-06 -6.51e-06 -1.97605e-05 -0.00132302 -0.00072027 8.9586e-05 -8.54736e-07 0.00101221 -0.00139409 -2.48853e-05 4.86618e-05 5.23389e-05 -4.47218e-07 -0.00134765 1.08178e-07 -6.37367e-07 -1.29222e-06 8.6658e-05 3.55063e-05 -2.73761e-05 9.55071e-07 -9.56076e-05 -7.782e-07 2.81223e-05 0.00131383 3.34884e-05 1.31729e-05 0.000164702 
-0.0014869 -4.36326e-06 -0.000229576 -0.0201041 -0.0824857 2.75026e-05 -0.00174581 -0.000537013 -0.000994144 -0.00041928 0.0219658 -0.0055222 -0.00212462 -0.000169319 -0.00550868 6.80264e-05 -0.000336804 0.198134 -0.00644824 -0.00178816 -0.0013088 0.00183044 -0.00158322 -0.00145968 -0.0134791 0.00391806 -0.0109969 -0.00015178 -0.0813833 -0.00163994 0.0102979 0.0916165 -0.000338374 0.00869158 -0.0199885 -0.00213669 0.0077988 -0.000919745 -0.000121208 -0.00030863 -0.000313374 0.010477 -0.000115828 0.00174069 -0.000322761 -8.04017e-05 -0.00278632 1.88126e-05 -0.135882 0.00826341 2.9389e-05 -0.0163542 0.000123241 -0.00241157 -1.81022e-05 -0.000364759 0.0471294 -0.00193167 -0.00220166 -0.0001708 0.0408493 -0.00165447 -0.0157943 -0.000637605 0.00259236 0.0530557 -0.00233307 0.0189613 -8.1982e-05 8.63012e-05 -2.57974e-05 0.000187239 0.000854403 -0.000950654 0.000703454 0.000464587 -0.0452692 -0.00105752 -2.97577e-05 0.0124325 0.00557661 -0.00819991 -0.00159065 -0.000737406 -8.17489e-05 0.00086206 -0.000106747 2.90438e-05 -6.81049e-05 -0.00410247 -7.12523e-06 -0.00373558 0.00107242 -0.0332604 0.000505628 -3.40749e-05 -0.00181424 0.000624394 -0.000572321 -0.000168891 
0.00140184 5.85154e-05 0.000412769 -0.00657134 0.00673008 1.73716e-05 0.00429552 0.000399215 0.00308802 -5.41074e-05 -0.000733541 0.00375231 0.0007918 -0.00452667 0.00213924 -1.50906e-05 0.00124021 -0.00644824 0.0253144 0.00778271 0.00185517 -0.00438216 0.00228462 -0.000135652 0.00257992 -0.00413436 -0.00357146 0.000514015 0.00925555 0.00387768 -0.0199847 -0.00611755 0.00116918 0.00132974 -0.00183876 0.00480005 -0.00176674 0.000221921 7.94062e-05 2.9118e-05 0.000324264 0.00187306 0.000137467 -4.88788e-05 0.000309864 0.000213094 2.63894e-05 -4.5623e-06 0.00583233 2.72932e-05 6.19636e-05 -0.00169859 1.40933e-05 -0.000272263 2.34248e-05 0.000176208 -0.00623362 -0.0001621 0.00438768 0.000165303 -0.0081701 0.00266879 0.00654399 -1.12603e-05 -0.000528414 -0.00769737 -0.000415369 -0.000754065 8.69025e-05 -9.17268e-06 9.85931e-05 0.000227232 0.000921391 0.000617349 0.00194223 -0.0181493 -0.00862777 0.00220696 0.000168861 0.00160213 -0.0129928 0.00197452 8.50047e-05 0.00151753 -6.16291e-06 -0.00436604 0.000160717 1.46783e-06 -7.26561e-06 0.00171339 3.87222e-05 -0.00035413 -0.000153311 0.00271617 0.000150758 0.000105392 0.00401484 8.53931e-05 0.00176948 0.000532392 
0.0049668 0.000112335 0.00083067 -0.0183568 0.000530025 2.92945e-05 0.00674732 0.000486293 0.00359144 4.57116e-05 0.000708452 0.00320815 0.000233131 -0.0138141 0.00396118 0.000192192 0.00139509 -0.00178816 0.00778271 0.0230147 0.00270577 -0.00751582 0.00511029 -0.000220186 -0.000255191 -0.00714297 -0.00654667 0.000517636 -0.00087367 0.00623744 -0.0120658 -0.00103126 0.0014314 0.0072587 -0.00192095 0.00713478 -0.00403112 -0.000125631 -2.15502e-06 9.6754e-05 0.000312828 0.00831892 7.17111e-05 0.000389957 0.00160852 0.000277746 0.000777682 2.99459e-06 -0.00145562 0.000836535 0.000186406 0.00618206 0.000221705 -0.000233913 3.82129e-05 0.00149577 -0.0063063 0.000656134 0.00803969 0.000706044 -0.0164825 0.0024874 0.000784025 6.74701e-05 9.15313e-05 -0.0058601 -0.000325317 -0.000639302 0.000159178 0.000306109 0.000277564 0.000416546 0.000681484 0.0011228 0.000704905 -0.0156439 -0.00915946 0.00376703 -2.96603e-06 0.00294974 -0.0139188 0.00314023 0.00126335 0.00289014 1.77462e-05 -0.00759881 4.72527e-07 1.18472e-05 4.73499e-05 0.00124494 9.34047e-05 -0.000122528 0.00102249 0.00386267 -2.39704e-05 0.000110123 0.00638414 0.000132383 0.000336095 0.000639784 
0.000517488 2.33123e-06 0.000245502 -0.00385086 0.00117261 1.86154e-05 0.000894692 0.000236235 0.000717439 1.7843e-05 -0.00014656 0.0014547 0.000560157 -0.00321171 0.000783219 0.00014132 0.000438977 -0.0013088 0.00185517 0.00270577 0.00579442 -0.00119233 0.000109279 -0.000405404 -0.000223161 -0.000979677 -0.00192927 6.4991e-05 0.00122177 0.000871454 -0.0023001 -0.00134506 9.35446e-05 0.00161585 -7.91955e-05 0.00074746 -0.000668816 1.18163e-05 4.49061e-06 1.36065e-05 0.000139791 0.000547015 -2.97158e-06 -1.99516e-06 7.15912e-05 5.67801e-05 0.000484867 1.14591e-05 -0.000168676 0.000163335 9.24138e-06 0.000482251 -6.06002e-06 1.43586e-05 3.63564e-05 1.84205e-05 -0.00140326 -2.86143e-05 0.00100358 3.05207e-06 -0.00379978 0.000127594 -3.67803e-05 0.000543606 0.000154335 -0.00144228 -1.52834e-05 -0.00015593 1.03903e-06 8.91498e-06 5.88878e-05 0.000210288 0.000126568 0.000229706 0.000603544 -0.0028169 -0.00267383 0.000317048 1.042e-05 -0.00013084 -0.00241165 0.00166258 0.000182515 0.000608061 3.07429e-06 -0.000874741 -1.90338e-06 2.3837e-05 9.62556e-06 3.818e-05 1.55887e-05 0.000126114 0.000322906 0.00164445 -2.41857e-06 0.000109763 0.000787355 2.97164e-05 7.05902e-05 0.000235692 
-0.00192283 -8.40114e-05 -0.000891059 0.00665135 0.00173316 -2.99108e-05 -0.00681917 -0.000523686 -0.00366184 -4.28677e-06 0.000182503 -0.00262491 -0.000522098 0.00586564 -0.00121515 -7.19854e-06 -0.00136916 0.00183044 -0.00438216 -0.00751582 -0.00119233 0.00787995 -0.00370545 0.000237202 0.000125661 0.00701065 0.00554125 -0.000480827 0.00232038 -0.0063476 0.00739313 0.00196345 -0.00143822 -0.0036456 0.000604531 -0.00695838 0.00158589 2.64464e-05 -8.38403e-06 -4.70957e-05 -0.000165242 -0.00263786 -0.000119533 -1.54803e-06 -0.00138926 -0.000283077 -0.000120074 -1.69071e-06 0.00399226 -0.000756999 -0.000184172 -0.000231587 -0.000182034 7.86061e-05 -5.13745e-05 -0.00146312 0.00205707 -0.000124164 -0.00706714 -0.000715591 0.00572786 -0.00196558 0.000132109 1.13512e-05 -0.000182774 0.0037585 1.05386e-05 0.000126863 -0.00016224 -9.75481e-05 -0.000221173 -0.000261255 -0.000197372 -6.58983e-05 0.000282063 0.00694889 0.00390135 -0.00364179 5.75464e-06 -0.00475608 0.00754328 0.00017261 -0.00116895 -0.0007841 -6.4647e-06 0.00702912 -1.1097e-05 -3.76139e-05 -3.01746e-06 -0.00122199 -7.26069e-05 3.80895e-05 -5.15914e-06 0.000141744 -6.16945e-06 -0.000107059 -0.00644371 -4.65324e-05 -4.94774e-05 -0.000502413 
0.00263391 1.36766e-05 0.000479852 -0.00490263 0.000307226 -3.32123e-06 0.00337487 5.08077e-05 0.00196371 -3.85733e-06 -7.76908e-05 0.000438608 3.64373e-05 -0.00497793 0.000702616 -2.15943e-06 6.43515e-05 -0.00158322 0.00228462 0.00511029 0.000109279 -0.00370545 0.00692945 -6.01824e-05 0.000301058 -0.00366658 -0.0027388 0.000161096 -0.00205869 0.00313016 -0.00442791 -0.00148285 0.00113512 0.00156507 -0.000579303 0.00397779 -0.000713279 -6.01495e-06 -4.07986e-06 -3.8548e-06 9.58094e-05 0.00314005 6.40092e-05 -1.43201e-05 0.000604085 0.000108231 8.94045e-05 4.89538e-07 -0.00133086 -4.0148e-05 8.70431e-05 0.00174638 0.000114813 -7.25433e-05 4.46683e-06 0.000604532 -0.0016639 -4.06802e-05 0.00441459 0.000297264 -0.0044144 0.000610984 0.000377049 -1.83384e-05 -9.17226e-05 -0.00270075 -0.000119056 -0.000148695 0.000148208 5.87163e-05 6.91953e-05 2.56875e-05 -5.09873e-05 3.62657e-05 0.000111476 -0.00452663 -0.00276776 0.00310205 4.67014e-06 0.0019058 -0.00477021 -0.000155209 0.000515092 0.000923199 1.04948e-06 -0.00436814 -1.55446e-07 -5.1122e-07 1.59631e-05 0.00109281 3.30763e-05 -4.49065e-05 -2.68889e-05 -0.000308777 -1.56611e-06 7.13405e-06 0.00323496 -7.08959e-06 3.59201e-05 0.00023159 
-3.29601e-05 -1.03821e-05 -7.48584e-05 0.000950215 0.00114286 -3.10895e-05 -0.000220638 -0.000134149 -0.000207294 -1.49743e-05 -0.00132147 -1.29957e-05 -0.00011165 0.000698943 -2.18516e-05 -0.000317823 -0.000167476 -0.00145968 -0.000135652 -0.000220186 -0.000405404 0.000237202 -6.01824e-05 0.00404347 0.000209656 0.000218097 0.0013856 -6.28459e-05 0.00161354 -0.000216497 0.000183072 -0.00110233 -6.79104e-05 -0.000400533 0.000352609 -0.000151643 -0.00168629 -7.86643e-05 -4.54019e-06 6.36952e-06 -3.54134e-05 -1.86744e-05 -0.000134045 -9.99069e-05 4.06261e-07 -4.7864e-05 3.39609e-05 -2.39941e-05 0.00178385 -8.13277e-05 -1.62916e-05 -8.50793e-05 -1.83848e-05 -6.32015e-05 -2.15523e-05 3.81505e-06 -0.00170517 8.19119e-06 -0.00018236 -1.81427e-05 3.42432e-05 2.32764e-05 0.000250896 -0.000446241 -0.000116363 -0.0016936 5.21942e-05 -0.000397138 -1.11211e-05 -4.55265e-05 -3.37193e-05 -0.000108775 -5.20527e-06 3.00594e-07 -0.000500277 0.00113649 0.00155071 -7.53267e-05 -5.19334e-06 0.00028014 0.000139918 -0.000417233 1.98075e-05 -2.7767e-05 -1.09942e-06 0.000248941 -4.3514e-06 -7.84123e-05 -4.66381e-06 4.81374e-05 -1.79915e-05 5.82968e-06 -0.000611085 -0.000351692 -0.000120657 -4.17967e-05 -0.000191647 -7.1819e-06 -5.42066e-06 -5.98854e-05 
-1.30792e-05 6.82792e-05 -4.16328e-05 0.00335189 0.0105975 -4.03743e-05 -0.000242259 -0.000201887 -7.86118e-05 -4.23932e-05 -0.00157918 -0.00164349 -0.000729425 -0.00106709 0.00101895 -4.39524e-05 -7.57753e-05 -0.0134791 0.00257992 -0.000255191 -0.000223161 0.000125661 0.000301058 0.000209656 0.049331 -0.00290434 0.000246088 -5.83243e-06 0.0211269 -0.000192622 -0.00859075 -0.012523 -3.24904e-05 -0.00238928 0.0032105 -0.0002165 -0.00867895 -0.000233978 6.50942e-05 2.07591e-05 -6.12518e-05 -0.000783867 -0.000432522 -0.000131175 -8.02777e-05 -6.83801e-06 0.000660406 -9.75661e-06 0.0138597 -0.000834616 -1.85338e-05 0.00352325 -4.31366e-05 -0.000462382 -1.64872e-07 -2.97005e-05 -0.0107882 -4.23345e-05 4.46355e-05 -1.52033e-05 -0.00178315 -0.000288393 0.00292807 -9.7976e-05 -0.00125897 -0.0204706 -0.000842626 -0.00142972 -1.22466e-05 -4.87066e-06 3.23005e-06 -3.89642e-05 -5.18289e-05 0.000648385 -0.000372818 -0.00247495 -5.85201e-05 4.7285e-05 2.89746e-05 -0.00673358 -0.00235213 -0.000731109 -0.00023147 -0.000190315 -1.70368e-05 0.000198692 -2.73428e-07 -2.16187e-05 1.94441e-05 0.00105226 -8.34919e-06 -0.000979054 -0.000325917 -0.00507011 -4.00712e-05 7.69303e-06 -0.000209013 -6.02485e-05 0.000167751 -2.2898e-05 
-0.00171176 -0.000221751 -0.000822311 0.00626351 0.00301653 -2.53668e-05 -0.00668814 -0.000415527 -0.00361321 -0.000514639 0.000520188 -0.0017459 -0.00157794 0.00555517 -0.0019534 -2.1272e-06 -0.00134589 0.00391806 -0.00413436 -0.00714297 -0.000979677 0.00701065 -0.00366658 0.000218097 -0.00290434 0.0155113 0.00502061 -0.000481868 0.00174127 -0.00624475 0.0071198 0.00351621 -0.00142134 -0.00292208 -0.000595837 -0.00686649 -0.00104413 -2.73434e-05 -1.81551e-05 -0.000175902 -9.39176e-05 -0.00267903 -9.75472e-05 -1.87952e-05 -0.00140615 -0.000276751 2.63762e-05 -1.09705e-06 0.00286237 -0.000718614 -0.000146854 -0.00149169 -0.000167264 -0.000144444 -5.84418e-05 -0.00151178 0.000369615 -0.000220188 -0.0069446 -0.000697012 0.00460839 -0.00177909 0.000664547 -1.73733e-05 1.69994e-05 0.00302396 -0.000187597 0.000223726 -0.000175911 -8.01285e-05 -0.000201358 -0.000208402 6.26959e-05 -9.54343e-05 -0.000280378 0.00672983 0.00526144 -0.00356522 4.77774e-06 -0.00582872 0.0074962 -0.000167165 -0.00132456 -0.00047245 -1.39722e-05 0.00694513 -1.92417e-05 -8.55398e-06 6.80223e-06 -0.00133258 -8.13066e-05 0.000210498 -8.51879e-05 0.000905036 1.77396e-06 -8.56823e-05 -0.00637317 -4.47197e-05 -5.8762e-05 -0.000406586 
-0.00107072 -8.6073e-05 -0.000798434 0.00720171 0.0116044 -0.000115529 -0.00537603 -0.000618302 -0.00301858 -0.000183581 -0.00751153 -0.0137912 -0.00168498 0.00627784 9.76603e-06 -0.000507744 -0.0012144 -0.0109969 -0.00357146 -0.00654667 -0.00192927 0.00554125 -0.0027388 0.0013856 0.000246088 0.00502061 0.0371333 -0.000418097 0.0081751 -0.00484095 0.0052955 -0.00720133 -0.00124502 -0.0161832 0.00306189 -0.00506069 0.00321119 -4.85136e-05 -2.52387e-05 2.88377e-05 -0.000185166 -0.00330411 -0.000211894 -7.9703e-05 -0.000726994 -0.000260259 0.000241892 -3.08277e-05 0.0164356 -0.00244784 -0.00032205 -0.00236529 -0.000190535 0.000290986 -5.27741e-05 -0.000839758 -0.00195056 0.000298395 -0.0051031 -0.000606062 0.00401588 -0.0014973 0.00111376 -0.000491905 -0.00706731 0.0033569 0.000332099 -0.007597 -6.01806e-05 -0.00039201 -0.000238405 -0.000127737 -0.000155276 -0.00010116 0.0010496 0.00632549 0.0106781 -0.0024478 -1.17387e-05 -0.00148845 0.00601685 -5.703e-05 -0.000569637 -0.00041771 9.7496e-06 0.00579521 -6.66229e-07 -0.000235757 2.6752e-05 -0.00154681 -6.23362e-05 -0.00126519 -0.00128141 -0.00197675 -7.39524e-05 -0.000100557 -0.00512378 -8.7026e-05 6.71005e-05 -0.000312301 
5.42231e-05 3.65734e-06 9.08237e-06 -0.00048423 -8.02736e-05 3.94356e-06 0.000469096 2.37322e-05 0.000268421 4.42835e-07 -1.55893e-05 0.000120559 -4.55867e-06 -0.000518776 2.63428e-05 -2.8229e-07 0.000179568 -0.00015178 0.000514015 0.000517636 6.4991e-05 -0.000480827 0.000161096 -6.28459e-05 -5.83243e-06 -0.000481868 -0.000418097 0.00061312 -0.000163287 0.000415997 -0.000575288 -0.000160088 0.000102444 0.000235296 -5.46612e-05 0.00052879 -0.000111808 -3.63325e-06 4.30903e-06 7.37178e-06 3.24629e-06 0.00028472 2.18449e-05 -5.18371e-07 0.000154398 1.81367e-05 -5.02733e-06 -1.24296e-07 -0.000210449 4.32493e-05 4.90472e-06 -1.47597e-05 7.08791e-06 -6.66345e-06 3.20671e-07 4.05525e-05 -0.000161473 1.54392e-06 0.00051707 0.000102098 -0.000420417 0.000175769 8.54197e-05 -4.54944e-07 -1.27684e-05 -0.000286069 4.73952e-06 -1.71014e-05 3.19517e-06 2.41054e-06 5.24943e-06 1.46588e-05 -6.75895e-06 -2.54928e-06 -2.84834e-06 -0.000534407 -0.000289404 0.000183164 1.97405e-06 0.000324681 -0.000555524 -1.98734e-05 2.4202e-05 8.68928e-06 -3.20943e-07 -0.000540956 7.86319e-07 -1.57671e-07 -3.74662e-07 7.72551e-05 1.0311e-06 -1.16506e-05 -1.89026e-06 -7.02792e-05 4.73526e-07 3.18519e-07 0.000452735 -8.87893e-07 3.13157e-05 2.60604e-05 
-0.00067555 -0.000140036 -0.000376358 -0.00427546 0.120563 -0.000259715 -0.00226861 -0.000346215 -0.00127328 -0.00133949 -0.0129146 0.000991617 0.00303292 0.00219157 0.00321497 -0.000399007 -0.000475876 -0.0813833 0.00925555 -0.00087367 0.00122177 0.00232038 -0.00205869 0.00161354 0.0211269 0.00174127 0.0081751 -0.000163287 0.248429 -0.0022106 -0.0133831 -0.0870826 -0.000666008 -0.0164385 0.021013 -0.00218659 -0.064894 -0.00079418 -7.9075e-05 0.000599666 -1.40984e-05 -0.00745472 -0.00250859 -0.000758365 -0.000327449 -0.000113216 0.00388355 -8.49253e-05 0.10773 -0.00630803 -0.00016325 0.0122403 -0.000338402 -0.00415841 -5.94862e-06 -0.000600917 -0.0974801 0.00220158 -0.00240513 -0.000242271 -0.0422374 -9.25176e-05 0.0235411 -0.000256574 -0.00813509 -0.137095 -0.00760424 -0.0133075 -0.000265322 -0.000237001 -5.46395e-05 -0.000373545 -0.00245371 0.00181641 0.00131206 -0.0128388 0.0580751 -0.00138533 3.78152e-05 -0.0237126 -0.00816747 0.00191548 0.00177261 0.000718606 -0.000180712 0.00334584 0.000114411 -0.000130591 8.74244e-05 0.00681603 -6.23846e-05 0.00151367 -0.00226707 0.0108393 -0.000530728 3.28344e-05 -0.0024659 -0.00034029 0.000754961 -0.000123693 
0.00131571 6.8951e-05 0.000665651 -0.00556231 -0.00185554 2.00052e-05 0.00632781 0.000396762 0.00344898 -8.43936e-06 -0.000216373 0.00192514 0.000370722 -0.00494308 0.000956175 -5.26915e-06 0.00129276 -0.00163994 0.00387768 0.00623744 0.000871454 -0.0063476 0.00313016 -0.000216497 -0.000192622 -0.00624475 -0.00484095 0.000415997 -0.0022106 0.00639696 -0.00615222 -0.00167706 0.00137044 0.00304082 -0.000490977 0.00620491 -0.00140094 -3.79378e-05 1.71286e-06 4.30424e-05 0.000103704 0.00219434 0.000120181 -2.04765e-06 0.00113691 0.000277091 -4.11597e-05 -3.3111e-07 -0.00359378 0.000688432 9.70216e-05 2.4456e-05 0.000167149 -6.71896e-05 2.0444e-05 0.00127764 -0.00173513 3.3115e-05 0.00626376 0.000556766 -0.00468546 0.00153429 -0.000359637 -1.73247e-05 -6.22366e-05 -0.00306927 -5.46316e-05 -0.000164893 0.000141383 7.63678e-05 0.000200928 0.000200332 -7.78064e-05 -4.20728e-06 -0.00025375 -0.00571025 -0.00319306 0.00327072 -5.08647e-06 0.00456667 -0.00617371 -0.00020546 0.00104823 0.000236296 2.25165e-07 -0.00627812 5.19119e-06 7.54521e-07 -3.63609e-06 0.00119565 6.47475e-05 -5.39528e-05 -2.82148e-05 -0.000402022 5.91953e-06 4.57816e-05 0.00601246 -1.76261e-06 1.84233e-05 0.000322566 
-0.00360551 -0.00013819 -0.000876383 0.00876989 -0.0155175 -1.48651e-05 -0.00683378 -0.000600308 -0.00354448 8.73863e-05 0.000853324 -0.00605884 -0.00101606 0.00758183 -0.00640943 3.48972e-05 -0.00133173 0.0102979 -0.0199847 -0.0120658 -0.0023001 0.00739313 -0.00442791 0.000183072 -0.00859075 0.0071198 0.0052955 -0.000575288 -0.0133831 -0.00615222 0.0397002 0.0101805 -0.00138725 -0.00259627 -0.000846017 -0.00800047 0.0018948 -0.000360717 -0.000110364 -0.000195451 -0.000645558 -0.00283677 0.000174544 6.39991e-05 -0.00158836 -0.000279753 -0.00088101 5.30756e-06 -0.00782536 -0.000133088 -0.000168622 0.000396812 -0.000146441 0.000400921 -5.64249e-05 -0.00150249 0.00975641 -0.00125872 -0.00768153 -0.000690887 0.0129993 -0.00463004 -0.0086506 0.000110151 0.000168042 0.0172899 0.000697599 0.00106882 -0.000147533 -9.03133e-05 -0.00023266 -0.000565061 -0.00161011 -0.00213895 -0.00305568 0.0243643 0.00986411 -0.0036058 -0.000150762 -0.001472 0.0195288 -0.00319722 -0.00153961 -0.00275875 8.49924e-06 0.0073967 -0.000175415 -7.10533e-05 -3.33382e-05 -0.00296566 -7.68044e-05 0.000430885 0.000235183 -0.00501341 -0.000271656 -0.000123693 -0.00630679 -4.99586e-05 -0.00214548 -0.000655646 
-0.00063241 -6.89589e-05 -0.000222309 -0.0336402 -0.0717866 3.88368e-05 -0.00183655 -0.000441072 -0.000970117 -0.000108441 0.0185857 -0.00865918 -0.00315008 -0.000299892 -0.00351252 0.000274252 -0.000280842 0.0916165 -0.00611755 -0.00103126 -0.00134506 0.00196345 -0.00148285 -0.00110233 -0.012523 0.00351621 -0.00720133 -0.000160088 -0.0870826 -0.00167706 0.0101805 0.193468 -0.000349765 0.00385619 -0.0101408 -0.00224455 -0.0399439 -0.00153392 0.000150776 -0.000373882 -7.05127e-05 0.0115816 -0.00163848 0.000469614 -0.00050764 -7.67833e-05 -0.00239342 -1.90966e-05 -0.0833379 0.00245804 1.43782e-05 -0.00520946 0.000180061 0.00122793 -1.89274e-05 -0.000389713 -0.0134542 -0.00164594 -0.00220821 -0.000184977 0.0205197 -0.00258232 -0.0159005 -0.000378133 -0.000556521 0.062443 -0.0017318 0.00407082 -8.41892e-05 7.48843e-05 -3.93171e-05 0.000317342 0.00557031 -0.000991803 0.00528621 -0.000889575 0.00842625 -0.00105691 -9.69609e-06 0.02406 0.00650403 -0.0061958 -0.00166374 -0.000857318 5.89446e-05 0.00157149 -4.32199e-05 -8.38829e-06 -0.000148877 -0.00161989 2.03832e-05 -0.00277481 -9.49928e-05 -0.0281191 0.000248782 -3.63414e-05 -0.00184476 0.000525127 -0.000427895 -0.000149488 
0.00062529 -8.44772e-08 0.000165553 -0.00133784 -0.000484263 -2.72027e-07 0.00142735 5.06566e-05 0.00123761 1.4772e-07 -4.84002e-05 1.24805e-05 5.3875e-05 -0.00140341 9.08091e-05 9.7431e-06 7.59698e-05 -0.000338374 0.00116918 0.0014314 9.35446e-05 -0.00143822 0.00113512 -6.79104e-05 -3.24904e-05 -0.00142134 -0.00124502 0.000102444 -0.000666008 0.00137044 -0.00138725 -0.000349765 0.00156152 0.000379075 -0.000140532 0.00142831 -0.000325112 -8.50487e-06 -8.2039e-07 -2.56831e-07 2.1811e-06 0.000870084 0.000157176 1.1512e-07 1.30647e-05 7.63051e-06 -9.51231e-06 -1.68642e-08 -0.000887596 1.0665e-05 3.8956e-05 -3.0453e-05 9.09215e-07 -1.52964e-05 3.76078e-07 6.40135e-05 -0.000405518 -1.07225e-05 0.0014346 9.90233e-06 -0.00111144 2.54061e-05 -9.40992e-05 1.22948e-05 -3.53735e-05 -0.000665537 -7.58955e-06 -4.33395e-05 5.40685e-05 2.51483e-05 3.4232e-05 9.24666e-07 -1.20538e-05 -2.66042e-06 -6.98256e-05 -0.00134937 -0.00075983 0.00129466 2.42419e-06 0.00116158 -0.00139489 -3.86173e-05 8.64009e-06 1.79871e-05 -8.115e-07 -0.00145096 -7.14679e-07 4.00501e-06 -1.8783e-07 0.000195979 4.56576e-06 -2.07587e-05 3.52343e-05 -0.000200649 -3.14815e-06 -1.6471e-07 0.00139466 4.06043e-06 -2.94241e-06 1.38866e-05 
