0.00358518 -0.000827974 -0.000158371 0.00030026 -3.2563e-08 -0.000136286 -0.00028085 0.000152992 -2.41133e-05 -5.7516e-06 0.000415328 -0.000128283 -3.48679e-06 0.000288026 0.000630463 -5.03228e-06 1.43554e-05 -0.000161706 -0.000114187 -0.00024936 -0.000323443 -0.000424903 -0.000131733 0.000368421 -0.000254439 -0.0010121 -0.00038363 0.000734386 -0.000290018 0.000289495 1.18515e-06 0.000808329 1.8078e-07 -1.63437e-05 0.000201494 0.000460174 -1.25127e-05 2.21785e-05 -7.88009e-08 -2.24094e-05 -2.16841e-05 -0.00029339 0.0010312 -0.000467158 0.000273248 -3.21097e-05 0.000608316 -8.89154e-05 1.43401e-05 2.55177e-05 -0.000929539 5.32884e-05 4.53564e-05 -2.92095e-05 0.000343624 -0.000565738 4.11352e-08 -2.22229e-06 -0.000130224 -8.62102e-07 -3.53842e-06 -4.53172e-05 4.62267e-05 -0.000194038 -0.00074591 -0.000332771 0.000219054 -4.89459e-07 1.10527e-05 1.92146e-05 -4.89198e-06 -0.000260815 7.2243e-07 -9.86283e-06 -7.31291e-05 -6.75958e-07 0.000821798 -0.000102624 -0.000792125 3.57996e-05 -4.35732e-05 -1.74076e-05 -0.000370497 -1.23552e-05 -7.73003e-05 -0.000147119 -0.00135772 -0.000271225 -0.000273535 -0.00020424 -4.3277e-05 0.000108874 4.10827e-05 0.000234019 -1.57733e-06 -7.87464e-05 -3.6858e-07 0.000660128 -2.53351e-05 0.000153215 
-0.000827974 0.231435 0.11636 0.00480944 -4.7981e-06 -0.0851464 0.0587433 5.27542e-05 0.00266949 -4.07979e-05 0.126315 0.0125899 -0.00287303 -0.119405 0.0505787 -0.00453989 -0.00521309 -0.141886 0.010923 -0.0138446 -0.0838908 -0.182773 -0.0278934 -0.0365958 0.175909 0.177393 -0.0823356 -0.0606087 0.0384221 -0.00482451 -0.000121455 -0.0156791 -0.000106298 0.00280413 0.00543507 -0.102283 0.00219637 -0.00049231 -0.00101553 -0.0146281 -0.00210651 -0.137284 0.0480837 -0.159309 0.124018 -0.0104974 -0.0344773 0.00632933 0.000476284 0.000825934 0.0504672 -0.0423298 -0.00321205 0.00249521 0.0617076 -0.0498025 -2.008e-05 -0.000573671 0.0107549 -0.000180568 -0.00690653 -0.0178107 0.0126697 0.0361012 0.100164 -0.0718914 -0.00318567 4.66708e-05 -0.000491782 -0.000795116 0.000447696 0.0212691 -5.38829e-05 -0.00497889 0.00705835 -7.62056e-05 0.00296124 -0.00294281 0.0633204 0.00142877 -0.00215844 4.25052e-05 -0.0100628 -0.00153695 0.0126512 0.0249888 0.166469 0.0554654 0.0248808 -0.0761942 -0.000314611 -0.00166021 -0.000172714 0.00191616 9.75783e-05 -0.0184892 -0.000563772 -0.0503902 0.00159658 -0.157872 
-0.000158371 0.11636 0.243779 0.00280029 -2.18456e-06 -0.0487858 0.0986704 -0.00606094 0.00196167 0.000887948 0.065213 0.0114687 -0.00258077 0.00811814 -0.0644144 -0.00284587 -0.000261149 -0.0736076 0.0163908 0.0262083 -0.0750739 -0.0988471 -0.0171434 0.00151692 0.0962153 0.102995 -0.0362778 -0.0690101 0.0650233 -0.00404244 -4.74574e-05 -0.00824066 -4.69034e-05 0.00462233 -0.0145703 -0.0555454 -0.00476909 -0.000293107 -0.00143029 -0.00901956 0.0019286 -0.0731319 0.0156368 -0.0592766 0.0171416 -0.00591475 -0.102422 -0.00565485 0.00426732 -0.00112605 -0.0468822 -0.0270012 -0.0079085 0.0043645 0.0899514 0.0106085 -1.72867e-05 -0.00105616 -0.00996483 -7.57319e-05 -0.0018597 -0.0100521 -0.0197454 0.0710064 0.000638587 -0.0337097 0.0036907 5.87442e-05 -0.000374884 -0.000326119 0.000460514 -0.0200285 -3.4042e-05 -0.00278963 -0.00599842 9.38054e-05 0.00188516 -0.0113289 -0.0605117 -0.00731035 -0.00441124 0.00237546 -0.0229277 -0.00129233 0.00106444 0.0403757 0.130939 0.0487115 0.00676236 -0.0380837 0.00215391 -0.00102892 -8.59329e-05 -0.0175002 -6.4074e-05 -0.0129903 0.000389474 -0.0192428 -0.00253636 -0.0889966 
0.00030026 0.00480944 0.00280029 0.016793 -1.44618e-07 -0.00229182 0.00196162 -5.49951e-05 -0.000111368 -2.83034e-05 0.00259107 -0.000901979 -0.000104082 -0.00472808 0.00342488 -0.000141085 -0.000124694 -0.00275482 -0.000230223 -0.00156584 -0.00463416 -0.00395057 -0.000739022 -0.00299259 0.00337478 0.0048169 -0.00271585 -0.00282634 -0.000494575 -0.000150007 -3.68608e-06 7.24129e-05 3.29236e-06 -0.00011613 -0.00116451 -0.00219264 0.000890621 -1.41888e-05 -4.51551e-05 -0.000356364 -0.00018333 -0.00334292 -0.00148528 -0.00546426 0.00329244 -0.000244358 0.000241548 -0.000110741 -0.000207921 1.01174e-05 0.00144589 -0.00137583 -5.05243e-05 1.32602e-05 0.00109626 -0.00329766 -1.08671e-06 0.000103232 0.000494173 4.79978e-07 -0.0003173 -0.000443026 0.000566944 0.000936057 0.0057443 -0.00195504 -0.000155745 -2.27233e-06 -1.42322e-05 -3.17202e-06 1.49622e-05 0.00186738 7.01251e-07 -0.000138154 -7.28013e-06 1.2646e-05 5.46368e-05 0.000140548 0.00119599 0.000607333 -0.00021225 -5.73588e-05 -0.00315473 -2.84192e-05 0.000229879 0.00187248 0.00471476 0.000145822 0.00118028 -0.00266614 0.000646364 -1.93645e-05 0.000243954 -0.00192704 1.01324e-05 -0.000327661 6.09608e-05 -0.00249909 0.000434247 -0.00409092 
-3.2563e-08 -4.7981e-06 -2.18456e-06 -1.44618e-07 9.04992e-06 2.05699e-06 -1.04301e-06 -1.52031e-07 8.91149e-08 4.76201e-07 -6.35278e-06 1.64404e-07 4.05005e-07 1.73563e-06 -2.51875e-06 1.74934e-07 8.26172e-07 1.64185e-06 -1.79868e-07 2.10693e-07 1.11278e-06 4.50676e-06 2.22581e-06 2.03305e-08 -3.05327e-06 -2.96609e-06 1.15011e-06 -3.91354e-06 1.91066e-07 3.72295e-07 -2.84598e-09 6.58964e-07 -2.91567e-09 -8.17868e-08 -5.52387e-07 1.34089e-06 1.53631e-07 -8.64773e-09 -4.50526e-08 -1.18961e-07 -4.29749e-08 -9.89942e-07 -1.51265e-06 2.98044e-06 -3.32995e-06 5.49628e-07 -1.60029e-06 1.26637e-07 -1.30907e-07 -5.95069e-08 -2.60986e-06 1.37486e-06 8.93779e-07 5.57451e-07 -1.4644e-06 6.06656e-07 -5.7564e-10 3.41045e-07 -1.55499e-07 -3.60202e-09 7.90389e-07 1.12284e-06 -7.11368e-07 7.23042e-07 -2.60392e-06 4.80183e-06 6.33306e-08 -2.58091e-09 -8.63714e-09 2.10928e-07 -1.56747e-08 -5.3786e-07 -7.90367e-10 3.36933e-07 1.5506e-07 3.95781e-07 3.22898e-08 1.92386e-06 -2.7154e-06 6.63371e-08 1.05153e-06 1.00812e-07 -1.6918e-06 1.89462e-07 -2.51188e-07 -1.95612e-07 -1.57372e-06 -5.11675e-06 3.48344e-07 1.04609e-06 1.03603e-06 -2.00633e-08 -3.93143e-08 3.05586e-07 2.2888e-07 -7.79078e-08 1.69687e-07 2.54291e-06 -9.45843e-08 2.07308e-06 
-0.000136286 -0.0851464 -0.0487858 -0.00229182 2.05699e-06 0.117681 -0.0251688 -0.00277388 -0.00108868 -4.81795e-05 -0.0816072 -0.0077931 -0.00075592 0.0613402 -0.0422322 0.00109437 0.00356723 0.0762197 -0.00440747 0.00920599 0.0577912 0.0818902 0.0316956 0.015092 -0.0875037 -0.0747878 0.0259068 0.0175495 -0.0156092 0.00257928 1.95816e-05 -0.00246165 3.79525e-05 -0.00121418 -0.00551295 0.0440908 -0.00198569 0.000365369 -0.000531457 0.0163029 1.13738e-05 0.0611748 -0.0333748 0.0809789 -0.059218 -0.000578699 -0.0166663 -0.00364744 0.00229492 -0.000482228 -0.0520277 0.0136142 0.00485959 -0.00109619 -0.0272115 0.00786084 2.92731e-06 -0.000521369 -0.005016 -1.58502e-05 0.00732893 0.00317861 -0.0131315 -0.0181782 -0.0410852 0.0677493 0.00408757 -3.31845e-05 0.000467862 0.000435584 -0.000233709 -0.0127813 1.65814e-05 0.00061161 -0.00274606 -3.85151e-05 -0.00313295 0.00117398 -0.0523627 -0.000824749 -0.00274626 -0.000356854 -0.000344699 0.00150911 -0.00595548 -0.00907237 -0.0630207 -0.0696366 -0.0116153 0.0618332 -0.000959162 0.000812231 -0.000424726 -0.00370457 -5.75099e-05 -0.000794658 0.000447395 0.0400893 -0.00114948 0.0831137 
-0.00028085 0.0587433 0.0986704 0.00196162 -1.04301e-06 -0.0251688 0.157531 -0.000897671 0.0031669 0.000363634 0.0327553 0.0109426 -0.00160817 0.0438695 -0.0704909 -0.000748353 0.000224157 -0.0398388 0.0226041 0.0307419 -0.0529778 -0.0529738 -0.00814958 -0.00611615 0.0495253 0.0679349 -0.017076 -0.0771284 0.080958 -0.00170288 3.12772e-05 -0.00350224 1.92853e-05 0.00646878 -0.0119856 -0.0312739 -0.00183241 -0.000138288 -0.000500555 -0.00392398 0.00435298 -0.0396616 0.0272117 -0.0517707 -0.0197423 -0.00313392 -0.0553834 -0.00448411 -0.000139489 -0.000861171 -0.0692485 -0.0176663 -0.00283964 0.00452179 0.098573 -0.0158379 1.30528e-06 -0.000679777 -0.00230932 6.4864e-05 0.000932441 -0.0047514 -0.0140282 0.0634657 -0.0246093 -0.0162636 0.00242185 8.63955e-05 -0.000171972 -0.000208256 0.00014702 -0.0124557 -1.36631e-05 -0.000956917 -0.00295592 0.000162441 0.00151327 -0.000658147 -0.0580249 -0.0028715 -0.00359162 0.00173189 -0.038919 -0.000465916 -0.00784078 0.0467533 0.0573713 0.0164086 -0.00954271 -0.0172888 0.00344871 -0.000490252 -0.000620906 -0.0241402 -8.45902e-05 -0.0075774 0.00103372 -0.0113488 0.000911296 -0.045671 
0.000152992 5.27542e-05 -0.00606094 -5.49951e-05 -1.52031e-07 -0.00277388 -0.000897671 0.0218255 0.000288201 -1.24813e-05 0.00279523 -0.000543294 -6.5906e-05 -0.00793072 0.00728443 -6.89062e-05 -8.61156e-05 -0.00352988 -0.000723585 -0.000991276 -0.0024426 -0.00270546 -0.000960108 -0.00124665 0.00347419 -0.00216817 -0.0033595 -0.00242526 -0.00181048 0.000617052 2.86306e-06 0.00145102 7.64502e-07 6.85241e-05 -0.000209499 -0.00312963 0.000732181 0.000102115 0.000746824 -0.00035506 -0.000209323 -0.00406742 -0.000856551 -0.00733332 0.00267845 -0.000138183 0.00483847 0.000655565 -0.000151096 -8.38841e-05 0.00313878 -0.00181745 -0.000369933 -0.000167401 -0.00144823 -0.00455858 -2.26615e-07 -2.93978e-05 0.000936382 7.08915e-05 -0.0002042 -0.000424278 0.00635774 -0.00155313 0.00543711 -0.00251887 -8.75865e-05 9.34026e-06 4.59045e-05 1.55501e-05 -3.36818e-05 0.00415229 2.52038e-06 -0.000141895 0.000108136 -7.37588e-06 -0.000337787 0.00207236 0.00657122 0.00202461 0.00187706 0.000663303 -0.00225398 8.52468e-05 0.00369064 -0.0014666 0.0026008 -0.0027411 -0.00167783 -0.00181894 7.35442e-05 7.80421e-05 -2.87876e-05 0.000543759 3.05759e-06 0.000120494 1.69028e-05 -0.00278906 6.94595e-05 -0.00466399 
-2.41133e-05 0.00266949 0.00196167 -0.000111368 8.91149e-08 -0.00108868 0.0031669 0.000288201 0.00849582 1.62091e-06 0.00045378 2.94237e-05 -6.8348e-05 -0.00229603 -0.00234193 -2.98412e-05 -4.57456e-05 -0.00187862 0.000281201 0.000425935 0.000889417 -0.00257565 -0.000366333 -0.001662 0.00236339 0.00295212 -0.000445474 -0.00369788 -0.000139778 0.000370405 4.97853e-06 -0.000207336 3.75255e-06 0.000195768 3.48811e-05 -0.00107476 2.46447e-05 4.165e-08 1.67974e-05 -0.000188911 -7.49661e-05 -0.00189038 0.00340011 -0.00277996 0.00190779 -0.000132609 -0.000568784 -9.31774e-06 0.000158283 -2.78792e-05 -0.00385146 -0.000741368 6.2249e-06 0.000154922 0.00315678 -0.00154713 1.56183e-05 3.89526e-05 0.00110647 1.25393e-05 0.000125666 -0.000239837 -6.18584e-05 3.35799e-05 -0.000346332 -0.000979009 -5.76909e-05 3.86062e-05 -7.77166e-06 2.82373e-05 7.8498e-05 0.000211041 -7.48381e-07 -6.69014e-05 -4.76694e-05 -3.68101e-06 0.000225192 0.00144228 -0.00239082 0.000681498 -0.000134235 3.25681e-05 -0.00122631 0.000445179 -0.000179114 0.00119374 0.00100656 -0.00153546 0.000408307 -0.000888042 -5.46305e-05 6.98537e-05 -1.0325e-06 -0.00103361 -4.33653e-07 -0.000353873 -1.96527e-05 0.000731053 0.00036434 -0.00220888 
-5.7516e-06 -4.07979e-05 0.000887948 -2.83034e-05 4.76201e-07 -4.81795e-05 0.000363634 -1.24813e-05 1.62091e-06 0.00188951 -0.000487519 0.000763334 -1.51676e-05 0.000731317 -0.000902006 -1.2087e-05 0.000336303 -0.000460356 -2.72591e-05 0.00107417 -0.000649095 -0.000462202 -4.25268e-06 2.83938e-05 0.000129926 1.32741e-05 -0.00029589 -0.00132665 0.000905129 -1.24954e-05 -4.55328e-07 -2.31782e-05 2.03676e-06 2.25183e-05 9.7934e-05 -0.000262657 -1.5912e-05 -1.73895e-06 -6.20418e-06 -6.40088e-06 -9.77019e-06 -0.000325916 -0.000449192 0.000270498 -0.000760771 6.44292e-05 -0.00051327 -4.63977e-05 6.94666e-05 -5.31444e-06 -0.000905899 -8.57207e-05 -3.67314e-05 3.37835e-05 -5.05341e-05 -0.000115496 2.48292e-06 4.85557e-07 -8.15433e-06 3.99856e-07 9.97225e-05 -1.02893e-05 -0.000153812 0.00103951 -0.000521631 0.000462249 0.00044305 -4.26546e-07 1.066e-07 6.23784e-05 -1.21219e-06 -0.000155868 -1.6533e-07 1.84438e-05 -3.47395e-05 2.22236e-05 -3.89356e-05 0.000187433 -0.000806858 0.000161626 -2.96692e-05 0.000187648 -0.000129794 -2.61916e-06 -3.80074e-05 6.52205e-05 0.000759652 -0.00037658 -3.23056e-05 1.68865e-05 0.000459118 -3.99536e-06 -7.25717e-06 -0.000245186 -6.11605e-07 -2.62715e-05 -3.03759e-06 -0.000358023 -1.49287e-05 -0.000261906 
0.000415328 0.126315 0.065213 0.00259107 -6.35278e-06 -0.0816072 0.0327553 0.00279523 0.00045378 -0.000487519 0.173825 0.00468189 -0.000762857 -0.0855339 0.069414 -0.00558355 -0.00493835 -0.0931892 0.00678081 -0.0351551 -0.064259 -0.126594 -0.0319713 -0.0165763 0.125728 0.0990364 -0.0736322 -0.0168165 0.0192996 -0.000904437 -7.12907e-05 -0.00246296 -0.000124299 0.000747045 0.0149006 -0.0702717 0.000640062 -0.000346282 0.00107627 -0.0164448 -0.00292877 -0.103463 0.0524688 -0.125726 0.0959086 -0.0131567 0.0255912 0.00236475 -0.000251634 0.00115195 0.0804359 -0.0374906 -0.00419764 0.00120742 0.0393909 -0.0560783 -3.91653e-05 1.40903e-05 0.0021414 -0.000258448 -0.00948597 -0.0182826 0.0172117 0.0167488 0.0590525 -0.0863819 -0.00312643 5.0325e-05 -0.000433227 -0.000781529 -8.18103e-05 0.0144386 -5.26172e-05 -0.00134262 0.00325928 -0.000347521 0.00461658 -0.00852034 0.0823489 -0.00391315 0.000525326 -0.000829054 0.0190348 -0.00252371 0.00802087 0.0145989 0.0872113 0.062034 0.00756874 -0.0481352 0.0017545 -0.00198893 0.000494761 0.00300606 -0.00012025 -0.0111556 -0.000419313 -0.0540426 0.00108257 -0.127108 
-0.000128283 0.0125899 0.0114687 -0.000901979 1.64404e-07 -0.0077931 0.0109426 -0.000543294 2.94237e-05 0.000763334 0.00468189 0.0777456 -0.000568267 0.00777847 -0.00404621 0.000153383 0.00170289 -0.0132822 -0.000567165 0.0144415 -0.0179102 -0.0162633 -0.003383 0.00202919 0.0143726 0.0150477 -0.0115659 -0.0187604 0.0138886 -0.000556015 4.06091e-06 -0.0011685 -1.97833e-05 0.000709493 -0.00301219 -0.0125525 0.0017101 1.83654e-05 -0.000146876 -0.0008647 -0.00056581 -0.0130883 -0.00103058 -0.0083668 -0.00464802 -0.00101334 -0.00241155 -0.00157224 -0.00102412 -0.000444492 -0.0110516 -0.00631299 -0.00118238 0.000817678 0.0070863 -0.00781875 -4.37647e-07 -0.000467525 -1.98827e-05 7.2513e-05 0.00260401 -0.00143958 -0.00459894 0.0139291 -0.000482789 -0.00185078 0.000243578 -1.95438e-05 -7.06618e-05 0.000161557 -1.27925e-05 -0.00299588 -3.56906e-07 -0.000654519 -0.00168017 -2.6446e-05 -0.00121542 0.00312575 -0.00273848 0.00102188 -1.09431e-05 0.0009209 -0.00580731 0.000143368 -0.00144728 -0.00165105 0.0204499 0.00314074 -0.00175563 -0.012408 -0.00109609 -0.000220408 0.000315811 -0.00696832 -3.60583e-05 -0.000756745 -0.000219985 -0.00470684 -0.000525191 -0.013662 
-3.48679e-06 -0.00287303 -0.00258077 -0.000104082 4.05005e-07 -0.00075592 -0.00160817 -6.5906e-05 -6.8348e-05 -1.51676e-05 -0.000762857 -0.000568267 0.00821808 -0.0027022 0.00254813 0.000128424 -9.93027e-06 0.00186444 -0.000256972 -0.000685218 -0.000350119 0.00207968 -0.000331126 0.000909125 -0.00295478 -0.000436821 -0.001009 0.00172864 -0.000974061 0.000131356 -2.45263e-06 0.00117769 3.80023e-06 -7.41625e-05 -0.000169601 -0.000551869 0.000438534 1.47883e-05 0.000208934 -0.000124061 -8.55447e-05 0.000508715 -0.000899965 0.000557374 -0.000278315 -2.93587e-05 -7.87684e-05 -8.96037e-05 -0.000100974 5.90684e-05 0.00226257 0.000366756 -0.000162681 -6.90126e-05 -0.00163855 -0.000585429 -5.27093e-07 -2.71846e-07 -0.00029848 5.11843e-06 -0.000130878 0.000417593 -0.000336639 -0.00110285 -0.00201433 -0.00082445 -8.83976e-05 -4.99911e-07 4.72129e-06 1.37821e-07 -3.75605e-06 -0.000743388 5.82957e-07 0.000255805 -0.00014711 -6.03193e-06 -0.000136284 -0.000255218 0.00280796 -0.00016902 0.000440713 -3.12638e-05 0.00464539 -2.02567e-05 -0.000289224 -0.000567682 -0.00222616 0.000880086 -0.000656069 0.00197767 -0.000132718 4.72322e-05 9.06138e-06 -0.000204059 -3.1813e-06 0.000311364 -2.06431e-05 -0.000223743 -8.35407e-05 -0.000236709 
0.000288026 -0.119405 0.00811814 -0.00472808 1.73563e-06 0.0613402 0.0438695 -0.00793072 -0.00229603 0.000731317 -0.0855339 0.00777847 -0.0027022 0.249802 -0.14716 0.00227266 0.00377993 0.0953333 0.00663167 0.0352785 0.0389444 0.121784 0.0223769 0.042116 -0.112479 -0.0968181 0.0693596 -0.0176531 0.0382701 -0.000879268 0.000125547 0.0060821 1.85751e-05 0.00300085 -0.0286401 0.0847563 -0.00565758 2.58193e-05 -0.00170537 0.0110883 0.00517735 0.0986119 -0.0297565 0.12744 -0.152068 0.00673901 -0.0442774 -0.0122038 -0.00392733 -0.00266141 -0.147609 0.0286094 0.00054011 0.00269486 0.0445074 0.0611385 1.36947e-05 8.07525e-05 -0.0171165 3.36752e-05 0.00852617 0.0132088 -0.0419557 0.0387119 -0.142628 0.0581015 0.00183937 -0.00010586 0.000224505 0.000107569 -0.00048491 -0.0452732 2.41151e-05 0.0018056 -0.00987782 0.00021821 -0.00389243 -0.00446096 -0.155742 -0.00763934 -0.00698678 0.00116806 -0.043742 0.000623293 -0.0208386 0.0167719 -0.0779581 -0.0351515 -0.0318613 0.0501322 0.00457436 -0.000700613 -0.000781873 -0.0338916 -0.000208951 0.00703413 0.00152354 0.0598952 -0.00446394 0.118605 
0.000630463 0.0505787 -0.0644144 0.00342488 -2.51875e-06 -0.0422322 -0.0704909 0.00728443 -0.00234193 -0.000902006 0.069414 -0.00404621 0.00254813 -0.14716 0.249803 -0.00329081 -0.00391955 -0.0481313 -0.015171 -0.0608706 -0.0473441 -0.0670932 -0.0202263 -0.0225279 0.0791717 0.0180913 -0.0849076 0.0733026 -0.0570289 0.000572702 -0.000102459 0.00834785 -7.45108e-05 -0.00446092 0.0227675 -0.0599212 0.00616118 8.06664e-06 0.00169879 -0.00690547 -0.00630367 -0.0744703 0.0254247 -0.110748 0.139681 -0.00887001 0.0922524 0.00435078 -0.00404968 0.00247984 0.144265 0.00264233 0.00313532 -0.00424684 -0.058327 -0.0765305 -2.85399e-05 0.000476708 0.0128739 -0.000150079 -0.00848893 -0.0133862 0.03371 -0.0758693 0.122182 -0.0419835 -0.0050423 -3.1793e-05 2.32281e-05 -7.71135e-05 -0.000654918 0.0314958 -2.43597e-05 -0.00127769 0.0018336 -0.000273877 0.00537524 0.00167738 0.17814 0.00602625 0.00670858 -0.00254852 0.0385469 -0.00116578 0.0106582 -0.0346158 0.00871552 0.0156091 -0.00655104 -0.0248136 -0.0049523 -0.000806378 0.000752643 0.0241386 -0.000227114 0.00523809 -0.00134149 -0.0355827 0.00405384 -0.0792684 
-5.03228e-06 -0.00453989 -0.00284587 -0.000141085 1.74934e-07 0.00109437 -0.000748353 -6.89062e-05 -2.98412e-05 -1.2087e-05 -0.00558355 0.000153383 0.000128424 0.00227266 -0.00329081 0.0089497 5.6082e-05 0.000568537 -0.000293442 0.00269321 0.00323413 0.00398185 0.0004051 0.000768173 -0.00551729 -0.00218276 0.00317509 -0.000699218 -0.00074049 -2.63427e-05 3.12299e-05 4.99776e-05 4.7937e-06 -2.85208e-05 -0.000363178 0.00294047 -7.53968e-05 2.19018e-06 -4.22659e-05 0.000830078 0.00011905 0.00183592 -0.00209981 0.00489771 -0.00390681 0.000971754 -0.000647667 -1.83417e-05 -0.000119033 -3.17837e-05 -0.00392577 -0.000471317 -0.000172435 -6.32618e-05 -0.000763222 0.00102616 1.10555e-06 2.47133e-05 -0.000199368 3.58688e-05 0.000604154 0.00122194 -0.000600211 0.000292741 -0.0026075 0.000881232 -1.6854e-05 -2.3389e-06 7.74079e-07 0.000156101 0.000126368 -0.0008056 1.18127e-06 -1.10086e-05 -0.000139291 1.33668e-05 -0.000219186 -2.7523e-05 -0.00344388 -0.000166312 -0.000124693 -2.84927e-05 0.000930723 5.39928e-06 -0.000384704 -0.000462664 -0.00293217 -7.21961e-05 0.0011504 0.00159971 -5.02595e-05 0.000143109 -3.88428e-05 0.000131151 9.76232e-06 -4.3362e-05 5.59982e-06 -0.000604544 -8.82284e-05 0.00499738 
1.43554e-05 -0.00521309 -0.000261149 -0.000124694 8.26172e-07 0.00356723 0.000224157 -8.61156e-05 -4.57456e-05 0.000336303 -0.00493835 0.00170289 -9.93027e-06 0.00377993 -0.00391955 5.6082e-05 0.0084534 0.00188276 -0.000154575 0.00487749 0.00154068 0.00277621 0.000628975 0.000716191 -0.00360447 -0.00425448 -0.00115787 -0.000713306 0.000835361 0.000896004 4.76877e-06 0.00140642 7.04979e-06 4.39245e-05 -5.63668e-05 0.000725843 0.000125826 5.83896e-05 -3.74244e-05 4.33525e-05 4.86746e-05 0.000350058 -0.00184887 0.00413105 -0.00378535 -5.10713e-05 -0.00213872 -0.000227298 0.000169621 0.000167838 -0.00442091 -0.00039671 0.000184126 -4.64127e-05 -0.00136678 -0.00163359 7.16102e-06 -9.98467e-06 -0.000308407 5.08665e-05 0.00103375 0.000657841 -0.000742502 0.000512197 -0.00257022 0.00549907 0.00139901 1.03183e-06 -3.5738e-06 8.14431e-05 -1.43572e-05 -0.000795354 2.46539e-06 -6.01352e-05 -0.000173091 6.48501e-06 -0.000115831 0.00324954 -0.00359862 -7.25183e-05 -0.000157777 0.000478934 0.000170235 -2.8294e-05 -0.000371789 -0.000478209 -0.00278719 -0.00613396 -0.000594836 0.0018422 -0.000147586 0.000257507 -2.6425e-05 -0.00037946 -3.84241e-06 -0.000148334 -2.53014e-05 0.000319001 0.000259235 0.00465666 
-0.000161706 -0.141886 -0.0736076 -0.00275482 1.64185e-06 0.0762197 -0.0398388 -0.00352988 -0.00187862 -0.000460356 -0.0931892 -0.0132822 0.00186444 0.0953333 -0.0481313 0.000568537 0.00188276 0.191965 -0.00809794 0.000580387 0.0843784 0.145953 0.0298452 0.0229301 -0.139784 -0.119047 0.0575942 0.0415044 -0.0302633 -5.51479e-06 7.3038e-05 0.0116345 0.000108753 -0.00232581 -0.0193423 0.0814077 -0.00179467 0.000160188 -0.000339289 0.0114297 -0.000929227 0.111999 -0.0614058 0.12613 -0.0993875 0.00176896 -0.0119569 -0.00564829 -0.00201116 -0.00121045 -0.0460109 0.029428 0.00368962 -0.00195289 -0.0487203 0.0272054 5.03312e-06 -0.000454738 -0.00913406 -4.42102e-05 0.00444737 0.00962446 -0.0228106 -0.0303486 -0.064514 0.0627905 -0.00161999 -6.28698e-05 0.000333998 -0.000171595 -0.000404669 -0.0212505 2.51923e-05 0.0025531 -0.00462627 -7.01211e-05 -0.00609547 -0.00312508 -0.0665487 -0.00542673 -0.00533728 -0.000814184 -0.000567138 0.00142287 -0.00873019 -0.0182058 -0.106666 -0.0444346 -0.0129707 0.0761049 -0.000343649 -0.000601202 1.93583e-05 -0.0247835 -1.55627e-05 0.0076087 0.000930777 0.0429518 -0.00194375 0.116601 
-0.000114187 0.010923 0.0163908 -0.000230223 -1.79868e-07 -0.00440747 0.0226041 -0.000723585 0.000281201 -2.72591e-05 0.00678081 -0.000567165 -0.000256972 0.00663167 -0.015171 -0.000293442 -0.000154575 -0.00809794 0.035121 0.000470417 -0.0107338 -0.00985949 -0.00152392 -0.0133961 0.00886502 0.0110808 -0.00479476 -0.017481 0.0256417 -0.000308573 -3.5224e-06 -0.000979386 6.56027e-06 0.00313399 -0.00063893 -0.00639783 -0.000443944 -2.95793e-05 -7.64391e-05 -0.000830409 0.00282765 -0.00759516 0.00891049 -0.0102417 -0.00955595 -0.000654454 -0.00951821 -0.000852048 -0.000133965 -9.51484e-05 -0.0105282 -0.00333473 -0.000560434 0.00178535 0.0244551 -0.00666586 1.3049e-06 -8.0345e-05 -0.000908086 -6.61406e-06 -8.3135e-05 -0.0010162 -0.00317312 0.0125995 -0.00431934 -0.00406348 0.000346325 6.00419e-05 -2.19934e-05 -4.47122e-05 -5.26408e-05 -0.00189392 -3.05659e-06 0.000498954 -0.000536573 0.000206293 0.00083322 0.000584712 -0.0107185 -0.000536351 -0.000690256 -0.000165565 -0.00607141 -0.000120913 -0.00140304 0.0132131 0.00699868 0.00012256 -0.00253668 -0.00466649 0.000323561 -1.2857e-07 -0.000127471 -0.00285446 -1.70204e-05 -0.00149066 3.25391e-05 -0.00718889 -0.000172798 -0.00948912 
-0.00024936 -0.0138446 0.0262083 -0.00156584 2.10693e-07 0.00920599 0.0307419 -0.000991276 0.000425935 0.00107417 -0.0351551 0.0144415 -0.000685218 0.0352785 -0.0608706 0.00269321 0.00487749 0.000580387 0.000470417 0.112511 -0.00163759 0.0105721 -0.00307488 0.00978882 -0.0188482 1.68648e-05 0.0162217 -0.0235678 0.0240157 -8.5642e-05 1.48717e-05 0.00100253 -3.13019e-09 0.00138182 -0.00308558 -0.00334276 -0.0015345 0.000154821 -0.000545704 0.00677067 0.00119134 0.0164832 -0.0036846 0.0248677 -0.0416653 0.00822942 -0.0289415 -0.0022712 0.0024249 -0.000451056 -0.0630099 -0.00467239 -0.00250782 -0.000200997 0.0174177 0.00427195 1.9145e-05 7.99791e-05 -0.00355889 0.000250191 0.00415746 0.00308885 -0.0110987 0.0258564 -0.0368812 0.0151441 0.00648609 -1.52105e-05 -8.84342e-05 0.000488805 0.000721049 -0.0116001 1.33027e-05 -0.00065986 -0.00258415 8.31537e-06 -0.000751934 0.00444582 -0.054445 -0.000218643 -0.000643324 0.00208658 -0.0105364 -0.000494561 -0.00522611 -0.0020317 -0.000251033 -0.0044496 0.000818146 0.00647689 -0.00179198 0.00223138 -0.000514219 -0.00500001 -1.98361e-05 -0.00383424 -0.000210932 -0.00157233 -0.00103643 0.0202966 
-0.000323443 -0.0838908 -0.0750739 -0.00463416 1.11278e-06 0.0577912 -0.0529778 -0.0024426 0.000889417 -0.000649095 -0.064259 -0.0179102 -0.000350119 0.0389444 -0.0473441 0.00323413 0.00154068 0.0843784 -0.0107338 -0.00163759 0.23099 0.0896077 0.0170836 0.0255565 -0.0944299 -0.042099 0.0578672 0.0505359 -0.0382784 0.00184253 2.41584e-05 -0.00358408 2.69334e-05 -0.00264702 -0.0236973 0.0559644 -0.00318992 -6.75139e-05 -0.000717505 0.0100039 0.000940179 0.0721335 -0.0494276 0.0839219 -0.0479453 0.00150187 -0.00593055 0.00270082 -0.00131162 -0.00149831 -0.0524033 0.00517426 0.00276413 -0.00263985 -0.0494693 0.00253896 -1.30135e-05 0.000994545 -0.0102544 -3.90734e-05 0.00208233 0.00475246 -0.0332725 -0.0400313 -0.0334937 0.0416652 -0.00285287 -7.07416e-05 7.84964e-05 -3.41134e-06 -0.000118377 -0.0260636 -1.82588e-05 0.00196456 0.00102557 -0.000227131 -0.00585442 0.000939139 -0.049543 -0.00525276 -0.00643515 -0.000965884 -0.0133818 0.0014413 -0.000121945 -0.0249467 -0.063619 -0.0308283 0.00489028 0.0568372 -0.00404937 0.000770512 -0.00112879 -0.00981269 0.000265533 -0.00464677 -0.000101452 0.0429208 -0.00282303 0.0929466 
-0.000424903 -0.182773 -0.0988471 -0.00395057 4.50676e-06 0.0818902 -0.0529738 -0.00270546 -0.00257565 -0.000462202 -0.126594 -0.0162633 0.00207968 0.121784 -0.0670932 0.00398185 0.00277621 0.145953 -0.00985949 0.0105721 0.0896077 0.211093 0.0286321 0.0334618 -0.168792 -0.144095 0.0893451 0.0467361 -0.0344006 -0.000161812 5.62892e-05 0.0125437 8.75281e-05 -0.00264662 -0.0251544 0.101432 -0.00158196 9.94987e-05 -0.00108875 0.0125755 0.00240048 0.143521 -0.0710541 0.162731 -0.127435 0.0115299 0.00143947 -0.00662059 -0.00410429 -0.00188544 -0.062153 0.0455097 0.00346466 -0.00215293 -0.0583226 0.0642005 1.45896e-05 0.000118822 -0.0110717 0.000124947 0.00710184 0.019084 -0.0200855 -0.0316786 -0.0897999 0.0731338 -0.00293542 -7.29698e-05 0.00037453 -0.000124006 -0.000280972 -0.0266291 5.35797e-05 0.00385101 -0.00599209 0.000114418 -0.00661404 0.000360029 -0.0771804 -0.00432117 -0.00275376 -0.00109791 -0.0186062 0.00134438 -0.0124551 -0.0215389 -0.135936 -0.0486852 -0.0186531 0.0660761 0.000838581 0.00019069 -0.000389637 -0.0165649 -7.75729e-05 0.0164781 0.000630323 0.0576226 -0.00279886 0.155494 
-0.000131733 -0.0278934 -0.0171434 -0.000739022 2.22581e-06 0.0316956 -0.00814958 -0.000960108 -0.000366333 -4.25268e-06 -0.0319713 -0.003383 -0.000331126 0.0223769 -0.0202263 0.0004051 0.000628975 0.0298452 -0.00152392 -0.00307488 0.0170836 0.0286321 0.0426672 0.00496965 -0.0308498 -0.0251338 0.0123136 -0.00237214 -0.00515875 0.000831953 2.55317e-05 -0.00166779 6.44311e-05 -0.00036116 -0.00327625 0.0258972 -0.000641817 -2.12671e-06 -0.000211222 0.00141911 -0.00044446 0.0198583 -0.0113661 0.0276679 -0.0197423 0.000321899 -0.0128159 -0.00120769 -0.00027744 -0.000191081 -0.0255074 0.00326526 0.00220634 -0.000316584 -0.00875959 0.0138119 1.4592e-06 2.64494e-05 -0.00160521 -6.34938e-06 0.00147187 -0.00047659 -0.00449046 -0.00499222 -0.0135111 0.0292587 -0.000111122 -1.04235e-05 0.000115492 1.53475e-05 -7.01948e-05 -0.004208 1.15162e-05 -0.000244599 -0.000909611 5.73698e-05 -0.00108594 0.000362446 -0.0193232 -0.0008548 -0.000942316 -0.000164789 -0.00653079 0.00166095 -0.0019574 -0.00303837 -0.0210112 -0.0320546 -0.00353756 0.0216975 -0.000340216 -8.08028e-05 -0.000134883 -0.00565023 -1.58718e-05 -0.000569519 2.7115e-05 0.0244378 -0.000456145 0.0294523 
0.000368421 -0.0365958 0.00151692 -0.00299259 2.03305e-08 0.015092 -0.00611615 -0.00124665 -0.001662 2.83938e-05 -0.0165763 0.00202919 0.000909125 0.042116 -0.0225279 0.000768173 0.000716191 0.0229301 -0.0133961 0.00978882 0.0255565 0.0334618 0.00496965 0.101171 -0.0300215 -0.0176845 0.0154184 0.0379597 -0.00459698 0.00103854 2.80487e-06 0.00315443 9.59767e-06 -0.00224405 -0.001147 0.0200283 -0.00438887 9.32967e-05 0.000103716 0.00260747 0.000950763 0.0251092 0.00681489 0.0378992 -0.00729147 0.00160996 -0.00818242 -0.0149678 0.000541717 -0.00229549 -0.0241815 0.00855273 -0.00449656 -0.00205649 -0.000674649 0.0146167 -9.32837e-06 -0.000340543 -0.0280635 -2.08568e-05 0.000770427 0.00317106 -0.0391568 0.00235424 -0.0607856 0.0126979 0.0011358 -3.32772e-05 7.74164e-05 9.89099e-05 -0.000558182 -0.057028 9.38162e-06 0.000647778 -0.0158985 -0.000211093 0.000526688 -0.00967875 -0.0217593 -0.0123416 -0.00249804 0.000425319 0.0196637 -0.000574695 -0.0118509 -0.0111126 -0.0430395 0.015521 -0.026176 0.0183258 -0.00192517 0.000118745 -0.000381885 0.0113065 -0.000387963 -0.000833742 -0.000169017 0.0233742 -0.00769856 0.0297171 
-0.000254439 0.175909 0.0962153 0.00337478 -3.05327e-06 -0.0875037 0.0495253 0.00347419 0.00236339 0.000129926 0.125728 0.0143726 -0.00295478 -0.112479 0.0791717 -0.00551729 -0.00360447 -0.139784 0.00886502 -0.0188482 -0.0944299 -0.168792 -0.0308498 -0.0300215 0.205539 0.135786 -0.0949597 -0.0444416 0.0330743 -0.00204895 -0.000102119 -0.00768519 -0.000111776 0.00233845 0.0141115 -0.110085 0.00109197 -0.000328727 0.000477473 -0.0147865 -0.00269424 -0.139771 0.0664656 -0.159178 0.123288 -0.0117219 -0.00511129 0.00446414 0.000544545 0.00119114 0.0608629 -0.0313641 -0.00374981 0.0020063 0.0542736 -0.0485575 -1.8222e-05 -0.000404135 0.0101081 -0.000175891 -0.00757699 -0.019758 0.0193544 0.0289541 0.0827981 -0.0692547 -0.000990775 6.30484e-05 -0.000356362 -0.000557117 0.000139785 0.0241634 -5.39283e-05 -0.00457762 0.00496325 -9.73723e-05 0.00625523 0.000484228 0.0838027 0.00292825 0.00365794 0.000519173 -0.0026786 -0.00151361 0.0104728 0.0188891 0.131341 0.0487947 0.0174352 -0.0733232 -0.000120049 -0.00155549 -0.000631632 0.00766273 -6.34748e-05 -0.016237 -0.000782555 -0.0392776 0.00254491 -0.158231 
-0.0010121 0.177393 0.102995 0.0048169 -2.96609e-06 -0.0747878 0.0679349 -0.00216817 0.00295212 1.32741e-05 0.0990364 0.0150477 -0.000436821 -0.0968181 0.0180913 -0.00218276 -0.00425448 -0.119047 0.0110808 1.68648e-05 -0.042099 -0.144095 -0.0251338 -0.0176845 0.135786 0.242865 -0.053902 -0.0611735 0.0428709 -0.00314971 -6.6356e-05 -0.0154559 -9.46764e-05 0.0033764 -0.0159319 -0.0803981 0.00361891 -0.000452271 -0.000764114 -0.013032 0.000733082 -0.104627 0.0230003 -0.130152 0.0960206 -0.00640116 -0.0522198 0.00832544 0.00085461 -0.000804912 0.0198103 -0.0415501 -0.00417282 0.0026027 0.0598669 -0.0415125 -1.7886e-05 0.000246305 0.0013713 5.23677e-05 -0.00522767 -0.0154284 -0.0136192 0.0388786 0.0771898 -0.0619641 -0.00272477 5.00364e-05 -0.00047897 -0.000721469 0.000663186 0.000381861 -4.67835e-05 -0.00352333 0.00777139 -7.57058e-05 -0.000882461 0.000409635 0.035686 -0.00478774 -0.001969 0.000563008 -0.030758 -0.00125181 0.00701864 0.0249941 0.1498 0.0548917 0.030534 -0.0677811 -0.00140352 -0.00115964 -0.0011436 -0.0137826 0.000179263 -0.0185549 -0.000333124 -0.0356988 -0.00254432 -0.12833 
-0.00038363 -0.0823356 -0.0362778 -0.00271585 1.15011e-06 0.0259068 -0.017076 -0.0033595 -0.000445474 -0.00029589 -0.0736322 -0.0115659 -0.001009 0.0693596 -0.0849076 0.00317509 -0.00115787 0.0575942 -0.00479476 0.0162217 0.0578672 0.0893451 0.0123136 0.0154184 -0.0949597 -0.053902 0.142413 0.00993803 -0.0154836 -0.00187862 0.000109642 -0.00239642 3.47477e-05 -0.0014688 -0.0126002 0.0792519 -0.00249225 -9.43333e-05 -0.00079087 -0.000893457 0.0035948 0.094017 -0.0363673 0.087476 -0.0683066 0.013434 -0.0114149 -0.00153429 4.27381e-05 -0.00107268 -0.0547434 0.00922941 -0.00210842 -0.000485031 -0.021346 0.0640149 1.20833e-05 0.000772797 -0.00510218 8.7727e-05 0.00703047 0.017785 -0.0151253 -0.0159661 -0.0493204 0.0348428 -0.00112126 -3.69702e-05 -8.14954e-05 -0.000146954 0.00047569 -0.014209 2.61624e-05 0.000690186 -0.0020939 6.75206e-05 -0.00391065 -0.00368301 -0.0714214 -0.00288731 -0.00197152 -0.000690372 -0.0293634 0.000922537 -0.00492563 -0.0102167 -0.0590442 -0.00684629 -0.00560415 -0.00658712 -0.00251591 0.000705115 5.25862e-05 -0.00469229 0.000170097 0.00167233 -9.85573e-05 0.0184116 -0.00174193 0.0892162 
0.000734386 -0.0606087 -0.0690101 -0.00282634 -3.91354e-06 0.0175495 -0.0771284 -0.00242526 -0.00369788 -0.00132665 -0.0168165 -0.0187604 0.00172864 -0.0176531 0.0733026 -0.000699218 -0.000713306 0.0415044 -0.017481 -0.0235678 0.0505359 0.0467361 -0.00237214 0.0379597 -0.0444416 -0.0611735 0.00993803 0.184366 -0.0710616 0.0021604 -4.89755e-05 0.0045697 -8.35348e-05 -0.00625358 0.00595242 0.0210943 -0.00101246 0.000185828 0.000413142 0.00441106 -0.00089708 0.0396259 0.00238285 0.0245617 0.0468957 -0.0013352 0.0507148 -0.00764966 -0.00170496 0.000739808 0.0461685 0.0154611 0.000145559 -0.00608384 -0.0687143 -0.00575039 -4.39988e-05 0.000473062 -0.0184122 -0.000187384 -0.00544531 0.00122028 -0.0205804 -0.0805011 0.00954778 0.00963008 -0.00281457 -6.607e-05 5.31957e-05 4.9757e-05 -0.000817279 -0.0303852 8.96925e-06 0.00114282 -0.0126036 -0.000425096 0.00253961 -0.00840528 0.0496677 -0.00844907 0.00250901 -0.00253626 0.0305616 -0.00181479 -0.00453054 -0.0483172 -0.0858717 0.011031 -0.0311564 0.0191461 -0.00738115 0.000479222 0.000145968 0.0250996 -0.000286724 0.00654754 -0.00112578 0.0243528 -0.00293699 0.0423513 
-0.000290018 0.0384221 0.0650233 -0.000494575 1.91066e-07 -0.0156092 0.080958 -0.00181048 -0.000139778 0.000905129 0.0192996 0.0138886 -0.000974061 0.0382701 -0.0570289 -0.00074049 0.000835361 -0.0302633 0.0256417 0.0240157 -0.0382784 -0.0344006 -0.00515875 -0.00459698 0.0330743 0.0428709 -0.0154836 -0.0710616 0.103882 -0.00118139 -2.02846e-05 -0.00458859 1.76875e-06 0.00497153 -0.00535875 -0.0206203 -0.000971949 -0.000101425 -0.000420571 -0.00221599 0.00284938 -0.0259251 0.0189634 -0.0272148 -0.0329819 -0.00206496 -0.0338953 -0.0029429 -0.00131729 -0.000747077 -0.0499969 -0.0107746 -0.00209587 0.00290914 0.0724505 -0.0082582 -9.72757e-07 -0.000293846 -0.00254378 -2.08443e-06 0.00097079 -0.00325416 -0.0110196 0.0669282 -0.0309671 -0.00956062 0.00315344 0.000112688 -9.70677e-05 -0.000109684 -0.000138117 -0.0106074 -1.01698e-05 -0.000580882 -0.00236789 0.000187118 0.00157362 -0.000885113 -0.0487442 -0.00162411 -0.00231154 0.000476904 -0.024935 -0.000342765 -0.00506357 0.0402163 0.0403402 0.00871084 -0.00557642 -0.015811 0.0024756 -0.000325191 -0.000470469 -0.0136153 -5.14502e-05 -0.00482125 3.23639e-05 -0.0183414 -0.00101675 -0.0288967 
0.000289495 -0.00482451 -0.00404244 -0.000150007 3.72295e-07 0.00257928 -0.00170288 0.000617052 0.000370405 -1.24954e-05 -0.000904437 -0.000556015 0.000131356 -0.000879268 0.000572702 -2.63427e-05 0.000896004 -5.51479e-06 -0.000308573 -8.5642e-05 0.00184253 -0.000161812 0.000831953 0.00103854 -0.00204895 -0.00314971 -0.00187862 0.0021604 -0.00118139 0.0110398 1.93757e-05 -7.35377e-05 -7.96898e-07 -7.77025e-05 0.00192093 0.000880582 -0.000110275 0.000155872 0.000220741 -0.000206757 -4.99151e-05 -0.00201648 0.00281571 -0.000272265 0.000850179 -0.000185997 0.00326348 -0.000254352 0.000204937 9.76563e-05 -0.000381833 -0.000406309 0.000640504 -7.91117e-05 -0.00126202 -0.00238361 -6.96802e-07 -3.68252e-05 -0.000372166 1.83964e-05 -0.000170724 -2.29859e-06 -0.000475053 -0.00157736 -0.00296727 0.0012303 0.000450007 1.03094e-05 8.42484e-06 5.07933e-05 -1.91936e-05 -0.000755328 -2.75031e-07 -1.37255e-05 -0.000220087 -8.98339e-06 0.000372242 0.00175298 0.000109629 0.000205482 0.000385747 3.5352e-05 0.00289715 -4.6637e-06 -0.000462371 -0.000439781 -0.00534922 -0.00521766 -0.000906528 0.00183281 -9.33498e-05 0.000555279 -2.77647e-06 0.0025611 -4.29412e-06 -0.000338094 -2.48854e-05 0.00201495 -8.376e-05 0.00129611 
1.18515e-06 -0.000121455 -4.74574e-05 -3.68608e-06 -2.84598e-09 1.95816e-05 3.12772e-05 2.86306e-06 4.97853e-06 -4.55328e-07 -7.12907e-05 4.06091e-06 -2.45263e-06 0.000125547 -0.000102459 3.12299e-05 4.76877e-06 7.3038e-05 -3.5224e-06 1.48717e-05 2.41584e-05 5.62892e-05 2.55317e-05 2.80487e-06 -0.000102119 -6.6356e-05 0.000109642 -4.89755e-05 -2.02846e-05 1.93757e-05 0.000314374 3.12463e-05 8.05352e-07 -2.53863e-06 -1.84233e-05 9.97327e-05 -2.66611e-06 2.59951e-06 3.46116e-06 -6.57736e-07 3.30726e-05 4.25435e-05 2.19317e-05 4.91978e-05 -4.4972e-05 4.25151e-06 -2.17176e-06 -4.83896e-06 -2.33882e-06 3.66889e-06 -0.000177392 -1.33373e-05 -5.22672e-06 3.82654e-06 1.73651e-05 -2.85772e-05 3.59997e-07 4.59729e-07 -6.5339e-06 2.48169e-07 2.6998e-05 2.95833e-05 -2.95478e-05 -3.24229e-05 -8.92111e-05 8.00411e-05 2.16427e-06 2.03174e-08 5.23654e-06 4.82277e-07 1.89533e-06 -2.83534e-05 1.29203e-07 -1.03979e-06 -5.54972e-06 5.00906e-07 -2.53411e-07 -7.98541e-07 -0.000107901 -5.10282e-06 -4.56738e-06 8.73299e-07 -3.79418e-05 1.91054e-06 -1.27182e-05 -1.45007e-05 -0.000109959 -4.10115e-05 -2.31305e-05 -1.21109e-05 -2.02583e-07 4.35202e-06 -1.34278e-06 -3.83763e-05 3.85789e-08 -9.68504e-06 -6.49994e-07 7.31935e-05 -1.97999e-06 0.000100781 
0.000808329 -0.0156791 -0.00824066 7.24129e-05 6.58964e-07 -0.00246165 -0.00350224 0.00145102 -0.000207336 -2.31782e-05 -0.00246296 -0.0011685 0.00117769 0.0060821 0.00834785 4.99776e-05 0.00140642 0.0116345 -0.000979386 0.00100253 -0.00358408 0.0125437 -0.00166779 0.00315443 -0.00768519 -0.0154559 -0.00239642 0.0045697 -0.00458859 -7.35377e-05 3.12463e-05 0.0416778 6.56841e-05 -0.000372429 -0.00239244 0.00398109 0.00125993 2.4267e-05 0.000201904 9.58842e-05 -0.000212277 -0.00089933 0.00250801 -0.00290699 -0.00186645 0.00199044 -0.00267454 -0.000831886 -0.000537942 0.000214355 -0.00837182 0.008071 -0.000798538 -0.000356001 -0.00057889 -0.00573603 2.98249e-05 -0.000101734 -0.00103076 5.75692e-05 0.00233095 0.00255679 0.00013131 -0.00531232 -0.00773988 0.000560039 -0.000522696 -3.92401e-06 1.21846e-05 9.53418e-05 -5.50818e-05 -0.0017136 1.52764e-06 0.000765962 -0.000753753 4.78254e-05 -0.000511431 0.00226025 0.00496935 -0.00081793 2.97092e-06 -0.000156963 -0.00121216 -0.0001503 -0.000885479 -0.0027125 -0.0201941 0.00053568 -0.00329491 0.00557304 0.0019574 3.1429e-05 0.000222378 -0.00538301 -1.06777e-05 0.00399405 0.000223453 0.0094071 0.00106525 0.00202062 
1.8078e-07 -0.000106298 -4.69034e-05 3.29236e-06 -2.91567e-09 3.79525e-05 1.92853e-05 7.64502e-07 3.75255e-06 2.03676e-06 -0.000124299 -1.97833e-05 3.80023e-06 1.85751e-05 -7.45108e-05 4.7937e-06 7.04979e-06 0.000108753 6.56027e-06 -3.13019e-09 2.69334e-05 8.75281e-05 6.44311e-05 9.59767e-06 -0.000111776 -9.46764e-05 3.47477e-05 -8.35348e-05 1.76875e-06 -7.96898e-07 8.05352e-07 6.56841e-05 0.00032207 -1.11822e-06 -1.03484e-05 0.000107338 -5.42636e-07 -5.45194e-08 -1.36384e-06 -1.98219e-06 2.70208e-05 1.57729e-05 -3.14032e-05 4.44107e-05 -5.82193e-05 2.95889e-06 -3.75558e-05 -1.50886e-06 -1.47687e-06 -1.60507e-06 -9.48404e-05 4.20089e-05 1.08753e-05 7.81982e-07 -5.32716e-06 2.32464e-07 -7.15904e-09 2.33191e-06 -6.14886e-06 -7.48959e-08 7.50464e-06 4.28395e-06 -2.39604e-06 -5.45867e-06 -6.25828e-05 6.3166e-05 5.35995e-07 9.74788e-07 2.89191e-07 7.82839e-06 -5.44673e-07 -1.66272e-05 2.35197e-07 2.74286e-06 -3.28374e-06 1.38978e-05 -5.37098e-06 2.82511e-06 -6.83673e-05 -2.12759e-06 -6.27007e-06 -1.01571e-06 -2.77915e-06 2.01222e-06 -1.14867e-05 2.54854e-05 -0.000102431 -3.37785e-05 -6.57838e-06 -3.74337e-06 1.91462e-05 8.46437e-07 1.99044e-06 -3.84481e-05 4.28123e-07 -5.76324e-06 2.38421e-06 1.65712e-05 -8.37131e-07 3.88096e-05 
-1.63437e-05 0.00280413 0.00462233 -0.00011613 -8.17868e-08 -0.00121418 0.00646878 6.85241e-05 0.000195768 2.25183e-05 0.000747045 0.000709493 -7.41625e-05 0.00300085 -0.00446092 -2.85208e-05 4.39245e-05 -0.00232581 0.00313399 0.00138182 -0.00264702 -0.00264662 -0.00036116 -0.00224405 0.00233845 0.0033764 -0.0014688 -0.00625358 0.00497153 -7.77025e-05 -2.53863e-06 -0.000372429 -1.11822e-06 0.00895555 -0.000625451 -0.00157464 -7.99844e-05 -4.12885e-06 -2.27056e-05 -0.000168939 0.000101364 -0.00196322 0.000642712 -0.00281483 -0.00344508 -0.000116747 -0.00263446 -0.000193284 -3.05824e-05 -5.73895e-05 -0.00511425 -0.000826119 -0.00013135 3.31416e-05 0.00617854 -0.0012884 6.14517e-06 -3.76845e-05 8.90601e-06 3.4264e-06 -7.35455e-05 -0.000237225 -0.000876716 0.00558381 -0.00234248 -0.000730428 7.69282e-05 7.6494e-06 -7.98494e-06 -9.78419e-06 -1.23252e-06 -0.000772916 -7.8925e-07 8.343e-05 -0.000158052 6.19985e-05 0.00032045 0.000683176 -0.00384186 9.69398e-06 -0.000127185 0.00051337 -0.0019079 5.19615e-05 -0.000368316 0.00521502 0.00331645 -0.00165834 -0.000512477 -0.00139229 -0.000118313 -8.43412e-06 -3.39954e-05 -0.00119288 -4.35061e-06 -0.000373201 0.00038383 -0.00172012 8.95993e-05 -0.0023015 
