0.0580054 -0.00182634 -0.000982558 -0.00135931 -0.00452018 0.0106197 -0.000705591 0.0191378 -0.000901177 -3.11039e-05 -0.000448411 0.000980167 7.79107e-05 0.00267581 -0.0100933 0.0146266 -0.00162742 -0.00526791 0.00308739 -0.0130063 -0.0220862 0.0129783 -0.00177393 -0.00537309 -0.00309714 -0.00914179 -9.51183e-06 0.00015968 -0.00142407 -0.000629072 -0.00156249 -9.46097e-06 -0.00225327 -0.000591287 0.0184102 0.00457226 0.00148853 -0.000249566 0.0202232 -7.95191e-05 -0.000935047 -0.0241855 -0.0012955 0.00337352 -0.000360998 -0.000200694 -0.00659579 -0.00115608 -1.3561e-05 -0.00725372 0.000413658 -0.00205018 -5.87256e-05 -0.000360877 7.53347e-06 5.71062e-06 0.00224442 0.000267483 0.00201593 -0.00970571 0.00255481 5.19263e-05 -0.0011868 -0.000698614 0.000231647 -0.000113249 -0.000503935 -0.015864 -0.00400433 -0.00010915 -0.000587558 -0.000316218 -0.00153318 -0.0178158 0.022694 -0.00314236 -0.0115775 0.0106022 -0.000328549 0.000945176 -0.000108044 0.00189112 -0.000369776 0.000793905 -0.00032516 -0.000458857 -0.00102598 -0.000181184 -0.000216868 0.015492 -2.79381e-05 -0.000723191 -0.00164213 -0.00979671 -0.000126199 0.00226752 -0.000122609 -0.0187472 0.000291232 0.00168883 
-0.00182634 0.0416928 -0.000372633 0.0149437 -0.00633153 -0.00736243 0.00186024 -0.00544644 -0.000534527 0.000324256 -0.000399912 0.00026005 -2.59839e-05 -0.0232519 -0.000505077 0.0105418 -0.00136591 -0.00219709 -0.0162515 -0.00167832 -0.0191139 -0.00633672 0.00494951 -0.0181747 0.0166743 -0.00638532 -0.0073273 1.69463e-05 0.00997508 3.30095e-05 0.00872817 0.000634333 0.00210343 0.00322042 -0.00175552 -0.000721148 -0.000568647 0.00103994 -0.00529782 3.43629e-06 0.00446585 -0.00811966 0.00701212 -0.0118329 0.000711333 0.00123393 0.0102903 0.00698037 -8.96983e-06 0.00600136 -0.000376988 0.0167499 -3.96427e-06 0.00787059 -1.40153e-05 8.60394e-05 0.000154291 -0.000269866 -0.00051984 -0.0017547 0.00135841 2.76158e-05 0.000530617 -0.00191866 0.000788019 -7.58726e-05 0.0154742 -0.0109107 -0.000925972 -0.000109387 -0.000214732 0.00390245 -0.000287247 -0.0130003 0.0130352 -0.00372782 -0.00371708 -0.0235352 0.0040375 -0.000556926 -0.000195486 -0.000541014 0.000133024 -1.41533e-05 0.000394263 -0.000395374 0.014257 8.24099e-06 -0.000179134 0.00231367 0.000170966 0.000114695 0.00382704 -0.00188562 0.000883256 -0.0155064 1.0262e-05 -0.00527155 -0.000304968 -0.000419003 
-0.000982558 -0.000372633 0.0182325 0.000787646 -0.00218721 -0.00504025 0.00459895 -0.00446645 0.00960695 2.80429e-05 -4.18085e-05 -7.89064e-05 6.55916e-05 -0.0115203 -0.00695125 0.00125438 0.015795 0.000259732 -0.0164705 -0.00980932 -0.00775514 -0.00272715 0.00866647 -0.00833967 0.0142575 -0.00500539 -0.00434146 0.000806907 0.0143452 0.00500517 0.00828385 2.72408e-05 0.00533305 0.0021515 -0.000978238 0.0105552 0.00870289 -0.000334289 -0.00569841 -2.6531e-05 0.000798375 -0.0134645 0.00599233 -0.00508237 0.00153601 0.000631351 -0.00172376 0.00610355 3.36038e-05 -0.00221213 0.000572815 0.0102653 -1.93971e-05 0.000159411 2.54888e-05 -4.02864e-06 0.00335397 0.00302623 0.00844549 -0.00989949 -0.000531235 -1.21996e-05 0.00394098 0.0028547 -0.0146024 -2.84503e-05 0.0013765 -0.0130342 -0.0013727 -0.000131627 0.00101141 -0.000141875 -0.000604052 -0.00379659 2.56615e-05 -0.00156365 -0.00856014 -0.012413 0.00019797 -0.000278977 0.000670725 -0.000139331 -0.000104964 0.0101163 1.30663e-05 0.00785354 0.00270236 -0.000108341 0.00350729 -0.00411166 5.30753e-05 1.46238e-05 0.00488058 -0.00609684 5.09455e-05 -0.0151187 0.000973656 -0.00604703 -4.96857e-05 0.00442982 
-0.00135931 0.0149437 0.000787646 0.0253321 -0.00531528 -0.00456532 0.00147257 -0.00459266 0.00406861 0.000210246 -0.000255806 -0.000279981 6.16058e-06 -0.0134066 -0.00527962 0.0097798 -0.000411166 -0.000631652 -0.0208558 -0.00986799 -0.0118734 -0.00114313 0.00352955 -0.00881033 0.0198754 -0.00628279 -0.00531012 0.000488013 0.0133187 0.000147472 0.00921172 0.000401252 0.00160335 0.00319356 -0.00138684 -0.000117456 0.000460772 6.17012e-05 -0.00827574 3.22722e-05 0.00445305 -0.0105992 0.00648381 -0.00661613 0.00126919 0.000510778 -0.00130006 0.00674634 -4.05332e-06 -0.00231724 -0.000169466 0.0164611 -1.3851e-05 0.00698932 -3.29317e-05 1.70048e-05 0.000526506 -0.000135973 0.000989222 -0.0119002 0.000862759 6.57342e-06 0.00477368 0.00173228 -0.00435869 -4.47647e-05 0.0197252 -0.0149051 -0.00186174 -0.000160743 -0.0001241 0.00243554 -0.000255173 -0.00789561 0.0181144 -0.00210202 -0.0103764 -0.0164936 0.00451004 -0.000319912 -0.000192864 -0.000260644 6.3081e-05 0.00443941 -5.24427e-05 0.000137061 0.015661 4.48958e-05 9.50438e-05 0.00484214 0.000298145 -0.000120329 0.0075108 -0.0132878 0.00103863 -0.0200847 -3.33808e-05 -0.00329936 -0.000188571 -0.000133462 
-0.00452018 -0.00633153 -0.00218721 -0.00531528 0.173933 -0.075983 -0.000770425 -0.0513391 -0.00193054 -0.000122256 -0.0013142 -0.000430577 -0.000192106 -0.00677484 -0.0505419 -0.0619512 0.0279023 0.0181236 0.00892107 0.0664426 0.0292394 -0.0386042 -0.00713043 -0.00913798 -0.0147492 0.00851962 -0.0429754 0.000320171 -0.00795975 -0.0023483 -0.0109538 -0.00054734 0.00429876 -0.00211592 -0.00779626 0.002044 0.00141559 -0.00186102 -0.0436988 0.000533229 -0.00385736 0.0396635 -0.00534431 -0.0516186 -0.00060185 -0.000457294 -0.00231789 -0.00404177 6.37513e-05 0.0378734 0.00127646 -0.00867628 0.000314491 -0.00083774 0.00141818 -9.01354e-05 0.00063115 9.37057e-05 -0.000479145 0.0699893 -0.00292811 -0.000179485 -0.00423968 -0.00116658 -0.0321698 -0.000151836 -0.00646241 0.00509302 0.0118465 -0.00131764 -0.000135104 -0.00190662 -0.00572846 0.0193364 -0.0193611 0.0229045 0.0706805 -0.0258023 -0.00118986 -0.00318171 0.00183351 0.00062754 -0.000429812 -0.000474885 -0.000867373 -0.00255642 -0.00607249 -0.00100413 -0.000878607 -0.0581902 -7.59606e-05 -0.001812 -0.00355569 0.0822385 -0.000473075 0.0168305 -1.74074e-05 -0.00310859 -0.00173357 0.000667727 
0.0106197 -0.00736243 -0.00504025 -0.00456532 -0.075983 0.241231 -0.00386386 0.114785 -0.0058269 -6.75661e-05 0.00149685 0.000573548 0.000141631 0.000317013 0.0263864 0.131768 -0.0204235 -0.0311414 0.0112143 -0.146588 0.0652647 0.038368 -0.00467303 0.0100864 0.00254638 -0.013316 0.126482 -0.000258626 -0.00643444 -0.00327406 0.00366658 -7.11855e-05 -0.00429775 -0.00347308 0.0192247 -0.020227 -0.00405662 -0.00399206 0.0800289 -0.000513848 0.00120275 -0.0779903 -0.0038872 0.121987 -0.00106291 -0.00138702 0.0031744 -0.00668234 -5.18299e-05 -0.0468633 0.00330295 -0.00432597 -6.40793e-05 0.013939 -0.00115433 -0.000166106 -0.00133713 -0.00206666 -0.00343941 -0.14545 0.0200235 0.000420407 -0.00456699 9.54902e-05 0.0270562 -6.17306e-05 -0.00533467 -0.0247763 -0.0126829 0.00263569 0.00049924 0.00152087 0.00766349 -0.0923183 0.0286024 -0.0328462 -0.17215 0.0164594 0.00111908 0.00707703 -0.00155115 0.00307553 0.000157077 -0.00809588 -0.00138727 -0.00402156 -0.00408653 0.00147003 -0.0016465 0.137865 -0.000250358 0.000601284 -0.00209464 -0.172995 0.000283643 -0.00169679 -0.00034766 -0.081057 0.00275787 -0.00184324 
-0.000705591 0.00186024 0.00459895 0.00147257 -0.000770425 -0.00386386 0.0125267 -0.00282344 0.0011655 0.000316831 -8.76e-05 -0.000113151 5.938e-05 -0.00713106 -0.00340849 0.0043146 0.00567986 0.00283983 -0.00862298 -0.00536791 -0.00471216 -0.0029468 0.00433033 -0.00449905 0.00772639 -0.00183531 -0.00271413 4.30102e-05 0.00703574 0.00404068 0.00592784 0.000222817 0.00520686 0.00148564 -0.000421839 0.00212169 0.00162003 -4.94314e-05 -0.00342112 -1.22158e-05 0.00196651 -0.00696993 0.0070967 -0.0029289 0.000691389 0.000627825 -0.000870437 0.00686965 3.48352e-05 0.000391245 0.000259959 0.00741159 3.58665e-05 -0.000557904 4.94326e-05 4.56755e-05 0.00177791 0.00300745 0.00124381 -0.00516877 -0.000765401 1.83117e-05 0.000144585 -0.000373786 -0.00428909 5.58343e-05 0.0019638 -0.00646789 -0.00103894 -6.19798e-05 -9.50833e-05 -4.61282e-05 -0.00035462 -0.00532772 0.000673258 -0.000599387 -0.00438189 -0.00800034 -5.84481e-05 -0.000197789 0.000496279 -2.66357e-05 0.000143922 0.00146498 -5.48051e-05 0.00413227 0.00208243 0.000242427 0.00039327 -0.00165012 2.35185e-05 -0.000111326 -0.000249327 -0.0038066 0.000142232 -0.00789594 3.25404e-05 -0.00344103 -9.5183e-05 0.00127698 
0.0191378 -0.00544644 -0.00446645 -0.00459266 -0.0513391 0.114785 -0.00282344 0.183333 -0.00495204 -8.54644e-05 -0.00171903 0.00388322 1.075e-06 -0.00348656 0.00626069 0.128604 -0.0181462 -0.0117828 0.0106502 -0.0928471 0.00839628 -0.00395691 -0.00326907 -0.00706123 -0.00163365 -0.00534135 0.115287 -0.000659117 -0.00607276 -0.00274369 -0.00140574 0.000421609 -0.00918225 -0.00236721 0.026318 -0.0111357 -0.00361178 -0.00392675 0.105109 -0.000329577 -0.0030624 -0.0752177 -0.00568953 0.0749027 -0.000980642 -0.000962187 -0.00771923 -0.00476513 -5.04132e-05 -0.0232744 0.00387586 -0.00585992 -0.000337086 0.00583257 -0.00053421 -0.00022601 -0.00122014 -0.00112431 -0.00329816 -0.0917932 0.00425844 0.000464241 -0.0034175 -0.0115042 0.0195919 -0.000229966 -0.00267741 -0.0722506 -0.00509487 0.00429553 -0.00199843 0.000165729 -0.00156782 -0.115299 0.0340241 -0.0140497 -0.0952063 0.0231045 -0.00108956 0.00372192 -0.0013505 -0.00260523 -0.000483897 -0.00566381 -0.00109817 -0.00323769 -0.00295639 0.00337315 -0.00106714 0.119731 -0.00017609 0.00519238 -0.00709576 -0.101359 0.000363814 0.0136557 -0.000510859 -0.0931567 -0.00176788 -0.00132771 
-0.000901177 -0.000534527 0.00960695 0.00406861 -0.00193054 -0.0058269 0.0011655 -0.00495204 0.0231966 2.34934e-05 0.000142054 0.000181616 1.27646e-05 -0.014335 -0.00816885 -0.00652342 0.0137315 0.000804231 -0.0186988 -0.00715573 -0.0106768 0.00427452 0.00324694 -0.010608 0.0138308 -0.00588363 -0.00532035 0.00109215 0.0125421 -0.000163603 0.00339161 0.00032942 -0.000691812 0.0020269 -0.00121384 0.0105037 0.0119769 8.2287e-05 -0.00569289 5.35377e-05 -0.000187017 -0.00907288 -0.000447694 -0.00544289 0.00260184 0.00106314 -0.00192591 -0.000467123 3.16476e-05 -0.00239691 -0.000165984 0.00359454 -2.4732e-05 -2.24418e-05 -4.16485e-05 -2.50243e-05 0.00499322 0.00401376 0.0110486 -0.0121364 0.000114863 1.65347e-05 0.0116242 0.00694666 -0.0161714 -1.94838e-05 0.00732797 -0.0144312 -0.000631317 -0.000144897 0.00233114 -0.000165645 -0.000751694 0.00296672 0.0053546 -0.0020138 -0.00635378 -0.0158243 0.000391147 -0.000356424 0.00332146 0.000278882 -2.36351e-06 0.0198878 4.11217e-05 0.00139859 0.00128254 -0.000122546 0.00326978 -0.00609674 0.000210276 -0.000149478 0.00794379 -0.00519892 7.20696e-05 -0.0159082 0.000798783 0.000158437 -3.34801e-05 0.00664189 
-3.11039e-05 0.000324256 2.80429e-05 0.000210246 -0.000122256 -6.75661e-05 0.000316831 -8.54644e-05 2.34934e-05 0.000624576 -5.05056e-07 -6.90498e-06 5.15239e-06 -0.000278083 -1.77488e-05 0.000365117 1.50451e-05 0.000120899 -0.000475044 -0.000344034 -0.000308885 -0.000126078 5.79637e-05 -0.000273273 0.000409059 -0.000129265 -8.75784e-05 9.50744e-06 0.000286027 8.80456e-05 0.000195321 7.24829e-05 0.000135576 0.000108684 -1.64822e-05 -1.55469e-05 3.65768e-05 -1.15839e-05 -0.000126537 -3.53406e-07 0.000193974 -0.000463887 0.000340243 -0.000136395 2.13541e-05 0.000103326 -6.15857e-05 0.000356001 -5.17355e-08 -5.96009e-05 -4.84827e-06 0.000448229 1.04427e-05 5.31548e-05 3.13924e-06 4.25388e-06 2.1134e-05 9.37688e-05 -5.88372e-06 -0.000307199 -6.99759e-06 1.06507e-05 2.55317e-06 -3.01699e-05 -4.27533e-06 -9.39685e-07 0.000308299 -0.000309592 -5.23922e-05 -4.71597e-06 1.36056e-05 1.31088e-05 -3.66981e-06 -0.000335872 0.00014467 -5.28655e-05 -0.000277611 -0.000340893 2.34819e-05 -8.944e-06 1.24826e-05 -6.77267e-06 -3.89905e-06 3.75549e-05 -3.11147e-06 4.28478e-06 0.00013897 -2.82219e-06 -2.67969e-06 8.76647e-05 1.37733e-06 2.4705e-05 5.20058e-05 -0.000300269 2.168e-05 -0.000446894 1.43604e-05 -0.000266011 -4.76462e-06 3.65289e-05 
-0.000448411 -0.000399912 -4.18085e-05 -0.000255806 -0.0013142 0.00149685 -8.76e-05 -0.00171903 0.000142054 -5.05056e-07 0.0121611 5.40108e-05 -1.20442e-05 -0.00315218 -0.000926269 -0.00324094 -0.000459524 0.000522618 0.000285047 -0.000525648 -0.000225449 0.00283139 -0.000263808 0.00157844 -0.000849639 0.00433108 -0.00277271 0.000924761 -0.000298195 -0.000118125 -0.000334194 -2.87149e-05 -0.000335445 0.0001121 -6.83895e-05 -0.000552044 0.000102436 -0.000105899 -0.00227718 2.62502e-05 0.000286033 0.00164615 -0.000246155 0.000450905 0.000198833 8.01922e-05 -0.00115345 -0.000241652 -4.2508e-07 0.000381573 0.000259448 -0.000525519 1.74341e-05 -0.000235051 -2.76985e-05 -9.56229e-06 -0.000110262 0.00020039 -0.000175627 -0.00333327 0.000242059 -3.79942e-06 0.000282927 0.00165739 0.000646212 5.66247e-05 -0.00028205 0.00277743 -0.000303435 -6.55494e-05 0.00091046 -0.000105998 0.000209241 0.00375446 -0.000730001 -0.000947427 -0.00288892 -0.00436423 -1.09843e-05 0.000317367 0.000173638 0.00165169 0.000774584 0.000125439 4.61194e-05 -0.000158968 -0.00034447 -2.40737e-05 -5.1959e-05 -0.00311084 3.40081e-07 -0.000117416 6.28397e-05 -0.00184064 -4.17896e-06 -0.00294143 -2.30274e-05 0.00299136 0.000365891 5.65265e-05 
0.000980167 0.00026005 -7.89064e-05 -0.000279981 -0.000430577 0.000573548 -0.000113151 0.00388322 0.000181616 -6.90498e-06 5.40108e-05 0.0117238 -1.83632e-05 -0.00531108 -0.000268801 0.00128232 0.000662782 -0.000319231 0.000155998 -0.00111189 -0.00119101 -0.000416492 0.000207921 -0.00349941 -0.000509574 0.000691731 0.00331259 4.17088e-05 -4.62436e-06 -0.000120174 -0.000442013 -1.7024e-05 -0.000521583 -0.000109771 0.00106555 3.67619e-05 0.000271174 -9.40257e-06 0.00221241 -1.32361e-05 -0.000197731 -0.000175576 -0.000245065 0.00205094 3.67183e-05 2.16128e-07 0.00204182 -0.000232728 1.26461e-05 0.000863369 0.000779475 -0.000283121 -9.43357e-06 -0.000101567 -3.56867e-05 -5.70771e-06 0.000308888 0.000126074 0.000337358 0.000724502 -0.000797105 -8.47168e-06 -0.000200319 1.14858e-05 -0.00458498 3.08995e-05 6.98633e-05 -0.00533924 0.000888657 5.60288e-05 1.07437e-06 0.000158999 -0.000277364 -0.00539473 0.00071088 0.000758717 -0.000599989 -0.00157447 -2.37222e-05 0.000265208 0.000106084 0.000144688 4.54064e-05 0.000215567 1.14253e-05 -8.79907e-05 -0.000295287 0.000214643 6.55195e-05 -0.000105744 1.07996e-06 0.000405341 -0.000372122 -0.000218474 0.000127108 -0.000854739 0.000117258 -0.00278509 -2.7022e-05 0.000341343 
7.79107e-05 -2.59839e-05 6.55916e-05 6.16058e-06 -0.000192106 0.000141631 5.938e-05 1.075e-06 1.27646e-05 5.15239e-06 -1.20442e-05 -1.83632e-05 0.00184353 -0.000794626 -7.77808e-05 0.000472752 0.000509118 -0.000105455 -0.000423718 -0.00062782 -5.65795e-05 -0.00043118 0.000308133 -0.000331086 0.000586641 -4.96777e-05 0.000158452 2.44095e-05 0.000242386 0.000424429 0.000453804 2.40052e-05 0.000356503 0.000146113 -6.58424e-05 0.000145089 9.72234e-05 -2.62818e-05 -7.07065e-05 8.55682e-06 0.000534002 -0.000897375 0.000359675 -0.000462915 5.95268e-05 8.51284e-05 -0.000155927 0.000198412 3.56173e-06 -0.000144672 0.000475613 0.000423787 1.42974e-06 0.000307522 5.35998e-06 5.8209e-05 8.48435e-05 8.34975e-05 7.14463e-05 -0.000728905 0.000423756 7.10707e-06 -2.58952e-05 0.00010678 -0.00079947 3.08865e-06 3.53852e-05 -0.000332952 1.9905e-05 6.34589e-05 0.000171344 7.22301e-05 -3.10885e-05 -0.000753761 -4.28956e-05 -0.00011182 -0.000549547 -0.00106265 3.71451e-05 -9.79749e-06 2.66872e-05 0.000122271 -6.49439e-06 5.39623e-05 6.63711e-05 0.000194935 5.77801e-05 3.91006e-05 2.07494e-05 7.09781e-05 4.69633e-06 0.000210755 0.000365524 -0.000585879 0.000102775 -0.000639424 0.000144606 -0.000738835 -7.2571e-06 5.26019e-05 
0.00267581 -0.0232519 -0.0115203 -0.0134066 -0.00677484 0.000317013 -0.00713106 -0.00348656 -0.014335 -0.000278083 -0.00315218 -0.00531108 -0.000794626 0.234442 0.0136774 -0.0163645 -0.0418336 -0.0217823 0.0353534 0.0126684 0.0301561 0.000180683 -0.0180504 0.0402618 -0.0304079 1.61957e-05 -0.0161985 -0.00138642 -0.0251693 -0.00680342 -0.0243606 -0.00150139 -0.016067 -0.00616138 -0.00663432 -0.0162235 -0.0102617 0.00141227 -0.0246063 -0.000830542 -0.00508276 0.0144561 -0.0155926 0.0167311 -0.00381229 -0.00227133 -0.0539279 -0.0122722 -5.96638e-05 -0.0409343 -0.00516504 -0.0233668 -0.000169226 -0.014725 0.00011006 -0.000403679 -0.00633518 -0.00570285 -0.00864568 0.020151 -0.000618964 -0.00035249 -0.0103731 -0.0125614 0.0534889 9.29769e-05 -0.0187024 0.0387486 -0.013564 -0.000477524 -0.00585375 -0.00412821 -0.00279101 0.0604544 -0.0254146 -0.00900436 0.0264232 0.12463 -0.003472 -0.00317846 -0.00468814 -0.0066148 -0.000874366 -0.0169621 -0.00219839 -0.00797392 -0.0160704 -0.00255782 -0.00273383 0.00879943 -0.000348032 -0.00231665 -0.00869286 0.01164 -0.00170371 0.0360616 -0.00158651 -0.0177276 -0.00134401 -0.00551103 
-0.0100933 -0.000505077 -0.00695125 -0.00527962 -0.0505419 0.0263864 -0.00340849 0.00626069 -0.00816885 -1.77488e-05 -0.000926269 -0.000268801 -7.77808e-05 0.0136774 0.23718 0.0255559 -0.0265626 -0.0218795 0.0130085 -0.0217828 -0.00516071 -0.0279906 -0.000185312 -0.0403761 -0.00397437 -0.0494107 0.024551 -0.000818714 -0.0124399 -0.00167237 0.00453348 -4.32579e-05 0.00159128 -0.00224802 -0.0111626 0.00239502 -0.00601302 -0.00489275 -0.0197421 -0.000497173 0.00360729 -0.011136 -0.00130019 0.0225113 -0.00123214 -0.00134145 -0.0170097 -0.0037007 -1.84415e-05 -0.016758 -0.00281687 -0.0040193 0.000541095 -0.0106115 -0.0006677 0.000476372 -0.00305519 -0.00180355 -0.00455439 -0.0108109 -0.0131451 0.000103984 -0.00724996 -0.0130838 0.0397173 -4.28603e-05 -0.00696258 0.0303925 0.000755137 -0.00231318 -0.00140965 0.00366725 0.0094732 0.0237267 -0.00815799 -0.0221863 0.00651873 0.0595898 -0.00109143 -0.00140762 -0.000748486 -0.00369979 -0.0022772 -0.00928048 -0.00148883 -0.00377742 0.00136898 0.00102311 -0.00169743 0.0351503 -0.000266693 -0.00236971 -0.0024696 -0.00106874 -0.000820971 0.0135757 -0.000685302 -0.0592148 -0.00261428 -0.00388106 
0.0146266 0.0105418 0.00125438 0.0097798 -0.0619512 0.131768 0.0043146 0.128604 -0.00652342 0.000365117 -0.00324094 0.00128232 0.000472752 -0.0163645 0.0255559 0.201423 -0.0100714 -0.0207882 -0.0163917 -0.148588 0.0248212 -0.0145607 0.0126542 -0.00143078 0.0337803 -0.0221451 0.133544 -0.000764363 0.0133158 0.00715035 0.0268595 0.00147966 0.00846448 0.00396748 0.019864 -0.0116103 -0.00453576 -0.00503777 0.0928555 -0.000342942 0.00961007 -0.119683 0.0169231 0.0885947 0.000506828 0.000461482 -0.0072035 0.013756 -4.7435e-05 -0.0338838 0.000662154 0.0233905 -0.000182905 0.00694626 -0.000808295 0.000462722 -0.000348826 0.00136605 -0.00325975 -0.126951 0.000502359 0.000521427 -0.00469333 -0.0126571 0.0164722 -0.000273905 0.0128291 -0.0818555 -0.0225376 0.00309028 -0.00255626 0.00440266 0.00480829 -0.150294 0.0495542 -0.0233881 -0.135633 0.0159087 0.00294848 0.00118383 -0.00238258 -0.00370002 -0.000524954 -0.00764447 -0.00154455 0.00667049 0.0163043 0.00388532 -0.000448591 0.153627 2.43544e-05 0.00390486 -0.00169715 -0.148008 0.00159375 -0.0164783 0.000167911 -0.111984 -0.00224111 -0.00256665 
-0.00162742 -0.00136591 0.015795 -0.000411166 0.0279023 -0.0204235 0.00567986 -0.0181462 0.0137315 1.50451e-05 -0.000459524 0.000662782 0.000509118 -0.0418336 -0.0265626 -0.0100714 0.0778494 0.0100495 -0.0230387 -0.00520675 0.000983576 -0.0104957 0.0140975 -0.0204336 0.0191719 -0.0144405 -0.00652548 0.00166641 0.0169349 0.00935147 0.0148012 0.00107407 0.0198204 0.00371063 -0.00353681 0.0162802 0.0140168 -0.00119212 -0.017469 -2.85304e-05 0.00413837 -0.0140033 0.0111462 -0.0185549 0.00186324 0.00129297 0.00912229 0.0092764 9.32939e-05 0.00794997 0.0034963 0.0145136 -8.24523e-05 -0.0019123 -0.000122013 0.000153384 0.00656383 0.00719425 0.0115443 -0.00504655 -0.00315132 -2.76818e-05 0.00419101 0.00292886 -0.0585957 2.56551e-05 0.000891645 -0.0248908 0.00921387 -0.000518703 0.00314321 -0.000366908 -0.00261326 -0.028718 -0.00525348 0.014624 0.00309812 -0.0432388 -9.44222e-05 -0.000987294 0.00493105 0.00355497 0.000103703 0.0152333 0.00029459 0.0117493 0.00189132 -0.00039037 0.00383962 -0.0202673 3.39997e-05 0.00136878 0.00486553 0.00634656 -0.000188816 -0.017682 0.00231449 -0.00458113 -0.000524629 0.00798526 
-0.00526791 -0.00219709 0.000259732 -0.000631652 0.0181236 -0.0311414 0.00283983 -0.0117828 0.000804231 0.000120899 0.000522618 -0.000319231 -0.000105455 -0.0217823 -0.0218795 -0.0207882 0.0100495 0.0834416 0.0013312 0.024253 -0.0180144 -0.0177046 -0.0025062 0.0143351 -0.00389319 -0.00122387 -0.0172576 -0.000112568 -0.00161769 -0.000966969 -0.00464423 -0.000170458 -0.00210425 2.82458e-05 -0.00327626 0.00319983 0.00173077 -0.00107773 -0.0104301 0.00011246 -0.000856315 0.0110419 -0.00126216 -0.0193563 -7.59643e-05 0.000276156 0.0122117 -0.00096726 8.28468e-06 0.031575 -4.19304e-05 -0.00252178 -3.77407e-05 -0.00342839 -7.16935e-05 -8.063e-05 0.00117902 0.00165921 0.00085374 0.0193898 -0.00568122 -4.88328e-05 -0.000354317 -0.0042889 -0.0162174 0.0002255 -0.0017682 0.00518517 0.00236339 0.00107098 -0.000700199 -0.000739253 -0.00231929 -0.0133698 -0.00725182 0.0218652 0.0170014 -0.0425319 -0.000491395 -0.0002443 0.00185162 -0.000523837 2.85116e-05 0.001097 0.000286074 -0.00119398 -0.00215393 0.000248623 -0.000231332 -0.0198933 -5.1523e-05 -0.000461305 -0.001412 0.0256574 -6.85423e-05 0.00370068 0.000238827 0.0301898 -0.000653878 0.00188898 
0.00308739 -0.0162515 -0.0164705 -0.0208558 0.00892107 0.0112143 -0.00862298 0.0106502 -0.0186988 -0.000475044 0.000285047 0.000155998 -0.000423718 0.0353534 0.0130085 -0.0163917 -0.0230387 0.0013312 0.0594132 0.0279007 0.0289634 0.0024031 -0.0217194 0.0266555 -0.0462786 0.0147622 0.00953049 -0.0012396 -0.0366677 -0.0100342 -0.0261677 -0.00209251 -0.0141527 -0.00845683 0.00276354 -0.0145405 -0.0112413 -0.000967862 0.0157954 -8.25656e-05 -0.0097126 0.0338823 -0.0195013 0.0143943 -0.00538631 -0.00251958 0.00429133 -0.0182999 -5.78697e-05 0.00641229 -0.00197156 -0.0355369 -2.78637e-05 -0.00982915 4.96212e-05 -0.000407438 -0.00519488 -0.00674424 -0.0110683 0.0311974 -0.00102054 -5.55726e-05 -0.0117664 -0.0060904 0.0289184 3.25701e-05 -0.0266188 0.0385628 0.0011373 0.000387953 -0.00306283 -0.00305287 0.00113805 0.0180912 -0.0217006 0.00350964 0.0242631 0.0375864 -0.00511017 0.000746418 -0.00204103 5.59272e-05 -1.16105e-05 -0.0193741 -0.000748659 -0.0119715 -0.0204969 -0.00056726 -0.00413946 -0.00112898 -0.000451903 -0.000792699 -0.0128427 0.0266958 -0.00244031 0.0464354 -0.00200105 0.014355 0.000159748 -0.00588321 
-0.0130063 -0.00167832 -0.00980932 -0.00986799 0.0664426 -0.146588 -0.00536791 -0.0928471 -0.00715573 -0.000344034 -0.000525648 -0.00111189 -0.00062782 0.0126684 -0.0217828 -0.148588 -0.00520675 0.024253 0.0279007 0.240011 -0.061231 -0.0188277 -0.0126337 -0.0159997 -0.0378946 -0.0102789 -0.113561 -0.00185749 -0.0210225 -0.00666308 -0.0301537 -0.00167642 -0.00838424 -0.0048575 -0.0185898 0.00388912 -0.00747088 0.00557554 -0.0755062 0.000344816 -0.0103442 0.111879 -0.0155768 -0.147719 -0.0023742 -0.00134643 0.00974759 -0.0118443 1.39968e-05 0.0475807 -0.00082145 -0.025365 8.56083e-05 -0.00128402 0.000953901 -0.00033803 -0.00575271 -0.00608632 -0.00772503 0.1697 0.00944898 -0.000461598 -0.00448119 0.00911437 -0.00470092 -0.000763547 -0.0139688 0.0755946 0.0275497 -0.00099124 -5.27618e-05 -0.00418921 -0.00709268 0.113013 -0.0461024 0.0259966 0.167983 -0.022713 -0.00314712 -0.00407735 -0.000650006 -0.00104282 -0.00242844 -0.00764654 0.00127958 -0.00712188 -0.0153408 -0.00345549 -0.00214637 -0.139177 -0.000237123 -0.00321091 -0.00832134 0.180229 -0.00139558 0.0302186 -0.00143202 0.0961042 0.00200803 -0.00554499 
-0.0220862 -0.0191139 -0.00775514 -0.0118734 0.0292394 0.0652647 -0.00471216 0.00839628 -0.0106768 -0.000308885 -0.000225449 -0.00119101 -5.65795e-05 0.0301561 -0.00516071 0.0248212 0.000983576 -0.0180144 0.0289634 -0.061231 0.247935 0.00153673 -0.0147021 0.0656104 -0.0279397 0.0375202 0.048612 8.33196e-05 -0.020548 -0.0057011 -0.0162138 -0.00147483 -0.00750689 -0.00475153 -0.0147757 -0.0161056 -0.00629647 -0.00774638 -0.00398024 -0.000643852 -0.00347433 0.0173487 -0.00998036 0.0773018 -0.00283604 -0.00117001 -7.68804e-05 -0.0106932 5.1699e-05 -0.0402309 -0.00204908 -0.0186764 -0.000320904 -0.0128345 -0.00064582 -0.000201891 -0.00373579 -0.00311172 -0.00705648 -0.0553259 -0.00794707 -0.000242075 -0.00496781 0.0109891 0.00374869 0.000688356 -0.0159918 -0.00150825 -0.0160473 -0.000351101 -0.000557028 -0.00297232 0.00359062 -0.0170835 -0.0382598 -0.0034555 -0.0534623 0.0381526 -0.0028394 0.00235987 -0.00284597 0.00429866 0.00163238 -0.0130769 -0.0020833 -0.0064418 -0.0146506 0.000757073 -0.00239355 0.0353097 -0.00013389 0.00174206 -0.00153631 -0.0639697 -0.00136384 0.01247 -0.00121532 -0.0385321 0.00265356 -0.00507622 
0.0129783 -0.00633672 -0.00272715 -0.00114313 -0.0386042 0.038368 -0.0029468 -0.00395691 0.00427452 -0.000126078 0.00283139 -0.000416492 -0.00043118 0.000180683 -0.0279906 -0.0145607 -0.0104957 -0.0177046 0.0024031 -0.0188277 0.00153673 0.184277 -0.00582568 -0.00693234 -0.00798922 -0.00810492 -0.01348 -0.00037405 -0.00195884 -0.00275329 -0.00927804 -0.000562354 -0.00758766 -0.000747963 0.0290485 -0.0096398 -0.00268693 0.00113568 -0.0168076 -0.000140887 -0.00417351 -0.00957184 -0.00582267 0.0324997 -0.000108358 -0.000268548 0.00123707 -0.00486023 -3.36584e-05 -0.0222185 -0.00120715 -0.00871334 -0.00013869 -0.00401831 -0.000675444 -0.000209763 -0.001535 -0.00233462 -0.00197352 -0.0448337 0.00251968 4.90291e-05 0.00853006 0.0217799 0.00980698 0.000581452 0.00242148 0.000953607 -0.00903436 -0.00167752 0.000606517 -0.00151553 -0.0045542 0.0272007 0.0238888 -0.0160621 -0.0244924 0.0115187 -0.000632871 0.00257294 -0.000517047 0.00499646 0.000243135 0.00231809 -0.00125763 -0.0027746 -0.00466648 -0.000971074 -0.000455647 0.000129418 0.000201209 -0.00180749 0.000358244 -0.0387056 -0.000453287 -0.0153617 -0.000501945 0.0432293 0.00539943 -0.000800436 
-0.00177393 0.00494951 0.00866647 0.00352955 -0.00713043 -0.00467303 0.00433033 -0.00326907 0.00324694 5.79637e-05 -0.000263808 0.000207921 0.000308133 -0.0180504 -0.000185312 0.0126542 0.0140975 -0.0025062 -0.0217194 -0.0126337 -0.0147021 -0.00582568 0.0352048 -0.0160442 0.0205422 -0.00850072 -0.00153109 7.18924e-05 0.0167139 0.00892541 0.0181608 0.00143374 0.0124895 0.00417317 -0.00159145 0.00609941 0.00252518 -0.000208777 -0.00350375 1.94288e-06 0.0041481 -0.0198719 0.0135904 -0.00889206 0.00207767 0.00029811 -0.000144951 0.0112274 1.69736e-05 -0.00336315 0.00217106 0.019739 7.75092e-06 0.0038884 -5.90023e-05 0.000310427 0.00124636 0.00342097 0.00269952 -0.0142463 -0.000504875 5.21648e-05 0.000243028 -0.00112881 -0.013054 -4.42208e-05 0.0065643 -0.0139186 -0.000452766 -2.002e-05 0.000720547 0.000471354 -0.00106294 -0.0109706 0.00427564 -0.00220735 -0.0126237 -0.0176401 0.000652188 -3.30099e-05 0.000325044 -0.00029788 -0.000158014 0.00360273 0.00157965 0.0102172 0.00863692 0.000729973 0.0014505 0.00309012 5.31127e-05 0.000258735 0.00197388 -0.0130392 0.000990221 -0.0182357 0.0013052 -0.014954 -0.000217369 0.000828518 
-0.00537309 -0.0181747 -0.00833967 -0.00881033 -0.00913798 0.0100864 -0.00449905 -0.00706123 -0.010608 -0.000273273 0.00157844 -0.00349941 -0.000331086 0.0402618 -0.0403761 -0.00143078 -0.0204336 0.0143351 0.0266555 -0.0159997 0.0656104 -0.00693234 -0.0160442 0.248316 -0.0279881 0.0268189 0.0136145 -0.00018029 -0.0185265 -0.00521918 -0.0178431 -0.00123593 -0.0194148 -0.00410575 -0.0065619 -0.0197871 -0.0067936 -0.00541487 0.00428964 -0.000236655 -0.00455481 -0.00258494 -0.011097 0.017254 -0.00284348 -0.000937822 -0.0118909 -0.00926473 -2.69862e-05 -0.0159201 -0.00397003 -0.0198085 -0.000212491 -0.0149508 -0.00112474 -0.000322066 -0.00407097 -0.0040865 -0.00630887 -0.0122472 -0.00103435 5.69229e-05 -0.00443047 0.00695975 0.00446063 0.000417327 -0.0128808 0.0304222 -0.0288137 0.00156853 -0.00310536 -0.0025292 0.0087742 -0.00975404 -0.0193855 0.018118 -0.0299479 0.0241765 -0.00242449 0.000933531 -0.00364266 -0.000812948 0.00210941 -0.0122319 -0.00132989 -0.00605775 -0.0121401 0.00108215 -0.00204412 0.00326671 -0.000158324 -0.00105444 -0.00325485 -0.0192447 -0.00116705 0.016021 -0.00121783 0.0303429 0.00263753 -0.00465051 
-0.00309714 0.0166743 0.0142575 0.0198754 -0.0147492 0.00254638 0.00772639 -0.00163365 0.0138308 0.000409059 -0.000849639 -0.000509574 0.000586641 -0.0304079 -0.00397437 0.0337803 0.0191719 -0.00389319 -0.0462786 -0.0378946 -0.0279397 -0.00798922 0.0205422 -0.0279881 0.0685283 -0.0193321 0.00496018 0.000643805 0.0331213 0.0103228 0.034514 0.00192976 0.0165127 0.00745205 -0.00342205 0.0103569 0.00795332 -0.000815186 -0.00824465 -5.59335e-06 0.010179 -0.0477646 0.0208614 -0.0143111 0.00270274 0.00250121 -0.00536148 0.0184205 6.26429e-06 -0.00925062 0.00102647 0.0363607 3.51341e-05 0.0108932 -0.00015599 0.00050773 0.00356028 0.00433131 0.00938344 -0.0405711 0.0023505 7.23884e-05 0.00925518 0.00416052 -0.0219694 -0.000135484 0.0247008 -0.0366658 -0.00615044 -0.00049059 0.000285607 0.00423715 -0.00131148 -0.0294473 0.026488 -0.00651499 -0.0335657 -0.0361161 0.00490065 -0.000998987 0.000637324 -0.000979727 -0.000457475 0.0137119 -0.000333816 0.0116314 0.0227086 0.000468144 0.00386596 0.0174742 0.000401231 0.00214866 0.0130406 -0.0374602 0.0019975 -0.0437653 0.00164463 -0.0227509 -0.000396919 0.0033041 
-0.00914179 -0.00638532 -0.00500539 -0.00628279 0.00851962 -0.013316 -0.00183531 -0.00534135 -0.00588363 -0.000129265 0.00433108 0.000691731 -4.96777e-05 1.61957e-05 -0.0494107 -0.0221451 -0.0144405 -0.00122387 0.0147622 -0.0102789 0.0375202 -0.00810492 -0.00850072 0.0268189 -0.0193321 0.202862 -0.00939285 0.000532425 -0.0109295 -0.0031966 -0.00802139 -0.000659013 -0.0068519 -0.00244155 -0.00852639 -0.00985198 -0.00419451 -0.00456148 0.0338967 4.37653e-05 -0.00133099 0.0412739 -0.00659077 0.0203255 -0.00171844 -0.000151404 0.0128176 -0.00557652 -2.08342e-05 0.0106674 -0.00194818 -0.0119303 -0.000207125 -0.00905245 -0.000537575 -0.000191027 -0.00261608 -0.00182592 -0.0046856 -0.0133908 -0.00981467 -0.000175586 -0.000448459 0.0004853 0.00756172 0.000478686 -0.007169 -0.0062932 -0.0216516 0.00171866 -0.00106543 -0.0021776 -0.00291326 0.0107479 -0.0206266 0.00309319 -0.0133901 -0.0141357 -0.00145291 -0.00252462 -0.00195182 -0.000838599 0.00396731 -0.00633118 0.00148683 -0.00386989 -0.00771933 -3.56117e-05 -0.00125651 -0.0147522 -1.74515e-05 0.00351978 -0.00323519 -0.00954119 -0.000690815 0.00311596 -0.000707295 0.0228175 0.000651457 -0.00272932 
-9.51183e-06 -0.0073273 -0.00434146 -0.00531012 -0.0429754 0.126482 -0.00271413 0.115287 -0.00532035 -8.75784e-05 -0.00277271 0.00331259 0.000158452 -0.0161985 0.024551 0.133544 -0.00652548 -0.0172576 0.00953049 -0.113561 0.048612 -0.01348 -0.00153109 0.0136145 0.00496018 -0.00939285 0.189683 4.92953e-05 -0.00743591 -0.00231683 0.00822962 8.79435e-05 -0.00319983 -0.00231895 0.0095521 -0.012298 -0.00357525 -0.00476518 0.0850155 -0.000197965 -0.00335504 -0.0769892 -0.000644869 0.083684 9.39764e-05 -0.00102525 0.00769172 -0.00391988 -4.13006e-05 -0.0263783 0.0043598 -0.00545903 -0.000346969 -0.00107747 -0.000746976 -0.000148044 -0.000957551 -0.00137352 -0.00337336 -0.0967753 -0.00280137 0.00048934 -0.00420856 -0.00964023 0.00325629 -9.45988e-06 -0.00470889 -0.0533033 -0.0159386 0.0039852 3.81636e-05 0.00230911 0.00827239 -0.131508 0.0211231 -0.0117456 -0.100379 0.0197515 -0.00065712 0.00399163 -0.00182856 -0.0022215 5.66928e-05 -0.00625 -0.000986023 -0.00292775 0.000445003 0.0032697 -0.00112596 0.118884 -0.000185216 0.00184671 -0.00747573 -0.115885 0.000688265 0.0151864 -0.000342861 -0.087074 -0.00194424 -0.00142005 
0.00015968 1.69463e-05 0.000806907 0.000488013 0.000320171 -0.000258626 4.30102e-05 -0.000659117 0.00109215 9.50744e-06 0.000924761 4.17088e-05 2.44095e-05 -0.00138642 -0.000818714 -0.000764363 0.00166641 -0.000112568 -0.0012396 -0.00185749 8.33196e-05 -0.00037405 7.18924e-05 -0.00018029 0.000643805 0.000532425 4.92953e-05 0.00381894 0.000432893 1.75203e-05 0.000627948 1.36087e-05 -2.14879e-06 0.000214173 7.97424e-06 0.00104264 0.00145461 -6.21889e-05 -0.00107685 3.23519e-05 0.00068061 -0.00148494 8.48119e-05 -0.00021397 0.000425294 4.09515e-05 0.000213926 -1.46112e-05 1.06421e-05 -0.00020696 0.000393256 0.000125561 1.45842e-05 -9.30368e-05 2.11885e-06 1.50814e-05 0.000422983 0.000961916 0.000920713 -0.00208443 0.000108969 1.30224e-05 0.000229721 0.000397676 -0.00224722 7.42656e-05 0.000140023 -0.000980821 -2.43161e-05 1.73341e-05 0.00096433 6.47726e-05 -4.51031e-05 -0.000503866 0.000255444 -0.000280233 -0.00141562 -0.00252515 7.24075e-05 9.79467e-05 6.75473e-05 0.000944541 0.000549414 0.00155614 4.51316e-05 -2.52855e-06 0.000523 0.000113606 8.46634e-05 -0.000852655 -1.3123e-06 3.19486e-05 0.000398138 -0.00181617 2.0613e-05 -0.00175022 7.16545e-05 -0.00126821 8.26158e-05 0.000729355 
-0.00142407 0.00997508 0.0143452 0.0133187 -0.00795975 -0.00643444 0.00703574 -0.00607276 0.0125421 0.000286027 -0.000298195 -4.62436e-06 0.000242386 -0.0251693 -0.0124399 0.0133158 0.0169349 -0.00161769 -0.0366677 -0.0210225 -0.020548 -0.00195884 0.0167139 -0.0185265 0.0331213 -0.0109295 -0.00743591 0.000432893 0.0391069 0.00850508 0.0174112 0.00132611 0.00992773 0.00654024 -0.0011701 0.00940144 0.00717032 -0.000579643 -0.0108825 2.66102e-05 0.00644886 -0.0248578 0.0145556 -0.0098077 0.00349196 0.00197964 -0.00279782 0.0141905 2.09009e-05 -0.00496121 0.00140393 0.0278097 1.99679e-05 0.0084496 -5.20074e-05 -1.40525e-06 0.00320893 0.00379956 0.00757184 -0.0226488 -0.000738052 -3.10266e-05 0.00696041 0.00369997 -0.0211804 -7.67811e-05 0.0189809 -0.0276032 -0.00216185 -0.000298075 0.00176398 0.000884298 -0.00100708 -0.013108 0.0150997 -0.00358132 -0.0182665 -0.0266993 0.00436831 -0.00038903 -0.000181566 -0.000427112 -0.000204947 0.0128005 -9.979e-05 0.0110916 0.011466 -0.000143875 0.00364269 0.00121731 0.000260193 -0.000193344 0.00942146 -0.0202197 0.00182158 -0.035378 0.00139243 -0.0103112 -0.000140569 0.00320753 
-0.000629072 3.30095e-05 0.00500517 0.000147472 -0.0023483 -0.00327406 0.00404068 -0.00274369 -0.000163603 8.80456e-05 -0.000118125 -0.000120174 0.000424429 -0.00680342 -0.00167237 0.00715035 0.00935147 -0.000966969 -0.0100342 -0.00666308 -0.0057011 -0.00275329 0.00892541 -0.00521918 0.0103228 -0.0031966 -0.00231683 1.75203e-05 0.00850508 0.0113999 0.0101617 0.001024 0.010027 0.00175481 -0.000618044 0.00270059 -6.60904e-05 -0.000208848 -0.00382426 -4.33775e-06 0.00514647 -0.00884035 0.00959465 -0.00309961 0.000167179 0.000356657 -0.00126944 0.00902115 -4.64921e-07 -0.00136735 0.000717049 0.0103246 -7.05896e-06 -0.000343376 -7.93194e-06 0.000464282 -7.5539e-05 0.00253637 -4.48631e-05 -0.00641699 -0.000762945 -3.03151e-06 -0.000215272 -0.000464644 -0.00853239 -2.00094e-05 0.00096093 -0.00795555 -0.000736148 -8.78426e-05 8.23674e-05 1.74208e-05 -0.000376106 -0.00670171 -0.000712849 -0.00100418 -0.00541917 -0.00771968 -1.18427e-05 -0.000160538 -7.64427e-05 -0.000105738 -7.5913e-05 -0.000211057 -4.49643e-05 0.00924344 0.00300124 0.000249205 0.00037411 -0.00216364 -4.45762e-06 0.00102715 0.000458294 -0.00633738 -6.57369e-06 -0.0101899 0.00148592 -0.0051745 -8.1619e-05 -3.32412e-05 
-0.00156249 0.00872817 0.00828385 0.00921172 -0.0109538 0.00366658 0.00592784 -0.00140574 0.00339161 0.000195321 -0.000334194 -0.000442013 0.000453804 -0.0243606 0.00453348 0.0268595 0.0148012 -0.00464423 -0.0261677 -0.0301537 -0.0162138 -0.00927804 0.0181608 -0.0178431 0.034514 -0.00802139 0.00822962 0.000627948 0.0174112 0.0101617 0.0549153 0.00170333 0.0202026 0.00512296 -0.000820904 0.00514801 0.00253119 -0.000911989 -0.00208252 -1.49468e-05 0.00665186 -0.0314766 0.0198531 -0.00944174 0.00145089 0.000926102 -0.00519431 0.0173038 -8.96231e-07 -0.00425089 0.000960553 0.0260101 -2.13547e-05 0.000966786 -0.000158301 0.000551852 0.000624527 0.00327119 0.00278199 -0.0317493 -0.00368696 7.15095e-05 0.00173846 -0.00260599 -0.0101649 -0.000100225 0.0109849 -0.0233773 -0.00385742 0.000512272 -0.000262572 0.00375728 -0.00149673 -0.0224323 0.0172428 -0.00495331 -0.025462 -0.0232777 0.000488281 -0.000355734 0.000299153 -0.000665149 -0.000108117 0.00378836 -0.000278933 0.01089 0.0182451 0.00103297 0.00165122 0.0120822 0.000103016 0.00180337 0.00345052 -0.0297122 0.000481634 -0.0233693 0.00149554 -0.0224346 -0.000414281 0.000267232 
-9.46097e-06 0.000634333 2.72408e-05 0.000401252 -0.00054734 -7.11855e-05 0.000222817 0.000421609 0.00032942 7.24829e-05 -2.87149e-05 -1.7024e-05 2.40052e-05 -0.00150139 -4.32579e-05 0.00147966 0.00107407 -0.000170458 -0.00209251 -0.00167642 -0.00147483 -0.000562354 0.00143374 -0.00123593 0.00192976 -0.000659013 8.79435e-05 1.36087e-05 0.00132611 0.001024 0.00170333 0.00307925 0.000985285 0.000277562 -4.64304e-05 0.000395133 0.000439569 -5.84604e-05 -6.98498e-05 -9.17372e-07 0.000513162 -0.00214893 0.000991719 -0.000638022 0.000112332 2.98631e-06 -0.000247552 0.000770963 1.27693e-06 -0.000322268 0.000167057 0.00175293 -1.79524e-06 0.000653913 -7.82252e-06 6.83499e-05 0.000189362 0.000470878 0.000120383 -0.00167272 -7.14378e-05 8.4232e-07 0.000148267 -0.000144705 -0.00148006 3.22261e-06 0.00104769 -0.00213448 -0.000218197 -4.50709e-06 0.000109646 3.8351e-05 -9.10741e-05 -0.00171533 0.000725412 -0.000241556 -0.00140259 -0.00154818 4.44306e-05 3.5771e-05 0.000238306 3.87201e-05 -1.54621e-05 0.000400183 1.08717e-05 0.000601263 0.000482373 0.000119466 2.3528e-06 0.000615325 -3.36278e-07 0.000234324 0.000308418 -0.00137948 0.000106501 -0.00191774 0.000325829 -0.00142014 -2.27275e-05 0.000277598 
-0.00225327 0.00210343 0.00533305 0.00160335 0.00429876 -0.00429775 0.00520686 -0.00918225 -0.000691812 0.000135576 -0.000335445 -0.000521583 0.000356503 -0.016067 0.00159128 0.00846448 0.0198204 -0.00210425 -0.0141527 -0.00838424 -0.00750689 -0.00758766 0.0124895 -0.0194148 0.0165127 -0.0068519 -0.00319983 -2.14879e-06 0.00992773 0.010027 0.0202026 0.000985285 0.044458 0.00333695 -0.00231868 0.00221263 -0.000336311 -0.000793664 -0.0108495 -2.97071e-05 0.00616608 -0.0134419 0.0143605 -0.00596366 -3.77465e-05 0.000645924 0.00220051 0.0131536 8.55271e-06 0.00183688 0.00106566 0.0151161 5.85202e-05 -0.00164792 -5.21639e-05 0.000301363 0.000119363 0.0025867 -0.000259253 -0.0140783 -0.00260781 6.66257e-05 -0.000992255 -0.0021544 -0.0123952 -6.74946e-05 0.00272215 -0.00620504 0.0025317 -0.000321164 2.31966e-05 0.000808954 -0.00141366 -0.0105983 9.80805e-05 -0.00370871 -0.00641391 -0.0180506 -8.53571e-05 -0.00063504 0.000752956 0.000282006 -0.000243105 -0.000640862 -0.000192655 0.00992752 0.00573746 5.04427e-05 0.000785777 -0.00210527 -4.81663e-06 0.000535911 -0.000403685 -0.0111051 -6.25386e-05 -0.012189 0.00135735 -0.00691067 -0.000333301 -0.000163525 
-0.000591287 0.00322042 0.0021515 0.00319356 -0.00211592 -0.00347308 0.00148564 -0.00236721 0.0020269 0.000108684 0.0001121 -0.000109771 0.000146113 -0.00616138 -0.00224802 0.00396748 0.00371063 2.82458e-05 -0.00845683 -0.0048575 -0.00475153 -0.000747963 0.00417317 -0.00410575 0.00745205 -0.00244155 -0.00231895 0.000214173 0.00654024 0.00175481 0.00512296 0.000277562 0.00333695 0.0099095 -0.000424837 0.00116243 0.000348708 -0.0001141 -0.00320744 -1.29338e-05 0.0030357 -0.00613233 0.00490623 -0.00265961 0.000899485 0.00110344 -0.00102751 0.00518444 5.71969e-06 -0.0010317 8.09283e-06 0.00652647 7.06829e-05 0.000173198 -2.78113e-05 -3.82365e-06 -5.73065e-05 0.000865442 0.000458921 -0.00524022 -0.00063255 1.52817e-05 0.00098933 0.00141006 -0.00391492 -8.63607e-06 0.0057504 -0.00626952 -0.000768829 -7.44382e-05 0.00107169 0.000517122 -0.000191025 -0.00310293 0.00296745 -0.000830373 -0.00345023 -0.00668851 0.000744107 -0.000101083 0.000102452 0.000401426 -4.52628e-05 0.00182442 0.000103757 0.0025284 0.00303439 -1.93625e-05 0.000720892 -0.00148597 6.4323e-05 -1.74485e-05 0.00178929 -0.00523166 0.000459949 -0.00854942 0.000134266 -0.0023915 -8.8702e-06 0.000158272 
