0.000350767 5.36902e-06 1.58132e-06 2.82944e-05 4.80988e-06 -3.23431e-06 1.6396e-06 -6.98167e-05 2.94982e-06 0.00013762 -0.000290104 -0.000285732 1.38038e-05 -6.93499e-05 1.73581e-06 0.000165035 6.21662e-05 1.09253e-06 -0.000196045 -0.000250936 5.22374e-06 -1.52509e-06 -7.88754e-05 -0.000302947 -0.00032273 -5.47677e-05 -6.18632e-05 0.000143519 -6.99441e-10 -9.53722e-06 0.00031125 6.0001e-05 5.01118e-05 0.000169321 1.29553e-05 -0.000248087 2.54017e-05 3.39325e-05 5.4934e-05 8.22549e-05 0.000253738 0.000131506 1.07193e-05 0.000102093 1.55048e-06 -0.000303847 9.62428e-07 4.45507e-05 4.97826e-05 8.44662e-05 1.27804e-06 0.00013777 5.5365e-06 2.37458e-05 0.000122945 1.96083e-06 4.97467e-05 -0.000121755 2.1436e-05 -9.05216e-07 1.91745e-05 1.81501e-05 -0.000325432 7.15072e-07 2.38302e-07 5.00457e-06 0.000205245 1.58381e-06 5.69225e-05 0.000127895 0.000172026 9.31041e-05 7.7139e-06 1.53685e-05 -3.03086e-05 2.72644e-05 -7.48933e-05 8.35567e-05 -0.000209169 -0.000161932 1.91057e-05 -0.000306063 8.9201e-06 1.1246e-05 0.000133361 2.2843e-07 8.21694e-07 6.23605e-05 -0.000335111 1.20144e-06 1.06256e-05 1.16632e-05 6.51544e-05 -3.5616e-06 9.90925e-07 1.42763e-05 0.000176314 3.70099e-07 1.306e-07 -1.75892e-06 
5.36902e-06 0.0134489 -4.81734e-06 -2.22639e-06 2.89258e-05 -0.00010112 -1.03241e-05 -0.000360396 -3.90445e-05 -5.8884e-06 -0.00014805 -1.13766e-06 -1.40624e-05 -0.0016005 -2.73949e-06 0.000693308 -7.73744e-06 -2.66325e-06 -0.00160175 -6.29746e-05 -3.17862e-05 -0.000360977 -0.0030648 0.000384954 0.000107652 -0.00101826 0.000612129 -8.85577e-07 -2.71787e-08 -0.000299163 -4.84955e-05 -3.80134e-06 -6.95073e-06 -1.78197e-05 -0.000512086 0.0017267 -1.32151e-06 -1.51475e-05 -4.64441e-05 0.000490148 5.6417e-05 -8.60054e-06 -4.26089e-07 -2.06186e-05 -1.44717e-05 -0.000348557 2.67274e-06 -2.82299e-06 -1.37642e-06 1.73859e-05 -2.05522e-07 -7.17568e-06 -1.58848e-07 -9.22146e-08 -2.55578e-06 -6.02737e-06 -3.89928e-06 0.0039413 5.6684e-07 -3.74018e-05 -7.89673e-05 2.05047e-05 0.000261494 -2.40745e-07 2.73409e-08 -2.75944e-06 0.000121276 4.1962e-05 -2.33945e-06 -8.12979e-06 -0.00116026 -8.96346e-06 -2.03167e-06 -2.31827e-06 -0.000875181 -1.85187e-06 -0.00340003 -1.40457e-05 -0.0060655 -0.00193507 -7.36819e-06 0.000895881 -2.23234e-07 1.64056e-07 -1.29761e-05 1.97894e-05 1.74249e-07 0.000219417 -2.24976e-05 5.59919e-08 0.000152056 -5.16108e-05 -6.13254e-06 -3.67259e-05 -1.58697e-06 8.70119e-05 -7.49962e-06 -1.56525e-06 -1.3372e-06 0.000218766 
1.58132e-06 -4.81734e-06 0.000622822 1.00697e-05 -4.56818e-08 1.91306e-05 -1.0423e-07 8.41975e-05 1.04626e-05 5.21303e-06 -1.52095e-05 -7.80057e-05 6.40605e-06 -0.000122178 1.96786e-05 3.9398e-05 2.98796e-05 -1.41625e-07 -0.00010131 -4.27449e-05 1.84059e-05 3.4724e-05 -5.0505e-05 -6.46946e-05 -0.000100741 -8.06665e-05 -0.000214081 3.99681e-06 -1.24227e-09 -9.73629e-06 4.88953e-05 4.15308e-05 7.39307e-07 6.04034e-06 -9.53503e-06 -7.2368e-06 -8.09114e-08 3.44077e-06 5.64626e-05 7.47559e-05 6.64922e-05 6.17362e-06 4.16489e-07 4.11863e-06 2.35325e-05 -5.91462e-05 3.81025e-08 1.04302e-07 6.47641e-07 2.57125e-05 3.39395e-08 6.79188e-06 6.67864e-07 -1.6739e-07 1.54288e-06 4.5024e-05 4.56732e-06 -7.61056e-05 2.83228e-05 -1.43882e-07 2.31276e-05 0.000115614 -7.2271e-05 -3.45555e-07 -3.01634e-09 3.94783e-05 -1.93771e-05 3.42156e-05 7.50304e-07 4.02941e-06 -3.64574e-07 1.65812e-06 1.36261e-06 4.14172e-07 7.65133e-05 9.73718e-09 -6.80285e-05 5.52961e-06 -2.74041e-05 -0.000274613 4.6054e-05 -0.000137728 1.14803e-05 -9.39114e-07 2.70245e-06 5.52405e-09 6.46349e-07 2.9035e-05 -0.000150305 1.47785e-07 5.10034e-06 -2.59746e-06 1.35034e-08 -5.14462e-06 5.95996e-06 9.06553e-07 3.83272e-05 5.39235e-07 7.47435e-07 1.33702e-07 
2.82944e-05 -2.22639e-06 1.00697e-05 0.0123701 1.81073e-06 0.000154793 -8.68644e-06 0.000874621 4.00263e-05 -1.69316e-06 -0.00304382 -0.000202792 0.000332018 0.000927722 -4.05228e-06 0.00280788 1.69417e-05 1.82889e-05 -0.002796 -0.00154073 0.000326756 0.000198239 -0.0025972 -0.00224184 -0.000620093 -6.16281e-05 0.00234919 4.55008e-05 5.28363e-07 -3.87021e-05 0.000226475 1.14646e-05 0.00017716 0.000198015 0.00107137 -0.00232907 3.05753e-05 7.20603e-05 3.22492e-05 -4.57753e-06 7.11612e-06 3.46315e-06 4.07607e-06 7.77796e-05 -1.57893e-05 -0.00189629 3.00308e-05 1.31564e-05 8.58865e-07 -1.72393e-06 2.67843e-07 -4.70223e-07 1.58427e-05 1.29533e-06 -3.29538e-06 4.20632e-05 4.28273e-05 -0.00232301 6.38152e-05 8.14006e-06 8.20263e-06 5.74274e-05 -0.00130846 -7.75824e-07 2.57937e-06 -2.64307e-06 -0.000250919 4.55736e-05 1.14592e-05 -6.92847e-06 -5.217e-05 7.24386e-06 3.2517e-05 6.22437e-07 -0.000501984 1.22893e-05 0.000467964 8.14352e-05 -0.00115321 -0.000757264 0.000518684 -0.000590744 -1.16608e-06 4.74316e-05 0.000196535 -8.63767e-07 5.51873e-05 0.000209765 -0.00159383 1.34177e-06 0.000264622 -1.58783e-05 0.00050924 0.000176354 -2.7047e-06 0.000473902 0.000160171 -2.83652e-06 8.10451e-08 2.58189e-06 
4.80988e-06 2.89258e-05 -4.56818e-08 1.81073e-06 0.000142813 1.94045e-06 -1.14047e-07 -2.8038e-05 -1.32931e-06 4.6177e-06 -5.20979e-06 -6.3862e-06 1.79976e-07 6.6245e-06 -1.15681e-07 2.7053e-05 4.54477e-08 4.42761e-08 -7.40992e-06 -1.95658e-05 4.31646e-06 -2.92623e-06 -1.52187e-06 -1.73993e-05 -6.73959e-06 -1.93025e-05 3.61849e-05 9.99197e-07 -2.84714e-10 -9.70263e-07 6.57673e-06 3.36356e-07 1.07253e-06 3.31394e-06 -4.48694e-06 -6.28758e-06 7.76361e-08 1.37103e-07 5.56523e-07 4.23319e-06 8.02887e-06 3.64983e-06 1.43822e-06 1.34938e-07 1.8279e-06 -1.80162e-05 5.07749e-07 1.07709e-06 1.33416e-07 4.66884e-07 -2.15297e-09 4.2998e-06 1.90552e-07 2.74969e-07 3.98795e-06 -7.70034e-08 8.66603e-07 -1.63312e-06 -6.81248e-08 -4.52416e-07 -6.05468e-07 -1.02608e-06 -7.11691e-06 2.89476e-07 -6.91313e-10 -3.47733e-08 1.67947e-07 -8.87961e-08 3.4034e-07 3.86367e-06 1.4687e-06 1.77053e-06 3.39762e-07 -2.50187e-08 -4.33105e-06 1.7341e-07 1.79836e-05 3.3383e-06 -6.77164e-05 -6.81118e-05 -5.085e-07 -2.80294e-05 3.67394e-08 2.62576e-07 8.95407e-07 1.14335e-06 1.89779e-07 4.50726e-07 -1.5318e-05 -8.91137e-09 1.95674e-08 8.46157e-07 2.47076e-06 6.4528e-07 1.07694e-07 -2.91465e-07 1.31276e-06 8.26677e-08 -4.06186e-09 -4.37799e-07 
-3.23431e-06 -0.00010112 1.91306e-05 0.000154793 1.94045e-06 0.0118939 -1.30207e-05 -0.00240237 9.85738e-05 -9.87516e-06 -0.00016101 -9.34127e-06 0.00037295 -0.000205267 2.53464e-05 0.00184918 1.9143e-05 4.47737e-05 -0.000672364 -0.000405599 -4.49688e-06 -0.000346479 -0.00224635 -8.54785e-05 -0.000236023 -0.00171605 0.00288878 7.08802e-06 -2.39974e-08 0.000379864 0.000108547 4.57319e-08 1.24999e-05 0.000110803 -0.000397529 -0.000645153 3.24837e-06 1.16801e-05 -3.5545e-05 -3.16922e-06 5.31575e-05 2.56737e-05 -7.11736e-07 -1.04976e-05 -1.72091e-05 -0.000308683 5.87131e-05 -2.14923e-06 -1.18446e-06 -1.02603e-05 2.51868e-07 -7.79721e-06 9.66556e-06 1.13864e-05 -4.37747e-06 -3.28363e-06 4.85223e-05 0.00255216 4.5947e-06 -2.11952e-05 -5.15211e-05 0.000211033 0.000607473 -2.1361e-06 1.5484e-06 -1.87423e-06 0.000247882 -1.11514e-05 -5.79328e-06 -4.25509e-06 -0.000882182 -3.96146e-06 5.79562e-06 -1.91539e-06 -0.00115496 9.58741e-06 -0.00274816 -1.05366e-05 -0.00448072 -0.00401983 0.00025832 0.00108836 -2.97684e-07 -2.84925e-05 0.000133356 1.73329e-05 -1.401e-06 0.000110518 -0.000741404 9.55634e-08 -1.7036e-05 0.000663886 -3.89774e-06 -1.59763e-05 -2.21484e-06 0.000110278 6.52379e-05 -2.62087e-06 -1.33617e-06 -1.6609e-05 
1.6396e-06 -1.03241e-05 -1.0423e-07 -8.68644e-06 -1.14047e-07 -1.30207e-05 0.00156613 5.36664e-05 6.4926e-05 4.83686e-06 -0.000308783 -3.0981e-05 2.29007e-06 0.000761127 6.6196e-06 0.000241204 3.6325e-05 -1.98866e-07 -0.000258843 -4.20886e-05 5.58532e-05 7.25447e-05 -0.000337528 -2.93362e-07 -7.57068e-05 2.94876e-05 6.54977e-05 3.44995e-07 -3.12673e-09 -3.29914e-05 1.61862e-07 -1.42688e-07 5.26212e-06 3.3475e-07 -3.85734e-05 -0.000923828 1.0744e-06 1.78582e-05 3.50452e-06 1.00119e-05 2.93068e-05 2.98962e-05 9.10598e-07 2.03587e-05 1.80404e-06 -5.83614e-05 2.29505e-05 3.68567e-07 1.58788e-06 0.000102132 7.96894e-08 1.54278e-06 6.12093e-09 -2.9798e-07 2.92167e-06 -6.98983e-07 5.80086e-07 -0.000453836 -4.78146e-07 -5.17446e-06 -3.56278e-06 3.56034e-05 -0.000440949 -9.83113e-07 -7.59199e-09 3.71479e-06 -5.01571e-06 1.72301e-06 6.15114e-07 3.44233e-06 0.000349086 5.0631e-05 2.09786e-06 1.27052e-05 0.000286766 7.41202e-07 6.46792e-05 9.3344e-06 9.15663e-05 -0.000261382 5.17809e-06 -0.000822108 7.24793e-07 -1.3681e-06 9.36209e-06 6.94752e-06 1.96525e-05 5.56657e-05 -0.000403393 7.62135e-07 -7.98319e-06 1.1119e-05 5.45639e-07 -1.50979e-05 -2.34663e-07 5.60953e-06 1.38855e-06 -2.29922e-07 3.22996e-08 0.00031853 
-6.98167e-05 -0.000360396 8.41975e-05 0.000874621 -2.8038e-05 -0.00240237 5.36664e-05 0.192762 -0.00272425 6.04657e-05 -0.0128489 5.30319e-05 -0.000266505 -0.021996 0.000206374 0.00741276 -6.44298e-06 -5.97614e-05 -0.00609166 0.00277607 0.0051492 -0.00978221 -0.0972962 -0.000525794 0.00119002 -0.0173865 -0.00345083 -3.01286e-05 2.16893e-07 -0.00525158 0.0030227 -6.96106e-05 -1.00283e-05 -0.000303445 -0.00223184 0.0209476 -3.92875e-05 0.000411852 -0.000612964 0.00217421 0.00226724 -0.000446417 -1.44159e-05 -0.000163868 -0.00033895 0.00306122 -5.12038e-05 3.05389e-05 -2.19822e-05 0.000475411 4.02869e-07 -2.93547e-05 -4.29446e-06 -4.76874e-05 -8.25708e-05 -0.00011872 -6.22847e-05 0.0712597 -0.000107562 -7.30665e-05 0.00143951 0.000316017 0.000792939 -5.51476e-05 -5.78726e-07 -5.95619e-05 -0.00579485 -6.54356e-05 -0.000133109 -2.08977e-05 -0.0214437 -0.000168576 -3.56711e-05 3.68693e-05 -0.0190809 -2.76653e-05 -0.0480584 -9.97121e-05 -0.0361438 -0.00176254 -0.00167748 0.00368586 -2.99457e-05 -4.64867e-05 -0.000127334 -3.02522e-05 -8.19333e-05 0.000343847 -0.00133749 -7.11524e-06 0.001085 -0.00154678 -0.000390506 0.00187881 -6.71048e-05 -0.000635781 -0.000114335 -6.97557e-05 -1.163e-05 0.000678596 
2.94982e-06 -3.90445e-05 1.04626e-05 4.00263e-05 -1.32931e-06 9.85738e-05 6.4926e-05 -0.00272425 0.0121883 -6.25686e-06 -0.000523593 -0.000100899 3.29069e-05 0.00424871 1.0422e-05 -0.000309305 0.000134423 -2.95248e-06 -0.00191727 -0.00172269 -7.44002e-05 0.00105099 0.00108715 -0.000241863 -0.000724658 0.00219184 -0.00521819 -1.04001e-06 -1.26554e-09 -0.000200391 6.86329e-05 5.31939e-05 -4.67209e-06 5.08342e-05 0.000347815 -0.00298742 9.8678e-06 -6.24668e-06 0.000241646 -7.38188e-05 9.97255e-05 8.75604e-05 1.16771e-05 3.37551e-05 6.23399e-05 -0.000615552 -6.90035e-06 -6.88367e-07 5.95051e-06 3.53177e-05 2.03986e-07 2.45085e-05 -5.36454e-08 1.2054e-06 8.98923e-06 8.95837e-05 2.13406e-05 -0.00250058 2.38041e-05 -9.6823e-06 7.33454e-05 8.63893e-05 -0.00580603 1.7123e-05 -5.97284e-08 0.000113826 -0.000431981 0.000172085 5.80855e-05 -7.92636e-06 0.00285315 3.8308e-05 2.48545e-06 5.96176e-06 0.00436752 7.56532e-06 0.00112995 0.000134854 0.000974814 -0.000433376 -4.10085e-05 -0.00580832 2.28217e-05 5.22218e-06 1.45041e-05 3.22918e-05 0.000218435 4.05102e-05 -0.00116905 5.3405e-08 -0.000187416 1.15586e-06 -1.50482e-05 -0.000159768 1.20595e-05 0.000718052 3.93607e-05 -5.06777e-07 7.60416e-07 0.000493954 
0.00013762 -5.8884e-06 5.21303e-06 -1.69316e-06 4.6177e-06 -9.87516e-06 4.83686e-06 6.04657e-05 -6.25686e-06 0.000855537 -0.000439613 -0.000233579 2.07676e-05 0.00013168 1.76984e-06 -1.34683e-05 2.91319e-06 -1.30793e-07 -1.84763e-05 -0.000550255 0.00010684 0.000185771 -0.000115436 -0.00043705 -0.000486555 0.000113421 -0.000308961 1.5722e-05 -1.70683e-09 -9.59702e-06 0.000234243 3.82501e-06 0.00026022 9.69383e-05 0.000195894 -0.000558202 1.83926e-06 5.20236e-07 0.000146895 -5.84849e-06 0.000213995 6.2567e-05 3.6726e-05 0.000135421 -5.08177e-07 -0.000471596 2.43038e-06 0.000127559 1.10439e-05 1.47688e-05 7.07093e-07 0.000410823 1.09992e-07 2.04334e-06 0.000205011 1.4645e-05 1.07984e-06 -0.000293293 1.14933e-07 1.74561e-06 6.42064e-05 5.32383e-05 -0.00057125 1.42509e-05 2.52232e-09 1.43349e-05 9.87066e-05 2.58248e-05 1.22576e-06 0.000252666 0.000235625 1.49704e-06 4.07154e-05 2.92667e-05 0.000135584 4.00723e-06 0.000202944 0.000138391 5.42232e-05 2.72351e-05 2.93018e-05 -0.000516431 7.00624e-07 6.65026e-07 1.95652e-06 4.56942e-07 4.9058e-06 8.2046e-06 -0.000513251 2.08324e-06 5.14253e-06 1.4913e-05 0.000133367 -7.642e-06 3.33031e-07 0.00012895 3.73699e-06 1.15362e-05 7.05718e-07 5.61191e-06 
-0.000290104 -0.00014805 -1.52095e-05 -0.00304382 -5.20979e-06 -0.00016101 -0.000308783 -0.0128489 -0.000523593 -0.000439613 0.0724034 0.00123869 -0.000341922 -0.0294487 -5.51464e-05 -0.0106598 -0.00048608 -4.8416e-05 0.00541475 0.00613064 -0.0018897 -0.0158293 0.000552062 0.00759616 0.00219905 -0.00834669 -0.0221275 -0.000162588 -6.80035e-07 0.000599445 4.16392e-05 -0.00025629 -0.000913493 -0.000680675 -0.00599536 0.027844 -0.000120523 -0.000385168 -0.000922989 0.000421767 -8.54296e-05 -0.000853557 -4.11011e-05 -0.00064128 -0.000180445 0.0066128 -0.00021374 -0.000179661 -8.21699e-05 -6.8066e-05 -4.0089e-06 -0.000367625 -1.77498e-05 -3.62278e-05 -0.000162669 -0.000338361 -0.000175999 -0.00783661 -0.000238462 -0.000504863 -0.00169173 -0.000198291 0.00768454 6.03317e-05 -2.92968e-06 -0.00019247 -0.000908273 -0.000608842 -4.50598e-05 -0.00025077 0.00283964 -0.000418871 -0.000170419 -0.000101533 0.000721991 -5.93328e-05 -0.00295061 -0.000626778 -0.000872389 -0.00186767 -0.000187827 0.0017869 -5.2115e-05 -0.000740156 -0.000680664 -9.3944e-06 -0.00042639 -0.00079884 0.00487081 -1.05775e-05 -0.000399922 -0.00117705 -0.00233835 0.000217325 7.60248e-07 -0.00112397 -0.00050924 -9.40983e-05 -1.79636e-05 -0.0012207 
-0.000285732 -1.13766e-06 -7.80057e-05 -0.000202792 -6.3862e-06 -9.34127e-06 -3.0981e-05 5.30319e-05 -0.000100899 -0.000233579 0.00123869 0.00235474 -0.000243663 0.000170395 -8.38838e-06 -0.00100084 -0.000249389 -1.62662e-05 0.00103229 0.000703732 -0.000560239 -0.000569976 3.82844e-05 0.00121817 0.00108456 4.43873e-05 -4.29522e-05 -0.000163426 -5.45295e-07 -6.20688e-05 -0.000700993 -0.000265974 -0.000164457 -0.000215462 -0.00111634 0.00104111 -8.15904e-05 -4.61859e-05 -0.00054222 -0.000472856 -0.0007601 -0.000313042 -7.73713e-06 -0.000468869 -0.000118637 0.00132082 -1.82168e-05 -0.000183208 -8.5156e-05 -0.000345381 -2.59776e-06 -0.000225604 -1.51007e-05 -3.38394e-05 -9.70265e-05 -0.000303304 -0.000150823 0.000541425 -0.000248084 2.34495e-06 -0.000196856 -0.000508202 0.00136804 -1.7741e-05 -3.23524e-06 -0.000139455 -0.000291392 -0.000185099 -6.92654e-05 -0.000178933 -7.59826e-05 -0.000354155 -8.48873e-06 -0.000109803 -8.90529e-05 -4.60041e-05 -0.000210077 -0.000527278 0.000613384 0.000980791 -8.06815e-05 0.00120246 -5.05286e-05 -3.81667e-05 -0.000365264 -4.64253e-06 -1.40091e-05 -0.000570492 0.00143103 -1.49607e-06 -0.000217865 -0.000135236 -0.000525074 -1.85934e-05 -1.1616e-05 -1.96917e-05 -0.000451227 -5.63913e-05 -1.38459e-05 -4.40345e-06 
1.38038e-05 -1.40624e-05 6.40605e-06 0.000332018 1.79976e-07 0.00037295 2.29007e-06 -0.000266505 3.29069e-05 2.07676e-05 -0.000341922 -0.000243663 0.00142171 0.000246704 -2.64177e-08 0.000571538 4.79763e-06 1.33375e-05 -0.000440789 -0.000344264 0.000235786 1.92828e-05 -0.000275616 -0.000354123 -0.000484713 -0.000142254 0.000170216 1.54762e-05 -2.83798e-09 6.55144e-05 0.000174916 2.31819e-06 5.15763e-05 0.000114811 0.000324734 -0.000576223 8.02375e-06 -9.62977e-07 0.000127015 -1.28875e-06 0.000124013 6.21011e-06 4.25829e-07 6.02038e-05 -3.04243e-07 -0.00063461 1.1241e-05 1.01419e-05 -1.61972e-07 5.1643e-06 3.61873e-07 1.4781e-05 1.09189e-05 5.87759e-06 8.62446e-06 4.36791e-05 4.10808e-05 -0.000391203 3.06743e-05 -6.42252e-06 -6.43438e-06 0.000244654 -0.000160597 -9.83837e-07 1.59776e-07 8.66005e-06 0.000173259 2.45442e-05 9.19188e-07 -1.66501e-07 -5.43971e-05 4.9362e-05 4.69515e-06 5.97062e-06 -3.16295e-05 1.40281e-05 1.08765e-05 5.66819e-05 -0.000151446 -0.000591239 0.00020548 -0.000143919 -3.64761e-07 3.32403e-06 0.000157729 6.64474e-06 1.49574e-05 8.57208e-05 -0.000667068 3.7784e-07 7.22499e-05 2.05262e-05 0.000144361 -1.85977e-06 -3.38471e-07 0.000180328 9.6147e-05 2.21319e-07 5.09941e-07 2.46958e-05 
-6.93499e-05 -0.0016005 -0.000122178 0.000927722 6.6245e-06 -0.000205267 0.000761127 -0.021996 0.00424871 0.00013168 -0.0294487 0.000170395 0.000246704 0.165888 -1.59462e-05 0.0151419 0.000154574 6.23139e-06 -0.00735909 -0.0188783 0.00113646 0.0195617 0.0111477 -0.00526283 -0.00119595 0.0107684 0.0259889 -3.31734e-05 2.08106e-07 0.00179939 -0.00225098 -4.28939e-05 0.000440653 -3.52613e-05 -0.00262396 -0.0938653 3.4276e-05 0.000752865 0.00122715 -0.000710627 -0.000396599 0.000842849 1.7546e-05 -3.59662e-05 0.000110217 -0.00465741 0.000402716 -2.1325e-05 -1.78034e-05 -2.42325e-05 -1.8851e-06 5.5617e-05 5.0432e-07 8.24174e-05 -6.71586e-06 -1.34831e-05 5.40577e-06 -0.0466799 -8.60674e-05 -1.48588e-05 0.000608014 0.00196737 -0.0238717 -0.000114853 -9.16304e-07 1.01596e-05 -0.00652533 0.000513062 -1.35985e-05 -8.52699e-05 -0.002475 9.02363e-05 0.00013193 4.87232e-05 0.00761314 3.87439e-05 0.0309173 0.000262886 0.0206536 -0.030805 -0.000767029 -0.0177529 -3.24602e-05 -0.000300659 0.000153967 0.000123903 0.000407516 0.00179957 -0.009495 8.49601e-06 -0.00235162 0.00110466 0.00115807 -0.00243912 -2.70804e-05 0.00200023 -7.72941e-05 -2.33727e-05 1.17272e-05 0.00314841 
1.73581e-06 -2.73949e-06 1.96786e-05 -4.05228e-06 -1.15681e-07 2.53464e-05 6.6196e-06 0.000206374 1.0422e-05 1.76984e-06 -5.51464e-05 -8.38838e-06 -2.64177e-08 -1.59462e-05 0.000809244 -9.16448e-06 3.01216e-05 3.29635e-07 -6.66177e-05 -3.63208e-05 -2.73797e-06 -1.99885e-05 -6.20148e-05 1.86804e-05 -6.91661e-05 -6.32433e-05 -0.000247241 9.47573e-07 -1.6144e-09 -1.79452e-05 7.19083e-06 8.9143e-07 4.35789e-06 4.53361e-06 -2.6432e-05 -1.67014e-05 7.93191e-07 2.02736e-06 8.16176e-06 -1.5817e-07 1.18842e-05 1.64459e-05 -2.4548e-08 -5.30659e-07 -6.8707e-07 1.23833e-05 9.19075e-07 -1.76844e-08 2.63188e-09 7.26062e-06 3.11254e-08 6.28745e-09 -1.57715e-08 2.29133e-07 2.21504e-07 1.82337e-06 4.05974e-08 -4.85935e-05 8.73715e-07 -3.52943e-06 4.29693e-05 6.65086e-06 2.8632e-06 5.42059e-07 -3.91992e-09 4.34949e-06 -3.32909e-05 1.23173e-05 5.50054e-06 3.04411e-08 1.66861e-06 6.09709e-06 1.74418e-08 2.19814e-06 -6.25246e-05 1.41703e-06 -0.000180913 8.64159e-07 6.37892e-06 -0.000253292 1.94142e-05 -2.69015e-06 1.02504e-07 1.57257e-06 -6.86542e-07 1.47659e-06 -6.15733e-08 3.00385e-07 -4.33199e-05 8.94703e-08 8.54849e-07 3.02462e-05 -2.10934e-06 -3.47906e-06 -2.20984e-07 -1.2512e-06 2.8009e-06 -1.23917e-07 -9.8635e-08 -4.56845e-07 
0.000165035 0.000693308 3.9398e-05 0.00280788 2.7053e-05 0.00184918 0.000241204 0.00741276 -0.000309305 -1.34683e-05 -0.0106598 -0.00100084 0.000571538 0.0151419 -9.16448e-06 0.0400309 0.000228204 6.27349e-05 -0.0119851 -0.00249449 0.00380589 0.00122902 -0.0102398 -0.00518288 -0.00133096 -0.0028594 0.0197315 0.000149806 7.2006e-07 -0.000324554 0.00159673 8.66599e-05 0.000362478 0.000406274 7.8581e-05 -0.0141305 0.000121942 0.000457888 -1.31939e-05 0.0039194 0.00307565 0.000537693 2.40196e-07 0.000497976 -5.0146e-05 -0.00235533 0.000260657 2.86039e-05 4.05528e-05 0.000676092 1.09029e-06 -2.50179e-05 1.81531e-05 7.06159e-05 -1.20117e-05 -1.90207e-06 0.000184524 -0.00781186 1.88947e-05 -9.39058e-05 0.000171453 0.00327061 -0.00536886 -2.57406e-05 3.00447e-06 4.65613e-06 -0.000575775 7.59053e-05 5.31991e-05 -2.72016e-05 -0.00278254 0.000251546 1.81874e-05 8.38958e-05 -0.00278631 3.86995e-05 0.00334343 0.000206441 -0.0115248 -0.0190524 0.000358597 -0.00330098 2.33336e-05 0.000171859 0.000569369 4.10176e-05 0.000207779 0.00469771 -0.0072667 2.80254e-07 -0.000255781 0.000797926 0.000721905 0.000727632 -7.87209e-06 0.000540656 0.000371386 -1.09394e-06 2.54889e-06 0.00049799 
6.21662e-05 -7.73744e-06 2.98796e-05 1.69417e-05 4.54477e-08 1.9143e-05 3.6325e-05 -6.44298e-06 0.000134423 2.91319e-06 -0.00048608 -0.000249389 4.79763e-06 0.000154574 3.01216e-05 0.000228204 0.000684844 6.79661e-06 -0.000277018 -0.000311727 4.31116e-05 0.000172869 -1.55586e-05 -0.000222252 -0.000402188 2.71631e-05 -0.000117108 5.90149e-05 9.53006e-08 7.24406e-07 9.77131e-05 0.000130273 1.57646e-05 8.72561e-05 -2.4045e-06 -0.000374463 5.6006e-05 3.76647e-06 9.73217e-05 9.23322e-05 7.89927e-05 0.000231919 1.23282e-06 4.92569e-05 3.71517e-05 -0.000202786 2.25607e-05 3.30144e-06 5.20204e-05 8.48787e-05 7.8967e-07 1.46454e-06 1.22999e-06 6.14593e-06 3.06024e-06 7.33572e-05 5.51385e-05 -0.000133064 5.34598e-05 9.93755e-07 6.67181e-05 3.97713e-05 -0.00040782 -1.622e-08 2.86335e-06 5.98232e-05 -9.07387e-06 5.69475e-05 9.21045e-06 9.76517e-07 0.000200543 9.78468e-05 6.44243e-07 6.07233e-05 0.000139371 1.62677e-05 -0.000136107 2.23202e-05 -0.000135403 -0.000277169 4.16563e-05 -0.00036325 2.15811e-05 1.84075e-05 0.000134936 3.5248e-06 2.64671e-05 5.05635e-05 -0.000408242 1.27243e-07 2.81055e-06 0.000107913 3.42685e-05 -6.91553e-06 2.05968e-06 3.666e-05 0.000180414 1.77082e-05 2.5032e-06 4.50467e-05 
1.09253e-06 -2.66325e-06 -1.41625e-07 1.82889e-05 4.42761e-08 4.47737e-05 -1.98866e-07 -5.97614e-05 -2.95248e-06 -1.30793e-07 -4.8416e-05 -1.62662e-05 1.33375e-05 6.23139e-06 3.29635e-07 6.27349e-05 6.79661e-06 0.000296695 -1.98968e-05 -1.49227e-05 1.75153e-05 1.95559e-05 -1.92081e-05 -6.83259e-05 -3.57792e-05 -3.9839e-05 0.000114626 2.61626e-06 -5.91588e-10 -2.9938e-06 4.02153e-07 6.06242e-07 4.81964e-06 7.7741e-06 -2.44497e-06 -4.97806e-05 2.7602e-06 2.35304e-06 3.85638e-07 1.25692e-05 -4.31772e-07 2.32582e-06 9.24542e-08 9.57106e-06 -4.33774e-07 -3.50986e-05 9.10354e-07 4.18553e-07 3.55415e-08 2.89055e-06 -4.47351e-09 -1.37688e-07 3.37554e-07 4.89029e-06 1.83929e-09 -3.33332e-08 5.04983e-06 -1.00534e-05 3.02845e-06 3.73617e-06 -1.76701e-06 1.79047e-06 -1.20524e-05 -1.29171e-07 -1.43643e-09 2.9108e-07 5.41541e-06 -2.10989e-07 2.05474e-06 -8.75932e-08 -2.26134e-05 1.00464e-05 2.4841e-06 1.25135e-06 -2.59298e-05 2.86027e-08 -4.50295e-05 -1.13699e-07 -8.33075e-05 -0.000133654 2.61564e-05 1.58228e-05 3.66396e-06 4.95099e-06 2.29096e-05 3.36024e-06 -7.41299e-08 3.38618e-06 -5.49771e-05 -1.85163e-08 -2.87043e-06 7.1171e-06 1.68669e-05 -2.22305e-06 -8.09783e-08 1.3705e-05 3.89566e-06 1.63884e-06 9.71891e-08 -1.47407e-06 
-0.000196045 -0.00160175 -0.00010131 -0.002796 -7.40992e-06 -0.000672364 -0.000258843 -0.00609166 -0.00191727 -1.84763e-05 0.00541475 0.00103229 -0.000440789 -0.00735909 -6.66177e-05 -0.0119851 -0.000277018 -1.98968e-05 0.0268022 0.00530895 -0.000690307 -0.00118718 0.00787485 0.000640763 0.00122513 -0.00856043 -0.00574685 -0.000172816 -7.71727e-07 -0.000143455 -0.00212165 -0.000241452 -0.000139849 -0.000543246 -0.00151601 0.00477072 -0.000118058 -0.000144264 -0.000617821 -0.00305325 -0.0034732 -0.000475986 -1.25039e-05 -0.000163728 -0.000162963 0.00239677 -0.000167606 -5.69002e-05 -6.84132e-05 -0.000893901 -4.77788e-06 -3.71206e-05 -1.87166e-05 -4.53771e-05 -1.71528e-06 -0.000253704 -0.000160516 0.00280856 -0.000190051 -0.000303714 -0.000541275 -0.00304547 0.00814579 -6.94174e-05 -3.13993e-06 -0.000165757 -0.000350412 -0.000593935 -0.000108662 -6.17289e-06 3.59625e-05 -0.000187303 -4.74716e-05 -6.98789e-05 -0.000909141 -5.16755e-05 0.00363713 -0.00037091 0.00367678 0.00365105 -0.000679101 0.00180218 -4.72787e-05 -0.000272234 -0.000405145 -4.77504e-05 -0.000501994 -0.00459661 0.00383057 -1.46042e-06 0.000142586 -0.000636513 -0.000351948 -0.000676379 -1.59163e-05 -0.00146294 -0.000517946 -1.57396e-05 -2.49667e-05 -0.00112455 
-0.000250936 -6.29746e-05 -4.27449e-05 -0.00154073 -1.95658e-05 -0.000405599 -4.20886e-05 0.00277607 -0.00172269 -0.000550255 0.00613064 0.000703732 -0.000344264 -0.0188783 -3.63208e-05 -0.00249449 -0.000311727 -1.49227e-05 0.00530895 0.0354323 -0.0013231 -0.00581201 -0.00481328 0.00586417 0.00217884 -0.0103355 0.00359232 -0.000131409 -4.86674e-07 0.000425892 -0.00152962 -0.000267038 -0.000317412 -0.000526754 -0.00163611 0.0118638 -0.00011978 3.41086e-05 -0.00112777 -0.000563483 -0.00126751 -0.00103792 -5.40086e-05 -0.000166585 -0.000927312 0.00294711 -0.000342952 -0.00015261 -8.5259e-05 -0.000383557 -4.58885e-06 -0.00045421 -1.36903e-05 -3.0813e-05 -0.000229824 -0.000257518 -0.000137534 0.00811006 -0.000120178 -7.92987e-05 -0.00044762 -0.00095467 0.0101578 -7.49323e-05 -3.09529e-06 -0.000155274 0.000941358 -0.000514153 -5.22827e-05 -0.00028064 -0.00261363 -0.000110777 -0.000133571 -9.5e-05 -0.012693 -5.24156e-05 -0.0118727 -0.000450724 -0.00284624 -0.00135333 -9.24303e-05 0.00590037 -2.65422e-05 -0.000284375 -0.000321658 -6.22981e-05 -0.000418531 -0.00114081 0.00174248 -4.62829e-06 0.0004878 -0.00112678 -0.000959568 -8.2242e-05 -4.3193e-05 -0.00211807 -0.000430344 -4.76669e-05 -4.94167e-05 -0.00171837 
5.22374e-06 -3.17862e-05 1.84059e-05 0.000326756 4.31646e-06 -4.49688e-06 5.58532e-05 0.0051492 -7.44002e-05 0.00010684 -0.0018897 -0.000560239 0.000235786 0.00113646 -2.73797e-06 0.00380589 4.31116e-05 1.75153e-05 -0.000690307 -0.0013231 0.011055 0.000357178 -0.00187579 -0.00214046 -0.000705594 -0.00164968 0.00131137 1.53207e-07 2.77146e-08 6.58699e-06 0.000503013 4.13481e-05 0.000269758 6.18958e-05 0.000734015 -0.00179366 2.32629e-05 4.76166e-05 3.60494e-05 0.00110943 0.000518212 4.86982e-05 1.63571e-06 0.000354769 5.86762e-05 -0.00151552 8.46136e-06 8.67419e-05 1.10419e-05 0.000155647 2.22148e-06 8.48986e-05 1.15523e-05 7.45381e-06 -5.04456e-07 3.98694e-05 8.13632e-05 -0.00202092 4.35543e-09 -7.22841e-06 -2.61297e-05 0.000127336 -0.00109302 1.94323e-05 -5.41109e-08 1.10154e-06 -0.000410342 8.32698e-06 -3.00968e-07 5.41209e-05 -0.000896448 0.0001391 6.06074e-06 4.74384e-05 -0.000618939 1.04772e-05 0.00198059 0.000210996 -0.00306422 -0.00664808 -1.23331e-05 -0.00143074 4.70903e-06 6.05263e-05 0.000134919 5.53336e-06 8.12152e-06 0.000343285 -0.00148104 -3.47517e-07 -4.52194e-05 -5.15783e-05 0.000547966 0.00026733 -4.77151e-07 1.25066e-05 0.000106966 1.51903e-05 2.88843e-06 1.72251e-05 
-1.52509e-06 -0.000360977 3.4724e-05 0.000198239 -2.92623e-06 -0.000346479 7.25447e-05 -0.00978221 0.00105099 0.000185771 -0.0158293 -0.000569976 1.92828e-05 0.0195617 -1.99885e-05 0.00122902 0.000172869 1.95559e-05 -0.00118718 -0.00581201 0.000357178 0.0373223 0.0122285 -0.00562925 -0.00126179 0.015153 0.00139286 -3.55114e-06 5.93201e-09 -0.000354783 -0.000366047 0.000156098 0.000240698 9.41978e-06 0.00126741 -0.0196763 4.44569e-05 8.51216e-06 0.0011176 -0.000190712 -0.000152214 0.000489958 1.32677e-05 0.000470815 0.00037706 -0.00784918 0.000135723 9.73382e-06 5.7349e-06 -3.84132e-05 -5.01966e-07 0.000110915 1.14718e-06 -2.7295e-06 -1.8147e-06 0.000323426 4.00557e-05 -0.0114121 0.000178993 0.000425376 -0.000104505 0.00102606 -0.0163508 -1.88713e-05 -1.87938e-07 0.00011344 -0.00129976 0.000394752 7.0801e-06 4.08881e-05 -0.00114712 0.000249116 9.3249e-05 1.83252e-05 0.00662224 1.04037e-05 0.00323908 0.000338852 0.00343928 -0.000950453 -0.000291023 -0.0097957 2.67384e-05 3.43725e-05 0.000205495 -5.62767e-06 8.34496e-05 -0.000157414 -0.00111851 8.91739e-06 -0.000596782 0.000171201 0.00168638 -0.000409892 -4.16159e-06 0.000604793 0.000161133 2.40981e-05 2.2791e-05 5.57401e-05 
-7.88754e-05 -0.0030648 -5.0505e-05 -0.0025972 -1.52187e-06 -0.00224635 -0.000337528 -0.0972962 0.00108715 -0.000115436 0.000552062 3.82844e-05 -0.000275616 0.0111477 -6.20148e-05 -0.0102398 -1.55586e-05 -1.92081e-05 0.00787485 -0.00481328 -0.00187579 0.0122285 0.245952 -0.00400272 0.000464446 -0.0281624 -0.0232914 -4.05598e-05 -4.43169e-07 -0.00469763 -0.00230046 9.79403e-05 -0.00021919 0.000187976 -0.00756819 -0.0258057 3.3319e-05 -0.000446679 0.000196448 -0.00200407 -0.0023808 0.000284014 -1.04383e-05 -0.000207008 -4.12814e-05 -0.0044239 -9.7874e-05 -6.04147e-05 1.30042e-05 -0.000344917 -4.08092e-06 -7.71873e-05 -7.02096e-06 -2.24567e-05 -3.74831e-05 1.15591e-05 4.45884e-05 -0.119116 6.60373e-05 -6.59079e-05 -0.00144863 -0.00528283 -0.00443679 0.000163949 -1.78871e-06 6.1767e-05 -0.0142511 -0.000268899 6.3186e-05 -0.000204954 0.027398 4.237e-05 3.32453e-05 -5.5505e-05 -0.00492189 -3.40381e-05 0.07057 -1.16981e-05 0.0386474 -0.0150059 -0.00230307 -0.00870554 4.73647e-05 0.000540658 -9.72638e-05 1.60503e-06 -0.000143521 -0.00247223 0.00357461 9.49805e-06 -0.00455718 -0.00185861 1.8512e-05 -0.00473586 5.34476e-05 -0.000146084 -4.53093e-05 0.000133495 -2.6541e-05 -0.0020978 
-0.000302947 0.000384954 -6.46946e-05 -0.00224184 -1.73993e-05 -8.54785e-05 -2.93362e-07 -0.000525794 -0.000241863 -0.00043705 0.00759616 0.00121817 -0.000354123 -0.00526283 1.86804e-05 -0.00518288 -0.000222252 -6.83259e-05 0.000640763 0.00586417 -0.00214046 -0.00562925 -0.00400272 0.0315653 0.00168596 0.000899676 -0.00874462 -0.000173891 -5.88291e-07 1.81298e-05 -0.00268402 -0.000251674 -0.000422191 -0.000436877 -0.0101195 0.00887643 -0.000100378 -0.000142883 -0.000794563 -0.000377531 -0.000765472 -0.000603556 -3.50276e-05 -0.000763958 -0.000443465 0.00551281 -0.000361298 -0.000182944 -7.92181e-05 -0.00018573 -3.28482e-06 -0.000372515 -1.86379e-05 -3.35224e-05 -0.000202065 -0.000285102 -0.000175596 0.00352451 -0.000234404 -0.000200468 -0.000191241 -0.00024264 0.00392407 -3.02112e-05 -3.1154e-06 -0.000128769 0.000324455 -0.000153637 -6.72399e-05 -0.000271787 -0.000902915 -0.000347408 -7.82569e-05 -0.000102925 -0.000685382 -4.99019e-05 -0.0138838 -0.000531036 -0.00218822 0.00229282 -3.31544e-05 0.00374796 -7.35935e-05 -0.000130363 -0.000550215 -1.01181e-05 -2.21326e-05 -0.000185239 0.00173908 -1.30142e-05 2.50635e-05 -0.000164451 -0.00207605 0.00014861 -2.98268e-05 -0.000148896 -0.000489388 -6.47167e-05 -2.74594e-05 -0.000155497 
-0.00032273 0.000107652 -0.000100741 -0.000620093 -6.73959e-06 -0.000236023 -7.57068e-05 0.00119002 -0.000724658 -0.000486555 0.00219905 0.00108456 -0.000484713 -0.00119595 -6.91661e-05 -0.00133096 -0.000402188 -3.57792e-05 0.00122513 0.00217884 -0.000705594 -0.00126179 0.000464446 0.00168596 0.00950244 -0.00166614 -0.000170634 -0.000169935 1.57917e-08 -0.000286659 -0.000505729 -0.000273639 -0.000408624 -0.000494222 -0.00171982 0.0026695 -9.97311e-05 -7.72371e-05 -0.00105542 -0.000236617 -0.000606184 -0.00081501 -4.58528e-05 -0.000737489 -0.000167927 0.00181329 -0.00010087 -0.000161297 -8.7716e-05 -0.000148275 -3.17538e-06 -0.000440497 -1.47765e-05 -3.56096e-05 -0.00027697 -0.000364734 -0.000167442 0.000932551 -0.000218934 2.00779e-05 -0.000200762 -0.000831316 0.00284808 -1.37861e-05 -3.33356e-06 -0.000184894 -0.000861438 -0.000453278 -8.28029e-05 -0.000292854 -0.00152545 -0.000448494 -6.48427e-05 -0.000103296 -0.00291237 -5.58117e-05 -0.00237114 -0.000468489 0.000267818 0.00191617 -0.00076532 0.00301891 -5.53519e-05 -1.78747e-05 -0.000415234 -9.13972e-05 -0.000122523 -0.000227292 0.0027989 -4.72473e-06 -0.000179983 -0.00114806 -0.000730022 -6.44112e-06 -2.39954e-05 -0.000769716 -0.000521084 -5.68051e-05 -1.73249e-05 -0.000279376 
-5.47677e-05 -0.00101826 -8.06665e-05 -6.16281e-05 -1.93025e-05 -0.00171605 2.94876e-05 -0.0173865 0.00219184 0.000113421 -0.00834669 4.43873e-05 -0.000142254 0.0107684 -6.32433e-05 -0.0028594 2.71631e-05 -3.9839e-05 -0.00856043 -0.0103355 -0.00164968 0.015153 -0.0281624 0.000899676 -0.00166614 0.142929 -0.0402836 -2.77962e-05 7.89199e-08 -0.00286968 -0.00089083 4.93973e-05 5.74427e-05 -0.000206804 0.00179029 -0.00120103 6.04351e-06 -2.03159e-05 0.00151884 -0.00127131 -6.71058e-05 0.000539445 2.73618e-05 0.000230143 0.00074447 -0.00582177 2.35974e-05 -1.24002e-05 -1.37379e-05 -0.000133913 -1.3441e-07 9.06265e-05 -3.36465e-06 -3.88849e-05 7.01439e-05 0.000243534 -5.06793e-05 -0.0116431 6.20074e-05 0.00142373 -0.000247072 -0.000236305 -0.0271214 -2.52603e-05 -7.22935e-07 6.91655e-05 -0.00608535 0.000571058 0.000174309 5.77467e-05 -0.00544275 -2.06513e-05 6.09102e-05 3.13854e-05 0.0250612 3.79958e-05 -0.021433 0.00020197 0.0188078 0.0128474 0.000180681 -0.0284961 -8.73025e-06 -0.000581474 -0.000104017 -1.91261e-05 0.000288765 0.000697768 -6.99836e-05 1.32901e-05 -0.00230041 4.0046e-06 0.000363391 -0.00202887 -1.43743e-05 0.00167669 3.89929e-09 -2.1857e-06 6.62907e-05 0.000711863 
-6.18632e-05 0.000612129 -0.000214081 0.00234919 3.61849e-05 0.00288878 6.54977e-05 -0.00345083 -0.00521819 -0.000308961 -0.0221275 -4.29522e-05 0.000170216 0.0259889 -0.000247241 0.0197315 -0.000117108 0.000114626 -0.00574685 0.00359232 0.00131137 0.00139286 -0.0232914 -0.00874462 -0.000170634 -0.0402836 0.249579 1.25672e-05 8.74245e-07 0.00552015 -0.00171259 -9.34843e-05 -8.21622e-05 -0.000447518 -0.00527938 -0.0477255 1.77969e-05 0.000329402 -0.000246586 0.00154001 0.000764267 7.44056e-05 -2.76633e-05 0.000119002 -0.000675794 -0.00177675 0.000332981 -4.63122e-05 -3.33737e-05 -9.65464e-05 -7.90629e-07 -0.000307261 9.11968e-06 0.000107916 -0.000170762 -0.000200475 8.84918e-06 0.0139197 -9.50775e-05 -0.000658841 -0.00221011 0.000791151 0.00942857 -0.000271523 1.94267e-06 -9.73466e-05 0.0106313 -0.000273319 -0.000116431 -0.000244513 -0.0405759 1.87771e-05 -1.14172e-05 -3.43583e-05 -0.0479117 -1.99205e-05 -0.0171348 -4.3043e-05 -0.0608638 -0.0357426 -0.000196112 0.0230447 -8.55499e-06 6.65956e-05 0.000313162 -3.39227e-06 -0.000165991 0.00255901 -0.00244068 6.35885e-06 -0.00189685 0.000684041 0.00121005 0.00330254 -7.76399e-05 -0.000664476 1.19535e-05 -6.05532e-05 -2.89537e-05 -0.00186284 
0.000143519 -8.85577e-07 3.99681e-06 4.55008e-05 9.99197e-07 7.08802e-06 3.44995e-07 -3.01286e-05 -1.04001e-06 1.5722e-05 -0.000162588 -0.000163426 1.54762e-05 -3.31734e-05 9.47573e-07 0.000149806 5.90149e-05 2.61626e-06 -0.000172816 -0.000131409 1.53207e-07 -3.55114e-06 -4.05598e-05 -0.000173891 -0.000169935 -2.77962e-05 1.25672e-05 0.000192283 -3.83358e-10 -3.59934e-06 0.000172984 5.05491e-05 7.38243e-06 0.000103443 -7.06868e-06 -0.000143265 2.28899e-05 2.84459e-05 1.27182e-06 7.10451e-05 0.00012708 6.44819e-05 4.21863e-06 5.41812e-05 2.52224e-06 -0.00016649 3.63346e-07 9.26018e-06 4.27443e-05 5.54714e-05 7.83768e-07 1.37074e-05 3.61292e-06 1.84883e-05 1.11499e-05 2.17298e-06 4.90849e-05 -6.3805e-05 1.62249e-05 -8.4205e-07 1.13632e-05 3.27625e-05 -0.000169736 5.45146e-07 3.12907e-06 9.09846e-07 9.25512e-05 3.74901e-07 3.71039e-05 1.89235e-05 6.76926e-05 6.27982e-05 2.06711e-06 1.81996e-05 -1.69396e-05 2.85665e-05 -4.60634e-05 2.0411e-05 -0.00016013 -0.000146597 2.71163e-05 -0.00016732 8.23739e-06 1.44227e-05 0.000116965 2.82824e-07 5.58521e-07 3.96054e-05 -0.000182074 5.54668e-07 -4.3976e-07 1.58072e-05 1.3358e-05 -2.3222e-06 1.13752e-06 2.25093e-05 0.000144324 3.81912e-07 3.99113e-08 1.59802e-06 
-6.99441e-10 -2.71787e-08 -1.24227e-09 5.28363e-07 -2.84714e-10 -2.39974e-08 -3.12673e-09 2.16893e-07 -1.26554e-09 -1.70683e-09 -6.80035e-07 -5.45295e-07 -2.83798e-09 2.08106e-07 -1.6144e-09 7.2006e-07 9.53006e-08 -5.91588e-10 -7.71727e-07 -4.86674e-07 2.77146e-08 5.93201e-09 -4.43169e-07 -5.88291e-07 1.57917e-08 7.89199e-08 8.74245e-07 -3.83358e-10 1.99333e-06 -5.79662e-08 1.09191e-07 -5.62559e-10 6.63937e-09 -3.66651e-09 4.76976e-07 -8.59129e-07 9.63546e-08 4.0677e-09 -7.30546e-09 3.71034e-07 9.51447e-08 -3.67736e-09 -1.17846e-10 9.32932e-08 -2.91342e-09 -6.15351e-07 -1.52002e-09 9.58729e-09 -2.31439e-10 -2.36944e-09 -3.00462e-11 -1.30537e-09 -3.88168e-11 -5.35396e-10 -7.26457e-10 -1.07463e-09 -6.05628e-10 -4.78803e-07 -9.50727e-10 -9.384e-09 -6.03228e-09 -2.1206e-08 -1.20011e-06 -2.05414e-09 -9.64773e-12 -4.85284e-10 8.71736e-09 6.42645e-08 9.89348e-08 -1.48384e-09 -1.89024e-07 9.5232e-08 -3.75478e-10 -3.49152e-10 -2.16809e-07 -2.78043e-10 6.53597e-07 4.54224e-07 -8.15195e-07 -2.90965e-07 -1.67259e-08 -7.32117e-07 -5.10692e-10 5.98748e-07 5.37982e-07 -5.5806e-10 -1.25909e-09 1.9779e-07 -2.44259e-07 -1.24364e-10 -3.21971e-08 -1.64748e-08 5.34382e-07 7.3651e-08 -5.43888e-10 -6.95176e-09 9.54957e-08 -5.67515e-10 -2.42761e-10 -1.46692e-08 
-9.53722e-06 -0.000299163 -9.73629e-06 -3.87021e-05 -9.70263e-07 0.000379864 -3.29914e-05 -0.00525158 -0.000200391 -9.59702e-06 0.000599445 -6.20688e-05 6.55144e-05 0.00179939 -1.79452e-05 -0.000324554 7.24406e-07 -2.9938e-06 -0.000143455 0.000425892 6.58699e-06 -0.000354783 -0.00469763 1.81298e-05 -0.000286659 -0.00286968 0.00552015 -3.59934e-06 -5.79662e-08 0.0282344 -0.000101795 -5.7103e-06 -1.80204e-05 5.72393e-06 -0.00107342 -0.00414995 -1.75982e-06 3.52713e-05 -2.42567e-05 -0.000173458 -5.00683e-05 5.9039e-05 -1.09921e-06 -2.73844e-05 -3.93362e-05 -0.000567867 1.97049e-05 -4.66082e-06 -2.41972e-06 -2.42268e-05 -4.38333e-07 -8.58363e-06 7.58705e-06 4.75026e-05 -7.95469e-06 -1.53508e-05 3.1058e-05 0.000745785 -1.27065e-05 0.00016285 -0.000193129 0.000358677 0.00044404 -2.78338e-05 -1.34081e-07 -5.8563e-06 -0.00104895 2.03255e-05 -3.71635e-06 -7.39393e-06 -0.00260609 6.73004e-06 1.3699e-05 5.75301e-06 -0.00203842 8.27039e-06 -0.00588678 1.972e-05 -0.00327177 -0.00331843 7.12432e-07 0.00035627 1.04764e-05 -9.52541e-05 1.92085e-05 2.34533e-06 5.46416e-05 -5.98429e-05 -0.000794086 1.14236e-06 0.000723228 0.000174019 -3.98011e-05 4.32035e-05 -6.79791e-06 -5.66067e-05 4.00564e-07 -6.48594e-06 6.45108e-07 -3.4171e-05 
0.00031125 -4.84955e-05 4.88953e-05 0.000226475 6.57673e-06 0.000108547 1.61862e-07 0.0030227 6.86329e-05 0.000234243 4.16392e-05 -0.000700993 0.000174916 -0.00225098 7.19083e-06 0.00159673 9.77131e-05 4.02153e-07 -0.00212165 -0.00152962 0.000503013 -0.000366047 -0.00230046 -0.00268402 -0.000505729 -0.00089083 -0.00171259 0.000172984 1.09191e-07 -0.000101795 0.0119649 0.000104205 0.000111554 0.000376209 2.49867e-05 0.000476693 4.93703e-05 4.73319e-05 0.000116045 0.00130377 0.00293628 0.00016461 1.7544e-05 0.000205103 8.55446e-05 -0.000968582 6.80094e-06 9.96924e-05 8.36038e-05 0.0006061 3.5141e-06 0.000263688 1.65341e-05 2.31069e-05 0.000159746 4.03472e-05 0.000120307 -0.000997342 4.18933e-05 -3.78009e-05 -2.41061e-05 0.000701071 -0.00229002 -1.58439e-06 3.03805e-06 1.01114e-05 0.000552866 8.68092e-06 5.00945e-05 0.000171551 -1.34195e-05 0.000103153 3.46525e-06 7.36619e-05 0.000186125 4.27606e-05 -0.000801867 0.000175091 -0.00301986 -0.00263312 8.24063e-05 -0.00218884 1.2297e-05 0.000132769 0.000266456 3.94254e-06 7.39306e-06 0.000962419 -0.00191022 6.81025e-07 7.19291e-05 -5.15315e-05 6.48273e-05 2.39622e-05 4.96865e-06 6.14575e-05 0.000342959 8.69842e-06 2.6583e-06 -5.16543e-05 
6.0001e-05 -3.80134e-06 4.15308e-05 1.14646e-05 3.36356e-07 4.57319e-08 -1.42688e-07 -6.96106e-05 5.31939e-05 3.82501e-06 -0.00025629 -0.000265974 2.31819e-06 -4.28939e-05 8.9143e-07 8.66599e-05 0.000130273 6.06242e-07 -0.000241452 -0.000267038 4.13481e-05 0.000156098 9.79403e-05 -0.000251674 -0.000273639 4.93973e-05 -9.34843e-05 5.05491e-05 -5.62559e-10 -5.7103e-06 0.000104205 0.00028214 7.75283e-08 8.75209e-05 4.49139e-05 -0.000212025 4.90991e-05 4.53664e-08 0.000147312 3.14034e-05 4.64101e-05 9.37794e-05 1.66332e-06 1.91357e-05 0.000120801 -0.000268674 2.81255e-08 8.21157e-06 3.94839e-05 2.59279e-05 -4.254e-09 5.14185e-06 1.3245e-06 1.3942e-06 1.13715e-06 0.000157555 8.01943e-05 -9.76113e-05 8.32321e-05 -7.88605e-07 9.89768e-05 8.79051e-05 -0.000257006 5.6917e-07 3.27197e-06 0.000103348 1.2148e-05 0.000112913 5.29585e-06 1.37325e-06 5.57476e-05 7.31535e-05 3.23506e-07 5.7539e-06 0.000146949 2.60063e-06 -3.972e-05 6.44308e-05 -8.00665e-05 -0.00022581 1.71319e-05 -0.000252492 2.69344e-05 1.80455e-05 0.000112988 1.98099e-06 6.97507e-06 8.10758e-07 -0.00026457 1.09059e-07 -4.15853e-06 1.13675e-05 1.64446e-05 -3.65388e-06 1.0023e-05 9.88242e-06 0.000228134 2.4143e-05 4.02296e-07 -4.569e-07 
