0.0617414 -0.000439723 0.0198979 -0.0100709 -0.00106189 -0.0163584 -1.01649e-05 -8.1006e-05 -0.0324558 -2.42582e-05 -0.000888177 -0.00182803 0.0122387 0.0191151 2.37255e-05 -0.0132177 0.0165156 -0.00852078 -0.00694636 -0.00669719 0.0128463 -0.0119768 -0.0191811 0.0101428 -0.00203557 -0.00154707 -0.00106746 -0.00431825 0.000224404 -0.000398143 -0.00179885 0.0371505 -0.010188 0.00708282 -0.000102699 0.032588 -0.00155225 -0.0193471 -0.000799265 -0.0012208 -0.0042456 0.000744556 -1.5775e-07 0.021464 -0.000755474 0.000553299 -0.0113939 -2.49101e-05 -3.23569e-05 -0.00218809 0.00263175 -0.000142215 0.0341211 6.50796e-05 -0.000695481 -0.0100563 -0.00391779 -0.000395688 -0.00207694 0.00357629 -0.000145445 -0.00110008 0.000569848 -0.00587826 -8.50293e-05 -0.00994499 -0.00291317 -0.00582425 -0.000886143 -0.00485998 -0.0061657 -0.0109373 0.00375 -0.000291524 -8.08836e-05 0.0146916 -0.000295495 0.000614749 -0.00240336 -0.000311306 0.00464376 5.64628e-05 -0.000202238 -0.000550073 0.00717342 -1.41676e-05 -0.00163545 0.000251119 -0.00225485 -0.00107371 3.50422e-06 -0.00019362 -0.00174596 -0.000483032 -0.0294176 -0.00300943 -0.0149311 -0.000623486 -0.00615888 -2.91197e-06 
-0.000439723 0.00714743 -0.00250131 -0.000321022 0.000532715 0.000360038 2.09384e-05 1.21435e-06 0.00240496 1.21567e-07 0.000515866 -0.000124085 -0.00179386 -0.00386274 2.78089e-05 -0.000906198 -0.00412794 -0.000390235 0.00209479 0.000273064 -0.00188968 0.000248367 0.00297966 0.000529982 -0.000267107 -8.8034e-05 -0.000136534 -0.000108731 1.15554e-05 3.65781e-05 8.46738e-07 -0.00232345 0.00284513 0.000850479 2.00909e-05 -0.00280723 0.000618344 0.000973079 2.24624e-05 0.000492637 0.00072245 -7.01898e-05 7.07292e-05 -0.0023728 0.000345474 4.30864e-05 0.00325937 8.59998e-06 1.51457e-05 -0.000272611 5.04549e-05 -2.12142e-06 -0.00301763 9.25192e-06 -2.98646e-05 -0.000419169 -0.000329162 -9.83454e-05 -1.89349e-05 -0.00105192 -3.61484e-05 -0.000645765 9.3526e-06 0.000788131 5.73948e-08 0.00169417 -0.000514017 0.00213133 -1.59285e-05 -0.000246141 -0.000145326 0.000519292 -0.000981244 4.96932e-06 3.21036e-05 -0.00424648 5.31017e-05 4.13531e-05 -0.000215118 0.000222169 1.74447e-05 4.41661e-05 -3.72641e-06 0.000288292 -0.0027137 1.21847e-05 0.000302936 -2.22396e-06 -0.000218996 0.000112972 8.1575e-06 0.000338816 0.00026436 -3.15836e-05 0.00251133 -0.000225536 0.00312528 0.000190241 -0.000233636 1.26866e-06 
0.0198979 -0.00250131 0.240375 0.0164754 -0.00417859 -0.0337726 -0.000157895 -0.000698528 -0.00806152 -0.000205736 -0.00817292 -0.0044026 0.00948695 0.141718 -0.000760942 0.0584051 0.0994306 0.0345587 -0.0327924 -0.0501432 0.0657366 0.0317873 -0.119075 -0.0213286 -0.0200401 -0.00683635 -0.00323812 -0.00388938 -3.31493e-05 -0.00152291 -0.00623623 0.0297251 -0.114278 -0.0547233 -0.000845999 -0.000633198 -0.020325 -0.0701553 -0.00597362 -0.00948123 -0.00519776 -0.00227079 -0.000347049 -0.0214624 -0.00456286 -0.00260718 -0.0455343 -0.000242957 -9.57502e-06 0.00493598 -0.0108429 -0.000698739 0.0148418 -5.14533e-05 -0.00181029 0.0333062 -0.0308488 -0.00355043 -0.0111378 0.05345 0.000215709 0.0166971 0.000833116 -0.0187639 -0.000582446 -0.0417452 -0.0347596 -0.0511073 0.00068356 0.0109462 -0.0324163 -0.0343412 -0.00624935 -0.0018825 -0.000409222 0.0752415 -0.00260791 -0.00114194 -0.0115497 -0.00158246 0.000931458 -0.00149968 -0.00346792 0.00216162 0.0825708 -0.000708101 -0.0115598 -9.01736e-05 -0.008834 -0.00540416 0.00010142 -0.00108025 -0.0123417 0.00149435 0.0026733 0.00863247 -0.0576439 -0.00483111 0.0349521 -2.73317e-05 
-0.0100709 -0.000321022 0.0164754 0.156379 -0.00161983 -0.0162289 -4.33751e-05 -0.0001252 0.0668262 -6.11293e-05 -0.00186593 0.0101749 -0.0829597 -0.000399003 -0.000243239 0.0477622 0.0272902 -0.00278427 0.015743 -0.0238455 -0.00178441 0.0376108 -0.0108271 -0.0410349 -0.00423592 0.00177797 0.0123339 0.00632945 -2.22478e-05 -0.000269032 0.00565843 -0.050945 -0.0395785 -0.0619492 0.000162295 -0.0682727 -0.00428137 -0.00111468 0.000771576 0.00136745 0.0196692 -0.00144324 -0.000129922 -0.0576983 -0.000218057 0.00454333 -0.0360104 3.42499e-06 2.95288e-05 0.0135988 -0.00377223 0.000122221 -0.0478679 -4.08899e-05 0.00343481 0.0476611 -0.000814425 0.00294397 0.000610843 -0.029018 -0.000711772 0.0193873 -0.000267738 -0.00528508 -4.6583e-05 -0.0146455 -0.0130063 -0.0092768 0.00151532 0.054469 0.0007175 0.0481152 -0.0241809 -0.000401122 -0.000359546 0.00939903 -0.000336087 -0.000665625 0.0207299 -0.00093878 -0.00373365 0.0114431 -0.00180898 0.00244319 -0.0584584 -0.000274821 0.000397437 -3.17509e-05 -0.00697429 0.00853828 -0.00026235 -0.00162058 -0.00314509 0.00222333 0.0572653 0.0185408 0.0111233 -0.00026415 -0.016991 -5.11752e-06 
-0.00106189 0.000532715 -0.00417859 -0.00161983 0.0164646 0.00838384 8.35113e-05 2.92173e-05 -0.00538218 -5.33049e-06 0.000249502 -0.000450589 0.00258645 -0.00887476 0.000190182 -0.00428051 -0.000923196 -0.00239494 -0.000238844 0.000907853 -0.00847632 -0.00412089 0.00159059 0.00262211 0.00202749 0.000232878 -0.000258884 0.00433438 -5.38109e-06 -0.000114686 -0.000373626 0.00300115 -0.00144718 0.0051897 6.28895e-05 0.0056126 -2.96193e-05 0.00077439 -6.21906e-05 0.00290393 -0.00128891 -0.000170832 5.84481e-06 0.00656608 -0.000153872 -3.98131e-05 -0.00342797 -3.34346e-07 -1.26005e-05 -0.000507031 0.000124405 -4.30485e-05 0.00322094 -2.21365e-07 -0.000181523 -0.00292242 0.000487106 -0.000207325 0.00223166 -0.00312829 8.74741e-05 -0.000696363 -3.60249e-05 -0.00104553 5.01102e-06 -0.00306094 0.00378579 0.00160475 -0.00021322 -0.00140346 0.000801333 -0.00267523 0.00185425 -6.66552e-05 4.28396e-05 -0.00322304 8.77251e-05 -0.000201465 0.000217092 -8.40511e-05 -0.000221721 -0.00110619 0.000154467 6.94075e-05 0.000671399 -1.79499e-05 0.000641265 -4.35084e-06 0.000692473 -6.33199e-05 -4.40767e-05 -0.000166462 -0.000410856 -2.41532e-05 -0.00451544 -0.000934082 -0.00247227 -3.25392e-05 -0.00203519 6.93302e-06 
-0.0163584 0.000360038 -0.0337726 -0.0162289 0.00838384 0.189827 2.96772e-05 0.0001542 -0.0808205 -9.36629e-05 -0.000588973 -0.00716176 0.0245726 -0.0505063 0.000583237 -0.0543789 0.027325 -0.0315694 0.00251942 0.0578572 -0.106167 -0.0472094 0.00562613 0.0399789 0.020094 -0.000925172 0.000987146 0.0345695 -7.17877e-05 -0.00181246 -0.00692824 0.0351301 -0.024905 0.0627688 0.000658128 0.0803075 -0.00446371 0.0234371 0.001422 0.0130793 -0.0196042 -0.00086154 1.8853e-05 0.0860064 -0.00275373 -0.00384902 -0.0402848 -4.86337e-05 -0.000175847 -0.00467713 -0.00453425 -0.000424871 0.0596433 -1.18964e-05 -0.00259022 -0.0378559 0.00437875 -0.000134026 0.012166 -0.0378655 -0.000366652 -0.015475 -0.000774032 -0.0207378 0.000736514 -0.0410977 0.0406071 -0.00912798 -0.00301451 -0.0113942 0.0301701 -0.0187957 0.0341789 -0.00107857 0.00126799 -0.00271136 -0.000889297 0.00144357 0.0129925 -0.0010652 -0.00159087 -0.0086805 -0.00136669 0.000241623 0.0259367 0.000197603 -0.0043921 -0.00021672 0.00653695 -0.00160724 -0.000619653 -0.00295919 -0.00198643 -0.00176985 -0.0709668 -0.0167211 -0.0501959 0.00149237 -0.0184741 2.24386e-05 
-1.01649e-05 2.09384e-05 -0.000157895 -4.33751e-05 8.35113e-05 2.96772e-05 0.00032608 8.95507e-06 -1.56882e-05 5.55775e-07 5.7522e-05 -3.98687e-06 -0.000232137 -0.00018832 0.000180748 -5.21446e-05 -0.00018582 1.37569e-05 6.94158e-05 3.475e-06 -0.000116162 -0.000150017 4.9219e-06 -0.000175982 8.22568e-05 8.41041e-05 9.35758e-07 9.57174e-05 2.66074e-06 6.50117e-06 3.16761e-05 -6.97033e-05 7.24325e-05 -4.58516e-05 9.95511e-07 -7.16214e-05 -3.9898e-06 -1.86477e-05 4.83756e-06 0.000106211 1.20542e-05 -3.54066e-06 7.63909e-06 -6.52857e-06 2.8678e-05 6.67022e-05 -6.06922e-05 6.38983e-06 -1.88959e-07 -5.6026e-07 5.97353e-07 9.41321e-07 -0.000116475 1.3766e-06 2.24549e-05 -4.2999e-05 0.000149325 -1.24249e-06 7.90942e-05 -5.08924e-05 3.98813e-06 -2.21119e-05 5.49595e-06 4.65006e-05 -4.99222e-07 0.000130291 -1.88465e-05 9.2309e-05 2.08251e-05 2.99549e-05 -1.3348e-05 6.36797e-05 -2.7607e-05 1.89706e-06 9.62658e-06 -0.000198381 4.43704e-05 3.56748e-05 2.26708e-05 -1.5165e-06 -5.95782e-06 -2.3159e-05 4.0705e-05 1.59155e-05 -0.000127807 3.09548e-06 2.83156e-06 2.20403e-05 -4.63917e-06 1.88827e-05 1.14582e-06 1.77762e-06 -6.2203e-06 1.01672e-07 3.45719e-05 -1.34881e-05 -2.01747e-06 3.7236e-06 -2.70157e-05 2.02606e-06 
-8.1006e-05 1.21435e-06 -0.000698528 -0.0001252 2.92173e-05 0.0001542 8.95507e-06 0.00132139 5.89422e-05 -3.40573e-07 -6.22193e-06 -3.03784e-05 -0.000465691 -0.000808636 1.30426e-05 -0.000316357 -0.000462104 -0.000173677 -3.04436e-05 0.000262437 -0.000774985 -0.000114362 0.000727853 -0.000426862 -4.37346e-06 0.000394648 -1.58282e-05 -7.39071e-05 8.96989e-07 1.70927e-07 0.00030825 -0.000322406 0.000478323 -0.000467448 2.77265e-06 -0.000129229 -9.40334e-06 -0.000282905 0.000534952 -7.68391e-06 0.000541226 5.33798e-06 2.04591e-06 -0.000135295 0.000550068 2.3954e-07 -0.000212547 3.4685e-05 -1.13547e-06 0.000186963 2.84924e-07 9.30406e-05 -6.62179e-05 5.27802e-07 9.67264e-05 -0.000196135 -6.17457e-05 0.000331547 -3.09289e-05 -0.000240184 1.15478e-06 -4.93041e-05 3.57663e-05 -0.000105978 9.2142e-06 -0.000122984 0.000221663 0.00011156 -1.65847e-05 0.000128582 0.000269581 0.000562234 -1.93179e-05 1.74167e-05 1.07317e-05 -0.000403345 0.000350807 1.51534e-05 0.000661267 -6.69175e-06 -1.22343e-05 -0.000110311 -9.77347e-07 -1.23713e-05 -0.000549494 2.00013e-06 4.55109e-05 1.10095e-06 -3.76297e-05 -6.08714e-06 -3.89612e-06 1.29428e-05 7.96176e-07 -3.79263e-06 -0.000309016 -7.23991e-05 -7.22815e-05 0.000253898 -0.000165893 1.41325e-06 
-0.0324558 0.00240496 -0.00806152 0.0668262 -0.00538218 -0.0808205 -1.56882e-05 5.89422e-05 0.246763 0.000163942 0.000122228 0.0086444 -0.0857393 -0.0308749 -0.000298963 0.0920461 -0.0835183 0.0472107 0.0407016 -0.0564232 0.0380136 0.100217 0.0358855 -0.0629175 -0.0179638 0.00639619 0.00739095 -0.0245219 -0.000132316 0.00232881 0.0101251 -0.171679 0.0504365 -0.0873874 0.000201783 -0.213324 0.00115837 0.0235173 0.00115183 -0.00349639 0.0261789 -0.00336852 -3.15921e-05 -0.182563 0.00420127 2.796e-05 0.0723666 0.000107445 0.000209111 0.0153465 -0.0103277 0.000990513 -0.196578 -9.3806e-05 0.00409774 0.0471218 0.0120848 0.00402631 0.00316512 0.0307557 -0.00029581 0.0141664 -0.000786602 0.0392905 -0.000428246 0.0727586 -0.0403902 0.03501 0.00521314 0.0358323 -0.00487192 0.0762144 -0.0595788 0.00181834 -0.000962758 -0.0774718 0.00136785 -0.00622446 0.0140451 0.00182901 -0.013986 0.00811929 -0.00432442 0.00239346 -0.0870924 -0.000197153 0.0110715 -0.000270012 -0.00616425 0.00349486 0.000173714 0.00402127 -0.00374044 0.00314986 0.176806 0.00932393 0.0988344 0.000539142 0.0468626 -2.1652e-05 
-2.42582e-05 1.21567e-07 -0.000205736 -6.11293e-05 -5.33049e-06 -9.36629e-05 5.55775e-07 -3.40573e-07 0.000163942 0.000380695 2.15865e-05 -1.06856e-05 -4.65639e-05 -0.000229466 1.22811e-06 -6.82095e-05 -0.00025343 -4.46014e-05 2.80958e-05 -4.87799e-05 7.0492e-05 -0.000168528 7.23318e-05 4.24182e-05 -1.29202e-05 -6.31137e-06 5.78191e-06 -3.02831e-05 -5.3674e-08 -2.10589e-06 -4.14173e-06 -0.000124861 0.000256934 9.36822e-05 4.22486e-06 -0.000150478 4.05633e-05 0.000166342 -2.71249e-07 -5.86421e-06 -1.37553e-05 -4.02583e-06 1.2483e-07 -0.000126792 2.71076e-06 -5.97474e-06 0.000212596 5.35748e-08 7.42625e-07 7.17057e-07 -1.08238e-05 6.18974e-08 -0.000158375 -1.02382e-07 -1.91682e-06 -6.02479e-05 7.48796e-05 -3.28557e-06 -7.99598e-06 -5.34459e-05 -2.02509e-06 -2.20236e-05 2.38866e-06 0.000231559 -5.98435e-07 0.00017516 -2.73462e-05 0.000222708 -1.28637e-06 -2.71445e-05 -3.76042e-05 -3.5578e-05 -5.49356e-05 1.7614e-06 -7.86253e-07 -0.000280504 1.12219e-05 -6.3037e-06 -1.38354e-05 7.75919e-06 -1.06517e-05 -1.29515e-05 -3.60861e-06 -3.90598e-06 -0.000161011 -2.29055e-07 8.60382e-05 -3.07091e-07 6.12885e-05 -2.09358e-06 -1.16076e-06 -2.90499e-06 -1.00015e-05 5.53132e-06 0.000155084 -2.63435e-05 0.000212876 1.82846e-05 -4.26483e-05 -1.73095e-10 
-0.000888177 0.000515866 -0.00817292 -0.00186593 0.000249502 -0.000588973 5.7522e-05 -6.22193e-06 0.000122228 2.15865e-05 0.014106 -0.000375889 -0.000716824 -0.00731672 7.60582e-05 -0.00358186 -0.00838869 -0.00185882 0.00128892 -0.000178086 -0.00241224 -0.00269631 0.00604001 0.00184574 0.00172261 -0.000239238 -0.000154879 0.00112251 -3.3073e-06 -5.32284e-05 -0.000202005 -0.000237575 0.0087227 0.00444385 1.39253e-05 -0.000630911 0.000449204 0.00259704 0.000712023 0.000924268 -3.62506e-05 -0.000105486 0.000129817 0.00074823 0.000981312 -0.000232415 0.00416564 0.000130227 3.90125e-05 0.00015793 0.00103747 3.78623e-06 -0.00169732 1.38895e-06 0.000216928 -0.0023999 0.00188693 0.000590651 0.000680902 -0.00262209 -3.92915e-05 -0.00132804 -4.65462e-05 0.00158405 8.91593e-06 0.000288298 -9.11624e-05 0.00118452 -0.000116884 -0.00102711 0.000394462 -0.000331735 -0.00159869 0.000199157 5.4235e-05 -0.00492162 0.000451151 0.000132097 0.000181453 5.76034e-05 -0.000125649 -0.00098612 0.000312823 6.68044e-05 -0.00445428 0.000148332 -0.000350842 3.56169e-05 -0.000342021 0.000489441 -3.79744e-05 0.00024011 9.64008e-05 -7.24346e-05 -0.00046844 -0.00095723 0.00299522 0.00209404 -0.00186024 2.02529e-06 
-0.00182803 -0.000124085 -0.0044026 0.0101749 -0.000450589 -0.00716176 -3.98687e-06 -3.03784e-05 0.0086444 -1.06856e-05 -0.000375889 0.0310876 -0.0148476 0.00427077 -5.85733e-05 0.0181898 -0.000231745 0.00878144 -0.00131661 -0.00400496 0.00589778 0.0101516 0.000667039 -0.0203536 -0.00126438 0.00478924 0.00272696 -0.000707299 -7.74707e-06 0.000720116 0.00178018 -0.0104973 -0.00606211 -0.0182301 -4.12243e-05 -0.012673 -0.000708506 -0.0160403 0.000955962 -0.000563431 -0.00129164 -0.000322221 3.90266e-06 -0.0107893 0.00064713 0.0025346 -0.00779266 -1.3037e-06 -2.72501e-05 0.00384491 -0.000212531 -5.00967e-05 -0.0113258 -5.74025e-06 0.00073777 0.0153531 -0.00123349 0.00224996 -0.000684709 -0.00260355 8.50657e-05 0.00998472 -2.88949e-05 -0.0017416 -1.84874e-05 -0.00249233 -0.00234057 -0.00276471 0.00273616 0.00193042 -0.00330371 -0.001805 -0.00258482 0.000990697 -6.51443e-05 0.00190144 0.000313493 -0.00013856 -0.00015708 4.90956e-05 -0.000899116 0.000256313 -0.000291974 0.000135475 -0.0115818 -4.84297e-05 -0.00054785 -1.27685e-05 -0.000917052 0.00224803 0.000481874 -0.000319636 -0.000254023 0.000384307 0.0149906 0.0138814 0.00679096 -0.000148068 -0.000570585 -3.28023e-07 
0.0122387 -0.00179386 0.00948695 -0.0829597 0.00258645 0.0245726 -0.000232137 -0.000465691 -0.0857393 -4.65639e-05 -0.000716824 -0.0148476 0.185279 0.0229853 -0.00088926 -0.0780578 0.00630131 -0.030224 -0.0326565 0.019146 0.00837647 -0.0404135 -0.00874445 0.0892995 0.00361329 -0.0149806 -0.00766747 -0.00496892 -0.000128705 -0.00382164 -0.0205022 0.0751411 -0.005921 0.0921311 -0.000732259 0.0938332 -0.00824001 0.0245999 -0.00484387 -0.00593362 -0.0532637 0.00159427 -0.000441609 0.0752877 -0.00692715 -0.0073422 0.0324384 -0.000315282 -7.94439e-05 -0.0249098 -0.00144448 -0.0009643 0.0844568 -9.82369e-05 -0.009187 -0.0601535 -0.0207219 -0.00707261 -0.00540909 0.0373479 0.000224056 -0.0157147 0.000137233 0.00935662 -0.000177838 -0.0414584 0.0168259 -0.00107542 -0.0059493 -0.0609862 0.00198728 -0.0853505 0.0265917 -0.000879026 0.000109025 0.00877569 -0.00239874 -0.00132369 -0.0162519 -0.00108371 0.00429404 -0.0060072 -0.000404328 -0.00290819 0.0572451 -0.00047244 0.00207716 5.10675e-05 0.0058885 -0.0121914 -0.000754972 -0.00615743 -0.00288089 -0.00147661 -0.0680887 -0.0216822 -0.0335745 -0.00501572 0.0138594 -1.61241e-05 
0.0191151 -0.00386274 0.141718 -0.000399003 -0.00887476 -0.0505063 -0.00018832 -0.000808636 -0.0308749 -0.000229466 -0.00731672 0.00427077 0.0229853 0.215104 -0.000824734 0.0579094 0.076068 0.0333194 -0.0509583 -0.036478 0.0989102 0.00445414 -0.124266 -0.028292 -0.0215517 -0.0016001 -0.00695766 -0.00960685 -3.18832e-05 -0.000528358 -0.00218697 0.0544461 -0.0825613 -0.0397859 -0.000880522 0.024347 -0.0147973 -0.0813648 -0.00568907 -0.0120213 -0.00785366 -2.82309e-05 -0.000347399 0.00325679 -0.00532963 0.0030933 -0.0373918 -0.000258358 3.70956e-06 0.00412845 -0.00153693 -0.0002266 0.0337759 -7.08509e-05 -0.00102872 0.0386017 -0.0349798 0.000441847 -0.0122095 0.0509862 7.65541e-05 0.0112784 0.000775586 -0.0227348 -0.000546416 -0.0484781 -0.0392888 -0.0527024 0.00318999 -0.00501528 -0.0399288 -0.0691347 0.00182015 -0.00193049 -0.000143213 0.0839932 -0.00301255 0.000975919 -0.0220295 -0.00176782 0.000877545 0.0166754 -0.00106953 0.000283966 0.0871555 -0.000681457 -0.00558542 0.000174579 -0.0112002 0.000405765 0.00033985 -0.00231662 -0.0040976 3.28534e-05 -0.0176714 0.0140537 -0.0624511 -0.00423026 0.0317014 -2.37934e-05 
2.37255e-05 2.78089e-05 -0.000760942 -0.000243239 0.000190182 0.000583237 0.000180748 1.30426e-05 -0.000298963 1.22811e-06 7.60582e-05 -5.85733e-05 -0.00088926 -0.000824734 0.0021273 -0.000466208 -0.000809551 -0.000233177 0.00035278 0.000301133 -0.000920501 -0.00115943 -0.000397632 -0.000176644 0.000392429 0.000202252 -4.66591e-05 0.00104347 4.7777e-06 5.8617e-06 1.69424e-05 -4.56278e-06 0.000554914 0.000341332 -9.72768e-07 5.48929e-05 7.18719e-05 0.000166234 9.11214e-05 0.000968382 -5.90701e-05 -1.52926e-05 2.31337e-05 0.000776317 -6.54986e-06 7.99607e-05 -0.000433475 8.87238e-06 4.78128e-07 -5.667e-05 -8.58064e-06 -3.5818e-06 -0.000180802 2.20957e-06 -1.86718e-05 -0.000279499 0.000980555 2.62577e-05 0.000882207 -0.000346939 -3.22116e-06 -0.000154173 -5.11569e-06 -3.9911e-05 1.76678e-06 1.92133e-05 -2.09748e-05 0.00024035 6.35536e-05 1.10743e-05 0.000201188 0.000260792 -0.000222618 -1.70569e-06 1.57454e-05 -0.000937936 4.67204e-07 9.4329e-05 -3.53481e-05 -6.83659e-06 7.76932e-06 -0.000142195 0.000177292 4.53674e-05 -0.000203537 2.78893e-05 -8.09393e-06 2.88598e-05 -2.21657e-05 4.49031e-05 -4.00095e-06 -2.45004e-05 -2.40153e-05 -1.39731e-05 -0.000610995 -0.000101699 -0.000317336 6.0737e-06 -0.000231287 1.34704e-05 
-0.0132177 -0.000906198 0.0584051 0.0477622 -0.00428051 -0.0543789 -5.21446e-05 -0.000316357 0.0920461 -6.82095e-05 -0.00358186 0.0181898 -0.0780578 0.0579094 -0.000466208 0.192708 0.0513862 0.0987239 -0.0232279 -0.0347366 0.0503466 0.0833347 -0.0305154 -0.123978 -0.0101543 0.00996528 -0.000509248 -0.0205811 -2.30842e-05 3.82953e-05 0.0119535 -0.0821643 -0.0497802 -0.153681 -0.00027401 -0.102256 -0.00784793 -0.0944166 0.000174935 -0.00480688 0.0302079 -0.000195434 -3.78202e-05 -0.0874667 0.00104565 0.00773885 -0.0585096 -8.11766e-05 -0.000197728 0.0177836 -0.00570383 4.32898e-05 -0.0993995 1.01387e-05 0.00521817 0.103228 -0.00830315 0.000654899 -0.00814078 0.0108959 0.00133931 0.0355011 -1.49404e-05 -0.023922 -0.000255771 0.0134919 -0.019128 -0.0237804 0.00961492 0.032046 -0.0264727 0.0196694 -0.020741 0.000723625 -0.000452004 0.0511266 -0.000939749 -0.00177281 -0.00741239 0.000529442 -0.00661628 0.01873 -0.00185983 0.0029962 -0.0126181 -0.000400368 -0.00701633 -1.32301e-05 -0.0062186 0.00186082 0.00130487 0.0039208 0.000310455 0.00185221 0.0889629 0.0397999 0.024066 -0.000832712 0.0251775 -1.30095e-05 
0.0165156 -0.00412794 0.0994306 0.0272902 -0.000923196 0.027325 -0.00018582 -0.000462104 -0.0835183 -0.00025343 -0.00838869 -0.000231745 0.00630131 0.076068 -0.000809551 0.0513862 0.212194 0.0217457 -0.0386305 -0.00383336 0.00579223 0.0011458 -0.0787257 -0.0248459 0.0031035 -0.0113667 0.00146863 0.00445916 -1.54783e-05 -0.00325169 -0.00557512 0.072253 -0.13769 -0.0599518 -0.000988319 0.0783261 -0.0158115 -0.0789007 -0.00342999 -0.0074672 -0.00971251 0.00302975 -0.00037383 0.061743 -0.00605749 0.000536956 -0.122778 -0.000253643 -0.000468338 0.000654108 -0.00622662 -0.000341895 0.0833993 -4.57629e-05 -0.00318784 0.0276792 -0.0278523 -0.00482658 -0.014844 -0.0130059 0.00134138 0.0193229 0.000464417 -0.0564751 4.55643e-05 -0.056972 0.0143539 -0.0622151 0.00127182 0.0172127 -0.0144757 -0.0277708 0.0304915 -0.00144737 4.10376e-05 0.119635 -0.00281727 0.000503331 -0.00212989 -0.00216771 0.00762954 0.0125262 -0.00191852 0.00139427 0.0702477 -0.000761578 -0.0169964 5.5596e-06 -0.0016906 -0.00272214 0.000493566 -0.00218536 0.00178689 -0.00045103 -0.0708109 0.0112565 -0.0713234 -0.00480647 -0.0123591 -1.4471e-05 
-0.00852078 -0.000390235 0.0345587 -0.00278427 -0.00239494 -0.0315694 1.37569e-05 -0.000173677 0.0472107 -4.46014e-05 -0.00185882 0.00878144 -0.030224 0.0333194 -0.000233177 0.0987239 0.0217457 0.123458 -0.0145133 -0.019283 0.0286543 0.0482467 -0.0148881 -0.0846449 -0.00567543 0.00659489 -0.00134296 -0.0132516 -9.72106e-06 -0.000127039 0.00308488 -0.0468165 -0.0308924 -0.0862985 -0.000205644 -0.0568012 -0.0052275 -0.0691975 -7.39137e-06 -0.00268393 0.013552 -0.000264903 -5.3917e-05 -0.0485814 8.74415e-05 0.00522323 -0.0385546 -5.46309e-05 -0.000102917 0.00672038 -0.00300562 -6.05223e-05 -0.0590599 -4.77385e-06 0.00355118 0.071203 -0.0077239 -0.00173131 -0.00456174 0.0153798 0.0018455 0.0127276 0.000233637 -0.0103904 -0.00021429 0.0170059 -0.0105561 -0.0131616 0.00861767 0.00768773 -0.0146596 -0.00573972 -0.00877557 0.00115402 -0.000220121 0.0290758 -0.000548797 -0.00094897 -0.005481 0.000987374 -0.00398363 0.0086551 -0.000980812 0.00200312 0.00339034 -0.00022315 -0.00412497 -4.43595e-05 -0.00367355 0.000115714 0.00139677 0.00342824 0.00102453 0.00102669 0.0445534 0.0259647 0.0209497 -0.000830067 0.0164319 -7.23212e-06 
-0.00694636 0.00209479 -0.0327924 0.015743 -0.000238844 0.00251942 6.94158e-05 -3.04436e-05 0.0407016 2.80958e-05 0.00128892 -0.00131661 -0.0326565 -0.0509583 0.00035278 -0.0232279 -0.0386305 -0.0145133 0.0957731 -0.00133862 -0.0231297 0.0102846 0.0327581 0.0160249 -0.00263379 -0.00148169 0.00876275 0.00224552 -3.11656e-05 0.000306954 -0.0021345 -0.0334667 0.0291305 -0.00162332 0.000931999 -0.0416258 0.00847653 0.036026 0.000156703 0.00282558 0.000161986 -0.00122437 -6.23992e-05 -0.0340254 0.000231372 -0.0010907 0.0298728 -6.22398e-06 -4.79585e-05 0.00297044 2.55346e-05 0.000595347 -0.0434526 -1.57856e-05 0.000575692 -0.0153611 0.0107171 -0.00121336 0.00115255 -0.00707597 -0.000514271 -0.00704344 -0.000220855 0.00661147 -6.20926e-05 0.0292869 -0.00728356 0.0212227 -0.00142957 0.00685913 -0.000533755 0.032315 -0.0136393 0.000320861 4.83025e-05 -0.049555 0.000240366 -0.00134753 0.013043 0.000601657 -0.00261744 -0.00340974 -0.000743016 0.00120001 -0.0336098 0.00023048 0.00109588 -9.67234e-05 -0.00316819 0.00685855 -0.000313588 0.000799377 -0.0022674 0.000486367 0.0325709 -0.00439134 0.0317946 0.00134186 0.00485534 1.21072e-05 
-0.00669719 0.000273064 -0.0501432 -0.0238455 0.000907853 0.0578572 3.475e-06 0.000262437 -0.0564232 -4.87799e-05 -0.000178086 -0.00400496 0.019146 -0.036478 0.000301133 -0.0347366 -0.00383336 -0.019283 -0.00133862 0.118463 -0.0667431 -0.000561269 0.0210486 0.0238468 0.00966581 0.0016077 -0.00238408 0.00858276 1.72003e-05 -0.000806945 -0.00363377 0.000847556 0.0178363 0.0233551 0.000272419 0.0586756 0.00599612 0.0144047 0.00162954 0.00275136 -0.00965984 0.00102967 0.00021067 0.0473857 -0.00141183 -0.0016003 -0.00297551 -3.9514e-05 -9.78436e-05 -0.00513094 0.0103853 -0.000296666 0.0374532 8.01272e-05 -0.00171715 -0.022496 -0.00185886 -0.00106167 0.000433372 -0.0177395 0.000138457 -0.0120615 0.000462202 -0.0125853 -8.2064e-05 -0.0137445 0.0303645 -0.00307501 -0.00179522 -0.0110332 0.0139014 -0.0139613 0.0155619 -0.000534524 0.00123694 0.00889984 -0.000510748 0.000497325 -0.00364364 -0.000502962 -0.00281298 -0.00952501 0.000386231 -0.000958459 -0.0139161 0.000571972 -0.00256112 -6.82939e-05 0.0130852 -9.79414e-05 -0.000368549 -0.00085384 -0.000410686 -0.00106331 -0.0480442 -0.0066671 -0.021408 -0.000836861 -0.00950307 1.55095e-05 
0.0128463 -0.00188968 0.0657366 -0.00178441 -0.00847632 -0.106167 -0.000116162 -0.000774985 0.0380136 7.0492e-05 -0.00241224 0.00589778 0.00837647 0.0989102 -0.000920501 0.0503466 0.00579223 0.0286543 -0.0231297 -0.0667431 0.160876 0.0216915 -0.0427851 -0.0305302 -0.0254567 -0.00171962 -0.00527145 -0.0354539 -2.25834e-05 -0.000234307 0.00245871 0.00355221 -0.00153108 -0.0425087 -0.000806684 -0.0401973 -0.0103303 -0.0328986 -0.00488061 -0.0140426 0.00460002 -0.000424294 -0.000370256 -0.0489947 -0.00102253 0.00200491 0.0237764 -0.000307645 6.36137e-05 0.000353616 -0.00296676 -0.000498176 -0.0210416 -9.88736e-05 0.000529831 0.0330606 -0.0172588 -0.00059482 -0.015031 0.0356587 -5.87813e-05 0.011526 0.000594352 0.00826882 -0.000820486 0.014118 -0.0425453 -0.00820783 0.0026323 -3.23678e-05 -0.0510743 -0.0225129 -0.0226333 0.000612785 -0.00123631 0.0255548 -0.00191915 -0.00284752 -0.0246329 0.000376244 -0.000474815 0.0120073 -0.00143357 -0.00100791 0.024186 -0.000910855 0.00182704 7.90267e-05 -0.00944775 -0.00216502 0.000373704 -0.00128714 -0.00199536 0.00124761 0.0492894 0.0130069 0.0214782 -0.00434047 0.0208577 -2.96285e-05 
-0.0119768 0.000248367 0.0317873 0.0376108 -0.00412089 -0.0472094 -0.000150017 -0.000114362 0.100217 -0.000168528 -0.00269631 0.0101516 -0.0404135 0.00445414 -0.00115943 0.0833347 0.0011458 0.0482467 0.0102846 -0.000561269 0.0216915 0.225076 0.010816 -0.0536493 -0.00792902 0.00314291 0.0058794 -0.0382628 -3.67182e-05 -0.000269157 0.00542182 -0.117844 -0.0244408 -0.107261 -0.000813758 -0.10374 -0.00752342 -0.0503035 0.00159968 -0.00984245 0.0193315 -0.000119092 -0.000282285 -0.108943 0.00159714 0.00315625 0.0146354 -0.000249915 -0.000374551 0.00363154 -0.00180737 -0.000622581 -0.102905 2.73731e-05 0.00255579 0.0534763 -0.0197854 0.000273255 -0.00764738 0.0553048 -0.000654132 0.0198342 -0.000139669 -0.010859 -0.000879046 0.00737591 -0.00907002 -0.0253153 0.00435209 0.0208327 -0.0228321 0.0340775 -0.0221107 0.000650028 -0.000304691 0.0136009 -0.00134886 -0.00310181 -0.000253534 -0.000844379 -0.0107883 -0.00105572 -0.00532783 0.0026296 -0.0679967 -0.000811052 -0.00821455 -0.000268714 0.00238977 0.00117978 0.000361095 0.00104152 -0.00550007 0.00212335 0.114155 0.0225852 0.0334683 -0.00514451 0.0403199 -3.10043e-05 
-0.0191811 0.00297966 -0.119075 -0.0108271 0.00159059 0.00562613 4.9219e-06 0.000727853 0.0358855 7.23318e-05 0.00604001 0.000667039 -0.00874445 -0.124266 -0.000397632 -0.0305154 -0.0787257 -0.0148881 0.0327581 0.0210486 -0.0427851 0.010816 0.213511 0.00122242 0.00554061 0.00383453 0.00337477 -0.0233389 -9.32811e-05 -0.000904184 0.00548365 -0.0452922 0.0843513 0.0117639 0.000731304 -0.031728 0.00690217 0.0430761 0.00422957 -0.0045845 0.0130798 -0.000316442 2.48754e-05 -0.0183057 0.00603243 -0.00209375 0.0409126 0.00019754 1.73449e-05 0.00102039 -0.00172087 -2.15983e-05 -0.0304425 -3.8732e-05 0.002299 -0.0188233 0.0111396 -1.21529e-05 -0.00756183 -0.0416189 -0.000176641 -0.000626002 -0.000458148 0.0150753 0.000258961 0.042588 0.0313369 0.0441926 -0.00242794 -0.00334537 0.0160165 0.0479003 -0.0089907 0.00240589 -0.000110414 -0.05376 0.00285986 -0.00287259 0.00996449 0.0013328 0.000775711 -0.0127091 -0.000368453 -0.00304697 -0.0935967 5.76758e-06 -0.00235555 -0.000233493 -0.00383637 -0.00342865 0.000225735 0.000104633 0.0101325 -0.00156968 0.0190548 -0.00281328 0.077725 0.00396667 -0.0298582 3.14006e-06 
0.0101428 0.000529982 -0.0213286 -0.0410349 0.00262211 0.0399789 -0.000175982 -0.000426862 -0.0629175 4.24182e-05 0.00184574 -0.0203536 0.0892995 -0.028292 -0.000176644 -0.123978 -0.0248459 -0.0846449 0.0160249 0.0238468 -0.0305302 -0.0536493 0.00122242 0.159443 0.00611922 -0.0177647 -0.000790081 0.014603 -0.000124423 -0.00201911 -0.0194116 0.0575209 0.0284323 0.115066 -2.9507e-05 0.0731004 0.00506726 0.0730702 -0.00351048 0.00323305 -0.0405886 -0.000289284 -4.11457e-05 0.0605176 -0.00575616 -0.00921535 0.0535364 -0.000278771 2.19325e-05 -0.022289 0.00232393 -0.000293571 0.0687902 -0.000124878 -0.00870982 -0.0921111 0.00255867 -0.00442998 0.00545552 0.0107366 -0.00254151 -0.0351322 -0.000120498 0.0183386 -0.000195813 -0.0159955 0.00904542 0.0156589 -0.010769 -0.038816 0.0155717 -0.0286718 0.0143643 -0.00138895 0.000155017 -0.0288831 -0.00200122 -0.000862276 -0.000272491 -0.00088802 0.00247874 -0.0204983 2.77141e-06 -0.000552376 0.0349794 0.000221264 0.0048183 -8.49407e-05 0.00491472 -0.00341198 -0.00139939 -0.00284723 -0.00613701 -0.00121479 -0.0560525 -0.0373408 -0.0224643 -0.00212677 -0.00487095 -2.81718e-05 
-0.00203557 -0.000267107 -0.0200401 -0.00423592 0.00202749 0.020094 8.22568e-05 -4.37346e-06 -0.0179638 -1.29202e-05 0.00172261 -0.00126438 0.00361329 -0.0215517 0.000392429 -0.0101543 0.0031035 -0.00567543 -0.00263379 0.00966581 -0.0254567 -0.00792902 0.00554061 0.00611922 0.0381341 -0.00102813 -0.000897464 0.00282608 -7.23578e-06 -0.000251463 -0.000955254 0.00225738 0.000323536 0.0132794 1.38693e-05 0.0182692 0.00115205 0.012925 0.000740632 0.00535625 -0.00271445 0.000714792 4.14946e-05 0.0214515 4.70429e-05 -0.000354578 -0.0105384 5.43683e-05 -2.85555e-05 -0.000670795 0.00145038 2.13764e-05 0.012499 5.00593e-06 -0.000516529 -0.00686959 0.00481074 0.000260408 0.00457299 -0.00785859 -0.000179864 -0.00347834 -0.000130707 -0.00382441 0.000729193 -0.00776724 0.013422 -0.00259146 -0.000510091 -0.00238406 0.0193881 -0.00352663 -0.00110715 -0.000130108 -2.72245e-05 -0.00614955 0.000178582 -0.000573952 0.00090147 -0.00014095 2.1644e-05 -0.0034726 0.000919348 -0.000231031 -0.00745156 2.73113e-06 -0.00114265 3.76956e-06 0.00178429 -0.000480911 -9.76181e-05 -0.000392703 -0.000611304 -0.000253162 -0.0179689 -0.00265888 -0.00840289 0.00195946 -0.00527453 -1.66016e-06 
-0.00154707 -8.8034e-05 -0.00683635 0.00177797 0.000232878 -0.000925172 8.41041e-05 0.000394648 0.00639619 -6.31137e-06 -0.000239238 0.00478924 -0.0149806 -0.0016001 0.000202252 0.00996528 -0.0113667 0.00659489 -0.00148169 0.0016077 -0.00171962 0.00314291 0.00383453 -0.0177647 -0.00102813 0.0388373 -0.000518671 -0.00196629 8.8086e-05 0.00096546 0.00423913 -0.0108925 0.00496264 -0.0109006 0.000885825 -0.0107884 -0.00104237 -0.00526721 0.00269695 -0.000410937 0.00702662 -0.000185642 6.13388e-05 -0.0083535 0.0018608 0.00308217 -0.00433056 0.000272624 4.23539e-05 0.00635202 0.00280134 4.66163e-05 -0.0107837 0.00011369 0.0033371 0.00846268 -0.00185657 0.00373886 0.0010243 0.00306441 7.60117e-05 0.00179654 -0.000116426 -0.00331481 9.02918e-05 -0.00154351 -0.00143138 0.00188575 0.0010493 0.000860879 0.000493669 -0.00180148 -0.00053338 -4.99038e-05 -3.99227e-05 -0.00751638 0.000847803 0.0014577 0.00421815 6.89205e-05 -0.00083717 -0.000851121 0.00039514 -0.000274911 -0.0182161 0.000133762 1.16485e-05 8.73261e-05 0.00312108 0.000377038 -3.02747e-05 -6.01436e-05 0.00131429 -0.000266488 0.00440121 0.00577372 -0.00691902 0.00256878 0.00666005 9.14934e-06 
-0.00106746 -0.000136534 -0.00323812 0.0123339 -0.000258884 0.000987146 9.35758e-07 -1.58282e-05 0.00739095 5.78191e-06 -0.000154879 0.00272696 -0.00766747 -0.00695766 -4.66591e-05 -0.000509248 0.00146863 -0.00134296 0.00876275 -0.00238408 -0.00527145 0.0058794 0.00337477 -0.000790081 -0.000897464 -0.000518671 0.023752 -0.0015267 -2.17236e-06 -9.14532e-05 -0.000351138 -0.00589941 -0.00379303 -0.00933053 3.58439e-05 -0.00797402 -0.00066948 -0.000528095 0.00120997 -0.000427528 -0.000314161 -0.000170128 -1.50991e-05 -0.00761724 0.00065525 -0.000238451 -0.00367725 -9.78235e-06 -1.99829e-05 0.00325584 -0.00045228 2.90207e-05 -0.00754265 -5.83077e-06 0.000548901 -0.00306596 9.55385e-05 0.000531763 -0.000578404 -0.00197735 4.50386e-05 0.00674269 -2.0609e-05 9.4008e-05 -8.19084e-06 -0.000589888 -0.00121436 -0.00109579 -9.88674e-05 0.00397405 -0.00138633 0.00585707 -0.00195615 0.000205712 4.09065e-05 -0.00502086 0.000321308 -0.000288402 0.0077134 -0.000114805 -0.000585788 0.00147548 -0.000232134 -5.36654e-05 -0.00839151 -3.12346e-05 0.000174341 7.00655e-06 -0.00065938 0.00124264 2.30369e-05 -8.43514e-05 -0.000663957 0.000665542 0.00659892 -0.000343972 0.0045208 9.64179e-05 -0.00246911 1.17046e-06 
-0.00431825 -0.000108731 -0.00388938 0.00632945 0.00433438 0.0345695 9.57174e-05 -7.39071e-05 -0.0245219 -3.02831e-05 0.00112251 -0.000707299 -0.00496892 -0.00960685 0.00104347 -0.0205811 0.00445916 -0.0132516 0.00224552 0.00858276 -0.0354539 -0.0382628 -0.0233389 0.014603 0.00282608 -0.00196629 -0.0015267 0.0840195 -1.3752e-05 0.00037109 -0.00110923 0.0249856 -0.0143162 0.0249581 -0.000139321 0.0219169 0.0022095 -0.0160983 0.000207028 0.0144186 -0.00636844 -0.00096266 0.000165817 0.0294148 -0.000918275 -0.000121968 -0.0178792 4.96249e-05 -2.4492e-05 -0.00342524 -0.000615077 -4.97316e-06 0.0146061 1.97972e-05 -0.000397088 -0.00668828 0.0110469 0.00014746 0.0168511 -0.0153361 0.00041067 -0.00743121 -0.000262248 -0.0041394 1.25901e-05 -0.0159171 0.00129645 -0.00433144 -0.00124375 -0.00417196 0.00809211 -0.0047855 0.00582682 -0.000401763 0.00059727 -0.00640256 -0.000222582 0.00301221 0.00349925 -0.000490347 -0.00161154 -0.00345366 0.00192837 0.00186803 0.0223823 0.000282267 -0.000921543 5.8155e-05 -0.00219028 0.00429744 -0.000182459 -0.000404225 -0.00211595 -0.000129302 -0.0211659 0.000368783 -0.0222402 -0.000279554 -0.00803241 2.02787e-05 
0.000224404 1.15554e-05 -3.31493e-05 -2.22478e-05 -5.38109e-06 -7.17877e-05 2.66074e-06 8.96989e-07 -0.000132316 -5.3674e-08 -3.3073e-06 -7.74707e-06 -0.000128705 -3.18832e-05 4.7777e-06 -2.30842e-05 -1.54783e-05 -9.72106e-06 -3.11656e-05 1.72003e-05 -2.25834e-05 -3.67182e-05 -9.32811e-05 -0.000124423 -7.23578e-06 8.8086e-05 -2.17236e-06 -1.3752e-05 0.000324635 4.37458e-05 1.16912e-05 3.36189e-05 -3.134e-05 -0.000172907 -4.68845e-07 1.74826e-05 -7.65997e-06 -0.000109716 -1.52929e-06 -3.93919e-06 8.26519e-05 2.36966e-06 2.93168e-05 -2.1171e-05 -3.63751e-06 0.000109243 -1.72732e-05 2.31044e-06 1.31899e-06 -1.00031e-05 9.4043e-05 1.4051e-06 2.67161e-05 7.0887e-05 1.32425e-05 6.75111e-06 1.27046e-05 -3.28413e-06 -3.39277e-06 -1.97975e-05 2.18046e-06 9.42264e-06 5.77928e-07 -2.86793e-05 5.33051e-07 6.86848e-05 2.19381e-06 -2.63715e-05 -1.76481e-06 -1.19059e-05 -2.90219e-05 -1.66635e-05 3.20106e-06 -1.20319e-06 1.29462e-05 -1.63349e-05 -1.45962e-06 0.000130312 -1.32502e-05 9.37953e-07 7.65728e-05 -1.08393e-05 3.46223e-05 -3.21285e-06 -5.64893e-05 1.92772e-06 -7.92502e-06 2.53835e-06 -8.44826e-06 -2.89614e-06 -3.97696e-08 5.96004e-05 2.7178e-06 -2.46352e-06 -0.000122334 -6.22397e-06 -4.69519e-05 -2.20818e-06 -3.82119e-06 1.36132e-07 
-0.000398143 3.65781e-05 -0.00152291 -0.000269032 -0.000114686 -0.00181246 6.50117e-06 1.70927e-07 0.00232881 -2.10589e-06 -5.32284e-05 0.000720116 -0.00382164 -0.000528358 5.8617e-06 3.82953e-05 -0.00325169 -0.000127039 0.000306954 -0.000806945 -0.000234307 -0.000269157 -0.000904184 -0.00201911 -0.000251463 0.00096546 -9.14532e-05 0.00037109 4.37458e-05 0.00775296 0.00201933 -0.00173782 0.0012064 -0.00112455 2.93202e-06 -0.00260207 0.000995929 -6.43292e-06 -9.47715e-06 -0.000122605 0.00128247 -8.43227e-05 7.87224e-06 -0.00206595 0.000286007 0.000401038 0.000307558 9.60876e-06 4.82711e-05 0.00106899 0.000703186 0.000312649 -0.00257132 2.90626e-05 0.000116977 -0.000548554 0.000830421 0.000758814 0.000267375 -0.000197007 -2.25483e-05 -0.000328674 -6.68411e-06 0.00182824 9.80805e-06 0.00267055 -0.000489241 0.00014135 9.22634e-05 -0.000205238 0.000443747 0.00237888 -0.000963626 -1.22531e-05 -8.29223e-06 -0.00295491 -8.10925e-07 0.000808988 -0.000171255 3.79351e-05 -5.0452e-05 -0.000196713 0.000482393 -2.52445e-05 -0.00280325 -7.29282e-06 -0.000100145 8.73832e-06 -0.000146031 7.91788e-05 5.84377e-06 0.000138501 0.000421473 7.91817e-06 0.00165722 -0.00015946 0.00085541 6.05385e-05 0.000838927 8.12758e-07 
-0.00179885 8.46738e-07 -0.00623623 0.00565843 -0.000373626 -0.00692824 3.16761e-05 0.00030825 0.0101251 -4.14173e-06 -0.000202005 0.00178018 -0.0205022 -0.00218697 1.69424e-05 0.0119535 -0.00557512 0.00308488 -0.0021345 -0.00363377 0.00245871 0.00542182 0.00548365 -0.0194116 -0.000955254 0.00423913 -0.000351138 -0.00110923 1.16912e-05 0.00201933 0.028037 -0.00834326 0.00614777 -0.0160142 2.12862e-05 -0.0112291 -0.000603756 -0.0119782 0.000736783 -0.000413491 0.0166548 -0.000226219 5.70859e-06 -0.00916753 0.00271642 0.00108755 -0.00683619 6.12058e-05 8.30111e-06 0.000801312 0.000148217 0.000432792 -0.0110496 3.87997e-06 0.00314552 0.0125823 -0.000832678 0.00178563 -0.000623917 -0.00538434 9.50912e-06 -0.0018499 -9.47595e-05 -0.00219734 -3.26493e-05 0.00652987 -0.00179283 -0.00139428 -0.000327434 0.00768488 -0.00117614 0.0141003 -0.0042144 -3.7552e-05 -5.17739e-05 0.00123145 0.00131643 0.00177444 0.00137006 3.97564e-05 -0.000319571 -0.000339712 0.000868902 0.000149153 -0.0074591 -2.17948e-05 -0.000193854 -8.37747e-06 -0.00102406 0.000887953 1.20526e-05 0.000807107 0.0053809 6.10225e-06 0.00709929 0.00115104 0.000933749 0.00151936 -0.00320381 1.81073e-06 
0.0371505 -0.00232345 0.0297251 -0.050945 0.00300115 0.0351301 -6.97033e-05 -0.000322406 -0.171679 -0.000124861 -0.000237575 -0.0104973 0.0751411 0.0544461 -4.56278e-06 -0.0821643 0.072253 -0.0468165 -0.0334667 0.000847556 0.00355221 -0.117844 -0.0452922 0.0575209 0.00225738 -0.0108925 -0.00589941 0.0249856 3.36189e-05 -0.00173782 -0.00834326 0.222223 -0.0499214 0.0859085 -0.000521163 0.173985 0.000540836 -0.0303421 -0.00338536 -0.00359807 -0.0229401 0.00291515 -0.000182457 0.158132 -0.0039494 -0.00202305 -0.0673499 -0.000106528 -0.000122396 -0.0133489 0.00765475 -0.000687156 0.181284 -5.47699e-05 -0.00427011 -0.0471742 -0.0142335 -0.00356179 -0.00697365 -0.0197391 0.000373652 -0.0118658 -0.000208842 -0.0270259 5.67158e-05 -0.0660234 0.0197545 -0.0252937 -0.0046132 -0.0263862 -0.013521 -0.0605256 0.0337438 -0.00147293 0.000423892 0.0667158 -0.00134979 0.00423527 -0.0114752 -0.00176681 0.0155592 0.00267406 0.00538753 -0.00300075 0.0808136 -2.97708e-05 -0.00845085 0.000397338 -0.0087061 -0.00406923 -0.000297588 -0.00423544 0.00288266 -0.0023192 -0.157218 -0.017871 -0.0793168 -0.00124409 -0.040286 1.11298e-05 
-0.010188 0.00284513 -0.114278 -0.0395785 -0.00144718 -0.024905 7.24325e-05 0.000478323 0.0504365 0.000256934 0.0087227 -0.00606211 -0.005921 -0.0825613 0.000554914 -0.0497802 -0.13769 -0.0308924 0.0291305 0.0178363 -0.00153108 -0.0244408 0.0843513 0.0284323 0.000323536 0.00496264 -0.00379303 -0.0143162 -3.134e-05 0.0012064 0.00614777 -0.0499214 0.192854 0.047664 0.000807075 -0.0468055 0.0159451 0.0708722 0.00255732 0.00205527 0.00686008 -0.001173 0.000315421 -0.036486 0.00496072 -0.00423381 0.0991882 0.000200032 0.000230711 -0.00130281 0.00812329 0.000711582 -0.046848 -1.34054e-05 -1.05064e-05 -0.0354002 0.0257562 0.00518272 0.00315369 -0.0256465 -0.00112471 -0.0205701 -0.000295448 0.0329647 4.01754e-05 0.063498 -0.00850303 0.0592439 -0.00225687 -0.0143439 0.0129391 0.032539 -0.0273452 0.00121803 -0.000171165 -0.0847079 0.00236383 -0.00295339 -0.00172272 0.00196212 -0.00675643 -0.00682259 0.00105893 -0.00239899 -0.052229 0.000749303 0.0122717 -0.000128294 0.00386639 -0.000244062 -0.00073296 0.00265771 0.00140373 -0.00120146 0.0304486 -0.017957 0.0693093 0.00575584 -0.00976856 5.18096e-06 
0.00708282 0.000850479 -0.0547233 -0.0619492 0.0051897 0.0627688 -4.58516e-05 -0.000467448 -0.0873874 9.36822e-05 0.00444385 -0.0182301 0.0921311 -0.0397859 0.000341332 -0.153681 -0.0599518 -0.0862985 -0.00162332 0.0233551 -0.0425087 -0.107261 0.0117639 0.115066 0.0132794 -0.0109006 -0.00933053 0.0249581 -0.000172907 -0.00112455 -0.0160142 0.0859085 0.047664 0.238056 0.0003424 0.103406 0.00862869 0.106294 -0.00226571 0.00639183 -0.0396929 -0.00339711 -9.50399e-06 0.103142 -0.00309477 -0.00823699 0.0663973 2.94565e-05 0.000208594 -0.0187641 0.00510598 -0.00103888 0.093383 -0.000117988 -0.00549889 -0.0968948 0.0110879 -0.00280399 0.0113185 -0.00949376 -0.00238389 -0.0440522 -0.000972701 0.0306174 0.000290715 -0.0304157 0.0149482 0.0316021 -0.00819855 -0.0452032 0.0327836 -0.0493578 0.0159684 -0.000730078 -6.87489e-05 -0.0569718 -0.00045851 -0.00222635 -0.00294515 -0.000436991 -0.000901928 -0.02034 0.00140356 -0.00359058 0.0153248 0.000519022 0.00969925 7.72607e-05 0.006106 -0.00478343 -0.00109539 -0.00543613 -0.00816721 -0.0025433 -0.0851429 -0.0407608 -0.0284798 0.000827524 -0.020415 -1.26906e-05 
