0.249754 0.000711185 -0.000227671 -0.00884591 -0.00460071 -8.8568e-05 -0.051489 0.0243545 -0.00144078 -0.0372473 0.00938167 0.0476553 0.0146673 -0.00130013 -0.00239169 -0.00047044 -0.000115255 -0.0258011 -0.00713768 -0.00979778 0.000356987 -0.00738346 -0.045542 0.00579316 -0.0519128 0.0770944 -0.00229101 0.0149589 0.0267334 -0.000873612 0.0193859 -0.00185578 -0.00174624 -0.0729013 -0.000135399 -0.00365533 -0.00798161 -0.00079262 -0.0326501 -9.42074e-05 -0.0216646 -0.000434524 0.00186451 -0.00105346 -0.000296728 -0.000124806 -0.000416935 -3.10149e-05 3.96353e-05 -0.0200203 0.00342833 -9.66172e-06 -0.0115201 -0.000173319 -0.00868088 -0.0186513 -0.00342497 -0.112127 -2.67173e-05 -0.00650446 -0.000252728 -0.00153601 -9.36984e-05 -0.00303938 -0.000333518 0.00874075 -0.0147893 -3.01059e-05 -0.000196873 -0.00188755 0.0390915 -0.000564652 -0.00173066 0.0172985 0.00014794 -0.0111686 -0.00285132 -0.00102526 -0.00209407 -0.00797353 -0.00526582 -0.000659051 0.0446234 0.0249293 0.00017948 -0.000563926 -0.00454996 -0.00749257 -0.0018468 -1.60396e-05 0.000459872 -0.00856813 0.0354003 0.000363293 -0.00115177 -0.00481329 -0.00320195 0.00700051 -1.85677e-06 -0.000785533 
0.000711185 0.0149187 4.14178e-05 -5.9855e-05 -0.000138196 -3.94134e-05 -0.000801208 -0.0102781 0.000187538 -0.00112758 -0.000745879 -0.0119232 0.00304229 0.000116344 0.000304323 0.00372177 -1.72042e-05 -0.00122036 0.00370072 -0.000145724 0.000980299 0.0120136 0.00668075 -0.0136715 -0.00353908 -0.00243773 -9.70985e-05 0.00295247 0.00211649 2.32614e-05 -0.00195887 1.29365e-05 -3.55047e-05 0.000300377 1.44953e-05 0.000211431 0.000344495 0.000169001 0.00100528 5.35605e-05 -0.000232982 -1.37681e-05 0.0135641 0.0023248 4.63224e-05 6.67143e-06 0.00536793 1.157e-05 0.000236631 -0.00125111 0.00319222 -4.44295e-07 -4.57568e-05 -5.24701e-06 -0.0127872 -0.000801914 8.71215e-05 -0.00346284 3.34017e-05 0.000114507 0.000122588 -0.00190919 -3.63995e-06 0.00516683 3.00209e-05 -0.000747226 0.0025555 3.55181e-06 7.50295e-05 -8.78817e-05 -0.0108224 -5.03471e-05 -4.43906e-05 -0.000190909 0.000434288 0.00429508 2.29601e-05 7.94419e-05 -5.61467e-05 0.000183884 -5.70806e-05 0.000228857 -0.0108152 -0.0131497 0.000244912 2.55667e-05 0.000168432 -0.00013258 0.00516691 5.92792e-05 2.14866e-06 -0.000154899 -0.0113475 0.0113027 0.00287279 -0.000383013 0.00545438 -0.000292262 -8.16758e-07 -2.02895e-05 
-0.000227671 4.14178e-05 0.00129499 0.000323531 4.2274e-05 -1.55178e-06 0.000493801 -0.000359197 1.74064e-05 3.74063e-05 -0.000671593 -0.000589072 -2.80616e-05 1.24122e-05 4.11137e-06 5.119e-05 1.26414e-06 0.000469345 6.5846e-05 0.000149921 0.000163261 -4.81293e-05 -7.1788e-05 -0.000492766 0.000560445 -0.000631182 0.000105224 0.000364448 -0.000410443 6.35014e-05 -0.000561727 5.78856e-05 2.15802e-06 -3.72299e-05 3.5197e-06 -1.0036e-06 -1.91131e-06 3.14534e-05 9.23024e-05 -1.91529e-07 -4.24262e-05 1.62621e-05 1.57952e-05 6.37165e-07 2.11129e-05 1.12216e-05 2.68647e-05 1.42066e-06 1.57725e-06 -2.9712e-05 7.26885e-05 1.3153e-06 -2.1016e-05 2.26792e-06 -0.000497635 0.000198228 0.000110739 -0.000125118 1.15751e-07 0.000247946 7.81441e-06 3.6435e-05 6.83961e-06 3.18096e-05 1.13015e-05 -7.55441e-05 0.00014974 2.61521e-07 0.000216978 -3.64347e-06 -0.000487375 2.48485e-05 -2.24941e-06 -0.000730533 1.23699e-05 -3.38577e-05 -5.49583e-06 3.60728e-06 0.00033026 -1.84032e-05 0.000285612 2.21562e-05 -0.000103492 -0.000831569 2.27023e-05 4.75047e-06 0.000380957 0.000344069 4.12109e-05 2.66538e-06 7.47569e-07 0.000270668 -0.000637421 -2.583e-05 -2.98949e-06 1.35e-05 0.000128908 0.000271135 1.32631e-07 9.0442e-06 
-0.00884591 -5.9855e-05 0.000323531 0.0231123 -0.00022041 -2.98929e-05 -0.00121959 -0.000288874 0.00153866 -0.00257016 -0.0121818 -0.0114142 -0.0122191 0.000219756 -0.000395082 0.00134527 -3.83693e-05 0.0100202 0.00565799 0.00868394 0.000311912 -0.000484693 -0.00607887 -0.0173969 0.00224504 -0.00754069 0.00286498 0.0151991 0.00592982 0.00128191 -0.00469767 0.00272185 -1.27904e-05 -0.0032175 0.000222978 0.0052432 0.00902726 -3.95844e-05 -0.00155978 2.22455e-05 -0.00110296 0.000553868 -6.69018e-05 0.000518071 -1.23316e-05 4.23289e-05 0.000821489 2.75311e-05 5.57925e-05 0.000779082 0.000183356 2.88901e-06 -0.000434594 9.86355e-06 -0.0206278 -0.00138848 0.00312347 -0.00418003 6.86575e-06 0.0110667 1.08734e-05 -0.000772971 -3.55196e-06 0.0114796 0.00106713 0.00237348 -0.000829871 -1.35369e-06 -2.51276e-05 -0.000116913 -0.0154416 -8.36806e-05 0.00236797 -0.0133748 1.10334e-05 -0.00034949 -0.000192758 0.00122919 0.000467186 -0.000583584 0.0100578 0.00100753 -0.0147148 -0.0142422 3.12406e-05 0.00140408 0.00595511 0.0114162 0.000158951 1.83483e-05 -2.96113e-05 0.0132309 -0.0159094 -0.000412627 0.000416934 0.00741503 0.0122871 -0.000388319 1.43664e-05 0.000214163 
-0.00460071 -0.000138196 4.2274e-05 -0.00022041 0.0101312 -1.03022e-06 0.00390407 -0.00614708 -3.8517e-05 0.000927226 -0.0011517 -0.00129876 0.0012655 -7.62863e-06 0.000859309 -6.32398e-05 0.000230254 -0.00253871 -0.000146949 -0.000279017 0.0011287 0.000392728 0.00372963 0.00017733 -0.00122813 -0.00422988 -1.48602e-05 -0.000323119 -0.00618112 -1.97472e-05 -0.00324819 0.000288393 0.000430083 0.00421333 2.29616e-06 6.55885e-06 0.000628217 0.000617998 0.00209684 4.8174e-06 0.00190092 -9.34199e-06 -0.000244158 -3.32676e-05 7.77868e-05 1.13237e-06 -7.18341e-05 1.86932e-06 3.11276e-06 0.000872146 -0.000225039 3.12311e-06 0.00224506 3.2056e-05 0.000564826 0.00139444 0.000141432 0.00378136 1.18024e-06 -0.000147773 -5.955e-06 0.000549224 -6.44835e-07 -0.000453865 -1.34689e-05 -0.000646353 -0.000160619 1.32323e-05 1.9696e-05 7.3635e-05 -0.00118332 -1.11858e-05 -3.28253e-05 0.0001077 9.86258e-05 0.00110958 0.000233885 -2.08322e-05 3.39397e-05 0.000815164 -0.000102385 -1.37207e-05 -0.00201076 -0.0020673 -5.95873e-06 -1.19634e-05 -7.84677e-06 -0.00015728 -4.58949e-05 1.16991e-05 -1.93233e-05 -6.3913e-05 -0.00474679 -0.000113131 -3.06922e-05 -0.000273595 -0.000319133 -4.65045e-05 -6.79499e-07 1.07582e-05 
-8.8568e-05 -3.94134e-05 -1.55178e-06 -2.98929e-05 -1.03022e-06 0.00269074 0.00117253 -0.000494678 6.59658e-06 -5.33219e-05 -0.000155379 -0.000327967 0.00027819 4.62954e-06 1.01745e-05 -2.05213e-05 -2.74323e-06 -0.000139533 -3.05628e-05 0.000117952 -2.02263e-05 -0.000104135 0.000126391 9.91712e-05 -0.000458043 -0.00137969 -1.60746e-05 -0.000258551 0.000384563 1.03565e-06 -0.000470727 -1.4845e-05 1.50359e-05 -0.000267553 1.00051e-07 -1.22647e-05 -2.27218e-05 -4.07067e-06 0.000542543 -4.43095e-07 1.56918e-05 1.74736e-06 -1.05475e-05 -5.64022e-06 -1.64207e-06 -5.93791e-07 -2.12689e-05 6.00605e-07 -1.43181e-06 -4.74279e-05 0.000161008 8.66976e-10 1.56437e-05 -1.04352e-06 0.000225954 0.000295064 -2.86355e-05 0.000846889 -1.86002e-07 -2.73311e-05 -5.86329e-07 -1.84437e-06 3.18324e-06 -0.000102656 -3.36495e-06 -0.000141198 0.000112093 3.58695e-07 3.51552e-05 -7.38306e-06 -0.000312954 -5.33672e-06 -8.72805e-06 -1.01603e-05 -1.66776e-06 -2.45271e-05 -1.57854e-05 -2.69049e-06 -6.68151e-06 2.96468e-06 -2.52974e-06 8.49651e-06 -0.000818846 -0.00052833 -1.46769e-07 -3.79298e-06 3.14638e-05 -3.85525e-05 5.91847e-06 4.22412e-06 1.56968e-05 -2.93346e-05 -0.000609019 -3.38594e-05 -1.32599e-05 0.000189235 -8.16148e-05 -5.3839e-05 -2.17817e-07 -1.8829e-06 
-0.051489 -0.000801208 0.000493801 -0.00121959 0.00390407 0.00117253 0.16809 -0.0472468 0.000327662 0.0118875 0.00438146 -0.0649076 0.053602 0.00104953 0.00698971 -0.00177579 -0.000253302 -0.0174161 -0.00246461 0.0153676 0.000278612 0.00504642 0.0836731 0.00428299 0.00674331 -0.108352 -0.00105476 0.0010257 -0.0442059 -5.23221e-06 -0.022415 -0.00166483 0.00115095 0.0510805 -5.52868e-05 -0.00167308 -0.000793459 0.000630106 0.037866 -1.30969e-05 0.0253415 0.00017241 0.00418609 -0.000677805 0.00050843 5.67773e-05 0.000234944 1.02506e-05 -0.000133134 0.00502919 0.0138031 7.06923e-06 0.00899633 0.000161221 0.00980579 0.0378645 -0.000446756 0.0355613 -1.11621e-05 -0.000635657 0.000323464 -0.0220479 0.000250082 -0.00664421 -0.000111507 -0.00853361 0.0167811 2.79654e-05 0.0012683 -2.87595e-05 -0.078228 0.00131181 -0.000684857 0.00273065 0.000728534 0.009743 0.00163873 0.000195073 0.00312024 0.00623968 0.000513699 -2.45413e-06 -0.0377769 -0.0558056 0.000455742 -0.000523393 0.0074515 -0.0017537 0.000793002 -1.53222e-05 0.000732264 0.000766905 -0.0764258 0.00343104 -0.000539776 0.00433754 -0.00308348 -0.00193514 -1.3232e-05 0.000241577 
0.0243545 -0.0102781 -0.000359197 -0.000288874 -0.00614708 -0.000494678 -0.0472468 0.0966639 -0.000497942 -0.000518393 0.00365421 0.0543815 -0.0324799 -0.000937689 -0.00590225 -0.00243093 -0.000300353 0.00841838 -0.00522296 -0.0177414 -0.00349801 -0.0197669 -0.0544884 0.0179413 0.000175692 0.0476638 -0.00410167 -0.000995957 0.0309227 1.45082e-05 0.0277115 -0.00555139 -0.00113921 -0.0323178 -0.000122199 -0.00378184 -0.00383025 -0.00124579 -0.0296499 -0.000112821 -0.0294451 -0.000227994 -0.0184761 -0.00172185 -0.000501778 -0.000108014 -0.00405325 -5.384e-05 -0.00024626 -0.0111764 -0.00681048 -2.07201e-05 -0.0137114 -0.00027517 0.00809798 -0.0348 -0.00559267 -0.0213767 -6.04051e-05 0.000708683 -0.00049181 0.00718361 -0.000251663 -0.00699708 6.87376e-05 0.0061725 -0.017265 -5.76279e-05 -0.00125237 -0.00131971 0.056839 -0.00192108 -0.00156728 0.00123531 -0.00178833 -0.0186058 -0.00448804 0.000151839 -0.00284182 -0.00583058 0.000125092 -0.000708774 0.0317789 0.0643893 -0.000493361 -0.0015697 -0.00765844 -0.00355703 -0.00652951 -0.000112962 -0.000259822 -0.00206962 0.0626744 -0.0122949 -0.00184087 -0.00690413 -0.00187541 -0.000475163 2.78231e-06 -0.000195359 
-0.00144078 0.000187538 1.74064e-05 0.00153866 -3.8517e-05 6.59658e-06 0.000327662 -0.000497942 0.00433856 -0.000264333 -0.00176791 -0.00206635 -0.00118832 1.03977e-05 -5.74038e-05 -9.10716e-06 -6.62418e-06 0.00221302 0.000564116 0.000387154 3.9369e-05 -2.29741e-05 -0.000296734 -0.00196505 -0.000400501 -0.00194132 4.33651e-05 0.00219498 0.000925733 0.000104483 1.28058e-06 -2.09441e-05 1.66629e-06 -0.000667469 -1.192e-06 0.000232786 0.00148367 -4.07865e-06 -0.000180587 -4.00744e-07 -0.000142004 0.000525224 2.90109e-05 4.76182e-06 -3.38109e-07 5.61949e-06 1.0653e-05 -1.69197e-07 -9.49321e-07 0.000860043 -4.41492e-05 4.55527e-07 -8.9482e-05 1.03978e-06 -0.00256008 -6.23261e-05 1.49611e-05 -0.000158078 6.88849e-07 0.000730327 6.27602e-06 -0.0002915 -1.52345e-06 0.000624061 7.88985e-05 0.000670527 0.000348005 1.66925e-07 -6.94116e-06 3.94501e-06 -0.00229681 -1.50788e-05 -1.05271e-05 -0.00123289 1.2585e-05 -7.75962e-05 -3.64109e-05 0.000298117 7.84934e-05 -8.6142e-05 0.00199341 1.08547e-05 -0.00149097 -0.00208154 2.13115e-05 8.47805e-06 0.000452777 0.0011109 -9.85832e-06 3.91894e-06 -2.1885e-06 0.00210983 -0.00240229 2.79371e-05 1.08549e-05 0.000442326 0.000862884 -4.70184e-05 -1.65629e-07 7.80618e-06 
-0.0372473 -0.00112758 3.74063e-05 -0.00257016 0.000927226 -5.33219e-05 0.0118875 -0.000518393 -0.000264333 0.103944 -0.00197563 -0.02892 0.00301098 0.000334708 0.000715825 0.00104573 -0.000183438 -0.0056676 -0.000991796 -0.00369998 -0.000440059 -0.00372213 0.0118069 0.0007529 0.0140225 -0.045025 -0.000276616 -0.00557767 -0.029011 -0.000132596 -0.00936785 0.000119838 0.00163695 0.0314836 -3.15528e-05 -0.00090585 -0.00161848 0.000486187 0.00301953 -3.33007e-06 0.00204807 -0.000103428 -0.00232427 -0.000128769 -3.41446e-05 5.3936e-05 -0.000302959 -1.70946e-06 -5.88741e-05 0.00681289 0.000183111 2.39411e-06 -0.00185578 7.78634e-06 0.0013256 0.00417516 0.00125523 0.0414587 4.07424e-06 -0.000671266 -7.89347e-05 -0.0100704 -3.64618e-05 -0.00572521 -9.14771e-06 0.0030179 0.0161768 6.27086e-06 -0.000137134 0.000534275 -0.00512855 -0.00031743 -0.000347645 -0.00269843 -0.000233886 -0.00302879 0.000180746 -0.000140855 -0.000536786 0.00110419 -0.00141939 -0.000187224 -0.0200397 0.00360484 -5.60805e-05 -0.000296631 -0.00201864 -0.00193032 -0.000662037 2.65083e-05 -2.50758e-05 -0.0021394 -0.0169594 -0.00202981 -0.000324995 -0.00182904 -0.00328342 -0.00110372 6.85848e-06 0.000389979 
0.00938167 -0.000745879 -0.000671593 -0.0121818 -0.0011517 -0.000155379 0.00438146 0.00365421 -0.00176791 -0.00197563 0.0578973 0.00566818 0.0100629 -0.000392162 -0.00235625 -0.00121426 -0.000594002 -0.000936071 -0.00315876 -0.00147341 -0.00211269 -0.00428972 0.0043038 0.0113466 -0.00324028 0.00911352 -0.000780997 -0.00844202 0.00104283 -0.00113406 0.00307951 -0.000684866 -0.000863236 0.00458382 -9.85926e-05 -0.00203831 -0.0101433 -7.69061e-05 -0.0033681 -0.000109122 -7.35143e-05 -0.000622891 -0.000159696 -0.000879444 -0.000629613 -2.36473e-05 -0.00143672 -2.63197e-05 -8.81509e-05 -0.00958988 -0.000501713 -1.26969e-05 -0.00273099 -0.000119572 0.0121116 0.0022456 -0.00146054 -0.00440532 -2.13415e-05 -0.00599806 1.02067e-05 -0.0249058 -9.9991e-06 -0.00265746 -0.000728115 0.00094023 0.000315711 -2.54656e-05 -0.000251721 -0.00211542 0.00775807 0.000181094 -0.000435857 0.00828661 -0.000239971 -0.00174016 -0.00185717 -0.00147704 -0.000426932 -0.00526937 -0.0102568 -0.00080511 0.0193282 0.00589595 -0.000236572 -0.000682613 -0.00470802 -0.00646379 -0.000691608 -0.000175142 -0.000315192 -0.0128037 0.0091894 -0.00113585 -0.0011774 -0.00418105 -0.00809487 -0.00195152 -1.03528e-05 -1.13289e-05 
0.0476553 -0.0119232 -0.000589072 -0.0114142 -0.00129876 -0.000327967 -0.0649076 0.0543815 -0.00206635 -0.02892 0.00566818 0.149009 -0.0273398 -0.000449622 -0.000583425 -0.00225014 0.00011337 -0.0111997 -0.0111586 -0.0239895 -0.00155177 -0.0219384 -0.0594292 0.0305009 -0.0227567 0.0653521 -0.00529494 -0.00538418 0.0331702 -0.00152802 0.0354199 -0.00733633 -0.000985182 -0.0481973 -0.000161143 -0.00663496 -0.00315918 -0.00136752 -0.0302719 -0.00014828 -0.0229747 -0.000803583 -0.0234067 -0.00322519 -0.000252597 -0.000162813 -0.00708099 -7.88031e-05 -0.00027307 0.000962321 -0.0165066 -2.29192e-05 -0.005976 -0.00020653 0.0200275 -0.04293 -0.00966946 -0.0479187 -6.49387e-05 -0.0106127 -0.000567472 0.0191635 -0.000196352 -0.00867215 -0.000504207 0.0021026 -0.0282575 -4.14601e-05 -0.00153799 0.000385777 0.0800907 -0.00199609 -0.00277207 0.0125421 -0.00155795 -0.0154379 -0.00160213 -0.000622816 -0.00421147 -0.00046397 -0.00562765 -0.00107967 0.0376825 0.0813818 -0.000551684 -0.00183337 -0.0121847 -0.0106511 -0.00676864 -7.47137e-05 -0.000592893 -0.00548517 0.0854895 -0.0167366 -0.00340691 -0.00861484 -0.0135546 0.0020446 -2.19721e-05 -0.000787753 
0.0146673 0.00304229 -2.80616e-05 -0.0122191 0.0012655 0.00027819 0.053602 -0.0324799 -0.00118832 0.00301098 0.0100629 -0.0273398 0.249225 1.77858e-05 0.00228146 -0.0028889 -0.000442286 -0.0920838 -0.00552984 0.00241792 8.68427e-05 0.00446605 0.0915048 0.00996905 -0.0450589 -0.0458132 -0.00150785 -0.0124717 -0.0715276 -0.000975857 -0.00955034 -0.000164202 0.000549197 0.034828 -0.000124141 -0.00259754 -0.0103289 0.000365226 0.0247718 -1.91411e-05 0.0156665 -0.000193614 0.00808578 -0.00119327 4.22196e-05 -9.35625e-05 0.000185687 -1.01356e-05 -4.74472e-05 -0.0160409 0.0116723 6.92503e-06 0.000288876 -2.51137e-05 0.0169399 0.0260732 -0.000178613 -0.0297438 2.3544e-05 -0.00696272 9.19597e-05 -0.043094 8.97416e-05 -0.00964341 -0.000659389 -0.0269965 0.00707164 1.02986e-05 0.000875528 -0.00059659 -0.0100894 0.00120914 -0.0010372 0.0172379 0.000208269 0.00638423 0.00140575 -0.00106245 0.00203313 0.00464035 -0.00624794 -0.000553962 -0.0248978 -0.0307057 0.000265073 -0.000979168 8.55779e-07 -0.00819788 0.00246192 -3.52708e-05 0.00068068 -0.0100473 -0.0119215 0.0061702 -0.0016377 -0.000711658 -0.0114605 -0.00659061 -4.46318e-05 -0.000194527 
-0.00130013 0.000116344 1.24122e-05 0.000219756 -7.62863e-06 4.62954e-06 0.00104953 -0.000937689 1.03977e-05 0.000334708 -0.000392162 -0.000449622 1.77858e-05 0.00312474 6.01603e-05 0.000283651 -3.26016e-06 0.00108457 0.000174344 0.000190454 4.18516e-06 3.20426e-05 -0.000300741 -0.000187261 0.000549318 -0.000959069 2.75997e-05 0.000196452 1.45972e-05 -4.95132e-06 -0.000386033 1.24867e-05 7.70407e-05 -0.000574777 2.27476e-05 4.08412e-05 0.000477857 -2.05159e-06 0.000202333 -3.76653e-07 -0.000116066 -1.84538e-06 0.000340312 6.09049e-06 3.15501e-06 4.33265e-07 2.15563e-05 -3.10729e-07 3.87731e-07 0.000635186 -1.21061e-05 5.58063e-07 -2.57773e-05 -8.88191e-07 -0.000556401 -0.000100402 -7.07676e-06 -0.000144859 -3.24532e-07 -1.20195e-05 4.6843e-05 -0.000411888 3.81593e-06 0.000512268 4.96043e-06 9.06173e-05 0.000264373 4.26663e-07 1.23293e-05 4.9172e-05 -0.00117461 -8.49138e-06 -2.73891e-06 -0.000251267 7.45201e-06 -1.53222e-05 -6.15851e-06 0.000230952 -1.54284e-05 5.0317e-05 0.000166637 3.55702e-06 -0.00101987 -0.0007891 4.37457e-07 5.10143e-06 -4.06326e-05 1.20033e-07 -1.33465e-05 7.4246e-07 5.39947e-06 0.000352939 -0.00131461 3.01143e-05 8.48143e-05 0.000192095 2.8734e-05 3.60444e-05 3.29488e-06 1.50744e-05 
-0.00239169 0.000304323 4.11137e-06 -0.000395082 0.000859309 1.01745e-05 0.00698971 -0.00590225 -5.74038e-05 0.000715825 -0.00235625 -0.000583425 0.00228146 6.01603e-05 0.0209543 -0.000206747 2.09275e-05 -0.00456657 -0.000201731 -0.000516595 0.00058366 0.000624238 0.00878008 -0.00108684 -0.00496131 -0.00807498 8.91549e-05 -0.00027106 -0.00682558 -2.6269e-05 -0.000864651 0.000297073 0.000136906 0.00406102 -3.05486e-06 0.000113509 -7.42223e-05 -2.24873e-05 -0.00073661 7.29547e-05 0.00104118 -6.34089e-07 0.000413374 -5.91742e-05 0.000730672 -4.50074e-06 0.000574281 -6.74288e-07 -1.11713e-06 0.00118955 0.00101971 1.0102e-05 0.00108697 4.86178e-06 -0.00232638 -0.000534276 0.000107782 -0.00373113 -2.73602e-07 -0.000283636 1.89846e-05 0.000502564 2.11636e-05 -0.000663819 -4.01175e-06 0.000815651 0.000644636 3.76547e-06 3.6078e-05 0.000243943 -0.00392334 4.69942e-06 -1.34558e-06 0.00036797 0.00033689 0.000848715 0.00126704 0.000191016 -3.9182e-05 0.00592585 0.000164085 -2.6742e-05 -0.00869546 -0.000577877 0.000245787 -3.98687e-05 0.000390842 -0.000144683 -0.000146992 3.89887e-05 0.000144418 6.51389e-05 -0.00661091 0.00129111 0.000122204 0.00121534 2.03784e-05 -0.000115767 -1.88658e-06 -6.13969e-06 
-0.00047044 0.00372177 5.119e-05 0.00134527 -6.32398e-05 -2.05213e-05 -0.00177579 -0.00243093 -9.10716e-06 0.00104573 -0.00121426 -0.00225014 -0.0028889 0.000283651 -0.000206747 0.0108463 -1.4222e-05 0.00248796 0.00142541 0.000349353 0.000274323 0.00250364 -0.00137586 -0.00618038 0.00170686 -0.00267993 4.62641e-05 0.00298131 0.000929446 1.01075e-05 -0.0013159 -6.87258e-05 -1.16365e-05 -0.00107029 3.72113e-05 0.000182383 0.00129794 1.96372e-05 0.000505548 3.11842e-05 0.000337352 -9.26748e-06 0.00323423 0.00151083 1.34855e-05 1.8671e-05 0.0022879 1.19179e-05 8.58633e-05 -0.000221207 -0.000185314 -1.14982e-07 -4.93717e-05 -2.06853e-06 -0.00635785 -0.000495546 2.49831e-05 -0.00181602 -1.05874e-06 0.00045144 5.16539e-05 -0.00147208 -2.81258e-06 0.00355489 0.000173251 0.000654702 0.00101838 1.62198e-06 0.000108734 -6.18878e-05 -0.00571485 -2.96008e-05 -3.38186e-05 -0.000792972 0.000147112 0.000982068 -8.14321e-05 0.000165444 -1.07284e-05 -0.000218222 0.000392674 6.87219e-05 -0.00465966 -0.0042296 -5.35059e-06 5.65283e-05 -4.85065e-05 0.000217946 0.00233545 1.72532e-05 3.78666e-05 0.000895559 -0.00619515 0.00157696 0.00171505 0.000330339 0.00229018 -0.000113128 -6.30838e-07 3.72958e-06 
-0.000115255 -1.72042e-05 1.26414e-06 -3.83693e-05 0.000230254 -2.74323e-06 -0.000253302 -0.000300353 -6.62418e-06 -0.000183438 -0.000594002 0.00011337 -0.000442286 -3.26016e-06 2.09275e-05 -1.4222e-05 0.00192112 -0.000503692 -2.20197e-05 -2.81555e-05 -3.04339e-07 2.98851e-05 -0.000154409 1.12171e-05 -0.000436405 0.00028995 1.88206e-05 -0.000136034 -0.000239518 -2.17801e-06 -7.87947e-05 5.2101e-05 3.44136e-05 -5.55044e-05 -4.64522e-08 4.21185e-07 -6.20763e-06 4.27886e-06 -4.36982e-05 4.51569e-07 -7.29534e-05 -6.05623e-07 -5.43013e-05 1.04296e-06 1.94943e-06 -4.80128e-07 -9.86211e-06 -7.69483e-08 3.79597e-06 0.000221043 -4.06847e-05 1.90212e-07 8.82203e-05 -2.98226e-07 6.8473e-05 -3.89621e-06 2.00993e-05 -1.90754e-05 2.77072e-06 -2.49412e-05 -1.29325e-06 0.000358261 -3.13003e-07 -7.08637e-05 -2.70016e-06 -0.000118191 -7.11363e-05 6.1221e-06 -1.48261e-06 7.47595e-05 0.000236354 -1.17417e-06 -5.77833e-06 3.33304e-05 3.0381e-05 2.92132e-05 2.23146e-05 2.03535e-07 -2.5498e-06 3.59621e-05 -1.79801e-05 -4.09121e-07 0.000153152 8.26531e-05 -1.02976e-06 1.35683e-06 -2.24775e-05 7.34416e-06 -1.24932e-05 1.60552e-06 -7.56035e-07 -3.15034e-05 0.000200872 -3.13142e-05 1.86784e-06 -4.85773e-05 -3.5021e-05 -2.74849e-05 7.70824e-07 -2.85375e-06 
-0.0258011 -0.00122036 0.000469345 0.0100202 -0.00253871 -0.000139533 -0.0174161 0.00841838 0.00221302 -0.0056676 -0.000936071 -0.0111997 -0.0920838 0.00108457 -0.00456657 0.00248796 -0.000503692 0.21235 0.00422813 0.00946337 -0.000713109 -0.00811964 -0.0611841 -0.0171381 0.0752293 0.00961698 0.00253116 0.0157964 0.0331317 0.000960606 0.000241506 0.00100238 -0.000200564 -0.0524541 9.58273e-05 0.00254449 0.00511633 -0.000466129 -0.020401 -2.96047e-05 -0.0126935 0.000391456 -0.00147401 0.000164865 1.55068e-05 0.000103837 -0.00108627 -6.90297e-06 9.36102e-06 0.00501817 -0.00376719 -2.13728e-06 -0.00664555 -8.06776e-05 -0.0228829 -0.0134482 0.00382143 -0.00565796 -1.90042e-05 0.00788198 0.000115702 -0.0128725 9.75435e-05 0.0126548 0.000310143 0.0201239 0.00689436 -1.83673e-05 0.000336004 -0.00131048 -0.0204612 -0.000772853 0.000304293 -0.0212235 -0.000177794 -0.00706788 -0.00243069 0.00030438 -0.000886984 -0.00759984 0.00535152 0.000365826 0.016367 -0.00628158 -0.00011013 0.000313759 0.00656228 0.00860398 -0.00179247 -6.95356e-05 -0.000557181 0.00978259 -0.0352661 -0.00349976 -0.000563214 0.00864645 0.00525114 -0.00384977 3.22654e-05 0.000529204 
-0.00713768 0.00370072 6.5846e-05 0.00565799 -0.000146949 -3.05628e-05 -0.00246461 -0.00522296 0.000564116 -0.000991796 -0.00315876 -0.0111586 -0.00552984 0.000174344 -0.000201731 0.00142541 -2.20197e-05 0.00422813 0.0167885 0.00417477 -8.10423e-06 0.00511338 -0.000539085 -0.012875 0.000724778 -0.00396913 0.00306423 0.00242734 0.00135629 0.00117406 -0.00405926 0.0027851 -1.04673e-05 -0.00145058 8.94235e-05 0.00332669 0.00207528 0.000186541 -0.000920529 1.37073e-05 -0.000713936 0.000212802 0.00567853 0.00246612 0.000136958 4.57859e-05 0.00343552 5.40257e-05 0.000121986 -0.0002645 -1.15939e-06 3.35705e-07 3.142e-05 -2.43151e-06 -0.0119816 -0.000834546 0.00184322 -0.00314076 3.82977e-08 0.00587348 0.000224646 -0.00119626 3.55477e-05 0.00640733 1.26169e-05 0.000758076 0.00139414 -1.00662e-06 -2.0749e-05 -8.90922e-05 -0.00944378 -5.73068e-05 0.00209689 -0.0103919 0.000188827 0.00177666 -8.78133e-05 0.000383129 -8.53217e-05 1.50479e-05 0.00191719 0.000711262 -0.0113919 -0.0111515 1.72103e-05 0.00132001 0.0024823 0.00786097 0.00110594 2.43626e-05 -7.38379e-06 0.00377657 -0.0104175 0.0034138 0.00225954 0.00573222 0.0080133 -0.000239722 1.28734e-05 0.000460621 
-0.00979778 -0.000145724 0.000149921 0.00868394 -0.000279017 0.000117952 0.0153676 -0.0177414 0.000387154 -0.00369998 -0.00147341 -0.0239895 0.00241792 0.000190454 -0.000516595 0.000349353 -2.81555e-05 0.00946337 0.00417477 0.036541 1.63289e-05 -0.00135702 0.00586504 -0.0129993 0.00703999 -0.0164284 0.00575647 0.00334169 -0.000851579 0.000230284 -0.00954899 0.00527877 -3.46619e-05 7.53801e-05 0.000225528 0.00608233 0.0028975 9.05546e-06 0.00141103 1.74962e-05 0.00434292 0.00012722 -0.000196859 -1.96338e-05 5.28692e-05 6.63591e-05 0.000390987 4.77235e-05 1.14639e-05 0.00188783 0.00591994 6.7726e-06 -0.000652954 4.60046e-05 -0.0104358 0.00962848 0.00491399 0.00340016 3.91408e-06 0.00615756 0.000277376 -0.00470696 4.60859e-05 0.0100216 9.75015e-05 -0.00139402 0.0010317 3.86621e-06 0.000656578 -0.000138854 -0.0256767 0.000601678 0.00311236 -0.0086334 0.000260637 0.00127892 -0.000254587 -4.05417e-05 0.000353435 -0.000807901 0.00164351 0.000740699 -0.00797986 -0.0272759 5.29008e-05 0.00194743 0.00696782 0.00971236 3.39905e-05 7.81385e-06 4.74368e-05 0.00460172 -0.0240157 0.000169927 -6.8608e-05 0.0113383 0.00328776 -0.000445638 7.89755e-06 0.000239473 
0.000356987 0.000980299 0.000163261 0.000311912 0.0011287 -2.02263e-05 0.000278612 -0.00349801 3.9369e-05 -0.000440059 -0.00211269 -0.00155177 8.68427e-05 4.18516e-06 0.00058366 0.000274323 -3.04339e-07 -0.000713109 -8.10423e-06 1.63289e-05 0.0081604 0.000150119 0.00135369 -0.00175901 -0.0015594 -0.00129668 3.0268e-05 0.00195683 -0.000676487 -1.22549e-05 -0.00190768 0.000404292 -3.12568e-06 0.000298338 -2.70768e-07 -2.70917e-06 0.0007042 0.000463336 0.000646619 5.51725e-07 0.000975142 -8.85648e-07 0.00113575 9.30976e-05 2.04646e-05 5.23652e-06 0.000518009 6.2481e-06 6.8012e-05 7.62946e-05 -7.05857e-05 4.21867e-06 0.000623894 1.12081e-05 -0.00198015 0.000703 0.000281796 0.000167026 2.83812e-06 2.6214e-05 4.10385e-06 -2.31739e-05 -2.14064e-06 0.00108431 5.31846e-05 -0.000277702 0.000599791 2.80625e-06 9.2151e-05 8.51949e-05 -0.00161223 1.58189e-05 -2.30521e-05 -8.81367e-05 3.68523e-05 0.000214649 0.000360377 -9.41668e-06 0.000171379 0.000244129 3.19855e-05 1.8552e-05 -0.00287984 -0.002365 -4.49367e-06 7.5947e-05 4.69366e-05 -0.000110463 0.00045318 6.64066e-06 -1.07448e-05 0.000423654 -0.00327912 0.000359127 0.00011085 -0.000181958 0.000514375 0.000373663 -4.05927e-07 -9.86752e-06 
-0.00738346 0.0120136 -4.81293e-05 -0.000484693 0.000392728 -0.000104135 0.00504642 -0.0197669 -2.29741e-05 -0.00372213 -0.00428972 -0.0219384 0.00446605 3.20426e-05 0.000624238 0.00250364 2.98851e-05 -0.00811964 0.00511338 -0.00135702 0.000150119 0.0387114 0.0229537 -0.0133819 -0.00869891 -0.0112162 -0.000293481 4.70194e-05 -0.00915341 0.000441562 -0.00270106 0.000151155 3.49678e-06 0.0110745 9.3077e-06 0.000175635 0.00362509 0.000245051 0.0101457 6.05388e-05 0.00889771 7.78589e-05 0.0197205 0.00312156 4.42915e-05 1.34572e-07 0.00492568 1.53925e-05 0.00023495 0.00322538 0.00516963 -4.93133e-07 0.00893001 0.000112221 -0.0113323 0.00120696 -0.000224248 0.0002488 3.83836e-05 0.0005742 0.000153484 -0.0030226 5.07133e-06 0.00255885 -1.84739e-05 -0.00259118 0.000759122 1.62634e-05 5.12436e-05 0.000512639 -0.0258879 -0.000100738 -0.000141148 -0.000649039 0.000710472 0.0154166 0.000842649 0.000153969 -0.000154641 0.00169294 -0.00032534 0.000223545 -0.0277987 -0.0211833 0.000214217 -7.32901e-05 0.000240247 -0.000299448 0.0056836 6.60129e-05 0.000349148 -0.000878096 -0.0230879 0.0163559 0.00310052 -0.00113895 0.00880256 -0.000857869 5.89168e-06 -2.70221e-05 
-0.045542 0.00668075 -7.1788e-05 -0.00607887 0.00372963 0.000126391 0.0836731 -0.0544884 -0.000296734 0.0118069 0.0043038 -0.0594292 0.0915048 -0.000300741 0.00878008 -0.00137586 -0.000154409 -0.0611841 -0.000539085 0.00586504 0.00135369 0.0229537 0.19529 0.00124042 -0.0397353 -0.0849618 -0.00196617 -0.00625793 -0.100588 -0.000475056 -0.0166401 -0.00181402 0.000494668 0.0879673 -6.69528e-05 -0.0020704 -0.000395449 0.000698096 0.0314833 3.09962e-05 0.0343449 9.0784e-05 0.0141411 4.99417e-05 0.000416516 5.93582e-06 0.00274913 8.49618e-06 0.000119797 0.00469198 0.0157044 6.16534e-06 0.0152231 0.000240969 0.0113033 0.0350503 -0.00259045 0.0164661 3.39567e-05 -0.00365478 0.000263051 -0.0227178 0.000215108 -0.00864206 -0.000308392 -0.0149813 0.0137047 4.07779e-05 0.00093422 0.00176448 -0.0643236 0.00206073 -0.000881024 0.00929155 0.000921094 0.0154287 0.00559834 -0.000418134 0.00305645 0.0162675 -0.00283855 1.34868e-05 -0.0675681 -0.0501493 0.000445464 -0.000611905 0.00469343 -0.00482152 0.00402253 4.39097e-05 0.00110193 -0.00378114 -0.0629826 0.0139245 0.000323677 -0.00208032 -0.000290825 -0.00476081 -1.73802e-05 0.000107342 
0.00579316 -0.0136715 -0.000492766 -0.0173969 0.00017733 9.91712e-05 0.00428299 0.0179413 -0.00196505 0.0007529 0.0113466 0.0305009 0.00996905 -0.000187261 -0.00108684 -0.00618038 1.12171e-05 -0.0171381 -0.012875 -0.0129993 -0.00175901 -0.0133819 0.00124042 0.0524255 -0.00580335 0.00647617 -0.00692384 -0.0194038 -0.0101586 -0.00163252 0.0125936 -0.00858073 0.000121556 -0.000202229 -0.000256607 -0.00803962 -0.00881496 -0.000512935 0.00173991 -0.000144279 0.00181248 -0.000597643 -0.0167932 -0.00340643 -0.000367186 -6.2907e-05 -0.00662571 -6.40272e-05 -0.000296445 -9.52166e-05 -0.00448226 -1.4762e-05 0.000502907 -2.32493e-05 0.0403739 -0.000487625 -0.00912997 0.00857283 -6.51166e-05 -0.0120555 -0.000317314 0.00462772 -1.53373e-05 -0.0209128 -0.000557682 -0.00356331 -0.0021711 -1.62712e-06 -0.00018946 7.26441e-05 0.0376412 0.000101672 -0.0033472 0.0163346 -0.00127861 -0.00577702 9.07416e-05 -0.000752556 -0.000572875 0.000428879 -0.00770784 -0.00132799 0.0260312 0.0375175 -0.000454831 -0.00225088 -0.00678482 -0.0150785 -0.00565725 -9.82665e-05 -4.36821e-05 -0.0130196 0.034336 -0.0124756 -0.00349814 -0.0130307 -0.0183412 -0.000114544 -3.68864e-05 -0.000363588 
-0.0519128 -0.00353908 0.000560445 0.00224504 -0.00122813 -0.000458043 0.00674331 0.000175692 -0.000400501 0.0140225 -0.00324028 -0.0227567 -0.0450589 0.000549318 -0.00496131 0.00170686 -0.000436405 0.0752293 0.000724778 0.00703999 -0.0015594 -0.00869891 -0.0397353 -0.00580335 0.204343 -0.0215236 0.000320208 -0.011019 -0.0113037 0.000647245 -0.00386961 4.49729e-05 0.000206103 -0.0218295 -6.10016e-05 -0.00115005 -0.00391903 2.12615e-05 -0.00642296 -1.21854e-05 -0.00340263 -5.62749e-05 -0.00374892 -0.000544813 -0.000171564 9.36349e-05 -0.00275663 -1.11967e-05 -0.000172468 0.0040878 -0.00266011 4.75438e-07 -0.00565319 -0.000107912 0.00966367 0.00564543 0.00181607 0.030734 -2.15008e-05 0.0050243 -2.22079e-05 -0.0169135 0.000106834 -0.0109372 -4.03147e-05 -0.00175683 0.00912314 4.57136e-07 0.000789158 -0.000328226 -0.037343 -0.000574734 -0.000353353 -0.0151999 -0.000507571 -0.00671405 -0.00220733 -0.000407329 -0.000401484 -0.00604829 0.0014725 -1.66232e-05 0.011119 -0.00925798 -6.11801e-05 -0.00066489 0.00815589 0.0036295 -0.00230312 -6.13752e-05 -0.000609205 0.00539849 -0.00902821 -0.00498122 -0.00112483 0.00680491 0.000367097 -0.00132628 6.40035e-06 0.000778577 
0.0770944 -0.00243773 -0.000631182 -0.00754069 -0.00422988 -0.00137969 -0.108352 0.0476638 -0.00194132 -0.045025 0.00911352 0.0653521 -0.0458132 -0.000959069 -0.00807498 -0.00267993 0.00028995 0.00961698 -0.00396913 -0.0164284 -0.00129668 -0.0112162 -0.0849618 0.00647617 -0.0215236 0.216394 -0.00101933 -0.010531 0.0461159 -0.000874888 0.0161857 0.00092109 -0.0017183 -0.0575492 -2.9792e-05 -0.000909271 -0.00486995 -0.000645684 -0.0403823 -7.6814e-05 -0.0298785 -0.000691045 -0.00568319 -0.00125456 -0.000687698 -0.00017222 -0.00301855 -4.20438e-05 7.12227e-05 -0.0317155 -0.015244 -9.20507e-06 -0.0107669 -0.000205552 0.000402909 -0.0308071 0.002022 -0.054687 1.35171e-05 -0.00568336 -0.00046607 0.0170897 -0.000238078 0.00491193 -0.000540933 0.00784867 -0.021574 -4.40996e-05 -0.00113602 -0.00204193 0.064169 -0.00129011 -0.00107077 0.0106468 -0.000510939 -0.0120926 -0.00503034 -0.00116778 -0.00225851 -0.0141318 -0.00648375 -0.00108425 0.0821873 0.0505487 -0.000470416 -0.000456955 -0.0112752 -0.00640239 -0.00327252 -0.000135366 -0.00104509 -0.012104 0.0667665 -0.00494595 -0.00138581 -0.0147618 -0.000861713 0.0049868 8.08881e-06 -0.00100499 
-0.00229101 -9.70985e-05 0.000105224 0.00286498 -1.48602e-05 -1.60746e-05 -0.00105476 -0.00410167 4.33651e-05 -0.000276616 -0.000780997 -0.00529494 -0.00150785 2.75997e-05 8.91549e-05 4.62641e-05 1.88206e-05 0.00253116 0.00306423 0.00575647 3.0268e-05 -0.000293481 -0.00196617 -0.00692384 0.000320208 -0.00101933 0.00751532 0.000301952 0.00112893 0.000176185 -0.00605175 0.00475207 -2.62089e-05 0.000312807 6.4403e-05 0.00422803 0.000975033 4.80548e-05 -0.000580712 3.02772e-05 -0.000313699 -4.75922e-06 -4.25586e-05 5.05607e-05 0.000202183 2.94428e-05 0.000265961 3.67852e-05 8.40814e-06 -0.000160952 0.000631446 1.06456e-06 -0.000160673 1.59021e-05 -0.00645242 0.000643172 0.00476008 -0.000862841 5.11598e-06 0.00203431 0.000101485 -0.000484446 5.34222e-06 0.00520408 -1.99752e-06 0.000683073 6.53851e-06 -3.02323e-07 4.16478e-05 -3.61573e-05 -0.00504644 -7.78188e-06 0.00271381 -0.00536324 0.000204349 -1.77129e-05 -5.46379e-05 -1.54875e-05 9.95705e-05 -0.000185406 0.000202177 0.000467826 -0.00348484 -0.00632254 1.23213e-06 0.00186098 0.000519686 0.00574911 -5.39285e-05 3.50167e-06 -1.54358e-05 0.000931223 -0.00550477 -0.000171728 -2.64084e-05 0.00485162 -1.04536e-05 0.000159974 -5.41581e-07 0.000177061 
0.0149589 0.00295247 0.000364448 0.0151991 -0.000323119 -0.000258551 0.0010257 -0.000995957 0.00219498 -0.00557767 -0.00844202 -0.00538418 -0.0124717 0.000196452 -0.00027106 0.00298131 -0.000136034 0.0157964 0.00242734 0.00334169 0.00195683 4.70194e-05 -0.00625793 -0.0194038 -0.011019 -0.010531 0.000301952 0.109152 0.0136828 0.000788516 0.00294353 -0.000609053 -0.000222557 -0.00793578 5.57992e-05 0.000988677 0.0103369 -0.000156395 -0.0073821 -1.33127e-05 -0.00223079 0.00042473 0.00351557 -9.62764e-05 -0.00010235 2.73406e-05 0.000705701 -9.27624e-06 1.83849e-05 0.00782146 -0.00210012 -1.6042e-06 -0.00132205 -1.25404e-05 -0.0609817 -0.00508502 -0.000777683 -0.0265268 3.98891e-05 0.00714818 -7.32729e-05 -0.0144241 -3.37208e-05 0.015725 0.00123337 0.0217204 -0.00161134 -8.26693e-06 -0.00012195 -0.000438457 -0.0289471 -0.000350546 -3.63786e-05 -0.00882773 -0.000197015 -0.000750497 -0.000555491 0.00120738 6.26235e-05 -0.00173867 0.00958794 0.000808698 -0.00964367 -0.0132231 -1.0091e-05 -1.5527e-05 0.00400894 0.00808305 0.0017948 6.16764e-05 -0.000130203 0.0151787 -0.0401702 0.0020487 8.19955e-05 0.00746042 0.00863657 -0.0012382 3.59785e-05 5.2735e-05 
0.0267334 0.00211649 -0.000410443 0.00592982 -0.00618112 0.000384563 -0.0442059 0.0309227 0.000925733 -0.029011 0.00104283 0.0331702 -0.0715276 1.45972e-05 -0.00682558 0.000929446 -0.000239518 0.0331317 0.00135629 -0.000851579 -0.000676487 -0.00915341 -0.100588 -0.0101586 -0.0113037 0.0461159 0.00112893 0.0136828 0.192319 0.000386443 0.0130403 0.00160973 -0.00212402 -0.0590103 5.92523e-05 0.0019436 0.000522545 -0.0010029 -0.0104363 -4.21222e-05 -0.0273591 0.000101595 0.00469014 0.000361703 -0.000635868 -7.24717e-05 -0.000252577 -2.93573e-05 -0.000140869 -0.00811061 -0.00563077 -9.37912e-06 -0.0150314 -0.000232297 -0.0223396 -0.0222862 0.00214174 -0.00135479 -3.00204e-06 0.00279368 -0.000289916 0.00419382 -0.000246875 0.0100452 0.000238701 0.00930867 -0.0131791 -4.97777e-05 -0.00140419 -0.00240752 0.00894945 -0.00226014 0.000765335 -0.00230627 -0.00103084 -0.00674402 -0.00540875 0.000497012 -0.00345546 -0.012272 0.00288639 0.000258629 0.00874053 0.0110938 -0.000219193 0.00054778 -0.00327119 0.0032797 0.00100194 8.34283e-06 -0.000800756 0.00472382 0.0308341 -0.00165527 0.000150685 0.00433355 0.00561548 -0.000263432 9.48692e-06 -0.000536264 
-0.000873612 2.32614e-05 6.35014e-05 0.00128191 -1.97472e-05 1.03565e-06 -5.23221e-06 1.45082e-05 0.000104483 -0.000132596 -0.00113406 -0.00152802 -0.000975857 -4.95132e-06 -2.6269e-05 1.01075e-05 -2.17801e-06 0.000960606 0.00117406 0.000230284 -1.22549e-05 0.000441562 -0.000475056 -0.00163252 0.000647245 -0.000874888 0.000176185 0.000788516 0.000386443 0.00197445 -0.000264072 0.000152456 -6.66078e-06 -0.000370454 2.74853e-06 0.000230274 6.04767e-05 -2.19861e-06 -0.000134871 7.91321e-07 -9.32974e-05 9.23514e-05 0.000415332 0.000374619 1.31139e-05 1.56105e-06 0.000343192 6.13757e-06 4.00347e-07 -0.000139553 -1.42264e-05 5.58641e-07 -4.2514e-05 -6.00059e-07 -0.0015067 -0.000116131 3.4461e-05 -0.000355834 -1.48269e-08 0.00130973 1.30599e-05 -0.000117688 5.34689e-06 0.000190471 8.58324e-05 1.65314e-05 4.6145e-07 -2.84993e-08 1.33642e-06 -1.00425e-05 -0.00128118 -6.90695e-06 5.07828e-05 -0.00174905 7.77746e-06 -2.72765e-05 -1.62408e-05 0.000112562 -9.87173e-06 -3.14275e-05 0.00100496 2.87026e-05 -0.00148168 -0.00141833 3.31695e-06 3.40801e-05 0.00100945 0.00105831 2.65747e-05 2.36685e-06 -3.74128e-06 0.000952722 -0.00128381 9.57648e-06 0.000170285 0.000524868 0.00154322 -4.32837e-05 8.64917e-06 4.73102e-05 
0.0193859 -0.00195887 -0.000561727 -0.00469767 -0.00324819 -0.000470727 -0.022415 0.0277115 1.28058e-06 -0.00936785 0.00307951 0.0354199 -0.00955034 -0.000386033 -0.000864651 -0.0013159 -7.87947e-05 0.000241506 -0.00405926 -0.00954899 -0.00190768 -0.00270106 -0.0166401 0.0125936 -0.00386961 0.0161857 -0.00605175 0.00294353 0.0130403 -0.000264072 0.0493368 -0.00775454 -0.00159717 -0.0217616 -0.000235098 -0.00705094 -0.00390183 -0.00125201 -0.0169962 -0.000159121 -0.0122982 -6.26124e-05 -0.00197431 -0.00144862 -0.000246559 -6.64115e-05 -0.00303337 -8.6508e-05 -7.51912e-05 -0.00300531 -0.00241994 -2.15102e-05 -0.00780322 -0.000165831 0.00796707 -0.0226199 -0.0102159 -0.0242364 -3.17082e-05 -0.00244014 -0.000299506 0.00496916 -6.31066e-06 -0.00844682 -1.97135e-05 0.00231994 -0.010294 -4.69111e-05 -0.00113789 -0.000283297 0.0315539 -0.00126508 -0.00327764 0.00517846 -0.00114685 -0.00224822 -0.00109184 -1.51542e-05 -0.00412865 -0.000771513 -0.000794214 -0.000825203 0.00630611 0.0359457 -0.00042316 -0.00223967 -0.00056942 -0.00556987 -0.00261576 -5.09041e-05 -0.000171336 -0.000509799 0.0351258 -0.000549275 -0.00106257 -0.00503546 -0.000654965 -0.000739781 -6.09859e-06 -9.01652e-05 
-0.00185578 1.29365e-05 5.78856e-05 0.00272185 0.000288393 -1.4845e-05 -0.00166483 -0.00555139 -2.09441e-05 0.000119838 -0.000684866 -0.00733633 -0.000164202 1.24867e-05 0.000297073 -6.87258e-05 5.2101e-05 0.00100238 0.0027851 0.00527877 0.000404292 0.000151155 -0.00181402 -0.00858073 4.49729e-05 0.00092109 0.00475207 -0.000609053 0.00160973 0.000152456 -0.00775454 0.0094572 -2.80067e-05 0.00299447 0.000151872 0.00531255 0.00172779 0.000330921 -0.000515228 7.04257e-05 -0.000356322 -6.29172e-06 0.000981549 5.71539e-05 2.56208e-05 -4.45389e-07 0.000264923 1.06297e-05 1.44403e-05 -0.000564652 0.00108743 1.04699e-05 -0.000188427 2.7731e-06 -0.00646819 0.00203649 0.00642247 0.000261124 1.63448e-05 0.00152107 5.54372e-05 -0.00125094 -3.56989e-06 0.00542276 5.68874e-06 -0.000412774 4.48709e-05 -6.43961e-07 2.68701e-05 -2.15505e-05 -0.00667617 4.12406e-05 0.00268506 -0.00371277 0.000280154 0.000879549 -5.90612e-06 -1.90831e-05 0.000159239 -0.000207696 0.00015947 9.36226e-05 -0.00365496 -0.00813987 -6.4956e-06 0.00180142 -0.000111895 0.00413962 -1.8024e-05 -7.87381e-07 2.7199e-05 0.000138643 -0.00642422 0.000432717 -1.92071e-05 0.00364085 0.000760076 0.000655115 4.33117e-06 5.81358e-05 
-0.00174624 -3.55047e-05 2.15802e-06 -1.27904e-05 0.000430083 1.50359e-05 0.00115095 -0.00113921 1.66629e-06 0.00163695 -0.000863236 -0.000985182 0.000549197 7.70407e-05 0.000136906 -1.16365e-05 3.44136e-05 -0.000200564 -1.04673e-05 -3.46619e-05 -3.12568e-06 3.49678e-06 0.000494668 0.000121556 0.000206103 -0.0017183 -2.62089e-05 -0.000222557 -0.00212402 -6.66078e-06 -0.00159717 -2.80067e-05 0.00361815 0.000795048 4.91652e-07 -2.03551e-05 0.000192228 2.07116e-05 0.00045987 2.60159e-06 0.000156406 1.95517e-06 -0.000114461 -9.33591e-06 -3.85961e-06 8.26956e-06 -1.80304e-06 -1.04892e-07 5.97199e-07 0.00183949 -7.68279e-05 1.56826e-07 0.000165666 9.75904e-07 0.000226858 -8.09869e-05 -1.49519e-05 0.0019887 -2.89298e-07 6.76087e-06 -1.8428e-06 -3.43599e-05 -1.33734e-06 -0.000131967 -3.57795e-06 -0.00025786 0.000759503 7.75688e-06 1.98781e-06 0.000124702 -0.000592227 -9.7917e-07 -1.16694e-05 -0.000103966 -7.03267e-06 0.000120823 0.000210799 1.45275e-05 -1.22059e-05 0.000118208 2.09872e-05 -4.78508e-06 -0.00167755 -0.000333343 1.6134e-06 -8.22509e-06 -6.13693e-05 -4.46787e-05 -2.68118e-05 3.21022e-06 -3.76164e-06 0.000200379 -0.00120081 -6.24675e-05 -1.50979e-05 -9.75784e-05 -8.57381e-05 -6.05671e-05 -3.24696e-07 9.93955e-07 
