0.0976083 0.00713676 0.000402904 -0.0436287 -0.00764533 -0.000247284 0.000887453 -0.0273423 -0.0188691 -7.77581e-05 0.00883732 -0.0137589 -5.06251e-05 0.000469021 -9.87325e-05 -0.0233598 0.0263014 0.0317756 0.00317553 0.00365835 -0.00600874 -0.000501852 0.0116978 -0.043486 -0.036234 0.0433365 -0.0324889 0.00339013 0.00101162 0.0288659 -0.00509166 -0.000812982 0.00422353 0.000380716 0.00139992 0.000358853 -0.0421069 -0.00127048 -0.00352958 -6.31087e-05 0.00259581 -0.00620235 -0.000492884 2.70866e-05 -0.000469405 -0.000612246 -0.00104542 -0.000615271 -5.90356e-06 -6.0149e-05 1.67839e-05 0.000385149 -3.72979e-06 0.0326892 -0.00142284 -0.00315191 -0.00129232 -0.0077286 -0.000773701 0.000342875 -0.00509599 -0.00539561 0.000106761 -2.99656e-05 0.00855712 -0.0010597 6.90959e-05 0.000191282 1.28311e-06 0.0532576 -0.000457306 6.81171e-07 -0.00219647 -0.00111869 0.000783579 -0.000492281 0.00501081 -6.86391e-05 0.000183687 -0.000493214 -0.0381126 0.000697139 -2.92953e-05 -8.70004e-05 -0.000242983 0.00285921 -0.00113764 -0.000335571 -6.39659e-05 0.000346304 0.0126256 0.0581355 -6.84613e-05 1.26774e-05 0.00303669 -0.00195268 -0.000362915 -0.0260292 -9.98969e-05 -0.04137 
0.00713676 0.0514992 -5.52343e-05 -0.015097 -0.00631768 -0.00014672 -0.00433055 -0.0143532 0.0258647 -0.000119526 -0.000365561 -0.00916163 -3.20269e-05 -0.000249832 -3.67733e-05 -0.0208627 0.0116793 0.0146405 0.00159957 0.000895591 0.019356 0.00417458 0.00603676 -0.0160924 -0.0160605 -0.00317605 -0.000871993 -0.00033442 0.000252264 -0.0101968 0.00218146 -0.000387255 -0.000359198 -0.000126109 -0.000299507 0.000332665 -0.0235746 0.0011765 0.00188666 -2.59113e-05 6.97799e-05 0.00248868 -0.000128484 0.000165298 -0.000261713 -0.000391951 -0.000504743 -0.000563944 5.9159e-05 0.000578047 5.99834e-07 7.78979e-05 -1.99194e-06 -0.00366306 0.00257647 -0.00116802 0.0032872 0.0141085 -0.000364672 0.000212755 0.0187758 0.00272779 0.00013353 1.06071e-05 -0.0325476 -0.000526949 -6.83411e-06 -0.000104532 5.59596e-06 -0.00441385 0.000514666 6.34191e-05 -0.00143762 0.0336298 9.08287e-05 -0.000290461 -0.00147897 -2.76215e-05 0.000198456 -0.000147687 -0.0190531 -0.000501067 -9.40562e-05 -1.44719e-05 0.000229568 0.00051679 0.000292309 -8.27031e-05 -5.50575e-05 0.000388181 -0.00222873 -0.00591404 -9.95983e-05 -5.61707e-06 -0.000642452 -0.000876874 -0.000107695 -0.0115745 4.32329e-05 0.00195639 
0.000402904 -5.52343e-05 0.00168679 -0.000348181 0.000322202 7.73546e-06 7.31385e-05 -0.000433807 0.00032044 2.13405e-06 0.000306817 0.000252346 -1.71762e-06 5.5677e-05 3.84088e-06 -0.000616636 0.00032735 0.000608021 5.18716e-05 -7.36803e-05 -0.000204282 -1.7241e-05 8.10825e-05 -0.000663507 -0.000577208 0.000247462 -0.000334069 -3.76324e-06 7.08672e-05 -5.72518e-05 1.71194e-05 0.00011009 -5.58756e-05 1.47805e-06 -9.39477e-06 1.31126e-05 -0.00054591 4.55508e-05 0.000103591 4.06575e-06 4.70742e-06 0.000155847 -7.89829e-06 -2.4253e-06 -5.14587e-06 -9.90145e-06 0.00010093 4.71429e-06 -7.68334e-07 -6.55898e-06 4.20231e-07 7.76887e-06 -5.3035e-08 -7.75855e-06 -5.55507e-05 0.000100243 2.9478e-05 -0.000131963 -2.49301e-06 8.28437e-06 -0.000100016 -3.1531e-05 -1.24979e-06 8.13895e-07 -0.000188841 -1.52206e-05 -2.17179e-07 1.45291e-07 7.48485e-07 0.000429706 -1.01572e-05 -9.55541e-07 -2.80108e-05 -0.000110342 0.000146946 7.52475e-05 -0.000118395 5.06961e-06 -2.43526e-06 1.63147e-06 -0.000511469 -4.94793e-07 -1.97814e-06 3.31916e-07 3.0024e-05 3.58476e-05 -1.95243e-06 -1.93711e-06 1.58066e-06 2.09881e-05 -0.00026928 0.000438025 4.5203e-06 -3.28363e-08 -1.74764e-05 -9.61464e-06 9.87399e-06 -0.000405977 -1.54975e-06 -0.000672168 
-0.0436287 -0.015097 -0.000348181 0.243057 0.00572731 0.000826444 -0.00609178 0.0177264 0.0131255 -0.00126893 0.00974765 0.000557105 -0.000237849 -0.00161841 -0.00111159 0.0473367 -0.06205 -0.00507384 -0.00685327 0.0103969 -0.0134578 -0.000676325 -0.0468413 0.0133423 0.0243876 -0.0312977 0.0246605 -0.00202762 -0.00906713 -0.0474028 -0.0135278 -0.00286419 -0.00186451 -0.0013902 -0.00237644 -0.000615817 0.0407461 -0.0133772 -0.0116221 2.50825e-05 -0.00202576 -0.0238098 0.000190852 0.000257351 0.000673362 -0.000874325 0.0042951 0.00211254 -0.000125122 -0.00136979 -1.51557e-05 -0.00144249 -1.27449e-05 -0.0268576 -0.00475581 -0.00944021 -0.0149909 -0.0251304 0.00124009 -0.000556826 0.00384433 -0.0147674 -0.000397395 9.26971e-06 0.00833211 -0.00235136 -4.02991e-05 -0.000441095 -6.89423e-05 -0.0270867 -0.0025129 -7.1066e-05 0.00759694 -0.0547762 -0.000845049 0.00048532 0.0211884 -0.00057135 -0.000814971 0.000181685 0.0381269 0.00270255 -0.000166121 -0.000413525 -0.00112573 -0.00299444 -0.00156917 -0.000558579 -0.000724916 -0.00108527 0.0092445 -0.038565 -0.000158429 -1.69521e-05 -0.00470462 -3.79263e-05 -0.00193102 0.0121362 -0.000457081 0.0481685 
-0.00764533 -0.00631768 0.000322202 0.00572731 0.108293 0.000278226 -0.000668346 -0.0225387 0.0282919 0.000226091 0.0286009 0.0385615 6.4123e-05 -0.000579154 -0.000343057 -0.0104873 -0.0167007 0.044428 0.00298137 -0.0172582 -0.0184427 -0.000632529 0.0103601 -0.0301844 -0.0351899 0.0304379 0.0437559 -0.000642059 0.000571099 -0.0122276 0.0123274 0.00621366 0.00546637 -8.3884e-05 -0.00084965 -0.000199703 -0.0497314 -0.000492381 0.00614008 0.000475391 -0.000149487 0.0169276 -0.000587126 -0.00025488 -0.000668402 0.000674901 -0.00217241 0.00481133 -1.23036e-05 -0.000326696 3.88372e-06 0.000620802 -2.99293e-06 0.00728158 -0.000467463 0.0199238 0.000435261 0.00197992 0.00145691 5.82356e-05 0.0338386 -0.00327288 -5.68075e-05 -1.70328e-05 -0.0302564 -0.000863997 6.22761e-06 -0.000186348 -7.70553e-06 0.00649712 -0.000505876 6.73559e-06 -0.00275993 -0.015612 -0.000310314 0.00412053 -0.0177274 -2.07037e-05 -0.000177842 0.00010883 -0.0399658 0.000211959 -0.000134824 -0.000132304 -0.00049498 -0.000195496 0.00702279 0.00104768 0.000433973 0.000153235 -0.04507 -0.00234119 -4.35033e-05 1.42363e-05 0.000191818 0.0011497 0.000597598 -0.027562 -8.29073e-05 -0.0594427 
-0.000247284 -0.00014672 7.73546e-06 0.000826444 0.000278226 0.00277266 0.000175426 -0.000363438 0.000374212 -1.04115e-06 0.000753601 5.25206e-05 1.77393e-05 -8.44335e-06 -3.15507e-06 -0.000446678 -0.000430481 0.00013633 -0.000184741 -9.32606e-05 0.000134145 -4.37369e-06 -0.000107424 -0.000402039 -0.000628191 -0.000517265 -0.000457759 -1.60345e-05 1.66787e-05 -0.00044151 -0.000137448 -1.81817e-06 -0.000232671 5.18597e-06 3.90281e-05 -2.63872e-06 0.000777244 -4.81282e-05 -5.81764e-05 1.29482e-05 4.04478e-05 -2.39046e-05 2.31864e-05 -1.56497e-06 -6.0208e-06 1.99954e-05 -7.999e-06 1.00255e-05 1.0963e-06 -4.19238e-06 -1.6966e-07 8.43954e-06 1.36273e-07 -0.000116542 -4.72002e-05 8.52003e-05 -5.50635e-05 0.000201429 6.36657e-05 -3.40757e-06 0.000113015 0.000230883 -1.76388e-06 -7.06321e-07 -0.000334528 6.27262e-05 -2.47294e-07 3.44839e-06 1.17683e-07 -0.000347166 1.14838e-05 8.11449e-06 2.41139e-05 -0.000563194 -5.7938e-06 -1.10754e-05 -3.86532e-05 1.27731e-05 3.93696e-07 -6.18755e-06 -5.09777e-05 -3.57327e-05 1.05953e-05 1.39905e-05 -1.05041e-05 -1.54625e-05 5.68218e-05 2.90491e-05 4.38312e-06 7.68287e-06 -0.000432659 -0.000292226 1.46902e-05 4.94913e-06 -3.20813e-05 2.09586e-05 4.75976e-05 -5.32136e-06 -9.72881e-07 -7.95017e-05 
0.000887453 -0.00433055 7.31385e-05 -0.00609178 -0.000668346 0.000175426 0.102951 -0.0308243 0.0537608 0.000239735 0.0484329 0.002758 -4.66647e-05 -2.26774e-05 2.58127e-05 -0.0716395 0.0238517 0.0153258 0.0031397 -0.0067284 0.0170971 -0.000822555 0.0114656 -0.0263896 -0.0379377 -0.00986443 -0.0202671 3.79588e-07 0.00554317 -0.0222843 -0.000909481 0.000374907 0.000493906 0.00233261 0.00449547 0.000143138 0.00929245 -1.75021e-05 -0.00117946 0.000110202 0.00333205 0.0033545 -0.000550664 -9.86097e-05 -0.000327934 0.00203375 -0.00193323 -0.0012377 -3.60791e-05 -0.000324017 -5.18735e-06 -0.000509679 9.53264e-06 -0.00714753 -0.00360404 0.00477736 0.000532984 0.0465737 -0.000475596 7.12473e-06 0.0124661 -0.00572352 3.60748e-05 -2.78232e-05 -0.0596048 -0.00117592 -1.58931e-05 -0.000198704 3.11378e-05 -0.0110293 0.000716119 -1.59576e-05 -0.00221026 0.00292243 0.000846872 -0.000352886 -0.00614004 -0.000170141 0.000463622 -0.000400386 -0.0377631 0.0189907 -0.000177424 2.61941e-05 0.000310962 -0.000888947 0.000999897 0.000108972 4.92477e-05 0.00113375 0.000110627 -0.0109249 0.000359781 4.21502e-05 -0.00141497 -0.00178013 0.000764018 -0.0216436 0.000257439 0.0137057 
-0.0273423 -0.0143532 -0.000433807 0.0177264 -0.0225387 -0.000363438 -0.0308243 0.196611 -0.109244 -0.000580383 -0.0663057 -0.0120196 -0.00026648 -0.000348643 -0.00116954 0.0767521 -0.043756 -0.12323 -0.0218315 0.00758071 -0.0118112 -0.00270733 -0.0607184 0.111708 0.125809 -0.0488001 -0.0475377 -0.00171309 -0.00645634 0.0485795 -0.0178485 -0.002055 -0.000879818 -0.000979374 -0.000635496 -0.00041895 0.0696284 -0.00891354 -0.0117482 -0.000154668 -0.00164668 -0.0183857 -0.000248176 0.000231915 -0.000570987 -0.00197103 0.00852027 -0.00239948 -5.91264e-05 -0.00105994 -1.55706e-05 -0.00131395 -7.68986e-06 -0.011921 -0.00713562 -0.00833872 -0.0106409 -0.0439293 0.000188657 -0.000399387 -0.0894882 -0.00124292 -0.000257278 5.68819e-05 0.0921724 0.00418034 -3.64544e-05 0.000912659 -5.98413e-05 -0.0280184 -0.00198347 -0.000112201 -0.000214272 -0.0534855 -0.000595676 -0.00161605 0.0168684 -0.000228638 -0.000447354 0.000824664 0.105943 -0.0098514 -0.000147773 -0.000360001 -0.000821954 -0.000842548 -0.00349199 -0.000647064 -0.000446342 -0.000737058 0.0177663 -0.0137293 -0.000291888 -2.37318e-05 0.00109898 0.00124508 -0.00125244 0.0471917 -0.000255596 0.0671181 
-0.0188691 0.0258647 0.00032044 0.0131255 0.0282919 0.000374212 0.0537608 -0.109244 0.246217 0.000499007 0.106145 0.0424042 -0.000129085 -0.00195772 0.001697 -0.114246 0.0520142 0.133349 0.0133698 -0.0176772 0.0146868 0.00328765 0.0450212 -0.121656 -0.135517 0.011987 0.0635043 -0.00128591 0.0102315 -0.0852834 0.0318128 0.00425066 0.0159867 0.00110322 -0.000489096 0.000174403 -0.0744865 0.0179932 0.020535 0.000321709 0.000717488 0.0377878 -0.00242628 -0.000703054 -0.00234055 0.000303432 -0.00575691 0.00154598 -0.000179874 0.00178494 -4.62043e-06 0.000384794 -3.15532e-07 -0.0288371 0.00433384 0.016817 0.0158593 0.0834685 4.32922e-05 0.000371846 0.141787 -0.0143013 -0.000122644 -1.40195e-05 -0.180589 -0.00397829 -4.44387e-05 -0.000814551 8.55745e-06 -0.0195605 0.00388028 -0.000177818 -0.0107181 0.097643 8.96342e-05 0.0004671 -0.0337173 7.46797e-05 0.000192302 -0.000782401 -0.147847 0.0122741 -0.00068734 8.5521e-05 0.00144841 -0.00203417 0.00718968 0.00124989 -0.000188757 0.000940291 -0.0365002 -0.0406828 -0.000716957 -1.89772e-07 -0.00529362 -0.00328253 -0.00171784 -0.105094 0.000183128 -0.059305 
-7.77581e-05 -0.000119526 2.13405e-06 -0.00126893 0.000226091 -1.04115e-06 0.000239735 -0.000580383 0.000499007 0.00353409 -0.000416041 0.000521704 5.91475e-06 4.00347e-05 -3.38135e-06 -0.000984682 0.000974615 0.000807256 3.93912e-05 -0.000813261 0.00022291 -4.16509e-05 0.000194774 -0.000218776 -0.000720968 0.000611844 -7.43177e-05 3.59318e-05 0.000662601 -0.000504508 9.71469e-05 7.61279e-05 -0.000892617 6.87527e-05 5.80646e-05 6.34811e-05 -0.00114189 0.000678462 0.000629189 -5.19662e-07 0.000267951 0.00101847 -1.468e-05 -2.49937e-06 -6.09635e-06 3.43435e-05 -7.18677e-06 9.93008e-05 1.37091e-06 4.68106e-06 1.58502e-05 7.42589e-05 1.08769e-06 0.000419713 0.000508677 0.000131644 0.00109034 0.000178992 0.000101775 1.48852e-05 5.47167e-06 -0.000153874 3.44076e-07 4.68946e-06 -0.000904311 -1.38833e-05 1.30518e-06 -4.20915e-06 1.92951e-06 0.000335041 1.57563e-05 1.11333e-05 -3.65686e-05 0.000765494 6.2156e-08 -9.63735e-06 -0.00127558 9.16792e-05 0.000176175 -1.63275e-05 -0.00130997 -0.000115995 1.02187e-05 1.11177e-05 -8.53882e-06 -3.96779e-07 4.94193e-05 -4.35607e-06 0.000107657 0.000118555 -0.00211093 -0.00020624 1.41955e-05 -9.04522e-08 4.20173e-05 -3.22554e-05 0.000171013 -0.000753916 2.81918e-05 -0.00136629 
0.00883732 -0.000365561 0.000306817 0.00974765 0.0286009 0.000753601 0.0484329 -0.0663057 0.106145 -0.000416041 0.199878 0.0607697 -0.000121757 -0.00105479 0.000228635 -0.0924564 0.0388063 0.0660979 0.00599256 -0.0151858 -0.0170761 -0.000527332 0.0241213 -0.102982 -0.0906954 0.00702174 0.0173722 0.00220446 -0.00303806 -0.0395702 0.0114274 0.00272242 0.0180647 0.000793118 -0.000129404 -0.000239999 -0.032172 -0.0034212 -0.00640311 0.000303577 0.00160332 0.00413818 -0.00150645 -0.000397971 -0.00117286 0.00163293 -0.00510942 -0.00120764 -0.000123307 -0.000183504 -8.69891e-06 0.00230919 8.1551e-07 -0.0143301 -0.00125615 0.0145321 -0.0109241 0.0525144 -0.00122271 4.03462e-06 0.0838365 -0.0127082 -0.000141335 -8.36724e-06 -0.0924514 -0.00274691 6.68147e-06 5.75662e-05 -6.80234e-06 0.00404376 0.0003151 -0.000129778 -0.00214484 0.0135259 -9.38983e-05 0.000775123 -0.00662909 -1.85745e-05 -0.000217952 -0.00111785 -0.0811095 -0.00161342 0.000301609 -2.53053e-05 -0.00063727 -0.0013611 0.00536275 9.8032e-05 -0.000489873 0.000173435 -0.00326527 -0.000602396 -0.000565321 2.91743e-05 -0.000736619 -0.00457416 -0.00126862 -0.0591788 -0.000165413 -0.060278 
-0.0137589 -0.00916163 0.000252346 0.000557105 0.0385615 5.25206e-05 0.002758 -0.0120196 0.0424042 0.000521704 0.0607697 0.157631 -8.48757e-05 -0.000888605 0.000377796 -0.000537002 -0.00745212 0.0287884 -0.00141005 -0.0178533 -0.0255196 -0.000742682 0.00835173 -0.0366973 -0.0251951 -0.0110083 0.0162785 -0.00105142 -0.00353112 -0.0181636 0.0117511 0.0036236 0.0189036 -0.000476608 -0.00136625 -0.000239488 -0.00777543 -0.000211709 0.00100627 0.000330035 -0.000256873 0.0131505 -0.00105164 -0.000410938 -0.000809988 0.000445007 -0.00333843 -0.00170274 -8.21107e-05 -0.000816722 6.68868e-06 0.00030461 -4.17167e-06 -0.0044116 0.00646868 0.0146157 -0.00201427 0.0115102 -0.0004749 4.79105e-05 0.0355159 -0.0102522 -0.000154597 2.29311e-05 -0.0351999 -0.0016411 1.54777e-05 -3.03101e-05 -5.5034e-06 -0.0198715 -0.000889137 -4.09479e-05 -0.00417175 -0.000199391 -0.000288166 -0.000378709 -0.0143918 4.09176e-05 -0.000337617 -0.00080159 -0.0435529 -0.00510855 4.38745e-05 -0.000273353 -0.000746429 -0.000281268 0.00465545 0.000449063 -0.000317276 6.05357e-05 -0.0239079 -0.00672283 -0.000224066 4.48911e-06 -0.00173506 -0.000339948 -0.000775162 -0.042955 8.47906e-05 -0.054249 
-5.06251e-05 -3.20269e-05 -1.71762e-06 -0.000237849 6.4123e-05 1.77393e-05 -4.66647e-05 -0.00026648 -0.000129085 5.91475e-06 -0.000121757 -8.48757e-05 0.00111396 4.00546e-06 2.34169e-05 -7.68622e-05 -6.4167e-05 -0.000190036 -0.000105477 -0.000169706 -2.63435e-05 0.000104358 4.53986e-06 5.64848e-07 -0.000373548 2.24834e-05 -4.21629e-05 1.26844e-05 1.52463e-05 -0.000104743 -6.72419e-05 -1.34008e-06 -0.000472225 -2.91215e-06 -5.67915e-06 3.40148e-05 3.73343e-05 3.89678e-05 0.000183192 6.62484e-06 6.04941e-05 0.000174352 8.44245e-06 5.94095e-07 1.75243e-05 4.16294e-05 -2.10373e-05 2.65406e-05 8.72975e-06 -1.19291e-06 2.80862e-06 9.50701e-05 2.4284e-06 0.000105528 4.10945e-05 0.000100461 0.000159378 -0.000146436 2.12398e-05 1.34363e-07 -0.000215889 0.00040212 -5.39363e-07 1.76029e-06 -3.10704e-05 -9.00379e-06 -6.40775e-08 -1.12124e-06 -2.22941e-07 -6.17543e-05 9.48809e-06 8.00061e-05 4.91716e-06 6.08096e-06 -2.09904e-06 8.49471e-06 -0.000233989 1.73721e-05 4.80959e-06 5.82673e-07 0.000160946 -2.85423e-05 2.26955e-05 1.53745e-05 -2.33522e-06 6.55623e-06 7.27468e-05 1.81509e-05 1.15118e-05 4.6441e-06 -0.000174829 -6.91829e-05 7.8664e-05 1.52658e-07 -1.20321e-05 1.05224e-06 0.000106768 0.000290611 1.53972e-06 -0.000197794 
0.000469021 -0.000249832 5.5677e-05 -0.00161841 -0.000579154 -8.44335e-06 -2.26774e-05 -0.000348643 -0.00195772 4.00347e-05 -0.00105479 -0.000888605 4.00546e-06 0.00518671 0.000213668 -0.000311288 0.00213375 -0.00110023 -0.000788978 -0.000774223 -0.00096841 7.55902e-05 -0.00203462 0.000866357 0.000190315 -0.000549038 0.00147968 1.19459e-05 0.000266282 -0.000735023 -0.000191725 -3.90225e-05 -0.0019768 0.000249503 0.000277283 0.000134421 -0.00146428 -4.81753e-05 -0.000223585 -2.3108e-06 0.000286392 -0.000265243 2.50187e-06 1.33938e-05 0.000465241 -3.58775e-05 0.00126159 -2.25809e-05 1.05765e-05 0.000193215 6.85181e-07 -7.55195e-06 1.44215e-06 -0.000243159 -1.44583e-05 -0.000118042 -0.000200664 -0.000379345 0.000167536 9.76887e-07 -0.00146363 0.000273905 7.32875e-05 -1.87794e-06 0.000872042 -4.3477e-06 2.2483e-06 1.12465e-05 1.3313e-05 -0.00031487 8.79501e-05 -1.94639e-08 0.00218814 0.00139232 0.000399055 -1.64073e-05 -0.00020132 -7.21659e-06 0.000181245 1.88027e-05 -0.00110015 6.8564e-05 0.000184431 0.00015755 0.00019152 -2.72416e-05 8.24274e-07 4.02658e-05 -1.85241e-06 -8.83519e-06 0.000122171 -0.000165085 4.82834e-05 3.99914e-06 -4.78974e-05 -1.6399e-05 0.000260886 0.00087234 7.728e-05 0.0010006 
-9.87325e-05 -3.67733e-05 3.84088e-06 -0.00111159 -0.000343057 -3.15507e-06 2.58127e-05 -0.00116954 0.001697 -3.38135e-06 0.000228635 0.000377796 2.34169e-05 0.000213668 0.00449875 -0.00241153 0.00158216 0.0012493 2.44461e-05 -0.000304276 -0.000619352 2.43213e-05 0.000318098 -0.00144725 -0.00155381 -0.000741899 -0.00115693 -8.59462e-06 2.17315e-06 -0.000744404 0.00170509 1.03725e-05 0.000151087 0.000109576 3.06508e-05 2.40524e-05 0.00118069 -0.000139665 -0.0001089 -6.98076e-07 8.39312e-05 -0.000259492 -2.29578e-05 -7.61656e-06 -1.67361e-05 -2.80828e-05 -6.48748e-05 -4.27241e-05 4.54752e-07 -9.30155e-06 3.75736e-08 4.7859e-05 -9.52618e-08 -0.000176208 4.62188e-05 -0.000103243 -3.1127e-05 0.00119966 -1.08023e-06 2.66491e-05 0.00214331 -7.04557e-06 1.09889e-05 -8.64839e-07 -0.00216391 -4.07648e-05 -4.1577e-07 -7.12546e-06 8.49517e-06 -0.000391174 9.63122e-05 5.37642e-05 -9.39317e-05 0.000871055 -5.30645e-06 -2.63776e-05 -0.0001039 2.30285e-06 1.28592e-05 1.10955e-06 -0.000813431 -5.47097e-05 -1.36254e-06 7.26204e-05 -5.01853e-06 -1.53506e-05 -2.98585e-05 3.55408e-06 2.1462e-05 -1.11078e-05 0.000201448 -0.000420188 5.95949e-05 3.24314e-07 -5.59951e-05 -5.46159e-05 6.71288e-05 -0.000835402 4.57561e-05 -0.000652887 
-0.0233598 -0.0208627 -0.000616636 0.0473367 -0.0104873 -0.000446678 -0.0716395 0.0767521 -0.114246 -0.000984682 -0.0924564 -0.000537002 -7.68622e-05 -0.000311288 -0.00241153 0.210725 -0.0931504 -0.0778104 -0.00787501 0.0232612 -0.0285026 -0.000578769 -0.0309417 0.0752342 0.0976783 -0.0278129 0.00395102 -0.00421267 -0.0161177 0.0407098 -0.0252196 -0.00522528 0.00686702 -0.00236131 -0.00300242 -0.000702064 0.0427431 -0.0192661 -0.0176277 -0.000387355 -0.00310453 -0.0379349 0.00118959 0.000178473 0.00130023 -0.00161478 0.00336363 -0.0021827 3.11932e-05 -0.0020093 -1.98662e-05 -0.00298037 -2.31734e-05 0.00869087 0.00532937 -0.0206938 -0.017099 -0.0940769 -0.000128055 -0.000411358 -0.0712546 0.00934522 -0.000415827 -6.04931e-05 0.11724 0.00255323 -5.01728e-05 9.91611e-05 -0.000114119 -0.016564 -0.0046279 -0.000111959 0.00718998 -0.0506496 -0.000890374 -0.00235131 0.0401806 0.000234549 -0.000993572 0.000531251 0.0910983 -0.0187341 0.000378804 -0.00065193 -0.00135873 -0.00121778 -0.00654563 -0.00146625 -0.000990973 -0.00178617 0.0272234 -9.67052e-05 -0.0005272 -6.04666e-05 0.000882179 0.00503194 -0.00156061 0.0677328 -0.000665104 0.0501921 
0.0263014 0.0116793 0.00032735 -0.06205 -0.0167007 -0.000430481 0.0238517 -0.043756 0.0520142 0.000974615 0.0388063 -0.00745212 -6.4167e-05 0.00213375 0.00158216 -0.0931504 0.144373 0.029671 0.00297851 -0.00844157 -0.00800193 8.4325e-05 0.0153523 -0.0383296 -0.0560086 0.0149135 0.00507585 0.00262164 0.00784146 -0.019177 0.0135219 -0.000507518 -0.0113026 0.00111207 0.000926893 0.000381358 -0.0325275 0.0150655 0.00979138 -4.15208e-05 0.0014234 0.018391 -0.000717161 -0.000147978 -0.000282718 -0.00106701 0.000102405 -0.000192472 -2.89972e-05 0.00153516 1.4775e-05 -0.000218086 2.73281e-05 -0.00728148 -0.00566934 0.00493552 0.00847022 0.0491388 0.000517929 0.000213127 0.0322088 -0.00295819 0.000656392 1.13635e-05 -0.0549438 -0.00149675 7.08094e-06 3.88419e-05 1.04482e-05 0.00748913 0.00372474 -6.79116e-05 -0.00107452 0.0644914 0.000492611 -0.000952884 -0.0187581 -0.000118566 0.000564031 -0.000471345 -0.053771 -0.00146602 7.54706e-05 0.000868178 0.00111052 0.000568491 -0.000218754 0.000752978 -0.000130445 0.000393182 -0.00532661 0.00562188 -0.000415499 -3.73121e-07 -0.00164613 -0.00246596 -0.000437967 -0.033993 0.000689671 -0.0316659 
0.0317756 0.0146405 0.000608021 -0.00507384 0.044428 0.00013633 0.0153258 -0.12323 0.133349 0.000807256 0.0660979 0.0287884 -0.000190036 -0.00110023 0.0012493 -0.0778104 0.029671 0.243831 0.0176072 -0.0113005 -0.00658147 0.00251603 0.0578651 -0.165421 -0.139061 0.0711499 0.0462597 0.0018905 0.000294037 -0.0353911 0.0219006 0.00322927 0.0339999 -0.0007906 -0.00346364 -2.71655e-05 -0.114185 0.00611977 0.0104499 0.000218215 0.000293897 0.0192777 -0.00267202 -0.00100072 -0.00316169 0.00104759 -0.00782775 0.00465203 -0.000192706 0.00180103 2.50374e-05 0.00143347 -1.06789e-07 0.0232768 0.0109985 0.0122898 0.00719726 0.0389234 0.000699956 0.000541132 0.120973 -0.0207303 0.000116016 -3.91501e-05 -0.102829 -0.0036524 4.84805e-05 -0.00068621 -2.17544e-05 0.0515282 0.00214359 -7.50256e-05 -0.0140933 0.0527899 0.000156498 0.00256784 -0.0178801 0.000540272 -0.000332662 -0.00126586 -0.155921 0.00995761 -0.000971974 3.07807e-05 0.000714169 0.00151819 0.00507677 0.000811159 -0.000353473 0.000408091 -0.0181004 0.0371751 -0.000532274 -1.2584e-05 0.00380179 -0.00496744 -0.00154809 -0.136491 -0.00014405 -0.117893 
0.00317553 0.00159957 5.18716e-05 -0.00685327 0.00298137 -0.000184741 0.0031397 -0.0218315 0.0133698 3.93912e-05 0.00599256 -0.00141005 -0.000105477 -0.000788978 2.44461e-05 -0.00787501 0.00297851 0.0176072 0.0337534 0.00159428 0.00179317 -0.000277444 0.017624 -0.0124085 -0.0172109 0.00449355 0.00405104 -1.83311e-05 0.00024542 -0.0183333 0.00182074 0.000233519 0.000675526 -0.000200512 -0.000210608 -0.000236683 -0.00379609 0.000675711 0.000610305 -1.52664e-05 -0.000543843 0.00121072 -0.000201124 -6.72062e-05 -0.00019421 0.00020856 -0.0024902 -0.000341398 -7.12739e-05 -0.000369252 -1.55572e-06 -0.000720387 -3.20985e-05 -0.000466605 0.00101908 0.000537546 0.000540315 0.00384724 -0.0013102 -5.60643e-05 0.0115092 -0.000386259 -0.000153141 -4.01148e-05 -0.00982435 -0.00095416 -6.94528e-07 -0.00106011 -2.78014e-05 0.00342424 -0.000309202 -0.000151543 -0.00222623 0.00566212 3.63775e-05 0.000202096 0.000212102 7.05542e-06 -0.00023745 -0.000102796 -0.0156498 0.000805275 -0.000623655 -0.000819558 4.14127e-05 6.01416e-05 6.91201e-05 -0.000807604 -4.20912e-05 7.62538e-05 -0.000837677 -5.72849e-05 -0.000521114 -1.99518e-05 -0.000501259 -0.00221867 -0.000399847 -0.00762974 -0.000367346 -0.00340787 
0.00365835 0.000895591 -7.36803e-05 0.0103969 -0.0172582 -9.32606e-05 -0.0067284 0.00758071 -0.0176772 -0.000813261 -0.0151858 -0.0178533 -0.000169706 -0.000774223 -0.000304276 0.0232612 -0.00844157 -0.0113005 0.00159428 0.0380172 0.00654807 2.94199e-05 0.00033855 0.00613517 0.0110761 0.00152329 -0.0160636 -0.000360907 -0.000196891 0.00627553 -0.0175174 -0.00653015 0.00024417 -0.00060947 -0.000218784 -0.000442426 0.018207 -0.00210588 -0.00170045 -0.000471913 -0.00141571 -0.0210956 0.000178749 -7.98893e-06 1.10029e-05 -0.000939918 -0.00212111 -0.00115326 3.35963e-06 -0.00101264 -5.34458e-06 -0.000698155 -3.23766e-05 0.00135398 0.000786853 -0.022963 -0.000395079 -0.0221024 -0.00222642 -0.000364187 -0.0106095 0.00137456 -0.000268098 -4.06391e-05 0.0208425 0.000312951 -7.31139e-07 3.32868e-05 -2.62102e-05 0.00141502 -0.00169803 -0.00013373 -0.00147098 -0.00298179 -0.000126499 -0.00159087 0.0257413 2.37513e-06 -0.000315746 8.16927e-06 0.0124196 -0.00258534 -0.000261572 -0.000957828 2.41519e-05 0.00022249 -0.00590276 -0.00210703 -3.40844e-05 -0.000652649 0.0239715 0.00331968 -0.000297182 -3.56366e-05 0.000257953 0.000414206 -0.000399734 0.00802212 -0.000555429 0.0159792 
-0.00600874 0.019356 -0.000204282 -0.0134578 -0.0184427 0.000134145 0.0170971 -0.0118112 0.0146868 0.00022291 -0.0170761 -0.0255196 -2.63435e-05 -0.00096841 -0.000619352 -0.0285026 -0.00800193 -0.00658147 0.00179317 0.00654807 0.178205 0.00184752 0.00344197 0.00263922 0.0143102 -0.00689068 -0.0346029 -0.000839942 0.0141537 -0.0177706 -0.011154 -0.00162006 -0.0234797 0.000892627 0.00370522 0.000298228 0.00232818 0.012193 0.0132708 -0.000101797 0.00154233 0.00759116 0.00220388 0.000830851 -0.000242897 -0.00168603 -0.00157987 -0.000633203 0.000142407 -0.000270176 -6.93328e-06 -0.000400204 -8.43717e-06 -0.00635851 0.0019196 -0.0054821 0.0201985 -0.00899104 -0.00106595 4.28872e-05 -0.0193442 -0.00750739 -0.000155603 -3.95956e-05 -0.0333551 0.00081861 -1.48165e-05 -0.000350976 6.19675e-05 -0.0182782 -0.000197647 0.000167153 -0.00137638 0.00851974 0.000176635 -0.00076136 -0.00906901 1.08629e-05 0.000355484 -0.000459463 -0.00285907 0.0113505 0.000105634 -0.000251504 0.000863609 0.000610507 -0.00172228 -0.000360711 0.0010409 0.00140324 -0.00788297 -0.0189285 0.00102354 1.69827e-05 -0.00231833 -0.00412821 0.00186563 -0.00878678 -0.00012423 0.0286915 
-0.000501852 0.00417458 -1.7241e-05 -0.000676325 -0.000632529 -4.37369e-06 -0.000822555 -0.00270733 0.00328765 -4.16509e-05 -0.000527332 -0.000742682 0.000104358 7.55902e-05 2.43213e-05 -0.000578769 8.4325e-05 0.00251603 -0.000277444 2.94199e-05 0.00184752 0.0130033 0.000268525 -0.00439513 -0.00348281 -0.00122153 -0.00284157 9.92442e-05 -5.90883e-05 -0.00131773 -0.000582911 -4.09618e-05 -0.000140993 3.23479e-05 0.000111038 0.000228858 -0.00471973 -0.000299165 0.00153623 -6.49844e-06 0.000268018 -0.000406469 -5.78303e-05 6.57603e-05 0.000194729 -8.90288e-05 -0.000231784 0.000167463 4.61007e-05 4.34208e-05 3.22611e-07 0.000344379 5.22175e-06 -0.00025185 0.000357467 -0.000276912 0.000660007 -0.00172596 1.3563e-05 3.98269e-05 0.00460024 0.000712531 9.254e-05 -1.6234e-06 -0.00570098 -0.000103444 -6.58961e-07 -1.41109e-05 2.57474e-05 -0.000690188 -2.53053e-05 0.000182797 -0.000302264 0.00430204 -1.50659e-05 1.56333e-06 0.000179448 -1.96005e-05 0.000142718 4.97916e-05 -0.00333969 0.000755114 -3.76763e-06 7.34068e-05 -1.24807e-05 -5.51248e-05 0.000452367 -2.72364e-05 6.81479e-05 -9.60803e-06 -0.00157589 -0.00104325 0.000374796 1.12075e-05 -0.000116903 -0.000143734 0.000627446 -0.000344184 2.23615e-06 0.000939408 
0.0116978 0.00603676 8.10825e-05 -0.0468413 0.0103601 -0.000107424 0.0114656 -0.0607184 0.0450212 0.000194774 0.0241213 0.00835173 4.53986e-06 -0.00203462 0.000318098 -0.0309417 0.0153523 0.0578651 0.017624 0.00033855 0.00344197 0.000268525 0.100357 -0.0503771 -0.0522797 0.021848 -0.0043001 0.000464977 0.0014087 -0.0128618 0.00736691 0.000825458 0.0276211 -0.000187216 -0.000792454 -0.000278093 -0.025194 0.0032307 0.00439614 1.38623e-06 -0.000492334 0.00675938 -0.0011156 -0.000550514 -0.00322821 0.000401108 -0.0133418 -0.000114354 -4.19618e-05 -1.31659e-05 1.05232e-07 -0.00020077 -3.00549e-05 0.00494643 0.00376775 0.00293823 0.0038471 0.0177519 -0.00272362 8.45601e-06 0.0387592 0.00186989 -8.53883e-05 -3.77308e-05 -0.0373257 0.000640209 1.39174e-05 -0.000148304 -1.25081e-05 0.0147855 0.000108599 -0.000160946 -0.0131695 0.0215886 -0.000181463 0.000412654 -0.00468967 0.000108474 -0.00020798 -0.00229139 -0.0589711 0.0034179 -0.000867662 -0.00095924 9.12948e-05 0.000308993 0.00082452 -0.000569995 -8.05676e-05 0.000107022 -0.00368513 0.00883612 -0.00072804 -2.46579e-05 0.000853344 -0.00600558 -0.000312745 -0.0392694 -0.000161427 -0.0344986 
-0.043486 -0.0160924 -0.000663507 0.0133423 -0.0301844 -0.000402039 -0.0263896 0.111708 -0.121656 -0.000218776 -0.102982 -0.0366973 5.64848e-07 0.000866357 -0.00144725 0.0752342 -0.0383296 -0.165421 -0.0124085 0.00613517 0.00263922 -0.00439513 -0.0503771 0.247119 0.128059 -0.0643113 -0.0253783 -0.00259206 0.00234535 0.0102675 -0.0175145 -0.00175034 -0.0219843 -0.000642018 0.00146349 -0.000496583 0.0921495 -0.00299867 -0.00463637 -0.000177183 -0.00188409 -0.00864893 0.000719567 0.000536881 0.00209266 -0.00213287 0.00594349 -0.00390736 -3.92602e-06 -0.00183691 -2.46314e-05 -0.00206285 -1.47309e-05 -0.0230345 -0.0132554 -0.00833587 -0.00134346 -0.043958 -2.28841e-06 -0.000600909 -0.117038 0.0178249 -0.000114532 4.71041e-05 0.0988383 0.00268853 -6.03607e-05 -0.000104475 -1.95247e-05 -0.0545322 -0.00308362 -0.000156381 0.00499742 -0.057 -0.000532377 -0.0024036 0.00913778 -0.000365742 -0.00023595 0.000886986 0.148945 -0.00294961 -0.000588494 -0.000569064 -0.000981763 -0.00216534 -0.00507085 -0.000622954 0.000451317 -0.000522977 0.00499119 -0.0445723 0.000175089 -3.18068e-05 -0.00446642 0.00413169 0.00106776 0.10311 -8.06639e-05 0.105033 
-0.036234 -0.0160605 -0.000577208 0.0243876 -0.0351899 -0.000628191 -0.0379377 0.125809 -0.135517 -0.000720968 -0.0906954 -0.0251951 -0.000373548 0.000190315 -0.00155381 0.0976783 -0.0560086 -0.139061 -0.0172109 0.0110761 0.0143102 -0.00348281 -0.0522797 0.128059 0.228953 -0.0672243 -0.057092 -0.00229599 -0.00837494 0.0328847 -0.0239546 -0.00272045 -0.00106141 -0.00119699 -0.0010162 -0.000551001 0.0957807 -0.0115171 -0.0154133 -0.000205433 -0.00195787 -0.0241228 0.00287199 0.000565051 4.13923e-05 -0.002323 0.00827524 -0.00390026 -6.295e-05 -0.00109808 -2.07874e-05 -0.00178743 -1.2631e-05 -0.0171883 -0.00477089 -0.0110973 -0.0131901 -0.0580526 -0.000376361 -0.000516142 -0.110444 -0.0012557 -0.000304931 -6.34709e-06 0.106077 0.00309991 -4.52703e-05 0.000695599 -7.72602e-05 -0.0394959 -0.0023821 -0.000117517 0.00563328 -0.0594803 -0.000360464 -0.0019013 0.0216952 -0.000352166 -0.00072251 -7.14908e-05 0.147834 -0.0102346 -0.000214972 -0.000415622 -0.00102592 -0.00191936 -0.00457501 -0.000691459 -0.000624213 -0.00093044 0.023613 -0.0273878 0.000158328 -3.53063e-05 -0.00283856 -0.00193021 -0.00161654 0.0709092 -0.000312674 0.103 
0.0433365 -0.00317605 0.000247462 -0.0312977 0.0304379 -0.000517265 -0.00986443 -0.0488001 0.011987 0.000611844 0.00702174 -0.0110083 2.24834e-05 -0.000549038 -0.000741899 -0.0278129 0.0149135 0.0711499 0.00449355 0.00152329 -0.00689068 -0.00122153 0.021848 -0.0643113 -0.0672243 0.167139 0.0349069 0.00257812 0.012588 0.0176625 -0.000995246 -0.000971127 -0.00953901 -0.000571267 -0.000894238 3.98506e-05 -0.109242 0.0140897 0.0224985 0.000113584 0.000271188 0.0167297 -0.001068 -0.000299096 -0.00114982 -0.00125742 -0.00387792 0.00605891 0.000100278 -0.000468323 5.83496e-06 0.00280483 -6.17773e-06 0.0402064 -2.36848e-05 0.000114546 0.0240144 -0.0151959 0.0011169 0.000287684 0.010421 -0.00467308 3.23394e-05 -3.30377e-05 0.00118399 -0.00113692 8.17037e-05 -0.000233469 9.04805e-05 0.0819924 -0.00104538 0.000174464 -0.00490303 0.00425785 -0.00034372 0.00275107 -0.019547 -0.000133872 0.000373882 0.000648996 -0.0765763 -0.00692892 -0.000162386 0.000107112 -0.000511288 0.00168531 -0.00173626 0.000198665 0.00122602 0.000938476 -0.034335 0.0549035 0.000237502 1.7072e-06 0.00583128 -0.00176965 0.00167994 -0.0470939 0.000278548 -0.119878 
-0.0324889 -0.000871993 -0.000334069 0.0246605 0.0437559 -0.000457759 -0.0202671 -0.0475377 0.0635043 -7.43177e-05 0.0173722 0.0162785 -4.21629e-05 0.00147968 -0.00115693 0.00395102 0.00507585 0.0462597 0.00405104 -0.0160636 -0.0346029 -0.00284157 -0.0043001 -0.0253783 -0.057092 0.0349069 0.23259 -0.00174843 0.00534679 -0.0611282 0.0190605 0.00338677 -0.0367138 -0.000725318 -0.00207413 -0.000100258 -0.101053 0.0153841 0.0218419 0.000291847 -0.00192017 0.0331554 0.000121058 -0.000527579 0.000739225 -0.000334643 -0.00149809 0.0054995 2.73098e-05 0.000872678 4.2714e-06 -0.00144871 1.20192e-05 -0.017918 0.000111264 0.0146961 0.0141658 0.0169911 0.00425697 2.38682e-06 0.0437111 0.00530266 7.50917e-05 3.10413e-05 -0.0425998 -0.000970962 -2.91816e-05 -0.000674116 -3.94556e-05 -0.00901498 -0.000204218 -0.000120373 0.012363 0.0493734 -0.000631562 0.0029067 -0.0313604 1.11574e-05 -0.00014726 0.00222971 -0.0587991 -0.0109595 0.00044775 0.00059487 0.000680271 -0.00135732 0.00427417 0.00163328 -0.000289476 -9.33336e-05 -0.048265 -0.0292217 -0.000767254 -6.9037e-06 -0.00316273 0.00505218 -0.000907732 -0.0157832 0.000417678 -0.0528517 
0.00339013 -0.00033442 -3.76324e-06 -0.00202762 -0.000642059 -1.60345e-05 3.79588e-07 -0.00171309 -0.00128591 3.59318e-05 0.00220446 -0.00105142 1.26844e-05 1.19459e-05 -8.59462e-06 -0.00421267 0.00262164 0.0018905 -1.83311e-05 -0.000360907 -0.000839942 9.92442e-05 0.000464977 -0.00259206 -0.00229599 0.00257812 -0.00174843 0.00667611 4.61833e-05 5.6888e-05 -0.000297877 -4.4396e-05 0.000380349 9.6129e-06 0.00011837 0.000313939 -0.00252041 -0.000198438 -8.99971e-05 -3.52519e-06 0.000221643 -0.000421286 -3.64544e-05 -1.07105e-05 -2.51423e-05 1.20021e-05 -0.00012496 -5.04615e-05 -3.62383e-07 -2.63919e-05 1.27987e-06 0.000496512 -2.07487e-08 0.000152582 -0.000130336 -0.000116249 0.000190356 -0.000292879 -3.00109e-05 3.39773e-05 -9.11343e-05 -0.000283132 4.22606e-06 -1.70661e-06 0.000280901 -6.55519e-05 1.06607e-05 -6.08279e-06 2.16562e-06 0.00404307 -1.99166e-05 2.86958e-05 -0.000166045 -0.00125575 1.60882e-05 -3.50908e-05 0.000144281 6.30823e-06 0.000187069 -4.65209e-06 -0.00206716 0.000450516 -1.41273e-06 2.81099e-05 -1.49556e-05 9.38825e-05 -8.26905e-05 -8.36566e-08 3.14631e-05 1.95717e-05 0.000537886 0.00340121 0.000155881 1.08227e-05 4.03162e-05 -0.000127882 0.000313569 -0.00157043 -2.61584e-06 -0.00245907 
0.00101162 0.000252264 7.08672e-05 -0.00906713 0.000571099 1.66787e-05 0.00554317 -0.00645634 0.0102315 0.000662601 -0.00303806 -0.00353112 1.52463e-05 0.000266282 2.17315e-06 -0.0161177 0.00784146 0.000294037 0.00024542 -0.000196891 0.0141537 -5.90883e-05 0.0014087 0.00234535 -0.00837494 0.012588 0.00534679 4.61833e-05 0.0234942 -0.00460597 -0.00150241 -0.000162284 -0.0173574 0.0011462 0.00301503 0.000316839 -0.011961 0.0147651 0.0140286 2.18391e-05 0.0013022 0.0147557 -0.000103636 0.000104093 5.57512e-05 -0.000181149 -0.000268732 -0.000148963 3.10879e-06 -0.000115453 -7.45649e-07 5.56733e-05 6.92855e-06 -0.000527809 -0.000592346 -0.00046155 0.0161057 -0.00150979 -0.000132664 3.05703e-05 -0.00685664 -0.000729789 4.10834e-05 5.07191e-06 -0.0147957 -0.000183235 -1.62172e-06 -4.54925e-05 0.000100352 -0.00116318 -0.000159192 4.90798e-05 -0.000578316 0.00882508 0.000115283 1.16436e-05 -0.0159713 -3.37644e-05 0.000760024 0.000283758 -0.00895867 0.00078314 2.42612e-05 0.000153781 -5.3637e-05 0.000312131 -0.000256781 -7.61759e-07 0.00132266 0.000888056 -0.0149494 -0.00227704 0.000252241 3.91683e-05 -0.000287762 -0.000391183 0.00184957 -0.00419267 0.000157521 -0.00973516 
0.0288659 -0.0101968 -5.72518e-05 -0.0474028 -0.0122276 -0.00044151 -0.0222843 0.0485795 -0.0852834 -0.000504508 -0.0395702 -0.0181636 -0.000104743 -0.000735023 -0.000744404 0.0407098 -0.019177 -0.0353911 -0.0183333 0.00627553 -0.0177706 -0.00131773 -0.0128618 0.0102675 0.0328847 0.0176625 -0.0611282 5.6888e-05 -0.00460597 0.15774 -0.0122732 -0.00150189 0.00304552 -0.000712764 -0.00112752 -0.000265122 0.00686396 -0.00649066 -0.00847568 -0.000114637 -0.000721608 -0.0134917 0.000205407 -0.000289608 -0.000169544 -0.000248072 -0.000519209 -0.0016725 -4.9989e-05 -0.000923699 -3.43896e-06 0.00019377 -5.99838e-06 0.0311078 -0.00302112 -0.00597294 -0.00740971 -0.0322856 -0.00134725 -0.000130619 -0.0586914 0.000188652 -6.3973e-05 -3.11421e-05 0.0686339 0.00104471 7.27856e-06 0.00129852 -4.03237e-05 0.0316501 -0.0014616 -9.3204e-05 -0.00467628 -0.0414569 -0.000215803 -0.000909849 0.0123474 -5.32103e-05 -0.000111601 -3.82329e-05 0.0361789 -0.00801001 0.000362258 -0.000132297 -0.000812559 0.00285019 -0.00256234 -0.000424951 -0.00024999 -0.00030004 0.0202187 0.0530908 -1.82847e-05 8.46965e-06 0.00787684 0.000555733 -0.00035985 0.0231613 -0.00018468 -0.0155083 
-0.00509166 0.00218146 1.71194e-05 -0.0135278 0.0123274 -0.000137448 -0.000909481 -0.0178485 0.0318128 9.71469e-05 0.0114274 0.0117511 -6.72419e-05 -0.000191725 0.00170509 -0.0252196 0.0135219 0.0219006 0.00182074 -0.0175174 -0.011154 -0.000582911 0.00736691 -0.0175145 -0.0239546 -0.000995246 0.0190605 -0.000297877 -0.00150241 -0.0122732 0.0636664 0.00532211 0.00378236 0.000298367 -0.000426318 -5.33328e-05 -0.019057 0.000321433 0.000683289 0.000224968 -0.000283938 0.0148963 -0.000377764 -0.000132572 -0.000349341 -0.000107062 -0.00101031 -0.000377366 -2.4178e-05 0.00231488 -1.86545e-07 -0.000311487 2.48727e-06 -0.00446638 -0.00080009 0.0112713 0.000107213 0.0273513 -5.91481e-05 -4.20753e-05 0.0296295 0.000715558 0.000160133 -2.1969e-05 -0.0353414 -0.000562071 -6.54882e-06 -0.000118152 1.94475e-06 -0.00870284 0.00228567 -3.82005e-05 -0.00154172 0.0150649 -0.000124029 0.00010868 -0.0146583 -3.75596e-05 7.25186e-05 2.06964e-05 -0.0235005 0.00239758 -0.000118388 0.00012066 0.00056265 -0.000414497 0.00284589 0.000575962 -0.000111329 0.000212795 -0.0198095 -0.00716997 -0.000151278 -5.408e-06 -0.000790657 -0.000869163 -0.000325966 -0.0157875 0.000315048 -0.0134516 
-0.000812982 -0.000387255 0.00011009 -0.00286419 0.00621366 -1.81817e-06 0.000374907 -0.002055 0.00425066 7.61279e-05 0.00272242 0.0036236 -1.34008e-06 -3.90225e-05 1.03725e-05 -0.00522528 -0.000507518 0.00322927 0.000233519 -0.00653015 -0.00162006 -4.09618e-05 0.000825458 -0.00175034 -0.00272045 -0.000971127 0.00338677 -4.4396e-05 -0.000162284 -0.00150189 0.00532211 0.00765811 0.000310098 4.04485e-05 -5.59213e-05 -1.05593e-05 -0.00432592 0.000753044 -0.000146834 0.000215179 -1.57964e-05 0.00580728 -3.59745e-05 -1.61894e-05 -4.22465e-05 0.00013646 -0.000136416 4.33761e-05 -1.76983e-06 -2.11379e-05 1.5124e-06 -4.03212e-05 2.12079e-07 -0.000536909 -0.000109227 0.00665779 -0.000256385 0.00427044 0.000148602 8.95158e-06 0.00314923 -0.000385305 -1.17717e-06 5.32648e-06 -0.0049123 -7.27816e-05 3.25043e-08 -1.4569e-05 -2.60729e-07 -0.000569262 1.75273e-05 -9.76905e-07 -0.000200514 -0.00129132 -1.91513e-05 0.00051923 -0.00680329 1.44614e-05 -9.36165e-06 -1.35741e-05 -0.00285165 0.00174634 -1.15741e-05 9.89464e-07 -7.69671e-06 -4.47571e-05 0.00160964 0.000185706 -1.33345e-05 5.22531e-05 -0.00622354 -0.000805423 -6.72024e-06 -7.81796e-07 -9.47165e-05 -0.000145786 -3.43444e-05 -0.00205099 4.13199e-06 -0.00416251 
0.00422353 -0.000359198 -5.58756e-05 -0.00186451 0.00546637 -0.000232671 0.000493906 -0.000879818 0.0159867 -0.000892617 0.0180647 0.0189036 -0.000472225 -0.0019768 0.000151087 0.00686702 -0.0113026 0.0339999 0.000675526 0.00024417 -0.0234797 -0.000140993 0.0276211 -0.0219843 -0.00106141 -0.00953901 -0.0367138 0.000380349 -0.0173574 0.00304552 0.00378236 0.000310098 0.121202 -0.00123362 -0.00407681 -0.00068804 -0.00238146 -0.0213709 -0.0240316 -0.000190733 -0.00123602 -0.0235851 -0.00344152 -0.00142361 -0.00354808 3.78847e-05 -0.00383139 -0.00155063 -0.000233165 0.000200044 -5.73915e-06 0.000340769 -3.00888e-05 -0.000570531 0.00235883 0.000641056 -0.0233061 0.000775537 -0.0029725 -0.000199464 0.0387121 -0.0134632 -0.000147203 -5.74302e-05 0.000740521 0.00088541 -4.58232e-06 -0.000186813 -0.000120182 0.0088312 -0.000197189 -0.00023476 -0.0141867 -0.00739673 -0.000332974 -0.00046161 0.0247858 4.32935e-05 -0.00123775 -0.00252561 -0.0175105 0.00310181 -0.00130528 -0.00105255 -0.000858633 -0.00366411 -0.000444561 -0.000664191 -0.00137735 -0.00168384 0.0272919 0.00638505 -0.000708628 -7.09833e-05 0.000741329 -0.000824819 -0.00312611 -0.0470039 -0.00062695 -0.00759512 
