0.0486581 -0.0180718 -0.000200808 0.00216877 0.0207765 0.0240193 -0.00265066 -0.00405123 -0.00400481 -0.000542228 -0.000717146 -0.0201548 0.0126839 0.0294199 -0.00749758 -0.00592851 -0.000919292 -0.0202151 -0.011319 -0.000383422 -0.00135777 -0.000719194 0.00726613 -0.00259635 -0.00808423 -0.00145604 -0.0170671 0.00860364 -0.00240052 0.00135432 -0.000630347 -0.000500311 -0.0010612 -0.0199552 -6.66914e-05 -0.0152125 0.0127692 -0.00106103 0.00197548 9.8257e-06 0.000513977 -0.000431817 -0.000717568 -0.000325848 -0.000483056 -0.00920731 -0.0078936 0.0210181 -0.000920597 0.00173613 -0.00242987 0.00146348 1.17305e-06 0.000489764 0.0163479 -4.44e-05 -0.00121534 -0.00989974 -0.006332 0.0156954 -0.000197792 -0.000115677 -0.000363803 -0.00271292 0.000127713 -0.000357863 -0.0264844 -0.00299384 -5.2961e-05 -3.13322e-06 0.000935716 -0.00216172 -0.000152763 -0.000494222 1.15161e-05 -0.000262693 0.0319359 -0.016269 -0.000276735 -0.000445016 0.00083916 -0.0302258 -0.0055125 -2.89438e-05 0.0193547 3.23931e-05 -0.0103555 0.0325474 -0.000154467 0.00565765 0.0221507 -0.00149348 -0.0138783 -0.000589002 -0.00622979 -0.000550849 -0.0105377 0.00256393 -3.43673e-05 -0.00146626 
-0.0180718 0.206131 0.00108686 -0.0348746 0.00657761 -0.01594 -0.0380158 -0.0249688 -0.0896989 -0.0053001 -0.00352692 0.0862793 0.0671593 -0.0259992 -0.0816801 0.0259594 -0.00470584 0.00151046 0.112914 -0.0117613 0.00471746 -0.00518901 0.0411974 -0.00737476 -0.104248 -0.000903131 0.105696 0.00478346 0.00651782 -0.00487691 0.0045167 0.00421286 -0.0167718 -0.017576 -0.000833496 -0.102621 0.0497497 0.0010206 -0.000857326 -0.000452173 -0.00917998 0.000526841 0.00689807 -0.000625289 -0.00203613 0.0672527 0.0539114 -0.0223588 -0.0118894 -0.000892368 0.0140157 -0.00147502 -6.47088e-06 -0.00393764 -0.00371429 -0.00877958 -0.0109186 0.0266818 0.0479345 0.0195718 -0.000246568 -0.00131494 -0.000634151 0.055411 0.00248771 -0.00186336 0.0468272 -0.0331234 0.00179706 -0.000112901 0.0153546 -0.00287658 -0.00161641 -0.00051583 -0.00176922 -0.004392 -0.00103756 -0.0994457 -0.0101412 -0.00228619 0.000637536 0.0395896 0.0216895 -0.0011796 -0.014662 -0.000402669 -0.0362444 -0.00812137 1.59769e-05 -0.0256773 -0.0215072 -0.0245482 -0.101732 -0.00483814 0.0872191 -0.00688682 -0.105551 -0.0250716 -0.000420597 -0.00757348 
-0.000200808 0.00108686 0.00594274 -0.000473813 0.000373586 -0.000268143 -0.000345643 0.000293132 -0.00240608 -5.97675e-05 -0.000102594 -0.000907066 0.0011164 -0.000242623 -0.00114126 0.000206718 -0.000100781 -0.00177315 -5.63668e-06 -9.73252e-05 -8.97644e-05 0.000587703 -0.00053191 -0.000609468 -0.0018128 -3.68959e-05 0.00291373 0.000648105 0.00286196 -5.49284e-06 0.00108379 -0.000117392 -0.000140881 -0.00218668 -9.00114e-06 -0.00173711 -0.000889072 -2.7701e-05 -5.76719e-05 -2.49364e-06 -0.000153989 3.14168e-05 -0.000425089 -4.04082e-05 0.00219241 -0.000733527 0.00350996 -0.000257574 -0.000124409 0.000292171 0.00128749 -5.87051e-06 3.31744e-07 -4.01148e-05 -0.00195832 -7.54767e-05 0.000112766 -1.47146e-05 0.00316822 -0.00022282 -3.77114e-05 0.000129207 -4.37622e-05 -0.00111881 0.000143331 2.78114e-06 0.000177227 -0.000377062 -7.28023e-05 1.50536e-05 -4.72146e-05 -0.00016522 -1.32871e-05 -2.51635e-05 -3.51138e-05 -5.44632e-05 0.00264733 -0.00222552 0.000254623 -6.68353e-05 -0.000161001 0.000480393 0.00106235 -2.01967e-05 5.70642e-06 -1.2265e-06 -0.00122401 -0.000793813 -1.03717e-05 -0.000236381 -2.51449e-05 -0.000883357 -0.00211275 1.94021e-05 -0.0013796 2.28129e-05 -0.002207 0.00127584 -1.27236e-06 -0.000175144 
0.00216877 -0.0348746 -0.000473813 0.10391 -0.0152482 -0.00518797 0.0086568 -0.00257485 0.0564304 -3.42145e-05 -0.00355049 -0.0446643 -0.0390441 0.000136539 0.00595108 -0.0132385 -0.00171789 0.0170052 -0.0392563 -0.000719667 -0.00201242 -0.0020981 0.0142057 -0.0118327 0.0681637 -0.00334367 -0.0477034 -0.0124286 0.000935957 -0.000673266 -0.0148295 -0.00209463 0.00418306 0.026652 -0.00011419 0.0243659 -0.0261889 0.00027171 0.00286517 -0.000118432 -0.00235523 -0.000883013 -0.00263146 -0.000303123 -0.00163633 -0.0317996 -0.0263318 -0.00452944 -0.00243322 -0.000736578 -0.00523224 0.000503765 -3.24895e-06 -0.000591283 -0.0264554 -0.000721132 -0.00326244 -0.0215614 -0.0155614 -0.0161613 -0.000708682 -0.000333614 -0.000737123 -0.0401458 -0.00153121 -0.00171943 -0.0156274 0.00252946 -0.00212692 -2.83363e-05 -0.00760257 -0.00456594 -0.000189213 0.000761981 0.00197276 -0.00187488 -0.00537714 0.055818 -0.00143858 0.00289943 0.0250961 -0.0317657 -0.0140048 -0.000463243 0.00106387 -8.65865e-07 0.0248047 0.0176108 -0.000284929 0.0248577 0.000764705 0.0545922 0.0180526 -0.00106698 -0.0424096 -0.000198046 0.0523965 0.0437789 -6.90899e-05 -0.00192339 
0.0207765 0.00657761 0.000373586 -0.0152482 0.157709 0.0334193 -0.0046131 -0.00181136 -0.0781906 -0.00125322 0.0105305 0.0432257 0.0218563 0.0275318 -0.0331301 0.0461352 -0.00116375 -0.0974242 -0.016083 -0.00311565 -0.00474577 -0.000205915 -0.0318263 -0.0096097 -0.0637064 -0.00245636 0.0463653 0.0802083 -0.0100502 0.00378332 0.0641827 -0.00213698 -0.00077909 -0.123963 -0.00018025 -0.0589715 0.00577884 -0.00324548 -0.00177712 -0.000335517 -0.0018794 -0.0015427 -0.00885437 -0.000896565 0.000115325 0.0208686 0.0517048 0.0293231 0.00118124 0.00283763 -0.0085573 0.000941856 -3.18953e-06 0.00185132 0.00226921 0.00114067 -0.00286699 0.0737934 -0.012363 0.0461609 0.000797106 -0.000522045 -0.000232942 -0.0337932 0.00716773 0.00742269 -0.0291972 -0.0016912 -0.000475902 0.000136759 -0.013663 0.0156648 -0.000506362 -0.00148733 -0.0003337 0.00032421 0.0396855 -0.0701421 0.00160066 -0.00119461 -0.00943453 -0.0199242 0.064698 -0.000448182 0.0160674 -8.49012e-05 -0.0379316 0.00442557 -0.000518282 -0.00760482 0.0187748 -0.0285934 -0.0432576 -0.0019296 0.01347 -0.0021044 -0.0668358 -0.0200352 0.000197507 0.00385449 
0.0240193 -0.01594 -0.000268143 -0.00518797 0.0334193 0.0552818 0.0012556 -0.00414446 -0.0141768 0.00194087 0.00391583 -0.0127731 0.0104541 0.0331017 -0.0108639 -0.00254393 0.000416507 -0.0342053 -0.0170678 -0.000965571 4.79293e-05 -0.000858119 0.000178 -0.00434637 -0.0182633 -0.00148962 -0.0140688 0.020975 -0.00181159 0.0076514 0.0112016 -0.000634757 0.000246394 -0.0326192 3.61375e-05 -0.0173238 0.011184 -0.00150357 0.00161596 -0.000114387 0.00417489 -0.000124019 0.00175717 -0.000324136 0.00051412 -0.0077714 -0.0104107 0.0294703 0.00296542 0.00348886 -0.00117196 0.00124927 1.51904e-06 0.00406623 0.0216966 0.000480489 -0.000566364 -0.00240254 -0.00780467 0.0165995 -0.00031767 -0.000138222 -0.000432165 -0.00784129 3.85224e-05 0.000474024 -0.0351381 0.000245351 0.000184991 -5.98988e-07 -0.00447725 -0.000941747 -9.25893e-05 -0.0004247 0.00153208 0.00301488 0.0243085 -0.0197003 0.00584287 -0.000381164 -0.00161595 -0.0351 -0.00442256 -0.000155452 0.01749 2.55107e-05 -0.0117366 0.0238745 -0.000155988 0.00049068 0.0258384 -0.00923745 -0.00800814 -0.000334713 -0.000217125 -0.000581059 -0.0200555 -0.00341563 6.53165e-05 -0.000163031 
-0.00265066 -0.0380158 -0.000345643 0.0086568 -0.0046131 0.0012556 0.055107 -0.00187158 0.0274486 4.05442e-05 0.00205574 -0.022803 -0.0238507 0.00468352 0.0342564 -0.0059765 0.00399989 0.00577763 -0.0245881 0.000649901 -0.00102487 -0.00112998 -0.0343595 -0.0028512 0.0293018 -0.00163958 -0.0248567 -0.00472288 -0.00295039 0.00238063 -0.00362135 -0.00134272 0.00649449 0.0108275 0.000205666 0.0320521 -0.0128544 -0.00179259 -0.000690581 -0.000106192 0.00670935 -0.000307001 0.00283595 -0.000611722 -0.000119506 -0.0162399 -0.0129993 -0.000317734 0.00566013 -0.000261263 -0.00306923 -0.000139768 -9.35853e-07 0.00364448 0.0117771 0.000360954 0.000461338 -0.00929858 -0.00977905 -0.00784479 -0.000293208 2.10821e-05 -0.000425209 -0.0173937 -0.000777032 -0.000475903 -0.00994824 0.0174374 -0.000507198 -2.37769e-05 -9.92237e-05 -0.00240327 0.0013552 6.8897e-05 0.000776878 0.00176609 -0.00596412 0.0287087 0.00874661 0.000926191 -0.00142253 -0.00996492 -0.00691954 -0.000230072 -0.00127295 0.000160258 0.00101323 -0.00655094 -0.000148153 -0.00441653 0.00187389 -0.00528292 0.0316292 0.00186704 -0.0228771 0.00299122 0.0290637 -0.00794462 0.000106868 -0.000167488 
-0.00405123 -0.0249688 0.000293132 -0.00257485 -0.00181136 -0.00414446 -0.00187158 0.0842446 0.0203494 0.00222742 -0.00223226 -0.015702 -0.0228527 -0.00441997 0.0328191 -0.00350758 0.00129484 -0.00337242 -0.031993 0.0018026 -0.00224997 0.00397614 -0.0281151 0.00115909 0.0174591 -0.00122209 -0.0237455 0.000994448 0.00354215 -0.000706904 0.000850427 -0.00210851 0.00123209 0.0039212 -7.25159e-05 0.0317029 -0.0201694 0.00518337 -0.00126447 4.32367e-05 -0.00177852 -0.000819762 -0.00627537 -0.000851129 0.00263142 -0.0122378 -0.00547313 -0.000603201 0.00146432 0.000652596 -0.00491997 -0.000256149 -3.06662e-06 -0.000656224 0.0010555 0.00170156 0.00381346 -0.0013862 -0.0132284 -0.00618702 0.00112851 0.000506463 -0.000656532 -0.030171 -0.000611551 0.00109828 0.00396473 0.00288322 -0.00159057 9.39686e-06 -0.0069719 0.00578678 -6.35383e-05 -0.000216355 0.000330773 -0.000594251 -0.00341066 0.0307288 0.000376863 -0.000977678 -0.00374051 0.00413224 0.00383996 5.63063e-05 -0.00159218 9.14122e-06 0.00246513 -0.0144157 0.000191365 -0.00448329 -0.000798426 -0.00995097 0.0280592 0.00405481 -0.0234763 0.00434086 0.0315136 0.00866151 -5.08936e-05 0.00305306 
-0.00400481 -0.0896989 -0.00240608 0.0564304 -0.0781906 -0.0141768 0.0274486 0.0203494 0.249943 0.00484825 -0.00771633 -0.155974 -0.0495403 -0.00182197 0.094521 -0.0524142 0.00196622 0.0752752 -0.117748 0.00899711 -0.00808174 -0.00907219 -0.0139186 -0.00168427 0.174449 -0.0138753 -0.16523 -0.0539634 0.00364738 3.38761e-05 -0.0531892 -0.00732841 0.00505639 0.116901 1.11438e-05 0.146635 -0.067395 0.0055993 0.00584153 0.000357674 0.011381 -0.00244918 -0.0193332 -0.000385878 -0.00549713 -0.118749 -0.104925 -0.0170847 0.0072326 -0.00396972 -0.00857281 -8.15575e-05 -1.18811e-05 0.00315919 -0.0178816 -0.0025576 0.00245993 -0.086801 -0.0165482 -0.0565222 -0.00238853 -0.000706904 -0.00374398 -0.056057 -0.00659182 -0.00550213 -0.00312725 0.00760594 -0.00725221 -0.000179535 -0.0098343 -0.0193949 0.000991968 0.000631596 0.00293566 0.00098108 -0.0377411 0.191487 0.00449965 0.0031386 0.0236259 -0.0280274 -0.0604439 -0.00163486 -0.006203 0.000232954 0.0594265 0.0087629 0.000339588 0.0331767 -0.00389444 0.0821986 0.137184 0.00409417 -0.140254 0.00415647 0.186637 0.0574442 -0.000275013 -0.0100414 
-0.000542228 -0.0053001 -5.97675e-05 -3.42145e-05 -0.00125322 0.00194087 4.05442e-05 0.00222742 0.00484825 0.0201303 -0.000239122 -0.00280453 -0.00262945 0.0014826 0.00408301 -0.000925961 0.00145174 -0.000726773 -0.00652302 0.000180004 0.000548463 -0.000229735 -0.0037633 -0.0019853 0.00639821 3.01616e-05 -0.00468905 -0.000793285 -0.000423579 0.00163564 0.000557992 -0.000402547 -0.000479812 9.70075e-05 5.85762e-06 0.00118673 -0.00438884 0.00201726 0.00238664 2.87214e-05 0.00022924 -4.10875e-05 0.00150878 -0.000134817 -0.000155043 -0.00335792 -0.00284956 1.63528e-05 -5.44179e-06 0.000453365 -0.00103252 0.000151946 -7.26369e-07 0.000343038 -0.000643061 -0.000236278 0.000249675 -0.00151891 -0.00343288 -0.00241921 -6.08763e-05 -7.68088e-07 -0.000155962 -0.000821917 -0.000196367 0.000734173 -0.000555352 -0.00120475 -0.000263023 1.98899e-05 -0.000872458 -0.000581192 -1.16247e-05 3.43049e-05 0.00104689 -0.000101793 -0.000259921 0.00407076 0.000608328 -6.35682e-05 0.00020057 -0.00115556 -0.00191348 6.43179e-05 -4.87254e-05 -2.82344e-06 -0.000383353 0.000175462 -4.86776e-05 -0.00111558 0.00200731 -0.000527583 0.00152984 0.000943631 -0.00192233 -0.000110845 0.00323642 -0.0020252 -1.17924e-05 -0.000464913 
-0.000717146 -0.00352692 -0.000102594 -0.00355049 0.0105305 0.00391583 0.00205574 -0.00223226 -0.00771633 -0.000239122 0.0324924 0.012151 0.00462181 0.00544028 -0.00615904 0.00481819 0.000490407 -0.0230723 -0.00980037 -0.000475289 -0.000489983 0.00642689 -0.00731607 -0.00158761 -0.0108914 0.00412743 0.00792118 0.00395031 -0.00107944 0.00256243 0.0215512 0.000809699 0.000812422 -0.0189644 -1.62132e-05 -0.0102994 -0.00620449 -0.000727263 -0.000218718 -2.80427e-05 0.00370796 0.000610008 0.000873614 -0.000353454 0.00175866 0.00396973 0.00523812 0.00204503 0.00131466 8.96778e-05 -0.00160842 -8.3041e-05 -7.70345e-07 0.00394815 -0.00850307 0.000357263 -0.000753727 0.0129384 -0.0048783 -0.00338534 0.000251538 0.000333502 0.00191498 -0.00694998 0.000880678 0.000333693 -0.0105107 0.000426861 -0.000305629 2.40037e-05 -0.00243324 0.00552965 0.000461224 -0.000154851 0.000762947 0.00783468 -0.000580615 -0.0114892 0.00501221 -0.000332027 -0.00159773 -0.00228169 0.00470011 0.000701968 -0.00074543 9.93814e-05 -0.00157669 0.000715167 0.00074371 -0.00269232 0.00250593 -0.00548851 -0.00941642 0.00011022 0.00991773 -0.000370369 -0.0110839 -0.00318358 0.000147745 0.00123691 
-0.0201548 0.0862793 -0.000907066 -0.0446643 0.0432257 -0.0127731 -0.022803 -0.015702 -0.155974 -0.00280453 0.012151 0.243137 0.0210113 -0.0179188 -0.077503 0.0570309 -0.00399242 -0.0585702 0.101325 -0.00650083 0.0104779 0.00771859 0.00575254 -0.0140843 -0.12569 0.0161496 0.138812 0.0390819 -0.0150327 -0.00301822 0.0571624 0.00881402 -0.00431313 -0.0834509 -9.91502e-05 -0.118291 0.0220394 0.00242433 -0.00280806 -2.26587e-05 -0.00724166 0.00509098 0.0267923 -0.0029958 -0.000659545 0.0913667 0.0786426 -0.00355453 -0.00845972 -0.00215678 -0.0167938 -0.00132286 -2.3975e-06 -0.00242982 0.0127398 0.00149044 -0.00492756 0.0971435 -0.00886085 0.0124272 0.00290165 -0.000130343 0.00423411 0.0278805 0.00500665 0.0055916 0.0265238 -0.00760891 0.00428525 0.000211173 0.00261235 0.0196194 -0.000693828 -4.13831e-05 -0.00206452 0.00322786 -0.00083383 -0.158043 -0.00308174 -0.00163034 -0.016185 0.0334912 0.0561848 0.00191543 -0.00968678 -0.000188045 -0.0402386 -0.00988143 0.000244571 -0.0260901 -0.0141523 -0.0699886 -0.113505 -0.00286754 0.15333 -0.0045085 -0.151603 -0.0576918 0.000237939 0.0114121 
0.0126839 0.0671593 0.0011164 -0.0390441 0.0218563 0.0104541 -0.0238507 -0.0228527 -0.0495403 -0.00262945 0.00462181 0.0210113 0.201673 0.00876888 -0.0629359 -0.00303601 -0.0072732 -0.0294775 0.0503788 -0.00779515 0.00293588 -0.0034671 0.0268794 -0.00493157 -0.069957 -0.00963549 0.0527552 0.0070462 -0.00964712 0.000587759 0.0148383 0.00214746 -0.0171216 -0.0353669 -0.000989306 -0.0633921 0.0436474 -0.0094535 -0.00209788 -0.000641665 -0.000320564 -0.000827092 -0.0135285 -0.00548712 -0.000625095 0.0433975 0.0407292 -0.000102624 -0.00473182 -0.000879617 0.00888596 -0.000805641 -1.98537e-05 0.000977272 0.000226104 -0.00833557 -0.0115519 -0.00283582 0.0274889 0.020543 -0.00187595 -0.000879576 -0.00370008 0.044207 0.00288773 -0.0182001 0.0292056 -0.0429335 -0.000276113 -9.8839e-05 -0.00540585 -0.0126164 -0.00111194 -0.000580325 -0.00281651 0.000675116 0.0264128 -0.0672039 -0.000539161 -0.0069135 -0.0170788 0.0662145 0.002988 -0.00189622 0.00434559 -0.000176331 -0.0156524 0.00979142 0.000653082 -0.00920494 0.00399226 -0.00753973 -0.0778533 -0.00642079 0.0470014 -0.00783591 -0.068117 -0.00747864 -0.000466358 -0.0211237 
0.0294199 -0.0259992 -0.000242623 0.000136539 0.0275318 0.0331017 0.00468352 -0.00441997 -0.00182197 0.0014826 0.00544028 -0.0179188 0.00876888 0.0548653 -0.00470624 -0.00569008 0.00115804 -0.0303439 -0.0231358 -0.000315803 -0.00149179 -0.000522182 -0.00296379 -0.000991383 -0.0096925 -0.00103866 -0.0189693 0.0143818 -0.00221245 0.00716735 0.00885643 0.0009276 -0.00154385 -0.0281134 7.87512e-05 -0.0127095 0.00481707 -0.00146703 0.00374981 -0.000146315 0.00629392 -0.000208331 0.000674012 -0.000601159 0.00111548 -0.0123504 -0.012703 0.0265463 0.00371353 0.0019625 -0.00242383 0.00101331 2.93582e-06 0.00534464 0.0153385 0.0009624 -0.000448461 -0.00792211 -0.0104529 0.0106986 -0.000299141 0.000383412 -0.000408384 -0.0140961 -0.000337172 -0.000129713 -0.0408554 -0.000822043 -0.000649065 6.83156e-06 -0.00454083 -0.00172215 0.000426755 -0.00060315 0.00163376 0.00462378 0.0258736 -0.0132921 0.0070151 -0.000517605 0.00197935 -0.0366811 -0.00548465 -3.04807e-05 0.017596 9.89425e-05 -0.0105888 0.0332671 -0.000152313 0.00455245 0.0269545 -0.00216871 -0.00771924 0.000282062 -0.00855799 -0.000567923 -0.011023 0.00117518 6.16888e-05 -0.00135017 
-0.00749758 -0.0816801 -0.00114126 0.00595108 -0.0331301 -0.0108639 0.0342564 0.0328191 0.094521 0.00408301 -0.00615904 -0.077503 -0.0629359 -0.00470624 0.163368 -0.0215738 0.00398478 0.0360914 -0.0844793 0.007397 -0.00297577 -0.00311273 -0.071431 0.0184896 0.0949619 -0.00560719 -0.0847966 -0.0223704 0.00825805 -0.00152399 -0.0262911 -0.00376982 0.00731487 0.055066 0.000422965 0.104875 -0.0454396 -0.00126446 -0.00237695 2.8299e-05 0.00599505 -0.00159092 -0.0059556 0.00246098 -0.0026112 -0.0557183 -0.0447251 -0.00864312 0.0104323 -0.00138812 -0.00894344 -0.000465961 1.07203e-05 -0.000488257 0.0321937 0.00137903 0.0122307 -0.0366988 -0.0270683 -0.0282024 -0.000963993 1.45642e-05 -0.00157593 -0.003715 -0.0027287 0.00227243 -4.60398e-05 0.0240156 -0.00023139 -0.000135242 -0.00932407 -0.00821748 0.00145523 -0.00193325 0.00176678 -0.00324991 -0.0209222 0.11813 0.00371047 -0.000512919 -0.00439487 -0.00549141 -0.0246626 -0.000682829 -0.00422606 0.000102854 -0.00121394 -0.0263608 -0.000486772 -0.0131059 -0.00296916 -0.0226045 0.122382 0.00560307 -0.0791397 0.00704924 0.115878 -0.0123097 -9.08231e-05 -0.00254722 
-0.00592851 0.0259594 0.000206718 -0.0132385 0.0461352 -0.00254393 -0.0059765 -0.00350758 -0.0524142 -0.000925961 0.00481819 0.0570309 -0.00303601 -0.00569008 -0.0215738 0.103548 -0.001251 -0.0427239 0.0142948 -0.0022637 -0.0030027 0.00356557 -0.0136803 -0.0122676 -0.0397403 0.00110509 0.0490957 0.0277819 -0.0036259 -0.000513803 0.0335895 -0.00151827 -0.00139469 -0.0502588 -0.000149021 -0.0374116 0.00384543 -0.000813613 -0.0014187 -0.000177849 -0.00300348 -0.000787341 -0.00868224 -0.00117201 -0.00102815 0.00484799 0.0213905 -0.00349113 -0.00202878 0.00065016 -0.00582531 -0.000170027 -3.88872e-06 -0.000768597 -0.00817685 -0.00120489 -0.00322966 0.0664255 -0.00273098 0.0157878 0.00230391 -0.000364426 0.00441115 -0.0237622 0.00314014 0.0120819 0.00647788 -0.00494291 -0.000783714 0.000179723 0.00150144 0.0112291 -4.0159e-05 -0.00101034 -0.000376717 0.00189562 0.0204115 -0.0437384 -0.00185698 -0.000702984 -0.00565047 -0.00371709 0.0482272 0.00131864 -0.00206867 -0.000102151 -0.0242585 -0.0150188 -0.000115253 -0.00574846 -0.00354633 -0.0191592 -0.0345688 -0.00115592 0.0224664 -0.00107631 -0.0431165 -0.0182153 3.36844e-05 0.00869046 
-0.000919292 -0.00470584 -0.000100781 -0.00171789 -0.00116375 0.000416507 0.00399989 0.00129484 0.00196622 0.00145174 0.000490407 -0.00399242 -0.0072732 0.00115804 0.00398478 -0.001251 0.0198945 0.000499946 -0.00424993 9.06686e-06 -0.000523921 0.000519932 -0.00842992 -0.000821367 0.000332126 0.00123264 -0.00272069 -0.000169558 6.09542e-05 0.000489938 -0.000348526 -0.000393108 -0.000351481 0.00141035 -3.47032e-06 0.00445624 -0.00310879 0.00113834 0.00053823 -4.30369e-05 0.00129243 -0.000115456 0.000659065 7.84108e-07 0.00128625 -0.00265853 -0.00204048 -0.000230446 -8.92327e-05 5.89166e-05 0.000202174 -5.9949e-05 1.31745e-06 0.000728825 0.00270779 0.000188738 -4.55205e-05 -0.000239287 0.000468171 -0.00179455 0.000241234 0.00022639 -7.41246e-05 -0.000993715 -0.000241859 -8.38671e-05 -0.00262268 0.00142975 -0.000330189 1.03189e-05 0.00481154 0.00137512 0.000719575 0.000194567 -8.47404e-05 0.00101247 -0.00122046 0.00291242 0.000421699 0.000430421 -0.000779756 -0.00460971 -0.00209106 0.000173601 -0.000491795 7.15765e-05 -0.000618915 -0.00262686 -2.65781e-05 -0.00157552 -2.33751e-05 -0.00253568 0.0057097 0.00113092 -0.00260047 2.97659e-05 0.00139502 -0.0023505 0.000108772 0.000199302 
-0.0202151 0.00151046 -0.00177315 0.0170052 -0.0974242 -0.0342053 0.00577763 -0.00337242 0.0752752 -0.000726773 -0.0230723 -0.0585702 -0.0294775 -0.0303439 0.0360914 -0.0427239 0.000499946 0.151746 0.0304164 0.00235535 -0.0051826 -0.0132458 0.0241053 0.0125446 0.0595228 -0.00803554 -0.0427871 -0.0658732 0.00501567 -0.00667523 -0.0818515 0.00161758 -0.00182144 0.119538 -6.66573e-05 0.0642199 0.0135797 0.00399449 0.000873138 -0.000709333 -0.00159534 -0.00115816 0.000437775 0.00192421 -0.00489384 -0.0163482 -0.0507068 -0.0302681 -0.00100702 -0.00380262 0.00919177 -0.000589372 3.77606e-07 -0.00400833 0.00129508 -0.0022809 0.00222406 -0.0758289 0.0192128 -0.0232371 -0.00263815 -0.00092953 -0.00259032 0.0221083 -0.00706135 -0.0017397 0.0368309 0.00177354 -0.00142769 -0.000460299 0.0105684 -0.0185713 -0.000153479 0.00066809 -0.000760194 -0.00863826 -0.0415399 0.0720075 -0.00757998 0.00123509 0.00869937 0.01714 -0.0499107 -0.000976811 -0.0156402 -3.56781e-05 0.0268976 -0.00887554 -0.000913149 0.00273513 -0.0231939 0.0281221 0.0470022 0.000420083 -0.0375206 0.00157498 0.0693669 0.0145943 -0.000453952 -0.00623129 
-0.011319 0.112914 -5.63668e-06 -0.0392563 -0.016083 -0.0170678 -0.0245881 -0.031993 -0.117748 -0.00652302 -0.00980037 0.101325 0.0503788 -0.0231358 -0.0844793 0.0142948 -0.00424993 0.0304164 0.244659 -0.00812199 0.00304418 -0.00518873 0.0509306 -0.00786297 -0.121339 0.000188236 0.120981 -0.0110775 -0.00372896 -0.00351348 -0.0122398 0.00730428 -0.0119418 -0.00286064 -0.000599825 -0.103111 0.0978189 -0.00129295 -0.00387796 -0.00101509 -0.00487602 0.000966708 0.0115337 -0.00179472 -0.00278103 0.101283 0.0468505 -0.0172993 -0.00879138 -3.53537e-06 0.0221164 -0.000379026 -1.36103e-05 -0.0030586 0.0163375 -0.00553112 -0.0099548 0.00635364 0.0531835 0.0353058 -0.000587532 -0.000760235 -0.000100216 0.0797673 -0.000895915 0.00153105 0.0473045 -0.0266546 -0.00262422 -0.00018058 0.0284481 -0.00893005 -0.00124161 0.00235801 -0.00297929 -0.00370731 -0.00257286 -0.149034 -0.00686943 -0.0035983 -0.0160788 0.0496061 0.0056646 -0.000996415 -0.0076849 -0.000224313 -0.0353443 0.00286407 -0.00077406 -0.0288397 -0.0134739 -0.0616079 -0.130253 -0.00406918 0.0971575 -0.00468679 -0.135563 -0.0474992 -0.000233527 -0.00631852 
-0.000383422 -0.0117613 -9.73252e-05 -0.000719667 -0.00311565 -0.000965571 0.000649901 0.0018026 0.00899711 0.000180004 -0.000475289 -0.00650083 -0.00779515 -0.000315803 0.007397 -0.0022637 9.06686e-06 0.00235535 -0.00812199 0.0197984 -0.00029031 -0.000360292 -0.000402634 -0.00101277 0.0106958 -0.000582144 -0.00816209 -0.00199372 -0.000792813 -0.000187462 -0.00249125 -0.000431939 -0.000283865 0.00418931 -2.18192e-05 0.00902078 -0.00426013 -0.000438687 -0.000179272 0.000441164 -8.63287e-05 -0.000184474 -0.000772115 -0.000126073 -0.000327226 -0.00497984 -0.00418429 -0.00074625 0.00355153 -0.000161489 -0.00107211 -2.21585e-05 2.04505e-06 4.78566e-05 -0.00266821 -0.00012891 -0.000276156 -0.00383372 -0.00288841 -0.00265889 -9.70913e-05 -6.318e-05 -0.000155373 -0.00240225 -0.000107593 -0.000483801 0.00029035 -0.00096422 -0.00010412 -1.05742e-05 -0.00167037 -0.000850115 6.23188e-06 -0.000209831 -7.30239e-05 -0.000295982 -0.00159994 0.01007 -0.000372209 3.98724e-05 -4.68785e-05 0.00128756 -0.00239905 -6.66704e-05 -3.38865e-06 0.000171253 0.00457118 -0.000232145 -1.50556e-05 0.00193877 -0.000468086 0.00123755 0.0105241 0.00145596 -0.00678936 -0.000148507 0.0099719 -0.00102516 1.04441e-05 -0.000535509 
-0.00135777 0.00471746 -8.97644e-05 -0.00201242 -0.00474577 4.79293e-05 -0.00102487 -0.00224997 -0.00808174 0.000548463 -0.000489983 0.0104779 0.00293588 -0.00149179 -0.00297577 -0.0030027 -0.000523921 -0.0051826 0.00304418 -0.00029031 0.0280989 1.89915e-05 0.00174881 -0.000771879 -0.00226003 0.0036892 0.00290855 -0.0010306 -0.000770686 -0.000167255 -0.000599831 -0.000203653 -0.000509665 -0.0053217 9.61366e-05 -0.00716536 -0.000605591 -0.000455907 -0.00026984 0.000476888 0.000165496 0.00202917 0.00991632 -0.000284974 -0.000340304 0.0097363 0.00330505 -0.00102635 -0.000556682 0.000119544 -0.00122464 -6.38073e-05 8.82829e-07 -0.000181492 0.0018302 -0.000296117 7.66882e-06 -0.00402139 -0.0023197 -0.00275201 -5.67163e-05 7.53417e-05 -0.000101292 0.00294373 0.000105527 0.000561284 0.000159261 -0.00123186 0.000117885 -1.32252e-05 -0.00151827 -0.00107702 2.70311e-05 -8.06111e-05 -4.01057e-05 7.84383e-05 -0.00191181 -0.0063236 -0.000309963 -0.000228374 -0.00136957 0.00507966 -0.00278984 0.000161325 -0.000647769 -1.48473e-05 0.00285482 -0.00432079 -4.82969e-05 -0.00212399 -0.000757013 -0.00298614 -0.00662162 -0.000327339 0.0107376 -0.000310899 -0.00695343 0.00068574 1.69817e-05 -0.00064127 
-0.000719194 -0.00518901 0.000587703 -0.0020981 -0.000205915 -0.000858119 -0.00112998 0.00397614 -0.00907219 -0.000229735 0.00642689 0.00771859 -0.0034671 -0.000522182 -0.00311273 0.00356557 0.000519932 -0.0132458 -0.00518873 -0.000360292 1.89915e-05 0.0194384 -0.00373432 -0.000367699 -0.00646836 0.00525251 0.00760957 -0.000896141 0.00132682 5.59662e-06 0.00800725 -0.000122525 0.00135464 -0.0117118 2.58626e-05 -0.00573475 -0.00405023 0.00234452 -0.000211262 8.97047e-05 4.10438e-05 0.000258236 -0.000982699 -0.000178956 0.00358214 0.00325346 0.00308049 0.000957799 -0.000222149 0.00114705 -0.000986855 -5.95126e-05 -2.88955e-07 -3.70173e-05 -0.0033812 0.00104962 -5.0933e-05 0.00928856 -0.00319213 -0.00248416 0.00240164 0.0010366 0.00174995 -0.00567587 -7.17269e-05 0.00128523 -0.00645737 0.00155604 0.000424374 0.000111509 -0.000614916 0.00755513 0.000255384 0.000341839 -0.000126482 0.00369767 6.52346e-05 -0.00714133 0.00197574 -9.52978e-05 -0.000985179 -0.00267775 0.00402876 0.00123916 -0.000281432 3.79348e-05 0.000714024 -0.00287347 0.000667354 -0.00111348 9.18954e-05 -0.00311186 -0.00443681 0.000655705 0.0063759 0.000308625 -0.00704169 0.00148175 0.00030345 0.00368875 
0.00726613 0.0411974 -0.00053191 0.0142057 -0.0318263 0.000178 -0.0343595 -0.0281151 -0.0139186 -0.0037633 -0.00731607 0.00575254 0.0268794 -0.00296379 -0.071431 -0.0136803 -0.00842992 0.0241053 0.0509306 -0.000402634 0.00174881 -0.00373432 0.183563 -0.000175996 -0.0168562 0.000692629 0.0207326 -0.0364666 0.0011882 -0.00310664 -0.030531 0.00336855 -0.00890718 0.0282687 -0.00068296 -0.0411036 0.0413233 -0.000484418 0.00210245 0.000206385 -0.00967283 0.000437074 -0.00439061 0.00118942 -0.00437026 0.0311236 -0.010295 -0.00712731 -0.00994896 0.00126 0.00841932 0.000605693 -7.17399e-06 -0.00473244 -0.0477215 -0.00578929 -0.0135121 -0.0344772 0.00449138 -0.00377455 -0.00155841 -0.00131174 -0.00353692 0.040905 0.00246002 -0.00876237 0.010631 -0.0245773 -0.00122169 -0.000162667 5.19449e-05 -0.0199052 -0.00132426 0.00121388 -0.00106321 -0.00807446 0.00841904 -0.0292408 -0.0121843 0.000242633 0.00933693 0.00552291 -0.0374672 -0.00113756 0.00443233 -8.40457e-05 0.0291001 0.028722 -0.000851938 0.0171269 2.32921e-05 0.0360738 -0.0574385 -0.00450361 0.0491892 -0.00580661 -0.0268909 0.0280752 -0.000343396 -0.0107084 
-0.00259635 -0.00737476 -0.000609468 -0.0118327 -0.0096097 -0.00434637 -0.0028512 0.00115909 -0.00168427 -0.0019853 -0.00158761 -0.0140843 -0.00493157 -0.000991383 0.0184896 -0.0122676 -0.000821367 0.0125446 -0.00786297 -0.00101277 -0.000771879 -0.000367699 -0.000175996 0.10281 -0.00519712 0.000427225 -0.00272935 -0.0107323 0.00270015 -0.000681345 -0.0122163 0.00678162 0.000674623 0.00586414 0.00116849 -0.000139062 0.00211073 -0.00368897 -0.00108328 0.000632504 -0.00199634 -0.000683099 -0.00539387 0.00461496 -0.00129539 0.00816235 -0.0105023 -0.00402296 0.00356107 -0.00078573 0.000648807 -0.000364005 2.20823e-05 -0.000278532 -0.0010299 0.00362764 0.00899311 -0.0117918 -0.00913343 -0.00254773 -0.000535698 -3.86673e-05 -0.000771285 0.0184351 -0.00112634 -0.00176403 -0.00738471 0.0129561 0.00143734 -5.97659e-05 -0.00796491 -0.00326556 -0.000287502 -0.000596422 -0.000258467 -0.00121796 -0.0107376 0.0121592 -0.00208867 0.00104872 -0.000580898 -0.00804977 -0.0127567 -0.000329335 -0.00282034 -5.47073e-05 0.00322812 -0.00965063 6.13382e-05 -0.0076724 -0.00313773 -0.00507414 0.0154665 0.00154478 0.000239871 0.00315624 0.0137828 -0.00657536 -6.59844e-05 0.000414853 
-0.00808423 -0.104248 -0.0018128 0.0681637 -0.0637064 -0.0182633 0.0293018 0.0174591 0.174449 0.00639821 -0.0108914 -0.12569 -0.069957 -0.0096925 0.0949619 -0.0397403 0.000332126 0.0595228 -0.121339 0.0106958 -0.00226003 -0.00646836 -0.0168562 -0.00519712 0.232735 -0.0102982 -0.147157 -0.0412473 0.00319065 -0.00238522 -0.0454476 -0.00836819 0.00722451 0.09039 0.000236544 0.129703 -0.0721325 0.00149132 0.00343864 0.000971333 0.00851971 -0.000379655 -0.0119466 0.000808116 -0.00523066 -0.0921403 -0.0837061 -0.0158213 0.00394934 -0.00221383 -0.016957 0.000175501 -1.1324e-05 -0.000580425 -0.0294546 -0.00194981 0.00524668 -0.0652536 -0.0484376 -0.0454038 -0.00170253 -0.0007377 -0.0027602 -0.0643018 -0.00454378 -0.00334304 -0.00605458 0.0142108 -0.00598926 -0.000107596 -0.0150299 -0.0155785 0.000970437 0.00182716 0.00199797 -0.00520711 -0.0300331 0.175206 -0.00125085 0.00450406 0.0266396 -0.0244302 -0.0445466 -0.00105759 -0.00409669 0.000112824 0.0568318 -0.00166612 -0.000568984 0.041497 -0.00498502 0.0770794 0.120888 0.00198672 -0.114022 0.00446224 0.16525 0.0672386 -0.000192354 -0.0071331 
-0.00145604 -0.000903131 -3.68959e-05 -0.00334367 -0.00245636 -0.00148962 -0.00163958 -0.00122209 -0.0138753 3.01616e-05 0.00412743 0.0161496 -0.00963549 -0.00103866 -0.00560719 0.00110509 0.00123264 -0.00803554 0.000188236 -0.000582144 0.0036892 0.00525251 0.000692629 0.000427225 -0.0102982 0.0286456 0.00982734 -0.000111331 -0.00120859 3.33894e-05 0.0100442 -0.000565027 0.00102464 -0.0110138 0.000434814 -0.0093252 -0.00459988 0.0011788 -3.59084e-05 -7.18258e-06 -0.00051403 0.00182063 0.00382538 0.000642568 0.00118306 0.0163377 0.0128785 0.0011213 -0.000577278 -2.22686e-05 -0.00056088 -8.82515e-05 5.24735e-07 -0.000181657 -0.00771962 0.00343779 0.00285636 0.0130392 -0.0026951 -0.00162854 0.000308357 0.000214769 0.000541836 -0.00182195 0.00021173 0.00106018 -0.0106327 0.00510939 0.000334796 -1.76355e-05 0.0021692 0.00109074 0.000191094 -0.000152998 -0.000163703 0.000134848 -0.00256615 -0.0115947 -0.000604419 0.00147803 -0.00121915 -0.00285405 0.00246112 0.000530213 -0.000721764 5.91034e-05 -0.000568316 -0.00475154 -8.54042e-05 -0.0023321 -0.00101198 -0.00492729 -0.008517 -0.00011527 0.0110564 -0.00021126 -0.0116517 -0.00370764 0.000361628 0.00416334 
-0.0170671 0.105696 0.00291373 -0.0477034 0.0463653 -0.0140688 -0.0248567 -0.0237455 -0.16523 -0.00468905 0.00792118 0.138812 0.0527552 -0.0189693 -0.0847966 0.0490957 -0.00272069 -0.0427871 0.120981 -0.00816209 0.00290855 0.00760957 0.0207326 -0.00272935 -0.147157 0.00982734 0.244617 0.0225645 -0.00228737 -0.00253849 0.0385644 0.00649727 -0.00904559 -0.0803667 -0.000493042 -0.121781 0.0589085 0.000305226 -0.00497693 -0.000565915 -0.0087441 -0.00327673 -0.00440451 -0.0013406 0.00579462 0.118117 0.101389 -0.0130843 -0.00851577 0.000667828 0.0193244 -0.00122341 -5.01164e-06 -0.00278422 -0.0294713 -0.00418305 -0.00653478 0.0644524 0.0414739 0.0156509 0.00210414 0.0002605 0.00357326 0.0543909 0.00610867 0.0036891 0.0394513 -0.0204354 0.00216109 1.4814e-05 0.0215609 0.0165963 -0.000955387 -1.77535e-05 -0.00271764 0.00233584 0.00219462 -0.159693 -0.00557635 -0.00445127 -0.0216296 0.0509785 0.0531249 0.000547828 -0.00867968 -0.000255867 -0.0474085 -0.03718 -0.000166634 -0.0324764 -0.0135703 -0.0726822 -0.122989 -0.00169992 0.109867 -0.00442522 -0.158204 -0.0499547 4.20889e-05 0.00252797 
0.00860364 0.00478346 0.000648105 -0.0124286 0.0802083 0.020975 -0.00472288 0.000994448 -0.0539634 -0.000793285 0.00395031 0.0390819 0.0070462 0.0143818 -0.0223704 0.0277819 -0.000169558 -0.0658732 -0.0110775 -0.00199372 -0.0010306 -0.000896141 -0.0364666 -0.0107323 -0.0412473 -0.000111331 0.0225645 0.100626 -0.00530963 0.00254983 0.0442112 -0.00181672 0.00163641 -0.0754232 -0.000117702 -0.0357191 -0.0160172 -0.0031878 -0.00151873 -0.000274946 -0.00198871 -0.000458 0.000488161 -0.00104567 0.000686012 0.000875792 0.0359471 0.0232212 -0.000183366 0.00111347 -0.00515117 0.000224833 -2.9934e-06 -0.00013195 0.0121346 0.00226721 -0.000939031 0.0571589 -0.00412106 0.0261381 -0.000196658 -0.000339655 0.000273422 -0.0222803 0.00269155 0.00508678 -0.0197543 0.00262195 0.000531322 0.000184275 -0.00858872 0.00994261 -0.000333252 -0.000601534 -0.000635165 -0.00109993 0.0241472 -0.0448204 -0.000450091 -0.000729117 -0.00572155 -0.011779 0.0463095 -0.000317027 0.00737548 -7.64676e-05 -0.0228589 0.000142313 -0.000300198 -0.00408377 0.0105982 -0.0193309 -0.0192765 -0.00122654 0.00351744 -0.00123466 -0.0445975 -0.0128698 0.000375994 0.00668995 
-0.00240052 0.00651782 0.00286196 0.000935957 -0.0100502 -0.00181159 -0.00295039 0.00354215 0.00364738 -0.000423579 -0.00107944 -0.0150327 -0.00964712 -0.00221245 0.00825805 -0.0036259 6.09542e-05 0.00501567 -0.00372896 -0.000792813 -0.000770686 0.00132682 0.0011882 0.00270015 0.00319065 -0.00120859 -0.00228737 -0.00530963 0.0519207 1.43895e-06 -0.000719778 -0.00062197 -0.000152324 0.00895348 6.85478e-08 -0.00655226 -0.00612155 -0.000353881 -0.000315806 0.000183321 0.000293721 -0.000257069 -0.00313682 0.00618221 0.00663961 -0.0081279 0.00342619 -0.00236455 -2.64575e-05 0.000856945 0.00724202 -8.39634e-05 3.57407e-06 -9.43671e-05 -0.0162769 -0.000180011 0.00426774 -0.0090641 0.0151658 -0.0045307 -0.000302115 0.000457584 -0.000416825 0.00258139 -0.000644003 -0.000217569 -0.00364869 0.00361812 0.000505286 -2.90914e-05 0.00155418 -0.00153177 1.64369e-05 4.80357e-06 0.000495831 5.65444e-05 -0.000146234 0.00778853 0.000747594 -0.000117036 0.00404077 -0.0140883 -0.000670257 -0.00015849 -0.00125099 -3.21137e-06 -0.00879789 -0.00663778 -0.000149653 -0.0023113 -0.000293882 -0.00131297 0.00365493 0.00077096 -0.0151338 0.00266395 0.00335953 0.00437937 -3.10053e-05 -0.000873242 
0.00135432 -0.00487691 -5.49284e-06 -0.000673266 0.00378332 0.0076514 0.00238063 -0.000706904 3.38761e-05 0.00163564 0.00256243 -0.00301822 0.000587759 0.00716735 -0.00152399 -0.000513803 0.000489938 -0.00667523 -0.00351348 -0.000187462 -0.000167255 5.59662e-06 -0.00310664 -0.000681345 -0.00238522 3.33894e-05 -0.00253849 0.00254983 1.43895e-06 0.00972917 0.00480876 -0.000208132 -0.000160328 -0.00652671 0.000204132 -0.00293507 -0.000952679 2.22711e-05 0.00137829 -7.74729e-06 0.0032165 0.000144718 0.000735353 -4.80769e-05 0.000759501 -0.0012078 -0.00158534 0.00326679 0.00236437 0.00225603 -0.00031721 0.000343103 4.97698e-07 0.00265585 -0.00111881 0.000197296 0.000259206 -0.000419096 -0.00157591 -9.32221e-05 -5.75752e-05 0.000104318 -7.07588e-05 -0.00367602 0.000105702 0.000819967 -0.00801724 0.000350566 -6.92947e-05 6.43078e-06 -0.000840545 -0.000294254 6.18956e-05 6.08677e-07 0.00179164 0.00205945 0.0017405 -0.00365848 0.00407269 8.32548e-06 0.000104 -0.00677958 -0.000405872 -4.1847e-06 0.00117222 3.20896e-05 -0.00191041 0.00244085 -2.90192e-05 -0.000104118 0.00687602 -0.00159083 -0.00214652 0.000368004 -0.00277194 -5.03596e-05 -0.00344233 -0.000867146 5.24684e-05 -0.000230153 
-0.000630347 0.0045167 0.00108379 -0.0148295 0.0641827 0.0112016 -0.00362135 0.000850427 -0.0531892 0.000557992 0.0215512 0.0571624 0.0148383 0.00885643 -0.0262911 0.0335895 -0.000348526 -0.0818515 -0.0122398 -0.00249125 -0.000599831 0.00800725 -0.030531 -0.0122163 -0.0454476 0.0100442 0.0385644 0.0442112 -0.000719778 0.00480876 0.112761 -0.00211937 0.0026129 -0.0796053 -5.70923e-05 -0.0460929 -0.0136842 -0.00272031 -0.000556778 -0.000285089 0.00301443 0.000349215 -0.00181392 -0.00122447 0.00603636 0.0177674 0.0579223 0.0124275 0.00104011 -0.00023935 -0.00496932 -0.000350616 -4.17032e-06 0.00386767 -0.0266846 0.00363133 0.00159408 0.0689263 -0.00371808 0.0086001 -0.000406838 0.000318687 0.00173131 -0.0277247 0.00236513 0.00176621 -0.0201816 0.0018364 0.00144281 6.06011e-06 -0.0107566 0.0111672 0.000215883 -0.000590819 0.000662693 0.00679032 0.0100827 -0.0510911 0.00393494 -0.000728177 -0.00639919 7.61653e-05 0.053093 0.00100164 -0.000523425 6.88922e-05 -0.0214587 -0.00719109 -0.000216956 -0.00795421 0.00444621 -0.0224654 -0.0370866 -0.000891806 0.019811 -0.00128757 -0.0504763 -0.0168521 0.000362011 0.00765944 
-0.000500311 0.00421286 -0.000117392 -0.00209463 -0.00213698 -0.000634757 -0.00134272 -0.00210851 -0.00732841 -0.000402547 0.000809699 0.00881402 0.00214746 0.0009276 -0.00376982 -0.00151827 -0.000393108 0.00161758 0.00730428 -0.000431939 -0.000203653 -0.000122525 0.00336855 0.00678162 -0.00836819 -0.000565027 0.00649727 -0.00181672 -0.00062197 -0.000208132 -0.00211937 0.0246488 -0.000734062 0.00252894 -3.47408e-05 -0.0065742 0.000640538 -0.000612078 0.00087443 -3.01811e-05 -0.000113789 -0.000134527 0.00228561 -1.27815e-05 -0.000243552 0.00192719 -0.0036005 -0.00034961 -0.000265032 -0.000113293 -0.00069496 -1.19792e-05 7.08837e-06 -6.71027e-05 0.00330335 -0.000248185 -0.000413191 -0.00397769 -0.00322206 -0.00288013 -1.72998e-05 0.000218302 0.000591791 0.00336669 -0.000208647 0.000174504 8.58086e-05 -0.0013915 -0.000339179 -1.48121e-05 -0.00141806 -0.000140439 -5.97568e-05 -0.000122981 3.93741e-05 0.00121218 -0.00220275 -0.00656676 0.000330852 -0.000150253 0.00196952 -0.00152008 -0.00265755 3.60391e-06 -0.000496282 -8.53507e-06 -0.00212348 0.00669757 0.000370208 -0.00190604 -0.000724174 -0.00202789 -0.00809938 -0.000171478 0.00980941 -0.000273783 -0.00597704 -0.00317306 -1.54154e-05 -0.000621451 
-0.0010612 -0.0167718 -0.000140881 0.00418306 -0.00077909 0.000246394 0.00649449 0.00123209 0.00505639 -0.000479812 0.000812422 -0.00431313 -0.0171216 -0.00154385 0.00731487 -0.00139469 -0.000351481 -0.00182144 -0.0119418 -0.000283865 -0.000509665 0.00135464 -0.00890718 0.000674623 0.00722451 0.00102464 -0.00904559 0.00163641 -0.000152324 -0.000160328 0.0026129 -0.000734062 0.0286154 -6.37348e-05 9.39208e-05 0.00842657 -0.00671275 -0.00108757 -0.000386646 -5.03758e-05 -9.49313e-05 0.000860616 -3.69447e-05 -0.00015822 0.000261229 -0.00702667 -0.00569005 0.00464629 -0.000522698 -6.40341e-05 -0.00156385 -8.3831e-05 5.18277e-06 -0.000215186 0.0012191 0.00199971 0.000284122 0.0033689 -0.00322798 -0.00333421 -8.34729e-05 -3.46302e-05 0.00117658 -0.0101543 -0.000163512 -6.07572e-05 -0.00581688 0.0161732 0.000524483 0.000157394 -0.00133115 0.00460908 -2.5572e-06 0.000204192 -8.34048e-05 0.000654916 -0.00279957 0.00806493 -0.000504254 -6.83636e-05 -0.000556703 -0.0112354 -0.000552525 3.6178e-05 -0.000632419 0.000104542 -0.00393902 -0.00407506 -7.02673e-05 -0.000699294 -0.000758395 0.00115168 0.0145842 0.000189826 -0.00437761 0.00334857 0.00793334 -0.00190046 0.00020526 0.00896667 
-0.0199552 -0.017576 -0.00218668 0.026652 -0.123963 -0.0326192 0.0108275 0.0039212 0.116901 9.70075e-05 -0.0189644 -0.0834509 -0.0353669 -0.0281134 0.055066 -0.0502588 0.00141035 0.119538 -0.00286064 0.00418931 -0.0053217 -0.0117118 0.0282687 0.00586414 0.09039 -0.0110138 -0.0803667 -0.0754232 0.00895348 -0.00652671 -0.0796053 0.00252894 -6.37348e-05 0.202008 -9.57847e-05 0.0928762 -0.0275805 -0.000111702 0.000651777 -0.000227873 -0.000581105 -0.000460068 0.00874169 0.00127372 -0.0060421 -0.0475252 -0.0638114 -0.030333 0.00124084 -0.00516031 0.0101408 -0.00124478 -1.4558e-08 -0.00361223 -0.00879507 -0.00322055 0.00140675 -0.0806968 0.0046842 -0.0465541 -0.00228703 -0.000502972 -0.00390492 0.0199794 -0.00944567 -0.0088191 0.0339876 0.00220081 -0.00107667 -0.000342118 0.0163994 -0.0256509 0.000174963 0.00110017 -0.000785484 -0.00792494 -0.0496358 0.110526 -0.005419 0.00164807 0.0125322 0.0107776 -0.065465 -0.00117839 -0.0167722 -3.18755e-05 0.0453138 -0.00745581 -0.000325335 0.0077694 -0.0213359 0.0434983 0.0715849 0.00154682 -0.0618015 0.00261934 0.107168 0.0258024 -0.000424557 -0.0102738 
