0.00243949 -3.10223e-07 -2.15535e-05 -3.816e-05 0.000592881 -5.25714e-05 3.08873e-07 7.00767e-05 -9.77716e-06 2.87628e-05 -2.13568e-05 -3.42778e-05 1.11052e-05 9.40513e-05 9.84803e-06 -0.000265858 -0.000877707 9.96339e-06 -1.67561e-05 0.000256822 4.81936e-07 -0.000198538 -0.000525455 2.13875e-05 -0.000164737 -0.000282544 -0.000631061 2.3822e-05 -8.8855e-05 3.19069e-06 0.000429469 0.000231461 1.22964e-06 -0.000144869 0.000284235 7.82564e-05 -9.74604e-07 -0.000165538 -0.00051238 -8.29551e-05 -1.35794e-07 1.74528e-07 0.000328662 9.41001e-05 -1.83313e-07 -0.000363722 -1.69201e-05 0.000382148 -2.1557e-05 -2.54813e-06 -1.07287e-05 -1.69791e-05 -5.751e-06 5.76037e-06 -4.61158e-06 3.07375e-06 3.51369e-07 -6.42382e-05 2.41508e-05 0.000925053 -9.97752e-06 -0.000182876 -5.11222e-06 -1.73516e-05 -8.86903e-05 -8.48206e-05 1.85286e-06 6.54788e-06 0.000124941 7.02214e-07 3.52066e-05 -0.00020377 -1.87162e-07 -4.79752e-05 -3.81733e-07 3.36325e-05 -3.8148e-05 2.29012e-06 0.00016615 3.86651e-07 5.80604e-06 -0.000316108 -8.99154e-06 2.94682e-06 -0.000729536 -3.68738e-06 -0.000363235 9.64268e-07 -2.7947e-06 -3.59085e-07 -1.10994e-06 0.000175698 -5.48961e-06 -5.86952e-08 1.62034e-06 5.04857e-06 4.99508e-06 -0.000191624 -4.26288e-07 2.72127e-05 
-3.10223e-07 0.000276717 9.44899e-05 5.28663e-06 -5.86473e-05 1.16406e-05 2.86236e-08 8.00267e-06 4.53486e-06 2.94512e-05 -3.89399e-06 -0.000126862 6.18414e-05 3.1969e-05 -0.000102365 -2.11599e-05 -1.60472e-05 5.36563e-06 -3.12206e-06 1.07903e-06 1.75388e-06 -6.59108e-05 6.56556e-05 2.09147e-06 -1.28601e-05 -6.77258e-05 2.98358e-05 -1.19207e-06 3.78105e-06 1.08405e-07 -2.17198e-05 -9.95804e-05 -5.70111e-08 -1.12253e-05 -1.44553e-06 -0.000133515 1.30524e-06 -5.85355e-05 -4.25023e-05 -0.000100592 2.38495e-06 1.34289e-07 -3.8891e-06 6.38512e-05 -3.01806e-08 -5.86318e-05 9.05349e-06 3.96538e-05 0.000106171 1.18711e-05 3.28215e-05 9.38294e-06 8.43305e-06 8.78738e-07 1.11759e-06 1.36287e-06 2.98992e-06 1.97286e-05 -5.4159e-08 -2.17059e-05 6.26877e-06 1.32169e-05 -2.41584e-07 2.56263e-06 5.61587e-06 -0.00010914 -4.04229e-08 -7.91797e-08 -8.85057e-06 3.70859e-06 1.1529e-05 -7.1229e-05 -2.01617e-08 -7.51984e-07 5.65299e-07 8.95849e-07 3.33264e-06 1.66073e-07 5.45636e-05 1.58715e-05 -1.13927e-05 -2.77789e-05 2.35098e-05 1.26567e-07 -2.85006e-06 1.47746e-07 -3.52776e-05 4.5866e-05 -1.48063e-06 3.60233e-08 1.85438e-06 -2.55306e-06 4.71992e-05 2.12443e-06 7.90305e-06 -3.03449e-08 2.59485e-07 0.00012145 2.56458e-05 -3.38948e-05 
-2.15535e-05 9.44899e-05 0.0303421 0.00218473 -0.00445457 0.00116315 2.87899e-05 0.0013386 -0.000135316 0.000674698 8.3631e-05 -0.00457916 0.00148208 -0.00023213 -0.0023927 0.00297003 0.00312072 -0.000106916 0.00134266 -0.00127187 9.9238e-05 -0.000156011 0.00575305 2.19538e-06 -0.00222305 -0.00057058 0.0053135 -0.000160171 -3.85289e-05 -4.56193e-06 -0.00623382 -0.0104664 -4.71832e-06 -0.00184995 0.000100971 -0.00114702 1.90604e-05 0.000342848 -0.0018482 -0.00188854 4.73909e-06 1.63521e-05 -0.000487091 0.00232316 -2.15205e-06 -0.00372448 0.00066418 -0.00111205 0.00440369 -2.39476e-05 0.00124733 -0.000182858 -0.000432907 -4.66576e-05 0.000210255 8.14861e-05 5.02324e-05 0.000663051 -4.16015e-05 -0.00301585 0.00109081 -0.00475376 4.9769e-05 1.06958e-05 0.000526771 -0.00673088 -2.11779e-06 -2.91244e-05 -0.000360702 5.10426e-05 0.000462381 -0.00598392 -3.20256e-06 -0.00025397 -7.91767e-07 -9.1932e-05 0.00401356 7.0744e-07 0.000101229 2.11706e-05 -0.00144269 0.000183669 0.000336142 8.98106e-06 0.00179097 -3.85542e-05 -0.00827606 0.00023211 -0.000242672 9.23393e-06 -1.43526e-05 -0.000316587 1.19367e-05 7.63535e-06 0.000310941 -6.10639e-07 -1.40779e-05 0.00270148 8.23034e-05 -0.000713248 
-3.816e-05 5.28663e-06 0.00218473 0.0318408 -0.00901653 -8.32496e-05 -2.95809e-06 0.000671338 -4.17468e-05 -0.000144665 -5.29634e-05 -0.00129107 0.000147131 -0.00192085 0.0010322 0.0120621 -0.00268582 0.00016596 0.00034949 -0.000808993 -5.882e-06 -0.00107636 -0.00201052 2.59059e-05 -0.00149383 5.21629e-05 0.0138714 0.00010845 -0.000256295 0.000100877 0.00534113 -0.0128416 -6.01819e-06 0.00113225 -0.000737369 -0.0067678 1.83027e-05 0.000784512 -0.000142736 -0.00142781 4.82936e-06 -2.3548e-07 -0.0072993 0.000457669 -7.0013e-08 -0.00563705 0.0009157 -0.00241073 -8.06584e-05 0.000151316 -1.92117e-05 0.000886263 -0.00043568 0.000103494 8.84961e-05 7.3088e-05 4.87119e-05 -0.000742588 -4.14383e-05 -0.00122225 -0.000145992 -0.00431841 0.000820854 0.000133297 0.0021993 -0.00706167 -3.00834e-06 8.34498e-06 -0.000918082 -5.03648e-05 0.000353132 -0.0063304 5.82493e-05 0.00289997 -1.15166e-05 0.000545353 0.00278538 -4.45081e-07 -0.00340107 -4.09841e-06 -0.000609257 -0.000961331 -3.29259e-05 1.52371e-05 0.00651449 -2.07379e-05 -0.00985588 4.32318e-05 -0.000136499 -3.61238e-07 -8.96756e-06 -0.000157929 0.00337157 1.61048e-06 4.36454e-05 -6.86215e-07 -1.45804e-05 -0.00111285 -5.84393e-05 0.00354064 
0.000592881 -5.86473e-05 -0.00445457 -0.00901653 0.248775 0.00159969 -2.00345e-05 -0.0100886 -0.0019073 -0.00327887 -0.00246795 0.00901366 -0.00153337 -0.00434107 -0.00502682 -0.134085 0.0106899 -0.00161085 -0.0027452 -0.0211256 -5.5922e-05 -0.0578685 -0.126635 -0.000129231 -0.0164547 -0.000269953 -0.0576346 0.0020314 -0.00689038 -0.00014065 -0.0320172 0.0463455 -8.25673e-05 -0.0247887 0.00107648 0.0578426 -7.39419e-05 -0.0358361 0.0092569 0.00754216 -1.52053e-05 -1.03104e-05 0.00336224 -0.00558527 -3.37861e-05 0.0353534 -0.00262889 0.0176163 -0.00545714 -0.000529352 -0.000377852 -0.00277049 0.00108897 -0.000944119 -0.00067203 0.000458262 -0.00014338 0.013001 -0.000371603 0.0392302 -0.00278513 -0.0137877 -0.000889314 -0.00176725 -0.00672229 -0.0299869 7.29938e-05 -0.000335925 0.00235788 -0.000265682 -0.000629345 0.0559895 -5.95392e-05 -0.00661215 -0.000104448 9.10208e-05 -0.0188224 0.000137458 0.0494441 -4.11252e-05 0.0146316 -0.00800966 -0.0017655 -4.67126e-05 -0.0653695 -0.000459586 0.101538 -0.000221966 0.0017955 -6.011e-05 -0.000100144 0.000468029 0.0014881 -2.72355e-08 -0.000472572 4.05947e-05 -0.000184136 0.0232835 9.01178e-05 -0.0166295 
-5.25714e-05 1.16406e-05 0.00116315 -8.32496e-05 0.00159969 0.0313547 -4.5782e-07 -0.000316352 -0.000111768 -0.000136979 0.00108113 -0.0054257 -0.000114733 -0.00225914 -0.000255535 -0.0117781 0.00132706 0.000506845 0.00098156 -0.0016786 4.76226e-05 -0.00839174 -0.011582 5.99481e-05 0.00429454 -0.000371052 0.010133 2.46149e-05 0.0100622 -1.00761e-05 -0.00838126 -0.00870317 7.99227e-06 -0.000114765 -0.000193769 0.00131703 2.36958e-05 -0.00513456 -0.00221773 -0.00251947 -1.98275e-06 5.54737e-06 -0.0144091 -5.5642e-05 -1.65664e-06 -0.00453043 4.19783e-05 -0.00195346 0.0014235 2.48951e-05 0.000533721 0.000258254 -0.000572102 -4.75688e-05 0.000209424 1.7928e-05 2.29874e-05 0.000423764 -4.2734e-05 0.00156954 0.00284438 -0.00112476 8.83116e-05 0.0063845 0.00339467 0.00150851 4.99428e-06 2.97543e-06 0.00256548 5.29067e-05 0.000276448 0.0175456 -3.28327e-06 -0.000166501 0.000206054 6.90756e-06 0.00227048 -6.40101e-06 -0.00487986 3.6767e-05 0.00508459 -0.00963089 0.00054529 -4.74499e-06 -0.016262 -5.03984e-05 0.00832124 7.50409e-05 3.15776e-05 -4.57487e-06 -6.23969e-06 -0.00046131 -0.000642296 4.8055e-07 0.000276556 -2.6892e-06 3.67139e-05 -0.00211504 -1.02909e-05 0.00673048 
3.08873e-07 2.86236e-08 2.87899e-05 -2.95809e-06 -2.00345e-05 -4.5782e-07 0.00017354 5.84361e-08 -1.74009e-07 -4.76798e-07 -2.49089e-07 -3.63024e-06 1.76598e-06 2.60902e-06 -2.20665e-05 4.42769e-05 2.70149e-05 9.88345e-07 7.86704e-08 1.57381e-05 4.47063e-06 1.98304e-05 1.03098e-05 7.24045e-08 -7.03323e-06 -5.99967e-06 -1.46207e-05 -8.93944e-07 -4.66034e-06 -4.25198e-08 -4.56186e-05 -4.40705e-05 -3.57502e-08 -1.219e-05 -2.70181e-06 1.65108e-05 6.33293e-07 -1.13818e-05 -1.0609e-05 -7.00949e-06 -1.15308e-08 -9.85183e-09 -5.89841e-06 -1.78599e-06 -1.89255e-08 -2.00945e-05 -1.58744e-08 -4.35226e-06 5.38873e-06 9.44921e-08 2.05674e-06 3.34359e-06 -2.33789e-06 -4.71944e-07 3.03223e-08 4.98435e-07 7.34757e-07 3.00557e-06 6.49334e-07 -1.18759e-05 2.78566e-06 -2.37538e-05 1.42819e-06 -5.63735e-07 -3.52107e-07 -4.35969e-05 4.13185e-08 3.8742e-07 -8.67628e-06 -3.53234e-08 -3.24602e-07 -1.65126e-05 9.67733e-09 4.42008e-06 -7.81968e-08 -1.0942e-06 -8.58043e-06 2.95226e-07 -1.05216e-05 3.7071e-08 -1.51117e-05 6.00415e-07 4.90918e-07 6.24008e-07 -2.89307e-06 -5.57426e-08 -1.46966e-05 1.28461e-06 -5.28475e-07 1.07118e-06 -2.38573e-08 -1.03586e-06 -1.99587e-06 1.44145e-08 9.14849e-08 -1.90285e-08 6.01721e-07 3.84698e-05 1.68991e-07 -1.41138e-06 
7.00767e-05 8.00267e-06 0.0013386 0.000671338 -0.0100886 -0.000316352 5.84361e-08 0.0341318 0.000798932 0.00356485 -0.000242359 -0.000358042 -4.54074e-05 0.00111909 -0.00330608 0.00814384 -0.00818306 0.00203042 -0.000579235 0.00926047 -2.82646e-06 0.00133088 0.00586537 2.37827e-05 -0.00130051 -0.000217154 -0.00539777 -0.00016735 0.00129498 0.000229304 -0.00544903 -0.00494857 -2.98467e-06 -0.00189549 0.00190758 -0.0114483 -1.79612e-05 -0.00494168 -0.00771354 -0.000327761 6.1267e-07 -7.83837e-08 0.00487253 0.000566685 -1.0748e-06 -0.00166256 -0.000113354 0.00148569 -0.000312274 4.4873e-05 -0.000149479 0.0019719 0.00025776 0.00021408 8.98089e-05 0.000521032 2.90535e-06 -0.000795972 0.000112273 -0.00355009 -0.000134703 0.00308839 0.000704489 0.000203832 -0.00113043 -0.00468095 7.29218e-07 0.000293222 0.00483759 0.000157871 -5.39097e-05 -0.00613924 -9.29637e-06 0.00259045 0.000136772 -0.000265491 0.00452805 -1.08672e-05 0.00204433 1.76229e-05 -0.00272823 -0.00256367 0.00017971 2.10501e-06 -0.00557095 0.000138525 -0.00873777 -1.22129e-05 -0.000283445 -3.46564e-06 6.05711e-05 0.000115432 -0.000388445 -1.9865e-07 0.000150303 -2.86579e-06 -2.66128e-05 -0.00256163 -5.95798e-05 0.00771944 
-9.77716e-06 4.53486e-06 -0.000135316 -4.17468e-05 -0.0019073 -0.000111768 -1.74009e-07 0.000798932 0.00499112 0.000383013 -6.68818e-05 -0.000222976 -1.8714e-05 -0.000286579 2.46824e-05 0.00050934 -0.000610235 0.000623398 -9.02065e-05 -0.000145885 -9.61226e-07 -0.000718113 -0.000294201 6.51438e-06 0.00309457 2.13423e-06 -0.00108985 5.37078e-05 5.95263e-05 5.72351e-05 0.000593067 -0.000812601 -7.32032e-08 -0.000189241 0.000403767 -0.00309921 -2.79923e-06 -0.000902246 -0.00300559 3.3891e-05 7.26752e-07 2.24194e-06 -0.000291716 -6.32287e-05 -4.83625e-07 2.20775e-05 -4.77809e-05 0.000182145 3.12863e-05 2.48137e-05 -3.64436e-06 0.000751622 0.00213674 8.50842e-05 5.39878e-06 0.000168316 1.97106e-07 -0.000112626 -1.23105e-07 -0.000514497 -3.07943e-05 0.00376975 0.000116278 9.80155e-06 -0.000185513 -0.00194481 -4.12578e-07 4.79654e-07 0.000581282 -2.21438e-06 -7.07863e-07 -0.00119719 -1.49603e-06 0.00185592 5.11967e-05 -1.96093e-05 -0.000146119 1.15316e-07 0.000779327 1.5731e-05 -0.000373694 -0.000503319 0.000574001 4.42466e-07 -0.00109693 9.56852e-07 -0.00181477 -3.02812e-06 -2.84372e-05 -7.13241e-07 0.000125132 6.22302e-06 -4.98101e-05 -1.61424e-07 -8.89319e-07 6.67319e-08 -1.43302e-06 -0.000445563 1.42569e-05 -0.000306874 
2.87628e-05 2.94512e-05 0.000674698 -0.000144665 -0.00327887 -0.000136979 -4.76798e-07 0.00356485 0.000383013 0.0137115 0.000841078 -0.00224824 0.000470211 0.000895751 -0.000840476 -0.00139324 -0.00654847 0.00186268 0.00202243 0.000803573 -1.56084e-06 0.000834999 -0.000217748 1.8989e-05 0.000619734 -6.53893e-07 -0.00233657 -5.00017e-05 -0.000218765 8.39659e-05 -0.00142917 -0.00202555 -1.59398e-06 0.00128007 0.00063518 -0.00362538 -8.11983e-06 0.00164952 -0.00377213 -0.000115474 -8.93745e-07 8.32743e-06 -0.00191817 0.00086798 -9.09471e-07 -0.00252104 -8.11802e-05 0.00441183 6.45953e-05 -5.19341e-06 -1.1362e-05 0.00136908 -7.73897e-05 0.000739862 -1.89908e-05 0.000451049 2.31474e-05 -0.000336903 1.7104e-06 -0.00148057 -4.54655e-05 0.00315318 9.15066e-05 6.72989e-05 -1.50253e-05 0.0014019 -9.9733e-07 2.47404e-05 -0.000417661 -8.44972e-06 7.55092e-05 -0.00239152 7.70091e-07 -0.000172743 0.000122052 2.15722e-05 0.00149834 -3.21986e-06 0.00390009 2.86428e-05 -0.000737403 -0.0042752 0.00080803 -1.27598e-06 -0.0045461 0.000209617 -0.00372248 5.38948e-06 8.33022e-05 7.02493e-06 0.00014045 -1.64182e-05 7.86618e-05 3.69209e-07 0.000281283 -1.14772e-06 -2.721e-06 -0.00113876 6.49182e-06 0.00198909 
-2.13568e-05 -3.89399e-06 8.3631e-05 -5.29634e-05 -0.00246795 0.00108113 -2.49089e-07 -0.000242359 -6.68818e-05 0.000841078 0.01979 -0.00303938 0.000299448 -0.00167894 0.000470178 -0.00490772 -0.00722795 0.000463728 0.0016068 -0.000907174 3.65916e-05 -0.000409984 -0.00670699 2.85957e-05 0.011163 -0.000393142 -0.00155005 -6.79451e-05 -0.000401431 1.0507e-06 0.00157302 0.000502262 -2.14017e-06 7.69704e-05 -0.000300126 -0.00553723 -7.73876e-06 -0.00207161 0.00074287 -0.00195822 -2.28483e-07 2.39357e-06 -0.0128274 3.5764e-05 -1.34898e-06 -0.00215559 0.0012216 0.00146816 -9.9169e-05 8.39912e-05 5.50957e-05 0.00016011 -0.000185666 0.00022561 6.55951e-06 0.00018388 -5.59732e-07 -0.000554257 -3.11533e-05 0.00554733 0.000249211 0.00977928 2.49826e-06 0.000321928 0.00191886 -0.00361132 -1.80971e-06 1.32581e-05 -0.000833659 -9.07746e-06 3.76635e-05 0.00908269 -2.94873e-06 -0.000388184 -3.16624e-06 8.94632e-05 -0.000180528 -6.1434e-06 -0.00223481 2.31058e-06 0.0039164 -0.0019577 0.000643725 6.79076e-06 -0.00991592 -2.02607e-05 0.00301527 -3.34412e-06 -4.38706e-05 9.97536e-07 4.44377e-05 0.000255202 -0.000441899 2.36697e-07 6.97464e-05 -5.94299e-07 7.24954e-05 -0.00142559 5.31834e-05 -0.000366882 
-3.42778e-05 -0.000126862 -0.00457916 -0.00129107 0.00901366 -0.0054257 -3.63024e-06 -0.000358042 -0.000222976 -0.00224824 -0.00303938 0.0220181 -0.00136589 -0.000633753 0.00307912 0.000535241 0.00562599 -0.00186785 -0.00193358 0.000498668 -0.000120597 0.00222569 -0.00123198 -0.000626853 -0.00246107 0.00141743 -0.00969127 -0.000152823 -0.00582117 -9.72041e-05 -0.00152395 0.0116209 -1.03138e-05 -0.00312742 -0.000574855 0.0094097 5.40517e-06 0.00234072 0.00487815 0.00559753 -7.48022e-06 -2.93215e-05 0.00755626 -0.00361553 -1.20389e-06 0.00472584 -0.00243384 0.000213592 -0.00189529 -0.00048239 -0.000541807 -0.000710184 -0.000252005 -0.000749456 -0.000188025 -4.41522e-05 -0.000146145 0.000471238 2.93705e-05 -0.000636996 -0.00235488 -0.00121003 -0.000136887 -0.00381308 -0.00323327 -0.00269049 7.32961e-07 -2.32377e-05 -0.00272125 -0.000691226 -0.00116211 -0.00170247 -1.92863e-05 2.1384e-05 -0.000274952 -0.000229634 -0.00897606 -2.0219e-06 0.00291009 -6.81251e-05 -0.00496363 0.00667468 -0.00354505 -5.15042e-05 0.00381533 -0.000160364 0.00336727 -0.000270709 -0.000384875 -1.11591e-05 -7.92883e-05 -7.29945e-05 -0.00176087 -6.1418e-06 -0.000648047 1.11281e-06 -5.22644e-05 -0.000298666 -0.000697594 -0.00543734 
1.11052e-05 6.18414e-05 0.00148208 0.000147131 -0.00153337 -0.000114733 1.76598e-06 -4.54074e-05 -1.8714e-05 0.000470211 0.000299448 -0.00136589 0.00419204 1.85156e-05 -0.00097033 0.000704674 -0.00136063 0.000135253 0.000377918 -6.22956e-05 3.55017e-05 0.00162886 0.000849058 -2.24158e-06 -0.000194435 -0.000376407 3.43997e-05 -7.27017e-06 0.000283753 5.7019e-06 -0.000945904 -0.00112845 8.76248e-07 -0.000237082 7.97974e-05 -0.00102735 -3.74778e-07 0.00129175 -0.00108004 -0.000892853 3.38366e-06 4.77439e-06 -0.00163232 0.00039476 -3.19019e-07 -0.000759817 0.00023413 -3.95843e-05 0.000442234 1.01813e-05 0.00049838 1.29786e-05 -7.74582e-05 8.8393e-06 3.12473e-05 4.52136e-06 9.16593e-05 7.93602e-05 9.10516e-06 -0.000366611 0.000220646 -0.000570589 3.19117e-06 -2.94619e-05 0.000774186 -0.000126943 -6.14794e-07 4.20255e-06 5.05788e-05 -2.02959e-06 6.54204e-05 -0.000912125 2.19524e-06 1.99079e-05 2.10675e-06 -8.2115e-06 0.000372687 -7.93912e-08 -0.000573413 1.97897e-05 -0.00028115 -1.38591e-05 6.19837e-05 3.3854e-06 0.000587831 0.000164872 -0.000594596 0.000139545 -3.44634e-05 1.40952e-05 -2.02562e-06 5.94109e-05 0.00016628 4.5112e-06 5.29828e-05 1.58182e-06 -1.89715e-06 0.000354308 5.45114e-05 0.000253905 
9.40513e-05 3.1969e-05 -0.00023213 -0.00192085 -0.00434107 -0.00225914 2.60902e-06 0.00111909 -0.000286579 0.000895751 -0.00167894 -0.000633753 1.85156e-05 0.0769653 -0.00703337 -0.0032552 0.0133101 -5.79528e-05 0.000235222 0.0159903 -9.23702e-06 -0.011621 0.00657542 0.000502149 -0.0056825 -0.000372038 -0.0199805 -0.00039272 0.000596285 1.4202e-05 -0.0161253 0.00868586 3.64266e-05 -0.0024995 0.00337431 0.00641739 -2.33152e-06 -0.00446429 -0.0035577 0.00125056 5.04124e-06 1.47404e-06 0.0211259 0.00315038 -1.62853e-06 -0.00533016 -0.000809897 -0.00425757 -0.00104167 0.000268277 -0.000185611 -0.000449171 -0.00108065 8.2034e-05 -0.000151124 -0.00015979 -2.43536e-05 0.00428256 4.73239e-05 -0.00682032 -0.000665799 -0.00967412 -0.000178483 -0.000321554 -0.00368371 -0.0293603 -5.01093e-07 0.000126373 -0.00374179 0.000806596 -5.49971e-05 -0.0136079 1.24034e-06 -0.00113516 5.50981e-05 -0.000167013 0.00180112 -1.4238e-05 0.000857243 5.60304e-06 -0.00819004 -0.00260937 0.00126679 6.401e-05 0.00255075 0.000181673 0.00931951 -2.41463e-05 0.00132112 -7.59137e-06 -4.26242e-05 -0.000717766 0.00452684 1.87939e-06 0.000497127 -7.38172e-06 2.96121e-05 -0.000811733 0.000599748 -0.00735657 
9.84803e-06 -0.000102365 -0.0023927 0.0010322 -0.00502682 -0.000255535 -2.20665e-05 -0.00330608 2.46824e-05 -0.000840476 0.000470178 0.00307912 -0.00097033 -0.00703337 0.0379794 0.0111428 -0.0104562 -0.00117418 0.000600024 -0.00182328 -0.000117383 0.00316453 0.00470238 -0.00045891 0.00271368 0.0011579 0.00514168 0.000148361 0.000908027 -8.66168e-05 0.0097235 -0.00218557 -4.32586e-05 0.00261544 -0.00306034 -0.00448451 -7.06123e-05 0.00736111 0.00120164 0.000215247 -1.44364e-05 -2.10855e-05 -0.00643649 -0.00104323 -8.23502e-06 -0.0110622 -4.63388e-05 0.00123867 -0.001189 -0.000332379 -0.00015775 -7.33563e-05 0.000629164 -0.000278948 -2.82722e-05 -0.000122248 -1.36917e-05 -0.0090081 -0.000202938 0.00244819 -0.00017403 -0.00206479 3.47736e-05 -0.000242936 0.000859046 0.000108046 -4.00985e-05 -3.45436e-05 -0.00875478 -0.00100487 -8.45085e-05 -0.00657624 -6.23836e-06 -8.92552e-05 -0.000188648 0.000114504 0.000548787 9.46579e-06 0.00360265 -5.51935e-05 0.00290175 0.00285322 -0.000664721 -6.44689e-05 0.00164627 -4.64579e-05 -0.0149609 -0.000347445 -0.000423806 -1.0377e-05 -1.21757e-05 -0.000478903 -0.00230277 -7.5075e-06 -0.000597189 -9.71561e-07 3.52637e-06 -0.000987802 -0.000696167 0.0044773 
-0.000265858 -2.11599e-05 0.00297003 0.0120621 -0.134085 -0.0117781 4.42769e-05 0.00814384 0.00050934 -0.00139324 -0.00490772 0.000535241 0.000704674 -0.0032552 0.0111428 0.249662 -0.0110773 0.000413014 0.00262473 0.0274905 -7.67719e-05 0.0658099 0.131972 -0.000439186 0.00697976 0.0015219 0.0448543 -0.000631128 -7.72258e-05 0.000101873 0.0345655 -0.0285613 -2.29673e-05 0.0269537 -0.00428496 -0.0600628 -2.86532e-06 0.0355028 0.00723141 -0.00521838 1.6255e-05 -9.29288e-06 0.0207226 0.00167413 2.02001e-05 -0.0505597 -0.000654834 -0.0337717 0.0030198 0.000136445 0.000856921 0.00215169 -0.00222351 0.00107581 0.000491589 -0.000310116 0.000148043 -0.012409 -8.20098e-05 -0.0326187 -0.00123633 -0.0194631 0.000634041 -0.00308295 0.00526273 -0.0123505 -6.49544e-05 0.000275898 -0.0206537 -0.00029471 -0.000434137 -0.104838 -9.73343e-05 0.00602256 -7.24552e-05 -0.00293958 0.0133013 -0.000129686 -0.0636168 -6.66755e-06 -0.0222115 0.0136407 -0.00149688 -4.83313e-05 0.0809637 0.000359401 -0.154789 8.79851e-06 -0.00414154 5.69986e-05 -7.80649e-06 -0.00502434 -0.00419075 -5.58156e-06 -0.000420449 -2.5849e-05 9.72107e-07 -0.0102196 -0.000982305 0.00900864 
-0.000877707 -1.60472e-05 0.00312072 -0.00268582 0.0106899 0.00132706 2.70149e-05 -0.00818306 -0.000610235 -0.00654847 -0.00722795 0.00562599 -0.00136063 0.0133101 -0.0104562 -0.0110773 0.2448 -0.0023713 -0.0088297 -0.00241895 1.14651e-05 -0.030992 -0.0298345 -5.50893e-05 -0.00918997 0.000101604 -0.00624396 -0.00146127 -0.00557953 -6.36247e-05 -0.0761958 0.000298725 2.67384e-05 0.00938592 -0.00840716 0.0517507 8.33268e-05 -0.0808186 0.00734307 0.00239229 -1.86241e-05 4.3335e-06 0.0758374 0.00160533 9.28646e-07 0.0502076 -0.00494852 -0.0359923 0.00302377 -0.00013273 0.00136073 -0.00211356 0.00305085 -0.000513565 0.000425548 -0.000431129 -0.00019018 0.0113556 -0.000274922 -0.0142633 -0.00332645 -0.0176643 -0.000603279 -0.00195156 -0.0228569 -0.066239 2.82985e-05 -0.000265625 -0.011734 0.000716896 -0.000855685 0.0423028 -2.56206e-05 0.00114785 -0.000169019 -0.00319368 -0.01158 -6.89467e-05 -0.00898192 -5.99459e-06 -0.0315138 0.00299437 0.000471088 2.14427e-06 -0.00148669 -0.000824768 0.0542281 -6.05539e-05 -0.000616882 -6.18606e-05 -0.000173137 -0.00652055 0.00289033 -4.7728e-07 -0.000537751 8.72586e-06 5.87105e-05 0.0131548 0.000400562 -0.0538686 
9.96339e-06 5.36563e-06 -0.000106916 0.00016596 -0.00161085 0.000506845 9.88345e-07 0.00203042 0.000623398 0.00186268 0.000463728 -0.00186785 0.000135253 -5.79528e-05 -0.00117418 0.000413014 -0.0023713 0.00535779 0.000531844 0.000588008 2.00472e-06 -0.000759198 0.000401537 6.15481e-06 0.00228732 -4.68854e-05 0.000710355 -2.16817e-05 0.000870877 8.25823e-05 -0.000350159 -0.00228028 6.30479e-07 0.000946924 0.000380546 -0.00292626 1.45785e-06 -0.00102515 -0.00116655 -4.86982e-05 -2.21197e-07 3.12758e-06 -0.00200694 3.14214e-05 5.19307e-07 -0.000981272 7.07607e-05 -0.00013529 3.62449e-06 4.95343e-05 -4.32317e-06 0.00103879 0.000105185 0.000541086 4.5515e-05 0.000233528 4.28873e-06 -0.000149129 1.99855e-05 -4.16989e-05 4.94339e-05 0.00249004 0.0001014 0.000701182 3.55203e-05 -0.00063391 1.67664e-06 1.1617e-05 0.00114145 -1.01355e-06 1.63559e-05 1.65835e-05 -7.42371e-07 0.000743248 0.000193146 2.77714e-05 -8.6076e-05 -1.25386e-06 -0.000471132 2.73583e-05 -0.000288389 -0.0030751 0.000492148 -6.16804e-07 -0.00214865 5.37846e-05 -0.00137356 2.95189e-05 9.06206e-06 2.01569e-06 8.46801e-05 1.24771e-05 0.000631937 -1.73347e-07 0.000153769 1.81944e-06 -1.45488e-06 -0.000433151 -3.81868e-06 9.08221e-05 
-1.67561e-05 -3.12206e-06 0.00134266 0.00034949 -0.0027452 0.00098156 7.86704e-08 -0.000579235 -9.02065e-05 0.00202243 0.0016068 -0.00193358 0.000377918 0.000235222 0.000600024 0.00262473 -0.0088297 0.000531844 0.0282556 -0.000522559 2.44504e-06 0.00632429 -0.00572345 -6.39973e-06 0.00136015 7.33009e-05 -0.0053404 -0.00014914 1.52284e-05 -1.12361e-05 -0.00519888 -0.00214275 -5.46759e-06 0.00769767 -0.000296484 0.00220387 -1.64005e-05 0.00633322 -0.00125952 -0.00101825 -1.00005e-06 2.09147e-06 -0.00796154 0.000338132 3.72009e-06 -0.00277092 -0.000162048 0.0027021 -0.000152567 -4.59436e-06 -2.07218e-05 0.000153166 -0.000215556 0.00050388 5.27128e-05 -5.18931e-06 2.79585e-05 -0.000574022 -2.20839e-05 -0.00322469 -0.000106419 0.0057887 5.91388e-05 -1.22847e-05 0.000835839 0.000120439 -8.06803e-07 -1.43244e-05 -0.00149565 -4.75305e-05 -3.51761e-05 0.00055788 -9.30546e-06 -0.000364411 3.12872e-06 0.00115998 0.00108032 -7.50851e-06 -0.000601619 -8.56743e-07 -0.00104625 -0.00413341 0.00130039 1.75929e-05 -0.00762488 -6.65175e-06 -0.00555078 -1.66172e-05 0.000280184 3.35668e-06 5.24629e-05 -0.000341778 -0.00037433 1.85681e-06 3.71609e-05 1.58615e-06 -6.86532e-06 -0.00205286 -6.19552e-05 -0.00310636 
0.000256822 1.07903e-06 -0.00127187 -0.000808993 -0.0211256 -0.0016786 1.57381e-05 0.00926047 -0.000145885 0.000803573 -0.000907174 0.000498668 -6.22956e-05 0.0159903 -0.00182328 0.0274905 -0.00241895 0.000588008 -0.000522559 0.059871 -1.31492e-05 0.0121746 0.0268223 4.46061e-05 -0.00135109 0.000176962 -0.0202532 -0.000333414 -0.00195268 9.20907e-05 -0.013123 0.00718286 1.40238e-06 -0.00425728 0.000783103 -0.0110155 -1.71991e-05 0.000158937 -0.000357196 0.00107595 1.36411e-06 -7.37159e-07 0.014012 0.00138241 1.55245e-06 -0.00976486 -0.000499155 -0.00425297 -0.000789324 2.94065e-05 0.000105856 0.000170124 -0.000806677 0.000610872 -0.000117083 -9.01951e-05 -1.41193e-05 -0.00167562 0.000145563 -0.00657079 -0.000472663 -0.00734142 -0.000111225 -0.000446541 -0.00183748 -0.0161959 -2.37437e-06 0.000203539 -0.0012771 0.000333374 -9.57888e-05 -0.0162938 -5.46286e-06 0.000382946 6.57938e-05 -0.000480009 0.00326695 -9.76995e-06 -0.00768535 1.02098e-07 -0.00651181 0.000369943 -0.000314721 5.69983e-06 0.00844563 0.000326426 -0.0216029 -1.82162e-06 -0.000273104 3.46313e-05 -2.62324e-05 -0.000293371 -3.18973e-05 2.08503e-06 0.00016574 6.02449e-06 -2.90938e-05 -0.000749241 -9.91734e-06 -0.00323743 
4.81936e-07 1.75388e-06 9.9238e-05 -5.882e-06 -5.5922e-05 4.76226e-05 4.47063e-06 -2.82646e-06 -9.61226e-07 -1.56084e-06 3.65916e-05 -0.000120597 3.55017e-05 -9.23702e-06 -0.000117383 -7.67719e-05 1.14651e-05 2.00472e-06 2.44504e-06 -1.31492e-05 0.000226789 -5.25052e-05 -5.73066e-05 4.00021e-06 -9.40512e-06 -8.32311e-05 8.12805e-05 -1.0352e-06 2.51316e-05 -1.07846e-07 -2.7859e-05 -0.00016047 5.03278e-07 4.92195e-06 -5.05798e-06 -2.07868e-05 7.71645e-06 -4.91538e-05 -3.2151e-05 -0.000149347 1.18493e-06 4.90458e-07 -0.000100663 4.92005e-06 -2.47339e-08 -5.02698e-06 6.96099e-05 -1.29265e-05 8.63025e-05 4.09888e-06 9.12781e-06 -2.26018e-08 -4.42674e-06 3.12552e-06 6.41914e-06 -4.13026e-07 1.09434e-05 5.06222e-05 1.13475e-06 2.22957e-05 0.000101838 -1.67048e-05 -4.53617e-07 9.19132e-06 7.14286e-05 -5.31662e-05 2.06354e-06 -1.77593e-07 -9.25819e-06 9.46176e-06 -2.14225e-07 6.56496e-05 1.12245e-06 -3.91279e-06 -1.02196e-07 -1.48724e-06 7.06346e-06 -9.33666e-08 -3.35572e-05 1.25678e-07 3.09696e-05 -4.48894e-05 1.40961e-05 7.08341e-07 -4.45637e-05 -2.58554e-07 7.28726e-05 3.35725e-05 2.02194e-07 4.22669e-06 -1.29065e-07 2.41692e-05 3.82948e-06 3.26034e-07 3.79865e-06 8.17982e-08 5.78262e-06 5.87419e-05 3.52361e-06 -1.86034e-06 
-0.000198538 -6.59108e-05 -0.000156011 -0.00107636 -0.0578685 -0.00839174 1.98304e-05 0.00133088 -0.000718113 0.000834999 -0.000409984 0.00222569 0.00162886 -0.011621 0.00316453 0.0658099 -0.030992 -0.000759198 0.00632429 0.0121746 -5.25052e-05 0.205668 0.023444 -0.00017802 -0.0132436 0.00105679 -0.0413686 -0.00110128 -0.00576038 -9.99617e-05 -0.0451716 0.0130176 1.44622e-05 0.01268 -0.0015704 0.0217336 -6.32009e-05 0.0739033 -0.0129831 -0.000471689 -1.34557e-05 -1.38791e-05 0.00378109 -0.00198065 2.24095e-05 -0.0434691 -0.00278733 0.0122146 -0.00297558 -6.74643e-05 -0.000639034 0.00104386 -0.00125462 0.000215078 -0.000467097 -0.000240043 8.16568e-05 -0.00586436 0.000631558 -0.0313253 -0.00218069 -0.0164101 -0.000103684 -0.00216958 -0.00431285 0.0547167 -3.06744e-05 8.69476e-05 0.00218076 -0.000430499 -0.000158226 -0.0393967 -9.67461e-05 -0.000921185 -0.000104696 -0.00162388 -0.00257127 -8.23028e-05 -0.0155259 -3.00855e-05 -0.0216406 0.00562082 -0.00201418 3.0079e-05 0.00752188 0.000221053 -0.0626083 -0.00016628 -0.00184769 9.39116e-05 1.38854e-05 -0.00162341 -0.00538624 5.69887e-06 -0.000491293 -1.83989e-05 6.82629e-05 -0.0127432 -0.000540493 -0.0129329 
-0.000525455 6.56556e-05 0.00575305 -0.00201052 -0.126635 -0.011582 1.03098e-05 0.00586537 -0.000294201 -0.000217748 -0.00670699 -0.00123198 0.000849058 0.00657542 0.00470238 0.131972 -0.0298345 0.000401537 -0.00572345 0.0268223 -5.73066e-05 0.023444 0.239513 -0.000135523 0.00226652 0.000634772 0.0471116 -0.00174773 -0.00828431 -2.44729e-05 0.0603201 -0.00419655 -7.10554e-06 -0.00270406 -0.00618012 -0.0868604 -0.000142293 0.0452941 0.00543298 0.00207516 2.18066e-05 1.35596e-06 0.0350314 0.00674378 1.13411e-05 -0.0154965 -0.00142585 -0.0269661 0.00337284 -3.48126e-05 0.000877124 -0.00146643 -0.00386633 6.70559e-05 -8.25353e-05 -0.0006883 5.65403e-05 -0.00846813 3.75928e-05 -0.0314812 -0.00139551 -0.0186131 -0.000595836 -0.00293961 0.00309869 -0.0174159 -5.24678e-05 6.05898e-05 -0.0179996 -5.74043e-05 0.000353852 -0.105491 -6.7371e-05 -0.00242771 -0.000103684 -0.00100976 0.00788495 -0.000123351 -0.0430653 -4.32846e-06 -0.00346476 0.0128984 -0.00120622 -2.70093e-05 0.0827547 5.47212e-05 -0.1344 5.56229e-05 -0.00280107 6.31255e-05 -0.000193044 -0.0011533 0.000501046 -3.88121e-06 0.000371574 -3.49681e-05 -0.00021867 -0.0149265 -0.000386471 -0.00817323 
2.13875e-05 2.09147e-06 2.19538e-06 2.59059e-05 -0.000129231 5.99481e-05 7.24045e-08 2.37827e-05 6.51438e-06 1.8989e-05 2.85957e-05 -0.000626853 -2.24158e-06 0.000502149 -0.00045891 -0.000439186 -5.50893e-05 6.15481e-06 -6.39973e-06 4.46061e-05 4.00021e-06 -0.00017802 -0.000135523 0.00104131 -2.31382e-05 -0.000559161 -0.000149585 -2.58555e-06 0.000300273 9.04417e-07 -0.000112959 -0.000235022 -1.28036e-07 -6.94957e-05 6.27383e-05 -0.000466345 -1.90915e-07 -0.00013166 -0.000608827 -7.57569e-05 1.1075e-07 5.975e-07 -7.83445e-05 0.000544503 -1.13659e-07 -0.000197525 -4.09541e-06 0.000151747 -1.23241e-05 0.000259359 7.10147e-06 7.98984e-06 -1.00376e-05 6.58994e-07 -1.97992e-06 4.70845e-06 5.8212e-08 -1.54426e-05 1.5251e-05 -3.61649e-05 1.68324e-05 -0.000123467 3.17002e-07 0.000264187 2.34223e-07 -0.000287061 4.44351e-08 -8.33157e-07 3.42716e-05 0.000441176 5.11772e-05 -0.00015136 2.74354e-07 -1.02759e-05 1.36371e-06 5.17938e-05 0.00015085 1.88762e-06 7.29879e-05 1.91895e-06 0.00025576 -0.00077607 0.000499698 4.10172e-05 -0.000645853 1.04672e-05 0.000196394 5.97022e-07 0.0001258 1.90271e-07 2.76272e-07 3.74637e-05 0.00054052 -3.0211e-08 3.52734e-05 2.65722e-07 1.19162e-05 0.000373191 0.000464022 -8.58345e-06 
-0.000164737 -1.28601e-05 -0.00222305 -0.00149383 -0.0164547 0.00429454 -7.03323e-06 -0.00130051 0.00309457 0.000619734 0.011163 -0.00246107 -0.000194435 -0.0056825 0.00271368 0.00697976 -0.00918997 0.00228732 0.00136015 -0.00135109 -9.40512e-06 -0.0132436 0.00226652 -2.31382e-05 0.0798557 7.1902e-05 -0.00173715 0.000213904 0.000689 3.40866e-05 0.0186238 -0.000471913 1.77313e-05 0.000180579 1.36347e-05 -0.0229951 -2.38644e-05 -0.0084147 -0.0015613 -0.00277261 8.62945e-06 3.00934e-06 -0.0255018 -0.000886056 7.49438e-06 0.00239634 0.00050181 -0.00447576 -0.000230728 0.000282843 -0.000252548 0.00223973 0.00260406 0.000558107 -5.15911e-05 0.000116637 3.61756e-05 -0.00173565 -4.34961e-05 0.00510602 3.33032e-05 0.0357271 0.000630266 0.00124304 0.00380581 -0.0283267 -8.93062e-06 -6.75014e-06 -0.00527122 -6.14177e-05 -0.000117295 0.0111486 -2.06696e-05 0.000696834 0.0002215 0.00110079 -0.00195909 -2.63573e-05 -0.010848 3.24418e-05 0.00203758 -0.00397988 0.00159245 -1.18995e-05 -0.0165114 -8.29223e-05 -0.000824824 -4.08357e-05 0.00129192 -4.26034e-06 0.000190995 -0.000308141 -0.00183695 -2.29622e-06 7.24782e-05 -3.04088e-06 -1.23374e-05 -0.00688084 1.29906e-05 -0.00606646 
-0.000282544 -6.77258e-05 -0.00057058 5.21629e-05 -0.000269953 -0.000371052 -5.99967e-06 -0.000217154 2.13423e-06 -6.53893e-07 -0.000393142 0.00141743 -0.000376407 -0.000372038 0.0011579 0.0015219 0.000101604 -4.68854e-05 7.33009e-05 0.000176962 -8.32311e-05 0.00105679 0.000634772 -0.000559161 7.1902e-05 0.00396141 -0.000399622 -2.91211e-06 -0.000714827 -7.09119e-07 -0.000304607 0.00107513 -5.61748e-06 0.000239358 -0.000215683 0.00158501 -1.79937e-06 0.00044659 0.000678221 0.00072525 -3.41245e-06 -6.15425e-06 0.000128408 -0.000876613 -1.35967e-06 2.60472e-06 -0.00049141 -0.000442528 -0.000418945 -0.000311084 -0.000326681 8.56335e-06 3.37103e-05 4.92397e-06 -2.9759e-05 -0.00011089 -1.48644e-05 -0.000372999 -2.44668e-05 -0.00124023 -0.000703318 0.000479061 4.41957e-06 -0.000476649 -0.000558665 0.000815943 -4.59583e-06 -9.79355e-07 -5.38948e-05 -0.000553026 -8.05186e-05 0.00057363 -7.79165e-06 -5.19257e-05 -5.58151e-06 -6.92839e-05 3.70918e-05 -1.07763e-05 9.57059e-05 -3.79516e-05 -0.00170257 0.00154919 -0.000702648 -5.30314e-05 0.00107292 -7.67385e-06 -0.000326547 -0.000174896 -0.000199266 -4.236e-06 1.54648e-06 -0.000496683 -0.000849869 -5.44535e-06 -0.000126023 -1.0534e-05 -5.42748e-05 -0.00116686 -0.000739781 -0.000616554 
-0.000631061 2.98358e-05 0.0053135 0.0138714 -0.0576346 0.010133 -1.46207e-05 -0.00539777 -0.00108985 -0.00233657 -0.00155005 -0.00969127 3.43997e-05 -0.0199805 0.00514168 0.0448543 -0.00624396 0.000710355 -0.0053404 -0.0202532 8.12805e-05 -0.0413686 0.0471116 -0.000149585 -0.00173715 -0.000399622 0.222733 0.00138532 0.00787212 6.7942e-05 0.0664725 -0.0439029 -4.4814e-05 0.00494388 -0.00582547 -0.0730736 9.013e-05 -0.0186735 0.00880259 -0.00704236 2.84232e-05 5.53255e-06 -0.0694539 0.00177377 -1.15069e-05 -0.0406226 0.00473964 -0.0229462 0.00797572 -0.000183646 0.000185194 0.000778122 -0.00479111 -0.000292948 0.00101631 -0.000332735 4.05339e-06 -0.00461141 -0.000308477 0.0194086 0.00474865 -0.0180853 0.000890186 0.00417557 0.0131288 0.00600173 -3.31583e-05 -0.000202387 -0.00630611 -0.0002601 0.000928465 -0.0251077 0.000142359 0.000893701 4.79659e-05 0.000345482 0.0142054 -9.8153e-05 -0.0468487 -1.2382e-05 0.0277942 0.00168922 -0.00033949 -4.92425e-05 0.0519817 -0.000413698 -0.0550079 0.000365878 -0.000752579 -2.86184e-05 -5.80552e-05 -0.00175955 0.000410399 -1.66958e-06 0.000280232 -3.35722e-05 0.000116217 -0.00567106 -0.000355402 0.0236499 
2.3822e-05 -1.19207e-06 -0.000160171 0.00010845 0.0020314 2.46149e-05 -8.93944e-07 -0.00016735 5.37078e-05 -5.00017e-05 -6.79451e-05 -0.000152823 -7.27017e-06 -0.00039272 0.000148361 -0.000631128 -0.00146127 -2.16817e-05 -0.00014914 -0.000333414 -1.0352e-06 -0.00110128 -0.00174773 -2.58555e-06 0.000213904 -2.91211e-06 0.00138532 0.00531384 -8.85994e-05 1.91009e-06 0.0015032 0.000397951 -9.53704e-07 -0.000317411 8.69232e-05 -0.0013399 -2.61476e-06 -0.000369632 -0.000281015 -8.93029e-05 6.21754e-07 -2.53234e-07 -0.00270338 -7.4297e-05 -2.72516e-07 -0.000842277 0.00023635 8.76621e-06 -1.66088e-05 1.17379e-05 3.02945e-05 -1.52142e-05 7.10708e-05 2.8679e-06 2.37271e-06 1.29831e-05 -9.06281e-07 -0.000100941 -8.6684e-06 0.00207181 9.9617e-05 -0.000362534 -7.0835e-06 1.56239e-05 0.000401569 -0.000515507 -8.68683e-08 -4.22378e-06 -0.00030679 -8.83772e-06 -6.77106e-06 0.000207209 2.37181e-05 -0.000102227 -1.65685e-06 1.63281e-05 -0.000133204 4.73109e-06 -0.0001491 -4.71672e-07 0.000837494 -0.000237725 -3.22506e-05 -8.75965e-07 -0.000576486 5.35352e-07 5.40939e-05 2.41753e-07 0.000229885 -6.17791e-07 2.99982e-08 1.33639e-05 -9.98768e-05 2.33475e-06 -1.09505e-05 -2.19019e-07 4.53848e-07 -0.000244189 -7.48024e-06 -0.00013556 
-8.8855e-05 3.78105e-06 -3.85289e-05 -0.000256295 -0.00689038 0.0100622 -4.66034e-06 0.00129498 5.95263e-05 -0.000218765 -0.000401431 -0.00582117 0.000283753 0.000596285 0.000908027 -7.72258e-05 -0.00557953 0.000870877 1.52284e-05 -0.00195268 2.51316e-05 -0.00576038 -0.00828431 0.000300273 0.000689 -0.000714827 0.00787212 -8.85994e-05 0.0497674 -1.63891e-05 -0.00868401 -0.0292542 1.09114e-06 0.00113169 -0.000734141 -0.0037873 -7.71689e-06 -0.00320683 -0.00959062 -0.00552063 -3.38617e-06 8.88603e-07 -0.0152058 -0.000272665 4.39365e-07 -0.00834469 0.000933143 -0.0035425 4.41186e-05 0.00028615 -0.000177824 -0.00033715 -0.000659537 -0.000117314 0.000707418 -7.31325e-05 0.000106437 -0.00142275 -4.043e-05 -0.00419116 0.00459099 -0.00349397 6.82047e-05 0.00639532 0.00358411 0.0153465 -4.65429e-06 7.63123e-05 0.00563799 0.00025855 0.000112861 0.0118567 -6.38589e-06 0.0033868 0.000106289 -0.000364498 0.00905094 -1.42968e-06 -0.00620745 9.01908e-06 0.00228485 -0.00708546 0.000682435 4.40865e-06 -0.0144531 0.000313264 0.00403779 9.24841e-05 0.000707063 -6.17947e-06 -6.39302e-06 -0.000696355 -0.000282264 -1.55697e-06 -1.32676e-05 -1.3118e-06 0.00010173 -0.00129424 0.000405327 0.0202163 
3.19069e-06 1.08405e-07 -4.56193e-06 0.000100877 -0.00014065 -1.00761e-05 -4.25198e-08 0.000229304 5.72351e-05 8.39659e-05 1.0507e-06 -9.72041e-05 5.7019e-06 1.4202e-05 -8.66168e-05 0.000101873 -6.36247e-05 8.25823e-05 -1.12361e-05 9.20907e-05 -1.07846e-07 -9.99617e-05 -2.44729e-05 9.04417e-07 3.40866e-05 -7.09119e-07 6.7942e-05 1.91009e-06 -1.63891e-05 0.000475201 -5.7654e-05 -7.81316e-05 2.38743e-07 -1.86827e-05 0.000153163 -0.000184409 7.24531e-07 -9.58041e-05 -8.16614e-05 1.24595e-06 1.84158e-08 2.23015e-07 -0.000157674 3.69612e-06 2.61494e-07 -8.49159e-05 -4.69815e-07 1.80533e-05 4.89456e-06 1.28159e-06 -1.8382e-07 0.000192345 3.41632e-05 2.97448e-05 1.66031e-06 2.20624e-05 -1.00447e-07 7.45308e-06 -6.04426e-07 -4.7166e-05 -1.20606e-06 -3.61403e-06 6.12258e-05 -1.40947e-06 -9.58979e-06 -0.000167902 -6.94313e-08 1.27157e-05 3.83268e-05 1.49151e-06 7.14214e-07 -0.000117103 -1.00158e-07 1.17251e-05 3.57891e-05 -3.26916e-06 1.10753e-05 7.4316e-08 1.13319e-05 2.41806e-06 -3.91011e-05 -0.000113921 3.97023e-06 1.03007e-07 -0.00012155 9.94834e-06 -0.000142067 1.42727e-06 6.12204e-06 -4.31434e-08 2.26155e-05 8.41531e-06 -4.28747e-07 4.13674e-08 3.57832e-05 -5.2121e-08 -3.45428e-07 -2.09575e-05 -8.7261e-07 7.94318e-06 
0.000429469 -2.17198e-05 -0.00623382 0.00534113 -0.0320172 -0.00838126 -4.56186e-05 -0.00544903 0.000593067 -0.00142917 0.00157302 -0.00152395 -0.000945904 -0.0161253 0.0097235 0.0345655 -0.0761958 -0.000350159 -0.00519888 -0.013123 -2.7859e-05 -0.0451716 0.0603201 -0.000112959 0.0186238 -0.000304607 0.0664725 0.0015032 -0.00868401 -5.7654e-05 0.206021 0.00137368 -3.5874e-05 -0.00480702 -0.00193663 -0.0825627 -0.000163625 -0.000412251 0.0139354 -0.00376789 2.52052e-05 -5.28342e-06 -0.0512992 0.00134764 1.04113e-05 -0.0344056 0.0027516 -6.31942e-05 0.00095617 0.000151854 -0.000661521 -0.000976453 0.000908817 -0.00030339 -0.000327321 -0.000226885 1.41836e-05 -0.00844752 -0.000389579 0.0291339 0.000545732 0.00873306 -0.000374641 -0.00197086 0.0104078 -0.00864035 -3.82537e-05 -0.000256019 -0.0187995 -0.000415763 0.000563081 -0.0473591 0.00014943 -0.00466943 -9.86839e-05 0.00265603 0.0004478 2.02917e-05 -0.014276 -2.90425e-05 0.0303515 0.00919587 -0.00153959 -2.27028e-05 0.0390711 -0.000162079 -0.0605185 -8.57083e-05 -0.000414685 -3.04116e-05 -0.000102163 0.00592722 -0.0030652 -8.23481e-06 0.00045654 -1.77576e-05 2.78509e-05 0.0028972 -6.88722e-05 0.00792945 
0.000231461 -9.95804e-05 -0.0104664 -0.0128416 0.0463455 -0.00870317 -4.40705e-05 -0.00494857 -0.000812601 -0.00202555 0.000502262 0.0116209 -0.00112845 0.00868586 -0.00218557 -0.0285613 0.000298725 -0.00228028 -0.00214275 0.00718286 -0.00016047 0.0130176 -0.00419655 -0.000235022 -0.000471913 0.00107513 -0.0439029 0.000397951 -0.0292542 -7.81316e-05 0.00137368 0.128335 -7.59185e-06 -0.0265904 0.00240289 0.000797 -0.000154655 0.0102992 0.0107049 0.01309 -2.38323e-05 -2.05149e-05 0.0175196 -0.00257671 4.72905e-06 0.00610246 -0.00420956 0.00914704 -0.00782775 -0.000388839 -0.000155079 -0.00116323 0.00194224 -0.000462053 -0.00125615 -0.000109488 -0.000210962 0.00354685 -7.56077e-05 0.0127958 -0.00512736 -0.00542626 -0.000943821 -0.00600297 -0.00786612 -0.0300538 -9.58626e-06 -0.000209817 -0.0105041 -9.38781e-05 -0.000657254 -0.0033395 -2.21899e-05 -0.00658413 -0.000215241 0.00102795 -0.0194282 3.61344e-05 0.014004 -6.29266e-05 0.00103352 0.0104143 -0.00290625 -5.19139e-06 -0.00497761 -0.000464569 0.0134722 -0.000405447 0.000644895 -5.45581e-06 -0.000143781 0.000980895 -0.0056584 -3.44457e-06 -0.000196994 9.73209e-06 -0.00019814 0.00117699 -0.000330857 -0.038605 
1.22964e-06 -5.70111e-08 -4.71832e-06 -6.01819e-06 -8.25673e-05 7.99227e-06 -3.57502e-08 -2.98467e-06 -7.32032e-08 -1.59398e-06 -2.14017e-06 -1.03138e-05 8.76248e-07 3.64266e-05 -4.32586e-05 -2.29673e-05 2.67384e-05 6.30479e-07 -5.46759e-06 1.40238e-06 5.03278e-07 1.44622e-05 -7.10554e-06 -1.28036e-07 1.77313e-05 -5.61748e-06 -4.4814e-05 -9.53704e-07 1.09114e-06 2.38743e-07 -3.5874e-05 -7.59185e-06 0.000205928 -6.02216e-06 4.43434e-06 -1.96768e-05 3.37553e-07 -1.26839e-05 -3.28543e-05 -1.52382e-05 2.96501e-08 -1.16909e-08 1.34509e-05 1.2791e-07 1.80875e-07 -6.0381e-06 1.73703e-06 -6.58083e-06 7.17737e-07 1.13053e-06 -1.00449e-06 -7.73876e-07 7.78406e-07 1.01934e-06 2.23878e-06 1.99921e-07 6.20489e-07 -4.00966e-06 7.23831e-07 -1.48816e-05 1.74689e-06 -1.58279e-07 3.21491e-07 -7.83501e-07 -2.00633e-06 2.15093e-06 -3.00799e-08 -8.93733e-08 2.36992e-05 -2.21251e-07 3.94805e-07 1.89313e-05 -7.94941e-08 1.93188e-05 -4.27936e-08 4.7719e-07 1.53194e-05 -6.81099e-08 -2.91269e-05 -3.11646e-08 -8.25644e-06 -2.03834e-06 -1.03865e-06 -3.48e-08 -1.29051e-05 1.14053e-09 4.32802e-05 3.16406e-07 -1.39335e-06 -3.02439e-08 3.56756e-07 3.19935e-06 -8.1582e-07 -6.62811e-09 -2.82505e-07 -2.25805e-08 -1.64091e-07 -1.62318e-05 -3.15243e-07 7.73744e-06 
