0.0256218 -0.00354092 0.000236447 0.00221605 -0.000162478 0.00205175 0.000132603 0.000332393 -0.0159748 0.00048707 0.000109002 -3.52755e-06 0.000943587 -0.000344544 0.0166263 -0.00443897 -0.0145292 -0.0122401 0.00189342 4.40937e-06 0.012125 2.88e-05 -0.000512295 -3.70086e-05 -0.000184882 0.00932131 0.000332043 -1.41548e-05 0.000569099 0.00913386 0.0103926 1.33185e-06 -0.0104841 -0.000164124 -0.0030056 -0.000254479 -0.000147537 -0.000264983 0.0116034 0.000131048 0.000618884 -0.000214322 -0.00232062 0.00678517 0.000548253 -0.0181264 0.00268008 -0.00167263 -0.00665866 -0.00850238 0.00140074 -0.000132475 -0.0152424 -0.00305516 0.016114 0.00352839 0.00341962 0.00990216 -0.00197205 2.13156e-06 4.64413e-05 2.66145e-05 0.0111019 -0.00877537 0.000391278 -5.42024e-05 -0.00060079 0.0161195 -0.00239042 0.000899686 -0.000195699 0.011064 0.000373133 -6.22059e-05 -0.000162668 -0.000524165 7.55855e-05 -0.0128648 -0.00102179 -0.000624423 -0.0011412 -0.000327787 -0.0160141 -0.00329225 -0.000181646 5.35532e-05 -0.00315486 0.000101279 -0.000213815 9.19214e-07 -0.00301748 0.0011013 -0.0139704 -0.000932486 -8.35597e-06 0.00218906 -5.52226e-05 0.0018034 -0.00524765 0.00439416 
-0.00354092 0.132592 -0.000453995 -0.0144909 0.000265111 -0.00229398 -0.000235435 -0.00133664 0.0317242 0.000513802 -0.000377358 1.25684e-05 0.00451139 -0.0250728 -0.0320839 0.0691793 0.000837603 0.0472471 -0.0702627 0.0212835 -0.0206825 -0.000236992 0.000827232 -0.000753503 -0.00132689 0.0166701 0.0107979 1.86145e-06 -0.00256329 -0.000574815 -0.0479178 -0.000133254 0.00474854 -0.0019884 -0.0224941 0.00388087 0.00204189 -0.00315165 -0.045699 -0.000450709 -0.00557996 0.000677865 -0.0159755 -0.0105042 -0.00103346 -0.0116801 -0.0115264 0.0681089 -0.0432007 -0.0133748 -0.0445687 -0.000971242 -0.00134702 0.000962021 -0.0312034 -0.00857754 -0.0138908 -0.0151146 0.0580871 0.000136037 -0.000328946 6.23937e-05 -0.0159963 0.0356506 -0.000897022 0.00078099 0.0255491 -0.0311133 0.0262352 -0.00304066 -0.0017495 -0.0117532 -0.000343662 -0.000273494 0.00379039 0.0107079 -0.00016949 0.00373792 0.0109576 -0.00977297 -0.00764861 -0.00228029 0.00450431 -0.0258544 -0.000508866 0.000217538 -0.00204291 0.000940596 0.00657915 -4.14381e-05 -0.0117801 -0.000736601 0.0118643 0.0221058 -0.000872857 -0.00620224 -0.00131045 -0.00162608 0.0533155 -0.0290929 
0.000236447 -0.000453995 0.00318036 -0.000154928 3.43259e-05 -9.89042e-05 8.9884e-06 0.000244071 -0.00115967 5.64914e-05 0.000487882 -4.01737e-07 4.02228e-05 0.00106963 -1.62042e-05 -0.000439153 -0.000559435 -0.000210146 -0.00183564 -9.25224e-05 0.000471654 1.77848e-05 -4.07549e-05 0.000566699 0.000383984 0.0017195 1.46557e-05 -1.04954e-06 0.00194832 0.00179792 -0.00106038 -2.12014e-06 -0.00118373 8.26197e-05 -0.000161903 -1.22701e-05 -1.79729e-06 0.00144349 -0.000416277 -1.05379e-05 -0.00016244 0.000216958 0.0019525 4.75527e-05 -2.29146e-05 -0.00165973 -0.000226056 -0.000150911 -0.000502378 -0.000899083 -0.00161944 -9.59953e-06 -0.00174057 0.000793817 -0.000520136 0.000366722 -0.000546071 -0.000276063 -0.000213344 -6.11276e-07 8.96494e-06 5.17869e-06 -0.000290497 -0.00105776 0.000454171 -7.55937e-06 -3.58004e-05 0.000199075 -0.000507636 0.00219115 0.000494945 -0.000187392 4.07485e-05 -2.89729e-07 -4.28881e-06 -1.71346e-05 0.000300594 -0.00219964 0.000730031 0.000902686 -0.000158152 -4.35491e-05 -0.00192703 0.00166019 -2.13563e-05 1.76634e-05 0.000491276 2.80824e-05 -1.42459e-05 9.59942e-06 -4.91558e-05 -1.40868e-05 -0.000815199 -0.000197003 -4.53459e-06 -3.69103e-05 0.000578564 -1.15161e-05 -0.000672711 -0.000560889 
0.00221605 -0.0144909 -0.000154928 0.0903794 -0.000122214 0.000386833 -0.000100172 0.00193868 -0.0540654 -0.000495667 0.000146749 -2.7687e-05 -0.00143855 0.00882817 0.054401 -0.0159496 -0.0457459 -0.0202282 0.0141088 -0.00248748 0.0364636 -0.00117705 -0.00243332 -0.0005255 0.00301727 0.0135334 -0.0022112 7.23916e-05 -0.00119238 -0.000725886 0.0297057 -8.75558e-05 -0.0338793 0.00311168 -0.0126874 0.00140791 -0.00051965 -0.00153102 0.045568 0.000846652 0.00627762 0.0003547 -0.0105897 -0.000518901 -0.000221083 -0.0343736 0.0308801 -0.00903487 -0.0231801 -0.0265896 0.0163346 0.000143993 -0.0472129 -0.00222479 0.054133 0.00850246 0.0120273 0.0211136 -0.00821501 -4.15989e-05 -0.000499765 1.64508e-06 0.00725422 -0.0347761 -0.000337063 -0.000243217 -0.00473902 0.0428597 0.0100843 -0.002074 -0.000978287 0.00644204 0.000256371 -0.000203329 -0.00074335 -0.00180671 -3.84325e-05 -0.0160589 -0.00783935 0.000217464 0.00840441 -0.000815901 -0.00828692 -0.0141597 -0.00108877 -2.90086e-05 -0.011416 -0.0010652 -0.00107043 0.000179686 -0.00928882 0.00131124 -0.0499496 -0.00648701 0.00065498 0.0105116 -0.000188912 0.00120224 -0.0227838 0.0261672 
-0.000162478 0.000265111 3.43259e-05 -0.000122214 0.0100102 0.00380619 7.78247e-06 -6.66108e-05 -0.00230107 0.000188983 0.000439637 2.092e-06 0.000476005 0.00495513 -0.00115698 7.34004e-05 -0.00388921 0.00174673 -0.000793302 0.000616342 0.00359078 -4.56943e-05 0.00024144 0.000729933 0.00278737 -0.00179324 -0.000225011 -4.26301e-06 -7.60413e-05 -0.00037028 -0.00409213 5.47169e-05 -0.00109117 0.00363857 -0.00074824 0.0010468 8.81004e-05 -4.60526e-06 -0.00143045 -1.74807e-05 2.84472e-06 0.00510035 -0.00055865 0.00325003 0.000215119 -0.00364869 0.0013261 0.000487392 -0.00320931 -0.00112592 -0.00548577 -0.000101234 -0.00371999 -0.00169374 -0.000768819 -0.000223138 0.00137469 -0.000257553 0.000755138 7.64135e-05 -5.12275e-05 -1.40067e-06 -0.000957488 -0.00279031 0.000309683 -1.5304e-05 0.000902994 0.00147295 -0.000156609 -0.000225632 -0.000115465 0.00238336 0.000332065 6.08058e-06 -5.73024e-06 0.00440587 3.9537e-05 -0.00421372 -0.000409107 -0.000871644 -0.000101202 -0.00014692 -0.0043189 -0.00156283 0.00292955 0.000358242 -6.49188e-05 -0.00013029 0.00108532 4.36126e-06 -0.00120238 -1.53657e-05 -0.00375666 -0.000344185 0.000106231 -0.000321989 -8.71439e-05 8.22496e-05 -0.00169631 0.000939851 
0.00205175 -0.00229398 -9.89042e-05 0.000386833 0.00380619 0.0428722 6.38031e-05 -0.000403923 -0.0200535 0.00223939 0.00053991 3.87715e-05 0.00142073 0.0187586 0.0128055 -0.00445327 -0.0220351 0.00643713 -0.00133638 0.00278781 0.0200177 -8.69626e-07 -0.000180749 0.000376287 0.00442383 -0.00600188 -0.00121895 -2.24393e-05 -0.000473486 0.0101213 0.0002659 0.000167681 -0.0124758 0.00313265 -0.00263436 0.00956948 0.00223106 0.000651541 -0.00243725 -6.48658e-05 0.00462083 0.00477152 -0.000353249 0.000155649 0.0017508 -0.0204692 0.0137625 0.00187753 -0.0114149 -0.00565213 -0.0135883 -0.000235597 -0.0165755 -0.00475957 0.0134169 0.0168419 -0.00524074 0.0118153 0.00151231 0.000170153 -0.000225355 -1.86759e-05 -0.00416171 -0.0144163 0.00267921 0.000107904 0.000934622 0.0188106 -0.00514398 -0.00075488 -0.00040706 0.00909143 0.000136198 6.84601e-05 -0.000274817 0.00562166 1.48648e-05 -0.0267252 -0.00277184 -0.00381991 -0.00195289 9.83141e-05 -0.0176607 -0.00623243 0.00124004 0.000198801 -0.00245529 -0.00042634 0.00236708 -5.15857e-06 -0.00457015 0.00298886 -0.0221722 -0.00292322 0.0018196 0.000286844 0.000311633 0.00542068 -0.000527196 0.00406176 
0.000132603 -0.000235435 8.9884e-06 -0.000100172 7.78247e-06 6.38031e-05 0.0019306 -1.5526e-05 -0.00122885 2.43217e-05 3.36751e-05 4.10286e-06 8.9799e-06 0.00010151 0.000723306 -0.000233586 -0.00111348 -0.000330983 -0.00038454 -4.9247e-05 0.00109895 -2.40617e-05 -4.24487e-05 1.51085e-05 0.000283282 0.00115899 8.14217e-06 1.99872e-05 9.48144e-05 0.000148059 0.00065654 1.45882e-07 -0.000727727 0.000122432 -0.000315306 1.13042e-05 1.9418e-05 2.75222e-05 0.000847966 9.87063e-07 -0.000113978 5.34951e-05 0.000113091 0.000402624 0.000505615 -0.00138308 -1.27949e-05 -0.000139886 -0.000603371 -0.000658354 1.66617e-05 3.94647e-05 -0.00122959 -0.000151166 0.000682217 0.000335582 0.000112052 9.91514e-05 -2.46838e-05 8.01894e-07 -1.03633e-05 1.23838e-06 0.000929559 -0.000648801 9.98953e-05 -4.49116e-06 2.31379e-05 0.00121448 -2.47637e-05 7.52402e-05 -9.2814e-06 0.000956357 9.1383e-06 -4.58615e-06 2.3004e-05 -1.14918e-05 9.12524e-06 -0.000695046 -9.70537e-05 9.58342e-05 -9.01818e-05 3.74318e-06 -0.00107049 -0.000269791 -1.34644e-06 8.3379e-07 -3.97723e-05 2.29625e-07 -2.4767e-05 4.43943e-07 -0.00021927 -6.84355e-06 -0.00119471 -0.0001157 -1.61235e-06 2.84133e-05 0.000115863 -3.23813e-06 -0.000443628 0.000604894 
0.000332393 -0.00133664 0.000244071 0.00193868 -6.66108e-05 -0.000403923 -1.5526e-05 0.0112774 -0.00293913 -3.32552e-05 -6.98862e-06 -3.4124e-06 0.000228833 -0.00137526 0.00202455 -0.00157189 -0.0018858 -0.00496563 0.0012936 6.80836e-05 -0.000488049 -4.23258e-05 -0.000259259 0.000388315 2.31169e-05 -0.00180822 -9.29187e-05 -7.03832e-07 0.000525924 -0.000773594 -0.00167668 -1.1096e-05 -0.00213813 -0.00010155 -0.000852554 -0.000185559 -5.74486e-05 -7.25044e-05 0.0062648 7.74478e-05 0.00226093 -0.000102166 0.00415466 -0.000255673 6.98993e-05 -0.000883447 -0.000818587 -0.000406581 0.00184293 -0.00237025 0.000627466 8.29981e-05 -0.00355102 -0.00222728 0.000439953 -0.00050247 0.00125751 -0.000210488 -0.000770419 -8.57372e-06 -5.38361e-05 -2.04215e-06 -0.000610495 -0.00370136 -3.74145e-05 -1.8539e-05 -0.000177265 -0.00183985 0.0020812 0.000184926 0.000787299 -0.00093181 3.93441e-06 -8.07463e-06 -8.77515e-05 -0.000215621 0.000236727 0.000107949 -0.00100438 0.00280404 0.00082485 3.04555e-05 -0.000130099 -0.00116253 -9.88367e-05 -6.09283e-06 -0.00147772 -8.79313e-05 -0.00017364 -2.79676e-06 0.00477375 -5.62255e-05 -6.28221e-06 -0.00042526 -4.72146e-05 0.000650105 -4.24483e-05 0.0002012 -0.000316563 -0.000116302 
-0.0159748 0.0317242 -0.00115967 -0.0540654 -0.00230107 -0.0200535 -0.00122885 -0.00293913 0.21139 -0.000415659 -0.00153404 -1.07981e-05 0.000481092 -0.00129213 -0.14531 0.0519195 0.137509 0.052265 -0.015091 0.00136731 -0.156491 0.000246492 0.00521747 -0.00469813 -0.00682744 -0.088418 0.000874739 -0.000204717 -0.00691452 -0.0585685 -0.0753499 -0.000392528 0.124472 -0.0078972 0.0441453 -0.0119164 -0.00289259 -0.00703616 -0.140265 -0.00110981 0.00252928 -0.00384735 0.00113601 -0.0386234 -0.0051316 0.133341 -0.0470412 0.0165145 0.0569341 0.0963382 -0.0538021 -0.00570462 0.148436 0.00696918 -0.146019 -0.0421659 -0.0572014 -0.0674825 0.0129143 -0.00031668 0.00146668 7.37504e-05 -0.0743174 0.103876 -0.00431159 0.000179863 0.00548077 -0.148234 0.0140096 -0.00773129 -0.00047546 -0.0725472 -0.00146925 0.000446927 0.00173734 -0.003027 -0.000789406 0.0772396 0.0131329 -0.00717256 -0.00476335 0.000521459 0.0865075 0.0403726 -0.000641937 -0.000325567 0.0205317 0.00275347 0.00139681 -0.000172595 0.00550806 -0.0037629 0.164444 0.020289 -0.00133382 -0.0160783 -0.00610906 -0.00800398 0.0404462 -0.07818 
0.00048707 0.000513802 5.64914e-05 -0.000495667 0.000188983 0.00223939 2.43217e-05 -3.32552e-05 -0.000415659 0.010208 0.000168351 5.65237e-05 0.000559471 0.00148239 -0.00210466 -0.00150471 -0.00121608 0.000792261 -0.00516159 0.00193358 0.00225404 -4.23417e-06 -0.000197653 0.000150329 0.000168354 0.000316354 -0.00028192 1.51687e-05 0.000594915 0.00355144 -0.00339063 -7.62061e-07 -0.000952754 0.000149036 0.00207283 0.00233771 0.00251816 0.00139103 -0.00259139 -2.98531e-05 -0.00046854 0.000621213 0.0011256 -0.000669678 0.000454091 -0.00303977 -0.000629393 0.002178 -0.0019932 -0.000457288 -0.00609859 -0.000113848 -0.00348597 1.38424e-05 -0.00235817 0.00113988 -0.00171763 -0.000984599 0.00184805 0.000606815 0.000240746 1.30268e-05 -0.00109801 -0.00133724 0.00025993 1.78578e-06 0.000888729 -0.000611572 -0.000947201 0.00183483 -9.19499e-05 0.0024813 3.17555e-06 0.000151146 -1.41114e-05 0.00163912 -2.80636e-06 -0.00488935 0.000822203 -0.000701528 3.08111e-05 1.54942e-06 -0.00424486 0.00238294 -6.34666e-05 7.63809e-05 -0.000777311 -5.67791e-05 0.00297761 -3.00679e-06 -0.000537646 -1.76608e-05 -0.00194927 0.000983191 -5.41667e-05 0.000674035 0.000866953 -5.55742e-05 0.000823512 -0.0015195 
0.000109002 -0.000377358 0.000487882 0.000146749 0.000439637 0.00053991 3.36751e-05 -6.98862e-06 -0.00153404 0.000168351 0.00261496 2.14382e-06 0.000211219 0.00136104 1.9245e-05 -0.000212694 -0.00127609 -0.00034182 -0.00168545 2.56194e-05 0.00135565 5.45171e-05 -1.87377e-05 0.000468685 0.000945818 0.000900513 6.90904e-05 -2.71213e-07 0.00118507 0.00130839 -0.000746874 1.33081e-05 -0.00113806 0.000636147 -0.000379086 0.000106625 0.000194398 0.000807879 -0.000532181 1.64789e-05 -0.000192666 0.000883159 0.00109409 0.00040869 0.000415243 -0.00186906 -1.36046e-06 -0.000209059 -0.000676776 -0.000893885 -0.00138813 -8.08469e-06 -0.00169105 -8.10955e-05 -0.000445529 0.000738199 -0.00021514 -0.000176242 -0.000143946 9.81064e-05 -2.01706e-06 2.94534e-06 -0.000223449 -0.000818904 0.000235195 7.38456e-07 7.14373e-05 0.000834515 -0.000442315 0.000772808 3.09604e-05 0.00103844 8.46287e-05 1.60868e-05 -1.72984e-05 0.000571501 0.000117458 -0.00209749 0.000561587 0.000146036 -6.91171e-05 0.000154071 -0.00196546 0.000194998 0.000107991 5.79864e-05 0.000298664 -3.62701e-05 0.000240337 3.08909e-05 -0.00029797 -5.63264e-06 -0.00147314 -0.000187915 3.24373e-05 0.0001955 0.000905594 -1.51077e-05 -0.000476903 -0.000191619 
-3.52755e-06 1.25684e-05 -4.01737e-07 -2.7687e-05 2.092e-06 3.87715e-05 4.10286e-06 -3.4124e-06 -1.07981e-05 5.65237e-05 2.14382e-06 0.000337886 6.3125e-06 9.66934e-05 -1.77619e-05 3.60152e-06 -7.80036e-05 9.42955e-05 -0.000173827 -5.71584e-06 1.98853e-05 5.86166e-06 -3.15855e-06 -1.53244e-06 1.78253e-05 -2.22825e-05 -3.76845e-06 5.10998e-07 -4.06841e-06 1.12115e-07 -6.87345e-06 3.49039e-06 -2.23197e-05 2.52967e-05 6.07048e-05 1.05551e-05 2.03547e-05 7.92239e-05 -9.17829e-05 1.05243e-07 -2.41254e-05 7.84327e-06 -7.9284e-06 -1.72091e-05 5.47925e-05 -4.79615e-05 4.51609e-06 2.0003e-05 -6.83235e-05 2.72217e-05 -0.000105688 -3.05776e-06 -0.000152709 5.33101e-05 -3.41856e-05 9.04805e-05 -4.62986e-05 -2.00253e-05 -1.68568e-05 -1.99591e-07 4.29185e-06 1.48621e-06 -3.39747e-05 1.44217e-05 2.54419e-05 4.86276e-07 3.37491e-06 2.93039e-05 4.94967e-05 4.84348e-05 -3.3579e-06 1.04427e-05 -9.35726e-08 3.50651e-06 -3.66587e-07 -6.72688e-06 9.50522e-09 -0.000157581 7.90982e-05 -2.73315e-05 -1.39415e-05 2.34635e-05 -6.52292e-05 1.46327e-05 -2.91617e-06 4.34303e-06 -6.66782e-07 1.12811e-05 2.25826e-06 5.64788e-07 -4.00931e-05 9.4208e-06 -5.28476e-05 -1.94442e-05 -8.53566e-07 3.21724e-05 2.28571e-05 8.37799e-07 -6.95379e-05 -3.2259e-05 
0.000943587 0.00451139 4.02228e-05 -0.00143855 0.000476005 0.00142073 8.9799e-06 0.000228833 0.000481092 0.000559471 0.000211219 6.3125e-06 0.0189676 -0.000655336 -0.00259027 0.0096632 -0.00529364 0.00406753 -0.0131191 0.00697832 -0.00130777 0.000187395 0.00194996 0.000903386 0.000198503 -0.00269535 0.00140468 1.84467e-05 -0.000176086 -0.00101698 -0.0022777 -1.21728e-05 -0.00219358 0.000307163 -0.00278442 0.000751839 3.46999e-05 -0.00027875 -0.00431308 0.000181314 -0.00152066 0.000655301 -0.00239216 -0.00118692 0.00104084 -0.00624309 -0.00101152 0.00763217 0.000392365 -0.00427225 -0.00672065 -0.000120433 -0.00501685 -0.00357732 -0.003529 -0.000770342 -0.00336857 -0.00124975 0.00557521 9.65575e-05 -8.25136e-05 5.37124e-06 -0.00201221 0.00565317 -0.000119923 4.98728e-05 0.000611898 -0.00391913 0.00326412 -0.000201173 -0.000145961 -0.000992921 1.23102e-05 8.57929e-05 4.1617e-05 0.00182726 9.14277e-05 -0.000439104 0.000786561 -0.00102811 -0.00083118 0.000201853 -0.00271092 -0.00221608 0.000315052 0.000204089 0.000930763 0.000442025 0.00113418 1.34803e-05 -0.00142777 1.38206e-05 0.000705692 0.00472365 -3.89032e-05 0.0014188 0.00012351 4.13791e-05 0.0080644 -0.00335821 
-0.000344544 -0.0250728 0.00106963 0.00882817 0.00495513 0.0187586 0.00010151 -0.00137526 -0.00129213 0.00148239 0.00136104 9.66934e-05 -0.000655336 0.195371 -0.00851074 0.027425 -0.0203746 0.034929 0.000875105 -0.00597169 0.0103246 -0.00205409 -6.8434e-05 0.00209699 0.00548449 -0.0186443 -0.00305813 -5.03292e-05 0.00971022 0.00979573 -0.0485374 0.000369108 0.00825819 0.00248796 0.0259554 0.00189459 0.000390861 0.00818407 -0.0327964 -0.000254688 0.0243321 0.00449897 0.0297003 -0.00455625 0.00521132 0.00255186 0.0236885 -0.0192044 -0.0613446 0.0226682 -0.0792225 -0.00233183 -0.0125983 0.0406408 -0.00581622 0.0223266 -0.0289148 -0.0015772 -0.0205621 -4.1423e-05 3.01565e-05 0.000229576 -0.0253391 -0.0555168 0.00354029 2.33413e-05 -0.0039687 0.00815471 -0.016328 0.0109967 -0.00262661 -0.0112543 0.00020586 -0.000515185 -0.000328571 0.00110439 -8.93866e-05 -0.0323381 0.019158 -0.0157259 -0.00235252 -0.00249124 0.000307853 -0.00267571 0.00444324 0.000166926 0.0234441 -0.00167011 0.000147999 0.000243617 -0.02096 0.00302476 -0.0011518 -0.006665 0.00217237 -0.00646363 0.00318078 0.00579001 -0.0189241 -0.00957396 
0.0166263 -0.0320839 -1.62042e-05 0.054401 -0.00115698 0.0128055 0.000723306 0.00202455 -0.14531 -0.00210466 1.9245e-05 -1.77619e-05 -0.00259027 -0.00851074 0.172468 -0.0477763 -0.118594 -0.0598629 0.0309344 -0.00557831 0.119924 -0.00176009 -0.00449608 0.00214884 0.00198949 0.0668824 -0.00464313 1.33321e-05 -0.00187338 0.040561 0.0896127 -0.000124954 -0.0925909 0.00232603 -0.0322661 0.00154092 -0.000724975 -0.00118 0.118312 0.00132225 -0.00257457 -0.000936748 -0.0221367 0.0303407 0.000376132 -0.112565 0.0415615 -0.0199565 -0.0483287 -0.0736731 0.0571727 0.00399823 -0.114774 -0.010296 0.144766 0.0326419 0.0454823 0.0708957 -0.0165566 -3.69615e-05 -0.0011162 -6.4845e-05 0.0729852 -0.0826421 0.000561045 -0.000527011 -0.0106316 0.133178 -0.0139148 -0.00294621 0.000525245 0.0648287 0.00112634 -0.000529611 -0.00164725 -0.00398693 0.000549166 -0.055204 -0.019115 -0.00142646 -0.00240542 -0.000204272 -0.0707533 -0.03232 -0.00223519 -0.000112441 -0.0265706 -0.00294563 -0.00311303 2.44975e-05 -0.0179676 0.00392473 -0.138973 -0.0160114 0.001427 0.0145784 0.00145547 0.0075498 -0.0462606 0.0741363 
-0.00443897 0.0691793 -0.000439153 -0.0159496 7.34004e-05 -0.00445327 -0.000233586 -0.00157189 0.0519195 -0.00150471 -0.000212694 3.60152e-06 0.0096632 0.027425 -0.0477763 0.172017 -0.00030198 0.0644209 -0.0657933 0.00751905 -0.0470156 -0.00142233 0.00419101 -0.000223469 -0.00181525 -0.00556034 0.0152897 -6.02443e-05 0.000799331 -0.0152492 -0.0462511 -8.93093e-06 0.0261774 -0.00272322 -0.0141869 -0.00155367 -0.000726135 -0.00407417 -0.0698046 -0.000699988 0.00311032 -0.00055894 -0.00602241 -0.0134669 0.00145086 0.0180753 -0.0134622 0.0409253 -0.0433547 0.00490103 -0.0589082 -0.00095835 0.0271209 -0.00324602 -0.0473663 -0.0127171 -0.0283289 -0.0221273 0.0393375 -0.000232695 -0.000711528 0.000131826 -0.023465 0.0348809 -0.00137886 0.00104381 0.0157987 -0.0462899 0.0116122 -0.00100636 -0.00162387 -0.0196121 -0.000471516 -0.000518763 0.00437551 0.00434633 -0.000238532 0.0121053 0.0116726 -0.0126143 -0.00852259 -0.00288554 0.0256201 -0.0317832 0.00217586 5.04964e-05 0.00261868 0.00232893 0.00499486 8.01402e-05 -0.0179856 -0.00115722 0.0403341 0.0169829 -0.00113927 -0.0077682 -0.0015821 -0.00262459 0.0481981 -0.034771 
-0.0145292 0.000837603 -0.000559435 -0.0457459 -0.00388921 -0.0220351 -0.00111348 -0.0018858 0.137509 -0.00121608 -0.00127609 -7.80036e-05 -0.00529364 -0.0203746 -0.118594 -0.00030198 0.235843 0.0109698 -0.00079901 -0.00453452 -0.118271 0.00260527 0.00794085 -0.00201293 -0.0067895 -0.0671554 0.00570575 -0.000180193 -0.0010361 -0.0451711 -0.0729793 -0.00046367 0.048849 -0.00766087 0.0431804 -0.012549 -0.00351804 -0.00300905 -0.0933829 -0.000904215 0.00545904 -0.00516777 0.0394255 -0.0346747 -0.00725907 0.118152 -0.0433736 0.00100792 0.108246 0.0329171 -0.0487992 -0.00444494 0.146275 0.0103091 -0.126977 -0.035412 -0.0485467 -0.0577697 -0.0102559 -0.000510546 0.00189394 4.46626e-05 -0.0650683 0.0718219 -0.0020414 -0.000573491 0.00108441 -0.124082 -0.0477982 0.00110171 0.00281878 -0.0654298 -0.0012222 0.000652295 -0.00313702 -0.00538666 -0.000557346 0.0636709 0.0262701 0.00564386 0.0105723 0.000349734 0.0714285 0.0581751 -0.000541147 -0.000396234 0.027887 0.00284942 6.88292e-05 -0.000120509 0.0398833 -0.00327353 0.134126 0.00636938 -0.000988024 -0.0104601 -0.00473624 -0.00696686 0.0492011 -0.0878638 
-0.0122401 0.0472471 -0.000210146 -0.0202282 0.00174673 0.00643713 -0.000330983 -0.00496563 0.052265 0.000792261 -0.00034182 9.42955e-05 0.00406753 0.034929 -0.0598629 0.0644209 0.0109698 0.23887 -0.0523378 0.00837532 -0.0320158 -0.00140586 -0.00274929 -0.000348019 -0.000405618 -0.0215011 0.00937408 7.88712e-05 -0.00119572 -0.0167949 -0.0787435 8.52447e-05 0.00864607 0.00179553 -0.00385977 0.0065273 0.0022404 0.00402452 -0.056391 -0.00140766 -0.0310366 0.00243661 -0.0040192 -0.02709 0.00483603 0.0233067 -0.0200132 0.0306576 -0.0288573 9.35974e-05 -0.0333907 -0.00536457 0.0244065 0.0615965 -0.0600739 0.00542438 -0.0480988 -0.0292683 0.0325744 0.000267512 -0.00104359 4.7376e-05 -0.0542997 0.0104466 -0.000774174 0.00044489 0.0114898 -0.0479502 0.031713 0.00315499 -0.00400542 -0.0218034 -0.00118498 0.000660132 0.00221097 0.00707077 -0.000610186 -0.00703592 0.0201192 -0.0132025 -0.0173234 -0.00329533 0.0374974 -0.0393056 0.000894256 8.42373e-05 0.0135899 0.00226487 0.00580113 2.74461e-05 -0.00830706 -0.00302894 0.0458345 -0.00335357 -0.00265782 -0.00561569 0.000648111 -0.00572013 0.0482925 -0.0358136 
0.00189342 -0.0702627 -0.00183564 0.0141088 -0.000793302 -0.00133638 -0.00038454 0.0012936 -0.015091 -0.00516159 -0.00168545 -0.000173827 -0.0131191 0.000875105 0.0309344 -0.0657933 -0.00079901 -0.0523378 0.137813 -0.0224297 0.00254164 -0.000645839 -0.00653915 -0.00204454 -0.0011855 -0.0361329 -0.0154088 -0.000169257 -0.0109612 -0.0211452 0.0403127 -0.00042337 0.0216976 -0.0015455 0.0156971 -0.00541143 -0.00470481 -0.0123455 0.048027 0.000393654 0.011783 -0.00316774 -0.00375204 0.0101297 -0.0068491 0.03439 0.0114382 -0.0681727 0.0363765 0.0331048 0.0732001 0.00120473 0.0225898 -0.00629514 0.0381848 -0.00631587 0.0294458 0.0159557 -0.0628169 -0.000754128 -0.000143053 -0.000128626 0.017087 -0.0367985 -0.00278275 -0.000856578 -0.0258272 0.0170894 -0.000959715 -0.0160615 0.00125943 0.00229772 0.000179174 -0.000758212 -0.00386298 -0.0130686 -0.000144564 0.023473 -0.0356733 -0.000591198 0.00699136 -0.000783495 0.018156 0.00653512 0.000166192 -0.000521265 -0.0218086 -0.00275129 -0.00843864 -4.17076e-05 0.0152981 0.00051653 0.00514672 -0.0237817 0.000865112 -0.000917188 -0.00680524 0.00162248 -0.0504254 0.0318465 
4.40937e-06 0.0212835 -9.25224e-05 -0.00248748 0.000616342 0.00278781 -4.9247e-05 6.80836e-05 0.00136731 0.00193358 2.56194e-05 -5.71584e-06 0.00697832 -0.00597169 -0.00557831 0.00751905 -0.00453452 0.00837532 -0.0224297 0.030218 0.00647299 -0.000170215 0.00157045 0.000747775 0.000142575 0.00593109 0.000779152 6.47031e-05 -0.000395189 0.00650139 -0.0107222 -2.59889e-05 -0.0116981 4.08339e-05 -0.00472066 0.00457942 0.00235348 -0.000578619 -0.0090764 0.000137472 -0.00121202 0.00154049 -0.00360011 -0.00185675 -0.000344275 -0.0185195 -0.00185824 0.0240955 -0.00767735 -0.0106894 -0.01516 -0.000196349 -0.0144864 -0.00472337 -0.0064205 -0.00122715 -0.00522285 -0.00260949 0.0192572 0.000506653 -0.000161392 -7.50056e-06 -0.0032492 0.00488127 -0.000171227 9.78565e-05 0.00606876 -0.00581045 0.00379561 -0.000635511 -0.000175393 -0.000408836 -8.18773e-06 0.000252727 -5.51055e-05 0.00796753 -1.16843e-06 -0.00307859 0.00807333 -0.00250626 -0.00137172 -0.000431993 -0.0140474 -0.00409097 0.000495635 0.000261749 0.00806255 -0.000152584 0.00174092 -7.73538e-06 0.000233135 9.80875e-06 -0.011767 0.0117904 -7.20877e-05 -0.000662577 -0.000184904 -0.000123309 0.0195847 -0.005693 
0.012125 -0.0206825 0.000471654 0.0364636 0.00359078 0.0200177 0.00109895 -0.000488049 -0.156491 0.00225404 0.00135565 1.98853e-05 -0.00130777 0.0103246 0.119924 -0.0470156 -0.118271 -0.0320158 0.00254164 0.00647299 0.197676 -0.000608883 -0.00518568 0.00241071 0.00628989 0.085001 -0.00550559 0.000142928 0.00610852 0.0599662 0.0683886 0.000372582 -0.110844 0.00714565 -0.0343228 0.00860859 0.00412522 0.00883643 0.111191 0.000316607 -0.0094561 0.00625049 -0.00744829 0.0386335 0.00378476 -0.127766 0.0265799 -0.00768703 -0.0635733 -0.0862393 0.030775 0.00435932 -0.137593 0.0063988 0.125298 0.0385197 0.0469674 0.0614616 -0.00853567 0.00049748 -0.00149443 -6.4377e-05 0.069289 -0.0860256 0.00404451 -0.000378688 -0.00335467 0.132568 -0.0236254 0.00715614 -0.00138702 0.0778719 0.00149371 -6.8885e-05 -0.00168977 0.0088684 0.000641141 -0.0710976 -0.00322229 1.8164e-05 -0.00859474 -0.000791693 -0.0987992 -0.0330108 0.000227721 0.000373529 -0.0103549 -0.00358744 0.00105123 6.47126e-05 -0.0187199 0.00154235 -0.158649 -0.0163053 0.000462706 0.00542633 0.00577247 0.00733903 -0.0372478 0.0625291 
2.88e-05 -0.000236992 1.77848e-05 -0.00117705 -4.56943e-05 -8.69626e-07 -2.40617e-05 -4.23258e-05 0.000246492 -4.23417e-06 5.45171e-05 5.86166e-06 0.000187395 -0.00205409 -0.00176009 -0.00142233 0.00260527 -0.00140586 -0.000645839 -0.000170215 -0.000608883 0.012978 0.000224921 -0.000156535 -0.000114343 -0.000250546 1.49371e-05 -3.73854e-06 -0.000151433 -0.000771389 -0.00402245 6.66173e-05 -0.00428645 8.66755e-06 0.00401398 2.69321e-05 -3.47562e-05 0.000843112 -0.00032495 -5.94308e-06 -0.000690958 -0.000117007 -0.000624128 -0.000546547 0.000201098 0.0011996 -0.000683196 0.00100086 0.00386669 -0.00352796 -0.00194959 5.65784e-05 0.00110286 -0.00220856 -0.00167046 2.80555e-05 -0.001679 -0.000596691 0.000446122 1.14012e-05 2.53186e-05 -5.96313e-06 -0.00129068 0.000575921 6.58489e-05 -2.13419e-05 0.000121428 -0.00167784 -0.00229358 -0.000166296 0.000157029 -0.000900909 2.34703e-05 0.000300228 -8.319e-06 -0.000240365 2.43166e-05 -0.000333535 -0.00028439 -0.000857188 0.00198754 0.0002306 0.000495016 0.00095678 -5.83043e-05 -6.64128e-06 -0.00171457 -0.000125288 -0.000104572 -2.93839e-07 0.00382551 -3.8759e-05 0.00146064 -0.000103062 0.00016973 0.00213407 0.000221488 0.000224575 0.00422911 -0.00221807 
-0.000512295 0.000827232 -4.07549e-05 -0.00243332 0.00024144 -0.000180749 -4.24487e-05 -0.000259259 0.00521747 -0.000197653 -1.87377e-05 -3.15855e-06 0.00194996 -6.8434e-05 -0.00449608 0.00419101 0.00794085 -0.00274929 -0.00653915 0.00157045 -0.00518568 0.000224921 0.0252975 -0.000171582 -0.000211039 -0.00347135 0.00227071 2.08535e-05 0.000526424 -0.000666188 -0.00883729 3.91676e-08 -0.000295247 -0.000373935 0.000421012 -0.000158825 -3.96963e-05 -0.000424898 -0.00767284 5.6753e-05 0.00201011 -0.000219726 -0.00112446 -0.00172365 -0.000348386 0.00223163 -0.00111888 0.00178597 0.00422479 -0.000113614 -0.0097375 7.11135e-05 0.00486713 -0.004452 -0.00511524 -0.00127328 -0.00433051 -0.00198599 0.00112148 -1.93974e-05 0.000646973 -8.93637e-06 -0.00274504 -0.00496318 -3.507e-05 1.52489e-05 -3.35098e-05 -0.00458792 -0.00488771 0.000389924 0.000276399 -0.00255637 -4.93442e-05 1.55786e-05 -0.000146512 -0.000214392 -2.70191e-05 0.00141755 0.00422461 -0.000922543 0.000995932 -0.000290911 0.00107705 0.00428203 0.000149838 3.53054e-06 0.012212 0.000441198 0.000712208 -6.48005e-06 -0.000161542 8.87756e-05 0.00337413 -0.0010069 0.000495427 -0.000492294 -0.000211295 0.000137234 0.00629298 -0.00435798 
-3.70086e-05 -0.000753503 0.000566699 -0.0005255 0.000729933 0.000376287 1.51085e-05 0.000388315 -0.00469813 0.000150329 0.000468685 -1.53244e-06 0.000903386 0.00209699 0.00214884 -0.000223469 -0.00201293 -0.000348019 -0.00204454 0.000747775 0.00241071 -0.000156535 -0.000171582 0.0141694 0.000581701 0.000727584 -0.000418183 1.33306e-05 0.001098 0.00141998 0.000732565 -1.07265e-05 -0.00362474 0.000515296 -0.00227015 0.000181764 0.000311032 0.00031326 0.00163112 1.21443e-05 -0.00113668 0.000987019 0.00301113 0.00115468 0.000159114 -0.00181385 -0.000479486 -0.000435905 0.00150644 -0.00403985 0.000184566 -6.52084e-05 -0.00287782 0.000588838 -0.00124603 0.000662013 -0.00198229 -0.00117449 7.83667e-05 9.90465e-05 -7.57165e-05 9.51921e-07 -0.00023433 -0.00440402 9.96034e-05 4.33766e-05 -0.000191642 0.000665782 -0.00143503 0.00090641 0.000493109 0.00136212 8.10834e-05 -1.22508e-05 0.000173533 0.000396806 0.000141595 -0.00413751 -0.000823758 0.00191703 3.37198e-06 -9.41518e-05 -0.00388114 9.00073e-08 8.93821e-05 0.000318299 -8.38131e-05 0.000139959 0.00100495 1.40377e-05 0.00176594 1.18641e-05 -0.00365215 -0.000247184 -3.73037e-05 -0.000315709 0.00116092 1.85482e-05 0.000684288 -0.000460615 
-0.000184882 -0.00132689 0.000383984 0.00301727 0.00278737 0.00442383 0.000283282 2.31169e-05 -0.00682744 0.000168354 0.000945818 1.78253e-05 0.000198503 0.00548449 0.00198949 -0.00181525 -0.0067895 -0.000405618 -0.0011855 0.000142575 0.00628989 -0.000114343 -0.000211039 0.000581701 0.0112935 -0.000283545 -0.00016007 1.63928e-06 0.0013474 0.00226085 -0.00212647 7.27802e-05 -0.00434649 0.00360604 -0.0013317 0.00117683 0.000629152 0.000820415 0.0003771 5.91093e-05 0.000358954 0.00382504 0.000203168 0.00336395 0.000587327 -0.00598042 0.00574534 -0.000474849 -0.00361566 -0.00336134 -0.00520262 9.18409e-06 -0.00734773 -0.00206818 0.00318812 0.00264212 0.00140553 0.00121852 -8.18386e-05 4.69209e-05 -5.78416e-05 -3.7e-07 -0.000567322 -0.00425367 0.000662276 -7.08827e-06 7.92103e-05 0.00617407 -0.000114143 0.000546453 3.12707e-05 0.00105843 0.000564441 -1.95345e-05 4.31668e-05 0.0024884 0.000246785 -0.00799554 -0.000561617 -0.000407466 -0.000408949 -0.000128985 -0.0046186 -0.00144383 0.00128135 0.000170589 -0.000946398 -0.000136278 0.000191799 3.76947e-05 -0.00129915 0.000352049 -0.00735664 -0.000713334 0.000168915 -0.0001233 0.00026092 0.00117929 -0.00220659 0.00209439 
0.00932131 0.0166701 0.0017195 0.0135334 -0.00179324 -0.00600188 0.00115899 -0.00180822 -0.088418 0.000316354 0.000900513 -2.22825e-05 -0.00269535 -0.0186443 0.0668824 -0.00556034 -0.0671554 -0.0215011 -0.0361329 0.00593109 0.085001 -0.000250546 -0.00347135 0.000727584 -0.000283545 0.167928 0.00732971 -2.85624e-05 0.00893497 0.0542222 0.0235066 -0.000150243 -0.0832689 -0.000569163 -0.0260829 -0.000826715 0.00128818 0.00683635 0.0592818 -0.000636739 -0.0151798 -0.00141055 -0.00340264 0.0335294 0.00203479 -0.0872107 0.00136636 0.0230277 -0.0615893 -0.0731795 0.00366688 0.00675364 -0.105731 0.00130817 0.0737741 0.00390777 0.0387387 0.022461 0.0256424 -0.000128184 -0.000574149 5.14131e-05 0.0675198 -0.0381476 0.00187307 -9.26854e-05 0.0121391 0.0761207 -0.0180394 0.0125462 -0.00108956 0.0466326 0.000970337 -0.00049396 -0.000660246 -0.000724919 0.000122983 -0.0408434 0.0115298 -0.000102756 -0.00938297 -0.00216595 -0.0613172 -0.0240249 -0.00181572 0.000130309 -0.00756875 -0.00109305 -0.00110041 -2.79203e-05 -0.0181977 -0.0003304 -0.0952603 0.00106626 -0.000983731 -0.00646382 0.00341228 -0.00182002 -0.00577311 0.0494121 
0.000332043 0.0107979 1.46557e-05 -0.0022112 -0.000225011 -0.00121895 8.14217e-06 -9.29187e-05 0.000874739 -0.00028192 6.90904e-05 -3.76845e-06 0.00140468 -0.00305813 -0.00464313 0.0152897 0.00570575 0.00937408 -0.0154088 0.000779152 -0.00550559 1.49371e-05 0.00227071 -0.000418183 -0.00016007 0.00732971 0.0307335 -1.27304e-05 0.00176112 6.46906e-05 -0.0114654 8.33539e-06 -0.0119804 -1.5633e-05 -0.00389516 -0.000661356 -6.08375e-05 -0.000340852 -0.00637907 -4.15816e-05 -0.00112936 -0.000263884 0.0035495 -0.0020847 0.00144056 -0.00492001 -0.00178953 0.0076075 -0.00403095 -0.00883037 -0.0140213 0.000150191 0.000242945 0.00197061 -0.00598519 -0.00148564 -0.00136514 -0.00233369 0.00798192 -3.32398e-05 -1.12768e-05 -6.35506e-06 -0.00296611 0.00512499 -0.000196219 0.000152347 0.00716352 -0.0050233 -0.00454983 0.00185427 5.85642e-05 -0.00253938 -6.7083e-05 -8.10741e-05 -8.37151e-05 0.000379949 -1.6944e-05 -0.00522907 0.00877796 -0.00260739 -0.000520708 -0.00036395 0.00382777 -0.00501763 0.000545082 -6.58148e-06 -0.000502939 0.00286666 0.000107031 2.39945e-06 -0.00141977 -0.000120539 -0.00191629 -0.000378725 -0.00011164 -0.000168418 5.82859e-05 -0.000376543 0.0118156 -0.00187545 
-1.41548e-05 1.86145e-06 -1.04954e-06 7.23916e-05 -4.26301e-06 -2.24393e-05 1.99872e-05 -7.03832e-07 -0.000204717 1.51687e-05 -2.71213e-07 5.10998e-07 1.84467e-05 -5.03292e-05 1.33321e-05 -6.02443e-05 -0.000180193 7.88712e-05 -0.000169257 6.47031e-05 0.000142928 -3.73854e-06 2.08535e-05 1.33306e-05 1.63928e-06 -2.85624e-05 -1.27304e-05 0.000617968 -8.06206e-06 3.66687e-06 0.00018559 1.23904e-05 -0.000109626 6.71015e-05 -5.99675e-05 3.51538e-05 2.4186e-05 5.67947e-05 0.000173113 4.14243e-07 -1.89242e-05 2.00312e-06 -5.1796e-05 -3.46971e-05 0.000103156 -0.000206504 -2.67262e-05 5.93406e-05 -9.78503e-05 -0.000105292 -2.16142e-05 -4.3374e-06 -0.00029936 1.10639e-05 1.79677e-05 0.000128911 -8.17499e-05 2.89932e-05 4.46516e-06 1.36961e-05 -3.01483e-06 -1.26883e-07 -3.01363e-05 -3.40946e-05 -2.3598e-06 -2.72325e-07 -2.14533e-05 -1.24643e-05 0.000237644 4.30486e-06 -4.49837e-06 5.04746e-05 -1.08471e-06 2.02703e-06 1.59876e-05 -3.53533e-06 4.35614e-07 -0.000105609 -7.44778e-07 -3.00097e-05 7.32407e-05 7.45909e-06 -5.84788e-05 -8.33217e-05 -5.59414e-06 -1.59959e-07 1.4538e-05 -5.4795e-06 8.74142e-06 -3.87361e-09 -6.42031e-05 -2.24064e-06 -0.000151812 -2.93119e-05 -2.06872e-07 8.55477e-05 8.51181e-05 -2.36506e-07 -6.98365e-06 -5.89239e-05 
0.000569099 -0.00256329 0.00194832 -0.00119238 -7.60413e-05 -0.000473486 9.48144e-05 0.000525924 -0.00691452 0.000594915 0.00118507 -4.06841e-06 -0.000176086 0.00971022 -0.00187338 0.000799331 -0.0010361 -0.00119572 -0.0109612 -0.000395189 0.00610852 -0.000151433 0.000526424 0.001098 0.0013474 0.00893497 0.00176112 -8.06206e-06 0.0170131 0.0108476 -0.00533645 6.71525e-05 -0.00587196 0.00012772 -0.0015545 -0.000340009 0.000472344 0.0062036 -0.004322 -2.84574e-05 3.32146e-05 0.00048094 0.0120108 -0.000991069 0.000292502 -0.00925348 -0.000802426 -0.00131599 -0.00388379 -0.0049652 -0.00900334 -0.000155772 -0.00909 0.00628494 -0.00353921 0.00477276 -0.00309831 -0.00129464 -0.00138354 5.75606e-06 4.21735e-05 4.48777e-05 -0.00176141 -0.00650693 0.00251745 7.33574e-05 0.000733204 0.00442293 -0.00326972 0.0124231 0.00107218 -0.00112672 0.000137077 -9.13718e-06 -6.19634e-05 -0.000176632 0.000364958 -0.012529 0.00906415 0.00309108 -0.000585105 -0.000236875 -0.00878623 0.00601059 -0.000119658 0.000112045 0.00717182 0.000270612 -0.000197261 2.1992e-05 -0.00148215 4.1494e-05 -0.00604862 -0.00105473 -4.14832e-05 -0.00066196 0.00320475 0.000295159 -0.00368853 -0.00333631 
0.00913386 -0.000574815 0.00179792 -0.000725886 -0.00037028 0.0101213 0.000148059 -0.000773594 -0.0585685 0.00355144 0.00130839 1.12115e-07 -0.00101698 0.00979573 0.040561 -0.0152492 -0.0451711 -0.0167949 -0.0211452 0.00650139 0.0599662 -0.000771389 -0.000666188 0.00141998 0.00226085 0.0542222 6.46906e-05 3.66687e-06 0.0108476 0.0984561 0.0107952 0.000176603 -0.0475321 1.01367e-05 -0.0111145 0.0110267 0.00359567 0.0097549 0.020574 0.000344562 -0.00187293 0.0013631 0.00201491 0.00877082 0.000751049 -0.068335 0.00706668 0.00697974 -0.0344491 -0.0364993 -0.00743294 -0.000888834 -0.0671766 -0.00299273 0.0416759 0.0167319 0.0074364 0.0312562 0.00702772 0.000444381 -0.000238313 6.94242e-05 0.0334739 -0.0315486 0.00522383 -5.9281e-05 0.00277456 0.058825 -0.0188218 0.0145534 -0.000656941 0.0408448 0.000944712 -0.000218197 -0.000469657 0.00238358 0.000309165 -0.0524977 0.015956 0.00109825 -0.00499782 -0.00110023 -0.067598 -0.00748032 -0.000539363 0.000241005 0.00567451 -0.00136542 0.00145686 2.06216e-05 -0.00809453 0.00323932 -0.0652505 -0.00449093 0.00143745 -0.00112844 0.00451722 0.00647086 -0.00818262 0.0173892 
0.0103926 -0.0479178 -0.00106038 0.0297057 -0.00409213 0.0002659 0.00065654 -0.00167668 -0.0753499 -0.00339063 -0.000746874 -6.87345e-06 -0.0022777 -0.0485374 0.0896127 -0.0462511 -0.0729793 -0.0787435 0.0403127 -0.0107222 0.0683886 -0.00402245 -0.00883729 0.000732565 -0.00212647 0.0235066 -0.0114654 0.00018559 -0.00533645 0.0107952 0.247143 0.000104616 0.00436522 0.00110545 -0.0562356 -0.00549563 -0.00181686 -0.00368546 0.069617 0.00084059 -0.00810175 -0.00308836 -0.0450565 0.00916284 0.000789706 -0.0647689 0.0168387 -0.0335187 0.000981152 -0.0151494 0.109701 0.00110294 -0.0510099 -0.0132247 0.0835104 0.0232732 0.0223196 0.038892 -0.0242046 -0.000232078 -0.00219955 -0.00014226 0.0464365 0.0111826 -0.00119164 -0.00077108 -0.020337 0.0770126 0.00744754 -0.0077416 0.00147439 0.0461208 1.32138e-05 -0.000996089 -0.000124658 -0.0079693 0.000178171 -0.0211574 -0.0379718 0.0179484 -0.0125604 0.00676556 -0.0387469 -0.0232214 -0.00470805 -0.000317138 -0.0235517 -0.00221355 -0.00643868 -6.86786e-05 -0.0287975 0.00200529 -0.0734673 -0.0131412 -0.00144174 0.0101446 0.00149335 0.0018783 -0.085712 0.0317142 
1.33185e-06 -0.000133254 -2.12014e-06 -8.75558e-05 5.47169e-05 0.000167681 1.45882e-07 -1.1096e-05 -0.000392528 -7.62061e-07 1.33081e-05 3.49039e-06 -1.21728e-05 0.000369108 -0.000124954 -8.93093e-06 -0.00046367 8.52447e-05 -0.00042337 -2.59889e-05 0.000372582 6.66173e-05 3.91676e-08 -1.07265e-05 7.27802e-05 -0.000150243 8.33539e-06 1.23904e-05 6.71525e-05 0.000176603 0.000104616 0.00103328 -0.00014459 0.000369172 5.5124e-05 2.43827e-06 -2.13821e-06 0.000191913 -1.0945e-05 6.82234e-07 -9.84823e-06 0.000127228 -8.93122e-05 -2.29524e-05 0.000266621 -0.000420903 0.000217396 -7.5314e-05 -0.000317235 -8.58981e-05 -0.00044262 -9.50618e-06 -0.000302732 0.000133707 -6.11897e-05 0.000416605 -0.000157571 3.1421e-05 -3.62596e-05 -1.18289e-08 -4.08128e-06 6.68963e-07 -0.000108228 6.03809e-05 0.000111982 -1.06024e-06 -4.4628e-05 0.000268128 -3.55403e-05 5.42579e-05 -1.70065e-06 0.000283311 5.12704e-06 -9.8701e-07 1.56156e-05 4.66159e-05 1.81672e-07 -0.000523883 1.95418e-05 -3.81907e-05 -4.29772e-05 2.95941e-05 -0.000424366 -6.7295e-05 6.99903e-05 6.25454e-06 0.000112166 -8.15103e-06 -1.14874e-05 3.33381e-06 -0.000118951 5.26091e-05 -0.000373038 -3.39884e-05 2.4689e-05 0.000252485 0.000243802 8.06682e-05 -0.000166707 -0.000121475 
-0.0104841 0.00474854 -0.00118373 -0.0338793 -0.00109117 -0.0124758 -0.000727727 -0.00213813 0.124472 -0.000952754 -0.00113806 -2.23197e-05 -0.00219358 0.00825819 -0.0925909 0.0261774 0.048849 0.00864607 0.0216976 -0.0116981 -0.110844 -0.00428645 -0.000295247 -0.00362474 -0.00434649 -0.0832689 -0.0119804 -0.000109626 -0.00587196 -0.0475321 0.00436522 -0.00014459 0.245893 -0.00613249 0.0144363 -0.00774486 -0.00245923 -0.00741149 -0.104803 -0.00123435 -0.00135476 -0.00306566 -0.0370391 -0.0257094 -0.001963 0.102567 -0.0286721 -0.0182817 0.0090028 0.168049 0.00816278 -0.00497743 0.104143 -0.00347105 -0.094723 -0.0262309 -0.032173 -0.0432737 -0.00933112 -0.000416139 -0.000191174 -3.06892e-05 -0.0465266 0.0877778 -0.00279212 0.000578933 -0.00803637 -0.0929247 0.044053 -0.00937047 0.000678775 -0.0464976 -0.00094185 -0.000971801 0.00314584 -0.00802143 -0.000500468 0.056752 -0.0309382 -0.00288761 -0.0146089 0.00322075 0.0644131 0.0342143 0.00186927 -0.000329323 0.0170832 -0.00205878 -0.00330555 -0.000159707 -0.0380406 -0.00242297 0.117177 0.0088916 -0.00180679 -0.0156315 -0.00385561 -0.00511206 -0.055902 -0.0421101 
-0.000164124 -0.0019884 8.26197e-05 0.00311168 0.00363857 0.00313265 0.000122432 -0.00010155 -0.0078972 0.000149036 0.000636147 2.52967e-05 0.000307163 0.00248796 0.00232603 -0.00272322 -0.00766087 0.00179553 -0.0015455 4.08339e-05 0.00714565 8.66755e-06 -0.000373935 0.000515296 0.00360604 -0.000569163 -1.5633e-05 6.71015e-05 0.00012772 1.01367e-05 0.00110545 0.000369172 -0.00613249 0.0152244 -0.00172523 0.000468156 -4.7852e-05 0.000750027 0.00429727 -4.89993e-05 -0.000667143 0.00474176 0.000237873 0.00276561 0.00280512 -0.0081436 0.0030054 -0.00101156 -0.0034728 -0.0045269 -0.00392619 -0.000111808 -0.00852251 -0.00174391 0.00176984 0.00395769 0.00388838 -0.00138396 -0.000781599 7.03912e-05 -7.39539e-05 -5.76098e-06 -0.000116854 -0.00254706 0.000562258 -3.5797e-05 -0.000648376 0.00659408 0.00202369 -0.000199473 -0.000149249 0.00570083 0.000323482 2.05868e-05 -7.93905e-05 0.00319228 3.67882e-05 -0.0085662 -0.0013567 -0.000504819 -0.000482776 0.000253187 -0.00697843 -0.00124777 0.00194642 0.000308507 -0.00162075 -0.000160605 0.000498072 2.16407e-05 -0.00177946 1.77442e-05 -0.00789027 -0.000365646 -5.7844e-05 0.00208962 0.00125678 -9.37531e-05 -0.00263306 0.00324112 
