0.00291846 3.86708e-05 -0.000290728 -1.48915e-06 0.000276656 8.38041e-05 -2.62466e-06 2.17262e-05 0.000200841 -0.000435961 3.91375e-05 -0.000152103 2.75526e-05 0.000888588 0.000111732 -4.33624e-06 -0.000959402 -8.8422e-06 -0.000579933 -0.000330284 2.10895e-05 0.00164907 0.00018202 -0.000197999 0.000572673 -0.000542778 -3.60185e-05 -0.000194924 -1.92676e-06 -0.00122751 -0.000197495 -0.00015034 0.000334711 -7.88503e-05 -5.56933e-06 -5.79733e-06 -4.03617e-06 0.000247208 0.000215246 -3.65626e-05 9.04333e-05 -9.75157e-05 -3.77871e-05 -9.94578e-05 -8.24066e-06 2.58498e-06 0.000360423 6.84294e-07 3.49122e-05 -0.000534081 -1.73635e-06 6.31749e-06 -3.56162e-06 4.45755e-05 -0.000656803 0.000204642 2.25364e-06 -0.000451949 -0.000392159 0.000181945 0.000148344 -0.000417839 -3.471e-06 0.000475565 -7.12037e-05 -0.000207924 -4.51285e-05 -2.62707e-05 -0.000198385 -0.000451049 -9.10085e-06 -1.40218e-06 -2.72289e-05 0.000102719 4.2929e-06 0.000295612 0.000157418 2.56381e-05 7.50234e-06 -1.41364e-05 -0.000467764 -0.00036278 2.08891e-05 -0.000134887 0.000856885 -0.000151875 0.000375643 -1.74167e-05 -0.000368942 -6.61022e-05 0.000365671 -1.0926e-05 4.22767e-05 -0.000320086 -0.000284868 0.000114812 -0.000119518 1.4332e-05 -0.000264083 5.64557e-06 
3.86708e-05 0.00654548 -0.000481605 1.72828e-05 -0.00148059 -1.21054e-05 0.00233909 -0.00030171 0.000333009 -0.000282939 -5.0774e-06 0.00117597 6.69179e-05 -0.00129919 -0.00120739 -0.000222212 -0.00116784 0.00196006 -0.00141561 0.00083147 0.0001011 0.00077409 -0.000811423 -9.2585e-05 0.000849177 0.000687942 2.15607e-05 0.00241683 0.000102665 0.000303354 -0.00266439 -0.000272861 0.00149665 0.000139139 -1.01888e-05 1.02213e-05 -1.65898e-05 -0.000203636 -3.75791e-05 -6.66153e-05 0.000171815 -0.000392078 0.000259999 -0.00172262 -6.45791e-06 -8.44704e-06 0.000529021 5.76272e-05 -2.79583e-06 -0.00173709 -3.92029e-06 4.93468e-06 -7.47777e-07 -0.000138287 0.000101389 -0.000750655 -1.57931e-06 -0.000579053 0.000880486 -4.14594e-05 -0.000142999 0.00158401 -2.3643e-05 -0.000108795 -0.000142707 -0.000208137 -1.25977e-05 -5.86474e-05 -0.000381135 0.000545921 -2.01098e-05 -6.89011e-05 -0.000212347 3.88042e-05 2.24158e-05 3.73736e-05 7.03526e-06 -9.52602e-06 4.17668e-06 -4.09371e-05 -0.00203565 0.000100129 7.56835e-07 7.03718e-05 -0.000875117 -7.47217e-05 -0.00177132 -3.69327e-05 -0.00187699 -0.000311294 0.00245447 1.30207e-05 0.000186326 -0.000671793 -0.000429121 0.000264326 -0.000247073 -2.2816e-05 -0.000396945 7.2512e-05 
-0.000290728 -0.000481605 0.091015 0.00528954 0.0468667 0.00187577 -0.0153553 -0.00692847 -0.00116103 0.00688714 -0.000132957 -0.00494392 -0.000104725 -0.0353882 -0.0206675 -0.00378046 -0.0385174 -0.0053095 -0.0238988 -0.0115736 -0.000739914 -0.00674059 -0.0260301 -0.00374895 0.0255738 -0.0353464 -0.00146156 -0.0211355 -6.42397e-05 -0.0455248 0.0183739 0.0282955 -0.0577333 -0.00371935 0.00123877 -8.39992e-05 -0.000179367 0.0154548 -0.000138346 -0.000202733 -0.000845873 0.0577056 -0.000334287 -0.0282296 0.000193457 0.000276287 -0.0672744 -0.000297243 -2.65063e-05 -0.0247011 0.000513118 -1.18944e-05 0.00106544 0.0459141 -0.0455321 -0.0266392 8.49084e-05 -0.0159463 -0.0156742 -0.000847517 -0.00220051 -0.0148548 0.00313919 -0.0190193 -0.00327466 0.00391161 -0.00158159 -0.00115534 0.0602715 -0.0615757 0.00214155 -0.00111486 0.080963 0.000102723 -0.000206713 -0.00358224 0.00281947 0.00198963 -4.72024e-05 0.00606035 -0.0113878 0.0755062 -0.000108219 0.0786535 -0.0383504 0.0836068 -0.0719346 -0.000657715 -0.0765798 0.0101539 -0.0065529 0.00391697 -0.000234828 -0.0145791 0.0799848 -0.000381816 0.0362129 -0.00065014 0.0520731 -0.000357323 
-1.48915e-06 1.72828e-05 0.00528954 0.00960268 -0.0012375 -3.01145e-05 -0.00130286 -0.000203462 6.63142e-05 0.00148993 -1.2329e-05 2.59904e-05 -0.000112853 -0.0023065 -0.00205012 0.000217717 -0.00399037 -0.000344978 -0.00304617 -0.00383236 6.17859e-05 0.000157257 -0.00330874 -0.00024414 -0.000344013 -0.00225207 0.0001312 0.000113351 -5.58156e-06 -0.00355954 -0.00240441 0.00563023 -0.0037433 -0.000168086 6.48376e-05 0.000247396 -3.86604e-05 0.000513823 -5.97502e-05 -2.12499e-05 3.27054e-05 0.000271295 -0.000392702 -0.00312585 -2.01593e-05 6.56524e-05 -0.00619253 -6.60317e-07 5.84782e-06 -0.00213312 1.09237e-06 -1.71248e-06 2.24617e-05 0.00302112 -0.00175542 -0.00291672 1.04393e-05 -0.000474718 0.000329856 -6.32916e-05 0.00114259 1.51211e-05 0.00283076 -0.00157402 6.05893e-05 -0.00127702 -0.000107406 -5.59841e-05 0.00334656 -0.00382434 -1.42496e-05 -9.22949e-05 0.00540117 0.00015753 -2.00893e-05 -0.000345963 -3.40754e-05 0.00030772 0.000160395 0.00153702 0.00184764 0.00476149 -9.69179e-06 0.0057935 -0.00365461 0.00639574 -0.00612474 -4.09118e-05 -0.00662804 -0.000162367 0.000217425 0.00048123 8.95688e-06 -0.000615962 0.00453766 -1.25002e-06 0.0034739 0.000348112 0.00610848 -4.28384e-05 
0.000276656 -0.00148059 0.0468667 -0.0012375 0.235482 0.00214757 -0.051257 -0.0305808 -0.00335747 -0.00813542 -0.000455434 -0.0223211 -0.000837229 0.0567141 0.0465881 -0.014095 -0.0476969 -0.0193942 0.0160202 -0.103624 -0.00422186 -0.0187654 0.0978343 -0.0256109 -0.00268995 -0.130738 -0.00647872 -0.0761164 -0.000247521 -0.0805451 0.0899341 0.00710431 -0.119895 -0.013389 -0.000549795 -0.000498451 0.00165822 0.00563498 0.00109939 -0.00324017 -0.00336082 0.0344678 -0.00824964 0.112571 -0.00103451 -0.000543984 -0.00351769 -0.000993731 -0.000306415 0.062636 0.00030634 -0.000138673 0.00054629 0.021288 -0.102776 0.0983897 8.77854e-05 -0.0529303 -0.058627 0.00176068 0.007865 -0.0563237 -0.00117984 0.0279486 -0.0122977 -0.0189368 -0.00594593 -0.00356251 0.0367738 -0.154872 0.000923579 -0.000441741 0.0431794 -0.000147619 -0.000669202 -0.00649626 0.000965592 0.000536986 -0.000479038 0.000851288 0.0616027 0.0302279 -0.000171227 0.0460648 0.0619026 0.0450303 -0.00780922 -0.00233435 -0.0204557 0.00166685 -0.0241871 0.00231072 -0.000891015 -0.0512508 0.0394993 0.00209001 0.0197424 -0.00262019 0.0243127 -0.0018994 
8.38041e-05 -1.21054e-05 0.00187577 -3.01145e-05 0.00214757 0.00631956 -0.000488883 -0.000380517 4.79844e-05 -0.00234375 2.29713e-05 -0.000364904 -4.61024e-05 -0.00248957 -0.000598218 -6.38556e-05 -0.00158072 9.49018e-05 9.76707e-05 0.00143312 5.67817e-05 0.000104508 -0.00216698 -0.000283613 0.00139986 -0.00159908 -2.89962e-05 0.00020779 4.04387e-06 0.000651084 4.14417e-05 3.96733e-05 -0.00256177 -0.000164431 1.18373e-05 1.84075e-05 -1.3072e-05 0.00333284 0.000218302 0.0005306 8.94936e-05 0.000886209 -0.000246869 -0.000593087 1.0438e-05 -6.58563e-06 -0.000650594 5.68071e-05 5.39803e-06 -0.00130084 1.36527e-05 3.7934e-06 2.65189e-05 0.00225742 -6.93988e-05 -0.00118761 2.87192e-06 -0.000481344 -6.08758e-05 -3.13333e-05 0.000147521 -0.000343355 5.52518e-05 -0.00128337 -9.12572e-05 -0.000289703 -8.30379e-05 -5.94814e-05 5.73158e-05 -0.00134948 -3.83647e-06 -2.8146e-05 0.00269604 0.000103178 4.68253e-05 -0.000207981 0.000550655 3.69341e-05 -6.06127e-06 -1.74784e-05 -0.00279784 0.00112037 -3.23175e-06 0.00197729 -0.00177921 0.00251022 -0.0020705 6.8942e-06 -0.00265489 0.000249983 4.884e-05 1.24201e-05 -1.08251e-05 -0.000651786 0.0019524 -3.14396e-05 -0.000111019 -3.41002e-05 9.71313e-05 -9.16022e-06 
-2.62466e-06 0.00233909 -0.0153553 -0.00130286 -0.051257 -0.000488883 0.129232 0.0104743 -0.000776496 -0.0139646 0.000702804 0.0120669 0.000722484 -0.0526176 -0.0285463 -0.00230856 0.0236611 0.0115614 0.0106415 0.0553293 -0.00103372 -0.00953867 -0.0539436 -0.00748282 0.00879613 0.0699739 -0.00199486 0.0471628 0.000429411 0.0527866 -0.0366828 -0.00785412 0.0533267 0.00471651 -0.000162928 -0.000351381 -0.000843074 -0.00325989 0.00111183 -0.00175172 -0.000467241 -0.010357 0.00117687 -0.0443408 3.9886e-06 -1.66265e-05 0.0163507 0.000445856 6.47857e-05 -0.0183731 -8.95388e-05 -5.03505e-05 -0.000176116 -0.0199927 0.0361851 -0.0433748 -3.75617e-05 -0.0183525 0.012881 -0.00092224 -0.00400732 0.00876962 -0.000489943 -0.0247096 -0.000786951 0.0316116 -0.0017297 -0.000873733 -0.0107475 0.0580455 -0.000455092 -0.00168991 -0.0156283 -6.05196e-05 0.000610852 0.0079934 -0.000416211 -0.000442428 -0.00015601 -0.00123193 -0.0608516 -0.00901079 7.2288e-05 -0.0219926 -0.0551858 -0.0171494 0.0077932 -0.000839001 0.0146734 -0.00408463 0.0202842 -0.000720542 0.000146939 0.00468475 -0.0132774 -0.00101351 -0.00634021 -0.000577213 -0.0138096 -0.000480878 
2.17262e-05 -0.00030171 -0.00692847 -0.000203462 -0.0305808 -0.000380517 0.0104743 0.0921424 0.00215538 -0.0226 0.0005087 -0.00445277 -0.000808029 -0.0300652 0.00165519 -0.00324902 0.0369927 -0.00277677 0.0485346 0.018941 -0.00107009 0.000427668 -0.0366245 -0.00618844 -0.00307664 0.0403754 -0.000533726 -0.0178514 0.000100587 0.0180114 0.00425278 -0.00116064 0.028772 -0.00363514 3.37899e-05 -0.000129951 -0.00052134 -0.00129484 -0.000701238 -0.000758788 -0.000863958 -0.00426648 0.0215078 -0.0156217 -9.49645e-05 -0.000189373 -0.00116289 -0.000325219 9.91675e-05 -0.0209279 -5.54191e-05 -1.3242e-05 -0.00011121 -0.00871228 0.0255982 -0.0237289 -1.58971e-05 0.0116222 -0.0128469 -0.000991347 -0.00452181 -0.0130445 -0.000272832 -0.0171281 -0.00295111 0.0188629 -0.00156729 -0.000999496 -0.00714591 0.0201736 -0.000338371 -0.00113583 -0.00470921 5.1192e-05 7.12995e-05 0.0108812 -0.000119118 -0.000242599 -8.67377e-05 0.000520149 -0.0337581 -0.00706797 -2.41101e-05 -0.00805648 -0.0290087 -0.00640106 0.0145473 -0.000579501 0.0108263 -0.00248411 -0.000742305 -0.000455076 -0.000189505 -0.0110065 -0.00591598 -0.000852942 -0.00419492 -0.00045565 -0.00660478 -0.000279238 
0.000200841 0.000333009 -0.00116103 6.63142e-05 -0.00335747 4.79844e-05 -0.000776496 0.00215538 0.0114951 -0.00405584 0.000326655 0.00195685 4.07596e-05 -0.00324683 0.00195045 0.00109485 -0.00162397 0.00280654 -0.00290598 -0.00197718 0.00146173 0.0029771 -0.00123616 0.00234924 -0.000305609 0.00188815 0.000332722 0.00146817 7.13793e-06 0.000343613 -0.00620835 -0.000632213 -0.000266321 -6.38833e-05 -5.69529e-06 -2.82501e-05 0.000314636 -0.00036909 -8.0842e-05 0.000710279 0.000403867 -0.000756684 0.00329438 -0.0027726 -1.23638e-05 -1.41309e-05 -0.00543713 3.51523e-05 2.81929e-05 -0.00183186 -5.24574e-06 4.16702e-05 -1.31689e-05 -0.00123178 -0.00192651 -0.00186616 1.58536e-06 0.00298079 0.00293412 -5.93829e-05 -9.79807e-05 0.0040992 -4.31605e-05 0.000763872 0.000633557 -0.00120907 0.000218666 0.000933096 -0.000755591 0.00107141 -3.49514e-05 -5.50941e-05 -0.00129469 9.39124e-05 -1.15344e-05 0.000686814 0.000224896 -6.49964e-06 -1.82252e-05 -5.12142e-05 -0.00332689 -0.00136459 2.99369e-05 -0.00150874 0.00035849 -0.00128492 -0.00493671 0.000137105 -0.00117764 -0.000544364 0.00237294 -2.53894e-05 0.000435407 0.00417435 -0.00116571 0.000745029 -0.000469726 0.000190479 0.000829902 0.00156465 
-0.000435961 -0.000282939 0.00688714 0.00148993 -0.00813542 -0.00234375 -0.0139646 -0.0226 -0.00405584 0.248552 0.000359058 -0.0151608 0.00280105 0.04311 -0.0406604 -0.0114559 -0.00335244 0.00561108 -0.0691986 -0.00935485 0.00134452 -0.0168283 -0.0176502 -0.00218107 0.0223325 -0.0170869 -0.00149682 0.0317704 -0.000297536 -0.00633123 0.00570228 0.0181845 -0.0368515 -0.00735708 1.48213e-06 0.00107495 0.000548739 -0.0089763 -0.00362701 -0.00641849 0.000931664 0.00173772 0.000836592 -0.00771377 0.000256387 -0.000235885 -0.00383796 -0.000592416 -0.000352134 0.0189787 -0.000263989 -0.000125509 0.000287977 -0.0171373 -0.0440905 0.0234998 -9.36751e-05 -0.0297812 -0.0201962 0.000655203 0.0135396 -0.0152025 0.00102236 -0.00314175 -0.0114574 -0.00196792 0.00187226 -0.00475178 0.0010442 -0.023992 0.000108308 0.000816982 0.00520134 0.000154087 -0.00060986 -0.0194831 -0.000856748 -0.000515038 -0.000196033 0.00127766 0.0638152 0.0244425 6.09293e-05 0.0286781 -0.0140492 0.0124182 -0.00506467 -0.0017585 -0.00808899 -0.0131108 -0.022547 -0.00216578 -0.000602776 0.0030447 0.00579851 -0.000629692 -0.00184297 0.000164377 0.00247109 -0.00032488 
3.91375e-05 -5.0774e-06 -0.000132957 -1.2329e-05 -0.000455434 2.29713e-05 0.000702804 0.0005087 0.000326655 0.000359058 0.00165167 0.000127911 4.74324e-05 -0.000673125 -0.000253858 -3.12982e-05 0.000615373 0.000117362 -0.000415494 0.000326959 8.57535e-05 0.000215907 -0.000578106 -3.00422e-05 5.25941e-05 0.000577619 -1.99108e-05 0.000789705 2.93154e-06 0.0001922 -0.000849791 -3.32526e-05 0.00041425 -5.95607e-05 5.61327e-06 1.85508e-05 -7.56946e-06 -5.6115e-05 -1.3092e-05 -2.31346e-05 1.88321e-05 -6.39242e-05 0.000899516 -0.000501825 7.88137e-05 8.28541e-06 -0.000583371 1.12517e-05 3.16995e-06 -2.49826e-05 -9.45185e-07 5.22307e-06 -1.40324e-06 -0.000195412 -0.000290353 -0.000473722 2.60751e-07 -0.000183484 -0.000251562 5.0944e-06 -4.40301e-05 -0.000198745 -6.20407e-06 2.9081e-05 -1.86504e-05 0.000124383 2.04672e-06 1.64721e-05 -8.06637e-05 0.000226743 -2.21601e-06 3.01218e-06 -9.90017e-05 3.88281e-05 9.80469e-07 -1.31348e-05 3.70193e-05 -3.59151e-06 -2.58637e-06 -4.14514e-06 -0.000663077 -7.63684e-05 6.18604e-05 -7.69749e-05 -0.000586796 -0.000103426 -0.000467838 -1.06269e-05 -3.41373e-05 -5.31956e-05 0.000158548 -6.00779e-06 8.94869e-06 -3.3472e-05 -7.11773e-05 2.95468e-05 -6.38704e-05 -9.74557e-06 -0.000133956 0.000115692 
-0.000152103 0.00117597 -0.00494392 2.59904e-05 -0.0223211 -0.000364904 0.0120669 -0.00445277 0.00195685 -0.0151608 0.000127911 0.0592869 -0.000151824 -0.0267418 -0.00100246 0.0124667 -0.0180209 0.00252585 -0.015829 0.000209123 0.00773445 0.00526724 -0.0220258 0.0194702 -0.00662954 0.0335845 0.00328263 0.0263384 6.48627e-05 0.0064387 -0.0397693 -0.00300412 -9.79552e-06 0.00351623 -5.53915e-05 0.000403315 -7.58554e-05 -0.00205098 -0.000477128 -0.000478829 0.00486309 -0.00345462 0.00353764 -0.0205572 -5.75568e-05 0.00136294 -0.0175349 0.000220501 7.1492e-05 -0.016289 -1.73103e-05 0.000235403 -4.23097e-05 0.00156995 0.010156 -0.0194523 -1.84525e-06 0.0156027 0.0354565 -0.000491069 -0.0016097 0.0397061 -0.000250392 -0.00200197 0.0124484 -0.0081993 0.00610697 0.00294731 -0.00277077 0.0157689 -0.000121917 -0.000506838 -0.00392822 4.79463e-06 -6.2366e-05 0.00214115 0.000791197 -9.03997e-05 -8.27143e-05 0.000501387 -0.0308617 -0.00127697 0.000219102 -0.000709151 -0.0229493 -0.00140468 -0.0371419 0.00315665 -0.0222882 -0.00205897 0.0231063 -0.000114279 0.000429646 0.0240392 -0.00519038 0.000816061 -0.00181135 0.000136689 0.00114259 0.00456666 
2.75526e-05 6.69179e-05 -0.000104725 -0.000112853 -0.000837229 -4.61024e-05 0.000722484 -0.000808029 4.07596e-05 0.00280105 4.74324e-05 -0.000151824 0.0150142 -0.00127795 -0.00173372 -0.000476215 0.00326518 0.00175669 -0.00251572 0.00303049 0.000426377 -0.000362798 -0.00151809 0.000468419 0.00108674 -0.00152064 -0.000186328 0.000661446 3.21801e-05 0.00334043 -0.000337242 -0.000453258 0.000795732 0.000446442 0.000382785 -4.27293e-06 -7.88867e-05 -0.000108318 -3.38745e-05 -0.000195927 0.000151961 -0.000784699 0.00068424 -0.00205963 0.000757323 4.88875e-05 -0.000181562 -3.49724e-05 5.86066e-06 -0.00197137 -7.06591e-06 -5.24302e-06 -6.74412e-06 -0.00037353 0.001262 -0.00262595 -2.51541e-06 -0.0012656 -0.00115202 -0.000115235 -0.000719102 -0.00105498 -1.0624e-05 -0.00170768 -0.000447057 0.00101773 -0.000129121 4.72683e-05 8.50632e-06 0.0022846 0.000585995 -0.0001676 -0.000408643 -3.4414e-06 4.98712e-05 -0.000429771 0.000109057 -3.56832e-05 1.85631e-05 -7.00253e-05 -0.00442105 -0.000797781 2.49012e-05 -0.000427761 -0.00420459 -0.000212077 -0.00221307 -2.88632e-05 0.000544926 -0.000625705 -0.000659936 -4.35167e-05 -3.3504e-05 -0.0012165 0.00237524 -8.35037e-05 -0.000427625 0.000208115 -0.000851687 0.000282676 
0.000888588 -0.00129919 -0.0353882 -0.0023065 0.0567141 -0.00248957 -0.0526176 -0.0300652 -0.00324683 0.04311 -0.000673125 -0.0267418 -0.00127795 0.245433 0.0200848 -0.0156928 -0.000704497 -0.0169364 -0.0136827 -0.0756996 -0.00474336 0.0181889 0.140372 -0.0299585 -0.0380321 -0.105315 -0.00605688 -0.0661394 -0.00023984 -0.0923736 0.0756866 -0.0115256 -0.0241299 -0.00581754 -0.000877968 -0.00106442 0.00124107 -0.00865026 -0.00189123 -0.00523961 -0.00292202 -0.027597 -0.0194423 0.109296 -0.00127443 -0.000881255 0.0650632 -0.00142011 -0.00015721 0.0863367 -0.000252552 -0.000143459 -0.000508509 -0.0243581 -0.0431472 0.117945 -8.82642e-06 -0.0579403 -0.0648041 0.00330521 0.0115427 -0.0640753 -0.00131705 0.0771904 -0.0136631 -0.0675086 -0.00647872 -0.00405022 -0.0261465 -0.0672212 -0.00149171 0.00303378 -0.0380424 -0.000175709 -0.000791491 -0.000240455 -0.00223563 -0.000798285 0.000576862 -0.00325513 0.148386 -0.0429291 -0.000252405 -0.0312284 0.116544 -0.0393839 0.0829944 -0.00280032 0.059654 0.00397439 -0.0142576 -0.00179628 -0.000116368 -0.0422158 -0.0419258 0.00209649 -0.0154784 -0.00188792 -0.0299286 -0.00223091 
0.000111732 -0.00120739 -0.0206675 -0.00205012 0.0465881 -0.000598218 -0.0285463 0.00165519 0.00195045 -0.0406604 -0.000253858 -0.00100246 -0.00173372 0.0200848 0.174063 0.0120336 -0.0221031 -0.0070377 0.0366013 -0.0887747 -0.000614855 -0.0154708 0.0609575 0.0148085 -0.0223317 -0.0304607 0.00340511 -0.046118 -0.000108318 -0.0313582 0.00216343 -0.0113593 -0.0741527 -0.00725616 -0.000490225 -0.000226966 -0.000492083 -0.00350724 0.00109428 0.000820227 -0.000649431 -0.0151628 -0.00482264 0.0931257 -0.000562009 -0.000147602 0.00885339 -2.05912e-05 -0.000167969 0.0447812 -0.000130184 -8.88814e-05 -0.000298205 -0.0151992 -0.0486719 0.0756007 -1.01963e-05 0.0112499 0.00122792 0.00279977 0.00859972 0.00395229 -0.000948277 0.0334685 0.00986067 -0.0192432 0.00205179 0.00369951 -0.0151936 -0.0520976 -0.000505306 0.00668197 -0.0256324 -0.00012798 -0.000190845 0.00320832 -0.00113437 -0.000469587 -0.000336964 -0.00176821 0.0134103 -0.0286273 2.47915e-05 -0.0170068 0.0564515 -0.0246422 0.0140152 0.00160006 0.0232712 -0.0125041 -0.0130125 -0.000856799 -0.000457769 0.0127307 -0.0227839 -0.0016225 -0.00927876 -0.00103391 -0.0120825 -0.000930577 
-4.33624e-06 -0.000222212 -0.00378046 0.000217717 -0.014095 -6.38556e-05 -0.00230856 -0.00324902 0.00109485 -0.0114559 -3.12982e-05 0.0124667 -0.000476215 -0.0156928 0.0120336 0.0370364 -0.017599 0.00383102 -0.0117335 -0.0152515 0.000637515 -0.00288731 -0.0170353 0.0332791 -0.00389438 0.0200756 0.0079914 -6.21973e-05 -6.25255e-06 0.010754 -0.0266566 -0.0017946 -0.00922214 -0.000618121 -7.49051e-05 0.000117457 0.000583238 -0.000863366 -0.000200541 0.000439522 -8.02518e-05 -0.00247399 -0.00167254 -0.0125349 -8.22056e-05 0.000856072 -0.0302351 0.00045881 -1.96975e-05 -0.00807969 -1.68084e-05 2.18517e-05 4.57074e-06 0.0179705 0.00797878 -0.0116736 -7.17147e-06 0.0269953 0.0296453 -0.000390898 -0.00147043 0.0294031 -0.000107917 -0.00737256 0.0282864 -0.00578194 0.0067179 0.000989283 -0.00270562 0.0134076 -9.60282e-05 0.00102196 -0.00421407 1.11537e-05 -8.0668e-05 -0.000890775 7.00446e-05 -5.57214e-05 -1.38326e-05 -0.000261675 -0.0185123 -0.00382418 0.000174799 -0.00442212 -0.00808593 -0.0038143 -0.0287463 0.000542053 -0.023654 -0.00211142 0.00332105 -0.000178224 -9.92481e-05 0.0310191 -0.00385864 -0.000275251 -0.00155 0.0021851 0.00717785 -8.7209e-05 
-0.000959402 -0.00116784 -0.0385174 -0.00399037 -0.0476969 -0.00158072 0.0236611 0.0369927 -0.00162397 -0.00335244 0.000615373 -0.0180209 0.00326518 -0.000704497 -0.0221031 -0.017599 0.249031 -0.00968654 0.10792 0.0332938 -0.00252288 -0.000412289 -0.0160107 -0.0314514 -0.00683433 0.0172893 -0.00674854 0.000793205 8.4045e-05 0.0580869 0.0595765 -0.00983843 0.0800863 -0.00934736 -0.000155645 -0.00112673 -0.000789798 -0.0120014 0.001334 -0.00585644 -0.00218872 -0.0300425 0.0182513 0.00191175 0.000926162 -0.000978129 0.0485351 -0.000987305 0.000107487 -0.0341292 -0.000274602 -7.04094e-05 -0.000580549 -0.0474152 0.0192071 -0.0106619 -9.75062e-05 -0.0169082 -0.0610616 -0.00200717 -0.0216467 -0.0633906 -0.00146225 -0.0381021 -0.0146001 0.0555608 -0.00635313 -0.00399296 -0.0313933 0.0727006 -0.00141677 -0.00464226 -0.0455929 -0.000349678 0.000695057 0.00797412 -0.00252925 -0.00123325 0.000417493 -0.00238145 0.0153048 -0.0497505 -0.000324157 -0.0614633 -0.0347379 -0.0483012 0.083338 -0.00282493 0.0685907 -0.0193086 -0.00792616 -0.00199517 0.000716002 -0.0386128 -0.0344144 0.00175709 -0.0184551 -0.000206445 -0.0334347 0.000321343 
-8.8422e-06 0.00196006 -0.0053095 -0.000344978 -0.0193942 9.49018e-05 0.0115614 -0.00277677 0.00280654 0.00561108 0.000117362 0.00252585 0.00175669 -0.0169364 -0.0070377 0.00383102 -0.00968654 0.0520731 -0.0158251 0.0149473 0.000110432 -0.0017147 -0.0135106 0.00845313 0.00326707 0.00424808 0.00265126 0.0199179 9.65324e-05 0.00848967 -0.0211783 -0.00226815 0.00664154 0.00339126 8.79075e-06 0.000175255 0.000238849 -0.000625744 -0.00040031 0.00214083 9.17804e-05 -0.00359591 -0.00198966 -0.0181773 -0.000121604 8.46112e-05 -0.00662178 0.000279087 -3.00476e-05 -0.0104118 -2.96376e-05 -2.1994e-05 -3.22765e-05 -0.00292314 0.00786455 -0.016385 -1.14129e-05 0.0121773 0.0166743 6.25999e-05 -0.00147352 0.0211547 -8.92411e-05 -0.00170404 0.00286875 0.0027672 0.00203834 0.00104601 -0.00332565 0.0192274 -0.000179865 -0.000437755 -0.00489503 2.95797e-05 -4.69468e-05 -0.00140794 -3.5878e-05 -0.000129385 0.000105682 -0.000412589 -0.0141765 -0.00539526 8.25263e-06 -0.00491295 -0.00927623 -0.00565057 -0.0169543 0.0011739 -0.00618819 -0.00291813 0.00381933 -0.00024126 -7.76953e-05 0.0163888 -0.00490764 -0.000222476 -0.00225639 0.000627189 -0.000762083 -0.000158264 
-0.000579933 -0.00141561 -0.0238988 -0.00304617 0.0160202 9.76707e-05 0.0106415 0.0485346 -0.00290598 -0.0691986 -0.000415494 -0.015829 -0.00251572 -0.0136827 0.0366013 -0.0117335 0.10792 -0.0158251 0.218208 -0.0169066 -0.00350741 -0.0240866 0.0190596 -0.0222701 -0.0307286 0.0154172 -0.00368069 -0.0620596 -1.80602e-05 0.0459402 0.0689051 -0.012552 0.0153906 -0.00837885 -0.000654847 -0.000793974 -0.00050807 -0.00761565 0.00334069 -0.00275697 -0.00278521 -0.0202821 0.0113315 0.0624378 -0.000397064 -0.000681133 0.0450885 -0.000982159 0.00015885 -0.020117 -0.000156277 -0.000125407 -0.000396215 -0.0293163 0.000778471 0.0234212 -5.21592e-05 -0.00403527 -0.0462469 -0.0021087 -0.0134334 -0.0472761 -0.0013662 -0.028209 -0.00994141 0.0287805 -0.00497138 -0.00275834 -0.0220279 0.00640099 -0.00112053 -0.00300409 -0.0286844 -0.000243056 0.000300895 0.0141405 -0.00178979 -0.000860569 -0.000364457 -0.00200447 -0.0121788 -0.0392803 -0.000238956 -0.0371272 0.00400292 -0.0328465 0.0617648 -0.00187208 0.0504148 -0.0141409 -0.012729 -0.00121175 -0.000624342 -0.0393041 -0.0269864 -0.00129307 -0.0127953 -0.00187402 -0.0259387 -0.00135527 
-0.000330284 0.00083147 -0.0115736 -0.00383236 -0.103624 0.00143312 0.0553293 0.018941 -0.00197718 -0.00935485 0.000326959 0.000209123 0.00303049 -0.0756996 -0.0887747 -0.0152515 0.0332938 0.0149473 -0.0169066 0.237142 -0.00525345 0.012497 -0.105279 -0.0183296 0.0327919 0.0785626 -0.00781163 0.0669261 0.000208003 0.06504 -0.0292154 -0.0172622 0.120221 0.0134172 7.46558e-05 -0.00118088 -0.00249635 0.00407021 -0.00114859 0.00281033 -0.00216876 -0.000266165 -0.00939067 -0.127714 0.000404027 -0.000536343 0.0251358 -0.000136129 -0.000141043 -0.0653199 -0.000112432 -0.000224581 0.000130397 0.00620228 0.135767 -0.132738 -9.14224e-05 0.0066479 0.0185065 -0.003649 -0.0198629 0.012874 -0.00206637 -0.0384032 -0.0121044 0.034333 -0.00626688 -0.000432249 -0.0089049 0.144392 0.000945079 -0.00616575 -0.00225205 -0.00018179 0.00063893 -0.00297587 -0.000129038 -0.000916078 0.000161945 -0.00350304 -0.0715096 -0.00335566 -0.000449621 -0.0255473 -0.0846451 -0.00825941 0.0136611 0.000123766 0.015994 0.0105778 0.0203491 -0.000752603 0.000132672 -0.00403223 -0.00411004 -0.00384368 -0.015649 -0.00138897 -0.0210644 -0.00251913 
2.10895e-05 0.0001011 -0.000739914 6.17859e-05 -0.00422186 5.67817e-05 -0.00103372 -0.00107009 0.00146173 0.00134452 8.57535e-05 0.00773445 0.000426377 -0.00474336 -0.000614855 0.000637515 -0.00252288 0.000110432 -0.00350741 -0.00525345 0.0114489 0.0034634 -0.00351338 0.00585027 0.000724102 0.00566902 0.00257494 0.00728417 1.66932e-06 9.87115e-05 -0.00733589 -2.03663e-05 -0.00243203 -0.000408079 0.000156891 0.00106706 -9.93927e-06 0.000137306 -7.63249e-05 -1.51928e-05 0.00331591 -0.000522586 0.00387523 -0.00387159 3.29088e-05 0.00063345 -0.00752152 0.000224924 4.42339e-05 -0.00298364 -1.80759e-06 0.000114794 -6.3756e-06 -0.000839952 -0.00407587 -0.00348301 5.11801e-06 0.000427414 0.00316768 0.000152248 0.00109826 0.00610406 -3.76145e-05 0.00135322 0.000902726 -0.00196566 0.00165955 5.70558e-05 -0.000730188 -0.001959 -3.53067e-05 -0.000104807 -0.000183298 8.03483e-05 -1.4128e-05 0.000516995 0.00068697 -2.45471e-05 -1.38283e-05 0.000362463 -0.00541638 0.00180441 0.000180796 0.00347043 -0.00413751 0.000474104 -0.00825342 1.65144e-05 -0.00769961 -0.000502058 0.00194576 -2.1405e-05 0.000463972 0.00472188 -0.000659142 0.000934408 -0.000315431 0.000336869 -0.000545895 0.00376171 
0.00164907 0.00077409 -0.00674059 0.000157257 -0.0187654 0.000104508 -0.00953867 0.000427668 0.0029771 -0.0168283 0.000215907 0.00526724 -0.000362798 0.0181889 -0.0154708 -0.00288731 -0.000412289 -0.0017147 -0.0240866 0.012497 0.0034634 0.0922304 0.00821697 -0.00589742 0.00452416 -0.000993763 -0.00153246 0.00942872 -6.30403e-05 -0.0313587 -0.00274586 -0.00363188 0.0230105 0.0063323 6.77668e-05 2.17433e-05 -0.000140768 0.00398889 0.000508328 -0.000640558 0.00245326 -0.00281627 0.00505661 -0.0243846 -0.000171238 0.000148881 -0.00626823 1.12033e-06 0.000101804 -0.0132474 -3.00384e-05 0.00030829 -0.000110735 0.00494187 0.00734679 -0.0160142 2.69132e-05 -0.0143316 -0.00480269 3.84718e-05 -0.00227149 -0.00353218 -0.000303531 0.0153255 -0.0023297 -0.0146301 -0.00118256 -0.000503023 -0.0043011 0.0122796 -0.000146449 -0.000897113 0.000780716 0.000348591 -5.79241e-05 0.00136312 0.00140661 -0.00014311 0.000998664 5.75062e-05 -0.00549891 -0.00811313 6.33812e-05 -0.00927313 0.0219464 -0.00285935 0.0063367 -0.000608259 -0.00253405 0.00759015 0.0167011 0.000606026 0.00123329 -0.0032967 -0.00687165 0.00160198 -0.00364651 0.00108543 -0.00856995 0.00335812 
0.00018202 -0.000811423 -0.0260301 -0.00330874 0.0978343 -0.00216698 -0.0539436 -0.0366245 -0.00123616 -0.0176502 -0.000578106 -0.0220258 -0.00151809 0.140372 0.0609575 -0.0170353 -0.0160107 -0.0135106 0.0190596 -0.105279 -0.00351338 0.00821697 0.249713 -0.0302547 -0.0511707 -0.132565 -0.00715405 -0.087786 -0.000252691 -0.0908729 0.0866011 -0.0165635 -0.0576627 -0.0115098 -0.000712273 -0.00117942 0.00137958 -0.0101148 0.000438048 -0.00421789 -0.00347203 -0.0226228 -0.0104596 0.140681 -0.00115439 -0.000798771 0.0593006 -0.00112383 -0.000150096 0.101082 -0.000109667 -0.000185647 -0.00060163 -0.0287015 -0.0764217 0.143303 4.95166e-05 -0.0511113 -0.0655981 0.00261565 0.0103468 -0.0626407 -0.00194727 0.0813411 -0.0155568 -0.0620681 -0.00666605 -0.00217828 -0.0161097 -0.0941557 -0.000910455 0.0032384 -0.0315952 -0.000354468 -0.000918306 -0.000609883 -0.00168918 -0.000713717 -0.000470902 -0.00302268 0.125006 -0.0432396 -0.000107116 -0.0302462 0.152407 -0.0335819 0.0697741 -0.00266723 0.0563556 0.00263507 -0.0159008 0.000338957 0.000375844 -0.0397939 -0.028605 0.00327547 -0.00888586 -0.00269049 -0.0233633 -0.000421015 
-0.000197999 -9.2585e-05 -0.00374895 -0.00024414 -0.0256109 -0.000283613 -0.00748282 -0.00618844 0.00234924 -0.00218107 -3.00422e-05 0.0194702 0.000468419 -0.0299585 0.0148085 0.0332791 -0.0314514 0.00845313 -0.0222701 -0.0183296 0.00585027 -0.00589742 -0.0302547 0.0653391 -0.00291923 0.0352143 0.012496 0.0149287 -1.39285e-05 0.0198328 -0.0488696 -0.00211944 -0.0198831 -0.000463147 0.000266046 0.00114168 0.000708316 -0.000835842 -0.000569729 0.000646751 0.00252113 -0.00382519 0.000460217 -0.0234596 0.000216197 0.00153738 -0.0428413 0.00115234 -3.56852e-05 -0.015915 -1.36232e-05 -2.60964e-05 -1.23051e-05 0.0183265 0.000435351 -0.020673 -6.17723e-06 0.0448524 0.0502197 -0.000422962 -0.00149201 0.053325 -3.2154e-05 -0.0115254 0.0270068 -0.0111244 0.0123259 0.00396935 -0.00307215 0.01766 0.000341709 0.00107838 -0.00478441 -5.63855e-06 -0.000130866 -0.00215179 0.00065674 -7.75972e-05 -0.000108701 -0.000308305 -0.033827 0.00190368 0.000218469 0.00658907 -0.014896 -0.00328482 -0.0509572 0.00355761 -0.033728 -0.00365885 0.000669862 -0.000240497 -0.000172346 0.0522414 -0.00359769 -0.000584541 -0.00200624 0.0022985 0.00906575 0.00101177 
0.000572673 0.000849177 0.0255738 -0.000344013 -0.00268995 0.00139986 0.00879613 -0.00307664 -0.000305609 0.0223325 5.25941e-05 -0.00662954 0.00108674 -0.0380321 -0.0223317 -0.00389438 -0.00683433 0.00326707 -0.0307286 0.0327919 0.000724102 0.00452416 -0.0511707 -0.00291923 0.104735 -0.0126279 -0.00113411 0.0281906 1.28693e-05 -0.00299622 -0.00113939 0.00069157 -0.00978972 -0.00236932 0.000615008 0.00027191 -6.91481e-05 0.0107653 0.000796028 -0.00112563 -6.44386e-05 0.0273966 -0.00593108 -0.0372925 3.44354e-05 -0.000148292 -0.0194144 0.000148728 -0.000109873 -0.0278434 -8.76546e-06 -4.48295e-05 0.000180887 0.0173216 -0.0115899 -0.026163 -2.55801e-06 -0.0113201 -0.00557723 -0.000792491 0.00199237 -0.0040101 -0.000329484 -0.02152 -0.00323926 0.0263575 -0.000428984 -0.000839967 0.019565 -0.00265549 0.00138159 -0.00124792 0.0323747 0.000384022 0.000224419 -0.00441136 0.00205242 0.000454374 -2.60274e-05 0.000651152 -0.0223814 0.0260738 -0.000132729 0.0291402 -0.0346652 0.0299377 -0.0264293 -0.000743507 -0.0328331 0.00221138 -0.00356124 0.000599286 0.000129486 0.000679249 0.0282403 -0.00030044 0.0035892 -0.000261036 0.00790399 -0.00054593 
-0.000542778 0.000687942 -0.0353464 -0.00225207 -0.130738 -0.00159908 0.0699739 0.0403754 0.00188815 -0.0170869 0.000577619 0.0335845 -0.00152064 -0.105315 -0.0304607 0.0200756 0.0172893 0.00424808 0.0154172 0.0785626 0.00566902 -0.000993763 -0.132565 0.0352143 -0.0126279 0.239364 0.00781336 0.0788657 0.000269671 0.0950527 -0.102237 -0.010922 0.0912463 0.0122762 -0.000495389 0.00115344 -0.00135015 -0.0123728 -0.00157775 0.0013579 0.0043474 -0.0244445 0.0223181 -0.107219 0.000909668 0.000674103 -0.0125565 0.00121473 0.000265709 -0.0525423 -0.000218732 0.000227865 -0.000429091 -0.0210636 0.0840151 -0.110419 -8.85691e-05 0.0668852 0.082155 -0.0031107 -0.0110665 0.0781227 -0.00163444 -0.0488442 0.017893 0.0185644 0.00824885 0.00295782 -0.0277892 0.113189 -0.000624282 -0.00227311 -0.0328846 2.20482e-05 0.000821999 0.00809689 -0.000536274 -0.000815994 0.000195677 -0.0012805 -0.13305 -0.0106994 0.000298158 -0.0281732 -0.0889914 -0.0303269 -0.0218467 0.00275333 -0.00200372 -0.0120708 0.0301808 -0.00184569 0.000590491 0.0596849 -0.0327383 -0.00207344 -0.0162126 0.00242823 -0.0210447 0.00289689 
-3.60185e-05 2.15607e-05 -0.00146156 0.0001312 -0.00647872 -2.89962e-05 -0.00199486 -0.000533726 0.000332722 -0.00149682 -1.99108e-05 0.00328263 -0.000186328 -0.00605688 0.00340511 0.0079914 -0.00674854 0.00265126 -0.00368069 -0.00781163 0.00257494 -0.00153246 -0.00715405 0.012496 -0.00113411 0.00781336 0.0177875 0.000836086 1.37352e-05 0.00347199 -0.0118553 0.000429024 -0.00693741 -0.00022329 -1.80107e-05 0.00134728 0.000497599 -0.000618278 -0.000135947 0.000107823 0.002111 -0.00106286 -0.000672265 -0.00367907 -9.91498e-06 6.27528e-05 -0.011315 0.00118866 -1.61117e-06 -0.00142987 -5.27773e-06 2.12948e-06 -6.2139e-07 0.00374299 -0.00249268 -0.00442158 -2.87293e-06 0.00908977 0.00989387 4.76574e-05 0.000871689 0.0103932 1.14358e-06 -0.00304808 0.00764804 -0.0027094 0.0032746 0.000414925 -0.00117937 0.00375019 -3.65726e-05 0.00103352 -0.00126166 7.54512e-06 -2.35402e-05 -0.000464304 -3.77734e-05 5.45636e-06 -1.92628e-05 -7.50143e-05 -0.00716895 0.000799836 2.16384e-05 0.00214615 -0.00629077 -0.000614269 -0.0106378 0.000468076 -0.00971754 -0.000799722 -0.000501175 -8.38368e-05 -4.78272e-05 0.0108587 -0.00146141 -0.00012569 -0.000199956 0.00159313 0.00309346 2.97494e-05 
-0.000194924 0.00241683 -0.0211355 0.000113351 -0.0761164 0.00020779 0.0471628 -0.0178514 0.00146817 0.0317704 0.000789705 0.0263384 0.000661446 -0.0661394 -0.046118 -6.21973e-05 0.000793205 0.0199179 -0.0620596 0.0669261 0.00728417 0.00942872 -0.087786 0.0149287 0.0281906 0.0788657 0.000836086 0.177552 0.000228709 0.0588641 -0.0892136 -0.00493064 0.045631 0.0103839 -2.48736e-05 0.00149512 -0.000830143 -0.00354318 -0.00111539 -0.00103232 0.00513402 -0.0146407 0.00438188 -0.0759588 0.000881968 0.000324998 0.0034116 0.00169095 -8.64497e-05 -0.0383674 -0.000131435 0.000208536 -0.000279264 -0.0211337 0.0406728 -0.0578528 -3.78099e-05 0.0141026 0.061066 -2.54886e-07 -0.000588675 0.0611932 -0.0002701 -0.0160324 0.000424155 0.0184259 0.00485021 0.00111515 -0.0157105 0.0699168 -0.000442514 -0.00251028 -0.0170874 0.000157963 0.000259958 -0.00581134 0.000695082 -0.000581926 0.000444371 -0.000713382 -0.0594371 -0.0035236 9.56766e-05 -0.013544 -0.0659703 -0.0153002 -0.0264632 0.00210764 -0.00682085 -0.0108868 0.0271997 -0.00102526 0.000717793 0.0354175 -0.0200868 -0.000196508 -0.00905839 0.00322043 -0.0151972 0.00352856 
-1.92676e-06 0.000102665 -6.42397e-05 -5.58156e-06 -0.000247521 4.04387e-06 0.000429411 0.000100587 7.13793e-06 -0.000297536 2.93154e-06 6.48627e-05 3.21801e-05 -0.00023984 -0.000108318 -6.25255e-06 8.4045e-05 9.65324e-05 -1.80602e-05 0.000208003 1.66932e-06 -6.30403e-05 -0.000252691 -1.39285e-05 1.28693e-05 0.000269671 1.37352e-05 0.000228709 0.000663519 0.000223982 -0.000412382 -3.67139e-05 0.000177375 5.87154e-05 4.19689e-07 3.17254e-07 -1.68488e-06 -1.7193e-05 6.32566e-07 1.88218e-05 6.69363e-06 -4.49946e-05 -3.4495e-05 -0.000150014 8.9172e-06 4.74829e-08 8.05219e-05 2.24863e-05 -1.57059e-07 -0.000127224 -5.87149e-08 -2.69719e-07 -7.59571e-07 -8.42283e-05 0.000179171 -0.000189923 -1.7762e-07 -8.61722e-05 0.000147766 8.60356e-07 -3.14609e-05 8.44806e-05 -2.09038e-06 -0.000103743 1.5878e-06 4.47431e-05 -7.75585e-06 -6.9425e-06 -4.6482e-05 0.000240755 2.4123e-06 -7.19286e-06 -7.12455e-05 -3.73764e-07 2.65129e-05 2.96993e-05 8.15832e-07 -1.94856e-06 -2.44277e-07 -5.17856e-06 -0.000302987 -7.90161e-05 -3.17733e-07 -7.75714e-05 -0.000277935 -7.53631e-05 -7.14244e-05 -2.6491e-06 -5.49958e-05 -3.08971e-05 0.00025323 -2.80236e-06 2.37542e-05 -4.71707e-05 -5.29648e-05 2.05057e-06 -2.74288e-05 -4.04465e-06 -5.906e-05 -2.66971e-06 
-0.00122751 0.000303354 -0.0455248 -0.00355954 -0.0805451 0.000651084 0.0527866 0.0180114 0.000343613 -0.00633123 0.0001922 0.0064387 0.00334043 -0.0923736 -0.0313582 0.010754 0.0580869 0.00848967 0.0459402 0.06504 9.87115e-05 -0.0313587 -0.0908729 0.0198328 -0.00299622 0.0950527 0.00347199 0.0588641 0.000223982 0.234324 -0.0517471 -0.0105238 0.0803986 0.00437075 -0.000592117 -0.000315352 -0.000337035 -0.00766745 0.000857076 0.00207051 -0.000325582 -0.0386099 0.00275378 -0.044486 0.000957703 -0.000380052 0.0268535 0.000238247 -4.44119e-05 -0.0428715 -0.00035731 -0.000249657 -0.000647552 -0.0136019 0.0829106 -0.0577546 -0.000101243 0.0451479 0.0429805 -0.00239543 -0.0140559 0.0383053 -0.00171705 -0.0924025 0.0099051 0.0403268 0.00400187 -0.000362763 -0.0406315 0.119096 -0.00131522 -0.00434149 -0.0485226 -0.000353413 0.000715444 -0.00254511 -0.00248827 -0.00182183 -0.000418996 -0.00449461 -0.0733519 -0.0377506 -2.28359e-05 -0.0512628 -0.0728244 -0.051133 0.0250375 -0.000160842 0.0408449 -0.018722 0.00338759 -0.00284708 -0.000455139 0.0240547 -0.0394568 -0.00340448 -0.0250439 0.00113438 -0.0260658 -0.00146627 
-0.000197495 -0.00266439 0.0183739 -0.00240441 0.0899341 4.14417e-05 -0.0366828 0.00425278 -0.00620835 0.00570228 -0.000849791 -0.0397693 -0.000337242 0.0756866 0.00216343 -0.0266566 0.0595765 -0.0211783 0.0689051 -0.0292154 -0.00733589 -0.00274586 0.0866011 -0.0488696 -0.00113939 -0.102237 -0.0118553 -0.0892136 -0.000412382 -0.0517471 0.193971 0.00685123 -0.0205828 -0.0138449 -0.000910555 -0.00125524 6.54711e-05 -0.00234897 0.00154138 -0.00703259 -0.00639651 0.0131453 -0.0106079 0.0621282 -0.00152151 -0.00125167 0.0296028 -0.00194572 -7.13713e-05 0.0283972 -2.43335e-05 -0.000276309 0.000146752 0.00581618 -0.0336004 0.0506428 3.53925e-06 -0.0616241 -0.109246 0.000576934 -0.00826387 -0.107293 -0.00234876 0.0146092 -0.0228567 0.0128345 -0.0110974 -0.00733846 0.0126801 -0.0634906 9.87279e-05 -0.00526738 0.0195317 -0.000377374 -0.000686076 0.00125656 -0.00087768 -0.0012047 -0.000144016 -0.00126726 0.0821496 -0.0058242 -0.000614447 0.00565567 0.042224 0.0139663 0.0545933 -0.00457074 0.0260886 0.0026119 -0.0293122 0.000778631 -0.00111482 -0.0790759 0.0143149 1.91112e-05 0.00502099 -0.00371986 0.00154246 -0.00309674 
-0.00015034 -0.000272861 0.0282955 0.00563023 0.00710431 3.96733e-05 -0.00785412 -0.00116064 -0.000632213 0.0181845 -3.32526e-05 -0.00300412 -0.000453258 -0.0115256 -0.0113593 -0.0017946 -0.00983843 -0.00226815 -0.012552 -0.0172622 -2.03663e-05 -0.00363188 -0.0165635 -0.00211944 0.00069157 -0.010922 0.000429024 -0.00493064 -3.67139e-05 -0.0105238 0.00685123 0.0525413 -0.0170293 -0.00100514 0.000550874 0.00102494 -0.000210236 0.0020236 -0.000358648 -6.71008e-05 0.000471342 0.0109103 0.00561455 -0.0151082 0.000151734 -2.03649e-05 -0.0311293 0.000156064 3.15138e-05 -0.00901438 7.1689e-06 0.000125089 -2.18152e-05 0.00696733 -0.0157755 -0.0143114 8.77292e-06 -0.00715299 -0.00855774 -0.000121015 0.00131804 -0.0081473 0.00337582 -0.0100813 -0.00167639 0.00652912 -0.00081844 -0.000335756 0.020047 -0.0231425 -4.30673e-05 -0.000338047 0.0286889 0.00031327 -0.000103927 -0.0011034 0.000196141 0.000773288 -4.15017e-05 0.00390953 0.00391559 0.0307417 6.64193e-05 0.0312196 -0.0177279 0.0332337 -0.026501 -0.000353402 -0.0287902 -0.00189772 -0.00234124 0.00011915 -0.000122846 -0.00749403 0.0265829 -0.000238429 0.0184158 0.000742328 0.0221582 -6.6221e-05 
0.000334711 0.00149665 -0.0577333 -0.0037433 -0.119895 -0.00256177 0.0533267 0.028772 -0.000266321 -0.0368515 0.00041425 -9.79552e-06 0.000795732 -0.0241299 -0.0741527 -0.00922214 0.0800863 0.00664154 0.0153906 0.120221 -0.00243203 0.0230105 -0.0576627 -0.0198831 -0.00978972 0.0912463 -0.00693741 0.045631 0.000177375 0.0803986 -0.0205828 -0.0170293 0.239767 0.0078111 -0.000700921 -0.00131154 -0.00278285 -0.0104996 -0.000121149 0.00134967 -0.0017289 -0.0397856 0.00561167 -0.0893443 0.000293415 -0.000566938 0.0490487 -0.000598197 0.000245398 -0.0494764 -0.000350914 -8.84711e-05 -0.000748224 -0.0256572 0.132427 -0.103417 -0.0001118 0.0155624 0.0114266 -0.00202449 -0.021252 0.00292297 -0.00236382 -0.0181654 -0.00699587 0.0361016 -0.00665663 -0.000426383 -0.041261 0.141421 -0.00192499 -0.00522487 -0.055283 -0.000429818 0.000710245 0.00586458 -0.00239753 -0.00160191 0.000519786 -0.00436711 -0.0465659 -0.0511981 -0.0002492 -0.0700564 -0.0396588 -0.0622179 0.07246 -0.00170207 0.0689427 0.00264818 0.0188366 -0.0025599 0.000780313 -0.0114359 -0.0510117 0.000509822 -0.024732 0.000303958 -0.04162 4.74778e-05 
-7.88503e-05 0.000139139 -0.00371935 -0.000168086 -0.013389 -0.000164431 0.00471651 -0.00363514 -6.38833e-05 -0.00735708 -5.95607e-05 0.00351623 0.000446442 -0.00581754 -0.00725616 -0.000618121 -0.00934736 0.00339126 -0.00837885 0.0134172 -0.000408079 0.0063323 -0.0115098 -0.000463147 -0.00236932 0.0122762 -0.00022329 0.0103839 5.87154e-05 0.00437075 -0.0138449 -0.00100514 0.0078111 0.0357956 -7.02185e-05 -9.02502e-05 -0.00019375 -0.00128465 -0.000259927 0.000516946 0.000943512 -0.00247939 -0.00141425 -0.0107512 0.000305709 -2.17426e-05 0.00357818 -8.2885e-05 5.63523e-05 -0.00864533 -2.05624e-05 5.14208e-05 -3.83441e-05 -0.00332301 0.014361 -0.0114149 -9.75235e-06 -0.000791007 0.012699 -0.000373001 -0.000467879 0.0124142 -0.000117991 -0.000974109 -0.000402742 -0.0042562 -0.000531399 0.001076 -0.00258738 0.0129026 -4.90503e-05 -0.000429894 -0.00357631 -1.77945e-05 -1.93566e-05 6.21823e-05 -0.000171204 -9.35706e-05 0.000129684 -0.000172284 -0.0067318 -0.000300923 0.000168056 -0.0049857 -0.007814 -0.00263813 -0.0026145 0.000704943 0.0017539 0.00444527 0.00621356 -0.000165 -4.2174e-05 0.00415627 -0.00364767 -0.00029186 -0.00149336 -6.83124e-05 -0.00328045 -0.000111763 
