0.029352 -0.00112122 -0.00883987 0.00369939 0.0117962 0.0203141 -0.00985763 0.000956494 -0.000723419 -0.0056182 -0.0138109 0.00123514 0.00117487 -0.0126943 -0.0134396 0.00486774 -0.00373503 -0.00394623 0.0199477 -0.000356047 -0.00257153 -1.64839e-06 -0.00178514 -0.0131705 0.000689434 -0.000212373 0.00218979 -0.0015396 -0.000349642 -0.00501447 -0.00117496 0.00108905 -0.0169649 0.000302621 0.00168985 -0.00686085 -0.00134263 -0.000256302 -0.0065582 -0.00205527 -0.00237305 -0.00218813 0.00109593 0.0121703 -0.000149432 0.01217 -0.00872482 0.000913317 0.0204045 -0.00202639 -0.00156004 0.000492532 0.00546301 -0.00370614 -0.000420648 -0.00876146 0.00211569 -0.000869721 0.0064107 -0.00200249 0.0032537 -0.000126893 -0.00937888 -0.000726016 -0.00315859 -0.000107743 0.00290203 0.00703358 0.00155212 0.00267266 7.78651e-06 0.0053532 0.000461972 -0.0145853 -0.0112707 0.00439619 -0.00107016 -3.101e-05 -0.000967307 0.00763572 -0.0139402 0.0027805 -0.00245764 -0.00872865 -0.000825848 0.000714795 0.0193116 0.0167871 -0.000376396 -0.000139586 0.000998003 -0.00334724 -0.000229591 0.00107844 -0.000529814 -0.00143169 0.00374373 1.92202e-05 -0.000968815 -6.20071e-05 
-0.00112122 0.0394455 -0.0204848 0.00635991 -0.00340033 -0.00484012 -0.00757359 0.014426 0.00950649 -0.00502968 -0.0160414 0.00808095 -0.00141185 -0.0189912 -0.0109715 -0.00064267 -0.00219051 -0.00548687 -0.0016278 -5.10986e-05 -0.0117021 0.00110545 0.00701277 -0.0172261 -0.00264922 -0.000288339 0.000240859 0.0118843 -0.00053057 -0.00413049 -0.000612813 -0.000227027 -0.00356721 0.0119988 0.0215916 -0.0157971 -0.00253905 -0.000496774 -0.00870068 -0.0050232 -0.002713 -0.0015906 0.000761516 0.00683368 -0.00036447 0.0167771 -0.0150036 -0.0007622 -0.00178581 -0.00326419 -0.00277181 0.000338658 0.000761865 0.000745836 0.00915052 -0.00665715 0.0119007 0.0152243 0.000262785 -0.000437856 -0.00263393 -0.000135364 -0.0188717 0.000288385 0.00162271 0.00354362 -0.00279282 -0.000107473 0.00119088 -0.00297613 0.0252002 -0.0192435 -0.000361176 -0.0192208 -0.0307279 0.00573904 -0.000885516 0.000164928 0.00862776 0.00866341 -0.0172875 -0.00102669 0.023876 -0.0118899 0.00329517 0.0196294 -0.0022997 -0.0019588 -0.000352951 -0.00015411 -0.0022422 -0.00478897 0.00576871 -4.59395e-05 0.000247899 0.0267249 0.00226468 -1.70161e-05 0.00925201 0.00821649 
-0.00883987 -0.0204848 0.229378 -0.00868506 -0.0395768 -0.0478311 -0.0370682 -0.0122436 -0.0262577 0.0771326 0.129774 -0.0107137 0.00273025 0.0690737 0.117984 0.00282422 -0.00291897 0.00911678 -0.0544735 -0.00434398 -0.053664 3.23913e-05 -0.0260304 0.0597803 -0.0286556 0.000571948 -0.00188533 -0.0806111 -0.00438813 0.0796864 0.00798004 -0.0149052 0.0617064 -0.0205271 -0.0324045 -0.0111063 -0.0289407 -0.00621743 0.0756028 -0.0339234 -0.0047639 -0.0491471 -0.0101471 -0.0631478 0.000410853 -0.10727 0.0576104 0.000892926 -0.033819 0.00592695 -0.00495493 -0.00118841 -0.0406831 -0.0557791 -0.00792956 0.000148808 -0.0199136 -0.0235865 -0.0302029 -0.0193468 -0.0657785 -0.00147773 0.0789548 -0.0155611 0.0221765 -0.00277931 -0.0211587 -0.00394351 -0.0109366 -0.00903841 -0.0274434 0.116805 0.00204446 0.124637 0.0739649 -0.00597711 -0.0250258 3.19416e-05 -0.0155822 -0.017022 0.133075 0.0067307 -0.0136899 0.0317856 -0.00381546 -0.0368388 -0.0475222 -0.00925122 -0.0236699 -0.00284851 -0.017577 -0.0364473 -0.00770174 -0.000507663 -0.00481166 -0.0295103 -0.0091267 0.000284698 -0.00819329 -0.017042 
0.00369939 0.00635991 -0.00868506 0.0202019 0.00731407 0.00276655 -0.00425013 -0.000462196 0.00988834 0.000533219 -0.00793784 0.00855623 -0.000799344 -0.008216 -0.0037976 -0.000504981 0.00306596 0.000242314 0.00851846 -0.000216322 -0.000372431 6.41905e-05 -0.0039952 -0.00916184 -0.000164382 -5.70493e-05 0.000538615 -0.00173106 -0.000252992 -0.00216384 -0.000565721 0.00141328 -0.012873 0.000494026 -0.000543596 -0.00638742 -0.00114805 0.000214761 -0.00468639 0.00186295 -0.00178817 0.00495511 0.000758245 0.011927 -0.000149935 -0.000760019 -0.00673243 -0.00180471 0.00545855 -0.00148384 -0.00152669 0.000478885 0.000206179 -0.00267792 0.00722736 -0.00598534 0.00225882 -0.000806874 -0.000940493 -0.00136611 0.00324221 -0.00010828 -0.00792373 -0.000476165 -0.00206474 0.00305227 7.62009e-05 0.0023507 0.00102511 -0.00114008 0.00266585 -0.00457529 -0.000121632 -0.00888558 -0.0107976 0.00586749 -0.000782838 -1.20523e-05 0.00660532 0.00901283 -0.00855901 0.000378114 -0.000161332 -0.00481285 -0.0010753 -0.00105264 0.00661353 0.00283593 0.0029484 0.00012631 -0.0009615 -0.000988526 -0.000185961 0.000683913 0.000434137 0.00230199 0.0014073 -7.95257e-06 -0.000762951 -0.000180955 
0.0117962 -0.00340033 -0.0395768 0.00731407 0.093756 0.0432777 -0.00763104 -0.00297045 0.0111764 -0.0163294 -0.0464712 0.000113034 -0.00167932 -0.0237999 -0.0391477 -0.00232784 0.00775915 -0.0149037 0.0652106 -0.000985391 0.0333043 8.71465e-05 -0.0168627 -0.0462059 0.0212672 -0.00016452 0.000698949 0.0324675 -0.00134507 -0.0205154 -0.00047049 0.00935547 -0.0633497 0.0067481 0.00971787 -0.0315294 -4.64841e-05 0.00170657 -0.0242632 0.0253935 0.000290704 0.0387624 0.0112149 0.050105 -0.000659536 0.0190858 -0.0308037 0.00503236 0.0472271 -0.00778624 -0.00700042 3.26205e-05 0.000532735 -0.0149034 0.00184879 -0.0314291 -0.00320849 -0.00104726 0.00297323 -0.000781102 0.0304588 -0.000636423 -0.0427116 -0.00197802 -0.011668 -0.000114999 -0.000675558 0.00635569 0.00574583 0.0012507 -0.00135548 -0.0177981 -0.000694008 -0.0435362 -0.0275118 0.00159031 -0.0028346 -9.43593e-05 0.0012132 -0.00267292 -0.0416161 -0.000746493 -0.00651515 0.00323094 -0.00462597 -0.00416142 0.056244 0.0147252 0.0254334 -7.0661e-05 -0.000223782 0.0107966 -0.000268415 0.00058901 -0.000322224 -0.00364178 0.0049482 -0.000182876 -0.0037507 0.00116508 
0.0203141 -0.00484012 -0.0478311 0.00276655 0.0432777 0.114765 -0.00472552 -0.00124331 0.00142873 -0.0113941 -0.0698331 0.00284793 0.000471559 -0.0537007 -0.0676299 -0.00194574 0.000657981 0.0135862 0.0614945 0.000601241 0.0154826 -0.000219199 0.0292989 -0.0508513 0.0246028 0.00102321 0.00227605 0.0149965 -0.00120041 -0.0249812 -0.00437646 0.0124572 -0.052474 0.00644114 0.0105998 -0.0261846 -0.00597679 0.000484768 -0.0282458 0.00536811 -0.011933 0.00948548 0.00581326 0.0342069 0.000288041 0.0599366 -0.00183816 0.0190001 0.050214 -0.00748107 -0.0115789 0.00106497 0.00485489 0.00764627 0.00429797 -0.0150378 -0.001702 0.00131213 0.0152779 -0.00052508 0.0418848 -0.000688673 -0.0197954 0.000888269 -0.0176066 -0.000395413 0.00434282 0.00581565 0.00417624 0.00576199 -0.00268434 -0.032299 0.00236498 -0.0394282 -0.0261752 0.0063715 -0.00214913 -0.000102309 0.00331456 -0.00756744 -0.0637246 0.0029988 -0.00925245 -0.0297724 -0.0028567 -0.0010168 0.0559856 0.0288873 0.0101304 0.000215174 0.00460541 -0.00738604 0.0013723 0.000750489 -0.00135363 -0.00616736 0.00351725 -0.0002978 -0.00357576 1.93102e-05 
-0.00985763 -0.00757359 -0.0370682 -0.00425013 -0.00763104 -0.00472552 0.226946 -0.00835342 0.0105259 -0.00197369 -0.0545535 -0.00233458 -0.00554766 0.0228203 -0.0862399 -0.0151005 0.0111059 -0.0024669 -0.0147726 0.00110275 -0.0201056 -0.00151511 0.0405797 0.0816996 0.000381446 -0.000765324 -0.000674352 0.0125625 -0.00264352 -0.0431742 0.00740143 -0.000993743 0.00816128 -0.0065996 -0.017021 0.0467081 0.0216787 0.0010236 -0.0324799 -0.00255707 0.000505843 0.00909666 0.00167686 0.00160908 0.00172908 0.0592318 0.0394247 -0.0184929 -0.00881055 -0.0102905 -0.0278779 -6.62508e-05 0.0230506 0.0780229 -0.00529189 0.077601 -0.0138546 -0.0119342 -0.00329734 -0.00521061 0.0030546 -0.00220534 -0.0565182 0.014581 -0.0415177 -0.000927233 -0.0199564 -0.00122096 -0.00301036 -0.0262204 -0.0110978 -0.105693 -0.00168904 0.0252457 0.00986843 -0.00597705 0.0156702 -3.28796e-05 0.00337926 -0.000356015 -0.0843918 -0.000934838 -0.014667 0.0233719 0.00616184 -0.00429911 -0.0061779 -0.0106078 0.00686939 -0.00159238 0.00283641 0.0279146 -0.00367386 -0.000745736 0.000228933 -0.00984841 -0.00276588 -0.000336278 -0.00316527 -0.0080933 
0.000956494 0.014426 -0.0122436 -0.000462196 -0.00297045 -0.00124331 -0.00835342 0.0297334 -6.37202e-05 -0.00844811 -0.00789225 0.000664393 -0.000977067 -0.00603509 -0.0104577 0.00065549 -0.00366139 -0.00512292 0.000154887 -5.16464e-05 -0.00701553 -2.26779e-05 0.0072939 -0.00995793 -0.00118852 -0.000224696 0.000190969 0.0116115 -0.000341193 -0.00540832 0.000248131 0.000460878 0.00146894 0.0145239 0.015465 -0.00772103 -0.00134328 -4.05173e-05 -0.00659874 -0.00293682 -0.000515948 -0.000873664 -0.000535599 0.000459728 -0.000191634 0.0125984 -0.00988556 0.00468036 -0.000907125 -0.00234854 -0.000809136 -9.47041e-06 -0.00102886 -0.00303853 -0.0006419 -0.00218763 4.38715e-05 0.0148492 -0.000360247 -0.00131034 -0.00190562 -0.000191668 -0.0116764 -0.000557788 -0.00153118 2.56492e-05 -0.00145719 -0.000264946 0.000162186 -0.000980168 0.0156909 -0.0113756 3.30544e-05 -0.0121831 -0.0195047 9.50117e-05 -0.00133915 5.29021e-05 -0.000273505 -0.00193482 -0.00992557 -0.00116244 0.0111827 -0.00406763 0.0070493 0.0159119 -0.0014297 0.000452548 0.000844227 6.62084e-05 -0.000686182 -0.00333081 0.00619187 -5.36187e-05 -0.000488523 0.0172203 -0.000178728 2.17072e-06 0.0130592 0.0033997 
-0.000723419 0.00950649 -0.0262577 0.00988834 0.0111764 0.00142873 0.0105259 -6.37202e-05 0.0420105 0.00200125 -0.0178981 0.00890655 -0.000672049 -0.0100674 -0.013551 -0.00145589 0.00950531 -0.00209737 0.0155596 -0.000509501 0.00855565 7.07978e-05 -0.0105094 -0.014779 0.00191073 -0.000201286 0.000755429 0.00874409 -0.000190558 -0.0100563 -0.000519913 0.00756403 -0.0323834 0.00313291 -0.0012111 -0.013189 -0.00172784 0.00326513 -0.0103618 0.00575112 0.000958268 0.0264264 0.00983685 0.0320771 -0.000343913 -0.00132156 -0.0156164 -0.00249322 0.00401628 -0.00179619 -0.00157836 0.00101509 0.00184569 -0.00532903 0.0119214 -0.0101252 0.00184948 -0.000912075 -0.00133034 -0.00204521 0.0093674 -0.000165976 -0.0238782 0.000345519 -0.000477218 0.00373311 -0.00341451 0.000277313 0.00477836 0.00124768 0.00405435 -0.0218577 -0.000239276 -0.0183043 -0.030969 0.00581173 -0.000169047 -2.7983e-05 0.0129526 0.00779055 -0.020974 -0.00155206 0.00157695 0.000949113 0.000839677 0.000825668 0.0144602 -0.000381893 0.0117017 0.000544723 -0.00126704 -0.00313281 9.65971e-05 7.25372e-05 0.00137806 0.00639069 0.000826121 1.24781e-06 -0.00120136 -0.000897902 
-0.0056182 -0.00502968 0.0771326 0.000533219 -0.0163294 -0.0113941 -0.00197369 -0.00844811 0.00200125 0.246191 0.0506316 -0.00103273 0.00455703 0.00544578 0.0546731 -0.0160842 -0.000219498 0.0374609 -0.0132414 -0.00324268 -0.062912 -0.0010427 -0.0280906 -0.0158223 -0.0368421 -0.000259084 3.42902e-05 -0.0433959 -0.00331276 0.0786343 0.0147292 -0.00493069 -0.0129019 -0.0137057 -0.0191115 -0.119983 -0.025937 -0.00104032 0.0412786 -0.0458366 0.001897 -0.0167459 0.0128721 0.0183601 -0.000192838 -0.052524 0.0768712 0.0328434 -0.0160593 -0.0110319 -0.00265583 -0.000262459 -0.00842427 -0.0448394 0.01602 -0.035005 -0.013158 -0.0105588 -0.0113001 0.0029396 -0.0502869 -0.00184106 -0.00550179 -0.0113898 0.0100746 0.00132746 -0.0172899 -0.00555383 0.00775518 0.00588227 -0.00989668 0.0510906 0.00150548 0.0765806 0.0149405 0.00854987 -0.0110798 1.08738e-05 0.0156464 -0.0234434 0.0705075 -0.00376198 -0.015996 -0.0219586 0.00417436 -0.00706729 -0.0149558 -0.000354048 -0.0160983 0.000977105 -0.00322441 -0.0388888 -0.00492418 -0.000363528 -0.00388182 -0.0111244 -0.00442844 -0.000425118 -0.0118874 -0.00801027 
-0.0138109 -0.0160414 0.129774 -0.00793784 -0.0464712 -0.0698331 -0.0545535 -0.00789225 -0.0178981 0.0506316 0.245681 -0.00675349 -0.0141596 0.0719407 0.179572 0.00966551 -0.0246864 -0.00646961 -0.0641603 -0.00610459 0.0132061 7.47753e-05 -0.0724941 0.0303432 -0.0102069 -0.00324599 -0.00205281 -0.071098 0.00371957 0.0821852 0.000359969 -0.0108008 0.0777527 -0.0170563 -0.0284965 0.00212166 -0.0253846 -0.00179014 0.0596062 -0.00355636 -0.00761389 -0.0367193 -0.0216308 -0.0468507 -0.00142705 -0.125517 0.00259089 -0.0274588 -0.0408777 -0.025704 0.0391428 -0.00127717 -0.0449576 -0.0776715 -0.0086001 -0.0448258 -0.011264 -0.0222132 -0.0307203 0.00339613 -0.0350909 -0.00344449 0.08691 -0.0117528 0.0660571 -0.00241685 0.00389341 -0.00671969 -0.0104765 -0.0256681 -0.0227323 0.157012 -0.00152563 0.0660635 0.0769391 -0.00822284 -0.0246465 -0.000185866 -0.0215602 -0.0225161 0.17796 -0.00835619 -0.00625451 0.0345683 -0.0117434 -0.0360073 -0.053359 -0.0270277 -0.0222351 -0.00054531 -0.0276217 -0.0422407 -0.0069757 -0.000868926 -0.00324852 -0.0224138 -0.0099826 0.000740154 -0.00252773 -0.015256 
0.00123514 0.00808095 -0.0107137 0.00855623 0.000113034 0.00284793 -0.00233458 0.000664393 0.00890655 -0.00103273 -0.00675349 0.0172052 -0.00067392 -0.00797554 -0.00226793 -5.628e-05 0.00269608 0.0043161 0.00571188 -0.000189577 0.000660276 0.000100825 0.000259427 -0.00867771 -0.000436397 -0.000135395 0.000198376 -0.00190015 -2.03315e-05 -0.00312467 -0.000576371 0.00357997 -0.00979072 0.000445886 0.00253047 -0.0064851 -0.001069 0.00164148 -0.00413587 0.000552687 -0.00140002 0.00247388 -0.000209821 0.00709417 -8.14313e-05 0.0037632 -0.00663827 -0.00145118 0.00228393 -0.00137619 -0.00105056 0.00115296 -0.00152462 -0.0014339 0.00605483 -0.00504913 0.00538034 -0.000266932 0.00112761 -0.000992376 0.00563238 -5.42858e-05 -0.00739824 -0.000142983 -0.00221192 0.00248144 0.000480873 -0.000101837 0.000213438 0.00055346 0.00493164 -0.007321 0.000180984 -0.00870472 -0.0128844 0.00420429 -0.000798548 7.80449e-06 0.00526152 0.00559578 -0.0089574 -0.000497426 0.00224328 -0.00484692 -0.000650917 0.00124826 0.00365943 0.00167824 0.00156998 -4.08228e-05 -0.0005369 -0.00165373 8.6427e-07 0.000165005 0.000359254 0.0041072 0.00123041 5.02083e-05 -0.000501815 0.00163825 
0.00117487 -0.00141185 0.00273025 -0.000799344 -0.00167932 0.000471559 -0.00554766 -0.000977067 -0.000672049 0.00455703 -0.0141596 -0.00067392 0.0400089 0.0133428 -0.0211447 0.000506663 0.00996837 -0.00464179 0.00581555 -0.000364141 -0.0129955 -0.000183916 -0.00789919 0.00120791 -0.00317977 -0.000248568 0.000402788 0.00269222 -0.000172731 -0.00481721 0.0014683 -0.000395669 -0.0257341 -0.00123514 -0.000521513 -0.000203511 -0.00148982 -0.0007213 -0.00960081 -0.0041702 0.0189352 0.00931437 0.0061078 -0.00179365 0.00142877 -0.0048287 -0.0104317 0.0104799 5.4531e-05 0.024706 -0.00420609 0.000215049 0.0128139 -0.00614764 -0.00035001 0.0146708 -0.00200347 0.00128939 0.000819173 -0.00268263 -0.00448494 0.000850303 -0.0229686 -0.000947366 -0.00897893 -0.000136968 -0.00173174 -0.000140494 -0.000612441 0.0222637 -0.000862579 -0.0159165 -0.000112449 0.00524866 -0.0276352 0.00218347 0.00532519 0.000328332 0.00520743 0.00365813 -0.0216822 0.00267035 -0.00337612 0.0125728 0.0092562 -0.000804047 0.00170206 0.00300258 -0.00112478 0.000815488 0.00570429 -0.00197783 -0.000310337 0.000346913 0.00802763 -0.00188337 0.000663775 0.000264226 -0.00151477 1.23334e-05 
-0.0126943 -0.0189912 0.0690737 -0.008216 -0.0237999 -0.0537007 0.0228203 -0.00603509 -0.0100674 0.00544578 0.0719407 -0.00797554 0.0133428 0.249202 0.0357377 -0.00305725 0.0168862 -0.0474592 -0.0429714 -0.00398192 -0.0372156 -0.00201608 -0.0676281 0.105254 -0.0209933 -0.00272515 -0.00119868 -0.0138851 -0.000611178 -0.000426908 0.00815624 -0.0104251 0.0289653 -0.0139951 -0.0259621 0.0477985 0.00991441 -0.00312574 -0.0346958 -0.00923655 0.0352223 -0.00779375 0.00494262 -0.0441662 0.00187051 -0.0582937 -0.0307219 -0.00186545 -0.031925 0.0164624 -0.0140378 -0.000923119 0.0125521 -0.0246302 -0.0117379 0.0354039 -0.00403842 -0.01725 -0.0134213 -0.0205048 -0.0516643 -0.000364034 -0.0334694 -0.0012983 -0.0319749 -0.00181521 -0.0142351 -0.00203486 -0.00320243 0.00827124 -0.0202276 0.0399102 -0.0015389 0.0420105 0.0298798 -0.00564662 0.00609986 0.000231552 -0.0130151 -0.000817838 0.0467833 -0.0104546 -0.0140697 0.110104 0.0116519 -0.0217492 -0.03446 -0.0165216 -0.0158098 -0.00222088 -0.000254032 0.0103527 -0.00543757 -0.000255826 0.00584424 -0.0197395 -0.00665907 0.000758418 0.00269106 -0.0122444 
-0.0134396 -0.0109715 0.117984 -0.0037976 -0.0391477 -0.0676299 -0.0862399 -0.0104577 -0.013551 0.0546731 0.179572 -0.00226793 -0.0211447 0.0357377 0.24688 0.0106335 -0.0151841 0.0182245 -0.0561764 -0.00576474 0.030684 0.00132846 -0.0865507 -0.00232943 -0.00857796 -0.00156854 -0.00206114 -0.0685444 0.00364132 0.0937583 0.000579439 -0.00867739 0.0705367 -0.0181581 -0.0271666 -0.0281077 -0.0248952 0.00242425 0.0815798 0.00838116 -0.00382709 -0.0290094 -0.0204976 -0.0324713 -0.00112463 -0.138192 -0.009646 -0.0298045 -0.038582 -0.0229156 0.0432249 -0.00119346 -0.0515561 -0.0853127 -0.00303454 -0.0826494 -0.00125335 -0.0208847 -0.0266896 0.00664988 -0.0312849 -0.00130854 0.0824939 -0.0135292 0.0750817 -0.00144071 0.0079059 -0.00740943 -0.0102574 -0.0248671 -0.0203128 0.177788 -0.00133528 0.0453857 0.0812273 -0.00670472 -0.0290662 -0.000302002 -0.020592 -0.0253561 0.20649 -0.00961972 0.00282043 0.0163204 -0.0231684 -0.0328112 -0.0525368 -0.0276622 -0.0192007 -0.00119439 -0.0235898 -0.03095 -0.00681024 -0.000873441 -0.0088042 -0.0175402 -0.00994088 0.000647227 -0.00940899 -0.0137218 
0.00486774 -0.00064267 0.00282422 -0.000504981 -0.00232784 -0.00194574 -0.0151005 0.00065549 -0.00145589 -0.0160842 0.00966551 -5.628e-05 0.000506663 -0.00305725 0.0106335 0.0441566 0.00815073 -0.00611343 -0.000529874 -5.1054e-05 0.0165252 -7.31738e-05 -0.00463809 -0.0131941 3.50276e-06 -0.000355109 0.00119697 -0.00583489 -0.00012721 -0.00692556 -0.00164786 -0.000716345 -0.000927192 -0.00112373 -0.00174273 0.00529998 -0.000672601 -0.00052193 -0.00699687 0.00603303 0.000729955 -0.00076662 -0.000289116 0.000881879 -0.000340478 -0.00919502 -0.0151831 -0.000689027 -0.000759526 -0.00180972 0.0175926 -9.69264e-05 -0.00343437 -0.00679837 -0.000286174 -0.0106983 0.00261302 -0.000394127 -0.000707578 0.000643912 -0.00140283 -0.00026358 0.0107846 -0.00121713 0.0175622 -0.00016489 0.00231591 0.000777134 -0.000762915 -0.00209162 -0.00172568 0.00736763 0.00016842 -0.0215872 0.00300598 0.000973424 -0.00210954 -2.33455e-05 -0.0018383 0.00416765 0.00643325 -0.000892967 -0.000744365 -0.0012654 0.000311534 -0.00166413 -0.00198834 0.00231879 -0.000641082 -0.000193465 0.00177914 -0.00415488 -0.000579307 3.3125e-05 -0.000427152 -0.00043536 0.000431481 -1.25519e-05 -0.000438352 2.91752e-05 
-0.00373503 -0.00219051 -0.00291897 0.00306596 0.00775915 0.000657981 0.0111059 -0.00366139 0.00950531 -0.000219498 -0.0246864 0.00269608 0.00996837 0.0168862 -0.0151841 0.00815073 0.133655 -0.000856151 0.00928738 0.000494703 0.00389831 -0.000485656 -0.00236579 -0.01421 -0.00828517 -0.000185208 0.0014287 0.0108128 -0.00138374 -0.00977221 0.00277337 -0.00155033 -0.0281958 -0.00121578 -0.00639967 -0.00569826 -0.00459747 0.000194558 -0.0263569 0.0114737 0.00601241 0.0175546 0.0140066 0.00836118 0.00330236 -0.0202933 -0.0137397 0.0162321 -0.00586154 0.0108433 0.00638683 0.000353193 -0.00994386 -0.00873598 0.00701033 0.00382537 -0.00673757 0.00148031 -0.00538629 -0.00931676 -0.0116864 -0.000463024 -0.0324445 -0.00370432 -0.0175313 0.000685031 -0.00958545 -0.00199307 -0.00146765 0.00365463 -0.00290295 -0.0303856 0.000865224 -0.000731668 -0.0118784 0.00289949 -0.00480994 0.000276828 0.0114433 -0.0140238 -0.0258054 0.0135474 -0.0109752 0.030695 0.00514719 -0.00902288 -0.00829405 0.0057155 0.00521053 0.00112747 0.0108248 0.0202614 -0.00166848 -0.000133971 1.37735e-06 -0.00246462 -0.00101346 -8.40569e-05 -0.00396906 -0.000329646 
-0.00394623 -0.00548687 0.00911678 0.000242314 -0.0149037 0.0135862 -0.0024669 -0.00512292 -0.00209737 0.0374609 -0.00646961 0.0043161 -0.00464179 -0.0474592 0.0182245 -0.00611343 -0.000856151 0.144943 -0.00795891 0.00482167 -0.018462 0.000852951 0.00965312 -0.00614804 -0.00595403 -0.000282047 -0.00073697 -0.0249595 -0.00112325 0.0197899 -0.00303803 0.00167158 0.0157007 -0.00557142 -0.00802914 -0.0416206 -0.00910093 0.00280483 0.0556363 -0.0110152 -0.0152721 -0.0156986 -0.00529308 -0.0172349 -0.000570628 -0.00694872 0.0267677 -0.00114952 -0.00970165 0.00801589 -0.011649 0.000855771 -0.013716 0.00040411 -0.000580141 -0.000705143 -0.0105466 -0.00448432 0.00117752 0.00624982 0.00755607 0.00366125 0.0314608 -0.0035217 -0.00336407 -0.000503664 0.0113297 -0.00244773 -0.00229616 0.0134294 -0.00504865 0.0144779 0.0042241 0.0308782 0.0189405 -0.00154688 -0.00572441 -0.000158096 0.000523617 -0.0265882 0.0223572 0.00078711 -0.00979221 -0.0470235 -0.00872443 -0.00857814 -0.00932642 -0.00166044 -0.00554595 -0.000878339 -0.00393485 -0.0129811 -0.000310915 -0.000398508 -0.00305708 -0.00739624 -0.00296352 -0.000422602 -0.00701765 -0.00359149 
0.0199477 -0.0016278 -0.0544735 0.00851846 0.0652106 0.0614945 -0.0147726 0.000154887 0.0155596 -0.0132414 -0.0641603 0.00571188 0.00581555 -0.0429714 -0.0561764 -0.000529874 0.00928738 -0.00795891 0.110114 -0.00109349 0.0264109 5.95473e-05 -0.0169808 -0.064416 0.0260655 -0.000791769 0.00408018 0.0280221 -0.00112782 -0.0264589 -0.00307593 0.0171021 -0.0879766 0.0115634 0.012239 -0.0400092 -0.00469849 0.00285395 -0.028811 0.0224681 0.000911552 0.0415216 0.0163737 0.0650738 -0.000819213 0.0285268 -0.038461 0.0152585 0.060217 -0.00328019 -0.00730994 0.00175908 0.00996626 -0.019203 0.00330195 -0.0347246 -0.00630469 0.00366989 0.00673461 -0.000244081 0.0416439 -0.000654067 -0.056173 -0.00223601 -0.0128002 0.000495044 -0.0017776 0.00697323 0.010331 0.0159628 0.00150301 -0.0284948 -4.34663e-05 -0.0554256 -0.0522618 0.0086784 -0.00130727 1.51627e-06 0.00362355 -0.000825072 -0.060449 0.00237363 -0.00878109 -0.0115144 -0.000521355 0.00438239 0.0741783 0.0238334 0.0290689 0.000795345 0.00244652 -0.000795324 -0.0001683 0.00119147 0.000220957 -0.00376756 0.00675409 -0.000204715 -0.00357662 0.00302465 
-0.000356047 -5.10986e-05 -0.00434398 -0.000216322 -0.000985391 0.000601241 0.00110275 -5.16464e-05 -0.000509501 -0.00324268 -0.00610459 -0.000189577 -0.000364141 -0.00398192 -0.00576474 -5.1054e-05 0.000494703 0.00482167 -0.00109349 0.0125489 -0.0027748 -1.80464e-05 0.00417949 -0.000711615 -0.000937994 -3.74978e-06 -5.04958e-05 0.00372047 -0.000147437 -0.00218929 -0.000256693 -0.00021523 0.0013417 0.000184052 0.00209103 -0.00182139 0.00134703 -0.000228136 -3.34735e-05 -0.00150913 -0.000929347 -0.00148885 -0.000522824 -0.00175741 -8.94108e-05 0.00489378 -0.00114111 0.00140462 -0.000454446 -0.000582369 -0.00119387 -2.61625e-05 -0.000952168 0.00490636 -0.00030771 0.00203805 0.000484702 0.00322863 0.00408307 0.00179105 -0.000346739 0.000118661 -0.000607999 -0.000305018 -0.00179927 -4.6421e-05 -0.000759466 -0.000164538 9.05728e-05 0.00042739 0.0020067 -0.00623649 0.00105297 -0.00249161 -0.00183435 -0.000142964 -0.000116951 -6.79992e-06 0.000813278 -0.00190934 -0.00580915 2.01596e-05 0.00134025 -0.00332017 0.000566774 0.00237817 -0.00115963 0.0017616 -0.000139582 -6.60134e-05 0.0023484 0.00188196 -2.4734e-05 -2.55174e-05 -0.000220756 0.00221391 0.000255877 -2.71394e-05 -1.78546e-05 0.00268784 
-0.00257153 -0.0117021 -0.053664 -0.000372431 0.0333043 0.0154826 -0.0201056 -0.00701553 0.00855565 -0.062912 0.0132061 0.000660276 -0.0129955 -0.0372156 0.030684 0.0165252 0.00389831 -0.018462 0.0264109 -0.0027748 0.23477 0.000393036 -0.0262505 -0.0952493 0.040692 -0.00111946 -0.00186821 0.0242687 0.00400057 -0.011125 -0.00700889 0.0116884 -0.0201151 -0.00120654 -0.0087415 0.00546103 0.00279258 0.00730573 -0.04976 0.0733137 -0.0116668 0.0480419 -0.00756698 0.0460102 -0.00062951 -0.0240444 -0.0625824 -0.0213845 0.0145184 -0.0215463 0.0503218 4.79029e-05 -0.0303859 -0.0162152 -0.0057842 -0.0751963 0.00570484 -0.00645643 0.00106099 0.0190752 0.0674086 -0.00153912 0.00958683 -0.00294978 0.0668488 -0.00121204 0.0289804 -0.00449792 -0.00512074 -0.0181388 -0.0137 0.0221588 -0.00178316 -0.0906106 0.021652 -0.00664998 -0.0203923 -0.0002962 -0.0143965 -0.0508823 0.0228995 -0.0141045 0.001426 0.0251862 -0.0151664 -0.0203239 0.017573 -0.00865655 0.0216728 0.000517523 -0.00155617 0.0230899 -0.000498963 -0.000525545 -0.00432773 -0.00928466 -0.00530523 -0.000390469 -0.0126058 -0.00658527 
-1.64839e-06 0.00110545 3.23913e-05 6.41905e-05 8.71465e-05 -0.000219199 -0.00151511 -2.26779e-05 7.07978e-05 -0.0010427 7.47753e-05 0.000100825 -0.000183916 -0.00201608 0.00132846 -7.31738e-05 -0.000485656 0.000852951 5.95473e-05 -1.80464e-05 0.000393036 0.00499607 -0.00106108 -0.00189098 0.000465435 -2.86687e-05 -1.93471e-05 -0.000443843 -3.28305e-05 0.00135396 -0.000191931 0.000172877 -1.52279e-05 -0.000127416 0.000513804 -0.00175957 -0.000295314 -3.48224e-05 8.38441e-05 -6.11242e-05 -0.000303214 0.000161979 -0.000146813 0.000556649 -1.80144e-05 -0.000617708 -0.00175045 -0.000449032 0.000138239 4.7082e-05 0.000494606 -9.84409e-07 -0.000428769 -0.000692049 0.000241645 -0.00129297 0.000964722 -0.000182326 -0.00014407 0.000611315 0.000630698 0.000107264 0.000161934 -9.58114e-05 0.00258995 2.6917e-05 0.00100986 -4.80972e-05 -7.27081e-05 -0.000124777 2.34268e-05 0.000815413 0.000152053 -0.00180829 -0.00140849 -8.08645e-05 -0.000273689 -1.34886e-06 -6.87306e-06 0.000309547 0.00109705 -3.62224e-05 0.00152417 -0.00129673 -0.000242308 -0.000251206 0.000106213 -6.75481e-05 0.00025831 -1.66314e-05 -0.000238214 -0.000556979 -5.64008e-05 1.49749e-05 -6.30363e-05 0.000523647 0.000160299 4.66806e-06 -0.000139695 -3.54941e-05 
-0.00178514 0.00701277 -0.0260304 -0.0039952 -0.0168627 0.0292989 0.0405797 0.0072939 -0.0105094 -0.0280906 -0.0724941 0.000259427 -0.00789919 -0.0676281 -0.0865507 -0.00463809 -0.00236579 0.00965312 -0.0169808 0.00417949 -0.0262505 -0.00106108 0.199193 -0.000898746 -0.00327794 0.00304824 -0.00235469 -0.00288129 -0.000852034 -0.0344496 -0.00846546 -0.00520023 0.0349821 0.00515659 0.0170044 0.0301453 -0.000511694 -0.00504508 -0.00820009 -0.0219784 -0.0244075 -0.0260479 -0.00932434 -0.0450277 -0.000666683 0.0923788 0.079655 0.0088005 -0.00791259 -0.0103894 -0.00944334 -0.000207044 -0.00212543 0.082096 -0.00153628 0.0518164 0.00547577 0.011056 0.0104841 -0.0149485 0.00948289 -0.00160106 0.0462619 0.00891918 -0.0356533 -0.0011021 -0.000940849 -0.00162236 -0.00466349 -0.0186859 0.0146417 -0.0899685 0.000987403 0.0302867 0.00157137 -0.00477817 0.00801913 -0.000157475 0.00254547 0.00299528 -0.0825551 0.00830619 0.00851226 -0.0480609 -0.00242609 0.017107 -0.0092953 0.0058061 -0.00783523 -0.00173774 0.00125285 0.0044122 0.00660481 -0.000336763 -0.00253895 0.0126116 0.00330097 -0.00066735 0.00193372 0.00879193 
-0.0131705 -0.0172261 0.0597803 -0.00916184 -0.0462059 -0.0508513 0.0816996 -0.00995793 -0.014779 -0.0158223 0.0303432 -0.00867771 0.00120791 0.105254 -0.00232943 -0.0131941 -0.01421 -0.00614804 -0.064416 -0.000711615 -0.0952493 -0.00189098 -0.000898746 0.248793 -0.0306776 0.00205928 -0.00215932 -0.0335739 -0.00230884 -0.036365 0.00557757 -0.012265 0.0674809 -0.0153125 -0.0269889 0.0912713 0.0159258 -0.00507111 0.0270477 -0.0432911 0.0131379 -0.0407422 -0.0143939 -0.0785935 -0.00139425 -0.00308067 0.0585996 -0.0292407 -0.035995 0.0217905 -0.0455148 -0.00111228 0.0144923 0.0377382 -0.0172906 0.110565 -0.00848714 -0.0211235 -0.00766059 -0.0230388 -0.0499906 0.00245315 0.0118056 0.00697059 -0.0775413 -0.0020675 -0.0162051 -0.00152447 -0.00742175 -0.00332624 -0.0192534 0.00208173 -0.00305227 0.10611 0.0504427 -0.0118232 0.0144897 6.33102e-05 -0.00972287 0.0202584 0.0141362 0.00503625 -0.0167665 0.0525855 0.00197654 -0.0151543 -0.0443716 -0.0207823 -0.0199624 -0.00300477 -0.00948461 0.0103397 -0.00519218 -0.000574161 0.00483396 -0.0216574 -0.00679664 0.000679992 0.00204145 -0.012812 
0.000689434 -0.00264922 -0.0286556 -0.000164382 0.0212672 0.0246028 0.000381446 -0.00118852 0.00191073 -0.0368421 -0.0102069 -0.000436397 -0.00317977 -0.0209933 -0.00857796 3.50276e-06 -0.00828517 -0.00595403 0.0260655 -0.000937994 0.040692 0.000465435 -0.00327794 -0.0306776 0.0785889 -0.000469563 0.00049522 0.00978848 -0.000466853 -0.0142724 -0.00273484 0.00439118 -0.0175407 0.00594057 0.0058014 0.00791609 -0.00241004 0.00311132 -0.00808294 0.0400464 -0.00282912 0.0124054 -0.0036768 0.0102509 -0.000793215 0.00764233 -0.0285336 -0.00677518 0.0200217 -0.00628743 0.00041461 -5.51265e-05 -0.00380137 -0.00666689 -0.00244996 -0.0180781 -0.00440313 -0.00279723 -0.000954408 0.00697484 0.0393229 -0.000487003 -0.000726319 0.00259068 0.0148231 -0.000332824 0.00722884 -0.000567421 -0.00142332 -0.00717704 -0.00260401 -0.00715709 -0.000770941 -0.0332841 -0.00597535 -0.00192054 -0.00394443 -5.66987e-05 -0.00374149 -0.00922612 -0.0127929 -0.00221714 -0.00548961 -0.0125502 -0.00422224 -0.00513379 0.0218456 -0.00290914 0.0130147 -0.000597633 -0.00455154 0.00290938 -0.000358733 -1.83181e-06 0.000952684 -0.003702 -0.000678148 9.98064e-05 -0.000224545 -0.00172493 
-0.000212373 -0.000288339 0.000571948 -5.70493e-05 -0.00016452 0.00102321 -0.000765324 -0.000224696 -0.000201286 -0.000259084 -0.00324599 -0.000135395 -0.000248568 -0.00272515 -0.00156854 -0.000355109 -0.000185208 -0.000282047 -0.000791769 -3.74978e-06 -0.00111946 -2.86687e-05 0.00304824 0.00205928 -0.000469563 0.00826742 -8.69789e-05 -0.000954742 -1.28523e-05 -0.00125159 0.000168009 -0.00019349 0.000188128 -0.000231122 -0.000361546 0.000793461 -1.23709e-05 -1.04274e-05 0.00135748 -0.000715922 -0.000386937 -0.000307731 -0.000218458 -0.00118059 -1.50698e-05 -0.000401698 0.00219966 0.00137623 -0.000359106 0.000711079 -0.000776883 -1.78433e-05 -0.000563028 0.000818439 7.61617e-05 -0.000265501 -0.00034575 -5.79641e-05 -0.000200754 -0.000597611 -5.27319e-05 1.89191e-05 0.00257046 -0.000163587 -0.00163064 -1.66704e-05 0.000440396 -8.58235e-05 -0.000135058 -0.000628836 -0.000280018 -0.000440105 -6.4684e-06 0.00296315 0.00105698 -0.000146927 -0.000387749 1.08856e-06 2.59656e-05 -0.000625564 3.61013e-05 0.000587685 -0.000380677 -0.000764089 -0.00026837 -0.000337255 -0.000610542 0.000116754 -0.000198723 -4.91262e-05 -0.000313785 0.000100654 0.000834882 -1.32049e-05 -7.53025e-05 -0.000336298 -0.000144552 -5.22018e-06 -0.000324283 -0.000132336 
0.00218979 0.000240859 -0.00188533 0.000538615 0.000698949 0.00227605 -0.000674352 0.000190969 0.000755429 3.42902e-05 -0.00205281 0.000198376 0.000402788 -0.00119868 -0.00206114 0.00119697 0.0014287 -0.00073697 0.00408018 -5.04958e-05 -0.00186821 -1.93471e-05 -0.00235469 -0.00215932 0.00049522 -8.69789e-05 0.0109477 -0.000102647 0.000989535 -0.00172855 -0.000206445 0.000151363 -0.00433419 0.000204463 -4.24081e-06 -0.00269821 -0.000623155 4.00781e-05 -0.00112168 -6.73016e-05 -0.000802602 0.000145894 0.000909891 0.00333848 -9.40102e-05 -0.00060824 -0.00212255 0.00095082 0.00211536 -0.000225796 0.000380328 0.000184523 0.00107316 -0.0016453 0.000501391 -0.00142644 -0.000807126 0.000259439 0.000401169 -0.000575192 -0.000468357 2.47109e-05 -0.0035291 -0.000113611 -0.00124048 0.000211279 -0.00060379 0.00068104 0.000969667 0.00138677 0.000352987 2.21477e-05 0.000107143 -0.00313219 -0.00323267 0.00162118 0.000443677 3.3328e-05 0.000189065 -0.000602496 -0.00192644 0.000462428 -0.000557562 -0.00170596 0.000786735 0.000800478 0.00287689 0.00166178 8.04983e-05 0.000136948 0.000281248 -0.000998967 -9.08037e-05 0.000276448 5.89814e-05 2.08633e-05 0.000997491 -1.95756e-05 0.000692508 6.69026e-05 
-0.0015396 0.0118843 -0.0806111 -0.00173106 0.0324675 0.0149965 0.0125625 0.0116115 0.00874409 -0.0433959 -0.071098 -0.00190015 0.00269222 -0.0138851 -0.0685444 -0.00583489 0.0108128 -0.0249595 0.0280221 0.00372047 0.0242687 -0.000443843 -0.00288129 -0.0335739 0.00978848 -0.000954742 -0.000102647 0.158714 -0.000671294 -0.0367186 0.00119682 0.00667486 -0.0354144 0.0202582 0.0340263 -0.0131044 0.0156933 0.00301146 -0.0433369 0.0209049 0.0116077 0.0365419 0.00107888 0.0312403 0.000338026 0.0497814 -0.0462436 0.0112759 0.021518 -9.88409e-05 -0.0117491 -0.000358473 0.00590878 0.0194233 -0.00329715 -0.00610053 0.00494868 0.0287116 0.0219381 0.00311805 0.0220425 -0.000587837 -0.0769126 0.00453148 -0.0329943 -0.00052624 -0.00934888 -0.00240187 -0.0011421 0.00703179 0.0234928 -0.0624708 -0.00169869 -0.0670903 -0.0413609 -0.00379855 -0.00662575 -0.000119032 0.00296857 -0.0239997 -0.0728681 -0.00391564 0.0152604 0.0129326 0.0142092 0.0221646 0.0183972 -0.000102222 0.0120776 0.00187461 0.0220493 0.033402 0.00498525 -0.000435739 -0.000445319 0.0238325 0.00751876 -0.000454263 0.0113397 0.0182555 
-0.000349642 -0.00053057 -0.00438813 -0.000252992 -0.00134507 -0.00120041 -0.00264352 -0.000341193 -0.000190558 -0.00331276 0.00371957 -2.03315e-05 -0.000172731 -0.000611178 0.00364132 -0.00012721 -0.00138374 -0.00112325 -0.00112782 -0.000147437 0.00400057 -3.28305e-05 -0.000852034 -0.00230884 -0.000466853 -1.28523e-05 0.000989535 -0.000671294 0.0135663 -0.0025548 -0.000437895 0.000245368 0.000785146 -0.000351591 -0.000766917 0.00441512 -0.000246569 0.000446008 -0.00132587 0.00202979 -0.00102797 9.23773e-05 -0.000565816 0.000448324 4.3732e-05 -0.0028426 -0.00315964 -0.000674312 -0.000923221 -0.000737521 0.00676566 -2.27101e-05 -0.000807174 -0.0017636 -0.000187457 -0.0029655 -0.000998832 -0.000374933 -0.000727788 0.00137471 0.0047308 0.000171516 0.000672042 -0.000151658 0.0014813 -5.41726e-05 0.00293296 -0.000142492 -0.000196433 -0.000787053 -0.00059067 0.00388629 -0.000114585 -0.00245581 0.00105208 -0.000296498 -0.000587336 -2.569e-06 -0.000524718 -0.00196313 0.00363712 -0.000263213 -0.00110212 -0.000891865 -0.000159427 -0.000791276 -0.000869178 -0.000423661 3.21002e-05 0.000387491 -0.000681738 -0.00131457 -7.0674e-05 -2.43872e-05 -0.000105371 -0.000462029 -0.000187895 0.000122411 0.000977461 -0.000356651 
-0.00501447 -0.00413049 0.0796864 -0.00216384 -0.0205154 -0.0249812 -0.0431742 -0.00540832 -0.0100563 0.0786343 0.0821852 -0.00312467 -0.00481721 -0.000426908 0.0937583 -0.00692556 -0.00977221 0.0197899 -0.0264589 -0.00218929 -0.011125 0.00135396 -0.0344496 -0.036365 -0.0142724 -0.00125159 -0.00172855 -0.0367186 -0.0025548 0.183672 -0.00195972 -0.00557438 0.0373766 -0.0079981 -0.0115499 -0.0527349 -0.0140959 0.000293313 0.0517869 -0.0249246 -0.00767177 -0.0271597 -0.0060995 -0.0174804 0.0033636 -0.0612927 0.00116942 -0.00686376 -0.0162623 -0.0124694 0.00700663 -0.000203509 -0.0199587 -0.0390625 -0.000876499 -0.0663392 -0.00390264 -0.0094927 -0.0126321 0.00183292 -0.0265816 -0.00157325 0.0307203 -0.00628447 0.0620165 -0.00100876 -0.0077326 -0.00290576 -0.00447949 -0.00908988 -0.00996875 0.0822999 0.00184489 0.0451672 0.0293159 -0.000787727 -0.0122879 -9.37444e-05 -0.00940672 -0.00553108 0.0949141 0.00264124 0.00645737 -0.0249681 -0.0124616 -0.0150666 -0.0228653 -0.00795375 -0.0101942 -0.00136972 -0.0123964 -0.0238196 -0.00321147 -0.000323802 -0.00374615 -0.00920892 -0.00409864 -0.00050397 -0.006725 -0.00641289 
-0.00117496 -0.000612813 0.00798004 -0.000565721 -0.00047049 -0.00437646 0.00740143 0.000248131 -0.000519913 0.0147292 0.000359969 -0.000576371 0.0014683 0.00815624 0.000579439 -0.00164786 0.00277337 -0.00303803 -0.00307593 -0.000256693 -0.00700889 -0.000191931 -0.00846546 0.00557757 -0.00273484 0.000168009 -0.000206445 0.00119682 -0.000437895 -0.00195972 0.0388895 -0.000949414 -0.00464657 -0.000338983 -0.00137334 -0.0132874 -0.00239436 -0.000112917 -0.00186677 0.0003664 0.00907308 0.000280444 -0.00166963 -0.00291934 3.29291e-05 -0.00740842 0.00462543 0.00649399 -0.00243775 -0.000715506 -0.00380245 -8.81803e-05 -0.00173117 -0.00619867 -0.00126974 -0.000359414 -0.00286744 -7.55454e-06 -0.00210111 0.00113587 -0.00467931 -0.00020168 -0.0143779 -0.00103502 -0.00841185 -0.000147051 -0.00263497 -0.00054748 -0.000683405 -0.00191012 -0.000724169 -0.00113792 -0.000346666 0.00770877 -0.00138182 -0.00066149 -0.00197668 0.000126981 0.00374475 -0.00694234 0.00677467 -0.00146999 -0.00326251 0.0096064 0.00896525 -0.000924606 -0.00376533 -0.00155397 0.000364204 -0.000123589 0.00096065 0.00421152 -0.000423343 4.05871e-06 -0.00029564 -0.00016865 -0.000291239 0.000225552 0.00188562 -0.000169182 
0.00108905 -0.000227027 -0.0149052 0.00141328 0.00935547 0.0124572 -0.000993743 0.000460878 0.00756403 -0.00493069 -0.0108008 0.00357997 -0.000395669 -0.0104251 -0.00867739 -0.000716345 -0.00155033 0.00167158 0.0171021 -0.00021523 0.0116884 0.000172877 -0.00520023 -0.012265 0.00439118 -0.00019349 0.000151363 0.00667486 0.000245368 -0.00557438 -0.000949414 0.0233632 -0.0177675 0.0025608 0.00176108 -0.00894746 -0.00140828 0.00353749 -0.00566294 0.00607939 -0.00173473 0.0138781 -0.000447684 0.0165905 -0.000236908 0.00452742 -0.00786252 0.000467961 0.00683046 -0.00175054 0.000524533 0.000607289 -0.000430293 -0.00312687 -0.000401649 -0.00747947 3.70852e-05 0.00189241 0.00261664 -0.000203768 0.0141793 -3.59714e-05 -0.0126621 -0.000270505 0.00119834 0.000243348 -0.000949967 -0.00024509 0.00120777 0.0066581 -3.12045e-05 -0.00609054 6.42008e-05 -0.0120713 -0.0163997 0.000706896 -0.00122818 -2.02743e-05 -3.20273e-05 -0.00389027 -0.0110582 -0.000965359 -0.000529037 -0.00583801 -0.00100711 0.000835491 0.0154887 0.00129369 0.0069241 0.000967362 -0.000756729 -0.00259087 -4.48615e-05 -4.60996e-05 -0.000318524 -5.43112e-05 0.000540777 1.69298e-06 -0.000676138 -0.000308699 
-0.0169649 -0.00356721 0.0617064 -0.012873 -0.0633497 -0.052474 0.00816128 0.00146894 -0.0323834 -0.0129019 0.0777527 -0.00979072 -0.0257341 0.0289653 0.0705367 -0.000927192 -0.0281958 0.0157007 -0.0879766 0.0013417 -0.0201151 -1.52279e-05 0.0349821 0.0674809 -0.0175407 0.000188128 -0.00433419 -0.0354144 0.000785146 0.0373766 -0.00464657 -0.0177675 0.159215 -0.00756361 -0.00723714 0.0556373 0.00580948 -0.00389499 0.0427846 -0.0235814 -0.0224918 -0.0704759 -0.0327392 -0.091783 -0.00167259 -0.00999581 0.0402481 -0.0307726 -0.0523699 -0.0145646 0.00636671 -0.00179112 -0.0246828 0.0309075 -0.0182367 0.0300314 0.00596078 -0.00300126 -0.00389522 0.00296696 -0.0269084 0.0004064 0.0912887 0.00192035 0.0187235 -0.00328978 0.00766139 -0.00740436 -0.0143982 -0.0339171 -0.000672761 0.0477688 -0.00165753 0.0589454 0.0831993 -0.0158522 -0.00596003 -0.000253857 -0.0222627 -0.00956897 0.0778969 -0.00418443 0.0120293 -0.0070603 -0.00930028 -0.00415186 -0.0673306 -0.0287628 -0.027059 -0.00426715 -0.00870106 -0.00236997 0.000857387 -0.00141175 -0.00952965 0.000627562 -0.00764224 0.000192788 0.00663517 -0.00288832 
0.000302621 0.0119988 -0.0205271 0.000494026 0.0067481 0.00644114 -0.0065996 0.0145239 0.00313291 -0.0137057 -0.0170563 0.000445886 -0.00123514 -0.0139951 -0.0181581 -0.00112373 -0.00121578 -0.00557142 0.0115634 0.000184052 -0.00120654 -0.000127416 0.00515659 -0.0153125 0.00594057 -0.000231122 0.000204463 0.0202582 -0.000351591 -0.0079981 -0.000338983 0.0025608 -0.00756361 0.0321163 0.0201998 -0.0107492 -0.00123042 -0.000108519 -0.00787669 0.00164168 -0.00166861 0.00149048 -0.00105126 0.00639314 -0.000239683 0.0177294 -0.0125842 0.00265265 0.00759312 -0.00251096 -0.00339548 -6.67875e-05 -0.00232367 -0.003942 -0.000967561 -0.0039323 -0.00161039 0.015695 -0.000768406 0.00341028 0.00767683 -0.000210677 -0.0166099 -0.000462036 -0.00504388 -1.93308e-05 -0.00169191 -0.00019779 -0.000340211 -0.00214736 0.0155922 -0.0143086 -0.000259581 -0.0163096 -0.0236346 -0.000711602 -0.00186641 3.86578e-05 0.000268815 -0.00564187 -0.0179897 -0.0011369 0.009181 -0.00598329 0.00601832 0.013608 0.00853597 0.000155448 0.00625377 6.59742e-06 -0.00165353 -0.00144693 0.00641998 6.43763e-05 -0.000276036 0.0150049 0.00104469 -4.67133e-05 0.0122493 0.00433618 
