0.220155 -0.00262834 -0.0252003 -0.113024 -0.000775225 0.0361402 0.00607245 -0.000322456 -0.000113663 -0.0602035 -0.0258126 0.0813899 -0.0174756 -0.0117723 -0.0602195 -0.0051466 0.0164332 -0.13416 0.0680825 -0.0258928 0.000695584 0.0157436 0.0119147 -0.0211328 0.0403715 0.0656099 0.00287273 -0.00338882 0.0425059 0.00280779 -0.00514585 0.00356807 0.000847325 0.100611 -0.0132858 0.000899142 -0.000623774 0.0559486 -0.0633458 -9.32474e-05 -0.0121037 -0.00514797 0.0490293 -0.041816 0.00819729 0.0335813 -0.00103057 -0.119442 -7.30588e-05 0.0352656 -0.000103533 7.42707e-07 -0.0322269 -0.000491413 0.156403 -0.0233108 0.141283 -0.000726539 -0.0409046 -0.00245164 -0.00389218 -0.00190489 -0.00482449 -0.0308086 -0.0808875 -0.00309639 -0.0059832 -0.0836426 -3.73326e-05 -0.000671073 -0.058279 -0.00734093 -0.00198997 0.055057 0.000344188 0.0481092 -0.0037446 2.51709e-05 -0.0718325 0.000830969 -0.00580146 -0.00091142 -0.00850279 0.00432221 0.0122971 -0.0274659 0.0495561 -0.00352992 -0.0115082 -0.00447561 -9.87749e-06 -0.0215114 -0.0495881 -2.20223e-07 0.00537022 -0.0147389 -0.00114552 -6.44587e-05 0.00428637 0.00115315 
-0.00262834 0.00642798 -0.000472601 -0.000969978 0.000116744 0.001475 -7.94837e-05 3.36214e-05 1.45541e-05 0.00195372 0.000111246 -0.000479973 -0.000130312 -0.000112931 -0.000191074 -0.000487276 -0.000489519 0.00249041 -0.00297729 0.00155295 -0.000440087 -0.000307688 -0.000188238 1.02175e-05 -0.000899681 -0.00245659 -4.92903e-05 0.00160155 -0.000543245 -5.32828e-05 -0.000727145 -0.000146278 -0.000311798 -0.00209298 0.00138866 -4.58439e-05 1.85249e-05 -0.000849188 -0.00290111 1.52624e-05 -0.000100549 -0.00011124 -0.00271555 0.000351838 -0.000163804 -0.00212643 0.000227133 0.00277744 -4.9951e-07 -0.000991464 1.74981e-06 8.53019e-07 -0.000313119 3.08598e-06 -0.00226152 7.62321e-05 -0.00239742 0.000425822 0.00109477 0.000149181 -3.47469e-05 -1.50292e-05 6.58783e-05 0.0011231 0.00268416 -1.19211e-05 3.34926e-05 -0.00157521 2.25817e-07 0.000531182 0.00271698 -3.23251e-05 0.0013298 -0.000939537 0.000336643 -0.000631741 0.00152258 -2.14195e-07 0.00312957 -3.91686e-05 0.000525615 -1.96155e-05 0.00051224 -0.000173517 -0.000546664 0.00154557 -0.00159855 -3.31912e-05 0.000187075 5.67576e-05 -1.46718e-06 0.000268685 -0.000704847 1.50706e-06 -8.08159e-05 -0.000167406 -3.43318e-05 6.48235e-05 -7.74342e-05 -2.38906e-05 
-0.0252003 -0.000472601 0.0749111 0.0269694 8.84045e-05 -0.0131575 0.00195962 9.81014e-05 -9.37076e-05 0.00699992 0.00562551 -0.010269 0.0102547 0.0123916 0.00900304 -0.0094365 -0.0157573 0.0131902 -0.0113073 -0.00214956 0.0236852 0.0188393 -0.000723804 -0.00218273 0.0253137 -0.0327562 -1.21337e-05 -0.00103535 0.00321561 -0.000285932 -0.00309027 -0.000953257 0.00550755 -0.0379298 -0.00216154 -0.00080136 -0.000152849 -0.0198216 -0.0138259 -9.5996e-06 0.00922748 0.00927336 -0.0199879 0.0107413 0.00345167 -0.0187974 0.000228885 0.0122062 7.49713e-06 0.0152233 1.24063e-05 1.48517e-06 0.00732495 -5.71412e-05 -0.0463073 0.00265328 -0.0227782 0.00323465 0.00488655 0.000571009 0.00115106 0.000623533 -0.000129926 0.00837132 0.00220113 0.00296535 5.43007e-05 0.0049029 4.29493e-06 -0.000464032 -0.00242221 0.0065643 0.00339693 -0.0257906 0.000287111 0.0210277 -8.16277e-05 -7.38182e-06 -0.000653744 0.000185179 0.00222033 0.000269419 -0.00128177 0.0105124 0.0175542 -0.00188369 -0.0273525 -0.000641901 0.0094391 -0.00250927 -2.13978e-05 -0.0309635 -0.000558039 -1.91218e-06 -0.000126756 -0.0012265 0.00055343 -0.000139875 -0.00138799 -0.000222247 
-0.113024 -0.000969978 0.0269694 0.178075 0.000244008 -0.043041 -0.00458362 -0.000191609 -0.000268956 0.0526559 0.0254523 -0.0574569 0.0150462 0.0148999 0.0221986 0.00261896 -0.0505866 0.102591 -0.0644523 0.049766 -0.0021364 -0.00943787 -0.00912982 0.000639971 -0.0222639 -0.0524199 -0.00310092 -0.00278027 -0.0366787 -0.00191717 0.0156784 -0.00551839 0.00682243 -0.0682031 0.00594936 -0.00106967 -0.000945509 -0.0631034 0.0480284 -6.70691e-07 0.00945226 0.00120911 -0.0436803 0.0385453 -0.00799806 -0.0230479 0.00308157 0.0579918 4.22496e-05 -0.0340237 8.22995e-05 -1.55588e-05 0.0144487 -9.96217e-05 -0.096294 0.0208025 -0.126682 -0.00342531 0.0177969 0.00292171 0.00424079 -2.87737e-05 0.00412118 0.0248816 0.0703932 -0.00034935 0.00359332 0.0962573 -4.37153e-07 -0.00126265 0.0529766 0.00620829 0.00267504 -0.0547005 -0.00031429 -0.0303021 0.00144416 -1.9713e-05 0.0540805 -0.00080173 0.00252473 -0.000373746 0.00111692 -0.00569107 -0.0148704 0.023066 -0.0524778 0.00182971 0.00951984 0.00429915 -5.32627e-05 0.00301829 0.0124924 -1.94214e-06 -0.00421828 0.00745083 0.000790194 -0.000243369 -0.00604113 -0.000692209 
-0.000775225 0.000116744 8.84045e-05 0.000244008 0.0035269 -0.00044378 7.61783e-05 3.04074e-06 3.66596e-06 0.000635044 -9.75465e-05 -0.000973058 0.00053345 0.000309768 7.72251e-05 -0.000168151 -0.000660799 0.000441565 -0.000945694 -0.000257713 -0.000115106 0.000201987 0.000289022 0.000163336 0.000350824 -0.00136988 0.000100625 -2.51744e-05 -0.000154132 -2.37452e-05 0.000598226 -5.26979e-05 0.000314744 -0.000219974 6.5318e-05 -1.50047e-05 -8.29278e-06 0.000367694 -0.000455783 5.96986e-05 3.74693e-05 -6.08283e-05 -0.000291057 0.000632127 -8.03837e-05 -0.000452666 1.42361e-05 -2.94512e-05 1.31063e-06 0.000275426 3.44634e-07 1.32353e-06 -0.000173418 3.96e-05 -0.000264243 4.07769e-05 -0.00102026 -1.52658e-05 -1.15573e-05 0.000111922 0.000180075 3.02518e-06 8.19039e-05 -0.00012904 0.000543677 3.10642e-05 0.000474609 -0.000133823 -1.37116e-07 5.77145e-05 0.000770257 -2.85709e-05 2.11743e-05 -0.00105549 6.2979e-06 0.000230953 2.09193e-05 -2.60279e-07 0.000492025 -7.46316e-06 0.000473614 -7.70062e-06 2.51296e-05 -0.000130271 -0.000258036 0.000178404 -0.0012841 -4.82274e-05 0.000160867 -5.14441e-05 7.91078e-07 -0.000746343 -0.000545234 9.93491e-08 -1.05493e-05 0.000112262 2.02215e-06 6.68495e-05 -6.9376e-05 1.12208e-05 
0.0361402 0.001475 -0.0131575 -0.043041 -0.00044378 0.15547 -0.00227792 -0.000175894 -0.000120729 -0.0166832 -0.00759325 0.0172173 -0.00698014 -0.00526681 -0.00471012 -0.0190619 0.015887 -0.0301635 0.0180692 -0.0120756 -0.0113632 -0.0151438 -0.00339449 -0.00682711 -0.0208088 0.0211368 0.000644164 0.0069529 0.0103145 0.00213487 -0.0205813 -0.00323763 -0.00881761 -0.00178656 -0.00146624 -0.00111032 0.000793599 0.042583 -0.0772561 -1.06382e-06 -0.000162644 -0.00465636 0.0357389 -0.0139198 -0.00148297 0.0204188 -0.00148398 -0.0199629 -4.39286e-05 0.00885655 -3.75995e-05 4.02895e-07 -0.0059733 -0.000269555 0.0395546 -0.00802702 0.0455933 -0.000885214 0.0271023 -0.000956876 -0.00119812 -0.000509919 -0.00100888 -0.00734035 -0.0211815 -0.00178597 -0.0015366 -0.0637273 -1.22402e-05 0.000291441 -0.000118697 -0.00240148 -0.000438684 0.0364902 -0.000350067 -0.00726583 0.000174936 -1.07904e-05 -0.0163889 -0.00133531 0.000983297 -0.000659193 -0.000685721 -0.005541 -0.0115277 -0.00810982 0.0142023 -0.0032075 -0.00478099 -0.00438892 -4.72287e-05 0.0265109 -0.0181631 -1.53003e-06 0.000117547 -0.00516637 -0.000561726 -3.78215e-05 -0.00315462 -0.000802523 
0.00607245 -7.94837e-05 0.00195962 -0.00458362 7.61783e-05 -0.00227792 0.027966 -1.54927e-05 -1.91708e-05 -0.00291754 -0.000853611 -0.0052692 0.00302745 7.69954e-05 -0.00122448 -0.0025389 -0.0066172 -0.00529121 0.00225797 -0.00301858 0.0045386 0.0157965 0.0065707 -0.00123174 0.0156321 -0.00185883 0.00764873 -0.000157272 0.0100356 0.00164236 -0.00228268 -7.57157e-05 -9.74304e-05 -0.0132024 -0.000731264 -0.000134697 0.000457306 -0.00556643 -0.0167755 -8.64179e-07 0.000141076 -0.000132673 -0.00994395 -0.00213873 0.000142609 -0.00877025 0.0010039 -0.00472221 2.76835e-05 0.0108739 -4.77244e-06 -1.83921e-07 -0.00124374 -4.75346e-05 0.00250488 -0.00122228 0.00536416 -0.000387366 -0.00298173 2.43813e-05 -0.000139838 3.14462e-05 2.33287e-05 -0.00134744 -0.00372947 -0.000212128 -0.000241711 -0.00852933 -6.38787e-07 -0.000158293 -0.00275009 -0.000214001 0.000453721 -0.00789474 0.000218978 0.0175339 -0.000167378 7.85407e-06 -0.0033979 4.5155e-05 -0.000252156 1.46568e-05 -0.000317512 0.00230828 0.0159118 -0.00146995 0.00127565 -0.0003433 -0.000727447 3.89526e-05 3.00457e-06 -0.0172278 -0.00659605 -5.83711e-07 0.000563153 -0.000387271 -4.03251e-05 -4.18446e-05 0.0020871 0.000245552 
-0.000322456 3.36214e-05 9.81014e-05 -0.000191609 3.04074e-06 -0.000175894 -1.54927e-05 0.000989556 3.48079e-05 0.00026809 3.96261e-05 -8.91081e-05 0.00048851 6.85799e-05 -8.01739e-05 -9.95607e-05 6.96678e-05 -0.000150978 -0.000199732 -0.000480508 0.000564403 0.000148886 -1.19344e-05 0.000412152 0.000359814 -0.000691382 8.3474e-05 4.03881e-06 -8.04631e-05 1.6069e-05 -8.95619e-05 0.000238353 6.22263e-05 -0.000454399 7.71269e-05 6.0128e-05 8.13729e-06 -0.00018514 6.41329e-05 2.88914e-08 0.000116261 0.000478904 -0.000664911 0.000527284 0.000209237 -0.000305769 4.36667e-05 -8.3712e-05 3.23301e-06 -0.000239579 2.90101e-06 5.03163e-07 4.81876e-05 2.26771e-05 -0.000472759 -2.54483e-05 -0.000374532 0.000131065 -0.000635635 4.22225e-06 2.69356e-05 0.000177056 -2.51178e-06 -3.60212e-05 -3.43651e-05 0.000454402 7.31292e-05 -0.000202901 1.59399e-07 0.000103758 -0.000126285 7.7447e-05 8.62845e-05 -0.00014671 2.68492e-05 0.000249873 7.49194e-05 -9.70957e-08 -1.72695e-05 8.13179e-06 -1.7808e-06 0.00027546 -1.70281e-05 0.000382325 1.22067e-05 -2.25848e-05 -0.000706951 -5.10011e-06 9.9336e-05 -2.86014e-05 2.5482e-06 -0.000643094 0.000187433 2.24556e-06 -6.10815e-06 -1.8236e-06 6.09079e-06 6.69999e-06 4.46042e-06 1.50568e-06 
-0.000113663 1.45541e-05 -9.37076e-05 -0.000268956 3.66596e-06 -0.000120729 -1.91708e-05 3.48079e-05 0.00123897 0.000168345 -1.36009e-05 7.28649e-05 0.000174197 -3.51728e-05 -6.58721e-05 0.000191631 -0.000135135 -0.000207996 -0.00017035 1.38943e-05 -3.04872e-05 -3.75406e-05 -4.98543e-05 2.69531e-05 0.000362345 -0.00014111 2.48261e-05 -1.81781e-06 -1.09388e-05 1.31829e-05 -7.24635e-05 0.000258303 2.75828e-06 -9.50524e-05 0.000238814 4.87251e-05 2.04818e-05 0.000115196 -0.000206361 -1.50957e-07 -2.17739e-05 1.63153e-05 -0.000356154 1.56872e-05 -1.81068e-05 -0.000402252 1.0072e-05 5.70447e-05 -1.1287e-07 -6.04801e-05 3.73409e-06 6.2896e-06 -5.99679e-05 4.2101e-06 -0.000106901 -2.98436e-05 -4.23028e-05 0.000241666 -0.000150323 3.01289e-05 1.29423e-05 -3.12572e-06 3.70384e-06 -4.27156e-05 5.80692e-05 5.48412e-05 7.75124e-05 -0.000313421 -6.93546e-08 0.000240852 2.50501e-05 5.7109e-06 6.91065e-05 -0.000272609 -9.4903e-07 -0.000148882 0.000137716 2.58401e-07 0.000138237 1.46624e-06 6.71774e-05 1.33207e-05 -4.42509e-06 -1.27845e-05 -4.20974e-05 1.64006e-05 -0.000189427 2.79557e-05 0.000139644 2.03249e-05 -3.18864e-07 -0.000216097 -0.000243136 2.76273e-06 7.74122e-06 6.68286e-07 1.16299e-05 1.258e-05 7.71808e-05 -4.11342e-06 
-0.0602035 0.00195372 0.00699992 0.0526559 0.000635044 -0.0166832 -0.00291754 0.00026809 0.000168345 0.0956274 0.00988512 -0.0339408 0.0216589 -0.000793375 -0.0117179 -0.00062464 -0.0199884 0.0529318 -0.0574451 0.0227419 0.00329211 0.000582727 -0.00381047 0.00603746 -3.14738e-05 -0.0628211 -0.00187884 0.00226846 -0.0156027 -0.000757402 -0.00972718 -0.00135728 -0.00505773 -0.0506578 0.00918744 -0.00109697 0.000103811 -0.0218871 0.00267708 3.7733e-05 -0.000789581 0.00482356 -0.0692661 0.0590907 -0.00172711 -0.0280813 0.00107792 0.0536803 -2.2482e-05 -0.0237861 -1.2807e-05 3.05244e-07 -0.00093178 0.000441909 -0.0634088 0.0205218 -0.0612102 0.00100197 -0.0121057 0.0014766 0.0032791 -0.000118712 0.000195287 0.0061075 0.0724932 0.00193458 0.00616301 0.0233546 1.2578e-05 0.00165923 0.0692161 0.000679323 0.00383781 -0.024581 -0.000237622 -0.00975913 0.00397057 -2.01136e-06 0.070817 -0.00015496 0.00852795 0.000309118 0.00573075 0.00342458 -0.000486333 0.015147 -0.0416777 -0.00167943 0.0128492 0.0021169 -2.23273e-05 -0.0195811 -0.00382928 1.74458e-06 -0.0017776 0.000653894 0.0015654 0.000352576 -0.00166356 -0.000313762 
-0.0258126 0.000111246 0.00562551 0.0254523 -9.75465e-05 -0.00759325 -0.000853611 3.96261e-05 -1.36009e-05 0.00988512 0.0435623 -0.0113243 -0.00128535 0.00849231 0.00158946 -0.00175101 -0.00719602 0.0271526 -0.0205947 0.00814302 0.0036173 -0.00422316 -0.00155301 -0.00138462 -0.0107639 -0.0119909 0.000479977 -0.000339973 -0.0082178 -0.000498948 0.00163392 -0.000704388 0.00906061 -0.0228162 -0.00129659 -0.000437302 9.31697e-05 -0.0138644 0.0133123 -2.21678e-07 0.00276908 -0.00108107 -0.00733084 0.00285374 -0.00135599 -0.00792733 -0.000196683 0.0159442 5.78747e-06 -0.00531149 3.56755e-05 2.58558e-06 0.00509229 -1.61197e-05 -0.0238514 -0.000382434 -0.0286946 -0.00143291 0.010397 0.000477423 -0.000124319 0.0013351 4.84755e-05 0.00360513 0.0157444 -0.000432476 -0.000289067 0.020944 5.58967e-06 -4.42612e-05 0.0119847 0.00706873 -0.000758051 -0.014109 9.58937e-06 -0.00900193 0.000218319 1.48564e-06 0.00770226 -0.000313151 -0.000555404 -7.87282e-05 0.00179249 -0.00212323 -0.00373896 0.00724577 -0.00790488 -0.000193593 -0.00107538 -0.000659197 -1.44332e-05 -0.000317397 -0.00117392 -1.12275e-06 -0.00080028 0.0020202 0.000323906 -7.44558e-05 0.000272246 -0.000173613 
0.0813899 -0.000479973 -0.010269 -0.0574569 -0.000973058 0.0172173 -0.0052692 -8.91081e-05 7.28649e-05 -0.0339408 -0.0113243 0.219297 -0.0119509 -0.00854342 -0.0291963 -0.0117164 0.00897879 -0.0633001 0.0429791 0.0390662 -0.0281952 -0.022772 -0.01382 0.00210876 -0.0111296 0.0557391 -0.00673309 -0.00107403 0.0347619 -0.00280783 -0.0188162 -0.0067377 -0.00264922 0.0397487 -0.00768254 0.00269727 -0.000501701 -0.0145829 -0.0117671 -5.34033e-05 -0.0069637 -0.00255886 0.0688646 -0.0243772 -0.0116084 -0.0199511 -0.00065395 -0.0589023 -0.000103521 0.0352894 -5.70084e-05 -5.48647e-06 -0.0168476 -0.000596605 0.0618349 -0.0132074 0.0780067 0.00123762 0.00381881 -0.00160898 -0.00196699 -0.000899153 -0.00245414 -0.0158202 -0.0428087 -0.0019944 -0.0029465 -0.0746032 -1.66637e-05 -0.000734824 -0.0375288 -0.00450866 -0.00604417 0.0523656 -0.000723418 0.00202822 -0.00209036 3.31415e-06 -0.0377674 -0.00208274 -0.00552968 -0.000715311 -0.0048899 -0.0132624 -0.0162443 -0.0169054 0.0383007 -0.00234214 -0.00795564 -0.0084122 -1.64199e-05 0.00710803 -0.0182466 -3.55561e-06 -0.0054383 -0.00735167 0.00041248 1.96463e-05 0.00144087 -0.00121057 
-0.0174756 -0.000130312 0.0102547 0.0150462 0.00053345 -0.00698014 0.00302745 0.00048851 0.000174197 0.0216589 -0.00128535 -0.0119509 0.0364496 -0.000258202 -0.00341616 -0.00407807 -0.00828597 0.00359324 -0.0148635 -0.00670144 0.0129454 0.0132927 0.00408501 0.00586658 0.0177053 -0.029878 0.00396316 -0.000359951 -0.00592343 0.00183255 -0.00308981 0.00162515 -0.00155287 -0.0199472 0.00521206 -0.000387029 0.000511722 -0.00370875 -0.00896741 1.13523e-05 0.000277072 0.00954293 -0.0263459 0.0216774 0.00263201 -0.0137104 0.00148781 0.00634213 -9.8661e-06 -0.00739765 -5.97087e-06 1.02373e-06 0.00020632 0.000358178 -0.0175348 0.00336063 -0.0133304 0.0016567 -0.0206559 0.000595751 0.00381839 0.000257855 0.000139403 0.00145225 0.0133617 0.00433116 0.00430829 -0.0024954 5.79026e-07 0.00134142 0.0116332 0.000514411 0.00265087 -0.0108847 4.33984e-05 0.0095516 0.00259796 -2.51693e-06 0.0132669 0.000601302 0.00477922 0.00116644 -0.000243891 0.0109651 0.00742595 -0.00139363 -0.0233919 -0.000722683 0.0142181 -0.000455202 2.95317e-06 -0.0268178 0.000892187 4.50538e-06 0.000594744 -0.000964468 0.000154353 3.30802e-06 -0.00085765 -3.17553e-05 
-0.0117723 -0.000112931 0.0123916 0.0148999 0.000309768 -0.00526681 7.69954e-05 6.85799e-05 -3.51728e-05 -0.000793375 0.00849231 -0.00854342 -0.000258202 0.030077 0.00671843 0.00541164 -0.00607135 0.0139523 -0.0213255 -0.00174794 0.0116907 -0.00153829 0.00215071 0.000203633 -0.00278711 -0.017031 0.000393945 -3.30322e-05 -0.00541372 -0.000341153 0.00775734 -0.000612747 0.00962177 -0.0108787 4.34142e-05 -0.000308851 -7.82987e-05 -0.00943912 0.00741445 -2.71871e-06 0.00766879 -0.000526781 -0.0063182 6.12975e-05 0.00238037 0.00206269 0.000234038 0.00219005 2.24221e-05 0.00326213 2.94329e-05 1.66435e-06 -0.000109856 2.05244e-05 -0.011917 0.000664573 -0.0192571 -0.000818419 0.00204597 0.000210918 0.00035731 0.00062713 6.88021e-05 0.000467428 0.00379845 -0.00030363 -0.000107651 0.0161921 1.23629e-05 -0.000230499 0.00159109 0.00584093 0.000959723 -0.0094242 0.00023441 -0.001776 7.21269e-05 1.06731e-06 0.00135086 -0.000211803 -0.000360394 -7.90323e-05 0.000624591 0.00113288 -0.00299669 0.00205464 -0.0213817 0.00222529 -0.000427253 0.000202356 -6.51421e-06 -0.00988607 0.000245371 -7.0577e-07 -0.000429708 -0.000304074 0.000542065 -6.48915e-05 -0.000658856 0.000858623 
-0.0602195 -0.000191074 0.00900304 0.0221986 7.72251e-05 -0.00471012 -0.00122448 -8.01739e-05 -6.58721e-05 -0.0117179 0.00158946 -0.0291963 -0.00341616 0.00671843 0.103242 -0.0115302 0.0141968 0.0588046 -0.00302735 -0.0292381 0.00137651 -0.00941663 -0.00472501 0.00581866 -0.0244512 -0.000304424 -0.00177253 -0.000623213 -0.01879 -0.00127898 0.0100809 -0.00264151 0.00187853 -0.0529706 -9.99e-05 -0.00127537 -0.000106146 -0.0121812 0.0272757 3.82879e-05 0.0127547 -0.00100776 0.023859 -0.00761904 -0.00239862 0.0150328 0.000898418 0.0245724 8.42031e-05 -0.000698961 1.35362e-05 -9.23566e-06 0.0256488 -0.000177127 -0.056292 0.000654849 -0.0332825 -0.00182169 0.0317152 -6.74748e-05 -0.000138651 0.000851999 0.00279288 0.00285478 -0.00835625 -0.000924778 -0.000543248 0.030741 3.73026e-05 -0.00089004 -0.0180709 0.00117314 -0.00218073 -0.0112709 -0.000252248 -0.0188267 -0.000663065 -6.70327e-06 -0.0118504 -0.000704416 -9.63354e-05 -0.000247669 -0.00129786 -0.00327881 -0.00629801 -0.00373089 -0.00592287 -0.00044286 -0.00241528 -0.00312297 -2.5151e-05 0.0169195 0.0378445 2.14916e-06 -0.00214957 0.00217866 -0.000385766 -0.000239815 0.000459385 -0.000426905 
-0.0051466 -0.000487276 -0.0094365 0.00261896 -0.000168151 -0.0190619 -0.0025389 -9.95607e-05 0.000191631 -0.00062464 -0.00175101 -0.0117164 -0.00407807 0.00541164 -0.0115302 0.104811 -0.017517 -0.00630927 -0.00619891 0.0146108 -0.0064145 -0.00338719 0.000592416 -0.00258345 -0.0172794 0.00588951 -0.00128373 -0.00052877 -0.0133917 -0.000750864 0.0257603 -0.00218074 0.0042289 0.0299649 -0.00074843 0.000603594 -0.000326784 -0.0260843 0.029781 4.46578e-07 -0.00148617 -0.00274483 -0.0152044 -0.00525225 -0.00144125 0.0136483 -0.000450653 -0.000994895 -2.99488e-05 -0.0188845 -1.74172e-05 -3.10848e-06 -0.00506837 6.06952e-05 0.00980073 0.000962464 -0.0196975 -0.0032304 -0.0102888 0.000599381 -0.000643067 -0.00031238 0.000371032 -0.00451022 0.00310952 -0.00104441 -0.000918088 0.0377745 -1.05702e-05 -0.000578669 0.00212809 -0.00171274 -0.00122279 -0.0216068 -0.0003133 -0.0195595 -0.0007018 2.01355e-05 0.00819065 -0.000802011 -0.00201621 -0.000330545 0.00512631 -0.00290403 -0.00456605 0.008767 -0.0065356 0.00934473 -0.00288419 0.00449006 0.000102108 0.0153818 -0.0169356 -2.20149e-06 -0.00188039 0.00412711 0.000220536 -0.000159374 -0.00198046 0.0018597 
0.0164332 -0.000489519 -0.0157573 -0.0505866 -0.000660799 0.015887 -0.0066172 6.96678e-05 -0.000135135 -0.0199884 -0.00719602 0.00897879 -0.00828597 -0.00607135 0.0141968 -0.017517 0.17865 -0.0199088 0.0218874 -0.0816901 -0.016304 -0.0228616 -0.00900567 0.00706274 -0.0489893 0.0305559 -0.00214632 -0.000512056 -0.0430028 0.00416002 -0.0262968 -0.00413399 -0.0104491 0.00986821 -0.00252372 0.00422004 0.000425565 0.0767464 0.0211964 2.87338e-05 -0.00246493 -0.00505491 0.0206744 -0.0137247 -0.00818903 0.026145 -0.00178859 -0.00611813 1.31907e-05 -0.0450578 -3.00307e-05 1.61043e-05 0.00162556 -0.000299722 0.0199882 -0.00588086 0.0523625 -0.00718717 -0.0183717 -0.000835499 -0.00131883 0.000728506 -0.00168621 -0.0109346 -0.0233328 -0.00190704 -0.00173807 -0.0541264 4.646e-06 -0.00080799 -0.0194167 -0.000583006 -0.0046167 0.0949328 -0.000565042 -0.0453422 -0.00144633 -7.7216e-06 -0.0126999 -0.000162043 0.00149323 -0.000354222 -0.00216495 -0.00960141 -0.0172681 -0.0101447 0.0262742 -0.00413949 -0.00574836 -0.00580646 -4.93157e-05 0.044384 0.0770902 3.45137e-06 -0.00412747 -0.0045636 -0.000615317 -0.000423959 0.00673179 -0.00100329 
-0.13416 0.00249041 0.0131902 0.102591 0.000441565 -0.0301635 -0.00529121 -0.000150978 -0.000207996 0.0529318 0.0271526 -0.0633001 0.00359324 0.0139523 0.0588046 -0.00630927 -0.0199088 0.175689 -0.0789279 0.0301011 -0.00479896 -0.0216285 -0.00917147 0.0110934 -0.04626 -0.0577505 -0.00455733 -0.000593917 -0.0413732 -0.00246837 0.000573817 -0.00542938 0.00257983 -0.108855 0.00787948 -0.00249365 -0.000177679 -0.059924 0.0567761 0.000106128 0.0151969 -0.00479428 -0.0424246 0.0345888 -0.00785777 -0.0287845 0.00202913 0.0992394 7.34855e-05 -0.0316531 6.18953e-05 -1.42717e-05 0.0236897 0.000386599 -0.131119 0.0297215 -0.126818 -0.00056081 0.0326361 0.00265459 0.00248944 0.0011778 0.00355752 0.0292865 0.0837723 -0.0019295 0.00471276 0.0959967 5.06237e-05 -0.000312115 0.0615906 0.00594682 6.01636e-05 -0.0422239 -0.000318978 -0.0438158 0.00127399 -1.75338e-05 0.0694345 -0.00158453 0.00167904 -0.000625653 0.00563114 -0.0100985 -0.021624 0.0249189 -0.0502064 0.00161212 -0.00237272 0.00732303 -3.77948e-05 0.0169649 0.0406101 -1.53996e-06 -0.00429783 0.00328829 0.000982782 -0.000336195 -0.00402648 -0.000827517 
0.0680825 -0.00297729 -0.0113073 -0.0644523 -0.000945694 0.0180692 0.00225797 -0.000199732 -0.00017035 -0.0574451 -0.0205947 0.0429791 -0.0148635 -0.0213255 -0.00302735 -0.00619891 0.0218874 -0.0789279 0.127284 -0.0124595 -0.0157984 0.00361517 -0.00742439 -0.00607868 0.00449844 0.0879926 -0.00177767 -0.00180867 0.0272236 0.00141622 -0.00450878 -0.00192288 -0.0115473 0.0655591 -0.0176912 0.00121102 -0.000256458 0.022737 -0.0111774 -0.000124975 -0.00930808 0.00317186 0.0738384 -0.0395889 -0.00807795 0.0227199 -0.00420934 -0.0630305 -4.88174e-05 0.0235035 -0.000107103 -2.95079e-05 0.00165963 -0.000907161 0.0737014 -0.0293261 0.0831537 -0.00166388 0.0102467 -0.00351573 -0.00454548 -0.000619501 -0.00131084 -0.01585 -0.0819847 0.000974858 -0.00637389 -0.0601094 -4.33854e-05 -0.00197618 -0.0688469 -0.00689811 -0.0109344 0.0310528 -0.000777534 0.0139357 -0.00542339 1.68987e-06 -0.0756964 0.000197444 -0.00625723 0.00024641 -0.00327452 -0.00412245 0.00956087 -0.0299927 0.0756692 -0.00404529 -0.00720068 -0.0109002 -0.000166029 0.025617 0.00172347 -3.58713e-06 -0.00402546 -0.000691522 -0.00159371 0.000123676 0.00319739 -0.000619956 
-0.0258928 0.00155295 -0.00214956 0.049766 -0.000257713 -0.0120756 -0.00301858 -0.000480508 1.38943e-05 0.0227419 0.00814302 0.0390662 -0.00670144 -0.00174794 -0.0292381 0.0146108 -0.0816901 0.0301011 -0.0124595 0.245188 -0.0420872 -0.0253187 -0.0194823 -0.00529588 0.000685128 0.0131024 -0.00993316 0.00264802 0.0606506 -0.00510167 -0.00901702 -0.0131508 -0.0135737 0.0125566 -0.0053548 -0.00147497 -0.000898731 -0.130573 0.0217207 -9.45908e-05 -0.00456121 -0.00830494 0.00798278 0.00773569 -0.0175862 -0.111238 -0.00118477 0.0406411 -0.00011441 0.0424748 2.8486e-05 -3.30692e-05 -0.00614285 0.000174611 -0.0160152 0.00581381 -0.0624774 0.00501598 0.0466504 0.00151688 0.000695652 -0.00134724 0.00121148 0.0179817 0.0394481 -0.00414671 0.000135716 0.0254748 -2.72303e-05 7.77382e-05 0.029891 -0.00226102 -0.00156931 -0.0386283 -0.000489707 0.0016509 0.000714446 -2.88745e-05 0.0303864 -0.00334641 -0.00878483 -0.0017697 0.00691749 -0.0243296 -0.0213302 0.0168357 0.00211213 0.00176852 -0.00597062 0.00325701 -0.000161669 -0.0050267 -0.0405986 -1.20163e-05 -0.010491 0.00195624 0.000317035 0.000714616 -0.00633358 -0.000749334 
0.000695584 -0.000440087 0.0236852 -0.0021364 -0.000115106 -0.0113632 0.0045386 0.000564403 -3.04872e-05 0.00329211 0.0036173 -0.0281952 0.0129454 0.0116907 0.00137651 -0.0064145 -0.016304 -0.00479896 -0.0157984 -0.0420872 0.0875785 0.0506249 0.0274967 0.0018684 0.0514131 -0.0616063 0.00853508 -0.000777951 -0.00289993 8.29757e-05 -0.00111516 0.0178202 0.00500167 -0.0441126 -0.00245047 -0.00106708 -1.27726e-05 0.00247456 -0.0269651 -2.82342e-06 0.00742096 0.0174127 -0.0563102 0.0105467 0.0314281 -0.00536559 0.000127882 -0.0133895 4.55257e-05 -0.00162168 2.49974e-05 1.75373e-06 -0.000837598 0.000261341 -0.0202749 0.00195072 0.000917156 0.00275131 -0.0345713 -0.000272678 -1.13884e-05 0.000961206 -0.000639652 -0.0039364 -0.00647943 0.00698242 -0.000202629 -0.00776142 9.78452e-06 -0.000270122 9.54237e-05 0.00622382 0.00880996 -0.0303252 0.00136927 0.0533465 -0.000421722 -4.67007e-06 -0.00721602 0.00422995 0.000359163 0.00244277 -0.00119609 0.0416626 0.0367376 -0.00338439 -0.0393097 -0.000884008 0.0104028 -0.000215969 0.000142043 -0.0634895 -0.0112085 4.0406e-07 0.0142678 -0.00205562 0.000824683 -0.000187224 0.00360899 -0.000131571 
0.0157436 -0.000307688 0.0188393 -0.00943787 0.000201987 -0.0151438 0.0157965 0.000148886 -3.75406e-05 0.000582727 -0.00422316 -0.022772 0.0132927 -0.00153829 -0.00941663 -0.00338719 -0.0228616 -0.0216285 0.00361517 -0.0253187 0.0506249 0.0954025 0.0268225 -0.00184291 0.0673236 -0.0379558 0.0135229 -0.00134948 0.0146455 0.00184026 -0.00791714 0.0130326 -0.00279475 -0.0325832 -0.00250227 -0.000432743 0.000239127 -0.00254472 -0.0450174 -1.67542e-05 -0.00130737 0.0168332 -0.0612059 0.00704145 0.0224238 -0.0151259 0.00146572 -0.0171668 3.12362e-05 0.00241831 -7.71901e-06 -3.6016e-06 -0.00263016 0.000160718 -0.0072558 -0.00226413 0.0198173 0.00131795 -0.0363012 0.0014518 -0.000614026 -0.000216844 -0.000474603 -0.00373795 -0.0118127 0.00554342 -0.000768038 -0.0294681 -8.92577e-06 -0.000576588 -0.00363802 -0.00124319 0.00550026 -0.0316927 0.00169285 0.0669877 -0.000404763 3.29668e-06 -0.0108344 0.00325472 0.00115449 0.00132517 -0.00173045 0.0319022 0.0610007 -0.00470183 -0.0165031 -0.0019389 0.0104253 -0.000397516 0.000103782 -0.0682622 -0.02339 -9.45031e-07 0.0128055 -0.00218964 7.38484e-05 6.79392e-05 0.0017011 0.000725392 
0.0119147 -0.000188238 -0.000723804 -0.00912982 0.000289022 -0.00339449 0.0065707 -1.19344e-05 -4.98543e-05 -0.00381047 -0.00155301 -0.01382 0.00408501 0.00215071 -0.00472501 0.000592416 -0.00900567 -0.00917147 -0.00742439 -0.0194823 0.0274967 0.0268225 0.0420064 -0.00168587 0.0293108 -0.0265408 0.0131268 -6.92001e-05 -0.00432477 0.00201526 0.0027385 0.0105298 0.000984135 -0.0112317 -0.0015084 -0.000174054 0.000530617 0.0130303 -0.0190063 -2.66467e-07 -1.24493e-05 3.75679e-05 -0.0274937 -0.00133839 0.0159488 0.00156151 0.000703505 -0.0082715 8.87944e-07 -0.00761398 3.63184e-06 8.13896e-07 -0.00214712 -1.77814e-05 0.00980535 -0.0019127 0.00635756 -0.00102706 -0.0307222 -0.000135087 0.000232078 8.26026e-05 -0.000350811 -0.00204287 -0.00543487 0.000506414 -3.46733e-05 -0.00412602 -1.82043e-06 -0.000271636 0.0032332 -0.00017614 0.00539932 -0.0131261 0.000913756 0.0275276 -0.000215772 1.98765e-05 -0.00486698 0.00288853 -0.000612576 6.47867e-05 -0.000644335 0.0128928 0.0215497 -0.00193385 -0.0135379 0.000269359 0.000371958 0.000654423 0.000156063 -0.0306325 -0.00957075 2.19411e-07 0.00961154 -0.00093952 -0.00012711 2.49806e-05 -5.13853e-05 0.00140814 
-0.0211328 1.02175e-05 -0.00218273 0.000639971 0.000163336 -0.00682711 -0.00123174 0.000412152 2.69531e-05 0.00603746 -0.00138462 0.00210876 0.00586658 0.000203633 0.00581866 -0.00258345 0.00706274 0.0110934 -0.00607868 -0.00529588 0.0018684 -0.00184291 -0.00168587 0.0416136 -0.0043441 -0.0106459 -0.000877391 -0.000186802 -0.00176038 -0.000350372 -0.00298002 0.00188484 -0.00135342 -0.0114015 -0.000218826 0.00122465 -0.000107566 -0.00726522 0.00979017 -2.98877e-06 -0.000307903 0.00279551 -0.00444823 0.00812992 0.000320095 -0.00535897 -0.000252517 0.00748208 -7.71415e-06 -0.000941888 2.21508e-05 9.20733e-08 -0.00162559 0.000294006 -0.0224224 0.00523364 -0.0067166 0.00251984 -0.00778256 -7.0067e-05 7.62459e-05 8.87158e-06 9.18529e-05 -0.00185545 0.004726 0.00232144 0.00392929 -0.00220894 9.14909e-06 -0.000127455 0.0027733 -0.000436773 -0.000390916 0.00966286 -0.000114128 -0.00411835 -0.000274276 -1.23464e-06 0.00623727 -0.000229366 0.0011019 0.00110649 -0.000612565 0.00151972 -0.00230331 -0.00172898 -0.00979544 -0.000515652 0.000929875 -0.000107544 2.72602e-05 -0.00555762 0.0156626 -5.83302e-07 -0.000456517 -0.000424588 0.000515218 -7.15667e-05 -0.000176407 -0.000139797 
0.0403715 -0.000899681 0.0253137 -0.0222639 0.000350824 -0.0208088 0.0156321 0.000359814 0.000362345 -3.14738e-05 -0.0107639 -0.0111296 0.0177053 -0.00278711 -0.0244512 -0.0172794 -0.0489893 -0.04626 0.00449844 0.000685128 0.0514131 0.0673236 0.0293108 -0.0043441 0.185054 -0.0402147 0.0095859 -0.002038 0.0698744 0.00150408 -0.0193883 0.0160369 -0.00816002 -0.0203943 0.00284703 -0.00243167 0.000400559 -0.00670175 -0.0989738 -1.52523e-05 -0.00463922 0.017119 -0.0593521 0.00607571 0.0254224 -0.0506311 0.00158149 -0.025568 -1.85048e-05 0.0446902 2.18526e-05 2.04013e-05 -0.0077197 0.000664783 -0.00325695 -0.00801152 0.0356786 0.0170211 -0.0396464 -0.000893801 0.00280242 -0.000490647 -0.00188968 -0.0054618 -0.0158048 0.00680709 0.00126591 -0.0627221 -1.81586e-05 0.00162545 -0.0082965 -0.00114279 0.0128592 -0.0576917 0.00151753 0.121451 0.00206865 -4.27431e-06 -0.0114699 0.00464545 0.00373528 0.0020851 -0.00370686 0.0348412 0.0599513 -0.00843021 -0.01645 0.00070949 0.0163765 -0.00162573 0.000124201 -0.120871 -0.0484812 2.11534e-06 0.0127376 -0.00643662 0.00122572 0.000897905 0.00398115 0.000422094 
0.0656099 -0.00245659 -0.0327562 -0.0524199 -0.00136988 0.0211368 -0.00185883 -0.000691382 -0.00014111 -0.0628211 -0.0119909 0.0557391 -0.029878 -0.017031 -0.000304424 0.00588951 0.0305559 -0.0577505 0.0879926 0.0131024 -0.0616063 -0.0379558 -0.0265408 -0.0106459 -0.0402147 0.152948 -0.00963625 -0.00137987 0.025576 -0.000634179 0.0096508 -0.0149798 -0.00145757 0.0888356 -0.0135907 0.00178256 -0.000568473 0.0106366 0.0165852 -0.000111283 -0.0112939 -0.0128937 0.106879 -0.0508895 -0.0271764 0.0323317 -0.00274813 -0.0574784 -5.83805e-06 0.0242258 -0.000101604 -2.4156e-05 -0.000493679 -0.00123285 0.0802507 -0.0270691 0.0621472 -0.00572276 0.0417925 -0.0026242 -0.00464513 -0.00053682 -0.000431211 -0.0119338 -0.0693135 -0.00600007 -0.00721035 -0.0306502 -3.31684e-05 -0.00202102 -0.0694444 -0.00650842 -0.0158425 0.0461928 -0.0014683 -0.0292917 -0.00495897 1.41943e-05 -0.0678711 -0.00428581 -0.00799847 -0.0019533 -0.000720395 -0.0316021 -0.0223227 -0.022423 0.0913027 2.8324e-06 -0.020469 -0.00841749 -0.000159079 0.0686248 0.0100414 -4.47049e-06 -0.0125383 0.000851702 -0.00228766 0.000167989 0.00272184 0.00030041 
0.00287273 -4.92903e-05 -1.21337e-05 -0.00310092 0.000100625 0.000644164 0.00764873 8.3474e-05 2.48261e-05 -0.00187884 0.000479977 -0.00673309 0.00396316 0.000393945 -0.00177253 -0.00128373 -0.00214632 -0.00455733 -0.00177767 -0.00993316 0.00853508 0.0135229 0.0131268 -0.000877391 0.0095859 -0.00963625 0.0238369 0.00032263 -0.00282366 0.00178623 -0.000278511 0.00514188 0.00206392 -0.0111183 -0.00078351 0.000277504 0.000481205 0.00584449 -0.012636 2.7592e-06 0.000951186 -0.000300257 -0.0115224 -0.00147013 0.00181569 -0.00819302 0.000471946 -0.00390526 -4.41431e-07 -0.00294714 -2.57424e-06 -6.37601e-07 -0.00107111 -3.23081e-05 0.00415816 -0.00109916 0.00355753 -0.000540685 -0.0105848 9.95353e-05 0.000392428 0.00038999 6.87028e-05 -0.00117928 -0.00232769 -0.000125877 1.92697e-05 -0.0059114 -1.84714e-06 -0.000142963 0.00568259 0.000551312 0.00130333 -0.00398132 0.000604085 0.00855649 0.000136085 1.29116e-05 -0.00213296 0.00131195 -9.75832e-05 -4.75931e-05 -0.000221834 0.000676905 0.012049 -0.000820122 -0.000962394 -0.000393868 8.88613e-05 -0.00033427 6.23554e-05 -0.0116148 -0.0020819 5.37215e-07 0.00213088 -0.000273426 -7.18075e-05 -3.08817e-05 -4.0224e-05 3.1078e-05 
-0.00338882 0.00160155 -0.00103535 -0.00278027 -2.51744e-05 0.0069529 -0.000157272 4.03881e-06 -1.81781e-06 0.00226846 -0.000339973 -0.00107403 -0.000359951 -3.30322e-05 -0.000623213 -0.00052877 -0.000512056 -0.000593917 -0.00180867 0.00264802 -0.000777951 -0.00134948 -6.92001e-05 -0.000186802 -0.002038 -0.00137987 0.00032263 0.0131955 0.00172737 -1.43938e-05 -0.00112491 -0.000143818 -0.000183474 0.000125362 0.000974944 -0.000113479 0.000108516 -0.000733434 -0.00480109 -1.08034e-06 -0.000216704 -0.000302085 -0.00179113 -0.000716945 -0.000153186 -0.00315964 -0.000109887 0.00153152 -2.81838e-06 0.000714613 8.23104e-07 1.19419e-06 -0.000528783 0.00010203 -0.000856547 -0.000509402 -0.00132092 0.000379347 0.00202804 -2.84443e-05 -4.42584e-05 1.6773e-05 -6.16149e-05 0.00084496 0.0017254 -0.00012185 -4.74541e-05 -0.00516732 9.16296e-08 0.000183594 0.00324721 -1.71846e-05 0.000655503 -0.00168555 3.82829e-05 -0.000567804 0.00123436 -1.51005e-07 0.00263003 -8.99232e-05 0.000600021 4.26534e-05 0.00154785 -0.000235366 -0.000965893 0.00160658 -0.00114477 -0.000178077 -0.000159988 -0.000311837 1.86668e-06 0.000837962 -0.00281571 -1.49947e-07 -8.43196e-05 -9.55401e-05 -5.95277e-05 2.45858e-06 -0.000132755 -3.96532e-05 
0.0425059 -0.000543245 0.00321561 -0.0366787 -0.000154132 0.0103145 0.0100356 -8.04631e-05 -1.09388e-05 -0.0156027 -0.0082178 0.0347619 -0.00592343 -0.00541372 -0.01879 -0.0133917 -0.0430028 -0.0413732 0.0272236 0.0606506 -0.00289993 0.0146455 -0.00432477 -0.00176038 0.0698744 0.025576 -0.00282366 0.00172737 0.152073 -0.00199499 -0.0209089 -0.00237815 -0.00787255 0.0183141 -0.00651351 -0.00187444 -0.000772138 -0.0493863 -0.0729095 -3.19379e-05 -0.00448442 0.00241886 0.0181831 -0.0132007 -0.00366744 -0.0714283 -0.00130712 -0.0244756 -3.71005e-05 0.109915 -4.78566e-06 -7.10056e-06 -0.00894147 -6.46033e-05 0.011163 -0.00735792 0.032398 0.0136038 0.0175653 -0.000739554 -0.00112637 -0.000558017 -0.0011906 -0.00680778 -0.0240458 -5.97703e-05 -0.0015004 -0.0677973 -1.46004e-05 6.12751e-05 -0.0274499 -0.00248674 -0.0034103 -0.0123127 -7.41632e-05 0.0776561 -0.00115564 -1.18769e-05 -0.021563 -0.000734286 -0.00329568 0.000630538 -0.00019413 0.000589482 0.0260718 -0.00853402 0.0220021 -0.00110565 -0.0039807 -0.00378197 -1.37078e-05 -0.0635569 -0.0426792 -2.93494e-06 -0.00338924 -0.0053011 0.000598999 0.00110064 0.00492738 -0.000318714 
0.00280779 -5.32828e-05 -0.000285932 -0.00191717 -2.37452e-05 0.00213487 0.00164236 1.6069e-05 1.31829e-05 -0.000757402 -0.000498948 -0.00280783 0.00183255 -0.000341153 -0.00127898 -0.000750864 0.00416002 -0.00246837 0.00141622 -0.00510167 8.29757e-05 0.00184026 0.00201526 -0.000350372 0.00150408 -0.000634179 0.00178623 -1.43938e-05 -0.00199499 0.0109301 -0.00114338 0.000505139 -0.000606864 -0.000238978 0.00020894 0.000226588 0.000179808 0.00468862 -0.00515778 2.35747e-06 -0.000252136 0.000315995 -0.00597869 -0.000287081 -0.000353815 -0.00199243 -8.15854e-05 -0.00206287 1.33612e-06 -0.00235356 -2.23245e-06 4.3988e-06 -0.000206323 -1.58272e-05 0.00299396 -0.000428082 0.00329086 -0.00022259 -0.00484954 -5.56423e-05 -5.65584e-05 -1.40073e-05 -8.76668e-05 -0.000544416 -0.00140506 8.7769e-05 -8.68825e-05 -0.00454665 -9.07931e-07 5.58893e-05 0.00199619 -0.000134871 -0.000172333 0.00425374 -7.07784e-06 0.000386378 -5.82208e-05 4.32996e-06 -0.00106416 0.000368157 -0.000116533 6.31787e-05 -0.000175989 -0.000160208 0.00309487 -0.000566546 0.00119302 -0.000213728 0.000425061 -0.000305528 -1.90546e-06 -0.00112298 7.10817e-05 1.90675e-07 -7.55842e-05 -0.000231347 -5.07802e-05 -1.74382e-05 0.000203813 -1.75528e-05 
-0.00514585 -0.000727145 -0.00309027 0.0156784 0.000598226 -0.0205813 -0.00228268 -8.95619e-05 -7.24635e-05 -0.00972718 0.00163392 -0.0188162 -0.00308981 0.00775734 0.0100809 0.0257603 -0.0262968 0.000573817 -0.00450878 -0.00901702 -0.00111516 -0.00791714 0.0027385 -0.00298002 -0.0193883 0.0096508 -0.000278511 -0.00112491 -0.0209089 -0.00114338 0.105887 -0.000484962 0.026419 0.0188102 -0.0007652 5.95401e-05 -0.000388085 -0.0230343 0.0312923 -1.44911e-05 -0.00139102 -0.00264248 0.0112088 -0.00763266 0.00219729 0.0375735 0.00090071 -0.0186457 -8.56151e-06 -0.0176924 -7.2071e-06 -4.68297e-06 0.00194925 -0.000107519 0.0106265 -0.00348258 -0.0340687 -0.00418916 -0.00341295 -0.000141863 -0.000117176 -8.61006e-05 0.000397611 -0.00439289 -0.0134505 -0.000989309 -0.00107579 0.0614037 -1.04862e-05 -0.000612045 -0.0194059 -0.000724147 -0.000101702 -0.0373842 -0.000239949 -0.0171874 -0.000749531 3.80602e-05 -0.0133542 -0.000839699 -0.00173786 -0.00024746 0.000276755 1.90362e-05 -0.00873578 0.0031735 -0.00676255 0.00213116 -0.00274903 0.00524701 0.000146111 0.0145012 -0.0135395 -2.09719e-07 -0.000728674 0.01432 -0.00034941 -0.000226996 -0.00267796 0.00184189 
0.00356807 -0.000146278 -0.000953257 -0.00551839 -5.26979e-05 -0.00323763 -7.57157e-05 0.000238353 0.000258303 -0.00135728 -0.000704388 -0.0067377 0.00162515 -0.000612747 -0.00264151 -0.00218074 -0.00413399 -0.00542938 -0.00192288 -0.0131508 0.0178202 0.0130326 0.0105298 0.00188484 0.0160369 -0.0149798 0.00514188 -0.000143818 -0.00237815 0.000505139 -0.000484962 0.0237292 -0.000236097 -0.0110635 -0.000201179 5.68091e-05 4.47853e-05 0.0100209 -0.0116905 -2.32457e-06 -3.98946e-05 0.00323269 -0.0157519 -0.00083695 0.0101623 -0.00357997 -0.000134804 -0.00424805 1.09608e-05 -0.00459315 4.6167e-06 2.08649e-05 -0.00112557 0.000152795 -0.000702552 -0.00050973 0.00626757 0.00386289 -0.0151597 -0.000119896 0.000149901 5.30373e-06 -0.000168655 -0.00122922 -0.00291868 0.00309855 6.59665e-05 -0.00457993 9.22022e-09 0.000596198 0.00139754 1.37496e-05 0.00473118 -0.00610459 0.000451971 0.0131813 1.36003e-05 -1.07066e-06 -0.00247289 0.00230158 -0.000275154 0.000986332 -0.000418539 0.0082948 0.0109379 -0.00117044 -0.00860381 -0.000408295 0.0031166 -0.000549061 0.0001204 -0.016403 -0.00443473 1.36334e-06 0.00737565 -6.05939e-06 -7.62892e-05 -1.2295e-05 0.00171928 -9.62769e-05 
0.000847325 -0.000311798 0.00550755 0.00682243 0.000314744 -0.00881761 -9.74304e-05 6.22263e-05 2.75828e-06 -0.00505773 0.00906061 -0.00264922 -0.00155287 0.00962177 0.00187853 0.0042289 -0.0104491 0.00257983 -0.0115473 -0.0135737 0.00500167 -0.00279475 0.000984135 -0.00135342 -0.00816002 -0.00145757 0.00206392 -0.000183474 -0.00787255 -0.000606864 0.026419 -0.000236097 0.0538432 0.00159019 -0.000892266 -0.000144451 -0.000226755 -0.00931173 0.0121692 9.92565e-06 0.00421044 -0.00133741 -0.00278588 -0.00334973 -0.000460802 0.00919822 -0.000156524 -0.00863954 2.36941e-05 -0.00421597 8.54602e-06 2.87819e-06 0.000376743 -5.89288e-05 0.00281251 -2.31407e-05 -0.0169746 -0.00191283 -0.00643533 0.000150385 -0.000143685 0.00107258 0.000124026 -0.00256326 -0.00343839 -0.000510279 -0.000320068 0.021507 8.9817e-06 -6.34499e-05 -0.00794711 0.00649165 -0.000231613 -0.0123368 -0.000115991 -0.00683496 -0.000301158 2.46591e-05 -0.00563616 -0.000357354 -0.000691165 -7.8399e-05 -0.000899273 -0.00104671 -0.00284782 -0.000427226 -0.0126446 0.00241188 -0.00140034 0.00185926 7.00454e-05 0.000511746 -0.00161069 -1.12876e-06 -3.52581e-05 0.00143756 -6.99859e-05 -7.27915e-05 -0.000318598 0.00128094 
0.100611 -0.00209298 -0.0379298 -0.0682031 -0.000219974 -0.00178656 -0.0132024 -0.000454399 -9.50524e-05 -0.0506578 -0.0228162 0.0397487 -0.0199472 -0.0108787 -0.0529706 0.0299649 0.00986821 -0.108855 0.0655591 0.0125566 -0.0441126 -0.0325832 -0.0112317 -0.0114015 -0.0203943 0.0888356 -0.0111183 0.000125362 0.0183141 -0.000238978 0.0188102 -0.0110635 0.00159019 0.245472 -0.00939406 0.00298605 -0.000176244 0.0296286 0.0241112 -7.62891e-05 -0.0116812 -0.0122722 0.0751268 -0.0416303 -0.0157685 0.0430853 -0.00424511 -0.072858 -9.88676e-05 0.0117783 -5.03827e-05 -1.21947e-05 -0.0215688 -0.000223336 0.136715 -0.0174312 0.0691132 -0.00779395 -0.0201984 -0.00197398 -0.00324846 -0.0016434 -0.00186611 -0.0166382 -0.0622188 -0.00499815 -0.00451183 -0.027253 -3.90984e-05 -0.00105112 -0.0630774 -0.00661965 -0.0106993 0.0423505 -0.00134541 -0.0237453 -0.00343578 1.09489e-05 -0.052503 -0.0022613 -0.00474967 -0.00179274 -0.00239304 -0.0224569 -0.0253049 -0.0150516 0.0517842 0.00297426 -0.0130071 -0.00323577 -5.67303e-05 0.0532283 -0.015912 -5.62841e-06 -0.00848489 0.000175858 -0.00257065 0.000571138 -0.00431287 0.00110147 
