0.0135779 0.000406654 -0.000417694 3.67841e-06 -0.000211621 7.28965e-05 9.21e-05 0.00595388 0.000599732 0.00173641 -0.00303893 -8.99433e-05 -2.19403e-05 2.89015e-05 -0.00155213 -0.00265797 -0.00156539 -0.00122869 -0.000128856 -0.00213837 0.00235197 -0.00610225 -0.00283356 -0.00436706 0.00316823 -0.000160276 -0.00132633 0.000347874 0.000254187 0.00444054 9.04939e-05 -0.00504306 1.09139e-05 -0.000713906 2.35557e-05 -0.000598131 -1.18124e-05 -0.000103074 -2.06338e-05 -6.11836e-05 0.00125414 2.15724e-05 -0.000208026 0.00521792 -0.00024097 0.00390953 -0.000936592 0.00451554 0.00123217 1.95998e-06 0.002487 -0.00135797 0.00357384 0.000648003 0.00026414 2.84695e-05 0.00323726 0.000106471 -1.85689e-07 1.30382e-05 8.32771e-06 -0.000480314 -0.000232594 -1.10966e-05 0.000102944 4.66978e-05 -0.000126756 -0.00336118 -0.00140657 -6.41219e-05 -0.00294173 -0.000529925 -0.00385132 -4.62712e-05 -0.00583967 -0.000384392 -0.000905641 0.00326442 -0.00124446 -0.00226518 0.000711308 -9.85062e-05 -4.97885e-05 0.000436498 1.23883e-06 0.0011247 3.45079e-05 -0.000217731 0.000628684 0.000376104 0.00137497 0.000281514 0.000212733 0.00387586 -9.35068e-05 -0.00310745 -0.00313901 -0.00299741 6.79165e-06 -0.00162713 
0.000406654 0.00986333 -0.000290886 -6.78955e-05 1.4716e-05 -1.01738e-05 -0.000343545 0.0038134 -1.46669e-05 0.00315744 -0.00233742 -0.00013881 -0.000494627 1.16535e-05 -0.00231174 -0.00280317 -0.00400005 -0.00143965 -0.000278406 -0.00124257 0.00241001 -0.00480008 -0.00325847 -0.00498055 0.00460056 -0.000139224 -0.00131913 -0.000250113 0.00510757 0.00595749 1.67286e-05 -0.00528263 -8.18765e-05 0.00139794 9.23496e-06 0.00033511 0.000132427 0.00105913 -2.05503e-05 6.09469e-05 0.00261929 4.56863e-06 -0.000106338 0.00513139 5.69016e-05 0.00446155 -0.000566641 0.0041417 -0.000114944 -4.42737e-07 0.00123001 -0.00114798 0.00331371 -0.000117105 -6.6694e-07 0.00126036 0.0024307 -6.12379e-06 3.10991e-08 -1.60362e-06 1.98079e-05 -0.000493308 -0.000180833 -5.45558e-06 -2.77674e-05 2.15286e-06 0.000467429 -0.00568703 -0.0025682 0.000141299 -0.0044951 -0.000255063 -0.00583304 -4.48735e-07 -0.00574304 -0.000548149 0.000126399 0.00272743 -0.000976186 -0.000809274 0.000485191 0.00131634 -2.37254e-05 -0.000106061 0.000657097 0.000118012 -4.46271e-05 -0.000198188 0.00011829 0.000826652 0.00153183 0.00162249 -0.00042047 0.00511793 0.000767184 -0.00418891 -0.00429268 -0.00208508 0.00015009 -0.00224946 
-0.000417694 -0.000290886 0.0357007 -0.000310286 -0.000888963 1.7947e-05 -0.00044362 -0.00665556 -0.00064242 -0.0056516 -0.00427955 -0.000609496 -0.00134871 -0.000135401 -0.00777853 -0.00851136 -0.0126292 -0.00550569 -0.00469486 0.0176919 0.00753419 -0.0013116 -0.00138 0.00762415 -0.00653291 0.000694295 -0.00506828 -0.000762982 -0.00996584 -0.0100353 -9.28782e-05 0.0113223 0.000447884 -0.00432036 -1.49752e-05 -0.00156176 0.00116087 -0.000585205 0.000149034 -0.000402912 -0.00657621 -1.11092e-05 -0.000566182 -0.0083387 -0.0011544 -0.00789219 -0.00188896 -0.00483526 -0.000404769 1.465e-06 -0.00113677 -0.00265002 -0.00380796 -0.00102962 -0.000145958 -0.000436656 -0.00889338 -0.000138414 2.29674e-06 4.07326e-05 1.64925e-05 0.0146921 0.000366403 -5.06654e-05 -0.000340371 -2.78552e-05 -0.000706381 0.00787385 0.0216327 -0.000192532 -0.00421777 0.000399746 -0.00197299 -0.000229312 0.0102238 -0.00193166 -0.00463334 -0.00588701 -0.00200685 -0.0048136 -0.000440408 -0.000539695 0.00073602 -0.000346156 5.12562e-05 -0.000278294 -0.000158298 -0.000556574 -0.000714165 -0.000377749 -0.00188858 -0.00595784 5.26915e-05 -0.00793288 -0.000370487 0.0060272 0.0145313 0.0239998 -1.58478e-05 0.0163316 
3.67841e-06 -6.78955e-05 -0.000310286 0.00861488 -0.000213281 1.72935e-06 -0.000133567 -0.00173685 -0.000143891 -0.00134669 -0.00148317 -0.000131025 -0.000518285 -6.84229e-06 0.0013525 0.00375336 0.00264503 -0.000656128 4.86324e-05 -0.000875627 -0.000579965 0.00105015 0.00245782 0.00127306 -0.00154315 5.2772e-05 -0.000496725 0.000325613 -0.00249338 -0.00245095 2.50196e-05 0.00217939 -5.6996e-05 -0.000754522 -2.56678e-06 0.000164714 -6.62884e-05 -0.000130384 2.90262e-05 0.000133311 -0.00104416 -4.32611e-06 -5.58452e-05 -0.00198289 -0.00029239 -0.00191855 0.000362982 -0.00118377 -0.000125858 -6.35394e-07 -0.000265737 0.000459923 -0.00145754 -0.000367933 -3.20676e-06 -5.13021e-05 -0.00214526 6.15832e-05 -4.24198e-07 -4.33438e-06 -1.58698e-06 -0.000376094 9.37639e-05 5.77824e-05 -0.000111483 -2.00648e-06 0.000155157 0.00136168 0.000368022 -5.44332e-05 0.00145568 -0.000371993 0.00165739 -5.92675e-06 0.00175526 -4.76653e-05 -0.000852153 -0.00102841 -0.00054304 -1.47799e-05 -0.000104769 -0.000155485 -2.93806e-05 -6.67721e-05 -3.29889e-05 -0.000127522 0.000215767 0.00034137 -0.000234313 -0.000102725 -0.000435402 -0.000369639 0.000264469 -0.00200238 -9.34914e-05 0.00169443 0.00184144 -0.000721633 2.91508e-08 -0.00126869 
-0.000211621 1.4716e-05 -0.000888963 -0.000213281 0.0257108 -2.38674e-05 -0.000519972 0.0112111 -0.000321235 -0.00196307 -0.0058258 -0.000382881 -0.00166809 -3.16591e-05 -0.00530184 -0.00680035 -0.0111401 -0.00199757 0.00190411 -0.00161297 0.0024652 -0.0131838 -0.00806873 -0.000917177 -0.00115098 -0.000179756 -0.00142297 6.78046e-05 0.0113902 0.0123777 -4.15568e-05 -0.0146946 0.00115058 0.000239952 2.04785e-06 0.00118555 0.000973371 0.00013635 0.000136091 -0.000121985 0.00122045 -8.62722e-06 0.000832336 0.012657 -0.000104298 -0.00273256 -0.00169427 -0.00121189 0.000936826 3.8043e-05 -0.000764128 -0.0018663 0.012459 0.001316 0.000561636 0.00120145 -0.00310946 0.000361562 9.75166e-07 0.000314215 3.94229e-05 -0.00114755 0.00141646 3.45037e-05 -6.5363e-05 5.72555e-05 -0.000226764 -0.000560557 -0.00663294 0.000408321 0.00532072 0.000506154 -0.0127192 -0.000136677 -0.0143946 -0.000385126 0.00884154 0.00965943 -0.00224366 -0.00151324 -0.000289192 0.000150851 -3.52571e-05 0.00130663 0.000828497 0.000299903 -5.80863e-05 -0.000468671 0.00660432 2.77833e-05 0.00755121 0.012933 -0.00114504 0.00270607 -0.000237205 -0.0174645 -0.0100244 -0.00519862 4.20428e-05 0.00552368 
7.28965e-05 -1.01738e-05 1.7947e-05 1.72935e-06 -2.38674e-05 0.00112266 0.000592799 -0.00018195 -1.93996e-05 -0.000175904 0.000196148 -1.47354e-05 -3.85329e-08 6.49272e-07 -0.000140423 0.000308016 0.000497821 -6.25894e-05 -0.000176372 -0.000158695 -0.000485468 0.000237976 -0.000389384 0.000173148 -0.000198773 7.87388e-05 -7.52666e-05 -8.40008e-06 -0.000316589 -0.000318655 4.40289e-05 7.76731e-05 1.91241e-05 -0.000130744 -3.15205e-07 -4.31461e-05 2.17194e-07 -1.8035e-05 4.648e-06 8.40125e-06 -0.000182625 -9.32322e-08 -1.32481e-05 -0.000241114 -3.80212e-05 -0.000247652 1.73059e-05 -0.000149162 -4.13251e-06 1.8206e-06 -3.39228e-05 0.000454802 -0.000140212 -3.13319e-05 -4.26763e-06 -1.25488e-05 -0.000307285 -6.30322e-06 -2.97186e-08 -3.00853e-07 -1.88723e-07 -5.29246e-05 -2.01158e-05 -2.72984e-07 -1.14494e-05 1.0425e-06 -1.30361e-05 0.000236333 -0.000208847 -6.7165e-06 0.000169854 -1.86665e-05 0.000253488 1.93579e-05 0.000276687 0.000177985 -5.14296e-05 -0.000137693 -1.39092e-05 -3.82141e-05 -1.24286e-05 -2.08815e-05 6.70904e-06 -1.65961e-05 5.9426e-06 5.39624e-05 -2.89411e-06 -5.71682e-06 -2.20629e-05 -1.34197e-05 -5.11383e-05 -0.000152743 0.000135051 -0.000259956 -1.12064e-05 8.84491e-05 0.000178029 -0.000160575 -2.68118e-07 0.000133085 
9.21e-05 -0.000343545 -0.00044362 -0.000133567 -0.000519972 0.000592799 0.0340927 -0.0064419 -0.000463863 -0.00505456 -0.000149655 -0.000532027 0.000990949 -4.48011e-05 -0.00433681 0.0116881 0.0118935 -0.00187522 0.000927495 -0.0047874 -0.0127856 0.00342891 -0.0103242 0.00483706 -0.00514079 5.69663e-05 -0.00353363 0.00115834 -0.00900687 -0.00977705 0.000137754 0.00985005 5.24506e-05 -0.00341048 -1.61933e-05 -0.000804647 0.000184581 -0.000567488 0.000349217 0.00113756 -0.00421975 -5.21238e-06 -8.20931e-05 -0.00791717 -0.00115789 -0.00718 0.000939585 -0.0045202 -0.000697598 -1.06514e-06 -0.00109248 0.0106264 -0.00375279 -0.00154952 -7.99879e-05 -0.000413106 -0.00909985 -9.69575e-05 -3.66005e-07 -1.10209e-05 2.76626e-05 0.0022019 -0.000248858 -4.06056e-05 -0.000150394 -2.79972e-05 -0.000264854 0.00618887 -0.00664121 -0.000154767 0.000698641 0.00040745 0.00476234 0.0010257 0.00887577 0.00370126 -0.00273421 -0.00725845 -0.00287498 0.00462824 -0.000382003 -0.000578197 0.000215659 -0.000580803 0.000171105 0.00161614 -9.50409e-05 0.00407214 -0.000958778 -0.000428906 -0.00167307 -0.00534349 0.00848116 -0.00826532 -0.000319244 0.00652707 0.00952828 -0.00278086 -1.59712e-05 0.00802301 
0.00595388 0.0038134 -0.00665556 -0.00173685 0.0112111 -0.00018195 -0.0064419 0.169473 0.0104994 0.054238 -0.0531626 -0.000117361 -0.0110338 0.000200289 -0.0469323 -0.0600179 -0.0855612 -0.0323249 0.00562194 -0.0326615 0.0615006 -0.124191 -0.0693404 -0.0772843 0.0639743 -0.00308812 -0.0260411 -0.00312405 0.115134 0.125461 0.000166536 -0.117271 -0.00110544 0.0116652 0.000153866 -0.00536507 -0.000906864 0.00912893 -0.000907181 0.00365536 0.042758 0.000340405 -0.000563806 0.142006 0.0247322 0.090574 -0.0154283 0.0716794 0.000158999 -2.58099e-05 0.0197342 -0.026192 0.0886208 0.00492198 0.00141403 0.00521551 0.10498 -0.00128797 -1.15404e-05 2.29227e-05 0.0003637 -0.0122159 -0.00362683 -2.87214e-05 0.000595653 0.000403312 0.0023941 -0.0878411 -0.0507671 0.003108 -0.0454965 -0.00272092 -0.0788104 -0.00171664 -0.131638 -0.0134756 0.0241191 0.0473144 -0.0206413 -0.0268836 0.00625553 0.00327519 -7.3824e-05 -0.00082493 0.000566594 0.000365849 -0.00125867 -0.00393763 -0.000393033 0.0072791 0.0381934 0.0686258 -0.00586898 0.0847247 0.00459128 -0.0823529 -0.0851773 -0.046733 5.83996e-05 -0.0297998 
0.000599732 -1.46669e-05 -0.00064242 -0.000143891 -0.000321235 -1.93996e-05 -0.000463863 0.0104994 0.0177038 0.00703705 -0.00399842 0.000425937 -0.000260107 5.12919e-05 -0.0033025 -0.00468496 -0.00621738 -0.00237016 -0.00311666 -0.00280047 0.00422124 -0.0086722 -0.00418841 -0.00900971 0.00169708 -0.000217371 -0.00224027 -0.000113646 0.00940175 0.00945522 -2.92451e-05 -0.00875405 -0.000134752 0.00181658 5.31284e-05 -0.000210307 6.37462e-05 0.00355208 -5.0777e-05 0.00182121 0.00364117 8.78172e-05 -0.000190706 0.0109935 0.00294152 0.010837 -0.000610776 0.00644265 -0.000329714 -1.87257e-06 0.00420089 -0.00223339 0.0060554 -0.00013626 0.000778168 7.35533e-05 0.00850086 -8.23581e-05 -5.71416e-07 8.79532e-06 1.59163e-05 -0.00106065 -0.000197489 -2.18325e-05 0.000989053 6.99619e-07 0.00018695 -0.0111251 -0.00561332 0.000784316 -0.00749114 -0.000651789 -0.00955735 -3.99358e-06 -0.0102478 0.000221586 -0.00196895 -0.000143661 -0.0016467 -0.0016517 0.000218326 0.000117979 8.66858e-05 -0.000271088 4.25234e-06 0.000690012 -0.000103947 -0.000250049 -0.000490478 0.000553672 0.00480209 -0.00117911 -0.000604431 0.00569966 0.000679981 -0.00451893 -0.00572221 -0.00366215 -2.95287e-07 -0.00426511 
0.00173641 0.00315744 -0.0056516 -0.00134669 -0.00196307 -0.000175904 -0.00505456 0.054238 0.00703705 0.132702 -0.0398785 0.0121264 -0.0107423 0.0010182 -0.0365924 -0.0445393 -0.0720341 -0.0234868 0.0679333 -0.0252288 0.0468077 -0.0913068 -0.0878983 -0.116305 0.0856579 -0.00219288 -0.0211401 0.00484999 0.10382 0.105994 -0.000245169 -0.0987404 -0.00123317 0.0743984 -2.05453e-05 0.0240934 -0.00107157 0.00622051 -0.000915621 0.00424404 0.113257 0.000189388 0.00985246 0.0796215 0.00312341 0.116274 -0.0104725 0.0598097 0.00305788 -7.41169e-06 0.0242278 -0.0202439 0.0119936 0.0141033 -0.000563071 -0.00137299 0.0977309 -0.000707855 1.31736e-05 -7.69221e-06 -4.55918e-05 -0.00942817 0.00448089 -9.32567e-05 0.00123855 -7.90828e-05 0.00171243 -0.117365 -0.050555 -0.000999765 -0.0856594 0.0278324 -0.106031 -4.1398e-05 -0.107702 -0.00833605 -0.0184826 -0.0194909 -0.0159077 0.0325442 0.00893008 0.00625501 -0.000291989 0.00242444 -3.91468e-05 0.00142934 -0.00081049 -0.00252304 -0.000645798 0.000478952 0.00313643 -0.00644239 -0.00636303 0.107766 0.00265624 -0.0239767 -0.0866883 -0.0353482 0.000118216 -0.0458067 
-0.00303893 -0.00233742 -0.00427955 -0.00148317 -0.0058258 0.000196148 -0.000149655 -0.0531626 -0.00399842 -0.0398785 0.189123 -0.00389177 -0.0135334 0.00055127 0.0871965 0.0996129 0.107398 0.0733604 -0.0354035 -0.0235776 -0.125071 0.0786473 0.019345 0.0533071 -0.0448836 0.00840554 0.0730813 -0.0041936 -0.0655067 -0.0717863 2.68087e-05 0.0372693 0.000855579 -0.0304201 -9.95023e-05 -0.0114696 0.00117926 -0.0038853 0.000625165 -0.00305527 -0.0433362 -0.000123862 -0.00370927 -0.0581014 -0.00850111 -0.0559252 -0.00234929 -0.0342053 -0.00507682 4.20628e-05 -0.00788888 0.0124469 -0.0344601 -0.00473368 -0.000863841 -0.000690242 -0.068319 -0.000744811 -9.19162e-06 9.75877e-05 -0.000180645 -0.00487001 -0.00435908 -0.000155559 -0.00397896 -0.000194238 -0.00229788 0.0595886 -0.0509294 -0.00088509 0.0493436 -0.00976293 0.058141 -0.00182842 0.0712751 0.0174425 0.0209548 -0.0420054 0.0571078 0.00933768 -0.00305173 -0.00462873 -0.000912969 -0.00314703 -0.000169286 -0.00411446 -0.00118375 -0.00255967 -0.00606372 -0.00291766 -0.0128835 -0.0403768 -0.00645222 -0.0577898 -0.00290121 0.00295169 -0.015907 0.0160572 -0.000100061 -0.0383895 
-8.99433e-05 -0.00013881 -0.000609496 -0.000131025 -0.000382881 -1.47354e-05 -0.000532027 -0.000117361 0.000425937 0.0121264 -0.00389177 0.0162886 -0.000566647 0.00030665 -0.00386623 -0.00443838 -0.00729014 -0.00242264 0.00524686 -0.00245755 0.00451158 -0.00792256 -0.00800551 -0.0113698 0.00879727 -0.000221948 -0.00216311 -0.000167348 0.00863709 0.00895176 1.81151e-06 -0.00909407 -0.000132792 0.0120348 1.28844e-05 0.00442623 -0.00012473 -0.000106212 -4.81116e-05 -3.21559e-05 0.011668 3.32552e-05 0.00214822 0.00359364 -0.000462854 0.0110455 -0.00110543 -0.000582909 7.93926e-05 1.74822e-06 0.000406684 -0.00203197 2.70672e-05 -0.000480544 -6.62556e-05 -8.31093e-05 0.00926959 -9.69255e-05 4.42749e-06 -7.54972e-06 -8.45156e-07 -0.000766276 0.00122584 -1.01894e-06 -0.000232366 -1.30935e-05 -0.00024007 -0.0113465 -0.00441223 -7.86256e-05 -0.0078388 0.00635589 -0.0106464 0.000529709 -0.0100103 -0.000945621 -0.00205169 -0.00375388 -0.00166091 0.00838536 -0.000151714 9.86776e-05 3.59303e-05 -0.000151641 0.000188426 -0.000149345 4.7454e-05 -0.000128878 -0.000431851 -0.000152327 -0.000309343 -0.00265493 -0.000200553 0.00853179 0.000206788 0.000101332 -0.00790569 -0.00355452 -1.70345e-06 -0.00470601 
-2.19403e-05 -0.000494627 -0.00134871 -0.000518285 -0.00166809 -3.85329e-08 0.000990949 -0.0110338 -0.000260107 -0.0107423 -0.0135334 -0.000566647 0.0682675 -0.000195217 -0.0160677 4.20443e-05 0.0154269 -0.0102718 -0.00778993 -0.00524987 0.0129889 0.00925097 0.0101981 0.00734935 -0.0121739 0.0016061 -0.00860249 -0.000733419 -0.0197551 -0.0195889 0.000963101 0.0179204 -0.000451185 -0.00399114 -1.70046e-05 0.00305212 -0.000161032 -0.00106952 0.00148397 0.00083065 -0.0075157 8.83127e-06 -0.000187763 -0.0157471 -0.002504 -0.0156611 0.0117963 -0.00960191 -0.001729 -8.84201e-06 -0.00215779 -0.00347833 -0.00632979 -0.00256566 -0.000284205 -0.00029244 -0.015662 0.000217059 2.02215e-06 -2.68894e-05 -3.77173e-05 0.00285104 0.000174989 0.000174061 -0.000817291 -5.22551e-05 -0.000394149 0.011149 0.0153016 -0.000433196 -0.0207586 -0.00256562 0.00517831 0.000432005 0.0158488 0.00773163 -0.00712364 0.0111242 -0.00533128 0.00518439 -0.000879577 -0.00107647 0.000351794 -0.000843434 -0.000304521 0.000445924 0.00203565 0.00473249 -0.00209841 -0.000845961 -0.00324374 -0.00599339 0.00304427 -0.0146448 -0.000781989 0.0154924 0.0203707 0.00466418 -1.29461e-05 0.00961487 
2.89015e-05 1.16535e-05 -0.000135401 -6.84229e-06 -3.16591e-05 6.49272e-07 -4.48011e-05 0.000200289 5.12919e-05 0.0010182 0.00055127 0.00030665 -0.000195217 0.00374126 0.000525846 -2.18611e-05 -0.000285321 0.000625355 8.59062e-05 -0.000575037 -0.00042793 -0.000992537 -0.000798642 -0.0013022 0.00088226 0.000180754 0.00106203 0.000450484 0.000588951 0.000746152 2.23855e-05 -0.00200265 -1.2736e-05 0.00105438 9.60657e-07 7.23741e-05 -2.04853e-05 -2.11868e-05 5.84154e-05 0.0003814 0.0013168 3.52669e-06 0.000126173 0.00018564 -6.83207e-05 0.00106208 -0.000174076 0.000469037 2.92492e-05 3.43204e-06 6.59466e-05 -0.00019558 -0.000181684 4.7127e-05 1.68079e-05 9.58102e-05 0.000957974 -4.49759e-06 -2.07343e-07 7.79729e-08 -1.14682e-06 -0.000166691 -1.98423e-05 2.85486e-05 -3.98429e-05 7.08258e-07 -2.95938e-05 -0.00128975 -0.00117636 -1.10839e-06 -0.000817061 0.000352435 -0.00163451 0.000113103 -0.00118632 -0.000174144 0.000152786 -0.000663869 0.000810138 0.0010657 2.9341e-05 -2.71186e-05 -7.97919e-06 1.07764e-05 6.72593e-06 9.04761e-05 3.52868e-05 9.01825e-05 -1.88624e-05 -4.36261e-05 0.000337083 -0.000441356 5.10013e-05 0.00046993 -3.25418e-05 -0.00166108 -0.00203308 -0.000624958 1.9842e-05 -0.00110185 
-0.00155213 -0.00231174 -0.00777853 0.0013525 -0.00530184 -0.000140423 -0.00433681 -0.0469323 -0.0033025 -0.0365924 0.0871965 -0.00386623 -0.0160677 0.000525846 0.182171 0.0824068 0.0806834 0.0866202 -0.0285054 -0.0191208 -0.115681 0.0492853 0.04074 0.0534012 -0.0389467 0.00134124 0.0755352 -0.00725836 -0.0627781 -0.0666551 -0.000254317 0.033989 -0.00104955 -0.0306448 -8.42362e-05 -0.0114231 -0.00149179 -0.00269135 -0.000453789 -0.00324552 -0.0437327 -0.000116399 -0.00371493 -0.0522296 -0.0069229 -0.0504838 -0.0133478 -0.0317591 -0.0058199 -1.38744e-05 -0.00734511 0.0291168 -0.0355604 -0.00956475 -0.000590387 0.000723819 -0.0555925 -0.00147176 -1.0686e-05 -7.83622e-05 -0.000149793 -0.00656088 -0.00352286 -8.21806e-05 0.000421475 -0.000192975 -0.00285899 0.0539993 -0.0268352 -0.000583982 0.0893371 -0.00937895 0.0590681 -0.00180288 0.0646307 0.0169872 0.0259473 -0.0548668 0.0526808 -0.0246329 -0.00286332 -0.00451297 -0.000810961 -0.00375715 -0.000839667 -0.00396257 -0.000512491 -0.00323068 -0.00543065 -0.0029117 -0.0120191 -0.0230072 -0.00685608 -0.0503122 -0.00271991 -0.00689657 -0.0262343 8.29956e-05 -9.0708e-05 -0.0429852 
-0.00265797 -0.00280317 -0.00851136 0.00375336 -0.00680035 0.000308016 0.0116881 -0.0600179 -0.00468496 -0.0445393 0.0996129 -0.00443838 4.20443e-05 -2.18611e-05 0.0824068 0.20386 0.142235 0.0573059 -0.00844966 -0.0444364 -0.120297 0.0761811 -0.00498842 0.0503286 -0.0503052 0.00842898 0.0557464 -0.000662882 -0.0776887 -0.0769104 0.0010379 0.047455 0.00129657 -0.0275973 -0.000102248 -0.00514592 -0.000201692 -0.00442293 0.000104275 0.000423441 -0.0406413 -0.000110397 -0.00240747 -0.0656762 -0.00976203 -0.0628421 0.0174946 -0.0370213 -0.00682658 -7.47948e-06 -0.00883054 0.0172302 -0.0311633 -0.00582352 -0.000867239 -0.00192634 -0.0786678 -0.000153826 -1.32296e-05 -0.000124234 -0.000187854 -0.0143752 -0.00335866 0.000560325 -0.00380811 -0.000148753 -0.0031357 0.0578251 -0.0753975 -0.00117438 0.0324678 -0.011355 0.0611792 -0.00155715 0.0749796 0.0301296 0.0184448 -0.0327494 0.039895 0.0436311 -0.003432 -0.00535462 -0.00103958 -0.0023667 -0.000889529 -0.00500565 0.00212006 0.0110484 -0.00779409 -0.0029494 -0.0144736 -0.0421808 0.00688406 -0.0672687 -0.00314509 0.0203459 -0.0157806 -0.00326476 -8.70626e-05 -0.0456219 
-0.00156539 -0.00400005 -0.0126292 0.00264503 -0.0111401 0.000497821 0.0118935 -0.0855612 -0.00621738 -0.0720341 0.107398 -0.00729014 0.0154269 -0.000285321 0.0806834 0.142235 0.248454 0.0680381 -0.0245999 -0.0621332 -0.129649 0.121054 0.0483712 0.0915302 -0.079141 0.00663395 0.06532 -0.00591664 -0.119144 -0.119901 0.000751823 0.0958603 0.000288631 -0.0499636 -0.000182339 -0.0132929 -0.00127701 -0.00715081 0.000203164 -0.00207296 -0.0740131 -0.000187382 -0.00519821 -0.0981577 -0.0150914 -0.101073 0.0297018 -0.0577968 -0.0100307 -3.52274e-06 -0.0142567 0.0347811 -0.0517702 -0.0125956 -0.00118909 -0.00288876 -0.121281 -0.000852641 -2.25972e-05 -0.00018416 -0.000303529 -0.0214381 -0.0048931 1.51679e-05 -0.0030685 -0.000197864 -0.00189743 0.0998009 -0.0648631 -0.00234874 0.0616544 -0.0177838 0.112678 -0.00167614 0.118142 0.0308197 0.010071 -0.00915562 0.0397998 0.0208561 -0.00554792 -0.0072319 -0.00154981 -0.00601496 -0.00175728 -0.00408657 0.000759981 0.00698247 -0.0119947 -0.00481975 -0.020605 -0.0559363 0.020237 -0.103977 -0.00503166 0.0434415 0.0404365 -0.0105067 -0.000184179 -0.0288507 
-0.00122869 -0.00143965 -0.00550569 -0.000656128 -0.00199757 -6.25894e-05 -0.00187522 -0.0323249 -0.00237016 -0.0234868 0.0733604 -0.00242264 -0.0102718 0.000625355 0.0866202 0.0573059 0.0680381 0.128847 -0.00476647 -0.0230604 -0.0944943 0.0480308 0.0122851 0.0339957 -0.0266727 -0.000140165 0.0804475 -0.00242985 -0.0392728 -0.0436576 -0.00013772 0.0177146 0.000526071 -0.0186491 -4.94167e-05 -0.00669821 -0.00105936 -0.00195351 -0.000447869 -0.00201224 -0.0269797 -7.95224e-05 -0.00233977 -0.0346076 -0.00515801 -0.0329392 -0.00921769 -0.0206641 -0.00370821 -4.0792e-06 -0.00472684 0.00854406 -0.0256676 -0.00355026 -0.000287114 -0.000120671 -0.0410738 -0.000688535 -6.97322e-06 2.23792e-05 -0.000105369 -0.00753317 -0.00134922 0.000102616 -0.00204799 -0.000115008 -0.00283499 0.0346245 -0.0389329 -0.000765732 0.0524926 -0.00596452 0.0381763 -0.00120147 0.0417121 0.00636164 0.0256338 -0.0345385 0.0293151 -0.00906157 -0.00179498 -0.00269229 -0.00064571 -0.00170442 -0.000711471 -0.002726 -0.000280819 -0.00143506 -0.00414695 -0.00186935 -0.00756562 -0.0244526 -0.0047569 -0.0356345 -0.00174767 -0.0111028 -0.0349113 -0.010456 -5.53316e-05 -0.0306781 
-0.000128856 -0.000278406 -0.00469486 4.86324e-05 0.00190411 -0.000176372 0.000927495 0.00562194 -0.00311666 0.0679333 -0.0354035 0.00524686 -0.00778993 8.59062e-05 -0.0285054 -0.00844966 -0.0245999 -0.00476647 0.177076 -0.0266551 0.0122437 -0.0623099 -0.0736616 -0.0692972 0.0450515 -0.000936288 -0.000882371 0.00568084 0.0583537 0.0588452 0.000310991 -0.0482128 0.000342091 0.0558666 -3.01931e-05 0.0246486 -0.00027799 -0.00250167 -0.000410564 0.00210342 0.0815495 -9.34515e-05 0.00841467 0.0243725 -0.00240244 0.0648211 -0.00443225 0.0375459 0.00794082 1.03649e-05 0.00364103 -0.0157253 -0.0309371 0.0168377 -6.57639e-05 -0.00130362 0.0408769 0.00368913 1.50428e-05 0.000103205 -8.21634e-05 -0.0133468 0.0068635 0.000332514 0.000395652 -8.37089e-05 0.00391311 -0.0745222 -0.0473843 -0.00110795 -0.0731911 0.0274292 -0.0668188 0.000918889 -0.0587743 -0.00906616 -0.0234572 -0.0142508 -0.0114617 0.0485805 0.00415285 0.00579048 -0.000620725 0.0104711 -0.000557294 0.00217822 0.000911726 0.0069988 0.00949481 -0.000902491 -0.000452426 -0.0144813 0.00270389 0.0602613 0.000499938 -0.0158896 -0.0537733 -0.0358302 5.3267e-05 -0.0299582 
-0.00213837 -0.00124257 0.0176919 -0.000875627 -0.00161297 -0.000158695 -0.0047874 -0.0326615 -0.00280047 -0.0252288 -0.0235776 -0.00245755 -0.00524987 -0.000575037 -0.0191208 -0.0444364 -0.0621332 -0.0230604 -0.0266551 0.134715 0.0385606 0.0264618 0.0450505 0.0352862 -0.0270257 -0.00151745 -0.0209912 0.00376611 -0.0434903 -0.045234 -0.000422941 0.0525512 -2.93969e-05 -0.0205302 -7.18437e-05 -0.00759868 0.00161993 -0.00233136 0.000683132 -0.00207536 -0.0293799 -6.84827e-05 -0.0024979 -0.0358008 -0.00546237 -0.0352465 -0.00361947 -0.0215946 -0.00159531 -8.0191e-06 -0.00500015 -0.0128287 -0.0239811 -0.00718947 -0.00026485 -0.00149852 -0.0114283 -0.000774583 3.59797e-06 0.000131864 -4.32142e-05 0.0201973 0.000805746 -0.000210089 0.000627374 -6.65614e-05 -0.00280083 0.0369864 0.104336 -0.0007388 0.0117185 -0.00609949 0.0149708 -0.000752029 0.044931 -0.0130924 -0.0196543 -0.0128163 -0.00712203 -0.0281198 -0.00193382 -0.00259362 0.000626849 -0.00206942 -0.000156215 -0.00102542 -0.000829338 -0.00299686 -0.00241599 -0.00184063 -0.00741959 -0.00474255 -0.00626956 -0.033051 -0.00174837 0.0232727 0.0675619 0.0630532 -3.63801e-06 0.0633317 
0.00235197 0.00241001 0.00753419 -0.000579965 0.0024652 -0.000485468 -0.0127856 0.0615006 0.00422124 0.0468077 -0.125071 0.00451158 0.0129889 -0.00042793 -0.115681 -0.120297 -0.129649 -0.0944943 0.0122437 0.0385606 0.210711 -0.0932266 -0.0284252 -0.061416 0.0523547 -0.00729104 -0.0897648 0.00638269 0.0746549 0.0792192 -0.000412627 -0.0428062 -0.00405359 0.0343407 9.24685e-05 0.0139015 -0.00236859 0.00422534 0.000834828 0.00362768 0.0480858 0.000105368 0.0035788 0.0666505 0.00996859 0.0634449 0.0056971 0.0376802 0.00318827 -3.97925e-05 0.00935142 -0.0530489 0.0435324 0.00174719 -2.97666e-05 -0.000257684 0.0808625 0.00108576 9.81682e-06 -9.38842e-05 0.000112923 0.00134338 0.00302765 6.67774e-05 0.00286799 0.000155974 -0.00174388 -0.0662534 0.0777463 0.000557275 -0.0899787 0.00920633 -0.0691474 -0.000569935 -0.0806327 -0.0297737 -0.0307379 0.0617058 -0.0535261 0.00997494 0.00342194 0.00228529 0.00121637 0.00048241 0.000113268 0.0025969 0.000840483 0.00294871 0.00367041 0.00333291 0.0142779 0.0427675 -0.0129627 0.0633324 0.00340877 -0.00226022 0.023205 0.00776969 1.84307e-05 0.0269108 
-0.00610225 -0.00480008 -0.0013116 0.00105015 -0.0131838 0.000237976 0.00342891 -0.124191 -0.0086722 -0.0913068 0.0786473 -0.00792256 0.00925097 -0.000992537 0.0492853 0.0761811 0.121054 0.0480308 -0.0623099 0.0264618 -0.0932266 0.238301 0.122794 0.127266 -0.0998284 0.00169721 0.0405634 -0.00287475 -0.151738 -0.159014 -0.000709377 0.146719 0.000654965 -0.0644764 -0.000222117 -0.0228088 -0.0012109 -0.00829324 -0.000941801 -0.00587772 -0.0984977 -0.000294961 -0.00689168 -0.137622 -0.0206574 -0.128549 0.0166772 -0.0761759 -0.009869 -9.53101e-06 -0.0189395 0.0327914 -0.0782909 -0.0164474 -0.00166983 -0.00504634 -0.118654 -0.00359319 -1.90913e-05 -0.000267463 -0.000405734 0.00911598 -0.00673435 -0.000349788 -0.00597844 -0.00029916 -0.00314657 0.133918 0.0483284 -0.00254416 0.0805755 -0.020466 0.13718 -0.00170756 0.169285 0.0238867 -0.00855276 -0.0301234 0.0308388 -0.0198613 -0.0073116 -0.0091936 -0.000371123 -0.00856059 -0.00289392 -0.00661976 -0.00104985 -0.0043412 -0.0143423 -0.00684837 -0.0304474 -0.0557003 0.00405291 -0.124421 -0.00662087 0.0725182 0.108419 0.040272 -0.000257631 0.0331762 
-0.00283356 -0.00325847 -0.00138 0.00245782 -0.00806873 -0.000389384 -0.0103242 -0.0693404 -0.00418841 -0.0878983 0.019345 -0.00800551 0.0101981 -0.000798642 0.04074 -0.00498842 0.0483712 0.0122851 -0.0736616 0.0450505 -0.0284252 0.122794 0.245804 0.123183 -0.0806294 -0.00527167 0.0190508 -0.00807304 -0.123163 -0.12931 -0.00044987 0.115476 -0.00144061 -0.0717372 -1.55584e-05 -0.0267429 -0.00270202 -0.00745943 -0.0014209 -0.00580497 -0.105528 -0.000214119 -0.00832548 -0.0923739 -0.0163811 -0.106212 0.00523182 -0.0555386 -0.0103288 -3.23655e-05 -0.0173989 0.0204537 -0.0411752 -0.0234321 0.000206133 0.00325767 -0.0806 -0.00373924 -1.85941e-05 -0.000165727 -7.27957e-05 0.0154599 -0.00519453 -0.000439108 -0.00218479 -8.56329e-05 -0.000839226 0.115078 0.098002 0.00205393 0.0981429 -0.0203846 0.109631 -0.0019166 0.127283 -0.0012048 -0.00200681 -0.00959368 0.0205684 -0.0758761 -0.00668183 -0.0084899 0.000289547 -0.00943081 -0.00254378 -0.00471428 -0.00129349 -0.00878246 -0.012634 -0.00640586 -0.00265896 -0.0278267 0.00707274 -0.124611 -0.00579106 0.0353756 0.124868 0.0124097 -0.000252786 0.0710235 
-0.00436706 -0.00498055 0.00762415 0.00127306 -0.000917177 0.000173148 0.00483706 -0.0772843 -0.00900971 -0.116305 0.0533071 -0.0113698 0.00734935 -0.0013022 0.0534012 0.0503286 0.0915302 0.0339957 -0.0692972 0.0352862 -0.061416 0.127266 0.123183 0.180493 -0.10154 -0.000699623 0.0300857 -0.00771824 -0.14036 -0.143801 -0.00102237 0.137728 -4.94982e-05 -0.0946186 -0.000213292 -0.035127 -0.0014498 -0.0107093 -0.000944687 -0.0088671 -0.134722 -0.00036929 -0.0105443 -0.102875 -0.0180384 -0.143553 0.00208892 -0.079938 -0.0149709 -3.33397e-05 -0.0234908 0.029783 -0.0397456 -0.0261083 0.000257221 -0.000569134 -0.115915 -0.00434739 -2.64869e-05 -0.000244417 -8.74462e-05 0.0138337 -0.00480084 -0.000682672 -0.00428343 -9.52974e-05 -0.00450937 0.156061 0.0740639 0.000962413 0.108199 -0.0248994 0.13995 -0.00312664 0.149704 0.00592907 0.00970041 0.00166649 0.0234511 -0.043407 -0.00904132 -0.0114515 0.000554574 -0.012266 -0.00272609 -0.0052114 -0.00166156 -0.00488923 -0.0142754 -0.00315374 -0.0137472 -0.0115205 0.00750692 -0.133153 -0.00735446 0.0359155 0.127209 0.047763 -0.000324788 0.0630679 
0.00316823 0.00460056 -0.00653291 -0.00154315 -0.00115098 -0.000198773 -0.00514079 0.0639743 0.00169708 0.0856579 -0.0448836 0.00879727 -0.0121739 0.00088226 -0.0389467 -0.0503052 -0.079141 -0.0266727 0.0450515 -0.0270257 0.0523547 -0.0998284 -0.0806294 -0.10154 0.146962 -0.00254283 -0.0239633 0.0042322 0.111883 0.114536 -0.000271079 -0.106896 -0.00151418 0.0500028 0.000221604 0.0154501 -0.00100988 0.00583011 -0.000828885 -0.000445833 0.0774241 2.57062e-05 0.00683481 0.0892399 0.00875298 0.110047 -0.0129184 0.0552597 0.000365072 -1.8547e-05 0.0142341 -0.0206966 0.0382531 0.00654648 -0.000213039 0.000318744 0.0999561 -0.00102988 1.86812e-05 -7.81016e-05 -5.66767e-05 -0.0107446 0.00377623 -0.000106911 0.00110131 -4.38631e-05 0.00219411 -0.108466 -0.0527097 -0.000294211 -0.0669403 0.019827 -0.0886306 0.000418318 -0.114741 -0.0103675 0.00776755 0.0146041 -0.017264 0.0214006 0.00460248 0.00309834 -0.000307071 0.000420294 0.00141768 -0.00202451 -0.00101089 -0.0033672 0.0006873 0.00647765 0.00608379 0.0304099 -0.00752561 0.100716 0.00385172 -0.0434274 -0.0895574 -0.0401561 0.000188288 -0.0457379 
-0.000160276 -0.000139224 0.000694295 5.2772e-05 -0.000179756 7.87388e-05 5.69663e-05 -0.00308812 -0.000217371 -0.00219288 0.00840554 -0.000221948 0.0016061 0.000180754 0.00134124 0.00842898 0.00663395 -0.000140165 -0.000936288 -0.00151745 -0.00729104 0.00169721 -0.00527167 -0.000699623 -0.00254283 0.0145181 0.000595956 -1.05494e-05 -0.00376689 -0.00380413 0.001106 -0.00445468 0.00146461 0.000318437 -4.70608e-06 0.0018284 0.000568719 -0.000217469 0.000754826 0.000415924 0.00108049 -6.61795e-06 -2.45776e-05 -0.00330396 -0.000498924 -0.00313332 0.00176095 -0.0019668 0.000157563 3.40395e-05 -0.000450455 -0.00176169 -0.00118076 0.00195067 -5.33443e-05 0.000149043 -0.00400428 7.89846e-05 4.61002e-06 0.000155923 -4.18203e-06 -0.000518686 -0.000220339 4.74133e-05 -0.000127773 -1.12696e-05 0.000246968 0.000856445 -0.00421048 -8.18746e-05 -0.00196257 -0.0004046 -0.000718853 -5.59838e-05 0.00139337 0.00439034 0.00138213 -0.0030736 0.00633696 0.00527588 -0.000166043 -0.000261588 -5.87641e-05 0.000514479 0.000331857 -0.000258845 0.000754985 0.00188592 -0.000152762 -0.000108899 -0.000737077 -0.00236953 -0.000518856 -0.00318102 -0.000127064 -0.00264767 -0.00492668 0.00329264 1.13217e-05 -0.00269364 
-0.00132633 -0.00131913 -0.00506828 -0.000496725 -0.00142297 -7.52666e-05 -0.00353363 -0.0260411 -0.00224027 -0.0211401 0.0730813 -0.00216311 -0.00860249 0.00106203 0.0755352 0.0557464 0.06532 0.0804475 -0.000882371 -0.0209912 -0.0897648 0.0405634 0.0190508 0.0300857 -0.0239633 0.000595956 0.11965 -0.00292405 -0.0355559 -0.0370611 0.000282983 0.0112907 0.00117488 -0.017233 -5.84645e-05 -0.00628696 -0.000559066 -0.00213524 -0.000532739 -0.0018016 -0.0238328 -7.25119e-05 -0.00186918 -0.028539 -0.00471023 -0.0297953 -0.00960862 -0.0182151 -0.00313042 1.36875e-05 -0.00422093 0.0108797 -0.0203571 -0.00433078 -0.000471843 0.000551688 -0.0364383 -0.000375989 -6.30232e-06 8.06456e-05 -9.89311e-05 -0.00749683 -0.00179818 -5.30026e-05 -0.00183255 -2.83546e-05 -0.00217096 0.0313721 -0.0423386 -0.00081033 0.0482185 -0.00546636 0.0323729 -0.0011124 0.0344692 -0.0028603 0.0173548 -0.0277634 0.0356618 -0.0111125 -0.00163628 -0.0024674 -0.000597624 -0.00143937 -0.000522298 -0.00254536 -0.000541953 -0.00224399 -0.00248883 -0.00164189 -0.00500427 -0.0189837 -0.0039934 -0.0319763 -0.00158375 -0.0139062 -0.0408525 -0.0197086 -1.79589e-05 -0.0286143 
0.000347874 -0.000250113 -0.000762982 0.000325613 6.78046e-05 -8.40008e-06 0.00115834 -0.00312405 -0.000113646 0.00484999 -0.0041936 -0.000167348 -0.000733419 0.000450484 -0.00725836 -0.000662882 -0.00591664 -0.00242985 0.00568084 0.00376611 0.00638269 -0.00287475 -0.00807304 -0.00771824 0.0042322 -1.05494e-05 -0.00292405 0.0352752 -7.19785e-05 0.00033994 9.3964e-05 -0.00173272 0.000133272 0.00386911 -1.16458e-05 0.00280223 0.000126966 -0.00024691 0.000392948 0.0028412 0.0085867 -1.69987e-05 -0.000388371 -0.00107264 -0.00114539 0.00381461 0.0041238 0.00353987 0.000411378 -7.09395e-07 0.000718317 -0.000299549 -0.0052058 0.000322356 6.13464e-05 -0.000385095 0.002627 0.000283288 3.10584e-06 6.00688e-05 4.10926e-05 0.000826942 0.0012707 0.000483367 0.000113129 -1.5323e-05 0.000399936 -0.0084777 0.000837694 -0.000180762 -0.0117523 0.000954197 -0.0135417 0.000666075 -0.00464688 -0.00199135 -0.00431732 -0.000981038 -0.0031673 0.00735114 0.00169459 4.68345e-05 0.000317352 0.000298861 7.38034e-05 -0.000404431 0.00089475 0.00495524 -0.000662509 -0.000267348 -0.0015603 -0.00217439 0.000276971 0.00298833 -0.000317512 0.0022472 -0.00441113 -0.00393239 4.13588e-05 -0.00386677 
0.000254187 0.00510757 -0.00996584 -0.00249338 0.0113902 -0.000316589 -0.00900687 0.115134 0.00940175 0.10382 -0.0655067 0.00863709 -0.0197551 0.000588951 -0.0627781 -0.0776887 -0.119144 -0.0392728 0.0583537 -0.0434903 0.0746549 -0.151738 -0.123163 -0.14036 0.111883 -0.00376689 -0.0355559 -7.19785e-05 0.205024 0.182935 -0.000366725 -0.165585 -0.000975272 0.0783019 0.000199566 0.0231969 0.000595006 0.010378 -0.00154451 0.00316715 0.114524 0.000234872 0.00827674 0.143869 0.0228227 0.147449 -0.0182798 0.0847786 0.0109843 2.77705e-06 0.0181529 -0.0333812 0.0661141 0.0221246 0.000978729 0.00267937 0.126383 0.00232872 1.74774e-05 -9.4462e-05 0.00023105 -0.0167829 0.00201648 -3.53481e-05 0.00353867 0.000140246 0.00309761 -0.148073 -0.082975 0.00284605 -0.0921063 0.0209501 -0.134809 0.00198722 -0.178382 -0.0139679 0.0136525 0.0346798 -0.0272337 0.0220851 0.00758025 0.0113864 -0.000615032 0.00985973 0.00239529 0.0045613 -0.00158561 -0.00483626 0.0175665 0.00733228 0.0271324 0.0596648 -0.0114484 0.146925 0.0074722 -0.0755207 -0.133106 -0.0630929 0.000279532 -0.0732564 
0.00444054 0.00595749 -0.0100353 -0.00245095 0.0123777 -0.000318655 -0.00977705 0.125461 0.00945522 0.105994 -0.0717863 0.00895176 -0.0195889 0.000746152 -0.0666551 -0.0769104 -0.119901 -0.0436576 0.0588452 -0.045234 0.0792192 -0.159014 -0.12931 -0.143801 0.114536 -0.00380413 -0.0370611 0.00033994 0.182935 0.207556 -0.00019047 -0.171693 -0.00140592 0.0775324 0.000252965 0.0215995 0.000452596 0.0106291 -0.00142152 0.00336801 0.114546 0.000271071 0.00753144 0.152059 0.0226419 0.151981 -0.0188947 0.089219 0.0129924 1.40594e-07 0.0212966 -0.0355726 0.0721365 0.0217046 0.00194624 0.00264925 0.13232 0.0020469 1.88443e-05 -0.00011018 0.000284291 -0.0176765 0.00116241 -8.20628e-05 0.00323894 0.000369943 0.00468189 -0.152244 -0.0863882 0.00270089 -0.0976058 0.0199285 -0.140874 0.00183441 -0.18576 -0.0139118 0.0130337 0.0435382 -0.0295728 0.0225905 0.00828284 0.0116196 -0.000697538 0.0103876 0.00259642 0.00429333 -0.0015558 -0.00493514 0.0167275 0.00793788 0.0312184 0.0616421 -0.0132187 0.152532 0.00780108 -0.0778706 -0.136111 -0.065071 0.000247389 -0.0724925 
9.04939e-05 1.67286e-05 -9.28782e-05 2.50196e-05 -4.15568e-05 4.40289e-05 0.000137754 0.000166536 -2.92451e-05 -0.000245169 2.68087e-05 1.81151e-06 0.000963101 2.23855e-05 -0.000254317 0.0010379 0.000751823 -0.00013772 0.000310991 -0.000422941 -0.000412627 -0.000709377 -0.00044987 -0.00102237 -0.000271079 0.001106 0.000282983 9.3964e-05 -0.000366725 -0.00019047 0.00268962 -0.00151439 0.000310527 0.000611556 2.28175e-06 0.00102396 8.5295e-06 1.06723e-05 0.0001409 -1.73423e-05 0.000535259 5.35852e-06 7.69869e-06 -6.26912e-05 -4.44433e-05 -0.000110017 0.000605593 6.81371e-05 -3.99974e-06 5.73514e-07 -6.84679e-05 -0.00015118 0.000210341 -5.01506e-05 2.25219e-05 1.20046e-06 -0.000348001 5.50486e-05 3.59537e-06 -5.62442e-07 -1.42322e-06 -0.000155575 -2.38926e-05 3.52029e-05 -3.99502e-05 -2.03155e-06 0.000678883 -0.000990024 -0.000833976 -1.02223e-06 -0.000822235 -9.84176e-05 -0.000740979 -4.38275e-06 -0.00103412 0.000601408 -0.000185786 -9.43253e-05 0.000352734 0.000868548 -2.95498e-05 5.78098e-05 -1.1772e-05 0.000309974 6.2256e-06 -4.44198e-05 0.00067409 0.000934825 -7.01357e-05 -2.87043e-05 0.000131673 -0.000347651 4.74113e-05 -0.000336023 2.15911e-05 -0.000899442 -0.00114458 -0.0005955 3.78254e-05 -0.0005964 
-0.00504306 -0.00528263 0.0113223 0.00217939 -0.0146946 7.76731e-05 0.00985005 -0.117271 -0.00875405 -0.0987404 0.0372693 -0.00909407 0.0179204 -0.00200265 0.033989 0.047455 0.0958603 0.0177146 -0.0482128 0.0525512 -0.0428062 0.146719 0.115476 0.137728 -0.106896 -0.00445468 0.0112907 -0.00173272 -0.165585 -0.171693 -0.00151439 0.226042 -0.00239912 -0.0771565 -0.00026319 -0.0252737 -0.000215981 -0.00965095 0.00061572 -0.00337677 -0.112083 -0.000254606 -0.0071938 -0.14325 -0.0221216 -0.140939 0.0180844 -0.0804499 -0.0121686 -3.63614e-05 -0.0201199 0.0352859 -0.0747466 -0.0237471 -0.00131663 -0.00450134 -0.120181 -0.00188881 -2.00567e-05 -0.0002061 -0.000231217 0.0201517 -0.00240013 -0.000781933 -0.00246464 -0.000320795 -0.00403249 0.143881 0.104944 -0.00297801 0.0716391 -0.0186588 0.131038 -0.00168128 0.179256 -0.0091178 -0.0459215 -0.0233864 -0.00912893 -0.0177867 -0.00788706 -0.0105349 0.000864033 -0.0103541 -0.00243058 -0.00444738 -0.000306409 0.003005 -0.0159913 -0.00715273 -0.0308309 -0.0511291 0.0133677 -0.135862 -0.00731255 0.106555 0.171559 0.0722521 -0.000299858 0.0748244 
1.09139e-05 -8.18765e-05 0.000447884 -5.6996e-05 0.00115058 1.91241e-05 5.24506e-05 -0.00110544 -0.000134752 -0.00123317 0.000855579 -0.000132792 -0.000451185 -1.2736e-05 -0.00104955 0.00129657 0.000288631 0.000526071 0.000342091 -2.93969e-05 -0.00405359 0.000654965 -0.00144061 -4.94982e-05 -0.00151418 0.00146461 0.00117488 0.000133272 -0.000975272 -0.00140592 0.000310527 -0.00239912 0.00867777 -0.000321656 -2.59354e-06 -0.000139215 0.000469162 -0.0001211 2.95767e-06 -0.000108985 0.00115687 2.36325e-06 0.000149789 -0.00154695 -0.000273378 -0.00173608 -0.000521141 -0.000863582 0.000140657 2.68269e-05 -0.000254465 -0.000438429 -0.000705514 0.00281353 1.76792e-05 4.09971e-05 -0.00184916 0.0001325 -6.11222e-08 5.55151e-05 2.0823e-06 -0.000127081 6.5389e-05 6.33592e-05 4.85705e-05 -7.09252e-06 0.000384975 0.000986309 -0.000923207 -3.45307e-05 0.0011899 -0.000323085 -0.000178334 -3.70858e-05 0.00121176 0.00313672 0.000493246 -0.00171376 0.00122498 0.000227718 -9.63344e-05 -0.000114837 -3.03848e-05 0.00097011 -4.52238e-06 -0.000125428 0.000129215 3.82744e-05 0.000711134 -0.000106345 -0.000241889 -0.000547349 -4.80564e-05 -0.00049802 -8.80582e-05 -0.00182457 -0.00135694 -0.000617631 5.05218e-05 0.000703919 
-0.000713906 0.00139794 -0.00432036 -0.000754522 0.000239952 -0.000130744 -0.00341048 0.0116652 0.00181658 0.0743984 -0.0304201 0.0120348 -0.00399114 0.00105438 -0.0306448 -0.0275973 -0.0499636 -0.0186491 0.0558666 -0.0205302 0.0343407 -0.0644764 -0.0717372 -0.0946186 0.0500028 0.000318437 -0.017233 0.00386911 0.0783019 0.0775324 0.000611556 -0.0771565 -0.000321656 0.112252 4.00385e-06 0.0376164 -0.000483415 0.00251108 -0.00028146 0.00293097 0.0983695 -4.8287e-06 0.010503 0.0339236 -0.000992335 0.0808552 -0.00181226 0.0267564 0.0120161 2.31441e-05 0.0088674 -0.0161462 0.00103555 0.0172699 -0.000387223 -0.00141984 0.0522488 0.0019806 2.41379e-05 -3.0776e-05 -2.32108e-05 -0.00772387 0.00481765 0.000592055 -0.0012349 -9.33968e-05 0.00233533 -0.09139 -0.0411461 -0.000738821 -0.0695833 0.0275113 -0.0869219 0.00316909 -0.0799101 -0.000341711 -0.0164997 -0.0193261 -0.0129981 0.0533509 0.002247 0.00703538 -0.000491477 0.00969694 0.000916154 0.00564556 0.00163632 0.0029476 0.010983 -0.00123251 0.00326865 -0.0176109 -0.00390699 0.0761141 0.00467089 0.00259154 -0.0675981 -0.0269504 9.00522e-05 -0.0383085 
