0.0604158 0.00103876 0.000998241 0.00143775 -0.00614149 0.0106894 -0.000453297 -0.00128335 -0.000342681 0.000254672 -0.0196046 -0.00166511 -0.000270745 -0.00745288 -0.00170507 0.0176326 0.0187368 -0.0208149 -0.0110583 0.00529112 0.016076 0.00435849 0.0227997 0.00911215 0.000575118 0.00269407 0.0202445 -0.0168698 -0.000126344 0.00135998 -0.00241397 0.0171997 -4.54006e-05 -0.000522506 0.0109082 0.00510902 -0.000407529 -6.88871e-05 0.0211797 0.0032157 -0.00670864 -0.00143986 -0.00492507 -0.000349342 -0.00917613 0.00294567 -0.0127625 -0.0296798 -0.0157062 -0.000420076 -0.000302227 -0.00908637 0.00122895 -0.00328746 0.0251853 -0.00487971 0.00122272 -0.000931164 -0.00115234 -0.0186086 -0.000985518 -0.00139306 -8.52454e-05 0.00139234 -0.00468476 -5.72748e-05 0.000881195 -0.00561189 -6.61961e-05 -0.00117832 0.00686975 -7.46133e-05 0.000154275 0.00407448 -0.0215881 0.0112059 -1.49277e-05 -4.56532e-05 -0.00127477 0.00787162 -0.00888788 0.000515686 -0.00344739 -0.00210165 -0.000415112 -0.00493018 -0.000574523 -0.00417279 -0.000393198 0.00219494 0.000324007 -0.000267581 -0.0262516 0.00218961 -0.00162307 -0.00834744 -0.0300236 0.0226348 -0.00299171 -6.81805e-05 
0.00103876 0.0202461 -0.000591949 0.00129013 0.00117306 0.0014226 0.000166819 -0.000468341 -5.68596e-05 0.00186461 -0.00498499 -0.000366532 -5.9643e-05 -0.000678128 0.000491712 0.00502546 0.00321316 0.00222771 -0.0019106 -0.00474387 0.00320479 0.0083326 0.00159269 -0.00280374 -0.000224699 0.000201706 6.50315e-05 -0.00729649 -5.37007e-05 0.000283763 0.00101087 0.00248958 0.000186077 0.00195334 -0.00302898 -0.000305659 0.000169771 5.10632e-05 0.00609836 -0.00406742 -0.00220335 0.000692259 -0.00755793 -0.000574461 -0.00742502 0.00215994 -0.000598448 -0.00545462 -0.00189989 -0.000719959 -0.000231917 0.00381016 -0.000189397 -0.00212089 0.00547705 0.00191023 -0.00570269 -0.000438174 -1.87809e-05 0.00241394 -0.000227598 -0.00071301 0.00385676 0.00263058 -0.000994569 2.24151e-06 -0.00431475 -0.00100424 3.83776e-05 0.00275722 -0.00418957 -4.57177e-05 -1.49778e-05 -8.83891e-05 -0.00813313 0.00314482 6.75089e-07 3.8985e-05 0.00185353 -0.0015997 0.000411624 0.00041913 -0.00413416 -0.000388454 0.00125249 0.00158644 -9.44889e-05 0.00123441 -0.000247428 -0.0113475 -0.000387205 0.000428047 -0.00182823 0.00110117 0.00104489 0.00696035 -0.00615661 0.00440185 -0.000718011 -2.20147e-05 
0.000998241 -0.000591949 0.0285739 2.41977e-05 -0.00171602 0.00568909 0.000188628 -0.000411393 -0.000273239 -0.0017645 -0.00692976 -0.000691671 -2.22973e-06 -0.00227483 0.000136031 -0.00356591 0.00371283 -0.0063599 0.00658015 -0.00147651 0.000380843 -0.00173358 -0.00488514 -0.00448135 -0.0002565 -0.00105747 -0.00125736 -0.00909011 0.000300041 -0.000662462 -0.000933509 -0.00102558 -9.69542e-05 -0.000960295 -0.00198392 5.17656e-05 -0.000197335 -3.56541e-06 0.00558537 -0.00100167 -0.00144205 -0.000533508 -0.00652004 0.0046093 -0.00618917 -0.00154374 0.000683798 -0.000825199 0.00358564 -0.00101265 -0.000157157 0.00140424 -0.000636836 -0.00232772 -0.00155257 0.00267765 0.00468663 0.000390049 0.00628029 0.00315035 -0.000441896 0.00792881 -0.000171868 0.000501277 -0.00165952 4.43765e-05 -0.00843217 -0.000862084 -1.27367e-05 -0.000594826 0.0027527 0.000467301 0.000238432 0.00833788 -0.00423746 -0.00198009 1.63005e-05 0.000193919 -0.000939058 -0.00124298 -0.00272265 -2.42752e-05 0.000407579 -0.000766993 -0.0017775 0.00517708 0.00457698 -0.00165439 -0.000305801 0.00490575 -0.000204525 -8.00845e-05 -0.000454782 -9.47766e-05 -0.000424266 -0.00203156 -0.00553263 0.00100276 -0.00128781 0.000121972 
0.00143775 0.00129013 2.41977e-05 0.00555492 -0.000546477 -0.000694747 -3.95518e-05 -0.000124953 0.000899031 -1.25721e-05 -0.00110897 -0.000112308 -1.98502e-05 -0.000179352 0.000104268 0.0010178 -0.000424286 -0.00147107 -0.000188026 -0.00175609 0.00035083 -5.05819e-05 0.00078009 -0.00210638 -3.59958e-05 0.00070125 0.00162686 -0.00179028 3.24563e-06 0.00126663 -0.000211187 0.00286869 7.91258e-05 -0.000362002 6.10838e-05 0.000299245 -4.58045e-05 -1.92484e-06 5.9213e-06 0.000203276 0.0010487 -8.31533e-05 -4.78505e-05 0.000561806 -0.000778246 0.000595123 -0.000692472 -0.0011729 -0.000320819 -0.000220318 -8.53685e-06 0.000708544 -9.66197e-05 0.000949034 0.000672292 -0.000646065 -0.00079562 -0.00012839 -0.000186049 -0.00157736 9.89273e-05 -1.62807e-05 0.00087117 0.000322808 -0.000271187 -1.59684e-06 -0.00144042 -0.000850676 -5.13437e-06 0.000230044 8.7526e-05 0.000402461 -8.64441e-06 0.000392117 -0.00130003 -0.000130886 4.73471e-07 1.9837e-05 0.000993479 0.000494807 -0.000445278 7.91053e-06 -0.000879289 -0.000165138 -0.00039954 4.73305e-05 5.15111e-05 0.000692221 -6.43058e-05 -0.00255944 0.000331205 -2.03172e-05 -0.00234417 0.000429886 -2.22474e-05 0.00092876 -0.00167607 0.00134138 -0.000219568 3.31179e-06 
-0.00614149 0.00117306 -0.00171602 -0.000546477 0.097838 -0.0165056 0.000953713 -0.0032527 -0.000971535 0.00547771 -0.039364 0.0139074 0.00312814 0.0770455 0.0183299 0.0631265 -0.0121525 0.0447786 0.0674516 -0.0349405 -0.0120009 -0.00395521 -0.040438 -0.0571977 -0.00106252 -0.00440837 0.00837029 -0.0490175 0.00271417 -0.00202116 0.0324392 -0.0146914 -0.000431032 0.000707743 -0.0163858 -0.00244575 -0.000929701 2.64824e-05 0.00981374 -0.0246978 0.00292228 -0.000298889 -0.0511406 0.000526086 -0.0597964 -0.00542089 0.0533869 0.0116095 -0.0068218 -0.00220013 -0.00136744 0.0848555 -0.00183288 -0.010728 -0.0196591 0.00462827 -0.0684665 0.00281215 0.00212362 -0.0031373 -0.00162245 -0.00390621 0.0204009 -0.000735554 0.0476956 -0.000153131 -0.0321012 -0.0277209 -0.000101375 0.012729 -0.0201262 -0.000275416 0.000105821 -0.00588365 -0.0494427 -0.00644092 0.000124443 6.68419e-05 0.000623843 -0.0121531 0.0797988 -0.000243352 -0.0259462 0.0196491 -0.00989688 0.0178754 -0.000348808 0.017672 -0.000817934 -0.0516773 0.000566871 0.00106049 -0.0624585 -0.00333529 0.00478974 0.0794834 -0.0451114 -0.0118139 0.0358211 -0.000153079 
0.0106894 0.0014226 0.00568909 -0.000694747 -0.0165056 0.131004 0.000504343 0.000208217 -0.00152829 -0.00897692 -0.039983 -0.00372831 -0.000583247 -0.0186913 -0.00212813 0.0354985 0.0945506 -0.0136636 -0.0278612 0.0362197 0.0658681 0.0504146 -0.01273 0.0302068 0.00457748 -0.00356549 0.033052 -0.0519008 0.00148246 -0.00175544 -0.00552864 0.0251103 -0.00018792 -0.0103372 -0.0146671 0.00440191 0.00136539 0.000601334 0.0824225 0.0150872 -0.0152258 -0.00292608 -0.0636011 -0.00464879 -0.0579608 0.00364011 -0.0270224 -0.0434429 -0.0341313 0.0179759 -0.00189264 -0.0298093 -0.000864057 -0.0136155 0.0709084 0.0493593 -0.0284262 -0.00052871 0.0198433 -0.016189 -0.00129022 0.0125658 -0.00671738 0.00372035 -0.0114308 0.000448275 -0.0262549 -0.0371816 -1.42609e-05 -0.00299369 -0.0272858 -0.000333508 0.000294257 0.0228834 -0.0683193 0.0120123 -2.0974e-05 0.000102326 -0.0047552 -0.0151604 -0.0181584 -0.000466541 -0.0358363 -0.00488685 -0.00178329 0.0152362 -0.00157687 -0.00780079 -0.000893767 0.00368737 0.00814911 -0.000567742 0.00717694 -0.00118919 -0.00243891 -0.00634088 -0.0458298 0.0338551 -0.00720935 -0.000196273 
-0.000453297 0.000166819 0.000188628 -3.95518e-05 0.000953713 0.000504343 0.00780143 9.76624e-05 -7.93058e-05 0.000462071 -2.75229e-05 -0.00013956 0.000601898 0.000996743 -0.000241703 -0.000104132 -0.000589049 -0.000803074 0.00183522 -0.0012197 -0.000742964 -0.00105452 0.000903906 -9.31555e-06 -0.000111343 -0.000320983 -0.000666083 0.000113617 0.000166238 -7.13088e-05 -6.26558e-06 -0.000945133 1.40866e-05 0.000690166 -0.000974917 0.000252269 8.26303e-05 -2.02674e-06 -0.00134542 -0.00195069 -0.000668091 -9.1931e-05 -0.00165389 -0.000125951 -0.000584721 -0.000420929 0.00159911 -0.00145179 0.000259425 6.9206e-05 -6.30326e-05 0.000827356 3.18269e-05 -0.000781395 -0.00106646 0.000311171 -0.000197788 0.000305615 0.000241542 0.00244508 0.000179061 -0.000137247 -0.000215745 -8.52045e-05 -0.000166225 1.05669e-05 0.000103486 -0.000145981 -8.7832e-07 -2.29064e-05 -0.000725245 -1.16576e-05 3.1669e-05 0.000250581 -0.000839138 0.00152998 1.07462e-05 2.85643e-06 -0.000232265 -0.000216632 0.000411077 -2.1895e-05 0.000120549 5.25987e-05 -0.000327362 -0.000239562 0.000157851 -0.000395224 0.000257028 -0.00117415 0.000546439 -2.7517e-05 -0.000477711 -0.00024467 -0.000181511 0.000864208 -0.00100557 -0.000749607 0.000210592 -1.33234e-05 
-0.00128335 -0.000468341 -0.000411393 -0.000124953 -0.0032527 0.000208217 9.76624e-05 0.0317082 -0.000332992 -0.00305757 0.0150648 -0.000870624 -0.000140623 -0.00360029 -0.00117403 -0.00749307 -0.00518799 0.00539288 -0.00592425 -0.00837256 -0.00381795 -0.00458816 0.00454119 0.00690023 -0.000509094 -0.00134907 -0.00581845 0.0113627 1.66166e-06 -0.000733402 -0.00119496 -0.00242964 -8.80859e-05 -0.00209386 -0.00364272 -0.000597935 3.38109e-05 -8.9075e-06 -0.00483074 0.0105821 -0.00204106 -0.000791401 0.00873611 -0.0010522 0.00745937 -0.00180104 -0.00528316 0.00553466 -0.00824444 0.0017297 -0.000396885 -0.00586904 0.000701731 -0.00365471 -0.00567331 -0.0030691 0.00615906 -0.000435077 -0.00100504 -0.00225342 -0.000503713 -0.000804318 -0.0026776 -0.000291033 -0.00238797 5.18784e-05 0.00754487 -0.004505 -3.50837e-05 -0.000626017 -0.00498303 -9.53387e-05 -0.000107992 -0.00144137 0.0114725 0.00235667 -5.88867e-06 -2.79727e-05 -0.00102097 -0.00324153 -0.00323341 -0.000112561 -0.00428514 -0.00106045 0.00337846 -0.00250845 -0.000314198 -0.00217767 -0.000249469 0.00701553 -0.00145409 -0.00015286 0.00714101 -0.00123295 -0.0008751 -0.00690914 0.0118517 -0.00349343 -0.00118937 -5.6121e-05 
-0.000342681 -5.68596e-05 -0.000273239 0.000899031 -0.000971535 -0.00152829 -7.93058e-05 -0.000332992 0.0106235 0.00291062 -0.00364124 0.000127302 -2.1949e-05 -0.000622092 0.000212318 -0.000369464 -0.00160535 -0.0038525 -0.00103886 0.00320115 -0.00120573 -0.000925725 -0.000325248 -0.00453811 0.000113035 0.00326375 0.00642115 -0.00483089 -5.10644e-05 0.00353437 -0.000317 0.00549169 0.00064687 -0.000421872 0.00657439 0.00199796 -7.77844e-05 -9.6309e-06 -0.0019801 -0.000913424 -0.000798613 -9.07522e-06 0.00369597 0.000108058 0.0021968 0.000466396 -0.0021492 -0.00532193 -0.00103219 -0.000142516 0.000941953 0.000471355 -0.00034234 0.00586765 -0.000902958 -0.000891926 -0.00339014 -0.00017026 -0.000153048 -0.00303863 0.00144436 -0.000378222 -0.000211241 6.44933e-05 0.000102708 -1.49558e-05 -0.00306292 -0.00279095 -4.89614e-06 -0.000133586 0.00581624 0.000515409 1.85148e-05 -0.000402185 -0.00601395 -0.000639229 8.85203e-07 1.6614e-05 0.0079914 0.00695745 -0.000769763 -3.58157e-05 -0.000332252 -5.87577e-05 -0.00101364 -0.00035751 -0.000106642 -0.000256441 -8.01371e-05 -0.00473094 -0.000345449 -2.34546e-07 -0.00655611 -0.000156852 0.000246682 0.00090109 -0.0060479 -0.000728579 -0.000195772 0.000259465 
0.000254672 0.00186461 -0.0017645 -1.25721e-05 0.00547771 -0.00897692 0.000462071 -0.00305757 0.00291062 0.0978402 -0.036911 0.00295874 -1.59535e-05 0.00289697 -0.00158441 -0.0111872 -0.0195306 -0.0323597 0.0291684 0.02832 -0.0144622 -0.0105701 -0.0254162 -0.0579645 0.00272878 -0.00300261 -0.00382521 -0.0414209 0.000668414 0.0145099 -0.00323656 -0.00356469 0.00110397 0.0385257 0.0287539 0.00736664 0.00182689 0.000313469 -0.0179734 0.00750884 -0.00481632 0.0192859 -0.00211712 0.0105345 -0.0178951 -0.00457565 0.00573375 -0.0169705 0.0512125 -0.00134442 0.00715488 0.0309482 -0.00340924 0.04063 -0.01616 -0.0141545 -0.0119729 -0.00216759 -0.00243189 -0.00388498 0.00987865 0.00795379 0.0147159 -0.000332402 -0.0043085 4.91582e-05 -0.0245284 -0.0130921 0.000496202 -0.00198486 0.0437156 -0.000260124 -0.000307925 -0.00526269 -0.0368166 0.00482823 -2.33414e-05 1.95824e-05 0.0132795 0.0398229 -0.00367945 0.00169883 -0.00302417 -0.00281901 -0.00165832 -0.00706027 -0.000101767 0.0213564 7.46081e-05 -0.0270181 0.01016 8.66727e-05 -0.0513854 -0.00391863 0.0100501 0.00708077 -0.026289 -0.0101104 -0.00406797 0.000559326 
-0.0196046 -0.00498499 -0.00692976 -0.00110897 -0.039364 -0.039983 -2.75229e-05 0.0150648 -0.00364124 -0.036911 0.230533 -0.00979303 -0.00157963 -0.0397399 -0.0130229 -0.0834666 -0.0747691 -0.0105804 -0.0532296 -0.0975479 -0.0546692 -0.0547284 0.114844 0.0686576 -0.00595307 -0.0150521 -0.0648578 0.162392 -0.00248167 -0.0083534 -0.0137361 -0.0304081 -0.00119864 -0.0234974 -0.0359054 -0.0102378 -0.000483352 -0.000430523 -0.0789317 0.0650857 0.015931 -0.00846216 0.0936669 -0.00935761 0.103893 -0.0202333 -0.0108116 0.124443 -0.0526114 -0.00936049 -0.00401687 -0.0678597 0.00247201 -0.0339985 -0.0627337 -0.0340846 0.0946889 -0.00412919 -0.0107897 0.00123036 -0.00579151 -0.00969801 -0.0282244 -0.0057489 -0.0243292 -7.43449e-05 0.0660601 0.0955805 -0.000376016 -0.00708468 -0.0651127 -0.000990566 -0.0011038 -0.0173996 0.140326 -0.0088735 -3.45204e-06 -0.000306502 -0.0126372 -0.0398935 -0.0396168 -0.00121682 0.00680651 -0.0113642 0.0244514 -0.0199166 -0.00196164 -0.0143151 -0.00243739 0.072026 -0.0117673 -0.00142306 0.10318 -0.0134637 -0.0091669 -0.0655577 0.140131 -0.0387246 -0.0166683 -0.000558119 
-0.00166511 -0.000366532 -0.000691671 -0.000112308 0.0139074 -0.00372831 -0.00013956 -0.000870624 0.000127302 0.00295874 -0.00979303 0.0266348 0.00149335 0.0164207 0.0130269 0.00956963 0.00129929 0.00582809 0.0149762 -0.00371921 -0.00359856 -0.00383255 -0.0103804 -0.0187835 0.00147138 -0.000983281 0.00555694 -0.0120612 -7.90219e-05 -8.37072e-05 0.00326099 -0.00325751 -0.000101505 0.000324684 -0.00120818 -0.000706288 -5.04792e-05 -2.30881e-07 -0.00345297 -0.00518641 -0.00171314 0.00127081 -0.0113338 0.00269872 -0.014146 -0.00145546 -0.000548673 -0.0102882 -0.000740733 -0.00081393 0.00202992 0.0167421 -0.000388388 0.00437871 -0.0046608 -0.0019306 -0.0146576 0.00036319 0.00156274 -0.00706772 -0.000338499 0.00334165 0.00418393 0.000859121 0.018477 -2.90894e-05 -0.00827472 -0.00690978 5.86843e-05 0.00389375 -0.000125648 -2.86214e-05 -7.23887e-05 -0.00124774 -0.0154836 -0.00234433 -3.2111e-06 0.000161181 -9.83055e-05 0.00131151 0.0154355 -6.95357e-05 -0.00411289 0.0123644 -0.00194233 0.000439809 -0.00022948 0.00539845 -0.000314099 -0.01523 -0.00121271 0.00217169 -0.0173232 -0.000716188 0.00713604 0.0129005 -0.0148347 -0.00267929 0.0136465 0.000535187 
-0.000270745 -5.9643e-05 -2.22973e-06 -1.98502e-05 0.00312814 -0.000583247 0.000601898 -0.000140623 -2.1949e-05 -1.59535e-05 -0.00157963 0.00149335 0.00452812 0.0027916 0.000810586 0.00200804 -0.000527286 0.0011131 0.00270371 -0.000924557 -0.000659444 -0.000524163 -0.0015885 -0.0027972 0.000158524 -0.000167359 0.00114086 -0.00198297 7.85897e-05 6.32973e-07 0.00195281 -0.00061219 7.48671e-06 -0.000225174 -0.000373419 -0.000120423 -3.71361e-05 7.7937e-05 -0.000499846 -0.0010612 0.000120352 -3.13056e-05 -0.00205915 -1.07758e-05 -0.00227456 -0.000232134 0.00034602 -0.00192853 -0.000772671 -0.000165814 2.26806e-05 0.00280794 7.41897e-05 -0.000134473 -0.000749648 -1.83289e-05 -0.00268207 0.000530541 0.000105688 -0.0010016 2.53561e-06 0.000118532 0.00018799 3.48844e-05 0.0025874 -1.31139e-06 -0.00127275 -0.00111559 2.52381e-05 0.00112413 -0.000280459 -1.22909e-05 -8.58138e-06 0.000293189 -0.00242088 -0.000188965 1.55971e-05 -2.00193e-06 0.000167132 -0.000368347 0.00284338 6.41331e-06 -0.000495633 0.00154286 -0.000314806 0.00103206 1.81609e-05 0.000342628 -2.42954e-05 -0.00268829 -7.15187e-05 4.34724e-05 -0.00238724 -0.000159864 7.41548e-05 0.0020915 -0.00247958 -0.000485283 0.0024423 3.71295e-05 
-0.00745288 -0.000678128 -0.00227483 -0.000179352 0.0770455 -0.0186913 0.000996743 -0.00360029 -0.000622092 0.00289697 -0.0397399 0.0164207 0.0027916 0.108107 0.0245416 0.0583672 -0.00886241 0.0455483 0.0835118 -0.0395088 -0.0158789 -0.0123598 -0.0457052 -0.0721311 -0.0010304 -0.00480445 0.0078814 -0.0505009 0.00222718 -0.00206329 0.0217382 -0.0158535 0.000348533 -0.00233819 -0.0180966 -0.00355585 -0.00104563 -0.000145035 -0.0057542 -0.0201529 0.0129146 -0.00165843 -0.0519214 -0.000156175 -0.0697991 -0.00661202 0.0602061 0.0150997 0.0048104 -0.00239601 -0.00146588 0.0876145 -0.00213408 -0.008989 -0.0213575 -0.00499299 -0.0654625 0.000934533 0.00458587 0.000486423 -0.00199027 -0.00454862 0.027072 -6.694e-05 0.0551448 -0.000170001 -0.0380261 -0.0297697 -0.000129693 0.0101314 -0.0163271 7.66808e-05 -0.000125458 -0.00699474 -0.0435647 -0.00960477 6.19357e-05 0.000253952 -0.00287049 -0.0117809 0.0829918 -0.000331899 -0.0285061 0.0257337 -0.0112845 0.00545413 8.32718e-05 0.0303492 -0.000789465 -0.0548252 0.00219079 0.00183927 -0.0673611 -0.00420903 0.0106755 0.0784698 -0.0338243 -0.0126908 0.040362 -0.000202612 
-0.00170507 0.000491712 0.000136031 0.000104268 0.0183299 -0.00212813 -0.000241703 -0.00117403 0.000212318 -0.00158441 -0.0130229 0.0130269 0.000810586 0.0245416 0.0383215 0.0169641 0.00908828 0.0119784 0.0218951 -0.0131662 -0.000525888 -0.00209239 -0.0130029 -0.0245155 -0.000618491 0.00147916 0.00419299 -0.0173949 0.000299788 -0.000468289 0.00574432 0.000434883 -0.000105724 -0.00148707 -0.00595313 -0.000269173 -0.000305487 -1.40458e-05 -0.00214336 -0.00755854 -0.00198667 -1.72793e-05 -0.0180203 -0.000575589 -0.0224852 0.000696962 0.00326646 -0.00812682 -0.00836838 -0.00158574 -0.000494641 0.0230682 -0.000877835 -0.00373303 -0.00191093 0.00104261 -0.0246415 0.000666775 0.0103362 -0.00885429 -0.000462388 -0.00048127 0.0133388 0.00190425 0.0242312 -3.91018e-05 -0.0123445 -0.00972607 -2.18987e-05 0.00158771 -0.00778949 -7.55458e-05 0.000211848 0.000380119 -0.0208089 -0.00164559 -5.51928e-06 0.000464677 -0.00115323 -0.00439898 0.022812 -5.11233e-05 -0.00966466 0.0121175 -0.00354558 0.000360787 -0.000234789 0.0106234 -0.000473003 -0.0251142 -0.000695157 0.00187548 -0.0225396 0.00169679 0.0106299 0.0238148 -0.0210709 0.00103268 0.0193575 -7.16936e-05 
0.0176326 0.00502546 -0.00356591 0.0010178 0.0631265 0.0354985 -0.000104132 -0.00749307 -0.000369464 -0.0111872 -0.0834666 0.00956963 0.00200804 0.0583672 0.0169641 0.187545 0.0827173 0.0474745 0.0329855 -0.0190363 0.0695743 0.0732652 -0.0528269 -0.043148 0.00454473 0.0209253 0.0942664 -0.103064 0.00347456 -0.00176279 0.0213583 0.054769 0.000229783 -0.0147222 -0.0303504 -0.00238203 -0.000982236 7.39611e-05 0.104029 -0.0156478 -0.0104687 -0.00489021 -0.107856 -0.00568354 -0.119953 0.0256789 0.0271596 -0.0526221 -0.0439426 0.00335573 -0.00305433 0.0556108 -0.00318281 -0.0270836 0.083181 0.0222431 -0.104251 -0.000434563 0.00706462 -0.0481159 -0.00389746 -0.00779495 0.0160401 0.00323249 0.0337801 -0.000238183 -0.0697818 -0.0650046 -6.28489e-05 0.0146364 -0.0492428 -8.44069e-05 -0.000575372 0.0115757 -0.120119 -0.0109658 0.000106553 -1.47497e-05 0.00014672 -0.0241074 0.0634262 -0.000310735 -0.0567994 0.0176377 -0.0117506 0.0154806 -0.00215157 0.00938165 -0.00224136 -0.0715455 0.00348539 -0.000116431 -0.0684583 0.0198813 0.000329695 0.0686967 -0.112115 0.0614493 0.0293868 -0.000383677 
0.0187368 0.00321316 0.00371283 -0.000424286 -0.0121525 0.0945506 -0.000589049 -0.00518799 -0.00160535 -0.0195306 -0.0747691 0.00129929 -0.000527286 -0.00886241 0.00908828 0.0827173 0.17106 0.00897808 -0.0240775 0.0193471 0.112771 0.0929858 -0.0385845 0.0140829 0.00675261 0.0272705 0.0735251 -0.0929739 0.00174814 -0.00213678 -0.00340177 0.0686827 -0.000344046 -0.0160836 -0.0218529 0.00482669 -0.000123914 0.000494177 0.130023 0.00210481 -0.0246166 -0.00499907 -0.10168 -0.0071839 -0.109038 0.0388876 -0.0323548 -0.0775573 -0.0481704 0.0124651 -0.00266763 -0.0279724 -0.000843163 -0.0221981 0.118725 0.0578537 -0.0806904 -0.00341067 0.0195928 -0.0299091 -0.00282151 0.00837695 0.0139437 0.00935644 -0.00410244 0.000358751 -0.0578165 -0.0537803 0.00020941 -0.00092248 -0.0366449 -0.000197557 0.00166848 0.0279957 -0.111847 0.0102505 -3.50665e-05 0.000353771 -0.00646982 -0.0232673 -0.00908653 0.000300758 -0.0525686 3.96316e-06 -0.00539002 0.0171403 -0.00191509 -0.00631561 -0.00157379 -0.0311229 0.00829275 0.00113061 -0.010789 0.0280956 0.00388734 0.000269449 -0.0914622 0.0799875 -0.00222527 -0.000243675 
-0.0208149 0.00222771 -0.0063599 -0.00147107 0.0447786 -0.0136636 -0.000803074 0.00539288 -0.0038525 -0.0323597 -0.0105804 0.00582809 0.0011131 0.0455483 0.0119784 0.0474745 0.00897808 0.24494 0.0244711 -0.0324403 0.00998812 0.0176445 -0.083485 -0.0230559 -0.00568612 0.00851615 -0.00191684 0.00133317 -0.00125519 -0.0089528 0.0170313 -0.00825603 -0.00155025 -0.0150288 -0.0609711 -0.010431 -0.00216508 -0.000429199 0.023652 -0.0520306 0.0027308 -0.00774048 -0.0789282 -0.0132041 -0.053774 0.0100873 0.0590754 0.0107693 -0.00441534 0.00231784 -0.00517128 0.0418014 -0.00369144 -0.0450074 -0.00624959 0.0180408 -0.0435973 0.00639288 -0.000226091 0.0522384 -0.00670287 -0.00855745 0.0227853 -0.00100135 0.0261557 -0.000126909 -0.0192596 -0.0661978 9.63139e-06 0.0097426 -0.0689081 -0.000980777 0.000794305 -0.00485567 -0.000350891 -0.0156643 7.93646e-05 -0.00012527 -0.00999406 -0.0478613 0.0602782 -0.00102382 -0.0278212 0.0114888 0.00930113 0.0201849 -0.000867664 0.000623707 0.00132812 -0.0354656 -0.0134091 0.000568667 7.91128e-05 0.0148294 0.00150997 0.0462242 0.0216047 -0.00304875 0.0205723 -0.000723431 
-0.0110583 -0.0019106 0.00658015 -0.000188026 0.0674516 -0.0278612 0.00183522 -0.00592425 -0.00103886 0.0291684 -0.0532296 0.0149762 0.00270371 0.0835118 0.0218951 0.0329855 -0.0240775 0.0244711 0.159383 -0.0301764 -0.0296787 -0.0287028 -0.0686125 -0.102207 0.00032445 -0.00786295 -0.00439635 -0.0686011 0.00116392 -0.00438582 0.0182167 -0.0268114 -0.000450893 0.0211213 -0.00900262 -0.00549013 -0.00128427 -0.000190769 -0.0264718 -0.0370475 0.00551807 0.00855727 -0.0543733 0.0142796 -0.0742554 -0.010765 0.0737619 0.0305955 0.0524457 -0.00544998 0.00180787 0.104424 -0.00459476 -0.0031048 -0.035324 -0.013563 -0.047425 0.000181368 0.00278121 0.0273108 -0.00167731 -0.00357392 0.0316774 -0.00133169 0.0508664 -0.000190714 -0.052972 -0.0147172 3.89583e-05 0.00564073 0.0145961 0.000116253 -0.00016146 -0.0115232 -0.0296062 -0.0101333 -1.95823e-05 0.000287501 -0.00474862 0.00457409 0.0657086 0.00118094 -0.013359 0.0193533 -0.013913 -0.00125447 0.00554006 0.0417825 -0.00160232 -0.0495569 0.000926829 0.000734733 -0.0645181 -0.00740514 0.0155947 0.0712494 -0.0407845 -0.0215873 0.0328895 -5.67357e-05 
0.00529112 -0.00474387 -0.00147651 -0.00175609 -0.0349405 0.0362197 -0.0012197 -0.00837256 0.00320115 0.02832 -0.0975479 -0.00371921 -0.000924557 -0.0395088 -0.0131662 -0.0190363 0.0193471 -0.0324403 -0.0301764 0.225963 0.0123379 0.0176064 -0.0602205 0.0105521 0.00523639 -0.00605798 0.00778668 -0.042632 -0.000686131 0.00785431 -0.0128143 -0.0172077 0.000695576 0.013076 0.0634465 0.0113046 0.00235129 0.000496001 0.0125738 -0.0418972 -0.017769 0.00604789 0.00168497 0.00667913 0.0249538 -0.00247619 -0.028547 -0.106552 0.0561288 0.0117542 0.00747368 -0.0357877 0.00102785 0.0509894 0.0210058 0.0314002 0.0162431 0.00579068 0.00464287 -0.00954329 0.00744066 0.0167907 -0.0275003 -0.00415991 -0.0222328 0.000310958 0.00773605 -0.0621268 0.000408483 -0.0061308 0.0812716 0.000121928 -0.000731691 0.0130509 -0.0387422 0.0132729 -8.77668e-05 -0.000295412 0.0118082 0.0610389 -0.0321439 -0.000821711 0.0417983 -0.0108476 0.00138737 0.0120981 -0.00259036 -0.0132569 0.00542596 0.0210528 0.00485679 -0.000591433 -0.0152934 -0.0118474 -0.00707854 -0.0316161 -0.040173 -0.0147558 -0.0161071 0.000998767 
0.016076 0.00320479 0.000380843 0.00035083 -0.0120009 0.0658681 -0.000742964 -0.00381795 -0.00120573 -0.0144622 -0.0546692 -0.00359856 -0.000659444 -0.0158789 -0.000525888 0.0695743 0.112771 0.00998812 -0.0296787 0.0123379 0.133069 0.0785269 -0.0364871 0.0144981 0.00526495 0.0292842 0.0744486 -0.0693792 -0.000244761 -0.000326048 -0.00242646 0.0668647 -0.000260536 -0.0117714 -0.0144014 0.00398313 -0.000134925 8.29361e-05 0.104876 -0.00337582 -0.0171446 -0.00336144 -0.0744573 -0.0053077 -0.077064 0.0407762 -0.0251326 -0.0578453 -0.0401775 0.0154993 -0.00190471 -0.0264557 -0.00217632 -0.0170544 0.0997395 0.0342109 -0.0706638 -0.00171728 0.00529968 -0.0288569 -0.00192487 -0.00204088 0.0114111 0.00388729 -0.010159 -6.92713e-05 -0.0433504 -0.0412389 0.000244874 0.00109168 -0.0313206 -0.000184358 0.00126545 0.0164511 -0.0856109 0.00386009 -2.04972e-05 -0.000101436 -0.00469928 -0.0172857 -0.0131358 0.000285264 -0.0379431 -0.00268162 -0.00933563 0.00830967 -0.00165471 -0.0114993 -0.00132847 -0.0195483 0.00997558 -0.000614857 -0.00368115 0.0288109 -0.00233017 -0.00593382 -0.0765135 0.0727818 -0.00558438 -0.000191489 
0.00435849 0.0083326 -0.00173358 -5.05819e-05 -0.00395521 0.0504146 -0.00105452 -0.00458816 -0.000925725 -0.0105701 -0.0547284 -0.00383255 -0.000524163 -0.0123598 -0.00209239 0.0732652 0.0929858 0.0176445 -0.0287028 0.0176064 0.0785269 0.133541 -0.0322872 0.00870573 0.0036751 0.0293466 0.0608713 -0.0654366 -0.000606934 -0.0016123 0.00363601 0.0468942 0.000128913 -0.00890953 -0.0092694 0.000407714 -0.000305863 0.000524667 0.100682 -0.0117486 -0.0187348 -0.00343595 -0.0690734 -0.00473723 -0.0700444 0.0427699 -0.0177636 -0.0604272 -0.0392853 0.00687113 -0.00184288 -0.0169084 -0.00165314 -0.0157082 0.0954494 0.0247431 -0.0673509 -0.00291148 0.00526906 -0.0281049 -0.00229344 0.00156271 0.0102192 0.00618156 -0.0109138 9.1934e-05 -0.0396186 -0.0403863 0.000411572 0.00401704 -0.0262873 -6.96598e-05 0.00156314 0.0136802 -0.083635 0.00925435 8.78384e-05 -4.7859e-05 0.00096528 -0.0106793 -0.00507027 0.000483535 -0.0329816 -0.00390824 -0.00232426 0.0166741 -0.00161586 -0.00652367 -0.00176542 -0.0397842 -0.000124389 0.000605412 0.00131154 0.0301599 -0.0031112 0.000535159 -0.0682264 0.0539621 -0.00566529 -0.000108139 
0.0227997 0.00159269 -0.00488514 0.00078009 -0.040438 -0.01273 0.000903906 0.00454119 -0.000325248 -0.0254162 0.114844 -0.0103804 -0.0015885 -0.0457052 -0.0130029 -0.0528269 -0.0385845 -0.083485 -0.0686125 -0.0602205 -0.0364871 -0.0322872 0.237111 0.0900403 -0.00444822 -0.0143625 -0.0314327 0.0935337 -0.00048856 -0.00623058 -0.0142646 -0.000599709 0.000256409 -0.0115492 -0.000676847 -0.0010437 -1.85913e-05 -0.000460057 -0.0423002 0.04131 -0.00910688 -0.00919818 0.109766 -0.0101273 0.102382 -0.0188989 -0.0549423 0.0469338 -0.0845249 -0.00862743 -0.00162202 -0.0600951 0.00640964 -0.0201346 -0.0132976 -0.0209442 0.0885079 -0.0071127 -0.00804083 -0.0207563 -0.0047323 -0.0124428 -0.032873 -0.000556338 -0.0277463 -6.61913e-05 0.077609 0.082187 -0.000383608 -0.00719224 -0.0227914 0.000920209 -0.00106685 -0.0136417 0.0704833 0.016241 -2.80641e-05 -0.000299312 -0.00345778 -0.000416977 -0.0515805 -0.0011131 0.0169412 -0.0115702 -2.42655e-05 -0.0318034 -0.00394127 -0.0290611 -0.00237151 0.0517409 -0.0113704 -0.000771758 0.0401279 -0.0143812 -0.0102129 -0.0489034 0.0570778 -0.00920662 -0.0181383 -0.000615463 
0.00911215 -0.00280374 -0.00448135 -0.00210638 -0.0571977 0.0302068 -9.31555e-06 0.00690023 -0.00453811 -0.0579645 0.0686576 -0.0187835 -0.0027972 -0.0721311 -0.0245155 -0.043148 0.0140829 -0.0230559 -0.102207 0.0105521 0.0144981 0.00870573 0.0900403 0.187885 -0.00217218 -0.00867175 -0.0198277 0.0838992 -0.00073793 -0.0151996 -0.0147787 0.00369921 -0.000755022 -0.0241254 -0.0109976 -0.00448135 2.71593e-05 -0.000454454 0.0113249 0.0109996 -0.0163763 -0.0159054 0.0600052 -0.0174072 0.0927821 -0.00690579 -0.0554125 0.00696151 -0.0641738 0.00579088 -0.0042817 -0.0953123 0.00554477 -0.0318267 0.0225668 0.0219953 0.0661746 0.000901368 -0.00232727 0.00933376 -0.00864566 -0.00937538 -0.0396238 -0.000531471 -0.0456409 9.46152e-05 0.0672021 0.0343891 -0.000577298 -0.0120474 -0.0269118 -0.000434218 -0.000238282 -0.0014415 0.0644767 0.0149728 -4.07953e-05 -0.000317792 -0.0139631 -0.0241312 -0.0588961 -0.00178118 0.0203601 -0.0189247 0.0101775 -0.00290105 -0.0060438 -0.0562073 0.000739865 0.0779961 -0.0101298 -0.00232703 0.0920691 -0.00887557 -0.0186682 -0.0573225 0.0551181 0.00440657 -0.0296172 -0.0011648 
0.000575118 -0.000224699 -0.0002565 -3.59958e-05 -0.00106252 0.00457748 -0.000111343 -0.000509094 0.000113035 0.00272878 -0.00595307 0.00147138 0.000158524 -0.0010304 -0.000618491 0.00454473 0.00675261 -0.00568612 0.00032445 0.00523639 0.00526495 0.0036751 -0.00444822 -0.00217218 0.0164645 0.000288919 0.00828155 -0.00755448 0.00013629 0.00122703 -0.000571533 0.00367563 -3.02773e-05 -0.00069683 -0.000154398 0.000503596 0.000128721 4.2884e-05 0.00644747 0.00253234 0.000232694 -0.000170074 -0.00752011 0.00134734 -0.00854854 -9.13989e-05 -0.000722682 -0.00503392 0.000633253 0.00158897 0.000267286 -0.00188369 0.00146504 0.00263049 0.00667036 0.00100415 -0.0102624 -3.73128e-05 0.00015692 -0.00336806 0.000478425 0.00285679 -0.000990843 0.000696636 0.000355733 2.66535e-06 -0.00521151 -0.00403188 3.98917e-05 -0.000316056 0.00331512 -4.26483e-05 1.55789e-05 0.000223781 -0.00755347 -0.000878179 -3.07227e-06 -7.86483e-06 0.000592281 0.000307416 -0.00152356 4.10391e-07 -0.00345457 0.000102196 -0.000525968 5.85667e-05 -0.000135468 0.000244502 0.000112057 0.00269517 0.000108333 -4.09344e-05 -0.000177479 0.000254619 -0.000335107 -0.00339897 -0.00893403 0.00302567 -0.000585776 0.000267943 
0.00269407 0.000201706 -0.00105747 0.00070125 -0.00440837 -0.00356549 -0.000320983 -0.00134907 0.00326375 -0.00300261 -0.0150521 -0.000983281 -0.000167359 -0.00480445 0.00147916 0.0209253 0.0272705 0.00851615 -0.00786295 -0.00605798 0.0292842 0.0293466 -0.0143625 -0.00867175 0.000288919 0.0401598 0.029397 -0.0189409 -0.000331083 0.00119476 -0.000859179 0.0289813 -2.41927e-06 -0.00279055 0.000658496 0.00242923 -0.000174225 3.13999e-06 0.0264501 -0.0118183 -0.00444346 -0.000583539 -0.0154699 -0.000862222 -0.0200208 0.0336092 -0.00860918 -0.0212589 -0.0110745 -0.000431342 0.000546321 -0.00819857 -0.00134583 -0.00075282 0.0289477 -0.0041661 -0.0270505 -0.000881182 -0.00139507 -0.0123509 -0.000341313 -0.00158406 0.0121576 0.00109049 -0.00284427 -5.73028e-05 -0.0129804 -0.0109302 8.40993e-05 0.000662045 -0.00473108 0.000320138 0.0010264 0.00667765 -0.0239047 0.00154716 -9.18256e-08 -4.1265e-05 0.00180044 -0.000127635 -0.00524312 0.000627835 -0.00884457 -0.000598765 -0.00323188 -0.00361578 -0.000417731 -0.00336163 -0.000502468 -0.021777 -0.00197528 7.4948e-05 -0.00898267 0.0276065 -0.000798304 -0.00848684 -0.0248935 0.0273133 -0.00159431 6.76557e-06 
0.0202445 6.50315e-05 -0.00125736 0.00162686 0.00837029 0.033052 -0.000666083 -0.00581845 0.00642115 -0.00382521 -0.0648578 0.00555694 0.00114086 0.0078814 0.00419299 0.0942664 0.0735251 -0.00191684 -0.00439635 0.00778668 0.0744486 0.0608713 -0.0314327 -0.0198277 0.00828155 0.029397 0.157394 -0.0852369 -0.000507077 0.00980938 0.00386866 0.0720845 0.000767401 -0.0122951 0.0109053 0.00713871 -0.00126643 -0.000142077 0.0816033 0.0046966 -0.0157661 -0.00270414 -0.0557517 -0.00505776 -0.0662479 0.0373155 -0.0208365 -0.0775348 -0.034815 0.00541974 -0.00209425 -0.000755908 -0.00273182 0.00292772 0.0818775 0.00202978 -0.080589 -0.00288859 -0.00225342 -0.0542898 0.00449647 -0.00555968 -0.00163004 0.00311391 0.0142678 -0.000227146 -0.0528613 -0.0470706 0.000129237 0.010354 -0.00487325 0.000933849 -0.000359812 0.0140397 -0.0945732 -0.00696372 4.23836e-05 -0.000182417 0.0144585 0.00862249 0.0127756 -0.000157518 -0.0309435 0.011714 -0.0119511 -0.00700032 -0.00196763 -0.0117556 -0.00160677 -0.029998 0.00421761 -0.000849543 -0.0390948 0.0236854 -0.00379795 0.00341364 -0.105896 0.0645153 0.0116514 -0.000315924 
-0.0168698 -0.00729649 -0.00909011 -0.00179028 -0.0490175 -0.0519008 0.000113617 0.0113627 -0.00483089 -0.0414209 0.162392 -0.0120612 -0.00198297 -0.0505009 -0.0173949 -0.103064 -0.0929739 0.00133317 -0.0686011 -0.042632 -0.0693792 -0.0654366 0.0935337 0.0838992 -0.00755448 -0.0189409 -0.0852369 0.248193 -0.0028024 -0.0100464 -0.0174578 -0.0469116 -0.00108557 -0.0242431 -0.0244541 -0.0118297 0.000530069 -0.000504445 -0.105053 0.0226477 0.0188869 -0.0106445 0.111138 -0.00913477 0.138805 -0.0243706 -0.0019818 0.0932899 -0.00803765 -0.00944885 -0.00542373 -0.0821188 0.00119132 -0.0257462 -0.0703904 -0.0379599 0.122375 0.00214227 -0.0153799 0.0335927 -0.00693605 -0.0152712 -0.0335834 -0.00734347 -0.0337323 -0.00024523 0.104123 0.0778095 -0.000377536 -0.00919684 -0.0366752 -0.00119906 -0.00138689 -0.0239001 0.177567 -0.0134924 -2.80977e-05 -0.000412362 -0.0157252 -0.0392649 -0.0604841 -0.00144514 0.0443243 -0.0141794 0.0215049 -0.0334325 -0.000374962 -0.0198708 0.00281896 0.088948 -0.0163398 -0.000962198 0.105916 -0.017101 -0.0113991 -0.0831556 0.163384 -0.0493402 -0.0212644 -0.000701694 
-0.000126344 -5.37007e-05 0.000300041 3.24563e-06 0.00271417 0.00148246 0.000166238 1.66166e-06 -5.10644e-05 0.000668414 -0.00248167 -7.90219e-05 7.85897e-05 0.00222718 0.000299788 0.00347456 0.00174814 -0.00125519 0.00116392 -0.000686131 -0.000244761 -0.000606934 -0.00048856 -0.00073793 0.00013629 -0.000331083 -0.000507077 -0.0028024 0.00830789 -8.95305e-05 0.000539058 -3.86579e-05 0.0003367 -0.000507303 -0.00119589 0.000396077 9.02455e-06 1.26927e-06 0.00101875 -0.000365949 -0.000220286 8.28854e-05 -0.00286907 0.000613776 -0.00342986 -0.000456223 0.00093034 -0.000887243 -0.00102091 0.000243038 -9.60296e-05 0.0022375 0.000518619 -0.000598308 0.00081722 0.00374317 -0.00264987 1.70644e-05 0.00159733 -0.00080959 -4.77244e-05 0.000286202 0.000787648 0.000775433 -4.92761e-05 1.46596e-05 -0.00185262 -0.00213809 -6.60034e-06 2.80149e-05 -0.00111838 1.74352e-05 -1.46287e-06 -0.00020392 -0.00435503 0.00146691 2.85387e-06 8.61166e-05 -0.000229345 -0.000163786 0.00215006 7.13342e-06 -0.00188924 0.000181023 0.000105298 0.000889165 -6.57665e-06 0.00105612 4.00369e-06 -0.0037249 0.0005446 2.00333e-05 -0.00392624 -0.0002293 -2.19528e-05 0.00361845 -0.00258108 0.000201108 0.000124007 -8.57197e-06 
0.00135998 0.000283763 -0.000662462 0.00126663 -0.00202116 -0.00175544 -7.13088e-05 -0.000733402 0.00353437 0.0145099 -0.0083534 -8.37072e-05 6.32973e-07 -0.00206329 -0.000468289 -0.00176279 -0.00213678 -0.0089528 -0.00438582 0.00785431 -0.000326048 -0.0016123 -0.00623058 -0.0151996 0.00122703 0.00119476 0.00980938 -0.0100464 -8.95305e-05 0.0231391 -0.000480942 0.00812665 0.00112494 0.00321869 0.0109669 0.00938442 0.000443838 0.000459164 -0.00187847 0.0082812 0.00147402 0.00475413 0.00303212 -0.000550934 -0.00567086 0.000163777 -0.0046042 -0.0107327 0.00900002 0.000909919 3.80687e-05 -0.00279963 -0.000710466 0.0160317 -0.00154606 -0.00296153 -0.0131916 -0.000523456 -0.000622711 -0.00703095 0.00918294 0.00121119 -0.00133868 -0.000195247 -0.00148053 -1.21675e-05 -0.00708215 -0.00579509 7.39498e-05 0.000151192 0.013598 0.000225782 -4.35211e-05 0.000599357 -0.0133004 -0.000319463 2.90917e-06 -2.09652e-05 0.0128179 0.0106031 -0.00185163 -1.62612e-05 -0.00405943 -0.000153673 -0.00116237 -0.00189359 -0.000146422 -0.000931893 0.000537925 -0.0108077 0.00820437 -8.5069e-05 -0.0145245 -0.0002432 -0.000536199 -0.000775744 -0.0113375 0.000362679 -0.000779045 -8.39118e-06 
-0.00241397 0.00101087 -0.000933509 -0.000211187 0.0324392 -0.00552864 -6.26558e-06 -0.00119496 -0.000317 -0.00323656 -0.0137361 0.00326099 0.00195281 0.0217382 0.00574432 0.0213583 -0.00340177 0.0170313 0.0182167 -0.0128143 -0.00242646 0.00363601 -0.0142646 -0.0147787 -0.000571533 -0.000859179 0.00386866 -0.0174578 0.000539058 -0.000480942 0.0367524 -0.00472327 -0.000171271 -0.00273535 -0.0056664 -0.000616473 -0.000318664 0.000131089 0.0103788 -0.00918375 0.00336371 -0.000320103 -0.0181954 0.000156732 -0.0206643 -0.0009097 0.0131014 0.000421471 -0.0105296 -0.000685474 -0.000477125 0.0278311 -0.000818574 -0.0033456 -0.00590043 0.00787693 -0.0261269 0.00130352 0.000697638 -0.00977524 -0.000595439 -0.00123778 0.00381985 -3.60067e-05 0.0210763 -5.41387e-05 -0.0113947 -0.0100706 -2.32396e-05 0.00749376 -0.00781589 -7.30127e-05 0.000529766 -0.00168068 -0.0216685 -0.00230147 0.000129401 1.72374e-06 0.00167663 -0.00430626 0.0301251 -6.75589e-05 -0.00898357 0.00370623 -0.00295754 0.0171444 -0.00036223 0.00133033 -0.000405346 -0.0230527 -0.000674544 0.000368672 -0.0197704 0.000192301 -0.000669546 0.0262053 -0.0228899 -0.00333568 0.0136779 -6.49859e-05 
0.0171997 0.00248958 -0.00102558 0.00286869 -0.0146914 0.0251103 -0.000945133 -0.00242964 0.00549169 -0.00356469 -0.0304081 -0.00325751 -0.00061219 -0.0158535 0.000434883 0.054769 0.0686827 -0.00825603 -0.0268114 -0.0172077 0.0668647 0.0468942 -0.000599709 0.00369921 0.00367563 0.0289813 0.0720845 -0.0469116 -3.86579e-05 0.00812665 -0.00472327 0.118237 0.000912739 -0.00857873 -0.008003 0.00504614 -0.000870764 -0.000117213 0.0676259 0.0324098 -0.0141483 -0.00187844 -0.0359237 -0.0044501 -0.0484095 0.0309329 -0.0282316 -0.0570197 -0.0323829 -0.00366306 -0.00109895 -0.0250845 -0.00319793 -0.00221527 0.0734388 0.00776131 -0.0398758 -0.00250657 -0.00201211 -0.0386752 0.00326947 -0.00437399 0.00460867 0.00643757 -0.00985231 -6.25668e-05 -0.0323472 -0.0347827 5.47789e-05 -5.07194e-05 -0.0157682 0.00126973 5.74059e-05 0.0108823 -0.0617731 -0.00263407 -2.27337e-05 -6.07383e-05 0.00779523 -0.00276919 -0.0140655 4.60726e-05 -0.0301951 -0.00349178 -0.00226454 -0.00497917 -0.00140365 -0.00989987 -0.00111198 -0.024987 0.011313 -0.00049709 -0.024911 0.02537 -0.00324069 -0.00523001 -0.0597212 0.077768 -0.0061916 -0.000242137 
-4.54006e-05 0.000186077 -9.69542e-05 7.91258e-05 -0.000431032 -0.00018792 1.40866e-05 -8.80859e-05 0.00064687 0.00110397 -0.00119864 -0.000101505 7.48671e-06 0.000348533 -0.000105724 0.000229783 -0.000344046 -0.00155025 -0.000450893 0.000695576 -0.000260536 0.000128913 0.000256409 -0.000755022 -3.02773e-05 -2.41927e-06 0.000767401 -0.00108557 0.0003367 0.00112494 -0.000171271 0.000912739 0.00457494 -0.000111488 0.000976385 -4.45683e-05 7.82046e-05 2.44554e-05 -0.000495934 0.00112767 0.00144849 -5.1183e-05 0.000829295 -6.91676e-05 -0.00124789 -0.000131568 -0.000756219 -0.00197501 -0.000102505 -8.07458e-05 3.24791e-06 1.0291e-05 -0.000120777 0.00182519 0.000334706 -0.000101154 -0.00037303 -2.18306e-05 -4.25824e-06 -0.00123665 0.000113675 0.000219883 -0.000293725 0.000487344 -6.81943e-05 3.19012e-05 -0.00101865 -0.000912903 -4.0738e-06 -4.82582e-05 0.00167238 8.30671e-05 -1.4681e-05 -0.000137824 -0.00233174 0.000319019 4.83144e-07 -3.86542e-06 0.000737868 0.00228872 -0.00031725 -7.48615e-06 -0.000869937 0.00100058 0.000900424 -0.000402817 -4.25888e-05 -0.000173094 -3.3487e-05 -0.00270321 -5.05899e-05 -8.95108e-07 -0.00257952 -0.000169513 -8.29985e-05 0.000598179 -0.000348408 0.000132069 -0.000205665 -6.15274e-06 
-0.000522506 0.00195334 -0.000960295 -0.000362002 0.000707743 -0.0103372 0.000690166 -0.00209386 -0.000421872 0.0385257 -0.0234974 0.000324684 -0.000225174 -0.00233819 -0.00148707 -0.0147222 -0.0160836 -0.0150288 0.0211213 0.013076 -0.0117714 -0.00890953 -0.0115492 -0.0241254 -0.00069683 -0.00279055 -0.0122951 -0.0242431 -0.000507303 0.00321869 -0.00273535 -0.00857873 -0.000111488 0.0707538 0.0117815 0.00589937 0.000144045 -8.46196e-05 -0.0176541 -0.0132474 -0.00651793 0.0138532 0.0102884 0.00115601 0.000413713 -0.00287153 0.00201077 -0.0108336 0.0283659 -0.00144086 0.00217596 0.0233613 -0.00229394 0.00536489 -0.0102646 -0.00968381 0.00211592 -0.0017201 -0.0018378 0.0121404 0.0045732 -0.000840364 0.0119544 -0.000540873 -0.00491619 -9.09493e-05 0.00840576 -0.00568422 0.000252844 -0.00123124 0.026506 -0.000131658 -5.4491e-05 -0.00448944 -0.0124718 0.0172123 -2.18303e-05 -6.16491e-06 0.00308301 0.0256663 -0.00795361 0.00157583 0.0156208 -0.00238652 -0.00502203 -0.00647188 0.000392552 0.00514352 0.000301301 -0.0291093 0.00235539 8.54036e-05 -0.0230179 -0.00268711 0.00761013 0.0129406 -0.0196365 -0.00820374 -0.00351743 0.000207643 
