0.0722077 -0.000161117 0.00926159 0.0095301 0.0286139 0.000186919 0.00239067 0.0101598 -9.44924e-05 -0.00118269 -0.00816619 -0.000323931 0.0219023 0.00676788 -4.04123e-06 -0.0320902 0.00297449 -0.0014597 0.00470335 0.040288 -0.0131887 -1.4534e-05 0.00355354 -0.00337139 -0.000107657 -0.000177352 0.000761108 -0.00183375 0.00180316 -0.000197991 0.0125009 -0.00801358 -0.00372254 0.000860751 -6.84909e-05 -0.0124718 0.00844795 -0.000351269 -0.0062923 0.000317809 -0.0146428 -0.0266488 0.00129694 -0.0161383 -0.000483099 -0.000134078 -0.0373339 -6.20927e-05 0.0459374 -0.00236937 -0.0176418 5.17888e-05 0.00775489 -3.97818e-05 0.00306652 -4.34792e-06 -0.00214487 0.000902219 0.00506253 0.000170603 -8.18067e-05 -0.00182049 -0.000311812 0.00156073 0.00436356 -0.0262042 -0.000221528 -0.000413912 0.000572056 0.0100257 1.13443e-06 0.00318642 -0.0022373 -1.17655e-05 1.01208e-05 0.00311963 -0.0230691 0.0020554 -9.62879e-05 -0.00773999 -0.0393009 -0.00267755 0.00115235 0.000199391 -2.77793e-05 0.00381375 -4.33632e-05 0.00956827 -1.76282e-07 0.013347 -0.000400977 2.52609e-05 -0.00908456 0.00628193 0.00244165 -0.0244549 -0.0099501 -0.00364153 -0.000308383 -0.000163931 
-0.000161117 0.0183335 0.000881489 0.00167719 0.00194171 0.000507678 0.00552528 0.00100912 -2.73177e-05 0.000842725 -0.00228596 7.87155e-05 0.00468268 -0.000365096 -0.000320744 -0.0097402 -0.00794408 -0.000340287 0.00224372 0.0083754 -0.0104658 -4.89411e-06 2.84012e-05 0.013536 0.000383858 -4.49168e-05 8.15325e-05 0.00134423 1.68057e-05 0.00103372 0.00707806 0.000642785 -0.000931123 -6.30104e-05 0.00057432 -0.00290217 0.00506069 0.000318303 -0.00151537 4.92719e-05 -0.0127858 0.00339021 0.000356908 -0.00385042 3.94438e-05 -5.35188e-06 -0.0112615 -2.85348e-05 0.00511765 -0.00632629 -0.00247287 1.59364e-06 0.00324706 0.00016174 0.00223452 8.43256e-05 -0.000215243 7.57884e-05 -0.00085363 0.000136333 0.000657908 -0.000315802 -6.88277e-05 0.00290566 0.00440261 -0.00995052 -5.46148e-05 -0.000114788 0.000215337 -0.00420264 3.65824e-07 0.000454915 -0.00045553 9.06515e-06 0.000205286 -0.00140687 -0.00775126 0.0081284 0.000716363 -0.00299213 -0.0117537 -0.000582303 -0.00063795 0.00125855 1.3583e-05 0.000411893 0.000148155 0.00333553 0.000540568 -0.000219691 -0.000228706 0.0001713 -0.00195764 0.00590032 -0.000263552 -0.00560321 -0.00252031 -0.000726289 0.0057971 0.000352354 
0.00926159 0.000881489 0.0259735 0.00226098 0.00431596 0.00257746 0.00168716 0.00310356 -3.60071e-05 0.00102044 0.00529436 -9.5294e-05 0.00786026 0.00700339 5.23581e-05 -0.0173841 -0.00225112 7.25086e-05 0.00182383 0.014538 -0.0102911 5.14373e-06 0.000732693 0.00294257 6.72907e-05 0.000409634 0.000599777 0.00186095 0.00119646 0.00153515 -0.00146553 -0.00248097 -0.00116089 6.33639e-05 8.77647e-06 0.00345238 0.00122813 -0.000171493 -0.00216095 0.000186295 -0.0129824 0.000313988 -1.51547e-05 -0.0055388 -0.000193453 0.000614365 -0.0150129 -1.60482e-05 0.00569038 -0.00911964 -0.00508215 5.22155e-05 0.00697141 -3.72103e-05 0.00487977 8.498e-05 0.00275284 0.000944075 0.00577748 5.50827e-05 0.000337192 -0.000576715 -7.91937e-05 0.000491815 0.00310756 -0.0143209 -6.83302e-05 -0.000138327 0.0003118 -0.00257555 -3.86339e-07 0.00326214 -0.000778025 -8.12044e-07 9.95849e-05 -0.00402842 -0.0127793 0.0039002 0.000229016 -0.00233019 -0.0159562 -0.000503184 -0.00100931 0.000511479 -7.70855e-06 -1.11052e-05 7.99101e-05 0.00411244 -0.000133535 0.003138 0.000918768 -0.00012041 -0.00462521 0.00532858 -0.000296228 -0.00829559 -0.00342382 -0.00110685 0.00274097 -6.09658e-05 
0.0095301 0.00167719 0.00226098 0.0224507 0.00739869 0.00197237 0.00060552 -0.000153335 -1.9899e-05 0.000630883 -0.00370057 -2.57497e-05 0.00680564 0.000841498 0.000968948 -0.0142366 -0.00336205 0.000954019 -0.00267386 0.00932584 -0.00455652 -2.84871e-06 0.00318977 0.00720126 -4.29276e-05 0.000555511 0.000340538 7.48716e-05 0.000751281 0.00209946 0.00023282 -0.00151929 -0.00111476 0.0011203 0.000464971 -0.00655747 -0.00228783 -5.55608e-05 -0.00184747 0.000250215 -0.0163681 -0.00289042 0.00100501 -0.00465666 -0.000122981 0.00163432 -0.0131577 1.75311e-05 0.0119187 -0.00240797 -0.00732039 -1.59795e-05 -0.00656669 3.96149e-05 0.00876066 0.000696816 0.00095528 0.000399436 0.00149489 0.000332915 5.06278e-05 -0.000147276 4.36881e-05 -3.96763e-05 0.00492072 -0.0106902 -5.20315e-05 6.47093e-05 0.000570108 -0.00171367 5.49169e-06 0.00161684 -0.000585851 1.04121e-05 0.000807669 -0.00102151 -0.00876904 0.000303109 3.1507e-05 -0.000618859 -0.0145697 -0.000966441 0.00182617 0.00127021 -3.42381e-06 0.00011762 3.0156e-05 0.0101933 3.0577e-05 0.00411996 0.0018251 -0.000183553 -0.0005358 0.00382324 0.00218256 -0.00666542 -0.0031394 -0.00106577 0.00284909 0.000779707 
0.0286139 0.00194171 0.00431596 0.00739869 0.0453439 0.00235794 -0.00111624 0.00160548 -6.76219e-05 -0.000578308 -0.00767151 0.000236968 0.0126668 0.00323557 0.000950761 -0.018691 0.000635927 -0.00112411 -0.00111583 0.0177643 -0.002556 -6.72235e-06 0.00107902 1.93972e-05 0.000125219 -4.46786e-05 0.000648086 -0.000761932 0.00221389 -7.0582e-05 -0.00691708 -0.00756801 -0.00190105 0.000351115 0.000638175 -0.00902557 -0.00928249 -0.000229998 -0.00294251 -8.09138e-06 -0.0130983 -0.0172989 0.00128066 -0.00920354 -0.000290104 -0.00013051 -0.0169834 -2.97923e-05 0.0211815 0.0106545 -0.00558007 -1.9512e-05 -0.0141531 -1.72648e-05 0.001976 -1.44971e-05 -0.00244219 0.00116272 -0.00117336 5.26366e-05 -6.17662e-05 -0.00102438 -0.000168231 -0.000870527 0.00408346 -0.00626783 -0.000145028 -0.000133015 0.000831932 0.00152388 2.22483e-06 0.00222439 -0.0012465 8.56628e-06 1.30224e-05 0.0112655 -0.0149309 0.00125014 -0.000357951 -0.00121243 -0.0257719 -0.00192888 0.00118168 -0.000125892 -1.43072e-05 -0.000385233 -2.70771e-05 0.0114354 -7.69586e-05 0.00399399 0.000951277 0.000391844 0.000119469 0.0116983 0.00187753 -0.00723353 -0.00467156 -0.00206398 -0.000362242 -0.000109515 
0.000186919 0.000507678 0.00257746 0.00197237 0.00235794 0.0381837 0.003204 0.000314484 -4.86935e-05 0.00971846 -0.00427539 -3.4795e-05 0.00266591 -0.00134914 0.00879494 -0.010097 -0.0115438 0.00876921 -0.00696638 0.00354145 -0.00738656 -4.15345e-06 -0.000420172 0.0140486 -8.07951e-06 0.000198813 0.00140869 0.00769106 0.000905245 0.000193267 -0.0130032 -0.004294 0.0036836 0.00031491 0.000631525 -0.00638403 -0.00629947 0.0017707 -0.00260293 0.000116768 -0.0170961 0.000807023 0.000110838 0.00442608 -0.000261765 3.3621e-05 -0.00701329 1.94006e-05 -0.00354859 -0.00174284 -0.0205573 -2.71084e-05 -0.0118103 0.000222744 0.0107769 0.000419415 0.00517671 0.00119096 0.00115082 1.88869e-05 -3.97215e-05 -0.000598271 3.79952e-05 0.00138209 0.00150137 -0.00779228 4.91349e-07 0.00174861 -2.03082e-05 -0.012876 2.39269e-06 0.00241256 -0.000470155 1.60946e-05 0.000161046 -0.00368316 -0.00361394 0.0043166 -5.42323e-05 0.00476986 -0.0103113 -0.00156922 0.00669816 -1.88345e-05 -5.44945e-06 -0.000179052 0.000509982 0.00250059 0.000422493 -0.000520563 -0.000160766 -0.000248756 0.00300935 0.00642743 -0.000326367 -0.00457961 0.00760639 -0.000953505 0.00176368 0.00139841 
0.00239067 0.00552528 0.00168716 0.00060552 -0.00111624 0.003204 0.0349002 0.00678268 -5.34506e-05 0.000677938 0.0011752 -4.58001e-05 0.00911238 -0.000754887 -0.000645168 -0.0118976 -0.0111282 -0.000667825 0.00523384 0.0189187 -0.0230738 -1.28709e-05 -0.000464916 0.0121117 0.00113455 -7.90421e-05 0.000406472 0.00516819 0.00028171 0.000775289 0.0150872 0.00619072 -0.00177516 -0.000107027 0.000377943 0.00700381 0.0211023 -3.16906e-05 -0.00295266 0.000415209 -0.0157334 0.0116832 -5.86295e-05 -0.00739688 -0.000235465 0.000265358 -0.0146987 -7.53579e-05 0.00267372 -0.0197168 -0.013237 1.81763e-05 0.0155839 -8.32104e-06 0.00112465 5.75161e-05 -0.00175164 4.59983e-05 -0.000951325 0.0002592 0.000570057 -0.000762742 -4.18074e-05 0.012722 0.00133376 -0.0205423 1.64726e-05 -7.40309e-05 -2.66943e-05 -0.00756277 -8.53476e-07 0.00130829 -0.00105967 7.27239e-05 4.99967e-05 -0.0053466 -0.017144 0.00538964 0.000720046 -0.00584635 -0.0227467 0.0010492 -0.00198499 0.00163338 4.65314e-06 0.00171287 0.000440123 -0.000768803 0.00122482 0.00358904 -0.000592831 -0.000171498 -0.00546386 0.00361762 0.00136656 -0.0116442 -0.00462342 -0.00139981 0.0076354 3.68437e-05 
0.0101598 0.00100912 0.00310356 -0.000153335 0.00160548 0.000314484 0.00678268 0.0284897 -2.54193e-05 0.00200292 0.00226087 -0.000110626 0.00557695 -0.000576324 0.00524326 -0.0148035 -0.00854764 0.0053624 0.000908375 0.0162677 -0.0208221 4.7125e-05 0.00385495 0.00659668 0.000607499 3.15532e-05 0.000137714 0.000396818 6.29083e-05 0.000279932 0.00321675 -0.00322038 -0.00141092 -3.11627e-05 -8.87117e-05 0.002416 0.0150071 0.00054236 -0.00237894 0.000336928 -0.00615065 0.00286656 0.000156214 -0.0060496 -0.000213106 0.000492882 -0.0145903 -1.00308e-06 0.00674938 -0.0147386 -0.00880237 0.000483631 0.011214 2.47835e-05 0.00710088 6.73583e-06 -0.000309792 0.000156511 0.00216784 5.23748e-05 -1.31935e-05 -0.000660268 -0.000112521 0.0034498 0.00059132 -0.0164556 -7.0751e-05 0.00255575 0.000179904 0.00199535 -2.55892e-07 0.000864503 -0.000812594 2.02426e-05 -1.34096e-05 -0.0039064 -0.00968184 0.00268352 0.000297827 -0.00461948 -0.0202947 -0.000164788 0.00785851 0.000438618 -7.25486e-06 0.000595316 2.04696e-05 0.000363755 -9.73489e-05 0.00468983 -0.000376637 4.06286e-05 -0.00363741 -0.00353216 0.000254055 -0.00920556 -0.00405572 -0.00129751 0.000898344 0.000148923 
-9.44924e-05 -2.73177e-05 -3.60071e-05 -1.9899e-05 -6.76219e-05 -4.86935e-05 -5.34506e-05 -2.54193e-05 0.00153033 -2.70471e-05 -0.000227886 2.86379e-06 -0.000714614 -7.22231e-05 -3.33386e-05 0.000404928 -0.000527748 -3.47565e-05 -0.0010313 -0.000560822 0.000166885 2.26022e-06 4.26398e-05 -0.000125805 2.29272e-06 1.789e-05 -6.17366e-06 2.06175e-05 2.56415e-06 9.94711e-05 -0.000433022 -0.000284409 -5.41363e-05 5.36967e-06 -2.88861e-06 -0.0004337 -0.000424869 2.77475e-05 0.00104922 -1.27204e-06 -1.70897e-05 -0.000597969 2.72694e-06 0.000971015 -8.8575e-06 1.57746e-05 0.000448261 2.02643e-06 -0.000401712 0.000518688 -0.000869893 1.80831e-06 -0.000654431 3.06578e-05 -6.5645e-05 -1.37875e-06 -8.64503e-05 -3.3051e-06 -4.62764e-05 -9.59348e-07 3.64837e-06 2.52621e-05 -5.08174e-06 -2.8225e-05 -2.09739e-05 0.00052911 -4.32867e-06 5.57196e-06 -4.55978e-07 -0.000225071 1.57809e-06 -1.14717e-05 0.000493934 1.34906e-07 -1.37097e-06 8.58857e-05 0.000704607 -5.40682e-05 3.57273e-05 -4.19905e-05 0.000343046 0.000317776 -4.85755e-05 -8.46438e-06 8.60255e-06 1.70768e-06 -1.26552e-06 -3.73816e-05 1.95457e-06 -4.69246e-05 2.53589e-05 1.72908e-06 0.000237263 -0.000284078 -2.88848e-05 0.00053961 -0.000167818 0.000448606 -3.26571e-05 -5.18969e-06 
-0.00118269 0.000842725 0.00102044 0.000630883 -0.000578308 0.00971846 0.000677938 0.00200292 -2.70471e-05 0.0223665 -0.00350239 -5.57475e-06 0.0107853 8.43988e-06 0.0154977 -0.015744 -0.0179075 0.0177608 -0.00233745 0.00906874 -0.0119756 0.000144723 0.000668628 0.0184391 -3.63617e-05 0.000496737 0.000787811 0.00183523 0.000288002 0.000579244 -0.00757645 -0.00399531 -0.0011619 0.000472578 0.000358269 -0.0051279 -0.00134495 0.00588452 -0.00186345 0.000408731 -0.0196954 0.00978844 0.000262064 -0.00477716 -7.61911e-05 0.000152062 -0.0148766 -1.92136e-05 0.000424244 -0.0125014 -0.0154955 0.000579703 -0.00336283 2.23867e-05 0.0155944 0.000845286 0.0111997 0.000151094 -0.000748887 5.75224e-06 0.000487849 -0.00025994 -9.44339e-05 -0.000330464 0.000755048 -0.0130934 -4.75141e-05 0.00449543 -2.45029e-05 -0.00167878 3.3341e-06 0.00109742 -0.000666303 6.70598e-05 0.00040351 -0.00312374 -0.0100469 0.00771677 0.000164613 -0.00352999 -0.0164571 -0.000857873 0.0142114 0.00172906 -4.47474e-06 -0.000224549 0.000225225 0.00252146 6.29974e-05 -0.000535762 0.000631358 -0.000191165 -0.0030014 0.0103383 -0.00017847 -0.00671673 -0.00177074 -0.00105794 0.00253091 0.00260084 
-0.00816619 -0.00228596 0.00529436 -0.00370057 -0.00767151 -0.00427539 0.0011752 0.00226087 -0.000227886 -0.00350239 0.15082 -0.000804236 0.0480082 0.000810519 -0.00364275 -0.06469 -0.00655182 -0.004332 0.0277766 0.0689264 -0.0126764 -3.59292e-05 -0.00223956 -0.00184811 0.00121222 0.000763472 -0.000469149 -0.00474107 -0.000123117 -0.000869406 -0.0026234 0.00341392 -0.00911856 -0.000215498 -0.000849573 0.100136 0.00392424 -0.00135952 -0.0143309 -0.000182624 0.00685724 0.0668218 -0.000427918 -0.0379954 -0.000381055 -2.56331e-06 -0.0708246 -0.000429959 -0.0279143 -0.0541736 0.036679 -8.04483e-05 0.0681057 -0.000252313 0.00138431 -0.000294244 0.0178739 -9.76022e-05 0.0182361 -0.000154379 -0.00032139 -0.00401069 -0.000495816 -0.00128588 0.000802896 -0.0844332 -0.000542902 -0.000708374 -0.000228397 0.0430499 -3.95381e-06 -0.000473146 -0.00487737 -1.67577e-05 -0.000252517 -0.0236914 -0.0782246 -0.00496195 0.00106596 -0.0280951 -0.0328851 0.00613602 0.00402001 -0.000911965 -6.08636e-05 -0.00211845 0.000485135 -0.00500949 -0.000413321 0.00385122 -0.00240312 -0.00144502 -0.0316848 0.0496556 1.86962e-05 -0.0457428 -0.0185028 -0.00762099 -0.00321348 -0.000368768 
-0.000323931 7.87155e-05 -9.5294e-05 -2.57497e-05 0.000236968 -3.4795e-05 -4.58001e-05 -0.000110626 2.86379e-06 -5.57475e-06 -0.000804236 0.0043434 -0.00175513 0.000108052 -8.39048e-05 0.00101236 0.000239202 -0.000115534 -0.00125708 -0.00172932 -0.000830778 2.39154e-05 -5.64002e-05 -0.000227653 -1.15441e-05 -5.33053e-06 1.97555e-05 -0.000111361 -2.03585e-06 0.000100225 -0.00160063 -0.000799046 -6.95263e-05 1.12115e-05 0.000286894 -0.00112711 -0.00122142 1.52359e-05 0.00077626 -2.20458e-06 -7.27564e-05 -0.00173474 3.62076e-06 0.00241118 6.61821e-05 -4.9533e-07 0.00118654 -3.47909e-06 -0.00108117 0.00102628 -0.000550344 1.46139e-06 -0.00201362 -2.8564e-07 -0.000176358 2.10296e-05 -0.000248203 -9.58269e-06 -0.00016802 2.06525e-06 3.29414e-05 0.000111618 2.76253e-05 -6.89254e-05 0.000113186 0.00132147 1.21235e-05 1.61646e-05 0.000205845 -0.00292973 -8.92834e-08 2.33056e-06 0.000574437 1.04624e-06 4.21128e-06 0.00132568 5.94034e-06 -0.000178881 -5.90078e-06 -0.000438947 0.000861457 0.000959456 -0.000212696 6.57103e-06 2.36664e-05 -5.38514e-05 4.19794e-06 -0.000107268 3.76989e-06 -9.62407e-05 0.00046797 0.000117013 0.00129778 -0.000484518 -7.01461e-05 0.00250734 0.000610829 0.000663148 -9.999e-05 7.02649e-06 
0.0219023 0.00468268 0.00786026 0.00680564 0.0126668 0.00266591 0.00911238 0.00557695 -0.000714614 0.0107853 0.0480082 -0.00175513 0.249811 0.0109289 0.0152463 -0.120278 -0.0220179 0.0166854 0.0479799 0.126231 -0.0483283 -6.67871e-05 0.000118436 0.03688 -0.000130288 0.000775299 0.000782665 -0.00253785 0.00146524 0.000560634 0.061778 0.0130293 -0.0240702 0.000906577 0.000287561 0.083127 0.0863971 0.00271333 -0.0334812 -6.67059e-05 -0.0344596 0.103973 0.00149893 -0.0883127 -0.00193004 -0.000168351 -0.144587 -0.00108944 0.0427953 -0.133204 0.000562751 0.000109056 0.108787 -0.000173905 0.0172081 0.000401043 0.0175975 0.00114029 -0.00746193 0.00041119 -5.19944e-05 -0.0102264 -0.00159755 0.00175688 -0.000214921 -0.15435 -0.0011882 0.00263871 -0.000370064 0.0617959 -4.69286e-06 -0.000115199 -0.012474 -8.20426e-06 0.000493604 -0.0450558 -0.134161 0.0184971 -0.000160336 -0.0540499 -0.0882069 -0.00214661 0.0271735 0.00124701 -4.07148e-05 -0.00068501 -0.000440799 0.00845238 -0.00167397 0.0118216 -0.00357142 -0.00297111 -0.0474076 0.078526 0.00674386 -0.105349 -0.0616112 -0.0197082 0.0117996 0.00147313 
0.00676788 -0.000365096 0.00700339 0.000841498 0.00323557 -0.00134914 -0.000754887 -0.000576324 -7.22231e-05 8.43988e-06 0.000810519 0.000108052 0.0109289 0.0483168 5.17191e-05 -0.0207433 -0.000608706 0.000244429 0.00696524 0.0069457 -0.00503955 8.37793e-06 0.00085444 0.0010683 -2.34477e-05 0.00103193 -7.0354e-05 0.000204164 0.00138165 0.000315184 -0.00273862 0.0128256 -0.00171161 2.73626e-06 0.000161869 0.00341623 0.00472624 -5.46097e-05 -0.00407417 0.000146688 -0.00487441 0.0077462 0.000170981 -0.00947985 3.68373e-06 -9.04069e-05 -0.0117111 -0.000115657 0.00852718 -0.0174705 -0.00451726 1.59716e-05 0.0137944 -7.09044e-05 -0.000717324 6.48944e-06 0.00309757 0.000248375 0.00106863 0.000103948 5.62303e-05 -0.000966303 2.21829e-06 -0.00062671 0.000741651 -0.0134384 -4.98854e-05 4.82304e-05 0.00028542 -0.000664754 7.84658e-07 0.000862064 -0.00145165 2.52507e-06 -7.61748e-05 -0.00399598 -0.0228571 0.00404215 0.000705216 -0.00630428 -0.0113426 -0.00129053 0.00110956 0.000443611 -7.95298e-06 5.59861e-05 -1.72726e-05 0.00140888 -0.000210308 0.0017003 0.00170908 -0.000155474 -0.00823619 0.00706581 -8.63624e-05 -0.00966218 -0.00397471 -0.00227398 0.00164935 -0.00012593 
-4.04123e-06 -0.000320744 5.23581e-05 0.000968948 0.000950761 0.00879494 -0.000645168 0.00524326 -3.33386e-05 0.0154977 -0.00364275 -8.39048e-05 0.0152463 5.17191e-05 0.0317892 -0.0218098 -0.0184022 0.024797 -0.0033519 0.0135327 -0.0186838 0.00016608 0.0018794 0.0232109 4.98483e-05 0.00069431 0.00109584 0.00203721 0.000976528 -4.96884e-05 -0.0102074 -0.00598162 -0.00155435 0.00144087 0.00138317 -0.00604956 -0.00063064 0.00546471 -0.00261278 0.00016576 -0.0229133 0.0127359 0.00124768 -0.00651225 -8.19337e-05 0.000128539 -0.020586 3.7894e-05 0.00416843 -0.0168643 -0.0205202 0.000780884 -0.00122929 7.24243e-05 0.0200517 0.000861551 0.00863236 0.000285844 -0.00104388 -9.23795e-06 -4.3531e-05 -0.000629978 -0.000127671 -0.00050704 -0.000299523 -0.0183345 -9.75551e-05 0.00569309 0.000139536 0.00113237 6.56457e-06 0.00113756 -0.000803291 5.79423e-05 0.000220972 -0.00218405 -0.0131216 0.00683198 -7.79485e-05 -0.00434813 -0.0231261 -0.00136101 0.0241359 0.000658518 -5.7833e-06 -0.000384292 5.51865e-06 0.00245986 1.22839e-05 -0.000606668 0.000660524 -0.000263125 -0.0012878 0.0132408 0.000464097 -0.00882308 -0.00325349 -0.00147029 0.00172779 0.00190259 
-0.0320902 -0.0097402 -0.0173841 -0.0142366 -0.018691 -0.010097 -0.0118976 -0.0148035 0.000404928 -0.015744 -0.06469 0.00101236 -0.120278 -0.0207433 -0.0218098 0.207707 0.0311078 -0.0235572 -0.0289194 -0.140792 0.0509655 -0.000111507 -0.00538287 -0.0531664 -0.000425938 -0.00302323 -0.00224783 -0.00300306 -0.00259343 -0.00270254 -0.00357665 -0.0260097 0.0140066 -0.00175281 -0.000997868 -0.0604726 -0.0211426 -0.00430539 0.023901 -0.00100235 0.0608086 -0.0913746 -0.00276016 0.0611269 0.00155522 -0.00197393 0.148793 0.000514825 -0.0514396 0.098297 0.0176023 -0.000688782 -0.081761 -8.96435e-05 -0.0382353 -0.00120847 -0.0363201 -0.0013355 -0.0135347 -0.000508157 -0.000346242 0.00607956 0.000644073 -0.00485904 -0.010275 0.137163 0.000827619 -0.00436997 -0.000758466 -0.045572 -8.30155e-06 -0.00464639 0.00851821 -8.94268e-05 -0.00104025 0.0298104 0.12676 -0.0214316 -0.00269406 0.0399814 0.124512 0.00762131 -0.0394898 -0.00395351 7.1624e-05 -0.00179763 -0.000645653 -0.01936 0.000615048 -0.0192594 0.000146386 0.00120563 0.0415438 -0.0934151 -0.00912093 0.0889143 0.0331398 0.0131738 -0.0137936 -0.00298408 
0.00297449 -0.00794408 -0.00225112 -0.00336205 0.000635927 -0.0115438 -0.0111282 -0.00854764 -0.000527748 -0.0179075 -0.00655182 0.000239202 -0.0220179 -0.000608706 -0.0184022 0.0311078 0.0672639 -0.0246099 -0.00129939 -0.0301441 0.0315702 -0.000186221 -0.00414709 -0.0447365 -0.00170581 -0.000750182 -0.000494882 -0.00570143 -0.00139993 -0.00224505 0.0011798 0.00495775 0.00322497 -0.000357637 -0.000247787 -0.000799263 -0.0173842 -0.00560093 0.00285465 -0.000683128 0.0364284 -0.0257679 -0.00105255 0.0110804 0.000294825 -0.00184097 0.0374718 -0.000609825 0.0021987 0.0323619 0.0276223 -0.000856246 -0.00967926 -0.000405296 -0.0243187 -0.001134 -0.0163911 -0.000471077 0.00190941 -0.000422703 -0.000922866 0.000401267 0.000244391 -0.00384279 -0.00401495 0.0318901 0.00015771 -0.00567833 -5.60187e-06 0.00111991 -1.49503e-05 -0.00235923 0.00128044 -0.000129208 -0.00101765 0.00850203 0.0218612 -0.0238294 -0.00161776 0.0103924 0.0374547 0.000139638 -0.0241188 -0.00347902 -9.74554e-06 -0.00108075 -0.000784658 -0.00618605 -0.00107044 0.00203917 -0.000766279 0.000380439 0.00884933 -0.0107251 0.000746386 0.0175666 0.00633448 0.000972426 -0.0148935 -0.0029264 
-0.0014597 -0.000340287 7.25086e-05 0.000954019 -0.00112411 0.00876921 -0.000667825 0.0053624 -3.47565e-05 0.0177608 -0.004332 -0.000115534 0.0166854 0.000244429 0.024797 -0.0235572 -0.0246099 0.0341143 -0.00153313 0.0160372 -0.0218925 0.00016827 0.00219754 0.0285521 2.73377e-05 0.000509127 0.000705768 0.00200869 0.000470909 -2.7908e-05 -0.0113121 -0.00473721 -0.00179044 0.00131182 0.000587081 -0.00781584 0.00352954 0.00573487 -0.00275567 0.000151466 -0.0241984 0.0174484 0.00045147 -0.00718656 -0.000145655 0.00019398 -0.0229212 4.01646e-05 0.00613736 -0.0196639 -0.0250624 0.000841164 0.00180069 0.00010477 0.0202048 0.00072517 0.0103513 0.000161061 -0.00102273 -2.69819e-05 -4.64269e-05 -0.000577073 -0.000137988 -0.00053894 -0.000488051 -0.0202168 -0.00010347 0.00580821 -5.74592e-05 0.00200265 4.853e-06 0.000443267 -0.000890272 6.16045e-05 0.000318209 -0.00417712 -0.0137651 0.0130269 0.000215331 -0.00564605 -0.0254177 -0.00119486 0.0270796 0.00130251 -5.09732e-06 -0.000329719 -9.16132e-07 0.00308572 7.02424e-05 -0.000888745 0.000378164 -0.000298743 -0.00334818 0.0105174 0.00120129 -0.0103714 -0.00403973 -0.00155791 0.0053404 0.0023631 
0.00470335 0.00224372 0.00182383 -0.00267386 -0.00111583 -0.00696638 0.00523384 0.000908375 -0.0010313 -0.00233745 0.0277766 -0.00125708 0.0479799 0.00696524 -0.0033519 -0.0289194 -0.00129939 -0.00153313 0.133632 0.0519868 -0.0184224 -0.000189732 -0.00186338 0.00476449 0.000374589 -0.000441066 -0.00102169 -0.0107315 -0.000212976 -0.00210353 0.0704323 0.0276761 -0.0302923 -0.00182994 -0.00106272 0.0459395 0.0425827 -0.00219563 -0.0529246 -0.000515917 0.00154445 0.0582207 -6.53243e-06 -0.0976045 0.000463318 -0.00100381 -0.036778 -2.82867e-05 0.0292348 -0.0541279 0.0935853 -0.000361907 0.0748891 -0.000496721 -0.00130144 -0.00103493 0.00486663 -0.000725907 -0.00642264 0.000121597 -0.00022691 -0.00518046 6.37444e-05 0.00276528 -0.00070069 -0.0469681 1.18395e-05 -0.00371669 -0.000728548 0.0781212 -1.00759e-05 -0.00173743 -0.016982 -0.000105422 -3.78901e-05 0.0047809 -0.0628669 0.00535562 0.000815606 -0.086591 -0.0242623 -0.00196206 0.000671611 -0.000564074 -0.000221668 0.00201896 7.73634e-05 0.000843902 0.000171862 -0.000588094 -0.00487572 0.000463106 -0.0858366 0.023736 0.00121969 -0.0819466 -0.0417825 -0.019146 0.00281269 -0.000654737 
0.040288 0.0083754 0.014538 0.00932584 0.0177643 0.00354145 0.0189187 0.0162677 -0.000560822 0.00906874 0.0689264 -0.00172932 0.126231 0.0069457 0.0135327 -0.140792 -0.0301441 0.0160372 0.0519868 0.244011 -0.0709737 -0.00012955 0.00305838 0.0455847 0.00120973 0.00179832 0.000894118 -0.00129926 0.00177362 0.0016844 0.0432602 0.0199503 -0.0211502 0.000212243 -0.000630414 0.0986775 0.0797895 0.00184431 -0.0343002 0.000300697 -0.0439044 0.0985864 0.0019063 -0.0863542 -0.00312373 0.00139898 -0.168798 -0.000790966 0.0619121 -0.132386 -0.00683377 0.000146299 0.139346 -0.000338659 0.0267483 -0.0001441 0.0113244 0.000664395 0.0119907 0.000495891 0.000226074 -0.0087382 -0.00115136 0.00753072 0.00668847 -0.163067 -0.0010922 0.00186828 6.5765e-06 0.0802121 2.3611e-06 0.0015304 -0.0122641 4.16239e-05 0.000389612 -0.0415662 -0.141736 0.020518 0.0028674 -0.0637388 -0.141335 -0.000797323 0.0282072 0.00288547 -0.000106201 0.00419692 0.000200048 0.0174664 -0.000176075 0.0164069 -0.00426312 -0.00109448 -0.0636157 0.0642127 0.0042482 -0.13067 -0.0557128 -0.0191737 0.0136419 0.00101817 
-0.0131887 -0.0104658 -0.0102911 -0.00455652 -0.002556 -0.00738656 -0.0230738 -0.0208221 0.000166885 -0.0119756 -0.0126764 -0.000830778 -0.0483283 -0.00503955 -0.0186838 0.0509655 0.0315702 -0.0218925 -0.0184224 -0.0709737 0.165282 -0.000171039 -0.00325977 -0.0412933 -0.00198559 -0.00237781 -0.0011876 -0.00672156 -0.00157955 -0.00339459 -0.0324304 -0.00199045 0.00809478 -0.00114321 -0.00297945 -0.0373001 -0.0799603 -0.00433572 0.0152048 -0.000894363 0.0420958 -0.0478372 -0.00179719 0.0348051 0.000775621 -0.00245009 0.0677922 8.77885e-05 -0.0184037 0.0840324 0.0237127 -0.000829295 -0.0715825 -0.000309578 -0.020738 -0.00119027 -0.00425615 -9.46532e-05 -0.00641411 -0.000711401 -0.000854787 0.00185487 0.000487414 -0.0134582 -0.00357271 0.0787019 1.68365e-05 -0.00469419 -0.000706124 -0.012817 -1.01603e-05 -0.00282724 0.00466887 -0.000104471 -0.000210418 0.00813495 0.0613177 -0.0317483 -0.0032067 0.0307133 0.0674046 -0.0156259 -0.019304 -0.00418715 -1.23907e-05 -0.00875224 -8.47426e-05 -0.000554948 -0.00178687 -0.00721848 -0.00255074 -0.00125866 0.0173499 -0.022097 -0.00288207 0.0525366 0.0257087 0.00695454 -0.0186053 -0.000522161 
-1.4534e-05 -4.89411e-06 5.14373e-06 -2.84871e-06 -6.72235e-06 -4.15345e-06 -1.28709e-05 4.7125e-05 2.26022e-06 0.000144723 -3.59292e-05 2.39154e-05 -6.67871e-05 8.37793e-06 0.00016608 -0.000111507 -0.000186221 0.00016827 -0.000189732 -0.00012955 -0.000171039 0.000402038 6.01387e-05 0.000120309 1.36419e-06 -1.44376e-06 -8.2137e-07 -7.54672e-06 4.56522e-06 2.44373e-06 -0.000166865 -7.35363e-05 -1.15853e-05 1.04138e-05 6.33983e-06 -9.78287e-05 -0.000118129 8.56809e-05 6.62774e-05 4.36087e-05 -0.00018149 -2.6347e-05 1.50381e-05 6.96158e-05 1.60824e-05 -4.97288e-07 -9.21525e-05 4.61183e-06 -6.76482e-05 -9.05473e-05 -0.000211305 0.000155796 -0.000143112 -1.36175e-07 0.000195658 5.1783e-06 0.000180043 1.34684e-05 2.34832e-05 -7.0026e-08 4.36774e-06 3.389e-05 3.22091e-06 -6.6947e-06 1.01857e-05 -7.57343e-05 5.57945e-06 9.24358e-05 6.05886e-06 -0.000250722 3.75669e-07 6.55148e-05 1.30551e-06 2.81475e-07 -2.05066e-07 1.72624e-05 -8.56744e-05 9.28841e-05 -3.27456e-06 -1.61559e-05 -0.000124784 5.22016e-05 0.000147965 3.54677e-05 1.25043e-06 -1.21513e-06 1.41536e-05 -1.25396e-05 1.25719e-07 1.28594e-06 7.3538e-05 9.6856e-07 -6.42518e-05 4.81052e-05 -5.0222e-06 -3.78106e-07 -2.34252e-05 2.54272e-05 4.71958e-05 6.88311e-05 
0.00355354 2.84012e-05 0.000732693 0.00318977 0.00107902 -0.000420172 -0.000464916 0.00385495 4.26398e-05 0.000668628 -0.00223956 -5.64002e-05 0.000118436 0.00085444 0.0018794 -0.00538287 -0.00414709 0.00219754 -0.00186338 0.00305838 -0.00325977 6.01387e-05 0.0160475 0.0035203 -1.03925e-05 0.000222334 -1.94384e-05 -0.000320669 0.000156103 0.000512637 -0.00295319 0.000286478 -0.00050403 0.000527657 0.00020057 -0.00356429 0.00195178 0.000548226 -0.000398081 0.000243265 -0.00533087 -0.00266934 0.000349471 -0.00179801 -9.99848e-05 0.000955847 -0.00584851 0.000152773 0.00330518 -0.00405021 -0.00404193 0.000260972 -0.000799291 2.55874e-05 0.00645277 0.00043793 0.00122246 7.58803e-05 0.00174069 7.35696e-05 -1.6804e-05 -1.51383e-05 5.07724e-06 -0.000122733 0.00179358 -0.00490877 8.19366e-07 0.00161363 -2.84057e-05 -0.00353411 4.7506e-06 0.00133439 -0.000166557 8.60579e-06 0.000525738 -0.00188905 -0.00234719 0.000617147 0.000471153 -0.000523925 -0.00497517 -0.000539688 0.00410096 0.000537203 4.81245e-06 -2.00923e-05 2.19351e-06 0.00280166 -6.77072e-05 0.00117611 0.00102605 -6.61793e-07 -0.0013333 -0.00275156 -0.00012832 -0.0017805 -0.00144673 0.000212386 -0.000258689 0.000273308 
-0.00337139 0.013536 0.00294257 0.00720126 1.93972e-05 0.0140486 0.0121117 0.00659668 -0.000125805 0.0184391 -0.00184811 -0.000227653 0.03688 0.0010683 0.0232109 -0.0531664 -0.0447365 0.0285521 0.00476449 0.0455847 -0.0412933 0.000120309 0.0035203 0.081736 0.000696318 0.000751683 0.00137964 0.00661279 0.00115567 0.00309027 -0.00323857 -0.00355454 -0.00454744 0.000282608 0.00137937 -0.00683101 0.0171225 0.00519787 -0.00731591 0.000702067 -0.0513585 0.0372156 0.00135099 -0.0184826 -0.000679351 0.00163972 -0.0540897 -9.19647e-05 0.0178745 -0.0407625 -0.0376869 0.000736851 0.011088 0.000111925 0.0354082 0.000964851 0.0142422 0.000417969 -0.00189531 0.000551248 0.000738167 -0.00147342 -0.000223186 0.0039829 0.00718833 -0.0485621 -0.000230911 0.00492549 0.000476463 0.000206784 7.2079e-06 0.00244684 -0.00258871 9.74913e-05 0.00113702 -0.0108956 -0.0384404 0.0249628 0.00117082 -0.0140234 -0.0610385 -0.00172075 0.0309859 0.00446729 -1.52199e-06 0.0009235 0.000703592 0.0141746 0.000441162 -0.000568664 -8.72633e-05 -0.000588129 -0.00856297 0.0228271 0.000246096 -0.0282809 -0.00997198 -0.00392541 0.0205106 0.00356209 
-0.000107657 0.000383858 6.72907e-05 -4.29276e-05 0.000125219 -8.07951e-06 0.00113455 0.000607499 2.29272e-06 -3.63617e-05 0.00121222 -1.15441e-05 -0.000130288 -2.34477e-05 4.98483e-05 -0.000425938 -0.00170581 2.73377e-05 0.000374589 0.00120973 -0.00198559 1.36419e-06 -1.03925e-05 0.000696318 0.00274184 -8.59555e-06 -6.76098e-06 1.6618e-05 6.16299e-05 4.40055e-05 0.000506 -0.000495259 -0.00013194 -7.23861e-06 -2.90923e-06 0.00126018 0.00135933 1.07509e-05 -0.000214171 1.58009e-05 -0.000414484 -0.000138314 3.18558e-05 -0.000547908 -1.47782e-05 -2.8141e-06 -0.00139655 -4.25943e-06 -0.00058332 -0.00125123 -4.6326e-05 2.97388e-06 0.00105846 8.32699e-06 -8.3568e-05 -2.62817e-06 -6.90623e-05 -2.27547e-06 5.12196e-05 3.63898e-05 2.0882e-05 -6.14079e-05 -9.7875e-06 0.000507201 0.000337747 -0.001303 -7.71801e-06 4.59683e-05 2.29271e-05 0.000111893 -7.51777e-08 0.000175859 -5.50762e-05 5.55436e-06 -4.30423e-06 -0.000184078 -0.00104104 9.53805e-05 3.21672e-05 -0.000440578 -0.00099951 0.000612097 9.46127e-05 1.56354e-05 1.66403e-07 -1.44839e-05 0.000136081 -2.67578e-05 0.000342918 -7.89988e-05 -2.98177e-05 1.97753e-05 -0.000478838 0.000289972 -5.02793e-05 -0.000847049 -0.000379441 -2.99108e-05 -2.66706e-06 -7.08641e-06 
-0.000177352 -4.49168e-05 0.000409634 0.000555511 -4.46786e-05 0.000198813 -7.90421e-05 3.15532e-05 1.789e-05 0.000496737 0.000763472 -5.33053e-06 0.000775299 0.00103193 0.00069431 -0.00302323 -0.000750182 0.000509127 -0.000441066 0.00179832 -0.00237781 -1.44376e-06 0.000222334 0.000751683 -8.59555e-06 0.00468634 0.00021606 3.88019e-05 6.29138e-05 0.00043896 -0.00100965 0.000341438 -0.000217944 8.89276e-05 5.72133e-05 0.00121224 -0.000767329 0.000200331 -0.000373781 4.68816e-05 -0.00161264 0.00194582 0.000124536 -0.000936449 -2.42899e-05 0.000557972 -0.00146426 -8.29363e-06 -0.00113838 -0.00217833 4.06067e-05 4.09135e-06 0.000536281 -4.84676e-06 0.00144157 0.000285131 0.000667831 3.15683e-06 0.000809253 -2.85857e-06 -1.54549e-06 -4.03872e-05 0.000139202 -5.45249e-05 0.000149622 -0.00195851 -1.13449e-05 0.000463012 2.49965e-05 0.000852025 6.06125e-06 0.000100393 -0.000124082 -5.23186e-07 -1.13542e-07 -0.000576517 -0.00220749 4.64747e-05 0.000294646 -0.000651078 -0.00279772 0.000147073 0.000910487 5.68383e-05 -4.30435e-07 6.30857e-05 -1.03942e-06 0.000633202 -2.07194e-05 0.000277557 0.000766514 -2.74674e-06 -0.000502069 0.000594503 0.000106631 -0.00125708 -0.00063276 -0.00020842 -2.80059e-05 7.45079e-05 
0.000761108 8.15325e-05 0.000599777 0.000340538 0.000648086 0.00140869 0.000406472 0.000137714 -6.17366e-06 0.000787811 -0.000469149 1.97555e-05 0.000782665 -7.0354e-05 0.00109584 -0.00224783 -0.000494882 0.000705768 -0.00102169 0.000894118 -0.0011876 -8.2137e-07 -1.94384e-05 0.00137964 -6.76098e-06 0.00021606 0.00425335 0.000214573 9.87454e-05 0.000252776 -0.00113704 -0.000284038 -0.000185047 6.95188e-05 8.21773e-05 -0.000713633 -0.000802522 0.000157987 -0.000327347 0.000121066 -0.00295531 -0.000127633 7.28965e-05 -0.000826109 1.2745e-05 0.000132109 -0.00194327 -7.46076e-06 0.000778247 -0.00111444 -0.0015645 5.53027e-06 -0.000759976 5.54105e-06 0.00187496 0.000160078 0.000305853 0.000385446 0.000275297 6.32494e-06 4.02573e-05 -7.21739e-05 -7.27259e-06 0.000147693 0.000661485 -0.00163968 1.99455e-05 0.00029205 0.000157289 -0.000809681 9.86698e-09 0.000657272 -0.000100774 8.1943e-06 3.41835e-05 -0.000149314 -0.00144644 9.82514e-05 -3.1832e-05 7.69335e-05 -0.00218727 -0.000145311 0.00106084 0.000227233 -1.41014e-06 -3.80818e-05 0.000138853 0.000356434 1.49384e-05 0.000726947 0.000190508 -2.21597e-05 -0.000128316 0.00177841 0.000245331 -0.000978405 -0.000426324 -8.38232e-05 1.75864e-05 5.98621e-05 
-0.00183375 0.00134423 0.00186095 7.48716e-05 -0.000761932 0.00769106 0.00516819 0.000396818 2.06175e-05 0.00183523 -0.00474107 -0.000111361 -0.00253785 0.000204164 0.00203721 -0.00300306 -0.00570143 0.00200869 -0.0107315 -0.00129926 -0.00672156 -7.54672e-06 -0.000320669 0.00661279 1.6618e-05 3.88019e-05 0.000214573 0.0302609 0.000955596 0.000468754 -0.00694542 0.000507837 0.00270908 -2.86546e-05 0.000204944 -0.00533824 -0.000100444 0.000189805 -0.000730415 0.000400562 -0.00972946 -0.00132759 -7.53712e-05 0.00910607 -0.000175767 0.000138709 -0.000534739 -5.32443e-05 -0.00656879 9.94063e-05 -0.0212762 -2.65752e-05 -0.00500254 0.000107621 0.00107074 7.93746e-05 -0.000387916 0.000202068 0.00189796 2.41945e-05 2.42049e-05 -0.000689028 -5.44848e-05 0.00429678 -0.000102478 -0.0029369 -4.59921e-05 0.000386739 -9.51526e-05 -0.0186242 2.39255e-06 0.000270211 0.000133741 4.84303e-05 3.55292e-05 -0.00476628 0.002744 0.00446722 -0.000161064 0.011703 -0.00387341 -0.00104909 -0.000474209 0.000602104 1.25114e-05 7.273e-05 -2.8167e-05 -0.000782938 -4.78387e-05 -0.000423232 -0.000177297 -0.000244817 0.00788909 0.00115878 -0.000312303 0.00477905 0.00827637 0.00264442 0.00326435 0.000201049 
0.00180316 1.68057e-05 0.00119646 0.000751281 0.00221389 0.000905245 0.00028171 6.29083e-05 2.56415e-06 0.000288002 -0.000123117 -2.03585e-06 0.00146524 0.00138165 0.000976528 -0.00259343 -0.00139993 0.000470909 -0.000212976 0.00177362 -0.00157955 4.56522e-06 0.000156103 0.00115567 6.16299e-05 6.29138e-05 9.87454e-05 0.000955596 0.00392475 4.30969e-05 -0.00108773 -0.000438231 -0.000191296 9.08729e-05 0.000181496 0.00011629 -0.000459277 0.000100628 -0.000316436 8.51906e-06 -0.00304044 -0.000742864 0.000614899 -0.000779719 -1.48966e-05 8.55879e-05 -0.00243566 -4.88556e-06 0.000900037 -0.00160711 -0.00263315 4.38409e-05 -0.000572581 -5.38783e-07 0.000997671 1.98194e-05 -0.000110053 7.54991e-05 -0.000137982 1.67931e-05 4.89057e-05 -9.22051e-05 -1.24765e-05 9.55071e-05 0.000340679 -0.00209563 -1.05114e-05 0.000147319 0.000163896 -0.000979646 7.59226e-06 0.000625807 -0.000114317 2.1968e-05 5.15532e-06 0.000585933 -0.0018012 0.000977663 4.00771e-05 -0.000372274 -0.00265227 -0.000145955 0.000816811 2.7255e-05 -1.36928e-06 2.80235e-06 5.0482e-05 0.00110129 -1.47293e-05 -7.62717e-05 0.000466788 -2.33885e-05 -0.000503391 0.00220636 9.45649e-06 -0.00102956 -0.000528365 -0.000172683 5.88178e-05 4.58085e-06 
-0.000197991 0.00103372 0.00153515 0.00209946 -7.0582e-05 0.000193267 0.000775289 0.000279932 9.94711e-05 0.000579244 -0.000869406 0.000100225 0.000560634 0.000315184 -4.96884e-05 -0.00270254 -0.00224505 -2.7908e-05 -0.00210353 0.0016844 -0.00339459 2.44373e-06 0.000512637 0.00309027 4.40055e-05 0.00043896 0.000252776 0.000468754 4.30969e-05 0.00591422 0.00031318 -4.00908e-05 -0.000115278 4.17947e-05 0.00014052 -0.0016524 0.00134257 0.000168291 0.000160952 0.000396148 -0.00421933 -0.00147347 0.00018931 -0.000587563 2.58135e-07 0.00153837 -0.00268305 4.08743e-05 0.000471692 -0.00228227 -0.00264172 6.13703e-07 -0.000375637 -8.04989e-06 0.000975595 0.000511851 0.000846905 0.000117065 0.000167964 3.23947e-05 0.000438948 0.000391987 2.92216e-05 0.000351292 0.0021593 -0.00233547 2.39009e-05 0.000128769 0.000203675 -0.00310809 2.15398e-06 0.000942489 1.75503e-05 5.7579e-05 0.00010943 -0.000781264 -0.00219344 0.00108211 0.000191288 -0.000315922 -0.00334204 -0.00020275 -0.000152007 0.00145154 -7.23126e-07 -1.23009e-05 9.7509e-07 0.00121036 0.000150139 0.000544399 0.00151978 -3.18582e-05 0.000476227 -0.000133899 -4.08026e-05 -0.000642704 -0.000759019 5.67478e-05 0.00273954 3.35267e-05 
0.0125009 0.00707806 -0.00146553 0.00023282 -0.00691708 -0.0130032 0.0150872 0.00321675 -0.000433022 -0.00757645 -0.0026234 -0.00160063 0.061778 -0.00273862 -0.0102074 -0.00357665 0.0011798 -0.0113121 0.0704323 0.0432602 -0.0324304 -0.000166865 -0.00295319 -0.00323857 0.000506 -0.00100965 -0.00113704 -0.00694542 -0.00108773 0.00031318 0.24967 0.00601525 -0.0208957 -0.00133669 -0.000824462 0.0378162 0.0807343 -0.00214917 -0.0303541 -2.45824e-05 0.00484716 0.0274307 -0.000256414 -0.0714039 -0.000230275 -0.000629475 -0.0473434 -0.000357466 0.0459444 -0.0708487 0.0531908 -0.000401758 0.0995623 -0.000154513 -0.0190146 -0.00058221 -0.0216395 -0.000844256 -0.0216957 0.000422123 0.000372293 -0.00241923 -0.000221709 0.00783075 -0.000107302 -0.0657259 -4.76881e-05 -0.0030176 -0.00109123 0.0550794 -9.54462e-06 -0.0029493 -0.0122577 -4.38169e-05 -0.000302508 -0.0182647 -0.0348154 0.00670176 0.00102393 -0.0692365 -0.013271 0.00537186 -0.0225955 0.000883229 -0.000101084 0.00560576 -0.000355036 -0.00782216 0.00102611 -0.000518147 -0.00697647 -0.000305846 -0.0739325 0.00871155 -0.002066 -0.0886886 -0.0533497 -0.0171035 0.00700674 -0.00182583 
-0.00801358 0.000642785 -0.00248097 -0.00151929 -0.00756801 -0.004294 0.00619072 -0.00322038 -0.000284409 -0.00399531 0.00341392 -0.000799046 0.0130293 0.0128256 -0.00598162 -0.0260097 0.00495775 -0.00473721 0.0276761 0.0199503 -0.00199045 -7.35363e-05 0.000286478 -0.00355454 -0.000495259 0.000341438 -0.000284038 0.000507837 -0.000438231 -4.00908e-05 0.00601525 0.152458 -0.00825732 -0.00050868 -0.000464651 0.012963 0.0223348 -0.0013683 -0.0140282 0.00030861 0.00530247 0.0767215 -0.000272773 -0.0363867 -0.000895958 -0.000206819 -0.00666149 -0.000427565 0.0164817 -0.0580135 0.00579704 -0.000198974 0.0510114 -0.000294221 -0.0080282 -0.000306869 0.00591018 -0.000243848 -0.00189517 8.88073e-05 -0.000317914 -0.00146132 0.000232199 0.00825415 -0.00187066 -0.0174062 0.00160871 -0.00112019 -0.000480078 0.011639 -4.25189e-06 -0.00124279 -0.00545352 3.2229e-05 0.000109672 -0.0173691 -0.0668925 -0.00173261 -0.000314651 -0.0292863 -0.00429446 -0.00349742 0.00126903 0.000989151 -5.08847e-05 0.000322094 -0.000175009 -0.00364088 -9.63855e-05 -0.00170964 -0.00232014 0.00224639 -0.0322667 0.00317866 0.00255161 -0.0440964 -0.021396 -0.00720506 0.00294579 -0.000653731 
-0.00372254 -0.000931123 -0.00116089 -0.00111476 -0.00190105 0.0036836 -0.00177516 -0.00141092 -5.41363e-05 -0.0011619 -0.00911856 -6.95263e-05 -0.0240702 -0.00171161 -0.00155435 0.0140066 0.00322497 -0.00179044 -0.0302923 -0.0211502 0.00809478 -1.15853e-05 -0.00050403 -0.00454744 -0.00013194 -0.000217944 -0.000185047 0.00270908 -0.000191296 -0.000115278 -0.0208957 -0.00825732 0.0482718 -0.000134023 -0.000206532 -0.0137915 -0.0138821 -0.000367384 -0.00147314 -5.90841e-05 0.00489568 -0.0202758 -0.000200039 0.027359 -0.000308164 -0.000159665 0.0169547 -0.000112458 -0.0112106 0.0196351 -0.0229162 -5.35839e-05 -0.0241354 -5.67373e-05 -0.00281236 -6.37699e-05 -0.00250613 -7.11493e-05 0.000124603 -5.34989e-05 -6.66826e-05 -0.000315078 -0.000194581 -0.000944104 -0.000788597 0.0183983 0.000196062 -0.00031389 -0.000129154 -0.0257047 -8.70639e-07 -0.00044147 0.00102543 -7.2368e-06 -8.62353e-05 -0.00616792 0.0221755 -0.00211785 0.000217043 0.029321 0.0133114 -0.00183188 -0.00297835 -0.000300919 -1.6056e-05 -0.000650366 -5.26399e-05 -0.00158266 -0.00021544 -0.00112092 -0.000229334 -8.53712e-05 0.0202969 -0.00962959 -0.000844035 0.0244154 0.0337515 -0.000760821 -0.00137877 -0.000216439 
0.000860751 -6.30104e-05 6.33639e-05 0.0011203 0.000351115 0.00031491 -0.000107027 -3.11627e-05 5.36967e-06 0.000472578 -0.000215498 1.12115e-05 0.000906577 2.73626e-06 0.00144087 -0.00175281 -0.000357637 0.00131182 -0.00182994 0.000212243 -0.00114321 1.04138e-05 0.000527657 0.000282608 -7.23861e-06 8.89276e-05 6.95188e-05 -2.86546e-05 9.08729e-05 4.17947e-05 -0.00133669 -0.00050868 -0.000134023 0.00359094 0.000930302 -0.000773621 -0.000904605 0.000379837 -7.25719e-05 3.11604e-05 -0.00203398 -0.00019052 2.6196e-06 -0.000143657 0.000136737 8.48489e-05 -0.00165234 8.66419e-05 0.000642411 -0.000809484 -0.002253 9.23704e-05 -0.000165638 9.84275e-05 0.000840402 0.000553264 0.000160486 5.37618e-05 0.000702257 2.14328e-06 -6.32961e-06 -7.51236e-05 6.45046e-06 -6.21391e-05 7.66458e-05 -0.00154674 -1.04229e-05 0.00051016 2.60989e-05 -0.00167182 1.21146e-06 0.000194812 8.69741e-05 2.05585e-06 8.56102e-07 -0.000168104 -0.00121128 -0.000135249 -1.92793e-05 0.00049919 -0.00165535 -0.000157104 0.00156068 4.10676e-06 9.06362e-06 -3.53791e-05 -2.0342e-06 -2.57082e-05 -2.77515e-06 0.000617705 0.000448596 -2.82011e-05 0.00161512 0.000497981 0.000837666 -0.000134518 -5.98925e-05 -0.000161702 2.54372e-05 8.91011e-05 
