0.00298516 0.000157139 -0.000131502 -0.000389561 -1.47573e-05 0.00010671 -7.48864e-05 5.01623e-05 -4.7362e-05 9.67385e-05 9.29812e-05 0.000240966 -1.32056e-05 -0.000806384 -1.85936e-05 -0.000202243 0.000694815 -3.15712e-05 -4.19111e-05 4.81406e-05 -0.000339652 -2.07635e-05 0.00105874 -0.00112709 1.00634e-05 8.01108e-07 9.90767e-06 0.000160589 3.51553e-07 3.57423e-05 -2.03131e-05 -4.01954e-05 1.59109e-05 4.19935e-06 -8.1182e-07 8.79625e-05 -3.315e-07 2.72936e-08 -8.842e-05 0.000340823 -0.000436128 2.64648e-07 7.91384e-06 -0.000442269 -0.000484464 -2.4459e-06 -2.71435e-07 -5.4308e-05 -0.00057266 2.72324e-07 -2.99685e-05 -0.00013455 -1.19089e-05 -0.000302089 -9.48097e-06 7.99578e-06 -9.0467e-08 0.000736206 -6.90362e-05 4.64748e-07 -1.3103e-05 7.75737e-06 1.16687e-06 -1.46218e-06 0.000524301 1.55772e-05 0.000167967 -6.70472e-06 -3.97295e-05 1.7627e-06 -1.64034e-06 -0.000622083 -7.61877e-05 -3.89628e-07 3.07091e-06 3.25105e-06 2.8113e-05 -1.89527e-05 -3.19577e-06 -0.000162553 -8.58396e-05 -1.18581e-05 1.10108e-05 0.000110123 -3.90769e-06 -4.30712e-06 -1.68537e-05 5.70494e-07 -6.18856e-08 3.37771e-05 -2.0957e-05 1.02165e-05 -0.000542009 -3.08394e-06 -4.04432e-05 -1.37723e-06 -0.000284813 6.11992e-07 1.22106e-05 3.8204e-05 
0.000157139 0.0524635 0.00350512 -0.00632017 -0.000432357 -0.0011117 -0.00158834 -0.00241718 -0.000583323 0.00282948 -2.35612e-05 -0.000824398 -0.000348475 0.0049004 0.00117342 0.0021325 0.0366797 -0.000263219 0.0104421 0.00235091 -0.0440262 -0.000175687 0.0324095 -0.0226348 -0.000763023 -8.533e-05 -2.9311e-05 0.00490582 6.27428e-05 -0.00199183 0.00389653 0.000179755 1.89872e-05 -6.26213e-05 -9.46649e-06 0.002257 -4.78463e-06 -2.50829e-07 0.0124794 -0.0281932 0.0285444 -1.65843e-05 0.000780799 -0.0290594 0.0200216 -2.99809e-05 -8.94944e-07 -0.00123384 0.00527613 -4.20228e-05 0.00600827 -0.0102505 -0.00274072 -0.0235458 -0.000235706 4.8503e-06 -7.42896e-07 0.0115253 -0.00156313 -3.86129e-05 -0.000210275 0.000320076 -3.14942e-06 -8.18875e-05 -0.0305132 -1.29758e-05 -0.000103573 3.53479e-05 -0.000542202 -3.21843e-05 1.16596e-05 -0.00801174 -0.00391719 4.41993e-05 0.000815363 3.55976e-06 0.000673737 -0.000164124 -6.60356e-06 -0.0428274 -0.00237941 -0.00415476 -1.71978e-05 0.0203238 -9.66023e-05 0.00186636 -0.00127902 3.28953e-06 -3.67631e-05 0.00119939 -0.000854242 -0.00149853 -0.0189152 -7.90517e-05 0.000661196 4.67864e-05 0.0261091 -4.22089e-06 -0.000226227 -0.000504216 
-0.000131502 0.00350512 0.0700687 0.000516161 -0.000303417 -0.00205254 -0.00182482 -0.00859343 -0.000774706 -0.000367073 -5.43798e-05 -0.00104326 -0.000380072 0.00842277 -0.000741712 0.00209826 -0.00107802 9.15564e-05 0.000204931 0.00190553 -0.00520724 -0.000142422 -0.0119977 -0.0283134 -0.00135303 1.2274e-05 -4.387e-05 -0.00108223 -3.86356e-06 -0.0025774 -0.000348903 -0.00121272 1.35411e-05 -1.94554e-05 -2.04472e-05 -0.00350591 -6.01732e-06 -8.49144e-07 -0.00157919 0.000509574 -0.00250123 -2.36817e-05 2.74329e-06 -0.00357229 0.0210574 -6.17986e-05 -3.21678e-05 -0.000799073 0.00556763 -5.09475e-05 0.00289959 -0.00904262 -0.00348885 -0.0241232 -0.000216319 -0.000293357 -5.71678e-07 0.0125581 -0.00081197 -4.09402e-05 -0.000327387 0.000374301 2.96504e-06 -8.97887e-05 -0.00280552 1.72523e-05 -0.000128649 -4.68477e-05 -0.00087695 -5.66378e-05 0.000359182 -0.0118063 -0.00107198 -1.00335e-05 -0.000138302 -7.45771e-06 0.000717974 -0.000545344 -6.60584e-05 -0.00143116 -0.00204582 -0.00333376 -5.48859e-06 -0.00197291 -0.000158987 -6.98279e-05 -0.00143066 -3.42765e-05 -0.000357945 -0.000948042 -0.000788126 -0.000305435 -0.00397933 0.00011896 -0.000988875 -3.63821e-05 0.0251885 -8.01986e-07 -0.000234224 -0.000295059 
-0.000389561 -0.00632017 0.000516161 0.0855366 -0.00625355 0.000296197 -0.00487833 -0.0158115 -0.00173888 -0.00435281 -0.000204455 -0.00287661 -0.00203655 -0.00332191 0.000683693 0.0129596 -0.0415328 -0.0115454 0.00134742 0.0107118 0.0428677 -0.00514335 -0.0111099 0.0163019 -0.00177003 -0.000780203 -0.000244908 -0.00627016 -0.000132332 -0.00646016 -0.00352701 -0.00443468 -0.000139902 -0.00626411 -0.000215807 -0.041164 -9.97675e-05 -6.0842e-06 0.000915329 0.006556 0.0100203 -0.000137191 -0.00030502 0.0202842 0.0145335 1.71527e-05 -0.00035445 -0.0128852 0.00963918 4.41804e-05 -0.00253769 0.0103277 -0.0175573 0.0294548 -0.00157435 -0.00194913 -2.13487e-05 -0.0283653 0.00111616 -0.000487208 -0.0040622 -0.00270154 1.4526e-06 -0.00112277 0.00695737 -3.03152e-05 3.73511e-05 -0.000832754 -0.00332625 -0.000240091 -0.00150466 0.0142991 -0.0134833 7.49927e-06 -0.00242715 -7.59457e-05 0.0164501 0.000350425 -0.000324145 0.0336324 -0.0103378 -0.00908387 -4.34811e-05 0.019623 -0.000979192 -0.000618021 -0.0122392 -6.37594e-06 -0.00168018 0.00128622 0.000809292 -0.00057155 -0.00400182 -0.00129688 -0.0185512 -8.889e-05 -0.0218899 -8.06567e-05 -0.000391782 -0.000392599 
-1.47573e-05 -0.000432357 -0.000303417 -0.00625355 0.00821339 0.000967706 0.00285899 -0.000317919 -8.39369e-05 0.000151435 1.8832e-05 0.00094937 0.000517409 -0.00490057 1.15465e-05 -0.00660103 0.00513217 0.00292819 -0.000153861 -0.00379882 0.0009895 0.000559206 0.00130675 -0.00350954 0.000614108 0.000441605 -6.98844e-06 0.00129663 -1.10734e-06 0.00147408 -1.96399e-05 0.000362007 -1.91921e-05 0.00125297 0.000181769 0.00236319 5.32106e-06 1.58265e-06 0.000127654 -0.00650077 -0.000795636 1.94407e-06 -5.42485e-06 -4.70172e-05 -0.0013917 2.46102e-05 3.71242e-05 0.00409094 -0.00712434 -6.89934e-06 -6.05705e-05 -0.000950806 0.00728227 -0.000963676 0.00174085 0.000145465 1.27039e-06 -0.0011222 0.00053221 3.66318e-05 0.0020598 4.48255e-05 -3.72441e-07 0.000953624 -0.00634778 4.05148e-06 4.10962e-05 4.66694e-05 -0.000123696 0.000112265 -1.09783e-05 -0.00182813 0.00702749 3.79456e-06 -3.45624e-05 4.46799e-05 -0.00671785 -6.11073e-05 -8.62417e-06 -0.00667743 0.00421691 0.00272869 -4.53503e-06 -0.00175957 0.0001648 0.000236605 0.00570611 -3.71689e-06 0.00196855 0.00020239 -0.000119145 -0.000240045 -0.00551978 0.000121708 0.00530893 -4.48792e-06 -0.00316003 2.10087e-05 0.000212419 0.000162417 
0.00010671 -0.0011117 -0.00205254 0.000296197 0.000967706 0.0276963 -0.00052476 0.00795049 -0.000482304 -0.000175561 -2.63935e-05 -0.000348239 -0.000199719 -0.0171311 0.000233062 -0.00105578 -0.00397116 -0.000540277 -0.000315708 0.00115509 0.00126657 -0.000176595 0.0103751 0.00119089 -0.000731638 0.000546061 -1.38587e-05 0.000314352 -5.68863e-06 -0.0013738 -0.000101033 -0.000256695 4.75303e-06 0.000299244 -2.56624e-06 -0.000726741 -1.4902e-06 4.95958e-09 -0.000865948 0.00132375 -0.00322768 -4.83492e-06 -2.28914e-05 -0.00196891 -0.00529995 -5.79979e-05 -1.20715e-05 -0.000722846 -0.00448111 5.09016e-05 -0.000358448 -0.00239894 0.00105399 0.01426 0.00170325 0.000108859 -1.39559e-06 -0.00343739 -0.000521033 -1.7446e-05 -8.81286e-05 -8.52585e-05 -2.92114e-07 0.000484757 0.00109213 -3.00321e-06 4.51744e-05 3.73511e-05 -0.000394309 3.50296e-05 -3.73535e-05 -0.00412042 -6.6661e-05 9.38143e-06 0.000250404 -1.17417e-06 -0.000786448 -0.000255326 -2.06039e-05 -0.000434102 -0.00117866 -0.00181052 -1.37441e-05 -0.00242962 9.56816e-06 5.32684e-05 0.00131886 -5.7662e-07 0.00119237 0.000334387 -0.000482567 -0.000550012 0.00330325 -4.29255e-05 -0.000643325 6.52925e-05 -0.0107994 -2.48071e-06 -0.000110137 -5.30557e-05 
-7.48864e-05 -0.00158834 -0.00182482 -0.00487833 0.00285899 -0.00052476 0.0280992 -0.0039585 0.00471321 0.000695166 -1.71488e-05 0.000711351 0.00139899 -0.0192686 0.000177283 -0.0147181 -0.000456565 0.00600926 -0.00048969 -0.0235351 0.00454362 0.00247933 -0.006671 -0.0118321 0.0129341 0.000222227 2.50444e-06 0.000332925 -4.94361e-06 0.00159489 0.00024 -0.000213835 0.00016687 0.000216386 0.000126605 1.71644e-05 -2.27057e-07 1.80839e-06 -0.000807416 -0.0216145 0.00841546 5.94363e-05 -1.16792e-05 0.00164449 0.00640804 6.87026e-05 0.000184352 0.011298 -0.0225826 -2.28717e-05 -0.000238398 -0.000264846 0.017429 -0.00686594 0.000376334 0.000983223 3.70817e-06 -0.00523799 0.017018 0.000203906 0.00142754 -0.00010598 7.79267e-08 0.00024147 -0.0208881 4.46683e-05 1.03558e-05 0.000190018 -0.000384375 0.000489624 -6.02698e-05 -0.00635157 0.0179633 6.82063e-05 -0.000110915 2.17479e-05 -0.00857959 5.62933e-05 -3.23945e-05 -0.00639909 0.0229909 0.00783247 1.01451e-05 0.00391267 0.000471294 0.000222335 0.00529813 -4.20979e-06 0.00116356 0.00185522 0.0022365 0.00959552 -0.0194469 0.000311728 0.0111121 -8.58512e-06 -0.0122402 7.80674e-06 0.0029905 0.000156658 
5.01623e-05 -0.00241718 -0.00859343 -0.0158115 -0.000317919 0.00795049 -0.0039585 0.139624 -0.000282686 -0.000706913 1.85687e-05 -0.00277201 -0.0011829 0.00247599 -0.00158413 0.00457456 -0.0203857 -0.00252119 -0.00326744 0.00692813 -0.0228874 -0.00122101 0.00108104 0.00138346 -0.00431975 -0.000259316 0.000232869 0.00317122 6.76338e-07 -0.000727651 -0.000718285 -0.00192802 -0.000191468 0.000669359 -3.48245e-05 0.00319232 -1.53658e-05 -2.33976e-06 -0.00713343 0.0278767 -0.0240247 -5.95635e-05 -8.19495e-05 -0.0253969 -0.0268454 -0.000349913 -7.57477e-05 -0.00419323 0.00509179 0.000102069 -0.000679132 -0.0334977 -0.00689359 0.0270645 0.000598219 -0.000328608 -8.69307e-06 -0.0127017 -0.00488666 0.00030733 -0.00053115 0.00111244 -6.63155e-06 5.07201e-05 0.0304296 -3.56876e-05 -0.000239853 0.000572765 0.00733177 -0.000127891 0.000328854 -0.0128001 -0.00563767 -3.9123e-05 0.00160199 -8.56125e-06 0.00321662 -0.00127714 0.000113804 0.012864 -0.00692854 -0.00722016 5.36463e-05 -0.0385373 -0.000308837 -0.000941535 -0.00352349 5.70527e-05 0.00100408 -0.00244203 -0.00101703 -0.00220509 0.0297815 -0.000218965 -0.00236527 4.37671e-05 0.0108883 -9.7174e-06 -0.000464234 -0.00169453 
-4.7362e-05 -0.000583323 -0.000774706 -0.00173888 -8.39369e-05 -0.000482304 0.00471321 -0.000282686 0.0173296 -0.0001355 6.03757e-07 -0.000186123 -6.18447e-05 -0.00384523 0.000157784 -0.00334018 -0.00317268 -0.000332364 0.00152803 -0.00638195 -0.000741753 -0.000144094 -0.00208901 -0.00663618 0.00483946 -7.93189e-06 -1.49142e-05 -0.000191139 -3.21042e-06 -0.000474934 0.000210599 -0.000263125 0.000116573 4.59168e-05 1.99471e-05 0.00128063 1.28324e-05 6.25411e-07 -0.000589359 -0.00934338 0.00954407 2.60616e-05 8.13244e-06 -0.00115222 0.00882161 -8.82646e-06 -8.73433e-06 -0.000463698 -0.00956432 -1.07706e-05 -2.88125e-05 -0.00303246 0.00209826 -0.00719718 -5.97232e-05 0.000355326 -1.17372e-06 -0.00222765 0.0057601 0.000129111 -5.3793e-05 -3.90389e-05 5.76806e-06 -2.16364e-05 -0.00917053 1.19681e-05 -2.88083e-05 2.65585e-05 0.000423594 -4.88369e-06 1.38389e-05 -0.00390278 0.000879287 4.68605e-06 0.000108415 1.6797e-05 0.000315128 0.00025101 1.34424e-05 0.000386934 0.00657859 -0.00125988 -3.82177e-06 0.00901726 -1.36638e-05 -7.87136e-05 -0.000207724 -3.22387e-06 -0.000177725 0.000303287 0.000835238 0.0118141 -0.00939387 -2.555e-05 -0.000221103 -7.00584e-06 0.00146838 -1.01489e-06 0.00104584 -0.000200141 
9.67385e-05 0.00282948 -0.000367073 -0.00435281 0.000151435 -0.000175561 0.000695166 -0.000706913 -0.0001355 0.00840306 9.3433e-06 0.00205834 -2.61576e-05 -0.000993486 9.10253e-05 -0.0023357 0.00400634 0.00230647 2.72336e-05 -0.00224047 -0.00269416 0.00197972 0.00230425 -0.00228057 5.20509e-05 0.000163897 8.13637e-06 0.00132421 3.41028e-05 -0.000333601 0.000585807 0.000148949 6.43618e-05 3.88377e-05 1.06795e-05 0.000414167 2.09508e-06 7.43018e-07 0.000752712 -0.00319844 -0.00052294 2.42258e-05 4.04564e-05 -0.00374522 -0.00141395 2.59416e-05 0.000101673 0.00257699 -0.00317058 -2.55262e-06 -8.55542e-05 -0.00122247 0.00266502 -0.0018695 9.89115e-05 0.000664752 1.04937e-05 0.000353936 0.000101545 1.12199e-05 0.000499239 -2.74886e-05 1.40888e-06 -4.19472e-06 -0.00303124 3.09438e-06 0.000207074 2.23277e-05 -7.14308e-05 5.34752e-05 -1.0512e-05 -0.000270188 0.00129559 -9.58039e-07 -1.77911e-05 1.63444e-05 -0.00321275 -6.98166e-05 -6.13455e-06 -0.00546414 0.00166758 0.00141607 6.04925e-05 -0.00142835 0.000254899 4.04739e-05 0.00194361 -1.60673e-06 0.0011457 0.000120318 -9.41406e-05 -7.42918e-05 -0.00184458 3.64528e-05 0.00256304 1.95664e-05 -0.000344209 1.8345e-05 2.45574e-05 0.00120284 
9.29812e-05 -2.35612e-05 -5.43798e-05 -0.000204455 1.8832e-05 -2.63935e-05 -1.71488e-05 1.85687e-05 6.03757e-07 9.3433e-06 0.0013049 8.26911e-05 -6.02701e-06 -0.000224981 -5.48847e-06 -0.000118431 0.000533667 6.48765e-05 3.43636e-05 3.21151e-05 -0.00050932 -3.5364e-06 0.00049204 -0.000444901 -2.22609e-05 1.12789e-05 -4.14783e-07 0.000162294 1.91345e-06 -3.44898e-05 1.15335e-05 -9.00412e-06 -7.29941e-07 8.09285e-05 2.36476e-06 3.538e-06 3.49942e-07 -2.00913e-08 -3.70805e-08 -2.81174e-05 -8.37153e-05 5.54473e-06 -9.01925e-07 -0.000246504 -0.000147436 -2.87998e-06 6.57514e-07 -4.60141e-06 -0.000228308 1.40228e-06 2.75847e-05 -0.000211112 1.14666e-05 -0.000251057 9.14679e-06 2.18448e-05 -9.03913e-08 -7.01924e-05 -3.29731e-05 -7.01213e-07 8.29694e-07 7.62609e-06 -8.13713e-08 1.90772e-06 6.96173e-05 1.68409e-07 1.05463e-05 1.78299e-05 9.41124e-05 -5.84603e-07 2.33977e-05 -0.00025079 -4.97976e-05 -2.94463e-07 4.36898e-06 1.67893e-06 -0.00013415 -1.10449e-05 1.08196e-05 -2.34452e-05 -1.69272e-05 -7.88951e-05 -5.56975e-07 0.000139459 3.02022e-06 1.51006e-05 2.28458e-05 8.55697e-08 8.74566e-05 0.000122845 1.64873e-05 -2.79274e-06 -0.000472634 -1.69378e-06 -2.00097e-05 -6.9926e-07 0.000402583 3.59405e-07 -5.45493e-06 -5.95759e-06 
0.000240966 -0.000824398 -0.00104326 -0.00287661 0.00094937 -0.000348239 0.000711351 -0.00277201 -0.000186123 0.00205834 8.26911e-05 0.0168563 0.00142117 -0.00799941 0.00156838 -0.00678689 0.0072016 0.00564653 -0.000287768 -0.00593881 0.00228816 0.00397726 0.000776707 -0.00643335 0.00100997 0.000234489 1.81076e-06 0.0014633 9.68752e-06 0.00278602 0.000331189 0.00143585 7.86677e-06 0.000260483 3.24438e-05 0.000696127 2.15533e-05 2.97628e-06 0.00468316 -0.00895909 0.00161749 0.00010952 -1.78273e-05 0.000581278 -0.00242362 -1.59332e-05 0.000206361 0.00589129 -0.0117692 -1.2762e-05 -0.000113042 -0.00153459 0.0114837 -0.00495494 4.20094e-05 0.000631582 3.31669e-05 -0.00322484 0.00185957 2.82576e-05 0.0015394 2.92239e-05 -1.00807e-06 0.000129717 -0.00827682 2.92963e-05 0.000703976 -3.71857e-05 0.00013202 7.84859e-05 -3.91028e-05 -0.00336853 0.00237732 1.66928e-05 -8.75833e-05 5.9012e-05 -0.00753908 -5.01164e-06 -1.83688e-05 -0.00870152 0.00444642 0.00368379 4.25544e-05 0.0010017 0.000521729 0.00044221 0.00711318 1.10729e-05 0.000563871 4.03693e-05 -2.18813e-05 -0.000125383 -0.0097653 5.88952e-05 0.00357021 -7.10386e-06 -0.00438586 6.9322e-05 0.000181717 0.00482029 
-1.32056e-05 -0.000348475 -0.000380072 -0.00203655 0.000517409 -0.000199719 0.00139899 -0.0011829 -6.18447e-05 -2.61576e-05 -6.02701e-06 0.00142117 0.0076629 -0.00129609 0.000607401 -0.00466151 0.00366528 0.00386448 0.000282194 -0.00693848 0.000443117 0.000625067 -0.00194305 -0.00331794 0.00399623 5.78237e-05 -6.65639e-06 -5.35398e-05 -1.22845e-06 0.00492667 0.000155509 -3.13504e-05 7.46835e-06 0.000735272 1.50994e-05 0.00170987 1.11934e-05 5.94586e-07 -4.85175e-05 -0.00617236 0.000856307 8.80085e-05 -7.9822e-06 -0.000129108 -5.85901e-05 1.99846e-06 2.35078e-05 0.00521628 -0.00666873 -3.2765e-06 -1.10165e-05 -0.00134607 0.00632103 -0.00305564 0.000145896 0.000334059 2.16524e-05 -0.00159587 0.0011925 3.71711e-06 0.000237599 -2.98574e-05 5.72399e-07 0.000100553 -0.00600319 7.16107e-06 -1.12514e-05 3.42533e-05 -0.000104065 0.000253358 -1.81329e-05 -0.00173052 0.00290485 5.81444e-06 -3.94854e-05 1.33309e-06 -0.00471296 0.000181321 -1.30272e-06 -0.0049456 0.00653459 0.00403684 -4.76952e-06 -0.000299153 1.27439e-05 0.000242052 0.00229303 1.20667e-05 -2.54645e-05 1.2261e-05 6.09595e-05 0.000256627 -0.00560308 0.000260161 0.00431214 -3.90472e-06 -0.00296912 4.76975e-05 -2.88834e-05 1.60088e-05 
-0.000806384 0.0049004 0.00842277 -0.00332191 -0.00490057 -0.0171311 -0.0192686 0.00247599 -0.00384523 -0.000993486 -0.000224981 -0.00799941 -0.00129609 0.131113 -0.00355114 0.0190097 -0.00604898 -0.00230253 -0.00061861 0.0183692 -0.0149988 -0.00196707 -0.04471 0.0200332 -0.0116726 -0.00165582 -0.000129278 -0.0077514 6.27379e-06 0.00649258 -0.00156003 -0.00132307 -0.000564042 -0.000843129 -0.000180893 0.002293 -7.25001e-06 -7.00354e-06 -0.00676493 0.02814 -0.0106168 -0.000131512 -0.000122098 -0.0017411 0.00350159 -0.000473406 -0.000290319 -0.00669679 0.0385474 -0.000235073 0.00129536 -0.00722721 -0.0334512 -0.0365632 -0.00304605 -0.00260586 1.45008e-06 -0.00824889 -0.0199116 -6.41275e-05 -0.00284459 0.000182501 -5.32798e-06 -0.00123446 0.025146 -0.000136739 -0.00140246 -0.000488271 0.000822792 -0.000580534 -6.60868e-05 0.0117561 -0.0147605 -0.00016329 -0.000433042 -0.000105344 0.00999272 0.00043762 9.22794e-05 0.00394849 -0.0177799 -0.00101799 -0.00011606 -0.0143165 -0.000782769 -0.00188956 -0.013324 -3.67776e-07 -0.00491598 -0.00798509 -0.00365517 -0.00842796 0.0226086 0.00014499 -0.00718974 -4.56917e-05 0.0492849 -8.2351e-05 -0.00251585 -0.00488384 
-1.85936e-05 0.00117342 -0.000741712 0.000683693 1.15465e-05 0.000233062 0.000177283 -0.00158413 0.000157784 9.10253e-05 -5.48847e-06 0.00156838 0.000607401 -0.00355114 0.00987678 -0.0028279 0.00581132 0.000570351 0.000497214 -0.00131413 -0.000162084 0.000171698 0.00485232 -0.0042727 0.000625649 4.91801e-05 -6.13527e-06 0.000339343 -3.67305e-07 -6.92419e-05 0.000108584 -0.000125719 1.50807e-05 -3.14038e-05 9.86403e-06 -0.000463248 1.36882e-06 -1.13402e-07 0.00255025 -0.00801777 0.0070488 5.84981e-05 3.27045e-06 -0.000178782 0.00351907 -1.72647e-05 1.20584e-05 0.000557804 -0.0055038 -8.65196e-06 -0.000107098 -0.00139445 0.00422453 -0.00373345 6.33703e-05 2.34147e-05 2.20984e-06 -0.00198265 0.000858629 -7.01495e-06 1.58252e-05 -6.34425e-06 2.28709e-07 3.26511e-05 -0.00765214 2.08853e-06 0.000100447 6.4945e-06 -0.000138566 6.52208e-06 -2.35558e-05 -0.00209005 -0.000301773 2.91678e-05 -2.06111e-05 2.91085e-06 -0.00147786 -5.48019e-05 -1.1031e-05 -0.00581812 0.00136045 -0.00034817 3.80187e-06 0.00594677 9.77637e-05 0.00054468 0.00237124 -4.25859e-06 6.54548e-05 0.00136296 0.000379341 0.000755043 -0.00707206 -2.06578e-06 0.000213535 -7.56283e-07 0.000806401 2.91048e-06 -3.4514e-05 0.000520771 
-0.000202243 0.0021325 0.00209826 0.0129596 -0.00660103 -0.00105578 -0.0147181 0.00457456 -0.00334018 -0.0023357 -0.000118431 -0.00678689 -0.00466151 0.0190097 -0.0028279 0.0399587 -0.0142566 -0.0119102 -0.000596782 0.0233433 -0.00529552 -0.00554829 -0.00218644 0.0150501 -0.0111379 -0.0015355 -4.63001e-06 -0.00338428 -9.12061e-06 -0.00602968 -0.00153956 -0.00131476 -0.000315599 -0.002649 -0.000256319 -0.0038876 -8.89782e-05 -8.7755e-06 -0.00391168 0.0284704 -0.0074047 -0.000246714 3.9822e-05 -0.000413665 -0.000849069 -0.000154229 -0.000479385 -0.0167242 0.0327172 1.05866e-05 8.68052e-05 0.00220415 -0.0296567 0.0100916 -0.00254989 -0.0028128 -2.5422e-05 0.00587689 -0.0103538 -0.000233793 -0.00416559 7.94009e-05 -1.35132e-05 -0.00130929 0.0268171 -2.89356e-05 -0.000346153 -0.000163417 0.000410644 -0.000736686 -8.96375e-05 0.00735193 -0.0193047 -5.9441e-05 0.000120998 -0.000143368 0.0190535 -0.000858431 -1.08459e-05 0.0191785 -0.023436 -0.0111377 -3.7914e-05 -0.00631146 -0.00080415 -0.00149601 -0.0203096 -4.80004e-06 -0.00323831 -0.0022069 -0.0017699 -0.00588151 0.0277778 -0.00135796 -0.0161957 -3.05662e-05 0.0155765 -9.7225e-05 -0.000862706 -0.00216314 
0.000694815 0.0366797 -0.00107802 -0.0415328 0.00513217 -0.00397116 -0.000456565 -0.0203857 -0.00317268 0.00400634 0.000533667 0.0072016 0.00366528 -0.00604898 0.00581132 -0.0142566 0.203787 0.0110047 0.0113888 -0.00768069 -0.0595002 0.00524853 0.0991615 -0.106365 0.000606327 0.00102469 -0.000136352 0.00978862 4.906e-05 0.00168327 0.00603897 0.00637395 -0.000404826 0.00304494 0.000162609 0.0268415 7.96021e-05 5.53389e-06 0.0281826 -0.0798474 0.0621531 0.000116947 0.000609832 -0.0282429 0.0345918 -1.53785e-05 0.00035186 0.0122414 -0.0236537 -0.000156915 0.0059339 -0.0467727 0.0338007 -0.0810314 0.00219566 0.00123082 3.36885e-05 0.0346889 -0.00569354 6.01393e-05 0.00318426 0.00158183 -1.61572e-05 0.000944043 -0.0851629 -4.04902e-06 -0.000244921 0.000285157 -0.0032474 0.00034784 -0.000253543 -0.0545986 0.00654502 5.73626e-05 0.00090673 0.000100725 -0.0177114 0.00027161 6.78307e-06 -0.100368 0.00732863 -0.00393146 -0.000130196 0.0650222 0.000867607 0.003738 0.0191544 -8.26992e-05 0.0021686 0.00660113 0.00117244 -0.00709143 -0.0751926 0.00100854 0.0133988 -9.36975e-05 0.0772577 5.18873e-05 -0.00102666 0.00135194 
-3.15712e-05 -0.000263219 9.15564e-05 -0.0115454 0.00292819 -0.000540277 0.00600926 -0.00252119 -0.000332364 0.00230647 6.48765e-05 0.00564653 0.00386448 -0.00230253 0.000570351 -0.0119102 0.0110047 0.0188754 0.000171126 -0.0158068 0.000493704 0.00609184 -0.00496244 -0.00783842 0.00414822 0.000110565 3.88356e-06 0.000168644 9.64137e-06 0.00890785 0.000626102 -6.57319e-05 0.000199497 0.00161236 8.23213e-05 0.00282908 8.53239e-05 5.27396e-07 0.00157171 -0.0144731 -0.00199194 0.000206862 -1.80221e-05 -0.00113929 -0.00226285 8.17308e-06 0.000348022 0.015893 -0.0153521 -7.4913e-06 0.000447798 -0.00277935 0.0156678 -0.00750134 7.48592e-05 0.000757226 5.58752e-05 -0.0044555 0.0009253 0.000128263 0.00214012 -6.9646e-05 -9.78567e-07 6.48391e-05 -0.0137555 2.01052e-05 0.000130018 0.000105918 6.08051e-05 9.76542e-05 2.72895e-05 -0.00389699 0.00996715 1.43238e-05 -9.6646e-05 5.18161e-05 -0.0169312 -7.9117e-05 -8.78788e-06 -0.0137883 0.0141288 0.0132919 6.69357e-06 -0.00458211 0.000793155 0.000623607 0.0108939 1.00242e-05 0.000298594 -7.99489e-05 -0.000282607 -0.000384913 -0.0138388 0.00131195 0.0130955 -8.87198e-06 -0.0064457 6.67212e-05 0.000365369 0.00179754 
-4.19111e-05 0.0104421 0.000204931 0.00134742 -0.000153861 -0.000315708 -0.00048969 -0.00326744 0.00152803 2.72336e-05 3.43636e-05 -0.000287768 0.000282194 -0.00061861 0.000497214 -0.000596782 0.0113888 0.000171126 0.0192724 -0.000547929 -0.00869762 -0.00012769 0.0109038 -0.00835821 0.000547084 0.000290215 -1.39906e-05 3.48318e-05 9.52734e-07 -0.000667947 0.0010186 -9.19003e-05 1.52955e-05 -6.98533e-05 -8.5275e-07 -0.000961041 1.24521e-05 -2.28748e-09 0.00524448 -0.0157492 0.0154908 1.15354e-05 0.000132749 -0.0096571 0.0122558 0.000167654 -3.33422e-06 -0.000437119 -0.00279381 9.00821e-06 0.000644802 -0.00355147 0.000148365 -0.00770539 0.000395571 0.000209102 -7.63332e-07 -0.000675971 2.48031e-05 -1.16381e-05 -9.12553e-05 -7.28879e-05 3.05238e-06 4.61507e-05 -0.0151167 1.73772e-05 6.43478e-06 2.33008e-05 -0.00029013 0.00014605 -4.0139e-05 -0.00396156 -0.00135583 -1.47116e-06 -8.49285e-05 5.24732e-06 -0.00156797 0.000459408 8.31256e-05 -0.0131376 -0.000541032 -0.00143483 7.9285e-06 0.0132819 -2.08989e-05 0.000875818 0.000381537 2.4828e-05 8.89844e-05 0.0023869 -7.8888e-05 0.000642718 -0.0138468 9.41963e-06 -0.000586834 -5.53827e-06 0.00709607 -1.98294e-06 -5.15885e-05 -0.000156386 
4.81406e-05 0.00235091 0.00190553 0.0107118 -0.00379882 0.00115509 -0.0235351 0.00692813 -0.00638195 -0.00224047 3.21151e-05 -0.00593881 -0.00693848 0.0183692 -0.00131413 0.0233433 -0.00768069 -0.0158068 -0.000547929 0.0438569 -0.00603951 -0.00667187 0.0123145 0.0182861 -0.0198381 -0.000339483 1.34961e-05 -0.000458392 2.29529e-06 -0.0113528 -0.000940462 -0.000172388 -0.000328694 -0.00156677 -0.000160007 -0.00295714 -8.56366e-05 -4.94647e-06 -0.000405263 0.0341177 -0.010308 -0.000297847 2.03875e-05 -0.00143669 -0.00857521 -9.27504e-05 -0.000435979 -0.0226362 0.0366735 2.37441e-05 -2.97488e-05 0.00178963 -0.0294854 0.0161194 -0.000555427 -0.001731 -5.75098e-05 0.0098346 -0.0192816 -0.000274995 -0.00289516 0.000132687 -7.5538e-06 -0.000241553 0.0327583 -6.40152e-05 -0.000128452 -0.000162652 0.000361155 -0.000716289 0.000107239 0.00979533 -0.0240365 -9.08802e-05 0.000209509 -5.5146e-05 0.0187125 -0.000747063 8.16035e-06 0.0161978 -0.0348086 -0.0186238 -1.9625e-05 -0.00518599 -0.000810392 -0.000904451 -0.0125236 -7.81625e-06 -0.000246828 -0.00130133 -0.00166204 -0.0129763 0.0319866 -0.00143986 -0.0198646 1.3135e-05 0.0171024 -0.000102743 -0.0032218 -0.00173327 
-0.000339652 -0.0440262 -0.00520724 0.0428677 0.0009895 0.00126657 0.00454362 -0.0228874 -0.000741753 -0.00269416 -0.00050932 0.00228816 0.000443117 -0.0149988 -0.000162084 -0.00529552 -0.0595002 0.000493704 -0.00869762 -0.00603951 0.140145 0.000678066 -0.0456127 0.0149649 0.00227037 0.000153294 -0.000348947 -0.00676147 -0.000121918 -0.00128343 -0.00586463 -0.00381566 -0.000527952 -0.00357533 -1.23694e-05 -0.025758 -2.51154e-05 -6.9817e-07 -0.0103646 0.0131069 -0.0187245 -3.50683e-05 -0.000801682 0.0478431 -0.00568445 0.000212941 -8.07094e-06 0.00276462 -0.0150145 -0.000124694 -0.00944622 0.0135549 0.00505126 0.0422133 0.000605385 -0.000749352 -2.27596e-06 -0.0378951 0.00424808 -0.000415851 0.000313519 -0.00255251 3.10044e-06 0.000150796 0.0172478 9.03949e-06 0.000234017 -0.000593828 -0.00434983 0.000125001 -0.00126728 0.00700396 0.0106162 -3.27868e-05 -0.00327468 -1.89946e-05 -0.00189951 0.000610812 -0.000414387 0.049339 0.00602915 0.00109155 -6.35581e-05 -0.00690088 4.97361e-05 -0.00170366 0.00299333 -9.37836e-05 5.86146e-05 -0.000500713 3.07835e-05 -0.000720995 -0.000965661 6.25561e-05 -0.000912053 -0.000344004 -0.0478503 -4.47561e-05 0.00052275 0.00138227 
-2.07635e-05 -0.000175687 -0.000142422 -0.00514335 0.000559206 -0.000176595 0.00247933 -0.00122101 -0.000144094 0.00197972 -3.5364e-06 0.00397726 0.000625067 -0.00196707 0.000171698 -0.00554829 0.00524853 0.00609184 -0.00012769 -0.00667187 0.000678066 0.00831505 -0.00180595 -0.00358913 0.000446179 8.40001e-06 3.72124e-06 0.000452909 1.05131e-06 0.00152396 3.02293e-05 5.00598e-05 9.42731e-05 0.000498668 7.58904e-06 0.00145552 1.69323e-05 1.23439e-06 0.00145543 -0.00669537 -0.000548656 4.32457e-05 -6.04647e-06 -0.000127637 -0.00158215 -1.46867e-05 0.000173848 0.00673165 -0.00717315 -6.88375e-06 -8.72495e-05 -0.000916532 0.00734104 -0.00328947 2.75427e-05 0.00013781 2.10099e-05 -0.00184611 0.000678566 0.00011921 0.00137096 -2.1998e-05 -4.82212e-07 4.46946e-05 -0.00643175 1.33445e-06 9.30061e-05 2.8533e-05 -3.91151e-05 4.36697e-05 -1.94466e-05 -0.00157019 0.00431736 2.30994e-06 -3.0438e-05 3.4596e-05 -0.00729972 -5.71565e-05 -8.0043e-06 -0.00671091 0.00533732 0.00526486 1.36811e-05 -0.00154038 0.000411389 0.000152678 0.00608227 -3.99682e-06 0.000446554 -5.24896e-05 -0.000110213 -0.000141018 -0.0060093 0.000188532 0.00480882 -3.27123e-06 -0.00331564 5.40727e-05 0.000276424 0.00197803 
0.00105874 0.0324095 -0.0119977 -0.0111099 0.00130675 0.0103751 -0.006671 0.00108104 -0.00208901 0.00230425 0.00049204 0.000776707 -0.00194305 -0.04471 0.00485232 -0.00218644 0.0991615 -0.00496244 0.0109038 0.0123145 -0.0456127 -0.00180595 0.23475 -0.102911 -0.00619757 0.00122889 -0.000258026 0.00999046 2.89476e-05 -0.0131337 0.00490796 0.00197087 0.000461116 -0.000888949 5.94604e-05 0.00916022 -2.38908e-05 1.25389e-06 0.0224675 -0.0646997 0.0647972 -8.13885e-05 0.000591858 -0.0325532 0.0350104 0.000678518 -5.26731e-05 -0.00576579 -0.0126504 -3.41417e-05 0.00370676 -0.0367248 0.00950826 -0.0301271 0.00210691 0.00128429 -1.94002e-05 0.0200427 -0.00503156 -0.000210995 0.000264848 0.000978783 -8.44435e-06 0.000700943 -0.0711614 -7.40452e-05 0.000570942 0.000777773 -0.00109533 6.71724e-05 -0.000520192 -0.0567239 0.00235509 2.48025e-05 -0.00057378 4.54141e-05 0.00150841 0.00103686 0.000209985 -0.0752301 -0.00708303 -0.0271224 2.85547e-05 0.0855365 -0.000100252 0.00266334 0.00521724 -8.02048e-05 0.00324777 0.00744229 0.00237711 -0.00503224 -0.068086 -0.000561355 -0.00350511 5.20377e-05 0.0487532 -6.67997e-06 -0.0014143 -0.000817003 
-0.00112709 -0.0226348 -0.0283134 0.0163019 -0.00350954 0.00119089 -0.0118321 0.00138346 -0.00663618 -0.00228057 -0.000444901 -0.00643335 -0.00331794 0.0200332 -0.0042727 0.0150501 -0.106365 -0.00783842 -0.00835821 0.0182861 0.0149649 -0.00358913 -0.102911 0.245365 -0.0104985 -0.000730964 0.000190754 -0.00718887 -1.29551e-05 -0.000333069 -0.0036976 -0.00104038 0.000127872 -0.000718799 -0.000122687 -0.0110848 -4.89596e-05 -2.93153e-06 -0.019587 0.0758438 -0.0678254 -0.000154026 -0.000432405 0.0175701 -0.0791949 -0.000891524 -0.000218923 -0.0106968 0.0292977 6.38911e-05 -0.00334636 0.0551124 -0.0294978 0.091588 -0.00174943 -0.00185749 -2.29037e-05 -0.0577532 -0.0126299 -0.000123581 -0.0020331 -0.000861122 3.61296e-07 -0.000631928 0.0818984 -0.000103626 -0.000605354 -0.000533505 -0.00266934 -0.000434408 3.21069e-05 0.101106 -0.0245727 -9.97861e-05 9.7194e-05 -6.97404e-05 0.0122586 -0.00328141 -0.000331235 0.0599641 -0.0188848 0.015766 -0.000129046 -0.0976953 -0.000551878 -0.00293304 -0.0121039 8.47699e-05 -0.00206167 -0.00648487 -0.00649646 -0.0116578 0.0961352 -0.00065049 -0.0129083 0.000184041 -0.115357 -4.64109e-05 -0.00142727 -0.00295564 
1.00634e-05 -0.000763023 -0.00135303 -0.00177003 0.000614108 -0.000731638 0.0129341 -0.00431975 0.00483946 5.20509e-05 -2.22609e-05 0.00100997 0.00399623 -0.0116726 0.000625649 -0.0111379 0.000606327 0.00414822 0.000547084 -0.0198381 0.00227037 0.000446179 -0.00619757 -0.0104985 0.0258575 -1.80469e-05 -1.58888e-05 -0.00040012 -3.10003e-06 0.00474375 0.00119417 -5.60345e-06 3.91125e-05 0.000268654 1.93492e-05 0.00108295 5.33149e-05 2.42488e-06 3.17654e-05 -0.0181177 0.0101566 0.000152568 7.73018e-06 0.000194406 0.00680671 -3.78e-05 -7.58193e-07 0.00797057 -0.0190947 -1.91208e-05 6.80087e-05 -0.000706994 0.0122219 -0.00996587 6.76229e-05 0.000744427 1.5119e-05 -0.00541904 0.0134769 7.97817e-05 0.00010853 1.45906e-05 5.31241e-06 0.000146446 -0.0181868 2.52822e-05 4.99036e-05 1.09466e-05 -0.000280373 0.000260782 -6.18965e-05 -0.00525045 0.00994952 3.24515e-05 -0.000132828 -2.16656e-06 -0.00497064 0.000345158 2.30468e-05 -0.0046447 0.0166701 0.00623192 -1.0609e-05 0.00729459 9.61928e-05 1.45527e-05 0.00271382 8.67994e-06 0.000165171 0.000510118 0.00199096 0.00932652 -0.0178262 0.000864992 0.00685025 -9.59462e-06 -0.00860579 1.20651e-05 0.000566398 0.000447688 
8.01108e-07 -8.533e-05 1.2274e-05 -0.000780203 0.000441605 0.000546061 0.000222227 -0.000259316 -7.93189e-06 0.000163897 1.12789e-05 0.000234489 5.78237e-05 -0.00165582 4.91801e-05 -0.0015355 0.00102469 0.000110565 0.000290215 -0.000339483 0.000153294 8.40001e-06 0.00122889 -0.000730964 -1.80469e-05 0.00207826 5.53398e-06 4.60403e-05 5.54983e-06 -0.000110946 0.000304062 0.000111697 3.68506e-05 0.000363712 3.90128e-06 -8.35665e-05 3.84884e-06 2.1131e-07 0.000566123 -0.00144891 0.000373258 1.10652e-06 -1.63805e-06 -0.000130425 -0.00014724 1.94223e-05 1.43407e-06 0.000298781 -0.00153249 4.22534e-06 -9.17614e-06 -0.000315223 0.00145863 0.000149377 0.000477509 0.000568446 -1.44074e-07 -0.00024002 3.38603e-05 -1.1995e-06 7.41508e-05 1.83088e-05 2.54697e-06 0.000249435 -0.00151212 3.2554e-07 1.88707e-05 2.81323e-05 -2.33512e-05 0.000100468 -2.89408e-06 -0.000334228 0.000738923 1.39076e-06 -1.10427e-05 1.79629e-05 -0.00116704 1.16638e-05 -5.83829e-07 -0.00149589 0.000380432 -4.61764e-05 2.05043e-06 0.000309981 6.54251e-05 9.92274e-06 0.00137157 6.30766e-07 0.000473444 0.000244262 7.86547e-05 -5.33282e-05 -0.00117228 -3.34642e-07 0.000369767 2.02889e-06 -0.000794644 6.94069e-06 -7.98032e-06 1.06475e-05 
9.90767e-06 -2.9311e-05 -4.387e-05 -0.000244908 -6.98844e-06 -1.38587e-05 2.50444e-06 0.000232869 -1.49142e-05 8.13637e-06 -4.14783e-07 1.81076e-06 -6.65639e-06 -0.000129278 -6.13527e-06 -4.63001e-06 -0.000136352 3.88356e-06 -1.39906e-05 1.34961e-05 -0.000348947 3.72124e-06 -0.000258026 0.000190754 -1.58888e-05 5.53398e-06 0.000872833 -1.25667e-05 8.96222e-07 4.57175e-06 -6.10225e-06 -1.34564e-05 2.31778e-05 -5.12938e-08 -2.55344e-07 2.48711e-06 -4.9224e-08 -1.3433e-08 -1.84273e-05 0.000110944 -0.000119136 -1.9112e-07 -9.15037e-07 -2.07747e-06 -0.000158877 9.42201e-06 6.37299e-08 -1.96638e-05 2.18484e-05 1.32374e-06 3.06141e-05 -0.000143078 -4.30804e-05 6.49207e-05 -3.57761e-06 -3.18723e-06 2.99565e-07 0.000186717 -2.30228e-05 -4.31947e-07 -2.86999e-06 1.1106e-05 2.61226e-06 -1.22748e-06 0.000119534 1.82161e-06 3.15858e-05 1.20437e-05 2.35227e-05 -7.96751e-07 5.23611e-07 -6.13616e-05 -3.93865e-05 2.05312e-07 2.03111e-05 4.50442e-06 -1.81181e-05 -6.68007e-06 1.53003e-06 8.93875e-05 -3.68992e-05 -1.25025e-05 8.12379e-06 -0.000228681 -9.13361e-07 -5.1281e-06 -1.14959e-05 2.34472e-06 4.12967e-05 -2.08106e-06 7.38581e-06 -1.66723e-05 0.000172383 -5.65228e-07 -2.23509e-05 6.38e-07 -5.69397e-05 2.02596e-06 -3.5728e-06 1.4948e-05 
0.000160589 0.00490582 -0.00108223 -0.00627016 0.00129663 0.000314352 0.000332925 0.00317122 -0.000191139 0.00132421 0.000162294 0.0014633 -5.35398e-05 -0.0077514 0.000339343 -0.00338428 0.00978862 0.000168644 3.48318e-05 -0.000458392 -0.00676147 0.000452909 0.00999046 -0.00718887 -0.00040012 4.60403e-05 -1.25667e-05 0.0173764 8.46213e-07 -0.000695114 0.00105291 -0.000193951 -3.69357e-05 0.000115096 9.44229e-05 0.00273039 6.76333e-06 1.81331e-07 0.0013204 -0.00505257 0.000505359 1.63535e-05 0.000176215 -0.00818214 -0.00295936 0.000104632 0.000111164 0.0012229 -0.00299293 2.5566e-06 -0.000139705 -0.00237935 0.00460246 -0.00189832 0.000594018 0.000470244 -8.73747e-07 0.00704772 -0.000210348 5.22398e-06 0.00121261 -9.51962e-06 -9.88298e-07 0.000252035 -0.0041238 -1.43124e-06 3.94746e-05 3.46181e-05 -5.21307e-05 2.42268e-05 -1.39928e-05 -0.00382975 0.00127558 3.12512e-05 0.000212342 4.06455e-05 -0.00239657 -0.000118325 1.35577e-05 -0.00928367 0.000627493 -0.00107333 -9.0951e-06 -0.00129462 0.000138039 0.000532068 0.00238984 -3.384e-06 0.00127946 0.000936383 -0.000191781 -0.000493604 -0.00358833 -2.19502e-05 0.00239002 -4.73911e-06 0.00190701 2.09825e-05 -6.01574e-05 8.56991e-07 
3.51553e-07 6.27428e-05 -3.86356e-06 -0.000132332 -1.10734e-06 -5.68863e-06 -4.94361e-06 6.76338e-07 -3.21042e-06 3.41028e-05 1.91345e-06 9.68752e-06 -1.22845e-06 6.27379e-06 -3.67305e-07 -9.12061e-06 4.906e-05 9.64137e-06 9.52734e-07 2.29529e-06 -0.000121918 1.05131e-06 2.89476e-05 -1.29551e-05 -3.10003e-06 5.54983e-06 8.96222e-07 8.46213e-07 0.000206511 2.54616e-05 1.70704e-05 2.94432e-05 4.10933e-07 2.12027e-05 1.4296e-07 1.75757e-06 2.55751e-07 -3.1761e-09 1.85496e-05 -3.60419e-06 -1.96818e-05 2.33329e-06 2.66365e-06 -0.000128537 -4.12434e-05 -4.73192e-07 3.78605e-07 7.77766e-06 -7.62258e-06 -5.19632e-08 -1.72207e-06 -7.7209e-06 9.93214e-06 -6.27079e-05 4.04031e-07 7.01138e-06 -1.42894e-08 -3.05913e-06 -5.90505e-06 9.23786e-09 4.65053e-06 1.15105e-05 3.80321e-09 -1.55989e-07 -9.61997e-07 3.02667e-07 -3.26519e-07 4.94113e-06 3.39483e-06 -2.10452e-07 1.04206e-05 5.26468e-05 -9.36678e-06 -4.91845e-08 1.7934e-06 -1.10874e-08 -2.8854e-05 -1.48306e-06 4.33332e-06 -8.71298e-05 -5.88269e-06 -8.6632e-06 5.57639e-08 -4.27204e-05 9.18439e-06 -1.33862e-06 1.08703e-05 2.20234e-07 1.4593e-05 -1.45992e-06 -3.19178e-06 4.48509e-06 3.32217e-05 2.30784e-07 4.25167e-06 1.91349e-06 3.40171e-05 2.32461e-06 -6.59185e-07 -1.02345e-06 
3.57423e-05 -0.00199183 -0.0025774 -0.00646016 0.00147408 -0.0013738 0.00159489 -0.000727651 -0.000474934 -0.000333601 -3.44898e-05 0.00278602 0.00492667 0.00649258 -6.92419e-05 -0.00602968 0.00168327 0.00890785 -0.000667947 -0.0113528 -0.00128343 0.00152396 -0.0131337 -0.000333069 0.00474375 -0.000110946 4.57175e-06 -0.000695114 2.54616e-05 0.0518226 2.86029e-05 -0.000729209 -4.73244e-05 0.00132396 3.23008e-05 0.00299511 8.07299e-05 -2.23084e-07 -0.000951502 -0.00261888 -0.00758904 0.00018234 -4.9783e-05 -0.00700295 -0.00734101 -0.000112897 5.25103e-05 0.00968937 -0.00777517 -3.52142e-06 -0.000490036 -0.00801657 0.00773323 -0.00804547 -0.000196921 -8.98875e-05 4.87869e-05 -0.00978708 -0.00098597 6.29559e-05 0.000659003 -0.000160922 -1.11455e-06 -2.28335e-05 -0.00110568 -6.62741e-06 -7.76819e-05 -5.63722e-05 -0.000138413 0.000153236 -5.22335e-05 -0.00405354 0.00337145 -8.13916e-06 -0.000186129 -2.93352e-06 -0.00839839 -7.68097e-05 -3.66598e-05 -0.00502629 0.0080442 0.0150935 1.10672e-05 -0.00806565 0.000142713 -7.24365e-05 0.00410528 -1.90915e-06 -0.000560965 -0.000532207 -0.000982458 -0.000746476 -0.00459506 0.00101739 0.00746135 -2.21555e-05 -0.00389537 3.15943e-05 -0.000158212 0.000184883 
-2.03131e-05 0.00389653 -0.000348903 -0.00352701 -1.96399e-05 -0.000101033 0.00024 -0.000718285 0.000210599 0.000585807 1.15335e-05 0.000331189 0.000155509 -0.00156003 0.000108584 -0.00153956 0.00603897 0.000626102 0.0010186 -0.000940462 -0.00586463 3.02293e-05 0.00490796 -0.0036976 0.00119417 0.000304062 -6.10225e-06 0.00105291 1.70704e-05 2.86029e-05 0.00920729 0.00113579 1.72527e-06 0.000373242 4.95569e-05 0.00263791 3.36623e-05 6.67094e-07 -7.98853e-05 -0.00622613 0.00404709 6.94317e-05 0.000109992 -0.00662055 -0.000919552 1.70092e-05 8.40645e-05 0.000886398 -0.00150354 1.80274e-06 0.000248963 -0.00161823 0.00334309 -0.00334263 0.000239947 0.000607098 1.53373e-06 0.00176233 0.000124709 4.06535e-05 0.000338527 2.03269e-05 -5.42112e-07 0.000167652 -0.00641016 2.41366e-06 5.82424e-05 4.85539e-05 -0.000112474 4.04076e-05 -1.23619e-05 -0.000380825 3.08517e-05 2.06237e-05 6.79565e-05 1.37479e-05 -0.000902777 -5.19797e-05 7.29176e-05 -0.00713629 0.000795943 0.000229662 5.06347e-06 0.00120661 8.18036e-05 0.000998197 0.00186492 -3.12887e-06 9.08985e-05 -7.07835e-05 -0.00015854 -0.000163728 -0.00136391 0.000169714 0.00257576 -7.55811e-08 0.000599774 1.83644e-05 -3.36015e-05 0.000153939 
-4.01954e-05 0.000179755 -0.00121272 -0.00443468 0.000362007 -0.000256695 -0.000213835 -0.00192802 -0.000263125 0.000148949 -9.00412e-06 0.00143585 -3.13504e-05 -0.00132307 -0.000125719 -0.00131476 0.00637395 -6.57319e-05 -9.19003e-05 -0.000172388 -0.00381566 5.00598e-05 0.00197087 -0.00104038 -5.60345e-06 0.000111697 -1.34564e-05 -0.000193951 2.94432e-05 -0.000729209 0.00113579 0.0169858 -3.52628e-06 0.00129446 -4.15876e-06 0.0041929 -1.99581e-06 6.31422e-06 0.00219132 -0.00595135 0.00372733 1.30139e-05 -6.1911e-06 -0.000509993 -0.00156785 -1.3867e-05 4.31596e-05 -2.11455e-05 -0.00292132 2.97199e-05 0.000268352 -0.00116162 0.00349591 -0.00367513 0.000471257 0.000176674 -6.3241e-07 -0.00180069 0.000186456 2.39014e-05 0.000265119 0.000111152 -8.66422e-07 0.000169871 -0.00726178 8.36458e-06 9.01143e-05 -3.16248e-05 -7.33816e-05 -1.41507e-05 3.54291e-06 -0.00106697 0.00225975 5.57421e-06 -5.36867e-05 5.84632e-06 -0.00159744 0.00015513 -9.67887e-06 -0.0095146 4.297e-05 0.00064718 7.76158e-06 0.00267359 2.8616e-06 0.000592291 0.00299081 6.81521e-07 0.000701124 -0.000182643 -6.17857e-05 -0.000450658 -0.0021541 -2.33096e-06 -3.48099e-05 -4.78065e-06 0.000643196 1.27189e-05 -4.63406e-05 0.00118802 
1.59109e-05 1.89872e-05 1.35411e-05 -0.000139902 -1.91921e-05 4.75303e-06 0.00016687 -0.000191468 0.000116573 6.43618e-05 -7.29941e-07 7.86677e-06 7.46835e-06 -0.000564042 1.50807e-05 -0.000315599 -0.000404826 0.000199497 1.52955e-05 -0.000328694 -0.000527952 9.42731e-05 0.000461116 0.000127872 3.91125e-05 3.68506e-05 2.31778e-05 -3.69357e-05 4.10933e-07 -4.73244e-05 1.72527e-06 -3.52628e-06 0.00265117 1.74817e-05 2.09692e-07 -1.04255e-05 4.95793e-06 1.92459e-07 1.7708e-05 -0.000714292 0.000144697 3.2594e-06 -1.37766e-06 -0.000262297 0.00018101 0.00013327 -6.44619e-08 0.000193774 -0.000696039 1.41349e-05 -1.12378e-05 -0.000237853 0.000271954 -0.000469496 1.39135e-05 6.80424e-06 7.99437e-07 -0.0006029 0.00020584 -1.33255e-06 -2.00812e-06 1.3859e-06 3.91445e-06 -2.00125e-06 -0.000787486 1.98383e-07 0.000152826 1.54782e-05 -1.22319e-05 2.53826e-06 -2.02121e-06 0.000595745 0.000398329 6.70355e-07 -1.1435e-05 1.49702e-06 -0.000302591 -2.19588e-05 6.86871e-06 -0.000487219 0.000340461 0.000289262 9.19082e-05 5.1332e-05 3.33491e-06 4.93407e-05 0.000134851 -3.90602e-07 0.000106773 -2.84562e-05 0.000263616 0.000248297 -0.000597302 9.62433e-06 0.000141567 7.45015e-06 -0.000484382 4.43994e-06 3.46907e-05 7.86717e-05 
