0.00150927 7.8408e-06 -2.08905e-08 1.35352e-06 -4.21116e-06 -2.33776e-07 0.000904719 7.84509e-05 0.000857785 9.9799e-05 0.000919545 6.50116e-07 -0.00101988 -3.86168e-06 0.000737404 0.000779011 2.12759e-05 -0.000265445 2.59169e-05 -1.15167e-06 -0.000877205 -0.000772503 -1.41075e-06 -3.3169e-07 0.000668444 -3.19287e-07 -1.20508e-05 -9.6188e-05 3.78091e-06 7.3076e-05 5.37e-05 1.63529e-06 -1.99828e-08 -0.00025003 -0.000208191 1.52068e-05 3.08178e-06 -0.00121096 7.66452e-06 5.06444e-05 6.55481e-06 5.6291e-05 1.32503e-05 0.000336347 8.70684e-05 2.10641e-06 6.03972e-09 8.99866e-06 -1.34176e-08 2.45092e-07 3.34003e-05 7.74688e-06 1.741e-05 0.000359088 0.00078966 0.000534246 8.82546e-07 -0.000939088 5.95256e-05 -3.04847e-08 -0.000912076 3.36407e-05 -0.000115092 0.000190943 6.52755e-07 5.33742e-07 8.38338e-05 -2.54071e-05 0.000416496 6.40904e-07 8.66917e-06 -6.1772e-06 1.83247e-06 0.000409335 3.05814e-07 1.04416e-06 3.26133e-06 1.57938e-06 5.60124e-08 1.90663e-05 5.51219e-06 3.32581e-06 6.80041e-05 4.11382e-05 -0.00093587 2.46401e-05 8.61071e-06 3.27717e-07 0.000329194 0.000216588 -0.000460458 2.35832e-05 -0.00102383 -0.000666188 -0.000390148 -5.24472e-06 -4.70716e-06 -0.00082203 3.74019e-06 7.33687e-07 
7.8408e-06 0.00324818 5.23629e-08 5.08447e-06 7.73159e-05 -8.91856e-07 0.000209684 2.83575e-06 -1.1306e-05 7.66795e-06 4.8576e-05 -8.70269e-08 -0.000169507 3.46629e-06 0.000125158 -0.000547118 0.000146389 -0.000611534 2.18964e-05 1.17345e-05 -0.000223245 -0.00139508 3.43729e-06 2.81282e-06 7.13555e-05 9.14599e-05 -1.27953e-05 2.76525e-05 1.97416e-06 7.69114e-06 0.000120262 1.29027e-05 2.53585e-07 -0.000308311 -8.28001e-05 7.53086e-05 -2.41273e-07 -0.000311664 -9.3315e-06 9.35139e-05 1.37848e-05 8.31198e-05 6.84388e-05 -3.02804e-05 -5.46872e-06 4.23386e-06 1.58129e-07 -1.84548e-08 6.77394e-08 2.59543e-07 -5.3548e-05 0.000109509 7.16099e-05 -2.32614e-06 0.000220887 9.81394e-05 1.29854e-05 -0.000394939 3.149e-05 6.51365e-08 -6.88758e-05 1.39207e-06 -1.34268e-05 2.83857e-05 4.86377e-07 -0.000233455 6.40799e-06 -0.000205041 0.000109934 -7.40602e-08 2.20525e-05 2.64668e-05 5.75073e-07 2.27222e-05 -2.33982e-08 4.28362e-07 1.36916e-06 1.22329e-07 -1.57835e-08 3.70965e-06 1.74204e-05 -3.41136e-07 0.000223614 0.000102761 -0.000117733 4.32509e-05 9.68909e-05 2.07497e-07 -3.2004e-05 -4.46304e-06 -0.00035125 4.87153e-06 -9.70939e-05 -0.000220691 -0.00015582 2.35687e-05 -7.45064e-06 -0.000197885 3.21569e-07 -7.85924e-08 
-2.08905e-08 5.23629e-08 2.4846e-05 -2.70911e-10 2.24734e-06 2.39536e-07 1.02463e-06 -2.60482e-09 5.55098e-07 -1.96868e-08 -3.14408e-07 1.25681e-08 -2.44289e-06 9.16313e-08 7.96796e-08 2.75052e-06 -4.56157e-07 -1.91874e-06 -3.10086e-08 8.17712e-07 -1.71082e-06 2.25584e-06 6.6156e-07 2.37662e-07 3.56248e-07 2.68002e-06 -7.24721e-08 -7.02109e-07 -8.06937e-10 2.3117e-06 1.68559e-06 -3.63888e-09 -3.28473e-10 1.62482e-07 -1.53302e-06 3.82239e-07 -1.59703e-08 -6.62131e-06 7.79331e-07 1.57011e-06 -1.52628e-08 -2.27228e-08 -4.76195e-09 -6.99099e-08 5.06708e-08 -1.44785e-08 -6.50983e-11 -3.41923e-09 -2.20556e-10 1.25545e-07 -2.36167e-06 -4.30635e-08 1.74744e-06 1.1978e-07 1.49235e-06 -1.10653e-08 3.95805e-07 -2.29929e-06 -8.56456e-09 -1.81613e-09 -1.48281e-05 1.98553e-07 -2.22565e-06 -1.55106e-08 1.89891e-07 1.67171e-06 8.60419e-08 2.01135e-06 5.30184e-07 2.0639e-07 -3.11907e-08 1.73032e-06 2.59292e-07 9.32125e-08 -1.78399e-10 -6.98688e-10 3.4962e-07 -1.38007e-09 -1.20341e-10 -3.0526e-08 2.50376e-07 -1.17377e-09 1.68486e-06 1.1069e-06 -9.60421e-06 2.11293e-08 1.55723e-06 -1.18817e-09 -5.85005e-07 3.07855e-08 -5.27933e-08 -2.63151e-09 -3.84373e-06 -2.33018e-06 -5.138e-06 2.18018e-07 1.96935e-07 -2.68633e-06 -2.13112e-08 -9.80449e-10 
1.35352e-06 5.08447e-06 -2.70911e-10 1.09032e-05 -2.60072e-07 -3.12897e-09 2.49311e-06 7.84877e-07 5.86973e-06 1.41361e-07 1.82808e-06 -3.35786e-10 -9.75735e-06 1.36523e-07 7.88084e-06 7.11132e-06 1.22494e-06 -5.05906e-06 2.14639e-06 9.13521e-07 -6.57787e-06 -6.36213e-06 7.68727e-08 -2.48876e-09 4.16226e-06 5.40146e-08 -9.76263e-08 -9.81674e-08 6.96459e-08 1.42088e-07 1.41019e-07 6.18403e-07 -1.44142e-10 -1.86501e-06 -1.3874e-06 4.23396e-06 -7.00815e-09 -9.35426e-06 -7.63564e-08 9.6957e-07 5.36636e-07 1.36336e-06 4.01124e-06 1.44376e-06 2.90153e-07 -7.81627e-09 -2.85667e-11 1.41833e-07 -9.67853e-11 -4.92249e-10 -9.24045e-07 5.0411e-06 6.54748e-08 1.30609e-06 5.67504e-06 6.42116e-06 -4.76646e-09 -7.49531e-06 1.13624e-06 -7.96961e-10 -6.27501e-06 -3.28155e-08 -6.78556e-06 3.40319e-06 1.0393e-06 8.04423e-07 7.94432e-08 -2.32008e-07 6.20514e-06 3.36195e-08 -1.36872e-08 -9.78645e-08 -6.16162e-09 2.13297e-06 -7.82859e-11 3.63601e-08 -3.09211e-09 -6.05607e-10 -5.28085e-11 -1.33955e-08 -2.47018e-08 -1.97783e-09 5.31475e-06 9.55645e-07 -6.07614e-06 2.02889e-06 9.90584e-07 -5.21397e-10 3.03285e-07 4.60682e-07 -9.46296e-06 2.75512e-07 -9.49992e-06 -9.1615e-06 -4.479e-06 9.58244e-08 -3.49881e-08 -8.4143e-06 2.73148e-08 -4.30246e-10 
-4.21116e-06 7.73159e-05 2.24734e-06 -2.60072e-07 0.0232836 6.99816e-05 0.00452268 5.59557e-07 0.000383969 1.88842e-05 -0.000108261 5.85421e-07 -0.00174201 7.9521e-05 5.6828e-06 -0.00165684 -0.00051361 -0.0130145 1.69988e-05 0.00942726 -0.000275965 0.00339755 0.000152438 -1.94784e-06 9.45174e-06 9.90363e-05 -0.000105741 0.000120674 2.48682e-07 0.0105225 6.99377e-05 1.13005e-06 7.38002e-07 0.00110151 0.000121519 0.000445099 4.27187e-05 -0.0123701 -0.000101224 -1.56101e-05 -4.47882e-06 -3.47698e-06 6.95524e-06 2.2413e-05 0.000124282 2.02208e-05 7.67506e-07 -2.19097e-07 -2.11731e-07 2.0798e-06 -0.00112621 6.77561e-05 0.000375271 -2.78239e-05 0.000154891 1.60509e-05 2.9636e-05 -0.000179836 4.93448e-05 6.27654e-06 -0.0169812 0.000110735 -0.000677378 -1.32367e-05 9.85151e-05 -0.000541272 7.31056e-05 -0.000706089 1.57843e-05 2.37407e-05 2.19439e-05 0.000133468 2.74806e-05 1.38981e-05 3.35405e-07 1.1826e-06 9.04891e-06 -2.14851e-07 8.67807e-07 0.000160942 0.00167187 1.23632e-05 0.000306916 0.000220838 -2.71727e-05 -7.83015e-05 3.68031e-05 1.07027e-05 0.000113164 -4.71253e-05 -0.000749055 -1.29622e-06 -0.00054675 2.5732e-05 -0.00487139 -3.45476e-05 -1.30414e-05 -0.00143494 3.71715e-05 -8.81222e-07 
-2.33776e-07 -8.91856e-07 2.39536e-07 -3.12897e-09 6.99816e-05 0.000286891 5.94196e-05 -5.9248e-08 9.70502e-05 2.60262e-06 7.31102e-06 5.51783e-06 -0.000112405 5.92171e-06 5.91422e-08 -1.80961e-05 9.16107e-05 -7.8772e-05 2.63186e-06 4.89701e-05 -1.88904e-05 3.87742e-05 4.62324e-05 4.44964e-08 4.62984e-06 8.60876e-07 -1.95617e-06 2.57991e-05 8.4068e-07 8.16867e-05 -7.09032e-07 -4.20282e-08 8.82873e-07 -3.50312e-05 -3.80887e-05 1.99393e-05 -1.44453e-07 -0.000218741 1.4687e-05 4.54895e-06 1.76372e-06 2.42238e-08 -5.49994e-08 8.36611e-05 -1.04756e-06 6.06094e-06 -7.5187e-10 8.50509e-07 1.77453e-07 3.77038e-06 -3.27788e-05 2.13596e-06 1.47245e-05 5.52451e-05 -2.21148e-08 9.97024e-08 4.13121e-06 -4.04139e-05 1.51775e-06 -2.09758e-08 -0.000108892 1.96297e-06 -0.00014366 1.20856e-07 4.59624e-06 1.55568e-05 1.66955e-05 9.85303e-05 2.54165e-06 7.10765e-05 -2.23579e-07 6.19509e-05 1.69612e-05 -4.53544e-07 2.12729e-08 1.02586e-05 8.86163e-08 8.69073e-06 3.19434e-08 2.67077e-06 6.40699e-05 -5.2056e-08 2.75769e-06 1.28113e-05 -0.000209884 -5.67432e-07 1.13017e-06 4.66277e-07 6.08332e-06 7.17942e-06 -0.000163566 3.31627e-06 -0.000184065 -1.69194e-05 -1.65745e-05 2.45311e-07 -3.17547e-07 -8.44747e-05 1.51139e-05 1.18287e-05 
0.000904719 0.000209684 1.02463e-06 2.49311e-06 0.00452268 5.94196e-05 0.0353591 2.04322e-06 0.00313141 0.000239723 0.00166378 5.21623e-06 -0.0107768 6.38771e-05 0.000870776 0.00782896 0.00107971 0.000108384 6.16051e-06 0.00712981 -0.00178004 -0.000380106 6.60971e-06 4.54151e-06 0.000949269 0.00115394 -0.000145669 0.00258137 4.63123e-06 0.00719819 0.0015094 1.31576e-05 1.01408e-07 -0.0041913 -0.00103294 -0.000176457 4.08768e-05 -0.0150791 0.000641277 0.000879725 0.000294219 6.05846e-05 4.40176e-06 0.000751721 0.000175384 1.07829e-05 2.87163e-07 8.43204e-06 -3.15831e-07 1.43662e-05 -0.00345366 0.000178998 0.000791698 0.000726207 0.00183134 0.000561434 1.94369e-05 -0.00114429 0.000231127 2.24701e-06 -0.0175343 -5.12477e-05 -0.000351102 0.000242513 -8.20356e-06 0.00236039 0.000419726 0.000355292 0.000514697 3.90684e-05 0.000292001 -1.60506e-05 3.74005e-06 0.000626391 -5.02188e-08 -8.8512e-09 6.06436e-05 1.49454e-06 5.55191e-09 0.00058333 0.000720197 6.43824e-06 0.000974802 0.00099587 -0.00432087 -0.00010749 0.000833527 1.66414e-05 -0.000569675 0.000662195 -0.00606618 4.60124e-05 -0.0172636 -0.00172032 -0.005645 0.000262949 -7.90687e-05 -0.00193166 -2.77067e-05 5.51565e-07 
7.84509e-05 2.83575e-06 -2.60482e-09 7.84877e-07 5.59557e-07 -5.9248e-08 2.04322e-06 0.000775015 0.000240763 2.12855e-05 0.000446986 2.1278e-07 -0.00012177 -1.33927e-07 0.000158161 -7.97103e-05 -1.95564e-06 -0.000310946 5.74203e-06 1.44331e-05 -0.00020341 -0.000412759 -1.40806e-06 -1.63706e-07 9.22083e-05 7.31224e-07 -3.79805e-06 -3.35929e-05 3.90814e-06 -2.9943e-05 3.17682e-07 1.78731e-05 -1.02537e-08 -8.92476e-05 -4.22014e-05 2.15256e-05 2.2048e-06 -0.000270613 -4.32833e-06 2.89634e-05 -4.69779e-07 9.56068e-06 1.82547e-05 -6.09256e-06 0.000120768 -4.8935e-07 -2.03212e-09 8.76326e-06 -6.88489e-09 5.16502e-08 0.000485386 2.86491e-05 -1.68795e-06 7.12972e-06 0.000220504 7.92243e-05 6.86093e-06 -0.000583778 2.76598e-06 6.83308e-07 2.61173e-05 1.5959e-05 -3.57842e-05 3.72925e-05 7.35632e-06 -5.82645e-05 -2.40561e-06 -2.97039e-05 9.86186e-05 3.69908e-07 -7.13652e-07 -2.785e-06 1.13836e-06 9.3963e-05 2.44311e-08 -2.18103e-08 1.06671e-06 3.5692e-07 2.95768e-08 1.13376e-06 7.10948e-06 -4.40276e-08 6.02002e-06 -1.63295e-06 -0.000292517 6.48648e-05 2.12123e-06 -3.709e-08 0.000399518 1.12082e-05 -6.73659e-05 1.02612e-05 -0.000108848 -0.000167992 -0.0003228 -7.41393e-07 -1.23557e-06 -0.000396406 -2.91918e-07 3.60608e-08 
0.000857785 -1.1306e-05 5.55098e-07 5.86973e-06 0.000383969 9.70502e-05 0.00313141 0.000240763 0.0186189 0.000188752 0.00223888 6.59551e-06 -0.0093185 -0.000122711 0.00118941 0.00708998 0.00507509 -0.000552055 2.94107e-05 -0.000337204 -0.00135164 -0.00134352 0.000344489 2.20512e-05 0.000925143 -3.99934e-05 -0.000147816 0.00498954 4.99695e-06 0.00226443 0.00020977 2.36771e-05 1.01576e-06 -0.00306017 -0.00126057 0.00185449 6.43442e-06 -0.0124138 -2.27249e-05 -1.25269e-07 0.000349785 2.51032e-05 5.81659e-05 0.00485634 4.39916e-05 3.71677e-05 8.26941e-07 5.55982e-05 1.24862e-07 8.41982e-06 -0.00107393 0.000156639 -3.09705e-06 0.000939529 0.00102892 0.000779414 -4.76863e-07 -0.0019309 0.000118328 -4.7725e-07 -0.00316766 7.75615e-07 -0.00497678 0.000487496 0.000131226 0.000215141 -8.33888e-05 -0.000143503 0.000641477 0.000104776 1.58483e-05 -5.03369e-05 1.82813e-05 0.000512429 1.20396e-07 1.73796e-05 2.22764e-06 1.86725e-05 8.98078e-07 0.000181326 -2.57012e-05 -3.76088e-07 0.000188215 1.20072e-05 -0.00350935 0.000307902 -3.27121e-05 -6.09164e-08 0.000733763 0.000849912 -0.00849548 5.18899e-05 -0.00914554 -0.00176869 0.00351779 0.000556557 -3.35596e-05 -0.00245503 2.83148e-05 2.59211e-05 
9.9799e-05 7.66795e-06 -1.96868e-08 1.41361e-07 1.88842e-05 2.60262e-06 0.000239723 2.12855e-05 0.000188752 0.000791702 0.000144708 4.98932e-07 -0.000159437 -3.075e-06 0.000153978 0.000240495 6.34163e-05 -0.000280101 3.06178e-05 2.59786e-05 -0.00014172 -0.000106396 1.6816e-06 2.95812e-07 0.000129081 3.01052e-06 1.23523e-05 3.14826e-05 1.96427e-06 6.1152e-05 2.41061e-06 1.69729e-06 -3.80794e-09 -0.000106009 -2.16584e-05 5.91105e-06 2.81073e-06 -0.000278464 3.97462e-06 -5.97951e-07 5.36329e-06 8.17873e-06 1.95948e-05 -1.14006e-06 1.37992e-06 -2.79976e-08 2.45908e-08 3.80965e-07 -7.03325e-09 -2.57711e-08 -5.5831e-06 3.11934e-05 -5.72212e-07 0.000104978 0.000123075 0.000133769 4.83628e-07 -0.000124061 3.64689e-06 -3.45807e-08 -0.000307631 1.92587e-05 -8.98326e-05 6.38654e-05 1.11717e-05 -3.59415e-05 5.40047e-06 -1.69539e-05 0.000177601 4.92524e-06 1.9887e-06 -1.21168e-06 1.95577e-07 2.6288e-05 -5.68893e-09 3.44386e-07 2.88634e-07 9.93247e-08 -3.83752e-09 5.93323e-06 1.65716e-05 2.26274e-07 1.16295e-05 -1.51206e-06 -0.000252733 6.66158e-06 -1.31875e-06 -3.78892e-08 1.18549e-05 4.06817e-05 -0.000254731 1.17161e-05 -0.000274259 -0.00014873 -0.00034195 -3.23799e-06 6.70794e-07 -0.000181452 2.02708e-06 9.32068e-07 
0.000919545 4.8576e-05 -3.14408e-07 1.82808e-06 -0.000108261 7.31102e-06 0.00166378 0.000446986 0.00223888 0.000144708 0.0184707 2.62692e-06 -0.0030492 -2.78226e-05 0.00127851 -0.0002603 -0.000235438 -0.000646047 2.57263e-05 -0.000329042 -0.0029452 -0.00651159 -1.73119e-05 7.15637e-06 0.00114413 0.00133113 8.42869e-05 0.00162489 1.45586e-05 -0.000412607 0.00139349 5.2033e-05 7.17799e-07 -0.00253461 -0.00181886 0.000168239 0.000129967 -0.00834803 -0.00010642 0.00116632 9.49277e-06 0.000104371 4.05921e-05 0.000724071 0.000118555 2.4715e-06 3.73448e-08 5.19694e-05 1.19562e-07 3.05011e-06 0.00112301 0.00016991 0.00109105 0.000632156 0.00300222 0.000847019 2.92738e-05 -0.0102827 0.000146571 1.24407e-05 -0.000800149 0.000361096 -0.000538569 0.000498962 2.80929e-05 -0.00135038 1.88242e-05 -0.00105471 0.000524701 1.1069e-05 -1.6665e-05 0.000404799 6.16167e-06 0.000744432 -1.35164e-07 2.2073e-06 5.61799e-06 4.45772e-06 5.49032e-09 0.000116162 5.58278e-05 1.56185e-06 0.00149502 0.00144479 -0.00123705 0.000646097 0.00129255 -6.30217e-07 0.0063844 0.000315353 -0.00112479 5.73962e-05 -0.00297765 -0.00253966 -0.00218274 -3.44771e-05 -5.16087e-05 -0.0033442 -9.8631e-06 2.96383e-06 
6.50116e-07 -8.70269e-08 1.25681e-08 -3.35786e-10 5.85421e-07 5.51783e-06 5.21623e-06 2.1278e-07 6.59551e-06 4.98932e-07 2.62692e-06 3.07957e-05 -1.2444e-05 1.21972e-06 1.04256e-06 -1.04435e-07 1.09328e-05 -1.0253e-05 5.15659e-08 5.01926e-06 -4.4751e-06 -1.27224e-05 1.52409e-06 3.09637e-07 2.09657e-06 1.42128e-06 2.14253e-07 1.40735e-05 -1.00017e-09 -9.57884e-07 1.22674e-06 -4.51027e-09 -4.07132e-10 7.9744e-07 -6.26762e-06 3.01892e-06 3.83539e-07 -2.26003e-05 1.71433e-06 8.05628e-07 -1.22511e-08 7.51692e-08 1.57431e-07 8.72029e-06 -8.80452e-08 -1.20772e-08 1.43253e-07 -4.23803e-09 -2.73372e-10 1.1943e-08 -2.9033e-06 9.53291e-07 1.25073e-06 5.44855e-06 1.93418e-06 5.2896e-07 -1.3463e-08 -1.72833e-05 6.27178e-08 -2.25103e-09 -1.54588e-05 5.53979e-07 -1.53565e-05 -1.92249e-08 2.5254e-07 6.86511e-06 7.48056e-08 1.05107e-05 8.03886e-07 6.37473e-06 2.9134e-07 1.83025e-06 2.6593e-07 3.25149e-06 -2.2112e-10 5.4458e-06 3.07933e-07 8.24956e-07 -1.49159e-10 3.82164e-07 3.5169e-06 4.41359e-09 2.60927e-06 2.45846e-06 -8.79076e-06 3.95058e-07 9.39661e-07 -1.4727e-09 -4.11763e-07 5.41994e-06 -1.8447e-05 7.3405e-08 -2.28474e-05 -3.17885e-06 1.1644e-06 9.5815e-07 2.17118e-06 -1.00532e-05 4.70692e-06 4.49878e-06 
-0.00101988 -0.000169507 -2.44289e-06 -9.75735e-06 -0.00174201 -0.000112405 -0.0107768 -0.00012177 -0.0093185 -0.000159437 -0.0030492 -1.2444e-05 0.0581544 1.00071e-05 -0.00159017 -0.0284238 -0.00615841 -0.00605953 -0.000176216 -0.00136813 0.00323216 -0.00145056 -0.00128733 -7.19552e-05 -0.00130576 -0.00157922 -3.54474e-05 -0.0115037 -2.00865e-05 -0.00370042 -0.00286268 -0.00013523 -5.30705e-06 0.00798777 0.0018992 -0.00552897 -0.000232964 0.0134974 0.000104188 -0.00143719 -0.000501059 -0.000215591 -0.000169578 -0.0102568 -0.00122063 1.1248e-05 -2.03423e-06 -9.45816e-05 1.00337e-07 -1.53943e-05 0.000163919 -0.000470577 -0.00157892 -0.00132724 -0.003415 -0.000979986 -0.00011326 0.00262164 -0.000302276 -9.78835e-06 0.0150298 8.75425e-06 0.00774718 -0.000560674 -0.0002022 -0.0163548 6.5295e-05 -0.00634921 -0.00145032 -0.000191124 -0.000126439 -0.000915129 -1.89173e-05 -0.000713284 -1.19152e-06 -1.89866e-05 -6.91077e-05 -3.43931e-05 -1.60306e-06 -0.000588607 -0.000207691 -5.88404e-05 -0.00236773 -0.00201931 0.00104277 -0.000650286 -0.00161914 -6.98858e-06 0.000617124 -0.00106432 0.014443 -9.59571e-05 0.0301575 0.00428906 -0.00712112 -2.0264e-05 -0.000353832 0.00429786 -7.18038e-05 -2.71336e-05 
-3.86168e-06 3.46629e-06 9.16313e-08 1.36523e-07 7.9521e-05 5.92171e-06 6.38771e-05 -1.33927e-07 -0.000122711 -3.075e-06 -2.78226e-05 1.21972e-06 1.00071e-05 0.006995 1.23564e-05 -0.00141961 -0.000101379 0.000515976 -4.48833e-06 0.000390962 -6.95449e-05 -0.0017386 4.40445e-05 4.69868e-06 4.90699e-06 0.000149922 0.000175667 -0.000367806 1.53121e-06 -0.000169359 2.34759e-05 1.5375e-05 1.4502e-06 -0.000800031 -8.7613e-05 0.000149528 2.95871e-06 -0.00106097 -2.33704e-06 5.58202e-05 -2.37404e-06 1.61755e-06 2.26987e-06 5.38876e-05 -5.72236e-06 -4.14341e-06 3.91543e-07 -6.79434e-07 1.87467e-07 6.81959e-07 0.0010937 3.76505e-05 4.54765e-06 7.58656e-06 7.4418e-05 3.78733e-06 -1.9296e-06 -0.00151017 -1.69826e-06 3.11175e-06 0.000279991 -1.1232e-05 -0.000132676 4.07904e-06 -1.13975e-06 -0.00036414 -2.62089e-05 0.000859119 -6.92547e-06 -1.36874e-06 -2.50664e-06 2.36399e-05 1.4649e-05 1.77156e-05 1.92753e-07 9.15239e-07 -8.31142e-07 5.52538e-06 -3.41195e-08 1.59352e-05 3.47902e-05 -5.74538e-07 5.51789e-05 1.67674e-05 -0.000389705 0.000150276 5.48745e-05 5.83126e-07 -5.0913e-05 2.23313e-05 -0.000536414 3.80571e-07 -0.00164501 -0.000192959 -0.000519171 2.07799e-05 -1.96558e-05 -0.000161307 -3.5222e-07 -2.77981e-07 
0.000737404 0.000125158 7.96796e-08 7.88084e-06 5.6828e-06 5.91422e-08 0.000870776 0.000158161 0.00118941 0.000153978 0.00127851 1.04256e-06 -0.00159017 1.23564e-05 0.00175384 0.00114271 3.45956e-05 -0.000539223 5.96274e-05 7.15197e-05 -0.00149052 -0.00122033 1.1538e-06 7.19564e-06 0.000990039 -3.03751e-06 -3.67784e-06 6.28746e-05 1.60929e-05 -5.09755e-05 3.56793e-05 0.000125139 5.8344e-07 -0.000312554 -0.000317557 0.000412585 1.80073e-06 -0.00139378 -4.93381e-06 0.000150525 1.62174e-05 0.000196687 0.00017535 0.000203196 0.000187888 2.07385e-06 1.3054e-06 4.90316e-05 -1.55957e-08 1.90735e-06 0.000281744 0.000368718 3.22143e-06 0.000538355 0.00133441 0.000975552 2.12386e-05 -0.00154157 0.000167491 -1.2842e-07 -0.000983805 2.97789e-05 -0.000411051 0.000573873 4.46504e-05 -0.000115994 -1.00691e-05 -5.95319e-05 0.000749475 4.37566e-06 9.61448e-06 -1.50562e-05 -4.12863e-07 0.00055008 7.17385e-07 1.16726e-06 4.71841e-06 6.03908e-06 -8.50938e-09 5.38748e-05 -3.06704e-06 4.02797e-06 0.000382424 7.56417e-05 -0.00131558 0.000337832 3.40004e-05 4.26504e-08 0.00050036 0.000320916 -0.00118411 5.61206e-05 -0.00157229 -0.00137356 -0.000699572 8.5608e-07 6.10879e-06 -0.00146922 2.94307e-06 1.29734e-06 
0.000779011 -0.000547118 2.75052e-06 7.11132e-06 -0.00165684 -1.80961e-05 0.00782896 -7.97103e-05 0.00708998 0.000240495 -0.0002603 -1.04435e-07 -0.0284238 -0.00141961 0.00114271 0.210888 0.000974287 0.00137803 4.14576e-05 -0.00422494 -0.00256171 0.0189892 0.000926415 7.45966e-05 0.000998933 0.000979378 -0.00171776 0.00873514 9.82115e-06 0.00789337 0.00332042 8.33803e-05 4.14448e-06 -0.0504561 -0.00414832 0.00585862 0.000185835 -0.0189143 -0.000335363 0.00106864 0.000340551 -4.33281e-05 0.000119673 0.00820083 -0.000612023 0.000110262 1.36148e-06 7.5412e-05 -2.53282e-06 -2.05814e-06 -0.025902 0.000163942 0.000988858 0.000801756 0.00238404 0.000722477 -5.19565e-05 0.000446201 0.000170948 7.90212e-06 -0.0443944 -0.000739209 -0.00712237 0.00040445 0.000240357 0.0119275 0.00147709 0.00144201 0.0011578 3.08526e-05 1.63289e-05 -0.00116839 -6.95059e-05 -2.14936e-05 -1.6267e-06 4.43788e-06 -2.78546e-05 8.22297e-06 7.16185e-07 0.000279205 -0.000431855 -5.88739e-06 0.00165128 0.00144502 0.00216072 -0.000196432 0.00099223 -1.30794e-05 -0.00601299 6.44327e-05 -0.00865115 5.40305e-05 -0.0483407 -0.00445939 -0.0476021 -0.00138771 -0.000658417 -0.00459942 -0.000113057 3.15389e-06 
2.12759e-05 0.000146389 -4.56157e-07 1.22494e-06 -0.00051361 9.16107e-05 0.00107971 -1.95564e-06 0.00507509 6.34163e-05 -0.000235438 1.09328e-05 -0.00615841 -0.000101379 3.45956e-05 0.000974287 0.0326453 0.000792493 1.54441e-05 -0.000213519 0.000131066 -0.00595131 0.000121193 2.73813e-05 3.9368e-05 -0.0001289 6.42426e-05 0.00359259 3.43605e-06 -0.000300833 0.000196559 -4.45486e-06 1.02667e-06 -0.00363376 -0.00186037 0.000891371 7.42339e-06 -0.00730209 -0.00011047 -4.7101e-05 0.000275959 -2.74221e-05 -3.89203e-06 0.00333752 -0.000106765 4.43026e-05 2.01478e-07 1.71471e-05 1.84342e-06 1.41946e-05 -0.0011814 1.98083e-05 -7.34878e-05 0.000185846 -0.000140713 -2.32303e-05 4.88985e-06 -0.00320182 4.26105e-05 -6.6626e-07 0.00152189 -7.96405e-06 -0.00372712 -8.11822e-06 0.000155004 0.000218633 -6.05e-05 0.00195789 -7.85594e-05 0.000137424 8.29231e-05 0.000135328 2.01833e-05 8.73333e-05 1.37741e-06 1.77532e-05 1.40827e-06 1.85767e-05 1.15636e-06 -1.0093e-05 -4.50118e-05 -2.39549e-06 -5.98371e-05 -5.98592e-05 -0.00672042 0.000725739 -7.22318e-05 4.97646e-07 -0.000462635 0.000654279 -0.0108651 6.46497e-06 -0.00757837 -0.000840198 0.00476493 0.00145115 0.00056875 -0.000656108 4.43508e-05 3.32134e-05 
-0.000265445 -0.000611534 -1.91874e-06 -5.05906e-06 -0.0130145 -7.8772e-05 0.000108384 -0.000310946 -0.000552055 -0.000280101 -0.000646047 -1.0253e-05 -0.00605953 0.000515976 -0.000539223 0.00137803 0.000792493 0.128276 -0.000237541 -0.0071167 0.000567284 0.00465613 0.000115496 1.0222e-05 -0.000467631 0.000196454 0.000396776 -0.019935 -7.53577e-06 -0.0177155 4.05096e-05 -3.50094e-05 -2.76899e-06 -0.0393319 0.000209376 0.000234505 -1.99899e-05 0.00977242 -0.000153316 2.54945e-05 4.53008e-05 -0.000184083 -0.000141106 0.00181068 -0.00151733 -0.000142787 -7.70757e-07 -4.64519e-06 -2.78643e-07 -1.77212e-05 -0.0140565 -0.000913403 -0.000424459 -0.000273256 -0.000670368 -0.000591709 -5.09744e-05 0.00165581 -7.84161e-05 -1.65182e-05 0.0178155 -0.00147692 -0.000554185 -0.000195369 -0.000195276 0.00284226 -0.00113065 -0.00289969 -0.000875893 -4.51097e-05 8.52696e-05 -4.96588e-05 -0.000250489 -0.000712967 -3.61836e-06 -1.85908e-05 -0.000117719 -5.85016e-06 -3.66146e-06 3.81503e-05 -0.00158346 -5.19573e-06 -0.00034826 -0.000153423 -0.00237324 -5.70488e-05 1.09241e-05 -1.01772e-05 -0.00724063 2.32093e-05 -0.00253032 -2.23292e-05 -0.0104637 4.50599e-05 -0.0150739 -0.000135391 -4.90356e-05 0.00395962 -0.000548112 -1.48838e-05 
2.59169e-05 2.18964e-05 -3.10086e-08 2.14639e-06 1.69988e-05 2.63186e-06 6.16051e-06 5.74203e-06 2.94107e-05 3.06178e-05 2.57263e-05 5.15659e-08 -0.000176216 -4.48833e-06 5.96274e-05 4.14576e-05 1.54441e-05 -0.000237541 0.00124644 6.14516e-05 -6.38538e-05 -0.000323178 -1.44895e-06 1.19514e-06 4.52899e-05 8.91344e-06 3.89924e-05 -1.42933e-05 3.75614e-06 9.90137e-05 -2.50096e-06 1.33872e-05 1.01682e-08 -6.25298e-06 -2.70287e-05 3.69883e-05 4.66118e-06 6.33902e-06 -1.64309e-06 9.24916e-07 9.00047e-07 1.21535e-06 2.70475e-05 -1.26148e-05 4.67694e-05 4.22015e-07 2.67302e-08 2.06493e-06 -1.10781e-08 1.69904e-08 8.06022e-05 1.4327e-05 -3.43823e-07 1.99383e-05 6.07276e-05 3.87237e-05 8.71443e-06 -6.75398e-05 4.21982e-06 5.54464e-08 -0.000318045 -1.14273e-06 -4.69742e-05 3.73043e-05 1.43404e-06 -7.48434e-05 3.638e-05 -7.73044e-05 3.56642e-05 4.57893e-07 -5.9331e-07 -7.57825e-06 4.07141e-06 1.39465e-05 5.77061e-08 8.1573e-08 7.7941e-07 6.40154e-08 -6.04446e-09 7.77341e-06 1.01929e-06 3.88362e-06 1.3385e-05 -5.89196e-07 -1.63569e-05 2.13832e-06 -1.64213e-06 3.20799e-10 3.11306e-06 2.19524e-05 -3.85996e-05 4.01158e-07 -0.000124921 -7.65897e-05 -0.000539523 -5.02735e-06 3.07859e-06 -7.87699e-05 3.59292e-06 -4.92459e-08 
-1.15167e-06 1.17345e-05 8.17712e-07 9.13521e-07 0.00942726 4.89701e-05 0.00712981 1.44331e-05 -0.000337204 2.59786e-05 -0.000329042 5.01926e-06 -0.00136813 0.000390962 7.15197e-05 -0.00422494 -0.000213519 -0.0071167 6.14516e-05 0.0264522 -0.000200821 0.00210445 2.58196e-05 -1.16333e-06 1.54667e-06 -1.32746e-05 6.14017e-05 -0.000874418 5.46691e-06 0.00481555 -2.15114e-05 2.1421e-05 1.03053e-06 0.00450924 0.000133366 4.57064e-05 2.66758e-05 -0.00760619 9.28196e-05 2.29534e-05 4.04301e-05 -1.50306e-05 6.75197e-06 -0.00022052 8.27539e-05 -1.00162e-05 2.35425e-07 -1.13526e-06 -2.41371e-07 4.40239e-06 -0.000904889 0.000168416 0.00019492 -1.12548e-05 0.000203468 -1.25759e-05 1.30463e-05 -0.00062726 0.000101317 5.18914e-06 -0.0111043 -3.86246e-05 -3.38092e-05 8.25543e-07 7.7154e-05 -0.00146809 -0.000171211 -0.000706708 -1.58068e-05 1.38142e-05 0.000186442 -0.000164932 -3.09635e-06 0.000132766 4.28098e-07 -4.51295e-07 6.80386e-05 -5.9698e-07 1.21635e-07 0.00020016 0.00154243 9.23753e-06 0.000187949 0.000179692 -6.85663e-05 -7.66156e-05 5.65154e-05 2.44264e-05 -0.000433173 0.000108094 -0.00767723 1.33135e-05 -0.00164569 -0.000161333 -0.010716 0.000227663 -9.5996e-06 -0.000770652 1.81076e-05 8.97019e-07 
-0.000877205 -0.000223245 -1.71082e-06 -6.57787e-06 -0.000275965 -1.88904e-05 -0.00178004 -0.00020341 -0.00135164 -0.00014172 -0.0029452 -4.4751e-06 0.00323216 -6.95449e-05 -0.00149052 -0.00256171 0.000131066 0.000567284 -6.38538e-05 -0.000200821 0.00596783 0.00229147 4.19464e-07 -1.50529e-05 -0.00120251 -0.00171913 -0.000139316 0.000152402 -1.76517e-05 -0.000294133 -0.00182635 -0.000136017 -2.9373e-06 0.000357043 0.00218583 -0.000379744 -0.000127598 0.00304256 -0.000124195 -0.0015498 -7.58194e-06 -0.000249903 -0.000169586 -0.000308653 -0.000238957 -2.43293e-05 -1.00427e-06 -5.17371e-05 -8.00389e-08 -2.58561e-06 -0.000674106 -0.000412841 -0.00160992 -0.000582 -0.00350883 -0.00101533 -9.55287e-05 0.00362931 -0.000203807 -1.17212e-05 0.00246317 -6.05069e-05 0.00030432 -0.000568855 -3.81963e-05 0.000238463 -0.00029611 0.000228581 -0.000742984 -1.30254e-05 -2.08432e-05 -0.000339145 -3.31713e-06 -0.000629615 -8.46892e-07 -1.07812e-05 -6.78734e-06 -1.73365e-05 -1.24255e-07 -0.000138347 -0.000230481 -1.87609e-05 -0.00217603 -0.00187228 0.00195208 -0.000331826 -0.00176375 -5.94956e-06 -0.000819834 -0.000346445 0.00111527 -5.09375e-05 0.00323739 0.00281317 0.00243122 -0.000171934 -8.07724e-06 0.00329595 -2.32171e-05 -1.11931e-05 
-0.000772503 -0.00139508 2.25584e-06 -6.36213e-06 0.00339755 3.87742e-05 -0.000380106 -0.000412759 -0.00134352 -0.000106396 -0.00651159 -1.27224e-05 -0.00145056 -0.0017386 -0.00122033 0.0189892 -0.00595131 0.00465613 -0.000323178 0.00210445 0.00229147 0.155762 0.000213115 2.29942e-05 -0.00104483 -0.000797175 -0.00315769 -4.86374e-05 -1.50481e-05 0.00607905 -0.000550274 -0.000103979 -1.24498e-06 -0.0293521 0.000640796 0.000995559 -0.000206684 -0.00449295 -0.000667969 -0.000992283 -7.06999e-05 -0.000288988 -0.000150501 -0.000197438 -0.000639061 -6.39249e-05 -1.02763e-06 -5.64382e-05 -1.18665e-06 2.24096e-07 -0.050347 -0.00100806 -0.000871597 -0.000343366 -0.0030887 -0.000840219 -9.06178e-05 0.0133593 -0.000172198 7.97162e-06 -0.0223605 -0.00068374 -0.0016737 -0.000479898 -7.26512e-05 0.0013556 -0.00221592 -0.00803361 -0.0016827 6.86528e-06 -9.36533e-05 -0.000950736 -0.000264487 -0.00234912 -5.20801e-07 -1.48223e-05 -7.54282e-05 -1.64825e-05 -1.15152e-07 0.000140759 0.000208147 5.82727e-07 -0.00151127 -0.00146075 -0.00319625 -0.00154804 -0.00125277 -1.00732e-05 -0.007304 -0.00101543 0.000106826 -5.58109e-05 0.0018034 0.00128417 -0.0350913 -0.00154072 -0.000184095 0.00318892 -0.000216001 -1.43669e-05 
-1.41075e-06 3.43729e-06 6.6156e-07 7.68727e-08 0.000152438 4.62324e-05 6.60971e-06 -1.40806e-06 0.000344489 1.6816e-06 -1.73119e-05 1.52409e-06 -0.00128733 4.40445e-05 1.1538e-06 0.000926415 0.000121193 0.000115496 -1.44895e-06 2.58196e-05 4.19464e-07 0.000213115 0.00181211 1.0889e-05 6.68017e-06 4.56677e-06 -4.26809e-06 0.00099882 9.43751e-08 -5.93229e-06 3.57297e-05 -2.09205e-07 2.036e-06 -0.000249231 -4.61783e-05 0.00104641 7.7981e-07 -0.00111915 -4.73666e-06 7.61746e-07 1.14948e-05 2.96978e-06 2.28739e-07 0.00116448 -6.20784e-06 2.46526e-06 6.8577e-08 2.87402e-05 2.05519e-08 1.55471e-06 -0.000204483 1.94636e-05 1.46532e-05 6.45876e-05 -2.42365e-07 1.07171e-05 1.83638e-06 2.41621e-06 1.82424e-06 2.23973e-07 -0.00103487 8.29562e-07 -0.00116688 -9.63272e-07 1.07543e-05 8.84566e-05 -1.2106e-05 0.000755949 1.0943e-05 8.03093e-05 3.67441e-06 4.99622e-05 6.34091e-07 -2.13042e-06 -1.30346e-08 3.01562e-06 9.4183e-07 1.16125e-05 1.69787e-06 6.04964e-06 1.84138e-05 2.00069e-06 2.35608e-05 5.35332e-05 -3.42428e-05 7.35877e-06 9.4718e-07 1.76521e-07 -3.06363e-05 9.35368e-08 -0.00126561 6.3544e-06 -0.00134425 -0.000305721 0.000167019 -8.17023e-06 -1.22219e-06 -0.000407562 5.68292e-06 2.5217e-06 
-3.3169e-07 2.81282e-06 2.37662e-07 -2.48876e-09 -1.94784e-06 4.44964e-08 4.54151e-06 -1.63706e-07 2.20512e-05 2.95812e-07 7.15637e-06 3.09637e-07 -7.19552e-05 4.69868e-06 7.19564e-06 7.45966e-05 2.73813e-05 1.0222e-05 1.19514e-06 -1.16333e-06 -1.50529e-05 2.29942e-05 1.0889e-05 0.000228205 7.33869e-06 3.29711e-05 3.6229e-06 6.73895e-05 6.7592e-07 -3.69997e-06 3.19619e-05 9.32377e-08 2.10316e-07 -3.34343e-05 -1.44236e-05 3.76808e-05 1.99954e-07 -0.000111086 7.81784e-08 1.06523e-05 5.41979e-06 9.01255e-07 1.07625e-06 5.14786e-05 -4.37076e-07 6.9703e-08 -5.98032e-10 -2.47445e-08 -2.02616e-09 -1.0305e-08 -1.35196e-05 3.21773e-06 1.22999e-05 1.44261e-06 1.45259e-05 2.0819e-06 1.59355e-06 -3.53211e-05 7.47987e-07 1.06649e-07 -0.000121359 -3.63645e-07 -7.928e-05 1.32084e-06 6.35885e-07 -7.84677e-06 4.42445e-06 9.71508e-06 1.27783e-06 9.02877e-07 2.03013e-06 3.17915e-07 -5.56576e-08 -6.32083e-07 1.50278e-08 -6.41858e-09 -6.47321e-08 4.90655e-07 -1.10552e-09 1.7529e-06 1.03621e-06 2.25262e-07 1.16516e-05 7.96036e-06 -4.50022e-05 6.95651e-06 1.25506e-05 1.32418e-07 -2.90884e-07 1.75427e-05 -7.81546e-05 2.89159e-07 -0.000101577 -1.71001e-05 -3.47421e-05 6.06963e-06 2.4942e-06 -1.36445e-05 -1.35777e-07 3.7766e-07 
0.000668444 7.13555e-05 3.56248e-07 4.16226e-06 9.45174e-06 4.62984e-06 0.000949269 9.22083e-05 0.000925143 0.000129081 0.00114413 2.09657e-06 -0.00130576 4.90699e-06 0.000990039 0.000998933 3.9368e-05 -0.000467631 4.52899e-05 1.54667e-06 -0.00120251 -0.00104483 6.68017e-06 7.33869e-06 0.00162408 0.000191435 -1.36787e-05 2.06908e-05 1.18238e-05 2.99896e-05 0.000242694 3.20284e-05 2.45161e-07 -0.000275988 -0.000387051 0.000174501 2.28775e-06 -0.00136005 -4.10535e-06 0.000140149 8.18407e-06 0.000120612 8.91482e-05 0.000112026 0.000122777 3.20515e-07 5.95738e-07 1.35628e-05 -1.44399e-08 2.93989e-06 9.18993e-05 0.000177221 0.000179061 0.000459417 0.00110694 0.000739524 1.81389e-05 -0.00120939 8.54926e-05 1.2443e-07 -0.00107467 5.20341e-05 -0.000186295 0.000396015 8.73166e-06 -9.51411e-05 6.53687e-05 -9.27202e-05 0.000550237 1.37021e-05 6.98459e-06 -3.39426e-06 -6.39285e-07 0.000324066 5.4832e-07 5.3759e-07 5.79534e-06 1.73631e-06 -7.87878e-09 1.07514e-05 1.52546e-05 4.59492e-06 0.000416419 0.000190299 -0.00109144 8.41422e-05 0.000150799 -7.77901e-08 0.000363573 0.00024205 -0.000650505 2.49944e-05 -0.00140098 -0.00107095 -0.000690921 5.38826e-05 -4.34673e-06 -0.00124618 2.52808e-06 1.90581e-06 
-3.19287e-07 9.14599e-05 2.68002e-06 5.40146e-08 9.90363e-05 8.60876e-07 0.00115394 7.31224e-07 -3.99934e-05 3.01052e-06 0.00133113 1.42128e-06 -0.00157922 0.000149922 -3.03751e-06 0.000979378 -0.0001289 0.000196454 8.91344e-06 -1.32746e-05 -0.00171913 -0.000797175 4.56677e-06 3.29711e-05 0.000191435 0.00480567 0.000250159 -0.000219049 1.3665e-06 0.000295641 0.00208369 8.15611e-06 1.32616e-06 -0.000292872 -0.00220655 -2.12853e-05 9.91028e-05 -0.00245084 5.63891e-05 0.00132533 -9.29683e-07 -7.79538e-07 -8.05491e-07 6.6687e-05 1.50621e-06 7.18158e-06 -1.26519e-08 7.05467e-07 8.71347e-08 -1.80127e-08 -0.000143736 2.08539e-05 0.00147793 -8.00579e-06 0.00181915 1.53636e-05 5.85056e-05 -0.00200798 1.01621e-05 9.2837e-06 -0.00240107 3.28633e-06 -7.43592e-05 -7.67844e-07 1.46129e-05 -0.000253286 0.000103874 -0.000154767 -1.00096e-05 -1.23621e-06 3.19314e-05 0.00060714 -2.59559e-06 2.46462e-05 -3.46721e-08 2.16088e-06 2.51386e-06 2.13512e-06 -5.50588e-11 5.71939e-05 9.64798e-05 -5.49295e-07 0.00164641 0.00166232 -0.000311686 2.34146e-07 0.00175529 1.42411e-07 -6.505e-05 -9.37176e-06 0.000103573 -5.81046e-08 -0.00221776 -0.00138756 -0.00272191 6.87102e-05 -6.94593e-06 -0.00159141 -3.25187e-07 -1.90552e-07 
-1.20508e-05 -1.27953e-05 -7.24721e-08 -9.76263e-08 -0.000105741 -1.95617e-06 -0.000145669 -3.79805e-06 -0.000147816 1.23523e-05 8.42869e-05 2.14253e-07 -3.54474e-05 0.000175667 -3.67784e-06 -0.00171776 6.42426e-05 0.000396776 3.89924e-05 6.14017e-05 -0.000139316 -0.00315769 -4.26809e-06 3.6229e-06 -1.36787e-05 0.000250159 0.00887363 -0.00027351 7.35877e-07 -0.000321852 3.35016e-05 1.26687e-05 9.78297e-07 9.54791e-05 -0.000150355 1.73302e-05 2.68949e-05 0.000517949 7.13294e-06 6.67863e-05 2.87653e-06 -7.42843e-06 3.25731e-06 1.56251e-05 0.000128236 -2.85204e-06 -2.3459e-08 1.1145e-06 1.97187e-07 1.12432e-07 0.00173222 2.22649e-05 3.28099e-05 -1.51561e-05 0.000102942 -8.14688e-06 6.14579e-06 -0.00112414 -1.93968e-06 3.72204e-07 -0.00216868 0.000109345 -7.88341e-05 1.27227e-07 5.09121e-06 -0.000669415 0.000241261 4.58419e-05 -1.32102e-05 9.10447e-08 6.90734e-05 5.23872e-05 7.06675e-06 -1.68813e-05 5.52378e-07 1.91552e-07 -1.93924e-06 2.10601e-06 -4.33662e-08 1.07863e-05 3.77823e-06 2.70914e-06 5.22605e-05 4.60591e-05 -0.000103542 8.25071e-05 0.000102081 5.3385e-06 -0.000163267 -8.58533e-06 -0.00143464 -9.34964e-07 0.000318661 -5.2446e-05 -0.00183384 -4.57691e-06 2.98945e-05 -5.43409e-05 3.32569e-05 2.97002e-06 
-9.6188e-05 2.76525e-05 -7.02109e-07 -9.81674e-08 0.000120674 2.57991e-05 0.00258137 -3.35929e-05 0.00498954 3.14826e-05 0.00162489 1.40735e-05 -0.0115037 -0.000367806 6.28746e-05 0.00873514 0.00359259 -0.019935 -1.42933e-05 -0.000874418 0.000152402 -4.86374e-05 0.00099882 6.73895e-05 2.06908e-05 -0.000219049 -0.00027351 0.0743107 8.27695e-07 0.000163966 0.00114342 -1.07003e-05 3.4112e-06 -0.00631183 -0.0020022 0.00423313 0.000100339 -0.0212471 -2.10933e-05 -0.000129112 0.000314324 -4.01961e-05 -1.08779e-05 0.00687526 -0.000329533 -2.12001e-05 5.08181e-07 1.59077e-05 -4.84318e-07 3.14336e-06 -0.00631935 5.94219e-05 -4.18814e-05 0.000348359 -0.000127896 -7.43179e-06 2.06206e-05 0.000992585 2.7829e-05 -4.92703e-07 -0.0135268 0.000275907 -0.00655341 2.22777e-05 1.35468e-05 -0.00171746 0.000162823 -0.00102873 -6.28564e-05 4.43193e-05 0.000323761 -0.00041333 7.40857e-05 -0.000172284 -4.83814e-07 1.41733e-05 -2.05376e-05 1.30062e-05 2.35843e-06 0.000209347 3.45574e-07 -9.54536e-06 -4.92539e-05 4.27152e-05 0.00153548 8.58662e-05 -0.000164349 -2.02943e-06 0.00267576 0.000302313 -0.0135217 2.22008e-05 -0.00980444 -0.00118231 0.00295582 -0.000225701 0.000375504 -0.00235002 -3.46763e-05 1.76431e-05 
3.78091e-06 1.97416e-06 -8.06937e-10 6.96459e-08 2.48682e-07 8.4068e-07 4.63123e-06 3.90814e-06 4.99695e-06 1.96427e-06 1.45586e-05 -1.00017e-09 -2.00865e-05 1.53121e-06 1.60929e-05 9.82115e-06 3.43605e-06 -7.53577e-06 3.75614e-06 5.46691e-06 -1.76517e-05 -1.50481e-05 9.43751e-08 6.7592e-07 1.18238e-05 1.3665e-06 7.35877e-07 8.27695e-07 3.24756e-05 -8.40746e-07 3.18099e-06 4.12524e-06 1.2904e-08 -5.24661e-06 -4.48822e-06 3.07437e-06 -2.08745e-08 -2.19869e-05 -2.27435e-07 9.49147e-07 3.83384e-07 1.13363e-06 2.48711e-06 2.80109e-06 2.36479e-06 -2.32815e-08 -8.50889e-11 4.75531e-07 6.37838e-09 -1.46621e-09 5.91911e-06 6.76371e-06 1.32362e-06 4.87154e-08 1.76596e-05 4.09042e-06 6.45803e-07 -1.87445e-05 1.23547e-06 -2.37383e-09 -7.19996e-06 4.89225e-08 -7.48658e-06 1.06364e-05 3.41406e-07 -2.24033e-06 4.93672e-07 -2.87238e-07 1.13198e-05 4.44257e-07 -4.07688e-08 2.71834e-07 -1.8353e-08 3.88297e-06 3.31002e-08 -9.13244e-10 -9.21017e-09 -1.80386e-09 -1.57295e-10 1.26677e-06 4.76423e-07 1.37442e-07 7.05153e-06 1.59419e-06 -1.65893e-05 1.22444e-05 1.34564e-06 -1.55303e-09 1.81868e-06 1.9726e-06 -1.77417e-05 1.39989e-06 -2.10922e-05 -1.52329e-05 -2.09459e-05 3.87752e-08 -9.08823e-08 -1.9662e-05 -2.78555e-08 -1.28153e-09 
7.3076e-05 7.69114e-06 2.3117e-06 1.42088e-07 0.0105225 8.16867e-05 0.00719819 -2.9943e-05 0.00226443 6.1152e-05 -0.000412607 -9.57884e-07 -0.00370042 -0.000169359 -5.09755e-05 0.00789337 -0.000300833 -0.0177155 9.90137e-05 0.00481555 -0.000294133 0.00607905 -5.93229e-06 -3.69997e-06 2.99896e-05 0.000295641 -0.000321852 0.000163966 -8.40746e-07 0.0396732 -7.20951e-05 -5.60445e-06 -1.5379e-07 -0.00177875 -0.000344082 -0.000264116 6.01901e-06 -0.013212 0.000418459 4.80469e-05 7.44141e-05 -1.4345e-05 -7.83177e-06 0.000177618 6.0694e-05 3.43483e-05 4.04902e-07 2.7814e-06 -2.60703e-07 7.41489e-06 -0.00176966 0.000221081 0.000225413 1.40866e-05 -5.7604e-05 -3.99086e-05 3.14945e-05 0.00117565 2.28444e-05 2.02163e-06 -0.0223737 -4.27784e-05 -9.67414e-05 -1.57787e-05 0.000115677 -0.00171118 0.000906813 -0.00190372 -0.000138639 -5.53268e-06 -3.04463e-05 0.00028918 0.000104736 -0.000103885 2.66182e-07 -4.13775e-07 7.0432e-06 -2.15872e-06 2.25955e-06 0.000473161 0.000797892 4.31627e-05 0.000155268 7.56766e-05 -0.00297252 -0.000149905 -2.70905e-05 1.83809e-05 -0.000837908 0.000286356 -0.00354835 6.38681e-06 -0.00404686 -2.50017e-05 -0.00483792 -9.27703e-05 -6.29919e-05 -0.0014556 -1.10537e-05 4.33575e-07 
5.37e-05 0.000120262 1.68559e-06 1.41019e-07 6.99377e-05 -7.09032e-07 0.0015094 3.17682e-07 0.00020977 2.41061e-06 0.00139349 1.22674e-06 -0.00286268 2.34759e-05 3.56793e-05 0.00332042 0.000196559 4.05096e-05 -2.50096e-06 -2.15114e-05 -0.00182635 -0.000550274 3.57297e-05 3.19619e-05 0.000242694 0.00208369 3.35016e-05 0.00114342 3.18099e-06 -7.20951e-05 0.00538018 5.0611e-06 4.65182e-06 -0.000938479 -0.00201977 8.54573e-05 9.71897e-05 -0.00323144 -3.34791e-05 0.00135347 3.33376e-06 4.27963e-06 -8.53404e-07 0.000492179 7.33666e-06 6.25547e-06 -7.50607e-09 5.63226e-06 -4.80178e-08 3.05782e-07 -0.000316475 2.99512e-05 0.0015157 -7.94779e-06 0.00196508 5.81824e-05 4.98352e-05 -0.00183229 4.11654e-05 8.91127e-06 -0.00375791 2.22494e-05 -0.000415205 1.21865e-05 9.8943e-06 0.00109552 0.000230769 -0.000254878 -1.3515e-05 -9.71758e-07 7.88605e-06 0.000376123 1.27305e-06 4.9279e-05 -3.88398e-08 2.56122e-06 8.05919e-07 5.36954e-06 7.38003e-08 1.56174e-05 0.000107975 -3.31254e-07 0.00177225 0.00172352 -0.000266465 2.64474e-05 0.00167704 -5.20128e-08 -6.78166e-05 9.46824e-06 -0.000258586 1.88042e-06 -0.00377835 -0.00153083 -0.00290055 1.50412e-05 -1.01752e-05 -0.00186404 6.29362e-06 -2.0679e-07 
1.63529e-06 1.29027e-05 -3.63888e-09 6.18403e-07 1.13005e-06 -4.20282e-08 1.31576e-05 1.78731e-05 2.36771e-05 1.69729e-06 5.2033e-05 -4.51027e-09 -0.00013523 1.5375e-05 0.000125139 8.33803e-05 -4.45486e-06 -3.50094e-05 1.33872e-05 2.1421e-05 -0.000136017 -0.000103979 -2.09205e-07 9.32377e-08 3.20284e-05 8.15611e-06 1.26687e-05 -1.07003e-05 4.12524e-06 -5.60445e-06 5.0611e-06 0.000146432 1.28064e-07 -2.61349e-05 -1.41884e-05 0.000106615 1.75253e-06 -8.04091e-05 2.30438e-06 3.99889e-05 -4.99634e-08 3.24727e-05 3.82119e-05 5.76936e-09 8.28652e-05 3.53501e-06 2.89616e-07 6.05318e-06 -1.30002e-09 8.30055e-07 0.000115964 3.63062e-05 4.14058e-06 1.37364e-06 0.00013102 3.58032e-05 1.8516e-05 -0.000137229 5.55952e-06 -1.07048e-08 -0.000101369 -1.17443e-07 -3.48203e-05 3.67419e-05 2.23112e-06 -9.35422e-06 -9.64463e-07 -5.06466e-06 6.97927e-05 -2.09288e-08 2.96153e-07 -3.71181e-07 1.05706e-08 2.12073e-06 2.48948e-07 5.09215e-07 -4.15332e-08 9.51988e-08 -7.09322e-10 4.71674e-06 8.88206e-07 2.83434e-07 4.91161e-05 4.20476e-06 -9.31274e-05 6.92616e-05 1.13097e-05 1.1633e-07 -1.26819e-06 2.79431e-06 -9.58273e-05 2.84489e-07 -0.000128562 -0.000117921 -9.58363e-05 9.76101e-07 -1.996e-08 -0.000141503 3.69772e-06 4.4221e-08 
