0.00795495 -3.77265e-05 2.38398e-05 8.40872e-06 0.000355402 -0.000163928 -0.00136686 -0.00307773 0.000763915 -2.24659e-06 -0.000314605 -4.0468e-05 4.34495e-05 -1.2851e-05 -0.00199351 -0.000758165 -0.00345223 -2.68622e-05 -0.00132844 0.00252639 0.000486798 0.00342025 3.63416e-05 -9.32964e-05 0.00111528 -0.000289717 2.28255e-05 0.000514518 -0.00123553 -0.000431939 0.000290783 -0.00160497 -0.000347652 -0.0024467 -0.00270053 8.94403e-05 9.66357e-05 -2.67232e-05 -0.00164352 5.29317e-05 0.000326243 -7.60026e-06 0.000664384 0.000252834 0.000171477 -8.69752e-05 0.000311594 -1.99427e-06 7.263e-05 0.000139028 0.000418752 -0.00084025 3.15403e-06 0.0013067 0.000251141 1.39494e-06 -4.3977e-06 0.00139641 4.40724e-06 4.80824e-05 1.90454e-05 4.93359e-08 5.15842e-06 0.00108569 -0.00242738 0.000129021 0.000358577 2.41886e-05 -0.000104646 -0.000104467 0.00109009 -2.74261e-05 5.02037e-05 -0.000434763 1.38113e-05 -4.80835e-07 0.000110402 0.000132475 0.000454763 -8.88564e-06 0.000545374 -1.41301e-06 0.000420456 0.000607433 -2.3312e-05 -0.00203556 1.2702e-05 -2.22123e-06 0.0013752 -5.0255e-05 -0.000302606 -0.00016193 0.000210375 -1.47878e-05 2.31093e-05 0.000253067 -2.73406e-05 -3.11281e-05 4.25258e-06 1.727e-07 
-3.77265e-05 0.00588526 0.000214491 -7.47735e-08 -9.41623e-05 0.00222558 0.00202562 -0.00115987 2.05075e-05 0.000113055 -0.000165751 0.000520863 7.17944e-05 -2.84345e-05 -0.00215646 -0.000236412 0.000859119 8.07764e-05 -0.000644543 3.97027e-05 0.000103303 -0.000986031 -0.000107144 -0.00109004 0.000104695 -0.00102299 -2.7059e-05 0.000855922 0.00161076 -0.000759327 -0.00327975 0.00137744 -0.00347402 -0.00157271 -0.00102704 7.1123e-05 -9.71222e-06 7.1462e-05 -0.000115112 8.54535e-05 -4.73662e-05 3.56515e-05 0.00125062 -0.000379544 -4.13327e-05 0.000268857 0.00040164 -1.35546e-06 0.000850821 0.000104778 0.000121623 0.0020864 2.35265e-06 -0.00049349 -0.000318024 -8.5193e-08 7.06514e-05 -0.000410141 0.00092416 -3.7084e-06 -2.75161e-05 4.63643e-07 -1.47295e-05 -0.000444737 -0.00217994 -0.000301003 0.00185431 -2.31069e-05 -8.10867e-05 -6.44497e-05 7.92361e-05 0.000167086 -1.06977e-05 -0.000273354 -2.98056e-06 5.78352e-07 0.000718336 -1.48192e-06 -1.35223e-05 0.000320751 -0.000248922 -3.51755e-06 -0.000354427 0.000169178 4.53971e-05 -0.00282745 -0.000147361 3.2651e-07 -0.000209357 -5.97988e-05 -0.000329411 3.33473e-05 5.69743e-06 7.4935e-05 -8.84413e-06 0.00140961 1.64516e-06 -9.79016e-06 -9.12373e-06 6.46892e-07 
2.38398e-05 0.000214491 0.000939798 4.14525e-08 0.000156948 0.000573373 -0.00027893 -0.000286018 3.87704e-05 0.000134155 -3.01965e-05 0.000559119 8.55663e-06 -1.08203e-05 -0.000704237 -0.000454072 -0.000138578 0.000230533 -0.000799671 -3.14731e-05 2.12171e-05 -0.000238605 0.000111464 -3.14173e-05 0.000528328 -0.000481163 0.000104375 -3.63841e-05 0.000537815 -0.000844518 -0.000629271 0.000285291 -0.00070616 -0.00080398 -0.000619797 1.48626e-05 -2.13047e-06 4.9436e-06 -0.000369106 -5.90586e-06 2.14742e-06 1.15827e-06 0.000672162 0.000190283 4.69143e-05 0.000161994 -4.99314e-06 -3.98784e-07 0.00014223 0.00028804 6.49585e-05 0.000460148 9.15551e-05 1.0888e-05 -5.83587e-05 3.47304e-07 1.63295e-07 -0.000104891 0.000338127 8.14281e-06 -4.64535e-06 5.8867e-07 -2.52294e-06 0.000294557 -0.000439887 -4.61305e-05 0.000561911 2.08533e-05 2.13115e-05 0.000155388 -3.4784e-05 3.1908e-05 -2.34961e-07 5.47009e-06 -3.35906e-07 -1.307e-08 0.000700916 6.26509e-06 2.07603e-05 8.11528e-06 -8.95767e-07 -1.41619e-07 -6.179e-05 -9.04612e-06 1.28872e-06 -0.000804964 -5.77212e-05 2.55996e-06 0.00015741 6.41913e-06 -5.11589e-05 0.000145291 6.83676e-05 -1.74786e-06 3.78768e-06 -0.000154482 -7.34849e-06 0.000161391 7.04767e-06 1.34676e-07 
8.40872e-06 -7.47735e-08 4.14525e-08 1.26298e-05 5.42811e-07 -4.01117e-07 -5.9625e-06 -1.0264e-06 1.96372e-07 -1.71617e-08 -4.94749e-07 1.1636e-07 -3.03942e-08 8.1395e-09 -6.79699e-06 -5.13316e-06 -8.38584e-06 1.13151e-06 -8.19247e-06 8.32361e-06 1.80218e-06 5.31583e-06 3.07501e-06 -2.33843e-06 8.71172e-06 -2.60495e-07 1.31755e-07 2.93934e-06 -2.59173e-06 -3.44704e-06 -6.47901e-06 -2.8348e-06 -3.40022e-06 -9.56148e-06 -7.3964e-06 9.08811e-08 -5.13399e-08 -1.01682e-08 -4.84639e-06 -7.02576e-08 3.82994e-06 -1.28678e-08 2.23432e-06 -5.82136e-07 7.11864e-07 3.23591e-08 -6.30818e-08 2.05964e-08 -2.54335e-07 2.63264e-06 2.95615e-06 -1.55796e-06 -1.13117e-08 4.74766e-06 3.03583e-07 -2.59968e-10 -8.45915e-09 -7.49576e-07 -2.21525e-09 1.28155e-07 -6.23704e-08 -1.45001e-09 -4.21536e-08 3.51514e-06 -5.308e-06 -2.21554e-07 1.03654e-06 2.29672e-07 3.63095e-07 2.22054e-07 -1.26527e-06 1.30345e-09 1.39944e-06 -3.84389e-07 -9.07499e-09 -7.57295e-10 2.93102e-06 3.89105e-07 2.71981e-06 -3.08098e-08 5.04653e-06 1.23252e-08 -2.64501e-07 7.88982e-07 -4.7416e-08 -7.69576e-06 -1.0517e-06 -1.84395e-08 4.32204e-06 -6.6714e-08 -7.14159e-07 -3.15825e-07 4.37511e-06 -4.18169e-08 -8.36083e-09 2.10021e-06 -1.05959e-07 1.17288e-07 6.97396e-08 -2.05743e-10 
0.000355402 -9.41623e-05 0.000156948 5.42811e-07 0.0334169 0.00193937 -0.0154919 0.00722484 5.96151e-05 1.31881e-05 0.00177142 0.00293128 -0.000121839 -0.000231645 -0.00223765 -0.00321183 0.00330129 0.0037186 -0.00435129 0.00280394 -0.000173233 -0.00610045 -0.000298045 -0.00429638 0.0040341 -0.00152978 0.000326938 0.00175585 0.00956801 -0.00547378 -0.0161942 -0.00483757 -0.0112899 -0.0101857 -0.0142853 -8.21122e-06 -0.000130261 0.000106556 -0.00512727 0.000500202 0.000117918 1.16964e-05 0.00781236 0.0030494 0.000291094 -0.000295057 8.49575e-05 -4.90363e-06 -0.000237621 0.00397254 -9.29475e-06 0.00151955 0.000543375 -0.00317898 -0.00211148 3.01084e-06 -8.87074e-06 -0.00245247 -0.000181152 9.40193e-05 -0.000162362 6.82616e-07 -9.70542e-05 0.0166904 -0.0124463 0.00290124 0.00471249 -0.000111113 -0.000462233 -0.000387097 -0.00230547 4.7876e-05 0.000207273 -0.000916818 -9.85858e-06 7.07809e-07 0.0155161 4.05867e-06 -0.000126615 -7.48975e-05 0.0105204 -1.9171e-05 -0.00295147 0.00182519 -0.00010987 -0.01496 -0.00121352 -3.23439e-05 0.0111448 0.000706336 -0.00177056 -0.000155596 6.27956e-05 -4.26713e-05 0.000321011 -0.00603644 -0.000274826 0.00269005 -2.11579e-05 1.39279e-06 
-0.000163928 0.00222558 0.000573373 -4.01117e-07 0.00193937 0.0381025 -0.0046476 -0.0212837 0.000352166 0.00083808 -0.00166464 0.0051491 0.000130835 -0.000218187 -0.0249367 -0.00269532 -0.000406719 0.00270797 -0.0221927 -0.00404526 0.000311437 -0.00952697 0.000181544 -0.00139666 0.0201071 -0.00059598 0.000158639 -0.00142481 0.0232364 -0.0195297 -0.0243206 0.0260845 -0.0273404 -0.0242101 -0.0222529 0.000250312 -7.98492e-05 0.000482262 -0.0156515 -0.000230235 -0.000260951 0.000578043 0.024416 0.00415032 0.00254702 -8.87185e-05 -0.000200921 2.47903e-05 0.000899549 0.00249025 0.000450057 0.0286739 0.00298953 -0.00269505 0.00199854 4.99988e-07 0.000228516 -0.00227631 0.00508953 0.000215273 -0.000148478 -1.68515e-06 -0.000100811 0.00807686 -0.013758 -0.000766079 0.0211259 -1.72175e-05 0.000647054 0.0119026 -0.00457279 0.00033918 -0.000149791 -0.000916356 -9.65211e-06 -2.25902e-06 0.0174355 -1.25458e-05 -0.000101598 0.000676589 -0.00260855 -2.06334e-05 0.00276169 0.00476613 -0.000136482 -0.0322256 -0.00047333 0.000240173 0.0121671 -0.000187107 -0.00182927 0.00703032 0.000280946 -6.40431e-05 -4.01979e-05 0.00522735 2.39305e-05 0.00210188 9.37393e-05 -6.46334e-07 
-0.00136686 0.00202562 -0.00027893 -5.9625e-06 -0.0154919 -0.0046476 0.246979 -0.0670477 -0.0010088 -0.000556764 -0.0172435 -0.0038863 0.00158628 -0.00124854 0.0394268 0.0255236 -0.000138445 -0.00647205 0.0326445 -0.0107896 0.00247044 -0.0766244 -0.000112869 0.00450097 -0.0177673 0.00364021 -0.00172553 -0.000475476 -0.0376419 0.0159962 0.0375035 0.0582875 0.000111523 0.0184589 0.0325125 -0.000261123 0.00063287 -0.00131542 -0.0916432 -0.000828082 -0.00090727 0.000103255 -0.0161184 -0.0266878 -0.00357639 0.00331427 0.00170276 -8.3196e-05 0.00517325 -0.00407043 -0.000431175 0.0275761 -0.000322051 0.0147106 -0.00879642 -6.80963e-06 0.000241409 0.0140612 0.00014365 -0.00031588 0.000848103 -4.461e-05 0.00106053 -0.0201874 -0.0961274 -0.0210363 -0.0179317 -0.00117195 -0.00983728 -0.0113106 0.0253805 -0.000790124 -0.00178605 0.00865029 -0.000362575 -1.19822e-05 -0.0099329 -9.2096e-05 -0.000942615 0.000894507 -0.0235067 -5.77598e-05 -0.00320498 -0.00199331 0.00104132 0.0132857 0.0077837 1.02075e-05 -0.00118863 -0.00492647 -0.00105971 -0.000107694 -0.000806594 0.0013022 -0.000416887 -0.000965578 0.00321994 -0.00248861 -0.000621168 -7.03659e-07 
-0.00307773 -0.00115987 -0.000286018 -1.0264e-06 0.00722484 -0.0212837 -0.0670477 0.242257 -0.00170978 -0.000686318 0.00888207 -0.000777374 -0.00188756 -0.00247853 0.0368882 0.0118445 0.0157302 0.00175423 0.0311163 0.02958 -0.00162698 0.0100549 -0.0130918 -0.0213745 -0.0162643 0.00228176 0.000136529 -0.0131457 -0.0358 0.0109283 0.00367631 -0.113318 0.0383116 0.0231466 0.0414512 -0.000259409 -0.00171787 -0.000146506 0.0662337 -0.00285945 0.00200169 -0.000534748 -0.0119488 -0.0127383 -0.00420693 0.000225699 -0.00145615 -0.0001387 -0.00895461 0.00163519 -0.00118457 -0.0539331 -0.00249739 -0.0219047 -0.0159616 2.96374e-06 -0.000201674 -0.062058 -0.00323421 -0.000482885 -0.00271999 -4.32959e-05 -0.00135053 0.0208454 0.0624594 0.0153937 -0.0246879 -0.00129419 -0.0101257 -0.0149116 -0.0555273 -0.000337839 0.00183281 -0.00341376 -0.000330698 -2.68729e-05 -0.00733476 -0.000135845 -0.00179154 -0.00110901 0.0218159 -0.000306204 -0.0477272 -0.00528084 -0.00188074 0.0493149 -0.00981575 -0.000499693 -0.0137496 0.0027076 -0.0221768 -0.010654 -0.000756021 -0.000151653 -6.43373e-05 0.00289567 -0.00374756 0.00106604 -0.000308558 1.1082e-06 
0.000763915 2.05075e-05 3.87704e-05 1.96372e-07 5.96151e-05 0.000352166 -0.0010088 -0.00170978 0.00291795 2.40734e-05 2.56285e-05 -3.02292e-08 5.18964e-05 -1.68006e-05 -0.000952136 -0.000362702 -0.000403448 -4.39417e-06 -0.000449046 0.000411666 0.000755043 0.000572595 0.000614612 -0.000503324 0.000950678 -0.000106327 -2.08885e-06 0.000601315 -8.91302e-05 -0.000638441 -0.00126077 0.000442209 -0.000955128 -0.00216115 -0.00103253 1.9838e-05 8.28398e-06 2.83041e-05 -0.000192877 3.76677e-05 0.000102556 3.37838e-06 0.000461679 0.000234806 7.57061e-05 -2.45295e-05 6.87948e-06 1.89011e-06 5.23545e-05 8.50426e-05 0.000455114 0.000455503 -1.12009e-05 0.000460826 -1.1025e-05 7.19763e-07 1.93766e-05 0.000998352 0.000109386 2.67096e-05 -1.26886e-05 -2.95983e-07 -5.65413e-06 1.15734e-05 -0.00123548 -1.37752e-05 0.000422135 -9.17718e-06 4.24514e-05 -2.82969e-06 0.0017346 6.45884e-06 -2.24207e-06 -0.00016871 5.12722e-06 4.81193e-07 0.00021922 6.21536e-05 0.000205618 3.31944e-05 0.00027174 -1.22167e-06 -0.000138948 0.000188998 1.04504e-05 -0.00222468 -1.99636e-05 3.7184e-05 0.000418022 -9.30243e-06 -0.000122768 -5.81085e-05 5.88878e-05 -9.04944e-06 1.01618e-05 -3.96599e-05 -2.65851e-06 -9.68524e-06 -3.32789e-06 2.22327e-07 
-2.24659e-06 0.000113055 0.000134155 -1.71617e-08 1.31881e-05 0.00083808 -0.000556764 -0.000686318 2.40734e-05 0.00135696 -1.24525e-05 0.000202745 7.94982e-07 -1.01491e-05 -0.00106193 -0.000816586 -0.000110037 0.000139886 -0.00116316 -8.44616e-05 -2.44034e-05 -0.000134116 0.000351076 1.04068e-05 0.000949089 -0.000164111 -6.6208e-06 5.39149e-05 0.00079021 -0.00101974 -0.000900989 0.000601357 -0.00105647 -0.00115847 -0.00081329 1.19903e-05 -3.40676e-06 5.64421e-05 -0.000422061 1.80935e-05 1.6341e-06 2.90561e-06 0.000893996 0.000418218 0.000405625 4.00249e-05 -7.38586e-06 4.93359e-06 8.62729e-06 0.000200997 3.59085e-05 0.000760069 -8.67627e-07 5.81205e-06 0.000267989 6.8698e-08 1.32325e-06 0.000182196 4.9702e-05 2.42603e-05 -5.48014e-06 -2.9333e-08 -3.86845e-06 -1.00788e-06 -0.000402384 -7.14293e-05 0.000923342 3.53302e-05 0.000448082 0.000301406 -1.62906e-05 2.79729e-05 -4.0289e-06 6.26082e-05 1.34366e-06 1.05853e-06 0.000298895 8.45127e-09 5.45917e-05 5.22586e-05 -6.06029e-05 -7.19028e-07 0.000457486 0.000287967 4.84759e-06 -0.0011358 -4.78524e-05 3.00795e-05 -4.69509e-06 6.79069e-05 -5.59617e-05 1.03318e-05 2.15439e-05 -2.78556e-06 1.53321e-05 -5.71369e-05 -9.20963e-06 1.81651e-05 5.00361e-06 -2.21349e-08 
-0.000314605 -0.000165751 -3.01965e-05 -4.94749e-07 0.00177142 -0.00166464 -0.0172435 0.00888207 2.56285e-05 -1.24525e-05 0.0403053 -0.000114881 -0.000129557 0.000168366 0.00585059 -0.0110957 0.00555048 -1.80701e-05 0.00132768 0.0116439 -0.000637298 0.0021523 0.00247945 -0.00707126 -0.00148804 -0.00305274 -0.00023388 0.00180609 -0.00118858 -0.00172763 -0.0136142 -0.0103534 -0.0187002 0.0012724 -0.000973913 6.66997e-06 -0.000163147 0.000114337 0.0169388 0.00111772 6.82644e-06 -4.13546e-05 -0.00212339 -0.00230568 -0.000313136 2.74028e-05 4.5635e-05 -9.88934e-06 0.00236245 -0.000207937 1.74344e-06 -0.00557893 -0.000181146 -0.00379226 -0.00136536 -1.2939e-07 -1.68575e-05 0.00017456 -0.000320029 0.000246393 -0.000152041 -3.75056e-06 -0.000117864 -0.004701 0.00848356 -0.00233561 -0.00155109 -0.000147173 0.000532957 -0.00112563 0.00208542 0.000578407 2.49346e-05 -0.00177716 -9.79138e-07 1.78238e-05 -0.000850968 2.20345e-05 0.000682146 -1.45634e-05 0.0201273 -2.21445e-05 -0.00315542 -0.000501291 -9.43974e-05 -0.00724784 -0.00337855 -2.84427e-05 0.00243391 0.00277925 0.000884103 -0.000930057 -5.73194e-05 -0.000127962 -4.54948e-05 -0.00797054 -0.000134502 -0.000152463 -5.62056e-05 5.31254e-07 
-4.0468e-05 0.000520863 0.000559119 1.1636e-07 0.00293128 0.0051491 -0.0038863 -0.000777374 -3.02292e-08 0.000202745 -0.000114881 0.00839804 -1.38415e-05 -8.67103e-05 -0.00673158 -0.00469237 0.000234954 0.00417989 -0.00738213 -0.000894236 -2.72362e-05 -0.00218235 -0.000276388 -5.40477e-05 0.00600958 -0.00166073 8.75222e-05 -0.000377207 0.00555534 -0.00793756 -0.00576306 0.0018177 -0.00656408 -0.00605734 -0.00566411 1.45728e-05 -3.17456e-05 3.37361e-05 -0.00338396 -5.20968e-05 -3.68439e-05 7.39307e-05 0.00757063 0.00213737 5.73187e-05 0.000304099 -4.77892e-05 -2.86747e-06 0.000322168 0.00439367 1.51357e-05 0.00262168 0.000582779 -0.000794917 -0.000457384 2.339e-06 -2.07278e-06 -0.000997739 0.00128862 7.19096e-06 -4.07927e-05 3.90761e-06 -2.77186e-05 0.00549338 -0.0040242 -0.000460222 0.00645749 -2.83755e-05 0.000221881 0.00228011 -0.0011246 2.69391e-05 0.000179605 -0.000241646 -5.83243e-06 -4.87848e-07 0.00713286 6.37933e-07 5.15033e-06 7.4532e-05 -0.000107098 -3.16677e-06 -0.000579801 5.44473e-05 -3.0429e-05 -0.0073299 -0.000716799 3.23043e-05 0.00112814 -3.72995e-05 -0.000477299 0.00181092 3.24722e-05 -2.20261e-05 1.04777e-05 -0.00166961 -6.65335e-05 0.00393215 3.63599e-05 2.53606e-08 
4.34495e-05 7.17944e-05 8.55663e-06 -3.03942e-08 -0.000121839 0.000130835 0.00158628 -0.00188756 5.18964e-05 7.94982e-07 -0.000129557 -1.38415e-05 0.00397412 6.52723e-05 -8.93802e-05 6.98336e-05 -0.000473278 -3.53037e-05 -7.02921e-05 -6.54806e-05 -9.90174e-06 -0.000781539 -1.75691e-05 -0.000470195 0.00011407 4.75637e-05 -1.91796e-05 0.00010684 -0.000780197 -0.000103059 -0.000191063 0.00107574 -0.00064416 -0.000134572 0.00036714 -3.27721e-06 -1.28253e-06 -1.10518e-05 -0.000729669 3.35121e-05 -2.11912e-05 5.24515e-05 3.17157e-06 -0.000284866 -2.4369e-05 1.33353e-05 7.18216e-06 -1.89105e-06 7.96677e-05 -2.31686e-05 6.39049e-05 0.000188581 0.000109297 -2.47271e-05 -2.82819e-06 -8.21284e-08 -2.29906e-06 0.00123175 7.24728e-05 6.20614e-05 7.09594e-05 -4.0475e-07 1.02291e-06 -0.000537057 -0.00122909 -0.000215411 -0.000105655 -5.95914e-06 -3.38908e-05 0.000126814 0.000919643 -9.55772e-06 -1.73764e-05 0.00013677 6.35971e-06 1.74237e-08 -4.53968e-05 3.90427e-06 7.4011e-06 4.14333e-05 -0.000178953 1.12873e-06 -9.62316e-05 4.72542e-05 3.50818e-06 -0.00061318 0.000155981 -6.2869e-07 -0.000349403 -1.63707e-05 -0.000132519 8.78886e-05 3.05157e-05 1.27926e-05 5.92697e-06 -0.000699993 0.000178779 -1.1212e-05 -2.61729e-06 -6.49978e-08 
-1.2851e-05 -2.84345e-05 -1.08203e-05 8.1395e-09 -0.000231645 -0.000218187 -0.00124854 -0.00247853 -1.68006e-05 -1.01491e-05 0.000168366 -8.67103e-05 6.52723e-05 0.0129084 0.000400895 -0.000300521 -0.0021139 -3.02597e-05 0.000197493 -0.000822254 7.72835e-05 -0.00148805 0.000544611 0.00319234 -0.000367849 -0.00100359 -3.96558e-05 0.0024399 -0.000717838 0.00022876 -0.000447646 -0.000457231 -0.00158257 1.04581e-05 -0.000618997 7.98797e-06 -2.17437e-05 -2.04908e-05 -0.00128502 1.76909e-05 0.000229569 -8.44577e-06 -0.000762306 0.00147389 -4.11621e-05 0.000142714 5.45407e-05 -7.36347e-07 0.00229946 -5.99915e-05 -2.19399e-05 -0.00132437 3.28683e-05 -0.000525356 0.000785715 -1.45886e-07 -4.53687e-06 0.00252521 -0.000103961 5.73843e-05 0.000391187 -1.36494e-06 -2.75571e-05 -0.00165995 -0.00153174 -0.00015847 -0.000578616 -2.27374e-05 -0.00024422 -0.000293049 2.47802e-05 -3.39276e-05 0.000268649 -0.000361961 -7.93129e-06 1.44909e-06 -0.00073019 4.48093e-07 -1.85445e-05 6.36703e-06 -0.000221223 1.39554e-05 -0.000283068 -8.51467e-06 -5.92013e-05 -0.00273113 0.00174017 4.4401e-05 -0.000573966 -7.35008e-05 -0.000566173 -0.000227621 -1.82265e-05 0.000199828 0.000158623 -0.0016336 -6.99164e-05 -4.95047e-05 -1.19514e-05 3.96935e-07 
-0.00199351 -0.00215646 -0.000704237 -6.79699e-06 -0.00223765 -0.0249367 0.0394268 0.0368882 -0.000952136 -0.00106193 0.00585059 -0.00673158 -8.93802e-05 0.000400895 0.13398 0.0271368 0.0260724 -0.00778372 0.0507913 0.00739475 0.000568625 -0.029229 0.000762395 -0.0140627 -0.0292853 0.00154291 -0.000196241 -0.00213796 -0.0509634 0.0239826 0.0234663 -0.00880883 0.0222319 0.0304317 0.0399143 -0.00024982 -0.00171737 -0.00092623 0.013072 -0.00118262 0.00114586 -0.000470142 -0.0303814 -0.0178641 -0.00516229 -0.00288035 0.0006146 -0.000137503 -0.000598884 -0.00483828 -0.000696019 -0.0180044 -0.00230876 0.00255919 -0.0350142 -5.32936e-06 1.75663e-05 -0.0176239 -0.00558257 -0.000277662 -0.00117768 -7.45184e-05 -0.000235172 -0.00524557 -0.0180869 -0.00528936 -0.0388435 -0.000945906 -0.0147028 -0.0212887 0.0134432 -0.000764952 0.000257671 9.85437e-05 -0.000540702 -1.03934e-05 -0.0163002 -6.91604e-05 -0.00160854 -0.000388698 0.00863022 -0.000332685 -0.0214949 -0.00640901 -7.52945e-05 0.0352172 -0.00337663 9.01876e-06 -0.00370851 -0.00030809 0.00057496 -0.00914836 -0.000778818 0.000186329 -0.000541413 -0.0421168 0.00086389 -0.00372026 -0.000689595 -5.06979e-07 
-0.000758165 -0.000236412 -0.000454072 -5.13316e-06 -0.00321183 -0.00269532 0.0255236 0.0118445 -0.000362702 -0.000816586 -0.0110957 -0.00469237 6.98336e-05 -0.000300521 0.0271368 0.0497743 0.0175266 -0.00772495 0.029571 -0.0013713 0.000623258 -0.0234861 -0.00285817 -0.0140816 -0.0106492 0.00453484 0.000220895 -0.00465902 -0.019345 0.00888003 0.0165534 0.00921672 0.0233252 0.00583591 0.019015 -0.000237305 -0.00082019 -0.000522774 0.00191981 -0.00288742 -0.000323597 1.67634e-05 -0.0100891 -0.00545162 -0.00278715 -0.000996888 -0.000181972 -0.000138854 -0.00272095 -0.004334 -0.000315668 0.00522055 0.000118893 0.00340009 -0.0223644 -3.32867e-06 2.19256e-05 -0.0148351 8.62913e-05 -0.000365917 -0.000773472 -8.73121e-05 0.00011731 0.00134636 -0.0126738 0.00138249 -0.0225753 -0.00118537 -0.016455 -0.00877577 0.00287301 -0.00116762 -0.000318909 0.00253127 -0.000548993 -2.58001e-05 -0.00248741 -0.00018984 -0.00150381 0.000113359 -0.0108942 -0.000297094 -0.0192818 -0.00138581 -0.000172135 0.0203274 0.0036278 -6.53815e-05 0.00358627 -0.00268968 -0.00309358 0.000306901 -0.000111205 -1.15903e-05 2.22328e-05 -0.00751284 7.40065e-05 -0.00408164 -0.000197704 -1.32422e-06 
-0.00345223 0.000859119 -0.000138578 -8.38584e-06 0.00330129 -0.000406719 -0.000138445 0.0157302 -0.000403448 -0.000110037 0.00555048 0.000234954 -0.000473278 -0.0021139 0.0260724 0.0175266 0.131512 -0.00283045 0.0221123 0.00701842 -0.00028793 -0.0048403 0.00187361 -0.0956599 -0.00686441 -0.00112167 -0.000100085 0.00498826 0.00966741 -0.000170824 -0.0272566 0.00875205 -0.00667647 0.0022722 0.0243719 -0.000241641 -0.00171051 0.000353103 0.0576711 0.000153884 -0.00272559 6.6423e-06 -0.00248499 -0.0189057 -0.0042021 -0.00233381 0.000386117 -0.000124218 0.00296033 -0.000194162 -0.000454194 0.00493752 -0.000649682 -0.00266816 -0.0420784 -8.46883e-07 9.34722e-05 -0.0213092 0.000834508 -0.00022259 -0.00262178 -6.53255e-05 -0.000148369 0.0063122 -0.0413548 0.00794898 -0.0130986 -0.00237523 -0.0126535 -0.00768574 0.0138285 -0.000249981 -0.00204905 0.00823628 -0.000543305 -1.23795e-05 0.00548967 -0.00024694 -0.00149015 0.00026383 0.00558498 -0.000419239 -0.0352746 -0.000508598 -0.000114571 0.00337499 -0.0238152 -0.00011091 0.00707246 0.000466666 -0.00606236 -0.00203749 -0.00074646 -0.000628898 0.00026407 0.00079538 0.000427745 -0.000546667 -0.00108164 -4.03903e-06 
-2.68622e-05 8.07764e-05 0.000230533 1.13151e-06 0.0037186 0.00270797 -0.00647205 0.00175423 -4.39417e-06 0.000139886 -1.80701e-05 0.00417989 -3.53037e-05 -3.02597e-05 -0.00778372 -0.00772495 -0.00283045 0.0149572 -0.00829955 -0.00133135 -3.62639e-05 0.000934833 -0.000400407 0.00237424 0.00586163 -0.000654745 -5.55182e-05 0.000158497 0.00574379 -0.00456935 -0.00561329 -0.00196574 -0.00611509 -0.00364576 -0.00818938 1.12892e-05 -1.71342e-05 4.8848e-05 -0.00314208 -5.46035e-05 9.32381e-05 -1.10339e-05 0.00529769 0.00196131 8.26592e-05 0.000159691 -5.03293e-05 2.14703e-05 -0.000240691 0.00440205 5.41652e-05 -0.0013029 -3.19204e-05 -0.00129142 0.00224864 3.31738e-06 -6.38567e-06 -0.000605503 -8.15834e-05 -2.8229e-06 -5.86119e-05 1.3693e-05 -3.89041e-05 0.00461764 -0.00121209 0.000674476 0.00783368 0.000487878 0.00208331 0.00191111 -0.00145427 -1.4705e-07 0.00132874 5.8194e-05 4.53871e-05 3.36267e-06 0.00354597 3.98935e-07 1.66305e-05 -2.37263e-05 -0.000396909 7.35975e-05 0.000922856 0.000414815 -6.2196e-05 -0.00678064 -0.00118246 2.34328e-05 -0.00127516 0.000441917 -0.000757375 0.000748065 -4.57224e-06 -1.00659e-05 0.000209355 -0.000795745 -0.000118558 0.00408449 4.5713e-05 9.25599e-09 
-0.00132844 -0.000644543 -0.000799671 -8.19247e-06 -0.00435129 -0.0221927 0.0326445 0.0311163 -0.000449046 -0.00116316 0.00132768 -0.00738213 -7.02921e-05 0.000197493 0.0507913 0.029571 0.0221123 -0.00829955 0.0655606 0.0053064 0.000651315 -0.0161412 -0.000605172 -0.0174805 -0.0299095 0.0014657 -0.000380066 0.00114185 -0.0348561 0.0246227 0.0247466 -0.0134918 0.0294324 0.0279867 0.0400739 -0.00038337 -0.000636548 -0.0012513 0.0203684 -0.000173469 0.0002132 -0.000362716 -0.0314002 -0.0165018 -0.00530442 -0.000362369 0.00032174 -0.000166069 0.000170406 -0.00535533 -0.000354574 -0.016323 -0.00270387 0.00333316 -0.0250607 -3.28147e-06 2.78592e-05 -0.0125557 -0.00369007 -0.0005682 -0.000676045 -8.5252e-05 0.000170612 -0.0114335 -0.00588229 0.00183821 -0.0388597 -0.00120617 -0.0160437 -0.0225613 0.00812473 -0.000817916 -0.00021879 -6.03638e-05 -0.000576351 -2.05773e-05 -0.0186283 -0.000168477 -0.000950855 -0.000225077 0.00324428 -0.000342208 -0.0251435 -0.00559187 0.000150999 0.0352535 0.000872592 -0.00020576 -0.00794821 -0.000890944 -0.00100555 -0.00921626 -0.000898463 -0.000114041 7.44193e-05 -0.00560487 1.10412e-05 -0.00419741 -0.000639577 -2.04304e-07 
0.00252639 3.97027e-05 -3.14731e-05 8.32361e-06 0.00280394 -0.00404526 -0.0107896 0.02958 0.000411666 -8.44616e-05 0.0116439 -0.000894236 -6.54806e-05 -0.000822254 0.00739475 -0.0013713 0.00701842 -0.00133135 0.0053064 0.102623 0.000689553 0.00648576 -0.00140881 -0.0171298 -0.0027862 0.000489749 0.000494077 -0.00167114 -0.0285017 0.000310672 -0.017378 -0.0227137 -0.0153701 -0.00172521 -0.00838697 1.93544e-05 -0.00034795 0.000548907 0.01333 -0.000684283 0.00311735 -0.000109373 -0.000931113 -0.00696906 -0.000935633 -0.00108075 -5.7216e-05 -9.95902e-06 -0.00179395 -0.000317882 0.000373584 -0.00861382 -0.000321556 -0.00321097 -0.00722798 -1.98313e-06 7.83579e-05 -0.0111238 0.00126136 0.000323233 -0.000478396 -1.29961e-05 -0.000175591 0.00534351 -0.017452 -0.00329258 -0.00581038 -0.000415007 -0.0011547 -0.00236738 -0.00555899 -0.000162525 -0.000239722 -0.00723307 -6.54267e-05 1.28511e-06 0.00541431 0.000142922 0.000944954 -6.61772e-06 0.0286442 -5.08551e-05 -0.00974336 -0.00117891 -0.000315582 0.00665287 -0.00881107 -7.06511e-05 0.0206855 0.00170378 -0.0033429 -0.00224108 0.000373979 -7.72549e-06 -0.000142845 -0.0152134 -0.000311804 -0.000528047 -0.000157607 -6.81323e-07 
0.000486798 0.000103303 2.12171e-05 1.80218e-06 -0.000173233 0.000311437 0.00247044 -0.00162698 0.000755043 -2.44034e-05 -0.000637298 -2.72362e-05 -9.90174e-06 7.72835e-05 0.000568625 0.000623258 -0.00028793 -3.62639e-05 0.000651315 0.000689553 0.0189831 -0.00319471 0.00337157 -0.00261633 -3.35731e-05 0.000140974 -6.19638e-05 0.000152555 -0.00412508 6.58681e-05 -0.00352906 0.0011353 -0.00386733 -0.00376894 -0.00111362 2.37714e-05 0.000159736 -5.02864e-05 -0.00436808 -4.98508e-06 7.66036e-06 0.000114811 -0.000923861 0.00128182 0.000198744 -7.84792e-05 0.000132655 1.79395e-05 0.00208389 3.55641e-05 0.00050058 0.000754968 -3.99592e-05 0.00253492 -0.000958916 1.48155e-06 0.000120061 0.00297415 -3.78894e-05 -1.3371e-05 -8.7214e-05 -2.2224e-06 -6.17048e-05 -0.00168476 -0.00535533 -0.000196656 0.000305827 -7.20753e-05 -0.000393681 -0.000244282 0.00240876 -6.15208e-05 -3.44401e-05 -0.000934904 -7.48242e-06 6.5264e-07 -6.49797e-05 -3.69034e-06 1.65994e-05 0.000218552 -0.00126066 1.2657e-05 -0.000871067 0.000221028 8.70713e-06 -0.00606976 0.00138174 0.000118211 -0.0014296 -0.00014262 -0.00106932 -0.000445113 0.00028776 -1.40454e-05 3.69652e-05 0.0048994 0.000680589 -1.38546e-05 -1.90328e-05 8.13283e-08 
0.00342025 -0.000986031 -0.000238605 5.31583e-06 -0.00610045 -0.00952697 -0.0766244 0.0100549 0.000572595 -0.000134116 0.0021523 -0.00218235 -0.000781539 -0.00148805 -0.029229 -0.0234861 -0.0048403 0.000934833 -0.0161412 0.00648576 -0.00319471 0.205282 -0.00293068 -0.00671454 -0.000391835 -0.00120776 -0.00105281 0.00602821 -0.0292543 0.00667703 0.011548 -0.0632146 -0.00638321 0.00733174 -0.015189 -1.84748e-05 -1.34894e-05 0.000288415 0.0723231 -0.000201273 -0.00142219 -0.000269926 -0.00359517 -0.00739646 0.000367504 -0.00238206 -0.00111065 6.086e-05 -0.000103243 -0.00173519 0.000475691 -0.0417914 -0.00125244 -0.0105965 0.0136641 -1.92564e-06 -0.000155913 0.006271 -0.0016486 2.44157e-05 -0.000122234 5.06745e-05 -0.000764932 -0.0120547 0.045549 0.00982269 0.00602827 0.000339198 0.0115399 0.00380471 -0.0112519 -8.60505e-06 0.000230619 -0.0172544 0.000373548 1.71062e-05 -0.0154758 8.54388e-05 0.00209305 -0.000680632 -0.00285535 0.000230769 0.0083211 -0.00200126 -0.000618393 0.00371826 -0.0226989 -0.000272627 -0.0185213 0.000332202 0.0154738 -0.00629153 -8.863e-06 -0.000527276 -0.000406428 0.0262942 -0.000153943 -0.00111048 -0.000202967 -2.30354e-06 
3.63416e-05 -0.000107144 0.000111464 3.07501e-06 -0.000298045 0.000181544 -0.000112869 -0.0130918 0.000614612 0.000351076 0.00247945 -0.000276388 -1.75691e-05 0.000544611 0.000762395 -0.00285817 0.00187361 -0.000400407 -0.000605172 -0.00140881 0.00337157 -0.00293068 0.0339912 -0.00536239 0.000390765 -0.00176207 -0.000180364 0.00767624 -0.0034654 -0.00136887 -0.0162119 0.0011836 -0.00664544 -0.00571578 0.00475535 1.54835e-05 -9.36305e-05 -0.000114892 -0.00445027 0.00323446 -0.000242862 0.000102571 -0.00192688 0.00176558 0.000449545 3.32822e-06 -7.3178e-05 -1.59837e-05 0.00232511 -0.000193001 0.00077143 0.00443018 2.97842e-05 0.00665595 -0.0013083 -5.41869e-07 1.94858e-05 0.0063833 -0.000136196 0.000236831 -0.000165231 -1.92492e-06 -0.000104671 -0.00474476 -0.0058183 -0.00122438 -5.29171e-05 -2.66754e-05 -0.000390559 -0.00078477 0.0087745 -8.99446e-05 -6.27912e-05 -0.000954499 3.04312e-05 1.94941e-05 -0.00153378 1.12987e-05 0.000377009 0.000353777 0.000715397 1.11051e-06 -0.0017991 0.00086062 0.000418778 -0.015773 0.00393616 0.000247385 -0.00256682 0.00092696 -0.00104564 -0.000720988 0.000519032 -6.46653e-05 0.000185255 0.00655337 0.000800755 -0.000150584 -3.00415e-05 -1.90604e-07 
-9.32964e-05 -0.00109004 -3.14173e-05 -2.33843e-06 -0.00429638 -0.00139666 0.00450097 -0.0213745 -0.000503324 1.04068e-05 -0.00707126 -5.40477e-05 -0.000470195 0.00319234 -0.0140627 -0.0140816 -0.0956599 0.00237424 -0.0174805 -0.0171298 -0.00261633 -0.00671454 -0.00536239 0.157726 0.00275576 0.000947544 -0.000228367 -0.00685106 -0.00255036 0.00304354 0.0337586 0.00406702 0.00799104 0.00491329 -0.0286625 -8.24882e-05 0.000338672 -0.000255446 -0.071529 -0.00120378 0.000613996 -2.61456e-05 -0.000226975 0.0245543 0.0033392 0.000780523 -0.00057388 0.000101688 -0.00376613 0.000485418 -0.000405241 -0.0041151 -0.000544064 -0.0025362 0.0367472 -1.41915e-06 -7.42742e-05 0.0109201 -0.00160006 -0.000203862 0.00266984 5.2381e-05 -0.000511753 -0.0143847 0.0358291 -0.00834018 0.00991159 0.00233839 0.0117569 0.00514436 -0.0195003 0.000529513 0.00145024 -0.0118055 0.000336287 7.60484e-07 -0.00750462 2.81841e-05 7.28454e-05 -0.000412909 -0.0118019 0.000344633 0.0359334 -0.000562406 -0.000498317 0.00600204 0.0254374 0.00019225 -0.0181519 -0.00126241 0.00405964 -0.000887607 6.01341e-05 0.000537455 -0.000322659 -0.0160108 -0.000784413 0.000861837 0.000958428 3.80017e-07 
0.00111528 0.000104695 0.000528328 8.71172e-06 0.0040341 0.0201071 -0.0177673 -0.0162643 0.000950678 0.000949089 -0.00148804 0.00600958 0.00011407 -0.000367849 -0.0292853 -0.0106492 -0.00686441 0.00586163 -0.0299095 -0.0027862 -3.35731e-05 -0.000391835 0.000390765 0.00275576 0.0354574 -0.000544791 0.000100641 -0.000868944 0.0223107 -0.0215798 -0.0218049 0.0128955 -0.0201968 -0.0235746 -0.0242046 0.000202919 -1.74733e-05 0.000245027 -0.0132885 -0.000166042 1.71587e-05 2.33143e-05 0.024877 0.00752298 0.00386378 -0.000342331 -0.000211438 6.53202e-05 -0.000580941 0.00483526 0.000377542 0.0168581 0.00157653 -0.0021957 0.00764283 1.75227e-06 -2.18658e-05 0.00133089 0.00248237 0.000210498 -9.12837e-05 9.71367e-06 -9.66016e-05 0.0134358 -0.00839288 3.27828e-05 0.0235334 5.15447e-05 0.00564757 0.0134911 -0.00329215 0.00016866 7.13935e-05 0.00124978 0.000198106 -8.97281e-07 0.0175295 5.5083e-05 0.00010906 8.93355e-05 -0.00171138 4.93686e-07 0.00429713 0.00432421 -0.000162809 -0.029051 -0.001273 8.05313e-05 0.00849509 -0.000157187 -0.00196773 0.00751719 0.000590621 -0.00011317 6.52169e-05 0.00111524 -0.000234508 0.00371116 0.00025413 -3.26343e-07 
-0.000289717 -0.00102299 -0.000481163 -2.60495e-07 -0.00152978 -0.00059598 0.00364021 0.00228176 -0.000106327 -0.000164111 -0.00305274 -0.00166073 4.75637e-05 -0.00100359 0.00154291 0.00453484 -0.00112167 -0.000654745 0.0014657 0.000489749 0.000140974 -0.00120776 -0.00176207 0.000947544 -0.000544791 0.0158021 -0.00109164 -0.00675638 -0.00195117 0.00371257 0.00306097 0.00167696 0.00686941 0.0013884 -0.0020915 -0.000147423 -8.23875e-07 6.71004e-06 -0.00289989 -0.00260418 3.71222e-05 -1.94975e-05 -0.00150159 -0.000587463 -2.22554e-05 -0.000654162 -0.000950047 -1.31108e-07 -0.00410921 -0.000927392 -5.19845e-05 0.000752308 -0.000312929 0.000345468 -0.000185447 -4.34943e-06 -1.99668e-05 -0.00132517 -0.000396027 -0.000131829 8.8089e-06 -6.28287e-06 -0.000173945 -0.00347632 0.00593897 -0.00206452 -0.0012198 -6.67424e-05 0.000184701 -0.000331492 -0.00285397 -3.29237e-05 -0.000152628 0.000241003 -6.70877e-08 -4.75704e-06 -0.00163489 -5.63636e-05 -0.000302838 8.8305e-06 -0.00296533 4.60244e-06 0.00124669 -0.000140583 -0.000476142 0.00670624 0.00043418 -4.25394e-05 -0.000202942 -3.04584e-06 -0.000589234 -0.00067927 -1.0579e-05 -0.000111036 -8.15693e-06 -0.00135431 7.72485e-05 -0.000598806 -8.91739e-05 -5.02172e-06 
2.28255e-05 -2.7059e-05 0.000104375 1.31755e-07 0.000326938 0.000158639 -0.00172553 0.000136529 -2.08885e-06 -6.6208e-06 -0.00023388 8.75222e-05 -1.91796e-05 -3.96558e-05 -0.000196241 0.000220895 -0.000100085 -5.55182e-05 -0.000380066 0.000494077 -6.19638e-05 -0.00105281 -0.000180364 -0.000228367 0.000100641 -0.00109164 0.00563522 0.000174093 -0.000105672 -0.000408791 -0.000183118 -8.27633e-05 -0.00101156 -0.00055076 -0.000872574 2.45577e-06 -2.14739e-05 2.99771e-05 0.00104477 -1.16228e-06 -8.14183e-06 1.30326e-05 0.000116833 -3.60367e-05 -4.23536e-05 -5.38791e-05 2.14834e-05 -2.13721e-06 -3.61352e-05 1.61542e-05 -7.83877e-06 -0.000208367 0.000252007 -0.000311585 -0.000380902 1.26681e-07 3.22421e-06 -0.000642628 0.000344284 7.59896e-06 -1.85902e-05 9.62685e-07 5.08415e-05 0.00252974 -0.00190208 0.000770927 -0.000278516 1.71112e-05 -0.000115263 0.000204703 -0.000299862 -8.17873e-06 3.11526e-05 -0.000317378 -3.7288e-06 7.35198e-08 0.000393716 6.1161e-06 1.77311e-06 -1.25983e-05 0.000172253 -3.2505e-06 -0.000409409 2.53527e-05 0.000139907 -5.64889e-05 -0.000101525 5.49251e-06 0.0011759 -4.71059e-06 -9.38166e-05 0.000266984 -6.19742e-06 -1.51841e-05 3.73106e-05 -0.0011271 -4.61826e-05 -2.08175e-05 6.52287e-05 4.54346e-07 
0.000514518 0.000855922 -3.63841e-05 2.93934e-06 0.00175585 -0.00142481 -0.000475476 -0.0131457 0.000601315 5.39149e-05 0.00180609 -0.000377207 0.00010684 0.0024399 -0.00213796 -0.00465902 0.00498826 0.000158497 0.00114185 -0.00167114 0.000152555 0.00602821 0.00767624 -0.00685106 -0.000868944 -0.00675638 0.000174093 0.0448186 0.000637752 -0.000212156 -0.0159882 -0.00581922 -0.0170132 -9.42181e-05 0.00904925 1.73449e-05 -7.63548e-05 -0.000170436 0.0154255 0.00443156 -0.000310757 -4.51793e-05 -0.00301386 -0.00296293 -0.00032329 -0.000250601 0.00263395 -9.42408e-06 0.00972735 -0.000330725 0.000327608 -0.00522868 -0.000140178 -0.00281787 0.0013004 1.17529e-06 -1.80127e-05 0.0148261 -0.000338216 0.000177825 -0.000112192 7.23726e-06 0.000249556 -0.00392474 -0.0179373 0.00526514 -0.000934325 -0.000124048 -0.000445301 -0.00113696 0.0107601 -8.97601e-06 -0.000254307 -0.00203027 4.95674e-05 1.62801e-05 -0.00296241 -1.02089e-06 0.000575172 -1.50135e-05 0.00316482 -1.34553e-05 -0.00340255 5.63699e-05 0.000931154 -0.0218841 -0.00325883 9.27268e-05 -0.00472499 -0.000232117 -0.0019992 -0.000936871 -2.73271e-05 -0.000135237 0.000844243 0.00669841 -0.00019395 -0.000214717 -6.61805e-05 1.92054e-06 
-0.00123553 0.00161076 0.000537815 -2.59173e-06 0.00956801 0.0232364 -0.0376419 -0.0358 -8.91302e-05 0.00079021 -0.00118858 0.00555534 -0.000780197 -0.000717838 -0.0509634 -0.019345 0.00966741 0.00574379 -0.0348561 -0.0285017 -0.00412508 -0.0292543 -0.0034654 -0.00255036 0.0223107 -0.00195117 -0.000105672 0.000637752 0.20653 -0.0220119 -0.0972959 0.0428019 -0.0200189 -0.0279508 -0.0788264 0.00041404 -0.00075883 0.000359141 -0.0310286 0.0016066 -0.0019234 0.000409761 0.0314125 0.0234196 0.00323836 -0.000949741 -2.31429e-05 0.000101114 -0.00101415 0.00417044 0.000346151 0.044394 0.00186769 -0.00619019 0.00777814 7.46982e-06 -4.3278e-05 -0.0100775 0.00337593 0.000149535 0.000118972 3.00998e-05 6.08102e-05 0.0122608 0.000631953 0.00680253 0.0334288 0.000906795 0.00747646 0.0123345 -0.0270557 0.001378 -0.00119987 0.0201908 0.000361411 -8.4054e-06 0.0264684 -2.02767e-05 -0.000654092 0.000344637 0.000428079 -9.63145e-05 0.0140936 0.00625962 1.81982e-05 -0.037622 -0.0111831 -0.000183642 0.00700044 0.000445247 -0.0143892 0.0104927 3.43846e-05 -0.000589398 0.000455185 0.028368 -0.00216813 0.00308401 0.00034485 -3.48864e-06 
-0.000431939 -0.000759327 -0.000844518 -3.44704e-06 -0.00547378 -0.0195297 0.0159962 0.0109283 -0.000638441 -0.00101974 -0.00172763 -0.00793756 -0.000103059 0.00022876 0.0239826 0.00888003 -0.000170824 -0.00456935 0.0246227 0.000310672 6.58681e-05 0.00667703 -0.00136887 0.00304354 -0.0215798 0.00371257 -0.000408791 -0.000212156 -0.0220119 0.0379938 0.026612 -0.0117045 0.0197362 0.0264372 0.0226094 -0.000120715 0.000121003 -0.00116567 0.0117004 -0.0012953 -0.000748406 -0.000431913 -0.0294074 -0.0100362 -0.00434502 -0.000217956 -2.03922e-06 -1.97637e-05 -0.00152399 -0.00553316 -0.000309351 -0.0190437 -0.00243267 0.00323528 -0.000346942 -2.85575e-06 -1.20316e-05 -0.000332024 -0.00465396 -0.000566161 0.000187815 -1.25651e-05 9.29535e-05 -0.0175059 0.0126526 0.000871399 -0.0172535 4.01693e-05 -0.00126383 -0.0131827 0.00346758 -9.20904e-05 -0.000376843 -0.00313552 1.8194e-05 -3.57473e-06 -0.0260341 -0.000167934 -0.000119946 -0.000269453 -0.00457024 1.83283e-05 -0.000803424 -0.00256328 -6.48157e-05 0.0288444 0.00165615 -0.000110582 -0.0155972 -0.00104356 0.00111948 -0.00964227 -0.00036891 0.000121992 -5.71905e-05 0.00525785 0.000278122 -0.00400309 -0.000235692 1.67744e-07 
0.000290783 -0.00327975 -0.000629271 -6.47901e-06 -0.0161942 -0.0243206 0.0375035 0.00367631 -0.00126077 -0.000900989 -0.0136142 -0.00576306 -0.000191063 -0.000447646 0.0234663 0.0165534 -0.0272566 -0.00561329 0.0247466 -0.017378 -0.00352906 0.011548 -0.0162119 0.0337586 -0.0218049 0.00306097 -0.000183118 -0.0159882 -0.0972959 0.026612 0.216722 -0.0147796 0.0549075 0.0330135 0.0612569 -0.000595421 0.000647638 -0.00129409 -0.00189379 -0.0036095 -0.000230704 -0.000592064 -0.0370195 -0.00478454 -0.0035497 0.000438478 -0.0019511 -0.000101798 -0.00805653 -0.00446883 -0.00107568 -0.0506611 -0.00246243 0.00377088 -0.00216156 -9.19322e-06 -0.000366885 0.00189902 -0.00390346 -0.000786108 0.00113973 -2.61011e-06 0.000606707 -0.0303167 0.0219016 -0.0173293 -0.0281575 0.000838881 -0.00707673 -0.0115892 0.0183422 -0.00205655 0.000867569 -0.0235586 -0.000226563 -3.43348e-05 -0.0356845 -0.000124863 -0.000159153 -0.00116753 -0.0339614 4.56729e-05 0.00493692 -0.00608 -0.000230504 0.0615858 0.0168461 -0.00056957 -0.0277214 -0.00420568 0.0124518 -0.0123234 -0.00042939 0.0001732 -0.000877555 -0.0310146 0.000427348 -0.0030876 0.000170487 1.56332e-06 
-0.00160497 0.00137744 0.000285291 -2.8348e-06 -0.00483757 0.0260845 0.0582875 -0.113318 0.000442209 0.000601357 -0.0103534 0.0018177 0.00107574 -0.000457231 -0.00880883 0.00921672 0.00875205 -0.00196574 -0.0134918 -0.0227137 0.0011353 -0.0632146 0.0011836 0.00406702 0.0128955 0.00167696 -8.27633e-05 -0.00581922 0.0428019 -0.0117045 -0.0147796 0.192438 -0.0297128 -0.0263617 -0.0505698 0.000139652 -0.000587567 -9.83565e-05 -0.0709772 -0.00146453 -0.00137948 0.000636323 0.0120684 0.0124076 0.000863027 -0.00179982 -0.000825333 3.88423e-05 -0.00244016 -0.000687285 0.000374184 0.0850981 0.00298301 0.0301332 -0.0126353 -1.0833e-06 0.000207171 0.00439544 0.00388697 2.16684e-05 0.00157562 -2.52755e-05 0.00101407 -0.00655159 -0.0767741 -0.00816998 0.0131576 0.00099504 -0.00452881 0.00836222 0.00605718 -0.000438604 -0.00145285 0.00931459 -0.000149267 -9.06435e-06 0.0148328 -5.96692e-05 -0.000390317 0.00140873 -0.0169841 -9.16573e-05 0.0193656 0.0059718 -0.000662402 -0.021388 -0.00497453 0.000486381 0.0150213 -0.0022849 0.00640136 0.0109424 0.000231574 0.000162888 -0.000155491 -0.0150786 0.000445026 -0.000520166 0.000247817 -2.63669e-06 
-0.000347652 -0.00347402 -0.00070616 -3.40022e-06 -0.0112899 -0.0273404 0.000111523 0.0383116 -0.000955128 -0.00105647 -0.0187002 -0.00656408 -0.00064416 -0.00158257 0.0222319 0.0233252 -0.00667647 -0.00611509 0.0294324 -0.0153701 -0.00386733 -0.00638321 -0.00664544 0.00799104 -0.0201968 0.00686941 -0.00101156 -0.0170132 -0.0200189 0.0197362 0.0549075 -0.0297128 0.156988 0.0288185 0.0368014 -0.000449177 -5.00684e-05 -0.000526707 -0.0157767 -0.00300446 0.000400273 -0.000752523 -0.0215903 -0.00658242 -0.00356102 -0.00434992 -0.0029532 -6.47009e-05 -0.0121044 -0.00423607 -0.00128294 -0.0367081 -0.00331345 0.00786923 -0.0116853 -5.30581e-06 -0.000383958 -0.0192047 -0.00549491 -0.000697209 0.000114684 -1.73536e-05 -0.000327208 0.00558095 0.0272443 -0.00107687 -0.0318641 -0.000354625 -0.00972795 -0.0168368 -0.00478773 -0.00178735 0.000419071 0.00907343 -0.000379355 -3.59832e-05 -0.0236112 -4.31501e-05 -0.00182018 -0.00112259 -0.0212056 -0.000166499 -0.0139079 -0.0082538 -0.000280292 0.0585575 0.00835124 -0.000858678 -0.0188955 -0.00161897 -0.0116928 -0.00681782 -0.000334751 -0.00112187 -0.000539894 0.00252671 -0.00191736 -0.00361258 -0.000193153 3.96896e-07 
