0.235923 -0.000341423 -0.000153816 -0.0239458 -0.0203157 0.0468183 -2.10541e-05 -0.0273286 -0.000317112 -0.0674795 -0.0274785 0.0276343 0.0639159 0.052804 0.0404475 -0.00715394 -0.00693577 -0.00323942 -0.00118367 0.00227247 -0.0101269 2.25189e-05 -0.006439 0.0481652 -0.00596229 -0.0115895 0.0359312 -0.000631002 -0.0656199 -0.0351573 -0.00337166 -0.0295129 -0.0276439 -0.0411535 -0.0176297 0.00646353 -0.000391248 -0.000387627 -3.73517e-05 -0.00267514 -0.000335224 -0.0314418 0.000220825 -0.00156768 -0.0729506 -0.0153208 0.091691 -0.0018528 -0.000342614 -0.00235611 -0.00541488 0.0700669 -0.000708269 -0.0143332 -0.000167644 -0.00984961 0.00199218 -0.0019924 -9.00115e-05 -0.0144597 -0.00185726 0.0452137 -0.025275 -0.000381097 -0.0111035 -0.0228874 -0.0170303 -0.0559988 0.0769964 -9.20531e-06 -0.000851287 -0.000327394 -5.02515e-06 -0.00107573 -0.00197883 -0.11452 -0.0020333 -0.000619193 -0.000122463 -0.00159091 -0.00225468 -0.000866071 -0.00433507 -0.00372306 -0.000706396 -4.41961e-05 0.00175771 -0.00103254 -0.00186864 -0.017833 0.000663624 -0.0173785 -0.000170385 0.0383209 -0.00974142 -0.0719635 0.0559243 -9.62321e-05 -0.00109274 0.0649338 
-0.000341423 0.00119772 2.43114e-06 -2.64328e-05 0.000343418 -0.000241993 1.87662e-06 -3.24339e-06 8.01596e-06 0.000167032 8.15717e-05 -0.000581125 -0.000705869 1.62185e-05 -0.000511431 6.53163e-05 0.0001069 0.000253014 7.91167e-05 -3.20757e-05 4.16466e-06 0.000152588 -3.39135e-06 -8.17565e-05 4.62399e-05 0.00012583 -0.000578761 -5.36626e-08 5.04575e-05 0.000318473 -7.55598e-06 0.000104248 0.000139799 0.000538115 5.48093e-05 -2.37923e-05 2.69617e-05 8.55585e-06 4.55737e-06 -4.21003e-05 2.05074e-05 -8.48881e-05 -9.1528e-07 2.09626e-05 -4.06709e-05 0.000111917 -0.000287883 7.36481e-05 1.32762e-05 1.52527e-05 -4.38158e-05 -9.35494e-05 1.05469e-06 0.000390268 8.92538e-06 -1.1918e-06 -1.51019e-05 4.95127e-05 3.06316e-07 0.000131809 0.000355108 -0.000722728 5.99756e-05 2.37631e-06 -3.39062e-05 -6.97322e-05 5.93264e-06 1.60844e-05 -0.000490012 2.26823e-08 4.38609e-06 -1.84036e-06 2.79891e-07 1.50703e-06 -2.54432e-06 -0.000291444 3.37728e-05 2.29961e-05 2.49513e-06 7.65143e-05 8.88605e-07 1.13093e-05 -1.69622e-05 0.000141152 0.0002106 -6.66337e-08 -1.56748e-06 2.90876e-05 2.56413e-05 0.000149329 -7.85591e-07 0.000128598 4.22894e-06 -0.000646915 4.79447e-06 0.000344448 -0.00023336 6.00031e-06 -2.64978e-06 -0.000108861 
-0.000153816 2.43114e-06 0.000474162 0.000282959 0.000211457 -0.000121232 4.50895e-06 -1.17601e-05 6.63303e-06 -2.48101e-05 0.00023056 -0.000371946 -0.000257298 -3.69832e-05 -0.000136165 9.77835e-08 -6.59e-06 -4.63507e-06 0.000113096 -6.24859e-05 -8.18489e-07 5.76792e-06 1.61628e-05 0.000268903 -5.21585e-06 3.12903e-06 -0.000309451 -4.28402e-07 -0.000150708 -0.000134413 5.60006e-05 0.000257841 0.000230643 0.000233674 -1.6702e-05 -2.29227e-06 5.3328e-06 -3.53579e-07 2.48658e-06 5.80686e-06 3.24017e-06 3.4938e-05 3.30698e-07 7.29468e-07 -0.00029942 4.82897e-05 6.49082e-05 5.68171e-05 1.88419e-06 1.15387e-05 5.01891e-05 7.73077e-05 -8.67845e-07 -7.41712e-05 1.00206e-06 -9.84662e-06 -5.56116e-06 0.000104939 3.29539e-06 -3.87809e-05 -2.74022e-06 -0.000264438 -3.13764e-05 1.57126e-06 7.4015e-05 0.000262131 7.41065e-05 -0.000225163 -0.000220347 -1.85723e-08 2.6759e-06 8.24488e-06 1.31003e-06 1.61712e-06 0.000177266 -0.000163211 -2.51348e-06 1.81669e-06 4.59284e-06 0.000119416 0.000179737 9.64448e-06 -7.98261e-06 2.36345e-05 6.12107e-06 1.10221e-06 -4.8181e-07 2.90491e-05 -3.22512e-06 -0.00017603 8.81567e-06 8.49369e-05 1.72548e-07 -0.000325782 4.13071e-05 -9.37037e-05 -0.000142457 7.77106e-08 -1.13965e-06 -8.70604e-05 
-0.0239458 -2.64328e-05 0.000282959 0.0595429 0.0257496 -0.0109607 2.64488e-05 0.0408453 0.0002406 0.0130949 0.0445121 -0.0420634 -0.0494307 0.0100399 0.0102553 0.0097549 0.00274677 0.000417868 0.00133518 -0.0144162 0.0153384 -0.000127733 0.00149761 0.029269 0.00895358 0.0103226 -0.0513398 0.000703873 -0.0161746 -0.0178545 0.000705048 0.0438501 0.0512193 0.0482626 0.00201011 -0.00118383 0.00012219 0.000760852 2.90351e-06 0.0167146 0.000664395 0.0473731 -4.65775e-05 0.000945437 -0.0344439 0.00324691 -0.0141564 0.00280936 -9.31816e-05 0.00116328 -0.00190664 -0.00906214 -2.33726e-05 -0.0124609 0.000349033 -0.000456545 -0.000839506 0.000199843 -6.06151e-06 -0.0285015 -0.000309113 -0.0527243 -0.00120605 -5.75784e-05 -0.00146383 0.00253905 0.0239741 -0.0341568 -0.0337645 3.07967e-05 -0.000159231 0.000382653 1.16938e-05 -0.000308529 0.00403563 -0.020764 0.000660023 0.000214274 6.58397e-05 0.000382548 0.00409412 8.05462e-05 -0.000955101 0.000465837 8.1487e-05 1.31655e-05 -0.000141799 0.00076077 -0.000264082 -0.0228001 -0.000116691 0.00367195 -1.88712e-05 -0.0497632 0.0126403 -0.013996 -0.0128321 -3.38874e-05 1.41267e-05 0.0159086 
-0.0203157 0.000343418 0.000211457 0.0257496 0.112063 0.020777 6.23757e-06 0.015256 0.00027827 -0.0173904 0.029768 -0.0286892 -0.0405369 -0.00307352 -0.0088966 0.00691523 0.00338354 0.00310531 0.00149387 -0.000870371 0.00525098 0.00165561 0.0017575 0.0440862 -0.00181247 0.0150468 -0.0552119 0.000185324 -0.0362771 -0.0272672 0.00206385 0.0522204 0.0358707 0.0617961 0.026548 -0.00179123 0.000361372 1.26137e-05 9.44977e-05 0.0143237 -0.000120409 0.0391144 -1.09839e-05 0.00210921 -0.0430697 0.0256023 -0.00300138 0.00204462 -0.000167568 0.00403292 0.00948932 -0.0167415 0.00139122 -0.0192462 0.000176147 -0.00293955 -0.00140728 -0.000405115 -3.92558e-05 -0.0497427 0.000321489 -0.0692978 -0.00195061 -9.63165e-05 -0.00147764 0.00111681 0.00526353 -0.0589217 -0.0169278 -7.31593e-06 -0.000331596 6.37724e-05 1.28088e-06 -0.000528477 0.0052857 -0.0171264 0.000938604 0.000738221 0.000127202 -0.000854548 0.00438594 0.000549086 -0.000162681 -0.000893349 0.00273575 1.76921e-05 -9.04099e-05 0.00107028 0.00101068 -0.0425635 -6.25355e-05 0.0290299 0.000180448 -0.0766735 0.00317992 -0.0176321 0.0165191 0.000224461 -0.000295202 0.0475736 
0.0468183 -0.000241993 -0.000121232 -0.0109607 0.020777 0.203622 -3.88135e-06 -0.0196165 -0.000150459 -0.154301 -0.0264062 0.0328398 0.00999979 0.0420308 0.017213 -0.000453956 -0.00472234 -2.64935e-05 0.00201946 -0.00462917 0.00594585 -0.000104269 0.00924595 0.130959 -0.00417013 0.00827938 -0.0134189 -0.000108414 -0.130651 -0.0840027 -0.00292507 0.0197368 -0.0120387 0.0366559 0.018975 0.00934728 -0.000160147 -0.000256217 -5.45054e-05 -0.00324361 -0.000521782 0.00933226 0.000164448 0.00191968 -0.0976506 0.0208438 0.0577108 -0.000879475 0.00043465 -0.00188933 0.0255993 0.0232003 -0.000554431 -0.0651917 -6.7392e-05 -0.0017977 0.00690267 -0.00108684 -8.98524e-05 -0.13117 -0.00180441 -0.00199218 -0.014036 0.000233744 -0.00972787 -0.020739 -0.0108274 -0.143374 0.059667 -1.01809e-05 0.00033348 7.72864e-05 -3.67885e-06 5.67442e-06 -0.000283543 -0.0318378 0.00215922 -0.000753382 -6.56187e-05 -0.00120055 -0.00142232 -0.00049798 -0.00206376 -0.000382379 5.78845e-05 -1.26847e-05 0.00046882 0.00153568 -0.00125818 -0.0769022 0.000742628 0.0318275 -0.000166697 -0.00389271 0.000566389 -0.0495852 0.150146 -0.000357367 -0.000616403 0.139085 
-2.10541e-05 1.87662e-06 4.50895e-06 2.64488e-05 6.23757e-06 -3.88135e-06 5.84133e-05 5.70244e-06 4.41435e-07 -2.20765e-05 6.42591e-06 -2.50933e-05 -4.0792e-05 1.18581e-05 -1.92708e-05 -8.07597e-07 -9.51477e-07 -2.36593e-07 4.28571e-06 -2.64305e-06 9.32576e-06 1.99117e-06 -1.07493e-07 2.31209e-05 4.69156e-06 5.96826e-06 -3.77153e-05 -6.70355e-08 -2.67374e-05 -1.43341e-05 4.26138e-06 1.28166e-05 2.3523e-05 3.74723e-05 -2.43904e-06 -3.29041e-07 2.52206e-07 -5.99591e-08 2.39121e-06 4.2517e-07 3.92003e-07 2.1683e-05 -4.58869e-08 3.06626e-06 -2.17602e-05 3.24035e-05 -8.83536e-06 -1.47178e-07 8.38506e-07 1.03936e-07 2.63755e-06 -1.50068e-06 -1.21234e-07 -5.69538e-06 -2.84797e-08 -1.4433e-06 -7.06507e-07 2.12257e-05 5.45625e-07 -1.69124e-05 3.73229e-06 -4.05897e-05 -3.80554e-06 -7.45512e-08 2.56365e-06 6.06016e-06 3.25173e-06 -3.05716e-05 -2.89323e-05 2.86071e-07 4.43279e-06 5.6787e-07 1.58494e-08 -1.08767e-07 -1.76346e-08 -1.83315e-05 9.86146e-07 1.12688e-06 4.86542e-07 2.19567e-05 8.78111e-07 -1.41471e-07 9.34235e-07 -1.16991e-07 1.09392e-06 4.23108e-08 -2.12437e-07 1.65166e-05 -1.0537e-07 1.46014e-05 4.63615e-07 1.92304e-05 -2.69895e-08 -4.0934e-05 1.39687e-05 -1.16694e-05 2.75645e-06 -7.66296e-08 -1.42765e-07 3.63907e-07 
-0.0273286 -3.24339e-06 -1.17601e-05 0.0408453 0.015256 -0.0196165 5.70244e-06 0.0698545 -5.29393e-05 0.0201069 0.0449074 -0.0380156 -0.0376962 0.012141 0.0265664 0.0100142 0.00129898 0.000142325 0.000429526 -0.0178106 0.0108171 -0.00012567 0.00155807 0.0167497 0.0102534 0.00637695 -0.0406677 0.000751962 -0.00610111 -0.0234187 -6.5475e-05 0.032022 0.0440779 0.0368931 -0.00367473 -0.00125693 0.000456269 0.000658164 -2.07204e-05 0.0180842 0.0010892 0.0395278 -1.962e-05 9.64756e-05 -0.0246514 -0.00325875 -0.0182269 0.00215858 4.37498e-05 0.000729416 -0.00274114 -0.00995558 -3.56784e-05 -0.0171008 0.00025947 0.00364428 -0.000935977 -0.000165624 4.05838e-05 -0.0328752 -0.000127526 -0.041165 0.0142027 -1.23585e-05 -0.00255583 -0.00254994 0.0233404 -0.0218824 -0.0225432 2.66878e-05 -0.000145316 0.000346733 8.24952e-06 -0.000374531 0.00077541 -0.00781432 0.000384731 -1.16477e-05 6.4513e-05 -1.81267e-05 0.00150227 -8.27226e-05 0.00100518 -0.000316554 -2.50151e-05 -6.81535e-06 -0.000171589 8.83216e-05 -0.000497971 -0.0288963 -0.000140916 -0.00546728 -1.85761e-05 -0.0393136 0.0118489 -0.0170578 -0.0174466 -4.47204e-05 0.00109447 0.0119746 
-0.000317112 8.01596e-06 6.63303e-06 0.0002406 0.00027827 -0.000150459 4.41435e-07 -5.29393e-05 0.00213917 -0.00106161 -1.01203e-05 -0.00162178 -0.00108471 -0.000341787 -0.000869788 0.000405558 -3.04378e-06 0.000294625 4.33498e-07 -1.5548e-05 6.3785e-05 -1.97113e-06 0.000301566 0.000692209 1.57907e-05 0.000100442 -0.000982091 0.000113437 -0.000283713 -3.375e-05 0.000139957 0.000959844 0.000621689 0.000482161 8.1117e-05 -1.28477e-05 1.59888e-05 5.7363e-06 7.729e-06 2.88552e-05 1.51005e-05 0.000543199 5.27272e-06 3.93283e-05 -0.000596589 0.000317067 0.00099409 6.61232e-05 7.86128e-05 1.8216e-05 0.000844008 -9.10599e-05 1.89643e-05 0.000197628 -7.38477e-07 8.15247e-06 -2.77411e-05 0.000163557 6.09884e-06 -2.00006e-05 2.04504e-07 -0.000740389 -0.000134247 9.91375e-05 0.000181062 0.000349579 8.38666e-05 -0.000558507 -0.00115919 -6.41826e-08 2.56289e-06 3.42548e-05 2.3342e-08 -3.33411e-06 2.31545e-05 -0.00060613 -1.96791e-05 2.23023e-05 8.87248e-06 0.00024596 5.06438e-05 2.29497e-06 -3.07701e-05 1.65737e-05 -9.26917e-06 2.76192e-07 -7.57931e-06 0.000161761 3.88285e-05 -0.000351777 6.44023e-06 8.56922e-05 1.18936e-05 -0.0013489 0.00079658 3.49719e-05 -0.000254823 5.44524e-07 -5.06344e-06 0.000232168 
-0.0674795 0.000167032 -2.48101e-05 0.0130949 -0.0173904 -0.154301 -2.20765e-05 0.0201069 -0.00106161 0.21667 0.0303487 -0.0239238 -0.0109154 -0.0650127 -0.0199644 -0.00098692 0.00581423 -0.000286743 -0.0026426 0.00724996 -0.00487723 -0.000813998 -0.0109774 -0.151428 0.00376512 -0.00720419 0.0111721 -0.000306819 0.152735 0.0849115 0.00181542 -0.0174076 0.0121891 -0.0388779 -0.0160437 -0.00852793 -0.000280487 0.000217726 -1.37538e-05 0.00468944 -0.000480299 -0.00832301 -0.000363652 -0.0051394 0.123123 -0.022676 -0.0855242 0.00020873 -0.000757714 0.00125584 -0.0313901 -0.0525293 0.000390483 0.0565354 8.18477e-05 0.00576991 -0.0084596 -0.00418781 -9.19295e-05 0.120588 0.00171706 -0.00236899 0.0184521 -0.000314485 0.00747944 0.0133081 0.0104087 0.163877 -0.0639804 1.0029e-06 -0.000942612 -4.40951e-05 3.12424e-06 -0.000603053 4.26016e-05 0.056964 -0.00461812 0.000100128 5.10056e-05 -0.00317199 0.00101568 0.000517534 -0.00036491 -0.00123951 -9.97982e-05 -1.23511e-05 -0.00155954 -0.00179562 0.00156047 0.0752299 -0.00107272 -0.0333888 0.000116507 0.00345117 -0.00394581 0.0525843 -0.161032 0.000240943 0.000582946 -0.159355 
-0.0274785 8.15717e-05 0.00023056 0.0445121 0.029768 -0.0264062 6.42591e-06 0.0449074 -1.01203e-05 0.0303487 0.0972976 -0.0574537 -0.0429299 0.0167242 0.0229607 0.0102262 0.00357002 0.0018139 0.000815655 -0.0136838 0.0119622 -2.96029e-05 0.000793451 0.0185931 0.0103618 0.00898004 -0.0490687 0.000710099 0.00220376 -0.0191243 0.00262686 0.0356965 0.0529736 0.0406194 -0.0033187 0.000888669 0.000791505 0.000751908 -1.38891e-05 0.0244476 0.00110017 0.0417503 -7.61967e-05 -0.000519551 -0.0314576 -0.00388144 -0.0221797 0.00358706 -0.000110639 0.00358431 -0.00442733 -0.0111467 0.000947361 -0.0149156 0.000363662 -0.000585305 -0.00141406 -0.000710583 9.09974e-05 -0.0279762 0.000681371 -0.0563462 0.000135245 -6.9917e-05 0.000546018 0.00471329 0.0252429 -0.0224203 -0.0315868 2.74737e-05 -0.000288975 0.000637257 1.09519e-05 -0.000375943 0.00177185 -0.0115946 -0.000268975 0.000419468 9.59949e-05 -0.000365614 0.0032823 0.000461225 -0.00157813 0.000575712 0.00117435 -3.15431e-06 -2.36425e-06 0.000586493 -0.000567789 -0.0342446 -0.00011032 -0.00512171 -4.71731e-05 -0.0615842 0.0111283 -0.0138735 -0.0304492 0.00048117 0.000217785 0.0105415 
0.0276343 -0.000581125 -0.000371946 -0.0420634 -0.0286892 0.0328398 -2.50933e-05 -0.0380156 -0.00162178 -0.0239238 -0.0574537 0.153058 0.0628978 -0.00169837 0.034864 -0.0161863 -0.0106264 -0.0029331 -0.00156321 0.010078 -0.0133795 -0.000587886 -0.00564616 -0.0176234 -0.0118706 -0.00814009 0.0587644 -0.00103365 -0.0111135 -0.0277572 -0.00784873 -0.0458481 -0.05122 -0.0434597 0.00433277 0.000277742 -0.000693013 -0.000763457 -1.77479e-06 -0.0266325 -0.00120197 -0.0499812 3.00828e-05 0.000688812 0.0278814 -0.00164511 -0.00743639 -0.00349534 -0.00131828 -0.00477784 -0.00915353 0.0022746 -0.00152335 -0.0160071 -0.000335557 -0.00447593 0.00241419 -0.00338703 -0.000283037 -0.00956673 -0.00330958 0.0589515 0.00731843 -0.000622965 -0.022266 -0.02301 -0.0230445 0.0141744 0.0973546 -2.49723e-05 -0.000169352 -0.00120517 -1.09175e-05 -0.00105171 -0.0017224 0.0282834 0.00153191 -0.000800587 -0.000163484 -0.00463338 -0.00302902 -0.00103821 0.00250714 -0.000691789 -0.00171801 2.33958e-05 0.000185963 -0.00238648 -0.000799359 0.00381162 -2.76818e-05 0.00250621 -0.000165368 0.0779988 -0.0206311 -0.0281288 0.0466294 -0.000697396 0.000106818 -0.00411054 
0.0639159 -0.000705869 -0.000257298 -0.0494307 -0.0405369 0.00999979 -4.0792e-05 -0.0376962 -0.00108471 -0.0109154 -0.0429299 0.0628978 0.146498 0.00514319 0.0328484 -0.0143907 -0.00185876 -0.00711378 -0.00171419 0.013221 -0.0213565 -0.000876919 -0.00493435 -0.0265442 -0.0120849 -0.0237277 0.0787672 -0.000971033 0.00953332 -0.0187449 -0.0058792 -0.0653961 -0.0547807 -0.0673161 -0.0174402 0.00316603 -0.000643762 -0.000743564 -9.78646e-05 -0.0180181 -0.000910272 -0.0658383 0.000132163 -0.00045963 0.0269363 -0.0244565 0.0262973 -0.00389091 -0.000793922 -0.00291449 -0.0110601 0.0235795 -0.00103405 -0.0201518 -0.000360826 -0.00573534 0.00227659 -0.000692485 -0.000137801 0.0147822 -0.00153504 0.0776617 0.0059804 -0.000624923 0.000472169 -0.0251817 -0.0227138 0.0282768 0.0881095 -2.97393e-05 -0.000378429 -0.000901861 -9.61916e-06 0.00045131 -0.00471489 0.0145921 -0.00135731 -0.00099806 -0.000105009 -0.000271543 -0.00497151 -0.000191859 0.00198859 -0.00254253 -0.00208831 7.68582e-07 0.000494878 -0.00143473 0.000403724 -0.0053635 0.000193281 -0.0207625 -0.000245998 0.0781682 -0.0197253 -0.0278846 0.0245848 -0.000519953 -0.00021342 -0.00993905 
0.052804 1.62185e-05 -3.69832e-05 0.0100399 -0.00307352 0.0420308 1.18581e-05 0.012141 -0.000341787 -0.0650127 0.0167242 -0.00169837 0.00514319 0.169706 0.0621628 -0.000210242 -0.00377157 -0.00198224 -0.00075745 -0.0122808 0.00395848 0.000295701 -7.09765e-05 0.0737714 0.00367616 -0.000331549 -0.0089963 9.19039e-06 -0.0914579 -0.0682044 -0.00226647 0.0022152 0.0149638 0.0288205 -0.0107927 -0.00158379 0.000517841 -9.72402e-06 -7.37552e-05 0.00152443 0.00126947 0.0129317 -4.70442e-05 0.00107213 -0.109046 -0.00363806 0.0226441 0.000490146 -0.000411361 -0.00143343 0.00371957 0.0530019 -0.000444399 -0.0492573 0.00012092 -0.00322696 0.00183944 0.00161599 8.8154e-05 -0.0767866 -0.001179 -0.00729793 -0.0140172 -0.000191365 -0.00795117 -0.013586 0.00718618 -0.0909943 0.0477899 1.06764e-05 -0.000333449 -0.000355286 2.83591e-06 0.000107513 -0.00133128 -0.0560691 0.000689347 -0.000199705 -7.41562e-05 0.000800922 -0.00120533 -0.000512898 -0.00284043 -0.00156168 0.000114894 7.93166e-05 0.00134043 0.00101685 -0.00120199 -0.0321856 0.000353794 -0.00715034 -0.000146204 -0.0011089 0.00836738 -0.0521363 0.0579364 -0.000234693 -0.000594243 0.0865804 
0.0404475 -0.000511431 -0.000136165 0.0102553 -0.0088966 0.017213 -1.92708e-05 0.0265664 -0.000869788 -0.0199644 0.0229607 0.034864 0.0328484 0.0621628 0.247699 -0.000906168 -0.00945883 -0.00499288 -0.000793445 -0.0113906 -0.00383459 0.000497363 -0.00434349 0.0303695 0.00218389 -0.00983604 0.0125865 0.000255701 -0.0623049 -0.138061 -0.00320485 -0.0117883 0.0135816 -0.00290072 -0.0213956 0.0045975 -0.000250383 0.000265855 -0.000124674 0.00357156 0.000447982 -0.00616564 -2.17688e-05 0.00336517 -0.0705743 -0.0209961 0.00373912 -0.000448343 -0.0009131 -0.00226731 -0.0207847 0.0369906 -0.00081804 -0.0877589 -3.19684e-05 0.00364277 0.00534471 -0.00163486 -0.000179697 -0.0995673 -0.00340942 0.0148251 0.0182164 -0.000213445 -0.0184192 -0.0180632 0.0171618 -0.0582208 0.135234 2.52512e-06 -0.000642876 -0.000675208 8.37182e-07 -0.00145093 -0.00111081 0.00263966 0.00176531 0.000651773 -5.2821e-05 -0.0033372 0.000246225 -0.00110174 0.00194996 -0.00284657 -0.000750725 7.12815e-05 0.00136769 -0.00200316 -0.00340838 -0.0856712 -0.000123621 -0.0263981 -0.000184223 0.0254354 0.000304866 -0.0933607 0.0575904 -0.000450422 0.00083999 0.0552806 
-0.00715394 6.53163e-05 9.77835e-08 0.0097549 0.00691523 -0.000453956 -8.07597e-07 0.0100142 0.000405558 -0.00098692 0.0102262 -0.0161863 -0.0143907 -0.000210242 -0.000906168 0.02101 0.00280751 0.000582856 0.000141702 -0.00366981 0.00142073 0.000407718 0.00537331 0.0107926 3.17228e-05 0.00321527 -0.0171062 0.00023404 -0.0104971 -0.00591673 -7.65057e-06 0.0154179 0.0137285 0.0151298 0.000881945 -0.000222428 0.000359299 0.000132395 3.04216e-06 0.0110341 0.000171486 0.0176001 -1.38257e-05 -0.000133541 -0.0122572 0.00201323 -0.00165146 0.000847598 0.000501182 0.000238193 0.00457422 -0.000641689 -2.71962e-05 -0.00473312 4.2999e-05 -0.000519863 -0.000289227 -0.000135878 2.93012e-05 -0.0101209 -9.88718e-05 -0.0146692 -0.00126635 0.000250245 -0.000371429 -0.00142633 0.00689113 -0.0123486 -0.012022 7.68593e-06 -2.68845e-05 0.000902565 2.16295e-06 -0.000102862 0.00024341 -0.00718139 -0.000296919 5.22307e-05 9.49478e-06 -9.43578e-05 0.00114179 -4.9081e-05 -0.000305344 -0.000216877 0.000991664 6.40803e-06 -7.18676e-05 0.000139102 0.000543882 -0.00981284 -2.2367e-05 0.00278143 -6.35397e-06 -0.0163854 0.00336951 -0.00487931 -0.00438534 -1.67251e-05 -6.14296e-05 0.0109139 
-0.00693577 0.0001069 -6.59e-06 0.00274677 0.00338354 -0.00472234 -9.51477e-07 0.00129898 -3.04378e-06 0.00581423 0.00357002 -0.0106264 -0.00185876 -0.00377157 -0.00945883 0.00280751 0.0241754 0.00027687 -8.27314e-05 -0.00247317 0.00141428 0.00022768 0.000451609 -0.00292252 0.00109598 0.00209641 -0.00223983 0.00018039 0.00382706 0.00530838 -0.00018141 0.00128484 0.00177373 0.00228959 0.00176393 -0.000328182 1.87241e-05 0.000120756 1.3579e-05 0.000113013 2.56216e-05 0.00253705 -9.10939e-06 -3.87523e-05 0.00209386 0.000893115 -0.00415423 0.000695767 -4.6635e-05 0.00048088 -0.000718946 -0.00254952 4.65993e-05 -0.00342069 1.89109e-05 -7.11605e-05 -0.000299474 -0.000141111 3.33763e-05 0.00195115 3.69614e-05 -0.00574206 0.00119649 -6.09013e-06 0.00615716 -0.000682705 0.00176679 0.00195065 -0.0117623 7.3938e-07 -2.88849e-05 -6.90689e-07 4.94986e-06 -6.76058e-05 0.000538831 0.000498634 4.35731e-05 -6.86803e-05 7.8232e-05 -0.00010452 -7.1036e-05 0.000166778 0.000375562 -0.00017012 0.000439487 3.60927e-07 -5.28271e-05 -4.18485e-05 0.00316123 -0.00476451 -3.61039e-05 0.00122889 5.78984e-05 -0.0054779 0.000837595 0.0040127 -0.00679573 -2.74322e-05 0.000116551 -0.0046438 
-0.00323942 0.000253014 -4.63507e-06 0.000417868 0.00310531 -2.64935e-05 -2.36593e-07 0.000142325 0.000294625 -0.000286743 0.0018139 -0.0029331 -0.00711378 -0.00198224 -0.00499288 0.000582856 0.00027687 0.0106112 3.91718e-05 -0.000604903 0.000817236 0.000132388 8.35729e-05 -2.34322e-05 0.000922092 0.00309462 -0.00529438 -7.01938e-06 0.000518996 0.00304053 0.000569019 0.00303754 0.000106329 0.00227166 0.00370455 -0.000188949 3.65052e-05 0.000126401 2.70884e-05 0.000263215 6.62252e-07 0.00244972 -6.23559e-06 -8.48706e-05 -0.000380137 0.0020943 -0.00166241 0.000103109 0.000128023 0.000685751 0.00145557 -0.00119356 0.000417879 0.00365444 3.30656e-07 -0.000146698 -0.000144053 -5.08196e-05 1.63511e-05 0.000186121 0.00113436 -0.0057742 0.00123527 4.94712e-05 9.58021e-05 -0.00021697 -0.000438583 -0.000417158 -0.0060998 -1.64747e-07 -2.8364e-06 0.000269895 -1.50061e-07 -3.15853e-05 6.38499e-05 -0.00241159 9.38123e-05 1.76454e-05 -1.20391e-06 -1.72987e-05 0.000105318 7.25168e-05 -4.84569e-05 0.000338882 0.000146202 -4.20547e-06 -2.35202e-05 7.06588e-05 0.000299511 -0.000416469 -1.14928e-05 0.00214787 0.000149969 -0.00715101 -0.000155312 0.00337315 -0.00261791 0.000338243 7.61208e-05 -0.00135279 
-0.00118367 7.91167e-05 0.000113096 0.00133518 0.00149387 0.00201946 4.28571e-06 0.000429526 4.33498e-07 -0.0026426 0.000815655 -0.00156321 -0.00171419 -0.00075745 -0.000793445 0.000141702 -8.27314e-05 3.91718e-05 0.00743529 -0.000773071 0.000312629 1.73408e-05 0.000645677 0.00136962 1.22939e-05 0.000350017 -0.00163658 9.41419e-05 -0.00236359 -0.0015802 0.000609499 0.000551125 0.00196484 0.00198646 -0.000128585 0.00086152 9.92127e-05 5.44808e-05 -3.00503e-06 7.63445e-05 0.000163811 0.000188745 7.09209e-06 0.00109207 -0.00259734 0.000855715 -5.98974e-06 0.000350727 1.42578e-05 0.000439335 -0.000164715 -0.000904682 6.76328e-05 -0.00103742 4.44774e-06 -3.31282e-05 0.000576693 0.000500213 3.41742e-05 -0.00230075 6.02955e-06 -0.00279838 0.000476092 1.60615e-06 0.000719877 0.00146469 0.000852752 -0.00330468 -0.00135054 2.46949e-06 7.20348e-05 6.81413e-05 1.3752e-06 8.28592e-05 0.000137188 -0.00107319 -7.64715e-05 0.000153381 1.86484e-05 0.000278308 0.000187199 7.34109e-05 0.00010226 8.88306e-06 1.18646e-05 3.30166e-05 4.13202e-05 0.000328389 -4.86714e-05 -0.00206219 2.40629e-05 3.58279e-05 4.75562e-06 -0.0033811 0.000471402 -0.000897971 0.00197201 2.23729e-05 1.96278e-05 0.00238079 
0.00227247 -3.20757e-05 -6.24859e-05 -0.0144162 -0.000870371 -0.00462917 -2.64305e-06 -0.0178106 -1.5548e-05 0.00724996 -0.0136838 0.010078 0.013221 -0.0122808 -0.0113906 -0.00366981 -0.00247317 -0.000604903 -0.000773071 0.0443985 -0.0125717 0.000120479 -0.00201099 -0.0178135 -0.00774007 -0.00904275 0.0152853 -0.000926388 0.0200305 0.0146965 0.000102267 -0.0131408 -0.0146161 -0.0137368 -0.00454086 0.000235108 -0.000709401 -0.000730037 -1.95744e-05 -0.00391286 -0.000809157 -0.0146815 -0.000187208 2.3572e-05 0.0173361 0.000586067 -0.00130496 -0.00400358 -1.12455e-05 -0.000135624 -0.00125202 -0.00716538 -4.61112e-05 0.0104646 -0.000247777 -0.00242289 -0.00309576 0.000277379 -4.87565e-05 0.0234502 0.000213059 0.0151646 -0.00831954 -9.27714e-05 0.00162781 0.000945875 -0.00936533 0.0209402 0.00448717 -3.19347e-05 3.15147e-05 -0.000856458 -8.73519e-06 0.000177643 -0.00291415 0.00739458 -0.00481139 -0.000156265 -0.000122427 0.000190032 -0.00120758 1.95141e-05 -0.00402054 -0.00105281 0.000211889 -2.03947e-05 -0.000672539 0.00015978 -8.38314e-05 0.0206783 -0.000386194 -0.00120253 -4.57232e-05 0.0136932 -0.00349872 0.0105443 -0.00976351 -9.22789e-06 -0.00173525 -0.0062905 
-0.0101269 4.16466e-06 -8.18489e-07 0.0153384 0.00525098 0.00594585 9.32576e-06 0.0108171 6.3785e-05 -0.00487723 0.0119622 -0.0133795 -0.0213565 0.00395848 -0.00383459 0.00142073 0.00141428 0.000817236 0.000312629 -0.0125717 0.0281615 -1.24428e-05 0.0023595 0.0160794 0.00598046 0.0107617 -0.0236239 0.000782582 -0.0141029 -0.00939536 -0.000161302 0.0215455 0.0179225 0.0217539 0.00700079 -0.000298614 0.000241922 0.000697452 3.97956e-06 0.000783141 0.000640544 0.0201711 -2.18252e-05 -0.000223292 -0.0158651 0.0069354 -0.0042771 0.00314971 0.000148554 -0.000128811 0.00474181 -0.00361862 -2.5027e-05 -0.00675474 0.000252937 0.000256439 -0.000300321 -0.000181263 3.51385e-05 -0.0145013 -0.000142677 -0.0219231 0.000424696 -2.60198e-05 -0.00107369 -0.000710068 0.00863974 -0.0170546 -0.0139228 1.21027e-05 -5.72161e-05 0.000375648 4.78425e-06 -0.000120805 0.0025985 -0.00946957 0.0021645 -2.76022e-05 8.76368e-06 0.000245158 0.000768392 5.94568e-06 -0.000305989 0.00110317 -0.000105003 5.91115e-06 2.53283e-06 0.000683098 -0.000144014 -0.00946376 -3.25597e-05 0.0100094 -1.60128e-05 -0.0223124 0.00634249 -0.00682222 -0.00053916 -3.17051e-05 -1.31276e-05 0.00283739 
2.25189e-05 0.000152588 5.76792e-06 -0.000127733 0.00165561 -0.000104269 1.99117e-06 -0.00012567 -1.97113e-06 -0.000813998 -2.96029e-05 -0.000587886 -0.000876919 0.000295701 0.000497363 0.000407718 0.00022768 0.000132388 1.73408e-05 0.000120479 -1.24428e-05 0.00350533 0.000108256 0.000522821 -4.83273e-05 0.000412157 -0.00155519 -4.15061e-06 -0.00195707 -0.000911715 -1.69933e-06 0.00154836 0.000560503 0.00205968 0.00069663 -4.80311e-05 3.34429e-06 1.75942e-06 3.22735e-05 0.000264902 2.2085e-05 0.000156981 -1.83986e-06 9.00591e-05 -0.00196888 0.00115066 -0.000653282 0.000120069 1.69875e-06 -1.25695e-05 -5.48188e-05 0.000375104 3.82959e-06 -0.000532939 4.61503e-06 -3.90696e-05 -1.93362e-05 2.83144e-05 -2.74439e-07 -0.00153223 8.35999e-07 -0.00148408 -0.000198665 6.05072e-06 -0.000128393 -0.000263129 3.59371e-05 -0.00184394 9.04283e-05 -2.36589e-07 2.12587e-05 -2.13433e-06 2.00787e-07 -1.71343e-05 0.000144678 -0.00115272 0.00044071 0.000204071 8.46077e-06 2.11476e-05 0.00031486 8.00963e-07 0.000156518 -2.93173e-05 0.000499459 8.37669e-06 0.000268474 2.08939e-05 0.000194307 -0.000291455 1.69637e-06 0.00136978 2.09519e-06 -0.00169631 -7.36236e-05 -0.000818548 0.000437729 3.4689e-06 -1.00135e-05 0.000572792 
-0.006439 -3.39135e-06 1.61628e-05 0.00149761 0.0017575 0.00924595 -1.07493e-07 0.00155807 0.000301566 -0.0109774 0.000793451 -0.00564616 -0.00493435 -7.09765e-05 -0.00434349 0.00537331 0.000451609 8.35729e-05 0.000645677 -0.00201099 0.0023595 0.000108256 0.020899 0.0109617 0.000596642 0.00227199 -0.00827623 0.000438552 -0.0113137 -0.00649557 -1.7035e-06 0.00661927 0.00429198 0.00993212 -0.000304458 -0.000264051 0.00035607 3.93511e-05 -2.90662e-07 0.00248102 0.00011958 0.00879654 9.42387e-05 -6.32226e-05 -0.00725354 0.00299628 -0.00170753 0.000658808 0.000546497 1.80885e-05 0.00489952 0.000121444 -3.26357e-05 -0.0047604 -7.69117e-06 -0.000365775 0.000517847 -9.54672e-06 5.38529e-05 -0.00987319 -0.000106389 -0.00578559 -7.21684e-05 0.000270007 -0.000769348 -0.0011932 0.000914491 -0.0119738 -0.0028018 3.46706e-06 2.39372e-08 0.000267174 7.81242e-07 2.76461e-06 -6.80423e-05 -0.00262605 0.00107983 -3.59192e-05 1.35513e-05 0.000369852 4.46719e-05 -2.37436e-05 0.000183462 -0.000124846 0.000696208 2.13302e-06 -5.86661e-05 0.000551174 -5.6854e-05 -0.00812953 -5.16926e-06 0.00654787 -9.1173e-06 -0.00777462 0.00283543 -0.00506028 0.00580173 -1.68264e-05 -3.80301e-05 0.0103981 
0.0481652 -8.17565e-05 0.000268903 0.029269 0.0440862 0.130959 2.31209e-05 0.0167497 0.000692209 -0.151428 0.0185931 -0.0176234 -0.0265442 0.0737714 0.0303695 0.0107926 -0.00292252 -2.34322e-05 0.00136962 -0.0178135 0.0160794 0.000522821 0.0109617 0.219117 0.00357937 0.0189647 -0.0600564 4.77135e-05 -0.156406 -0.1061 -0.00312331 0.062229 0.0332987 0.0842368 0.020333 0.00801761 0.000494993 -0.000126086 -6.59965e-05 0.0175742 0.000347277 0.0514279 0.00017336 -0.00135322 -0.158264 0.0247032 0.070963 0.00224821 0.000454878 -0.000879224 0.0297328 0.0501564 -0.000647855 -0.0753969 0.000204599 -0.00732937 0.0014385 0.00194684 -5.45739e-05 -0.139451 -0.00190146 -0.0458529 -0.0216624 8.05776e-06 -0.00853616 -0.0131072 0.00776473 -0.186441 0.0363936 2.4131e-05 -0.000305063 0.000780648 6.5502e-06 0.000329746 0.00456822 -0.0841063 0.00415329 -0.000832149 -6.41917e-05 0.00355399 0.00361116 -0.000548602 -0.00229061 -0.000605642 0.000315029 -7.60501e-05 -0.000207857 0.00266613 -0.000790082 -0.110303 0.000393274 0.0394418 -0.000187621 -0.0537652 0.0106358 -0.0759048 0.123288 -0.000399976 -0.00080833 0.16209 
-0.00596229 4.62399e-05 -5.21585e-06 0.00895358 -0.00181247 -0.00417013 4.69156e-06 0.0102534 1.57907e-05 0.00376512 0.0103618 -0.0118706 -0.0120849 0.00367616 0.00218389 3.17228e-05 0.00109598 0.000922092 1.22939e-05 -0.00774007 0.00598046 -4.83273e-05 0.000596642 0.00357937 0.0155855 0.0031891 -0.0104714 0.000392411 -0.00324324 -0.00102605 0.0014439 0.00591179 0.00900375 0.00791718 -0.000311806 -0.000290357 3.33583e-05 0.000382906 -2.8087e-06 0.000321807 0.000320821 0.00825383 -1.00029e-05 -0.000127439 -0.00607264 -0.000695875 -0.00400367 0.000342925 6.52847e-05 -5.50377e-05 -0.000613037 -0.00126361 -2.48923e-05 -0.000758854 2.28894e-05 0.00126531 -0.000142949 -9.48653e-05 1.31893e-06 -0.00420802 0.000481966 -0.0102542 0.00188252 -6.11687e-06 0.000844207 0.00124465 0.00786453 -0.00439343 -0.0086202 2.41949e-05 1.49322e-05 0.000112892 8.91178e-06 -5.76066e-05 0.000432095 -0.00239478 0.000585234 -2.74212e-05 2.66375e-05 -3.41689e-05 0.000376678 0.000182518 0.000104613 0.000622497 5.77441e-05 -1.03934e-06 -2.12432e-05 6.85247e-05 -3.01449e-05 -0.00464982 -3.39047e-06 -0.0010766 2.12421e-05 -0.0112601 0.00548118 0.00022174 -0.00418288 3.023e-06 0.000541512 -0.00301376 
-0.0115895 0.00012583 3.12903e-06 0.0103226 0.0150468 0.00827938 5.96826e-06 0.00637695 0.000100442 -0.00720419 0.00898004 -0.00814009 -0.0237277 -0.000331549 -0.00983604 0.00321527 0.00209641 0.00309462 0.000350017 -0.00904275 0.0107617 0.000412157 0.00227199 0.0189647 0.0031891 0.0333581 -0.0261306 0.000280735 -0.0150852 -0.00969334 -0.000218406 0.024273 0.012169 0.0238726 0.0161332 -8.81488e-05 0.000694625 0.000194966 -7.63232e-06 0.00392833 0.000542108 0.0215378 -2.10309e-05 -0.000105229 -0.0149472 0.0144098 -0.00589709 0.00365132 -3.17337e-05 -0.000167605 0.00376354 -0.00429179 -4.66868e-05 -0.00683951 0.000231865 -0.000906487 -0.000409658 -0.000174547 3.16598e-05 -0.0154505 -0.000126894 -0.0243951 -0.00114386 -6.56503e-06 -0.00114708 0.000180656 0.00210741 -0.0183734 -0.0127705 2.07762e-05 -6.6303e-05 0.000899177 1.84662e-06 -0.000114966 0.00254926 -0.0111843 0.000830261 -6.98472e-05 1.08953e-05 1.16847e-06 0.00124094 1.47601e-05 -0.0001762 6.2296e-05 0.000326995 -8.62584e-06 -9.50807e-05 0.000122856 0.000429742 -0.011872 -5.09156e-05 0.016094 5.86734e-05 -0.0253666 0.00147448 -0.00772215 0.000172725 -2.07811e-05 -6.00159e-05 0.00588651 
0.0359312 -0.000578761 -0.000309451 -0.0513398 -0.0552119 -0.0134189 -3.77153e-05 -0.0406677 -0.000982091 0.0111721 -0.0490687 0.0587644 0.0787672 -0.0089963 0.0125865 -0.0171062 -0.00223983 -0.00529438 -0.00163658 0.0152853 -0.0236239 -0.00155519 -0.00827623 -0.0600564 -0.0104714 -0.0261306 0.103965 -0.000827845 0.0415763 0.0295358 -0.00307408 -0.0845972 -0.0594621 -0.0825472 -0.0245711 0.00106706 -0.000821664 -0.000756904 -9.93747e-05 -0.0231845 -0.00105845 -0.0768893 7.52292e-05 0.00013924 0.0588279 -0.0323487 0.00790029 -0.00437137 -0.001221 -0.00284786 -0.0199258 0.0106364 -0.000758136 0.0197157 -0.000412359 0.00109616 0.00154711 -0.000405772 -0.000158231 0.0494284 -0.000595235 0.085961 0.0049607 -0.000326758 0.00301638 -0.00037538 -0.0237934 0.0631744 0.0511477 -3.00302e-05 -3.81102e-05 -0.00104775 -1.14245e-05 0.000424417 -0.00614865 0.0380063 -0.0020065 -0.00107033 -8.78943e-05 -0.000593435 -0.00585299 -0.000367108 0.00100286 -0.000643833 -0.00241617 3.23748e-06 0.00020438 -0.00272837 -6.6498e-05 0.0338613 3.19418e-05 -0.0330829 -2.97927e-05 0.0929628 -0.0205157 0.021724 0.00433076 -0.000334088 0.00020092 -0.0395267 
-0.000631002 -5.36626e-08 -4.28402e-07 0.000703873 0.000185324 -0.000108414 -6.70355e-08 0.000751962 0.000113437 -0.000306819 0.000710099 -0.00103365 -0.000971033 9.19039e-06 0.000255701 0.00023404 0.00018039 -7.01938e-06 9.41419e-05 -0.000926388 0.000782582 -4.15061e-06 0.000438552 4.77135e-05 0.000392411 0.000280735 -0.000827845 0.0017152 -0.000741699 -0.000465031 3.05536e-05 0.00044664 0.00118 0.000863585 -6.67901e-05 -7.0731e-06 3.53994e-05 0.000208793 1.03783e-06 5.8096e-05 3.70873e-05 0.000535436 -3.09627e-07 0.000117722 -0.000566444 -4.25147e-05 -0.000351016 0.000134914 1.76604e-06 2.67388e-05 0.000274669 -0.000281253 1.31043e-05 -0.000352357 4.19235e-06 7.62071e-05 3.17712e-05 8.11086e-05 8.07309e-06 -0.000744629 -8.77452e-06 -0.00117085 0.000563273 5.5373e-06 -3.10606e-05 2.23252e-05 0.000701751 -0.000820797 -0.000700254 3.27776e-07 1.09435e-05 1.64679e-05 8.1263e-07 -5.46068e-06 -5.06272e-06 -6.79303e-05 4.34458e-05 1.42722e-05 3.98006e-06 -1.82966e-06 -6.49235e-06 4.00237e-06 2.03272e-05 3.41785e-05 -1.06912e-06 1.53364e-06 6.79318e-05 4.58817e-05 -1.15671e-05 -0.000689784 -6.37137e-08 -1.03348e-05 2.32069e-06 -0.00112669 0.000522667 -0.000326806 9.40801e-05 6.08283e-06 8.81196e-06 0.000167614 
-0.0656199 5.04575e-05 -0.000150708 -0.0161746 -0.0362771 -0.130651 -2.67374e-05 -0.00610111 -0.000283713 0.152735 0.00220376 -0.0111135 0.00953332 -0.0914579 -0.0623049 -0.0104971 0.00382706 0.000518996 -0.00236359 0.0200305 -0.0141029 -0.00195707 -0.0113137 -0.156406 -0.00324324 -0.0150852 0.0415763 -0.000741699 0.239986 0.114786 0.00353945 -0.0435232 -0.0242428 -0.077367 -0.019757 -0.00595205 -0.000540315 -0.000227084 -7.47091e-05 -0.00781944 -0.000905582 -0.0389439 -0.000357748 -0.00517851 0.149931 -0.0256825 -0.0644322 -0.00274937 -0.000319596 0.00165013 -0.0268625 -0.0631592 0.000653276 0.0760128 -0.00013917 0.00940417 -0.00711661 -0.00272548 -6.24078e-05 0.141772 0.00215928 0.0347417 0.0149939 -0.000215034 0.0145861 0.0247514 -0.0101996 0.18843 -0.0774424 -3.1972e-05 -0.000183808 -0.000446431 -6.56831e-06 -0.000331192 -0.00444349 0.0794897 -0.00732307 -0.000747766 5.52693e-05 -0.0013563 -0.00343017 0.000663406 -0.00381146 0.000938414 -0.000898592 -0.000162666 -0.00183242 -0.00137113 0.000519209 0.0773877 -0.000780795 -0.0349076 0.000144394 0.0313343 -0.0135576 0.0909009 -0.151289 0.000413752 0.000255747 -0.161196 
-0.0351573 0.000318473 -0.000134413 -0.0178545 -0.0272672 -0.0840027 -1.43341e-05 -0.0234187 -3.375e-05 0.0849115 -0.0191243 -0.0277572 -0.0187449 -0.0682044 -0.138061 -0.00591673 0.00530838 0.00304053 -0.0015802 0.0146965 -0.00939536 -0.000911715 -0.00649557 -0.1061 -0.00102605 -0.00969334 0.0295358 -0.000465031 0.114786 0.220554 0.00579973 -0.0330847 -0.0226268 -0.0506708 -0.0155858 -0.00612302 -0.000341695 -0.000176946 -3.87928e-05 -0.00996263 -0.000715544 -0.0294012 -0.000211333 -0.00390193 0.107266 -0.0133814 -0.0388458 -0.00161982 0.000104683 0.00276174 -0.0150026 -0.0426493 0.00123442 0.11899 -0.000146425 -0.000483505 -0.00439937 -0.00202836 6.61966e-05 0.147641 0.00394446 0.0211764 -0.0112366 -2.92252e-05 0.0148265 0.0186312 -0.01546 0.125642 -0.132873 -1.84872e-05 0.000249606 -0.000339291 -4.29767e-06 -0.000375415 -0.00257255 0.0183123 -0.00535651 0.000112469 -6.3483e-05 -0.00182345 -0.00187627 0.000616539 -0.00464447 0.000654008 0.000139926 -0.000117535 -0.00115873 -0.00145647 -0.000559215 0.111696 -0.000426576 -0.0213387 0.000271673 0.016604 -0.00796314 0.1192 -0.0993647 0.000635364 -0.000719118 -0.107192 
-0.00337166 -7.55598e-06 5.60006e-05 0.000705048 0.00206385 -0.00292507 4.26138e-06 -6.5475e-05 0.000139957 0.00181542 0.00262686 -0.00784873 -0.0058792 -0.00226647 -0.00320485 -7.65057e-06 -0.00018141 0.000569019 0.000609499 0.000102267 -0.000161302 -1.69933e-06 -1.7035e-06 -0.00312331 0.0014439 -0.000218406 -0.00307408 3.05536e-05 0.00353945 0.00579973 0.0108126 0.000299518 0.00136418 -0.000636114 -0.000601489 -0.000143504 -5.28034e-06 5.31892e-05 -2.65463e-06 -0.000104635 1.61294e-05 -0.00026469 -8.26397e-06 -0.000121702 -0.00299792 -0.000166971 -0.000638284 4.19975e-06 0.000260541 0.0014319 -0.000320645 -0.000964906 0.000377475 0.00521959 -2.29711e-07 -0.000194049 -0.000131392 8.27508e-05 2.81985e-05 0.0036636 7.90721e-05 -0.00170302 -0.000480094 6.99177e-06 0.00391857 0.00836906 -0.000232484 0.00241276 -0.00634657 -6.78593e-07 4.52061e-05 2.70379e-05 1.43373e-06 7.34352e-05 -2.90973e-06 -0.00180545 -0.000159436 0.000935042 2.19334e-05 1.82795e-05 0.000168954 0.000403778 -0.000112531 1.16277e-05 0.00024881 -2.67131e-06 -2.81789e-05 0.000112739 1.33917e-05 -0.00139954 8.73605e-05 -0.000729883 3.54773e-05 -0.00609481 0.00020689 0.00448106 -0.00331293 0.000119296 -3.05114e-05 -0.00283493 
-0.0295129 0.000104248 0.000257841 0.0438501 0.0522204 0.0197368 1.28166e-05 0.032022 0.000959844 -0.0174076 0.0356965 -0.0458481 -0.0653961 0.0022152 -0.0117883 0.0154179 0.00128484 0.00303754 0.000551125 -0.0131408 0.0215455 0.00154836 0.00661927 0.062229 0.00591179 0.024273 -0.0845972 0.00044664 -0.0435232 -0.0330847 0.000299518 0.0959478 0.0497021 0.0748109 0.0263927 -0.00149886 0.000411464 0.000511253 6.5672e-05 0.0203129 0.000602724 0.0691018 -6.37897e-05 -0.000537677 -0.0564232 0.0325652 -0.00172819 0.0035572 0.000828249 0.000867195 0.0234036 -0.00899641 2.39439e-05 -0.0229322 0.000356045 -0.00165922 -0.001408 -0.00010098 -1.85569e-05 -0.0490139 -0.000587902 -0.0733408 -0.00615969 0.000268739 -0.00397458 -0.00156671 0.016714 -0.0633184 -0.0393984 2.02629e-05 -0.000168111 0.00101988 1.166e-06 -0.000362016 0.00630886 -0.0356926 0.00150389 0.000496615 2.11936e-05 5.09393e-05 0.00562892 -2.38087e-05 -0.000808921 0.000515309 0.00112965 1.78408e-05 -0.000239371 0.00178148 0.000220263 -0.0363547 -0.000135067 0.0344002 -1.12802e-05 -0.0829341 0.0159672 -0.0245289 0.00204076 -9.06261e-05 -0.000305792 0.0408733 
-0.0276439 0.000139799 0.000230643 0.0512193 0.0358707 -0.0120387 2.3523e-05 0.0440779 0.000621689 0.0121891 0.0529736 -0.05122 -0.0547807 0.0149638 0.0135816 0.0137285 0.00177373 0.000106329 0.00196484 -0.0146161 0.0179225 0.000560503 0.00429198 0.0332987 0.00900375 0.012169 -0.0594621 0.00118 -0.0242428 -0.0226268 0.00136418 0.0497021 0.0759936 0.0614062 0.00150504 -0.00105299 0.000662263 0.00074325 1.20536e-05 0.0214457 0.00119447 0.0524425 -6.30501e-05 0.000906655 -0.0425328 0.00595308 -0.0190196 0.00400704 -0.000131093 0.00238553 0.000853389 -0.0112012 0.000449579 -0.0152756 0.000375931 -0.00112972 -0.00106126 6.84868e-05 7.33167e-05 -0.0377672 -0.000413386 -0.0660763 -0.000349137 -2.06747e-05 -0.00297184 0.000413236 0.0279241 -0.0444167 -0.0346874 3.02405e-05 -0.00021663 0.000834196 1.18608e-05 -0.000397803 0.00375219 -0.0239066 0.000265013 0.000669705 4.5177e-05 -0.000189571 0.0048678 4.91479e-05 -0.00103189 -0.000376615 0.00144903 4.00999e-05 -0.000145724 0.00122078 -0.000452241 -0.0282809 -0.0001511 0.00688706 -2.9518e-05 -0.0642006 0.0166878 -0.0182164 -0.0115622 0.000148241 -0.000214506 0.0254418 
-0.0411535 0.000538115 0.000233674 0.0482626 0.0617961 0.0366559 3.74723e-05 0.0368931 0.000482161 -0.0388779 0.0406194 -0.0434597 -0.0673161 0.0288205 -0.00290072 0.0151298 0.00228959 0.00227166 0.00198646 -0.0137368 0.0217539 0.00205968 0.00993212 0.0842368 0.00791718 0.0238726 -0.0825472 0.000863585 -0.077367 -0.0506708 -0.000636114 0.0748109 0.0614062 0.14129 0.0241914 -0.00290125 0.000690233 0.000354615 7.68587e-05 0.0178784 0.000920184 0.0719215 -0.000126337 0.00354458 -0.0772409 0.0333409 -0.0268319 0.00373321 0.000201145 0.000592902 0.0178917 -0.0169343 -0.000143982 -0.0341604 0.000367637 -0.00307948 -0.00139577 0.00137036 6.53099e-05 -0.0791841 0.000134211 -0.0867031 -0.00631879 -0.000105251 -0.0061714 -0.00730861 0.0264206 -0.0977025 -0.0269075 3.23003e-05 1.17741e-05 0.000523551 9.211e-06 -0.000532458 0.00544035 -0.0394491 0.00608545 0.000273719 -8.91434e-06 0.000521748 0.00506236 -0.000149271 -0.000165365 0.000428889 0.0019246 8.88844e-05 -0.000520693 0.00213479 2.77591e-05 -0.0427181 -0.000127607 0.0434489 -2.76005e-05 -0.087021 0.0203523 -0.0387675 0.0364701 -0.000114387 -0.000388111 0.0711793 
