2.41694e-05 -3.62263e-06 3.01359e-08 -2.31723e-08 1.97807e-06 -5.44558e-06 -5.58972e-10 -1.93814e-08 -1.85449e-08 1.91147e-07 1.54175e-05 3.22442e-06 -1.98989e-05 5.16034e-07 9.182e-07 1.76571e-07 -1.99789e-05 -1.03855e-05 -1.30441e-05 1.43293e-06 3.20911e-06 4.64821e-07 2.15474e-05 -1.7956e-05 -1.79016e-05 6.41005e-06 2.95288e-06 -1.06155e-09 1.36476e-05 -4.03602e-06 4.78707e-07 -1.94396e-05 1.11658e-05 4.23001e-08 7.85834e-06 -1.38494e-10 -8.35801e-08 1.19997e-07 -2.52028e-08 -6.94507e-06 7.01348e-07 -7.3928e-10 6.53121e-06 -5.63083e-06 -1.72254e-05 -1.61713e-09 -3.19857e-07 -2.03903e-05 2.97776e-06 4.68991e-06 1.83772e-05 1.39886e-06 -2.01497e-10 -9.84138e-09 2.29295e-06 -4.50333e-09 -8.78725e-09 1.32231e-06 4.28309e-06 7.03376e-09 -8.04869e-08 3.31298e-08 7.42939e-08 -4.9027e-08 -4.10898e-09 9.78109e-08 -1.98552e-07 -5.81425e-09 -1.08096e-09 -4.45783e-09 -8.00349e-10 -1.21161e-05 5.20444e-06 8.03949e-06 1.20167e-06 1.52342e-06 -6.43575e-08 1.88545e-08 7.74696e-07 1.40057e-05 -5.71548e-06 -1.19324e-06 7.34974e-07 -6.66454e-06 -2.07359e-05 2.13182e-08 -8.23469e-06 1.12982e-08 3.6175e-06 1.36382e-07 1.70911e-06 2.60661e-07 7.20836e-06 -5.50845e-07 9.48203e-06 1.74993e-06 1.6913e-05 1.53774e-09 5.09037e-07 6.1753e-06 
-3.62263e-06 0.147742 -7.85021e-05 0.000210844 -0.0019944 -0.0247126 -3.68127e-06 4.97802e-05 1.81106e-06 -2.52166e-05 -0.000186881 -5.89656e-05 0.00214875 0.001233 -0.00197346 -0.00201967 0.000257868 0.00811769 0.00114066 -0.00230729 -4.94485e-05 -0.00142846 -0.00274552 0.00661969 -0.000276339 -0.00119902 -0.0028287 -4.46202e-06 -0.000231098 -0.0530729 -6.23947e-06 -0.00488712 -4.33285e-05 0.000131001 -0.00188117 -7.36005e-07 0.00067252 -2.58318e-08 -0.000267777 -0.0511252 -0.00175515 -4.12572e-06 -0.00038835 0.00230025 0.00236623 5.34195e-06 -0.00155649 0.00335527 -0.000315638 -0.00178436 -0.00207278 -0.00137657 2.04216e-07 -5.60216e-05 0.00779203 0.00100337 -6.49015e-05 5.32346e-05 -0.00121414 4.20048e-05 -0.000178622 -0.000694705 -8.41239e-06 0.000118713 -2.19817e-05 -0.000197838 -0.00264195 -4.31903e-05 -4.73346e-06 8.69379e-06 6.47225e-06 0.00586103 -0.000421382 0.00365945 -0.0023038 -2.64009e-05 -0.000265868 -9.11634e-06 7.6353e-06 -0.000920272 -0.0307541 -0.00352019 7.58538e-05 0.0464079 0.00295107 -1.23257e-05 0.00248266 -1.47814e-05 -0.000191424 -7.83952e-05 -0.00273203 0.00019795 -0.0322845 -0.00590681 0.000552623 -5.54483e-07 -0.000235979 1.11131e-06 -2.43611e-05 -8.0616e-05 
3.01359e-08 -7.85021e-05 0.000821175 -4.4126e-07 0.00012981 3.38348e-06 -1.90067e-08 -5.85692e-07 3.81461e-05 6.28981e-07 1.41827e-05 1.91342e-06 -0.000179293 1.53463e-06 0.000110368 8.05515e-06 -0.000387108 -0.000192663 -2.83927e-05 0.000137438 -2.36976e-07 0.000105827 0.000121141 -0.0002294 -9.68823e-05 5.47091e-05 0.000204177 4.39043e-08 1.85285e-05 -5.59491e-05 9.04938e-06 -0.000251071 1.63634e-05 5.14764e-08 1.52211e-06 -4.7092e-09 4.46137e-06 1.32155e-08 3.16529e-05 -0.000191631 0.000140535 -2.51377e-08 3.6431e-05 -0.000189744 -0.00033314 -5.49872e-08 -2.95946e-06 -0.000171238 2.8617e-05 1.98927e-05 0.000129919 -5.29598e-06 -6.85149e-09 -2.71302e-07 0.000229911 -2.2329e-07 8.62079e-05 4.56285e-05 -6.49875e-06 2.35777e-07 3.03988e-06 -3.56726e-06 -1.40143e-08 -2.63726e-07 2.20283e-07 6.3654e-06 -1.42057e-05 5.02299e-07 3.32441e-08 -1.51579e-07 1.59612e-06 -0.000443487 -1.22588e-06 9.97497e-06 0.000137622 2.23296e-05 6.13283e-05 6.1039e-08 9.56322e-07 6.7551e-05 0.000224823 -3.82702e-05 2.63239e-06 -0.000157784 -0.000315709 3.39815e-06 -0.000185182 6.79747e-06 3.79116e-05 4.05695e-06 0.000152445 -5.54146e-06 0.000197484 6.1152e-05 6.39855e-06 3.08048e-08 3.31157e-06 1.38945e-07 6.43916e-07 2.65033e-06 
-2.31723e-08 0.000210844 -4.4126e-07 0.000957804 -9.09621e-06 -0.000145709 -2.21721e-08 6.93122e-06 1.36107e-06 -2.24485e-07 6.79912e-07 -3.53753e-07 -1.94959e-06 -1.31937e-06 -5.55559e-06 3.23178e-05 4.22513e-05 -4.56848e-05 9.05479e-07 -1.8361e-05 1.86893e-07 -4.18526e-06 -1.19661e-05 0.000108029 -8.97979e-05 6.25983e-05 1.89402e-05 -3.54405e-08 5.39965e-06 -0.000456223 -5.12789e-08 3.2014e-05 1.44007e-05 4.12366e-07 -1.58997e-05 -5.49348e-09 -1.23194e-06 -1.37417e-10 -1.72966e-06 -0.000155378 -6.41849e-06 -2.93242e-08 1.59929e-06 -4.32978e-06 -3.62201e-05 -6.4145e-08 2.17226e-05 -0.000162299 6.33509e-07 -4.54345e-06 -7.93597e-06 -5.83261e-06 -7.99256e-09 -3.36999e-08 -1.54901e-05 -2.24636e-06 -3.48553e-07 1.78288e-07 4.75262e-05 1.58902e-06 -2.42591e-06 -4.30909e-06 2.25488e-08 5.5153e-06 -1.52986e-07 9.95435e-07 -6.23689e-05 -2.13961e-07 -4.28773e-08 -5.68237e-08 -3.17465e-08 -0.000217603 -2.76043e-06 9.42555e-06 -1.61909e-06 3.56606e-08 -1.61291e-08 -9.91158e-10 8.95162e-07 -1.95002e-06 -0.000288392 -4.14185e-05 -4.79365e-07 0.000517192 4.81269e-07 -7.9932e-08 4.01937e-06 -8.07245e-08 6.80859e-07 2.3983e-07 -1.6982e-06 -7.80693e-06 -0.000252087 -2.26217e-05 1.02416e-05 -2.94967e-09 9.68654e-07 8.15443e-07 -1.70413e-07 -4.2068e-07 
1.97807e-06 -0.0019944 0.00012981 -9.09621e-06 0.0119322 -0.00278536 5.73409e-08 3.7816e-07 6.13128e-05 5.90395e-05 0.000244597 7.78006e-06 -0.010802 -3.12226e-05 0.00982661 -0.000219269 -0.000971873 -0.0101746 -0.00343087 0.0107737 3.64342e-06 0.00705181 0.0082703 -0.00938849 -0.00981301 -0.000288652 0.0106356 6.61972e-08 6.92205e-05 -0.00645758 -1.9935e-07 -0.00996188 -6.99824e-06 -5.66059e-06 -0.000178348 2.20793e-07 9.6372e-06 -1.73119e-09 -2.56794e-05 -0.00358389 0.00994831 -3.69428e-07 -3.29628e-05 -0.0105685 -0.00937768 -3.44771e-07 -0.000168961 -0.0103093 0.00025161 0.00710135 0.00970719 -0.000107427 3.75976e-07 3.86855e-05 0.0100159 -9.29083e-06 0.000328262 2.14977e-06 -9.41174e-05 -5.90274e-06 -3.66375e-06 0.000189465 8.53096e-06 -2.35228e-05 -6.59981e-07 0.000103929 -0.000781857 0.000206435 1.87498e-05 -2.18097e-06 -3.99946e-07 -0.00859051 -3.26544e-05 -0.000143903 0.01067 0.000207708 0.00165969 -2.10482e-06 5.48186e-06 -9.42638e-05 0.00660664 -0.000595539 8.97803e-07 -0.00282994 -0.0105484 5.2733e-05 -0.0106064 4.2753e-05 -9.91738e-06 0.000346855 0.00971174 -5.91528e-05 0.00818663 0.000587103 -5.22221e-05 5.26173e-07 6.02917e-06 6.76605e-06 2.38979e-06 8.84756e-05 
-5.44558e-06 -0.0247126 3.38348e-06 -0.000145709 -0.00278536 0.182359 6.03474e-06 4.50914e-05 1.44918e-05 -7.36662e-05 -0.000220586 -1.23739e-05 0.00359678 -0.000463675 -0.00310677 -0.00231697 -0.00827336 -0.0107899 0.00109639 -0.00659313 -7.09255e-05 -0.00193462 -0.00408674 -0.0572698 0.003555 0.00536895 -0.00361283 1.15596e-06 -0.000315453 0.0332689 -1.75263e-06 0.0128531 -0.000204443 2.75751e-05 -0.00253788 -8.14753e-07 -0.000484666 -3.43888e-08 0.000110066 -0.0607871 -0.00302113 -1.75841e-06 0.0003274 0.00171214 -0.0252058 -1.1709e-05 -0.0014843 0.00392078 -5.74964e-05 -0.00169341 -0.00340631 -0.00125099 -3.20149e-07 -4.86198e-05 -0.00407397 -0.000224957 -8.45994e-05 -0.000149261 -0.00182543 -0.000119419 -0.000640998 -5.0265e-05 -1.26314e-06 0.000155377 -2.58475e-05 -0.000449848 -0.00154376 -5.77148e-05 -9.69011e-06 -4.17071e-05 5.43538e-06 -0.0459766 0.000836345 -0.000869853 -0.00314045 -6.41572e-05 -0.000480661 5.01975e-05 -1.22291e-05 -0.00135463 0.000255693 -0.011464 3.02821e-05 0.00203907 -0.00124893 -6.16643e-06 0.00313604 -1.73348e-05 -0.000178469 -7.72618e-05 -0.00159498 0.00132328 0.0540236 -0.00611504 -0.000895147 -6.61493e-07 -0.000249102 -1.24471e-05 2.10672e-05 -9.77466e-05 
-5.58972e-10 -3.68127e-06 -1.90067e-08 -2.21721e-08 5.73409e-08 6.03474e-06 2.31261e-05 -1.85448e-08 -1.77444e-08 5.84863e-07 5.41979e-07 -8.53335e-09 -7.35106e-07 1.49745e-06 -2.47197e-08 -4.79539e-07 -3.64346e-07 -9.7548e-06 -7.26048e-07 1.27041e-06 4.96102e-07 9.99131e-08 3.07768e-06 -7.07444e-06 -7.167e-07 2.04252e-06 5.9988e-07 -1.01572e-09 -5.33188e-08 -3.79234e-06 -1.23697e-09 -5.30227e-07 3.43643e-07 -2.01253e-08 7.15807e-08 -1.32516e-10 1.64669e-06 -3.31482e-12 6.42785e-08 1.87765e-06 8.7858e-07 -7.07368e-10 -6.9007e-08 -7.89429e-06 -6.95809e-06 -1.54733e-09 -5.51868e-08 -4.77081e-06 4.09827e-06 3.35331e-07 3.56149e-07 2.29561e-07 -1.92799e-10 -9.41656e-09 -1.57262e-06 -5.85295e-08 5.49254e-08 4.97397e-08 2.85358e-07 -1.24065e-08 1.55299e-06 -1.01825e-07 -2.27034e-09 -4.69107e-08 2.73506e-09 -5.63152e-08 7.74796e-06 4.43673e-09 -1.0343e-09 -4.26541e-09 -7.65801e-10 -4.68212e-06 1.69437e-06 5.5071e-07 6.55541e-08 -6.29608e-09 7.17539e-08 -4.28553e-09 -1.88567e-09 5.47e-07 -3.5671e-06 -1.05101e-06 -1.43777e-08 -1.93916e-06 -7.32674e-06 2.48072e-07 -7.59736e-07 1.13861e-08 -3.10971e-08 1.93636e-07 5.18456e-07 6.49303e-06 -1.02127e-06 -6.91815e-07 1.76954e-08 -7.1153e-11 4.11255e-07 -1.71808e-09 2.59223e-07 6.45795e-07 
-1.93814e-08 4.97802e-05 -5.85692e-07 6.93122e-06 3.7816e-07 4.50914e-05 -1.85448e-08 0.000801237 9.21408e-07 -8.70379e-08 1.79734e-06 -2.19214e-07 -8.94906e-06 2.12227e-05 -1.449e-06 -1.69476e-05 5.65439e-06 -7.5765e-05 -9.55061e-06 6.17672e-05 4.26015e-08 -3.03205e-06 1.84422e-05 -0.000227309 -4.97563e-05 3.90715e-05 1.49989e-05 -2.85519e-08 1.41125e-06 -0.000269933 -3.62232e-08 -5.41686e-06 4.27961e-08 7.28855e-07 -6.01311e-06 -4.59477e-09 7.50424e-07 -1.14936e-10 2.35679e-06 -0.000217783 3.4076e-06 -2.45268e-08 3.50062e-06 -4.5452e-06 -0.000445979 -6.98445e-09 7.11467e-06 -6.12285e-05 1.16504e-05 4.30412e-06 -9.41394e-07 -4.40124e-06 -6.68501e-09 5.03496e-07 -1.58321e-05 1.86058e-06 2.71802e-07 4.36419e-07 2.13722e-05 4.03316e-06 3.97305e-06 -3.4107e-06 -5.87206e-08 7.89011e-06 -1.12989e-07 -1.27597e-06 -2.1985e-05 2.43769e-07 2.94137e-07 2.54373e-08 -2.65529e-08 -9.08669e-05 5.96547e-07 2.52502e-05 -1.65175e-06 -2.18306e-07 -1.01184e-06 8.07296e-09 9.84617e-07 2.23206e-07 2.43225e-05 1.27061e-05 7.71477e-07 0.00015755 2.29414e-06 4.03145e-07 -1.55639e-06 -6.75183e-08 1.31751e-05 3.18199e-07 5.07855e-06 1.50382e-05 0.00012539 -5.2095e-07 1.50537e-05 -2.46712e-09 1.07215e-06 2.67095e-07 4.09747e-06 5.26383e-07 
-1.85449e-08 1.81106e-06 3.81461e-05 1.36107e-06 6.13128e-05 1.44918e-05 -1.77444e-08 9.21408e-07 0.000766681 -1.37695e-07 3.95429e-06 1.55356e-06 -7.73418e-05 8.50912e-07 8.08604e-05 -1.57318e-05 -0.000208362 -5.88697e-05 -4.59588e-06 7.08593e-05 7.009e-08 2.44974e-05 6.20642e-05 -0.000129481 -6.94093e-05 -1.20703e-05 7.44494e-05 2.63015e-08 -8.89512e-08 3.00533e-05 5.22946e-08 -0.000327061 8.65573e-07 1.76897e-06 9.84107e-06 -4.39646e-09 6.71011e-06 -1.09975e-10 -1.30318e-06 -7.88181e-05 6.53453e-05 7.65318e-08 -1.41944e-06 -0.000172826 -0.000214212 1.042e-06 1.09466e-06 -8.64069e-05 3.23774e-06 5.63319e-05 5.93248e-05 -6.07307e-06 -6.39647e-09 4.20921e-07 0.000233493 3.76151e-06 2.42772e-06 2.03175e-06 -3.57152e-06 2.90172e-06 -2.53837e-06 9.52999e-06 -7.53229e-08 1.27737e-05 2.19562e-07 -1.26169e-06 -2.13676e-05 4.48761e-07 4.95685e-07 9.84873e-08 -2.54069e-08 -0.000204519 7.41808e-06 -3.50362e-06 7.07222e-05 2.54449e-07 9.92699e-06 -1.3218e-07 3.90773e-07 7.27535e-05 0.000120334 -3.36981e-05 -2.67007e-07 -7.43228e-05 -0.000278528 3.69363e-07 -9.48023e-05 2.48729e-07 5.14962e-07 3.8877e-06 7.41863e-05 -5.72873e-06 0.000134587 -2.38696e-05 7.32173e-06 -2.36063e-09 -5.51523e-07 -5.36672e-08 2.26028e-06 -3.60681e-07 
1.91147e-07 -2.52166e-05 6.28981e-07 -2.24485e-07 5.90395e-05 -7.36662e-05 5.84863e-07 -8.70379e-08 -1.37695e-07 0.000366136 2.70901e-06 1.62485e-06 -0.000100467 2.48169e-06 4.1914e-05 1.48934e-05 -3.61653e-05 -0.000153716 -4.58911e-05 6.80208e-05 4.04547e-06 2.64389e-05 0.000130083 -5.35108e-05 -8.33609e-05 8.73379e-05 0.000116506 -1.60866e-08 9.90889e-06 -0.000180143 2.10409e-07 -7.661e-05 -1.0409e-07 2.79312e-08 1.51023e-05 -2.09873e-09 -9.53232e-07 -5.24987e-11 6.74192e-06 -5.89275e-05 7.41607e-05 -1.1203e-08 1.33704e-05 -9.48058e-05 -0.000134093 -2.45059e-08 -2.79017e-06 -0.000124528 8.08427e-05 9.36122e-05 8.86914e-05 -2.57517e-06 -3.05347e-09 3.74198e-07 4.10828e-05 -2.76965e-07 2.10017e-06 8.28525e-06 1.12456e-06 -7.31559e-08 -4.30246e-08 4.98896e-06 2.5071e-07 -5.32951e-07 2.544e-07 1.70581e-05 2.97208e-05 2.91891e-07 4.23619e-07 -6.75536e-08 -1.21284e-08 -0.00012862 -1.12501e-06 2.19471e-05 8.40889e-05 2.19029e-06 2.40806e-06 -3.78723e-08 -2.98644e-08 -1.54113e-07 4.09267e-05 -1.06914e-05 -1.97708e-07 -7.63329e-05 -0.000122592 1.2128e-06 -0.00011158 3.7916e-07 1.34875e-05 1.14363e-06 7.87529e-05 -1.26563e-06 -5.75881e-06 2.47515e-05 1.90569e-05 -1.12689e-09 1.32495e-07 4.16123e-07 6.51562e-07 4.61782e-06 
1.54175e-05 -0.000186881 1.41827e-05 6.79912e-07 0.000244597 -0.000220586 5.41979e-07 1.79734e-06 3.95429e-06 2.70901e-06 0.00106634 6.32694e-05 -0.000910148 1.87478e-05 0.000330655 4.68841e-05 -0.000363062 -0.000821735 -0.000445975 0.000685564 9.94622e-06 0.000372636 0.000930049 -0.000791456 -0.000931327 -2.31239e-07 0.000634452 -4.68839e-08 0.000159719 -0.000195564 1.62904e-07 -0.000927445 0.000110137 -3.89453e-08 3.49813e-05 6.97217e-07 -1.2747e-06 9.84699e-09 1.49403e-05 -0.000301009 0.000326673 -3.26508e-08 3.54765e-07 -0.000679385 -0.000733797 -7.14218e-08 -1.429e-05 -0.000862595 4.89935e-05 0.000553696 0.000910895 7.40423e-05 -8.89925e-09 8.15349e-07 0.00065484 -1.86495e-06 5.55239e-07 1.2332e-05 1.02818e-05 -5.72662e-07 1.93858e-06 2.56168e-06 1.13854e-06 -1.70864e-06 -1.61476e-07 9.82706e-05 -7.31304e-05 2.02032e-05 9.35592e-07 -1.96883e-07 1.61319e-07 -0.000677912 3.1529e-06 5.92499e-06 0.00059824 8.88272e-06 2.82676e-05 -1.91145e-07 1.61296e-06 0.000156189 0.000270917 -5.18162e-05 2.76064e-05 -9.93084e-05 -0.000934342 2.19433e-06 -0.000761898 4.57345e-06 3.40846e-05 1.16419e-05 0.000702073 2.04044e-05 0.000677129 0.00027665 8.58508e-05 1.74005e-06 0.000301735 7.4403e-07 2.90359e-06 0.000285782 
3.22442e-06 -5.89656e-05 1.91342e-06 -3.53753e-07 7.78006e-06 -1.23739e-05 -8.53335e-09 -2.19214e-07 1.55356e-06 1.62485e-06 6.32694e-05 0.000368847 -9.98545e-05 2.1984e-05 2.70516e-05 1.60126e-06 -0.000176535 -0.000121033 -0.000100539 1.30206e-05 3.50129e-06 1.57637e-05 0.00010063 -0.000215986 -0.000102819 6.50795e-05 2.98384e-05 -9.53908e-09 2.27893e-05 7.72595e-05 2.40264e-07 -0.000156971 1.91995e-05 2.88903e-07 7.35819e-05 2.84552e-07 -4.82615e-07 1.19947e-07 1.64379e-05 -9.29215e-05 2.95645e-05 -4.6193e-09 4.92233e-06 -4.39921e-05 -0.000211469 -2.46874e-08 -4.08165e-06 -9.62068e-05 4.47261e-05 0.000114554 0.000123171 7.67013e-07 -3.07609e-09 -1.5024e-07 0.000123836 5.39502e-07 2.79186e-07 3.10993e-06 -1.89867e-06 -1.57945e-07 -8.0206e-07 1.54917e-06 4.0711e-07 -1.55121e-07 -5.93951e-08 2.0615e-06 -2.34162e-05 6.21239e-07 6.90165e-07 -6.80541e-08 -1.22183e-08 -0.000100373 7.31743e-08 1.85925e-06 2.97761e-05 1.62134e-08 6.64084e-06 5.24958e-07 6.6581e-08 6.14326e-06 9.92414e-05 -1.48039e-05 6.13939e-07 -0.000104061 -0.000136625 1.23924e-06 -0.000103637 8.38932e-07 2.88205e-05 5.95438e-07 4.55713e-05 4.0042e-06 0.000170187 2.38333e-06 7.05955e-05 8.25531e-07 6.0365e-05 -2.74118e-08 1.40775e-06 6.16299e-05 
-1.98989e-05 0.00214875 -0.000179293 -1.94959e-06 -0.010802 0.00359678 -7.35106e-07 -8.94906e-06 -7.73418e-05 -0.000100467 -0.000910148 -9.98545e-05 0.0152498 -5.60861e-05 -0.0115563 -0.000113279 0.00121889 0.0130161 0.00392309 -0.0130355 -4.776e-05 -0.00794225 -0.011135 0.0119999 0.0128105 -0.000226599 -0.0133606 -6.69689e-07 -0.000556471 0.00759647 -1.93282e-05 0.0129755 -0.000300937 -4.25382e-06 -0.000235522 -2.08458e-06 -3.92429e-05 -1.41113e-07 -0.000117567 0.00493397 -0.0118445 3.63781e-07 -0.000224007 0.0127024 0.0120394 4.29703e-07 0.000200587 0.013167 -0.000854344 -0.00915855 -0.01263 7.71783e-05 1.29133e-07 -3.93596e-05 -0.012343 -1.17714e-05 -0.000344795 -0.000251523 0.000100133 5.98298e-06 -0.000111502 -0.000185688 -4.6816e-05 2.18265e-05 1.76331e-06 -0.000681208 0.000963088 -0.000236304 -2.60439e-05 2.04022e-06 -1.72375e-06 0.0107232 4.06332e-05 2.53699e-05 -0.0129772 -0.000230636 -0.00182921 -8.10631e-06 -1.91503e-05 -0.000362842 -0.00815384 0.000745622 -2.99768e-05 0.00301165 0.0136706 -5.80586e-05 0.013401 -6.58158e-05 -0.000397975 -0.000383879 -0.0122733 7.33118e-05 -0.0107863 -0.00173859 -0.00049029 -2.92234e-06 -0.000276128 -1.03693e-05 -2.074e-05 -0.000386869 
5.16034e-07 0.001233 1.53463e-06 -1.31937e-06 -3.12226e-05 -0.000463675 1.49745e-06 2.12227e-05 8.50912e-07 2.48169e-06 1.87478e-05 2.1984e-05 -5.60861e-05 0.00768918 8.44885e-05 1.62431e-05 -0.000553075 -0.00136586 -5.5348e-05 -3.16274e-05 4.04364e-06 8.203e-06 0.000384042 -0.00120113 -0.000244394 0.000204263 0.000483481 1.34632e-06 1.0764e-05 -0.00262365 8.30219e-06 -0.00102989 1.81851e-06 1.56865e-05 -4.73972e-05 5.02264e-07 9.42764e-05 -1.11072e-09 -3.6749e-06 -0.00200445 -2.5683e-05 -1.47023e-07 -6.39397e-07 -1.28157e-05 -0.00444452 -4.35142e-07 -6.39829e-05 -0.000596818 -1.62708e-05 1.40651e-05 0.00038411 -5.58787e-05 -5.46028e-08 -2.55528e-06 0.00171571 0.000108761 -1.81398e-06 0.000176591 0.000245533 2.82895e-05 -9.69521e-06 -3.34435e-05 5.40926e-06 1.00079e-05 7.29271e-07 6.367e-05 0.000974626 -1.46746e-06 1.2901e-06 1.26974e-05 5.00673e-06 0.00120616 4.67484e-06 -6.55772e-05 -5.87333e-06 1.63032e-06 -1.58206e-05 7.10402e-06 1.96482e-06 0.000837619 -0.00157725 0.000203145 9.60235e-06 -0.00121446 -0.000354746 -4.62746e-07 -2.48904e-06 1.24751e-06 4.991e-05 1.54972e-05 -3.18414e-05 0.00124138 0.00053863 -9.28019e-05 9.26415e-05 -2.38418e-08 5.56142e-05 2.75764e-06 1.67591e-06 1.41305e-05 
9.182e-07 -0.00197346 0.000110368 -5.55559e-06 0.00982661 -0.00310677 -2.47197e-08 -1.449e-06 8.08604e-05 4.1914e-05 0.000330655 2.70516e-05 -0.0115563 8.44885e-05 0.0130025 -0.000169378 -0.000471049 -0.0108652 -0.00336391 0.0112955 1.95009e-06 0.00718851 0.00925852 -0.00974067 -0.010593 -0.000304626 0.0114328 -2.85362e-07 9.66089e-05 -0.00741697 -9.14134e-08 -0.0108019 -1.08896e-05 -1.07295e-05 -0.000235624 3.94501e-07 -1.71465e-05 -1.88858e-09 -3.03715e-05 -0.00380549 0.0105623 -3.5968e-07 -3.66159e-05 -0.0112633 -0.0100304 -2.24904e-07 -0.000174848 -0.0108743 0.000324034 0.00769696 0.0103396 -0.000127974 -1.09845e-07 3.7175e-05 0.0110163 -1.64898e-05 0.000263426 2.32028e-05 -0.000105164 -1.46513e-06 1.51831e-05 5.02356e-05 1.91098e-05 -1.66567e-05 -1.33665e-06 0.000264542 -0.000901141 0.00021475 1.10074e-05 -1.89016e-06 -3.82972e-07 -0.00927916 -3.85804e-05 -0.000148694 0.0114376 0.00017437 0.00153246 -2.44162e-06 7.79566e-06 -0.000119764 0.00709724 -0.000612528 -4.04839e-07 -0.00302747 -0.0114451 4.27815e-05 -0.0114237 5.17639e-05 -8.90385e-06 0.000379713 0.0107435 -7.8723e-05 0.0082342 0.000803213 -2.74726e-06 6.76128e-07 -6.27216e-06 8.53115e-06 8.37461e-06 8.84228e-05 
1.76571e-07 -0.00201967 8.05515e-06 3.23178e-05 -0.000219269 -0.00231697 -4.79539e-07 -1.69476e-05 -1.57318e-05 1.48934e-05 4.68841e-05 1.60126e-06 -0.000113279 1.62431e-05 -0.000169378 0.0223731 0.000728845 0.00058677 0.000125785 -0.000289226 3.31046e-06 -4.75451e-05 7.03022e-05 -0.000409554 -9.31558e-05 -0.000478311 6.0483e-05 2.35435e-06 9.26232e-05 -0.0107536 8.5753e-06 0.000714469 -4.02185e-06 6.34761e-06 -0.000238002 5.72132e-07 -5.34359e-05 -3.28195e-09 1.58904e-05 -0.00308876 -0.000186625 4.6298e-07 -3.56594e-05 0.000138388 0.00136539 -8.91985e-07 -0.000276779 -0.000246417 -1.40042e-06 2.83619e-05 -8.9895e-05 -0.000101044 8.72446e-07 7.96812e-07 -0.00127998 -3.36425e-05 -2.17891e-07 1.43142e-05 -0.000141422 -1.17102e-05 0.000192438 1.39502e-05 1.03855e-05 1.42212e-05 -3.69929e-06 0.00073549 -0.000569688 1.30856e-06 -4.34046e-07 -1.75978e-06 1.00846e-06 0.000512298 7.99978e-06 0.0011864 -3.22573e-05 -3.05698e-06 0.000147315 3.42364e-06 2.29636e-06 0.000415399 -0.00739375 -0.000724761 -8.65179e-06 0.00746671 -0.000173826 -8.19028e-07 4.40491e-05 3.05377e-07 3.22879e-05 -8.36097e-06 -0.000126815 -0.000191099 -0.00440251 -0.000784479 -6.87788e-05 8.28858e-08 -6.45746e-06 -9.01044e-07 -8.46669e-07 -9.56033e-06 
-1.99789e-05 0.000257868 -0.000387108 4.22513e-05 -0.000971873 -0.00827336 -3.64346e-07 5.65439e-06 -0.000208362 -3.61653e-05 -0.000363062 -0.000176535 0.00121889 -0.000553075 -0.000471049 0.000728845 0.0446095 0.000919773 0.000619993 -0.00129623 -3.592e-05 -0.000627528 -0.00050711 0.0228947 0.000558686 -0.000543103 -0.000552952 -6.59789e-06 -0.000502716 -0.0131212 -2.10835e-05 0.0065217 -0.000353544 -0.000304547 -0.00208134 -6.55171e-07 -0.000146816 -1.26625e-07 -0.00061863 0.0116201 -0.000877869 -2.68522e-06 -0.00125703 0.000743322 0.00215055 3.77877e-07 0.000439972 0.00068874 -0.000331922 -0.000960441 -0.00204818 -0.000561615 -1.44651e-06 8.16225e-06 -0.0133606 -0.000263682 -0.000263992 -0.00037665 0.00035477 -2.35051e-06 0.000136071 -0.000468437 -4.85676e-07 1.18296e-05 -2.62072e-05 2.03141e-05 -0.00103713 -2.6782e-05 -1.32403e-05 7.47491e-06 -3.11031e-06 -0.0013174 -0.000237881 -0.00186525 -0.000659931 -5.69658e-05 -0.000651876 -2.39444e-05 -4.56744e-06 -0.000664822 -0.0240525 0.00168784 -0.000207198 0.013499 0.00192275 -5.84148e-05 0.0012045 -2.66428e-05 -0.000346641 -8.01814e-07 -0.000786323 -0.00147094 -0.0230155 -0.00206933 -0.000599736 -1.97268e-06 -0.00036755 1.08008e-06 -5.4398e-05 -0.000269304 
-1.03855e-05 0.00811769 -0.000192663 -4.56848e-05 -0.0101746 -0.0107899 -9.7548e-06 -7.5765e-05 -5.88697e-05 -0.000153716 -0.000821735 -0.000121033 0.0130161 -0.00136586 -0.0108652 0.00058677 0.000919773 0.0564353 0.0050258 -0.0138438 -5.92433e-05 -0.00751419 -0.0115636 0.0125701 0.0120426 -0.00901823 -0.0143213 -1.65304e-06 -0.000730363 0.000919323 -2.19553e-05 0.0114928 -0.000201161 -0.000219372 -0.00620183 -1.9393e-06 -0.000830207 -1.24728e-07 -0.000113951 0.00983412 -0.0111148 -1.69049e-08 -0.000956544 0.0124576 0.0222279 2.38042e-06 -0.00150226 0.0146478 -0.00206786 -0.00883896 -0.0119075 1.1066e-05 -5.52799e-07 -0.000153717 -0.0188547 -0.000124049 -0.000325345 -0.000326639 -0.000198638 -4.72442e-05 -0.000161344 -0.000369532 -8.23859e-05 -6.56998e-05 -7.19964e-06 -0.000615531 -0.00129453 -0.000224974 -2.27948e-05 -1.93973e-06 -1.60552e-05 0.0157799 3.49071e-05 8.65798e-05 -0.0122111 -0.000209804 -0.00162217 -5.10142e-05 -2.67079e-05 -0.000820446 -0.0115931 0.00112938 -7.49434e-05 0.00511438 0.0138127 -5.59509e-05 0.0127913 -6.93213e-05 -0.000911381 -0.000364505 -0.0122477 -0.00261239 -0.0208477 -0.00392835 -0.00217654 -2.36861e-06 -0.000169439 -2.49996e-05 -4.28645e-05 -0.000384683 
-1.30441e-05 0.00114066 -2.83927e-05 9.05479e-07 -0.00343087 0.00109639 -7.26048e-07 -9.55061e-06 -4.59588e-06 -4.58911e-05 -0.000445975 -0.000100539 0.00392309 -5.5348e-05 -0.00336391 0.000125785 0.000619993 0.0050258 0.00817443 -0.00343129 -4.48028e-05 -0.00293017 -0.00392938 0.00318964 0.00398228 -0.000188609 -0.00352654 -1.31329e-07 -0.000146927 0.000136258 -6.72477e-07 0.00393632 -0.000196227 -2.68066e-06 -0.000854623 -1.05944e-06 1.65022e-05 -1.18819e-07 -9.55281e-05 0.000170131 -0.00327354 -7.67894e-07 -0.000128982 0.0034311 0.00329788 -7.75198e-07 -3.96365e-05 0.00385336 -0.000420805 -0.00345163 -0.00392608 -0.000325202 -1.77953e-07 -7.23673e-05 -0.00378854 -2.591e-05 -7.41767e-05 -8.58839e-05 2.84351e-05 -7.91497e-06 -1.08593e-05 -4.83553e-05 -9.59085e-06 -1.2681e-05 -4.88877e-06 -9.02725e-05 0.00042368 -0.000165454 -4.41374e-07 8.90194e-07 -3.4804e-06 0.00275529 1.74468e-05 4.97965e-05 -0.00349315 -2.58794e-05 -0.00010765 -4.22635e-07 -8.37461e-06 -0.000129735 -0.00295308 -0.000987283 -2.47658e-05 0.0019709 0.00387499 -2.80795e-05 0.0038332 -2.56893e-05 -0.00018894 -0.000219066 -0.00363853 1.41239e-07 -0.00310033 -0.000230094 -0.000440836 -2.88131e-06 -0.000263102 -1.09043e-05 -9.05825e-06 -0.000371405 
1.43293e-06 -0.00230729 0.000137438 -1.8361e-05 0.0107737 -0.00659313 1.27041e-06 6.17672e-05 7.08593e-05 6.80208e-05 0.000685564 1.30206e-05 -0.0130355 -3.16274e-05 0.0112955 -0.000289226 -0.00129623 -0.0138438 -0.00343129 0.0286579 4.40659e-06 0.00754084 0.0099169 -0.0154342 -0.0121601 -0.000638108 0.0126576 1.00971e-06 0.000218675 -0.0137518 7.67211e-07 -0.0159753 4.6716e-05 2.35758e-05 -0.000338361 4.1746e-07 4.53886e-05 -4.23262e-09 -5.40254e-05 -0.00638917 0.0115202 -9.03221e-07 -5.42601e-05 -0.0123285 -0.0164369 -1.23241e-06 -0.000226263 -0.0127571 0.00043617 0.00833796 0.011597 0.000307253 -6.18093e-09 4.10429e-05 0.0119365 -2.2705e-05 0.000310481 2.55597e-05 -0.0002088 -7.05828e-06 4.54911e-05 0.000114176 2.13077e-05 -3.58658e-05 -3.30685e-06 0.000346549 0.000432756 0.00020352 2.5676e-05 -4.6364e-06 -9.745e-07 -0.0113488 -7.69445e-05 -0.000188257 0.0122704 0.000170414 0.00172484 -3.34209e-06 3.28223e-06 4.2473e-05 0.0115566 -0.00137487 2.71515e-05 -0.000499568 -0.0121665 5.79313e-05 -0.0123292 5.73236e-05 -1.98638e-05 0.000340582 0.0114738 0.000521732 0.0145839 0.00457993 -4.69041e-05 1.05813e-07 0.000113637 1.27596e-05 9.07106e-06 0.000260008 
3.20911e-06 -4.94485e-05 -2.36976e-07 1.86893e-07 3.64342e-06 -7.09255e-05 4.96102e-07 4.26015e-08 7.009e-08 4.04547e-06 9.94622e-06 3.50129e-06 -4.776e-05 4.04364e-06 1.95009e-06 3.31046e-06 -3.592e-05 -5.92433e-05 -4.48028e-05 4.40659e-06 0.000312582 2.83642e-08 5.08096e-05 -1.53633e-05 -1.42041e-05 4.11447e-05 1.73572e-06 -1.37329e-08 5.24224e-05 -0.000139123 -5.75443e-11 -2.45864e-05 8.10365e-06 -2.45434e-07 4.84192e-05 -1.79166e-09 2.18749e-07 1.19955e-07 2.14649e-06 3.42269e-05 -4.98762e-07 -9.56384e-09 2.32537e-05 -1.15554e-05 -2.88391e-05 -9.20377e-10 3.14004e-06 -6.53937e-05 3.93565e-05 3.99699e-05 3.95293e-05 -1.49073e-07 1.73933e-08 1.2685e-08 -5.8054e-08 -4.41338e-07 1.29966e-06 1.79711e-05 2.32331e-06 1.65226e-06 -2.94568e-07 -1.13525e-06 1.59304e-07 -6.00914e-07 4.351e-08 -3.24733e-07 8.6628e-06 1.00812e-06 -1.39841e-08 5.48997e-07 -1.03539e-08 1.33102e-05 1.45853e-07 2.9498e-05 3.88539e-06 2.47821e-06 -6.19241e-07 -3.79417e-08 1.44784e-06 9.50109e-06 -7.9809e-05 -4.7855e-06 2.88942e-07 -7.81325e-05 -5.68555e-05 2.0906e-06 -4.93563e-05 8.20339e-07 4.20629e-05 1.17161e-07 1.05453e-05 -1.72149e-06 -6.10975e-05 -6.13708e-06 4.6838e-05 1.01237e-06 1.09179e-05 7.01043e-08 4.51088e-07 4.51301e-06 
4.64821e-07 -0.00142846 0.000105827 -4.18526e-06 0.00705181 -0.00193462 9.99131e-08 -3.03205e-06 2.44974e-05 2.64389e-05 0.000372636 1.57637e-05 -0.00794225 8.203e-06 0.00718851 -4.75451e-05 -0.000627528 -0.00751419 -0.00293017 0.00754084 2.83642e-08 0.00801004 0.00607054 -0.00663109 -0.007306 -0.000182092 0.0079109 -2.79983e-08 5.80524e-05 -0.00456801 6.21415e-07 -0.00736829 -7.17304e-06 -3.87058e-06 -0.000176118 1.87062e-07 -3.09096e-06 -1.15745e-09 -2.17844e-05 -0.00260012 0.00722643 -2.46995e-07 -2.36722e-05 -0.00786228 -0.00657122 -6.36214e-08 -0.0001134 -0.00776824 8.597e-05 0.00454745 0.00698451 -8.27078e-05 -6.73207e-08 3.01886e-05 0.00729474 -1.77104e-05 0.000281497 9.98954e-06 -6.69679e-05 -4.14872e-06 -1.72242e-05 3.77934e-05 7.16392e-06 -1.61667e-05 -1.07949e-06 0.000237489 -0.000565606 0.000155004 7.93885e-06 -1.48937e-06 -2.67398e-07 -0.00611259 -2.48043e-05 -0.000111015 0.00792089 0.000164958 0.00131262 -1.3664e-06 1.36049e-05 -6.73874e-05 0.00424864 -0.000403718 4.313e-06 -0.00187838 -0.00782758 3.59067e-05 -0.00788759 4.90867e-05 -7.145e-06 0.00035876 0.00735848 -5.65639e-05 0.00573392 0.000279155 -3.32929e-05 9.38488e-07 -2.59162e-06 5.00676e-06 1.83462e-06 4.64906e-05 
2.15474e-05 -0.00274552 0.000121141 -1.19661e-05 0.0082703 -0.00408674 3.07768e-06 1.84422e-05 6.20642e-05 0.000130083 0.000930049 0.00010063 -0.011135 0.000384042 0.00925852 7.03022e-05 -0.00050711 -0.0115636 -0.00392938 0.0099169 5.08096e-05 0.00607054 0.0190372 -0.0106096 -0.010666 0.000916062 0.0110145 -1.26668e-08 0.000649801 -0.00731494 2.64583e-05 -0.0115188 0.000255375 1.5488e-06 0.000373799 2.37876e-06 -3.76941e-05 1.40551e-07 0.000128 -0.00467848 0.00897419 -5.67146e-07 0.000313077 -0.00991041 -0.0102077 -5.88932e-07 -0.000248657 -0.0115552 0.00156562 0.00778463 0.0104863 -1.00055e-05 -1.61849e-07 3.56284e-05 0.00906156 -1.08136e-05 6.27218e-05 0.000312737 -9.81367e-06 -4.48822e-06 -1.80996e-05 1.91995e-05 4.01041e-05 -1.50767e-05 -2.48379e-06 0.000640512 0.000966098 0.000193056 3.0484e-06 -1.72067e-06 7.03713e-06 -0.00849541 -3.90111e-05 0.000353855 0.0101369 9.0908e-05 6.6416e-05 7.21244e-06 1.8017e-05 0.00114807 0.00428391 -0.000334446 2.22537e-05 -0.00427889 -0.0116528 6.21138e-06 -0.0106553 2.5702e-05 0.000532902 0.000305475 0.0102208 0.000113813 0.00775798 0.00132466 0.000712714 2.91027e-06 0.000384729 9.19773e-06 3.12791e-05 0.00042144 
-1.7956e-05 0.00661969 -0.0002294 0.000108029 -0.00938849 -0.0572698 -7.07444e-06 -0.000227309 -0.000129481 -5.35108e-05 -0.000791456 -0.000215986 0.0119999 -0.00120113 -0.00974067 -0.000409554 0.0228947 0.0125701 0.00318964 -0.0154342 -1.53633e-05 -0.00663109 -0.0106096 0.145917 0.00977559 0.00128641 -0.0112529 -1.65228e-05 -0.000941393 -0.0317518 -3.32558e-05 0.0074821 -0.000423383 -0.000166536 0.000516183 -2.09694e-06 0.000437801 -1.17909e-07 -0.000532922 0.0517039 -0.010697 -3.55785e-06 -0.000648202 0.0103554 0.0405098 6.94615e-07 0.00234724 0.0105843 -0.00109103 -0.00920483 -0.0110476 -0.0022038 5.5543e-07 1.92613e-05 -0.025397 -0.000635021 -0.000292318 -0.000264164 0.00132089 6.0751e-05 0.000171117 -0.000819774 -5.23765e-05 -3.71069e-05 1.56986e-05 -0.000665804 0.00136754 -0.000197483 -2.05369e-05 2.73288e-05 -6.09634e-06 0.0171752 -0.000361967 -0.00402819 -0.0109111 -0.000197333 -0.00164499 -0.000114197 -9.32364e-06 -0.0011348 -0.0458418 0.00343696 -0.00033085 0.0226038 0.0117158 -5.37178e-05 0.0111898 -4.88679e-05 -0.000359786 -0.000311879 -0.0114435 -0.0041151 -0.105398 0.000710243 -0.000224242 -2.50093e-06 -0.000323595 -5.97572e-06 -0.000108501 -0.000366336 
-1.79016e-05 -0.000276339 -9.68823e-05 -8.97979e-05 -0.00981301 0.003555 -7.167e-07 -4.97563e-05 -6.94093e-05 -8.33609e-05 -0.000931327 -0.000102819 0.0128105 -0.000244394 -0.010593 -9.31558e-05 0.000558686 0.0120426 0.00398228 -0.0121601 -1.42041e-05 -0.007306 -0.010666 0.00977559 0.0234896 0.00027738 -0.0122517 -3.06623e-06 -0.000374879 0.00676629 -1.37593e-05 0.0125287 -0.00035595 2.18583e-07 0.000180422 -2.10875e-06 -0.000118289 -1.2655e-07 -6.26233e-05 0.0069383 -0.0108341 -3.93812e-07 -5.49114e-05 0.0116056 0.0115672 9.40371e-07 0.000211559 0.0120107 -0.00063161 -0.00854358 -0.0122051 5.42056e-05 -5.36012e-07 -4.36698e-05 -0.0131887 -4.88592e-05 -0.000203416 -0.00017589 3.65845e-05 -1.34657e-07 -0.000179703 -8.17619e-05 -4.03538e-05 -0.000100195 2.9418e-06 -0.000780454 0.00120878 -0.00022287 -1.50836e-05 -5.41081e-06 -2.473e-06 0.0106328 3.33694e-05 0.000126571 -0.0118976 -0.000105367 -0.00125567 -2.0832e-06 -2.97475e-05 -0.000497331 -0.0101296 0.000846664 -4.49032e-05 -0.000607227 0.0123892 -4.07933e-05 0.0121747 -4.87434e-05 -0.000205143 -0.000347276 -0.011514 1.14465e-05 -0.0125474 -0.00195656 -0.000658277 -2.81261e-06 -0.000330579 -8.36525e-06 -1.78251e-05 -0.000421602 
6.41005e-06 -0.00119902 5.47091e-05 6.25983e-05 -0.000288652 0.00536895 2.04252e-06 3.90715e-05 -1.20703e-05 8.73379e-05 -2.31239e-07 6.50795e-05 -0.000226599 0.000204263 -0.000304626 -0.000478311 -0.000543103 -0.00901823 -0.000188609 -0.000638108 4.11447e-05 -0.000182092 0.000916062 0.00128641 0.00027738 0.0361029 0.000326004 -6.4077e-07 0.000627657 0.00169748 7.00038e-06 0.00118887 0.000107075 -7.10857e-06 0.00198624 -1.01599e-07 -4.37864e-05 1.27957e-07 0.000182797 -0.0108794 -0.000330403 -1.1173e-06 0.00212291 -0.00048592 -0.0178222 -2.36967e-06 0.000209202 -0.00377211 0.00249715 0.000257961 0.00014149 -0.000268096 -7.27079e-08 -7.13049e-07 -0.00243239 -3.84777e-05 2.70289e-06 0.000182266 0.00106643 3.94374e-05 -6.0746e-05 2.63365e-05 1.34376e-05 4.3034e-05 4.28318e-06 8.08708e-06 0.00184018 8.3834e-06 3.75764e-07 -3.77821e-06 7.93125e-06 -0.0188272 -4.17545e-05 0.000545516 -0.000201984 1.28682e-05 -1.97212e-05 -7.20843e-07 1.29749e-05 -1.73299e-05 0.0086936 -0.00138249 -9.76968e-06 0.00100182 -0.000974923 6.45934e-06 -0.000249511 -1.325e-06 0.000552426 -1.95974e-05 -2.82104e-05 -5.78806e-05 0.000502165 -0.00063417 0.00120935 1.12126e-06 -1.74859e-05 5.66339e-06 5.02659e-05 9.79387e-06 
2.95288e-06 -0.0028287 0.000204177 1.89402e-05 0.0106356 -0.00361283 5.9988e-07 1.49989e-05 7.44494e-05 0.000116506 0.000634452 2.98384e-05 -0.0133606 0.000483481 0.0114328 6.0483e-05 -0.000552952 -0.0143213 -0.00352654 0.0126576 1.73572e-06 0.0079109 0.0110145 -0.0112529 -0.0122517 0.000326004 0.0160269 3.97776e-07 0.000342918 -0.00866743 2.49952e-05 -0.0119669 1.9969e-05 2.21921e-05 -0.000136482 1.42665e-06 5.34044e-05 1.09981e-08 -1.79313e-05 -0.00435917 0.011715 -4.84994e-07 2.91625e-05 -0.0125942 -0.0120988 -4.9673e-07 -0.000125741 -0.0135016 0.000687008 0.00881351 0.0120791 -0.000142263 -1.35823e-07 4.22595e-05 0.0121771 -3.35863e-05 0.000325587 0.000161035 -6.04297e-05 1.47232e-05 9.05094e-05 0.000175871 4.63539e-05 -2.47743e-05 -2.16974e-06 0.000687527 -0.000542604 0.000225764 2.5348e-05 -2.24823e-06 4.69051e-06 -0.0101757 -4.75253e-05 -0.000137049 0.0128757 0.000222501 0.00174465 8.87093e-06 1.48116e-05 0.000604075 0.00724898 -0.000745918 -7.95479e-07 -0.00345286 -0.0133128 4.9215e-05 -0.0129783 6.46749e-05 0.000178646 0.00037978 0.0120796 0.000147414 0.00965428 0.00180429 0.000173887 1.23321e-06 3.99963e-06 1.11163e-05 1.2764e-05 0.000142698 
-1.06155e-09 -4.46202e-06 4.39043e-08 -3.54405e-08 6.61972e-08 1.15596e-06 -1.01572e-09 -2.85519e-08 2.63015e-08 -1.60866e-08 -4.68839e-08 -9.53908e-09 -6.69689e-07 1.34632e-06 -2.85362e-07 2.35435e-06 -6.59789e-06 -1.65304e-06 -1.31329e-07 1.00971e-06 -1.37329e-08 -2.79983e-08 -1.26668e-08 -1.65228e-05 -3.06623e-06 -6.4077e-07 3.97776e-07 4.39181e-05 3.98742e-07 -1.30664e-05 -2.34913e-09 1.01077e-06 -3.00539e-08 1.15113e-07 -1.88203e-07 -2.51662e-10 5.14575e-08 -6.2952e-12 2.16152e-06 -1.25165e-05 1.18244e-07 -1.34337e-09 2.56149e-08 2.60511e-07 -1.86672e-05 -2.93854e-09 -5.07564e-07 -1.05241e-06 7.11782e-07 9.17702e-07 -4.92673e-07 -2.46955e-07 -3.66146e-10 -1.78831e-08 3.0185e-06 -5.11538e-08 8.40324e-08 -1.54794e-08 -2.02642e-07 -2.35613e-08 -1.39588e-07 -1.02368e-07 4.56884e-08 -8.90884e-08 -7.46655e-09 7.53051e-07 6.96957e-06 -1.05652e-08 -1.96425e-09 -1.43379e-09 -1.45434e-09 2.49397e-06 -1.073e-07 2.5473e-06 -7.78388e-08 8.13764e-08 1.96387e-07 -8.13867e-09 -3.58109e-09 1.45856e-07 -1.43607e-06 -2.06188e-06 9.26952e-08 -1.06922e-06 5.34243e-07 -3.66176e-09 -2.97971e-08 7.63019e-08 6.14277e-07 7.85876e-08 -1.06156e-08 -2.77062e-07 1.27059e-05 -4.26341e-07 5.34734e-07 -1.35127e-10 9.41563e-09 8.00705e-08 4.21932e-08 -2.06461e-08 
1.36476e-05 -0.000231098 1.85285e-05 5.39965e-06 6.92205e-05 -0.000315453 -5.33188e-08 1.41125e-06 -8.89512e-08 9.90889e-06 0.000159719 2.27893e-05 -0.000556471 1.0764e-05 9.66089e-05 9.26232e-05 -0.000502716 -0.000730363 -0.000146927 0.000218675 5.24224e-05 5.80524e-05 0.000649801 -0.000941393 -0.000374879 0.000627657 0.000342918 3.98742e-07 0.0023002 -0.000599563 5.74335e-06 -0.000556893 6.15258e-05 3.5837e-06 0.000416287 -1.32106e-08 -7.44249e-06 1.33003e-07 7.60005e-05 -0.000552361 0.000110273 3.76149e-07 0.000331914 -0.000229014 -0.000925511 1.12412e-07 -2.76881e-05 -0.000891491 0.000298916 0.000308786 0.000534409 -1.60072e-05 -1.92203e-08 1.9459e-07 0.000161063 -5.62485e-06 2.25181e-06 0.000176206 1.67571e-05 1.51985e-06 1.5959e-06 -8.64615e-07 1.6007e-05 -2.46989e-06 -2.45278e-07 1.36592e-05 -5.11258e-05 2.15539e-06 6.00223e-07 1.58112e-07 9.40323e-07 -0.000421701 5.42265e-06 0.000313521 0.000229367 2.8039e-05 5.0911e-06 -3.53894e-07 1.43535e-06 9.71839e-05 -9.76701e-05 1.51504e-05 1.01933e-05 -0.000194464 -0.000582849 8.21115e-07 -0.000485193 5.29209e-07 0.000265753 -1.09565e-06 0.000238592 -1.45716e-05 0.000392796 -1.01839e-05 0.000431605 1.32624e-06 9.70631e-05 1.52206e-06 9.17353e-06 3.73629e-05 
-4.03602e-06 -0.0530729 -5.59491e-05 -0.000456223 -0.00645758 0.0332689 -3.79234e-06 -0.000269933 3.00533e-05 -0.000180143 -0.000195564 7.72595e-05 0.00759647 -0.00262365 -0.00741697 -0.0107536 -0.0131212 0.000919323 0.000136258 -0.0137518 -0.000139123 -0.00456801 -0.00731494 -0.0317518 0.00676629 0.00169748 -0.00866743 -1.30664e-05 -0.000599563 0.242776 -1.49095e-05 -0.00221026 -8.11267e-05 -0.000117679 -0.000101043 -2.19536e-06 -0.00125423 -7.38495e-08 -0.000554999 -0.00916121 -0.00683479 -1.26308e-06 -0.000786538 0.00658176 -0.0161987 -2.40401e-05 -0.00569744 0.0110123 -0.000978203 -0.00492881 -0.00651147 -0.00268272 -1.37692e-06 -0.000109905 -0.00589635 -0.000327279 -0.000198545 -0.000133099 -0.00422108 -0.000189574 -0.00136755 0.000652543 -1.95591e-05 -0.000184113 -6.50646e-05 -0.000949077 -0.0331114 -0.000123668 -2.37096e-05 -0.000103301 -1.12678e-05 -0.0379814 -0.000803138 -0.00711988 -0.00738281 -0.000150545 -0.00139751 -6.57025e-07 -4.44853e-05 -0.00279088 0.0541901 -0.0139683 6.79251e-05 -0.092114 0.00377552 -2.26697e-05 0.00722191 -1.62167e-05 -0.000393778 -0.000243602 -0.00613626 -0.00263771 0.0689074 -0.00387576 -0.00172808 -8.03172e-07 -0.000293556 -3.83927e-05 -3.84307e-06 6.2053e-05 
4.78707e-07 -6.23947e-06 9.04938e-06 -5.12789e-08 -1.9935e-07 -1.75263e-06 -1.23697e-09 -3.62232e-08 5.22946e-08 2.10409e-07 1.62904e-07 2.40264e-07 -1.93282e-05 8.30219e-06 -9.14134e-08 8.5753e-06 -2.10835e-05 -2.19553e-05 -6.72477e-07 7.67211e-07 -5.75443e-11 6.21415e-07 2.64583e-05 -3.32558e-05 -1.37593e-05 7.00038e-06 2.49952e-05 -2.34913e-09 5.74335e-06 -1.49095e-05 5.34838e-05 -2.45876e-05 2.41238e-06 1.67882e-08 -3.31276e-07 -3.06479e-10 -1.48291e-07 -7.66642e-12 4.29044e-07 -1.50579e-05 8.47467e-07 -1.63598e-09 8.91374e-06 -8.91212e-06 -2.46967e-05 -3.57861e-09 -7.35416e-07 -3.16232e-05 7.53259e-07 -6.64942e-08 1.77037e-05 -3.3837e-07 -4.45901e-10 5.82217e-08 -1.89348e-06 4.24635e-07 1.55389e-06 1.13442e-05 7.95463e-07 1.61307e-07 6.81888e-07 -2.58626e-07 1.18083e-07 -8.18269e-08 -9.09291e-09 1.87931e-05 3.25526e-06 -1.28666e-08 -2.3921e-09 6.80176e-09 2.15622e-08 -2.65902e-06 1.96127e-07 2.00718e-06 2.82484e-06 1.11211e-06 1.17581e-07 5.86755e-07 -4.36112e-09 2.74359e-05 -1.09255e-05 -1.00774e-07 6.70081e-07 -9.19949e-06 -1.96265e-05 -4.45936e-09 -2.43513e-06 -4.50358e-09 1.43247e-05 1.73198e-07 2.69592e-06 3.61008e-06 7.68172e-06 7.30911e-06 3.96095e-07 -1.64561e-10 1.71434e-07 1.16026e-07 5.38261e-08 1.14486e-06 
-1.94396e-05 -0.00488712 -0.000251071 3.2014e-05 -0.00996188 0.0128531 -5.30227e-07 -5.41686e-06 -0.000327061 -7.661e-05 -0.000927445 -0.000156971 0.0129755 -0.00102989 -0.0108019 0.000714469 0.0065217 0.0114928 0.00393632 -0.0159753 -2.45864e-05 -0.00736829 -0.0115188 0.0074821 0.0125287 0.00118887 -0.0119669 1.01077e-06 -0.000556893 -0.00221026 -2.45876e-05 0.0658766 -0.00026558 -9.00128e-06 -0.00414149 -1.59372e-06 -0.000513737 -1.3317e-07 -0.000222908 0.0119047 -0.0109222 2.35383e-07 -0.000167082 0.0115161 0.015587 -1.05127e-05 0.000249226 0.0115659 -0.000659289 -0.00804602 -0.0124331 0.000157817 -1.68556e-06 -4.05831e-05 -0.0199103 -0.000614141 -0.000332255 -0.000584284 0.000398831 -9.39429e-05 -0.000106717 -0.000400782 -2.70627e-05 -0.000290883 -1.98428e-05 -0.000458757 0.00348587 -0.00021154 -2.28356e-05 6.25729e-06 -9.66547e-06 0.0051175 -0.000110481 0.000352096 -0.0116589 -0.0002074 -0.0017345 8.75565e-06 -1.79254e-05 -0.00137792 -0.0266108 -0.000342319 -0.000130559 0.00325825 0.0132033 -5.78118e-05 0.0122605 -6.19432e-05 -0.000415656 -0.000332911 -0.0111261 -0.00018235 -0.0189855 -0.0104848 -0.00127822 -2.77519e-06 -0.000504251 -8.21588e-06 -3.29968e-05 -0.000402129 
