0.21653 -0.00137839 -0.00162364 -0.000639393 -0.0231302 0.000563943 0.0514687 -0.165748 -0.0467987 -0.0847384 -0.0340936 -0.150666 -0.00284929 -0.107994 -0.07146 -0.0716943 0.145645 0.0580503 -0.000940965 0.046725 -0.082249 0.0318182 -0.0022957 0.0396039 0.0315003 0.0224027 -0.109774 -0.0081777 -0.00274454 0.00263746 -0.114464 -0.01164 -0.0173418 -0.113855 -0.0508933 0.0965069 0.00582273 -0.00504065 -0.0126014 0.0249603 -0.024116 -0.00329872 -0.00556577 0.00181182 -0.0168504 -0.0232603 0.0398093 -0.00226831 -0.00286816 -0.0315397 0.00723188 -0.00496917 -0.000458092 0.00179573 0.0124247 -0.124703 -0.00779046 0.0372486 -0.00425962 0.144764 -0.00137663 -0.000749641 -0.00176017 0.00612887 -0.0101159 -0.017068 -0.000368655 -0.000904843 -0.0389754 0.12425 0.00121792 -0.0214083 0.0561196 0.00347931 -4.1169e-05 -0.0165861 -0.0012755 0.000147799 0.00092626 -0.0267686 0.00740033 0.0392093 0.00316869 0.0639452 -0.0207295 -0.0170938 -0.00272708 0.0277506 -0.00693625 -0.032851 -0.125436 -0.0129758 0.0258183 0.111719 0.0985052 -0.000159519 0.0900022 -0.000611712 0.1504 0.0741897 
-0.00137839 0.00650584 8.89617e-05 2.35769e-05 -0.000413809 -2.73758e-05 -0.000993383 0.000488917 -2.10333e-05 0.00246893 0.00101544 0.00127985 -0.0001724 0.000646144 -0.00147244 -0.000674387 -0.00135238 -0.00304536 0.000120216 -0.000935101 -0.000326826 -0.000697594 7.90949e-05 -0.000177947 -0.000652777 0.000353263 0.00063934 6.19644e-05 -0.00010314 -4.58609e-05 -0.000576278 0.000480001 -0.000188004 -0.000326045 0.000926875 -0.00178878 -0.000153131 0.00117691 -0.000744195 -0.000500055 0.000565801 0.00180801 0.000412863 -3.56305e-05 -0.000265022 0.000273599 -0.000399452 8.57575e-05 6.09045e-05 1.15778e-05 0.000984192 0.00010459 -1.89388e-06 0.00118783 -0.000140255 0.000421646 0.000203882 0.00224472 -0.000309763 -0.00158964 0.000488361 -0.000104155 0.000198318 -0.000295053 0.00037033 -0.000172553 -6.85355e-06 -5.0428e-05 -0.00038294 -0.00245818 -1.22556e-05 0.000699906 0.00219093 -7.23695e-05 4.25866e-06 0.000507807 9.76517e-06 4.70758e-05 -3.94973e-05 -0.000200193 -6.04941e-05 0.000574959 -0.000205184 0.00148767 0.00375163 -0.000125633 1.388e-05 -0.00221392 0.000103211 -0.000161861 -0.000472563 -0.00048495 0.00298163 -0.00227714 -0.00226424 0.000268784 -0.00265285 1.58563e-05 -0.00156298 -0.00265042 
-0.00162364 8.89617e-05 0.00270537 9.82324e-06 -0.000279164 -9.39504e-06 -0.000219467 -4.33894e-05 0.00023564 -0.000147508 0.000125528 0.00045926 -7.29654e-06 -0.000663751 0.000822376 0.000964444 -0.00147063 -0.000727675 -7.72832e-05 -0.000450825 -0.000206881 0.00118092 -7.40499e-06 0.00172937 -0.0003006 -0.000134307 0.00125265 4.39398e-06 1.85657e-06 0.000116734 0.00132451 -5.73339e-05 -6.25824e-05 -0.000170295 0.000193986 -0.000820086 -6.53528e-05 0.000362726 0.00156673 -0.00130857 -5.49819e-05 0.000162928 -0.000136496 -8.8506e-06 6.56703e-05 8.85329e-05 -0.000485247 -1.07983e-05 -1.29445e-05 -0.000222667 0.000240283 0.000330927 -4.12289e-07 0.000571757 -0.000106952 0.000362493 0.000330669 -0.000661166 -9.40886e-05 -0.00116244 0.000580393 -2.88154e-05 2.95812e-05 -0.000229925 -7.64703e-05 0.00156317 6.07652e-06 -5.95325e-07 0.000113342 -0.00107286 -5.05488e-06 -0.000116473 -0.00054194 -2.79215e-05 6.0305e-07 0.000472685 -4.97725e-06 2.31969e-05 2.3873e-05 -3.40148e-05 -4.10984e-05 -0.000366615 -2.88e-05 -0.000227001 8.06863e-05 -3.13082e-05 -1.12609e-05 -0.000880532 -2.26551e-05 -0.000335889 0.0015697 -2.2871e-05 -8.4478e-05 -0.000418759 -0.000916488 3.32501e-05 -4.4527e-05 8.6615e-06 -0.001401 -0.00102095 
-0.000639393 2.35769e-05 9.82324e-06 0.000966145 -9.72561e-05 2.6954e-06 -9.56159e-05 0.000543963 -5.70853e-05 0.00051828 4.28708e-05 0.000132753 6.72502e-07 0.000380135 0.000231856 -0.000160464 -0.000472612 -0.000376876 -3.40363e-05 -0.000144849 0.000346652 -0.000156299 0.000228223 -9.50934e-05 -0.000104312 -0.000106612 0.000500481 -6.23002e-06 7.8132e-05 -9.87051e-06 0.000657822 1.61303e-05 3.12649e-06 0.000659658 0.000212105 -0.000282098 -2.26591e-05 5.92561e-05 -0.000139828 -0.000453514 0.000349905 6.48462e-05 -8.64553e-05 3.8326e-05 -2.78187e-05 0.000503029 -0.000157564 -5.14057e-06 -1.62037e-06 4.95732e-05 -3.37729e-05 -2.05407e-05 -7.00728e-07 -9.42093e-06 -3.59273e-05 0.000631232 8.94616e-05 -0.000291439 -3.11063e-05 -0.000442949 -0.00019912 -1.11615e-05 -7.31295e-07 2.49929e-05 0.000514068 7.40253e-05 -1.80917e-06 4.6565e-05 0.00020415 -0.000355231 -7.28054e-06 5.95058e-05 -0.000220395 -1.16761e-05 2.06223e-06 1.13915e-05 3.1441e-06 1.08488e-05 5.81952e-06 1.06714e-05 6.5154e-06 -0.000146706 -2.39553e-05 -0.000203332 1.37153e-05 -4.596e-06 -4.69958e-06 -0.000404523 -1.11103e-05 -0.000102218 -6.99307e-05 0.000137029 -0.000140908 -0.000372851 -0.000341842 4.38053e-06 -0.000376595 4.3588e-05 -0.000488475 -0.000414896 
-0.0231302 -0.000413809 -0.000279164 -9.72561e-05 0.098086 -3.586e-05 0.00140098 0.0151311 0.0413905 -0.0118051 0.0131063 0.0275257 -0.00159933 -0.00390537 -0.0404989 0.00831854 -0.00600569 -0.0030557 0.0103068 -0.00661558 -0.00467496 -0.0111466 -0.0004133 -0.0137807 0.00233684 -0.00847632 -0.028737 0.00473794 -0.0011832 -0.00117727 -0.0182575 0.00900785 0.014397 -0.0152567 -0.0345204 -0.0121302 0.00529593 -0.000441734 -0.0128568 0.0232612 -0.00407422 -0.00172171 0.00776286 0.000154893 -0.00602951 0.00218257 -0.00520512 -4.99906e-05 2.99295e-05 0.0141598 -0.0049351 -0.00277565 0.000536068 -0.00235819 -0.00325521 -0.015924 -0.000272422 -0.0214167 0.00728916 -0.0252613 -0.0152688 0.000923219 0.000426386 0.013351 -0.00127671 -0.00316857 0.000957707 -0.00131391 -0.00581389 -0.00404011 -0.000388547 0.00709179 -0.0271842 -0.000628702 2.85679e-05 -0.00245485 -0.000283068 -8.33161e-05 0.000954138 0.015958 -0.00032428 -0.0160565 0.00025139 -0.0186715 -0.0137877 0.00352358 0.00378574 0.0461217 0.00707996 0.0262845 0.02688 0.00855199 -0.0138964 -0.0102794 0.00892093 -9.9426e-05 0.00248769 0.00019851 -0.00515982 0.0137588 
0.000563943 -2.73758e-05 -9.39504e-06 2.6954e-06 -3.586e-05 0.00556757 -0.000856912 -0.00163848 -0.000322321 -0.00067762 -0.000269887 -0.00105814 0.000187026 0.00226885 0.00027863 0.0019276 0.000546974 -0.00204894 0.000313575 -0.000892142 -0.000610086 -0.000826295 7.64798e-05 0.00116648 -0.000565522 0.00286028 -0.00145136 0.00117584 0.000765575 -3.18974e-05 -0.000917094 -4.57488e-05 -8.89972e-05 -0.000607298 0.000511989 -0.000144832 3.07187e-05 -8.96592e-05 0.000442544 -0.00216251 -0.000140488 -0.000226183 -0.000460628 4.05405e-05 -2.65462e-05 0.000242391 0.00330972 -3.44152e-05 0.000378928 0.000636359 -5.94036e-05 0.000656546 2.91686e-05 5.43599e-05 7.18941e-06 -0.000924096 0.00043818 0.000534508 -3.1544e-05 0.000259838 0.00218275 -5.39259e-05 0.000110552 -0.000175614 1.04519e-05 -0.000176993 6.22498e-05 2.4891e-05 -0.000316075 -0.0013973 -4.59831e-06 -0.000217496 0.00225834 0.000107783 -5.82034e-07 -0.000143832 -1.47051e-05 0.000139209 -5.94043e-05 0.000614022 5.35454e-05 -0.000210773 0.000574505 -0.000263001 -3.27419e-05 -0.000112149 -2.80239e-05 -0.00219388 0.000178975 -0.000144236 -0.00075561 0.00026442 -0.00050866 -0.00183299 -0.00181572 2.09839e-05 -0.00216271 -5.00253e-06 -2.04918e-05 -0.00194899 
0.0514687 -0.000993383 -0.000219467 -9.56159e-05 0.00140098 -0.000856912 0.147303 -0.0583521 -0.0116405 -0.0344878 -0.0081966 -0.04147 -0.00710361 -0.0860791 -0.0255444 -0.0510987 0.0685565 0.0831079 -0.00934691 0.0491997 -0.0213601 0.0194092 -0.000662484 -0.0192094 0.015593 -0.0241277 -0.0517945 -0.00519813 -0.0031783 -0.00182614 -0.0295477 -0.00354867 -0.00482622 -0.0290293 -0.0806727 0.0864569 0.00435507 -0.00442404 -0.0103112 -0.0197071 -0.00630392 -0.0037892 -0.0147385 -0.0012518 -0.0151905 -0.0057423 -0.0374059 -0.000183811 -0.00105012 -0.0271601 -0.00814396 -0.00444137 -0.000152297 -0.00337989 -0.00227808 -0.0334418 -0.00356944 -0.0450523 -0.0036626 0.0359446 -0.0395612 -0.00299746 -0.00137517 -0.00158315 -0.00470227 -0.00528177 -0.000187534 -0.00210529 -0.00950965 0.0957998 -0.000527814 -0.00836162 -0.0463265 0.00250396 -1.79105e-05 -0.00632177 0.000169793 -0.000185959 -0.000348377 -0.00780468 -0.00437355 -0.0274352 -0.00396245 -0.021464 -0.0237956 -0.00410321 -0.000606653 0.0756855 -0.00176112 -0.0175976 -0.0327061 0.00374146 -0.026183 0.0783434 0.097847 -0.000280327 0.0802192 -0.000144163 0.0797333 0.0866185 
-0.165748 0.000488917 -4.33894e-05 0.000543963 0.0151311 -0.00163848 -0.0583521 0.224745 0.0376367 0.0696476 0.0320012 0.1422 0.00392543 0.117793 0.0695659 0.0782958 -0.130054 -0.0681787 -0.00642153 -0.0346195 0.0757909 -0.037093 0.00187763 -0.053809 -0.025096 -0.036367 0.120477 0.00292459 0.00274542 0.00193251 0.103384 0.00962677 0.00805276 0.104798 0.0614687 -0.0972634 -0.00765969 9.45533e-05 0.0121868 -0.0136769 0.0218755 -0.00797122 -0.000320128 -0.000297052 0.00780632 0.0157433 -0.0213892 5.7402e-05 -0.00195747 0.0437496 -0.0155691 -0.00432638 0.000358767 -0.0061403 -0.0122455 0.11768 0.00673385 -0.0194001 -0.00607785 -0.124235 -0.00500936 0.00595914 -0.00103988 -0.00799685 0.0108345 0.0132593 -0.000552272 0.000842735 0.0356628 -0.129938 -0.00164541 0.0300413 -0.0445657 -0.00324435 2.67731e-05 0.0127163 0.000694776 -0.000295074 -0.0016822 0.0247156 -0.0091296 -0.0232305 -0.00149201 -0.0660957 0.0141145 0.0142356 0.000270325 -0.0397507 0.00530881 0.0418745 0.108747 0.0109426 -0.0219186 -0.122782 -0.104318 -0.000468659 -0.0818531 0.000529849 -0.127011 -0.0921472 
-0.0467987 -2.10333e-05 0.00023564 -5.70853e-05 0.0413905 -0.000322321 -0.0116405 0.0376367 0.068584 -0.00614173 0.0244439 0.0400762 0.00210199 0.00874077 -0.0193584 0.028143 -0.0328096 -0.0234999 0.0016749 -0.00943545 -0.000917959 -0.00193327 -0.00033228 -0.00828486 -0.00641587 -0.00960119 -0.0168514 0.00829076 -0.000927645 -0.000202525 -0.00515268 0.00907019 0.0090819 -0.00984585 -0.0252436 -0.0220026 -0.00123679 -0.000357741 0.00549025 0.00976993 -0.00270127 -0.00164815 0.016757 -0.000449636 -0.0030223 0.000971236 -0.0068605 -0.000475966 -0.000346389 0.0244371 -0.00303844 -0.00119274 0.000607702 -0.00160005 -0.00297122 -0.00918897 0.00286137 -0.0143803 0.0020172 -0.0338717 -0.000280019 0.00319159 0.000318372 0.0027958 -0.00048723 0.00168259 0.000302902 -0.00108248 -0.00346437 -0.0264431 -0.000114954 0.00880033 -0.0191874 -0.000578947 3.28293e-05 0.000650852 0.000187964 1.8832e-05 6.34219e-05 0.0261381 -0.00131563 -0.0119177 -0.00108882 -0.0156521 -0.00971559 0.00586991 0.00381276 0.0303772 0.00532123 0.0388009 0.0493403 0.0173658 -0.0106864 -0.0244981 -0.0123403 7.03255e-05 -0.00762006 0.000457974 -0.0321272 -0.0182433 
-0.0847384 0.00246893 -0.000147508 0.00051828 -0.0118051 -0.00067762 -0.0344878 0.0696476 -0.00614173 0.164271 -0.00579818 0.0649702 -0.00285806 0.0610026 0.0317028 -0.00934215 -0.0920599 -0.0402133 -0.00457037 -0.0367629 0.0817592 -0.0374317 0.00225899 -0.0327134 -0.020298 0.0254537 0.0775577 -0.00604545 0.00273468 -0.00227738 0.0758357 0.00762254 0.0104456 0.0857712 0.0704932 -0.0617943 -0.00450288 0.00865057 -0.0277533 -0.0509906 0.0256316 0.00694897 -0.00396092 -0.00144801 0.0579511 0.0141841 -0.0384781 -0.000589527 -0.000299196 -0.0207049 0.0311776 -0.00422664 -0.000162555 0.00252374 -0.00395753 0.0968865 -0.00136117 0.0168817 -0.00431734 -0.0531246 0.00525591 -0.003407 0.00236149 -0.0207443 0.00598457 0.00499703 -0.000398509 0.00011031 0.0366421 -0.0710104 -0.00168658 0.000865794 0.0146635 -0.00258913 -1.55999e-05 0.00819961 -0.000531791 -7.67232e-05 -0.00188037 -0.00646811 0.0037416 0.0184596 -0.00376454 -0.00247528 0.0680615 0.0148263 0.00051681 -0.0817561 0.00131066 -0.0206134 0.0214736 -0.00994898 0.029185 -0.0835776 -0.074046 0.000362088 -0.0862863 -5.78557e-05 -0.0994036 -0.0555887 
-0.0340936 0.00101544 0.000125528 4.28708e-05 0.0131063 -0.000269887 -0.0081966 0.0320012 0.0244439 -0.00579818 0.0509058 0.0231134 0.000647884 0.00436829 -0.00428436 0.0185221 -0.023629 -0.0191076 -0.000820112 -0.0076296 -0.00460936 -0.00366343 -0.000201494 -0.00742236 -0.00532402 -0.00696612 -0.00147989 0.00632754 -0.000846297 -0.000515991 -0.00258166 0.00181567 -0.00159172 -0.00089248 -0.00890009 -0.0160422 -0.00117552 -0.000172648 0.00960338 0.00247789 -0.00141767 4.74111e-05 0.0212155 -0.000351292 -0.00332932 0.00217868 -0.00976893 -0.000123001 -9.26521e-05 0.0235792 -0.0014617 -1.10632e-05 4.02143e-05 -0.000476832 -0.00187633 -0.0055937 0.000959008 -0.0119939 -0.00137881 -0.0248246 0.00142981 -0.000385222 -0.000227353 -0.00244002 0.000329684 -0.00120477 -0.000102826 0.000483612 -0.00258 -0.020872 0.000573134 0.00804427 -0.0142661 -0.000588503 -9.21485e-07 8.57418e-05 0.00150204 0.000139841 -0.000616251 0.0186168 -0.00130845 -0.00817486 -0.000534037 -0.0109521 -0.00521311 0.00210284 3.67012e-05 0.0179073 0.000585669 0.0292663 0.0382729 0.0213351 -0.00660241 -0.010562 -0.0109673 0.000444957 -0.00578787 0.00072377 -0.0243746 -0.0217429 
-0.150666 0.00127985 0.00045926 0.000132753 0.0275257 -0.00105814 -0.04147 0.1422 0.0400762 0.0649702 0.0231134 0.205617 -0.000963243 0.100203 0.047128 0.0549643 -0.107655 -0.0454227 -0.00609668 -0.0414782 0.0671642 -0.0420831 -0.000112457 -0.0378139 -0.0284872 -0.0286298 0.0864615 0.00309203 0.00293765 -0.0016477 0.0832901 0.00876569 0.0133428 0.0948154 0.0388825 -0.0778881 -0.00573806 0.0117064 -0.00545692 -0.0105292 0.0101646 0.00648936 -0.00668518 -0.00189469 0.00783798 0.0205095 -0.0277257 0.00217312 -0.00148767 0.0220357 -0.0133483 -0.00734014 0.000445514 0.00211713 -0.0113892 0.105779 0.00257149 -0.0276794 -0.00261138 -0.118841 -0.000153817 0.00134774 -3.72229e-05 -0.00596749 0.00568334 0.00966706 2.09656e-05 0.000197298 0.0331165 -0.102155 -0.000324781 0.0234668 -0.0521747 -0.00285216 2.12707e-05 0.00724406 -0.000615281 0.000123727 0.000327817 0.0161819 -0.00599682 -0.0381839 -0.00171263 -0.0476886 0.0163054 0.0115985 0.00231891 -0.0243456 0.00745205 0.0262886 0.0986995 0.00730683 -0.0119238 -0.093299 -0.0781998 -0.000158123 -0.0750432 0.000108076 -0.115757 -0.0569391 
-0.00284929 -0.0001724 -7.29654e-06 6.72502e-07 -0.00159933 0.000187026 -0.00710361 0.00392543 0.00210199 -0.00285806 0.000647884 -0.000963243 0.0466586 0.00768573 -0.0152505 0.00705388 -0.0133058 -0.0159552 0.0187555 -0.00308664 -0.00410161 0.00418865 -0.00015068 -0.00413383 0.00545968 0.00756749 -0.00877943 0.00063333 -0.000509183 0.00113424 -0.00527971 -0.00042163 0.000479412 -0.00692986 -0.000380167 -0.0118748 0.000322526 0.00222581 0.000547849 -0.0212058 -0.00173774 1.76914e-05 0.00237483 -0.000205958 0.00384707 -9.3159e-05 0.00617134 -0.000368274 0.00091838 0.0173143 0.00507402 0.000653687 3.02637e-05 0.00120642 -0.000364242 -0.00848488 -0.000319456 -0.00270223 0.00651085 -0.00288453 0.0174006 0.00660726 0.00141533 -0.0016514 0.00092962 0.00495364 1.01803e-05 -3.60943e-05 -0.00190765 -0.0108072 -0.000139883 0.00186998 0.000372068 -0.000507322 5.28347e-06 0.0116015 0.00047323 2.35799e-05 -0.000414538 0.0062421 0.000105198 0.00386928 0.00260141 -0.00272894 0.00308087 8.81868e-05 0.000843207 -0.00748749 -0.000259537 -0.00398622 0.00718499 0.0054633 -0.000836843 -0.0189773 -0.0145614 -4.27267e-05 -0.0150409 0.000301724 -0.00158168 -0.00409138 
-0.107994 0.000646144 -0.000663751 0.000380135 -0.00390537 0.00226885 -0.0860791 0.117793 0.00874077 0.0610026 0.00436829 0.100203 0.00768573 0.249994 0.0893062 0.120617 -0.125165 -0.135709 0.00650697 -0.0755779 0.0516763 -0.0610799 0.00183301 -0.0119222 -0.0344535 0.0279897 0.128899 -0.00880809 0.00732119 -0.0024029 0.0680421 0.00537159 0.00606647 0.0804381 0.132345 -0.125086 -0.0105204 0.00516023 0.0154804 0.00965672 0.0171491 0.00676817 -0.0156093 0.00220518 0.00394391 0.0154949 0.0763939 0.00286645 0.00170382 0.0511679 -0.00515281 0.00967431 0.000376755 -0.00525013 -0.0119238 0.0943382 0.00111504 0.0735832 0.00200051 -0.106247 0.0724174 0.00217989 0.000358714 -0.0147062 0.0134124 0.00203873 -0.000626826 -0.00127015 0.024165 -0.179232 -0.00354123 0.0148215 0.0672855 -0.00445591 -2.55368e-05 0.00638893 -0.00104019 0.000377883 -0.00209272 0.00806831 -0.0013422 0.0320273 0.00575943 -0.00837561 0.0308379 0.00268021 -0.000198246 -0.117665 0.00336194 0.00128378 0.0635685 -0.0184047 0.0322974 -0.156435 -0.177258 -0.000466851 -0.168321 -0.00018244 -0.13471 -0.128004 
-0.07146 -0.00147244 0.000822376 0.000231856 -0.0404989 0.00027863 -0.0255444 0.0695659 -0.0193584 0.0317028 -0.00428436 0.047128 -0.0152505 0.0893062 0.248434 0.0694905 -0.0571095 -0.0063385 -0.0223208 -0.0469666 0.0429308 -0.00367529 0.00186481 -0.0152163 -0.0414022 -0.0254013 0.111438 0.000764892 0.00183157 -0.000181685 0.0860054 -0.00471047 -0.00568204 0.0763676 0.074045 -0.0533752 -0.00805672 -0.00769659 0.0551245 -0.0159847 0.016619 -0.00453246 -0.0239499 -0.00203703 -0.00698212 0.00976594 0.0143348 0.00119437 -0.000170178 -0.00017162 -0.0198954 0.0111026 -0.000339454 -0.00493398 -0.00905385 0.0881726 0.0037319 0.00568297 -0.00986498 -0.111026 0.00379228 -0.00549984 -0.00341125 -0.0229971 0.00785691 0.00644144 -0.000599659 -0.00124647 0.0277578 -0.0623023 -0.00315941 -0.00507832 -0.0121763 0.000698282 -2.51573e-05 -0.00335407 -0.000290496 -0.000557331 0.000558182 -0.0116062 -0.00624436 -0.0284122 0.00133866 -0.0244203 -0.00991584 -0.000316631 -0.00210812 -0.0646738 -0.00356922 0.00818835 0.038915 -0.0236779 -0.0274828 -0.0475079 -0.0511317 -0.000578859 -0.0333479 -0.000442442 -0.0568645 -0.0555417 
-0.0716943 -0.000674387 0.000964444 -0.000160464 0.00831854 0.0019276 -0.0510987 0.0782958 0.028143 -0.00934215 0.0185221 0.0549643 0.00705388 0.120617 0.0694905 0.215632 -0.105295 -0.0669144 0.0033913 -0.0496657 0.0060885 -0.0126825 -0.00121988 -0.00700417 -0.027132 -0.00519479 0.08146 -0.00236065 0.00529709 0.00267415 0.0347774 0.000502829 0.000818291 0.028426 0.0515766 -0.0785842 -0.00717648 -0.00402314 0.0522928 -0.0251203 -0.00934737 -0.00701642 -0.00478499 -0.00114421 -0.00853113 -0.00545996 0.0627894 -0.000170006 -0.000277881 0.0607409 -0.00694567 0.0161387 0.000405958 -0.00676184 -0.0101028 0.0265998 0.00664889 0.0131976 0.0113939 -0.090366 0.062975 0.0063452 -0.00147858 -0.0036216 0.00101737 0.00948904 -0.000198633 0.000230941 0.00282399 -0.118551 -0.00209741 0.0112423 0.0194316 0.000776155 -1.12397e-05 0.011997 0.00100443 0.000194242 -0.0025931 0.0233484 -0.00286996 -0.00202624 0.00559064 -0.0168527 -0.0237431 -0.00271077 0.00139145 -0.0354127 0.00129417 0.0263261 0.0925996 -0.00392885 -0.00546407 -0.0954745 -0.0983967 -0.000144899 -0.0841732 0.00011759 -0.0892282 -0.0821159 
0.145645 -0.00135238 -0.00147063 -0.000472612 -0.00600569 0.000546974 0.0685565 -0.130054 -0.0328096 -0.0920599 -0.023629 -0.107655 -0.0133058 -0.125165 -0.0571095 -0.105295 0.243628 0.117296 -0.0101115 0.059409 -0.0646897 0.0297991 -0.000930753 0.0235014 0.0349264 -0.0143564 -0.127339 -0.00291517 0.0013605 -0.00363032 -0.0784545 -0.00950657 -0.0154246 -0.0796057 -0.10381 0.11532 0.00824757 -0.0121799 -0.0158838 0.0529406 -0.0184404 -0.00852371 -0.00912213 0.00116474 -0.0362168 -0.0090616 0.0002659 8.10351e-05 -0.00287047 -0.0415409 -0.0253137 -0.0117595 -0.000360799 -0.00650031 0.0147929 -0.0891411 -0.00853384 -0.0289307 -0.00601986 0.112143 -0.0850144 -0.00810613 -0.0012702 0.00966649 -0.0123616 -0.0154217 3.45485e-05 0.00155136 -0.0282518 0.157375 0.00256916 -0.0150542 -0.0187086 0.00377836 -1.88175e-05 -0.0194711 -0.00100177 -0.000128203 0.00287752 -0.0237314 0.00673923 -0.0256387 0.00589548 0.00899589 -0.0517838 -0.0135084 -0.00234449 0.0808932 -0.00218303 -0.00725885 -0.105814 -0.001474 -0.0447821 0.141526 0.138524 -0.000730358 0.130625 -0.000516223 0.189853 0.111603 
0.0580503 -0.00304536 -0.000727675 -0.000376876 -0.0030557 -0.00204894 0.0831079 -0.0681787 -0.0234999 -0.0402133 -0.0191076 -0.0454227 -0.0159552 -0.135709 -0.0063385 -0.0669144 0.117296 0.24994 -0.0124156 0.0585546 -0.0121326 0.0245912 -0.000881743 -0.0140459 0.0271879 -0.0593234 -0.0665323 -0.0104114 0.00114202 -0.00229975 -0.00117813 -0.0105634 -0.00410069 -0.00669595 -0.0973766 0.099705 0.00840234 -0.0124189 -0.00646623 -0.0306274 -0.013056 -0.00617135 -0.0301301 -0.00293228 -0.017863 -0.0109392 -0.0787779 -0.00371247 -0.00258765 -0.0686888 -0.0234615 -0.0135384 -0.000378627 -0.00564244 0.00718206 -0.0166658 -0.00591309 -0.121725 0.0114247 0.0415619 -0.112568 -0.00411268 -0.00335692 0.0232371 -0.0104617 -0.00472831 0.000501357 0.00364746 0.00483404 0.156569 0.00197709 -0.0222114 -0.112131 0.00456326 -4.59906e-05 -0.0189356 0.000158516 -0.000641344 0.00293865 -0.0160862 8.97502e-05 -0.072448 -0.0042922 -0.027479 -0.0580373 -0.00820757 -0.000492238 0.116906 -0.00555706 -0.0151557 -0.0391454 -0.00539217 -0.0753324 0.142949 0.163334 -0.000392082 0.139241 -0.00045715 0.116704 0.152121 
-0.000940965 0.000120216 -7.72832e-05 -3.40363e-05 0.0103068 0.000313575 -0.00934691 -0.00642153 0.0016749 -0.00457037 -0.000820112 -0.00609668 0.0187555 0.00650697 -0.0223208 0.0033913 -0.0101115 -0.0124156 0.057637 -0.00336677 -0.00555741 -0.00167065 -0.000153124 -0.00756812 0.0167066 0.0156479 -0.0169643 0.00375019 -0.000947257 0.00098629 -0.0114325 -8.52637e-05 0.0100611 -0.00705419 -0.000632797 -0.010982 0.00130763 0.00111943 -0.00431512 -0.00614066 -0.00202328 0.0018275 0.00079857 0.000783001 0.00760949 0.00273613 0.000243442 -0.000410822 0.00349843 0.0164369 0.00520531 0.000427257 3.83502e-05 -0.000224963 -0.0012095 -0.0119763 0.000604311 -0.00771712 0.0209984 0.0003585 0.00192493 0.00560135 0.00297604 0.0174432 -0.000135177 -0.000867839 0.000795986 -0.000893564 -0.00351023 -0.0098158 -0.000176853 0.00503131 -0.00507752 -0.00044738 1.36631e-05 0.00796988 6.56737e-05 -6.77979e-05 0.000753068 0.000355309 0.000552287 0.00527939 0.00445783 -0.0117701 0.00189776 -0.000938385 0.0012839 0.00284539 0.0015538 -0.00635055 -0.003735 -0.00251858 -0.00450888 -0.0194456 -0.016127 -1.91979e-05 -0.0194382 -2.03021e-05 0.000464984 0.00833522 
0.046725 -0.000935101 -0.000450825 -0.000144849 -0.00661558 -0.000892142 0.0491997 -0.0346195 -0.00943545 -0.0367629 -0.0076296 -0.0414782 -0.00308664 -0.0755779 -0.0469666 -0.0496657 0.059409 0.0585546 -0.00336677 0.148839 -0.0211876 0.0302527 -0.000624712 -0.00331321 0.0358387 -0.0205228 -0.0460065 0.00507881 -0.00289717 0.00347281 -0.0299967 -0.0036286 -0.00586173 -0.029 -0.0496072 0.0471837 0.00522314 -0.0049354 -0.0197081 0.000882982 -0.0067649 -0.00854485 -0.0120877 -0.000615556 -0.0150374 -0.00549126 -0.0282864 -0.000230285 -0.00108004 -0.015609 -0.00864372 -0.00460265 -0.00013913 -0.00321152 -0.00598712 -0.0370241 0.00259216 -0.0358169 -0.00684962 0.0511267 -0.0415828 0.00289133 -0.00128815 -0.00241295 -0.00447293 -0.00322451 -0.00010784 -0.000568162 -0.0102584 0.0668348 0.00311747 -0.003074 -0.0395608 0.000581432 2.25747e-05 -0.00502004 -0.000451996 -0.000253099 -0.00183567 -0.00692616 -0.00337018 -0.016255 -0.000796946 -0.020057 -0.0227675 -0.00394989 -0.000586091 0.0498537 -0.000541068 0.00167525 -0.0335707 -0.00394387 -0.0277436 0.0599052 0.0718543 -0.000230927 0.0813774 -1.71435e-05 0.069181 0.0541341 
-0.082249 -0.000326826 -0.000206881 0.000346652 -0.00467496 -0.000610086 -0.0213601 0.0757909 -0.000917959 0.0817592 -0.00460936 0.0671642 -0.00410161 0.0516763 0.0429308 0.0060885 -0.0646897 -0.0121326 -0.00555741 -0.0211876 0.106545 -0.0228816 0.00146386 -0.0207965 -0.0131535 -0.0120594 0.0702447 -0.00387763 0.00209549 -0.00144976 0.0741529 0.00472324 0.0135542 0.0869708 0.0396293 -0.0373512 -0.00256732 0.00248631 -0.0139661 -0.02213 0.0227999 -0.0027378 -0.0121812 -0.000812156 0.0229443 0.00909778 -0.0256919 -0.000796321 -0.000599316 -0.0134837 -0.00547489 -0.00316559 -6.18301e-05 -0.00212378 -0.00488559 0.0882314 -0.0019066 -0.0199523 -0.00269866 -0.0566961 -0.0235517 -0.00187099 -0.000706298 -0.0109762 0.00132888 0.00762009 -0.000215891 0.000369965 0.0412092 -0.0481956 -0.000963196 0.00989863 -0.021979 -0.00148798 -8.65625e-06 -9.98463e-05 -0.000260318 -0.000157689 -0.00123659 -0.0033363 -0.00254712 -0.019099 -0.00213325 -0.025834 0.0135984 0.016205 0.000528404 -0.0451876 0.0023252 -0.00944093 0.0322788 -0.00685032 -0.0117044 -0.0513589 -0.0429979 -0.000226426 -0.0486175 -7.73322e-05 -0.0623779 -0.026435 
0.0318182 -0.000697594 0.00118092 -0.000156299 -0.0111466 -0.000826295 0.0194092 -0.037093 -0.00193327 -0.0374317 -0.00366343 -0.0420831 0.00418865 -0.0610799 -0.00367529 -0.0126825 0.0297991 0.0245912 -0.00167065 0.0302527 -0.0228816 0.15727 -0.000901595 0.0586886 0.000728621 -0.0193224 -0.0351879 0.00835711 -0.00336545 0.00598586 -0.014903 -0.00330342 -0.00599787 -0.0317601 -0.0400963 -0.00821191 0.000214217 -0.0049297 0.0359449 -0.0526801 -0.007211 -0.00894801 0.0149159 -0.00113214 -0.0157878 -0.00663934 -0.00116134 -0.00141469 -0.00102762 -0.0103596 -0.00339658 0.00376736 -0.000146577 0.000785885 -0.00515796 -0.0380582 0.00361889 -0.0247986 -0.00632323 0.000168467 -0.0144468 0.00470792 4.32822e-05 -0.0170858 -0.00507142 0.00397787 -0.000148297 0.00341098 -0.00966897 0.0421936 -0.000601241 -0.00406133 -0.0146718 0.00570212 3.42721e-05 0.00359999 0.000144807 -0.000263371 -0.0017066 -0.00148678 0.00215703 -0.0168237 0.00392094 0.0329514 -0.0254598 -0.00334156 -0.000511817 -0.0101513 -0.00158964 0.00344188 -0.0133398 0.00792733 -0.0187092 0.0425903 0.0460522 -0.00028901 0.0747563 6.95883e-05 0.0332647 0.00603966 
-0.0022957 7.90949e-05 -7.40499e-06 0.000228223 -0.0004133 7.64798e-05 -0.000662484 0.00187763 -0.00033228 0.00225899 -0.000201494 -0.000112457 -0.00015068 0.00183301 0.00186481 -0.00121988 -0.000930753 -0.000881743 -0.000153124 -0.000624712 0.00146386 -0.000901595 0.00470657 -0.000797124 -0.000296395 0.000133521 0.00246643 -2.47238e-05 3.92714e-05 -4.21693e-05 0.00263279 9.25924e-06 6.06609e-05 0.00231222 0.00163676 -0.00124639 -6.26301e-05 2.18376e-05 -0.00059739 -0.000718579 0.00143778 3.41233e-05 -0.000421564 -3.59082e-06 -0.000139429 0.00105655 -0.000895054 -1.91865e-05 3.3303e-05 -0.000294608 -0.000179617 -0.000122392 -3.61478e-06 -6.52656e-05 -0.000179919 0.00302594 -2.97044e-05 -0.000490995 -0.000220831 -0.00175328 -0.000646559 -5.77198e-05 4.61501e-05 0.000483602 0.00222316 5.8031e-05 6.09255e-05 0.000160446 0.000787973 -0.00121253 -1.60763e-05 -0.000146274 -0.000968538 -3.99085e-05 2.42257e-07 3.57324e-05 -1.06576e-05 -2.39463e-06 9.64324e-06 -0.000183525 -1.57684e-05 -0.000113624 0.000150722 -0.000956443 0.000621298 -5.02364e-05 -1.95692e-05 -0.00176359 3.79132e-05 -0.000159042 -0.000922682 -0.000294323 -0.00020514 -0.00197557 -0.00169516 -3.27631e-06 -0.00185452 -3.11547e-06 -0.00179211 -0.00136455 
0.0396039 -0.000177947 0.00172937 -9.50934e-05 -0.0137807 0.00116648 -0.0192094 -0.053809 -0.00828486 -0.0327134 -0.00742236 -0.0378139 -0.00413383 -0.0119222 -0.0152163 -0.00700417 0.0235014 -0.0140459 -0.00756812 -0.00331321 -0.0207965 0.0586886 -0.000797124 0.147668 -0.0148596 0.00727244 -0.0159322 0.00518908 0.000735816 -0.000635102 -0.0170534 -0.00365152 -0.0057318 -0.0293715 -0.00580119 -0.0235394 -0.00166964 0.00374742 0.00664471 -0.00810924 -0.0066067 0.00307699 0.00361543 0.000319442 -0.0141987 -0.00485012 0.0505844 -0.00129177 -0.000877491 -0.017595 -0.00385162 0.00363955 -9.80936e-05 0.00626339 0.0015284 -0.0337238 0.00097005 0.0102683 -0.00690362 0.013279 0.0155071 -0.00248569 -8.00201e-05 -0.0121549 -0.00494916 0.00247403 -4.71506e-06 0.00461949 -0.00950259 0.00961019 -0.000911235 -0.00834814 0.036227 0.000731132 2.65733e-05 -0.00275958 -0.00042746 -1.32331e-05 0.0001172 -0.00354715 0.00671982 -0.00676897 0.00472893 0.0745423 -0.0134692 -0.00301457 -0.000793467 -0.0463501 -0.0012277 -0.0130992 -0.0173681 0.00295988 0.020612 0.0466164 -0.00396206 0.00057803 0.0173146 -0.000107526 0.00746222 -0.0145385 
0.0315003 -0.000652777 -0.0003006 -0.000104312 0.00233684 -0.000565522 0.015593 -0.025096 -0.00641587 -0.020298 -0.00532402 -0.0284872 0.00545968 -0.0344535 -0.0414022 -0.027132 0.0349264 0.0271879 0.0167066 0.0358387 -0.0131535 0.000728621 -0.000296395 -0.0148596 0.0987936 -0.000938661 -0.03023 -0.00338632 -0.00176273 0.00336507 -0.0216849 -0.00226582 0.00109967 -0.0183732 -0.0334773 0.0270307 0.00436578 -0.00272915 -0.00673223 0.00723227 -0.00411786 -0.00020079 -0.00604169 -0.000229537 -0.00376392 -0.00276166 -0.0194444 -0.000460785 0.000415452 -0.00361417 -0.0047734 -0.00274027 -6.78858e-05 -0.00246839 0.000767936 -0.0231635 -0.0020157 -0.0176758 0.0114598 0.028231 -0.0231597 0.00359422 -0.000366296 0.00852119 -0.0029764 -0.00260188 0.00016577 -0.0014739 -0.00646745 0.0353369 0.000439236 -0.00303049 -0.020995 0.000425808 -3.71228e-08 -0.00196292 -0.0002218 -9.43126e-05 0.000599424 -0.00474732 -0.00248527 -0.000892207 0.00349894 -0.0227043 -0.011022 -0.00252374 0.000123434 0.0388488 -0.000976313 -0.00720931 -0.0207888 -0.0048466 -0.0168684 0.0192957 0.0225082 -0.000134664 0.0239316 -4.23863e-05 0.0429247 0.039 
0.0224027 0.000353263 -0.000134307 -0.000106612 -0.00847632 0.00286028 -0.0241277 -0.036367 -0.00960119 0.0254537 -0.00696612 -0.0286298 0.00756749 0.0279897 -0.0254013 -0.00519479 -0.0143564 -0.0593234 0.0156479 -0.0205228 -0.0120594 -0.0193224 0.000133521 0.00727244 -0.000938661 0.117395 -0.0128416 0.00523692 0.0036416 -0.00125709 -0.0203864 -0.000245735 -0.00130847 -0.0144637 0.0439094 -0.0318995 -0.000920792 0.000607439 -0.0203996 -0.00868261 0.000519514 0.00278964 0.012035 0.00010666 0.0298525 0.00169613 0.0188294 -0.00103956 0.00467503 -0.00416557 0.0331244 0.0017523 -8.80599e-05 0.00192261 -0.000324184 -0.0195214 -0.00158324 0.061155 0.00246866 0.0286607 0.0482976 -0.00087422 0.00237957 -0.00602207 0.000701449 -0.00440047 0.000101414 -0.00117287 -0.0078137 -0.0394396 -0.000812024 -0.00635604 0.0707212 -0.00147654 -6.75654e-06 -0.000409834 -0.000316213 -9.4769e-06 -0.00142239 -0.00500719 0.00686426 0.0570232 0.0030506 0.0366117 0.0501528 -0.00335571 -0.00062806 -0.0528597 -0.000866834 -0.0160593 -0.0255796 -0.00839339 0.0355456 -0.0414074 -0.0482106 8.30659e-05 -0.0456098 -0.000118545 -0.0209373 -0.0413702 
-0.109774 0.00063934 0.00125265 0.000500481 -0.028737 -0.00145136 -0.0517945 0.120477 -0.0168514 0.0775577 -0.00147989 0.0864615 -0.00877943 0.128899 0.111438 0.08146 -0.127339 -0.0665323 -0.0169643 -0.0460065 0.0702447 -0.0351879 0.00246643 -0.0159322 -0.03023 -0.0128416 0.225098 -0.0110076 0.00322632 0.00125924 0.103844 0.000854917 0.00342737 0.10313 0.128342 -0.0938149 -0.00671302 0.0064624 0.00922436 -0.020695 0.0210953 0.000808005 -0.0317459 -0.00119845 0.0123291 0.0114133 0.00790903 0.00296028 -0.00148085 0.00356395 -0.00913461 0.0120226 -0.000230649 0.00227879 -0.0128527 0.126517 0.00334807 0.0183518 -0.00709286 -0.110857 0.0333519 -0.00268915 -0.00219791 -0.0150212 0.0112819 0.0122113 -0.000650524 0.00172253 0.0366459 -0.116173 -0.00281511 0.00661697 0.00784111 -0.00366289 -8.35345e-06 0.0105505 -0.000145145 -0.000183581 -0.00190639 -0.0099284 -0.00696153 0.00368628 -0.00592436 -0.0178808 0.0284093 0.00752284 -0.00159295 -0.0976209 -0.0027058 -0.0208232 0.0541331 -0.0213098 0.0263908 -0.100792 -0.118298 -6.8026e-05 -0.096133 -0.000315936 -0.129051 -0.0776423 
-0.0081777 6.19644e-05 4.39398e-06 -6.23002e-06 0.00473794 0.00117584 -0.00519813 0.00292459 0.00829076 -0.00604545 0.00632754 0.00309203 0.00063333 -0.00880809 0.000764892 -0.00236065 -0.00291517 -0.0104114 0.00375019 0.00507881 -0.00387763 0.00835711 -2.47238e-05 0.00518908 -0.00338632 0.00523692 -0.0110076 0.0379464 -0.000209926 -0.000166143 -0.00624037 0.00113279 -0.000814005 -0.00645473 -0.0122354 -0.0120084 0.000824755 -0.000928241 -0.0015531 -0.00236052 -0.00137618 -0.00124767 0.0147353 -0.000250313 -0.00208546 0.000131125 0.00516986 -8.1694e-05 0.0027297 -0.00316676 0.000120865 0.00326976 -3.35427e-05 -0.000486863 -0.00110794 -0.008022 0.00494813 0.00892924 -0.00179012 -0.0127794 -0.0015175 -0.000292249 0.000312815 -0.0017925 -0.000458186 -0.00108081 0.000214681 -0.000263 -0.00230651 -0.0104661 3.17474e-05 0.00238463 0.00412475 1.88343e-05 2.30895e-05 0.000754863 8.04416e-05 -3.29576e-05 -0.000244992 0.0052399 0.00123267 -0.00355478 0.00437201 0.00124929 -0.000879369 0.000286438 -0.000176614 -0.00571175 0.00161091 0.0153683 0.00360389 0.0124756 -0.00359937 -0.00490444 -0.000741012 -3.42836e-05 0.00961059 0.000249514 -0.00664135 -0.0164928 
-0.00274454 -0.00010314 1.85657e-06 7.8132e-05 -0.0011832 0.000765575 -0.0031783 0.00274542 -0.000927645 0.00273468 -0.000846297 0.00293765 -0.000509183 0.00732119 0.00183157 0.00529709 0.0013605 0.00114202 -0.000947257 -0.00289717 0.00209549 -0.00336545 3.92714e-05 0.000735816 -0.00176273 0.0036416 0.00322632 -0.000209926 0.0222261 -0.000133907 0.000808194 -0.000337122 0.000136841 0.00443846 -0.000402433 -0.00582811 -0.000351066 0.00173294 -0.00291862 -0.00413697 -8.34991e-06 0.00377803 -0.00237123 0.000263499 -0.000866433 0.00157027 0.00496707 0.000119355 9.73644e-05 -0.00144072 -0.000763895 -0.000299017 1.82665e-05 -0.000314577 0.00230511 0.00465078 -9.94704e-05 0.000215764 -0.000856759 -0.00617791 -0.00352234 -8.99444e-05 0.000200815 -0.00124827 -0.000624368 -0.000672605 5.16175e-05 0.00493744 -0.000212607 -0.00535043 -0.00013546 9.36822e-05 0.00293075 -3.93808e-05 -1.32449e-06 -0.000496829 -5.60874e-05 0.000141012 -0.000170791 -0.000558432 0.0053411 -0.000457558 -0.000192288 0.00229065 -0.0002612 5.99722e-05 -7.87474e-05 -0.00819372 0.000250254 0.00116395 -0.000939907 -0.00048711 -0.00289348 -0.003181 -0.00593905 0.000171545 -0.00675192 -1.9562e-05 -0.0032567 -0.00910247 
0.00263746 -4.58609e-05 0.000116734 -9.87051e-06 -0.00117727 -3.18974e-05 -0.00182614 0.00193251 -0.000202525 -0.00227738 -0.000515991 -0.0016477 0.00113424 -0.0024029 -0.000181685 0.00267415 -0.00363032 -0.00229975 0.00098629 0.00347281 -0.00144976 0.00598586 -4.21693e-05 -0.000635102 0.00336507 -0.00125709 0.00125924 -0.000166143 -0.000133907 0.0120298 -0.00167904 -0.000251773 -0.00026439 -0.00170608 -3.92388e-05 -0.00147101 -5.11047e-05 -0.000122955 0.00503294 -0.00219783 -0.000444601 -0.000478006 -0.000299388 -7.99184e-05 -8.41437e-05 -0.000392705 -0.00173681 -4.38001e-05 -6.32799e-05 0.000310044 -0.000471518 0.000320271 -7.55166e-06 0.000161231 -0.000427956 -0.00223288 0.001733 0.000825497 0.000265191 0.0017463 -0.000693385 0.00522029 -0.000100932 -0.000411648 -0.000255219 0.00112848 4.28393e-06 -3.68683e-05 -0.000691443 -0.00163927 4.65504e-05 -0.000292835 -0.00214586 0.000992597 4.78678e-06 0.000272149 -2.12939e-05 -4.37325e-06 -0.000129794 -0.000383927 -0.000224161 0.00264909 0.000435751 -0.00162702 -0.00135909 -0.000308828 -4.07502e-05 -0.00293849 -3.58602e-05 -0.000903995 -0.00159506 -0.000616173 -0.00127788 -0.00277632 -0.00185013 -1.98536e-05 0.00439323 -1.47019e-07 -0.00152967 -0.00274611 
-0.114464 -0.000576278 0.00132451 0.000657822 -0.0182575 -0.000917094 -0.0295477 0.103384 -0.00515268 0.0758357 -0.00258166 0.0832901 -0.00527971 0.0680421 0.0860054 0.0347774 -0.0784545 -0.00117813 -0.0114325 -0.0299967 0.0741529 -0.014903 0.00263279 -0.0170534 -0.0216849 -0.0203864 0.103844 -0.00624037 0.000808194 -0.00167904 0.159742 -0.000115822 0.00517693 0.109952 0.0563274 -0.0528362 -0.00460729 -0.00446775 0.0133427 -0.0523945 0.020039 -0.00329936 -0.0188461 -0.00129633 0.0176879 0.0136813 -0.0357342 -0.000727356 -0.00113072 0.0014613 -0.00937778 -0.00151 -0.000145575 -0.00207591 -0.00721309 0.115197 0.0027395 -0.0408819 -0.000869539 -0.0844153 -0.0148428 -0.00197645 -0.00148934 -0.0110967 0.00880605 0.0170673 -0.000306168 0.00313789 0.045169 -0.0599569 -0.00162969 0.00141298 -0.0423407 -0.00236291 -4.60846e-06 0.00721894 -0.000168951 -0.000251263 -0.000334731 -0.00270075 -0.0056915 -0.0301546 -0.00349121 -0.0328294 0.00932682 0.0109543 -0.000616816 -0.0494664 -0.00166367 -0.013399 0.0607855 -0.0123445 -0.0268535 -0.0608373 -0.0573082 -0.000362056 -0.0530999 -0.000114997 -0.084642 -0.0399138 
-0.01164 0.000480001 -5.73339e-05 1.61303e-05 0.00900785 -4.57488e-05 -0.00354867 0.00962677 0.00907019 0.00762254 0.00181567 0.00876569 -0.00042163 0.00537159 -0.00471047 0.000502829 -0.00950657 -0.0105634 -8.52637e-05 -0.0036286 0.00472324 -0.00330342 9.25924e-06 -0.00365152 -0.00226582 -0.000245735 0.000854917 0.00113279 -0.000337122 -0.000251773 -0.000115822 0.0215068 0.00073855 0.000635419 -0.00163821 -0.00660181 -0.000387488 0.00169315 -0.0031563 0.0044933 0.000517056 -0.000435399 0.00211135 -0.00013125 0.000402998 -0.000498828 0.000246794 0.000254354 0.000189258 -0.000146611 0.00130038 -0.000374075 0.000317802 -0.000105148 -0.000689964 0.00264046 -0.000393539 0.00384289 -0.000861121 -0.00840092 -5.35222e-05 -7.94234e-07 0.00021104 -0.00169017 -0.000137539 -0.000377419 -8.12184e-06 -0.000206751 0.000162217 -0.00791502 -0.000143695 0.00653594 -0.00120215 -0.000269482 8.6091e-07 -0.000180319 -4.18717e-05 8.82161e-05 -0.000234761 0.00301268 0.00144141 -0.000875339 -0.000389106 -0.00264752 0.00318295 0.0016845 0.000210203 -0.000605135 0.00388299 0.00675584 0.00567181 0.000577491 0.00355548 -0.00945447 -0.00718026 0.00011493 -0.0079107 0.00011473 -0.00931978 -0.00804981 
-0.0173418 -0.000188004 -6.25824e-05 3.12649e-06 0.014397 -8.89972e-05 -0.00482622 0.00805276 0.0090819 0.0104456 -0.00159172 0.0133428 0.000479412 0.00606647 -0.00568204 0.000818291 -0.0154246 -0.00410069 0.0100611 -0.00586173 0.0135542 -0.00599787 6.06609e-05 -0.0057318 0.00109967 -0.00130847 0.00342737 -0.000814005 0.000136841 -0.00026439 0.00517693 0.00073855 0.0339087 0.0100323 0.000793867 -0.00904971 0.000119954 0.00120003 -0.00515 0.00515341 0.00156405 0.00241613 -0.00392001 0.000609973 0.00210978 0.00212264 -0.00722445 -0.000283795 0.000850165 0.00177245 -0.00148505 -0.000883053 9.07234e-06 -0.000633273 -0.00114251 0.00862057 0.000301835 -0.0108946 0.00886469 -0.0147366 -0.00794846 0.000816456 0.000235196 0.0106225 -0.000586151 -7.33749e-05 0.00115844 -0.000203923 0.00508941 -0.00890605 6.2613e-05 0.000262892 -0.00939186 -0.000381115 5.91238e-06 0.000362137 -9.72785e-05 -4.7747e-05 0.000192662 -0.000890638 -0.000909459 -0.00519113 -0.000949822 -0.00754958 -0.00363493 0.00399861 0.00392584 0.00316359 0.000602166 -0.0024127 0.00555503 -0.00230896 -0.00396458 -0.0111669 -0.0059593 3.24796e-06 -0.0123667 -3.35406e-05 -0.014447 0.0106601 
-0.113855 -0.000326045 -0.000170295 0.000659658 -0.0152567 -0.000607298 -0.0290293 0.104798 -0.00984585 0.0857712 -0.00089248 0.0948154 -0.00692986 0.0804381 0.0763676 0.028426 -0.0796057 -0.00669595 -0.00705419 -0.029 0.0869708 -0.0317601 0.00231222 -0.0293715 -0.0183732 -0.0144637 0.10313 -0.00645473 0.00443846 -0.00170608 0.109952 0.000635419 0.0100323 0.143576 0.0613538 -0.0532553 -0.00411829 0.00020751 -0.00661102 -0.0419118 0.0229449 0.000150785 -0.0195975 -0.00108641 0.0210551 0.0205611 -0.0331417 -0.000983778 -0.0003124 -0.00974767 -0.0082671 -0.00408187 -0.000119973 -0.00314678 -0.00699369 0.124357 9.63744e-05 -0.0372916 0.00232385 -0.0805161 -0.0240956 -0.00243383 -0.000778202 -0.00764995 0.0062331 0.0113503 -0.000239606 0.00209696 0.0464705 -0.0684788 -0.00137697 0.00901424 -0.0395756 -0.00191402 -1.51791e-06 0.00355355 -0.000217746 -0.000231832 -0.000150709 -0.00658109 -0.00489094 -0.0275318 -0.000900658 -0.0373941 0.0143116 0.0125578 -0.000776267 -0.0498114 0.000133147 -0.0178781 0.0508036 -0.0110702 -0.02171 -0.0629008 -0.0622745 -0.000241574 -0.0635028 -0.000163117 -0.0869568 -0.0275892 
