0.00635284 -0.00252874 0.000126731 0.00213059 -0.000418666 1.70784e-07 3.94739e-05 -0.000963589 -7.76717e-05 -0.0023197 -0.00156614 0.000884446 -0.00153618 0.00129593 -0.00264623 -0.00230054 -0.000604438 -0.00350742 8.73437e-06 -0.00262456 -0.000239894 0.00092265 0.00039807 0.000133123 0.00182615 0.000503024 0.00201706 0.000222195 0.00247121 0.000126804 0.0030399 -0.00115414 0.00201185 0.000117394 -8.54472e-05 -1.10702e-07 6.15584e-05 -4.42938e-05 -0.000313721 0.000284949 0.000635194 4.78317e-05 -0.00137986 -0.00010825 0.000110526 -2.2987e-05 2.07987e-06 0.000857265 1.25742e-05 5.74358e-05 1.1016e-05 -0.00012678 -1.49625e-06 -7.04871e-06 -1.95633e-05 -5.54125e-05 -6.82642e-06 1.58362e-06 0.00103656 -7.69547e-06 -0.00147541 5.05274e-06 0.00128991 -6.07028e-06 0.00101565 -2.59232e-05 -9.68336e-05 -3.28275e-05 -0.000545438 0.00046859 0.000234638 0.00171402 -4.97434e-05 -0.00307671 -2.49726e-05 2.44208e-05 -0.000191088 0.000142975 -0.000567371 3.37956e-05 -0.000295957 0.00022871 1.11745e-05 0.00126086 -5.67234e-05 -0.000315525 -3.3048e-06 -7.56873e-06 -0.00116103 -0.00125483 -3.74692e-06 -0.000100093 -4.01534e-05 -0.000117449 -8.57898e-06 8.97298e-05 -1.62542e-06 -0.000111865 6.37946e-06 -3.45847e-05 
-0.00252874 0.201214 -0.00121081 -0.0450997 -0.0121443 -0.000132058 -0.0102634 -0.00491439 -0.0029902 0.0225662 0.0222643 0.0294235 0.00631474 -0.0305112 0.11474 0.0351998 0.0751533 0.0721177 -0.00145769 0.099473 -0.0019972 0.000192514 0.0328612 -0.0251303 -0.0638626 0.0782055 -0.109609 0.0125154 -0.0783182 -0.00024524 -0.0665751 0.00233605 -0.0748283 -0.0368775 0.000849027 -0.000530397 -0.00153296 0.000983806 0.00214015 -0.00829036 -0.0026147 0.00227535 0.0442474 -0.0375872 -0.000952615 -0.000521341 -1.43934e-05 -0.00259558 -0.000902116 0.000350203 0.000516219 -0.0100722 2.98598e-05 -0.000138197 0.000242543 0.00113763 -0.000124596 -0.000276237 -0.0453711 -0.000656374 0.10645 -4.38789e-05 -0.0735918 0.000522029 -0.0334294 0.000243721 -0.0014311 0.00336914 -0.0560797 -0.0501141 0.0255055 -0.0957959 -0.011339 0.106433 -0.00353443 -0.000202448 0.00279318 -0.00127935 -0.0165546 0.00458139 -0.0212475 -0.00355099 -0.000849357 -0.0579467 0.00184547 -0.0390687 -0.00239818 0.00461825 0.0316983 0.0306462 -0.00112061 -0.00868598 0.00048235 -0.00804546 -0.00185053 0.00021254 -0.00330823 -0.00314793 -0.000577886 -0.000680651 
0.000126731 -0.00121081 0.00270303 -0.000171209 -0.00125249 7.26483e-06 -2.21012e-05 -0.000277626 -5.00688e-05 -0.00055998 -0.000533805 -0.00018049 -0.000376551 0.000104722 -0.0014958 -0.000980895 -0.00206158 -0.00142014 0.000635268 -0.000883928 -0.000100898 0.000587804 -5.89132e-05 -0.000358816 0.00104676 -0.000282878 0.000522865 -0.000375019 0.000827113 0.000164085 0.000686716 -0.000259022 0.00067355 0.000244506 -2.05805e-05 4.01101e-06 1.66839e-05 -1.91583e-05 -4.35817e-05 0.000337545 0.000749385 -4.65528e-05 -0.00057769 -2.80524e-05 0.000631866 1.19726e-05 1.76706e-05 0.000213219 -2.99953e-06 1.91445e-05 0.000178848 0.000643365 4.19445e-05 -3.051e-06 -1.64456e-05 -5.62429e-05 -3.10137e-06 1.49533e-05 0.000357479 2.89185e-05 -0.00080733 3.01413e-06 7.69704e-06 -8.69263e-06 -5.72301e-05 -8.90024e-06 -4.04199e-05 -2.04057e-05 0.000933425 -0.000478756 0.000457922 0.000503965 2.72781e-05 -0.00171648 4.69969e-05 9.06294e-06 -8.15139e-05 0.000225083 8.2787e-05 -5.096e-05 -0.000162681 0.000156374 0.000510866 -0.000191604 0.000453417 0.00100065 0.000672014 -1.25859e-05 -0.000468529 0.00012893 -1.36883e-05 8.47953e-05 1.95107e-05 -4.76997e-05 5.17601e-05 0.000546315 -7.73786e-06 -4.10258e-05 -1.23187e-05 0.000439765 
0.00213059 -0.0450997 -0.000171209 0.100208 0.0123442 -8.68354e-05 0.0110063 -0.0188786 0.00679233 -0.0404071 -0.0026347 -0.0143648 -0.028053 0.0267949 -0.0703783 -0.0426609 -0.00371485 -0.0626897 -0.00027973 -0.0419519 -0.00304789 -0.0270348 -0.0113139 0.0136929 0.0552045 -0.00946365 0.0646597 -0.012283 0.0636384 -0.00123361 0.02889 -0.0202241 0.0287787 0.00845602 -0.000753942 -7.0986e-05 0.00115715 -0.000768175 -0.00490964 -0.000940619 0.00154957 -0.00227104 -0.0244919 0.0190629 -0.000375336 0.000367479 -3.19606e-07 0.0113294 -0.000153905 -1.64331e-05 0.000517266 -0.00306199 0.000155679 0.000294462 -0.000860957 -0.00244757 3.29592e-05 -4.05227e-05 0.0101072 -0.00010369 -0.0378602 -1.46095e-05 0.0156521 -0.00018429 0.0106848 -0.000433826 -0.00174458 0.00321883 0.0364214 -0.00238357 -0.0162256 0.0573943 0.000837368 -0.07322 -0.00021547 0.000105401 -0.00297277 -0.000108833 -0.00729812 -0.00197268 0.0176412 0.000843605 -0.000491037 0.0462532 0.000328713 0.0348236 0.000719617 -0.00229528 -0.0165472 -0.0233506 -0.00027189 -0.00178544 -0.000714558 -0.00197768 0.00010837 -0.000235682 -0.000368654 -0.00185818 0.000198927 -0.000632423 
-0.000418666 -0.0121443 -0.00125249 0.0123442 0.157904 -8.48779e-05 0.00180707 0.00691667 0.00432552 0.00420821 0.0366779 -0.0264335 -0.00691062 -0.00932994 -0.0148558 -0.00904096 0.0284874 -0.0194099 -0.00266899 -0.0214316 -0.0051515 -0.0355907 -0.0338234 0.0661107 0.011697 -0.015528 0.0312465 0.00124816 0.0157463 -0.00504728 0.029273 -0.00780092 0.0180608 0.00779856 -0.00613003 -0.000225744 0.000265238 -0.00192679 -0.0157578 -0.0147788 -0.0137351 0.00116947 0.0125624 0.00874587 -0.00270004 -0.00206287 -9.69961e-05 -0.0136235 -0.00050313 -0.00191893 -0.00256192 -0.0193727 -0.000374021 -0.000540234 -0.00109589 -0.00179526 -0.000646243 -0.000654174 0.00290364 -0.000514803 -0.00554312 -0.000199002 0.0165909 0.000297013 0.0104853 -0.000938218 -0.00981359 -0.00516262 0.0158006 0.073705 -0.0614956 0.0296501 0.00106787 -0.0193465 0.000806352 -0.000299835 -0.012123 -0.00109565 -0.0173634 -0.0103879 0.00561101 -0.000110449 -0.00239842 0.013407 -0.00310093 0.00791435 -0.00351528 -0.0150175 -0.0400641 -0.0555936 5.29053e-05 -0.0191659 -0.00204962 -0.00432211 -0.00233526 -0.00346373 0.000918216 -0.00819291 -2.25055e-05 -0.00474633 
1.70784e-07 -0.000132058 7.26483e-06 -8.68354e-05 -8.48779e-05 0.000837497 -6.30542e-06 0.000128032 -9.31204e-06 0.00020591 4.61904e-05 4.5808e-05 2.28773e-05 -0.0001296 -3.95409e-05 0.000281836 -0.000129619 0.000261531 3.28915e-05 3.02461e-05 -3.4874e-05 -0.000102599 -8.56437e-05 -0.000386324 -0.000188418 -0.00019661 -0.000124919 -1.35283e-05 -0.000241175 -1.09123e-05 -0.000334129 0.000339428 -5.58245e-05 -3.48729e-05 -4.75253e-06 1.81829e-05 -1.79449e-06 -8.2628e-07 -1.30748e-05 6.39182e-05 -3.37637e-05 -5.83713e-06 0.00011094 -3.8767e-05 2.39936e-05 -2.27298e-06 -1.64762e-07 -3.2239e-05 -1.43657e-06 -1.48513e-06 9.72268e-07 0.000162247 -5.81611e-07 2.24636e-06 8.22944e-06 5.85612e-05 -1.20786e-06 -1.29606e-07 -5.98271e-05 6.27483e-06 -8.3967e-05 -3.28076e-07 -8.79938e-05 2.02718e-06 -6.32186e-05 5.6309e-06 0.000173475 -9.11123e-06 -0.000118137 -0.000180298 0.00010039 -0.00012165 -2.49657e-05 0.000110256 -6.11083e-06 -2.79696e-07 -9.46248e-06 5.67039e-06 -4.50185e-05 -2.01107e-05 -3.22535e-05 -5.14321e-07 3.47396e-06 -0.000112814 1.64083e-05 -0.000115261 1.28363e-05 -1.04934e-05 0.000132536 0.000226016 5.92595e-06 -2.24317e-05 -5.47143e-06 -2.86796e-06 -3.03579e-06 8.78078e-06 -2.99866e-06 0.0001961 -1.98977e-06 1.21461e-05 
3.94739e-05 -0.0102634 -2.21012e-05 0.0110063 0.00180707 -6.30542e-06 0.0205932 -0.00109099 9.33491e-05 -0.00511271 0.00272474 -0.00285245 -0.00377534 -0.00097253 -0.0101314 -0.00625755 -0.000785157 -0.00928073 2.01984e-05 -0.00900994 -0.000807398 -0.00833114 -0.00188166 0.00227184 0.00608398 -0.00572636 0.00960189 -0.00142189 0.00825669 -0.000324805 0.00333737 -0.00366722 0.00701032 0.000242537 -0.00028077 9.50873e-06 0.000201101 -0.00010553 -0.00111231 -6.70492e-06 -0.00051351 -0.000216604 -0.00320008 0.00544039 -2.26225e-05 7.51981e-05 2.94684e-05 0.00163488 0.000287827 -4.24444e-05 5.53162e-05 -0.000509175 3.3831e-05 0.000300711 -0.000116189 -0.000333304 1.41624e-06 -1.36766e-05 0.00259692 -1.92833e-05 -0.00724491 -2.34941e-07 0.00565576 0.00010147 0.000386047 -1.68114e-05 -0.000315501 0.000184368 0.00274125 0.000716577 -0.00595958 0.0106925 3.79249e-05 -0.0104982 0.000466073 0.000166973 -0.000507415 -7.21071e-05 -0.00203003 -0.000457373 0.00648261 0.000367235 0.000108031 0.00830995 0.000213083 0.00108356 0.000369811 -0.000317189 -0.00194655 -0.00400645 -8.266e-05 0.000213356 0.000177805 -6.02122e-05 -2.67983e-06 3.43809e-05 -7.27631e-05 -0.000355542 -6.36594e-05 -4.11571e-05 
-0.000963589 -0.00491439 -0.000277626 -0.0188786 0.00691667 0.000128032 -0.00109099 0.14503 -0.00543756 0.0811729 0.0184468 -0.0259024 0.0712443 -0.0275652 0.0413189 0.060365 -0.00544232 0.0648765 -9.71539e-05 0.0268173 0.00102556 -0.0253401 -0.0165971 0.00850996 -0.041239 -0.0379731 -0.029742 -0.0182841 -0.0590214 -0.000119943 -0.0597663 0.0174875 -0.0185508 -0.0091706 -0.00228503 3.13449e-05 -0.000400665 -0.000917797 0.00231605 0.00135087 -0.00744839 -0.00123734 0.0374089 -0.00895713 7.4532e-05 -0.000405765 -2.44344e-05 -0.00661187 -2.65681e-06 -0.000185758 -0.000484898 0.0118186 -0.000120592 -0.000175007 -0.00138191 -0.000977138 -0.00024965 -0.000153397 -0.0144226 -0.000184543 -0.0111308 -5.74371e-05 0.0388593 -0.000526576 -0.0158261 3.84381e-05 0.00345723 -0.00262778 -0.0374096 0.00431753 -0.0223169 -0.0347373 -0.00537327 0.0465402 -0.00126409 -4.79299e-05 -0.000830076 -0.000523104 -0.0155568 -0.004165 -0.0110421 -0.000731853 1.23218e-05 -0.0166515 -0.000916417 -0.0307197 -0.000782737 -0.00426861 -0.0195111 -0.00439576 -0.000250165 -0.00284417 0.000966288 0.00059756 0.00047492 -0.000268239 -0.000868465 0.00633511 -0.000119556 0.000824951 
-7.76717e-05 -0.0029902 -5.00688e-05 0.00679233 0.00432552 -9.31204e-06 9.33491e-05 -0.00543756 0.0316191 -0.0114572 0.00142856 -0.00525818 -0.00729207 0.00115818 -0.0151148 -0.0125057 0.00223324 -0.0170363 -0.000129659 -0.00753599 -0.000991032 -0.00578132 -0.00336841 0.00441451 0.010835 0.00678511 0.0120806 0.00211877 0.0141809 -0.000333537 0.00359042 -0.00554248 -0.00152346 -0.000840913 -0.000253336 -2.82911e-06 -4.02399e-05 -0.000211118 -0.00179979 0.000240352 0.000455406 -0.000323398 -0.00453974 0.00259457 -0.000246508 1.97494e-05 -3.84195e-06 0.00381386 0.000291727 -7.58934e-05 -1.54857e-05 -0.000991519 1.44156e-05 -6.01799e-06 -0.000197346 -0.000699076 6.07866e-05 -1.02921e-05 0.00151477 -4.13186e-05 -0.00204254 -1.28539e-05 -0.00609666 -9.77092e-05 0.00174949 -4.82284e-05 -0.000503069 0.000123655 0.0164234 -0.00433204 -0.00462303 0.005607 0.010031 -0.0179671 -0.000219929 -1.74163e-05 -0.00101079 -8.58658e-06 0.00226382 -0.000468692 -0.00217191 -0.000167801 2.91857e-05 0.00432636 -5.87793e-05 0.016238 -0.000230833 -0.000337057 -0.00646482 -0.00633493 0.000389677 9.28718e-05 -7.40592e-05 -0.000640266 -1.06633e-05 -0.000130269 -0.000175026 -0.000549305 -0.000200641 -0.000207044 
-0.0023197 0.0225662 -0.00055998 -0.0404071 0.00420821 0.00020591 -0.00511271 0.0811729 -0.0114572 0.233432 0.00837702 -0.0583084 0.0959028 -0.0571237 0.0718929 0.094971 0.00403955 0.134613 0.00157264 0.0556751 0.0156126 -0.0674672 -0.0401104 0.0118736 -0.089164 -0.0925352 -0.0630823 0.0146179 -0.120075 -0.0015258 -0.107811 0.0738021 -0.0371282 -0.018484 -0.00225403 -1.70402e-05 -0.000273125 0.00277202 -0.01315 -0.0023728 -0.0155046 -0.00418947 0.114966 -0.0161204 0.00198123 -0.000795301 -3.42153e-05 -0.0157198 -0.000916804 -0.00022841 -0.000589818 0.0115645 -0.000262647 -0.000223867 0.00172139 0.0106205 -0.000528433 2.2185e-05 -0.0322563 0.000129705 -0.0261285 -0.000137927 0.0218766 -0.000443754 -0.0292626 -7.29043e-05 0.00242076 -0.0044762 -0.0697674 0.0111081 -0.036028 -0.0694872 -0.0125065 0.0967243 -0.00317599 -0.000167221 -0.000292082 -0.000948142 0.0230201 -0.00777906 -0.0162228 -0.00177389 5.79315e-05 -0.0286062 -0.000442602 -0.0645805 -0.000336189 -0.0013083 -0.0322734 0.0788333 0.000107592 0.00373999 0.000700738 0.00971368 0.000207638 -0.000309745 -0.00142454 0.00815147 -0.00025418 0.00133954 
-0.00156614 0.0222643 -0.000533805 -0.0026347 0.0366779 4.61904e-05 0.00272474 0.0184468 0.00142856 0.00837702 0.207365 -0.0184495 0.00110268 -0.0241722 0.0211095 -0.00198623 0.04145 0.012838 -5.04964e-05 0.0247171 -0.00674972 -0.0349122 -0.00419682 0.00977904 -0.0222511 -0.0111629 -0.0305814 0.00471867 -0.0262445 -0.000544748 -0.00987593 -0.0291653 -0.0227243 -0.0118082 -0.00292498 -2.05603e-05 -0.000439852 0.000933755 0.000375847 -0.00311125 -0.00122174 0.000439747 0.0152898 -0.0109957 -0.00039593 -0.000832265 -2.80891e-05 -0.00938217 -0.000495895 -0.000433159 -0.000252793 -0.00703788 -0.000211481 -0.000331002 0.000192481 -0.00436053 -0.000302196 -9.32093e-05 -0.016039 -0.000218825 -0.025117 2.3705e-07 0.00362079 0.00194711 -0.0061843 0.00144861 -0.00293221 -0.000686931 -0.0154139 0.0113621 -0.0394467 -0.00598984 0.00833941 0.0170229 -0.00171304 0.000183951 0.00782164 -0.000675026 -0.0217816 -0.006148 -0.00408689 -0.0009967 -7.77093e-05 -0.0100312 -0.000628903 -0.00335209 0.00196997 -0.00507054 0.0101156 -0.0197806 -0.000555326 -0.00182416 -0.000546653 0.00277801 -0.000546529 -0.000139381 0.000520333 -0.00478322 0.000943351 -0.00110415 
0.000884446 0.0294235 -0.00018049 -0.0143648 -0.0264335 4.5808e-05 -0.00285245 -0.0259024 -0.00525818 -0.0583084 -0.0184495 0.145206 -0.000768986 -0.0221262 0.0511787 0.0389308 0.00899238 0.0521236 -0.000414316 0.0279978 -0.00699956 0.0617345 0.0206741 -0.0630408 -0.0359542 0.0245319 -0.0345738 -0.0254164 -0.0428006 -0.00157812 -0.0480525 -0.00920415 -0.0193922 -0.00948838 0.00309307 2.42892e-05 -0.000398635 -0.000260786 0.0270859 0.00108636 -0.0024542 0.00119837 -0.0372669 -0.00982632 0.000330329 0.00121678 -1.18609e-05 0.0100213 -0.000404624 0.000854282 -7.07278e-05 -0.000778994 2.7491e-06 4.96083e-05 -0.000634619 -0.00308875 6.85294e-05 -2.54353e-05 -0.00959111 -0.000128016 0.0475403 -4.8666e-05 -0.017705 0.000206565 -0.0145735 0.00101506 0.000128126 0.00053301 -0.030012 -0.0635004 0.103835 -0.0364501 -0.0056143 0.0423557 -0.00111099 0.000202212 0.00998456 0.000311678 -0.0182872 -0.0039862 -0.0144352 -0.000758699 -0.00054112 -0.0223825 -0.00105371 -0.0264627 0.000757008 -0.00412105 0.0926163 -0.00660994 -0.000727261 0.00288069 0.000182881 -0.000453814 -0.000475822 0.000747495 -0.000840406 -0.0025467 -0.00118807 0.000334774 
-0.00153618 0.00631474 -0.000376551 -0.028053 -0.00691062 2.28773e-05 -0.00377534 0.0712443 -0.00729207 0.0959028 0.00110268 -0.000768986 0.189617 -0.0405082 0.0557774 0.0983917 -0.0208237 0.100543 0.000228812 0.037996 0.00915311 -0.0417456 -0.0279931 -0.0143616 -0.0601796 -0.0856979 -0.0429138 -0.0272432 -0.0829168 -0.0027757 -0.1053 0.0528338 -0.026474 -0.0135486 -0.00160455 2.10032e-05 -0.000553394 0.00334266 0.00749471 0.00298199 -0.0106329 -0.00202308 0.0323635 -0.0109678 0.0013174 0.000207778 -1.59644e-05 -0.0111328 -0.000591346 0.00050753 0.000539732 0.0104901 -0.000193576 -0.000212498 -0.0015781 -0.00165342 -0.000348375 0.000513234 -0.0214535 6.87026e-05 -0.00418441 -9.21237e-05 0.0384796 -0.000219113 -0.0239941 0.000658484 0.00313082 -0.00396014 -0.0462626 -0.0255043 0.0101557 -0.0512998 -0.00863655 0.0707652 -0.00169215 -7.44333e-05 0.00719268 -0.000486365 -0.00521129 -0.00605857 -0.00125664 -0.000688581 0.000688311 -0.0162366 -2.70602e-07 -0.0443344 0.00138238 -0.00734638 0.0140075 0.00503662 -0.000494946 0.00791659 0.000546864 0.00646069 0.000223981 -0.000615977 -0.000786246 0.00753087 -0.00141211 0.00185199 
0.00129593 -0.0305112 0.000104722 0.0267949 -0.00932994 -0.0001296 -0.00097253 -0.0275652 0.00115818 -0.0571237 -0.0241722 -0.0221262 -0.0405082 0.135348 -0.0762742 -0.060384 -0.00363085 -0.0919076 -0.000711988 -0.0370479 -0.00637882 -0.0132836 -0.00619584 0.0207143 0.0939703 0.0329132 0.0509193 -0.0132465 0.0972936 0.00255525 0.067456 -0.028262 0.0175761 0.0104989 -0.00109961 -8.88013e-05 -0.000307176 -0.00107089 -0.00825366 0.00535682 0.0271005 -0.00271766 -0.0330139 -0.00170485 -0.00138987 0.0010136 -3.28204e-06 0.0112507 5.5835e-05 -0.000240831 0.000339621 -0.00486667 0.000194124 1.32881e-06 -0.00138024 -0.00325907 0.000857944 -0.00017412 0.0419349 6.91601e-05 -0.0336807 0.000245921 -0.0125573 -0.000486269 0.0285789 -0.000644164 -0.00248227 0.00576187 0.0530675 0.00291748 -0.026714 0.0263495 0.000233717 -0.0805831 0.00107368 0.000110351 -0.00463275 0.000160795 -0.0147762 0.00784278 0.00899485 0.00059711 -0.000179354 0.0150805 0.00290889 0.0554081 -0.00130668 -0.0023839 -0.0274397 -0.0331199 0.0011784 -0.00407904 -0.0004312 -0.00296986 0.000797189 -0.000646073 0.00242327 -0.00212717 0.000537961 -0.000470401 
-0.00264623 0.11474 -0.0014958 -0.0703783 -0.0148558 -3.95409e-05 -0.0101314 0.0413189 -0.0151148 0.0718929 0.0211095 0.0511787 0.0557774 -0.0762742 0.222976 0.0896654 0.0533792 0.147078 -0.00256103 0.0899927 0.00911113 0.0161521 0.0374299 -0.0289286 -0.138055 0.00940058 -0.133064 0.0221952 -0.152015 -0.000667422 -0.0914308 0.0204254 -0.0712853 -0.0358444 0.000386202 -0.00037076 -0.00140643 0.00227128 0.0136108 -0.0112226 -0.0190969 0.00586374 0.0597765 -0.0361469 -0.000904814 -0.000386949 -4.29601e-05 -0.0111827 -0.000578416 -9.17316e-06 -0.00122352 -0.00600224 -0.000395221 -0.000146394 -0.00171444 -0.00295547 -0.000707037 3.8464e-05 -0.0410847 -0.000745076 0.0814141 -0.00013059 -0.0167888 0.000685495 -0.0226568 0.00070504 -0.00226686 -0.00513411 -0.126967 -0.00688812 0.0276263 -0.123722 -0.0148659 0.170798 -0.00374905 -0.000319861 0.00563195 -0.00170327 -0.00386189 -0.000195463 -0.0276688 -0.00375117 -0.00151244 -0.0609778 -0.00247425 -0.112337 -0.00276955 0.00510696 0.0567845 0.0323926 -0.00141538 -0.00183362 9.57466e-05 0.000518708 -0.00136192 -0.000526479 -0.00343835 -0.00748097 0.000712523 -0.000335151 
-0.00230054 0.0351998 -0.000980895 -0.0426609 -0.00904096 0.000281836 -0.00625755 0.060365 -0.0125057 0.094971 -0.00198623 0.0389308 0.0983917 -0.060384 0.0896654 0.237936 0.000238367 0.154368 0.000780662 0.06264 -0.00998581 0.00662781 -0.00791718 -0.0527546 -0.0950033 -0.0830571 -0.0746666 -0.0190017 -0.129973 -0.00413418 -0.145053 0.0598014 -0.0434233 -0.0210953 0.00214128 0.000145495 -0.000898381 0.00148442 0.0177286 -0.00155808 -0.0165189 0.0024264 0.0425683 -0.0214607 -0.000819478 -0.000138279 -5.01795e-05 -0.00940143 -0.00101873 8.05769e-05 -0.000181324 0.0142687 -0.00028642 -0.000462776 0.00230351 0.00734438 -0.000531236 -7.74242e-05 -0.0317229 0.000219019 0.00596173 -0.000145299 0.00596398 -0.000631243 -0.034492 -0.000511692 0.00903703 -0.00536605 -0.0797552 -0.0552432 0.0634486 -0.0798369 -0.0136159 0.111541 -0.00343338 -0.000189028 0.012979 -0.000831344 -0.0192548 -0.00932441 -0.00561655 -0.00221531 -0.000954827 -0.0431955 -0.00239647 -0.0679814 0.000665926 -0.00999672 0.0565729 0.0378864 -0.000627723 0.000530917 -0.000385474 0.00288356 -0.000191853 -0.00116307 -0.00191199 0.00807637 -0.00125154 0.00137184 
-0.000604438 0.0751533 -0.00206158 -0.00371485 0.0284874 -0.000129619 -0.000785157 -0.00544232 0.00223324 0.00403955 0.04145 0.00899238 -0.0208237 -0.00363085 0.0533792 0.000238367 0.138042 0.0192937 -0.00179218 0.0433922 -0.00339168 -0.0335802 0.0164685 0.00814391 -0.0318638 0.0721494 -0.0469286 0.0189096 -0.0283457 -0.00196144 -0.0135806 -0.0244609 -0.0475567 -0.0324098 -0.00471974 -0.000495222 -0.000876166 -0.000308954 -0.00894125 -0.0117067 -0.00131424 0.00273222 0.0311899 -0.0201071 -0.000888438 -0.000211478 -5.73647e-05 0.00376134 -0.000396292 -0.000684495 -0.000886825 -0.0196665 -0.000216195 6.17604e-05 -0.000683621 0.000711357 -8.59467e-05 -0.000342753 -0.014658 -0.000730145 0.0497655 -5.76456e-05 -0.0274964 0.000465166 -0.00609283 -0.000480506 -0.0076932 0.00201642 -0.0370069 -0.00636082 -0.0149139 -0.0461677 -0.000611957 0.0385063 -0.00455024 -0.000214702 -0.00596342 -0.00168221 -0.0143717 0.00243863 -0.0013732 -0.00402547 -0.00278464 -0.0252337 0.000361482 -0.025697 -0.00291874 0.00248957 0.002599 -0.00707765 0.000419169 -0.0112499 -0.00122386 -0.00405786 -0.00139058 -0.000602955 -0.00291181 -0.00897167 0.000417969 -0.00408423 
-0.00350742 0.0721177 -0.00142014 -0.0626897 -0.0194099 0.000261531 -0.00928073 0.0648765 -0.0170363 0.134613 0.012838 0.0521236 0.100543 -0.0919076 0.147078 0.154368 0.0192937 0.241583 0.000441044 0.0942945 0.0119949 0.00852889 -0.0177132 -0.0550363 -0.140882 -0.060173 -0.112447 -0.00817689 -0.191528 -0.00301736 -0.171222 0.0621289 -0.0641768 -0.0320509 0.00213216 1.3318e-05 -0.00133879 0.00247414 0.0214348 -0.00444744 -0.0246059 -0.00172894 0.075746 -0.0308778 0.00165524 -0.000459232 -2.42303e-05 -0.0132303 -0.00153299 0.000499541 -0.000100264 0.0106216 -0.000415331 -0.00032949 0.00129059 0.00511095 -0.000810289 0.000216048 -0.0495343 4.33525e-05 0.0457557 -0.00020617 0.00804719 0.000451737 -0.0439988 0.00147037 0.00622369 -0.00594145 -0.112604 -0.0542862 0.0711514 -0.115072 -0.0204374 0.163705 -0.00482699 3.08555e-06 0.0121482 -0.00101156 -0.00654178 -0.0137549 -0.0234133 -0.00253773 -0.000569416 -0.0628728 -0.00241137 -0.101174 0.00117168 -0.00187637 0.0690949 0.0715096 -0.0010968 0.0059962 0.00149039 0.00738482 -0.000534029 0.000157607 -0.00276351 0.00560002 -0.00194076 0.0012981 
8.73437e-06 -0.00145769 0.000635268 -0.00027973 -0.00266899 3.28915e-05 2.01984e-05 -9.71539e-05 -0.000129659 0.00157264 -5.04964e-05 -0.000414316 0.000228812 -0.000711988 -0.00256103 0.000780662 -0.00179218 0.000441044 0.00462551 -0.000561853 6.76148e-05 8.91264e-05 -7.9891e-05 -0.00292069 -0.00108445 -0.00212535 -0.000880051 -9.55819e-05 -0.00155555 9.13718e-05 -0.00195674 0.000633708 -0.000479543 -0.000206904 -6.06094e-05 4.49725e-06 5.06308e-06 -1.11183e-05 -0.000115914 -3.80787e-05 -0.000193213 -9.04901e-05 5.0792e-05 -9.39012e-05 0.00203435 -1.40619e-05 1.89099e-05 0.000913898 6.44833e-06 0.000162748 0.000518579 0.00282583 2.901e-06 1.2784e-06 0.00024743 0.000788748 -5.05535e-06 7.8841e-05 -0.000398842 0.000321829 -0.00155113 -2.02278e-06 -0.000770062 -1.42593e-05 -0.00042662 1.8834e-05 0.000104253 0.000230812 -0.000815321 -0.00210806 0.000971748 -0.000838469 -0.000138907 -0.000747301 -4.15959e-05 2.30168e-05 -6.89384e-05 0.000430967 0.00112929 -8.70048e-05 -0.000322057 0.000149622 0.000927288 -0.000606376 0.00130166 -9.4304e-05 0.00218239 7.91001e-05 -0.000307502 0.00335591 -1.31244e-05 0.000927104 0.000100142 0.000251688 3.28557e-05 0.00119762 -3.06919e-05 0.000544377 7.01833e-05 0.000876279 
-0.00262456 0.099473 -0.000883928 -0.0419519 -0.0214316 3.02461e-05 -0.00900994 0.0268173 -0.00753599 0.0556751 0.0247171 0.0279978 0.037996 -0.0370479 0.0899927 0.06264 0.0433922 0.0942945 -0.000561853 0.138644 0.00257399 -0.00224337 0.0118389 -0.0250718 -0.073451 0.0289436 -0.0970543 0.00102222 -0.0913118 -0.00293951 -0.0852326 0.0216988 -0.0780873 -0.0313759 -0.00056017 -0.000205618 -0.00153912 0.00103897 0.00813236 0.00213154 -0.00356027 0.00272542 0.0327099 -0.0384253 -4.95449e-05 0.000593345 -2.10443e-05 0.00373416 -0.000763541 0.000269534 0.000404766 0.00301358 2.90246e-05 -0.000356403 -4.66995e-05 0.00263634 0.000100246 -8.70669e-05 -0.0501461 -0.000204586 0.0624274 -0.000125256 -0.0260062 0.000330403 -0.0471174 0.000686667 0.00238117 0.00124679 -0.0555903 -0.0574357 0.0495312 -0.0960383 -0.0131154 0.1021 -0.0041124 6.93981e-05 0.00513595 -0.000767974 -0.0122287 -0.00220886 -0.0157118 -0.00279776 -0.00078324 -0.0441993 0.000514039 -0.0350306 -0.000425364 6.0198e-05 0.033495 0.0297663 -0.000286345 0.00184429 0.00113152 0.00309022 6.57654e-05 -3.25315e-05 -0.00218842 0.00230164 -0.00165011 0.000188199 
-0.000239894 -0.0019972 -0.000100898 -0.00304789 -0.0051515 -3.4874e-05 -0.000807398 0.00102556 -0.000991032 0.0156126 -0.00674972 -0.00699956 0.00915311 -0.00637882 0.00911113 -0.00998581 -0.00339168 0.0119949 6.76148e-05 0.00257399 0.0424771 -0.00855652 -0.0048989 0.00349422 -0.0102649 -0.00776921 -0.00547037 0.00997608 -0.01268 -0.000225904 -0.0115482 6.02658e-05 -0.00423231 -0.0017812 0.000147806 -3.99035e-05 4.7806e-05 0.0015522 -0.00173197 -0.00101018 -0.00177665 -0.000823189 0.0154892 0.000141241 0.000480082 -0.000165268 -1.13801e-06 -0.00180237 0.000186926 -8.8262e-05 -0.000155803 4.2267e-05 -2.6634e-05 0.00041631 7.70842e-05 -0.000711222 -5.01682e-05 0.000289359 -0.00363386 -3.39541e-05 0.00147773 -1.83942e-05 0.00104663 4.65444e-05 0.00279538 0.000606998 -0.000313038 -6.56109e-05 -0.00937932 0.000486668 -0.0119041 -0.0050542 0.000754589 0.00631613 -0.000292965 -2.70903e-05 -0.00119583 5.79614e-05 0.0111156 -0.000873068 -0.00433307 -0.000170948 -8.80246e-05 0.0025984 0.000353382 -0.00655137 0.000181156 0.0032622 -0.00467125 0.00942983 2.69537e-05 0.00437585 0.000124954 0.000937441 0.000317905 -7.79971e-05 -0.000273361 -0.000202545 0.00014005 -2.26847e-05 
0.00092265 0.000192514 0.000587804 -0.0270348 -0.0355907 -0.000102599 -0.00833114 -0.0253401 -0.00578132 -0.0674672 -0.0349122 0.0617345 -0.0417456 -0.0132836 0.0161521 0.00662781 -0.0335802 0.00852889 8.91264e-05 -0.00224337 -0.00855652 0.248884 0.00891716 -0.0318799 -0.0165407 0.0236012 -0.0331653 0.00493277 -0.0243019 -0.00205993 0.021278 -0.0174637 -0.00281059 0.00738254 0.00595666 9.26795e-05 -0.000590772 -0.00301165 0.0183194 0.00789085 -0.000409738 -2.75061e-05 -0.0610871 -0.00811339 -0.00187496 -0.000257181 -6.06394e-05 -0.00536466 -0.000690294 -0.000517421 -0.00165231 0.011727 3.13457e-06 -0.000611832 0.000978883 -0.00488984 -0.000685599 0.000155288 0.00549503 0.000137965 0.0331525 -7.66119e-05 -0.0248416 -0.000410953 0.0130593 -0.000716667 0.00599284 -0.00714979 0.00436349 -0.0248347 0.0757425 0.0130153 0.00260099 0.0108664 0.000691668 -3.02292e-05 0.00182683 0.00136721 0.00305744 -0.00585842 -0.0257405 0.000266632 -0.000911682 -0.0467485 -0.0045335 0.00644738 -5.26103e-05 0.00630265 0.031752 -0.00652087 -0.00209779 0.00420542 0.000531461 -0.00233642 -0.000818657 -0.000742497 -0.00100719 0.00157924 -0.000710061 0.000766139 
0.00039807 0.0328612 -5.89132e-05 -0.0113139 -0.0338234 -8.56437e-05 -0.00188166 -0.0165971 -0.00336841 -0.0401104 -0.00419682 0.0206741 -0.0279931 -0.00619584 0.0374299 -0.00791718 0.0164685 -0.0177132 -7.9891e-05 0.0118389 -0.0048989 0.00891716 0.108968 -0.0277438 -0.0175174 0.0446679 -0.0248878 0.007361 -0.00579096 -0.000612163 0.0131727 -0.019338 -0.0130013 -0.00659674 -0.000325144 -0.000109977 -0.000227908 -0.00052391 0.00437848 -0.00311903 -0.00121928 0.00633078 -0.0197464 -0.00692157 0.000696528 0.000120103 2.31025e-05 0.0118184 0.000622249 0.00120345 0.000242087 -0.00156448 5.72574e-05 0.000303333 -4.6911e-05 -0.00264924 -9.31397e-06 -9.57813e-05 -0.00485891 -0.000156046 0.034756 6.60492e-05 -0.02346 -9.62491e-05 -0.00100609 -0.000344866 0.00140374 0.00183004 -0.0233507 -0.00217232 0.0153462 -0.0206631 -0.00221515 0.0241798 -0.000442016 -7.96077e-05 0.000984548 8.21442e-06 -0.0116584 0.00835014 0.00277325 -0.000756922 7.05508e-05 -0.0108894 0.000497816 -0.0187609 -0.00047675 0.00567185 0.0280759 0.000438729 -0.000184327 -0.000552012 -0.000485596 -0.0022628 -0.000477172 0.00225821 -0.000810646 -0.00213291 0.00156297 -0.000252769 
0.000133123 -0.0251303 -0.000358816 0.0136929 0.0661107 -0.000386324 0.00227184 0.00850996 0.00441451 0.0118736 0.00977904 -0.0630408 -0.0143616 0.0207143 -0.0289286 -0.0527546 0.00814391 -0.0550363 -0.00292069 -0.0250718 0.00349422 -0.0318799 -0.0277438 0.134598 0.0364022 -0.00213605 0.0316065 0.00869175 0.0473781 0.000532234 0.0639495 -0.0148816 0.0178318 0.00838676 -0.00706235 -0.000332122 0.000343186 -0.00187141 -0.0290348 -0.00493214 0.00501518 -0.00315735 0.0152585 0.00878821 -0.00330875 -0.00177946 -0.000101625 -0.0103532 -2.01735e-05 -0.00202699 -0.00233347 -0.015095 -0.000208819 -0.000539525 -0.00400528 -0.00738507 -0.000592458 -0.000500671 0.0110999 -0.000370631 -0.0118167 5.6174e-05 0.0201882 -0.000928312 0.012926 -0.00221851 -0.012109 -0.00262171 0.0297397 0.0575166 -0.0714425 0.0324046 0.00525033 -0.0387535 0.00126068 -0.000403297 -0.0166608 -0.000772712 0.0029224 0.00245622 0.010274 0.000208996 -0.00184711 0.0200911 -0.00253736 0.0218774 -0.00533294 -0.00250346 -0.0710434 -0.0482475 -7.00514e-05 -0.00804207 -0.00128295 -0.00199236 -0.00025029 -0.00361004 0.000476481 -0.00927123 0.000668976 -0.00393741 
0.00182615 -0.0638626 0.00104676 0.0552045 0.011697 -0.000188418 0.00608398 -0.041239 0.010835 -0.089164 -0.0222511 -0.0359542 -0.0601796 0.0939703 -0.138055 -0.0950033 -0.0318638 -0.140882 -0.00108445 -0.073451 -0.0102649 -0.0165407 -0.0175174 0.0364022 0.184832 0.021019 0.103137 -0.0308436 0.150645 0.00336784 0.088941 -0.0401081 0.0520413 0.0330834 -0.00208039 7.64742e-05 0.000404171 -0.0017518 -0.0125833 0.00588411 0.0266905 -0.00367562 -0.0514865 0.0187094 -0.00226574 -0.000145574 -1.36572e-05 0.00858102 -0.000313783 -0.000473884 3.09852e-05 -0.00681682 0.000379659 -0.000272353 -0.00197788 -0.00518352 0.000461704 -0.000254887 0.0401131 8.42718e-05 -0.0429384 0.000199237 0.00171484 -0.000646725 0.0207669 -0.000889766 -0.003771 0.00627476 0.111846 0.00656784 -0.0385397 0.0879222 0.00256328 -0.14123 0.00397266 7.47728e-05 -0.0073795 0.000663541 -0.0226891 0.00495667 0.0225901 0.00289034 0.000245551 0.0404769 0.0018411 0.102289 -0.00174405 -0.00652066 -0.0443606 -0.0515114 0.000170134 -0.00581603 -0.000964567 -0.00474207 0.00101733 -0.00115467 0.00297813 -0.00322461 -0.000610486 -0.00108856 
0.000503024 0.0782055 -0.000282878 -0.00946365 -0.015528 -0.00019661 -0.00572636 -0.0379731 0.00678511 -0.0925352 -0.0111629 0.0245319 -0.0856979 0.0329132 0.00940058 -0.0830571 0.0721494 -0.060173 -0.00212535 0.0289436 -0.00776921 0.0236012 0.0446679 -0.00213605 0.021019 0.248308 -0.015594 0.00180578 0.0402029 0.00377954 0.0519118 -0.066422 -0.028654 -0.0189777 -0.00316685 -0.000447415 -0.000723484 -0.00216833 -0.0135538 -0.00203893 0.0137279 0.00428078 -0.0365731 -0.0137803 -0.00188738 9.42439e-05 -3.30417e-05 0.0106338 0.000144956 -0.000320276 0.000147902 -0.0154575 0.000254739 0.000305782 -0.00292971 -0.00638512 0.00044451 -0.00030481 -0.00385355 -0.000598925 0.102359 0.000111242 -0.0360297 -7.11693e-06 -0.00980846 -7.84038e-05 -0.00444098 0.00493619 0.00698251 -0.0453034 0.0259084 -0.0246794 0.00122407 -0.00982011 -0.00165762 -0.000157912 -0.0125857 -0.000797805 -0.0188786 0.00984569 0.0012747 -0.0022691 -0.000941305 -0.00884279 0.000949859 0.0197201 -0.00444072 0.00867728 -0.00792535 -0.0367511 0.000345837 -0.00848178 0.000687544 -0.00851263 -0.000592677 0.00039182 -0.00163654 -0.007496 -0.000188957 -0.00215649 
0.00201706 -0.109609 0.000522865 0.0646597 0.0312465 -0.000124919 0.00960189 -0.029742 0.0120806 -0.0630823 -0.0305814 -0.0345738 -0.0429138 0.0509193 -0.133064 -0.0746666 -0.0469286 -0.112447 -0.000880051 -0.0970543 -0.00547037 -0.0331653 -0.0248878 0.0316065 0.103137 -0.015594 0.163201 -0.0235511 0.117978 0.000681962 0.0795492 -0.0245591 0.0814494 0.0390257 -0.00168256 1.45027e-05 0.00150035 -0.00133562 -0.0104626 -0.00303361 0.00278025 -0.00336702 -0.0442424 0.0417657 -0.00179458 0.000197167 -7.04817e-06 0.00900762 0.00060741 -0.000475197 -0.00056204 -0.00503053 6.75799e-05 0.000321616 -0.00156995 -0.00417188 0.000670755 -0.00012944 0.0380539 0.000115093 -0.0766119 -2.47995e-05 0.0359454 -0.000457359 0.0241854 -0.000828196 -0.00312717 0.00157723 0.0937189 0.0303591 -0.0416628 0.107141 0.00307672 -0.134139 0.00307995 -0.000113092 -0.00625896 0.000396872 -0.00235128 -0.00238983 0.0148764 0.00348278 6.83638e-05 0.073294 0.000612927 0.0728796 -0.000856957 -0.00594811 -0.041089 -0.0429972 0.000700915 -0.00495521 -0.000655238 -0.00316223 0.00126187 -0.00093056 0.00342206 -0.00194972 -0.000776943 -0.000813267 
0.000222195 0.0125154 -0.000375019 -0.012283 0.00124816 -1.35283e-05 -0.00142189 -0.0182841 0.00211877 0.0146179 0.00471867 -0.0254164 -0.0272432 -0.0132465 0.0221952 -0.0190017 0.0189096 -0.00817689 -9.55819e-05 0.00102222 0.00997608 0.00493277 0.007361 0.00869175 -0.0308436 0.00180578 -0.0235511 0.131666 -0.0191741 0.000543233 0.0237687 0.00639748 -0.0151703 -0.00702622 0.000433189 -5.55536e-05 -8.22776e-05 0.000147551 -0.00763133 -0.00412351 -0.00368141 -0.00123456 0.0274075 -0.00554065 -3.70499e-05 -0.000573779 -1.80816e-05 -0.00466525 0.000829851 -0.000427073 -0.000508408 -0.00395648 -7.93982e-05 -8.58216e-05 0.00445979 0.010038 -0.000223704 -7.1122e-05 0.0037009 -0.000122027 -0.0193259 -5.85261e-05 -0.0250463 0.000135548 0.029498 -0.000241629 -0.00210994 -0.00202186 -0.0257486 0.0328993 -0.0419005 -0.00785064 0.00939342 0.0138856 -0.000562454 -0.000114546 -0.00479513 -0.000302498 0.0254622 0.000371582 -0.0142461 -0.000856079 -0.000742051 -0.0154534 -0.000682447 -0.024613 -0.00104381 0.0130447 -0.027006 0.0274104 0.000848049 -0.000253887 -0.000224617 -0.00181651 -0.000486633 7.05197e-05 -0.000888705 -0.00152908 0.00218041 -0.000565743 
0.00247121 -0.0783182 0.000827113 0.0636384 0.0157463 -0.000241175 0.00825669 -0.0590214 0.0141809 -0.120075 -0.0262445 -0.0428006 -0.0829168 0.0972936 -0.152015 -0.129973 -0.0283457 -0.191528 -0.00155555 -0.0913118 -0.01268 -0.0243019 -0.00579096 0.0473781 0.150645 0.0402029 0.117978 -0.0191741 0.227085 0.00326468 0.134433 -0.0502613 0.0650979 0.0327435 -0.0019585 4.57588e-05 0.0012549 -0.00231055 -0.0176562 0.00602776 0.0265214 -0.00456845 -0.0755065 0.0297695 -0.00321375 5.91601e-05 -3.77042e-05 0.00975046 0.000398812 -0.000687495 -0.000219672 -0.00982239 0.000281266 6.3193e-05 -0.00256756 -0.00608768 0.000595419 -0.000314746 0.0501581 -3.74477e-05 -0.04862 0.000166071 -0.00194103 -0.000620812 0.0324595 -0.00134236 -0.00533079 0.00545873 0.120948 0.0293905 -0.0506347 0.109583 0.014709 -0.158717 0.00481704 -6.59169e-06 -0.00978032 0.000615077 -0.00580276 0.0116319 0.0261977 0.00264445 0.000117443 0.0623808 0.00130639 0.101677 -0.00222511 -0.00442523 -0.050657 -0.0716132 0.0009271 -0.00540878 -0.00159488 -0.00629218 0.000595096 -0.00155438 0.00305695 -0.00475518 -0.000824644 -0.00115796 
0.000126804 -0.00024524 0.000164085 -0.00123361 -0.00504728 -1.09123e-05 -0.000324805 -0.000119943 -0.000333537 -0.0015258 -0.000544748 -0.00157812 -0.0027757 0.00255525 -0.000667422 -0.00413418 -0.00196144 -0.00301736 9.13718e-05 -0.00293951 -0.000225904 -0.00205993 -0.000612163 0.000532234 0.00336784 0.00377954 0.000681962 0.000543233 0.00326468 0.0166107 0.00202702 -0.00079277 0.00237623 -0.000379089 -0.000232709 6.74307e-07 -1.6862e-05 -7.44972e-05 0.000206217 0.000368065 0.000949675 -0.000198343 -0.000838095 -0.000578151 0.000350281 -4.34084e-05 -2.93455e-06 -0.000330183 -4.50344e-05 0.00021011 5.75073e-05 0.0004778 -4.01057e-06 2.11287e-05 -0.000118393 0.000130675 -1.40426e-05 -9.75586e-06 0.00222149 5.49434e-07 -0.00265707 7.79389e-05 0.00250251 -3.74033e-05 -0.000741934 -1.96642e-05 -0.000252029 0.000687976 7.56431e-06 -0.00109106 -0.000255254 -0.000768851 -0.000424823 -0.00185272 0.000213995 -5.44056e-06 -9.54227e-05 7.26323e-05 -0.000845895 0.00105028 -0.0014163 1.97961e-05 1.2468e-05 0.00176089 8.81994e-05 -0.00192678 -7.60852e-06 -0.000187254 -0.00241402 0.000135057 -8.78028e-06 -0.000285893 -1.48194e-05 -3.26529e-05 6.64649e-05 0.000227407 4.75435e-05 -0.000185654 0.000466927 1.04617e-05 
0.0030399 -0.0665751 0.000686716 0.02889 0.029273 -0.000334129 0.00333737 -0.0597663 0.00359042 -0.107811 -0.00987593 -0.0480525 -0.1053 0.067456 -0.0914308 -0.145053 -0.0135806 -0.171222 -0.00195674 -0.0852326 -0.0115482 0.021278 0.0131727 0.0639495 0.088941 0.0519118 0.0795492 0.0237687 0.134433 0.00202702 0.247637 -0.06191 0.0598631 0.0280969 -0.00285753 -4.84808e-05 0.00104271 -0.00301311 -0.0211826 0.00206885 0.0187697 0.00152777 -0.0563716 0.0255485 -0.0039986 -0.00101211 -3.73643e-05 -0.000240297 0.00102636 -0.00120812 -0.00126054 -0.0126767 -0.000158195 -0.000211052 -0.00118254 -0.00448723 -0.000378996 -0.000306156 0.0458464 -0.000103395 -0.0441234 0.000129776 1.81351e-05 -0.000717443 0.0489352 -0.001691 -0.00691547 -0.00281124 0.0605677 0.104687 -0.0840039 0.089865 0.0182621 -0.108242 0.00453007 -0.000213558 -0.0131666 7.50414e-05 0.0124183 0.0125291 0.0118246 0.00199827 -0.000918674 0.0481443 -0.00256176 0.051516 -0.0029984 0.00494646 -0.0727333 -0.0619953 0.000825973 -0.00721897 -0.00272311 -0.00643263 -0.000135525 -0.00180858 0.00227715 -0.00729535 0.00112994 -0.00232032 
-0.00115414 0.00233605 -0.000259022 -0.0202241 -0.00780092 0.000339428 -0.00366722 0.0174875 -0.00554248 0.0738021 -0.0291653 -0.00920415 0.0528338 -0.028262 0.0204254 0.0598014 -0.0244609 0.0621289 0.000633708 0.0216988 6.02658e-05 -0.0174637 -0.019338 -0.0148816 -0.0401081 -0.066422 -0.0245591 0.00639748 -0.0502613 -0.00079277 -0.06191 0.15031 -0.0164887 -0.004679 -0.00119752 0.000122788 -0.000413236 7.16059e-05 -0.000245487 0.0017531 -0.00772293 -0.00349781 0.0255747 -0.00773031 0.000840192 0.000364616 -2.09464e-05 -0.00794536 -0.000224835 -7.7712e-05 -0.000146083 0.00995602 -0.000133972 -0.000267915 0.00195512 0.0103445 -0.00023651 0.000144578 -0.0146446 0.000104513 -0.0221618 -6.20426e-05 0.00574891 -0.000559301 -0.0152901 -0.000592453 0.00409896 -0.00229733 -0.0233909 0.0107614 0.0105058 -0.0280795 -0.00527876 0.0430712 -0.00143436 -7.71586e-05 -0.00163242 -0.000595756 0.0215314 -0.00409673 -0.00260141 -0.000832282 7.36884e-05 -0.0180621 -0.00088621 -0.025827 0.000133277 -0.00298706 -0.0136955 0.0388092 0.000350152 -0.00416469 1.14722e-05 0.00106317 0.000468383 -0.000569525 -0.000420759 0.0107644 -0.000836149 0.000703522 
0.00201185 -0.0748283 0.00067355 0.0287787 0.0180608 -5.58245e-05 0.00701032 -0.0185508 -0.00152346 -0.0371282 -0.0227243 -0.0193922 -0.026474 0.0175761 -0.0712853 -0.0434233 -0.0475567 -0.0641768 -0.000479543 -0.0780873 -0.00423231 -0.00281059 -0.0130013 0.0178318 0.0520413 -0.028654 0.0814494 -0.0151703 0.0650979 0.00237623 0.0598631 -0.0164887 0.0991776 0.0302091 -0.000858304 9.142e-05 0.00131302 -0.000700595 -0.00525432 -0.00162532 0.00080224 -0.00203027 -0.0234525 0.0367328 -0.00101578 -0.000423289 4.53501e-06 -0.00408807 2.90435e-05 -0.000312536 -0.000433057 -0.00276877 1.49919e-05 0.000224124 -0.000635241 -0.00221357 -0.000141326 -1.38966e-05 0.0259003 0.000220485 -0.0478347 -1.08933e-05 0.0324415 -0.000276478 0.0135869 -0.000479989 -0.00169885 -0.00151159 0.0463288 0.0396619 -0.0336806 0.0753524 -0.00199944 -0.0744765 0.00335495 -4.07861e-05 -0.00347151 0.000322753 0.00284335 0.000444538 0.0117557 0.00374681 0.000228014 0.0434406 -0.00104654 0.0334267 -0.000324844 -0.0029496 -0.022645 -0.0233982 -0.000135757 -0.00263034 -0.000801622 -0.00203581 7.99754e-05 -0.000526608 0.00177457 -0.00153539 -0.000183883 -0.000575161 
0.000117394 -0.0368775 0.000244506 0.00845602 0.00779856 -3.48729e-05 0.000242537 -0.0091706 -0.000840913 -0.018484 -0.0118082 -0.00948838 -0.0135486 0.0104989 -0.0358444 -0.0210953 -0.0324098 -0.0320509 -0.000206904 -0.0313759 -0.0017812 0.00738254 -0.00659674 0.00838676 0.0330834 -0.0189777 0.0390257 -0.00702622 0.0327435 -0.000379089 0.0280969 -0.004679 0.0302091 0.0519487 -0.000260835 0.000207381 0.000174065 -0.000339229 -0.00276626 -0.000113264 0.000553945 -0.000976445 -0.0117077 0.00885238 -0.000436481 -0.000142289 8.94639e-07 -0.00156329 9.90472e-05 -0.000145638 -0.00021214 -0.000771464 4.16302e-05 -7.86583e-05 -0.000414774 -0.00116254 3.51973e-05 -5.34803e-05 0.00769423 7.00083e-05 -0.0240813 -1.06248e-05 0.00890745 -0.00014414 0.00687388 -0.000235187 -0.000852721 -0.000498508 0.0325867 0.014519 -0.0167958 0.0385151 -0.000633577 -0.037319 0.00346339 -3.15029e-06 -0.00166066 0.000483021 -0.00347865 -0.00087568 0.000419155 0.00108373 -4.45463e-05 0.0155701 -0.000494246 0.026873 -0.000182717 -0.00149989 -0.0111628 -0.0113307 -2.24362e-06 -0.00148878 -0.000392344 -0.00105578 0.0012852 -0.000227204 0.00321106 -0.000943492 -0.000280892 -0.000239002 
