0.000214134 4.87609e-05 3.46893e-06 1.1788e-06 1.49733e-07 0.000190568 9.61448e-07 -0.000104546 2.34096e-07 7.73773e-06 -0.000199142 0.000191489 3.5954e-06 3.05557e-08 8.32062e-06 -3.95852e-06 0.000182288 -2.85254e-06 -1.32583e-05 -3.38051e-06 0.000195327 1.06055e-06 -0.000186218 -0.000198886 1.20823e-05 7.91375e-06 -0.0001745 -7.57653e-06 4.82272e-06 0.00019258 0.000190495 -2.33885e-08 -1.91206e-08 9.89861e-06 0.000181793 1.37255e-07 -5.45753e-05 6.86718e-06 -9.6467e-06 4.2374e-07 4.18817e-07 -4.17594e-08 -3.43732e-07 -2.47871e-08 -1.30984e-07 1.30762e-05 -0.000188297 -0.000197631 1.12586e-05 -9.89406e-07 2.02669e-06 9.7761e-07 8.84609e-07 -7.08829e-08 -3.9957e-06 -2.27501e-06 -4.26938e-05 0.000186886 7.12197e-06 3.18049e-07 4.78341e-07 -0.000182364 -1.94154e-08 -0.000193413 -5.76803e-06 -0.000184916 2.40926e-05 -1.41221e-05 1.06481e-06 1.35631e-05 -1.338e-07 6.9565e-06 0.000110431 -0.00016473 0.000185902 -9.05574e-06 -4.11868e-08 -1.30043e-08 1.87459e-07 -0.000121287 0.000113671 -1.67156e-06 -0.000189986 4.98845e-09 -2.65355e-08 -3.73486e-09 -0.000143525 0.000156375 -6.37235e-08 -5.87653e-08 1.91767e-06 -2.24156e-06 -1.31942e-08 0.000186589 -4.88256e-05 0.000176095 7.98983e-07 -7.77362e-07 -0.000199146 -1.34256e-07 
4.87609e-05 0.00774744 -5.92478e-05 0.000162592 1.12905e-05 0.00748658 3.54138e-05 -0.00382066 4.82736e-10 -0.000216669 -0.00724055 0.00728979 -0.00013333 1.5488e-05 -0.000198534 0.000305208 0.00648917 -0.000415924 -0.000475684 -3.94904e-05 0.00621897 4.50904e-05 -0.007151 -0.00724663 0.000443346 -0.000371636 -0.00670634 -7.01764e-05 0.000490938 0.00728481 0.00737105 1.06732e-06 -3.90416e-07 0.000110173 0.00638443 0.000841718 -0.00210468 -0.000296453 -0.000353299 0.000885992 -4.79017e-06 9.74234e-07 -2.66124e-05 -6.67001e-07 6.65174e-05 0.00172827 -0.00682962 -0.00720464 0.000446251 3.11459e-05 6.25274e-05 0.000860149 3.47222e-06 2.89225e-05 -0.000159963 -7.23406e-05 -0.00146474 0.00651164 -0.000288107 0.000434158 2.93284e-06 -0.00665335 5.40655e-05 -0.00705835 -0.000239018 -0.00674789 0.00137534 -0.000513124 6.2219e-05 0.00012575 -4.87797e-06 -0.000350296 0.00516958 -0.00657609 0.00656354 -0.000289094 -1.47156e-06 -4.44101e-07 1.83254e-05 -0.0036186 0.00405761 7.11464e-06 -0.00693263 -2.16138e-06 5.1259e-07 3.79707e-05 -0.00439269 0.00471031 8.05348e-06 9.51909e-05 -0.000322289 -2.22425e-05 6.95564e-06 0.00747971 -0.00180597 0.00576505 0.000105049 0.000151703 -0.0072551 9.75354e-05 
3.46893e-06 -5.92478e-05 0.0160641 -4.03132e-06 -2.91108e-06 -0.000142659 1.99047e-05 -0.00551018 9.65239e-06 0.00759331 -0.00846878 -0.000123553 0.00584185 4.9381e-05 0.00656992 0.00326722 -0.000132103 0.00824448 -0.000972019 -0.000267114 0.0084648 -3.1063e-05 -8.77091e-05 -0.00852552 0.000226019 0.00443067 0.000672479 -0.000441448 -0.00114273 6.33132e-05 -0.000224611 1.56267e-05 -9.67906e-07 -1.48293e-05 -0.000133122 -3.73617e-05 0.00235176 0.00862399 -0.000639175 -4.36948e-05 0.00015209 -9.2074e-07 0.000241254 4.89003e-06 0.00015225 0.000184745 -0.00788828 -0.00854901 -8.20532e-06 -0.000182698 0.00419428 -1.32693e-05 2.01065e-05 -3.47468e-06 0.000116642 -7.07845e-06 -0.00304784 -1.62718e-05 0.00837529 -2.12014e-05 6.34906e-08 -0.0082347 -1.33372e-06 -0.0105989 -0.000213605 -0.00793334 -1.94163e-05 -0.000858458 -2.01715e-06 0.0078132 0.000150015 0.00553554 -0.000114097 0.00192962 -0.000137668 0.00115635 -1.58708e-06 -9.14886e-07 -4.13781e-06 -0.00570116 -0.00332023 0.000549648 -0.00812558 2.60572e-05 -1.04328e-06 -2.48219e-06 -0.0105073 0.00254111 -4.12213e-06 -3.09407e-06 0.00571637 0.000437396 -6.72699e-07 -0.000162598 -0.00287134 4.81143e-05 0.000312646 0.00187032 -0.00847328 -3.82342e-06 
1.1788e-06 0.000162592 -4.03132e-06 0.000254545 3.63817e-06 0.000244305 3.56398e-05 -0.000120335 -2.68308e-08 -1.12882e-05 -0.000203628 0.000203951 -1.19209e-05 -2.13317e-07 -9.44688e-06 6.47266e-05 0.000157768 1.24331e-05 -1.55243e-05 7.34482e-05 0.000117983 3.90949e-05 -0.000234023 -0.000236236 2.86797e-05 -1.11213e-05 -0.000225599 -1.77388e-06 -9.03826e-06 0.000115503 0.000129336 -2.78034e-08 -2.27299e-08 0.000123056 0.0002388 -9.86741e-07 -7.36253e-05 -1.1387e-05 -8.24869e-06 -9.3211e-07 -1.75758e-07 6.47025e-07 -7.06266e-07 -2.79935e-09 2.65812e-06 0.000119691 -0.000222393 -0.000234038 1.81267e-07 2.46045e-05 1.65661e-06 5.87082e-08 7.51704e-07 3.74291e-05 -5.24528e-06 -2.62112e-06 5.22785e-05 0.000237177 -1.41372e-05 3.95005e-05 2.61361e-07 -0.000213031 9.0692e-07 -0.000225886 -6.85082e-06 -0.000203524 3.32538e-06 -1.55946e-05 -9.12579e-09 5.42791e-05 -1.59057e-07 -1.14159e-05 0.000100976 -0.000218067 0.000149516 -9.87182e-06 -4.89615e-08 -1.54591e-08 -5.30738e-07 -0.000148079 1.70332e-05 -2.63195e-06 -0.000225738 -8.91712e-08 -3.15445e-08 2.39405e-06 -0.000179764 0.000104143 6.38425e-06 1.06808e-07 -1.42691e-05 -2.41578e-06 2.09818e-08 0.00023436 -5.55077e-05 3.71962e-05 0.000110269 5.07314e-07 -0.000233172 9.04671e-05 
1.49733e-07 1.12905e-05 -2.91108e-06 3.63817e-06 0.000203525 4.96137e-05 2.42118e-06 1.31233e-05 2.03855e-06 -4.80978e-06 -4.268e-05 3.25101e-05 6.72136e-06 5.14278e-06 -6.95347e-06 3.13867e-05 1.46782e-05 -9.51949e-06 -6.09796e-06 3.66687e-06 3.10854e-06 8.85549e-06 -5.35596e-05 -2.99946e-05 2.06064e-06 -5.17444e-06 -4.51795e-05 3.29352e-05 1.83083e-05 3.54574e-05 3.25202e-05 7.21104e-07 -1.81731e-08 1.45594e-05 2.23341e-05 2.21138e-05 -2.75483e-05 -3.13752e-06 -7.6714e-06 2.67748e-05 1.39477e-07 -3.96901e-08 -3.44565e-07 1.89775e-07 -4.2706e-08 2.45106e-05 -3.53685e-05 -4.22894e-05 1.19018e-05 6.26241e-06 -1.47174e-06 2.29671e-05 -1.46283e-08 6.33596e-06 -6.70543e-08 4.07773e-06 3.37838e-05 1.84106e-05 -6.19927e-06 7.69665e-06 -1.57696e-09 -5.33365e-05 6.76821e-06 -5.03927e-05 -6.25758e-06 -0.000135472 1.34412e-05 -9.83899e-06 -3.66121e-08 -4.22317e-06 -1.27169e-07 -3.42777e-06 3.86603e-06 -8.44979e-05 9.79822e-06 -6.30033e-06 7.90854e-07 -1.23599e-08 6.20569e-06 -3.24736e-05 -1.39211e-05 1.23936e-05 -5.1182e-05 3.20389e-08 5.38113e-07 -4.47358e-08 -3.14441e-05 1.05813e-05 -6.05658e-08 4.27081e-06 -2.1914e-06 4.01943e-06 6.30793e-07 4.19874e-05 -3.04354e-05 4.78136e-06 1.32363e-05 4.11916e-06 -4.32968e-05 1.66757e-05 
0.000190568 0.00748658 -0.000142659 0.000244305 4.96137e-05 0.0101274 7.12269e-05 -0.00500039 -4.84927e-07 -0.000457884 -0.00943147 0.00964885 -0.000182267 9.5284e-05 -0.000413575 0.000470657 0.00822064 -0.000585419 -0.000630184 8.96866e-05 0.0078692 0.000103282 -0.00950644 -0.00935797 0.00105882 -0.000497666 -0.00874221 -0.000160524 0.00069591 0.00949988 0.00951468 -8.6068e-07 -2.60122e-07 0.000336973 0.00827056 0.00114904 -0.00253659 -0.000459203 -0.000465026 0.00121498 1.5634e-06 7.65011e-07 -3.33534e-05 3.32504e-07 0.000163936 0.00266948 -0.00891433 -0.0094287 0.00071577 -6.45441e-05 0.000158619 0.00114542 1.77614e-05 0.00016458 -0.000210014 -0.000103018 -0.00157352 0.00855266 -0.000602766 0.000448288 4.83407e-06 -0.0086668 7.19458e-05 -0.00921824 -0.000267853 -0.00879194 0.00200021 -0.000663239 6.72964e-05 -0.000156708 -6.17874e-06 -0.00046118 0.00680649 -0.00876336 0.00847455 -0.000413794 3.45698e-07 -6.2126e-07 0.000100122 -0.00457978 0.00541845 4.07129e-05 -0.00904933 -3.58356e-06 -1.12436e-06 3.39847e-05 -0.00561461 0.00686975 5.82571e-06 0.000121353 -0.000600234 -0.000111965 7.58967e-06 0.00992854 -0.00236426 0.0077036 0.000324033 6.35095e-07 -0.00948461 0.000293129 
9.61448e-07 3.54138e-05 1.99047e-05 3.56398e-05 2.42118e-06 7.12269e-05 0.000288857 -4.68428e-05 -3.04485e-08 1.13227e-05 -6.74652e-05 5.6384e-05 7.52708e-06 5.64125e-06 6.81532e-06 4.08241e-05 4.79367e-05 0.000122002 8.35672e-05 2.21923e-05 3.90441e-05 2.17617e-05 -0.000205003 -9.0631e-05 1.06862e-05 -1.3515e-05 -0.000163241 -3.74783e-06 -1.91102e-05 5.26241e-05 3.42459e-05 -3.15522e-08 -2.57946e-08 2.24226e-05 7.60919e-05 5.06018e-07 -6.25064e-05 1.32583e-05 -8.09843e-06 1.0909e-06 -1.99456e-07 -5.63356e-08 3.04237e-05 2.63228e-07 4.02056e-06 5.48364e-05 -8.18065e-05 -9.34006e-05 9.99527e-07 -3.34441e-06 2.90787e-05 -2.62815e-07 4.7059e-06 2.01677e-05 2.07942e-05 9.03509e-05 0.000107059 8.97972e-05 6.05312e-06 1.33372e-06 -2.23832e-09 -0.000118323 9.03808e-07 -0.000164449 8.12774e-06 -4.59929e-05 3.80865e-07 -1.64148e-05 1.8647e-06 3.36029e-06 -3.05027e-08 -1.2172e-05 3.088e-05 -0.000159533 3.19425e-05 3.85233e-05 4.61104e-07 -1.75435e-08 4.48871e-06 -7.34351e-05 3.54698e-05 6.32875e-06 -0.000164224 7.52139e-07 1.44202e-07 1.25984e-06 -0.000201447 4.89434e-05 -8.59664e-08 2.07739e-06 -1.39599e-05 -2.27379e-06 -1.77997e-08 6.36168e-05 -5.26045e-05 2.51466e-05 4.60908e-05 1.28578e-05 -9.21235e-05 2.25522e-05 
-0.000104546 -0.00382066 -0.00551018 -0.000120335 1.31233e-05 -0.00500039 -4.68428e-05 0.249898 -5.52363e-06 -0.0211443 0.0328749 -0.00503055 -0.0241629 -0.000367552 -0.0214874 -0.0111335 -0.00404895 -0.0288188 0.0183606 0.00493494 -0.0328754 0.000535535 0.00884714 0.032056 -0.000765141 -0.0238161 -0.0129677 0.0166193 0.000622026 -0.00723595 -0.0073304 -3.1495e-05 2.293e-05 -0.000800851 -0.00410032 -0.00172513 0.035937 -0.0282355 -0.000269422 -0.00185224 -0.000117913 -2.77403e-05 -0.000735033 -3.21539e-05 -0.000391009 -0.00133044 0.0121421 0.0346244 -0.000413353 -0.00527755 -0.00296455 -0.000590145 -1.83895e-05 -6.11894e-05 0.000179831 -0.0037469 0.0337144 -0.00619346 -0.0272409 -0.000617576 -1.28494e-06 0.0166752 -4.3951e-05 0.0305871 -0.00868347 0.00416364 -0.00101272 -0.00259106 -1.80434e-05 -0.0257165 -0.000261212 -0.0225719 -0.00353375 -0.0354493 -0.00437181 -0.0135939 -8.50674e-05 -1.74239e-05 -0.00114601 -0.0857692 -0.114404 -0.00726627 0.0227072 -1.7666e-05 -2.49696e-05 8.08048e-06 0.00121461 -0.00543165 -0.000145188 -0.000124324 -0.0274842 -0.0055652 -4.95298e-09 -0.00499313 0.0892937 -0.00388128 -0.000473986 -0.00165853 0.0330088 -0.000136959 
2.34096e-07 4.82736e-10 9.65239e-06 -2.68308e-08 2.03855e-06 -4.84927e-07 -3.04485e-08 -5.52363e-06 0.000105369 3.02422e-05 -2.03756e-05 4.43944e-07 3.1312e-08 -8.82895e-08 -1.97242e-06 1.93214e-05 -8.28082e-07 2.84491e-05 2.07134e-05 4.10638e-05 2.24379e-05 -1.57909e-07 -4.27298e-05 -1.56639e-05 -2.15362e-07 1.35387e-05 -3.8895e-05 1.17335e-05 5.55631e-06 -1.3323e-06 -8.10369e-07 4.65159e-07 2.7259e-08 1.90445e-07 -7.13798e-07 4.47113e-06 -3.80416e-06 2.03831e-05 -2.79516e-06 1.09236e-06 1.41726e-06 6.62787e-07 4.07111e-06 -1.21956e-08 -1.95449e-09 -3.50895e-07 -2.89115e-05 -2.00616e-05 -1.40957e-08 1.96766e-06 3.97702e-06 -1.2746e-07 -7.57261e-09 -3.48755e-08 3.69571e-06 1.2624e-05 -1.83352e-05 -7.00629e-07 1.92234e-05 1.11202e-06 -8.16344e-10 -6.9378e-05 -9.5527e-09 -6.25203e-05 7.08688e-07 -4.17857e-05 3.08155e-07 -2.73831e-06 -1.89529e-08 1.91783e-05 -6.58316e-08 1.83576e-05 -7.20167e-07 9.26587e-06 -3.601e-07 3.97777e-06 9.39735e-07 2.63602e-07 -2.47258e-07 -1.77109e-06 -2.71389e-05 1.85975e-06 -3.51798e-05 7.16643e-06 -1.30559e-08 -2.31583e-08 -3.5244e-05 4.42682e-06 -3.1353e-08 -2.89135e-08 1.18022e-05 -6.77952e-07 1.26842e-07 -4.81307e-07 2.78531e-05 -3.671e-07 5.85787e-06 9.22093e-07 -1.69407e-05 1.52728e-06 
7.73773e-06 -0.000216669 0.00759331 -1.12882e-05 -4.80978e-06 -0.000457884 1.13227e-05 -0.0211443 3.02422e-05 0.0428228 -0.0366583 -0.000331842 0.0343046 -8.11843e-06 0.0354381 0.00508257 -0.000380591 0.0389826 -0.00017909 -7.70102e-05 0.0370353 -8.89257e-05 -0.00124086 -0.0362302 5.26002e-06 0.0322549 0.0016999 -0.0017859 0.0158144 -0.00060191 -0.000560999 6.30093e-06 2.15763e-06 0.00011822 -0.000381147 -0.000186827 -0.0104516 0.0374978 -0.00201397 4.31492e-05 9.67718e-05 -4.83452e-06 0.00117343 -2.71516e-06 0.000231099 9.26648e-05 -0.0346925 -0.0363774 -3.63568e-05 -0.000399236 0.00382919 -5.28265e-05 -2.46501e-06 6.13927e-06 -0.000669759 0.00278246 -0.00565613 -0.00057021 0.0366542 -1.03523e-05 2.45603e-06 -0.0362518 -3.19742e-06 -0.0302181 -0.00128082 -0.0344991 -9.20835e-05 -0.00279103 -2.16665e-06 0.0360403 0.000150839 0.031375 -2.59286e-05 0.00406766 -0.000394417 0.00896654 7.42587e-05 -6.92094e-07 -0.00010113 -0.0260505 -0.014146 0.000863324 -0.0385681 0.000177965 2.99955e-05 -9.56577e-06 -0.0321263 0.00234094 2.47612e-05 -1.14142e-05 0.0346611 0.00067618 8.53482e-06 -0.00044267 -0.0101824 -0.000384809 0.000268142 0.00235262 -0.036615 -1.28695e-05 
-0.000199142 -0.00724055 -0.00846878 -0.000203628 -4.268e-05 -0.00943147 -6.74652e-05 0.0328749 -2.03756e-05 -0.0366583 0.0633368 -0.00923239 -0.0456185 -0.00070102 -0.0407242 -0.0209743 -0.00774606 -0.0515144 0.00401139 0.000931637 -0.0612594 -1.24799e-05 0.00731666 0.0620725 -0.00101106 -0.0455053 0.0100413 0.00243128 -0.0204546 -0.00886446 -0.0139417 -4.25894e-05 3.83653e-06 -0.00150294 -0.0077471 -0.00175728 0.0157392 -0.053388 0.00309987 -0.00323682 -0.000319814 9.85933e-06 -0.000117047 -5.02756e-05 -0.00088989 -0.00288154 0.0593458 0.0620949 -0.000807443 -0.00992707 -0.00611857 -0.00110928 -4.53034e-05 -0.000179947 0.00130745 0.000645577 0.0128944 -0.00742326 -0.0519684 -0.000395067 -7.19025e-06 0.0575649 -7.51532e-05 0.0526178 0.00191895 0.0582476 -0.00192819 0.00413568 -7.25948e-05 -0.0503529 -0.000259472 -0.0425869 -0.0068707 0.0146262 -0.00804213 -0.00896629 5.501e-06 -3.11069e-06 -0.00217135 0.0379121 0.0127628 -0.0138943 0.06016 -8.75438e-05 -1.87709e-05 -2.9303e-05 0.0477054 -0.00943143 -0.000267512 -0.000110958 -0.0485591 -0.0103716 -1.35971e-05 -0.00946584 0.0156384 -0.00726748 -0.000792671 -0.00250413 0.0628093 -0.00031185 
0.000191489 0.00728979 -0.000123553 0.000203951 3.25101e-05 0.00964885 5.6384e-05 -0.00503055 4.43944e-07 -0.000331842 -0.00923239 0.0103857 -0.000142792 4.44363e-05 -0.00033088 0.000310948 0.00813501 -0.000592648 -0.000646069 -8.85184e-05 0.00803867 9.93215e-05 -0.00954053 -0.00909738 0.00100761 -0.000360575 -0.00844243 -0.000239444 0.000848399 0.00947069 0.00939306 3.4385e-07 -6.30336e-07 0.000198524 0.00810099 0.000972551 -0.00247193 -0.000370133 -0.000445427 0.0010321 4.70132e-06 -6.66417e-07 -8.96011e-06 6.19781e-08 0.000143474 0.00230896 -0.00870957 -0.00920157 0.000704926 -6.57038e-05 0.000144549 0.000987255 1.68824e-05 4.65064e-05 -7.08013e-05 -7.20534e-05 -0.00187336 0.00836649 -0.00044768 0.000350719 7.33869e-06 -0.00877646 1.92752e-05 -0.0094104 4.12602e-05 -0.00862792 0.00187278 -0.000624064 6.93889e-05 -2.079e-05 -4.17351e-06 -0.000321318 0.00672458 -0.00843528 0.00846972 -0.000412793 2.27164e-06 -6.37275e-07 1.5773e-05 -0.00442446 0.00580062 -8.09192e-05 -0.00883373 -3.3926e-06 -1.10037e-06 2.87668e-05 -0.00553865 0.00669371 6.26056e-06 1.56635e-05 -0.000582287 -0.000112138 4.16342e-06 0.00957278 -0.00242048 0.0077154 0.000128992 -3.07638e-06 -0.00925486 0.000101921 
3.5954e-06 -0.00013333 0.00584185 -1.19209e-05 6.72136e-06 -0.000182267 7.52708e-06 -0.0241629 3.1312e-08 0.0343046 -0.0456185 -0.000142792 0.0473834 0.000700347 0.0365696 0.0128942 -0.000420865 0.0446223 -0.00307885 -0.00093198 0.0455457 -6.19903e-05 0.00133087 -0.045024 -7.57155e-05 0.0379754 -0.000925759 -0.00201249 0.0188073 -0.000408661 0.00212043 1.32341e-05 -3.33211e-06 0.000989845 -0.000424917 0.00080686 -0.0114152 0.0459692 -0.00225437 0.00214747 0.000327811 -8.97009e-06 4.92105e-05 1.19885e-05 0.000759247 0.000413267 -0.0432673 -0.0451435 3.40756e-05 0.00591182 0.00563294 0.000110877 1.50296e-05 3.1092e-05 -0.000970667 -0.000236502 -0.00924709 -0.000988924 0.0446769 3.84439e-05 3.9367e-07 -0.0422379 4.13659e-05 -0.0370148 -0.00142886 -0.0430038 9.82337e-05 -0.00289947 -3.13271e-06 0.042509 0.000248919 0.0368111 0.000181801 -0.00303896 -0.00042464 0.00689365 2.31199e-05 3.99203e-06 0.00205549 -0.0286509 -0.0156372 0.0100132 -0.0439372 2.88773e-05 8.34804e-06 -1.04495e-05 -0.0361704 0.00306139 0.000245166 2.58702e-05 0.0415567 0.00684478 1.57411e-05 -0.000114138 -0.0115025 -0.000384743 6.61099e-05 0.0024769 -0.0456735 2.1866e-05 
3.05557e-08 1.5488e-05 4.9381e-05 -2.13317e-07 5.14278e-06 9.5284e-05 5.64125e-06 -0.000367552 -8.82895e-08 -8.11843e-06 -0.00070102 4.44363e-05 0.000700347 0.000837118 -7.22189e-06 0.000502487 -7.00367e-06 0.000646685 2.99014e-06 -1.42879e-05 0.000591699 1.92907e-05 -0.000178159 -0.000708156 -1.32889e-06 0.000258308 -7.03268e-05 -2.39247e-05 9.07786e-05 -2.32621e-06 4.44952e-05 -9.14899e-08 2.71872e-07 4.85188e-05 -7.07561e-06 4.32753e-05 -0.000170313 0.00068263 -3.50193e-05 0.000146584 6.82832e-06 -1.53353e-07 1.21487e-07 3.06372e-07 0.00011007 0.000179986 -0.000662852 -0.000663573 7.7206e-07 0.000444725 0.000123935 1.13766e-05 1.15431e-05 -2.77277e-07 1.93989e-06 8.81072e-06 2.23628e-05 -6.87632e-06 0.000482875 1.74886e-05 9.6843e-08 -0.000627369 1.43841e-05 -0.000684809 -4.34628e-06 -0.000631982 1.72327e-05 -5.44456e-05 -1.06847e-08 0.000425661 5.99416e-08 5.90562e-05 1.69138e-05 -0.000699251 -7.37357e-06 9.12428e-05 1.12222e-06 2.19913e-06 0.000163238 -0.000425109 -0.000236215 0.000730579 -0.000709571 -2.93427e-07 -1.038e-07 -1.84119e-07 -0.000594128 0.00017648 6.31074e-05 1.53468e-05 0.000537234 0.000535453 2.45054e-07 6.00094e-05 -0.000190157 7.76411e-06 -6.91818e-07 2.40412e-05 -0.000703901 1.04115e-05 
8.32062e-06 -0.000198534 0.00656992 -9.44688e-06 -6.95347e-06 -0.000413575 6.81532e-06 -0.0214874 -1.97242e-06 0.0354381 -0.0407242 -0.00033088 0.0365696 -7.22189e-06 0.0422575 0.00979226 -0.000352322 0.0399225 -0.00269917 -0.000782439 0.0408235 -8.59789e-05 0.00166397 -0.0406014 -6.38652e-05 0.0368021 0.000607963 -0.00172723 0.0179945 -0.000443924 -0.000284386 3.1602e-05 -3.60697e-06 0.000811018 -0.000357189 -5.71619e-05 -0.0112603 0.0412275 -0.00188734 0.000562516 -1.41665e-05 -8.47354e-06 9.37082e-05 8.30332e-06 0.000395694 0.000260837 -0.0388362 -0.0406634 4.83069e-05 0.00100963 0.00385309 -4.13694e-05 1.84962e-05 1.87813e-05 -0.000855579 -0.000469297 -0.00865566 -0.000711741 0.0407258 -3.84017e-05 -8.91641e-08 -0.0374836 4.18216e-06 -0.0313672 -0.00130815 -0.037855 -8.97802e-05 -0.00232883 -6.25505e-06 0.0395633 0.000129684 0.0355932 2.71256e-05 0.00334813 -0.000292653 0.00598712 -8.28868e-06 7.64558e-06 0.000321876 -0.025739 -0.0139492 0.00278527 -0.0391893 4.4569e-05 7.45907e-06 2.63139e-05 -0.0324018 0.000451163 9.87058e-05 2.9516e-05 0.0380797 0.00153504 -6.13621e-07 -0.000412323 -0.0101923 -0.00037802 0.000413803 0.0021413 -0.041036 1.57615e-06 
-3.95852e-06 0.000305208 0.00326722 6.47266e-05 3.13867e-05 0.000470657 4.08241e-05 -0.0111335 1.93214e-05 0.00508257 -0.0209743 0.000310948 0.0128942 0.000502487 0.00979226 0.0222737 0.000288743 0.0201445 -0.0013975 -0.000223579 0.020758 1.48748e-05 -5.94839e-05 -0.0207709 9.50813e-06 0.0170833 -0.00311795 -0.000921769 0.00341122 0.000273819 0.00529204 3.34043e-05 -1.79483e-06 0.00113584 0.000416346 0.0006149 -0.00579572 0.0205102 -0.00102805 0.00166617 9.22757e-05 -3.34408e-06 1.3015e-05 4.17388e-05 2.57337e-05 0.00025091 -0.0200088 -0.0209752 0.0001915 0.010104 0.00121858 4.82042e-05 3.38874e-06 0.00015769 -0.000462592 -0.000241322 -0.00432239 0.000173975 0.0201996 -2.23115e-05 -1.76572e-07 -0.0194136 2.12905e-05 -0.019874 -0.000637117 -0.0196051 6.89968e-05 -0.00124558 7.97056e-06 0.0189283 -2.01243e-06 0.0148393 -2.90959e-05 -0.0100803 0.000246623 0.00425709 -2.08647e-06 2.26274e-06 0.00209118 -0.0131456 -0.00664123 0.0122678 -0.0200868 3.47053e-06 9.52735e-07 -4.81571e-06 -0.0165967 0.00092914 0.000236055 -3.94719e-06 0.0205321 0.00967899 -3.77473e-07 0.000532997 -0.00524717 8.69757e-05 0.000654635 0.000230983 -0.0210561 0.000290159 
0.000182288 0.00648917 -0.000132103 0.000157768 1.46782e-05 0.00822064 4.79367e-05 -0.00404895 -8.28082e-07 -0.000380591 -0.00774606 0.00813501 -0.000420865 -7.00367e-06 -0.000352322 0.000288743 0.0084186 -0.000585695 -0.000425922 2.08266e-05 0.00749293 6.94178e-05 -0.0078655 -0.00774274 0.000970308 -0.000414199 -0.00722454 -0.000336515 -0.000519277 0.00798739 0.00801977 -9.27183e-07 -4.54659e-07 0.00019923 0.00790346 -3.00909e-05 -0.00203896 -0.000499933 -0.000385636 -1.27702e-05 -5.32115e-06 -5.25458e-07 -2.34836e-05 -5.45961e-07 0.000118434 0.00182133 -0.00730208 -0.00769205 0.00064663 -6.69201e-05 1.77729e-05 -3.36411e-07 6.50653e-06 7.531e-05 -0.000171119 -7.8331e-05 -0.0014215 0.00811703 -0.000499506 0.000172386 3.34423e-06 -0.00707919 -2.03014e-07 -0.00752867 -0.00025586 -0.00718362 0.000687914 -0.000555503 6.75196e-05 -7.75357e-05 -5.30419e-06 -0.000388907 0.00565533 -0.00724764 0.0080624 -0.000329168 -1.58276e-06 -5.15526e-07 -1.99221e-05 -0.00477381 0.00472305 -0.000125337 -0.00745016 -2.97367e-06 -7.9194e-07 2.24641e-05 -0.00520335 0.00635425 4.56049e-06 -1.23962e-06 -0.000503825 -9.27901e-05 -5.23055e-07 0.00822028 -0.0019582 0.00728395 0.000170149 -3.9307e-05 -0.00774928 0.000160011 
-2.85254e-06 -0.000415924 0.00824448 1.24331e-05 -9.51949e-06 -0.000585419 0.000122002 -0.0288188 2.84491e-05 0.0389826 -0.0515144 -0.000592648 0.0446223 0.000646685 0.0399225 0.0201445 -0.000585695 0.0801843 0.00980103 0.00200174 0.0516131 -0.000103276 -0.00882662 -0.051049 0.000262241 0.0443137 -0.00130645 -0.00340521 0.0178727 -0.0010513 0.00394375 3.90732e-05 1.66784e-05 0.00124331 -0.000493265 0.00051734 -0.0216945 0.0550078 -0.00365371 0.00191767 0.00030261 -1.4004e-05 0.00222612 6.25258e-05 0.000747668 0.00100143 -0.0481293 -0.0511887 9.28167e-05 0.0095375 0.00574402 -9.46368e-05 1.43492e-05 0.000184535 -0.00110813 0.00663246 0.00853741 -0.000153344 0.0510051 -0.000111404 -4.34366e-07 -0.0511949 7.08402e-06 -0.0449307 -0.00200942 -0.0463791 -0.000156487 -0.00379354 1.07752e-05 0.0488682 0.000330857 0.0417928 -0.000226685 -0.0223943 -0.000694746 0.0213663 5.29977e-05 5.20888e-06 0.00199481 -0.0372771 -0.0244412 0.0133644 -0.0659629 0.000154481 4.03748e-05 -1.90764e-05 -0.0561466 0.0031032 0.000254937 1.22357e-05 0.0504253 0.0101288 1.92093e-06 -0.000486049 -0.0196107 -0.000732983 0.000729797 0.00252183 -0.0516032 0.000252863 
-1.32583e-05 -0.000475684 -0.000972019 -1.55243e-05 -6.09796e-06 -0.000630184 8.35672e-05 0.0183606 2.07134e-05 -0.00017909 0.00401139 -0.000646069 -0.00307885 2.99014e-06 -0.00269917 -0.0013975 -0.000425922 0.00980103 0.0580706 0.00925488 -0.00411324 -7.33035e-05 -0.0231229 0.00398114 0.000283928 -0.00300924 -0.0125584 0.00143908 0.00335288 -0.000199527 -0.000919589 -5.79976e-06 4.79071e-05 -0.000101002 -0.000467108 -0.000179986 -0.0128592 -0.000963591 -0.000758179 -0.000250245 -3.85382e-05 -1.08127e-05 0.00116088 2.76694e-05 -6.06993e-05 0.000329148 0.00470822 0.00396083 -1.88653e-05 -0.000694007 -0.000493466 -7.4693e-05 4.65016e-07 1.62967e-05 -0.000380784 0.00597076 0.0252815 0.000890076 -0.00364257 -5.30523e-06 -4.79538e-07 -0.00984942 -5.5848e-06 0.00261192 0.00180286 0.00786438 -0.000128056 -0.00224375 1.43566e-05 -0.00349125 3.2924e-06 -0.00253634 -0.000455239 -0.0339554 -0.000554614 0.0094947 3.91695e-05 2.93315e-05 -0.000121025 -0.00349025 -0.0140884 -0.00088603 -0.0123908 8.36134e-05 4.8224e-05 2.82263e-05 -0.0119399 -0.000559758 -1.82075e-05 9.14456e-05 -0.00149131 -0.000694378 6.32635e-08 -0.000628038 -0.00141225 -0.000464923 -1.64683e-05 -0.000326595 0.00412537 -4.59279e-06 
-3.38051e-06 -3.94904e-05 -0.000267114 7.34482e-05 3.66687e-06 8.96866e-05 2.21923e-05 0.00493494 4.10638e-05 -7.70102e-05 0.000931637 -8.85184e-05 -0.00093198 -1.42879e-05 -0.000782439 -0.000223579 2.08266e-05 0.00200174 0.00925488 0.0185541 -0.00122598 -1.93549e-05 -0.00952613 0.000810336 0.000224894 -0.00088888 -0.0112519 0.00299408 0.00300016 -0.000100248 -0.000257538 -2.06516e-06 4.24502e-06 0.000174223 0.000155623 0.000217848 -0.00413047 4.44557e-05 0.00233299 -4.74815e-05 4.24419e-05 -2.47278e-07 0.000811889 3.10913e-05 -9.18312e-06 0.000321644 -0.00382931 0.000284916 3.21585e-05 -0.000221108 -0.000149589 -4.89428e-06 4.97434e-06 0.000158081 -0.000259414 0.00144432 0.000843205 0.000327921 -0.000938801 2.81464e-05 -1.46503e-07 -0.00919058 -1.56101e-06 -0.000619341 5.66119e-06 0.00135276 -3.69113e-05 -0.000127601 -2.92133e-06 -0.000953904 -5.2776e-06 -0.000850208 -0.000137439 -0.00283999 -0.000123598 0.00174398 8.74995e-06 3.58184e-05 -3.37601e-05 -0.000954458 -0.00542954 -0.000244111 -0.00320268 0.000110037 8.2503e-06 9.56906e-05 -0.00410984 0.00011602 -4.24334e-06 3.59378e-05 -0.00109202 -0.000213665 2.88309e-07 9.08029e-05 0.0103928 -0.000150331 0.00032743 -9.65213e-05 0.000905005 0.000264009 
0.000195327 0.00621897 0.0084648 0.000117983 3.10854e-06 0.0078692 3.90441e-05 -0.0328754 2.24379e-05 0.0370353 -0.0612594 0.00803867 0.0455457 0.000591699 0.0408235 0.020758 0.00749293 0.0516131 -0.00411324 -0.00122598 0.0633998 -3.53752e-05 -0.00585086 -0.0606887 0.000881161 0.0454765 -0.00831833 -0.00277666 0.019438 0.00765788 0.0127296 4.34781e-05 -5.13637e-06 0.00127612 0.00742172 0.000586132 -0.0155297 0.053362 -0.00309548 0.00202627 0.000321344 -7.17355e-06 5.8955e-05 3.98505e-05 0.00079555 0.0020636 -0.0580232 -0.06072 0.000755292 0.00993679 0.0060462 -1.62913e-05 2.52115e-05 2.52696e-05 -0.00126404 -0.000496941 -0.0132634 0.00734949 0.0522722 0.000136049 7.17301e-06 -0.056354 3.05331e-06 -0.0512987 -0.00194363 -0.057177 0.000787211 -0.00404742 7.1485e-05 0.0505722 0.000263963 0.0425758 0.00583695 -0.0128563 0.00787787 0.00904846 8.04165e-06 2.94626e-06 0.00201787 -0.0385126 -0.0135342 0.0136607 -0.0587365 8.6515e-05 2.27518e-05 8.11361e-06 -0.0475734 0.00911583 0.000268137 -1.37949e-05 0.0488361 0.0103818 3.69928e-06 0.00796044 -0.0155953 0.00703565 0.000477609 0.00254622 -0.0612659 4.32379e-05 
1.06055e-06 4.50904e-05 -3.1063e-05 3.90949e-05 8.85549e-06 0.000103282 2.17617e-05 0.000535535 -1.57909e-07 -8.89257e-05 -1.24799e-05 9.93215e-05 -6.19903e-05 1.92907e-05 -8.59789e-05 1.48748e-05 6.94178e-05 -0.000103276 -7.33035e-05 -1.93549e-05 -3.53752e-05 0.00203207 -4.81468e-05 -9.35649e-05 2.85199e-06 -7.51878e-05 -0.000109025 7.6023e-05 0.000131926 3.0176e-05 4.21709e-05 -2.22354e-07 5.8822e-07 5.4426e-05 9.06896e-05 5.25665e-07 -0.000533902 -8.49053e-05 0.000894444 2.10359e-05 2.8644e-06 -2.07007e-07 -3.401e-06 -2.35651e-07 6.08234e-06 0.000147857 -0.000574799 -4.26869e-05 7.94086e-07 -2.06559e-05 -1.33985e-05 -2.38953e-06 3.31701e-06 1.85828e-05 -3.23018e-05 -1.96652e-05 0.000994422 0.000125565 -8.20582e-05 4.04549e-06 1.00893e-07 5.1079e-05 7.75417e-07 2.42321e-05 -5.83927e-05 0.000100621 4.06445e-06 0.000266084 5.27114e-07 -0.000109726 -1.04537e-06 -7.33197e-05 1.21729e-05 -0.00115844 5.31905e-05 7.54236e-05 3.88436e-07 -1.23632e-07 3.46257e-05 -0.00116636 -0.000487714 1.0751e-05 -0.000112899 -6.6647e-07 1.24773e-06 1.25992e-05 -0.000647611 3.55036e-05 -1.85821e-07 2.95465e-06 -9.29798e-05 -2.05186e-05 -2.54375e-08 0.000104209 -0.000364951 6.10786e-05 4.01922e-05 -1.04513e-05 -2.27179e-05 4.69303e-05 
-0.000186218 -0.007151 -8.77091e-05 -0.000234023 -5.35596e-05 -0.00950644 -0.000205003 0.00884714 -4.27298e-05 -0.00124086 0.00731666 -0.00954053 0.00133087 -0.000178159 0.00166397 -5.94839e-05 -0.0078655 -0.00882662 -0.0231229 -0.00952613 -0.00585086 -4.81468e-05 0.0553746 0.00733981 -0.00170745 0.00188774 0.0264687 -0.0013661 -0.00717214 -0.0122764 -0.00907431 -1.20884e-05 -2.18342e-05 -0.000584642 -0.00792244 -0.00137615 0.00877936 0.000331633 0.00183815 -0.0017214 1.15415e-05 -5.60885e-05 -0.00189981 -2.94342e-05 -0.000209725 -0.00307769 0.00555951 0.00725089 -0.000750726 0.000519458 0.000119718 -0.00112156 -2.97187e-05 -0.000204098 -0.0048029 -0.00831148 -0.00350578 -0.00950182 0.00245731 -0.000606341 -4.54755e-06 0.0216321 -6.22565e-05 0.0168954 -0.0150491 0.00464943 -0.00191755 0.00352883 -7.93014e-05 0.00247423 -5.31646e-05 0.00152654 -0.00659695 0.0188551 -0.00808005 -0.00818133 -0.000105549 -3.7691e-05 -0.000598576 -0.00627145 -0.0119782 -0.000105677 0.0183807 -0.000160477 -7.55972e-05 -8.03901e-05 0.0132993 -0.00700502 -1.18172e-07 -0.0002427 -0.000486755 0.000492941 -1.50188e-05 -0.00942234 -0.00073351 -0.00734066 -0.000427187 0.000230568 0.0074271 -0.000309979 
-0.000198886 -0.00724663 -0.00852552 -0.000236236 -2.99946e-05 -0.00935797 -9.0631e-05 0.032056 -1.56639e-05 -0.0362302 0.0620725 -0.00909738 -0.045024 -0.000708156 -0.0406014 -0.0207709 -0.00774274 -0.051049 0.00398114 0.000810336 -0.0606887 -9.35649e-05 0.00733981 0.0638972 -0.00102007 -0.0452002 0.0101582 0.00181724 -0.020096 -0.00886026 -0.0137408 -4.27518e-05 4.61115e-06 -0.00151623 -0.00778995 -0.00163696 0.0155262 -0.0528695 0.00275742 -0.00308181 -0.000319769 6.14255e-06 -7.04787e-05 -6.19938e-05 -0.000959053 -0.00335708 0.0592271 0.0617459 -0.000819452 -0.00981875 -0.00615957 -0.0010095 -5.29768e-05 -0.000202049 0.00130578 0.000686468 0.0123109 -0.00777204 -0.0515988 -0.00036964 -7.21522e-06 0.0572501 -7.99777e-05 0.0520352 0.0019959 0.0576172 -0.00182845 0.00351978 -7.36114e-05 -0.049984 -0.000284156 -0.0419595 -0.00680278 0.0147491 -0.00804447 -0.00944341 5.10915e-06 -3.80779e-05 -0.00216012 0.0385089 0.0131013 -0.013742 0.0599026 -8.32632e-05 -2.16905e-05 -6.11037e-05 0.0476759 -0.00943479 -0.000266475 -0.00020576 -0.0481946 -0.0103235 -1.31038e-05 -0.00939705 0.0151189 -0.00721942 -0.000927585 -0.00248527 0.0623812 -0.000349517 
1.20823e-05 0.000443346 0.000226019 2.86797e-05 2.06064e-06 0.00105882 1.06862e-05 -0.000765141 -2.15362e-07 5.26002e-06 -0.00101106 0.00100761 -7.57155e-05 -1.32889e-06 -6.38652e-05 9.50813e-06 0.000970308 0.000262241 0.000283928 0.000224894 0.000881161 2.85199e-06 -0.00170745 -0.00102007 0.00203949 -6.00487e-05 -0.000933895 -6.22994e-05 -0.000114526 0.00104259 0.000938943 8.03498e-07 9.75548e-08 6.42338e-05 0.000967836 -8.75371e-06 -0.000254759 -4.89877e-05 -9.11067e-05 -7.8253e-06 1.40258e-06 2.02487e-06 -7.08185e-06 3.98349e-06 1.12418e-06 0.000220546 -0.000915555 -0.000990248 1.92672e-05 -2.18828e-05 3.15185e-05 1.95812e-06 9.80314e-06 2.69103e-05 0.000383731 0.000319352 0.000152478 0.0013003 -9.71777e-05 5.30243e-06 5.74168e-07 -0.0014073 -3.19254e-08 -0.00171114 0.000138011 -0.00088441 1.48223e-05 -9.26109e-05 3.93577e-06 -5.26345e-05 -4.23361e-07 -9.27223e-05 0.000608585 -0.00124808 0.000958376 0.000169602 3.98034e-06 -1.24085e-07 -2.7285e-06 -0.000566656 0.000625136 -1.66203e-05 -0.00140006 5.10909e-05 7.8868e-06 6.01755e-06 -0.00146422 0.0010013 -1.13728e-08 3.53927e-06 -0.000104036 -9.83694e-06 -1.25897e-07 0.00103277 -0.000398267 0.000924291 0.000132365 5.27901e-06 -0.00103376 9.4089e-05 
7.91375e-06 -0.000371636 0.00443067 -1.11213e-05 -5.17444e-06 -0.000497666 -1.3515e-05 -0.0238161 1.35387e-05 0.0322549 -0.0455053 -0.000360575 0.0379754 0.000258308 0.0368021 0.0170833 -0.000414199 0.0443137 -0.00300924 -0.00088888 0.0454765 -7.51878e-05 0.00188774 -0.0452002 -6.00487e-05 0.0464646 -0.00170039 -0.00199963 0.0197726 -0.000599504 0.00307903 3.00855e-05 -4.13776e-06 0.00118271 -0.00041822 0.000578642 -0.0133673 0.0457981 -0.00223128 0.00190922 -2.05787e-05 -9.07131e-06 -5.36472e-05 2.54698e-05 0.000284679 -6.90583e-05 -0.0429399 -0.0448802 -1.95652e-05 0.00812651 0.002323 -5.59901e-05 -1.9571e-06 2.84594e-05 -0.000920861 -0.00051763 -0.00978931 -0.000978481 0.0453587 -7.76898e-05 2.1849e-06 -0.0415944 -4.01835e-06 -0.0370727 -0.00140808 -0.0421567 -9.37124e-05 -0.00299136 2.66065e-06 0.0436068 0.000146039 0.0401111 1.10196e-05 -0.00423712 -0.000366303 0.00702035 -9.13739e-06 1.51726e-06 0.00201355 -0.0284417 -0.0154353 0.0104763 -0.0434182 7.49011e-05 1.3811e-05 -1.06588e-05 -0.0358064 -0.000242783 0.000153616 -1.29434e-05 0.043578 0.00751746 5.05728e-06 -0.000441281 -0.0113046 -0.000444402 0.00043631 0.00111147 -0.0454193 4.63584e-05 
-0.0001745 -0.00670634 0.000672479 -0.000225599 -4.51795e-05 -0.00874221 -0.000163241 -0.0129677 -3.8895e-05 0.0016999 0.0100413 -0.00844243 -0.000925759 -7.03268e-05 0.000607963 -0.00311795 -0.00722454 -0.00130645 -0.0125584 -0.0112519 -0.00831833 -0.000109025 0.0264687 0.0101582 -0.000933895 -0.00170039 0.0626309 -0.0064897 -0.0154785 -0.00888601 -0.00957738 2.54485e-06 -4.293e-06 -0.000896618 -0.00724206 -0.0021665 -0.00165563 -0.00123076 -0.000553804 -0.00300267 1.14425e-05 4.97687e-06 -0.000301323 -4.29001e-05 -0.000212116 -0.00254925 0.016151 0.0103143 -0.000738081 -0.000977821 0.000198217 -0.00111748 -3.76888e-05 -0.000192267 0.00100614 -0.000363319 0.0097479 -0.00730152 -0.00111152 -0.00041654 -3.18657e-06 0.0218929 -6.78206e-05 0.0101923 -0.00458836 0.00659483 -0.00190328 0.00386473 -7.03316e-05 -0.000231193 -1.44248e-05 -0.00184141 -0.00600381 0.0114162 -0.00740449 0.00197853 9.32072e-06 -4.23736e-05 -0.00199779 -0.0002661 0.00517631 -0.00272039 0.012316 -8.50997e-05 4.11337e-07 -0.000184459 0.00230947 -0.005918 -4.06808e-06 -0.000191056 -0.00115725 -0.000364195 -6.65405e-06 -0.0086836 -0.0268854 -0.0066092 -0.000667535 0.000259194 0.0100602 -0.000305919 
-7.57653e-06 -7.01764e-05 -0.000441448 -1.77388e-06 3.29352e-05 -0.000160524 -3.74783e-06 0.0166193 1.17335e-05 -0.0017859 0.00243128 -0.000239444 -0.00201249 -2.39247e-05 -0.00172723 -0.000921769 -0.000336515 -0.00340521 0.00143908 0.00299408 -0.00277666 7.6023e-05 -0.0013661 0.00181724 -6.22994e-05 -0.00199963 -0.0064897 0.0393125 0.0022087 0.000130756 -0.000366129 -4.45309e-06 5.20424e-07 -6.44872e-05 -0.000336375 0.000153332 0.0123745 -0.00246924 0.000915538 7.93672e-05 -1.74276e-05 -5.28253e-06 -0.000144801 -1.02411e-06 -3.78071e-05 3.52046e-05 -0.00984866 0.00205813 -3.36233e-05 -0.000492113 8.16127e-06 0.000209471 2.68758e-06 -9.10661e-06 -0.000820624 -0.000389648 -0.00274951 -0.000554003 -0.00228712 9.47158e-05 -2.87559e-07 -0.0158627 3.81732e-06 0.00314996 -0.00112477 -0.00487989 0.000151832 0.00237816 -6.47272e-06 -0.00192822 -2.24252e-05 -0.00184346 -5.85759e-05 -0.00124658 -0.0003376 -0.00123228 -7.44294e-06 3.00977e-05 -8.82304e-05 -0.0110023 -0.0103878 -0.000608025 -0.00161754 2.43032e-05 -1.68208e-06 7.32381e-05 -0.008622 -0.000436093 -1.09497e-05 0.000113659 -0.00217564 -0.000457041 -1.20863e-06 -0.000155933 0.0178005 -0.00033337 -4.93879e-06 -0.000214093 0.00241041 -1.00525e-05 
4.82272e-06 0.000490938 -0.00114273 -9.03826e-06 1.83083e-05 0.00069591 -1.91102e-05 0.000622026 5.55631e-06 0.0158144 -0.0204546 0.000848399 0.0188073 9.07786e-05 0.0179945 0.00341122 -0.000519277 0.0178727 0.00335288 0.00300016 0.019438 0.000131926 -0.00717214 -0.020096 -0.000114526 0.0197726 -0.0154785 0.0022087 0.0677327 0.000551231 0.00128328 1.56372e-05 -3.8734e-06 0.00085427 -0.000527962 0.00211314 -0.0144254 0.0194094 0.00295312 0.00327872 1.40913e-05 -1.15638e-05 -0.000265542 -3.88332e-06 0.000302947 0.000127779 -0.0313756 -0.0199572 1.86844e-05 0.000302353 -0.000236877 0.00109662 -1.09764e-06 1.27767e-05 -0.000795567 -0.000726727 -0.00891142 -0.00117699 0.0196649 0.000174087 1.9606e-06 -0.0331699 6.11393e-05 -0.0188685 0.00618782 -0.0215418 0.0010385 -0.00384199 -1.90229e-06 0.018601 1.89461e-06 0.0181053 0.00104659 -0.00806988 -0.000372603 -0.00266798 -1.36185e-05 5.40663e-06 0.00167635 -0.0244834 -0.00998146 0.00228645 -0.0175936 2.48881e-05 5.0935e-06 5.8875e-05 -0.00800686 -0.000651642 7.39299e-07 9.91609e-05 0.0184428 -0.000207885 3.94885e-05 0.0006388 0.000162736 -0.000441437 8.71498e-05 0.00063652 -0.0204081 5.2489e-05 
0.00019258 0.00728481 6.33132e-05 0.000115503 3.54574e-05 0.00949988 5.26241e-05 -0.00723595 -1.3323e-06 -0.00060191 -0.00886446 0.00947069 -0.000408661 -2.32621e-06 -0.000443924 0.000273819 0.00798739 -0.0010513 -0.000199527 -0.000100248 0.00765788 3.0176e-05 -0.0122764 -0.00886026 0.00104259 -0.000599504 -0.00888601 0.000130756 0.000551231 0.0148818 0.00947174 -1.29336e-06 -1.01893e-06 5.66234e-05 0.00791397 0.00114692 -0.00305559 -0.000677928 0.000618495 0.00126176 2.57361e-05 7.97393e-06 -5.02181e-05 2.04464e-06 0.000121089 0.00231461 -0.00927907 -0.0100367 0.000740717 -0.000105637 0.000186658 0.00114023 2.71342e-05 5.42648e-07 0.000810904 0.000257605 -0.00278696 0.00872961 -0.000538599 0.000535004 4.86961e-06 -0.00927338 2.89703e-05 -0.0100909 3.81863e-05 -0.00807061 0.00196487 0.000262458 6.81991e-05 -0.000276903 4.62729e-06 -0.000533063 0.00676087 -0.00790566 0.00839152 -0.000186809 6.00766e-06 3.39926e-05 9.98431e-05 -0.00375628 0.0080292 -7.42773e-05 -0.00851661 -4.07862e-06 7.11129e-06 7.74994e-05 -0.00637566 0.00657552 -2.66227e-06 0.000206698 -0.000700498 -0.000156592 1.24917e-06 0.00944757 -0.00334977 0.00766544 4.16946e-05 -5.72644e-05 -0.00895737 -3.06489e-06 
0.000190495 0.00737105 -0.000224611 0.000129336 3.25202e-05 0.00951468 3.42459e-05 -0.0073304 -8.10369e-07 -0.000560999 -0.0139417 0.00939306 0.00212043 4.44952e-05 -0.000284386 0.00529204 0.00801977 0.00394375 -0.000919589 -0.000257538 0.0127296 4.21709e-05 -0.00907431 -0.0137408 0.000938943 0.00307903 -0.00957738 -0.000366129 0.00128328 0.00947174 0.0147413 2.92464e-07 -1.02933e-06 0.000133858 0.00795304 0.00122291 -0.00389774 0.0043539 -0.000680904 0.0016814 -5.67721e-06 -2.09115e-06 -4.49702e-05 1.25447e-05 0.000151231 0.00216158 -0.0131201 -0.0138409 0.000777057 0.00438155 4.14172e-05 0.00109659 1.74646e-05 1.23726e-06 -0.000308302 -0.000155477 -0.0029775 0.00818709 0.00398935 0.000426025 4.69407e-06 -0.0127503 5.09401e-05 -0.0135227 -0.000408112 -0.0129381 0.00198869 -0.000983557 7.77351e-05 0.00403339 -9.27888e-06 0.00111474 0.00676186 -0.0128096 0.00842113 0.002595 -2.77448e-06 1.22469e-06 0.00054319 -0.00739808 0.0038549 0.00496212 -0.0133027 -4.67789e-06 -1.65409e-06 3.81312e-05 -0.00915757 0.0065384 3.20708e-05 9.05206e-05 0.00435637 0.00434595 -7.58575e-07 0.00954129 -0.00346397 0.00766913 3.61362e-05 -5.5362e-06 -0.0139419 -3.60742e-06 
-2.33885e-08 1.06732e-06 1.56267e-05 -2.78034e-08 7.21104e-07 -8.6068e-07 -3.15522e-08 -3.1495e-05 4.65159e-07 6.30093e-06 -4.25894e-05 3.4385e-07 1.32341e-05 -9.14899e-08 3.1602e-05 3.34043e-05 -9.27183e-07 3.90732e-05 -5.79976e-06 -2.06516e-06 4.34781e-05 -2.22354e-07 -1.20884e-05 -4.27518e-05 8.03498e-07 3.00855e-05 2.54485e-06 -4.45309e-06 1.56372e-05 -1.29336e-06 2.92464e-07 0.000109188 -9.74865e-09 1.57418e-06 -9.3656e-07 -1.15627e-07 -1.9504e-05 4.25696e-05 -4.53316e-06 1.09707e-07 5.54619e-07 -2.12911e-08 -4.02986e-07 1.06956e-08 -1.19467e-07 -4.91419e-07 -4.04168e-05 -4.34836e-05 -1.00961e-07 1.34048e-05 1.31531e-05 -8.87473e-08 -7.84711e-09 -3.61397e-08 3.1877e-05 -5.79917e-07 -2.06156e-05 -1.72441e-06 4.29016e-05 1.82533e-06 -8.45936e-10 -4.17664e-05 3.30101e-07 -7.76712e-05 9.25095e-06 -7.24471e-05 3.02336e-08 -7.02685e-06 -1.964e-08 4.17988e-05 -6.8218e-08 3.76437e-05 -4.94994e-07 1.65379e-06 -7.74662e-07 -2.92041e-06 1.99567e-06 -6.63026e-09 -2.56221e-07 -6.17875e-06 1.5404e-06 8.61938e-06 -4.89354e-05 1.50886e-08 -1.35292e-08 -2.39978e-08 -6.24647e-05 1.42715e-06 -3.24895e-08 1.06671e-06 3.90217e-05 5.80183e-06 1.90994e-06 -8.56929e-07 -1.63679e-05 -9.45249e-07 2.03071e-06 1.45984e-05 -4.33346e-05 -6.84506e-08 
-1.91206e-08 -3.90416e-07 -9.67906e-07 -2.27299e-08 -1.81731e-08 -2.60122e-07 -2.57946e-08 2.293e-05 2.7259e-08 2.15763e-06 3.83653e-06 -6.30336e-07 -3.33211e-06 2.71872e-07 -3.60697e-06 -1.79483e-06 -4.54659e-07 1.66784e-05 4.79071e-05 4.24502e-06 -5.13637e-06 5.8822e-07 -2.18342e-05 4.61115e-06 9.75548e-08 -4.13776e-06 -4.293e-06 5.20424e-07 -3.8734e-06 -1.01893e-06 -1.02933e-06 -9.74865e-09 8.92654e-05 -1.46464e-07 -6.65658e-07 -4.48936e-08 -2.45078e-05 -8.92553e-07 4.77132e-06 9.97592e-08 -6.16257e-08 -1.74059e-08 3.7055e-07 -1.03316e-08 -9.76668e-08 4.61588e-07 -2.27363e-06 4.67595e-06 2.67462e-07 -1.08069e-06 -3.67466e-07 -1.07979e-07 -6.41518e-09 -2.9545e-08 5.75419e-06 8.00508e-06 6.11587e-05 -1.54548e-06 -4.7841e-06 -1.56424e-07 -6.91571e-10 7.30322e-06 -8.09263e-09 -1.22058e-05 -1.66155e-06 6.74879e-06 2.15528e-08 -1.24631e-06 -1.60561e-08 -4.57385e-06 -2.9103e-08 -3.95515e-06 -6.581e-07 -6.04655e-05 -5.0104e-07 1.18988e-05 3.56166e-07 -5.42038e-09 1.372e-07 -3.54244e-06 -9.56506e-06 -9.86402e-07 -5.53824e-05 -3.12659e-08 1.9894e-07 -1.96187e-08 -5.11518e-05 7.14842e-07 -2.65609e-08 -2.44942e-08 -3.74702e-06 -1.01768e-06 -5.49953e-09 -6.03722e-07 -9.81187e-06 -3.1697e-07 -8.93442e-08 5.57875e-07 4.71835e-06 -5.59598e-08 
