0.000824695 -5.81988e-06 -1.06073e-05 -3.006e-05 -3.02656e-06 -1.34542e-05 -0.000115698 -0.000403309 -3.3969e-06 -7.79555e-05 -2.598e-05 4.73877e-05 -5.00435e-05 -0.000486241 -0.000153591 -0.000288211 -7.51793e-05 -0.000320727 -0.000224444 -6.56288e-05 -4.45465e-05 -0.000153392 -0.000402079 0.000343037 -0.000194778 -0.000122213 -6.75933e-05 0.00048402 -2.88665e-05 -7.08278e-05 0.0001868 0.000514462 4.52357e-06 -1.51162e-07 -4.61904e-06 -0.000219128 -0.000328795 -3.87205e-05 -1.67255e-05 -5.18528e-05 -2.31832e-07 -7.60268e-06 -1.61121e-06 -4.18148e-06 1.65274e-06 -3.85919e-08 -8.27195e-07 -3.80359e-05 -2.45655e-05 -6.26185e-05 -4.38588e-05 -2.82221e-05 -4.95353e-05 -3.4548e-06 -2.24079e-05 -0.000209871 -3.31546e-07 -0.00019748 -0.000163057 -5.19088e-05 3.2194e-05 0.000519541 -1.02159e-05 -2.3839e-05 -0.000221702 -3.15177e-05 -2.9833e-07 -9.72321e-08 -1.08168e-05 -7.08571e-06 -7.25473e-05 -0.00043494 0.0006188 -1.7569e-07 0.000586008 0.000237046 -1.74516e-05 8.94147e-05 -2.57816e-06 -8.1449e-07 0.000163803 -3.11967e-05 0.000562931 -1.40161e-05 2.17999e-05 9.55848e-05 -0.000118611 -1.63736e-05 -5.89241e-07 0.000476466 -0.000470071 -2.61249e-05 0.000576623 -3.00197e-05 2.95355e-05 -1.67315e-05 0.00055477 -5.86067e-07 -0.000480816 7.56217e-05 
-5.81988e-06 0.00700544 -5.75141e-05 0.000257386 0.00369388 -0.000133708 -0.00052051 -0.00400317 0.00364101 -0.00106678 8.90278e-05 -9.66873e-06 0.00392726 -0.00488798 -0.00100134 0.00186659 -0.00135819 -0.00244268 -0.00186317 -0.00109514 0.00574856 -0.001015 -0.0032097 -0.000721048 -0.000836309 -0.0010167 -0.000181016 -0.00157243 0.00497448 0.00567098 -0.000908158 -0.00148184 7.69476e-06 -8.38783e-07 2.3957e-05 -0.00148837 -0.00294588 6.4762e-05 -0.000199848 0.00561242 1.80917e-05 0.00553986 -7.18458e-06 -1.67561e-05 -9.80666e-06 -1.93212e-07 -1.74743e-06 -2.82065e-05 3.77809e-05 -0.000567475 0.00587851 -0.000231122 -0.000267487 5.47e-05 0.00025374 -0.00445806 3.0786e-05 -0.00202465 -0.00135016 -0.000372539 -3.02936e-05 -0.00168798 -0.00011036 0.00554948 -0.00148596 0.000280926 -2.71534e-06 6.75539e-07 -4.56706e-05 8.93942e-06 0.00549782 -0.00325112 -0.00146419 9.30156e-06 -0.00148737 -0.000669759 0.00490886 -0.00323675 8.5771e-05 0.000301737 -0.00442435 -0.000168953 -0.00172445 -3.45143e-05 0.000132016 -0.00171784 -0.00194242 -0.00011853 0.00185783 -0.00139171 -0.00371672 -0.000297453 0.00396907 -0.000230205 -2.01904e-05 0.000130612 -0.000157603 -8.0296e-07 -0.00429399 -5.98325e-05 
-1.06073e-05 -5.75141e-05 0.0131189 -0.00048302 5.6529e-06 0.00319968 -7.28989e-05 -0.00345315 -4.8473e-05 -0.0021077 -0.000431005 -2.39324e-05 -0.000793098 0.00106276 -0.000743583 -0.000177504 -0.00161459 0.00522503 0.00150197 -0.000330827 -0.000456603 0.00126844 -0.00412642 -0.000815335 -0.00116606 -0.000875763 -0.000989255 -0.00296815 -0.000359242 -0.000407663 -0.00177228 0.00495877 -2.41769e-05 1.92831e-06 -6.23066e-05 -0.00308719 0.00183801 -0.000625081 0.000488604 -0.000320492 -3.7345e-06 -0.000148473 -1.96405e-05 -6.58499e-05 -6.9142e-06 -6.21663e-07 2.47817e-05 -0.000295312 -0.000378356 -0.000588327 -0.000307977 -0.000610835 -0.000798335 0.00068675 -0.000358397 -9.49118e-05 1.18559e-05 -0.000911297 -0.00138263 0.00370279 0.000161364 0.00177502 -2.0144e-06 0.000448724 -0.00279955 -0.000504163 1.952e-05 7.08705e-06 -0.000146824 7.44245e-05 -0.00100689 -0.00442043 -0.00269202 -2.55346e-06 -0.00139584 0.00360074 0.000284298 -0.003856 -1.09813e-05 -1.6999e-05 2.84463e-06 9.97909e-06 0.0045027 -0.000177607 0.00216777 0.00148357 0.00327511 1.8963e-05 0.000346032 0.00363876 -0.00529198 -0.000498125 -0.00199407 -0.000486697 0.000134694 0.000304372 -5.7166e-05 -6.90742e-06 -0.000589995 0.000980387 
-3.006e-05 0.000257386 -0.00048302 0.0361965 -0.000156347 -0.000695458 -0.00527636 -0.0230068 -0.000124964 0.0257489 -0.000417137 7.09978e-05 0.0275394 -0.0251673 0.024526 -0.0155096 -0.0100625 -0.0126121 -0.00850697 -0.00517567 0.0254807 -0.00172292 -0.0188128 0.0288037 -0.00200996 -0.00528879 -0.00170124 0.0236338 0.000433355 0.0323169 -0.0046739 -0.00971025 0.000690136 1.06984e-05 0.00146266 -0.0103861 -0.0145168 0.020876 -0.0010458 0.0229302 -6.5742e-06 0.000936539 6.49529e-05 0.000552447 -4.85222e-05 4.2281e-06 -3.19773e-05 -0.000939476 3.04645e-05 0.0166204 0.000812542 -0.000959071 -0.00139234 -0.000130966 0.0236282 -0.023096 2.89867e-06 -0.0121096 -0.00739457 -6.68656e-05 6.50032e-05 -0.00814562 -0.000619599 -9.73147e-05 -0.0101863 0.0054534 1.74928e-05 9.82622e-07 0.00112939 0.000974531 0.0325922 -0.0197058 -0.00706107 1.35874e-05 -0.00612374 -0.00347461 0.000941825 -0.0226548 0.000910345 0.000746809 -0.0235209 -0.00150406 -0.00922773 -0.000562913 -0.000228378 -0.0248188 0.0210276 0.00143082 -6.67097e-05 -0.0081911 -0.0226489 -0.00137773 0.0126468 0.0290111 -0.000274979 -0.000921977 -0.000880305 -2.64428e-05 -0.0235711 -0.00143199 
-3.02656e-06 0.00369388 5.6529e-06 -0.000156347 0.0054941 -5.63571e-05 -0.000784608 -0.00324941 0.00299536 -0.000774945 -0.000144734 -1.95883e-06 0.00272775 -0.0041018 -0.000847528 0.00116721 -0.00117087 -0.00221924 -0.0015031 -0.000920866 0.00363243 -0.000963879 -0.00289941 -0.000295963 -0.00151302 -0.000764493 -0.000508634 -0.000504661 0.0040349 0.00355817 -0.000488149 -1.39145e-05 1.90845e-05 -1.0118e-06 3.58626e-05 -0.00155101 -0.00231985 -0.000257447 -0.00014514 0.00334289 6.19158e-06 0.00390425 -6.44398e-06 -2.41856e-05 -1.81915e-06 -2.58313e-07 -2.50346e-06 -0.000272523 -0.000165542 -0.000441246 0.00370065 -1.77919e-06 -0.0002285 -2.28952e-05 3.9719e-05 -0.00269039 4.69908e-05 -0.0016117 -0.00109143 -0.000337407 7.0603e-05 -0.000942525 -7.41627e-05 0.00410801 -0.00149789 -0.000210543 -7.01264e-07 1.20825e-05 -6.80104e-05 2.92768e-05 0.00338206 -0.00281178 0.000267808 -1.17597e-06 0.000187605 0.000245841 0.00294637 -0.00169473 -9.50234e-06 0.000144739 -0.00264537 -0.000111652 0.000322469 -5.03826e-05 1.78161e-05 -0.00124898 -0.00110146 -0.000103936 0.000855038 9.23204e-05 -0.00335493 -0.000199125 0.00380359 -0.000183398 3.7625e-05 -0.000142112 0.000324692 -3.77615e-06 -0.00359639 -0.000140497 
-1.34542e-05 -0.000133708 0.00319968 -0.000695458 -5.63571e-05 0.0185948 -0.00193208 -0.0117115 -8.00001e-05 0.00159666 -0.000524291 -2.85653e-05 3.36128e-06 -0.00790512 -0.00440237 -0.00698736 -0.00503758 -0.00063403 -0.00302931 -0.00305856 -0.00108732 -0.00120633 -0.00941571 -0.0022804 -0.0050171 -0.00249815 0.00178289 0.00279904 0.00072583 -0.00153021 0.00179069 0.0121898 -3.32269e-05 2.17287e-05 0.000276694 -0.0052289 -0.000630763 -0.000892057 -0.000453549 -0.00119972 -1.48714e-06 -0.000229918 -3.88258e-05 -9.75289e-05 2.83008e-05 -8.86227e-07 -1.53025e-05 -0.00111358 -0.000386905 0.00427339 -0.00111181 -0.000969868 -0.0011904 -0.000102003 -0.000515768 0.00474305 7.76464e-05 -0.00636939 -0.00371546 0.00788556 0.000546964 -0.00183087 0.000781741 0.00118136 -0.00511729 -0.000726454 -7.67278e-06 -1.27285e-06 -0.000219376 0.00143535 -0.00159745 -0.00316607 0.00293443 -3.24122e-06 0.00412572 0.0128069 -0.000224424 -0.00733494 -6.38217e-05 1.18254e-05 0.00250366 -0.00175553 0.0122992 -0.000175193 0.000939551 0.00546367 0.0127093 0.0025972 -0.000124903 0.0127854 -0.0110422 -0.000746094 0.00326784 -0.00065475 0.0013545 -0.000256726 -0.000304738 2.75815e-05 -0.00851304 -0.000332802 
-0.000115698 -0.00052051 -7.28989e-05 -0.00527636 -0.000784608 -0.00193208 0.122062 0.0423578 -0.000574614 -0.0226278 -0.00325973 -0.000231162 -0.00888572 0.0288836 0.031029 0.00168683 0.0349851 0.0181564 0.0324015 0.0225768 -0.00893364 -0.0143312 0.0227456 -0.0174251 0.0488289 -0.0198432 -0.0114757 -0.032558 -0.00494387 -0.0122282 -0.0143097 -0.0388263 -0.000234245 -2.25143e-05 -0.000636677 0.0268741 0.00448685 -0.00625122 -0.00347538 -0.0101862 -3.67772e-05 -0.00168733 -0.000253122 -0.000659119 -0.000185105 -6.36091e-06 2.466e-05 -0.00449346 -0.0016363 -0.0109657 -0.00445644 -0.00608754 0.0050227 -0.000492585 -0.00359093 -0.0281048 1.97996e-05 0.0213209 0.0237151 -0.00771326 0.00019174 0.000591837 -0.00246797 -0.0040582 0.029539 -0.00492449 6.44697e-05 4.53798e-06 -0.00181443 0.000566632 -0.0120629 0.0269732 -0.0292087 0.000123863 -0.0317081 -0.01239 -0.0028007 -0.000678308 -0.000286454 -0.000181505 -0.0330981 -0.0120485 -0.0372447 -0.00237822 -0.0018602 -0.0311649 -0.0394123 0.00233847 -0.00086718 -0.03427 0.0523153 0.00982955 -0.035278 -0.00515747 -0.000625534 0.00848206 -0.0027545 3.22934e-05 0.0362141 -0.00537248 
-0.000403309 -0.00400317 -0.00345315 -0.0230068 -0.00324941 -0.0117115 0.0423578 0.232345 -0.00261095 -0.10095 -0.0175593 -0.000872344 -0.0394465 0.130561 0.0488259 0.0800717 0.0934876 0.0682611 0.0746337 0.0585009 -0.0391843 0.0385415 0.178348 -0.0773769 0.0829183 0.0515001 -0.0661289 -0.144235 -0.0197492 -0.0527677 -0.0695996 -0.159352 -0.000728417 -0.000113656 -0.00353549 0.098155 0.0863887 -0.0287193 -0.006487 -0.0449264 -0.000177015 -0.00770686 0.000301319 -0.00264713 -0.000516248 -2.81777e-05 0.000280849 -0.0119541 -0.0112467 -0.0477336 -0.0332744 -0.0289962 0.0216559 -0.0006417 -0.0169816 -0.0190743 -0.000252255 0.11963 0.0639591 -0.0371246 -0.000802563 0.0223066 -0.00748883 -0.0169427 0.0899451 -0.0200872 2.91424e-05 -8.86455e-06 -0.00641296 -0.00335966 -0.0452159 0.129124 -0.118303 -4.48534e-05 -0.126868 -0.0559373 -0.00929531 0.114245 -0.00190947 -0.000800341 -0.0365841 -0.00770972 -0.155117 -0.00698542 -0.0077125 -0.0330458 -0.178557 -0.0067121 -0.00330237 -0.152365 0.203201 0.0135201 -0.149513 -0.0232628 -0.00455834 0.00485152 -0.0109199 0.000139979 0.183644 -0.00338093 
-3.3969e-06 0.00364101 -4.8473e-05 -0.000124964 0.00299536 -8.00001e-05 -0.000574614 -0.00261095 0.00421078 -0.000662432 4.03299e-05 -4.46063e-06 0.00310376 -0.00310825 -0.000797458 0.00152807 -0.00111908 -0.0016008 -0.00110581 -0.000709298 0.00379383 -0.000788977 -0.0020765 -0.000584231 -0.00112003 -0.000558847 -0.000161335 -0.00096294 0.00352752 0.00361923 -0.000565504 -0.00103727 1.82917e-05 -6.17784e-07 -1.63214e-05 -0.00108701 -0.00174745 -0.000164129 -0.000123406 0.00357215 2.20892e-06 0.00383413 -9.95322e-06 -1.40836e-05 -5.77444e-06 -7.77179e-08 -3.59464e-06 -0.000120267 -0.000109117 -0.000335808 0.00381057 -0.000200839 -0.000126137 -1.76624e-05 6.31563e-05 -0.00258086 1.50547e-05 -0.00143295 -0.000794855 -0.000262021 -2.01574e-05 -0.00105011 -7.06649e-05 0.00385806 -0.00102118 -7.04762e-05 -1.73337e-06 -2.0815e-07 -5.32988e-05 -1.42024e-05 0.00344655 -0.00209511 -0.000871545 -9.00112e-07 -0.000903521 -0.000401112 0.00304035 -0.00234389 -2.48139e-06 0.000342358 -0.00266019 -0.000255065 -0.00094021 -3.99453e-05 0.000139973 -0.0015041 -0.00118769 -1.79404e-05 0.000283118 -0.000928062 -0.00242507 -0.000178984 0.0027801 -0.000146945 1.65692e-05 -5.27956e-05 -9.88569e-05 -1.9126e-06 -0.00268427 -8.13456e-05 
-7.79555e-05 -0.00106678 -0.0021077 0.0257489 -0.000774945 0.00159666 -0.0226278 -0.10095 -0.000662432 0.13416 0.000268694 0.000226959 0.0351977 -0.0869008 -0.00499938 -0.0522263 -0.0437511 -0.0594113 -0.0410401 -0.027109 0.0230675 -0.0302852 -0.0836647 0.0629854 -0.0400186 -0.0236543 0.0412666 0.121149 -0.000936507 0.024967 0.0744898 0.0749186 7.23143e-05 -1.31183e-05 0.00313348 -0.0447626 -0.0662575 0.0125314 -0.00453226 0.0182236 -2.18516e-05 0.00200363 -0.000285218 0.00328473 -0.000114994 -2.96122e-06 -0.000158892 -0.00943101 -0.00467251 0.0230352 -0.00638601 0.0034975 -0.0105776 -0.000863559 0.0209917 0.0134272 0.000155295 -0.0548362 -0.0314933 -0.00672971 -0.000743767 -0.015753 0.00560449 -0.00159303 -0.0433086 -0.00202857 -5.18242e-05 9.87973e-06 -0.00163013 -0.00112785 0.0219545 -0.0840984 0.0847962 -2.88324e-05 0.0827844 -0.00988812 -0.000798091 -0.0769368 -0.000294337 0.000440177 0.00853152 -0.0147851 0.0764367 -0.00270944 0.000761938 0.0108847 0.112842 0.000563352 -0.000855868 0.0799325 -0.096586 -0.00641766 0.106055 0.0287563 -0.000850985 -0.00358252 -0.00293836 -0.000111526 -0.105814 -0.00441483 
-2.598e-05 8.90278e-05 -0.000431005 -0.000417137 -0.000144734 -0.000524291 -0.00325973 -0.0175593 4.03299e-05 0.000268694 0.0326601 2.93861e-05 0.00758706 -0.0246279 -0.00612896 -0.015547 -0.0070908 0.0128918 -0.00648054 -0.00560732 0.0141592 0.00509616 -0.0162399 -0.000672703 -0.0073919 -0.00447107 0.0263121 -0.00242859 0.000720407 0.0252461 -0.00327855 0.0064178 -5.86045e-05 8.45859e-05 0.000305307 -0.00848908 -0.0139578 0.0142638 -0.000911322 0.0251409 0.000214552 0.00080484 -6.23746e-05 0.00272874 -4.14987e-05 2.90595e-05 -3.22472e-05 0.0230305 0.0141319 0.00318168 0.0256889 0.0214976 -0.00201422 0.000306448 -0.000651591 -0.0207537 6.52845e-06 -0.011034 -0.00646184 -0.00173058 -0.000138735 -0.00786639 0.000249917 0.0053653 -0.00879198 0.0181977 3.69773e-05 1.54813e-05 0.00133141 -0.000293778 0.0221268 -0.0172431 -0.0068803 -7.01191e-06 -0.0067298 -0.0031615 0.00226846 -0.0194315 0.000989094 -1.96348e-05 -0.00781516 0.0204519 -0.00892704 -0.000479995 -0.000404492 -0.0133307 -0.00430497 0.00057047 0.00119833 -0.0043895 -0.0132858 -0.00141244 -0.00435583 0.00130296 -0.000225122 0.00368973 -0.000680439 -2.2282e-05 -0.0207456 -0.0012586 
4.73877e-05 -9.66873e-06 -2.39324e-05 7.09978e-05 -1.95883e-06 -2.85653e-05 -0.000231162 -0.000872344 -4.46063e-06 0.000226959 2.93861e-05 0.0019214 0.000225198 -0.000833941 -0.000192105 -0.000741085 -0.000487543 -0.000563019 -0.000513009 -0.000156329 3.91946e-05 -0.000217128 -0.000827342 -0.000220648 -0.000340978 -0.000178566 0.000340543 0.000787604 -3.57879e-05 9.79573e-05 0.000667932 0.000915592 -2.4147e-06 -3.49238e-07 -1.16347e-06 -0.000476878 -0.00077189 0.00017848 -4.28548e-05 0.00017328 6.19275e-07 -8.06812e-07 2.3646e-06 -7.14276e-06 -5.79211e-07 -9.00117e-08 -5.36018e-07 0.000170156 9.92624e-05 -3.38717e-05 0.000221446 0.000273658 -1.68327e-05 7.06631e-06 3.56712e-06 -0.000128698 2.94567e-05 -0.000349469 -0.000374781 -0.000116012 5.33746e-06 0.000244747 3.10194e-06 0.000127976 -0.000520635 0.000166933 2.47754e-06 -2.26784e-07 0.000157432 0.000231635 0.000159335 -0.000974053 0.000864486 2.62355e-06 0.000948372 -0.000131938 3.91292e-05 -0.000484416 -6.00073e-06 8.47942e-06 0.000211264 0.000281014 0.000832158 -1.47578e-05 -6.15028e-06 9.43776e-05 0.000493199 -3.52532e-05 2.78392e-05 0.000961537 -0.00100964 3.3417e-05 0.000726195 -1.88953e-05 7.02912e-06 -4.81838e-05 0.000109042 -1.36694e-06 -0.00119011 -2.30812e-05 
-5.00435e-05 0.00392726 -0.000793098 0.0275394 0.00272775 3.36128e-06 -0.00888572 -0.0394465 0.00310376 0.0351977 0.00758706 0.000225198 0.0591489 -0.0411378 0.0167426 -0.0179719 -0.0172733 -0.020883 -0.0167183 -0.0106864 0.034773 -0.0112451 -0.0329459 0.02715 -0.0130213 -0.00855621 0.00420291 0.0366455 0.00644553 0.0403596 -0.0059605 0.00325381 0.000286095 -9.18941e-06 0.001438 -0.0175052 -0.0263814 0.0187103 -0.0017927 0.0316839 9.25e-05 0.00692921 8.37456e-06 0.00381566 9.95432e-05 7.83469e-06 -6.22474e-05 0.000344498 -0.00105274 0.0205894 0.00970436 0.000702903 -0.0038557 9.57358e-05 0.0226887 -0.0229399 0.000104743 -0.0213973 -0.012457 -0.00310433 -0.000297939 -0.0153033 0.00353666 0.00965146 -0.0170931 0.00634401 4.00803e-05 -7.29418e-06 -0.000381275 -0.000545619 0.0382046 -0.03315 0.00345767 -8.81224e-06 0.0040652 -0.0019161 0.00532106 -0.0376491 -0.00011891 0.000935228 -0.0227878 -0.000715852 0.000393638 -0.00100632 -0.00045696 -0.0231779 0.0335082 0.00164689 0.00071532 0.000979579 -0.0378418 -0.00233663 0.0306249 0.0306268 7.2883e-05 -0.00148094 -0.0013108 -4.40196e-05 -0.0416012 -0.00109477 
-0.000486241 -0.00488798 0.00106276 -0.0251673 -0.0041018 -0.00790512 0.0288836 0.130561 -0.00310825 -0.0869008 -0.0246279 -0.000833941 -0.0411378 0.17656 0.0199409 0.0841788 0.0519675 0.0414949 0.0517007 0.0382228 -0.0457561 0.0218729 0.117209 -0.0676206 0.0564754 0.0310248 -0.0593967 -0.107564 -0.00594026 -0.0611312 -0.0578041 -0.0912462 -0.00037172 -0.000127313 -0.00383194 0.0616271 0.0775678 -0.0350059 0.00640747 -0.0543677 -0.000212275 -0.00878989 -0.000962168 -0.0031152 -0.000624761 -3.50293e-05 0.000222666 -0.0253217 -0.0166534 -0.0265875 -0.0351737 -0.0340373 0.0139893 -0.00145437 -0.0207874 0.0186255 -0.000286529 0.0694394 0.0444146 -0.00190332 0.000991307 0.0245646 -0.00816388 -0.0197959 0.0606159 -0.0252273 -0.00015133 1.60804e-05 -0.00944339 6.38814e-05 -0.0548346 0.1016 -0.0728107 2.91019e-05 -0.0705931 -0.0173866 -0.00847076 0.0706742 0.000233126 -0.000741887 -0.00719861 -0.0182483 -0.0702242 0.00358846 0.00100973 0.00220558 -0.0973357 -0.00165257 -0.00347775 -0.0834897 0.127546 0.00843293 -0.0965964 -0.0269465 -0.00276152 -6.8706e-06 -0.0117498 0.000101431 0.131669 -0.00421689 
-0.000153591 -0.00100134 -0.000743583 0.024526 -0.000847528 -0.00440237 0.031029 0.0488259 -0.000797458 -0.00499938 -0.00612896 -0.000192105 0.0167426 0.0199409 0.181437 -0.10456 0.12373 -0.0214474 -0.0497341 0.11295 0.014417 0.0508595 0.0745084 0.0132456 0.137777 -0.034976 -0.0239764 -0.0200419 -0.00537982 0.0159354 -0.0195778 -0.0664965 0.000386568 -4.15066e-05 0.000556871 0.0946251 -0.0959805 0.00918752 0.00377466 0.00844713 -6.45331e-05 0.000779148 -0.000114457 0.000535974 -0.000324563 -7.26869e-06 0.000659203 0.00493882 -0.0063304 0.00154051 -0.010908 -0.0132153 0.0479605 0.000167455 0.0186467 -0.150941 -3.63213e-05 0.118538 -0.0469009 -0.0131174 0.000788344 0.0947811 -0.00412735 -0.00544774 -0.0467384 -0.0042982 0.000119798 2.40578e-05 -0.00257044 0.000992418 0.0198139 -0.0462252 -0.0475364 -4.16238e-05 -0.047841 -0.0196955 -0.00342668 0.0487203 0.000259269 0.000538016 -0.166655 -0.0156662 -0.0616428 -0.00387863 -0.00283922 -0.165348 -0.0349297 -0.00236775 -0.00161651 -0.0572932 0.052269 0.0273577 -0.0340569 0.0233566 -0.00167679 0.00919859 -0.00249302 -9.04947e-05 0.0359613 -0.00890735 
-0.000288211 0.00186659 -0.000177504 -0.0155096 0.00116721 -0.00698736 0.00168683 0.0800717 0.00152807 -0.0522263 -0.015547 -0.000741085 -0.0179719 0.0841788 -0.10456 0.249308 -0.0722256 0.032727 0.091466 -0.0805018 -0.0202326 -0.0600585 0.0262161 -0.0548552 -0.0785028 0.0725264 -0.0384747 -0.0795979 0.0116273 -0.0314099 -0.052182 -0.0620077 -0.000135406 -8.26229e-05 -0.00240256 -0.0599218 0.178685 -0.0218826 0.00291745 -0.0280508 -0.000127973 0.0019559 0.000100298 -0.00239545 -0.000126517 -1.87714e-05 -0.000434149 -0.0282917 -0.0130362 -0.0149821 -0.0141152 -0.0226366 -0.0314935 -0.00195862 -0.0124629 0.143133 -0.000155563 -0.0571828 0.102754 0.00220326 -0.00167463 -0.0977578 -0.00520744 -0.00588254 0.118366 -0.0146622 -0.000178016 -5.41787e-05 -0.00559095 -0.00174966 -0.0288268 0.141316 -0.050765 2.20738e-06 -0.0497881 -0.0278599 0.00131433 -0.00682556 -0.000332441 5.56099e-06 0.123376 -0.0170634 -0.0417173 0.00694655 -0.00126734 0.125823 -0.0693309 0.00261442 0.000353638 -0.0665189 0.0631062 -0.0198582 -0.0577453 -0.0170455 -0.00281327 -0.0103921 -0.0103081 0.000187556 0.0868891 0.0107486 
-7.51793e-05 -0.00135819 -0.00161459 -0.0100625 -0.00117087 -0.00503758 0.0349851 0.0934876 -0.00111908 -0.0437511 -0.0070908 -0.000487543 -0.0172733 0.0519675 0.12373 -0.0722256 0.199139 0.0128172 -0.0181258 0.115933 -0.0171253 0.054463 0.113925 -0.0267062 0.132768 -0.0382784 -0.028429 -0.061851 -0.00969536 -0.0236816 -0.0237707 -0.0673155 -0.000365562 -3.75184e-05 -0.00152064 0.125934 -0.0632998 -0.0128659 0.00212509 -0.0196584 -7.64748e-05 -0.00331871 0.000471927 -0.000719818 -0.000272635 -1.21002e-05 0.000570346 0.00147712 -0.00466123 -0.0211572 -0.0129504 -0.0127613 0.0450518 6.44434e-05 -0.00727116 -0.119215 -0.000109638 0.132009 -0.0527279 -0.0138403 0.00126064 0.0907863 -0.00388276 -0.00774495 -0.0358067 -0.0102463 0.00015718 -2.49084e-06 -0.00306324 -0.000820909 -0.018501 -0.00962837 -0.0525899 -4.55916e-05 -0.0560551 -0.0202794 -0.00573947 0.0927756 -0.000707421 -0.00035567 -0.128997 -0.0224911 -0.0676855 -0.00397295 -0.00303424 -0.130414 -0.0754468 -0.0053082 -0.00162784 -0.065591 0.0943911 0.0263665 -0.0660885 -0.0100749 -0.00170755 0.0136017 -0.00382485 -3.08044e-05 0.0791956 -0.00460201 
-0.000320727 -0.00244268 0.00522503 -0.0126121 -0.00221924 -0.00063403 0.0181564 0.0682611 -0.0016008 -0.0594113 0.0128918 -0.000563019 -0.020883 0.0414949 -0.0214474 0.032727 0.0128172 0.240591 0.129636 -0.00290305 -0.00860723 0.0660476 0.0273889 -0.0456971 0.0210032 0.00362859 0.00382661 -0.085672 -0.0125457 -0.000404818 -0.0527101 -0.058834 -0.000626424 0.000106 -0.00120637 -0.00983749 0.0560208 0.00705232 -0.00904488 0.00304321 0.000129552 -0.00475398 -9.58047e-05 -0.00149472 5.1519e-05 1.58971e-05 -0.000326441 0.0219185 0.0178258 -0.0129212 0.01414 0.0154483 -0.0151198 -0.000435825 -0.0100612 -0.013005 -0.000126804 -0.0042778 0.0124458 0.000687036 5.80836e-05 -0.0112409 -0.00111125 -0.0064744 -0.0119198 0.0171786 2.44764e-05 1.35219e-05 0.00633933 -0.00154749 0.00260891 0.0448696 -0.0789285 0.000106351 -0.0775993 -0.0108277 -0.00687094 -0.0244637 0.000442426 -0.000494197 0.00622843 0.0258035 -0.0776517 -0.0043503 -0.00103435 0.000195093 -0.0802215 0.00338206 -0.00177191 -0.069024 0.0646675 -0.00798321 -0.090153 -0.0148993 -0.00308228 0.000989516 -0.00840077 -8.93774e-05 0.0641912 -0.00669648 
-0.000224444 -0.00186317 0.00150197 -0.00850697 -0.0015031 -0.00302931 0.0324015 0.0746337 -0.00110581 -0.0410401 -0.00648054 -0.000513009 -0.0167183 0.0517007 -0.0497341 0.091466 -0.0181258 0.129636 0.198667 -0.0327581 -0.0164968 0.00955593 0.027491 -0.0310659 -0.0041191 0.0238589 -0.0238776 -0.0576937 -0.0091757 -0.0190319 -0.0370202 -0.061797 -0.000197415 -4.07438e-05 -8.31584e-05 -0.0245755 0.100626 -0.0117033 -0.00711916 -0.0177502 -6.62115e-05 -0.00334522 0.000512546 -0.00110539 -2.99496e-05 -1.08414e-05 -0.000244707 -0.0118077 -0.00235741 -0.0143693 -0.0134794 -0.0111248 -0.014781 -0.0010485 -0.00733787 0.0406966 -0.000105425 -0.033612 0.0338173 -0.00704151 -0.000137181 -0.0354055 2.40881e-05 -0.00813992 0.0283644 -0.00709083 -4.44257e-05 -1.16782e-06 -0.00323805 -0.00132266 -0.0177592 0.0731263 -0.0552004 2.9494e-05 -0.0585726 -0.0188881 -0.00363048 -0.0162159 0.00051347 -0.000339483 0.0440803 -0.00447929 -0.0636681 -0.00315348 -0.00262654 0.0485849 -0.0692572 0.00494686 -0.0016705 -0.0588008 0.0687052 -0.00847173 -0.0665112 -0.00959019 -0.00175652 -0.00378963 -0.00561024 0.000247494 0.067616 -0.00221483 
-6.56288e-05 -0.00109514 -0.000330827 -0.00517567 -0.000920866 -0.00305856 0.0225768 0.0585009 -0.000709298 -0.027109 -0.00560732 -0.000156329 -0.0106864 0.0382228 0.11295 -0.0805018 0.115933 -0.00290305 -0.0327581 0.142149 -0.0106362 0.0504651 0.0797745 -0.0129332 0.117652 -0.0253521 -0.0195004 -0.0388182 -0.00604414 -0.0133711 -0.0106601 -0.0483435 -0.000294057 -3.09561e-05 -0.00092807 0.0862205 -0.0723392 -0.00806023 0.00369207 -0.0122562 -4.8197e-05 -0.00209779 -1.61641e-05 -0.000240364 -0.000238379 -7.67978e-06 0.000515002 0.00546228 -0.00358007 -0.0141254 -0.00946384 -0.00960822 0.0497864 0.000213199 -0.00460083 -0.108911 -6.75305e-05 0.106408 -0.0338339 -0.0108627 0.00242434 0.0966401 -0.00260459 -0.00485877 -0.0368728 -0.0065914 1.02657e-05 4.35781e-07 -0.00217476 0.00190717 -0.00914278 -0.0385896 -0.0347176 -2.59053e-05 -0.0372349 -0.0133741 -0.00358908 0.0603499 5.17318e-05 -0.000219742 -0.118616 -0.013983 -0.0452141 -0.00284878 -0.00222567 -0.117471 -0.0485537 -0.00337675 -0.0011577 -0.0414657 0.0633952 0.0260074 -0.0419835 -0.00576913 -0.00125703 0.00442131 -0.00236153 -0.000102395 0.045499 -0.00649907 
-4.45465e-05 0.00574856 -0.000456603 0.0254807 0.00363243 -0.00108732 -0.00893364 -0.0391843 0.00379383 0.0230675 0.0141592 3.91946e-05 0.034773 -0.0457561 0.014417 -0.0202326 -0.0171253 -0.00860723 -0.0164968 -0.0106362 0.0591204 -0.00363238 -0.0326438 0.0207043 -0.0125818 -0.00912723 0.0181896 0.0187812 0.00834996 0.0513791 -0.00569712 -0.000767567 0.000290451 5.73932e-05 0.00107141 -0.0174396 -0.0264438 0.0234906 -0.00161136 0.0448267 2.23658e-05 0.00878787 -0.000142153 0.00298931 -8.45713e-05 2.36622e-06 -6.21846e-05 0.0141793 0.0044184 0.0143778 0.025915 0.010311 -0.00328144 0.0017678 0.0213672 -0.0343243 2.61625e-05 -0.0204306 -0.012416 -0.00283729 -0.000291059 -0.0153287 -0.00100414 0.0128987 -0.0169516 0.0114612 4.58171e-05 -4.47366e-06 0.00232521 -0.000250242 0.0465967 -0.0326009 -0.0106192 -1.02953e-05 -0.00734816 -0.00585768 0.00679981 -0.035278 0.000161914 0.000677664 -0.0264321 0.0137545 -0.0111344 -0.00092302 0.000142509 -0.0285911 0.0171531 -0.00014822 0.00362946 -0.00516851 -0.0375675 -0.00269912 0.0207586 0.0242331 -0.00047861 -0.000975194 -0.00146378 -4.26464e-05 -0.0412059 -0.00171699 
-0.000153392 -0.001015 0.00126844 -0.00172292 -0.000963879 -0.00120633 -0.0143312 0.0385415 -0.000788977 -0.0302852 0.00509616 -0.000217128 -0.0112451 0.0218729 0.0508595 -0.0600585 0.054463 0.0660476 0.00955593 0.0504651 -0.00363238 0.159488 0.0578936 -0.0213896 0.0654875 -0.0232712 0.000368859 -0.0441212 -0.00608224 0.0108371 -0.0274522 -0.0493033 -2.77196e-05 8.08308e-05 -0.000789521 0.0731949 -0.0500818 0.0123203 -0.00314059 0.0078949 3.14934e-05 -0.00221819 -0.000328311 5.65892e-05 -0.000252719 2.62919e-05 0.000178714 0.0182014 0.0167173 -0.0145781 0.0124055 0.0103311 0.0105389 0.00152642 -0.00401684 -0.0930294 -6.87723e-05 0.0588411 -0.0361163 -0.00958833 0.00208967 0.0527936 -0.00139582 -0.00280149 -0.042949 0.0168855 1.5434e-05 4.99931e-05 0.00868546 0.00240139 0.0134121 -0.0202269 -0.0413963 5.13828e-05 -0.0391348 -0.0113145 -0.000424645 0.0358285 0.00231627 7.29167e-06 -0.0742763 0.0299632 -0.0485826 -0.00107099 -0.00173241 -0.077923 -0.0517808 -0.00307156 0.000585117 -0.0424061 0.0448262 -0.00301919 -0.0486079 -0.00590215 -0.00153641 -0.00430838 -0.00445833 -4.24535e-05 0.0228164 -0.00748002 
-0.000402079 -0.0032097 -0.00412642 -0.0188128 -0.00289941 -0.00941571 0.0227456 0.178348 -0.0020765 -0.0836647 -0.0162399 -0.000827342 -0.0329459 0.117209 0.0745084 0.0262161 0.113925 0.0273889 0.027491 0.0797745 -0.0326438 0.0578936 0.249379 -0.0637504 0.11402 0.035578 -0.056189 -0.120296 -0.0178426 -0.044548 -0.0565729 -0.1492 -0.000928285 -8.94313e-05 -0.00293425 0.129376 0.0282303 -0.024192 -0.00415158 -0.0375256 -0.000147095 -0.00641735 -0.000739038 -0.00181439 -0.000711278 -2.44899e-05 0.000450446 -0.0105398 -0.00930675 -0.0424632 -0.0285408 -0.0283646 0.0302658 -0.000245921 -0.0140716 -0.0561975 -0.000210716 0.124288 0.00497471 -0.0327421 0.000519033 0.0462615 -0.00610706 -0.0145266 0.0425725 -0.0183861 -4.02377e-05 3.172e-05 -0.00644589 -0.00152756 -0.0403587 0.0994293 -0.108265 -3.48233e-05 -0.115394 -0.046421 -0.00881819 0.150016 -0.000784963 -0.00066835 -0.0714198 0.000914881 -0.14104 -0.00609168 -0.00679803 -0.0661148 -0.148683 -0.00377237 -0.00228199 -0.128606 0.184218 0.0188018 -0.130505 -0.0191891 -0.00320086 0.00515625 -0.00981616 0.000214583 0.152719 -0.0195973 
0.000343037 -0.000721048 -0.000815335 0.0288037 -0.000295963 -0.0022804 -0.0174251 -0.0773769 -0.000584231 0.0629854 -0.000672703 -0.000220648 0.02715 -0.0676206 0.0132456 -0.0548552 -0.0267062 -0.0456971 -0.0310659 -0.0129332 0.0207043 -0.0213896 -0.0637504 0.125145 -0.0202503 -0.0213786 -0.0010475 0.0932742 -0.00183192 0.0283212 0.0214225 0.0460388 0.00101061 -1.24617e-05 0.00422597 -0.0372373 -0.0495382 0.0140501 -0.00236084 0.0183169 -1.96783e-05 0.0017989 0.000764032 0.00253351 -1.91442e-05 -1.69548e-08 -0.000102565 -0.00809006 -0.00406652 0.0252249 -0.00588204 -0.00638933 -0.00197285 -0.000778166 0.0220629 -0.0185706 0.000163938 -0.0342707 -0.028519 0.00122671 -0.000617189 0.0138308 -0.0017551 -0.000126404 -0.0396198 -5.22469e-05 6.43759e-05 -9.49608e-06 -0.00085196 0.000108113 0.0271901 -0.0701767 0.053078 -1.56297e-05 0.0497083 0.0101471 0.00383982 -0.029575 0.000194559 0.000465824 -0.0100213 -0.0119707 0.04467 -0.00217339 -0.000389514 -0.0102566 0.0768237 0.0010343 -0.000986986 0.0507996 -0.0765256 -0.00505754 0.0726418 0.0308652 0.000814509 -0.00277059 0.01018 -8.84283e-05 -0.0740537 -0.00142623 
-0.000194778 -0.000836309 -0.00116606 -0.00200996 -0.00151302 -0.0050171 0.0488289 0.0829183 -0.00112003 -0.0400186 -0.0073919 -0.000340978 -0.0130213 0.0564754 0.137777 -0.0785028 0.132768 0.0210032 -0.0041191 0.117652 -0.0125818 0.0654875 0.11402 -0.0202503 0.20164 -0.0371296 -0.0268644 -0.0587464 -0.00860309 -0.0132396 -0.0235774 -0.0783528 2.86241e-06 -4.40236e-05 -0.00137423 0.106205 -0.0694358 -0.00719991 0.00282504 -0.0155657 -1.29022e-05 -0.00291547 -0.000174982 -0.000503296 -0.000385801 -1.21362e-05 0.000664401 0.00462718 -0.00181744 -0.0206058 -0.0094896 -0.0131085 0.0474899 -1.01006e-05 -0.00350792 -0.134593 -0.000110393 0.130081 -0.0487993 -0.0151193 0.001825 0.0988658 -0.00353236 -0.0082885 -0.0510853 -0.0054665 5.48042e-05 1.25742e-05 -0.00309347 0.00147258 -0.0079517 -0.0240361 -0.0570333 6.0173e-05 -0.0574103 -0.0232984 -0.00474001 0.0752248 0.00194426 -0.000160427 -0.148564 -0.0102729 -0.0728867 -0.00430554 -0.00364929 -0.144575 -0.0750643 -0.00450871 -0.00176685 -0.0683496 0.0871845 0.0286771 -0.0642836 -0.00563867 -0.00195269 0.00939507 -0.00372203 -0.000110375 0.0700843 -0.0101375 
-0.000122213 -0.0010167 -0.000875763 -0.00528879 -0.000764493 -0.00249815 -0.0198432 0.0515001 -0.000558847 -0.0236543 -0.00447107 -0.000178566 -0.00855621 0.0310248 -0.034976 0.0725264 -0.0382784 0.00362859 0.0238589 -0.0253521 -0.00912723 -0.0232712 0.035578 -0.0213786 -0.0371296 0.127101 -0.0155628 -0.0334454 -0.00341749 -0.0124044 -0.0204405 -0.0394445 -0.000265204 -2.66337e-05 -0.000832802 -0.0339374 0.0826526 -0.00680357 -0.00416644 -0.0102223 -4.15685e-05 -0.0017222 -4.53746e-05 -0.000777266 -8.05621e-05 -5.34351e-06 -0.000143676 -0.00832334 -0.00370828 -0.0116029 -0.00855181 -0.00810526 -0.00972944 -0.000805403 -0.0040482 0.0523402 -3.85678e-05 -0.040214 0.0799978 -0.00793727 -0.000601725 -0.0366373 -0.000908894 -0.00379793 0.0755091 -0.00528943 -4.83694e-05 -1.48367e-05 -0.0013031 -0.000986477 -0.0111575 0.065357 -0.0300291 -1.5041e-05 -0.0325228 -0.013353 -0.00243059 0.00206832 -0.000524551 -0.000178347 0.0429398 -0.00857234 -0.0383005 -0.00173763 -0.00154656 0.0443931 -0.0409952 -0.0029262 -0.00015167 -0.0354659 0.0386817 -0.00635069 -0.0360338 -0.00545198 -0.0011384 -0.00357585 -0.00235229 6.50392e-05 0.0424408 -0.00307349 
-6.75933e-05 -0.000181016 -0.000989255 -0.00170124 -0.000508634 0.00178289 -0.0114757 -0.0661289 -0.000161335 0.0412666 0.0263121 0.000340543 0.00420291 -0.0593967 -0.0239764 -0.0384747 -0.028429 0.00382661 -0.0238776 -0.0195004 0.0181896 0.000368859 -0.056189 -0.0010475 -0.0268644 -0.0155628 0.103219 0.0329038 0.00445606 0.0286024 0.0365004 0.0476335 -0.000172254 0.000149984 0.000476557 -0.0297413 -0.0391921 0.0190689 -0.00236087 0.0271502 0.000169141 0.00209866 -0.000278399 0.00238165 -0.000136171 3.28384e-05 -0.000108911 0.025818 0.0190433 0.00711162 0.0397789 0.0389419 -0.00740873 -0.00056461 -0.00285213 -0.00648544 -2.15062e-05 -0.0396964 -0.0175484 -0.000607417 -0.000299689 -0.0257648 0.00204074 0.0021207 -0.0263793 0.0245623 3.24264e-05 6.00449e-06 0.00834305 0.000446566 0.0278343 -0.0511755 0.0287121 6.21876e-05 0.0350199 -0.00374217 -0.00089223 -0.0680618 0.00186803 5.92283e-05 0.00953283 0.0195386 0.0344603 -0.00146282 -0.000286523 -0.00043027 0.0391332 0.00247707 1.28266e-05 0.0350408 -0.0580752 -0.00498552 0.0378175 -0.0024981 -0.000688831 0.00316928 -0.00257944 -8.05117e-05 -0.0729497 -0.0020576 
0.00048402 -0.00157243 -0.00296815 0.0236338 -0.000504661 0.00279904 -0.032558 -0.144235 -0.00096294 0.121149 -0.00242859 0.000787604 0.0366455 -0.107564 -0.0200419 -0.0795979 -0.061851 -0.085672 -0.0576937 -0.0388182 0.0187812 -0.0441212 -0.120296 0.0932742 -0.0587464 -0.0334454 0.0329038 0.177352 -0.00227735 0.0191585 0.0857178 0.122079 0.00071349 -3.03687e-05 0.00387259 -0.0634911 -0.0893958 0.00945727 -0.00594952 0.0131621 -4.02205e-05 0.00104056 0.000242446 0.00272191 0.000240416 -4.50925e-06 -0.000229532 -0.0136409 -0.00675367 0.0231174 -0.0101661 0.00223189 -0.0153642 -0.00123981 0.0190616 0.0233356 0.000143403 -0.0752547 -0.0454868 -0.00566144 -0.00105364 -0.00405454 0.00780031 0.00300169 -0.0625135 -0.00469822 3.02389e-05 -1.68332e-05 -0.00244793 -0.00126114 0.015595 -0.114182 0.133911 -4.33174e-05 0.131036 0.0225779 0.000390501 -0.0656341 -0.000641632 0.000395569 0.0263071 -0.0191813 0.121558 -0.00388094 0.00349453 0.0292584 0.150606 -0.000182436 -0.00152494 0.129897 -0.138761 -0.0082317 0.151716 0.0277574 0.00375701 -0.00539673 0.0141963 -0.000150033 -0.144087 -0.00138627 
-2.88665e-05 0.00497448 -0.000359242 0.000433355 0.0040349 0.00072583 -0.00494387 -0.0197492 0.00352752 -0.000936507 0.000720407 -3.57879e-05 0.00644553 -0.00594026 -0.00537982 0.0116273 -0.00969536 -0.0125457 -0.0091757 -0.00604414 0.00834996 -0.00608224 -0.0178426 -0.00183192 -0.00860309 -0.00341749 0.00445606 -0.00227735 0.0342799 0.00730922 -0.00400463 -0.00182221 0.000153479 -5.76283e-06 5.48101e-05 -0.0100019 0.00435041 -0.00163922 0.0117696 0.00534703 3.47996e-06 0.00710587 0.000122038 0.00137134 -3.31612e-05 -1.66188e-06 -2.71682e-05 -0.00211996 -0.00106609 0.0179632 0.00928852 -0.00168662 -0.00208442 -0.000172991 -0.000422122 0.00230226 2.24593e-05 -0.0116781 -0.00379863 0.0145995 -0.00010966 -0.00884964 -0.000346106 0.00551901 -0.00714937 -0.00121089 -1.43628e-05 -2.51711e-06 -0.000446222 0.00167327 0.00796289 0.00199271 -0.00473936 -6.17906e-06 -0.00191639 0.00048076 0.00417826 -0.0181328 0.00070092 0.000689479 -0.00018781 -0.00324278 0.0127247 0.0116565 0.000217053 0.00277809 0.0155531 -0.000300774 0.00119859 -0.00231007 -0.0206742 -0.00134419 0.00690065 0.000317852 -0.000253409 -0.00088537 -0.000640459 -2.43911e-05 -0.00759102 -5.07273e-05 
-7.08278e-05 0.00567098 -0.000407663 0.0323169 0.00355817 -0.00153021 -0.0122282 -0.0527677 0.00361923 0.024967 0.0252461 9.79573e-05 0.0403596 -0.0611312 0.0159354 -0.0314099 -0.0236816 -0.000404818 -0.0190319 -0.0133711 0.0513791 0.0108371 -0.044548 0.0283212 -0.0132396 -0.0124044 0.0286024 0.0191585 0.00730922 0.0791741 -0.011684 -0.00814784 0.000374387 0.000112677 0.0028955 -0.0234165 -0.0338554 0.0416491 -0.00221192 0.0637941 0.000250521 0.00902002 -5.61932e-05 0.00385421 -0.00011574 3.98867e-05 -7.49901e-05 0.0282556 0.0185664 0.0199875 0.0404132 0.0250829 -0.00390076 0.00221588 0.0244663 -0.0541988 7.70512e-05 -0.0274268 -0.0170954 -0.0019234 -0.000264191 -0.0200031 -0.0014979 0.0137058 -0.0235002 0.0304519 8.23519e-05 -6.70893e-06 0.0102118 0.00114404 0.0688373 -0.0451158 -0.0176805 2.57403e-06 -0.0158456 -0.00814556 0.00963919 -0.0486091 0.00212388 0.00105283 -0.0361846 0.0280519 -0.0209638 -0.00124858 -0.000426463 -0.0466817 0.0138186 0.00207156 0.00409135 -0.0128046 -0.0495036 -0.00357292 0.0121734 0.0304305 -0.00066509 -0.00171043 -0.00192952 -5.93844e-05 -0.0558129 -0.00292989 
0.0001868 -0.000908158 -0.00177228 -0.0046739 -0.000488149 0.00179069 -0.0143097 -0.0695996 -0.000565504 0.0744898 -0.00327855 0.000667932 -0.0059605 -0.0578041 -0.0195778 -0.052182 -0.0237707 -0.0527101 -0.0370202 -0.0106601 -0.00569712 -0.0274522 -0.0565729 0.0214225 -0.0235774 -0.0204405 0.0365004 0.0857178 -0.00400463 -0.011684 0.119798 0.0828581 -0.000224534 -2.54871e-05 -0.000624613 -0.0235169 -0.0587855 -0.00656013 -0.0016209 -0.00917998 -3.88753e-05 -0.00078922 -0.000272185 -0.000727754 -5.47639e-05 -5.74022e-06 -0.000126058 -0.00473255 -0.00401098 -0.00788374 -0.0057073 0.00833853 -0.00582868 -0.000401878 -0.00377332 0.0246379 -2.29678e-05 -0.0303051 -0.0274973 -0.00841868 -0.000589097 0.00801913 0.00500382 -0.00348017 -0.0369787 -0.00521002 -5.43084e-05 -1.16941e-05 -0.00172415 -0.00108271 -0.0109532 -0.0690637 0.0893167 -2.76193e-05 0.0886704 0.000280423 -0.00289774 -0.0353087 -0.000271127 -0.000179979 0.0234215 -0.0111386 0.083139 -0.0023346 0.003742 0.0264564 0.0747935 -0.00267189 -0.000889861 0.0863749 -0.0667732 0.00455463 0.0849638 -0.00476544 -0.000185446 -0.000265581 0.00648409 -8.78487e-05 -0.0755417 -0.00329649 
0.000514462 -0.00148184 0.00495877 -0.00971025 -1.39145e-05 0.0121898 -0.0388263 -0.159352 -0.00103727 0.0749186 0.0064178 0.000915592 0.00325381 -0.0912462 -0.0664965 -0.0620077 -0.0673155 -0.058834 -0.061797 -0.0483435 -0.000767567 -0.0493033 -0.1492 0.0460388 -0.0783528 -0.0394445 0.0476335 0.122079 -0.00182221 -0.00814784 0.0828581 0.203896 -0.000283443 -4.01071e-06 0.000166277 -0.0797156 -0.0682113 -0.00889045 -0.0052085 -0.00430375 -6.89532e-05 -0.00104305 -2.30191e-05 -0.00144981 0.000863616 -1.02955e-05 -0.000267497 0.00147095 -0.00401907 0.011629 0.00669646 0.0170392 -0.0187416 0.0010821 -0.00774669 0.0611659 -6.16467e-06 -0.0816518 -0.0555474 0.0225697 0.000207205 -0.000236657 0.00848658 0.0112651 -0.0765524 -0.00254406 -9.44164e-05 -1.69404e-05 -0.0028425 0.000190884 -0.0123206 -0.112239 0.1446 -5.29183e-05 0.152693 0.0612011 0.000891451 -0.0589018 -0.000837574 -0.000342147 0.0762031 -0.00451872 0.172073 -0.00461279 0.00778864 0.0764713 0.145623 -0.00118782 0.00119008 0.172377 -0.16534 -0.0121208 0.140811 -0.00847809 0.00454169 -0.000771312 0.0125298 -0.000194484 -0.139386 0.0167827 
4.52357e-06 7.69476e-06 -2.41769e-05 0.000690136 1.90845e-05 -3.32269e-05 -0.000234245 -0.000728417 1.82917e-05 7.23143e-05 -5.86045e-05 -2.4147e-06 0.000286095 -0.00037172 0.000386568 -0.000135406 -0.000365562 -0.000626424 -0.000197415 -0.000294057 0.000290451 -2.77196e-05 -0.000928285 0.00101061 2.86241e-06 -0.000265204 -0.000172254 0.00071349 0.000153479 0.000374387 -0.000224534 -0.000283443 0.00182583 1.42833e-06 0.00010237 -0.000429698 0.000412391 0.000239671 -4.81912e-05 -5.75415e-07 2.56221e-07 5.36641e-06 0.000412618 -2.11714e-06 -2.05586e-06 1.14046e-09 -1.82654e-06 -0.00010788 -4.37166e-05 0.000971077 9.32666e-05 -7.11537e-05 -0.000111078 -9.73358e-06 3.0002e-05 -0.000869547 5.78857e-06 -0.0002628 -0.000323844 0.000653075 -7.58979e-06 -0.000442023 -2.05885e-05 3.79408e-06 -0.000458243 0.000306849 1.30569e-05 1.29785e-06 -1.61977e-06 3.51227e-06 0.000547509 -0.000888924 -1.31285e-05 3.15397e-06 7.24235e-05 -0.000154787 0.000808324 -0.00102527 8.78899e-06 7.63914e-05 -0.000727754 -0.000163529 -0.000191119 9.16796e-06 2.65952e-06 -0.000816727 0.0004245 0.000263153 6.31508e-06 -0.000412843 -0.00104606 0.000651918 -0.000266336 0.00103076 -1.14063e-05 -4.33494e-05 6.66789e-05 2.67451e-06 8.25483e-05 0.000780023 
-1.51162e-07 -8.38783e-07 1.92831e-06 1.06984e-05 -1.0118e-06 2.17287e-05 -2.25143e-05 -0.000113656 -6.17784e-07 -1.31183e-05 8.45859e-05 -3.49238e-07 -9.18941e-06 -0.000127313 -4.15066e-05 -8.26229e-05 -3.75184e-05 0.000106 -4.07438e-05 -3.09561e-05 5.73932e-05 8.08308e-05 -8.94313e-05 -1.24617e-05 -4.40236e-05 -2.66337e-05 0.000149984 -3.03687e-05 -5.76283e-06 0.000112677 -2.54871e-05 -4.01071e-06 1.42833e-06 0.00018311 8.00174e-06 -4.9514e-05 -2.81008e-05 0.000111859 -4.24173e-06 0.000115369 3.74523e-06 -2.22613e-06 2.95211e-07 4.57444e-06 -2.179e-07 -8.56317e-09 -1.83547e-07 0.000109773 8.38129e-05 3.17226e-05 0.000112199 6.9366e-05 -1.14587e-05 -9.92915e-07 -1.06464e-06 -8.00313e-05 3.531e-07 -6.16566e-05 -3.5673e-05 3.71654e-05 -8.7706e-07 -4.51293e-05 -2.40614e-06 -4.14479e-06 -4.93748e-05 0.00012055 1.65159e-06 -2.15749e-08 3.27051e-05 -1.51249e-06 0.000111988 -7.39994e-05 -3.73409e-05 2.04349e-07 -3.88324e-05 1.87281e-05 1.70985e-07 -0.000116777 3.58176e-06 -2.29159e-07 -6.97217e-05 0.000110647 -1.69636e-05 -2.8967e-06 -2.34867e-06 -8.10658e-05 -3.94257e-06 3.12685e-06 4.28797e-06 -3.90797e-05 -0.000109171 -4.89119e-06 -4.40601e-05 -4.52055e-06 -1.47878e-06 1.43892e-06 -4.30682e-06 -1.30043e-07 -0.000113991 -2.80993e-06 
