1.77797e-05 -8.78925e-11 -2.79399e-06 -2.33072e-06 -2.1081e-08 -2.80576e-06 -1.51115e-07 -4.2474e-06 1.14417e-07 -5.83234e-07 -3.50385e-10 -5.45022e-09 -2.08619e-11 -8.29905e-09 -3.68173e-07 2.28938e-06 -3.82543e-09 -3.34385e-06 -2.37541e-10 5.07092e-06 1.4859e-07 -7.46536e-07 -6.09137e-09 2.92556e-07 5.08844e-06 -7.8616e-08 -1.71642e-08 3.9408e-06 -4.79792e-08 4.13598e-07 8.56295e-06 -2.09099e-09 -7.19654e-08 -2.88214e-08 -3.99991e-10 -2.01892e-09 -2.04867e-09 5.8265e-07 -9.51087e-06 -2.96333e-13 -1.04726e-08 -6.72558e-10 -4.21884e-06 -2.8733e-07 -2.7361e-09 -2.76142e-06 -1.778e-13 -4.9923e-08 1.546e-07 -1.54142e-07 -3.48073e-10 -1.60026e-09 7.73871e-06 4.7021e-09 -3.85233e-12 -1.58195e-06 1.1526e-07 -8.01377e-06 -6.05144e-07 3.51075e-06 -2.25213e-12 -6.39692e-08 -1.43233e-08 -4.25836e-07 -3.59651e-06 -1.64536e-09 -5.90092e-06 -2.13893e-10 -1.5405e-06 -8.98838e-10 -6.2241e-06 -1.24596e-08 -1.53027e-10 -5.41105e-11 -2.50422e-06 -9.10731e-07 -2.85157e-06 7.80972e-06 -4.98284e-09 -6.88328e-08 2.8342e-07 3.75732e-06 5.98445e-08 -3.00963e-06 -8.66306e-08 -5.84579e-08 -5.02172e-08 6.62464e-06 -8.66479e-11 -1.43488e-08 -1.46661e-09 4.0439e-06 4.13493e-07 -9.56256e-09 -1.1026e-09 -1.2881e-09 -2.9236e-07 9.27452e-08 -6.54137e-06 1.61896e-07 
-8.78925e-11 4.94331e-06 -8.23714e-07 -1.50192e-06 -5.86111e-09 -1.99687e-06 -2.58876e-07 -8.68998e-07 7.53688e-08 -4.93008e-07 -9.74166e-11 -1.51531e-09 -5.80018e-12 -2.30737e-09 6.09709e-08 -1.62674e-07 -1.06357e-09 -6.95034e-07 -6.60429e-11 -1.81129e-06 -9.76975e-07 -7.14495e-07 -1.69357e-09 -2.06953e-09 -7.08256e-07 -3.63869e-08 -4.77211e-09 -8.61664e-07 -1.33395e-08 1.92839e-07 -4.48823e-07 -5.81352e-10 1.43325e-07 5.32017e-09 -1.11209e-10 -5.61316e-10 -5.69587e-10 -4.82374e-09 2.09053e-06 -8.23889e-14 -2.91167e-09 -1.8699e-10 2.64963e-06 6.73448e-07 -7.60713e-10 -6.11458e-07 -4.94333e-14 4.612e-08 -3.48646e-08 3.80836e-07 -9.6774e-11 -4.44916e-10 4.20581e-07 1.30731e-09 -1.07106e-12 7.66894e-07 -1.33656e-08 1.02748e-07 -1.84002e-07 -7.19024e-10 -6.26156e-13 -1.77852e-08 -3.98227e-09 -1.27184e-07 2.06672e-06 -4.57456e-10 2.52352e-09 -5.94683e-11 -5.79364e-07 -2.49902e-10 8.90045e-07 -3.46412e-09 -4.25456e-11 -1.50442e-11 -4.89471e-07 -3.60712e-07 1.94724e-06 1.69308e-07 -1.38537e-09 -1.91374e-08 -1.20455e-07 -5.96315e-07 -2.8235e-09 -1.46346e-06 -9.91532e-08 -1.62529e-08 -1.39618e-08 -2.11206e-07 -2.40905e-11 -1.14034e-08 -4.07759e-10 -1.00356e-08 -2.73595e-09 -2.65866e-09 -3.06553e-10 -3.58128e-10 1.96324e-07 -1.77719e-08 5.23238e-07 -9.28654e-07 
-2.79399e-06 -8.23714e-07 0.140656 0.0830056 0.000222487 0.0748491 -0.00886308 0.0771209 0.000272061 -0.0150425 5.56643e-06 8.05079e-05 -1.98679e-07 -6.71797e-05 -0.00239312 -0.0688376 -1.18549e-05 0.0648037 -2.18556e-06 0.0446244 -0.0277614 -0.0242688 -5.17747e-05 -4.74194e-05 -0.0649003 -0.0039457 0.000478886 0.0137797 0.00217509 -0.0303098 -0.0203134 -1.92636e-05 -0.000659299 8.08146e-05 2.88734e-06 3.59994e-05 -1.69639e-05 -0.000137289 -0.0325854 -2.82214e-09 -5.24428e-05 -1.1418e-06 -0.0394134 -0.000642277 5.60693e-05 -0.0216389 -1.69328e-09 -0.000455524 0.00232164 -0.00181238 7.45113e-07 4.65032e-05 -0.0198315 -5.37994e-05 -1.33545e-08 -0.0147266 -0.000438594 0.00351628 0.0272489 -2.17161e-05 1.05218e-07 -0.000607653 -0.000105695 0.00672565 -0.0325501 1.63203e-05 -5.65528e-05 -1.84369e-06 0.000739606 -6.21012e-06 -0.111488 -5.92831e-05 2.58931e-06 2.52468e-06 -0.0267371 -0.0122687 -0.0913926 -0.00184451 2.72557e-05 0.00162161 -0.00327375 -0.0290562 -6.96526e-05 0.0889175 -0.00335018 -0.000296073 -0.000263236 -0.0103638 -8.25194e-07 -0.000388445 -1.18607e-05 0.000456652 -8.57271e-05 -1.7326e-05 -1.02206e-05 -1.11006e-05 -0.00885936 0.00288185 -0.0255796 0.121306 
-2.33072e-06 -1.50192e-06 0.0830056 0.245089 0.000412193 0.178266 -0.0216338 0.0821132 0.00340716 0.014014 9.78096e-06 1.67058e-05 -5.04444e-07 8.07838e-05 -0.00858413 -0.135443 9.24637e-05 0.0422049 -5.19712e-06 0.100131 -0.0293099 -0.0349258 -0.000135287 0.000174172 -0.0477633 0.00905275 0.000327604 0.0723779 0.00106321 -0.0213882 -0.0386611 -4.20338e-05 -0.000779693 5.02915e-05 -1.85519e-06 3.52621e-05 -4.6594e-05 -0.00014245 -0.0834211 -7.1654e-09 0.000122884 7.2274e-06 -0.0943038 -0.00360141 1.28707e-06 -0.0580368 5.70076e-09 -0.00113107 0.00356081 -0.00439307 5.18685e-06 4.20554e-05 -0.0387822 4.91744e-05 -6.98169e-08 -0.00308627 0.000639198 0.00757681 0.0206266 -6.01906e-05 7.22096e-08 -0.00094304 0.00010391 0.0164526 -0.0858009 -5.59851e-06 -4.0268e-05 4.05135e-06 0.00225786 3.7359e-06 -0.0947593 -0.000154487 -2.8688e-07 1.73493e-06 -0.0550973 0.00909486 -0.167391 0.00341585 8.46504e-05 0.00115228 -0.00472461 0.0340798 -0.000118001 0.0783456 -0.00438415 0.000531059 -0.000804653 -0.021445 1.1503e-08 -0.000767209 -2.95263e-05 0.000387243 -0.000106811 0.000161522 -1.98677e-05 -6.16657e-06 -0.0202815 0.00203805 -0.0287174 0.0986092 
-2.1081e-08 -5.86111e-09 0.000222487 0.000412193 0.00118425 0.000352144 -6.02648e-05 2.10803e-05 -0.000272913 -6.76982e-05 -2.33654e-08 -3.43448e-07 -1.39117e-09 -5.40089e-07 -1.12783e-05 -3.73576e-05 7.31568e-07 -0.000210951 -1.58404e-08 0.000308064 3.45713e-06 -5.31985e-05 -4.06203e-07 4.6029e-07 0.000161387 -1.52542e-06 4.04541e-06 0.00042521 -2.08949e-06 -0.000315384 6.41238e-05 6.37229e-07 -2.42235e-06 3.51471e-06 -2.66734e-08 5.2087e-06 3.20051e-07 8.4693e-05 -0.000661903 -1.9761e-11 2.77163e-06 -4.48496e-08 -0.000277139 -1.9034e-05 -1.69124e-07 -0.000171644 -1.18566e-11 -3.18245e-06 -4.13561e-06 -1.33143e-05 4.67887e-08 -1.06713e-07 0.000368153 1.06893e-07 2.97431e-08 -0.000410747 -2.68907e-06 -0.000162779 -3.88462e-05 1.24208e-07 -1.50184e-10 -3.34579e-06 -2.01815e-07 6.96179e-05 -0.000215661 -1.09721e-07 -2.58807e-06 -1.42635e-08 0.000226659 2.67276e-08 -0.000707214 1.07246e-06 -1.02046e-08 -3.60836e-09 -0.000186992 -4.9777e-05 -0.000526915 2.41679e-06 1.16772e-06 -6.67873e-08 -1.59778e-05 0.000315637 2.76116e-07 6.93445e-05 -2.10219e-05 -1.2916e-06 -2.98739e-07 0.000164249 -5.77812e-09 -1.92512e-06 -9.78011e-08 3.45263e-05 3.64371e-05 6.0029e-05 -7.35267e-08 -8.58971e-08 -5.27052e-05 0.000214911 -0.000469658 0.000236627 
-2.80576e-06 -1.99687e-06 0.0748491 0.178266 0.000352144 0.245858 -0.0224972 0.0810558 0.00401592 0.0441381 7.84823e-06 0.000132116 -5.11156e-07 0.000129924 -0.0057522 -0.130443 -1.0827e-05 0.0301763 -5.52021e-06 0.0498692 0.0108146 -0.0387108 -0.000125064 -8.18925e-06 -0.0738205 0.00808318 0.000254325 0.0795798 0.000374021 -0.0208468 -0.0445161 -4.69899e-05 -0.00077466 0.000161585 5.91612e-06 2.97092e-05 -4.89331e-05 -0.000260702 -0.0627077 9.40592e-09 0.000106104 -1.06423e-05 -0.0984464 0.0039072 1.73868e-05 -0.0499639 5.64355e-09 -0.00109516 0.00214408 0.000197879 3.20487e-06 4.23472e-05 -0.0440054 2.82606e-05 -4.10563e-08 0.0298266 -0.000340338 0.00888591 0.0145273 -3.47959e-05 7.1485e-08 -0.00131254 3.3802e-05 0.0152674 -0.0792068 -4.63788e-06 -5.57712e-05 3.88586e-06 -0.00227598 -7.25995e-06 -0.0833378 0.000149095 -1.12781e-07 1.71419e-06 -0.0671499 0.0342505 -0.180314 6.06637e-05 0.000115647 0.000711502 -0.00753812 -0.0111458 -0.000146899 0.092468 -0.00476389 0.000224874 0.000341707 -0.0242852 1.69029e-06 -6.24512e-05 -7.1382e-06 -0.000286427 -0.00022338 0.000224372 -2.28158e-05 -2.96177e-05 -0.021581 0.00192031 -0.0209163 0.0855354 
-1.51115e-07 -2.58876e-07 -0.00886308 -0.0216338 -6.02648e-05 -0.0224972 0.0496262 -0.0130893 0.000534236 -0.00518529 -1.02201e-06 -1.60363e-05 1.11189e-06 -2.10804e-05 -0.00107661 0.00307128 -9.1373e-06 -0.00785324 -6.99646e-07 0.0158696 -0.0207138 0.0369538 3.5322e-05 -1.01408e-05 0.030348 -0.000587379 7.74853e-06 -0.00871941 -0.000141316 0.00204003 0.00453314 -4.59873e-06 -0.000204202 -6.20631e-05 1.52125e-08 -1.73646e-06 -5.80743e-06 0.000302038 -0.0200412 -8.72811e-10 -4.49012e-07 -1.97093e-06 -0.0124662 -0.000844067 -7.98218e-06 -0.00785017 -5.23687e-10 -0.000132239 -0.000213728 -0.000505334 -3.25204e-07 -4.50336e-06 -0.00628509 1.31028e-05 -1.13465e-08 -0.018851 -0.000141276 -0.000658659 -0.00194073 -5.92387e-06 -6.63337e-09 -0.000124246 -3.67073e-05 -0.000358672 -0.010397 -1.17286e-06 2.0197e-05 1.66671e-07 0.0134805 -2.02074e-06 0.00810097 -3.44882e-05 -4.5072e-07 -1.59375e-07 0.0225986 -0.0038033 0.0209146 -1.95471e-05 -1.26797e-05 -0.000193018 -0.00125057 0.0168361 2.58405e-07 -0.0191337 -0.000997476 0.000307676 -0.000147658 -0.00158525 -3.18767e-08 -0.000111132 -3.96972e-06 -8.09317e-05 2.04585e-06 -2.81653e-05 7.82443e-07 2.2694e-06 -0.000871134 -0.000188182 0.00446562 -0.00997513 
-4.2474e-06 -8.68998e-07 0.0771209 0.0821132 2.10803e-05 0.0810558 -0.0130893 0.19719 0.00137546 0.00250844 6.56869e-06 -1.56247e-05 -3.17029e-07 -4.69606e-05 -0.00506467 -0.109723 8.42366e-05 0.085704 -3.58981e-06 0.0601253 -0.0691306 0.00816188 -8.41313e-05 -8.89639e-05 -0.016663 -0.000558346 0.000415307 0.00320602 0.00176807 -0.025106 -0.0306361 -2.90559e-05 -0.00106929 3.78595e-06 1.42415e-05 -8.53734e-06 -2.88161e-05 -7.20116e-05 -0.0447943 -4.50325e-09 6.16556e-05 5.08608e-06 -0.0640444 -0.000616649 3.72339e-05 -0.0394956 -2.70195e-09 -0.00069873 -0.000244448 -0.00255369 8.23714e-06 5.35082e-05 -0.0320305 -8.70083e-06 -5.85423e-08 -0.0503481 -0.00066091 0.00531543 0.0266439 -3.62075e-05 9.24419e-08 -0.000924664 0.000219539 0.00976321 -0.0554307 1.27461e-05 -8.89047e-05 -7.77115e-07 0.0354139 -3.77594e-06 -0.0850307 -0.000116144 9.51186e-07 2.18771e-06 -0.000905354 0.00386253 -0.105976 -0.00190433 0.000106791 0.000401216 -0.00636 -0.012734 -9.26783e-05 0.0594442 -0.00462793 0.000800539 -0.000728857 -0.0146879 -1.17675e-06 -0.000513938 -1.80408e-05 0.000108386 -0.000141313 -0.000104648 -1.1039e-05 -1.83581e-05 -0.0143306 0.00251052 -0.0143381 0.0803996 
1.14417e-07 7.53688e-08 0.000272061 0.00340716 -0.000272913 0.00401592 0.000534236 0.00137546 0.0150141 0.00139326 1.80459e-07 -1.46369e-07 1.78893e-08 2.38987e-06 -0.00514261 -0.00555735 -1.02363e-05 0.00231126 -1.46306e-07 0.00695299 0.00134174 0.00155022 -2.21666e-05 -3.34036e-06 0.00422217 0.000280705 -8.91182e-05 0.000238089 2.80427e-05 0.00162794 0.000296662 1.30638e-06 -4.18654e-05 -6.13486e-05 -1.187e-06 -2.06888e-05 1.50343e-06 1.3631e-05 0.00584676 2.54109e-10 -9.33963e-05 -6.26607e-07 -0.00659495 0.000162509 -3.97376e-06 -0.00883576 1.52466e-10 -6.79039e-06 7.5925e-05 -6.48837e-05 -1.40486e-06 8.88908e-07 0.00139475 2.23446e-05 3.30342e-09 -0.00248446 -0.000137824 -0.000244341 0.000491197 2.21766e-06 -9.14021e-08 -0.000534989 -5.8451e-05 -0.00152901 -0.00790055 -4.61291e-05 -3.41988e-06 -9.32505e-08 -0.000856654 -4.96924e-06 -0.000897457 -4.12024e-05 -1.82544e-06 -4.36933e-07 0.00208548 0.00108953 -0.00168891 0.000187022 -4.68715e-06 -0.000108472 -0.00792573 -0.000653667 -8.5249e-06 -0.00634927 0.000158212 4.70584e-05 -3.75614e-05 0.000240349 7.43016e-08 -3.43588e-05 1.0443e-06 -3.88875e-05 -3.22083e-05 -8.168e-05 4.58824e-07 -8.60877e-06 -0.00755644 -0.0014725 0.0103992 0.000481997 
-5.83234e-07 -4.93008e-07 -0.0150425 0.014014 -6.76982e-05 0.0441381 -0.00518529 0.00250844 0.00139326 0.0897855 2.94128e-06 6.41852e-05 -1.17019e-07 -4.46312e-05 -0.0014906 -0.011142 -1.25643e-05 -0.0155183 -7.69086e-07 -0.0334388 0.0238812 -0.0142205 -3.36078e-05 -2.19961e-05 -0.0340762 -0.00163144 -8.14076e-05 0.0390348 -0.000267722 0.00232157 -0.0124948 -1.17288e-05 -0.00038387 0.000241877 -3.03252e-10 -8.82456e-06 -1.14181e-05 -9.45424e-05 -0.029038 1.50045e-08 -5.08231e-05 -2.71919e-06 -0.01677 -0.000232729 -1.35508e-05 -0.0118127 -9.9732e-10 -0.000270296 -0.000694414 -7.46302e-06 -1.38909e-06 -8.42954e-06 -0.0104515 6.42845e-06 8.39141e-09 0.0265278 -0.000232111 0.00207143 -0.00367603 9.96699e-06 -1.26327e-08 -0.000114044 0.000128814 0.00362676 -0.0093307 -7.99586e-06 -6.91312e-05 -9.89775e-07 -0.00962489 -4.29178e-06 0.0154867 0.000376731 -8.5836e-07 -2.73518e-07 -0.0157099 0.061706 -0.0515065 -0.0012151 -2.19065e-05 0.000192448 -0.00218017 -0.0335571 -5.21409e-05 0.046885 -0.00194281 -0.000295343 0.000964917 -0.00609847 2.74397e-06 0.0015814 -4.15656e-06 -0.000143729 -5.51246e-05 0.000315611 -5.12138e-06 3.56475e-06 -0.00453743 -0.00035712 -0.0103344 -0.0115581 
-3.50385e-10 -9.74166e-11 5.56643e-06 9.78096e-06 -2.33654e-08 7.84823e-06 -1.02201e-06 6.56869e-06 1.80459e-07 2.94128e-06 1.97063e-05 -6.04082e-09 -2.31225e-11 -9.19835e-09 -4.08069e-07 -8.20815e-06 -4.23996e-09 1.5449e-06 -2.63281e-10 3.48363e-06 -6.96804e-06 -2.73168e-06 -6.75144e-09 3.95083e-07 -7.44067e-06 -4.63978e-07 -1.90241e-08 7.40496e-06 -2.31782e-08 -6.62458e-06 -2.4801e-06 -2.31757e-09 -7.97637e-08 6.88055e-07 -4.43334e-10 -2.23769e-09 -2.27067e-09 -1.92299e-08 -1.00127e-05 -3.28444e-13 -1.16074e-08 -7.45438e-10 -4.52556e-06 -3.18466e-07 -3.03259e-09 -2.68876e-06 -1.97067e-13 -5.53328e-08 -1.38988e-07 -2.22569e-07 -3.85791e-10 -1.77367e-09 -2.40288e-06 5.21163e-09 -4.26978e-12 -5.96285e-06 -5.32821e-08 4.09605e-07 2.08981e-06 -2.8664e-09 -2.49618e-12 -7.0901e-08 -1.58754e-08 1.97748e-06 -4.01274e-06 -1.82365e-09 -6.66066e-08 -2.37071e-10 1.23369e-06 -9.96238e-10 -5.59534e-06 -1.38098e-08 -1.69609e-10 -5.9974e-11 -3.09061e-06 1.52535e-06 -1.09834e-05 -2.55239e-07 -5.52279e-09 -7.62917e-08 6.11314e-06 -2.71725e-06 -1.12559e-08 1.15852e-05 -3.95276e-07 -6.47925e-08 -5.56589e-08 -1.21405e-06 -9.60372e-11 -4.54599e-08 -1.62554e-09 1.0666e-07 -1.09069e-08 1.41273e-06 -1.22208e-09 -1.42768e-09 2.33894e-06 -6.41814e-08 -1.52341e-05 1.20481e-05 
-5.45022e-09 -1.51531e-09 8.05079e-05 1.67058e-05 -3.43448e-07 0.000132116 -1.60363e-05 -1.56247e-05 -1.46369e-07 6.41852e-05 -6.04082e-09 0.000306443 -3.5967e-10 -1.4308e-07 -2.54171e-07 -6.54244e-05 1.04048e-07 0.000124463 -4.09533e-09 -0.000102881 5.49377e-05 -4.39226e-05 -1.50184e-08 -1.83316e-08 -0.000115821 -7.09716e-06 3.13741e-06 -5.04619e-05 5.28139e-08 -2.3402e-05 -3.25034e-05 -3.60497e-08 -1.24072e-06 -4.4023e-07 -6.89605e-09 -3.48072e-08 -3.53202e-08 -2.95787e-07 -7.91728e-05 -5.10894e-12 5.1278e-07 -1.15953e-08 -6.76348e-05 4.89029e-05 -4.71719e-08 1.00685e-05 -3.06537e-12 -8.607e-07 -3.81955e-07 -2.09872e-06 -6.00097e-09 -2.75893e-08 -2.64168e-05 -1.5356e-06 -6.64163e-11 0.000105259 2.32453e-06 5.28806e-06 -2.29663e-06 -4.45868e-08 -3.8828e-11 1.2047e-07 1.96393e-07 -1.58756e-06 -4.84602e-05 -2.83669e-08 -2.31352e-06 -3.68764e-09 -3.53975e-06 -1.54965e-08 -5.87147e-05 6.54186e-06 -2.63826e-09 -9.32893e-10 -4.86785e-05 4.09355e-05 -0.000128893 -3.32023e-06 -8.59069e-08 -4.46715e-07 -4.16274e-06 -0.000141575 -1.75086e-07 0.00012666 -6.12517e-06 -4.74512e-07 -5.25772e-07 -1.78445e-05 -1.49386e-09 4.19539e-07 3.08048e-07 -6.22308e-07 -1.69657e-07 4.91803e-07 -1.90094e-08 -2.22076e-08 3.636e-06 -1.10204e-06 -4.20806e-05 3.34106e-05 
-2.08619e-11 -5.80018e-12 -1.98679e-07 -5.04444e-07 -1.39117e-09 -5.11156e-07 1.11189e-06 -3.17029e-07 1.78893e-08 -1.17019e-07 -2.31225e-11 -3.5967e-10 1.17333e-06 -5.47669e-10 -2.42964e-08 -5.14116e-07 -2.52447e-10 -2.64661e-07 -1.56757e-11 3.73134e-07 -4.66875e-07 1.00374e-06 -4.0198e-10 -4.91216e-10 7.21187e-07 -2.76252e-08 -1.13269e-09 -2.04522e-07 -3.16623e-09 4.57717e-08 -1.50046e-07 -1.37988e-10 -4.74913e-09 -1.90198e-09 -2.63961e-11 -1.33232e-10 -1.35195e-10 1.17219e-06 -6.77132e-07 -1.95556e-14 1.17264e-06 -4.43833e-11 -2.80169e-07 -1.89614e-08 -1.8056e-10 -1.83111e-07 -1.17333e-14 -3.29451e-09 -8.27534e-09 -1.32517e-08 -2.297e-11 -1.05604e-10 -1.33067e-07 3.103e-10 -2.54222e-13 -5.79096e-07 -3.17241e-09 -1.07895e-06 -4.3674e-08 -1.70665e-10 -1.48622e-13 -4.22144e-09 -9.45218e-10 -5.07588e-08 -2.413e-07 -1.0858e-10 5.98975e-10 -1.41152e-11 1.03582e-06 -5.93159e-11 -9.5891e-07 -8.22233e-10 -1.00985e-11 -3.57084e-12 -1.86595e-07 -8.56175e-08 -6.62881e-07 -1.51969e-08 -3.28827e-10 -4.5424e-09 -2.85907e-08 3.86975e-07 -6.70177e-10 -4.51799e-07 -2.35347e-08 1.08948e-06 -3.31392e-09 -7.22846e-08 -5.71804e-12 -2.70668e-09 -9.67844e-11 -2.38202e-09 -6.49397e-10 -6.3105e-10 -7.27623e-11 -8.50041e-11 -6.41677e-08 -4.21829e-09 1.24194e-07 -2.23587e-07 
-8.29905e-09 -2.30737e-09 -6.71797e-05 8.07838e-05 -5.40089e-07 0.000129924 -2.10804e-05 -4.69606e-05 2.38987e-06 -4.46312e-05 -9.19835e-09 -1.4308e-07 -5.47669e-10 0.000466545 4.40466e-06 -0.000118744 -1.00426e-07 -5.36113e-05 -6.23596e-09 3.35265e-05 -8.17273e-05 -3.71179e-05 -1.59912e-07 -1.5541e-07 6.66085e-05 -6.70624e-06 -2.10596e-07 -6.34207e-05 -3.36223e-07 1.61018e-05 -3.93266e-05 9.17737e-08 -3.05915e-07 -4.56625e-07 -1.05006e-08 9.03324e-08 -5.3782e-08 -4.55471e-07 5.45602e-05 -7.77939e-12 -2.74928e-07 -1.76561e-08 -2.59204e-05 -1.02637e-06 -7.18287e-08 -5.58032e-05 -4.66763e-12 -1.25725e-06 -2.79534e-06 8.98327e-07 -9.13767e-09 1.32308e-09 -4.78802e-05 1.2344e-07 -1.01132e-10 3.57832e-05 -2.88683e-07 8.64171e-06 -1.72206e-05 -6.78923e-08 -5.91234e-11 1.24003e-07 -1.52683e-07 -1.8409e-05 -5.74813e-05 1.73472e-07 -2.01172e-06 -5.61516e-09 -3.34251e-05 1.39737e-07 7.34728e-05 -3.27092e-07 -4.01728e-09 -1.42052e-09 -6.08426e-05 -2.90828e-05 0.000125813 7.0012e-06 -1.3081e-07 7.96562e-08 -8.24033e-06 6.61857e-05 -9.66028e-08 -0.00012466 -9.22566e-06 -1.02131e-06 1.15836e-06 -2.77955e-05 -2.27469e-09 -5.56744e-07 -3.85018e-08 -7.58869e-09 -2.58336e-07 -1.61038e-07 -2.89456e-08 2.61846e-08 -1.80599e-05 -1.55141e-06 2.70289e-05 -7.2005e-05 
-3.68173e-07 6.09709e-08 -0.00239312 -0.00858413 -1.12783e-05 -0.0057522 -0.00107661 -0.00506467 -0.00514261 -0.0014906 -4.08069e-07 -2.54171e-07 -2.42964e-08 4.40466e-06 0.0202784 0.00679022 8.18118e-07 -0.00433163 -2.76648e-07 -0.0137308 0.00556269 -0.00298222 -5.81421e-06 2.86761e-06 -0.00789408 -0.000477694 5.38767e-05 -0.00352793 -5.54081e-05 0.00046463 0.000137324 -2.43523e-06 0.0003752 -2.92597e-05 -1.25842e-07 -1.8113e-06 -2.28928e-06 -2.00829e-05 0.000659127 -3.45119e-10 6.71499e-05 4.6005e-07 0.00260735 0.00100581 -2.71322e-06 0.0107151 -2.07072e-10 -5.25353e-05 -0.000146021 0.00301677 -4.05377e-07 -1.82038e-06 -0.00183434 -7.03905e-05 -4.48655e-09 0.00721039 -1.26239e-05 0.000386973 -0.000770622 -7.98593e-07 -2.62291e-09 0.000111339 -1.38013e-05 -0.00084939 0.010975 3.47304e-05 1.00508e-05 -2.49107e-07 -0.00237535 2.62318e-06 0.00376206 -1.05756e-06 8.08447e-07 -6.30188e-08 -0.00325482 -0.000998594 0.00127735 -0.00026501 -5.80318e-06 0.000209112 0.00535344 -0.0101925 -1.13174e-05 0.0083206 -0.000414164 -6.5392e-05 -1.68446e-05 -0.00116796 -1.00913e-07 -3.16879e-05 6.38602e-07 -4.00148e-05 -6.10732e-06 -6.03353e-06 -1.28412e-06 2.2065e-06 0.00481009 -7.23783e-05 -0.00509214 -0.00385723 
2.28938e-06 -1.62674e-07 -0.0688376 -0.135443 -3.73576e-05 -0.130443 0.00307128 -0.109723 -0.00555735 -0.011142 -8.20815e-06 -6.54244e-05 -5.14116e-07 -0.000118744 0.00679022 0.246177 -5.99465e-05 -0.027757 3.56275e-06 -0.10159 0.0505496 -0.0160236 0.000144629 -0.000125332 -8.70576e-05 -0.00131694 -0.000149847 -0.0460924 -0.0011213 0.0167613 0.0129719 1.77267e-05 -0.000803491 -0.000248804 -8.62064e-06 -3.81039e-05 5.31762e-05 0.00028881 0.0187411 -7.30279e-09 1.59084e-05 4.12225e-06 0.105131 -0.00505827 -5.47863e-08 0.0713711 -4.38167e-09 0.0014452 -0.0025262 -0.0022185 -5.77857e-07 -3.82665e-05 0.0530346 4.01077e-05 -6.49363e-08 0.0083952 0.000118304 -0.00175204 -0.0156558 -9.70957e-06 -5.55012e-08 0.0019247 -0.000238727 -0.0159414 0.103516 8.51866e-06 3.99534e-05 -7.7782e-07 -0.0381727 -4.65416e-06 0.065347 -5.17764e-05 4.52173e-07 -1.33349e-06 -0.0325119 -0.0112351 0.123797 0.00189678 -0.000119926 -0.00137203 0.00865275 -0.0316839 -0.000239803 -0.0423612 0.000242666 -0.00102013 0.000357971 0.0143639 -1.75336e-07 0.000452989 -1.56596e-05 0.000495175 0.00020723 6.17886e-05 -1.31389e-05 1.48262e-05 0.0230722 -0.00156907 -0.000195031 -0.0787735 
-3.82543e-09 -1.06357e-09 -1.18549e-05 9.24637e-05 7.31568e-07 -1.0827e-05 -9.1373e-06 8.42366e-05 -1.02363e-05 -1.25643e-05 -4.23996e-09 1.04048e-07 -2.52447e-10 -1.00426e-07 8.18118e-07 -5.99465e-05 0.000215107 5.0036e-05 -2.87445e-09 4.35514e-05 -5.24838e-05 3.93903e-06 -1.03775e-08 -5.67406e-08 5.33869e-05 2.12544e-05 2.44563e-06 -3.55397e-05 4.86078e-07 4.17647e-06 -2.03206e-05 -2.53027e-08 -8.70844e-07 1.96124e-06 -4.84023e-09 1.93224e-06 6.52093e-08 4.13385e-07 -7.15887e-05 -3.58589e-12 -1.23394e-07 1.71861e-07 -4.1301e-05 -3.11361e-06 -3.31092e-08 -3.09369e-05 -2.15153e-12 5.79222e-07 3.48726e-05 -2.19663e-06 -4.21199e-09 1.73021e-08 -2.32808e-05 -3.10055e-09 -4.66166e-11 -8.59552e-05 -5.81723e-07 3.40198e-06 3.19819e-06 8.70523e-09 -2.72528e-11 -7.17416e-07 8.86676e-07 -8.57615e-07 -3.01436e-05 1.10676e-06 -4.29017e-06 -2.58829e-09 1.20071e-05 1.49123e-07 -6.75648e-05 -1.40772e-07 -1.85175e-09 -6.54783e-10 -1.38291e-05 -9.34296e-06 -6.63053e-05 -1.92331e-06 -6.02967e-08 7.59706e-06 -2.20933e-06 1.3956e-05 8.00443e-07 -1.07428e-05 1.55111e-05 -2.77391e-07 -6.01005e-07 2.18523e-06 -1.04851e-09 -3.32989e-07 -1.77473e-08 -3.67885e-08 9.42539e-08 3.97428e-06 -1.33424e-08 8.10795e-08 -9.2764e-06 2.83162e-07 1.00934e-05 1.37143e-05 
-3.34385e-06 -6.95034e-07 0.0648037 0.0422049 -0.000210951 0.0301763 -0.00785324 0.085704 0.00231126 -0.0155183 1.5449e-06 0.000124463 -2.64661e-07 -5.36113e-05 -0.00433163 -0.027757 5.0036e-05 0.174684 -2.89352e-06 0.0349237 -0.0642926 -0.00968995 -1.47705e-05 -7.0942e-05 -0.0181993 -0.00119385 0.00048707 -0.0252623 0.00197147 -0.014446 -0.0254856 9.90969e-06 -0.000901545 9.03314e-05 7.96558e-06 -7.27269e-06 9.43987e-06 -6.8796e-05 -0.0343487 -3.75939e-09 0.000238688 -3.60897e-06 -0.0258653 -0.00152429 5.04055e-05 -0.0260434 -2.25563e-09 0.000871493 -0.000534358 -0.00245448 6.21756e-06 5.30852e-05 -0.00435346 -6.70424e-06 -4.8872e-08 -0.0336002 -0.000437445 0.00358302 0.0275129 -3.19056e-05 4.76201e-09 -0.000186235 0.00010539 0.00206972 -0.0254304 1.70197e-05 1.0321e-05 -1.85019e-06 0.00291304 -6.06963e-06 -0.0697712 -6.45138e-05 -8.71347e-07 -6.2313e-07 -0.017822 -0.0117586 -0.0469111 0.000976983 -3.11607e-05 0.000409303 -0.00373403 -0.0364924 -8.70923e-05 0.0386432 -0.00404478 0.00032994 -0.000613833 -0.0109445 -1.08591e-06 -0.000457369 -1.76393e-05 -0.000154275 -0.000113831 -8.94372e-05 -1.35746e-05 -1.25946e-05 -0.00608959 -0.000719253 0.00362238 0.0611651 
-2.37541e-10 -6.60429e-11 -2.18556e-06 -5.19712e-06 -1.58404e-08 -5.52021e-06 -6.99646e-07 -3.58981e-06 -1.46306e-07 -7.69086e-07 -2.63281e-10 -4.09533e-09 -1.56757e-11 -6.23596e-09 -2.76648e-07 3.56275e-06 -2.87445e-09 -2.89352e-06 1.33598e-05 -5.23802e-06 2.17399e-06 -3.24349e-07 -4.57709e-09 -5.59316e-09 -5.14969e-07 -2.71217e-07 -1.28973e-08 -2.27876e-06 -3.60518e-08 5.21174e-07 -9.51817e-07 -1.57118e-09 -5.40753e-08 1.67673e-09 -3.00555e-10 -1.51703e-09 -1.53938e-09 -1.30368e-08 4.09659e-06 -2.22667e-13 -7.86917e-09 1.62828e-07 6.0699e-06 -1.92568e-07 -2.05593e-09 -1.31496e-06 -1.336e-13 -3.75125e-08 -9.4226e-08 -1.44223e-07 -2.61544e-10 -1.20244e-09 6.53765e-06 3.53319e-09 -2.89467e-12 -5.7938e-06 9.72111e-08 -2.95645e-07 -4.97288e-07 -1.94326e-09 -1.69227e-12 7.31933e-07 -1.07626e-08 -5.27959e-07 5.79248e-06 -1.23633e-09 6.82015e-09 -1.60721e-10 -3.19139e-07 -6.75393e-10 2.4415e-06 -9.36224e-09 -1.14985e-10 -4.06589e-11 1.22869e-06 -6.11539e-07 5.3522e-06 -7.9704e-08 -3.74414e-09 -5.17214e-08 -3.25544e-07 -4.57376e-06 -7.63088e-09 -2.87102e-06 -1.47974e-07 -4.39256e-08 -3.77335e-08 -3.9725e-08 -6.51077e-11 -7.48592e-09 -1.10202e-09 2.49544e-07 -7.39427e-09 1.6148e-08 -8.28498e-10 -9.67887e-10 -7.30637e-07 -4.8031e-08 7.8517e-10 -2.54584e-06 
5.07092e-06 -1.81129e-06 0.0446244 0.100131 0.000308064 0.0498692 0.0158696 0.0601253 0.00695299 -0.0334388 3.48363e-06 -0.000102881 3.73134e-07 3.35265e-05 -0.0137308 -0.10159 4.35514e-05 0.0349237 -5.23802e-06 0.21688 -0.144651 0.0449933 8.51499e-05 0.000107719 0.101334 0.00671139 0.000202981 0.0271525 0.000817466 -0.011599 0.016138 3.31226e-05 -0.000949916 -0.000368624 4.12422e-06 3.1707e-05 -6.70409e-05 0.000267908 -0.0666818 -1.13665e-08 6.83124e-05 8.18934e-06 -0.115873 -0.0101024 2.56378e-05 -0.0991551 3.18012e-09 -0.00173327 0.00220316 -0.00625016 4.32562e-06 2.71422e-05 -0.035241 9.90451e-05 1.89027e-08 -0.088453 -0.000686711 -0.00625948 0.0118111 1.22726e-05 4.02816e-08 0.000296651 -0.000277058 0.0105652 -0.132529 -1.57411e-05 -9.11987e-05 2.60569e-06 0.0368622 4.43991e-06 -0.0561393 -0.000314161 -2.47297e-06 9.67817e-07 0.0475873 -0.0322477 -0.0465266 0.00364697 8.61996e-05 0.000147518 -0.00351675 0.137359 0.000176653 -0.0249616 0.00626952 0.00103851 -0.00190875 0.01677 -8.6022e-07 -0.00143645 -4.55549e-05 0.000426449 0.000130738 -0.000169345 1.88977e-05 -1.38844e-05 -0.0114443 0.00114291 -0.014142 0.0582823 
1.4859e-07 -9.76975e-07 -0.0277614 -0.0293099 3.45713e-06 0.0108146 -0.0207138 -0.0691306 0.00134174 0.0238812 -6.96804e-06 5.49377e-05 -4.66875e-07 -8.17273e-05 0.00556269 0.0505496 -5.24838e-05 -0.0642926 2.17399e-06 -0.144651 0.239577 -0.0562756 -0.000119761 -0.000129763 -0.108361 -0.0080088 -0.000324796 0.0100053 -0.000928695 0.00836891 -0.0270647 -4.36282e-05 0.000974075 -1.2898e-05 -2.47153e-06 -2.14054e-05 -1.67812e-05 -0.000233188 0.0611902 1.00349e-08 -0.00021502 -6.13807e-06 0.0677881 0.00759218 -5.55355e-05 0.0806461 -3.97905e-09 -0.000448964 0.00143648 0.00277685 -6.86298e-06 -2.66494e-05 0.0185499 -9.11735e-05 -1.28793e-08 0.116698 0.000833895 0.00740847 -0.0146882 1.54768e-05 -5.04012e-08 -0.00129453 -6.91286e-05 -0.0121109 0.0790567 -3.45454e-05 -6.5737e-05 -1.84679e-06 -0.0460991 -1.52987e-05 0.0306304 8.89784e-05 1.12537e-06 -1.21096e-06 -0.0612873 0.0219004 -0.0153317 -0.00283391 -0.000104069 0.000358333 -0.00304239 -0.088486 -0.000200279 0.00967336 -0.00789476 -0.00127869 0.00155994 -0.0213271 6.50878e-07 0.00117948 1.42148e-05 -0.000100547 -0.000209019 -4.79337e-05 -2.30987e-05 -2.35269e-05 -0.00772061 -0.00138208 0.0158937 -0.0323587 
-7.46536e-07 -7.14495e-07 -0.0242688 -0.0349258 -5.31985e-05 -0.0387108 0.0369538 0.00816188 0.00155022 -0.0142205 -2.73168e-06 -4.39226e-05 1.00374e-06 -3.71179e-05 -0.00298222 -0.0160236 3.93903e-06 -0.00968995 -3.24349e-07 0.0449933 -0.0562756 0.123646 5.52287e-05 3.80289e-06 0.0856945 -0.00164246 -6.24741e-05 -0.0232088 -0.000390028 0.00560454 0.0130927 6.62553e-05 -0.000574284 -0.000151135 7.9184e-06 -8.84552e-06 -1.48207e-05 0.000598656 -0.0267937 -2.40895e-09 4.44562e-05 -4.75069e-06 -0.0336847 -0.00230446 -2.05423e-05 -0.020806 -1.44537e-09 -0.000377904 -0.000503601 -0.00137234 1.13779e-07 -1.13588e-05 -0.0131473 2.88576e-05 -3.13164e-08 -0.06435 -0.00036881 -0.00988048 -0.00478424 -1.64934e-05 -1.8308e-08 -0.000202278 -3.32667e-05 -0.00209219 -0.0295369 -5.02879e-06 2.93247e-05 -1.47211e-06 0.0270561 -1.00164e-07 0.0196664 -0.000100267 -1.07732e-06 -4.39874e-07 0.0675314 -0.0104487 0.0343247 -0.00128527 1.53302e-05 -0.000540702 -0.00343429 0.0469586 0.000220361 -0.0538431 0.00154578 0.000263844 -0.000407346 0.00993628 -4.24377e-07 -0.000321046 -8.74571e-06 -0.000249385 0.000232044 -7.50359e-05 3.06168e-05 -3.1679e-06 -0.00736856 -0.000519337 0.0113268 -0.0274512 
-6.09137e-09 -1.69357e-09 -5.17747e-05 -0.000135287 -4.06203e-07 -0.000125064 3.5322e-05 -8.41313e-05 -2.21666e-05 -3.36078e-05 -6.75144e-09 -1.50184e-08 -4.0198e-10 -1.59912e-07 -5.81421e-06 0.000144629 -1.03775e-08 -1.47705e-05 -4.57709e-09 8.51499e-05 -0.000119761 5.52287e-05 0.000342479 -1.43428e-07 0.000177656 3.53383e-06 -3.3073e-07 -4.37008e-05 -9.04494e-07 9.8447e-06 -2.08314e-05 -4.02905e-08 -1.18001e-06 -4.9535e-07 -7.70728e-09 1.77648e-08 -3.94751e-08 9.59903e-06 -4.52764e-05 -5.70994e-12 -2.01793e-07 4.37074e-08 -4.52857e-06 -4.9598e-06 -5.27211e-08 -3.12374e-07 -3.42597e-12 -8.08616e-07 -1.56961e-06 -1.94266e-06 3.56626e-07 -3.08348e-08 -9.4003e-06 9.06031e-08 -7.42293e-11 -0.000111448 -8.66299e-07 -4.0591e-06 -1.26722e-05 -4.98318e-08 -4.33956e-11 1.31407e-06 -2.7599e-07 -1.40209e-05 -6.55227e-05 -3.17039e-08 -6.71177e-06 9.2119e-09 -9.14935e-06 -1.73194e-08 1.51184e-05 -2.4008e-07 -2.94862e-09 -1.04264e-09 -4.07731e-05 -2.46758e-05 0.000117365 6.74939e-06 -9.60127e-08 -1.29298e-06 8.31914e-07 0.000103841 -1.62349e-07 -0.000116426 0.000103108 9.16928e-07 -8.07619e-07 1.87206e-05 -1.66959e-09 -2.06979e-07 -2.82597e-08 8.63115e-06 -6.62814e-08 -1.84258e-07 -2.12456e-08 -2.482e-08 -8.59403e-07 -9.88347e-07 -3.94371e-05 -5.96909e-05 
2.92556e-07 -2.06953e-09 -4.74194e-05 0.000174172 4.6029e-07 -8.18925e-06 -1.01408e-05 -8.89639e-05 -3.34036e-06 -2.19961e-05 3.95083e-07 -1.83316e-08 -4.91216e-10 -1.5541e-07 2.86761e-06 -0.000125332 -5.67406e-08 -7.0942e-05 -5.59316e-09 0.000107719 -0.000129763 3.80289e-06 -1.43428e-07 0.000418475 -6.86476e-05 3.42988e-06 8.05851e-07 0.000186256 -1.12972e-06 7.83154e-06 4.64562e-05 -4.92346e-08 -1.66784e-06 1.8547e-06 -9.41823e-09 -4.75377e-08 1.05095e-07 2.74481e-06 -0.00019308 -6.9775e-12 2.50674e-06 -1.58361e-08 -9.64853e-05 -2.25551e-06 -3.7758e-08 -4.74546e-05 -4.1865e-12 -1.16216e-06 1.7066e-07 -4.64161e-06 -8.19577e-09 -3.76799e-08 -2.9597e-05 -5.29284e-07 -9.07075e-11 -7.32392e-06 7.04738e-07 -1.10517e-05 -1.50997e-05 6.52439e-07 -5.3029e-11 4.43377e-06 -3.23924e-07 0.000186119 -7.41333e-05 -3.87419e-08 -8.6295e-07 -5.03636e-09 1.36538e-05 -2.11642e-08 4.07403e-05 1.32907e-08 -3.60318e-09 -1.27409e-09 -5.87412e-05 -1.7322e-05 -0.000130498 -2.38978e-07 -9.066e-08 -9.5408e-07 3.87087e-05 0.000126191 -5.57884e-08 3.76796e-05 1.65273e-06 -1.43124e-07 -1.06909e-06 -4.21809e-06 -2.04022e-09 -3.95754e-07 -3.4533e-08 1.40901e-05 1.29829e-06 -1.81828e-07 -2.59619e-08 -3.03298e-08 -1.86986e-05 -1.5051e-06 -0.000167147 3.726e-05 
5.08844e-06 -7.08256e-07 -0.0649003 -0.0477633 0.000161387 -0.0738205 0.030348 -0.016663 0.00422217 -0.0340762 -7.44067e-06 -0.000115821 7.21187e-07 6.66085e-05 -0.00789408 -8.70576e-05 5.33869e-05 -0.0181993 -5.14969e-07 0.101334 -0.108361 0.0856945 0.000177656 -6.86476e-05 0.236856 0.0141711 -0.000192315 -0.0397255 -0.00103258 0.0150154 0.0428264 6.86813e-05 -0.000928508 -0.00018703 2.1642e-06 -1.31134e-05 -3.51249e-05 0.000513194 -0.012784 -6.42253e-09 -1.25495e-05 8.02009e-06 -0.0511915 -0.00548417 -3.61939e-05 -0.0454624 6.14648e-09 -0.000799629 -0.00191791 -0.00396228 6.75609e-06 -2.86896e-05 0.00390609 9.24535e-05 5.98404e-08 -0.114908 -0.000253779 -0.0125886 -0.014098 2.36193e-05 -4.88112e-08 0.000946543 -0.00023375 -0.00459983 -0.0728236 -2.74538e-05 -3.31017e-05 3.89755e-06 0.0440612 1.97992e-05 0.0470376 -0.000265895 -2.1666e-06 -1.17275e-06 0.0934668 -0.0268464 0.0986142 0.00590809 -3.74649e-05 -0.00139196 -0.00847901 0.11976 0.000227174 -0.136413 0.0121119 0.00167839 -0.00104283 0.0350644 7.20515e-08 -0.000866458 -1.81764e-05 -0.000273553 0.000270258 -0.000151603 3.5233e-05 -4.04746e-06 -0.0169411 -0.00138471 0.0278257 -0.0731466 
-7.8616e-08 -3.63869e-08 -0.0039457 0.00905275 -1.52542e-06 0.00808318 -0.000587379 -0.000558346 0.000280705 -0.00163144 -4.63978e-07 -7.09716e-06 -2.76252e-08 -6.70624e-06 -0.000477694 -0.00131694 2.12544e-05 -0.00119385 -2.71217e-07 0.00671139 -0.0080088 -0.00164246 3.53383e-06 3.42988e-06 0.0141711 0.0229899 -1.71854e-05 0.0017061 -6.31238e-05 0.000894223 -0.00152166 -1.75888e-06 -3.05964e-05 -3.25019e-05 -5.29666e-07 2.99889e-07 -2.71284e-06 -6.44594e-07 -0.005748 -3.92403e-10 2.57422e-05 2.4794e-06 -0.00482868 -0.000378225 -1.92314e-06 -0.00357807 -2.35442e-10 -3.43346e-05 -0.000137547 -0.000257951 5.23908e-06 -7.0239e-07 -0.00207329 6.2265e-06 -5.10124e-09 -0.010495 3.79721e-05 0.000444655 -0.000835337 -7.34583e-07 -2.98227e-09 0.000150122 1.30651e-06 0.000807509 -0.0041935 -2.05211e-06 -8.61076e-05 7.1201e-06 0.000982974 9.56643e-06 -0.00429819 -1.5139e-05 -9.93038e-08 -7.16529e-08 -0.00337378 -0.00159602 0.00299315 0.000967161 -3.24826e-06 -8.87815e-05 -0.000569437 0.00716884 -1.28512e-05 -0.00860396 0.000582471 9.58693e-06 -6.44708e-05 -0.00126701 1.33859e-06 -5.04425e-05 -1.90875e-06 8.96561e-06 -1.04175e-05 -8.7327e-06 -1.43672e-06 3.8743e-06 -0.00125559 -8.24812e-05 0.00121816 -0.00434721 
-1.71642e-08 -4.77211e-09 0.000478886 0.000327604 4.04541e-06 0.000254325 7.74853e-06 0.000415307 -8.91182e-05 -8.14076e-05 -1.90241e-08 3.13741e-06 -1.13269e-09 -2.10596e-07 5.38767e-05 -0.000149847 2.44563e-06 0.00048707 -1.28973e-08 0.000202981 -0.000324796 -6.24741e-05 -3.3073e-07 8.05851e-07 -0.000192315 -1.71854e-05 0.000964431 -8.82775e-05 5.66883e-05 -0.000418824 -9.52645e-05 -1.1353e-07 -3.83736e-06 4.15514e-06 2.16159e-08 1.56372e-06 -1.11232e-07 -9.42008e-07 -0.000387796 -1.60894e-11 5.14472e-06 7.34835e-08 -0.000150449 -1.54372e-05 2.01478e-06 -0.000123448 -9.65363e-12 -2.35057e-06 1.87248e-05 -1.03262e-05 9.44347e-08 1.51978e-06 -8.79624e-05 -1.98033e-07 -2.09162e-10 -0.000426043 -2.53344e-06 2.85849e-06 9.62937e-05 -1.40415e-07 -1.22279e-10 1.23968e-05 -2.44347e-07 1.56413e-05 -7.76233e-05 1.61067e-06 -7.70525e-07 -1.16133e-08 -2.55716e-05 1.77864e-07 -0.000528053 -6.46494e-07 -8.30856e-09 -2.93792e-09 -0.000137478 -6.81254e-05 -0.000273387 -4.55329e-06 1.59457e-07 8.42273e-06 1.41336e-05 -0.000240409 -4.78056e-07 0.000406564 -5.59989e-06 -2.98063e-06 -2.61987e-06 -2.3709e-05 -4.70454e-09 -2.17693e-06 -7.96296e-08 2.49686e-06 5.5904e-07 1.0308e-06 -5.98654e-08 3.3396e-08 -1.26842e-05 5.30606e-06 -0.000217829 0.000496553 
3.9408e-06 -8.61664e-07 0.0137797 0.0723779 0.00042521 0.0795798 -0.00871941 0.00320602 0.000238089 0.0390348 7.40496e-06 -5.04619e-05 -2.04522e-07 -6.34207e-05 -0.00352793 -0.0460924 -3.55397e-05 -0.0252623 -2.27876e-06 0.0271525 0.0100053 -0.0232088 -4.37008e-05 0.000186256 -0.0397255 0.0017061 -8.82775e-05 0.143925 -0.000396463 -0.0141324 -0.0169336 -1.96592e-05 -0.000435708 1.1849e-05 -6.28022e-07 3.66506e-05 -1.9951e-05 -0.000151595 -0.0689817 -2.90514e-09 -8.4396e-05 5.32316e-06 -0.0408912 -0.00271758 -1.00737e-05 -0.024421 8.25692e-09 -0.000479956 0.000699678 -0.00120638 -3.34238e-06 1.5985e-05 -0.0161166 4.28476e-05 -3.77668e-08 0.0341204 0.000364176 0.0034848 -0.00523293 2.67296e-05 7.12543e-08 -0.000505233 -7.72665e-05 0.0202545 -0.0332102 -1.55372e-05 -0.000165691 5.98974e-06 0.000436379 -2.74187e-06 -0.0145113 0.000120707 8.3312e-07 2.45952e-06 -0.0275147 0.0252786 -0.0925789 0.00258689 1.32343e-06 -0.000316967 -0.000653937 0.0223054 -8.88602e-05 0.0303647 -0.00311048 -0.000428016 -0.000433444 -0.00941107 3.3272e-06 0.000188184 -1.40181e-05 0.000235175 -8.83899e-05 0.000196732 -6.7261e-06 -5.71472e-06 -0.00880175 0.00262092 -0.0373419 0.0333006 
-4.79792e-08 -1.33395e-08 0.00217509 0.00106321 -2.08949e-06 0.000374021 -0.000141316 0.00176807 2.80427e-05 -0.000267722 -2.31782e-08 5.28139e-08 -3.16623e-09 -3.36223e-07 -5.54081e-05 -0.0011213 4.86078e-07 0.00197147 -3.60518e-08 0.000817466 -0.000928695 -0.000390028 -9.04494e-07 -1.12972e-06 -0.00103258 -6.31238e-05 5.66883e-05 -0.000396463 0.00269121 -0.000615855 -0.000340548 -3.17351e-07 -1.07689e-05 -4.19426e-06 2.02626e-07 -3.06414e-07 1.10574e-06 -2.13654e-06 4.46639e-05 -4.49748e-11 -1.1361e-06 -1.54082e-08 -0.000602315 -4.14651e-05 1.03914e-05 -0.000412844 -2.69849e-11 -3.58687e-06 -1.1152e-05 -3.01237e-05 5.38392e-08 4.10713e-06 -0.000296147 -3.93597e-05 -5.84673e-10 -0.000863211 -5.98607e-06 5.51683e-05 0.00030426 -3.52504e-07 -3.41809e-10 -9.49535e-06 -1.87053e-06 -0.000105241 -0.000519456 4.20282e-07 -1.72758e-05 -3.24628e-08 -0.000204156 -1.36418e-07 -0.00212735 -1.77768e-06 -2.3225e-08 -8.2124e-09 -0.000427434 -0.000196667 -0.001467 -3.44972e-05 -6.96252e-07 1.90198e-05 -6.55777e-05 -0.00160692 -1.54131e-06 0.00131537 -5.40762e-05 -7.69555e-06 -7.62153e-06 -0.000165017 -1.31506e-08 -5.75496e-06 -2.22589e-07 1.66284e-05 -1.49352e-06 -1.19799e-06 -1.67342e-07 -1.95497e-07 -0.000146079 1.49352e-05 2.89043e-05 0.0020987 
4.13598e-07 1.92839e-07 -0.0303098 -0.0213882 -0.000315384 -0.0208468 0.00204003 -0.025106 0.00162794 0.00232157 -6.62458e-06 -2.3402e-05 4.57717e-08 1.61018e-05 0.00046463 0.0167613 4.17647e-06 -0.014446 5.21174e-07 -0.011599 0.00836891 0.00560454 9.8447e-06 7.83154e-06 0.0150154 0.000894223 -0.000418824 -0.0141324 -0.000615855 0.0374882 0.0048038 4.25104e-06 -9.57717e-05 -3.5208e-05 -5.55574e-06 -1.98837e-05 4.2182e-06 1.41729e-05 0.013151 6.50167e-10 -3.76938e-06 5.95619e-07 0.00920224 0.000145021 -5.58802e-05 0.00438744 3.901e-10 0.000103613 -8.78385e-05 0.000105516 -4.46314e-07 -4.23856e-05 0.00474632 3.73301e-05 8.45217e-09 0.00930381 8.72637e-05 -0.000783166 -0.00733237 5.35747e-06 -1.21725e-07 0.000136511 -6.86085e-06 -0.0118809 0.00784799 -5.48668e-06 5.95424e-05 -1.6071e-07 -0.0111995 -6.27914e-07 0.0278458 -3.11497e-05 -2.52425e-06 -2.66128e-06 0.00620078 0.00280715 0.0217629 0.000410654 -6.97141e-05 9.36186e-05 0.000607677 0.00234448 2.03748e-05 -0.0213388 0.000753902 -0.000134404 0.000108695 0.00239778 1.90109e-07 8.77761e-05 3.04781e-06 -0.000470908 2.08406e-05 -2.50927e-05 2.29247e-06 2.81615e-06 0.00207011 -0.00317885 0.0146911 -0.0309855 
8.56295e-06 -4.48823e-07 -0.0203134 -0.0386611 6.41238e-05 -0.0445161 0.00453314 -0.0306361 0.000296662 -0.0124948 -2.4801e-06 -3.25034e-05 -1.50046e-07 -3.93266e-05 0.000137324 0.0129719 -2.03206e-05 -0.0254856 -9.51817e-07 0.016138 -0.0270647 0.0130927 -2.08314e-05 4.64562e-05 0.0428264 -0.00152166 -9.52645e-05 -0.0169336 -0.000340548 0.0048038 0.111527 1.45642e-05 -0.000181643 0.000191249 -2.86355e-06 4.425e-07 -2.44482e-06 0.00023447 -0.00642535 -2.13134e-09 -6.47096e-05 -2.77396e-06 -0.0129087 0.00228995 -1.57758e-05 -0.0082988 -1.27881e-09 -0.000237445 -0.000439471 0.00268979 -1.31347e-06 -1.12363e-05 0.00979878 -5.65274e-05 2.29255e-09 -0.0235774 -6.03982e-05 -0.0164754 -0.00463674 7.0616e-05 -1.61982e-08 0.000452272 -5.81884e-05 -0.00478248 -0.0140392 -8.87406e-06 -5.75549e-05 -8.88403e-07 -0.0141151 -4.38812e-06 0.0157966 -8.73477e-05 -8.53958e-07 -3.89183e-07 0.03575 -0.00872431 0.0439577 2.10147e-05 -2.48485e-05 -0.000203965 0.00276713 0.0223457 0.000272178 -0.035799 0.00778076 -0.000411832 -0.000343778 0.0356473 -6.16538e-07 -0.000274699 4.61916e-05 0.00033172 0.000441006 -6.28309e-05 -2.4503e-06 3.37882e-06 0.00249331 -0.000458401 0.000306144 -0.0191075 
-2.09099e-09 -5.81352e-10 -1.92636e-05 -4.20338e-05 6.37229e-07 -4.69899e-05 -4.59873e-06 -2.90559e-05 1.30638e-06 -1.17288e-05 -2.31757e-09 -3.60497e-08 -1.37988e-10 9.17737e-08 -2.43523e-06 1.77267e-05 -2.53027e-08 9.90969e-06 -1.57118e-09 3.31226e-05 -4.36282e-05 6.62553e-05 -4.02905e-08 -4.92346e-08 6.86813e-05 -1.75888e-06 -1.1353e-07 -1.96592e-05 -3.17351e-07 4.25104e-06 1.45642e-05 0.00011759 -4.76005e-07 1.39365e-07 -2.64568e-09 -1.33539e-08 -1.35506e-08 2.94858e-06 -2.93724e-05 -1.96006e-12 6.44064e-07 -4.44854e-09 -2.5198e-05 -1.90051e-06 -1.80976e-08 -1.68365e-05 -1.17603e-12 -9.68757e-08 -8.29438e-07 -1.32822e-06 -2.30228e-09 -1.05847e-08 4.88137e-05 3.11014e-08 -2.54807e-11 -5.09629e-05 -3.17971e-07 -5.76989e-05 -4.37745e-06 5.95609e-08 -1.48964e-11 4.98022e-06 -9.47393e-08 -5.07756e-06 -2.16588e-05 -1.0883e-08 -2.9533e-06 -1.41477e-09 -1.05732e-05 -5.94524e-09 -7.6117e-06 -8.24125e-08 -1.01217e-09 -3.57906e-10 1.57409e-05 -8.58145e-06 4.20027e-05 2.38135e-05 -3.29583e-08 -4.55285e-07 -1.67232e-06 3.56999e-05 -6.05052e-08 -4.35339e-05 -1.88222e-06 1.04667e-06 -3.32155e-07 5.85116e-05 -5.7312e-10 -1.54624e-07 -9.70071e-09 1.59125e-06 4.55158e-06 -6.32502e-08 -7.29297e-09 -8.51997e-09 -5.96487e-06 -4.228e-07 -3.07287e-05 -2.15268e-05 
