0.248302 -0.000154426 -0.000584764 -0.0377119 -6.01271e-05 -0.000271277 -0.00476581 -0.00140415 -2.39418e-05 -0.000602238 -0.0351933 -0.000593724 0.00135255 0.0207336 -0.015532 0.0421888 -0.0844433 -0.00041467 -0.0312891 0.0380478 0.000201897 -0.036534 0.00398854 0.000443053 0.0111919 -1.02392e-05 -0.000226297 0.062917 0.0153345 -0.0433207 -0.000710308 0.000358996 -0.000178657 -0.00312207 -0.00230851 -0.000831174 -0.00388426 -0.00575382 -0.000284301 -2.94692e-05 -0.0321384 -0.00862203 0.0445771 0.000118806 -2.78881e-06 -0.0189093 0.00611007 -0.000215447 0.000604518 -0.000493121 -0.0381559 -0.000575297 -0.012969 -0.000192004 0.0154768 -0.0269046 -0.00290817 0.069143 -0.000273106 -0.00948617 -0.00952992 0.0188051 -0.0352205 -0.00308581 0.0112891 -0.0192077 -0.039213 -0.0104664 0.00136971 0.0152095 -8.96887e-05 -0.00459472 0.00669611 -0.000840324 -0.0396999 -0.0159094 -0.00201875 -0.00132317 -0.0733216 0.0284392 0.00800505 0.0597423 -5.1627e-05 0.0032782 -0.025896 0.0326818 -2.136e-06 0.0272321 -0.00029545 -0.0437367 -0.0290207 -0.0312553 -7.08036e-05 -0.0357032 3.5152e-05 0.00146002 0.0756846 0.00652805 0.00526259 -0.000172307 
-0.000154426 0.000427094 2.74799e-05 3.32027e-06 -6.29792e-08 5.65472e-08 3.48487e-05 2.16607e-05 2.11492e-07 -6.17806e-07 3.91175e-06 -6.17963e-07 -1.71475e-06 1.42523e-05 -9.60863e-06 -5.50042e-05 0.000100922 6.15449e-06 -0.000176709 -0.000183819 8.50997e-06 0.000290789 -1.42887e-05 -4.88133e-07 6.95748e-05 3.25609e-05 -2.92058e-07 -0.000238081 -1.78566e-05 1.01683e-05 4.66916e-06 6.77607e-07 -1.70372e-07 -2.86669e-06 0.000166774 1.25517e-07 1.49788e-05 -0.0001441 3.15029e-05 4.64873e-05 -0.00019011 -7.21753e-06 -0.000263692 5.19868e-06 -2.50806e-07 -0.000194471 -2.25921e-06 3.27191e-05 2.03744e-05 6.25815e-06 0.000135444 -7.58325e-07 -8.34146e-06 -1.81207e-07 -1.88606e-05 0.0001911 7.2585e-06 -0.000148284 3.19252e-06 -4.41037e-06 0.000184867 -2.40461e-05 3.01278e-05 1.42487e-05 -3.56091e-05 -2.50216e-05 7.5629e-06 2.83005e-05 6.92023e-05 -5.08115e-05 4.69808e-05 0.000108684 9.62321e-06 0.00017346 0.00019854 6.6403e-06 -2.72889e-06 2.97913e-05 -5.70314e-05 -0.000190229 -3.12699e-05 -0.000186664 -2.24836e-07 7.49289e-05 7.06885e-05 2.85411e-05 -9.05887e-08 2.30117e-05 4.11524e-08 -2.72494e-05 8.12867e-06 -8.70168e-05 -4.85793e-08 8.40503e-06 -1.6674e-06 -2.56705e-06 -0.000284058 -9.25718e-06 1.53032e-05 -2.01012e-07 
-0.000584764 2.74799e-05 0.00164358 0.00042847 1.1604e-05 2.47694e-05 8.2676e-05 3.32815e-06 -2.11606e-07 -2.21706e-06 0.000524333 0.000170801 -8.1721e-06 0.000328083 -0.000552443 -0.000109794 0.000521239 0.000200308 0.000219072 -0.00113041 -8.53937e-07 0.000399309 -5.1024e-05 5.08367e-05 -2.99798e-05 -3.04137e-07 6.31471e-06 -0.000375018 -1.6175e-05 0.000646556 2.07113e-05 3.58495e-06 -6.13108e-07 3.88179e-05 9.31279e-05 5.7026e-05 -1.33367e-06 -0.000515693 1.81148e-05 -2.48922e-06 -0.000578635 1.9641e-05 -0.000249198 5.54535e-05 5.56983e-07 -0.0010817 0.000191179 3.50868e-05 1.17787e-05 0.000404804 0.000571712 2.76382e-05 0.000222876 6.96515e-06 -0.000724059 0.000108709 -5.02278e-06 4.19476e-06 1.11699e-05 5.11116e-05 0.000926038 -7.13568e-05 -8.77923e-06 4.06951e-06 0.000594517 0.000193789 0.000499449 -0.000683607 -0.000316256 0.00013617 -1.31829e-06 0.000260748 -0.000637177 0.000148258 0.000156912 -4.34461e-05 2.05912e-06 4.12641e-05 -9.40654e-07 -0.00102364 0.000120868 -0.00064682 -5.29622e-07 -1.1994e-05 5.19563e-05 -0.000330352 0.000132674 -8.70066e-06 -9.42925e-07 0.000316624 -4.3098e-05 -0.000707054 -1.47568e-07 -1.60721e-05 5.89455e-05 3.72798e-05 -0.000524968 4.63548e-05 -9.00295e-06 0.000135319 
-0.0377119 3.32027e-06 0.00042847 0.0768372 3.15093e-06 -8.34363e-05 0.00262381 2.24047e-05 -1.17224e-05 -0.000120928 0.067341 0.000343707 -0.000861915 -0.00408252 -0.0241127 -0.0701757 0.0438106 0.000651958 0.00550376 -0.0649965 -3.82742e-05 -0.0083803 -0.00317206 0.000718722 -0.00457029 -8.05047e-06 -1.04324e-05 -0.047589 -0.00429392 0.0735966 1.84298e-05 -8.86429e-06 -3.3443e-05 0.00360988 0.000348955 -0.000153823 -0.000673619 -0.0282433 0.000501807 -0.000120989 -0.0356862 0.017004 -0.0527829 -0.000158475 -3.85315e-05 0.0117776 -0.00185669 1.07873e-06 0.000835578 0.000107852 0.0665369 -8.01343e-05 0.021882 -2.57997e-05 -0.062965 -0.0114912 -0.00109275 -0.0299561 0.000314525 0.0184872 -0.011243 -0.00421419 0.0677637 0.00316793 -0.010733 -0.00207935 0.0736285 -0.0511755 -0.0184111 -0.01051 -5.54727e-05 0.00261252 -0.0296187 -0.000158323 -0.0166513 0.0015074 -0.000556477 -0.000452264 0.0631714 -0.0522566 -0.00617717 -0.0531204 -4.08171e-05 -0.000729439 0.045996 -0.040114 0.000166838 -0.0080359 -5.58956e-05 0.0486859 0.0511827 0.0287013 -6.56834e-06 0.0700878 -0.000319879 -0.000690392 -0.0544327 -0.00181658 -0.000953186 0.000213063 
-6.01271e-05 -6.29792e-08 1.1604e-05 3.15093e-06 0.000147375 5.3985e-05 2.72945e-05 -2.2663e-07 3.65333e-07 -1.96457e-07 6.06923e-06 -9.72629e-08 -4.04676e-07 1.37082e-05 5.44882e-05 -9.05999e-05 -5.06091e-05 -1.47936e-07 1.12295e-05 -0.000109894 -4.37188e-08 -1.64284e-05 -4.69091e-06 5.01306e-06 -7.93972e-06 4.90936e-09 2.02258e-06 8.70464e-06 -3.95013e-06 3.21585e-05 3.37005e-05 -3.46943e-07 1.59123e-06 0.000101794 1.80997e-05 1.44114e-05 1.80413e-06 -5.62533e-05 6.30394e-06 1.56271e-05 -3.73095e-05 1.06846e-06 -6.91825e-05 -3.56921e-07 1.18635e-05 -0.000111105 -3.00476e-06 1.96505e-06 2.33208e-06 1.51373e-05 2.11867e-05 1.81917e-05 8.06232e-05 7.10242e-05 -0.000106089 4.77829e-05 -1.37124e-06 -2.54651e-05 5.23246e-07 1.94321e-06 8.39235e-06 5.62391e-05 -2.78219e-06 2.5068e-05 2.34545e-05 6.08105e-05 3.72696e-06 -8.92869e-05 -3.43699e-05 -1.49074e-05 2.19817e-05 2.09574e-06 -4.23885e-05 -1.98148e-07 -2.98034e-06 3.20432e-05 4.46104e-05 2.85507e-06 7.36751e-05 -8.35422e-05 1.49459e-05 -6.1914e-05 -4.42278e-08 3.04369e-05 -4.53166e-06 -1.30027e-05 1.27649e-07 -1.36509e-05 7.02357e-09 -1.13209e-05 -5.20932e-06 -7.28924e-05 4.98634e-06 9.63418e-07 2.63081e-05 -1.36348e-06 -6.97418e-05 -3.10389e-06 6.32707e-06 -6.93428e-08 
-0.000271277 5.65472e-08 2.47694e-05 -8.34363e-05 5.3985e-05 0.00100564 1.17315e-05 -3.18688e-06 2.63097e-06 -1.4022e-06 -7.59081e-05 0.000127072 2.36033e-05 0.000107148 -0.000178242 -0.000180164 -0.000405419 -6.73671e-07 0.000359331 -0.000540435 4.47102e-07 -0.000111689 6.79851e-05 1.06158e-05 -2.79972e-05 -1.94123e-07 4.25192e-06 0.000390839 8.63101e-05 -6.47212e-05 4.1018e-05 -2.36947e-06 7.88607e-07 0.00015744 -2.1153e-07 5.99304e-05 -4.13993e-06 -0.000345776 -6.83801e-07 3.12246e-05 -9.73449e-05 -1.89284e-05 -6.74322e-05 -1.55761e-06 1.66244e-06 -0.000596676 -1.58866e-05 -4.89109e-07 1.67836e-05 2.53523e-06 -7.6169e-05 2.78134e-05 9.67638e-05 0.00011357 -0.000741036 0.000204298 1.49266e-05 0.000327855 1.86431e-08 -1.9193e-05 0.000162056 8.28576e-05 -7.99578e-05 -5.68757e-06 0.000672312 0.000631229 1.17107e-05 -0.0005654 -0.000194839 0.000585819 9.83945e-06 -8.79961e-06 -0.000399107 -1.45452e-06 -0.000115867 -3.39089e-05 0.000140759 -4.96836e-06 3.17222e-06 -0.000499028 0.000769454 0.000117109 2.20292e-07 0.00022162 -3.41415e-05 -0.00045012 -3.8644e-07 0.000312707 -6.53851e-07 -9.01937e-05 -4.69172e-05 -0.000480195 -1.41571e-07 -8.73259e-05 4.52499e-06 -8.57385e-06 -6.20633e-05 3.23607e-06 1.17254e-06 -4.7358e-07 
-0.00476581 3.48487e-05 8.2676e-05 0.00262381 2.72945e-05 1.17315e-05 0.0126943 1.01555e-05 -9.57882e-07 0.000146973 0.00248088 5.43848e-05 -9.20745e-05 -0.000679938 0.00145146 -0.00500773 0.00340764 4.23314e-07 0.00218788 -0.00529839 -6.28574e-06 0.00170501 -0.000461818 4.99008e-05 -0.000668108 -2.47985e-06 2.23134e-05 -0.00421714 -0.000188542 0.00459428 0.000329393 -2.36857e-05 9.85236e-06 0.000310736 0.0010604 6.72083e-05 0.000110009 -0.00316678 1.25023e-05 -1.46107e-05 -0.00263209 0.000441017 -0.00471008 -6.47957e-06 1.75516e-05 -0.000992161 -0.000121781 1.06951e-05 -9.40717e-05 0.000384493 0.00346597 0.000368304 0.00277023 0.000183816 -0.00141238 0.000126172 0.000332113 -0.00297365 -1.1718e-07 0.00146004 0.000845219 9.18147e-05 0.00375116 0.000128645 -0.000818736 0.00158087 0.00286264 -0.00277898 -0.000918913 -0.00147792 4.45967e-05 0.00179871 -0.000696981 0.000593952 0.00284205 -0.000380233 0.0006844 -4.71825e-05 0.00403056 -0.00395013 -0.000876539 -0.0044774 -5.57682e-06 -9.73386e-05 0.00123798 -0.00450779 1.03308e-05 -0.00122529 3.11233e-05 -0.00091279 0.000862614 -0.000260293 0.000108086 0.00187983 -2.01732e-05 -0.000121568 -0.00504612 -0.000265748 -1.0161e-05 2.02686e-06 
-0.00140415 2.16607e-05 3.32815e-06 2.24047e-05 -2.2663e-07 -3.18688e-06 1.01555e-05 0.00315579 6.28468e-07 7.89583e-06 5.61067e-05 2.96785e-05 2.82581e-05 -0.000167773 -0.000610978 -5.4465e-05 0.000825296 -2.81407e-06 -0.000316348 -0.000766782 -1.03827e-06 0.00190026 1.97344e-06 -6.82708e-06 0.000805267 -6.10495e-07 -1.83394e-06 -0.00109367 -0.000154389 1.15667e-05 -6.31202e-06 -7.45171e-06 1.23433e-06 -1.689e-05 0.00029364 -3.68792e-06 6.14035e-05 -0.00109811 -1.75632e-06 5.43227e-07 -0.000249898 -3.98543e-05 -0.00112735 -6.64935e-06 -1.45829e-06 -0.000486229 0.000469991 1.07818e-05 1.00856e-06 -1.71863e-06 0.000161395 -1.36531e-06 -8.18417e-05 -9.29278e-07 0.000195635 0.000346806 2.89334e-05 -0.000627633 1.57015e-06 -2.97467e-05 0.0015069 -0.000146723 0.000160447 8.85395e-05 -0.000144558 0.000105971 1.51254e-05 -0.000142177 0.000926088 -0.000209821 -1.672e-06 0.000169026 0.000283145 5.66815e-05 0.00110882 0.000109273 -3.7335e-06 1.15856e-06 -0.000280052 -0.00128507 -0.000232192 -0.00105949 -1.44921e-06 -1.72101e-05 -5.23076e-05 0.000470458 -3.80295e-06 -0.000151122 1.92965e-05 0.000516923 4.37105e-05 -0.00087775 -4.3479e-07 0.000310537 -4.77088e-06 -2.25432e-05 -0.001284 -6.51154e-05 1.56125e-05 -9.49357e-07 
-2.39418e-05 2.11492e-07 -2.11606e-07 -1.17224e-05 3.65333e-07 2.63097e-06 -9.57882e-07 6.28468e-07 0.000144712 -2.09272e-07 -1.02765e-05 7.62707e-07 2.41317e-06 1.27553e-07 -4.97948e-05 -0.000115951 -6.27591e-05 2.81404e-07 2.90691e-05 1.57792e-05 -5.65983e-09 -1.3386e-05 0.000126304 0.000127653 0.000122813 2.45423e-07 2.0444e-06 5.39154e-05 -7.85812e-06 -6.45171e-06 3.4996e-07 -3.40674e-07 -5.7711e-08 6.51674e-06 -5.35742e-07 2.26419e-07 7.86146e-06 -4.04082e-06 -1.07421e-07 5.15783e-06 -5.1064e-05 -2.62813e-06 -9.5297e-05 6.1949e-09 -1.6232e-09 1.32091e-05 -3.27766e-06 -7.03225e-08 2.21199e-05 -1.56444e-07 -1.05639e-05 -2.56871e-07 1.31195e-06 5.09195e-06 -0.0001057 -1.95246e-05 -9.80601e-07 -4.28617e-05 2.68493e-06 8.99169e-07 -1.58625e-05 -4.50855e-06 -1.06801e-05 -6.66632e-07 7.74275e-06 2.73496e-06 -1.17222e-05 -8.90719e-05 8.82709e-05 -1.55394e-05 4.00639e-05 -1.02738e-06 -0.000104402 -3.0258e-07 -2.42263e-05 -5.92775e-06 -3.92127e-07 -8.03476e-07 -1.84183e-05 -8.98929e-05 0.000117786 -5.24544e-07 -7.61596e-08 9.35237e-05 6.83047e-05 -7.0777e-05 -1.92149e-07 0.000117542 -9.78426e-08 -2.11236e-05 1.08431e-05 -4.8295e-05 -2.32302e-08 -1.25981e-05 -6.14716e-08 -1.42394e-06 -4.87807e-05 -2.45594e-06 -1.27222e-06 -6.80898e-08 
-0.000602238 -6.17806e-07 -2.21706e-06 -0.000120928 -1.96457e-07 -1.4022e-06 0.000146973 7.89583e-06 -2.09272e-07 0.00144383 -0.000110896 8.66726e-06 0.000141507 -2.24201e-05 -0.000585713 0.000188886 -0.000650517 -1.37454e-06 -6.9687e-05 0.000224073 -2.42524e-07 0.000324427 0.000574451 -5.43069e-06 0.000658592 1.5345e-06 -1.49989e-08 0.000443227 -6.20373e-05 -0.000137904 7.86286e-06 -3.26341e-06 -5.76545e-07 4.00543e-05 -7.85636e-06 1.92017e-06 0.000130806 -0.000552294 -1.07315e-06 3.62708e-06 0.000717071 -2.7188e-05 -0.000141795 -2.34462e-06 -5.154e-07 -0.00105368 -1.85578e-05 6.4608e-06 1.49364e-05 -1.56291e-06 -2.30643e-05 -2.38953e-06 1.48796e-05 -6.13208e-07 8.77623e-06 -0.000206246 0.00012213 0.000447588 -8.49765e-07 -2.81219e-05 0.0011962 -7.35977e-05 -0.000114408 7.0977e-05 -3.74093e-05 -6.42631e-05 -0.00013067 -0.000825463 0.000331394 0.000260221 -1.19297e-06 -8.46952e-06 0.000143485 -2.74284e-06 -0.000280146 -5.91528e-05 -1.04169e-05 -8.0269e-06 -0.000275153 -0.00090413 0.000109165 0.000452011 7.45816e-07 -9.40703e-06 -7.2985e-05 -0.000671129 -1.91961e-06 0.00055938 -7.67469e-07 4.77057e-06 -9.16294e-05 -0.000734368 1.69913e-05 -0.000125731 -3.91252e-06 -1.42255e-05 0.000187451 -2.85186e-05 -1.65092e-05 -5.80231e-07 
-0.0351933 3.91175e-06 0.000524333 0.067341 6.06923e-06 -7.59081e-05 0.00248088 5.61067e-05 -1.02765e-05 -0.000110896 0.0708293 -5.25463e-05 -0.0008015 -0.00396632 -0.0216878 -0.065109 0.0400285 0.000535448 0.00276509 -0.0610334 -3.9896e-05 -0.00870017 -0.00292559 0.000709637 -0.00439734 -1.45136e-05 -3.60935e-05 -0.0441405 -0.00390641 0.0690602 0.000123642 5.76258e-06 -2.12257e-05 0.00463752 0.000327606 -0.000138719 -0.000594903 -0.0265498 0.00041626 -0.000115697 -0.0335351 0.0162988 -0.0488904 -4.89505e-05 -3.0967e-05 0.00915163 -0.00173826 2.2783e-05 0.000863603 0.000351065 0.0630855 3.44484e-05 0.0228002 6.89457e-05 -0.059072 -0.0106409 -0.00102777 -0.0272512 0.000292868 0.0178845 -0.00973964 -0.00412887 0.062042 0.00409662 -0.010803 -0.0022713 0.0690311 -0.0482207 -0.0177439 -0.00956608 -6.03975e-05 0.00398564 -0.0291657 -0.000111366 -0.0154685 0.00283842 -0.000463869 -0.000421521 0.0592366 -0.0491071 -0.00583793 -0.0498345 -4.02043e-05 -0.000674635 0.0411868 -0.0379105 0.000128614 -0.0074001 -5.12538e-05 0.0438546 0.0472906 0.0254087 6.61371e-05 0.0652324 -0.000258815 -0.000749569 -0.0509501 -0.00158986 -0.000884467 0.000207346 
-0.000593724 -6.17963e-07 0.000170801 0.000343707 -9.72629e-08 0.000127072 5.43848e-05 2.96785e-05 7.62707e-07 8.66726e-06 -5.25463e-05 0.00248545 -2.85598e-07 0.000311301 -0.00080609 -0.000427456 9.12523e-05 3.99026e-05 0.000125607 -0.0012407 -9.15859e-07 0.000483349 2.30013e-07 -4.22839e-06 -0.000103253 1.96174e-07 2.50198e-07 -0.000131497 -7.49005e-05 0.000691233 -3.08587e-06 -5.78823e-06 -6.63526e-07 0.000109691 0.000123849 2.94509e-05 3.79473e-06 -0.000730107 6.8524e-05 1.51726e-05 -0.000153767 0.000220152 -0.000441839 7.5831e-06 1.63076e-06 -0.0015786 0.000403122 2.62394e-05 -1.96364e-05 2.46234e-05 2.5094e-05 -2.3655e-06 7.29431e-05 1.69329e-06 -0.00127416 -0.000132702 -2.09339e-05 0.000320318 1.05141e-05 0.000486944 0.00104334 4.51462e-05 0.000277711 4.57748e-05 0.0011029 0.000220869 0.000567182 -0.00110997 -0.000217717 0.000881194 -1.28245e-06 0.00020234 0.000277281 4.10076e-05 4.12891e-05 -5.02761e-05 -1.94369e-05 1.92211e-05 0.000184351 -0.00152739 0.000444449 -0.0003729 -4.27797e-07 6.8308e-05 2.83608e-05 -0.000705547 8.98538e-06 -0.000208975 -1.68441e-06 0.000522513 0.000378079 -0.00117111 -3.9992e-07 0.00038784 2.92299e-05 -8.25063e-06 -0.000507616 -5.10651e-06 -2.37707e-05 -7.42203e-07 
0.00135255 -1.71475e-06 -8.1721e-06 -0.000861915 -4.04676e-07 2.36033e-05 -9.20745e-05 2.82581e-05 2.41317e-06 0.000141507 -0.0008015 -2.85598e-07 0.0103478 0.00216384 -0.00422396 0.001192 -0.00488259 -2.56872e-06 -0.00289352 -0.00487049 0.000154974 0.00362301 0.00674025 -3.6409e-05 0.00551589 8.43435e-05 -3.45112e-06 0.00421519 -0.000111583 -0.00094025 2.45968e-05 -1.53073e-05 -2.90633e-06 -4.17753e-05 -4.4068e-05 -1.75423e-05 2.3516e-05 -0.00380906 -4.4379e-06 0.000251979 0.00376121 -0.000194018 -0.00141992 -2.39519e-05 -2.99818e-06 -0.00681688 -0.000187712 3.21247e-06 5.43483e-05 4.40014e-06 -0.000848727 -1.26025e-05 -0.000266391 2.26152e-05 -0.0037984 -0.00115008 6.01381e-05 0.00462446 -3.87112e-06 -0.000150943 0.00825821 -0.00058992 -0.00073726 -7.20859e-05 0.00591514 -0.000296631 -0.000931101 -0.00640699 0.00138598 0.00257392 8.85556e-06 -9.47079e-05 -0.00703346 5.3045e-05 -0.00213947 -0.000378605 5.24395e-05 -5.66852e-05 -0.00201446 -0.00666213 -0.000316668 0.00347602 0.000195407 3.02639e-05 -0.000571715 -0.00501439 -7.90293e-06 0.00885758 -5.26588e-06 0.000728137 -0.000604754 -0.00541086 1.92493e-06 -0.00086829 -3.2341e-05 -7.71345e-05 0.00274844 -0.000198075 0.000352008 9.94379e-06 
0.0207336 1.42523e-05 0.000328083 -0.00408252 1.37082e-05 0.000107148 -0.000679938 -0.000167773 1.27553e-07 -2.24201e-05 -0.00396632 0.000311301 0.00216384 0.051824 -0.021845 0.00569933 -0.025298 4.0509e-05 0.0205405 -0.0147458 0.000475594 -0.0054715 -0.000284873 0.000516654 0.000808526 0.000178103 9.22829e-06 0.0224564 0.0133874 -0.00497464 -7.81242e-05 -0.000123583 -2.18064e-05 -0.000197334 -0.000298708 -0.00010231 -0.000189221 -0.0162523 -2.06182e-05 0.000574965 -0.00155046 -0.00101884 0.0147531 -5.93351e-05 2.6752e-05 -0.0262395 -0.00121849 -2.04341e-05 -0.00033153 6.49333e-05 -0.00397481 -9.24655e-05 -0.00142334 -1.93767e-05 -0.0406312 -0.00733926 0.000410802 0.0324093 -3.33885e-05 -0.00112538 0.0181856 0.00360112 -0.00421083 -0.000178014 0.0435603 0.00033918 -0.00321716 -0.0339079 -0.0109264 0.0340389 0.000131988 -0.00053523 -0.0280121 -1.43254e-05 -0.0113124 -0.00213688 -0.000353542 -0.000304387 -0.0108007 -0.0310363 0.0222631 0.0185626 6.65846e-05 0.00147743 -0.0016604 -0.0263516 -1.80898e-05 0.0310947 -3.50398e-05 0.00592237 -0.00322392 -0.0286388 2.72954e-06 -0.00459143 0.0025559 -0.000306699 0.0161177 -0.00110005 0.000990939 1.32884e-05 
-0.015532 -9.60863e-06 -0.000552443 -0.0241127 5.44882e-05 -0.000178242 0.00145146 -0.000610978 -4.97948e-05 -0.000585713 -0.0216878 -0.00080609 -0.00422396 -0.021845 0.241562 0.00275947 0.11592 -5.87403e-05 -0.0875279 0.0358649 -0.000212446 0.000354874 -0.0135795 -0.00139287 -0.01973 -7.85957e-05 -0.000236244 -0.107458 -0.00817012 -0.0183487 1.1579e-05 -0.000697246 -0.000141595 0.00245853 0.00151548 9.11625e-05 -0.00174068 -0.00338492 -0.000233383 -0.000528606 -0.0781784 -0.00729911 -0.0638117 -0.000593814 0.000109544 0.0341657 -0.00421889 -0.000163459 -0.00290862 -4.23291e-05 -0.01954 0.000147912 -0.00187251 0.000148033 0.0708871 0.0713007 -0.00195999 -0.0885202 -0.000111802 -0.00690102 -0.0459868 0.00615829 -0.0249164 0.00225011 -0.046894 0.000560741 -0.023794 0.048611 0.0718837 -0.0439917 0.000169229 0.00430018 0.0409755 0.000452373 0.0935516 0.0211836 0.00219716 0.00221173 0.0340061 0.103164 -0.0292706 -0.0793548 -0.000196809 -0.00238148 -0.0190138 0.0698208 0.000451367 -0.0391547 0.000316663 -0.0530997 -0.0164605 0.087152 -4.18945e-05 -0.0254793 -0.00126254 -0.00316017 -0.0838954 -0.00220973 0.0023656 -0.000183609 
0.0421888 -5.50042e-05 -0.000109794 -0.0701757 -9.05999e-05 -0.000180164 -0.00500773 -5.4465e-05 -0.000115951 0.000188886 -0.065109 -0.000427456 0.001192 0.00569933 0.00275947 0.117162 -0.0644717 -0.000407207 0.00850799 0.0628249 -0.000336338 0.0112411 0.00346547 -0.00201459 0.000483764 -0.000117941 -7.67369e-05 0.0700002 -0.00237467 -0.078594 -0.0012694 -9.59353e-06 4.97382e-05 -0.00499773 -0.00165972 -0.00127921 0.00103325 0.019421 -0.000566613 -0.000482595 0.0386371 -0.0161889 0.0732065 0.000196444 -1.85586e-05 -0.0184697 0.00133846 4.68579e-05 -0.00426211 -6.93348e-06 -0.0648399 -8.65187e-06 -0.0223961 -0.000226902 0.0585335 0.00916417 0.00113781 0.0457864 -0.000413403 -0.0174117 0.0190375 -0.00289054 -0.0680549 -0.00431144 0.0168326 -0.00543691 -0.0728161 0.058584 -0.00506747 0.0159526 -0.000558749 -0.00540321 0.0235058 0.000224215 0.00573122 -0.00758375 -0.00278761 0.000483402 -0.0967665 0.0430274 0.00705149 0.0724613 2.32705e-05 -0.00358209 -0.044364 0.0568649 -0.000471162 0.00494986 -0.000306275 -0.0421454 -0.053779 -0.0473955 1.85365e-05 -0.0696124 0.000510196 0.00105486 0.0745232 0.00261525 -6.08633e-05 -9.60862e-05 
-0.0844433 0.000100922 0.000521239 0.0438106 -5.06091e-05 -0.000405419 0.00340764 0.000825296 -6.27591e-05 -0.000650517 0.0400285 9.12523e-05 -0.00488259 -0.025298 0.11592 -0.0644717 0.249404 0.000358032 -0.114214 -0.0224369 -0.000244755 0.0222922 -0.0166811 -0.000693828 -0.0087152 -8.96144e-05 -0.000285012 -0.20793 -0.0142208 0.0500633 0.000607134 -0.000177322 -0.000179986 0.00258701 0.00273538 0.000908442 -0.00204034 -0.0185491 0.000299035 -0.000667031 -0.0960371 0.0098516 -0.147283 -0.000156256 3.62603e-05 0.0745592 0.00709083 0.000145146 0.000722909 0.0003313 0.042465 -0.000157051 0.0143002 -0.000179522 0.0189994 0.0735579 -0.00141122 -0.153984 0.00027975 0.0107473 -0.0497811 -0.0149796 0.0414235 0.00291354 -0.0619088 -0.00579934 0.0442643 0.0427561 0.0954805 -0.0587666 8.06856e-05 0.00514071 0.00912788 0.000824131 0.10669 0.0212156 0.00212244 0.00284536 0.0986946 0.0484108 -0.0355762 -0.162999 -0.000245091 -0.00233279 0.0262574 0.0497326 0.000506289 -0.0406769 0.000282214 0.00166132 0.0326504 0.124051 -5.72357e-05 0.0440532 -0.0016405 0.00341178 -0.165435 -0.00843539 0.00354879 4.04296e-05 
-0.00041467 6.15449e-06 0.000200308 0.000651958 -1.47936e-07 -6.73671e-07 4.23314e-07 -2.81407e-06 2.81404e-07 -1.37454e-06 0.000535448 3.99026e-05 -2.56872e-06 4.0509e-05 -5.87403e-05 -0.000407207 0.000358032 0.00100265 0.000271003 -0.00069384 2.0232e-05 -0.00011921 -3.78403e-05 2.42704e-06 -2.52284e-05 1.93765e-05 -2.60351e-08 -0.000423971 -5.13324e-06 0.0007372 2.35154e-06 -2.09909e-06 -4.00199e-07 0.000146752 -5.41854e-06 -8.17381e-07 -9.69588e-06 -0.000297618 1.64842e-06 1.51058e-05 -0.00035425 5.00446e-05 -0.000145143 -1.92036e-06 -4.19135e-07 -0.000758317 -2.05087e-05 -4.87655e-07 3.16402e-06 9.87847e-06 -3.87887e-05 1.48538e-06 0.000455299 8.27684e-07 -0.00073691 -0.000130128 1.03518e-05 -4.62385e-05 -5.42793e-07 1.64632e-05 6.26289e-05 0.000125166 5.11062e-06 5.16335e-05 0.000800862 0.000511636 0.000733968 -0.000630144 -0.000188034 3.09147e-05 7.49858e-06 1.65306e-05 -0.000105653 -2.09826e-06 -0.000204955 3.95374e-06 -2.70412e-06 -5.57174e-06 0.000522626 -0.000641047 3.54589e-05 -0.000501283 1.17252e-05 1.21895e-05 0.000142794 -0.000494388 0.000157634 -5.11609e-05 -1.85161e-07 0.000642603 1.30728e-05 -0.000512559 -6.10908e-08 1.04631e-07 2.86e-06 -9.6444e-06 -0.000544945 -1.63588e-05 1.05137e-05 0.000153178 
-0.0312891 -0.000176709 0.000219072 0.00550376 1.12295e-05 0.000359331 0.00218788 -0.000316348 2.90691e-05 -6.9687e-05 0.00276509 0.000125607 -0.00289352 0.0205405 -0.0875279 0.00850799 -0.114214 0.000271003 0.24891 -0.0343204 -0.000269316 -0.0169058 -0.00381948 0.000779094 -0.0204935 -0.000100992 0.00021336 0.115102 0.0160713 0.00220288 -0.000735277 -0.000654711 0.000132931 -0.00267581 -0.00204725 -0.000858062 0.00222232 0.0400187 -0.000370321 -0.000284504 0.0526371 -0.00462666 0.116768 0.000723225 4.56273e-05 -0.063743 -0.00699054 -0.00025555 -0.00330234 -0.000250858 -1.58664e-05 0.000311382 -0.00632325 5.59292e-05 -0.0594974 -0.0699162 0.00259398 0.0745599 -0.000193805 -0.00886593 0.0370872 0.019271 0.00622198 -0.00268323 0.0583227 0.0216049 0.00637191 -0.0904381 -0.120013 0.0496466 -0.000319496 -0.00481138 -0.0299673 -0.000974429 -0.0851154 -0.0216831 -0.00275264 -0.00287507 -0.0205007 -0.0879476 0.0317387 0.0651505 -4.9483e-05 -0.00118342 0.00657456 -0.0931416 -0.000311063 0.00548372 -0.000177752 0.0464458 0.00975545 -0.0728867 -5.23231e-05 0.00244191 0.00180277 -0.00160466 0.0979596 0.00874281 -0.00520108 0.000202352 
0.0380478 -0.000183819 -0.00113041 -0.0649965 -0.000109894 -0.000540435 -0.00529839 -0.000766782 1.57792e-05 0.000224073 -0.0610334 -0.0012407 -0.00487049 -0.0147458 0.0358649 0.0628249 -0.0224369 -0.00069384 -0.0343204 0.162494 -5.25977e-05 0.0117245 -0.00426329 -0.000413952 0.00506967 -4.05014e-05 -5.6432e-05 0.0227055 -0.0129756 -0.0717473 -0.000501322 0.000250241 6.14871e-05 -0.00537196 -0.00345351 -0.000104254 0.00131981 0.0651117 -0.00042988 -8.04733e-05 0.0171708 -0.0149625 0.0391632 0.000260906 9.03578e-05 0.0637063 6.18845e-05 -0.000246617 -0.000221639 -0.000853243 -0.0631542 -0.000942233 -0.0215615 -0.000330379 0.0977502 0.00986661 -0.00379001 -0.0205052 -0.000380559 -0.0162213 -0.0551462 -0.0142859 -0.0616185 -0.00519959 -0.0457355 -0.034151 -0.0709793 0.103423 0.0346779 -0.0185775 -7.65369e-05 -0.0073951 0.0253059 -0.00156269 0.020227 -0.00469917 -0.00210558 -0.00133773 -0.0587359 0.111528 -0.00134416 0.0438088 -0.000131876 0.000917791 -0.0413549 0.0588854 -0.000413328 -0.00154956 2.29138e-05 -0.0883441 -0.0484731 0.0220821 -0.000110334 -0.0643639 -0.00285439 0.00134049 0.0416964 -0.00735573 -0.00443266 -0.000337701 
0.000201897 8.50997e-06 -8.53937e-07 -3.82742e-05 -4.37188e-08 4.47102e-07 -6.28574e-06 -1.03827e-06 -5.65983e-09 -2.42524e-07 -3.9896e-05 -9.15859e-07 0.000154974 0.000475594 -0.000212446 -0.000336338 -0.000244755 2.0232e-05 -0.000269316 -5.25977e-05 0.00052248 -4.07692e-05 -2.34258e-06 -7.33988e-08 0.000378323 0.000113013 4.77268e-06 0.000122669 1.76933e-05 -4.99665e-05 2.53892e-05 -1.23046e-06 -2.08443e-07 -1.8127e-06 -1.62668e-06 -9.76092e-07 4.97568e-06 -0.000199808 -3.47986e-07 0.000369356 -0.000178503 -9.82947e-06 -0.000342502 -1.19918e-06 1.10898e-05 -0.000377423 -1.03058e-05 -1.53994e-07 1.52679e-05 -5.65049e-07 -4.31675e-05 -9.27776e-07 -1.45382e-05 -2.21698e-07 -0.00039665 3.7086e-05 -7.16883e-06 -2.34383e-05 -2.97991e-07 -1.0983e-05 1.97572e-05 -2.55161e-05 -2.90661e-05 -3.67191e-06 0.000402753 -2.73183e-05 -4.67681e-05 -0.000323079 0.000242829 0.000341542 4.72054e-05 -4.41587e-06 -0.000396202 9.70462e-07 -0.000105247 2.80659e-06 -2.30573e-06 -2.64869e-06 -0.000105481 -0.000329667 0.000290108 0.000176617 3.36183e-05 0.000377887 6.79645e-06 -0.000256065 -6.94011e-07 0.000466767 -3.53392e-07 -7.62473e-05 -9.60169e-06 -0.000273511 -8.39037e-08 -4.46756e-05 -2.03998e-06 -2.05639e-06 -0.000339624 -1.12713e-05 0.000444376 -1.49263e-07 
-0.036534 0.000290789 0.000399309 -0.0083803 -1.64284e-05 -0.000111689 0.00170501 0.00190026 -1.3386e-05 0.000324427 -0.00870017 0.000483349 0.00362301 -0.0054715 0.000354874 0.0112411 0.0222922 -0.00011921 -0.0169058 0.0117245 -4.07692e-05 0.107352 0.0020871 -0.00043099 0.00729413 2.95666e-05 -8.35945e-05 -0.0235329 -0.0054077 -0.00802588 8.59037e-05 -0.000217643 -2.14941e-05 0.000102085 0.00166658 5.03835e-05 0.00079613 0.0161809 3.17202e-05 2.1738e-05 -0.00236996 -0.0022115 -0.0056995 0.000891487 -5.46357e-05 0.0052637 0.00544823 0.000369521 -0.000468016 0.000330131 -0.00294266 0.000166695 -0.00206666 -2.79789e-05 0.0222532 0.00998938 -0.000420858 -0.0275473 -1.62523e-05 -0.00177662 0.00532053 -0.00695254 -0.00760324 0.00115838 -0.0141636 -0.00572094 -0.00903469 0.0264723 0.00944997 -0.012486 7.88579e-05 0.00209633 0.0157153 0.00151813 0.0293918 -0.00188729 -0.000631523 0.000569663 -0.0163974 -0.00810216 -0.00921034 -0.0227146 -3.27821e-06 -0.000655023 -0.00481466 0.00893873 -0.000142753 -0.00244817 8.44511e-05 -0.0125542 -0.00594833 -0.00870567 5.09451e-05 -0.00560794 -0.000454669 -0.000807066 -0.0160283 -0.00226727 -0.000583402 -5.42885e-05 
0.00398854 -1.42887e-05 -5.1024e-05 -0.00317206 -4.69091e-06 6.79851e-05 -0.000461818 1.97344e-06 0.000126304 0.000574451 -0.00292559 2.30013e-07 0.00674025 -0.000284873 -0.0135795 0.00346547 -0.0166811 -3.78403e-05 -0.00381948 -0.00426329 -2.34258e-06 0.0020871 0.0368057 0.00129013 0.0223218 1.539e-05 7.9491e-05 0.0149917 -0.000645606 -0.00362939 0.00031482 5.80425e-05 1.81534e-05 -0.000234472 -0.000198817 1.03679e-05 0.000545827 -0.0108219 -2.80141e-05 4.86979e-05 0.00118473 -0.000718469 -0.00476654 -3.50915e-05 -1.74641e-05 -0.0153536 -0.000511186 -3.50797e-06 0.00121605 -1.51201e-05 -0.00315668 -4.80316e-05 -0.00107981 -8.7603e-06 -0.0116734 -0.00524399 0.000169618 0.0175406 -1.87226e-05 -0.000702611 0.0201557 -0.00184615 -0.0030062 -0.000244244 0.0113323 -0.000183379 -0.00317398 -0.0218764 0.00991582 0.00947791 5.45846e-05 -0.000375924 -0.0160398 -7.26181e-05 -0.00753483 -0.00152167 0.0002343 -0.000208505 -0.00711815 -0.0189458 0.0022806 0.0114901 0.000100102 0.000858919 -0.00179025 -0.0176257 -5.17455e-06 0.0279703 -2.07515e-05 0.00589656 -0.00239142 -0.0128157 -5.28251e-06 -0.0032284 -3.33186e-05 -0.000350825 0.0114313 3.37641e-05 -0.000424701 0.000152429 
0.000443053 -4.88133e-07 5.08367e-05 0.000718722 5.01306e-06 1.06158e-05 4.99008e-05 -6.82708e-06 0.000127653 -5.43069e-06 0.000709637 -4.22839e-06 -3.6409e-05 0.000516654 -0.00139287 -0.00201459 -0.000693828 2.42704e-06 0.000779094 -0.000413952 -7.33988e-08 -0.00043099 0.00129013 0.00374177 0.00128106 4.52383e-07 7.71827e-05 0.000476892 -0.000121042 0.000667988 8.35884e-06 1.68161e-05 -1.49762e-06 -8.00967e-06 -1.78934e-05 -3.19696e-07 0.000107008 -0.00046017 4.73573e-06 8.29077e-05 -0.00155122 3.48039e-05 -0.00150185 0.000104912 4.24287e-05 0.000443821 -7.95761e-05 -1.09156e-06 0.000930686 4.60357e-06 0.000575628 -4.21255e-06 3.48908e-05 5.90714e-06 -0.00279889 -0.000514331 -4.1735e-05 0.000139929 6.01616e-06 -4.45106e-05 -0.000488063 -0.000192554 0.000594914 -9.69861e-06 0.000508881 -5.72552e-05 0.00070679 -0.00229904 0.000157681 9.65491e-05 6.30712e-05 -1.82694e-05 -0.00277421 -7.16873e-06 -0.00074078 -0.000134824 -4.05576e-06 -2.08505e-05 0.000223978 -0.00208817 0.00205875 -9.521e-05 1.47363e-06 0.0013706 0.000967332 -0.00181237 5.697e-06 0.0017149 -2.53905e-06 6.89044e-05 0.000600436 6.68798e-05 -6.02831e-07 0.000466502 5.01645e-06 -3.09118e-05 -0.000284889 -1.66981e-05 2.98186e-05 2.3493e-05 
0.0111919 6.95748e-05 -2.99798e-05 -0.00457029 -7.93972e-06 -2.79972e-05 -0.000668108 0.000805267 0.000122813 0.000658592 -0.00439734 -0.000103253 0.00551589 0.000808526 -0.01973 0.000483764 -0.0087152 -2.52284e-05 -0.0204935 0.00506967 0.000378323 0.00729413 0.0223218 0.00128106 0.0541802 0.000142771 5.78729e-06 0.00452653 0.00221307 -0.00525895 0.000497915 7.04221e-05 -8.77145e-06 -0.000352126 -0.000206699 0.000563894 2.21515e-05 -0.0180368 3.68917e-05 0.000523792 -0.00739133 -0.00107881 -0.0228594 -0.000119213 -1.74028e-05 -0.00904245 0.00222949 0.0001499 0.00411418 -2.58425e-05 -0.00460434 -8.77064e-05 -0.00161409 -1.96257e-05 -0.0046157 -0.00181153 -0.000664423 0.011804 -2.39575e-05 -0.00111321 0.0183646 -0.0026582 -0.00343497 -0.000300929 0.00714367 -0.00294936 -0.00495077 -0.0160458 0.0298614 0.00358558 0.000226121 -0.000481615 -0.0141896 -2.86712e-05 -0.00125032 -0.00199801 0.000393395 -0.000212845 -0.0093412 -0.011967 3.84307e-05 0.00499316 0.000127248 0.00369298 -0.00280272 -0.0139789 -5.98571e-05 0.0353859 -1.35308e-05 -0.00444591 -0.00360108 -0.00617523 -8.72315e-06 -0.0038539 -0.000152134 -0.000486297 0.00223746 -0.00106269 0.00101271 2.66897e-05 
-1.02392e-05 3.25609e-05 -3.04137e-07 -8.05047e-06 4.90936e-09 -1.94123e-07 -2.47985e-06 -6.10495e-07 2.45423e-07 1.5345e-06 -1.45136e-05 1.96174e-07 8.43435e-05 0.000178103 -7.85957e-05 -0.000117941 -8.96144e-05 1.93765e-05 -0.000100992 -4.05014e-05 0.000113013 2.95666e-05 1.539e-05 4.52383e-07 0.000142771 0.000192803 2.51819e-06 -2.19498e-06 9.45335e-06 -1.80479e-05 3.10825e-05 -4.53908e-07 -7.6893e-08 -1.16557e-06 -1.05135e-06 -3.60073e-07 -1.82219e-06 -7.26531e-05 2.06769e-05 0.000131772 -3.13147e-05 -3.62602e-06 -0.000120967 -4.66962e-07 1.96805e-07 -0.000119781 -4.34598e-06 -9.36965e-08 -1.47466e-06 -2.08443e-07 -1.56271e-05 -3.4225e-07 -5.46017e-06 -8.17828e-08 -0.000145632 -1.52097e-05 -2.46109e-06 6.54007e-06 1.44434e-08 -3.07155e-06 4.99767e-06 -1.04046e-05 -1.00013e-05 -1.35454e-06 0.00014366 -1.68189e-06 -1.63293e-05 -0.000119013 7.79938e-05 3.60626e-05 6.84142e-05 -1.91623e-06 -0.000149882 -4.03153e-07 -3.96843e-05 -5.71803e-06 -1.50843e-06 -1.07054e-06 -3.71509e-05 -0.000116067 2.27619e-05 5.54626e-05 4.25552e-05 0.00010384 5.07175e-05 -9.44223e-05 -2.12682e-07 0.000170914 -1.30364e-07 -2.12463e-05 1.52962e-05 -0.000100595 -3.09515e-08 -1.63321e-05 4.07977e-08 -1.50057e-06 -0.000109061 -4.19604e-06 8.66997e-05 -9.07216e-08 
-0.000226297 -2.92058e-07 6.31471e-06 -1.04324e-05 2.02258e-06 4.25192e-06 2.23134e-05 -1.83394e-06 2.0444e-06 -1.49989e-08 -3.60935e-05 2.50198e-07 -3.45112e-06 9.22829e-06 -0.000236244 -7.67369e-05 -0.000285012 -2.60351e-08 0.00021336 -5.6432e-05 4.77268e-06 -8.35945e-05 7.9491e-05 7.71827e-05 5.78729e-06 2.51819e-06 0.000683066 0.000219415 -2.17172e-05 -4.11169e-05 1.54224e-06 -1.48557e-06 -2.72552e-07 -4.21458e-06 -3.63657e-06 1.1337e-06 2.15225e-05 -0.000260539 7.43935e-06 2.70532e-05 -5.53914e-05 -6.95266e-06 7.69468e-05 -6.91843e-07 1.48854e-05 -0.000284687 -1.43243e-05 -1.45446e-07 1.36773e-05 -7.18838e-07 -4.25834e-05 -2.66459e-07 -1.14206e-05 2.85345e-06 -0.000520941 -9.29696e-05 6.62158e-05 0.000251925 -4.33228e-07 -5.24291e-07 0.000104484 -2.79129e-05 -4.0341e-06 -4.27125e-06 0.000460125 0.000227946 -3.47681e-05 -0.000425769 -7.15837e-05 0.000451433 1.03194e-05 -6.53186e-06 -0.000468184 -1.429e-06 -0.000127165 -2.53084e-05 1.13866e-05 -3.79458e-06 -4.40587e-05 -0.000395938 0.000569399 0.000167992 1.52032e-06 0.000119299 0.000159106 -0.000326489 -9.07463e-07 0.000187651 -4.62082e-07 0.000348415 -3.76705e-05 -0.000320832 -1.09709e-07 -4.57671e-05 8.47926e-06 5.31513e-06 7.1508e-05 9.25022e-06 2.39584e-05 -3.21568e-07 
0.062917 -0.000238081 -0.000375018 -0.047589 8.70464e-06 0.000390839 -0.00421714 -0.00109367 5.39154e-05 0.000443227 -0.0441405 -0.000131497 0.00421519 0.0224564 -0.107458 0.0700002 -0.20793 -0.000423971 0.115102 0.0227055 0.000122669 -0.0235329 0.0149917 0.000476892 0.00452653 -2.19498e-06 0.000219415 0.243438 0.0113059 -0.0548967 -0.000888317 9.17054e-05 0.000128919 -0.00310716 -0.00315343 -0.00097624 0.0016158 0.0339807 -0.000412769 0.00031816 0.110831 -0.0109239 0.16182 7.0925e-05 -0.000173224 -0.0723717 -0.00897392 -0.000273148 -0.00176865 -0.000473671 -0.0462529 0.000141611 -0.016078 1.2263e-06 -0.00956953 -0.0795945 0.0023443 0.143121 -0.00029235 -0.0119083 0.0495961 0.0120731 -0.0461812 -0.00346276 0.0607569 0.00643495 -0.0482095 -0.039298 -0.106652 0.0517117 -0.000227335 -0.00585646 -0.0264645 -0.00103808 -0.116378 -0.0235521 -0.00259343 -0.00321137 -0.102032 -0.0404062 0.0317767 0.169656 0.000204063 0.00117656 -0.0290693 -0.055464 -0.000553951 0.0344083 -0.00032122 -0.00142743 -0.0355425 -0.12805 -6.40138e-05 -0.0496663 0.00158982 -0.0027926 0.17802 0.0070014 -0.00444606 -6.60554e-05 
0.0153345 -1.78566e-05 -1.6175e-05 -0.00429392 -3.95013e-06 8.63101e-05 -0.000188542 -0.000154389 -7.85812e-06 -6.20373e-05 -0.00390641 -7.49005e-05 -0.000111583 0.0133874 -0.00817012 -0.00237467 -0.0142208 -5.13324e-06 0.0160713 -0.0129756 1.76933e-05 -0.0054077 -0.000645606 -0.000121042 0.00221307 9.45335e-06 -2.17172e-05 0.0113059 0.0515923 -0.00246415 -7.41549e-05 -6.7941e-05 -2.17593e-05 -0.000312652 0.000246794 -9.63008e-05 -0.000456401 0.0036165 -1.61651e-05 -6.82179e-05 -0.00155397 -0.000804597 0.0118071 -5.98617e-05 4.85214e-05 -0.0257752 -0.000912661 -2.65144e-05 0.000812325 -4.90288e-05 -0.00445781 0.00035607 -0.00142665 -1.64797e-05 -0.0158133 -0.00782347 -4.68199e-05 0.0209113 -2.61003e-05 -0.00112803 0.0101417 0.00331109 -0.0013915 -0.0003663 0.014343 0.00574405 -0.00225392 -0.0331338 -0.00631598 0.0132867 -3.01139e-05 -0.000406917 -0.00303983 6.19522e-06 -0.00973441 -0.00133378 -0.000400087 -0.000291572 -0.00100732 -0.0172227 0.00610346 0.00577023 6.24809e-07 -6.19835e-05 -0.0026149 -0.0254806 4.87489e-05 0.0103613 0.000189459 0.00539943 -0.00223178 -0.0125499 -8.69203e-06 -0.00246275 0.00165627 -0.00041391 0.0121425 0.00257512 0.000150385 -1.56725e-05 
-0.0433207 1.01683e-05 0.000646556 0.0735966 3.21585e-05 -6.47212e-05 0.00459428 1.15667e-05 -6.45171e-06 -0.000137904 0.0690602 0.000691233 -0.00094025 -0.00497464 -0.0183487 -0.078594 0.0500633 0.0007372 0.00220288 -0.0717473 -4.99665e-05 -0.00802588 -0.00362939 0.000667988 -0.00525895 -1.80479e-05 -4.11169e-05 -0.0548967 -0.00246415 0.0870294 0.000716617 -3.51606e-05 -2.10469e-05 0.00537076 0.001924 -3.95598e-05 -0.000735881 -0.0296487 0.000509277 -0.00014391 -0.0354101 0.0169897 -0.0613084 -9.88797e-05 -4.17991e-05 0.00781546 -0.00175128 7.99815e-05 0.00113931 0.000782254 0.0695201 0.000239055 0.0242168 0.000272931 -0.064363 -0.0113453 -0.00106695 -0.0343019 0.000464385 0.0184513 -0.0107892 -0.00251629 0.070525 0.00500842 -0.012371 -2.00852e-05 0.0777779 -0.0554771 -0.0149172 -0.0120845 -3.00601e-05 0.00659409 -0.0266317 9.55166e-05 -0.0127462 0.00494619 -0.000311271 -0.000510883 0.0735038 -0.0572741 -0.00720678 -0.062267 -4.69724e-05 -0.000843076 0.0462304 -0.0447589 0.000329356 -0.00862955 -4.908e-05 0.0492576 0.0564764 0.029451 8.99429e-05 0.0724182 -0.000255968 -0.000940722 -0.064222 -0.00193124 -0.00109586 0.000218351 
-0.000710308 4.66916e-06 2.07113e-05 1.84298e-05 3.37005e-05 4.1018e-05 0.000329393 -6.31202e-06 3.4996e-07 7.86286e-06 0.000123642 -3.08587e-06 2.45968e-05 -7.81242e-05 1.1579e-05 -0.0012694 0.000607134 2.35154e-06 -0.000735277 -0.000501322 2.53892e-05 8.59037e-05 0.00031482 8.35884e-06 0.000497915 3.10825e-05 1.54224e-06 -0.000888317 -7.41549e-05 0.000716617 0.00229806 -2.80834e-06 6.92156e-06 0.000174427 3.23557e-06 0.000600119 -1.4993e-05 -0.000279476 8.38712e-06 4.16973e-05 -0.000127605 0.000104299 -0.0015011 -5.46759e-06 1.63462e-06 -0.000136154 4.37581e-05 -3.62484e-07 0.000287636 0.000217607 0.000303198 0.000316289 0.000254638 0.000207743 -0.000102744 -3.39773e-05 -1.13018e-07 -0.000673343 3.29034e-05 1.76766e-05 0.000175808 0.000429981 6.73873e-05 -1.05459e-05 -0.00023744 0.000460706 6.32338e-05 -0.000712332 0.00084125 -0.000161839 1.44962e-05 0.000163977 -0.000855637 3.33124e-06 4.59146e-05 -3.99374e-05 0.000512376 2.05597e-05 0.00110362 -0.000430128 2.5175e-06 -0.000995002 1.24846e-05 6.66085e-05 -6.00843e-05 -0.000979526 8.87061e-08 0.000475141 2.23621e-06 -9.15667e-05 0.000245904 0.000204006 0.000108017 3.77806e-05 9.59139e-06 7.77353e-05 -0.00125208 3.14074e-06 -5.59282e-06 9.63049e-07 
0.000358996 6.77607e-07 3.58495e-06 -8.86429e-06 -3.46943e-07 -2.36947e-06 -2.36857e-05 -7.45171e-06 -3.40674e-07 -3.26341e-06 5.76258e-06 -5.78823e-06 -1.53073e-05 -0.000123583 -0.000697246 -9.59353e-06 -0.000177322 -2.09909e-06 -0.000654711 0.000250241 -1.23046e-06 -0.000217643 5.80425e-05 1.68161e-05 7.04221e-05 -4.53908e-07 -1.48557e-06 9.17054e-05 -6.7941e-05 -3.51606e-05 -2.80834e-06 0.00234827 4.45811e-06 -1.6149e-05 -1.28094e-05 7.05494e-06 -2.34396e-06 0.000942483 -1.41699e-06 -3.00234e-06 -0.000561153 -1.91726e-05 0.000133903 1.47636e-05 1.46835e-06 0.000462912 3.60568e-05 -9.5366e-07 0.000333919 -2.35425e-06 -3.04672e-05 -4.17417e-06 3.52465e-05 -1.28242e-07 0.000244401 -0.000329425 -3.28996e-05 -0.000552195 1.09081e-05 0.00014652 -0.000303783 -2.2192e-05 -0.00015238 -1.61235e-05 -0.000373818 -0.00013359 -2.6398e-05 0.000173564 -0.000199904 -0.000213697 -1.62537e-06 -2.31124e-05 -0.0011137 -3.61422e-06 -0.000467157 -4.44034e-05 -4.59185e-06 -1.1087e-05 -0.000142435 0.000318372 -0.000167018 9.3075e-05 -1.05192e-06 2.9337e-05 -0.000131732 4.64646e-05 7.24174e-06 -6.59615e-05 -2.2122e-07 -0.000347018 -0.000141081 0.000891081 -3.77794e-07 -8.5068e-06 -8.75879e-06 0.000325436 0.000328988 -4.32169e-05 4.80219e-06 -1.08068e-06 
-0.000178657 -1.70372e-07 -6.13108e-07 -3.3443e-05 1.59123e-06 7.88607e-07 9.85236e-06 1.23433e-06 -5.7711e-08 -5.76545e-07 -2.12257e-05 -6.63526e-07 -2.90633e-06 -2.18064e-05 -0.000141595 4.97382e-05 -0.000179986 -4.00199e-07 0.000132931 6.14871e-05 -2.08443e-07 -2.14941e-05 1.81534e-05 -1.49762e-06 -8.77145e-06 -7.6893e-08 -2.72552e-07 0.000128919 -2.17593e-05 -2.10469e-05 6.92156e-06 4.45811e-06 0.000398581 7.11168e-06 -1.0439e-06 -7.44533e-07 0.000182138 0.000216868 1.00406e-06 1.57097e-07 0.000173232 -5.89428e-06 9.89953e-05 -8.32216e-07 5.55945e-07 4.2693e-05 -4.24498e-06 6.87293e-06 1.87193e-07 1.3469e-05 -2.1073e-05 1.51257e-05 6.05988e-06 1.08876e-05 7.2499e-05 -5.67849e-05 -5.55178e-06 -0.00014295 5.31061e-06 1.52918e-06 -3.72432e-05 -1.90099e-05 -3.03995e-05 -2.29748e-06 -6.07265e-05 -2.24809e-05 -2.87931e-05 0.00013123 -8.00723e-05 -3.90525e-05 -3.28986e-07 1.32573e-06 -0.000220951 5.85306e-06 -7.24326e-05 -1.57543e-05 3.09099e-06 -1.67024e-06 -7.46861e-05 -8.2814e-06 -3.00204e-05 4.44585e-05 -5.64863e-08 -3.51617e-06 -2.29053e-05 -6.88626e-05 -4.42703e-07 -3.04354e-05 -2.69556e-07 -5.9977e-05 -2.44166e-05 -7.67211e-05 2.09933e-06 -3.42477e-05 -1.5527e-06 9.72037e-06 0.000102297 -9.99582e-07 -4.47777e-06 2.41277e-09 
