8.01669e-05 -1.69406e-09 5.57483e-05 -2.98164e-06 7.60253e-07 -4.95853e-05 -5.28288e-06 -1.76418e-05 2.77892e-05 -1.29058e-06 -4.35806e-05 -1.54644e-05 6.37604e-05 -1.03696e-06 2.02804e-05 -5.37585e-05 -1.72367e-06 -7.80343e-06 -1.91814e-06 -1.31285e-07 3.93303e-05 -4.19467e-05 -6.69971e-06 -1.34885e-05 -1.2185e-05 -1.47714e-05 1.02655e-05 -8.72482e-06 2.43304e-05 -2.63381e-05 5.90874e-05 -2.75165e-06 -6.42707e-06 -5.08058e-05 -1.59117e-06 -2.20396e-09 -5.76214e-06 -1.36865e-05 -3.84562e-05 1.99163e-05 -4.62424e-05 6.37569e-05 6.69621e-05 5.59539e-06 -6.31241e-06 -3.05039e-05 4.07233e-05 -2.74215e-06 -1.31299e-06 -1.32898e-05 -9.32815e-06 -2.66008e-07 -1.15849e-05 8.7338e-06 -1.4629e-07 -5.52043e-05 6.73368e-06 -2.54534e-08 -1.10794e-05 3.24649e-05 -1.34572e-07 -8.19257e-08 -3.67156e-05 -4.68521e-05 6.78906e-05 1.61159e-06 -1.46173e-05 -4.56935e-05 -3.10531e-06 -9.67275e-08 -1.92397e-07 -2.87971e-05 -5.92113e-06 3.89411e-05 -4.2458e-05 4.19629e-06 -1.58944e-08 1.25124e-05 -9.47555e-06 1.1783e-06 -8.83781e-07 -6.8716e-07 -4.70328e-06 -3.74e-07 2.05545e-08 5.05516e-05 -1.85593e-06 -5.71093e-07 3.10048e-05 2.2657e-05 -5.85446e-05 5.44229e-05 5.09655e-07 1.51748e-05 -8.20944e-06 -1.17616e-06 2.17986e-05 -8.18012e-07 -1.42865e-06 -1.59067e-06 
-1.69406e-09 2.11296e-05 7.47926e-06 3.91465e-07 7.55988e-08 -8.06866e-06 -6.91933e-07 -7.43e-07 3.25112e-06 -6.63216e-08 -1.23676e-05 -4.16706e-06 5.96842e-06 6.8412e-06 1.31588e-06 -9.61458e-06 -4.36606e-07 -2.16846e-06 -5.12562e-07 -3.46007e-08 2.66333e-06 -1.17647e-05 7.11913e-06 -2.89092e-06 5.47594e-06 -3.08869e-08 9.57238e-06 2.59742e-07 3.57119e-06 -5.52837e-06 3.27643e-06 -7.47014e-07 5.59427e-07 -1.42467e-05 -4.19358e-07 -5.80864e-10 3.74883e-06 -7.64645e-07 -1.06292e-05 7.72731e-07 -1.22611e-05 5.68943e-06 1.56717e-05 1.21425e-06 -1.9129e-06 -1.13579e-06 2.75375e-06 -3.06423e-07 -3.46045e-07 -1.11258e-06 -1.63798e-06 4.32421e-06 6.62038e-06 -4.60387e-06 -4.22501e-08 -1.37432e-05 2.17563e-06 -6.70835e-09 4.21916e-06 8.33567e-07 5.91453e-06 -2.15918e-08 -1.05947e-05 -1.0109e-05 4.60239e-06 1.47016e-06 -1.51577e-06 -3.33225e-06 -5.5317e-07 4.11737e-08 5.54368e-06 -4.90349e-06 -9.37847e-07 3.52063e-06 -1.08148e-05 6.00884e-07 -4.18902e-09 1.92143e-06 -1.65399e-06 -1.80932e-08 1.63594e-06 2.26236e-07 -7.12204e-07 4.95476e-06 2.5033e-06 1.02989e-05 -1.64329e-07 -2.08753e-08 6.38193e-07 2.48839e-06 -1.49758e-05 6.46781e-06 -1.94183e-08 2.14584e-06 6.81489e-07 -2.03571e-07 4.58088e-07 -2.1559e-07 -2.16527e-07 9.03875e-07 
5.57483e-05 7.47926e-06 0.0651669 -0.00244604 0.000155858 -0.0286747 -0.00233568 -0.0155967 0.0108037 -0.0034354 -0.0269305 -0.0136154 0.0529161 -0.000964284 0.0337419 -0.0339193 -0.00154401 -0.00235561 -0.00136539 -7.01935e-05 0.0323716 -0.0304186 -0.000530665 -0.0123109 -0.00964852 -0.00939838 0.0265873 0.0049942 0.0175754 -0.0218155 0.0271236 -0.00247346 -0.00444526 -0.0469366 0.00573599 1.81023e-06 -0.0047107 -0.00351613 -0.0306127 0.00310291 -0.0307622 0.0565351 0.0473623 0.015835 -0.00545182 -0.0270333 0.020124 -0.000422197 0.00631629 -0.0101708 -0.00360267 0.000587378 -0.00634834 -0.00194524 0.000522769 -0.0510915 0.00680362 4.8955e-05 -0.0102091 0.00887121 -7.52029e-05 2.66106e-05 -0.0255892 -0.0406054 0.0512906 0.00133805 -0.0112742 -0.0253795 -0.00274654 0.000851569 -0.00104571 -0.0205226 0.00327225 0.0502582 -0.0268547 0.000490287 0.000126837 0.00760511 -0.00655547 4.49452e-05 -0.000631013 -0.000484701 -0.00158381 -0.000325235 2.21203e-05 0.0333588 -0.00126734 -0.000313545 0.0275442 0.0132392 -0.0531517 0.037374 1.58826e-05 0.0125806 -0.00487155 -0.00119159 0.00194193 -0.000576426 -0.0012482 -0.00132655 
-2.98164e-06 3.91465e-07 -0.00244604 0.0381097 -4.02651e-05 0.00998042 0.0221243 0.0272317 -0.000468784 0.00517814 -0.0205982 0.00218507 0.0258408 -0.000587774 0.0103106 -0.0188314 0.00108825 -0.00484219 -0.000626644 3.37158e-05 0.0252541 -0.0206811 -0.000786861 -0.00711723 -0.00691895 -0.00487752 -0.00144617 -0.00392156 -0.00104042 -0.00899454 -0.00310955 -0.00138137 -0.00236391 -0.0270401 -0.00048229 5.6524e-06 -0.00403704 0.019806 -0.0196799 0.0313935 -0.00280602 0.0157047 -0.00288733 0.00081547 -0.00370476 -0.0159187 -0.00120354 0.0026552 0.000217145 -0.00632409 0.0240962 -0.000190507 -0.00459082 -0.00680208 -2.98509e-05 -0.0263639 -0.000292551 -9.74239e-06 -0.00632921 3.42712e-05 -6.56276e-05 0.000450648 -0.0196652 -0.0136916 -0.00246149 1.02797e-05 -0.00704289 -0.00409389 -0.00155475 -4.67386e-05 -0.000749693 0.0212716 -0.00229787 -0.00220821 -0.0217676 -6.35559e-05 1.32092e-05 0.000695563 0.0284905 -9.91569e-05 0.00160151 0.0010152 0.0067953 -0.000180591 -5.34199e-06 -0.00849791 -0.00103314 0.000785091 -0.00631298 -0.000578509 -0.023365 -0.00193115 4.25669e-05 0.0319129 0.00197723 -0.000586322 0.000165338 -0.000392867 -0.000630941 0.00180653 
7.60253e-07 7.55988e-08 0.000155858 -4.02651e-05 0.00256797 0.000601683 -2.44103e-05 -0.000280308 -8.35919e-06 -0.00010139 -0.00141181 -0.000500384 -2.72716e-05 9.18921e-05 0.00200305 -0.00175548 0.000275212 -0.000312488 1.41732e-05 -2.91928e-06 -0.000398793 -0.00143443 -0.000219597 -0.000461629 -0.000423676 0.00166457 -9.14567e-05 0.00193598 -1.65213e-05 0.00126868 -8.3351e-05 -7.56883e-05 0.00181842 -0.00176925 -3.49969e-05 1.23589e-06 -0.000256287 0.00197382 -0.00132144 -0.000121483 -0.00124338 -0.000283015 -7.83645e-05 -9.01513e-05 -0.000238512 -0.00103575 -7.83178e-05 0.0011319 -5.16402e-06 0.00112015 0.00219495 -8.89517e-06 -0.0004055 -0.000535989 -5.19413e-06 -0.00192412 -1.67874e-05 -6.0405e-07 -0.000422756 -3.50959e-05 4.18851e-06 -2.63087e-06 -0.00128958 -0.000650289 -8.97046e-05 -2.74525e-06 0.00172509 -0.0014068 -9.80752e-05 -2.7762e-06 -4.91026e-05 0.00140065 -0.000159758 -0.000107604 -0.00137129 -2.5718e-06 -5.10414e-07 -8.94305e-05 0.000328093 0.000183526 -3.08107e-05 1.74917e-05 -8.39304e-05 1.74731e-05 -4.10365e-07 -0.000615143 0.00148071 -1.88558e-05 -0.000409682 -3.01521e-05 -0.00197022 -0.000100685 3.92397e-06 0.000207683 0.00214716 -4.41962e-05 -1.15586e-05 -2.58087e-05 -4.33148e-05 -4.74368e-05 
-4.95853e-05 -8.06866e-06 -0.0286747 0.00998042 0.000601683 0.188337 0.0161123 0.0523847 -0.00735573 0.0216399 0.123624 -0.0789377 -0.0189891 -0.00597506 -0.000482716 0.0577436 0.00273381 -0.0906379 -0.00758173 0.000324091 -0.0931625 0.116375 0.0194903 -0.120951 -0.123791 -0.0300812 -0.0270541 0.0196683 -0.0139707 0.0716289 -0.0442127 0.00157313 0.0201108 -0.00101455 -0.0111285 2.94203e-06 -0.0758988 0.0424437 0.103694 0.00792677 0.124053 -0.023436 -0.0564406 -0.0109151 -0.0697082 -0.0859094 -0.0224886 0.00814482 0.00287305 -0.0318487 0.0279343 0.000736972 -0.0719377 0.0520069 0.00010453 0.0100917 -0.0041011 8.15687e-06 -0.120355 -0.00889343 0.000154305 0.000168898 0.10209 0.125723 -0.034898 -0.0012922 0.0330324 0.130259 -0.028469 -4.40325e-05 -0.0125981 0.083835 -0.0554431 -0.0308498 0.118364 -0.000719032 -3.23277e-05 -1.08132e-05 0.029528 -0.000381495 0.00248948 0.00226212 0.012587 -0.00309651 -9.65046e-05 -0.162172 0.00456389 0.00168498 -0.114579 -0.00907575 -0.00225414 -0.034693 0.000164399 0.00445746 0.0268625 -0.00628709 -0.0027601 -0.00466023 0.00448119 0.0053465 
-5.28288e-06 -6.91933e-07 -0.00233568 0.0221243 -2.44103e-05 0.0161123 0.0652153 0.0474674 -0.000479522 -0.00362319 -0.0147703 -0.0102706 0.0331279 -0.000843085 0.0116272 -0.0141068 0.0033467 -0.00818383 -0.00135513 0.000704148 0.0276916 -0.017593 0.0231476 -0.0120887 -0.0120482 -0.0115448 -0.00236324 -0.00653607 -0.000769446 -0.0162803 -0.00530872 -0.00188009 -0.00490593 -0.0438181 -0.000257192 2.00535e-06 -0.0070869 0.0157055 -0.0138829 0.0253968 0.00623135 0.0156896 -0.00479243 0.000311445 -0.00650484 -0.0252777 -0.00200247 0.00821603 -0.000820848 -0.0111212 0.0202643 0.000223566 0.0206366 -0.00684793 -9.87791e-05 -0.0179966 -0.000356716 -2.22295e-05 -0.0111142 -0.000403392 -6.55541e-05 4.68964e-05 -0.033331 -0.0334482 -0.0024807 -4.26885e-05 -0.0122307 -0.000213548 -0.00273663 -8.22869e-06 0.000119798 0.0302085 -0.0039494 -0.00193488 -0.0327966 3.88282e-05 -7.55741e-06 -0.000923492 0.0233235 -0.00022388 -0.000407739 -0.000441681 0.0285038 -0.000318468 -9.73534e-06 -0.00668009 -0.00174736 0.00348137 -0.0102599 -0.000883676 -0.0166069 -0.00305301 8.55108e-05 0.0253998 -0.00613463 -0.000876351 -7.46656e-05 -0.000549164 -0.00117991 -0.00111204 
-1.76418e-05 -7.43e-07 -0.0155967 0.0272317 -0.000280308 0.0523847 0.0474674 0.173385 -0.00272857 0.0246136 -0.0197638 -0.0129776 0.0180084 -0.0028962 0.015621 -0.0193383 0.00443292 -0.0269619 -0.00435588 0.000973724 0.0109348 -0.0237281 0.0201655 -0.0294694 -0.0380407 0.0115797 -0.00807985 0.00557793 -0.0057772 -0.000651162 -0.014161 0.0129126 0.0149188 -0.0837405 -0.00237309 -2.74592e-06 -0.0220296 0.0631143 -0.0128654 0.0310726 -0.00417347 -0.00477986 -0.0166773 -0.00468936 -0.0205358 -0.0841244 -0.00690452 0.0133079 -0.000283574 0.00665958 0.0431948 0.000288528 0.00642109 0.015135 -0.000300564 -0.0335042 -0.00168343 -9.68664e-06 -0.0344909 -0.0029735 -0.000135323 0.000140686 -0.0737363 0.00362579 -0.0137704 -0.00031796 -0.0141026 -0.00220461 -0.00868455 -0.000244886 -0.00269553 0.0824974 -0.0152944 -0.0135388 -0.0434337 -0.000145047 -1.72605e-05 -0.00675056 0.0430237 -0.000386119 -4.10465e-05 0.00361961 0.0342678 -0.000941403 -3.24834e-05 -0.0434761 -0.0010356 0.00342565 -0.0349765 -0.00322355 -0.0260896 -0.010753 8.66965e-06 0.0317517 0.0309209 0.000307107 -0.000803456 -0.00128866 0.0101932 0.0159028 
2.77892e-05 3.25112e-06 0.0108037 -0.000468784 -8.35919e-06 -0.00735573 -0.000479522 -0.00272857 0.0131774 -0.000663397 -0.00765762 -0.00222238 0.00939752 -0.000110421 0.00142662 -0.00942613 -0.000257573 -0.000261185 -2.01097e-05 1.2553e-05 0.0062724 -0.00732547 -0.00112937 -0.00195363 -0.00197107 -0.00247664 0.00595607 0.000209411 0.0110371 -0.00426553 0.00217406 -0.000457196 -0.00105083 -0.00805924 0.000518373 -1.53818e-07 -0.00117595 -0.00220402 -0.00665753 -0.000723644 -0.00770881 0.0103672 0.010839 -4.19325e-05 -0.000624171 -0.00493887 -0.000111195 -3.03549e-05 0.000319209 -0.00205731 -0.00121647 -7.02651e-05 -0.00195121 -0.00168271 -8.16896e-06 -0.00923164 0.00677855 6.98998e-05 -0.00216613 0.00117637 -2.07312e-05 -7.1444e-06 -0.00638401 -0.00712053 0.0111314 0.00137009 -0.00201111 -0.0080582 -0.000361835 0.00072373 -0.000250079 -0.00356331 -0.000491865 0.011135 -0.00703966 -2.59952e-05 0.000131226 0.00795366 -0.001151 -4.23569e-05 -0.000180978 -0.000115315 -0.000654101 0.000202507 -1.21878e-06 0.00723491 -0.000351787 -9.49023e-05 0.00206259 0.00939285 -0.00913677 0.0100832 -1.16672e-05 -0.000175754 -0.00127828 2.93578e-05 -5.60159e-05 -5.35233e-05 -0.000180971 -0.000248607 
-1.29058e-06 -6.63216e-08 -0.0034354 0.00517814 -0.00010139 0.0216399 -0.00362319 0.0246136 -0.000663397 0.0813027 0.00870448 0.00525333 -0.00300707 -0.00114667 -0.011274 0.00787585 -0.00185919 -0.0107887 -0.00144614 7.31153e-05 -0.00569669 0.00470035 0.00300826 -0.0137904 -0.0151159 0.00170656 -0.00298781 -0.00672453 -0.00167258 -0.00964956 0.00539903 0.00732559 -0.00250449 -0.0106904 -0.00170362 4.44591e-06 -0.00902442 -0.000465198 -0.000756814 0.00616981 -0.014498 -0.00791857 -0.00320443 -0.000901983 -0.00827623 -0.0217154 -0.00275865 -0.00292639 0.00244501 -0.00225129 0.00695573 0.00167529 -0.00633463 0.0052548 -3.74488e-05 -0.00182462 -0.000528728 0.000197968 -0.0133229 -0.00125193 1.91905e-06 0.000495683 -0.0136902 -0.00956423 -0.00409545 -0.000140217 -0.0154562 0.011404 -0.00293831 4.44415e-05 -0.00162906 0.0440764 -0.00678939 -0.00347401 -0.0103037 -3.68691e-05 -6.49821e-06 0.00185347 0.00112405 0.00040369 0.00130977 0.00316102 0.00578214 -0.000413585 -8.9091e-06 -0.0197953 -0.00230248 -0.00026013 -0.0144219 -0.000994179 -0.00143566 -0.00417527 -8.18369e-05 0.014828 0.0107336 0.00212912 -0.000276226 -0.000388841 0.00944767 0.0122798 
-4.35806e-05 -1.23676e-05 -0.0269305 -0.0205982 -0.00141181 0.123624 -0.0147703 -0.0197638 -0.00765762 0.00870448 0.240224 -0.0684669 -0.0524791 -0.00298935 -0.082029 0.159358 -0.00225805 -0.072483 -0.00439444 -0.000942949 -0.126584 0.22338 0.0236796 -0.105997 -0.103451 -0.107205 -0.0214647 -0.041068 -0.0151743 0.0270267 -0.0357382 -0.0185217 -0.0479292 0.118067 -0.0118322 -5.51643e-06 -0.0609289 -0.0476339 0.204181 -0.0358431 0.198378 -0.0395054 -0.0551734 -0.0162124 -0.0558917 -0.0146071 -0.018583 -0.0204726 0.00485811 -0.0982426 -0.0685108 -0.000475901 -0.0498701 0.0806997 0.000375118 0.123138 -0.0040884 -5.50212e-05 -0.097663 -0.00608562 -0.000696376 -0.000264029 0.19926 0.11227 -0.0334043 -0.000846588 -0.0133347 0.208959 -0.0225969 -0.000675632 -0.011313 -0.0231568 -0.0453865 -0.0285666 0.209682 -0.0012243 -0.000104097 0.00207005 -0.0647822 -0.000513258 0.00275445 -0.00455407 0.00359249 -0.00278199 -7.31782e-05 -0.144727 -0.0156026 0.000428328 -0.0822069 -0.00867552 0.0984435 -0.0288484 -0.000448144 -0.0479178 -0.0604866 -0.00662993 -0.00264008 0.00295802 -0.0106676 -0.0109417 
-1.54644e-05 -4.16706e-06 -0.0136154 0.00218507 -0.000500384 -0.0789377 -0.0102706 -0.0129776 -0.00222238 0.00525333 -0.0684669 0.158319 -0.0184668 -0.00280931 -0.0169182 -0.0183763 -0.00312718 0.0594289 0.0090185 -0.000265749 0.0324711 -0.0702854 -0.00885863 0.0899623 0.0777034 0.042467 -0.00595873 -0.0120878 -0.00286555 -0.0472011 -0.00631124 -0.000219704 -0.0113255 0.0387483 0.00430299 -2.84798e-06 0.0412569 -0.0187597 -0.0558525 0.00375684 -0.0801836 -0.0139289 -0.0180275 -0.00232513 0.0619201 0.0464624 -0.0060283 -0.00545556 -0.00279033 0.0401082 -0.00601707 -0.000883645 0.0223203 -0.0204017 -0.000314229 0.00678643 -0.00147088 -5.55537e-05 0.0800832 -0.00255811 -5.32464e-05 3.10392e-05 -0.0635525 -0.0637006 -0.0122017 -0.000381721 -0.0276685 -0.0690472 0.0275025 -0.00023458 -0.00287024 -0.0147264 0.0315774 -0.0118396 -0.0647489 -0.000338823 -1.4747e-05 -0.00274174 0.00282446 -0.000475491 -0.00167069 -0.00173291 -0.0108532 0.00205508 -1.348e-05 0.0724199 -0.00206398 -0.000479514 0.0374184 -0.00287078 0.0183391 -0.00763451 0.000252989 0.00590633 -0.0114958 0.00267959 -0.000704124 0.00202705 -0.0025383 -0.00179095 
6.37604e-05 5.96842e-06 0.0529161 0.0258408 -2.72716e-05 -0.0189891 0.0331279 0.0180084 0.00939752 -0.00300707 -0.0524791 -0.0184668 0.109387 -0.00182377 0.0473327 -0.057338 -0.000111421 -0.0051764 -0.00271981 0.000973175 0.0736668 -0.0619466 0.00148553 -0.0220178 -0.0198066 -0.0210299 0.0246765 -0.0047422 0.0171946 -0.0372745 0.0315171 -0.00449261 -0.00947176 -0.0774589 0.00561724 1.54967e-05 -0.0103547 0.0120451 -0.0566688 0.0373301 -0.0370073 0.0799386 0.0475454 0.0231629 -0.0103451 -0.0481576 0.0215673 0.00534485 0.00356303 -0.0204855 0.0191836 9.71545e-05 -0.00447752 -0.0101277 0.000258716 -0.0785503 0.00545877 4.68567e-05 -0.0195298 0.0102435 -0.00019206 0.000321065 -0.0512845 -0.0666466 0.0524876 0.00112589 -0.0222626 -0.0283752 -0.0048464 0.000295568 -0.00128705 0.00603198 -0.000335798 0.0492428 -0.0589538 0.00159327 6.3099e-05 0.00636566 0.0193303 -0.000311043 0.00119656 0.00319206 0.0160115 -0.000567634 -1.85729e-05 0.0359329 -0.00327305 0.00259558 0.0225631 0.0116723 -0.0795394 0.0362061 0.000181289 0.0536428 -0.00442202 -0.00211194 0.00386673 -0.00108594 -0.00219448 0.00086183 
-1.03696e-06 6.8412e-06 -0.000964284 -0.000587774 9.18921e-05 -0.00597506 -0.000843085 -0.0028962 -0.000110421 -0.00114667 -0.00298935 -0.00280931 -0.00182377 0.0147068 -0.00152841 0.00170435 -0.000223732 -0.000170848 -6.38807e-05 -2.38009e-05 0.00427161 -0.00229676 -0.000632129 0.00410762 0.00572931 -0.0021841 -0.000374932 -0.000321932 -0.000205296 -0.0020536 0.000744331 0.000606807 -0.00070636 -0.00406579 -0.000221936 -4.10417e-07 0.00568041 -0.00158848 -0.00376627 -0.000894002 -0.00287113 -0.00159305 0.00580691 -0.000552316 -0.00136238 0.00623992 -0.000190315 -0.000519791 0.000164464 -0.00192961 -0.00131541 -1.48296e-05 0.00644002 -0.00314131 -1.90809e-05 0.00269415 -0.000117007 -2.99987e-06 0.00510042 -7.56239e-05 4.59437e-05 -5.15265e-06 -0.00215135 -0.00252721 -0.000916958 -2.18549e-05 -0.00136183 -0.00285117 -0.000583665 -1.7969e-05 0.00147764 -0.00424786 0.00211551 -0.000908589 -0.00266362 -3.04053e-05 -2.75981e-06 -0.000531937 -0.00168408 2.19812e-05 -0.000165847 -1.81437e-05 -0.000648161 0.000162861 3.90704e-05 0.00464301 -0.000273707 -9.94033e-05 0.0057746 -0.000217727 0.00238308 -0.000704188 -5.48021e-06 -0.00142813 -0.00106336 0.000235958 -6.53901e-05 -0.000122415 -0.00025778 -0.000244854 
2.02804e-05 1.31588e-06 0.0337419 0.0103106 0.00200305 -0.000482716 0.0116272 0.015621 0.00142662 -0.011274 -0.082029 -0.0169182 0.0473327 -0.00152841 0.127211 -0.0995549 0.00292676 -0.00822099 0.00231401 0.000491765 0.0327679 -0.0810319 -0.0128389 -0.0231325 -0.0229111 0.0479444 0.0137587 0.0660252 0.00640064 0.0201003 0.014785 -0.00203199 0.0599594 -0.0988559 0.00725029 -8.88245e-08 -0.0129734 0.0748684 -0.0769434 0.0209988 -0.0625346 0.0418537 0.0270459 0.0144285 -0.0110392 -0.0571941 0.0161422 0.0232531 0.00361034 0.0453868 0.0674215 -0.000790866 -0.022563 -0.0250193 -0.000185416 -0.112515 -0.000643621 -2.72143e-05 -0.024165 0.00409805 0.000599983 -0.000123317 -0.0712316 -0.0151235 0.0335873 -0.000345681 0.045543 -0.0789111 -0.00534248 0.000142889 -0.00283231 0.0399209 -0.000321163 0.0306128 -0.0646425 -2.42127e-05 -2.3309e-05 -0.00306176 0.0605217 -0.000212605 -0.00192373 0.00116132 -0.0014846 6.83679e-05 -2.38427e-05 0.0057501 0.0193278 -0.000762347 0.0136958 0.00135388 -0.11327 0.0216213 0.000569194 0.0318724 0.0601677 -0.00245436 0.000862975 -0.00118254 0.00184039 -0.00164584 
-5.37585e-05 -9.61458e-06 -0.0339193 -0.0188314 -0.00175548 0.0577436 -0.0141068 -0.0193383 -0.00942613 0.00787585 0.159358 -0.0183763 -0.057338 0.00170435 -0.0995549 0.196744 -0.00447982 -0.0393691 -0.00680639 -0.00104323 -0.10709 0.151979 0.0219376 -0.0277308 -0.027845 -0.0515807 -0.0243539 -0.0557114 -0.018633 0.000773667 -0.0217422 -0.00961486 -0.0569605 0.114056 -0.0131558 -3.86896e-06 -0.0337622 -0.0621397 0.139304 -0.034421 0.130481 -0.0494339 -0.0438597 -0.0191831 -0.0136138 0.0314345 -0.022173 -0.0245545 0.00279846 -0.0475249 -0.0789321 0.000936429 0.0183423 0.0517156 0.000128845 0.140804 -0.00508032 -9.76393e-05 -0.02059 -0.00825352 -0.000659024 -0.000200262 0.132611 0.0536305 -0.0401407 -0.00106784 -0.0348508 0.145792 -0.000209877 -0.000824597 -0.00636483 -0.0312856 -0.0471407 -0.035283 0.138104 -0.00105973 -0.000117253 -0.00237499 -0.065696 -0.000466332 0.00255793 -0.00590876 0.00264071 -0.00323612 -7.53465e-06 -0.0702187 -0.0187367 0.000902881 -0.0674295 -0.0106316 0.118196 -0.0341132 -0.000515827 -0.0508929 -0.0695591 -0.00309218 -0.00320992 0.00172516 -0.00896251 -0.00757031 
-1.72367e-06 -4.36606e-07 -0.00154401 0.00108825 0.000275212 0.00273381 0.0033467 0.00443292 -0.000257573 -0.00185919 -0.00225805 -0.00312718 -0.000111421 -0.000223732 0.00292676 -0.00447982 0.0223483 -0.00225224 -0.000389761 7.80344e-05 0.00303882 -0.00133863 -0.00203664 -0.00264303 -0.00360155 -0.000913072 -0.000823001 -0.000328194 -0.000606204 0.00919653 -0.00181828 0.000874277 -0.000675139 -0.00418944 0.000183938 7.79325e-08 -0.00148674 0.00396217 -0.000874685 0.00385107 0.00520769 -0.00220137 -0.00214865 -0.000835209 -0.00200996 -0.00665892 -0.000688083 0.00616389 -0.000328223 -0.00214593 0.00565528 -0.000122003 -0.00356394 -0.00278916 -4.69734e-05 -0.00417781 -0.000178055 -7.15454e-06 -0.00327479 -2.9932e-05 -3.60832e-05 -2.25046e-05 -0.000713384 0.00395792 -0.00140384 7.36343e-05 -0.00251046 -0.00330771 -0.000896416 -1.99905e-05 -0.000408106 0.000914905 -0.000467883 -0.00138196 -0.00166515 -4.35928e-05 -4.35425e-06 0.000961145 0.00566022 -6.28449e-05 -0.000246826 4.90076e-05 -0.000936034 -8.95958e-05 -3.62547e-06 -0.00496783 -0.000551854 -0.000158989 -0.00260589 -0.000323079 -0.00259766 -0.00108999 4.97014e-05 0.00526315 0.00283314 0.000114159 -9.82081e-05 -0.000139074 0.000143059 0.000415085 
-7.80343e-06 -2.16846e-06 -0.00235561 -0.00484219 -0.000312488 -0.0906379 -0.00818383 -0.0269619 -0.000261185 -0.0107887 -0.072483 0.0594289 -0.0051764 -0.000170848 -0.00822099 -0.0393691 -0.00225224 0.107138 0.00595978 -7.17704e-05 0.056562 -0.0693854 -0.0108893 0.0859324 0.0821527 0.0186757 -0.00240585 -0.0116561 0.00122206 -0.040045 0.0211388 -0.0026686 -0.00986448 0.0226772 0.00482652 2.48544e-06 0.0539539 -0.0213042 -0.0629241 -0.00313037 -0.0724077 -0.00491569 0.00624625 0.00213372 0.0539443 0.0591799 0.00339447 -0.00428035 -0.00199301 0.020447 -0.014216 -0.000499486 0.0341883 -0.027728 -2.98634e-05 0.00825239 -0.000955618 -2.92483e-05 0.0827075 0.00157508 -0.000198886 -0.000120439 -0.0609698 -0.0687562 0.00173162 -0.000166326 -0.0191863 -0.0780338 0.0142903 -6.61016e-05 0.00265253 -0.0474 0.043113 -0.00140251 -0.0700996 0.000750053 -2.32255e-05 -0.00493694 -0.0144177 0.000121003 -0.0014301 -0.000985609 -0.00639769 0.00307687 2.03599e-05 0.0915454 -0.00180967 -0.000829412 0.0618166 -0.00165472 0.0163428 -0.00154468 -0.000105486 -0.00170032 -0.01293 0.00456365 0.00210691 -0.000538739 -0.00217191 -0.00256703 
-1.91814e-06 -5.12562e-07 -0.00136539 -0.000626644 1.41732e-05 -0.00758173 -0.00135513 -0.00435588 -2.01097e-05 -0.00144614 -0.00439444 0.0090185 -0.00271981 -6.38807e-05 0.00231401 -0.00680639 -0.000389761 0.00595978 0.0236691 -2.79155e-05 0.0042192 -0.00403928 -0.000391323 0.00575329 0.00168554 -0.000161895 0.000298714 0.000733371 -0.000629192 -0.00363153 -0.0016498 -0.000524624 0.00098026 0.00302004 0.00663665 -6.2684e-07 0.00229503 0.000132084 -0.00493107 -0.000982834 -0.00452643 0.00168929 -0.00213922 0.00335012 0.000993029 0.000642098 -0.000736389 -0.000427715 0.000291522 0.000703399 0.000576283 -8.16021e-05 -0.00261348 -0.00300289 -3.61071e-05 -0.0067105 -0.000137581 -2.69796e-06 2.00887e-05 -0.000334834 -1.45532e-05 -1.87644e-05 -0.00223445 -0.00570263 -0.00144555 -1.97339e-05 -0.000901211 -0.00522674 -0.000140008 -2.90263e-05 -0.00023362 -0.00404409 0.00751872 -0.00142588 -0.00407091 -5.09663e-05 -1.17906e-06 -0.000622383 0.000211986 -7.1302e-05 -5.64344e-06 0.000307459 -0.00119992 -4.59989e-05 1.85536e-05 0.00449153 -0.000514252 -0.000160314 0.00789152 -0.000345226 0.000493435 0.000802074 6.78075e-05 0.000416173 0.000534262 -0.000401815 -9.82865e-05 0.000960389 -0.000390459 -0.000447305 
-1.31285e-07 -3.46007e-08 -7.01935e-05 3.37158e-05 -2.91928e-06 0.000324091 0.000704148 0.000973724 1.2553e-05 7.31153e-05 -0.000942949 -0.000265749 0.000973175 -2.38009e-05 0.000491765 -0.00104323 7.80344e-05 -7.17704e-05 -2.79155e-05 0.00163484 0.000990796 -0.000897946 9.80277e-05 -0.000269904 -0.000284218 -3.28328e-05 -6.00051e-05 -2.85252e-05 7.53154e-05 -0.000106594 -2.97272e-05 0.000202982 -8.93013e-05 -0.000912583 8.02576e-05 3.18318e-07 -0.000162999 0.00033886 -0.000847009 -6.13532e-05 -0.000428717 0.000240605 -0.000145434 0.000308278 -0.000123831 -0.000627843 -4.53909e-05 0.000426958 -1.94375e-05 5.19732e-05 0.000352139 2.17326e-06 -1.34497e-05 0.000535859 -2.44259e-06 -0.00095685 -7.72329e-06 6.65679e-06 -0.000249367 -2.57042e-05 6.68079e-07 1.10026e-07 -0.000610279 -0.000663585 -3.50776e-05 -1.96057e-06 -0.000268113 -0.000493605 -5.72e-05 1.1441e-05 8.2576e-05 0.000916574 -7.89519e-05 -3.06057e-05 -0.000938189 -3.47473e-06 -1.84638e-07 -4.23118e-05 0.000365398 -3.24703e-06 -1.72687e-05 0.00062174 0.000332583 -3.42217e-06 -2.61004e-07 -2.09179e-05 -3.21306e-05 6.30932e-07 -0.000124736 -2.17639e-05 -0.000789643 -7.81068e-05 3.20351e-05 0.000615067 0.000480862 -2.47991e-05 -3.37792e-06 -1.55376e-05 0.00019761 0.000568982 
3.93303e-05 2.66333e-06 0.0323716 0.0252541 -0.000398793 -0.0931625 0.0276916 0.0109348 0.0062724 -0.00569669 -0.126584 0.0324711 0.0736668 0.00427161 0.0327679 -0.10709 0.00303882 0.056562 0.0042192 0.000990796 0.17383 -0.123762 -0.00955885 0.0553115 0.0557239 -0.0282321 0.0247212 -0.0210096 0.0114027 -0.0652298 0.0405504 -0.000985428 -0.017752 -0.0726047 0.01232 1.0772e-05 0.0706255 -0.00392126 -0.114033 0.0416964 -0.100866 0.0574733 0.0616132 0.0220102 0.0130258 0.0102983 0.024027 0.00590339 -0.00281467 -0.0314164 0.0183618 -0.000725492 0.033386 -0.0449027 -6.80703e-05 -0.0655065 0.00252638 6.15779e-05 0.0588759 0.00883177 -0.000312527 0.000450127 -0.111181 -0.113594 0.0394729 0.000253675 -0.0401659 -0.103614 -0.00342182 4.40861e-05 0.0133164 -0.0214653 0.0574675 0.034464 -0.128019 0.00156519 1.59963e-07 0.000228849 0.0174632 0.000382458 0.000255032 0.00207753 0.00980638 0.00167392 1.7505e-05 0.110909 -0.00485053 0.00109888 0.106037 0.00795141 -0.0488353 0.0341718 0.000196213 0.0571523 -0.00818227 0.00467668 0.00342475 -0.00109909 -0.000181572 0.00354626 
-4.19467e-05 -1.17647e-05 -0.0304186 -0.0206811 -0.00143443 0.116375 -0.017593 -0.0237281 -0.00732547 0.00470035 0.22338 -0.0702854 -0.0619466 -0.00229676 -0.0810319 0.151979 -0.00133863 -0.0693854 -0.00403928 -0.000897946 -0.123762 0.244736 0.0208144 -0.100104 -0.0977033 -0.103249 -0.0206507 -0.0413702 -0.0148926 0.0247855 -0.0403672 -0.0170153 -0.0451968 0.118692 -0.011336 -9.40278e-06 -0.0569482 -0.0478157 0.211347 -0.0344482 0.199602 -0.0409776 -0.0567136 -0.0154232 -0.0532602 -0.00829327 -0.0177749 -0.0194062 0.0019747 -0.0940738 -0.0670436 -0.000565667 -0.0504024 0.080304 0.000434111 0.121994 -0.00383916 -4.20037e-05 -0.0920289 -0.0059628 -0.000649784 -0.000202869 0.201679 0.116751 -0.0356666 -0.000715184 -0.0148151 0.198302 -0.0216098 -0.000680892 -0.0101357 -0.0364063 -0.0429654 -0.0306665 0.207722 -0.00118047 -0.000100188 -1.70902e-05 -0.0661539 -0.000422939 0.00267022 -0.00504607 -0.00225452 -0.00266874 -6.8429e-05 -0.139914 -0.0148806 -0.000827382 -0.0761496 -0.00835151 0.101117 -0.0277456 -0.000447803 -0.0506907 -0.0591226 -0.00607181 -0.00257242 0.00317304 -0.00991162 -0.0102898 
-6.69971e-06 7.11913e-06 -0.000530665 -0.000786861 -0.000219597 0.0194903 0.0231476 0.0201655 -0.00112937 0.00300826 0.0236796 -0.00885863 0.00148553 -0.000632129 -0.0128389 0.0219376 -0.00203664 -0.0108893 -0.000391323 9.80277e-05 -0.00955885 0.0208144 0.0823849 -0.0159421 -0.0139968 -0.0138593 -0.00302512 -0.0080485 -0.00217677 -0.0250254 -0.00479656 -0.00286008 -0.0065599 -0.0160655 -0.00158878 9.42964e-07 -0.00908268 -0.0125084 0.0230941 -0.00319452 0.0127535 0.00045289 -0.00521256 -0.000436602 -0.00839535 -0.032069 -0.00267316 -0.00277347 0.000728417 -0.0147571 -0.0102803 0.00149685 0.0203303 0.0360727 0.000495258 0.0096662 -0.000288275 -2.19444e-05 -0.0127131 -0.000276645 0.000103081 0.000143011 0.00218176 -0.020001 -0.00551148 -9.24241e-05 -0.0164647 0.0310904 -0.00350915 -0.000108461 0.000450896 0.00366026 -0.00682314 -0.0042632 0.00442502 1.7515e-05 -1.76932e-05 -0.00247966 -0.00888162 -0.000278373 0.000703816 -0.000576372 0.0238997 -0.000409461 6.01872e-05 -0.0124778 -0.00236684 0.00175126 -0.0138805 -0.00131871 0.00980801 -0.00426679 -6.2923e-05 -0.00489461 -0.0094622 -0.00122205 -0.000334931 -0.000559442 -0.00153885 -0.00129569 
-1.34885e-05 -2.89092e-06 -0.0123109 -0.00711723 -0.000461629 -0.120951 -0.0120887 -0.0294694 -0.00195363 -0.0137904 -0.105997 0.0899623 -0.0220178 0.00410762 -0.0231325 -0.0277308 -0.00264303 0.0859324 0.00575329 -0.000269904 0.0553115 -0.100104 -0.0159421 0.147525 0.127476 0.0535685 -0.00260823 -0.0141902 -0.00185658 -0.0438293 0.0109176 0.0111 -0.012357 0.0273693 0.00592372 -2.77498e-06 0.0750847 -0.0269655 -0.0905812 -0.0107739 -0.102614 -0.0210456 0.00557347 -0.0024559 0.0749431 0.0917271 -0.00341925 -0.00556809 -0.00291573 0.0536347 -0.0207398 -0.000571798 0.0633997 -0.040218 -0.000321651 0.0249163 -0.00141125 -4.04725e-05 0.123443 -0.00285283 -0.000209698 -0.000170011 -0.0892611 -0.0850509 -0.0110246 -0.000211575 -0.0201244 -0.112496 0.0308646 -0.000204498 0.0091588 -0.0439945 0.0492778 -0.010208 -0.100536 -0.000386171 -3.26318e-05 -0.00692389 -0.0162297 -0.000113854 -0.00219818 -0.00135795 -0.0101745 0.00286073 1.27252e-05 0.123807 -0.00281317 -0.00123289 0.0670401 -0.00258092 0.0366952 -0.00546725 -0.00015034 -0.0144022 -0.0162128 0.0064627 -0.000810611 -0.000657801 -0.00254369 -0.00273437 
-1.2185e-05 5.47594e-06 -0.00964852 -0.00691895 -0.000423676 -0.123791 -0.0120482 -0.0380407 -0.00197107 -0.0151159 -0.103451 0.0777034 -0.0198066 0.00572931 -0.0229111 -0.027845 -0.00360155 0.0821527 0.00168554 -0.000284218 0.0557239 -0.0977033 -0.0139968 0.127476 0.143953 0.0498501 0.00155182 -0.0133722 -0.00120119 -0.0497793 0.0174729 0.00350991 -0.0109475 0.0222371 0.000304606 -4.2696e-06 0.0781955 -0.0279164 -0.0892855 -0.0105107 -0.103274 -0.0179758 0.0178409 -0.00649124 0.0697321 0.0961778 0.000863961 -0.00588756 -0.002683 0.0485579 -0.0178798 0.00022243 0.0744739 -0.040184 -0.000321663 0.0227999 -0.00138138 -3.08733e-05 0.130126 -0.00255972 0.000107568 -0.000154173 -0.0874937 -0.0895816 -0.00854062 -0.000373394 -0.0183614 -0.106344 0.0300715 -9.89688e-05 0.0143464 -0.0468877 0.0446674 -0.00721476 -0.0997753 -0.000374798 -3.36419e-05 -0.00712069 -0.0195434 0.000670956 -0.00219396 -0.00130363 -0.0099464 0.00270456 0.000118983 0.128323 -0.00176563 -0.00120723 0.0674529 -0.00249777 0.0305553 -0.00268456 -0.000124188 -0.0162512 -0.0160353 0.00692357 -0.000781564 -0.00149222 -0.0030903 -0.00376222 
-1.47714e-05 -3.08869e-08 -0.00939838 -0.00487752 0.00166457 -0.0300812 -0.0115448 0.0115797 -0.00247664 0.00170656 -0.107205 0.042467 -0.0210299 -0.0021841 0.0479444 -0.0515807 -0.000913072 0.0186757 -0.000161895 -3.28328e-05 -0.0282321 -0.103249 -0.0138593 0.0535685 0.0498501 0.152413 -0.00618899 0.0582088 -0.00194888 0.03454 -0.00412396 0.0194364 0.0624412 -0.0456577 4.12362e-05 -3.30409e-06 -0.00681468 0.0484932 -0.0955201 -0.00318926 -0.101146 -0.0223665 -0.0104837 -0.00644483 0.0442277 0.00616922 -0.0057938 0.0145123 -0.00168503 0.130233 0.0529672 0.000858519 0.0197717 -0.041159 -0.00024254 -0.0572739 -0.00146113 -4.71527e-05 0.0415086 -0.00301617 0.00089164 -0.000166172 -0.0918525 -0.00450254 -0.0109139 -0.000428715 0.0485727 -0.108601 0.0248245 -0.000202022 -0.00301818 0.0452725 -0.00841834 -0.0105623 -0.0888723 -0.000387713 -1.23405e-05 -0.00557555 0.0479277 7.7768e-05 -0.00240724 0.00112426 -0.00896203 0.000125329 5.504e-05 0.0350809 0.0204859 -0.00138563 -0.0187983 -0.00270744 -0.043625 -0.00867547 0.000266357 -0.00647052 0.0694122 0.00171925 -0.00060347 -0.00182574 0.0129962 0.00827184 
1.02655e-05 9.57238e-06 0.0265873 -0.00144617 -9.14567e-05 -0.0270541 -0.00236324 -0.00807985 0.00595607 -0.00298781 -0.0214647 -0.00595873 0.0246765 -0.000374932 0.0137587 -0.0243539 -0.000823001 -0.00240585 0.000298714 -6.00051e-05 0.0247212 -0.0206507 -0.00302512 -0.00260823 0.00155182 -0.00618899 0.0353012 -0.00382614 0.00864589 -0.0120368 0.0180936 -0.00130529 -0.00296562 -0.0238021 0.00466252 -9.34009e-07 0.00385749 -0.00633325 -0.0187412 -0.00187657 -0.021653 0.0274263 0.0314729 0.0048718 -0.00233899 -0.00935312 0.0161999 -0.000698274 0.000369271 -0.00591423 -0.00348994 -0.000137891 0.00319482 -0.00798375 -6.34614e-05 -0.0246297 0.00303151 -2.47705e-06 1.11685e-05 0.00490678 -8.51055e-06 -2.53849e-05 -0.0183358 -0.021463 0.0276596 0.000954094 -0.00667606 -0.0215056 -0.00141104 5.54098e-05 0.00326673 -0.0145555 0.0077038 0.027241 -0.0207548 -4.55976e-05 4.1342e-05 0.00333901 -0.00431768 0.000309102 -0.000379232 -0.000324364 -0.00212717 -8.89433e-05 1.06393e-05 0.0265734 -0.000900739 -0.000260111 0.0248213 0.00897124 -0.0235099 0.0313791 7.60125e-06 -0.00217205 -0.00391607 -0.000547723 0.000137184 -0.000229046 -0.000652955 -0.000789025 
-8.72482e-06 2.59742e-07 0.0049942 -0.00392156 0.00193598 0.0196683 -0.00653607 0.00557793 0.000209411 -0.00672453 -0.041068 -0.0120878 -0.0047422 -0.000321932 0.0660252 -0.0557114 -0.000328194 -0.0116561 0.000733371 -2.85252e-05 -0.0210096 -0.0413702 -0.0080485 -0.0141902 -0.0133722 0.0582088 -0.00382614 0.099347 0.00270416 0.0446766 -0.00676582 0.00490418 0.0646811 -0.0561774 -1.45659e-05 -8.21685e-07 -0.0113736 0.0634872 -0.047358 -0.00518283 -0.0416351 0.00145634 3.43795e-05 -0.00164723 -0.0094044 -0.0407262 -0.00249635 0.0136387 0.00627738 0.0553886 0.0481485 -0.000535865 -0.0179647 -0.0120689 -0.000211303 -0.0663534 0.000511381 4.11402e-05 -0.0182761 -0.00168974 0.000869229 -9.85177e-05 -0.0352665 0.0235355 0.00126647 -0.000190474 0.0594683 -0.0409412 -0.00345469 0.000483587 -0.0021257 0.0409554 -0.008316 0.00210668 -0.0233013 -0.000131306 2.96372e-05 -0.000878069 0.0401037 0.00116692 -0.00135092 0.000890727 -0.00498292 0.000590008 -1.7246e-05 -0.0188131 0.0214118 -0.000800297 -0.0155546 -0.000103694 -0.0695726 -0.00381204 0.000361239 -0.00421747 0.0634397 -0.00180466 -0.00046332 -0.00077847 0.0039168 -0.00143666 
2.43304e-05 3.57119e-06 0.0175754 -0.00104042 -1.65213e-05 -0.0139707 -0.000769446 -0.0057772 0.0110371 -0.00167258 -0.0151743 -0.00286555 0.0171946 -0.000205296 0.00640064 -0.018633 -0.000606204 0.00122206 -0.000629192 7.53154e-05 0.0114027 -0.0148926 -0.00217677 -0.00185658 -0.00120119 -0.00194888 0.00864589 0.00270416 0.0258963 -0.00785176 0.00606254 -0.000537393 -0.00118072 -0.0137201 0.00130448 -6.51345e-07 -0.00248621 -0.00375697 -0.0135946 -0.000922414 -0.0154792 0.0185236 0.0187451 0.00352037 0.000941436 -0.00593597 0.00108274 -0.000278958 0.000367894 -0.000662477 -0.00153532 -0.000115574 -0.0040652 -0.0041096 -2.30091e-05 -0.0179715 0.00695703 9.63138e-05 -0.00340285 0.0031681 2.15449e-05 8.76449e-06 -0.0124541 -0.012197 0.0191807 0.001386 -8.88117e-05 -0.0139691 0.00108549 0.000997216 -0.000440015 -0.00614755 -0.00152778 0.0192331 -0.0135596 6.87895e-05 0.000145162 0.00871713 -0.00268434 -8.26537e-05 -0.000342798 0.000265431 -0.000969365 0.00142279 -2.73042e-06 0.015893 -0.000402393 -0.000190312 0.00604603 0.0115043 -0.0177488 0.0140608 -1.96222e-05 0.00317736 -0.0016949 0.0003655 5.69566e-05 -0.000249102 -0.000281829 -0.000467904 
-2.63381e-05 -5.52837e-06 -0.0218155 -0.00899454 0.00126868 0.0716289 -0.0162803 -0.000651162 -0.00426553 -0.00964956 0.0270267 -0.0472011 -0.0372745 -0.0020536 0.0201003 0.000773667 0.00919653 -0.040045 -0.00363153 -0.000106594 -0.0652298 0.0247855 -0.0250254 -0.0438293 -0.0497793 0.03454 -0.0120368 0.0446766 -0.00785176 0.22065 -0.026235 0.0142063 0.0457627 0.00414694 -0.0038263 -7.42544e-06 -0.03311 0.0190464 0.00508683 -0.0124779 0.0364862 -0.0380787 -0.0315374 -0.011005 -0.030483 -0.0172671 -0.0102062 0.0111821 -0.00417207 0.0326089 0.0288556 -0.00117752 -0.0500009 -0.0653748 -0.000352072 -0.008567 -0.00256677 -9.8333e-05 -0.0526966 -0.00312969 0.000359115 -0.000326715 0.0470477 0.110786 -0.0204391 -0.000772777 0.053801 0.0192599 -0.012694 -0.000314264 -0.00624623 0.038706 -0.023768 -0.0197362 0.0520891 -0.000689408 -6.02277e-05 0.0063738 0.0364304 8.2071e-05 0.000854834 -0.00244189 -0.0187748 -0.00121026 -4.88485e-05 -0.0748992 0.015077 -0.00180741 -0.0527266 -0.00476437 -0.00713388 -0.015887 -0.000115281 -0.0205456 0.0470183 -0.00490214 -0.00145934 -0.00165911 0.00850313 0.00312883 
5.90874e-05 3.27643e-06 0.0271236 -0.00310955 -8.3351e-05 -0.0442127 -0.00530872 -0.014161 0.00217406 0.00539903 -0.0357382 -0.00631124 0.0315171 0.000744331 0.014785 -0.0217422 -0.00181828 0.0211388 -0.0016498 -2.97272e-05 0.0405504 -0.0403672 -0.00479656 0.0109176 0.0174729 -0.00412396 0.0180936 -0.00676582 0.00606254 -0.026235 0.0737261 -0.00219163 -0.00626609 -0.0239676 -0.000607277 8.28667e-06 0.0140257 -0.0115664 -0.0358993 0.00367498 -0.0473514 0.0272871 0.044711 0.00849687 0.00305041 -0.00309 0.0233597 -0.00269749 -0.000501958 -0.00570814 -0.00555286 0.000845623 0.020507 -0.00868493 -3.21466e-05 -0.0212134 -6.81383e-05 9.50373e-05 0.0173806 0.00768653 -0.000120683 2.45947e-05 -0.0344228 -0.0463647 0.0313912 -0.000172983 -0.0141443 -0.0340293 -0.00262426 1.02671e-05 0.000759605 -0.0176644 -1.29089e-05 0.0257477 -0.0402841 0.00160687 -1.50764e-05 -0.00179595 -0.00903866 0.000196653 -0.000452822 0.000782747 -0.000452542 -0.000315235 2.37082e-05 0.0477963 -0.00208778 -0.000228077 0.0385107 0.00323505 -0.0256436 0.023372 -3.69672e-05 0.0127991 -0.0046991 -0.00111995 0.00344599 -0.000772862 -0.00137921 -0.000868869 
-2.75165e-06 -7.47014e-07 -0.00247346 -0.00138137 -7.56883e-05 0.00157313 -0.00188009 0.0129126 -0.000457196 0.00732559 -0.0185217 -0.000219704 -0.00449261 0.000606807 -0.00203199 -0.00961486 0.000874277 -0.0026686 -0.000524624 0.000202982 -0.000985428 -0.0170153 -0.00286008 0.0111 0.00350991 0.0194364 -0.00130529 0.00490418 -0.000537393 0.0142063 -0.00219163 0.0346894 0.00527578 -0.0126546 0.00167241 -9.89207e-07 0.00127857 0.00142593 -0.0157455 -0.0010103 -0.014653 -0.0046612 -0.000590016 -0.00129399 -0.00330383 -0.00273542 -0.00110644 0.000938492 -0.000554039 0.0164837 0.0058741 0.00045208 -0.001121 -0.00749006 -4.52416e-05 -0.00610392 -0.000284593 6.12572e-06 -0.00116633 -0.000587443 6.95234e-05 -2.08508e-05 -0.0153734 0.0100543 -0.00224113 4.4571e-05 0.00280049 -0.0197025 -0.00140341 -2.92276e-05 7.70525e-05 0.0124007 -0.00116754 -0.00216938 -0.0176624 -7.19783e-05 -6.29388e-06 -0.0013488 0.00304771 0.000146171 -0.000412203 0.0021482 -0.00186641 -5.1916e-05 9.44113e-06 0.00114276 -0.000374249 -0.000264063 -0.00093707 -0.000505007 0.00147411 -0.00171258 -3.28392e-05 -0.000982585 0.01227 0.00206001 -0.000134132 -0.000282866 0.0101706 0.0104368 
-6.42707e-06 5.59427e-07 -0.00444526 -0.00236391 0.00181842 0.0201108 -0.00490593 0.0149188 -0.00105083 -0.00250449 -0.0479292 -0.0113255 -0.00947176 -0.00070636 0.0599594 -0.0569605 -0.000675139 -0.00986448 0.00098026 -8.93013e-05 -0.017752 -0.0451968 -0.0065599 -0.012357 -0.0109475 0.0624412 -0.00296562 0.0646811 -0.00118072 0.0457627 -0.00626609 0.00527578 0.074401 -0.054095 -0.000581374 1.61222e-07 -0.00824158 0.0597001 -0.0416665 -0.00484296 -0.046998 -0.0104362 -0.00551878 -0.00231685 -0.00755558 -0.0321121 -0.00251407 0.0159226 -0.00124869 0.0614269 0.0534746 -0.000323263 -0.0127634 -0.0154708 -0.000171442 -0.0605635 -0.000610254 -2.42115e-05 -0.013254 -0.00137543 0.000832917 -7.38774e-05 -0.0402303 0.0289985 -0.00488331 -0.00016586 0.0591616 -0.0458244 -0.00316434 -9.32336e-05 -0.00153412 0.0476623 -0.00615707 -0.00493858 -0.0309968 -0.000163501 -1.46926e-05 -0.00225012 0.0454887 0.000119187 -0.0010992 0.00245355 -0.00350325 2.59819e-05 -1.26334e-05 -0.0188717 0.0219741 -0.000599489 -0.0131298 -0.00117641 -0.0588121 -0.00393246 0.000224093 -0.00530925 0.0695855 -0.00127122 -0.000363657 -0.000825101 0.00749904 0.00270502 
-5.08058e-05 -1.42467e-05 -0.0469366 -0.0270401 -0.00176925 -0.00101455 -0.0438181 -0.0837405 -0.00805924 -0.0106904 0.118067 0.0387483 -0.0774589 -0.00406579 -0.0988559 0.114056 -0.00418944 0.0226772 0.00302004 -0.000912583 -0.0726047 0.118692 -0.0160655 0.0273693 0.0222371 -0.0456577 -0.0238021 -0.0561774 -0.0137201 0.00414694 -0.0239676 -0.0126546 -0.054095 0.214312 -0.00432296 -5.85489e-06 0.00421953 -0.0923427 0.115217 -0.0411312 0.0910514 -0.0629225 -0.0624482 -0.0143198 0.0276899 0.0937882 -0.0207264 -0.0242384 -0.00806057 -0.0329078 -0.0807603 -0.00153315 -0.0178214 0.023511 -0.000490794 0.141316 -0.00508163 -0.000116769 0.0219283 -0.00777673 -0.000685567 -0.00058672 0.141046 0.0512583 -0.042573 -0.00110153 -0.0175285 0.0890891 0.0121711 -0.000827777 -0.00872771 -0.0779313 -0.00153758 -0.0405272 0.121825 -0.00144653 -0.00011862 -0.000674975 -0.0720875 -0.00125818 0.000209828 -0.00494043 -0.0265606 0.00082562 -6.26459e-05 -0.0163211 -0.0155788 -0.0013865 -0.0189804 -0.0100264 0.13355 -0.0313299 -0.000601384 -0.0535717 -0.0716859 -0.0018814 -0.00309342 0.00278593 -0.012265 -0.0145408 
