0.0157149 4.88706e-07 -0.0018865 0.000583647 -0.000166009 -0.00053721 -0.00139516 -8.07295e-05 -0.00177104 -0.010771 -0.000744914 0.000728469 0.000157934 0.0034219 -9.21264e-05 0.000809073 0.00231589 -0.000967665 0.000376878 -0.00936454 0.00879574 -0.00394219 0.000873003 5.07344e-05 0.000211772 0.000792921 0.00145015 0.000579641 6.84212e-05 0.0111095 4.40926e-05 -8.69051e-05 -1.29309e-05 -0.0050962 -0.000638383 -9.44976e-05 0.000272836 -0.000918553 0.00750065 1.94258e-06 0.000251976 1.05734e-06 0.000437664 -2.98369e-05 0.00747257 -0.000110633 -0.000114598 -9.37308e-05 4.1218e-06 -0.000114045 0.00610506 5.80746e-06 0.00146672 -0.00579459 -0.00239582 0.000184376 -0.00629553 -0.000754692 -0.0017334 0.000693805 -0.000715653 -0.000178721 2.33724e-05 -0.00725464 -0.000130311 -6.25012e-06 -2.83528e-06 0.000236628 5.69579e-08 0.00075003 3.967e-06 1.86341e-05 -7.87728e-05 0.00057879 -0.000109971 -0.00144627 0.000108487 -7.70572e-06 -4.53877e-06 -0.00145388 -0.000243945 -0.00276263 -1.71087e-05 0.000352233 -0.00975699 0.00922075 -0.00769557 0.00019065 0.00197789 -2.54253e-06 1.94451e-05 8.92285e-05 -0.00378714 2.50151e-05 -2.51368e-05 -2.215e-06 0.00552487 1.3724e-06 8.07372e-05 2.7355e-07 
4.88706e-07 2.97191e-05 -3.48158e-06 -9.22573e-06 1.30198e-06 3.62763e-07 -2.61427e-06 3.26695e-06 -3.13324e-06 -2.22036e-05 -9.54323e-06 9.99931e-07 -1.25701e-08 1.48064e-05 -2.03983e-07 2.68278e-07 1.55129e-08 -1.80747e-06 8.91516e-07 -2.02142e-05 1.75453e-05 -8.61336e-06 -6.7406e-08 1.92099e-06 -1.23428e-07 1.198e-07 1.30171e-05 -2.18327e-07 -7.37977e-09 1.55474e-05 -2.46967e-08 2.03923e-06 5.44711e-08 9.7203e-06 -1.18998e-06 1.24959e-06 1.17761e-06 1.89948e-06 5.55583e-06 -4.41837e-10 -1.15468e-05 1.36743e-06 -9.21372e-07 -6.217e-08 1.05775e-07 7.80928e-07 -2.3463e-07 -1.37364e-07 4.99288e-08 4.85382e-07 -2.73835e-07 2.16778e-06 2.69531e-07 -1.03623e-05 3.29389e-06 3.73276e-07 -9.4379e-06 -1.45123e-06 -2.10235e-06 1.08766e-06 -1.35668e-06 -4.47347e-07 6.26235e-06 -5.45799e-06 -2.4386e-07 7.40117e-08 -7.75157e-09 2.27439e-06 -2.42713e-11 2.18499e-07 -1.07497e-08 -9.4153e-10 -1.6956e-07 -5.73105e-07 -1.78886e-07 6.39984e-07 1.52162e-06 -1.94332e-08 -5.07346e-08 -7.98867e-07 3.83672e-07 9.54935e-06 7.67323e-07 -1.86857e-08 -6.25816e-06 4.2105e-06 -1.59294e-05 -2.35363e-08 -3.23474e-06 7.47636e-07 -1.64054e-09 5.37035e-07 -7.2224e-06 9.62268e-07 -4.92422e-08 -1.18018e-08 5.23751e-07 8.17468e-07 -1.58419e-07 -8.74263e-10 
-0.0018865 -3.48158e-06 0.104366 -0.00863356 0.00244138 -0.00290988 0.0716181 -0.000652426 0.07197 0.0208811 -0.058376 -0.000470503 1.4429e-05 -0.0382203 0.00452155 -0.0249039 -0.0740087 0.000479863 -0.00025261 -0.0468327 -0.0164614 -0.0299444 -0.000267153 0.000120713 -0.00525726 -0.000319975 0.00786413 -0.00202542 -2.93948e-05 -0.014072 4.85224e-06 -0.000627257 -0.000125279 0.0416099 0.0346977 -0.000778071 0.0017527 -0.0049047 -0.00762623 -1.47324e-06 -0.0169977 9.92769e-06 -0.00298617 0.000176983 0.00148463 0.0071911 -0.000601794 -0.000805827 0.000681741 -0.00164733 -0.00290929 -2.04218e-05 0.0313052 -0.0415665 -0.0299507 0.00282757 -0.0293534 -0.00502554 -0.0114226 -0.000321883 0.00275627 1.86112e-05 -0.000341544 -0.0522932 0.00142075 0.000101903 -3.06791e-05 -0.00215784 -9.66767e-08 -0.029375 -2.93346e-05 -3.35027e-06 0.00035964 0.00633425 0.00571463 0.00959472 -0.0002649 0.000390934 -9.50509e-05 0.031324 0.00674361 -0.0139731 -0.000128376 -7.32347e-05 -0.000554101 0.00156641 0.0210678 -4.88621e-05 0.0637881 -1.89567e-05 1.80021e-05 -5.85988e-05 0.0231722 -2.86151e-05 0.00054872 -4.23352e-05 -0.00151343 -3.1132e-05 0.00332424 -3.04233e-06 
0.000583647 -9.22573e-06 -0.00863356 0.0698114 -0.00903619 0.00236442 -0.00599977 -0.00164153 -0.0169272 0.0323609 0.0239105 -1.47211e-05 -0.000157904 0.0225114 -0.0046418 0.0309358 0.032219 3.88533e-05 5.78409e-05 0.0398441 -0.0023095 0.0233961 1.78117e-06 -0.000114558 -0.0228141 0.000167745 -0.0329882 -0.00317171 -0.000175483 -0.00159522 -0.000143803 -0.00425181 -0.000571678 -0.0168664 0.00155188 0.000566774 -0.0131156 -0.0224389 -0.00380224 7.19304e-07 0.0281533 -0.000236942 -0.00320819 -0.000506143 -0.00221491 -0.0198924 0.000534127 0.000509633 -0.000973075 -0.00330203 0.00189229 -8.68574e-05 -0.010541 0.0189014 -0.018086 -0.00670674 0.0345557 0.00287637 -0.0201966 -0.000453088 -0.00328102 -0.000880554 3.50266e-05 0.000326603 -0.00441521 -0.000334296 1.40655e-05 -0.0088433 -6.5833e-07 0.0188232 -0.000289847 -1.09277e-05 -0.00252764 -0.00418915 0.000214672 -0.0350291 -0.000118158 -0.000386447 6.85384e-05 -0.0409973 -0.0130739 -0.0350518 -0.000309267 3.31539e-05 0.00989136 -0.0159008 0.0401773 -0.000399348 -0.00138458 -0.000242168 2.90836e-06 -7.94519e-05 -0.00879722 -0.000161854 -0.000416704 2.80265e-05 0.000918915 -9.55005e-05 -0.00322797 -9.99531e-06 
-0.000166009 1.30198e-06 0.00244138 -0.00903619 0.0110249 -0.000146563 -0.000778691 -6.60591e-05 -0.000890072 -0.000393913 -0.00556491 -4.58673e-05 0.000325529 -0.00425762 -5.14826e-05 -0.00579465 -0.00807594 -2.8472e-05 -2.23775e-05 -0.00252084 0.00462355 -0.00293842 -2.09502e-05 -3.30626e-06 -0.000496323 -4.22983e-05 -0.00148835 -0.000142483 -2.7418e-06 -0.0012714 -6.70811e-06 0.00286482 -9.68369e-07 -0.00476562 -0.000428855 1.4628e-05 0.00931714 -0.000660506 0.00374288 -1.57518e-08 -0.00336093 2.83106e-06 7.99805e-06 3.59974e-05 0.000566444 0.00952925 -4.48563e-05 0.000198839 0.000286609 -0.000179077 -0.000275048 3.60491e-05 -0.00691937 0.00427265 -0.00102595 0.0074535 -0.00399258 -0.000439435 -0.00109173 -3.02658e-05 -0.0004802 0.000668801 -3.09126e-05 -0.00522605 0.0040201 -3.10408e-06 -2.27127e-06 0.00279901 -9.1052e-09 -0.00932022 2.5484e-05 -3.46541e-07 -4.97859e-05 -0.000213967 -6.17181e-05 -0.000769543 -1.49684e-05 -4.26688e-06 -1.2986e-05 -0.000995813 0.00954304 -0.00180002 -7.79172e-06 -6.71978e-06 -0.00140692 0.00873538 0.00253136 9.63539e-05 0.00446855 0.000103519 -1.85437e-07 6.05296e-05 -0.00230933 2.21727e-05 0.000333401 -3.76736e-06 -0.000147607 -1.32477e-06 0.000182927 7.1536e-07 
-0.00053721 3.62763e-07 -0.00290988 0.00236442 -0.000146563 0.0339952 -0.00242217 -8.37254e-05 -1.65543e-05 0.00286394 0.0115855 -9.99581e-05 -2.23951e-05 0.0140165 -0.000228044 0.00267941 -0.00486135 -0.00190917 -6.64144e-05 0.00750582 -0.000702903 0.0191364 -7.47783e-05 -2.15629e-05 -0.00133167 -0.000217357 -0.00385319 -0.000587607 -7.48965e-06 -0.00508503 -2.62711e-05 -0.000295789 -8.76399e-05 -0.00728046 -0.000631697 -0.000111348 -0.000507642 -0.00164429 -0.00383933 3.57281e-06 0.0103433 -1.04053e-05 -0.000945068 7.07597e-05 -0.00141456 -0.000811502 -0.00020698 6.7589e-05 -6.5579e-05 -0.000541343 -0.000875898 -1.05043e-05 -0.0184016 -0.00877651 -0.00846223 -0.00107205 0.013545 -0.00149651 -0.00383504 -8.93742e-05 -0.00155582 0.00244465 -8.14549e-05 -0.0136883 -0.000250656 -1.33541e-05 -8.33712e-06 -0.000630289 -2.87767e-08 0.00139644 -1.26518e-05 -9.42968e-07 -0.000180402 -0.000707436 -0.000246226 -0.002452 -7.28614e-05 8.64728e-05 -3.25122e-05 -0.00252762 -0.000532963 -0.00533184 -3.81923e-05 -2.21542e-05 0.00204321 -0.00279464 0.00840651 -2.78885e-05 -0.0139568 1.36652e-06 2.49296e-08 -4.07029e-05 -5.25946e-05 -6.47077e-06 -8.91944e-06 -8.16919e-06 -0.000462607 -7.79543e-06 -0.000178262 -7.46549e-07 
-0.00139516 -2.61427e-06 0.0716181 -0.00599977 -0.000778691 -0.00242217 0.0802259 -0.000316844 0.0654123 0.0116853 -0.043815 -0.000366349 -7.24741e-05 -0.0332527 0.00230179 -0.0190629 -0.0674057 0.000363841 -0.000192829 -0.0433589 -0.0146048 -0.024127 -0.000199354 0.000100767 -0.00394712 -0.000206331 0.00753466 -0.00153646 -2.18422e-05 -0.0126134 4.84841e-05 -5.44036e-05 -0.000185838 0.0368583 0.0294693 -0.000421804 -0.00113818 -0.00204673 -0.00922653 -1.30772e-06 -0.017107 -5.0454e-05 -0.00260708 1.94297e-05 -0.000950757 0.00329548 -0.000432247 -0.000596565 0.000410666 -0.00136364 -0.00220259 -2.59024e-05 0.0266127 -0.0327633 -0.0215451 -0.00126581 -0.0248972 -0.00417843 -0.00890821 -0.000237684 0.00187591 -0.000594867 -0.000255067 -0.0389404 0.000399629 8.00912e-05 -2.2926e-05 -0.00162676 -7.18368e-08 -0.0209424 -2.7333e-05 -1.68668e-06 0.000601385 0.00259753 0.00452332 0.0158405 -0.000177773 0.000386679 5.56877e-06 0.0334969 0.00256336 -0.00671447 -9.36843e-05 -5.4118e-05 0.00128591 -0.0022478 0.0124298 -3.40445e-05 0.0457923 -2.62147e-05 -1.14892e-06 -9.66536e-05 0.0199296 -1.90552e-05 0.000391493 -3.31503e-05 -0.00114224 -3.32961e-05 0.00283327 1.12409e-07 
-8.07295e-05 3.26695e-06 -0.000652426 -0.00164153 -6.60591e-05 -8.37254e-05 -0.000316844 0.00589964 0.00012094 -0.00376553 -0.000777127 -1.76382e-05 -3.32939e-06 0.000521305 0.000121939 -0.00124946 -0.00113054 1.70088e-05 -1.23501e-05 -0.00239525 0.000531207 -0.00164368 1.37362e-05 6.46248e-05 0.000687357 -1.59926e-05 0.00295665 -4.34783e-05 -1.45369e-06 -0.000835964 2.54783e-05 3.97227e-05 8.13262e-05 0.00284856 -0.000220907 9.17359e-06 -9.2216e-05 0.000909176 -0.000439314 -8.82316e-08 -0.00231739 -3.72634e-06 -9.34343e-05 -9.16488e-06 -0.000241686 -0.00013591 -4.63005e-05 -3.19246e-05 -1.52173e-05 -8.5988e-05 -0.0001095 -1.77484e-06 0.00172319 -0.00199673 0.00242322 -0.000186096 -0.00157383 -0.000266637 0.00200663 2.3944e-05 -0.000206848 -8.37651e-05 0.000930071 0.0025288 -3.35103e-05 5.79862e-05 -1.3546e-06 -5.26181e-05 2.38487e-07 0.000280006 -7.19972e-07 -1.88016e-07 4.38501e-05 -0.000104072 -4.33902e-05 0.00152934 -8.65802e-06 -3.88067e-06 -9.40132e-06 0.00121945 -9.1681e-05 0.00252035 1.26547e-05 -3.73138e-06 0.000264447 -0.000509088 -0.00412712 -3.67668e-06 -0.00252108 -1.56999e-06 -3.27604e-07 -1.33184e-06 0.000112848 9.39281e-07 -9.44996e-06 -2.31007e-06 -7.58747e-05 -1.9493e-06 -3.03951e-05 -1.44584e-07 
-0.00177104 -3.13324e-06 0.07197 -0.0169272 -0.000890072 -1.65543e-05 0.0654123 0.00012094 0.0989664 -0.000751995 -0.0465466 -0.000473261 -8.56979e-05 -0.03331 0.00405779 -0.0242376 -0.082998 0.000343933 -0.000241613 -0.0580506 -0.0104003 -0.0338641 -0.00022932 6.40791e-05 0.00154417 -0.000275825 0.0231624 -0.00188709 -2.76542e-05 -0.0152277 5.93941e-05 -0.000763968 -4.00279e-05 0.0445834 0.0346149 -0.000589627 -0.00128635 0.00488149 -0.0109966 -1.30903e-06 -0.0303221 -3.12696e-05 -0.00307148 0.000132394 -0.000738809 0.00340615 -0.000740929 -0.000766647 0.000498247 -0.00143894 -0.00277202 -3.28221e-05 0.0327217 -0.0412113 -0.0178638 -0.00196848 -0.0339701 -0.00528301 -0.00452214 -0.000308432 0.00269005 0.000105969 -0.000285944 -0.0407421 0.000525815 0.000185898 -2.85874e-05 -0.00205749 2.69048e-07 -0.0203847 1.68043e-05 -2.58486e-06 0.00243604 0.00404694 0.00526429 0.0221554 -0.000135991 0.000404105 -0.000102054 0.0469603 0.00275188 0.00417643 -9.84591e-05 -6.83774e-05 0.00178952 -0.00391328 0.00325916 -3.20007e-05 0.0418784 -2.22e-05 6.55573e-06 -8.25039e-05 0.0281833 -1.19467e-06 0.000335418 -4.38682e-05 -0.0014078 3.19728e-06 0.00262648 2.30721e-06 
-0.010771 -2.22036e-05 0.0208811 0.0323609 -0.000393913 0.00286394 0.0116853 -0.00376553 -0.000751995 0.186198 0.0251679 -0.00281998 -8.33646e-05 -0.0506175 0.00030254 0.00174165 0.00765853 0.000282547 -0.00164385 0.129144 -0.116753 0.0703422 -0.00116821 -0.000102035 -0.0341004 -0.00436839 -0.0739184 0.00117103 -0.000182146 -0.100354 1.27309e-06 -0.00572571 -0.00116851 -0.0764842 0.00964626 -0.000694483 -0.00415141 -0.0301877 -0.0666012 1.30483e-06 0.0771905 -0.000462125 0.00296378 0.000303967 -0.0203518 -0.00354746 0.00170191 -0.000407209 8.74769e-05 0.00268198 -0.017246 -0.000192898 -0.0527777 0.0752907 -0.0234454 -0.00440032 0.0883526 0.01169 -0.0102639 -0.00171085 0.0103311 0.00255696 -0.00227631 0.0436453 1.23584e-06 -0.000112921 5.11329e-05 -0.0082299 -6.14615e-07 -0.00756492 -0.000244885 -2.0772e-05 -0.00346021 -0.00165281 0.000601474 -0.0468411 -0.00133596 0.000127883 0.000261638 -0.0295939 0.000920311 -0.0781392 -0.000812966 -0.000468547 0.0336424 -0.043445 0.124392 -0.000244097 -0.0367847 -0.000206557 -1.36629e-05 -0.00071492 0.0169981 -0.000166092 0.000247734 6.84533e-05 -0.00976592 -0.000150844 0.000345417 -2.1632e-05 
-0.000744914 -9.54323e-06 -0.058376 0.0239105 -0.00556491 0.0115855 -0.043815 -0.000777127 -0.0465466 0.0251679 0.25 -0.00129167 -4.72476e-05 0.0993363 -0.00326192 0.0183123 0.0646728 -0.00152802 0.000792223 0.0623109 -0.00596862 0.0173771 -0.000276539 -0.000219964 -0.00498673 -0.00130086 -0.0545154 0.0067112 -0.00010351 -0.00679489 6.75272e-06 -0.00375818 -0.00132001 -0.0712902 -0.0197531 -0.00323291 -0.00344902 -0.0114 0.00861566 -5.26161e-06 -0.0204017 -0.000115842 0.00992484 -0.000482883 -0.00667999 -0.00612832 -0.00186626 3.41828e-05 -0.000747468 0.00650598 -0.0037438 -0.000123979 0.0106536 0.00156599 0.0350505 -0.0126601 0.0105932 -0.00316563 -0.026816 0.0010093 0.00777287 -0.00412736 -3.08411e-05 0.0435573 -0.00332489 -0.000160351 -1.60432e-05 0.00204896 -4.08239e-07 0.0185597 1.63385e-05 1.1717e-05 -0.00199966 -0.00682293 -0.00380431 -0.0363973 -0.000686734 -0.000154716 -0.000392203 -0.0391999 -0.00766469 -0.0199781 -0.000209935 -0.000188712 -0.00122455 -0.0107622 0.000409201 -8.78458e-07 -0.113184 -6.82515e-05 -2.30836e-05 0.000167296 -0.0516488 -7.09233e-05 -0.000626157 -1.72708e-05 0.00116913 -5.98996e-05 -0.00172213 -1.18749e-05 
0.000728469 9.99931e-07 -0.000470503 -1.47211e-05 -4.58673e-05 -9.99581e-05 -0.000366349 -1.76382e-05 -0.000473261 -0.00281998 -0.00129167 0.00424615 3.47833e-05 -0.00151429 -8.85489e-06 -0.000770619 0.000611046 -0.000305551 1.24819e-05 -0.00257857 0.00280296 -0.0011585 0.000459238 1.05064e-05 0.000115977 0.00142677 -0.0005809 0.000275184 1.23745e-05 0.0032264 -1.74024e-06 8.94616e-05 5.63829e-05 -0.00193185 -0.000170213 -1.00034e-05 -1.61219e-06 -0.000224839 -0.00034498 -6.33964e-08 0.00153712 6.24543e-06 0.000129945 2.47963e-06 0.00312388 -3.55722e-05 -3.18056e-05 -1.66849e-05 -2.92729e-06 0.000319955 0.00314528 3.90914e-05 0.000699054 -0.00158996 -0.000908306 0.00090903 -0.00192425 -0.000186475 -0.000406338 0.000349456 -6.26341e-05 -3.14203e-05 -1.2705e-05 -0.00190375 -3.45766e-05 2.26422e-06 -4.15557e-07 3.12212e-05 -3.48254e-09 9.46878e-05 -1.54241e-06 2.35824e-06 1.89752e-06 0.00121801 -3.22047e-05 -0.00038659 0.000149962 -2.40501e-06 5.41708e-06 -0.000336619 -6.33106e-05 -0.000680849 -4.68856e-06 0.000194112 -0.00381872 0.00333362 -0.00293957 8.75627e-06 0.00108441 3.3976e-06 3.57128e-06 -3.41548e-07 -0.000547297 4.88339e-05 -1.91878e-06 6.26633e-07 0.000498881 6.30485e-05 4.94194e-05 1.17456e-06 
0.000157934 -1.25701e-08 1.4429e-05 -0.000157904 0.000325529 -2.23951e-05 -7.24741e-05 -3.32939e-06 -8.56979e-05 -8.33646e-05 -4.72476e-05 3.47833e-05 0.000870824 -0.000342551 1.07879e-05 -0.000591034 -0.000201923 -0.000111477 1.1936e-05 -5.10082e-05 -7.45681e-05 -0.000261231 1.03099e-05 2.17598e-06 7.87877e-06 6.34732e-05 -5.58746e-05 0.000124072 5.02438e-08 -8.87984e-05 4.42907e-06 7.78424e-05 3.53795e-05 -0.000355486 -3.15479e-05 9.69508e-06 0.000127026 -4.2632e-05 6.54624e-05 -1.29575e-08 -0.000304199 -4.55127e-07 0.000767683 -6.79894e-07 5.41421e-05 0.000126713 -6.67421e-06 2.581e-06 1.30695e-05 2.26345e-05 8.96171e-05 1.1316e-05 -0.000210633 0.00032047 0.000178936 1.13781e-05 -0.000116419 2.77133e-07 -5.14022e-06 9.28619e-05 -2.19499e-05 0.000204668 -1.31829e-06 -0.000112125 2.82984e-05 -5.77927e-08 1.63601e-06 0.000178267 -7.11793e-10 -0.000112702 4.84748e-07 8.54239e-06 7.78739e-06 -8.69028e-06 -5.53909e-06 -3.62776e-05 3.9478e-05 5.34253e-08 -1.38453e-06 -8.528e-05 0.000302546 -8.09587e-05 1.00838e-06 1.2112e-05 -0.000264703 7.84865e-05 -0.000405715 0.000149023 -0.000344828 2.4785e-06 5.31889e-07 -1.00784e-06 -0.000201934 1.38932e-05 -1.40743e-06 -3.19439e-07 9.70361e-05 -1.27532e-07 0.000238897 1.71028e-07 
0.0034219 1.48064e-05 -0.0382203 0.0225114 -0.00425762 0.0140165 -0.0332527 0.000521305 -0.03331 -0.0506175 0.0993363 -0.00151429 -0.000342551 0.23947 -0.00265359 0.0308392 0.0447581 -0.00155138 0.00110911 -0.0186349 0.0790255 -0.0112515 -0.000597001 -2.01959e-05 -0.00626071 -0.00212432 0.00202433 -0.00425018 3.18653e-05 0.0528201 -0.000321552 -0.00107416 -0.000989948 -0.00661346 -0.0151439 -0.00160817 -0.00142384 -0.0178403 0.0532515 -1.94446e-06 -0.0634196 2.76221e-05 -0.0119601 -0.000342736 -0.00419903 -0.00427027 -0.00255841 0.000964055 -0.00100645 -0.00469952 -0.0040261 -7.24693e-05 0.0168497 -0.049514 0.00538973 -0.00538355 0.00736974 -0.0140344 -0.0363668 0.000474263 -0.0110725 -0.00311418 0.00167019 -0.0498039 -0.00221762 -0.000159969 -4.77693e-05 -0.00011041 -3.14531e-07 0.0145567 4.21258e-05 -6.07249e-06 -0.000550537 -0.00569537 -0.00223023 -0.0229354 -0.000419031 -9.71675e-05 -0.000310464 -0.0350512 -0.00601204 0.00157968 -8.3195e-05 -0.000244995 -0.00323198 0.0081906 -0.0195444 -0.000259723 -0.0173157 5.10499e-05 -1.29923e-05 0.000490013 -0.0614144 -7.75897e-05 -0.000352449 -0.000119845 -0.000843888 -7.8214e-05 -0.00166521 5.86921e-07 
-9.21264e-05 -2.03983e-07 0.00452155 -0.0046418 -5.14826e-05 -0.000228044 0.00230179 0.000121939 0.00405779 0.00030254 -0.00326192 -8.85489e-06 1.07879e-05 -0.00265359 0.00681639 -0.00594423 -0.00442838 2.92265e-05 -1.50458e-05 -0.0043222 -0.00158105 -0.00199191 -1.48567e-05 3.8211e-05 -0.000122841 8.96386e-05 0.0022494 -4.54081e-05 -1.70427e-06 9.16388e-06 -1.97343e-06 -2.94396e-05 0.000381025 -0.00117401 -0.000130739 -4.91008e-05 -1.43039e-05 -0.000312778 -0.000536507 3.87963e-07 -0.00200478 6.22219e-05 0.000338766 0.000128739 0.00329511 0.00274109 -4.55518e-05 -4.85414e-05 0.000271405 -6.30171e-05 -7.93932e-05 1.57078e-06 0.00212915 -0.00247015 -0.00172012 1.32478e-05 -0.00293052 2.76613e-05 0.000315062 -1.80988e-05 0.000125401 0.00084501 7.44112e-05 -0.00253824 0.000110457 5.97941e-05 -9.4347e-07 -0.000126414 -5.60519e-09 -0.00338052 3.14747e-06 -2.00769e-07 0.000104992 0.0042492 -1.7482e-05 0.00109946 9.03875e-06 0.000192632 -1.17658e-06 0.00434529 0.00260188 0.00127354 2.2407e-05 1.91476e-06 -0.00332523 0.00268595 -0.00347037 -2.55429e-07 0.00285604 -1.01216e-06 1.14469e-07 2.51507e-05 0.00120782 2.63101e-06 -4.52525e-06 -1.80549e-06 -6.44426e-05 -2.23089e-06 0.00181954 -1.41901e-07 
0.000809073 2.68278e-07 -0.0249039 0.0309358 -0.00579465 0.00267941 -0.0190629 -0.00124946 -0.0242376 0.00174165 0.0183123 -0.000770619 -0.000591034 0.0308392 -0.00594423 0.0732421 0.031739 -7.67737e-05 0.000160379 0.0228257 0.0121042 0.019545 0.000136817 -0.000200338 -0.00579404 -0.00295337 -0.0169072 -0.00927728 1.64991e-05 0.00536478 -0.000117069 9.45399e-05 -0.00143299 -0.0172271 -0.00654938 0.00026103 -0.0051291 -0.00990181 0.0010171 4.76336e-07 0.0237252 -0.000108929 -0.012816 -0.000385492 -0.00636071 -0.0106136 0.000503977 0.00046475 -0.000588534 -0.0104193 -0.00104931 -1.40531e-05 -0.0175771 0.0191834 0.00320971 -0.0086167 0.0213708 0.000845128 -0.00842654 8.42521e-06 -0.0188682 -0.00214713 0.000138224 0.00596662 -0.00283553 -0.0003506 -3.75461e-07 0.000701134 -2.41681e-07 0.0190755 -5.95214e-05 -7.84909e-06 -0.00261908 -0.00761383 0.000220031 -0.0199693 -0.000335439 -0.000417208 8.45034e-05 -0.0296555 -0.00994525 -0.0222978 -5.09284e-06 -3.27399e-05 0.00576863 -0.0087868 0.0243552 -0.000111706 -0.00809352 1.14222e-06 1.6325e-06 -2.34593e-06 -0.00353748 -0.000132517 -0.000566246 2.45656e-05 0.000353096 1.82151e-05 -0.00435075 -6.22919e-06 
0.00231589 1.55129e-08 -0.0740087 0.032219 -0.00807594 -0.00486135 -0.0674057 -0.00113054 -0.082998 0.00765853 0.0646728 0.000611046 -0.000201923 0.0447581 -0.00442838 0.031739 0.125945 0.000523821 0.000317791 0.0600454 0.0103003 0.0311314 0.000325023 -0.000105699 -0.00815759 0.000468545 -0.034307 0.00243727 -1.52768e-05 0.0158364 -1.53934e-05 -0.00448309 -0.000494718 -0.0455903 -0.0336289 0.000296774 -0.00679279 -0.0102441 0.011521 -1.83959e-06 0.0290081 1.97134e-05 0.00323701 -0.000415348 0.00137816 -0.0115981 0.000881576 3.97492e-05 -0.000482541 0.00166557 0.00366468 -5.44743e-05 -0.0239323 0.0369702 0.0210112 -0.00342446 0.0385056 0.00558739 -0.00145792 0.000403999 -0.0016389 -0.00678534 0.000421004 0.0471913 -0.00468227 -0.000272025 1.65487e-05 -0.000312154 -5.15975e-07 0.0308216 -3.96027e-05 3.95517e-06 -0.00366614 -0.00305131 -0.002937 -0.0394067 0.000180979 -0.000411463 1.77657e-05 -0.0543178 -0.0115405 -0.0150864 -4.06584e-06 7.61694e-05 -0.00210275 -0.0023909 0.000829727 -5.27839e-05 -0.0454918 -0.000164575 -9.44892e-06 -1.77234e-05 -0.0404134 -0.000124988 -0.00102006 4.51155e-05 0.00184571 -4.89047e-05 -0.00263704 -6.95932e-06 
-0.000967665 -1.80747e-06 0.000479863 3.88533e-05 -2.8472e-05 -0.00190917 0.000363841 1.70088e-05 0.000343933 0.000282547 -0.00152802 -0.000305551 -0.000111477 -0.00155138 2.92265e-05 -7.67737e-05 0.000523821 0.00443944 -0.000119948 -0.000165563 4.96266e-05 -0.00164618 -0.000267476 -4.11717e-05 -0.000119918 -0.000360205 0.000303962 -0.000339598 -0.000124296 -0.00025572 -1.18911e-05 -7.41663e-05 9.923e-06 0.00153015 6.21867e-05 2.9388e-05 -0.000175041 0.000223587 -0.000115347 -1.63037e-06 -0.00173693 -1.43074e-05 -0.000237377 -0.000200128 -0.000410162 -9.5832e-05 1.8685e-05 -9.38527e-05 8.05409e-06 -0.000143989 -0.000690318 -2.66398e-05 0.00181093 0.001315 0.00077992 5.92705e-05 -0.0010108 6.8216e-05 0.000479664 -0.000351515 -0.000502372 -0.000204911 4.84191e-06 0.00175796 -2.55935e-05 -8.2119e-07 -1.31436e-05 -0.000189424 -3.16358e-07 0.000190972 -1.45437e-05 -2.05121e-05 -2.17317e-05 7.64026e-05 3.21331e-05 0.000379506 -0.00013565 -2.73842e-05 -8.15088e-06 0.000401521 -5.33703e-05 0.000515869 4.07295e-06 -0.000181593 0.00100173 -0.000350764 0.000110818 -0.000102585 0.00166393 -8.49517e-05 -2.07405e-05 -1.78103e-05 -0.0012149 -5.24565e-05 -0.000107938 -8.7192e-06 -0.000594638 -3.55562e-05 -0.00010277 -3.17882e-06 
0.000376878 8.91516e-07 -0.00025261 5.78409e-05 -2.23775e-05 -6.64144e-05 -0.000192829 -1.23501e-05 -0.000241613 -0.00164385 0.000792223 1.24819e-05 1.1936e-05 0.00110911 -1.50458e-05 0.000160379 0.000317791 -0.000119948 0.00218735 -0.0014247 0.00137275 -0.000676831 0.000111031 4.38184e-07 -7.74267e-05 1.42767e-05 -9.7115e-05 -3.19644e-05 1.84567e-06 0.00186375 -5.98302e-07 1.29797e-05 -4.69943e-06 -0.000279182 -8.77732e-05 -7.20998e-06 2.69729e-06 -0.000115318 0.000807161 1.12074e-06 -0.000627031 1.94216e-06 -4.91839e-05 -4.58567e-06 0.00110541 -2.07535e-05 -1.6063e-05 -4.77772e-06 4.58198e-05 -3.25322e-05 0.000933006 1.16744e-05 0.000459541 -0.000821028 -0.000520914 -5.79822e-05 -0.000271613 -9.64831e-05 -0.000238907 1.09233e-05 -8.6822e-05 -3.25764e-05 9.86555e-05 -0.00103516 -1.67605e-05 3.1699e-06 -1.25091e-07 4.7409e-06 -1.79026e-09 0.000109236 5.60431e-07 -6.94474e-08 -2.44681e-06 -4.36418e-05 -1.16027e-05 -0.000194528 -2.94362e-06 1.62994e-06 7.9378e-06 -0.000214155 -3.13014e-05 -0.000304458 -1.95357e-06 3.08917e-05 -0.0016807 9.55231e-05 -0.0015513 -1.49604e-06 -0.000369533 3.60574e-07 7.67899e-06 0.000464389 -0.00042259 -3.40325e-07 -3.12545e-06 1.61626e-08 0.00148249 6.02323e-05 -1.1615e-05 1.92181e-07 
-0.00936454 -2.02142e-05 -0.0468327 0.0398441 -0.00252084 0.00750582 -0.0433589 -0.00239525 -0.0580506 0.129144 0.0623109 -0.00257857 -5.10082e-05 -0.0186349 -0.0043222 0.0228257 0.0600454 -0.000165563 -0.0014247 0.215659 -0.11134 0.0953051 -0.000971204 -0.000315501 -0.0301491 -0.00416926 -0.0702165 0.00384835 -0.000154294 -0.0888817 -2.81589e-05 -0.00520008 -0.00118489 -0.0782945 -0.0164567 0.000401195 -0.00630738 -0.0242316 -0.0681038 2.02833e-06 0.088585 -0.000503552 0.00621612 0.000129531 -0.0278734 -0.0113619 0.00205457 0.00216308 -0.000738236 0.00391579 -0.0162865 -0.000203319 -0.0832487 0.109991 -0.00167699 -0.0117383 0.0978103 0.0143084 0.000673268 -0.00147508 0.0116619 0.00270797 -0.00194541 0.0855893 -0.000183311 -0.000223778 6.57697e-05 -0.0065303 -5.49673e-07 0.0102878 -0.000231538 -1.86341e-05 -0.00104946 -0.0122468 -0.00459044 -0.0496935 -0.00062703 -0.000305674 0.00033677 -0.0653032 -0.00553052 -0.0467276 -0.000284541 -0.000429293 0.0399698 -0.052392 0.0960451 -0.0001912 -0.0998053 -0.000168882 -1.69393e-05 -0.00058933 0.00345586 -0.000112993 -0.00036443 7.02652e-05 -0.00911788 -7.85122e-05 -0.00332601 -1.40497e-05 
0.00879574 1.75453e-05 -0.0164614 -0.0023095 0.00462355 -0.000702903 -0.0146048 0.000531207 -0.0104003 -0.116753 -0.00596862 0.00280296 -7.45681e-05 0.0790255 -0.00158105 0.0121042 0.0103003 4.96266e-05 0.00137275 -0.11134 0.190075 -0.0544528 9.50183e-05 1.68115e-05 0.0120596 0.00369436 0.0209845 -0.0021339 0.000180787 0.102019 -5.6496e-05 0.00607461 0.000317688 0.0437941 -0.00918854 0.00103722 0.00854008 -0.00802318 0.0768846 -3.44736e-06 -0.0544582 0.000448277 -0.00651273 -0.000461273 0.0225448 0.00762964 -0.00157749 0.000550998 -0.000150833 -0.00311174 0.0153571 0.0002159 0.0255503 -0.0781358 -0.012377 0.0158346 -0.060409 -0.0105158 -0.0270544 0.00146327 -0.0113214 -0.00349334 0.00113462 -0.095072 0.000929107 -6.62942e-05 -5.34556e-05 0.00837889 1.91584e-07 0.00337449 0.000156956 1.00051e-05 -0.00110207 0.00340436 -0.000158565 -0.00121116 0.000326637 -0.000103972 -0.000162022 -0.00975548 0.0031207 0.0172968 -8.65624e-05 0.000231827 -0.034544 0.0534956 -0.0636815 0.000229799 0.0820385 0.000214469 -8.67059e-06 0.000676938 -0.0277597 -5.94221e-06 7.35437e-05 -6.35315e-05 0.00770301 0.000109868 -0.000437476 7.66942e-06 
-0.00394219 -8.61336e-06 -0.0299444 0.0233961 -0.00293842 0.0191364 -0.024127 -0.00164368 -0.0338641 0.0703422 0.0173771 -0.0011585 -0.000261231 -0.0112515 -0.00199191 0.019545 0.0311314 -0.00164618 -0.000676831 0.0953051 -0.0544528 0.21542 -0.000430571 -7.71412e-05 -0.0143935 -0.00196608 -0.0434778 -0.00494008 -7.06801e-05 -0.0439215 -6.68569e-05 -0.00264848 -0.000674992 -0.0517728 -0.0120552 0.00189067 -0.00475837 -0.0126963 -0.034913 3.97456e-06 0.13986 -0.000225596 -0.00758409 0.00063681 -0.0127812 -0.00712586 0.000537167 0.000847663 -0.000739234 -0.00460652 -0.00753869 -9.3369e-05 -0.118087 -0.00138191 -0.0777868 -0.00915774 0.132483 0.0203343 -0.0225321 -0.000797639 -0.00183508 0.00640768 -0.000950074 -0.00133655 -0.0015172 -0.000115088 9.46313e-05 -0.00532119 -2.56469e-07 0.00448918 -0.000112523 -9.93555e-06 -0.00164989 -0.00632239 -0.00191013 -0.0269008 -0.000619515 -8.96255e-05 0.000663268 -0.030729 -0.00465933 -0.0560464 -0.000344472 -0.00018843 0.018682 -0.0265071 0.084344 -0.000244521 -0.0781622 -7.22031e-05 -8.45185e-06 -0.000329494 0.0161935 -7.30902e-05 -0.000161835 0.000159283 -0.00414973 -2.53368e-05 -0.00167203 -7.77477e-06 
0.000873003 -6.7406e-08 -0.000267153 1.78117e-06 -2.09502e-05 -7.47783e-05 -0.000199354 1.37362e-05 -0.00022932 -0.00116821 -0.000276539 0.000459238 1.03099e-05 -0.000597001 -1.48567e-05 0.000136817 0.000325023 -0.000267476 0.000111031 -0.000971204 9.50183e-05 -0.000430571 0.00226289 6.36325e-07 -7.4198e-05 0.000190093 0.00039148 -3.46797e-05 4.35349e-06 0.00107765 6.72864e-06 6.12627e-05 1.2054e-05 -0.000359273 -9.08115e-05 -1.96459e-06 -3.97333e-06 0.000193523 -0.000156394 2.03628e-06 0.000571965 -1.36879e-06 -5.37697e-05 -3.23107e-06 0.00108194 -3.04644e-05 -1.44054e-05 -5.01569e-06 1.56772e-05 -3.58063e-05 0.00126593 4.6184e-06 -2.73205e-05 -0.000573845 -2.6758e-05 -6.86624e-05 -0.0007077 -5.67752e-05 -3.88954e-05 9.01636e-06 -0.000101783 -3.26586e-05 2.87656e-06 -0.000309943 -1.66665e-05 4.83092e-06 -5.91549e-07 -3.10921e-06 3.81478e-08 8.19996e-05 3.49651e-07 -7.18514e-08 -1.25931e-05 -2.5655e-05 -1.72704e-05 -0.000190663 -1.10487e-06 -1.15635e-06 1.57883e-05 -9.30085e-05 -3.05451e-05 -2.32712e-05 6.433e-06 0.000281514 -0.00126435 0.00090478 -0.00129533 3.21387e-06 -0.000882536 -6.89151e-07 1.74215e-05 -6.86718e-07 -0.000416113 3.79932e-07 -3.73451e-06 5.1027e-06 0.00106952 4.56536e-05 -1.13162e-05 -6.67181e-08 
5.07344e-05 1.92099e-06 0.000120713 -0.000114558 -3.30626e-06 -2.15629e-05 0.000100767 6.46248e-05 6.40791e-05 -0.000102035 -0.000219964 1.05064e-05 2.17598e-06 -2.01959e-05 3.8211e-05 -0.000200338 -0.000105699 -4.11717e-05 4.38184e-07 -0.000315501 1.68115e-05 -7.71412e-05 6.36325e-07 0.000639061 -2.35195e-05 1.26146e-08 0.000164068 7.32372e-07 1.71645e-05 3.04046e-05 5.27528e-06 5.6276e-06 -8.41894e-07 -2.47904e-05 1.49225e-05 -4.60825e-07 2.60076e-05 -3.19003e-05 5.68474e-05 2.03827e-07 -0.000211533 -4.8555e-07 1.9182e-05 3.49023e-05 -2.07775e-05 0.000161505 -2.50508e-06 -4.08346e-06 -1.04462e-07 -7.59062e-06 -1.60748e-05 5.25431e-07 6.00902e-05 -0.000139323 9.13365e-05 1.28533e-05 -0.000183452 2.64146e-05 3.35059e-05 3.645e-06 -2.59409e-05 -5.44533e-06 6.6399e-05 -2.5207e-05 4.2923e-05 5.60771e-06 -1.66787e-07 3.31036e-06 -5.22234e-10 -0.000189999 8.48704e-07 2.18641e-06 1.94166e-06 9.61033e-05 -3.58158e-07 -2.23831e-05 2.7354e-06 2.37187e-06 -6.58297e-07 0.000118739 9.82597e-05 -3.34683e-05 -3.5642e-07 -1.1205e-07 -0.000170199 0.00011113 -0.000241233 1.60249e-07 8.71145e-05 2.94357e-05 -3.52987e-08 1.33657e-05 -0.000125359 -1.66369e-07 3.34871e-05 -2.23934e-07 3.07408e-05 1.13679e-07 0.000104545 2.80452e-06 
0.000211772 -1.23428e-07 -0.00525726 -0.0228141 -0.000496323 -0.00133167 -0.00394712 0.000687357 0.00154417 -0.0341004 -0.00498673 0.000115977 7.87877e-06 -0.00626071 -0.000122841 -0.00579404 -0.00815759 -0.000119918 -7.74267e-05 -0.0301491 0.0120596 -0.0143935 -7.4198e-05 -2.35195e-05 0.0437712 -1.21243e-05 0.0161294 -0.000265651 8.16353e-05 0.0080311 0.000115571 -0.000181949 -9.64571e-05 0.0143842 -0.00182125 -0.000338346 0.000914937 0.0165877 0.00591213 -6.8202e-07 -0.0173495 9.13199e-05 0.00115119 -6.66956e-05 0.00264684 0.00122722 -0.000356422 -0.000310575 -7.38125e-05 -0.00061848 0.00108785 7.27403e-06 0.0127172 -0.0165032 0.0110581 -0.00132051 -0.0202527 -0.00222394 0.0106991 0.000618497 -0.00175509 -0.000587578 -0.000102749 0.00125827 -0.000144202 5.72225e-05 -7.67532e-06 0.00233595 -3.74652e-08 0.00105387 4.68667e-05 1.26267e-05 0.00075501 0.000539641 -0.000234768 0.0228269 0.000876711 -2.88971e-05 -7.67339e-05 0.0203224 -0.000700037 0.0199518 -3.96563e-05 3.14435e-05 -0.0075568 0.00832699 -0.030327 0.000238733 -0.00302728 2.18272e-05 -2.46901e-06 -1.95634e-05 0.00254729 5.0358e-05 -6.04135e-05 -1.54273e-05 0.00167689 -7.37505e-06 -0.000205199 7.80049e-06 
0.000792921 1.198e-07 -0.000319975 0.000167745 -4.22983e-05 -0.000217357 -0.000206331 -1.59926e-05 -0.000275825 -0.00436839 -0.00130086 0.00142677 6.34732e-05 -0.00212432 8.96386e-05 -0.00295337 0.000468545 -0.000360205 1.42767e-05 -0.00416926 0.00369436 -0.00196608 0.000190093 1.26146e-08 -1.21243e-05 0.00624805 -0.000427315 0.000255531 4.30206e-06 0.00437828 -2.54485e-06 -4.49635e-05 0.000731244 -0.00218198 -0.00019647 -4.70151e-05 -7.97737e-05 -0.000176584 0.000988615 1.06525e-07 0.000539387 2.50392e-05 7.99074e-05 -1.2636e-05 0.00470809 -1.31519e-05 -4.96385e-05 -4.35318e-05 -1.1448e-05 -2.12283e-06 0.0043145 1.01297e-05 0.00171415 -0.0023536 -0.0015579 0.00307944 -0.00293365 -0.00027588 -0.000681968 0.000233907 -0.000253506 -4.19109e-05 -1.15023e-05 -0.00269431 -3.92845e-05 -1.67396e-06 2.89674e-06 -0.000116449 6.48651e-08 2.30051e-05 7.09116e-07 3.06748e-06 0.000137961 0.00134794 -2.88933e-05 -0.000193222 0.000219587 2.49536e-06 4.88656e-06 4.96084e-05 -1.92896e-05 -0.0005619 -3.78309e-06 0.00016763 -0.00522906 0.00468112 -0.00437905 -4.48601e-06 0.00129524 -1.8705e-06 8.82959e-06 1.50674e-05 -0.0011434 3.82642e-05 -8.63104e-06 7.3202e-08 0.00146253 8.1853e-06 0.000469161 -1.8496e-07 
0.00145015 1.30171e-05 0.00786413 -0.0329882 -0.00148835 -0.00385319 0.00753466 0.00295665 0.0231624 -0.0739184 -0.0545154 -0.0005809 -5.58746e-05 0.00202433 0.0022494 -0.0169072 -0.034307 0.000303962 -9.7115e-05 -0.0702165 0.0209845 -0.0434778 0.00039148 0.000164068 0.0161294 -0.000427315 0.119561 -0.0016548 -2.62346e-05 0.029 -2.0894e-05 0.0018788 0.000531954 0.0671815 0.000734343 -0.00102132 -0.00210901 0.0226795 0.0175688 -1.89071e-06 -0.0467079 -2.63188e-05 -0.00257799 0.00020089 -0.00232872 -0.00191201 -0.00102224 -0.000848717 8.21628e-05 -0.00173334 -0.00165179 -4.1073e-05 0.0433354 -0.0411922 -0.000647392 -0.00389601 -0.0621025 -0.00676077 0.01696 -0.00032868 -0.00366597 7.04877e-05 0.00118109 -0.019337 -0.000569497 0.000266416 -2.62981e-05 -0.00227015 3.66617e-07 -0.000472738 5.2106e-05 -4.39835e-06 0.00398232 -0.0015366 0.000430936 0.0498326 -0.000191907 -7.76355e-05 -0.000211203 0.0395983 -0.00200993 0.0793637 0.000704235 -6.66664e-06 0.00375431 -0.00848546 -0.0702536 -0.000103156 0.0150915 -4.1676e-05 -6.48379e-06 3.73525e-05 0.0219187 9.79993e-05 -0.000198541 -5.01921e-05 0.000281136 2.01515e-05 -0.000663051 7.55882e-07 
0.000579641 -2.18327e-07 -0.00202542 -0.00317171 -0.000142483 -0.000587607 -0.00153646 -4.34783e-05 -0.00188709 0.00117103 0.0067112 0.000275184 0.000124072 -0.00425018 -4.54081e-05 -0.00927728 0.00243727 -0.000339598 -3.19644e-05 0.00384835 -0.0021339 -0.00494008 -3.46797e-05 7.32372e-07 -0.000265651 0.000255531 -0.0016548 0.0172444 2.32615e-05 -0.00111661 9.15423e-06 -0.000142868 1.13023e-05 0.00302207 -0.000700383 -7.22348e-05 -0.000159593 -0.000955135 -0.000679728 8.62386e-07 -0.00665446 1.33524e-05 0.0105868 4.76026e-07 -0.000275634 -0.000284521 -0.000100035 -2.41133e-05 7.59423e-05 0.00823806 -0.000223373 -2.90913e-06 0.00292779 -0.000639462 -0.00172171 -0.000301617 -0.00475404 -0.000307304 -0.001503 0.000413984 0.00769999 -0.000167461 7.10759e-06 0.00149126 -0.000141386 4.32697e-07 7.71958e-07 -5.68599e-05 -1.43345e-08 0.000439103 -5.22207e-06 1.77473e-05 9.89505e-06 -0.000326251 -0.000126012 -0.000999142 0.000353889 -1.13605e-05 -2.71236e-05 -0.00171712 -0.000223908 0.00876586 -4.29868e-06 -8.99566e-06 -0.000569416 -0.000451796 -0.00976962 9.45863e-05 -0.0058023 -5.23672e-06 -9.32231e-07 -2.05276e-05 -0.00346688 4.20534e-05 -2.88355e-05 -6.7001e-06 -4.04031e-05 -7.11826e-06 7.87583e-05 -2.76336e-07 
6.84212e-05 -7.37977e-09 -2.93948e-05 -0.000175483 -2.7418e-06 -7.48965e-06 -2.18422e-05 -1.45369e-06 -2.76542e-05 -0.000182146 -0.00010351 1.23745e-05 5.02438e-08 3.18653e-05 -1.70427e-06 1.64991e-05 -1.52768e-05 -0.000124296 1.84567e-06 -0.000154294 0.000180787 -7.06801e-05 4.35349e-06 1.71645e-05 8.16353e-05 4.30206e-06 -2.62346e-05 2.32615e-05 0.000248248 0.000156796 5.37366e-06 3.23581e-05 -9.34094e-08 -9.1312e-05 -9.77893e-06 -1.75603e-06 0.000110807 -1.24681e-05 0.000115496 -3.69154e-09 -8.84705e-05 4.31581e-05 4.6872e-05 6.84057e-06 -7.66975e-07 8.80373e-05 -1.75033e-06 -7.17036e-07 3.84219e-06 5.24356e-07 5.20624e-06 4.92409e-07 -0.000146731 -4.70131e-05 0.000107414 -2.5675e-06 -0.000109066 8.64499e-06 -2.69798e-05 0.000110769 -1.1215e-05 -3.00757e-06 -6.6685e-07 -0.000113824 -3.97444e-07 -1.05732e-07 2.95236e-07 0.000176879 -2.02787e-10 -6.33304e-05 -8.98137e-08 4.6488e-06 -1.41667e-06 -2.15596e-07 -1.90901e-06 -2.13641e-05 7.6487e-06 -1.62364e-07 -4.23887e-07 -2.28208e-05 1.70895e-05 -4.63283e-05 -2.73013e-07 1.10548e-07 -0.000210671 0.00021015 -0.000163992 3.23667e-05 8.19969e-05 4.17612e-05 -1.37067e-08 2.23201e-05 -4.96332e-05 4.22065e-07 5.76086e-05 -9.86039e-08 -1.51732e-06 1.0632e-05 -1.32359e-06 1.1127e-06 
0.0111095 1.55474e-05 -0.014072 -0.00159522 -0.0012714 -0.00508503 -0.0126134 -0.000835964 -0.0152277 -0.100354 -0.00679489 0.0032264 -8.87984e-05 0.0528201 9.16388e-06 0.00536478 0.0158364 -0.00025572 0.00186375 -0.0888817 0.102019 -0.0439215 0.00107765 3.04046e-05 0.0080311 0.00437828 0.029 -0.00111661 0.000156796 0.12556 -0.000105873 0.00236866 0.00081463 0.0190235 -0.00589319 -0.000254334 0.00304712 -0.00431144 0.0681168 1.81035e-07 -0.0354625 0.000412244 -0.00325197 -0.000250698 0.0295991 0.00318066 -0.0010254 -0.000203302 2.25262e-05 -0.00119883 0.0202357 0.000214211 0.0332338 -0.0537743 -0.0113953 0.00726174 -0.0582748 -0.00629179 -0.0153881 0.00137505 -0.00571084 -0.00195889 0.000777159 -0.0677342 -0.00109449 -2.07624e-05 -3.23364e-05 0.00567664 -3.35792e-08 0.00475572 0.000121823 1.69211e-06 -0.000812682 0.00677151 -0.000904725 0.00209332 3.73499e-05 -7.624e-05 -0.000214128 -0.00581646 -0.00138818 0.0238862 1.71689e-05 0.000530944 -0.0426001 0.0526927 -0.0814056 -7.34941e-05 0.0588896 0.000119534 1.56957e-05 0.000679176 -0.0186382 -8.60224e-07 -0.000114901 -3.13389e-05 0.0111263 0.000145888 7.93611e-05 1.43203e-06 
4.40926e-05 -2.46967e-08 4.85224e-06 -0.000143803 -6.70811e-06 -2.62711e-05 4.84841e-05 2.54783e-05 5.93941e-05 1.27309e-06 6.75272e-06 -1.74024e-06 4.42907e-06 -0.000321552 -1.97343e-06 -0.000117069 -1.53934e-05 -1.18911e-05 -5.98302e-07 -2.81589e-05 -5.6496e-05 -6.68569e-05 6.72864e-06 5.27528e-06 0.000115571 -2.54485e-06 -2.0894e-05 9.15423e-06 5.37366e-06 -0.000105873 0.000830289 -4.81167e-06 -8.1488e-07 -9.28636e-05 9.6378e-06 -5.61258e-06 -1.24019e-05 8.4359e-05 -5.14789e-05 -1.23539e-08 -0.000104439 1.03904e-06 5.48982e-05 -9.28291e-07 -2.67069e-05 -1.06601e-05 -3.37033e-06 -1.08115e-06 -2.05228e-06 -9.23008e-06 -1.31543e-05 -2.48507e-07 -6.75503e-05 1.1886e-05 0.000225108 -2.3931e-05 -0.00017353 5.24465e-05 0.000256486 5.46644e-05 -2.32864e-05 -8.70795e-06 -3.33987e-07 7.95357e-05 -6.78506e-06 3.10562e-05 -6.7362e-09 2.84716e-05 -6.78634e-10 -2.17804e-05 -3.00565e-07 -2.63254e-08 -1.24096e-06 -9.13966e-06 2.28503e-05 -1.12467e-05 1.05811e-06 4.46642e-07 1.13614e-05 5.08784e-05 -9.97228e-06 -7.15374e-05 -3.23649e-07 -5.22457e-07 -1.98058e-05 1.06954e-05 -0.000212268 3.72986e-05 -0.00015829 -2.52496e-07 -4.58701e-08 -8.54912e-07 -9.791e-05 -1.7286e-07 2.37984e-06 9.43351e-07 -7.82592e-06 4.46256e-07 2.90553e-07 -2.44447e-08 
-8.69051e-05 2.03923e-06 -0.000627257 -0.00425181 0.00286482 -0.000295789 -5.44036e-05 3.97227e-05 -0.000763968 -0.00572571 -0.00375818 8.94616e-05 7.78424e-05 -0.00107416 -2.94396e-05 9.45399e-05 -0.00448309 -7.41663e-05 1.29797e-05 -0.00520008 0.00607461 -0.00264848 6.12627e-05 5.6276e-06 -0.000181949 -4.49635e-05 0.0018788 -0.000142868 3.23581e-05 0.00236866 -4.81167e-06 0.00836663 5.83045e-06 0.000752897 -0.000335555 0.000137144 0.00344688 0.000306464 -0.000346637 -1.25442e-07 -0.00256334 3.40498e-05 -0.000170967 -3.92739e-06 -0.000228992 0.00326937 -4.87207e-05 0.000117128 0.000259817 -0.000133508 -0.000194716 8.562e-05 -0.0022027 0.000447777 0.000481832 0.000823721 -0.00385489 -0.00038667 -0.000730043 1.77262e-05 -0.000374491 -9.18832e-05 -2.53185e-05 -0.00338797 0.00143047 2.73105e-05 2.95913e-07 0.00320139 2.59776e-07 -0.0029239 1.8908e-05 -1.40644e-07 -4.60267e-05 -0.000167275 -5.64732e-05 0.001633 2.71833e-05 -5.03063e-06 1.87692e-05 -0.000649709 0.00309013 0.00179909 -8.58392e-06 -3.80506e-06 -0.00138458 0.00338939 -0.00185516 0.000128321 0.00387271 0.000116083 -3.89101e-07 4.89118e-06 0.000691768 2.94814e-05 5.9923e-05 -3.05399e-06 -9.35461e-05 7.15952e-05 -4.41069e-05 3.69179e-06 
-1.29309e-05 5.44711e-08 -0.000125279 -0.000571678 -9.68369e-07 -8.76399e-05 -0.000185838 8.13262e-05 -4.00279e-05 -0.00116851 -0.00132001 5.63829e-05 3.53795e-05 -0.000989948 0.000381025 -0.00143299 -0.000494718 9.923e-06 -4.69943e-06 -0.00118489 0.000317688 -0.000674992 1.2054e-05 -8.41894e-07 -9.64571e-05 0.000731244 0.000531954 1.13023e-05 -9.34094e-08 0.00081463 -8.1488e-07 5.83045e-06 0.00275802 -0.000310381 -0.00011056 3.61491e-05 -3.64756e-05 0.00039101 0.000150099 2.5555e-07 -0.000297397 4.06867e-05 6.55395e-05 3.81413e-05 0.00113747 -1.70697e-05 -1.93874e-05 -9.70358e-06 -1.21025e-07 -1.7124e-05 0.000890274 1.37958e-06 0.000243587 -0.000398911 0.000159475 0.000426511 -0.0009181 7.25988e-05 0.000638071 -6.68233e-06 -0.000116055 0.000123074 1.02531e-05 -5.15365e-05 -4.08963e-06 1.27903e-06 4.18659e-07 -4.16631e-05 -2.25863e-09 6.22545e-05 1.4983e-05 1.55717e-07 2.15445e-05 0.000513807 -1.59829e-05 0.000495264 -1.3198e-06 -1.8084e-06 -4.15457e-06 0.000622787 2.57451e-05 0.000369028 9.13825e-05 1.46978e-05 -0.00117837 0.0010106 -0.00141694 -7.6689e-07 0.000236414 -8.40357e-07 -7.26648e-08 -3.18783e-06 -0.000356465 2.80838e-05 -2.92902e-06 -3.24913e-07 1.36227e-05 4.92043e-06 3.34346e-05 -6.13567e-08 
