1.07667e-06 -1.32681e-08 -5.75894e-09 -1.25651e-09 -2.14798e-08 5.44133e-07 -7.96687e-10 2.97576e-07 -1.59898e-08 -5.9123e-10 -7.49581e-07 5.83677e-07 -3.68251e-07 3.08733e-07 -1.41115e-08 -2.20735e-09 -4.57225e-07 -1.19742e-07 -6.66274e-08 -1.17656e-07 -4.38212e-07 -3.48193e-08 -7.19999e-10 1.18496e-07 2.2852e-07 -1.03337e-09 7.96493e-07 -4.06464e-07 -3.67163e-09 5.71114e-07 -6.07958e-12 -1.39414e-10 -4.24962e-08 -7.79395e-10 2.06936e-07 -8.26496e-10 -6.6917e-07 3.3175e-07 -1.59035e-08 1.9051e-07 -3.00197e-07 6.34607e-07 -1.27459e-10 1.49909e-07 -1.13713e-07 -1.19212e-08 -3.23718e-12 -2.96352e-09 -1.09395e-08 -3.87133e-11 8.67417e-08 -2.68227e-09 -1.55758e-12 -4.68867e-10 -3.02651e-11 -2.17092e-09 -6.5911e-09 -3.23653e-07 -3.60398e-08 -3.8638e-11 1.11219e-07 -7.26488e-07 -8.52002e-12 -2.36473e-07 -3.48979e-07 -4.5116e-09 1.13247e-07 -4.31855e-09 -3.60238e-10 7.83341e-07 -1.90968e-07 -1.71962e-10 -6.52532e-11 5.79935e-07 -4.489e-07 -2.8947e-07 -6.85589e-08 -5.6538e-09 -7.36771e-08 -2.08444e-08 -6.53178e-12 -5.84706e-07 -4.38122e-08 -1.0336e-12 -2.38661e-12 -3.28828e-09 -1.87362e-07 -5.16685e-10 -5.75191e-11 5.72635e-07 -4.45672e-10 -1.75769e-10 -1.35301e-12 -2.8546e-11 -1.08424e-07 -5.13857e-11 -3.53344e-09 -3.30489e-07 -2.48583e-08 -1.98664e-07 
-1.32681e-08 0.0121714 0.000242351 1.39165e-06 -0.0025635 -0.00290193 -8.63536e-06 0.00474024 -0.000168315 6.27958e-06 -0.00619098 6.60884e-05 0.00276253 0.00313256 -0.00015077 -2.29649e-05 -0.000306535 -0.00113644 -0.000723236 -0.00300829 0.00353573 0.000318829 -4.49428e-06 0.00371777 -0.00721196 -1.06477e-05 0.00406683 0.00147208 0.000218339 -1.8161e-05 -6.95855e-08 4.0943e-06 -0.000387819 -8.73745e-06 9.67624e-05 -8.51655e-06 -0.00362986 -0.000874851 -0.000448176 0.00117148 -0.00399479 0.00125579 -6.12204e-07 -0.00279298 -0.00127434 -0.000136071 4.46281e-07 -3.38465e-05 -0.000111428 -3.46437e-07 -0.000238158 -2.64873e-05 -1.78277e-08 -1.04654e-06 9.02593e-08 1.54122e-05 -4.74169e-05 0.00738962 -0.000399574 -4.42241e-07 0.000299516 0.000837849 -6.08516e-08 -0.00230384 -0.00396512 -5.03788e-05 -5.76396e-07 -4.43058e-05 -3.82987e-06 0.000993547 -0.00184447 6.71843e-06 7.98646e-06 -2.50484e-05 -0.00270543 0.00487538 -0.000519453 -5.97254e-05 -0.000805774 0.0024749 3.85721e-08 9.81943e-06 -0.000501178 -1.18303e-08 -2.73166e-08 -3.67069e-05 0.000609926 -1.76719e-06 1.94983e-07 9.86056e-05 1.94223e-05 -7.68483e-07 -1.54863e-08 -2.83398e-07 0.000322586 -5.88149e-07 -4.03596e-05 -0.00264204 5.49276e-05 -0.00260331 
-5.75894e-09 0.000242351 0.00532025 -5.28229e-06 0.00210332 0.00270485 -2.55459e-06 0.000788621 8.41565e-05 8.18278e-06 -0.000178512 7.01025e-05 -0.00245971 0.000463681 5.94678e-05 -1.04794e-05 0.00103418 -0.000480243 0.000179716 -0.00121937 -0.00232484 8.83895e-05 -2.44694e-06 0.000968126 0.000614188 7.06957e-06 -0.000289652 0.00082545 9.18277e-06 -4.00766e-05 -3.02032e-08 -5.65939e-07 -0.000204104 4.8108e-05 -0.000129655 -4.05935e-06 0.000380091 0.00154029 -0.000300083 -0.00270941 -0.00057135 -7.59667e-05 2.10118e-07 -0.000993266 -0.000488688 -4.5301e-05 -1.60822e-08 -1.0086e-05 -4.16605e-05 -1.82327e-07 -5.14499e-05 4.18145e-05 -7.73801e-09 6.81673e-05 3.72977e-07 -3.27173e-06 -2.61711e-05 -0.00071165 -0.000168365 -1.91953e-07 -1.53294e-06 9.47097e-05 -5.66062e-09 -0.00114673 -0.000602704 -1.94902e-05 5.85263e-08 -1.89045e-05 -2.46323e-07 -0.000124596 -0.000955584 1.31237e-06 -2.70843e-07 -3.26439e-05 -0.00157944 -0.000778034 -0.000280779 0.000318922 -0.000185279 -9.12079e-05 -3.24497e-08 8.17827e-06 1.35846e-06 -5.1349e-09 6.14767e-08 -1.47994e-05 -0.000117278 9.56453e-07 -2.85754e-07 -1.38881e-05 -1.79075e-06 1.06001e-05 -6.72173e-09 1.65152e-06 0.00284306 3.44717e-07 -1.73207e-05 -0.0013199 0.000277771 -0.000357846 
-1.25651e-09 1.39165e-06 -5.28229e-06 0.00116567 -0.000286758 0.00058895 -7.63554e-07 -0.00056995 0.000168232 1.75814e-07 -3.63672e-05 1.94698e-05 -0.000472498 -0.000251408 -8.68588e-06 -1.03929e-06 0.000295372 -0.000105059 -6.77963e-05 -0.000228277 -0.00039423 -7.90646e-05 -5.67097e-07 -0.000562668 0.000243941 -6.1677e-07 2.73502e-05 -0.000650678 -2.54313e-06 -3.64759e-06 -6.58985e-09 5.95551e-07 0.000181797 2.21855e-07 -3.52424e-05 5.68841e-05 -0.000176426 -0.000591582 -8.2814e-05 -0.000431849 0.000592204 -1.5271e-05 -1.38157e-07 -0.000228094 0.000170427 -1.25451e-05 1.93158e-07 2.45411e-05 4.25566e-06 -4.19626e-08 6.14498e-05 5.0926e-06 -1.68831e-09 8.98447e-07 -3.28053e-08 -2.18312e-06 -4.57764e-06 -0.000305034 1.43953e-05 -4.18809e-08 2.07351e-05 -0.000170747 2.74315e-08 -0.000239384 0.00054611 -4.8436e-06 -2.67466e-08 -3.75435e-06 8.68095e-05 -5.39686e-06 0.000535231 -1.86395e-07 -7.073e-08 5.06415e-07 0.000422876 -0.000330861 -3.59899e-05 4.54783e-05 -5.89109e-05 9.46461e-05 -7.08e-09 -4.99886e-05 0.000137857 -1.12035e-09 -2.58692e-09 -2.7876e-06 -0.000223691 -5.60052e-07 2.47653e-07 1.72675e-05 -4.79745e-07 -1.90522e-07 -1.46657e-09 -3.09419e-08 9.2293e-05 -5.56986e-08 9.12067e-05 0.000352462 -8.54703e-07 0.000675342 
-2.14798e-08 -0.0025635 0.00210332 -0.000286758 0.197433 0.16654 0.000513632 0.0576686 0.00397413 -5.16962e-05 0.0206449 0.000326584 -0.131686 0.0875973 0.00612619 3.96783e-05 0.0539331 -0.0199972 0.0435165 0.0955391 -0.150362 -0.0225596 4.69619e-05 0.028058 0.0869165 -4.23076e-05 -0.0078945 0.0757104 -0.000901359 -0.00155095 -1.52202e-06 -9.95852e-06 -0.0102214 -4.02497e-05 0.0103428 -0.000187476 0.0185731 0.0899323 0.00684046 -0.132324 -0.0124936 -0.00469301 4.32041e-05 0.0996734 -0.0242774 0.0079877 -7.73978e-07 -0.000735508 0.0027611 2.55232e-06 0.00922175 0.000939375 2.91686e-07 0.000118898 -6.07006e-06 -0.000519263 -0.00104175 -0.0312844 -0.00875301 -9.05539e-06 -0.000458857 -0.0395719 3.50767e-06 -0.0592831 -0.0822743 0.00190951 4.51937e-05 -0.00108034 -4.05974e-05 0.00142194 -0.0471801 -1.91492e-05 -1.43677e-05 0.00209083 -0.0996498 -0.0844998 -0.0162094 -0.00113685 -0.016882 -0.00189867 -9.52394e-07 0.000387818 -0.00296335 -2.59895e-07 -6.00106e-07 0.000226253 -0.0517203 -0.000110032 -1.3203e-05 0.000356408 -0.000108626 4.18267e-05 -3.4021e-07 -7.1778e-06 0.0274749 -6.8641e-06 -0.000747559 -0.0821351 -0.00248192 -0.0520933 
5.44133e-07 -0.00290193 0.00270485 0.00058895 0.16654 0.219142 0.000498713 0.0207011 0.00771673 0.000187425 0.0234962 0.000983241 -0.133226 0.0527384 0.00686708 0.00124084 0.068384 -0.0301784 0.0357983 0.0721213 -0.179563 -0.0266902 7.57376e-05 0.012811 0.104328 0.000177481 0.00675512 0.0348887 -0.00108966 0.00353993 -1.82808e-06 -1.0117e-05 0.0149014 0.000462172 0.0189648 0.000487207 -0.00524571 0.0706128 0.000570976 -0.131605 0.0245687 -0.00529319 2.86608e-05 0.0737883 -0.00996352 0.00740015 -6.25167e-07 -0.000732261 0.00394162 1.78467e-06 0.0166169 0.00119125 9.37462e-07 0.000168529 -7.23039e-06 -0.000653413 -0.00170635 -0.0356951 0.0130346 -1.01026e-05 0.000220887 -0.0605874 4.40343e-06 -0.0684647 -0.0571604 0.00229488 3.81392e-05 -0.0012499 0.000223722 0.000242024 -0.0490777 -2.5975e-05 -1.36102e-05 0.0030965 -0.0932942 -0.102746 -0.0202238 0.00326596 -0.0212602 0.00456472 -1.69096e-06 -0.000770034 0.0254892 -3.11361e-07 -7.02276e-07 -8.30941e-05 -0.0644422 0.000141154 -4.53371e-06 0.007415 -0.000119704 3.39646e-05 6.09086e-07 -7.24586e-06 0.0635134 3.22472e-05 0.00214408 -0.0768577 -0.00272016 -0.018063 
-7.96687e-10 -8.63536e-06 -2.55459e-06 -7.63554e-07 0.000513632 0.000498713 0.000739409 -0.000332314 2.48608e-05 8.44367e-06 -0.000474702 3.19255e-05 -0.000358044 0.00021923 0.000460888 1.69963e-06 -5.94711e-05 -5.72414e-05 0.000137096 0.000384344 -0.00045206 -5.91619e-05 -4.64831e-07 -0.000493126 0.000254913 -7.10201e-07 0.000362503 -0.000323647 -2.52339e-06 -9.26521e-06 -4.17829e-09 -5.91479e-08 -2.90529e-05 -5.35652e-07 0.000702269 -4.54689e-07 4.92749e-05 -4.62789e-05 -4.82801e-05 -0.000269665 -4.74706e-05 -9.0897e-06 -8.75985e-08 0.000430063 -7.46508e-05 -4.99638e-06 -2.2248e-09 -2.03673e-06 -6.03168e-06 -2.66064e-08 0.000433084 7.60657e-06 1.85596e-07 1.04443e-06 -2.08002e-08 -1.492e-06 -4.52984e-06 -0.00016725 -1.35323e-05 -2.65546e-08 -3.56302e-07 -0.000636871 -5.85552e-09 -0.00016128 -0.000205758 3.81527e-05 1.70708e-05 -2.968e-06 -2.4758e-07 9.83463e-06 -0.000126187 -1.18183e-07 -4.48463e-08 0.00038901 -0.000305941 -0.000251844 -4.67483e-05 -3.38233e-06 -4.36558e-05 -7.23232e-06 -4.48907e-09 -1.04615e-06 -1.01773e-05 -7.10358e-10 -1.64024e-09 -1.64992e-06 -0.000167596 -3.31767e-07 -3.9531e-08 2.61733e-05 -3.06295e-07 6.62533e-07 -9.29879e-10 -1.96187e-08 -4.65425e-05 4.58018e-07 -1.09841e-06 -0.000214577 6.99906e-06 -0.000153254 
2.97576e-07 0.00474024 0.000788621 -0.00056995 0.0576686 0.0207011 -0.000332314 0.23742 -0.00331271 -0.000124788 -0.0291782 0.000525895 -0.0919065 0.193904 -0.00330764 -0.000875545 -0.107759 0.0425065 -0.0137913 0.0546186 0.0135322 0.032591 -4.94022e-05 0.170708 -0.125592 -0.000322275 -0.00171608 0.18664 0.00131785 -0.00352816 -2.98666e-06 1.01703e-05 -0.0235964 -0.000343753 -0.0133493 -0.000462213 0.0272652 0.178791 0.0166292 -0.102313 -0.163576 0.00668882 3.26206e-05 0.0596579 -0.0593295 -0.0031285 -6.4389e-07 -0.00157491 0.000329784 8.65481e-07 -0.00801606 -0.00110401 -4.7559e-07 4.17005e-05 -1.05078e-05 0.000492776 0.00224231 0.0557314 -0.0198289 -2.12317e-05 -0.000670287 0.0244833 -7.40882e-07 -0.129775 -0.193679 -0.00107794 -6.26589e-06 -0.00228227 -0.000182357 0.000956797 -0.0907655 6.05881e-05 -2.80756e-06 -0.000161071 -0.140464 0.130914 0.0245505 -0.00303682 0.0260234 -0.00144636 4.56237e-07 0.000899162 -0.0242825 -5.87672e-07 8.59715e-07 0.000738904 0.0876568 -0.000256594 -2.97469e-05 -0.00319117 0.000102482 -9.71028e-06 -7.69279e-07 -1.39437e-05 -0.00847708 -2.90863e-05 -0.00200314 -0.158031 0.00525351 -0.128315 
-1.59898e-08 -0.000168315 8.41565e-05 0.000168232 0.00397413 0.00771673 2.48608e-05 -0.00331271 0.0146306 6.1381e-06 0.0010815 -3.60902e-05 -0.00609595 -0.00180217 0.000220421 0.000322372 0.00236154 -0.00148107 0.00204327 -0.00134435 -0.00515403 -0.00118732 -3.62477e-06 -0.00604332 0.00484103 6.7266e-05 -0.000522104 -0.00153667 -4.08352e-05 -0.000113296 -8.38597e-08 5.03027e-08 0.00160082 5.09594e-06 0.00125389 0.000346656 -0.00092781 1.12162e-05 -0.000421953 -0.00609339 0.00451078 -0.000257163 -1.22147e-06 -0.00247842 -0.000676027 0.00248982 3.86808e-08 0.000290989 -3.2225e-06 1.49267e-06 0.0017872 5.10116e-05 -2.14847e-08 -6.38406e-06 -2.41335e-08 -2.98749e-05 -8.76121e-05 0.000539311 0.000648825 -5.3296e-07 -1.25283e-05 -0.00591311 2.92478e-07 -0.00259935 0.00200101 1.94818e-05 3.79126e-06 -2.6802e-05 0.000264751 -0.000251273 -0.00093009 -2.13532e-06 -6.46748e-07 0.000519429 -0.00246293 -0.00476784 -0.0008066 0.00019934 -0.000917291 0.000497682 -9.00972e-08 -0.000167245 0.00204125 -1.42571e-08 -3.29201e-08 -2.04441e-05 -0.00270674 -5.00365e-06 -3.33999e-08 2.71311e-05 -4.99078e-06 -1.70117e-06 8.41337e-07 -7.0878e-09 0.00188709 7.83787e-06 0.00112363 -0.000274289 -0.000116727 0.0021405 
-5.9123e-10 6.27958e-06 8.18278e-06 1.75814e-07 -5.16962e-05 0.000187425 8.44367e-06 -0.000124788 6.1381e-06 0.000548828 1.685e-05 2.12035e-07 -0.00015897 -7.90093e-05 7.32275e-06 1.44085e-06 -4.99311e-05 -1.25185e-05 -3.28785e-05 -5.4159e-05 -0.000192066 -1.95171e-05 -3.60553e-07 -0.000133481 -1.96415e-06 3.23962e-06 -4.24352e-06 -0.000174947 -5.52632e-07 -3.98209e-06 -3.10075e-09 -7.1105e-08 2.79891e-05 2.29582e-06 0.000148966 2.34846e-06 -4.85455e-06 0.000116314 -3.36596e-05 -0.000249889 0.000138423 -7.78741e-06 -6.50078e-08 -2.46139e-05 -3.57399e-05 -1.02015e-06 -1.65105e-09 -8.41478e-07 2.07472e-05 -1.97449e-08 5.42175e-05 2.56686e-05 -7.94408e-10 4.92753e-06 -1.5436e-08 2.24277e-06 -2.56164e-06 -0.000105952 3.26287e-05 -1.97064e-08 5.38402e-07 -2.10857e-05 -4.34545e-09 -0.000118721 7.04009e-05 2.07256e-05 4.19271e-06 -4.25916e-07 2.16268e-07 -1.22836e-05 -9.50223e-05 -8.77052e-08 -3.32809e-08 4.80321e-06 -0.000190532 -1.96868e-05 4.46697e-05 5.77031e-05 2.38226e-05 -1.06123e-06 -3.33139e-09 -2.91357e-06 0.000114991 -5.27165e-10 -1.21724e-09 2.72886e-07 1.02384e-05 -2.63524e-07 -2.93364e-08 1.78869e-05 -2.27305e-07 -8.96473e-08 -6.90073e-10 -1.45593e-08 0.000231274 -2.62081e-08 7.87847e-07 -0.000156395 4.56282e-05 0.000161631 
-7.49581e-07 -0.00619098 -0.000178512 -3.63672e-05 0.0206449 0.0234962 -0.000474702 -0.0291782 0.0010815 1.685e-05 0.0944897 -0.00155148 -0.00948896 -0.0219646 -0.00135068 0.000153902 0.011287 -0.0160054 0.00562514 -0.00551383 -0.0302247 -0.0264054 2.9096e-05 -0.0246529 0.0452052 2.50267e-05 -0.0253841 -0.0172553 -0.00241363 -0.0015372 5.96582e-07 -4.64395e-05 0.000223556 6.76411e-05 -0.00409056 4.84897e-05 0.00879068 0.00365601 -0.00107063 -0.0157702 0.03049 -0.00616358 3.52077e-06 -0.00813113 0.00470118 0.000975828 -1.47901e-06 0.000134207 0.000895743 3.32889e-06 8.25009e-05 9.95081e-05 -1.00716e-06 -0.000101787 -5.76012e-06 -0.00151144 -0.0012705 -0.0213229 -0.000941918 -8.5785e-06 -0.000981896 -0.00311846 1.52726e-07 0.0176323 0.0231825 -5.15151e-05 -3.00466e-05 0.000220521 3.47898e-05 -0.0081964 -0.00209984 -4.88389e-05 -3.21368e-05 -0.00160007 0.00755379 -0.0328699 0.0050469 0.000536097 0.00481317 -0.00327758 -3.95571e-06 0.00012206 0.00192247 3.47593e-08 -1.49138e-07 0.000160522 -0.0167388 -2.7695e-05 -3.03424e-05 -0.00157931 -0.000116217 -1.4912e-05 -3.97231e-07 -1.65479e-07 0.00715886 4.44909e-06 0.000231176 0.00931701 -0.00237616 0.0232763 
5.83677e-07 6.60884e-05 7.01025e-05 1.94698e-05 0.000326584 0.000983241 3.19255e-05 0.000525895 -3.60902e-05 2.12035e-07 -0.00155148 0.00276874 -0.0011133 0.00079786 7.54801e-05 -1.48887e-06 -7.86684e-05 -0.000203315 -0.000170899 -0.000608386 -0.000462127 -7.66692e-05 -1.82336e-06 -0.000105142 -0.000309578 -9.148e-07 0.00157105 -0.000620985 2.34485e-05 0.000100721 -1.56777e-08 6.2382e-07 -0.0001027 -1.61653e-06 0.00126226 2.42201e-06 -0.000340884 0.000770419 -0.000151345 -0.000926716 -0.000668035 0.000257924 -3.28685e-07 -0.000387864 -0.000293009 -3.06951e-05 -8.34786e-09 -6.02217e-06 -2.34469e-05 -9.98319e-08 0.00124191 -6.42023e-06 7.55983e-07 3.58424e-06 6.86207e-08 4.01843e-06 -1.48701e-05 -0.000425864 -5.68042e-05 2.70291e-08 1.31982e-05 -0.00137505 -2.1971e-08 -0.000607225 -0.000831982 -6.12428e-06 2.5311e-06 -1.11365e-05 3.03104e-06 0.000639239 -0.000500477 -3.03445e-07 -1.64938e-07 0.00124045 -0.00113595 0.000326656 -5.76195e-05 -1.26564e-05 0.000110565 8.57976e-05 6.13156e-07 -0.000185138 -0.000101954 -2.66539e-09 -6.15446e-09 7.00369e-06 0.000518221 2.06243e-05 -1.48327e-07 0.00116667 -9.92608e-07 8.30069e-07 -3.48907e-09 -7.36129e-08 -7.95967e-05 -4.5844e-08 -6.71518e-06 -0.000847891 -4.48466e-05 -0.000457131 
-3.68251e-07 0.00276253 -0.00245971 -0.000472498 -0.131686 -0.133226 -0.000358044 -0.0919065 -0.00609595 -0.00015897 -0.00948896 -0.0011133 0.249961 -0.110662 -0.00319833 -0.000702253 0.0145039 -0.0417477 -0.0295824 -0.113669 0.100228 -0.0327451 -0.000234707 -0.0428775 -0.00386219 -0.000237251 0.0142908 -0.0951273 0.000772162 0.00308316 2.50873e-06 2.78983e-05 0.014107 -0.000333964 -0.00791611 -0.000228623 -0.0318408 -0.135508 -0.0345709 0.212632 0.03166 0.00576706 -4.6843e-05 -0.104477 0.0324825 -0.00541431 -9.91154e-07 -0.000355612 -0.00309789 -1.41496e-05 -0.0119277 -0.00103988 4.90678e-08 -0.000134277 1.16345e-05 -0.00021086 -0.00263601 0.0689358 0.0142062 1.41816e-05 0.000315905 0.0215919 -3.17373e-06 0.0877759 0.101871 -0.00202758 -3.45133e-05 0.00187429 -0.000149349 -0.000605584 0.0600019 2.86161e-05 1.92932e-05 -0.00302062 0.128959 -0.00618586 -0.0290561 -0.00165192 -0.0273586 -0.00374489 -7.11974e-07 0.000452072 0.0014815 2.19351e-07 -7.27772e-07 0.000168938 -0.0345193 -8.72253e-05 2.35365e-05 0.00103705 -8.58709e-06 -5.32134e-05 -4.3379e-07 9.01285e-06 -0.0250964 -2.02908e-05 7.04707e-05 0.104555 2.36029e-05 0.049285 
3.08733e-07 0.00313256 0.000463681 -0.000251408 0.0875973 0.0527384 0.00021923 0.193904 -0.00180217 -7.90093e-05 -0.0219646 0.00079786 -0.110662 0.224201 0.00112838 -0.000844061 -0.0930352 0.0341286 0.0204609 0.0842844 -0.023048 0.0246215 -0.000178853 0.141655 -0.103518 -0.000279374 0.000835775 0.188688 -0.000303188 -0.000147591 -3.15696e-06 3.59153e-05 -0.0228408 -0.000348917 -0.0019883 -0.000471487 0.0252944 0.178358 0.0230329 -0.118574 -0.138511 0.00498544 1.44137e-05 0.0824663 -0.0558741 0.00364686 -1.50293e-06 -0.00163347 0.000628167 5.68632e-06 -0.00180012 -5.51871e-05 2.64304e-07 0.000102917 -1.38967e-05 0.000401913 0.0014929 0.0351557 -0.0208052 -1.22674e-05 -0.000719417 -0.00546297 1.2823e-06 -0.136058 -0.202401 0.000596001 2.17718e-05 -0.0017776 -0.000197824 0.00653858 -0.0920952 2.58647e-05 -1.10879e-05 0.000997282 -0.145067 0.104528 0.0197406 -0.00340437 0.0218109 -0.00233483 2.65575e-07 0.000976355 -0.0184904 -6.34195e-07 4.65627e-07 0.000945346 0.0681233 -0.000296844 -2.59725e-05 -0.00265846 3.03787e-05 3.0675e-05 -8.23512e-07 -1.40586e-05 -0.0117924 -2.99758e-05 -0.00213012 -0.166995 0.00526031 -0.133093 
-1.41115e-08 -0.00015077 5.94678e-05 -8.68588e-06 0.00612619 0.00686708 0.000460888 -0.00330764 0.000220421 7.32275e-06 -0.00135068 7.54801e-05 -0.00319833 0.00112838 0.0129349 3.75758e-05 0.00307361 -0.00110851 0.00227992 0.00317091 -0.00703399 -0.00109962 -1.9748e-06 -0.003303 0.00423988 -7.35958e-06 0.0017733 -0.00174218 -4.4696e-05 0.000818537 -7.40088e-08 -6.40468e-07 0.000953875 -1.43785e-06 0.00172565 3.31888e-05 -0.00132351 -0.00200546 0.00098709 -0.00257849 -0.000390053 -0.000226421 -6.8274e-08 0.0023909 -0.000339979 -3.01844e-05 -3.94073e-08 -3.25993e-05 0.000339763 -1.97938e-07 0.00100734 0.000140614 -1.89609e-08 2.65823e-05 -3.68428e-07 -2.5404e-05 -7.62191e-05 -0.00390719 0.000814211 -2.33687e-07 3.20806e-05 -0.00644075 8.82949e-07 -0.00106344 -0.00189809 0.000140189 2.87542e-05 -1.60279e-05 -2.28639e-07 0.000444531 -0.000571329 -1.89668e-06 -7.51016e-07 0.00079528 -0.00321714 -0.00448614 -0.000834135 -5.3999e-05 -0.000832917 -0.000238903 2.57153e-07 6.30896e-06 0.00240475 -1.25824e-08 -2.9053e-08 7.69273e-05 -0.0028601 -5.42645e-06 5.34313e-06 0.000193453 -5.13198e-06 7.0603e-06 -1.64707e-08 -2.04167e-07 0.00322967 -4.25536e-07 -3.79305e-05 -0.00182392 -0.000249535 -0.00112398 
-2.20735e-09 -2.29649e-05 -1.04794e-05 -1.03929e-06 3.96783e-05 0.00124084 1.69963e-06 -0.000875545 0.000322372 1.44085e-06 0.000153902 -1.48887e-06 -0.000702253 -0.000844061 3.75758e-05 0.00204597 -0.000659041 -0.000194681 -6.87043e-05 -0.000380112 -0.00115128 -0.000140256 1.61723e-05 -0.00117663 0.000596786 5.75604e-07 -6.12622e-05 -0.000968843 -5.16479e-06 -1.24777e-05 1.93509e-06 -2.21368e-08 0.000406273 9.4922e-07 0.00121129 1.03062e-05 -0.000632038 0.000362847 -0.000108148 -0.00101308 0.00103691 -3.56577e-05 -1.42706e-07 -0.00020039 -9.28032e-05 8.64313e-06 -6.16419e-09 -5.6231e-06 1.72558e-05 -7.37174e-08 0.00100537 1.84246e-06 -2.96592e-09 -8.92809e-07 1.66904e-06 -3.98716e-06 -5.65068e-06 -0.000343369 0.000268113 -7.35739e-08 -1.50236e-06 -0.00116804 -1.62237e-08 -0.000442829 0.000787246 0.000582569 -1.27436e-07 4.79001e-06 3.93007e-05 -9.33758e-06 -0.000368319 -2.97447e-07 -1.24254e-07 0.000564988 -0.000763943 -0.000595083 -4.60156e-05 8.79208e-05 -7.41682e-05 -6.64949e-07 -1.24377e-08 -0.000547791 0.00052652 -1.96817e-09 -4.54455e-09 -5.09816e-06 -0.00035816 0.000231523 7.63806e-07 -1.85019e-05 6.45802e-06 -3.18031e-07 5.37424e-07 -5.43569e-08 0.00118379 3.99088e-05 0.00106481 -0.000609273 -4.18382e-05 0.000858226 
-4.57225e-07 -0.000306535 0.00103418 0.000295372 0.0539331 0.068384 -5.94711e-05 -0.107759 0.00236154 -4.99311e-05 0.011287 -7.86684e-05 0.0145039 -0.0930352 0.00307361 -0.000659041 0.226355 -0.0707374 -0.00223803 -0.0214421 -0.0815499 -0.0459844 -0.000300632 -0.0816881 0.142028 0.000216301 0.0045932 -0.100781 -0.00200021 0.000715092 -3.57829e-06 1.79422e-05 0.00677017 0.000214488 -0.00645848 9.26015e-05 -0.00895467 -0.121499 -0.0367 0.0396825 0.0882535 -0.00971669 -3.88254e-05 -0.00856141 0.0333469 0.000850139 3.27666e-07 0.000853315 -5.2544e-05 -1.7594e-05 0.000679768 0.000576355 9.08801e-08 9.85598e-05 -8.5708e-06 -0.000933338 -0.00391231 -0.03527 0.00338229 2.75839e-06 0.000452817 -0.00105777 3.65037e-08 0.0738375 0.0993459 -0.00100896 -2.05466e-05 0.00106046 -9.38492e-05 -0.00218354 0.0546966 -1.74846e-05 -5.25279e-06 -0.00125514 0.0974984 -0.169077 -0.0393219 -3.34023e-05 -0.0425941 0.00370074 -2.32954e-06 0.000431987 0.0059786 3.32381e-07 -1.38252e-06 -0.000386407 -0.122337 -0.000153343 -2.51655e-06 -0.000486334 -0.000149826 -7.79267e-05 -5.8157e-07 6.41972e-06 0.0226444 -2.90489e-05 -0.00146008 0.100678 -0.00591978 0.0645396 
-1.19742e-07 -0.00113644 -0.000480243 -0.000105059 -0.0199972 -0.0301784 -5.72414e-05 0.0425065 -0.00148107 -1.25185e-05 -0.0160054 -0.000203315 -0.0417477 0.0341286 -0.00110851 -0.000194681 -0.0707374 0.0988467 -0.00110389 0.0395561 0.02901 0.028305 0.0001914 0.0257224 -0.0608226 -8.19467e-05 -0.00523827 0.0360937 -0.000197652 -0.000972658 -6.17998e-07 -1.29743e-05 -0.0043534 -7.90653e-05 -0.0028817 -5.59973e-05 0.00603305 0.0420956 0.0164046 -0.0480881 -0.0362964 -0.00111822 2.32139e-05 0.0299935 -0.0116896 -0.000994047 5.12278e-07 -0.000300804 0.00101331 7.50439e-06 -0.00265371 -0.000275732 3.57747e-08 -4.02389e-05 -2.91294e-06 0.00112743 0.00491464 -0.0219379 -0.00368407 -3.99116e-06 -0.000168365 0.00405282 -5.80087e-07 -0.024397 -0.0359634 -0.000134292 5.97927e-07 -0.000445917 -2.84513e-05 0.00220114 -0.0200007 4.03937e-05 -6.16708e-06 -0.000292967 -0.0454398 0.0639896 0.0248069 -0.00053623 0.0157924 -0.00201207 2.83196e-06 0.000124369 -0.00419853 -1.06767e-07 1.13472e-07 -0.00033027 0.0449706 -5.31183e-05 -5.94151e-06 -0.00134157 6.55638e-05 -1.4393e-05 -1.39761e-07 -2.59536e-06 -0.0109458 -5.20129e-06 -0.000364601 -0.0329724 -0.000580673 -0.0254483 
-6.66274e-08 -0.000723236 0.000179716 -6.77963e-05 0.0435165 0.0357983 0.000137096 -0.0137913 0.00204327 -3.28785e-05 0.00562514 -0.000170899 -0.0295824 0.0204609 0.00227992 -6.87043e-05 -0.00223803 -0.00110389 0.0580535 0.0348591 -0.0365866 -0.0050563 0.000188774 -0.0198814 0.0200617 -4.74345e-05 -0.00204614 0.0197361 -0.000210536 0.00113457 3.46723e-06 -6.00303e-06 -0.0023349 -1.56269e-05 0.0112802 -2.70741e-05 0.0025709 0.0151577 0.013437 -0.0314596 0.021388 -0.00105532 9.19074e-06 0.0286967 -0.00609564 0.00748314 -1.86062e-07 -0.000169146 -0.000101881 1.26316e-05 0.00428456 0.000697739 1.73809e-07 1.47978e-05 1.23047e-06 4.74667e-06 -3.17268e-05 -0.0141346 -0.00203633 2.23589e-06 -0.000121039 -0.0359555 4.43363e-06 -0.0132155 -0.0198629 0.000915252 2.992e-05 -0.000225692 -1.99586e-05 0.0046626 -0.0111114 -8.88709e-06 -3.44386e-06 -0.000312896 -0.0253939 -0.0201997 -0.00334067 -0.000322347 -0.00399709 -0.00098682 6.54576e-07 0.000104463 0.00318346 -5.94077e-08 -1.37174e-07 -6.62822e-05 -0.0136842 -2.90073e-05 -8.65999e-07 0.00018265 2.53577e-05 5.78707e-05 -7.77664e-08 -1.43739e-06 -0.00547404 -2.38014e-06 -0.00016876 -0.0189057 -0.00115923 -0.0146403 
-1.17656e-07 -0.00300829 -0.00121937 -0.000228277 0.0955391 0.0721213 0.000384344 0.0546186 -0.00134435 -5.4159e-05 -0.00551383 -0.000608386 -0.113669 0.0842844 0.00317091 -0.000380112 -0.0214421 0.0395561 0.0348591 0.189872 -0.0667269 0.0269001 0.000111955 0.0323441 -0.000601392 -0.00012644 -0.0106955 0.080587 -0.000766947 -0.00115905 -1.22538e-06 -2.77818e-05 -0.00959431 -0.000148918 0.00481531 -0.000168757 0.014147 0.0807021 0.0317644 -0.123193 -0.0392626 -0.00428295 1.74139e-05 0.149622 -0.0206892 0.00629896 -2.69399e-07 -0.000698453 -0.00103472 1.00197e-06 0.00102182 0.000206091 -3.85949e-08 -9.31556e-06 -6.50546e-06 0.000692634 0.00275655 -0.0742175 -0.00841202 -4.12353e-06 -0.000499107 -0.0281965 2.68377e-06 -0.0534074 -0.0811144 0.00210501 3.52025e-05 -0.000902963 -8.25757e-05 0.00313822 -0.0442911 -3.50207e-05 -1.53119e-05 0.000696715 -0.0951114 -0.000573445 -0.0117952 -0.00133594 -0.0153779 -0.00476542 8.10946e-07 0.000353019 -0.00383615 -2.44598e-07 -3.21449e-07 -0.000314486 0.00350272 -0.000111585 -1.24217e-05 -0.00263669 -5.86766e-05 2.68915e-05 -3.20185e-07 -6.26531e-06 -0.0200824 -7.41357e-06 -0.000778415 -0.07726 -0.00443853 -0.059911 
-4.38212e-07 0.00353573 -0.00232484 -0.00039423 -0.150362 -0.179563 -0.00045206 0.0135322 -0.00515403 -0.000192066 -0.0302247 -0.000462127 0.100228 -0.023048 -0.00703399 -0.00115128 -0.0815499 0.02901 -0.0365866 -0.0667269 0.237603 0.0317588 -7.90761e-05 0.0156142 -0.125827 -0.000237881 -0.00457874 -0.00564667 0.00131553 -0.0035538 -1.88538e-06 8.00937e-06 -0.0142567 -0.000433255 -0.0168262 -0.000436163 0.00273845 -0.0342729 -0.00027675 0.0977701 -0.0464319 0.00646379 -3.4996e-05 -0.0697726 -0.0207364 -0.00671806 7.68565e-07 0.00078935 -0.00337222 -6.17182e-06 -0.014866 -0.0014432 -7.07741e-07 -0.000167377 -4.42816e-06 0.000724503 0.00117128 0.0332662 -0.0141417 -1.07257e-05 -0.000296503 0.0589401 -4.24109e-06 0.0505606 0.0210667 -0.00230168 -3.86905e-05 -0.000702604 -0.00019787 -0.00172897 0.00819421 3.49585e-05 8.98193e-06 -0.00282608 0.0615013 0.124361 0.0240632 -0.00295689 0.0251936 -0.00427508 2.44525e-07 0.000865819 -0.0245618 -2.40222e-07 8.61525e-07 -0.000299038 0.0829618 -0.000113836 -3.99926e-07 -0.00712259 0.00011428 -3.28103e-05 -5.81586e-07 5.12129e-06 -0.0586704 -2.9124e-05 -0.00196948 0.0405019 0.00179341 0.00178914 
-3.48193e-08 0.000318829 8.83895e-05 -7.90646e-05 -0.0225596 -0.0266902 -5.91619e-05 0.032591 -0.00118732 -1.95171e-05 -0.0264054 -7.66692e-05 -0.0327451 0.0246215 -0.00109962 -0.000140256 -0.0459844 0.028305 -0.0050563 0.0269001 0.0317588 0.0777514 6.20737e-05 0.0228293 -0.0527081 -7.33212e-05 0.00393013 0.0269434 0.000207188 0.000462255 -3.99806e-07 -1.05393e-05 -0.00303647 -6.08939e-05 -0.00134396 -5.71178e-05 0.00225368 0.0270677 0.0117569 -0.0340327 -0.0278541 0.000250282 8.01079e-06 0.0224052 -0.00895136 -0.000922216 4.57852e-07 -0.00020923 -0.000790725 -3.01529e-06 -0.00199868 -0.000211154 -1.22925e-07 -5.96006e-06 5.01451e-07 0.00130529 0.00345603 -0.0148032 -0.00261213 -1.77268e-06 -0.000119042 0.0078035 -5.05741e-07 -0.0185363 -0.0272814 -8.46898e-05 -1.3814e-06 -0.000340137 -2.8347e-05 -0.000632856 -0.0153186 -7.38034e-07 -2.95651e-06 -0.000472641 -0.0345106 0.0540015 0.00538466 -0.00043902 0.00895315 -0.0015998 1.48117e-06 6.93214e-05 -0.00343211 -8.15727e-08 4.18313e-07 -0.000205271 0.0490559 -3.12639e-05 -3.44279e-06 -0.000970704 -2.85328e-05 5.43145e-06 -1.06781e-07 -2.25288e-06 -0.00853265 -3.39874e-06 -0.000260479 -0.025991 -0.000272886 -0.0196559 
-7.19999e-10 -4.49428e-06 -2.44694e-06 -5.67097e-07 4.69619e-05 7.57376e-05 -4.64831e-07 -4.94022e-05 -3.62477e-06 -3.60553e-07 2.9096e-05 -1.82336e-06 -0.000234707 -0.000178853 -1.9748e-06 1.61723e-05 -0.000300632 0.0001914 0.000188774 0.000111955 -7.90761e-05 6.20737e-05 0.000668283 -0.000192265 -0.000168997 -5.38505e-07 -3.8395e-05 0.000153878 -1.44716e-06 2.20364e-06 4.08956e-06 -5.32583e-08 -1.74782e-05 1.92526e-05 1.13531e-05 -3.06679e-07 -6.60457e-05 -1.92298e-06 0.000451375 -0.000319366 -4.29031e-07 -7.04422e-06 -3.24998e-08 -0.000106933 -5.51215e-05 0.000188189 2.47989e-07 -1.84068e-06 -3.02465e-06 3.32595e-06 9.38031e-06 1.14011e-07 -9.67429e-10 -2.91219e-07 -1.8798e-08 4.57829e-06 3.74953e-06 -0.000165188 -3.75141e-06 -2.39985e-08 -1.10978e-06 -0.000287227 -1.95855e-09 -0.000144743 -0.000161465 3.19779e-06 -5.35274e-08 -2.6823e-06 6.72919e-07 7.81349e-05 -0.000119813 -1.06807e-07 2.32804e-07 8.41541e-06 -0.00027429 0.000107664 0.000271464 3.51694e-07 0.000116042 -1.12767e-05 -4.05696e-09 -2.67249e-06 0.000237174 -6.41981e-10 -1.48235e-09 4.89761e-06 0.000162264 1.34241e-06 1.90427e-06 1.93882e-05 5.36399e-05 -1.09172e-07 -8.40371e-10 -1.77303e-08 3.11358e-06 -3.19163e-08 1.48673e-07 -0.000198441 -1.20664e-05 -8.71824e-05 
1.18496e-07 0.00371777 0.000968126 -0.000562668 0.028058 0.012811 -0.000493126 0.170708 -0.00604332 -0.000133481 -0.0246529 -0.000105142 -0.0428775 0.141655 -0.003303 -0.00117663 -0.0816881 0.0257224 -0.0198814 0.0323441 0.0156142 0.0228293 -0.000192265 0.219994 -0.104008 -0.000308325 0.0150417 0.15233 0.00110756 0.00333184 -2.3948e-06 3.24132e-05 0.00652525 -0.000392514 -0.0141877 -0.000255886 -0.0110568 0.125594 0.00571848 -0.0571569 -0.141038 0.00564029 2.78486e-06 0.0417999 -0.0395479 -0.00710938 -7.6416e-07 -0.00150577 -0.00169821 -4.92688e-06 -0.0114199 -0.00131278 -2.10597e-07 5.89278e-05 8.95235e-06 0.000498232 -4.17035e-05 0.0386501 0.00439416 8.19024e-06 0.000595773 0.0102234 -1.03744e-06 -0.111101 -0.152766 -0.00102733 -3.72071e-05 -0.000534618 -0.000216642 0.00149349 -0.085557 5.17283e-05 -5.88518e-07 -0.00214704 -0.109127 0.103687 0.0173637 -0.00227737 0.01973 -0.00215294 6.15776e-07 0.000423336 -0.00582688 -5.72962e-07 7.24354e-07 0.00057646 0.066959 -0.000208646 -2.59193e-07 0.00256051 1.00513e-05 -1.3416e-05 -8.46018e-07 1.57726e-06 0.00360796 -3.21141e-05 -0.00171417 -0.144977 0.00507156 -0.115644 
2.2852e-07 -0.00721196 0.000614188 0.000243941 0.0869165 0.104328 0.000254913 -0.125592 0.00484103 -1.96415e-06 0.0452052 -0.000309578 -0.00386219 -0.103518 0.00423988 0.000596786 0.142028 -0.0608226 0.0200617 -0.000601392 -0.125827 -0.0527081 -0.000168997 -0.104008 0.227039 0.000100304 -0.00901196 -0.110625 -0.00216501 -0.000562648 -3.1023e-06 -5.54443e-05 0.0117128 0.0002423 0.0089865 0.000175165 -0.00480488 -0.0821681 -0.0182839 0.0069082 0.114522 -0.0101722 -7.33685e-06 0.00559151 0.030979 0.00370819 -4.62264e-07 0.000820595 0.000781964 -1.33401e-05 0.0084676 0.000818753 3.07455e-07 -5.69912e-05 -7.89448e-06 -0.00121488 -0.00328434 -0.0483788 0.0103044 -6.85121e-06 -0.00021474 -0.0309992 1.89757e-06 0.0673976 0.107874 0.00111446 1.86894e-05 0.000898814 0.000115564 -0.0034664 0.0463084 -7.45e-05 -1.74603e-05 0.00103928 0.0524926 -0.190163 -0.04131 0.00172463 -0.0427848 0.000705712 -1.90594e-06 -0.000376289 0.0133778 3.34532e-07 -1.44422e-06 0.000179239 -0.136127 8.71222e-05 -6.40352e-06 0.0035276 -0.000266498 -1.75043e-05 4.37912e-07 -4.06087e-06 0.0332649 1.65447e-05 0.00113599 0.0787376 -0.00806852 0.0788465 
-1.03337e-09 -1.06477e-05 7.06957e-06 -6.1677e-07 -4.23076e-05 0.000177481 -7.10201e-07 -0.000322275 6.7266e-05 3.23962e-06 2.50267e-05 -9.148e-07 -0.000237251 -0.000279374 -7.35958e-06 5.75604e-07 0.000216301 -8.19467e-05 -4.74345e-05 -0.00012644 -0.000237881 -7.33212e-05 -5.38505e-07 -0.000308325 0.000100304 0.000958865 -5.20606e-05 -0.000301887 -9.33045e-07 -1.30806e-05 -5.4196e-09 1.52387e-07 -3.2073e-05 -5.74786e-07 -2.4813e-05 -6.23441e-07 2.00918e-05 -0.000196384 -6.62251e-05 -0.000194097 0.000276133 -7.51643e-06 4.30439e-08 -9.19959e-05 0.000162422 -9.51708e-06 -2.88576e-09 -2.26514e-06 3.25781e-05 -3.45107e-08 4.38426e-07 3.37489e-05 -1.38849e-09 9.28699e-07 -2.69796e-08 -1.89525e-06 -5.87559e-06 -0.000141766 -1.97141e-05 3.92223e-07 -1.61462e-06 8.14615e-05 -7.59511e-09 7.70941e-05 0.000327802 1.62483e-06 -7.68245e-08 2.18369e-05 -3.21132e-07 -1.76719e-05 4.7635e-05 3.16706e-07 4.55164e-07 -2.68777e-06 0.000141971 -0.000236555 -5.9083e-05 3.66633e-05 -6.35989e-05 -7.77492e-06 -5.82271e-09 -1.31993e-05 0.000119937 -9.21395e-10 -2.12753e-09 1.68202e-06 -0.000141508 -2.00595e-07 -5.1275e-08 -9.56159e-06 3.56042e-07 -2.00217e-08 -1.20613e-09 -2.54471e-08 0.00015574 -4.58074e-08 -3.14986e-06 0.000116184 -1.80642e-06 0.000285864 
7.96493e-07 0.00406683 -0.000289652 2.73502e-05 -0.0078945 0.00675512 0.000362503 -0.00171608 -0.000522104 -4.24352e-06 -0.0253841 0.00157105 0.0142908 0.000835775 0.0017733 -6.12622e-05 0.0045932 -0.00523827 -0.00204614 -0.0106955 -0.00457874 0.00393013 -3.8395e-05 0.0150417 -0.00901196 -5.20606e-05 0.0582264 -0.00551868 0.000388998 0.00971945 7.69453e-07 5.26214e-05 0.0193397 -3.74098e-05 0.00581118 0.000461738 -0.0339245 -0.0178949 -0.00403435 0.0171733 -0.000670404 0.00458677 -3.66928e-06 -0.00295166 0.00696748 -0.000588701 8.26678e-07 -0.000104033 -0.000625206 -2.03887e-06 0.0012979 -4.30858e-05 1.11019e-06 4.50986e-05 1.98783e-05 0.000318682 -0.000320238 -0.00103888 0.0166999 2.56855e-05 0.00174573 -0.0202064 6.02071e-07 -0.0100393 -0.0100376 -0.000219258 1.34309e-05 0.000126107 9.28742e-07 0.00959453 -0.00867785 4.14114e-05 9.96085e-06 0.00195411 -0.0144853 0.000782789 -0.0033559 -0.000213433 -0.00420216 0.00167526 1.62338e-06 -0.000653672 0.0142989 -5.95971e-08 -7.09448e-08 -0.000139995 -0.00133516 2.86714e-05 3.18001e-05 0.0040591 2.04693e-05 -7.76149e-06 -7.80143e-08 -7.22624e-07 0.00958021 -1.51955e-06 0.000733809 -0.0183666 -0.00140927 -0.0104425 
-4.06464e-07 0.00147208 0.00082545 -0.000650678 0.0757104 0.0348887 -0.000323647 0.18664 -0.00153667 -0.000174947 -0.0172553 -0.000620985 -0.0951273 0.188688 -0.00174218 -0.000968843 -0.100781 0.0360937 0.0197361 0.080587 -0.00564667 0.0269434 0.000153878 0.15233 -0.110625 -0.000301887 -0.00551868 0.22054 0.00109681 -0.00173588 1.32748e-06 3.26284e-05 -0.0248514 -0.000349547 -0.00550751 -0.000454696 0.0274994 0.169583 0.0234878 -0.106622 -0.148969 0.0045997 3.41158e-05 0.0760916 -0.0487312 0.0035735 -1.52273e-06 -0.00162089 1.78452e-05 1.15101e-05 -0.00567652 -0.000425142 -7.34971e-07 9.03114e-05 -7.9131e-06 0.000430801 0.00195759 0.0385721 -0.0210829 -1.30629e-05 -0.00117484 8.15638e-05 1.19177e-06 -0.128238 -0.189638 0.000115506 -2.74021e-06 -0.00205424 -0.000209248 0.00549103 -0.0880647 5.19314e-05 -2.87245e-06 -0.00137312 -0.138424 0.11022 0.0207657 -0.00324927 0.0223641 -0.00469833 6.58725e-07 0.000934353 -0.0202654 -6.44773e-07 7.27867e-07 0.000650045 0.0737708 -0.000223302 -3.12278e-05 -0.00386689 0.000114321 4.63994e-05 -8.44026e-07 -3.70405e-06 -0.0193428 -3.12284e-05 -0.00215337 -0.157638 0.00485409 -0.14314 
-3.67163e-09 0.000218339 9.18277e-06 -2.54313e-06 -0.000901359 -0.00108966 -2.52339e-06 0.00131785 -4.08352e-05 -5.52632e-07 -0.00241363 2.34485e-05 0.000772162 -0.000303188 -4.4696e-05 -5.16479e-06 -0.00200021 -0.000197652 -0.000210536 -0.000766947 0.00131553 0.000207188 -1.44716e-06 0.00110756 -0.00216501 -9.33045e-07 0.000388998 0.00109681 0.00339855 -4.21895e-05 -1.92561e-08 -4.41573e-07 -0.00013326 -2.46862e-06 0.000140236 -2.6178e-06 -5.48804e-05 0.00105213 -0.000216264 0.000973646 -0.0011298 0.000629865 4.96249e-08 -0.000679822 -0.000335847 -3.7412e-05 -1.02533e-08 -9.38651e-06 -2.97592e-05 2.70715e-07 -8.4135e-05 -6.79902e-06 -4.93339e-09 4.82681e-08 3.37473e-07 1.76673e-05 -1.5073e-05 0.00196784 -0.000102151 -1.2238e-07 -5.92285e-06 0.000218508 -2.69859e-08 -0.000748591 -0.00108203 -1.39932e-05 2.55037e-06 -1.36784e-05 -1.141e-06 -3.94597e-06 -0.000573633 -5.44663e-07 2.46999e-06 -1.07561e-06 -0.00100244 0.00203932 -0.000129037 -1.04542e-05 -5.98811e-05 0.000235465 -2.06884e-08 -8.528e-06 -0.000138672 -3.27377e-09 -7.55923e-09 -9.0218e-06 0.00142871 6.05681e-06 -1.82183e-07 1.22741e-06 2.75173e-06 3.56328e-06 -4.28546e-09 -4.70819e-08 -0.000305572 -1.62757e-07 -1.11916e-05 -0.000713165 8.68651e-05 -0.000802866 
5.71114e-07 -1.8161e-05 -4.00766e-05 -3.64759e-06 -0.00155095 0.00353993 -9.26521e-06 -0.00352816 -0.000113296 -3.98209e-06 -0.0015372 0.000100721 0.00308316 -0.000147591 0.000818537 -1.24777e-05 0.000715092 -0.000972658 0.00113457 -0.00115905 -0.0035538 0.000462255 2.20364e-06 0.00333184 -0.000562648 -1.30806e-05 0.00971945 -0.00173588 -4.21895e-05 0.0142362 1.09843e-06 7.55292e-06 0.0057575 -2.99323e-06 0.000230655 0.000142718 -0.0109325 -0.00633714 -0.000696367 0.00389571 0.00194929 2.15216e-05 1.88664e-06 -0.000297607 0.0015073 0.000281895 -4.34308e-08 -3.94627e-05 -4.6977e-05 6.37061e-06 -0.00012069 -3.2156e-05 3.24365e-08 3.81862e-05 6.26729e-06 0.000312574 -5.90478e-05 -0.00385458 0.00296062 3.64957e-07 0.00015632 -0.00803454 8.75693e-07 -0.00138741 -0.00316067 6.48579e-05 -1.00288e-06 -4.55521e-05 9.4362e-07 0.0028469 -0.00238298 1.14292e-06 -8.72119e-07 0.000123387 -0.00162046 -0.00227445 -0.000505014 6.27056e-06 -0.000744347 -0.000191144 2.39903e-06 -0.000398658 0.00616161 -1.3867e-08 -3.20194e-08 -3.43364e-05 -0.00192315 3.1088e-05 1.9265e-05 0.000755154 1.65941e-05 -2.35817e-06 -1.81523e-08 1.57019e-07 0.00268853 4.80597e-07 2.12812e-05 -0.00428533 -0.000318858 -0.00242844 
-6.07958e-12 -6.95855e-08 -3.02032e-08 -6.58985e-09 -1.52202e-06 -1.82808e-06 -4.17829e-09 -2.98666e-06 -8.38597e-08 -3.10075e-09 5.96582e-07 -1.56777e-08 2.50873e-06 -3.15696e-06 -7.40088e-08 1.93509e-06 -3.57829e-06 -6.17998e-07 3.46723e-06 -1.22538e-06 -1.88538e-06 -3.99806e-07 4.08956e-06 -2.3948e-06 -3.1023e-06 -5.4196e-09 7.69453e-07 1.32748e-06 -1.92561e-08 1.09843e-06 5.64663e-06 -7.31168e-10 8.60458e-07 2.23258e-06 -1.9089e-07 -4.33463e-09 -4.81275e-06 -3.09143e-06 3.67777e-06 -1.72429e-06 -1.1316e-06 -9.82097e-08 -6.68471e-10 -1.04237e-06 1.70292e-07 4.03081e-06 -1.69776e-11 -1.55424e-08 -5.07064e-08 -2.03035e-10 -1.39462e-07 -1.40674e-08 -8.16884e-12 -2.45901e-09 -1.58728e-10 2.58614e-07 -3.45676e-08 -1.66491e-06 7.90986e-07 -2.0264e-10 -1.10877e-08 -4.81882e-06 -4.4684e-11 -1.07687e-06 -1.62025e-06 -2.36615e-08 -4.51978e-10 -2.2649e-08 -1.8893e-09 3.43018e-06 -7.62362e-07 -9.01867e-10 -3.42226e-10 -3.5306e-08 -1.30429e-06 -1.59438e-06 3.90044e-06 -2.96518e-08 5.43594e-07 -6.93202e-08 -3.42564e-11 -3.6972e-07 4.37356e-06 -5.4208e-12 -1.25168e-11 1.30609e-06 -1.21316e-06 -2.7098e-09 1.8097e-06 -7.02559e-08 4.091e-06 -9.21837e-10 -7.09598e-12 -1.49712e-10 -3.55303e-07 -2.69497e-10 -1.85314e-08 -1.01661e-06 -1.30371e-07 -1.33577e-06 
-1.39414e-10 4.0943e-06 -5.65939e-07 5.95551e-07 -9.95852e-06 -1.0117e-05 -5.91479e-08 1.01703e-05 5.03027e-08 -7.1105e-08 -4.64395e-05 6.2382e-07 2.78983e-05 3.59153e-05 -6.40468e-07 -2.21368e-08 1.79422e-05 -1.29743e-05 -6.00303e-06 -2.77818e-05 8.00937e-06 -1.05393e-05 -5.32583e-08 3.24132e-05 -5.54443e-05 1.52387e-07 5.26214e-05 3.26284e-05 -4.41573e-07 7.55292e-06 -7.31168e-10 0.00012947 8.30914e-06 2.32932e-07 -2.29739e-06 7.93934e-07 -7.74889e-05 -3.60944e-05 -8.22285e-06 3.88489e-05 -3.70354e-05 -1.49876e-06 -1.53291e-08 -1.74486e-05 -8.16245e-06 -8.2372e-07 -3.89323e-10 -1.63078e-07 -9.48986e-07 -4.65591e-09 -2.22141e-06 -3.22587e-07 -1.87324e-10 2.82028e-06 -3.63987e-09 9.89121e-08 2.40647e-07 -1.14354e-05 1.07623e-05 -4.64684e-09 2.69241e-06 -1.76492e-05 -1.02467e-09 1.25236e-05 -3.92738e-05 -2.32594e-07 -1.03645e-08 1.82173e-05 -4.33245e-08 1.32971e-05 3.50488e-05 1.49319e-07 2.18819e-07 2.37047e-07 4.70358e-05 -3.03915e-05 -3.50533e-06 -2.46628e-07 -7.1642e-06 2.60646e-06 -7.85552e-10 2.12414e-07 -4.71247e-06 -1.24307e-10 -2.87029e-10 9.44531e-07 -2.85485e-05 -3.54731e-08 -6.91761e-09 1.12592e-05 1.71973e-06 -2.11391e-08 -1.62722e-10 -3.43312e-09 -2.75969e-06 -6.17997e-09 -4.24954e-07 -2.04634e-05 -3.29614e-07 -2.7271e-05 
-4.24962e-08 -0.000387819 -0.000204104 0.000181797 -0.0102214 0.0149014 -2.90529e-05 -0.0235964 0.00160082 2.79891e-05 0.000223556 -0.0001027 0.014107 -0.0228408 0.000953875 0.000406273 0.00677017 -0.0043534 -0.0023349 -0.00959431 -0.0142567 -0.00303647 -1.74782e-05 0.00652525 0.0117128 -3.2073e-05 0.0193397 -0.0248514 -0.00013326 0.0057575 8.60458e-07 8.30914e-06 0.0379123 -1.66623e-05 0.00308449 0.000691564 -0.0314943 -0.0230867 -0.00287734 0.0106141 0.0209964 -0.000685796 -1.73261e-06 -0.009117 0.0102022 -0.000435714 4.8466e-07 -7.59783e-05 -0.000351798 -1.36588e-06 -0.000699266 -1.41344e-05 1.19566e-07 1.22715e-05 1.82005e-05 4.34451e-05 -0.000197387 -0.0104411 0.0262796 1.58002e-05 0.00132472 -0.0231024 -1.23408e-08 -0.00516561 0.0115697 -0.00015345 -2.50599e-06 0.00024521 0.00018136 -0.000418023 -0.00481791 -6.26738e-06 -1.08882e-06 -0.000221116 1.47357e-06 -0.0134194 -0.00247925 0.00115641 -0.00270037 -0.000350985 -2.39453e-07 -0.000569793 0.0236271 -3.78914e-08 -8.74923e-08 -9.59605e-05 -0.00891732 -1.37215e-05 3.21447e-05 0.00429856 -8.9415e-06 -6.38364e-06 -4.96009e-08 5.73513e-07 0.0205211 -6.87114e-07 0.00223204 -0.00933086 -0.000902686 0.0105953 
