0.00684828 4.81216e-07 -0.00132456 -2.03887e-08 2.13805e-05 -8.88588e-06 0.00151272 0.00063766 -5.77784e-05 4.36257e-05 2.63167e-05 -1.08826e-06 0.000560591 0.00146694 8.2828e-05 -0.00194214 -0.00219568 4.6576e-05 0.000384669 0.000338395 -5.752e-05 -0.0027379 0.000104729 0.00161899 1.53078e-07 0.00070079 0.000194913 8.1982e-05 0.000745296 -0.000383773 1.21248e-05 5.91604e-06 3.98507e-08 2.70521e-07 4.56776e-05 7.37841e-05 -3.12871e-06 -1.99187e-06 0.00222212 0.000208531 2.45834e-05 0.00029037 -5.04847e-06 -2.55985e-06 1.28187e-07 0.000855852 0.00110512 -0.00108432 0.000166839 -1.70097e-09 -9.11986e-06 -0.00137828 2.37154e-05 0.000616877 5.18599e-07 0.000193492 -2.80697e-06 -0.00461644 0.000852014 9.19394e-06 6.47257e-06 6.83531e-05 -5.76398e-07 3.35348e-06 0.00028423 -0.00371188 0.000200642 7.43129e-06 -0.00112462 -4.01608e-07 9.94633e-06 -2.24574e-08 0.000412954 0.00135902 0.00110217 -0.00256871 -0.00125541 -2.52991e-05 -1.59307e-06 -0.0015529 -5.72908e-08 0.00066699 -0.00258739 -1.5084e-05 -1.97419e-06 0.00174546 4.63277e-05 0.000493216 -3.76187e-06 -0.00199789 3.6468e-06 8.29184e-06 0.000168352 -7.55587e-06 1.72989e-07 7.16965e-05 0.00188364 7.40961e-06 -7.74896e-06 1.66188e-06 
4.81216e-07 2.88258e-05 -1.60286e-05 -8.52308e-11 1.61528e-05 6.40503e-06 2.67316e-06 -4.99574e-06 -1.80775e-05 -1.48111e-09 -3.13661e-08 -2.92966e-08 2.50536e-05 3.93179e-06 -2.49377e-07 -2.83189e-05 -1.06586e-05 -2.75071e-05 -3.08978e-06 -8.65258e-07 2.78038e-05 -2.8573e-05 3.76244e-07 6.27158e-07 -8.37126e-10 -6.42338e-07 4.86075e-06 9.09162e-07 -1.18206e-05 1.17554e-05 -6.62533e-10 -4.63932e-07 -1.39406e-09 -6.10933e-10 -5.34341e-08 -1.16552e-07 1.93368e-05 2.25733e-05 2.59555e-07 6.50037e-06 1.10714e-06 -1.46016e-07 2.80215e-05 1.89657e-05 -1.32987e-10 -2.73103e-07 5.27128e-07 -1.85575e-05 -7.52991e-09 -7.11058e-12 2.89565e-07 -2.52798e-05 9.90193e-08 1.13088e-06 -4.76601e-11 -3.54622e-08 1.77679e-06 -2.691e-05 1.04297e-05 1.89862e-05 -1.17638e-08 2.50256e-05 -3.39886e-09 -1.04362e-08 -2.67509e-06 -2.14417e-05 2.4673e-06 -3.01143e-10 -1.34513e-05 -1.88786e-09 5.77908e-07 4.86573e-07 5.15097e-06 1.56015e-05 6.33098e-06 -1.46002e-05 -1.22524e-05 -2.22221e-05 1.35765e-05 7.5532e-06 -6.75145e-08 -1.06353e-05 -2.81614e-05 -7.80213e-08 2.43142e-08 1.18299e-05 -2.8105e-09 -1.31747e-06 -1.99339e-08 -2.83657e-05 1.47906e-05 -1.94168e-08 -8.63218e-08 5.63802e-06 -2.93071e-11 1.24903e-05 -3.19261e-06 -1.82703e-09 -4.55191e-08 -2.61179e-09 
-0.00132456 -1.60286e-05 0.246623 -1.18349e-06 -0.000191424 0.00506212 -0.00246811 -0.032044 -0.03678 -2.42926e-05 -0.000107885 7.39422e-05 -0.0215496 -0.000861596 0.000791558 -0.00171846 -0.0182953 0.00303526 -0.0336126 -0.00475074 0.00257458 0.00184414 -0.000275576 -0.00101954 1.12723e-05 0.00045709 -0.00563327 0.000112326 0.0832552 -0.0264583 -8.35402e-06 -0.00721425 -2.18605e-05 -4.75832e-06 0.000682102 -0.000538963 -0.000251491 -0.000229271 -0.00312896 -0.00032577 9.34562e-05 -0.000546253 -0.000265937 -0.000265883 1.91895e-07 0.000635319 -0.00224594 0.131703 -0.000123874 4.23316e-08 -0.00118384 0.000882424 -1.65404e-05 -0.000918567 -9.22751e-07 -0.000749399 3.81056e-05 -0.0155147 0.00143008 -0.000184183 0.000153011 -0.0010606 -8.92218e-06 -0.000112803 -0.051424 -0.0762844 -0.00012947 -5.21711e-06 0.0065348 -3.11076e-05 5.93168e-06 -4.67596e-07 -0.000605084 -0.00105635 -0.000773111 0.0187779 -0.183991 -0.00643305 -0.000129224 -0.0909113 0.000225071 0.150209 0.000681008 -0.00038457 5.02406e-05 -0.00760412 -1.5271e-05 -0.0311117 0.000207034 0.00652597 -0.000108128 -0.000328866 -0.000939843 -0.000613993 -1.07506e-08 -0.000670519 0.0129073 1.892e-05 5.34606e-05 -4.91871e-05 
-2.03887e-08 -8.52308e-11 -1.18349e-06 2.95666e-06 1.34892e-06 2.72855e-06 -1.57452e-08 -5.4146e-07 -1.74382e-06 -1.51914e-10 -3.21713e-09 5.00328e-07 1.87216e-06 1.6873e-07 -2.55779e-08 -2.7245e-06 -1.35545e-06 -2.74005e-06 -3.93834e-07 -8.8747e-08 2.74142e-06 -2.6939e-06 1.88247e-07 -5.41982e-09 -8.58616e-11 -6.96435e-08 1.22324e-06 -2.13725e-09 -1.16189e-06 -2.08338e-07 3.53265e-07 -4.75842e-08 -1.42984e-10 -6.26616e-11 -5.48058e-09 -1.57152e-08 -1.35147e-09 2.14863e-06 -2.46618e-08 1.49799e-06 4.55604e-07 -1.49765e-08 2.76374e-06 2.40187e-06 -1.36401e-11 -2.80114e-08 -1.56796e-08 -1.9133e-06 -7.72321e-10 -7.29311e-13 -1.06432e-08 -2.75946e-06 -1.00586e-10 9.54962e-07 -4.88836e-12 -7.39804e-09 -1.69659e-09 -2.57008e-06 2.72527e-06 1.3956e-06 -1.20658e-09 1.26297e-06 -3.48611e-10 -1.07041e-09 -2.74376e-07 -2.04443e-06 -9.61035e-10 -3.08873e-11 -1.01821e-06 -1.93632e-10 -2.14526e-10 -9.62888e-12 1.2933e-07 2.35101e-06 -4.68588e-09 -5.32496e-07 -1.12336e-06 -2.58637e-06 1.93041e-08 2.79428e-07 -6.92476e-09 -6.34084e-07 -2.70458e-06 -8.00242e-09 -9.25062e-10 2.10263e-06 -2.88265e-10 -1.79575e-07 -2.04456e-09 -2.66888e-06 1.61937e-06 -1.99152e-09 -1.26146e-08 -3.27968e-09 -3.00594e-12 -3.73457e-09 2.58768e-08 -1.87394e-10 -4.66876e-09 -2.67884e-10 
2.13805e-05 1.61528e-05 -0.000191424 1.34892e-06 0.000366679 0.000213351 1.50994e-06 -6.64852e-05 -0.000158483 3.11153e-07 -3.75794e-07 6.40054e-06 0.000249276 5.72322e-05 -2.62994e-06 -0.000357459 -0.000152297 -0.000271077 3.31963e-05 -1.09402e-05 0.000274251 -0.000352169 5.25877e-07 3.80909e-05 1.60601e-06 -1.75019e-06 0.000153323 1.31982e-05 -0.000141208 1.05163e-05 3.9049e-06 -5.56678e-06 -1.77391e-08 1.78893e-07 2.64067e-05 5.80326e-07 0.000230022 0.000284033 2.73504e-05 4.83502e-05 9.92459e-06 7.69286e-05 0.000278321 0.000251215 1.36831e-06 -5.71848e-07 -1.46859e-06 -0.000233567 1.26085e-06 -9.04806e-11 -1.32043e-06 -0.000299583 6.84188e-07 0.000166222 -6.06465e-10 9.05509e-07 2.21285e-06 -0.000311424 0.000337837 0.000147704 -1.49692e-07 0.000209216 -4.32497e-08 -1.32799e-07 -3.39832e-05 -0.00027708 2.44104e-07 1.5395e-06 -0.000174377 3.99311e-07 7.20052e-07 4.85472e-07 1.14006e-06 0.000273025 1.67087e-05 -9.90514e-05 -0.000137667 -0.000337901 3.60537e-05 8.40034e-05 -6.72441e-07 -6.4656e-05 -0.000305184 -9.92805e-07 1.58567e-07 0.000300817 6.52757e-06 -1.87587e-05 1.57634e-06 -0.000347442 4.85457e-05 7.31626e-06 1.83983e-05 9.13645e-06 -3.72927e-10 2.66833e-05 -3.89586e-05 3.41804e-09 2.74112e-07 1.36765e-07 
-8.88588e-06 6.40503e-06 0.00506212 2.72855e-06 0.000213351 0.012726 -4.58884e-05 -0.000950979 -0.00597706 -6.90682e-08 -1.30113e-05 9.74274e-07 0.000699538 1.87975e-05 -7.18027e-05 -0.00922772 -0.00555374 -0.000236997 -0.00103993 -0.000195651 0.00683134 -0.000433104 -4.88618e-06 1.70375e-05 2.85856e-05 -0.000264686 0.000143782 0.000128747 -0.00451347 -0.000828954 3.14703e-06 -0.000204622 -1.768e-07 1.06771e-07 5.53692e-05 -6.42942e-05 0.000162244 0.000252237 -6.12282e-05 0.000109864 3.25084e-06 0.00032255 0.000479395 0.000209323 4.21052e-06 0.000299996 1.24809e-05 -0.00611333 -2.28762e-06 -3.18008e-09 -3.89319e-05 -0.000391086 1.09141e-06 0.00014395 -2.13151e-08 -1.67517e-05 5.95955e-05 -0.000251936 0.00844572 8.5503e-05 -2.85114e-06 5.16659e-05 -5.50077e-07 -3.24074e-06 -0.00115943 0.00113113 7.59517e-07 1.19532e-06 0.00541805 5.90569e-06 4.87213e-05 -4.19856e-08 1.84926e-05 0.000228927 1.62477e-05 0.000580557 -0.00495581 -0.00899321 3.16056e-05 0.00266649 -1.42446e-05 0.0064613 -0.000259084 -3.29803e-05 7.69304e-06 8.08327e-05 2.26797e-05 -0.000631131 2.89049e-05 -0.000304373 2.2814e-05 1.20395e-05 -4.59777e-05 -1.3254e-05 -1.31071e-08 -1.13875e-05 -0.000418193 -7.90441e-07 -6.20094e-06 -1.16808e-06 
0.00151272 2.67316e-06 -0.00246811 -1.57452e-08 1.50994e-06 -4.58884e-05 0.00529696 0.00262113 -0.00103049 4.31031e-05 1.10356e-05 2.04045e-05 0.000370142 0.00140253 -4.33155e-05 -0.0015038 -0.00257898 -0.000869741 -4.59039e-05 -0.000139761 2.23695e-05 -0.00148878 0.000102516 0.00145514 5.53528e-08 -0.00012375 1.69491e-05 4.55372e-05 -0.00218051 0.00210235 2.81094e-06 0.000121458 -1.47532e-07 7.10472e-07 -9.73118e-06 4.29184e-05 4.12358e-05 3.32735e-06 0.00143027 0.00017372 -6.28107e-07 3.29156e-05 1.85903e-05 -9.02249e-08 1.35433e-07 0.000139798 0.00114344 -0.00319688 7.7999e-05 -1.31358e-09 0.00022376 -0.00128979 2.37988e-05 0.00041598 -8.80452e-09 2.16522e-06 7.43089e-06 -0.001289 0.000521715 6.77499e-06 -1.99652e-06 4.18116e-05 -6.2789e-07 9.27854e-05 0.000707553 -0.000505033 0.000202406 5.5777e-06 0.0010123 -3.48755e-07 9.45695e-06 2.95991e-07 0.000140817 0.00126984 0.000936607 -0.000531627 0.0012149 -0.000768552 1.42325e-06 -0.000721835 1.86843e-05 -0.00170428 -0.00152386 -1.422e-05 1.72052e-06 0.00142122 2.33841e-05 -0.000202057 -3.49176e-07 -0.0019029 2.00928e-06 -3.52697e-06 -5.42704e-06 1.80289e-06 1.27919e-07 0.000115087 -0.000533642 3.95815e-07 6.80988e-07 4.66508e-05 
0.00063766 -4.99574e-06 -0.032044 -5.4146e-07 -6.64852e-05 -0.000950979 0.00262113 0.149595 -0.0373306 2.19107e-05 -0.000176481 -0.000118571 -0.00742966 0.00038857 -0.0013217 0.000720894 -0.0749285 -0.00428348 -0.0200321 0.00388187 -0.000668999 -0.000455526 -3.08221e-05 0.000330264 -5.31815e-06 -0.00359172 -0.00178883 -3.54413e-05 -0.0490037 0.0324871 -4.20898e-06 -0.000847054 5.38708e-06 -2.58117e-06 -0.000311016 -0.000647649 -1.4085e-05 -8.34484e-05 -0.000495542 -0.000122674 -0.000267458 -0.000550064 -0.000158479 -9.04324e-05 -8.44848e-07 0.00186699 0.00185921 -0.0416249 4.00835e-05 -3.51725e-08 0.00168156 -2.21124e-05 3.96319e-06 -0.00012841 -3.02778e-07 -0.000206804 -1.30647e-05 0.00432186 -0.00155841 -6.18157e-05 -5.83236e-05 0.000294917 -2.11725e-05 0.000198084 0.0480532 0.0180049 7.12015e-05 4.16355e-06 0.0771613 -1.19266e-05 -5.24076e-06 -5.49732e-07 0.000804042 0.000101988 4.01164e-05 -0.0247291 0.0414167 -0.00430495 -4.29971e-05 -0.0433957 5.13435e-05 -0.056972 0.00176455 0.000569882 5.39263e-05 0.00102514 -1.24881e-05 0.0275478 -6.99574e-05 -0.00660364 -3.81963e-05 -8.21987e-05 -0.000288705 0.000384148 -9.6184e-08 0.000625403 -0.000488638 1.41998e-05 -9.09633e-05 4.67577e-05 
-5.77784e-05 -1.80775e-05 -0.03678 -1.74382e-06 -0.000158483 -0.00597706 -0.00103049 -0.0373306 0.226267 7.59469e-06 0.000252121 -7.37476e-05 0.00382105 0.000426916 0.00239517 0.00477599 0.0485114 0.00395508 0.0269467 -0.014799 -0.0055371 0.000363287 0.000158746 0.000601521 -1.71737e-05 0.00534388 0.00270614 -5.06775e-05 -0.0798421 -0.0128663 1.43098e-06 0.00269354 -2.46834e-05 3.30508e-06 -0.000559194 0.00122665 -0.000258291 -0.000284487 0.00280718 -7.67938e-05 -0.000112317 0.000428306 -0.000539553 -0.000324521 -2.5407e-06 -0.0013637 0.000679634 -0.000986767 1.8399e-05 5.33327e-09 -0.000903943 -0.000230753 3.62574e-06 0.00045807 3.21964e-07 0.000410064 -0.000174583 0.00923882 -0.00427592 -0.000214386 9.33258e-05 -0.0017719 -1.47207e-05 -0.000217846 -0.031232 0.020175 1.77395e-05 3.39792e-08 -0.0768031 -7.33402e-06 -2.6506e-05 -9.3337e-07 -0.00074792 0.000158256 0.000142993 0.00918004 0.0159613 0.0010828 -0.000151778 -0.00139578 -0.00044647 -0.0447589 -0.00358634 -0.000200798 -0.000158356 0.00376099 1.05855e-06 -0.00293934 0.000169398 0.000934478 -0.000135285 0.000199859 0.000810608 -0.000230776 -4.95522e-09 -0.000253773 -0.0267884 -3.90706e-05 -0.000359577 -5.04462e-05 
4.36257e-05 -1.48111e-09 -2.42926e-05 -1.51914e-10 3.11153e-07 -6.90682e-08 4.31031e-05 2.19107e-05 7.59469e-06 5.13774e-05 3.38743e-06 -5.22177e-08 -3.18259e-07 4.36967e-05 -4.11151e-07 -4.2284e-05 -2.02133e-05 -7.74047e-07 1.09594e-05 -6.32216e-07 -1.25474e-07 -4.46869e-05 1.02062e-05 4.18858e-05 -1.49208e-09 8.64248e-08 2.52435e-07 1.86953e-06 -1.7089e-05 -3.3071e-06 -1.18088e-09 3.73097e-07 -2.48474e-09 -1.08891e-09 -9.52397e-08 5.03573e-07 2.89848e-07 -2.38568e-08 4.48814e-05 8.48346e-07 -3.97292e-08 3.16308e-06 3.72555e-07 -2.55057e-08 -2.37033e-10 9.22323e-06 3.67442e-05 -2.63788e-05 2.99912e-07 -1.26737e-11 3.71712e-07 -2.51148e-05 1.28492e-06 -4.75459e-08 -8.49483e-11 -3.52275e-08 -2.94829e-08 -4.1707e-05 1.24406e-05 -1.8573e-08 -2.09675e-08 7.98164e-07 -6.05804e-09 1.06473e-06 -4.45468e-06 -3.36491e-05 5.9533e-06 1.7628e-06 -2.44339e-05 -3.36488e-09 1.62939e-07 -1.67328e-10 9.34044e-06 1.72383e-05 2.21986e-05 -3.57307e-05 -2.07552e-05 -1.74201e-05 -1.20933e-08 -8.1883e-06 6.22997e-07 -1.41952e-05 -4.47178e-05 -9.57301e-08 -1.60754e-08 3.13561e-05 3.35499e-06 3.98273e-06 8.21137e-07 -4.36887e-05 -1.08773e-08 -3.4608e-08 1.41214e-08 -5.69933e-08 -5.22363e-11 9.72844e-06 -5.28043e-06 8.60077e-07 -8.11323e-08 3.08678e-07 
2.63167e-05 -3.13661e-08 -0.000107885 -3.21713e-09 -3.75794e-07 -1.30113e-05 1.10356e-05 -0.000176481 0.000252121 3.38743e-06 0.00108691 -1.85833e-07 -4.56141e-05 1.80292e-05 0.000329784 -6.52051e-06 -0.00039858 -6.26272e-07 -0.000109406 -1.18368e-05 -9.29278e-06 -3.90011e-05 9.43828e-06 1.17621e-05 -3.15982e-08 0.000738804 4.61144e-06 1.34935e-05 -0.000123875 2.26155e-05 3.83253e-08 4.6475e-05 -5.26202e-08 -2.30603e-08 2.75564e-05 0.000533867 -1.2736e-07 -5.05223e-07 0.000679341 5.42393e-07 2.39588e-05 -4.66487e-06 -1.00536e-06 -5.40144e-07 -5.01974e-09 8.32681e-05 6.66797e-05 0.000270051 2.41578e-06 5.30649e-08 1.12132e-05 -0.00022695 5.52298e-06 7.62601e-06 -1.79898e-09 0.000108301 -2.61036e-07 -0.000783935 1.08745e-05 -7.99943e-08 0.000207849 9.84184e-05 -1.28293e-07 -1.87259e-07 -8.72373e-05 -6.81589e-05 5.29928e-08 -1.13669e-08 -0.000292246 -7.12592e-08 3.07718e-07 -3.54356e-09 1.59669e-05 9.8076e-06 3.19553e-06 -0.000638132 -0.000251298 -0.000616903 -2.56105e-07 -0.000527728 0.000116358 0.000187415 -0.000736886 -1.06833e-06 -3.07102e-07 -1.19756e-06 8.18058e-06 0.000138824 -5.69094e-07 -8.53099e-05 -2.30353e-07 3.2376e-07 0.000239694 9.73637e-06 -1.10623e-09 7.29896e-06 -7.90918e-05 -6.89634e-08 -1.4215e-06 -9.85849e-08 
-1.08826e-06 -2.92966e-08 7.39422e-05 5.00328e-07 6.40054e-06 9.74274e-07 2.04045e-05 -0.000118571 -7.37476e-05 -5.22177e-08 -1.85833e-07 0.00101527 -3.73534e-05 -1.569e-06 0.000360295 -6.4909e-06 -0.00025362 -0.000860206 -9.89572e-05 -2.56952e-05 3.7127e-05 -4.8812e-05 -5.82492e-07 -1.20964e-06 1.21715e-06 0.000716331 -4.34024e-06 2.99536e-06 -0.000414944 0.000884821 -2.3358e-08 -1.23529e-05 -4.91484e-08 -2.15389e-08 -2.47187e-07 0.000800775 1.33788e-05 5.33144e-06 6.75229e-05 4.10461e-06 -1.31445e-06 -3.5079e-06 9.48226e-06 7.68883e-06 -4.68855e-09 -7.5051e-06 -3.55626e-06 0.000263138 -2.65472e-07 -2.50688e-10 1.19149e-05 -1.34277e-05 7.85425e-07 6.6585e-05 3.4832e-07 8.1797e-05 1.68016e-06 -0.000143358 9.56971e-06 -5.071e-08 3.56859e-06 4.71572e-05 -1.19829e-07 5.16754e-05 4.84473e-06 -0.000736359 4.29941e-08 -1.0617e-08 -8.13456e-05 -6.65577e-08 5.6626e-07 2.83357e-07 1.28408e-06 9.35166e-06 2.18597e-06 -0.000254505 -0.000260115 -0.000937198 2.27459e-07 -0.000475871 4.01131e-05 0.000501806 -0.00072613 3.59739e-08 3.04536e-06 -7.34937e-06 1.1758e-07 -1.52392e-05 -6.32784e-07 -0.000136905 6.95151e-06 -3.34551e-07 0.000618594 4.42666e-07 -1.03324e-09 3.07631e-06 -2.27242e-05 1.66892e-06 2.38526e-07 2.63879e-05 
0.000560591 2.50536e-05 -0.0215496 1.87216e-06 0.000249276 0.000699538 0.000370142 -0.00742966 0.00382105 -3.18259e-07 -4.56141e-05 -3.73534e-05 0.0413689 0.00058204 -0.000372759 -0.00194543 0.0170394 -0.000222219 -0.00315938 -0.00101145 0.000311472 -0.00115103 1.60771e-05 0.000559937 2.70377e-05 -0.00100503 -0.000275857 -2.20152e-05 -0.00457288 -0.00293796 4.26624e-06 -0.00068214 -1.51435e-06 -9.097e-07 -5.37516e-05 -0.000229496 0.000271963 0.000399214 0.000236515 0.00035301 -5.32771e-05 -4.98966e-05 0.000516351 0.000454069 4.23719e-06 0.000439177 0.000407367 -0.0264324 9.90887e-06 5.60012e-08 -0.00014366 -0.00117882 5.89903e-06 0.000106706 1.88512e-07 -0.000107553 2.93522e-05 -0.00048825 0.000758521 0.00028764 -1.68717e-05 0.000192622 -1.78144e-06 -1.17171e-05 -0.00356264 0.00800483 7.80291e-05 9.38302e-07 -0.0174548 1.6215e-05 1.12761e-05 4.75853e-07 0.000220162 0.000954827 0.000480527 0.00233074 0.0167109 0.00121051 0.000206106 0.0181608 -9.98781e-05 -0.0150361 -0.00029402 -0.000106631 -1.19715e-05 0.000400364 3.12511e-05 -0.00234531 -1.68165e-05 -0.000722545 0.000182273 1.00192e-05 -0.000170353 -4.05823e-05 -6.25768e-10 -1.09645e-05 -0.00400514 -2.59379e-06 -4.69929e-05 -1.74755e-06 
0.00146694 3.93179e-06 -0.000861596 1.6873e-07 5.72322e-05 1.87975e-05 0.00140253 0.00038857 0.000426916 4.36967e-05 1.80292e-05 -1.569e-06 0.00058204 0.00155452 -1.2859e-05 -0.00150355 -0.000788234 -3.83948e-05 0.000314475 -4.33165e-05 3.44063e-05 -0.00148558 0.000108504 0.00143141 1.81196e-08 -3.63701e-05 5.7814e-05 3.39546e-05 -0.000617134 -9.70317e-05 5.15422e-06 2.91294e-05 -7.52939e-08 -2.63302e-08 8.73992e-07 -6.73876e-06 4.42717e-05 4.16204e-05 0.00142799 0.000144443 -7.9166e-07 4.97569e-05 4.69579e-05 2.54804e-05 1.52282e-06 6.61695e-05 0.00094675 -0.00100515 6.76433e-05 -3.84047e-10 9.00207e-06 -0.00130138 2.43304e-05 0.00038877 -2.57415e-09 -2.10906e-06 4.32595e-08 -0.00144384 0.000572153 4.63672e-05 -6.35369e-07 2.9347e-05 -1.83574e-07 3.273e-06 -0.000143706 -0.00115967 0.000201884 6.4304e-06 -0.000712477 -1.01964e-07 8.9837e-06 -5.07046e-09 0.000121535 0.00128804 0.000911586 -0.000699945 -0.000609093 -3.60153e-05 7.66875e-07 0.00032475 -3.46317e-06 -0.000488966 -0.00148434 -3.94398e-06 -4.87127e-07 0.00144638 2.94715e-05 -3.46289e-05 8.00225e-08 -0.00150399 1.11039e-06 8.61287e-07 -5.51602e-06 1.15962e-06 9.50838e-08 3.42968e-05 -0.000158438 1.06799e-06 -1.98518e-06 -1.41065e-07 
8.2828e-05 -2.49377e-07 0.000791558 -2.55779e-08 -2.62994e-06 -7.18027e-05 -4.33155e-05 -0.0013217 0.00239517 -4.11151e-07 0.000329784 0.000360295 -0.000372759 -1.2859e-05 0.00857608 9.21383e-05 -0.00373847 -0.000941215 -0.000765768 -4.16449e-05 -5.85525e-05 6.3782e-06 9.64839e-07 -1.39445e-05 -2.51223e-07 0.00794117 -9.10199e-05 7.95633e-05 0.000265037 0.00104695 1.17117e-06 -4.01833e-05 -3.25025e-07 5.05332e-06 -5.20563e-06 0.00131797 -3.22428e-06 -3.83013e-06 0.00127305 -5.21754e-06 7.28171e-05 -3.9843e-05 -8.35634e-06 -4.21776e-06 -3.99096e-08 -1.11119e-05 -4.2157e-05 0.00296068 3.03903e-05 4.11994e-08 -2.2891e-05 -0.000292891 1.64236e-06 3.06265e-05 -1.43028e-08 3.34707e-05 1.77493e-05 -0.00507523 -8.86736e-05 -1.17716e-06 0.000295773 0.000136765 -5.93334e-07 1.55141e-06 -0.00073577 -0.000235511 2.34144e-06 1.69629e-06 -0.00261259 -5.66549e-07 -6.24348e-07 6.21827e-07 -1.06853e-05 -1.51795e-05 3.66796e-05 -0.00114898 -0.00311709 -0.00135085 -1.9595e-06 -0.00257694 2.08955e-05 0.00379035 -0.00815515 -1.64809e-05 1.98336e-06 -0.000116426 4.1099e-06 0.00158648 2.13945e-05 1.64985e-05 -1.83143e-06 -2.63033e-06 0.000462908 1.28397e-06 -8.7951e-09 -1.0927e-05 -0.000848079 -5.48295e-07 -1.24937e-05 -7.83802e-07 
-0.00194214 -2.83189e-05 -0.00171846 -2.7245e-06 -0.000357459 -0.00922772 -0.0015038 0.000720894 0.00477599 -4.2284e-05 -6.52051e-06 -6.4909e-06 -0.00194543 -0.00150355 9.21383e-05 0.0140566 0.00536359 0.000528568 0.000421207 0.000290522 -0.00726798 0.00260257 -0.000148273 -0.00179447 -2.86259e-05 0.000205693 -0.000586145 -0.000245732 0.00480076 0.000872027 -1.83323e-05 -6.31723e-05 -2.10389e-07 -5.21117e-07 -7.94306e-05 -5.03893e-05 -0.000323779 -0.000447329 -0.00176079 -0.00047096 -1.54705e-05 -0.000776649 -0.00080102 -0.000489191 -4.54755e-06 -0.000138642 -0.0010328 0.00810403 -8.83718e-05 -6.31492e-08 -1.79792e-06 0.00203625 -2.45149e-05 -0.000970803 -1.25642e-06 -0.000142699 -0.000105367 0.00243287 -0.0103348 -0.000317152 3.88596e-06 -0.000377823 -4.35323e-07 -4.50755e-07 0.000862213 0.000701851 -0.000266555 -7.21436e-06 -0.00355811 -1.37761e-05 -5.5792e-05 -5.70227e-07 -0.000238598 -0.00185417 -0.00116112 0.000898333 0.00332532 0.008989 -0.000219057 -0.00419449 2.238e-06 -0.00465077 0.00215756 1.61622e-05 -4.04844e-06 -0.00275626 -6.96297e-05 -0.000330435 -2.21824e-05 0.00303529 -0.000205928 -0.000173815 -0.00014442 -1.14455e-05 -1.65502e-07 -0.000170035 4.19939e-05 8.77129e-07 -2.66026e-05 -8.388e-06 
-0.00219568 -1.06586e-05 -0.0182953 -1.35545e-06 -0.000152297 -0.00555374 -0.00257898 -0.0749285 0.0485114 -2.02133e-05 -0.00039858 -0.00025362 0.0170394 -0.000788234 -0.00373847 0.00536359 0.249935 0.00296029 0.000974204 -0.0145031 -0.00414266 0.00104781 -0.000175899 -0.000749287 2.6864e-06 -0.00429965 0.00337208 -0.00023751 0.0695762 -0.0236461 -9.50988e-06 -0.0065639 2.03765e-06 1.81618e-06 0.000308216 -0.00206552 -0.000227477 -0.000191182 -0.00232814 -6.51811e-05 0.000409159 0.00154899 -0.000232492 -0.000186083 6.52889e-07 0.000367811 -0.0024706 0.00138386 -0.000115771 4.80158e-08 -0.00150627 0.00102919 -1.6097e-05 -0.000708898 -8.29966e-07 -0.00115044 -0.000259099 0.00591725 -0.00497086 -0.000120736 -0.000195896 -0.0010578 5.09082e-05 -0.000165302 -0.0403032 -0.0453156 -0.000160285 -4.7807e-06 -0.179212 2.94615e-05 -3.11887e-05 -1.6312e-06 -0.000483746 -0.000897375 -0.000635232 0.0127048 -0.00240228 0.0176194 -5.10384e-05 0.0535472 -0.000672372 -0.0276946 0.00588045 -0.000150729 -0.00011471 -0.00263506 -2.16793e-05 -0.0294211 -0.000337194 0.0063689 -7.4138e-05 0.000148673 -0.0012851 -0.000212795 -4.46512e-07 -0.000554424 0.00726598 7.78682e-06 0.000619886 -4.44238e-05 
4.6576e-05 -2.75071e-05 0.00303526 -2.74005e-06 -0.000271077 -0.000236997 -0.000869741 -0.00428348 0.00395508 -7.74047e-07 -6.26272e-07 -0.000860206 -0.000222219 -3.83948e-05 -0.000941215 0.000528568 0.00296029 0.00892281 0.00116176 -0.000648287 -0.000861246 0.000534423 6.34407e-07 8.80153e-06 -1.21853e-06 -0.00127291 -4.16216e-07 -2.62148e-05 0.00337084 -0.00703605 -4.19306e-06 -0.000918773 -4.44572e-07 -1.49251e-06 -8.73011e-06 -0.0014698 -0.000362528 -0.000431773 -0.000107035 -0.000286619 7.20436e-06 4.48509e-05 -0.000565765 -0.000487947 -1.32846e-06 -0.000157504 -1.86312e-05 0.000719157 2.08193e-06 -6.44457e-08 -0.000152465 0.000538541 -5.04369e-06 -0.000149295 -5.85114e-07 -4.62042e-05 -0.000113507 0.000162011 -0.000428701 -0.000303725 -2.53523e-05 -0.000475583 -1.21838e-06 -0.000277814 -0.00422297 0.00247967 -6.32167e-05 -1.54927e-06 -0.00204895 -5.44367e-06 -3.55338e-06 -1.40734e-06 -0.000176977 -0.000465875 -0.00017942 0.000751315 -0.00212272 0.00293865 -0.000220244 0.00228581 -2.84655e-05 0.00126893 0.00183709 8.42627e-06 -6.03629e-05 -0.000177462 8.77848e-07 -0.00158004 -8.87373e-06 0.000997569 -0.000201954 2.07474e-06 -0.001073 -0.000316869 9.15394e-09 -0.000237391 -0.000873693 -1.386e-06 -1.8949e-05 -7.51109e-05 
0.000384669 -3.08978e-06 -0.0336126 -3.93834e-07 3.31963e-05 -0.00103993 -4.59039e-05 -0.0200321 0.0269467 1.09594e-05 -0.000109406 -9.89572e-05 -0.00315938 0.000314475 -0.000765768 0.000421207 0.000974204 0.00116176 0.115459 -0.00349708 -0.00110062 -0.00199773 -2.57325e-05 0.000640329 1.32151e-05 -0.00172811 0.00377553 -8.34428e-05 -0.0339046 -0.0041658 8.8219e-06 -0.0013357 4.16834e-06 -2.23633e-06 5.1082e-05 -0.000627175 -3.44758e-05 -4.50784e-05 0.000656364 6.15522e-07 0.000201214 0.00275815 -0.000123807 -6.39e-05 2.43883e-06 -0.000851434 -0.000287306 -0.0212635 2.57825e-05 -3.28565e-08 -0.000409449 -0.000403758 1.35318e-05 0.000675275 7.99772e-07 -0.000151543 -4.53341e-05 0.00583574 0.000106435 -3.7707e-05 -3.97414e-05 -0.000446736 -8.64876e-06 -4.6007e-05 -0.00388742 -0.00917449 -3.31027e-05 -9.34852e-07 -0.0297051 1.89366e-05 -3.59804e-06 -4.33795e-07 -0.000159392 0.00036821 0.000224621 -0.0109508 0.0141038 0.00129924 -3.02551e-05 0.0324075 -0.000288524 -0.0129362 0.00153977 0.000283693 -1.84521e-05 0.00222252 2.65699e-05 -0.00168854 9.79935e-06 -0.00143076 -2.09927e-05 0.000444969 -0.000363568 -0.000105341 -6.20889e-08 0.000320472 -0.0115853 2.04764e-06 0.000236939 -7.62523e-06 
0.000338395 -8.65258e-07 -0.00475074 -8.8747e-08 -1.09402e-05 -0.000195651 -0.000139761 0.00388187 -0.014799 -6.32216e-07 -1.18368e-05 -2.56952e-05 -0.00101145 -4.33165e-05 -4.16449e-05 0.000290522 -0.0145031 -0.000648287 -0.00349708 0.0291149 -3.92717e-05 -0.000357398 -1.60176e-05 -5.42483e-05 -6.14995e-07 -0.000376073 -0.000142807 -1.07139e-05 0.00740695 0.00107759 7.60135e-07 -0.000192805 5.50984e-08 -2.7947e-07 -4.31584e-05 -0.000156096 -7.7834e-06 -1.30303e-05 -7.98647e-05 -1.75394e-05 -2.08335e-06 -0.000147203 -2.55279e-05 -1.24136e-05 -1.38473e-07 0.000644387 -0.000110175 -0.000109407 1.68195e-05 -7.40392e-09 0.000429467 6.56985e-05 -1.00114e-06 -4.52004e-05 -4.96263e-08 0.000132046 -1.35437e-05 -0.00369238 -0.000186683 -9.66358e-06 -6.26908e-06 0.000273918 -3.33241e-06 -7.43418e-07 0.0120202 0.00569747 -7.96303e-06 3.36434e-07 0.0130982 -1.89574e-06 -2.17785e-06 -9.77517e-08 0.000236277 -5.51013e-05 2.95226e-05 -0.00642835 -0.00182599 -0.000418514 -5.02151e-06 -0.0122303 0.000268624 -0.00666029 -0.00072968 0.00029385 -7.15784e-06 -0.000407497 -2.40312e-06 0.00261123 -6.98295e-06 -0.0015139 -5.7078e-06 -1.90345e-05 -4.79956e-05 -2.31818e-05 1.94838e-08 -3.21997e-05 -0.00191601 2.26759e-06 -2.9157e-05 -1.17287e-06 
-5.752e-05 2.78038e-05 0.00257458 2.74142e-06 0.000274251 0.00683134 2.23695e-05 -0.000668999 -0.0055371 -1.25474e-07 -9.29278e-06 3.7127e-05 0.000311472 3.44063e-05 -5.85525e-05 -0.00726798 -0.00414266 -0.000861246 -0.00110062 -3.92717e-05 0.00846748 -0.000522787 -3.47632e-06 -1.45353e-05 1.23199e-06 -0.000190474 6.05935e-06 9.75898e-05 -0.00346229 -0.000165404 4.20371e-06 -0.000114852 1.06985e-07 6.39e-07 -9.94415e-06 -1.79504e-05 0.00035801 0.000438855 -5.42696e-05 0.000281971 -5.91192e-06 -1.51833e-05 0.000767386 0.000491254 1.3306e-06 -6.44218e-05 -4.09677e-05 -0.00526159 -2.05421e-06 6.456e-08 4.26267e-05 -0.0005359 1.04945e-06 9.29781e-05 2.3588e-07 -2.13461e-05 9.02393e-05 -8.01931e-05 0.00710689 0.000299549 -2.61857e-06 0.000483661 -3.40306e-07 1.31747e-05 -0.000340343 0.00124094 6.45807e-05 1.63078e-06 0.00383768 2.54735e-06 2.8097e-05 5.88853e-07 0.000132821 0.000465889 0.000171935 0.000347272 -0.0030636 -0.00702744 0.00021966 0.00303115 -1.2769e-05 0.00399868 -0.000606212 6.17477e-06 3.90126e-06 0.000187965 -4.42663e-07 -0.000342535 3.37545e-07 -0.000637292 0.000203462 -5.75257e-06 -3.06642e-05 3.53699e-05 -8.68276e-09 0.000101289 -0.000852058 -1.34625e-07 -1.20392e-05 1.65362e-05 
-0.0027379 -2.8573e-05 0.00184414 -2.6939e-06 -0.000352169 -0.000433104 -0.00148878 -0.000455526 0.000363287 -4.46869e-05 -3.90011e-05 -4.8812e-05 -0.00115103 -0.00148558 6.3782e-06 0.00260257 0.00104781 0.000534423 -0.00199773 -0.000357398 -0.000522787 0.00541619 -0.000125012 -0.0017483 -2.88819e-05 -0.000124878 -0.00165628 -9.30034e-05 -5.98433e-05 -1.24819e-05 -1.99382e-05 -2.1312e-05 -1.20466e-05 -1.19125e-06 -0.000281352 -0.000124704 -0.000347447 -0.000420158 -0.00183859 -0.000459082 -9.18494e-05 -0.00150191 -0.000546801 -0.00048989 -4.58821e-06 -0.000879136 -0.00101962 0.00128671 -0.000149444 -6.53234e-08 -3.38664e-05 0.0018989 -2.51681e-05 -0.000987261 -1.261e-06 -0.000120224 -5.34284e-05 0.00353857 -0.0017019 -0.000311975 9.35709e-07 -0.000845532 -3.78988e-08 -4.03684e-05 -0.000269321 0.00365873 -0.00024979 -9.17644e-06 0.00187333 -1.02467e-05 -1.28982e-05 -8.78931e-07 -0.000632044 -0.00184874 -0.00124738 0.00370863 0.0013146 0.00110025 -0.000221818 0.000903215 -5.08538e-06 4.88415e-05 0.00225453 -4.46171e-05 -1.57395e-05 -0.00229813 -8.19057e-05 -0.000400713 -7.11081e-06 0.00299529 -0.000208594 -0.000293069 -0.000249552 -7.72253e-06 -1.27797e-07 -0.000331228 -0.000418329 -1.53582e-05 -0.000149991 -4.31466e-05 
0.000104729 3.76244e-07 -0.000275576 1.88247e-07 5.25877e-07 -4.88618e-06 0.000102516 -3.08221e-05 0.000158746 1.02062e-05 9.43828e-06 -5.82492e-07 1.60771e-05 0.000108504 9.64839e-07 -0.000148273 -0.000175899 6.34407e-07 -2.57325e-05 -1.60176e-05 -3.47632e-06 -0.000125012 0.000592475 0.000101343 -1.72157e-08 -7.70054e-06 1.83209e-05 1.11548e-05 -0.000223907 -3.10595e-05 8.23042e-07 2.41991e-05 -2.86691e-08 3.41027e-08 -1.09888e-06 -1.54764e-06 5.6569e-07 1.38474e-06 8.47319e-05 5.68298e-06 -8.48129e-07 2.65638e-05 1.09078e-06 5.4238e-07 -2.73491e-09 -2.50643e-06 8.02028e-05 -0.000361527 1.15385e-05 -1.46231e-10 1.73598e-06 -9.64393e-05 4.55317e-06 8.46989e-06 -9.8014e-10 -1.44335e-06 -1.86842e-07 -8.00224e-05 0.000240983 1.40237e-06 3.58075e-07 -2.99514e-06 -6.98982e-08 -1.67956e-07 -4.84171e-05 3.87631e-06 1.4984e-05 -6.19306e-09 3.08037e-05 -3.88242e-08 4.07032e-06 -1.93064e-09 4.84741e-06 0.000100102 3.16305e-05 -3.4151e-05 0.000209226 -0.000387015 -1.39534e-07 3.25734e-06 -7.88449e-07 -0.000191683 -0.000113539 -1.54119e-06 -1.8548e-07 0.000410116 1.72922e-05 1.13142e-05 2.16721e-07 -0.000146622 7.11163e-07 2.04023e-07 -1.87595e-06 3.29074e-07 5.93973e-08 3.74453e-06 -6.05367e-05 -3.75734e-08 2.66306e-05 -5.37121e-08 
0.00161899 6.27158e-07 -0.00101954 -5.41982e-09 3.80909e-05 1.70375e-05 0.00145514 0.000330264 0.000601521 4.18858e-05 1.17621e-05 -1.20964e-06 0.000559937 0.00143141 -1.39445e-05 -0.00179447 -0.000749287 8.80153e-06 0.000640329 -5.42483e-05 -1.45353e-05 -0.0017483 0.000101343 0.00182972 3.00101e-07 -4.08478e-05 0.000327029 1.40016e-05 -0.000734667 -0.000127773 8.09454e-06 3.33286e-05 5.46854e-08 -3.88491e-08 1.09088e-05 -9.60981e-06 -8.14557e-07 -7.17804e-07 0.00154891 0.000188405 1.10878e-05 0.000345142 -3.18297e-07 -1.09967e-07 1.6821e-07 4.05001e-05 0.000918049 -0.0011791 7.98578e-05 -4.52161e-10 3.90138e-06 -0.00139765 2.38876e-05 0.00059242 -3.0307e-09 -2.84666e-06 -9.78527e-07 -0.00150346 0.000886453 8.76404e-06 -7.38057e-07 -1.00731e-05 -2.16133e-07 3.39636e-06 -0.000159952 -0.0013822 0.000187614 5.61085e-06 -0.000872885 5.75995e-06 1.0047e-05 -5.96974e-09 9.35416e-05 0.00137677 0.000959725 -0.00103042 -0.000478935 -0.000252283 3.68547e-07 0.000251502 -4.02657e-06 -0.000482637 -0.00153245 -4.86803e-06 -5.73523e-07 0.00175858 4.32013e-05 -2.14003e-05 -1.67595e-07 -0.00179738 2.6686e-06 0.000135855 5.42251e-06 -2.03335e-06 1.3147e-07 4.99613e-05 -0.000199811 -1.16181e-07 9.53878e-06 -1.66083e-07 
1.53078e-07 -8.37126e-10 1.12723e-05 -8.58616e-11 1.60601e-06 2.85856e-05 5.53528e-08 -5.31815e-06 -1.71737e-05 -1.49208e-09 -3.15982e-08 1.21715e-06 2.70377e-05 1.81196e-08 -2.51223e-07 -2.86259e-05 2.6864e-06 -1.21853e-06 1.32151e-05 -6.14995e-07 1.23199e-06 -2.88819e-05 -1.72157e-08 3.00101e-07 2.90392e-05 -6.84029e-07 2.87117e-05 -2.09918e-08 1.22115e-05 -2.04627e-06 -6.67436e-10 -4.67366e-07 -1.40437e-09 -6.15454e-10 1.48762e-05 -1.54352e-07 -1.3274e-08 7.99849e-07 -1.62225e-07 6.46892e-07 2.97015e-06 2.74129e-05 1.4513e-06 1.46558e-06 2.22653e-06 2.66149e-05 -1.54003e-07 -1.87922e-05 -7.58564e-09 -7.1632e-12 -1.04536e-07 -2.78326e-05 -9.87941e-10 8.43852e-07 -4.80128e-11 -7.26626e-08 6.50003e-07 -2.65258e-05 2.86334e-05 -1.04975e-08 -1.18508e-08 5.80563e-07 -3.42401e-09 -1.05134e-08 -2.69488e-06 -2.17829e-05 -9.43916e-09 -3.03371e-10 -1.04234e-05 4.80982e-08 -2.10705e-09 -9.45736e-11 1.86402e-06 1.50442e-06 5.06425e-08 -2.65067e-05 -1.19898e-05 -2.72691e-05 -6.83514e-09 -1.44299e-05 -6.80141e-08 1.74152e-05 -9.50221e-07 -7.85987e-08 -9.08584e-09 -3.19734e-07 1.28505e-05 -1.76377e-06 5.52992e-06 -2.77628e-05 1.47385e-06 6.37729e-08 -1.23899e-07 -3.22126e-08 -2.9524e-11 -3.66804e-08 -3.21624e-06 -1.84056e-09 1.38081e-06 -2.63112e-09 
0.00070079 -6.42338e-07 0.00045709 -6.96435e-08 -1.75019e-06 -0.000264686 -0.00012375 -0.00359172 0.00534388 8.64248e-08 0.000738804 0.000716331 -0.00100503 -3.63701e-05 0.00794117 0.000205693 -0.00429965 -0.00127291 -0.00172811 -0.000376073 -0.000190474 -0.000124878 -7.70054e-06 -4.08478e-05 -6.84029e-07 0.0229999 2.86222e-05 0.000205177 0.00112201 0.0033324 1.03197e-06 -4.98931e-05 -4.9244e-07 7.73746e-06 0.000147992 0.00401055 -3.36671e-06 -7.18693e-06 0.00427282 2.737e-06 0.00026455 -6.18722e-05 4.11428e-06 -1.07795e-05 -1.08666e-07 -8.48536e-05 -8.78639e-05 0.00596819 5.79472e-05 1.60857e-07 1.05925e-05 -0.000245463 -1.41332e-07 0.000477969 3.3439e-07 0.0013129 3.33049e-06 -0.0123632 -0.00017435 -6.13078e-08 0.000296684 0.00100854 -2.28393e-06 1.32991e-05 -0.00212707 -0.00403311 2.80804e-05 1.9906e-06 -0.00813284 -8.55932e-07 -6.32386e-07 7.1329e-07 -2.71261e-05 -3.48759e-05 0.000114083 -0.00362053 -0.005797 -0.00378102 -5.23741e-06 -0.0048693 0.000150976 0.00800662 -0.0150378 -2.57524e-05 -2.12965e-06 -0.000312533 6.27349e-06 0.00335466 -2.65166e-06 -0.00142208 -4.31995e-06 -1.27091e-05 0.00298082 -6.34475e-06 1.36053e-07 -1.57253e-05 -0.000840958 -9.69565e-07 -2.78277e-05 8.85863e-07 
0.000194913 4.86075e-06 -0.00563327 1.22324e-06 0.000153323 0.000143782 1.69491e-05 -0.00178883 0.00270614 2.52435e-07 4.61144e-06 -4.34024e-06 -0.000275857 5.7814e-05 -9.10199e-05 -0.000586145 0.00337208 -4.16216e-07 0.00377553 -0.000142807 6.05935e-06 -0.00165628 1.83209e-05 0.000327029 2.87117e-05 2.86222e-05 0.0111781 2.84744e-06 -1.95568e-05 -0.000540508 8.04015e-06 -8.99192e-05 1.08832e-05 4.59706e-06 0.000218263 -5.57762e-05 5.38088e-05 9.51904e-05 0.000179637 2.55579e-05 0.000127126 0.00237999 9.23964e-05 8.48976e-05 3.03118e-06 0.000133531 -2.35302e-05 -0.00126123 3.96201e-05 -2.78879e-09 -3.15317e-05 -0.00024029 5.42039e-07 0.000360696 1.00131e-06 -7.12584e-06 -3.04423e-06 -0.000514656 0.00116509 2.48431e-05 -4.61379e-06 0.000123247 -1.3971e-07 -4.03979e-06 -0.000443844 -0.000992066 -2.91821e-06 1.61891e-07 -0.00368908 1.10762e-05 3.76968e-06 -3.68196e-08 1.59102e-05 0.000208119 1.18178e-06 -0.00455397 0.00182378 -0.00180859 9.09893e-06 -0.00242019 -9.72732e-07 -0.00223736 -0.000120793 4.13998e-05 -1.38399e-06 0.000989285 5.23277e-05 -0.00059664 -1.09482e-06 -0.000767492 3.15398e-05 0.000512465 4.84902e-05 0.000146282 4.85057e-08 3.93295e-05 -0.000716775 -3.49902e-07 0.000241781 -7.04354e-07 
8.1982e-05 9.09162e-07 0.000112326 -2.13725e-09 1.31982e-05 0.000128747 4.55372e-05 -3.54413e-05 -5.06775e-05 1.86953e-06 1.34935e-05 2.99536e-06 -2.20152e-05 3.39546e-05 7.95633e-05 -0.000245732 -0.00023751 -2.62148e-05 -8.34428e-05 -1.07139e-05 9.75898e-05 -9.30034e-05 1.11548e-05 1.40016e-05 -2.09918e-08 0.000205177 2.84744e-06 0.000722334 3.09132e-05 8.42648e-05 7.00053e-07 1.23113e-07 -3.49573e-08 1.13801e-06 2.38301e-05 1.68112e-05 4.40463e-05 1.9171e-05 8.92106e-05 2.0011e-06 3.43285e-05 1.46518e-05 5.57456e-05 9.1745e-06 -3.33478e-09 -4.98327e-07 1.03266e-05 -0.000102978 5.49118e-06 -1.78305e-10 4.76812e-05 -1.17692e-05 1.35874e-06 1.41917e-05 2.48805e-07 4.92797e-06 5.6521e-07 -0.0004878 0.000157315 1.0912e-05 4.71678e-07 6.80126e-05 1.51437e-07 8.97497e-06 -2.79837e-05 -5.52072e-05 2.1845e-05 6.35782e-07 -3.43905e-05 -4.73399e-08 2.65089e-06 4.07646e-07 1.31014e-05 2.19066e-05 3.1451e-05 -4.19458e-05 -0.000194725 -0.000310849 1.05532e-05 -0.000239998 2.20368e-06 0.000170494 -0.000321988 -1.84646e-06 3.60504e-07 4.44399e-05 3.90952e-06 5.21768e-05 -4.66529e-07 -0.000151696 2.70697e-06 -8.02279e-08 3.32928e-06 -5.51829e-07 4.59318e-08 3.1767e-05 3.54556e-05 3.07519e-07 -3.28103e-07 1.57945e-05 
0.000745296 -1.18206e-05 0.0832552 -1.16189e-06 -0.000141208 -0.00451347 -0.00218051 -0.0490037 -0.0798421 -1.7089e-05 -0.000123875 -0.000414944 -0.00457288 -0.000617134 0.000265037 0.00480076 0.0695762 0.00337084 -0.0339046 0.00740695 -0.00346229 -5.98433e-05 -0.000223907 -0.000734667 1.22115e-05 0.00112201 -1.95568e-05 3.09132e-05 0.24228 -0.0276302 -2.76564e-06 -0.00617367 1.05657e-05 8.78542e-06 0.000890434 -0.00214307 -0.000185839 -0.000190254 -0.00232004 -0.000267517 0.000719323 0.000102161 -0.000343131 -0.000204584 1.04534e-06 0.000975272 -0.00190052 0.0694811 4.41707e-05 -7.83274e-08 -0.00109841 0.000884004 -1.25609e-05 -0.000577568 3.38598e-07 -0.000661288 -8.19898e-05 -0.0303444 -0.0052994 -0.000115578 -5.11848e-05 5.3743e-05 1.19795e-05 -0.000120831 -0.0249107 -0.0633021 -0.000103135 -1.8688e-06 -0.0624624 -1.72909e-05 -2.84634e-05 -5.7553e-07 4.31278e-06 -0.000774603 -0.000446322 -0.000394296 -0.0947997 0.0175481 -8.64716e-05 -0.0544656 0.000391378 0.0590901 -0.000421178 0.000672744 3.79295e-06 -0.00525955 5.279e-07 -0.0179918 -0.000254398 0.0053659 -8.42744e-05 -0.000161391 -0.00144845 -0.000381091 -4.23405e-08 -0.000517082 0.0181906 3.28987e-05 0.000568978 -3.55278e-05 
-0.000383773 1.17554e-05 -0.0264583 -2.08338e-07 1.05163e-05 -0.000828954 0.00210235 0.0324871 -0.0128663 -3.3071e-06 2.26155e-05 0.000884821 -0.00293796 -9.70317e-05 0.00104695 0.000872027 -0.0236461 -0.00703605 -0.0041658 0.00107759 -0.000165404 -1.24819e-05 -3.10595e-05 -0.000127773 -2.04627e-06 0.0033324 -0.000540508 8.42648e-05 -0.0276302 0.0654986 -1.61616e-06 0.00309125 -1.25096e-06 5.39971e-07 -8.65307e-05 0.00318228 9.77981e-05 1.37323e-05 0.0011142 -4.10025e-05 -0.000102258 -0.000337878 2.91609e-05 -6.32249e-06 -3.25073e-07 -0.000315342 0.000318994 -0.0146447 -1.80227e-05 8.59523e-08 0.00208668 0.000128995 4.29949e-06 0.000264991 5.06833e-07 0.00109904 2.63865e-05 0.00273405 -0.000843058 8.24185e-06 7.908e-06 0.000787001 -6.67815e-06 0.000287343 0.0277233 0.00275869 -1.90169e-05 -1.72778e-07 0.0172586 -1.81467e-06 -2.26262e-06 1.35052e-06 9.17797e-05 -0.000112947 -0.000107951 -0.0220063 0.0281391 -0.0142175 9.42494e-06 -0.0290683 -9.55721e-05 -0.0177325 -0.00306937 -8.26483e-05 4.27304e-05 -0.000683831 -6.39332e-06 0.0216207 -4.17931e-05 -0.00810044 3.01592e-06 -2.9939e-05 0.00281194 0.000696965 -7.16382e-08 0.000913971 -0.00611686 -2.60933e-06 -2.86434e-05 7.91791e-05 
1.21248e-05 -6.62533e-10 -8.35402e-06 3.53265e-07 3.9049e-06 3.14703e-06 2.81094e-06 -4.20898e-06 1.43098e-06 -1.18088e-09 3.83253e-08 -2.3358e-08 4.26624e-06 5.15422e-06 1.17117e-06 -1.83323e-05 -9.50988e-06 -4.19306e-06 8.8219e-06 7.60135e-07 4.20371e-06 -1.99382e-05 8.23042e-07 8.09454e-06 -6.67436e-10 1.03197e-06 8.04015e-06 7.00053e-07 -2.76564e-06 -1.61616e-06 2.29828e-05 -3.69891e-07 -1.11147e-09 -4.87093e-10 2.1774e-06 1.21173e-07 2.69494e-07 4.82662e-07 1.11216e-05 5.06435e-06 8.32493e-07 8.75358e-06 4.37729e-06 4.38859e-06 -1.0603e-10 -1.91077e-07 2.1145e-07 -1.06229e-05 3.044e-06 -5.66922e-12 -8.27339e-08 -1.43807e-05 -7.81893e-10 1.30542e-05 -3.79991e-11 2.42492e-07 2.49015e-06 -1.98918e-05 1.37782e-05 3.44169e-06 -9.37919e-09 3.83244e-06 -2.70989e-09 -8.32073e-09 -1.37616e-06 -1.59491e-05 1.46253e-06 -2.40099e-10 -7.43505e-06 -1.50518e-09 9.01666e-07 -7.48491e-11 2.35222e-06 1.36827e-05 4.07357e-06 -1.52064e-05 -7.54547e-06 -8.03511e-06 3.65126e-06 -8.1061e-06 -5.38289e-08 -1.02324e-06 -1.57641e-05 3.57794e-07 -7.19087e-09 1.31303e-05 2.50443e-06 5.47424e-07 -1.58932e-08 -1.83003e-05 1.75847e-06 6.64519e-07 1.65275e-07 -2.54943e-08 -2.33664e-11 -2.90302e-08 5.11218e-07 -1.45668e-09 7.70412e-08 -2.08237e-09 
5.91604e-06 -4.63932e-07 -0.00721425 -4.75842e-08 -5.56678e-06 -0.000204622 0.000121458 -0.000847054 0.00269354 3.73097e-07 4.6475e-05 -1.23529e-05 -0.00068214 2.91294e-05 -4.01833e-05 -6.31723e-05 -0.0065639 -0.000918773 -0.0013357 -0.000192805 -0.000114852 -2.1312e-05 2.41991e-05 3.33286e-05 -4.67366e-07 -4.98931e-05 -8.99192e-05 1.23113e-07 -0.00617367 0.00309125 -3.69891e-07 0.0158348 1.07503e-06 1.25892e-06 -2.97721e-05 0.000430885 -4.82306e-06 -7.28603e-06 0.000201953 -1.3825e-06 3.49703e-06 -5.86506e-05 -1.33088e-05 -7.98921e-06 -7.42463e-08 -1.29962e-05 -5.73127e-06 -0.00501235 9.36069e-07 -3.96982e-09 0.000354733 -1.53723e-06 -3.87513e-07 0.000105608 -2.66085e-08 2.46773e-05 9.41688e-07 0.000802125 4.23203e-05 -3.39433e-06 -6.31769e-06 0.00012793 -1.84757e-06 0.000109553 0.000687459 0.00195513 -5.06448e-06 -1.68127e-07 0.00246243 -7.83987e-07 -1.16772e-06 -5.24123e-08 -1.54519e-05 9.90946e-06 2.00369e-05 -0.000726009 0.00801389 -0.00249068 -3.78801e-06 0.00136312 8.42351e-06 -0.00590857 -0.000140729 -3.10324e-05 -3.43534e-06 0.000484149 -1.4891e-06 0.00196396 2.43427e-06 -0.000526414 -3.40712e-06 3.6513e-05 9.66991e-05 0.000101121 -1.63621e-08 2.35618e-05 -0.00174217 -1.00003e-06 -2.30699e-05 6.91518e-06 
