0.00364114 -0.0030412 -1.96125e-09 -6.53413e-06 0.00299579 -5.88286e-06 4.38531e-05 9.91306e-05 0.000945662 -1.84445e-05 -0.000901656 -9.08188e-06 -8.43043e-06 -0.00027284 3.59805e-06 -0.000229463 -0.000396417 3.89305e-05 -0.000349759 -5.29548e-06 0.00288165 -1.02448e-08 -0.00134818 -0.000107572 -6.46919e-07 -1.7726e-05 7.95837e-05 -6.60736e-05 0.000345281 -9.70582e-05 -3.93149e-06 -6.56301e-05 -8.48485e-05 -0.00295776 2.4727e-06 -3.52605e-06 -4.15944e-05 5.14468e-05 -4.91148e-05 8.00183e-05 -7.31508e-08 3.27249e-05 -2.07134e-06 -6.16499e-07 -0.000349372 -1.40968e-07 -0.000108879 1.32502e-07 -2.15196e-06 3.88473e-05 0.00020472 -4.53297e-06 5.28204e-05 -6.5385e-07 -0.00268974 9.09574e-07 -0.00298325 -9.08294e-05 -4.69912e-05 1.52363e-06 0.00020272 -0.00226739 0.00250929 -6.06549e-06 1.16704e-05 5.40373e-07 5.12948e-06 -0.00181566 -0.0013736 7.58289e-08 0.00161048 0.00263934 -0.00210466 0.000365217 -7.13619e-05 0.000114498 -0.000310795 0 9.87053e-06 -4.39514e-08 0.00254876 0.00126579 0.00103134 -0.00105265 -0.000188206 3.8119e-07 -6.33404e-08 6.60466e-06 2.9339e-06 -3.17325e-06 5.2633e-05 0 0.000211285 -1.0033e-05 3.05593e-06 0.00116717 0.000426309 2.06344e-05 -0.000175277 9.8888e-07 
-0.0030412 0.102988 -4.74103e-07 -0.00141741 -0.0669439 0.000178085 -0.000623317 -0.00123674 -0.0828323 -0.00247742 0.027132 -0.000137606 0.00023179 0.00699308 -0.000135024 -0.0583859 0.0421582 -0.00249174 0.0113223 6.34128e-05 -0.0963714 -2.42986e-06 0.0870358 0.00382913 -0.000148833 0.000798531 0.000234396 0.00160478 -0.0813497 -0.0372606 0.000341745 0.00218693 0.00235889 0.0969229 -0.000106516 0.0001386 0.0146728 -0.000966056 -0.0144305 -0.00230519 2.93504e-07 -0.00243111 -0.00048182 5.41034e-05 0.0115359 -0.00116196 0.00420061 7.89312e-06 6.94602e-05 -0.000407329 -0.000488988 -0.00158663 -0.00373254 -8.77156e-05 0.0857157 2.40358e-05 0.100525 -0.0154236 -3.39776e-05 -1.33429e-05 -0.000342824 0.074202 -0.0245285 -0.00231162 -0.000475348 2.17043e-06 -0.000497879 0.0602776 0.0440515 -4.07123e-05 -0.0769325 -0.0637534 0.0677727 0.0198745 0.00268905 -0.00488922 0.00991015 0 -1.48122e-05 -2.15462e-06 -0.00991789 -0.0894888 -0.0237659 0.0346154 0.0132595 -9.26798e-06 -4.52646e-06 -0.000304666 -9.78158e-07 0.000189161 -0.0719475 0 -0.0123105 0.000317383 -5.00618e-05 -0.0113 -0.0237385 0.000133125 -0.0354628 -1.51906e-05 
-1.96125e-09 -4.74103e-07 5.36666e-07 -9.61013e-10 1.96114e-08 -9.04044e-10 1.19385e-07 1.9802e-07 2.75764e-07 2.0664e-07 -1.63559e-07 -1.5197e-09 -1.52193e-09 -4.0386e-08 -9.32923e-11 2.01564e-07 -4.63246e-07 7.95866e-08 -5.3878e-08 -1.4512e-09 4.47181e-07 -1.50446e-12 -4.58523e-07 -1.86939e-08 -9.50007e-11 -3.70545e-09 -2.18313e-09 -9.8327e-09 2.7347e-07 4.85038e-07 -1.70565e-09 -1.01039e-08 -1.39129e-08 -4.51714e-07 -4.74422e-10 -6.95005e-10 -3.13081e-07 -1.47192e-09 1.6837e-07 2.44127e-08 -1.07423e-11 8.48959e-08 -3.17395e-10 -2.75566e-10 -5.32666e-08 -5.9432e-09 6.05781e-09 -9.31278e-11 -3.55667e-10 -1.05772e-09 -9.63277e-10 -9.75037e-10 -5.80986e-09 -9.60186e-11 -4.06257e-07 -1.14117e-10 -4.66911e-07 8.24359e-08 -1.44996e-07 -1.56598e-10 -2.62793e-10 -3.42277e-07 -2.80244e-08 2.08554e-07 -3.00988e-10 -1.12038e-11 -7.31394e-10 -2.77725e-07 -2.04593e-07 -2.80247e-11 3.83453e-07 -6.19725e-08 -3.22376e-07 -1.4832e-07 -1.32746e-08 2.89705e-08 -4.60181e-08 0 -7.62854e-11 -6.45431e-12 -6.46427e-09 4.71077e-07 -1.72579e-08 -1.59854e-07 -2.52469e-07 -9.61528e-12 -1.95812e-11 2.63927e-08 -9.70651e-12 -1.79891e-09 2.59758e-07 0 4.32141e-07 -1.48707e-09 -5.19958e-11 -7.22756e-09 4.02482e-08 -1.20843e-09 4.11549e-07 -9.46501e-12 
-6.53413e-06 -0.00141741 -9.61013e-10 0.0017875 -6.92578e-05 -2.86321e-06 -2.05324e-06 -3.98523e-05 0.00144481 -1.12118e-05 -0.000393713 6.15254e-06 -5.07825e-06 -0.00013162 -1.9129e-07 0.00145377 -0.00161486 -1.5421e-05 -2.25092e-05 -2.49893e-06 0.00132546 1.49801e-08 -0.00141311 8.23236e-05 4.98301e-06 5.90326e-05 -3.15449e-06 5.08103e-06 0.00143905 0.00144989 2.24539e-06 6.52529e-05 -4.43969e-05 -0.00132634 1.20699e-06 -2.23237e-06 -0.00146749 -4.9114e-06 0.001103 4.13593e-05 1.47489e-07 0.000202818 1.67676e-05 5.43872e-05 -0.000158259 4.91825e-05 -6.8476e-05 3.82592e-07 6.10199e-05 -3.20931e-06 -3.12752e-06 0.00013201 -1.02792e-05 1.24329e-05 -0.00110513 -3.80776e-07 -0.00139886 0.00117997 -6.21327e-05 -2.99189e-07 4.64661e-08 -0.00109307 -8.75495e-05 1.35699e-07 -4.67645e-07 -3.7384e-08 6.19287e-06 -0.000910428 -0.000544744 -9.35107e-08 0.00118959 -0.000151145 -0.000986219 -0.000482051 -4.41771e-05 -6.59868e-05 -2.34994e-05 0 -2.54543e-07 3.51304e-08 -9.25947e-06 0.000964134 -5.42746e-05 -0.00053038 -0.00145934 1.85125e-06 -6.53369e-08 -2.64018e-07 -3.23879e-08 -4.13247e-06 0.00137332 0 0.000205398 -4.96192e-06 -1.00162e-07 -7.73302e-06 9.65795e-05 -3.14552e-06 0.00145164 1.11842e-06 
0.00299579 -0.0669439 1.96114e-08 -6.92578e-05 0.0748322 -5.74296e-05 1.96697e-05 0.00135423 0.0542371 0.00114699 -0.0152512 0.000154044 -0.000149439 -0.00361643 9.9221e-05 0.0263037 -0.00872438 0.00233393 -0.00766884 9.85465e-06 0.0647759 1.79495e-06 -0.0545818 -0.00223506 -7.49838e-06 -0.000558894 -0.000212646 -0.00128785 0.0476035 0.00460509 -0.000243802 -0.00148467 -0.00158181 -0.0661859 -7.0167e-05 -7.65995e-05 0.00109068 0.00100062 -0.0109971 0.00191483 2.99254e-07 0.000234085 0.000114051 -3.86926e-05 -0.00785543 0.000181197 -0.00308495 -1.30406e-06 -4.88158e-05 0.000442272 0.000568248 -0.00011803 0.00409748 -8.93957e-06 -0.0586744 -1.7187e-05 -0.0673384 -0.00201555 -4.38633e-05 8.66416e-06 0.00011441 -0.0504746 0.0239704 0.000379432 0.000153305 -1.43748e-06 0.00010772 -0.04182 -0.0291333 4.47657e-05 0.0478116 0.0577769 -0.0451275 -0.00843239 -0.00180344 0.00208015 -0.00593302 0 1.86527e-05 -5.13139e-07 0.0090148 0.0597881 0.0246853 -0.0239958 0.0016599 -5.86327e-07 -3.19214e-07 0.000177696 1.61316e-06 -0.0001448 0.0388376 0 0.00260885 -0.000107506 5.23467e-05 0.0106811 0.015066 -7.85402e-05 0.00314633 1.48315e-06 
-5.88286e-06 0.000178085 -9.04044e-10 -2.86321e-06 -5.74296e-05 0.00168172 -1.93153e-06 -3.65994e-05 -0.000156998 -1.05471e-05 0.000633292 8.33133e-07 -1.21388e-06 0.000138862 2.2905e-06 -0.000120055 9.55616e-05 -2.11972e-05 -9.63221e-05 8.70848e-05 -0.000269409 -4.72236e-09 0.000233793 0.000268505 -2.81533e-07 -2.11111e-07 -1.306e-06 -1.8924e-05 -0.000161808 -7.34869e-05 -4.27389e-06 1.65381e-05 1.41351e-05 0.000187662 3.61083e-06 5.3451e-06 -0.000223169 -1.42692e-06 -0.000381666 -3.62154e-06 -2.70525e-08 3.16085e-08 -9.96279e-07 -4.24979e-07 -0.000148733 1.17414e-05 0.000476224 -1.88987e-07 -9.13076e-07 1.16575e-07 5.39302e-06 -2.79056e-06 3.06033e-05 5.81939e-07 -0.000605136 -2.38203e-07 0.000113846 -4.06992e-05 -3.97231e-05 1.02512e-06 2.14511e-06 0.00046189 -7.64096e-05 -4.23165e-06 -9.44776e-07 -3.51679e-08 -2.11245e-06 -0.000399353 0.000747395 3.66203e-06 -0.000379214 -0.000123533 -0.000347546 0.000862784 3.8782e-05 -0.000513464 0.000456333 0 3.1388e-07 -2.02596e-08 -1.89108e-05 -0.000203329 -3.17377e-05 -0.000419591 -0.000443527 -3.01816e-08 -6.14637e-08 -6.16502e-07 -3.0468e-08 8.16335e-06 -0.000176108 0 -2.06679e-05 -4.42111e-06 3.53456e-07 -1.35701e-05 -0.00110185 2.02235e-05 -1.72659e-05 1.6029e-07 
4.38531e-05 -0.000623317 1.19385e-07 -2.05324e-06 1.96697e-05 -1.93153e-06 0.0011453 0.000647335 -8.89279e-05 0.000575898 -0.000122623 3.73311e-06 -2.87833e-06 -8.40229e-05 4.76973e-05 -2.60139e-05 -0.000955707 -9.35026e-06 0.000181507 6.52778e-07 0.000570423 -3.21433e-09 -0.000674607 -3.56403e-05 7.0271e-09 -6.96351e-06 8.81899e-06 0.000278519 -2.81944e-05 0.000676274 -1.10752e-06 -2.15873e-05 -2.80555e-05 -0.000724529 2.0113e-05 -1.48491e-06 -2.064e-06 -1.59149e-06 0.000576263 -2.19559e-06 9.0382e-08 -3.25005e-06 4.18539e-07 7.61243e-07 -8.15729e-05 6.17821e-05 -4.38917e-05 1.0411e-05 -6.56563e-07 -1.06652e-06 0.000106872 -1.99987e-06 -1.2363e-05 4.98186e-07 -0.000551725 -2.10482e-07 -0.00082444 1.33987e-05 -7.05676e-05 -3.34577e-07 0.000152072 -0.000729595 -6.11854e-07 0.000569964 -5.26406e-07 -2.39374e-08 9.0514e-05 -0.000557434 -0.000213962 -5.9876e-08 0.000574048 -7.39067e-05 -0.00058667 -0.000170971 -2.69284e-05 5.727e-05 -2.04428e-05 0 6.17013e-07 -1.37899e-08 4.09822e-05 0.000210484 -3.45521e-05 -0.000340677 -0.000151424 3.77946e-06 1.12816e-06 2.53808e-06 -2.07384e-08 -3.17345e-06 0.000537267 0 7.69695e-05 2.77728e-05 3.58224e-06 -3.32531e-06 -6.48121e-06 4.02681e-05 0.000577449 6.09778e-07 
9.91306e-05 -0.00123674 1.9802e-07 -3.98523e-05 0.00135423 -3.65994e-05 0.000647335 0.0218238 -0.000444994 0.00453515 -0.00646883 -6.20268e-05 -6.32431e-05 0.000284064 6.90296e-05 -0.00107557 -0.00629247 0.000568544 -0.00175026 -3.63247e-05 0.000955968 1.60757e-07 -0.00709942 -0.000715359 1.12152e-05 -0.000105461 0.000106032 -0.000228135 -0.000746266 0.000834499 -5.98314e-05 -0.000233316 -0.000561388 -0.00554384 2.93022e-06 -1.6058e-05 0.000519746 -1.51799e-05 0.00144188 0.00071553 -3.26814e-07 -4.42712e-05 -8.74841e-06 -4.54855e-06 0.00404257 -0.000157825 -0.000785565 9.36764e-05 -1.47669e-05 -2.69814e-05 -2.39465e-05 -3.85957e-05 -0.000200549 -3.9938e-06 -0.00209016 3.48343e-06 -0.00141524 8.81927e-05 -0.000123107 -3.62352e-06 9.01927e-05 -0.0060872 -0.000701305 0.00135418 0.000170367 2.20732e-06 0.000167688 -0.000781508 -0.00764958 -1.16566e-06 0.00895579 -0.00153766 0.00218414 -0.00601297 -0.000528375 0.000981839 -0.00126014 0 6.67365e-06 -2.68461e-07 0.000171445 0.0013325 -0.000405043 -0.00320772 0.00236433 4.90006e-06 3.30887e-06 0.000140266 -1.57066e-07 -5.04707e-05 0.00224363 0 0.00104432 0.00184879 5.15106e-05 -0.000283953 0.00476956 7.18134e-05 0.000123943 1.39646e-07 
0.000945662 -0.0828323 2.75764e-07 0.00144481 0.0542371 -0.000156998 -8.89279e-05 -0.000444994 0.0858525 -0.00055405 -0.0255693 -0.000180183 -0.000204704 -0.00676002 1.04285e-05 0.0525032 -0.0347964 0.0025771 -0.00950613 -0.000193211 0.0787004 2.49077e-06 -0.0773889 -0.00299354 0.000127317 -0.000601993 -0.000203133 -0.00168476 0.0744245 0.0297313 -0.000279544 -0.0016873 -0.00190288 -0.07859 2.21654e-05 -0.000118666 -0.0151375 0.000927657 0.0119925 0.000811046 -9.48556e-07 0.00196103 0.000354148 -4.86826e-05 -0.00941338 0.00036597 -0.00352249 -1.56491e-05 -6.15361e-05 7.66923e-05 -0.000115637 0.00161836 0.00145991 8.702e-05 -0.069528 -1.94753e-05 -0.082031 0.0152789 6.40799e-05 -2.17132e-05 1.22811e-06 -0.0601537 0.0147302 0.00039864 0.000461114 -1.89346e-06 0.000352606 -0.0489476 -0.0359297 2.8207e-05 0.0667584 0.0509472 -0.0548643 -0.0217737 -0.00218439 0.00363223 -0.00789093 0 1.13576e-05 2.34595e-06 0.00787228 0.0772169 0.0146436 -0.0282197 -0.0157406 6.63729e-06 -1.89738e-06 0.00014871 1.3845e-06 -0.000211121 0.0646545 0 0.0102735 -0.000262656 4.11042e-06 0.00625018 0.0192498 -0.000199623 0.0298012 1.28972e-05 
-1.84445e-05 -0.00247742 2.0664e-07 -1.12118e-05 0.00114699 -1.05471e-05 0.000575898 0.00453515 -0.00055405 0.00622189 -0.00190122 -1.71864e-05 -1.77558e-05 -0.000441082 6.13883e-05 0.000808599 -0.00284622 -7.0391e-05 -0.000547778 -1.6644e-05 0.00229227 -1.75519e-08 -0.00527875 -0.000187562 6.90166e-06 -1.93668e-05 -1.65098e-05 3.01422e-05 0.0010135 0.00195175 -1.87158e-05 -0.000101305 -0.000156377 -0.00474953 3.86184e-05 -6.53837e-06 3.99639e-05 -1.06691e-05 0.000700728 0.000632724 -1.25326e-07 7.02075e-06 2.8604e-06 -6.51592e-07 0.00186984 0.000227179 -0.000234499 9.34568e-05 -3.12769e-07 -9.36668e-06 9.51797e-07 -1.07987e-05 -5.16182e-05 -1.12021e-06 -0.00251344 4.16197e-06 -0.0024678 -0.000136682 -0.000105107 2.8497e-06 0.000115214 -0.00393497 -0.000117927 0.00138223 2.67418e-05 -1.30711e-07 0.000136367 -0.000794757 -0.00237308 -3.26954e-07 0.00343958 -0.000515187 -0.000832218 -0.00172062 -0.000152717 0.000332458 -0.000535969 0 1.77334e-06 -7.53001e-08 -4.8493e-05 0.00242184 -0.000195918 -0.00182867 0.000667279 4.49116e-06 2.52155e-06 0.000147064 -1.13242e-07 -2.07473e-05 0.00204694 0 0.00113388 0.00140829 4.81767e-05 -4.0208e-05 0.00142353 4.39984e-05 0.00107155 -3.04248e-08 
-0.000901656 0.027132 -1.63559e-07 -0.000393713 -0.0152512 0.000633292 -0.000122623 -0.00646883 -0.0255693 -0.00190122 0.211884 0.00137365 -0.000269249 0.0229534 2.28351e-06 -0.0216061 0.0169359 0.00171015 0.0642824 0.00165196 -0.0392264 -8.54366e-07 0.0389594 0.0187081 -5.20133e-05 0.000554427 -0.000732145 0.0123866 -0.0295841 -0.014001 0.000709612 -0.00185994 0.00851115 0.0379075 -0.000208273 -0.000171063 0.00172052 -0.000375325 0.0451235 -0.000508157 7.1029e-06 -0.000996409 -0.000179536 0.000162565 -0.0239065 0.00536527 0.0198505 -1.31637e-06 0.000248144 -0.000233365 0.000592617 -0.000543464 0.000108999 1.2272e-05 -0.0239775 -6.18692e-05 0.0239938 -0.00606445 -0.000251503 -7.92802e-05 -0.000146434 -0.0572077 -0.00489672 -0.000816938 -0.000167218 1.5008e-06 -0.000376699 -0.123838 0.139965 -6.25498e-06 -0.0645887 0.00071596 -0.0935336 0.150608 0.00469549 -0.00138118 0.0371298 0 7.5916e-06 5.28799e-06 -0.00323734 -0.0289475 -0.000179197 -0.0851345 -0.0528466 -3.94709e-06 -7.39663e-06 -0.000153334 -3.12557e-06 -0.000663486 -0.0339277 0 -0.0041101 -0.000702974 -1.86579e-05 -0.00344176 -0.115331 0.000227836 -0.00566763 -4.17842e-06 
-9.08188e-06 -0.000137606 -1.5197e-09 6.15254e-06 0.000154044 8.33133e-07 3.73311e-06 -6.20268e-05 -0.000180183 -1.71864e-05 0.00137365 0.00282371 1.84262e-05 -0.00019377 1.34177e-05 -0.000201426 -0.00039386 -3.56083e-05 0.000878522 2.69603e-06 -7.86396e-05 -7.93828e-09 0.000287122 7.38645e-05 5.39382e-09 2.22915e-05 1.87735e-06 0.00100562 -0.000269239 -0.000126516 -8.17655e-06 -4.26648e-06 -3.15985e-05 8.83996e-05 -2.2333e-06 -1.8172e-06 -5.14925e-05 -6.91663e-06 -0.000145403 3.97382e-06 -5.66818e-08 -9.32364e-06 -1.54141e-06 8.6676e-05 -0.000267155 3.55906e-05 -0.000103513 4.79194e-06 2.556e-05 -3.6344e-06 6.18506e-05 -4.85813e-06 0.000497924 6.1669e-07 0.000257493 -6.02139e-07 -0.000205907 -3.70588e-05 -5.45922e-05 4.34704e-06 -1.38663e-06 -0.00090125 5.0449e-05 -7.56556e-06 -1.58817e-06 -5.91171e-08 -2.96588e-06 -0.00141023 0.00112675 -7.45396e-08 -0.00066378 0.000275461 -0.00145067 0.00144678 -5.54005e-05 5.48634e-05 0.00134816 0 1.79415e-06 -3.40563e-08 -2.67122e-05 -0.000235831 0.000248015 -0.000820377 -0.0019576 -4.07352e-08 -1.0332e-07 -1.44538e-06 -5.12166e-08 -6.642e-06 -0.000342015 0 -2.38601e-05 -5.83986e-06 4.65643e-07 0.000181194 -0.0017763 -5.12962e-06 -0.000124834 -4.99423e-08 
-8.43043e-06 0.00023179 -1.52193e-09 -5.07825e-06 -0.000149439 -1.21388e-06 -2.87833e-06 -6.32431e-05 -0.000204704 -1.77558e-05 -0.000269249 1.84262e-05 0.00282785 -0.000188804 1.01702e-06 -0.000202908 0.00020253 -3.30932e-05 -0.000243316 -5.03856e-06 -0.000378927 -7.94995e-09 0.000377798 -8.73405e-05 -3.45343e-07 -2.96728e-06 -9.20625e-06 -2.46787e-05 -0.000280421 -0.000129906 -7.92645e-06 0.000266315 -5.97598e-05 -2.2598e-05 -2.42031e-06 -1.69262e-07 5.34096e-05 -7.48805e-06 -0.000198955 -2.79034e-06 -5.67651e-08 -8.94738e-06 -1.43387e-06 -1.1395e-06 -0.000133715 2.97178e-05 -8.69462e-05 -2.65446e-07 -8.06108e-07 -2.6026e-06 5.06446e-07 -4.83903e-06 2.68458e-05 -5.07389e-07 0.000627975 -6.03024e-07 0.000248917 -6.62559e-05 4.64407e-06 -6.94171e-07 -1.32867e-06 0.000438848 -0.000134358 -6.98345e-06 -1.5905e-06 -5.9204e-08 -2.10155e-06 0.00108733 -0.000413666 2.62652e-05 -0.000581578 -0.000254869 0.000337153 6.61224e-06 -3.82968e-05 -0.000353752 8.2108e-05 0 -3.06446e-07 -3.41063e-08 -3.0579e-05 -0.000342863 -4.29152e-05 0.00092909 -0.00057531 -5.08098e-08 -1.03472e-07 -1.44751e-06 -5.12919e-08 7.05474e-05 -0.000341638 0 -3.9931e-05 -5.97473e-06 -2.7476e-07 -3.32757e-05 -0.00161238 2.72101e-06 -0.00016278 -5.00157e-08 
-0.00027284 0.00699308 -4.0386e-08 -0.00013162 -0.00361643 0.000138862 -8.40229e-05 0.000284064 -0.00676002 -0.000441082 0.0229534 -0.00019377 -0.000188804 0.0695903 -1.28551e-05 -0.00467169 0.00577017 0.000690456 -0.00737146 0.000579144 -0.00890774 -2.1096e-07 0.00764417 0.000650762 -1.32147e-05 -6.82084e-05 0.000757544 -0.00136529 -0.00655435 -0.00301469 -0.000225169 -0.000872493 0.00874029 0.0069576 0.000450641 -6.13061e-05 -4.86637e-06 -1.90353e-05 -0.0193109 -0.00020013 -1.36965e-06 -0.000236211 -3.89497e-05 7.05258e-05 -0.00134213 -0.000716414 0.0129964 -1.2982e-05 -1.67129e-05 0.000453113 -4.33409e-05 -0.000136497 -5.05763e-05 -4.49408e-06 -0.0432687 0.000102315 0.0074257 -0.00196971 -0.000939479 -7.64534e-06 -2.70931e-05 0.0232975 -0.00169859 -0.000195272 -3.99489e-05 -5.87706e-07 -9.49821e-05 -0.0301039 0.0203896 8.1536e-06 -0.00305962 -0.00543613 -0.0113183 0.0232851 0.0065014 -0.00536526 0.002433 0 1.24632e-06 -9.05047e-07 -0.00088659 -0.00599155 0.000114751 -0.0196773 -0.00014006 -1.28289e-07 -4.5241e-07 -3.73677e-05 5.60558e-06 -0.00013184 -0.00654928 0 -0.00109411 -0.000187862 -5.98105e-06 -0.000816285 -0.0186143 -0.000122003 -0.0045403 -1.30055e-06 
3.59805e-06 -0.000135024 -9.32923e-11 -1.9129e-07 9.9221e-05 2.2905e-06 4.76973e-05 6.90296e-05 1.04285e-05 6.13883e-05 2.28351e-06 1.34177e-05 1.01702e-06 -1.28551e-05 0.000173806 -2.25023e-06 -9.03554e-05 1.89662e-06 6.21312e-05 -4.70073e-07 3.15738e-05 -4.87322e-10 -1.51945e-05 -1.79533e-06 -3.07726e-08 -7.36002e-08 3.26176e-07 0.000110252 -4.90823e-06 6.71177e-05 1.00417e-06 -1.87283e-06 -3.75e-06 -0.000129362 6.22992e-07 -1.41792e-07 -4.40939e-06 2.33215e-07 5.68948e-05 6.66578e-07 -3.47963e-09 3.91307e-06 4.31052e-06 3.02741e-06 -1.62841e-05 0.000110782 -3.81561e-06 1.96501e-07 5.11459e-07 -9.26153e-08 4.91798e-06 -6.91667e-08 2.15614e-05 -3.11023e-08 -1.75046e-05 -3.69646e-08 -0.000145601 -3.08962e-06 -4.67056e-05 1.12608e-07 -4.51238e-08 -0.000108027 9.24237e-06 4.35004e-07 -8.29048e-10 -3.62913e-09 -3.02461e-08 -8.95205e-05 -8.47833e-06 3.84256e-07 -3.44143e-05 1.38426e-05 -9.78638e-05 3.88331e-05 -3.41324e-06 6.30744e-06 -7.38613e-06 0 5.2529e-07 -2.09068e-09 8.8361e-06 2.04874e-05 2.17165e-05 -5.02863e-05 -0.000123473 -3.11457e-09 1.04366e-06 4.74127e-06 -3.14413e-09 -4.79369e-07 -8.83305e-06 0 2.3944e-06 -4.81689e-07 1.47649e-06 2.64552e-06 -0.00010135 6.18019e-05 0.000109075 -3.0659e-09 
-0.000229463 -0.0583859 2.01564e-07 0.00145377 0.0263037 -0.000120055 -2.60139e-05 -0.00107557 0.0525032 0.000808599 -0.0216061 -0.000201426 -0.000202908 -0.00467169 -2.25023e-06 0.0664908 -0.0420023 -0.000272218 -0.00708674 -0.000191639 0.0593634 2.18589e-06 -0.0597103 -0.00246279 0.000132438 -0.0004914 -0.000211981 -0.00123258 0.0622526 0.0362026 -0.000213852 -0.00133708 -0.00172766 -0.0576386 0.000131936 -8.94045e-05 -0.015332 6.42391e-05 0.024244 0.000675172 -1.25027e-06 0.00128686 0.000531102 -3.61487e-05 -0.00705765 0.000271092 -0.00271507 -1.17916e-05 -3.84018e-05 0.000170233 -0.00012103 0.001654 -0.000495946 8.41093e-05 -0.0526287 -1.46627e-05 -0.0607604 0.0163616 0.000192586 -8.4019e-06 -1.45141e-05 -0.0454615 0.0005819 0.000779786 0.000147235 -1.44519e-06 0.000402036 -0.037031 -0.0271456 -3.55335e-06 0.0540482 0.0261304 -0.0412587 -0.019487 -0.00176698 0.00274186 -0.00613373 0 -9.82392e-06 3.33531e-06 0.00133966 0.0572431 -0.000942413 -0.021304 -0.0150637 5.84347e-06 4.24348e-06 0.000163477 -1.29537e-06 -0.000124249 0.0589879 0 0.00957051 -0.000195232 -2.68905e-06 0.00149864 0.0161809 -0.000126379 0.0354638 1.18569e-05 
-0.000396417 0.0421582 -4.63246e-07 -0.00161486 -0.00872438 9.55616e-05 -0.000955707 -0.00629247 -0.0347964 -0.00284622 0.0169359 -0.00039386 0.00020253 0.00577017 -9.03554e-05 -0.0420023 0.0795301 -0.00122768 -0.00221259 0.000194012 -0.0486184 -2.49244e-06 0.0485582 -0.00540085 -0.000146865 -0.00218469 -0.000629964 -0.00476989 -0.0466178 -0.0410109 -0.00025022 -0.00369412 0.00180091 0.0439268 -0.000376771 8.92539e-05 0.0176442 0.000197585 -0.0493018 -0.000417415 -4.56281e-06 -0.00287577 -0.000539565 -0.000247803 0.0041537 -0.00308381 0.00311792 -0.000124232 -0.000527029 -0.000477428 -0.000125363 -0.0016503 0.000613009 -0.000107053 0.034497 -0.000144598 0.0460982 -0.0193253 0.000674128 3.96132e-06 -0.000390353 0.0452442 -0.000448507 -0.00204519 -0.000407186 -2.40456e-06 -0.000779852 0.0335069 0.0187531 4.52274e-06 -0.0484803 -0.00594798 0.033208 0.0193814 0.0020138 0.00131437 -0.00135695 0 8.12048e-06 -3.90224e-06 -0.00179933 -0.0415787 0.00168164 0.0234106 0.0257846 -1.25258e-05 -1.14746e-05 -0.000124112 7.52377e-07 -0.00112502 -0.0538558 0 -0.0103155 -0.000282113 -1.88626e-05 -0.00152437 -0.00652101 -0.0004232 -0.0388977 -1.25768e-05 
3.89305e-05 -0.00249174 7.95866e-08 -1.5421e-05 0.00233393 -2.11972e-05 -9.35026e-06 0.000568544 0.0025771 -7.0391e-05 0.00171015 -3.56083e-05 -3.30932e-05 0.000690456 1.89662e-06 -0.000272218 -0.00122768 0.0130187 0.00145223 -2.97079e-05 0.00244986 -3.69836e-08 -0.00306764 8.38052e-05 4.59129e-06 -1.07868e-05 0.00153329 -0.000168411 0.00289316 -0.000274357 6.06305e-05 -4.92271e-05 -0.000235318 -0.003651 0.000408314 -8.61512e-06 -0.000706071 4.40927e-05 0.00159995 0.000114539 1.02926e-06 0.000197506 1.77755e-06 2.58376e-08 -0.00122901 -8.69602e-05 0.00112034 -1.11934e-06 -1.81993e-06 0.000233115 -1.39767e-05 -1.68324e-05 -9.70789e-05 -2.34707e-06 -0.00440596 5.7803e-07 -0.00256218 -0.000106361 -0.00103996 -3.5096e-06 1.92898e-05 -0.00416497 -0.000457216 9.29776e-06 8.94242e-05 2.7913e-08 -2.96344e-07 -0.00633135 -0.000287374 3.47742e-07 0.00148079 0.0016763 -0.00448307 0.00319674 0.00156465 -0.00102178 0.00044804 0 3.51714e-05 -5.1998e-08 2.54716e-06 0.0029029 0.000990501 -0.00238964 -0.00115752 1.53696e-06 -1.68026e-07 -4.94388e-06 1.46147e-05 -2.30989e-05 0.0027923 0 2.31707e-05 -3.05695e-05 -1.13153e-06 -5.94933e-05 -0.00556282 6.88269e-05 -0.00053442 -2.06009e-07 
-0.000349759 0.0113223 -5.3878e-08 -2.25092e-05 -0.00766884 -9.63221e-05 0.000181507 -0.00175026 -0.00950613 -0.000547778 0.0642824 0.000878522 -0.000243316 -0.00737146 6.21312e-05 -0.00708674 -0.00221259 0.00145223 0.0903149 0.000668904 -0.0158274 -2.81437e-07 0.0138372 0.007712 -1.7165e-05 0.000975171 0.000271434 0.015279 -0.00994315 -0.00446832 0.00129467 0.00141171 -0.00186096 0.0152497 -1.37665e-05 -0.000124451 3.15723e-05 -0.000270495 0.0516582 -0.000382196 1.22271e-05 -0.000323268 -5.58449e-05 0.000151227 -0.0090539 0.0060569 -0.00172199 3.65753e-05 0.000408936 -0.000196533 -7.60962e-05 -0.000171083 -0.000227946 -7.40546e-06 0.0176303 -1.45377e-05 0.00917366 -0.00126517 -0.0010271 -2.76146e-05 -4.66072e-05 -0.0575044 -0.00501894 -0.000249232 -5.29955e-05 6.67445e-07 -0.000115055 -0.0471514 0.0521048 -5.24257e-06 -0.0218721 -0.00651588 -0.0501831 0.0502666 0.00303099 -0.000113384 0.0038665 0 8.32269e-06 9.02597e-07 -0.00120804 -0.0115504 -0.00315804 -0.0273928 -0.026521 -1.79872e-06 1.86964e-07 -4.90467e-05 4.26421e-06 -4.07381e-05 -0.0116451 0 -0.00144933 -0.000274941 -9.31682e-06 -0.00134786 -0.0624981 -3.17946e-06 0.000275183 -1.29061e-06 
-5.29548e-06 6.34128e-05 -1.4512e-09 -2.49893e-06 9.85465e-06 8.70848e-05 6.52778e-07 -3.63247e-05 -0.000193211 -1.6644e-05 0.00165196 2.69603e-06 -5.03856e-06 0.000579144 -4.70073e-07 -0.000191639 0.000194012 -2.97079e-05 0.000668904 0.00269679 -0.000167243 -7.58051e-09 0.000390065 0.000309797 -4.78681e-07 -1.16474e-05 -7.42349e-06 9.82792e-05 -0.000268045 -0.000123969 1.23657e-05 -3.7237e-05 -1.70932e-05 0.000112781 2.99525e-07 1.26314e-05 -8.63232e-05 6.44673e-06 -0.000685519 3.92065e-05 1.24587e-06 -8.04587e-06 -1.59926e-06 -1.0185e-06 -0.000214605 -2.40661e-05 0.000425578 -2.5591e-07 9.84457e-06 -5.32953e-06 8.16299e-06 -3.6696e-06 2.56825e-05 -3.70476e-07 -0.00147946 -5.75001e-07 3.27442e-05 -6.7378e-05 -4.62095e-05 3.70428e-06 -8.47471e-07 -0.000309431 0.000252247 -6.4984e-06 -1.31992e-06 8.63547e-07 -2.80195e-06 -0.00123545 0.000465358 -1.17875e-07 -0.000627829 0.000728512 -0.00154842 0.00154625 0.00029482 -0.000111989 -0.000107665 0 2.17895e-06 -3.25214e-08 -3.04016e-05 -0.00031983 0.000205023 -0.000741459 -0.00018619 -4.84486e-08 -9.86638e-08 -1.38024e-06 -4.89083e-08 -8.55087e-06 -0.000298737 0 -3.47912e-05 -7.26289e-06 1.34145e-09 5.98291e-05 -0.00153647 9.90442e-06 -0.000152249 -1.76914e-08 
0.00288165 -0.0963714 4.47181e-07 0.00132546 0.0647759 -0.000269409 0.000570423 0.000955968 0.0787004 0.00229227 -0.0392264 -7.86396e-05 -0.000378927 -0.00890774 3.15738e-05 0.0593634 -0.0486184 0.00244986 -0.0158274 -0.000167243 0.13894 2.3359e-06 -0.0986994 -0.00513945 0.00014148 -0.00114181 5.16364e-05 -0.00262983 0.0825926 0.0385695 -0.000370812 -0.00309678 -0.00147191 -0.0990356 8.09992e-05 -0.000208046 -0.0134326 0.000952226 0.0268944 0.00273761 -2.11765e-06 0.00273097 0.000485998 -8.3499e-05 -0.0156565 0.000452292 -0.00592681 -1.70484e-05 -0.00010746 0.000598968 0.000437834 0.0014976 0.00394845 7.89035e-05 -0.0913714 -3.3443e-05 -0.10049 0.0147888 0.000250463 8.3381e-06 0.000356486 -0.0883981 0.0259029 0.00216244 0.000457082 -5.47718e-07 0.000850544 -0.0699096 -0.0508381 2.49993e-05 0.0952641 0.0633149 -0.0792721 -0.0329662 -0.00317756 0.0075051 -0.0133958 0 2.69646e-05 1.41463e-06 0.00934497 0.0985533 0.0242527 -0.0476442 -0.00634663 7.34251e-06 1.89527e-05 0.000379323 7.08303e-08 -0.000347724 0.0892308 0 0.011915 -0.000390728 4.89848e-05 0.0109815 0.0353327 -9.32044e-05 0.0360046 1.41192e-05 
-1.02448e-08 -2.42986e-06 -1.50446e-12 1.49801e-08 1.79495e-06 -4.72236e-09 -3.21433e-09 1.60757e-07 2.49077e-06 -1.75519e-08 -8.54366e-07 -7.93828e-09 -7.94995e-09 -2.1096e-07 -4.87322e-10 2.18589e-06 -2.49244e-06 -3.69836e-08 -2.81437e-07 -7.58051e-09 2.3359e-06 2.80333e-06 -2.34848e-06 -9.76497e-08 -4.96246e-10 -1.93558e-08 -1.14038e-08 -5.13621e-08 2.47879e-06 6.29609e-07 -8.90963e-09 -5.27785e-08 -7.26756e-08 -2.01958e-06 -2.47819e-09 -3.63043e-09 -9.09035e-07 -7.68875e-09 1.30312e-06 -1.17736e-08 -5.61134e-11 8.74167e-08 -1.65795e-09 -1.43945e-09 -2.78244e-07 -3.10449e-08 -1.07652e-07 -4.86462e-10 -1.85786e-09 -5.5251e-09 -5.03178e-09 -5.09321e-09 -3.03484e-08 -5.01563e-10 -2.07546e-06 -5.96101e-10 -2.39229e-06 5.62331e-07 8.72606e-09 -8.18003e-10 -1.37273e-09 -1.78792e-06 -4.30548e-08 -7.55239e-09 -1.57224e-09 -5.85243e-11 1.61795e-08 -1.45073e-06 -1.02205e-06 -1.4639e-10 2.0723e-06 -1.67053e-07 -1.42063e-06 -7.74762e-07 -6.93414e-08 -1.12003e-07 -2.4038e-07 0 -3.98484e-10 -3.37148e-11 5.56233e-07 2.39405e-06 -9.01482e-08 -8.35012e-07 -1.88242e-06 -5.02264e-11 -1.02284e-10 -1.43089e-09 -5.0703e-11 -9.39681e-09 2.38716e-06 0 4.15616e-07 -7.76784e-09 -2.71606e-10 -3.77539e-08 5.72953e-07 -6.31234e-09 1.61989e-06 -4.94415e-11 
-0.00134818 0.0870358 -4.58523e-07 -0.00141311 -0.0545818 0.000233793 -0.000674607 -0.00709942 -0.0773889 -0.00527875 0.0389594 0.000287122 0.000377798 0.00764417 -1.51945e-05 -0.0597103 0.0485582 -0.00306764 0.0138372 0.000390065 -0.0986994 -2.34848e-06 0.124407 0.00458983 -0.000144761 4.44063e-05 -0.000813425 0.00246529 -0.0840939 -0.0389007 0.000245301 0.00245854 0.00251045 0.0942515 -0.000428513 0.000183286 0.0147168 -0.000900783 -0.0202338 -0.00210958 1.22127e-06 -0.00271121 -0.000498014 -0.00018286 -0.00452805 1.1839e-05 0.00511572 -9.32725e-05 -0.00011438 -0.000655059 -0.000307553 -0.00154643 -0.00060147 -8.36381e-05 0.0791147 -0.000131948 0.0893926 -0.016463 0.0005551 2.29215e-05 -0.000325285 0.0792923 -0.0154808 -0.00221438 -0.000466839 1.8565e-06 -0.000938021 0.0557215 0.0515573 3.4737e-06 -0.100391 -0.0535033 0.0558768 0.0371342 0.00163249 -0.00447157 0.0116857 0 -2.37588e-05 -1.04214e-06 -0.00779786 -0.094358 -0.0147318 0.0372455 0.00838001 -1.10478e-05 -1.85506e-05 -0.000385024 -9.98642e-06 0.000258593 -0.0873775 0 -0.0115059 -0.00176072 -7.42524e-05 -0.00732512 -0.031723 0.000235835 -0.0367057 -1.30586e-05 
-0.000107572 0.00382913 -1.86939e-08 8.23236e-05 -0.00223506 0.000268505 -3.56403e-05 -0.000715359 -0.00299354 -0.000187562 0.0187081 7.38645e-05 -8.73405e-05 0.000650762 -1.79533e-06 -0.00246279 -0.00540085 8.38052e-05 0.007712 0.000309797 -0.00513945 -9.76497e-08 0.00458983 0.03362 -6.10288e-06 0.00218006 0.000102623 0.00156633 -0.00342284 -0.00161392 9.10348e-05 0.00512471 -0.000820527 0.0050417 1.151e-05 -1.5484e-05 -0.00361536 -7.95082e-05 0.00227295 -0.000127075 2.57942e-06 -0.000105137 -2.05578e-05 0.000164707 -0.00249165 0.000179291 -8.53022e-05 4.1382e-05 0.000528141 -1.14733e-05 0.000533663 -5.37701e-05 -0.000225437 -3.42279e-07 0.00372569 -9.00311e-07 0.00341234 -0.000237112 -0.00107215 -7.13761e-06 1.25862e-05 -0.00836383 -0.00171603 -8.61639e-05 -1.19795e-05 -4.83872e-07 -2.93359e-05 -0.0141087 0.0190893 -1.65668e-07 -0.00779296 -0.00382976 -0.00146419 0.0149089 -0.000744106 -0.0106408 0.0159615 0 -2.22479e-06 9.64403e-07 -0.00040329 -0.00396376 -0.000847452 -0.0101227 -0.0193424 -6.20765e-07 -1.07096e-06 -1.75665e-05 -3.0002e-07 0.000722318 -0.00370554 0 -0.000479694 -8.8151e-05 -3.16489e-06 -0.000421293 -0.0223463 0.000294538 -0.00198361 -4.17679e-07 
-6.46919e-07 -0.000148833 -9.50007e-11 4.98301e-06 -7.49838e-06 -2.81533e-07 7.0271e-09 1.12152e-05 0.000127317 6.90166e-06 -5.20133e-05 5.39382e-09 -3.45343e-07 -1.32147e-05 -3.07726e-08 0.000132438 -0.000146865 4.59129e-06 -1.7165e-05 -4.78681e-07 0.00014148 -4.96246e-10 -0.000144761 -6.10288e-06 0.000176989 -1.22225e-06 -1.80107e-07 -1.37666e-06 0.0001387 0.000147376 -2.35943e-07 -3.26943e-06 -4.28586e-06 -0.000139528 -6.31553e-08 -2.29248e-07 -0.000105569 3.71151e-07 0.000107936 1.55321e-06 1.16457e-07 1.05926e-05 2.58197e-06 -9.08956e-08 -1.598e-05 -4.20371e-07 -6.77452e-06 3.62615e-07 -1.17317e-07 -3.35556e-07 -3.17738e-07 4.02838e-06 -1.12639e-06 -3.16718e-08 -0.000120741 -3.76415e-08 -0.000147798 0.000109069 1.76845e-08 -5.16538e-08 6.43317e-07 -0.000111814 -8.74386e-06 8.66976e-06 1.67386e-07 -3.69559e-09 2.38208e-06 -9.02279e-05 -6.54219e-05 -9.24398e-09 0.000131598 5.61166e-06 -9.94394e-05 -4.62167e-05 -4.37865e-06 6.45928e-06 -1.46758e-05 0 -2.51628e-08 -2.12896e-09 -4.65579e-07 8.61417e-05 -4.61585e-06 -5.25612e-05 -0.000105503 5.68284e-08 -6.45887e-09 2.89298e-06 -3.2017e-09 6.2996e-07 0.0001465 0 2.64455e-07 -4.9051e-07 -1.71509e-08 -1.66735e-06 3.6883e-05 -1.08601e-07 0.00013592 9.63545e-07 
-1.7726e-05 0.000798531 -3.70545e-09 5.90326e-05 -0.000558894 -2.11111e-07 -6.96351e-06 -0.000105461 -0.000601993 -1.93668e-05 0.000554427 2.22915e-05 -2.96728e-06 -6.82084e-05 -7.36002e-08 -0.0004914 -0.00218469 -1.07868e-05 0.000975171 -1.16474e-05 -0.00114181 -1.93558e-08 4.44063e-05 0.00218006 -1.22225e-06 0.00685689 0.000507323 -3.60974e-05 -0.000684292 -0.000321032 7.73191e-05 0.00385938 -1.8129e-05 0.000193852 0.000191533 -7.31502e-06 -0.00204321 -9.92394e-06 -0.00193519 -2.47115e-05 1.05513e-06 -1.99258e-05 -2.14017e-06 0.000258601 0.000222357 -6.66932e-05 -0.000261326 3.77052e-05 0.000452781 -1.13549e-05 -1.15432e-05 2.58551e-06 -5.36764e-06 8.35799e-06 0.000674436 0.000170755 0.000882422 -0.000180658 -0.000913935 3.1886e-06 6.09566e-06 0.00182771 -5.70284e-05 -1.01448e-05 -3.8724e-06 -1.44144e-07 8.34013e-06 0.0012212 0.00107513 -3.60556e-07 -0.000758098 -0.000784043 0.00193034 -0.00148552 -0.00016487 -0.00540502 0.00406383 0 -1.01461e-07 -8.30389e-08 -8.25504e-05 -0.000826264 -0.000113774 -0.000458934 -0.00337099 -1.23707e-07 -2.51925e-07 -3.13425e-06 1.31845e-06 0.000411012 -0.000828082 0 -9.37211e-05 -1.45354e-05 -6.0896e-07 -7.01406e-05 -0.00295293 0.000118149 -0.000435849 -1.21774e-07 
7.95837e-05 0.000234396 -2.18313e-09 -3.15449e-06 -0.000212646 -1.306e-06 8.81899e-06 0.000106032 -0.000203133 -1.65098e-05 -0.000732145 1.87735e-06 -9.20625e-06 0.000757544 3.26176e-07 -0.000211981 -0.000629964 0.00153329 0.000271434 -7.42349e-06 5.16364e-05 -1.14038e-08 -0.000813425 0.000102623 -1.80107e-07 0.000507323 0.0040514 -6.38854e-05 1.75517e-05 -1.92822e-05 0.000254651 0.000511799 -9.78336e-05 -0.00256158 0.000560851 2.03852e-05 -0.00112936 9.72028e-05 -0.000596983 6.05952e-05 -5.80933e-08 0.000115071 2.0208e-06 0.000130815 -1.39952e-05 -3.14929e-05 0.000600058 1.39774e-05 5.75507e-05 0.000234282 2.78083e-05 -6.9708e-06 -3.77255e-05 -5.47823e-07 -0.000985976 0.000114495 0.000129716 -8.64061e-05 -0.00133316 -1.09701e-06 0.000101221 0.000466564 -5.18185e-05 -7.34268e-06 5.18508e-07 5.84082e-08 3.98094e-05 -0.00118799 -0.00109758 2.07572e-07 0.000910959 -0.000400159 0.000395479 -0.000282258 0.000611271 -0.00220439 -0.000101758 0 1.45384e-05 -4.89238e-08 6.2244e-05 -0.000128941 0.000631332 0.00143342 0.000176899 2.88378e-06 2.81574e-07 -9.76373e-07 1.53298e-05 6.97742e-05 0.000983427 0 -5.48794e-05 -5.22865e-06 5.32537e-07 -4.15617e-05 -0.00118096 8.63101e-05 -0.000104765 -7.1745e-08 
-6.60736e-05 0.00160478 -9.8327e-09 5.08103e-06 -0.00128785 -1.8924e-05 0.000278519 -0.000228135 -0.00168476 3.01422e-05 0.0123866 0.00100562 -2.46787e-05 -0.00136529 0.000110252 -0.00123258 -0.00476989 -0.000168411 0.015279 9.82792e-05 -0.00262983 -5.13621e-08 0.00246529 0.00156633 -1.37666e-06 -3.60974e-05 -6.38854e-05 0.0179861 -0.00177406 -0.000500212 0.000117496 -0.000187436 -0.000401351 0.00256836 -1.29934e-05 -2.21608e-05 -0.00020441 -5.02248e-05 0.0112524 -4.51855e-05 1.05993e-06 -4.89184e-05 -7.27255e-06 8.88288e-05 -0.00180297 0.00211947 -0.000566776 -1.17605e-06 9.57509e-05 -3.60772e-05 0.00012019 -3.21211e-05 -0.000154572 1.59119e-05 0.0034622 -3.89595e-06 -0.0013089 9.13786e-05 -6.00756e-05 -4.58624e-06 2.90491e-06 -0.0115206 -0.000938148 4.82097e-05 -9.35905e-06 -1.22498e-07 -1.88665e-05 -0.00936299 0.0109074 -9.56764e-07 -0.00412261 -0.00196947 -0.0104046 0.00973025 0.000353428 0.000653153 0.001526 0 7.51562e-06 5.52632e-06 -0.000219447 -0.00219247 -0.00058577 -0.00544351 -0.0153741 -7.15989e-08 1.62817e-06 -4.75854e-06 -3.3138e-07 -5.35783e-05 -0.00163199 0 -0.000231151 -5.03784e-05 -1.55514e-06 -0.000244459 -0.0134827 0.000195758 0.00248649 -1.56469e-07 
0.000345281 -0.0813497 2.7347e-07 0.00143905 0.0476035 -0.000161808 -2.81944e-05 -0.000746266 0.0744245 0.0010135 -0.0295841 -0.000269239 -0.000280421 -0.00655435 -4.90823e-06 0.0622526 -0.0466178 0.00289316 -0.00994315 -0.000268045 0.0825926 2.47879e-06 -0.0840939 -0.00342284 0.0001387 -0.000684292 1.75517e-05 -0.00177406 0.0892993 0.0395034 -0.000295695 -0.00186602 -0.00198437 -0.0815316 0.000119828 -0.000128361 -0.0150631 0.000794341 0.0228201 0.00148182 -8.10819e-07 0.0028466 0.000522782 -5.07851e-05 -0.00983568 0.000469934 -0.00364457 -1.62045e-05 -6.33101e-05 0.000354604 -0.000153235 0.00161798 -0.000359444 9.08649e-05 -0.0720174 -2.10046e-05 -0.0839269 0.016054 0.000101507 -1.23844e-05 3.77741e-05 -0.063208 0.00880154 0.000781956 0.000474753 -1.7794e-06 0.000533028 -0.0512941 -0.0377678 -4.14964e-06 0.0742868 0.0461117 -0.0578913 -0.0263403 -0.00239791 0.00399295 -0.00849956 0 5.34638e-06 -2.21436e-08 0.0063487 0.0814457 0.00648117 -0.0293946 -0.0145693 6.53734e-06 9.86592e-07 0.000140494 6.37159e-07 -0.000198295 0.0773211 0 0.0111144 -0.000273758 3.61072e-08 0.00397823 0.0215502 -0.000207489 0.0365773 1.10751e-05 
-9.70582e-05 -0.0372606 4.85038e-07 0.00144989 0.00460509 -7.34869e-05 0.000676274 0.000834499 0.0297313 0.00195175 -0.014001 -0.000126516 -0.000129906 -0.00301469 6.71177e-05 0.0362026 -0.0410109 -0.000274357 -0.00446832 -0.000123969 0.0385695 6.29609e-07 -0.0389007 -0.00161392 0.000147376 -0.000321032 -1.92822e-05 -0.000500212 0.0395034 0.0443495 -0.000130585 -0.000875493 -0.0010343 -0.0383995 0.000174355 -6.01428e-05 -0.0152839 -8.86386e-05 0.029261 0.000364599 -9.31035e-07 0.00307241 0.000364411 -2.36767e-05 -0.00460337 0.000935498 -0.00163857 -7.84473e-06 -2.89957e-05 0.000304491 2.90493e-05 0.00153945 -0.000459445 9.19847e-05 -0.0323993 -9.62052e-06 -0.0403015 0.0159798 7.6403e-05 2.97433e-06 0.000112634 -0.0296482 4.12569e-05 0.00205288 0.000211787 -9.71036e-07 0.00055908 -0.0238787 -0.0175427 -2.13891e-06 0.0350827 0.00296892 -0.0274647 -0.0128178 -0.00114715 0.00231226 -0.00398614 0 -5.11833e-06 1.96394e-06 0.00108343 0.0345472 -0.00117649 -0.0138518 -0.0159824 7.06331e-06 4.01956e-06 0.000109325 -8.41265e-07 -8.75522e-05 0.0393214 0 0.00983169 -0.000125908 1.47968e-05 0.000140666 0.00960321 1.30321e-05 0.0366814 1.38197e-05 
-3.93149e-06 0.000341745 -1.70565e-09 2.24539e-06 -0.000243802 -4.27389e-06 -1.10752e-06 -5.98314e-05 -0.000279544 -1.87158e-05 0.000709612 -8.17655e-06 -7.92645e-06 -0.000225169 1.00417e-06 -0.000213852 -0.00025022 6.06305e-05 0.00129467 1.23657e-05 -0.000370812 -8.90963e-09 0.000245301 9.10348e-05 -2.35943e-07 7.73191e-05 0.000254651 0.000117496 -0.000295695 -0.000130585 0.00316813 0.000115487 -4.51713e-05 0.000358612 4.55373e-06 1.18074e-06 -0.000152091 -5.17031e-06 0.000792777 -1.18781e-05 7.30492e-08 9.23049e-07 -1.76633e-06 -7.38612e-07 -0.000247883 4.85601e-05 -0.000107529 2.65848e-06 3.61035e-06 -2.62398e-06 -2.71802e-06 -5.75766e-06 2.77197e-05 -4.51971e-07 0.000591068 -6.72485e-07 0.00033973 -4.47368e-05 -0.0002542 2.45937e-07 2.35036e-06 -0.00057587 -0.000162078 -7.49239e-06 -1.33916e-06 -6.63508e-08 -3.53144e-06 -0.000924823 7.14963e-05 -1.65967e-07 -0.000403398 -0.000289651 -0.000562997 0.000142538 5.17888e-05 -0.000289489 0.00024326 0 2.24489e-06 -3.82235e-08 -1.92291e-05 -0.000348179 -9.86971e-05 -0.000247756 -0.000822234 -2.02766e-08 6.70704e-07 -1.49224e-06 2.45585e-06 -2.39679e-06 0.000102165 0 -4.63707e-05 -7.83998e-06 -3.07928e-07 -4.26261e-05 -0.00135567 -2.9165e-06 -6.83678e-05 -4.60533e-08 
-6.56301e-05 0.00218693 -1.01039e-08 6.52529e-05 -0.00148467 1.65381e-05 -2.15873e-05 -0.000233316 -0.0016873 -0.000101305 -0.00185994 -4.26648e-06 0.000266315 -0.000872493 -1.87283e-06 -0.00133708 -0.00369412 -4.92271e-05 0.00141171 -3.7237e-05 -0.00309678 -5.27785e-08 0.00245854 0.00512471 -3.26943e-06 0.00385938 0.000511799 -0.000187436 -0.00186602 -0.000875493 0.000115487 0.0184726 -0.000446553 -0.000782382 8.49832e-05 5.84449e-05 -0.00291239 -4.72873e-05 -0.00457887 -7.88976e-05 3.39648e-06 -6.00255e-05 -1.1008e-05 0.000157383 -0.000885591 -0.000191293 -0.000715992 5.49996e-05 0.000517169 -1.6563e-05 -3.13965e-05 -2.23858e-05 -0.000179662 6.72486e-06 0.00402047 3.20833e-05 0.00238212 -0.000427766 -0.0011479 7.34966e-06 -5.90584e-06 0.0060174 -0.000812559 -3.36015e-05 -1.05258e-05 -2.69713e-07 -2.16751e-05 0.0056719 -0.00181055 2.75685e-06 -0.00348504 -0.00185693 0.0070025 -0.0033752 -0.0003559 -0.0119515 0.00826555 0 -1.03287e-06 1.15691e-06 -0.000225143 -0.00228818 -0.000583054 0.00331993 -0.00624844 -3.37318e-07 -6.56937e-07 -8.18977e-06 2.01948e-06 0.00188681 -0.00233719 0 -0.000243576 -4.84551e-05 -1.65742e-06 -0.000233294 -0.00699685 0.000193337 -0.00122663 -3.32047e-07 
-8.48485e-05 0.00235889 -1.39129e-08 -4.43969e-05 -0.00158181 1.41351e-05 -2.80555e-05 -0.000561388 -0.00190288 -0.000156377 0.00851115 -3.15985e-05 -5.97598e-05 0.00874029 -3.75e-06 -0.00172766 0.00180091 -0.000235318 -0.00186096 -1.70932e-05 -0.00147191 -7.26756e-08 0.00251045 -0.000820527 -4.28586e-06 -1.8129e-05 -9.78336e-05 -0.000401351 -0.00198437 -0.0010343 -4.51713e-05 -0.000446553 0.0252526 0.0033013 -2.26379e-05 2.73311e-06 0.000538391 -5.56208e-05 0.000613341 7.51066e-05 -5.18927e-07 -6.15182e-06 -1.28091e-05 -9.80174e-06 -0.00132372 -3.42913e-05 0.000188519 -2.42538e-06 -1.67978e-05 -4.80051e-05 -4.66311e-07 -4.38577e-05 -0.00019407 -3.37837e-06 -0.0115352 -4.3793e-06 0.00249188 -0.000408994 5.55237e-05 4.86853e-05 -4.85473e-06 0.00127072 -0.000638465 -6.49465e-05 -1.36231e-05 -5.07888e-07 -2.04048e-05 -0.00481407 0.0118306 -1.06712e-06 -0.00494498 -0.00167918 -0.0150085 -0.0026524 -0.000498323 0.000618917 -0.00212136 0 7.7822e-07 -1.25121e-07 -0.000309939 -0.00237481 -0.000552324 -0.00717987 0.00290123 -4.64485e-07 1.31409e-06 -1.31293e-05 -4.48892e-07 -7.16967e-05 -0.0011538 0 -0.000334055 -7.07223e-05 -2.02176e-06 -0.000132611 0.00147325 -5.41354e-05 -0.00154395 -4.03892e-07 
