0.108926 0.0142866 -0.00823195 0.0027919 -0.0126351 -0.000958436 0.0307569 -0.00501566 0.0410948 -0.000497802 0.00164162 0.00683387 -0.000697394 0.000393762 -0.000349735 -0.0262828 -0.00149309 -0.0076208 0.0413032 -0.00109431 -0.0523209 -0.0445242 0.000964171 -0.0229446 3.46862e-05 0.00937418 -0.00921714 0.0272793 -2.93548e-05 -0.00100938 -0.000794175 -0.0296393 -0.00114081 -0.0502981 -0.0170934 0.00353043 -1.02119e-05 0.00425535 -0.00506949 -0.00342898 0.000979413 0.0675251 -0.0586256 0.0422566 -0.0435398 -0.0012324 -3.40246e-05 -5.22258e-05 -0.00138337 0.0157455 -0.000891222 0.0174473 4.2977e-07 -0.0866517 -0.0384121 -0.0233792 -0.00273948 0.00552065 -0.00618407 -4.33173e-05 -2.02525e-05 0.0106649 -0.000959717 -0.0371884 0.00444788 -0.0017588 -0.000971888 -0.00129627 0.0856793 -0.000536135 -0.00106876 -0.000852755 0.0074188 -5.99096e-05 -0.0595553 0.051258 0.0120394 -1.73392e-05 -5.63466e-08 -0.000134804 -0.0207885 -3.32349e-06 -0.00338832 0.031858 0.0168265 0.000470358 -0.000151569 0.000545832 -0.000232534 -0.00129156 -0.000353115 -0.010837 -0.000592525 0.00589339 -1.26682e-05 0.000493146 3.6513e-05 -0.000180363 0.0414937 -0.00424979 
0.0142866 0.102414 -0.0251447 0.00331319 0.0340909 -0.00631521 0.0594972 0.00460934 0.014179 -0.00237722 -0.0033528 0.00555816 -0.0040479 -0.000786875 0.00185966 -0.0535805 -0.00731863 0.0272925 0.00805857 -0.00480883 -0.0105186 0.0147502 0.000930709 -0.045535 -8.8019e-05 -0.0170126 0.0261948 0.0276616 -0.000198115 -0.00315363 -0.0048641 0.0386007 -0.00668269 -0.0227897 -0.018994 0.000822656 -5.21705e-05 0.00352056 -0.00807695 -0.00682201 0.000261016 0.0187537 -0.031881 0.00955609 -0.000829855 -0.00714537 -1.37959e-05 -0.000340551 -0.0110635 0.00527946 -0.00318818 -0.00266862 -0.000203783 -0.0191664 -0.0065695 -0.0544717 0.00670036 0.00133886 0.0269149 -0.00013585 -0.000136426 0.00204313 -0.00638398 -0.0325762 -0.000381438 -0.0107567 -0.00331884 -0.00586036 0.021963 0.000455152 -0.00613124 -0.0037195 -0.000602177 -5.42799e-05 -0.000979344 0.0565984 0.0125272 -4.20971e-05 -9.39471e-07 -0.000610019 -0.0419661 6.10014e-06 -0.0180014 0.00429155 -0.0506541 -0.000168377 -0.000881559 0.000774307 -0.00115112 -0.00671884 -0.0021584 -0.00117937 -0.00221567 0.00076338 -8.29434e-05 0.000129261 -6.22173e-06 -0.000907413 0.0644078 -0.0325606 
-0.00823195 -0.0251447 0.0644308 -0.00187165 -0.027235 0.000703267 -0.0318134 -0.002835 -0.0099855 0.00320926 -0.00105883 -0.00333939 -0.0073085 -9.65982e-05 -0.00286083 0.0490344 -0.00083048 -0.0211233 -0.00410029 -6.15078e-05 0.00513176 -0.0153814 -0.00124177 0.0455733 0.000499686 0.0205399 -0.0287681 0.0209125 -8.19981e-06 -0.000818628 -0.000342847 -0.0403828 0.00353292 0.0103335 -0.00961663 -0.000377762 2.38242e-05 -0.0042679 -0.00244739 -0.0018024 -0.000288421 -0.0125614 0.0196728 -0.00650433 -0.0181171 -0.000794486 -2.2761e-05 -8.09435e-06 0.00465586 -0.00316534 0.00297913 -0.00302007 7.35265e-05 0.0147621 -0.000925208 0.053741 -0.00252125 -0.000768208 -0.0159461 -2.43595e-05 2.42938e-06 -0.00261245 -0.000450726 -0.0107357 -0.00220729 -0.000834948 -0.000513817 0.00218463 -0.0124819 -0.000422634 0.00122348 -0.000493379 -0.00121343 -0.000151461 0.000682943 -0.034625 -0.00778623 2.24001e-05 -4.15937e-08 7.98081e-05 0.0463886 -7.64964e-06 -0.000663141 -0.00814665 0.032799 -2.23679e-05 -0.000113702 -0.000400225 -0.00012086 0.00927575 -0.000128591 -0.00149793 -0.000329702 -0.000476317 -2.25703e-06 -8.81186e-05 -8.92807e-06 -6.70908e-05 -0.0373491 0.0295029 
0.0027919 0.00331319 -0.00187165 0.0305595 -0.0114994 -0.000236086 0.00345361 -0.00107142 0.0244066 -0.000156424 -0.000404891 0.000475301 -0.00344481 -6.48435e-05 0.00643034 -0.00657899 -0.000379783 0.0130671 0.000340097 -0.000278447 0.00263917 -0.012486 0.000224981 -0.0056115 -2.85773e-05 0.00424926 -0.0132663 0.00714134 -7.96518e-06 -0.00026496 -0.00017019 -0.0173385 -0.00015325 -0.0127371 -0.00427527 -3.21328e-05 -3.00373e-06 -0.00208122 -0.00128841 -0.000861468 -0.000104083 0.0213806 -0.00669003 0.0171501 -0.0113254 -0.000348536 -3.74399e-07 1.04143e-05 0.00275997 -0.000788855 0.000812447 -0.00141842 -2.10471e-06 -0.0224142 0.00233824 -0.00499685 -0.00182197 0.000362247 0.00696686 -1.14781e-05 -4.83327e-06 -0.00120953 -0.000226198 -0.0115292 0.00552656 -0.000440904 -0.000249543 0.00084402 0.017029 0.00370679 -0.00020946 -0.000263909 -0.000542646 -6.80145e-05 -0.016679 0.0128744 -0.00187308 -2.43564e-06 4.05533e-08 -2.13125e-05 -0.00498848 -4.42007e-06 -0.000857637 0.00123473 0.0126674 -3.31957e-05 -4.69725e-05 -0.000216336 -5.23134e-05 -0.000366714 -7.20544e-05 -0.0053718 -0.000162101 -0.000216163 -3.23368e-06 0.000229948 -1.47437e-06 1.81057e-06 0.00377635 -0.0165365 
-0.0126351 0.0340909 -0.027235 -0.0114994 0.239771 -0.00226958 0.000804687 -0.0103207 -0.0561395 -0.00182483 -0.00280929 0.00704568 0.0295221 -0.000284256 0.0145285 -0.0789329 -0.00393695 0.0446148 -0.00417351 -0.00299018 -0.00250474 0.0845293 0.00240847 -0.0732107 -0.000331568 -0.0851303 0.117914 -0.0402961 -9.88809e-05 0.00361355 -0.00252749 0.091224 -0.00336265 0.0052857 -0.0183743 -0.0031559 -3.31073e-05 0.0131353 -0.0156567 -0.00635084 0.00222982 -0.039903 0.0484639 -0.0375682 0.0222031 -0.00439651 -4.28035e-06 -0.000148699 -0.00836527 0.00394306 -0.00568134 0.00376022 -0.000215615 0.0315783 0.000410753 -0.0768558 -0.02018 -0.00427825 0.0370624 -0.000111618 -6.63394e-05 -0.00149882 -0.00304339 0.0101569 -0.0129581 -0.00471729 -0.00317723 -0.00388013 -0.0264844 -0.00249239 -0.00343643 0.000552297 1.01539e-05 -0.000445762 0.0427625 0.0160065 0.0356809 4.44866e-05 -8.96349e-07 -0.000423208 -0.0685701 3.83008e-05 -0.0108166 0.0298154 -0.0841068 -0.000446949 -0.00065392 -0.00223619 -0.000756509 -0.005446 -0.0011901 -0.0557662 0.00180228 -0.00126999 -4.08708e-05 -0.00045284 -5.83448e-05 -0.000490077 0.0604054 -0.0766956 
-0.000958436 -0.00631521 0.000703267 -0.000236086 -0.00226958 0.0077751 -0.00107699 -0.000230613 -0.00115776 0.000258393 -0.000102842 -0.000121171 0.00343427 -1.58317e-05 -0.000206262 0.0017353 -9.36646e-05 -0.000869665 -0.000698003 -6.41474e-05 -0.000217714 0.000972096 0.000151177 0.00222366 -5.30461e-06 0.000157137 -0.00285528 -0.0031495 9.61909e-07 0.000271651 -4.14453e-05 -0.00073699 0.000144709 -0.00148552 0.00275444 -5.6829e-05 1.63545e-06 -0.00034586 -0.000102367 -0.000203205 -2.85369e-05 -0.00112197 0.00292425 -0.0007359 -0.00219286 -8.61232e-05 1.84696e-05 -3.23879e-06 0.000962832 -0.000358939 2.02901e-05 0.00174478 1.92922e-05 -0.00123691 -0.000111344 0.00122012 -0.000414616 2.3484e-05 -0.00162478 -1.05032e-08 1.41251e-07 -0.000302355 -6.43971e-05 0.00118884 -0.000234252 0.00366811 1.55764e-05 -5.19842e-05 -0.00143613 -5.5069e-05 0.000191558 -6.82894e-06 0.00241685 -8.53891e-06 0.000814999 -0.00396628 -0.000185272 3.597e-06 2.42776e-07 0.000101298 6.70113e-06 -1.10235e-06 0.000256001 9.97175e-07 0.000489581 3.95062e-06 1.68517e-05 -5.42708e-05 0.000746718 -7.33463e-05 -1.89201e-05 0.000812479 -3.6129e-05 -5.02655e-05 2.85027e-06 2.26985e-06 2.83255e-06 1.20317e-05 -0.00154207 0.00134692 
0.0307569 0.0594972 -0.0318134 0.00345361 0.000804687 -0.00107699 0.234628 0.0152496 0.0391672 -0.00186719 -0.00587029 0.0158809 0.0143606 -0.000767566 -0.0218165 -0.0909787 -0.0070754 0.0807404 0.021663 -0.00445217 -0.0280901 0.044858 0.00181796 -0.0868947 0.00023683 -0.00540403 -0.0108894 0.0911739 -0.000155026 -0.00461884 -0.00398623 0.0271064 -0.0044084 -0.0820968 -0.0375771 0.0025808 -4.46059e-05 -0.0157643 -0.0239417 -0.0164864 -0.00241918 0.0493783 -0.13371 0.023009 -0.0340946 -0.00682548 7.02523e-05 -0.000268407 -0.00691038 0.0121298 -0.00509961 0.0022186 -1.37482e-05 -0.0635171 -0.0230777 -0.0629613 0.0220329 0.0039767 0.0612845 -7.63586e-05 -6.86094e-05 0.00362701 -0.00508785 -0.0849912 -0.00103334 -0.00549952 -0.00488883 -0.00567702 0.0504641 -0.00284407 -0.00359868 -0.00477148 0.00551229 0.000264579 -0.0144233 0.0674825 0.0236234 4.46395e-05 -6.13584e-07 -0.000615783 -0.0689327 6.75278e-06 -0.0154875 0.00815859 -0.058361 9.34623e-05 -0.000572726 0.00211095 0.000225094 -0.00458772 -0.00188089 -0.00200187 -0.00306603 0.00231572 -4.59438e-05 0.000431549 4.0142e-05 -0.000542265 0.16513 -0.0735772 
-0.00501566 0.00460934 -0.002835 -0.00107142 -0.0103207 -0.000230613 0.0152496 0.0410566 0.00161067 -0.00021161 -0.000551493 -0.000452725 0.00185156 0.000163636 -0.00178699 -0.00872055 -0.00050368 0.00968262 -0.00311095 -0.000303531 -0.000477518 0.0189154 -0.000806934 -0.00788394 -3.447e-05 -0.00861557 -0.00387354 0.00792589 5.77687e-05 -0.000339014 -0.000229085 0.0121418 -0.000348236 -0.0125882 -0.000637197 -0.000266387 -4.50672e-06 -0.00103441 -0.00142812 -0.00106187 -0.000174744 -0.00747328 -0.0222111 -0.00369411 -0.00388495 -0.000490752 1.42236e-05 -1.85501e-05 -0.00103497 -0.00175507 -0.000608138 0.00295464 -2.31834e-05 0.00236697 -0.00439462 -0.0080908 0.0233515 -0.000188567 0.0165155 -6.87019e-06 -5.53736e-06 0.000174923 -0.000353172 -0.00717897 -0.00132861 -0.000362725 -0.000250692 -0.000355078 -0.00627354 -0.000346157 -0.000128755 -0.000367772 7.51835e-05 -3.14949e-05 0.00523449 0.0023461 -0.00459486 5.64722e-05 -1.12532e-07 -4.66016e-05 -0.00709182 2.9567e-05 -0.00110472 -0.00255181 -0.00917142 3.24724e-05 -5.84226e-05 -0.000283508 -7.58935e-05 -0.000562734 -0.000129659 -0.007354 -0.000200592 -0.000294875 -6.02575e-07 -4.51248e-05 1.3356e-05 3.82909e-05 0.0158047 -0.00293061 
0.0410948 0.014179 -0.0099855 0.0244066 -0.0561395 -0.00115776 0.0391672 0.00161067 0.127536 -0.000619105 -0.000310734 -0.00519686 -0.0146279 -0.000273617 0.0046165 -0.0294574 -0.00152385 0.0223158 -8.89982e-06 -0.00112622 0.00168775 -0.0515704 -0.000329288 -0.0277223 -4.73649e-05 0.0478302 -0.0494728 0.0292927 -1.78059e-05 -0.00173143 -0.000621457 -0.0381623 -0.00127956 -0.0545673 -0.0136409 0.00608431 -1.10759e-05 -0.00986306 -0.00533469 -0.00366433 -0.000369416 0.0671431 -0.0544652 0.0763005 -0.0258474 -0.00117088 7.22282e-05 -1.41676e-05 -0.000147859 -0.00669586 0.00230219 -0.00486953 0.000357697 -0.0772297 0.00559542 -0.0231017 0.00792708 0.00797457 -0.000813645 -4.24506e-05 1.10071e-05 -0.00471091 -0.000955043 -0.0304196 0.0202566 -0.00167291 -0.000884987 0.0012832 0.0657591 0.00546009 0.00257381 -0.00130931 -0.00250617 -0.000303505 -0.0788517 0.0582787 -0.0151108 -3.57657e-05 9.30325e-08 -0.000146843 -0.0243334 -1.81743e-05 -0.00405821 -0.000488347 0.048427 0.000104574 -4.43052e-05 5.82736e-05 -0.000138537 -0.0018443 -0.000304682 -0.00369129 -0.000631324 -0.00102585 -1.31401e-05 0.000965429 9.17539e-05 5.17946e-05 0.0310628 -0.015148 
-0.000497802 -0.00237722 0.00320926 -0.000156424 -0.00182483 0.000258393 -0.00186719 -0.00021161 -0.000619105 0.00505984 -4.18828e-05 0.00016608 -0.000422295 2.84848e-05 -0.000181471 0.00310162 -5.06406e-05 -0.00163565 0.000565532 -3.44198e-05 -0.000754196 -0.00127777 -1.14482e-05 0.00321839 0.000347372 0.00143601 -0.00181286 0.00114739 3.96293e-06 7.17603e-06 3.40379e-05 -0.00320638 8.11841e-05 -0.000389055 -0.000659912 2.46172e-05 4.92039e-05 -0.000234658 -0.000144631 -0.00013002 -1.38233e-05 -0.00092617 0.000339147 -0.000365608 -0.00181056 -4.73377e-05 1.37881e-07 1.41374e-05 0.000705118 7.06576e-05 0.000885821 2.56801e-05 3.69902e-05 -0.000800125 -0.00099241 0.00327198 -3.4469e-05 -3.36964e-05 -0.000906177 -2.79906e-07 5.21065e-06 -0.000170693 -3.61768e-06 -0.000907056 -0.000138895 5.35892e-05 -3.47457e-05 0.000580138 -0.000534694 -1.59144e-05 5.16564e-05 1.29508e-05 8.91029e-05 3.82614e-05 -0.0020179 -0.00240425 -0.000168692 3.61682e-06 2.23325e-07 0.000153862 0.00348536 1.81765e-06 9.94786e-05 -0.000609904 0.00284907 -1.11513e-06 -2.48865e-06 0.000105547 2.45524e-05 0.000849882 1.41832e-05 -0.000524769 -2.6206e-05 -2.70134e-05 2.68217e-06 3.94339e-05 6.80015e-06 -2.01165e-06 -0.00204411 0.00155057 
0.00164162 -0.0033528 -0.00105883 -0.000404891 -0.00280929 -0.000102842 -0.00587029 -0.000551493 -0.000310734 -4.18828e-05 0.0150866 -0.000468585 -0.00128322 0.000874618 0.00127057 -0.0023001 0.004544 6.73126e-06 0.000612158 0.000804129 -0.000744744 -0.00458328 8.73071e-05 -0.000481757 4.15575e-05 -0.00301189 -0.00156083 -0.00558007 0.000228183 -6.98096e-05 0.00496574 -0.00161472 -0.000139056 -0.0062096 0.00859797 -9.19896e-05 -1.3418e-06 -0.000554917 0.00692788 0.00358128 0.000317426 0.00865803 0.0041536 0.00180457 -0.00537852 0.00524161 5.72237e-06 0.000202948 -0.000209737 0.00081275 -0.000118046 -0.000449987 -8.17108e-06 -0.00788884 -0.00110711 -0.00291417 -0.000941609 -0.00012942 -0.00209904 -1.3964e-06 5.68579e-05 -0.00049559 0.00386895 -0.000347753 -0.000448563 -0.000169666 0.00561469 -7.53734e-05 0.00252022 -1.95347e-05 0.000380179 -3.82539e-05 0.00043128 3.76847e-05 -0.00649222 -0.00333795 0.00161498 -3.64239e-06 4.19807e-07 -7.18409e-06 -0.00262875 1.22902e-05 0.00169824 -0.00102848 0.00124425 -3.25844e-06 0.000278105 0.000237612 7.07643e-05 -0.000208547 0.00154236 -0.00175901 2.31619e-05 0.000750576 -4.40075e-07 1.46276e-05 6.06984e-06 0.00018701 -0.00147088 -0.00807718 
0.00683387 0.00555816 -0.00333939 0.000475301 0.00704568 -0.000121171 0.0158809 -0.000452725 -0.00519686 0.00016608 -0.000468585 0.0476036 -0.00442647 0.000135223 -0.00208452 -0.0109324 -0.000502255 -0.0107327 0.0301216 -0.000355832 -0.0360716 -0.0117545 0.00132117 -0.00894201 6.47489e-05 -0.0113898 0.0240525 0.0103135 -1.23434e-05 0.00019669 -0.000305102 -0.0319032 -0.000460195 -0.0190695 -0.00692775 -0.000391137 -6.02376e-07 0.00377877 -0.00202887 -0.00124817 -0.000185241 0.0159839 -0.0143454 -0.00462926 -0.0179261 -0.00056054 -1.3282e-05 -1.33416e-05 0.00202512 0.0313462 -0.000726526 0.00632333 -2.40554e-05 -0.0318609 -0.0324608 -0.00938958 -0.000973507 -0.000488555 0.0328662 2.62541e-05 -8.36956e-06 0.0137872 -0.000410563 -0.018698 -0.00167709 -0.000543429 -0.000389313 -0.000475995 0.0233199 -0.000415408 -0.000340127 -0.000347683 0.00417597 0.00168034 0.00572841 0.0114665 0.0397559 2.00505e-05 2.18531e-07 -5.22119e-05 -0.00728297 7.43486e-05 -0.00136143 -0.00132792 -0.010928 -4.07468e-05 0.000294365 0.000281368 -9.82631e-05 -0.00057221 -0.000137357 -0.00880037 -0.00026074 0.000204099 -4.91563e-06 -3.18311e-05 -2.13934e-06 0.000222993 0.0201165 -0.0263248 
-0.000697394 -0.0040479 -0.0073085 -0.00344481 0.0295221 0.00343427 0.0143606 0.00185156 -0.0146279 -0.000422295 -0.00128322 -0.00442647 0.0996924 5.35006e-05 0.00698028 -0.0203149 -0.00128365 0.015968 -0.00425963 -0.000954912 -0.00503745 0.0348978 0.000812441 -0.017279 -0.000101522 -0.0256739 -0.0218181 0.00474277 -2.60213e-05 -0.000183219 -0.000715442 0.0334528 -0.000992242 -0.0369039 0.0250075 -0.000835156 -7.59216e-06 -0.00601904 -0.00413019 0.000116313 0.000665736 -0.0167232 0.0147576 -0.0102368 -0.0333487 -0.00110694 -1.19522e-05 -2.24013e-05 -0.0027805 -0.00505316 -0.00161999 0.0144468 -5.72178e-05 0.00344369 0.00182375 -0.0198772 -0.00575484 -0.000667399 0.0126352 -2.80505e-05 7.32436e-06 -0.00223777 -0.000924145 -0.0188934 -0.00187718 0.0060299 -0.000830499 -0.00120811 -0.0104257 -0.000902131 -0.000183331 -0.000975757 0.00499909 -0.000222369 0.0059812 0.00240387 -0.009794 4.59959e-05 -1.97946e-07 -0.000119964 -0.0185325 -1.33365e-05 -0.00292157 0.0508456 -0.0248211 -3.49134e-05 0.000397499 -0.000211043 0.000568135 -0.00112378 4.68578e-05 -0.0148504 0.000634803 -0.000667919 -1.14253e-05 -0.00013327 -1.27427e-05 0.000454373 0.0260412 -0.0251098 
0.000393762 -0.000786875 -9.65982e-05 -6.48435e-05 -0.000284256 -1.58317e-05 -0.000767566 0.000163636 -0.000273617 2.84848e-05 0.000874618 0.000135223 5.35006e-05 0.00222582 0.000437783 0.000253787 4.95075e-05 -0.0002466 0.000575674 -6.59144e-06 -0.000901003 -0.000721321 0.000360726 0.000362055 1.38081e-06 -0.000119708 -0.000183983 -0.00045527 0.000168724 -2.20086e-05 0.000299582 -0.000433788 -1.92109e-05 -0.000425136 0.000640657 -1.44692e-05 2.69005e-06 -4.25254e-05 0.000229291 2.97801e-05 0.000236686 -0.000108277 0.000250069 5.83399e-05 -0.000711628 0.000129327 3.84024e-07 3.21287e-05 7.73164e-06 0.000193397 0.000273448 0.000269241 -1.03205e-06 -0.00108106 -0.000802093 -0.000367029 -2.16069e-05 -1.95907e-05 -0.000192903 -4.01446e-07 1.34974e-05 5.95421e-05 0.000377314 -0.000685776 -4.52221e-05 1.48936e-05 0.000202156 7.91338e-06 0.00047497 5.38052e-06 0.000416375 0.000202814 -3.58014e-05 3.29332e-06 -0.00140872 -0.000177766 0.000184458 -5.38364e-07 8.14535e-10 0.000151363 -0.000283043 1.37762e-05 0.000192726 4.08517e-05 0.000361668 8.13094e-06 0.000494298 -1.55789e-05 6.94084e-05 -8.64737e-06 0.000658075 -0.000326949 0.000269155 -1.43944e-05 -2.28605e-07 -2.88548e-06 -9.83943e-08 0.000328747 -0.000365943 -0.000729833 
-0.000349735 0.00185966 -0.00286083 0.00643034 0.0145285 -0.000206262 -0.0218165 -0.00178699 0.0046165 -0.000181471 0.00127057 -0.00208452 0.00698028 0.000437783 0.0401361 -0.00884598 -0.00035977 0.00363283 -0.0036446 -0.00036961 0.00320637 -0.00556901 -0.000585693 -0.00759421 -4.11866e-05 0.00147697 0.00603593 -0.0143489 -7.09411e-06 0.00158915 -9.94075e-05 0.00567339 -0.000384446 -0.0106365 -0.000676447 -0.000247318 -3.5467e-06 -0.000666609 -0.00144552 0.00135673 0.00299788 -0.00056639 0.0173405 0.00571371 -0.00190916 -0.000281808 2.04359e-06 6.90615e-05 -0.000873179 -0.00182507 0.000961989 -0.00175481 -1.28303e-05 -0.000437953 0.00250667 -0.00807858 -0.00236374 -3.09618e-06 -0.00480021 -4.97689e-07 -6.3594e-06 -0.00163786 -0.000304211 0.002275 0.00595642 -0.000573822 -0.000290071 0.000557992 0.0012205 0.00446237 -0.000244504 -0.000356768 -0.000619258 -9.31305e-05 -0.0064449 0.0066364 -0.00141148 -1.57195e-06 1.63439e-07 -1.64318e-05 -0.00696859 1.62645e-05 -0.00110453 0.0138919 0.00112608 -4.73462e-05 5.32054e-05 -0.000281368 -9.99506e-06 -0.000566871 5.79245e-05 -0.00555935 0.000611756 -0.000289023 -4.17284e-06 -3.97592e-05 -5.5312e-06 -5.18702e-05 -0.0127272 -0.0183135 
-0.0262828 -0.0535805 0.0490344 -0.00657899 -0.0789329 0.0017353 -0.0909787 -0.00872055 -0.0294574 0.00310162 -0.0023001 -0.0109324 -0.0203149 0.000253787 -0.00884598 0.171731 -0.00173403 -0.0685697 -0.0178101 -0.0010603 0.0189252 -0.0326353 -0.00244767 0.136197 -1.36598e-05 0.0529623 -0.0809218 0.0124773 -3.1025e-05 -0.00199251 -0.000381932 -0.0978803 0.00546756 0.0661587 0.00588556 -0.00149145 6.45664e-05 -0.00910413 0.00556293 -0.00158218 -0.000925503 -0.0391186 0.0586368 -0.0207537 -0.0303056 -0.00173578 -7.2418e-05 0.000103002 0.0103584 -0.010057 0.00648224 -0.00949143 0.000167825 0.0531412 0.0139847 0.123592 -0.0109325 -0.00201335 -0.0507288 -6.48797e-05 2.68793e-05 -0.00831381 -0.000438007 -0.000368051 -0.0048384 -0.000983188 -0.0014347 0.00680801 -0.0411643 -0.00109693 0.00370342 -0.000673076 -0.00354179 -0.000473431 0.012387 -0.0960546 -0.0242828 2.25122e-05 -2.64416e-07 0.000754858 0.128066 -2.99682e-05 0.0190968 -0.0245161 0.0744779 0.000380699 -2.68511e-05 -0.000894144 -0.000402651 0.00836505 0.00117342 0.021567 -0.000692228 -0.00132569 -1.90456e-05 -0.000243723 -2.29996e-05 0.00014126 -0.119489 0.0891128 
-0.00149309 -0.00731863 -0.00083048 -0.000379783 -0.00393695 -9.36646e-05 -0.0070754 -0.00050368 -0.00152385 -5.06406e-05 0.004544 -0.000502255 -0.00128365 4.95075e-05 -0.00035977 -0.00173403 0.0119025 -0.00332404 -9.60928e-05 0.00331814 0.00043594 -0.00396905 -0.000198671 -0.00140031 -8.13561e-06 -0.00252425 -0.00176638 -0.00546696 1.49623e-05 -0.000119896 0.00546279 -0.000944872 -9.79935e-05 -0.00396977 0.00966389 -6.88636e-05 3.04878e-06 -0.00073104 0.00996705 0.00997753 7.33646e-05 0.00106441 0.00425942 3.84667e-05 -0.00160689 0.00874342 -1.16604e-06 0.000164567 -0.000282144 -0.000473188 -0.000145704 -0.000369899 -6.54575e-06 -0.00264204 0.000614723 -0.0022758 -0.000730103 -0.000105713 -0.00170317 9.88677e-05 4.4098e-05 0.00157372 0.00669947 0.00380321 -8.72111e-05 -4.24082e-05 0.00486706 -7.80819e-05 -0.00219993 -8.2058e-05 0.000177624 -7.23985e-05 -0.000211 0.000312122 -0.00393953 -0.006523 -0.000890857 -2.61023e-06 5.05062e-07 4.39641e-06 -0.00187973 -2.76463e-07 0.00127635 -0.00148427 6.35148e-05 -9.64574e-06 -1.22955e-05 -6.92764e-05 0.000212867 -0.000158646 0.00130693 0.00201998 -2.94251e-05 -8.23179e-05 7.50854e-05 -5.99929e-06 1.52046e-06 7.6412e-05 -0.00688655 -0.00604934 
-0.0076208 0.0272925 -0.0211233 0.0130671 0.0446148 -0.000869665 0.0807404 0.00968262 0.0223158 -0.00163565 6.73126e-06 -0.0107327 0.015968 -0.0002466 0.00363283 -0.0685697 -0.00332404 0.218854 -0.0265306 -0.0026088 0.03561 0.0804368 0.00852342 -0.0572755 -0.00028933 -0.0317376 -0.0477615 0.0806848 -5.38353e-05 0.000478989 -0.00177296 0.0552226 -0.00288449 -0.0523175 0.000874726 -0.00245738 -2.75154e-05 -0.0143411 -0.012529 -0.00767169 -0.00024993 0.0351927 0.0112053 0.0219842 -0.0563926 -0.00216048 0.00017081 -0.00011179 -0.00538674 -0.0140173 -0.00268351 -0.0134205 -0.000104871 -0.0300357 0.0353092 -0.0578596 -0.00359491 -0.00378711 0.0812882 -9.8448e-05 -5.02627e-05 -0.0116387 -0.00169283 -0.108223 0.00678164 -0.00261831 -0.00174579 -0.00311941 0.00915046 0.00041176 -0.00253839 0.00120049 -0.00395542 -0.000710904 -0.0129099 -0.00455379 0.0124749 -6.27348e-05 -3.35358e-07 -0.00018029 -0.0542348 -1.24584e-05 -0.00812991 -0.00828517 -0.00895199 -0.000137444 -9.70251e-05 0.00224673 0.000568534 -0.00414566 -0.000365546 -0.0434508 0.00163116 -0.0022222 -1.79695e-05 -7.81071e-05 2.26512e-05 -0.00036578 0.087932 -0.156796 
0.0413032 0.00805857 -0.00410029 0.000340097 -0.00417351 -0.000698003 0.021663 -0.00311095 -8.89982e-06 0.000565532 0.000612158 0.0301216 -0.00425963 0.000575674 -0.0036446 -0.0178101 -9.60928e-05 -0.0265306 0.0822027 0.000273769 -0.0668936 -0.0328621 0.000228061 -0.0160563 0.000833016 -0.0162887 0.0239153 0.0087117 4.5323e-06 -0.00088044 -0.000397059 -0.0270462 -0.000708538 -0.0358841 -0.0109469 0.00152548 2.55712e-05 0.00611615 -0.00220513 -0.0012068 -6.85218e-05 0.0354268 -0.0463596 -0.00180133 -0.0283624 -0.000134195 -2.95093e-05 -3.50624e-05 0.0030676 0.03721 -0.000630911 0.020964 -1.71031e-05 -0.0612535 -0.0596704 -0.0153628 -0.0016537 0.00184238 0.0207379 0.000129708 -1.2089e-05 0.0305192 0.000123107 -0.0200116 -0.0026965 -0.000979555 -0.000576769 -0.000977479 0.0600746 -0.00074986 -0.000317698 -0.00068212 0.00588903 0.00175515 -0.00495164 0.0320939 0.0339802 -1.91504e-05 8.42931e-07 -8.7362e-05 -0.0129487 8.24997e-05 -0.00243565 0.0229906 -0.0161615 0.000157833 0.000669073 0.00038409 -0.000100045 -7.48169e-05 0.000131053 -0.0063706 3.65942e-05 0.00586947 3.77426e-05 -2.40689e-07 -1.06736e-05 0.000711985 0.0330915 -0.0137013 
-0.00109431 -0.00480883 -6.15078e-05 -0.000278447 -0.00299018 -6.41474e-05 -0.00445217 -0.000303531 -0.00112622 -3.44198e-05 0.000804129 -0.000355832 -0.000954912 -6.59144e-06 -0.00036961 -0.0010603 0.00331814 -0.0026088 0.000273769 0.00882988 0.000178702 -0.00349092 -0.00017519 -0.00157665 9.96405e-06 -0.0011436 0.000406953 -0.0048862 -1.89887e-06 0.000596508 0.00112777 0.000740511 0.000454845 -0.000218796 0.00285568 -6.86385e-05 4.76833e-06 0.0012655 0.00345504 0.00387981 -2.88508e-05 -0.0015362 0.000559922 -0.000785778 0.00207313 0.00342182 -2.00595e-06 -2.56023e-07 -0.000185259 -0.00034927 -0.000116666 -1.34908e-05 -3.49061e-06 0.000335737 -0.000729717 -0.000428765 8.41161e-05 -7.59717e-05 -0.00198512 0.000146843 5.35428e-07 0.00291536 0.00258616 0.00530182 -0.000137103 0.00011317 0.000944611 5.13854e-05 -0.0016331 -1.24218e-05 0.000274919 6.23132e-05 -0.000157289 0.000319224 -0.000697886 -0.0027941 -0.000904202 -2.70922e-06 1.43295e-07 -9.71495e-07 -0.00106525 -1.3063e-06 0.000153136 -0.000995941 0.000750847 1.7783e-05 1.92692e-05 -5.73654e-05 0.000218874 4.2821e-05 -1.16333e-05 0.00243007 -4.36888e-05 -5.74509e-05 7.55837e-05 -1.1667e-05 -1.39794e-06 -1.35929e-05 -0.0039242 -0.000205753 
-0.0523209 -0.0105186 0.00513176 0.00263917 -0.00250474 -0.000217714 -0.0280901 -0.000477518 0.00168775 -0.000754196 -0.000744744 -0.0360716 -0.00503745 -0.000901003 0.00320637 0.0189252 0.00043594 0.03561 -0.0668936 0.000178702 0.101801 0.0287621 -0.000571432 0.0174142 -0.00067561 0.0118115 -0.0295812 -0.0147063 -0.000106217 0.000558376 0.000399245 0.0335702 0.000830629 0.0448977 0.0123898 -0.0058514 -3.64784e-05 -0.0097965 0.00311329 0.00177073 -0.00103707 -0.0288794 0.0496481 -0.00229033 0.035809 0.000366181 2.90867e-05 2.05981e-05 -0.00310972 -0.0390582 -0.00114823 -0.0300273 -6.95328e-05 0.0685969 0.0739435 0.0180352 -0.0034284 -0.00860806 -0.0219144 -0.0001084 5.7614e-06 -0.0295857 0.000269288 0.0278073 -8.36345e-05 0.000541817 0.00045316 0.00035437 -0.0623798 0.000769344 1.5313e-05 0.000782347 -0.0133031 -0.00185778 0.0125002 -0.0382983 -0.0384015 -0.000128253 -1.40489e-06 8.17567e-05 0.0137301 -9.34467e-05 0.00286388 -0.0311246 0.0228507 -0.000334421 -0.000760215 -0.000932217 5.21834e-05 0.000505817 -0.00017324 0.0056171 -0.000123049 -0.00609071 -3.01717e-05 -9.78744e-05 -2.41267e-05 -0.000978367 -0.038102 0.0076577 
-0.0445242 0.0147502 -0.0153814 -0.012486 0.0845293 0.000972096 0.044858 0.0189154 -0.0515704 -0.00127777 -0.00458328 -0.0117545 0.0348978 -0.000721321 -0.00556901 -0.0326353 -0.00396905 0.0804368 -0.0328621 -0.00349092 0.0287621 0.242934 0.00201146 -0.0298422 -0.000208366 -0.0890801 0.0159196 0.0260378 -9.68852e-05 0.000937836 -0.0026532 0.0875633 -0.0036009 0.0203713 0.0193075 -0.00321991 -2.75689e-05 -0.0150845 -0.0123736 -0.00871586 -0.000571429 -0.0508474 0.0263368 -0.0385122 -0.010757 -0.00357878 2.86897e-05 -9.78615e-05 -0.0102803 -0.01655 -0.00464164 2.0531e-05 -0.000204397 0.0571394 0.0212302 -0.0364639 0.00807125 -0.00382775 0.0320481 -8.27638e-05 -5.70182e-05 -0.0136451 -0.00337543 -0.0503654 -0.00964293 0.0011354 -0.0031121 -0.00407821 -0.0609027 -0.00272216 -0.00325173 0.00236765 0.000282046 -0.000724441 0.0520645 -0.0735669 0.00387132 7.57798e-05 -9.61152e-07 -4.87557e-05 -0.0252358 -2.36665e-06 -0.00388961 -0.00637434 -0.0557915 -0.000424484 -0.000559337 0.000188887 0.000220135 0.00339072 -0.00122837 -0.0588312 0.00127418 -0.0028591 -3.85142e-05 -0.000459286 -1.89585e-05 -0.00034688 0.0635192 -0.0527721 
0.000964171 0.000930709 -0.00124177 0.000224981 0.00240847 0.000151177 0.00181796 -0.000806934 -0.000329288 -1.14482e-05 8.73071e-05 0.00132117 0.000812441 0.000360726 -0.000585693 -0.00244767 -0.000198671 0.00852342 0.000228061 -0.00017519 -0.000571432 0.00201146 0.0203144 -0.0021912 9.92336e-05 -0.00366549 -0.00110747 -0.000438095 2.76947e-07 0.000836444 -0.000108393 -0.00217593 -0.000169613 -0.000633794 1.47559e-05 -0.000145462 3.38963e-05 0.000633263 -0.000764925 -0.000459178 -8.46115e-05 0.0058419 0.00327337 0.000278444 -0.00341875 -0.000202317 -1.06835e-06 -1.43078e-06 -0.000444005 0.00129324 0.000358642 -0.000566968 -7.12443e-06 -0.00616964 -0.000429752 -0.00339965 -0.00121524 -0.00020723 0.00138241 -6.64916e-06 1.19216e-06 -0.000812632 0.000249797 -0.00665318 -0.000107309 -0.00012571 -0.000152998 -0.000155692 -0.00244926 -9.10793e-05 -3.38011e-05 0.00109964 0.000979428 -4.09253e-05 -0.000485461 -0.00188645 0.00412168 -6.0416e-06 -5.44204e-08 0.000446111 -0.00249876 -2.63833e-06 -0.000542559 -0.00169098 -0.000681139 -1.1848e-05 0.000284849 7.35992e-05 -2.19477e-05 -0.000178176 0.000719725 -0.0035801 0.00019936 -0.000100394 -2.12585e-06 4.86586e-05 -2.63245e-06 0.000264366 0.00439921 -0.010394 
-0.0229446 -0.045535 0.0455733 -0.0056115 -0.0732107 0.00222366 -0.0868947 -0.00788394 -0.0277223 0.00321839 -0.000481757 -0.00894201 -0.017279 0.000362055 -0.00759421 0.136197 -0.00140031 -0.0572755 -0.0160563 -0.00157665 0.0174142 -0.0298422 -0.0021912 0.151159 -5.73957e-05 0.0420419 -0.0796772 0.0219751 0.000152965 -0.002104 -0.000217347 -0.0898464 0.00393987 0.050462 0.0108774 -0.00122823 5.84524e-05 -0.0112174 0.010217 -0.000391132 -0.000742358 -0.0324874 0.0651212 -0.0176267 -0.0475497 -0.00104415 -6.14996e-05 0.000163759 0.01088 -0.00809125 0.00696283 -0.0068668 -7.41961e-05 0.0454542 0.0134427 0.110877 -0.0115352 -0.00217159 -0.0416135 -5.06449e-05 1.56819e-05 -0.00705083 -0.000942336 -0.0110475 -0.00405456 0.000464441 0.00153736 0.00346492 -0.0352154 -0.00151613 0.000610142 -0.000498891 -0.00327173 -0.000314383 0.0106701 -0.0952674 -0.0201213 6.25128e-06 -4.03583e-07 0.000661427 0.120619 -2.7188e-05 0.0196913 -0.0222924 0.0700774 8.45155e-05 -0.000116252 -7.21257e-05 -0.000338826 0.00635696 0.000506409 0.0180381 -0.000759363 -0.00126016 -1.67007e-05 -0.000209899 -2.46249e-05 -8.08472e-05 -0.10559 0.0756071 
3.46862e-05 -8.8019e-05 0.000499686 -2.85773e-05 -0.000331568 -5.30461e-06 0.00023683 -3.447e-05 -4.73649e-05 0.000347372 4.15575e-05 6.47489e-05 -0.000101522 1.38081e-06 -4.11866e-05 -1.36598e-05 -8.13561e-06 -0.00028933 0.000833016 9.96405e-06 -0.00067561 -0.000208366 9.92336e-05 -5.73957e-05 0.00101319 -4.37815e-05 -0.000139528 0.000280958 -1.59343e-07 -4.24327e-06 -4.50502e-06 -0.000523895 4.34958e-05 -0.00035359 -9.23049e-05 5.40928e-05 1.65391e-05 3.35092e-05 -2.7849e-06 -2.32082e-05 -4.22035e-06 4.85716e-05 -0.000525203 -1.25813e-05 -0.000311438 -7.06801e-06 2.63877e-07 4.88081e-07 0.000197151 9.65975e-05 7.32688e-05 -4.45524e-05 1.4469e-05 -0.000679548 -0.000799919 0.000427656 0.000341119 3.44818e-05 -0.000149753 6.11108e-06 -7.93815e-08 6.42332e-05 -3.91011e-06 -0.000250072 -3.01434e-05 -1.41206e-05 -6.50518e-06 -1.0686e-05 -5.1893e-05 -7.0819e-06 -6.71282e-06 -6.16194e-06 -1.21518e-05 5.14678e-06 -0.000203111 0.000216099 6.37626e-05 2.21159e-06 4.14006e-07 2.02762e-06 0.000419401 1.62129e-06 -2.64341e-05 -0.000117264 -2.43063e-05 2.7823e-06 -6.64683e-07 8.16164e-05 8.28823e-06 0.00041266 -2.93584e-06 -3.90562e-05 -3.69306e-06 3.06129e-05 2.53607e-06 -4.56718e-07 2.07585e-06 2.6148e-06 0.000220492 8.11966e-05 
0.00937418 -0.0170126 0.0205399 0.00424926 -0.0851303 0.000157137 -0.00540403 -0.00861557 0.0478302 0.00143601 -0.00301189 -0.0113898 -0.0256739 -0.000119708 0.00147697 0.0529623 -0.00252425 -0.0317376 -0.0162887 -0.0011436 0.0118115 -0.0890801 -0.00366549 0.0420419 -4.37815e-05 0.17699 -0.0625317 0.0198983 -5.80054e-05 -0.00273587 -0.00140618 -0.0840761 0.000941108 0.00226914 -0.0311375 0.00458373 -4.43458e-06 -0.0153036 -0.00842447 -0.00597197 -0.000748508 0.00821574 -0.0204354 0.042991 -0.00799915 -0.00262757 5.13629e-05 -5.93727e-05 -0.000207133 -0.0105344 0.00617856 -0.0102638 0.000374279 -0.013933 0.0208831 0.0618388 -0.00852633 0.00529167 -0.0417886 -7.75013e-05 1.53924e-05 -0.00879872 -0.00156736 -0.00528697 0.0173319 -0.00228557 -0.00178748 0.00734348 0.0210097 0.00545528 0.00436477 -0.00197087 -0.00404387 -0.000504989 -0.0501055 -0.00506548 -0.0248489 -4.66757e-05 7.71656e-08 4.64898e-05 0.0478736 -3.15036e-05 0.00358619 -0.0237705 0.0630435 -6.27379e-05 -0.00019668 0.0007169 2.54551e-05 -0.00282608 -3.13635e-05 0.0610157 -0.00114457 -0.00150495 -8.77218e-06 0.000174827 3.56713e-05 -0.000285374 -0.0676567 0.0590982 
-0.00921714 0.0261948 -0.0287681 -0.0132663 0.117914 -0.00285528 -0.0108894 -0.00387354 -0.0494728 -0.00181286 -0.00156083 0.0240525 -0.0218181 -0.000183983 0.00603593 -0.0809218 -0.00176638 -0.0477615 0.0239153 0.000406953 -0.0295812 0.0159196 -0.00110747 -0.0796772 -0.000139528 -0.0625317 0.246249 -0.119243 -9.39274e-05 0.00542149 -0.00260264 0.0807629 -0.00283353 0.0201246 -0.0193388 -0.00346826 -3.34655e-05 0.0305393 -0.00421373 -0.00205686 0.00179118 -0.0357134 -0.0138755 -0.0416264 0.109153 -0.00322481 -0.000127848 -0.000171134 -0.00644809 0.0245326 -0.00628581 0.00548115 -0.000195273 0.0369432 -0.0392321 -0.0749485 0.0100538 -0.0039756 -0.0212364 5.99108e-05 -7.23685e-05 0.0126436 -0.00281445 0.104258 -0.0113733 0.00169801 -0.00307083 -0.00379557 -0.0224483 -0.00219717 -0.00291561 0.0032348 0.00524133 0.000962115 0.053982 0.0527791 0.0395821 6.56688e-05 -4.91002e-07 -0.000427955 -0.0734845 5.55248e-05 -0.0118015 -0.00257113 -0.0888279 -0.000351801 -0.000326059 -0.00237734 -0.000705878 -0.00558069 -0.00132469 -0.00911688 0.00215214 0.00370946 -3.48822e-05 -0.000553702 -5.67461e-05 -3.13339e-05 0.0260644 0.002432 
0.0272793 0.0276616 0.0209125 0.00714134 -0.0402961 -0.0031495 0.0911739 0.00792589 0.0292927 0.00114739 -0.00558007 0.0103135 0.00474277 -0.00045527 -0.0143489 0.0124773 -0.00546696 0.0806848 0.0087117 -0.0048862 -0.0147063 0.0260378 -0.000438095 0.0219751 0.000280958 0.0198983 -0.119243 0.244636 -0.000136436 -0.00625618 -0.0028569 -0.0672563 -0.00312044 -0.0781107 -0.033674 0.0033196 -1.72432e-05 -0.029155 -0.0195912 -0.012659 -0.00106602 0.0487971 -0.0161844 0.0299342 -0.139784 -0.00397386 6.23702e-05 -0.000124399 0.00124885 0.00352792 -1.83274e-05 -0.00422518 1.21304e-05 -0.0599895 -0.00463163 0.0304332 0.00259841 0.00389848 0.0751773 -0.000183346 -7.72344e-05 -0.00148221 -0.00427535 -0.170805 0.00313494 -0.00808548 -0.00262962 -0.00342215 0.0472925 -0.00354926 -0.00394819 -0.00451064 -0.00553193 -0.000492294 -0.0347411 -0.00719222 0.0166208 0.000102444 -1.13379e-06 -3.48714e-05 0.0358013 -4.23966e-05 -0.00945062 0.00944206 0.0272544 2.9168e-05 -0.000714549 0.00202808 -0.000752147 0.00473725 -0.00116786 -0.0319642 -0.00297013 -0.0032439 -4.99234e-05 0.000487599 4.12523e-05 -0.000623957 0.0694704 -0.0644024 
-2.93548e-05 -0.000198115 -8.19981e-06 -7.96518e-06 -9.88809e-05 9.61909e-07 -0.000155026 5.77687e-05 -1.78059e-05 3.96293e-06 0.000228183 -1.23434e-05 -2.60213e-05 0.000168724 -7.09411e-06 -3.1025e-05 1.49623e-05 -5.38353e-05 4.5323e-06 -1.89887e-06 -0.000106217 -9.68852e-05 2.76947e-07 0.000152965 -1.59343e-07 -5.80054e-05 -9.39274e-05 -0.000136436 0.000252356 -3.04784e-06 0.000147128 -9.81018e-05 -1.8006e-06 -9.31947e-05 0.000203639 -2.0227e-06 -2.67742e-08 -1.15842e-05 0.000216439 -3.80822e-06 8.70887e-06 6.2482e-05 5.14774e-05 1.27512e-06 -8.81061e-05 5.64177e-05 -8.36545e-08 1.50844e-07 1.0434e-05 1.73609e-05 -3.61372e-06 0.000113775 -1.37146e-07 -0.000166964 -0.000167165 -1.95224e-05 -1.57216e-05 -2.88479e-06 -5.09365e-05 2.15164e-08 8.31784e-06 -9.95275e-06 5.38677e-05 6.06781e-06 -8.26223e-06 1.62186e-06 0.000213214 6.08336e-06 -4.49162e-05 -2.10269e-06 0.000126744 5.54375e-06 -1.83622e-06 -1.3828e-07 -0.000150125 -0.000139925 -2.57879e-05 -7.67584e-08 -6.62182e-10 2.17315e-06 -3.31296e-05 -3.70107e-08 0.00014272 -2.73592e-05 1.70754e-05 1.06627e-05 6.21827e-05 -1.8733e-06 -3.6321e-07 7.51808e-06 1.00531e-06 -4.01664e-05 6.50261e-05 -1.39977e-06 -2.58672e-08 7.62309e-07 7.48315e-07 0.000107798 -0.000146615 -0.000111122 
-0.00100938 -0.00315363 -0.000818628 -0.00026496 0.00361355 0.000271651 -0.00461884 -0.000339014 -0.00173143 7.17603e-06 -6.98096e-05 0.00019669 -0.000183219 -2.20086e-05 0.00158915 -0.00199251 -0.000119896 0.000478989 -0.00088044 0.000596508 0.000558376 0.000937836 0.000836444 -0.002104 -4.24327e-06 -0.00273587 0.00542149 -0.00625618 -3.04784e-06 0.0120189 -3.39831e-05 0.000273653 0.00052825 0.00554001 -0.00122192 -8.30562e-05 6.42612e-06 0.00645948 -0.000459867 -0.000203329 -3.22985e-05 -0.00189163 0.00356694 -0.0011109 0.00410947 -0.000135283 -3.44891e-06 3.24858e-06 -0.000176415 -3.47051e-05 -0.00011662 -0.000464026 -5.95724e-06 0.00206701 0.000456464 -0.00214339 -0.00074579 -0.000144459 -0.00094473 9.5971e-05 2.6471e-07 -0.000283371 -5.13473e-05 -0.000873397 -0.000393122 4.98562e-05 -9.61625e-05 -7.35816e-05 -0.00205588 -1.33284e-05 -5.43708e-05 0.00229903 0.000495651 -2.36604e-05 0.0016198 -0.00384424 0.00162545 9.66828e-07 2.78082e-07 2.20889e-05 -0.00196896 3.29605e-06 -0.000303091 -0.000142883 -0.000388647 -5.33152e-06 1.84415e-07 -7.93884e-05 -1.22873e-05 -0.000151075 -3.49188e-05 -0.00204494 0.00056538 7.74634e-05 -1.17349e-06 1.36343e-05 -1.41258e-06 -1.23134e-05 -0.00364039 -0.00359883 
-0.000794175 -0.0048641 -0.000342847 -0.00017019 -0.00252749 -4.14453e-05 -0.00398623 -0.000229085 -0.000621457 3.40379e-05 0.00496574 -0.000305102 -0.000715442 0.000299582 -9.94075e-05 -0.000381932 0.00546279 -0.00177296 -0.000397059 0.00112777 0.000399245 -0.0026532 -0.000108393 -0.000217347 -4.50502e-06 -0.00140618 -0.00260264 -0.0028569 0.000147128 -3.39831e-05 0.00637268 -0.00291362 -5.82875e-05 -0.00255179 0.00529652 -5.13953e-05 -6.20314e-07 -0.000411401 0.00581306 0.00454948 -1.42074e-05 0.00226794 0.00274036 0.000581019 -0.00229008 0.00562218 -1.75894e-06 0.000226926 -0.00015496 -0.000281239 6.28111e-05 -0.000210173 -3.46478e-06 -0.00328516 0.00028801 -0.00105006 -0.00039898 -6.29564e-05 -0.000939594 1.14803e-05 6.05688e-05 -0.000139155 0.00468851 0.000927969 -9.83977e-05 -8.6615e-05 0.00413748 4.44514e-06 -0.00118184 -2.73878e-05 0.000416428 -4.98862e-05 -0.000113399 5.02298e-05 -0.0042527 -0.00364048 -0.000669286 -8.40378e-07 3.53174e-07 6.54212e-06 -0.00092249 -5.87082e-07 0.00166716 -0.000800603 0.00133145 5.02657e-06 5.22591e-05 -3.99526e-05 4.24065e-05 -3.61394e-05 0.00146586 -0.000289792 -3.70534e-06 -4.43756e-05 1.85194e-05 1.04889e-05 3.36416e-06 0.000115967 -0.0036904 -0.00337393 
-0.0296393 0.0386007 -0.0403828 -0.0173385 0.091224 -0.00073699 0.0271064 0.0121418 -0.0381623 -0.00320638 -0.00161472 -0.0319032 0.0334528 -0.000433788 0.00567339 -0.0978803 -0.000944872 0.0552226 -0.0270462 0.000740511 0.0335702 0.0875633 -0.00217593 -0.0898464 -0.000523895 -0.0840761 0.0807629 -0.0672563 -9.81018e-05 0.000273653 -0.00291362 0.225725 -0.00490978 -0.00274999 0.0290256 -0.005017 -5.09213e-05 0.00380133 0.00769751 0.00516035 0.00138197 -0.0552202 -0.00164551 -0.0416211 0.0874287 -0.00100762 2.31494e-05 -0.000240184 -0.0135611 -0.0299489 -0.00842047 0.00381733 -0.000336225 0.0647325 0.0288832 -0.100703 0.0133658 -0.00600566 0.00508553 4.88028e-05 -7.98873e-05 -0.00437345 -0.00201002 0.0748651 -0.0145103 0.00429242 -0.00137047 -0.00618213 -0.0549786 -0.00266397 -0.00374508 0.0013736 -0.00622627 -0.00112415 0.0521862 0.0390568 -0.0278324 -2.70473e-05 -5.03731e-07 -0.000611348 -0.101443 -2.37698e-05 -0.0161597 0.0195604 -0.10435 -0.000573591 -6.99247e-05 -0.000903436 0.000610306 -0.00803721 -0.00139437 0.00738885 0.00156147 -0.0044514 2.34185e-05 -0.000610763 -1.76198e-05 -0.000147432 0.053344 -0.0252372 
-0.00114081 -0.00668269 0.00353292 -0.00015325 -0.00336265 0.000144709 -0.0044084 -0.000348236 -0.00127956 8.11841e-05 -0.000139056 -0.000460195 -0.000992242 -1.92109e-05 -0.000384446 0.00546756 -9.79935e-05 -0.00288449 -0.000708538 0.000454845 0.000830629 -0.0036009 -0.000169613 0.00393987 4.34958e-05 0.000941108 -0.00283353 -0.00312044 -1.8006e-06 0.00052825 -5.82875e-05 -0.00490978 0.00913481 0.00416896 -0.000697988 -4.67337e-05 6.87214e-08 8.62031e-05 -0.000265052 -0.000126144 -3.78237e-05 -0.00173957 -0.00286724 -0.000863431 0.00140221 -9.96134e-05 -3.05554e-06 -3.12698e-06 0.00354254 -0.000423633 0.000135304 -0.000411026 1.27007e-05 0.00139985 0.000262741 0.00570243 -0.000331011 -0.000101853 -0.00216066 3.8213e-05 2.8069e-06 -0.000250578 3.11181e-05 0.00467624 -0.000271703 -9.10895e-05 -6.79056e-05 0.000404049 -0.00174465 -4.1532e-05 4.80965e-05 0.000227311 -0.000160553 -2.02433e-05 0.0010676 -0.00454453 -0.00103869 1.04663e-05 -2.41866e-08 -8.8621e-06 0.00518909 1.42149e-06 -0.000123885 -0.0011387 0.0045391 0.000172106 -1.72718e-05 -5.07102e-05 -4.9466e-06 0.000425582 -2.75741e-05 5.06617e-05 -3.55007e-05 -6.12863e-05 -1.21482e-07 -1.13809e-05 -1.52256e-06 1.99629e-05 -0.00507279 0.00400394 
