0.00172176 0.000335813 -0.000101981 -1.46861e-05 -0.000871453 2.78486e-06 -0.000535821 -0.000150599 -0.000411619 0.000615823 -0.00066262 -6.41891e-06 -0.00091339 7.64485e-06 1.85157e-06 -0.000476702 -4.67964e-05 -1.40958e-06 0.000785634 0.000802596 -0.000609055 -1.74395e-05 0.000415625 -0.000220036 -7.09401e-05 -0.000377963 -0.000365992 -6.85473e-05 -0.000913891 0.000338111 -0.000112613 8.71964e-06 0.000315571 -0.000205869 -2.04104e-06 0.00131948 -0.000523125 -0.000248366 -0.000221788 -0.000539263 -0.000179476 -3.29751e-06 -6.90955e-05 -6.14721e-05 -2.11728e-05 -3.06531e-06 -6.71229e-07 -6.15287e-07 -0.000597786 -0.000320184 -6.39904e-07 -7.20352e-06 -6.76171e-05 0.00111367 1.55229e-05 -7.86367e-05 -4.59296e-08 -0.000913307 -3.05139e-06 2.6762e-05 -3.62006e-07 8.33594e-07 -0.00131964 0.00128741 0.000142722 -0.000778558 -0.000394645 -3.78608e-06 -9.33277e-07 0.00147762 -2.9463e-08 -0.000250565 -0.000119679 -3.19104e-07 -1.60361e-07 -0.000115315 -2.78972e-05 -2.9297e-06 -1.95497e-06 1.05332e-06 0.00125692 5.22155e-05 -1.1692e-06 -0.00060289 7.00422e-05 2.59824e-05 7.17437e-07 -4.54564e-06 -6.58243e-07 3.30599e-06 -3.09468e-07 -0.000137259 3.98267e-05 0.000781887 -1.81639e-06 -1.53918e-06 0.000162165 0.000147208 -1.11715e-06 0.00150855 
0.000335813 0.00547776 4.38634e-05 -4.74222e-05 -0.0026305 0.000150833 -0.000103761 -0.000484335 -0.00140318 0.000891959 -0.00137944 1.69278e-05 -0.00246465 6.26206e-06 -1.3621e-07 -0.00110831 -0.000149198 -4.15995e-06 0.00228114 -0.000270891 -0.00178524 -5.47795e-05 7.30036e-05 0.000377652 0.00133229 -0.000296769 -0.00140369 -0.000203243 -0.00274007 0.000738784 0.000435422 -1.68423e-05 0.000753708 -0.000533551 -2.63184e-06 0.00213003 -0.0016597 -0.000736937 4.4119e-05 -0.00171057 0.000778579 -9.26806e-06 -0.00021996 -0.00185836 -7.13136e-05 1.08797e-06 8.31584e-07 0.000129252 -0.000875702 -0.000289838 5.30787e-05 -1.90067e-05 -0.00026681 0.00246864 0.000537685 -0.000263569 -1.16681e-07 -0.00247749 1.6307e-05 0.000410391 1.20389e-06 0.000314149 -0.00291219 0.00163116 0.00069618 -0.00240558 0.00053713 -1.07245e-05 0.000207772 0.00374317 -1.36674e-07 0.00149066 -0.000380621 -1.01909e-06 1.97829e-06 -0.00238432 -8.7986e-05 0.00014683 6.09707e-05 0.000330337 0.00354621 0.000474724 -3.71396e-06 -0.000634196 -2.04037e-06 -2.1474e-05 2.06452e-05 -1.23603e-05 -2.10217e-06 0.000386457 1.94835e-06 -0.000398647 4.69493e-05 0.00163953 1.3023e-05 0.000195973 0.000116476 -0.000408741 0.000147482 0.00197091 
-0.000101981 4.38634e-05 0.0603746 0.00411092 -0.0163732 -6.72848e-05 -0.0200891 0.000160315 0.00560577 -0.0191679 -0.0274977 0.000310253 -0.0177273 -4.78593e-05 0.000123513 -0.0192742 -0.000767629 0.000157227 0.028461 -0.00188138 0.0167501 -0.000634064 -8.08298e-05 0.0176108 -0.000350226 0.0249385 0.00440505 -0.00252453 -0.0305986 -0.0382335 0.00484681 0.000359624 -0.00653176 -0.00748047 2.8597e-05 -0.00511452 0.0363031 -0.00775946 0.0111513 -0.0103045 0.00125715 -0.00011005 0.0171412 -0.029913 -0.000509599 -0.00030124 -3.56476e-05 -0.000172074 -0.00314363 -0.00777115 0.000199024 0.00105946 0.00228893 -0.0156055 0.042763 -0.00130088 7.99463e-06 -0.0105749 -0.000137966 -7.53058e-05 -1.53299e-05 0.00638107 -0.0180158 0.0138654 0.0135316 -0.00947941 -0.00833791 -0.00014323 -5.79704e-05 -0.00233496 -5.64787e-07 -0.00891468 -0.00421758 3.82623e-05 6.79178e-05 -0.0178431 0.0148477 0.00205283 0.014987 7.36884e-05 -0.0111048 -0.000152532 -3.57652e-05 0.0151286 0.0137903 0.000262558 -1.60301e-05 0.00068738 0.000106065 0.00210048 -7.95042e-06 -0.00534243 -6.59997e-05 0.0174882 -4.92764e-05 7.18884e-05 0.000583616 -0.00302653 -2.94637e-05 -0.0050723 
-1.46861e-05 -4.74222e-05 0.00411092 0.00862104 -0.00459629 -5.37671e-06 -0.00155647 0.00318102 -0.000751162 -0.000477363 -0.00365559 -3.42768e-05 -0.00486737 -3.36041e-06 -1.36775e-05 -0.00308219 -0.000213749 0.000380509 0.00077257 0.000300434 0.00533173 -8.73724e-05 -9.73985e-06 -0.000812093 -0.000367127 0.00416688 0.000557528 -0.000346328 -0.00480486 -0.00539778 0.000201339 0.000204329 0.000289746 -0.00103411 2.36126e-06 -0.000988017 0.00594369 -0.00125946 -0.000977345 -0.00313815 -0.000739176 7.83392e-05 0.00655478 -0.00411794 9.47865e-05 0.000196772 -9.15806e-07 -2.54312e-05 0.00390641 -0.00165125 5.32235e-05 -1.47623e-05 -0.000427751 -0.00217349 0.00425418 -1.22701e-05 2.17051e-05 -0.00456905 -1.0176e-05 -1.028e-05 -9.2077e-07 8.50499e-05 -0.000232873 0.000385333 0.00325239 -0.00392143 0.00139231 -1.94224e-05 -1.01443e-05 -6.98267e-05 -2.15793e-07 -0.000964895 -0.00060491 2.6843e-06 -2.19122e-07 -0.00489588 0.0011774 0.0011736 -0.000238837 3.44074e-05 -0.00148506 -0.000240347 7.66117e-06 0.00529783 0.00484661 -3.35289e-05 -2.70217e-06 -2.26973e-05 -2.64575e-06 8.63668e-05 2.05289e-06 -0.000723864 -9.22708e-06 -0.000136873 0.000536034 2.29427e-05 -2.6364e-05 -0.000745559 -6.70754e-06 -0.000837936 
-0.000871453 -0.0026305 -0.0163732 -0.00459629 0.249161 -0.000399186 -0.0537163 -0.0436408 0.103744 -0.179768 0.158123 0.000556377 0.213222 -0.000437361 -0.000113139 0.115002 0.0111035 -0.0003591 -0.0410793 0.032283 -0.199356 -0.00493955 -0.000367167 0.0142811 0.00496308 -0.14361 0.00297484 0.0102891 0.217762 0.0319285 -0.0322237 0.000310798 -0.0771886 0.054244 2.19351e-05 -0.00348575 -0.0834513 0.0673763 0.0418028 0.146109 -0.047256 -0.000965462 -0.0228842 0.170124 0.00173291 -0.000225016 -0.000331623 0.00122437 -0.188172 0.0371778 -0.000339652 -0.00229585 0.0189646 -0.150468 -0.0231277 -0.0258611 -1.40864e-05 0.211656 -0.00162448 -0.00051082 -0.000139662 -0.0011439 0.00432061 -0.0353122 -0.191488 0.196951 -0.193303 0.000673904 -0.00055092 -0.0316533 8.08794e-06 -0.0825659 0.02563 -9.78674e-05 -0.00010007 0.208924 -0.00843118 -0.00253433 0.00902485 -0.00178776 -0.106186 -0.0152466 -7.79708e-05 -0.192365 -0.203251 -0.00197459 -1.978e-05 -0.000707464 -3.55636e-06 0.000677011 5.86544e-05 0.0370758 -0.000493787 0.00983445 -0.000985251 -0.000436389 -0.00160634 0.0210324 -0.000299285 -0.00490359 
2.78486e-06 0.000150833 -6.72848e-05 -5.37671e-06 -0.000399186 0.00106288 9.59439e-05 5.60159e-06 -0.000237372 -0.000156113 3.99023e-05 -3.88744e-06 -0.000453448 -1.26888e-06 2.62622e-05 -0.00023511 -6.72295e-06 2.2684e-06 8.49689e-05 5.03401e-05 -0.000169261 7.58761e-05 5.47194e-05 0.000468284 -3.2524e-05 0.000150399 0.000256749 -9.25556e-06 -0.000448325 -0.00036267 0.000113809 4.08401e-05 -0.000478422 -5.74939e-05 -5.77325e-07 -4.11565e-05 -0.000187902 -0.000151896 -0.000127949 -0.000308688 -7.35708e-05 0.000361432 0.000472369 -0.00044242 6.89044e-06 -1.94973e-06 9.96876e-06 0.000140434 -0.000124793 -8.25832e-05 8.46486e-05 0.000489364 0.000344832 -0.000116369 -1.53639e-05 0.000494273 8.49987e-08 -0.000423986 -2.39235e-06 4.19073e-05 -3.24156e-07 -6.62139e-06 -0.000732291 -0.000133674 -0.000243204 -0.000359416 -0.000168332 -2.26639e-06 -8.63764e-07 -5.08573e-05 -2.64017e-08 -0.000162258 -6.79823e-05 -1.9686e-07 4.16195e-07 -0.000508316 -1.61569e-05 8.50383e-05 2.04313e-05 0.000550965 0.000115985 0.00029768 1.02035e-07 0.000421322 -0.000130373 0.000431066 -3.03936e-07 -2.74094e-06 -3.69414e-07 8.43187e-05 2.21242e-06 -8.12343e-05 0.000382821 -0.000122799 1.5396e-05 6.47331e-06 -1.01405e-07 0.000137066 0.000268106 6.79608e-05 
-0.000535821 -0.000103761 -0.0200891 -0.00155647 -0.0537163 9.59439e-05 0.214789 -0.00739261 -0.0533997 0.0879389 -0.0311396 -0.000118648 -0.0662877 -0.000435665 -0.000389258 -0.0432311 -0.00668483 -0.000295819 -0.023458 -0.0456981 0.077279 -0.00298414 -0.000426045 -0.010257 -0.00447799 0.0472281 -0.0187938 -0.00021828 -0.0605672 0.0408606 0.0106391 -0.000958981 0.0302915 -0.0122213 -0.000329906 -0.0367152 0.00986962 -0.01518 -0.030453 -0.0382712 -0.030378 0.000275973 -0.00666733 -0.0612429 0.00290132 0.000193597 -0.00024697 -7.68951e-05 0.0877986 -0.0392305 -8.87775e-05 -0.000988512 -0.0123738 0.086932 -0.0196281 -0.012185 -8.268e-06 -0.0585391 -1.23706e-05 -0.000182284 1.05548e-05 -0.00272127 0.0307032 -0.0452015 0.0770499 -0.044732 0.0860077 -0.000654567 -0.000120789 -0.0154913 -4.11389e-06 0.0516026 -0.0209062 -5.43308e-05 -4.33928e-05 -0.0803106 -0.00504004 -0.00105769 -0.00866115 0.000196776 0.0533814 0.00109719 -0.000174516 0.0817672 0.0773608 -0.00108325 -4.29527e-05 -0.000245655 -0.000119207 -0.00232056 -1.41391e-05 0.000408205 -0.000139038 -0.0461632 -0.000404799 -0.000227792 -0.000996347 -0.0198851 -0.000290882 -0.0313376 
-0.000150599 -0.000484335 0.000160315 0.00318102 -0.0436408 5.60159e-06 -0.00739261 0.0802523 -0.0188201 0.0453484 -0.0336673 -0.000323346 -0.0454752 -0.000169927 -0.000138231 -0.0289654 -0.00204222 0.000234084 -0.0018998 -0.0135998 0.0511685 0.00769968 -0.000122949 -0.011607 -0.00382783 0.0386404 0.0429594 -0.00338596 -0.0453318 -0.0651452 0.0333432 -3.49345e-05 0.0111443 -0.00960249 0.00019824 -0.00915918 0.0581919 -0.0123187 0.00393009 -0.0303994 0.00512005 0.000571933 0.0120675 -0.0386243 0.00386557 -0.000111335 0.000108924 -0.000235004 0.0507503 -0.016078 0.000227573 0.000937366 -0.00438976 -0.0190598 -0.00306293 0.0394787 1.23667e-05 -0.0436474 0.00164745 -6.21743e-05 5.65031e-05 0.00015108 0.0189754 -0.0158686 0.0426709 -0.0381282 0.0498553 -0.000196008 -6.84965e-05 -0.00152115 -1.19346e-06 -0.0129845 -0.00602978 0.000163109 2.16217e-05 -0.0465709 -0.000981422 -9.99622e-05 -0.00251999 -0.000192138 -0.0172599 0.00274583 0.000326938 0.0526987 0.0397235 -0.000352848 -2.66614e-05 -9.79581e-05 -1.88535e-05 -0.000293765 2.0981e-05 -0.00681889 -7.4989e-05 -0.0203161 0.00105009 -2.74749e-05 -0.000281006 -0.00727578 -8.27768e-05 -0.00864014 
-0.000411619 -0.00140318 0.00560577 -0.000751162 0.103744 -0.000237372 -0.0533997 -0.0188201 0.191582 -0.0798206 0.00187842 -0.000656172 0.0836599 0.000476372 -0.000351202 0.00957078 0.0150523 0.000541515 -0.0203029 0.00852399 -0.0829399 -0.00224794 -0.000266796 -0.0300084 -0.00932578 0.00463055 0.0813701 -0.00711392 0.0805257 -0.0287936 -0.0179657 0.000569152 -0.0873602 0.000894589 0.000294345 -0.0357936 0.0115963 0.0534938 0.0635901 0.0848318 -0.0264648 -0.000156208 -0.00500801 0.0465799 0.00143257 -0.00115477 -0.000159779 0.000463192 -0.0803881 -0.0221254 -0.000164466 -0.000713167 0.0329801 -0.068159 -0.000304007 -0.00877955 1.23581e-05 0.105811 -0.000723379 -0.00029652 -7.33428e-05 0.00116855 0.049229 -0.0595894 -0.104526 0.126785 -0.0857521 0.00065716 -0.00019448 -0.0157443 9.74069e-06 -0.0402435 0.0227641 -4.52233e-05 -2.10792e-05 0.100143 -0.00410429 -7.45542e-06 0.0191141 -0.00081175 -0.0514666 -0.00695309 4.63403e-05 -0.0822196 -0.0911567 0.00100457 -3.71609e-05 -0.000326193 0.000272839 0.00159483 -5.50361e-06 0.000197186 -0.000267505 -0.0537786 -0.000381527 -0.000246977 -0.000741846 0.00336318 0.00025731 -0.0250556 
0.000615823 0.000891959 -0.0191679 -0.000477363 -0.179768 -0.000156113 0.0879389 0.0453484 -0.0798206 0.224557 -0.142409 -0.00117343 -0.189507 0.000151508 -0.000116682 -0.119975 -0.00952574 -0.000313869 0.00177875 -0.0464479 0.190967 0.00544504 5.78986e-05 -0.0435493 -0.0123446 0.141145 0.0164547 -0.013542 -0.187133 -0.0115515 0.0296548 -0.000918559 0.0633876 -0.040392 -0.000120356 -0.0323775 0.0771196 -0.0492472 -0.0298494 -0.123646 0.0265316 0.000191182 -0.00255773 -0.159004 -0.00135442 0.000585712 6.45516e-05 -0.00098958 0.197439 -0.0642444 -0.000179743 -0.00141651 -0.0171243 0.164814 -0.0203988 0.0279159 -8.33392e-06 -0.180781 0.00188702 6.39949e-05 0.000109918 -0.00315832 0.0431739 -0.0169908 0.171464 -0.156726 0.210153 -0.00076592 0.000165621 0.00958094 -8.44869e-06 0.0871104 -0.0236277 8.9047e-05 3.73681e-05 -0.188594 -0.00550366 -0.000990524 -0.00983725 0.000363213 0.109461 0.0149067 0.000111371 0.186567 0.189527 -0.00136668 -9.95581e-05 -0.000215211 -0.000127888 -0.00353747 -6.10475e-05 -0.0283309 -0.000289417 -0.0578255 0.000271531 -0.000241116 -0.000836555 -0.028901 -0.000349215 -0.0181258 
-0.00066262 -0.00137944 -0.0274977 -0.00365559 0.158123 3.99023e-05 -0.0311396 -0.0336673 0.00187842 -0.142409 0.244882 0.001342 0.16956 -0.000921178 9.39449e-05 0.153938 0.00519574 -0.000340221 -0.0322786 0.0297347 -0.16143 -0.00365342 -4.53772e-05 0.0298047 0.0177973 -0.199666 -0.0837238 0.0219783 0.177882 0.0609979 -0.0235 -0.00019457 -0.0186401 0.055863 -0.000487198 0.0285389 -0.127451 0.0463439 -0.0215492 0.0622928 -0.0207216 -0.000551221 -0.018414 0.176393 0.00151089 0.000375023 6.37026e-06 0.000694662 -0.149549 0.0775031 -0.000274609 -0.00141528 -0.00667286 -0.11872 -0.0269987 -0.0203388 -1.12965e-05 0.143672 -0.001286 -0.000186299 -1.83696e-05 -0.00410172 -0.0277681 0.00248475 -0.136622 0.120333 -0.152154 0.000403646 -0.000551961 -0.0116947 -5.50479e-06 -0.0658884 0.0331917 -7.78551e-05 -7.86748e-05 0.158566 -0.00671465 -0.00194759 -0.0109936 -0.000922498 -0.081894 -0.0124069 -0.000175069 -0.151915 -0.160119 -0.0013215 0.000111853 -0.000449771 -0.000163521 0.0017768 7.99519e-05 0.0408918 0.000387934 0.0432861 -0.00071628 -0.00028332 -0.00105167 0.0207946 -0.000244653 0.0209629 
-6.41891e-06 1.69278e-05 0.000310253 -3.42768e-05 0.000556377 -3.88744e-06 -0.000118648 -0.000323346 -0.000656172 -0.00117343 0.001342 0.00412201 0.00156091 -7.12258e-06 0.00028638 0.000838269 -0.000115162 -4.32878e-06 1.5877e-05 -0.00057714 -0.00142294 -8.26477e-06 2.04372e-06 -3.82834e-05 0.00172362 -0.00161613 -0.000567838 0.0004471 0.000922514 0.000288182 -0.000288557 -5.89089e-06 -0.00100724 0.000312849 2.00351e-05 -0.000461688 -0.00116121 0.000408829 -3.48649e-05 -0.000682931 0.000655399 -7.49428e-06 -0.000182724 0.000996345 -6.27549e-05 -1.07985e-05 -3.55077e-06 1.44446e-05 -0.00128413 0.000948879 -2.2103e-06 -1.59522e-05 -0.000133185 -0.00103995 0.000324926 -0.000124963 -1.10225e-07 0.00170934 -7.30138e-06 -2.90664e-08 1.54525e-06 -3.02699e-05 0.000424571 -0.000895227 -0.00140716 0.0016013 -0.000813892 4.59215e-07 3.55884e-05 -0.000158242 -1.02706e-07 -0.000580358 0.000608059 -7.65811e-07 1.64051e-06 0.000947793 -5.994e-05 -6.85295e-06 -6.72652e-05 -3.68732e-06 -0.000755339 -7.42394e-05 -2.28594e-06 -0.00135239 -0.00150137 -1.34188e-05 2.39406e-05 0.000315438 -1.53637e-06 0.000244462 3.08065e-06 0.000211892 -4.27826e-06 -0.000645147 -5.89295e-06 5.10608e-05 -8.4256e-06 -0.000332479 -4.14363e-06 -0.000378696 
-0.00091339 -0.00246465 -0.0177273 -0.00486737 0.213222 -0.000453448 -0.0662877 -0.0454752 0.0836599 -0.189507 0.16956 0.00156091 0.246345 -0.000736805 9.13572e-05 0.146922 0.0107718 -0.000402571 -0.0416143 0.0303775 -0.210274 -0.00495374 -0.000399418 0.0235053 0.0146669 -0.165555 -0.0133377 0.0174554 0.22381 0.0398738 -0.0356576 0.000210916 -0.0723721 0.0448974 2.81563e-05 0.024572 -0.0983732 0.0565773 0.0359209 0.137189 -0.0347474 -0.00108037 -0.0248299 0.184833 0.000614007 -0.0004046 -0.000382888 0.000909764 -0.199236 0.0775014 -0.000350436 -0.00240217 0.0135483 -0.159283 -0.0235185 -0.0273717 -1.49249e-05 0.216212 -0.00170321 -0.000568944 -0.000148928 -0.00190726 -0.00844129 -0.0133488 -0.193297 0.182172 -0.201023 0.000964345 -0.000523558 -0.023555 5.50325e-06 -0.0870993 0.0301936 -0.000103693 -0.000104125 0.214461 -0.0087685 -0.00262633 0.00610367 -0.00186835 -0.112291 -0.0162818 -0.000144894 -0.202779 -0.214423 -0.00209248 0.000104079 -0.000320393 -6.66509e-05 0.00296407 6.31509e-05 0.0338304 -0.000133127 0.0271076 -0.00100196 -7.02085e-05 -0.00171161 0.0211341 -0.000485807 0.00794325 
7.64485e-06 6.26206e-06 -4.78593e-05 -3.36041e-06 -0.000437361 -1.26888e-06 -0.000435665 -0.000169927 0.000476372 0.000151508 -0.000921178 -7.12258e-06 -0.000736805 0.00215903 3.51309e-07 -0.000762754 -5.46776e-05 2.67784e-06 0.00026899 0.000404766 0.000664912 -2.09235e-05 4.0155e-07 -0.000170471 0.000251767 0.000847955 0.000407395 -8.61655e-05 -0.000626397 0.000121182 -0.000158451 -4.17377e-06 0.000218597 -0.000161974 2.55979e-06 -0.000298569 0.000297209 -0.000237989 -0.000248453 7.46808e-05 0.000322809 2.56793e-06 3.55996e-05 -0.00088014 -2.26356e-05 4.92935e-05 1.01007e-06 -4.82872e-07 0.00048219 -0.000245943 1.53094e-06 -1.61538e-06 -6.18946e-05 0.000491136 0.000221625 -9.28854e-05 -5.76196e-08 -0.000257129 0.000128642 -2.30429e-06 1.68992e-06 -7.8967e-06 -0.000326076 0.000126389 -0.00027445 -0.000251515 0.000296577 -4.17026e-06 5.21128e-06 -7.44622e-05 -5.36889e-08 0.000321386 -0.000126187 -4.00322e-07 7.67556e-06 -0.000381533 -3.4431e-05 8.01688e-05 -2.76006e-05 2.52984e-05 0.000460406 0.000311878 1.32655e-06 -0.000517904 0.000178233 -2.79177e-06 -6.65627e-07 2.38041e-05 6.8422e-07 -1.46338e-05 -2.94901e-07 -0.000142516 2.49677e-05 -0.000478298 -2.53848e-06 9.02174e-06 -3.6677e-07 -5.63381e-05 4.76114e-05 -0.000141237 
1.85157e-06 -1.3621e-07 0.000123513 -1.36775e-05 -0.000113139 2.62622e-05 -0.000389258 -0.000138231 -0.000351202 -0.000116682 9.39449e-05 0.00028638 9.13572e-05 3.51309e-07 0.00157752 0.000279624 -4.65712e-06 -1.57159e-06 0.000183178 -0.000207143 -0.000170342 1.04531e-05 2.15135e-05 0.00044346 0.000190035 -0.000394727 -0.000376604 -2.49842e-05 -0.000148284 0.000184305 -5.61578e-05 -3.70532e-06 1.80107e-05 -1.34953e-05 -1.15923e-06 4.38519e-05 -0.00019886 -3.02201e-05 -5.46945e-05 -0.000403095 5.61152e-05 4.47625e-06 -6.36032e-05 1.67468e-05 -2.48121e-05 2.53853e-05 2.96949e-07 -2.02972e-06 -0.000198292 3.12611e-05 -9.33442e-07 1.963e-05 -7.20891e-05 9.92926e-05 0.00014061 -6.03347e-05 -4.20758e-08 0.000139551 -3.42405e-06 4.29991e-06 6.66904e-06 -8.91717e-06 -0.000635141 0.000354633 -9.53595e-05 -5.83075e-05 7.80372e-05 1.55834e-06 1.82842e-05 6.5792e-05 1.07946e-08 -0.000223887 6.03332e-05 -1.18995e-07 1.14026e-07 -0.00010822 -1.57964e-05 4.27522e-07 -4.04671e-05 1.86739e-05 -0.000179311 0.000315583 -4.21096e-07 -0.000183789 -0.000121796 2.58837e-06 2.25191e-05 1.80191e-05 3.46988e-07 3.79592e-05 1.74832e-05 -8.24772e-05 8.81362e-06 0.000266498 -1.81427e-06 1.33894e-06 -3.05599e-06 4.18192e-06 3.07835e-06 -1.97503e-05 
-0.000476702 -0.00110831 -0.0192742 -0.00308219 0.115002 -0.00023511 -0.0432311 -0.0289654 0.00957078 -0.119975 0.153938 0.000838269 0.146922 -0.000762754 0.000279624 0.22881 0.00787686 -0.000301769 -0.0268278 -0.00284684 -0.135555 -0.00303729 -0.000250964 0.0274424 0.0220996 -0.156825 -0.0660199 0.0244578 0.143364 0.0400859 -0.0214258 0.000745893 -0.0366832 -0.0275322 -4.19977e-05 0.0619383 -0.104698 -0.0028329 -0.002254 0.0462601 -0.014599 -0.000699263 -0.0157362 0.136235 -0.00154126 -0.00117493 -0.000268189 -0.000185435 -0.126133 0.106519 -0.000220522 -0.00154141 0.00352377 -0.0990255 -0.0188265 -0.0173239 -9.38184e-06 0.115492 -0.00106911 -0.000279149 -9.61153e-05 -0.00337458 -0.0301874 0.0410912 -0.114172 0.0673615 -0.127769 0.00125497 -0.000365201 -0.00654791 -2.79597e-08 -0.0551404 0.0346159 -6.55757e-05 -6.5669e-05 0.133918 -0.00546136 -0.00167295 -0.0023431 -0.00119472 -0.0687242 -0.0103482 -0.000116434 -0.128863 -0.135588 -0.00141508 0.00014237 -0.000309878 -0.000119329 0.00263519 9.9031e-05 0.00186868 0.000193352 0.0619528 -0.000608374 0.000165836 -0.00110001 0.0323336 -0.000291226 0.0297829 
-4.67964e-05 -0.000149198 -0.000767629 -0.000213749 0.0111035 -6.72295e-06 -0.00668483 -0.00204222 0.0150523 -0.00952574 0.00519574 -0.000115162 0.0107718 -5.46776e-05 -4.65712e-06 0.00787686 0.027459 6.23876e-05 -0.0022215 -0.00428255 -0.0103464 -0.000174665 -3.67966e-05 -0.000588051 -0.000693166 -0.00535075 0.00377948 0.00020683 0.00753679 -0.00560262 -0.00230549 -4.4216e-05 -0.0181986 -0.00113288 -7.64185e-06 -0.00385974 -0.00246312 0.0135917 0.00583076 0.00394539 -0.00313388 5.20845e-05 -0.000458881 0.0107756 -0.000337202 -0.000131742 -2.43706e-05 -2.79063e-06 -0.00998406 -0.00384525 -1.76877e-05 -0.000117515 4.45547e-05 -0.00796189 -0.000921507 -0.00131701 3.01084e-06 0.0124645 -8.53112e-05 -3.2572e-05 -5.52028e-06 0.000116842 0.00357838 -0.00544939 -0.0119428 0.0139024 -0.0102932 -4.43026e-05 -3.74067e-05 -0.00169197 6.78839e-07 -0.00441497 0.0101233 -5.11476e-06 -5.25919e-06 0.0118518 -0.000444646 -0.000134691 0.00293481 -8.59054e-05 -0.0056286 -0.000787881 -1.18625e-05 -0.0101877 -0.0108277 0.000483713 -6.55329e-06 -6.20977e-05 0.000249586 -0.000174653 9.14644e-06 -0.0021865 -2.96409e-05 -0.00528635 -2.33654e-06 -2.7527e-05 -8.99706e-05 -0.00123041 -1.43984e-05 -0.0026022 
-1.40958e-06 -4.15995e-06 0.000157227 0.000380509 -0.0003591 2.2684e-06 -0.000295819 0.000234084 0.000541515 -0.000313869 -0.000340221 -4.32878e-06 -0.000402571 2.67784e-06 -1.57159e-06 -0.000301769 6.23876e-05 0.00109052 -4.3948e-05 8.51875e-06 9.63983e-05 -2.5511e-06 -4.56559e-07 0.000217673 -4.46488e-05 0.000391286 0.000673936 -4.32321e-05 -0.000396505 -0.000595312 -7.47203e-05 2.33442e-05 -0.000431985 -0.000120921 1.63788e-05 -0.000102356 0.000336192 -0.000149218 5.19485e-05 0.00019612 -7.37138e-05 1.92121e-05 0.000720649 -0.000420639 3.22748e-05 1.13606e-05 -9.35139e-07 1.28967e-08 -7.21937e-05 -0.000181006 3.07882e-08 7.28856e-05 0.000411172 -0.000305653 0.000557271 8.02685e-05 1.46909e-05 -0.000335073 -2.55466e-06 -1.29215e-06 -3.59957e-07 -4.03923e-07 -0.000198861 -0.00024251 -0.000339494 0.000172974 -0.000325517 -3.91283e-08 -1.37425e-06 -4.82824e-05 2.95775e-08 -0.000151339 -7.46626e-05 3.08014e-07 -7.24444e-08 -9.30532e-06 2.59883e-05 9.22546e-06 7.69729e-05 2.84639e-05 -0.000215565 -3.11158e-05 9.76992e-06 6.15113e-05 -0.00020797 0.000125828 -3.39211e-07 -1.40063e-06 6.66797e-08 0.000125494 4.27078e-06 -4.09141e-05 -7.74967e-07 -0.000169756 0.000163624 2.22029e-05 -2.17655e-06 0.00029258 7.21839e-05 -0.000108346 
0.000785634 0.00228114 0.028461 0.00077257 -0.0410793 8.49689e-05 -0.023458 -0.0018998 -0.0203029 0.00177875 -0.0322786 1.5877e-05 -0.0416143 0.00026899 0.000183178 -0.0268278 -0.0022215 -4.3948e-05 0.0731129 0.00625653 0.0206021 -0.000788268 -2.42886e-05 0.0164223 -0.00191248 0.0130269 -0.0191777 -0.00313806 -0.0414945 -0.0186961 0.00776518 -0.00024051 0.0124771 -0.00812407 2.39976e-05 0.0155849 0.0101481 -0.0114952 -0.0088708 -0.0284079 0.0126356 -0.000130836 0.0103031 -0.0363571 -0.00105491 -1.30557e-06 0.000409435 -0.00013973 0.00166258 -0.0107184 0.000233824 0.00113124 -0.00398362 0.0178114 0.0302482 -0.00318783 -2.0083e-06 -0.0390335 -0.000228487 0.000580998 6.55004e-05 0.00492599 -0.0418504 0.0379186 0.0406677 -0.0355277 0.00837217 -0.000178644 0.000283691 0.024424 -1.97069e-06 0.0051798 -0.00548303 -1.29241e-05 6.35742e-05 -0.042706 0.0139392 0.000913403 -0.000990177 0.000261393 0.0235475 0.00467619 -4.25827e-05 0.0134087 0.0400709 -0.000312425 -8.16998e-07 0.000387472 -2.43142e-05 -0.000406114 -8.74041e-06 -0.0056847 -7.98677e-05 0.0443685 2.25369e-05 4.83169e-05 0.00205764 -0.00662608 0.000119909 0.016079 
0.000802596 -0.000270891 -0.00188138 0.000300434 0.032283 5.03401e-05 -0.0456981 -0.0135998 0.00852399 -0.0464479 0.0297347 -0.00057714 0.0303775 0.000404766 -0.000207143 -0.00284684 -0.00428255 8.51875e-06 0.00625653 0.132069 -0.0457019 -0.00158483 0.000999956 -0.00850174 -0.00555767 -0.0398715 -0.0120807 -0.00563957 0.0407593 0.0234242 -0.00851269 0.00101285 0.000656406 0.0305184 -0.000111863 0.0142792 -0.0229369 0.00672726 -0.0141018 0.030568 -0.0104032 -0.000286333 -0.0020551 0.054455 0.00140006 0.000318263 0.000350636 0.000924751 -0.047925 -1.2642e-05 0.000109058 -0.000514565 -0.00553001 -0.0278917 0.00472788 -0.00730149 -5.69976e-07 0.0156688 -0.000420027 0.000286895 5.56532e-05 -0.000297998 -0.0394403 0.0222076 -0.0502518 0.0165496 -0.0527813 -0.000308262 -5.69673e-05 0.00657845 -1.54217e-06 -0.0215758 -0.00310337 -2.87516e-05 9.86301e-06 0.0470973 -0.00183225 0.0017444 -0.00378142 -0.000380115 -0.0131918 -0.000811254 -1.47791e-05 -0.0463455 -0.0392786 0.000382029 -3.22577e-05 -0.000278995 -5.53057e-05 0.000389674 -8.05017e-06 0.00641181 -0.00010604 0.0177292 -0.000207076 -0.000127745 0.00238484 0.0239313 0.000634237 0.0429467 
-0.000609055 -0.00178524 0.0167501 0.00533173 -0.199356 -0.000169261 0.077279 0.0511685 -0.0829399 0.190967 -0.16143 -0.00142294 -0.210274 0.000664912 -0.000170342 -0.135555 -0.0103464 9.63983e-05 0.0206021 -0.0457019 0.236451 0.00521987 -0.00052923 -0.0292853 -0.0144299 0.168379 0.0155441 -0.0152734 -0.208697 -0.0452615 0.0345079 -0.000719003 0.0683123 -0.044983 -8.67203e-06 -0.047599 0.111192 -0.0550307 -0.0324307 -0.136528 0.0333039 0.000428586 0.0209948 -0.1811 -0.000453475 0.000236685 8.8862e-05 -0.00110458 0.21303 -0.0701319 0.000321308 0.00124333 -0.0192406 0.147024 0.0151116 0.0289826 1.56748e-05 -0.197042 0.00179237 -0.000258592 7.75776e-05 0.00126488 0.0363258 -0.00926182 0.190068 -0.172155 0.205023 -0.000853062 -0.000147562 -0.00427746 -9.51838e-06 0.0860309 -0.0266675 0.000112181 2.73408e-05 -0.211801 0.00966418 0.00205339 -0.00955254 0.000373551 0.0922576 0.0156286 0.00014274 0.217637 0.211699 -0.00154044 -0.000119126 0.000605685 -7.8754e-05 -0.0034538 -6.11126e-05 -0.0318404 -0.000350275 -0.0456508 0.00107747 -0.00013302 -0.00098365 -0.0329012 -0.000370564 -0.033033 
-1.74395e-05 -5.47795e-05 -0.000634064 -8.73724e-05 -0.00493955 7.58761e-05 -0.00298414 0.00769968 -0.00224794 0.00544504 -0.00365342 -8.26477e-06 -0.00495374 -2.09235e-05 1.04531e-05 -0.00303729 -0.000174665 -2.5511e-06 -0.000788268 -0.00158483 0.00521987 0.0101399 1.40389e-05 -0.00110479 -0.000409693 0.00447468 0.00569074 -0.000263476 -0.00495875 -0.007235 0.000346148 0.000128705 0.00117235 -0.00110742 -5.13121e-08 -0.0015232 0.00570551 -0.00117095 -1.15857e-05 -0.00361303 0.000507849 0.000213951 -0.000151691 -0.00406702 -6.33e-05 -3.89405e-05 -6.68469e-06 -2.91405e-05 0.0054478 -0.00165581 -4.61611e-06 0.000236975 -0.000341263 -0.00221372 -0.000543497 0.00755181 -8.61526e-08 -0.0046425 0.000454855 -1.0089e-05 1.21521e-05 -0.000104082 0.00199409 -0.00230347 0.00390628 -0.00375565 0.00533161 -1.90852e-05 3.89793e-05 -0.000404091 1.95792e-07 -0.0013385 -0.000243919 4.04454e-06 1.2961e-05 -0.00492762 -0.000165698 -3.82282e-05 -8.75259e-05 0.000263723 -0.0019376 -0.000258259 3.2225e-05 0.00556145 0.00311201 0.000142515 -2.9032e-06 -1.01242e-05 1.67334e-05 -1.08835e-05 4.20511e-06 -0.000826257 6.56337e-05 -0.00252037 3.81264e-05 2.43362e-05 -3.20949e-05 -0.000749882 9.72692e-06 -0.0010154 
0.000415625 7.30036e-05 -8.08298e-05 -9.73985e-06 -0.000367167 5.47194e-05 -0.000426045 -0.000122949 -0.000266796 5.78986e-05 -4.53772e-05 2.04372e-06 -0.000399418 4.0155e-07 2.15135e-05 -0.000250964 -3.67966e-05 -4.56559e-07 -2.42886e-05 0.000999956 -0.00052923 1.40389e-05 0.00141767 -0.000136737 -4.91874e-05 -0.00064197 -0.000301106 -4.69661e-05 -0.000417469 0.000216167 -7.65389e-05 -3.25857e-06 -7.90981e-05 -4.29711e-05 -1.39456e-06 0.000739596 -0.000414832 -0.000112253 -0.000119597 -0.000481211 -0.000104024 2.68987e-05 -3.93529e-05 0.000570703 -1.19154e-05 -5.13098e-06 1.48519e-05 0.000163418 -0.000494113 -0.000242386 6.47307e-06 2.47456e-05 -4.70471e-05 0.000444114 6.23495e-05 -4.17461e-05 3.88605e-08 -0.000423419 -3.97178e-06 -1.40033e-06 -4.68093e-07 1.09796e-06 -0.000755184 0.000681939 -0.000489772 -0.000313895 -0.000500808 -3.21522e-06 2.45253e-06 0.000875818 -3.52271e-08 -0.000216031 8.84352e-05 -2.62665e-07 2.01402e-07 0.000437991 -2.29631e-05 -5.43731e-07 -3.42199e-05 5.00978e-05 0.000670696 3.53578e-05 4.47592e-07 -0.000422676 -0.000363986 3.06539e-05 5.02555e-06 5.62833e-06 -5.41822e-07 -1.4663e-05 1.30193e-06 -6.98623e-05 5.10504e-05 0.000525685 -2.36614e-06 2.06566e-06 0.000469059 -4.8372e-05 3.24966e-05 0.000865294 
-0.000220036 0.000377652 0.0176108 -0.000812093 0.0142811 0.000468284 -0.010257 -0.011607 -0.0300084 -0.0435493 0.0298047 -3.82834e-05 0.0235053 -0.000170471 0.00044346 0.0274424 -0.000588051 0.000217673 0.0164223 -0.00850174 -0.0292853 -0.00110479 -0.000136737 0.115641 -0.00059503 -0.039252 -0.0300201 -0.00448186 0.0222673 0.00607055 -0.00374971 -0.000104829 0.0181799 0.00910769 -0.000174319 0.0257336 -0.0191133 -0.0120412 -0.0159944 0.0416498 -0.00679659 0.000410535 0.0110536 0.00603448 -0.00204782 -0.000502162 -0.000109415 -0.000373677 -0.0439521 0.0351519 0.000161045 0.0020899 -0.00213556 -0.0347935 0.0234474 -0.00552364 -3.11378e-06 0.0206154 -0.000389794 -0.000153824 -3.34308e-05 0.00190919 -0.0905127 0.0381635 -0.0075814 -0.00560541 -0.0385642 -0.000238944 -0.000176165 -0.000247517 -2.01468e-06 -0.0189811 -0.00879053 -2.27805e-05 4.38516e-06 0.00532399 0.0102407 4.62159e-05 -0.00167216 0.000823351 -0.0238734 -0.00388458 -8.51297e-05 -0.0273803 -0.027425 0.00327196 -4.07014e-05 -0.00021797 -4.52279e-05 -0.00102357 -2.33216e-05 0.00481485 0.000748931 0.0734754 -0.000227873 0.000677579 -0.000278312 0.00946343 0.000370788 -0.00200152 
-7.09401e-05 0.00133229 -0.000350226 -0.000367127 0.00496308 -3.2524e-05 -0.00447799 -0.00382783 -0.00932578 -0.0123446 0.0177973 0.00172362 0.0146669 0.000251767 0.000190035 0.0220996 -0.000693166 -4.46488e-05 -0.00191248 -0.00555767 -0.0144299 -0.000409693 -4.91874e-05 -0.00059503 0.0423646 -0.0181701 -0.0107905 0.0171482 0.0129216 0.00784009 -0.00249072 -0.000130199 -0.0052921 -0.0032075 3.10426e-06 -0.00122102 -0.0123548 -0.00611516 -0.00261962 -0.0118121 0.00441292 -5.65916e-05 -0.00191378 0.0137622 -0.000608984 -0.000113072 1.07642e-05 6.0472e-05 -0.013021 0.025501 -1.59719e-06 -0.000183826 -0.0020122 -0.00963649 0.00102039 -0.00184436 -1.1205e-06 0.0163481 -3.23662e-05 7.80417e-05 -1.31696e-05 -0.000438612 0.00330932 -0.0049835 -0.0178291 0.0149298 -0.0114727 0.000928164 0.000435013 -0.000357776 -1.07663e-06 -0.00364301 0.0104373 -7.8784e-06 1.13089e-05 0.0109171 -0.000591342 0.000282402 -0.00105283 -6.04783e-05 -0.00654543 -0.00114291 -5.22124e-06 -0.013436 -0.0163316 -0.000171729 4.77095e-05 7.98128e-05 -1.66484e-05 0.00116227 -6.34741e-06 0.00119309 -2.826e-05 -0.00576476 -7.8661e-05 0.000554333 -0.000115886 -0.00300513 4.63285e-05 -0.00361194 
-0.000377963 -0.000296769 0.0249385 0.00416688 -0.14361 0.000150399 0.0472281 0.0386404 0.00463055 0.141145 -0.199666 -0.00161613 -0.165555 0.000847955 -0.000394727 -0.156825 -0.00535075 0.000391286 0.0130269 -0.0398715 0.168379 0.00447468 -0.00064197 -0.039252 -0.0181701 0.249854 0.10031 -0.0202933 -0.172304 -0.0699287 0.0172905 0.00016893 0.00398564 -0.0571879 -4.74367e-05 -0.0609718 0.143834 -0.048158 0.0232436 -0.0728069 0.0171517 0.000984916 0.021538 -0.170759 0.00202573 -0.000175311 -0.000158221 -0.000684764 0.158124 -0.0891102 0.000143579 0.0019753 0.0089491 0.10809 0.0237779 0.0234382 1.27696e-05 -0.14122 0.00138602 -4.54435e-05 3.24443e-05 0.00333979 0.0543919 -0.0382974 0.13143 -0.101643 0.152679 -0.0010836 0.00034538 -0.00284729 9.31659e-06 0.0659095 -0.0273556 5.12476e-05 3.63786e-05 -0.15414 0.00729803 0.00178059 0.0118538 0.00135551 0.066358 0.00759022 0.000179677 0.160115 0.155558 0.00184207 -0.000130444 0.000346254 0.000184 -0.0011632 -6.80716e-05 -0.0354507 -0.000130246 -0.0747767 0.000814694 -1.81639e-05 -0.000891523 -0.0220812 0.000201061 -0.0424499 
-0.000365992 -0.00140369 0.00440505 0.000557528 0.00297484 0.000256749 -0.0187938 0.0429594 0.0813701 0.0164547 -0.0837238 -0.000567838 -0.0133377 0.000407395 -0.000376604 -0.0660199 0.00377948 0.000673936 -0.0191777 -0.0120807 0.0155441 0.00569074 -0.000301106 -0.0300201 -0.0107905 0.10031 0.195865 -0.0103585 -0.0192449 -0.0883612 0.00384837 0.000955929 -0.054855 -0.024206 0.000248708 -0.0367919 0.107074 -0.00354836 0.0516862 0.0419315 -0.00747442 0.00107384 0.00699407 -0.043002 0.00679423 -0.00101701 -1.80159e-05 0.000558968 0.0168465 -0.0484923 -2.21908e-05 0.00163785 0.0322786 -0.0306507 0.000512829 0.0284071 1.60776e-05 0.00411691 0.000956869 -0.000309472 -4.53137e-05 0.00141356 0.0518125 -0.0542497 -0.0079623 0.0279758 0.0140338 0.000286335 -0.000123826 -0.012206 1.61099e-05 -0.0381429 -0.0156415 2.41459e-05 3.94144e-05 0.000862838 -0.0042771 -0.000911872 0.0151984 0.000290094 -0.0505215 -0.00256968 0.000373052 0.0175205 -0.00269613 0.00282837 -5.68102e-05 0.00075743 0.00026051 0.00083065 2.54601e-06 -0.0105892 9.38671e-05 -0.0663695 0.000701266 -0.000133501 -0.00077752 0.0059332 0.000420703 -0.0262772 
-6.85473e-05 -0.000203243 -0.00252453 -0.000346328 0.0102891 -9.25556e-06 -0.00021828 -0.00338596 -0.00711392 -0.013542 0.0219783 0.0004471 0.0174554 -8.61655e-05 -2.49842e-05 0.0244578 0.00020683 -4.32321e-05 -0.00313806 -0.00563957 -0.0152734 -0.000263476 -4.69661e-05 -0.00448186 0.0171482 -0.0202933 -0.0103585 0.0382371 0.0176602 0.00761198 0.00227244 -0.000120359 -0.0178685 -0.00329706 6.04004e-05 -0.00286971 -0.0121272 -0.00402281 -0.0032169 -0.0116636 -0.00212999 -7.88928e-05 -0.00176587 0.0202031 0.000326295 -0.000145674 -2.33447e-05 0.000349348 -0.0141747 0.0143054 -2.44504e-05 -0.000170803 -0.00184531 -0.0113374 -0.0025455 -0.00194291 -1.06049e-06 0.0176482 -0.000121205 -4.13009e-05 -1.0377e-05 -0.000381517 0.00834769 -0.00681177 -0.0172983 0.0198745 -0.0145016 0.000268258 -4.35622e-05 -0.00243598 -2.78142e-07 -0.00620802 0.0113232 -7.36792e-06 -7.62783e-06 0.0167359 -0.000573864 -0.000182112 -0.00110266 -0.000119687 -0.00799467 -0.00112254 -3.34282e-06 -0.0144628 -0.0153377 -0.00015962 4.87065e-05 4.58838e-05 -1.51985e-05 -0.000332291 -2.73211e-06 0.00993382 -3.44818e-05 -0.00975326 -6.38636e-05 -3.65718e-05 -0.000126477 0.00264455 -1.18898e-05 -0.00214119 
-0.000913891 -0.00274007 -0.0305986 -0.00480486 0.217762 -0.000448325 -0.0605672 -0.0453318 0.0805257 -0.187133 0.177882 0.000922514 0.22381 -0.000626397 -0.000148284 0.143364 0.00753679 -0.000396505 -0.0414945 0.0407593 -0.208697 -0.00495875 -0.000417469 0.0222673 0.0129216 -0.172304 -0.0192449 0.0176602 0.247189 0.0496312 -0.0335566 0.000245707 -0.062944 0.0526654 3.68659e-05 0.0227347 -0.1056 0.0606478 0.0218481 0.147086 -0.0430456 -0.00102858 -0.0243921 0.192925 0.000826866 -0.000190186 -7.84866e-05 0.00109108 -0.19556 0.0714291 -0.000335035 -0.00238195 0.0134784 -0.156904 -0.0324595 -0.0269821 -1.45801e-05 0.211558 -0.00168776 -0.000372235 -8.90982e-05 -0.00293881 -0.0127971 -0.0132441 -0.196546 0.180956 -0.20051 0.000980075 -0.000577009 -0.0288314 5.8412e-06 -0.0859074 0.0301119 -0.000101184 -0.000104853 0.214654 -0.00870321 -0.00255483 -0.00547674 -0.0018767 -0.110098 -0.0161037 -0.000114614 -0.19957 -0.210217 -0.00206383 8.40243e-05 -0.000492504 -0.000209071 0.00067646 5.70659e-05 0.0370284 -0.000529956 0.0248959 -0.000999058 -0.000444586 -0.0016767 0.0291106 -0.000447549 0.0142185 
0.000338111 0.000738784 -0.0382335 -0.00539778 0.0319285 -0.00036267 0.0408606 -0.0651452 -0.0287936 -0.0115515 0.0609979 0.000288182 0.0398738 0.000121182 0.000184305 0.0400859 -0.00560262 -0.000595312 -0.0186961 0.0234242 -0.0452615 -0.007235 0.000216167 0.00607055 0.00784009 -0.0699287 -0.0883612 0.00761198 0.0496312 0.161607 -0.0283871 -0.0011395 0.038798 0.0190411 -0.000507668 0.0237472 -0.0793873 0.000471657 -0.0506691 0.00775328 -0.00864028 -0.00122127 -0.0270884 0.063881 -0.00374674 0.000369843 -0.000557298 0.000252612 -0.0316442 0.0353092 -0.000344573 -0.00326161 -0.0289242 0.0424396 -0.0264719 -0.0361325 -2.02723e-05 0.0276736 -0.00135984 -0.000291149 -9.9736e-05 -0.00685424 -0.0194038 0.0204772 -0.0318315 0.0139386 -0.022252 -0.000526462 -6.78524e-05 0.00389409 -1.66672e-05 0.0209252 0.00896091 -0.000146932 -0.000112599 0.0369076 -0.0117986 -0.00117469 -0.0177925 -0.000805928 0.0301732 -0.0010396 -0.000279695 -0.0454672 -0.0313408 -0.00116001 -6.43178e-05 -0.00121862 -0.000297193 -0.00193076 -7.03678e-05 0.00371221 -0.000164947 0.0224843 -0.000941728 2.94545e-05 0.000189095 -0.000956076 -3.97428e-05 0.0195662 
-0.000112613 0.000435422 0.00484681 0.000201339 -0.0322237 0.000113809 0.0106391 0.0333432 -0.0179657 0.0296548 -0.0235 -0.000288557 -0.0356576 -0.000158451 -5.61578e-05 -0.0214258 -0.00230549 -7.47203e-05 0.00776518 -0.00851269 0.0345079 0.000346148 -7.65389e-05 -0.00374971 -0.00249072 0.0172905 0.00384837 0.00227244 -0.0335566 -0.0283871 0.0750943 -0.000197522 0.00624145 -0.00553057 0.00010169 -0.0107932 0.0303335 -0.0109334 0.00130384 -0.0269395 -0.000452585 -0.000135959 0.00373684 -0.0287263 0.00254934 -0.000124815 0.000353837 1.20929e-05 0.0277186 -0.0151633 0.000211784 0.000749487 -0.00409947 -0.00107843 0.0031963 0.0136383 -1.48787e-06 -0.0343188 5.61775e-05 0.000394539 8.49482e-05 -0.000145878 0.000575096 -0.00582744 0.0311202 -0.0272742 0.0345125 -0.000181191 -5.75836e-05 -0.00194844 -2.0293e-06 -0.00447152 -0.00548523 9.62655e-05 -4.34827e-06 -0.0360123 0.00144437 0.00066336 -0.00234885 0.000949704 -0.00230952 0.00151613 -1.00746e-06 0.0395717 0.0312239 -0.000319846 -1.32643e-05 -0.000138134 -2.87557e-05 -0.000184099 -6.61428e-06 0.00191492 -4.35807e-05 -0.00973295 -8.62183e-05 -3.00655e-05 -0.000141834 -0.0044912 0.000134496 -0.00444113 
8.71964e-06 -1.68423e-05 0.000359624 0.000204329 0.000310798 4.08401e-05 -0.000958981 -3.49345e-05 0.000569152 -0.000918559 -0.00019457 -5.89089e-06 0.000210916 -4.17377e-06 -3.70532e-06 0.000745893 -4.4216e-05 2.33442e-05 -0.00024051 0.00101285 -0.000719003 0.000128705 -3.25857e-06 -0.000104829 -0.000130199 0.00016893 0.000955929 -0.000120359 0.000245707 -0.0011395 -0.000197522 0.00308868 -0.00103408 -0.000337473 4.38526e-06 -0.000107503 -0.000344016 -0.00019735 0.000886273 0.000360227 -0.000280281 4.20759e-05 0.000589718 -0.0001914 4.92918e-05 -1.41137e-05 -1.12616e-06 -5.98784e-06 -0.000670654 -0.000554287 -9.53813e-07 0.000136928 0.000381889 -0.000876257 0.000474664 0.000121593 4.17493e-07 -0.000399492 -7.04723e-06 -9.83766e-07 -1.02155e-06 -2.25413e-05 -0.000827854 0.000464329 -0.00117547 9.07115e-05 -0.000900316 1.19132e-05 -4.15553e-06 -0.000180677 1.67979e-06 -0.000478138 -5.26018e-05 -4.79899e-07 2.92988e-06 0.000753332 -3.40841e-05 9.43511e-05 0.000618563 0.000110239 -0.000615085 -8.95898e-05 -3.06999e-07 -0.000643397 -0.000864805 0.000351922 -3.60092e-08 5.97429e-06 4.30876e-07 0.000215568 3.70408e-06 -0.00025437 2.08628e-05 8.72826e-06 1.11476e-05 4.94825e-06 -9.77477e-06 0.00141358 1.10269e-05 0.000696942 
0.000315571 0.000753708 -0.00653176 0.000289746 -0.0771886 -0.000478422 0.0302915 0.0111443 -0.0873602 0.0633876 -0.0186401 -0.00100724 -0.0723721 0.000218597 1.80107e-05 -0.0366832 -0.0181986 -0.000431985 0.0124771 0.000656406 0.0683123 0.00117235 -7.90981e-05 0.0181799 -0.0052921 0.00398564 -0.054855 -0.0178685 -0.062944 0.038798 0.00624145 -0.00103408 0.159836 0.00974575 -0.00023294 0.0286397 -0.000548027 -0.0357731 -0.0618339 -0.0415551 0.0124117 -0.000856861 0.00286859 -0.0492394 -0.00721095 -6.60348e-05 -0.000505843 -0.0017233 0.0659843 0.0198346 3.25874e-06 -0.00103294 -0.0332723 0.0558574 0.00198153 0.00742465 -3.38795e-06 -0.0820288 0.000423454 -0.000110428 1.86653e-06 -0.00260186 -0.0351398 0.0434109 0.0809267 -0.098684 0.067018 -0.00061596 -2.77253e-05 0.0112637 -1.85475e-05 0.0298363 -0.0423353 2.02561e-05 -1.55037e-06 -0.0769434 0.00241565 0.000522205 -0.0201655 -0.00052087 0.0383284 0.00393811 -7.39047e-05 0.0649331 0.0710358 -0.0012689 -0.000224492 -0.000951637 -0.000292324 -0.00466898 -0.000120743 -0.0237743 -0.000194152 0.0431715 -0.000619925 5.78368e-05 0.000518411 -0.00992036 -0.000389275 0.0178598 
-0.000205869 -0.000533551 -0.00748047 -0.00103411 0.054244 -5.74939e-05 -0.0122213 -0.00960249 0.000894589 -0.040392 0.055863 0.000312849 0.0448974 -0.000161974 -1.34953e-05 -0.0275322 -0.00113288 -0.000120921 -0.00812407 0.0305184 -0.044983 -0.00110742 -4.29711e-05 0.00910769 -0.0032075 -0.0571879 -0.024206 -0.00329706 0.0526654 0.0190411 -0.00553057 -0.000337473 0.00974575 0.105116 -0.000154857 -0.0180288 -0.0325521 0.0557801 -0.00220894 0.0293369 -0.010789 -0.000242241 -0.00519788 0.0479414 -0.00174155 0.00167572 0.000295247 0.000226926 -0.0420579 -0.0105467 1.93371e-05 -0.000382349 -0.00457223 -0.0339122 -0.00750359 -0.00572019 -3.03197e-06 0.0535488 -0.000367565 0.000184363 2.7574e-05 -0.00117 -0.00216977 -0.0272821 -0.0452137 0.0623938 -0.0432308 -0.00016298 -0.000136475 -0.00724154 -2.87513e-06 -0.0184602 0.00141763 -2.07542e-05 -2.27165e-05 0.0456375 -0.00192065 -0.000378296 -0.00340588 -0.000392825 -0.0235324 -0.00329188 -7.814e-05 -0.0424919 -0.0450269 -0.000361643 -7.22437e-06 -0.000288956 -4.31916e-05 0.000302282 9.65602e-06 0.0371539 -0.000125606 -0.0136129 -0.000216052 -0.000100685 -0.000371519 -0.00789561 -0.000102807 -0.00510403 
