0.0120341 6.25006e-06 -0.00158284 0.000922459 -0.00791371 0.0013703 3.66078e-06 0.00260027 -4.00143e-05 2.30674e-05 2.2621e-05 -0.00409051 -4.25568e-05 2.89781e-06 -5.1915e-05 -0.00984739 0.00173133 -0.00328302 -0.000426001 -1.39974e-05 0.00141627 0.000275904 -0.00780365 -0.00405746 0.00386994 -0.00904876 0.00125254 -0.00338635 4.75547e-05 -7.42906e-05 0.00425499 0.00344689 0.0020151 0.000293275 -1.90644e-06 0.00170268 0.00450203 -3.62601e-05 -0.00444348 0.000746316 -0.000145139 0.000751622 -0.0086526 5.87322e-06 -1.47985e-05 2.00379e-06 0.00333638 -9.19273e-06 -8.5487e-06 0.000551365 -1.07271e-06 1.98685e-06 0.00580826 -3.24258e-07 -5.8997e-08 0.00169162 -0.000119451 3.88144e-06 1.54218e-06 1.29677e-06 1.64553e-07 0.00337984 0.00044977 0.0020001 -8.14009e-05 4.70593e-05 -0.00852926 -0.00511362 -1.37662e-08 -4.38976e-08 1.23872e-05 0.00139092 -9.9486e-06 0.000136902 8.78913e-05 -9.99596e-05 -0.00823544 4.46471e-07 -4.02023e-09 0.00321363 -2.78372e-05 2.95109e-06 -0.00657442 0.00185589 -2.8734e-07 -8.52847e-07 1.74611e-06 0.00362364 0.00115234 1.02946e-05 0.00782602 8.31873e-07 -6.99283e-05 1.20437e-05 -0.000208486 -1.46296e-05 6.12019e-06 0.00423316 0.00265419 0.0072668 
6.25006e-06 0.00125323 -0.000156031 0.00089777 -0.00103161 -9.25828e-07 8.44485e-06 -6.10925e-06 -5.80819e-06 1.81593e-06 4.00697e-06 -0.000908502 0.000549419 1.68645e-05 1.329e-05 -0.000602399 0.000507636 -0.000810119 -3.59584e-05 0.00022584 0.000917993 5.02246e-05 -0.000893004 -0.000903185 -5.37246e-06 3.61428e-05 -0.000419408 0.000284339 2.97251e-06 2.96147e-05 -4.26686e-06 0.000310309 -1.242e-05 0.000101463 8.84364e-06 4.95957e-06 6.50675e-06 -1.00417e-05 -0.000954368 3.92135e-06 0.000833611 -1.05245e-06 -0.000955154 7.07324e-06 5.216e-05 3.35307e-06 -1.89281e-05 0.000237601 1.52101e-05 3.04036e-06 1.74161e-06 1.11291e-05 7.23848e-05 7.2866e-06 5.99903e-07 -0.000214835 0.00091418 6.93455e-07 -3.44526e-08 -3.0203e-08 3.18856e-08 -2.84587e-05 3.66294e-05 1.98637e-06 0.000887316 2.93842e-06 -0.000904427 -0.00114217 2.31915e-07 -4.52146e-09 -2.5347e-08 5.84992e-05 -1.47073e-08 -7.63772e-07 -2.93531e-07 0.000877901 -0.0011332 -7.06871e-10 -4.14084e-10 -3.18793e-06 3.27246e-05 4.19069e-06 0.000339013 -1.64133e-05 -4.32797e-07 1.47578e-06 -3.15244e-06 0.00110869 -7.88943e-05 6.09232e-06 2.37792e-05 4.82762e-08 2.77094e-05 -2.12479e-08 -1.62173e-05 -1.62025e-06 2.22324e-06 -4.93998e-06 -0.000109142 0.00057954 
-0.00158284 -0.000156031 0.140929 0.000273939 -0.00263506 -0.000252034 -7.81017e-06 -0.0014991 -0.000266721 -5.59708e-06 -5.43168e-06 0.00208185 -0.000254577 -1.41687e-05 -0.000474218 -0.00699787 -0.000281381 0.00295767 -0.00236043 -0.000178048 -0.00165337 -0.000167915 -0.029251 0.00182906 -0.000655809 -0.0662208 0.037289 -0.019928 -0.000134499 -0.000678277 -0.000851179 -0.0022453 0.00401104 0.00350822 5.06606e-05 0.000120201 0.01093 0.00119255 0.00274061 -0.000134189 -0.00281085 -0.000121255 -0.000284287 0.000366046 0.000267492 -3.99843e-06 -0.00265781 -0.000141022 0.000351294 0.00049164 -1.05345e-05 -1.36754e-05 -0.0035406 -4.47793e-06 3.08431e-07 -0.023509 -0.00153738 1.53071e-05 -2.37385e-06 -3.94233e-06 2.99234e-06 -0.0038711 0.00460875 -0.000178396 -0.00186705 2.74089e-05 -0.000847583 0.0029223 -1.91807e-07 -6.11633e-07 -3.42876e-06 -0.00110291 -4.65521e-05 0.00118765 -9.12656e-07 -0.00144572 0.0012219 -9.56206e-08 -5.60145e-08 -0.00071662 -0.000423914 3.48806e-05 -0.0370587 0.000523832 -6.66125e-07 -7.57772e-06 0.000618423 -0.00493965 0.0015419 0.000762858 -0.00112771 6.38333e-07 0.00558533 -9.9761e-07 -0.00184093 0.000507209 -3.26334e-06 -0.000853074 0.00265165 -0.00173292 
0.000922459 0.00089777 0.000273939 0.0195928 -0.012209 0.000520065 1.82986e-05 0.000558258 -3.72076e-05 6.35824e-06 1.21332e-05 -0.0120045 0.00161281 -1.09255e-05 -8.00598e-05 -0.00257136 0.0114294 -0.0144718 -0.000734396 0.000386884 0.0121409 8.43955e-05 -0.00923846 -0.0122661 0.00120418 -0.00287543 -0.00558078 0.00647806 -1.57089e-05 -0.000207313 0.00165353 0.00898224 -0.000151692 -0.00132264 1.2288e-05 0.00291136 -0.000193127 -6.00214e-05 -0.0128313 -8.58836e-06 0.00927417 1.28115e-05 -0.00971623 -1.91174e-05 0.00049333 2.1538e-05 0.00040672 0.00056411 -2.60324e-06 -4.99594e-05 2.62138e-05 1.28841e-05 -0.00186894 2.16112e-05 7.65574e-07 -0.00198679 0.00968949 3.82841e-06 -3.82259e-07 -2.17885e-07 3.40072e-06 0.000227747 -0.000436871 0.00186236 0.010857 -4.02853e-07 -0.0131937 -0.0160337 2.10742e-07 4.24627e-07 9.72615e-06 0.00310449 -1.60931e-05 -4.07821e-05 3.03374e-06 0.00854879 -0.00164168 6.20709e-08 2.30069e-07 0.00174306 3.3465e-05 4.75987e-05 0.00414909 -8.80813e-05 1.73977e-05 2.55874e-07 -4.98787e-05 0.00915893 0.000314225 -1.42523e-05 -0.00197706 6.28965e-06 0.000622091 1.07481e-05 0.000886422 0.000525732 9.43363e-06 0.00168558 -0.00064999 0.00060377 
-0.00791371 -0.00103161 -0.00263506 -0.012209 0.0732623 -0.00139332 -4.24003e-05 -0.00230908 0.000313142 -3.37646e-05 -5.12543e-05 0.0153291 -0.00217472 -0.000459572 0.000139076 0.0234751 -0.014718 0.00924034 -0.00223329 -0.000502087 -0.0128832 -0.000962284 0.0456065 0.015699 -0.00388164 0.0298037 -0.00441436 0.0152607 -0.000102146 -0.0015664 -0.00472666 -0.0119093 -0.00658185 -0.0161294 -4.20504e-05 -0.00438583 -0.030517 -5.15452e-05 0.0159605 -0.00071003 -0.0165229 -0.000743765 0.0229145 -0.000373181 -0.00121951 -2.26053e-05 -0.00198393 -0.000592437 -0.00062656 -2.6668e-05 -1.43235e-05 -7.43029e-05 -0.0295494 -2.11914e-05 -3.13763e-06 0.00171653 -0.00913676 -2.69474e-05 -2.10783e-06 1.49926e-06 -5.0486e-06 -0.00212485 -0.0251774 -0.00377514 -0.0101925 -0.000154265 0.019755 0.0232248 -9.10054e-07 -3.06318e-06 -1.44788e-05 -0.00328124 -0.000164514 -0.000180984 -5.16802e-05 -0.00814604 0.0145237 -4.81826e-07 -3.03733e-07 -0.00405343 0.000118237 -0.000427219 0.0289087 -0.00643674 -0.000317697 -6.29134e-05 -5.82041e-05 -0.0212326 -0.00929175 -0.00188694 -0.0237126 -6.01775e-06 -0.00446139 -1.08421e-05 0.0010828 -0.00131087 -1.77591e-05 -0.00476432 0.000186788 -0.0176876 
0.0013703 -9.25828e-07 -0.000252034 0.000520065 -0.00139332 0.00151652 2.14114e-06 0.000995041 -3.19103e-05 6.99525e-06 2.14942e-07 -0.00147113 -1.50227e-07 3.00848e-06 -6.68405e-06 -0.00138351 0.000483763 -0.00123598 -5.57942e-05 -1.83237e-06 0.000464031 2.99111e-05 -0.00105288 -0.00146634 0.0013852 -0.00115388 -0.000625941 -0.000511671 -4.03671e-07 -1.70228e-05 0.00146024 0.00122881 -1.2213e-05 -8.98628e-05 -2.37682e-07 0.0004914 -0.00011048 -1.23584e-05 -0.00146923 0.000183023 -3.58126e-05 0.000332486 -0.0010832 -1.48646e-06 2.73846e-06 -4.06692e-08 0.000998742 -1.30567e-06 2.80706e-06 -6.82851e-07 -1.43297e-07 3.87221e-07 -0.00023196 -4.04262e-08 -8.18649e-09 0.000578351 -1.51466e-05 9.83662e-07 -4.1702e-08 -3.65582e-08 -9.82177e-09 0.00100107 -7.67681e-05 0.000754854 1.27637e-05 5.44232e-06 -0.0014304 -0.00145046 -1.71628e-09 1.2786e-07 9.27932e-06 0.000439951 -1.24032e-06 -2.80931e-06 3.79893e-06 1.26378e-06 -0.00102849 -8.55608e-10 -5.01214e-10 0.00133013 -4.12751e-06 -7.17513e-07 -0.00082461 -2.0165e-05 6.22816e-08 -8.2119e-08 -5.34896e-06 -4.84546e-05 -9.32931e-05 -2.66511e-06 0.000654686 1.16651e-06 -1.01199e-05 9.21095e-06 -2.61048e-05 3.29209e-07 1.82428e-06 0.00147021 0.000902797 9.54159e-05 
3.66078e-06 8.44485e-06 -7.81017e-06 1.82986e-05 -4.24003e-05 2.14114e-06 5.19206e-05 -4.85767e-07 -1.82178e-07 -2.09961e-09 -3.02176e-09 -1.6939e-05 6.16265e-06 1.31736e-06 1.72503e-06 -1.6184e-05 7.20228e-06 -2.59845e-05 -1.62407e-06 2.84025e-07 1.75353e-05 1.45081e-06 -2.56947e-05 -1.70016e-05 7.12061e-08 -1.88071e-05 1.16035e-06 -1.20328e-05 -2.77586e-08 3.53911e-06 4.68962e-06 6.64075e-06 1.44798e-07 3.2099e-06 8.52079e-08 8.15623e-06 9.7845e-06 -4.28074e-07 -1.83699e-05 1.78952e-07 5.87857e-06 -4.35502e-08 -1.77402e-05 -5.17284e-08 9.1354e-07 9.55276e-07 -6.25033e-07 3.68697e-07 4.40187e-07 -1.50746e-07 5.51012e-08 3.29734e-07 8.92894e-06 3.65285e-07 -2.79867e-10 1.79276e-06 1.20389e-05 -1.92601e-09 9.85744e-08 -1.24979e-09 -3.35771e-10 -7.20512e-07 -5.33735e-07 1.5012e-06 1.51416e-05 -6.38741e-09 -1.68351e-05 -3.77431e-05 -5.86734e-11 -1.87097e-10 -1.04885e-09 5.59695e-06 -4.24022e-08 -1.30226e-07 2.0344e-07 1.47818e-05 -1.49993e-05 -2.92501e-11 -1.71347e-11 2.23431e-06 1.68132e-06 -2.52129e-08 -6.94388e-06 -7.08285e-07 -1.9978e-08 3.15825e-07 -1.59528e-07 1.64763e-05 1.57239e-05 -1.21423e-07 4.59383e-06 4.96528e-08 -2.70948e-07 5.82454e-07 -4.91117e-07 -3.13907e-08 3.17223e-06 4.19756e-06 -5.79089e-07 2.67332e-05 
0.00260027 -6.10925e-06 -0.0014991 0.000558258 -0.00230908 0.000995041 -4.85767e-07 0.00926795 -1.0391e-05 1.3025e-05 2.49888e-06 -0.00247028 -6.09299e-06 -4.36823e-06 -3.35284e-05 -0.00232048 0.00071743 -0.00701075 -0.000334156 0.000185997 -1.84406e-05 -1.092e-05 -0.000730202 -0.00239205 0.002349 -0.00552162 -0.00302557 -0.00322617 1.78216e-05 -5.00784e-05 0.00247205 0.0059685 -8.8122e-05 -0.000616052 4.93596e-06 0.000173569 -0.000696422 -2.32977e-06 -0.00549971 0.000625614 -0.000210087 0.00061707 -0.00595727 -9.12703e-06 -3.62852e-06 1.22282e-06 0.00675978 -5.6158e-06 -8.15804e-06 -2.71178e-05 -8.52658e-07 -9.02383e-07 -0.00127135 -2.49012e-07 -5.0426e-08 0.00653305 -6.24745e-05 -3.47026e-07 4.13646e-06 6.68147e-07 -6.04987e-08 0.00732293 -0.000490727 0.000702261 -1.845e-05 9.2252e-06 -0.00687222 -0.0040784 -1.05717e-08 -3.37109e-08 1.3581e-05 -7.41117e-08 -6.91329e-06 -2.17974e-05 5.04623e-06 -6.55793e-05 -0.00291645 4.48063e-07 -3.08731e-09 0.00168078 -2.46083e-05 -2.91283e-06 -0.00380858 -0.000134825 -1.67961e-06 -7.52211e-07 -8.07443e-06 -0.000395899 -0.00039909 -1.81477e-05 0.00150701 3.70776e-07 -5.94963e-05 1.81491e-06 0.00310461 0.000218918 5.63715e-06 0.00247763 0.00722682 0.000619534 
-4.00143e-05 -5.80819e-06 -0.000266721 -3.72076e-05 0.000313142 -3.19103e-05 -1.82178e-07 -1.0391e-05 0.000471411 -1.56426e-06 -4.17589e-06 6.48756e-05 -2.89349e-05 -2.78868e-05 2.19678e-06 5.32987e-05 -9.24477e-05 5.8486e-06 -4.33412e-05 -1.02434e-06 -5.18104e-05 -1.73099e-05 0.000308831 0.000211246 -3.17085e-05 0.000216692 0.000149563 0.000123478 1.47137e-07 -1.03133e-05 -3.4801e-05 -2.80553e-05 -0.000241254 -2.70399e-05 -2.34295e-05 -4.08394e-05 -0.000254393 -1.91517e-05 6.92692e-05 -5.54048e-06 2.47039e-07 -2.04109e-06 0.000259345 -0.000204427 -7.01605e-06 1.26288e-08 -7.85101e-06 -1.01412e-05 -2.24511e-05 -7.32074e-06 -3.55503e-07 -8.27032e-07 -0.000158122 1.25533e-08 -1.07458e-07 4.76789e-06 -5.80995e-06 -1.91722e-08 1.29495e-08 1.13522e-08 -4.70283e-07 -6.89543e-06 -0.000211686 -5.26296e-05 -6.32839e-06 8.8296e-08 0.000107258 8.18586e-05 -1.128e-07 -2.11634e-07 -4.10473e-07 -2.93771e-05 -7.59349e-05 -1.28712e-06 1.47086e-07 -6.94806e-06 0.000237665 2.65687e-10 1.55639e-10 -3.37697e-05 -1.47003e-06 -2.57077e-05 0.000241567 -5.06731e-05 -1.53819e-05 -2.90208e-06 -5.36824e-05 7.25889e-06 -2.09592e-06 -0.00020788 1.2724e-05 -8.93513e-07 -0.000242254 -1.04201e-06 -3.84163e-05 -4.26207e-05 -3.59942e-07 -3.4859e-05 8.42918e-06 -1.35877e-06 
2.30674e-05 1.81593e-06 -5.59708e-06 6.35824e-06 -3.37646e-05 6.99525e-06 -2.09961e-09 1.3025e-05 -1.56426e-06 4.0435e-05 5.27647e-07 -3.51576e-05 3.88076e-06 3.53458e-06 -7.30183e-08 -3.55946e-05 1.25712e-05 -3.0776e-05 -1.48544e-06 3.04549e-07 2.20205e-05 1.67739e-05 -2.40879e-05 -3.13489e-05 1.42218e-05 -2.98083e-05 -1.29221e-05 -1.01053e-05 4.8614e-07 1.30835e-06 3.1712e-05 1.35947e-05 2.95733e-07 -2.55951e-06 -6.32793e-09 1.81137e-05 -8.5547e-07 -3.33374e-07 -3.49896e-05 1.1988e-05 8.28752e-07 7.06084e-07 -1.92652e-05 6.97151e-08 1.01898e-06 -1.08276e-09 1.26419e-05 -3.47615e-08 3.23714e-06 -1.17397e-07 -3.81506e-09 1.19127e-06 -4.30673e-06 -1.07629e-09 -2.17954e-10 4.34287e-06 -4.99229e-08 -1.49993e-09 -1.11026e-09 -9.73311e-10 5.97385e-08 1.28484e-05 -2.00637e-06 2.15122e-05 -5.73517e-08 -7.57028e-09 -3.10976e-05 -3.74903e-05 -4.56934e-11 2.31876e-08 -8.16821e-10 1.94391e-05 -3.30218e-08 6.04858e-06 1.04367e-08 7.70726e-06 -1.86437e-05 -2.27793e-11 -1.33441e-11 3.1025e-05 -1.10599e-07 -1.96352e-08 -2.03404e-05 -1.92746e-07 -1.55584e-08 -3.25124e-09 -1.42408e-07 2.88435e-06 3.09343e-06 -9.4561e-08 4.36775e-06 -2.70387e-10 6.80377e-07 6.85982e-07 -7.13273e-07 -6.33851e-08 -8.62379e-10 3.22204e-05 1.1248e-05 4.92772e-06 
2.2621e-05 4.00697e-06 -5.43168e-06 1.21332e-05 -5.12543e-05 2.14942e-07 -3.02176e-09 2.49888e-06 -4.17589e-06 5.27647e-07 5.81933e-05 -4.70675e-05 9.63668e-06 2.42341e-06 3.15302e-06 -4.67245e-05 2.41451e-05 -3.73199e-05 -1.80452e-06 5.31229e-08 4.2667e-05 2.87467e-05 -4.09506e-05 -3.76267e-05 3.41023e-06 -3.25079e-05 -1.74328e-05 1.3219e-05 3.97314e-06 -4.64812e-07 2.60774e-05 1.63926e-05 1.81996e-06 -2.72792e-06 -9.1072e-09 2.70397e-05 1.00986e-06 3.80354e-06 -4.68257e-05 -4.60074e-08 4.19738e-06 2.71188e-07 -2.39175e-05 -5.79782e-08 8.31844e-06 6.28442e-07 1.67287e-06 2.73304e-07 1.3679e-06 -6.56252e-08 -5.49066e-09 1.48556e-06 -6.53191e-06 -1.549e-09 -3.1368e-10 -1.33168e-06 1.0893e-05 -2.15871e-09 -1.59789e-09 -1.40079e-09 4.02957e-07 1.27444e-06 -3.05695e-06 3.21618e-05 1.48296e-05 -1.08952e-08 -5.17654e-05 -4.68759e-05 -6.57622e-11 -2.09702e-10 -1.17557e-09 2.59136e-05 -4.75251e-08 1.2654e-05 -1.85609e-08 1.27727e-05 -3.12806e-06 -3.27841e-11 -1.92049e-11 2.61366e-05 9.77492e-07 4.42507e-06 -1.94552e-05 1.25131e-06 3.73761e-06 -4.67921e-09 1.93171e-06 1.33912e-05 -7.23014e-07 -1.12759e-07 -3.35958e-06 -3.89142e-10 -3.6203e-07 1.32348e-07 4.50525e-07 5.86544e-06 1.08759e-07 2.68017e-05 -2.38302e-06 1.35022e-05 
-0.00409051 -0.000908502 0.00208185 -0.0120045 0.0153291 -0.00147113 -1.6939e-05 -0.00247028 6.48756e-05 -3.51576e-05 -4.70675e-05 0.0164309 -0.00236899 -0.000375898 1.89596e-05 0.00666066 -0.0131579 0.0137855 0.000598385 -0.000422117 -0.0136258 -0.000912054 0.00954061 0.0150094 -0.00398153 0.00257452 0.00870501 -0.00620445 -4.24236e-05 0.000174097 -0.00494165 -0.0123785 4.70698e-05 0.00112786 -3.38917e-05 -0.00384067 0.0014319 -6.69496e-05 0.0163301 -0.000747703 -0.00942857 -0.000773541 0.0120086 6.91403e-06 -0.00129725 -2.33426e-05 -0.00238471 -0.000616842 -0.000319632 4.61866e-05 -2.12135e-05 -7.72224e-05 0.0025983 -2.24486e-05 -9.59933e-07 0.000361697 -0.0097586 3.43166e-07 -9.9453e-07 4.02212e-07 -3.43527e-06 -0.00236101 0.00086522 -0.00401453 -0.0109225 -8.12498e-06 0.0157182 0.01596 -9.81118e-07 -3.07645e-06 -1.23591e-05 -0.0033321 1.3626e-05 -0.000174427 -3.15606e-05 -0.00861615 0.00367338 -5.17253e-07 -2.47819e-07 -0.00431106 -3.97626e-05 -0.000435013 -0.00114571 -3.94821e-05 -0.000341501 -4.56454e-07 5.82556e-05 -0.00904342 0.00102575 1.45331e-05 -7.48308e-05 -6.38493e-06 -0.000516133 -9.13371e-06 0.000251605 -0.00104374 -1.8647e-05 -0.00500322 -0.00127864 -0.000855745 
-4.25568e-05 0.000549419 -0.000254577 0.00161281 -0.00217472 -1.50227e-07 6.16265e-06 -6.09299e-06 -2.89349e-05 3.88076e-06 9.63668e-06 -0.00236899 0.00359517 0.000374285 0.00027292 -0.00164052 0.00165044 -0.00212722 -9.41835e-05 0.000377134 0.00232578 0.000467876 -0.000749093 -0.00162941 -1.05224e-05 -0.000137462 -0.0015289 0.00120556 2.01612e-05 -3.17583e-05 -1.43005e-05 0.000970685 6.38406e-05 -0.000230111 3.5552e-05 -2.36529e-05 -0.000301458 1.7995e-06 -0.00239624 2.12088e-06 0.00151607 1.847e-06 -0.0020684 6.58686e-07 0.000804743 1.75234e-05 -5.58486e-05 0.000107392 0.000319257 -9.95208e-06 1.82862e-05 6.30883e-05 -0.000657418 2.32396e-06 1.70552e-07 -0.000555627 0.00150644 2.79494e-07 -9.90689e-08 -8.68491e-08 2.00004e-08 -7.67078e-05 -0.000180521 0.000761977 0.00196909 -6.75501e-07 -0.00231945 -0.00234119 9.95923e-07 1.88367e-06 -7.28854e-08 0.000219297 -2.63989e-06 -7.89287e-06 -1.09744e-06 0.00156814 -0.00090064 -2.03261e-09 1.5476e-08 0.000242062 4.77712e-05 0.000259755 0.00021952 -4.92422e-05 0.000209172 5.23223e-07 -1.22839e-05 0.00151075 -0.00019006 -7.53774e-06 -0.000427333 1.95873e-07 0.000268294 -6.10987e-08 -5.53541e-05 0.000493557 3.66383e-07 -1.32337e-05 -0.000242567 0.000290119 
2.89781e-06 1.68645e-05 -1.41687e-05 -1.09255e-05 -0.000459572 3.00848e-06 1.31736e-06 -4.36823e-06 -2.78868e-05 3.53458e-06 2.42341e-06 -0.000375898 0.000374285 0.000628281 3.97251e-05 -0.000458157 0.000254662 -0.000340451 -5.11109e-06 -3.98456e-07 0.000353332 0.00032287 -0.00015531 -9.90545e-07 -1.25685e-06 -0.000412771 -7.6527e-05 0.00013636 1.86817e-05 3.03496e-05 -3.02333e-06 0.000163626 7.62171e-05 0.0001081 2.13516e-05 -9.12712e-07 -4.44148e-06 1.82136e-05 -0.000375622 -4.97e-07 1.09947e-05 -4.7063e-07 -0.000461591 5.17702e-06 0.000315665 -1.68339e-08 -9.94481e-06 -5.40444e-07 0.000200731 2.18381e-05 4.41069e-06 5.42661e-05 3.87766e-05 -1.67333e-08 -3.38857e-09 -9.75917e-05 -5.8695e-06 6.80014e-07 -1.72614e-08 -1.51322e-08 -7.32109e-10 -1.38722e-05 2.97842e-05 0.000363015 5.29871e-05 -1.17697e-07 -0.000401886 -0.000367178 6.65956e-07 1.35107e-06 -1.26993e-08 2.40846e-06 5.66604e-07 -6.03421e-07 8.22827e-07 4.69122e-05 -0.000250926 -3.54155e-10 1.64592e-08 0.00010762 1.81905e-05 0.000123091 -0.00031504 -5.4334e-06 9.26414e-05 -5.05477e-08 -2.10405e-06 0.000147891 -2.5837e-05 3.06651e-06 7.45786e-05 -4.20375e-09 0.000110776 -1.06456e-08 -8.54305e-06 0.000195865 2.43259e-07 -7.58274e-07 -5.44562e-05 0.000150069 
-5.1915e-05 1.329e-05 -0.000474218 -8.00598e-05 0.000139076 -6.68405e-06 1.72503e-06 -3.35284e-05 2.19678e-06 -7.30183e-08 3.15302e-06 1.89596e-05 0.00027292 3.97251e-05 0.00507704 -0.000564077 -6.63574e-05 0.00039056 -0.000128188 -4.61986e-06 -1.15729e-05 3.92111e-05 4.50494e-05 6.97759e-05 -1.96461e-05 -7.00423e-06 -0.00138602 -0.00136869 5.72902e-07 -4.16851e-05 -2.40288e-05 1.10127e-06 -5.20995e-05 -5.28142e-05 1.08142e-06 0.000301523 -0.000187887 -1.36983e-05 2.92878e-05 -3.77091e-06 -0.000110092 -3.31349e-06 0.000147389 -4.43726e-06 3.53907e-05 1.66898e-08 -6.62743e-06 -2.08355e-06 3.04052e-05 9.68123e-06 -4.81459e-07 1.08887e-05 -0.000533997 -1.35827e-07 -2.75056e-08 -0.00031933 -3.5834e-05 -5.26237e-08 -1.23447e-07 3.53835e-07 5.70001e-08 5.50562e-06 -0.00024485 1.0224e-05 -3.86754e-05 3.89463e-06 0.00013621 -1.10235e-05 -5.76648e-09 1.36161e-06 -1.03082e-07 -3.71805e-05 5.16002e-07 2.86879e-05 1.33579e-06 -9.47685e-06 8.43468e-05 -2.87474e-09 -1.68402e-09 -1.41217e-05 -1.16342e-05 -4.64622e-07 -0.000755753 1.33077e-05 -1.12346e-06 -2.80305e-07 4.58815e-06 -8.72821e-05 -4.55759e-05 -1.19335e-05 0.000163964 -3.41226e-08 -7.25961e-06 -8.64122e-08 -5.27627e-05 6.78083e-06 8.51168e-07 -2.40847e-05 -0.000130171 -6.29455e-05 
-0.00984739 -0.000602399 -0.00699787 -0.00257136 0.0234751 -0.00138351 -1.6184e-05 -0.00232048 5.32987e-05 -3.55946e-05 -4.67245e-05 0.00666066 -0.00164052 -0.000458157 -0.000564077 0.0790382 -0.00360962 -0.000886144 -0.00960126 -0.000401917 -0.0041213 -0.00120129 0.0410114 0.00592182 -0.00398426 0.0576914 -0.0184148 0.0218045 -0.000641292 -0.000221692 -0.00467232 -0.00513319 -0.00524908 -0.0337869 -4.52431e-05 -0.00338541 -0.0316063 -0.00288977 0.00659473 -0.000699501 -0.00261349 -0.000755185 0.0210883 5.31533e-05 -0.00120754 -1.60598e-05 -0.00784592 -0.000196165 -0.000798549 -0.00224756 -1.11233e-05 -7.51981e-05 -0.0339395 -2.05137e-05 -4.08696e-06 0.00376262 -0.000776155 -3.28572e-05 -7.87765e-06 -1.81173e-05 -3.15381e-06 -0.00681791 -0.00542373 -0.0037231 -0.00166817 -0.000135011 0.0185944 0.0128368 -9.02227e-07 -2.37156e-06 -1.25189e-05 -0.00234546 4.77454e-05 -0.00173563 -0.000239931 -0.00111175 0.0233001 -4.77924e-07 -2.2478e-07 -0.00397323 0.000131965 -0.000437829 0.0443465 -0.0109352 -0.000344149 -5.10898e-05 9.24397e-05 -0.0203945 -0.00342514 -0.000747969 -0.0607286 -5.6981e-06 -0.00147434 -1.36615e-05 0.000915309 -0.0010183 -1.71947e-05 -0.00469896 -0.000787673 -0.0275451 
0.00173133 0.000507636 -0.000281381 0.0114294 -0.014718 0.000483763 7.20228e-06 0.00071743 -9.24477e-05 1.25712e-05 2.41451e-05 -0.0131579 0.00165044 0.000254662 -6.63574e-05 -0.00360962 0.0173003 -0.0129458 -0.000627568 4.35609e-05 0.012635 0.00066106 -0.00858071 -0.0120821 0.00169134 -0.00275077 -0.00962594 0.00693541 2.62055e-05 -0.000155327 0.00257084 0.0109122 0.0010456 -0.001167 4.74141e-05 0.0035231 -0.000268913 9.4507e-05 -0.0134799 3.67809e-06 0.00916699 1.63361e-05 -0.00950229 2.25557e-05 0.00112724 1.01851e-05 0.000483677 0.000514884 0.000207449 -5.11271e-05 1.29452e-05 1.92555e-05 -0.0032637 7.1127e-07 2.91747e-07 -0.00148575 0.00903812 -6.53229e-07 -3.16856e-07 -4.23883e-07 3.83612e-06 0.000495839 -0.000700624 0.00334888 0.0105028 6.46976e-06 -0.0129445 -0.0156268 7.46767e-07 2.02654e-06 2.86094e-06 0.00327814 -1.32845e-05 0.000138959 -4.90988e-06 0.00785702 -0.00113015 6.34128e-08 2.47522e-07 0.00292461 -4.33199e-05 0.000420109 0.00140366 3.62638e-05 0.000336881 -4.99269e-07 -5.92597e-05 0.00832914 0.000990236 0.000116688 -0.00173657 6.08225e-06 0.00179421 -1.78203e-07 -0.000109298 0.00139031 1.08644e-05 0.00263983 -0.000265401 -0.000417508 
-0.00328302 -0.000810119 0.00295767 -0.0144718 0.00924034 -0.00123598 -2.59845e-05 -0.00701075 5.8486e-06 -3.0776e-05 -3.73199e-05 0.0137855 -0.00212722 -0.000340451 0.00039056 -0.000886144 -0.0129458 0.143692 0.0020195 -0.000722832 -0.0116258 -0.00103301 -0.00862143 0.0129286 -0.00336435 0.0327133 -0.0148825 -0.0264489 -0.000107058 -0.00476296 -0.00416404 -0.0199295 0.00137932 0.00941589 -3.62916e-05 -0.00254457 -0.00279513 -0.00118638 0.016964 -0.000647349 -0.0064966 -0.000654063 0.0110449 -0.000148725 -0.00109795 -1.98088e-05 -0.0117796 -0.000630005 -0.000195791 0.000497332 -5.51582e-05 -6.03024e-05 0.0184651 -1.93867e-05 -1.75734e-07 -0.0316806 -0.00823545 4.84911e-06 -9.59053e-06 -8.91298e-06 -3.14178e-06 -0.0171458 0.00792089 -0.00340199 -0.0115663 1.84894e-05 0.0194144 0.0234139 -9.33435e-07 -2.72319e-06 -1.55562e-05 -0.00590827 0.000121487 0.00018496 -0.000122928 -0.00733048 0.00451491 -4.65341e-07 -2.72596e-07 -0.00363602 -0.00135178 -0.000358676 -0.0116929 0.00190772 -0.00028528 9.62296e-06 -0.000481723 -0.00340751 -0.0186921 0.000345419 -0.00393403 -5.38684e-06 -0.000490783 -7.38109e-06 -0.00408027 -0.00109498 -1.53802e-05 -0.00421409 -0.0291748 0.00223447 
-0.000426001 -3.59584e-05 -0.00236043 -0.000734396 -0.00223329 -5.57942e-05 -1.62407e-06 -0.000334156 -4.33412e-05 -1.48544e-06 -1.80452e-06 0.000598385 -9.41835e-05 -5.11109e-06 -0.000128188 -0.00960126 -0.000627568 0.0020195 0.0353855 -4.03883e-05 -0.000512747 -1.14033e-05 -0.00228004 0.000401482 -0.000159332 -0.00743852 0.00757468 -0.00658557 0.000121312 -0.000134118 -0.000181877 -0.000959401 9.37552e-05 0.00394109 6.03801e-06 -0.000257496 0.000186462 0.00194432 0.000669023 -2.86908e-05 -0.000614292 -3.03844e-05 0.000746614 -3.61171e-05 -4.39141e-05 -9.8364e-07 -0.000492088 -3.06694e-05 -2.45727e-06 0.000213736 -3.12249e-06 -1.94782e-06 0.000892807 5.57053e-09 5.33177e-09 -0.00329238 -0.000366341 1.62404e-06 -5.81954e-07 -6.84211e-07 -2.37553e-07 -0.000794518 0.00131838 -0.00013228 -0.000543996 -4.27395e-06 -9.78518e-05 0.000566821 -4.15105e-08 -1.32368e-07 -5.7538e-07 -0.000185818 2.60178e-05 -6.731e-05 1.4794e-05 -0.000324229 -0.000296998 -2.0694e-08 -1.21225e-08 -0.000161455 -9.94145e-05 -2.70777e-06 -0.0146504 0.0013792 -8.82749e-06 2.07931e-05 -0.000127932 -0.00062216 -0.00185358 8.43754e-05 0.00479673 -2.45635e-07 -5.36788e-05 -6.22046e-07 -0.000645045 -3.3326e-05 -7.83435e-07 -0.000187895 -0.00272212 0.000805151 
-1.39974e-05 0.00022584 -0.000178048 0.000386884 -0.000502087 -1.83237e-06 2.84025e-07 0.000185997 -1.02434e-06 3.04549e-07 5.31229e-08 -0.000422117 0.000377134 -3.98456e-07 -4.61986e-06 -0.000401917 4.35609e-05 -0.000722832 -4.03883e-05 0.00120498 0.000434384 1.10977e-05 -8.44452e-05 -0.000528974 -4.79267e-06 -5.71488e-06 -0.000378361 -1.27329e-05 7.30335e-07 3.2089e-06 -6.20477e-06 -2.49861e-05 1.10113e-05 -4.58176e-05 5.17872e-07 1.9065e-06 1.01016e-05 6.46871e-05 -0.000591347 3.42625e-06 0.000527987 -9.55217e-07 -0.000897452 2.74809e-06 3.30884e-05 4.6777e-06 0.000242839 7.07662e-05 -1.07996e-06 -2.88589e-06 9.22844e-07 2.79226e-06 -5.23154e-05 8.50789e-06 2.46831e-07 0.000377168 0.000427395 -4.47506e-08 1.46354e-06 3.76278e-08 -7.8016e-09 0.000230236 4.37094e-05 -4.9096e-06 0.000440037 -1.8586e-07 -0.000655749 -0.000599279 1.4197e-07 -4.34718e-09 6.08963e-07 0.000153179 -6.41876e-07 -2.7658e-06 1.61895e-07 0.00042951 -0.000668668 -6.79624e-10 -3.98123e-10 -5.32127e-06 1.36103e-05 2.25751e-06 -0.000180258 -8.43632e-06 -4.64187e-07 1.06332e-07 6.01227e-07 0.000448954 -2.48852e-05 3.07021e-05 -1.93227e-05 2.85996e-08 -8.3515e-06 -2.04289e-08 0.000217854 9.5089e-06 7.80937e-07 -6.25264e-06 0.000270484 0.000153676 
0.00141627 0.000917993 -0.00165337 0.0121409 -0.0128832 0.000464031 1.75353e-05 -1.84406e-05 -5.18104e-05 2.20205e-05 4.2667e-05 -0.0136258 0.00232578 0.000353332 -1.15729e-05 -0.0041213 0.012635 -0.0116258 -0.000512747 0.000434384 0.0138865 0.000909336 -0.00839016 -0.0126706 0.00147718 -0.000407976 -0.00774438 0.00719706 2.82149e-05 -0.000147772 0.00232169 0.00982272 -8.16886e-05 -0.000952251 2.65625e-05 0.00367396 -0.00122962 4.23494e-05 -0.0137578 -2.20146e-06 0.00954497 1.34565e-05 -0.00944062 -1.16853e-05 0.00122703 2.17229e-05 -0.000212009 0.000637465 0.000274215 -3.99917e-05 1.92445e-05 7.52929e-05 -0.00269639 2.12251e-05 9.74083e-07 -0.00240948 0.00981451 -2.45788e-07 -3.86724e-07 -3.39023e-07 3.49558e-06 -0.000287174 -0.00073645 0.00328635 0.0110589 -2.35021e-06 -0.0132131 -0.0134722 9.84084e-07 2.63925e-06 7.72152e-07 0.00340965 -1.14888e-05 0.000178684 -2.66547e-06 0.00873617 -0.00130647 6.53989e-08 2.48685e-07 0.0026491 4.02429e-05 0.000375891 0.00276741 6.14115e-05 0.000283761 6.6753e-07 -4.95169e-05 0.00932202 -0.000886494 -2.78474e-05 -0.00171684 6.34915e-06 0.00047366 9.17816e-06 -0.000198369 0.000945108 1.28663e-05 0.00238936 -0.00120129 -8.73224e-06 
0.000275904 5.02246e-05 -0.000167915 8.43955e-05 -0.000962284 2.99111e-05 1.45081e-06 -1.092e-05 -1.73099e-05 1.67739e-05 2.87467e-05 -0.000912054 0.000467876 0.00032287 3.92111e-05 -0.00120129 0.00066106 -0.00103301 -1.14033e-05 1.10977e-05 0.000909336 0.00171476 -0.000503889 -0.000422473 4.51445e-05 -0.00100229 -9.35053e-05 0.000384603 1.53634e-05 -2.7538e-06 0.000408919 0.000390789 3.63367e-05 0.00023806 1.26412e-05 0.00043964 -1.10447e-05 6.18153e-05 -0.000931103 -1.35793e-06 0.000130121 -8.90709e-07 -0.000498821 -1.70793e-06 0.000433211 -4.59945e-08 -1.59184e-05 2.69003e-06 0.000190116 4.3631e-06 5.61794e-06 6.0964e-05 -0.000210764 -4.57196e-08 2.54075e-07 -0.000165367 1.54301e-05 3.16285e-07 -4.71625e-08 -4.13452e-08 3.58892e-07 -2.30749e-05 -6.7476e-05 0.000863302 0.000124164 1.78422e-07 -0.000776781 -0.000940857 8.54726e-07 1.34714e-06 -3.46977e-08 0.000449548 -1.1894e-06 0.000215115 2.16609e-09 8.83861e-05 -0.000233954 -9.67641e-10 1.60998e-08 0.000641317 1.65885e-05 9.53659e-05 -0.00075993 1.99789e-05 5.56158e-05 -1.38109e-07 -5.36269e-06 0.000117713 4.98317e-05 -3.13018e-06 0.000127762 8.51427e-09 7.0512e-05 9.37091e-06 2.16438e-06 0.000181347 7.10034e-07 0.000430541 -0.000131333 6.94054e-05 
-0.00780365 -0.000893004 -0.029251 -0.00923846 0.0456065 -0.00105288 -2.56947e-05 -0.000730202 0.000308831 -2.40879e-05 -4.09506e-05 0.00954061 -0.000749093 -0.00015531 4.50494e-05 0.0410114 -0.00858071 -0.00862143 -0.00228004 -8.44452e-05 -0.00839016 -0.000503889 0.120299 0.0114118 -0.00269034 0.0479929 -0.0192173 0.0288443 -0.000433578 -0.00338037 -0.00320853 -0.00728164 -0.00828008 -0.0343293 -8.97067e-05 -0.00568927 -0.0375787 0.000638379 0.00931206 -0.000197714 -0.0122808 -0.000290187 0.0222338 -0.000474752 8.81563e-05 -9.19835e-06 -0.000293495 -0.000221309 -0.000406402 -0.00197533 9.38637e-07 -3.72973e-05 -0.0541462 -4.12407e-06 -4.12282e-06 0.0213509 -0.00636373 -3.15655e-05 -3.3325e-07 -8.93575e-07 -3.70557e-06 0.000791803 -0.0352092 -0.00180529 -0.00655047 -0.000147153 0.0153014 0.0132551 -7.52918e-08 5.03961e-07 -7.7615e-06 -0.00206752 -0.000123703 -0.00143101 -1.67941e-05 -0.00666219 0.0201727 -4.47879e-07 4.61537e-08 -0.00267157 0.000301643 -3.54689e-06 0.0490005 -0.0109852 4.40358e-05 -5.43415e-05 -0.00116468 -0.0309297 0.001111 -0.00190785 -0.0491348 -3.56814e-06 -0.00217696 -1.15417e-05 -0.00155898 -5.78808e-05 -1.80939e-05 -0.00321454 0.00294245 -0.0263462 
-0.00405746 -0.000903185 0.00182906 -0.0122661 0.015699 -0.00146634 -1.70016e-05 -0.00239205 0.000211246 -3.13489e-05 -3.76267e-05 0.0150094 -0.00162941 -9.90545e-07 6.97759e-05 0.00592182 -0.0120821 0.0129286 0.000401482 -0.000528974 -0.0126706 -0.000422473 0.0114118 0.0179927 -0.00409276 0.00202952 0.00912578 -0.00514165 1.66517e-06 0.000183705 -0.00489692 -0.0113811 -0.00072098 0.000971835 -1.70218e-05 -0.00391134 -8.48277e-06 0.000105128 0.0152577 -0.00074923 -0.0102633 -0.000771807 0.0122369 -0.00040262 -0.000217583 -2.35159e-05 -0.00238435 -0.000661407 5.67188e-07 -2.6671e-05 -2.47074e-05 -2.53996e-05 0.00104195 -2.26888e-05 -1.06121e-06 0.000641444 -0.00978397 6.7987e-07 -8.03423e-07 4.4117e-07 -3.49814e-06 -0.0022975 -0.000863721 -0.00267514 -0.0107288 1.3347e-06 0.0148106 0.0152101 -2.12622e-07 -1.70396e-06 -1.04964e-05 -0.00365744 -5.93423e-05 -0.000193831 -4.81677e-05 -0.00865021 0.00507726 -5.16342e-07 -2.30618e-07 -0.00384468 -3.46257e-05 -3.848e-05 -0.00137205 -0.00071545 3.41213e-06 -1.1823e-05 3.36658e-05 -0.00962852 0.00112031 -0.00128725 -0.00137755 -6.37411e-06 -0.000562027 -1.15763e-05 5.8389e-05 -0.00019313 -1.80758e-05 -0.00491751 -0.00117879 -0.000963595 
0.00386994 -5.37246e-06 -0.000655809 0.00120418 -0.00388164 0.0013852 7.12061e-08 0.002349 -3.17085e-05 1.42218e-05 3.41023e-06 -0.00398153 -1.05224e-05 -1.25685e-06 -1.96461e-05 -0.00398426 0.00169134 -0.00336435 -0.000159332 -4.79267e-06 0.00147718 4.51445e-05 -0.00269034 -0.00409276 0.00438696 -0.00332146 -0.00148531 -0.000540477 2.27104e-05 -4.68293e-05 0.00402934 0.00362468 -3.09912e-05 -0.000248341 9.00446e-07 0.0016565 -0.00031578 -2.80677e-05 -0.00409382 0.000744493 -6.00234e-05 0.000755718 -0.0028735 -4.38984e-06 3.77605e-05 2.03868e-06 0.00253457 -3.36129e-06 -3.76111e-06 0.000159031 -4.15727e-07 -1.98296e-07 5.70103e-05 -1.17283e-07 -2.37504e-08 0.00162122 -3.00795e-05 -1.63447e-07 1.22568e-06 -1.06062e-07 8.41505e-07 0.00252438 -0.000226931 0.00171971 7.00714e-06 1.0184e-06 -0.00415586 -0.00400298 -4.97921e-09 -1.58777e-08 9.98099e-06 0.00132591 -3.59838e-06 -2.7281e-06 5.76013e-05 -1.63911e-05 -0.00257412 4.50851e-07 -1.45411e-09 0.00294594 -9.08863e-06 1.76702e-06 -0.00236036 2.00115e-05 -1.6954e-06 -3.54288e-07 -1.19949e-05 3.05572e-05 -0.000253249 -7.64097e-06 0.00188864 6.33869e-07 1.11097e-05 2.59872e-06 -7.55151e-05 3.07129e-05 6.11269e-06 0.00402278 0.00225633 0.0011351 
-0.00904876 3.61428e-05 -0.0662208 -0.00287543 0.0298037 -0.00115388 -1.88071e-05 -0.00552162 0.000216692 -2.98083e-05 -3.25079e-05 0.00257452 -0.000137462 -0.000412771 -7.00423e-06 0.0576914 -0.00275077 0.0327133 -0.00743852 -5.71488e-06 -0.000407976 -0.00100229 0.0479929 0.00202952 -0.00332146 0.182146 -0.0633442 0.0410259 -0.000535313 -0.00573198 -0.00389813 -0.00781492 -0.00776101 -0.032416 -5.68355e-05 -0.00196553 -0.054528 -0.00460224 0.00489923 -0.000579711 0.00209557 -0.000628698 0.0237828 -0.000151714 -0.000932223 3.04333e-06 -0.0119587 0.000167357 -0.000677364 -0.00215917 2.46715e-06 -5.73028e-05 -0.0397535 6.25501e-06 -1.63236e-06 -0.0206089 0.00230109 -2.8009e-05 -1.10305e-05 -1.39783e-05 -3.67782e-06 -0.0131744 -0.012802 -0.00314796 0.00215336 -0.000129154 0.023039 0.0152191 -3.32685e-07 -5.03626e-07 -1.15719e-05 -0.00196129 7.61592e-06 -0.00147879 -0.000233668 0.00181894 0.0209629 -3.91742e-07 -1.74294e-07 -0.00334166 0.000585986 -0.000352904 0.0833547 -0.0104281 -0.000288775 -3.87991e-05 -0.000988982 -0.0132979 -0.0281286 -0.00101975 -0.0586194 -3.79846e-06 -0.0049869 -1.26909e-05 -0.00372969 -0.00114898 -7.75201e-06 -0.00392111 -0.023661 -0.0291069 
0.00125254 -0.000419408 0.037289 -0.00558078 -0.00441436 -0.000625941 1.16035e-06 -0.00302557 0.000149563 -1.29221e-05 -1.74328e-05 0.00870501 -0.0015289 -7.6527e-05 -0.00138602 -0.0184148 -0.00962594 -0.0148825 0.00757468 -0.000378361 -0.00774438 -9.35053e-05 -0.0192173 0.00912578 -0.00148531 -0.0633442 0.24447 -0.111365 8.73841e-05 0.00403433 -0.00210797 -0.011472 0.00147283 0.0224556 -4.85558e-05 -0.00121852 0.0152662 0.0020213 0.00966208 -0.000449782 -0.00998151 -0.000356874 -0.00329583 -0.000436633 -0.000665922 -1.33596e-05 -0.00447618 -0.000478269 0.000135444 0.00117074 -4.89595e-05 -9.86691e-06 0.023712 -1.48577e-05 -1.25832e-07 0.0222574 -0.00570034 1.57282e-05 5.7065e-06 2.93501e-06 -1.75757e-06 -0.00817984 0.00166681 -0.00201402 -0.00837654 6.11444e-05 0.00106048 0.00792241 -6.49033e-07 -1.0163e-06 -5.84219e-06 -0.00260351 -0.000451054 -0.000218067 7.13889e-05 -0.0050018 -0.00416776 -3.23559e-07 -1.12874e-07 -0.00225769 -0.00138939 -0.000248704 -0.105925 0.000193101 -0.000186516 -1.57759e-06 0.00107064 0.00518965 0.0101106 -0.000965959 0.0101314 -3.65059e-06 0.000461808 6.21407e-06 -0.00368772 -0.000859768 -7.65264e-06 -0.00215592 -0.0121659 0.0164793 
-0.00338635 0.000284339 -0.019928 0.00647806 0.0152607 -0.000511671 -1.20328e-05 -0.00322617 0.000123478 -1.01053e-05 1.3219e-05 -0.00620445 0.00120556 0.00013636 -0.00136869 0.0218045 0.00693541 -0.0264489 -0.00658557 -1.27329e-05 0.00719706 0.000384603 0.0288443 -0.00514165 -0.000540477 0.0410259 -0.111365 0.232278 -0.000274213 -0.00218683 -0.000125468 0.00336403 -0.00278711 -0.0241044 1.91207e-05 -0.00023259 -0.0287059 -0.00151032 -0.00523222 -0.000282398 0.00093964 -0.000280075 0.00493869 -0.000151117 0.000786614 1.24996e-05 -0.00580582 0.000398519 -2.49196e-05 -0.00102145 5.4213e-05 1.17549e-05 -0.0654955 1.41483e-05 -9.57468e-07 -0.0382755 0.00529922 -1.35754e-05 -1.49656e-06 -8.75407e-06 1.10753e-06 -0.00812335 -0.0187284 0.00127309 0.0077717 -6.85843e-05 0.00499789 -0.00373541 4.58762e-07 9.74686e-07 -7.29759e-06 0.0034593 -0.000230946 -0.000623561 -9.08327e-05 0.0046357 0.0118608 -9.66742e-08 1.32264e-07 0.000456142 0.000810001 0.000266565 0.0959816 -0.00370769 0.000201887 -2.78015e-05 -0.00111254 -0.00713083 -0.0195218 -0.000660198 -0.0408053 2.84681e-06 -0.000555651 -5.35245e-06 -0.00122052 0.000669797 5.35732e-07 -7.37061e-05 -0.028292 -0.0142169 
4.75547e-05 2.97251e-06 -0.000134499 -1.57089e-05 -0.000102146 -4.03671e-07 -2.77586e-08 1.78216e-05 1.47137e-07 4.8614e-07 3.97314e-06 -4.24236e-05 2.01612e-05 1.86817e-05 5.72902e-07 -0.000641292 2.62055e-05 -0.000107058 0.000121312 7.30335e-07 2.82149e-05 1.53634e-05 -0.000433578 1.66517e-06 2.27104e-05 -0.000535313 8.73841e-05 -0.000274213 0.000918944 2.10793e-07 5.94612e-06 0.000120222 4.18554e-05 0.000237315 -7.27127e-09 -4.9954e-06 2.97798e-05 9.7336e-06 -8.46216e-05 2.69619e-06 -1.74916e-05 3.09854e-06 -0.000249513 1.13366e-06 4.2287e-05 -2.46289e-08 8.44108e-05 -7.90701e-07 7.4633e-06 8.5263e-05 -8.67791e-08 3.0172e-06 0.000506199 -2.44817e-08 -4.95767e-09 3.77942e-05 -9.17264e-06 -3.41181e-08 1.48079e-07 1.51194e-07 -5.94798e-09 8.3707e-05 -3.53407e-05 4.46665e-05 1.55466e-05 -3.55303e-08 -0.000237533 -0.000148406 -1.03936e-09 -3.31431e-09 1.08087e-07 -6.84449e-06 -6.41128e-07 1.18978e-06 1.15998e-06 -1.58854e-06 -0.000449035 -5.18148e-10 -3.03531e-10 2.73638e-06 -2.28907e-06 3.66267e-05 -0.000482377 6.80246e-05 3.20361e-05 7.02712e-07 -3.11595e-06 0.000438202 -3.3337e-05 -1.73759e-06 0.000534931 -6.15033e-09 1.20793e-06 1.41092e-07 -1.07094e-05 3.72249e-05 2.37173e-08 1.14896e-05 3.53704e-05 0.000167718 
-7.42906e-05 2.96147e-05 -0.000678277 -0.000207313 -0.0015664 -1.70228e-05 3.53911e-06 -5.00784e-05 -1.03133e-05 1.30835e-06 -4.64812e-07 0.000174097 -3.17583e-05 3.03496e-05 -4.16851e-05 -0.000221692 -0.000155327 -0.00476296 -0.000134118 3.2089e-06 -0.000147772 -2.7538e-06 -0.00338037 0.000183705 -4.68293e-05 -0.00573198 0.00403433 -0.00218683 2.10793e-07 0.0111251 -5.5265e-05 -0.000176522 -2.61003e-05 0.0032421 -1.22745e-06 0.000107028 -0.000243335 -6.75696e-05 0.000206475 -8.7817e-06 -0.000185606 -7.76726e-06 0.00042649 -1.01928e-05 -1.15174e-05 -3.01283e-07 -0.000139654 -6.7059e-06 1.68945e-05 -6.74633e-06 -1.04823e-06 5.85778e-06 0.000217073 -2.99483e-07 2.22687e-07 0.00236666 -0.000111631 -2.1403e-07 -2.65601e-07 -2.50829e-07 -7.2761e-08 -0.000251916 0.000936663 -3.64172e-05 -0.000168767 -1.8798e-06 0.000486948 -0.000105619 -1.27144e-08 -4.05436e-08 1.46049e-07 -8.09047e-05 -7.77515e-06 -2.51065e-05 -3.58854e-06 -9.03899e-05 -0.000143419 -6.33846e-09 -3.71306e-09 -4.85084e-05 -2.76647e-05 -5.4636e-06 -0.00454842 -0.000155589 -4.32921e-06 4.61992e-07 0.000485931 0.000622513 0.00195695 -2.59254e-05 0.000636891 -7.52364e-08 -6.50249e-05 1.39471e-07 -0.00015342 -1.55272e-05 -1.99961e-07 -5.53681e-05 -0.000851871 8.16284e-05 
0.00425499 -4.26686e-06 -0.000851179 0.00165353 -0.00472666 0.00146024 4.68962e-06 0.00247205 -3.4801e-05 3.1712e-05 2.60774e-05 -0.00494165 -1.43005e-05 -3.02333e-06 -2.40288e-05 -0.00467232 0.00257084 -0.00416404 -0.000181877 -6.20477e-06 0.00232169 0.000408919 -0.00320853 -0.00489692 0.00402934 -0.00389813 -0.00210797 -0.000125468 5.94612e-06 -5.5265e-05 0.00511662 0.00400198 -5.54153e-05 -0.000311363 -6.64839e-07 0.00256334 -0.000419453 -3.46446e-05 -0.0050184 0.000751597 -4.82187e-05 0.000753923 -0.00272846 -5.12377e-06 4.92026e-06 1.99895e-06 0.00256526 -1.33792e-06 -3.5539e-06 4.53151e-05 -4.85232e-07 1.283e-05 -0.000284507 -1.36891e-07 -2.77211e-08 0.00156464 -4.37728e-05 -1.90774e-07 1.15879e-06 -1.23794e-07 3.26741e-07 0.00257699 -0.000262003 0.00268717 0.000193567 5.33815e-07 -0.00478451 -0.00488196 -5.81167e-09 -1.85322e-08 8.28944e-06 0.00223929 -4.19999e-06 0.000202674 4.9003e-05 0.000108571 -0.00244592 5.23769e-07 -1.69721e-09 0.00396469 -1.10569e-05 -2.41737e-06 -0.002765 0.000195255 -1.88218e-06 -4.1352e-07 -1.8086e-05 -0.000157094 -0.000296547 -9.64039e-06 0.00157339 1.38228e-06 -3.60594e-05 8.37624e-06 -9.07846e-05 -6.25851e-06 1.05003e-05 0.0050393 0.00225226 0.000910678 
0.00344689 0.000310309 -0.0022453 0.00898224 -0.0119093 0.00122881 6.64075e-06 0.0059685 -2.80553e-05 1.35947e-05 1.63926e-05 -0.0123785 0.000970685 0.000163626 1.10127e-06 -0.00513319 0.0109122 -0.0199295 -0.000959401 -2.49861e-05 0.00982272 0.000390789 -0.00728164 -0.0113811 0.00362468 -0.00781492 -0.011472 0.00336403 0.000120222 -0.000176522 0.00400198 0.0265864 -0.000147299 -0.00167524 1.74759e-05 0.0022309 -0.00226461 0.000602456 -0.014627 0.000735201 0.00713854 0.000723061 -0.0121142 -2.6721e-05 0.00102667 2.3381e-06 0.00583753 0.000190103 8.09719e-05 -3.64357e-05 -2.31883e-06 2.17403e-06 -0.00148802 8.25805e-07 2.52672e-07 0.0026513 0.00710877 -8.50559e-07 1.34951e-06 -5.94585e-07 3.14991e-06 0.00628248 -0.000954112 0.00292471 0.00804465 6.34613e-06 -0.0161431 -0.013281 -3.08869e-08 2.14841e-07 1.16879e-05 0.00139985 -2.08614e-05 1.0096e-05 2.80242e-06 0.00603799 -0.00268252 5.11269e-07 2.44313e-07 0.00334451 -7.32905e-05 0.000333247 -0.00147891 -0.000155836 0.00027357 -1.51104e-06 -8.26723e-05 0.00630069 -0.00110684 -4.79161e-05 0.00352362 4.65056e-06 0.000346723 -1.36182e-07 0.00151707 0.00112883 1.53371e-05 0.00407026 0.00485918 0.000422453 
0.0020151 -1.242e-05 0.00401104 -0.000151692 -0.00658185 -1.2213e-05 1.44798e-07 -8.8122e-05 -0.000241254 2.95733e-07 1.81996e-06 4.70698e-05 6.38406e-05 7.62171e-05 -5.20995e-05 -0.00524908 0.0010456 0.00137932 9.37552e-05 1.10113e-05 -8.16886e-05 3.63367e-05 -0.00828008 -0.00072098 -3.09912e-05 -0.00776101 0.00147283 -0.00278711 4.18554e-05 -2.61003e-05 -5.54153e-05 -0.000147299 0.011269 -0.000529275 3.59562e-05 -6.96938e-05 0.00605591 -4.58643e-06 9.53823e-05 -8.74806e-06 0.00243999 -8.90404e-06 -0.00636957 0.000341291 5.77448e-05 -2.95224e-07 -0.000136529 -9.7991e-06 0.000194813 0.00019812 1.37886e-07 1.05881e-05 0.00487331 -2.23401e-07 2.0856e-07 -0.00141514 -0.000113676 4.65384e-06 2.10702e-06 1.88962e-07 2.3962e-07 -0.000199629 0.00319193 7.09654e-05 -0.000163112 5.01598e-06 -0.0024274 -0.00244984 7.53786e-07 -4.1074e-08 5.46409e-07 -8.15266e-05 3.71113e-05 -2.08903e-06 1.86212e-05 -9.99415e-05 -0.00674548 -6.42138e-09 -3.76163e-09 -4.43093e-06 -7.64064e-06 7.57616e-05 -0.005784 0.00391517 2.59475e-05 1.20682e-06 0.000101132 0.00325253 0.000830351 0.00154796 0.00499332 -7.62206e-08 0.00205473 1.82698e-06 -6.76708e-05 0.000234029 2.93566e-07 -5.68009e-05 -0.00052992 0.00333039 
