0.0144502 -0.00117012 -2.66992e-05 -2.71516e-06 -1.04785e-05 -0.000436013 0.00223943 -8.00692e-05 7.50005e-05 -1.1665e-07 -0.00334059 -0.00545703 -2.78616e-06 -7.95325e-06 -1.59766e-05 -0.000296083 -0.00125053 -7.41018e-05 -3.40943e-05 -8.71633e-05 0.00694437 -5.40931e-05 0.000584114 -0.00697258 3.70614e-06 0.00218165 0.0034674 -0.00464571 -0.000682624 -0.00168372 -1.29574e-05 1.53278e-07 -5.53156e-05 -5.10549e-06 -3.56418e-05 -1.5923e-05 -7.18233e-06 -1.80314e-05 -0.00304311 -0.000402664 -4.07192e-06 0.000849744 0.00152893 0.00129355 -6.88393e-06 -0.000117524 -0.000947952 -0.00203115 -0.00143257 -0.00331975 0.0039645 0.00179002 -5.71929e-05 -0.00844418 -3.57487e-05 -1.05458e-05 -0.000661379 -2.58924e-05 5.62168e-09 -6.2852e-05 -2.38882e-05 -8.83669e-06 -0.00189106 -0.000797955 -4.48373e-06 -0.00026481 -0.000637056 -0.000260682 -0.000613968 -1.98773e-05 -2.42348e-05 -4.5656e-05 0.00304822 -0.000524362 0.00430849 -1.34679e-06 0.000252404 0.000743052 0.00232415 4.64582e-06 -0.00297973 -0.00598318 -9.55303e-08 -7.30585e-05 -3.70384e-05 -0.00015738 -0.000146439 0.0103262 -0.00060604 -2.02966e-06 0.0017867 -0.000515025 0.000454473 -0.000425487 -0.00680717 5.53998e-05 0.00735048 -7.7933e-05 -6.38886e-06 -6.86635e-06 
-0.00117012 0.00177158 1.98991e-05 7.95596e-07 4.51137e-07 -3.01576e-06 -0.000292694 1.37299e-07 -1.43698e-05 -2.62607e-07 0.00103359 0.000496437 0.00032053 1.10135e-06 5.51937e-08 0.000467297 0.00117447 9.94091e-05 1.50855e-05 4.63121e-07 -0.00153246 2.20995e-07 -6.96187e-05 0.00147029 1.63341e-05 -0.0010889 -0.00102543 0.000773636 3.78088e-05 7.46917e-05 8.33694e-08 -3.02474e-08 5.28303e-05 0.00016834 1.05136e-05 3.91343e-07 8.81133e-07 1.91669e-06 0.0010824 8.19831e-05 1.13353e-06 -0.00132264 0.000130025 -0.000557039 3.44421e-06 1.61442e-06 0.000946855 0.00102904 1.36127e-05 4.27139e-05 -0.00104065 -0.000682701 -2.11333e-07 0.00102547 -8.60805e-08 -3.56682e-07 1.01547e-05 1.47064e-05 -6.80314e-10 1.76821e-06 -5.46795e-08 2.28761e-06 0.00016467 0.000811139 4.66937e-06 2.43039e-07 -7.23346e-06 4.72748e-07 -0.000435287 1.10027e-05 2.50654e-05 -3.87378e-07 -0.00153625 7.27882e-05 -0.00100642 6.12075e-07 -6.78872e-05 1.0577e-05 -0.000310935 -8.78475e-07 0.000885954 0.000659323 1.08249e-07 -1.35714e-07 2.91382e-05 1.88099e-05 5.20394e-07 -0.00134476 -4.89954e-06 2.79402e-06 -0.00115077 0.000578544 -0.000947199 2.65416e-06 0.00125079 5.64394e-05 -0.00138395 9.55848e-06 -1.22397e-08 5.31584e-06 
-2.66992e-05 1.98991e-05 5.68734e-05 -4.4142e-09 -4.12981e-09 2.44336e-07 -4.76772e-06 1.30277e-07 -4.98768e-07 -8.41604e-09 2.05603e-05 1.35487e-05 -9.29957e-07 -9.18179e-10 -3.03835e-09 7.09245e-06 1.98887e-05 -4.04127e-06 -3.56427e-09 1.07136e-06 -1.87892e-05 1.11699e-07 -9.24504e-07 2.29947e-05 -2.3798e-08 -2.96475e-05 -2.64708e-05 1.92935e-05 -4.3409e-08 2.72481e-07 -1.49546e-08 -9.69368e-10 6.5271e-07 -2.37668e-06 2.46698e-07 -1.3457e-09 -2.848e-09 -1.06739e-09 3.10006e-07 3.35659e-06 5.14384e-08 -7.23674e-06 -6.89127e-06 -1.80874e-05 -2.00149e-09 -3.35704e-08 1.99451e-05 2.17148e-05 4.05146e-06 1.72335e-06 -2.46825e-05 -1.91134e-05 -2.06603e-08 2.23797e-05 -2.75871e-09 3.6112e-08 2.43169e-07 1.44737e-07 -2.18027e-11 1.76311e-07 -1.75237e-09 -4.5634e-09 4.33075e-07 1.97684e-06 8.61123e-08 1.78006e-07 3.93183e-07 -2.43753e-08 -5.16173e-06 6.26469e-07 2.21904e-07 -3.14299e-08 -1.94079e-05 5.84038e-07 -1.55513e-05 -7.88121e-10 -2.32106e-06 -6.66013e-06 -1.53134e-05 -2.81534e-08 1.6868e-05 2.92906e-05 -5.61183e-11 -4.34936e-09 5.06034e-07 9.52041e-07 -9.06766e-09 -2.29532e-05 -2.14914e-07 -6.38763e-09 -2.56788e-05 -1.31063e-07 -1.09581e-05 -4.08883e-08 1.92335e-05 -3.95279e-07 -1.24148e-05 2.79995e-07 -3.92259e-10 -4.53686e-10 
-2.71516e-06 7.95596e-07 -4.4142e-09 7.7604e-05 -5.63526e-09 1.95506e-07 -8.63022e-06 -8.71845e-09 -6.80585e-07 -1.1484e-08 9.69347e-07 5.98255e-06 -1.11787e-06 -1.25288e-09 -4.14593e-09 1.5538e-06 1.56357e-06 -5.33697e-06 -4.86356e-09 -1.63354e-08 -5.20243e-06 8.86736e-08 -2.06291e-06 1.20013e-06 1.9086e-07 -1.41398e-05 -7.71303e-06 1.67207e-05 -5.9233e-08 9.32187e-07 1.29273e-08 -1.32273e-09 -1.01229e-07 5.88027e-06 -4.5063e-09 -1.83625e-09 -3.88619e-09 -1.45648e-09 -4.49096e-06 4.59259e-09 -7.13417e-09 -1.43601e-06 1.46722e-06 3.70179e-08 4.72689e-08 -7.7647e-08 7.5846e-07 8.62446e-07 -4.97726e-07 4.38332e-07 -1.46575e-05 -1.35819e-05 -2.81916e-08 -9.38438e-07 -3.76434e-09 -1.89506e-08 -6.84502e-08 -2.63331e-09 -2.97505e-11 -5.0343e-09 -2.39116e-09 -6.22691e-09 5.40009e-07 3.4247e-07 -7.56439e-10 -3.456e-08 -6.10263e-08 3.26739e-07 -9.77447e-06 2.21444e-08 -1.95034e-09 1.80446e-07 -9.67416e-06 -2.03718e-07 -1.22271e-05 -1.07542e-09 -3.20809e-06 9.73533e-07 -9.58893e-06 -3.84162e-08 3.33786e-07 1.54227e-05 -7.65752e-11 -5.93484e-09 -1.45089e-08 7.18106e-07 -1.23731e-08 -7.74049e-07 -1.17559e-07 -8.71612e-09 -1.51928e-06 -2.66314e-06 -4.08859e-06 2.10873e-07 1.13322e-06 8.5673e-06 -8.39585e-06 -9.10417e-09 -5.3525e-10 -6.19069e-10 
-1.04785e-05 4.51137e-07 -4.12981e-09 -5.63526e-09 7.26047e-05 2.42341e-07 -1.16176e-05 -8.15677e-09 -3.93405e-07 -1.07441e-08 -2.71928e-07 -2.55237e-05 3.01731e-05 -1.17217e-09 -3.87883e-09 -2.0539e-07 2.35391e-08 4.66952e-05 -4.55023e-09 -1.5283e-08 -4.64751e-05 -1.05967e-08 -3.62857e-05 9.68843e-06 -3.0381e-08 1.33399e-05 5.78661e-06 -2.86217e-05 -5.54169e-08 3.50571e-05 3.4242e-08 -1.23752e-09 -1.07182e-07 6.51092e-05 1.34578e-06 -1.71795e-09 -3.63582e-09 -1.36265e-09 5.07085e-05 5.52877e-07 -6.67455e-09 -6.09363e-05 4.73692e-05 -1.07825e-05 -2.55515e-09 5.50689e-07 -7.00495e-08 -1.59878e-07 -4.02691e-07 -3.4381e-08 -3.88479e-05 1.92027e-05 3.20029e-06 -2.2201e-06 -3.52183e-09 -1.77297e-08 3.22626e-07 -2.46366e-09 -2.78338e-11 -4.70997e-09 2.80776e-06 -5.82574e-09 -3.49273e-07 1.19679e-05 -7.07705e-10 9.84333e-07 2.26342e-06 1.06888e-06 -1.07121e-05 -4.4707e-07 -1.82469e-09 6.28654e-06 -6.86703e-05 -1.90593e-07 2.90931e-05 -1.00613e-09 -2.75808e-06 5.93306e-05 3.72385e-05 -3.59412e-08 -2.36589e-07 -3.09792e-05 -7.16419e-11 9.01114e-07 -1.35742e-08 6.77795e-08 1.51176e-06 -3.69157e-05 6.27719e-06 4.51787e-08 -4.72193e-05 2.37894e-05 -6.38115e-05 4.26113e-06 -8.51745e-07 3.49871e-06 -5.71883e-05 -8.51764e-09 1.76166e-07 -5.79186e-10 
-0.000436013 -3.01576e-06 2.44336e-07 1.95506e-07 2.42341e-07 0.00202946 -0.000229396 8.62489e-06 6.12768e-05 -3.00911e-07 -7.36591e-06 -0.000671937 -3.79916e-05 5.13838e-07 9.58137e-06 -3.78239e-06 -5.25895e-06 -0.000103798 2.35726e-05 0.000104815 -0.00116255 6.77766e-05 -0.000541903 0.000481434 2.11358e-05 0.000364126 0.000144329 0.00041988 3.24127e-06 3.67981e-05 -3.64694e-07 -3.46593e-08 -2.98518e-06 -4.18046e-06 9.62859e-06 1.41885e-07 1.22482e-05 -3.81638e-08 -0.00012105 -4.17432e-06 -1.73602e-07 -0.000322895 -4.05688e-05 -0.000548146 -7.15623e-08 9.62877e-06 -1.51855e-06 5.30228e-06 -2.50217e-05 -7.37786e-07 -0.00107963 0.00107957 6.23346e-05 -5.4836e-05 5.7803e-07 2.56776e-07 0.000166986 4.11e-07 3.82554e-07 5.77014e-05 2.46401e-06 9.68378e-08 -9.76881e-06 2.00523e-06 2.26846e-07 3.6811e-06 0.000470947 0.000269762 0.000927346 -1.24445e-05 1.82229e-07 8.31896e-05 -0.000465714 2.12287e-05 -0.000433265 1.82113e-09 0.000101719 -6.22112e-05 0.000693635 5.339e-08 -6.38284e-06 -0.000787217 -2.00648e-09 6.70345e-05 -3.80174e-07 -4.87685e-06 0.000106472 -0.000603514 0.000476546 2.3828e-07 -0.000990261 3.03753e-05 -0.00158916 0.000470248 0.00129213 -1.3833e-05 0.000146712 3.53348e-05 4.73597e-06 -1.62213e-08 
0.00223943 -0.000292694 -4.76772e-06 -8.63022e-06 -1.16176e-05 -0.000229396 0.138791 -1.80995e-05 0.000618231 3.06468e-05 -0.000619065 -0.0513397 -0.00123417 -2.26484e-06 2.31979e-05 -0.000436969 -0.000373353 -0.00179274 -1.00519e-05 -7.76895e-06 0.00691405 3.57782e-05 -0.00490559 -0.00149676 -6.56105e-05 0.0103257 -0.00616324 -0.0627863 -0.000109603 -0.000538704 1.77804e-05 -1.55471e-06 -0.00010847 -0.00464177 -3.09199e-06 1.40935e-05 1.78785e-05 -3.12501e-06 -0.0104368 -0.000409499 1.0923e-05 0.0193723 -0.0153343 -0.00179413 -2.45314e-06 -0.000143872 -0.000159364 -0.000229434 -0.00181122 -0.000506047 0.0540412 -0.0302446 -6.23086e-06 -0.00625792 3.3366e-06 -1.59301e-05 -0.000144919 -5.14666e-06 3.19501e-07 -1.08015e-05 -1.20379e-06 -1.05004e-05 -0.000789612 -0.000328564 -1.43634e-06 3.52185e-05 0.00115424 -8.40674e-07 -0.0339242 -0.000802932 -4.18463e-06 -5.93746e-05 0.00432517 -0.000386074 0.0646829 -1.40407e-06 0.00313489 -0.0185491 -0.0371781 -4.93587e-05 -0.000541118 -0.039172 -5.42989e-08 -1.26337e-05 -2.96669e-05 -0.000290675 -2.59876e-05 5.58482e-05 0.0002221 1.62321e-05 0.0390001 -0.00507206 0.00445844 1.74038e-05 -0.00286584 -0.0005472 -0.00418047 -1.30971e-05 -1.14843e-06 -1.32827e-06 
-8.00692e-05 1.37299e-07 1.30277e-07 -8.71845e-09 -8.15677e-09 8.62489e-06 -1.80995e-05 0.000112324 -8.75113e-07 -1.66225e-08 1.72929e-06 3.90351e-05 -1.85985e-06 -1.81349e-09 -6.00102e-09 -1.11097e-07 2.69121e-06 -7.89231e-06 1.29602e-08 7.63554e-08 -6.68356e-05 9.30027e-06 -7.25301e-06 7.54917e-05 -4.70032e-08 1.32914e-05 -1.47223e-05 5.02754e-05 1.20176e-05 6.4962e-07 7.713e-08 -1.91459e-09 -5.58231e-08 -4.63417e-06 8.30348e-06 1.87342e-07 -5.62507e-09 -2.10818e-09 -3.10387e-06 -2.49249e-07 1.49674e-07 -5.94192e-06 -1.36983e-05 -8.9071e-06 -3.95313e-09 -8.90569e-08 -4.17086e-08 8.58598e-06 -3.62611e-08 2.43549e-05 -5.1804e-05 -3.40331e-05 -4.08059e-08 3.89403e-05 -5.4487e-09 -2.743e-08 7.10426e-06 4.76188e-07 1.2329e-07 -7.28691e-09 -3.46109e-09 -9.01315e-09 3.6983e-05 -4.11011e-07 -1.09491e-09 -5.00239e-08 2.69235e-06 8.07852e-06 -1.47529e-05 -4.55006e-07 2.17177e-07 7.45898e-08 -1.71356e-05 8.67513e-06 -6.14374e-05 -1.55661e-09 -3.76023e-06 -1.39603e-05 -2.99955e-05 -5.56055e-08 1.5573e-06 5.14227e-05 -1.10839e-10 1.88076e-07 -2.1001e-08 -2.92232e-07 1.06254e-05 -7.58171e-05 7.86385e-06 -1.26162e-08 -1.61372e-05 6.24669e-06 -4.35988e-06 7.97591e-06 7.23963e-05 2.29595e-06 -7.23173e-05 -1.31778e-08 -7.74749e-10 1.12437e-07 
7.50005e-05 -1.43698e-05 -4.98768e-07 -6.80585e-07 -3.93405e-07 6.12768e-05 0.000618231 -8.75113e-07 0.00869239 9.43574e-06 -2.98147e-05 -0.00237236 -8.57709e-05 -1.41566e-07 1.98782e-05 -2.41588e-05 -1.76745e-05 0.00683409 -4.89542e-07 -1.84576e-06 -0.00134034 -1.27979e-06 -0.00202613 -9.55255e-05 2.65141e-05 0.00053707 0.000786947 -0.00317525 1.14205e-05 0.000154067 -1.20238e-06 -1.49458e-07 2.31887e-05 -0.000259686 1.03308e-05 1.51252e-06 -3.79108e-07 -1.6457e-07 0.000841521 -2.51125e-05 2.09723e-06 0.00120129 -0.00111757 -0.00191117 -3.08591e-07 -3.3014e-07 -8.46006e-06 9.91545e-05 -9.78318e-05 -2.26997e-05 0.00288258 -0.000985335 3.15213e-05 -0.000332556 4.74799e-06 -1.00459e-06 1.39124e-05 -2.97542e-07 -3.36156e-09 1.50512e-05 -2.70182e-07 -7.0359e-07 -4.16326e-05 -3.24552e-05 -8.54714e-08 -1.425e-06 -1.76866e-05 1.81151e-05 -0.00203078 6.88129e-05 -2.20372e-07 -3.85588e-06 0.000318018 -1.49451e-05 -0.00329085 5.58487e-07 0.00770368 -0.00105983 -0.00239507 8.84595e-06 -2.85534e-05 -0.00384127 -8.65237e-09 1.68227e-05 -1.44272e-06 -5.64905e-06 1.60953e-05 -0.00166987 5.3329e-05 1.75851e-05 0.00269219 -9.74966e-05 -0.000103435 8.65581e-06 -0.000114278 -1.31011e-05 -0.00515909 3.46368e-08 -6.04789e-08 -6.99497e-08 
-1.1665e-07 -2.62607e-07 -8.41604e-09 -1.1484e-08 -1.07441e-08 -3.00911e-07 3.06468e-05 -1.66225e-08 9.43574e-06 0.000147948 -5.54155e-07 -5.05395e-05 1.24811e-05 -2.38873e-09 1.04543e-06 3.25144e-06 -3.9357e-07 2.96694e-05 -9.27279e-09 1.66219e-06 -1.57145e-05 1.78507e-06 -2.99008e-05 8.96621e-07 -6.19126e-08 2.26281e-05 1.43861e-05 -5.68907e-05 -9.95993e-08 1.56753e-05 -3.89058e-08 -2.5219e-09 -1.21756e-07 7.94402e-05 -8.59163e-09 2.49832e-07 1.68592e-06 -2.7769e-09 1.73408e-05 -7.91354e-08 -1.36019e-08 -6.31775e-05 4.64271e-05 -1.89843e-05 -5.20706e-09 3.60529e-06 -1.42752e-07 3.80855e-07 -1.82598e-06 -5.11603e-07 -1.4469e-05 1.68052e-05 1.49958e-06 -5.48896e-06 -7.17704e-09 -3.61308e-08 -1.30506e-07 -5.02062e-09 -5.67218e-11 1.53735e-07 -4.55896e-09 -8.53879e-09 -6.91775e-07 6.25444e-07 -1.44221e-09 -6.58915e-08 2.43856e-06 1.99919e-07 -3.65311e-05 -8.51072e-07 -3.71849e-09 1.20157e-06 -7.93708e-05 -3.88405e-07 4.75039e-05 2.1795e-07 7.3535e-06 6.93186e-05 4.33843e-05 1.00897e-08 -4.82138e-07 -6.69297e-05 9.9854e-08 -1.13153e-08 -2.76625e-08 2.49174e-06 -2.35904e-08 -1.57213e-05 3.65744e-06 -1.6618e-08 -4.57531e-05 8.36435e-06 -4.71192e-05 2.21363e-06 -2.71059e-06 6.82165e-06 -9.8468e-05 1.25975e-07 -1.0205e-09 -1.18031e-09 
-0.00334059 0.00103359 2.05603e-05 9.69347e-07 -2.71928e-07 -7.36591e-06 -0.000619065 1.72929e-06 -2.98147e-05 -5.54155e-07 0.00373102 0.00235781 -5.10242e-05 -6.04575e-08 4.95327e-06 0.0001408 0.00114059 8.19605e-05 2.56864e-06 1.06217e-05 -0.00123254 -4.98854e-08 -3.46677e-05 0.00121326 -1.56698e-06 -0.00269108 -0.003068 0.00223357 -1.42494e-06 5.25035e-05 -6.68018e-07 -6.38281e-08 6.20085e-05 -0.000156266 9.94588e-06 7.78059e-07 7.82473e-07 7.50972e-06 0.00035626 0.000130141 7.49076e-07 -0.000440953 -0.000477695 -0.000549979 3.81488e-06 -5.23498e-07 0.000958147 0.00106727 1.15752e-05 2.81616e-05 -0.00022071 -6.4004e-05 -1.10704e-06 0.00325723 4.35019e-07 2.68888e-06 -2.04304e-06 2.40329e-05 -1.4356e-09 1.6404e-06 -1.15385e-07 9.12856e-07 5.81753e-05 0.000438014 4.59016e-06 1.84898e-06 -1.47061e-05 -1.60499e-06 -0.000605899 -1.53254e-05 2.20759e-05 -1.93617e-06 -0.000949321 -7.86034e-06 -0.00211025 1.30477e-06 -0.000148006 -0.000477165 -0.00102416 -1.40043e-06 0.00291519 0.00197863 1.06305e-07 1.33616e-07 3.32399e-05 8.37766e-06 2.90961e-06 -0.00330844 -1.85407e-05 1.84941e-06 3.23663e-05 -0.000122525 -0.000381054 -2.69229e-06 0.0014998 -2.55138e-05 -0.00275125 4.92735e-06 -2.58283e-08 5.75013e-06 
-0.00545703 0.000496437 1.35487e-05 5.98255e-06 -2.55237e-05 -0.000671937 -0.0513397 3.90351e-05 -0.00237236 -5.05395e-05 0.00235781 0.230608 -0.00166389 2.2597e-06 -9.74102e-06 -0.000334855 0.00132855 -0.00469233 -1.01267e-05 -4.5483e-05 0.00260906 -1.71272e-05 0.00263604 0.00180573 -3.4784e-05 -0.0570522 -0.0289724 0.160487 -0.000262692 -0.000515149 -7.24608e-05 -5.93164e-06 0.000814198 -0.0141707 4.34059e-06 -6.5019e-06 -1.48771e-05 1.19533e-05 -0.000178249 -0.000132812 -2.60276e-05 0.0477547 -0.0459327 8.90756e-06 -6.37463e-06 -0.000189631 0.000615276 0.00107624 0.00108093 0.0020435 0.0332668 -0.11467 -0.000116583 0.0216473 -2.26402e-06 -2.54923e-05 -0.000285852 1.88066e-05 -1.38286e-07 -2.1517e-05 -1.11146e-05 -2.76105e-05 -0.000528701 -0.000643184 3.5806e-06 1.40322e-05 -0.0015012 -0.000150709 -0.0802632 0.00171669 1.30278e-05 -0.000197383 0.0084849 0.0007035 -0.184892 -2.83206e-06 -0.00655558 -0.0463699 -0.0983007 -0.000177749 0.00204149 0.154589 -1.79269e-07 -2.66762e-05 7.75465e-05 -0.000395531 -2.76591e-05 -0.00406199 -0.0017797 -1.78674e-05 0.100201 -0.0131385 0.0134123 -0.000258734 0.00458692 -0.00247219 -0.0254035 1.02755e-05 -2.30461e-06 4.89912e-06 
-2.78616e-06 0.00032053 -9.29957e-07 -1.11787e-06 3.01731e-05 -3.79916e-05 -0.00123417 -1.85985e-06 -8.57709e-05 1.24811e-05 -5.10242e-05 -0.00166389 0.0185144 1.3782e-05 -1.00806e-06 0.000484585 0.000127332 0.0117994 1.07241e-05 -1.27853e-06 0.000177717 -2.28396e-06 8.93838e-05 0.000350073 1.21643e-05 -0.00227147 -0.00611862 -0.00571541 -2.18555e-06 0.00228503 4.55505e-06 1.67172e-06 6.56914e-05 0.004156 -6.35684e-07 3.43524e-07 -8.44909e-07 -3.34136e-07 0.0138936 2.29323e-05 -1.24797e-06 -0.00306285 0.00051691 -5.25406e-05 -2.50719e-07 0.000100657 -1.28251e-05 -2.45104e-05 -0.00015053 -1.53769e-06 -0.000526245 -0.00728859 3.1842e-05 -0.000674682 4.05847e-05 -4.24107e-06 -1.58667e-05 -6.40276e-07 -7.23369e-09 -1.22407e-06 2.3086e-06 1.06626e-05 3.16846e-05 0.000414601 1.26076e-07 1.08369e-05 -6.81136e-05 -2.60053e-06 -0.00463226 -5.91149e-05 3.24578e-06 1.27956e-05 -0.00770828 -8.57297e-06 -0.0044694 1.22852e-06 -6.89058e-05 0.00195534 -0.003537 -8.68071e-06 -5.128e-05 0.00407891 -8.61889e-09 -1.44303e-06 -3.49444e-06 0.000174647 -1.08846e-06 -0.000445529 -8.46692e-05 6.07441e-05 0.00281549 0.000341449 -0.00331521 -1.17125e-05 -5.80683e-05 0.000340885 -0.00976826 -2.1203e-06 -9.68102e-08 -1.50524e-07 
-7.95325e-06 1.10135e-06 -9.18179e-10 -1.25288e-09 -1.17217e-09 5.13838e-07 -2.26484e-06 -1.81349e-09 -1.41566e-07 -2.38873e-09 -6.04575e-08 2.2597e-06 1.3782e-05 1.61431e-05 -8.62377e-10 1.64336e-07 -4.29379e-08 2.51318e-06 -1.01165e-09 9.03269e-07 -4.62328e-06 -2.35596e-09 -9.00441e-07 1.02025e-05 -6.75459e-09 9.40305e-07 -6.84994e-06 -4.44344e-06 -1.23208e-08 1.12689e-05 1.00242e-06 -2.75136e-10 -2.38296e-08 -2.44575e-07 -9.37336e-10 4.9618e-08 -8.08351e-10 -3.02957e-10 1.31187e-05 7.11727e-07 -1.48395e-09 -7.98217e-06 -2.06192e-06 -4.21017e-06 -5.68084e-10 1.17182e-07 -1.55741e-08 1.99779e-06 1.87454e-07 5.80418e-06 -5.36596e-06 -5.98663e-06 1.20803e-07 2.90449e-06 3.45884e-07 -3.94183e-09 -1.4238e-08 -5.47743e-10 -6.18828e-12 -1.04716e-09 -4.97376e-10 -1.29523e-09 -3.43204e-08 5.02283e-06 -1.57344e-10 1.26145e-07 3.71838e-07 -6.91844e-09 -3.14278e-06 -9.93968e-08 -4.05682e-10 -8.92075e-09 -1.4606e-05 3.50959e-07 -4.75491e-06 -2.23693e-10 -6.67302e-07 1.89097e-06 -3.8447e-06 -7.99079e-09 -5.26006e-08 7.77399e-06 -1.59281e-11 -1.23448e-09 -3.01794e-09 -8.66183e-09 -2.57368e-09 -1.11489e-05 4.66746e-07 -1.813e-09 -6.56178e-06 2.5077e-06 -2.10926e-06 5.35061e-07 6.47725e-06 -1.12192e-07 -1.13536e-05 8.14396e-08 -1.11335e-10 -1.2877e-10 
-1.59766e-05 5.51937e-08 -3.03835e-09 -4.14593e-09 -3.87883e-09 9.58137e-06 2.31979e-05 -6.00102e-09 1.98782e-05 1.04543e-06 4.95327e-06 -9.74102e-06 -1.00806e-06 -8.62377e-10 5.34171e-05 -1.51108e-07 1.12472e-08 1.73681e-05 -3.34765e-09 1.00209e-06 -3.35182e-05 2.25887e-06 -3.9502e-05 8.82606e-06 -2.23516e-08 1.73269e-06 -5.41385e-06 -1.4274e-05 -2.41042e-08 1.87198e-06 5.82621e-07 -9.10455e-10 -7.88547e-08 1.67011e-05 -3.10174e-09 -1.26392e-09 -2.67492e-09 5.89975e-08 -3.80586e-06 -1.5974e-07 -4.91054e-09 -1.24209e-05 1.0869e-06 -3.55443e-05 -1.87985e-09 -5.34455e-08 9.84638e-08 8.90426e-08 -2.82549e-07 6.38635e-07 2.82845e-06 2.68429e-05 1.9606e-06 4.6822e-06 4.07562e-09 -1.30439e-08 5.16288e-06 -1.81254e-09 -2.04777e-11 3.33201e-07 -1.64587e-09 -4.28606e-09 -2.69644e-08 2.49795e-07 -5.20667e-10 1.02879e-07 1.39544e-05 2.13044e-06 -2.83822e-06 -1.65581e-07 -1.34244e-09 1.37147e-07 -1.04191e-05 -1.23555e-07 9.2409e-06 -7.40223e-10 1.81952e-05 2.57177e-07 6.02789e-06 -2.64424e-08 5.30594e-06 -1.59281e-05 -5.27077e-11 3.32582e-07 -9.98669e-09 -1.15633e-07 3.2815e-07 -3.63219e-05 1.25722e-05 2.16067e-06 -8.04522e-06 2.27433e-06 -2.44986e-05 9.94826e-06 1.00869e-05 2.60208e-06 -3.16137e-05 -6.26652e-09 -3.6842e-10 -4.26114e-10 
-0.000296083 0.000467297 7.09245e-06 1.5538e-06 -2.0539e-07 -3.78239e-06 -0.000436969 -1.11097e-07 -2.41588e-05 3.25144e-06 0.0001408 -0.000334855 0.000484585 1.64336e-07 -1.51108e-07 0.00282068 0.000345496 0.00129821 2.6294e-06 3.09129e-06 -0.00216848 -2.1615e-07 -6.83501e-06 0.00068583 3.69564e-05 -0.00104122 3.98537e-05 -0.000227258 -8.5555e-07 7.16795e-05 -6.43744e-07 -4.82101e-08 -2.13215e-06 0.00151411 4.32576e-06 -1.69265e-08 3.66836e-06 6.50249e-07 0.00131022 3.23049e-05 -2.60021e-07 -0.00176029 0.00151698 -0.000187002 7.50459e-07 1.474e-05 0.000123618 0.000115682 0.00026974 6.44732e-05 -0.00100895 -0.000281352 1.45916e-06 0.000166332 -9.05336e-08 -6.8403e-07 -1.75149e-06 9.90402e-06 -1.08433e-09 -1.83487e-07 1.95151e-08 1.16379e-07 8.76933e-05 0.000493565 2.99096e-07 -6.72952e-07 -1.10802e-05 4.1944e-06 -0.000553043 7.84344e-06 3.57225e-06 7.88688e-06 -0.00183474 -6.5083e-06 -0.00115209 1.44137e-07 -7.27698e-05 0.00124797 0.000554381 1.11865e-05 0.000119957 -0.000486847 -2.79096e-09 -2.16309e-07 3.51188e-07 0.000197848 1.3057e-06 -0.000246282 -1.37173e-05 6.28987e-07 -0.000895688 0.000592824 -0.00154339 -2.03352e-06 0.000251852 0.000944671 -0.00148552 1.03484e-06 -1.95084e-08 1.74077e-06 
-0.00125053 0.00117447 1.98887e-05 1.56357e-06 2.35391e-08 -5.25895e-06 -0.000373353 2.69121e-06 -1.76745e-05 -3.9357e-07 0.00114059 0.00132855 0.000127332 -4.29379e-08 1.12472e-08 0.000345496 0.00265272 -0.000157606 5.58999e-06 6.30167e-07 -0.00127339 1.1185e-06 -4.26409e-05 0.00123281 3.72104e-05 -0.0016844 -0.00152408 0.00152335 4.4001e-07 2.48922e-05 -3.26728e-08 -4.53317e-08 6.87405e-05 -8.66071e-05 1.10289e-05 3.70403e-07 8.80149e-07 1.67675e-06 0.00068343 9.67065e-05 -1.21164e-07 -0.000987479 -0.00013484 -0.000536979 3.36307e-06 -1.22106e-06 0.000912624 0.00093787 7.12109e-05 3.55705e-05 -0.00054389 -0.00102281 -9.12828e-07 0.00110975 4.32449e-09 -6.49459e-07 1.07412e-06 1.14931e-05 -1.01959e-09 1.66747e-06 -8.19482e-08 7.69929e-07 9.08357e-05 0.000674485 4.41408e-06 -6.47748e-07 -1.11238e-05 -1.04989e-06 -0.000659615 1.18699e-05 1.49065e-05 2.69354e-06 -0.00118413 -4.615e-06 -0.00151462 3.33144e-07 -1.83788e-05 -0.000316751 -0.000724104 -8.16571e-07 0.00100357 0.00120962 1.07376e-07 -2.03394e-07 2.89394e-05 1.00975e-05 4.08596e-06 -0.00124272 -1.31679e-05 1.99129e-06 -0.000392586 0.000141052 -0.000664902 -1.91211e-06 0.000954173 2.68884e-05 -0.0013626 6.01132e-06 -1.83437e-08 5.33545e-06 
-7.41018e-05 9.94091e-05 -4.04127e-06 -5.33697e-06 4.66952e-05 -0.000103798 -0.00179274 -7.89231e-06 0.00683409 2.96694e-05 8.19605e-05 -0.00469233 0.0117994 2.51318e-06 1.73681e-05 0.00129821 -0.000157606 0.0677602 -6.97878e-07 -5.82702e-06 -0.00244558 -9.69219e-06 -0.00274551 -0.000223676 4.43213e-06 0.00114012 -0.00415585 -0.0250851 -3.95543e-05 0.00229279 -4.75802e-06 2.93406e-06 0.000114269 0.00828748 1.33653e-05 1.28702e-06 -3.60058e-06 -1.11193e-06 0.0325341 -8.53879e-05 -1.65334e-06 -0.00104216 -0.000644665 -0.00212123 1.69412e-06 0.000495061 -6.47932e-05 8.94633e-05 -0.000461843 9.84329e-05 0.0132529 -0.0148915 2.26284e-05 -0.000808812 4.19009e-05 -1.71604e-05 -6.42397e-05 -2.48043e-06 -2.80234e-08 -4.74204e-06 3.94319e-07 -2.06208e-06 -0.000295809 -4.79579e-05 -5.09191e-07 -7.45032e-06 -0.000300862 -3.76321e-06 -0.0129688 -0.000145298 -1.50711e-06 -3.2606e-06 -0.0116058 -0.000188021 -0.0158245 4.07368e-06 0.0115348 0.00230666 -0.0112816 -1.60726e-05 0.000140913 -0.0108092 -7.21297e-08 -4.61696e-06 -1.269e-05 0.000535373 -1.01515e-05 -0.00211173 -0.000135536 6.88599e-05 0.0140804 0.000498669 -0.00487638 -3.80143e-05 -0.000880347 0.00341743 -0.0456002 -6.93564e-06 -4.70844e-07 -5.8313e-07 
-3.40943e-05 1.50855e-05 -3.56427e-09 -4.86356e-09 -4.55023e-09 2.35726e-05 -1.00519e-05 1.29602e-08 -4.89542e-07 -9.27279e-09 2.56864e-06 -1.01267e-05 1.07241e-05 -1.01165e-09 -3.34765e-09 2.6294e-06 5.58999e-06 -6.97878e-07 6.26627e-05 -1.31901e-08 -4.78878e-05 -9.14557e-09 -2.44939e-05 1.33877e-05 4.50446e-07 -1.94769e-05 -3.69915e-05 7.1745e-06 -4.7828e-08 1.03152e-07 -1.64769e-08 -1.06805e-09 3.20829e-07 5.94705e-07 1.17303e-06 3.31851e-07 -3.13793e-09 -1.17604e-09 1.17866e-05 -1.8739e-07 6.42395e-08 -3.14124e-05 -4.59413e-06 -2.55315e-05 -2.20524e-09 3.64397e-06 2.32288e-06 6.89202e-06 1.66335e-06 -1.00002e-07 -1.42875e-06 4.08885e-06 1.66006e-05 -1.13893e-06 -3.03954e-09 4.46983e-08 1.33681e-05 -2.12628e-09 -2.40222e-11 2.45126e-05 -1.93076e-09 -5.02796e-09 1.10052e-05 1.30318e-05 -6.10791e-10 6.78761e-07 2.43021e-05 2.45398e-05 2.13319e-05 1.70819e-07 6.17585e-08 3.90204e-06 -3.75102e-05 1.02455e-05 -3.39493e-05 -8.68351e-10 1.16627e-06 -4.53272e-06 8.04439e-06 6.85647e-07 3.99143e-07 -3.32599e-06 -6.18311e-11 2.14319e-05 -1.17153e-08 7.56979e-07 2.45567e-05 -3.31681e-05 3.37309e-06 -3.71218e-10 -2.71611e-05 8.33549e-06 -4.47849e-05 -4.50506e-08 3.91573e-05 -4.35518e-07 -3.28651e-05 1.1926e-05 6.1329e-06 2.28335e-08 
-8.71633e-05 4.63121e-07 1.07136e-06 -1.63354e-08 -1.5283e-08 0.000104815 -7.76895e-06 7.63554e-08 -1.84576e-06 1.66219e-06 1.06217e-05 -4.5483e-05 -1.27853e-06 9.03269e-07 1.00209e-06 3.09129e-06 6.30167e-07 -5.82702e-06 -1.31901e-08 0.000210436 -0.000135312 5.33726e-05 -0.000133943 0.000137749 8.59903e-09 -1.50413e-05 1.64904e-07 -4.88511e-05 6.16026e-07 2.84597e-06 -5.53415e-08 6.97461e-08 -3.10695e-07 3.43281e-05 8.77788e-08 -4.97996e-09 1.90528e-05 3.09383e-07 -5.86128e-06 1.00728e-06 -1.9348e-08 -0.000114902 -1.4417e-05 -0.000131133 -7.40679e-09 9.82753e-07 1.33361e-06 5.20322e-06 6.48596e-06 4.06894e-06 -8.94358e-05 2.90408e-05 1.44021e-06 3.63145e-06 9.06458e-07 2.38606e-07 1.1491e-05 7.28584e-08 1.76586e-07 -1.36531e-08 2.45352e-06 -1.68875e-08 -1.39132e-07 -6.42162e-07 -2.05148e-09 -9.37274e-08 6.3218e-05 1.4798e-06 9.18565e-05 -1.11595e-06 -5.28936e-09 2.0087e-05 -0.000135824 -3.1582e-07 4.04381e-05 2.70834e-08 -8.43042e-06 -2.48039e-05 5.17686e-05 4.24812e-08 1.75085e-06 -5.60133e-05 -2.07674e-10 -1.60954e-08 -3.93485e-08 7.55792e-07 8.43111e-07 -0.000145532 0.000132291 -2.36383e-08 -7.7268e-05 5.79493e-05 -0.000109824 0.000133272 0.000127943 -8.36117e-07 2.12251e-05 2.80531e-06 -1.45161e-09 -1.67893e-09 
0.00694437 -0.00153246 -1.87892e-05 -5.20243e-06 -4.64751e-05 -0.00116255 0.00691405 -6.68356e-05 -0.00134034 -1.57145e-05 -0.00123254 0.00260906 0.000177717 -4.62328e-06 -3.35182e-05 -0.00216848 -0.00127339 -0.00244558 -4.78878e-05 -0.000135312 0.0930765 -8.5372e-05 0.00167131 -0.00876886 -0.000260678 -0.00317233 -0.00713996 -0.00358256 -0.000682003 -0.00163591 1.54024e-05 -5.32647e-06 -1.29065e-05 -0.0160533 -5.0466e-05 1.34096e-07 -3.30858e-05 -1.16875e-05 -0.00565165 6.41913e-05 -6.31024e-05 0.0281887 -0.0412632 0.00269703 -1.61717e-05 -0.000161153 -0.000856818 -0.00191224 -0.00402279 -0.00251623 0.0349596 -0.0259782 -0.000165035 -0.003556 -3.55156e-05 -7.94054e-05 -0.000573837 -1.63959e-05 -3.43519e-07 -5.7476e-05 -2.24999e-05 2.46671e-06 -0.0024948 -0.00289242 -4.471e-06 -0.000131676 -0.00015758 -0.000359318 -0.00338717 -0.00333213 -2.25199e-05 -0.000277878 0.0101421 -0.000541631 -0.00263555 -4.55412e-06 -0.0055421 -0.0253828 -0.0259459 -0.000341258 -0.000889344 0.0139738 -3.41872e-08 -6.52942e-05 -5.32262e-05 -0.000232891 -0.000122178 0.00901746 -0.000582934 -1.94253e-05 0.0274056 -0.0255467 0.0205612 -0.000525786 -0.0127602 -0.00546054 0.00135971 -8.43127e-05 -5.77368e-06 -5.85151e-06 
-5.40931e-05 2.20995e-07 1.11699e-07 8.86736e-08 -1.05967e-08 6.77766e-05 3.57782e-05 9.30027e-06 -1.27979e-06 1.78507e-06 -4.98854e-08 -1.71272e-05 -2.28396e-06 -2.35596e-09 2.25887e-06 -2.1615e-07 1.1185e-06 -9.69219e-06 -9.14557e-09 5.33726e-05 -8.5372e-05 0.000145919 -9.05975e-05 0.000105369 4.89368e-08 1.82803e-05 -7.18505e-08 -2.33705e-05 6.78617e-07 9.64339e-06 -3.8372e-08 7.0846e-08 7.64574e-07 2.0235e-05 8.09819e-06 6.63214e-07 2.31694e-05 -2.73881e-09 -5.92194e-06 3.26935e-07 -1.34153e-08 -6.90885e-05 -1.66136e-05 -8.78689e-05 -5.13563e-09 2.31732e-06 8.92063e-08 1.0882e-05 -1.58093e-06 1.50654e-05 -5.73482e-05 9.01382e-06 1.05032e-06 1.27522e-05 -7.07858e-09 2.54365e-07 7.64618e-07 5.55048e-07 3.83277e-07 -9.46664e-09 -4.49641e-09 1.24162e-06 2.57132e-06 -3.73615e-07 -1.42243e-09 1.65012e-07 4.70538e-05 8.84412e-06 2.61597e-06 -8.98573e-07 -3.66747e-09 2.28094e-05 -9.91318e-05 -3.49743e-07 9.93853e-06 2.79778e-08 -5.80926e-06 -1.36454e-05 6.29484e-06 -7.22388e-08 -1.85524e-07 -2.43246e-05 -1.43994e-10 -1.116e-08 2.69384e-07 -6.31401e-09 8.77007e-06 -0.000109236 9.04608e-05 -1.639e-08 -6.62401e-05 3.10705e-05 -8.46657e-05 9.14918e-05 9.007e-05 4.9242e-07 -5.03737e-05 5.51955e-06 -1.0065e-09 1.12169e-07 
0.000584114 -6.96187e-05 -9.24504e-07 -2.06291e-06 -3.62857e-05 -0.000541903 -0.00490559 -7.25301e-06 -0.00202613 -2.99008e-05 -3.46677e-05 0.00263604 8.93838e-05 -9.00441e-07 -3.9502e-05 -6.83501e-06 -4.26409e-05 -0.00274551 -2.44939e-05 -0.000133943 0.00167131 -9.05975e-05 0.0097862 -0.00102385 1.24222e-06 -0.00127028 -0.000755465 0.00370198 -1.60965e-05 -0.00059715 -3.25346e-05 -7.24879e-07 -0.000149897 -0.000751102 -2.75094e-05 -1.96795e-05 -3.26751e-05 -3.14118e-06 -0.000101372 -6.93046e-05 -1.55248e-05 0.000791383 0.000259678 0.00268972 3.47814e-07 -6.12847e-05 -5.77647e-05 -0.000172577 4.89617e-06 -5.875e-05 -0.00232806 -0.00239972 -9.65097e-05 0.000134689 -9.37393e-06 7.40081e-07 -0.000167179 -3.17464e-06 -3.79545e-07 -6.25755e-05 -1.94488e-05 -6.04698e-06 4.42708e-05 -0.000443074 -1.30332e-07 -7.48887e-05 -0.000707814 -0.000271024 0.000240393 -0.000115177 -6.17828e-06 -7.51949e-05 0.00117656 3.00782e-07 -0.00309147 -2.47304e-06 -0.00373973 0.000153396 -0.000841191 -1.53809e-05 -2.59848e-05 0.00335951 -1.00248e-07 -7.12142e-05 -4.74891e-06 2.54619e-05 -0.000113334 0.00299208 -0.00169339 -2.33833e-05 0.00069019 -0.000759281 0.0010949 -0.000646408 -0.000433379 -0.000343919 0.00247235 -4.77672e-05 -6.36183e-06 -2.2116e-07 
-0.00697258 0.00147029 2.29947e-05 1.20013e-06 9.68843e-06 0.000481434 -0.00149676 7.54917e-05 -9.55255e-05 8.96621e-07 0.00121326 0.00180573 0.000350073 1.02025e-05 8.82606e-06 0.00068583 0.00123281 -0.000223676 1.33877e-05 0.000137749 -0.00876886 0.000105369 -0.00102385 0.0108727 1.60402e-05 0.000510359 -0.000625864 0.00233771 0.00068063 0.00172262 -2.00053e-06 7.32634e-07 4.00588e-05 0.00185278 3.3175e-05 9.13226e-07 2.45795e-05 5.70702e-06 0.00358705 6.79032e-05 1.54944e-06 -0.00389901 0.000994332 -0.00141775 5.87647e-06 2.66379e-05 0.000906481 0.00174482 0.000373144 0.00286421 -0.00642367 -0.000460551 -2.3003e-07 0.00488492 1.82001e-05 -6.14364e-07 0.000582261 1.5057e-05 3.79119e-07 -1.43114e-07 2.7208e-05 1.2778e-05 0.00186926 0.00228356 4.74952e-06 1.49179e-05 0.000432985 0.000217452 -0.00102635 -3.9622e-05 2.45437e-05 7.8265e-05 -0.00536603 0.00052588 -0.00324616 1.281e-06 -0.000437063 0.00123895 0.000358286 2.26498e-06 0.000877099 0.00263819 9.91531e-08 6.41599e-06 3.13481e-05 -2.03652e-05 5.56773e-05 -0.00773906 0.000888677 1.21202e-06 -0.0054839 0.00324237 -0.00276955 0.000576017 0.00700417 0.000570251 -0.0072876 4.04604e-05 -7.58187e-08 6.46231e-06 
3.70614e-06 1.63341e-05 -2.3798e-08 1.9086e-07 -3.0381e-08 2.11358e-05 -6.56105e-05 -4.70032e-08 2.65141e-05 -6.19126e-08 -1.56698e-06 -3.4784e-05 1.21643e-05 -6.75459e-09 -2.23516e-08 3.69564e-05 3.72104e-05 4.43213e-06 4.50446e-07 8.59903e-09 -0.000260678 4.89368e-08 1.24222e-06 1.60402e-05 0.000418238 -9.29364e-05 2.77548e-05 0.000204015 -3.19339e-07 -1.77035e-06 -9.66801e-08 -7.13116e-09 -6.17631e-07 -7.00741e-06 -2.42945e-08 -9.89966e-09 -2.09514e-08 -7.85222e-09 2.42655e-05 -9.31165e-07 4.58205e-07 1.56429e-05 5.14879e-05 1.4139e-06 -1.4724e-08 -2.45279e-07 -4.03659e-07 -9.21293e-07 -4.61332e-06 -1.44666e-06 -5.28945e-05 -3.19672e-05 4.80128e-08 -1.56061e-05 -2.02944e-08 2.81167e-07 -3.69031e-07 -1.41968e-08 -1.60392e-10 -2.71411e-08 -1.28913e-08 -3.35707e-08 5.78065e-06 1.92986e-05 -4.07814e-09 -1.86321e-07 -1.76667e-06 -1.79317e-07 1.03926e-05 1.82504e-05 -1.05147e-08 3.17545e-06 -1.54463e-05 -1.05496e-06 -0.000194635 -5.79781e-09 0.000150874 -4.58148e-05 -9.04029e-05 7.15622e-06 -1.36334e-06 -0.000112146 -4.12834e-10 5.80039e-08 1.28446e-07 4.82821e-06 -6.67062e-08 5.86256e-06 -1.90145e-06 2.99676e-07 5.07541e-05 2.8815e-05 -0.00023461 7.58721e-08 6.98919e-06 1.06155e-05 3.14261e-05 -4.90827e-08 -2.88566e-09 -3.33754e-09 
0.00218165 -0.0010889 -2.96475e-05 -1.41398e-05 1.33399e-05 0.000364126 0.0103257 1.32914e-05 0.00053707 2.26281e-05 -0.00269108 -0.0570522 -0.00227147 9.40305e-07 1.73269e-06 -0.00104122 -0.0016844 0.00114012 -1.94769e-05 -1.50413e-05 -0.00317233 1.82803e-05 -0.00127028 0.000510359 -9.29364e-05 0.151442 0.0153669 -0.0609384 0.000135281 0.000832761 -5.15242e-06 2.57443e-06 -0.000507394 0.00676046 -1.50035e-07 -8.52781e-06 -9.56666e-06 -1.20883e-05 1.46203e-05 -0.00017541 -1.36467e-05 -0.0188156 0.0126872 4.6113e-05 5.87472e-07 0.000116013 -0.000775941 -0.000698271 -0.00835591 0.000181947 -0.0414906 0.0472324 4.64259e-05 -0.0124961 8.23789e-06 -4.10835e-06 0.000123761 -2.56403e-05 7.13232e-08 2.13246e-06 5.12253e-06 7.31159e-06 -0.000624666 -9.60962e-05 -4.73986e-06 -0.00017674 0.000618051 6.83254e-05 0.00754711 -0.00443906 -2.00443e-05 7.92631e-05 -0.00527876 -0.000988221 0.0615412 3.61513e-07 -0.000477952 0.0180114 0.0386036 -0.000329805 -0.0025775 -0.0726505 7.35798e-08 4.72472e-06 -8.89466e-05 -0.00137658 1.1763e-05 0.000609023 -0.000244703 -8.84416e-06 -0.0436684 -0.00473404 -0.00437912 0.000128438 0.00105551 0.000697311 -0.0221544 -1.26305e-05 -4.25347e-06 -5.58919e-06 
0.0034674 -0.00102543 -2.64708e-05 -7.71303e-06 5.78661e-06 0.000144329 -0.00616324 -1.47223e-05 0.000786947 1.43861e-05 -0.003068 -0.0289724 -0.00611862 -6.84994e-06 -5.41385e-06 3.98537e-05 -0.00152408 -0.00415585 -3.69915e-05 1.64904e-07 -0.00713996 -7.18505e-08 -0.000755465 -0.000625864 2.77548e-05 0.0153669 0.0932404 -0.0115779 -0.000209171 0.000380223 -2.50832e-05 1.77372e-06 -0.000875788 0.0041148 -8.42395e-06 -1.1401e-05 -4.40548e-06 -8.82026e-06 -0.0114029 -0.0015557 2.0199e-06 -0.0113455 0.0124944 0.000288447 -1.51844e-05 -8.00254e-06 -0.000862579 -0.000929515 -0.00120607 6.00641e-05 -0.0362437 0.0295914 -4.16632e-05 -0.0152203 -3.422e-07 1.32118e-05 -0.000242482 -2.40222e-05 3.9894e-08 -5.65192e-05 2.57977e-06 3.47331e-06 -0.000353073 -0.000363226 -5.91232e-06 -0.000193493 -0.00283325 -2.86156e-05 0.00986493 -0.000676109 -2.21847e-05 4.64527e-05 8.16966e-05 -0.00147934 0.0223887 -2.46459e-06 0.00339985 0.0110263 0.0246772 1.02275e-05 -0.00282131 -0.0465612 -5.39831e-08 -5.93817e-05 -2.58276e-05 -0.00147236 -7.37516e-05 0.0026904 0.000380911 -7.51654e-05 -0.0258302 0.0026906 -0.00366953 4.37361e-05 -0.000316147 0.000695842 0.000403756 -4.94551e-05 -5.88226e-06 -6.43986e-06 
-0.00464571 0.000773636 1.92935e-05 1.67207e-05 -2.86217e-05 0.00041988 -0.0627863 5.02754e-05 -0.00317525 -5.68907e-05 0.00223357 0.160487 -0.00571541 -4.44344e-06 -1.4274e-05 -0.000227258 0.00152335 -0.0250851 7.1745e-06 -4.88511e-05 -0.00358256 -2.33705e-05 0.00370198 0.00233771 0.000204015 -0.0609384 -0.0115779 0.238803 0.000421677 -0.00113013 -3.47227e-05 -6.5082e-06 0.000581735 -0.0163996 -1.45176e-05 -7.57972e-06 -5.73475e-06 4.10582e-06 -0.0123682 0.000322102 2.6492e-05 0.0503865 -0.041002 0.000975877 -7.42799e-06 -0.000207751 0.0005761 0.000860294 0.00550317 0.000933422 -0.0109228 -0.0869813 -0.000122833 0.0140215 -1.75159e-05 7.43623e-06 0.000201013 1.89154e-05 -1.51104e-07 -2.3686e-05 -1.20981e-05 -2.91767e-05 0.00274146 -0.000524142 5.47469e-06 -0.000130485 -0.00154731 -0.000166166 -0.0562496 0.00277235 1.48708e-05 -0.000173078 0.0132813 0.00139581 -0.18528 -2.62207e-06 -0.00407434 -0.0502053 -0.0946018 -5.59303e-05 0.00194768 0.157531 -3.88928e-07 -2.80932e-05 0.000102805 -0.00017672 -4.19567e-05 -0.00301509 -0.00193414 -3.10894e-05 0.0828041 -0.00125285 0.00263698 -0.000279746 0.00682679 -0.00268951 -0.00779667 -1.7437e-05 -2.68855e-06 3.67906e-06 
-0.000682624 3.78088e-05 -4.3409e-08 -5.9233e-08 -5.54169e-08 3.24127e-06 -0.000109603 1.20176e-05 1.14205e-05 -9.95993e-08 -1.42494e-06 -0.000262692 -2.18555e-06 -1.23208e-08 -2.41042e-08 -8.5555e-07 4.4001e-07 -3.95543e-05 -4.7828e-08 6.16026e-07 -0.000682003 6.78617e-07 -1.60965e-05 0.00068063 -3.19339e-07 0.000135281 -0.000209171 0.000421677 0.000762631 -4.26544e-06 -2.00672e-07 -1.30077e-08 -7.266e-07 -2.56454e-05 4.62352e-07 2.78609e-07 -3.82166e-08 2.90104e-08 -3.01713e-05 -1.18887e-06 3.64318e-06 -0.000562545 -8.78951e-05 -1.82969e-05 -2.68575e-08 7.42309e-06 2.537e-07 5.61062e-05 -9.1049e-06 1.25787e-06 -0.000436429 -0.000201031 3.3161e-06 -2.09704e-05 1.65965e-06 -9.30256e-08 0.00045556 -2.58958e-08 -2.92565e-10 3.90716e-06 5.64854e-08 -6.12351e-08 0.000717442 1.94299e-06 -7.43879e-09 -1.43195e-07 1.12441e-05 3.76625e-06 0.000254238 -3.63588e-06 -1.91796e-08 -4.21749e-07 5.54439e-06 0.000531327 -0.000403343 -1.05756e-08 -1.49449e-05 -9.58104e-05 -0.000197814 -1.21116e-07 -1.49682e-06 0.000359681 -7.53037e-10 3.8983e-06 -1.4268e-07 -1.98542e-06 6.99166e-06 -0.000742363 3.20488e-06 -8.57139e-08 -0.000475926 0.000673273 2.42887e-05 3.39133e-06 0.000703789 -5.27081e-06 -0.000555347 -8.953e-08 -5.26363e-09 1.67245e-07 
-0.00168372 7.46917e-05 2.72481e-07 9.32187e-07 3.50571e-05 3.67981e-05 -0.000538704 6.4962e-07 0.000154067 1.56753e-05 5.25035e-05 -0.000515149 0.00228503 1.12689e-05 1.87198e-06 7.16795e-05 2.48922e-05 0.00229279 1.03152e-07 2.84597e-06 -0.00163591 9.64339e-06 -0.00059715 0.00172262 -1.77035e-06 0.000832761 0.000380223 -0.00113013 -4.26544e-06 0.00560937 6.98676e-06 2.08052e-06 -1.81379e-06 0.00274415 6.15245e-06 -1.33471e-07 3.48086e-06 6.2908e-06 0.00363399 -8.74864e-06 -4.05224e-07 -0.0026307 0.00117172 -0.000594063 8.4482e-07 2.77278e-06 1.03344e-05 0.000101979 2.33296e-06 0.00115984 -0.00284227 -0.000847151 2.79342e-05 0.00116327 3.7843e-05 -5.34115e-07 -4.77874e-06 -1.88072e-07 -2.16246e-09 -3.65926e-07 1.34295e-05 1.57807e-05 -9.87899e-06 0.000430395 7.83505e-08 1.87813e-05 2.16378e-05 2.46991e-05 -0.00122271 -2.8857e-05 1.05824e-06 1.43494e-05 -0.00426916 -1.02875e-05 0.000858281 -1.50152e-09 -6.04837e-06 0.002759 0.000559658 -4.62336e-07 1.08657e-05 -0.000200342 -5.56598e-09 -1.48049e-07 -9.64603e-07 2.2025e-05 1.16731e-06 -0.00233268 0.000132315 4.05979e-06 -0.00174489 0.000126204 -0.00269689 8.75679e-05 0.00102831 5.42784e-05 -0.00432125 9.21583e-07 -3.89055e-08 -4.49979e-08 
-1.29574e-05 8.33694e-08 -1.49546e-08 1.29273e-08 3.4242e-08 -3.64694e-07 1.77804e-05 7.713e-08 -1.20238e-06 -3.89058e-08 -6.68018e-07 -7.24608e-05 4.55505e-06 1.00242e-06 5.82621e-07 -6.43744e-07 -3.26728e-08 -4.75802e-06 -1.64769e-08 -5.53415e-08 1.54024e-05 -3.8372e-08 -3.25346e-05 -2.00053e-06 -9.66801e-08 -5.15242e-06 -2.50832e-05 -3.47227e-05 -2.00672e-07 6.98676e-06 0.000262861 -4.4812e-09 -2.81451e-07 -2.34362e-06 -1.52666e-08 1.23738e-05 1.30017e-06 -4.93432e-09 2.63399e-05 2.86571e-05 -2.41694e-08 -2.45286e-05 5.77271e-05 -2.22645e-05 9.74142e-08 1.15803e-05 -1.43658e-07 1.10477e-05 2.5192e-05 1.05409e-05 -0.000128438 3.06632e-05 -9.55084e-08 1.80775e-05 9.05804e-08 1.87247e-06 -2.31898e-07 1.77455e-08 -1.0079e-10 -1.70554e-08 -8.10087e-09 -2.10958e-08 -9.34763e-07 4.87793e-06 -2.56269e-09 1.91129e-05 2.67198e-05 8.39845e-08 -3.08794e-05 1.42777e-06 -6.60743e-09 -1.45294e-07 -2.62085e-05 4.07317e-06 2.47104e-05 -3.64333e-09 1.56483e-06 9.45188e-05 -2.2109e-05 2.39852e-07 -2.23385e-07 -1.9553e-05 -2.59424e-10 -2.01063e-08 -4.91539e-08 2.03602e-06 -4.19181e-08 -5.69405e-05 1.23164e-06 9.47138e-07 -0.000173356 9.1163e-07 9.72926e-06 -1.89019e-07 8.70917e-07 -5.23964e-07 -3.53257e-05 -3.08434e-08 -1.81334e-09 -2.0973e-09 
1.53278e-07 -3.02474e-08 -9.69368e-10 -1.32273e-09 -1.23752e-09 -3.46593e-08 -1.55471e-06 -1.91459e-09 -1.49458e-07 -2.5219e-09 -6.38281e-08 -5.93164e-06 1.67172e-06 -2.75136e-10 -9.10455e-10 -4.82101e-08 -4.53317e-08 2.93406e-06 -1.06805e-09 6.97461e-08 -5.32647e-06 7.0846e-08 -7.24879e-07 7.32634e-07 -7.13116e-09 2.57443e-06 1.77372e-06 -6.5082e-06 -1.30077e-08 2.08052e-06 -4.4812e-09 1.7043e-05 -2.51581e-08 7.26782e-06 -9.89593e-10 -4.03245e-10 -8.53417e-10 -3.19847e-10 1.27343e-06 -5.0964e-08 -1.56668e-09 -1.36994e-05 1.09631e-05 -6.59977e-07 -5.99755e-10 2.94854e-09 -1.64423e-08 -3.75273e-08 -2.10319e-07 -5.8927e-08 -9.65387e-06 7.88562e-06 -6.19093e-09 -5.5334e-07 -8.26658e-10 -4.16158e-09 4.49682e-08 -5.7828e-10 -6.53328e-12 -1.10554e-09 -5.25105e-10 -1.36744e-09 -8.1983e-08 1.14613e-06 -1.66116e-10 -7.58945e-09 -7.19621e-08 -7.30415e-09 -1.06094e-06 -1.04938e-07 -4.28299e-10 -9.41809e-09 -8.27681e-06 -4.47369e-08 7.01727e-06 -2.36164e-10 -7.04505e-07 7.79117e-06 1.13234e-05 -8.43628e-09 -5.55331e-08 -7.87873e-06 -1.68161e-11 -1.3033e-09 -3.18619e-09 -4.43364e-08 -2.71716e-09 -8.00282e-07 5.5229e-07 -1.91408e-09 -1.15553e-05 -4.94215e-07 -7.7376e-06 6.1081e-08 1.60074e-06 3.81553e-07 -2.02076e-06 -1.9993e-09 -1.17542e-10 -1.35949e-10 
