0.000132756 -3.91973e-07 6.5087e-05 7.7899e-06 -2.96527e-09 2.14592e-09 -5.5781e-07 -2.03422e-06 1.80723e-06 -4.19821e-07 2.19105e-05 7.12029e-05 -5.44081e-07 5.47526e-05 1.83828e-05 -5.19488e-06 -7.08377e-05 -6.80051e-06 -2.55155e-05 2.26747e-05 2.51968e-05 7.98518e-07 7.38553e-05 2.56698e-05 -8.80798e-05 7.55252e-05 -0.000100062 2.19199e-06 2.77061e-06 -4.48633e-07 1.2493e-05 -2.28286e-08 -0.000103029 2.13492e-06 -5.1513e-08 8.63407e-05 -6.42528e-07 1.86187e-06 -1.58015e-06 -3.06198e-06 -9.18482e-05 -3.29845e-07 1.38686e-05 1.15307e-05 -1.81329e-08 -2.68211e-06 -5.01071e-07 2.4046e-05 -6.28234e-07 -2.2305e-08 -3.72087e-05 1.71414e-07 -9.42725e-05 1.85251e-05 3.13712e-06 -7.13591e-05 3.22892e-07 2.31466e-08 4.45792e-06 6.80123e-06 -3.29689e-06 1.04787e-05 3.4179e-07 -9.65136e-07 -6.9606e-08 -6.69001e-09 -2.4106e-05 -3.21059e-08 -3.20639e-08 -5.08369e-05 -1.21094e-06 3.98404e-06 -2.78461e-06 -1.80283e-05 7.14176e-08 -1.17846e-06 2.01974e-07 -0.000104533 6.25315e-06 2.38244e-07 -8.10719e-07 2.76986e-07 -5.30019e-07 -4.05095e-06 1.3648e-07 -5.25119e-09 -3.90114e-06 7.83478e-08 -1.17013e-08 3.96672e-06 -4.79179e-09 -2.22232e-05 7.28821e-05 -4.33012e-07 -7.63229e-08 -6.94869e-08 6.22975e-05 -3.06493e-06 4.16659e-07 6.97927e-07 
-3.91973e-07 0.00316804 0.000257634 0.000446126 -7.09785e-08 -4.80065e-07 -1.66087e-05 -4.67704e-05 0.000114808 -4.33973e-05 0.000323168 -2.94739e-05 -1.71116e-05 0.00166001 1.4197e-06 -5.83417e-07 -1.83236e-05 8.20384e-05 -0.000837977 -2.32064e-05 -0.000224101 -1.05421e-05 -0.000245523 -0.000161975 -0.000912861 7.68032e-05 -0.00017232 3.38247e-05 0.000279513 0.000201618 2.53674e-05 -4.23106e-07 -0.000808516 0.000205547 1.25236e-05 0.000145379 -1.53799e-05 -2.95024e-06 5.73333e-05 -8.06223e-05 -0.0011032 4.26946e-05 1.12995e-07 -0.000118656 -4.34039e-07 -0.000134463 -1.71445e-05 -0.000138455 -2.65274e-05 2.43861e-05 3.9276e-05 0.000174995 -5.76023e-05 -0.000733499 -1.30553e-06 -0.00101216 1.83051e-05 -4.47059e-09 0.000262647 -3.20975e-05 -9.13358e-05 0.000750618 -2.56367e-06 -7.33435e-05 0.000229281 6.70986e-06 0.000119703 -7.68507e-07 1.57917e-06 4.80218e-05 -2.6089e-05 0.000944127 -4.65241e-05 -0.000574085 -2.97074e-06 -2.44385e-05 -1.98431e-06 -0.000227645 1.11967e-05 6.81136e-06 -1.77092e-05 1.9587e-06 -6.50091e-05 -0.00142765 -2.22765e-05 -1.25696e-07 0.000139393 0.000405321 3.15658e-06 -0.000323416 -1.14699e-07 6.90628e-05 -0.000209578 1.61518e-05 4.07672e-05 -1.40995e-06 -0.000174403 -8.6977e-05 -1.29658e-06 -5.56239e-07 
6.5087e-05 0.000257634 0.116492 0.00554611 -3.00636e-06 3.72667e-05 -0.000847085 0.00231362 0.00135405 0.0056205 0.00202229 0.0102653 -0.000419152 0.0370159 -0.00061413 -0.000297222 -0.0275578 0.041445 -0.0627977 -0.000280015 0.0130628 0.00119203 0.0826502 0.00809627 -0.064196 0.0868599 -0.0332605 0.0308536 -9.84951e-05 0.00178106 -0.00281623 -8.0449e-06 -0.0360978 0.00635034 -1.306e-05 0.0260794 -5.47403e-05 -0.000270542 -0.00070498 0.0109909 -0.0790235 -0.000121112 0.00521667 0.0041418 6.02924e-06 0.0235258 -0.000375429 0.0156586 -0.000486803 -1.85741e-05 -0.0555649 -0.00025312 -0.0142489 -0.0204648 -4.67811e-05 -0.0879285 -3.39987e-05 -1.66022e-07 0.0036488 0.0016578 -0.00388289 0.00375523 0.000501465 -0.00415399 -7.34373e-06 -5.09937e-06 -0.00912362 7.77924e-06 3.51485e-05 -0.0314798 0.00706936 0.000908056 -0.00281756 0.0148932 0.00029925 -0.00111987 9.57202e-05 -0.0293569 0.0011171 -4.84223e-05 -0.000764915 -4.14066e-06 -0.00299184 -0.0650313 0.000292577 4.99272e-06 0.00153207 -0.000135743 -1.03768e-05 0.0582452 4.71515e-06 -0.0171356 0.016999 -0.000315401 0.00300136 -7.03597e-05 0.00844163 -0.00405564 1.56742e-05 -1.25307e-05 
7.7899e-06 0.000446126 0.00554611 0.0177499 -4.03713e-07 -3.79225e-06 0.000212452 -0.000308257 0.000493058 -0.000289637 0.000437939 -0.000256637 0.000132264 0.00999341 -0.000166054 -0.000726507 7.16731e-05 -0.000811025 -0.00447406 -2.55176e-05 0.00331402 0.000188505 0.0077463 0.00343803 -0.0135441 0.0113692 -0.00554765 -0.00297294 0.000713832 0.00197765 0.00764361 3.05288e-07 -0.0138087 0.0063822 -4.34667e-06 0.00818797 -7.92149e-05 -2.05975e-06 4.63579e-05 -0.000417316 -0.0124033 -4.04107e-05 -0.000147679 0.00534963 2.946e-07 0.00134509 -7.67977e-05 0.00203477 -0.000124393 7.60766e-05 -0.00256881 0.000483655 -0.00816872 -0.00892357 2.74354e-06 -0.00596311 -2.59547e-06 5.07905e-07 0.00142177 -8.07697e-05 -0.00037118 -0.000288277 -1.78976e-06 9.31484e-06 0.00048781 4.89176e-07 -0.00664513 -1.16779e-06 1.83127e-06 -0.00625778 -0.000153062 0.00440633 -0.000370936 -0.0039672 -1.77871e-05 0.000429761 0.000102319 -0.00972943 -5.6107e-05 5.89647e-06 -3.95436e-05 5.3711e-05 0.00105261 -0.00162637 -8.72375e-05 -6.28266e-07 0.000195438 0.000787513 1.38357e-06 0.00512235 6.01761e-06 -0.0018263 -0.000573237 -5.36033e-05 -4.77657e-05 -9.46044e-06 0.00477858 -0.000194227 7.50069e-06 -5.40674e-06 
-2.96527e-09 -7.09785e-08 -3.00636e-06 -4.03713e-07 2.23328e-05 -4.68524e-09 1.11758e-06 9.19901e-07 1.06686e-05 -1.87221e-07 -1.21581e-07 1.59653e-05 -8.95831e-08 -4.8299e-06 1.87955e-05 9.68356e-08 -1.81671e-05 6.13e-06 -1.53062e-05 4.86527e-06 2.0697e-05 9.768e-07 1.07734e-05 6.87943e-06 -1.90747e-05 1.35875e-05 -2.00404e-05 -3.31509e-06 -2.12027e-08 -1.89843e-07 1.44773e-05 -3.83992e-09 -1.85646e-05 2.48782e-06 -8.66481e-09 -2.51161e-06 1.17153e-05 2.8859e-06 9.59088e-06 1.83563e-07 -1.67598e-05 3.27851e-07 4.04383e-06 2.11967e-06 -3.05006e-09 3.57235e-07 -1.35867e-07 1.52569e-05 7.53692e-06 -3.75185e-09 -1.1497e-05 2.84647e-06 -2.06719e-05 -1.46565e-05 1.03878e-07 -1.49685e-05 -6.24179e-09 -3.14156e-11 -7.40399e-08 1.73476e-05 -6.97533e-07 -6.02108e-07 2.21005e-06 -7.24712e-07 -1.17082e-08 -1.1253e-09 -1.89719e-05 7.93291e-09 -5.39335e-09 -1.88588e-05 -2.03687e-07 3.2839e-07 -4.55056e-07 -1.0907e-05 -2.27498e-08 2.13279e-06 -2.20956e-08 -1.95602e-05 5.89088e-06 -9.26632e-09 1.8197e-05 -2.74975e-09 4.60899e-06 -1.58435e-05 3.60737e-06 -8.83283e-10 -6.56197e-07 -3.72833e-08 -1.96824e-09 -3.09299e-06 -8.0601e-10 -4.49893e-06 5.1634e-06 -7.28354e-08 -1.05084e-09 -1.16881e-08 1.34183e-05 -6.62003e-07 -9.53291e-09 -9.3197e-09 
2.14592e-09 -4.80065e-07 3.72667e-05 -3.79225e-06 -4.68524e-09 0.000209743 -1.57351e-06 1.47302e-05 -2.11108e-06 1.36439e-05 -1.14206e-06 -3.76732e-06 -8.7794e-07 -3.61193e-05 -2.15714e-06 -8.84715e-06 -3.23155e-05 9.10173e-05 -0.000116067 1.31401e-06 -1.25693e-05 4.33108e-07 6.56745e-05 -8.93116e-06 -1.13021e-05 -2.94683e-05 -9.8914e-06 0.000121013 -1.99167e-07 -1.58995e-06 -2.09802e-05 -3.607e-08 5.80237e-06 -4.20285e-06 4.78608e-07 -1.61331e-05 -1.01522e-06 -2.59531e-07 -1.62669e-06 -1.62986e-06 5.53797e-06 -3.545e-07 -2.93174e-07 -7.25895e-06 -2.86506e-08 1.52282e-05 -1.27625e-06 -5.72854e-06 -1.75105e-06 -3.52428e-08 -8.82431e-05 -4.40176e-07 1.26868e-05 1.7651e-05 6.78493e-08 -0.000127716 -5.86319e-08 -2.951e-10 -9.0292e-07 -2.15217e-06 1.68944e-05 2.01723e-05 2.80023e-07 -6.32087e-06 -1.0998e-07 -1.05705e-08 1.15655e-05 -5.07285e-08 1.49934e-06 1.84013e-05 6.06668e-06 -6.19031e-06 -4.27311e-06 8.04848e-06 1.37963e-06 4.19503e-06 2.93578e-06 2.40956e-06 -7.67841e-07 -7.03759e-08 -9.87632e-07 -2.58296e-08 -5.01928e-06 -7.15187e-05 5.59004e-07 -8.29706e-09 5.06061e-07 -3.50219e-07 -1.84885e-08 1.73613e-06 -7.5712e-09 -3.32071e-05 -2.03843e-06 -6.84174e-07 3.88625e-06 -1.09792e-07 -9.61982e-06 -5.93039e-06 -8.95467e-08 -8.7544e-08 
-5.5781e-07 -1.66087e-05 -0.000847085 0.000212452 1.11758e-06 -1.57351e-06 0.00810116 -0.000134024 -1.29004e-06 -0.000133702 -9.51524e-06 -0.000107327 4.4633e-05 -0.00151037 0.000356766 -2.00415e-05 0.000388504 -0.000245878 0.000285705 4.03532e-05 0.00635906 -1.57275e-06 0.00449119 0.0062303 -0.00335548 0.00370422 -0.00645518 -0.0014227 5.20823e-05 -4.86506e-05 0.000684925 1.60898e-06 -0.00625847 -6.0606e-06 0.000131831 0.00629538 -1.58333e-05 0.000110347 -9.67432e-05 -0.00021486 -0.00526886 6.88789e-07 -7.37394e-05 0.00676705 3.16451e-06 -0.000417897 -3.66399e-05 0.00129653 0.00508324 1.34785e-06 -0.00339143 4.33421e-05 -0.0068024 -0.00502082 1.67153e-05 -0.00467694 -2.22279e-06 6.51772e-08 0.000668725 -8.19132e-05 -0.000152356 7.26686e-05 -8.76598e-06 -0.000234739 5.32714e-05 -3.81552e-07 -0.00614531 1.49083e-05 -1.76915e-06 -0.00606646 -7.4427e-05 -0.000114621 -0.000144639 -0.00436939 -8.04018e-06 -6.69229e-05 -2.41758e-06 -0.00637411 -2.96315e-05 -2.51893e-06 0.00187702 1.66768e-06 0.0012793 0.00127642 0.000157852 -2.29706e-07 -0.000227941 7.50212e-05 8.84683e-06 0.0037514 3.81522e-06 -0.00160955 0.00575769 -2.49411e-05 -4.33747e-05 -1.61799e-06 0.00689152 -0.000225131 -3.39643e-06 1.51515e-05 
-2.03422e-06 -4.67704e-05 0.00231362 -0.000308257 9.19901e-07 1.47302e-05 -0.000134024 0.0210348 0.000427553 0.00978423 -0.000107268 0.000546088 -0.00011216 -0.00375211 5.24076e-05 -0.00106484 -0.00978704 0.0183907 -0.0171094 0.000918909 0.00331649 -6.0656e-05 0.0133844 -1.57532e-05 -0.0181203 0.00720795 -0.00544185 0.0139562 -2.0332e-05 -0.000180837 0.0110109 -3.69611e-06 0.00261401 0.000802378 -2.86698e-06 -0.00190077 2.92468e-05 -3.71993e-05 3.71531e-05 0.00377264 -0.0158788 -1.56109e-05 0.000258528 -0.000711858 -2.01251e-06 0.00735066 -3.95217e-05 0.00634973 3.02564e-06 -1.16134e-06 0.000153612 -2.65584e-05 -0.00121876 -4.96102e-05 3.77217e-06 -0.0106451 -4.37471e-06 2.36428e-07 -9.80814e-05 1.96892e-06 -0.000662064 0.00918337 -1.32886e-05 -0.000486085 -9.13637e-06 6.10174e-07 -0.0174893 6.89182e-06 -3.0247e-06 -0.00517234 0.00426881 0.00126148 -0.000450491 -0.0107631 0.000368919 0.0106665 5.64753e-05 -0.0185023 -7.77742e-05 -8.3893e-06 2.40855e-05 -2.64678e-06 0.000261235 -0.00540364 7.85629e-05 1.74998e-05 -0.000623619 -3.58104e-05 6.77881e-06 0.00402708 6.84175e-07 -0.00432452 -0.00206218 -7.00944e-05 0.000511569 -1.12504e-05 -0.000792712 -0.000611288 -7.3659e-06 4.62266e-06 
1.80723e-06 0.000114808 0.00135405 0.000493058 1.06686e-05 -2.11108e-06 -1.29004e-06 0.000427553 0.00996174 8.45669e-05 -4.70355e-05 0.0044149 9.74994e-05 -0.000400977 0.000899658 -0.000467505 -0.00593888 0.00676893 -0.00783187 0.00378228 0.0083472 0.000654263 0.00494816 0.00480893 -0.00807755 0.00747084 -0.00814277 -0.00138663 0.00029668 0.000653303 0.00806253 2.88531e-05 -0.00744609 0.00225887 -3.62088e-06 -0.000862857 0.000160019 -2.36101e-05 0.000738433 0.00143407 -0.00754114 2.94108e-05 0.00423675 0.000675237 1.52236e-06 0.00697905 4.32176e-05 0.00822314 6.8166e-05 5.49483e-07 -0.00483461 0.0015466 -0.00819671 -0.00667462 9.04296e-06 -0.00671233 -2.76911e-06 1.9178e-08 0.00151306 0.00356734 -0.000284776 -7.10165e-05 0.000660029 7.23608e-05 0.000266995 2.02663e-05 -0.00836153 3.08333e-05 -2.22681e-06 -0.00805005 -3.79678e-05 0.00731993 -4.51778e-05 -0.00465749 1.08602e-06 0.000113728 0.000655667 -0.00847954 0.000364395 2.09348e-05 0.000330622 4.51434e-06 0.000610523 -0.00793377 0.00349632 4.58675e-07 -0.000274597 0.000250994 3.06481e-07 0.0027903 8.85016e-06 -0.0019154 0.000680884 2.0255e-05 3.39333e-05 -5.19981e-06 0.00200857 -0.000249688 2.59113e-05 7.97071e-06 
-4.19821e-07 -4.33973e-05 0.0056205 -0.000289637 -1.87221e-07 1.36439e-05 -0.000133702 0.00978423 8.45669e-05 0.0161724 -3.01828e-05 0.00128154 -7.85961e-05 -0.00208499 -0.000115733 -0.000813589 -0.0109999 0.0119917 -0.0118483 0.000635487 0.00199381 -4.93414e-05 0.00801438 -0.000182142 -0.0114552 0.00602214 -0.00599601 0.00922831 -1.46237e-05 -0.000137937 0.0024681 -2.45377e-06 0.00183014 0.000431486 -2.97606e-06 -0.00148022 -6.12176e-05 -4.07008e-05 0.000364137 0.00394118 -0.00963934 6.84851e-06 0.000435177 -0.000595895 5.62442e-06 0.00757226 6.44594e-05 0.0058209 -3.83076e-05 -2.62893e-06 -0.0028992 -1.78569e-05 -0.000924892 -0.00128245 3.31198e-06 -0.00509044 -3.3088e-06 2.43537e-07 3.26912e-05 7.30896e-05 -0.000503279 0.00215818 -1.31228e-05 -0.000515743 -4.16671e-06 -3.98494e-07 -0.00940928 -4.76014e-07 -3.85414e-06 -0.00595531 0.00545826 -8.60392e-05 -0.000343921 -0.00470946 0.000395404 0.00471355 3.61023e-05 -0.0115321 -3.78312e-05 -6.35225e-06 -9.49132e-05 -1.91115e-06 -0.000323862 -0.00591047 0.000315061 4.46969e-06 -0.000405399 -2.60362e-05 6.64236e-07 0.00470227 -2.76751e-07 -0.00325123 -0.00137849 -5.35044e-05 0.000494897 4.48804e-06 -0.000805939 -0.00045657 -3.75519e-06 1.37818e-05 
2.19105e-05 0.000323168 0.00202229 0.000437939 -1.21581e-07 -1.14206e-06 -9.51524e-06 -0.000107268 -4.70355e-05 -3.01828e-05 0.00541428 0.00103925 -2.99051e-05 0.00301464 -5.38303e-05 -0.000260467 -0.00304918 -0.000136721 -0.00214707 0.000440618 -0.000193643 4.94418e-05 0.00246665 -0.000123581 -0.00432236 0.00319707 -0.00178685 0.0012398 0.000157202 -4.11624e-05 1.91013e-05 -4.29342e-07 -0.00281687 0.000147611 -9.85446e-07 0.000854373 -2.61147e-05 0.000311996 -6.18515e-06 -0.000146677 -0.003772 0.000224973 2.84126e-05 -9.08044e-05 6.33191e-07 -0.000248119 7.1615e-06 -0.000147224 1.86606e-05 0.000132529 0.00224888 5.71142e-05 -0.000343169 0.000580569 -1.24791e-07 -0.00295161 1.15552e-05 2.34222e-09 0.000198597 -4.55284e-05 -0.000107876 0.00124018 -6.03351e-06 0.000976889 0.000111009 1.39957e-05 -0.00132139 8.73607e-07 -1.208e-06 0.000374707 3.23764e-05 0.00266925 -0.000100517 -0.00382471 2.39457e-06 0.000102973 -4.75929e-06 -0.00266722 3.3725e-05 9.95446e-05 -1.82041e-05 4.57431e-05 0.00145299 -0.000415709 -3.63758e-05 3.74693e-07 -0.000142959 0.000219392 -1.03106e-07 -0.000712727 1.16862e-07 -0.00101719 0.00141158 -2.35084e-06 0.000152676 -2.51907e-06 -0.000151291 -0.000141278 -2.28038e-06 5.34825e-06 
7.12029e-05 -2.94739e-05 0.0102653 -0.000256637 1.59653e-05 -3.76732e-06 -0.000107327 0.000546088 0.0044149 0.00128154 0.00103925 0.0195157 -3.60412e-05 0.00236666 0.00458253 -0.000969804 -0.0183055 0.00838769 -0.0136342 0.00339977 0.0130772 0.00157906 0.0118486 0.00321301 -0.0169576 0.0150297 -0.0167722 0.0045311 4.02914e-06 0.000256297 0.00445059 4.38303e-06 -0.0100339 0.0020779 2.44479e-05 0.00560276 0.00380593 0.00138245 0.00373942 0.00496912 -0.0149158 0.000145369 0.00853571 0.00072061 2.02573e-05 0.00962224 6.02858e-05 0.0119376 0.000611213 -2.70512e-06 -0.00786204 0.00089868 -0.0129562 -0.00705813 0.000127153 -0.0132504 -5.56513e-06 2.19902e-08 0.00183039 0.00770055 -0.000619495 0.00128459 0.00088032 -0.000637058 -8.29891e-06 1.84669e-06 -0.0115003 6.1085e-05 -2.64867e-06 -0.0126124 0.000838711 0.00382475 -0.000303438 -0.00443237 2.00698e-05 9.27871e-05 0.00022054 -0.0167619 0.00280204 -1.74511e-06 0.00317438 7.44168e-06 -6.20622e-05 -0.0147673 0.00343736 5.14247e-06 -0.000567849 -3.30415e-05 -1.71486e-06 8.94116e-05 1.19803e-06 -0.00397645 0.00183541 -1.63661e-05 0.00359645 -1.04211e-05 0.00388952 -0.000600854 7.01139e-05 0.000247251 
-5.44081e-07 -1.71116e-05 -0.000419152 0.000132264 -8.95831e-08 -8.7794e-07 4.4633e-05 -0.00011216 9.74994e-05 -7.85961e-05 -2.99051e-05 -3.60412e-05 0.00547343 0.000659926 0.000109758 0.00130627 0.000185007 0.00218997 -0.00223697 -3.79852e-05 0.00305393 5.42946e-05 0.00280658 0.0031773 -0.00197736 0.00239505 -0.00352269 -0.000943749 2.02382e-05 2.02992e-05 0.00306678 3.36038e-06 -0.00435772 5.1909e-05 1.65802e-06 0.00259213 -2.34107e-05 8.39883e-06 6.50731e-05 -0.000132971 -0.00394078 -1.24961e-05 -5.14907e-05 0.000493888 -2.51643e-07 0.00238078 -1.2589e-05 0.002774 0.000342098 1.07541e-06 -0.00286128 3.04454e-05 -0.00327736 -0.00393175 9.49322e-06 -0.00358342 -1.5382e-06 -7.7419e-09 8.22562e-05 -1.53528e-06 -0.00015382 -0.000135644 8.21896e-07 0.000770942 -1.16197e-06 -2.77314e-07 -0.00398882 4.64791e-05 -1.14245e-06 -0.00442869 -3.02224e-05 8.95906e-05 -4.13276e-05 0.000561146 -5.19635e-06 -7.96884e-05 8.22849e-05 -0.00309848 -7.34574e-06 0.00012153 5.63341e-05 -6.77636e-07 -0.00011604 -0.00386342 -3.88247e-05 -2.17672e-07 0.000283633 -5.76793e-06 2.34957e-07 0.00410329 1.0498e-05 0.000519737 0.00277072 -1.09192e-05 2.30881e-06 -1.81704e-06 0.00312857 0.00143681 -1.43258e-06 -1.94337e-06 
5.47526e-05 0.00166001 0.0370159 0.00999341 -4.8299e-06 -3.61193e-05 -0.00151037 -0.00375211 -0.000400977 -0.00208499 0.00301464 0.00236666 0.000659926 0.169494 -0.000571257 0.00142906 -0.0058549 0.00631028 -0.00662683 -0.0013001 0.000493555 -0.000150646 0.00711876 0.00256216 -0.0391094 0.0255299 -0.00916113 -0.0102474 0.000589131 0.00473546 -0.00650583 -2.53904e-05 -0.035145 0.00238898 -1.48621e-05 0.0120566 -0.000787833 -0.000246463 -0.00208384 -0.00392337 -0.0353722 -0.000223152 -0.00104089 0.00221986 -1.20252e-05 0.00241965 -0.00114416 0.0060134 -0.00147379 0.000114136 -0.0654325 -2.14342e-05 -0.00669869 -0.069808 -3.61631e-05 -0.026482 0.000115018 2.29122e-07 0.00361027 -0.00169262 -0.0056953 0.00411725 0.000240151 -0.00327145 0.000371881 4.27317e-06 0.0112392 -4.11982e-05 1.54037e-05 -0.00616523 -0.00131496 0.00519221 -0.00420574 0.000397489 -9.82967e-05 -0.00172068 2.7855e-05 -0.0125715 -0.000419091 1.66632e-05 -0.001313 3.54762e-05 -0.00151993 -0.016786 -0.00134559 -7.01658e-06 0.00873333 0.000471851 -3.22269e-06 0.0119755 7.39169e-06 0.0412479 0.00711683 -0.000627036 0.000729341 -2.14718e-05 0.00391132 -0.00156075 -7.16383e-05 -7.63604e-05 
1.83828e-05 1.4197e-06 -0.00061413 -0.000166054 1.87955e-05 -2.15714e-06 0.000356766 5.24076e-05 0.000899658 -0.000115733 -5.38303e-05 0.00458253 0.000109758 -0.000571257 0.01083 3.91716e-05 -0.00431349 0.00113103 -0.00198276 0.000716672 0.00673675 0.000863852 0.00457581 0.00330391 -0.00625265 0.00559353 -0.00741237 -0.00188515 4.00778e-05 -6.44689e-05 0.00296014 1.9574e-05 -0.00726386 0.00182919 3.27784e-05 0.00148212 0.00428596 0.00170391 0.00313621 -0.000207762 -0.00620461 -5.04247e-06 0.000871749 0.00219876 -7.45426e-07 6.00874e-05 -6.41345e-05 0.00277291 0.000933293 -1.37951e-06 -0.00565454 0.000497265 -0.00757386 -0.00337015 0.000100681 -0.00563834 -2.62031e-06 1.12638e-08 0.000149177 0.00474604 -0.000327536 -0.000306625 0.000175279 -0.000330155 -3.27044e-06 -4.17281e-08 -0.00664334 8.12554e-06 -2.05099e-06 -0.00735267 -9.74998e-05 0.000554855 -0.000207868 1.90236e-06 7.26093e-05 0.000106722 3.8067e-06 -0.00714014 0.00183028 3.09035e-05 0.00385438 2.10515e-06 -6.88928e-05 -0.00479775 0.00052981 4.96932e-07 -0.000211472 -1.68298e-05 -8.95013e-07 0.00111653 -1.71848e-07 -0.000618971 0.00486368 -2.8444e-05 0.000133873 -5.68395e-06 0.00654458 -0.000151626 1.18994e-05 0.000240844 
-5.19488e-06 -5.83417e-07 -0.000297222 -0.000726507 9.68356e-08 -8.84715e-06 -2.00415e-05 -0.00106484 -0.000467505 -0.000813589 -0.000260467 -0.000969804 0.00130627 0.00142906 3.91716e-05 0.04709 0.00226482 -0.00514221 0.00761608 -0.000378289 -0.00247387 4.1675e-05 0.0272386 -0.00201831 0.00607866 0.00166662 -0.000960291 -0.00711999 4.67301e-05 -0.000329945 0.0278856 3.30648e-05 -0.0198377 -0.000702948 3.28412e-05 -0.0048896 -0.000223727 -0.000111826 0.00560909 -0.00109223 -0.0346519 -0.000121236 -0.000485012 -0.00106791 1.16904e-05 -0.00242242 -0.000257739 -0.00211766 -0.000101224 -7.04651e-06 -0.0256873 6.85215e-05 0.00241812 -0.0362628 -1.49024e-05 -0.0326844 1.29564e-05 -6.96928e-08 -0.000313918 -6.84891e-05 -0.000999444 -0.00135904 -5.86363e-05 0.0147189 -2.5657e-05 -2.19972e-06 -0.0254706 2.76829e-05 -9.07471e-06 -0.0376189 -0.000327717 -0.000664946 0.0180013 -0.0147427 -4.98952e-05 -0.000732321 -4.05739e-05 0.00413623 -6.5953e-05 0.000182623 -0.000215838 -6.04344e-06 0.0110266 -0.0225472 -0.000144307 -1.37616e-06 0.000393268 0.000423937 -4.23304e-06 0.0266715 6.86193e-06 0.0365142 0.0269245 -0.000106453 -0.000255118 -2.35392e-05 -0.00138702 0.0229631 0.000178375 -2.0675e-05 
-7.08377e-05 -1.83236e-05 -0.0275578 7.16731e-05 -1.81671e-05 -3.23155e-05 0.000388504 -0.00978704 -0.00593888 -0.0109999 -0.00304918 -0.0183055 0.000185007 -0.0058549 -0.00431349 0.00226482 0.0477508 -0.0213877 0.0361041 -0.00498732 -0.014631 -0.00187037 -0.0302243 -0.00288672 0.0356455 -0.0326796 0.0241277 -0.0234977 -1.11499e-05 -8.28881e-05 -0.00895475 -3.03786e-05 0.0114327 -0.00686735 -2.17164e-05 -0.00565349 -0.00381135 -0.00157651 -0.00394682 -0.00912071 0.0320723 -0.000264331 -0.00915875 0.000577858 -2.01701e-05 -0.0185649 -0.000229879 -0.0178191 -0.000425739 -2.92935e-05 0.0134439 -0.00122442 0.0144509 0.00525846 -0.000137093 0.0278328 4.35401e-07 -7.25941e-07 -0.00185804 -0.00864922 0.0012891 -0.00413649 -0.00104674 0.000623435 8.61179e-06 -2.70433e-05 0.0202771 -9.21288e-05 -1.4678e-05 0.0173321 -0.00696298 -0.0062733 0.000750775 0.00710998 -0.000202387 -0.00483192 -0.0005672 0.0299876 -0.00290163 -0.000108899 -0.00300071 -4.18628e-05 -0.000493183 0.0288143 -0.004182 -1.37115e-05 0.00104445 7.49855e-05 1.44106e-06 -0.00926041 -7.25441e-07 0.00824815 -0.000914019 5.95967e-05 -0.00362966 2.17567e-05 -0.00282442 0.00131204 -0.000193322 -0.000273595 
-6.80051e-06 8.20384e-05 0.041445 -0.000811025 6.13e-06 9.10173e-05 -0.000245878 0.0183907 0.00676893 0.0119917 -0.000136721 0.00838769 0.00218997 0.00631028 0.00113103 -0.00514221 -0.0213877 0.100797 -0.0807834 0.00395357 0.0263783 0.00132274 0.0667519 0.0130298 -0.066175 0.0665427 -0.0327565 0.0372835 -3.27473e-05 4.92245e-05 0.0385208 -1.68113e-05 -0.012463 0.00171592 -3.79985e-05 0.00487792 0.000245434 -0.000230592 0.000983566 0.0218976 -0.0736813 -0.00018937 0.00529548 0.00140182 7.53769e-06 0.0470867 -0.000481275 0.0301156 -0.000184482 -1.15628e-05 -0.0389055 -2.76125e-05 -0.0204615 -0.0303937 3.65662e-05 -0.0691157 -2.53527e-05 1.06684e-07 0.00124948 0.00357786 -0.00290182 0.0173231 0.00087391 -0.000804675 -3.163e-05 1.56494e-05 -0.0505211 3.54519e-05 1.77846e-05 -0.0409182 0.00717751 0.0102138 -0.00224431 -0.0096066 0.000696141 0.0109251 0.000657526 -0.0464556 0.000281804 -3.47017e-05 0.000323458 -1.92633e-06 -0.000808437 -0.0619493 0.00313405 3.22519e-05 0.000233132 -0.000138847 1.45702e-05 0.0475459 1.25788e-05 -0.0118346 0.000725537 -0.000226498 0.00350508 -1.68414e-05 0.0115411 -0.0029584 -4.15859e-05 -1.86348e-06 
-2.55155e-05 -0.000837977 -0.0627977 -0.00447406 -1.53062e-05 -0.000116067 0.000285705 -0.0171094 -0.00783187 -0.0118483 -0.00214707 -0.0136342 -0.00223697 -0.00662683 -0.00198276 0.00761608 0.0361041 -0.0807834 0.147899 -0.005557 -0.027177 -0.00244963 -0.0900532 -0.0134328 0.0700228 -0.093978 0.0391651 -0.0583384 -0.000358392 -4.5893e-05 -0.0378772 -2.79978e-05 0.0117298 -0.0125497 1.6897e-05 -0.0225009 -0.00181469 1.95611e-06 -0.00272285 -0.0221085 0.0835247 -0.00126921 -0.00792186 -0.000965534 -8.39029e-06 -0.0482707 -0.000736028 -0.0315302 -0.00135484 -1.52961e-05 0.0422157 -0.00165841 0.0214842 0.0175035 -0.000119996 0.0855437 3.71417e-06 -5.29476e-07 -0.00212598 -0.0065553 -0.000111556 -0.0160773 -0.00093576 0.00203044 -0.000370431 -3.65135e-05 0.0494059 -8.2948e-05 -0.000144452 0.040392 -0.00735713 -0.00986308 0.00260615 0.00570876 -0.000774491 -0.0115502 -0.000788248 0.0563411 -0.00216329 -5.60158e-05 -0.00196581 -1.88403e-05 0.000486465 0.0883264 -0.00504493 -3.18125e-05 0.00125974 -0.000276515 -2.85878e-06 -0.0562208 -1.95836e-05 0.0149617 0.00593651 9.06711e-05 -0.00371044 5.20071e-06 -0.0108162 0.00410958 -0.000235762 -0.000130274 
2.26747e-05 -2.32064e-05 -0.000280015 -2.55176e-05 4.86527e-06 1.31401e-06 4.03532e-05 0.000918909 0.00378228 0.000635487 0.000440618 0.00339977 -3.79852e-05 -0.0013001 0.000716672 -0.000378289 -0.00498732 0.00395357 -0.005557 0.00790955 0.00337439 0.00058292 0.00403742 0.00185472 -0.00600852 0.00469367 -0.00330541 -0.000424616 -5.11616e-06 0.000410642 0.00527765 8.02579e-06 -0.0051296 0.00194522 2.74133e-05 -0.00064117 9.00058e-05 0.000230688 3.51413e-05 0.000445682 -0.00573424 0.000150696 0.00368874 0.000507884 8.54444e-07 0.00233139 -2.35718e-05 0.00364976 6.64632e-05 4.5539e-06 -0.00114529 0.00107045 -0.0038226 -0.00194317 4.93775e-06 -0.00474546 -2.11835e-06 4.68784e-07 0.000476787 0.00255025 -0.000248673 0.000755228 0.000475236 0.00228268 -4.13655e-06 2.72483e-05 -0.00638579 1.85587e-05 -1.85879e-06 -0.00333926 2.93926e-06 0.00462956 0.000147129 -0.00581837 5.50415e-05 0.00123891 0.000191765 -0.00671949 0.000440021 0.000131789 0.000150893 3.67883e-05 0.000906771 -0.00266318 0.00318307 3.51133e-06 -0.000233536 -1.2857e-05 8.73289e-08 -0.00111243 2.9225e-07 -0.00153467 -0.000210465 4.60574e-05 2.19175e-05 -3.55273e-06 -0.000150511 -0.000177852 3.69767e-05 1.15995e-05 
2.51968e-05 -0.000224101 0.0130628 0.00331402 2.0697e-05 -1.25693e-05 0.00635906 0.00331649 0.0083472 0.00199381 -0.000193643 0.0130772 0.00305393 0.000493555 0.00673675 -0.00247387 -0.014631 0.0263783 -0.027177 0.00337439 0.0664948 0.00202913 0.044796 0.0472219 -0.0391731 0.050488 -0.0599724 -0.00422356 -2.06957e-05 0.000215576 0.0319983 2.71884e-05 -0.0467552 0.00240553 0.000149305 0.0372404 0.00340556 0.00157638 0.00395153 0.00725465 -0.0532546 -6.66156e-05 0.00750993 0.0318198 2.99649e-05 0.0312166 -0.000151859 0.0343948 0.00765627 1.1416e-07 -0.03582 0.00119768 -0.0557279 -0.0411939 0.000367856 -0.047896 -1.9788e-05 2.69248e-07 0.0034357 0.00772766 -0.00220507 -0.00144017 0.000730227 -0.00164991 -3.43058e-05 1.78106e-06 -0.0593359 0.000158117 -1.69003e-05 -0.0601743 0.0022356 0.0107832 -0.00116612 -0.00760101 -2.81671e-05 -0.000473066 0.000764398 -0.0597676 0.00219861 1.00878e-06 0.00504924 -1.2587e-06 0.00420108 -0.0280521 0.00447917 2.21272e-05 -0.00200645 -6.46442e-05 -1.71897e-06 0.0427771 1.29951e-05 -0.0131894 0.0332193 -0.000161016 0.00320631 -3.74482e-05 0.0440264 -0.00189859 1.31048e-06 0.000260674 
7.98518e-07 -1.05421e-05 0.00119203 0.000188505 9.768e-07 4.33108e-07 -1.57275e-06 -6.0656e-05 0.000654263 -4.93414e-05 4.94418e-05 0.00157906 5.42946e-05 -0.000150646 0.000863852 4.1675e-05 -0.00187037 0.00132274 -0.00244963 0.00058292 0.00202913 0.00356334 0.00192105 0.000971174 -0.00263527 0.00232306 -0.00279532 -0.000495623 2.17149e-05 0.000114601 0.00188218 4.6418e-06 -0.002552 0.00109479 5.47921e-06 0.000374182 0.000895921 2.07062e-05 0.000627683 8.8514e-05 -0.00266727 0.000192243 0.000817282 1.74188e-05 -4.85059e-07 0.0016322 7.70097e-06 0.00150446 -2.23993e-05 3.39526e-05 -0.00171799 0.00010378 -0.00273136 -0.00139274 2.3086e-05 -0.00236046 1.26172e-05 1.98303e-07 7.47347e-06 0.0017641 -0.000104809 -9.97431e-05 3.10954e-05 4.50515e-06 5.48189e-06 9.60314e-06 -0.0025431 -1.14115e-08 -6.86946e-07 -0.00213024 0.000167191 0.000332617 1.24569e-06 0.000132852 7.15718e-06 -2.68956e-05 4.74753e-05 -0.00281116 0.000628027 1.04796e-05 0.000447027 1.14697e-05 0.000176259 -0.00257242 0.000571629 2.06856e-06 -6.71104e-05 1.03999e-06 -3.15165e-07 0.00102013 6.20937e-07 -0.000490204 2.52151e-05 1.27204e-07 0.000216577 -1.87157e-06 0.00201994 0.000285612 6.96735e-05 1.44101e-06 
7.38553e-05 -0.000245523 0.0826502 0.0077463 1.07734e-05 6.56745e-05 0.00449119 0.0133844 0.00494816 0.00801438 0.00246665 0.0118486 0.00280658 0.00711876 0.00457581 0.0272386 -0.0302243 0.0667519 -0.0900532 0.00403742 0.044796 0.00192105 0.227988 0.0322363 -0.0876685 0.126581 -0.0620076 0.0366639 -9.08394e-05 0.000366029 0.0664331 -2.39493e-05 -0.074214 0.0104754 0.000174653 0.0442485 0.00313256 0.00157564 0.00672307 0.017271 -0.148788 0.000319705 0.00517149 0.0239648 2.27436e-05 0.0386029 -0.00177052 0.0274564 0.00539002 2.0973e-06 -0.12557 -0.000305312 -0.044492 -0.0478829 0.000258744 -0.173056 -8.70301e-05 -2.46362e-08 0.00408405 0.00533714 -0.0104378 0.012347 0.000524031 0.0161289 -6.95546e-05 -3.36449e-06 -0.0925023 0.000112974 -2.7888e-05 -0.0930751 0.00569085 0.0116014 0.0122394 -0.0182506 0.000532546 0.00943424 0.00038812 -0.0762215 0.00203476 3.94856e-05 0.00395199 2.18193e-06 0.0143795 -0.0857063 0.00259987 2.54594e-05 -0.00533384 -5.85876e-05 1.07355e-06 0.0979805 1.17227e-05 -0.0116784 0.0600623 -0.0005854 0.00259224 -0.000183449 0.0356144 0.0125743 0.000132148 0.000185602 
2.56698e-05 -0.000161975 0.00809627 0.00343803 6.87943e-06 -8.93116e-06 0.0062303 -1.57532e-05 0.00480893 -0.000182142 -0.000123581 0.00321301 0.0031773 0.00256216 0.00330391 -0.00201831 -0.00288672 0.0130298 -0.0134328 0.00185472 0.0472219 0.000971174 0.0322363 0.048864 -0.0266209 0.0362558 -0.0461231 -0.00765258 -1.34535e-05 8.52582e-06 0.0219225 2.13488e-05 -0.040996 0.00084238 0.000107039 0.0349288 0.000216526 0.000330399 -0.000264558 0.000406731 -0.0385043 -0.000102918 0.00290037 0.0314662 2.57875e-05 0.0172564 -0.000176361 0.021622 0.00714889 -1.70804e-06 -0.025938 0.00102276 -0.04545 -0.031029 0.000232005 -0.0345158 -1.42051e-05 4.19779e-09 0.00359359 0.00178278 -0.00160874 -0.00116715 0.000121435 -0.00117724 -1.57016e-05 5.41718e-08 -0.0430288 9.08624e-05 -1.2238e-05 -0.0434921 0.000376415 0.0077497 -0.000973182 -0.00552527 -4.47788e-05 -0.000705003 0.00038426 -0.0448569 0.000582141 3.12793e-06 0.00208396 -1.41642e-06 0.00354673 -0.0128781 0.0023178 5.59124e-07 -0.00148695 -4.43546e-05 -3.2503e-06 0.0363537 1.9254e-05 -0.0103191 0.030973 -0.000148679 -0.000141211 -2.6962e-05 0.0396811 -0.00153691 -1.6257e-05 2.80281e-05 
-8.80798e-05 -0.000912861 -0.064196 -0.0135441 -1.90747e-05 -1.13021e-05 -0.00335548 -0.0181203 -0.00807755 -0.0114552 -0.00432236 -0.0169576 -0.00197736 -0.0391094 -0.00625265 0.00607866 0.0356455 -0.066175 0.0700228 -0.00600852 -0.0391731 -0.00263527 -0.0876685 -0.0266209 0.124196 -0.0947674 0.0542714 -0.0288752 -0.000694944 -0.00279556 -0.0383488 1.64578e-05 0.057268 -0.0129866 -3.23523e-05 -0.0326654 -0.00407822 -0.00182672 -0.00357424 -0.00968723 0.102835 -0.000369116 -0.00818448 -0.0156172 -1.61881e-05 -0.0351 0.000564157 -0.0361236 -0.00439395 -0.000142099 0.0370832 -0.0013121 0.0430428 0.0322021 -0.000243089 0.0841763 1.6529e-05 -8.22261e-07 -0.00605059 -0.00801588 0.00421747 -0.0180495 -0.000969316 -0.000784942 -0.000442991 -2.93949e-05 0.0578864 -6.88421e-05 2.52188e-06 0.0438489 -0.00646628 -0.020439 0.00289507 0.0235123 -0.000732015 -0.0121794 -0.000758575 0.0771988 -0.00253703 -6.29419e-05 -0.00495104 -0.000101242 -0.00646129 0.0489477 -0.00413494 -2.06829e-05 -0.000427131 -0.000647182 -1.46403e-05 -0.0410486 -2.01757e-05 0.0271435 -0.0212748 0.000389247 -0.0039277 7.58557e-05 -0.0282321 0.00414728 -5.43474e-05 -0.000265315 
7.55252e-05 7.68032e-05 0.0868599 0.0113692 1.35875e-05 -2.94683e-05 0.00370422 0.00720795 0.00747084 0.00602214 0.00319707 0.0150297 0.00239505 0.0255299 0.00559353 0.00166662 -0.0326796 0.0665427 -0.093978 0.00469367 0.050488 0.00232306 0.126581 0.0362558 -0.0947674 0.174723 -0.0653217 0.0184475 0.000433908 0.00117179 0.0467068 9.85859e-06 -0.0739432 0.0143626 6.45265e-06 0.0457657 0.00349685 0.000948613 0.00301203 0.0192949 -0.126464 7.79078e-05 0.00707249 0.024493 1.39318e-05 0.0448726 -0.000812335 0.0329391 0.00494376 6.27617e-05 -0.0791922 0.00101591 -0.0504071 -0.0483971 0.000155647 -0.127006 -5.97942e-05 -1.20725e-07 0.00545113 0.00707115 -0.0047682 0.00631473 0.000668937 -0.00171417 0.000315862 -7.89396e-08 -0.0718006 0.000106313 2.34576e-05 -0.0795697 0.0058182 0.0147467 -0.00441971 -0.0053408 0.000503432 0.00360172 0.000653762 -0.0740404 0.0025437 -1.90211e-05 0.00410116 3.39992e-05 0.00418499 -0.0834201 0.00425575 2.79262e-05 -0.000457011 0.000657886 -1.22684e-05 0.0886522 1.72169e-05 -0.0147416 0.042245 -0.000529277 0.00290102 -0.000109145 0.03816 -0.00637125 2.08589e-05 0.000169493 
-0.000100062 -0.00017232 -0.0332605 -0.00554765 -2.00404e-05 -9.8914e-06 -0.00645518 -0.00544185 -0.00814277 -0.00599601 -0.00178685 -0.0167722 -0.00352269 -0.00916113 -0.00741237 -0.000960291 0.0241277 -0.0327565 0.0391651 -0.00330541 -0.0599724 -0.00279532 -0.0620076 -0.0461231 0.0542714 -0.0653217 0.0921281 -0.00874092 -0.000588045 -0.000300953 -0.0325435 -2.99641e-05 0.0517454 -0.00497557 -0.000204367 -0.0460958 -0.00414006 -0.00173831 -0.00740975 -0.00885638 0.0712906 -8.51857e-05 -0.00870494 -0.0319437 -2.81685e-05 -0.0333171 -0.000218225 -0.0365715 -0.00748732 -5.85956e-05 0.0478969 -0.00184405 0.058813 0.0417268 -0.000377016 0.0666928 -4.86238e-06 -4.75579e-07 -0.00512455 -0.00880698 0.00265161 -0.00124378 -0.000977825 0.00165995 -0.000405473 -2.35402e-05 0.0620402 -0.000167567 2.06406e-05 0.0663021 -0.00662076 -0.0108814 -0.00169385 0.00804009 -0.00039598 0.000486225 -0.000854654 0.0669197 -0.00289572 -0.000184748 -0.00540411 -1.83824e-05 -0.00621021 0.0408714 -0.00437357 -1.29328e-05 0.00197572 -0.000594791 -3.28844e-06 -0.0514405 -2.9408e-05 0.0120067 -0.0359015 0.00018613 -0.00373118 2.91552e-05 -0.0470539 -0.00208648 -0.000324263 -0.000277406 
2.19199e-06 3.38247e-05 0.0308536 -0.00297294 -3.31509e-06 0.000121013 -0.0014227 0.0139562 -0.00138663 0.00922831 0.0012398 0.0045311 -0.000943749 -0.0102474 -0.00188515 -0.00711999 -0.0234977 0.0372835 -0.0583384 -0.000424616 -0.00422356 -0.000495623 0.0366639 -0.00765258 -0.0288752 0.0184475 -0.00874092 0.148508 -0.000170555 -0.00147087 -0.00364383 -2.52431e-05 0.0221063 0.00119767 -6.87209e-05 -0.00928014 -0.000866769 -0.000463802 -0.000888502 0.00610041 -0.0156544 0.000113092 0.00177978 -0.00650892 -1.42968e-05 0.00871784 7.28344e-05 0.00451161 -0.00126447 -2.1801e-05 -0.0524259 -0.000304288 0.00657244 -0.00884823 -6.05487e-05 -0.0585536 3.77556e-05 5.8133e-08 -0.00107996 -0.00150813 0.00734047 0.0168783 5.30984e-05 -0.00535012 -9.25699e-05 4.51541e-06 0.000161667 -2.553e-06 3.68145e-05 0.00588715 0.00613509 -0.00341645 -0.00299979 -0.00322596 0.000518448 0.00788293 -6.44938e-05 -0.00806481 -0.000394462 -7.44372e-05 -0.00100591 -2.18973e-05 -0.00339161 -0.0341402 -0.000917919 1.22142e-06 0.00865262 -0.000231737 2.96979e-05 0.00256802 -6.05419e-06 0.00282542 -0.0159553 0.000131657 0.00302127 3.18828e-05 -0.009782 -0.00380692 5.50906e-05 4.40925e-06 
2.77061e-06 0.000279513 -9.84951e-05 0.000713832 -2.12027e-08 -1.99167e-07 5.20823e-05 -2.0332e-05 0.00029668 -1.46237e-05 0.000157202 4.02914e-06 2.02382e-05 0.000589131 4.00778e-05 4.67301e-05 -1.11499e-05 -3.27473e-05 -0.000358392 -5.11616e-06 -2.06957e-05 2.17149e-05 -9.08394e-05 -1.34535e-05 -0.000694944 0.000433908 -0.000588045 -0.000170555 0.000948475 0.000243213 0.000772898 -1.63233e-07 -0.000793329 0.00056009 4.04997e-07 0.000106061 3.45757e-05 4.25839e-06 0.000278715 -2.44526e-05 -0.000711622 -2.27517e-06 -7.13253e-06 -2.31469e-05 -6.96564e-08 -5.3936e-06 -5.77561e-06 2.77426e-06 -7.63427e-06 3.38051e-06 -0.000205088 0.000403641 -0.000739686 -0.00066904 2.23473e-06 -0.000468584 -2.65335e-07 5.71998e-07 0.000496918 5.09271e-05 4.34161e-06 7.69395e-05 1.47154e-05 1.49291e-06 0.000455779 1.25883e-06 -0.00072031 -2.29569e-07 -2.29268e-07 -0.000720282 -8.65529e-06 0.000772688 1.61257e-05 -0.000573745 -2.80413e-07 1.68531e-06 8.10406e-06 -0.000494618 2.95168e-06 1.80094e-05 3.31497e-05 1.33331e-05 -1.65578e-05 -0.000456955 3.39999e-06 -3.75478e-08 -1.95545e-05 0.000629445 1.66633e-06 -8.2563e-05 2.5907e-07 3.9223e-05 8.10131e-05 -1.48619e-06 -3.96247e-06 -4.96856e-07 4.78982e-05 7.73019e-05 1.19848e-05 3.41716e-06 
-4.48633e-07 0.000201618 0.00178106 0.00197765 -1.89843e-07 -1.58995e-06 -4.86506e-05 -0.000180837 0.000653303 -0.000137937 -4.11624e-05 0.000256297 2.02992e-05 0.00473546 -6.44689e-05 -0.000329945 -8.28881e-05 4.92245e-05 -4.5893e-05 0.000410642 0.000215576 0.000114601 0.000366029 8.52582e-06 -0.00279556 0.00117179 -0.000300953 -0.00147087 0.000243213 0.00842819 4.3993e-05 1.93818e-05 -0.00434164 0.000803392 2.4869e-07 0.000573564 -3.97994e-05 -1.19485e-06 9.15188e-05 -0.000129284 -0.00214617 3.93793e-05 0.000387546 0.000189291 1.54243e-06 0.000134066 -2.98432e-05 0.000292096 -5.60283e-05 -1.24135e-06 -0.0033342 0.000414474 -0.00111828 -0.0058702 5.83116e-06 -0.00160412 -2.13907e-06 8.68043e-07 0.000302222 0.000245562 -0.000256533 -0.000227611 8.36977e-05 -0.000166691 0.00022052 1.57884e-05 -0.000269884 6.39784e-06 -1.17614e-06 -0.00131664 -4.30402e-05 0.0010922 1.41031e-05 -0.00022997 -8.09896e-06 -0.000106569 1.88034e-05 -0.00160865 3.70274e-05 3.11164e-05 -5.00141e-05 2.98167e-05 -2.28586e-05 -0.000368827 0.000470887 3.60474e-07 0.00229796 0.000186406 -3.19145e-07 0.000273646 3.00655e-06 -6.41084e-05 9.81733e-05 1.78143e-05 4.01926e-05 2.91413e-05 -0.000140743 -0.000136795 5.10216e-05 -2.4739e-06 
1.2493e-05 2.53674e-05 -0.00281623 0.00764361 1.44773e-05 -2.09802e-05 0.000684925 0.0110109 0.00806253 0.0024681 1.91013e-05 0.00445059 0.00306678 -0.00650583 0.00296014 0.0278856 -0.00895475 0.0385208 -0.0378772 0.00527765 0.0319983 0.00188218 0.0664331 0.0219225 -0.0383488 0.0467068 -0.0325435 -0.00364383 0.000772898 4.3993e-05 0.0986934 1.38852e-06 -0.0390133 0.00891845 -3.76059e-05 0.0114556 0.00158781 -0.000176385 0.00814255 0.0119837 -0.0816856 -1.48365e-05 0.00314382 0.0115595 8.96154e-06 0.0306334 -0.00061779 0.0214589 -0.000281204 -7.86036e-06 -0.0346064 0.00175632 -0.0300217 -0.0562804 0.000183311 -0.0634271 -2.35711e-05 2.33834e-07 0.00161292 0.00517733 -0.00327731 0.00610265 0.00059779 0.015913 0.000405032 1.59195e-05 -0.0883185 1.14413e-05 -2.46736e-05 -0.069844 7.70426e-05 0.0165518 0.017566 -0.0366486 2.35214e-05 0.00819302 0.000796907 -0.0455733 0.00068907 8.9854e-05 0.00156163 1.48344e-05 0.0146896 -0.0448774 0.00468339 2.34292e-05 -0.00312266 0.00116929 3.42594e-06 0.0499522 1.90333e-05 0.0217781 0.0273722 -0.000271123 -0.000464371 -5.76715e-05 0.0218118 0.0207847 0.000270352 3.70987e-05 
-2.28286e-08 -4.23106e-07 -8.0449e-06 3.05288e-07 -3.83992e-09 -3.607e-08 1.60898e-06 -3.69611e-06 2.88531e-05 -2.45377e-06 -4.29342e-07 4.38303e-06 3.36038e-06 -2.53904e-05 1.9574e-05 3.30648e-05 -3.03786e-05 -1.68113e-05 -2.79978e-05 8.02579e-06 2.71884e-05 4.6418e-06 -2.39493e-05 2.13488e-05 1.64578e-05 9.85859e-06 -2.99641e-05 -2.52431e-05 -1.63233e-07 1.93818e-05 1.38852e-06 0.000171907 -9.13665e-05 3.24012e-05 1.09959e-07 -1.5243e-05 5.03462e-06 3.17812e-07 2.03204e-05 -3.61208e-06 -4.48546e-05 1.4262e-06 1.64378e-05 -2.01376e-06 1.98519e-08 -9.0368e-06 1.6684e-05 -4.32881e-06 -1.21179e-06 2.64449e-07 -3.77951e-05 3.12726e-05 -2.73123e-05 -0.000102376 1.43874e-07 -3.28877e-05 2.61947e-07 -2.41858e-10 -1.20389e-06 3.90728e-05 -4.10674e-06 -4.86638e-06 1.19512e-06 -5.22598e-06 -9.01372e-08 1.21337e-07 -2.90281e-05 4.67176e-06 2.76181e-06 -5.69073e-05 2.58549e-07 4.52525e-06 2.1507e-06 4.61181e-06 6.48573e-08 -2.54477e-06 2.36732e-05 -2.36137e-05 2.37319e-05 7.01995e-07 3.97348e-06 -2.11694e-08 -1.23369e-06 -3.29074e-05 1.29613e-05 -6.8001e-09 -1.74517e-06 5.4363e-06 -1.51528e-08 3.6249e-05 -2.87186e-09 3.33009e-05 2.54166e-05 -5.60735e-07 -8.65262e-07 3.35028e-09 9.97763e-06 5.3415e-07 6.26609e-07 -7.17492e-08 
-0.000103029 -0.000808516 -0.0360978 -0.0138087 -1.85646e-05 5.80237e-06 -0.00625847 0.00261401 -0.00744609 0.00183014 -0.00281687 -0.0100339 -0.00435772 -0.035145 -0.00726386 -0.0198377 0.0114327 -0.012463 0.0117298 -0.0051296 -0.0467552 -0.002552 -0.074214 -0.040996 0.057268 -0.0739432 0.0517454 0.0221063 -0.000793329 -0.00434164 -0.0390133 -9.13665e-05 0.123986 -0.0105651 -0.000259011 -0.0451556 -0.00399362 -0.00216194 -0.00363269 0.000148803 0.0882231 -0.000125855 -0.00538063 -0.0309596 -4.21252e-05 -0.0153428 0.000489491 -0.0228785 -0.0069836 -0.000116112 0.0495189 -0.00149646 0.0556738 0.058856 -0.000326838 0.0787222 9.52281e-06 -9.12678e-07 -0.0061196 -0.00776224 0.00431592 0.00123637 -0.000935543 -0.00917579 -0.000442359 -2.23565e-05 0.0569645 -0.000122447 1.85103e-05 0.0695014 0.000964473 -0.0180796 0.00180603 0.00755026 0.000112376 0.000723295 -0.000726468 0.0592227 -0.00283528 -0.000297595 -0.00500848 -0.000104635 -0.00767528 0.0192235 -0.00390753 1.00537e-06 -0.000861953 -0.00126085 -3.39643e-06 -0.0573396 -2.21197e-05 -0.00333609 -0.0689176 0.000223281 -0.000402761 -5.19627e-05 -0.0451073 -0.00166143 -9.97739e-05 -0.000233668 
