3.72753e-05 3.4531e-06 -8.08474e-08 2.06409e-06 -5.31936e-07 2.64051e-08 -1.19425e-05 -1.22869e-07 -9.97284e-08 -1.67087e-07 7.59346e-09 -4.74976e-06 -3.06153e-08 7.19808e-06 -3.24344e-09 3.12433e-07 -3.13779e-08 4.71142e-07 -6.94731e-06 -9.27899e-06 -1.4976e-08 -7.584e-06 -1.19195e-05 -4.65759e-07 2.33919e-07 0 -5.18928e-09 6.61115e-06 -2.37925e-09 -4.19984e-09 7.22494e-06 -3.93719e-08 2.35289e-07 2.11656e-05 -6.51375e-06 -7.31227e-07 -4.11213e-07 -5.73564e-10 -9.32658e-07 3.58729e-08 -1.05679e-05 5.27296e-07 3.12755e-06 2.30564e-08 -5.79528e-10 -1.88918e-09 -1.66956e-08 4.585e-06 -4.11926e-08 1.1769e-05 -8.93925e-07 -4.77135e-07 2.57888e-05 -7.3371e-08 -1.01185e-05 -3.14211e-08 -2.577e-08 -9.31034e-09 4.13463e-07 3.72125e-06 -2.18645e-06 6.93859e-06 3.06355e-08 -3.27205e-08 -1.31032e-05 -1.51977e-06 -1.15403e-05 -5.18605e-09 -4.68183e-08 1.96311e-07 -2.26685e-06 6.46491e-06 -2.73362e-12 3.15016e-08 -2.12104e-10 -5.08317e-09 2.50986e-07 -7.525e-06 9.55381e-07 6.21129e-07 8.57528e-08 5.01898e-06 -1.87714e-06 2.76496e-07 7.31511e-06 -2.61618e-05 -1.23187e-09 -2.48276e-06 1.25246e-07 8.98463e-07 1.43698e-06 -7.12869e-06 -2.99779e-09 1.14996e-08 -6.81854e-06 1.4518e-06 -1.14596e-07 -3.09769e-10 -4.7955e-07 -2.12116e-07 
3.4531e-06 0.0156696 0.00299916 6.19506e-05 -2.68826e-05 4.07052e-06 -0.011377 -4.82982e-05 0.00140323 0.00166727 8.46706e-06 -0.00590756 2.89523e-05 2.89447e-05 3.70379e-05 6.51874e-06 1.80699e-05 -2.1918e-05 -0.00337727 -0.00526621 0.000133619 -0.00308563 -0.000684746 -0.000343322 0.00355863 0 2.39667e-06 -0.000299167 -1.01632e-06 1.51427e-05 -1.20971e-06 -1.60048e-05 0.00265853 0.00389209 -0.00152532 -0.00025485 -0.000270845 5.18166e-06 -7.98543e-05 -6.67252e-07 -0.00646988 0.00245309 0.000192978 5.07675e-06 2.19114e-07 7.11301e-06 5.34849e-05 0.00140892 4.36974e-05 0.000799314 0.00458424 0.000743296 -0.0029929 3.75254e-05 0.0051224 -9.98857e-06 -6.71129e-06 7.1803e-05 -0.000245755 0.000418468 -0.000830174 -0.000152093 1.48443e-05 -1.37136e-05 -0.000590745 0.00162558 -0.000636412 -1.17195e-06 -7.60888e-05 1.30532e-05 -0.00346118 -6.09942e-06 -1.1677e-09 1.20869e-07 3.26064e-07 7.01997e-07 -7.57173e-05 -0.00346711 0.000965321 2.37133e-05 1.04696e-05 0.000141514 0.0060621 0.00418408 0.000172995 -0.00559361 1.50371e-05 -0.000656886 0.00195776 -0.00308751 0.00301048 -0.00118006 6.76125e-07 0.000182822 -0.00371485 0.00119185 5.67522e-05 6.52101e-06 -0.00335584 0.00143155 
-8.08474e-08 0.00299916 0.00686046 5.55663e-05 2.83109e-05 3.05605e-06 -0.00349883 -2.26969e-05 0.000618011 0.00160508 -1.11254e-06 -0.00330581 6.61963e-05 3.11592e-05 4.72252e-07 1.88314e-06 9.03283e-05 -6.17327e-06 -0.00273557 -0.00301865 4.26946e-05 -0.00236706 0.000126363 -5.32958e-06 0.00279567 0 4.64978e-07 -0.00014002 6.42407e-07 4.09168e-06 2.96759e-05 3.65102e-05 0.000824154 0.000728145 -0.00133086 -0.000167847 -0.000114251 3.54037e-06 0.000128272 3.66575e-07 -0.00317145 0.00136725 0.000225992 4.03879e-06 1.67593e-06 7.07656e-06 6.82606e-07 0.00120524 -5.67055e-06 0.000510129 0.002922 0.000611296 -0.00151668 3.19274e-06 0.00224126 -5.57969e-06 2.20092e-06 1.01913e-05 -0.000122582 -1.81001e-05 -0.000519433 -9.61522e-05 8.09337e-06 9.81618e-06 -0.000765963 0.0012804 0.000560695 -8.94423e-07 -3.9632e-05 2.46088e-06 -0.00497748 -6.67059e-06 -5.066e-10 2.91053e-06 5.06924e-08 -3.32023e-07 9.29666e-05 0.000180166 -0.000284318 1.01882e-05 3.70063e-06 0.000153977 0.00156097 0.00166127 0.000126996 -0.00251627 5.45171e-06 -0.000181849 0.000224305 -0.00119546 0.00214733 -0.00142801 1.66111e-06 0.000265923 -0.000212099 0.000202857 3.80862e-05 2.94259e-06 -0.00092023 -3.6593e-05 
2.06409e-06 6.19506e-05 5.55663e-05 6.90419e-05 -1.02234e-06 1.305e-07 -6.02377e-05 -1.97587e-07 2.15861e-06 -3.09492e-07 -2.29803e-08 -6.37377e-05 9.43292e-07 2.82224e-06 -6.00775e-09 -1.66771e-09 4.05213e-07 -1.98604e-07 -6.27343e-05 -6.50946e-05 2.8226e-07 -6.45148e-05 -1.03684e-05 -1.14885e-06 6.14909e-05 0 -9.61199e-09 1.28784e-06 2.18926e-07 -7.77926e-09 2.1337e-06 1.49374e-06 -2.55166e-07 4.89302e-05 -5.18465e-05 -1.7311e-06 -1.45604e-06 -1.0624e-09 -2.16591e-06 -5.70385e-08 -6.57241e-05 6.06514e-05 1.70524e-08 -1.90357e-08 -1.07345e-09 -3.49929e-09 9.57418e-08 5.30244e-05 7.03331e-09 1.42025e-05 5.77682e-05 3.99662e-07 -1.25488e-05 -5.59034e-08 2.22525e-05 -5.82006e-08 5.756e-07 1.99421e-07 -1.25931e-06 -5.83577e-08 -4.75536e-06 1.30285e-06 5.00286e-09 -3.39407e-08 -2.82607e-05 5.50902e-05 -1.8453e-05 -9.606e-09 -6.42441e-07 -1.91814e-08 -5.81215e-05 2.22216e-06 -5.06342e-12 -3.39295e-09 -3.92876e-10 -9.41543e-09 -3.47948e-07 -1.79084e-05 -2.4122e-06 1.07268e-08 1.44974e-07 9.35342e-06 -7.98774e-07 5.75552e-05 2.08053e-06 -6.33948e-05 2.04385e-07 -4.07875e-06 1.84233e-06 -4.50489e-06 6.08009e-05 -3.99534e-06 -5.55273e-09 1.2841e-06 -1.97691e-05 1.58983e-07 -2.12264e-07 2.94262e-08 -1.72587e-05 -3.49563e-07 
-5.31936e-07 -2.68826e-05 2.83109e-05 -1.02234e-06 0.0145872 -1.07526e-06 -0.000168477 -4.76607e-05 9.76374e-05 0.000256552 3.83621e-05 -0.000455066 -9.50388e-06 -1.69186e-06 -4.98311e-07 -2.42922e-08 6.49322e-06 0.000226957 -7.33911e-05 -0.000192542 -4.16855e-06 3.81916e-05 -0.000691081 -8.22053e-06 8.84139e-05 0 -1.47454e-06 -0.000284171 -9.45047e-07 -3.15286e-08 -1.86013e-06 -1.48454e-05 0.000473666 -0.00379807 9.13953e-06 0.000581283 0.000629317 1.46218e-06 -0.000422478 7.88524e-06 -0.000348407 -3.10345e-05 9.27663e-06 7.2958e-05 -1.20191e-07 -3.60392e-07 7.37176e-06 -2.12757e-05 7.16681e-05 -0.00108075 -0.000303785 0.000954048 -0.00259687 -1.27867e-05 -0.00372102 -8.35395e-06 -8.68596e-06 1.02522e-06 -1.3961e-05 0.000138054 -0.000422172 -7.89776e-05 -1.04159e-06 -9.46672e-06 0.00733318 -0.000736065 0.00331178 8.13008e-06 0.00012798 -3.85329e-06 -0.000245267 2.09495e-06 -1.08581e-09 -7.2759e-07 5.62418e-07 2.29761e-06 6.74553e-05 -0.00304691 -0.000358782 1.14722e-05 -1.39672e-07 -5.69945e-06 -0.00215874 -9.55166e-05 4.58332e-05 0.000335325 1.77736e-06 -0.000349516 -0.000192673 -0.00274833 -6.29757e-05 -0.000336761 3.65931e-07 -4.13003e-06 -0.00378363 8.76579e-06 7.77619e-05 -1.23042e-07 -0.000582208 -8.32533e-05 
2.64051e-08 4.07052e-06 3.05605e-06 1.305e-07 -1.07526e-06 0.000185825 -9.18917e-05 -4.35952e-07 -4.17242e-07 3.35691e-06 2.72814e-06 -9.89793e-05 1.05107e-05 7.03673e-05 -1.61717e-08 1.72178e-07 2.50702e-05 -9.14221e-07 -9.73995e-05 -9.02167e-05 2.05866e-06 -7.33914e-05 2.52072e-05 -2.4919e-06 3.21179e-06 0 3.97746e-06 7.39334e-05 1.79115e-05 9.92393e-07 2.56154e-05 1.4036e-07 1.74462e-06 -4.18331e-05 -9.14015e-05 -4.44175e-06 8.36833e-06 3.00474e-07 -1.72354e-06 -3.53647e-09 -9.47125e-05 2.33284e-05 5.94918e-07 7.29221e-05 1.13378e-06 -9.41938e-09 4.64676e-06 6.1894e-06 -2.05385e-07 -1.6542e-05 -6.14973e-06 2.93214e-05 1.94956e-05 -3.65825e-07 -1.95833e-05 7.1e-06 1.16582e-05 7.51036e-05 -2.35647e-06 4.02584e-05 -1.32026e-05 7.14338e-05 5.00999e-05 5.20002e-05 -7.36844e-05 -8.52195e-06 3.55612e-05 -2.58575e-08 -1.14796e-06 6.41701e-07 -0.000133594 6.61451e-05 -1.36297e-11 1.81709e-05 4.56091e-08 -2.53445e-08 4.2013e-05 -4.33526e-05 -7.45724e-06 2.15814e-07 5.1211e-07 3.00385e-05 -2.96019e-05 2.46974e-05 6.72172e-05 -6.75273e-05 4.41386e-06 -1.20256e-05 -7.05524e-07 -7.54085e-05 8.83205e-05 -8.5018e-05 8.09172e-06 1.05152e-05 -2.29607e-05 2.36827e-07 -4.01372e-07 -1.5445e-09 -3.94281e-05 1.97491e-05 
-1.19425e-05 -0.011377 -0.00349883 -6.02377e-05 -0.000168477 -9.18917e-05 0.0799721 0.000118301 -0.00218512 -0.00225383 -0.000275763 0.0101013 -0.000701545 -0.000290272 -6.83331e-05 -1.49428e-05 -0.000621012 -0.00413649 0.00441087 0.00665499 -0.000250277 0.00402651 -0.00887308 -0.00770774 -0.00377674 0 -7.72975e-05 0.000939341 -5.82319e-05 -8.69675e-05 -0.000271998 -0.000614801 -0.00576428 6.07782e-05 0.0020093 -0.00202463 0.000367162 -1.20913e-05 0.000619129 5.78245e-05 0.0102458 -0.00289915 -0.000607896 -7.71806e-05 -1.40839e-05 -1.60576e-05 -8.04838e-05 -0.00139737 -0.000121973 0.00552331 -0.0101031 -0.00190327 0.00366406 -0.000119146 -0.0355912 -0.000620034 -1.83855e-05 -0.000225117 -0.00898323 -0.00270186 -0.00538333 -0.000100604 -6.45961e-05 -0.000388552 0.00953053 -0.00570285 0.00993744 -4.72651e-05 -0.00251808 -3.56556e-05 0.00565727 -0.000249553 -6.69053e-08 -1.65293e-05 -4.98791e-06 -3.95103e-05 -0.00291817 0.016834 -0.00467826 -0.000297297 -1.4251e-05 -0.000318339 -0.0223291 -0.00575958 -0.000813506 0.0016965 -1.95899e-05 -0.000626816 -0.00621882 0.00451687 -0.0038419 0.00218711 -2.10441e-05 -0.00172558 -0.0114878 -0.00183282 -0.000644792 -6.88492e-06 0.0214323 -0.00170341 
-1.22869e-07 -4.82982e-05 -2.26969e-05 -1.97587e-07 -4.76607e-05 -4.35952e-07 0.000118301 0.00328527 -8.04166e-06 -1.45111e-05 -6.30362e-07 2.7162e-05 -2.70711e-06 1.19267e-05 1.07987e-06 3.72081e-09 -1.39787e-06 -1.35687e-05 -0.000213963 1.86618e-05 -1.32423e-06 -1.9625e-05 -0.00102502 -6.49223e-05 -1.38012e-05 0 -4.58854e-07 -4.08736e-05 -2.10381e-07 -3.21364e-07 2.19647e-05 6.91486e-05 -3.01072e-05 0.00158827 3.44934e-06 -8.69718e-05 -5.23336e-05 -5.07165e-08 -3.97257e-05 -2.15956e-06 7.42723e-06 -6.66552e-06 -1.19743e-06 -9.08721e-07 -5.12438e-08 2.40629e-06 7.20385e-07 2.09186e-06 7.04278e-07 0.000166015 -5.60888e-05 -6.30642e-06 0.00207037 -2.94105e-06 0.000808736 -2.77503e-06 -6.02003e-07 -8.23252e-07 -4.34164e-05 -1.3104e-05 -0.000226741 -2.85868e-05 -1.68552e-07 -2.74326e-06 -0.00100411 -3.8208e-05 -0.00068616 -1.41902e-07 -2.25183e-05 5.50991e-07 -0.00087302 2.58492e-05 -2.41716e-10 2.61803e-06 -1.8755e-08 -4.49471e-07 -2.97601e-05 -0.000848957 -0.000137236 -7.35853e-07 -8.08101e-08 4.97122e-06 -0.000510366 -3.10747e-05 3.95468e-06 -0.000975639 -1.08926e-07 -0.00021028 -6.87909e-05 5.04736e-05 -1.41069e-05 -2.88082e-06 4.04925e-07 -6.58319e-06 -0.000807297 -6.25252e-06 -9.75965e-06 -7.24174e-10 0.000155759 -1.8496e-05 
-9.97284e-08 0.00140323 0.000618011 2.15861e-06 9.76374e-05 -4.17242e-07 -0.00218512 -8.04166e-06 0.0026682 0.00144021 4.91329e-05 -0.00224343 -4.7727e-07 2.08285e-06 1.62439e-05 2.28871e-06 8.84667e-07 0.000583891 -0.00176658 -0.00221797 0.000151952 -0.00106938 0.00123588 -1.06099e-07 0.0015019 0 4.31423e-06 -4.32344e-05 -1.70759e-07 1.88786e-05 -3.47285e-06 -1.74573e-06 0.00220094 3.44016e-05 -0.00103892 0.000240697 -6.45965e-06 4.9255e-06 -8.26494e-05 -2.21008e-06 -0.00193604 0.00064509 0.000552645 3.81576e-06 -4.15929e-08 4.5108e-07 5.63918e-05 0.000216127 1.22236e-05 -3.30572e-06 0.00209308 0.000210305 -0.000602414 -1.55253e-06 0.00153696 5.41564e-07 -1.56952e-06 1.72218e-05 -3.79345e-05 1.62253e-05 0.000403668 -2.51117e-05 1.49064e-05 1.95831e-06 -0.000518311 0.000289107 -0.000652643 -3.62205e-07 -1.74539e-05 4.56777e-07 -0.00197679 1.29757e-05 -1.96193e-10 -1.46703e-09 5.91444e-07 3.58185e-06 5.81219e-06 -0.000179586 0.000138473 0.000251094 1.00441e-06 4.54684e-06 0.000942327 0.00122687 0.000672331 -0.00144646 3.58492e-06 0.000655889 0.000811431 -0.00226162 0.000778812 -0.00129844 -2.15152e-07 -3.14143e-06 -0.000778966 0.000463322 0.000307939 3.4811e-06 -0.00225335 3.26997e-05 
-1.67087e-07 0.00166727 0.00160508 -3.09492e-07 0.000256552 3.35691e-06 -0.00225383 -1.45111e-05 0.00144021 0.00446226 2.49848e-05 -0.00275288 4.42253e-05 4.39529e-06 4.45999e-06 4.77174e-06 -2.59305e-06 0.000481698 -0.00245415 -0.00247671 3.43525e-05 -0.00129379 0.00210769 0.000188148 0.00168237 0 6.52934e-06 -8.68511e-05 -2.86094e-07 1.9305e-05 -5.69516e-06 -1.46096e-06 0.00225446 -0.000328981 -0.000887439 5.61978e-05 -6.5389e-05 6.06103e-06 -0.000128919 -3.40281e-06 -0.00237681 4.24988e-05 0.000537224 2.06091e-06 -6.96857e-08 -8.71657e-08 4.00124e-05 3.4632e-05 1.23868e-05 -2.13353e-05 0.00305717 0.000493278 -0.00101183 4.07079e-06 0.00222188 1.10508e-06 -9.48726e-07 2.05381e-06 -4.79347e-05 -1.47667e-05 0.000211719 -5.94333e-05 4.96893e-06 9.2551e-07 -0.000583094 0.00150992 -0.000992365 -6.16933e-07 -3.39021e-05 3.61454e-07 -0.00349645 7.96496e-07 -3.28706e-10 1.3364e-06 5.97829e-07 8.88771e-07 -2.33883e-05 -0.000352517 0.000137902 0.000248472 2.62344e-06 5.24794e-06 0.00220859 0.00131942 0.000833305 -0.00134432 1.64619e-05 0.00115958 0.000266944 -0.00300725 0.000592965 -0.00264775 -3.60471e-07 6.19548e-05 -0.0011131 0.000238563 0.0006643 -3.72484e-08 -0.00239879 -6.06928e-06 
7.59346e-09 8.46706e-06 -1.11254e-06 -2.29803e-08 3.83621e-05 2.72814e-06 -0.000275763 -6.30362e-07 4.91329e-05 2.49848e-05 0.000332713 -0.000264934 1.99855e-08 5.6774e-06 -2.8959e-08 1.78628e-07 -2.80156e-07 0.000299021 -1.85346e-05 -0.00013347 5.99962e-06 -4.73236e-05 8.67691e-05 -7.77274e-06 2.26977e-06 0 1.37001e-07 -4.42039e-06 -2.1243e-08 3.54158e-05 3.01299e-07 -3.5153e-07 0.000306966 -9.0094e-05 -8.46778e-05 0.000301056 -3.75455e-06 -5.12104e-09 -1.04003e-05 -2.74941e-07 -0.000169998 -9.17934e-07 2.21718e-06 2.26158e-06 -5.17429e-09 -1.68675e-08 1.73093e-06 -6.69606e-07 -3.67786e-07 -3.08663e-05 5.46273e-06 -2.33508e-06 -7.19606e-05 -2.38424e-07 -5.0111e-05 1.47946e-06 -2.26753e-07 6.13687e-06 7.3498e-06 -1.14116e-06 0.000109391 8.42268e-07 6.25912e-07 3.51119e-06 -0.000135906 -9.64085e-06 -6.36516e-05 -4.63035e-08 3.45299e-05 -9.24594e-08 -5.73045e-05 2.35361e-06 7.33089e-08 -1.63549e-08 1.78106e-07 -4.53849e-08 9.63598e-05 -8.614e-05 0.000251883 3.4901e-05 -8.15972e-09 3.18863e-08 -3.78181e-05 3.45404e-05 6.10424e-06 1.80865e-05 2.89001e-07 8.36728e-05 0.00014159 -0.000259536 -1.52441e-07 -5.07848e-05 -2.67657e-08 -6.71126e-07 -8.33419e-05 1.00754e-05 5.34017e-06 -2.76576e-09 -0.000304264 9.52801e-07 
-4.74976e-06 -0.00590756 -0.00330581 -6.37377e-05 -0.000455066 -9.89793e-05 0.0101013 2.7162e-05 -0.00224343 -0.00275288 -0.000264934 0.0134135 -0.000703018 -0.00017577 -2.70601e-05 -1.27516e-05 -0.0006738 -0.00178013 0.00519858 0.00765696 -0.00027455 0.00465329 -0.00360761 0.000313885 -0.00411346 0 -5.2047e-05 4.53215e-05 -6.29587e-05 -9.83213e-05 -8.00514e-05 -0.000616947 -0.00587863 -0.000679176 0.00213702 -0.00221551 0.000219648 -1.07241e-05 0.000309295 -3.16499e-05 0.00959355 -0.00304726 -0.000636053 -9.56444e-05 -1.45619e-05 -2.19775e-05 -0.00010521 -0.00143098 -0.00012642 -0.00216878 -0.0068288 -0.00234924 0.0028274 -3.92446e-05 -0.00380538 -0.000202268 -2.20526e-05 -0.000230214 -0.00067862 -0.00114087 -0.00259968 -0.000324703 -6.70058e-05 -0.000429824 0.00401543 -0.00225014 0.00265292 -3.31483e-07 6.20795e-05 -1.7789e-05 0.00744634 -0.00011919 -7.23361e-08 -1.73451e-05 -4.72263e-06 -8.38235e-06 -0.00270586 0.00234055 -0.00349886 -0.000317514 -1.66233e-05 -0.000325856 -0.00548451 -0.00476684 -0.00095109 0.00474078 -2.3294e-05 -0.000888551 -0.00182107 0.00527365 -0.00400584 0.00297337 -2.28431e-05 -0.00130015 0.00246094 -0.00208733 -0.00142726 -7.10033e-06 0.0069085 -0.000746751 
-3.06153e-08 2.89523e-05 6.61963e-05 9.43292e-07 -9.50388e-06 1.05107e-05 -0.000701545 -2.70711e-06 -4.7727e-07 4.42253e-05 1.99855e-08 -0.000703018 0.000820625 1.18054e-06 1.63521e-06 -1.98371e-08 0.000472182 -1.66275e-06 -0.000675736 -0.000101739 1.60234e-05 -0.00066107 1.55567e-06 3.80285e-05 0.000113584 0 4.60257e-05 -1.67569e-05 5.53176e-05 2.15413e-06 1.37372e-05 0.000567363 -4.55819e-06 0.000236919 -8.65129e-05 5.82984e-07 -3.53899e-06 -1.26371e-08 -2.34165e-05 2.2582e-06 -0.000641866 0.000426466 -5.88401e-07 1.82936e-05 9.87056e-06 7.25043e-07 3.87215e-06 8.29763e-06 -5.17578e-07 -1.84594e-05 0.000318811 0.00037227 -0.000185362 1.06034e-05 0.000345473 6.45377e-05 1.30256e-05 2.07154e-06 4.58406e-06 0.000407243 -5.95372e-05 -1.11417e-05 2.30056e-06 0.000337622 -0.000311908 0.000147663 -0.000100051 7.53907e-06 -5.91755e-06 3.60184e-06 -0.000637283 9.23448e-07 -6.02287e-11 -4.03587e-08 -4.6732e-09 1.34134e-06 0.000521061 -0.000211925 -3.26805e-05 4.17776e-06 5.66531e-07 0.000116681 -7.72931e-05 3.37681e-05 8.94543e-06 -0.000608957 1.71953e-06 -2.86148e-05 3.97652e-05 -0.000443384 0.000649422 -0.000461617 9.69062e-06 0.000649014 -0.000214538 0.000435587 0.000245565 6.50833e-09 -0.000757683 3.85532e-05 
7.19808e-06 2.89447e-05 3.11592e-05 2.82224e-06 -1.69186e-06 7.03673e-05 -0.000290272 1.19267e-05 2.08285e-06 4.39529e-06 5.6774e-06 -0.00017577 1.18054e-06 0.000498308 5.92329e-06 5.23462e-06 1.85034e-06 3.61742e-05 -0.00032975 -0.000329448 8.03037e-07 -0.000212458 -7.36219e-05 -3.53654e-06 3.69916e-06 0 -6.94041e-08 0.000328712 4.59485e-06 5.1905e-06 0.000156099 2.69342e-06 6.523e-06 -0.000103538 -0.000342172 2.57035e-06 -2.40416e-06 -7.67113e-09 3.53375e-05 -4.11851e-07 -0.000256337 -5.82759e-07 0.000154268 6.47059e-05 7.32249e-07 4.98807e-06 2.37134e-05 2.38403e-05 8.68724e-05 -4.6947e-05 -1.12284e-05 3.63983e-06 0.000184109 -9.81301e-07 -0.00013315 8.06425e-07 1.55201e-06 6.85155e-05 3.01437e-05 1.2686e-05 -2.90823e-05 0.000328075 5.00139e-05 6.46024e-05 7.95762e-05 -2.41181e-05 -9.69772e-05 2.07306e-07 -6.68892e-07 1.65582e-05 -0.000124985 0.000321386 7.32968e-08 1.99322e-05 4.01383e-06 2.53485e-08 2.66725e-05 9.06742e-05 -1.05943e-05 1.91634e-05 1.50111e-06 6.61414e-05 0.000100434 1.52087e-05 0.000321807 -0.000297271 4.40352e-06 -1.00256e-05 1.23527e-05 -0.00023804 0.000101711 -0.000372781 5.62324e-06 3.1878e-05 -3.75516e-05 -1.67093e-07 6.94e-07 -4.14301e-09 -4.63838e-05 2.59728e-07 
-3.24344e-09 3.70379e-05 4.72252e-07 -6.00775e-09 -4.98311e-07 -1.61717e-08 -6.83331e-05 1.07987e-06 1.62439e-05 4.45999e-06 -2.8959e-08 -2.70601e-05 1.63521e-06 5.92329e-06 8.70024e-05 -2.10158e-09 6.33425e-07 6.38019e-07 -3.21445e-05 -2.90473e-05 1.25484e-05 -2.86379e-05 -6.59652e-06 -1.07576e-07 2.11057e-05 0 -1.21127e-08 9.42425e-06 -5.55356e-09 -9.80313e-09 9.17053e-07 2.48477e-06 8.62872e-06 4.02734e-05 -2.12386e-05 -1.07816e-06 -8.59043e-07 -1.33879e-09 -1.4694e-06 -7.18778e-08 -6.87508e-05 1.58158e-05 5.07648e-06 6.09345e-07 -1.35272e-09 -4.40967e-09 6.4363e-08 7.69828e-06 5.24385e-06 -3.39742e-06 2.07619e-05 4.94182e-06 2.18934e-05 5.42073e-07 4.29674e-05 1.93324e-07 -6.01515e-08 1.09493e-06 -1.0336e-06 1.22836e-06 3.04259e-06 7.74516e-06 2.60369e-07 1.20292e-07 -1.45772e-05 -2.21995e-06 -2.52374e-05 -1.21051e-08 -9.32941e-07 6.78249e-06 -1.49376e-05 8.89365e-06 -6.38073e-12 -4.27567e-09 -4.95087e-10 -1.1865e-08 3.72017e-07 -2.03375e-05 -2.54878e-06 8.81787e-08 -2.1332e-09 -2.68261e-08 8.62345e-06 1.51415e-05 8.76517e-06 -3.42446e-05 -2.87539e-09 8.04829e-07 1.67016e-05 -3.42272e-05 1.61673e-05 -1.41956e-05 2.46336e-07 1.10788e-06 -2.71472e-06 1.15636e-06 5.52513e-07 1.60594e-06 -2.1656e-05 1.54822e-06 
3.12433e-07 6.51874e-06 1.88314e-06 -1.66771e-09 -2.42922e-08 1.72178e-07 -1.49428e-05 3.72081e-09 2.28871e-06 4.77174e-06 1.78628e-07 -1.27516e-05 -1.98371e-08 5.23462e-06 -2.10158e-09 2.41527e-05 1.18634e-06 1.12307e-06 -9.62218e-06 -1.41094e-05 -6.37035e-09 -1.21935e-05 -5.44001e-06 -6.25761e-07 2.2922e-06 0 -3.36239e-09 5.22652e-06 -1.54163e-09 1.07395e-06 5.65865e-06 2.11558e-08 5.07998e-06 9.78107e-07 -9.25951e-06 -4.77195e-07 -5.10505e-07 -3.71639e-10 -7.54328e-07 -1.99527e-08 -1.35237e-05 2.38852e-06 8.83481e-07 -6.65891e-09 -3.75504e-10 1.37878e-06 7.58488e-08 4.51141e-06 9.73309e-07 2.26761e-06 5.41836e-06 1.33572e-06 -1.07282e-06 5.02459e-07 -1.02817e-06 -2.03592e-08 8.86636e-07 2.74063e-06 5.28129e-08 2.28128e-07 3.18609e-07 4.90018e-06 -1.74806e-09 -2.12012e-08 -4.8075e-06 1.07158e-06 6.77651e-07 -3.36029e-09 -2.83035e-07 8.39957e-07 -1.39012e-05 5.22177e-06 -1.77124e-12 -1.18689e-09 -1.37432e-10 -3.29363e-09 4.50336e-07 -2.33124e-06 1.16029e-06 1.27543e-06 2.45607e-06 6.48737e-06 1.17825e-05 5.34428e-06 7.29223e-06 -1.16243e-05 2.45868e-07 2.3413e-06 -4.57731e-07 -3.9454e-06 1.1432e-06 -1.1423e-05 2.54724e-07 4.24629e-07 -2.65634e-06 3.66384e-06 6.92414e-07 -2.00714e-10 -3.85798e-06 1.89256e-06 
-3.13779e-08 1.80699e-05 9.03283e-05 4.05213e-07 6.49322e-06 2.50702e-05 -0.000621012 -1.39787e-06 8.84667e-07 -2.59305e-06 -2.80156e-07 -0.0006738 0.000472182 1.85034e-06 6.33425e-07 1.18634e-06 0.000841048 -5.21232e-06 -0.000556363 -0.000105448 1.47952e-05 -0.000591617 -0.000146993 -1.83481e-05 6.49215e-06 0 2.76462e-05 -7.60947e-06 5.08429e-05 -5.15046e-08 1.76173e-05 0.000437274 1.33993e-05 0.000148363 -8.06485e-05 -2.13993e-05 -1.1528e-05 1.70482e-08 -1.49316e-05 4.63604e-09 -0.000608738 0.000529688 9.25295e-07 1.47713e-05 1.25436e-05 5.06731e-08 8.43966e-06 1.89314e-06 3.99982e-06 2.75847e-05 0.000179353 0.000400705 -0.000185391 2.93184e-07 0.000225548 6.91305e-05 2.62581e-05 2.17998e-05 1.2041e-05 0.000416019 -5.58216e-05 2.79488e-06 3.01575e-06 0.000303888 -0.000291152 -1.88324e-05 2.62639e-08 -1.17108e-07 -7.76727e-06 1.42562e-05 -0.000675361 1.1757e-06 -6.17288e-11 6.25303e-07 -4.7896e-09 2.85522e-06 0.000562781 -0.000166774 -2.43811e-05 2.91067e-07 2.28936e-06 0.000156343 -3.59904e-05 1.18574e-05 -2.35096e-06 -0.000598084 -2.78173e-08 -5.08473e-05 -1.2224e-05 -0.000261916 0.000580141 -0.000380199 2.12023e-05 0.000528426 -8.77571e-05 0.000378289 0.000170642 2.04967e-06 -0.000595622 5.00268e-05 
4.71142e-07 -2.1918e-05 -6.17327e-06 -1.98604e-07 0.000226957 -9.14221e-07 -0.00413649 -1.35687e-05 0.000583891 0.000481698 0.000299021 -0.00178013 -1.66275e-06 3.61742e-05 6.38019e-07 1.12307e-06 -5.21232e-06 0.0064549 -0.00033472 -0.000635481 9.1831e-06 -0.000609346 -0.000546997 2.89836e-05 0.000296929 0 7.85536e-07 -9.6174e-05 -4.14689e-07 6.64647e-05 -1.30718e-06 -6.39563e-06 0.00209621 -0.00152625 -0.000528432 0.0026827 -0.00010441 5.66977e-08 -0.000193157 -4.65051e-06 -0.00200566 -1.99905e-05 0.000245576 -1.40121e-06 2.48991e-07 4.77739e-06 -7.7995e-07 -2.81153e-06 3.82504e-05 -0.000324797 0.000227486 0.000124231 -0.00120818 -8.32817e-06 -0.0010461 8.16805e-07 -4.48823e-06 1.63925e-07 0.000970669 7.27936e-05 0.000543172 -5.76554e-05 9.03115e-07 9.397e-06 -0.00193895 -0.000256608 -0.000262182 -8.63901e-07 0.000370572 1.08817e-05 -0.000261541 3.17565e-05 7.28569e-08 -4.5935e-08 4.8397e-06 -8.85968e-07 0.000291345 -0.00165125 0.0039735 0.000284356 -1.59288e-07 1.27906e-06 0.000367068 0.000267363 0.000377623 -0.000228945 1.99196e-06 0.00158875 0.00194521 -0.00169707 -2.47995e-05 -0.000533487 3.77502e-07 -4.09453e-06 4.78358e-05 5.72697e-05 7.82099e-05 -5.3991e-08 -0.00307628 -3.35739e-05 
-6.94731e-06 -0.00337727 -0.00273557 -6.27343e-05 -7.33911e-05 -9.73995e-05 0.00441087 -0.000213963 -0.00176658 -0.00245415 -1.85346e-05 0.00519858 -0.000675736 -0.00032975 -3.21445e-05 -9.62218e-06 -0.000556363 -0.00033472 0.0119093 0.00440746 -0.000175407 0.00438346 -0.0021201 -0.00182069 -0.00378833 0 -5.84752e-05 -0.000418453 -6.22739e-05 -2.06985e-05 -0.000228339 -0.000878895 -0.00225079 -0.00285463 0.00228984 3.96535e-05 -9.82681e-05 -8.26119e-06 0.000207067 -5.03188e-06 0.00485693 -0.00228887 -0.000726428 -9.48533e-05 -1.40026e-05 -1.22491e-05 -0.000140068 -0.00160502 -0.000123082 -0.00240374 -0.00871852 -0.00189836 0.00128447 1.27347e-06 -0.00597278 -0.000161979 -4.02765e-05 -0.000107486 0.000192814 -0.000472967 0.00032914 -0.000298896 -6.92876e-05 -0.000496182 0.00238439 -0.00571108 0.00290275 -3.16262e-07 7.69754e-05 -3.24645e-05 0.00886443 -0.000363441 8.84002e-10 -2.23376e-05 -7.18076e-07 -2.08395e-05 -0.000679876 0.000626852 0.00037991 -0.000252927 -1.16245e-05 -0.000362077 -0.00241668 -0.00256158 -0.00122116 0.00584811 -2.29516e-05 -0.00188827 -0.000616787 0.00424687 -0.00338762 0.00358837 -3.09439e-05 -0.000801492 0.00303617 -0.000931055 -0.00183386 -7.11649e-06 0.00503731 -0.000147159 
-9.27899e-06 -0.00526621 -0.00301865 -6.50946e-05 -0.000192542 -9.02167e-05 0.00665499 1.86618e-05 -0.00221797 -0.00247671 -0.00013347 0.00765696 -0.000101739 -0.000329448 -2.90473e-05 -1.41094e-05 -0.000105448 -0.000635481 0.00440746 0.00959083 -0.000209249 0.00407477 -0.00284623 0.000185828 -0.00400622 0 -6.29514e-06 -0.000326688 -1.43685e-05 -9.94289e-05 -0.000167682 -4.78444e-05 -0.00450414 -0.00174117 0.00223496 -0.000696062 0.000158147 -6.76765e-06 0.000171138 -9.503e-06 0.00803789 -0.00250587 -0.000714853 -8.657e-05 -7.35944e-06 -1.09159e-05 -0.000133406 -0.0014539 -0.000112348 -0.00148967 -0.00645698 -0.000882607 0.00144209 -4.43179e-05 -0.00331399 -1.178e-05 -1.35715e-05 -0.000230961 0.000121766 -1.69328e-05 -0.00266959 -0.000667613 -6.82691e-05 -7.45591e-05 0.00255842 -0.0021424 0.00320992 5.5069e-07 -0.000113836 -4.09762e-05 0.00612336 -0.000322048 -7.26231e-08 -2.02508e-05 -4.73489e-06 -1.87604e-06 -0.00151275 0.000995176 -0.00277776 -0.000317769 -1.24292e-05 -0.000274202 -0.00409435 -0.00387226 -0.00117412 0.00445881 -2.47633e-05 -0.00083476 -0.000394422 0.00346979 -0.00287808 0.00244623 -2.24778e-05 -0.000279168 0.002498 -0.0016462 -0.000844984 -6.92285e-06 0.00351897 -8.79582e-05 
-1.4976e-08 0.000133619 4.26946e-05 2.8226e-07 -4.16855e-06 2.05866e-06 -0.000250277 -1.32423e-06 0.000151952 3.43525e-05 5.99962e-06 -0.00027455 1.60234e-05 8.03037e-07 1.25484e-05 -6.37035e-09 1.47952e-05 9.1831e-06 -0.000175407 -0.000209249 0.000401592 -9.97628e-05 0.000223065 3.75476e-06 0.000157788 0 6.53407e-06 -6.49343e-06 8.00436e-06 2.47474e-06 7.96515e-06 2.92567e-06 0.000166112 -3.89187e-05 -0.000150162 5.94177e-05 1.22219e-05 1.50485e-07 -1.18459e-05 -3.0855e-07 -0.000221172 0.000149414 2.97543e-05 5.57924e-06 6.17087e-07 2.59639e-07 5.11339e-06 7.74117e-05 4.56042e-07 -3.29761e-05 0.000175285 -2.83385e-06 -8.33297e-05 6.45902e-07 8.33914e-05 1.92136e-06 6.25595e-07 6.10299e-06 7.4846e-05 8.97243e-05 5.19943e-05 2.99346e-06 7.7759e-07 7.88402e-06 -0.000147748 -3.48129e-06 -0.000136659 -3.25599e-08 -3.82452e-06 7.61725e-07 -0.000185978 1.15256e-06 -2.94619e-11 -1.97422e-08 -2.28598e-09 7.15216e-07 6.21129e-05 -8.40448e-05 4.05327e-05 6.03846e-06 1.83484e-07 8.86535e-06 -6.42889e-05 0.000148363 1.90118e-05 -0.000144505 -1.32766e-08 2.50485e-05 0.000211508 -0.000251067 0.000175079 -4.04378e-05 3.31024e-07 1.57732e-05 -5.04831e-05 3.4313e-06 2.07283e-05 2.63333e-06 -0.000334673 2.66739e-05 
-7.584e-06 -0.00308563 -0.00236706 -6.45148e-05 3.81916e-05 -7.33914e-05 0.00402651 -1.9625e-05 -0.00106938 -0.00129379 -4.73236e-05 0.00465329 -0.00066107 -0.000212458 -2.86379e-05 -1.21935e-05 -0.000591617 -0.000609346 0.00438346 0.00407477 -9.97628e-05 0.00902025 0.00128969 0.000150002 -0.00302979 0 -3.16061e-05 -0.000429074 -6.2269e-05 -8.80877e-05 -0.000143877 -0.000702842 -0.0012119 -0.00377443 0.00148573 5.59919e-05 0.000159063 -5.74993e-06 0.000240481 -0.000108727 0.00460756 -0.00249599 -0.000418122 -7.51803e-05 -1.42985e-05 -1.08453e-05 -4.04562e-05 -0.00132983 -0.000150041 -0.0037992 -0.00635801 -0.0013903 0.00126173 -3.01325e-05 -0.00365746 -0.000137914 -2.13969e-05 -7.79464e-05 1.76837e-05 -0.000412459 0.00013583 -0.000212438 -6.47312e-05 -0.00047629 0.00223782 -0.00410271 0.00221942 -7.76021e-06 9.23947e-06 -5.72711e-05 0.0063312 -0.00021609 -7.26658e-08 -2.34827e-05 -4.70487e-06 -9.24534e-06 -0.000695941 0.00091856 -0.000249665 -0.00031337 -2.06935e-05 -0.000346849 -0.00438511 -0.00203012 -0.000873624 0.00698033 -1.46725e-05 -0.00120207 -9.33217e-05 0.00162222 -0.00272166 0.00169735 -3.15079e-05 -0.000754847 0.0016927 -0.000901217 -0.000629162 -7.15435e-06 0.00154996 -0.000161917 
-1.19195e-05 -0.000684746 0.000126363 -1.03684e-05 -0.000691081 2.52072e-05 -0.00887308 -0.00102502 0.00123588 0.00210769 8.67691e-05 -0.00360761 1.55567e-06 -7.36219e-05 -6.59652e-06 -5.44001e-06 -0.000146993 -0.000546997 -0.0021201 -0.00284623 0.000223065 0.00128969 0.228398 0.0160636 0.000864647 0 4.99424e-05 0.00417738 -1.94489e-05 -5.65391e-06 -0.000340375 -8.80751e-05 0.00296992 -0.0264408 -0.00028202 0.00110719 0.00808592 4.59816e-06 -0.00457267 -0.000262684 -0.000535906 4.64531e-05 0.000158081 0.000136354 -4.92166e-06 -1.28012e-05 0.000174084 -0.000191372 -0.000180848 -0.021082 0.0165443 -0.00252512 -0.0416687 -2.23556e-05 0.00291866 0.000183868 -0.000182584 0.000111345 0.00324413 0.000978476 0.00798805 -0.000428117 2.18406e-05 -0.000214191 -0.0305496 0.0147823 -0.0274728 6.62196e-05 0.00190205 -6.87776e-05 -0.0263787 -0.00010122 -2.58883e-08 -6.28421e-06 -1.20537e-06 7.20173e-05 0.00243663 -0.0194007 0.00384268 8.08701e-05 -3.32494e-06 -5.65924e-05 -0.0229836 0.00401922 -7.84174e-05 0.015056 6.62377e-06 -0.00811848 0.00628757 -0.0102562 0.000579947 -8.6772e-06 -2.79068e-05 0.000230369 -0.0558958 0.000594234 0.00119016 -1.32695e-06 -0.0316635 0.00231402 
-4.65759e-07 -0.000343322 -5.32958e-06 -1.14885e-06 -8.22053e-06 -2.4919e-06 -0.00770774 -6.49223e-05 -1.06099e-07 0.000188148 -7.77274e-06 0.000313885 3.80285e-05 -3.53654e-06 -1.07576e-07 -6.25761e-07 -1.83481e-05 2.89836e-05 -0.00182069 0.000185828 3.75476e-06 0.000150002 0.0160636 0.0252366 -8.48186e-05 0 3.8067e-06 -0.000537591 -1.65361e-06 -2.72229e-06 -3.08207e-05 4.48893e-05 -2.6186e-05 -0.00598808 9.06602e-05 0.000644261 -0.000320075 -5.86356e-08 -0.000717452 2.04453e-06 0.000644627 -1.65445e-05 -2.20701e-05 1.00407e-05 -2.96114e-07 -1.30634e-06 0.00016367 0.000199929 -2.80528e-05 -0.00236893 0.0124907 -0.000330756 -0.00581768 0.000212813 0.00845249 3.55452e-05 -1.41505e-05 -6.20083e-06 8.09763e-05 6.21765e-05 -0.000570742 -0.000207862 -1.4217e-06 -2.14212e-05 -0.0102843 0.0195775 -0.00536727 7.64256e-05 -0.000248535 -6.96729e-06 -0.0160411 5.82226e-07 -1.89991e-09 -1.25311e-06 1.09251e-07 6.68071e-05 0.00020265 -0.00494539 0.000745575 -8.28916e-06 7.51492e-07 -2.61605e-06 -0.000726489 9.06295e-05 -6.85245e-05 0.0014641 2.2905e-06 0.00607306 0.00110221 -0.00193791 -7.91861e-05 -0.000596666 -2.08351e-06 -4.93922e-05 -0.00695757 -4.55548e-05 0.000748437 -2.15294e-07 -0.0209502 -7.73136e-05 
2.33919e-07 0.00355863 0.00279567 6.14909e-05 8.84139e-05 3.21179e-06 -0.00377674 -1.38012e-05 0.0015019 0.00168237 2.26977e-06 -0.00411346 0.000113584 3.69916e-06 2.11057e-05 2.2922e-06 6.49215e-06 0.000296929 -0.00378833 -0.00400622 0.000157788 -0.00302979 0.000864647 -8.48186e-05 0.00416956 0 9.30448e-07 -8.31555e-05 -2.40582e-07 5.90825e-06 -3.21856e-06 5.19909e-05 0.00164966 0.00182355 -0.00178681 -0.00011146 -7.04684e-05 2.75224e-06 -0.000111614 -1.65557e-06 -0.00397917 0.00199286 0.000487274 7.28898e-06 -6.50953e-08 3.59446e-06 1.9458e-05 0.0014386 -3.45361e-06 0.000848836 0.00397806 0.000744008 -0.000946741 4.54528e-06 0.00267132 -2.7227e-06 -1.94794e-06 1.33109e-05 -7.55396e-05 -6.99884e-06 6.39498e-05 -5.99245e-05 1.61503e-05 -3.49199e-06 -0.00100763 0.00162346 -0.00133728 -1.45856e-07 -4.14655e-05 5.70145e-07 -0.00363795 -4.2125e-06 -3.07054e-10 -1.8242e-07 3.79509e-07 9.034e-09 -2.88197e-05 -0.000768243 -0.000177369 0.000237719 4.04068e-06 0.000151355 0.00224671 0.00263367 0.000569249 -0.00343513 6.03163e-06 0.000455235 0.000371913 -0.00194109 0.00271598 -0.00138659 3.56607e-07 0.00020763 -0.00120048 0.000440689 5.42513e-05 5.12187e-06 -0.00186276 1.25042e-05 
0 0 0 0 0 0 0 0 0 0 0 0 0 0 0 0 0 0 0 0 0 0 0 0 0 0 0 0 0 0 0 0 0 0 0 0 0 0 0 0 0 0 0 0 0 0 0 0 0 0 0 0 0 0 0 0 0 0 0 0 0 0 0 0 0 0 0 0 0 0 0 0 0 0 0 0 0 0 0 0 0 0 0 0 0 0 0 0 0 0 0 0 0 0 0 0 0 0 0 0 
-5.18928e-09 2.39667e-06 4.64978e-07 -9.61199e-09 -1.47454e-06 3.97746e-06 -7.72975e-05 -4.58854e-07 4.31423e-06 6.52934e-06 1.37001e-07 -5.2047e-05 4.60257e-05 -6.94041e-08 -1.21127e-08 -3.36239e-09 2.76462e-05 7.85536e-07 -5.84752e-05 -6.29514e-06 6.53407e-06 -3.16061e-05 4.99424e-05 3.8067e-06 9.30448e-07 0 0.000139191 -2.74775e-06 1.16344e-05 -1.56843e-08 5.18263e-06 3.2883e-05 5.15268e-06 -3.15869e-05 -1.11938e-05 -2.59623e-06 -4.75675e-07 2.11914e-08 -2.56685e-06 -1.15e-07 -4.94868e-05 1.29253e-05 1.43033e-07 3.62495e-06 1.74784e-06 -7.05516e-09 5.7765e-07 -2.76743e-07 7.94993e-08 -1.2404e-05 3.01724e-06 3.6111e-05 -2.85105e-05 1.44266e-06 5.40899e-05 4.59909e-08 2.67095e-07 7.98564e-07 -1.90565e-06 4.88687e-05 -4.99206e-06 -1.99699e-06 -1.00751e-08 3.72711e-05 -4.96644e-05 -6.18029e-06 1.6977e-05 1.93966e-07 -1.42463e-06 9.46603e-08 -4.03209e-05 -1.3349e-07 -1.02087e-11 -6.84078e-09 -7.92105e-10 2.76835e-08 4.42073e-05 -1.56565e-05 -5.99246e-06 -2.24541e-09 1.8992e-07 1.15931e-05 -2.23466e-05 9.3565e-06 1.21429e-06 -2.94458e-05 8.72066e-07 -8.79187e-06 5.49566e-05 -0.00010686 2.64403e-05 -4.8461e-05 7.28805e-07 4.05926e-05 -4.06464e-05 4.09289e-05 3.62654e-05 -1.15684e-09 -0.000113066 3.44379e-05 
6.61115e-06 -0.000299167 -0.00014002 1.28784e-06 -0.000284171 7.39334e-05 0.000939341 -4.08736e-05 -4.32344e-05 -8.68511e-05 -4.42039e-06 4.53215e-05 -1.67569e-05 0.000328712 9.42425e-06 5.22652e-06 -7.60947e-06 -9.6174e-05 -0.000418453 -0.000326688 -6.49343e-06 -0.000429074 0.00417738 -0.000537591 -8.31555e-05 0 -2.74775e-06 0.020543 4.49737e-06 -3.54114e-07 0.000120155 -1.8536e-05 -0.000185183 -0.00302678 -0.00101477 -0.000551465 -0.000167692 -3.22862e-07 -0.000558173 -1.63807e-05 6.76223e-05 -6.09894e-05 0.000217521 6.87951e-05 4.1378e-07 2.8899e-06 1.49553e-05 -1.48262e-05 0.000175686 -0.000233478 -0.000623013 -0.000159253 -0.00225813 -3.42477e-05 -0.0056109 -9.07048e-06 -1.35727e-05 7.16758e-05 -0.000322466 -4.16492e-05 -0.00155766 0.0016869 4.8888e-05 0.000118618 0.00305134 -0.000587795 -0.000857032 3.63407e-06 0.000918902 2.26341e-05 0.000837536 0.000401515 -1.53877e-09 2.01955e-05 3.89727e-06 2.40865e-06 -0.000101477 0.00321751 -0.0007457 8.0932e-06 1.17223e-06 6.10796e-05 -0.00164549 -9.8076e-05 0.000438793 -0.00665222 3.72657e-06 -0.0013466 0.000109104 -0.00259091 -1.35697e-05 -0.000289594 5.18919e-06 -4.16353e-05 -0.00499165 -4.17039e-05 -4.66436e-05 -1.74371e-07 0.00103767 0.000479449 
-2.37925e-09 -1.01632e-06 6.42407e-07 2.18926e-07 -9.45047e-07 1.79115e-05 -5.82319e-05 -2.10381e-07 -1.70759e-07 -2.86094e-07 -2.1243e-08 -6.29587e-05 5.53176e-05 4.59485e-06 -5.55356e-09 -1.54163e-09 5.08429e-05 -4.14689e-07 -6.22739e-05 -1.43685e-05 8.00436e-06 -6.2269e-05 -1.94489e-05 -1.65361e-06 -2.40582e-07 0 1.16344e-05 4.49737e-06 6.38226e-05 -7.19114e-09 5.73715e-06 2.83593e-05 -5.90228e-07 8.76456e-06 -4.1724e-05 -1.7543e-06 -1.21904e-06 -9.8208e-10 -2.00217e-06 -5.27264e-08 -6.18369e-05 4.20304e-05 -6.127e-08 1.34624e-05 1.07234e-06 -3.23474e-09 2.2808e-07 -1.28413e-07 -7.05317e-08 -3.93682e-06 2.73998e-06 2.08364e-05 -1.05301e-05 -1.25629e-07 3.72752e-08 4.68287e-06 9.78921e-06 8.58073e-06 -6.07689e-08 5.59796e-05 -4.83956e-06 5.42773e-06 3.08205e-06 3.86606e-05 -2.6648e-05 6.88595e-07 1.00109e-05 -8.87978e-09 1.20615e-08 5.89354e-08 -5.56995e-05 4.39421e-06 -4.68062e-12 1.90197e-07 -3.63174e-10 -2.03695e-09 6.06429e-05 -1.61879e-05 -2.7475e-06 -2.08975e-08 1.91769e-07 3.25521e-05 -1.34704e-05 1.36138e-06 4.30662e-06 -5.94253e-05 1.24557e-07 -3.50108e-06 -2.48845e-07 -4.47756e-05 6.02599e-05 -6.25341e-05 6.48153e-06 5.56413e-05 -5.89964e-06 3.57104e-05 1.53571e-05 -5.304e-10 -5.56617e-05 5.35347e-06 
-4.19984e-09 1.51427e-05 4.09168e-06 -7.77926e-09 -3.15286e-08 9.92393e-07 -8.69675e-05 -3.21364e-07 1.88786e-05 1.9305e-05 3.54158e-05 -9.83213e-05 2.15413e-06 5.1905e-06 -9.80313e-09 1.07395e-06 -5.15046e-08 6.64647e-05 -2.06985e-05 -9.94289e-05 2.47474e-06 -8.80877e-05 -5.65391e-06 -2.72229e-06 5.90825e-06 0 -1.56843e-08 -3.54114e-07 -7.19114e-09 0.000112654 2.27082e-07 -7.5666e-08 8.17515e-05 -2.92111e-05 -5.85635e-05 4.945e-05 -2.14132e-06 4.9331e-09 -3.50089e-06 -9.30724e-08 -0.000102858 -3.21164e-07 2.09851e-06 8.52272e-07 -1.75159e-09 -5.70995e-09 1.19538e-07 -2.26674e-07 -1.24502e-07 -9.8554e-06 1.69764e-05 1.08736e-06 -2.39099e-05 4.75824e-06 -2.47881e-05 3.41698e-07 -7.78883e-08 1.69519e-06 9.5513e-07 -3.39648e-07 5.94572e-05 2.28045e-06 1.58513e-07 3.0311e-06 -4.40257e-05 2.00477e-05 -2.88066e-05 -1.56746e-08 9.32974e-06 -3.12992e-08 -7.35707e-05 8.57203e-07 7.33251e-08 3.44636e-08 1.89359e-07 -1.53636e-08 7.0582e-05 -2.83487e-05 8.73668e-05 6.63964e-05 -2.76221e-09 -1.33688e-08 5.32753e-05 7.18716e-05 1.22061e-05 9.14857e-08 1.56277e-07 8.0736e-05 -2.45611e-06 -3.37754e-05 -2.39317e-07 -7.93688e-05 -9.06065e-09 -1.83855e-07 6.02554e-09 5.40025e-06 9.75697e-06 -9.3626e-10 -5.73334e-05 3.60556e-06 
7.22494e-06 -1.20971e-06 2.96759e-05 2.1337e-06 -1.86013e-06 2.56154e-05 -0.000271998 2.19647e-05 -3.47285e-06 -5.69516e-06 3.01299e-07 -8.00514e-05 1.37372e-05 0.000156099 9.17053e-07 5.65865e-06 1.76173e-05 -1.30718e-06 -0.000228339 -0.000167682 7.96515e-06 -0.000143877 -0.000340375 -3.08207e-05 -3.21856e-06 0 5.18263e-06 0.000120155 5.73715e-06 2.27082e-07 0.0012964 7.19562e-06 -6.58057e-06 -5.21838e-05 -0.000175143 -3.06851e-05 5.37702e-05 -1.99733e-08 0.000542 -9.12335e-07 -0.000546545 2.54994e-05 7.92372e-05 2.57988e-05 3.44315e-06 6.14088e-06 1.86986e-05 2.14117e-05 3.64889e-05 0.00010046 3.09332e-06 -1.52379e-05 0.00068594 -2.30834e-06 -0.000227812 -8.60848e-07 6.28594e-06 3.40091e-05 1.42048e-05 5.85082e-06 0.000175194 0.000270612 2.17294e-05 4.91706e-05 -0.000327501 -4.49197e-05 -0.000454779 9.60721e-08 1.62486e-05 1.32894e-05 -0.000638469 0.000135455 -9.51933e-11 3.60288e-06 -7.38613e-09 1.82988e-07 4.76345e-05 0.000172782 -4.86445e-05 2.15499e-06 3.69818e-06 4.7147e-05 -0.000131155 -7.93677e-06 0.000135753 -0.000540177 1.60044e-06 1.62093e-05 -2.33238e-05 -3.50483e-05 7.13758e-05 -0.000324095 7.64227e-06 4.60091e-05 0.000246195 2.73419e-06 -2.64726e-06 -1.07871e-08 4.98064e-05 -5.55986e-06 
-3.93719e-08 -1.60048e-05 3.65102e-05 1.49374e-06 -1.48454e-05 1.4036e-07 -0.000614801 6.91486e-05 -1.74573e-06 -1.46096e-06 -3.5153e-07 -0.000616947 0.000567363 2.69342e-06 2.48477e-06 2.11558e-08 0.000437274 -6.39563e-06 -0.000878895 -4.78444e-05 2.92567e-06 -0.000702842 -8.80751e-05 4.48893e-05 5.19909e-05 0 3.2883e-05 -1.8536e-05 2.83593e-05 -7.5666e-08 7.19562e-06 0.00105509 -8.64046e-06 0.000452474 -2.20795e-05 -2.33635e-05 -1.2214e-05 -1.62515e-08 -2.68553e-05 2.77082e-06 -0.000606443 0.000373112 -1.0139e-06 1.11988e-05 6.34691e-06 3.59805e-07 2.86943e-07 1.43502e-06 4.62839e-07 0.000175857 0.000431106 0.00045935 -0.00016214 2.82775e-06 0.000608307 6.4033e-05 2.52316e-06 -1.57135e-07 1.09638e-06 0.000360794 -7.5292e-05 -1.48481e-05 2.57689e-06 0.000340006 -0.000360953 0.000233582 -0.000250039 -1.46943e-07 -1.15803e-05 -1.56751e-07 -0.000802792 -1.08868e-06 -7.74552e-11 7.31431e-07 -6.00982e-09 3.89305e-07 0.000519944 -0.000190875 -4.47057e-05 -3.05813e-07 3.30772e-07 7.84701e-05 -0.000184689 -8.29293e-06 -2.78555e-07 -0.000738245 -3.49041e-08 -6.34104e-05 -1.03155e-05 -0.000331764 0.000542059 -0.000401742 1.43839e-06 0.00056481 -0.000301364 0.000415773 0.000297543 -8.77708e-09 -0.000625707 -2.0368e-06 
2.35289e-07 0.00265853 0.000824154 -2.55166e-07 0.000473666 1.74462e-06 -0.00576428 -3.01072e-05 0.00220094 0.00225446 0.000306966 -0.00587863 -4.55819e-06 6.523e-06 8.62872e-06 5.07998e-06 1.33993e-05 0.00209621 -0.00225079 -0.00450414 0.000166112 -0.0012119 0.00296992 -2.6186e-05 0.00164966 0 5.15268e-06 -0.000185183 -5.90228e-07 8.17515e-05 -6.58057e-06 -8.64046e-06 0.00916185 -0.00124245 -0.0011264 0.00348311 -9.21955e-05 7.30105e-06 -0.000269745 -5.38579e-06 -0.0055063 0.000691579 0.000547253 3.3439e-06 -1.43766e-07 2.35134e-06 9.62083e-05 0.000151675 1.52879e-05 0.000158791 0.00377417 0.000495177 -0.00149852 -3.59476e-06 0.00141594 3.66519e-05 -6.00619e-06 0.000103154 8.21421e-05 2.47234e-05 0.00300693 -0.000108265 1.00841e-05 3.32625e-06 -0.0024986 0.000620945 -0.00184824 -3.6319e-07 4.50435e-05 -7.52281e-07 -0.00391392 -6.75169e-06 7.26552e-08 -6.77486e-08 7.34049e-07 7.649e-06 0.00106908 -0.0013652 0.00338601 0.000302826 1.35662e-06 -3.04292e-06 0.00174015 0.00218504 0.000781936 -0.00123551 1.37644e-05 0.00177229 0.00154782 -0.00479959 0.000783459 -0.00209781 -7.43673e-07 -1.45803e-05 -0.00233753 0.00119856 0.00108055 4.59821e-07 -0.00600681 0.000328436 
