0.000711919 3.76865e-05 0.000280602 1.30777e-05 0.000255044 -0.000134026 0.00026281 6.67029e-06 -8.86565e-07 -1.64452e-05 -1.72905e-06 1.14252e-06 -9.01284e-05 -5.62801e-05 0.000147963 6.28119e-06 0.000182134 -2.90947e-05 -3.73433e-05 0.000179491 -7.27203e-06 -2.85548e-05 0.000268555 -3.67992e-06 1.5131e-05 -0.000365807 -8.95293e-05 -5.49868e-05 6.55122e-08 -0.000400176 4.32878e-05 -4.63456e-05 -0.000152518 1.46186e-05 -4.17368e-05 -0.000359642 -3.12765e-07 0.000413189 0.00010026 7.91372e-06 -0.000293537 -0.000418561 -1.43196e-06 -2.33892e-07 0.000362687 0.00029097 -3.23313e-06 3.30546e-06 -2.32763e-06 -7.62297e-10 0.000249694 0.000447 1.93774e-08 3.69933e-06 -8.1129e-07 8.05588e-05 -0.000100212 1.5471e-05 0.000293544 -0.00035636 -0.000210804 -0.000180836 1.00335e-06 -3.16009e-06 -0.000195685 -8.63508e-05 2.02052e-07 -3.41965e-10 1.40326e-06 8.22634e-06 3.21912e-05 4.21165e-06 4.8977e-05 -5.1772e-08 -1.43615e-07 0.000111396 -1.01094e-06 -0.00021432 -1.44335e-05 8.98439e-07 -7.18259e-05 -3.02334e-07 -2.94969e-05 -1.36073e-09 0.000338771 9.80423e-08 -1.18463e-07 -9.09779e-05 -1.57556e-08 -0.000191322 -2.47495e-06 -2.27615e-07 -0.000402877 -2.83342e-06 -5.4791e-05 -4.23552e-07 -0.000151495 -3.83167e-08 -0.00024253 -4.197e-07 
3.76865e-05 0.00402179 -1.50211e-05 -9.95337e-07 0.00259545 -0.000674487 -0.000324411 0.000276182 -7.11788e-06 -9.32883e-05 0.000796685 -1.1798e-07 -0.000587665 0.000951689 9.05724e-05 0.000124225 -0.000705252 -0.000313516 -0.000257687 -0.000964332 0.00149076 3.41108e-05 -0.000408773 -3.42609e-05 -6.16836e-05 -0.00082455 -0.00021479 0.000598227 -1.55694e-06 -0.000866962 -0.000294437 -0.000222792 -0.00238653 0.00249167 -0.000739951 -0.000517161 -9.44494e-09 -5.72196e-05 0.000468851 0.00156442 -0.0014999 -0.00245893 -1.69675e-06 -6.69054e-07 0.00265023 0.000672701 0.000125811 2.57584e-07 -1.27732e-05 -4.32076e-09 0.000618153 0.000405466 1.67794e-05 -1.66869e-06 -2.04089e-06 0.000159264 0.000544138 -4.23619e-05 -7.22899e-05 0.00045196 -0.00139766 -0.000376194 7.61295e-06 -1.08392e-05 -0.000593071 0.00236455 4.93533e-05 -1.93829e-09 -1.75865e-06 6.76977e-05 6.52395e-05 -1.02915e-06 -4.96251e-05 -2.93448e-07 -1.06965e-06 0.000233115 0.000102451 -0.00142989 -5.34418e-05 8.2765e-06 -0.00114817 -3.81799e-07 -0.000438977 8.22872e-08 -0.000430019 -8.6671e-08 7.45505e-06 -0.000482351 -6.66184e-07 -0.000491984 -2.25083e-05 -1.10912e-06 -0.00206479 6.8735e-06 -0.000369091 1.17265e-05 0.00154775 -2.17182e-07 -0.00161507 -1.20613e-05 
0.000280602 -1.50211e-05 0.0149366 0.000123902 -0.00273319 0.00234779 3.87744e-05 0.000174017 0.000418132 -0.000331908 9.35433e-05 6.26881e-07 -0.0006867 -0.00118343 -8.5168e-05 9.16115e-05 0.00591679 -0.0025596 0.000749554 0.00188699 -0.00374811 0.000205603 -0.000181362 -9.18105e-05 4.25692e-05 -0.00159767 -8.60423e-05 0.00332156 -3.51875e-06 -0.00188176 -0.000409855 0.00312792 0.00199334 -0.00219733 -0.00337269 -0.0004593 -6.64837e-06 -0.000149503 -3.16027e-05 3.35987e-05 -0.00359961 -0.00147042 -6.74331e-06 -4.97927e-06 -0.00244852 0.0106142 -0.000302556 6.23287e-07 -4.95023e-05 -1.62283e-08 -0.000125734 0.000109138 3.2083e-05 -1.62519e-06 -1.71094e-05 7.53328e-05 -0.00113922 0.000655151 0.000235996 -0.0013786 0.00532413 0.000732896 -2.26645e-05 2.00401e-05 -0.0020615 -0.00216574 -4.52885e-05 2.1272e-07 -4.87917e-06 -1.54673e-05 -7.13093e-05 -2.0673e-05 -0.000318324 -8.42161e-07 -2.04277e-06 -0.000217234 -6.39435e-05 0.00336626 -0.000328058 -2.00224e-06 -0.00107367 6.17625e-06 -0.00273263 -2.89683e-08 0.00315713 2.64447e-06 5.69638e-07 -0.00119877 -3.46873e-06 -0.00112639 7.48795e-05 1.31161e-05 -0.0100776 -9.51232e-05 -0.0013828 -7.68378e-06 -0.00778869 1.1701e-05 0.00300669 -3.88319e-05 
1.30777e-05 -9.95337e-07 0.000123902 0.000246426 -6.39328e-06 -7.65932e-05 0.000104066 -5.53679e-07 1.58541e-05 6.47565e-06 -1.89334e-06 -7.20152e-09 2.24782e-05 -7.27619e-06 0.000123237 5.41141e-07 -3.40008e-06 -1.37804e-05 8.48227e-05 0.000148168 -7.29989e-05 -2.91391e-06 -5.9071e-05 5.68792e-06 0.000117911 7.48396e-06 -1.21586e-05 -9.4416e-06 -9.72743e-08 -0.00013389 -1.81821e-05 -2.44649e-06 -2.51686e-05 -3.41093e-06 -3.02116e-05 5.73812e-05 -1.08211e-07 0.000207803 3.15063e-06 1.53733e-05 -0.0001549 2.71837e-05 -1.31043e-07 -8.09224e-08 -1.84251e-05 0.000174826 -5.40554e-06 -1.57176e-09 -7.81985e-07 -2.63741e-10 2.74719e-05 4.15365e-05 -1.0055e-07 -1.13252e-07 -2.63616e-07 1.37101e-06 -0.000165527 0.000127526 6.72542e-05 -0.000149902 3.63013e-05 -6.71941e-05 3.34812e-07 6.34549e-06 -8.00232e-05 -3.429e-05 1.08235e-05 -1.18314e-10 -1.13045e-07 -3.57261e-06 5.21907e-06 8.9067e-07 1.10954e-05 -1.79122e-08 -6.81404e-08 -4.82298e-06 -1.22279e-06 -3.83838e-05 2.29104e-05 -5.1284e-08 -8.45371e-05 -1.23404e-07 -4.55503e-05 -4.7079e-10 5.62661e-05 2.80429e-08 -7.90442e-08 -7.35928e-05 -3.06817e-08 -7.07344e-05 -1.40179e-06 -1.00663e-07 -0.000183204 -1.73109e-06 -2.30398e-05 -2.62627e-07 -0.000136138 1.47008e-06 -9.65745e-05 7.89829e-07 
0.000255044 0.00259545 -0.00273319 -6.39328e-06 0.162144 -0.0593434 -0.0105109 -6.96527e-05 -0.000314435 -0.00403202 0.000617399 -1.56168e-06 0.0538903 0.0330577 0.00975289 0.000876769 -0.032926 0.00779929 -0.00561608 -0.0202533 -0.0433948 -0.00760622 -0.0542672 0.0063859 0.00669192 0.039681 -0.00325215 0.0320291 -5.86371e-05 0.0259597 -0.00858931 -0.00138335 -0.0593795 0.100774 -0.00739513 0.0545742 -3.19606e-05 0.0289013 0.00068229 0.00634154 0.0245479 -0.0318812 -0.00042184 -4.77507e-05 0.0558567 0.00102398 -0.00272168 2.12175e-06 -0.000607051 5.48821e-07 0.011962 0.00647101 -6.39029e-05 -2.03774e-05 0.000284658 0.00278135 0.0486326 -0.00156748 0.00457443 0.0223169 -0.0141109 -0.0548764 -2.28028e-05 0.00405453 -0.0336405 0.0943513 0.00207517 1.25608e-07 -8.62171e-05 -0.00331184 0.00173271 -4.61401e-05 0.00285004 7.36147e-06 0.00012876 -0.00370879 0.00382439 -0.0521595 0.00611402 0.00013441 -0.0354482 -0.000150166 -0.0367155 7.78016e-08 -0.056528 9.00188e-07 7.54107e-05 -0.0561361 2.29511e-05 -0.0533823 -0.000379351 -6.98492e-05 -0.0564494 -0.000581227 -0.0189195 0.000798741 0.0200845 -1.02066e-05 -0.0519803 -0.000509537 
-0.000134026 -0.000674487 0.00234779 -7.65932e-05 -0.0593434 0.216069 0.0524958 0.000124627 -0.000527585 -0.00712148 0.000662761 -8.98654e-06 -0.064541 -0.0250199 -0.00296305 -0.000384996 0.0190339 -0.0593623 -0.0149488 -0.0732669 0.182329 0.0202721 0.19741 -0.00264688 -0.00535013 -0.139796 0.00157503 -0.0023138 -5.01606e-05 -0.177152 -0.0220315 0.0129118 0.0642376 -0.0458425 -0.0701706 -0.200129 -0.000135726 -0.0142282 -0.000506326 -0.00531738 -0.18609 -0.0919961 0.00120528 -9.71273e-05 0.0487056 -0.0193582 0.00204588 -1.9704e-06 -0.000998292 -3.45698e-08 -0.00476359 -0.00197283 6.28624e-05 6.84961e-05 -0.000386832 -0.00183392 -0.193651 0.00390616 0.00358692 -0.184162 -0.0988041 0.194643 -0.000491624 -0.00164894 0.18317 -0.0419661 -0.00122539 6.84173e-08 0.00029649 0.0145616 -0.00127037 -0.00026945 0.00452189 -2.13357e-05 -4.08111e-05 0.0112641 -0.00151725 -0.0992514 -0.00749706 -2.95281e-05 -0.106797 0.000303498 0.120174 7.5016e-07 0.199048 -3.28473e-06 -7.53743e-05 0.199627 -5.28445e-05 0.191434 -0.000613474 -0.000110565 0.0431758 0.00136221 0.0631762 -0.000350657 0.0965733 3.08754e-05 -0.110136 -0.000886742 
0.00026281 -0.000324411 3.87744e-05 0.000104066 -0.0105109 0.0524958 0.0814798 -0.000156377 -0.000137746 -0.00198267 -0.000552296 -7.27871e-07 -0.0175635 -0.00775927 0.00567747 8.64075e-05 0.0293903 -0.0146859 0.0017869 -0.0162585 0.0410632 0.00815927 0.0528033 -4.96526e-05 0.00103365 -0.0386559 -0.000347208 0.000906248 -3.06258e-05 -0.0474235 -0.00654593 -0.00338654 0.011722 -0.0105606 -0.0172717 -0.0545041 -3.53564e-05 0.00290764 6.6221e-05 -0.000441983 -0.0572216 -0.0123851 0.00136233 -2.86258e-05 -0.00277961 -0.00648012 -0.00135662 2.0527e-06 -0.000291934 4.00915e-07 0.00134347 0.00147478 1.04909e-07 0.000101767 -9.44702e-05 -0.00075278 -0.0573642 4.85782e-06 0.00203431 -0.05609 -0.0326125 0.0507536 0.000119543 -0.000145716 0.0454309 -0.0120016 0.000266707 -4.29542e-08 0.000351772 -0.00185108 0.000846533 -0.000136328 0.00557335 -6.09975e-06 -9.37529e-06 0.00180459 -0.000439856 -0.0310918 -0.00150299 6.53245e-05 -0.0280756 0.000380071 0.00700119 5.99078e-07 0.0556017 1.69929e-06 -2.73239e-05 0.0544402 8.78612e-06 0.0527238 -0.000435324 -3.22026e-05 0.00560064 -0.000512233 -0.00537894 -9.57956e-05 0.017686 2.49537e-05 -0.0363566 -0.000248145 
6.67029e-06 0.000276182 0.000174017 -5.53679e-07 -6.96527e-05 0.000124627 -0.000156377 0.0026315 -3.63602e-06 -6.09539e-05 0.00202516 2.56958e-06 -0.000412801 0.000246276 0.000635177 8.9038e-05 -0.00066792 -0.000456865 6.24676e-05 -0.000612419 0.00128004 0.000277035 -0.00031401 -2.31344e-05 6.19168e-05 -0.0014262 -0.00139326 -8.43982e-05 -9.31252e-07 -0.00160479 -0.000178986 0.000151818 -0.000417458 0.000664285 -0.000318037 -0.00122811 1.48835e-06 -8.67771e-05 9.25202e-05 0.00196497 -0.00111105 -0.00173238 5.63668e-05 4.28378e-06 0.000707288 0.00188417 0.000726754 3.98421e-08 -6.51702e-06 -2.82316e-09 -2.88604e-05 9.10102e-05 0.00016337 5.15144e-05 0.000105865 -2.62773e-05 0.000515477 -1.10495e-05 -2.078e-05 7.98324e-05 -0.000956096 0.000367845 1.79017e-06 -1.39995e-05 -0.000453116 2.17328e-05 2.33113e-05 -1.26646e-09 -1.21007e-06 -1.47646e-05 9.4512e-05 -2.53877e-06 -6.46237e-05 1.08263e-07 -7.29394e-07 0.00126283 7.10842e-05 -0.000917827 -6.06232e-05 -5.48959e-07 -0.0010124 2.88731e-05 0.000140786 1.34961e-07 0.00037572 -2.66302e-08 4.81389e-06 -0.000467277 -5.47207e-07 -0.000517564 -1.38951e-05 -1.07752e-06 -0.00175301 0.000135883 7.02494e-05 -1.81532e-06 0.00114491 -1.41905e-07 -0.000183496 -6.79732e-06 
-8.86565e-07 -7.11788e-06 0.000418132 1.58541e-05 -0.000314435 -0.000527585 -0.000137746 -3.63602e-06 0.00176533 7.65016e-05 -9.00745e-06 2.98331e-07 -0.000356701 -0.000123711 -2.04279e-05 1.36858e-06 -0.000297656 -0.00032025 0.0011388 0.000949411 -0.000462576 -4.30862e-05 -0.000535259 -1.38015e-05 9.94029e-05 1.60111e-05 1.00511e-06 -0.000135056 -6.97911e-07 0.00022038 -5.39605e-05 -8.60022e-05 0.000250572 -0.000241828 -4.5481e-05 0.000516788 7.97029e-06 -2.37574e-05 -3.67471e-06 -3.22011e-05 0.000446943 0.000556513 -1.81382e-07 2.30761e-05 -0.000491732 0.000292438 -1.5368e-05 -1.12769e-08 -3.86456e-06 -1.89225e-09 -2.67482e-05 -1.88477e-05 -3.6808e-07 -8.12543e-07 -1.68967e-06 0.00038845 0.000443177 -1.07564e-05 -2.9558e-05 0.000419023 0.000821933 -0.000511889 -5.30263e-07 -3.14666e-06 -0.00057854 -0.000118974 -5.14262e-06 -8.48861e-10 -8.11063e-07 -4.31194e-05 -3.48783e-06 -2.71105e-06 -3.48936e-05 -1.28514e-07 2.42112e-06 -3.2565e-05 -8.1898e-06 0.00106269 -3.73096e-05 -3.67946e-07 -0.000403733 -1.27428e-06 1.35714e-06 -3.37776e-09 -0.000501266 -3.7957e-08 1.25955e-06 -0.000514848 -4.04789e-07 -0.000506732 -9.46402e-06 6.95311e-05 -0.00107352 1.60066e-05 -0.000158679 -1.06109e-06 -0.000494137 -1.78034e-09 -0.00058723 8.0301e-06 
-1.64452e-05 -9.32883e-05 -0.000331908 6.47565e-06 -0.00403202 -0.00712148 -0.00198267 -6.09539e-05 7.65016e-05 0.0225684 -0.000175048 -1.31632e-07 -0.00435677 -0.00165859 -0.000392143 -2.93965e-05 0.00282618 0.000514406 0.000221112 0.000825037 -0.00695716 -0.000943471 -0.00700731 -0.000185963 3.8279e-06 0.00280607 0.000139203 -0.00172615 -3.00374e-06 0.00836279 -0.00141623 -0.00160478 0.00157374 -0.00329944 -0.00113902 0.00710886 -2.74544e-06 -0.000916608 -3.02452e-05 -0.000433545 0.00686939 0.00753406 -4.71116e-05 -7.58448e-06 -0.00653806 -0.00323198 -0.000495342 -1.47314e-07 -7.28221e-05 -2.47192e-08 -0.000349234 -0.000268074 -8.0341e-06 1.42545e-06 -3.04325e-05 0.000311522 0.006604 -0.000285203 -0.000468374 0.00708023 0.0124383 -0.00671763 -3.05819e-05 -0.000122411 -0.00754249 -0.00110378 -8.72023e-05 -1.1089e-08 -9.25189e-06 -0.000567493 -0.00010702 -3.59261e-05 -0.000545284 -1.67883e-06 2.27802e-05 -0.000465336 -0.000114603 0.0100506 -0.000526371 -4.55328e-06 0.0107571 -1.81135e-05 -0.00428109 -4.41249e-08 -0.00710686 -4.62514e-07 -7.30178e-06 -0.00693797 -4.105e-06 -0.00658482 0.000150597 -8.53798e-06 -0.000103455 -0.000158937 -0.00215997 -2.64227e-05 -0.009045 -1.10917e-06 0.00325077 4.13463e-05 
-1.72905e-06 0.000796685 9.35433e-05 -1.89334e-06 0.000617399 0.000662761 -0.000552296 0.00202516 -9.00745e-06 -0.000175048 0.00762232 2.40558e-06 -0.000742204 0.000630727 0.000553529 0.000149874 -0.00211382 -0.00116087 -0.000223042 -0.00183463 0.00306263 0.000425869 0.000947068 -4.24894e-05 -3.47782e-05 -0.00324892 -0.00144076 -0.000225458 -1.73805e-06 -0.00353279 -0.00049409 5.77147e-06 -0.000690512 0.00255864 -0.00129799 -0.00240904 5.6778e-06 -0.000291438 0.0001497 0.00268349 -0.00287864 -0.00493402 9.31066e-05 6.58153e-06 0.0040257 0.00145136 0.0023152 -4.89813e-08 -1.66497e-05 -8.21902e-09 -2.76742e-05 0.000239887 0.000157657 6.61474e-05 0.000213484 -7.6266e-05 -0.000221769 -9.32835e-05 -8.98416e-05 -0.000229908 -0.00239932 0.00102071 -4.22704e-06 -3.56199e-05 0.00101174 0.000898987 1.09855e-05 -3.68704e-09 -3.07286e-06 0.00040997 8.05869e-05 -1.26031e-05 -9.08224e-05 -2.58202e-07 -2.12348e-06 0.00114042 0.00012671 -0.00261836 -0.000146541 3.71182e-06 -0.00248695 4.12696e-05 3.85503e-05 9.19953e-08 0.000909832 -1.64867e-07 1.77867e-05 0.000220916 -1.49716e-06 0.000135303 -4.23142e-05 -2.22364e-06 -0.00269914 0.000665914 -0.00026681 5.12412e-07 0.00321349 -9.64607e-08 -0.00158583 -1.92389e-05 
1.14252e-06 -1.1798e-07 6.26881e-07 -7.20152e-09 -1.56168e-06 -8.98654e-06 -7.27871e-07 2.56958e-06 2.98331e-07 -1.31632e-07 2.40558e-06 2.92158e-05 -6.48543e-06 1.83394e-05 9.59951e-07 -5.16239e-08 8.95138e-07 1.47187e-05 2.96083e-06 -1.07901e-06 -6.36981e-06 -1.03379e-06 -6.96043e-06 3.14069e-07 1.27807e-06 -1.40832e-05 -4.21371e-06 2.82025e-06 -1.15302e-08 3.06323e-06 -1.1985e-06 1.5394e-05 -1.95542e-05 -2.7355e-07 1.33094e-05 4.453e-06 -1.28265e-08 1.98734e-06 -9.41394e-09 9.20074e-06 2.33031e-06 -1.40779e-05 1.07227e-07 1.20408e-07 -6.08789e-06 -1.51318e-06 1.78803e-06 -1.86305e-10 4.75788e-06 -3.12618e-11 3.84761e-07 -1.65694e-07 3.94748e-07 1.80658e-06 8.20851e-07 -2.1966e-08 7.21962e-06 1.33242e-07 9.59833e-07 4.31381e-06 -8.38617e-06 -8.40332e-06 4.76761e-08 5.78312e-07 -8.49834e-06 -5.01777e-07 5.8329e-07 -1.4024e-11 -1.33995e-08 -4.51159e-07 2.20884e-06 -5.36553e-08 3.9038e-07 -2.12318e-09 -8.07685e-09 2.37998e-07 -1.44941e-07 4.59861e-06 1.3158e-06 -6.07882e-09 1.27949e-05 -2.29247e-08 -5.02961e-06 -5.58038e-11 -7.69816e-06 -6.27087e-10 2.57297e-07 -8.4002e-06 -6.79765e-09 -8.22765e-06 -1.66157e-07 -1.19318e-08 -6.51425e-06 -2.05191e-07 -2.51588e-06 -3.35005e-08 -1.15269e-05 -1.57137e-09 -2.44859e-06 -8.73391e-08 
-9.01284e-05 -0.000587665 -0.0006867 2.24782e-05 0.0538903 -0.064541 -0.0175635 -0.000412801 -0.000356701 -0.00435677 -0.000742204 -6.48543e-06 0.174469 -0.0157383 -0.000466185 9.93132e-05 -0.0580122 0.00563393 -0.0140751 -0.0368096 -0.0618092 -0.00616118 -0.0670592 0.00208661 -0.00016025 0.0920678 0.00114839 -0.0182393 0.000215644 0.0391854 0.0462398 -0.0105856 0.0249617 0.0464623 -0.000252535 0.0693895 -9.77034e-05 0.00722513 -0.000371821 -0.00420868 0.0630149 0.030142 -0.000422452 -6.1068e-05 0.0164658 0.0559866 -0.0027539 -1.34585e-06 -0.000715758 2.23996e-08 0.00524679 0.00461741 -8.30684e-05 -3.70448e-05 0.000403519 -0.00134206 0.0612517 0.000764687 0.00113709 0.0655484 0.0273598 -0.0651084 -0.000314096 0.00346016 -0.0713267 0.0300666 -0.000577546 1.15251e-07 -9.96064e-05 -0.00541793 -0.000188457 -0.000380733 -0.00428632 4.82734e-05 -6.20746e-05 -0.00427807 -0.00103246 -0.0585538 -0.00244968 2.74974e-05 -0.0741717 -0.000167966 -0.0416368 5.32553e-08 -0.0694356 -4.5796e-06 -6.54888e-05 -0.0670543 -4.51692e-05 -0.0642767 -0.00112035 -1.93879e-05 -0.0288005 -0.00105396 -0.0209453 0.000678893 0.00274395 -9.21049e-06 0.0396942 -6.56027e-05 
-5.62801e-05 0.000951689 -0.00118343 -7.27619e-06 0.0330577 -0.0250199 -0.00775927 0.000246276 -0.000123711 -0.00165859 0.000630727 1.83394e-05 -0.0157383 0.0827718 0.0011252 0.000321282 -0.00329636 0.00948294 -0.00509443 -0.00626954 -0.0182821 -0.00257496 -0.0228623 0.00106852 0.00191239 -0.0300083 -0.0018506 0.034858 -2.19047e-05 0.0188225 -0.00329 0.0157602 -0.0424009 0.0300136 0.00679159 0.0215083 5.91515e-05 0.00312154 0.00106078 0.00635248 0.0162614 -0.037142 -0.000130919 0.00019427 0.0179887 -0.00599094 -0.00135478 2.21598e-06 0.00261559 -8.07724e-08 0.00142654 -0.000477699 3.63017e-05 1.06592e-05 4.90872e-05 0.00274501 0.0249362 0.00032701 -0.00122355 0.00571055 -0.0151915 -0.0241497 -5.24111e-05 -0.000481692 0.00326813 0.0313162 0.000649755 7.29557e-08 -4.10846e-05 -0.00203828 0.000420179 0.0006621 0.00605201 -5.13766e-06 0.000148472 -0.00129156 0.00418797 -0.0118223 0.00992354 5.19364e-05 0.00762815 -6.75098e-05 -0.0118839 -1.73933e-07 -0.0245285 9.90545e-06 0.00018477 -0.024224 5.92919e-08 -0.0228845 -0.000468337 1.18349e-06 -0.0155404 -0.000567676 -0.00785714 1.224e-05 0.0148599 -4.82442e-06 -0.024933 0.000237012 
0.000147963 9.05724e-05 -8.5168e-05 0.000123237 0.00975289 -0.00296305 0.00567747 0.000635177 -2.04279e-05 -0.000392143 0.000553529 9.59951e-07 -0.000466185 0.0011252 0.0191304 0.000692422 -0.0011903 0.00137013 0.00455424 0.00460019 -0.00103863 -0.000169536 -0.00367261 0.000224599 0.0107706 -0.00156882 -0.00544336 0.00276374 -7.10659e-06 -0.00592196 -0.00133182 0.00209206 -0.0101036 0.00056981 0.00613834 0.00160077 -7.44229e-06 0.0146186 0.000641947 0.00608508 -0.0124489 0.00106229 3.55368e-05 -6.00555e-06 -0.00410225 0.00756678 0.000409558 1.83225e-06 -5.06464e-05 1.42456e-07 0.00592251 0.00106177 5.45841e-05 4.69537e-06 6.62759e-05 4.30724e-05 -0.00363431 0.000956578 0.00431578 -0.0103302 -0.00623878 -0.00255041 0.000570316 8.05489e-05 -0.0046442 -0.00270149 0.00330186 -9.36532e-09 5.8417e-06 -0.000464036 0.00182804 0.000429119 0.00373522 1.38546e-06 2.05229e-05 0.00062622 -4.01567e-06 -0.00687652 0.00670647 1.12405e-05 -0.00456995 2.90808e-05 -0.00309817 6.27338e-08 -0.000761384 3.04456e-06 -5.79021e-06 -0.00306308 8.58049e-06 -0.00272976 -0.000110101 1.6252e-06 -0.0133125 -9.0061e-05 -0.00172482 0.000107775 -0.00774692 -9.69371e-07 -0.00725331 -2.7529e-05 
6.28119e-06 0.000124225 9.16115e-05 5.41141e-07 0.000876769 -0.000384996 8.64075e-05 8.9038e-05 1.36858e-06 -2.93965e-05 0.000149874 -5.16239e-08 9.93132e-05 0.000321282 0.000692422 0.00176381 -0.000191271 0.000370487 3.86183e-05 0.000309679 -0.000173725 -3.76031e-05 -0.000332787 3.45522e-05 0.000651013 -2.7012e-05 -0.00013618 0.000181571 -6.97308e-07 -0.000235035 -0.000118655 -7.21425e-05 -0.00107901 0.000233179 -6.17461e-05 0.000199657 2.19096e-06 0.000765822 0.000169392 0.000139391 -0.000681276 6.92277e-05 -3.14126e-06 1.15658e-06 0.000120983 0.000164453 -4.0174e-06 -1.12671e-08 1.13504e-05 -1.89062e-09 0.000178208 0.000110767 2.61659e-05 1.14923e-08 -1.17095e-06 3.34631e-05 -0.00036024 -6.17359e-06 0.000560981 -0.000513589 -0.000513674 -0.000315954 5.74879e-06 3.42648e-05 -0.000405745 0.000207977 7.33733e-05 -8.48128e-10 -6.37029e-07 -7.05856e-06 -5.68045e-06 1.24218e-05 0.000454135 -1.28403e-07 3.01537e-07 5.37891e-05 5.84011e-05 -0.000412229 0.000652084 -4.76281e-08 -0.000439897 -1.25308e-06 -0.000273566 9.95849e-09 -0.000333924 -3.79243e-08 2.02337e-06 -0.0003662 5.32233e-07 -0.000337994 -5.95533e-06 -7.14931e-07 -0.0010925 -1.1956e-05 -0.000159832 5.54066e-06 -0.00043633 5.01635e-07 -0.000668008 2.89133e-06 
0.000182134 -0.000705252 0.00591679 -3.40008e-06 -0.032926 0.0190339 0.0293903 -0.00066792 -0.000297656 0.00282618 -0.00211382 8.95138e-07 -0.0580122 -0.00329636 -0.0011903 -0.000191271 0.206645 0.0184302 -0.01533 -0.00588755 0.00143874 -0.000627779 0.0174355 0.0014106 -0.00307139 -0.0397241 0.0018011 0.0281698 -0.000102743 0.00401552 -0.0187268 0.0149577 -0.0273948 -0.0338424 -0.0488051 -0.0176599 -0.000123866 -0.00682657 -0.000575147 -0.00391496 -0.0252482 0.00667342 0.000902273 -8.71793e-05 -0.0614934 -0.0142896 -0.00530181 1.56941e-06 0.000897244 5.64461e-07 -0.00305391 -0.00131782 -0.00010003 -8.59123e-08 -0.000379891 -0.000357388 -0.0209238 -0.00157757 -0.00148567 -0.0297816 0.040467 0.0182164 -0.000289816 -0.00143372 0.0109831 -0.0248285 -0.00104095 9.32785e-08 0.000281558 -0.00620644 -0.00122473 0.000892829 0.00156279 -1.69837e-05 0.000135178 -0.00506356 -0.00140525 0.0632657 -0.000726886 -3.02512e-05 0.0649134 -2.43039e-05 -0.0246279 6.69365e-07 0.0202972 -7.75922e-07 -3.59992e-05 0.0179767 -5.08167e-05 0.0212133 0.00382711 -3.3047e-05 -0.0131719 -0.00204042 -0.0143588 -0.000262959 -0.0608759 -3.09294e-06 0.0215523 -0.000546461 
-2.90947e-05 -0.000313516 -0.0025596 -1.37804e-05 0.00779929 -0.0593623 -0.0146859 -0.000456865 -0.00032025 0.000514406 -0.00116087 1.47187e-05 0.00563393 0.00948294 0.00137013 0.000370487 0.0184302 0.153903 -0.00639567 0.0200802 -0.0552324 -0.00770484 -0.0577834 0.0025791 -8.68807e-05 0.0351584 0.000503434 0.000931488 -6.04476e-05 0.0608157 0.0149355 0.00744908 -0.0694389 -0.00986324 0.0401641 0.0578503 -7.57348e-05 0.0158797 0.000441678 -0.000347363 0.0466175 0.0285048 -0.000348643 -3.6016e-05 -0.0362562 -0.022427 -0.00180818 1.91507e-06 0.00123335 4.40028e-07 0.00427482 0.00396864 -5.29394e-05 -5.57137e-05 -0.000229156 0.00168247 0.0503615 -0.00193999 0.00397939 0.0433115 0.0130427 -0.0552639 7.47897e-05 0.00364187 -0.0553993 -0.0113204 -0.000228393 -3.78691e-08 -7.40781e-05 -0.00460515 -0.000566246 0.000476372 -0.00152347 4.15357e-05 4.05037e-06 -0.00320776 -0.000907205 0.029446 0.00713848 8.76419e-06 0.054915 -0.000147346 -0.0329666 1.03757e-07 -0.0588908 -3.61481e-06 -2.25048e-05 -0.0573129 4.41628e-05 -0.0536878 -6.92587e-05 -8.40288e-06 -0.00575794 -0.00128707 -0.0176152 0.000693836 -0.0867896 -1.00091e-05 0.0491409 -0.000202824 
-3.73433e-05 -0.000257687 0.000749554 8.48227e-05 -0.00561608 -0.0149488 0.0017869 6.24676e-05 0.0011388 0.000221112 -0.000223042 2.96083e-06 -0.0140751 -0.00509443 0.00455424 3.86183e-05 -0.01533 -0.00639567 0.0615707 0.0283869 -0.0144891 -0.000702909 -0.0164182 -0.000541992 0.00396492 -0.00128825 -0.000960345 -0.00544199 -6.73314e-06 0.0148326 -0.00382291 -0.00401475 0.00289196 -0.00869169 0.0136384 0.0143253 0.000247742 0.00397947 0.00014789 0.00107599 0.0116887 0.019472 -1.64163e-05 3.0833e-05 -0.0166148 -0.000150256 0.000607289 -4.20322e-07 -0.000200828 -7.05296e-08 -0.000817323 -0.000729954 9.32418e-06 8.24219e-07 0.000166462 0.000884579 0.0123034 -0.000435032 -0.000218526 0.0133198 0.00766662 -0.0147949 0.00038586 -0.000264027 -0.0174745 -0.0066029 0.000719124 -3.16395e-08 -2.3754e-05 -0.00153255 0.00198555 -0.000109318 0.000388025 -4.12008e-06 -1.20855e-05 -0.000633053 -0.000325646 0.0278597 -0.00106994 3.72894e-06 0.00908203 -6.5002e-06 -0.00618098 -1.05899e-07 -0.0109398 9.48566e-07 -1.42247e-05 -0.0143508 1.44572e-05 -0.0146999 -0.000367759 0.000149334 -0.00526685 -3.99029e-05 -0.00514472 -7.2857e-05 -0.00401841 4.93151e-06 -0.018953 -1.702e-06 
0.000179491 -0.000964332 0.00188699 0.000148168 -0.0202533 -0.0732669 -0.0162585 -0.000612419 0.000949411 0.000825037 -0.00183463 -1.07901e-06 -0.0368096 -0.00626954 0.00460019 0.000309679 -0.00588755 0.0200802 0.0283869 0.182762 -0.070358 -0.00896414 -0.0729328 -0.00212289 0.00765253 0.0374165 -0.000188519 -0.0187577 -9.07892e-05 0.0817409 -0.00886959 -0.0162835 -0.0373807 -0.0294017 0.0949478 0.0732956 5.99011e-05 0.0167662 -0.000134719 0.00134449 0.0683928 0.0743053 -0.000417069 -4.76014e-05 -0.0642823 -0.0213862 -0.000417229 -8.01508e-07 -0.000717927 -1.27545e-07 -0.00271194 -0.00202661 -2.23581e-05 -7.84512e-05 -0.000124984 0.000122257 0.0659405 -0.00233316 0.00042637 0.0707028 0.0191471 -0.0700111 0.00106356 -0.00120808 -0.0789976 -0.0281241 0.000825123 -1.15534e-07 -0.000105233 -0.00587618 0.00224928 0.00025578 -0.0011617 -3.66474e-06 -4.08697e-05 -0.00452227 -0.00115778 0.0823378 0.0054186 -3.18893e-05 0.0934879 -0.000174168 -0.0443051 -3.13064e-07 -0.0680877 8.73852e-07 -7.1964e-05 -0.0723366 0.000124789 -0.0685975 -0.000707337 0.000159329 -0.024851 -0.00161613 -0.0225013 -0.000198945 -0.0743719 -7.38546e-06 0.0533544 -0.000388662 
-7.27203e-06 0.00149076 -0.00374811 -7.29989e-05 -0.0433948 0.182329 0.0410632 0.00128004 -0.000462576 -0.00695716 0.00306263 -6.36981e-06 -0.0618092 -0.0182821 -0.00103863 -0.000173725 0.00143874 -0.0552324 -0.0144891 -0.070358 0.210656 0.0207434 0.187359 -0.0026499 -0.00415977 -0.132322 -0.000348049 -0.0101518 -4.05333e-05 -0.184087 -0.0209165 0.00811896 0.054712 -0.0306368 -0.0648472 -0.192555 -0.000107567 -0.011094 0.00106882 -0.000647762 -0.17891 -0.095504 6.19737e-05 -2.87654e-05 0.0682861 -0.0270393 0.0032591 1.37983e-06 -0.000898047 -2.9943e-07 -0.00389399 -0.000301276 0.000123751 9.87305e-05 -0.000271239 -0.00123179 -0.184179 0.0028452 0.00385465 -0.175333 -0.103088 0.186344 -2.17259e-05 -0.00158823 0.17644 -0.029013 -0.000749603 -1.44791e-07 -8.23538e-05 0.0169182 -0.000166693 4.75213e-05 9.83441e-05 -1.79008e-05 -6.69562e-05 0.0134814 -0.000737669 -0.106447 -0.00676809 -2.56609e-05 -0.122303 0.000364617 0.123655 4.30519e-07 0.188006 2.24896e-06 -3.47701e-05 0.190607 -6.18657e-05 0.182843 -0.00170019 -8.847e-05 0.0359328 0.00185125 0.0651968 -0.000320527 0.120124 1.57304e-06 -0.121979 -0.000319028 
-2.85548e-05 3.41108e-05 0.000205603 -2.91391e-06 -0.00760622 0.0202721 0.00815927 0.000277035 -4.30862e-05 -0.000943471 0.000425869 -1.03379e-06 -0.00616118 -0.00257496 -0.000169536 -3.76031e-05 -0.000627779 -0.00770484 -0.000702909 -0.00896414 0.0207434 0.0396093 0.0229021 -0.000359609 -0.000436234 -0.0186365 -0.000537005 -0.00253738 -1.52919e-05 -0.0223409 -0.0029046 0.00357386 0.00853327 -0.00486696 -0.00879838 -0.0230521 1.68316e-05 -0.00145669 0.000154384 -0.000170861 -0.0215287 -0.0229977 -3.19171e-05 -1.30094e-06 0.0110914 -0.0013934 -0.000873166 -2.60127e-07 -9.43847e-05 -4.42084e-08 -0.00054478 -0.000265816 -1.04429e-06 -6.80999e-06 -3.44988e-05 -0.000177311 -0.0228318 -0.0003699 -0.000845492 -0.022502 -0.0110146 0.0232639 -4.99988e-05 -0.000212318 0.0229126 -0.00504702 -5.3927e-05 -1.98318e-08 9.13179e-05 0.000322734 0.000279356 0.000119934 0.000410618 -2.96912e-06 -1.06284e-05 0.00121207 -0.000197926 -0.0131379 -0.000972112 -5.36627e-06 -0.0166978 0.000343798 0.00753224 -7.89141e-08 0.0233509 2.79655e-06 -1.28594e-05 0.0228594 -5.74278e-06 0.0225768 -0.000182002 1.87402e-05 0.00395186 0.000233516 -0.000953157 -4.73042e-05 0.0139365 1.17121e-06 -0.0147142 8.03041e-05 
0.000268555 -0.000408773 -0.000181362 -5.9071e-05 -0.0542672 0.19741 0.0528033 -0.00031401 -0.000535259 -0.00700731 0.000947068 -6.96043e-06 -0.0670592 -0.0228623 -0.00367261 -0.000332787 0.0174355 -0.0577834 -0.0164182 -0.0729328 0.187359 0.0229021 0.212011 -0.0026633 -0.00535135 -0.143594 0.00198308 -0.0022986 2.30343e-05 -0.186255 -0.0218231 0.0125049 0.0612827 -0.039811 -0.0701209 -0.206817 -0.000113419 -0.0132932 -0.000436211 -0.00595886 -0.186956 -0.101856 0.0011253 -9.32359e-05 0.0624589 -0.0287342 0.00350316 1.0712e-06 -0.000939885 -2.31148e-08 -0.004248 -0.000919074 2.95627e-06 0.000132508 -0.000380724 -0.00066541 -0.199381 0.00331166 0.00434371 -0.186503 -0.108195 0.197426 -0.000472891 -0.00159989 0.193557 -0.0355989 -0.00118347 8.3556e-08 0.00030604 0.0162121 -0.00116503 -0.000129093 0.00471191 -2.10243e-05 -4.08849e-05 0.0115216 -0.00119389 -0.107277 -0.00712259 -1.8794e-05 -0.111278 0.000479675 0.120753 6.67275e-07 0.202627 -4.81495e-06 -7.47578e-05 0.204957 -5.07203e-05 0.19597 -0.0014986 -0.00011 0.0497659 0.00308588 0.0640643 -0.000336799 0.106905 2.75745e-05 -0.122857 -0.000895712 
-3.67992e-06 -3.42609e-05 -9.18105e-05 5.68792e-06 0.0063859 -0.00264688 -4.96526e-05 -2.31344e-05 -1.38015e-05 -0.000185963 -4.24894e-05 3.14069e-07 0.00208661 0.00106852 0.000224599 3.45522e-05 0.0014106 0.0025791 -0.000541992 -0.00212289 -0.0026499 -0.000359609 -0.0026633 0.00890717 -4.09643e-05 0.00132429 -0.000350186 0.00369724 5.9363e-06 -0.00150185 -0.000631349 0.00301641 -0.00672506 0.00583506 -0.000962372 0.00272966 -6.6583e-07 0.00396134 -1.46263e-05 -8.37363e-05 -0.00329611 -0.00474698 -9.15313e-06 8.65526e-05 0.00172707 -0.000930101 -0.000199023 -3.39798e-08 0.000298598 2.80383e-07 0.00416746 0.00359337 -3.46982e-06 2.17037e-06 -3.33349e-06 -6.80262e-05 -0.00128943 -6.96971e-05 0.00214338 -0.00509947 0.00211035 -0.00256102 -4.21559e-06 0.00353298 -0.00224755 0.0027169 3.69617e-05 1.25686e-07 -1.22545e-06 -0.000176336 -4.20829e-05 3.86506e-05 -6.58863e-06 -5.79821e-07 5.10864e-06 -0.000145186 -1.84916e-05 0.00109845 0.000357844 5.293e-05 0.000966422 -6.439e-06 -0.00161941 2.46166e-07 -0.00273418 -1.59578e-07 0.000193204 -0.0026695 1.51217e-06 -0.00255289 0.000230678 -2.90392e-06 -0.00646936 -6.01697e-05 -0.000825972 0.000655004 -0.0047606 -4.66735e-07 -0.00290383 -2.50782e-05 
1.5131e-05 -6.16836e-05 4.25692e-05 0.000117911 0.00669192 -0.00535013 0.00103365 6.19168e-05 9.94029e-05 3.8279e-06 -3.47782e-05 1.27807e-06 -0.00016025 0.00191239 0.0107706 0.000651013 -0.00307139 -8.68807e-05 0.00396492 0.00765253 -0.00415977 -0.000436234 -0.00535135 -4.09643e-05 0.0174351 6.29047e-05 -0.00406973 0.0018166 -4.41165e-06 -0.000727338 -0.000850155 0.00187225 -0.00931031 -0.00154342 0.00643994 0.00508797 -4.41589e-06 0.0111874 0.000155255 0.00574187 -0.00655274 0.00304149 -2.31489e-05 -3.53744e-06 -0.00508306 0.00742177 0.000190028 6.01464e-08 -5.31598e-05 -1.89927e-08 0.00369027 -0.000173084 5.37258e-05 -6.66222e-06 5.20888e-05 0.00062676 0.000164625 0.00143889 0.00289637 -0.00385379 -0.00134261 -0.00508822 0.000369215 -2.45545e-05 -0.00581266 -0.00255239 0.00296093 -8.52008e-09 -6.14403e-06 -0.000433912 0.00124262 0.000247176 0.00311161 -6.53238e-07 1.14497e-05 -0.000248091 -3.63666e-05 -0.00316579 0.00726072 9.97023e-06 -0.0028441 6.26578e-06 -0.00328007 6.94305e-08 -0.00447373 1.22902e-06 -5.43552e-06 -0.00534205 -7.39814e-07 -0.00491147 -9.00664e-05 5.61767e-06 -0.0130999 -0.000123654 -0.00164393 8.77606e-05 -0.00922046 -8.3133e-07 -0.0029314 -1.74016e-05 
-0.000365807 -0.00082455 -0.00159767 7.48396e-06 0.039681 -0.139796 -0.0386559 -0.0014262 1.60111e-05 0.00280607 -0.00324892 -1.40832e-05 0.0920678 -0.0300083 -0.00156882 -2.7012e-05 -0.0397241 0.0351584 -0.00128825 0.0374165 -0.132322 -0.0186365 -0.143594 0.00132429 6.29047e-05 0.24569 0.00369021 -0.0324926 0.000154892 0.132298 0.0249261 -0.0298914 -0.0234536 0.0260234 0.0273052 0.146469 -1.90327e-05 0.00845847 -0.000897928 -0.00512641 0.136672 0.1054 -0.00123017 -0.000172673 -0.042441 0.0275015 -0.00563871 -3.60698e-06 -0.0016934 1.47508e-08 0.00166753 0.00123798 -0.000203489 -0.00015085 -8.29364e-05 -0.00311001 0.136115 -0.00131263 0.000593166 0.147581 0.0981703 -0.138526 -0.000483888 0.00220926 -0.158743 0.0154477 -0.00170535 -3.4847e-08 -0.00023083 -0.000975473 -0.00112645 -0.000683525 -0.0080459 2.85606e-05 -0.000142923 -0.0109802 -0.00260716 0.0548636 -0.00446172 -2.06632e-05 0.0531905 -0.00037646 -0.0918134 -5.73731e-07 -0.144883 -7.73081e-06 -0.000158432 -0.140701 6.26032e-05 -0.134008 0.00111016 8.36894e-05 -0.0209179 -0.00223702 -0.0513472 0.000172682 -0.104294 -1.07127e-05 0.11421 0.000634111 
-8.95293e-05 -0.00021479 -8.60423e-05 -1.21586e-05 -0.00325215 0.00157503 -0.000347208 -0.00139326 1.00511e-06 0.000139203 -0.00144076 -4.21371e-06 0.00114839 -0.0018506 -0.00544336 -0.00013618 0.0018011 0.000503434 -0.000960345 -0.000188519 -0.000348049 -0.000537005 0.00198308 -0.000350186 -0.00406973 0.00369021 0.00734812 -0.00294854 1.83152e-06 0.00438202 0.000467204 -0.00323317 0.00394282 -0.000215239 -0.0040629 -7.9887e-05 -8.00733e-05 -0.0049556 -0.000550754 -0.00569295 0.00399195 0.00271119 -1.71699e-05 -0.000149066 0.000963813 -0.00458008 -0.000939512 -2.74946e-06 -0.000160213 -1.85412e-07 -0.00344491 -0.000230241 -0.00013953 -5.34053e-05 -0.000134367 6.41135e-05 -0.000359435 -0.000490321 6.13423e-05 0.00319687 0.00270148 0.00105301 -0.000583358 -0.000278384 0.00223462 0.000958388 -0.00314039 3.5534e-09 1.92185e-06 0.000153216 -0.00150175 -0.000160761 6.82628e-06 -1.6187e-06 -1.83002e-05 -0.0010915 -0.000126018 0.00240824 -0.00324907 -1.78975e-06 0.00152143 -5.99247e-05 0.000838745 -9.19374e-09 0.000517671 -1.23678e-05 -8.20727e-05 0.00204283 -1.28094e-06 0.00192582 1.60309e-05 -4.05001e-05 0.00556557 -0.000100015 0.000602169 -0.000314622 0.00149357 1.58154e-07 0.00223773 -0.000244023 
-5.49868e-05 0.000598227 0.00332156 -9.4416e-06 0.0320291 -0.0023138 0.000906248 -8.43982e-05 -0.000135056 -0.00172615 -0.000225458 2.82025e-06 -0.0182393 0.034858 0.00276374 0.000181571 0.0281698 0.000931488 -0.00544199 -0.0187577 -0.0101518 -0.00253738 -0.0022986 0.00369724 0.0018166 -0.0324926 -0.00294854 0.0801248 -2.98225e-05 0.00149016 -0.00625639 0.0232455 -0.04259 0.0200379 -0.00957594 0.00172671 -3.47633e-05 0.00107078 -0.000147952 0.0032923 -0.0111103 -0.0420462 0.000575961 4.76549e-05 0.0106233 -0.00109908 -0.00189085 -5.50132e-07 0.00217264 3.0601e-07 0.00260027 -0.000984852 1.97801e-05 -7.63632e-06 -6.75899e-05 0.00200177 0.00387736 0.000162262 -0.0008621 -0.0192034 -0.0148146 -0.00298397 -9.81401e-05 -0.000333391 0.0209687 0.0270275 0.00191582 1.77836e-07 0.000122911 -0.00166215 -7.48455e-05 0.00038628 0.00179645 -5.48673e-06 0.000202567 -0.00171796 0.00437354 -0.00229233 0.0072905 4.20405e-05 0.00607604 -3.68037e-05 -0.0154253 -1.57776e-07 -0.00279191 1.40798e-06 0.000144684 -0.00337871 -1.44007e-05 -0.0027131 2.22432e-05 -3.412e-05 -0.0168209 -0.000592652 -0.00804477 0.00011666 -0.00439593 -2.46104e-06 -0.0210136 -0.000261011 
6.55122e-08 -1.55694e-06 -3.51875e-06 -9.72743e-08 -5.86371e-05 -5.01606e-05 -3.06258e-05 -9.31252e-07 -6.97911e-07 -3.00374e-06 -1.73805e-06 -1.15302e-08 0.000215644 -2.19047e-05 -7.10659e-06 -6.97308e-07 -0.000102743 -6.04476e-05 -6.73314e-06 -9.07892e-05 -4.05333e-05 -1.52919e-05 2.30343e-05 5.9363e-06 -4.41165e-06 0.000154892 1.83152e-06 -2.98225e-05 0.000394488 -4.624e-05 0.000152799 -5.74749e-06 6.20337e-05 -5.12848e-05 -7.95888e-05 2.983e-05 -1.4992e-07 -1.5084e-05 -2.8089e-07 -7.79285e-06 5.17558e-05 5.18208e-05 -6.12934e-07 6.37104e-07 7.56353e-05 7.2983e-05 9.55859e-06 -2.51651e-09 -1.29373e-07 -4.22268e-10 -5.53236e-06 -3.5094e-06 -1.60988e-07 4.22009e-07 4.16786e-06 5.60428e-05 -5.79394e-05 1.78993e-05 -9.36846e-07 5.86244e-05 -1.7578e-05 -4.03718e-05 -6.16714e-07 -1.02728e-06 -7.50194e-05 4.80774e-06 -1.53144e-06 -1.89429e-10 -1.80994e-07 5.21673e-05 -1.50343e-06 -7.18081e-07 -6.56875e-06 -2.86787e-08 -1.09098e-07 -7.1481e-06 -1.95778e-06 -9.01481e-05 -7.6203e-06 -8.21095e-08 -0.000151753 -2.36321e-07 -5.46436e-05 -7.53769e-10 -3.28457e-05 -8.47036e-09 1.03344e-06 1.31896e-05 -9.1819e-08 -3.4211e-05 -2.05103e-06 3.98832e-07 1.58159e-05 7.32839e-06 -3.68864e-05 -4.52507e-07 -0.00011804 -2.12252e-08 -4.37582e-05 -1.17973e-06 
-0.000400176 -0.000866962 -0.00188176 -0.00013389 0.0259597 -0.177152 -0.0474235 -0.00160479 0.00022038 0.00836279 -0.00353279 3.06323e-06 0.0391854 0.0188225 -0.00592196 -0.000235035 0.00401552 0.0608157 0.0148326 0.0817409 -0.184087 -0.0223409 -0.186255 -0.00150185 -0.000727338 0.132298 0.00438202 0.00149016 -4.624e-05 0.231829 0.0178331 -0.0203613 -0.0565014 0.00618054 0.0657429 0.188768 1.77272e-05 -0.00249439 -0.000902826 -0.00235297 0.184202 0.110106 -0.000314798 -0.000175701 -0.0872677 -0.000835734 -0.00587022 -4.04792e-06 9.55929e-05 -7.59039e-08 -0.00832437 -0.00632709 -0.000166347 -0.000198391 -0.000333811 0.000605613 0.184926 -0.00531408 -0.007794 0.183293 0.110726 -0.181056 -0.000115589 -0.00316304 -0.173975 0.0189303 -0.00189866 -1.84705e-07 -0.00015194 -0.0154429 -0.00153876 -2.0959e-05 -0.00236988 2.00223e-05 3.4328e-05 -0.0124226 0.000831488 0.123224 0.00075987 -0.000102693 0.132055 -0.000467046 -0.114076 -3.15803e-07 -0.186203 -1.21949e-05 -0.000120713 -0.183868 6.88751e-05 -0.174926 0.00183178 7.66136e-05 -0.0198263 -0.00406332 -0.0592852 -0.000554078 -0.117436 -3.15417e-05 0.138216 0.000277408 
4.32878e-05 -0.000294437 -0.000409855 -1.81821e-05 -0.00858931 -0.0220315 -0.00654593 -0.000178986 -5.39605e-05 -0.00141623 -0.00049409 -1.1985e-06 0.0462398 -0.00329 -0.00133182 -0.000118655 -0.0187268 0.0149355 -0.00382291 -0.00886959 -0.0209165 -0.0029046 -0.0218231 -0.000631349 -0.000850155 0.0249261 0.000467204 -0.00625639 0.000152799 0.0178331 0.0683237 -0.00150281 0.0123042 -0.00455056 0.024065 0.0224649 -2.88005e-05 -0.00237892 -0.000131328 -0.000579233 0.0250254 0.0196604 -0.000158177 -6.1873e-06 -0.012087 0.0156445 -0.000435128 -4.70375e-07 -0.000211197 -7.89286e-08 -0.00105654 -0.000819004 -2.63012e-05 -1.9939e-05 0.000198568 3.97731e-05 0.0228594 -0.000458144 -0.00151319 0.0259264 -0.00684326 -0.0213802 -9.70769e-05 -0.000376212 -0.0238736 -0.00963329 -0.000218746 -3.54072e-08 -3.36373e-05 -0.00180859 -0.000230323 -0.000127113 -0.00163254 4.02095e-05 -2.03121e-05 -0.0014357 -0.00036544 -0.022796 -0.00083563 -1.38009e-05 -0.0185643 -5.78792e-05 -0.0136316 -1.00891e-07 -0.022919 -1.26991e-06 -1.12419e-05 -0.0219147 2.54759e-06 -0.0210796 -0.000301073 2.11784e-05 -0.00901443 -0.00050705 -0.00689517 -3.28773e-05 -0.0115482 -3.75733e-06 0.0327025 -0.00013429 
-4.63456e-05 -0.000222792 0.00312792 -2.44649e-06 -0.00138335 0.0129118 -0.00338654 0.000151818 -8.60022e-05 -0.00160478 5.77147e-06 1.5394e-05 -0.0105856 0.0157602 0.00209206 -7.21425e-05 0.0149577 0.00744908 -0.00401475 -0.0162835 0.00811896 0.00357386 0.0125049 0.00301641 0.00187225 -0.0298914 -0.00323317 0.0232455 -5.74749e-06 -0.0203613 -0.00150281 0.0648292 -0.00966197 -0.00503445 -0.00352295 -0.0132425 7.21306e-05 0.00170369 0.000262904 0.00421898 -0.0175551 -0.0410585 0.000111148 0.000236232 -0.00412649 0.00152501 -0.00140628 1.57231e-06 0.00277905 2.65437e-07 0.00287874 0.00017829 -1.59869e-05 -2.20712e-05 -3.11388e-05 -0.000467272 -0.012335 0.00236488 -0.000263253 -0.0273257 -0.0136747 0.0137841 -5.82281e-05 0.000691222 0.0178522 -0.00116863 0.0015092 -3.34489e-08 -2.20195e-05 -0.00128756 -0.000321688 0.000719512 -0.00149952 -3.52069e-06 5.46757e-05 -0.00076575 -0.000294264 -0.00494192 0.00695113 -5.29205e-06 0.00120313 -2.94347e-05 0.0039022 -1.33099e-07 0.0136824 1.39077e-05 0.000216583 0.0119521 -1.18332e-05 0.0123115 6.41985e-07 3.08646e-05 -0.00696005 -0.000418731 0.000430463 0.000306581 -0.0027044 -2.06791e-06 -0.0129795 0.000322572 
-0.000152518 -0.00238653 0.00199334 -2.51686e-05 -0.0593795 0.0642376 0.011722 -0.000417458 0.000250572 0.00157374 -0.000690512 -1.95542e-05 0.0249617 -0.0424009 -0.0101036 -0.00107901 -0.0273948 -0.0694389 0.00289196 -0.0373807 0.054712 0.00853327 0.0612827 -0.00672506 -0.00931031 -0.0234536 0.00394282 -0.04259 6.20337e-05 -0.0565014 0.0123042 -0.00966197 0.169958 -0.0356023 -0.0373788 -0.0604422 5.06823e-05 -0.0240113 -0.000875928 -0.0127683 -0.0330195 0.0035243 -0.000540544 -2.4151e-05 0.00855862 0.0189891 -0.000915284 -4.94907e-06 -0.00204262 -7.27721e-07 -0.0102152 -0.00551115 -6.62013e-05 -5.22836e-06 -0.000330284 -0.0014378 -0.0511398 0.00125792 -0.00573113 -0.0334687 0.00420881 0.0608001 -0.00103421 -0.0039135 0.0403182 -0.0337944 -0.00299624 -1.32467e-07 -4.7e-05 0.00370325 -0.0015316 -0.000788562 -0.0044736 -1.62713e-05 -0.000156188 0.00334877 -0.00382367 -0.0281811 -0.0154033 -0.0001315 -0.061048 0.000137439 0.0372655 -4.92038e-07 0.0626523 1.67266e-06 -0.000156588 0.0620371 -0.000151963 0.0578883 -0.000205805 -0.000133679 0.0274226 0.00135302 0.0195773 -0.000819308 0.0594263 1.09688e-05 -0.0179955 0.000488589 
