0.0404637 -0.0158757 -0.00450029 -7.32595e-06 -0.00168115 -0.00407382 -0.00077654 -0.000698989 -0.00270486 -0.0153597 -0.00206941 -2.58066e-05 0.00678085 9.04561e-07 0.0265932 -0.000694644 -9.798e-05 0.0272338 -0.00301539 -0.0041358 -0.0102879 0.0167278 -0.015343 -0.0156549 -0.00477178 -0.0174496 -0.00251684 0.0147809 -0.0179972 -0.000497427 -0.00316209 0.0179511 -0.0156288 -0.000325715 -0.0155749 -0.000148141 0.0227359 -2.08584e-05 0.032536 -0.000370694 -0.0162836 -0.0126627 -0.000129422 -1.92363e-06 -0.000203362 -4.76464e-05 -0.0214866 -0.000848601 -0.000512556 -0.00654351 -0.000177726 -0.0149684 0.00058468 -2.53166e-05 -6.88524e-06 0.0345801 -0.00100709 -0.00217892 -1.01439e-05 -0.00264516 0.0154634 0.0168347 -0.0065678 0.0256713 0.0212746 4.89025e-06 -6.03023e-06 -2.7496e-05 0.00133141 5.80088e-06 -0.000195738 -0.000299379 0.000823877 -0.00379794 7.75573e-07 -0.000121535 0.0020795 7.84878e-06 -0.0119449 -0.000501333 -0.0157889 -9.18638e-05 -0.0152781 -0.000374723 5.48953e-06 0.031512 1.90558e-05 -0.0158626 -0.00195758 -0.000131098 -8.18231e-05 -0.000116041 0.00546697 -0.000128802 0.000352616 -1.01115e-06 -0.000643332 -0.00481977 -0.012395 -0.0154835 
-0.0158757 0.24408 0.022429 3.60033e-05 0.0368055 0.0588863 -0.00766303 -0.00705829 0.00448298 -0.156217 0.024663 -0.000194348 0.157401 -0.000227085 0.0552877 0.00800881 -0.000871236 0.0778849 -0.0295888 0.0526058 -0.0811771 0.149025 -0.153283 0.204125 0.0135277 -0.174751 -0.00997452 -0.00468724 -0.171292 -0.00496973 0.0194282 0.126991 -0.157672 0.004327 -0.157009 0.00150479 0.0784313 -0.000212881 -0.0582689 0.00365371 -0.166627 0.167901 0.00108025 -1.3928e-05 -0.00209049 0.000356803 -0.0926611 0.00897573 -0.0036585 0.146382 0.00344787 -0.14965 -0.000637091 -0.000146827 -4.71482e-05 -0.0230756 0.0131434 -0.0218162 -9.25459e-05 0.035845 0.155712 0.176045 0.0143462 -0.0122446 0.124473 -4.7582e-06 0.00041736 -0.000271421 -0.0014332 -4.11529e-06 -0.00194808 0.00240651 -0.000269904 0.0229703 -3.65567e-06 0.00163122 -0.00374299 -4.87024e-07 -0.119553 0.0069489 -0.15187 0.000635452 -0.152996 0.00406596 -0.000196769 -0.055885 -6.49681e-06 -0.159962 -0.0194429 -0.0014215 -0.00152174 -0.00197542 -0.00239134 0.00149598 0.118676 -9.94182e-06 0.00988118 0.0366562 0.0965793 -0.154993 
-0.00450029 0.022429 0.157674 4.31151e-05 -0.010327 0.00790787 -0.00348851 -0.00316543 0.0245227 -0.07163 -0.00771143 -0.000119425 0.0737683 0.000264214 -0.0229186 0.0089875 -0.000452577 -0.0270634 -0.0138726 0.00282791 -0.0418108 0.0695468 -0.0702785 0.0028731 0.0775513 -0.0367932 0.0645394 0.00131445 -0.0330876 -0.00229055 0.0522258 0.0766269 -0.0710002 0.00154092 -0.0718943 5.01911e-05 0.0720803 -0.000102504 0.0402698 0.00226986 -0.0451712 0.015069 0.000606875 2.56914e-05 -0.000970091 -0.000171926 -0.084265 -0.00217707 0.00667303 -0.0531214 -0.0010993 -0.069002 -4.65526e-05 0.000370375 9.48524e-05 0.0191009 -0.00317667 -0.0100658 -4.12786e-05 0.0252372 0.071662 0.0426942 0.0716089 -0.00742816 -0.0321627 -2.30685e-06 -0.000102673 -0.000112553 -0.000835187 4.0648e-05 -0.000888683 -0.000846068 -0.000100461 0.047728 -2.04712e-06 -0.000559069 0.00384455 -1.61743e-06 -0.053845 -0.00155438 -0.0718847 0.00104016 -0.0704884 0.00532979 5.30137e-05 0.0370328 -4.74787e-06 -0.0676384 -0.00904692 0.00159007 0.0126053 -0.000939853 0.0070938 0.0012191 -0.0415144 5.43218e-06 -0.00274504 0.0411994 0.0245711 -0.0712912 
-7.32595e-06 3.60033e-05 4.31151e-05 0.000176289 1.84867e-05 -1.0181e-06 6.49087e-07 -5.01492e-07 5.01685e-05 -1.63429e-05 -8.21474e-06 5.36876e-06 -1.61987e-05 -1.02299e-07 -5.49134e-05 -2.90218e-06 3.27112e-05 -1.30927e-05 -6.29661e-06 -1.53207e-05 -3.48797e-05 -4.12957e-05 -1.53771e-05 4.59565e-05 -1.6245e-05 -2.85474e-05 -1.33674e-05 -4.82899e-06 -2.42039e-05 -7.85956e-07 3.47208e-05 -7.40387e-06 -3.16509e-05 1.37664e-06 -1.56124e-05 3.10876e-07 7.12706e-06 4.38988e-08 -3.26269e-05 1.01485e-05 -3.39286e-05 5.88709e-05 -5.44386e-07 -1.28831e-08 -7.78692e-07 -2.28937e-07 -2.75113e-05 -3.31387e-07 -1.21009e-06 -1.36768e-05 7.22916e-07 -1.69414e-05 7.36706e-07 -1.29277e-07 -2.96529e-08 -1.58e-05 2.62227e-05 -5.27347e-06 -4.23344e-08 -8.19658e-06 -1.41882e-05 2.16087e-05 3.57404e-05 1.22343e-05 -6.67648e-05 -2.28041e-09 -8.58988e-08 2.11915e-07 -6.95826e-07 9.30312e-07 -3.35584e-08 2.95364e-05 3.17424e-07 5.23375e-05 -9.71464e-09 4.83016e-06 -2.34944e-06 2.9767e-08 -2.51402e-05 -5.82851e-08 -1.47593e-05 3.30331e-08 -1.96296e-05 -1.84353e-06 -1.20437e-07 -2.47782e-05 -8.79543e-09 -1.3657e-05 -4.64663e-06 -4.21353e-07 4.09352e-05 3.35284e-05 -4.4659e-06 -4.03331e-07 -5.10271e-05 -4.21993e-09 2.36335e-05 3.11621e-06 -9.6751e-06 -1.95925e-05 
-0.00168115 0.0368055 -0.010327 1.84867e-05 0.0616089 0.0220086 -0.00120698 -0.00110533 -0.00152431 -0.0243565 -0.00202266 -3.94079e-05 0.0249529 -3.55689e-05 -0.000727056 -0.00107508 -9.89579e-05 0.033925 -0.00432088 0.0173617 -0.015164 0.0255324 -0.0238885 0.0315017 -0.00583014 -0.0277282 -0.0078213 -0.00355583 -0.028162 -0.000776188 -0.00259586 0.00690131 -0.0245785 0.00288016 -0.0244838 -2.96883e-05 0.00838018 -3.44369e-05 -0.0109079 -0.00022993 -0.0260676 0.0306984 -0.000117373 -1.58278e-06 -0.000325553 -8.28664e-05 -0.00862624 -0.00113333 -0.000791613 0.0314913 0.00104521 -0.0232509 -5.22938e-06 -4.72847e-05 -1.09795e-05 -0.00085918 0.00992281 -0.00340055 -1.58002e-05 -0.00312775 0.0241986 0.0274811 -0.00564987 -0.00366786 0.0309025 -7.03077e-07 -4.39487e-05 -4.2244e-05 -0.00028389 0.000124582 -0.000305181 0.000183445 0.000150443 -0.00600032 4.96918e-06 0.000999814 -0.000857163 -1.02414e-06 -0.0186905 -0.000873906 -0.023097 -0.00010573 -0.023855 -0.000497446 -5.20766e-05 -0.00828618 -2.74028e-06 -0.0249797 -0.00304973 -0.000222413 -0.00106934 -0.000226589 -0.00165997 0.00140175 0.00463992 -1.42863e-06 0.0072047 0.0010642 -0.00353707 -0.0241604 
-0.00407382 0.0588863 0.00790787 -1.0181e-06 0.0220086 0.0945472 -0.00193707 -0.0015475 0.0144046 -0.0390203 0.00427236 -5.52281e-05 0.0402297 -4.53003e-05 -0.0272753 0.00513155 -0.000219422 0.00469175 -0.00698793 0.0650875 -0.0141939 0.041178 -0.0379541 0.0598707 0.0114446 -0.0436731 -0.00572005 -0.00164655 -0.0440228 -0.00123945 -0.00589504 -0.000901746 -0.0392392 -0.000897028 -0.0392119 0.0027306 0.0010715 -5.50588e-05 -0.021221 0.0057989 -0.0416173 0.0670598 0.001383 2.57484e-05 -0.000521048 -0.000131622 -0.0112104 -0.00159359 -0.00121883 0.0178666 0.000493031 -0.0372345 -0.000172908 -6.02439e-05 -1.17138e-05 -0.00932092 0.017329 -0.00543669 -1.92746e-05 0.0327954 0.0388518 0.0434313 -0.0181782 -0.00285501 0.0236162 -1.36738e-06 5.25214e-05 -6.79206e-05 -0.000419286 0.000181889 -0.000483795 0.00333081 0.000275847 -0.00874874 1.35157e-06 0.00252577 -0.00134577 -1.99846e-06 -0.0299509 -5.28287e-05 -0.0344481 -0.000160461 -0.0382023 0.00345114 1.12411e-05 -0.0149064 -5.13917e-07 -0.039943 -0.00483855 -0.000356436 -0.00179598 -0.000425092 -0.000579684 8.66124e-06 0.0072981 -2.49702e-06 0.0069338 -0.0092306 -0.0149382 -0.0386687 
-0.00077654 -0.00766303 -0.00348851 6.49087e-07 -0.00120698 -0.00193707 0.018043 -0.000276445 -0.00077499 0.0101569 -0.000795185 6.71541e-05 -0.0106366 -8.36433e-06 -0.00580586 -0.000245107 1.70162e-05 -0.00647929 -0.000646281 -0.00118989 0.0127208 -0.0105057 0.0102141 -0.00773041 -0.00204395 0.00829843 -0.0019714 0.00564907 0.00990287 0.00264305 -0.0011971 -0.0101964 0.0101689 -0.00021542 0.0108719 2.21474e-06 -0.00827166 4.80589e-06 -0.00369591 -0.000100321 0.00761532 -0.00595799 3.5326e-05 -1.34303e-06 0.00154924 -2.31727e-05 0.00755392 0.000838698 -0.000115204 -0.00615234 -0.000126482 0.00464862 -2.97364e-05 7.42332e-05 -2.9579e-06 -0.00168665 -0.000366945 0.0021412 -8.3991e-07 -0.00120911 -0.0109461 -0.0102921 -0.000973739 -0.00166697 -0.00865452 2.85894e-06 -1.8516e-05 -5.23251e-06 3.71375e-05 -9.45719e-06 0.00158277 -2.68842e-05 -4.64848e-05 -0.00152935 -8.26057e-07 -4.99827e-05 -0.000240501 -3.71783e-07 -0.00469214 -0.000262312 0.0105737 -2.7766e-05 0.00589212 -0.000193962 -1.84475e-05 -0.00261856 3.93102e-07 0.0108043 -0.000849129 4.1856e-06 -0.000129337 9.36573e-06 -0.000585192 -6.61286e-05 -0.00572103 5.34342e-06 -0.000347601 -0.00226404 -0.00519587 0.00883398 
-0.000698989 -0.00705829 -0.00316543 -5.01492e-07 -0.00110533 -0.0015475 -0.000276445 0.0165323 -0.000838173 0.00960341 -0.000776242 -4.26763e-06 -0.00934314 9.20081e-06 -0.00489311 -0.000274564 -4.18822e-05 -0.00533705 -0.00100418 -0.00139466 0.000701598 -0.00949947 0.00807301 -0.0067403 -0.0021785 0.00888498 -0.00205906 -0.000898727 0.00871063 -0.000176063 -0.00126468 -0.00894075 0.00974399 -0.000185068 0.00954835 -5.5757e-05 -0.00723572 -7.40361e-06 -0.00258382 -0.000109658 0.00857707 -0.00516076 -5.17995e-05 1.20805e-06 -7.11454e-05 -2.18129e-05 0.00745405 -0.000327408 -0.000135238 -0.00523029 -0.000144677 0.00973968 -3.01755e-05 -9.77205e-06 -2.82789e-06 -0.00144267 -0.000327837 -0.000745599 -4.03729e-06 -0.00111366 -0.00948299 -0.00907449 -0.00345242 -0.000991922 -0.00730659 -2.17474e-07 -1.95883e-05 -2.27011e-06 -6.65949e-05 5.08456e-05 -7.71608e-05 -4.32793e-05 -4.22581e-05 -0.00203462 1.05688e-06 -4.38617e-05 -0.000232086 -3.40112e-07 0.00787728 -0.000212669 0.0093817 -3.65191e-05 0.00967401 -0.000167663 -1.43522e-05 -0.00224153 -7.18789e-07 0.00945347 -0.000681201 -5.61432e-05 -0.000340148 -7.63492e-05 -0.000524846 -5.13068e-05 -0.0049614 -9.10623e-09 -0.000292599 -0.00213221 -0.00452528 0.00968222 
-0.00270486 0.00448298 0.0245227 5.01685e-05 -0.00152431 0.0144046 -0.00077499 -0.000838173 0.0616325 -0.0175606 -0.00323084 7.72021e-05 0.0190978 0.000202245 -0.013629 0.00381746 -0.000150252 -0.0128521 -0.00195181 0.00938285 -0.00606898 0.019902 -0.0196951 0.00984738 0.0201423 -0.0062482 0.0217448 0.0022374 -0.00378899 -0.000729678 0.00196486 0.0117483 -0.0152342 -0.000720091 -0.0179127 0.000562756 0.00910848 -3.12445e-05 0.00761644 0.00115436 -0.00693978 0.0110579 6.077e-05 1.80019e-05 -0.000262264 -8.16617e-05 -0.0165553 9.79699e-06 0.00527622 -0.0123016 -0.000411938 -0.0187564 0.000260455 0.000341855 8.70792e-05 -0.00488091 0.000609614 -0.00303097 0.00019905 0.0138119 0.0183149 0.000654241 0.0179189 -0.0020706 -0.0158841 1.49657e-06 -5.61681e-05 -3.83617e-05 -0.000288943 0.000129874 -0.000212821 0.00384182 0.000379741 0.000823662 -1.21565e-06 -6.22783e-05 -0.00075206 -3.80259e-08 -0.0146702 -0.000193876 -0.0180665 -7.09494e-05 -0.0179684 -0.00013555 -4.10483e-05 0.0138135 -3.29164e-06 -0.0162783 -0.00302745 0.000863682 0.00133362 -0.000194698 -0.000944563 -4.8906e-05 -0.0156336 -9.7595e-07 0.000498756 -0.00540047 -0.0147408 -0.0183535 
-0.0153597 -0.156217 -0.07163 -1.63429e-05 -0.0243565 -0.0390203 0.0101569 0.00960341 -0.0175606 0.232909 -0.0184665 0.000233684 -0.221188 -9.93584e-05 -0.120871 -0.00573254 0.000169728 -0.129351 0.0436891 -0.0359811 0.12645 -0.220236 0.224581 -0.157616 -0.0476481 0.20844 -0.0459099 -0.0129711 0.21081 0.00479096 -0.0277778 -0.209474 0.228228 -0.00437352 0.228803 -0.00124203 -0.168993 0.000307612 -0.0644882 -0.0023651 0.213145 -0.120405 -0.00109046 -2.33779e-05 0.000816262 -0.000478642 0.163738 -0.00623943 -0.00450165 -0.127322 -0.00227874 0.221933 -0.000620922 -0.000216417 -6.18691e-05 -0.0355754 -0.00850595 0.0289466 -8.83615e-05 -0.0234695 -0.228236 -0.214378 -0.0603435 -0.0348943 -0.165065 -2.44588e-06 -0.000401535 0.000394218 -0.000218306 -0.000183535 0.000638664 -0.00144116 -0.00093111 -0.0453068 -1.36188e-05 -0.00105264 -0.00514639 -7.36242e-06 0.176297 -0.00520446 0.225838 -0.000359265 0.226766 -0.00301804 -0.000374332 -0.0521246 -1.3787e-05 0.227631 0.029042 -0.00075551 -0.00755449 0.00258301 -0.0116955 -0.0010288 -0.122744 1.20188e-05 -0.00668249 -0.0470531 -0.110444 0.229543 
-0.00206941 0.024663 -0.00771143 -8.21474e-06 -0.00202266 0.00427236 -0.000795185 -0.000776242 -0.00323084 -0.0184665 0.0476977 6.16717e-05 0.018404 -2.87101e-05 0.0199344 -0.000770675 -0.000129247 -0.0143946 -0.00358736 0.004793 -0.0120076 0.0194659 -0.0181478 0.0255041 -0.00634416 -0.0209321 -0.00546983 0.00363869 -0.0213689 -0.000587303 -0.00329929 0.0171855 -0.0186773 0.000480959 -0.0185574 -0.000151977 -0.0113777 -2.07023e-05 -0.00914871 -0.000286903 -0.0197904 0.0154481 -0.000140886 1.42728e-06 -0.000248042 2.05505e-05 -0.0225642 0.00196629 -0.000588667 0.0292229 5.63106e-05 -0.0177449 -9.90275e-05 1.52691e-05 -2.63245e-06 -0.00490441 -0.000904402 -0.00258704 -1.20578e-05 -0.00328392 0.0184271 0.0209013 0.00899436 -0.0045893 0.0253735 -6.49508e-07 0.000496303 -3.1207e-05 0.00026126 -2.29611e-05 -0.000231375 2.29611e-06 -0.000116274 -0.00146737 -2.32694e-06 -1.89102e-05 0.000108799 2.57422e-06 -0.0141857 -0.000575307 -0.0177052 -0.00010871 -0.0181148 -0.00056565 0.000284205 -0.00709247 -2.48846e-06 -0.0189475 -0.00232275 -0.000168056 -0.000772436 -0.000244937 -0.00153719 -0.000114784 0.0320227 -1.20193e-06 -0.000579543 0.00721617 0.0341797 -0.0183441 
-2.58066e-05 -0.000194348 -0.000119425 5.36876e-06 -3.94079e-05 -5.52281e-05 6.71541e-05 -4.26763e-06 7.72021e-05 0.000233684 6.16717e-05 0.000611635 -0.000298669 2.8492e-07 -5.7886e-05 -8.90351e-06 -1.58268e-06 -0.000207941 -3.82813e-05 7.99425e-06 3.8973e-05 -0.000215792 0.000164404 -0.000140448 -7.91147e-05 0.000146201 -7.38184e-05 0.000190111 0.000150235 7.18765e-06 -4.35493e-05 -0.000242975 0.000130522 -6.28903e-06 0.000217065 -1.66899e-06 -0.000268152 4.21334e-07 -0.000102245 -2.89072e-06 0.000175742 -0.000146654 -5.12906e-07 -4.47175e-08 -2.67682e-06 1.01202e-06 0.000147589 0.000146958 -5.22929e-06 -8.80369e-05 -5.36996e-06 1.62606e-05 1.06448e-06 6.87461e-06 -5.29258e-08 -5.89202e-05 -1.40167e-05 -1.25203e-05 -1.46944e-07 -3.97815e-05 -0.000188392 -0.000215687 -7.47923e-05 -3.02822e-05 6.41692e-06 2.08542e-06 -6.61152e-07 1.38362e-07 9.07845e-06 -2.02878e-07 -4.22113e-07 3.76591e-05 -1.54776e-06 -6.61431e-05 1.62803e-08 -4.39666e-07 2.64517e-05 -1.23789e-08 -9.67846e-07 -7.98749e-06 0.000280531 -1.2416e-06 0.000168333 -5.48157e-06 -6.37869e-07 -8.66571e-05 -2.05291e-08 0.000182688 -2.11214e-05 3.01583e-06 -7.23388e-06 9.64598e-06 -1.94262e-05 -1.65852e-06 -2.80952e-05 2.15353e-07 -7.45816e-06 -7.75629e-05 -5.92473e-05 0.000174142 
0.00678085 0.157401 0.0737683 -1.61987e-05 0.0249529 0.0402297 -0.0106366 -0.00934314 0.0190978 -0.221188 0.018404 -0.000298669 0.236838 8.45367e-05 0.108855 0.00575811 -0.00146247 0.118025 -0.0427014 0.0372553 -0.125445 0.214681 -0.217762 0.157491 0.0495805 -0.199629 0.0476881 0.00707145 -0.20252 -0.00718123 0.0286869 0.20197 -0.22079 0.00452314 -0.22316 0.00121116 0.15985 -0.000318402 0.0574285 0.00233167 -0.203867 0.119157 0.00111283 2.49806e-05 -0.00303747 0.000423478 -0.158346 0.00588823 0.00469219 0.122435 0.000555006 -0.214388 0.000664662 0.000258941 6.38872e-05 0.0269492 0.00873944 -0.0305567 8.71106e-05 0.025022 0.223001 0.2061 0.0640478 0.0234677 0.156484 -3.66714e-06 0.000416852 -0.000358779 -0.000234419 0.000173828 -0.00277823 0.00114211 0.000401685 0.0462154 1.54206e-05 0.00103435 0.00434499 3.03611e-06 -0.17015 0.00514313 -0.219321 0.000352055 -0.218456 0.00379649 0.000249608 0.0451053 -1.40465e-06 -0.221118 -0.0280977 0.000830399 0.00784474 -0.0029587 0.0113693 0.00126765 0.114126 2.48752e-06 0.00593805 0.0474287 0.110014 -0.220227 
9.04561e-07 -0.000227085 0.000264214 -1.02299e-07 -3.55689e-05 -4.53003e-05 -8.36433e-06 9.20081e-06 0.000202245 -9.93584e-05 -2.87101e-05 2.8492e-07 8.45367e-05 0.00057985 -0.000134865 2.93627e-07 -6.8986e-07 -0.000139831 -4.02372e-05 -3.82247e-05 -7.39972e-05 0.000113653 -9.95685e-05 -0.000227302 0.000291863 0.000255066 0.000316243 7.65349e-05 0.000245576 -5.821e-06 -4.17138e-05 7.96934e-05 -6.27577e-05 -3.8588e-06 -0.000106532 1.15994e-05 -0.000176845 -1.61922e-07 0.00033185 -3.57204e-06 0.000255504 -0.000170014 1.76453e-05 -2.39231e-09 -2.55943e-06 -7.53324e-07 -0.000188259 -1.08187e-05 -4.14215e-06 -0.000184681 -2.60406e-06 -0.000113844 -9.20271e-07 -4.25391e-07 -9.75739e-08 -1.92682e-05 -6.10823e-06 -2.47557e-05 4.97364e-07 -1.92835e-05 0.000103126 -0.000261966 0.0002714 -2.0241e-05 -0.000187058 1.0583e-07 -6.99454e-07 -7.75932e-08 5.1569e-06 -3.06089e-07 -1.71134e-06 -3.94012e-06 5.79388e-07 -6.43095e-05 2.80336e-08 -1.67765e-06 -7.73051e-06 -1.17352e-08 -0.00013478 -6.8151e-06 -0.000102315 -1.26236e-06 -0.000111564 4.99665e-06 -6.04701e-07 0.000333645 -2.89416e-08 -8.08206e-05 -2.41535e-05 3.20132e-05 -9.97267e-06 -1.57517e-06 -1.66426e-05 -1.85212e-08 -0.000172572 1.82781e-07 -7.28602e-06 -6.03214e-05 -0.000162482 -9.65416e-05 
0.0265932 0.0552877 -0.0229186 -5.49134e-05 -0.000727056 -0.0272753 -0.00580586 -0.00489311 -0.013629 -0.120871 0.0199344 -5.7886e-05 0.108855 -0.000134865 0.220521 -0.005368 -0.000754868 0.143457 -0.0233668 -0.0232908 -0.0775407 0.116396 -0.119197 0.0872606 -0.0417061 -0.136831 -0.0220788 0.0119567 -0.139997 -0.00386418 -0.0126441 0.133714 -0.122476 0.00548672 -0.121724 -0.00110354 0.103556 -0.000159109 0.0656628 -0.00290833 -0.12921 0.0339502 -0.000976901 1.54285e-05 -0.00161735 0.000803167 -0.0804724 0.00488022 -0.00398283 0.126702 0.000441561 -0.116225 0.000434797 -0.000152822 2.41801e-05 0.040962 -0.00734506 -0.0169301 -7.86527e-05 -0.0200101 0.120777 0.136242 -0.00222062 0.0527096 0.158865 6.43392e-06 0.000391966 -0.000208469 0.000880159 4.18028e-05 -0.00152042 -0.00098082 0.000654777 -0.00706556 9.91148e-06 -0.000826352 0.00747239 1.17495e-05 -0.0927371 0.0017288 -0.122929 -0.00070486 -0.118689 -0.00343989 0.00056314 0.034304 1.80997e-05 -0.124216 -0.0151487 -0.00109959 0.00197878 -0.00149751 0.00203849 -0.000896521 0.132898 -5.44077e-06 0.00228681 -0.000476266 0.0825802 -0.120313 
-0.000694644 0.00800881 0.0089875 -2.90218e-06 -0.00107508 0.00513155 -0.000245107 -0.000274564 0.00381746 -0.00573254 -0.000770675 -8.90351e-06 0.00575811 2.93627e-07 -0.005368 0.0161888 3.75057e-05 -0.00519849 -0.00110731 0.00471172 0.00514435 0.00546367 -0.00534211 0.00643058 0.00971508 -0.00451566 0.00895334 0.00198186 0.00164586 0.000183577 -0.000673771 0.00335936 -0.00552656 -0.000157533 -0.00548608 9.32406e-05 -0.00462695 -8.01e-06 -0.00181367 1.26232e-05 -0.00521383 0.000662894 0.000258441 -6.26564e-08 0.000186159 -2.12916e-05 -0.00603776 0.000380326 -0.000199369 -0.00477963 -0.000125056 -0.00579293 -3.48698e-05 -1.07782e-05 1.02186e-06 -0.00161899 -0.000209421 -0.000533951 -9.45311e-07 0.00932384 0.00544837 0.00505551 0.00595484 -0.00155741 -0.00665017 -1.29546e-07 -1.98233e-05 -9.54553e-06 -6.62874e-05 -8.39698e-06 0.000121759 0.00068643 -3.38596e-05 -0.00164694 1.07646e-06 -3.80043e-05 -0.000122043 -3.32925e-07 -0.00465089 -0.000196904 -0.00566795 0.000101321 -0.00572264 0.000382344 -1.54185e-05 -0.00160548 -5.67732e-07 -0.00555438 -0.000762261 1.36851e-06 -0.00014182 -7.72763e-05 -0.000161632 0.00022282 -0.00417501 -3.93936e-07 -0.000247045 -0.00187584 -0.00444903 -0.00574888 
-9.798e-05 -0.000871236 -0.000452577 3.27112e-05 -9.89579e-05 -0.000219422 1.70162e-05 -4.18822e-05 -0.000150252 0.000169728 -0.000129247 -1.58268e-06 -0.00146247 -6.8986e-07 -0.000754868 3.75057e-05 0.0025956 -0.000727017 -0.000104697 -0.000245928 0.00136535 -0.00140044 0.00127507 -0.000868985 -0.000329085 0.000481793 -0.000283789 0.00055643 0.00121461 0.00111526 -0.000192158 -0.00133033 0.00129275 -1.67667e-05 0.00134174 -7.94121e-06 -0.00111248 5.03414e-06 -0.000475076 3.62653e-05 0.00086643 -0.000681798 -2.32812e-06 -1.90147e-07 0.000972923 -3.16563e-06 0.0010351 3.04985e-06 -3.12508e-05 -0.000662882 1.1806e-05 0.000202239 -5.60797e-06 -1.78138e-06 -4.37658e-07 -0.0002371 4.09424e-05 0.00114894 3.31838e-07 -0.000122141 -0.00144499 -0.00124628 -0.000486542 -5.49355e-05 -0.00104167 -3.0324e-08 -2.994e-06 -3.6699e-07 -4.11612e-06 2.16373e-06 0.00105299 0.00010611 -3.98133e-06 -0.000237877 -8.67152e-08 2.77117e-05 -3.59023e-05 -4.26373e-08 -0.00039405 -3.62167e-05 0.00131468 1.78378e-05 0.000215059 -2.57054e-05 -2.62233e-06 -0.000333056 8.01851e-08 0.00133779 -8.60702e-05 9.1028e-06 -5.08103e-05 0.00017832 -7.75638e-05 -7.91885e-06 -0.000685946 -6.22834e-08 1.83083e-05 -0.000327848 -0.000615268 0.000228712 
0.0272338 0.0778849 -0.0270634 -1.30927e-05 0.033925 0.00469175 -0.00647929 -0.00533705 -0.0128521 -0.129351 -0.0143946 -0.000207941 0.118025 -0.000139831 0.143457 -0.00519849 -0.000727017 0.228732 -0.0245524 -0.00795649 -0.0834895 0.117462 -0.127995 0.106539 -0.0349306 -0.144557 -0.0224358 9.33314e-06 -0.150079 -0.00414766 -0.0170459 0.129978 -0.130416 0.00454137 -0.130254 -0.000704633 0.130505 -0.00018008 0.0608829 -0.00289316 -0.137743 0.0799105 -0.00109061 4.09149e-07 -0.00173897 0.000681502 -0.0692159 -0.00589455 -0.00388692 0.118327 0.00427946 -0.124401 0.000511054 -0.000167521 -4.9482e-05 0.0389172 0.00472356 -0.0182557 -8.33812e-05 0.00101573 0.129278 0.14482 -0.0390867 0.0504304 0.170272 3.25949e-06 -0.000132584 -0.000228567 0.000608104 0.000179978 -0.00163761 -0.00116061 0.00133329 -0.00888691 2.12068e-05 -0.000514828 0.00596319 7.18646e-06 -0.0993968 0.00719732 -0.125227 -0.000213861 -0.127071 -0.000963305 6.7879e-05 0.0360989 1.84765e-05 -0.133032 -0.0163996 -0.00113923 -0.0018951 -0.00151715 0.00593057 0.000252476 0.104183 -6.02297e-06 0.00901017 0.00145915 0.0339551 -0.128885 
-0.00301539 -0.0295888 -0.0138726 -6.29661e-06 -0.00432088 -0.00698793 -0.000646281 -0.00100418 -0.00195181 0.0436891 -0.00358736 -3.82813e-05 -0.0427014 -4.02372e-05 -0.0233668 -0.00110731 -0.000104697 -0.0245524 0.066354 -0.00621148 -0.00423709 -0.0415384 0.0398144 -0.0297861 -0.00863866 0.0390773 -0.00829054 -0.00309957 0.0401118 -6.63798e-05 -0.00533682 -0.0405645 0.0420388 -0.000845657 0.0431135 4.78421e-05 -0.0325984 9.76888e-05 -0.0140009 -0.000586867 0.0394901 -0.0227377 -0.00018008 -4.94139e-06 -0.00028409 -8.81124e-05 0.0309092 -0.00106391 -0.00068771 -0.0240474 -0.00061085 0.0425416 7.16595e-05 -2.02137e-06 -1.09313e-05 -0.00691903 -0.00136875 -0.00230521 4.88966e-07 -0.0048405 -0.043851 -0.0408681 -0.00644649 -0.00664563 -0.0334745 -9.24224e-07 -8.54872e-05 -2.77575e-05 -0.000202677 -3.30672e-05 -0.000302451 -0.000319393 -0.000154642 -0.00877181 -3.69391e-06 -0.000190773 -0.000989317 -1.44541e-06 0.0313342 -0.00100728 0.0424398 -0.000149506 0.0435729 -0.000796262 -7.20201e-05 -0.00989919 -2.2747e-06 0.0434264 -0.000545852 -2.67636e-05 -0.00141696 -5.62303e-05 -0.00223936 -0.00016862 -0.0234831 -1.70696e-06 -0.0012269 -0.00912494 -0.0211633 0.0434639 
-0.0041358 0.0526058 0.00282791 -1.53207e-05 0.0173617 0.0650875 -0.00118989 -0.00139466 0.00938285 -0.0359811 0.004793 7.99425e-06 0.0372553 -3.82247e-05 -0.0232908 0.00471172 -0.000245928 -0.00795649 -0.00621148 0.0885389 -0.00755536 0.0369747 -0.0350583 0.0518117 0.0094072 -0.0401335 -0.00504606 0.00451165 -0.0390702 -0.000962925 -0.00441793 -0.00774161 -0.0361265 -0.000707452 -0.0359639 0.0024124 -0.0105631 -4.92812e-05 -0.0195731 0.00630343 -0.0384734 0.0578793 0.00174586 2.37431e-05 -0.000392241 -0.000102516 -0.000664104 0.000842008 -0.000774029 0.023929 -0.000396094 -0.0345312 -0.000135194 8.07798e-05 -1.33779e-05 -0.00808059 0.0153529 -0.00491294 -1.83247e-06 0.0222149 0.0357737 0.0391516 -0.0152225 -0.000477324 0.0192609 -6.64319e-08 2.01169e-05 -6.2392e-05 -0.000303676 0.000180994 -0.000390591 0.00286447 -0.000226046 -0.00306473 -3.39927e-06 0.00212443 -0.000878445 -1.98581e-06 -0.0277484 0.000387248 -0.0346308 -3.36098e-05 -0.0354144 0.00438001 -3.50094e-05 -0.0135538 3.15923e-06 -0.0365129 -0.00444517 -0.000330071 -0.00119544 -0.000469984 -0.00254695 -3.83824e-05 0.0192703 -1.82305e-06 0.00469935 -0.0113747 -0.00751799 -0.0357913 
-0.0102879 -0.0811771 -0.0418108 -3.48797e-05 -0.015164 -0.0141939 0.0127208 0.000701598 -0.00606898 0.12645 -0.0120076 3.8973e-05 -0.125445 -7.39972e-05 -0.0775407 0.00514435 0.00136535 -0.0834895 -0.00423709 -0.00755536 0.184651 -0.121997 0.123246 -0.0824723 -0.0225851 0.11318 -0.0218248 0.000644571 0.12142 0.00408666 -0.0181803 -0.127118 0.127617 -0.00289568 0.128391 0.000788296 -0.110168 9.70823e-06 -0.0480994 0.0015882 0.113961 -0.0652362 0.000143907 -1.08549e-05 0.00284047 -0.000315894 0.0973863 -0.000648406 -0.00284722 -0.0730284 -0.00170938 0.118 -0.000487793 -0.000154501 -4.04464e-05 -0.0237901 -0.00342025 0.0244934 -4.1872e-05 -0.00890413 -0.127418 -0.119356 -0.0360429 -0.0190645 -0.0996712 5.92883e-07 -0.000284785 1.69708e-05 -0.000306352 -5.04628e-05 0.00328564 0.0012594 -0.000615399 -0.029653 -1.1637e-05 -0.000348839 -0.00341147 -4.94268e-06 0.0799146 -0.00324296 0.125583 -0.000148597 0.121866 -0.00192738 -0.000239263 -0.0344436 -7.23306e-06 0.127124 -0.0112316 -0.000710256 -0.0049094 -0.000707927 -0.00776137 -0.000844745 -0.0688401 -5.84628e-08 -0.00433657 -0.0310741 -0.0708624 0.124671 
0.0167278 0.149025 0.0695468 -4.12957e-05 0.0255324 0.041178 -0.0105057 -0.00949947 0.019902 -0.220236 0.0194659 -0.000215792 0.214681 0.000113653 0.116396 0.00546367 -0.00140044 0.117462 -0.0415384 0.0369747 -0.121997 0.239737 -0.217012 0.148952 0.0481601 -0.198487 0.0487083 0.0137792 -0.201974 -0.00703299 0.0236283 0.201074 -0.219737 0.00431734 -0.221121 0.00135662 0.15664 -0.000308527 0.0671197 0.00212322 -0.202707 0.109958 0.00108646 1.73679e-05 -0.00293943 -9.55829e-05 -0.168878 0.00661272 0.00465708 0.117471 0.0023201 -0.212712 0.000677407 0.000137494 6.2241e-05 0.0379186 0.00890927 -0.0308457 9.27363e-05 0.0184373 0.221023 0.204657 0.0655207 0.0280894 0.159291 -1.75356e-06 0.000415872 -0.000383502 0.000288604 0.000144155 -0.00268865 0.0014284 0.000979774 0.0373484 3.22336e-06 0.00103913 0.00361912 7.94424e-06 -0.168681 0.00293375 -0.217504 -0.000430344 -0.217161 -2.67919e-05 0.00034506 0.0541894 1.45315e-05 -0.219907 -0.0276887 0.000865455 0.00769945 -0.00278997 0.0116736 0.000694796 0.112746 -1.29046e-05 0.00686302 0.0468735 0.101038 -0.219655 
-0.015343 -0.153283 -0.0702785 -1.53771e-05 -0.0238885 -0.0379541 0.0102141 0.00807301 -0.0196951 0.224581 -0.0181478 0.000164404 -0.217762 -9.95685e-05 -0.119197 -0.00534211 0.00127507 -0.127995 0.0398144 -0.0350583 0.123246 -0.217012 0.231277 -0.154931 -0.0467372 0.205208 -0.0453733 -0.0133219 0.207528 0.00708384 -0.0272767 -0.207351 0.224579 -0.00433388 0.225364 -0.00125432 -0.166346 0.000301739 -0.0641584 -0.00200551 0.208816 -0.118065 -0.000972183 -2.58921e-05 0.00280487 -0.000470793 0.161268 -0.00699595 -0.00445385 -0.125045 -0.00213131 0.217932 -0.000634188 -0.000245784 -6.0853e-05 -0.0355015 -0.00848449 0.0316923 -8.39766e-05 -0.0225044 -0.224968 -0.210695 -0.0605989 -0.0343257 -0.162897 -3.65364e-06 -0.000394713 0.000369215 -8.16549e-05 -0.000184567 0.0025927 -0.0013986 -0.000915117 -0.0440275 -1.37393e-05 -0.00103 -0.00503837 -7.23901e-06 0.171111 -0.00511318 0.222588 -0.000389374 0.22197 -0.00269463 -0.000362623 -0.0515631 -1.43794e-05 0.224281 0.0282508 -0.000945302 -0.00743164 0.00288677 -0.0114967 -0.00107692 -0.120791 -2.80182e-06 -0.00667062 -0.0462469 -0.108606 0.224547 
-0.0156549 0.204125 0.0028731 4.59565e-05 0.0315017 0.0598707 -0.00773041 -0.0067403 0.00984738 -0.157616 0.0255041 -0.000140448 0.157491 -0.000227302 0.0872606 0.00643058 -0.000868985 0.106539 -0.0297861 0.0518117 -0.0824723 0.148952 -0.154931 0.244918 -0.0116488 -0.177301 -0.0171128 -0.00561624 -0.174772 -0.0050382 -0.00692806 0.128085 -0.158748 0.00325574 -0.15849 0.00155239 0.0783767 -0.000214765 -0.0349064 0.00403162 -0.167931 0.169226 0.000593427 1.99123e-05 -0.00211455 0.000688822 -0.0763183 0.00917938 -0.00515052 0.163079 0.00347153 -0.151159 -0.000859901 -0.000165215 -3.74224e-05 -0.0347959 0.0130126 -0.0221066 -0.00010092 0.0333833 0.157253 0.17709 -0.0028869 0.00115658 0.154266 -4.56132e-06 0.000414708 -0.000278774 -0.00135967 0.000164179 -0.00197431 0.00271318 -0.000334301 -0.00436461 4.53951e-06 0.0016221 -0.0036112 6.15292e-07 -0.120965 0.00763713 -0.153569 -0.000430809 -0.15442 0.001763 -0.000109774 -0.0442828 -7.45882e-06 -0.161689 -0.0197035 -0.00143316 -0.00218863 -0.00199383 -0.00861242 0.000204442 0.143816 -8.25046e-06 0.0104805 0.0139526 0.0907717 -0.156524 
-0.00477178 0.0135277 0.0775513 -1.6245e-05 -0.00583014 0.0114446 -0.00204395 -0.0021785 0.0201423 -0.0476481 -0.00634416 -7.91147e-05 0.0495805 0.000291863 -0.0417061 0.00971508 -0.000329085 -0.0349306 -0.00863866 0.0094072 -0.0225851 0.0481601 -0.0467372 -0.0116488 0.11289 -0.00545323 0.0761274 0.00516617 -0.00370575 -0.00146895 0.0278017 0.0446977 -0.0480906 -0.00145565 -0.0468066 0.00172491 0.048322 -6.62717e-05 0.0257509 0.00150565 -0.0206376 -0.0030313 0.0022263 -7.39465e-06 -0.000634544 -0.000159537 -0.0709663 -0.000566043 0.00712224 -0.0410793 -0.00110806 -0.0459081 0.000273774 -6.77413e-05 -1.04687e-05 0.00474733 -0.00279702 -0.00667588 0.000188552 0.0214682 0.0474563 0.014315 0.0614042 -0.0115858 -0.0356426 -1.67767e-06 -0.000146899 -7.54282e-05 -0.00031869 -3.72914e-05 -0.000539533 -0.000368727 6.3269e-05 0.0285152 -6.47697e-06 -0.000358771 -0.00083256 -2.31374e-06 -0.0361776 -0.00141117 -0.0489143 0.000552978 -0.0469063 0.00128676 -0.000132381 0.0391906 3.08262e-06 -0.041783 -0.00601031 0.00243946 -0.00113351 -0.000619372 0.0128026 0.000571267 -0.0400896 -3.10456e-06 -0.00224944 0.0251933 0.005426 -0.0475231 
-0.0174496 -0.174751 -0.0367932 -2.85474e-05 -0.0277282 -0.0436731 0.00829843 0.00888498 -0.0062482 0.20844 -0.0209321 0.000146201 -0.199629 0.000255066 -0.136831 -0.00451566 0.000481793 -0.144557 0.0390773 -0.0401335 0.11318 -0.198487 0.205208 -0.177301 -0.00545323 0.243777 -0.00093732 -0.0138004 0.231074 0.00471938 -0.0266502 -0.186331 0.210137 -0.00500464 0.209191 -0.00138903 -0.149951 0.000263718 -0.0290515 -0.00298895 0.223594 -0.136364 -0.000974036 -2.98927e-05 0.000845319 -0.000544898 0.134397 -0.00716099 0.0003101 -0.144558 -0.00266983 0.201747 -0.000207961 -0.000276289 -5.63814e-06 -0.0326621 -0.00972751 0.0271438 6.01873e-05 -0.0251941 -0.207518 -0.23034 -0.0248372 -0.0392449 -0.1723 -3.3164e-06 -0.00045308 0.00036516 -7.75113e-05 -0.000131597 0.000673378 -0.00189708 -0.00070087 -0.0455131 -1.6182e-05 -0.00121211 -0.00551337 -8.22439e-06 0.160132 -0.0059512 0.203954 -0.000519807 0.205856 -0.00315994 -0.000427584 -0.00946544 -1.09765e-05 0.213163 0.0257964 0.00181017 -0.00830769 0.00258329 -0.0105582 -0.00113045 -0.1396 -2.93198e-06 -0.00769374 -0.0497872 -0.11687 0.20868 
-0.00251684 -0.00997452 0.0645394 -1.33674e-05 -0.0078213 -0.00572005 -0.0019714 -0.00205906 0.0217448 -0.0459099 -0.00546983 -7.38184e-05 0.0476881 0.000316243 -0.0220788 0.00895334 -0.000283789 -0.0224358 -0.00829054 -0.00504606 -0.0218248 0.0487083 -0.0453733 -0.0171128 0.0761274 -0.00093732 0.110171 0.00613355 0.00087279 -0.00134726 0.0120565 0.0497243 -0.0438219 -8.72949e-06 -0.0449287 0.000305461 0.0389392 -6.45058e-05 0.0483003 -0.00116928 -0.0166016 -0.0303259 0.00131647 -4.67099e-06 -0.000519226 -0.000157252 -0.0671843 0.00642788 0.00885496 -0.0347281 -0.00109264 -0.0446627 0.000141578 2.38778e-05 6.97325e-05 0.00179011 -0.0028962 -0.00638667 0.000173239 0.0044999 0.0460036 0.00833304 0.0815539 -0.00721771 -0.0177758 -1.63041e-06 -0.000139197 -7.30734e-05 -0.000166687 -3.78903e-05 -0.0004254 -0.00067269 0.000267053 0.016055 -6.25564e-06 -0.000363709 -0.00154726 -1.86983e-06 -0.0346329 -0.00180194 -0.0484888 -0.000182512 -0.0455397 -0.00107904 -0.000121326 0.0557798 -8.18434e-07 -0.0402129 -0.00583209 0.00256424 0.00137396 -0.000585722 0.0107077 0.000314315 -0.0264762 -2.9371e-06 -0.00204085 0.0144992 0.00709596 -0.0461859 
0.0147809 -0.00468724 0.00131445 -4.82899e-06 -0.00355583 -0.00164655 0.00564907 -0.000898727 0.0022374 -0.0129711 0.00363869 0.000190111 0.00707145 7.65349e-05 0.0119567 0.00198186 0.00055643 9.33314e-06 -0.00309957 0.00451165 0.000644571 0.0137792 -0.0133219 -0.00561624 0.00516617 -0.0138004 0.00613355 0.0562492 -0.00748092 0.00370062 -0.00402764 0.0097216 -0.0121927 -0.000343463 -0.0123091 0.00136293 -0.00148803 1.57988e-05 0.0146726 0.000968898 -0.0139721 -0.013035 0.00069626 -1.82482e-06 0.00268921 -6.28659e-05 -0.016573 0.00657514 0.0010543 -0.00438673 -0.000343988 -0.0204951 0.000107856 0.000185354 -7.17845e-06 0.0126008 -0.000930407 0.000962079 3.30518e-05 -0.000259355 0.012275 0.00823055 0.0126081 0.0064822 0.00689959 5.26955e-06 -3.41141e-05 -3.4044e-05 0.00155688 -3.17148e-07 0.00304205 -0.000404126 -0.000122815 -0.000939572 -3.10636e-06 -0.000144508 0.000910461 -2.56801e-07 -0.0167292 -0.000743237 -0.0123587 -9.86474e-05 -0.0193002 -0.000612472 2.26867e-05 0.0144874 7.09221e-06 -0.0121629 -0.00274187 -2.26584e-05 -0.000750212 -0.000238369 -0.00156846 -0.000156197 0.00565583 3.9181e-06 -0.000985836 -0.00730516 -0.00232067 -0.0161914 
-0.0179972 -0.171292 -0.0330876 -2.42039e-05 -0.028162 -0.0440228 0.00990287 0.00871063 -0.00378899 0.21081 -0.0213689 0.000150235 -0.20252 0.000245576 -0.139997 0.00164586 0.00121461 -0.150079 0.0401118 -0.0390702 0.12142 -0.201974 0.207528 -0.174772 -0.00370575 0.231074 0.00087279 -0.00748092 0.244667 0.00673869 -0.0290151 -0.190868 0.212287 -0.00509103 0.212246 -0.0009512 -0.15818 0.000285955 -0.033119 -0.00271522 0.225013 -0.138837 -0.000762671 -2.69442e-05 0.0028225 -0.000553153 0.13612 -0.00672414 -0.00171582 -0.147165 -0.00266009 0.202633 -0.000626682 -0.000274529 -6.83363e-06 -0.038482 -0.00983117 0.029504 -2.45963e-05 -0.0207627 -0.210697 -0.232152 -0.0201499 -0.0401925 -0.178603 -3.39219e-06 -0.000470492 0.0003645 -0.000297483 -0.000214915 0.0026279 -0.00177801 -0.000978492 -0.0494484 -1.60415e-05 -0.00120969 -0.00573454 -8.45958e-06 0.160731 -0.00602759 0.20714 -0.000279623 0.206972 -0.00327191 -0.000434084 -0.0161774 -1.42922e-05 0.216561 0.0263715 0.0015651 -0.00860253 0.00259315 -0.0120341 -0.000701378 -0.141763 1.05378e-05 -0.00775611 -0.0526657 -0.121296 0.209776 
-0.000497427 -0.00496973 -0.00229055 -7.85956e-07 -0.000776188 -0.00123945 0.00264305 -0.000176063 -0.000729678 0.00479096 -0.000587303 7.18765e-06 -0.00718123 -5.821e-06 -0.00386418 0.000183577 0.00111526 -0.00414766 -6.63798e-05 -0.000962925 0.00408666 -0.00703299 0.00708384 -0.0050382 -0.00146895 0.00471938 -0.00134726 0.00370062 0.00673869 0.0116352 -0.000880094 -0.00675548 0.00721091 -0.000140365 0.00736887 -2.52255e-05 -0.00539556 -3.70792e-06 -0.00225262 3.72831e-05 0.00257989 -0.00383544 -7.05144e-06 -8.60272e-07 0.00419688 -1.5224e-05 0.00518934 -5.91628e-05 -0.00014442 -0.00401357 0.000104087 0.000534156 1.86014e-05 -8.63251e-06 -1.92674e-06 -0.00114747 -0.000164825 0.00461649 -6.26889e-07 -0.000534186 -0.00740727 -0.00684133 -0.00234137 -0.000907265 -0.00484749 1.43922e-08 -1.36341e-05 -5.35921e-06 0.000346655 -3.12817e-06 0.00414776 -6.51746e-05 -2.82423e-05 -0.000857434 -3.15364e-07 -9.31801e-06 -0.000160009 -2.38145e-07 0.000498924 -0.000166451 0.00716382 9.09281e-06 0.00224118 -7.12147e-05 -1.22446e-05 -0.0016799 8.26838e-08 0.00728175 -0.000308304 2.03303e-06 -0.00024012 6.59122e-05 -0.000374623 -1.39095e-05 -0.00390167 1.85155e-06 -0.000221091 -0.00149446 -0.00352247 0.00294327 
-0.00316209 0.0194282 0.0522258 3.47208e-05 -0.00259586 -0.00589504 -0.0011971 -0.00126468 0.00196486 -0.0277778 -0.00329929 -4.35493e-05 0.0286869 -4.17138e-05 -0.0126441 -0.000673771 -0.000192158 -0.0170459 -0.00533682 -0.00441793 -0.0181803 0.0236283 -0.0272767 -0.00692806 0.0278017 -0.0266502 0.0120565 -0.00402764 -0.0290151 -0.000880094 0.069609 0.0295015 -0.0280479 -0.000800472 -0.027921 -0.000229526 0.0402894 -3.95582e-05 -0.00295991 -0.000163804 -0.0297187 0.0111048 -4.32718e-05 -4.06679e-06 -0.00037168 -9.52488e-05 -0.0386488 -0.00151511 0.00407187 -0.0254508 -0.000620849 -0.0266567 0.000456122 0.000518118 1.98638e-05 0.0187869 -0.00178604 -0.0038513 5.07364e-05 0.00361175 0.0275501 0.0269609 0.0311499 -0.00710216 -0.0324947 -9.73562e-07 -5.30562e-05 -4.26236e-05 -0.000310676 6.29029e-06 -0.000348178 -0.000524382 -0.000165946 0.0571609 -4.06742e-06 -0.000217664 0.000888327 -8.89237e-07 -0.0206236 -0.000967488 -0.028013 0.000989207 -0.0272119 0.00401742 0.000111401 -0.00219959 -3.39832e-06 -0.0280264 -0.00348755 -0.00020705 0.0127049 -0.000367525 0.0055358 0.000627693 -0.023818 -1.80159e-06 -0.00142842 0.0473916 0.0336687 -0.0275183 
0.0179511 0.126991 0.0766269 -7.40387e-06 0.00690131 -0.000901746 -0.0101964 -0.00894075 0.0117483 -0.209474 0.0171855 -0.000242975 0.20197 7.96934e-05 0.133714 0.00335936 -0.00133033 0.129978 -0.0405645 -0.00774161 -0.127118 0.201074 -0.207351 0.128085 0.0446977 -0.186331 0.0497243 0.0097216 -0.190868 -0.00675548 0.0295015 0.244502 -0.209174 0.00469005 -0.210086 -0.00181712 0.182446 -0.000291869 0.0762529 -0.00307719 -0.19157 0.087162 0.000155424 1.62222e-06 -0.0028151 0.000549419 -0.164353 0.00566127 0.00485577 0.109115 0.00195781 -0.202041 0.000629787 8.29829e-05 6.61183e-05 0.0390955 -0.00840923 -0.029571 8.39436e-05 0.01825 0.209968 0.194079 0.070207 0.0316884 0.151535 4.04346e-07 0.000288696 -0.000347384 0.000240749 -2.75835e-05 -0.00261772 -0.0031976 0.00102161 0.047297 1.03063e-05 -0.00157835 0.00580055 8.16689e-06 -0.160033 0.00471445 -0.208169 0.000401176 -0.206286 0.00134729 0.000320275 0.0603128 8.94622e-06 -0.209343 -0.0265198 0.000708662 0.00844403 -0.00267309 0.0131738 0.000867936 0.112289 -1.1228e-05 -0.000503597 0.0527791 0.118876 -0.208921 
-0.0156288 -0.157672 -0.0710002 -3.16509e-05 -0.0245785 -0.0392392 0.0101689 0.00974399 -0.0152342 0.228228 -0.0186773 0.000130522 -0.22079 -6.27577e-05 -0.122476 -0.00552656 0.00129275 -0.130416 0.0420388 -0.0361265 0.127617 -0.219737 0.224579 -0.158748 -0.0480906 0.210137 -0.0438219 -0.0121927 0.212287 0.00721091 -0.0280479 -0.209174 0.233924 -0.00445496 0.228592 -0.0012905 -0.170262 0.000287925 -0.0629701 -0.00237414 0.213553 -0.121377 -0.00106886 -2.56225e-05 0.00308133 -0.000483831 0.164132 -0.0066757 -0.003659 -0.128485 -0.00218537 0.219592 -0.000629093 -0.000200992 -3.06684e-05 -0.0355997 -0.00857313 0.0315124 -8.48442e-05 -0.0233592 -0.228023 -0.21666 -0.0595123 -0.0350064 -0.167041 -3.86684e-06 -0.000409235 0.000388904 -0.000107395 -0.000103861 0.00281083 -0.00146515 -0.000781191 -0.0451013 -1.37226e-05 -0.00105211 -0.00520446 -6.99211e-06 0.175356 -0.0052473 0.22564 -0.000335735 0.224284 -0.00285313 -0.000378522 -0.0503821 -1.49203e-05 0.227655 0.0282208 -0.000794919 -0.00763239 0.00264657 -0.0118436 -0.00115527 -0.124154 -2.01548e-06 -0.0067717 -0.0475438 -0.11165 0.227201 
-0.000325715 0.004327 0.00154092 1.37664e-06 0.00288016 -0.000897028 -0.00021542 -0.000185068 -0.000720091 -0.00437352 0.000480959 -6.28903e-06 0.00452314 -3.8588e-06 0.00548672 -0.000157533 -1.67667e-05 0.00454137 -0.000845657 -0.000707452 -0.00289568 0.00431734 -0.00433388 0.00325574 -0.00145565 -0.00500464 -8.72949e-06 -0.000343463 -0.00509103 -0.000140365 -0.000800472 0.00469005 -0.00445496 0.0118054 -0.00443072 -2.79642e-05 -0.00131628 -3.02297e-06 0.000438314 -6.39329e-05 -0.00472014 -0.00144243 -2.68296e-05 -1.59675e-07 -5.90918e-05 -1.02503e-05 -0.00518108 0.000742014 -0.000126295 0.00547993 -6.76463e-05 -0.00421649 -1.68509e-05 -5.63365e-06 -1.93273e-06 4.26355e-05 -0.000229802 -0.000615258 -2.85541e-06 -0.000520723 0.00438907 0.00490552 0.00427685 -0.00073326 0.00523442 -1.54529e-07 -1.33476e-05 -7.77599e-06 -3.70319e-05 -6.03013e-06 -5.51357e-05 -8.00172e-05 4.61802e-05 -0.00093633 2.5117e-06 3.68127e-06 0.000140543 1.04996e-07 -0.00336164 4.953e-06 -0.00441321 6.55102e-05 -0.00431879 -9.39717e-05 4.60304e-05 0.000478326 -4.59345e-07 -0.00452455 -0.000553231 -3.85849e-05 3.95561e-05 -5.65397e-05 3.99685e-05 -2.04684e-05 0.000602801 -2.09292e-07 0.000108951 0.000516833 0.00424101 -0.00437647 
