0.00271334 4.6126e-06 1.0133e-06 -0.000568178 6.31463e-05 -1.65261e-06 5.27147e-06 -0.00176777 -4.79192e-05 -0.000266394 0.000438315 8.94184e-05 8.56723e-07 1.21784e-05 -0.000831601 0.00243152 7.07495e-05 -0.00251298 -0.000968059 -0.00245112 0.00114415 -0.000473694 -0.000260277 0.00106814 0.00228873 0.000192751 -0.00016431 -0.00205584 1.99468e-05 0.00164037 -0.00189493 7.38516e-05 0.000892774 1.05778e-06 -7.30354e-06 -4.77176e-06 0.000319058 0.00258076 0.00259997 -1.1301e-05 -4.93203e-05 2.61179e-05 -0.00255806 -4.57321e-05 -0.00138588 -1.91734e-05 -0.00201455 -5.02874e-06 -5.46132e-06 -0.0016314 0.000107689 -1.627e-06 0.00109027 0.00180785 -0.00246367 -0.000144084 1.26967e-05 0.00179273 -0.000189786 -0.00139741 0.00101204 0.00247058 -0.00216252 1.09569e-05 -1.86464e-05 -1.29918e-06 -2.87963e-07 -0.000104167 -8.34296e-07 -0.000518924 0.00166775 -0.000839014 0.00259195 -0.000112321 -7.69007e-05 0.00016653 -0.00047933 -1.70887e-06 0.00152667 4.13199e-05 -0.00163459 -0.00119669 2.21569e-05 -0.000137569 -0.00094637 9.65445e-07 -1.93609e-05 -9.29401e-05 -5.31875e-05 -6.13673e-06 0.00167243 0.000462178 -0.000429825 9.83521e-05 -0.000108011 -4.90521e-06 -1.17502e-05 -0.000233757 0.000229327 -7.22129e-05 
4.6126e-06 0.000157065 -1.22809e-07 -1.24031e-05 4.98561e-05 -4.52491e-07 4.44555e-06 -9.05192e-05 5.24299e-06 4.22301e-07 -1.36168e-06 2.4381e-06 -4.68753e-08 2.0932e-06 -4.55352e-05 9.54754e-05 -8.39395e-08 -9.87659e-05 -4.96048e-05 -9.719e-05 4.18268e-06 -1.00294e-05 -1.14445e-05 0.000103899 0.000113828 0.000119133 -5.9586e-06 -0.000107168 2.96445e-06 2.50275e-05 -8.74714e-05 5.13986e-07 -5.81697e-05 -9.6358e-08 4.57374e-06 -2.52851e-07 0.000120277 6.88457e-05 9.90924e-05 4.87939e-07 3.28124e-06 7.73087e-07 -0.000112889 -7.92448e-07 -4.1074e-05 2.73172e-07 -9.41979e-05 -2.95353e-07 -3.15326e-07 -7.4528e-05 1.04773e-07 -9.58642e-08 -1.33697e-06 8.0468e-05 -0.000110351 -9.60644e-06 5.94668e-06 7.24118e-05 2.8402e-05 -5.59538e-05 8.31825e-05 9.77056e-05 -0.00011871 3.35138e-07 -7.59938e-07 -4.34345e-08 1.46707e-07 -3.97264e-06 -8.51229e-08 -2.98042e-05 -1.09851e-06 -3.52973e-05 0.000100816 -6.95505e-06 1.28007e-05 -4.55502e-07 -2.72097e-05 -6.4764e-08 3.00403e-06 2.85516e-06 -7.23838e-05 -6.05948e-05 7.1461e-06 4.89414e-06 -5.36755e-05 -7.57645e-09 -1.218e-06 1.43793e-05 -2.66092e-06 -3.54707e-07 3.50155e-08 9.38351e-05 -3.09648e-05 7.89774e-06 -6.41052e-06 -2.95727e-07 -7.32896e-07 -4.11295e-06 2.65321e-05 4.27732e-06 
1.0133e-06 -1.22809e-07 0.0014375 0.00104839 -3.19649e-05 0.000181788 -2.00079e-07 0.000169521 -2.9665e-05 -0.000141467 -5.25103e-06 1.64618e-06 -1.71252e-06 3.36969e-05 -0.000424518 -4.54466e-05 1.84113e-07 -8.1488e-05 -5.99405e-05 7.53276e-05 8.95122e-06 0.000972658 0.000101526 -1.61154e-05 6.12263e-05 4.31806e-05 -8.51293e-05 -0.00096515 -1.12995e-06 3.56916e-06 -0.000995933 -2.90732e-06 -0.000492075 9.01364e-06 -3.64313e-06 -2.06396e-06 -6.36366e-06 0.000287106 -1.00405e-05 -3.37433e-06 0.000436593 -9.94184e-07 -2.15789e-05 -2.73333e-05 -0.000741141 0.000518773 -7.60652e-05 -2.49995e-06 -2.65964e-06 -0.000688567 9.49158e-06 2.14836e-07 0.000799236 2.16661e-05 -0.00119866 -3.97083e-05 0.000168002 -0.000299007 0.000139561 -0.000607202 -5.0797e-05 -8.66844e-06 -0.000997185 9.45533e-06 1.21674e-05 -1.25085e-07 1.28097e-06 0.000397281 1.86602e-07 -0.000229108 8.39902e-07 -0.000445849 -1.05129e-05 -4.38347e-05 0.00125002 -3.96335e-06 -7.46222e-05 5.26065e-07 -8.32888e-05 3.16505e-06 0.000496013 -0.000587802 -2.47783e-05 0.00129193 -0.000482237 9.76057e-06 1.3038e-06 0.000419794 -2.77226e-06 1.36161e-05 2.7448e-05 -1.53786e-05 -0.00033193 -5.33584e-06 -4.31826e-05 -2.71003e-06 -6.71625e-06 0.000126979 -4.0707e-06 -2.56148e-05 
-0.000568178 -1.24031e-05 0.00104839 0.168879 -0.00943686 0.0050675 0.000161174 0.0522649 -0.00441111 -0.0198647 -0.000898481 -0.000122358 -0.00017022 -2.7031e-05 -0.0641592 -0.00734979 -0.000112011 -0.023093 0.0219566 -0.00478166 -0.000122759 0.0965522 0.0168158 -0.00142721 0.0115341 0.000101714 -0.00322734 -0.023278 -0.000191629 -0.000825329 -0.119028 -0.000565318 -0.000776734 0.000323401 -0.00102571 -0.00042168 -0.00190085 0.00756185 -0.00267556 -0.000813336 0.0159171 -0.000421817 0.0080217 -0.00664345 -0.08926 0.00859917 0.0366772 0.000296219 -0.000406269 0.0375468 0.00140804 -8.66856e-05 0.0390094 -0.00852243 -0.0283094 -0.00881209 0.00207118 -0.0367699 0.0102276 0.0152392 -0.00769621 -0.00270696 -0.0350159 0.000292865 0.00529809 0.000173985 -4.31834e-06 0.031489 -0.000113509 -0.0394205 -0.00136894 -0.0621764 -0.00293908 0.00932436 0.0341687 0.000908008 0.000513668 -5.2226e-05 0.00722537 0.000147838 0.0793931 -0.0650173 -0.00348681 0.036519 -0.0661006 5.88171e-06 -0.00146217 0.00276495 0.00865186 -0.000354778 0.000291553 -0.00100534 -0.0405437 -0.000767334 0.00234799 -4.29557e-05 -0.000965181 0.0235298 2.39207e-05 0.00140829 
6.31463e-05 4.98561e-05 -3.19649e-05 -0.00943686 0.110444 0.000213748 3.41535e-06 0.0212268 -0.00240025 -0.0124 -0.00137624 5.65217e-06 -4.88126e-05 -5.3641e-05 -0.0310966 0.00316986 -3.58387e-05 -0.00730451 -0.0293484 -0.00279754 -0.000237588 0.00540907 -0.00574935 0.00946329 0.0222099 0.005728 -0.00430311 0.00756431 5.97778e-05 0.000313541 -0.0136064 0.00137065 -0.0393561 0.000112 -0.000611657 -0.000304893 0.00559711 0.00962954 0.00814453 -0.000440276 0.00027012 0.000304415 -0.00849932 -0.00041515 -0.0565741 0.000236878 0.0160896 -0.00022188 -0.000121994 0.022173 -0.000198079 -6.34525e-05 -0.00365479 0.00676678 -0.00755364 -0.00798751 0.000735408 -0.0155533 -0.00951188 0.0273342 0.00745901 0.00800285 -0.0194816 0.000408295 -0.000673673 -5.85479e-05 -1.17744e-05 -0.0032187 -6.83678e-05 -0.0241372 -0.000801903 -0.0318702 0.00834585 -0.00598049 0.00177591 -0.000409621 -0.0214158 -7.70712e-05 -0.00389694 0.000236895 0.0286078 0.0261568 0.00372428 -0.00235653 0.0451923 -2.85761e-06 -0.000827702 0.00341117 -0.000593703 5.45278e-05 -0.000219332 0.00963401 -0.0278841 0.00292803 -0.00501208 0.000705713 -0.000367659 -0.00918621 0.00201475 -0.00349919 
-1.65261e-06 -4.52491e-07 0.000181788 0.0050675 0.000213748 0.00692712 2.92127e-05 0.0017361 -0.000143543 -0.000680764 0.000276103 8.63162e-06 6.38157e-06 -5.82354e-06 -0.00218723 -0.000348999 1.99256e-06 -0.00222869 0.00255115 -0.00130251 4.36839e-05 0.00479128 0.000356599 -9.32587e-05 0.000236381 -0.000138796 -0.000420043 -0.000994605 1.2378e-05 9.71939e-05 -0.00408345 -1.7001e-05 -0.00143994 -1.72223e-06 -1.74696e-05 6.03618e-07 -5.58766e-05 0.000733268 0.000109307 -2.77476e-05 0.000207464 5.32709e-06 0.000198151 -0.000184289 -0.00319442 2.92486e-05 0.000667124 1.02278e-05 -1.40024e-05 0.00112379 -1.71101e-05 2.2297e-06 0.00287509 -0.000363549 -0.00150792 -0.000336392 -8.99136e-06 -0.000654524 0.000109504 -0.00266754 -0.000142913 -6.64253e-05 -0.00543202 1.84277e-05 8.60754e-05 -8.57823e-07 -7.34983e-07 0.00261139 -3.77999e-06 -0.00136273 -3.44676e-05 -0.00210684 -4.68496e-05 7.41597e-05 0.00209634 2.9388e-06 -7.77533e-05 3.45898e-05 0.00118888 -5.63734e-06 0.00238366 -0.00296284 -0.000116578 0.000753166 -0.00224636 -3.36442e-07 -5.32764e-05 -0.000171578 0.000129396 -1.29979e-05 0.000117061 -7.19039e-05 -0.001359 -2.16661e-05 0.000257426 4.68779e-05 -3.25452e-05 0.00121538 -1.66122e-05 -0.000139323 
5.27147e-06 4.44555e-06 -2.00079e-07 0.000161174 3.41535e-06 2.92127e-05 0.000388909 -0.000132528 -5.44351e-06 -3.54654e-05 1.33837e-07 2.75176e-05 4.23838e-07 -1.5056e-07 -3.83499e-05 5.32843e-05 1.80211e-06 -0.000243582 -9.47127e-05 -0.000249429 4.66946e-06 0.000103057 0.000136242 7.35059e-05 7.14931e-05 -1.33814e-06 -2.17805e-05 -5.35754e-05 1.71178e-05 6.99564e-05 -0.000165309 -1.0551e-06 5.78277e-05 -2.38647e-07 9.05571e-06 4.68783e-07 1.0549e-05 5.86985e-05 6.94884e-05 -1.52463e-06 -8.5762e-06 2.02651e-05 -6.92046e-05 -4.95832e-06 -0.000158534 -4.41631e-06 -0.000151711 -2.61492e-07 -7.80958e-07 -0.000111143 2.29209e-06 2.82576e-07 0.000100296 -9.27447e-07 -0.000192917 0.000160272 -1.57678e-06 7.998e-05 -2.82082e-05 -0.000104495 3.10034e-05 5.03191e-05 -0.000293456 -3.16564e-07 8.28269e-05 1.1889e-06 -4.11781e-08 -1.4819e-05 1.66458e-05 -1.16292e-05 1.62193e-05 6.34877e-06 5.69885e-05 0.000158542 9.84477e-05 6.06663e-05 -6.74843e-05 -2.67721e-07 2.8226e-05 4.94904e-06 -8.88772e-05 -0.000162394 -3.64527e-06 -1.71921e-06 -0.000124613 -1.87644e-08 -3.03311e-06 -1.47367e-05 -1.53251e-06 -8.78492e-07 9.31366e-05 5.34113e-05 4.90103e-05 -1.08207e-06 0.00010823 -2.5575e-07 5.17819e-06 1.87027e-05 1.71955e-05 -5.14895e-06 
-0.00176777 -9.05192e-05 0.000169521 0.0522649 0.0212268 0.0017361 -0.000132528 0.194361 -0.0144966 -0.0662017 -0.000283937 -0.00046006 -0.000250666 -0.000527816 -0.154051 0.000245583 -1.43894e-05 0.00401373 0.0951765 0.015539 -0.000639559 0.0648739 0.0149971 -0.00702325 0.00114425 -0.00522878 0.00840909 -0.0327291 -0.00066456 -0.00298122 -0.0359483 -0.000862679 -0.0640635 5.24603e-05 -0.0035056 -0.00125815 -0.00624495 -0.00434017 -0.00975382 -0.000391475 0.00333968 -0.00121113 0.0105724 0.00240998 -0.101694 0.000248472 0.143048 -0.00127871 0.000286296 0.13157 8.60008e-05 -0.00025408 0.0139235 -0.00827191 0.00866433 -0.0433479 7.47718e-05 -0.109371 -0.0153786 0.0929523 -0.00310873 -0.00897579 0.0132631 -0.000195664 0.00175925 -8.69773e-05 -1.73021e-05 0.0149726 -0.000377146 -0.11788 -0.00489221 -0.159227 -0.00961427 -0.00745076 0.0100478 -0.000753961 0.0463917 0.000147951 0.0100648 -0.000251406 0.146511 0.00378843 -0.0105319 0.0115861 0.0483659 -3.28548e-05 -0.0016519 0.00442463 0.00515724 -0.000344657 -0.00119385 -0.00647719 -0.133016 -0.00241738 -0.0103395 0.000465063 0.00116594 -0.0106269 -0.00190142 -0.0134135 
-4.79192e-05 5.24299e-06 -2.9665e-05 -0.00441111 -0.00240025 -0.000143543 -5.44351e-06 -0.0144966 0.0202221 0.00596481 -0.000141806 0.000356972 0.000147406 -5.08373e-06 0.0127237 -0.00118937 -1.07067e-05 -0.00102091 -0.00502125 -0.000331945 -5.30513e-05 -0.00480725 -0.00105221 -0.000274035 -0.00113488 -6.59396e-05 0.000906888 0.000212905 -1.80637e-05 -8.72836e-05 0.00592591 -3.5317e-05 -0.00796258 4.1401e-05 0.00268589 -3.75261e-06 8.68891e-05 -0.000763632 -0.000292701 -6.10052e-05 -0.00057498 0.00055957 -0.00154431 -0.000614968 0.00991343 -0.000313395 -0.0149251 2.28776e-05 -3.42009e-05 -0.012175 -1.26813e-05 1.08459e-05 -0.00135433 -0.000401747 -0.0036105 0.000846289 4.4326e-05 0.0108135 0.0114636 -0.00921239 -0.000799056 -0.000261095 -0.0160052 -2.19982e-05 -0.000141013 4.29604e-06 1.79112e-05 -0.00130316 -2.63221e-06 0.0097955 0.00100046 0.0136471 -0.000261726 0.00513953 -0.000912734 -7.41847e-05 -0.00363416 -7.55205e-06 -0.00137731 -1.06788e-05 -0.0102325 -0.00430024 0.00856562 -0.00107224 -0.00648177 -9.49211e-07 0.00128055 -0.00084423 -0.000393238 -4.56007e-05 -6.98822e-05 -0.000263824 0.00673003 -7.19947e-05 0.00569892 -3.43314e-05 -8.72546e-05 0.00410504 -6.15052e-05 0.000473432 
-0.000266394 4.22301e-07 -0.000141467 -0.0198647 -0.0124 -0.000680764 -3.54654e-05 -0.0662017 0.00596481 0.0887006 0.000256725 -9.08653e-06 -1.75357e-05 0.000187694 0.0595844 -0.00406041 -5.16179e-05 0.00207015 -0.0327817 -0.00849362 -0.000233089 -0.025164 -0.0089831 -0.00133323 -0.00547371 -0.0014761 -0.00483729 0.0158181 -4.11488e-05 -0.000301042 0.0174766 -0.000260595 0.0419585 -5.55484e-05 -8.80385e-05 9.31927e-05 -0.000346255 -0.0026615 -0.00147062 -0.000242036 -0.00182353 -0.000129046 0.00284196 -0.00160068 0.0457661 -0.00137019 -0.0706343 0.000474126 7.8611e-05 -0.0572902 -0.000134195 0.000161281 -0.00546089 -0.00272523 0.00292835 0.0276309 -0.000382013 0.0488695 0.00650613 -0.0484577 -0.00338104 -0.00124957 -0.00736345 -0.00010496 -0.00067326 -5.89443e-05 2.41609e-05 -0.00515613 0.000320198 0.0566702 4.21221e-05 0.0617038 -0.00134211 -0.00337487 -0.00436647 0.000156127 -0.0161508 -6.66836e-05 -0.00457452 -0.000113665 -0.0585817 -0.0206742 8.93948e-05 -0.00510384 -0.033308 -2.91482e-06 -0.000322742 -0.00269418 -0.00195925 -0.000195939 -0.000326068 -0.00127868 0.063322 -0.00035483 0.0049327 -0.000182382 -0.000454816 0.00124869 0.000184791 0.00533339 
0.000438315 -1.36168e-06 -5.25103e-06 -0.000898481 -0.00137624 0.000276103 1.33837e-07 -0.000283937 -0.000141806 0.000256725 0.011607 3.72046e-05 2.14514e-05 3.16438e-06 -0.00136149 0.00168946 2.33742e-05 -0.00519113 0.00348067 -0.00656129 0.000460379 0.00426417 0.000778906 0.000172385 0.000594454 -0.00023063 -0.000617957 -0.00580365 0.000668527 0.00165165 -0.00449437 -2.49613e-05 0.00610223 -6.54762e-06 0.000605924 -1.8441e-05 8.4165e-05 0.00702479 0.00179892 2.92126e-06 -0.000133972 0.000521476 -0.00170893 0.00143809 -0.00280137 -0.000173162 -0.00707498 1.25943e-05 -1.82056e-05 -0.00660539 -1.24401e-05 3.77263e-06 0.00651684 0.00335273 -0.000186699 0.00186244 0.000118717 0.00311236 -0.000572643 -0.0058526 -0.000178797 0.000834601 -0.00495876 -7.05859e-06 -8.03832e-05 -1.36592e-06 2.21691e-06 0.00626338 -3.55095e-06 -0.00116113 0.000275265 -0.00183122 0.00104991 0.000540775 -0.000406801 0.000506058 -0.00177859 -2.19865e-06 0.00661262 0.000142389 -0.00575504 -0.00488528 0.000170998 -0.000229982 -0.00336805 4.41687e-06 -8.03103e-05 -0.00033366 -0.000165519 -1.98433e-05 0.000362697 -8.0959e-05 0.00251006 4.67934e-05 0.000241579 -2.13536e-05 -2.59289e-05 -0.000789752 -1.97373e-05 -0.00020262 
8.94184e-05 2.4381e-06 1.64618e-06 -0.000122358 5.65217e-06 8.63162e-06 2.75176e-05 -0.00046006 0.000356972 -9.08653e-06 3.72046e-05 0.000648259 2.8115e-05 -5.21142e-07 -3.8797e-05 0.000175949 6.77005e-06 -0.00053273 1.85535e-05 -0.000515101 7.06185e-05 -6.18416e-05 -3.3986e-06 0.000132513 0.000186942 -5.65751e-06 -1.87158e-05 -0.000355827 3.57727e-05 0.000156258 -7.83221e-05 1.95308e-05 -0.000168163 -3.81229e-07 7.68496e-06 -3.52651e-07 4.10773e-05 0.000197466 0.000220447 -2.67098e-06 -2.15045e-05 0.000230008 -0.000217295 -1.10596e-05 8.01379e-05 -9.08315e-06 -0.000455531 8.69372e-06 -6.25424e-07 -0.000372555 1.97095e-05 1.16748e-06 -1.90542e-05 8.47527e-05 -0.000315622 -2.86043e-06 -2.5563e-07 0.000319692 0.000303421 -0.000323644 7.13583e-05 0.0002052 -0.000505167 1.80546e-06 -3.85235e-06 -8.75485e-08 -6.86563e-08 -3.92586e-05 -3.51502e-07 0.000103147 0.000109607 0.000186409 0.000217709 0.000313238 -2.51993e-05 2.40473e-05 -0.000114395 6.02948e-08 -2.48124e-05 1.01425e-05 -0.000379741 -0.000279533 0.00037981 -3.21126e-05 -0.000221584 -3.12858e-08 8.2229e-06 -2.35394e-05 -1.24124e-05 -1.46471e-06 0.000128128 9.80879e-05 0.000199532 -1.86436e-06 0.000233185 2.87217e-06 -2.28972e-06 -2.75207e-05 -1.04704e-08 2.78695e-06 
8.56723e-07 -4.68753e-08 -1.71252e-06 -0.00017022 -4.88126e-05 6.38157e-06 4.23838e-07 -0.000250666 0.000147406 -1.75357e-05 2.14514e-05 2.8115e-05 0.00118819 -1.01073e-06 -9.98026e-06 0.000363536 2.19435e-06 -0.000226717 0.00021149 -0.00036244 9.75072e-06 -9.16069e-05 1.37385e-05 8.40626e-05 5.83283e-05 2.01616e-05 0.000134609 -0.000808239 1.47968e-06 3.23118e-05 -9.19814e-05 -2.11944e-06 -0.000256568 -7.29697e-07 8.63401e-05 -2.89021e-06 9.46906e-05 8.18239e-05 8.84439e-05 1.1779e-07 2.17821e-05 4.41134e-05 -0.000291179 -2.80791e-05 0.000198287 6.04985e-06 2.34198e-05 -1.86331e-06 1.19088e-05 -0.000543291 7.74123e-07 1.37376e-07 -1.05443e-05 0.000160644 -4.67722e-05 -2.19064e-05 1.47221e-05 -0.000160391 0.000364741 -0.000404012 0.000273353 4.98877e-05 -0.000184648 -1.27037e-06 -6.27954e-06 -3.01861e-07 -1.25908e-07 -2.62068e-06 -3.01283e-07 6.31884e-05 6.33787e-06 0.000277634 9.39046e-05 7.66544e-05 5.74425e-06 3.36271e-05 -0.000120389 3.17647e-05 0.000148813 3.90564e-05 -0.000615947 -0.000317463 0.00017705 -4.36863e-05 -3.10026e-05 1.57263e-06 -7.50082e-06 2.86376e-05 1.55e-07 3.23055e-06 1.18939e-05 8.83402e-05 0.000274626 4.21733e-06 -2.05687e-05 2.31272e-05 4.35599e-05 -6.11844e-05 6.79075e-06 -2.10459e-05 
1.21784e-05 2.0932e-06 3.36969e-05 -2.7031e-05 -5.3641e-05 -5.82354e-06 -1.5056e-07 -0.000527816 -5.08373e-06 0.000187694 3.16438e-06 -5.21142e-07 -1.01073e-06 0.000848915 0.000479755 -4.8875e-05 7.76934e-06 -3.34752e-05 -0.000308938 2.27637e-06 8.72834e-06 -0.000137496 -6.8133e-05 9.10534e-06 5.09139e-05 8.75808e-06 -3.96698e-05 -6.76358e-05 3.0108e-06 -1.16123e-06 -0.000594861 2.38586e-06 -0.000333095 2.09455e-05 0.00013497 -1.95947e-06 4.02436e-05 4.84387e-05 1.27317e-05 -3.29218e-06 2.23191e-05 4.31595e-06 -0.000267211 -2.7202e-05 0.000155526 3.46559e-05 -0.000483802 3.80426e-05 -1.62214e-06 -0.000413316 1.32094e-05 -5.18491e-07 9.39666e-06 3.05058e-05 -0.000786049 0.000459632 0.0002891 -6.47627e-05 -4.1428e-05 -0.000312384 -2.58043e-05 5.07225e-06 -0.00067742 4.19697e-06 2.04204e-05 0.000116096 -8.99255e-08 -1.06118e-05 1.1796e-06 0.000465736 0.000552052 0.000330374 9.59632e-06 1.44519e-05 0.000145378 -3.0413e-06 -0.000146452 -4.81321e-07 -5.51148e-05 2.33642e-05 -0.000323973 -0.000276704 -4.03883e-06 0.000114622 -0.000285803 8.93236e-06 5.24096e-05 4.92403e-05 -1.64753e-05 2.6082e-06 -2.12215e-06 2.71172e-06 0.000243776 -1.77922e-06 -3.02119e-05 -9.89467e-07 -3.96394e-06 0.000666306 -1.80348e-06 0.000721844 
-0.000831601 -4.55352e-05 -0.000424518 -0.0641592 -0.0310966 -0.00218723 -3.83499e-05 -0.154051 0.0127237 0.0595844 -0.00136149 -3.8797e-05 -9.98026e-06 0.000479755 0.219873 -0.0189956 -0.00011978 0.0143514 -0.0936375 0.00485875 -0.000743393 -0.0823069 -0.0210181 -0.00383038 -0.0151029 -0.00488605 -0.0124783 0.057468 -0.000287538 -0.0012319 0.056553 -0.000757173 0.0461075 -0.000104155 0.00225918 0.00115606 -0.00179527 -0.0120168 -0.00486039 -0.00117083 -0.00955603 -0.000162707 0.00863417 -0.00447735 0.11356 -0.00496145 -0.112878 0.00116377 -0.000614312 -0.116948 -0.000508983 0.000302748 -0.0213548 -0.00797467 0.0068246 0.0371527 -0.000762492 0.0909821 0.00871283 -0.0793254 -0.0126497 -0.0041226 -0.00918562 -0.000346734 -0.00174455 7.86703e-05 1.24743e-05 -0.0200239 0.000320798 0.120269 0.00260314 0.166877 -0.00435577 0.00413984 -0.0130545 -0.00074897 -0.0564956 -0.000190216 -0.0207254 -0.00035398 -0.132177 0.0251716 0.00381068 -0.0163933 -0.021672 -1.09603e-05 0.000380936 -0.0127056 -0.00630025 3.20545e-05 -0.00109497 -0.00431627 0.127449 -0.00111255 0.0091347 -0.000587396 -0.00151036 0.0137111 -0.000564307 0.0148164 
0.00243152 9.54754e-05 -4.54466e-05 -0.00734979 0.00316986 -0.000348999 5.32843e-05 0.000245583 -0.00118937 -0.00406041 0.00168946 0.000175949 0.000363536 -4.8875e-05 -0.0189956 0.0558162 0.000165114 -0.0100016 0.0186916 -0.0232989 0.00160998 0.00744165 -0.00376285 0.00813221 0.00766478 0.00466586 0.0142131 -0.0405505 0.00083485 0.00370699 -0.000398467 0.000341283 0.0182837 -2.61803e-05 0.0004417 -0.000124873 0.00543871 0.00991539 0.0108719 0.00364877 0.0029544 0.00044479 -0.0269857 -0.000355706 -0.00739332 0.00397528 -0.0120218 -0.000108136 0.00108694 -0.0259262 0.00011447 -2.31538e-05 0.000423562 0.0198286 -0.0107298 -0.00262612 -2.28875e-05 -0.00328007 0.00337032 -0.0296275 0.0313009 0.00969465 -0.00152792 4.04481e-05 -0.000389092 -2.74257e-05 1.12731e-05 -0.00216709 -3.14065e-05 -0.0115362 0.00163315 -0.0172946 0.0106258 -0.00161582 -0.000187574 0.000678326 0.000108023 0.000152535 0.0252622 0.000357247 -0.024584 -0.0208268 0.0026477 0.000122685 -0.00546199 2.36682e-05 0.000544595 0.0238347 -0.00103112 -0.000107806 0.00213528 0.00785853 -0.0129029 0.00258503 -0.000586046 -9.67739e-05 0.00244031 -0.0040727 0.001058 -0.00167212 
7.07495e-05 -8.39395e-08 1.84113e-07 -0.000112011 -3.58387e-05 1.99256e-06 1.80211e-06 -1.43894e-05 -1.07067e-05 -5.16179e-05 2.33742e-05 6.77005e-06 2.19435e-06 7.76934e-06 -0.00011978 0.000165114 0.000534054 -8.12916e-05 5.16378e-05 -0.000308935 4.36959e-05 -0.000109594 -4.40244e-05 -1.9143e-06 5.80432e-05 2.43377e-05 0.000228119 -0.000364843 1.34329e-05 5.25086e-05 -3.58575e-05 3.95425e-06 -3.10149e-06 2.02891e-06 2.59542e-05 -1.31428e-06 -1.69365e-06 8.98354e-05 0.000104914 5.21e-06 -8.53457e-06 3.57054e-05 -0.000370071 0.000103782 -0.000196626 -2.42011e-06 -2.50367e-05 -1.00464e-06 2.17423e-07 -0.000280717 2.35958e-06 -3.26081e-07 3.97242e-05 0.000233062 -8.42158e-05 -2.87074e-05 4.2811e-06 -7.50172e-05 -2.29132e-05 -0.000214938 0.000252211 6.19753e-05 -3.49938e-05 -5.45448e-07 -3.54206e-06 6.33016e-06 2.03445e-07 -2.9428e-05 1.91571e-05 -4.36824e-05 0.000137147 -9.49791e-05 0.000101103 -2.34038e-05 -2.30808e-05 2.01204e-05 -3.87689e-05 -3.61025e-07 0.000318063 2.35527e-06 -0.000275748 -9.37207e-05 -9.40138e-06 -2.39447e-05 0.000166702 -2.57712e-08 2.90343e-05 1.44657e-05 1.48989e-05 1.82401e-05 0.000101915 7.49621e-07 -0.000107641 6.12775e-07 -1.6112e-05 1.35409e-06 0.00023058 -8.05944e-06 -4.0415e-07 1.34154e-06 
-0.00251298 -9.87659e-05 -8.1488e-05 -0.023093 -0.00730451 -0.00222869 -0.000243582 0.00401373 -0.00102091 0.00207015 -0.00519113 -0.00053273 -0.000226717 -3.34752e-05 0.0143514 -0.0100016 -8.12916e-05 0.0624694 -0.0135555 0.0439007 -0.00138748 -0.0282346 -0.0165319 -0.0101339 -0.0138676 -0.0057936 0.00372332 0.0296355 -0.000838816 -0.00388262 0.0309003 -0.00157677 -0.0163162 -0.000222212 -0.000447443 -0.000102336 -0.0066339 -0.0279291 -0.0141545 0.000229975 -0.00246665 -0.00169542 0.011828 -0.00110335 0.0267242 -0.00167826 0.0236105 -0.00052084 9.92222e-05 0.0176771 -0.000424852 -0.000376159 -0.03213 -0.0107819 0.0142583 -0.00293711 -0.0016304 -0.013016 0.00299887 0.0295646 -0.00921573 -0.0118821 0.0362554 -0.000639602 0.000369017 -7.96421e-05 -5.98714e-06 -0.0201181 -7.50205e-05 0.00766931 -0.00154997 0.0142199 -0.0125363 -0.019679 -0.00599814 -0.00291994 0.00358478 -6.71921e-05 -0.0213359 -0.00109833 -0.000680246 0.0278781 -0.00753316 -0.00109073 0.0221337 -1.70642e-05 4.46997e-05 -0.00203322 -0.00295244 -0.000198207 -0.00220875 -0.0111002 0.00247359 -0.00319993 -0.0149662 -0.000414428 0.000272124 0.0051896 -0.00271088 0.00118128 
-0.000968059 -4.96048e-05 -5.99405e-05 0.0219566 -0.0293484 0.00255115 -9.47127e-05 0.0951765 -0.00502125 -0.0327817 0.00348067 1.85535e-05 0.00021149 -0.000308938 -0.0936375 0.0186916 5.16378e-05 -0.0135555 0.23602 -0.0163521 -0.000340146 0.0625805 0.00891486 -0.00318405 -0.0144367 -0.00645153 0.0230928 -0.0889931 -0.000344976 -0.00156131 -0.00417132 -0.000153166 0.00951897 -0.000219689 -0.00179719 -0.000644958 -0.00321673 0.0026381 -0.00482179 0.00100992 -0.00368287 -0.000120838 -0.00198366 -0.0107383 -0.00795683 -0.00413357 0.0590007 -0.000624113 0.000405553 0.0516097 -0.000743292 -4.52153e-05 0.0259386 0.00181111 0.0152027 -0.0210328 -0.000788179 -0.0844091 0.00719917 -0.0396221 0.0101573 -0.00474659 -0.00210784 -7.53597e-05 -0.00238449 -0.00017344 2.04014e-07 0.0259551 -0.000190815 -0.0615128 -0.0025452 -0.101358 -0.00508627 0.00652096 0.00858026 0.000297875 0.0872397 0.000401959 0.0269158 6.97394e-05 0.0441295 -0.0830232 -0.00212777 0.00264465 -0.0316953 -1.42858e-05 -0.000677383 0.0120246 0.00239143 -0.000679156 -0.000269015 -0.00252737 -0.0532492 -0.00121359 0.00429719 0.00086559 0.00273474 -0.0170708 -0.000909402 -0.010275 
-0.00245112 -9.719e-05 7.53276e-05 -0.00478166 -0.00279754 -0.00130251 -0.000249429 0.015539 -0.000331945 -0.00849362 -0.00656129 -0.000515101 -0.00036244 2.27637e-06 0.00485875 -0.0232989 -0.000308935 0.0439007 -0.0163521 0.0828308 -0.00179713 -0.0234999 -0.0109674 -0.0098051 -0.0102642 -0.00520682 -0.00403918 0.0354309 -0.000818825 -0.00385023 0.0142511 -0.0016218 -0.0366011 2.05493e-05 -0.000380306 -0.000992855 -0.00644722 -0.0248616 -0.0137481 -0.00264391 -3.51587e-05 -0.00169756 0.0210472 -0.00187991 0.0227706 0.000193739 0.041389 -2.08191e-05 0.000159741 0.0346513 -0.00016991 -0.000462171 -0.0248577 -0.0193164 0.00869261 -0.0119346 0.000189321 -0.0262675 0.002117 0.0447843 -0.0216993 -0.01158 0.0222711 -0.000370704 0.000610581 -4.69281e-05 -1.64674e-05 -0.0157203 -0.000390475 -0.00359094 -0.00176318 0.00484883 -0.0122659 -0.0157237 0.00122007 -0.00320285 0.00978205 -8.28401e-05 -0.0352041 -0.000995657 0.0223545 0.0310391 -0.0064958 0.00375552 0.0218556 -3.46611e-05 -0.00137153 -0.0107404 -0.000519207 -0.000526885 -0.00208957 -0.0110195 -0.00864424 -0.00316544 -0.0143952 -0.000490086 -0.00179386 0.00628137 -0.00234637 0.00145438 
0.00114415 4.18268e-06 8.95122e-06 -0.000122759 -0.000237588 4.36839e-05 4.66946e-06 -0.000639559 -5.30513e-05 -0.000233089 0.000460379 7.06185e-05 9.75072e-06 8.72834e-06 -0.000743393 0.00160998 4.36959e-05 -0.00138748 -0.000340146 -0.00179713 0.00256506 2.6335e-05 -0.000227184 0.000599776 0.00126721 1.40166e-05 2.04045e-06 -0.00179582 8.56845e-06 0.00125061 -0.00125282 -4.34416e-06 0.000604726 3.08922e-06 -1.11001e-05 -2.79153e-07 0.000392725 0.00154754 0.00135181 -5.12979e-07 0.000102156 -4.37476e-06 -0.00152204 2.1989e-05 -0.00115208 0.000166088 -0.00116757 -3.13515e-06 -3.31878e-06 -0.00115026 5.67283e-05 -2.59366e-07 0.000644676 0.000923212 -0.00130783 -0.000160744 4.26242e-05 0.00100122 -0.000185015 -0.00108889 0.000145477 0.00125784 -0.00126967 1.96532e-05 -1.32848e-05 -6.31199e-07 -8.88529e-08 0.000422239 -1.33523e-07 -0.000500143 0.000837437 -0.0007908 0.0013334 -0.000106772 7.91357e-05 2.93998e-05 -0.000406293 -9.32964e-07 0.00119704 0.000157128 -0.00091625 -0.000824149 -4.45004e-05 0.000143367 -0.000507076 1.85597e-06 2.46746e-05 0.000307484 -4.687e-05 1.34652e-06 0.00067787 2.44035e-05 -0.000334026 -3.66205e-06 -2.90582e-05 -3.56126e-06 2.90186e-05 -0.000222012 -5.53738e-06 -7.2529e-05 
-0.000473694 -1.00294e-05 0.000972658 0.0965522 0.00540907 0.00479128 0.000103057 0.0648739 -0.00480725 -0.025164 0.00426417 -6.18416e-05 -9.16069e-05 -0.000137496 -0.0823069 0.00744165 -0.000109594 -0.0282346 0.0625805 -0.0234999 2.6335e-05 0.198019 0.0338869 -0.00227191 0.00314972 -0.000642148 -0.00175279 -0.0473365 -0.000220099 -0.000723594 -0.0627961 -0.000323114 0.0329162 0.00011591 -0.00116724 -0.000628935 -0.00235611 0.0139418 -0.00192123 0.00276643 0.0226354 -0.000154964 -0.0016178 -0.00707249 -0.123315 0.0102324 0.0273691 -0.000388793 -0.000360673 0.0305763 0.000295938 6.45516e-05 0.0434055 0.00041211 -0.0193653 -0.0128283 0.00216222 -0.0431556 0.00333594 -0.0196684 0.00867054 -0.00248369 -0.0426063 0.000260785 0.000484521 0.000100048 5.75421e-06 0.0367634 -0.00013952 -0.0518782 -0.00169649 -0.0832919 -0.00256232 0.0100203 0.0294672 0.0010846 -0.00173667 -3.23904e-05 0.0265607 0.00036245 0.0789782 -0.105994 -0.00269705 0.0312257 -0.0704462 2.12311e-05 -0.000581782 0.0224703 0.0026984 -0.000393559 0.000489533 -0.00113932 -0.0434608 -0.000724197 0.00813676 0.000822324 -0.00100803 0.00212088 -0.000488243 -0.00471877 
-0.000260277 -1.14445e-05 0.000101526 0.0168158 -0.00574935 0.000356599 0.000136242 0.0149971 -0.00105221 -0.0089831 0.000778906 -3.3986e-06 1.37385e-05 -6.8133e-05 -0.0210181 -0.00376285 -4.40244e-05 -0.0165319 0.00891486 -0.0109674 -0.000227184 0.0338869 0.0932034 -0.00135971 -0.00541061 0.00082989 -0.00385212 -0.00912035 -9.23998e-05 -0.000412935 -0.00335477 -3.30487e-05 0.0048746 -5.24613e-05 -0.000401716 -6.60551e-05 -0.000935854 -0.00139703 -0.00157813 -0.000281882 -0.00041023 -3.35286e-05 0.00368104 0.0039523 -0.0379203 -0.000852814 0.00945374 -8.47686e-05 -0.000175728 0.0183911 0.000205361 3.37657e-05 0.0118019 -0.00555074 -0.000284739 4.64338e-05 -0.000155509 -0.0117036 -0.00742953 -0.00243243 -0.00387493 -0.00131734 -0.0129013 -9.70216e-05 -0.000643934 -3.76379e-05 -6.22662e-06 -0.00048714 -2.23475e-06 -0.00964337 -0.000251079 -0.018414 -0.00142325 0.0145793 0.00147293 0.00129766 -0.00693446 -6.28833e-06 0.000207427 -2.08038e-05 0.0220852 -0.0248562 -0.000159329 8.77357e-05 -0.00599768 -3.01043e-06 -0.000761447 -0.00248936 -0.000149024 0.000448954 9.31657e-05 -0.00130516 -0.0037605 -0.000376159 0.00505869 0.000615834 -0.000482418 -0.00657282 3.13762e-05 -0.00141694 
0.00106814 0.000103899 -1.61154e-05 -0.00142721 0.00946329 -9.32587e-05 7.35059e-05 -0.00702325 -0.000274035 -0.00133323 0.000172385 0.000132513 8.40626e-05 9.10534e-06 -0.00383038 0.00813221 -1.9143e-06 -0.0101339 -0.00318405 -0.0098051 0.000599776 -0.00227191 -0.00135971 0.0134222 0.0110946 0.00643074 -0.000402769 -0.0085306 0.000229831 0.00151513 -0.00832673 0.001383 -0.00388322 4.89999e-06 1.95676e-05 -2.05447e-05 0.0065732 0.0105578 0.0103658 -4.40608e-05 -0.000244406 0.000413469 -0.0105577 -0.000374865 -0.00619159 4.02059e-06 -0.00753565 -1.68873e-05 -2.0904e-05 -0.00656085 8.07233e-05 -8.3039e-06 -0.000157603 0.00998855 -0.0108712 -0.000767078 5.35722e-05 0.00591754 -0.000664779 -0.0060915 0.00906835 0.00991398 -0.00952191 0.000456204 -1.26138e-05 -8.74505e-06 -1.1902e-06 -0.000845492 -7.37347e-06 -0.0026661 0.000418775 -0.00413744 0.0103171 -0.000600659 0.000805124 -2.42655e-05 -0.00228148 -4.25355e-06 0.000799271 0.000403772 -0.00607134 -0.00544731 0.00522389 -0.000447704 -0.00364104 4.11038e-06 -9.44062e-05 0.00130945 -6.99273e-05 -2.47519e-05 0.000497411 0.0101008 -0.00299199 0.00316346 -0.000549542 -5.49622e-07 0.000159875 -0.00111508 0.00239138 -0.000335999 
0.00228873 0.000113828 6.12263e-05 0.0115341 0.0222099 0.000236381 7.14931e-05 0.00114425 -0.00113488 -0.00547371 0.000594454 0.000186942 5.83283e-05 5.09139e-05 -0.0151029 0.00766478 5.80432e-05 -0.0138676 -0.0144367 -0.0102642 0.00126721 0.00314972 -0.00541061 0.0110946 0.0526652 0.00848022 -0.00321552 -0.00948902 0.000224854 0.00292417 -0.029086 0.00139555 -0.007708 8.38062e-06 -0.000196979 -0.000122649 0.00667203 0.0149456 0.0122494 -0.000232347 0.000988212 0.000605567 -0.0110609 -0.00143187 -0.0275203 0.000789956 -0.0023942 -8.14444e-05 -0.000105906 0.0037111 0.000548832 -3.10941e-05 0.00231559 0.00833401 -0.0163939 -0.00350871 0.000454838 0.00407695 -0.00335282 0.00304918 0.00839769 0.0115045 -0.0191665 0.000471294 0.000209572 -2.04188e-05 -5.59335e-06 0.00307787 -2.91236e-05 -0.0109022 0.00140407 -0.0166623 0.0120737 -0.00262004 0.00731036 0.000146073 -0.00635747 -1.86175e-05 0.000818842 0.000805888 0.00759532 -0.00714102 0.00478182 0.00280511 -0.00431177 2.04658e-06 7.74699e-05 0.00155719 -7.29941e-05 0.000109468 0.00176142 0.0105643 -0.0127108 0.00307377 -0.00213114 6.72697e-05 -0.000170704 -0.00260234 0.00225219 -0.000546638 
0.000192751 0.000119133 4.31806e-05 0.000101714 0.005728 -0.000138796 -1.33814e-06 -0.00522878 -6.59396e-05 -0.0014761 -0.00023063 -5.65751e-06 2.01616e-05 8.75808e-06 -0.00488605 0.00466586 2.43377e-05 -0.0057936 -0.00645153 -0.00520682 1.40166e-05 -0.000642148 0.00082989 0.00643074 0.00848022 0.0201185 -0.00045623 -0.00951081 3.94074e-05 0.000529762 -0.00813982 0.000896659 -0.00792566 1.16573e-05 -6.5542e-05 -3.28301e-05 0.0046924 0.00609385 0.00648677 0.000199692 0.0020534 0.000267585 -0.00697095 0.0034153 -0.00515129 0.00233076 -0.00296772 -3.57325e-05 -5.23405e-06 -0.00476567 0.000255021 -1.18148e-05 -0.000953502 0.00553348 -0.0109307 -0.00119606 0.000316391 0.00150403 -0.000339387 -0.000756043 0.00636685 0.00612306 -0.00888338 0.000113811 8.63576e-05 5.59948e-06 9.576e-06 -0.00122429 -1.09037e-05 -0.00366556 -0.000127241 -0.00363087 0.00655414 -0.000959412 0.00340167 -3.76645e-05 -0.00298631 -1.36244e-05 -0.000746055 1.30763e-05 -0.00459516 -0.00149644 0.00397583 0.00342135 0.000290684 4.71267e-06 0.000264844 0.00256353 0.000632397 0.00025643 -4.21999e-05 0.0064771 -0.00434384 0.00231053 -0.000810027 -3.76447e-05 -6.78405e-05 -0.00157577 0.00171289 -0.000391263 
-0.00016431 -5.9586e-06 -8.51293e-05 -0.00322734 -0.00430311 -0.000420043 -2.17805e-05 0.00840909 0.000906888 -0.00483729 -0.000617957 -1.87158e-05 0.000134609 -3.96698e-05 -0.0124783 0.0142131 0.000228119 0.00372332 0.0230928 -0.00403918 2.04045e-06 -0.00175279 -0.00385212 -0.000402769 -0.00321552 -0.00045623 0.0570709 -0.0220809 -5.37306e-05 -0.00026159 0.00944368 0.000203346 -0.00172457 0.000158722 0.00214265 3.09544e-05 -0.000282311 -0.00223971 -0.000919632 0.00247959 -0.000220922 -3.94731e-05 -0.0175313 -0.00172033 -0.00412394 0.000921896 0.00336554 -0.000110837 0.000206834 -0.00265202 4.7069e-05 -2.29473e-05 -0.0034031 0.0131776 0.00104891 -0.00321953 -0.00013302 -0.0162963 0.00824898 -0.00316828 0.0136175 -0.00077518 0.00949582 -3.74686e-05 0.00133466 -1.11315e-05 6.50551e-06 -0.00342593 -1.04292e-05 -0.00831247 0.00122599 -0.0108069 -0.000764999 0.00389592 -0.00263885 -0.000154744 -0.0016368 0.000329108 0.0144024 -6.61948e-05 -0.0110336 -0.0208303 -0.00101593 -0.00297402 -0.00947905 5.36607e-06 0.00181005 0.00969318 0.00189311 -0.000110562 -0.000163788 6.44439e-05 -0.0120082 -0.000140631 -0.00226817 -6.64516e-05 0.00396324 -0.00146288 -0.000195383 -0.000461168 
-0.00205584 -0.000107168 -0.00096515 -0.023278 0.00756431 -0.000994605 -5.35754e-05 -0.0327291 0.000212905 0.0158181 -0.00580365 -0.000355827 -0.000808239 -6.76358e-05 0.057468 -0.0405505 -0.000364843 0.0296355 -0.0889931 0.0354309 -0.00179582 -0.0473365 -0.00912035 -0.0085306 -0.00948902 -0.00951081 -0.0220809 0.183204 -0.000680826 -0.0031139 0.0361386 -0.00109479 -0.0130155 -0.000175621 -0.00124443 0.000531364 -0.00563897 -0.022246 -0.0112868 -0.00307104 -0.0163809 -0.00133828 0.0255841 -0.00301864 0.0263778 -0.0114604 -0.00330969 0.000351007 -0.000363552 0.0274397 -0.000929084 0.000109543 -0.0311002 -0.0221701 0.0207234 0.00707864 -0.00279261 0.0303253 -0.0177061 0.0603001 -0.0287293 -0.00941858 0.0295233 -0.000762563 -0.00100518 -0.000161674 1.52465e-07 -0.027314 5.83236e-05 0.0278545 -0.00171334 0.0478654 -0.0101214 -0.00709223 -0.0249562 -0.00239382 -0.0359283 -0.000440913 -0.0439315 -0.000755647 -0.00361257 0.0527818 -0.00553001 -0.0258891 0.00672518 -3.50333e-05 -0.000988309 -0.0273462 -0.010633 -0.001157 -0.00251227 -0.00943539 0.0266741 -0.00260201 -0.00318278 -0.000340606 -0.00340313 0.0104867 -0.00204927 0.00430714 
1.99468e-05 2.96445e-06 -1.12995e-06 -0.000191629 5.97778e-05 1.2378e-05 1.71178e-05 -0.00066456 -1.80637e-05 -4.11488e-05 0.000668527 3.57727e-05 1.47968e-06 3.0108e-06 -0.000287538 0.00083485 1.34329e-05 -0.000838816 -0.000344976 -0.000818825 8.56845e-06 -0.000220099 -9.23998e-05 0.000229831 0.000224854 3.94074e-05 -5.37306e-05 -0.000680826 0.00090451 0.000806627 -0.000629915 -2.35176e-07 0.000296109 2.17134e-06 0.000385399 -2.26326e-06 0.000142502 0.000739567 0.000836074 -3.17808e-06 -2.05029e-05 0.000203 -0.000865987 0.000628248 -0.000464636 -3.12481e-06 -0.000673476 2.20784e-06 -1.81726e-06 -0.000545123 -8.94938e-07 -3.59144e-07 0.000480365 0.000224368 -0.000368946 0.000437743 -8.59112e-07 2.29085e-05 -5.84164e-05 -0.000468734 0.000124665 0.000336602 -0.000454878 8.40025e-08 -6.20461e-06 1.68017e-07 -9.58201e-08 0.00038678 -3.57241e-07 -0.000174022 4.19391e-05 -0.000267558 0.000476996 -3.54057e-05 -3.49044e-05 0.000431189 -0.000160098 -4.96312e-07 0.000683658 7.17633e-06 -0.000546416 -0.000401633 -1.11721e-05 -4.67317e-05 -0.000314484 3.383e-06 -7.01127e-06 1.63136e-05 -1.76965e-05 -1.93089e-06 5.57794e-05 0.00018384 -0.000166112 0.000115824 -3.57113e-05 -1.70431e-06 -4.14711e-06 -7.31974e-05 -9.00202e-07 -2.30392e-05 
0.00164037 2.50275e-05 3.56916e-06 -0.000825329 0.000313541 9.71939e-05 6.99564e-05 -0.00298122 -8.72836e-05 -0.000301042 0.00165165 0.000156258 3.23118e-05 -1.16123e-06 -0.0012319 0.00370699 5.25086e-05 -0.00388262 -0.00156131 -0.00385023 0.00125061 -0.000723594 -0.000412935 0.00151513 0.00292417 0.000529762 -0.00026159 -0.0031139 0.000806627 0.0043256 -0.00289476 4.72149e-06 0.00132864 -2.45821e-06 0.000569491 2.32314e-06 0.00111723 0.00376135 0.00383971 -8.70545e-06 -0.000145827 0.000349279 -0.00378496 0.00100146 -0.00216136 -5.19989e-05 -0.00316052 -2.95495e-06 -8.68064e-06 -0.00246077 6.212e-05 5.21221e-05 0.00178398 0.00124917 -0.00292341 0.000326501 5.52942e-06 0.00216944 -0.000268636 -0.0020692 0.00107663 0.0030021 -0.00302437 1.05984e-05 -2.48712e-05 8.79057e-06 -4.59819e-07 0.000608989 7.98584e-06 -0.000812312 0.00142445 -0.0012612 0.00341714 -0.000157297 -0.000179906 0.000784693 -0.00075896 -1.2262e-06 0.00232044 0.000292614 -0.00246508 -0.00174264 8.07163e-06 -0.000211609 -0.00147431 3.20713e-06 7.71385e-06 -0.000140186 -8.58442e-05 1.91602e-05 0.00156151 0.000862199 -0.000682303 0.000436397 -7.99558e-05 -8.10194e-06 -2.02423e-05 -0.000270413 6.29646e-05 -6.03386e-05 
-0.00189493 -8.74714e-05 -0.000995933 -0.119028 -0.0136064 -0.00408345 -0.000165309 -0.0359483 0.00592591 0.0174766 -0.00449437 -7.83221e-05 -9.19814e-05 -0.000594861 0.056553 -0.000398467 -3.58575e-05 0.0309003 -0.00417132 0.0142511 -0.00125282 -0.0627961 -0.00335477 -0.00832673 -0.029086 -0.00813982 0.00944368 0.0361386 -0.000629915 -0.00289476 0.208089 -0.000760444 0.0106984 -0.000362641 0.000484848 0.000250608 -0.00468057 -0.0256101 -0.0106522 0.00100735 -0.012398 -0.000534336 0.00404109 -0.0035142 0.0788084 -0.0082124 -0.016914 -0.000536234 0.000219701 -0.0126572 -0.0014174 0.000138644 -0.0418432 -0.00116715 0.0441749 0.000915797 -0.00235581 0.0158575 -0.00592121 -0.0293902 -0.00123531 -0.00895692 0.0339003 -0.000693207 -0.00474678 -0.000244118 8.31561e-06 -0.0380044 0.00014715 0.0372572 -0.00185622 0.0531641 -0.00944676 -0.00172614 -0.0309284 -0.00198259 0.00409467 0.000125328 -0.0144869 -0.000735576 -0.0635925 0.0412076 -0.000635664 -0.0360077 0.044748 -1.03587e-05 0.00106694 -0.00158651 -0.0127825 -0.000468722 -0.00223921 -0.00833838 0.0313664 -0.00236705 0.00247119 0.000310711 0.00125736 -0.0441405 -0.00217493 -0.0160301 
7.38516e-05 5.13986e-07 -2.90732e-06 -0.000565318 0.00137065 -1.7001e-05 -1.0551e-06 -0.000862679 -3.5317e-05 -0.000260595 -2.49613e-05 1.95308e-05 -2.11944e-06 2.38586e-06 -0.000757173 0.000341283 3.95425e-06 -0.00157677 -0.000153166 -0.0016218 -4.34416e-06 -0.000323114 -3.30487e-05 0.001383 0.00139555 0.000896659 0.000203346 -0.00109479 -2.35176e-07 4.72149e-06 -0.000760444 0.00270456 -0.000505254 -8.1347e-07 7.84989e-06 -5.2195e-06 0.000603308 0.00144295 0.00148916 1.32635e-06 -8.46802e-05 0.000211659 -0.00169207 -7.61317e-05 -0.000934404 -3.51824e-05 -0.00118644 -5.09881e-06 -5.19694e-06 -0.000945086 -4.37352e-06 1.32172e-06 -5.60002e-05 0.00164922 -0.00137082 -9.55761e-05 -1.02541e-05 0.000731493 -0.000149431 -0.000992131 0.00153246 0.0014932 -0.00136078 0.000294566 -1.84459e-05 2.40015e-06 -2.87029e-07 -0.000171539 -1.32285e-06 -0.00051846 -1.02675e-05 -0.000784418 0.00147047 0.000135641 -0.000101276 -8.40427e-06 -0.000237042 1.69605e-05 2.0011e-05 1.06173e-05 -0.000919185 -0.00110394 0.00112874 -0.000139873 -0.000859831 5.89204e-07 -2.01987e-05 0.000251063 -2.52714e-05 -6.12346e-06 -1.25479e-06 0.00152281 -0.000546755 0.000176198 0.000107146 7.23141e-06 2.4051e-05 -0.000168504 0.000591666 -6.99414e-05 
0.000892774 -5.81697e-05 -0.000492075 -0.000776734 -0.0393561 -0.00143994 5.78277e-05 -0.0640635 -0.00796258 0.0419585 0.00610223 -0.000168163 -0.000256568 -0.000333095 0.0461075 0.0182837 -3.10149e-06 -0.0163162 0.00951897 -0.0366011 0.000604726 0.0329162 0.0048746 -0.00388322 -0.007708 -0.00792566 -0.00172457 -0.0130155 0.000296109 0.00132864 0.0106984 -0.000505254 0.242425 -0.000228838 -0.000741985 0.000565855 -0.00249329 0.00846003 -0.000450979 0.00209652 -0.0080898 2.71416e-05 -0.0031483 -0.00581018 0.00629603 -0.00347641 -0.100152 0.000517329 0.000205141 -0.0732793 -0.000504387 0.000209717 0.0106957 0.00336782 0.0150423 0.0307192 -0.00149988 0.0548818 -0.00554434 -0.107313 0.0105807 -0.00141022 0.0227317 -0.000343894 -0.00103227 -0.000120461 8.16157e-06 0.00614911 0.000293011 0.0484979 0.000428507 0.0373852 -0.0013841 0.00803189 -0.0124559 0.00200592 0.00845596 -0.000269169 0.0249366 0.000273615 -0.0584551 -0.0906493 -0.00622003 -0.0111399 -0.121004 8.51593e-06 0.000645498 0.00724254 -0.00272468 -5.06474e-05 0.000684535 -0.00312825 0.0921657 -0.00115987 0.0111597 -0.000427523 -0.00134183 -0.00231899 -0.000831174 0.000954528 
