0.0341398 5.5744e-05 -6.99474e-06 -0.00494085 -0.00301079 0.000115243 0.000262892 -0.00469974 0.00320563 0.00248459 0.000420227 -3.67845e-05 0.000209086 -6.45112e-05 0.00270874 -0.00240883 0.00305227 -0.00240824 -0.00206085 -0.0153293 0.00357988 -0.014855 0.000977908 -9.23514e-05 0.000577491 0.00489287 -0.00206306 -0.0116467 0.000449371 -0.0131751 -0.00211968 0.0185341 0.000929574 -0.00380679 0.000834681 0.000442091 -0.000252134 -0.000608262 -0.00158585 -0.000391696 0.000430073 -0.00182698 0.000680005 0.00093623 -0.000802152 -8.908e-05 6.04503e-06 0.00758537 -0.000108059 -2.46563e-05 -0.00418661 -2.62608e-05 0.000164332 0.00063074 0.0019707 0.000947443 -0.00201715 0.000781488 -0.00240028 -4.88709e-06 1.36549e-05 0.0018655 -0.00499387 -0.000377369 -0.000951037 -0.000272714 0.00311008 0.0013186 0.00528743 -0.000298562 -2.34675e-05 0.00160801 -0.00594119 0.000658258 -0.00054795 -0.000707042 -0.000969707 2.75502e-05 -0.000208606 -0.00308235 -0.000623348 0.00079685 0.000195264 -3.76139e-06 -0.000135967 -0.00159361 -0.00273572 -2.1039e-06 0.0141122 -0.00223399 -1.06529e-05 -2.66566e-05 -8.93502e-05 0.00198919 -0.00111115 -7.21434e-05 0.00137412 -2.00094e-06 -0.000129371 -0.000167854 
5.5744e-05 0.00102204 -5.5062e-07 0.000327692 0.000669374 0.000967282 7.65282e-06 -0.000765576 -7.01656e-05 7.09254e-05 6.78652e-05 -5.51624e-06 0.000906232 2.1567e-05 -2.9329e-05 -0.000898507 -5.64115e-05 -0.000903475 -0.000873998 -0.00047221 0.00089724 -5.81206e-05 -7.48191e-06 6.23798e-05 4.93444e-06 -0.000548691 -7.11698e-05 -0.000667565 0.000266545 -0.00060961 0.000112353 -0.000112142 0.000838763 -0.000240752 0.00013822 -1.0878e-05 -0.000808377 2.09843e-05 -2.43167e-05 -9.21768e-05 -4.86444e-05 -0.00079368 2.9709e-05 -1.84773e-06 -1.67666e-05 1.84782e-06 -1.25982e-07 -0.000129518 -9.82222e-06 -5.95944e-06 -0.000800718 -2.56361e-07 -0.000746205 0.000954422 -4.7115e-05 0.000786493 -5.79732e-05 4.84291e-05 0.000403811 1.70223e-06 -1.56245e-07 -4.85521e-05 -0.000143999 0.000790121 0.00026624 -1.01936e-05 -4.78219e-05 -5.36521e-06 -0.00028345 -8.86852e-06 -2.01463e-06 -0.000833108 -0.000172016 1.88397e-05 0.000943102 -1.95883e-05 0.000541689 5.50688e-05 -7.6719e-06 -9.18573e-05 -1.77796e-05 5.73016e-05 2.21571e-05 -1.70013e-07 2.71442e-05 8.96459e-05 -0.000121 -8.18228e-08 -0.000178301 -6.36084e-05 4.13801e-06 2.62481e-06 -4.76763e-06 -9.62278e-06 -3.16341e-05 -1.3074e-06 -2.4016e-05 -2.69825e-07 0.000595697 1.49001e-05 
-6.99474e-06 -5.5062e-07 0.000537907 0.000170159 -4.74355e-05 0.000478848 -3.08713e-06 -0.00040154 -3.70806e-05 0.000475397 -2.05385e-06 -3.61026e-06 0.000466127 -2.53516e-07 3.65874e-05 -0.000475194 0.000488409 -0.000478892 -0.000454758 -0.000248408 -2.05634e-07 5.58796e-05 -8.82004e-06 4.28342e-06 0.000477705 -0.000295757 -3.74549e-05 -0.000350151 0.000442228 -0.000333823 -2.68414e-05 -7.49625e-05 -7.85936e-06 0.00037766 -4.65173e-06 1.85543e-05 -0.000426941 -1.72346e-06 -2.21165e-06 -4.27572e-05 -2.18192e-05 -0.000417885 -5.86174e-06 -9.72005e-07 -6.88962e-06 7.32884e-06 9.76064e-08 -9.60993e-05 -5.16701e-06 -3.15252e-06 -0.000421315 7.44248e-07 -0.000392477 5.6699e-06 2.53476e-05 -1.47375e-05 -3.12372e-05 -1.64596e-06 -3.86779e-05 3.49642e-07 -8.21934e-08 -2.02696e-05 0.00036321 -2.99007e-06 -1.83852e-05 -3.89793e-06 6.63533e-05 2.30543e-05 -0.000149177 6.41608e-06 4.96495e-06 -0.00043323 -8.24857e-05 9.66489e-06 0.000452319 -1.08481e-05 -2.65464e-05 -4.25496e-08 -4.1235e-06 -4.76835e-05 -9.28732e-06 0.000473078 -1.75899e-07 -7.94357e-08 1.06274e-07 -5.76081e-05 -6.31519e-05 -4.30432e-08 -9.48364e-05 -3.12595e-05 -2.11466e-07 -4.16557e-07 -2.59588e-06 -4.63289e-06 -1.71758e-05 -1.25941e-06 0.000403995 -1.41942e-07 -2.90173e-06 0.000445051 
-0.00494085 0.000327692 0.000170159 0.220124 -0.0090137 0.0127666 0.00166108 0.0131677 -0.0130198 0.018921 0.00232699 -0.00344711 -0.000925466 0.000336257 0.00948824 -0.0218691 0.0247132 -0.0269856 -0.0114756 0.00278878 0.00809769 0.0527021 0.00451559 -0.0001137 0.0126194 -0.0563047 -0.0294684 -0.0278324 0.00705402 -0.0213691 0.0138659 -0.0399249 0.00548617 -0.00576693 0.00219615 -0.00310796 -0.0215636 -0.00447846 0.0132195 -0.0539922 0.00837404 -0.0246996 0.00288007 -0.000972088 0.00316606 7.10791e-05 -0.000287938 0.00404884 -0.00215857 -0.00391986 -0.0490932 0.000184164 -0.0260122 0.00256362 0.0150561 0.00841651 0.0112928 0.000659845 -0.0359276 3.46214e-05 -7.83872e-05 0.00931997 0.0312483 -0.00236564 0.0135279 0.00128672 0.013906 -0.000596009 0.0410675 -0.00408037 8.11296e-05 0.0136521 -0.0730041 0.00253974 0.0157814 0.00475011 0.00587502 0.000137239 -0.00242472 -0.0397529 -0.00418853 0.00270292 -0.00232511 -0.000111748 0.000620739 0.0116764 -0.0521156 -5.09487e-05 -0.00787486 0.0152269 -6.53627e-05 6.49123e-05 -0.00220373 -0.00303234 0.00975793 -0.000968644 0.00758162 -0.000130804 0.000101254 0.00983847 
-0.00301079 0.000669374 -4.74355e-05 -0.0090137 0.0823737 0.00737567 -0.000506682 -0.00979226 -0.0061744 -0.00235926 -0.000500661 -0.00052108 0.00459034 9.10082e-05 -0.0017207 -0.0118063 0.00246259 -0.0145394 -0.018578 0.00556222 0.0034773 0.008733 -0.00145162 -0.00011041 0.000556227 -0.0170452 0.0121407 0.0166329 -0.00019304 -0.0105251 -0.00419509 -0.0144711 0.0029585 0.012041 -0.000829869 -0.000346592 -0.0141226 0.00287047 0.0147741 0.0190347 -0.000431902 0.0037857 -0.00125199 -0.000153604 -0.00267394 0.000473171 0.00044071 -0.0160176 -0.000545558 0.00016682 -0.00442277 -2.82061e-05 -0.0463089 0.00318629 -0.00402961 0.00114925 -0.00523695 -0.000358438 -0.000976351 1.07075e-05 3.08024e-06 -0.000152793 0.00566611 0.00730674 0.0138068 -0.000678531 -0.00414729 -0.000343713 -0.0236871 0.00305075 0.000335753 -0.0437196 -0.00315319 -0.000504511 0.0168651 0.00971195 0.0118596 -2.55909e-05 -0.000433413 -0.00361901 0.00214463 0.000799137 -0.000203979 2.78414e-05 2.16944e-05 -0.00933149 -0.00501089 1.21359e-05 -0.0161484 0.01697 -3.30297e-05 -8.7996e-06 -0.000327422 -0.000599528 0.012794 0.00112894 -0.00222844 -1.30088e-05 0.00426393 0.0263424 
0.000115243 0.000967282 0.000478848 0.0127666 0.00737567 0.0385034 0.000559662 -0.0266139 -0.00191505 0.0148685 0.000342072 -0.00024129 0.0095588 0.000516665 0.00181284 -0.0339256 0.025376 -0.0339787 -0.0329016 -0.0181187 0.00562951 -0.00406942 0.00202562 0.000891506 0.0178291 -0.0213896 -0.00277877 -0.0127588 0.0170231 -0.0268369 0.00914242 0.00107738 0.00971829 0.0127812 0.00219619 -0.000201784 -0.0313524 0.00205546 0.0236395 -0.00352213 -0.00180753 -0.0303819 0.00689221 -7.14612e-05 0.0104537 0.000573107 6.89724e-05 -0.00624999 -0.000322236 -0.000234924 -0.0313282 0.000577492 -0.0291417 0.00574625 -0.000651545 0.0178406 -0.00188367 0.00260296 -0.0012771 3.08987e-05 -5.50596e-06 -0.0017238 0.0192349 0.00537754 0.0239516 0.00280036 2.51851e-07 -2.04424e-05 -0.0110714 -0.000144329 3.63231e-05 -0.0324917 -0.00634745 0.00697269 0.034875 0.00366393 0.00174532 0.000496186 -0.000172806 -0.00324728 -0.000389097 0.00806119 0.000274141 1.21543e-05 0.000336272 0.000487114 -0.00434945 -3.14472e-06 -0.00566843 0.00989163 4.30525e-05 0.00014999 0.000629941 -0.000223436 0.0148858 0.000291752 0.000756314 7.25423e-06 0.00347224 0.0193231 
0.000262892 7.65282e-06 -3.08713e-06 0.00166108 -0.000506682 0.000559662 0.00578887 -0.00352738 -0.000334195 0.00447782 0.000884194 -3.14028e-05 1.46445e-06 -1.1022e-05 0.00368677 -0.00494745 0.00484652 -0.00486204 -0.00489249 -0.00267372 0.00172585 -0.000161287 0.000131657 -9.90849e-06 0.00272846 -0.00299142 -0.000243186 -0.00375757 0.000756266 -0.00367419 -0.000389979 -2.72747e-05 0.000563057 0.00368159 -1.61355e-05 0.000226896 -0.00443645 -6.06014e-05 -8.81622e-05 -0.000406097 0.00405177 -0.00449714 0.000114445 -9.82616e-06 -2.92058e-05 0.000252694 4.52367e-05 -0.000993836 -5.51488e-05 -1.88072e-05 -0.00438655 4.92007e-08 -0.00399364 -3.83319e-05 0.00432489 0.00082887 -0.0003382 0.000384128 -0.000394641 -7.46376e-07 -8.89253e-07 0.00427545 -0.000572422 -7.54092e-05 3.23413e-05 4.04362e-05 0.00429293 0.000113631 -0.00157548 -2.5107e-05 7.08332e-05 -0.000385752 -0.000977411 0.000541656 0.000454198 -0.000110169 -6.77272e-05 -1.24272e-06 -2.5749e-05 -0.000516302 -0.000102899 0.000483678 1.56089e-05 -2.24275e-07 -2.21816e-05 0.000188453 -0.000680949 3.50098e-06 -0.00103253 0.000645155 -2.2612e-06 -4.47341e-06 4.78557e-05 -6.38571e-06 -0.000138555 -4.85592e-07 0.0019253 -1.50234e-06 -2.24572e-05 0.00403256 
-0.00469974 -0.000765576 -0.00040154 0.0131677 -0.00979226 -0.0266139 -0.00352738 0.18663 0.0107821 -0.0521335 -0.00499544 0.0012609 -0.0114314 -0.00106342 -0.0244999 0.0808732 -0.0555866 0.0791496 0.0903786 0.0905457 -0.0371693 0.00499273 -0.0111651 -0.000729213 -0.0463284 0.109525 0.0121921 0.0326249 -0.0169101 0.0823609 -0.00670318 0.0253938 -0.00817056 -0.11883 -0.0038448 -0.00553656 0.0668662 -0.0148301 -0.0333393 0.01689 -0.0335993 0.0597964 -0.00977764 -0.000194463 -0.017371 -0.00168815 -0.000533582 0.0165921 0.00121473 0.00126488 0.07014 -0.000532051 0.0511471 -0.00576953 -0.033988 -0.0138695 -0.000429918 -0.00405555 -0.049887 -4.59233e-05 2.632e-06 -0.0371603 -0.0255603 -0.00980685 -0.0319887 -0.00749214 -0.0376501 -0.00314634 0.0181446 -0.0069088 -0.00137294 0.0388525 -0.0019982 -0.00462983 -0.0403772 -0.0150324 -0.0184582 -0.000402987 -0.00171882 -0.0600517 -0.00670474 -0.00552844 0.000549723 -0.000124737 -0.00297329 0.0243815 -0.0705023 -1.33211e-05 0.0191439 -0.0196083 -0.000291768 -0.000505985 -0.00234746 -0.00163519 -0.0245903 -0.000513169 -0.0211373 -0.000195526 -0.00404112 -0.0695865 
0.00320563 -7.01656e-05 -3.70806e-05 -0.0130198 -0.0061744 -0.00191505 -0.000334195 0.0107821 0.0641936 -0.00493094 -0.00045965 5.51833e-05 0.000112547 -7.59337e-05 -0.00180915 0.00673416 -0.00455679 0.00686126 0.00860179 -0.0297834 -0.00293088 -0.0185269 -0.000558065 0.000268022 0.000252374 0.0150391 0.00680788 -0.0312882 -0.00113138 -0.0157438 0.00986412 0.0291143 -0.000793856 -0.0158608 -0.000634361 1.63086e-05 -0.0365689 0.00474127 -0.00164348 0.00791662 -0.00324468 -0.0461657 -0.00020006 -4.39084e-05 0.00978291 4.46194e-06 -5.68936e-06 0.0293409 0.000660927 0.00295197 -0.0241795 -3.15756e-05 9.61477e-05 -0.000433656 -0.00320528 -0.0012804 0.0253707 -0.000395068 -0.00475235 -1.19729e-05 8.59204e-05 -0.00353454 0.0162446 -0.000895378 -0.00253837 -0.000330164 -0.00351712 -7.13878e-05 -0.0166452 -0.00064062 -8.22051e-05 0.000421457 -0.0113616 -0.000184588 -0.00316654 -0.00118829 -0.00319758 -3.73367e-05 0.00347078 -0.00621269 0.00156973 -0.000646919 0.00297358 -1.13941e-05 -9.02917e-05 0.0319425 -0.00716504 2.60925e-05 0.0457142 -0.000301656 -1.11806e-05 -3.12144e-05 0.000694493 -0.00023062 -0.00202686 -0.000126974 -0.00193734 -1.8184e-05 -0.000371735 -0.00654753 
0.00248459 7.09254e-05 0.000475397 0.018921 -0.00235926 0.0148685 0.00447782 -0.0521335 -0.00493094 0.0678375 0.00456741 -0.000482757 0.00633688 -9.6172e-05 0.0285911 -0.0625824 0.0565914 -0.061095 -0.0584722 -0.033075 0.0351431 0.00574518 0.0117887 0.000152611 0.0478744 -0.0400113 -0.0049815 -0.0411574 0.00456528 -0.0464506 0.00725349 -0.0116242 0.000842285 0.049841 0.00229137 0.00277409 -0.0540972 0.00759155 0.0120109 -0.00444069 0.0394294 -0.0562303 -0.00100186 -0.000130133 0.00401855 0.00116676 2.83643e-05 -0.0128938 -0.00067839 -0.000426867 -0.0560981 0.000559971 -0.0504514 0.00284787 0.0428831 0.00611041 -0.00363235 -0.000183735 -0.0047485 -1.2412e-05 -8.98834e-06 0.0428282 0.00638544 0.00345586 0.00945514 5.79659e-05 0.0458621 0.0024372 -0.0195811 0.00472663 0.00145842 -0.0141663 -0.0117124 -0.000550513 0.0130812 -0.000855061 0.019035 0.000306633 -0.000373638 -0.00586865 0.00765868 0.00207698 -0.000262146 2.882e-05 -0.000185671 -0.00692575 -0.00837205 -4.22056e-06 -0.0121622 0.00704884 -1.03229e-05 2.29381e-05 0.0009969 -0.000501535 0.00519441 -7.50501e-05 0.0254552 1.05225e-05 -0.000147466 0.0585172 
0.000420227 6.78652e-05 -2.05385e-06 0.00232699 -0.000500661 0.000342072 0.000884194 -0.00499544 -0.00045965 0.00456741 0.00749995 -3.18666e-05 0.000405648 -9.4361e-06 0.00319018 -0.00428852 0.00380747 -0.00427553 -0.00402887 -0.0034033 0.00347661 0.000578895 9.27384e-05 0.00019598 0.0038065 -0.00396 -0.000510098 -0.00484518 -8.63306e-05 -0.00477222 3.80165e-05 -0.00120896 0.000372549 0.00288914 0.000232682 0.000149852 -0.0038778 -0.000159711 -9.47667e-05 -0.000610331 0.00271093 -0.00381333 -0.00010296 -3.35503e-06 -0.000207011 -1.16935e-05 -1.93921e-06 0.000787176 -6.36491e-05 -3.58359e-05 -0.00571206 6.29058e-06 -0.00301776 0.000421486 0.00383243 0.000352294 0.00129057 -1.30214e-05 -0.000517442 -1.36236e-06 -5.74115e-07 0.00373128 0.00110106 2.2354e-06 7.23037e-05 -4.8996e-05 0.00373779 1.41288e-06 2.02047e-05 -3.56824e-05 1.26205e-05 9.16953e-05 -0.00124517 -6.04931e-05 0.000126465 -0.000130786 0.000377984 0.000305233 -5.77267e-05 -0.000673011 2.69661e-05 5.97773e-05 -1.58894e-05 -6.22474e-07 -2.73888e-05 -0.000406373 -0.000750944 1.60894e-06 0.000883563 -0.000424628 2.7807e-06 -1.46907e-06 -3.47534e-05 5.68688e-05 -9.20237e-05 -1.62739e-05 0.000623442 -1.59641e-06 -3.09545e-05 0.00369607 
-3.67845e-05 -5.51624e-06 -3.61026e-06 -0.00344711 -0.00052108 -0.00024129 -3.14028e-05 0.0012609 5.51833e-05 -0.000482757 -3.18666e-05 0.00666307 -9.0774e-05 -9.71278e-06 -0.000223571 -9.71371e-05 -0.000514713 0.000533461 0.000395201 0.00042606 -0.000171187 -0.00458817 -9.64653e-05 0.000292743 -0.000363066 0.00225404 0.00150884 0.00079477 -0.000151808 0.00128919 -0.000358179 0.00134226 -0.000140662 -0.00120448 -4.839e-05 5.65269e-06 -1.12928e-05 -0.000146522 -0.000289598 0.00150889 -0.000199225 0.000537276 -8.71628e-05 -6.80836e-06 -0.000218772 9.35319e-05 2.6045e-05 -0.000359722 0.000644052 0.000891937 0.00122113 -4.98381e-06 -2.82942e-05 -4.42551e-05 -0.000316058 0.000356994 -0.000328029 -3.15333e-05 -0.000221229 -1.10264e-06 1.30888e-06 -0.000203473 -0.000817984 -5.14777e-05 -0.000286079 -5.84673e-05 -0.000344431 -3.36548e-05 -0.00181029 7.34631e-05 -1.17569e-05 -0.00136191 0.00132877 -4.85385e-05 -0.000320665 -0.000126953 -0.000158918 6.54838e-05 0.000108988 -0.000486044 2.03945e-05 -5.77579e-05 0.000101603 8.81619e-05 -2.6685e-05 0.000163878 -0.000600767 1.54018e-06 -0.000948451 -0.000426091 -2.34571e-06 -4.84862e-06 0.0001023 2.33013e-05 -0.000209924 0.000141903 -0.000180979 -1.07916e-06 7.33597e-05 -0.000661782 
0.000209086 0.000906232 0.000466127 -0.000925466 0.00459034 0.0095588 1.46445e-06 -0.0114314 0.000112547 0.00633688 0.000405648 -9.0774e-05 0.0171601 0.000256757 0.000160667 -0.0140794 0.0026232 -0.0142882 -0.0133868 -0.0080598 0.0104733 -0.00387672 0.000278187 0.000593483 0.0120572 -0.0078224 -8.3601e-05 -0.0106004 0.0054668 -0.0103779 0.000413738 2.92285e-05 0.00683757 0.00425102 0.00118954 -0.000145249 -0.0137732 0.00673252 0.00121496 0.0032648 0.00474809 -0.0135397 0.00109307 2.21872e-05 0.000485114 8.74096e-05 9.22496e-05 -0.0026723 -0.000152569 7.32689e-06 -0.0125674 8.21603e-05 -0.0126152 0.00525017 -0.00025348 0.00728259 -0.000965608 0.000868624 -8.77585e-05 1.41914e-05 5.02272e-06 0.00494971 -5.06371e-05 0.00975694 0.00143324 -6.19825e-05 0.00167028 -8.759e-05 -0.00483703 0.00521556 5.19795e-05 -0.0140853 -0.00292848 0.00123369 0.00869742 -0.000302444 0.00683859 0.000495834 -5.13862e-05 -0.00156989 0.00491998 0.00301035 0.00160175 4.1961e-05 6.10514e-05 0.00030896 -0.0020322 9.01986e-06 -0.00273264 -0.000732764 6.94318e-07 2.27322e-05 0.000876579 -8.28197e-05 -0.000562491 1.31406e-05 0.00207102 1.67047e-06 0.00393727 0.00906525 
-6.45112e-05 2.1567e-05 -2.53516e-07 0.000336257 9.10082e-05 0.000516665 -1.1022e-05 -0.00106342 -7.59337e-05 -9.6172e-05 -9.4361e-06 -9.71278e-06 0.000256757 0.00194749 -5.06927e-05 -0.00124335 0.000295245 -0.00118625 -0.00112716 -0.000496488 1.93363e-05 -0.000648212 0.000263311 1.02648e-06 0.000224649 -0.00065158 -0.000128927 -0.000220914 0.000950735 -0.00111338 8.97363e-05 -0.000134097 0.000333468 0.000291008 0.000178323 6.1246e-05 -0.000992984 9.21734e-05 0.000894501 -0.00016674 -8.30702e-05 -0.000715344 0.00073873 -3.17079e-06 0.000722144 2.29791e-05 -1.05771e-06 -0.000318364 3.9903e-05 4.18568e-05 -0.00102554 1.08676e-05 -0.000980187 4.99014e-05 -5.14683e-05 0.000270437 -0.000106177 -2.77489e-07 -3.75075e-05 1.73216e-05 -2.98003e-07 -8.39816e-05 0.000697257 0.000244516 0.00090312 0.00046016 -9.67219e-05 -9.62293e-06 -0.000509879 -7.30109e-06 -3.66899e-06 -0.00122304 -0.00018325 0.00045546 0.00125451 0.000865816 0.0002255 1.77138e-06 0.00016846 -0.000155784 -2.98629e-05 0.000181119 2.0951e-05 -2.64261e-07 0.000284094 -0.000188133 -0.000182392 1.06061e-06 -0.000322015 -6.41313e-06 8.29997e-06 7.95497e-05 0.00011258 -1.57708e-05 0.000801218 -3.54615e-06 -4.42599e-05 5.2652e-05 3.35728e-05 0.000249296 
0.00270874 -2.9329e-05 3.65874e-05 0.00948824 -0.0017207 0.00181284 0.00368677 -0.0244999 -0.00180915 0.0285911 0.00319018 -0.000223571 0.000160667 -5.06927e-05 0.0323829 -0.0281518 0.0285407 -0.0268085 -0.0257051 -0.0153965 0.0165696 0.00317362 0.00619375 0.000220492 0.0189217 -0.0181685 -0.00218976 -0.0196314 0.0017611 -0.0230414 0.00193556 -0.00511308 -0.000661139 0.0213063 0.00157322 0.00259237 -0.0234205 0.000777585 0.00257952 -0.00292825 0.0167705 -0.0247921 -0.000246485 -4.80757e-05 -0.000509302 0.000142062 -1.10156e-05 -0.00515833 -0.00027893 -0.000188874 -0.0255432 0.000250777 -0.0213588 0.00150241 0.0231403 0.00175817 -0.00104865 0.000312197 -0.00222015 -5.4536e-06 -4.59697e-06 0.0205562 0.000958739 -0.000415508 0.00215752 0.000774346 0.0257678 0.00248306 -0.00883847 -0.000274548 0.000694747 -0.00139409 -0.00554992 -0.000255846 0.00248661 0.000212734 0.00123684 -8.95494e-07 -7.97629e-06 -0.0024125 -7.20855e-05 0.00013545 -0.000135458 4.57883e-06 7.49884e-05 -0.00361388 -0.00387501 -1.93299e-06 -0.00477957 0.00320079 -1.08316e-05 -2.23195e-05 -9.1731e-05 -0.000297118 -4.97459e-05 -5.72648e-05 0.0134253 1.17467e-05 -0.000178208 0.0270367 
-0.00240883 -0.000898507 -0.000475194 -0.0218691 -0.0118063 -0.0339256 -0.00494745 0.0808732 0.00673416 -0.0625824 -0.00428852 -9.71371e-05 -0.0140794 -0.00124335 -0.0281518 0.101608 -0.0682414 0.0923833 0.0901838 0.0496804 -0.0427074 0.0074103 -0.0138064 -0.000782675 -0.0610465 0.059652 0.00739239 0.0428322 -0.0222936 0.0735984 -0.00666648 0.00847346 -0.0112417 -0.0606905 -0.00484452 -0.00262667 0.0826542 -0.011057 -0.0336766 0.00426221 -0.0408579 0.0755569 -0.0120451 0.00018018 -0.0146347 -0.0016139 -0.000655261 0.0199551 0.000680825 0.000431122 0.0819504 -0.00065718 0.0749852 -0.00680485 -0.040755 -0.0200375 0.00574517 -0.00556074 0.00272775 -8.26306e-05 1.43097e-05 -0.0447385 -0.0217404 -0.0117797 -0.0345148 -0.0089277 -0.0445371 -0.00257753 0.0315292 -0.00822926 -0.00171119 0.0480381 0.0144417 -0.00740039 -0.044444 -0.0141241 -0.02455 -0.000528187 -0.00224342 0.00672457 -0.00985558 -0.00845181 -0.000220828 -0.000146436 -0.00344527 0.00853183 0.0102089 -1.64767e-05 0.0192257 -0.0142947 -0.000338313 -0.000531756 -0.00262185 0.000519584 -0.0242247 -0.000512961 -0.0248854 -0.000141567 -0.00476601 -0.0725246 
0.00305227 -5.64115e-05 0.000488409 0.0247132 0.00246259 0.025376 0.00484652 -0.0555866 -0.00455679 0.0565914 0.00380747 -0.000514713 0.0026232 0.000295245 0.0285407 -0.0682414 0.0731713 -0.066928 -0.0642331 -0.0364271 0.0272282 0.00447704 0.012403 0.000500251 0.0472967 -0.0427485 -0.00549222 -0.0373461 0.0117894 -0.0526602 0.00492423 -0.00678358 0.00328906 0.0501955 0.000911816 0.00267408 -0.0591933 0.00191692 0.0224638 -0.0071625 0.0322482 -0.0583623 0.00303753 -0.000139265 0.00549591 0.00085309 0.000134355 -0.0133232 -0.000635655 -0.000465567 -0.0616262 0.000681164 -0.054523 0.00124768 0.0404061 0.0100378 -0.00363695 0.0015023 -0.00528923 -1.41017e-06 -1.18597e-05 0.0357349 0.0140573 0.000254344 0.0210346 0.00189618 0.0421261 0.00261853 -0.0218464 0.000164715 0.0012284 -0.0235205 -0.0125194 0.00504514 0.0266025 0.00414901 0.0137236 -1.50701e-05 -0.000558192 -0.00605503 0.00190481 0.00647858 -0.000219697 -1.07327e-05 7.75533e-05 -0.00630556 -0.00883365 -6.28734e-06 -0.0121373 0.0126255 -2.71162e-05 6.15921e-06 0.000698172 -0.00062999 0.0134933 0.000205543 0.0237927 -1.62144e-05 -0.000314219 0.0593607 
-0.00240824 -0.000903475 -0.000478892 -0.0269856 -0.0145394 -0.0339787 -0.00486204 0.0791496 0.00686126 -0.061095 -0.00427553 0.000533461 -0.0142882 -0.00118625 -0.0268085 0.0923833 -0.066928 0.0979861 0.0908498 0.0499285 -0.0427507 0.00545194 -0.0133896 -0.000904608 -0.0603027 0.0594316 0.00741284 0.0427605 -0.0217799 0.0743678 -0.00597803 0.00874008 -0.0108573 -0.0596219 -0.00471635 -0.00175632 0.0840563 -0.010364 -0.0362581 0.0049346 -0.0408424 0.0734314 -0.0112508 0.000128541 -0.0136 -0.00181301 -0.00054166 0.0193444 0.000794377 0.000473111 0.0835857 -0.00067354 0.0784738 -0.00667167 -0.0401672 -0.0199065 0.00574637 -0.00451467 0.00564687 -7.24363e-05 1.58661e-05 -0.0447482 -0.024515 -0.0116889 -0.0371096 -0.00776075 -0.0436984 -0.00203859 0.0304253 -0.00816014 -0.00165604 0.0496928 0.0179559 -0.00729745 -0.0465573 -0.0163025 -0.0242822 -0.000488407 -0.00193919 0.00911055 -0.00929449 -0.00858808 -0.000291826 -0.000139916 -0.00341665 0.00832707 0.0124354 -5.9404e-06 0.0188069 -0.017317 -0.000324199 -0.000546653 -0.00221234 0.000694728 -0.0274843 -0.000579692 -0.0250196 -7.80365e-05 -0.0047666 -0.074158 
-0.00206085 -0.000873998 -0.000454758 -0.0114756 -0.018578 -0.0329016 -0.00489249 0.0903786 0.00860179 -0.0584722 -0.00402887 0.000395201 -0.0133868 -0.00112716 -0.0257051 0.0901838 -0.0642331 0.0908498 0.123372 0.062017 -0.040243 0.00923738 -0.0112085 -0.000986747 -0.0652357 0.0637074 0.00362102 0.0440536 -0.0215174 0.0855412 -0.00767305 0.00418182 -0.0133442 -0.0789535 -0.00353596 -0.00657619 0.0911735 -0.010555 -0.0376008 0.00166037 -0.0398229 0.0733381 -0.0116858 -0.00106318 -0.0141603 -0.0019333 -0.000687931 0.0207914 0.000233595 8.53524e-05 0.0823609 -0.000684257 0.0795764 -0.00553834 -0.0395751 -0.0220262 0.00721954 -0.00540113 -0.00802931 -0.00011769 -1.71418e-05 -0.0420744 -0.0244867 -0.0116803 -0.0390852 -0.00864361 -0.0407145 -0.00356702 0.028835 -0.00795528 -0.00167068 0.0518983 0.0176032 -0.00719 -0.0483717 -0.0167644 -0.0244803 -0.000439738 -0.00199283 -0.0033366 -0.0105897 -0.00827477 -0.000106617 -0.000141992 -0.00335865 0.00777476 0.000450356 -3.18579e-05 0.0194535 -0.0208966 -0.000315117 -0.000474709 -0.00292096 -0.00351906 -0.0280492 -0.00198054 -0.0231888 -0.000155139 -0.00461204 -0.0811624 
-0.0153293 -0.00047221 -0.000248408 0.00278878 0.00556222 -0.0181187 -0.00267372 0.0905457 -0.0297834 -0.033075 -0.0034033 0.00042606 -0.0080598 -0.000496488 -0.0153965 0.0496804 -0.0364271 0.0499285 0.062017 0.248522 -0.023819 0.0354351 -0.00707975 -0.00119471 -0.0387497 0.0411598 -0.00976528 0.0569283 -0.0112834 0.0821923 -0.0105828 -0.0651165 -0.00920268 -0.0989114 -0.00209464 -0.00358179 0.0857021 -0.0108057 -0.0202255 -0.000983305 -0.0216386 0.0924961 -0.00603995 -0.000802765 -0.0153742 -0.0010944 -0.000393002 -0.055651 -0.00205109 -0.00208387 0.0819958 -0.000388528 0.0224563 -0.00371971 -0.0218907 -0.0138775 -0.0217181 -0.00289879 -0.0212518 1.37888e-06 -1.62622e-05 -0.0230944 -0.0345659 -0.0061828 -0.0201475 -0.00450913 -0.0234792 -0.00239441 0.00153685 -0.00427848 -0.00093729 0.0178927 0.0608117 -0.00366163 -0.0254371 -0.00858366 -0.0123161 -0.000228066 -0.00307587 -0.0225258 -0.00832902 -0.00446555 -0.00176717 -7.66698e-05 -0.00181285 -0.0140527 -0.0276837 -3.4037e-05 -0.0566386 -0.0299078 -0.00015945 -0.000281768 -0.00196061 -0.00206686 -0.0142795 -0.000850076 -0.0130121 -4.75659e-05 -0.00248757 -0.0449781 
0.00357988 0.00089724 -2.05634e-07 0.00809769 0.0034773 0.00562951 0.00172585 -0.0371693 -0.00293088 0.0351431 0.00347661 -0.000171187 0.0104733 1.93363e-05 0.0165696 -0.0427074 0.0272282 -0.0427507 -0.040243 -0.023819 0.0490508 -0.000407351 0.00964267 0.000133935 0.0344124 -0.0251217 -0.00344165 -0.0330145 0.00231682 -0.0344952 -0.000568662 -0.00595204 0.00690809 0.0253443 0.00335329 -0.000442325 -0.0377453 0.00894998 -0.000858234 0.000282199 0.0328109 -0.0386318 0.000667685 0.000145733 0.000285589 0.000510769 0.000305376 -0.00725933 -0.000450508 -0.000271554 -0.0382061 -2.49959e-05 -0.0358151 0.00713266 0.0281709 0.00878031 -0.00261551 -6.91724e-05 -0.00204368 -7.11839e-06 -6.72632e-06 0.0361431 -0.00588799 0.0106531 0.00196826 0.000344483 0.0317639 0.000468019 -0.0125953 0.00737551 0.00125983 -0.00904857 -0.00861175 -4.05792e-05 0.00447106 -0.000178396 0.0195651 0.000484891 0.000195414 -0.00466314 0.00766505 -0.00022703 -0.000154434 0.000154938 0.000488362 -0.00347935 -0.00610258 -1.2469e-06 -0.00726153 -0.00207346 9.07758e-05 6.29345e-05 0.00132249 0.00131459 -0.000894793 0.000159188 0.0156175 8.87119e-06 0.00507167 0.0362895 
-0.014855 -5.81206e-05 5.58796e-05 0.0527021 0.008733 -0.00406942 -0.000161287 0.00499273 -0.0185269 0.00574518 0.000578895 -0.00458817 -0.00387672 -0.000648212 0.00317362 0.0074103 0.00447704 0.00545194 0.00923738 0.0354351 -0.000407351 0.104448 0.000116589 -0.000763878 -0.00549313 -0.0191028 -0.0181807 -0.004176 -0.0111093 0.00556862 0.00198688 -0.0579052 -0.00176346 0.0103191 -0.00273274 0.000895322 0.014676 -0.000354959 -0.00589148 -0.0247559 0.00242378 0.0145741 -0.0111602 -0.00114808 -0.00794023 0.000129769 -0.000437235 -0.011191 -0.00263012 -0.00425612 -0.00284775 4.73636e-05 -0.00270113 8.94432e-05 0.00502041 -0.0085046 0.00577431 -0.00521894 -0.0042751 -6.08928e-05 -4.69479e-05 0.00270631 0.00487298 -0.00115746 -0.00818856 -0.00800351 0.00408998 -0.00173747 0.0112069 -0.00196759 0.00010059 0.0165702 0.00522344 -0.00516031 -0.00912572 -0.00548198 0.00344705 -0.000311282 -0.00483223 0.000342097 -0.00359892 -0.00323074 -0.00346471 -0.00010644 -0.00274563 -0.0118822 -0.00508168 -5.65238e-05 -0.0194892 0.00601214 -0.000327088 -0.000465196 -0.000792376 -0.00491097 -0.00600025 -0.000600396 0.00153752 -0.00019682 -0.000394505 0.0109766 
0.000977908 -7.48191e-06 -8.82004e-06 0.00451559 -0.00145162 0.00202562 0.000131657 -0.0111651 -0.000558065 0.0117887 9.27384e-05 -9.64653e-05 0.000278187 0.000263311 0.00619375 -0.0138064 0.012403 -0.0133896 -0.0112085 -0.00707975 0.00964267 0.000116589 0.0176506 -3.1462e-05 0.00946745 -0.00810666 -0.000993315 -0.0100267 0.00204217 -0.0105644 0.000365121 -0.00085017 0.00315173 0.00635726 0.00179636 1.02701e-05 -0.00955442 -0.000335001 4.14412e-05 -0.00148409 0.00846134 -0.0131442 0.00161668 -3.24112e-05 -4.24833e-05 -4.40388e-05 -1.43508e-05 -0.00284612 -0.000168545 -9.45819e-05 -0.0120977 9.14298e-06 -0.0110113 0.00193514 0.00994643 0.00378648 -0.000606455 0.000237883 -0.00103573 -2.42024e-06 -2.34494e-06 0.00970683 -0.00213158 0.000361112 0.00211237 0.000336163 0.011184 0.000467336 -0.00489023 -5.71395e-05 4.80495e-06 -0.000874413 -0.00186249 0.00171711 0.00154263 -0.000304037 0.00563497 5.7835e-06 -0.000134336 -0.00128238 -0.000183287 4.41269e-05 -4.06766e-05 -8.80141e-07 -6.53127e-05 -0.00136139 -0.00176023 -1.37748e-06 -0.00283713 -0.00110325 -6.31216e-06 2.48527e-06 0.000308226 -0.00016995 -0.000421956 -4.06794e-05 0.00218122 5.15635e-06 0.00014615 0.0103241 
-9.23514e-05 6.23798e-05 4.28342e-06 -0.0001137 -0.00011041 0.000891506 -9.90849e-06 -0.000729213 0.000268022 0.000152611 0.00019598 0.000292743 0.000593483 1.02648e-06 0.000220492 -0.000782675 0.000500251 -0.000904608 -0.000986747 -0.00119471 0.000133935 -0.000763878 -3.1462e-05 0.00273604 0.000933262 -0.000396497 0.000808629 -0.00107888 0.000851351 -0.000879483 -6.37835e-05 0.000156842 0.000179464 -0.000242362 2.38679e-05 -2.86378e-05 -0.00181571 -4.4664e-05 0.000512145 0.000706936 -0.000122335 -0.00131245 2.40561e-06 4.29517e-05 0.000672548 -1.74178e-08 -1.16682e-06 0.000359746 0.000348913 0.000395466 -0.0013216 3.579e-05 -0.00141528 0.000269147 -0.00010784 0.000753204 0.000622972 -3.16229e-07 -0.00018788 4.87207e-06 2.0151e-05 -0.000102824 0.000891918 9.97649e-05 0.000127063 8.53955e-05 -0.000127074 5.9139e-05 -0.000234339 -1.38022e-05 -5.02256e-06 -0.00147289 -0.000335141 8.97405e-06 0.000814501 -3.6307e-05 -9.1776e-05 9.07738e-05 3.84929e-05 -0.000244021 -3.62278e-05 0.000159232 0.000382778 -4.55917e-07 0.000124069 -6.0507e-05 -0.000324773 2.76391e-06 0.000627112 0.000149824 1.06867e-06 3.43865e-05 -1.273e-05 7.8053e-05 -5.23025e-05 5.92366e-05 -4.89498e-05 8.66421e-07 -1.12788e-05 0.000360154 
0.000577491 4.93444e-06 0.000477705 0.0126194 0.000556227 0.0178291 0.00272846 -0.0463284 0.000252374 0.0478744 0.0038065 -0.000363066 0.0120572 0.000224649 0.0189217 -0.0610465 0.0472967 -0.0603027 -0.0652357 -0.0387497 0.0344124 -0.00549313 0.00946745 0.000933262 0.0813985 -0.0338006 -0.000717199 -0.0463151 0.0147344 -0.0509953 0.000413808 0.00638342 0.0122063 0.0406051 -0.000718415 0.00289156 -0.0688397 0.0086514 0.00957331 0.00325796 0.037881 -0.0668151 0.00629399 5.93135e-05 0.00780439 0.000505744 0.000291392 -0.0104752 -0.00049828 0.000363337 -0.0588352 0.000457731 -0.0564312 0.00193938 0.0372111 0.0191878 -0.00271134 0.00385783 -0.00577103 7.20853e-05 -4.82146e-06 0.0398912 0.00225753 0.00999072 0.00997847 0.00466422 0.0370168 0.00215912 -0.0225373 0.00770337 0.00161072 -0.0258317 -0.0147627 0.00487464 0.0174416 -0.000616334 0.0230243 8.95061e-05 5.23556e-05 -0.00790051 0.0116128 0.0066893 0.00274771 6.88557e-05 0.000160854 0.001152 -0.0105089 1.1391e-05 -0.00836493 -0.000174984 -2.27057e-05 -1.49724e-05 0.00192017 0.000727335 0.00342957 0.000443179 0.0219462 -2.18751e-05 0.00290975 0.0505501 
0.00489287 -0.000548691 -0.000295757 -0.0563047 -0.0170452 -0.0213896 -0.00299142 0.109525 0.0150391 -0.0400113 -0.00396 0.00225404 -0.0078224 -0.00065158 -0.0181685 0.059652 -0.0427485 0.0594316 0.0637074 0.0411598 -0.0251217 -0.0191028 -0.00810666 -0.000396497 -0.0338006 0.247546 0.0116096 0.0244173 -0.013257 0.0802513 -0.00993291 0.0464962 -0.00874436 -0.0953564 -0.0045985 -0.00218151 0.0414461 -0.00880733 -0.0249769 0.0293493 -0.0254733 0.0358867 -0.00700668 0.000531665 -0.00807751 -0.00121316 -0.000166976 0.015863 0.000704014 0.00224016 0.0731562 -0.000410655 0.070757 -0.00430828 -0.0260548 -0.0100636 -0.0131301 -0.00304823 -0.0297997 -7.56713e-05 1.84753e-05 -0.0276545 -0.0549288 -0.00720026 -0.0248641 -0.00522087 -0.0281922 -0.00115422 -0.0322382 -0.00472671 -0.00109801 0.0245409 -0.00966969 -0.00450751 -0.0304653 -0.0110284 -0.0160573 -0.000306112 -0.000369137 -0.0437475 -0.00540828 -0.00497151 0.00130139 -2.44629e-05 -0.00215284 0.0193272 -0.0492382 7.70352e-06 0.00186923 -0.0244133 -0.000214737 -0.000382981 -0.000533375 2.0044e-05 -0.0179966 0.000293384 -0.0154968 -0.000143822 -0.00273736 -0.0610021 
-0.00206306 -7.11698e-05 -3.74549e-05 -0.0294684 0.0121407 -0.00277877 -0.000243186 0.0121921 0.00680788 -0.0049815 -0.000510098 0.00150884 -8.3601e-05 -0.000128927 -0.00218976 0.00739239 -0.00549222 0.00741284 0.00362102 -0.00976528 -0.00344165 -0.0181807 -0.000993315 0.000808629 -0.000717199 0.0116096 0.0647501 0.0130952 -0.00175892 0.00669557 -0.00150503 0.0139557 -0.00143123 -0.002164 -0.000544881 -0.000490753 -0.00225989 -0.00163797 -0.00314505 0.0350617 -0.00330382 -0.00163605 -0.000946832 1.86417e-05 -0.00172303 -0.000169429 -1.83703e-05 -0.0061124 0.00177689 0.00473238 0.0118272 -4.44292e-05 -0.022315 -0.000536466 -0.00320945 -0.00196929 -0.00287333 -0.000434323 -0.000765316 4.05062e-06 4.63017e-05 -0.00351521 -0.00921884 -0.000937884 -0.00317527 -0.000687815 -0.00354322 -0.000213888 -0.00805472 -0.000636433 -0.000137723 -0.0124304 -0.00884154 -0.000573583 -0.00395188 -0.00137781 8.40065e-05 1.17688e-05 0.00159408 -0.00179558 -0.00127602 -0.000583412 0.0028845 -1.09148e-05 -0.000277567 0.000698276 -0.00103337 3.31108e-05 -0.00677838 4.60471e-06 -2.73044e-05 -3.69443e-05 8.78105e-05 0.00111909 -0.00228135 0.0010683 -0.00195997 -1.61143e-05 -0.000374437 -0.00715421 
-0.0116467 -0.000667565 -0.000350151 -0.0278324 0.0166329 -0.0127588 -0.00375757 0.0326249 -0.0312882 -0.0411574 -0.00484518 0.00079477 -0.0106004 -0.000220914 -0.0196314 0.0428322 -0.0373461 0.0427605 0.0440536 0.0569283 -0.0330145 -0.004176 -0.0100267 -0.00107888 -0.0463151 0.0244173 0.0130952 0.22582 -0.00646251 0.0858522 -0.0128701 -0.0130928 -0.013522 -0.00576961 -0.00120701 -0.00186139 0.0712059 -0.0138741 0.0017223 0.00412442 -0.0311011 0.0842102 0.000455558 -0.000435639 -0.0119171 -0.000918101 -0.000132305 -0.0675802 0.00164011 0.0019885 0.104599 -0.00049578 0.0219484 -0.005208 -0.0308934 -0.016024 -0.0372001 -0.000539937 0.00593131 -3.0648e-05 -7.61113e-05 -0.0328466 -0.0432861 -0.00879014 0.000535046 0.00131374 -0.0332629 -0.00242907 -0.0425589 -0.00602366 -0.00127749 -0.00195544 0.041721 -0.00203657 -0.00541474 0.00614316 -0.0186527 -0.000293067 0.00034939 0.00823825 -0.0118097 -0.00304831 0.000247147 -0.000108319 0.000725233 -0.0420111 0.0156389 1.2072e-05 -0.0757046 0.00676021 8.3641e-07 0.000128032 -0.00200601 -0.00422231 0.00629967 0.000509951 -0.018431 4.14139e-05 -0.00352728 -0.0446793 
0.000449371 0.000266545 0.000442228 0.00705402 -0.00019304 0.0170231 0.000756266 -0.0169101 -0.00113138 0.00456528 -8.63306e-05 -0.000151808 0.0054668 0.000950735 0.0017611 -0.0222936 0.0117894 -0.0217799 -0.0215174 -0.0112834 0.00231682 -0.0111093 0.00204217 0.000851351 0.0147344 -0.013257 -0.00175892 -0.00646251 0.024652 -0.0184956 -0.000136187 0.00533121 0.00693855 0.00310348 0.00219315 -1.01153e-05 -0.0199508 0.000968172 0.0145105 -0.00229402 -0.000945724 -0.0183602 0.0126007 -4.34711e-05 0.0109438 0.000503961 -6.95609e-06 -0.00443646 2.35682e-05 -0.000117741 -0.0195563 0.000421249 -0.0176948 0.00113313 0.000314063 0.0139865 -0.00128065 0.00543669 -0.00169298 4.65538e-05 -3.57587e-06 -0.000685457 0.0110254 0.00225988 0.0143296 0.00802216 -2.2138e-05 0.000314203 -0.00697353 -7.76774e-05 -3.39933e-05 -0.0216539 -0.0042197 0.00791319 0.0224455 0.00578358 -0.000271161 8.80358e-05 0.00216606 -0.00223813 -0.000436462 0.00668332 0.000323971 -4.20288e-06 0.00305955 6.83572e-05 -0.00291161 -1.19941e-06 -0.00425823 3.74635e-05 0.000158476 0.000386201 0.000746051 -6.59054e-06 0.00850739 -1.21005e-05 0.00164498 6.75163e-05 0.000704195 0.00645438 
-0.0131751 -0.00060961 -0.000333823 -0.0213691 -0.0105251 -0.0268369 -0.00367419 0.0823609 -0.0157438 -0.0464506 -0.00477222 0.00128919 -0.0103779 -0.00111338 -0.0230414 0.0735984 -0.0526602 0.0743678 0.0855412 0.0821923 -0.0344952 0.00556862 -0.0105644 -0.000879483 -0.0509953 0.0802513 0.00669557 0.0858522 -0.0184956 0.18983 -0.0063689 -0.00628041 -0.0150532 -0.0583561 -0.00242961 -0.00686046 0.092449 -0.0174827 -0.0338196 0.0143483 -0.0312163 0.08023 -0.0103275 -0.000959962 -0.0254737 -0.00167654 -0.000621665 -0.0446559 0.00159503 0.00117884 0.125594 -0.000614734 0.047677 -0.00428364 -0.0299066 -0.0164318 -0.0355641 -0.00465458 0.000824481 -6.87062e-05 -4.64499e-06 -0.033135 -0.0788255 -0.00991078 -0.0332405 -0.0075881 -0.0315836 -0.00293921 -0.0014049 -0.00670457 -0.0013453 0.0401903 0.0330689 -0.0061826 -0.0408776 -0.0149805 -0.0179843 -0.00017982 -0.00262771 0.00282788 -0.00798635 -0.00660063 0.000603723 -0.000119128 -0.00297657 0.00524755 0.00665371 1.32369e-06 -0.0615698 -0.0289582 -0.000287643 -0.000444256 -0.00342766 -0.00355475 -0.0244471 -0.00131647 -0.0176888 -0.000131899 -0.00399504 -0.0677984 
-0.00211968 0.000112353 -2.68414e-05 0.0138659 -0.00419509 0.00914242 -0.000389979 -0.00670318 0.00986412 0.00725349 3.80165e-05 -0.000358179 0.000413738 8.97363e-05 0.00193556 -0.00666648 0.00492423 -0.00597803 -0.00767305 -0.0105828 -0.000568662 0.00198688 0.000365121 -6.37835e-05 0.000413808 -0.00993291 -0.00150503 -0.0128701 -0.000136187 -0.0063689 0.0638798 0.00441928 0.00118105 -0.00121406 0.00352922 0.000214407 -0.0315008 0.00148451 0.00735318 -0.00614243 -0.00253319 -0.026708 0.000406018 -0.000105871 0.0063957 0.000114032 -5.7759e-05 0.00606466 -0.000514204 -0.000343232 -0.024846 0.000142059 -0.0316949 0.0026281 -0.00136642 0.00358633 0.00555031 -0.000419343 -0.00427323 6.78627e-05 1.66093e-05 -0.00325265 0.00983723 -0.000855017 0.00955158 -0.000471627 6.16978e-05 -0.00025582 -0.016009 -0.000636848 -9.48225e-05 -0.00439426 0.000656948 0.000643765 0.00782096 0.0016788 -0.00350419 0.000364722 -0.000373757 -0.00231539 0.0041795 -0.000372629 -0.000275726 -1.0897e-05 -0.000240718 0.019995 -0.00367316 -4.20842e-06 0.0141713 0.0125554 5.27191e-05 0.000174127 -0.000140619 -0.000442987 0.00602238 -0.000112712 -0.00153109 0.000119985 -0.00028185 0.00178373 
0.0185341 -0.000112142 -7.49625e-05 -0.0399249 -0.0144711 0.00107738 -2.72747e-05 0.0253938 0.0291143 -0.0116242 -0.00120896 0.00134226 2.92285e-05 -0.000134097 -0.00511308 0.00847346 -0.00678358 0.00874008 0.00418182 -0.0651165 -0.00595204 -0.0579052 -0.00085017 0.000156842 0.00638342 0.0464962 0.0139557 -0.0130928 0.00533121 -0.00628041 0.00441928 0.135887 0.00568499 -0.0313417 -0.000534357 -0.000173402 -0.0237457 -0.00269672 -0.00369413 0.00933108 -0.00734534 -0.0296158 0.00558254 0.00130488 0.000325224 -0.000396543 8.2879e-06 0.0428 0.00289855 0.00318941 -0.00466668 -5.35818e-05 0.0100837 -0.00121205 -0.00758702 0.00918171 -0.00363887 0.00257546 -0.00929133 2.53234e-05 3.5203e-05 -0.00830864 -0.0133514 -0.00161104 0.000402194 0.00195121 -0.00820595 0.000852999 -0.0185224 -0.00145879 -0.000320962 -0.00039034 -0.0255441 0.00531679 -8.803e-05 -0.00171234 -0.00799136 -9.4323e-05 0.00292156 -0.0140108 0.000937 0.00364405 0.00288527 -2.65829e-05 -0.000185007 0.0301323 -0.0121083 2.75249e-05 0.0475087 -0.00471187 -4.84389e-05 -2.71064e-05 0.000944062 0.00292771 -0.0020569 0.000240806 -0.00447524 4.29467e-05 -0.00082829 -0.0225352 
0.000929574 0.000838763 -7.85936e-06 0.00548617 0.0029585 0.00971829 0.000563057 -0.00817056 -0.000793856 0.000842285 0.000372549 -0.000140662 0.00683757 0.000333468 -0.000661139 -0.0112417 0.00328906 -0.0108573 -0.0133442 -0.00920268 0.00690809 -0.00176346 0.00315173 0.000179464 0.0122063 -0.00874436 -0.00143123 -0.013522 0.00693855 -0.0150532 0.00118105 0.00568499 0.0211944 -0.00181894 0.00021191 0.000120072 -0.0125443 0.00198482 7.289e-05 -0.0013942 0.00252076 -0.014713 0.00368288 1.23577e-05 0.000928438 2.98448e-05 5.91835e-06 0.00217644 -0.000199915 -0.000126837 -0.0159032 3.20448e-05 -0.0109465 0.00460905 0.00109867 0.0127878 0.000682323 0.00238206 0.000487533 4.54579e-05 -3.30849e-06 0.00199068 -0.00181777 0.00632466 0.00491462 0.000663745 -0.000411325 4.58179e-06 -0.00143531 0.00106223 0.000110284 -0.00933903 -0.00363486 0.00415584 0.0092583 -0.000428522 0.00469638 0.000280842 -0.000122315 -0.00192189 0.00104136 0.00299463 0.000235401 -2.93668e-06 4.60229e-05 0.00487661 -0.00245007 -1.7326e-06 0.00220573 -0.00062173 -7.30872e-06 8.04587e-06 0.000710415 -3.57001e-05 -0.000664504 -1.2551e-05 -0.000450587 -5.07019e-06 0.00378773 0.00309426 
-0.00380679 -0.000240752 0.00037766 -0.00576693 0.012041 0.0127812 0.00368159 -0.11883 -0.0158608 0.049841 0.00288914 -0.00120448 0.00425102 0.000291008 0.0213063 -0.0606905 0.0501955 -0.0596219 -0.0789535 -0.0989114 0.0253443 0.0103191 0.00635726 -0.000242362 0.0406051 -0.0953564 -0.002164 -0.00576961 0.00310348 -0.0583561 -0.00121406 -0.0313417 -0.00181894 0.182699 -0.00199893 0.00608779 -0.0530081 0.00757537 0.0245286 -0.00930945 0.0347862 -0.0454505 -0.00172634 -0.000121852 0.00133697 0.00172954 0.000563542 -0.0423258 -0.00185202 -0.00115642 -0.03718 0.000519654 -0.0422009 -0.00197188 0.0351127 -0.000570339 -0.0126584 -0.000329321 0.0376094 -3.17735e-05 -2.74307e-05 0.0367381 0.00962715 0.00472996 0.0188289 0.000454878 0.0346244 0.00178889 -0.0293902 0.00679371 0.00138032 -0.0223612 -0.00946054 -0.00124239 0.0230042 0.00944682 0.0183014 -0.000149664 -0.0011551 0.0505674 0.0080153 0.0017329 -0.000722757 9.23486e-05 0.000229508 -0.0217785 0.0571829 2.24329e-05 -0.0371743 0.039605 -8.31362e-05 6.54368e-07 0.00217213 0.000162174 0.0174131 0.00119688 0.0207957 5.71473e-06 0.000288136 0.0744528 
