1.44333e-06 -1.40445e-06 2.57926e-07 3.21737e-07 1.27768e-06 -1.64042e-08 2.75876e-07 2.74883e-07 -5.25964e-09 -1.13211e-06 -8.66031e-09 -5.76065e-07 -4.36589e-10 -6.06902e-10 -1.38233e-06 -1.09687e-09 3.47464e-07 9.91481e-09 -6.57412e-09 1.40618e-06 2.81398e-07 1.41631e-06 -2.52711e-08 -1.38862e-06 -1.39898e-06 -3.55916e-10 -6.31598e-10 2.82105e-07 -5.66111e-07 -1.40675e-06 -1.53449e-09 -5.27726e-10 -1.52594e-10 -8.70378e-11 -6.56779e-09 -1.27485e-10 -1.18014e-08 4.01691e-07 -7.89118e-11 -9.12514e-09 1.13651e-06 5.79097e-07 -1.28144e-06 -1.02958e-12 -1.19665e-06 1.13643e-06 2.80999e-07 -7.96095e-11 -9.96381e-12 2.80719e-07 -7.07362e-07 -1.62144e-10 1.1423e-06 -1.39342e-06 -1.19064e-09 -6.495e-13 -2.18424e-12 4.70727e-07 -6.4123e-10 -2.55951e-12 0 2.97858e-07 -2.59319e-11 -1.35156e-06 -2.67402e-11 -1.41687e-06 -3.01368e-11 -1.08529e-10 1.13626e-06 -6.58838e-10 -8.91007e-07 -1.46354e-11 -2.96377e-07 2.21955e-07 -4.45775e-08 -7.75503e-11 -2.02426e-09 1.13648e-06 -8.77547e-12 -1.68236e-08 -2.38405e-10 -1.86201e-07 -7.19723e-10 -4.19382e-09 5.59374e-07 5.77795e-07 1.12844e-06 7.72088e-09 -7.79352e-11 2.14433e-07 -9.26313e-09 -3.22344e-13 -4.74905e-11 -1.36661e-07 -1.01187e-10 -5.81327e-11 -1.9218e-10 -1.32045e-08 -7.40334e-10 -1.29563e-11 
-1.40445e-06 0.019611 -0.00903043 -0.00640375 -0.000630245 0.000192658 -0.00967057 -0.00531421 -0.00057145 0.00620267 -0.00131338 0.00362016 -2.49601e-05 -8.78544e-06 0.005793 -0.000137145 0.00609233 -5.44455e-05 3.82053e-05 -0.00691726 -0.00759174 -0.00996303 -0.00613709 0.0119385 0.0108119 -4.02953e-05 -4.49164e-05 -0.00733224 0.00283363 0.0103462 -2.27513e-05 -8.32165e-05 -8.6031e-05 -9.23324e-06 8.54043e-05 1.42088e-06 -0.00024086 -0.00231737 -1.19591e-06 -0.000981782 -0.00229528 -0.000176648 0.00233919 -4.62392e-07 0.0107883 -0.00232725 -0.00787005 2.971e-07 -4.42852e-06 -0.00850112 0.00634937 -1.43119e-05 -0.00198307 0.009965 -0.000791232 9.00517e-09 3.0284e-08 -0.000553908 -0.000125203 2.88204e-08 0 -0.001419 8.62063e-08 0.00276052 -2.50259e-06 0.00991973 -1.24883e-06 -6.12527e-06 -0.0023922 -7.74254e-05 0.0039871 -3.24042e-06 0.00125042 -0.000778784 0.000109093 -1.19181e-05 7.75257e-06 -0.00234599 -5.95833e-06 -0.00185039 -0.000156485 0.00674419 -0.000357781 -0.00136793 -0.00040567 -0.00140919 -0.00134579 -0.00447642 -1.98061e-05 -0.0105406 -0.000745686 4.46923e-09 -1.87949e-05 -0.00191703 -1.66904e-05 -2.00707e-05 -0.000103139 -0.000403229 -7.59211e-06 -8.79703e-06 
2.57926e-07 -0.00903043 0.0128158 0.00568254 0.00234866 -0.000126747 0.00719767 0.00517018 0.000163814 -0.0096957 -4.80488e-05 -0.00432689 0.000277176 1.27359e-06 -0.00365094 1.41458e-05 -0.00148137 3.9857e-05 -5.3358e-05 0.00653029 0.00738493 0.0103463 0.000937741 -0.00947892 -0.0101307 2.07381e-05 -5.15524e-06 0.00694546 -0.00161838 -0.0101305 0.000274392 0.000150123 8.39806e-05 3.63033e-06 -5.34044e-05 3.79865e-05 0.000176574 0.00199915 1.18034e-05 -7.63605e-05 0.00192332 8.17359e-05 -0.00215033 4.67405e-07 -0.00649563 0.00194078 0.00747983 5.08905e-05 3.20703e-06 0.00715786 -0.00539416 8.91113e-05 0.00177519 -0.0121103 0.000653152 2.08237e-08 -1.96496e-08 0.00035846 0.000117515 -2.30256e-08 0 0.00116547 7.0048e-08 -0.00264817 4.22777e-07 -0.00957843 9.38887e-07 -6.03003e-07 0.00194754 0.000103233 -0.00763685 4.02167e-06 -0.00228314 0.000830111 -0.000297956 3.22902e-06 3.81696e-05 0.00195033 5.06106e-06 0.000198336 0.000145522 -0.00276965 0.000315399 0.00145645 0.000246501 0.00121527 0.000768911 0.00425465 9.57556e-06 0.00672583 0.000488405 -2.89984e-09 1.74194e-05 -0.00122909 1.11638e-06 3.45703e-06 2.08645e-05 0.000339541 -1.63344e-06 1.10344e-06 
3.21737e-07 -0.00640375 0.00568254 0.232658 0.0391666 0.00188038 0.00732281 0.00338414 0.00194484 -0.108356 0.003158 -0.145964 0.000156421 0.000123267 -0.00858428 -0.000237064 0.0669263 1.29444e-05 0.000305232 0.00249692 0.00502573 0.00508402 0.0133163 -0.0169129 -0.0061809 7.57402e-05 -2.09585e-05 0.00464152 0.0033376 -0.00514878 0.000635017 1.53176e-05 6.03755e-06 -3.12707e-06 -0.00068881 -1.61751e-05 0.00192058 -0.000368171 -2.38348e-06 -0.0010614 -0.000431636 -0.00020312 0.0307912 4.50605e-07 -0.086897 -0.000438463 0.00525776 2.66518e-05 -2.23591e-06 0.00548319 -0.0916232 6.60039e-05 0.0014823 -0.01101 -0.000291579 1.17593e-07 -4.47378e-07 -0.0192319 0.000159207 5.36861e-07 0 -0.000511619 -4.82733e-06 0.000246927 8.06642e-06 -0.00452019 -7.65368e-06 -2.24579e-05 -0.000506926 0.000197407 -0.090417 -1.98011e-07 0.00518669 0.000761926 -0.0107165 2.7474e-05 0.000762004 -0.000484141 3.614e-06 0.0103373 -1.98131e-05 0.118277 2.84303e-05 0.00085182 0.000160806 -0.000279639 0.00248533 0.0035225 1.72891e-05 0.0265694 0.00158863 1.11077e-07 1.34813e-05 0.00495389 -1.61444e-05 2.18523e-05 -4.6494e-05 -0.000946618 1.55875e-05 -3.26954e-06 
1.27768e-06 -0.000630245 0.00234866 0.0391666 0.0925705 -0.000659462 -0.000524484 -0.000355967 -0.000115159 -0.0422275 -0.000617279 -0.033804 -1.15345e-05 0.000205108 -0.000257539 8.89126e-05 0.0311049 2.89306e-05 0.00109581 0.00183436 -0.000433664 0.0017838 -0.00275324 -0.0034656 -0.00123104 -1.84821e-06 -4.28947e-05 -0.000371089 -0.00222518 -0.00154714 -2.70122e-05 1.25008e-05 6.53066e-05 5.23179e-06 -0.000219304 4.54924e-05 0.00112169 0.00186092 -5.06372e-06 -0.000541466 0.00196691 5.36793e-05 -0.00711121 -7.36346e-08 -0.00949657 0.00200974 -0.000486387 -5.62361e-06 2.6474e-06 -0.000584759 -0.036071 -6.72642e-06 0.00223543 -0.0130519 0.00073106 8.35482e-08 -3.62155e-08 0.000300481 -1.09903e-05 -1.76388e-07 0 0.00117303 -1.3413e-06 -0.00199172 -8.49103e-07 -0.0013823 1.81305e-07 -3.16525e-06 0.00193585 0.0001142 -0.0309908 -1.04671e-06 -0.0191338 0.00161955 -0.00308281 -1.78301e-06 0.000224223 0.00191936 -7.76148e-08 -0.00127162 0.000105353 0.03348 -4.93307e-05 -0.000134915 0.000371145 0.000927628 0.000858852 -0.000578196 6.8528e-06 -0.00416194 3.44478e-05 -2.30538e-08 8.2685e-07 -0.00172203 4.83932e-05 -3.8976e-06 -1.34512e-05 -1.75632e-05 -3.22248e-05 8.01337e-06 
-1.64042e-08 0.000192658 -0.000126747 0.00188038 -0.000659462 0.0112363 0.000107129 -4.33082e-05 9.75064e-05 -0.00516668 -6.10755e-05 -0.00414455 -3.16125e-06 -4.40572e-06 -0.000174413 -6.62064e-06 -0.00381111 -6.30831e-07 -4.62945e-05 -7.85135e-05 -7.6373e-05 -9.88704e-05 -0.000127839 -0.000372273 -6.46169e-06 6.77067e-06 9.02982e-06 -7.60864e-05 9.02529e-05 -0.000110949 -8.94e-06 -7.12242e-07 -1.2016e-06 7.32795e-06 0.000343339 -9.23878e-07 0.00012603 0.000384665 2.78753e-05 0.000100294 -2.74796e-05 -5.82167e-06 0.000749908 -8.1074e-09 -0.0014198 -2.81073e-05 -8.81327e-05 -6.26884e-07 1.1154e-07 -7.3546e-05 -0.00270421 -1.18014e-06 -3.40943e-05 0.000295837 -9.37568e-06 -5.11448e-09 -1.71998e-08 -0.000807128 -4.46936e-06 -2.01549e-08 0 -1.68653e-05 7.35799e-07 3.43109e-05 6.29435e-07 -1.13158e-05 -2.37312e-07 4.04872e-06 -2.94248e-05 8.5492e-05 0.00236899 -1.15246e-07 -0.00177682 7.48185e-05 -0.000287975 1.52664e-07 7.23e-05 -2.76354e-05 -6.91024e-08 0.000240274 -1.87732e-06 8.08711e-06 -1.25079e-06 6.04725e-05 -4.90987e-06 -1.73205e-05 -6.36566e-05 -6.45969e-05 -6.137e-07 0.00169759 -6.32225e-05 -2.5383e-09 -2.8063e-07 0.00244543 -2.06799e-07 1.67722e-05 2.05335e-06 1.76945e-05 -5.17309e-06 -1.02024e-07 
2.75876e-07 -0.00967057 0.00719767 0.00732281 -0.000524484 0.000107129 0.0119491 0.00525842 0.00047471 -0.00686589 0.00113729 -0.00475595 7.21296e-07 -2.44596e-06 -0.00360385 3.01134e-06 -0.00613111 1.38328e-05 -2.52991e-05 0.00455771 0.00754805 0.00762941 0.00390593 -0.0109572 -0.00889303 2.1194e-05 -4.31625e-06 0.00740843 6.16867e-05 -0.00753493 -3.9933e-07 7.40342e-05 1.74565e-07 1.83939e-07 -3.77294e-05 -2.65015e-07 -8.39448e-05 -4.12012e-05 -6.61297e-07 0.0001366 -2.92277e-05 -7.47151e-06 0.000301422 4.68039e-07 -0.00954463 -2.95491e-05 0.00769478 3.32857e-07 -2.01654e-08 0.00856596 -0.00519019 6.70787e-06 -3.47604e-05 -0.00747687 -9.9778e-06 -5.44294e-09 -1.83044e-08 -0.000798016 0.00013723 -2.14492e-08 0 -1.57984e-05 -4.06478e-08 -0.000229477 2.62925e-06 -0.00748773 -2.52552e-07 1.32717e-06 -3.09158e-05 0.000127882 -0.00386477 9.73524e-08 -0.00236597 2.79594e-05 -0.000355525 9.36678e-06 0.000153116 -1.40338e-05 5.77979e-06 0.00288179 -1.86122e-06 -0.00444664 0.000241909 0.0012322 1.17402e-05 2.04544e-05 -1.2938e-05 0.00412783 5.20355e-06 0.0108888 0.000127516 -2.70131e-09 1.67654e-05 -0.000314345 -8.4797e-07 2.81395e-05 3.43362e-05 -6.06231e-05 -4.24748e-06 -7.19099e-08 
2.74883e-07 -0.00531421 0.00517018 0.00338414 -0.000355967 -4.33082e-05 0.00525842 0.0058207 0.000465247 -0.00445103 -1.11144e-05 -0.00210791 8.06789e-05 4.41139e-06 -0.00173911 4.41671e-05 -0.00279098 9.18109e-06 -2.4625e-05 0.00323475 0.00514263 0.00533496 0.000728257 -0.00519667 -0.00530241 1.70095e-05 -2.41878e-06 0.00511608 -0.000112801 -0.00537795 1.27886e-05 6.83492e-05 -2.55674e-07 -3.19741e-07 -2.28827e-05 9.39516e-07 -3.53365e-05 2.76439e-05 1.05989e-06 -3.00567e-05 -1.39262e-05 3.41081e-05 -0.000575808 4.7249e-07 -0.0043861 -1.33262e-05 0.00521456 1.54373e-06 5.95811e-08 0.00520246 -0.00228896 5.03589e-05 -2.13831e-05 -0.00540905 -4.82991e-06 -2.63474e-09 -8.86053e-09 -6.3704e-05 6.18155e-05 -1.03828e-08 0 -5.57485e-06 -1.05194e-07 -0.00048091 1.41486e-06 -0.00549654 -1.22252e-07 3.21641e-06 -4.48857e-06 4.5044e-05 -0.00355261 1.7973e-06 -0.00117748 2.53755e-05 -0.000124578 7.95208e-06 -5.62821e-06 -7.65651e-07 3.87107e-06 -1.50851e-05 -4.73772e-07 -0.00222309 0.00041459 0.000784214 1.14204e-05 7.5405e-05 -4.0364e-05 0.00240751 4.83718e-06 0.00502211 -2.36532e-05 -1.30761e-09 1.02807e-05 -0.000551025 2.59953e-06 3.04751e-06 0.000122647 -3.3155e-05 -2.38655e-06 -5.25582e-08 
-5.25964e-09 -0.00057145 0.000163814 0.00194484 -0.000115159 9.75064e-05 0.00047471 0.000465247 0.00363081 -0.00201011 2.6388e-05 -0.00125042 1.26277e-05 5.07104e-06 -0.00160121 4.47906e-05 0.000622433 1.1158e-07 3.11838e-07 4.33301e-05 0.000337775 0.000335599 0.000300193 -0.00104513 -0.000344457 -8.61942e-07 5.02536e-06 0.00036974 -0.000118787 -0.000363812 1.35224e-05 -4.69055e-07 1.05807e-06 1.70249e-07 2.17211e-05 9.9813e-07 -2.87959e-05 -7.597e-06 1.66743e-06 2.73778e-05 -5.20737e-06 2.15275e-05 8.25726e-06 2.40672e-08 -0.000447878 -5.55196e-06 0.000350487 -2.00996e-07 3.8177e-08 0.000388898 -0.00142605 1.11706e-05 0.000316752 -0.00133816 -3.00609e-06 -1.63984e-09 -5.51472e-09 0.00113176 -4.2896e-07 -6.46219e-09 0 -4.32745e-06 -6.54722e-08 -0.000128564 1.70915e-06 -0.000500091 -7.60886e-08 8.75989e-07 -4.03746e-06 5.31658e-06 -0.00207378 2.00972e-06 9.56476e-05 0.000174185 -7.4578e-05 6.3742e-06 0.000117463 -2.83883e-06 -2.15607e-09 0.000305603 -6.01919e-07 0.000538255 0.00010621 0.000124295 -1.42731e-06 1.75527e-05 -2.25836e-05 0.000273757 2.71323e-06 0.000484582 0.000142843 -8.13847e-10 4.00973e-08 -0.000206459 8.74525e-07 2.26562e-07 0.000103325 1.83416e-05 6.27749e-06 -3.27118e-08 
-1.13211e-06 0.00620267 -0.0096957 -0.108356 -0.0422275 -0.00516668 -0.00686589 -0.00445103 -0.00201011 0.169133 0.00109954 0.0806849 -0.000212889 -0.000301225 0.00254624 -6.06655e-05 -0.0666602 -3.95963e-05 0.000190829 -0.00567623 -0.00622318 -0.00920836 0.00396127 0.00736946 0.00803352 -9.39676e-05 7.11414e-05 -0.00588994 0.000631702 0.00831533 -0.000161544 -8.299e-05 -7.23631e-05 -1.87103e-05 -0.0016617 -5.67676e-05 -0.00218832 -0.00243401 -1.09976e-05 -0.00117442 -0.00189456 -0.000283906 -0.012366 -3.49519e-07 -0.0157694 -0.00193793 -0.0062306 -4.05733e-05 -4.48812e-06 -0.00601429 0.0316858 -8.6373e-05 -0.00406472 0.0161129 -0.000647047 -3.49634e-07 1.86317e-07 0.000592979 -0.000167233 8.57135e-08 0 -0.00115493 2.40078e-06 0.00245894 -1.34451e-05 0.00834878 3.82231e-06 -5.90955e-06 -0.00191321 -0.000322406 0.0838023 -3.64687e-06 -0.0102842 -0.00229474 0.00558586 -4.38098e-06 -0.0010456 -0.00191112 -4.76898e-06 -0.00212037 -0.00012944 -0.0792271 -0.000323166 -0.00207195 -0.00033554 -0.00114348 -0.00247382 -0.00342213 -9.40348e-06 -0.0145365 0.000651839 3.48236e-08 -1.16451e-05 0.0164451 -4.56638e-06 -1.11119e-05 -8.72958e-05 0.0013762 7.61061e-05 -7.04105e-06 
-8.66031e-09 -0.00131338 -4.80488e-05 0.003158 -0.000617279 -6.10755e-05 0.00113729 -1.11144e-05 2.6388e-05 0.00109954 0.00596421 -0.00225307 -1.75832e-06 -2.52301e-06 -0.00513722 -4.06324e-06 -0.00328061 4.92918e-06 -2.27265e-05 -4.0191e-05 -4.92483e-05 -4.0185e-05 0.00569766 -0.00531555 -0.00342454 7.39337e-05 -1.10567e-06 -1.18952e-06 4.40396e-05 7.00126e-05 -6.1125e-06 2.86628e-05 -3.74363e-07 -3.585e-07 1.88731e-05 -5.29979e-07 -4.89074e-05 -2.06202e-05 -3.28052e-07 -3.56816e-05 -1.44407e-05 -3.72938e-06 0.000584175 -4.28015e-09 -0.00499687 -1.48387e-05 -2.49308e-05 -3.30952e-07 -4.14215e-08 0.000390142 -0.00289159 -3.87397e-07 -3.06817e-05 0.000152019 -4.94972e-06 -2.7001e-09 -9.08032e-09 -0.000478386 1.39476e-05 -1.06404e-08 0 -8.7937e-06 -7.44705e-08 1.29933e-05 -1.11164e-07 -3.43364e-06 -1.25284e-07 -4.51176e-07 -1.55348e-05 4.90442e-06 0.00208257 -6.08422e-08 -0.00108605 1.77472e-06 -0.000185014 2.51876e-05 1.02014e-05 -1.46195e-05 -3.64813e-08 0.00472897 -9.91095e-07 -0.0022572 1.52797e-06 -9.41117e-06 -2.60263e-06 -8.40357e-06 -3.80367e-06 -1.86327e-05 -2.37325e-07 0.00489461 -3.34319e-05 -1.34005e-09 -1.97427e-07 0.00359471 2.96012e-07 1.17983e-05 -7.98928e-07 -9.36717e-08 1.58023e-05 -5.38619e-08 
-5.76065e-07 0.00362016 -0.00432689 -0.145964 -0.033804 -0.00414455 -0.00475595 -0.00210791 -0.00125042 0.0806849 -0.00225307 0.239823 -0.000106319 -0.000156145 0.0132645 0.000244798 -0.133136 -1.92775e-05 -0.00112823 -0.00235465 -0.00326463 -0.00407118 -0.0110682 0.0145583 0.00277658 -9.81273e-05 -9.07242e-05 -0.00300839 -0.00416626 0.00470084 -0.000421122 -0.000133751 -1.59998e-05 -2.0935e-05 -0.0012874 -1.94797e-05 -0.00286624 -0.000579727 -8.47129e-06 0.000800375 -0.000497778 0.000221131 -0.0438422 -2.84707e-07 0.0618316 -0.000501977 -0.00341038 -2.06842e-05 8.01399e-07 -0.00348598 0.11621 -4.48373e-05 -0.00186658 0.0115189 -0.000305045 -1.79605e-07 2.52663e-07 0.00175 -0.000174914 -7.04442e-07 0 -0.000321665 3.55787e-07 0.000454698 -5.99772e-06 0.00344229 -8.16032e-06 2.94887e-05 -0.000473792 -0.000180567 0.119881 1.00291e-06 -0.0651366 -0.00129852 0.0127662 -1.52081e-05 -0.00055792 -0.000448262 -2.19999e-06 -0.00691824 9.58447e-06 -0.166024 5.82501e-05 -0.000908516 -0.000168438 -2.18796e-05 -0.00151122 -0.00247099 -1.35212e-05 -0.0213412 -0.00226446 -8.91371e-08 -8.81909e-06 0.00200625 -2.57677e-05 -1.51553e-05 7.3397e-05 0.000336521 -0.000140066 -3.58278e-06 
-4.36589e-10 -2.49601e-05 0.000277176 0.000156421 -1.15345e-05 -3.16125e-06 7.21296e-07 8.06789e-05 1.26277e-05 -0.000212889 -1.75832e-06 -0.000106319 0.000302395 9.36281e-06 -9.35179e-05 -1.49877e-07 0.000128475 9.38813e-07 -1.37777e-06 2.56695e-05 8.58861e-06 8.1085e-05 -6.98578e-06 -1.95839e-05 -9.6328e-05 2.30521e-05 -1.257e-07 3.62009e-06 -1.99592e-05 -0.000289898 0.000211335 1.88607e-06 1.1018e-05 -1.8241e-08 -1.37645e-06 7.32824e-08 -1.96328e-06 1.48971e-05 7.7668e-06 -1.9124e-06 5.95531e-06 2.74824e-08 -0.000210278 -2.15774e-10 -0.00017957 1.42153e-05 1.06651e-05 6.84998e-06 -2.08817e-09 2.43298e-06 -0.000138002 9.4556e-05 2.8587e-06 -0.00029158 2.53047e-06 2.65305e-08 -4.57763e-10 0.000180703 5.22809e-08 -5.3641e-10 0 1.08781e-06 2.1232e-08 -0.000291657 -5.60407e-09 -0.0002961 -6.31592e-09 9.7255e-08 3.70063e-05 1.01192e-06 -0.000186263 4.01693e-06 -5.99566e-05 3.27265e-06 -8.29899e-06 3.51708e-06 -4.07568e-07 2.0073e-05 -1.83912e-09 -4.89156e-06 6.36703e-07 0.000142421 1.80792e-05 7.87877e-05 4.12213e-06 2.99012e-05 -2.26551e-06 0.000206705 -1.63333e-08 -1.21221e-05 0.000211032 -6.75554e-11 -9.95282e-09 -2.84575e-05 8.17879e-06 -1.21832e-08 1.30972e-06 0.000153833 -4.51555e-08 -2.71532e-09 
-6.06902e-10 -8.78544e-06 1.27359e-06 0.000123267 0.000205108 -4.40572e-06 -2.44596e-06 4.41139e-06 5.07104e-06 -0.000301225 -2.52301e-06 -0.000156145 9.36281e-06 0.00042031 -1.64082e-05 2.93782e-07 0.000168667 1.74851e-06 2.29848e-05 8.17567e-06 -3.47718e-06 1.09764e-05 -1.21177e-05 -3.36276e-05 -1.40532e-05 1.0993e-05 -1.5067e-07 -5.87903e-07 -1.56237e-05 -4.23516e-05 -4.17043e-07 1.29959e-06 4.28221e-06 1.17977e-07 3.62633e-05 -3.71402e-08 5.96189e-06 2.47696e-06 -2.29894e-08 -2.5851e-06 1.95334e-06 3.43682e-07 7.90181e-06 -2.99947e-10 -3.95303e-05 1.22301e-05 -1.93989e-06 3.73474e-07 -2.90276e-09 -3.67498e-06 -0.000149693 2.63276e-06 1.60216e-06 -0.000154309 1.56646e-06 -1.89219e-10 -6.36336e-10 2.1102e-05 -8.68096e-08 -7.45663e-10 0 1.53937e-06 -7.55474e-09 -1.86227e-05 -7.79022e-09 -1.61072e-05 -8.77976e-09 -3.16178e-08 1.2014e-05 -1.18606e-07 -0.000200334 -4.26373e-09 -5.98237e-05 2.35082e-06 -9.59676e-06 6.07406e-08 1.57436e-05 1.21922e-05 -2.55656e-09 1.4788e-06 -2.94546e-08 0.000118004 6.68699e-06 4.57149e-05 2.39094e-06 2.62426e-06 2.22293e-06 -2.41285e-06 4.72951e-08 -1.42259e-05 -2.0953e-06 -9.39087e-11 -1.38354e-08 -3.81769e-05 9.85719e-06 -1.69358e-08 5.01735e-06 -3.73021e-06 9.04318e-07 -3.77457e-09 
-1.38233e-06 0.005793 -0.00365094 -0.00858428 -0.000257539 -0.000174413 -0.00360385 -0.00173911 -0.00160121 0.00254624 -0.00513722 0.0132645 -9.35179e-05 -1.64082e-05 0.0340878 1.44908e-05 -0.00281171 -5.33777e-05 6.73509e-05 -0.00298725 -0.0016161 -0.00454465 -0.011171 0.0154362 0.00849922 -0.000199633 -1.95169e-05 -0.00163605 0.00167632 0.00406899 -0.000120769 -0.000112613 -7.49174e-05 -3.44258e-05 7.44093e-05 -1.36222e-05 -9.25154e-05 -0.00226522 -3.45804e-06 -0.000217587 -0.00232709 -0.00012063 -0.000550895 -3.84793e-07 0.00856515 -0.00237071 -0.00177298 1.49039e-07 -3.72606e-06 -0.00268012 0.0164311 -7.1957e-05 -0.00359869 0.0060876 -0.000794804 1.59014e-08 -3.19089e-09 -0.0113488 -0.000229894 -2.6067e-07 0 -0.00142298 4.82109e-08 0.00243819 -2.38667e-07 0.00408997 1.47824e-07 2.42373e-06 -0.00236475 -0.00017413 0.00365841 -4.05022e-07 -0.00687823 -0.00211151 0.00106715 -3.79314e-05 -0.000707208 -0.0023103 -5.65155e-07 -0.00997613 -0.00015037 -0.00259546 -7.13427e-05 -0.000332708 -0.000388516 -0.00130687 -0.00126699 -0.00152542 -7.28528e-06 -0.0111301 -0.000938392 7.8918e-09 -6.60648e-07 -0.00325293 -1.93527e-05 -3.61268e-05 4.66171e-06 -8.64906e-05 -6.62281e-05 -8.6228e-06 
-1.09687e-09 -0.000137145 1.41458e-05 -0.000237064 8.89126e-05 -6.62064e-06 3.01134e-06 4.41671e-05 4.47906e-05 -6.06655e-05 -4.06324e-06 0.000244798 -1.49877e-07 2.93782e-07 1.44908e-05 0.000759379 -0.000163191 1.21811e-07 7.187e-08 -4.9335e-06 -5.7444e-06 -5.63818e-06 -2.03548e-05 -3.00629e-05 -3.90511e-05 -5.74002e-08 -3.32555e-07 -4.93219e-06 -0.000230654 -8.58552e-06 -8.07953e-07 7.82137e-07 2.16322e-07 -2.49459e-09 -2.9648e-06 2.27288e-06 -3.43378e-06 2.93324e-06 -4.15494e-08 8.3492e-05 -1.83743e-06 4.04137e-06 -0.000368985 -5.42102e-10 0.000112481 -1.8794e-06 -6.46745e-06 -4.19167e-08 -5.24623e-09 -4.71856e-06 0.00029174 -8.53735e-08 -2.43321e-06 -0.00023402 -6.26906e-07 -3.4198e-10 -1.15007e-09 0.000167206 -3.37626e-07 -1.34766e-09 0 -1.1277e-06 -1.36539e-08 -7.66653e-05 -1.40795e-08 -4.13384e-05 -1.58679e-08 1.19286e-06 -1.8655e-06 -3.33564e-07 -5.10675e-05 1.42294e-07 -0.000153865 -4.63905e-07 7.4402e-05 1.2425e-06 -3.22498e-07 -1.85163e-06 -4.62054e-09 -8.66008e-06 -1.25527e-07 -0.00016646 4.66577e-05 3.38352e-05 -3.29636e-07 3.3723e-06 6.12461e-06 -4.68355e-06 1.8523e-06 -3.48064e-05 -2.38731e-06 -1.69724e-10 -2.50051e-08 3.96906e-05 -5.3278e-08 -3.06085e-08 4.21055e-05 4.68411e-06 -1.9314e-07 -6.82188e-09 
3.47464e-07 0.00609233 -0.00148137 0.0669263 0.0311049 -0.00381111 -0.00613111 -0.00279098 0.000622433 -0.0666602 -0.00328061 -0.133136 0.000128475 0.000168667 -0.00281171 -0.000163191 0.246861 5.3913e-06 0.000775129 -0.0014464 -0.00413749 -0.00246251 -0.011602 0.00409781 0.00507877 2.57402e-05 0.000127707 -0.00404983 0.00169673 0.00283319 0.00034019 3.16557e-05 4.52281e-05 7.79291e-06 0.000476086 3.36978e-05 0.00115364 0.000899594 -1.42833e-05 -0.000845849 0.00106222 0.000220296 -0.0148859 -3.69968e-07 0.000121124 0.00108607 -0.00407673 2.28646e-05 2.14154e-06 -0.00478579 -0.10212 4.1349e-05 0.00217252 -0.00687721 0.000360445 -5.68798e-08 -9.81243e-08 0.0216117 -0.000123977 -5.16025e-07 0 0.000650177 -7.16666e-06 -0.00112703 6.19641e-08 0.00283856 7.19678e-06 -3.84097e-05 0.00113219 -9.39274e-05 -0.154847 2.56186e-06 0.0786636 0.00102829 -0.0122614 -2.09055e-05 0.000428458 0.00105818 -3.15399e-06 -0.00714786 7.31969e-05 0.14246 -8.26959e-05 -5.00346e-05 0.000164442 0.000632499 0.00101709 -0.00166709 -3.18706e-06 -0.0253138 0.00140516 -7.51321e-09 -8.78855e-06 -0.0500263 2.87386e-05 -2.12117e-05 -8.1353e-06 0.00248579 0.000110637 3.10204e-06 
9.91481e-09 -5.44455e-05 3.9857e-05 1.29444e-05 2.89306e-05 -6.30831e-07 1.38328e-05 9.18109e-06 1.1158e-07 -3.95963e-05 4.92918e-06 -1.92775e-05 9.38813e-07 1.74851e-06 -5.33777e-05 1.21811e-07 5.3913e-06 5.90198e-05 4.07826e-07 3.65279e-05 7.00191e-06 4.92071e-05 1.3325e-05 -5.4736e-05 -5.1182e-05 2.56878e-06 -2.58284e-08 3.66749e-06 -1.79287e-05 -5.13628e-05 6.77249e-07 5.74509e-06 6.00427e-07 -3.5593e-09 -2.38582e-07 6.14533e-08 7.64063e-07 3.07065e-05 -3.227e-09 -3.73161e-07 3.29373e-05 -3.6915e-08 -3.31479e-05 -4.21033e-11 -3.18178e-05 3.59807e-05 1.22723e-05 -3.25553e-09 -4.07458e-10 1.47808e-05 -2.727e-05 9.0036e-08 3.00616e-05 -5.32856e-05 9.64644e-07 -2.65605e-11 -8.9322e-11 7.48913e-06 4.61044e-06 -1.04668e-10 0 4.01908e-06 -1.06045e-09 -4.34412e-05 -1.09351e-09 -4.95568e-05 -1.23241e-09 -4.43816e-09 3.94538e-05 7.99724e-07 -3.004e-05 -5.98497e-10 -1.06667e-05 7.90734e-06 -1.57961e-06 -3.17132e-09 1.7722e-07 3.57695e-05 2.26308e-07 2.43308e-06 6.75025e-06 -1.53818e-05 5.2339e-06 6.83517e-06 1.63077e-05 5.51316e-06 2.43607e-05 6.15084e-06 -3.18706e-09 9.64682e-06 3.47862e-07 -1.31819e-11 3.81391e-07 -4.60526e-06 1.9992e-06 1.10762e-06 5.38808e-07 6.33351e-07 -2.69417e-08 -5.29833e-10 
-6.57412e-09 3.82053e-05 -5.3358e-05 0.000305232 0.00109581 -4.62945e-05 -2.52991e-05 -2.4625e-05 3.11838e-07 0.000190829 -2.27265e-05 -0.00112823 -1.37777e-06 2.29848e-05 6.73509e-05 7.187e-08 0.000775129 4.07826e-07 0.00453407 -3.30019e-05 -3.59324e-05 -5.14077e-05 -0.000118899 -0.000333614 -1.25405e-05 -3.93187e-07 1.34016e-06 9.27718e-05 -2.59927e-05 6.52395e-05 -2.12248e-06 -1.35871e-06 -4.8155e-07 -9.46706e-08 -1.91997e-05 -1.05645e-07 -7.91576e-06 -1.55936e-05 2.76397e-08 -1.91601e-05 -1.10127e-05 -1.30539e-06 -0.000565401 -3.2491e-09 -0.00292248 -9.46755e-06 -3.70527e-05 -2.51229e-07 -3.14434e-08 -3.6595e-05 -0.00164794 -5.11688e-07 -2.31863e-05 -0.000218556 -3.75737e-06 2.79503e-08 3.10704e-09 -0.000106949 -4.43568e-07 1.15256e-07 0 -6.39554e-06 5.81651e-08 1.87413e-06 -8.43856e-08 4.38032e-05 -7.17712e-08 8.08415e-08 -1.06636e-05 3.74753e-06 -0.000843059 -4.61858e-08 -0.000228476 -1.3904e-05 -0.000128049 -1.6473e-07 4.36858e-06 -1.04245e-05 -2.76933e-08 -7.43556e-05 -7.52349e-07 0.0013919 -1.38461e-06 -1.1218e-05 -1.94568e-06 -6.95868e-06 -1.70529e-05 -2.51441e-05 -2.45945e-07 -0.000210696 3.94811e-05 5.23161e-08 1.9968e-06 0.00038149 2.78573e-05 -1.20119e-07 4.43526e-07 6.1763e-05 7.12035e-06 -4.08871e-08 
1.40618e-06 -0.00691726 0.00653029 0.00249692 0.00183436 -7.85135e-05 0.00455771 0.00323475 4.33301e-05 -0.00567623 -4.0191e-05 -0.00235465 2.56695e-05 8.17567e-06 -0.00298725 -4.9335e-06 -0.0014464 3.65279e-05 -3.30019e-05 0.00721103 0.00453499 0.00700449 -0.000116795 -0.0067699 -0.00694912 1.11955e-05 -2.96528e-06 0.0045954 -0.00194212 -0.00697609 -6.93922e-06 3.96275e-05 8.26754e-05 9.74197e-06 -3.19401e-05 -6.41587e-07 0.000250534 0.00237008 3.14286e-06 -4.56636e-05 0.00235353 0.00014745 -0.00258384 4.11485e-07 -0.004015 0.0023864 0.00457314 -3.8398e-07 3.94986e-06 0.00460515 -0.0033687 9.45732e-06 0.00207188 -0.00696386 0.000810841 -3.26871e-09 -1.09925e-08 0.000501498 0.00010907 -1.28811e-08 0 0.0014295 4.61605e-08 -0.00263201 1.71543e-06 -0.00692663 -5.50013e-08 -4.72856e-07 0.00238797 1.27043e-05 -0.00443536 -7.36549e-08 -0.00148778 0.00087303 -0.000221783 2.10305e-06 -8.82073e-06 0.00240001 4.2025e-06 3.10608e-06 0.000162944 -0.00294776 6.52212e-05 0.000719021 0.000409576 0.00133264 0.000691691 0.00139112 7.54111e-06 0.00427592 -4.17781e-05 -1.62225e-09 1.49777e-05 -0.000668755 1.03041e-05 1.64744e-06 -6.50507e-07 2.67763e-05 -3.13251e-06 8.91146e-06 
2.81398e-07 -0.00759174 0.00738493 0.00502573 -0.000433664 -7.6373e-05 0.00754805 0.00514263 0.000337775 -0.00622318 -4.92483e-05 -0.00326463 8.58861e-06 -3.47718e-06 -0.0016161 -5.7444e-06 -0.00413749 7.00191e-06 -3.59324e-05 0.00453499 0.00820104 0.00781363 0.00156517 -0.00740828 -0.00773158 1.59082e-06 -3.06201e-06 0.00726299 7.59394e-05 -0.00791503 1.08716e-05 4.22098e-05 8.72396e-07 -3.62007e-07 -3.66161e-05 -6.33744e-07 -4.91382e-05 -2.0727e-05 -1.72117e-07 -4.71482e-05 -1.97505e-05 -5.17195e-06 -4.94748e-05 4.70768e-07 -0.00688443 -2.00539e-05 0.00797446 4.52806e-05 6.24675e-09 0.00750208 -0.00365157 1.08043e-05 -2.34711e-05 -0.0078162 -6.79831e-06 2.29454e-08 -1.25144e-08 -0.000679701 0.000123316 -1.46644e-08 0 -1.02243e-05 -1.15241e-07 -0.0001996 2.6468e-06 -0.00739998 5.74001e-07 -6.21806e-07 -1.93237e-05 6.11386e-05 -0.00500001 -8.3852e-08 -0.00165768 -2.30622e-05 -0.000230635 2.72568e-06 1.22455e-05 -4.67845e-06 5.80306e-06 2.3627e-05 -1.22925e-06 -0.00298385 0.00019574 0.00116867 1.29531e-05 2.88463e-05 -3.31012e-05 0.00443962 5.26015e-06 0.00719047 0.000287588 -1.84684e-09 1.70246e-05 -0.000777416 -5.79742e-07 1.38694e-06 -1.10107e-06 7.67262e-05 -3.465e-06 -3.75652e-08 
1.41631e-06 -0.00996303 0.0103463 0.00508402 0.0017838 -9.88704e-05 0.00762941 0.00533496 0.000335599 -0.00920836 -4.0185e-05 -0.00407118 8.1085e-05 1.09764e-05 -0.00454465 -5.63818e-06 -0.00246251 4.92071e-05 -5.14077e-05 0.00700449 0.00781363 0.0116574 0.00138646 -0.0103435 -0.0109778 7.64611e-05 -4.41546e-06 0.00732527 -0.00194486 -0.0107858 1.88177e-06 0.0001289 8.44828e-05 1.45686e-05 -5.35293e-05 -3.88615e-07 0.000283572 0.00244308 2.47171e-06 -7.21475e-05 0.00238405 0.000158189 -0.00223443 4.68252e-07 -0.00671207 0.00242813 0.00791571 4.43893e-05 3.9819e-06 0.00759278 -0.0053427 5.54181e-05 0.0024472 -0.0113379 0.000815029 -5.30844e-09 -1.78521e-08 0.000339008 0.000134992 -2.09192e-08 0 0.00145123 6.47223e-08 -0.00280605 1.54145e-06 -0.010174 4.07022e-07 -6.9702e-07 0.00240783 0.000137525 -0.00721004 -1.19617e-07 -0.00207734 0.000992702 -0.00031079 3.52839e-07 8.64322e-05 0.00240776 4.00828e-06 0.000314164 0.000163021 -0.00375636 0.000293584 0.00165967 0.000407947 0.00143742 0.000927549 0.00435715 9.77303e-06 0.00721162 0.000125101 -2.63456e-09 1.76519e-05 -0.00111642 1.67463e-05 3.84821e-06 9.75959e-07 6.73947e-05 -3.82417e-06 8.87077e-06 
-2.52711e-08 -0.00613709 0.000937741 0.0133163 -0.00275324 -0.000127839 0.00390593 0.000728257 0.000300193 0.00396127 0.00569766 -0.0110682 -6.98578e-06 -1.21177e-05 -0.011171 -2.03548e-05 -0.011602 1.3325e-05 -0.000118899 -0.000116795 0.00156517 0.00138646 0.0282119 -0.0160822 -0.00537693 8.36516e-05 -7.77156e-06 0.00129777 0.000247799 -0.00243458 2.61087e-05 0.000120473 1.17475e-06 1.34115e-06 -3.49849e-05 -2.32644e-06 -0.000225794 -9.53732e-05 1.2814e-06 -6.10343e-05 -7.01822e-05 -1.74459e-05 0.00275449 -2.07267e-08 -0.0229425 -7.18569e-05 0.00175248 -9.85976e-07 -1.37251e-07 0.00242185 -0.0129332 4.26583e-06 -0.000101118 -0.0031788 -2.39691e-05 -1.30753e-08 -4.39717e-08 -0.00107875 9.83379e-05 6.0514e-07 0 -3.54364e-05 8.46238e-08 8.58543e-05 4.01686e-07 -0.00131925 1.42333e-05 -2.0415e-06 -1.14996e-05 4.83101e-05 0.00459262 -4.46297e-08 -0.00383367 -1.68122e-05 -0.000885222 3.65821e-05 2.86423e-05 -7.00287e-05 7.63338e-07 0.00820581 -4.7994e-06 -0.00147606 2.87644e-05 0.000215746 -1.19866e-05 -2.1291e-05 8.33045e-05 0.00183908 9.0844e-06 0.0143255 0.00335332 -6.48922e-09 5.50621e-07 0.0117224 -1.2537e-06 2.3793e-05 -3.86883e-06 0.00184478 0.000272643 -2.60828e-07 
-1.38862e-06 0.0119385 -0.00947892 -0.0169129 -0.0034656 -0.000372273 -0.0109572 -0.00519667 -0.00104513 0.00736946 -0.00531555 0.0145583 -1.95839e-05 -3.36276e-05 0.0154362 -3.00629e-05 0.00409781 -5.4736e-05 -0.000333614 -0.0067699 -0.00740828 -0.0103435 -0.0160822 0.0364693 0.0146919 -0.000180919 1.87097e-06 -0.00737206 0.00161799 0.00968473 -0.00013949 -0.000152787 -9.39591e-05 -2.70141e-05 -0.000281094 -4.54285e-05 -0.000165627 -0.00224913 -1.10873e-07 -4.33567e-05 -0.00221085 -0.000116646 0.000356496 -4.49627e-07 0.0235814 -0.002259 -0.00767943 -4.19589e-06 -4.99499e-06 -0.00839182 0.0141202 -2.00149e-05 -0.00313957 0.0135235 -0.000787507 -1.29422e-08 1.06981e-08 -0.00223823 -0.000314366 2.72204e-08 0 -0.00141646 -2.55618e-07 0.00248529 -2.16439e-06 0.00952658 -1.95752e-05 2.7803e-06 -0.00232359 -0.00026291 0.00693905 1.27703e-07 0.00318051 -0.00153993 0.00111921 -3.97e-05 -0.00110318 -0.00228111 -5.62286e-06 -0.0110499 -0.000157179 -0.00061264 -0.000188311 -0.00126718 -0.000361541 -0.00128161 -0.00100878 -0.00443589 -1.07265e-05 -0.0192824 -0.00268041 -4.48676e-08 -1.86961e-05 -0.00428601 -5.67092e-05 -3.58233e-05 4.74721e-06 -0.00287856 -0.000351427 -8.6364e-06 
-1.39898e-06 0.0108119 -0.0101307 -0.0061809 -0.00123104 -6.46169e-06 -0.00889303 -0.00530241 -0.000344457 0.00803352 -0.00342454 0.00277658 -9.6328e-05 -1.40532e-05 0.00849922 -3.90511e-05 0.00507877 -5.1182e-05 -1.25405e-05 -0.00694912 -0.00773158 -0.0109778 -0.00537693 0.0146919 0.0232318 -0.000193062 7.64399e-06 -0.00727631 0.00202543 0.0107531 -3.07218e-06 -0.000131399 -8.36973e-05 -1.50182e-05 0.000100479 -1.4568e-05 -0.000188095 -0.00240067 -5.38221e-06 -0.00100628 -0.00235549 -0.000160853 0.00188602 -4.59691e-07 0.0093711 -0.00240713 -0.00785676 -4.9044e-05 -3.90571e-06 -0.00816318 0.00526898 -5.45865e-05 -0.00248722 0.0108976 -0.000805128 -1.59575e-08 3.60145e-08 -0.000910854 -0.000175441 4.2202e-08 0 -0.00143542 -9.5576e-07 0.00283175 -2.41243e-06 0.010096 -1.56428e-07 -1.28387e-06 -0.00238842 -0.000186994 0.00383466 -7.53535e-08 0.00393429 -0.00148759 -0.00105713 -4.23113e-05 -0.000326537 -0.00237852 -5.93531e-06 -0.00546309 -0.000161039 0.0081215 -0.00032134 -0.00149059 -0.000402747 -0.00142676 -0.00154132 -0.00427018 -1.02983e-05 -0.0122131 -0.00010241 5.31492e-09 -1.76503e-05 -0.00192045 -1.64416e-05 -3.30448e-05 -1.70146e-05 2.2402e-06 -1.33865e-05 -8.76304e-06 
-3.55916e-10 -4.02953e-05 2.07381e-05 7.57402e-05 -1.84821e-06 6.77067e-06 2.1194e-05 1.70095e-05 -8.61942e-07 -9.39676e-05 7.39337e-05 -9.81273e-05 2.30521e-05 1.0993e-05 -0.000199633 -5.74002e-08 2.57402e-05 2.56878e-06 -3.93187e-07 1.11955e-05 1.59082e-06 7.64611e-05 8.36516e-05 -0.000180919 -0.000193062 0.000246533 -1.01242e-07 9.71592e-07 -1.35204e-05 -4.51446e-05 -2.62167e-07 9.65047e-08 4.24726e-06 7.98463e-07 -8.08773e-07 1.84886e-07 -2.01627e-06 2.12649e-06 -1.34821e-08 -4.02362e-07 4.14045e-06 -1.54227e-07 -3.2583e-06 -1.75903e-10 -0.000115333 1.67202e-05 8.90277e-06 1.23065e-07 4.96435e-09 1.13948e-05 -0.000118179 5.4523e-06 4.53037e-05 -7.62661e-05 5.33991e-06 -1.10967e-10 -3.73178e-10 4.75214e-06 -4.62207e-08 -4.37292e-10 0 4.87075e-06 -4.43046e-09 -2.71244e-05 -4.56855e-09 -4.12206e-05 -5.14887e-09 -1.85422e-08 2.31811e-05 -7.25625e-08 -7.48218e-05 -2.50046e-09 -4.09894e-05 2.28118e-05 -5.52605e-06 8.63417e-07 6.63642e-05 1.76458e-05 -1.49929e-09 0.000158551 3.15935e-07 4.67559e-05 5.01037e-06 3.55035e-05 3.63304e-06 5.50993e-06 2.60021e-05 2.89495e-06 -1.33152e-08 0.00010849 3.5574e-06 -5.50725e-11 -8.11374e-09 1.75281e-05 1.50927e-05 -9.93196e-09 5.71661e-08 4.20678e-07 1.66351e-06 4.11197e-08 
-6.31598e-10 -4.49164e-05 -5.15524e-06 -2.09585e-05 -4.28947e-05 9.02982e-06 -4.31625e-06 -2.41878e-06 5.02536e-06 7.11414e-05 -1.10567e-06 -9.07242e-05 -1.257e-07 -1.5067e-07 -1.95169e-05 -3.32555e-07 0.000127707 -2.58284e-08 1.34016e-06 -2.96528e-06 -3.06201e-06 -4.41546e-06 -7.77156e-06 1.87097e-06 7.64399e-06 -1.01242e-07 0.000437405 -3.25101e-06 -5.63424e-05 -4.00198e-05 -2.919e-07 -1.59998e-07 1.10402e-07 -2.63885e-08 -1.51125e-06 -2.53181e-08 -2.47801e-06 -1.44869e-06 2.19408e-07 7.92673e-06 -1.05802e-06 1.56965e-06 3.06167e-05 -3.12152e-10 -9.06279e-05 -1.08219e-06 5.23902e-07 -2.41364e-08 -3.02088e-09 -3.46119e-06 -0.000204391 -4.24929e-08 -2.3225e-06 1.01356e-05 -3.60984e-07 -1.96918e-10 -6.6223e-10 -2.96286e-05 -1.94411e-07 -7.76005e-10 0 -6.49348e-07 -7.86215e-09 1.54115e-06 -8.10721e-09 2.52465e-06 -9.13702e-09 -3.29044e-08 -1.12702e-06 -1.6975e-07 -0.000175753 -4.43723e-09 0.000256213 -1.36502e-06 -1.30719e-05 6.64879e-08 -6.13725e-07 -1.0662e-06 -2.66059e-09 -2.18585e-06 -7.22808e-08 -9.26668e-05 -1.08209e-07 -1.26483e-06 2.68562e-08 9.14559e-08 1.10259e-06 1.02944e-05 -2.36288e-08 -2.31946e-05 -2.08844e-06 -9.77299e-11 -1.43984e-08 1.29297e-05 -3.06784e-08 4.90417e-08 -5.8266e-08 8.36659e-06 -1.67791e-07 -3.92816e-09 
2.82105e-07 -0.00733224 0.00694546 0.00464152 -0.000371089 -7.60864e-05 0.00740843 0.00511608 0.00036974 -0.00588994 -1.18952e-06 -0.00300839 3.62009e-06 -5.87903e-07 -0.00163605 -4.93219e-06 -0.00404983 3.66749e-06 9.27718e-05 0.0045954 0.00726299 0.00732527 0.00129777 -0.00737206 -0.00727631 9.71592e-07 -3.25101e-06 0.00771912 5.13729e-05 -0.00728911 1.33235e-06 6.26255e-05 1.92084e-06 -3.65805e-07 -2.51974e-05 4.77952e-06 -6.02835e-05 -1.46251e-05 -4.25339e-07 -4.77783e-05 -1.88097e-05 1.43104e-06 -0.000336872 4.71117e-07 -0.00636287 -1.7246e-05 0.00734806 -4.29099e-07 -5.37055e-08 0.0073762 -0.00347445 4.2227e-06 -3.418e-05 -0.00719883 -6.41761e-06 2.64992e-08 -1.17732e-08 -0.00055136 0.000116594 -1.37959e-08 0 -1.03142e-05 -1.39774e-07 -0.000209639 2.72587e-06 -0.00718043 6.08944e-08 2.8356e-08 -5.30149e-06 6.34255e-05 -0.00472681 -7.88856e-08 -0.00155997 -2.12835e-05 -0.000239035 2.47533e-06 -5.30087e-06 1.03049e-05 5.80603e-06 0.000131316 3.64832e-06 -0.00317475 0.000139834 0.00116629 1.48855e-05 2.13079e-05 -5.16259e-05 0.00385073 3.88326e-06 0.00708869 -8.80877e-06 -1.73745e-09 1.7004e-05 -0.000718158 2.46279e-05 1.91e-06 6.87474e-07 7.08037e-05 3.96228e-07 -3.31686e-08 
-5.66111e-07 0.00283363 -0.00161838 0.0033376 -0.00222518 9.02529e-05 6.16867e-05 -0.000112801 -0.000118787 0.000631702 4.40396e-05 -0.00416626 -1.99592e-05 -1.56237e-05 0.00167632 -0.000230654 0.00169673 -1.79287e-05 -2.59927e-05 -0.00194212 7.59394e-05 -0.00194486 0.000247799 0.00161799 0.00202543 -1.35204e-05 -5.63424e-05 5.13729e-05 0.00953032 0.00192645 1.01573e-05 2.12176e-06 -6.66026e-05 -1.0683e-05 -5.12749e-05 -1.113e-05 -0.000235308 -0.00197658 -4.27216e-07 -0.000664805 -0.00194769 -0.000217868 0.00447246 6.86435e-09 -0.00120021 -0.0019759 7.95982e-05 -2.79232e-07 -3.8269e-06 7.7396e-05 -0.00193749 -2.79563e-06 -0.0016548 0.00185012 -0.000806685 4.33032e-09 1.45627e-08 -0.00297785 4.22518e-06 1.70647e-08 0 -0.00141904 -3.77481e-09 0.00217935 -2.58386e-07 0.00208999 1.0426e-07 -2.80931e-05 -0.00199157 4.95909e-07 -0.00107868 -2.65242e-06 0.000605693 -0.00077205 -0.00180154 -3.20296e-06 1.15461e-05 -0.001994 -1.68159e-07 0.000170924 -0.000148147 0.00399591 -0.000160401 -0.000151643 -7.07127e-05 -0.00123905 -0.000601807 5.41963e-05 -5.15039e-06 0.000512348 5.79187e-05 2.14912e-09 -1.92337e-06 -0.00220138 -1.63387e-05 1.84246e-07 -0.000118822 4.06131e-05 3.74925e-06 -8.59028e-06 
-1.40675e-06 0.0103462 -0.0101305 -0.00514878 -0.00154714 -0.000110949 -0.00753493 -0.00537795 -0.000363812 0.00831533 7.00126e-05 0.00470084 -0.000289898 -4.23516e-05 0.00406899 -8.58552e-06 0.00283319 -5.13628e-05 6.52395e-05 -0.00697609 -0.00791503 -0.0107858 -0.00243458 0.00968473 0.0107531 -4.51446e-05 -4.00198e-05 -0.00728911 0.00192645 0.01808 -0.000343701 -0.000202969 -9.15693e-05 -1.07126e-05 -5.22412e-05 -3.09758e-07 -0.000609405 -0.00255727 -4.4603e-05 -0.000145479 -0.00235477 -0.000228393 0.00227936 -4.63528e-07 0.00853084 -0.00239136 -0.00813448 -5.19141e-05 -3.90285e-06 -0.00754255 0.00598182 -0.000104291 -0.00211653 0.0115128 -0.000808839 -1.8378e-08 2.78744e-08 -0.00116574 -0.000151794 -6.5067e-07 0 -0.00142758 -3.85735e-07 0.00308141 -3.10209e-06 0.0103776 -7.26874e-06 -2.125e-06 -0.00244569 -6.77855e-05 0.00710281 -6.06323e-06 0.00165001 -0.000893531 -0.000970494 -5.11367e-06 -9.90557e-07 -0.0023881 -5.96801e-06 0.000109122 -0.000161928 0.00190649 -0.000337439 -0.00192856 -0.000405161 -0.00144831 -0.000811137 -0.00539768 -1.53654e-05 -0.00715567 -0.00107852 4.11363e-09 -1.78839e-05 -6.64456e-05 -1.61687e-05 -3.83147e-06 -4.21808e-05 -0.00103192 -1.76955e-05 -8.81132e-06 
-1.53449e-09 -2.27513e-05 0.000274392 0.000635017 -2.70122e-05 -8.94e-06 -3.9933e-07 1.27886e-05 1.35224e-05 -0.000161544 -6.1125e-06 -0.000421122 0.000211335 -4.17043e-07 -0.000120769 -8.07953e-07 0.00034019 6.77249e-07 -2.12248e-06 -6.93922e-06 1.08716e-05 1.88177e-06 2.61087e-05 -0.00013949 -3.07218e-06 -2.62167e-07 -2.919e-07 1.33235e-06 1.01573e-05 -0.000343701 0.00106203 3.81278e-07 6.61427e-06 -6.41119e-08 -3.98449e-06 5.27616e-08 1.30204e-05 -1.69876e-06 8.43854e-06 1.00884e-05 -1.90051e-06 -4.1493e-07 -0.000186194 -7.58385e-10 -0.000764699 -2.62922e-06 4.65916e-05 6.76136e-06 -7.33932e-09 1.68191e-07 -0.000488095 5.28906e-05 -2.89499e-06 -0.000432969 -8.77023e-07 2.61882e-08 -1.60891e-09 6.49701e-05 -4.72329e-07 -1.88533e-09 0 -8.40948e-07 1.90899e-07 -0.000288706 -1.96967e-08 -0.000230653 2.11346e-08 -7.99423e-08 8.279e-06 1.3858e-05 -0.000496511 3.81255e-06 6.63723e-05 1.46421e-07 -3.15357e-05 -5.71234e-08 1.76893e-06 -2.32038e-06 -6.46399e-09 -5.01823e-06 -1.75609e-07 0.000466039 -3.8348e-07 7.55751e-06 -4.61151e-07 1.53524e-05 -5.37995e-06 0.000390261 3.45926e-07 -2.86475e-05 0.000359067 -2.37438e-10 -1.16481e-08 -8.77211e-05 -1.45344e-08 -4.28204e-08 8.28441e-07 0.000186404 6.48005e-07 -9.5436e-09 
-5.27726e-10 -8.32165e-05 0.000150123 1.53176e-05 1.25008e-05 -7.12242e-07 7.40342e-05 6.83492e-05 -4.69055e-07 -8.299e-05 2.86628e-05 -0.000133751 1.88607e-06 1.29959e-06 -0.000112613 7.82137e-07 3.16557e-05 5.74509e-06 -1.35871e-06 3.96275e-05 4.22098e-05 0.0001289 0.000120473 -0.000152787 -0.000131399 9.65047e-08 -1.59998e-07 6.26255e-05 2.12176e-06 -0.000202969 3.81278e-07 0.000365496 5.94678e-07 -2.20487e-08 -6.43775e-07 1.55437e-06 -2.2929e-06 1.93609e-06 -1.99902e-08 -2.31161e-06 7.62644e-07 -1.32009e-07 2.41256e-05 -2.60816e-10 -0.000171576 1.30245e-06 6.82756e-05 -2.01669e-08 -2.52407e-09 7.19545e-05 -0.000152548 1.92258e-07 2.87832e-06 -0.000284966 7.88383e-07 -1.64533e-10 -5.5332e-10 2.79453e-05 5.57423e-06 -6.48384e-10 0 1.46078e-06 -6.56915e-09 -1.35334e-05 -6.77391e-09 -7.41095e-05 1.35237e-06 6.91737e-08 1.00828e-05 2.16434e-07 -0.000200776 -3.70749e-09 -6.52526e-05 6.11988e-06 -4.69917e-06 5.3688e-08 5.93874e-07 1.11581e-06 -2.22303e-09 -7.41715e-07 -6.03935e-08 0.000117537 9.76434e-06 2.71843e-05 2.08072e-07 2.7614e-06 7.45533e-07 2.32372e-05 -1.97428e-08 5.42328e-05 0.00011139 -8.16574e-11 1.44636e-07 4.87184e-07 9.43669e-08 1.96527e-06 1.41316e-07 0.000136262 8.78579e-06 -3.28214e-09 
-1.52594e-10 -8.6031e-05 8.39806e-05 6.03755e-06 6.53066e-05 -1.2016e-06 1.74565e-07 -2.55674e-07 1.05807e-06 -7.23631e-05 -3.74363e-07 -1.59998e-05 1.1018e-05 4.28221e-06 -7.49174e-05 2.16322e-07 4.52281e-05 6.00427e-07 -4.8155e-07 8.26754e-05 8.72396e-07 8.44828e-05 1.17475e-06 -9.39591e-05 -8.36973e-05 4.24726e-06 1.10402e-07 1.92084e-06 -6.66026e-05 -9.15693e-05 6.61427e-06 5.94678e-07 0.000105712 2.70291e-07 -4.41087e-07 -9.33819e-09 3.21889e-06 6.20088e-05 -5.78025e-09 -6.68411e-07 6.29377e-05 9.12721e-06 -8.07423e-05 -7.5416e-11 -8.19964e-05 7.68452e-05 9.9322e-07 3.94169e-07 3.92702e-08 8.456e-06 -5.13972e-05 2.8123e-08 4.62257e-05 -9.64474e-05 6.33945e-06 -4.75755e-11 -1.59995e-10 3.32933e-05 -4.69697e-08 -1.87483e-10 0 9.63645e-06 -1.8995e-09 -8.9736e-05 -1.9587e-09 -9.03608e-05 -2.2075e-09 -7.94969e-09 6.52694e-05 -4.82595e-08 -6.50457e-05 -1.07203e-09 -1.58695e-05 1.00882e-05 -3.00861e-06 -5.68051e-09 3.11724e-07 8.30791e-05 -6.42798e-10 -1.11815e-06 2.64559e-05 3.8461e-06 -5.27193e-08 4.26614e-06 1.61108e-05 5.78818e-05 2.42001e-05 1.03114e-05 4.44429e-06 -3.8027e-06 9.34481e-06 -2.36115e-11 -3.47865e-09 -1.00104e-05 4.11925e-06 2.35742e-07 -1.40771e-08 3.06728e-05 1.3091e-06 2.32384e-07 
