0.00707457 -0.00328255 -5.18385e-05 1.7285e-07 7.60127e-05 -0.000116589 4.19175e-05 8.16766e-05 -0.000994854 0.00145585 0.0012343 -0.000717954 -0.000132773 -0.000766588 -7.52893e-07 0.000645025 -1.99571e-05 -0.00360424 2.26749e-05 -0.00155537 -0.000895416 -4.01315e-05 -0.00267567 0.00293214 -0.00055308 0.00310218 -1.07512e-05 -1.35538e-06 -0.00204856 -8.0121e-05 -0.000706336 -0.00203394 -0.0027013 -1.85532e-05 -0.00104791 -0.00323142 -0.000117822 -2.55736e-08 0.00055468 9.92715e-05 -0.00361257 -0.000423851 0.000258618 -0.000433292 -0.00106397 0.00190499 0.00409051 -3.39821e-05 -2.21978e-07 0.00371744 4.29306e-05 0.00379387 -5.19853e-06 0.00427837 -2.44508e-06 -0.000172324 -1.83478e-07 -1.45385e-06 -2.56939e-06 -3.27014e-08 -2.65673e-05 -0.000126852 -3.86031e-05 2.36378e-05 -5.18892e-05 -2.273e-05 -0.000806768 -1.38936e-06 0.00263432 -0.000260577 0.00126624 -2.01927e-06 -0.000130782 -0.00188624 -0.000757951 -1.75996e-08 -1.43994e-05 -5.74034e-05 -0.000810734 -6.44817e-07 -5.84794e-05 2.4547e-05 0.000311924 -8.68655e-06 3.66444e-06 -0.00112519 -5.75361e-06 -1.50176e-05 -1.24641e-05 0.000142134 1.76765e-05 -1.28209e-05 2.72121e-09 3.53571e-05 -1.98787e-05 -0.000863781 -3.88653e-05 0.000451973 -2.60982e-06 -1.61027e-06 
-0.00328255 0.086175 -0.00101476 -0.000337507 -0.00546771 0.0025799 -0.000151036 -0.00202478 -0.00132013 -0.00295683 0.0483227 0.00306025 -0.00739365 0.00591811 -4.86738e-05 0.0476879 -0.00176476 0.0587979 2.24158e-05 0.0318832 -0.0239234 -0.0014914 0.0460825 -0.00821111 -0.0395833 -0.00439253 -0.000895843 -0.000155425 -0.03071 -0.00845937 -0.0427211 0.0116321 0.00140624 -0.00170875 -0.032772 0.00905851 -0.0112795 4.29513e-06 -0.000272163 4.11811e-05 0.0250784 0.00446164 -0.016001 0.00899085 -0.0257892 0.00955728 -0.00320296 -0.00352472 -2.58894e-05 -0.00772255 -0.000421622 -0.00475025 -4.67947e-05 -0.0044508 -0.00107191 -0.0196262 -2.23774e-05 -0.000103821 -0.000281709 -2.36783e-06 0.000134666 -0.0145435 -0.000930438 -1.99507e-05 -0.00550411 -0.0013839 -0.0410244 -0.00218552 -0.00634244 -0.0165027 0.0505025 -0.000237178 -0.0148121 0.00029358 0.0235328 -1.86807e-06 -0.00150299 -0.00740987 -0.00665672 -0.000186927 -0.00744781 -2.62181e-05 -0.000958551 -0.00102957 -3.23718e-05 0.0147917 1.98769e-05 -0.00153214 -0.000331569 0.000510032 -0.000538645 -0.000953598 -7.20277e-06 -3.82086e-05 0.000131927 -0.0380852 -0.000784104 0.000210304 -0.00025163 -0.000244145 
-5.18385e-05 -0.00101476 0.00788063 -3.49175e-06 9.67418e-05 -0.00042396 2.18899e-05 -0.00202968 -0.00133334 4.34465e-05 -0.00433389 0.000584102 0.00080381 0.000340614 3.6498e-06 -0.00395538 -2.18693e-05 -0.00169001 5.88632e-05 -0.00256239 0.00310943 -4.3386e-05 -0.00437198 -0.000764484 0.00309233 -2.53445e-05 0.000164249 9.19561e-06 0.00190997 0.00186911 0.00259227 -0.000245503 2.48843e-05 -1.02288e-05 0.00320361 -0.00428881 -3.15217e-05 1.46003e-06 -2.77664e-05 8.34889e-06 0.000947125 0.00182276 0.000413041 -0.00121654 0.00313151 -0.00127003 -4.5575e-05 0.0002096 5.82586e-06 -3.04483e-05 7.51761e-05 -4.79384e-05 4.4309e-05 -0.000271798 -9.06271e-06 0.000846428 -2.04551e-07 -1.29762e-06 1.79783e-05 1.0778e-06 -2.1176e-05 -0.000105654 -4.28699e-05 5.63726e-07 0.00144996 3.53282e-05 0.00114279 7.35616e-05 0.000352674 -0.000189811 -0.00408735 3.27284e-05 -0.000134663 0.00420234 -0.00507597 -1.9621e-08 0.000232169 -6.58739e-05 0.00269206 8.89776e-07 4.89875e-05 1.78932e-06 7.2646e-05 5.80577e-05 4.6982e-06 -0.00360645 1.34773e-05 1.55988e-05 0.000419271 -0.000122374 -3.16216e-05 -1.12744e-05 -7.87224e-08 -2.67697e-07 -9.79365e-05 -0.00112196 0.000590347 -3.13217e-05 1.59004e-05 7.99297e-05 
1.7285e-07 -0.000337507 -3.49175e-06 0.000530755 -1.19811e-06 -2.84494e-05 2.21307e-06 5.58985e-05 -2.28506e-05 -1.79841e-06 -0.000400385 0.000459387 -1.31681e-05 -0.000314096 2.0358e-05 -0.00038869 -1.24736e-06 -4.01228e-05 3.06964e-07 -0.000210973 0.000425891 -3.00386e-06 -0.000426602 -1.7899e-05 -4.15786e-05 6.47803e-07 -5.71509e-07 8.35653e-07 -9.63938e-05 -4.79536e-06 7.09459e-07 -7.39732e-06 -0.000195246 -1.41299e-06 0.000396609 -0.000456521 -9.53913e-06 -3.09718e-08 -2.50308e-06 0.000168896 -0.000420051 0.00018751 -2.70167e-05 -8.02835e-05 0.000340984 -0.00012218 -3.01223e-06 -2.55721e-06 -1.65436e-08 -3.48063e-05 2.56157e-07 2.85096e-06 4.9447e-05 -1.85507e-05 -1.2783e-06 -1.43875e-05 -1.36742e-08 -1.10588e-07 -2.45897e-07 -6.16357e-09 -2.30553e-06 -9.23539e-06 -2.52847e-06 -1.78003e-08 -4.04266e-06 -1.91537e-06 0.000337148 -1.43337e-06 -3.99894e-05 0.000236056 -0.000407906 5.00542e-06 -8.76796e-06 -0.000186721 -0.000211117 2.22022e-07 3.54641e-05 3.16681e-08 -5.61594e-05 -1.11654e-07 -4.26669e-06 -6.55582e-08 1.09603e-06 1.75679e-07 -2.35178e-08 0.000138543 -3.98285e-07 -1.27201e-06 3.81743e-05 7.86133e-07 0.00045339 1.04851e-05 -5.26257e-09 5.6343e-06 3.25407e-05 0.000216145 0.000502692 -3.84865e-06 -1.94505e-07 3.69976e-05 
7.60127e-05 -0.00546771 9.67418e-05 -1.19811e-06 0.00728668 -0.000336496 9.80289e-06 0.00113587 -0.000961697 0.00102073 -0.00450457 0.000719308 0.00384164 0.000418837 -6.32694e-07 -0.00436111 4.55801e-05 -0.00569883 6.25795e-06 -0.00425322 -0.000790231 1.48976e-06 -0.0026905 0.00319477 0.0036893 0.000234867 -1.14189e-05 -1.39632e-06 -0.00171748 -7.98166e-05 -0.000699723 -0.00523958 -0.00293911 4.4004e-05 -0.00097624 0.000655881 0.00321669 2.56521e-06 0.000139524 1.5733e-05 -0.00571039 -0.000397039 0.00398666 -0.000767252 -0.000764302 -0.000201754 5.93203e-05 0.000265331 -2.28683e-07 0.000568468 9.85859e-06 0.000265656 -1.48873e-06 0.000610587 -1.08188e-05 0.0042075 2.97431e-06 -1.52867e-06 -2.72905e-06 1.5548e-06 -2.70902e-06 0.00396743 -1.7886e-05 8.93944e-07 -5.57855e-05 -1.83663e-05 0.00112653 0.000893806 0.00357723 0.00100585 -0.00295344 1.21042e-05 0.00453156 -0.00248943 0.000386487 -1.81312e-08 -1.44322e-05 0.00119461 -0.000520702 8.43866e-05 0.00105386 -4.62884e-07 5.7984e-05 -8.16804e-06 -1.68422e-07 -0.00315084 -4.91061e-06 -1.59764e-05 -7.16395e-06 -0.000115618 1.71405e-05 -1.01993e-05 3.20392e-06 -8.80487e-08 -9.24811e-05 0.00440418 -3.74631e-05 -4.93603e-05 8.87468e-06 -2.1534e-06 
-0.000116589 0.0025799 -0.00042396 -2.84494e-05 -0.000336496 0.0536625 -9.79532e-06 0.00666814 0.0219638 -0.000219028 -0.00778726 0.0168665 0.00365426 -0.00734508 1.18695e-05 -0.00991439 0.0020401 0.00336301 3.46508e-05 -0.0217072 -0.00691781 0.0018898 0.0086527 0.00830838 -0.00441995 -0.000297891 -7.0237e-05 -9.52688e-06 0.00637046 -0.000425707 -0.00561538 -0.0138384 -0.0233838 0.00175378 -0.00486672 -0.00257408 -0.000949529 -3.28861e-06 0.00118617 0.00046231 -0.0179731 -0.00332739 0.000163673 0.00322457 -0.00844029 -0.000188101 -0.000307243 -0.00020076 2.67371e-07 -0.0053947 -3.49977e-05 -0.000279072 -4.26573e-05 0.00921825 0.000822825 -0.00120193 8.97815e-06 0.000146337 0.000359616 -3.07088e-07 0.000485814 -0.000925226 0.00111376 -1.90729e-06 -0.000416851 0.00134161 -0.00145295 -0.000131318 -0.0043209 0.00390778 -0.00461335 -1.34283e-05 -0.000953753 -0.0158685 0.00288624 -1.40543e-07 -0.000112141 -0.000470132 -0.00163334 -7.2103e-06 -0.000286526 -4.97451e-06 -5.85768e-05 -7.32917e-05 -2.51992e-06 0.0115209 -1.75796e-05 -0.000135725 -6.58095e-05 -0.000478423 6.66005e-06 0.0013902 -5.60547e-07 8.6487e-06 0.000330788 0.00470364 -0.00026512 -0.000147317 1.56757e-05 -1.60354e-05 
4.19175e-05 -0.000151036 2.18899e-05 2.21307e-06 9.80289e-06 -9.79532e-06 0.000176219 -7.48325e-05 1.81772e-05 4.66724e-05 -0.000114964 -1.41663e-05 5.9942e-05 -8.00907e-05 1.40499e-06 -0.000111113 -4.33651e-07 -0.000151953 8.44367e-08 -4.00471e-05 -1.04016e-05 -1.02235e-06 -6.7209e-05 7.79818e-06 4.09552e-05 6.02724e-05 8.57372e-07 5.6314e-07 2.46175e-05 8.48951e-05 4.06102e-06 -0.000125975 1.86445e-05 -4.80033e-07 -8.39018e-07 -8.93537e-05 9.26324e-07 4.66387e-07 1.39626e-06 2.72398e-05 -6.38297e-05 -1.07543e-05 4.39267e-05 -2.73315e-05 -2.55425e-05 -4.01217e-06 3.54295e-05 -3.88734e-07 4.50923e-09 0.000113563 2.74586e-06 5.12194e-05 1.35252e-05 4.82406e-05 8.18048e-07 3.48385e-05 -4.53844e-09 -3.67041e-08 -8.16126e-08 3.37954e-07 2.27868e-06 -1.27226e-06 2.25625e-05 2.40759e-07 6.77394e-06 -6.35707e-07 7.008e-05 1.81143e-05 5.0211e-05 8.34182e-05 -8.39155e-05 -8.44954e-08 -2.77856e-06 3.43209e-05 -0.000127314 -4.35337e-10 4.05629e-05 -1.39645e-06 -1.20889e-05 2.09609e-07 1.00597e-05 2.58824e-06 4.88325e-06 7.38402e-06 1.74886e-06 -1.76381e-05 -5.1012e-08 3.14489e-07 3.4434e-05 -2.8939e-06 -9.32533e-08 1.42529e-06 -1.74664e-09 4.07029e-07 6.72258e-06 -1.81169e-05 1.07192e-05 2.02639e-07 1.36988e-05 2.49483e-05 
8.16766e-05 -0.00202478 -0.00202968 5.58985e-05 0.00113587 0.00666814 -7.48325e-05 0.145981 0.0180111 0.00054636 -0.0192294 0.0169231 -0.0016133 0.00716648 -1.7458e-05 -0.0255991 3.61232e-05 -0.00110804 8.67575e-05 -0.0547608 0.0122606 0.000204502 -0.0150884 0.0227412 0.000383294 0.0006586 -0.000773662 -0.000120956 0.00204116 -0.00899202 0.00343977 -0.00373551 -0.0563474 0.000203211 0.0160329 -0.00766088 0.00177613 9.2879e-06 -0.000122342 0.000799181 -0.0244451 0.00696219 0.00402777 0.00828104 0.011397 0.0103417 0.00101887 -0.000767612 -1.88676e-05 -0.0110587 -0.000204295 0.000916735 -4.67002e-05 0.00338115 -0.000415724 -0.000299187 4.24345e-06 -1.46764e-05 -9.08778e-05 7.13287e-07 0.000478988 0.00319562 9.981e-05 3.18914e-06 -0.00446352 0.000149584 0.00660754 0.000461127 0.0142691 -0.00202497 -0.0158077 -6.59948e-05 0.00323494 -0.104156 9.44749e-05 -9.31624e-07 -0.00162226 0.00146179 0.00673008 3.64306e-06 0.00117169 -6.79281e-06 0.000129184 -0.000829138 -2.131e-05 0.00311395 5.21828e-05 0.000321178 -0.000533126 -0.00075371 7.6326e-05 0.000177125 -7.11714e-08 -5.28205e-06 0.00214341 0.0228508 0.00030577 -0.00325395 -0.00027062 -0.000229322 
-0.000994854 -0.00132013 -0.00133334 -2.28506e-05 -0.000961697 0.0219638 1.81772e-05 0.0180111 0.149592 -0.00071062 -0.0382265 0.0401096 0.00531906 -0.0165328 2.10836e-05 -0.0556661 0.0019591 0.0135112 0.000175342 -0.0284173 0.000949927 0.00170988 0.007782 -0.0262621 -0.0140624 -0.000932309 0.00013985 7.45555e-05 0.0522856 0.000869707 -0.0140805 -0.0613869 -0.0152032 0.00194833 0.00343511 -0.0146418 -0.00258705 -1.06039e-05 0.000131299 0.000183989 -0.0137777 -0.00311867 0.0200473 0.027746 -0.00852771 -0.030243 8.68143e-05 -0.000819828 2.91642e-07 -0.0137621 -6.52187e-05 -0.00101973 -6.90036e-05 0.0015713 0.00120638 -0.00380866 1.30978e-05 4.36904e-05 0.000230876 8.07836e-07 0.00264736 -0.00329083 0.00436406 -4.88509e-06 -0.00123207 0.00128545 0.00395146 -0.000468563 -0.0137274 0.0121965 -0.0351465 -5.04991e-05 -0.00273141 -0.0281941 0.00223772 -3.65658e-07 5.26199e-05 -0.00141782 0.0217111 -2.02637e-05 -0.00114376 -1.5561e-05 6.97384e-05 -0.000184796 -7.99676e-06 0.0467237 5.60489e-05 -0.000380614 -0.000129882 -0.00272416 0.00021923 0.00116489 -1.64812e-06 2.4866e-06 0.00125836 -0.00955828 -0.00057889 0.00044274 9.70754e-05 -4.27449e-05 
0.00145585 -0.00295683 4.34465e-05 -1.79841e-06 0.00102073 -0.000219028 4.66724e-05 0.00054636 -0.00071062 0.00392346 -0.000907755 -0.000259023 0.00134208 0.00014323 3.89447e-08 -0.000920179 -1.10325e-05 -0.00335021 3.84533e-05 -0.00196032 -0.000477224 -1.59208e-05 -0.00102295 0.0018778 2.804e-05 0.00187736 -4.17524e-06 -7.49272e-07 -0.00115391 -2.93904e-05 -0.000386369 -0.00301297 -0.000922842 -1.06215e-05 -0.000577299 -0.000999323 -5.73648e-05 2.06933e-07 9.54623e-05 -5.40303e-06 -0.00319222 -0.000238753 0.00135024 -0.000601688 -0.00051369 0.00125618 0.00145162 -1.59382e-05 -1.22712e-07 0.00246332 6.6837e-05 0.00146122 -2.79349e-06 0.00165813 -4.33491e-06 0.00129191 1.0919e-06 -8.20291e-07 -1.82394e-06 9.57615e-07 1.959e-05 0.00015361 -2.14281e-05 1.79513e-05 -2.94455e-05 2.13606e-06 -0.0003953 0.000858441 0.00324137 -0.000120095 0.000412301 8.61163e-06 0.000412808 -0.00141053 -0.000397826 -9.72926e-09 -1.10045e-06 -2.42422e-05 -0.000482583 4.23485e-05 -2.40981e-05 1.04304e-05 0.000256015 -5.27376e-06 1.78889e-07 -0.00173741 -3.29044e-06 -4.76182e-06 8.60721e-06 -6.35e-05 -1.16332e-05 -6.8445e-06 5.42981e-08 7.58795e-06 -1.22408e-05 0.000365397 -2.45982e-05 6.52559e-05 -1.44274e-06 -2.38857e-07 
0.0012343 0.0483227 -0.00433389 -0.000400385 -0.00450457 -0.00778726 -0.000114964 -0.0192294 -0.0382265 -0.000907755 0.177107 -0.063741 -0.0157673 0.000442248 -7.62946e-05 0.163052 -0.00207969 0.0457718 -0.000521119 0.11266 -0.0998376 -0.00124203 0.11808 0.0107992 -0.0584427 -0.000349233 -0.000961127 -0.000129844 -0.128187 -0.00662206 -0.0753823 0.0539587 0.0566365 -0.00185952 -0.112841 0.0846753 -0.0139127 -4.46583e-05 0.000782092 -0.00390317 0.00466195 -0.045035 -0.0360063 -0.00390182 -0.0962164 0.0521087 0.00100925 -0.00355677 -2.1811e-05 0.00921935 -0.00046488 -4.84586e-05 -0.000409046 0.00250735 -0.00128328 -0.019384 -9.68385e-06 -0.00011399 -0.000297433 -7.46033e-06 -0.000676936 -0.013473 -0.0040832 -1.67833e-05 -0.00520419 -0.00148598 -0.0847814 -0.00184024 0.0115565 -0.0221782 0.154333 -0.000294321 -0.0136349 -0.0343753 0.0578528 -1.90187e-06 -0.00142767 -0.00628766 -0.0800079 -0.000128205 -0.00628527 2.14091e-05 -0.00101404 -0.00100184 -2.53435e-05 0.0282486 -0.000589938 -0.00183987 -0.00145572 0.00380265 -0.00140372 -0.00135133 -1.92391e-06 2.14707e-06 -0.00177686 -0.0385113 -0.00473806 -0.000351018 -0.000234569 -0.000203374 
-0.000717954 0.00306025 0.000584102 0.000459387 0.000719308 0.0168665 -1.41663e-05 0.0169231 0.0401096 -0.000259023 -0.063741 0.0951683 0.00380251 0.000548637 7.40184e-05 -0.068005 0.00208035 0.00835262 0.000352226 -0.0594315 0.0358651 0.00258082 -0.0321441 -0.0180662 -0.00339921 -0.000520945 -0.000147433 -1.7661e-05 0.0580341 -0.00125821 -0.000175465 -0.039347 -0.0481765 0.00172797 0.038656 -0.0540967 -0.00124975 4.67144e-05 -0.000472792 0.00266832 -0.0126989 0.0275731 0.0156976 0.0202146 0.0305421 -0.0215838 -0.000707632 -0.000488053 -3.11158e-06 -0.00881867 -5.05911e-05 -0.000416797 0.00047089 -0.00329947 0.000425614 -0.00152724 8.33395e-06 0.000120419 0.000193482 4.26373e-06 0.000807182 -0.00160956 0.0013827 -2.467e-06 -0.000824442 0.00153936 0.033379 -2.57873e-05 -0.00431288 0.00638801 -0.0588512 9.40343e-06 -0.00137556 -0.00021777 -0.0224455 -2.23088e-07 -0.000105709 -0.000822897 0.045632 4.01982e-05 -0.000657069 -1.22928e-05 -9.32116e-05 -0.000100467 -1.59379e-06 0.00389005 0.000220156 -0.000242238 0.000710212 -0.00100149 0.00187311 0.00150161 -6.15548e-07 1.79251e-06 0.00259915 0.00604758 0.00352999 5.89842e-05 -3.8863e-05 3.57869e-05 
-0.000132773 -0.00739365 0.00080381 -1.31681e-05 0.00384164 0.00365426 5.9942e-05 -0.0016133 0.00531906 0.00134208 -0.0157673 0.00380251 0.0244922 -0.00194896 -2.43951e-06 -0.0166767 0.000198286 -0.00887052 -2.07631e-06 -0.00942639 -0.00150359 -7.74224e-06 -0.004824 0.00250017 0.00675117 0.000771824 0.000589091 -3.87564e-06 0.00594782 0.00198994 0.00180852 -0.0142952 -0.00511245 0.000309037 -0.00155964 -0.000270003 0.00409394 1.59481e-05 -7.13382e-05 -6.97055e-05 -0.00729741 -0.000958252 0.0100394 -0.00267085 -0.00192185 -0.00566474 -0.000126743 0.00331713 4.87732e-06 0.00205778 6.41992e-05 -0.000108585 5.25484e-05 -0.000799001 0.000652851 0.0108275 2.32307e-06 -2.40194e-06 6.435e-05 -2.84932e-07 0.000762344 0.00483391 0.0011996 2.3912e-06 0.000941423 2.81205e-05 0.00110486 0.00219068 0.00327398 0.00243866 -0.0088692 5.39902e-06 0.00546491 0.00231126 -0.0021398 -6.20547e-08 0.000168926 0.000144252 -0.00189965 0.000146674 -9.14383e-05 -2.7849e-06 0.000135422 -1.51102e-05 -1.11263e-06 -0.00368587 -1.21407e-05 -4.07855e-05 0.000279958 -0.000421109 -0.000111552 5.66251e-05 1.23769e-06 1.29292e-06 -0.000281328 0.00581841 -8.60739e-05 -9.37734e-05 0.000187861 -5.68678e-06 
-0.000766588 0.00591811 0.000340614 -0.000314096 0.000418837 -0.00734508 -8.00907e-05 0.00716648 -0.0165328 0.00014323 0.000442248 0.000548637 -0.00194896 0.0548207 -7.67552e-05 -0.000785463 -0.00136183 0.00396601 1.90638e-05 -0.0123149 0.00190554 -0.00119994 -0.00465043 -1.42763e-05 0.00279456 -0.00015029 -2.49756e-05 -0.000133287 -0.00376915 -0.00334267 0.00251169 0.0109003 -0.0106952 -0.00113866 0.00148571 -0.00120976 0.000920959 3.14161e-06 -0.00108062 0.000163102 -0.00234567 0.00275399 0.00185819 -0.00513973 0.00581288 0.011678 -0.00011239 0.000231473 -1.11733e-05 -0.00289681 -1.06528e-05 -4.98993e-05 -0.00014737 0.000207576 -0.000477942 0.00157151 -1.57978e-05 -0.000146225 -0.000220106 -4.51054e-07 -9.53782e-05 0.000946635 -0.0015799 -2.35217e-06 0.000324515 -0.00117445 -0.00702293 0.000144981 0.00483919 -0.0120205 0.00296357 -9.49423e-06 0.000717634 0.00462684 0.000546483 -1.21956e-06 -0.00158858 0.000244574 0.00401681 -4.87117e-06 0.000188779 -2.79706e-05 1.59562e-05 -0.000349189 -2.29555e-05 -0.0284916 6.42959e-06 -0.000597947 -0.000352217 -0.00189176 -0.00127401 -0.00136906 -4.31315e-06 -4.09038e-05 -0.000113691 0.0023371 -0.000524409 -0.00102346 -0.00025593 -0.000153044 
-7.52893e-07 -4.86738e-05 3.6498e-06 2.0358e-05 -6.32694e-07 1.18695e-05 1.40499e-06 -1.7458e-05 2.10836e-05 3.89447e-08 -7.62946e-05 7.40184e-05 -2.43951e-06 -7.67552e-05 0.000122958 -9.10186e-05 6.6989e-06 -6.24656e-05 3.63797e-06 -6.11423e-05 6.39407e-05 -7.0161e-07 -8.78743e-05 3.15956e-05 -3.68559e-07 -5.13401e-07 -1.9487e-07 4.99941e-07 -2.10403e-05 2.28266e-06 -6.77142e-06 -6.85346e-05 -3.01238e-05 1.61817e-05 4.27442e-05 -7.27695e-05 -1.01628e-07 -7.17221e-09 2.12464e-07 5.41081e-05 -8.54373e-05 3.97493e-05 -5.75125e-06 6.93041e-06 3.16086e-05 -1.08886e-05 -9.02344e-07 -4.42179e-07 -3.83103e-09 1.72822e-06 -6.39755e-08 -3.97084e-07 2.57989e-05 -2.80714e-06 2.7516e-05 -3.38269e-06 1.52435e-05 -2.56092e-08 -5.69428e-08 -1.42731e-09 -5.51895e-07 9.63478e-06 1.99697e-06 -4.12207e-09 -9.57781e-07 7.69787e-07 3.37786e-05 -3.31929e-07 -9.82969e-06 3.48938e-05 -9.49531e-05 -4.89542e-08 1.76764e-05 -3.65014e-05 -3.2654e-05 -3.03744e-10 2.56342e-05 1.91958e-05 -6.80896e-06 -2.5856e-08 2.01754e-05 6.69482e-06 5.76596e-07 -6.13116e-08 2.97887e-07 2.4122e-05 6.43628e-07 -2.45621e-08 3.4333e-05 -2.05557e-06 5.50299e-05 -2.21904e-07 -1.21867e-09 -6.72418e-09 2.4483e-08 6.96133e-06 8.26718e-05 5.15425e-07 3.68291e-07 1.99806e-05 
0.000645025 0.0476879 -0.00395538 -0.00038869 -0.00436111 -0.00991439 -0.000111113 -0.0255991 -0.0556661 -0.000920179 0.163052 -0.068005 -0.0166767 -0.000785463 -9.10186e-05 0.188746 -0.00196119 0.0438419 -0.000484675 0.124345 -0.0970853 -0.00136206 0.115857 0.00942675 -0.0560362 -0.000507919 -0.00107506 -0.000129072 -0.130802 -0.005494 -0.0730106 0.0519849 0.067243 -0.00185975 -0.109853 0.0841953 -0.0135388 -4.32797e-05 0.00041472 -0.00393506 0.0144866 -0.0436084 -0.0389713 -0.0127925 -0.0928575 0.0544617 -0.000938798 -0.00348135 -1.9617e-05 0.0145958 -0.000409203 -0.000565336 -0.000392129 -0.00164703 -0.00162546 -0.019624 -1.91913e-05 -9.85125e-05 -0.000248081 -7.19259e-06 -0.00314599 -0.0132129 -0.00400977 -2.36127e-05 -0.00481245 -0.00142211 -0.0817209 -0.00179361 0.0134468 -0.0203074 0.150994 -0.000245147 -0.0136383 -0.0246706 0.0562412 -1.84631e-06 -0.00113404 -0.00618711 -0.0801603 -0.000122446 -0.00612012 -6.81739e-06 -0.00106952 -0.000966979 -2.40507e-05 0.0156033 -0.000531884 -0.00178607 -0.00138045 0.0042152 -0.00139667 -0.001326 -4.76767e-06 -2.78302e-06 -0.00150626 -0.0424785 -0.0046036 -0.000313785 -0.000201881 -0.000196926 
-1.99571e-05 -0.00176476 -2.18693e-05 -1.24736e-06 4.55801e-05 0.0020401 -4.33651e-07 3.61232e-05 0.0019591 -1.10325e-05 -0.00207969 0.00208035 0.000198286 -0.00136183 6.6989e-06 -0.00196119 0.00279301 9.41398e-05 -3.22046e-06 -0.00157095 -0.000336924 0.0021964 0.000356948 -0.000579166 -0.000195272 -1.56412e-05 -2.20505e-06 4.62055e-06 0.00184561 -2.52444e-05 -0.000264047 -0.00204688 -0.00129206 0.00196917 0.00118778 -0.00180468 -4.94419e-05 -1.63355e-07 -1.04639e-05 -5.85012e-06 -0.00216715 -0.000141392 7.54987e-05 0.00207975 -0.000400595 -0.000669965 -2.54867e-05 -4.97089e-06 7.49411e-07 -0.000266989 -1.3308e-06 -1.79795e-05 -2.09159e-06 -0.000114053 0.0002922 -6.10712e-05 1.14879e-05 0.00013532 0.000296873 1.95749e-06 8.86231e-06 -4.76351e-05 -1.46209e-05 -9.38847e-08 -1.81645e-05 0.00174106 -0.00027898 -7.55006e-06 -0.000229528 -9.88315e-05 -0.0021019 5.02058e-06 -4.97164e-05 -0.00030746 -0.00169198 -6.91812e-09 -5.6546e-06 -2.28109e-05 0.00191961 1.00444e-05 0.0001264 -3.45775e-07 -4.55684e-06 -3.41997e-06 -1.24041e-07 -0.00107164 -1.41015e-06 -6.70899e-06 -4.12064e-06 -4.75238e-05 -1.27056e-05 0.00119671 -2.77565e-08 2.43516e-07 0.00101051 -0.00039917 -1.84649e-05 1.4302e-08 1.70575e-05 -8.2165e-07 
-0.00360424 0.0587979 -0.00169001 -4.01228e-05 -0.00569883 0.00336301 -0.000151953 -0.00110804 0.0135112 -0.00335021 0.0457718 0.00835262 -0.00887052 0.00396601 -6.24656e-05 0.0438419 9.41398e-05 0.117366 -0.000128113 0.0296936 -0.0232134 0.000143429 0.0487834 -0.0475839 -0.0465364 -0.00467277 -0.000814964 -0.000158303 -0.014597 -0.00961515 -0.0457591 0.0177136 0.00147185 6.88433e-05 -0.0283067 0.00937177 -0.0134921 -4.94991e-05 -0.00119142 -0.00248465 0.0222935 0.00512796 -0.0159527 0.0169208 -0.0248797 -0.000251499 -0.00319884 -0.00364354 -2.67557e-05 -0.0264784 -0.000475441 -0.00597665 -0.000438758 -0.0117628 -0.000747626 -0.0199332 -1.98762e-05 9.34592e-06 1.16005e-05 -8.36702e-06 0.000467573 -0.0152999 -0.000741195 -2.7931e-05 -0.00612037 -8.27347e-05 -0.0378422 -0.0021331 -0.0133954 -0.0135978 0.0468256 -0.000276605 -0.0149571 0.00700234 0.0215545 -2.13455e-06 -0.0017366 -0.0070821 0.00133152 -0.000178408 -0.00693151 -3.52304e-05 -0.00129631 -0.0011051 -3.53287e-05 0.011818 7.88016e-05 -0.00203166 -0.0015961 0.000823253 -0.000206364 2.5725e-06 -6.47078e-06 -3.50739e-05 -0.00160692 -0.0296963 -0.000217739 -0.000840243 -0.000259376 -0.000231706 
2.26749e-05 2.24158e-05 5.88632e-05 3.06964e-07 6.25795e-06 3.46508e-05 8.44367e-08 8.67575e-05 0.000175342 3.84533e-05 -0.000521119 0.000352226 -2.07631e-06 1.90638e-05 3.63797e-06 -0.000484675 -3.22046e-06 -0.000128113 0.00131588 -0.000211902 0.000212723 1.64091e-05 -0.00029968 4.73731e-05 -5.21972e-05 2.89285e-05 -1.47797e-06 6.02696e-07 0.000140224 -4.10966e-06 -1.4943e-05 -0.000326098 -0.000530822 -2.84865e-06 0.000281286 -0.00030665 -2.09954e-05 3.69819e-07 1.70724e-05 9.6512e-05 -0.000156538 0.000131188 -3.08078e-05 1.71297e-05 0.000146466 -0.000163164 2.85335e-05 -6.32166e-06 4.22852e-08 -7.627e-09 3.85217e-05 2.58623e-05 2.24059e-06 1.34391e-07 4.37787e-07 -2.9751e-05 -3.39286e-08 1.52273e-07 9.32109e-08 9.54707e-07 8.7661e-07 -1.62372e-05 7.38062e-06 5.525e-07 -3.77895e-06 -8.05775e-07 -0.000114512 -2.53317e-06 7.41817e-05 3.77761e-05 -0.00050753 5.62499e-06 -1.88771e-05 -0.000358623 -1.08586e-05 -3.25451e-09 -1.83619e-06 -9.66136e-06 0.000204441 -2.33704e-07 -1.07489e-05 -1.62664e-07 4.36363e-05 -1.18745e-06 -8.35285e-09 0.000397406 -1.64022e-07 5.6272e-06 3.68188e-05 -1.83619e-05 0.000133847 7.66904e-06 -1.30576e-08 5.44619e-07 6.5666e-05 -0.000130292 0.000120194 -7.52601e-06 -2.35941e-07 -3.73198e-07 
-0.00155537 0.0318832 -0.00256239 -0.000210973 -0.00425322 -0.0217072 -4.00471e-05 -0.0547608 -0.0284173 -0.00196032 0.11266 -0.0594315 -0.00942639 -0.0123149 -6.11423e-05 0.124345 -0.00157095 0.0296936 -0.000211902 0.233758 -0.0749097 -0.0026535 0.0949677 -0.0291833 -0.0420789 -0.0021935 -0.000545309 1.90708e-05 -0.101966 0.00182391 -0.0547606 0.0233558 0.109602 -0.00163304 -0.0856724 0.0630795 -0.0113398 -3.55413e-05 0.000169861 -0.00341315 0.0608686 -0.0354161 -0.033038 -0.00431985 -0.0692459 -0.0219789 -0.00509304 -0.00283978 -1.68366e-06 0.00622748 -2.46848e-05 -0.00328244 -0.000368485 -0.020994 -0.000882841 -0.0161306 -1.60934e-05 -7.35754e-05 -0.000172718 -6.97587e-06 -0.00298675 -0.0112635 -0.00190566 -1.97086e-05 -0.00264326 -0.0009538 -0.0593234 -0.00157704 -0.0331351 -0.0118399 0.104607 -0.000148201 -0.0115734 0.025746 0.0383984 -1.69788e-07 0.000667189 -0.00519382 -0.0544758 -8.99378e-05 -0.00490661 -2.42968e-05 -0.00100802 -9.55714e-05 -1.3641e-06 0.0408891 -0.000282265 -0.00149507 -0.000431362 0.00358582 -0.000931287 -0.00110254 -3.87131e-06 -8.87534e-06 -0.00796879 -0.066296 -0.00297518 0.000922978 9.72371e-05 4.77116e-05 
-0.000895416 -0.0239234 0.00310943 0.000425891 -0.000790231 -0.00691781 -1.04016e-05 0.0122606 0.000949927 -0.000477224 -0.0998376 0.0358651 -0.00150359 0.00190554 6.39407e-05 -0.0970853 -0.000336924 -0.0232134 0.000212723 -0.0749097 0.113096 -0.000757768 -0.0978624 -0.0162074 0.0368735 -0.000709864 -3.01939e-05 0.000113909 0.0822699 0.00203034 0.0591147 0.00193801 -0.0416305 -0.000327367 0.103259 -0.0780555 0.00161966 6.44492e-06 -0.0006348 0.00182143 0.0129324 0.0498122 0.0111516 -0.017429 0.0930633 -0.0320359 -0.00081152 -3.16263e-05 -2.37312e-06 -0.0114778 -5.33632e-05 -0.000898197 2.8854e-05 -0.0037427 -0.000144802 0.00678992 -3.31071e-06 -2.57382e-05 -5.49043e-05 -1.50881e-06 -0.000534805 -0.00157785 5.70054e-05 -1.73744e-06 0.00302737 -0.000380029 0.0635533 -0.000294646 -0.0111279 5.58749e-06 -0.100456 6.08728e-05 -0.00212568 0.0433465 -0.0514921 2.10891e-06 0.000602733 -0.000874568 0.071464 -2.12857e-05 -0.000919154 -1.18583e-05 0.000124278 0.00075916 -2.17705e-06 -0.0317685 0.000309788 0.00185108 0.00033044 -0.00216059 0.00136234 -0.000135138 -1.14825e-06 -2.0348e-06 -0.000953939 0.0161403 0.00489499 -0.000924905 -1.72671e-05 6.68172e-06 
-4.01315e-05 -0.0014914 -4.3386e-05 -3.00386e-06 1.48976e-06 0.0018898 -1.02235e-06 0.000204502 0.00170988 -1.59208e-05 -0.00124203 0.00258082 -7.74224e-06 -0.00119994 -7.0161e-07 -0.00136206 0.0021964 0.000143429 1.64091e-05 -0.0026535 -0.000757768 0.00586038 0.000598742 -0.000461246 -0.000421617 -3.15542e-05 -2.22174e-06 5.0553e-06 0.000855762 -6.76053e-05 -0.000579435 -0.00215683 -0.00216392 0.00164009 0.00076299 -0.00199354 -0.000103974 4.25951e-06 -2.9539e-05 7.51001e-05 -0.0040254 -0.000346251 -8.31734e-05 0.00167316 -0.000863565 0.001081 -5.08368e-05 -2.62947e-05 -1.83653e-07 3.76513e-05 -3.41272e-06 4.70103e-05 -1.59095e-06 -0.000160297 0.000134043 -0.000161234 2.2682e-06 0.000135286 0.000240357 2.44824e-06 -1.75626e-05 -9.57745e-05 -2.49068e-05 -1.97605e-07 -4.58477e-05 0.00173163 -0.000533502 -1.55921e-05 0.00125925 -0.00015185 -0.00134731 3.37384e-06 -0.000105604 -0.00122806 -0.00157857 -1.4561e-08 -1.1487e-05 -4.8091e-05 0.0018163 9.24384e-06 8.61036e-05 -5.87773e-07 -9.0844e-06 -6.85613e-06 -1.87742e-07 -0.00244994 -1.35282e-06 -9.49413e-06 1.06072e-05 -6.62385e-05 -2.1784e-05 0.00123611 6.78246e-07 7.4321e-08 0.00195729 0.000339362 -3.53733e-05 -2.11458e-06 1.28574e-05 -1.47604e-06 
-0.00267567 0.0460825 -0.00437198 -0.000426602 -0.0026905 0.0086527 -6.7209e-05 -0.0150884 0.007782 -0.00102295 0.11808 -0.0321441 -0.004824 -0.00465043 -8.78743e-05 0.115857 0.000356948 0.0487834 -0.00029968 0.0949677 -0.0978624 0.000598742 0.141119 -0.00655034 -0.0603203 -0.00235631 -0.000677756 -8.55803e-05 -0.0793951 -0.00420101 -0.0786962 0.00714084 0.0430988 0.000406917 -0.10935 0.0772699 -0.0144126 -4.77567e-05 0.000350341 -0.00391656 0.0095599 -0.0468397 -0.0117871 0.0260636 -0.100477 0.0257707 -0.00425395 -0.00296557 -1.59997e-05 0.0013386 -0.000418062 -0.00379237 -0.00046118 -0.00368961 -0.000303321 -0.0154113 -8.65174e-06 6.57195e-06 5.40254e-05 -5.63986e-06 0.000405228 -0.0140134 -0.000917242 -2.68406e-05 -0.00464559 0.000338636 -0.0811825 -0.000337884 0.00399789 -0.0106684 0.119963 -0.000163747 -0.0133304 -0.0385808 0.0599221 -2.05003e-06 -0.000855503 -0.00684974 -0.0648293 2.81931e-05 -0.00652973 -1.91093e-05 -0.00103224 -0.00104145 -2.87733e-05 0.0513846 -0.00043409 -0.00197677 -0.00158943 0.00278951 -0.0016542 -1.26571e-05 -4.78834e-06 -1.86861e-05 -0.00126683 -0.0388996 -0.00497754 0.000607214 -3.19294e-05 -0.000203857 
0.00293214 -0.00821111 -0.000764484 -1.7899e-05 0.00319477 0.00830838 7.79818e-06 0.0227412 -0.0262621 0.0018778 0.0107992 -0.0180662 0.00250017 -1.42763e-05 3.15956e-05 0.00942675 -0.000579166 -0.0475839 4.73731e-05 -0.0291833 -0.0162074 -0.000461246 -0.00655034 0.167589 0.0105068 0.00195267 -0.000270596 -3.50797e-05 -0.0484788 -0.00141893 -0.000207386 -0.00634302 -0.0322889 -0.000539921 -0.0150219 0.0145323 0.00948408 4.49414e-05 0.00202078 0.00302515 -0.0454454 -0.0117429 0.000360956 -0.0201207 -0.0167429 0.0316872 0.00545188 0.00120363 -3.99007e-06 0.018004 -2.24864e-05 0.00350879 0.000316478 0.0192781 -3.42387e-05 0.000926091 7.20712e-06 -4.36655e-05 -2.96728e-05 5.99195e-06 -0.000902757 0.0133112 -0.00106085 2.5356e-05 -0.00133696 -0.0007333 -0.00635145 0.000409437 0.0218015 0.00390171 0.00936193 -5.05556e-06 0.0126087 -0.0601305 0.0105792 -4.79264e-07 -0.000126686 0.00645854 -0.0257933 -3.98161e-05 0.00601213 4.90834e-05 0.000419912 -0.000244422 -1.25319e-06 -0.00625424 -0.000162461 0.00118579 0.000996884 -0.00313835 0.000216518 -0.000352349 4.19989e-06 2.48105e-05 0.00190394 0.0195031 0.000189238 -0.00135106 -1.8353e-05 -4.13137e-05 
-0.00055308 -0.0395833 0.00309233 -4.15786e-05 0.0036893 -0.00441995 4.09552e-05 0.000383294 -0.0140624 2.804e-05 -0.0584427 -0.00339921 0.00675117 0.00279456 -3.68559e-07 -0.0560362 -0.000195272 -0.0465364 -5.21972e-05 -0.0420789 0.0368735 -0.000421617 -0.0603203 0.0105068 0.0728754 -0.000196141 0.000831037 3.65863e-05 0.0305006 0.00612493 0.0573898 -0.00198006 -0.0186953 -0.00021394 0.0425678 -0.0257308 0.0144139 5.23311e-05 -0.000384856 0.00187916 -0.00692817 0.00331274 0.0114708 -0.0122283 0.0377514 -0.0164735 -0.000549001 0.00390527 5.12458e-06 -0.0028777 0.000275759 0.000654136 0.000446855 -0.000629279 0.000270285 0.0157415 6.55239e-08 -1.24572e-05 1.24184e-05 5.6148e-06 -0.000396074 0.0150118 -0.000426059 2.58729e-06 0.00604753 -0.000105226 0.0328617 0.00115772 -0.00148907 0.00924186 -0.0582583 0.000233614 0.0145379 0.0131991 -0.0252574 1.6412e-06 0.000981251 0.00724726 0.019741 5.09907e-05 0.00717271 -9.63321e-06 0.00014396 0.00113017 2.91186e-05 -0.0272114 -3.51427e-05 0.00184685 0.00151372 -0.0012738 -0.00024832 -5.85975e-05 -9.42599e-08 -4.32728e-06 0.00053593 0.0306684 8.18483e-05 -0.000542556 4.69871e-05 0.000190004 
0.00310218 -0.00439253 -2.53445e-05 6.47803e-07 0.000234867 -0.000297891 6.02724e-05 0.0006586 -0.000932309 0.00187736 -0.000349233 -0.000520945 0.000771824 -0.00015029 -5.13401e-07 -0.000507919 -1.56412e-05 -0.00467277 2.89285e-05 -0.0021935 -0.000709864 -3.15542e-05 -0.00235631 0.00195267 -0.000196141 0.00555323 -6.24936e-06 6.54399e-07 -0.00151193 -5.97229e-05 -0.000549941 -0.00232356 -0.00142723 -3.29635e-06 -0.000766265 -0.00313409 8.93562e-05 8.24298e-07 0.000110302 0.000353757 -0.00470756 -0.000336606 0.000923545 -0.000876152 -0.00084501 0.00251006 0.00291741 -2.59918e-05 -1.73973e-07 0.00476985 6.29459e-05 0.00369547 -2.79229e-06 0.00388913 -1.12987e-05 0.00070392 -1.43799e-07 -9.82955e-07 -2.58586e-06 8.85169e-08 8.45154e-05 -2.64697e-05 1.15405e-05 2.13195e-05 -3.8971e-05 3.74945e-05 -0.000625135 0.00075483 0.0040574 -0.000194218 0.000606255 2.94601e-08 -9.64796e-05 -0.00194956 -0.000941848 -1.37935e-08 -1.00375e-05 -4.48916e-05 -0.000671445 4.91725e-05 -4.61394e-05 1.81773e-05 0.000644524 -5.87012e-06 4.93602e-06 -0.00209204 -1.54581e-06 -9.91654e-06 -1.91368e-06 0.000281443 3.41632e-05 -9.88369e-06 3.84658e-07 2.16913e-05 0.000284569 -0.000777497 -3.36076e-05 0.000343867 -1.40542e-06 -9.88226e-07 
-1.07512e-05 -0.000895843 0.000164249 -5.71509e-07 -1.14189e-05 -7.0237e-05 8.57372e-07 -0.000773662 0.00013985 -4.17524e-06 -0.000961127 -0.000147433 0.000589091 -2.49756e-05 -1.9487e-07 -0.00107506 -2.20505e-06 -0.000814964 -1.47797e-06 -0.000545309 -3.01939e-05 -2.22174e-06 -0.000677756 -0.000270596 0.000831037 -6.24936e-06 0.00158214 6.5119e-06 0.000976646 0.000681861 0.000750008 -9.01433e-05 0.000487705 -7.02618e-07 3.19141e-05 -0.000494742 5.89058e-05 -9.24223e-08 -5.62205e-06 1.084e-05 0.000104071 -8.12674e-05 0.00068909 -0.000226376 5.26445e-05 -0.000365254 -1.40564e-05 0.000505856 2.23966e-07 -4.18041e-05 1.94045e-06 -6.75026e-06 3.39782e-06 6.06815e-05 3.45531e-05 0.000946583 -4.08048e-08 5.99959e-08 6.16226e-07 -1.83925e-08 -3.81717e-06 -1.81811e-05 1.04247e-05 -5.31176e-08 0.000730745 -1.0156e-06 -1.1332e-05 -2.72396e-06 -9.71891e-05 -8.13291e-06 -0.00104318 2.50736e-05 -1.24409e-05 0.000862357 -0.000971542 -3.91409e-09 1.20761e-05 -1.30948e-05 -2.09399e-05 1.66015e-06 -1.22565e-05 1.81036e-07 1.89185e-06 7.16984e-05 2.17982e-06 -0.00054881 3.72556e-06 2.62756e-06 2.10829e-05 -2.56046e-05 -5.34846e-06 -2.50949e-06 -1.57039e-08 -8.66488e-08 -5.90219e-06 -2.21821e-05 1.03468e-05 -9.97134e-06 4.29625e-06 1.79218e-05 
-1.35538e-06 -0.000155425 9.19561e-06 8.35653e-07 -1.39632e-06 -9.52688e-06 5.6314e-07 -0.000120956 7.45555e-05 -7.49272e-07 -0.000129844 -1.7661e-05 -3.87564e-06 -0.000133287 4.99941e-07 -0.000129072 4.62055e-06 -0.000158303 6.02696e-07 1.90708e-05 0.000113909 5.0553e-06 -8.55803e-05 -3.50797e-05 3.65863e-05 6.54399e-07 6.5119e-06 0.000190184 0.000104249 0.000122609 2.13545e-05 -6.46674e-05 5.29843e-05 2.78192e-06 5.67759e-05 -0.000154769 -3.44681e-06 -1.10943e-08 -5.69499e-07 -8.58474e-07 1.78358e-05 1.78639e-06 4.07189e-06 -2.84958e-05 5.65187e-05 -4.47994e-05 -1.51093e-06 -4.92673e-07 6.17407e-07 6.37269e-05 3.43749e-07 5.74111e-06 -7.96454e-08 -2.6057e-06 1.94206e-08 2.34189e-07 -4.89816e-09 -3.96133e-08 8.25252e-07 9.47792e-07 -9.61972e-07 -3.45512e-06 2.56862e-06 -6.37617e-09 4.93847e-06 6.06724e-06 0.000145583 -5.13441e-07 -1.60831e-05 9.24749e-05 -0.000141596 1.39881e-06 -3.50684e-06 0.000111053 -0.000161753 -4.69843e-10 7.84613e-05 -1.57909e-06 8.34115e-05 1.94667e-06 -5.39691e-07 -2.34833e-08 9.60522e-07 2.9132e-05 1.82425e-08 4.25442e-05 -1.59384e-07 -3.88974e-07 1.2123e-05 3.4488e-06 1.08146e-05 3.46008e-06 3.64782e-07 -1.04012e-08 4.29678e-06 -1.3213e-05 1.32859e-05 -1.37861e-06 2.82366e-06 2.18753e-06 
-0.00204856 -0.03071 0.00190997 -9.63938e-05 -0.00171748 0.00637046 2.46175e-05 0.00204116 0.0522856 -0.00115391 -0.128187 0.0580341 0.00594782 -0.00376915 -2.10403e-05 -0.130802 0.00184561 -0.014597 0.000140224 -0.101966 0.0822699 0.000855762 -0.0793951 -0.0484788 0.0305006 -0.00151193 0.000976646 0.000104249 0.208274 0.00695447 0.0540768 -0.0423183 -0.0578203 0.00165426 0.0919679 -0.0714497 -0.00100177 -1.68413e-05 -0.00125455 -0.000576533 0.0178722 0.0377814 0.0250207 0.0409314 0.0755947 -0.0657511 -0.00197754 0.000886279 1.8107e-05 -0.0135885 0.000300215 -0.00209315 -0.000236375 -0.00871694 0.00130805 0.00896911 4.69493e-06 0.000126501 0.000278159 -4.59114e-07 0.00207938 -0.00498607 0.00384177 -6.65623e-06 0.00447228 0.00110403 0.063735 -0.000640429 -0.0231406 0.0103426 -0.123985 0.000214695 -0.00433868 0.0423129 -0.0493332 9.89545e-07 0.00103177 -0.00235109 0.0758708 -1.35327e-05 -0.00192758 -1.96156e-05 0.000428139 0.000813119 -1.27036e-05 -0.00902957 0.000527373 0.00106184 -0.000192623 -0.00472247 -0.000589547 0.00117245 -2.45069e-06 -1.40172e-05 -0.000943363 0.0114132 0.000454186 0.00107908 0.000188092 3.67454e-05 
-8.0121e-05 -0.00845937 0.00186911 -4.79536e-06 -7.98166e-05 -0.000425707 8.48951e-05 -0.00899202 0.000869707 -2.93904e-05 -0.00662206 -0.00125821 0.00198994 -0.00334267 2.28266e-06 -0.005494 -2.52444e-05 -0.00961515 -4.10966e-06 0.00182391 0.00203034 -6.76053e-05 -0.00420101 -0.00141893 0.00612493 -5.97229e-05 0.000681861 0.000122609 0.00695447 0.0117633 0.0059967 -0.00312457 0.00472465 -2.44846e-05 0.00166841 -0.00437198 7.25583e-05 3.4899e-07 1.83033e-05 -2.96327e-05 0.00163991 -0.000443545 0.00117708 -0.00186356 0.00108632 -0.00267125 -0.000106145 0.001105 1.58091e-05 0.00293746 0.000192739 4.13484e-06 3.02471e-05 -0.00042332 0.000364749 0.00185295 -3.06556e-07 2.5941e-06 3.84107e-05 -4.84488e-09 -5.21991e-05 -0.000149775 0.000480568 1.13094e-06 0.00349806 8.03169e-05 0.00429775 -2.41341e-05 -0.000579399 0.00407056 -0.00839976 9.19293e-05 -0.000184308 0.00717691 -0.00711938 1.53928e-07 0.00179126 -9.81351e-05 0.000720075 1.95602e-05 0.000176534 3.33612e-07 8.49477e-05 0.000818847 1.37228e-05 -0.000275725 -5.93518e-06 2.42434e-05 0.00072643 -0.000121731 -1.05164e-05 -1.69193e-05 -5.13126e-08 6.56973e-08 -0.000151511 -0.00142377 0.00017327 -6.97079e-05 0.000256579 0.000172691 
-0.000706336 -0.0427211 0.00259227 7.09459e-07 -0.000699723 -0.00561538 4.06102e-06 0.00343977 -0.0140805 -0.000386369 -0.0753823 -0.000175465 0.00180852 0.00251169 -6.77142e-06 -0.0730106 -0.000264047 -0.0457591 -1.4943e-05 -0.0547606 0.0591147 -0.000579435 -0.0786962 -0.000207386 0.0573898 -0.000549941 0.000750008 2.13545e-05 0.0540768 0.0059967 0.0893972 0.00771578 -0.0196851 -0.000264389 0.0697078 -0.0315609 0.00817816 -5.77842e-06 -0.000506665 -0.00037479 0.00293308 0.0121746 0.0082963 -0.0151698 0.063363 -0.023789 -0.000867958 0.0026079 1.47248e-05 -0.00771583 0.000370894 -0.000677178 -7.9699e-05 -0.00319289 0.000487628 0.0135277 -1.07561e-06 -1.66149e-05 1.05028e-06 -1.12526e-06 -0.000420498 0.00896352 0.000551349 -8.86764e-07 0.00615658 -0.000155893 0.048393 -0.000212641 -0.00839867 0.00893821 -0.0761893 0.000213127 0.00826989 0.0215677 -0.0366125 1.60819e-06 0.000325196 0.00546105 0.0274285 -2.83071e-06 0.00541733 -7.03906e-06 0.000422244 0.000920855 -4.31199e-06 -0.026067 -7.70619e-05 0.00212006 -1.3098e-05 -0.00162625 -0.000379828 -0.000103327 -8.60206e-07 -3.6735e-06 -0.00125266 0.0371784 0.000805798 -0.000672531 4.94718e-05 5.97719e-05 
-0.00203394 0.0116321 -0.000245503 -7.39732e-06 -0.00523958 -0.0138384 -0.000125975 -0.00373551 -0.0613869 -0.00301297 0.0539587 -0.039347 -0.0142952 0.0109003 -6.85346e-05 0.0519849 -0.00204688 0.0177136 -0.000326098 0.0233558 0.00193801 -0.00215683 0.00714084 -0.00634302 -0.00198006 -0.00232356 -9.01433e-05 -6.46674e-05 -0.0423183 -0.00312457 0.00771578 0.15301 0.00618001 -0.00189402 0.00140366 0.0165709 -0.00805233 -4.56421e-05 -0.00336709 -0.000884648 0.0070365 0.00216316 -0.0249604 -0.0284225 0.0114216 -0.00536631 -0.00256283 -0.0012115 -7.57551e-06 -0.0373845 -0.000145825 -0.00185965 -0.00033739 -0.00144895 -0.00122546 -0.00435121 -2.03911e-05 -0.000126458 -0.000249744 -2.60137e-06 -0.00228147 -0.0106917 -0.00395922 -2.24759e-05 0.00127372 -0.00126682 -0.0180478 -0.00189463 -0.00471537 -0.0234601 0.0413068 -2.33564e-05 -0.0114978 0.0144439 -0.00322113 3.09094e-07 -0.00160505 -0.00607536 -0.0175234 -0.000129819 -0.00610627 -2.36008e-05 -0.000514185 -0.000364161 -2.4719e-05 0.00353734 -7.20576e-05 0.000427384 -0.00103567 0.00303106 -0.000259352 -0.00123667 -5.3113e-06 -2.18425e-05 -0.00296823 0.00210854 0.000431964 -0.0032276 -0.000196853 -0.000176456 
-0.0027013 0.00140624 2.48843e-05 -0.000195246 -0.00293911 -0.0233838 1.86445e-05 -0.0563474 -0.0152032 -0.000922842 0.0566365 -0.0481765 -0.00511245 -0.0106952 -3.01238e-05 0.067243 -0.00129206 0.00147185 -0.000530822 0.109602 -0.0416305 -0.00216392 0.0430988 -0.0322889 -0.0186953 -0.00142723 0.000487705 5.29843e-05 -0.0578203 0.00472465 -0.0196851 0.00618001 0.249228 -0.0012681 -0.0419123 0.041488 -0.00636818 -1.84948e-05 -0.00161844 -0.00216789 0.01563 -0.0230906 -0.0160336 -0.0397931 -0.0392798 -0.00386465 -0.00405864 -0.0012001 1.39688e-05 0.0344281 0.000171739 -0.00278601 -0.000142147 -0.0118148 -0.000863002 -0.0037606 -1.2073e-05 -8.13898e-05 -0.000178388 -4.86757e-06 -0.0017513 -0.00561095 -0.000360047 -1.24322e-05 0.00311409 -0.00133314 -0.0278866 -0.000950858 -0.011596 -0.00249716 0.0545159 -4.31921e-05 -0.00565804 0.0361903 0.00507416 4.36163e-08 0.00101352 -0.0029316 -0.0346986 -5.01508e-05 -0.0026388 -4.18371e-05 0.000112073 0.000322874 1.14836e-05 -0.0296799 -0.00023897 -0.000451505 -9.39677e-06 -0.00407017 -0.00154853 -0.000824266 1.73363e-06 -2.51477e-05 -0.00488171 -0.0506246 -0.00149052 0.000919575 0.000140145 0.000140161 
