0.249961 -0.00125388 0.0421367 0.00709345 -0.000140927 -0.00537943 -0.00105987 -0.0210404 -0.0743025 -0.0372812 -0.00181313 -0.0200669 0.000479986 0.0893912 -0.00948954 -0.00227318 -0.012038 0.0719224 -0.0445737 0.0175324 0.000170255 -0.00106831 0.0617766 -0.00668905 -0.0459784 0.000751671 -0.0918901 0.0405729 0.000580101 0.136389 0.0193559 -0.018868 -0.0522796 0.0452963 -0.0051875 -0.00664116 0.0026704 -0.0101937 -9.61656e-06 -0.0461827 -0.15303 0.00373844 2.70747e-05 -0.0240183 -0.00710518 0.00194928 -0.00950244 0.000201128 -0.00165576 -0.00851799 0.00981405 0.0490065 -0.0233031 -0.000157351 -0.00763215 -0.00567517 -0.00869118 0.016867 -0.0464634 -0.0245164 -0.00394134 -0.00156849 3.49754e-05 -0.00175058 -0.00777122 -0.131671 -0.0697499 0.0163887 -0.0956502 -3.13046e-05 -0.0657028 -0.0481563 -0.00793619 -7.79691e-06 0.000327961 0.0239568 0.000343422 -0.0428443 0.0194075 -0.00951745 0.176234 -0.000719168 -0.0155069 -0.000297664 0.113822 -0.00858881 0.00456414 0.0118107 -0.000132554 0.000746881 0.0490921 -0.0554944 -0.000626431 -4.90363e-05 0.0880543 0.000453013 0.00315467 -0.000406278 0.000688449 0.027325 
-0.00125388 0.00253769 0.000596947 -3.64326e-05 -4.09119e-06 3.47144e-05 -1.62187e-05 0.0002125 -0.000101789 -0.000199225 1.16899e-05 -7.28755e-05 -1.9301e-06 4.05834e-05 -4.67673e-05 -1.30251e-05 -1.42113e-05 0.000873103 -0.00145694 5.37125e-05 2.20313e-06 4.79612e-06 -0.00199807 -0.000112251 -9.96798e-05 -4.47597e-05 -0.000947776 -0.000259363 -4.17879e-06 -0.00180894 -0.000321991 0.000266368 0.00201585 -0.00015536 0.000263005 0.000240929 -2.95278e-05 -1.2471e-05 -5.4496e-08 -0.000310562 -0.00113396 6.5209e-05 -1.44848e-07 0.00163708 -2.89469e-05 -4.50914e-05 6.36808e-06 1.26033e-05 -8.90641e-06 0.000845782 -6.04533e-05 -0.00177542 0.000155624 -2.4699e-06 0.00068 -1.82165e-05 0.000633386 -9.08454e-05 -0.000861714 0.000479648 -8.74457e-06 5.21462e-05 -2.59823e-08 0.00011178 -4.16468e-05 0.00098058 -5.8823e-05 -0.000101846 0.000407928 2.4919e-06 0.000292995 0.000915536 0.000335912 3.2017e-06 -1.91165e-06 -0.00193555 -3.0624e-06 0.00181158 -0.000825454 -4.48367e-05 -0.00128634 -6.07265e-06 0.00187319 6.7068e-06 -0.000505473 0.00107074 -2.41176e-05 -5.95896e-05 1.30397e-06 -2.07481e-05 -0.00032732 0.000415735 -7.06278e-06 3.93897e-05 -0.000517366 -3.52012e-05 1.47402e-06 -7.18863e-06 3.48669e-05 -0.000860426 
0.0421367 0.000596947 0.247755 0.007415 0.000601414 0.000945411 -0.00077081 -0.0218773 -0.0680906 -0.0248768 -0.00195149 0.0067969 -0.000811608 0.0791194 -0.00336474 0.00247851 -0.00240346 0.075181 0.0318139 -0.00258241 -0.000131696 -0.000985414 -0.0102082 -0.0516667 0.0309686 0.00465134 -0.0983754 -0.0450718 -0.000313372 0.0455667 0.0115736 -0.0169317 0.0267412 -0.0459585 0.00431146 -0.00782473 -0.00553392 -0.00474523 -4.25178e-06 -0.0542373 -0.055451 -0.00386001 -2.55925e-05 0.0203959 0.00156098 0.00046573 -0.00393914 -0.000336702 0.000978525 0.00538454 0.00085744 -0.0330685 0.0250786 0.000145213 0.00651261 -0.00511129 0.00500461 -0.00652621 0.0381182 0.0266348 -0.000255087 0.000452903 -1.8564e-05 -0.00238022 -0.00162565 -0.100312 0.0386223 -0.0181786 -0.0565203 -0.000121444 -0.0436997 -0.0741516 0.00581108 1.42484e-06 -0.000267902 -0.0611385 -0.000655813 0.0327328 0.106968 0.0103365 0.0319501 0.00257076 0.00534637 0.000174574 0.0959961 -0.00497082 -0.00401916 -0.0119757 -0.000100522 -0.000323466 0.0697596 -0.0273625 0.00281005 -0.000259134 -0.0646021 -0.0168273 0.00334625 5.57086e-05 -5.40059e-05 -0.0898693 
0.00709345 -3.64326e-05 0.007415 0.014592 5.66682e-05 -0.000186314 2.40404e-05 -0.00068562 -0.00222364 -0.00114901 -7.33105e-05 -0.000600891 -1.7025e-05 0.00896772 -0.000254002 -5.70489e-05 -0.000307601 0.00892304 -0.00652988 0.00056484 1.04507e-05 -3.51466e-05 -0.00219302 -0.00365566 -0.00179802 -0.000129846 -0.00563237 -0.00148895 -1.84207e-05 0.00413417 0.000589351 -0.000598221 -0.00147293 -0.0015098 -0.000253675 -0.000237469 -0.000115288 -0.000337462 -3.17259e-07 -0.00182759 -0.00707751 -0.000134401 -8.4326e-07 -0.000735559 -0.000223868 0.00242391 -0.000288588 -1.30997e-05 -7.50634e-05 -0.000164353 -0.000156983 0.0014505 -0.000671247 -1.66736e-05 -0.000195239 -0.000147427 -0.000323265 -0.000167568 -0.00177861 -0.000657025 -0.000129741 -4.69057e-05 1.01321e-06 -7.49911e-05 -0.000386814 -0.00533224 -0.00289117 -0.000583247 -0.00294154 -4.14175e-06 -0.00208565 -0.00126141 -0.000242771 1.13276e-06 -1.11024e-05 -0.0046939 -2.0627e-05 -0.00115094 0.000889538 -0.000244962 0.00612537 0.00112842 -0.000380988 4.0158e-05 0.00884876 -0.000308748 -0.000139882 -0.000385286 -5.16701e-06 -9.8299e-05 0.00583373 -0.0040275 -0.000200586 -6.79739e-06 -0.00197176 -0.000577614 0.00124782 -1.64818e-05 -3.09259e-05 -0.00385659 
-0.000140927 -4.09119e-06 0.000601414 5.66682e-05 0.00172823 -1.45535e-05 8.50654e-05 5.91035e-05 -0.000181645 3.01653e-06 -2.24953e-06 0.000272712 -3.06414e-06 0.000150453 0.000117928 8.574e-05 0.000140929 5.52826e-05 -0.000300299 -0.000361822 -9.66994e-07 3.43616e-05 -0.000396065 -0.000324165 2.26778e-05 0.000154002 -0.000283477 -8.79043e-05 3.84952e-06 4.06939e-05 -0.000104288 1.29533e-07 -6.15908e-05 -0.000170767 -1.177e-05 -2.72853e-05 -2.42132e-05 3.56047e-05 1.12917e-07 -0.000106116 -0.000492054 -1.12886e-05 4.4769e-08 0.000137496 1.20611e-05 0.000391289 2.82118e-05 -5.17386e-07 7.03705e-06 0.000113805 -3.85821e-05 -0.000418467 1.72828e-05 -2.50691e-06 -6.87479e-06 1.42574e-05 7.3381e-05 -3.41107e-05 0.000239845 5.9354e-05 7.48064e-07 6.75796e-06 3.74294e-08 -3.95387e-06 0.000176991 -0.000443235 -6.93999e-05 -5.90439e-05 -0.000159942 -1.20774e-07 -5.19264e-05 -0.000671564 5.44241e-05 1.41534e-07 -9.07485e-07 -0.000265214 -3.28477e-07 -3.89053e-05 4.83398e-05 0.00032759 0.000297416 0.00015279 5.02205e-05 2.18852e-05 0.000581351 -2.69291e-05 -1.69014e-06 -4.20334e-05 1.05882e-07 1.67644e-05 7.32705e-05 -0.000435117 -2.59226e-05 -9.64386e-07 -0.000184327 -5.98078e-05 -1.26703e-05 6.08169e-09 -7.35136e-07 -0.000384476 
-0.00537943 3.47144e-05 0.000945411 -0.000186314 -1.45535e-05 0.0127077 -8.32861e-05 -0.000404962 0.000609676 -0.000294463 -4.60543e-05 -0.000258626 -1.04039e-05 -0.00365024 -0.000344831 3.99663e-05 -0.000340615 -0.00281469 0.00284247 2.30712e-05 -1.80293e-07 8.07005e-05 -0.00369067 -0.00132522 0.00371626 -0.000182832 0.00132674 -0.00133595 2.12941e-05 -0.00744682 -0.000682843 -0.000490322 0.00475468 -0.00141858 -1.44275e-05 -0.000229329 -7.93475e-05 -0.000289078 -2.09083e-07 6.49351e-05 0.00228566 -0.000122391 -5.66263e-07 0.00234736 0.0041178 -0.000251279 -0.000206912 -1.16552e-05 -1.57621e-05 0.00236474 -0.000302271 -0.00484921 0.000250811 -2.14884e-05 0.00436297 -0.000112505 0.000581756 -0.000450634 -0.00184419 4.41806e-05 0.000182026 -2.76796e-05 9.0236e-06 0.000306488 -0.00032788 0.00270115 -0.000803696 -0.000517827 0.000397532 -3.37985e-06 -0.000503872 0.0056644 0.000614794 5.87543e-08 -9.37962e-06 -0.00405277 -1.70999e-05 0.00590733 0.000440478 -0.000130979 -0.00525784 -4.71141e-05 0.000755718 -1.32755e-05 -0.00423474 -8.8212e-05 -5.13839e-05 -0.000329548 -4.07038e-06 -9.8302e-05 -0.00158164 0.000870868 0.00138701 -7.52356e-06 -0.00246003 4.16049e-05 -0.000137905 -3.7324e-05 -3.29306e-05 -0.00282189 
-0.00105987 -1.62187e-05 -0.00077081 2.40404e-05 8.50654e-05 -8.32861e-05 0.00685003 -0.00024413 -0.000482687 -0.000172824 -2.87137e-05 -0.000119938 -3.59591e-06 -0.000341713 -5.07533e-05 -2.43359e-05 -7.45374e-05 -0.000753569 -0.000561846 -5.45932e-05 -2.92475e-06 3.05469e-06 0.000561732 -0.000240053 -0.000760456 0.000582038 -0.00234708 0.00158759 -2.38353e-06 0.00149484 0.00015049 -0.000233413 -0.000731161 0.000490408 -0.000105894 -0.000112277 2.20435e-06 2.62117e-05 3.65587e-07 -0.000428663 -0.0016656 -9.29224e-06 9.37296e-07 -0.000342117 4.2358e-05 0.000424256 -9.9876e-05 1.44418e-05 5.84238e-05 -9.36133e-05 -7.83164e-05 0.000357334 -0.000287117 1.41726e-05 -0.000126498 -7.92521e-05 -0.000152307 -0.000100642 -0.00254007 -0.000334935 -5.85919e-05 -2.20605e-05 -1.04596e-07 -8.95355e-08 -8.20038e-06 -0.00221827 0.00137978 0.000641847 0.000299855 -6.32133e-07 -0.000791125 -0.00286775 -1.22394e-05 1.79669e-06 -2.95277e-06 -0.000983319 1.53635e-05 -0.00055385 0.000354862 0.00020174 0.00215699 0.000298736 -0.000235815 0.000177577 -0.000120742 -0.000130474 -3.14967e-05 -0.000155139 -2.3969e-06 -2.28401e-05 0.000290626 0.00137861 -0.000112643 -2.60712e-06 0.00012216 0.00134699 -9.58217e-05 4.69494e-06 -1.94522e-05 0.00272436 
-0.0210404 0.0002125 -0.0218773 -0.00068562 5.91035e-05 -0.000404962 -0.00024413 0.0485498 0.018319 0.0201791 -9.25985e-05 0.0136923 -9.46904e-05 0.0116977 0.0161218 0.00117003 0.0169411 -0.0109616 -0.0237121 -0.0144346 2.71699e-05 0.000989281 -0.0356028 -0.00658714 -0.00801296 -0.0012141 0.00726982 -0.00482441 -7.92655e-05 -0.0299965 -0.0285979 0.0368509 0.00601423 -0.00475632 -0.000957564 0.0155539 -0.000760022 0.0167157 9.86732e-06 -0.00545811 0.0025141 -0.000489829 -2.50983e-06 -0.00103259 -0.000640048 0.000766973 0.0144766 -3.81122e-05 -0.000250746 -2.19752e-05 -0.00103698 -0.0115101 -0.00236218 -5.92302e-05 -0.000976398 0.0109432 -0.000540775 -0.00161381 0.00321215 -0.00254171 0.00410667 0.00108703 -3.19751e-06 0.000170173 0.011729 0.0106232 -0.0117546 -0.00192597 0.0143442 0.000158858 0.0103092 0.0205514 -0.000747978 -1.03837e-06 -3.27969e-05 -0.00995396 0.00027766 -0.00424255 -0.023069 -0.000519378 -0.0189185 -0.000240034 0.0103736 0.000374189 0.00787024 0.0159838 -0.000472651 -0.00132763 -1.72305e-05 -0.000408754 -0.00469979 -0.0326918 0.00235216 1.19566e-05 -0.00758285 -0.00181883 -0.000701564 0.00110601 -0.000138573 -0.00893477 
-0.0743025 -0.000101789 -0.0680906 -0.00222364 -0.000181645 0.000609676 -0.000482687 0.018319 0.129107 0.0156058 0.00260767 -0.00528425 -0.000264286 -0.0385485 -0.00347553 -0.00100772 -0.0025948 -0.043309 0.020755 0.00485804 -7.90421e-05 0.00124686 -0.0150089 0.0689011 -0.0227262 -0.0034657 0.085926 -0.0157846 -0.000250513 -0.0976092 -0.00809511 0.0150038 -0.000162049 -0.0145444 -0.00242658 -0.000968954 -0.00222871 -0.0020877 2.38765e-06 0.0650578 0.0649875 -0.00138531 -8.12116e-06 -0.0029472 -0.00213331 -0.00288277 -0.00184238 -0.000137164 -0.000479696 -0.00241849 -0.00442562 0.0148277 -0.00690243 -0.000239233 -0.0032273 -0.00161775 0.000396984 -0.00540283 -0.0250946 -0.00761904 7.83149e-05 7.79837e-06 -1.27658e-05 -0.000835745 -0.00357774 0.0927177 -0.0294347 -0.00595696 0.0201208 -3.57159e-05 0.0951997 0.0696031 -0.00242735 -3.09075e-06 -0.000113959 0.0246599 -0.000189017 -0.0124142 -0.0570808 -0.00260791 -0.070294 -0.000718513 -0.00397672 -2.05951e-05 -0.0450967 -0.001896 -0.00145214 -0.00400115 -7.66366e-06 -0.00118445 -0.0198804 0.012315 -0.000401869 -4.78585e-05 -0.030047 -0.00164967 -0.00220709 -0.000446172 -0.000333442 -0.0304958 
-0.0372812 -0.000199225 -0.0248768 -0.00114901 3.01653e-06 -0.000294463 -0.000172824 0.0201791 0.0156058 0.0727753 -0.000321531 -0.00192812 -0.000144485 -0.0160723 -0.0021444 -0.00054182 -0.00170297 -0.0197799 -0.0155287 0.00107651 -4.76674e-05 0.000723842 -0.0169441 -0.015202 0.00491115 -0.0017311 0.0216435 -0.00368213 -0.000117277 -0.0102785 -0.00763628 0.0142402 0.0011762 -0.0073823 -0.00148205 -0.00119543 -0.00106802 -0.00164373 8.55074e-06 0.0023266 0.0379878 -0.000748904 -3.99883e-06 0.000591691 -0.000718141 -0.00131805 -0.00142301 -7.07146e-05 2.10971e-05 -0.00113128 -0.00220644 0.00544623 -0.00185872 -2.87116e-05 -0.00152649 -0.00088417 0.000523862 -0.00273187 0.030383 -0.00143011 0.000504955 0.00111391 -6.32173e-06 -0.000345848 -0.00210738 0.0316728 -0.00267307 -0.00171305 0.0426698 -2.20898e-05 0.0106965 -0.00209068 -0.00136975 -4.46899e-07 -5.86141e-05 0.00967507 -5.8972e-05 -0.0053926 -0.02157 -0.000184618 -0.0279502 -0.000363415 -0.00253965 -1.96083e-07 -0.0207569 -0.00167893 -0.000761478 -0.0019968 -2.23363e-05 -0.000529021 -0.0104042 -0.0114408 -0.00123355 -3.4412e-05 -0.0143227 -0.00249296 -0.000805845 -0.000228128 -0.000214511 0.0160419 
-0.00181313 1.16899e-05 -0.00195149 -7.33105e-05 -2.24953e-06 -4.60543e-05 -2.87137e-05 -9.25985e-05 0.00260767 -0.000321531 0.0050227 -0.000183487 -8.92566e-06 -0.00148794 -0.000130796 -1.99236e-05 -0.000132689 -0.00129179 0.00150102 0.000111596 -2.36272e-06 4.90278e-05 -0.000195621 0.00256749 -0.000399218 -0.000101704 0.00232697 -0.000461149 -7.87465e-06 -0.00297002 -4.97761e-05 -0.00016782 -8.17652e-05 -0.000409325 0.000176712 -8.95978e-05 -2.34784e-05 -9.88573e-05 3.08535e-07 4.07814e-05 0.000731805 -2.57335e-05 -2.8741e-07 -0.000124784 0.000230674 -9.76108e-05 -8.7616e-05 -4.17711e-06 -2.21785e-05 9.34498e-05 -0.000132193 0.000169158 -0.000224893 -5.62418e-06 0.000179233 -5.59416e-05 -7.6088e-05 -0.00017934 -0.00187699 -0.000209749 -3.42405e-05 -1.53454e-05 -8.85036e-08 0.000131559 -0.000124473 0.00257732 -0.000634272 -0.000191457 0.000268928 -1.41164e-06 0.00264746 0.00175013 3.29021e-05 2.07556e-07 5.1002e-06 0.000468395 -7.28152e-06 -3.57511e-05 -0.000337079 -7.90329e-05 -0.00251683 -2.3369e-05 -7.79778e-05 -5.47936e-06 -0.00163111 -8.53469e-05 -4.6177e-05 -0.000115421 1.58693e-07 -1.6001e-05 -0.000655507 0.000434358 2.05308e-05 -8.58697e-07 -0.000582154 0.000255478 -5.90425e-05 -1.32187e-05 -2.96092e-06 -0.00135449 
-0.0200669 -7.28755e-05 0.0067969 -0.000600891 0.000272712 -0.000258626 -0.000119938 0.0136923 -0.00528425 -0.00192812 -0.000183487 0.0420014 -6.93819e-05 0.0130114 0.0211303 0.00171717 0.0215887 0.00830839 -0.0285609 -0.0319137 3.00903e-05 0.000409787 -0.0359939 -0.0105397 -0.00638462 -0.000652923 -0.00970867 -0.00389919 -7.22893e-05 -0.0229626 -0.0191911 0.0137341 0.015801 -0.00366205 -0.000788343 0.0128289 -0.000652326 0.0192118 6.50566e-06 -0.00488611 -0.00294487 -0.000356147 1.27217e-06 0.0185665 -0.000189574 0.00295071 0.0161324 -2.44639e-05 0.000611115 0.00376898 -0.000687579 -0.0375487 0.00732501 0.000342876 0.000534312 0.0107804 0.010367 -0.00156563 -0.0114908 0.00442187 0.00725538 0.00215084 -1.49037e-06 0.000924717 0.018426 0.00228857 -0.00630583 -0.00176765 -0.00877972 0.000154902 0.00562916 0.0116636 -0.000530981 -6.74848e-07 -3.24728e-05 -0.0342519 0.000237333 0.00969746 -0.0190953 0.0163192 -0.010749 0.000294747 0.0197696 0.000278811 0.00984297 0.0154613 -0.00027835 -0.00113482 -5.07799e-06 8.30177e-05 0.00103093 -0.0213751 0.00148141 3.44427e-05 -0.00852991 -0.00062207 -0.000169936 0.00104409 -0.000119341 -0.0134021 
0.000479986 -1.9301e-06 -0.000811608 -1.7025e-05 -3.06414e-06 -1.04039e-05 -3.59591e-06 -9.46904e-05 -0.000264286 -0.000144485 -8.92566e-06 -6.93819e-05 0.00185313 -0.000517324 -4.15163e-05 -7.84223e-07 -5.11671e-05 0.000328284 -0.00119425 3.89172e-05 -1.12638e-06 7.25316e-06 0.000229556 -0.000462409 -0.0002726 4.71441e-05 -0.000711859 0.000199169 5.06593e-05 0.000488733 3.42747e-05 -7.5564e-05 -0.000159695 0.00155561 -3.67833e-05 -3.21666e-05 0.000403789 -3.78986e-05 4.73566e-07 -0.00021828 -0.000446989 3.59009e-05 -2.36758e-09 -7.70274e-05 -9.80491e-06 5.72406e-05 -3.69234e-05 6.18625e-05 -4.46414e-06 -1.26655e-05 7.30949e-05 0.000125718 -7.92487e-05 2.31445e-05 -1.62207e-05 -2.16439e-05 -3.0995e-05 0.000161417 -0.00076486 -7.93247e-05 -1.42274e-05 -1.21143e-06 -1.60043e-07 1.09319e-05 -2.77554e-05 -0.000648082 -0.000410324 0.000239386 -0.000392122 -1.55826e-07 -0.000260317 -0.0004966 -1.27353e-05 -3.76761e-08 -2.41671e-07 0.000313004 1.1241e-05 -0.000129315 -0.000759272 -3.39617e-05 0.000749349 -8.76851e-06 -5.21971e-05 -1.95461e-06 -0.00058605 -3.71418e-05 1.15745e-05 0.000317425 -3.18101e-07 3.4665e-05 -0.000243163 0.000515749 -1.58938e-05 1.00404e-05 0.00142531 -6.6825e-05 -2.32629e-05 -2.91419e-06 -3.03179e-06 0.001157 
0.0893912 4.05834e-05 0.0791194 0.00896772 0.000150453 -0.00365024 -0.000341713 0.0116977 -0.0385485 -0.0160723 -0.00148794 0.0130114 -0.000517324 0.209997 0.0179827 0.00446753 0.0190357 0.14097 -0.0771122 -0.01396 6.78591e-05 4.96118e-05 -0.00475488 -0.0288695 -0.0425051 0.00776831 -0.111534 -0.0310168 -0.000159352 0.0499019 -0.0109385 0.0115053 -0.0230454 -0.0240615 -0.00180147 0.0118894 -0.00393316 0.0158862 2.7675e-06 -0.037204 -0.124649 -0.00292436 -1.56062e-05 -0.00552302 -0.00445645 0.0103557 0.0134396 -0.000185432 -0.00126968 0.00284495 0.013855 -0.00168988 -0.0137876 2.82858e-06 0.000884529 0.00806317 -0.00589434 0.011762 -0.0852458 -0.0103201 0.00136267 0.000140091 5.93968e-06 -0.000796998 0.0148862 -0.098972 -0.0625522 -0.0117877 -0.0613458 9.29289e-05 -0.0312789 0.00438326 -6.31938e-05 2.27216e-06 -0.000183957 -0.0375836 -7.36722e-05 -0.0207639 -0.0194445 0.00335494 0.0941992 0.00328168 0.0116502 0.000689175 0.18437 0.0135856 -0.00264119 -0.00595306 -0.000101165 -0.00138168 0.0730868 -0.0582008 -0.00244221 -0.000112289 0.0165897 -0.0117401 0.00452743 0.00146114 -0.000421304 -0.0254654 
-0.00948954 -4.67673e-05 -0.00336474 -0.000254002 0.000117928 -0.000344831 -5.07533e-05 0.0161218 -0.00347553 -0.0021444 -0.000130796 0.0211303 -4.15163e-05 0.0179827 0.0270764 0.00317376 0.0240263 0.00160741 -0.0178282 -0.0223484 5.51888e-05 0.000284199 -0.0216213 -0.00515148 -0.00449717 0.000443894 -0.0100887 -0.00275855 -6.05613e-06 -0.0125058 -0.0162005 0.016006 -0.0017616 -0.000781438 -0.000565063 0.0146144 -0.000392032 0.0212878 3.23341e-06 -0.00343298 -0.01322 -0.000270076 2.74428e-06 0.00103792 -0.000408445 0.00299993 0.0173282 0.000116154 -0.000138134 0.00143895 0.000560186 -0.0218746 -0.00123342 7.29873e-05 -0.00055013 0.0111977 -0.000547541 -0.000613841 -0.0114823 -0.00132417 0.00370614 0.000587857 -1.64762e-06 0.000241965 0.0194522 -0.0100297 -0.00681549 -0.000930347 -0.00610626 0.000163288 -0.00378275 0.00426637 0.000812245 -5.65214e-07 -1.76844e-05 -0.0205832 0.000256176 -0.00240836 -0.0125329 0.00561305 -0.00474228 0.000517432 0.0138281 0.000346204 0.0160736 0.0165988 -5.75113e-05 -0.00057192 -8.52611e-06 -0.000178594 0.0058748 -0.0177242 0.000971226 1.17509e-05 -0.00372829 -0.00108594 0.000484851 0.00156872 -7.84004e-05 -0.00773164 
-0.00227318 -1.30251e-05 0.00247851 -5.70489e-05 8.574e-05 3.99663e-05 -2.43359e-05 0.00117003 -0.00100772 -0.00054182 -1.99236e-05 0.00171717 -7.84223e-07 0.00446753 0.00317376 0.00765942 0.00374345 0.00235289 -0.00477605 -0.00379313 -1.34642e-06 -1.24576e-05 -0.00575126 -0.00189389 0.000956274 0.00406848 -0.00279049 -0.000412032 7.40871e-07 -0.00436746 -0.00261816 0.00130928 -0.000602375 -0.000233631 0.00202431 0.000527423 7.7626e-05 0.00199208 -3.86743e-08 -0.000925456 -0.00338659 -4.28079e-05 5.81053e-06 0.00101335 7.05183e-06 0.00119103 0.00144252 3.04548e-05 -7.12273e-06 0.00447873 0.00185302 -0.00604188 -0.000356575 3.11838e-06 0.00207073 0.000203165 -6.56113e-05 -0.000222535 -0.00271038 -1.26981e-05 6.63781e-05 -5.13945e-06 1.2346e-06 -2.84492e-05 0.00167792 -0.0027017 -0.00174057 2.8765e-05 -0.00168112 2.11715e-05 -0.000903035 -0.00307162 0.0025029 3.01336e-06 -5.07329e-06 -0.00545333 0.000200177 -0.00049131 -0.00327367 0.00102595 -0.00271242 0.00228302 0.00561971 0.00034459 0.00121373 0.00207398 0.000260751 0.000151193 1.44891e-07 8.37975e-05 0.00403151 -0.00468527 0.000811708 -3.60162e-06 -0.000852265 -0.000300168 0.00016131 0.00171473 0.000387416 -0.0019382 
-0.012038 -1.42113e-05 -0.00240346 -0.000307601 0.000140929 -0.000340615 -7.45374e-05 0.0169411 -0.0025948 -0.00170297 -0.000132689 0.0215887 -5.11671e-05 0.0190357 0.0240263 0.00374345 0.0270396 0.00226679 -0.0181828 -0.0233337 5.95192e-05 0.000508498 -0.0234197 -0.00480232 -0.00446634 0.00129972 -0.00992699 -0.00298142 -4.4945e-05 -0.0150712 -0.0168587 0.0168355 -0.00111456 -0.00213005 -0.000443691 0.0152333 -0.000416599 0.0218344 3.35424e-06 -0.0034524 -0.0125729 -0.000271071 -1.48016e-06 0.00226528 -0.00040113 0.00247959 0.0178067 3.5649e-05 -0.000112725 0.00198664 0.00129953 -0.0227499 -0.0011848 0.000113431 -0.00046561 0.0111956 -0.000116077 -0.000987633 -0.0120699 -0.00100442 0.00371295 0.000588029 -1.54425e-06 0.000211386 0.0190951 -0.00915232 -0.00663763 -0.0010785 -0.00576655 0.000164609 -0.00230064 0.00469829 0.00145421 1.87225e-06 -1.82851e-05 -0.0220058 0.000270748 -0.00215063 -0.0123612 0.00623728 -0.00689689 0.00027962 0.0142849 0.000422019 0.0167933 0.0169713 -0.00014365 -0.000732191 -6.88574e-06 -1.02948e-05 0.00595527 -0.0182965 0.000890717 2.23868e-06 -0.00551546 -0.00107253 2.8074e-05 0.0018475 -7.9575e-05 -0.00917871 
0.0719224 0.000873103 0.075181 0.00892304 5.52826e-05 -0.00281469 -0.000753569 -0.0109616 -0.043309 -0.0197799 -0.00129179 0.00830839 0.000328284 0.14097 0.00160741 0.00235289 0.00226679 0.204913 -0.0820177 -0.00465742 -2.71703e-05 -0.000650619 -0.00902501 -0.0539435 -0.0394715 0.0120971 -0.106868 -0.0297155 3.08106e-05 0.0451981 0.00829823 -0.00924797 -0.000342372 -0.00196517 -0.00237545 -0.00319176 -0.000988889 -0.000655266 -4.53172e-06 -0.0354604 -0.106741 -0.00218122 -9.61423e-06 0.0157338 -0.00314661 0.0104661 -0.000577799 0.000211188 -0.000509302 0.00614785 0.0144551 -0.00857533 -0.000487406 0.000199323 0.00216882 -0.00257016 0.0029439 0.0140669 -0.0858716 0.00769852 -0.00214799 -7.27884e-05 8.38923e-06 -0.001399 0.00331082 -0.0752651 -0.0456312 -0.00834676 -0.0515907 -6.97832e-05 -0.0245319 0.0141256 0.00297765 3.45904e-06 -0.000208792 -0.044124 -0.00033891 0.00391691 -0.0370452 0.00903708 0.0837807 0.00332024 0.00729034 0.000168598 0.127109 -0.00298511 -0.00140595 -0.00216376 -9.71115e-05 -0.000699378 0.0521275 -0.0246902 -0.00371402 -0.000152683 0.0352051 -0.00998353 0.00486038 8.25853e-05 -0.000374321 0.0024864 
-0.0445737 -0.00145694 0.0318139 -0.00652988 -0.000300299 0.00284247 -0.000561846 -0.0237121 0.020755 -0.0155287 0.00150102 -0.0285609 -0.00119425 -0.0771122 -0.0178282 -0.00477605 -0.0181828 -0.0820177 0.2244 0.0247627 -4.0309e-05 -0.000890544 0.0377814 0.0588564 0.0413128 -0.0130145 0.0844782 -0.0326203 -0.000793326 -0.0209766 0.0216445 -0.0187741 -0.0061472 -0.0600424 0.00274221 -0.0117742 -0.00254089 -0.0151431 -8.84717e-06 0.0203514 0.0468787 -0.00525651 -3.11159e-05 -0.0191038 0.00385994 -0.0120116 -0.0130668 -0.000583315 -0.00115788 -0.00816416 -0.0137102 0.0261617 0.001703 -0.000688828 -0.00299526 -0.00761889 -0.00759876 -0.0203582 0.0456991 0.00284334 -0.00527757 -0.00210359 -2.13674e-05 -0.00108676 -0.0148553 0.0512717 0.0660341 -0.0258219 0.0349254 -0.000167224 0.0100482 0.0102839 0.00175874 -1.15169e-05 0.000179586 0.0165064 -0.000876084 0.00402693 0.115313 -0.0126579 -0.0737 -0.00310548 -0.02214 -0.000668836 -0.0585802 -0.0138609 -0.00398658 -0.0105107 7.88663e-05 -0.00282963 -0.00293784 0.0148734 0.00212325 -0.00036007 -0.0842814 0.0112236 -0.00318241 -0.00190828 1.52503e-05 -0.0766716 
0.0175324 5.37125e-05 -0.00258241 0.00056484 -0.000361822 2.30712e-05 -5.45932e-05 -0.0144346 0.00485804 0.00107651 0.000111596 -0.0319137 3.89172e-05 -0.01396 -0.0223484 -0.00379313 -0.0233337 -0.00465742 0.0247627 0.0375539 -4.93562e-05 -0.000444161 0.0318322 0.00928738 0.00506345 -0.0015449 0.00786489 0.00248434 -0.000224052 0.0193399 0.0212497 -0.0144035 -0.00938115 0.00233746 0.000207018 -0.0133879 0.000132595 -0.0199108 -7.36288e-06 0.00427508 0.00756567 0.000374809 -1.62716e-05 -0.0124569 -9.17149e-05 -0.00312101 -0.0166 -0.000206711 -0.000436595 -0.00465398 -0.00142398 0.0340153 -0.00549705 -0.000630133 -0.000738836 -0.0110753 -0.00962237 0.00137137 0.0106585 -0.00218815 -0.00735001 -0.002387 1.2556e-06 -0.00149174 -0.018822 0.00275647 0.00738929 0.000606731 0.00698364 -0.000216848 -0.00136604 -0.00796557 -0.000792773 -9.23691e-06 2.71018e-05 0.0306079 -0.000619669 -0.00312568 0.0166564 -0.0162057 0.00842484 -0.000677284 -0.0171489 -0.000547612 -0.0111068 -0.0157842 -0.000520809 0.00028901 -2.05718e-06 -0.000247249 -0.00349976 0.0239517 -0.00244325 -0.000116274 0.00687211 -4.65068e-05 7.74074e-05 -0.00224427 -0.000126705 0.0111367 
0.000170255 2.20313e-06 -0.000131696 1.04507e-05 -9.66994e-07 -1.80293e-07 -2.92475e-06 2.71699e-05 -7.90421e-05 -4.76674e-05 -2.36272e-06 3.00903e-05 -1.12638e-06 6.78591e-05 5.51888e-05 -1.34642e-06 5.95192e-05 -2.71703e-05 -4.0309e-05 -4.93562e-05 0.000606329 1.32229e-07 -4.45213e-05 0.000212559 -5.91374e-05 -7.18226e-06 3.52702e-06 -5.96854e-05 -1.00127e-06 5.42203e-05 -5.29834e-05 3.12267e-05 -2.86232e-05 -5.94016e-05 -1.12057e-05 4.96819e-05 -8.22983e-06 3.8354e-05 -1.29954e-08 -7.17591e-05 -0.00028382 -5.86556e-06 -3.45413e-08 1.23562e-06 2.16375e-06 4.36362e-06 4.48592e-05 -5.49281e-07 -2.26061e-06 1.78498e-05 2.9627e-06 -3.6447e-05 -2.4231e-05 -3.15406e-07 1.9007e-05 1.97381e-06 -2.67227e-06 -1.33035e-05 -0.000226196 -2.89872e-05 -2.63141e-06 2.14082e-06 6.84367e-07 1.31708e-05 1.51457e-05 -0.000192536 -0.000113785 -2.24925e-05 -9.7573e-05 7.00347e-07 -5.63649e-05 0.000215096 -5.13109e-06 -1.23119e-08 1.7208e-06 -7.77172e-05 3.71072e-06 -1.82718e-05 7.23176e-05 4.44444e-07 9.29261e-05 -2.6554e-06 5.72882e-05 1.26281e-06 4.97897e-05 5.87855e-05 1.1352e-07 -7.96602e-06 -4.62111e-08 -4.08781e-06 3.33776e-05 -0.000167546 -2.0063e-06 -3.80017e-07 0.000242202 -1.25851e-05 -7.59558e-06 6.19119e-06 -5.72338e-07 -0.000175718 
-0.00106831 4.79612e-06 -0.000985414 -3.51466e-05 3.43616e-05 8.07005e-05 3.05469e-06 0.000989281 0.00124686 0.000723842 4.90278e-05 0.000409787 7.25316e-06 4.96118e-05 0.000284199 -1.24576e-05 0.000508498 -0.000650619 -0.000890544 -0.000444161 1.32229e-07 0.00237516 -0.00109638 0.000719493 -0.000372207 -5.65489e-05 0.000644643 -0.000216118 -3.49588e-06 -0.00141002 -0.000984325 0.000793764 0.000193546 -0.000238545 -4.56177e-05 0.000593793 2.33918e-05 0.000618954 -5.09972e-08 0.000557792 -0.000114551 -2.32631e-05 1.04452e-07 0.000254524 -2.86319e-05 -3.84999e-05 0.000612651 -1.58218e-06 -1.15785e-05 -2.13895e-05 -6.85464e-05 -0.000298024 -5.00304e-05 -4.06934e-06 -3.18637e-05 0.000130628 0.000131995 -8.36095e-05 -0.00091868 -3.21471e-05 9.84339e-05 8.06176e-05 -2.05235e-07 -1.16729e-05 -4.26444e-05 0.000738234 -0.000571793 -9.32148e-05 0.000130602 1.17042e-05 0.00119336 0.000986238 -3.92361e-05 -4.83148e-08 -1.78892e-06 -0.000441414 0.000129498 -0.000197565 -0.00104477 -2.4639e-06 -0.00111103 -1.12445e-05 0.000127766 5.88463e-06 -2.90284e-05 0.000259096 -1.02615e-05 -6.31209e-05 4.03128e-06 -1.92247e-05 -0.000307797 -0.000801744 3.52919e-05 -1.36794e-06 -0.00043102 -7.80819e-06 -3.44385e-05 5.66387e-06 -5.55735e-06 -0.000331373 
0.0617766 -0.00199807 -0.0102082 -0.00219302 -0.000396065 -0.00369067 0.000561732 -0.0356028 -0.0150089 -0.0169441 -0.000195621 -0.0359939 0.000229556 -0.00475488 -0.0216213 -0.00575126 -0.0234197 -0.00902501 0.0377814 0.0318322 -4.45213e-05 -0.00109638 0.126244 0.0226345 0.000412877 -0.00421415 0.00281744 0.0139511 0.00022715 0.0780156 0.0353989 -0.0327651 -0.0678675 0.0125228 -0.00225639 -0.0143111 0.00137978 -0.0193084 -1.05987e-05 0.00587809 -0.00869904 0.00129139 -4.37523e-06 -0.0393089 -0.00765386 -0.0053525 -0.0168513 4.93008e-05 -0.00104205 -0.0147491 -0.00158268 0.0695793 -0.0233051 -0.000354415 -0.0118343 -0.00990586 -0.0151069 0.00484013 -0.00506173 -0.0213218 -0.00698033 -0.00272962 3.25288e-06 -0.0036085 -0.0166193 -0.0412056 0.00146188 0.00534832 -0.027656 -0.000147632 -0.0235927 -0.0387858 -0.000975303 -1.62823e-05 0.000106383 0.0738973 -0.000356706 -0.046403 0.0299875 -0.0166567 0.055173 -0.00362256 -0.0288645 -0.000698278 0.00979776 -0.017792 0.000854145 0.00327073 5.08067e-06 0.000398972 -0.000863644 0.0422277 -0.00638871 -0.000281992 0.0294974 -0.00142241 -0.00140154 -0.00215664 -0.000166457 0.0407504 
-0.00668905 -0.000112251 -0.0516667 -0.00365566 -0.000324165 -0.00132522 -0.000240053 -0.00658714 0.0689011 -0.015202 0.00256749 -0.0105397 -0.000462409 -0.0288695 -0.00515148 -0.00189389 -0.00480232 -0.0539435 0.0588564 0.00928738 0.000212559 0.000719493 0.0226345 0.189138 -0.0218662 -0.00559552 0.0703828 -0.000724169 -0.000373802 -0.0597119 0.00394784 -0.00487608 -0.0174203 -0.0209673 0.00709225 -0.00206526 -0.00374618 -0.00379384 -1.4323e-06 0.0551447 0.00211965 -0.000914434 -1.13644e-05 -0.0114633 -0.000812673 -0.00432601 -0.00367022 -0.000222936 -0.00124425 -0.00424744 -0.00504281 0.0237281 -0.0119052 -0.000340061 -0.000456854 -0.00287208 -0.0032576 -0.00600378 -0.0705412 -0.0125989 -0.00179682 -0.000455049 -1.58684e-05 -0.000189108 -0.00627849 0.0570187 -0.0192538 -0.00842128 -0.0311372 -3.55271e-05 0.0642582 0.0507234 0.000562685 3.26415e-07 0.000495429 0.0187361 -0.000355736 -0.0176532 0.00492605 -0.00491267 -0.0344509 -0.00110572 -0.00776505 -0.000186122 -0.0225886 -0.00328442 -0.000851698 -0.00257102 0.000134393 -0.00204013 -0.0112689 0.00805844 -0.00406881 0.000279635 -0.0215072 0.0176599 -0.00265984 -0.000740037 0.000486419 -0.0599403 
-0.0459784 -9.96798e-05 0.0309686 -0.00179802 2.26778e-05 0.00371626 -0.000760456 -0.00801296 -0.0227262 0.00491115 -0.000399218 -0.00638462 -0.0002726 -0.0425051 -0.00449717 0.000956274 -0.00446634 -0.0394715 0.0413128 0.00506345 -5.91374e-05 -0.000372207 0.000412877 -0.0218662 0.135707 -0.00117435 -0.00588312 -0.0131317 -0.000165738 -0.00972751 0.00124424 -0.00595568 0.00960918 -0.0175035 0.0138453 -0.00289022 -0.000441431 -0.00371593 4.63819e-06 -0.019765 0.0296232 -0.000911166 -8.57572e-06 -0.00463146 0.0095665 -0.00184462 -0.00315039 -0.0001466 -0.000324093 0.00441793 -0.00443432 -0.0064838 -0.00010219 -0.000260896 0.010724 -0.00184433 -0.00331245 -0.0053183 0.0606351 0.00102275 -0.00141544 -0.000492453 -4.942e-06 0.00291162 -0.00391946 -0.0370047 0.0821577 -0.0064847 0.0424015 -2.61969e-05 -0.0230573 -0.0399381 0.00542114 6.16396e-06 -9.71666e-05 -0.00113558 -0.000236934 0.0113582 0.0725678 -0.0024125 -0.0602617 0.00123774 -0.0017391 -0.000112266 -0.0463025 -0.00323861 -0.0014959 -0.00374572 6.3783e-05 -0.000617906 -0.0109027 0.0158708 0.00202757 0.000185917 -0.0292674 0.00351481 0.00115979 -0.000463899 0.00136595 -0.0188438 
0.000751671 -4.47597e-05 0.00465134 -0.000129846 0.000154002 -0.000182832 0.000582038 -0.0012141 -0.0034657 -0.0017311 -0.000101704 -0.000652923 4.71441e-05 0.00776831 0.000443894 0.00406848 0.00129972 0.0120971 -0.0130145 -0.0015449 -7.18226e-06 -5.65489e-05 -0.00421415 -0.00559552 -0.00117435 0.0237767 -0.00851882 -0.0017794 0.00010668 0.00236919 -0.000694148 -0.000941993 -0.00215123 0.00335219 0.00208822 -0.000177105 0.000360584 -0.000105382 -5.22019e-07 -0.00209231 -0.00722527 3.82925e-06 8.95583e-06 0.000537032 -7.82419e-06 0.00150454 -0.000393374 0.000283436 -3.77402e-06 0.00353643 0.00552192 -0.00325097 -0.00113046 0.000259814 0.00227998 -0.000278173 -0.000511808 -0.000809607 -0.00666869 -0.000927822 -0.000213417 -6.97775e-05 -1.91416e-06 0.000164723 0.000101483 -0.00821372 -0.00542523 0.00339985 -0.00479791 3.69849e-06 -0.00295898 -0.0110972 0.00174625 7.33211e-06 -1.72251e-05 -0.00571079 0.000388002 -0.00163522 -0.0071688 0.00126536 0.00585636 0.00260602 0.00290574 0.000348171 0.00397584 -0.00024913 0.000158687 -0.000379033 -2.04784e-06 0.000119441 0.00913134 -0.00278025 -0.000331395 -4.75171e-06 0.00128599 -0.000528301 -0.000262718 0.000928537 0.000363705 0.0100369 
-0.0918901 -0.000947776 -0.0983754 -0.00563237 -0.000283477 0.00132674 -0.00234708 0.00726982 0.085926 0.0216435 0.00232697 -0.00970867 -0.000711859 -0.111534 -0.0100887 -0.00279049 -0.00992699 -0.106868 0.0844782 0.00786489 3.52702e-06 0.000644643 0.00281744 0.0703828 -0.00588312 -0.00851882 0.236735 -0.0150416 -0.000612222 -0.0843187 0.00126974 0.00352538 -0.0107986 -0.0364788 -0.00386021 -0.00663757 -0.00253919 -0.00877419 -5.97298e-06 0.0590731 0.119011 -0.00355911 -1.40328e-05 -0.00508222 -0.00382697 -0.00733726 -0.0076281 -0.000346805 -0.0014877 -0.00645321 -0.0111612 0.0312908 -0.0129578 -0.000516904 -0.00814424 -0.0043859 0.00505523 -0.0135908 0.0419549 -0.0174367 0.000675882 -0.000642623 -2.08767e-05 -0.00195691 -0.00969016 0.163067 -0.00857307 -0.0110505 0.0495973 -9.94903e-05 0.0647618 0.0838867 -0.0055916 -7.70941e-06 0.000229423 0.0540579 -0.000389261 -0.0202897 -0.0260377 -0.00133001 -0.0940847 -0.00181706 -0.0105767 -0.000414462 -0.118718 -0.00800966 -0.00185842 -0.00535132 0.000158549 -0.00286195 -0.0416664 -0.0266213 0.00284639 -0.000215574 -0.0449303 0.00327344 -0.00309234 -0.00110106 0.000820658 -0.0204738 
0.0405729 -0.000259363 -0.0450718 -0.00148895 -8.79043e-05 -0.00133595 0.00158759 -0.00482441 -0.0157846 -0.00368213 -0.000461149 -0.00389919 0.000199169 -0.0310168 -0.00275855 -0.000412032 -0.00298142 -0.0297155 -0.0326203 0.00248434 -5.96854e-05 -0.000216118 0.0139511 -0.000724169 -0.0131317 -0.0017794 -0.0150416 0.0958732 0.000418585 0.0300446 0.00351741 -0.00435205 -0.0106888 0.0470572 -0.000115225 -0.00155956 0.00409074 -0.00244295 -2.27073e-06 0.00460428 -0.00835447 0.00577842 2.46148e-05 -0.00535104 -0.00157789 -0.000888305 -0.00209859 0.000160621 0.000411443 -0.00179819 -0.0014353 0.00963882 -0.00489377 0.000217614 -0.00203583 -0.0012521 -0.00216354 -0.00139348 0.000137519 -0.00542563 -0.000931545 -0.000327742 1.56676e-05 0.000731108 -0.00142337 -0.0198723 -0.0081129 0.023302 -0.0119032 4.70545e-05 -0.014846 -0.0456581 -0.0017357 -7.83043e-07 -5.13799e-05 0.00821707 8.59435e-05 -0.00873661 -0.0178739 -0.00208048 0.0391984 -0.000506246 -0.00367903 -7.16222e-05 -0.0311545 -0.00235971 0.00276872 0.0108588 -2.91141e-06 0.00205907 -0.0138721 0.00697107 -0.00176806 0.000243075 0.0288229 0.0172018 -0.000581115 0.000129101 0.000869662 0.0504394 
0.000580101 -4.17879e-06 -0.000313372 -1.84207e-05 3.84952e-06 2.12941e-05 -2.38353e-06 -7.92655e-05 -0.000250513 -0.000117277 -7.87465e-06 -7.22893e-05 5.06593e-05 -0.000159352 -6.05613e-06 7.40871e-07 -4.4945e-05 3.08106e-05 -0.000793326 -0.000224052 -1.00127e-06 -3.49588e-06 0.00022715 -0.000373802 -0.000165738 0.00010668 -0.000612222 0.000418585 0.00164764 0.000385264 1.9075e-05 -6.67606e-05 -0.000166835 0.000869594 -5.32809e-06 -2.43027e-05 -4.08719e-06 -3.55496e-05 -3.53507e-08 -0.000160104 -0.000599619 0.000173331 1.50604e-06 -8.30409e-05 -5.45361e-06 -2.92327e-05 -3.29012e-05 0.000405586 -7.72479e-06 -2.41732e-05 -3.02221e-06 -0.000532897 -7.21927e-05 0.000157885 3.52479e-05 -1.88932e-05 -3.80598e-05 6.80034e-05 -0.000406048 -7.26278e-05 -1.41465e-05 -5.30224e-06 8.57733e-07 1.0265e-05 -4.31664e-05 -0.000600208 -0.000299351 0.000770641 -0.000350973 5.29318e-05 -0.000234016 -0.000626184 1.79988e-05 -3.34913e-08 -1.23392e-07 0.000291987 2.53894e-06 -8.0329e-05 -0.000354776 -3.13681e-05 0.000394052 -7.79457e-06 -4.41567e-05 -1.79677e-06 -0.000105725 -3.4708e-05 0.000114268 0.000158638 2.90922e-07 -2.83057e-06 -0.000212737 0.000331569 -2.35405e-05 1.35129e-05 0.000826285 -5.71181e-05 3.90467e-05 7.25828e-06 -7.79575e-07 0.000534476 
0.136389 -0.00180894 0.0455667 0.00413417 4.06939e-05 -0.00744682 0.00149484 -0.0299965 -0.0976092 -0.0102785 -0.00297002 -0.0229626 0.000488733 0.0499019 -0.0125058 -0.00436746 -0.0150712 0.0451981 -0.0209766 0.0193399 5.42203e-05 -0.00141002 0.0780156 -0.0597119 -0.00972751 0.00236919 -0.0843187 0.0300446 0.000385264 0.204449 0.0278959 -0.0282959 -0.0502776 0.0280162 -0.00598606 -0.0113805 0.00275474 -0.0126459 -1.14749e-05 -0.0538867 -0.0826675 0.00194234 1.55323e-05 -0.0325205 -0.00977377 0.00273812 -0.0120348 0.000186937 -0.000640957 -0.0123655 0.00569142 0.0469543 -0.0125191 0.000350585 -0.0123089 -0.00823542 -0.0112009 0.0100226 0.0239163 -0.0136983 -0.00560005 -0.00209034 1.40136e-05 -0.00240239 -0.00862724 -0.11496 -0.0140515 0.0113704 -0.0304075 -0.000101991 -0.0940401 -0.106222 -0.00662546 -4.29112e-06 0.000203468 0.0308123 7.73293e-05 -0.0352016 0.0413936 -0.00740996 0.137676 -0.00105971 -0.0231588 -0.000314726 0.0688461 -0.0146542 0.00262567 0.00719958 -0.000166914 0.000862116 0.0287551 -0.0105065 -0.00381343 -0.000124235 0.0576562 -0.00531446 0.00161105 -0.00116895 -0.000139207 0.0823164 
0.0193559 -0.000321991 0.0115736 0.000589351 -0.000104288 -0.000682843 0.00015049 -0.0285979 -0.00809511 -0.00763628 -4.97761e-05 -0.0191911 3.42747e-05 -0.0109385 -0.0162005 -0.00261816 -0.0168587 0.00829823 0.0216445 0.0212497 -5.29834e-05 -0.000984325 0.0353989 0.00394784 0.00124424 -0.000694148 0.00126974 0.00351741 1.9075e-05 0.0278959 0.0400527 -0.0284038 -0.0159555 0.00331217 -0.00188715 -0.015735 0.000479695 -0.0168041 -1.1848e-05 0.00485663 0.0030948 0.000395589 -1.11269e-05 -0.00253047 -0.00288796 -0.00111313 -0.0146044 -2.06892e-05 -9.2804e-05 -0.00360513 0.00085085 0.0229959 -0.0028865 -0.000325954 -0.00398318 -0.0110838 -0.00422651 0.00145247 0.00440031 -0.0003349 -0.0073836 -0.00256256 2.45663e-06 -0.00355915 -0.0118133 -0.00285064 0.00579933 0.00137167 -0.00540134 -0.000182301 -0.00726697 -0.0156527 0.000287416 -8.36507e-06 2.88246e-05 0.0219708 -0.000462896 -0.00200606 0.0147061 -0.00453876 0.0183054 -0.000903411 -0.0123805 -0.000466068 -0.00717506 -0.0166171 0.00011825 0.000779615 -1.23199e-05 0.000157286 0.00236639 0.0245356 -0.00575012 -0.000331324 0.00811912 -0.00147592 0.00045206 -0.00151112 -0.000440287 0.0132016 
-0.018868 0.000266368 -0.0169317 -0.000598221 1.29533e-07 -0.000490322 -0.000233413 0.0368509 0.0150038 0.0142402 -0.00016782 0.0137341 -7.5564e-05 0.0115053 0.016006 0.00130928 0.0168355 -0.00924797 -0.0187741 -0.0144035 3.12267e-05 0.000793764 -0.0327651 -0.00487608 -0.00595568 -0.000941993 0.00352538 -0.00435205 -6.67606e-05 -0.0282959 -0.0284038 0.0391052 0.007033 -0.00376712 -0.000706208 0.0155916 -0.000608835 0.0166849 1.01934e-05 -0.00428886 -0.000526408 -0.000389506 -2.32101e-06 -0.00196336 -0.000473765 0.000274974 0.0144234 -2.96891e-05 -0.000201397 0.00022962 -0.00105982 -0.0122323 -0.0019027 -4.87824e-05 -0.000730566 0.0108868 -0.000746214 -0.00144942 0.000256101 -0.00149396 0.00401687 0.00103426 -2.1476e-06 0.000228354 0.0115277 0.00650935 -0.00817578 -0.00160287 0.0117389 0.000158703 0.00785814 0.0180778 0.000157472 -8.27302e-07 -2.76519e-05 -0.011583 0.000270445 -0.00331475 -0.0177646 -0.000427699 -0.0194793 -0.000185088 0.01073 0.000352283 0.00817164 0.0160681 -0.000388484 -0.000993116 -1.40477e-05 -0.000326963 -0.00344372 -0.0258136 0.00259578 1.35313e-05 -0.00817459 -0.00146464 -0.000589634 0.00111009 -0.000100507 -0.013275 
-0.0522796 0.00201585 0.0267412 -0.00147293 -6.15908e-05 0.00475468 -0.000731161 0.00601423 -0.000162049 0.0011762 -8.17652e-05 0.015801 -0.000159695 -0.0230454 -0.0017616 -0.000602375 -0.00111456 -0.000342372 -0.0061472 -0.00938115 -2.86232e-05 0.000193546 -0.0678675 -0.0174203 0.00960918 -0.00215123 -0.0107986 -0.0106888 -0.000166835 -0.0502776 -0.0159555 0.007033 0.0952269 -0.0101719 0.00128062 5.95721e-05 -0.000459289 -0.00115664 3.43355e-06 -0.00825412 0.0212536 -0.00103641 -4.7684e-06 0.0355752 0.00832657 -0.00207688 2.24654e-05 -8.26408e-05 0.00181405 0.010648 -0.00262921 -0.0656019 0.0409688 0.000264936 0.0111543 -0.00107797 0.0141744 -0.00376891 0.0221496 0.0357745 0.00320789 0.00220476 -3.92823e-06 0.00369655 -0.00208011 0.0387866 0.0279494 -0.00428686 0.0146327 -2.59655e-05 0.0127084 0.0204976 -0.000403327 8.28364e-06 -7.8792e-05 -0.063852 -0.000147952 0.0698909 7.41517e-05 0.00920292 -0.0511716 -0.000475873 0.0139987 -9.6467e-05 -0.0317552 0.00233044 -0.00101981 -0.00268997 2.00711e-06 -0.000365705 -0.0136351 0.00111849 0.00438842 0.00026375 -0.021711 0.00290285 -0.00113165 -0.000249127 -0.00011822 -0.0355828 
