0.0580954 -0.000236385 -0.00131522 -3.59228e-05 -0.000159781 0.00950537 -0.000261685 -0.00175989 -0.00869266 -0.00131282 -8.7739e-05 0.0242474 -0.000152206 0.00429393 -0.00588968 -0.00140909 0.00851185 -0.00204435 -0.000459087 -0.00024466 -0.000730086 -2.29387e-05 -0.00204076 -0.000798817 -0.000395396 -0.0087809 -0.0105672 -0.0115813 -0.000394772 0.00780769 -0.000874977 -0.000217502 -0.000148127 -0.00131879 -5.90912e-06 -0.000230501 -0.00105463 -0.000386583 -4.31737e-06 -0.0019238 -3.71379e-07 0.0167473 -0.0126004 -7.51837e-06 -0.024196 -0.000146363 -0.000230399 -0.00118894 -3.89608e-06 -0.00485755 -0.000315737 -0.000392729 0.00440493 -0.000887757 -1.70768e-05 -0.00818166 -7.21483e-05 0.0169138 -6.37471e-05 -0.000109975 -0.00284514 -0.0146151 -0.000947548 -3.16017e-07 0.00249554 -0.0106887 -1.53155e-06 -0.0017893 -0.000320664 -6.09871e-05 -0.00184821 -0.000258197 -0.000154407 -0.00290522 -7.21149e-05 0.00139573 -0.00094148 -0.000206145 -0.00322559 -0.00843866 -1.93804e-05 -0.000470218 -0.00146251 -2.87646e-05 -0.00108593 -0.000684414 0.000844947 -0.000115881 -0.00727825 -6.59305e-05 0.00669326 -9.6215e-07 0.0230161 0.0246567 -1.12536e-05 -0.00332822 -0.00169469 -0.0112194 0.00909843 -0.0231326 
-0.000236385 0.00383258 -0.000177639 -1.74996e-05 -5.40056e-06 -0.000468635 -5.04533e-06 0.000254264 -0.000289451 -8.47128e-05 0.000295318 -0.00214505 0.00141964 -0.0026571 0.00308709 0.000779915 -0.00306385 -6.38486e-05 0.00187047 0.00153972 -4.3203e-05 2.28417e-05 -0.000260027 0.00210568 -2.80468e-05 -0.000657621 0.00104554 -0.000727929 -2.16643e-05 -0.00212103 0.000514384 0.000209995 0.00122295 0.00136326 1.87278e-06 -1.32195e-05 -7.01674e-06 0.00163051 5.30012e-05 -0.000124044 6.02619e-08 -0.0020723 0.00230617 9.96495e-06 0.00209037 0.0016452 0.00246179 6.85002e-05 2.59382e-06 -0.00245836 0.00269156 6.04279e-06 -0.00342107 5.44698e-05 6.36579e-06 -0.000433787 0.000756098 0.000469216 -4.17123e-06 2.8929e-05 -0.000173526 -0.00137311 9.10034e-05 -2.83296e-08 -0.00341447 -0.000244695 1.31482e-05 -8.07129e-05 -2.34592e-05 -4.2756e-06 -0.000105092 8.48509e-05 0.000656592 0.00289091 -1.06209e-05 -0.00365395 0.000144515 -8.4832e-06 6.99089e-05 0.00110418 -1.07399e-06 0.000118 -1.78207e-05 2.14922e-05 0.00351694 -0.000137652 6.77818e-06 0.000291551 -0.000439723 -4.39528e-06 -0.00326828 8.59005e-07 -0.00223642 -0.00195191 2.70881e-05 -8.1423e-05 0.000318718 -0.000612064 -0.0028043 -0.000947333 
-0.00131522 -0.000177639 0.0520583 -9.67139e-05 -0.000124445 -0.00141401 0.00223965 -0.00156466 -0.0086957 -0.00128029 -7.2608e-05 0.0233445 -0.00012343 -0.00482734 -0.00502861 -0.00104483 0.00941513 -0.00177448 -0.000395869 -0.000220019 -0.00061171 0.000177569 0.0108187 -0.000686012 -0.000313293 -0.0102409 -0.0106609 -0.00618947 -3.93237e-05 0.00301189 -0.000779019 -0.000192837 -0.000126201 -0.00117674 -4.78615e-06 -0.000190679 0.00115421 -0.000359974 7.53143e-06 0.0104384 -3.30378e-07 -0.0183478 -0.0112729 1.37314e-05 -0.0217204 2.53483e-05 -7.28136e-05 -0.00111105 -3.33525e-06 -0.00937518 -0.000282915 -0.000353234 0.00384573 -0.00108431 -9.58817e-06 -0.00686095 -2.6469e-05 -0.00754563 -5.47243e-05 -9.78745e-05 -0.00277847 0.00988126 -0.000577598 -1.90056e-08 -0.00603067 -0.00898784 -1.36246e-06 -0.00158484 0.000342148 0.000314958 -0.0016462 -5.07702e-05 -0.000144652 -0.000655749 -0.000105964 0.00108152 5.21043e-05 -0.00018046 -0.00243058 -0.00744661 -1.62008e-05 0.00238057 0.0118993 -2.69743e-05 -0.000974141 0.00937837 0.00415881 -0.000103087 -0.00537122 9.49824e-05 -0.000512705 -7.8311e-09 0.0200943 0.0233523 -1.13871e-05 -0.00232207 -0.00318874 -0.00988244 0.00130034 -0.00790366 
-3.59228e-05 -1.74996e-05 -9.67139e-05 0.00452776 -6.39935e-06 -0.000508417 -1.6654e-05 -0.000128992 -3.31204e-05 -8.36402e-05 7.5165e-06 -0.000200153 -7.55958e-06 -7.19994e-05 -0.00043939 -9.80179e-05 -0.00197443 -0.000137143 -2.92643e-05 -1.81687e-05 -5.01191e-05 -1.76646e-06 -0.000254964 -6.04439e-05 -3.30609e-05 0.00198827 -0.000935337 0.000693791 0.000668687 -0.0023609 2.02733e-05 -1.28648e-06 -1.06574e-05 -9.50548e-05 -4.19903e-07 -8.36301e-06 0.00204504 -2.49927e-05 1.1561e-06 0.000305945 -2.39422e-08 -0.00158862 -0.000740205 -4.77394e-07 -0.00121093 -1.11235e-05 -1.70776e-05 0.000369153 -1.6104e-07 0.00106225 -2.33369e-05 -2.17058e-05 0.000334429 0.00214789 -8.75239e-08 -0.000487945 -2.4053e-07 0.000349903 -4.93131e-06 -1.35855e-06 0.0028597 -0.00133587 -6.27115e-05 1.29842e-07 -0.000213281 0.00106793 1.20418e-06 -0.000122161 5.3136e-05 -4.92803e-06 -0.000128447 1.95768e-05 -1.126e-05 -0.000184981 0.00039297 6.46658e-05 -5.92921e-05 -6.10347e-06 -0.000164524 -0.000439181 -1.42338e-06 -3.09053e-05 -0.000186375 -1.26145e-06 -8.37082e-05 -0.000153274 -1.10881e-05 -7.40743e-06 -0.000470895 -5.26643e-06 0.000486806 -7.60501e-08 -0.000875323 -0.00113448 -9.40105e-07 -0.000182717 -0.000297293 -0.000626197 0.00069049 -0.00150823 
-0.000159781 -5.40056e-06 -0.000124445 -6.39935e-06 0.00267271 -0.000250119 -1.20228e-05 7.30319e-05 0.00117416 -5.9554e-05 -1.79686e-06 -0.00123993 2.40207e-06 0.000134301 -0.000245355 1.20898e-05 -0.00189765 -8.65717e-05 -1.4539e-05 6.96793e-07 -3.09274e-05 -1.10166e-06 -0.000173867 -3.03248e-05 -1.95605e-05 0.00184518 0.000795327 -0.000387302 0.000157973 -0.00187837 -3.58195e-05 9.85859e-06 1.42053e-05 -7.09265e-06 -2.01744e-07 -9.23379e-06 0.000356276 -5.54154e-06 3.3991e-08 -5.70982e-05 -1.60704e-08 -0.00139724 7.63021e-05 3.30942e-07 0.000104206 -8.19698e-06 3.58396e-06 0.00107676 2.15189e-07 0.000723062 7.48191e-06 -1.71024e-05 -7.38336e-05 0.000712517 2.40105e-06 -0.000183839 1.24354e-05 0.000716061 1.09453e-06 1.76976e-06 0.000213381 -0.000869579 -2.92297e-05 -1.97329e-08 0.0001102 0.00188291 -6.62737e-08 0.000808888 6.16152e-05 -2.89816e-06 -2.70498e-05 -2.75539e-06 3.07258e-07 0.000162056 1.14626e-05 1.60577e-05 -3.95504e-05 -8.8237e-06 -0.000134721 -0.000326427 -8.38636e-07 -2.18331e-05 -0.000114998 2.34021e-05 -3.42368e-05 -8.45003e-05 1.554e-06 9.6589e-06 -0.000311531 7.3189e-06 0.000181809 -4.48078e-08 -0.00145616 -0.00124586 6.27691e-08 -0.000127339 -0.000118418 -0.000105874 0.000222012 -0.000916159 
0.00950537 -0.000468635 -0.00141401 -0.000508417 -0.000250119 0.108255 0.000219715 -0.00349423 -0.0198797 7.39484e-05 7.79471e-05 0.0435656 -0.000298189 0.00529777 -0.0106289 -0.00260974 0.0209066 -0.00376841 -0.00088871 -0.000486566 0.00111539 -5.00027e-05 -0.00542309 -0.00155473 -0.000203222 -0.022956 -0.0255285 -0.0223272 -0.000912168 0.00210145 -0.00172899 -0.000373421 -0.000273591 -0.000147486 -1.05334e-05 -0.000432142 -0.00209621 -0.000482767 -9.08374e-06 -0.0031265 -6.67312e-07 0.0109533 -0.0250472 -1.34753e-05 -0.0478069 -0.000388234 -0.000465927 -0.0025141 -7.88296e-06 -0.0707274 -0.000633111 -0.000789868 0.00487623 -0.00221854 -3.24865e-05 -0.0146974 -0.000129867 0.0114237 0.000621908 -0.000200295 -0.00604437 0.0456962 0.00876576 1.15056e-06 0.000665912 -0.0212812 -3.05439e-06 -0.00353772 -0.000731154 0.000191554 -0.00366695 0.000924601 -0.000305069 -0.00592166 -0.000322607 0.00227135 -0.000984547 -0.000410301 0.00152821 -0.0118526 -1.52273e-05 -0.00100015 -0.00203504 -8.28597e-05 -0.00218327 -0.00159724 0.00202893 -0.000224733 0.00707915 0.000119345 0.00942199 -1.02508e-06 0.0489399 0.0493907 -1.86478e-05 0.00035356 -0.00663366 -0.0219156 0.0129867 -0.0205857 
-0.000261685 -5.04533e-06 0.00223965 -1.6654e-05 -1.20228e-05 0.000219715 0.00555836 -0.000134507 -0.000923646 -0.000122421 2.90332e-06 0.00212231 -5.63844e-06 -0.00357988 -0.000447633 -0.000120438 0.000917537 -0.000183605 -4.08395e-05 -2.04954e-05 -5.66277e-05 3.69221e-06 0.00299781 -7.06762e-05 0.000129383 -0.00105283 -0.00116253 0.00146843 0.00072161 0.000389949 -2.27069e-05 1.27981e-05 -1.18229e-05 -9.65775e-05 -3.66219e-07 8.84899e-06 -7.65304e-05 -3.38382e-05 4.56441e-06 3.38399e-05 -3.3519e-08 -0.00299279 -0.00106984 -2.81271e-09 -0.00214178 1.09979e-05 -7.66009e-06 -0.000110108 -5.09932e-08 -0.00337736 -1.72605e-05 -7.8358e-06 0.000211335 -0.000105986 1.53904e-08 -0.000673521 -6.29398e-06 -0.00331212 -1.7001e-06 -9.82938e-06 -0.000230128 -0.0016407 2.50932e-05 1.55086e-08 -0.00323308 -0.00094587 -1.38231e-07 -9.61488e-05 -2.73686e-05 4.02183e-05 -0.00012934 0.000174613 -1.35595e-05 2.81788e-05 -1.00582e-05 -0.000201385 0.000454055 9.34427e-06 -0.000102278 -0.000659359 -1.68919e-06 6.07713e-05 0.00341511 -2.3466e-06 -9.84765e-05 0.00384209 9.84436e-05 -6.88222e-06 0.000169532 1.2944e-05 -0.000509367 1.36542e-07 0.00219059 0.0023234 -8.11962e-07 0.000537705 -0.000351437 -0.000974576 -0.0013473 0.0024395 
-0.00175989 0.000254264 -0.00156466 -0.000128992 7.30319e-05 -0.00349423 -0.000134507 0.0276506 -0.00407943 -0.000566267 0.000141046 -0.0159965 -3.3392e-05 -0.0013212 -0.000666476 0.0116053 -0.00301325 -0.000797133 -6.75194e-05 -8.24838e-05 -0.000267179 3.02936e-05 -0.0020108 -0.0003555 -0.00021322 -0.00459232 -0.00535274 0.00232427 -0.000216262 0.000183613 0.00041236 0.00256813 0.00100487 0.00711797 -2.81514e-06 -6.19095e-05 -0.0006229 -0.000106619 1.27702e-05 -0.000895467 -1.04002e-07 -0.0175269 0.0219632 -2.21736e-06 0.0171535 -7.03778e-05 0.000155482 -0.000578966 2.43223e-06 0.00752937 0.00104448 4.24543e-05 -0.0250663 0.000504136 2.40023e-05 0.0194932 -4.32657e-06 -0.0170437 -2.86096e-05 0.000265894 -0.00127435 -0.0101415 -0.000457062 -2.09565e-07 -0.00254314 0.0112454 1.49962e-05 -0.000352647 0.000141113 -3.12883e-05 0.0202947 0.000643089 -6.59045e-05 0.00874154 -8.82952e-05 -0.00468289 0.000886908 -7.79617e-05 0.000461886 0.0101974 -8.90638e-06 -0.000241694 -0.00140082 -7.63358e-06 -0.000227962 -0.00103957 -0.000170202 0.00128636 -0.00316201 -5.40783e-05 -0.0226319 -4.75862e-07 -0.0148386 -0.0162008 -5.84243e-06 0.0014247 -0.0018574 0.0211074 -0.0220666 0.0143526 
-0.00869266 -0.000289451 -0.0086957 -3.31204e-05 0.00117416 -0.0198797 -0.000923646 -0.00407943 0.138398 -0.00284093 -0.000126282 -0.0827121 -0.000394772 -0.00152141 0.00815178 0.000281375 -0.0470951 0.0236879 0.00214342 -0.000650115 -0.00196332 -6.32782e-05 -0.0115672 -0.0018903 -0.00039589 0.0670292 0.0869087 0.0332347 0.000777311 -0.0131196 -0.00186097 -0.000575859 -0.000162904 -0.00336935 -1.09861e-05 -0.000611878 0.00589703 -0.00106705 -7.30301e-06 -0.00299958 -1.18368e-07 -0.0216289 0.0230023 5.85154e-05 0.0714 -0.000262166 5.67102e-05 0.0139059 3.01659e-05 0.0529843 -0.000686025 -0.00102035 0.00965473 0.0021175 6.51295e-05 0.0351217 -0.000140849 -0.00229034 -0.000178428 0.000104103 0.00680781 -0.0588651 -0.00263987 -1.02514e-06 0.0099251 0.00109223 -3.82015e-06 0.00103048 -0.000167416 -0.000184109 -0.00456311 -0.000391494 -0.000363627 -0.00331874 0.00122242 0.000927971 -0.000256466 -0.000549444 -0.00810403 -0.0117997 -5.17726e-05 -0.00103525 -0.00776956 0.000155414 -0.0024921 -0.00177274 -0.000994708 -0.000302763 -0.0194254 -0.000373222 -0.0275725 -1.74437e-06 -0.094146 -0.0870362 -3.42724e-05 -0.00890104 0.00505235 0.0128035 -0.0250888 -0.00318887 
-0.00131282 -8.47128e-05 -0.00128029 -8.36402e-05 -5.9554e-05 7.39484e-05 -0.000122421 -0.000566267 -0.00284093 0.0229418 -2.81822e-05 -0.00652782 -2.86593e-05 -0.0169209 0.00583915 -0.000517149 0.00277151 -0.000581001 -0.000138541 6.23448e-05 0.010626 -7.38456e-06 0.000701742 -0.000249962 0.00121292 -0.00377554 -0.00327517 -0.00410349 -0.000125844 0.000359299 -0.000304142 0.000282639 -5.26691e-05 0.00829865 1.49895e-05 -8.35299e-05 0.000357092 0.00198774 1.19343e-05 -0.000752989 3.40912e-06 0.00609049 -0.00382966 -3.20619e-06 -0.00752748 -7.35619e-05 -8.3748e-05 -0.000417956 3.75005e-06 -0.0134385 -0.000100336 -0.000133852 -0.0117114 -3.07402e-05 2.39752e-05 -0.00269152 -2.85355e-05 -0.01278 -2.05713e-05 -3.91973e-05 -0.00115859 0.0103417 0.000475883 1.57008e-07 -0.0150841 -0.0039112 -5.81e-07 -0.000675267 0.00166089 0.000636638 -0.000695889 -9.37071e-05 -3.38648e-05 -0.00110295 -7.24764e-05 -0.00271622 0.00233019 -7.62187e-05 0.0137059 0.0116919 0.000298585 0.00075929 0.00181569 -1.53447e-05 -0.000347186 -0.000726195 0.000174401 1.96301e-05 0.0160279 -1.30215e-05 -0.00863189 -1.28155e-08 0.00783983 -0.00390653 -4.71584e-06 0.0146632 -0.00150811 -0.00424249 -0.0133675 0.0110129 
-8.7739e-05 0.000295318 -7.2608e-05 7.5165e-06 -1.79686e-06 7.79471e-05 2.90332e-06 0.000141046 -0.000126282 -2.81822e-05 0.00164915 -0.000264002 2.23617e-05 -0.00032234 0.000421386 0.000574673 -0.00063308 0.000201635 7.77991e-05 0.000388651 -1.84878e-05 3.52761e-06 -9.79001e-05 0.000144853 -9.47692e-06 -0.000287545 -5.23222e-05 -9.106e-05 -3.41768e-06 -0.000731384 -7.11871e-06 0.000197994 0.000511096 0.000300378 -1.63393e-07 -3.89144e-06 -2.78802e-05 0.000263448 8.74524e-07 0.000217511 -9.90577e-09 -0.000298813 0.000302283 6.67901e-07 0.000177111 0.000102023 0.00035276 -1.87082e-05 -6.56983e-08 -0.000707913 0.000367191 9.99288e-05 -0.000846012 -1.20404e-06 1.91945e-05 0.000140056 8.95884e-06 9.12947e-05 3.31241e-06 0.00021221 -1.25469e-05 -0.000369946 -1.93717e-05 1.17784e-06 -0.000581539 -8.4859e-05 6.9149e-08 -4.39404e-05 -9.95095e-06 -1.83573e-06 7.80961e-07 0.000441378 6.29922e-05 0.000516301 -7.33524e-07 -0.000941309 -8.59781e-06 -4.7485e-06 0.00021005 5.46978e-05 -5.16934e-07 -8.73426e-06 -2.99927e-05 1.19885e-05 0.000545539 -5.13868e-05 -1.44639e-06 8.80158e-05 -0.000188597 -3.60815e-06 -0.000654375 3.02571e-06 -0.000257331 -7.66206e-06 3.09858e-06 2.03893e-06 -6.6895e-05 -0.000183069 -0.000455411 -0.00059041 
0.0242474 -0.00214505 0.0233445 -0.000200153 -0.00123993 0.0435656 0.00212231 -0.0159965 -0.0827121 -0.00652782 -0.000264002 0.246062 -0.00138816 0.0162884 -0.0412632 -0.0126084 0.0782996 -0.0173347 -0.00405319 -0.00223211 -0.00653265 0.000104101 0.0302444 -0.00697001 -0.00271469 -0.0827752 -0.0899431 -0.052956 -0.00295462 0.0259783 -0.00777473 -0.00179173 -0.00134581 -0.0120597 -5.03739e-05 -0.00204847 -0.00431034 -0.00351887 -4.79332e-05 0.0104733 -2.86798e-06 0.072638 -0.107787 -4.3399e-05 -0.168514 -0.0014312 -0.00196181 -0.0112697 -3.55021e-05 -0.0701477 -0.00288536 -0.00355227 0.0417477 -0.00981766 -9.60404e-05 -0.0578076 -0.000475202 0.0449506 0.000364491 -0.000996977 -0.0201122 0.0994062 0.00652193 1.95292e-06 0.00708606 -0.0821617 -1.36369e-05 -0.0159913 -0.00153482 -0.000178288 -0.0168099 0.000298114 -0.00142497 -0.019097 -0.000632545 0.0121774 -0.00654431 -0.00186292 -0.0232061 -0.0488019 -0.00017344 0.00229845 0.0185328 -0.000368012 -0.00897581 0.0140509 0.00185822 -0.00101853 -0.000391905 0.000134292 0.0603869 -8.46258e-06 0.171264 0.181084 -0.000115717 -0.00761449 -0.0030773 -0.0850646 0.05937 -0.047138 
-0.000152206 0.00141964 -0.00012343 -7.55958e-06 2.40207e-06 -0.000298189 -5.63844e-06 -3.3392e-05 -0.000394772 -2.86593e-05 2.23617e-05 -0.00138816 0.0024708 -0.000797226 0.00202218 0.000173463 -0.00201571 -3.0686e-05 0.0018688 0.00162585 -2.03429e-05 -6.04895e-07 -0.000172028 0.00181917 -1.80804e-05 -0.000395834 -5.14076e-05 -0.000469628 -1.86677e-05 -0.00203734 0.000643378 1.08531e-05 0.000477478 0.000288336 5.32083e-05 -9.11388e-06 2.02358e-05 0.00150065 4.76852e-05 -8.03564e-05 6.84799e-08 -0.000452246 0.000677089 2.62864e-06 0.00138726 0.000857439 0.00078644 -9.7677e-06 1.56151e-06 -0.00160676 0.00148865 -1.4276e-05 -0.00221236 -3.59837e-05 5.24034e-06 -0.000323087 0.000371096 0.000578249 -2.68543e-06 6.71379e-06 -9.11659e-05 -0.000876708 -1.47199e-05 -1.82385e-08 -0.00213896 -0.000377091 3.48745e-07 -5.10902e-05 -1.3371e-05 -9.32623e-07 -7.17856e-05 -1.13088e-05 0.00151574 0.000761568 -6.13089e-06 -0.00234206 -3.64064e-05 -7.61149e-06 -8.87619e-05 0.000776474 -7.75125e-07 -1.60685e-05 -2.05753e-05 1.10416e-05 0.00233021 -9.57175e-05 -2.96931e-06 0.000138802 -0.000280877 -4.18522e-06 -0.00206391 -4.14144e-08 -0.00143987 -0.00115122 0.000145075 -0.000125854 0.000353246 -0.000404239 -0.000912036 -0.000808753 
0.00429393 -0.0026571 -0.00482734 -7.19994e-05 0.000134301 0.00529777 -0.00357988 -0.0013212 -0.00152141 -0.0169209 -0.00032234 0.0162884 -0.000797226 0.101792 -0.0143931 0.000288066 -0.00347888 -0.0032301 -0.00077561 -0.00154098 -0.0104697 -0.000360126 -0.0187674 -0.000443138 -0.00171347 0.00790548 -0.0135598 -0.00680844 -0.00246251 -0.00163199 -0.00271392 -0.00288248 -0.00160551 -0.0143176 -6.21942e-06 -0.0022015 -0.00098223 -0.00341326 -5.6217e-05 0.00309312 -3.91025e-06 0.0190559 -0.00534591 -4.17429e-05 0.00318355 -0.0014436 -0.00248791 -0.00110766 -1.51601e-05 0.029784 -0.00264587 -0.00221158 0.0201862 -0.000769837 -7.03237e-05 -0.00198989 -0.000580254 0.0506876 -4.02425e-05 0.000105345 0.00231302 -0.00810229 -0.00194817 -2.00639e-06 0.0513806 0.00548808 -1.90222e-05 -0.000627982 -0.00271007 -0.000980829 -0.00101012 -0.00120216 -0.000144195 -0.0172757 -0.000210144 0.0105862 -0.00808407 -0.0022219 -0.0287206 -0.0232913 -0.000274555 -0.0069916 -0.0270276 6.79592e-05 -0.00181919 -0.0217897 -0.00412529 -0.0013989 -0.0334153 1.05865e-06 0.0298338 -1.19202e-05 -0.00165405 0.0105798 9.36359e-06 -0.0315591 0.00469468 0.00692341 0.0479692 -0.0467378 
-0.00588968 0.00308709 -0.00502861 -0.00043939 -0.000245355 -0.0106289 -0.000447633 -0.000666476 0.00815178 0.00583915 0.000421386 -0.0412632 0.00202218 -0.0143931 0.0878631 -0.000354665 -0.0268781 -0.000158505 0.00376674 0.00353538 0.00528826 5.93094e-05 -0.00618947 0.011047 0.00228655 0.0140176 0.0303904 -0.00773546 -0.000779492 -0.000585454 0.00094983 0.00112789 0.000805161 0.00791294 6.83253e-05 -0.000358276 -0.000753829 0.00463384 3.29911e-05 -0.0031732 -1.0369e-08 0.00871351 0.00171898 5.70631e-06 0.035111 0.00247737 0.00271257 0.00220893 1.7695e-05 -0.000831283 0.00349468 -0.000503096 -0.0194608 -0.00182976 -2.43166e-05 -0.00627009 0.000661428 0.0116765 -0.000105191 -1.41711e-05 -0.00476108 -0.0231314 -0.000850997 -1.26731e-07 -0.012325 -0.00388472 1.48862e-05 -0.00238779 0.00138375 1.94085e-05 -0.00281529 -0.000312332 0.00212447 0.00535278 -0.000300966 -0.00729879 0.00334343 -0.000317575 0.00468614 0.00834705 0.000144756 0.000954327 -0.000549617 -1.28917e-05 0.0145673 -0.00288328 0.000150041 1.2108e-05 -0.00282037 -0.000131334 -0.0112754 1.83251e-06 -0.0281998 -0.0338029 0.000181995 0.00309865 0.0106684 -0.0123233 -0.004444 -0.00732038 
-0.00140909 0.000779915 -0.00104483 -9.80179e-05 1.20898e-05 -0.00260974 -0.000120438 0.0116053 0.000281375 -0.000517149 0.000574673 -0.0126084 0.000173463 0.000288066 -0.000354665 0.0223557 -0.000531249 0.00266373 0.000540535 5.0046e-05 -0.000264397 1.96114e-05 -0.00161161 0.000526189 -0.000123977 -0.00407043 -0.00164786 0.00057049 -0.000161871 8.93457e-05 0.00183426 0.000876619 0.00149291 0.00191102 -9.46382e-07 -2.05319e-05 -0.000297241 -0.00010287 2.41284e-05 -0.000286297 4.28016e-08 -0.0139709 0.0163303 1.56044e-05 0.0127819 0.000402302 0.000297395 -0.000349242 1.37938e-06 0.0060056 0.000578202 0.0019796 -0.0172396 9.74927e-05 3.8698e-05 0.0150595 1.89905e-05 -0.0135359 -2.40783e-05 0.000775555 -0.00108161 -0.00815661 -0.00031171 -1.418e-07 -0.00115486 0.0053723 2.242e-07 0.000794115 6.25025e-05 -2.48156e-05 0.0128842 0.000728962 7.85838e-05 0.00133162 -4.51321e-05 -0.00223715 -0.000302708 -4.26628e-05 -0.000191314 0.00196042 -7.00638e-06 -0.000111878 -0.0010233 2.88043e-05 0.000794035 -0.000887807 -0.000126357 0.00108591 -0.00268377 -5.16907e-05 -0.0171464 2.40079e-06 -0.0122503 -0.0124167 -3.31881e-06 0.000148685 -0.000966451 0.0145335 -0.0167285 0.0100952 
0.00851185 -0.00306385 0.00941513 -0.00197443 -0.00189765 0.0209066 0.000917537 -0.00301325 -0.0470951 0.00277151 -0.00063308 0.0782996 -0.00201571 -0.00347888 -0.0268781 -0.000531249 0.142515 0.00347246 -0.00598387 -0.00290411 0.00174833 2.91854e-07 0.0120583 -0.0102966 -0.000628521 -0.106031 -0.0719478 0.0047174 -0.00507151 0.0501532 -0.0042936 -0.00101345 -0.00196716 -0.00435798 -6.06119e-05 -0.00278884 -0.00692028 -0.00242026 -3.76659e-05 0.00434073 7.39e-07 0.0192616 -0.0399323 -4.45698e-05 -0.0767111 -0.00215954 -0.00238294 -0.0151344 -4.32579e-05 -0.034719 -0.00281548 -0.00278116 0.0125249 -0.0136132 -0.000140081 0.0124783 -0.000776341 -0.0372867 0.000178412 -0.000114376 -0.036145 0.0602224 0.00243262 4.04274e-07 0.00126706 -0.061743 -1.67027e-05 -0.0166275 0.000698182 0.000179712 -0.0048758 -0.000415191 -0.00211371 -0.00770398 -0.000506823 0.0110384 0.00160543 -0.00267234 0.00467466 0.0166866 3.57024e-05 0.00133069 0.00333049 -0.000535024 -0.0129769 0.00673068 0.000763251 -0.00118035 0.0189009 0.000215225 -0.00696508 -1.10083e-05 0.100299 0.0816569 -0.000167519 0.00676199 -0.0253355 -0.0163126 -0.0128272 0.0519877 
-0.00204435 -6.38486e-05 -0.00177448 -0.000137143 -8.65717e-05 -0.00376841 -0.000183605 -0.000797133 0.0236879 -0.000581001 0.000201635 -0.0173347 -3.0686e-05 -0.0032301 -0.000158505 0.00266373 0.00347246 0.0322252 4.77644e-05 0.000269221 -0.000386204 -9.90411e-06 -0.002348 -0.000163667 -0.000244707 -0.00366211 0.00686321 0.0173355 -0.00025194 0.0032669 -0.000236561 -4.4957e-05 0.000128404 -0.000643798 5.5359e-06 -0.000122943 0.000114348 -4.15262e-05 9.68749e-06 -0.000153985 8.06758e-07 -0.0163251 0.0102573 4.20056e-06 0.0161456 -3.00855e-05 4.86612e-05 -6.68771e-05 8.93024e-06 0.0102968 -2.08339e-06 -0.000199388 -0.000263303 -0.000604381 2.15111e-06 0.0249061 -3.30957e-05 -0.0181836 -3.61426e-05 0.000151154 -0.00161648 -0.0117031 -0.000507899 -1.58802e-07 0.00112095 -0.00494546 2.06559e-06 -0.000577606 0.000202157 -3.70436e-05 -0.000884064 0.000227238 0.000140002 0.000201503 0.000217895 -0.00136036 0.00161294 -0.000106149 -0.00157089 0.0050586 -9.28557e-06 -7.19248e-05 -0.0016355 -4.39472e-06 -0.000156322 -0.000565532 -0.00017951 -5.62705e-05 -0.0038945 -7.0761e-05 -0.0241241 9.26126e-08 -0.0171404 -0.0179625 1.16198e-05 -0.00176671 -0.00206135 0.0115092 -0.0214938 0.0163294 
-0.000459087 0.00187047 -0.000395869 -2.92643e-05 -1.4539e-05 -0.00088871 -4.08395e-05 -6.75194e-05 0.00214342 -0.000138541 7.77991e-05 -0.00405319 0.0018688 -0.00077561 0.00376674 0.000540535 -0.00598387 4.77644e-05 0.0075919 0.00165246 -8.81373e-05 2.07984e-05 -0.000515607 0.00351716 -3.063e-05 0.00181565 0.00270258 -0.00132857 -6.16615e-05 -0.00456362 0.0011554 -2.15672e-05 0.000769591 0.000318425 7.25299e-05 -2.4827e-05 -7.762e-05 0.00141585 3.61563e-05 -0.000226519 9.74563e-08 0.000670072 3.37127e-05 3.85261e-06 0.00346116 0.00195642 0.00083833 0.0010669 7.72381e-06 -0.00166009 0.00139419 -1.58594e-05 -0.00330595 -0.000131306 1.69205e-05 -0.00075206 0.000139796 0.0021079 -6.92439e-06 4.37108e-05 0.000286974 -0.00266503 2.49324e-05 -5.29993e-08 -0.00315498 -0.000549284 6.8508e-06 -0.000161857 -4.58059e-05 -8.46859e-06 -0.000214842 -1.83024e-05 0.00188606 0.000945048 -2.12842e-05 -0.00346172 -0.000118768 -2.03955e-05 -0.000377872 -0.000103644 -1.31077e-06 1.69204e-05 -0.000198306 5.07208e-05 0.0039002 -0.000293941 -4.11945e-05 9.17184e-05 -0.000868308 -1.72795e-05 -0.00249671 8.85418e-07 -0.00421924 -0.00299386 0.000192975 -0.000356757 0.00165546 -0.000814224 -0.000430965 -0.00287117 
-0.00024466 0.00153972 -0.000220019 -1.81687e-05 6.96793e-07 -0.000486566 -2.04954e-05 -8.24838e-05 -0.000650115 6.23448e-05 0.000388651 -0.00223211 0.00162585 -0.00154098 0.00353538 5.0046e-05 -0.00290411 0.000269221 0.00165246 0.00398288 2.42122e-05 -1.41387e-06 -0.000278889 0.00212551 1.99269e-05 -0.000743861 -0.00054834 -0.000723354 -3.23157e-05 -0.00260144 0.000680009 7.25517e-05 0.000223588 0.000988325 6.68911e-05 -1.39842e-05 -6.3232e-05 0.00314725 2.36812e-05 -0.00010837 5.93534e-08 -0.000455655 0.00111508 4.62427e-06 0.00221535 0.00119993 0.00183785 -7.78489e-05 2.60413e-06 -0.00263961 0.00228951 -2.56689e-05 -0.00363783 -7.46314e-05 6.04017e-07 -0.000339116 0.000681286 0.000413621 -4.33547e-06 1.39306e-05 -0.000201157 -0.0013042 -6.17513e-05 -2.9445e-08 -0.00344762 -0.000645449 5.28111e-06 -0.00011211 9.07666e-05 -3.82061e-06 -0.000119322 6.0786e-05 0.00181683 0.00185141 -1.24111e-05 -0.00375736 0.000424616 -1.30374e-05 0.000327502 0.00188454 6.31753e-05 -2.07699e-05 -0.000198198 2.57249e-07 0.00371812 -0.000155393 0.000138867 1.81542e-05 -0.000269698 -7.15054e-06 -0.00335489 -6.68612e-08 -0.00218593 -0.00182264 0.000193663 -9.58777e-05 0.000763699 -0.000718397 -0.00166821 -0.000666224 
-0.000730086 -4.3203e-05 -0.00061171 -5.01191e-05 -3.09274e-05 0.00111539 -5.66277e-05 -0.000267179 -0.00196332 0.010626 -1.84878e-05 -0.00653265 -2.03429e-05 -0.0104697 0.00528826 -0.000264397 0.00174833 -0.000386204 -8.81373e-05 2.42122e-05 0.0117074 -4.58376e-06 -0.000571073 -0.000157488 0.00118917 -0.00224494 -0.0025671 -0.00221679 -7.88707e-05 0.00121446 -0.000156975 0.000294062 -2.73361e-05 0.00848653 4.83143e-06 -4.30145e-05 0.000653364 0.00178067 1.23966e-05 -0.000387345 3.33562e-06 0.00381585 -0.00231015 -1.61687e-06 -0.00445759 -3.6099e-05 -4.23647e-05 -0.000234975 2.69857e-06 -0.00797452 -5.95968e-05 -7.5699e-05 -0.010668 0.000139311 -1.55357e-06 -0.00153304 -1.25057e-05 -0.00827207 -1.10284e-05 -1.9518e-05 -0.000598363 0.00685367 -0.000172159 2.32761e-07 -0.0109987 -0.00205722 -2.92996e-07 -0.000342576 0.000899758 0.000611857 -0.000354018 -4.21859e-05 -3.11359e-05 -0.000518661 -3.67714e-05 -0.00283545 0.00286714 -3.91169e-05 0.0106074 0.0101764 0.000269082 0.000501739 0.000363312 -7.9484e-06 -0.000216069 -0.000412109 0.000397259 3.99579e-05 0.00998866 5.92093e-06 -0.00912476 -1.88095e-07 0.00467627 -0.00665331 -2.44211e-06 0.00941701 -0.000803829 -0.00216049 -0.00988125 0.00720609 
-2.29387e-05 2.28417e-05 0.000177569 -1.76646e-06 -1.10166e-06 -5.00027e-05 3.69221e-06 3.02936e-05 -6.32782e-05 -7.38456e-06 3.52761e-06 0.000104101 -6.04895e-07 -0.000360126 5.93094e-05 1.96114e-05 2.91854e-07 -9.90411e-06 2.07984e-05 -1.41387e-06 -4.58376e-06 0.000410914 0.000306022 1.18633e-05 -2.56587e-06 -7.75319e-05 -1.69407e-05 -6.17853e-05 1.32884e-05 4.51701e-05 -5.62796e-06 8.90942e-06 4.29935e-06 4.68817e-05 -4.06616e-08 -1.40916e-06 1.43999e-06 9.21005e-07 2.2938e-06 -9.11308e-06 -2.46513e-09 -0.000268575 -2.23484e-05 8.70723e-06 -9.83689e-05 2.55476e-05 2.01488e-05 -7.79028e-06 -2.63039e-08 -0.000173945 1.47752e-06 9.5364e-07 -9.18395e-05 -3.74797e-06 -7.00188e-08 3.10742e-05 1.0821e-06 -0.000264158 -4.45686e-07 6.36931e-06 -2.07614e-05 -0.000144026 -4.8372e-06 2.36397e-08 -0.00037206 -3.67663e-05 2.16501e-07 -1.10797e-05 7.46719e-06 1.1765e-06 -5.36005e-06 1.53315e-06 -1.08033e-06 0.000232337 -1.12919e-06 -6.01135e-05 -6.09516e-06 -1.30168e-06 1.22783e-06 -4.82322e-05 3.98024e-07 0.000280158 0.000261827 1.25088e-06 1.67487e-05 0.000315748 5.73822e-05 6.86081e-06 7.17197e-06 -9.36904e-07 -0.000309416 7.97934e-08 2.85416e-05 9.05585e-05 -8.49654e-08 5.22967e-05 -1.19111e-05 -2.94563e-05 -0.000272668 0.000214352 
-0.00204076 -0.000260027 0.0108187 -0.000254964 -0.000173867 -0.00542309 0.00299781 -0.0020108 -0.0115672 0.000701742 -9.79001e-05 0.0302444 -0.000172028 -0.0187674 -0.00618947 -0.00161161 0.0120583 -0.002348 -0.000515607 -0.000278889 -0.000571073 0.000306022 0.0656905 -0.00091156 -0.000424842 -0.0130287 -0.0142037 -0.00531188 0.000572673 -0.00160029 -0.000994862 -0.000209656 -0.00016849 -0.00136205 -5.80191e-06 -0.000263047 0.000390628 -0.000454775 -5.59185e-06 0.00263882 -2.40554e-07 -0.0110694 -0.0145113 1.083e-05 -0.0276847 -5.43015e-05 -0.000171885 -0.00142747 -4.16971e-06 -0.0269703 -0.000363001 -0.000455476 0.004536 -0.00138633 3.26887e-05 -0.0043756 -8.10876e-05 -0.0231217 6.05161e-05 -0.000119781 -0.00353849 0.00877832 6.97986e-06 1.26173e-07 -0.0182178 -0.0120994 -1.74809e-06 -0.00203458 -0.000100549 0.000317592 -0.00211166 4.6605e-05 -0.000175942 -9.05618e-05 -0.000180675 0.00111409 0.000483452 -0.000228208 -0.00297985 -0.0078709 -2.01873e-05 0.00539741 0.0185112 -4.73991e-05 -0.000997141 0.0224787 0.00341401 -0.000131012 0.00943902 -8.22239e-05 0.00136645 -3.6189e-07 0.0212025 0.0292055 -1.46001e-05 0.00777691 -0.000300568 -0.0125627 -0.00991791 0.0161306 
-0.000798817 0.00210568 -0.000686012 -6.04439e-05 -3.03248e-05 -0.00155473 -7.06762e-05 -0.0003555 -0.0018903 -0.000249962 0.000144853 -0.00697001 0.00181917 -0.000443138 0.011047 0.000526189 -0.0102966 -0.000163667 0.00351716 0.00212551 -0.000157488 1.18633e-05 -0.00091156 0.0131373 0.0005616 -0.00245048 0.00499855 -0.00253152 -0.000107797 -0.00114012 0.00111284 -3.12614e-05 0.000691083 5.51671e-05 7.0473e-05 -4.92757e-05 -0.000262854 0.00173687 2.44308e-05 -0.000435178 3.49054e-09 0.00237483 0.00375696 1.47963e-06 0.00563522 0.00256173 0.00102974 -0.000155615 9.82471e-06 -0.00891355 0.00152186 -3.47364e-05 -0.0107967 -0.000254775 -2.77135e-06 -0.00161726 0.000184458 0.00387543 -1.39519e-05 6.31644e-05 -0.000655313 -0.00460926 -7.04015e-05 1.91961e-07 -0.00328488 -0.00213441 -2.32602e-07 -0.0002078 -8.17557e-05 -1.46431e-05 -0.000397845 -5.28626e-05 0.00222216 0.000906849 -4.00303e-05 -0.00354404 -0.000138697 -4.28725e-05 -0.000554137 -0.000576118 -4.1666e-06 1.98664e-05 -0.000461583 2.68443e-05 0.0127267 -0.00052118 -5.57609e-05 3.94067e-05 -0.001256 -2.85319e-05 -0.00239115 3.21405e-06 -0.00747752 0.00122094 0.000200131 -0.000600837 0.00773288 -0.00242309 0.000306203 -0.00504365 
-0.000395396 -2.80468e-05 -0.000313293 -3.30609e-05 -1.95605e-05 -0.000203222 0.000129383 -0.00021322 -0.00039589 0.00121292 -9.47692e-06 -0.00271469 -1.80804e-05 -0.00171347 0.00228655 -0.000123977 -0.000628521 -0.000244707 -3.063e-05 1.99269e-05 0.00118917 -2.56587e-06 -0.000424842 0.0005616 0.0074663 -0.000593834 0.000110534 -0.00140613 -6.07249e-05 0.000413771 -9.8654e-05 -2.41015e-05 -1.51605e-05 0.00147443 8.19219e-07 -2.80115e-05 -0.000150558 4.65066e-05 -6.62516e-07 -0.000191163 -5.11228e-09 0.00232255 -0.00149734 -8.66649e-07 -0.00263047 6.04963e-06 -2.28413e-05 -0.000150695 6.38635e-07 -0.00232888 -3.75853e-05 5.10932e-05 -0.0022982 -5.63776e-07 -2.07436e-06 -0.000972923 -8.15294e-07 -0.00182538 -2.15279e-06 -1.24438e-05 -0.000373968 0.00155136 -0.00011342 -5.53936e-08 -0.00242428 -0.00128981 -1.86041e-07 -0.00021474 5.87945e-05 -7.55352e-06 -0.000223305 -3.15334e-05 4.85399e-05 -0.000358125 7.01572e-07 -0.000167257 0.000392975 -2.50143e-05 0.00219046 0.00273587 1.55291e-05 -1.54951e-05 -0.000279889 -4.04693e-06 0.000592399 -0.000215611 0.000313933 1.887e-06 0.00273965 -1.7255e-06 -0.000974535 -3.57828e-08 0.000562018 -0.000768628 -6.04882e-07 0.00140131 0.000865189 -0.00135515 -0.00102111 0.00096809 
-0.0087809 -0.000657621 -0.0102409 0.00198827 0.00184518 -0.022956 -0.00105283 -0.00459232 0.0670292 -0.00377554 -0.000287545 -0.0827752 -0.000395834 0.00790548 0.0140176 -0.00407043 -0.106031 -0.00366211 0.00181565 -0.000743861 -0.00224494 -7.75319e-05 -0.0130287 -0.00245048 -0.000593834 0.153617 0.0860457 -0.00477142 0.00318408 -0.0440823 -0.000797161 -0.000644285 -0.000443666 -0.00347247 -1.70085e-05 -0.000626833 0.00881913 -0.00116438 -1.51292e-05 -0.00521836 -1.07664e-06 -0.0141136 0.0222796 3.30629e-05 0.0750647 -0.000559334 -0.000406073 0.012778 1.83917e-05 0.0583171 -0.000922346 -0.00112279 0.0136805 0.0126348 7.7715e-05 -0.0195647 -9.12191e-05 0.0503708 -0.000190099 -0.000228482 0.0341567 -0.0671665 -0.00302434 -9.2568e-07 0.0116529 0.0547453 -3.9141e-06 0.0135268 7.82316e-05 -0.000210641 -0.00511951 -0.00079455 -0.000458629 -0.00239913 0.000617577 0.00277753 -0.00292148 -0.000622684 -0.00798826 -0.0241185 -5.93154e-05 -0.00165898 -0.00373054 0.000495012 -0.00274388 -0.00730563 -0.00112008 -0.00033254 -0.0220457 -0.000319873 0.0241998 -3.14585e-06 -0.101105 -0.0923145 -3.91263e-05 -0.0101458 0.0137397 0.00880421 0.0296422 -0.0613347 
-0.0105672 0.00104554 -0.0106609 -0.000935337 0.000795327 -0.0255285 -0.00116253 -0.00535274 0.0869087 -0.00327517 -5.23222e-05 -0.0899431 -5.14076e-05 -0.0135598 0.0303904 -0.00164786 -0.0719478 0.00686321 0.00270258 -0.00054834 -0.0025671 -1.69407e-05 -0.0142037 0.00499855 0.000110534 0.0860457 0.169786 -0.00589601 -0.00143628 0.00455135 -0.00204389 -0.000547901 0.000649485 -0.00288581 -1.8929e-05 -0.00079251 -0.00361062 -0.00105343 -1.1931e-05 -0.00610706 -6.33282e-07 0.00151097 0.044677 6.39596e-05 0.091478 0.000541935 0.000749474 0.00891693 1.97257e-05 0.0539586 7.85575e-05 -0.000670004 0.00495885 0.00056815 2.60214e-06 0.00935668 2.6493e-05 0.0282319 -0.000229386 -9.51695e-07 -0.0069853 -0.0765017 -0.00268609 -2.09546e-07 0.0108793 0.0071491 -5.23427e-06 0.00266468 0.000121146 -0.000237583 -0.00545766 -0.000493571 -0.00022325 0.00488489 -0.000163798 0.00203654 -0.0019956 -0.000715833 -0.00849155 -0.0262961 -6.74713e-05 -0.000569659 0.00343758 -0.000105058 0.00578215 -0.0041136 -0.00124694 -0.000299468 -0.0247747 -0.000257392 -0.00745431 1.20621e-05 -0.109957 -0.0856878 -3.76486e-05 -0.0115562 0.0231588 -0.0134502 -0.00518151 -0.0277744 
-0.0115813 -0.000727929 -0.00618947 0.000693791 -0.000387302 -0.0223272 0.00146843 0.00232427 0.0332347 -0.00410349 -9.106e-05 -0.052956 -0.000469628 -0.00680844 -0.00773546 0.00057049 0.0047174 0.0173355 -0.00132857 -0.000723354 -0.00221679 -6.17853e-05 -0.00531188 -0.00253152 -0.00140613 -0.00477142 -0.00589601 0.154015 0.00130914 -0.00713069 0.00274078 -0.000618804 -0.000451813 -0.00391066 -1.42852e-05 0.0023186 0.00256216 -0.00116957 -7.60565e-06 -0.000145595 1.12855e-07 -0.0834496 0.0382941 -1.42879e-05 0.0727509 -0.000479894 -0.000512188 -8.36491e-05 2.83734e-06 0.0401493 -0.000723182 0.0018887 0.000276875 0.00331031 3.45983e-05 0.0619341 -0.000236422 -0.0453973 -0.000204894 0.000843025 0.0176499 -0.059988 -0.00129614 -1.10373e-06 0.000117026 0.0480043 2.86717e-07 0.000735758 -0.000810523 -0.000118243 0.00408401 -0.000252626 -0.000497903 0.00559979 0.000991628 -0.00335736 0.0024041 0.00229375 -0.00960973 -0.000370012 -5.92593e-05 0.000379357 0.00135151 0.000236472 -0.00349303 0.00910863 -0.000707032 -0.000256319 -0.0199516 -0.000341317 -0.0430505 -2.29323e-06 -0.086344 -0.0746594 -3.93088e-05 -0.00790011 -0.0115968 0.0863387 -0.0561156 0.040923 
-0.000394772 -2.16643e-05 -3.93237e-05 0.000668687 0.000157973 -0.000912168 0.00072161 -0.000216262 0.000777311 -0.000125844 -3.41768e-06 -0.00295462 -1.86677e-05 -0.00246251 -0.000779492 -0.000161871 -0.00507151 -0.00025194 -6.16615e-05 -3.23157e-05 -7.88707e-05 1.32884e-05 0.000572673 -0.000107797 -6.07249e-05 0.00318408 -0.00143628 0.00130914 0.00806265 -0.00552216 0.00173132 -7.91441e-06 -1.4554e-05 -9.79004e-05 -5.40706e-07 0.00167473 0.00324537 -5.08312e-05 -2.58696e-08 -0.000247476 5.79214e-08 -0.00515136 0.000745731 1.07067e-06 6.22824e-05 -1.90664e-05 -2.92237e-05 0.00248476 -3.96797e-07 0.000211255 -4.14652e-05 0.0016804 -0.00112854 0.00220744 4.99525e-06 -0.000475342 9.54321e-06 -0.00110157 -7.48961e-06 -1.25005e-05 0.00591821 -0.00266615 -0.000122736 -2.98545e-08 -0.00262431 0.00503215 2.34231e-06 0.00138769 0.000158855 4.12432e-05 0.00148259 0.000301664 -2.13623e-05 0.00016671 0.000524741 -0.00172256 -0.000116097 0.00164817 -0.000294153 -0.000933457 -2.04711e-06 5.35914e-05 0.000380186 -2.78337e-06 -0.000144097 0.000739909 -2.51189e-06 -1.30399e-05 -0.000830269 -9.66292e-06 -0.00115897 5.29742e-06 -0.00343433 -0.00303193 -1.6801e-06 -7.83952e-05 -0.000544034 0.0007782 -0.00126349 -2.97523e-05 
0.00780769 -0.00212103 0.00301189 -0.0023609 -0.00187837 0.00210145 0.000389949 0.000183613 -0.0131196 0.000359299 -0.000731384 0.0259783 -0.00203734 -0.00163199 -0.000585454 8.93457e-05 0.0501532 0.0032669 -0.00456362 -0.00260144 0.00121446 4.51701e-05 -0.00160029 -0.00114012 0.000413771 -0.0440823 0.00455135 -0.00713069 -0.00552216 0.116088 -0.00642221 -0.00118989 -0.00181563 -0.000621566 -6.20429e-05 -0.00318305 -0.00898249 -0.00226054 -5.72637e-05 0.000848227 1.37251e-07 0.0325509 -0.00479583 -2.97581e-05 -0.0220357 -0.00127634 -0.00156978 -0.0165531 -1.17986e-05 0.00647141 -0.0020956 -0.00286339 0.00148187 -0.0108421 -0.000219304 0.00871002 -0.000871598 0.00893386 -0.000742488 6.63442e-05 -0.0421127 0.00296621 -0.00627752 -2.35953e-06 0.00627651 -0.0430856 -1.14813e-05 -0.0106507 -0.000136598 8.8845e-05 -0.00239515 -0.00156845 -0.00179001 -0.000636464 -0.000435249 0.00843036 0.00121104 -0.0028616 -0.00676168 -0.00250202 -0.000156444 0.000116427 0.00155643 -0.000522088 -0.002295 0.00413614 -3.34096e-05 -0.00116853 -0.0165571 7.19082e-07 -0.00678452 -7.70517e-06 0.0293131 0.0263623 -0.000164591 -0.00462845 0.00636637 -0.0195106 -0.00874481 -0.000133001 
-0.000874977 0.000514384 -0.000779019 2.02733e-05 -3.58195e-05 -0.00172899 -2.27069e-05 0.00041236 -0.00186097 -0.000304142 -7.11871e-06 -0.00777473 0.000643378 -0.00271392 0.00094983 0.00183426 -0.0042936 -0.000236561 0.0011554 0.000680009 -0.000156975 -5.62796e-06 -0.000994862 0.00111284 -9.8654e-05 -0.000797161 -0.00204389 0.00274078 0.00173132 -0.00642221 0.0139603 0.000299469 8.00706e-05 0.000579395 2.0656e-05 0.00348497 -0.000169071 0.000689799 1.66957e-06 -0.000443764 6.91749e-07 -0.00780257 0.00812962 1.86747e-06 0.00819882 0.000945236 5.31186e-05 0.00252884 -9.06106e-07 -0.000481453 0.000421533 0.00498077 -0.00644528 7.08162e-05 -3.01805e-06 -0.000390995 -7.49188e-06 -0.00662149 -1.51928e-05 -5.36362e-06 0.00478933 -0.00500275 -0.00021838 -1.04271e-07 -0.00461225 0.0055395 2.47314e-06 0.00694093 -7.06531e-05 -1.0147e-05 0.00493676 9.02101e-05 0.000870189 -0.000169366 -1.4607e-05 -0.00475195 0.00132337 0.00324851 -0.000644547 -0.000380632 -4.43145e-06 -0.000116009 -0.000617912 -6.65019e-06 0.0011238 -0.000526494 -7.47614e-05 0.000106646 -0.00153237 3.33358e-05 -0.00468945 2.86564e-07 -0.00733042 -0.00722494 3.71231e-05 -0.000129633 -0.000183581 0.00705312 -0.00539257 0.00490505 
-0.000217502 0.000209995 -0.000192837 -1.28648e-06 9.85859e-06 -0.000373421 1.27981e-05 0.00256813 -0.000575859 0.000282639 0.000197994 -0.00179173 1.08531e-05 -0.00288248 0.00112789 0.000876619 -0.00101345 -4.4957e-05 -2.15672e-05 7.25517e-05 0.000294062 8.90942e-06 -0.000209656 -3.12614e-05 -2.41015e-05 -0.000644285 -0.000547901 -0.000618804 -7.91441e-06 -0.00118989 0.000299469 0.00350818 0.000935196 0.00286439 -3.48231e-07 -8.99446e-06 -7.78195e-05 2.71492e-05 1.16366e-05 -5.81963e-05 3.55555e-07 -0.000824727 0.00183968 -3.87119e-07 0.00163955 2.20295e-06 9.03844e-05 -6.90694e-05 2.75473e-06 -0.000696644 0.000182112 4.71786e-06 -0.00295876 0.000778349 2.65126e-05 -0.000288067 2.21961e-05 -0.00212797 -3.54691e-06 -4.20817e-06 -0.00011175 -0.000955092 -4.7099e-05 1.13741e-06 -0.00298955 0.000848156 1.2627e-07 -9.66299e-05 -1.52409e-05 -2.33908e-06 0.000889737 0.00082127 9.04795e-06 0.00176894 -1.03433e-05 -0.00299571 0.00137846 -9.49535e-06 0.00207279 0.00126042 8.41618e-07 -1.78042e-05 -0.000156346 -2.36187e-06 6.38816e-05 -0.000123166 -1.97192e-05 0.00114721 0.000174391 7.69957e-06 -0.00273211 8.61114e-06 -0.000304384 -0.00168117 -7.20988e-07 0.0027312 -0.000230925 0.000506506 -0.00253355 0.000945604 
-0.000148127 0.00122295 -0.000126201 -1.06574e-05 1.42053e-05 -0.000273591 -1.18229e-05 0.00100487 -0.000162904 -5.26691e-05 0.000511096 -0.00134581 0.000477478 -0.00160551 0.000805161 0.00149291 -0.00196716 0.000128404 0.000769591 0.000223588 -2.73361e-05 4.29935e-06 -0.00016849 0.000691083 -1.51605e-05 -0.000443666 0.000649485 -0.000451813 -1.4554e-05 -0.00181563 8.00706e-05 0.000935196 0.00238792 0.00110096 1.57657e-06 -4.47003e-06 -3.9763e-05 0.000185323 8.00587e-06 0.00013218 3.23128e-08 -0.00153297 0.00167213 4.09667e-06 0.0012033 0.000364183 0.000747243 5.65756e-05 3.26839e-07 -0.000522744 0.000923516 0.000129859 -0.00219178 0.000446062 6.02966e-05 0.000159792 0.000113995 -0.000563453 -2.59513e-06 0.000144953 -0.000109893 -0.000854489 8.6617e-05 9.04145e-09 -0.00179176 0.000669499 3.34138e-07 -3.39618e-05 -1.29258e-05 -2.66006e-06 0.000503637 0.000886858 0.000329996 0.00162897 -7.42904e-06 -0.00230875 -3.556e-05 -1.49424e-06 0.000669947 -0.00022505 -7.4906e-07 2.93057e-05 3.05803e-06 -1.60584e-06 0.00116716 -9.36029e-05 -1.367e-05 0.000804388 -0.000281435 -5.14205e-06 -0.00202458 1.04366e-05 -0.00137692 -0.00104598 -2.18068e-07 0.000689583 -0.000148454 0.000273327 -0.00185674 -0.000873882 
