0.218677 0.0387211 -0.00918683 -0.00279274 0.000488662 0.000475318 -2.53966e-06 -0.0333642 0.0919549 -3.71845e-06 0.103741 0.000416105 -0.00226545 -0.00113839 0.0359158 -4.04162e-06 -0.000718208 7.52055e-07 -0.162789 -0.00436792 0.0385063 0.00265934 -0.0195806 -0.00158624 0.00109407 -0.000391583 -0.0558849 -0.00063151 -0.000265089 0.00148326 0.023698 -7.09248e-05 0.00147484 -0.0365809 -0.0820432 -0.00133684 -0.0044399 -0.000516195 -1.39348e-05 0.000456033 -0.000911434 0.054345 -0.00049563 -0.00661995 -2.99813e-05 -0.000547589 0.033036 -0.0368964 -0.000196228 0.0405002 0.0356214 0.000826962 0.0313557 -0.010737 -0.0328128 -7.62809e-06 -0.0322281 0.00124056 0.065289 -0.0296083 -0.044471 -0.0364231 -1.20727e-05 -1.95848e-06 -0.000402385 -0.00474727 -3.75989e-05 -0.0356199 -9.85414e-06 -0.00764379 0.000485285 -0.0997535 -0.00114623 0.0987653 0.00112154 -3.60438e-05 -1.42011e-06 -0.000215591 0.000545275 -0.000523171 -0.0231647 -0.000861876 -0.00285057 0.00187095 0.0250702 -0.000439337 -5.3477e-05 -0.00186429 -0.0178159 -0.000110547 0.00114404 -0.000204408 3.0528e-07 -0.0356008 0.000645855 -1.12903e-05 -0.00875117 -0.0350093 0.000276011 -0.0230537 
0.0387211 0.132667 0.00161457 -0.00367893 -0.0015174 -0.00175627 -8.8862e-05 -0.041226 0.0345586 -4.76426e-06 0.0375424 -0.00151571 -0.00636509 -0.00144112 0.0487599 -7.04842e-05 -0.000909516 -1.52451e-05 -0.0452356 -0.00447128 0.0452556 -0.0028928 -0.0252011 -0.00138412 -0.00502257 -0.000280823 -0.00656923 -0.000568848 -0.000403453 -0.00444832 0.0490645 -8.97126e-05 -0.000626088 -0.0455672 0.0238506 -0.000691556 -0.00740041 -0.000642367 -1.6095e-05 -0.00214095 -0.00131312 0.0392586 -0.0016194 -0.0175393 -5.03003e-05 0.00093509 0.0475147 -0.0459302 -0.00024997 0.0466537 0.0503046 -0.00426798 -0.0298633 -0.0083885 -0.0409664 -9.91669e-06 -0.0401219 -0.00294629 0.047421 -0.0401573 -0.0431744 -0.0453558 -1.50339e-05 -2.79737e-05 -0.000503467 -0.00593339 -2.76913e-05 -0.0443468 -2.63209e-06 -3.83194e-05 -0.00166698 0.0239147 -0.00172706 0.0281113 -0.00270264 -0.000439541 -6.03359e-06 -0.000362231 -0.00314041 -0.00297606 -0.015883 -0.00128379 -0.0031443 0.00079346 0.0555878 -0.000686484 -6.30466e-05 -0.000128476 0.0040226 -0.000537453 -0.00324522 -0.000254046 -7.47777e-07 -0.0443677 -0.00199695 -9.3141e-06 -0.0108755 -0.0461839 -0.00111146 -0.0286677 
-0.00918683 0.00161457 0.0150078 -6.06006e-05 -3.00194e-05 -3.16774e-05 -1.33583e-06 -0.000758922 -0.0041736 -8.7986e-08 -0.0114537 -2.44011e-05 -0.00011751 -1.7702e-05 0.000856006 -1.3546e-06 -1.61921e-05 2.71914e-07 0.00900082 -0.000100495 0.000820694 -0.00013008 -0.000451822 -3.28254e-05 0.000388344 1.63174e-06 -0.00109389 -6.69281e-06 -7.12066e-06 -8.53754e-05 0.00141676 -8.48663e-07 -9.03999e-05 -0.00081539 0.00801838 -2.50604e-05 -0.000175462 -1.1625e-05 -3.13965e-07 -4.93932e-05 -2.60317e-06 0.00246332 -4.12903e-05 5.87425e-05 -9.52352e-07 -6.32755e-05 0.000712718 -0.000821229 -4.86985e-06 0.000868313 0.000897318 0.000388884 -0.00635827 1.93485e-05 -0.000739329 -1.79376e-07 -0.0007219 -4.29485e-05 0.00156583 -0.00072934 3.39662e-05 -0.0008127 7.43463e-07 -1.48849e-06 -8.93934e-06 -9.98901e-05 -9.48935e-07 -0.000798115 -2.5833e-07 -0.000154971 -3.01548e-05 0.00945953 -3.10981e-05 -0.0100958 -5.04617e-05 -1.05516e-05 -1.1999e-07 -6.32034e-06 -3.95514e-05 -8.66225e-05 -0.00143579 -2.1383e-05 -0.000142094 -9.31851e-05 0.00140251 2.18779e-05 3.0327e-07 7.25086e-05 -0.000226336 -1.04556e-05 -7.38914e-05 1.06025e-06 1.49997e-07 -0.000798577 -3.76234e-05 -3.28678e-07 -0.000192772 -0.000832173 -2.02696e-05 -0.000502632 
-0.00279274 -0.00367893 -6.06006e-05 0.00440216 -1.58642e-06 -8.14912e-06 6.24844e-08 0.00121343 -0.000140381 -2.5528e-08 -0.00309394 3.46348e-06 0.000311398 0.00161793 -0.00398848 2.28118e-06 0.000210662 -4.49158e-07 0.00256144 0.00262325 -0.004069 2.22464e-05 0.000380888 6.41551e-05 0.000477845 0.000197748 0.000628015 -4.17783e-06 0.000137306 -2.28345e-05 -0.0039076 9.32046e-05 -2.60172e-05 0.00376373 -0.00191456 0.000592454 0.00179683 6.50048e-06 5.91127e-06 7.04103e-05 0.000662161 -0.00336515 -1.23139e-05 -0.000431263 -2.76313e-07 -2.81293e-05 -0.00401508 0.00394877 0.000287874 -0.00392076 -0.00394836 6.13918e-05 0.000452668 0.00169967 0.00213109 7.40462e-06 0.000731706 5.32927e-05 -0.00383091 -0.000106524 0.00383467 0.00372458 1.17941e-05 1.77106e-06 0.000330422 0.00200364 -3.02401e-07 0.00226591 -8.55896e-08 -5.4281e-05 -8.41775e-06 -0.00162004 6.43499e-05 -0.00291066 0.000157226 6.18314e-05 -1.14803e-08 0.000435407 0.000256535 0.000720956 -0.00134669 0.00140179 1.85667e-05 -2.72008e-05 -0.00396461 -3.58976e-06 8.7827e-06 -1.73595e-05 -0.00018099 3.37473e-06 -1.51149e-05 5.96926e-05 -7.738e-09 0.00218766 -9.06969e-06 8.37972e-07 0.00248529 0.00238203 -2.61124e-07 -0.000109516 
0.000488662 -0.0015174 -3.00194e-05 -1.58642e-06 0.00196589 0.0016079 6.89406e-05 -8.86052e-05 -0.00135779 -1.13721e-08 0.000454014 0.000961921 0.00164768 -1.75915e-06 -0.000419983 3.66023e-05 -1.90719e-06 1.65991e-06 -0.000677531 0.00016397 -0.000122451 0.00018587 -5.67852e-05 -2.54182e-06 0.00148102 -8.15693e-07 -0.000104262 -1.86112e-06 9.33118e-05 0.00178316 -0.00173714 -2.11796e-07 0.000642666 -9.78804e-05 -0.000763319 -3.93011e-06 -7.92043e-06 -8.59194e-07 1.22323e-07 0.00163011 -1.90212e-06 -0.00156575 -3.03067e-06 -0.000100596 1.61024e-06 -1.4908e-05 -0.00165283 -9.74053e-05 -4.62441e-07 4.55893e-05 -0.00166574 -1.8428e-05 -0.000819333 -3.1067e-05 6.77669e-06 7.76816e-07 -8.76294e-05 0.000460864 -0.00152397 -8.80677e-05 -0.000143395 -9.6561e-05 -3.53114e-08 2.0126e-06 -9.76198e-07 -1.38418e-05 1.65529e-06 -9.38418e-05 2.45205e-07 -2.49261e-05 0.00155371 -0.000704111 3.18728e-05 -0.00118984 9.17389e-06 3.50445e-06 2.93116e-06 1.82816e-06 -9.02939e-07 2.32957e-05 -0.000312048 3.01077e-05 -1.50904e-05 -6.69685e-06 -0.00174808 6.70287e-05 1.54229e-06 -7.51861e-06 -4.25551e-05 0.000180261 0.0017668 -4.12541e-07 -3.4471e-09 -9.39316e-05 0.00165369 -4.24814e-08 2.29649e-05 -7.30222e-05 0.000219549 -6.57781e-05 
0.000475318 -0.00175627 -3.16774e-05 -8.14912e-06 0.0016079 0.00209188 8.49703e-05 -0.000100221 -0.00158513 -1.21025e-08 0.00050078 0.00114889 0.00198445 -3.66002e-06 -0.000636702 4.64143e-05 -1.93445e-06 6.97061e-07 -0.000739653 6.49333e-05 -0.000211979 8.32743e-05 -6.157e-05 -3.92616e-06 0.00170604 -8.98049e-07 -0.000158073 -1.98065e-06 8.54144e-05 0.00204146 -0.00187488 -1.55398e-07 0.00070196 -0.000113177 -0.000937813 -4.18337e-06 4.93005e-05 -3.32357e-07 -4.36444e-08 0.00190705 3.61686e-05 -0.00168334 -5.89164e-06 -0.00017829 4.66567e-06 -1.5037e-05 -0.00191694 -0.000114098 -5.46391e-07 6.77004e-05 -0.0019641 8.16957e-05 -0.000885267 -3.12276e-05 -1.52216e-05 7.75327e-07 -9.9737e-05 0.000557227 -0.00173684 -4.47254e-05 -0.000163967 -0.000112628 -3.75792e-08 9.66319e-07 1.10472e-06 -1.4679e-05 2.702e-05 -0.000110134 3.69423e-07 -2.77614e-05 0.00173685 -0.000760011 0.000121032 -0.00124874 0.00010713 9.15517e-05 3.21016e-06 -1.04306e-06 7.71672e-05 8.54465e-05 -0.000578402 2.94956e-06 -2.31261e-05 5.33054e-06 -0.00189432 9.59388e-05 1.22463e-06 -8.39662e-06 -7.39584e-05 0.000248726 0.00202777 4.59329e-06 -3.66848e-09 -0.000109369 0.00187458 -4.52096e-08 1.61894e-05 -1.41216e-05 0.000277485 -7.11783e-05 
-2.53966e-06 -8.8862e-05 -1.33583e-06 6.24844e-08 6.89406e-05 8.49703e-05 0.000107982 4.95535e-06 -8.36013e-05 1.7271e-07 9.95889e-06 7.18449e-05 8.44176e-05 -1.88553e-07 -8.27589e-05 7.26693e-06 1.61609e-08 1.05697e-07 -2.21147e-05 5.2744e-08 -5.69465e-05 -8.63591e-07 -5.72722e-07 1.20921e-06 8.5608e-05 2.96942e-08 -8.02378e-06 6.3463e-07 3.33915e-05 9.04659e-05 -9.49938e-05 -1.16118e-08 2.92633e-06 5.31464e-06 -4.33021e-05 -2.16201e-07 6.80562e-07 -2.23766e-08 -2.24842e-09 8.87451e-05 -1.78664e-07 -8.45414e-05 -2.44822e-07 -1.03641e-05 -6.7485e-09 -8.27205e-07 -9.54439e-05 4.67722e-06 -3.46738e-08 -1.11013e-05 -0.000100151 -3.12268e-07 -3.45436e-05 5.10025e-06 1.64595e-05 2.98729e-07 5.75723e-06 7.42817e-06 -8.30026e-05 2.73205e-06 3.08163e-06 4.97293e-06 -1.93596e-09 -1.95943e-08 -6.46682e-08 -7.63084e-07 -7.38566e-09 5.44246e-06 -2.09039e-09 -1.22351e-06 8.28028e-05 -3.41857e-05 1.44108e-06 -6.43115e-05 -4.24091e-07 1.917e-06 -8.50268e-10 -5.5109e-08 -4.09569e-08 1.40472e-06 -3.21145e-05 2.0183e-07 3.01903e-06 5.87188e-07 -9.22344e-05 2.44257e-07 -9.37778e-09 3.81682e-06 2.44223e-06 3.3035e-05 9.02702e-05 -3.4862e-08 -1.88988e-10 5.43753e-06 8.04531e-05 -2.32906e-09 3.52094e-06 5.57308e-06 1.16139e-05 -8.77999e-07 
-0.0333642 -0.041226 -0.000758922 0.00121343 -8.86052e-05 -0.000100221 4.95535e-06 0.0476249 -0.0382399 1.01387e-06 -0.0371134 -4.99739e-05 0.00398273 -2.13173e-05 -0.0459746 -4.45235e-06 0.000590453 -1.16976e-06 0.0308687 0.000775254 -0.0428428 -0.000463086 0.0271022 0.00142246 -0.000492883 0.000122162 0.00163795 -4.65333e-05 0.000225512 -0.000307883 -0.0438794 6.47224e-06 -0.000249811 0.0460011 -0.0215136 -9.9287e-05 0.00474945 0.000698728 1.27994e-05 -0.000169951 5.50408e-07 -0.0407776 0.00110165 -0.00490546 4.79902e-05 -0.000379282 -0.0451796 0.0461126 -1.53016e-05 -0.0459402 -0.0458113 -0.00058347 0.027921 0.00257544 0.0428303 1.40653e-06 0.0436923 -0.000190637 -0.0442934 0.0405923 0.0449675 0.0459021 -5.45488e-07 7.36282e-06 0.000116736 0.00381384 -3.42899e-06 0.0460647 -9.7052e-07 -0.000563055 -8.61694e-05 -0.0177691 0.00142587 -0.0327759 -0.000186943 0.000112542 -3.24759e-07 -2.50192e-05 -7.53793e-05 0.00114239 -0.0153318 -6.09358e-05 -0.00048033 -0.000303533 -0.0441849 9.09769e-05 -2.35388e-06 -0.000194498 -0.00213001 -2.10097e-05 -7.06611e-06 0.000196648 1.18924e-07 0.0460967 -0.000102515 5.66534e-06 0.00995314 0.0459956 0.000148822 0.0314336 
0.0919549 0.0345586 -0.0041736 -0.000140381 -0.00135779 -0.00158513 -8.36013e-05 -0.0382399 0.15605 -4.46627e-06 0.0380432 -0.00125982 -0.00519862 0.000307456 0.0382188 -5.51514e-05 -0.000789207 -1.81789e-05 -0.0724771 -0.00146663 0.037703 0.00121382 -0.0229456 -0.00153228 -0.00130373 -0.000297809 -0.0314019 -0.000429971 -0.000243484 -0.00164846 0.0316363 1.98811e-05 0.000204279 -0.0377944 -0.0125864 -0.000985058 -0.00262971 -0.000601966 -1.09016e-05 -0.0014155 -0.000324388 0.0650899 -0.000897911 0.000247768 -4.75523e-05 0.000913399 0.0349868 -0.0377715 4.74669e-05 0.0394309 0.0398348 0.000350249 0.0196879 -0.00309999 -0.0354911 1.26735e-06 -0.0375155 -3.61702e-05 0.0563112 -0.0341779 -0.034261 -0.0374358 3.46858e-06 1.12633e-06 -0.000139777 -0.00200665 -4.56474e-05 -0.0381109 -3.3014e-06 -0.000936015 -0.00150818 -0.0669117 -0.00145603 0.0304925 0.000450269 -0.000213174 -3.78328e-06 4.92099e-05 -0.000212432 -0.00016783 -0.0510321 0.000202801 -0.000287595 -0.0016224 0.0329165 -0.00061358 -2.73515e-05 -0.00237747 -0.00375532 -0.00037925 -0.00189341 -0.000180399 -5.34731e-07 -0.0380547 -0.00179151 -1.15505e-05 -0.00787798 -0.0379707 -0.000689268 -0.0269117 
-3.71845e-06 -4.76426e-06 -8.7986e-08 -2.5528e-08 -1.13721e-08 -1.21025e-08 1.7271e-07 1.01387e-06 -4.46627e-06 5.7733e-06 -4.29056e-06 -1.06063e-08 -4.48566e-08 -1.008e-08 -5.33648e-06 -5.20735e-10 4.20707e-06 -5.86455e-10 -3.42308e-08 -5.40262e-08 -5.24171e-06 -5.47213e-08 1.38135e-06 4.41975e-06 2.91268e-08 -3.75856e-09 -3.85882e-07 -5.4549e-09 -2.76947e-09 -3.87105e-08 -5.16605e-06 -6.20768e-10 -3.51234e-08 2.79768e-06 -2.49239e-06 -1.15581e-08 2.91087e-07 1.13893e-06 -1.20201e-10 -2.14693e-08 9.47115e-07 -4.53554e-06 2.49353e-06 -5.69749e-07 8.22973e-07 1.87244e-06 -5.18741e-06 2.03848e-06 -1.85366e-09 -5.23431e-06 -5.23163e-06 2.98494e-07 3.51702e-07 3.5824e-07 -5.77172e-08 -6.79521e-11 5.2384e-06 6.63795e-08 -4.96725e-06 5.20247e-06 5.20547e-06 1.43586e-06 -1.03497e-10 -1.04751e-09 4.98762e-08 2.53879e-09 -3.94838e-10 5.27946e-06 -1.11752e-10 -7.64574e-08 -1.14348e-08 -2.12338e-06 1.58118e-07 -3.81211e-06 6.71498e-08 3.28259e-06 -4.54554e-11 9.37205e-08 2.71309e-06 9.25998e-08 -1.67654e-06 -9.34678e-09 -6.38476e-08 -3.6325e-08 -5.22043e-06 2.03786e-06 -5.01337e-10 -2.33362e-08 -2.60588e-07 -4.1894e-09 -2.97497e-08 -1.86373e-09 -1.01033e-11 5.18253e-06 8.5502e-07 -1.24512e-10 6.65206e-07 4.40981e-06 -9.77229e-09 3.02951e-06 
0.103741 0.0375424 -0.0114537 -0.00309394 0.000454014 0.00050078 9.95889e-06 -0.0371134 0.0380432 -4.29056e-06 0.182145 0.000409708 -0.00268032 -0.00126814 0.040486 5.17307e-06 -0.000808992 -1.70772e-05 -0.140902 -0.00295827 0.0381444 0.0018541 -0.0220842 -0.00171557 -0.00113966 -0.00048659 0.00220558 -0.000538047 -0.00027012 0.00122503 0.0362927 -8.02403e-05 0.00106201 -0.0410088 -0.0605925 -0.000718497 -0.00649098 -0.000577106 -1.56434e-05 0.000451949 -0.00085686 0.0212873 -0.00151158 -0.00963773 -3.78696e-05 0.000832179 0.03866 -0.0412945 -0.000222586 0.0456538 0.0404179 0.00172053 0.0358944 -0.0119509 -0.0366323 -7.73096e-06 -0.0362098 0.000456713 0.0297911 -0.0339539 -0.0586599 -0.0407952 -1.3563e-05 -2.77232e-05 -0.000452194 -0.00535832 4.8368e-06 -0.0398476 3.20946e-06 -0.0097459 0.000468584 -0.090046 -0.00113965 0.131903 0.000613238 -4.85288e-05 1.03908e-06 -0.000256188 -0.00019777 -0.00138352 0.0288377 -0.000985559 -0.0034274 0.00135139 0.032106 -0.000276119 -6.10584e-05 -0.00165117 -0.0184873 3.46822e-07 0.000911721 -0.000228605 -9.1419e-07 -0.0397954 0.000567428 -7.52455e-06 -0.00963062 -0.0394893 0.00017708 -0.0258861 
0.000416105 -0.00151571 -2.44011e-05 3.46348e-06 0.000961921 0.00114889 7.18449e-05 -4.99739e-05 -0.00125982 -1.06063e-08 0.000409708 0.00183374 0.00122024 1.05091e-05 -0.000469723 2.5651e-05 3.3634e-06 -5.99473e-08 -0.000560791 3.32152e-05 -0.000205981 7.49473e-05 2.51981e-06 -8.82991e-07 0.00118439 2.134e-06 -0.000147738 -1.73578e-06 9.04421e-05 0.00169357 -0.0016331 -1.10866e-07 0.000546733 -7.36342e-05 -0.000823166 2.08796e-07 0.000430196 -6.28004e-07 -3.82487e-08 0.00114977 1.16373e-05 -0.00144149 -4.7388e-06 -4.50681e-05 2.04187e-06 7.46479e-06 -0.00162247 -7.44175e-05 5.08015e-06 1.67428e-05 -0.00163192 9.08982e-05 -0.000341575 -2.21352e-05 2.39879e-05 2.81711e-07 -6.74788e-05 2.19105e-05 -0.00104706 -8.55775e-05 -0.000119035 -7.63995e-05 -3.29333e-08 3.77001e-06 -1.10009e-06 -6.64776e-06 5.92769e-06 -7.81228e-05 1.81106e-07 -2.41693e-05 0.00121601 -0.000661708 0.000138329 -0.00103694 -2.39107e-06 0.000129138 6.62202e-07 1.15585e-06 -6.86461e-06 0.000233205 -0.000328898 8.34558e-05 -1.54867e-05 -7.14219e-06 -0.00165259 1.69512e-05 2.0038e-06 -7.42574e-06 -4.34375e-05 0.000230617 0.00171115 3.96949e-07 5.03452e-07 -7.59332e-05 0.00134553 -3.96204e-08 3.13401e-05 -6.66917e-05 0.000780397 -6.18312e-05 
-0.00226545 -0.00636509 -0.00011751 0.000311398 0.00164768 0.00198445 8.44176e-05 0.00398273 -0.00519862 -4.48566e-08 -0.00268032 0.00122024 0.00770926 -5.1755e-06 -0.00542737 4.81859e-05 -1.74002e-06 1.03076e-06 0.00168869 3.94561e-05 -0.00365957 0.000407914 -0.000219687 -1.04497e-05 0.00256433 8.47849e-06 -3.91925e-05 -7.34108e-06 9.70196e-05 0.00236126 -0.00686524 -8.35416e-07 0.000734762 0.00407255 -0.00342929 -1.40313e-05 0.000464928 2.238e-05 3.08236e-07 0.00211087 0.000121579 -0.00581195 -1.8087e-05 -0.000728796 1.03645e-05 -5.85402e-05 -0.0069977 0.00410855 -1.83129e-06 -0.00411858 -0.00700073 0.00069162 0.00155737 8.23151e-05 0.00416851 7.08552e-07 0.00362674 0.00122609 -0.00634717 0.00392193 0.00390112 0.00409411 -1.39283e-07 2.61695e-06 8.60409e-06 7.07961e-06 3.55786e-05 0.00414565 6.99606e-07 -9.79914e-05 0.00186685 -0.0028341 0.00108218 -0.00480618 0.000832979 0.000196508 3.80549e-06 2.25585e-05 0.000749259 0.000239822 -0.00226243 6.89465e-06 -8.45513e-05 1.40613e-05 -0.00693169 0.000228445 3.50865e-06 -2.98587e-05 -0.000306743 0.000252529 0.00254391 6.74018e-05 3.29736e-07 0.00414336 0.00205373 -1.37565e-07 0.00219256 0.00468554 0.000398775 -0.000114431 
-0.00113839 -0.00144112 -1.7702e-05 0.00161793 -1.75915e-06 -3.66002e-06 -1.88553e-07 -2.13173e-05 0.000307456 -1.008e-08 -0.00126814 1.05091e-05 -5.1755e-06 0.00174292 -0.00151077 -1.5748e-07 -5.84368e-07 8.5978e-08 0.00105508 0.00169819 -0.00155849 -1.15021e-05 0.000340294 2.76149e-06 0.000272614 0.00019793 -0.00010788 -9.02998e-07 0.000136242 -1.10868e-05 -0.00154869 0.000102606 -1.05587e-05 0.00149093 -0.000768839 0.000613471 0.00167603 -5.81812e-07 4.30698e-06 -4.68606e-06 0.000339901 -0.00134558 -4.92205e-06 -0.00017171 -1.09105e-07 -1.43038e-06 -0.00156856 0.00157763 0.000286959 -0.001573 -0.00157671 3.13823e-05 -0.000750193 0.00150644 -6.57817e-05 7.84278e-06 -8.3065e-05 -6.54329e-06 -0.00148897 -7.3986e-05 0.00152622 0.00151573 1.73187e-05 9.56545e-07 0.000235814 0.00156108 -1.19407e-07 -8.7682e-05 -3.37961e-08 -2.13555e-05 -3.4581e-06 -0.000630105 -2.21994e-06 -0.00116427 1.15967e-06 5.07596e-06 9.58676e-09 0.000225222 2.29089e-06 0.000701635 -0.000489477 0.00130159 6.10846e-05 -1.07854e-05 -0.00156332 -3.32361e-07 3.37839e-06 -7.05732e-06 -7.66568e-05 3.14638e-06 -3.17022e-06 2.70304e-06 -3.05544e-09 -9.06616e-05 -4.53026e-06 4.45679e-07 0.000191454 -1.8776e-05 -1.79199e-06 -5.72552e-05 
0.0359158 0.0487599 0.000856006 -0.00398848 -0.000419983 -0.000636702 -8.27589e-05 -0.0459746 0.0382188 -5.33648e-06 0.040486 -0.000469723 -0.00542737 -0.00151077 0.0549426 -3.27073e-05 -0.00101451 -1.42311e-06 -0.0327395 -0.00339792 0.0486655 -0.00202132 -0.0275462 -0.00159002 -0.00336203 -0.000323845 -0.00200223 5.43488e-05 -0.000417111 -0.00108185 0.0518171 -9.9433e-05 0.000175768 -0.050854 0.02577 -0.00049793 -0.00817256 -0.000714517 -1.79252e-05 -0.000727312 -0.000703797 0.0464547 -0.00115866 0.00571047 -5.13739e-05 0.000344308 0.0531644 -0.0511999 -0.000276403 0.0508176 0.0538261 -0.00217195 -0.0291503 -0.00490694 -0.0456373 -1.08599e-05 -0.0448414 -0.00273381 0.0501708 -0.0448133 -0.0497304 -0.0506458 -1.66074e-05 -2.57902e-05 -0.000559974 -0.00660596 -3.2013e-05 -0.0495571 4.32737e-07 0.000690268 -0.000445037 0.0213264 -0.00178156 0.0388973 -0.00259351 -0.000260351 -6.43395e-06 -0.000306536 -0.00311677 -0.00286887 0.0176715 -0.00123974 0.000494692 0.000265798 0.0524742 -0.00039301 -9.53334e-06 0.000227473 0.00260504 -0.000251181 -0.00112939 -0.000273371 -1.05123e-06 -0.04951 -0.00055835 -8.42498e-06 -0.0121182 -0.0515948 -0.000546342 -0.0318313 
-4.04162e-06 -7.04842e-05 -1.3546e-06 2.28118e-06 3.66023e-05 4.64143e-05 7.26693e-06 -4.45235e-06 -5.51514e-05 -5.20735e-10 5.17307e-06 2.5651e-05 4.81859e-05 -1.5748e-07 -3.27073e-05 9.01885e-05 1.6547e-07 -9.16218e-09 -1.95094e-05 3.19759e-05 -2.15462e-05 1.15051e-05 1.07702e-07 1.63442e-06 7.79656e-05 -5.87198e-08 6.61535e-06 3.94778e-07 9.73007e-06 7.81886e-05 -7.53925e-05 6.03018e-08 4.8146e-06 -3.78263e-06 -3.09842e-05 -1.80572e-07 4.42238e-05 6.45319e-08 -1.87789e-09 5.84713e-05 4.06078e-06 -6.90183e-05 -2.27373e-07 6.77548e-06 5.07697e-07 3.9578e-07 -7.43518e-05 -1.32557e-06 -2.89597e-08 -2.51049e-06 -8.05453e-05 1.57204e-06 -3.19338e-05 8.17644e-06 -2.19418e-06 4.95605e-07 -2.40194e-06 4.16431e-06 -4.5095e-05 3.14087e-06 -3.09947e-06 -4.56566e-06 -1.61693e-09 -1.63653e-08 -5.40113e-08 -4.00666e-07 -6.16855e-09 -3.92082e-06 -1.74591e-09 2.65507e-07 2.48114e-05 -2.58636e-05 1.8677e-06 -5.64822e-05 2.89635e-06 1.92292e-06 2.56262e-06 2.99731e-06 7.31504e-06 1.15936e-05 -2.05116e-05 1.1374e-05 2.08918e-06 -5.67505e-07 -7.43054e-05 1.1078e-06 2.42168e-07 3.20209e-06 2.60218e-06 1.60412e-05 7.58952e-05 1.1755e-07 -1.57844e-10 -4.6616e-06 6.53597e-06 -1.94524e-09 2.28817e-06 4.94647e-06 2.7344e-05 -3.08024e-06 
-0.000718208 -0.000909516 -1.61921e-05 0.000210662 -1.90719e-06 -1.93445e-06 1.61609e-08 0.000590453 -0.000789207 4.20707e-06 -0.000808992 3.3634e-06 -1.74002e-06 -5.84368e-07 -0.00101451 1.6547e-07 0.00108382 -1.10214e-07 0.000633309 9.90267e-05 -0.000997475 -8.6339e-06 9.47324e-05 3.36568e-05 8.53329e-06 3.88031e-06 -6.59586e-05 -1.02515e-06 -2.80473e-07 -5.17495e-06 -0.000966076 3.66709e-08 -6.60083e-06 0.00100343 -0.000482154 -1.44215e-06 0.00029274 2.43224e-05 1.00744e-07 -1.61811e-06 7.31616e-05 -0.000875692 2.65407e-05 -0.000106931 1.77553e-06 -5.53083e-06 -0.00099341 0.000992649 -3.4503e-07 -0.000969843 -0.00100623 0.000152909 0.000521638 0.000143369 0.000708651 -1.27704e-08 0.000949845 -2.07906e-06 -0.000962405 0.000702614 0.000981179 0.000833013 -1.94504e-08 -1.03528e-07 1.0027e-05 4.06067e-05 -1.75363e-08 0.000999818 -2.10019e-08 -1.41588e-05 -2.14897e-06 -0.000398349 1.07804e-05 -0.000723459 1.4079e-05 1.06631e-05 5.47908e-08 3.82597e-05 0.000307373 4.43182e-05 -0.000333267 4.11344e-06 -1.00524e-05 -6.43998e-06 -0.000979536 2.96777e-06 1.37578e-06 -4.27897e-06 -4.89229e-05 4.08993e-05 -4.44094e-06 6.17641e-06 1.43459e-09 0.000974575 8.98092e-07 8.49934e-07 0.000538534 0.00100547 3.21014e-06 1.81804e-05 
7.52055e-07 -1.52451e-05 2.71914e-07 -4.49158e-07 1.65991e-06 6.97061e-07 1.05697e-07 -1.16976e-06 -1.81789e-05 -5.86455e-10 -1.70772e-05 -5.99473e-08 1.03076e-06 8.5978e-08 -1.42311e-06 -9.16218e-09 -1.10214e-07 0.00010157 -5.73869e-06 5.34609e-06 -1.07226e-05 1.21172e-05 -1.3713e-06 8.4301e-08 6.32289e-07 -2.27973e-08 4.23447e-06 5.79069e-06 -4.87279e-08 1.12223e-06 -3.88018e-05 3.42411e-07 1.05868e-06 -1.99842e-06 -8.99897e-06 2.76639e-07 2.94489e-06 3.15849e-07 -2.1149e-09 1.45225e-06 -1.68054e-07 -4.99908e-06 2.13479e-07 -4.38456e-06 -6.34773e-09 3.81525e-06 5.69644e-07 7.50304e-07 -3.26146e-08 -1.6709e-05 -1.41851e-06 -9.35429e-07 -2.77769e-05 1.48288e-05 -3.435e-06 -1.1956e-09 -2.05402e-06 7.94405e-07 -1.65361e-06 -3.69633e-06 5.31367e-07 9.38191e-07 -1.82099e-09 -1.84307e-08 -6.08278e-08 3.4389e-06 -6.94706e-09 7.56689e-07 -1.96625e-09 2.05142e-06 7.95475e-07 1.11264e-05 6.97611e-07 -2.50524e-05 9.79585e-08 3.82039e-08 -7.99773e-10 -5.18363e-08 6.71897e-07 2.56997e-06 1.53289e-05 -1.64454e-07 7.98662e-06 -4.9246e-07 -1.83886e-05 1.97701e-06 3.78458e-08 9.52607e-06 7.21171e-06 6.29555e-08 8.39896e-07 -3.27917e-08 -1.77765e-10 9.68723e-07 7.19764e-07 4.21143e-07 -4.99306e-07 -1.73161e-06 -1.7194e-07 3.71768e-06 
-0.162789 -0.0452356 0.00900082 0.00256144 -0.000677531 -0.000739653 -2.21147e-05 0.0308687 -0.0724771 -3.42308e-08 -0.140902 -0.000560791 0.00168869 0.00105508 -0.0327395 -1.95094e-05 0.000633309 -5.73869e-06 0.231001 0.00328952 -0.0352079 -0.00330728 0.0179887 0.00148511 -0.000702891 0.000399184 0.0421391 0.000600338 0.000131773 -0.000765821 -0.0256598 6.51322e-05 -0.00178052 0.033824 0.109729 0.00123319 0.00468392 0.00046007 1.32064e-05 -0.000918715 0.000650088 -0.0348873 0.000253593 -0.000917835 9.13166e-06 -0.00196392 -0.0299237 0.0341055 0.000187495 -0.0378187 -0.0325723 -0.00147319 -0.0759056 0.0100885 0.0303055 5.45732e-06 0.0298123 -0.00145291 -0.060835 0.0272737 0.0478575 0.0336803 1.13709e-05 -1.55978e-05 0.000376253 0.00439025 -1.13218e-05 0.0329063 4.7197e-06 0.00836743 -0.000703718 0.110165 0.000884093 -0.145644 -0.00140996 -9.59056e-05 -2.04144e-06 0.000192147 -0.000597546 0.000410071 -0.00321927 0.000781658 0.0027399 -0.00213574 -0.0234191 0.00030776 5.17475e-05 0.00115185 0.0174632 7.23307e-06 -0.00120562 0.000195494 -5.00455e-07 0.0328491 -0.000839559 3.15598e-06 0.00810898 0.0321556 -0.000303308 0.0212605 
-0.00436792 -0.00447128 -0.000100495 0.00262325 0.00016397 6.49333e-05 5.2744e-08 0.000775254 -0.00146663 -5.40262e-08 -0.00295827 3.32152e-05 3.94561e-05 0.00169819 -0.00339792 3.19759e-05 9.90267e-05 5.34609e-06 0.00328952 0.00927032 -0.00357057 0.000984997 0.000263733 0.000128606 0.00130961 0.000197274 0.00114875 6.07449e-05 0.000135661 0.000119905 -0.00474836 0.000102387 -5.29743e-05 0.00312424 -0.00112061 0.000676962 0.00194753 0.000104022 4.86517e-06 0.000164991 0.000636505 -0.00414403 -7.17905e-06 -0.000211503 -4.81441e-07 -6.11127e-05 -0.00462945 0.00327109 0.000293392 -0.00342398 -0.00357505 0.000234328 -0.00161079 0.00203783 0.0014961 8.86319e-06 0.000940037 0.000207257 -0.00433911 2.16756e-05 0.00330978 0.00301484 1.77389e-05 8.33211e-06 0.000333206 0.00157778 7.73347e-07 0.00151078 -1.74471e-07 -6.23651e-05 2.44089e-05 -8.25703e-05 5.5444e-06 -0.00398335 0.000276229 5.14924e-06 1.04632e-06 0.000396335 0.00047275 0.000834686 5.41421e-07 0.00143118 0.000334814 -5.46152e-05 -0.00425187 9.88993e-05 3.20774e-05 1.06214e-05 8.89815e-05 3.85861e-05 0.000125143 6.13325e-05 3.8029e-07 0.00141561 3.82524e-05 3.36818e-06 0.0019833 0.00176851 1.39403e-05 -0.000258077 
0.0385063 0.0452556 0.000820694 -0.004069 -0.000122451 -0.000211979 -5.69465e-05 -0.0428428 0.037703 -5.24171e-06 0.0381444 -0.000205981 -0.00365957 -0.00155849 0.0486655 -2.15462e-05 -0.000997475 -1.07226e-05 -0.0352079 -0.00357057 0.0556708 -5.0087e-05 -0.0266987 -0.00165032 -0.000714521 -0.000324871 -0.00742469 -0.000600265 -0.000435452 -0.000127258 0.0460254 -9.79743e-05 0.000268681 -0.0476376 0.0204804 -0.00154911 -0.00747522 -0.000715401 -1.8228e-05 -0.000222847 -0.000886222 0.0409533 -0.00109791 0.00399348 -5.08123e-05 0.000103489 0.0473027 -0.0479928 -0.000278241 0.0477103 0.0482002 -0.000671999 -0.0254759 -0.00492168 -0.0425593 -1.09335e-05 -0.0418554 -0.000330829 0.0484299 -0.0399825 -0.046657 -0.0475357 -1.66859e-05 -2.65305e-05 -0.000555183 -0.00655566 -3.22332e-05 -0.0463692 6.58708e-07 0.000631895 -0.000126282 0.0171743 -0.0014139 0.038581 -0.000491601 -0.000203638 -2.82412e-06 -0.000378431 -0.00109867 -0.00237419 0.0121443 -0.00130025 0.000216007 0.000354599 0.0466588 -0.000411734 -7.56836e-06 8.22112e-05 0.00258102 -0.000351785 -0.000222299 -0.000272352 1.03551e-07 -0.0463147 -0.000130123 -1.00872e-05 -0.0120624 -0.0466938 -0.000212342 -0.0304341 
0.00265934 -0.0028928 -0.00013008 2.22464e-05 0.00018587 8.32743e-05 -8.63591e-07 -0.000463086 0.00121382 -5.47213e-08 0.0018541 7.49473e-05 0.000407914 -1.15021e-05 -0.00202132 1.15051e-05 -8.6339e-06 1.21172e-05 -0.00330728 0.000984997 -5.0087e-05 0.00938844 -0.000276406 -1.97004e-05 0.00287114 -6.17055e-06 -0.000808875 5.86451e-06 -4.54673e-06 0.000661648 -0.0075433 -1.0158e-06 -7.09667e-06 -0.000468192 -8.13416e-05 -1.88587e-05 8.75164e-05 -6.6333e-06 -1.97338e-07 7.76965e-05 5.32525e-05 -0.00109364 4.55308e-05 0.00016357 5.77025e-08 -6.72248e-05 -0.00251749 -0.000475464 -1.07989e-06 0.000506303 -0.00152574 0.00294786 -0.00135485 -0.000140832 -0.00039189 8.84407e-08 -0.000429513 0.00249133 -0.000407632 0.00208427 -0.000713636 -0.000469042 -1.69914e-07 -7.76405e-07 -5.55908e-06 -5.86038e-05 1.93845e-06 -0.000454724 3.99865e-07 -0.000124789 4.45404e-05 -0.00319208 8.51033e-05 -0.00103646 0.00263787 -3.32918e-06 6.37871e-06 1.35866e-05 0.00257789 0.000261096 0.00351338 2.23784e-05 0.000729646 5.3104e-05 -0.00712853 9.73918e-05 -4.26395e-07 -3.50552e-05 -0.000394273 6.96088e-05 0.000383769 -3.05975e-06 -1.6587e-08 -0.00045823 6.00867e-05 -2.04415e-07 -9.55648e-05 0.00145818 7.17732e-05 -0.000274889 
-0.0195806 -0.0252011 -0.000451822 0.000380888 -5.67852e-05 -6.157e-05 -5.72722e-07 0.0271022 -0.0229456 1.38135e-06 -0.0220842 2.51981e-06 -0.000219687 0.000340294 -0.0275462 1.07702e-07 9.47324e-05 -1.3713e-06 0.0179887 0.000263733 -0.0266987 -0.000276406 0.0294445 5.79997e-05 -0.000244127 8.77414e-07 -0.00218106 -2.83117e-05 0.000223913 -6.54594e-05 -0.0265181 4.64822e-06 -0.000142466 0.0276552 -0.013525 -2.14401e-05 0.000755382 0.000370957 3.81101e-07 -8.75942e-05 -2.81418e-05 -0.0241895 0.000503693 -0.00291171 2.07657e-05 -0.000232058 -0.0268426 0.0276281 5.69568e-05 -0.027455 -0.0275141 -0.000298451 0.016648 0.000698052 0.0253585 5.71592e-06 0.0273315 -0.000108332 -0.0261752 0.0252638 0.0268383 0.0274113 -7.7705e-08 -5.18638e-06 1.9776e-05 0.00136477 -2.07677e-06 0.0272327 9.88708e-08 -0.000399568 -5.94648e-05 -0.0111017 1.57409e-05 -0.0196546 -0.000105517 6.97271e-05 -1.69086e-07 6.30373e-05 -7.81424e-05 0.000148949 -0.00882986 0.000356078 -0.000318132 -0.000184259 -0.0269857 -2.80899e-05 -1.5236e-06 -0.000122317 -0.00135625 7.08459e-06 -5.35143e-05 6.23272e-05 1.10019e-06 0.0272949 -5.80688e-05 1.25094e-07 0.00102043 0.0272207 7.33597e-05 0.0256337 
-0.00158624 -0.00138412 -3.28254e-05 6.41551e-05 -2.54182e-06 -3.92616e-06 1.20921e-06 0.00142246 -0.00153228 4.41975e-06 -0.00171557 -8.82991e-07 -1.04497e-05 2.76149e-06 -0.00159002 1.63442e-06 3.36568e-05 8.4301e-08 0.00148511 0.000128606 -0.00165032 -1.97004e-05 5.79997e-05 0.00234761 5.23214e-06 3.32806e-06 -6.91564e-05 -1.90002e-06 8.45305e-08 -1.47579e-05 -0.00147436 -2.29684e-07 -9.56924e-06 0.00154391 -0.000412051 -2.68095e-06 -1.74439e-05 2.94184e-05 9.81008e-07 -4.57063e-06 5.9227e-05 -0.00172095 -2.86461e-06 -0.00010673 1.08629e-06 -1.15346e-05 -0.00152672 0.00158224 4.17802e-07 -0.00204698 -0.00162902 4.68809e-05 0.000630789 0.000336923 0.0014377 6.05637e-07 0.00155387 -9.13411e-06 -0.00158661 0.00133254 0.00153499 0.00150429 -4.2184e-08 5.41971e-06 3.81609e-05 -7.48405e-06 -3.09315e-08 0.00158374 3.11177e-08 0.000370877 -3.59069e-06 -0.000300136 2.66405e-05 -0.00159304 -8.06013e-06 8.13681e-06 8.13958e-09 1.44992e-05 8.43183e-05 -1.07092e-05 -0.000654858 4.5337e-06 2.64165e-05 -6.23898e-06 -0.00149711 1.06152e-05 5.15661e-07 6.93484e-05 0.000224257 5.91578e-06 -9.57564e-06 1.47703e-06 -4.118e-09 0.00155198 -4.79034e-07 -5.07495e-08 0.00139436 0.00157613 -2.56307e-06 0.000118516 
0.00109407 -0.00502257 0.000388344 0.000477845 0.00148102 0.00170604 8.5608e-05 -0.000492883 -0.00130373 2.91268e-08 -0.00113966 0.00118439 0.00256433 0.000272614 -0.00336203 7.79656e-05 8.53329e-06 6.32289e-07 -0.000702891 0.00130961 -0.000714521 0.00287114 -0.000244127 5.23214e-06 0.0104327 -7.75927e-08 -0.00069713 4.63771e-06 5.18654e-05 0.00330867 -0.0072586 2.95962e-06 0.000371191 -0.000224809 -0.0012723 7.07471e-06 0.00114634 -4.04278e-06 7.8381e-07 0.00251082 0.00058626 -0.00385527 -1.81098e-05 -0.000211791 2.85111e-06 -1.49736e-05 -0.00679836 -0.000204006 -1.07868e-06 0.000236619 -0.00462061 0.00277956 -0.00179311 0.000204806 -0.000442597 1.0059e-06 -0.000430517 0.00371436 -0.00263204 0.00208547 -0.000280496 -0.00029661 3.94317e-07 5.20026e-06 0.000269116 0.00018087 3.46022e-05 -0.000466714 4.75906e-07 -4.45544e-05 0.0015478 -0.000563245 0.00029426 -0.00601812 0.00313034 0.000163551 6.10365e-06 0.000167296 0.00302368 0.000751045 -0.00214066 0.000131997 -6.90216e-05 5.10662e-05 -0.00588327 0.000274418 3.50774e-06 -4.4566e-07 0.0010226 0.000209542 0.0031228 4.04627e-06 1.19155e-06 -0.000534031 0.00184003 4.82604e-07 -4.47601e-06 0.00167275 0.00123807 -0.000359142 
-0.000391583 -0.000280823 1.63174e-06 0.000197748 -8.15693e-07 -8.98049e-07 2.96942e-08 0.000122162 -0.000297809 -3.75856e-09 -0.00048659 2.134e-06 8.47849e-06 0.00019793 -0.000323845 -5.87198e-08 3.88031e-06 -2.27973e-08 0.000399184 0.000197274 -0.000324871 -6.17055e-06 8.77414e-07 3.32806e-06 -7.75927e-08 0.000650596 -5.38424e-05 -3.98445e-07 7.21039e-07 -3.40179e-06 -0.000299398 -6.99998e-08 -3.4273e-06 0.000326016 -3.31031e-05 0.00018733 0.000199262 4.63341e-06 1.49779e-07 1.21905e-06 2.37396e-05 -0.000361798 -4.10995e-07 -2.52601e-05 6.93178e-08 3.03533e-05 -0.000310953 0.000326083 1.08143e-05 -0.000377413 -0.000327677 -8.49837e-06 -0.000126747 0.000222766 0.000116964 -7.66251e-09 0.000124444 -1.96686e-06 -0.000296232 9.42019e-05 0.000315868 0.00032296 3.16627e-08 3.61879e-07 2.06825e-07 0.00021529 -4.45233e-08 0.000127984 -1.26016e-08 2.73017e-05 -1.28943e-06 4.38804e-05 1.77017e-06 -0.000370002 -2.26999e-06 4.93197e-07 -5.1257e-09 4.90112e-06 4.25097e-07 1.87801e-05 -0.000149096 0.000198316 4.01367e-06 2.20387e-06 -0.00030369 7.75973e-07 1.95013e-06 2.22186e-06 6.77586e-05 2.62092e-06 -1.34801e-06 -2.1016e-07 -1.13928e-09 0.000127911 -1.22253e-06 -1.40403e-08 2.89827e-05 0.000126851 -3.05289e-07 7.58042e-05 
-0.0558849 -0.00656923 -0.00109389 0.000628015 -0.000104262 -0.000158073 -8.02378e-06 0.00163795 -0.0314019 -3.85882e-07 0.00220558 -0.000147738 -3.91925e-05 -0.00010788 -0.00200223 6.61535e-06 -6.59586e-05 4.23447e-06 0.0421391 0.00114875 -0.00742469 -0.000808875 -0.00218106 -6.91564e-05 -0.00069713 -5.38424e-05 0.0794695 0.000495668 -3.66496e-05 1.35152e-05 0.00155422 -6.68621e-06 -0.000209615 0.00206585 0.0167964 0.000816058 -0.000436681 -5.21019e-05 -2.35643e-07 -0.00024597 -3.11732e-05 -0.022447 -0.000233911 0.000869737 -2.90621e-06 -0.000337551 -0.000663241 0.00228409 -2.55417e-05 -0.00214621 -0.00190769 -0.000486861 -0.00542013 -0.000927861 0.00273529 -7.47872e-07 0.00155376 -0.000333438 -0.0418858 0.000954436 0.000575734 0.00230737 -1.23379e-06 -1.03504e-05 -3.53849e-05 -0.000369347 -4.49312e-06 0.00236251 1.18517e-05 0.000250014 -0.000157373 0.0164243 -2.35156e-05 -0.0177329 -0.000341117 -4.11773e-05 -8.53468e-08 -1.61732e-05 -0.000315064 -0.000475498 0.0223114 -0.000108401 -0.000425362 -0.000464525 3.7083e-05 0.000141991 -3.27217e-06 -0.000286495 -0.000752101 5.30549e-05 -0.00029061 -1.15701e-05 -1.32332e-07 0.00239739 -0.000166953 1.77603e-06 0.00311665 0.00223526 3.64306e-06 -0.000919326 
-0.00063151 -0.000568848 -6.69281e-06 -4.17783e-06 -1.86112e-06 -1.98065e-06 6.3463e-07 -4.65333e-05 -0.000429971 -5.4549e-09 -0.000538047 -1.73578e-06 -7.34108e-06 -9.02998e-07 5.43488e-05 3.94778e-07 -1.02515e-06 5.79069e-06 0.000600338 6.07449e-05 -0.000600265 5.86451e-06 -2.83117e-05 -1.90002e-06 4.63771e-06 -3.98445e-07 0.000495668 0.000943951 -4.53241e-07 2.70145e-06 -9.66746e-05 2.17406e-08 -5.35484e-06 -5.11124e-05 0.000499289 0.000168555 -1.27646e-05 1.02928e-06 -1.96716e-08 -2.02026e-06 -1.06648e-06 0.000113874 -2.25274e-06 -3.51532e-05 -5.90433e-08 -1.81062e-06 4.68009e-05 -5.15273e-05 -3.03364e-07 -0.000178719 3.9589e-05 2.66491e-07 -0.000402668 0.0002372 -4.59957e-05 -1.11208e-08 -4.49945e-05 -3.34231e-06 -0.000261555 -4.45424e-05 -3.04794e-05 -5.08649e-05 -1.69379e-08 -1.71432e-07 -5.65788e-07 -6.67629e-06 6.87155e-08 -4.97317e-05 -1.8289e-08 -1.06609e-06 -1.87138e-06 0.000510891 -1.85453e-06 -0.000638979 -2.66291e-06 -5.04476e-07 -7.43907e-09 -4.82154e-07 4.08203e-06 -6.31965e-06 0.000374631 -1.52966e-06 0.000450491 -5.94482e-06 8.77021e-05 4.00307e-05 -8.2047e-08 3.13975e-05 0.00014115 5.33377e-05 -4.65207e-06 -7.16778e-08 -1.65348e-09 -4.97747e-05 2.85817e-05 -2.03771e-08 -1.16471e-05 -5.18552e-05 -1.5993e-06 2.92967e-05 
-0.000265089 -0.000403453 -7.12066e-06 0.000137306 9.33118e-05 8.54144e-05 3.33915e-05 0.000225512 -0.000243484 -2.76947e-09 -0.00027012 9.04421e-05 9.70196e-05 0.000136242 -0.000417111 9.73007e-06 -2.80473e-07 -4.87279e-08 0.000131773 0.000135661 -0.000435452 -4.54673e-06 0.000223913 8.45305e-08 5.18654e-05 7.21039e-07 -3.66496e-05 -4.53241e-07 0.00047947 9.11836e-05 -0.000429062 5.59175e-06 3.61583e-05 0.000356473 -0.000215056 1.03963e-05 0.00014171 -1.69245e-07 -3.32069e-09 7.68695e-05 2.66064e-05 -0.000391896 8.51786e-06 -4.73399e-05 -2.99765e-08 -3.67439e-06 -0.000439125 0.000358293 1.48493e-05 -0.00037501 -0.000450097 -5.46864e-06 3.3444e-05 0.000137142 0.000246778 7.27435e-06 0.000216126 -1.52593e-06 -0.000427421 0.000146877 0.000343889 0.000341769 8.51401e-07 1.0963e-07 5.16941e-06 0.00012222 1.30527e-07 0.000217294 -9.28539e-09 -6.35277e-06 8.26766e-05 -0.00017643 1.29942e-06 -0.000324636 -1.4886e-06 -2.32382e-07 -3.77684e-09 1.83252e-05 -1.39537e-06 2.72955e-05 -0.000143494 0.000124913 -5.12502e-06 -3.01821e-06 -0.00043358 2.0151e-06 -3.83222e-08 -1.93898e-06 -1.9072e-05 5.14152e-05 9.16781e-05 -1.54855e-07 -8.39475e-10 0.000216539 8.18253e-05 -1.03455e-08 1.63988e-05 0.000210843 -1.81969e-07 0.000184045 
0.00148326 -0.00444832 -8.53754e-05 -2.28345e-05 0.00178316 0.00204146 9.04659e-05 -0.000307883 -0.00164846 -3.87105e-08 0.00122503 0.00169357 0.00236126 -1.10868e-05 -0.00108185 7.81886e-05 -5.17495e-06 1.12223e-06 -0.000765821 0.000119905 -0.000127258 0.000661648 -6.54594e-05 -1.47579e-05 0.00330867 -3.40179e-06 1.35152e-05 2.70145e-06 9.11836e-05 0.00666009 -0.00397847 -6.50949e-07 0.000775112 -0.000350021 -0.0024076 6.13661e-06 0.000546516 -3.62123e-06 -1.39599e-07 0.00250382 7.8805e-06 -0.00321778 -1.25726e-05 0.000363676 6.17433e-06 -4.94092e-05 -0.00338384 -0.000354565 -1.93615e-06 0.000323204 -0.00337551 0.000667805 -0.000758965 -9.39748e-05 -0.000175834 9.47748e-07 -0.000314622 0.00142404 -0.00224477 0.000246895 -0.000489719 -0.000351414 -1.20199e-07 4.2601e-06 -1.10509e-06 -4.38181e-05 2.75144e-06 -0.000344109 1.00688e-06 -8.55897e-05 0.00196107 -0.0018502 0.000146391 -0.00224067 0.000747632 0.000233471 3.27054e-06 -2.34825e-06 0.000569319 0.000293173 -0.000505786 6.40515e-05 -4.76448e-05 -1.40772e-05 -0.00399482 7.26483e-05 2.98442e-06 -2.46523e-05 -0.000215345 0.000261958 0.00356605 6.72217e-06 5.49328e-08 -0.000339188 0.00231938 -7.46055e-08 -3.64441e-05 0.000105995 0.00127522 -0.000225722 
0.023698 0.0490645 0.00141676 -0.0039076 -0.00173714 -0.00187488 -9.49938e-05 -0.0438794 0.0316363 -5.16605e-06 0.0362927 -0.0016331 -0.00686524 -0.00154869 0.0518171 -7.53925e-05 -0.000966076 -3.88018e-05 -0.0256598 -0.00474836 0.0460254 -0.0075433 -0.0265181 -0.00147436 -0.0072586 -0.000299398 0.00155422 -9.66746e-05 -0.000429062 -0.00397847 0.0941229 -9.55333e-05 -0.00196807 -0.0483153 0.01445 -0.000407077 -0.0112814 -0.000677497 -1.72333e-05 -0.00294598 -0.000753868 0.0451352 -0.00108146 0.00622619 -5.40202e-05 0.000463424 0.0579553 -0.0486324 -0.000270171 0.0489646 0.0535407 -0.0056154 -0.0208757 -0.00561874 -0.0433425 -1.04519e-05 -0.0425605 -0.00340097 0.0476993 -0.0429752 -0.0479518 -0.0480777 -1.5971e-05 -5.30815e-05 -0.000534499 -0.00632013 -3.40429e-05 -0.0469853 8.19407e-07 0.0012849 -0.00176912 0.0278797 -0.00181946 0.0396327 -0.00303797 -0.000506168 -6.30183e-06 -0.0004352 -0.00334564 -0.00606941 0.000880314 -0.00143449 -0.00328304 0.000452313 0.0619611 -0.000427998 -1.32992e-05 -5.1876e-05 -0.00218099 -0.000374525 -0.004338 -0.00027554 -1.26926e-06 -0.0469516 -0.00205498 -8.4048e-06 -0.0114492 -0.0489853 -0.0014955 -0.0303342 
-7.09248e-05 -8.97126e-05 -8.48663e-07 9.32046e-05 -2.11796e-07 -1.55398e-07 -1.16118e-08 6.47224e-06 1.98811e-05 -6.20768e-10 -8.02403e-05 -1.10866e-07 -8.35416e-07 0.000102606 -9.9433e-05 6.03018e-08 3.66709e-08 3.42411e-07 6.51322e-05 0.000102387 -9.79743e-05 -1.0158e-06 4.64822e-06 -2.29684e-07 2.95962e-06 -6.99998e-08 -6.68621e-06 2.17406e-08 5.59175e-06 -6.50949e-07 -9.55333e-05 0.000107512 -6.54144e-07 9.44734e-05 -4.7281e-05 2.68047e-05 0.000104857 -8.20181e-08 3.84428e-07 -3.65137e-08 1.63878e-06 -8.71137e-05 -3.06814e-07 -1.05878e-05 -6.71913e-09 -4.33605e-07 -9.78201e-05 9.99028e-05 7.73214e-06 -9.93397e-05 -9.60664e-05 -1.2759e-06 -4.53649e-05 8.15177e-05 -2.39099e-06 3.22068e-07 -4.68705e-06 2.80089e-07 -8.94794e-05 -1.96203e-06 9.76464e-05 9.94816e-05 3.81474e-06 1.80491e-07 1.16789e-05 0.00010449 -7.35352e-09 -4.85614e-06 -2.08129e-09 -1.24062e-06 -2.12963e-07 -3.90095e-05 -2.21288e-07 -7.2563e-05 -3.55645e-08 9.06699e-08 -8.46567e-10 2.0018e-06 8.80962e-07 5.55814e-05 -3.24199e-05 6.04893e-05 1.33423e-06 -6.76522e-07 -9.64361e-05 -7.52974e-08 1.01066e-06 -3.81284e-07 -4.70322e-06 3.35309e-07 2.5026e-06 -8.04366e-09 -1.88166e-10 -4.37104e-06 -2.78991e-07 -2.31892e-09 2.42937e-05 -4.63779e-06 -9.53338e-08 -2.81195e-06 
0.00147484 -0.000626088 -9.03999e-05 -2.60172e-05 0.000642666 0.00070196 2.92633e-06 -0.000249811 0.000204279 -3.51234e-08 0.00106201 0.000546733 0.000734762 -1.05587e-05 0.000175768 4.8146e-06 -6.60083e-06 1.05868e-06 -0.00178052 -5.29743e-05 0.000268681 -7.09667e-06 -0.000142466 -9.56924e-06 0.000371191 -3.4273e-06 -0.000209615 -5.35484e-06 3.61583e-05 0.000775112 -0.00196807 -6.54144e-07 0.00604672 -0.000328497 0.000365213 -1.17829e-05 6.62612e-05 -4.5573e-06 -1.26663e-07 0.000626433 -9.94493e-06 -0.000489579 4.62869e-05 -0.000582329 1.45983e-06 4.82999e-05 -0.000836866 -0.000331565 -1.93333e-06 0.000290566 -0.000436204 -6.67426e-05 0.000607091 -8.21466e-05 -0.000227345 -7.16056e-08 -0.000289558 3.71095e-05 -0.000811917 -0.000286125 -0.000399238 -0.0003273 -1.09061e-07 8.995e-07 -3.64304e-06 -4.29479e-05 -2.894e-07 -0.000320003 4.58906e-07 -1.63115e-05 0.000722277 -0.00135806 5.83607e-06 -0.0025125 -9.00537e-06 2.57467e-05 -4.78993e-08 4.62214e-06 -6.95103e-06 0.000100243 -0.000887879 4.03403e-06 9.0683e-05 -2.53747e-05 -0.000665718 3.56415e-06 5.50419e-08 -2.36176e-05 -0.000255985 0.000104469 0.000782484 -5.43932e-07 -1.06465e-08 -0.000319897 0.000726135 -3.45393e-08 -5.3265e-05 -0.000322706 3.57023e-05 -0.000207631 
