0.00352723 4.35815e-06 7.86292e-05 -9.92205e-07 9.8576e-06 -0.000655252 -1.20347e-06 0.00205658 -0.000232343 -0.00301922 0.000179431 9.05203e-06 -0.00191485 -0.00219345 2.5428e-06 8.27964e-06 -0.000145695 0.00218124 -5.80521e-07 0.00223017 -1.5305e-05 0.000246535 0.00182767 0.00116532 7.04707e-05 0.000243133 0.000278119 -0.000464727 0.000395226 -0.00279662 1.22239e-06 -0.00124024 -0.00121269 0.000358879 0.0002294 -0.00235542 4.92762e-05 0.000488878 -8.49543e-10 0.00250035 -2.29968e-06 0.000912235 2.92632e-07 -9.95075e-05 0.00194306 0.000511627 -4.16835e-06 8.53238e-06 -0.00061332 -0.00263348 0.00128921 -0.00143761 0.000190019 1.02018e-05 -7.12598e-06 7.73801e-06 0.000192555 0.000957466 -0.00296584 4.57956e-06 -7.58614e-05 0.000569943 -0.00288269 -2.44384e-05 0.00179371 -0.000211949 0.0020532 0.00109848 0.000454487 0.000575322 2.18527e-05 -0.000130784 4.82743e-05 -2.25138e-07 -0.00031651 -7.57956e-05 0.00026566 0.000380765 5.95636e-07 -0.00294704 2.20164e-05 -3.355e-05 0.00298812 0.00206245 -0.00286082 -0.00250203 0.0022778 8.88052e-05 -0.00014344 0.000193819 -0.00242057 0.000567394 -1.01414e-05 -0.00106641 -2.57295e-05 6.22511e-05 -8.85341e-08 -1.67791e-05 -0.00146526 0.00152775 
4.35815e-06 0.000369527 1.16002e-05 -1.94558e-07 -4.2771e-06 3.76759e-05 -6.63768e-08 0.000159182 8.27019e-06 -4.59377e-05 7.38016e-05 1.63299e-05 -0.000171929 -7.75749e-05 1.5331e-06 1.76131e-06 3.82492e-05 9.7709e-05 -6.06248e-08 0.000106784 3.0642e-07 8.86895e-05 1.66926e-05 1.43143e-06 9.08782e-05 4.05129e-06 3.36682e-05 -4.38606e-05 1.65105e-05 -0.000257388 8.51857e-08 -2.34045e-05 -2.17526e-05 3.53174e-05 -8.60168e-07 -0.000218795 8.15633e-06 1.0602e-05 -8.87192e-11 5.81651e-06 2.58149e-06 3.36348e-06 -4.59861e-09 8.63505e-05 3.1557e-07 8.03424e-05 -2.49084e-07 1.05351e-06 -7.91931e-06 -0.000199154 3.36361e-05 -0.000107044 -9.37134e-08 1.26398e-05 1.35587e-05 -2.67949e-05 4.65708e-06 6.01882e-07 -0.000211915 7.56195e-07 -7.66747e-06 -4.11836e-06 -0.000120738 -6.13453e-07 2.46386e-05 -1.56966e-05 7.52348e-05 2.97186e-07 -5.25246e-06 8.41002e-07 3.57683e-07 -1.23955e-05 -3.26203e-08 1.38497e-06 -1.47808e-05 -1.33886e-05 -1.59405e-05 -3.58341e-06 6.44607e-07 -0.000101018 9.90053e-06 4.03484e-05 1.5277e-05 6.23655e-05 -0.000169532 -0.000189186 7.65938e-05 -4.85442e-08 5.35633e-05 0.000103365 -8.79586e-05 3.92053e-05 1.49409e-05 5.55409e-05 3.35351e-05 0.000111082 -1.72522e-08 6.32966e-07 -0.000124518 0.000107169 
7.86292e-05 1.16002e-05 0.000278896 -1.71982e-07 3.62392e-05 -8.31243e-05 -9.53726e-08 0.000183716 -1.92917e-05 -0.000213739 0.000139266 2.5944e-05 -0.000145985 -0.000155063 -3.28798e-08 3.48841e-06 -5.81843e-06 0.000216532 3.94248e-07 0.000243059 -2.17745e-06 3.33536e-05 0.000134711 8.19959e-05 8.47419e-05 6.3669e-05 1.15192e-05 -3.71907e-05 6.90124e-05 -0.000190167 4.1794e-07 -9.43633e-05 -0.000134069 5.68585e-05 2.68375e-05 -0.00016585 4.73384e-05 0.000160659 -6.69536e-11 3.02685e-05 7.62455e-07 6.8725e-07 -3.47043e-09 -2.67109e-06 3.14816e-05 0.00019017 -3.36394e-07 -5.17663e-07 -2.99667e-05 -0.000177243 -2.99567e-06 -3.0403e-05 -7.07225e-08 1.21105e-05 -6.17301e-07 -9.43167e-06 8.09458e-05 6.83968e-06 -0.000207191 1.11458e-05 -6.69668e-06 -5.03491e-06 -0.000251345 -2.96864e-06 7.06216e-05 -1.69515e-05 0.000174186 2.27106e-05 -6.43483e-06 5.01216e-06 5.36837e-05 -8.61439e-06 -2.46175e-08 1.4637e-06 -2.4784e-05 -6.74829e-06 -3.58183e-05 -4.61108e-06 -6.44438e-08 -0.000231452 5.38027e-06 3.09494e-05 7.01702e-05 0.000202622 -0.000243947 -0.00019416 0.000241831 6.83003e-06 -2.47825e-05 -3.95799e-05 -0.000187923 -1.98516e-06 -3.51111e-06 -0.000106159 -2.32805e-06 -5.04311e-06 -1.30197e-08 3.13345e-06 -9.73262e-05 -2.49878e-05 
-9.92205e-07 -1.94558e-07 -1.71982e-07 0.000616103 1.57132e-06 -0.000107255 1.6591e-07 -9.40812e-07 -2.60447e-05 -5.72491e-06 -9.40167e-07 -1.34863e-08 -0.000236726 1.52396e-05 -2.26587e-08 -2.56067e-08 -1.25354e-05 6.78515e-07 5.55634e-08 1.29861e-05 3.07195e-05 -2.30374e-05 -2.91699e-06 -1.43339e-06 5.61258e-05 4.28209e-07 1.9984e-06 -7.43251e-05 6.38393e-07 -8.0197e-05 -4.13825e-08 -0.000240865 0.000194324 -1.93329e-06 -1.24116e-06 -0.000293276 7.15353e-08 1.14957e-05 -1.47956e-10 -3.62764e-07 -4.0111e-07 -2.29265e-07 -7.66905e-09 -1.37262e-05 -1.51387e-06 -6.89242e-07 6.42996e-06 1.81673e-06 -7.77196e-05 -0.000233234 -8.41979e-06 -0.000178568 -1.56285e-07 1.71549e-05 2.33254e-06 -4.08394e-05 6.48811e-08 -6.19465e-07 -0.000266945 -1.82533e-06 2.49362e-05 -1.07876e-05 -4.89639e-06 2.70235e-05 4.52464e-06 0.000101233 2.49515e-05 -8.16302e-07 1.01591e-05 -6.5764e-07 -1.53956e-07 0.000181237 -4.44005e-08 -1.85766e-08 0.000354348 -2.32901e-06 -2.7087e-05 -3.38971e-06 7.3759e-07 -1.66422e-05 5.33077e-07 -7.28653e-07 -2.26225e-06 -1.27796e-06 4.88587e-06 0.00010142 -1.44545e-06 -8.09566e-08 0.00011694 0.000347034 -3.59161e-05 -9.1763e-06 4.50966e-06 -0.000234847 -5.13126e-06 -1.70173e-06 -2.87713e-08 0.000230963 -0.000178662 -3.16423e-05 
9.8576e-06 -4.2771e-06 3.62392e-05 1.57132e-06 0.0177885 -0.00151894 -5.98691e-06 -0.000109713 -0.000589076 5.14975e-05 -2.71086e-05 -1.45053e-06 -0.00847644 0.000394512 2.38448e-05 -7.5251e-07 0.00522662 -8.91031e-05 -2.83115e-06 -0.000124824 -5.11149e-05 0.00541878 -0.000103156 -1.22316e-05 0.000643007 -2.44555e-05 -3.16392e-05 0.00119566 5.15543e-05 -0.00010357 -1.17278e-06 -0.00207494 0.00645302 -2.98541e-05 -1.16992e-05 -0.00833194 2.88895e-06 -7.38495e-05 -4.34802e-09 -5.48296e-05 3.70064e-06 -2.68314e-05 -4.20392e-08 -0.000109397 -3.55984e-05 -3.36982e-05 1.58676e-05 0.000367864 -0.00320075 -0.00749038 -1.66951e-05 -0.00594795 2.06055e-06 0.00011932 0.000187295 -0.00118868 -1.19818e-05 -1.06344e-05 0.000842591 -4.64335e-05 0.000166063 -0.000328527 3.61679e-05 -0.000193048 8.89997e-05 -0.000665574 -0.00175564 -1.60956e-05 0.00661997 0.000162712 -4.05436e-06 -0.00048025 -1.53868e-06 4.97177e-06 -0.000988292 -0.000553932 0.00743536 0.00423087 -2.18837e-06 0.000359898 3.84902e-06 9.30141e-05 0.000150077 -3.29348e-05 -0.0010159 -0.0113268 7.64852e-05 3.66757e-06 0.00266463 0.00289637 0.000153728 0.00163096 0.000533468 -0.00255561 -9.85822e-05 -0.000123013 -7.22176e-07 0.000114189 -0.0068484 0.000703328 
-0.000655252 3.76759e-05 -8.31243e-05 -0.000107255 -0.00151894 0.213617 -1.50522e-05 -0.00224059 0.0346592 0.00132386 -0.000515431 -1.74357e-05 -0.130388 -0.0447004 -3.1819e-05 -1.28422e-05 -0.0119008 -0.00164212 -4.82681e-05 -0.00280559 0.00099534 0.00990144 -0.00201522 -0.000621245 -0.00549094 0.000626128 -0.000608495 0.0313651 -0.00023981 -0.092988 -7.09269e-06 0.116372 0.105794 0.000776127 0.00116651 -0.045457 -9.02602e-05 0.00480996 -7.42216e-08 -0.00113349 -0.000191537 -0.000473002 2.52849e-07 0.00140301 -0.000754016 -0.000810374 -0.000158194 0.00169014 -0.0550899 -0.0581501 -0.00315626 -0.0845081 -7.69863e-05 -0.00363345 -0.000225994 0.000120935 -0.000204477 -0.000296752 -0.0504084 -0.000900944 0.0140994 0.00894161 0.00478466 0.00586743 -0.0042433 0.0292831 0.000345962 -0.000366738 -0.00647618 -0.000261732 -3.83917e-05 -0.0106211 -1.39965e-05 -0.00011869 -0.00655363 -0.0116599 0.013088 0.00567923 7.78474e-05 0.00733304 -2.37316e-06 -0.00211461 -0.0010818 -0.0012563 0.0146162 -0.127503 -0.00115393 -4.05982e-05 0.112063 0.0440082 0.00394451 -0.00217306 -0.00313694 0.0515131 0.00553475 0.0122258 -1.4433e-05 -0.00443311 -0.126196 0.05577 
-1.20347e-06 -6.63768e-08 -9.53726e-08 1.6591e-07 -5.98691e-06 -1.50522e-05 0.000341753 -2.34798e-06 4.68622e-05 -3.2121e-06 -5.61187e-07 -2.78123e-08 5.17567e-05 -7.09707e-05 -4.02928e-08 -1.42001e-08 -8.04565e-06 -1.37005e-06 -5.60667e-08 -2.63942e-06 3.77089e-06 -7.20167e-06 -7.4613e-07 -9.91191e-07 -4.91418e-06 -3.71117e-07 1.32671e-06 -4.20395e-05 2.95895e-07 -3.79597e-05 4.20385e-07 -6.88993e-05 4.34957e-06 -5.48769e-07 -7.95496e-07 -6.62981e-05 -9.48765e-08 -6.67819e-06 -8.20488e-11 -6.87389e-07 2.11684e-06 -4.83747e-07 -4.25286e-09 -7.24387e-06 -8.32846e-07 -3.00524e-07 -1.18904e-07 -3.9109e-07 8.04321e-05 -4.23677e-05 -4.2798e-06 4.23675e-05 3.33325e-08 2.64912e-06 2.17686e-06 -3.01976e-05 -2.27234e-07 -3.43524e-07 -5.04028e-05 -3.88384e-07 4.80758e-05 2.10899e-05 1.16792e-07 2.40353e-05 -8.57665e-07 7.27925e-05 -2.40858e-05 -3.76013e-07 -7.69714e-06 -3.57996e-07 -7.87097e-08 -7.11831e-06 -3.01677e-08 -1.71121e-07 -1.10808e-05 -1.00921e-05 -4.09736e-05 -5.46735e-06 -7.89731e-08 -0.000124853 -2.41725e-08 -3.33394e-06 -1.48817e-06 -1.32782e-06 -2.02524e-05 7.82144e-05 -6.31122e-07 -4.48944e-08 -9.22249e-05 6.83448e-05 -1.53663e-05 -5.46592e-06 -4.00509e-06 -0.000110331 -1.04959e-06 -2.98478e-07 9.40449e-08 -4.61396e-06 2.93817e-05 5.86514e-05 
0.00205658 0.000159182 0.000183716 -9.40812e-07 -0.000109713 -0.00224059 -2.34798e-06 0.0086733 -0.000590105 -0.00288777 0.00112989 5.76815e-05 -0.00343836 -0.00120377 8.55207e-06 1.25499e-05 0.00242236 0.00369198 1.95502e-06 0.00668974 -7.7183e-05 -1.18498e-05 0.00265619 0.000736355 0.00284566 0.000136582 0.00135278 -0.000396943 0.00033664 -0.00567859 1.93598e-06 -0.00291964 -0.00403601 0.000603014 1.86766e-05 -0.0041535 0.000175604 0.000932565 -2.09997e-09 0.002423 3.54677e-05 0.000499043 2.51152e-07 0.00337574 0.00180787 0.00122796 -4.23418e-06 0.000102935 -0.000140855 -0.00250858 0.00439836 -0.0021183 2.78485e-05 0.000920194 1.16553e-05 -0.000557347 0.00046529 0.000754521 -0.00574284 0.000105488 -0.000241954 -7.48327e-05 -0.00524734 -8.45176e-05 0.00298615 -0.000523425 0.00311374 0.000860074 7.7716e-05 0.000139074 7.46982e-05 -0.000205694 1.61745e-05 -4.63524e-08 -0.000747798 -0.000348742 -0.000921878 -8.70244e-05 2.45542e-06 -0.00464738 2.07813e-05 0.00270278 0.00277354 0.00355301 -0.00782132 -0.0057918 0.00371276 8.0301e-05 -0.0013889 -0.000926656 -0.00403422 0.00290386 0.000476658 -0.000450532 -5.93182e-05 -0.000157889 3.64977e-07 -1.09542e-05 -0.0031072 0.00116566 
-0.000232343 8.27019e-06 -1.92917e-05 -2.60447e-05 -0.000589076 0.0346592 4.68622e-05 -0.000590105 0.0643704 0.000377669 -0.000117092 -3.07245e-06 -0.0345716 -0.0362045 -6.18698e-06 -2.86903e-06 0.00278671 -0.000111844 -8.55434e-06 -0.000621128 0.0012869 0.0008315 -0.00044238 -9.95793e-05 -0.00119309 -8.085e-05 -0.00014265 0.0186187 -4.79942e-05 -0.0520445 1.1548e-05 -0.00100693 0.0307997 0.00115681 -9.64274e-05 -0.0423232 -2.1745e-05 -0.000597417 -1.65966e-08 -0.00022821 -4.54925e-05 -3.65274e-05 -3.86924e-07 -0.00201508 -0.000168818 -0.000181657 -5.55128e-05 0.00112952 -0.012261 -0.0527192 -0.000280848 -0.0281098 -1.21609e-05 -0.000870184 -9.26579e-05 -0.00553411 -2.99361e-05 -5.4727e-05 -0.0302857 -0.000216973 0.00565138 0.0146831 0.00114339 0.00660073 -0.000702221 0.0342702 -0.00625292 -6.303e-05 0.00174297 -3.93776e-05 1.37698e-06 -0.00198055 1.18944e-05 -3.44772e-05 0.012625 -0.00242826 0.00168332 9.64982e-05 5.60554e-06 0.00144664 -1.84288e-06 -0.000644856 -0.000192384 -0.000276069 0.00268802 0.00243696 -2.03072e-05 -9.07444e-06 -0.00464436 0.0524904 0.000858804 0.00260912 -0.000736916 -0.0107168 0.00205308 0.00960036 -3.22735e-06 -0.00077037 -0.0277362 0.05287 
-0.00301922 -4.59377e-05 -0.000213739 -5.72491e-06 5.14975e-05 0.00132386 -3.2121e-06 -0.00288777 0.000377669 0.00611814 -0.000706318 -5.21825e-05 0.00301549 0.00203885 -2.08344e-05 -3.14376e-05 -0.000499881 -0.00286526 -2.21708e-06 -0.00315212 -3.54312e-05 -0.000525045 -0.00217565 -0.00129355 -0.000507292 -0.000286816 -0.000368796 0.000618247 -0.000485598 0.00370896 -2.54343e-06 0.00253976 0.0020766 -0.000519458 -0.000266426 0.00318159 -0.000191378 -0.00059149 1.47745e-09 -0.00279475 2.01185e-06 -0.000996425 -2.60086e-07 -8.43751e-05 -0.00217033 -0.00108988 -2.91969e-05 -2.11193e-06 0.000609549 0.00317468 -0.0018275 0.00215817 -0.000198843 -1.0354e-05 -0.000133485 -0.000965866 -0.000432505 -0.000976428 0.00393212 -0.000121775 8.95812e-05 -0.000539314 0.00362981 -2.94197e-05 -0.00249511 -8.24775e-06 -0.00366931 -0.00124369 -0.000550525 -0.00057311 -7.90493e-05 -0.000173112 -4.92768e-05 -5.63986e-05 -8.19899e-06 -0.000197159 0.00014208 -0.000476082 -9.95794e-06 0.00370993 -2.32547e-05 -0.000241113 -0.00321098 -0.00266139 0.00384844 0.00211942 -0.00290018 -9.28049e-05 9.92373e-06 0.000132455 0.00315794 -0.000957791 6.33373e-05 0.000613668 -8.87942e-05 5.56561e-05 -7.66031e-07 -0.000352943 0.00195402 -0.00117608 
0.000179431 7.38016e-05 0.000139266 -9.40167e-07 -2.71086e-05 -0.000515431 -5.61187e-07 0.00112989 -0.000117092 -0.000706318 0.00181373 4.29122e-05 -0.000688314 -0.000120687 1.21918e-06 2.65945e-05 -3.82774e-05 0.00121977 -2.97992e-07 0.00126853 -1.44785e-05 -1.75658e-05 0.000350414 0.000183353 0.000257665 3.60863e-05 0.000467253 -0.000194139 0.000181248 -0.00104094 1.7147e-06 -0.000817774 -0.000888523 0.000279492 3.97197e-06 -3.62382e-05 9.23015e-05 0.000240301 -4.36086e-10 1.72849e-05 8.25134e-07 -2.76734e-06 -2.26038e-08 0.000113297 -1.55198e-06 0.00100973 -1.39769e-06 1.98487e-05 0.000560289 -0.000500357 9.1326e-06 -0.000135153 -4.60634e-07 9.26275e-06 -3.76064e-06 0.000267913 0.000334727 1.41509e-05 -0.00128578 3.02442e-05 -4.58921e-05 -3.22588e-05 -0.00126649 -1.93909e-05 0.000347349 -0.000100938 0.0012775 3.7734e-05 -2.35633e-05 7.27991e-06 5.42896e-05 -6.76599e-05 -1.6034e-07 1.67717e-06 -0.0001466 -5.62979e-05 -0.000175584 -2.99065e-05 4.10261e-07 -0.00124792 7.90486e-06 1.48436e-05 0.000229512 0.000931412 -0.00131517 -0.000614751 0.00100433 2.66472e-06 -0.000232406 -0.000250418 -0.0010798 4.47825e-05 -1.33975e-05 -0.00035584 -1.45499e-05 -3.21213e-05 1.21187e-06 9.69113e-06 4.23166e-05 -0.000113499 
9.05203e-06 1.63299e-05 2.5944e-05 -1.34863e-08 -1.45053e-06 -1.74357e-05 -2.78123e-08 5.76815e-05 -3.07245e-06 -5.21825e-05 4.29122e-05 8.13467e-05 -4.31753e-05 -1.26717e-05 -9.5883e-09 1.55329e-06 1.27022e-05 5.76582e-05 -1.33419e-08 5.36482e-05 -7.15102e-07 2.9528e-05 3.90946e-06 1.1625e-05 3.53968e-05 7.95377e-06 7.90534e-06 -1.00886e-05 1.05222e-05 -6.29741e-05 -5.46098e-09 -3.57023e-05 -3.64373e-05 4.23049e-05 -1.89301e-07 -6.69312e-05 1.64509e-05 -2.35232e-06 -1.95248e-11 4.51253e-06 -5.46914e-08 1.03839e-06 -1.01204e-09 -1.57212e-06 4.87689e-06 4.85708e-05 -9.80983e-08 -2.88991e-07 -1.27759e-05 -6.63649e-05 1.62424e-05 -3.30558e-05 2.09376e-07 -1.03219e-06 4.63998e-06 -5.8855e-06 2.57101e-06 -2.17468e-08 -5.84171e-05 -2.59791e-07 5.04528e-08 1.25285e-06 -5.34738e-05 -7.47788e-07 1.32038e-06 -4.05433e-06 4.34673e-05 3.83561e-06 8.4792e-06 9.5259e-07 1.47302e-06 -3.03604e-06 -7.17889e-09 2.88261e-06 -7.02253e-06 -3.25851e-06 -8.2349e-06 -3.41336e-07 1.20711e-09 -5.80149e-05 1.10091e-06 1.05433e-05 7.52095e-06 4.88948e-05 -5.92075e-05 -4.38195e-05 5.74214e-05 4.59265e-06 -1.02392e-05 3.85717e-06 -2.54133e-05 8.75011e-06 -1.10458e-06 -1.40783e-05 -5.78899e-07 3.23657e-06 -3.79676e-09 -8.01698e-07 -3.35153e-05 3.55106e-05 
-0.00191485 -0.000171929 -0.000145985 -0.000236726 -0.00847644 -0.130388 5.17567e-05 -0.00343836 -0.0345716 0.00301549 -0.000688314 -4.31753e-05 0.248189 0.0393151 -3.34422e-05 -1.71326e-05 -0.0188582 -0.00219336 4.5971e-05 -0.00345127 -0.00419658 -0.0220498 -0.000204953 -0.00110066 -0.00502713 -0.000594265 -8.06281e-05 -0.0277892 -0.000333463 0.0946467 -1.96992e-06 -0.0395781 -0.145627 -0.0012679 -0.00109899 0.0846421 -0.000133628 -0.00319845 -1.30213e-07 -0.00197858 0.000167566 -0.000823989 -4.71272e-06 -0.00565771 -0.00131602 -0.000346312 -0.000187779 -0.00178095 0.073643 0.0836847 -0.00349514 0.153604 -0.000105023 0.00428863 -0.00119922 -0.026106 -0.000312315 -0.000544936 0.0663209 0.00119117 -0.0178707 -0.00980489 -0.00191391 -0.00573772 -0.00599098 -0.0313156 -0.0264829 -0.000717282 -0.0128078 -0.000569675 -5.07841e-05 -0.000257728 -3.01869e-05 -0.000164469 -0.0287834 0.00642497 -0.0624357 -0.00888018 -0.000123652 -0.00652782 -3.78389e-05 -0.00174385 -0.00236253 -0.00217179 -0.00606961 0.106011 -0.00257895 -3.1295e-05 -0.136706 -0.0697566 -0.00124716 -0.00887745 0.00127244 -0.0891945 -0.00445009 -0.00992366 1.85689e-05 -0.00403953 0.155787 -0.0618931 
-0.00219345 -7.75749e-05 -0.000155063 1.52396e-05 0.000394512 -0.0447004 -7.09707e-05 -0.00120377 -0.0362045 0.00203885 -0.000120687 -1.26717e-05 0.0393151 0.0680858 5.92106e-06 -1.1191e-05 0.00334385 -0.00159079 1.17617e-05 -0.00111491 -0.00215716 -0.00834697 -0.00147761 -0.0011619 0.000996888 -0.000870105 -9.36105e-05 -0.0129986 -0.000224787 0.0586859 -1.24805e-05 -0.0128805 -0.0312446 -0.00140757 -0.00174205 0.037911 -2.853e-05 3.18441e-05 1.76366e-08 -0.00168079 4.78324e-05 -0.000750848 2.70833e-07 -0.000569422 -0.0012785 -0.000352993 -1.39317e-05 -0.00162797 0.0130063 0.04726 -0.000803036 0.0304301 -0.000197077 0.000883336 -0.000567883 0.00267019 -0.000325362 -0.000604169 0.0516422 0.000194338 -0.0191221 -0.0162022 0.00120555 -0.00517076 -0.000433445 -0.0345563 0.00107917 -0.000783315 0.00101797 -0.000496642 -0.000118748 0.00242486 -5.13587e-05 3.08329e-05 -0.0101472 0.00273981 0.00444752 0.000299033 -0.000156544 0.00118642 -2.4624e-05 0.000665784 -0.00190061 -0.00141528 -0.00100131 0.00753875 -0.00184644 -7.57332e-05 -0.0124548 -0.0523421 0.0012441 -0.0016488 0.000303878 -0.00870282 -0.00256621 -0.0148068 3.35293e-06 0.00106976 0.0304475 -0.055777 
2.5428e-06 1.5331e-06 -3.28798e-08 -2.26587e-08 2.38448e-05 -3.1819e-05 -4.02928e-08 8.55207e-06 -6.18698e-06 -2.08344e-05 1.21918e-06 -9.5883e-09 -3.34422e-05 5.92106e-06 0.000117846 -4.89551e-09 4.83333e-05 -6.40104e-07 -1.9329e-08 -6.52545e-07 -1.06497e-06 1.66382e-05 3.18057e-07 1.06837e-05 1.26765e-05 -2.10332e-08 -2.48205e-07 -1.20589e-05 -9.33487e-08 -2.64428e-05 -7.91155e-09 -4.78588e-05 -2.41165e-05 9.43725e-07 1.29909e-06 -5.44905e-05 -3.73054e-08 -3.69847e-06 -2.82864e-11 6.21755e-06 -7.92337e-08 5.47832e-07 -1.46618e-09 1.04382e-05 1.1391e-07 -1.36088e-07 -3.21191e-08 -3.3534e-07 6.46725e-06 -4.85196e-05 3.79037e-06 -1.97122e-05 -2.98787e-08 -1.49537e-06 1.09587e-06 -9.03524e-06 -1.39708e-08 1.0157e-07 -6.64147e-07 -3.76371e-07 -1.54014e-06 -1.10347e-06 -9.02215e-06 -9.80192e-07 1.2752e-05 -5.40639e-06 -1.1208e-05 7.06051e-08 5.19486e-05 5.05854e-06 -2.94336e-08 2.35716e-05 -1.04004e-08 5.43393e-08 1.08312e-06 1.39991e-05 3.2646e-05 2.80753e-05 -2.72261e-08 -2.70582e-06 -8.33349e-09 9.13955e-07 2.61132e-06 -3.37417e-07 -7.77283e-05 -3.25105e-05 -5.72673e-07 4.57856e-07 3.51269e-06 5.66724e-06 -1.66916e-06 5.62385e-05 -9.63585e-07 -2.44764e-05 -9.30216e-07 -1.08543e-06 -5.50053e-09 9.84593e-06 -1.56398e-05 2.60437e-06 
8.27964e-06 1.76131e-06 3.48841e-06 -2.56067e-08 -7.5251e-07 -1.28422e-05 -1.42001e-08 1.25499e-05 -2.86903e-06 -3.14376e-05 2.65945e-05 1.55329e-06 -1.71326e-05 -1.1191e-05 -4.89551e-09 4.15349e-05 -2.27433e-06 3.02277e-05 -6.81201e-09 2.60628e-05 1.36468e-06 1.36613e-06 1.70925e-05 9.3078e-06 5.49633e-06 -6.61499e-08 1.01586e-06 -3.37311e-07 4.26377e-06 -2.4505e-05 2.43878e-07 -1.29288e-05 -2.23873e-05 6.61641e-06 2.13348e-07 -7.28778e-06 1.56019e-06 2.05989e-05 -9.9688e-12 3.46309e-06 1.32076e-07 3.00777e-06 -5.16716e-10 3.00121e-06 3.87467e-06 2.73664e-05 -5.00862e-08 -1.47551e-07 1.23619e-05 -1.94585e-05 -7.81368e-07 5.72365e-06 5.33947e-06 1.24633e-06 -9.19107e-08 6.51006e-07 7.31158e-06 3.48262e-07 -3.14475e-05 1.18069e-06 -1.3698e-06 3.22049e-06 -4.04715e-05 -4.46471e-07 5.99488e-06 -2.52443e-06 2.50095e-05 3.57167e-06 2.89568e-06 7.89034e-06 -1.03731e-08 -1.38011e-06 1.42967e-06 7.49209e-07 -3.77101e-06 -1.46504e-06 4.54809e-07 3.44012e-06 -9.59511e-09 -4.00707e-05 9.90396e-07 -2.11735e-07 1.1625e-05 2.18239e-05 -3.95204e-05 -1.74003e-05 1.91815e-05 4.21121e-06 -7.44711e-06 -4.32144e-06 -3.79472e-05 5.01596e-06 1.3727e-06 -1.67952e-05 -3.46626e-07 -7.608e-07 1.89139e-06 -4.85607e-07 2.07556e-06 -4.24876e-06 
-0.000145695 3.82492e-05 -5.81843e-06 -1.25354e-05 0.00522662 -0.0119008 -8.04565e-06 0.00242236 0.00278671 -0.000499881 -3.82774e-05 1.27022e-05 -0.0188582 0.00334385 4.83333e-05 -2.27433e-06 0.0517566 -0.000274089 -2.64977e-06 0.00254012 -0.000429599 0.0110241 -0.000305339 1.63883e-05 0.00400364 -5.39038e-05 -7.61994e-05 -0.00416356 -4.10174e-05 -0.00630721 -7.58833e-07 -0.0269097 -0.005864 1.1813e-05 -0.000127235 -0.0215773 -8.4578e-06 -0.00188184 8.01922e-08 -9.2164e-05 4.99334e-05 -8.96016e-05 4.47885e-06 0.00275552 -0.000121888 -0.000144694 8.34552e-05 0.000307032 -0.00597482 -0.0204769 0.00824014 -0.0176816 -1.38809e-05 -0.000470958 0.000944461 0.00131387 -3.55754e-05 -5.46729e-05 0.000904919 -0.000155512 -0.00160246 -0.000737245 0.000639559 -0.00031374 0.00838363 -0.00114783 -0.0037523 -7.07821e-05 0.0156269 0.000101572 -1.16441e-05 0.00396262 -3.15069e-07 3.45624e-06 0.000474767 0.00997224 0.0113172 0.00272957 3.94548e-05 0.00128157 7.23181e-06 0.00303416 -4.64126e-05 -0.000139201 -0.00994557 0.00543651 -0.000178266 -6.22705e-06 -0.0131071 0.0113539 -2.43236e-05 0.00949578 0.000468071 -0.00446011 -5.37347e-05 -0.000872966 -2.35207e-06 0.0094904 -0.0186912 0.00831649 
0.00218124 9.7709e-05 0.000216532 6.78515e-07 -8.91031e-05 -0.00164212 -1.37005e-06 0.00369198 -0.000111844 -0.00286526 0.00121977 5.76582e-05 -0.00219336 -0.00159079 -6.40104e-07 3.02277e-05 -0.000274089 0.00540155 -4.60692e-07 0.00414285 1.51455e-05 0.000239651 0.00251477 0.000665314 0.000143732 0.000141614 0.000941686 -0.000496307 0.000469372 -0.00354806 6.16877e-06 -0.00208049 -0.00249659 0.000759662 6.67958e-05 -0.0024333 0.000179668 0.00106861 -1.30345e-09 0.00256031 1.15889e-05 0.000594358 -5.75623e-08 -7.79972e-05 0.00198968 0.00178653 1.26311e-05 1.3354e-05 -4.15385e-06 -0.00334701 0.00179134 -0.000978768 3.00698e-05 0.000119386 -6.42761e-06 -0.000218366 0.000463964 0.000842959 -0.00366547 5.89933e-05 -0.000164606 6.15281e-05 -0.00458622 -1.06275e-05 0.00296251 4.78095e-05 0.00397767 0.000927519 -6.79037e-05 9.50354e-05 0.00010462 -0.000186046 7.47413e-07 7.68191e-07 -0.000101015 -0.00019029 -0.000527353 -8.30485e-05 3.23208e-06 -0.00480808 3.6316e-05 3.08937e-06 0.00290594 0.00371474 -0.0045815 -0.00277884 0.00392413 2.55001e-05 -0.00097201 -0.000190588 -0.00411558 -1.46143e-05 -1.45404e-05 -0.00212221 -4.40125e-05 -9.21237e-05 3.98662e-08 -1.80617e-05 -0.00129941 0.00177199 
-5.80521e-07 -6.06248e-08 3.94248e-07 5.55634e-08 -2.83115e-06 -4.82681e-05 -5.60667e-08 1.95502e-06 -8.55434e-06 -2.21708e-06 -2.97992e-07 -1.33419e-08 4.5971e-05 1.17617e-05 -1.9329e-08 -6.81201e-09 -2.64977e-06 -4.60692e-07 0.000163973 2.64772e-06 5.69811e-06 1.15323e-08 -8.92839e-07 -5.7463e-07 -8.12925e-07 3.15486e-07 5.31295e-07 -1.29146e-05 -1.29893e-07 1.20697e-05 -1.10088e-08 -7.44869e-05 -4.17719e-05 -4.76362e-08 -3.81611e-07 -1.67259e-05 4.75684e-09 1.04204e-05 -3.936e-11 -6.06386e-07 2.17975e-06 -2.5537e-07 -2.04016e-09 3.5499e-06 -4.02727e-07 -4.28526e-07 6.58891e-06 1.53076e-06 1.0964e-05 7.96168e-06 1.55169e-06 5.21894e-05 -4.15756e-08 3.92492e-05 8.83774e-07 -1.40357e-05 -1.12206e-07 -1.64793e-07 1.66046e-05 2.03563e-05 -5.08175e-06 -2.87492e-06 -3.03744e-05 -1.63948e-06 1.88608e-06 -7.48725e-06 -1.0771e-05 -2.17157e-07 4.21411e-06 -1.82929e-07 -4.09563e-08 -5.08368e-06 -1.44719e-08 3.12442e-08 -6.75248e-06 -6.66417e-06 -4.78268e-06 5.82617e-07 -3.78845e-08 -1.42221e-05 -1.15959e-08 5.99066e-06 -7.17093e-07 1.47712e-07 -3.02523e-05 1.60677e-05 -1.10198e-07 -2.15365e-08 -3.09423e-05 -1.26778e-05 -3.21765e-05 -4.67641e-07 -1.14339e-06 -6.06397e-05 -8.05257e-07 -2.72388e-06 -7.65388e-09 -1.61308e-06 6.63994e-05 -1.33869e-05 
0.00223017 0.000106784 0.000243059 1.29861e-05 -0.000124824 -0.00280559 -2.63942e-06 0.00668974 -0.000621128 -0.00315212 0.00126853 5.36482e-05 -0.00345127 -0.00111491 -6.52545e-07 2.60628e-05 0.00254012 0.00414285 2.64772e-06 0.00915616 -7.93794e-05 -7.32729e-06 0.00301533 0.000649406 0.00273393 0.000197266 0.00132316 -0.00113455 0.000487814 -0.00530113 2.96964e-06 -0.00329953 -0.00487236 0.000748602 5.26892e-05 -0.00413372 0.000205085 0.00132579 -2.21798e-09 0.00255398 1.27705e-05 0.000482484 3.05035e-07 0.00264859 0.00198379 0.00160734 -8.85043e-06 4.49112e-05 -0.000341897 -0.00321553 0.00452339 -0.00220016 -1.69616e-06 0.000815132 2.46062e-06 -0.000174428 0.000460654 0.000889237 -0.00584343 0.000407485 -0.000297636 -0.000135349 -0.0051783 -8.95329e-05 0.00368869 -0.000552635 0.00350654 0.000965743 6.83487e-05 1.35751e-05 7.72754e-05 -0.000334978 8.3116e-07 -1.70581e-06 -0.000798925 -0.000141012 -0.00107099 -0.000148648 3.27183e-06 -0.0049212 3.64799e-05 0.00270698 0.00291985 0.00387568 -0.00760668 -0.00507153 0.00405744 3.40864e-05 -0.00192918 -0.00119415 -0.00460672 0.00259758 -4.07013e-05 -0.000391506 -5.59882e-05 -0.000166965 -3.54637e-07 0.000147068 -0.00279848 0.00107351 
-1.5305e-05 3.0642e-07 -2.17745e-06 3.07195e-05 -5.11149e-05 0.00099534 3.77089e-06 -7.7183e-05 0.0012869 -3.54312e-05 -1.44785e-05 -7.15102e-07 -0.00419658 -0.00215716 -1.06497e-06 1.36468e-06 -0.000429599 1.51455e-05 5.69811e-06 -7.93794e-05 0.00895427 0.000578491 -5.43699e-05 9.99293e-06 -2.06892e-05 1.6203e-05 -1.57156e-05 0.000237251 1.91662e-06 -0.00262953 2.43449e-07 0.000775021 0.00326032 0.000389923 -8.12231e-06 -0.00570663 1.26325e-06 0.000214528 -2.16862e-09 2.99939e-07 -2.06458e-06 1.28492e-06 -1.12407e-07 0.000236729 -2.21624e-05 -1.69745e-05 1.98142e-05 2.20451e-05 -0.00150903 -0.00274712 -3.17055e-05 -0.00240865 1.02264e-06 -0.000107202 -1.69243e-05 -0.000725409 -6.01886e-06 -7.25962e-06 -0.00374044 -2.84417e-05 0.000344519 -0.000135109 0.000101323 0.00193601 -0.000106314 0.000841 -0.000751634 -8.33136e-06 -0.000168998 5.97794e-07 -2.13657e-06 0.00107383 -1.10693e-07 5.15438e-05 0.00299883 -0.000271958 -0.00112781 -9.92792e-05 4.76793e-05 -0.000353582 -2.089e-07 -8.81055e-05 -3.42097e-05 -3.67741e-05 0.00033397 -0.00121543 -3.93182e-05 -6.53263e-07 0.00293275 0.00325303 0.000104631 0.000116052 0.000476114 -0.00113584 -6.74386e-05 0.00205433 3.45163e-06 -5.71085e-05 -0.00344005 0.00227562 
0.000246535 8.86895e-05 3.33536e-05 -2.30374e-05 0.00541878 0.00990144 -7.20167e-06 -1.18498e-05 0.0008315 -0.000525045 -1.75658e-05 2.9528e-05 -0.0220498 -0.00834697 1.66382e-05 1.36613e-06 0.0110241 0.000239651 1.15323e-08 -7.32729e-06 0.000578491 0.0473635 -0.000251727 0.000108109 0.00135832 -1.24035e-05 -3.04804e-05 -0.00535034 -1.20981e-05 -0.0145501 -1.06616e-06 -0.000116726 0.00616134 3.71458e-05 -5.85987e-05 -0.0333345 -1.42082e-05 0.00439273 2.18036e-07 0.000114454 6.74451e-05 -6.83232e-05 5.89886e-07 -0.00137368 0.00013951 -9.61833e-06 0.000231138 -2.86629e-05 -0.00882023 -0.0338027 0.00213802 -0.0109253 -1.18571e-05 -0.000557082 0.00127832 -0.00388883 3.30047e-05 0.000200634 -0.00584387 -0.000133291 0.00824533 -0.000760844 0.000450225 -0.000165656 0.00505947 0.000888188 -0.0038903 7.05811e-05 0.00788432 3.35246e-05 5.17865e-07 0.000330543 -3.13879e-06 2.36287e-05 0.00152242 0.00335184 0.00925913 0.00707062 0.000136805 0.000726983 4.75872e-06 -0.000318701 0.000265774 0.000198982 -0.000288689 -0.0130827 0.000229907 -2.61609e-06 0.00841194 0.0120095 0.000169614 0.00190296 -0.000564256 -0.00197897 0.00234585 0.00765041 -2.03976e-06 0.00446357 -0.0182514 0.0147518 
0.00182767 1.66926e-05 0.000134711 -2.91699e-06 -0.000103156 -0.00201522 -7.4613e-07 0.00265619 -0.00044238 -0.00217565 0.000350414 3.90946e-06 -0.000204953 -0.00147761 3.18057e-07 1.70925e-05 -0.000305339 0.00251477 -8.92839e-07 0.00301533 -5.43699e-05 -0.000251727 0.00647885 0.00192282 -9.04322e-05 6.03427e-06 0.00142743 -0.000884484 5.14549e-05 -0.0017578 4.48908e-07 0.000176839 -0.00331421 0.000147139 5.56121e-05 -0.00135081 9.59725e-05 0.00371192 -1.56513e-09 0.00239817 7.83125e-05 0.000945373 2.05541e-07 -0.0001644 0.00177247 0.000488941 -7.86367e-06 1.17708e-05 0.00192138 -0.00320742 0.00149459 0.000901983 0.00022765 0.00265951 -1.44169e-05 -0.000571456 0.000506145 0.00040389 -0.00209224 0.00118276 -0.000212546 0.000633965 -0.00637683 -6.20306e-05 0.00311366 -0.000394643 0.00177057 0.000751752 0.000428156 0.000533429 0.000118425 -0.000224232 4.83212e-05 -2.39423e-06 -0.000575693 0.000781034 -0.000358241 0.000296623 -6.0646e-07 -0.00547804 5.71556e-06 -3.18936e-05 0.00248412 0.0024357 -0.00619178 -0.00461617 0.00234758 3.48869e-05 -0.00174111 -0.000491964 -0.00620269 0.000396304 0.000225609 -0.00263689 -5.42646e-05 -9.19312e-05 2.07898e-06 0.000677795 -0.00123303 0.000776987 
0.00116532 1.43143e-06 8.19959e-05 -1.43339e-06 -1.22316e-05 -0.000621245 -9.91191e-07 0.000736355 -9.95793e-05 -0.00129355 0.000183353 1.1625e-05 -0.00110066 -0.0011619 1.06837e-05 9.3078e-06 1.63883e-05 0.000665314 -5.7463e-07 0.000649406 9.99293e-06 0.000108109 0.00192282 0.00349156 0.000177871 1.45323e-06 0.000437628 -0.00038663 2.14515e-05 -0.00118651 4.14799e-07 -0.000565841 -0.000656003 -7.29802e-06 4.14169e-05 -0.00186096 5.5191e-05 0.00131791 -8.40922e-10 0.00105921 2.61114e-06 0.000655758 -4.35878e-08 -6.07489e-05 0.000692806 0.000102249 3.7683e-06 3.66542e-08 4.40361e-05 -0.00266724 0.000310787 -0.000632382 0.000238238 0.000401048 -5.42982e-06 -0.000303997 0.000314773 0.000214499 -0.00190141 0.000356648 0.000438933 0.000757358 -0.00200674 -3.40122e-05 0.000761244 -0.000176289 0.000292245 0.000453054 0.000619487 0.000631568 7.6015e-05 -0.000115924 4.85608e-05 -3.77157e-07 0.000320325 0.000420983 0.000624346 0.000591939 -7.49399e-07 -0.00191812 -5.10782e-08 7.39237e-05 0.001213 0.000678245 -0.00209248 -0.00174578 0.000665388 5.27832e-05 0.000211777 0.000520678 -0.00179766 0.000854672 5.00064e-05 -0.000528429 -2.62264e-05 -2.62842e-05 1.46476e-07 0.000162048 -0.00141413 0.000377718 
7.04707e-05 9.08782e-05 8.47419e-05 5.61258e-05 0.000643007 -0.00549094 -4.91418e-06 0.00284566 -0.00119309 -0.000507292 0.000257665 3.53968e-05 -0.00502713 0.000996888 1.26765e-05 5.49633e-06 0.00400364 0.000143732 -8.12925e-07 0.00273393 -2.06892e-05 0.00135832 -9.04322e-05 0.000177871 0.0175835 4.45767e-05 -2.47112e-05 -0.00220485 0.000217953 -0.00133459 1.81496e-07 -0.00696985 -0.00178402 0.000120496 -3.82241e-05 -0.00609433 4.89596e-05 -0.000469918 -4.29696e-09 -3.16563e-05 1.3717e-05 7.38982e-05 -2.22726e-07 0.00273353 -4.36993e-05 0.000201553 -1.99253e-06 -2.66137e-05 -0.00118152 -0.00146154 0.00282258 -0.00464461 6.78115e-06 -0.000180494 0.000950129 -0.000942475 -7.70957e-06 -9.03728e-06 -0.00393016 -4.86241e-05 0.00172438 -0.000319839 -0.000419366 -0.000166721 0.000389713 -0.000279083 -0.00154355 1.47948e-06 0.000882484 0.000253999 -8.47896e-07 -0.00048563 -1.57991e-06 -1.29507e-06 0.00168866 -0.000207233 -0.00145006 -0.000261578 -3.58875e-08 0.00018086 9.07333e-08 0.00295492 0.000160788 4.6343e-05 -0.00520363 0.000267719 0.000211472 1.48255e-05 0.00154717 -0.000111848 -1.89253e-05 0.00390989 -0.000176156 0.00509423 -0.000134677 -0.000323183 -7.5558e-07 0.000506997 -0.0026632 -0.000634992 
0.000243133 4.05129e-06 6.3669e-05 4.28209e-07 -2.44555e-05 0.000626128 -3.71117e-07 0.000136582 -8.085e-05 -0.000286816 3.60863e-05 7.95377e-06 -0.000594265 -0.000870105 -2.10332e-08 -6.61499e-08 -5.39038e-05 0.000141614 3.15486e-07 0.000197266 1.6203e-05 -1.24035e-05 6.03427e-06 1.45323e-06 4.45767e-05 0.00159003 -1.71383e-06 -5.7883e-05 0.000143522 -0.00105861 9.4643e-07 0.000413238 0.000163937 7.17124e-05 0.000331871 -9.4027e-05 3.70258e-06 0.000282003 -3.82216e-10 2.45049e-05 -5.70635e-07 -8.18353e-07 3.16855e-07 -3.80682e-06 2.44892e-05 0.000121827 3.45297e-06 0.000106256 -0.000159389 -8.82794e-05 5.46953e-05 -0.000526906 1.68294e-06 5.8044e-05 7.29366e-07 0.000637885 -9.96269e-07 1.46497e-05 -0.00105627 1.9481e-05 -4.34332e-05 8.25696e-05 -0.000234628 8.50842e-06 -8.92862e-06 -8.21997e-05 0.000602415 7.36791e-06 1.29132e-05 -8.99719e-07 -3.97717e-07 -1.12433e-05 7.86133e-07 -4.00482e-07 -2.87518e-05 3.63221e-05 -7.30753e-05 -2.21765e-05 3.56988e-05 -0.000339269 6.54062e-07 2.68559e-05 8.15698e-05 7.83406e-05 -0.000246251 -0.000909418 0.000186072 1.68175e-05 0.000390076 7.41355e-05 -7.71348e-05 2.0576e-06 7.02402e-05 0.00017173 6.40993e-06 0.000159997 -7.43251e-08 4.70712e-05 -0.000614088 -2.81866e-05 
0.000278119 3.36682e-05 1.15192e-05 1.9984e-06 -3.16392e-05 -0.000608495 1.32671e-06 0.00135278 -0.00014265 -0.000368796 0.000467253 7.90534e-06 -8.06281e-05 -9.36105e-05 -2.48205e-07 1.01586e-06 -7.61994e-05 0.000941686 5.31295e-07 0.00132316 -1.57156e-05 -3.04804e-05 0.00142743 0.000437628 -2.47112e-05 -1.71383e-06 0.00210149 -0.000107878 7.8871e-07 -0.000573225 1.60864e-06 5.429e-05 -0.00108483 5.55892e-05 -3.56694e-06 0.000175552 9.87009e-06 0.00111161 -5.05422e-10 0.000221003 2.30376e-05 1.74677e-06 5.97136e-07 9.57322e-05 0.000175249 0.000287485 -2.53272e-06 7.28325e-05 0.00068289 -0.000776093 2.61176e-05 0.000239003 5.12793e-07 0.000968424 -4.65991e-06 -0.000154422 0.000182723 0.000137504 -0.000609079 0.000447745 -6.92728e-05 -6.65758e-06 -0.00200229 -2.21063e-05 0.000724782 -0.000126316 0.000715341 0.000151831 -3.12524e-05 1.86433e-06 8.61408e-06 -3.54448e-05 -1.85834e-07 -9.10774e-07 -0.000189162 3.93841e-05 -0.000200753 -3.40084e-05 1.73524e-07 -0.00191759 4.41097e-07 3.23229e-05 0.000329262 0.000944077 -0.001935 -0.00149852 0.000873994 3.74012e-06 -0.000557257 -0.000291789 -0.00199837 -3.44687e-05 0.000164797 -0.000818049 -1.70141e-05 -3.72762e-05 4.3505e-07 0.000123457 -0.000764398 -9.46928e-05 
-0.000464727 -4.38606e-05 -3.71907e-05 -7.43251e-05 0.00119566 0.0313651 -4.20395e-05 -0.000396943 0.0186187 0.000618247 -0.000194139 -1.00886e-05 -0.0277892 -0.0129986 -1.20589e-05 -3.37311e-07 -0.00416356 -0.000496307 -1.29146e-05 -0.00113455 0.000237251 -0.00535034 -0.000884484 -0.00038663 -0.00220485 -5.7883e-05 -0.000107878 0.118408 -9.56611e-05 -0.0213593 8.23956e-07 -0.00338037 0.0456401 -0.000186619 0.000148948 -0.007979 -3.36075e-05 -0.0023389 -3.29385e-08 -0.000483901 2.70919e-05 -0.000219898 -1.26064e-06 0.00433413 -0.000334156 -0.000254958 -7.90725e-05 7.22598e-05 -0.0206034 -0.00963316 -0.00233546 -0.041421 -3.38793e-05 0.000331198 -0.000301067 -0.00989536 -8.48794e-05 -0.000137477 -0.0103571 -0.000219546 -0.000216659 0.00951184 0.00064057 -0.000660851 -0.00184608 0.0138524 -0.0125974 -0.000176878 -0.00293026 -0.000126375 -2.22777e-05 -0.00173196 -1.01475e-05 -2.68064e-05 0.0142298 -0.00425015 0.0199721 0.000191719 -2.80804e-05 0.000604647 -2.22404e-06 -0.000574676 -0.000449154 -0.000533226 0.00517046 -0.0269111 -0.000595624 7.27716e-06 -0.00840006 0.0193197 0.00114821 -0.00223127 0.00210072 -0.0192855 -0.000571197 -0.00138566 2.1415e-06 -0.00170431 -0.0464769 0.0146278 
0.000395226 1.65105e-05 6.90124e-05 6.38393e-07 5.15543e-05 -0.00023981 2.95895e-07 0.00033664 -4.79942e-05 -0.000485598 0.000181248 1.05222e-05 -0.000333463 -0.000224787 -9.33487e-08 4.26377e-06 -4.10174e-05 0.000469372 -1.29893e-07 0.000487814 1.91662e-06 -1.20981e-05 5.14549e-05 2.14515e-05 0.000217953 0.000143522 7.8871e-07 -9.56611e-05 0.000791403 -0.000397278 1.54683e-06 -0.000300698 -0.000303582 0.000373333 3.96337e-05 -0.000428366 3.4386e-05 0.000276428 -1.90087e-10 0.000116045 4.94209e-07 1.65729e-05 -9.85285e-09 -2.32495e-05 7.21051e-05 0.000473475 8.44946e-07 9.03141e-07 -0.00011531 -0.000476487 -4.42051e-06 -0.000181495 8.10588e-06 2.57243e-05 1.61743e-06 0.000106758 2.49114e-05 5.65241e-05 -0.000529729 9.96742e-06 3.52503e-05 -7.37309e-06 -0.000521614 2.82659e-06 0.00010517 -2.07997e-05 0.000461182 0.000106335 -6.04989e-06 2.09832e-05 4.95537e-07 -2.61812e-05 -6.98914e-08 -3.56445e-07 4.93603e-05 -3.11403e-05 -9.29467e-05 -7.62127e-06 1.2967e-05 -0.000573661 2.35807e-05 -4.5506e-06 0.000369313 0.000209966 -0.000507857 -0.000319427 0.000469578 4.0066e-05 0.000244692 -2.76938e-05 -0.000222819 3.92635e-05 -7.2505e-06 -0.000161092 -6.40621e-06 -3.768e-09 4.97026e-08 -1.0053e-05 -0.000225733 -6.00651e-05 
-0.00279662 -0.000257388 -0.000190167 -8.0197e-05 -0.00010357 -0.092988 -3.79597e-05 -0.00567859 -0.0520445 0.00370896 -0.00104094 -6.29741e-05 0.0946467 0.0586859 -2.64428e-05 -2.4505e-05 -0.00630721 -0.00354806 1.20697e-05 -0.00530113 -0.00262953 -0.0145501 -0.0017578 -0.00118651 -0.00133459 -0.00105861 -0.000573225 -0.0213593 -0.000397278 0.156515 -2.72409e-05 -0.0259966 -0.0720783 -0.00196789 -0.00156017 0.0755804 -0.000158696 -0.000893132 4.66191e-08 -0.00269665 0.000102653 -0.000790299 -3.25691e-06 -0.00750967 -0.00195974 -0.00101843 -1.65385e-05 -0.00268265 0.0314574 0.0791839 -0.00518504 0.0768044 -0.00014031 0.00205495 -0.00171394 -0.0102475 -0.000464804 -0.000808194 0.0857347 0.000475161 -0.0226167 -0.0145041 0.0017594 -0.00790474 -0.00165172 -0.0473281 -0.0242933 -0.00106172 -0.00543375 -0.000651033 -9.18635e-05 0.00344141 -5.38491e-05 6.36987e-05 -0.0137925 0.00486726 -0.0180553 -0.00292317 -0.000153508 0.000193944 -4.63988e-05 -0.00136724 -0.00332652 -0.00319122 0.00156628 0.0391117 -0.00390629 -6.39416e-05 -0.0420399 -0.0829094 0.00171884 -0.0075913 0.000446406 -0.0255848 -0.00552305 -0.0143334 8.48881e-06 0.0011415 0.071843 -0.087471 
1.22239e-06 8.51857e-08 4.1794e-07 -4.13825e-08 -1.17278e-06 -7.09269e-06 4.20385e-07 1.93598e-06 1.1548e-05 -2.54343e-06 1.7147e-06 -5.46098e-09 -1.96992e-06 -1.24805e-05 -7.91155e-09 2.43878e-07 -7.58833e-07 6.16877e-06 -1.10088e-08 2.96964e-06 2.43449e-07 -1.06616e-06 4.48908e-07 4.14799e-07 1.81496e-07 9.4643e-07 1.60864e-06 8.23956e-07 1.54683e-06 -2.72409e-05 6.71222e-05 -1.14065e-05 -1.0525e-05 8.56158e-07 7.13803e-07 -4.71226e-06 8.12086e-07 -4.17597e-07 -1.61104e-11 5.78468e-07 -4.51272e-08 -1.01347e-07 -8.35056e-10 -8.09721e-08 -1.28173e-07 1.54854e-06 -8.09433e-08 -1.81787e-07 -3.11958e-06 -1.08256e-05 -1.03716e-06 -2.18493e-05 -1.70173e-08 1.57498e-06 -1.48535e-07 2.38424e-05 -2.92601e-08 -6.74513e-08 -3.26475e-05 3.8564e-07 -1.57371e-06 3.48975e-06 -3.54569e-06 1.46847e-06 -7.31495e-07 7.95031e-06 2.54133e-05 5.44491e-08 -1.51357e-06 -7.48747e-08 -1.67638e-08 -2.18178e-06 -5.92348e-09 1.464e-07 -4.47594e-07 -2.60319e-06 9.41346e-06 -9.06187e-07 1.54494e-07 -1.57169e-05 -4.7463e-09 3.5871e-07 3.89821e-07 3.52952e-06 -4.01692e-06 7.52217e-07 3.6405e-06 -8.81507e-09 -1.45605e-05 9.47121e-06 -3.25479e-06 -1.08674e-06 2.92525e-06 7.63417e-06 3.92316e-06 3.71509e-08 -3.1328e-09 -9.95139e-07 -1.91335e-05 1.30671e-05 
-0.00124024 -2.34045e-05 -9.43633e-05 -0.000240865 -0.00207494 0.116372 -6.88993e-05 -0.00291964 -0.00100693 0.00253976 -0.000817774 -3.57023e-05 -0.0395781 -0.0128805 -4.78588e-05 -1.29288e-05 -0.0269097 -0.00208049 -7.44869e-05 -0.00329953 0.000775021 -0.000116726 0.000176839 -0.000565841 -0.00696985 0.000413238 5.429e-05 -0.00338037 -0.000300698 -0.0259966 -1.14065e-05 0.249784 0.0125496 0.000357665 0.000984547 0.00931025 -0.000145887 0.014197 -1.23527e-07 -0.00183791 -0.000259162 -0.000826538 -2.81283e-06 0.00524417 -0.00122773 -0.000804372 -0.000480397 0.000830678 -0.0568695 -0.00119113 -0.00751535 0.0206498 -7.55407e-06 -0.000372307 -0.00104135 -0.0163243 -0.000267445 -0.000507549 -0.000407395 0.00040776 0.000782606 -0.00392542 -0.0013093 0.0014619 -0.0058111 -0.00537674 -0.0175565 -0.000616354 -0.0113414 -0.000336115 -5.00702e-05 -0.0146663 -3.74319e-05 -0.000149208 -0.0387078 -0.0109483 -0.00208266 0.00279778 -2.57833e-05 -0.00291535 -4.17248e-06 -0.00340203 -0.00185368 -0.00189577 0.00141868 -0.112602 -0.00201629 -3.454e-05 0.0828609 -0.0132469 0.000838028 -0.00514154 -0.00110325 -0.00713624 0.0031131 0.00794866 -1.90276e-05 -0.00553226 -0.0485176 0.00332982 
