0.0688563 -0.0132269 -0.000417369 -0.00145286 -0.00052362 -2.33151e-06 -2.86729e-06 0.001577 -0.0106571 0.00175068 0.0225716 -0.00645243 0.00357304 0.0299795 0.0111051 -0.0101914 0.018653 0.0130594 -0.00124231 -6.52405e-05 0.00336981 -0.000731438 -0.00266116 -0.00286916 6.17684e-05 -0.00189368 -0.0101768 -0.000194434 0.0018903 -0.00257948 0.0030511 0.00567839 0.000177597 -1.1574e-07 0.0141043 0.000325451 -6.94123e-05 1.91289e-07 -0.000864081 -0.0119819 -0.00951168 0.000170765 -2.02911e-05 0.00228754 -1.73255e-06 -0.0135004 -0.000174817 0.000500485 -6.05216e-06 -0.00348194 0.0172637 7.14089e-05 -0.000253602 0.0153181 -0.000732546 0.00511302 -0.000274245 0.00501107 0.00294281 -0.00807876 -0.00602376 0.00987508 6.62919e-07 0.0118183 -0.0102838 -7.18911e-07 0.00553724 -0.0146228 -0.00101903 -0.0144937 0.00179443 -6.04891e-05 0.000708963 -0.0102027 -0.0107673 -0.00483915 -0.00689891 1.55131e-05 0.000226315 0.000955102 2.24624e-05 -0.01303 -0.027487 -0.00335084 -0.0402685 0.00583661 -0.0107523 -0.000296844 3.42248e-05 -2.13474e-05 -0.00425854 -0.000227939 -0.00229953 0.00173276 -0.00853199 0.0225567 -0.000406913 -0.0032725 0.00034237 -0.00221135 
-0.0132269 0.209355 -0.00206311 0.00680997 -0.000156767 7.39073e-05 -8.31127e-05 0.0490764 0.0177422 0.000974634 -0.147046 0.0228114 -0.0750877 0.0620099 0.121616 0.0664253 0.0807521 -0.0265666 -0.0050768 0.000163864 -0.0832222 -0.00362964 -0.010468 -0.0561045 -4.8731e-05 -0.0077979 0.0738583 -0.00258664 -0.000892927 -0.00611534 0.124693 -0.100286 -8.93156e-05 -1.10394e-06 -0.0310927 0.000381504 0.000383536 3.37659e-06 -0.00180946 0.0692491 0.044194 0.000919093 -0.000144979 -0.106097 -4.21317e-05 0.00865665 -0.000673023 -0.00273373 -2.39148e-05 0.0378082 -0.15823 0.00308849 -0.000855318 -0.0203972 0.00211649 -0.111206 0.00162142 -0.0855039 0.00268226 0.0471457 0.0829183 0.0716466 -5.92666e-06 -0.0212238 0.0176608 -4.50384e-06 0.108417 -0.0611806 0.000848214 0.0584753 -0.00693395 -0.000946172 -0.00612156 0.069959 0.0183757 -0.0135881 0.0691843 -6.82062e-06 -0.000177422 -0.00623774 -2.09803e-06 0.0660999 -0.112585 -0.130341 -0.0947853 -0.0134861 0.0238141 -0.00523419 -4.65707e-06 3.71328e-05 -0.0185127 -0.000283596 -0.0865575 -0.000666118 0.0730974 -0.144755 -0.000540522 0.0246831 -0.00191825 0.0456288 
-0.000417369 -0.00206311 0.00688832 7.79835e-06 -7.95334e-05 -1.72049e-06 -2.04409e-06 -0.000751252 -0.000994004 -1.76112e-05 0.00225948 -0.00107424 -0.000930879 -0.00345619 -0.00254229 -0.00114297 -0.00272926 -0.000571059 -5.17019e-05 1.20718e-05 0.0019655 0.00131764 0.000598944 0.00488842 -1.44482e-06 0.00348186 -0.00218664 -4.92311e-05 -2.03196e-05 -0.000304319 -0.00358791 0.00198737 -2.83488e-06 3.25637e-06 -0.00232013 -9.11292e-06 -5.75394e-06 1.24304e-07 -7.90617e-05 -0.00103369 -0.00128739 -5.606e-05 -3.72706e-06 -0.00106635 -8.28599e-07 0.00146083 -1.74964e-05 0.00222931 -3.91647e-07 -0.000449166 0.00293785 -1.81078e-05 0.00033349 -0.000470975 -0.00010151 0.0026102 1.97093e-05 -0.000822181 -0.00010818 -0.000774671 -0.000905856 -0.00155153 3.00686e-07 -0.000508944 -0.000863443 4.4096e-08 -0.00237051 0.0052757 -0.000113254 -0.00167812 -0.000202496 -6.99555e-06 -7.33639e-05 -0.00223386 -0.00103217 -0.000442216 -0.000926729 -1.56224e-07 -6.05872e-06 -0.000136144 6.77382e-07 -0.0023985 -0.00147923 0.00331724 0.00213153 -0.00256518 -0.000996876 -0.000199775 -7.73395e-07 3.92117e-06 0.00379272 -5.89119e-05 0.00429075 -1.17501e-05 -0.000937738 0.00270742 -3.84814e-05 -0.00028861 -5.2303e-05 -0.000839761 
-0.00145286 0.00680997 7.79835e-06 0.0218104 0.000745591 -5.93218e-07 7.62437e-05 -0.00200598 0.00223846 0.000866239 -0.0119356 0.00209256 -0.00561294 0.0026445 0.0126835 0.0122444 0.00569573 -0.00192782 -0.000394653 7.80942e-05 0.00224075 7.98129e-05 0.00054388 -0.00387887 4.57878e-06 -0.000570344 -0.00225772 -0.000202788 8.69966e-05 0.000658697 0.00873531 -0.0144174 2.27266e-05 -2.04639e-07 -0.00674629 -2.22321e-05 0.000163366 4.62485e-06 0.000435026 0.0120595 0.00603816 0.000471926 5.29535e-05 -0.00780456 1.50856e-05 -0.00394465 -5.44838e-05 -0.000169039 1.37677e-06 -0.00137607 -0.0115255 0.000403617 0.00133933 -0.00145029 -0.000249661 -0.00880672 0.000467876 -0.00652616 0.000609629 -0.0021469 0.0123736 0.00899968 -4.67593e-07 -0.00155998 0.0024635 1.00102e-05 0.0076923 -0.00403933 0.000951979 -0.00230373 -0.000402702 -7.49225e-05 -0.000103396 -0.00104135 -0.00035021 0.0040715 -0.00224888 2.72799e-07 6.54039e-05 -0.000191209 6.60799e-07 -0.00360745 -0.00745576 -0.00969233 -0.00936672 -0.00947064 0.00195933 -0.00052359 6.47131e-06 2.21511e-05 -0.00138161 0.00417046 -0.00639891 0.000202957 0.0127674 -0.0125115 -0.000121472 0.0120237 -0.000144084 -0.00173954 
-0.00052362 -0.000156767 -7.95334e-05 0.000745591 0.0113477 -2.76734e-06 1.38789e-05 -0.000458965 0.00672713 0.000333895 -0.00612863 0.00768449 -0.00288189 -0.0047226 0.00311768 -0.00194002 -0.0040254 -0.00100632 -0.000201694 -1.28425e-05 -0.00609611 -0.000141292 0.000157412 -0.00216278 4.43821e-06 -0.000301256 0.00711604 -9.32285e-05 -3.56528e-05 0.000722192 0.00394872 -0.001461 -4.30368e-06 -1.05305e-07 -0.00153592 4.54613e-05 -1.14642e-05 2.66111e-07 0.00155022 -0.00185915 -0.00237962 3.66791e-05 -6.13813e-06 -0.00214455 6.62863e-06 -0.000909834 -1.64798e-05 -9.63661e-05 -9.57084e-07 -0.000582601 -0.00607925 0.000966739 9.54436e-05 -0.000440183 4.5378e-05 -0.00408271 -2.82591e-05 -0.00291925 0.000355488 -0.00126036 -0.00104087 -0.00281744 -2.19292e-07 -0.000446669 0.00661211 3.66703e-07 -0.00289256 -0.00236604 -6.15083e-05 -0.00167774 0.00010714 -1.53916e-05 -0.000217981 0.00694995 0.00600789 0.00466144 -0.000577598 -5.62437e-08 -5.90526e-06 0.000262001 5.27685e-07 0.0065571 -0.000724461 -0.00385214 0.00252256 -0.00139929 0.00685808 -0.000348431 1.18969e-06 7.27635e-05 -0.000711976 0.000734859 -0.0038349 -8.88242e-06 -0.00136409 -0.00575184 -2.90178e-06 -0.000510598 -6.99112e-05 0.00111982 
-2.33151e-06 7.39073e-05 -1.72049e-06 -5.93218e-07 -2.76734e-06 0.000247975 1.82094e-08 1.35064e-05 3.4382e-05 8.37158e-06 -0.000132347 6.63699e-05 -6.23502e-05 2.71099e-05 -9.76469e-05 -4.23533e-05 4.00894e-05 -2.15598e-05 -4.40004e-06 0.000156365 -0.000173567 -3.07536e-06 -8.85816e-06 -4.67373e-05 4.36702e-06 -6.52405e-06 0.00016189 -9.23432e-07 -1.07536e-06 -9.57172e-06 0.000105136 6.54033e-05 -1.01848e-07 -2.27532e-09 -8.45896e-05 -7.43234e-08 1.60155e-06 -3.54114e-09 -2.56483e-06 -3.27634e-05 -2.84608e-05 -1.81066e-06 -1.33274e-07 -8.81214e-05 -3.61852e-08 5.12195e-05 -6.06845e-07 -2.2734e-06 -2.06796e-08 0.000110059 -0.000134316 4.0951e-06 -8.57357e-07 -1.72252e-05 2.45576e-05 -6.84386e-05 2.93358e-06 -5.51276e-05 -4.57984e-06 -3.22539e-05 -3.1516e-05 7.5276e-05 -5.45846e-09 -1.82825e-05 3.15641e-05 -6.40927e-09 -8.71142e-05 -5.11589e-05 6.33915e-05 0.000167045 -7.38678e-06 -3.84454e-07 -5.26096e-06 7.51262e-05 -1.08708e-05 -3.58893e-06 0.000133182 -5.82473e-09 2.23841e-05 -5.20421e-06 -3.00116e-08 5.28928e-05 -8.31207e-05 -0.000108099 -6.08331e-05 9.21332e-05 4.56864e-05 -8.20964e-06 3.06233e-07 -7.26673e-08 -1.53904e-05 1.30033e-06 -8.50303e-05 -5.59744e-07 -3.85787e-05 -0.000140263 4.16396e-06 -1.1708e-05 7.77196e-06 -2.61363e-05 
-2.86729e-06 -8.31127e-05 -2.04409e-06 7.62437e-05 1.38789e-05 1.82094e-08 0.000316213 -1.62987e-06 -1.05063e-05 5.24177e-05 -0.000151944 0.000130624 -7.93883e-05 -0.000167874 -5.37287e-05 0.000132144 -4.1802e-05 -1.92541e-05 -2.0079e-06 1.30949e-05 -1.35568e-06 4.97809e-06 0.000199592 -5.95293e-05 1.21578e-06 -3.75325e-06 1.21609e-05 6.08912e-05 1.18686e-05 0.000130378 1.00104e-05 -0.000202015 7.66783e-07 -2.90165e-09 -2.80162e-05 4.57899e-07 -3.42345e-07 -4.5159e-09 2.3545e-05 9.7694e-05 -5.32443e-05 2.06136e-07 9.67062e-08 -2.90462e-05 4.33854e-07 -5.95078e-05 -8.07897e-07 1.07748e-06 9.43363e-06 -1.04534e-05 -0.000159528 2.99707e-05 1.00966e-05 -1.73459e-05 6.17678e-05 -0.000116632 1.61248e-06 -8.0462e-05 -5.3672e-06 -3.01476e-05 0.000154461 -0.000101205 -6.961e-09 -1.63918e-05 -8.42899e-06 -8.17354e-09 -0.000108308 -4.87368e-05 -3.6314e-06 -7.76056e-05 0.000137084 -4.75988e-07 9.55054e-05 2.31282e-06 1.28109e-05 0.00019387 -1.70741e-05 -7.42809e-09 -3.224e-07 0.000106543 -3.82729e-08 7.36907e-06 -6.72045e-05 -8.54633e-05 -4.08927e-05 -8.76576e-05 -2.22406e-06 -4.77949e-06 2.9996e-06 6.73297e-08 4.32664e-05 3.00796e-05 -9.01257e-05 4.74628e-05 -1.57738e-06 -0.000166992 5.27518e-06 0.000177125 -2.36776e-06 -1.38734e-05 
0.001577 0.0490764 -0.000751252 -0.00200598 -0.000458965 1.35064e-05 -1.62987e-06 0.0989554 -0.0105037 0.00234365 -0.0590084 -0.0106887 -0.0280214 0.0332186 0.0533089 -0.013726 0.0471354 -0.00983768 -0.00197314 0.000318879 -0.0728184 -0.00126506 -0.00393648 -0.0208805 -9.37662e-06 -0.00291115 0.0658845 -0.000879409 0.00170398 -0.00293219 0.0442681 -0.0623898 0.000132756 -3.415e-07 0.0283611 0.00058671 -9.06629e-05 5.76355e-06 0.00628418 -0.0145207 -0.00608581 0.00210543 -4.83865e-05 -0.0385947 -6.7586e-06 -0.017262 -0.000263283 -0.00100804 -9.28407e-06 0.0494567 -0.0596364 0.00036243 -0.000367801 -0.0051651 0.000689612 -0.0436946 -0.000374652 -0.0321865 0.00202385 -0.0125651 -0.00214132 -0.00391133 -1.07389e-06 -0.00812532 -0.0114983 -2.85742e-06 0.0481995 -0.0229288 -0.00167793 0.00493199 -0.000962094 -0.000371666 -0.000439904 0.0633345 0.000772976 -0.00579655 0.082045 1.27917e-05 0.000633224 -0.000266778 2.02297e-05 0.056492 -0.0413423 -0.0485273 -0.0421944 0.0425524 -0.0123771 -0.00367397 -9.55508e-06 -3.25971e-05 -0.00690527 -0.000244891 -0.037962 0.00156939 -0.0116373 -0.0579894 0.00408363 -0.00508685 -0.000586683 0.0711123 
-0.0106571 0.0177422 -0.000994004 0.00223846 0.00672713 3.4382e-05 -1.05063e-05 -0.0105037 0.122845 0.000217891 -0.0762387 0.114234 -0.0360849 -0.079229 0.00973781 -0.0266614 -0.0645569 -0.0126613 -0.00253114 4.01555e-05 -0.0955773 -0.00176783 -0.00334259 -0.026773 1.11935e-05 -0.00373713 0.0952471 -0.0014033 -0.000616715 -5.16123e-05 0.0592676 0.0317801 -4.88972e-05 -5.62229e-07 -0.0446115 -0.000189777 -0.000154954 -1.11077e-06 0.00352438 -0.0259145 -0.0290259 -0.000301157 -7.57308e-05 -0.0482061 1.76448e-05 0.0709848 -0.000359238 -0.00129505 -1.19567e-05 -0.00890997 -0.0774866 0.00123011 -2.13598e-06 -0.00987053 -0.000790494 -0.0565289 -0.000411428 -0.0419541 -0.00257677 -0.0189469 -0.0192467 -0.0403958 -2.91934e-06 -0.0104476 0.116762 1.67242e-05 -0.0511695 -0.029354 -0.00156364 0.0778356 -0.00407278 -0.000474718 -0.0030497 0.0960898 0.107201 0.053022 -0.0157711 -3.27778e-06 -0.000108688 -0.0027373 -6.09232e-06 0.0895445 -0.02601 -0.0612735 0.0557858 0.00755783 0.117394 -0.00471915 9.67777e-06 0.000124825 -0.00887613 0.00621766 -0.0452982 -0.00031329 -0.0231206 -0.0803159 0.000329562 -0.006644 -0.000916506 -0.00680574 
0.00175068 0.000974634 -1.76112e-05 0.000866239 0.000333895 8.37158e-06 5.24177e-05 0.00234365 0.000217891 0.0043822 -0.00205538 0.00258998 -0.00110482 -0.000687311 0.00225132 -0.000411437 -0.00174181 -0.000342697 -7.79582e-05 0.000171155 -0.0025118 -5.30876e-05 -9.78868e-05 -0.000791504 4.17658e-06 -0.000113787 0.00227215 4.1056e-06 1.9937e-05 0.000469946 0.00180303 -0.00212153 -1.58402e-06 6.72956e-07 0.000975152 2.3213e-05 -2.69714e-06 5.47716e-06 0.000279296 -0.000451055 -0.000731387 0.000600304 -2.16504e-06 -0.00149548 5.6787e-07 -0.00059993 -5.45873e-06 -1.94762e-05 5.09693e-07 4.85705e-05 -0.00232176 0.00119364 0.000318622 -0.000202083 1.99925e-05 -0.00166013 -9.9241e-06 -0.00128585 4.85439e-06 -0.000575059 0.0018675 -0.000577815 2.46469e-07 -0.000317002 0.000380483 6.1896e-06 -0.0014049 -0.000630368 -4.57446e-05 -0.000963316 -0.000110045 -1.14629e-05 -8.80107e-05 0.00260455 3.4771e-05 0.000995998 -0.000475143 3.7997e-07 1.17251e-05 -7.61021e-05 -5.09242e-07 0.00208204 -0.00162594 -0.00189961 -0.000886105 0.00113434 0.00032493 -0.000143332 5.94224e-07 3.90714e-06 -0.000273017 0.000691678 -0.00147646 0.000178337 -0.00015928 -0.00178954 8.30131e-06 6.29088e-05 -2.38446e-06 7.32094e-05 
0.0225716 -0.147046 0.00225948 -0.0119356 -0.00612863 -0.000132347 -0.000151944 -0.0590084 -0.0762387 -0.00205538 0.248731 -0.0803321 0.107291 -0.0117391 -0.136059 -0.0766576 -0.0748683 0.0292315 -0.000227173 -0.000649593 0.128758 0.00224542 0.000180623 0.0740713 -4.8245e-06 0.0112481 -0.118492 -0.00155246 -0.00229298 -0.00301242 -0.159831 0.120721 -0.000182741 -1.68676e-06 0.0663129 -0.0005565 -0.000470617 -7.62354e-06 -0.00624965 -0.0769774 -0.0514758 -0.00158058 -0.000182014 0.14123 -6.84032e-05 -0.031511 -0.000496877 0.00391634 -4.43298e-05 -0.0339215 0.218531 -0.00388032 -0.000608098 0.0197203 -0.00181109 0.168515 -0.0020001 0.126685 -0.00588404 -0.0478694 -0.0725744 -0.0525777 5.94445e-08 0.0241469 -0.0741901 -1.23304e-05 -0.091924 0.0798104 -0.000413981 -0.111344 -0.00983827 0.000988393 -0.00555345 -0.115575 -0.0780475 -0.0356139 -0.0791429 -9.42149e-06 -0.000522353 -0.0102259 -1.3225e-05 -0.101004 0.120759 0.168987 0.0711591 0.0154893 -0.0780059 -0.000751833 -7.57727e-06 -0.000155464 0.0272418 -0.00518779 0.104129 -0.00118616 -0.0723355 0.209869 -0.00293743 -0.0254961 0.00278412 -0.0587413 
-0.00645243 0.0228114 -0.00107424 0.00209256 0.00768449 6.63699e-05 0.000130624 -0.0106887 0.114234 0.00258998 -0.0803321 0.134749 -0.0403814 -0.0796049 0.010869 -0.0266002 -0.0661223 -0.0135373 -0.00284413 0.000154267 -0.0981831 -0.000508057 0.00317933 -0.0300052 2.35374e-05 -0.00421517 0.0990006 -0.00156512 0.000364637 0.00186646 0.0660398 0.0283393 -1.02464e-05 2.48422e-06 -0.0408794 9.90687e-06 -0.000170521 5.98393e-07 0.0022022 -0.0259809 -0.0336762 -0.000200743 1.79564e-05 -0.0503086 4.92065e-05 0.0696702 -0.000349523 -0.0014439 -1.4726e-06 -0.00999933 -0.0860557 0.004524 -0.000325962 -0.00824639 -0.00123699 -0.0618415 0.000409651 -0.0469291 -0.00173046 -0.0213104 -0.0142648 -0.0358615 -3.29571e-06 -0.0075503 0.112792 1.63856e-05 -0.0556749 -0.0325316 -0.00208359 0.0723089 0.000220867 -0.000502652 0.000657891 0.100117 0.103505 0.0514134 -0.0174061 -3.67941e-06 -0.00013107 0.00280709 -6.56834e-06 0.0943939 -0.0262401 -0.0630895 0.0530163 0.0123973 0.116415 -0.00530861 -4.11927e-06 0.000196134 -0.00992383 0.00685996 -0.0496072 -0.000305652 -0.0240959 -0.0829148 -0.000412241 -0.00460111 -0.000988229 -0.0118758 
0.00357304 -0.0750877 -0.000930879 -0.00561294 -0.00288189 -6.23502e-05 -7.93883e-05 -0.0280214 -0.0360849 -0.00110482 0.107291 -0.0403814 0.188319 -0.0417604 -0.106953 -0.048147 -0.101062 -0.0223038 -0.00295234 -0.000291846 0.0688366 0.00446948 -0.00598277 0.0475673 -1.70894e-05 -0.00508413 -0.0785662 7.57626e-05 -0.00109001 -0.00257282 -0.134724 0.0691506 -0.000102172 -1.48841e-06 0.0574267 -0.00031821 -0.000267346 -3.59263e-06 -0.00293693 -0.046405 -0.0552459 7.76679e-05 -0.000134429 0.136181 -3.55315e-05 -0.0117461 -0.000560594 -0.00105614 -2.09804e-05 -0.0162989 0.114589 -0.00183206 0.000503979 -0.0172715 -0.00367839 0.150444 -0.000949861 0.0914206 -0.00455725 -0.0335908 -0.0357483 -0.0807285 -2.17784e-06 -0.0123063 -0.0349147 -5.07247e-06 -0.0917636 0.0766155 -0.00410757 -0.072797 -0.00735115 0.00178564 -0.00348402 -0.0780423 -0.0374264 -0.0167991 -0.0379246 -5.20277e-06 -0.000265852 -0.00437811 -2.60547e-05 -0.0799401 0.104656 0.139854 0.0673008 0.0492819 -0.0366352 -0.0077901 -1.01263e-05 -7.26307e-05 -0.00929611 -0.00244277 0.0984859 -0.000566723 -0.0423167 0.105207 -0.00139605 -0.0120034 -0.00186093 -0.0319392 
0.0299795 0.0620099 -0.00345619 0.0026445 -0.0047226 2.71099e-05 -0.000167874 0.0332186 -0.079229 -0.000687311 -0.0117391 -0.0796049 -0.0417604 0.246413 0.105767 0.0708891 0.166423 0.0334107 0.00178462 7.27689e-05 0.0344989 -0.00680415 -0.0149976 -0.0574852 -5.99811e-06 -0.0112799 -0.0484079 0.0015383 -0.00129294 -0.00395884 0.055021 -0.0935685 -0.000144684 -3.35273e-06 0.0246137 0.00038885 0.000451399 -7.10039e-07 -0.00576622 0.070666 0.0898957 -0.000785226 3.88248e-05 -0.0606352 -7.79272e-05 -0.0703654 -0.00124616 -0.00381964 -7.01662e-06 0.022823 -0.0310844 -0.00276486 -0.00149605 0.0193862 0.00404955 -0.0549209 0.000726171 -0.0216298 0.00367661 0.0531461 0.0540992 0.124473 -1.0928e-05 0.0205489 -0.0776455 -1.11542e-05 0.150709 -0.0963023 0.00595422 -0.000580221 -0.005684 -0.000614249 -0.00902846 -0.0540109 -0.0739538 -0.0354074 0.0517491 -1.28348e-05 0.000230815 -0.010391 -4.7249e-06 -0.038692 -0.105354 -0.0781656 -0.163306 -0.0325742 -0.0793882 0.00854531 5.10993e-05 -0.000128954 -0.0321749 -0.00398944 -0.0557885 -0.00100404 0.0703942 -0.0005285 -0.00242808 0.014823 0.00323192 0.0327248 
0.0111051 0.121616 -0.00254229 0.0126835 0.00311768 -9.76469e-05 -5.37287e-05 0.0533089 0.00973781 0.00225132 -0.136059 0.010869 -0.106953 0.105767 0.244566 0.0797395 0.14051 0.0261579 -0.00304686 -0.000347555 -0.0612241 -0.00490755 -0.0132405 -0.0452975 -3.82153e-05 -0.00814753 0.0487132 -0.00296013 -0.000986606 -0.0026961 0.144144 -0.131384 -9.59986e-05 -3.03376e-06 -0.0517537 0.000618039 0.000370856 7.72411e-06 0.00224345 0.0801435 0.0785959 0.00144704 -7.03819e-05 -0.150231 -2.79722e-05 -0.0395863 -0.000989605 -0.0037015 -2.16539e-05 0.0317506 -0.144553 0.00297941 3.05177e-05 0.0172462 0.00275747 -0.156331 0.00142776 -0.12112 0.00351974 0.056366 0.0748617 0.126005 -8.55772e-06 0.0155762 0.00920968 2.30487e-06 0.171256 -0.084185 -0.00118387 0.0490544 -0.00866163 -0.00142771 -0.00839042 0.0474721 0.0124146 0.0109326 0.0675368 -9.17386e-06 0.000320341 -0.0084858 -4.71872e-06 0.0344732 -0.145952 -0.182896 -0.154456 -0.0802178 0.00939243 0.00702634 1.97497e-05 0.000116182 -0.0259634 0.00523849 -0.0866281 -0.00067544 0.0884767 -0.118766 -0.00134973 0.0213598 -0.000705702 0.0538974 
-0.0101914 0.0664253 -0.00114297 0.0122444 -0.00194002 -4.23533e-05 0.000132144 -0.013726 -0.0266614 -0.000411437 -0.0766576 -0.0266002 -0.048147 0.0708891 0.0797395 0.154872 0.0953605 0.00885848 0.0119781 -0.000188853 0.0527062 0.000395733 -0.00153174 -0.0356922 -1.40724e-05 0.000426068 -0.0599705 0.00451321 0.00330442 0.00118287 0.0478702 -0.0985706 0.000164118 -4.50679e-07 -0.0636673 9.23599e-05 0.00075321 8.6167e-07 -0.00221011 0.146552 0.106164 -0.00167833 0.000333669 -0.0673244 3.46823e-05 -0.035394 -0.000487919 -0.00042357 6.63314e-05 -0.0122709 -0.0815549 -0.000163963 0.00016361 -0.00781007 0.000854573 -0.0751138 0.00241811 -0.0561177 0.00653895 0.0957726 0.102763 0.104047 -7.58413e-08 -0.0100873 -0.0262638 -3.51686e-06 0.111021 -0.0389137 0.00576781 0.0254499 0.00539573 -0.000182729 0.0049376 -0.0606536 -0.0284748 -0.00892155 5.52463e-05 1.54813e-05 -8.80281e-05 0.00236231 -1.8228e-06 -0.065488 -0.0697984 -0.0809459 -0.108801 -0.100897 -0.0277259 0.0192447 -4.1443e-05 -6.10459e-06 -0.00552374 -0.000183074 -0.0104819 0.00162302 0.123221 -0.0579661 -0.00103061 0.0384422 -2.52698e-05 -0.00694162 
0.018653 0.0807521 -0.00272926 0.00569573 -0.0040254 4.00894e-05 -4.1802e-05 0.0471354 -0.0645569 -0.00174181 -0.0748683 -0.0661223 -0.101062 0.166423 0.14051 0.0953605 0.24893 0.0405328 0.00246954 0.000189625 0.018973 -0.00271746 -0.00440997 -0.0335567 -1.80128e-05 -0.00793362 -0.0338872 0.00147092 0.00216032 0.00584068 0.124155 -0.129255 0.000184048 -2.62323e-06 -0.0508395 0.000251832 0.000563962 1.12054e-07 0.000578912 0.0918051 0.114595 -0.0020431 0.000285463 -0.134265 1.73093e-05 -0.0420756 -0.000980679 -0.00419481 3.59642e-05 0.0283512 -0.0716403 -0.00251748 -0.000867213 0.0358529 0.00455006 -0.126077 0.00139265 -0.104013 0.00932832 0.0637271 0.0688492 0.158284 -1.42006e-06 0.0316109 -0.0647487 -1.06313e-05 0.182665 -0.0733312 0.00806355 0.0334106 0.0144997 -0.000960131 0.00754312 -0.0425008 -0.0545461 -0.027935 0.0672612 8.61325e-06 0.000503421 0.00863656 3.872e-05 -0.0388033 -0.140807 -0.132277 -0.171738 -0.073891 -0.0666894 0.0107458 -1.02508e-05 -0.000105591 -0.026837 -0.00325112 -0.0670259 0.000973152 0.0876068 -0.0585027 0.00222079 0.0247047 0.00390877 0.0480671 
0.0130594 -0.0265666 -0.000571059 -0.00192782 -0.00100632 -2.15598e-05 -1.92541e-05 -0.00983768 -0.0126613 -0.000342697 0.0292315 -0.0135373 -0.0223038 0.0334107 0.0261579 0.00885848 0.0405328 0.0814916 0.0112083 -0.000106822 0.025184 -0.00109638 -0.0025559 0.0179862 -1.68126e-05 0.00507329 -0.0277353 0.00161383 -0.000365938 -0.00200875 0.000773078 -0.0136916 -1.34111e-06 -7.61034e-07 -0.0265972 2.95613e-05 -5.88346e-05 -1.27779e-06 -0.00103318 0.00650395 0.0233142 -0.000633415 0.000140539 -0.0316831 -1.28939e-05 -0.0163937 -0.000196215 0.000637435 1.35179e-05 -0.00575113 0.0285036 -0.00065243 -0.000262024 0.0410169 0.00190585 -0.0324869 -0.000334178 -0.0256734 -0.00034166 0.0165193 -0.0121587 0.0343066 -1.70631e-06 0.0404713 -0.0122767 -2.03274e-06 0.052561 -0.0179308 0.0032383 -0.00820672 0.00222714 -0.000297792 -0.00155098 -0.0279658 -0.0132843 -0.00582933 -0.0128451 -1.65144e-07 -4.13704e-05 -0.00182883 -1.04695e-05 -0.0305986 -0.0332317 -0.0373873 -0.0487049 -0.0469138 -0.0129458 0.021159 7.37945e-06 -2.57348e-05 0.00110407 -0.000869551 0.00764806 -0.000198366 -0.00474532 0.0381361 -0.000468534 -0.00412931 0.000143842 -0.00123241 
-0.00124231 -0.0050768 -5.17019e-05 -0.000394653 -0.000201694 -4.40004e-06 -2.0079e-06 -0.00197314 -0.00253114 -7.79582e-05 -0.000227173 -0.00284413 -0.00295234 0.00178462 -0.00304686 0.0119781 0.00246954 0.0112083 0.0174248 -2.08204e-05 0.00504809 -0.000200245 -0.00060543 -0.00277929 -3.6488e-06 0.00398929 -0.00557429 0.00465194 -7.59329e-05 -0.000820563 -0.0100099 -0.00947621 -4.71746e-06 -1.0273e-07 -0.00609894 3.56944e-05 0.000149837 1.83406e-07 -0.000195791 0.0119027 0.00328181 -0.00011985 5.85083e-05 -0.0047268 -2.58795e-06 -0.0032993 -4.51184e-05 0.00122007 1.92543e-05 -0.0011496 0.000755826 -0.000129147 -5.18578e-05 -0.00122185 -0.000257236 -0.00506376 -4.47326e-05 -0.00471978 -0.000226058 0.0124694 -0.00203916 -0.000901529 -2.97053e-07 -0.000664909 -0.00246202 -4.58388e-07 0.00891892 -0.00214239 -4.19025e-05 0.000907541 -0.00052321 -5.77766e-05 -0.000352319 -0.00554377 -0.00264022 -0.00118357 -0.000645603 3.93418e-07 -1.59022e-05 -0.00036861 -2.14642e-06 -0.00611372 -0.0056492 -0.0056186 -0.00895839 -0.009152 -0.00258814 0.0102108 -4.32222e-06 -5.19713e-06 0.00481845 -0.000176465 0.0114311 -3.96993e-05 -0.00036989 0.00587348 -8.18704e-05 -0.000802351 -9.35484e-05 0.00618054 
-6.52405e-05 0.000163864 1.20718e-05 7.80942e-05 -1.28425e-05 0.000156365 1.30949e-05 0.000318879 4.01555e-05 0.000171155 -0.000649593 0.000154267 -0.000291846 7.27689e-05 -0.000347555 -0.000188853 0.000189625 -0.000106822 -2.08204e-05 0.00121598 -0.000780403 -1.31417e-05 -6.02985e-06 -0.000150335 5.54997e-06 -3.20226e-05 0.000647245 5.5876e-06 -4.08497e-06 -5.52867e-05 0.000502287 0.000103216 2.63424e-07 1.61883e-06 -0.000409425 -1.33129e-06 1.86235e-06 2.39595e-06 1.07437e-06 -0.000141576 -1.86619e-06 4.64675e-05 -5.34162e-07 -0.000418692 2.38882e-09 0.000356451 -2.49285e-06 -1.1152e-05 -1.01504e-07 0.000386114 -0.000603914 0.000148275 3.61951e-05 -7.7913e-05 6.53431e-05 -0.000422309 4.60034e-06 -0.000343176 -2.04696e-05 -0.000147519 -0.000127038 0.000521409 -2.67922e-08 -8.43178e-05 6.12808e-05 1.31854e-06 -0.000391255 -2.63723e-05 0.000161592 0.000597079 -3.05387e-05 -4.12854e-06 -2.0861e-05 0.000265843 -9.35112e-05 2.90657e-05 0.000556653 -2.859e-08 8.8895e-05 2.50904e-06 -1.07309e-07 0.000230419 -0.000392287 -0.000469293 9.86734e-05 0.000470887 6.87937e-05 -4.02961e-05 1.46699e-07 6.89987e-07 -7.55422e-05 4.02152e-06 -0.000372715 2.73292e-05 -0.000127589 -0.000678643 0.000159236 -2.54327e-05 -7.37224e-07 4.13599e-05 
0.00336981 -0.0832222 0.0019655 0.00224075 -0.00609611 -0.000173567 -1.35568e-06 -0.0728184 -0.0955773 -0.0025118 0.128758 -0.0981831 0.0688366 0.0344989 -0.0612241 0.0527062 0.018973 0.025184 0.00504809 -0.000780403 0.204957 0.00342611 0.010197 0.053275 -2.44189e-05 0.00754995 -0.187511 0.00225864 -0.000852177 0.00879449 -0.102129 0.0251948 -0.000143705 -9.30224e-07 -0.00545021 -0.00051335 0.000289079 -8.20832e-06 -0.0081285 0.0521989 0.0494885 -0.00284791 0.000119238 0.0797013 -7.1054e-06 -0.0527809 -9.69785e-05 0.00225832 2.1182e-05 -0.0456918 0.139167 -0.00391868 0.000773402 0.0163934 -0.000734713 0.0942743 0.000571567 0.0625238 -0.00311956 0.0348058 0.0292756 0.0449888 3.51611e-06 0.0211128 -0.0942321 -1.54275e-05 0.0029268 0.0574452 0.00364617 -0.0811645 0.00613537 0.000544015 0.00387921 -0.181992 -0.10358 -0.0398527 -0.0735317 -1.32723e-05 -0.00053519 0.0036462 -2.24912e-05 -0.171289 0.0677989 0.107374 -0.008908 -0.0740787 -0.0994247 0.00950704 -0.000140686 -0.000147383 0.0157394 -0.00368621 0.0925695 -0.00140588 0.0461698 0.128777 -0.00391615 0.0133066 0.00178697 -0.0739683 
-0.000731438 -0.00362964 0.00131764 7.98129e-05 -0.000141292 -3.07536e-06 4.97809e-06 -0.00126506 -0.00176783 -5.30876e-05 0.00224542 -0.000508057 0.00446948 -0.00680415 -0.00490755 0.000395733 -0.00271746 -0.00109638 -0.000200245 -1.31417e-05 0.00342611 0.0122451 0.00192458 0.00669592 6.13519e-06 0.000165426 -0.0039 -8.16119e-05 0.00133416 5.02639e-05 -0.00412961 0.00123074 5.45188e-05 4.89595e-07 -0.00399067 -1.53288e-05 -1.20425e-05 9.29861e-08 -0.000142963 0.000236513 -0.00269701 -5.93022e-05 8.54979e-05 -0.00392925 6.51177e-07 0.00633331 -1.77279e-05 0.000102414 2.06063e-05 -0.000800205 0.00327889 -6.97263e-05 0.000190779 -0.000669242 -0.000170113 0.00421009 9.54035e-05 -0.00320838 0.00107491 -0.00160676 -0.000733571 -0.00358553 6.74714e-06 -0.000689285 -0.00162169 -9.70523e-08 -0.00417332 0.00635984 -0.000162265 -0.00349994 0.00209839 2.17417e-06 0.00346527 -0.00399213 -0.0018413 -0.000619606 -0.00186818 -2.91166e-07 -1.38405e-06 0.00245896 -1.39355e-06 -0.00407644 0.0052511 0.00408383 0.00306513 -0.00580386 -0.00177941 -0.000394262 -3.02097e-06 -1.91915e-06 -1.41871e-06 -0.000113907 0.00476614 0.00010577 -0.0011932 0.00219769 -6.75753e-05 0.00193002 -9.04524e-05 -0.0014129 
-0.00266116 -0.010468 0.000598944 0.00054388 0.000157412 -8.85816e-06 0.000199592 -0.00393648 -0.00334259 -9.78868e-05 0.000180623 0.00317933 -0.00598277 -0.0149976 -0.0132405 -0.00153174 -0.00440997 -0.0025559 -0.00060543 -6.02985e-06 0.010197 0.00192458 0.0346872 0.0056369 1.0275e-05 0.00262279 -0.00831756 0.000121915 0.00119124 0.010392 -0.00345942 -0.00500086 6.00452e-05 2.46659e-06 -0.00204453 -1.5389e-05 -3.47031e-05 -1.87035e-07 -0.000322334 -0.00221917 -0.00650725 -0.000207457 8.00897e-05 0.0103413 6.25241e-05 -0.00639162 0.000351652 5.29011e-07 4.73267e-05 -0.00233112 0.00322159 -0.000197428 -9.80641e-05 0.00385402 4.64054e-06 -0.00306303 0.000231059 0.00292111 0.00194417 -0.00460093 -0.00165721 -0.0104107 -3.21842e-07 0.00394193 -0.00397993 -2.49772e-07 -0.0117588 0.00348899 -0.000541031 -0.0105723 0.0103128 -2.30187e-05 0.00828844 -0.00726577 -0.00515543 -2.54776e-05 -0.00519591 -7.98308e-07 3.32098e-05 0.011401 -1.43689e-07 -0.00567726 0.0162436 0.0151481 0.0109095 -0.00109389 -0.00419747 -0.00116685 -8.76699e-06 -4.12495e-06 0.00870536 0.000513835 0.00111023 -3.79022e-06 -0.00385982 -0.00233851 -0.000199454 0.00299737 -0.000269648 -0.00379791 
-0.00286916 -0.0561045 0.00488842 -0.00387887 -0.00216278 -4.67373e-05 -5.95293e-05 -0.0208805 -0.026773 -0.000791504 0.0740713 -0.0300052 0.0475673 -0.0574852 -0.0452975 -0.0356922 -0.0335567 0.0179862 -0.00277929 -0.000150335 0.053275 0.00669592 0.0056369 0.152924 -2.87647e-05 0.00992432 -0.0592271 -0.000239706 -0.000801479 -0.00652515 -0.0570886 0.0538964 -5.63388e-05 7.48144e-07 -0.0379446 -0.000250004 -0.000200796 -2.69014e-06 -0.00218193 -0.0346716 -0.0240134 -0.000883742 -7.30428e-05 0.0322017 -1.9826e-05 0.0139739 -0.000196584 0.00272918 -1.571e-05 -0.0122082 0.0856616 -0.00132981 0.00108729 0.0265541 -0.00101698 0.0568934 -0.000694601 0.00225739 -0.00281938 -0.024945 -0.0266761 -0.0257738 1.23533e-05 0.0249807 -0.025769 -4.86901e-06 -0.0304689 0.0987818 0.00260133 -0.0493123 0.000267306 -0.000473268 0.00179802 -0.0599526 -0.0279728 -0.0124058 -0.0283778 -3.02161e-06 -0.000169233 0.00102333 -1.89493e-05 -0.0629586 0.0492221 0.0612605 0.0351753 -0.0388881 -0.0270768 -0.0044729 -4.53208e-05 -5.26207e-05 0.0171172 -0.0017923 0.0627409 -0.000379841 -0.0308963 0.0715391 -0.00103412 -0.00893963 -0.00101299 -0.0238484 
6.17684e-05 -4.8731e-05 -1.44482e-06 4.57878e-06 4.43821e-06 4.36702e-06 1.21578e-06 -9.37662e-06 1.11935e-05 4.17658e-06 -4.8245e-06 2.35374e-05 -1.70894e-05 -5.99811e-06 -3.82153e-05 -1.40724e-05 -1.80128e-05 -1.68126e-05 -3.6488e-06 5.54997e-06 -2.44189e-05 6.13519e-06 1.0275e-05 -2.87647e-05 0.000213534 -2.87441e-06 2.24243e-05 1.81141e-05 -4.02644e-07 2.18917e-05 -2.24765e-05 1.12989e-05 -7.76995e-08 -1.95924e-09 -4.64075e-06 -1.68343e-07 -2.31157e-07 -3.04921e-09 -7.06023e-07 -2.83683e-05 -2.20258e-05 -1.75282e-06 1.01907e-07 2.18076e-05 -3.11585e-08 -1.99243e-05 -2.75505e-07 4.73909e-06 -1.78069e-08 2.58909e-06 -2.84618e-06 6.4763e-06 3.84175e-06 -4.42097e-06 2.7849e-05 1.70728e-05 -8.06338e-07 3.16262e-05 4.61638e-06 -2.79562e-05 -1.60277e-05 -5.21231e-05 2.853e-07 3.61723e-06 1.37231e-05 -5.51891e-09 -5.55793e-05 -2.39692e-05 -3.08848e-06 -4.63508e-05 2.26155e-05 -5.20941e-07 3.80627e-05 8.9107e-06 1.7389e-05 3.58447e-05 -2.23348e-05 -5.01557e-09 4.92439e-06 4.73208e-06 -2.58425e-08 -2.36352e-05 -1.85732e-05 1.15044e-05 -1.794e-05 -3.15705e-06 1.88416e-05 -6.50584e-06 9.12946e-08 2.66743e-06 3.04756e-06 -1.4228e-06 -4.27268e-05 -1.19853e-08 -2.52975e-05 -1.97464e-05 3.89512e-06 2.70023e-05 2.32424e-06 -1.42323e-05 
-0.00189368 -0.0077979 0.00348186 -0.000570344 -0.000301256 -6.52405e-06 -3.75325e-06 -0.00291115 -0.00373713 -0.000113787 0.0112481 -0.00421517 -0.00508413 -0.0112799 -0.00814753 0.000426068 -0.00793362 0.00507329 0.00398929 -3.20226e-05 0.00754995 0.000165426 0.00262279 0.00992432 -2.87441e-06 0.0256109 -0.00797515 0.000290108 -0.000110626 -0.000947321 -0.0122401 0.00300569 -7.61369e-06 1.81205e-06 -0.00691881 -2.85095e-05 -2.82541e-05 -3.75516e-07 -0.000304783 -3.843e-05 -0.00358818 -0.000136213 -1.24129e-05 -0.00410047 -3.21722e-06 -0.00081792 -6.67067e-05 0.00592724 -1.04962e-06 -0.00170456 0.0115617 -0.000188058 0.000116026 -0.00104547 -0.000388822 0.00541448 -8.63754e-05 -0.00447313 -0.000400115 0.00207004 -0.00357717 -0.00451761 4.3445e-06 -0.00128805 -0.00363034 -6.79664e-07 -0.00247029 0.012916 -0.000412174 -0.00602881 -0.000745097 -7.9449e-05 -0.000189727 -0.00814503 -0.00390881 -0.00174817 -0.00378447 2.04232e-06 -2.68382e-05 -0.000534818 -1.12549e-07 -0.00906074 0.00310353 0.00638241 0.0037595 -0.0136703 -0.00383912 0.00413911 6.87994e-07 -6.39593e-06 0.0184487 -0.000255761 0.0150009 -5.77307e-05 -0.00365277 0.0107672 -0.000140874 -0.00125058 3.89283e-05 -0.000377143 
-0.0101768 0.0738583 -0.00218664 -0.00225772 0.00711604 0.00016189 1.21609e-05 0.0658845 0.0952471 0.00227215 -0.118492 0.0990006 -0.0785662 -0.0484079 0.0487132 -0.0599705 -0.0338872 -0.0277353 -0.00557429 0.000647245 -0.187511 -0.0039 -0.00831756 -0.0592271 2.24243e-05 -0.00797515 0.215927 -0.00285052 -0.00134011 -0.00867 0.0947947 -0.0159426 -0.00010435 -5.56714e-07 0.0243593 0.000356615 -0.000335486 3.49697e-06 0.00763099 -0.0574007 -0.0563954 0.00206999 -0.000168286 -0.0710714 -9.45443e-06 0.0465615 0.0011616 -0.00237818 -2.6297e-05 0.0440034 -0.128627 0.00363597 -0.000820659 -0.0214299 0.00039933 -0.0903215 -0.000717459 -0.0465179 -0.000334754 -0.0380701 -0.0336381 -0.0557699 -5.8945e-06 -0.0232337 0.0928225 1.43664e-05 -0.015256 -0.0637887 -0.00434346 0.0715026 -0.00928903 -0.000727248 -0.00657588 0.199088 0.101449 0.0400101 0.0676442 -6.9836e-06 0.000446846 -0.00624577 -1.19838e-05 0.187733 -0.0459161 -0.0894417 0.0239374 0.0777375 0.0979384 -0.0103329 9.64032e-05 9.7527e-05 -0.0132316 0.00389077 -0.100647 -0.000685593 -0.050487 -0.124798 0.00375287 -0.015005 -0.0021508 0.0673049 
-0.000194434 -0.00258664 -4.92311e-05 -0.000202788 -9.32285e-05 -9.23432e-07 6.08912e-05 -0.000879409 -0.0014033 4.1056e-06 -0.00155246 -0.00156512 7.57626e-05 0.0015383 -0.00296013 0.00451321 0.00147092 0.00161383 0.00465194 5.5876e-06 0.00225864 -8.16119e-05 0.000121915 -0.000239706 1.81141e-05 0.000290108 -0.00285052 0.00979357 6.81057e-05 0.000920444 -0.00499593 -0.00371169 -2.94824e-06 -9.07372e-08 -0.00273496 -6.36283e-06 0.000129395 3.48784e-07 4.29375e-05 0.00390944 0.00338258 -8.0022e-05 0.000162725 -0.00123756 -4.96358e-07 -0.000778774 -2.45837e-05 0.00010706 3.1122e-05 -0.000479297 -0.0016935 -5.74468e-05 7.69363e-05 -0.000473857 0.000928467 -0.00102492 -3.60568e-05 -0.00229745 0.000102875 0.00387039 -0.000643575 -0.000482653 5.35656e-07 0.000530911 -0.00135656 2.74406e-07 0.00218444 -9.36605e-06 -0.000131745 0.000990162 0.000908593 0.000163727 0.000748608 -0.00304653 -0.00130607 0.000326163 0.00116163 -2.32283e-07 -8.02932e-07 -0.000199301 8.42651e-06 -0.00318968 -0.00317393 -0.00164873 -0.00289303 -0.00340433 -0.00138329 0.00172143 3.42662e-06 -2.8122e-07 0.000271891 -8.95707e-05 0.00439748 -1.47986e-05 -0.000552514 0.00057381 6.69785e-05 0.000773707 -6.83461e-05 0.00290884 
0.0018903 -0.000892927 -2.03196e-05 8.69966e-05 -3.56528e-05 -1.07536e-06 1.18686e-05 0.00170398 -0.000616715 1.9937e-05 -0.00229298 0.000364637 -0.00109001 -0.00129294 -0.000986606 0.00330442 0.00216032 -0.000365938 -7.59329e-05 -4.08497e-06 -0.000852177 0.00133416 0.00119124 -0.000801479 -4.02644e-07 -0.000110626 -0.00134011 6.81057e-05 0.00431671 0.00035585 0.00165509 -0.00282927 0.000232823 5.56896e-07 -0.00150876 7.15612e-05 -4.59564e-06 -5.22992e-09 -4.85963e-05 0.00177272 -0.000662629 -7.93632e-06 2.71838e-05 -0.000792067 1.39875e-05 -0.000824859 -9.95667e-06 -3.93074e-05 2.82187e-06 -0.000260551 -0.00232428 -9.16993e-06 2.40734e-06 0.00195923 5.59891e-05 -0.00171146 4.66086e-05 -0.00127007 0.00254271 -0.000536537 0.00116617 -0.000751558 2.47126e-06 -0.000204853 -0.000600001 2.31304e-07 -0.000853332 -0.000884267 2.80955e-05 -0.00122162 0.00338539 1.01781e-06 0.00335106 -0.00135881 -0.00064211 -4.89084e-05 -0.00058346 1.78449e-05 4.74693e-05 0.00330502 2.80154e-05 -0.0014833 -0.000506768 -0.00179132 -0.00213844 -0.000637286 -0.00062928 -0.000137719 -1.03968e-06 -2.2684e-07 -0.000193884 -1.08731e-05 -0.0014224 0.00184157 0.000324133 -0.00225833 -1.99689e-05 0.00193403 3.58151e-05 0.00133922 
-0.00257948 -0.00611534 -0.000304319 0.000658697 0.000722192 -9.57172e-06 0.000130378 -0.00293219 -5.16123e-05 0.000469946 -0.00301242 0.00186646 -0.00257282 -0.00395884 -0.0026961 0.00118287 0.00584068 -0.00200875 -0.000820563 -5.52867e-05 0.00879449 5.02639e-05 0.010392 -0.00652515 2.18917e-05 -0.000947321 -0.00867 0.000920444 0.00035585 0.0442817 0.00931293 -0.00997458 2.5595e-05 3.64007e-07 -0.00481083 -1.74724e-05 8.74234e-05 -1.2983e-08 7.009e-05 -0.00106929 0.000564659 0.000465338 5.63446e-05 0.000455988 8.60186e-05 -0.00409397 -3.93314e-05 -0.000422359 3.7025e-05 -0.00253598 -0.00143653 -0.000162216 0.000102226 0.0060609 0.00468004 -0.00360957 -2.06069e-05 -0.00531969 0.00066136 -0.00434681 0.00137399 0.00135001 -6.19505e-08 0.0063716 -0.00141382 -7.83297e-07 -0.00665101 -0.00570808 -0.000589081 -0.00412752 0.0117209 0.00102007 0.00730208 -0.00691567 -0.0041094 0.0043064 -0.00610507 -8.90524e-07 -5.15346e-07 0.00808116 2.25878e-05 -0.00820263 -0.000914306 0.00249766 0.00742692 0.00100049 -0.00135457 -0.00152253 -8.91801e-06 -5.83501e-06 -0.00207045 0.000981699 -0.0114483 -7.75032e-06 -0.00148757 -0.00699457 -0.00023351 0.00188814 0.000190622 -0.00289668 
0.0030511 0.124693 -0.00358791 0.00873531 0.00394872 0.000105136 1.00104e-05 0.0442681 0.0592676 0.00180303 -0.159831 0.0660398 -0.134724 0.055021 0.144144 0.0478702 0.124155 0.000773078 -0.0100099 0.000502287 -0.102129 -0.00412961 -0.00345942 -0.0570886 -2.24765e-05 -0.0122401 0.0947947 -0.00499593 0.00165509 0.00931293 0.245002 -0.0762036 0.000118818 1.17479e-06 -0.0789482 0.00042519 0.000162111 4.86899e-06 0.00147364 0.0446807 0.054694 0.00142234 -0.000145183 -0.169819 5.9606e-05 0.0364137 0.00079723 -0.00513757 -1.92211e-05 0.0260818 -0.159169 0.00296218 -0.000304715 0.0284344 0.0036142 -0.187701 0.00127219 -0.141792 0.00615736 0.018503 0.0583462 0.100921 -6.32918e-06 0.0212108 0.0575061 9.04648e-06 0.106922 -0.0954557 0.00633818 0.0951945 0.0109929 -0.00135573 0.00448783 0.0915786 0.0578275 0.0274295 0.0561062 6.85809e-06 0.000358289 0.00809488 1.6104e-05 0.0816083 -0.153308 -0.181953 -0.0928333 -0.0285318 0.0610562 -0.0151275 -5.04742e-06 3.62357e-05 -0.0346696 0.00375375 -0.146789 0.000950236 0.0570334 -0.166614 0.00116729 0.0191017 0.00174313 0.0358789 
0.00567839 -0.100286 0.00198737 -0.0144174 -0.001461 6.54033e-05 -0.000202015 -0.0623898 0.0317801 -0.00212153 0.120721 0.0283393 0.0691506 -0.0935685 -0.131384 -0.0985706 -0.129255 -0.0136916 -0.00947621 0.000103216 0.0251948 0.00123074 -0.00500086 0.0538964 1.12989e-05 0.00300569 -0.0159426 -0.00371169 -0.00282927 -0.00997458 -0.0762036 0.219673 -0.00023904 -8.50847e-07 0.0123125 -0.00078521 -0.000620104 -9.27125e-06 -0.00679593 -0.0975423 -0.0792829 -0.00257426 -0.000351727 0.0902939 -7.98858e-05 0.0613069 0.000364734 0.0018884 -5.60493e-05 -0.0386695 0.125323 0.000873407 -0.000202234 0.000255123 -0.00173037 0.112141 -0.00192789 0.0794196 -0.0109376 -0.0778057 -0.0803899 -0.0762544 -2.40241e-06 0.0018884 0.0327078 -3.51331e-06 -0.149407 0.0645962 0.00170831 -0.00630879 -0.010111 -0.00106393 -0.00734221 -0.0154466 0.0244735 0.00845118 -0.0769091 -1.34179e-05 -0.000616571 -0.00784715 -2.84294e-06 -0.00191982 0.0932558 0.113871 0.139475 0.0374903 0.035819 -0.020276 -8.53794e-05 -5.19684e-05 0.0125995 -0.00367613 0.0375519 -0.00148015 -0.0871138 0.0948109 -0.0022641 -0.0302698 0.0016544 -0.0764155 
0.000177597 -8.93156e-05 -2.83488e-06 2.27266e-05 -4.30368e-06 -1.01848e-07 7.66783e-07 0.000132756 -4.88972e-05 -1.58402e-06 -0.000182741 -1.02464e-05 -0.000102172 -0.000144684 -9.59986e-05 0.000164118 0.000184048 -1.34111e-06 -4.71746e-06 2.63424e-07 -0.000143705 5.45188e-05 6.00452e-05 -5.63388e-05 -7.76995e-08 -7.61369e-06 -0.00010435 -2.94824e-06 0.000232823 2.5595e-05 0.000118818 -0.00023904 0.000410448 -3.76672e-09 -0.00012204 2.09872e-06 -4.44409e-07 -5.86224e-09 -3.21564e-06 6.54345e-05 -4.13279e-05 3.20537e-06 2.98894e-05 -7.66024e-05 2.90676e-06 -6.80999e-05 -8.68757e-07 -3.65687e-06 4.92432e-07 -2.40261e-05 -0.000188612 -1.48347e-06 1.00673e-07 0.000224269 -3.72663e-06 -0.000156437 -1.43355e-06 -0.000120326 0.000280122 -1.368e-05 -3.9962e-05 -8.63294e-05 1.3943e-06 -2.57495e-05 -4.8831e-05 -1.06103e-08 -3.75378e-05 -7.70983e-05 4.09535e-05 -6.73655e-05 0.000308318 -1.39245e-06 0.000281028 -8.45826e-05 -5.79056e-05 -1.79361e-05 -2.55197e-05 1.68369e-06 1.06985e-06 0.000300558 5.51032e-06 -0.00011875 -7.2562e-05 -0.000152912 -0.000195562 -3.13707e-05 -5.04029e-05 3.22547e-07 -1.00047e-07 -1.20298e-07 -1.71384e-05 -1.72065e-06 -0.000116707 0.000222623 -5.14529e-05 -0.000191491 2.32012e-07 0.000113777 -3.06559e-06 0.000172066 
-1.1574e-07 -1.10394e-06 3.25637e-06 -2.04639e-07 -1.05305e-07 -2.27532e-09 -2.90165e-09 -3.415e-07 -5.62229e-07 6.72956e-07 -1.68676e-06 2.48422e-06 -1.48841e-06 -3.35273e-06 -3.03376e-06 -4.50679e-07 -2.62323e-06 -7.61034e-07 -1.0273e-07 1.61883e-06 -9.30224e-07 4.89595e-07 2.46659e-06 7.48144e-07 -1.95924e-09 1.81205e-06 -5.56714e-07 -9.07372e-08 5.56896e-07 3.64007e-07 1.17479e-06 -8.50847e-07 -3.76672e-09 9.17325e-06 -2.09681e-06 -1.22413e-08 -9.92827e-09 -1.30965e-10 -1.07062e-07 5.64781e-07 -1.99157e-06 -3.3731e-08 -4.92898e-09 -4.95474e-07 -1.33827e-09 -1.80086e-07 4.93237e-07 1.18925e-06 -7.64811e-10 -5.94615e-07 -6.60725e-07 8.79791e-07 -3.17083e-08 6.68137e-07 -1.37914e-07 -1.80483e-06 -3.46325e-08 -1.60814e-06 5.3062e-07 -7.64924e-07 -4.69826e-07 -7.6287e-07 -2.01874e-10 3.05094e-08 -5.69868e-07 -2.37039e-10 -3.34781e-06 2.96388e-06 -7.66414e-08 -1.59826e-06 1.67607e-06 -3.11078e-08 1.74469e-06 -6.25875e-07 -1.32905e-06 -5.52412e-07 -1.34582e-06 -2.1542e-10 -9.8332e-09 1.76086e-06 -1.10994e-09 -8.37302e-07 -1.68182e-06 1.19977e-06 1.47137e-07 1.89938e-06 -4.62274e-07 -2.43623e-07 -2.23508e-09 -2.68751e-09 2.46747e-06 1.85388e-08 1.62069e-06 1.12632e-07 -3.42669e-07 -1.19831e-06 -5.08911e-08 2.39099e-07 -4.64935e-08 -4.91148e-07 
