0.0181621 -6.24691e-07 -6.15256e-08 -9.24461e-07 -0.0128706 0.00845972 -0.0119249 5.58737e-08 0.000151888 0.00012551 -2.76535e-06 4.40766e-06 -1.33578e-06 -0.00790234 -6.4527e-07 -6.08527e-07 -8.89389e-05 0.0070039 -0.000105483 -0.000544083 0.00794995 -2.9691e-07 -1.41037e-06 0.0103523 -1.03188e-05 -2.38144e-06 0.000891976 1.5833e-06 5.27381e-06 2.21492e-05 3.00731e-05 7.58807e-07 -0.000114088 7.22425e-07 -3.88195e-06 6.37285e-06 -1.25023e-06 1.99602e-07 -0.00278945 0.00106053 0.00189459 6.66164e-09 -8.14594e-06 -7.51493e-05 -0.00685497 -5.93652e-07 1.30091e-07 -2.45357e-06 -0.0138875 -6.33964e-07 -0.000357555 7.31485e-05 -5.39534e-06 -4.41517e-06 0 -6.3671e-05 2.32434e-05 -2.07876e-07 -2.19102e-07 -1.04565e-05 2.54059e-06 -9.07057e-06 -0.000133224 2.45124e-07 0.000384836 -0.0071192 7.71699e-10 -0.000154341 0.000641795 -3.45857e-08 -0.000162374 4.52216e-05 0 0.00138402 -8.76969e-06 -4.00075e-06 -0.000417995 -2.30454e-05 -1.97411e-06 3.95721e-06 -1.13608e-06 3.6888e-05 -4.61441e-06 -2.00058e-06 -4.44262e-06 3.00571e-06 -4.08171e-07 0.0020668 0.000591229 0.000178942 -1.08123e-07 7.52519e-09 -7.71383e-07 0.00656173 4.00932e-09 -0.00029083 -0.00201035 -2.49488e-06 -1.82925e-06 -0.000131083 
-6.24691e-07 2.20828e-05 -1.33877e-09 5.06887e-07 -3.40724e-07 -1.15729e-05 -2.14668e-07 -8.25917e-11 6.61721e-07 3.57455e-06 -6.46011e-10 -1.55074e-08 -6.86792e-11 -1.92821e-07 -4.6241e-09 -1.36917e-11 -3.07139e-07 -1.13247e-06 -9.14866e-06 7.27948e-08 2.28287e-07 -9.12042e-11 -1.55894e-09 -2.65407e-06 3.27703e-08 -1.89181e-09 -1.69972e-07 3.06903e-08 -3.09772e-08 -3.58726e-08 2.91186e-08 1.4619e-07 3.52897e-07 -1.53442e-09 -1.52817e-10 1.28372e-07 -3.69675e-10 -2.38206e-10 -5.65521e-07 7.30757e-06 -4.80068e-06 -7.95e-12 -1.29769e-09 -2.55634e-08 3.69615e-07 -1.55319e-11 -4.41667e-10 -1.78728e-10 5.11796e-07 -3.53569e-09 -7.26562e-08 -8.61667e-07 -8.36958e-10 -7.49656e-10 0 -2.64993e-07 -3.15496e-08 -5.82264e-11 -4.48292e-11 2.65306e-07 -4.62315e-09 -2.1016e-10 2.04793e-07 -2.92531e-10 -4.07712e-07 2.03215e-07 -4.86569e-11 -3.92723e-07 6.14739e-07 -1.25801e-10 9.84343e-08 -6.82261e-07 0 -1.99786e-06 -6.84583e-10 -2.09939e-10 -3.13643e-08 -9.52307e-10 -6.27167e-11 -4.62681e-07 -1.5186e-10 -5.91704e-08 -2.33421e-10 -1.38536e-10 -3.46568e-09 -6.09316e-09 -1.33457e-10 1.33363e-06 5.08915e-06 2.05589e-06 4.6573e-07 -8.98056e-12 -3.32501e-10 -3.42298e-06 -4.78472e-12 6.80508e-07 -6.09363e-06 -5.90876e-10 -9.59594e-10 -3.94883e-07 
-6.15256e-08 -1.33877e-09 6.06197e-05 5.50427e-08 4.85344e-07 -3.26394e-05 9.24607e-07 -2.26731e-10 5.68552e-07 2.15899e-06 -1.77343e-09 -4.25711e-08 -1.88539e-10 -2.09334e-07 -1.26941e-08 -3.75865e-11 4.20174e-07 -7.73653e-06 1.62464e-06 -3.18054e-07 -3.78117e-06 -2.50374e-10 -4.2796e-09 -3.26447e-07 7.37669e-07 -5.1934e-09 -8.93449e-07 -1.46242e-06 6.4961e-08 -9.84778e-08 2.43026e-06 1.02457e-06 5.54391e-07 -4.21231e-09 -4.19513e-10 -7.76755e-08 -1.01483e-09 -6.53924e-10 8.03086e-06 3.05325e-05 -4.2894e-06 -2.18244e-11 -3.56243e-09 8.93156e-07 -4.49441e-07 -4.26384e-11 -1.21247e-09 -4.90645e-10 -5.09756e-07 -9.7062e-09 -1.86123e-07 -3.38332e-06 -2.29762e-09 -2.05796e-09 0 2.81587e-06 3.86723e-07 -1.59844e-10 -1.23065e-10 1.36265e-07 -1.26915e-08 -5.76932e-10 -1.4293e-08 -8.03057e-10 2.9557e-06 9.97166e-06 -1.33573e-10 -5.98105e-07 -4.44514e-06 -3.45351e-10 1.237e-06 -9.16281e-07 0 -6.5517e-06 -1.87932e-09 -5.76326e-10 3.67232e-07 -2.61428e-09 -1.7217e-10 1.09405e-08 -4.16886e-10 1.83423e-06 -6.40789e-10 -3.8031e-10 9.0486e-08 3.27301e-09 -3.66367e-10 -2.0324e-05 -2.18827e-06 -4.45088e-07 -2.57245e-09 -2.46535e-11 2.59087e-07 -1.91758e-06 -1.31351e-11 -2.71908e-06 -2.5223e-05 -1.62208e-09 -2.63429e-09 -9.30573e-06 
-9.24461e-07 5.06887e-07 5.50427e-08 0.00254953 -3.46371e-05 -0.00155162 -9.5784e-05 -9.55969e-09 -1.86506e-05 0.000186549 6.41893e-07 3.19507e-06 5.20506e-08 -1.00617e-05 3.68781e-05 -1.58476e-09 -2.55569e-05 0.00104485 -0.000814965 0.00132632 6.6996e-05 -1.05566e-08 -1.37108e-07 -0.000182456 1.8624e-05 7.14103e-06 -4.77694e-06 -3.62771e-06 -3.43551e-06 3.80121e-06 -8.49388e-07 -1.21263e-06 -2.73553e-05 -1.77604e-07 -1.7688e-08 -2.61504e-06 2.38781e-08 7.59095e-07 -5.62104e-05 0.00165334 -0.000894609 -9.20184e-10 -1.50203e-07 -2.17554e-06 -1.89498e-05 -1.79777e-09 -5.11213e-08 -2.06871e-08 -4.34773e-05 -4.09243e-07 -8.38303e-06 -0.000377552 -4.02083e-08 1.0323e-07 0 -2.2292e-05 -1.38417e-07 -6.7395e-09 -5.18882e-09 2.32504e-07 -5.35113e-07 -2.43252e-08 -6.02635e-07 8.61406e-08 1.00336e-05 6.17987e-07 -5.63187e-09 -2.86962e-05 7.37682e-05 7.54389e-08 5.965e-05 -4.35992e-05 0 -0.000592452 -7.92381e-08 -2.42997e-08 -2.9303e-06 -8.68928e-08 -7.25923e-09 -7.56872e-06 -1.75772e-08 1.17312e-05 -2.70176e-08 -1.60351e-08 7.32193e-07 1.74739e-07 1.45528e-08 -0.00122998 -6.10493e-05 -1.9206e-05 -1.08462e-07 -1.03947e-09 -3.84858e-08 -2.39268e-05 -5.53814e-10 0.000515473 -0.000531978 -6.83918e-08 -6.77363e-08 -0.0008255 
-0.0128706 -3.40724e-07 4.85344e-07 -3.46371e-05 0.0215834 -0.013341 0.0116269 -6.92104e-08 -0.000227376 -0.000260529 2.10436e-06 -6.12844e-06 1.32469e-06 0.00821785 -3.60142e-06 5.7965e-07 -9.54172e-05 -0.0125596 0.00076012 0.00124472 -0.00980975 3.12182e-07 -1.46803e-06 -0.0132387 -6.68692e-06 1.84262e-06 -0.000895186 5.15251e-06 6.26405e-06 -2.45118e-05 -3.59896e-05 -8.89055e-06 4.23895e-05 -8.802e-07 3.83394e-06 -1.80852e-05 8.90539e-07 -1.54734e-07 0.00311965 -0.0024583 -0.00100077 -7.94539e-09 1.06997e-05 6.32614e-05 0.00670613 6.8781e-07 2.47526e-06 2.16804e-06 0.0149581 -3.27364e-06 0.000431553 -8.27863e-05 5.68353e-06 6.26411e-06 0 0.000135374 -2.85179e-05 -2.81926e-08 2.11863e-07 -1.35991e-06 -2.5738e-06 9.2033e-06 0.00012179 -2.92361e-07 -0.000332524 0.0107921 1.14705e-07 0.00101081 -0.00416382 -8.57284e-08 -6.42487e-05 6.37083e-05 0 -0.001031 6.33248e-06 4.34352e-06 0.000290417 2.02116e-05 2.38732e-06 2.73966e-06 -1.51772e-07 -5.55394e-05 4.70338e-06 2.94154e-06 5.84966e-06 -4.67629e-06 -1.3338e-07 -0.00272921 -0.00075588 0.00026447 -5.33193e-07 -8.97535e-09 8.01025e-07 -0.00691925 -1.44861e-09 -0.00126669 0.00270339 3.43947e-06 3.2343e-06 8.77228e-05 
0.00845972 -1.15729e-05 -3.26394e-05 -0.00155162 -0.013341 0.232261 -0.0236962 1.1452e-06 -0.000844262 -0.00634752 -1.72096e-05 -0.000410074 -1.93922e-06 -0.00547351 -0.000115986 -3.65911e-07 -0.00643559 -0.11156 -0.00632501 -0.00960566 0.000791635 -9.0174e-07 -2.3223e-06 0.0782263 -0.000298898 -1.93599e-05 0.00110064 -0.000464888 -0.000286633 -0.000937029 0.000147511 -0.000251647 -0.0084421 -1.50628e-05 -2.12167e-06 5.64501e-05 -1.05996e-05 -2.76001e-06 -0.000628397 -0.156466 0.111539 2.53851e-08 2.38833e-06 -0.000486304 -0.00453796 -4.45343e-07 1.74287e-06 -9.14615e-07 -0.010939 -6.93212e-05 0.00019868 0.00130657 -2.34479e-05 -1.1208e-05 0 -0.00610703 -0.000408559 2.38234e-08 4.31292e-07 -1.19117e-05 -3.17149e-05 -6.01252e-06 -5.05983e-05 -4.06099e-06 -0.0159879 -0.143422 -3.58461e-07 0.00307128 -0.099454 -2.71707e-06 -0.00131939 0.00294421 0 0.0074476 -1.06422e-05 -5.88286e-06 4.02298e-05 -2.17552e-05 -1.78159e-06 8.06295e-06 3.15766e-07 -0.00159037 -1.61948e-06 -1.49554e-06 -9.23907e-05 -9.49976e-05 1.12676e-06 0.0773752 -0.0264598 -0.000795703 -1.46168e-06 -2.57497e-07 3.28294e-06 0.00885327 -1.37191e-07 -0.00579917 0.114305 -1.04554e-05 -6.16087e-06 0.0232246 
-0.0119249 -2.14668e-07 9.24607e-07 -9.5784e-05 0.0116269 -0.0236962 0.0373434 -1.31977e-07 -0.000219072 -0.000513302 5.13009e-06 3.10332e-05 1.6825e-06 0.00724412 -4.68887e-06 5.69245e-07 -0.000109346 0.00170825 0.00228791 0.000808084 -0.00617042 3.26204e-07 -1.41609e-06 -0.0306913 5.82656e-05 2.66827e-06 -0.00100138 4.58192e-05 -8.9066e-07 1.63566e-05 3.28355e-05 -1.0689e-05 0.000236691 1.2637e-06 1.7878e-06 -1.60881e-05 -6.03977e-08 -1.0576e-07 0.00158324 0.0127142 -0.0113416 -1.3987e-08 3.46873e-07 0.000161914 0.00581439 5.7934e-07 -5.37058e-07 2.58888e-06 0.0122001 0.000116209 0.000437217 -0.00067157 2.85175e-05 5.89441e-06 0 7.23369e-05 7.19957e-05 2.07558e-07 -7.88714e-08 -2.29732e-06 -2.42052e-06 8.96692e-06 0.000119773 9.35328e-07 -0.000165174 0.0273971 -2.22726e-08 -0.000297674 0.00370189 1.68668e-07 -5.83977e-05 0.00391023 0 -0.00483612 3.09556e-06 4.55397e-06 0.000170402 1.77679e-05 9.26324e-07 -8.48345e-07 -2.67179e-07 4.6457e-05 4.74932e-06 1.2896e-06 1.11192e-05 -4.13683e-06 -2.34801e-07 -0.0144154 0.00135714 -0.000384589 -1.64866e-06 -1.58002e-08 -1.98329e-07 -0.00572713 -8.41813e-09 -0.000221981 -0.0150769 4.42709e-06 2.76504e-06 -0.00376227 
5.58737e-08 -8.25917e-11 -2.26731e-10 -9.55969e-09 -6.92104e-08 1.1452e-06 -1.31977e-07 3.73999e-06 3.26769e-07 -3.22953e-08 -1.09407e-10 1.0707e-08 -1.16314e-11 -1.93226e-08 -7.83131e-10 -2.3188e-12 -2.86832e-08 -9.65276e-07 -9.75627e-07 -6.21893e-08 -1.66309e-07 -1.54462e-11 -2.64019e-10 -2.10004e-08 -1.78894e-09 -3.20393e-10 -6.55431e-09 5.19766e-09 4.48087e-07 -6.07533e-09 -3.02575e-09 -1.77431e-09 -5.03169e-08 -2.59868e-10 -2.58808e-11 -4.79199e-09 -6.26076e-11 -4.03421e-11 1.27756e-06 -8.78147e-07 -9.26623e-07 -1.3464e-12 -2.19775e-10 -4.32939e-09 -2.77271e-08 -2.63047e-12 -7.48e-11 -3.02691e-11 -5.63641e-08 -5.98799e-10 -1.23049e-08 -6.22712e-08 -1.41746e-10 -1.26961e-10 0 -4.48789e-08 -5.34319e-09 -9.86113e-12 -7.5922e-12 -2.30446e-10 -7.82969e-10 -3.55923e-11 -8.81767e-10 -4.95425e-11 -8.3378e-08 -9.46197e-07 -8.24047e-12 7.01557e-08 -6.81472e-07 -2.13055e-11 -1.66365e-08 2.04453e-07 0 -1.01517e-07 -1.1594e-10 -3.55549e-11 -5.31181e-09 -1.61281e-10 -1.06216e-11 6.74945e-10 -2.57187e-11 -1.0021e-08 -3.95318e-11 -2.34623e-11 -5.86943e-10 -1.03193e-09 -2.26021e-11 -1.12289e-06 -1.73455e-07 -3.24704e-08 -1.58701e-10 -1.52093e-12 -5.63119e-11 -2.57948e-07 -8.10333e-13 -7.8951e-08 7.00341e-07 -1.0007e-10 -1.62515e-10 1.06972e-07 
0.000151888 6.61721e-07 5.68552e-07 -1.86506e-05 -0.000227376 -0.000844262 -0.000219072 3.26769e-07 0.0122953 -7.25961e-05 6.55786e-07 -7.60293e-06 -2.20539e-08 -9.83139e-05 -4.73687e-07 -7.71922e-09 -5.42882e-05 -0.00021438 -0.000339327 -0.000169413 -0.00163355 1.43191e-06 4.57775e-06 0.000557527 -2.93867e-06 -3.13247e-07 -4.64628e-05 -0.000565134 5.21654e-05 -5.17126e-06 -2.04921e-06 1.34867e-05 -0.000128363 -8.65092e-07 -6.61564e-08 -4.46238e-06 -2.08419e-07 -1.34298e-07 0.00155854 -0.00164704 -0.00186075 -4.48213e-09 1.32838e-06 4.34266e-07 -8.52961e-05 -8.75675e-09 -2.49007e-07 9.92352e-08 -0.000210144 1.68328e-06 1.81172e-05 3.24886e-05 -3.75202e-07 -2.35981e-07 0 0.00010855 -1.0544e-05 6.38392e-08 1.24726e-07 -2.03816e-07 1.17685e-06 -1.18486e-07 5.01796e-06 -1.04926e-07 -0.000144079 -0.00202322 -2.74323e-08 0.00036659 -0.000536471 -7.09255e-08 1.77476e-05 -0.000260588 0 -0.000526312 -3.85961e-07 -1.18361e-07 -1.43329e-05 -4.63567e-07 -3.5359e-08 -5.50646e-06 7.5105e-07 8.08037e-06 -1.316e-07 -7.47719e-08 -1.59725e-06 -3.39859e-06 4.80917e-08 -0.00263449 0.000715664 -0.000122009 5.25023e-07 -5.06314e-09 2.04587e-06 -0.00198665 -2.69758e-09 -0.000467092 0.000898842 -1.5313e-07 1.40023e-05 0.000367248 
0.00012551 3.57455e-06 2.15899e-06 0.000186549 -0.000260529 -0.00634752 -0.000513302 -3.22953e-08 -7.25961e-05 0.0137872 -4.0904e-07 -6.73898e-06 -4.34862e-08 -0.000108304 1.23821e-05 -8.66927e-09 -0.000186164 0.00434333 -0.00954784 -0.000124347 8.26018e-05 1.88918e-07 -9.87085e-07 0.00124732 2.1017e-06 -1.04452e-06 1.698e-06 -1.88742e-05 -1.91908e-05 -1.27105e-07 -1.18413e-05 -5.48024e-06 -0.000120659 4.88436e-07 2.65731e-08 -1.35624e-05 -1.40737e-07 6.49173e-07 -0.000310509 0.0047159 -0.0025198 1.16329e-08 2.81663e-07 -9.50956e-06 -8.88131e-05 -9.8345e-09 -2.79654e-07 -1.13167e-07 -0.00022456 1.74794e-06 -4.5681e-05 -0.000126117 -5.29944e-07 7.08667e-07 0 5.28119e-05 -1.61932e-05 -3.68677e-08 -2.83849e-08 9.5351e-06 -2.53061e-06 -1.33069e-07 -2.12332e-06 -1.58557e-07 -0.00035748 -0.00294719 -3.08085e-08 -0.000192364 -0.0023624 5.73679e-07 -6.48862e-06 -0.000258893 0 -0.00364146 -3.93464e-07 -1.32929e-07 6.21413e-06 -6.0298e-07 1.36956e-07 5.90077e-07 -9.61543e-08 -3.21621e-05 -1.47797e-07 -8.77181e-08 1.93423e-05 9.24519e-05 -8.45021e-08 0.00194735 5.82698e-05 0.00010671 -1.69999e-07 -5.6863e-09 -2.10533e-07 0.000381459 -3.02958e-09 0.0056782 -0.00157427 -8.74637e-08 5.99241e-06 -0.000792436 
-2.76535e-06 -6.46011e-10 -1.77343e-09 6.41893e-07 2.10436e-06 -1.72096e-05 5.13009e-06 -1.09407e-10 6.55786e-07 -4.0904e-07 2.92525e-05 9.06124e-07 -9.09779e-11 2.36791e-06 -6.12545e-09 -1.81371e-11 -1.20194e-07 8.26924e-06 -1.11547e-07 2.62357e-06 -2.59348e-06 -1.20816e-10 1.46016e-08 -1.79474e-05 1.26601e-06 -2.50604e-09 -1.41364e-06 -7.32679e-07 9.08965e-07 1.19147e-07 -4.97392e-08 2.7885e-09 2.4831e-06 -2.03262e-09 -2.02433e-10 -3.74817e-08 -4.89701e-10 -3.15546e-10 -4.65801e-07 1.74293e-05 -8.42175e-06 -1.05312e-11 -1.71902e-09 3.7947e-07 2.52979e-06 -2.05748e-11 -5.85067e-10 -2.36757e-10 2.20484e-06 -4.68365e-09 -9.62462e-08 -1.70407e-06 -1.1087e-09 -9.93053e-10 0 6.38969e-07 -4.17931e-08 -7.71313e-11 -5.93843e-11 -1.80249e-09 -6.12419e-09 -2.78394e-10 -3.56363e-09 -3.87509e-10 3.80355e-06 1.54823e-05 -6.44548e-11 4.96435e-07 4.71241e-06 -1.66646e-10 2.32987e-06 1.79956e-06 0 -8.5085e-06 -9.06853e-10 -2.78102e-10 -3.82143e-08 9.92072e-07 -8.30795e-11 5.27925e-09 -2.01165e-10 1.72495e-06 -3.09208e-10 -1.83516e-10 8.18742e-07 -8.07148e-09 -1.76788e-10 -1.78972e-05 -4.80053e-07 -2.15526e-07 8.22092e-07 -1.18964e-11 -4.40458e-10 -5.38594e-06 -6.33822e-12 -1.29246e-07 -1.92063e-05 -7.82722e-10 7.72062e-07 -7.65924e-06 
4.40766e-06 -1.55074e-08 -4.25711e-08 3.19507e-06 -6.12844e-06 -0.000410074 3.10332e-05 1.0707e-08 -7.60293e-06 -6.73898e-06 9.06124e-07 0.00070173 -2.18391e-09 1.89252e-05 5.86292e-07 -4.35378e-10 6.727e-05 0.000273912 2.51095e-05 0.00011185 1.70707e-05 -2.90018e-09 6.3761e-08 -0.000380604 9.84108e-07 1.32651e-06 -3.63105e-05 9.75915e-07 -2.11706e-07 1.50026e-05 -1.00065e-06 1.20189e-07 3.71025e-05 -4.87928e-08 3.51406e-08 -8.99745e-07 -1.17552e-08 -7.57465e-09 -1.46796e-05 0.000442181 -0.000253351 -2.528e-10 -4.1265e-08 8.37711e-06 -4.84272e-06 -4.93897e-10 -1.40445e-08 -5.68333e-09 -5.77307e-06 4.04236e-07 -8.57047e-07 -3.55038e-05 5.67191e-08 -2.38381e-08 0 -5.1598e-06 8.16762e-07 -1.85153e-09 -1.42551e-09 2.67313e-08 5.36632e-06 -6.68283e-09 4.37772e-07 -9.30212e-09 0.000134158 0.000461687 -1.54723e-09 -1.20248e-05 7.08949e-05 -4.00033e-09 1.753e-06 6.03616e-05 0 -0.000420364 4.89774e-09 -6.6758e-09 4.12932e-06 -3.02822e-08 -1.99431e-09 -3.32721e-08 -4.82896e-09 -4.3488e-07 -7.4225e-09 -4.40528e-09 1.89795e-07 -1.80422e-07 -4.24377e-09 -0.000325438 -3.17512e-05 5.93758e-05 -2.97977e-08 -2.85571e-10 -1.05731e-08 -2.0261e-05 -1.52148e-10 -1.69696e-06 -0.000513436 1.06788e-06 -3.05139e-08 -6.71763e-05 
-1.33578e-06 -6.86792e-11 -1.88539e-10 5.20506e-08 1.32469e-06 -1.93922e-06 1.6825e-06 -1.16314e-11 -2.20539e-08 -4.34862e-08 -9.09779e-11 -2.18391e-09 3.10999e-06 1.36618e-06 -6.51213e-10 -1.9282e-12 -4.32544e-08 -9.49933e-08 2.00401e-07 1.93162e-06 7.51011e-08 -1.28443e-11 -2.19545e-10 -2.40846e-06 -1.4876e-09 -2.66423e-10 -1.05436e-06 -1.23445e-08 1.58971e-07 -5.05195e-09 -5.2879e-09 -1.47543e-09 2.40483e-06 -2.16093e-10 -2.15212e-11 -3.98478e-09 -5.20614e-11 -3.35465e-11 -7.96425e-08 2.27711e-06 -1.12533e-06 -1.1196e-12 -1.82754e-10 -3.6001e-09 -2.30565e-08 -2.18737e-12 -6.22e-11 -2.51703e-11 1.33538e-06 -4.97932e-10 -1.02322e-08 -5.51363e-07 -1.17869e-10 -1.05574e-10 0 -3.73191e-08 -4.44313e-09 -8.20003e-12 -6.3133e-12 -1.91628e-10 -6.51079e-10 -2.95968e-11 -7.33234e-10 -4.11971e-11 -8.04204e-08 2.1127e-06 -6.85237e-12 -3.86405e-08 -1.34852e-07 -1.77166e-11 -1.38341e-08 3.40584e-07 0 -2.17365e-06 -9.641e-11 -2.95657e-11 5.5583e-08 -1.34114e-10 -8.8324e-12 5.61251e-10 -2.13864e-11 -8.33298e-09 -3.28727e-11 -1.95101e-11 -4.88073e-10 -8.58101e-10 -1.87948e-11 -2.6079e-06 1.05764e-07 -3.53163e-08 -1.31968e-10 -1.26473e-12 -4.68262e-11 -1.1224e-06 -6.73833e-13 1.82793e-06 -2.37489e-06 -8.32132e-11 -1.3514e-10 -2.95666e-06 
-0.00790234 -1.92821e-07 -2.09334e-07 -1.00617e-05 0.00821785 -0.00547351 0.00724412 -1.93226e-08 -9.83139e-05 -0.000108304 2.36791e-06 1.89252e-05 1.36618e-06 0.00865528 -1.08832e-06 3.6792e-07 4.64172e-05 -0.0047765 0.000269395 0.000705597 -0.00615244 3.33939e-07 -6.13054e-07 -0.00678874 1.34501e-05 2.892e-06 -0.00061197 2.95797e-06 -1.02914e-05 -4.48699e-06 -1.29261e-05 -2.75235e-06 0.000156029 -6.06695e-07 3.88958e-06 -1.04609e-05 4.43834e-07 -9.4184e-08 0.000144255 -0.000423789 1.77713e-05 -3.14335e-09 8.69691e-06 9.36125e-05 0.00580335 6.00525e-07 -9.79638e-08 1.036e-06 0.00817098 5.36202e-06 3.54914e-06 -0.000149082 8.30574e-06 3.49359e-06 0 -0.000101299 -3.18104e-06 6.97788e-09 -1.7725e-08 -5.38007e-07 -1.67461e-06 9.16357e-06 7.59147e-05 -2.23302e-08 -0.000166722 0.00504367 2.07615e-08 -3.53119e-05 -0.00139677 -9.74058e-09 5.9661e-07 0.000134511 0 -0.00150361 2.44599e-06 3.13659e-07 0.000173792 1.78935e-05 1.77187e-06 4.35749e-07 -6.00438e-08 -2.28387e-05 4.51771e-06 1.23189e-06 4.36637e-06 -2.34251e-06 -2.27675e-08 -0.00253199 -0.000308473 -9.15627e-05 -2.57174e-07 -3.55082e-09 8.41866e-07 -0.00614347 -1.89183e-09 -0.000373613 0.000432444 7.26374e-07 5.27059e-06 -0.000289963 
-6.4527e-07 -4.6241e-09 -1.26941e-08 3.68781e-05 -3.60142e-06 -0.000115986 -4.68887e-06 -7.83131e-10 -4.73687e-07 1.23821e-05 -6.12545e-09 5.86292e-07 -6.51213e-10 -1.08832e-06 0.000209349 -1.29824e-10 7.35439e-06 7.59381e-05 -1.2015e-05 4.53982e-05 4.94197e-06 -8.64794e-10 -1.47818e-08 -0.000134486 1.20984e-06 -1.7938e-08 2.22874e-07 1.87671e-07 -2.93725e-07 -2.26809e-07 -3.93627e-08 -9.9339e-08 -1.05712e-06 -1.45493e-08 -1.449e-09 -2.68291e-07 -3.50524e-09 -2.25866e-09 -5.34892e-06 0.000133479 -6.6494e-05 -7.53816e-11 -1.23047e-08 -2.42392e-07 -1.55237e-06 -1.47273e-10 -4.18787e-09 -1.69469e-09 -3.78552e-06 -3.35253e-08 -6.88924e-07 -6.5694e-05 -7.93601e-09 -7.10821e-09 0 -1.26599e-06 6.44181e-07 -5.521e-10 -4.25068e-10 -1.29021e-08 -4.38365e-08 -1.99273e-09 3.53965e-07 3.47226e-07 1.17187e-05 0.000114742 -4.61363e-10 -3.33045e-06 -1.93428e-05 -1.19284e-09 -4.31435e-07 2.46416e-06 0 5.10392e-06 -6.49119e-09 -1.99063e-09 -2.97395e-07 -9.02974e-09 -5.94677e-10 -3.60888e-06 -1.43993e-09 4.75615e-07 -2.21329e-09 -1.31359e-09 5.37139e-07 3.48892e-07 3.54012e-08 -4.86461e-05 -7.37464e-06 -1.19781e-06 -8.88526e-09 -8.51533e-11 -3.15277e-09 4.50334e-06 -4.53686e-11 1.15915e-05 -0.000140573 -5.60267e-09 -9.09884e-09 -3.56913e-05 
-6.08527e-07 -1.36917e-11 -3.75865e-11 -1.58476e-09 5.7965e-07 -3.65911e-07 5.69245e-07 -2.3188e-12 -7.71922e-09 -8.66927e-09 -1.81371e-11 -4.35378e-10 -1.9282e-12 3.6792e-07 -1.29824e-10 6.2e-07 -8.62306e-09 -3.57844e-07 4.3274e-08 -1.03095e-08 -6.01705e-07 -2.5606e-12 -4.37679e-11 -5.0398e-07 -2.96563e-10 -5.31133e-11 1.1238e-09 -2.5805e-08 -8.69701e-10 -1.00714e-09 -1.05418e-09 -2.94136e-10 -8.3413e-09 -4.30797e-11 -4.2904e-12 -7.94394e-10 -1.03788e-11 -6.68773e-12 5.10789e-07 4.72591e-08 -1.97675e-07 -2.232e-13 -3.64333e-11 -7.17706e-10 3.68737e-07 -4.36067e-13 -1.24e-11 -5.01787e-12 5.81779e-07 -9.92661e-11 -2.03986e-09 -8.42803e-08 -2.3498e-11 -2.10469e-11 0 -7.43981e-09 -8.85769e-10 -1.63473e-12 -1.2586e-12 -3.82023e-11 -1.29797e-10 -5.90033e-12 -1.46175e-10 -8.21293e-12 -1.60324e-08 4.30399e-07 -1.36607e-12 1.56408e-08 -1.27891e-07 -3.53193e-12 2.39087e-08 -1.91548e-08 0 -4.08112e-07 -1.922e-11 -5.89413e-12 -8.80567e-10 -2.67365e-11 -1.7608e-12 1.11889e-10 -4.26353e-12 -1.66124e-09 -6.5534e-12 -3.88947e-12 -9.73007e-11 -1.71068e-10 -3.74687e-12 -4.96558e-07 -2.87545e-08 -7.04054e-09 -2.63087e-11 -2.52133e-13 -9.33513e-12 -3.52548e-07 -1.34333e-13 -3.62967e-08 1.19967e-07 -1.65891e-11 -2.69411e-11 2.32591e-08 
-8.89389e-05 -3.07139e-07 4.20174e-07 -2.55569e-05 -9.54172e-05 -0.00643559 -0.000109346 -2.86832e-08 -5.42882e-05 -0.000186164 -1.20194e-07 6.727e-05 -4.32544e-08 4.64172e-05 7.35439e-06 -8.62306e-09 0.0137147 0.0043873 0.000358447 9.12294e-05 0.000283106 3.35893e-07 -4.25157e-07 -0.00862745 1.1474e-05 1.67019e-05 -0.00027899 1.63689e-05 5.42904e-05 6.77073e-05 5.03387e-05 -5.27155e-06 0.0001879 -7.59719e-07 3.77089e-07 -1.44603e-05 4.42718e-06 6.89977e-07 -0.000312711 0.00640509 -0.00455123 -5.00694e-09 1.96938e-06 -3.49662e-06 -6.42472e-05 4.06885e-07 9.61837e-07 -1.12563e-07 -2.89413e-05 -9.20124e-07 -3.49725e-05 -0.000340464 1.08729e-05 -2.18803e-07 0 -0.000116624 8.48329e-06 -3.66712e-08 -2.82336e-08 3.39692e-07 -2.85501e-06 -1.32359e-07 -1.36575e-06 3.09096e-07 0.00515423 0.00814968 7.99356e-07 -0.000229102 -0.00118202 -7.92302e-08 -5.28071e-05 0.000304226 0 -0.00102863 3.28218e-06 -1.8887e-08 3.72966e-05 -5.99767e-07 3.83414e-09 -6.00671e-06 4.76915e-08 0.000158088 -1.47009e-07 -8.72506e-08 1.0034e-05 1.97092e-05 -8.40517e-08 -0.00589651 -0.00051199 0.000615353 8.34983e-06 -5.65599e-09 -1.66077e-07 -0.000758256 -3.01344e-09 -0.000584643 -0.00840536 3.57864e-07 3.04564e-06 -0.000221786 
0.0070039 -1.13247e-06 -7.73653e-06 0.00104485 -0.0125596 -0.11156 0.00170825 -9.65276e-07 -0.00021438 0.00434333 8.26924e-06 0.000273912 -9.49933e-08 -0.0047765 7.59381e-05 -3.57844e-07 0.0043873 0.244045 -0.0245884 0.00512352 0.0165449 -1.55037e-06 -2.37756e-06 -0.0365549 0.000196465 1.25493e-05 0.000191143 0.000379416 3.01811e-05 0.000482273 -0.00076815 0.000107927 0.00501389 -1.47769e-05 -3.27734e-06 -0.000479154 5.8182e-06 2.10761e-06 -0.011281 0.0862857 -0.193634 -4.44472e-08 -2.2313e-05 0.000322722 -0.00393326 -4.05942e-07 -6.76337e-06 -8.77882e-07 -0.0103405 6.35215e-05 -0.0018456 -0.00126033 9.30866e-06 -3.74294e-06 0 0.00405347 0.000336803 2.81533e-07 -1.14498e-06 2.08401e-05 -1.61802e-05 -5.49272e-06 -5.0517e-05 4.71111e-06 0.0104823 0.0627184 1.54973e-07 -0.00739681 0.0801221 2.4054e-06 0.000807281 -0.00191711 0 -0.00848912 -2.26555e-06 -2.44361e-06 -0.000625708 -7.86275e-06 -1.40582e-06 -2.3437e-05 -9.72327e-07 0.00108266 -4.65734e-06 -3.35077e-06 4.41778e-05 7.52263e-05 -2.20469e-06 -0.053605 0.0169317 0.000237239 -5.49784e-06 1.71952e-07 -8.6869e-06 -0.00158735 -8.38646e-09 0.02337 -0.0752773 -2.20643e-06 -4.20322e-06 -0.0150496 
-0.000105483 -9.14866e-06 1.62464e-06 -0.000814965 0.00076012 -0.00632501 0.00228791 -9.75627e-07 -0.000339327 -0.00954784 -1.11547e-07 2.51095e-05 2.00401e-07 0.000269395 -1.2015e-05 4.3274e-08 0.000358447 -0.0245884 0.0649251 0.000636284 -0.0014687 -1.21174e-06 -8.34282e-06 -0.00933753 -1.22777e-05 -4.38408e-06 -8.09183e-05 -3.82133e-05 -0.000102886 8.61158e-05 -2.48087e-05 2.57792e-05 0.000691691 -3.3887e-05 -3.87007e-07 -0.000213794 -6.44937e-07 -3.77713e-06 0.00162863 0.00401325 0.0178571 -2.1154e-07 -6.03185e-06 2.75929e-06 9.78828e-05 -1.4091e-07 -1.13073e-06 -1.20178e-06 0.000494885 -1.03751e-05 0.000220451 -3.83718e-06 2.64529e-06 -3.26063e-06 0 0.000380993 -0.000160184 -1.32597e-06 -2.83127e-08 -2.5476e-05 1.19886e-05 -8.72435e-07 -0.000204894 7.9124e-07 0.00179268 0.0167503 -2.56215e-07 -0.00261934 -0.00164941 -1.09572e-06 0.00022203 -0.00421973 0 0.00984538 1.73703e-06 6.00201e-07 -0.000203713 -6.768e-07 -1.55511e-06 2.23736e-06 6.99686e-08 0.000177734 6.41084e-07 -1.90214e-06 -2.34097e-05 -0.000121865 2.08471e-07 -0.0100778 0.00133975 -0.00239551 -3.6005e-05 2.8384e-08 -4.90944e-08 -0.000644398 1.51226e-08 -0.0370983 -0.0108788 -3.35806e-07 -1.01904e-05 -0.00143427 
-0.000544083 7.27948e-08 -3.18054e-07 0.00132632 0.00124472 -0.00960566 0.000808084 -6.21893e-08 -0.000169413 -0.000124347 2.62357e-06 0.00011185 1.93162e-06 0.000705597 4.53982e-05 -1.03095e-08 9.12294e-05 0.00512352 0.000636284 0.0163517 0.000377889 -5.86743e-08 4.9095e-06 -0.00965798 0.000172373 1.18355e-05 -0.000128264 6.91899e-06 5.70183e-05 0.000350116 -2.5276e-05 5.16471e-06 0.00397872 6.51287e-07 -7.50669e-08 -2.0632e-05 1.06583e-05 -1.79362e-07 -0.000153583 0.00982974 -0.00600148 -5.98614e-09 -8.40459e-07 0.000141481 -3.6679e-05 -1.16951e-08 1.54103e-07 -5.79106e-08 0.0009653 2.11439e-06 -2.73449e-05 -0.000443721 6.50646e-06 5.72196e-07 0 1.37705e-05 -1.7436e-05 1.12824e-07 -3.37552e-08 1.28762e-07 8.97889e-06 -1.58245e-07 -2.6037e-06 2.85307e-06 0.00115953 0.00847991 -3.66374e-08 -0.000275416 0.00451408 5.68608e-07 0.000342944 -0.000427517 0 -0.003812 9.6786e-07 1.76859e-06 -1.13314e-06 3.3396e-06 5.94427e-08 -8.87584e-06 -8.43463e-08 0.000224703 1.54757e-06 -1.04314e-07 4.24043e-06 -3.04799e-06 1.62844e-07 -0.0120934 -0.000221659 3.6012e-05 -6.65588e-07 4.99045e-08 -2.50365e-07 -0.00128604 -3.60277e-09 0.00327644 -0.00790845 3.65175e-06 -6.58823e-08 -0.00744815 
0.00794995 2.28287e-07 -3.78117e-06 6.6996e-05 -0.00980975 0.000791635 -0.00617042 -1.66309e-07 -0.00163355 8.26018e-05 -2.59348e-06 1.70707e-05 7.51011e-08 -0.00615244 4.94197e-06 -6.01705e-07 0.000283106 0.0165449 -0.0014687 0.000377889 0.0286366 -3.48135e-07 1.06635e-06 0.00426259 1.32841e-05 -1.41155e-05 0.000690912 0.000642759 -6.19655e-05 -1.31063e-07 -7.97857e-05 -7.30467e-06 0.00038038 -6.12973e-06 -4.58581e-06 -1.09729e-05 -1.32714e-07 2.11619e-07 -0.00657033 0.00609747 -0.0133666 -2.7107e-09 -3.80294e-05 2.6624e-05 -0.00573213 -3.75913e-07 -1.35532e-05 -1.09785e-06 -0.00906035 4.36432e-06 -0.000429098 -8.99283e-05 -3.15006e-07 -6.25499e-06 0 -0.000152778 -9.60075e-06 -1.88657e-08 -1.91343e-06 1.78814e-06 -4.70226e-05 -8.47252e-06 -2.77932e-05 3.14207e-07 0.000699613 0.000568713 2.50144e-08 -0.0103954 0.00551454 1.68093e-07 6.40277e-06 -0.00097644 0 0.000170346 -4.49861e-06 -2.38615e-06 -0.000497718 -2.16909e-05 -2.31287e-06 -3.21509e-06 2.02912e-07 6.5939e-05 9.8559e-08 -1.68489e-06 -4.03589e-06 -4.08177e-06 -2.10168e-06 -0.00102441 0.000973169 4.46966e-05 -2.40457e-06 1.19996e-08 -8.27905e-06 0.00399637 6.39325e-09 0.00162238 -0.00552112 -3.72382e-06 -1.73045e-05 -0.00106459 
-2.9691e-07 -9.12042e-11 -2.50374e-10 -1.05566e-08 3.12182e-07 -9.0174e-07 3.26204e-07 -1.54462e-11 1.43191e-06 1.88918e-07 -1.20816e-10 -2.90018e-09 -1.28443e-11 3.33939e-07 -8.64794e-10 -2.5606e-12 3.35893e-07 -1.55037e-06 -1.21174e-06 -5.86743e-08 -3.48135e-07 4.12998e-06 -2.9155e-10 -2.28128e-07 -1.97549e-09 -3.53803e-10 -1.19181e-07 -2.80927e-07 -5.79333e-09 -6.70885e-09 -7.0222e-09 -1.95933e-09 -4.55638e-08 -2.86966e-10 -2.85796e-11 -5.29169e-09 -6.91362e-11 -4.45489e-11 2.9757e-07 6.67011e-07 1.13893e-06 -1.4868e-12 -2.42693e-10 -4.78085e-09 2.12715e-07 -2.90477e-12 -8.26e-11 -3.34255e-11 3.66368e-07 9.33876e-09 -1.35881e-08 1.58965e-08 -1.56527e-10 -1.402e-10 0 2.73775e-07 -5.90037e-09 -1.08894e-11 -8.3839e-12 -2.54477e-10 -8.64616e-10 -3.93038e-11 -9.73716e-10 -5.47087e-11 -1.67962e-08 -1.38688e-07 -9.09977e-12 -4.34466e-08 -7.35253e-07 -2.35272e-11 3.04962e-07 -4.0929e-08 0 -1.09861e-06 -1.2803e-10 -3.92625e-11 -5.86572e-09 -1.78099e-10 -1.17292e-11 7.45327e-10 -2.84006e-11 -1.1066e-08 -4.36541e-11 -2.59089e-11 -6.48148e-10 2.45527e-07 -2.4959e-11 -3.3202e-07 1.31791e-07 1.56434e-07 -1.7525e-10 -1.67953e-12 -6.2184e-11 -2.56487e-06 -8.94833e-13 5.82172e-08 -4.10862e-07 -1.10505e-10 -1.79462e-10 -4.25064e-07 
-1.41037e-06 -1.55894e-09 -4.2796e-09 -1.37108e-07 -1.46803e-06 -2.3223e-06 -1.41609e-06 -2.64019e-10 4.57775e-06 -9.87085e-07 1.46016e-08 6.3761e-08 -2.19545e-10 -6.13054e-07 -1.47818e-08 -4.37679e-11 -4.25157e-07 -2.37756e-06 -8.34282e-06 4.9095e-06 1.06635e-06 -2.9155e-10 7.05883e-05 3.95707e-06 1.56957e-06 2.39525e-08 -1.98711e-07 -2.09189e-06 2.70976e-07 -1.33989e-09 5.09971e-07 2.11318e-06 -9.06409e-07 -4.90506e-09 -4.88506e-10 -9.04498e-08 -1.18173e-09 -7.61467e-10 6.63888e-06 1.81602e-06 -5.36697e-06 -2.54136e-11 -4.1483e-09 7.70495e-06 -5.23355e-07 -4.96506e-11 -1.41187e-09 -5.71335e-10 -1.21889e-06 1.92031e-07 6.11075e-07 2.71717e-07 -2.67549e-09 -2.39641e-09 0 -8.47099e-07 8.52248e-06 -1.86131e-10 -1.43304e-10 1.12317e-07 -1.47787e-08 -6.71813e-10 -1.66436e-08 -9.35126e-10 2.21218e-07 -7.35844e-06 -1.55541e-10 -8.15409e-07 2.55316e-05 -4.02147e-10 4.20598e-06 2.47236e-06 0 -2.60803e-05 -2.18839e-09 -6.71107e-10 6.40507e-09 -3.04422e-09 -2.00485e-10 -1.3726e-07 -4.85447e-10 -1.89149e-07 -7.46172e-10 -4.42856e-10 -1.10787e-08 -1.94779e-08 -4.26619e-10 -3.91512e-05 1.40793e-05 3.18362e-07 -2.99551e-09 -2.8708e-11 7.35604e-07 -5.65467e-05 -1.52952e-11 8.73725e-06 -4.49715e-06 -1.88884e-09 -3.06752e-09 -6.20171e-06 
0.0103523 -2.65407e-06 -3.26447e-07 -0.000182456 -0.0132387 0.0782263 -0.0306913 -2.10004e-08 0.000557527 0.00124732 -1.79474e-05 -0.000380604 -2.40846e-06 -0.00678874 -0.000134486 -5.0398e-07 -0.00862745 -0.0365549 -0.00933753 -0.00965798 0.00426259 -2.28128e-07 3.95707e-06 0.123348 -0.000216248 -4.12306e-05 0.00136844 -0.000195061 -0.000383177 -0.000579216 1.47183e-05 -0.000223622 -0.0109776 -4.51957e-06 -3.30271e-06 8.32016e-05 -1.25408e-05 -2.02212e-06 -0.00125701 -0.0639933 0.045356 5.18823e-08 -1.41478e-05 -0.000473068 -0.00522306 -6.01971e-07 -2.67098e-06 -2.31694e-06 -0.0125191 -0.000119442 -0.000908996 0.00149477 -3.20446e-05 -1.35177e-05 0 -0.00526274 -0.000280622 -3.2001e-07 -1.70775e-07 1.70338e-06 -3.0989e-05 -8.14515e-06 -9.28552e-05 -6.19426e-06 -0.0217267 -0.101235 -1.08913e-06 0.00127738 -0.0386842 -1.58901e-06 0.000444895 -0.00571678 0 0.00732595 -1.81724e-05 -7.10659e-06 -0.000125998 -1.64685e-05 -2.7404e-07 1.56492e-06 -3.32229e-06 -0.00177492 -4.32001e-06 -2.56924e-06 -9.35993e-05 -6.21722e-05 4.34284e-07 0.0488006 -0.0145825 -0.00367889 -2.40128e-06 -7.13922e-08 1.7366e-06 0.00379783 -6.87745e-08 -0.00208487 0.0735524 -1.00672e-05 -1.86276e-05 0.00683059 
-1.03188e-05 3.27703e-08 7.37669e-07 1.8624e-05 -6.68692e-06 -0.000298898 5.82656e-05 -1.78894e-09 -2.93867e-06 2.1017e-06 1.26601e-06 9.84108e-07 -1.4876e-09 1.34501e-05 1.20984e-06 -2.96563e-10 1.1474e-05 0.000196465 -1.22777e-05 0.000172373 1.32841e-05 -1.97549e-09 1.56957e-06 -0.000216248 0.000478098 5.569e-08 -2.1093e-05 3.71421e-07 1.79857e-05 1.543e-06 -8.13294e-07 7.64088e-08 0.000109415 -3.32357e-08 -3.31002e-09 -6.1287e-07 2.36533e-06 -5.15955e-09 -8.6559e-06 0.000349813 -0.000172935 -1.72198e-10 -2.81081e-08 3.49496e-05 8.04385e-06 -3.36423e-10 -9.56653e-09 -3.87126e-09 2.5194e-06 -6.325e-08 -1.57374e-06 -3.40922e-05 -1.81286e-08 -1.62376e-08 0 1.90936e-05 1.789e-05 -1.26119e-09 -9.71003e-10 4.4386e-07 1.38653e-06 -4.55208e-09 -4.61068e-08 -6.33623e-09 -1.17422e-05 0.00015571 -1.05391e-09 -8.17307e-06 0.000300513 5.13942e-07 3.28489e-05 2.58755e-05 0 -0.000206017 8.18385e-08 -4.54729e-09 -4.22686e-07 1.9373e-08 -1.35845e-09 -1.18034e-06 -3.28929e-09 -8.83015e-08 8.27742e-09 -3.0007e-09 5.81493e-06 2.54688e-07 -2.89069e-09 -0.000383182 0.000213516 -1.88507e-06 8.0797e-06 -1.9452e-10 -7.20201e-09 -0.000302844 -1.03637e-10 0.000139977 -0.000367329 -1.27984e-08 -2.07849e-08 -0.000348789 
-2.38144e-06 -1.89181e-09 -5.1934e-09 7.14103e-06 1.84262e-06 -1.93599e-05 2.66827e-06 -3.20393e-10 -3.13247e-07 -1.04452e-06 -2.50604e-09 1.32651e-06 -2.66423e-10 2.892e-06 -1.7938e-08 -5.31133e-11 1.67019e-05 1.25493e-05 -4.38408e-06 1.18355e-05 -1.41155e-05 -3.53803e-10 2.39525e-08 -4.12306e-05 5.569e-08 8.56593e-05 -6.73139e-06 6.23886e-08 4.93165e-07 8.17508e-07 1.01434e-06 4.26919e-08 -4.55868e-07 1.40476e-08 -5.92813e-10 -1.09763e-07 -1.43406e-09 -9.24058e-10 -9.90463e-07 2.07749e-05 -1.73545e-05 -3.084e-11 -5.03406e-09 1.875e-07 1.60156e-06 -6.02522e-11 -1.71333e-09 -6.93329e-10 1.62354e-06 -1.37158e-08 1.16148e-06 -2.6536e-06 -3.24677e-09 -2.9081e-09 0 -1.91307e-07 5.87611e-07 -2.25874e-10 -1.73903e-10 -5.27849e-09 -1.79343e-08 9.18474e-09 -2.01973e-08 -1.1348e-09 7.65478e-06 2.49237e-05 -1.88752e-10 -1.52347e-06 -1.03543e-05 -4.88014e-10 -3.81067e-07 9.55668e-06 0 -2.75869e-05 -2.65567e-09 -8.14404e-10 5.41664e-07 -3.69423e-09 -2.43293e-10 -3.12067e-08 -5.89101e-10 -2.29536e-07 -9.05497e-10 -5.37416e-10 -1.34442e-08 1.46363e-07 -5.17712e-10 -2.95184e-05 -3.96307e-06 3.15386e-06 -3.63512e-09 -3.48378e-11 -1.28985e-09 -1.61799e-06 -1.85611e-11 1.23815e-06 -2.91105e-05 -2.29215e-09 -3.7225e-09 -2.52957e-06 
0.000891976 -1.69972e-07 -8.93449e-07 -4.77694e-06 -0.000895186 0.00110064 -0.00100138 -6.55431e-09 -4.64628e-05 1.698e-06 -1.41364e-06 -3.63105e-05 -1.05436e-06 -0.00061197 2.22874e-07 1.1238e-09 -0.00027899 0.000191143 -8.09183e-05 -0.000128264 0.000690912 -1.19181e-07 -1.98711e-07 0.00136844 -2.1093e-05 -6.73139e-06 0.00180929 -1.44902e-06 -2.08541e-05 -6.17356e-05 5.15234e-07 -1.89676e-06 -0.000236251 1.25944e-07 -7.47457e-07 -1.35425e-06 -1.00299e-06 1.95516e-08 -0.000137096 -0.000571013 0.000126922 6.52526e-10 -2.80154e-07 -2.85418e-05 -0.000624449 -4.12058e-07 -2.70415e-07 -8.78664e-07 -0.000899818 -2.76646e-06 -1.3298e-06 1.02967e-05 -6.0313e-06 5.81975e-08 0 -0.000212843 -6.27204e-05 4.77915e-09 -2.52987e-07 -3.31649e-07 -7.09387e-06 -5.39275e-06 -9.64266e-06 2.40106e-08 -0.000291703 -0.00103279 3.9937e-09 -0.000220379 -0.000110996 1.03256e-08 7.21279e-06 -0.000163968 0 0.000205768 -3.69048e-06 -5.94351e-08 -0.000140099 -1.04517e-06 -3.24852e-07 -3.27109e-07 -1.75355e-08 -6.56337e-06 1.91589e-08 -1.30196e-06 1.94459e-07 3.16786e-07 -8.57127e-08 0.000592364 -0.000365769 1.63965e-08 7.69135e-08 7.37113e-10 2.72913e-08 0.000620296 3.92724e-10 1.98136e-05 0.000630624 -2.78168e-07 -2.54571e-07 8.30052e-05 
1.5833e-06 3.06903e-08 -1.46242e-06 -3.62771e-06 5.15251e-06 -0.000464888 4.58192e-05 5.19766e-09 -0.000565134 -1.88742e-05 -7.32679e-07 9.75915e-07 -1.23445e-08 2.95797e-06 1.87671e-07 -2.5805e-08 1.63689e-05 0.000379416 -3.82133e-05 6.91899e-06 0.000642759 -2.80927e-07 -2.09189e-06 -0.000195061 3.71421e-07 6.23886e-08 -1.44902e-06 0.00138782 1.79463e-07 -3.26913e-06 -1.81737e-05 -7.90684e-07 1.71273e-05 -2.16769e-07 -1.50383e-07 -4.49601e-06 2.32644e-08 -1.05009e-07 -0.000256477 0.000332762 -0.000487957 5.0031e-10 -8.945e-06 1.60876e-06 -3.16019e-06 9.77457e-10 -2.25538e-07 -3.20856e-08 6.70225e-06 2.22508e-07 -1.42209e-05 -5.34921e-06 5.26715e-08 -3.52823e-07 0 -4.25534e-05 -5.34785e-06 3.66431e-09 -9.71788e-08 8.56318e-08 -1.95906e-06 1.32258e-08 3.27657e-07 1.84096e-08 3.52737e-05 0.00035799 3.06208e-09 -0.000687922 -2.85713e-05 7.91694e-09 -6.62137e-06 3.38627e-05 0 4.45133e-07 4.30822e-08 1.32119e-08 -3.00128e-05 -6.93475e-11 -1.14605e-06 8.1792e-06 -2.53776e-07 1.57038e-06 1.46897e-08 5.38503e-09 2.18103e-07 -2.06988e-06 -3.82827e-06 -0.000152508 4.22776e-05 1.57316e-05 -5.67695e-07 5.65165e-10 -2.71907e-06 -2.4072e-05 3.01112e-10 4.79702e-05 -0.000263424 -1.66148e-07 -6.34294e-06 -3.72061e-05 
5.27381e-06 -3.09772e-08 6.4961e-08 -3.43551e-06 6.26405e-06 -0.000286633 -8.9066e-07 4.48087e-07 5.21654e-05 -1.91908e-05 9.08965e-07 -2.11706e-07 1.58971e-07 -1.02914e-05 -2.93725e-07 -8.69701e-10 5.42904e-05 3.01811e-05 -0.000102886 5.70183e-05 -6.19655e-05 -5.79333e-09 2.70976e-07 -0.000383177 1.79857e-05 4.93165e-07 -2.08541e-05 1.79463e-07 0.00140078 2.8838e-05 8.95493e-06 5.64452e-06 0.000366575 -9.74673e-08 -9.70698e-09 1.5906e-05 3.48985e-06 -1.51309e-08 0.000296394 0.000133787 -0.000348811 -5.04988e-10 -8.24299e-08 -1.2038e-06 -1.00461e-05 9.56801e-08 1.52785e-08 -1.13529e-08 -8.87106e-06 7.28745e-07 -2.75516e-06 -2.62641e-05 2.6836e-08 6.25715e-07 0 0.000113858 1.21262e-06 -3.69857e-09 -2.84757e-09 1.66901e-07 1.46967e-06 1.53317e-07 8.75947e-07 -1.85817e-08 -2.95364e-05 0.000158242 -3.09071e-09 -1.60126e-05 0.000104074 -7.99096e-09 3.1469e-06 -2.26208e-05 0 -0.000300976 -4.3485e-08 -1.33354e-08 1.21439e-06 -3.38243e-08 -3.98379e-09 2.53148e-07 -9.6462e-09 4.22814e-06 2.9184e-07 -8.79988e-09 6.02319e-06 -2.2704e-07 -8.47725e-09 -0.000803598 2.25032e-05 3.12675e-05 8.25714e-06 -5.70449e-10 -1.11206e-08 -0.000185906 -3.03928e-10 0.000322922 -0.000267285 -4.1994e-09 -1.42872e-08 -0.000353336 
2.21492e-05 -3.58726e-08 -9.84778e-08 3.80121e-06 -2.45118e-05 -0.000937029 1.63566e-05 -6.07533e-09 -5.17126e-06 -1.27105e-07 1.19147e-07 1.50026e-05 -5.05195e-09 -4.48699e-06 -2.26809e-07 -1.00714e-09 6.77073e-05 0.000482273 8.61158e-05 0.000350116 -1.31063e-07 -6.70885e-09 -1.33989e-09 -0.000579216 1.543e-06 8.17508e-07 -6.17356e-05 -3.26913e-06 2.8838e-05 0.00162178 -1.73199e-06 -9.06465e-08 0.000335936 -1.1287e-07 -1.1241e-08 -1.91134e-06 -2.71928e-08 -1.75221e-08 3.7991e-05 0.00104725 -0.00053284 -5.84791e-10 -9.54563e-08 -1.60375e-06 -1.16629e-05 -1.14251e-09 1.90845e-07 -1.3147e-08 -1.97388e-05 4.13253e-07 -3.18783e-06 -1.2842e-06 3.84345e-08 -4.51436e-08 0 0.000422234 -1.52741e-06 1.92384e-07 -3.29757e-09 -5.00913e-08 1.28326e-06 -1.54591e-08 -3.82984e-07 -2.15182e-08 1.8648e-05 0.000917536 -3.57914e-09 -1.61081e-05 -0.000179755 2.2408e-07 -5.3725e-06 -1.60062e-05 0 -8.67173e-05 2.92976e-07 -1.54428e-08 6.25622e-06 -7.00504e-08 -4.61335e-09 6.98203e-08 -1.11706e-08 7.69442e-05 -1.71701e-08 -1.01905e-08 1.88402e-07 -4.48205e-07 4.9685e-07 -0.00107391 8.99522e-05 -5.60978e-06 -6.89296e-08 -6.60597e-10 8.87498e-09 -4.61973e-05 -3.51958e-10 -1.74185e-05 -0.000879598 1.03654e-06 -7.05865e-08 -0.00113396 
3.00731e-05 2.91186e-08 2.43026e-06 -8.49388e-07 -3.59896e-05 0.000147511 3.28355e-05 -3.02575e-09 -2.04921e-06 -1.18413e-05 -4.97392e-08 -1.00065e-06 -5.2879e-09 -1.29261e-05 -3.93627e-08 -1.05418e-09 5.03387e-05 -0.00076815 -2.48087e-05 -2.5276e-05 -7.97857e-05 -7.0222e-09 5.09971e-07 1.47183e-05 -8.13294e-07 1.01434e-06 5.15234e-07 -1.81737e-05 8.95493e-06 -1.73199e-06 0.0016974 -4.29974e-07 -2.00485e-05 6.85248e-08 -1.1766e-08 4.15812e-06 -2.84629e-08 -1.83405e-08 0.000154431 -0.000184095 -0.000448603 -6.12104e-10 -9.99147e-08 2.15095e-07 -1.26054e-05 -1.19587e-09 -3.40058e-08 -1.3761e-08 -3.1106e-05 2.17772e-07 9.62922e-06 -4.60855e-05 -6.4441e-08 -4.77192e-08 0 -2.0113e-05 -1.4258e-06 -4.4831e-09 -3.45159e-09 -1.04766e-07 -3.55956e-07 -1.61811e-08 -3.27538e-07 -2.25232e-08 -9.84054e-06 -0.000163346 -3.74631e-09 -2.82174e-05 -0.000324052 -9.68599e-09 -8.19993e-07 0.000208167 0 -5.63681e-05 1.77291e-07 1.10503e-07 -6.64871e-07 -7.33222e-08 -4.82882e-09 -3.15433e-09 -1.16923e-08 1.25509e-05 -1.79721e-08 -1.06665e-08 -1.40171e-07 6.27528e-07 3.63912e-08 -2.74272e-05 -3.50132e-05 -1.72147e-05 1.17118e-06 -6.91451e-10 1.68773e-06 1.61296e-05 -3.68396e-10 -9.67068e-05 0.000142816 -4.54941e-08 1.0945e-07 -2.94708e-05 
7.58807e-07 1.4619e-07 1.02457e-06 -1.21263e-06 -8.89055e-06 -0.000251647 -1.0689e-05 -1.77431e-09 1.34867e-05 -5.48024e-06 2.7885e-09 1.20189e-07 -1.47543e-09 -2.75235e-06 -9.9339e-08 -2.94136e-10 -5.27155e-06 0.000107927 2.57792e-05 5.16471e-06 -7.30467e-06 -1.95933e-09 2.11318e-06 -0.000223622 7.64088e-08 4.26919e-08 -1.89676e-06 -7.90684e-07 5.64452e-06 -9.06465e-08 -4.29974e-07 0.000474188 0.000288104 1.8437e-06 -3.28294e-09 -6.07856e-07 4.18725e-07 -5.11734e-09 4.60443e-05 0.000292665 -0.000141643 -1.70789e-10 3.58789e-07 -2.85843e-07 -3.28048e-06 -3.33671e-10 -9.48827e-09 -3.83959e-09 -2.34434e-06 1.77377e-07 -4.27531e-07 -4.1973e-06 1.65353e-07 -1.61048e-08 0 -2.55948e-06 4.84556e-06 -1.25087e-09 -9.63059e-10 9.74102e-07 -9.93184e-08 -4.51483e-09 -1.11851e-07 -6.2844e-09 -1.10544e-05 0.000253565 -1.04529e-09 -6.52348e-06 -3.67567e-05 -2.70257e-09 2.77302e-06 -1.17669e-05 0 -0.00016698 -1.47068e-08 -4.51009e-09 -5.53795e-07 -2.04583e-08 -1.34733e-09 4.22825e-08 -3.26238e-09 -1.25115e-06 -5.01455e-09 -2.97615e-09 -7.44528e-08 -1.30899e-07 -2.86704e-09 -0.000370503 0.000115741 -4.15064e-06 -2.01309e-08 -1.92928e-10 3.95236e-08 -5.10509e-06 -1.0279e-10 -1.17336e-05 -0.000323473 -1.26937e-08 -2.06148e-08 -1.82725e-05 
