3.62354e-05 2.84135e-07 -2.37471e-10 -2.47139e-08 1.1951e-05 -5.12266e-10 -1.30552e-07 -2.75546e-06 -2.07364e-05 2.07562e-06 -2.35602e-07 -8.02763e-10 -1.24317e-07 -1.61189e-05 -9.8239e-06 -3.82622e-07 -2.36622e-05 -1.96243e-06 -2.49685e-05 -8.03767e-06 2.3718e-05 -2.61034e-06 1.91189e-07 2.11172e-05 1.16882e-06 -1.97898e-07 -1.06929e-07 1.00967e-07 9.36582e-07 -2.05111e-05 4.78405e-08 -2.30482e-05 -9.43482e-10 2.14168e-05 -1.39606e-07 -2.37955e-05 -5.57549e-09 -4.30531e-08 -2.04375e-10 7.8136e-08 -1.70258e-08 -7.69079e-08 -4.71077e-09 -2.7622e-07 4.02913e-07 -3.0312e-06 1.4082e-07 -1.11899e-07 -4.82745e-09 2.16547e-05 -1.83998e-07 6.739e-06 2.80352e-06 4.03074e-06 -4.48557e-08 2.41183e-07 -1.15149e-07 -2.36144e-05 1.0738e-06 1.89295e-06 -2.36985e-07 -1.16749e-08 -6.95798e-08 -2.57033e-07 -1.43159e-09 5.75407e-06 -2.12387e-06 -6.01706e-08 3.00245e-08 9.78741e-07 -5.02119e-10 1.28398e-07 -9.68087e-09 -3.50442e-08 -3.36416e-08 1.92214e-07 1.91265e-06 2.07841e-05 -1.32123e-05 4.87569e-07 2.8528e-07 -5.74013e-08 2.17492e-05 2.1952e-05 -7.45983e-06 -2.41601e-05 -1.59888e-07 4.83595e-07 2.96895e-07 -2.57489e-07 3.19585e-08 4.14203e-08 1.97525e-06 -5.23521e-08 1.9838e-05 -7.90817e-09 -3.25492e-08 -1.19946e-08 -9.78269e-10 -6.50921e-08 
2.84135e-07 0.0099946 -6.6166e-08 8.64074e-05 0.00131275 1.10806e-05 0.000229415 0.00515849 -0.00746235 -5.63053e-05 0.000160799 -2.23672e-07 -0.000123794 -0.00479996 -0.00152388 -0.000107272 -0.00202956 0.00825839 -0.000562326 -0.000310083 0.00032397 -0.000671293 -4.77258e-05 0.000393927 8.95122e-05 7.51692e-05 -1.74666e-06 -2.08509e-05 3.75856e-05 -0.0014783 -5.14882e-06 -0.00350327 6.20453e-07 0.000316897 0.000185758 -0.00143517 -1.55349e-06 -1.18125e-05 1.64972e-06 -2.31231e-06 0.000452883 0.000288981 3.35078e-06 0.000165658 -7.30524e-05 -0.000741187 -2.26861e-07 -1.53147e-06 -7.11727e-07 0.000164504 0.000449003 0.000738684 -0.000174847 -1.65047e-05 -1.2498e-05 9.2081e-05 -0.000176865 -0.00197929 -0.000111088 -2.98693e-05 0.000161999 -2.01294e-06 0.000127216 0.000409002 7.44453e-07 8.44229e-06 -0.00160952 -5.3552e-06 -6.1145e-06 0.000222808 5.49676e-06 -3.01307e-05 2.85598e-06 0.000388389 0.0008675 0.0013135 0.000103188 -0.00135473 -0.00157594 0.000509965 4.85321e-05 0.00151574 0.00032463 0.00117464 -0.00104729 -0.00647604 0.000794221 2.88794e-06 -5.76425e-06 0.000148274 3.18836e-05 -2.48125e-05 0.000688397 0.00127482 -5.80698e-05 -1.68343e-06 -7.73578e-06 0.000325365 2.42743e-06 0.000232502 
-2.37471e-10 -6.6166e-08 6.55329e-06 2.21972e-08 1.21448e-06 -9.26423e-11 9.64255e-08 2.92411e-06 -3.34203e-06 9.16727e-07 -8.10113e-08 -1.45178e-10 5.95746e-07 -9.24274e-07 -3.6661e-06 2.04172e-07 -1.87231e-06 7.77836e-07 -1.93775e-06 -3.05825e-06 4.0826e-07 -9.43429e-08 -4.52167e-06 5.43954e-07 -2.55329e-08 1.34967e-06 1.03066e-06 7.12374e-07 2.78779e-07 -2.7397e-07 2.76595e-07 -4.14063e-06 -1.70627e-10 1.58163e-06 -3.12758e-08 -3.64426e-06 -1.00832e-09 5.55473e-08 -3.69608e-11 -2.14558e-09 -3.07908e-09 4.94247e-08 -8.51933e-10 6.72352e-07 2.30897e-06 -9.52028e-07 3.28789e-08 9.30966e-08 6.89127e-07 3.82807e-07 2.46724e-07 -6.20909e-09 1.8795e-06 2.16269e-07 -8.11207e-09 1.26149e-06 9.31589e-07 -5.51208e-06 -3.96659e-08 1.01553e-06 2.0475e-08 -2.11137e-09 -1.25834e-08 1.24405e-06 -2.589e-10 -4.68911e-09 -2.47443e-06 7.24516e-08 -4.21537e-09 -1.59012e-08 -9.08074e-11 7.65881e-07 6.91583e-07 6.18522e-07 -6.08403e-09 -1.34646e-08 2.35495e-06 3.86974e-06 -6.79705e-07 -6.46792e-09 5.64005e-07 -3.26855e-08 5.69036e-07 -2.27288e-07 -1.57623e-06 -4.72705e-06 -5.00144e-08 1.97636e-07 -4.17843e-09 3.23931e-07 -2.48633e-10 8.25032e-10 1.34818e-06 -9.46778e-09 9.24357e-07 -1.43018e-09 7.07802e-08 -2.1692e-09 -1.76918e-10 1.09774e-06 
-2.47139e-08 8.64074e-05 2.21972e-08 0.000681548 0.000570864 -9.6414e-09 0.000151553 0.000409822 -0.000497895 5.60294e-06 0.000103927 -1.51089e-08 -1.24893e-05 -0.000260943 -0.000598194 7.55919e-05 -0.000602027 0.000550594 -0.000368663 -0.000240631 -1.3594e-06 -5.16147e-05 -0.000323629 1.94486e-06 2.69431e-07 1.19099e-05 -2.6585e-07 3.91706e-08 4.16267e-07 -0.000128247 -3.30995e-07 -0.000341905 2.02243e-07 0.000391553 -2.93158e-06 -8.60064e-05 5.81506e-06 5.0023e-05 -3.84656e-09 1.609e-05 4.81496e-05 4.81251e-06 2.13383e-08 5.6619e-06 -4.19413e-06 -0.000501269 -4.0631e-08 8.07439e-05 -6.41911e-08 -1.79975e-06 3.54603e-05 7.06715e-06 -9.20074e-06 2.56877e-05 2.19101e-07 5.29085e-06 0.000457739 -0.000542415 0.000151867 1.56369e-05 3.06997e-05 2.936e-07 3.3471e-06 0.000448164 -2.69441e-08 -2.88001e-07 -0.00028878 7.21809e-05 -5.20316e-08 -1.26486e-06 -9.45043e-09 3.35035e-05 -1.82204e-07 0.000104554 5.00268e-05 0.000119295 0.000460244 8.20023e-05 -0.000539412 -6.73124e-07 7.03296e-06 0.000136238 -1.00151e-06 1.1225e-05 -0.000545501 -0.000587729 4.22516e-05 9.87315e-07 7.05515e-06 4.93896e-05 2.30791e-07 -5.04437e-06 6.36577e-05 7.4258e-05 -7.35653e-06 2.98116e-06 0.000153454 4.16342e-05 5.44921e-07 0.000605684 
1.1951e-05 0.00131275 1.21448e-06 0.000570864 0.0580502 1.01586e-05 0.00182828 0.0408108 -0.045563 0.00111521 0.00208174 -3.34165e-07 -0.000508835 -0.029845 -0.0364332 0.0102298 -0.022651 0.0493313 -0.0161303 -0.00610714 0.00130609 -0.00499452 -0.0165988 0.00218539 0.00354873 0.000277906 0.00122804 0.000299346 8.33846e-05 -0.00581727 -2.8905e-05 -0.037551 1.6122e-06 0.0153577 2.47344e-05 -0.00427208 9.74757e-05 0.000100584 2.49767e-06 0.000260634 0.000342499 0.00179721 -3.27763e-06 0.0093519 -0.000390687 -0.0139094 5.56687e-05 0.00109348 4.85998e-05 0.00118854 0.00448804 0.000769638 0.00187576 0.000686308 -7.46774e-05 3.78734e-05 0.0168939 -0.0364599 0.0129329 0.00164217 0.00131118 9.72035e-05 0.000742556 0.0178758 -2.40798e-06 0.000587237 -0.014831 0.00035701 -3.95532e-05 0.000127541 6.83256e-06 0.00124515 -8.96812e-06 0.0121935 0.000699139 0.0010109 0.0495574 -0.00641691 -0.0183972 5.70239e-05 0.000187354 0.000920537 0.00145309 0.00126852 -0.0198192 -0.04478 0.0067821 7.69687e-05 2.95559e-06 0.00750586 2.64123e-05 -0.00040437 0.00158902 0.000929535 0.000734494 7.06457e-05 0.000659574 0.000205048 2.20628e-05 0.0304031 
-5.12266e-10 1.10806e-05 -9.26423e-11 -9.6414e-09 1.01586e-05 1.41365e-05 -5.19021e-08 -1.65894e-06 -1.06177e-05 -1.00538e-07 -1.29994e-07 -3.13174e-10 -3.1118e-07 -7.83761e-06 -1.17752e-05 -1.53573e-07 -1.14151e-05 1.08919e-05 -8.08914e-06 -3.51151e-06 6.32579e-07 -9.7967e-07 -2.28069e-07 1.37453e-06 1.17492e-06 -7.9805e-08 -4.17151e-08 -3.08326e-08 -2.6338e-09 -1.04043e-05 -7.34447e-09 2.67318e-06 9.63193e-09 7.43074e-07 9.19199e-07 -1.19985e-05 -2.17511e-09 -1.67959e-08 -7.97308e-11 -4.62839e-09 2.06336e-06 3.69997e-07 -1.83777e-09 1.41451e-07 -1.02896e-07 -9.06766e-06 -9.80378e-10 -3.03207e-08 -1.88329e-09 -5.14689e-08 2.07155e-06 2.31994e-06 -2.74314e-07 3.37047e-07 -1.74991e-08 5.112e-08 -4.08626e-08 -1.17933e-05 -8.88538e-08 -5.99675e-08 -8.24528e-08 -4.5546e-09 -2.71445e-08 7.19516e-06 -5.58493e-10 -1.01152e-08 -1.05841e-05 -2.34738e-08 -9.09327e-09 -3.43017e-08 -1.95887e-10 -4.48384e-08 -3.7767e-09 3.47952e-07 9.28354e-06 9.32095e-06 3.71007e-07 -2.98403e-06 -1.13425e-05 4.96605e-06 6.67591e-07 1.06762e-05 7.61968e-07 5.69894e-06 -5.90569e-06 -1.08946e-05 1.69878e-06 -5.09943e-09 -9.01359e-09 -5.84758e-08 7.17946e-06 -2.27455e-08 1.00154e-05 1.07662e-05 -1.01937e-07 -3.08514e-09 -1.26981e-08 2.41532e-06 -3.81643e-10 6.42491e-07 
-1.30552e-07 0.000229415 9.64255e-08 0.000151553 0.00182828 -5.19021e-08 0.00459333 0.00327853 -0.00315771 0.000176365 0.000154113 2.05078e-05 -8.68816e-05 -0.00172991 -0.00324215 0.000184828 -0.00361562 0.0022766 -0.00319331 -0.00198262 -1.30757e-05 -0.000385922 -0.00331826 -6.22659e-06 -1.73266e-06 0.00206956 0.000260343 -8.58133e-06 9.14692e-06 -0.000584862 -2.12745e-06 -0.0029904 1.03184e-07 0.0027245 -1.283e-05 -6.07233e-05 -6.33547e-08 0.00107599 6.06402e-08 0.000207339 3.36652e-05 0.000184176 -5.06568e-07 6.94417e-05 -1.44482e-05 -0.00335178 1.38331e-06 0.00244019 7.61907e-07 1.9489e-05 3.32284e-05 1.94811e-05 -7.78907e-05 3.73712e-05 -5.50223e-06 7.18775e-05 0.00319112 -0.00296995 0.000713118 0.00226572 0.00206319 -3.34214e-08 7.33256e-06 0.0034422 7.76916e-08 -2.26523e-06 -0.00387771 0.000266691 5.43836e-06 -8.92042e-06 4.60567e-08 0.00195 3.13839e-07 0.000741813 5.88925e-05 0.000539555 0.00321478 -0.000925188 -0.00369364 3.27322e-05 4.08855e-05 0.000425444 -4.21487e-06 -8.3903e-05 -0.0035167 -0.00340246 0.000938972 -5.84602e-07 -8.72299e-07 0.00031001 5.48255e-07 -2.95239e-05 0.00030219 8.48731e-05 -6.03472e-05 1.71959e-06 1.80583e-05 1.61159e-05 5.12087e-07 0.00363557 
-2.75546e-06 0.00515849 2.92411e-06 0.000409822 0.0408108 -1.65894e-06 0.00327853 0.182381 -0.107461 -0.000684078 0.00768919 1.6344e-05 0.00670842 -0.060497 -0.0261027 0.00783541 -0.0172371 0.0764081 -0.00519494 -0.026818 -0.000572584 -0.0136248 -0.0147759 -0.000811356 0.00202629 0.00265506 0.00071505 5.75654e-05 -3.29749e-06 -0.00224985 9.35979e-05 -0.0621348 -5.26783e-06 0.0122494 0.000347599 -0.00177809 3.78552e-05 0.000850708 -1.18672e-06 0.000208219 -7.70899e-05 0.00118581 -6.25185e-06 0.00812881 0.00365027 -0.0105023 2.17152e-05 0.00230724 6.34421e-05 -0.000582749 0.00309085 -0.000203408 -0.000833887 6.66126e-05 -0.000150146 0.00127352 0.0146322 -0.0465698 0.00945548 0.00266844 0.00175752 0.000130265 0.000425789 0.0155482 -4.9668e-06 -0.000166257 -0.0188857 0.000577267 -0.000140197 0.00108506 9.38247e-07 0.00196026 -2.8801e-05 0.0108933 2.99316e-05 0.000555485 0.0444468 -0.013876 -0.0150494 0.000672558 0.000144459 0.00075841 -0.00061427 -0.00466921 -0.019053 -0.0456736 0.00451631 -1.42302e-05 0.000146436 0.00761852 -4.72753e-06 -0.00132622 -0.000587203 3.34558e-05 -0.00104239 8.27846e-05 0.000459579 -5.22827e-05 3.49513e-06 0.0317396 
-2.07364e-05 -0.00746235 -3.34203e-06 -0.000497895 -0.045563 -1.06177e-05 -0.00315771 -0.107461 0.186963 -0.000174482 -0.00934938 -1.63054e-05 -0.00492378 0.0279303 0.0277042 -0.00860899 0.0213296 -0.0867322 0.00841823 -0.0216601 -0.00227189 0.00761186 0.0125147 -0.00109671 -0.00291065 -0.00327536 -0.000785039 -0.000283083 -8.28289e-05 -0.00179464 6.95796e-05 0.0815774 -7.33209e-06 -0.0142011 -0.000214398 0.00451367 -7.88925e-05 -0.000857407 -3.83938e-06 -0.000231204 -0.000350715 -0.00152433 -2.98361e-05 -0.008686 -0.00428317 0.0119392 -5.12869e-05 -0.00231425 -6.07079e-05 -0.00111702 -0.00374212 -0.000706285 0.00040427 -0.00118411 0.000292403 -0.00126277 -0.0150871 0.04119 -0.0111087 -0.00254639 -0.00209071 -0.000126856 -0.000947428 -0.0166378 -1.39903e-06 -0.000526341 0.0201746 -0.000511891 0.000152537 -8.37627e-05 -4.47069e-06 -0.00206707 4.40694e-05 -0.0120723 -0.000696679 -0.00143138 -0.0465369 -0.00872598 0.0170909 -0.000737293 -0.000241871 -0.00326357 -0.00108457 -0.0225361 0.0322911 0.0556649 -0.00563379 -3.7386e-05 -0.00011994 -0.00718197 -2.55057e-05 0.000259706 -0.000342554 -0.00105696 4.74562e-05 -0.000141135 -0.000550387 -0.000248517 -9.96645e-06 -0.0447191 
2.07562e-06 -5.63053e-05 9.16727e-07 5.60294e-06 0.00111521 -1.00538e-07 0.000176365 -0.000684078 -0.000174482 0.00706129 -0.000121624 9.88245e-06 4.11184e-05 0.000569365 -0.00176906 7.40531e-05 -0.00070349 0.000278286 -0.00239301 -0.00322483 -2.57351e-06 0.00081677 -0.00267583 6.31805e-05 0.000195371 0.000271755 0.000223657 0.000428315 -1.27835e-06 -0.000240461 -2.74152e-06 -0.00350883 2.15483e-06 0.000236668 0.000386955 -0.000361756 4.99077e-07 1.24032e-06 2.53222e-07 4.39782e-05 -2.63818e-06 7.68526e-05 -9.24543e-07 0.000297906 3.44752e-05 -0.00265308 3.45346e-06 1.44885e-05 2.69223e-07 2.91704e-05 -3.41551e-05 -2.99162e-06 0.00298288 0.000108606 -1.58679e-06 9.50466e-06 0.000209343 -0.00035791 0.000729102 0.000599105 0.000878019 4.76587e-05 2.04275e-05 0.00023975 7.857e-07 8.84577e-07 -0.00364942 -7.30252e-06 6.95869e-06 1.72668e-05 1.24787e-07 0.000535799 3.69133e-05 0.000127739 6.74101e-07 2.33178e-05 0.00310524 0.00336936 -0.000278329 -6.53585e-06 4.79344e-05 1.46121e-05 1.72934e-05 0.000796702 -0.00395116 -0.000812023 1.39696e-05 4.33346e-05 -4.27789e-06 -3.34876e-05 -2.43158e-07 2.93839e-05 0.000621889 -5.72137e-06 -2.64429e-05 1.12446e-05 0.000179409 -2.14408e-06 6.80032e-08 0.000463943 
-2.35602e-07 0.000160799 -8.10113e-08 0.000103927 0.00208174 -1.29994e-07 0.000154113 0.00768919 -0.00934938 -0.000121624 0.0171439 -3.86539e-07 -0.000307167 -0.00914861 -0.00142726 -6.96716e-05 -0.000438168 0.00623866 0.000491473 0.00676586 -2.2841e-05 -0.00144248 0.00022118 -2.68924e-05 -4.39915e-05 -3.42868e-05 -3.52007e-05 -2.08488e-05 4.12536e-07 -0.00163107 -5.75832e-06 -0.00656635 4.23705e-08 0.000113072 -4.14755e-05 -0.000255634 -2.53799e-06 -1.42272e-05 -9.84085e-08 -1.60264e-06 0.000130095 1.68475e-06 6.55051e-07 -0.00020938 -0.00012419 -1.57932e-05 -5.53375e-07 -4.48771e-05 -1.2978e-06 -5.05093e-05 -4.96869e-05 2.93416e-05 -0.000304265 -3.34118e-05 -2.12918e-05 0.000193635 6.6695e-05 -0.00371519 -0.000215447 -6.89888e-05 2.99125e-05 -2.37156e-06 4.29966e-05 0.000109472 2.44008e-07 -1.22415e-05 0.000252423 1.83239e-05 -4.34595e-08 -3.60573e-05 -1.85109e-07 5.0581e-05 1.50119e-05 -0.000162049 0.000124881 0.000159417 0.00181281 -0.00345612 -0.000657222 -1.15776e-05 -5.41429e-06 0.000189734 -3.40551e-05 -0.000981527 0.000406838 -0.00558924 -7.21438e-05 -3.58735e-06 -9.88844e-06 0.000311811 1.64134e-06 0.000584824 9.5171e-05 0.000109382 -0.000201594 1.2288e-06 8.89055e-06 0.000122501 5.31895e-06 0.00105834 
-8.02763e-10 -2.23672e-07 -1.45178e-10 -1.51089e-08 -3.34165e-07 -3.13174e-10 2.05078e-05 1.6344e-05 -1.63054e-05 9.88245e-06 -3.86539e-07 2.21528e-05 -3.80978e-07 -1.24546e-05 -2.01422e-05 1.57001e-07 -2.11689e-05 -1.64423e-06 -2.03559e-05 -1.05516e-05 2.78574e-07 -1.88521e-06 -1.57945e-05 2.18945e-07 -8.6313e-08 2.04849e-05 2.12956e-08 -4.83172e-08 1.35873e-07 6.49417e-07 -1.15094e-08 -1.43234e-05 -5.76799e-10 2.13327e-05 -1.05727e-07 -9.25997e-06 -3.40859e-09 9.03461e-08 -1.24945e-10 -7.25308e-09 -1.04087e-08 6.96489e-08 -2.87993e-09 -2.85024e-07 -1.61246e-07 -2.05388e-05 -1.53633e-09 2.05316e-05 -2.95127e-09 2.82677e-07 -1.12487e-07 -2.09896e-08 -4.29873e-07 -4.64166e-08 -2.74226e-08 -4.00337e-08 2.09946e-05 -1.99697e-05 1.31814e-07 2.03994e-05 9.11179e-06 -7.13743e-09 -4.25377e-08 1.87033e-05 -8.75204e-10 3.47482e-07 -2.05444e-05 -2.34521e-08 -1.42499e-08 -5.37537e-08 -3.06971e-10 2.04964e-05 -5.91841e-09 -4.10651e-07 -2.05669e-08 -4.55166e-08 1.99581e-05 -4.73079e-06 -2.09319e-05 -2.18646e-08 1.51433e-06 -1.10492e-07 3.03733e-07 -8.16677e-07 -1.76713e-05 -1.5039e-05 -2.57386e-08 -7.99122e-09 -1.4125e-08 -2.79686e-07 -8.40497e-10 -1.66234e-07 3.22773e-07 -3.20055e-08 9.58854e-08 -4.83467e-09 2.85343e-06 -7.3329e-09 -5.98066e-10 1.97985e-05 
-1.24317e-07 -0.000123794 5.95746e-07 -1.24893e-05 -0.000508835 -3.1118e-07 -8.68816e-05 0.00670842 -0.00492378 4.11184e-05 -0.000307167 -3.80978e-07 0.0215277 -0.00787397 -0.00352466 -1.04367e-05 0.000224093 -0.00240412 -0.00124043 -0.00295084 3.86506e-05 -0.000462241 -0.00334391 0.000374621 0.000121563 0.000335955 0.000418492 0.00042531 -8.51103e-07 -0.00548798 -6.9761e-06 -0.00187185 2.94687e-06 -0.000124469 7.67064e-05 -0.00108753 -9.36879e-07 -2.15663e-05 7.22518e-07 -7.10355e-06 -9.09579e-06 -9.05496e-06 7.46841e-06 0.00249547 0.00253852 -0.00129923 2.98101e-05 -6.68172e-05 5.39509e-05 -7.42657e-05 0.000274409 8.97405e-06 0.00374009 0.000209896 0.000111172 0.000400875 -0.000265839 -0.00177657 -0.000231108 -3.75123e-05 0.000160985 5.50135e-06 -3.69168e-05 0.000244958 2.47036e-07 -1.37738e-05 -0.00207843 0.000115129 3.21675e-05 0.000201989 4.55498e-06 -5.05948e-05 3.24928e-06 0.00194503 2.93341e-05 -2.82008e-06 -0.000202646 -0.00324373 0.000142704 -2.11054e-05 -5.39819e-06 -6.8252e-05 -3.78363e-06 -0.000705406 0.000493887 0.000904731 0.000248825 -2.94367e-06 -7.72842e-06 0.000616615 -8.35145e-07 0.000473651 0.00206597 0.000115962 -0.000268819 -5.03881e-07 5.2721e-05 -4.78954e-06 1.04224e-05 -0.00116456 
-1.61189e-05 -0.00479996 -9.24274e-07 -0.000260943 -0.029845 -7.83761e-06 -0.00172991 -0.060497 0.0279303 0.000569365 -0.00914861 -1.24546e-05 -0.00787397 0.246131 0.0261524 -0.0061893 0.0140754 -0.0461184 -0.00175656 -0.106339 -0.00175088 0.0126164 0.00397302 -0.00163079 -0.00218258 -0.00200508 -0.000354865 -0.000343625 -5.25165e-05 0.00368357 -0.000106631 -0.037905 -1.18111e-06 -0.0108648 3.33328e-05 0.00309704 -5.29417e-05 -0.00064232 -3.14413e-06 -0.000142426 -0.000241129 -0.000996063 -1.97358e-05 -0.00620505 0.00218293 0.00660297 -3.23951e-05 -0.00169972 -4.74961e-05 -0.000294686 -0.00283866 -0.000515456 -0.000892349 -0.000927369 0.000377394 -0.000486253 -0.0109844 0.0181396 -0.00657314 -0.00225118 -0.000959678 -2.21443e-05 -0.000737339 -0.0112683 1.52194e-05 -0.000384953 0.00533015 -0.000445958 -8.45918e-05 -0.000848139 -2.25353e-06 -0.00158589 -6.48584e-05 -0.00848321 -0.000472561 -0.000567649 -0.029664 0.0791652 0.0121299 -0.000494134 -0.000187979 0.00018606 -0.000754608 0.0196366 -0.0409497 0.012365 -0.00423758 -3.11423e-07 -0.000166313 -0.00645512 -1.95831e-05 -0.00336377 -0.00398163 -0.00075233 0.00147091 -2.37423e-05 -0.000328029 -0.000179138 -1.47375e-05 -0.0107238 
-9.8239e-06 -0.00152388 -3.6661e-06 -0.000598194 -0.0364332 -1.17752e-05 -0.00324215 -0.0261027 0.0277042 -0.00176906 -0.00142726 -2.01422e-05 -0.00352466 0.0261524 0.055149 -0.00951402 0.0230535 -0.0329432 0.0187859 0.00926062 -0.000346952 -0.00465749 0.016322 -0.00157276 -0.00348649 -0.00214232 -0.00183644 -0.000502523 -8.19092e-05 0.0046639 1.37013e-05 0.0256316 -5.89475e-06 -0.0158416 -0.000980467 0.00360928 -9.72899e-05 -0.00109467 -5.0496e-06 -0.000270024 -0.000437363 -0.00180674 -1.17345e-05 -0.00889077 9.44317e-05 0.0157879 -5.46274e-05 -0.00285866 -9.22559e-05 -0.000185592 -0.00401651 -0.000856167 -0.00763472 -0.000625302 -0.000523906 -0.000144564 -0.0180899 0.0287024 -0.0118236 -0.00365482 -0.00259313 -8.95263e-05 -0.000563703 -0.0188694 1.05433e-06 3.68263e-05 0.0171813 -0.000861167 1.23548e-05 -0.000650238 -1.23416e-05 -0.00284251 -7.74098e-05 -0.0114377 -0.000852334 -0.00128965 -0.0356621 0.000850207 0.0195696 -0.000113373 -0.000308717 -0.00172973 -0.000419875 -0.000487414 0.0177487 0.0308807 -0.00638031 -8.98352e-05 -4.00206e-06 -0.00574756 -3.28808e-05 -0.00138833 -0.00588692 -0.00116786 -0.000112908 -0.000133466 -0.000716804 -0.000309979 -2.40452e-05 -0.0286036 
-3.82622e-07 -0.000107272 2.04172e-07 7.55919e-05 0.0102298 -1.53573e-07 0.000184828 0.00783541 -0.00860899 7.40531e-05 -6.96716e-05 1.57001e-07 -1.04367e-05 -0.0061893 -0.00951402 0.0114369 -0.0104304 0.00957573 -0.00979106 -0.00490367 1.36431e-05 -0.000938096 -0.00909242 7.32918e-05 0.00263019 -6.00369e-05 0.00033448 0.000190054 1.03142e-05 -0.005287 6.87523e-06 -0.00756455 -3.01266e-07 0.0057591 -1.55182e-06 -0.000951567 7.14963e-05 -1.05742e-06 2.88807e-06 2.24217e-05 -4.53655e-06 0.0015192 2.92459e-07 0.00811497 0.00016284 -0.00983633 -5.99104e-07 1.74326e-05 4.90385e-05 -3.88572e-05 0.00414755 6.35032e-06 0.00169127 5.9683e-05 -1.29597e-05 9.33346e-06 0.0103649 -0.00851458 0.0102443 0.00027493 0.00114948 7.54287e-05 6.13489e-05 0.010431 2.30288e-06 -8.23261e-06 -0.0109581 0.000268047 -7.32615e-06 -2.53859e-05 8.26334e-07 1.16565e-05 2.28211e-06 0.00955097 2.45745e-05 5.91971e-06 0.0100657 -0.00216311 -0.0106428 -9.51669e-06 0.000134723 -2.55742e-05 -6.21606e-06 -0.000651516 -0.00913431 -0.00609399 0.00441255 2.50761e-05 -7.3776e-06 0.00645866 1.381e-06 -8.62386e-05 -5.46496e-05 3.25566e-05 -0.000130393 5.28482e-06 3.09662e-06 -3.78669e-06 2.27626e-07 0.00402577 
-2.36622e-05 -0.00202956 -1.87231e-06 -0.000602027 -0.022651 -1.14151e-05 -0.00361562 -0.0172371 0.0213296 -0.00070349 -0.000438168 -2.11689e-05 0.000224093 0.0140754 0.0230535 -0.0104304 0.0278197 -0.0213377 0.0182041 0.00858822 -0.00158265 0.00136581 0.0150339 -0.00243933 -0.00299175 -0.00216496 -0.000991931 -0.000189235 -0.000100861 0.00782388 -3.30727e-06 0.0178821 -3.29765e-06 -0.0168333 -0.000170113 0.00445851 -9.701e-05 -0.00111796 -4.92514e-06 -0.000298617 -0.00045132 -0.00187069 -3.86681e-06 -0.00832782 0.00020498 0.0158152 -5.45905e-05 -0.00294403 -5.79979e-05 -0.00137977 -0.00474434 -0.000919951 -0.0016209 -0.000678482 -1.78131e-06 -0.000126258 -0.0192821 0.0219436 -0.0123838 -0.00346436 -0.00291975 -9.5066e-05 -0.00050577 -0.0202311 -9.61865e-07 -0.000676281 0.0179471 -0.00075169 1.7969e-05 3.0943e-05 -7.25648e-06 -0.00277136 -3.18654e-07 -0.0119865 -0.000898761 -0.0017514 -0.0213776 0.000167499 0.0205476 -4.55734e-05 -0.00031026 -0.00296204 -0.00167843 -0.00304796 0.0187137 0.0191945 -0.0070248 -0.000118442 -2.90894e-08 -0.00711574 -3.33867e-05 0.000207412 -0.00136598 -0.00129133 -0.00144236 -0.000132526 -0.000665621 -0.000320793 -1.62602e-05 -0.0166994 
-1.96243e-06 0.00825839 7.77836e-07 0.000550594 0.0493313 1.08919e-05 0.0022766 0.0764081 -0.0867322 0.000278286 0.00623866 -1.64423e-06 -0.00240412 -0.0461184 -0.0329432 0.00957573 -0.0213377 0.10819 -0.0108193 5.7903e-05 0.000160005 -0.00869361 -0.0168701 0.000714308 0.00320429 0.000359531 0.000931652 2.49737e-05 6.16184e-05 -0.00659578 -5.28056e-05 -0.0523954 -1.56852e-07 0.0134396 6.07709e-05 -0.00283495 8.43631e-05 3.89468e-05 2.20723e-06 0.000264918 0.000403816 0.00176193 -9.52497e-06 0.00806171 -0.000814404 -0.0123124 -3.79937e-06 0.00133171 4.19643e-05 -2.95153e-05 0.00420922 0.000789954 -1.72443e-05 0.000152846 -0.000149936 0.000580594 0.0160659 -0.0426586 0.0113077 0.00159483 0.00156127 6.89152e-05 0.0010082 0.0169414 -2.95269e-06 -8.16494e-05 -0.0185382 0.000444958 -3.98238e-05 0.000363346 3.6631e-06 0.000988036 -2.22732e-05 0.0126755 0.000810023 0.00160069 0.0498141 -0.0171105 -0.0183162 0.000833872 0.000172428 0.00247143 0.000245478 -0.00265055 -0.0132922 -0.0523436 0.00637836 1.31885e-05 -4.71881e-05 0.00853744 3.00507e-05 -0.000791441 0.00115294 0.00114862 -0.000396259 0.000116801 0.00049027 0.000290006 1.1538e-05 0.032431 
-2.49685e-05 -0.000562326 -1.93775e-06 -0.000368663 -0.0161303 -8.08914e-06 -0.00319331 -0.00519494 0.00841823 -0.00239301 0.000491473 -2.03559e-05 -0.00124043 -0.00175656 0.0187859 -0.00979106 0.0182041 -0.0108193 0.0602811 0.0226106 -0.00148985 -0.025983 0.0259101 -0.00390916 -0.00310106 -0.00189763 -0.00222266 -0.000784657 -0.000102116 0.00818394 1.45849e-05 0.0129805 -7.90239e-06 -0.0123305 -0.000814861 0.003949 -0.00010346 -0.00109613 -5.0266e-06 -0.000276628 -0.00035963 -0.00194652 -2.79537e-05 -0.00913668 -0.000580264 0.0160369 -5.22149e-05 -0.00269993 -7.04996e-05 -0.0016199 -0.00440128 -0.000846095 -0.0101777 -0.000637101 -0.000678535 2.41376e-05 -0.0155925 0.0170793 -0.0118457 -0.0037588 -0.00396837 -0.000227911 -0.00051601 -0.0166642 -3.04578e-05 -0.000654396 0.0176364 -0.000713563 -0.000335474 -0.000975955 -1.26672e-05 -0.00287331 -0.00014921 -0.012763 -0.000721048 -0.000848239 -0.0158882 -0.0234574 0.0162192 7.37293e-06 -0.000245094 -0.000297568 -0.0023828 -0.00703953 0.0344341 0.0105345 -0.00707187 -8.1591e-05 -0.000196414 -0.00673768 -2.91954e-05 0.000334987 -0.00232948 -0.000843866 -0.00287338 -3.66184e-05 -0.000396257 -0.000272042 -1.83472e-05 -0.0104243 
-8.03767e-06 -0.000310083 -3.05825e-06 -0.000240631 -0.00610714 -3.51151e-06 -0.00198262 -0.026818 -0.0216601 -0.00322483 0.00676586 -1.05516e-05 -0.00295084 -0.106339 0.00926062 -0.00490367 0.00858822 5.7903e-05 0.0226106 0.249487 0.000261581 -0.00716798 0.00863882 -0.0011385 -0.00129699 -0.0021002 -0.000750065 -0.00076957 -5.04356e-05 0.00551654 -0.000234357 -0.0387357 3.09799e-06 -0.00567851 0.000445449 0.00252866 -1.45637e-05 -0.000566124 -2.48227e-06 -0.00013867 -0.000217498 -0.000973359 -3.46759e-05 -0.0055372 -0.00282426 0.00693736 -2.57244e-05 -0.00145242 -4.65429e-05 -0.00144235 -0.00222842 -0.000119864 -0.00834484 -0.000317937 7.96273e-05 0.000158073 -0.0074279 0.00319501 -0.00586678 -0.00189767 -0.00230174 -0.000124038 0.000527898 -0.00873277 -1.27819e-05 -0.000333737 0.0131818 -0.000287639 -0.000267109 -0.000651466 -5.74118e-06 -0.00147162 -2.4368e-05 -0.00491327 -0.000419511 -0.000747577 -0.00456549 -0.0250719 0.00684269 0.000305799 -0.000177867 0.000293964 -0.000764091 -0.000434084 0.0163086 -0.0107786 -0.00270723 -0.000154829 -0.000156085 -0.00437289 -1.71608e-05 0.00149359 -0.00229801 -0.000590224 -0.00465681 -6.3992e-06 -0.000373227 -0.000136674 9.06401e-07 -0.013971 
2.3718e-05 0.00032397 4.0826e-07 -1.3594e-06 0.00130609 6.32579e-07 -1.30757e-05 -0.000572584 -0.00227189 -2.57351e-06 -2.2841e-05 2.78574e-07 3.86506e-05 -0.00175088 -0.000346952 1.36431e-05 -0.00158265 0.000160005 -0.00148985 0.000261581 0.00381138 -0.000291674 -0.000207766 0.00164678 0.000120713 -1.88955e-05 7.01533e-05 2.6412e-05 9.53338e-05 -0.00151595 1.81289e-05 -0.00157647 2.97372e-06 0.00162944 -1.58764e-05 -0.00162403 -3.05351e-07 -3.42574e-06 3.41842e-06 1.92707e-05 -1.01432e-06 -6.27026e-06 6.59284e-07 2.73645e-05 7.39507e-06 6.26434e-05 6.41133e-06 -1.17448e-05 -5.09703e-07 0.00134663 0.000175296 0.000422725 4.51582e-07 0.000187257 -4.45939e-06 5.70592e-06 -5.0543e-05 -0.00169587 -5.14739e-05 -1.57999e-05 -2.41386e-05 1.19399e-06 0.00017552 -7.07801e-05 -1.51153e-07 0.000686676 2.49466e-05 -1.37641e-06 -2.29105e-06 -3.2936e-06 4.76698e-06 -9.23532e-06 -8.98814e-07 6.02179e-05 -2.1687e-06 -5.72434e-06 -0.000218962 0.00100325 -0.00042968 2.13572e-05 6.69825e-05 3.52393e-06 0.00168289 0.00157621 -0.00128637 -0.00160855 0.000320697 3.78932e-05 -2.42282e-06 0.00018557 -1.45159e-07 -2.37264e-05 2.48011e-05 0.000100962 0.00121403 -5.94979e-07 -1.53669e-06 -1.03311e-06 2.31004e-06 -0.000169504 
-2.61034e-06 -0.000671293 -9.43429e-08 -5.16147e-05 -0.00499452 -9.7967e-07 -0.000385922 -0.0136248 0.00761186 0.00081677 -0.00144248 -1.88521e-06 -0.000462241 0.0126164 -0.00465749 -0.000938096 0.00136581 -0.00869361 -0.025983 -0.00716798 -0.000291674 0.0778564 -0.00730442 0.000363425 -0.000325306 -0.000435097 0.000572972 -6.07588e-05 -1.2738e-05 -0.00607706 -3.8538e-05 -0.0014972 2.981e-06 -0.00163095 0.00106225 0.000373735 -5.92348e-06 -8.42826e-05 -4.79953e-07 -2.73414e-05 -3.95633e-05 -0.000170727 1.60725e-06 -0.00090737 -0.000531319 -0.00253372 -5.08155e-06 -0.000262363 -7.26677e-06 -6.89574e-06 -0.000431667 -8.00646e-05 0.00738585 -0.000102708 0.00104072 -0.000147586 -0.00166995 -0.0013748 -0.000491937 -0.000208681 7.5151e-05 8.79295e-05 -9.02611e-05 -0.00173502 1.22281e-05 -5.81069e-05 0.0003488 -7.84512e-05 0.000298908 0.000928572 4.84416e-06 -0.000259496 1.35088e-05 -0.00150921 -6.76673e-05 -8.24398e-06 -0.00494816 0.0338116 0.00181387 -7.47023e-05 -3.39708e-05 0.00100885 0.000138084 0.00666227 -0.032963 -0.0133267 -0.000648263 4.91165e-05 0.000115858 -0.000810033 -2.70862e-06 0.000125157 7.18731e-05 -0.00010562 -0.000661458 4.99181e-06 -6.64652e-05 -2.6568e-05 -1.37737e-06 -0.00332487 
1.91189e-07 -4.77258e-05 -4.52167e-06 -0.000323629 -0.0165988 -2.28069e-07 -0.00331826 -0.0147759 0.0125147 -0.00267583 0.00022118 -1.57945e-05 -0.00334391 0.00397302 0.016322 -0.00909242 0.0150339 -0.0168701 0.0259101 0.00863882 -0.000207766 -0.00730442 0.0507821 -0.00214174 -0.00293105 -0.00225756 -0.00220743 -0.00127476 -9.36523e-05 0.00696819 1.12257e-05 0.0191102 -7.28616e-06 -0.00966 -0.000940339 0.00198646 -0.000102233 -0.00109362 -4.95735e-06 -0.000291571 -3.0847e-05 -0.00190631 -7.10731e-06 -0.00967267 -0.00140444 0.0147368 -3.40189e-06 -0.0027924 -0.000118375 -0.000152288 -0.00444755 -0.00035206 -0.0101665 -0.000327182 -0.000542941 -0.00053274 -0.0144011 0.0148548 -0.0102318 -0.00367855 -0.00443498 -0.000171291 -0.000550401 -0.0155808 -2.548e-05 2.70566e-05 0.0183655 -0.00116255 -0.000175073 -0.00103067 -9.66309e-06 -0.00275983 -0.000132524 -0.0133573 -0.000261221 -0.000454886 -0.0214883 -0.00930066 0.0145985 -8.45077e-05 -0.000208589 -3.95959e-05 -0.000897935 0.00108036 0.0187305 0.0121612 -0.006678 -1.2443e-05 -0.000156642 -0.00779096 4.59257e-08 -0.000140986 -0.00166237 -0.000363873 -0.000612238 -8.66024e-05 -0.000479422 -5.50776e-05 -1.72713e-05 -0.00749086 
2.11172e-05 0.000393927 5.43954e-07 1.94486e-06 0.00218539 1.37453e-06 -6.22659e-06 -0.000811356 -0.00109671 6.31805e-05 -2.68924e-05 2.18945e-07 0.000374621 -0.00163079 -0.00157276 7.32918e-05 -0.00243933 0.000714308 -0.00390916 -0.0011385 0.00164678 0.000363425 -0.00214174 0.00647519 0.000204993 -3.65472e-05 0.000239374 -1.40853e-05 9.59124e-05 -0.00314856 8.23385e-06 -0.00235112 4.86697e-06 0.00256831 0.000109698 -0.0019033 -7.59497e-07 1.6993e-05 4.06657e-06 2.83794e-05 2.32434e-06 2.0577e-05 1.9527e-06 -2.50595e-05 3.32869e-05 -3.08557e-05 2.19713e-05 -1.92866e-05 1.81716e-07 0.00159357 0.000258892 0.000554728 0.000252082 0.000281001 7.83541e-06 -8.99488e-06 0.000604382 -0.00324351 0.000106598 -1.82478e-05 2.04216e-05 6.22012e-06 0.000304052 0.00061971 9.15251e-06 0.00069106 -0.000342218 0.000114207 -1.65243e-06 2.95686e-05 6.44969e-06 0.000413904 2.32209e-06 0.000128897 2.71124e-05 1.3812e-05 0.000391163 0.000894813 -0.00129614 -9.26056e-07 6.70391e-05 3.8839e-05 0.00229662 0.00200699 -0.0020562 -0.00194444 0.000521508 4.86056e-05 3.29765e-06 0.000176041 2.6272e-07 -1.42774e-05 0.000469721 0.000186377 0.00224457 -5.25728e-07 2.68956e-05 9.49274e-07 9.92738e-06 0.000124139 
1.16882e-06 8.95122e-05 -2.55329e-08 2.69431e-07 0.00354873 1.17492e-06 -1.73266e-06 0.00202629 -0.00291065 0.000195371 -4.39915e-05 -8.6313e-08 0.000121563 -0.00218258 -0.00348649 0.00263019 -0.00299175 0.00320429 -0.00310106 -0.00129699 0.000120713 -0.000325306 -0.00293105 0.000204993 0.00388098 -1.75615e-05 0.000210383 0.000239692 1.72641e-05 -0.00243812 -2.02419e-06 -0.00238441 -8.14431e-08 0.00112593 2.76689e-05 -0.00135361 4.52805e-05 -4.1724e-06 7.14692e-07 5.26477e-05 -9.7279e-08 0.000331791 1.59683e-06 0.00273268 4.37788e-06 -0.00285089 6.99801e-07 -9.52137e-06 1.90843e-05 3.02982e-05 0.00112167 0.000128772 0.00129298 1.99399e-05 -4.65955e-06 3.13858e-05 0.00271233 -0.00257078 0.00257109 -1.23175e-05 0.000448746 4.73139e-06 8.88621e-05 0.0028342 -1.53924e-07 -2.78782e-06 -0.00287401 7.14046e-06 -2.50617e-06 -2.78379e-06 -5.39878e-08 6.38989e-05 3.05578e-06 0.00300253 8.41729e-05 6.11115e-05 0.00328956 -0.000845629 -0.00311784 5.27462e-06 5.23402e-06 -1.95924e-06 0.000129721 -6.08978e-05 -0.00279659 -0.00232064 0.00129551 3.71279e-05 -2.36087e-06 0.00232844 2.60218e-06 -1.35827e-05 2.11155e-05 6.42811e-05 -3.34925e-05 5.83048e-07 4.8707e-05 -8.22989e-07 4.24817e-07 0.000425509 
-1.97898e-07 7.51692e-05 1.34967e-06 1.19099e-05 0.000277906 -7.9805e-08 0.00206956 0.00265506 -0.00327536 0.000271755 -3.42868e-05 2.04849e-05 0.000335955 -0.00200508 -0.00214232 -6.00369e-05 -0.00216496 0.000359531 -0.00189763 -0.0021002 -1.88955e-05 -0.000435097 -0.00225756 -3.65472e-05 -1.75615e-05 0.00561338 9.11051e-05 -4.4925e-06 6.3049e-06 0.000240915 1.24038e-05 -0.00203558 9.96832e-08 0.00167567 -2.25053e-05 -0.000129674 -5.28597e-07 0.000993299 3.48161e-07 5.42284e-05 -2.60909e-06 3.8562e-05 1.80945e-06 2.0765e-05 0.000288174 -0.00208833 1.5185e-06 0.00185235 5.73127e-06 -1.71666e-05 -2.12348e-05 -4.90204e-06 6.07572e-05 4.39252e-05 -1.04658e-07 2.84384e-05 0.00202655 -0.00208743 -5.92685e-06 0.00216364 0.00154673 -1.88055e-08 -8.81306e-06 0.00203276 -2.23025e-07 -3.97268e-06 -0.00259527 0.000216819 -3.43792e-06 -8.12784e-06 -7.82243e-08 0.00179836 5.90517e-06 0.000285005 -4.71097e-06 9.27912e-05 0.00210036 -0.000364295 -0.00207691 9.50833e-06 8.99969e-05 1.89603e-05 -1.49976e-05 -2.22223e-05 -0.00202863 -0.00230503 0.000337299 2.45503e-05 -6.6943e-07 -4.28981e-05 -2.14181e-07 -4.10209e-05 0.000400732 1.1749e-07 -9.56362e-06 1.558e-06 2.34125e-05 -9.21949e-07 -1.52403e-07 0.00211496 
-1.06929e-07 -1.74666e-06 1.03066e-06 -2.6585e-07 0.00122804 -4.17151e-08 0.000260343 0.00071505 -0.000785039 0.000223657 -3.52007e-05 2.12956e-08 0.000418492 -0.000354865 -0.00183644 0.00033448 -0.000991931 0.000931652 -0.00222266 -0.000750065 7.01533e-05 0.000572972 -0.00220743 0.000239374 0.000210383 9.11051e-05 0.00294214 0.000128447 2.72402e-05 -0.000199058 -5.63063e-07 -0.00191413 5.15984e-06 0.00101956 9.22237e-05 -0.000326587 1.22526e-05 7.48007e-05 -1.66428e-08 1.46072e-05 -1.14979e-06 4.21805e-05 3.56306e-06 0.000575348 6.82652e-05 -0.00148814 9.41869e-06 0.000310758 2.2154e-10 5.88565e-05 0.000201307 5.43975e-05 0.000745041 9.38339e-05 0.000552424 4.13747e-06 0.000938601 -0.0021748 0.000420438 0.000537736 0.000399595 8.95953e-07 0.000203521 0.000945071 3.42188e-09 -1.19142e-06 -0.00121071 6.46001e-05 7.99856e-06 0.000294003 3.49578e-06 0.000193977 7.41983e-05 0.000722581 -1.25953e-06 -5.84286e-06 0.00131393 0.000610745 -0.00103524 -5.09054e-07 2.51213e-05 -1.99103e-06 9.39146e-05 -1.29833e-05 -0.00145936 -0.00172175 0.000837909 1.30223e-06 -1.17814e-06 0.000164522 -1.08622e-07 1.12707e-05 0.000167079 -3.9965e-06 0.000129982 3.20935e-06 5.8261e-06 -9.2675e-07 1.38203e-05 0.000229213 
1.00967e-07 -2.08509e-05 7.12374e-07 3.91706e-08 0.000299346 -3.08326e-08 -8.58133e-06 5.75654e-05 -0.000283083 0.000428315 -2.08488e-05 -4.83172e-08 0.00042531 -0.000343625 -0.000502523 0.000190054 -0.000189235 2.49737e-05 -0.000784657 -0.00076957 2.6412e-05 -6.07588e-05 -0.00127476 -1.40853e-05 0.000239692 -4.4925e-06 0.000128447 0.00217628 -4.06349e-07 -0.0005992 -4.13121e-07 -0.00074147 2.33213e-07 -1.07181e-05 2.1051e-05 -0.000380482 2.55109e-06 -1.21464e-06 -1.2301e-08 -7.14079e-07 1.42191e-06 8.2601e-05 8.2098e-06 0.000510839 0.000164128 -0.0010602 -4.45882e-08 -6.56505e-06 2.49611e-06 5.07593e-06 1.40021e-05 -1.6498e-06 0.00123599 3.90235e-05 8.73702e-05 0.000202635 0.000119194 -0.000198754 0.00032181 6.54141e-06 0.000467993 2.30273e-05 5.07875e-06 0.000413689 -5.61655e-08 -1.5606e-06 -0.00111356 1.93508e-06 5.94374e-06 3.36119e-06 -3.02219e-08 2.18589e-05 1.04007e-05 0.000549211 9.05182e-06 -3.95786e-06 0.000849358 0.000337408 -0.000194897 -1.79261e-06 -8.39285e-07 -8.90484e-06 -5.61772e-06 -8.20724e-05 -0.000831485 -0.000508826 5.30479e-05 1.73432e-05 -1.0673e-06 0.000319221 -8.27485e-08 0.000127981 9.2341e-05 7.82233e-06 -2.26958e-05 -8.26488e-08 2.75276e-05 -6.51938e-07 4.91119e-07 -0.000109345 
9.36582e-07 3.75856e-05 2.78779e-07 4.16267e-07 8.33846e-05 -2.6338e-09 9.14692e-06 -3.29749e-06 -8.28289e-05 -1.27835e-06 4.12536e-07 1.35873e-07 -8.51103e-07 -5.25165e-05 -8.19092e-05 1.03142e-05 -0.000100861 6.16184e-05 -0.000102116 -5.04356e-05 9.53338e-05 -1.2738e-05 -9.36523e-05 9.59124e-05 1.72641e-05 6.3049e-06 2.72402e-05 -4.06349e-07 0.000186275 -0.000137749 9.00987e-06 -7.866e-05 8.21816e-07 0.000107734 3.5475e-06 -9.67976e-05 -2.86663e-08 -2.21357e-07 3.09895e-06 6.59001e-07 -8.75378e-08 -2.02087e-07 -2.42203e-08 -1.13727e-07 -1.19275e-06 -7.62126e-06 2.31041e-06 1.22147e-05 -2.48202e-08 4.11817e-05 3.89073e-05 6.68968e-05 2.4481e-06 2.29635e-07 -2.30624e-07 6.33155e-08 1.56445e-05 -0.000102756 -1.30492e-06 9.84634e-06 9.47488e-06 9.9974e-08 1.80223e-05 1.11473e-05 -7.36049e-09 3.66669e-06 -2.15198e-05 5.73008e-08 -1.65087e-08 2.70793e-06 1.09742e-06 7.1924e-06 -4.9774e-08 -5.23586e-07 -1.72968e-07 -3.32796e-07 5.64363e-06 -3.17716e-05 -9.58105e-05 -1.17215e-07 8.29765e-06 -9.29243e-07 0.000100465 8.44757e-05 -6.97894e-05 -9.23321e-05 5.77181e-05 -6.72064e-08 -1.18792e-07 2.29478e-05 -7.0686e-09 -8.28035e-07 5.63831e-06 1.49208e-05 2.18204e-05 -4.06597e-08 -1.10684e-07 -6.16699e-08 1.0283e-06 9.17993e-07 
-2.05111e-05 -0.0014783 -2.7397e-07 -0.000128247 -0.00581727 -1.04043e-05 -0.000584862 -0.00224985 -0.00179464 -0.000240461 -0.00163107 6.49417e-07 -0.00548798 0.00368357 0.0046639 -0.005287 0.00782388 -0.00659578 0.00818394 0.00551654 -0.00151595 -0.00607706 0.00696819 -0.00314856 -0.00243812 0.000240915 -0.000199058 -0.0005992 -0.000137749 0.0522822 -0.00026585 -0.00372299 -4.14566e-06 -0.00312052 -0.000596487 0.00340561 -5.67477e-05 4.25297e-05 -4.81119e-06 -6.25431e-05 -0.000434193 -0.00117268 -3.50351e-05 -0.00599072 -3.27576e-05 0.00660321 -1.67847e-06 0.000115527 -4.77836e-05 -0.00216622 -0.00372384 -0.000894319 -0.00304435 -0.000136941 -8.1139e-06 -0.000239931 -0.00480254 0.00407591 -0.00479989 9.57641e-05 -0.00285895 -7.8822e-05 -0.000192799 -0.00582114 -4.98349e-06 -0.000661152 0.00640758 -0.000507723 -0.000197526 -9.81466e-06 -7.19643e-06 0.000161363 -5.24412e-06 -0.00691789 -0.000857708 -0.00130619 -0.00308642 0.00113104 0.00725198 -1.94126e-05 -0.000149408 -0.00133243 -0.00222489 -0.00647806 0.00834654 0.0025412 -0.00375469 -0.000175279 -2.98416e-05 -0.00872547 -3.42269e-05 -0.000900486 -0.000740369 -0.00134278 -0.00133869 -9.85495e-06 2.48501e-05 -0.000309894 -1.21659e-05 0.001332 
4.78405e-08 -5.14882e-06 2.76595e-07 -3.30995e-07 -2.8905e-05 -7.34447e-09 -2.12745e-06 9.35979e-05 6.95796e-05 -2.74152e-06 -5.75832e-06 -1.15094e-08 -6.9761e-06 -0.000106631 1.37013e-05 6.87523e-06 -3.30727e-06 -5.28056e-05 1.45849e-05 -0.000234357 1.81289e-05 -3.8538e-05 1.12257e-05 8.23385e-06 -2.02419e-06 1.24038e-05 -5.63063e-07 -4.13121e-07 9.00987e-06 -0.00026585 0.000519263 9.41145e-05 -6.86025e-09 2.2061e-06 -2.37947e-06 -1.79079e-05 -7.99371e-08 -5.63929e-07 2.02374e-06 -1.70097e-07 -1.60769e-07 -1.09265e-06 -6.75393e-08 -6.45097e-06 -2.54831e-07 1.21631e-05 3.00637e-07 -1.54765e-06 -6.92122e-08 1.65848e-06 9.84531e-06 7.26442e-06 -9.73791e-06 1.32812e-06 -6.43106e-07 -3.35526e-07 -5.81775e-06 -7.01537e-05 -7.92221e-06 -1.62385e-06 -2.83771e-06 -9.7385e-08 9.65751e-07 -1.1364e-05 -2.0525e-08 2.08258e-07 -1.74158e-05 1.06534e-08 3.28582e-06 2.74939e-06 4.61343e-08 -1.64785e-06 -1.2213e-07 -9.42714e-06 -4.72328e-07 -9.60775e-07 -3.2487e-05 -6.24491e-05 5.15022e-07 -5.12762e-07 1.47523e-05 -2.1879e-06 1.18356e-05 -2.79881e-05 2.0702e-05 1.93931e-05 -3.65169e-06 2.85926e-07 -3.31256e-07 1.84542e-05 -1.97111e-08 -2.52515e-06 2.58307e-06 6.08301e-09 8.33428e-05 -1.13381e-07 7.33344e-08 -1.61969e-07 -1.40257e-08 -2.67534e-05 
-2.30482e-05 -0.00350327 -4.14063e-06 -0.000341905 -0.037551 2.67318e-06 -0.0029904 -0.0621348 0.0815774 -0.00350883 -0.00656635 -1.43234e-05 -0.00187185 -0.037905 0.0256316 -0.00756455 0.0178821 -0.0523954 0.0129805 -0.0387357 -0.00157647 -0.0014972 0.0191102 -0.00235112 -0.00238441 -0.00203558 -0.00191413 -0.00074147 -7.866e-05 -0.00372299 9.41145e-05 0.223641 -7.45552e-06 -0.0124151 -0.00281995 0.00261517 -8.46288e-05 -0.000768127 -3.43235e-06 -0.000207914 7.06725e-05 -0.00134463 3.22385e-06 -0.00838402 -0.00303367 0.0138193 -4.40277e-05 -0.00202842 -8.41556e-05 -0.00188933 -0.00317564 -0.000373705 -0.00503815 -0.000225308 -0.000613212 -0.00111085 -0.0132532 0.0384735 -0.0103475 -0.00270332 -0.00318064 -0.000158316 -0.00101093 -0.0145764 -1.71041e-05 -0.000469808 0.0195285 -0.000743227 9.78401e-05 -0.000649432 -8.73803e-06 -0.00207669 -0.000106736 -0.0116517 -0.000127958 -0.000585552 -0.0410595 -0.095122 0.0146062 -0.000549846 -0.00021717 -0.00217904 -0.00171245 -0.0296743 0.0674077 0.0660937 -0.00484228 -0.000196714 0.000152567 -0.00498822 9.59025e-06 -0.00109929 0.000522779 -0.000255212 -0.00692915 -0.000144103 -0.00050592 1.64061e-05 -1.7868e-05 -0.038112 
-9.43482e-10 6.20453e-07 -1.70627e-10 2.02243e-07 1.6122e-06 9.63193e-09 1.03184e-07 -5.26783e-06 -7.33209e-06 2.15483e-06 4.23705e-08 -5.76799e-10 2.94687e-06 -1.18111e-06 -5.89475e-06 -3.01266e-07 -3.29765e-06 -1.56852e-07 -7.90239e-06 3.09799e-06 2.97372e-06 2.981e-06 -7.28616e-06 4.86697e-06 -8.14431e-08 9.96832e-08 5.15984e-06 2.33213e-07 8.21816e-07 -4.14566e-06 -6.86025e-09 -7.45552e-06 2.6036e-05 2.99996e-06 -4.09267e-08 -3.24817e-06 -4.00609e-09 1.42399e-07 -1.46847e-10 -8.52449e-09 1.67767e-07 1.4474e-07 2.83282e-07 1.35013e-07 1.15382e-06 -4.82597e-06 5.51528e-07 -8.04013e-08 -3.4686e-09 2.00854e-06 -1.32206e-07 5.15331e-07 4.11811e-06 1.52114e-07 1.54444e-06 -7.05138e-09 -1.8676e-07 -6.37723e-06 -4.0922e-07 -1.10447e-07 1.71639e-06 -8.38858e-09 1.73001e-06 -5.79867e-07 -1.02862e-09 8.64703e-07 -2.2409e-06 3.00997e-08 -1.67478e-08 3.0157e-08 -3.60781e-10 -2.58267e-09 -6.95587e-09 1.04031e-07 1.59161e-07 4.53171e-07 5.21634e-07 6.62292e-06 -2.74287e-06 -2.56973e-08 2.75707e-09 4.56806e-07 3.25662e-06 3.93444e-06 -9.70638e-06 -9.48983e-06 2.91291e-07 7.07275e-07 -1.66011e-08 -3.1538e-07 -9.87831e-10 -1.95374e-07 3.8071e-07 2.85717e-07 2.00316e-06 -5.68216e-09 -2.33872e-08 1.71382e-07 1.29297e-07 -6.05951e-07 
