0.0327961 -6.62152e-05 0.0233053 0.000357575 -0.00289952 -0.00480741 -0.00252352 -7.83599e-06 0.00235888 2.06011e-06 -0.0173018 -0.000830677 -0.00640652 -0.0142307 -0.0072626 -0.0220793 -7.73273e-05 -2.33511e-05 -0.000134341 -0.000326609 4.2914e-05 -0.00201634 -1.45199e-05 0.00745153 0.003717 -0.0106442 -9.17253e-05 -0.000828225 3.16068e-06 -0.00507023 -2.67712e-06 -0.00037258 -9.61628e-05 -0.0145742 -0.0115779 0.00900216 0.000197165 -0.000338516 0.000683533 -2.95723e-06 0.0238922 -0.000656417 0.000171433 5.0822e-05 -1.31302e-06 0.00467402 -0.000912059 -3.60838e-06 -1.02855e-05 -0.0077105 -0.00728513 0.000656312 -0.00508057 0.00264411 0.00629619 0.0120019 -3.77278e-05 0.00552232 -0.00174122 -2.83048e-06 -0.0053234 -3.97108e-06 -9.61425e-07 -0.000233272 -3.59287e-06 -2.77813e-07 -0.000580783 -0.000706015 -0.00700833 -9.47668e-06 -1.80742e-06 -0.00375085 -0.000113335 0.00653478 -1.93878e-05 0.00311265 -2.54942e-05 -0.00038435 -9.29875e-06 0.0105025 0.0271513 0.00629761 -0.0123842 -4.64395e-06 0.00030224 -0.00637934 -0.000312629 0.00760312 -0.000525902 -2.34291e-05 -6.80082e-05 -9.08031e-05 -1.93497e-05 -0.00047602 3.89012e-05 -0.00544155 -0.0052738 -1.52452e-06 -0.000131834 -1.25889e-05 
-6.62152e-05 0.00197423 -0.000161533 0.00012599 0.000103921 0.00038765 0.000609024 3.86769e-05 0.00028716 5.03891e-06 -0.00131918 -2.073e-05 0.00134601 -0.000682013 0.000344401 -0.000695432 2.1304e-05 2.66835e-06 -4.58807e-06 0.000277995 -8.40388e-07 -6.02193e-06 -8.46058e-07 -0.00146983 0.000110861 -0.000808334 -3.07427e-06 0.000318271 2.80344e-07 0.000591405 -1.57935e-07 0.000168852 3.50449e-05 -0.000730479 -0.000696712 -7.63385e-05 -0.000316727 0.000200324 -0.000653754 -3.49773e-07 -0.000351879 -2.30827e-05 6.86488e-06 -3.57146e-07 6.94349e-06 -0.000361615 0.00172445 -1.70435e-07 2.62716e-05 0.00144424 0.00137927 0.000185141 0.00075476 0.000147474 7.8377e-06 -0.00121621 3.0865e-05 -0.0014206 8.58656e-06 3.24794e-06 -0.000279757 1.66861e-06 8.00646e-07 7.61103e-05 -2.10712e-07 7.33812e-07 -1.26909e-05 0.000200226 0.00119507 1.00032e-05 7.46836e-08 -0.000143076 -7.92591e-06 -0.000478142 9.05124e-08 -0.00168273 7.68874e-07 1.48485e-05 3.43882e-05 0.000217609 -0.00010142 -0.000689571 7.82764e-05 1.46627e-05 -3.46637e-06 -0.000209077 -3.23772e-05 -0.00122235 -3.07026e-05 3.81097e-06 6.43778e-06 3.50498e-05 1.64719e-05 0.000170396 9.72555e-07 -0.000334947 0.00143133 1.31117e-06 0.000129968 -6.19986e-07 
0.0233053 -0.000161533 0.0887421 -2.30101e-05 -0.0082816 -0.0133061 -0.00732878 -6.97071e-06 0.00211196 -1.22454e-06 -0.0415665 -0.00236247 -0.0184491 -0.0313012 -0.0174714 -0.053275 -0.000202526 -0.000119347 -0.000389999 -0.000188271 7.04297e-05 -0.00346568 -4.20992e-05 0.020738 0.00814027 -0.00331936 -0.000245875 -0.00217736 1.56927e-05 -0.0142988 -6.46205e-06 -0.00117916 -0.000167444 -0.0295577 -0.0336479 0.0230452 0.0131044 -0.000352114 0.00197671 -1.45479e-05 0.0606901 -0.000367707 9.48661e-05 3.06601e-05 -3.61364e-06 0.00696703 -0.00259074 -1.08258e-05 -2.0296e-05 -0.0212749 -0.0204385 -0.00471457 -0.0135193 -0.000523211 0.0397806 0.0270924 -0.000108721 0.0105674 -0.00506794 -8.60502e-06 -0.00649614 -1.13704e-05 -2.78756e-06 -0.000670544 -1.03215e-05 -8.05492e-07 -0.00150866 -0.00124149 -0.0202013 -2.77563e-05 -4.85045e-06 -0.00976248 -0.000208152 0.0181551 -2.7551e-05 0.00647882 -6.60967e-05 -0.00112917 -2.68008e-05 0.0264788 0.0660737 0.00349787 -0.0284403 -1.34647e-05 0.00101204 -0.0184531 0.00687711 0.0200773 -0.00169573 -4.62997e-05 -0.00016418 -0.000262332 0.000116048 -0.00141092 7.05076e-05 -0.0163728 -0.0150746 -4.2602e-06 -0.000382852 -3.47704e-05 
0.000357575 0.00012599 -2.30101e-05 0.00109081 1.7755e-05 -6.15442e-05 0.000247808 4.08098e-05 0.000155369 8.20064e-08 -0.000617487 -2.28145e-05 0.000189224 -0.000504624 -0.000145284 -0.000616914 7.49922e-06 3.20269e-06 -4.52561e-06 -1.00607e-05 3.42744e-07 4.6606e-05 -4.67053e-07 -0.000186724 1.81938e-05 -0.000681746 1.17135e-06 7.66095e-06 -1.6542e-07 -2.79013e-05 2.19481e-07 -1.06297e-05 3.4072e-07 -0.000369674 -0.000379892 0.000131896 -0.000174258 -7.5362e-06 -0.000276427 1.2856e-08 0.000377947 -2.25679e-05 1.19505e-06 -1.55578e-08 -4.2235e-08 -0.000115526 0.000412401 -1.5113e-07 2.872e-05 0.000175728 0.000172405 0.000123657 7.72309e-05 0.000261669 -0.000234934 -7.56047e-05 1.61298e-05 -0.000198844 9.02903e-05 -1.09703e-07 -0.000189645 -9.10686e-08 9.02408e-07 1.46227e-05 -1.1632e-07 3.3773e-07 1.34047e-05 -2.09743e-05 0.000185302 -3.09226e-07 7.51951e-08 -9.01771e-05 -4.63115e-06 -6.31194e-05 -7.6065e-07 -0.000253422 -4.10408e-07 -1.14381e-05 4.64756e-06 0.000397122 0.000496918 0.000126285 -0.00017779 2.78395e-06 -1.14948e-06 -2.80465e-05 -1.78081e-05 -4.05083e-05 -3.53899e-05 1.18887e-05 -2.21189e-06 -2.8357e-06 -4.11203e-07 1.68646e-05 -2.92676e-07 -0.000176371 0.000219495 1.43763e-06 0.00021578 -4.17699e-07 
-0.00289952 0.000103921 -0.0082816 1.7755e-05 0.0787096 0.0209697 0.0467694 0.000133818 0.0232266 2.75164e-05 -0.0548167 0.00793415 0.0568419 -0.0402447 0.0417587 -0.0575037 -2.09811e-05 -7.28413e-05 -0.000160794 -0.000515175 8.91098e-05 -0.00283456 1.64196e-05 -0.0666429 -0.0019415 -0.0596826 0.00123841 0.00526899 4.61264e-05 0.0229072 1.16502e-05 0.00702912 -5.44089e-05 -0.0389362 -0.0301794 -0.00353053 -0.0137783 0.000585418 -0.0137806 8.02583e-05 -0.0162459 -0.00142287 -4.34089e-05 -1.40613e-05 1.0922e-06 -0.0162891 0.00911397 7.15969e-05 8.28069e-05 0.065883 0.0666642 0.0359864 0.0170259 0.0101788 -0.0182761 -0.0546311 0.000250748 -0.0655851 0.038172 4.52943e-05 -0.00404561 -3.96463e-06 2.35409e-05 0.00502332 -4.56764e-06 1.39186e-06 0.000496945 -0.00184244 0.0625304 0.000174224 1.11979e-05 0.00278968 -0.000351758 -0.0561537 -5.43897e-05 -0.0493933 0.000171527 0.00236279 0.000153819 -0.00100523 -0.0063408 -0.0320294 0.0358237 2.42483e-05 -0.000146695 0.061486 0.00142195 -0.0419664 -0.00279814 0.000176125 -0.000173494 -0.000158973 0.00018989 0.0127681 2.80886e-06 -0.0145152 0.0340016 2.55956e-05 0.00238025 8.80123e-05 
-0.00480741 0.00038765 -0.0133061 -6.15442e-05 0.0209697 0.121705 -0.00158317 -1.07495e-05 -0.00579955 6.24225e-06 -0.0920955 0.00159117 0.0952255 -0.0665423 0.106664 -0.0942358 0.00166434 -0.000218966 -0.000577387 0.00317928 9.02011e-05 -0.00838973 -1.57721e-05 -0.109598 -0.00324334 -0.101872 1.91967e-05 0.0179615 -1.81562e-05 0.118669 3.2404e-05 9.14031e-05 -0.000350586 -0.0637309 -0.049323 -0.00585198 -0.0222863 0.00401502 -0.000725768 9.12314e-05 -0.0181909 -0.00221556 7.62141e-05 2.69492e-05 7.53501e-06 -0.02695 -0.00191165 -8.74694e-06 -5.01503e-05 0.108537 0.109704 -0.00598344 0.106572 -0.00185695 -0.0275933 -0.0902672 0.000363186 -0.109681 -0.00565808 -1.40236e-05 5.79714e-05 4.05712e-05 2.32375e-06 -9.13194e-05 4.70237e-05 -2.05324e-08 0.000379014 -0.00150537 0.104495 0.000184371 -7.33698e-06 0.0555732 -0.000591926 -0.107176 0.00011837 0.000282346 0.000271425 -0.000557739 -2.39745e-05 0.00741007 -0.0140429 -0.052659 0.06654 -1.93996e-05 -0.000151002 0.0957075 -0.000650685 -0.109027 -0.00429069 -2.9219e-05 -0.000277994 0.000737069 -0.000139457 -0.00152997 7.97473e-05 -0.0240292 0.101944 -6.31518e-06 9.73042e-06 0.000302948 
-0.00252352 0.000609024 -0.00732878 0.000247808 0.0467694 -0.00158317 0.0694676 0.000190527 0.0315987 3.03552e-05 -0.0452243 0.0122378 0.0571606 -0.0353337 0.0251483 -0.0501696 -0.000122539 -6.08137e-05 -0.000205229 -0.000672321 0.000131258 0.000694294 1.53567e-06 -0.0573963 -0.000177259 -0.0505262 0.00137178 0.00348988 8.89689e-05 0.00236505 1.264e-05 0.0052757 -9.98581e-05 -0.0339221 -0.0264496 -0.00224005 -0.0119786 0.00258851 -0.0121433 -1.35206e-05 -0.0152153 -0.00126258 -4.24748e-05 1.16438e-05 -1.78163e-06 -0.014144 0.0177308 7.61418e-05 0.000138764 0.056816 0.0575075 0.0455942 0.000898142 0.010038 -0.0203904 -0.0473448 6.63466e-05 -0.0519336 0.0468476 -1.70877e-06 -0.00463188 3.09876e-05 2.12929e-05 0.00501388 -3.87727e-06 1.49203e-06 -0.00122813 -0.000509363 0.0574432 -9.8455e-06 1.18679e-05 -0.00188102 -0.000286961 -0.0414715 -5.08839e-05 -0.0648494 0.000297994 0.00791034 0.000197121 -0.00580145 -0.00755637 -0.0273665 0.0302453 1.05789e-05 -0.000137463 0.0541195 0.00199798 -0.0266983 -0.00244309 0.000418709 -0.000150961 -7.95334e-05 -8.46596e-05 0.0116686 -2.86208e-05 -0.0127401 0.0188128 2.95904e-05 0.0030663 1.48103e-05 
-7.83599e-06 3.86769e-05 -6.97071e-06 4.08098e-05 0.000133818 -1.07495e-05 0.000190527 0.000262661 0.000163623 -1.47549e-08 -0.000173274 3.60111e-06 0.000170959 -9.76244e-05 -6.71549e-06 -0.000166694 -5.35132e-07 6.84117e-07 -9.48838e-07 -2.28723e-06 8.95505e-06 -1.45903e-05 8.8763e-07 -0.000185274 5.35313e-06 -0.000175398 6.08293e-06 3.06633e-05 -3.97992e-08 -1.76876e-05 -2.09764e-08 -1.22582e-06 8.52779e-06 -0.000119043 -9.13616e-05 -2.94969e-06 -3.33972e-05 1.20838e-06 -0.000115828 -5.10655e-08 -3.56829e-05 -5.45778e-06 4.76132e-06 8.13797e-09 -1.01615e-08 -4.78234e-05 0.000141874 -6.36096e-09 7.61739e-07 0.00018067 0.000176474 0.000162652 -1.60339e-05 2.69821e-05 -5.1496e-05 -0.000162429 1.82469e-06 -0.000200069 0.000170392 2.76939e-07 -0.000164974 1.49268e-07 9.52559e-07 4.68324e-05 -1.46527e-08 8.45167e-08 -4.09184e-06 5.28479e-07 0.000166943 -7.43981e-08 1.69346e-07 -2.04373e-05 2.3291e-06 -0.000193767 -2.02256e-07 -0.000200134 4.26199e-07 4.62589e-06 2.31804e-06 -1.89485e-06 -1.09827e-05 -9.48029e-05 6.02026e-05 2.85073e-06 5.71717e-07 0.000104859 -1.09687e-06 -0.000123425 -8.55151e-06 5.064e-06 -5.33774e-07 3.59191e-06 3.69022e-06 3.94722e-05 -1.24951e-07 -4.44604e-05 0.000179687 1.7082e-06 5.79366e-05 3.86171e-07 
0.00235888 0.00028716 0.00211196 0.000155369 0.0232266 -0.00579955 0.0315987 0.000163623 0.040326 6.79576e-06 -0.026402 0.00677512 0.0268003 -0.0177479 0.00552843 -0.0272271 -7.88078e-05 4.64684e-05 -0.000168389 -0.000253605 6.45751e-05 0.000447308 3.58112e-06 -0.0253345 0.0032802 -0.0272055 0.000516695 -7.08502e-05 1.90128e-05 -0.0049011 -3.25446e-06 0.0010001 -0.000104122 -0.0189466 -0.0148066 0.00282767 -0.00445453 7.64038e-05 -0.00422037 -6.36475e-06 -0.00461553 -0.000828564 8.01511e-05 5.17662e-06 -1.62822e-06 -0.00548198 0.00945921 4.65708e-06 0.00011794 0.0249888 0.0253524 0.0287936 -0.00505657 0.00264831 -0.00826158 -0.0212464 5.91021e-05 -0.0267327 0.0256348 -4.22919e-06 -0.00817251 -6.01036e-07 2.07778e-07 0.00149762 -4.37764e-06 2.4555e-06 -0.000852446 -0.000792966 0.0259535 -1.05078e-05 -1.52131e-06 -0.00434019 4.96328e-05 -0.0172168 -3.13982e-05 -0.0319212 6.79208e-05 0.00098679 0.000210299 -0.00110138 -0.00207033 -0.0114356 0.0096353 2.91458e-06 0.000132244 0.0240751 0.00449634 -0.00180299 -0.000958211 0.000330121 -8.47386e-05 -8.61777e-05 -4.02624e-05 0.00226387 -1.73947e-05 -0.00700761 0.00279823 2.61395e-05 0.000630641 -1.49362e-05 
2.06011e-06 5.03891e-06 -1.22454e-06 8.20064e-08 2.75164e-05 6.24225e-06 3.03552e-05 -1.47549e-08 6.79576e-06 5.61568e-05 -3.71886e-05 -5.19199e-07 2.63851e-05 -2.63657e-05 1.95721e-05 -3.73239e-05 1.20746e-08 -9.17473e-08 -2.32745e-07 2.23451e-07 1.59475e-07 -2.03684e-06 -2.40198e-08 -3.95526e-05 1.31726e-08 -4.01353e-05 1.27917e-07 1.24982e-06 8.04826e-07 1.00956e-05 -4.48381e-09 6.24547e-06 1.73257e-07 -2.5496e-05 -1.91901e-05 -2.31649e-06 -8.14131e-06 1.92534e-06 -2.89398e-05 9.02803e-08 3.08781e-06 -1.16663e-06 -3.67687e-08 -1.10858e-08 -2.17208e-09 -7.65765e-06 2.6266e-05 -7.77236e-09 -2.31413e-08 3.84145e-05 3.92449e-05 2.39564e-05 5.86007e-06 2.82395e-05 -3.69817e-06 -3.17229e-05 4.09216e-08 -3.77288e-05 2.23482e-06 7.61025e-07 1.51903e-06 -6.56922e-09 1.15076e-07 -9.44683e-08 1.06845e-08 -4.59576e-10 -2.32786e-08 -1.21873e-06 3.02997e-05 -1.5903e-08 -2.98996e-09 -2.47781e-06 -2.38173e-07 -3.6008e-05 1.00055e-10 -3.3762e-05 4.46436e-07 -7.6274e-07 -1.53826e-08 -5.05549e-07 7.81377e-06 -2.04443e-05 -1.71607e-06 3.68984e-07 3.89602e-08 3.52485e-05 -4.80073e-07 -2.73476e-05 -1.64793e-06 1.14378e-08 -1.14097e-07 -1.31588e-07 2.08546e-06 2.90863e-05 -2.67089e-08 -9.48313e-06 1.08137e-05 -2.52196e-09 1.11239e-07 -2.14816e-08 
-0.0173018 -0.00131918 -0.0415665 -0.000617487 -0.0548167 -0.0920955 -0.0452243 -0.000173274 -0.026402 -3.71886e-05 0.22099 -0.0116644 -0.120807 0.124914 -0.110028 0.17005 -0.00150472 0.000259294 -0.000586071 -0.00425213 -0.000262567 -0.00805858 -6.72089e-05 0.134602 -0.00489495 0.140364 -0.00114179 -0.0156102 -7.57759e-05 -0.0977774 -4.10518e-05 -0.00473429 -0.000656659 0.0986689 0.113291 -0.0119521 0.0364809 -0.00612195 0.0129593 -6.9334e-05 -0.0199562 -0.00130641 -0.000339279 -0.000118629 -6.75817e-07 0.0296881 -0.0172749 -8.24703e-05 -0.000272796 -0.135607 -0.134656 -0.0341658 -0.0907206 -0.0132956 0.0106932 0.0984616 -0.000473642 0.135456 -0.0308024 -5.33539e-05 0.0124547 -7.19798e-05 -1.80302e-05 -0.00452973 -6.5406e-05 -5.44213e-06 -0.0109842 -0.00044317 -0.129724 -0.000113081 -1.01813e-05 -0.0500918 0.000827581 0.118083 -0.000217359 0.0521066 -0.000313273 -0.00515213 -0.000183129 -0.0315572 -0.0314693 0.0475297 -0.0658617 -8.96089e-05 -0.000339658 -0.119688 -0.00406933 0.109066 0.00720243 -0.000437466 -0.000599082 -0.000515362 -0.000185812 -0.0098419 -0.000131669 0.0544006 -0.0999955 -2.92586e-05 -0.00257593 -0.000255416 
-0.000830677 -2.073e-05 -0.00236247 -2.28145e-05 0.00793415 0.00159117 0.0122378 3.60111e-06 0.00677512 -5.19199e-07 -0.0116644 0.0239553 0.0149563 -0.0114901 0.0163847 -0.0162111 3.27658e-05 -1.59571e-05 -4.35512e-05 0.000599943 3.57467e-05 0.00354311 0.000359533 -0.0190595 -0.00055255 -0.0149773 0.000347771 0.000931152 -3.70186e-07 0.00368333 1.29426e-05 0.00133968 0.000212483 -0.0111438 -0.00846272 -4.13568e-05 -0.00390898 0.000404555 -0.0012779 -1.23802e-06 -0.00591702 0.0018145 -1.35554e-05 -3.15774e-06 1.5935e-06 -0.00460493 0.00111401 -2.0188e-06 3.52638e-05 0.0188854 0.018372 0.00731436 0.00374109 0.000252795 -0.000682533 -0.0156646 0.000412511 -0.0138602 0.010384 -2.1638e-06 -0.00333452 1.82007e-05 1.34784e-06 0.000299107 2.09404e-06 -8.09694e-08 -0.000362005 0.00148562 0.0181045 -1.56761e-06 -1.18415e-06 -0.00196892 0.000262145 -0.01867 -9.41562e-06 -0.0149065 5.10566e-05 0.00565723 1.815e-05 0.001874 -0.00273186 -0.00913882 0.00881347 -3.25276e-06 -4.08817e-05 0.0153336 0.00110449 -0.0156728 -0.000769313 0.000223643 -2.45472e-05 0.000456401 -3.10239e-05 5.08289e-05 6.36369e-06 -0.00416286 0.00314744 1.21838e-05 7.05408e-05 6.73292e-06 
-0.00640652 0.00134601 -0.0184491 0.000189224 0.0568419 0.0952255 0.0571606 0.000170959 0.0268003 2.63851e-05 -0.120807 0.0149563 0.154574 -0.0899729 0.113591 -0.127123 0.00147408 -0.000195417 -0.000724096 0.00267252 0.000132329 -0.00760786 5.13744e-06 -0.148442 -0.00352033 -0.134273 0.0014951 0.0108422 4.2566e-06 0.1017 6.18682e-06 0.00394686 -0.00042145 -0.0859771 -0.0673078 -0.00794091 -0.0306605 0.00600011 -0.00955565 8.74925e-06 -0.0417809 -0.00360153 -0.000113208 3.42797e-05 -5.264e-06 -0.036145 0.0153465 5.58273e-05 6.848e-05 0.147027 0.148495 0.0383883 0.0976443 0.00536055 -0.0533644 -0.121475 0.000431533 -0.143406 0.0411825 -1.82434e-05 -0.00504914 8.93244e-05 1.9265e-05 0.00431428 3.31186e-05 2.76626e-06 -0.00205249 -0.00102189 0.149843 0.000108685 5.17311e-06 0.050627 -0.00080304 -0.129961 0.000128259 -0.0557537 0.000468628 0.00688287 0.000215413 -0.00307112 -0.0211739 -0.070829 0.0868407 -5.53298e-06 -0.000337394 0.139117 -0.00136601 -0.117592 -0.00614351 0.000385331 -0.000382001 0.000416898 -0.000239095 0.0090767 -7.70959e-05 -0.0322937 0.112402 2.47388e-05 0.00308763 0.000154554 
-0.0142307 -0.000682013 -0.0313012 -0.000504624 -0.0402447 -0.0665423 -0.0353337 -9.76244e-05 -0.0177479 -2.63657e-05 0.124914 -0.0114901 -0.0899729 0.249474 -0.0731713 0.147198 -0.00107657 0.000625169 -0.000237337 -0.00403468 -0.000140688 0.00144899 -0.000201595 0.10067 -0.00506755 0.105855 -0.000958931 -0.0115273 -7.08918e-05 -0.0710061 -2.26394e-05 -0.0054847 0.00105 0.0276624 0.130798 -0.0157581 0.0490166 -0.00426652 0.0081217 -0.000110781 -0.0967071 0.00104748 -0.000215982 -9.19424e-05 -1.22482e-05 -0.0814637 -0.00968287 -5.99152e-05 6.24678e-05 -0.099111 -0.101344 -0.0261948 -0.0636243 -0.0066568 0.0581507 0.0382202 -0.000506483 0.0981085 -0.024368 3.90034e-05 -0.000770368 -5.45747e-05 -1.35107e-05 -0.00325248 -4.90744e-05 -5.77371e-07 -0.00792322 -0.000192888 -0.0976993 -0.000130724 -1.3946e-05 -0.052173 0.00146681 0.0900399 -7.24177e-05 0.0348483 -0.000365651 -0.00533829 -0.00011393 -0.0216088 -0.0457654 0.135543 -0.15273 5.03731e-05 0.00010961 -0.0891173 -0.00214606 0.0688632 0.0163504 -0.000207304 -0.000456496 -0.000388151 8.36636e-05 -0.00671978 -6.80757e-05 0.0836909 -0.0727557 -2.1317e-05 -0.00183264 -0.00017889 
-0.0072626 0.000344401 -0.0174714 -0.000145284 0.0417587 0.106664 0.0251483 -6.71549e-06 0.00552843 1.95721e-05 -0.110028 0.0163847 0.113591 -0.0731713 0.168945 -0.115236 0.0015666 -0.000225232 0.000731985 0.00335302 0.000165273 0.0027731 0.000307719 -0.135933 -0.0048366 -0.117952 0.00020171 0.019003 -2.10109e-05 0.110683 5.93639e-05 0.00506827 0.00188355 -0.0927282 -0.0556108 -0.00354856 -0.0230199 0.00721868 -0.00172157 0.000147875 -0.0330965 0.0085442 3.56609e-05 4.87807e-05 4.61295e-06 -0.0387874 0.00105197 -1.36667e-05 6.13839e-05 0.140609 0.135125 0.00958613 0.107213 -0.000766634 -0.0150444 -0.133781 0.000695654 -0.124144 0.0189734 4.92773e-06 -0.00588421 8.95458e-05 1.37327e-05 0.000252543 5.44197e-05 3.57814e-06 -0.000736526 0.00454301 0.125894 0.000198333 2.44542e-05 0.0500015 -0.000275329 -0.128137 0.000118235 -0.0393619 8.99845e-05 0.0094856 9.08582e-05 0.0057036 -0.0182582 -0.0724568 0.0828059 -3.84146e-06 -0.000299806 0.115938 -0.000288836 -0.139237 -0.0065627 0.000230186 -0.000363601 0.00123989 7.31553e-05 0.00134903 8.96567e-05 -0.0351234 0.0983678 4.25831e-06 0.00110297 0.000275373 
-0.0220793 -0.000695432 -0.053275 -0.000616914 -0.0575037 -0.0942358 -0.0501696 -0.000166694 -0.0272271 -3.73239e-05 0.17005 -0.0162111 -0.127123 0.147198 -0.115236 0.219151 -0.00151927 0.000393253 0.00107241 -0.00229276 -0.00027366 0.00229736 -0.000279717 0.143444 -0.00630389 0.154583 -0.00133851 -0.0161866 -9.97748e-05 -0.100198 -3.75064e-05 -0.00449816 0.000239393 0.130408 0.113534 -0.0240631 0.0205703 -0.00663874 0.011354 -0.00012917 -0.0387946 -0.00152038 -0.000196757 -0.000102489 4.57851e-06 0.0297872 -0.0131942 -7.52763e-05 -0.000111347 -0.142729 -0.144037 -0.036011 -0.0934114 -0.0114242 0.0055614 0.106766 -0.000734002 0.14298 -0.0345504 1.62286e-05 0.00742782 -7.65918e-05 -1.91141e-05 -0.00461531 -5.48591e-05 -1.51232e-06 0.00178215 0.00298485 -0.137002 -0.00017898 -7.03773e-06 -0.0459426 0.000633901 0.12726 -0.000141237 0.0564789 -0.000472008 -0.00753467 -0.000135609 -0.0341505 -0.0625139 0.0826941 -0.0709818 2.4647e-05 -0.000213208 -0.126327 -0.00764407 0.113184 0.00970628 -0.000356576 0.000525578 -0.000621752 -0.000129498 -0.00975747 -0.000134225 0.0546854 -0.0996407 -2.99141e-05 -0.00252965 -0.000258347 
-7.73273e-05 2.1304e-05 -0.000202526 7.49922e-06 -2.09811e-05 0.00166434 -0.000122539 -5.35132e-07 -7.88078e-05 1.20746e-08 -0.00150472 3.27658e-05 0.00147408 -0.00107657 0.0015666 -0.00151927 0.00227268 -2.05131e-06 1.54131e-05 4.19828e-06 7.86894e-06 7.52696e-05 5.79757e-05 -0.00177282 -5.22865e-05 -0.0015955 9.70196e-05 -3.33816e-05 2.40494e-06 0.00181269 -6.85321e-08 -2.32262e-05 6.86439e-05 -0.000966836 -0.000796471 -7.53997e-05 -0.000365558 0.00019176 -0.00034743 8.78723e-06 -0.000565421 4.37709e-05 2.63486e-05 3.13369e-06 -8.81005e-08 -0.000434079 8.67212e-07 3.80833e-08 3.12471e-06 0.00175557 0.00166204 -6.26532e-05 0.00179921 -5.54386e-05 -0.000436315 -0.00144442 0.000279519 -0.00171341 -8.45086e-05 4.77832e-07 -0.000930304 -1.49784e-07 -6.45094e-08 -2.27321e-08 1.7934e-05 -1.86406e-08 0.000330309 -4.20689e-05 0.00170711 1.48816e-05 3.26539e-06 0.00168448 9.38295e-06 -0.00180872 0.000213656 -0.000554938 0.000132583 3.89232e-05 1.73127e-05 -0.000102588 -0.000253996 -0.000845687 0.00113388 2.1084e-06 -4.16675e-06 0.00125307 -4.46018e-05 -0.00173887 -7.30317e-05 1.1607e-06 -1.32449e-06 -1.06701e-06 -2.53475e-06 -1.33385e-05 -6.43326e-07 -0.000386217 0.00071334 3.12104e-06 -1.53023e-07 3.21536e-06 
-2.33511e-05 2.66835e-06 -0.000119347 3.20269e-06 -7.28413e-05 -0.000218966 -6.08137e-05 6.84117e-07 4.64684e-05 -9.17473e-08 0.000259294 -1.59571e-05 -0.000195417 0.000625169 -0.000225232 0.000393253 -2.05131e-06 0.00163101 4.83618e-06 -1.23883e-05 -6.94046e-07 -1.35826e-05 -3.62062e-07 0.000250243 0.00106264 -0.000665793 0.000325332 -1.01246e-05 -2.47475e-07 -0.000218797 -1.30433e-07 6.13458e-06 5.78008e-06 -0.000479185 5.61196e-05 -4.42255e-05 -0.00024517 -1.60391e-05 -1.65286e-05 -3.7971e-07 -0.000384305 4.04397e-05 8.36041e-06 -3.22482e-07 -6.31852e-08 -0.000267892 -1.92651e-05 -2.26095e-07 -3.39839e-07 -0.000253804 -0.000258299 -5.28613e-05 -0.000237354 5.73398e-05 -0.000333049 -0.000499431 1.3878e-06 0.000251884 -2.12507e-05 1.33588e-06 -0.000699503 4.38903e-07 8.70676e-08 -1.07144e-05 -1.74019e-07 -1.33689e-08 -2.2516e-05 2.80241e-05 -0.000267326 -3.8928e-07 -8.69769e-08 -0.000125281 -5.7417e-06 0.000203424 7.22358e-07 1.07137e-05 -1.24059e-06 -2.14033e-05 -2.77475e-07 -5.57452e-05 -0.000122826 0.000851422 -0.000713357 -2.23476e-07 -2.78952e-06 -0.000243522 3.43157e-05 0.000238725 0.000114716 2.03127e-06 5.44976e-05 -4.28995e-06 1.30353e-05 -7.06071e-06 2.05638e-06 0.000930762 -0.000223137 -7.3363e-08 -4.06034e-06 -6.24892e-07 
-0.000134341 -4.58807e-06 -0.000389999 -4.52561e-06 -0.000160794 -0.000577387 -0.000205229 -9.48838e-07 -0.000168389 -2.32745e-07 -0.000586071 -4.35512e-05 -0.000724096 -0.000237337 0.000731985 0.00107241 1.54131e-05 4.83618e-06 0.00412715 8.86736e-05 7.46006e-07 0.00200972 3.56508e-05 -0.000253855 -7.51526e-05 0.00100116 -4.39224e-06 -9.6962e-05 3.02204e-07 -0.00061144 1.48245e-06 0.000287186 0.000417084 0.000627723 -0.000934927 0.000193745 -0.000627943 -1.85691e-05 -0.000170612 -6.73251e-07 -0.000790151 0.00140432 -1.13001e-06 1.03192e-06 1.09711e-07 0.000461245 -4.30445e-05 1.91311e-06 2.57956e-05 0.000775207 -0.00064977 -0.000138847 -0.000373959 6.61019e-06 0.000418391 -0.00045167 5.76577e-05 0.000640018 -0.000135301 8.15699e-06 -0.000985094 -3.88109e-07 -1.17367e-07 -2.62745e-05 1.3188e-07 1.47609e-06 0.000186884 0.000837034 -0.000667303 -4.46895e-07 4.85269e-06 -0.000136122 2.29341e-05 1.02898e-05 2.64863e-05 -0.0013524 -2.44811e-06 9.85551e-05 -8.25158e-07 -0.000342398 -0.000453943 -0.00113249 0.000843329 2.46631e-05 -3.24888e-06 -0.000672969 -6.56616e-05 -0.000845564 -0.000100196 6.35832e-06 4.13169e-05 -4.74575e-06 -5.67866e-07 6.49658e-05 -6.00985e-07 -0.000689741 -0.000476495 1.92056e-06 -9.40009e-06 -1.58523e-06 
-0.000326609 0.000277995 -0.000188271 -1.00607e-05 -0.000515175 0.00317928 -0.000672321 -2.28723e-06 -0.000253605 2.23451e-07 -0.00425213 0.000599943 0.00267252 -0.00403468 0.00335302 -0.00229276 4.19828e-06 -1.23883e-05 8.86736e-05 0.0101608 3.55188e-06 -0.000119219 -1.94421e-06 -0.0031889 -0.000103846 -0.00293765 -2.65871e-05 0.00273898 -1.32516e-06 0.00349217 -5.82985e-07 0.00041957 7.07759e-06 -0.000866443 -0.00257266 -0.000405133 -0.00106072 -6.15779e-05 -0.000790327 -8.09467e-07 -0.00108462 -0.000152003 1.70153e-05 1.34368e-05 6.89294e-06 0.000993174 0.000110105 4.41586e-06 5.59638e-06 0.00305279 0.00311028 -0.000431915 0.00272033 -0.000200337 -0.00057135 -0.00190476 -1.46901e-06 -0.00313917 -0.000524723 -8.68007e-07 -0.000265632 2.38246e-06 4.59284e-08 4.98223e-05 1.09645e-06 1.24599e-06 0.000698388 -0.000186957 0.00262079 1.46429e-05 2.26676e-06 -0.00050411 -4.34285e-05 -0.00369951 -7.56648e-06 9.98725e-05 -6.53021e-06 -0.000131069 4.0278e-05 0.00165473 -0.000852395 -0.00164428 -0.00264153 -5.97678e-07 -1.90463e-05 0.00196787 -0.000143908 -0.00304807 9.72286e-06 -6.42527e-06 2.89228e-05 5.76733e-05 -3.77969e-06 -4.8523e-05 1.67209e-05 -0.00170133 0.0034014 -3.84353e-07 -3.515e-05 -4.36882e-07 
4.2914e-05 -8.40388e-07 7.04297e-05 3.42744e-07 8.91098e-05 9.02011e-05 0.000131258 8.95505e-06 6.45751e-05 1.59475e-07 -0.000262567 3.57467e-05 0.000132329 -0.000140688 0.000165273 -0.00027366 7.86894e-06 -6.94046e-07 7.46006e-07 3.55188e-06 0.000424656 -4.94651e-06 1.08296e-07 -0.000168084 6.99982e-06 -0.000229643 2.91643e-05 6.53916e-05 7.56443e-08 5.13785e-05 1.26081e-07 1.73332e-06 1.29657e-05 -0.000146365 -0.00014763 -1.26991e-05 -2.39273e-05 1.24352e-05 -6.97106e-06 2.2459e-07 9.04481e-05 -8.81947e-07 6.66852e-06 2.06139e-07 -1.64313e-08 -7.00833e-05 -9.51178e-06 -5.8796e-08 9.16085e-08 0.000165249 0.000169956 0.000146299 1.64963e-05 1.04512e-05 2.66705e-05 -0.000154989 1.01204e-07 -0.000200179 0.00012731 -4.26791e-08 -0.000137077 -4.96946e-08 4.79686e-08 8.46375e-07 -2.19203e-08 -3.47658e-09 -8.07467e-06 4.23539e-05 0.000139088 4.9097e-06 -2.26183e-08 -3.37481e-05 6.68282e-07 -0.000178262 2.62951e-07 -0.000145342 2.28712e-06 3.06135e-05 1.16363e-06 3.61739e-05 5.54861e-05 -9.44537e-05 5.29867e-05 -5.81148e-08 1.52378e-06 0.000127944 1.57556e-05 -0.000162593 -8.9412e-06 6.3307e-07 -8.63117e-07 2.57139e-06 -1.01978e-07 -2.93125e-06 5.07129e-06 -7.1512e-05 -3.44799e-05 1.18426e-06 -1.11487e-06 3.89083e-06 
-0.00201634 -6.02193e-06 -0.00346568 4.6606e-05 -0.00283456 -0.00838973 0.000694294 -1.45903e-05 0.000447308 -2.03684e-06 -0.00805858 0.00354311 -0.00760786 0.00144899 0.0027731 0.00229736 7.52696e-05 -1.35826e-05 0.00200972 -0.000119219 -4.94651e-06 0.0584926 0.000305178 0.00202093 0.00292985 0.00909719 0.000253019 -0.00115805 -6.9402e-06 -0.00838396 1.76992e-05 3.65663e-05 0.00202672 0.00955713 -0.0154473 0.00574042 -0.00809691 0.00078496 -0.00298428 -1.01465e-05 -0.0106848 0.012333 5.98561e-05 -1.21645e-05 -2.33615e-06 -0.0071254 0.0038907 -2.79712e-06 0.000171687 0.00146033 -0.00437266 -0.00202176 -0.00327717 0.00205968 0.00254753 -0.0031455 0.000434041 0.00833233 -0.00216819 8.84953e-06 -0.00202684 -6.06064e-06 -1.03339e-06 -0.00035832 1.71181e-05 1.31949e-06 0.00930213 0.00175894 -0.00547166 -8.32893e-06 6.52532e-06 0.00145037 0.000430493 0.00492085 0.000156425 -0.0125746 -1.25487e-05 0.00097656 -1.19408e-05 -0.00424645 -0.00409091 0.0133254 -0.0159881 5.92196e-05 -0.000110508 -0.00672286 0.00292447 -0.000438663 -0.00190008 -1.37323e-05 0.000340704 -2.69586e-05 -2.02163e-05 -0.000145428 -1.58025e-05 -0.00960012 -0.00623357 9.09519e-06 -9.76199e-05 -1.98291e-05 
-1.45199e-05 -8.46058e-07 -4.20992e-05 -4.67053e-07 1.64196e-05 -1.57721e-05 1.53567e-06 8.8763e-07 3.58112e-06 -2.40198e-08 -6.72089e-05 0.000359533 5.13744e-06 -0.000201595 0.000307719 -0.000279717 5.79757e-05 -3.62062e-07 3.56508e-05 -1.94421e-06 1.08296e-07 0.000305178 0.00042752 -0.000332598 -9.87638e-06 1.21645e-05 2.37305e-06 1.94168e-06 -6.47899e-08 -1.66996e-06 1.47919e-06 8.19644e-06 2.92609e-05 -0.000193713 -0.000150667 0.000289664 -6.79878e-05 6.06633e-06 -0.000285833 1.9059e-07 -0.000109475 0.000304252 -3.33564e-08 -8.44272e-08 -1.65421e-08 -8.1762e-05 -1.11329e-05 3.04141e-07 -1.76239e-07 0.000329899 1.2916e-05 -2.91319e-06 -9.03066e-06 -1.04925e-05 0.000194503 -0.000272571 0.000315195 -3.15371e-05 1.74281e-05 -4.29671e-08 -0.000382718 -3.66966e-08 -1.21126e-08 -6.34198e-08 7.10777e-06 -3.50004e-09 3.08122e-05 0.000296768 3.28448e-06 5.59222e-06 3.23896e-07 2.6061e-05 0.000254359 -0.000343286 3.19874e-05 -0.000357686 8.96156e-06 2.34834e-05 -1.17151e-07 -2.94714e-05 -4.7077e-05 -0.000158644 0.000209748 -5.8507e-08 8.17814e-08 1.72448e-05 -6.7159e-06 -0.000327101 -1.38112e-05 -1.82401e-07 -6.68941e-07 2.16015e-06 -5.42279e-07 -6.03363e-06 5.4659e-07 -7.19616e-05 -2.3506e-05 7.50793e-07 -1.15937e-06 7.33067e-07 
0.00745153 -0.00146983 0.020738 -0.000186724 -0.0666429 -0.109598 -0.0573963 -0.000185274 -0.0253345 -3.95526e-05 0.134602 -0.0190595 -0.148442 0.10067 -0.135933 0.143444 -0.00177282 0.000250243 -0.000253855 -0.0031889 -0.000168084 0.00202093 -0.000332598 0.171888 0.00445815 0.148342 -0.00140501 -0.0190109 -5.1539e-05 -0.116489 -5.19841e-05 -0.0068515 -0.000892631 0.0988556 0.076685 0.00801492 0.0352192 -0.00726086 0.0131087 -0.0001442 0.0372394 -0.00203267 -1.8786e-05 -5.44144e-05 -4.54456e-06 0.0414647 -0.0165797 -8.92415e-05 -0.000263791 -0.169829 -0.16866 -0.0388432 -0.109203 -0.00802302 0.0407484 0.140413 -0.000865104 0.158277 -0.0403035 -6.68471e-05 0.00551519 -9.0549e-05 -2.2075e-05 -0.00531027 -6.83708e-05 -6.37879e-06 0.00066342 -0.000756761 -0.160667 -0.000214146 -1.26665e-05 -0.0542925 0.000501086 0.149485 -0.000223019 0.0644213 -0.000530475 -0.00975271 -0.000209813 -0.00461696 0.0211161 0.0819418 -0.0971547 -9.27017e-05 0.000376063 -0.146556 -0.000124637 0.138882 0.00677621 -0.000443035 0.000403364 -0.00100666 -4.71456e-05 -0.0110968 -6.90028e-05 0.0372567 -0.117501 -3.48441e-05 -0.00303518 -0.000296045 
0.003717 0.000110861 0.00814027 1.81938e-05 -0.0019415 -0.00324334 -0.000177259 5.35313e-06 0.0032802 1.31726e-08 -0.00489495 -0.00055255 -0.00352033 -0.00506755 -0.0048366 -0.00630389 -5.22865e-05 0.00106264 -7.51526e-05 -0.000103846 6.99982e-06 0.00292985 -9.87638e-06 0.00445815 0.0225584 -0.0083707 0.000537957 -0.00054356 1.26867e-06 -0.00341051 -1.84364e-06 -0.000199155 -6.31964e-05 -0.00339406 -0.00468993 0.00492016 -0.000586624 -0.000215735 -5.22311e-05 3.21955e-06 0.00598811 -0.000423011 0.000133048 7.34178e-06 -8.16442e-07 0.0068865 0.000546271 -2.36914e-06 -4.77515e-06 -0.00461832 -0.004312 -0.00113428 -0.00334164 0.00127892 -0.00564033 0.00338919 -2.52422e-05 0.00410841 -0.00110665 -2.04979e-06 -0.00245247 -4.44441e-07 -6.53956e-07 -0.000157748 -2.03306e-06 -1.88967e-07 0.000664005 -0.000435667 -0.00408817 -6.50561e-06 -6.194e-07 -0.00158814 3.71491e-05 0.00442274 -1.19732e-05 0.000584289 -1.50657e-05 -0.000303535 -4.05829e-06 -0.000236837 0.00301793 0.00641125 -0.00813897 -2.45878e-06 6.09809e-05 -0.00411383 0.00444936 0.00482037 -0.000348329 -1.10331e-05 8.3406e-05 -5.84034e-05 -2.60276e-05 -0.000331662 -2.72208e-06 -0.000457507 -0.00292988 -1.03697e-06 1.31208e-05 -8.79605e-06 
-0.0106442 -0.000808334 -0.00331936 -0.000681746 -0.0596826 -0.101872 -0.0505262 -0.000175398 -0.0272055 -4.01353e-05 0.140364 -0.0149773 -0.134273 0.105855 -0.117952 0.154583 -0.0015955 -0.000665793 0.00100116 -0.00293765 -0.000229643 0.00909719 1.21645e-05 0.148342 -0.0083707 0.198171 -0.00181897 -0.0177058 -8.84815e-05 -0.108604 -3.12896e-05 -0.00525848 0.000574306 0.112638 0.0716512 -0.00691139 0.026856 -0.00572586 0.0118568 -0.000145004 0.0123405 0.00477983 -0.000266961 -9.28741e-05 -4.67009e-06 0.0404419 -0.0141641 -8.07089e-05 -6.37925e-05 -0.14654 -0.149178 -0.0384288 -0.097471 -0.0120558 0.0368982 0.121743 -0.000407845 0.145163 -0.0352722 -1.89395e-06 0.00754084 -8.355e-05 -2.04073e-05 -0.00496594 -6.24869e-05 -2.84801e-06 0.000354689 0.00269173 -0.14348 -0.000197947 -1.06106e-05 -0.0473564 0.000997486 0.135522 -0.000110652 0.0503416 -0.00048805 -0.00751427 -0.000188961 -0.0295902 -0.00489784 0.0525663 -0.0653969 3.21111e-06 -6.0475e-05 -0.13293 -0.00877824 0.119555 0.00239705 -0.000381763 0.00043503 -0.0007196 -7.57557e-05 -0.0103861 -0.000226318 0.0299479 -0.107403 -2.26867e-05 -0.0028256 -0.000268038 
-9.17253e-05 -3.07427e-06 -0.000245875 1.17135e-06 0.00123841 1.91967e-05 0.00137178 6.08293e-06 0.000516695 1.27917e-07 -0.00114179 0.000347771 0.0014951 -0.000958931 0.00020171 -0.00133851 9.70196e-05 0.000325332 -4.39224e-06 -2.65871e-05 2.91643e-05 0.000253019 2.37305e-06 -0.00140501 0.000537957 -0.00181897 0.00275972 2.23466e-08 -4.19211e-07 0.0001933 -5.42807e-08 0.00012142 -7.35138e-06 -0.00107177 -0.000803698 -2.41912e-05 -0.00027349 1.12321e-05 -0.000501254 3.40012e-06 -0.000695697 -4.54244e-05 -9.61838e-07 -3.19604e-07 -5.03662e-08 -0.000419622 2.88206e-05 -3.39662e-07 -9.50325e-07 0.00136868 0.00145425 0.000779125 5.51346e-05 0.000163123 -0.00073553 -0.00160335 3.99979e-05 -0.00146678 0.00132306 -2.78011e-07 -0.000965603 1.90629e-06 1.08163e-06 1.57404e-05 2.23855e-06 4.0687e-08 8.51439e-05 -4.75017e-05 0.00147169 5.89635e-06 7.93315e-08 0.00109768 1.9287e-05 -0.00138752 7.54961e-06 -0.00148181 5.02267e-05 1.81493e-06 8.28664e-07 -0.000184485 -0.000270134 -0.000525468 0.000578907 -2.88559e-07 -2.77983e-06 0.00133639 0.000327214 -0.00105795 -7.44011e-05 1.49855e-05 2.39077e-05 7.81599e-06 -3.45205e-06 0.000303501 2.37387e-06 -7.58153e-05 0.00055261 1.30791e-05 9.82169e-05 -7.85207e-07 
-0.000828225 0.000318271 -0.00217736 7.66095e-06 0.00526899 0.0179615 0.00348988 3.06633e-05 -7.08502e-05 1.24982e-06 -0.0156102 0.000931152 0.0108422 -0.0115273 0.019003 -0.0161866 -3.33816e-05 -1.01246e-05 -9.6962e-05 0.00273898 6.53916e-05 -0.00115805 1.94168e-06 -0.0190109 -0.00054356 -0.0177058 2.23466e-08 0.0238025 -3.05251e-06 0.0183794 1.76488e-05 0.00251579 -4.20292e-05 -0.0110685 -0.0085615 -0.00101555 -0.00391577 0.000606033 -0.00296398 -4.47735e-06 0.00172451 -0.000123622 4.27465e-05 2.44473e-05 1.20897e-05 -0.00465263 0.000180206 9.00344e-06 2.27335e-06 0.0187727 0.0190089 -0.000743031 0.0105228 0.00111982 0.00201444 -0.0155655 1.43363e-05 -0.0188553 0.0011595 -1.87766e-06 -0.00100349 1.92061e-05 3.22239e-06 0.000316703 1.30345e-05 3.11035e-06 -0.000237697 -5.4503e-05 0.0136417 5.19079e-05 2.32107e-06 -0.000290795 -0.000100443 -0.0191767 -1.80519e-05 -0.00576244 4.61445e-05 5.90377e-05 7.30458e-09 0.00543858 -0.00114776 -0.00907955 0.00739341 2.09922e-06 -2.85031e-05 0.0117946 0.00177437 -0.0188562 -0.00046163 1.51326e-05 -3.94008e-05 0.000373264 0.000136113 0.000433021 0.000116437 -0.0041386 0.0106936 -5.7562e-07 -6.91733e-05 2.46977e-05 
3.16068e-06 2.80344e-07 1.56927e-05 -1.6542e-07 4.61264e-05 -1.81562e-05 8.89689e-05 -3.97992e-08 1.90128e-05 8.04826e-07 -7.57759e-05 -3.70186e-07 4.2566e-06 -7.08918e-05 -2.10109e-05 -9.97748e-05 2.40494e-06 -2.47475e-07 3.02204e-07 -1.32516e-06 7.56443e-08 -6.9402e-06 -6.47899e-08 -5.1539e-05 1.26867e-06 -8.84815e-05 -4.19211e-07 -3.05251e-06 0.00015146 -9.48595e-06 -1.20944e-08 -1.90182e-06 -1.78355e-09 -5.75718e-05 -5.13462e-05 -3.25163e-06 -1.73203e-05 -1.35642e-06 -7.28799e-05 -3.52088e-08 7.62605e-05 -3.14682e-06 8.41552e-08 -2.99023e-08 -5.85887e-09 -1.55835e-05 9.8196e-05 2.99035e-07 3.94246e-07 2.30327e-05 7.31921e-05 0.000105531 -1.81685e-05 8.58788e-05 -2.54049e-05 -4.04816e-05 1.83165e-06 -5.49175e-05 5.89038e-06 -1.5218e-08 -1.17593e-06 -1.77195e-08 -4.29001e-09 5.06073e-05 -1.6136e-08 -1.23964e-09 -2.74225e-06 1.89598e-06 3.8079e-06 -4.2896e-08 -8.06497e-09 -1.65973e-05 -5.42436e-07 -5.67016e-05 6.71793e-09 -0.000101341 1.85827e-07 4.53968e-06 9.85077e-08 -7.57226e-06 9.26434e-05 -4.81772e-05 3.80282e-06 -2.07219e-08 3.51802e-07 5.08905e-05 -2.16851e-06 1.63617e-06 -4.83391e-06 2.11033e-06 -3.0776e-07 -2.14545e-07 -1.85397e-07 7.31136e-05 -7.20435e-08 -2.55262e-05 -1.42806e-05 -6.80261e-09 3.68993e-06 -5.79434e-08 
-0.00507023 0.000591405 -0.0142988 -2.79013e-05 0.0229072 0.118669 0.00236505 -1.76876e-05 -0.0049011 1.00956e-05 -0.0977774 0.00368333 0.1017 -0.0710061 0.110683 -0.100198 0.00181269 -0.000218797 -0.00061144 0.00349217 5.13785e-05 -0.00838396 -1.66996e-06 -0.116489 -0.00341051 -0.108604 0.0001933 0.0183794 -9.48595e-06 0.127131 3.21794e-05 0.000417916 -0.000366646 -0.0673848 -0.0524967 -0.0062388 -0.0239999 0.00579707 -0.00199702 9.58219e-05 -0.0192766 -0.00254031 6.46716e-05 5.04246e-05 7.2389e-06 -0.0285571 0.000828569 3.24868e-05 -5.79784e-05 0.115318 0.116553 -0.00338858 0.110874 -0.000564722 -0.0301397 -0.0953592 0.000451205 -0.116527 -0.00394016 -1.48227e-05 -0.000124283 6.9369e-05 3.5436e-06 0.000634743 7.01648e-05 6.60149e-07 0.000728358 -0.00181009 0.11117 0.0001682 -6.74459e-06 0.0564922 -0.000621385 -0.112722 0.000199179 -0.00441559 0.000296953 -0.000172484 5.84844e-06 0.00931968 -0.0144166 -0.0556219 0.0703165 -2.01702e-05 -0.000254394 0.101814 -0.00081834 -0.115002 -0.00455084 7.10496e-05 -0.000297405 0.000802325 -0.000175148 -0.00112276 7.94128e-05 -0.0253551 0.106143 -5.67232e-06 0.000515881 0.000298072 
-2.67712e-06 -1.57935e-07 -6.46205e-06 2.19481e-07 1.16502e-05 3.2404e-05 1.264e-05 -2.09764e-08 -3.25446e-06 -4.48381e-09 -4.10518e-05 1.29426e-05 6.18682e-06 -2.26394e-05 5.93639e-05 -3.75064e-05 -6.85321e-08 -1.30433e-07 1.48245e-06 -5.82985e-07 1.26081e-07 1.76992e-05 1.47919e-06 -5.19841e-05 -1.84364e-06 -3.12896e-05 -5.42807e-08 1.76488e-05 -1.20944e-08 3.21794e-05 7.98336e-05 1.97833e-05 1.65891e-05 -3.41132e-05 -2.74918e-05 1.42727e-05 -1.26952e-05 -6.0275e-07 -2.12396e-05 1.44776e-07 1.70382e-05 2.15781e-05 1.05106e-06 -1.57601e-08 -3.08795e-09 -1.42561e-05 3.38011e-06 -1.10496e-08 8.04345e-08 5.09192e-05 3.50656e-05 4.50293e-06 4.33557e-06 -9.42608e-07 2.0223e-05 -4.85905e-05 7.33127e-06 -4.92997e-05 5.22985e-06 -8.02073e-09 -4.65339e-05 -9.33915e-09 7.73893e-09 1.53535e-06 1.38162e-07 -6.53357e-10 1.62863e-06 6.98072e-06 3.27705e-05 4.05811e-09 -4.25068e-09 -6.35431e-06 1.25681e-05 -5.14259e-05 8.85373e-08 -3.07359e-05 -6.19324e-08 1.61914e-06 5.12146e-06 -9.5182e-07 -8.43366e-06 -2.04872e-05 1.78794e-06 1.02412e-07 5.11618e-07 2.11857e-05 2.53921e-06 -5.23616e-05 -2.40535e-06 2.93772e-07 -1.62206e-07 1.27198e-05 -1.01228e-07 -9.00441e-07 2.5687e-06 -1.34166e-05 1.70219e-05 6.41465e-09 6.889e-06 7.88613e-06 
-0.00037258 0.000168852 -0.00117916 -1.06297e-05 0.00702912 9.14031e-05 0.0052757 -1.22582e-06 0.0010001 6.24547e-06 -0.00473429 0.00133968 0.00394686 -0.0054847 0.00506827 -0.00449816 -2.32262e-05 6.13458e-06 0.000287186 0.00041957 1.73332e-06 3.65663e-05 8.19644e-06 -0.0068515 -0.000199155 -0.00525848 0.00012142 0.00251579 -1.90182e-06 0.000417916 1.97833e-05 0.0138321 0.000372236 -0.00266742 -0.00489012 -0.000210082 -0.00211095 -0.000115504 -0.00441377 -2.18403e-06 -0.00200041 0.000210179 -6.1916e-06 -2.48593e-06 1.04441e-05 0.0010504 0.00131392 2.26118e-05 9.62892e-05 0.00673961 0.00635144 0.00258894 -0.00203083 0.00299692 0.000423786 -0.0052185 4.80794e-05 -0.00565534 0.00545224 7.65307e-05 -0.00115517 2.50565e-06 1.0327e-06 0.000208209 -1.3977e-06 3.16186e-06 2.48638e-05 0.0007052 0.004023 2.96404e-06 1.01364e-05 -0.000429481 -4.75628e-06 -0.00706409 -1.17981e-06 -0.00860126 1.15443e-05 0.00231439 4.0664e-05 0.00135362 -6.98407e-05 -0.00501577 0.00367407 8.33609e-05 -1.06061e-05 0.00449891 0.000607026 -0.0060528 -0.000443307 0.000122178 1.21415e-05 0.00013634 0.000297793 0.00227733 3.00347e-05 -0.00232924 -0.00069886 1.54933e-05 1.48496e-05 -5.76164e-07 
-9.61628e-05 3.50449e-05 -0.000167444 3.4072e-07 -5.44089e-05 -0.000350586 -9.98581e-05 8.52779e-06 -0.000104122 1.73257e-07 -0.000656659 0.000212483 -0.00042145 0.00105 0.00188355 0.000239393 6.86439e-05 5.78008e-06 0.000417084 7.07759e-06 1.29657e-05 0.00202672 2.92609e-05 -0.000892631 -6.31964e-05 0.000574306 -7.35138e-06 -4.20292e-05 -1.78355e-09 -0.000366646 1.65891e-05 0.000372236 0.00284225 -0.00101115 -0.00068152 0.000441213 -0.000176448 0.000117261 -0.000531746 -3.82502e-07 -0.000695257 0.00169369 2.42138e-05 -5.62654e-07 -1.10243e-07 -0.000542478 0.000587729 8.55518e-07 0.000176455 0.00141653 6.87776e-05 -0.00015732 6.64355e-06 9.92231e-05 0.00166599 -0.0018144 9.88223e-05 -0.000147583 -0.000103647 5.03437e-05 -0.00114503 5.06583e-07 -8.07225e-08 5.0174e-05 5.85971e-06 2.75334e-06 9.22364e-05 0.000453117 -0.000295962 -8.07149e-07 7.20825e-06 -0.000168404 0.000132338 -0.00030412 0.000105082 -0.0020729 1.39895e-06 2.36266e-05 -2.70735e-07 -5.56297e-05 -0.000173996 -0.000653578 -0.000533115 9.94101e-05 -4.69407e-06 -0.000461866 -4.53471e-05 -0.00180202 -7.64757e-05 2.53836e-05 6.49357e-05 0.000186787 5.79761e-05 9.2977e-05 -8.88931e-07 -0.000295027 -0.000386142 1.08753e-05 -8.29307e-06 6.98638e-06 
