0.000108841 -3.21339e-08 -8.4469e-05 -5.56981e-08 4.00245e-05 2.84696e-06 -1.32827e-07 -7.88984e-07 6.22992e-05 6.74881e-06 -4.33644e-05 -1.51117e-08 -2.17965e-07 -5.84751e-05 1.16496e-06 6.11095e-06 -1.8297e-05 -5.7781e-05 -8.5074e-08 -1.94231e-05 1.74755e-06 2.60717e-07 -5.58603e-08 1.02021e-05 -8.18301e-08 -1.34568e-06 -0.000101955 -3.83723e-05 7.88214e-06 -1.43794e-05 3.29191e-07 -6.47096e-06 -4.24855e-09 -1.74853e-06 -9.00292e-05 -1.51016e-08 3.28541e-05 2.34806e-06 -4.61319e-05 -1.22845e-08 -8.94091e-05 -3.79825e-07 9.97905e-05 -7.21545e-08 -1.04508e-07 -7.25345e-06 -9.70536e-09 -5.32264e-07 -2.33235e-05 -9.95211e-08 -1.63981e-07 -7.43668e-08 6.28514e-08 1.58219e-05 -4.56476e-05 1.01864e-06 -2.24057e-06 -4.77733e-06 -3.06806e-06 9.11854e-05 1.54888e-06 4.01363e-05 -1.06165e-06 -2.95575e-05 1.96048e-07 7.77731e-05 3.78951e-06 3.13938e-07 -3.43553e-07 -4.04394e-07 7.631e-05 1.51687e-06 -5e-10 -9.65638e-05 -1.42981e-05 -4.36362e-07 -1.53846e-10 8.64523e-05 -1.58503e-05 -2.07216e-07 7.40526e-06 -1.92373e-08 -3.53261e-05 4.59212e-05 -7.66255e-09 -1.01108e-05 -4.2304e-08 -1.69056e-08 -7.12663e-07 0.000103542 -3.02503e-09 9.44073e-05 -7.10763e-05 -1.64877e-09 5.16378e-05 -7.0791e-10 -1.14129e-08 5.09812e-06 -5.78588e-08 -5.05825e-05 
-3.21339e-08 0.000295116 5.04105e-05 -1.5105e-07 -2.25555e-05 3.15204e-08 -3.60218e-07 4.65699e-06 -2.04521e-06 -1.61468e-06 -0.000113215 -4.09821e-08 -4.04442e-07 -0.000145341 6.0753e-06 -0.000231591 2.7443e-05 -0.00012877 -2.30715e-07 -4.54408e-05 -4.35301e-06 -2.1501e-07 -3.48228e-08 -9.67197e-07 -1.08585e-07 3.27968e-06 5.1513e-06 0.000170769 -2.07162e-06 -3.8676e-05 -3.00508e-07 4.90982e-05 -1.15218e-08 0.000116452 -5.18056e-05 -4.09545e-08 -3.24305e-06 -2.51981e-06 0.000148478 -3.33147e-08 -0.00010818 -9.43395e-07 -1.40191e-05 2.47655e-07 -4.13432e-07 -1.92447e-05 -2.63203e-08 -1.42013e-06 -0.000118429 4.15259e-06 -4.44705e-07 -2.01678e-07 3.75867e-07 -0.000225833 3.31869e-05 2.383e-06 -3.50699e-07 -1.04171e-05 -2.39147e-06 -3.98285e-05 3.4894e-06 -0.000171149 -1.35913e-06 0.000191343 -9.49145e-08 -2.85552e-06 -2.88784e-06 3.0244e-06 3.78307e-07 1.04664e-06 1.0371e-06 4.43274e-06 -1.35597e-09 -8.40803e-05 0.000170095 -1.13672e-06 -4.17221e-10 -4.94044e-05 -3.52108e-05 6.3708e-05 -3.69317e-06 -4.21703e-08 0.000178276 -8.46354e-07 -2.07803e-08 6.58368e-05 8.60748e-09 -4.5847e-08 -1.6227e-06 -1.1011e-05 5.12963e-09 -1.59182e-05 -5.974e-07 -4.47135e-09 -1.33057e-05 3.80802e-08 -3.09511e-08 -2.08967e-06 -1.56909e-07 0.000135856 
-8.4469e-05 5.04105e-05 0.172387 -0.000263773 -0.0398251 0.000152942 -0.000211873 -0.00396821 -0.00501845 -0.00100752 -0.0495422 1.84107e-05 -0.00052796 -0.0448436 -0.00117535 -0.0113505 0.0327999 -0.0197212 -0.000598812 -0.013882 0.00211953 -0.000462281 -0.000352247 -0.00107858 -0.00035346 -0.00073444 0.0105652 0.0763755 -0.0032198 -0.0213263 0.000169964 0.0107674 5.93824e-06 0.00603852 0.0554213 -0.00010158 -0.00664808 0.00555236 0.0939958 -2.62233e-05 0.0685818 -4.9583e-05 -0.0357358 -0.000336311 -0.00195845 -0.00616078 -3.00859e-05 -0.00148358 -0.0755798 -0.000932587 -0.000673312 -0.000137777 -5.71129e-05 -0.0286193 0.0542344 -0.00258364 -0.00530209 -0.0294503 0.00036761 -0.06255 -0.00459344 -0.0770513 0.00110237 0.0566409 -0.0016612 -0.0081263 -0.00851714 -0.00106332 0.000677505 -0.00127363 -0.00186867 -0.00499168 3.66924e-09 0.00440441 0.0217935 0.000309743 -4.00409e-07 -0.0958831 -0.0522463 3.10289e-05 -0.0145743 3.35988e-05 0.0696969 -0.000928971 -4.48477e-05 0.020122 -0.000297543 -9.94038e-05 0.000141576 -0.0260533 1.60627e-06 -0.0395742 0.00382238 -1.08031e-05 -0.039788 -5.03344e-06 1.15039e-05 -0.00570026 -0.000303068 0.094228 
-5.56981e-08 -1.5105e-07 -0.000263773 0.000511418 4.66169e-05 -5.00026e-07 -5.71037e-07 -3.35395e-07 6.53501e-06 -2.56364e-06 -4.30751e-05 -7.10348e-08 -1.02458e-06 -5.21962e-05 -1.48724e-06 1.2502e-05 -5.93642e-05 0.000134023 6.67649e-08 -7.33192e-05 3.91069e-06 -3.7268e-07 -2.62579e-07 -1.67201e-06 1.56201e-06 4.86931e-06 -4.69234e-05 -0.000153252 4.99837e-06 -6.42189e-05 2.82458e-07 -2.51824e-05 -1.99709e-08 4.60451e-06 -0.000146048 -3.09871e-08 0.000140505 -1.61279e-05 -0.000182197 -5.77448e-08 -0.000309081 1.07458e-06 3.09667e-06 -3.39172e-07 7.03762e-06 -3.21728e-05 -4.56214e-08 -2.50198e-06 -0.000188615 -2.48173e-07 -7.6748e-07 -3.49571e-07 1.58393e-07 5.15396e-05 6.57165e-05 -7.7833e-07 -1.02082e-05 0.000311993 -5.77924e-07 0.00032384 -5.34319e-06 0.00016355 -4.06711e-06 -0.000117963 3.59939e-07 -4.3164e-06 -5.59083e-06 -3.55927e-07 -1.57492e-06 -1.57758e-06 2.34877e-05 -2.57408e-06 -2.35032e-09 -5.03923e-05 -6.66666e-05 -8.87845e-07 2.26102e-08 -2.76936e-05 0.000275669 -9.74048e-07 1.83773e-06 -9.04275e-08 -6.83027e-05 -4.06997e-07 -3.60189e-08 -4.69272e-05 -1.98856e-07 1.63866e-07 2.92336e-06 -1.26648e-05 -1.42196e-08 0.000187857 -8.50878e-07 1.89164e-08 9.00042e-07 -3.32763e-09 -5.36479e-08 -1.06718e-07 -2.71973e-07 -0.000192696 
4.00245e-05 -2.25555e-05 -0.0398251 4.66169e-05 0.0747343 -5.66529e-05 -8.9796e-05 0.00267135 0.00539191 -0.000426104 -0.0255654 -1.04539e-05 -6.5505e-05 -0.00224541 -0.000227748 0.00454179 -0.0121967 -0.0318913 0.000529946 -0.0142452 0.00139437 2.91872e-05 -4.1031e-05 -0.000229764 0.00026352 -0.00115995 -9.74089e-07 -0.027783 0.00134501 -0.0105039 -2.63344e-05 -0.00393277 -2.60185e-06 -0.00118139 -0.0394016 0.000112494 0.000567107 -0.00307341 -0.02509 -5.809e-07 -0.0284525 -0.000253839 0.0284656 4.1858e-05 0.00123187 -0.00537527 1.19766e-05 -0.000101076 0.00927607 -7.53535e-05 0.000474154 4.0588e-05 2.20168e-06 0.011941 -0.0156425 -0.000285263 -0.00177284 0.00173768 -0.00216133 0.0594884 -0.00107333 0.0278101 -0.000753359 -0.0211056 0.00186468 0.00765702 0.00311258 -0.000118522 -0.000251664 -0.000298984 0.000370838 0.00160527 -1.93679e-07 0.000741531 -0.0106405 -0.000321265 1.68355e-07 0.0415912 -0.0111596 -0.000154218 0.00754203 -1.40705e-05 -0.0240526 -0.000214889 -5.21334e-06 -0.00431678 -3.16163e-05 5.99487e-05 -0.000365972 0.0220434 1.13588e-06 0.0232903 0.000507686 -7.52219e-07 0.0401807 5.1776e-06 -5.42871e-07 0.00478063 -3.61613e-05 -0.0192123 
2.84696e-06 3.15204e-08 0.000152942 -5.00026e-07 -5.66529e-05 0.000976268 -8.72444e-07 -4.97305e-06 1.49763e-05 1.32777e-07 -0.000374551 -1.15665e-07 1.73323e-06 -0.000450013 1.28974e-06 2.43973e-05 0.000654253 -0.000492149 1.01292e-06 -0.00011972 -3.74948e-05 7.49093e-08 -1.11482e-07 2.00892e-07 -7.34624e-07 7.44541e-05 -1.09085e-05 0.000445923 -7.19356e-07 -0.00012645 -5.81451e-07 0.000595744 1.35853e-06 -2.49344e-05 2.43532e-06 -1.35573e-07 1.19733e-05 -2.34926e-05 0.000447566 1.97171e-08 5.39736e-05 -2.78985e-06 -6.88593e-06 -1.84429e-07 -2.48044e-06 -6.50138e-05 9.62041e-08 -4.72503e-06 -0.000388395 1.22242e-05 -1.17213e-06 4.70238e-06 1.12641e-07 -0.000596474 -0.000234937 1.37339e-05 3.23854e-05 -4.27831e-05 2.89667e-05 -8.93903e-05 3.30158e-05 -0.000537466 2.31124e-05 0.000496484 -2.19006e-06 4.87046e-06 -5.62847e-06 1.77924e-05 -2.34755e-06 -2.19376e-06 5.28132e-06 4.66674e-05 -4.48871e-09 -5.36829e-05 -0.000117226 6.16593e-06 -1.38114e-09 -0.000161284 -0.000125611 -1.86027e-06 -1.8232e-05 3.72986e-08 -0.000230203 2.70161e-06 -6.879e-08 -8.70023e-05 -3.79782e-07 -1.7693e-09 2.20545e-06 -1.03569e-05 -2.7157e-08 -4.73132e-05 -3.09183e-05 4.21865e-07 -2.50698e-05 -6.35521e-09 2.94208e-07 -1.70683e-06 -5.19424e-07 0.000426762 
-1.32827e-07 -3.60218e-07 -0.000211873 -5.71037e-07 -8.9796e-05 -8.72444e-07 0.00121875 -8.84445e-06 -8.3173e-06 2.14014e-05 0.000621028 -1.69401e-07 -1.84004e-06 0.000453498 1.81099e-05 6.53866e-05 -0.000199805 -0.000404585 1.21633e-06 0.000573123 -9.9496e-05 2.21245e-07 -6.26189e-07 2.08314e-06 4.80936e-06 5.98623e-06 -0.000826286 -0.000406465 1.35705e-05 -0.000154958 2.04502e-07 -6.40717e-05 -4.76258e-08 -3.12807e-05 5.6832e-05 1.12405e-06 3.84448e-05 -2.47742e-05 -0.000501896 6.68959e-07 -0.000205601 3.16455e-05 0.000255325 1.61782e-06 4.54053e-06 -5.03726e-05 -1.05463e-07 7.55167e-05 0.000606608 5.97195e-06 -1.57488e-06 -6.20312e-07 7.05132e-07 0.000108706 -0.000514649 9.59061e-06 0.000108389 -4.15095e-05 0.000256117 0.000139586 0.000269448 0.000412818 7.95633e-07 -0.000286949 -2.00801e-06 -7.51505e-06 -9.48485e-08 9.02652e-06 2.02788e-05 5.50677e-06 3.61648e-06 2.04184e-05 -5.60495e-09 -0.000903863 -0.000145407 -4.08825e-06 -1.7246e-09 0.000911676 -6.94225e-05 -2.01621e-06 -2.29692e-05 -2.15648e-07 -0.000334797 7.15571e-08 1.89341e-05 -0.000103918 -1.60891e-07 6.63822e-07 -7.90223e-06 -3.28064e-05 -3.39104e-08 0.000333754 -0.000332353 1.04851e-07 -6.12131e-05 -7.93561e-09 4.12062e-07 -6.21716e-06 -1.98592e-07 -0.000532636 
-7.88984e-07 4.65699e-06 -0.00396821 -3.35395e-07 0.00267135 -4.97305e-06 -8.84445e-06 0.0071956 0.00117013 -2.63958e-05 -0.0019429 -1.00624e-06 -7.04351e-06 -0.00310955 -2.33769e-05 -0.000101054 -0.000186806 -0.00245355 9.19524e-06 -0.00130304 9.35055e-05 -1.64249e-06 -2.46286e-06 -2.25478e-05 -2.24543e-06 -7.18375e-05 0.000193171 -0.00148363 -5.4397e-05 -0.000535746 -7.31839e-06 -8.48029e-05 4.43772e-07 -0.000167891 -0.00342515 3.91108e-07 4.431e-05 -0.000116398 -0.00155336 1.20869e-06 -0.00331746 -2.46245e-05 0.000561974 9.58216e-06 0.000821903 -0.000440763 5.67089e-07 -3.52315e-05 -0.000652137 -9.37881e-06 -1.08389e-05 1.38152e-06 -8.26576e-07 5.00682e-05 -0.000796941 -2.54082e-05 -0.000154947 1.37912e-08 -0.000211877 0.00380628 -2.72409e-05 0.00146049 2.86985e-05 -0.00135696 0.00015631 -3.30927e-05 0.00264156 -1.04369e-05 -2.23592e-05 -1.72705e-05 -1.75545e-05 0.000736985 -3.32931e-08 0.000448499 -0.000500771 -1.07057e-05 -1.0244e-08 0.00408813 -0.000682855 2.45089e-05 0.00129879 -1.28094e-06 -0.00171763 5.3561e-06 -3.90221e-07 -0.000649763 -2.5902e-06 3.06765e-06 4.59097e-05 0.000128956 2.35241e-07 0.0042866 4.58095e-05 -1.09785e-07 0.00142644 1.99286e-06 -5.79943e-07 3.53886e-05 -3.8526e-06 -0.00209625 
6.22992e-05 -2.04521e-06 -0.00501845 6.53501e-06 0.00539191 1.49763e-05 -8.3173e-06 0.00117013 0.00688013 0.000323042 -0.00236518 -9.6181e-07 -1.33994e-05 -0.00339605 0.000105572 0.000381181 -0.00080324 -0.00337084 3.09987e-05 -0.00126245 0.000116944 -4.59942e-06 -3.55531e-06 -3.15044e-06 -4.37487e-06 -9.90345e-05 -0.000301736 -0.00244404 -5.88493e-05 -0.000906527 -8.19299e-07 -3.3728e-05 -2.37072e-07 7.48147e-05 -0.004862 1.07422e-05 0.000755323 0.00010439 -0.00255131 1.33814e-06 -0.00512361 -1.94079e-05 0.00247566 1.85376e-05 0.000760005 -0.000459866 9.29895e-06 -2.03634e-05 -0.00167242 -8.58849e-07 2.27987e-06 4.01481e-08 5.6507e-06 0.00101807 -0.00278393 1.58473e-05 -0.000151393 0.00013393 -0.000193336 0.00576864 -6.74745e-05 0.00256992 -6.60038e-05 -0.00181621 0.000161003 0.00159533 0.00194736 -5.63162e-06 -2.17826e-05 -2.57016e-05 0.000886865 8.03893e-05 -3.18232e-08 -0.00176305 -0.000907308 -2.73096e-05 1.06875e-07 0.00453285 -0.000928434 -1.31386e-05 0.000276442 -4.37719e-07 -0.00224218 6.79002e-05 -4.87694e-07 -0.00063388 -2.6925e-06 3.66173e-05 2.48448e-05 0.00245151 -1.02533e-07 0.00447393 -0.000371043 3.75062e-07 0.00411606 1.00161e-06 2.88694e-06 0.00116357 -3.30251e-06 -0.00319098 
6.74881e-06 -1.61468e-06 -0.00100752 -2.56364e-06 -0.000426104 1.32777e-07 2.14014e-05 -2.63958e-05 0.000323042 0.00546215 -0.000693564 2.26809e-05 0.000800529 -0.000137089 0.000138305 7.39524e-06 -0.00054369 -0.000195165 -1.79917e-06 0.00110056 -0.0015317 9.62197e-05 0.000185692 0.000199441 8.66783e-06 0.000422213 -0.00172826 0.000505192 -3.47855e-05 -0.000560182 9.78898e-06 -0.00022405 -1.43652e-08 -0.000113207 -0.000600584 -4.61968e-07 0.000563938 0.0011306 -0.000138719 2.83507e-07 -0.00143872 0.000836555 -0.000162997 -2.19397e-06 4.24506e-05 0.000214311 -1.49695e-07 8.85067e-06 -0.000334289 2.51321e-05 2.40283e-06 -2.40226e-06 -6.704e-07 7.17135e-05 -0.00198736 0.000905205 0.00144813 -0.000201124 0.00141139 -0.00024178 0.000898215 -2.62669e-06 5.56498e-05 -0.00122814 -9.61552e-06 -4.95842e-05 0.000744208 6.68209e-05 0.000120216 0.000799232 0.000619175 0.000211062 3.31439e-07 -0.00278069 -0.000335231 -9.29047e-06 -7.76248e-09 1.80828e-05 -0.000259091 1.60247e-05 -9.56873e-05 -6.67306e-07 -0.00121422 0.000150227 5.01004e-06 0.000479385 0.000143642 -8.49661e-07 -1.81483e-05 0.000119437 -1.52632e-07 0.000203193 -0.0019629 -8.31903e-08 -0.000280022 -3.57184e-08 1.84975e-05 -4.34558e-05 3.09773e-05 -4.08589e-05 
-4.33644e-05 -0.000113215 -0.0495422 -4.30751e-05 -0.0255654 -0.000374551 0.000621028 -0.0019429 -0.00236518 -0.000693564 0.240519 5.21474e-05 -0.000325386 0.1186 -8.03949e-05 0.0225275 -0.0632568 0.161236 -0.000146295 0.0638447 0.00252025 -0.000151622 -0.000206618 -0.00123314 -1.81835e-05 -0.00278157 -0.0161234 -0.139068 -0.0019824 0.0773397 -0.000144083 -0.0219304 -1.12414e-05 -0.0104977 0.015879 -3.87517e-05 0.000525361 -0.0149561 -0.17148 -1.7575e-05 -0.0147602 0.00132694 -0.0105182 0.000179872 -0.000518483 0.022651 -1.7272e-05 0.00185575 0.159635 -0.000377569 0.000114768 -0.000163718 -4.4304e-05 0.0583715 -0.109176 -0.0010443 -0.00129077 0.0149272 0.00073801 -0.0092278 -0.00180007 0.144542 -0.00276884 -0.104065 -0.000755849 -0.0040543 0.000451869 -0.000574402 -0.000862258 -0.000634462 -4.57556e-06 -0.00108088 -1.50275e-06 0.000990548 -0.0423896 -0.00112291 -5.42386e-07 0.0253512 0.0615688 -0.000693243 -0.00312299 -7.11324e-05 -0.123894 -0.000773762 1.90108e-05 -0.0341706 -0.000146666 -4.65213e-05 -0.000898221 -0.0124711 -1.04291e-05 0.00896026 0.000678506 6.23814e-06 -0.0190439 -2.21845e-06 7.66544e-06 -0.00242545 8.19318e-07 -0.175885 
-1.51117e-08 -4.09821e-08 1.84107e-05 -7.10348e-08 -1.04539e-05 -1.15665e-07 -1.69401e-07 -1.00624e-06 -9.6181e-07 2.26809e-05 5.21474e-05 0.000138807 0.000107505 4.36849e-05 -4.47386e-07 2.22364e-06 -2.28118e-05 -5.15151e-05 -1.085e-07 8.59475e-05 -0.000110298 5.50622e-05 4.62876e-06 7.0938e-06 -1.04362e-07 9.60875e-05 -0.000105394 -2.5953e-05 -1.37924e-06 -1.78855e-05 -1.41321e-07 -4.68133e-06 -5.4184e-09 5.03131e-06 5.98634e-06 6.74068e-08 -1.52529e-06 -3.98268e-06 -3.83635e-05 -1.56671e-08 -9.78952e-05 9.56559e-06 -6.39301e-06 5.04644e-07 -3.84104e-07 -6.35014e-06 -1.23778e-08 8.31174e-07 4.94289e-05 -1.8219e-07 4.08664e-08 6.28489e-07 8.95714e-07 6.2409e-06 -3.8937e-05 2.32687e-06 5.37876e-06 -6.19057e-06 0.000106907 -1.90478e-05 1.01114e-06 -7.96727e-05 -1.06732e-06 -1.61614e-05 -2.71125e-07 -5.67513e-07 -2.02679e-06 -2.03286e-07 1.10185e-06 1.60425e-06 -3.39315e-07 -4.60888e-07 -6.37677e-10 -0.000106767 -1.54818e-05 6.34837e-08 -1.96208e-10 -2.64328e-05 -1.86603e-05 1.12573e-06 -2.64912e-06 3.58799e-07 -3.7188e-05 9.55053e-05 -9.77247e-09 9.63251e-05 -5.39527e-08 -2.15607e-08 1.9611e-06 -3.50736e-06 -3.85799e-09 -9.24769e-06 -0.00011052 -2.10276e-09 -6.39514e-06 -9.02836e-10 3.30754e-05 -8.39875e-07 1.42876e-07 -4.89981e-05 
-2.17965e-07 -4.04442e-07 -0.00052796 -1.02458e-06 -6.5505e-05 1.73323e-06 -1.84004e-06 -7.04351e-06 -1.33994e-05 0.000800529 -0.000325386 0.000107505 0.00199837 0.000467266 2.7358e-06 -0.000203241 -0.00023542 -0.000898847 -1.15828e-06 0.000769095 -0.00109149 0.000316498 0.000304236 0.000443427 -1.18195e-06 0.000574314 -0.00121139 0.000841807 -1.9954e-05 -0.000252498 -1.47836e-06 -6.21132e-05 1.21847e-07 2.53509e-06 -0.0003655 1.5622e-06 3.28726e-05 0.00011775 -0.000272373 -2.25975e-07 -0.000919519 0.000694013 -8.35255e-05 -5.40629e-07 3.53651e-06 -0.000110839 -1.25199e-07 1.75156e-05 -7.29023e-05 -1.7245e-06 -9.9787e-08 5.45534e-06 8.82532e-07 -0.000307391 -0.000594615 0.00087752 0.00088675 -8.66401e-05 0.00101098 -0.000274025 0.000400422 -0.000700894 0.000137607 -0.000277482 -2.97753e-06 -1.82578e-05 -3.42879e-05 1.68246e-05 9.40836e-05 0.000968794 6.00677e-05 1.30472e-05 -9.19758e-09 -0.00124764 -0.000247392 2.69713e-07 -2.83003e-09 -0.000195863 -0.000258816 -2.95844e-06 -3.23277e-05 -2.0054e-07 -0.000600802 0.000560206 3.79905e-06 0.000422517 0.000243582 -3.10982e-07 -1.31096e-05 -4.52909e-05 3.54354e-07 -0.00012406 -0.0011883 -3.03293e-08 -6.58456e-05 -1.30221e-08 3.14601e-05 -1.41582e-05 -9.24323e-07 -0.000148488 
-5.84751e-05 -0.000145341 -0.0448436 -5.21962e-05 -0.00224541 -0.000450013 0.000453498 -0.00310955 -0.00339605 -0.000137089 0.1186 4.36849e-05 0.000467266 0.247031 -0.00181308 0.0300508 -0.0905921 0.0699682 4.6168e-05 0.0617218 -0.00635876 0.00026371 0.000179414 -0.000250517 2.67819e-05 0.00351065 -0.0182513 -0.124172 -0.00247971 0.0276618 0.000406993 -0.0149324 -1.34185e-05 -0.0116582 0.0113299 3.20434e-05 -0.00323672 -0.0211182 -0.118714 -4.14497e-05 -0.023489 -0.000108765 -0.00481694 -6.14245e-05 -0.000359925 0.00722602 -2.33452e-05 -0.000903241 0.107229 0.000540984 -0.000100705 -0.000316627 -6.78777e-05 0.068774 -0.077995 0.00161175 0.00855253 0.013081 0.0116724 0.0124031 0.00454678 0.0890654 -0.00244592 -0.0743741 0.000215521 -0.00271256 -0.00264846 0.000633275 -0.00157561 0.00152013 -0.000309003 -0.000148519 -1.41364e-06 -0.00481401 0.00233671 -0.00211792 1.56317e-07 0.0445979 0.0434356 -0.000956731 -0.00234886 -8.83637e-05 -0.145481 0.000891748 -2.28626e-05 -0.0437761 0.000162862 -5.06864e-05 0.000751198 -0.0031795 -6.91936e-06 -0.0142243 -0.00274536 5.25128e-06 -0.00515624 -2.08605e-06 1.96327e-06 -0.000948428 -0.000191403 -0.104408 
1.16496e-06 6.0753e-06 -0.00117535 -1.48724e-06 -0.000227748 1.28974e-06 1.81099e-05 -2.33769e-05 0.000105572 0.000138305 -8.03949e-05 -4.47386e-07 2.7358e-06 -0.00181308 0.00340305 -0.000657607 -0.000131157 -0.000976427 1.00112e-05 -0.000621388 -0.000324899 -2.17042e-06 -1.75233e-06 0.000332711 9.50634e-06 -3.81872e-05 -0.000265031 -9.43002e-05 0.000102835 -0.000163072 -4.02736e-07 -0.000192825 -1.33276e-07 -5.80811e-05 -0.0012166 -4.73734e-07 0.0018176 0.000692032 0.000311351 5.01306e-07 -0.00124891 4.91116e-05 0.000438889 1.89999e-05 1.29222e-06 0.000165644 -3.04455e-07 0.000699766 -0.000112007 -1.36798e-06 1.67596e-06 -5.12871e-07 4.99566e-05 -0.000172456 -0.000164761 1.36656e-06 0.00030216 -0.000104362 -9.67453e-05 0.000494795 -3.93756e-05 -0.000243135 -3.30638e-05 -0.000601087 -6.90938e-06 -3.2235e-05 0.00124291 -3.88687e-06 -8.11718e-06 -1.23224e-05 0.00018355 -1.59114e-05 -1.56849e-08 -0.00175124 0.00067783 0.000235551 -4.82612e-09 0.000596656 -0.000424257 0.00047899 8.68173e-05 -6.0347e-07 -0.00031842 4.63301e-07 3.46496e-05 -0.000121947 -1.32707e-06 -5.06993e-07 0.000107701 0.000385643 2.28439e-07 0.00106363 -0.00045994 2.08279e-07 -0.000123225 -2.2207e-08 -1.18021e-07 -2.76267e-05 0.000380548 -0.000458769 
6.11095e-06 -0.000231591 -0.0113505 1.2502e-05 0.00454179 2.43973e-05 6.53866e-05 -0.000101054 0.000381181 7.39524e-06 0.0225275 2.22364e-06 -0.000203241 0.0300508 -0.000657607 0.0529877 -0.037758 0.0234094 4.27322e-05 0.00967524 0.000413625 -0.000170438 -0.000456431 -0.000812765 2.97059e-05 -0.000870182 -0.002239 -0.0353322 0.00040444 0.00738584 5.44682e-05 -0.00928694 -1.22355e-05 -0.00877061 -0.00238812 6.91506e-06 0.00029193 -0.0117814 -0.0310994 1.48885e-06 -0.00412612 0.000193895 0.00269269 2.04192e-05 0.000102329 0.00259109 -1.29128e-06 -0.00017067 0.0227045 5.35282e-05 8.4377e-05 -0.000166153 -6.1705e-05 0.0443896 -0.0181333 -0.000254566 0.000235365 0.00246641 0.00109033 0.00894343 0.000645824 0.0351015 -0.00269324 -0.0380377 0.000110944 0.000585037 0.00046494 4.05756e-05 -2.73416e-05 -0.000221097 0.000167865 0.000455263 -1.8988e-06 -0.00189919 -0.0144053 -0.00231061 5.93436e-08 0.0111885 0.00821801 -0.00159948 0.00104237 -9.1522e-05 -0.0353247 -0.000327037 -4.04483e-06 -0.00284177 -0.000327609 6.74215e-06 0.000319628 0.00205826 -1.04732e-05 0.00395256 0.000533175 5.86991e-07 0.00281542 2.95093e-07 -7.06436e-08 0.000427252 -0.000351017 -0.0291159 
-1.8297e-05 2.7443e-05 0.0327999 -5.93642e-05 -0.0121967 0.000654253 -0.000199805 -0.000186806 -0.00080324 -0.00054369 -0.0632568 -2.28118e-05 -0.00023542 -0.0905921 -0.000131157 -0.037758 0.139835 -0.0571207 -0.000115052 -0.0218763 0.00197882 -8.94968e-05 -2.3278e-05 0.000201728 -0.000121197 0.000124787 0.00796888 0.0856194 -0.000701545 -0.0209686 -0.000168589 0.031018 2.23595e-05 0.00218453 0.0134065 -2.22795e-05 -0.00190297 0.0141551 0.080924 -1.4716e-05 0.0189183 -0.000564747 -0.00801603 -0.000109889 -0.000311232 -0.0053429 1.44932e-05 -0.000737326 -0.0627145 -0.000218209 -0.000246721 0.000219765 -3.17991e-06 -0.0759882 0.018504 -0.000609201 -0.00319794 -0.00741721 -0.00425878 -0.0248855 -0.00210592 -0.0805373 0.00226942 0.0701245 -0.000370364 -0.00171296 -0.00265207 -0.000240538 0.000301704 -0.000612626 -0.000516363 -0.00163754 -3.3542e-07 0.00918985 0.00260946 0.00242329 -2.37565e-07 -0.0325567 -0.0240208 0.000161379 -0.00321895 -2.07057e-05 0.0745646 -0.00038977 -7.20565e-06 -0.0102767 -6.17615e-05 -1.93586e-05 -0.000433404 -0.00611019 1.20455e-05 -0.0118655 0.00131025 -2.36932e-06 -0.00797176 -8.79803e-07 -1.08802e-05 -0.000954109 -8.84908e-05 0.0806027 
-5.7781e-05 -0.00012877 -0.0197212 0.000134023 -0.0318913 -0.000492149 -0.000404585 -0.00245355 -0.00337084 -0.000195165 0.161236 -5.15151e-05 -0.000898847 0.0699682 -0.000976427 0.0234094 -0.0571207 0.248966 -0.000354123 0.0594146 0.00320055 -0.000337409 -0.0002669 -0.00166419 -0.000375595 -0.00221343 0.00275156 -0.126486 -0.000877597 0.0594059 -2.33925e-05 -0.0281948 -1.44836e-05 -0.012222 0.0286833 -6.68687e-05 -0.000329231 -0.0191452 -0.149307 1.29803e-05 -0.00185162 0.000574488 -0.0201555 -0.000255596 -0.00123172 0.0226649 -1.08043e-05 -2.39329e-05 0.102734 0.000411173 1.7167e-05 -0.000198578 -4.73203e-05 0.0578579 -0.0603408 -0.000803083 -0.00205137 0.0135565 -0.00229223 -0.0255755 -0.00165262 0.162381 -0.00175649 -0.118561 -0.00103049 -0.00550617 -0.00682787 0.00020829 -9.73561e-05 -0.00155467 -1.16421e-05 0.000595119 -3.84401e-07 -0.00280977 -0.0532173 -0.00167989 -7.25457e-07 -0.00965201 0.0669477 -0.000986146 -0.00877556 -7.57807e-05 -0.0827044 -0.00134505 -2.20374e-05 -0.0124801 -0.000204103 -3.70384e-05 -4.84671e-05 -0.0199955 -1.25355e-05 -0.0123596 0.00152305 2.42951e-06 -0.0264763 -3.46083e-06 -1.78555e-05 -0.0031445 -0.000160727 -0.138971 
-8.5074e-08 -2.30715e-07 -0.000598812 6.67649e-08 0.000529946 1.01292e-06 1.21633e-06 9.19524e-06 3.09987e-05 -1.79917e-06 -0.000146295 -1.085e-07 -1.15828e-06 4.6168e-05 1.00112e-05 4.27322e-05 -0.000115052 -0.000354123 0.000780936 -0.000141337 1.34068e-05 -4.75904e-07 -4.01066e-07 -9.57141e-07 9.34581e-06 -1.05307e-05 -3.86603e-05 -0.000274005 -2.83515e-06 -8.39079e-05 -4.18924e-07 -4.42155e-05 -5.03766e-10 -1.82335e-06 -0.000611982 5.76824e-06 3.80257e-05 -4.83552e-06 -0.000323174 3.318e-07 -0.000485117 -2.70374e-06 0.000188803 -4.88056e-07 9.48096e-06 -5.16702e-05 -5.3016e-08 3.29084e-05 9.10692e-05 -8.5668e-08 -6.90684e-07 2.49394e-07 -9.91913e-08 0.000113273 -0.000279393 -2.60469e-06 -1.67099e-05 0.000249663 -2.29178e-05 0.00056764 -1.00843e-05 0.000283872 -7.31247e-06 -0.000199447 0.000162142 4.93468e-07 2.00139e-05 -1.12776e-06 -2.32664e-06 -2.90348e-06 -2.04356e-06 -6.72171e-06 -3.5899e-09 4.17038e-05 -9.97307e-05 -3.133e-06 -1.10459e-09 0.000562839 -5.9713e-05 -1.31111e-06 -2.22709e-06 -1.3812e-07 -0.000251941 -2.24071e-06 7.1651e-08 -7.25403e-05 -3.03735e-07 8.85287e-07 5.93209e-07 -2.45187e-05 3.61614e-07 0.000355188 4.80996e-06 -1.18378e-08 0.000442371 4.88251e-07 -8.19426e-08 5.42338e-05 -1.55415e-07 -0.000332539 
-1.94231e-05 -4.54408e-05 -0.013882 -7.33192e-05 -0.0142452 -0.00011972 0.000573123 -0.00130304 -0.00126245 0.00110056 0.0638447 8.59475e-05 0.000769095 0.0617218 -0.000621388 0.00967524 -0.0218763 0.0594146 -0.000141337 0.149178 -0.0132366 0.000368121 0.000376566 0.0010185 -3.84989e-05 0.00958773 -0.0198024 -0.0622654 0.0012998 -0.01333 -1.33216e-05 -0.000483364 -6.1587e-06 -0.00531091 0.0098859 -1.38121e-05 -0.00233875 -0.00698194 -0.0773282 1.06137e-05 -0.0421281 0.000326692 -0.0075843 8.05408e-05 -0.000393532 0.0234485 3.06138e-05 -0.000466669 0.0793396 0.00100243 -0.000253418 -0.000108921 -2.07592e-05 0.0174584 -0.0697785 0.00298595 0.0167722 -0.0023035 0.0230478 -0.0174929 0.00874402 0.0512171 0.00140136 -0.0435572 -0.000401254 -0.00136423 -0.00208021 0.00117711 -0.000454693 0.00238227 -0.000281995 0.00326042 2.95161e-07 -0.0297183 -0.00976313 -0.000609547 3.92101e-07 0.0162949 0.0116833 -0.000338412 -0.0026586 -3.18917e-05 -0.0521826 0.00182621 -3.52175e-06 -0.0162799 0.00031349 2.3967e-05 -0.00110742 -0.00492182 -3.34767e-06 -0.00909884 -0.00583941 9.52943e-06 -0.00862473 -4.20034e-07 4.7388e-05 -0.00138851 -7.3947e-06 -0.0457983 
1.74755e-06 -4.35301e-06 0.00211953 3.91069e-06 0.00139437 -3.74948e-05 -9.9496e-05 9.35055e-05 0.000116944 -0.0015317 0.00252025 -0.000110298 -0.00109149 -0.00635876 -0.000324899 0.000413625 0.00197882 0.00320055 1.34068e-05 -0.0132366 0.0170987 -0.000502012 -0.000477637 -0.0018087 -4.59651e-05 -0.00870338 0.00872837 0.00420931 -8.40167e-05 0.00228567 -1.88291e-05 -0.00784749 6.79182e-07 0.000249947 -0.000382879 4.90841e-07 -0.000161461 -2.20084e-05 0.00668041 -6.01284e-06 0.0126076 -0.000664804 0.000851271 -0.000163259 4.50798e-05 -0.00686516 -2.30718e-05 -0.000410261 -0.00297054 -0.00113789 1.3571e-05 -3.96449e-05 -5.27015e-05 0.00634766 0.00702623 -0.00360068 -0.0154853 0.000747738 -0.0151261 0.00269848 -0.00848272 0.00827254 -0.00127598 -0.00127638 3.34753e-05 0.000145514 -0.000239385 -0.00142543 -0.000127169 -0.00291771 -0.00019016 -0.00366984 -2.77007e-06 0.0150749 -0.00272423 -0.000340669 -5.28739e-07 0.00218931 -0.000840682 -0.000388251 0.000333503 -5.94135e-06 0.00482975 -0.00227325 1.22495e-06 0.00102545 -0.000381581 -2.76341e-05 0.000111075 0.000176261 -1.11641e-06 0.00104444 0.00696615 -1.13931e-05 0.00089033 -6.40165e-07 -5.46722e-05 0.000126401 -0.000448887 -0.0061663 
2.60717e-07 -2.1501e-07 -0.000462281 -3.7268e-07 2.91872e-05 7.49093e-08 2.21245e-07 -1.64249e-06 -4.59942e-06 9.62197e-05 -0.000151622 5.50622e-05 0.000316498 0.00026371 -2.17042e-06 -0.000170438 -8.94968e-05 -0.000337409 -4.75904e-07 0.000368121 -0.000502012 0.000727816 0.000209296 0.000293986 1.46247e-06 0.00041892 -0.000422965 1.18977e-05 -1.43356e-06 -5.49203e-05 -5.81435e-07 5.71988e-05 -2.84274e-08 -1.13286e-05 -0.00035178 5.38954e-07 -3.99946e-06 -2.39236e-05 -0.00031151 -8.21963e-08 -0.000498806 4.53522e-06 1.2513e-05 3.32387e-06 2.86148e-06 -1.31137e-05 -6.49394e-08 2.06286e-05 0.000231043 1.55082e-06 2.49459e-07 6.13241e-06 2.12089e-06 -0.000212353 -0.000314809 0.00034326 0.000413957 -1.00385e-05 0.000472057 -6.26925e-06 0.000131805 -0.000250704 2.88564e-05 -0.000110517 -3.28967e-07 1.82474e-05 1.03762e-05 2.25035e-05 1.51459e-06 0.000361664 -7.29045e-07 1.92938e-05 -3.34554e-09 -0.000494387 -9.62946e-06 7.2536e-06 -1.0294e-09 8.11725e-05 -0.000100698 3.735e-07 1.79483e-05 -1.28718e-07 -0.00023432 0.000467745 5.20626e-08 7.00786e-06 0.00010467 -8.31171e-08 -4.76849e-06 8.51109e-05 -2.02408e-08 -3.60878e-05 -0.000501196 -1.1032e-08 7.16393e-05 -4.73668e-09 1.02364e-06 5.59802e-06 2.86195e-07 -0.000104486 
-5.58603e-08 -3.48228e-08 -0.000352247 -2.62579e-07 -4.1031e-05 -1.11482e-07 -6.26189e-07 -2.46286e-06 -3.55531e-06 0.000185692 -0.000206618 4.62876e-06 0.000304236 0.000179414 -1.75233e-06 -0.000456431 -2.3278e-05 -0.0002669 -4.01066e-07 0.000376566 -0.000477637 0.000209296 0.000512907 0.000385223 3.46423e-06 0.000481068 -0.00043839 0.000261553 -4.04328e-06 -6.74891e-05 -5.22392e-07 8.48738e-05 -2.0029e-08 -1.14961e-05 -0.000388239 8.0214e-07 2.78335e-07 -8.76074e-06 -0.000200212 1.54204e-08 -0.000413634 1.06605e-06 -2.45077e-05 2.76507e-07 -8.63167e-07 1.22211e-05 -4.57542e-08 2.21041e-05 -0.000125313 -1.90129e-07 -7.73058e-07 4.81274e-06 1.92487e-06 -0.000427791 -0.000215282 0.000434446 0.000440432 -2.28666e-05 0.000455338 -7.74494e-05 1.01237e-05 -0.000321043 0.000242108 -4.92133e-05 -8.30067e-07 -5.37534e-06 -6.19333e-06 5.02856e-06 -1.61962e-06 0.000400727 -1.28029e-06 7.12905e-05 -2.35716e-09 -0.000454229 -3.7189e-05 1.48362e-05 -7.2528e-10 -0.000102608 -7.51062e-05 4.16978e-06 -9.89099e-06 -6.40242e-08 -0.000146817 0.000434102 -3.61237e-08 -3.62489e-05 0.000343627 -7.96987e-08 -1.77639e-06 -1.00978e-05 3.55739e-07 -3.64387e-05 -0.000478454 -7.77281e-09 -2.53168e-05 -3.33732e-09 -5.38042e-08 -4.18888e-06 3.67235e-07 0.000176083 
1.02021e-05 -9.67197e-07 -0.00107858 -1.67201e-06 -0.000229764 2.00892e-07 2.08314e-06 -2.25478e-05 -3.15044e-06 0.000199441 -0.00123314 7.0938e-06 0.000443427 -0.000250517 0.000332711 -0.000812765 0.000201728 -0.00166419 -9.57141e-07 0.0010185 -0.0018087 0.000293986 0.000385223 0.00348994 1.49723e-06 0.00197257 -0.00116703 0.000359467 0.000219055 -0.000382717 -2.32848e-06 0.00147566 9.93309e-07 -3.28697e-06 -0.00125257 4.09413e-06 0.000733441 0.000724193 -0.000444871 1.11981e-05 -0.00171971 6.11463e-05 0.000147319 4.62186e-06 4.60835e-05 0.000677722 4.63774e-06 0.000769118 -4.00397e-05 -4.15615e-06 -3.19252e-06 0.000145124 3.80588e-05 -0.00169326 -0.0014335 0.000758841 0.00187189 -0.000154357 0.00145846 -0.000508187 0.000363267 -0.0011974 0.000936679 0.000218442 7.68452e-06 -3.29416e-05 0.000418693 2.8535e-05 8.99665e-06 0.000579746 0.000128693 0.000204987 4.57247e-07 -0.0026658 -0.000156697 0.000445757 -4.94979e-09 -7.70519e-05 -0.000449998 0.000276266 -3.62526e-05 4.33107e-06 -0.000768197 0.00109166 9.40347e-06 -0.000190581 0.000274632 -1.13917e-07 -9.49566e-06 5.22413e-05 8.0934e-07 -0.000160345 -0.0015654 9.02865e-08 -6.53159e-05 -2.2776e-08 1.0228e-06 -1.5251e-05 0.000278645 0.000106247 
-8.18301e-08 -1.08585e-07 -0.00035346 1.56201e-06 0.00026352 -7.34624e-07 4.80936e-06 -2.24543e-06 -4.37487e-06 8.66783e-06 -1.81835e-05 -1.04362e-07 -1.18195e-06 2.67819e-05 9.50634e-06 2.97059e-05 -0.000121197 -0.000375595 9.34581e-06 -3.84989e-05 -4.59651e-05 1.46247e-06 3.46423e-06 1.49723e-06 0.000751182 8.67036e-06 -0.000154166 -0.000146689 4.60112e-05 -2.27814e-05 2.95808e-06 -1.71023e-05 -2.93407e-08 -1.07416e-05 -0.000444754 -1.42923e-08 2.72561e-05 -1.05784e-05 -0.000167007 4.05163e-07 -0.000140621 -1.73309e-06 9.23411e-05 6.21697e-07 5.76742e-07 9.52826e-06 8.29743e-08 1.95542e-05 0.000113075 1.85011e-06 7.74208e-07 1.01198e-05 -9.54092e-08 5.06925e-05 -0.000129971 1.17931e-05 4.5487e-05 3.12247e-05 4.86756e-05 0.000282042 1.10712e-05 6.37218e-05 2.18248e-05 -0.00015946 1.21925e-07 8.18723e-05 3.02772e-05 1.44325e-05 -1.20926e-06 1.12539e-05 1.99193e-06 2.20276e-05 2.32136e-08 -0.000162676 -1.00298e-05 8.18313e-06 -1.06247e-09 0.00038384 -0.000104612 -6.24378e-07 1.70728e-06 -1.32854e-07 -0.000137709 4.44473e-06 -1.95846e-08 -2.41564e-06 5.39118e-06 -6.34179e-08 -4.35169e-06 7.79636e-05 -1.75577e-08 9.48606e-05 -3.32214e-05 -1.13865e-08 0.000113585 3.51111e-08 -5.88181e-08 4.96034e-06 1.39376e-06 -4.55971e-05 
-1.34568e-06 3.27968e-06 -0.00073444 4.86931e-06 -0.00115995 7.44541e-05 5.98623e-06 -7.18375e-05 -9.90345e-05 0.000422213 -0.00278157 9.60875e-05 0.000574314 0.00351065 -3.81872e-05 -0.000870182 0.000124787 -0.00221343 -1.05307e-05 0.00958773 -0.00870338 0.00041892 0.000481068 0.00197257 8.67036e-06 0.0141468 -0.00769581 -0.00203152 0.00129276 -0.00181707 -6.00402e-06 0.00716808 1.71981e-06 -0.000327345 0.000523217 -1.41207e-07 -9.90317e-05 -0.000486032 -0.0045141 4.25502e-05 -0.0100677 -1.55149e-05 -0.000551221 0.000138366 -2.42378e-05 0.00189263 2.56903e-05 4.15588e-05 -0.00206837 0.0011753 -2.06682e-05 0.000153851 4.66839e-06 -0.00861833 -0.0062207 0.00237523 0.00909151 -0.000520823 0.0109707 -0.00129424 0.00639312 -0.00482642 0.00359775 0.0034932 -2.29227e-05 -0.000121549 -3.44259e-05 0.00135971 -3.38955e-05 0.00100091 0.000122595 0.00439361 9.74073e-07 -0.0125274 -0.000721858 0.000467571 5.49715e-07 -0.0024019 0.00162248 4.86102e-06 -0.000273549 6.46817e-07 -0.00399916 0.00173718 -8.30339e-07 -0.0010832 0.000374089 2.06076e-05 -8.91743e-05 -0.00025233 2.59114e-06 -0.000307326 -0.00358066 1.04193e-05 -0.000737613 -4.00075e-08 4.41585e-05 -0.000107381 1.31177e-05 0.00319396 
-0.000101955 5.1513e-06 0.0105652 -4.69234e-05 -9.74089e-07 -1.09085e-05 -0.000826286 0.000193171 -0.000301736 -0.00172826 -0.0161234 -0.000105394 -0.00121139 -0.0182513 -0.000265031 -0.002239 0.00796888 0.00275156 -3.86603e-05 -0.0198024 0.00872837 -0.000422965 -0.00043839 -0.00116703 -0.000154166 -0.00769581 0.0470764 0.0154086 -0.000910951 0.00608638 -9.7387e-05 -0.00192669 6.64734e-08 0.00125273 0.00563589 -3.68686e-05 -0.00176489 0.00113542 0.020618 -1.88709e-06 0.0207813 -0.00103205 -0.000580216 -0.000571702 -9.5872e-05 -0.00264317 -2.11406e-05 0.000132937 -0.0114059 -0.00116697 -0.000100463 2.34945e-05 -1.79387e-06 -0.00167401 0.0148849 -0.00341165 -0.00904381 -0.00451155 -0.0162289 -0.0185036 -0.00666916 -0.00924167 -0.000879462 0.00907742 -4.45157e-05 -0.000502298 -0.00456163 -0.00137374 -8.31932e-06 -0.00258915 -0.00124043 -0.00216477 -1.09583e-06 0.0172399 0.00243729 9.58699e-05 -6.39998e-07 -0.023958 -0.00671748 9.39625e-05 -0.00314381 8.11653e-06 0.0156377 -0.00191249 -2.54668e-05 0.00400434 -0.000368664 -4.13644e-05 0.000186907 -0.00294895 -2.03573e-07 -0.014227 0.00612707 -1.26298e-05 0.000735293 -1.24456e-06 -5.39337e-05 -0.000330042 -5.93902e-05 0.0108488 
-3.83723e-05 0.000170769 0.0763755 -0.000153252 -0.027783 0.000445923 -0.000406465 -0.00148363 -0.00244404 0.000505192 -0.139068 -2.5953e-05 0.000841807 -0.124172 -9.43002e-05 -0.0353322 0.0856194 -0.126486 -0.000274005 -0.0622654 0.00420931 1.18977e-05 0.000261553 0.000359467 -0.000146689 -0.00203152 0.0154086 0.228392 -0.00285823 -0.0461142 -0.00021242 0.0169864 1.41123e-05 0.0134353 0.0176558 -4.89734e-05 -0.00253373 0.0222055 0.187365 -3.5311e-05 0.0519308 -0.000484223 -0.0173369 -0.000216769 -0.000871323 -0.0214792 -2.48871e-05 -0.00132666 -0.143745 -0.000455217 -0.000529287 0.000163821 7.23463e-06 -0.0847098 0.0929561 -0.00028876 -0.00633738 -0.0155816 -0.00901176 -0.0531607 -0.00383559 -0.171234 0.00263527 0.119113 -0.000761241 -0.00368476 -0.00563641 -0.000468654 0.00169778 0.000308431 -0.00095483 -0.00350097 1.2552e-06 0.0108547 0.0292337 0.00168293 -4.08912e-07 -0.0700182 -0.0504266 0.00078914 -0.00680127 0.000102755 0.127424 -0.000300118 -1.13124e-05 0.0446585 0.000217254 -5.29138e-05 -0.00124333 -0.0130796 1.175e-05 -0.0248959 0.00160523 -5.08349e-06 -0.0180799 -2.2657e-06 -2.01446e-05 -0.00281505 -0.000118892 0.151857 
7.88214e-06 -2.07162e-06 -0.0032198 4.99837e-06 0.00134501 -7.19356e-07 1.35705e-05 -5.4397e-05 -5.88493e-05 -3.47855e-05 -0.0019824 -1.37924e-06 -1.9954e-05 -0.00247971 0.000102835 0.00040444 -0.000701545 -0.000877597 -2.83515e-06 0.0012998 -8.40167e-05 -1.43356e-06 -4.04328e-06 0.000219055 4.60112e-05 0.00129276 -0.000910951 -0.00285823 0.00995394 0.000168759 4.39743e-05 0.000246329 9.24218e-07 -0.00023935 -0.00335292 -6.71636e-07 0.000396413 -0.000182445 -0.00381648 7.17453e-05 -0.00642416 -1.4342e-05 0.00347122 7.99749e-05 -3.56353e-06 0.000105458 1.32235e-05 1.54335e-05 0.00249212 -1.02091e-05 1.18994e-05 0.000129394 1.46051e-06 0.0002446 -0.00368572 -1.85409e-05 0.000962772 -0.000287652 0.000501608 0.00161245 0.00130841 0.00299805 0.00114523 -0.00166324 0.000158399 0.000445276 0.000138966 -8.5804e-06 -3.06281e-05 -2.00882e-05 -7.50475e-06 0.0011142 -4.61862e-08 -0.00388517 -0.000935622 0.000102352 2.29122e-07 0.00316338 -0.000928699 -1.3541e-05 0.00222111 -9.23661e-07 -0.00266329 2.39053e-05 5.00553e-06 -0.000691938 -3.05439e-06 4.65984e-05 -5.15804e-05 0.00271734 -2.6943e-07 0.00401983 -0.000259307 2.43663e-08 0.00110557 -6.53913e-08 8.55576e-06 5.58865e-05 -5.28122e-06 -0.0035388 
-1.43794e-05 -3.8676e-05 -0.0213263 -6.42189e-05 -0.0105039 -0.00012645 -0.000154958 -0.000535746 -0.000906527 -0.000560182 0.0773397 -1.78855e-05 -0.000252498 0.0276618 -0.000163072 0.00738584 -0.0209686 0.0594059 -8.39079e-05 -0.01333 0.00228567 -5.49203e-05 -6.74891e-05 -0.000382717 -2.27814e-05 -0.00181707 0.00608638 -0.0461142 0.000168759 0.114649 -9.81258e-05 -0.00727555 -4.36581e-06 -0.00346007 0.00758917 -1.71698e-05 -0.00134243 -0.00495709 -0.0567612 2.55456e-05 0.00966139 0.00102617 -0.00557105 -8.43929e-05 -0.000219366 0.0123007 1.35542e-06 0.000263496 0.0710994 -0.000172474 0.000417682 -3.97094e-06 -1.63222e-05 0.0193279 -0.0556403 -0.00050691 -0.00271114 0.000809504 -0.00386924 -0.0196412 -0.00171905 0.0481338 -0.000806065 -0.0348766 -0.00028695 -0.00136175 -0.00216574 -0.000193204 -0.000401234 -0.000383469 -0.000387109 0.000556862 -6.0344e-07 0.00375263 -0.0150878 -4.77624e-05 -1.80033e-07 -0.00266893 0.00390133 -0.000251303 -0.0024815 -2.24287e-05 -0.0412905 -0.000360853 -4.5722e-06 -0.0121324 -5.13379e-05 -1.42658e-05 -0.000778238 -0.00489197 -3.26769e-06 -0.00354345 0.000990064 -1.64085e-06 -0.00679342 -8.59082e-07 -1.25034e-05 -0.00103066 -4.89877e-05 -0.06088 
3.29191e-07 -3.00508e-07 0.000169964 2.82458e-07 -2.63344e-05 -5.81451e-07 2.04502e-07 -7.31839e-06 -8.19299e-07 9.78898e-06 -0.000144083 -1.41321e-07 -1.47836e-06 0.000406993 -4.02736e-07 5.44682e-05 -0.000168589 -2.33925e-05 -4.18924e-07 -1.33216e-05 -1.88291e-05 -5.81435e-07 -5.22392e-07 -2.32848e-06 2.95808e-06 -6.00402e-06 -9.7387e-05 -0.00021242 4.39743e-05 -9.81258e-05 0.00101693 -5.37275e-05 -3.97314e-08 -2.81588e-05 3.49332e-05 3.88774e-07 -7.21754e-06 -3.83304e-05 4.12902e-06 7.8452e-08 -0.000217327 -1.59537e-06 -4.83008e-05 -6.74772e-07 -2.46651e-06 3.08473e-05 1.25711e-08 9.40573e-06 -0.000195002 2.5406e-07 1.55498e-05 -6.9546e-07 -7.5864e-08 0.000140126 2.53565e-05 -2.71596e-06 1.72018e-05 -1.78434e-05 4.58167e-05 -7.61569e-06 -4.30819e-06 -5.40695e-05 -9.59498e-06 -0.000242435 4.28196e-06 -1.0663e-05 1.34818e-05 -1.49063e-06 -2.91949e-06 -3.57847e-06 2.33653e-05 -4.48555e-06 -4.67588e-09 -0.000151083 0.000228338 -4.08075e-06 -1.43873e-09 -8.59852e-05 0.000129141 4.5055e-06 3.62268e-06 -1.79902e-07 -0.000322283 5.38126e-07 -6.49916e-08 -9.12203e-05 -3.95617e-07 -1.51431e-07 3.97534e-06 -1.59127e-05 -2.82894e-08 -4.38314e-06 3.20703e-06 -1.54189e-08 -3.97619e-05 -6.6202e-09 1.63269e-07 4.1939e-06 -5.41082e-07 4.60016e-05 
-6.47096e-06 4.90982e-05 0.0107674 -2.51824e-05 -0.00393277 0.000595744 -6.40717e-05 -8.48029e-05 -3.3728e-05 -0.00022405 -0.0219304 -4.68133e-06 -6.21132e-05 -0.0149324 -0.000192825 -0.00928694 0.031018 -0.0281948 -4.42155e-05 -0.000483364 -0.00784749 5.71988e-05 8.48738e-05 0.00147566 -1.71023e-05 0.00716808 -0.00192669 0.0169864 0.000246329 -0.00727555 -5.37275e-05 0.0570443 2.34496e-05 -0.00126087 0.0053255 -7.59566e-06 -0.000739298 -0.00130356 0.0205846 2.01944e-06 -0.00256209 -0.000165897 -0.00278647 6.59393e-05 -0.000121938 0.00359038 2.38051e-05 -0.000101761 -0.0181684 -3.27164e-05 -4.33673e-06 0.000203715 -4.348e-06 -0.0220026 -0.00855422 0.000440012 0.00731666 -0.00269872 0.00742119 -0.00787493 0.00341739 -0.0337181 0.00282722 0.0323739 -0.000126822 -0.000618943 -0.000656751 0.000175498 -0.000147816 0.000383915 -0.000183047 0.000989312 1.47701e-07 -0.00705331 0.000863651 0.00108852 6.60831e-07 -0.0114586 -0.00870346 -3.88425e-05 -0.00116571 -6.38643e-06 0.00181838 0.00125304 -4.12185e-06 -0.00556413 2.35206e-05 -1.02554e-06 -9.88245e-05 -0.00184288 1.31889e-05 -0.00402276 -0.00163824 -4.33232e-07 -0.00255643 -3.94965e-07 1.35024e-05 -8.59326e-06 -2.7928e-05 0.0289246 
