0.000896671 -1.41413e-06 -7.00648e-05 -2.94984e-06 -9.68958e-07 -0.000596031 2.91368e-06 -2.3376e-05 5.59818e-07 -4.0655e-06 -5.50353e-05 3.03036e-05 -6.59219e-06 -9.28031e-07 3.72889e-05 -1.462e-05 -2.51962e-05 0.000129473 -0.000108202 -1.68173e-05 1.82259e-06 -4.0131e-05 0.000172256 2.4331e-06 6.20217e-05 5.67369e-07 0.000143571 4.1086e-05 -1.25979e-06 3.83445e-05 2.35603e-05 2.36013e-07 -9.86481e-06 -1.95223e-05 3.40134e-06 -1.34254e-06 1.07029e-05 -5.55733e-07 4.12681e-06 -2.01214e-08 -1.88946e-06 -3.0116e-05 -1.16343e-08 2.12473e-07 -0.000157232 7.47798e-06 5.28312e-06 -1.4549e-07 -1.99288e-05 -1.53217e-06 -5.16851e-07 -5.00591e-06 -3.46565e-06 5.35662e-05 -0.000240549 -1.69483e-05 3.25197e-06 -5.05782e-05 -3.41317e-06 -1.21362e-05 -3.60068e-08 -1.98689e-06 0.000170522 7.76289e-07 9.41044e-06 0.000216924 0.000140064 -4.36413e-07 4.07665e-06 -4.63425e-06 4.80599e-05 3.01199e-05 1.39002e-05 3.13644e-05 3.29009e-07 -0.000119812 -9.23543e-06 -2.13831e-05 -2.29147e-07 -5.12995e-07 3.0338e-06 5.0104e-06 4.27857e-07 -6.6588e-06 8.18533e-06 -5.84504e-07 -2.59632e-05 4.25382e-07 -1.85e-08 3.69306e-07 -1.7864e-05 -4.00714e-05 -4.13434e-05 1.79804e-05 3.59015e-05 4.43525e-06 4.75478e-05 -0.000213994 -0.000403824 -8.98025e-06 
-1.41413e-06 0.00158059 -0.00143074 5.737e-05 1.42885e-05 -0.0011079 6.22791e-05 -0.0014862 -4.99504e-07 0.00141796 0.00024539 0.001135 2.33762e-05 5.01991e-05 1.10998e-05 -0.0014881 0.000454931 0.000360225 -0.00147255 -2.06169e-05 -1.57015e-06 -0.00083848 0.000848933 0.000479882 0.000240297 0.000623174 0.000184961 0.00102897 9.44326e-07 -0.000198951 0.000123765 -1.89776e-08 0.000366551 0.00120449 2.73042e-06 7.10851e-06 -1.84026e-06 -8.77462e-07 1.47042e-05 4.94507e-07 -4.4635e-06 0.00127209 2.81112e-09 -1.95593e-06 -0.000841398 0.000339536 2.45794e-05 -1.49969e-07 0.000474048 1.71569e-05 -6.21695e-07 0.000477852 -1.15932e-05 9.56012e-05 0.000167294 0.000349728 -2.37602e-07 -0.000861374 -2.5773e-06 -1.41567e-05 -6.35138e-08 -3.3723e-06 -3.46587e-05 -1.87717e-06 9.38917e-05 -5.8134e-05 1.88971e-05 4.16903e-07 4.72978e-07 0.000407848 -1.74181e-05 -2.68192e-05 0.00023116 5.95249e-05 -1.19344e-07 -0.0015004 0.000119101 3.13891e-05 -4.04202e-07 2.81177e-06 0.00151449 0.0010238 3.31584e-05 1.84537e-05 1.90797e-05 1.44105e-07 0.000412725 -1.99048e-08 -3.26329e-08 1.54951e-05 -0.00148354 0.00146241 -0.00145483 -9.65628e-07 -0.001433 -1.18189e-06 -0.00129245 -0.00147733 -0.000834409 0.000186449 
-7.00648e-05 -0.00143074 0.0663295 -0.00298947 -0.000622755 0.0390976 -0.00773367 0.0436954 -4.69446e-05 -0.050893 -0.0236882 -0.0233799 -0.00671355 -0.00124098 -0.0116583 0.0481447 -0.0271407 -0.00341103 0.0518885 -0.0178473 -0.000919966 0.0448472 -0.0146555 -0.00257385 -0.00780684 -0.00322873 -0.00372055 -0.00890734 -0.000940703 -0.0069161 -0.00431482 -2.05709e-05 -0.0103959 -0.0107341 -1.93049e-05 -0.0012448 -0.000773393 -0.000128937 -0.000969984 -2.03585e-05 1.96414e-05 -0.0389313 -8.20734e-06 -6.07287e-05 0.0108338 -0.00439548 -0.00332774 -0.000101137 -0.0228121 -0.00170209 -0.000534743 -0.00588745 0.000373051 -0.00173429 -0.0223043 -0.017635 -2.4339e-05 0.0142887 -0.00352473 -0.0128126 -3.69575e-05 -0.000164817 0.00131057 -0.000161217 -0.00469682 -0.000154252 -0.00170084 -0.000223501 -8.29794e-05 -0.00508604 -0.00131408 -0.0131207 -0.00342205 -0.00335215 -1.3705e-05 0.0138808 -0.0104585 -0.0229939 -6.72784e-05 -0.000357046 -0.0206793 -0.0284617 -0.00027312 -0.0174694 -0.00127764 -0.000572195 -0.0268821 -8.89853e-06 -1.62375e-05 -8.55187e-05 0.0494736 -0.0528709 0.0472928 -0.000654248 0.0515758 -0.000375751 0.0514523 0.0527961 0.0335209 -0.0108325 
-2.94984e-06 5.737e-05 -0.00298947 0.00327601 8.51261e-06 -0.00230808 0.000252951 -0.00311521 -1.03268e-06 0.00285596 0.00209841 0.0030395 0.00210962 0.000133466 0.000195259 -0.0031017 0.0018676 0.000154552 -0.00306744 -2.02839e-05 1.14628e-05 -0.00273411 0.00174899 0.000435659 0.000347917 0.000244234 1.96949e-05 0.000889839 4.70326e-06 -0.00105335 0.00027351 1.00888e-05 0.000467821 0.00143894 -6.83328e-08 4.42326e-06 -5.72766e-06 2.35406e-06 4.15595e-05 7.72976e-07 -1.02453e-05 0.00301766 1.00739e-06 -1.04698e-06 -0.000800783 0.000417559 0.00022102 6.05905e-05 0.000280175 0.000297477 4.47048e-06 0.00128536 -2.40097e-05 3.88809e-07 0.0013671 -3.17843e-05 -4.23307e-07 -0.00182803 -1.114e-05 1.72375e-05 4.98133e-07 -7.50822e-06 -7.7109e-05 -4.55482e-06 0.00047687 -7.40762e-05 9.05796e-07 3.6087e-07 3.72809e-06 1.91806e-05 -3.30165e-05 -6.1457e-05 0.000317308 0.000179065 -2.24449e-07 -0.002776 0.000172452 0.00122217 5.608e-07 4.57613e-05 0.00200207 0.00263706 7.07211e-05 -0.000132755 6.65929e-06 3.3696e-06 0.00203581 -4.13262e-08 -6.77522e-08 2.756e-07 -0.00309079 0.00285162 -0.00302975 -3.62426e-06 -0.00308234 -4.7583e-06 -0.00288089 -0.00307688 -0.00177927 0.000214336 
-9.68958e-07 1.42885e-05 -0.000622755 8.51261e-06 0.00279145 0.000329806 0.000116686 -0.000328345 -3.16286e-07 0.000276728 -0.000168204 0.000198392 -1.79677e-05 -3.52459e-06 3.10331e-05 -0.000707649 2.47158e-05 5.6851e-05 -0.000717214 0.000121328 0.000134339 -0.000346374 -0.000215633 2.62345e-05 0.00056439 9.38508e-05 0.000304117 0.000124255 0.000116602 0.000882085 0.000278024 -7.48155e-08 0.000103245 1.63564e-05 3.84696e-08 1.72559e-05 0.000408093 -1.38207e-07 9.21638e-06 1.12057e-06 3.84743e-05 0.000630859 1.78705e-06 1.901e-05 -0.00142996 2.13577e-05 0.000343507 7.46208e-07 0.000136742 3.29482e-07 2.24458e-06 -1.00356e-05 9.82672e-05 -1.44876e-07 -0.000884486 0.000136434 1.11653e-06 -0.000502908 -8.44922e-06 6.02725e-06 3.58436e-06 -5.43857e-06 5.60643e-05 3.89746e-06 3.95448e-06 0.000115627 -1.50484e-06 2.22872e-06 2.27334e-05 1.71033e-06 -2.82457e-05 0.000155986 0.000140408 0.000451229 -2.11029e-07 -0.000463757 6.70541e-05 -3.47419e-05 2.03194e-06 4.68366e-05 0.000182198 0.000149317 2.7553e-06 0.000225456 0.000180672 0.000346921 8.03043e-05 -3.51963e-08 1.22974e-08 -1.32088e-07 -0.000647905 0.000178188 -0.000636191 1.60167e-05 -0.000332109 -4.76134e-06 -0.00236074 -0.00068057 0.000169067 7.1322e-05 
-0.000596031 -0.0011079 0.0390976 -0.00230808 0.000329806 0.20676 -0.00538993 0.0333363 -0.000208058 -0.0398569 -0.0597174 -0.016002 -0.00497922 -0.000952741 -0.0121102 0.0343724 -0.020969 -0.00196489 0.0381718 -0.013642 -0.000701051 0.0843593 -0.0838621 -0.00257744 -0.00332508 -0.00211051 -0.00202177 -0.00686734 -0.000591178 -0.0791809 -0.00182745 -1.58909e-05 -0.00792176 -0.0163087 -1.35481e-05 -0.000892097 0.000518845 -0.000188022 -0.000917837 -1.43787e-05 0.000599695 -0.0278107 -3.13396e-06 -2.20208e-05 0.0365664 -0.00345231 -0.000530803 -6.76312e-05 -0.0240282 -0.00126259 -0.000407696 -0.0045068 0.000315946 -0.00131457 -0.0305819 -0.0133242 8.454e-06 0.00754157 -0.00268532 -0.00980216 -2.6566e-05 7.92333e-05 -0.012783 -0.000810273 -0.00360699 0.0023829 -0.000953148 8.81586e-05 -4.79166e-05 -0.00381766 -0.00681048 -0.00553021 0.00189107 -0.000232582 -2.07273e-06 0.00797595 -0.00838416 -0.0174418 5.16225e-05 -0.000212594 -0.0155374 -0.0213222 -0.000196775 -0.0214927 -0.000128521 -0.000105889 -0.0204958 -7.89786e-06 -1.4273e-05 -6.05089e-05 0.0354894 -0.0406522 0.0299082 -0.000633694 0.0398792 -0.000840871 0.0222632 0.0370028 0.0393079 -0.00720813 
2.91368e-06 6.22791e-05 -0.00773367 0.000252951 0.000116686 -0.00538993 0.00830846 -0.00792547 -1.36577e-06 0.00719521 0.00492716 0.00372705 0.0017193 9.02421e-05 0.00345753 -0.00790221 0.0053859 0.000771983 -0.00784711 0.00440137 0.000234556 -0.00610981 0.00237152 6.95381e-07 0.00219857 4.70756e-06 0.000873353 0.00128407 7.96867e-06 -0.00318478 0.00223664 5.694e-07 0.000177993 0.0021002 -1.10859e-07 0.00017698 1.24754e-05 0.000101053 0.000174696 7.85548e-06 -1.74854e-05 0.00406664 5.78472e-06 4.77468e-06 -0.00425412 0.00016305 0.00201976 -2.48265e-07 -0.000225619 0.000380981 7.53815e-05 0.000589131 -6.13412e-05 0.000114239 0.00358962 0.000333053 -5.00858e-07 -0.00252446 -5.58469e-06 0.00385588 2.49305e-05 -1.96139e-05 -0.000109788 -1.11677e-05 0.00300494 0.00123097 0.000214529 6.54534e-05 5.68752e-05 -4.6113e-05 0.000205612 -0.000132017 6.06769e-05 0.00182064 -6.31639e-07 -0.00346236 0.00123178 0.00465963 -1.47593e-06 0.000313001 0.00194894 0.00303366 1.45949e-05 -0.000289995 -1.26506e-05 0.000258356 0.00542457 2.24465e-06 1.07729e-06 4.28422e-05 -0.00782542 0.00677785 -0.00771853 6.7578e-06 -0.00769155 0.00017824 -0.00734992 -0.00759104 -0.00453323 0.00181993 
-2.3376e-05 -0.0014862 0.0436954 -0.00311521 -0.000328345 0.0333363 -0.00792547 0.049238 -7.59557e-05 -0.042068 -0.0243261 -0.0255271 -0.00726242 -0.00127373 -0.00980496 0.0460612 -0.0275822 -0.00459574 0.0453424 -0.0181437 -0.000882628 0.0345779 -0.0228692 -0.00261294 -0.00943472 -0.00317602 -0.00447845 -0.00916344 -0.000102867 0.00429642 -0.00637715 -2.01853e-05 -0.0100452 -0.0115283 -1.27769e-05 -0.00127444 -0.000260376 -0.00012303 -0.000940532 -2.08523e-05 9.14142e-05 -0.036458 -1.16634e-05 -6.1529e-05 0.0182119 -0.00460356 -0.00480527 -0.000106741 -0.0113542 -0.00175911 -0.000545047 -0.00593891 0.000305188 -0.00207051 -0.0146325 -0.0110399 -0.000100945 0.0161701 -0.000822076 -0.0130329 -3.77797e-05 0.000111624 0.000951335 6.02779e-05 -0.00474805 -0.00197757 -0.00132815 -0.000297256 -6.97901e-05 -0.000915794 3.76445e-05 -3.9739e-05 -0.00439301 -0.00449874 3.20189e-06 0.0161759 -0.0105897 -0.0234392 4.41696e-06 -0.000479177 -0.0211888 -0.0290859 -0.000278247 -0.00705214 -0.000642699 -0.000409322 -0.0266904 -9.747e-06 -1.22128e-05 -8.53408e-05 0.0459717 -0.0423972 0.0452645 -0.000589413 0.0442149 -0.000523022 0.043018 0.0449568 0.0264039 -0.0125176 
5.59818e-07 -4.99504e-07 -4.69446e-05 -1.03268e-06 -3.16286e-07 -0.000208058 -1.36577e-06 -7.59557e-05 0.000334361 3.95227e-05 0.000102324 2.45114e-05 -7.0976e-07 7.73312e-06 1.71831e-05 -7.04746e-05 3.67406e-05 2.5482e-05 -6.7602e-05 5.00534e-05 -4.3806e-08 -0.000219486 0.000105962 2.76918e-05 3.34103e-05 -1.01023e-06 6.87425e-07 1.2822e-05 -4.65589e-07 3.72434e-05 2.63155e-05 -8.93936e-09 4.13937e-06 2.0436e-05 -6.9537e-09 6.00966e-06 6.91531e-06 6.60196e-07 1.08939e-06 8.25011e-08 -1.07685e-06 -1.0705e-05 -4.33589e-09 6.43186e-07 -0.000162151 1.04843e-05 -8.54513e-07 -5.42215e-08 3.71016e-05 4.05177e-07 4.87379e-07 -2.09042e-06 1.08061e-06 3.05928e-05 9.83814e-05 2.10215e-05 6.38313e-06 -3.38291e-05 -8.02028e-07 1.63575e-05 6.59914e-07 -7.8644e-07 -5.00298e-07 2.44982e-06 -1.31502e-06 -1.09752e-05 1.47174e-06 4.3329e-06 -3.10625e-08 -1.5276e-06 -3.10936e-06 -6.02197e-06 2.23073e-05 2.72989e-06 -2.52148e-08 -4.84532e-05 2.97952e-06 1.93768e-05 -8.53988e-08 -1.41184e-07 4.79816e-06 3.83397e-05 1.44395e-07 9.15053e-06 -1.72524e-07 6.03532e-07 4.47924e-05 -4.20544e-09 -6.89461e-09 -3.13156e-08 -7.20324e-05 4.86092e-05 -6.75352e-05 1.07245e-05 -4.8583e-05 9.75103e-06 -4.99902e-05 -6.55697e-05 -0.000103028 1.73771e-05 
-4.0655e-06 0.00141796 -0.050893 0.00285596 0.000276728 -0.0398569 0.00719521 -0.042068 3.95227e-05 0.0538984 0.0243418 0.0206159 0.0062581 0.00125976 0.0108411 -0.0455068 0.0273696 0.00212349 -0.0497201 0.0181225 0.000753184 -0.0426564 0.0161755 0.00194246 0.00496931 0.00284558 0.00204318 0.00709316 0.00086226 0.00382581 0.00287635 1.79155e-05 0.0100486 0.00851246 7.93151e-06 0.00118528 -9.89458e-05 0.000116851 0.000800917 1.91883e-05 -0.000125039 0.0365893 2.31227e-06 -6.65418e-05 -0.0129653 0.00445655 0.00198357 9.51428e-05 0.0209166 0.00165272 0.000542272 0.00471961 -0.000369506 0.000974183 0.021055 0.0173277 -5.17991e-06 -0.0113791 0.00357671 0.0129324 3.60798e-05 -0.000124574 -0.00105945 -6.37271e-05 0.00450834 0.00080674 0.00122576 -2.69609e-05 5.82243e-05 0.0050707 0.000853604 0.00797289 0.00102083 0.00147167 -1.43625e-06 -0.0108294 0.0104598 0.0232356 -1.39559e-05 0.000294491 0.0189121 0.0265489 0.000195863 0.0150598 0.000117372 0.000155047 0.02718 7.37456e-06 1.48749e-05 5.8511e-05 -0.0469237 0.049612 -0.0452895 0.000629001 -0.0492877 0.000408793 -0.046366 -0.0482367 -0.0298048 0.0102924 
-5.50353e-05 0.00024539 -0.0236882 0.00209841 -0.000168204 -0.0597174 0.00492716 -0.0243261 0.000102324 0.0243418 0.0816798 0.014505 0.00576804 0.000738432 0.00368459 -0.0250067 0.0233816 -0.000336854 -0.0238476 0.0126522 0.000454094 -0.054111 0.0500259 -0.000128911 0.00186189 0.000720504 -0.000388045 0.00317162 -0.000107179 0.00963543 -0.000106509 1.76451e-05 0.00233956 0.00390182 -1.30219e-06 0.000660931 -0.000163459 -7.17492e-06 -1.83486e-05 1.60982e-05 -0.000178294 0.0178573 -1.14989e-06 -6.3502e-05 -0.0328843 0.00257597 -6.21403e-05 7.9827e-05 0.000487011 0.000878993 0.000373311 0.0032727 0.000137963 -0.000155329 0.0375944 0.00240908 -3.73084e-06 -0.00490565 -0.000204613 0.0109607 8.37997e-06 -0.000206814 0.00093956 -0.000111852 0.00268133 -0.000538285 0.00085849 6.56442e-05 3.30733e-05 -0.000394323 -0.000742252 -0.000868712 -0.00102067 -0.000378791 -6.69456e-06 -0.00361049 0.00278932 0.0189997 -1.36772e-05 5.96264e-05 0.00724109 0.017869 0.000108934 -0.00163485 -3.3741e-05 1.82943e-05 0.0175676 -7.91558e-07 7.11033e-06 1.86221e-05 -0.0246816 0.0240498 -0.0236938 2.19094e-05 -0.0241645 9.85067e-05 -0.0206958 -0.0233599 -0.0474153 0.00721619 
3.03036e-05 0.001135 -0.0233799 0.0030395 0.000198392 -0.016002 0.00372705 -0.0255271 2.45114e-05 0.0206159 0.014505 0.0278365 0.00751834 0.00101596 0.0027034 -0.0270217 0.0144108 0.005349 -0.0263904 0.00314279 0.000273784 -0.0162616 0.0184774 0.00162299 0.0102859 0.00207178 0.00573691 0.00942414 9.71544e-05 -0.00895059 0.00669892 1.35374e-05 0.00327459 0.00906176 1.42409e-05 0.000442391 0.00114756 -1.04755e-05 0.000821652 3.84083e-06 -5.87549e-05 0.0249203 1.19452e-05 -5.0519e-07 -0.0122513 0.00143204 0.00543796 0.000124268 -6.76827e-05 0.000899463 -3.72384e-06 0.00600606 -0.000191281 0.002306 0.00593377 0.000505894 1.63288e-05 -0.0159525 -8.55079e-05 0.00359043 1.07692e-06 -6.67192e-05 -2.10737e-05 -3.96603e-05 0.00291339 -0.00101708 0.00100484 0.000427972 2.24785e-05 -4.92433e-05 -0.00022047 -0.000316048 0.00503465 0.00588977 2.40958e-06 -0.0169169 0.00138681 0.0121472 9.54897e-05 0.000465383 0.014936 0.0231437 0.000205643 -0.00102246 0.0012471 0.000411739 0.00921588 2.39634e-06 -2.34066e-07 5.93169e-05 -0.0268662 0.0218251 -0.0264 -1.37002e-06 -0.0235208 1.61889e-05 -0.0241967 -0.0267651 -0.015447 0.00866194 
-6.59219e-06 2.33762e-05 -0.00671355 0.00210962 -1.79677e-05 -0.00497922 0.0017193 -0.00726242 -7.0976e-07 0.0062581 0.00576804 0.00751834 0.00805554 5.08849e-05 0.00182175 -0.00741248 0.00578719 9.76577e-05 -0.00735602 -0.000132182 0.000239934 -0.00619686 0.00395992 6.62989e-06 0.00120455 7.06752e-05 0.000281959 0.0015576 0.00012326 -0.00317677 0.000955035 1.22563e-05 0.000714325 0.00321754 3.78206e-08 0.000354684 -1.28112e-05 -3.43374e-06 0.00044136 1.84792e-06 1.30252e-06 0.00722002 1.05472e-06 -4.80127e-06 -0.00151699 0.000356542 0.00106647 0.0001257 -0.000267421 0.000357771 -4.63712e-06 0.0022388 -5.5538e-05 -1.85189e-05 0.00408156 -0.000144678 6.8344e-06 -0.00231717 -2.684e-05 0.000216885 6.50832e-07 -1.61159e-05 3.19108e-05 -1.08113e-05 0.00196102 -0.000358909 -1.88181e-06 0.000140331 2.67242e-06 -4.27791e-05 -9.15474e-05 -0.00011415 0.000441003 0.00099811 -6.12253e-07 -0.0054844 4.96259e-05 0.00328079 5.97639e-06 0.000293241 0.00242529 0.00492878 9.21676e-05 -0.000248661 -1.16421e-06 6.14115e-05 0.00431712 1.04552e-07 -1.67411e-07 -4.70389e-07 -0.00738433 0.00623545 -0.00736867 -3.23198e-06 -0.00727221 -1.15268e-05 -0.00662551 -0.0073488 -0.00437496 0.00109854 
-9.28031e-07 5.01991e-05 -0.00124098 0.000133466 -3.52459e-06 -0.000952741 9.02421e-05 -0.00127373 7.73312e-06 0.00125976 0.000738432 0.00101596 5.08849e-05 0.00134422 0.000183902 -0.0012693 0.000542045 0.000160118 -0.00124256 0.000257299 4.33243e-06 -0.000885204 0.000904405 2.16374e-06 0.000140412 0.00020712 0.000678751 0.000547293 9.08921e-07 -0.00028558 0.000110037 1.22069e-06 3.70899e-05 1.27294e-05 9.35349e-07 7.26474e-07 -2.27695e-06 1.05049e-05 -1.93769e-06 7.13155e-07 -4.33359e-06 0.000946083 4.42551e-07 -1.73105e-06 -0.000684871 4.18596e-05 2.11588e-06 4.4218e-06 0.000261122 0.000176529 1.40682e-05 7.24233e-06 -8.23046e-06 8.6288e-05 -0.000194295 0.000236601 -2.02021e-07 -0.000885412 5.70945e-07 0.000268843 5.99331e-07 -3.16489e-06 -3.1098e-05 -1.86531e-06 9.61749e-05 1.47916e-05 0.000324534 -6.39518e-07 5.34994e-07 -6.98869e-06 1.12536e-05 -2.59765e-05 -3.51431e-05 2.76162e-05 1.5194e-08 -0.000536791 0.000291036 0.00125231 -3.43673e-07 -7.69386e-07 0.000972767 0.00109628 1.25518e-05 -4.75122e-05 1.248e-05 -5.74959e-07 0.00040429 4.20308e-06 2.32254e-07 -8.93576e-08 -0.00126531 0.00125703 -0.00123783 1.09111e-07 -0.00124314 -1.71013e-06 -0.00109663 -0.00125231 -0.000726133 0.00013325 
3.72889e-05 1.10998e-05 -0.0116583 0.000195259 3.10331e-05 -0.0121102 0.00345753 -0.00980496 1.71831e-05 0.0108411 0.00368459 0.0027034 0.00182175 0.000183902 0.0185487 -0.0099533 0.0050363 0.000248194 -0.0111875 0.00582865 0.000402956 -0.00777235 -0.00072046 0.000201879 3.22706e-07 -3.05595e-05 0.000248375 0.00163524 7.95014e-06 0.00336446 9.30173e-06 -5.05297e-07 0.00494057 0.00452146 1.07136e-05 0.000932142 -2.20401e-05 0.000270173 0.000478745 2.03279e-06 -3.78589e-05 0.00582694 -2.45086e-07 -2.28741e-05 -0.0101788 0.000386976 -7.05476e-05 -2.26487e-06 0.00447409 0.000757753 0.000124975 0.00126994 -0.000128805 0.000274725 0.00133395 0.00473882 -4.70889e-07 -0.00148078 -5.80647e-05 0.00231164 2.91048e-05 -4.14136e-05 -0.000144529 -2.40365e-05 0.00266415 0.00124701 6.64447e-05 -6.07381e-06 1.16275e-05 -4.24391e-05 0.0028516 3.35787e-05 0.000261255 1.34622e-05 1.36473e-06 -0.00236473 0.00377935 0.00306288 -4.75051e-06 -8.80667e-06 0.00130112 8.01092e-05 0.000105548 0.00410386 5.98287e-05 -1.2633e-05 0.00883838 8.9562e-07 7.92362e-06 4.94799e-05 -0.0100072 0.0102526 -0.00955053 0.0004967 -0.010033 0.00044942 -0.00879048 -0.00950669 -0.00515151 -1.00058e-05 
-1.462e-05 -0.0014881 0.0481447 -0.0031017 -0.000707649 0.0343724 -0.00790221 0.0460612 -7.04746e-05 -0.0455068 -0.0250067 -0.0270217 -0.00741248 -0.0012693 -0.0099533 0.0531159 -0.0274151 -0.00520514 0.051225 -0.0181158 -0.00101601 0.0378874 -0.0203764 -0.00262352 -0.0114608 -0.00332373 -0.00612049 -0.0095931 -0.00119326 0.00333364 -0.00676847 -2.02424e-05 -0.0104356 -0.0101742 -1.95365e-05 -0.00127001 -0.0015283 -0.000108566 -0.00139937 -2.08081e-05 -7.13824e-05 -0.0414559 -1.22337e-05 -2.174e-05 0.0168107 -0.004476 -0.00610943 -0.000152459 -0.015079 -0.00177214 -0.000540447 -0.00609655 0.000362702 -0.00225879 -0.0173781 -0.0150802 -4.78326e-05 0.0180158 -0.00324075 -0.0130041 -3.78052e-05 0.000114869 0.000280396 7.61973e-05 -0.00472034 -0.000904401 -0.00150917 -0.000478484 -8.52663e-05 -0.00341716 6.87232e-05 -0.00353597 -0.00517855 -0.00618339 -4.0029e-07 0.017838 -0.0100818 -0.0233274 -0.000145779 -0.000490588 -0.021225 -0.0309764 -0.000279154 -0.0111807 -0.0015391 -0.000666761 -0.0273168 -9.92233e-06 -1.42265e-05 -8.8357e-05 0.0518584 -0.0461957 0.0506238 -0.000548351 0.0484302 -0.000429861 0.0479937 0.0507109 0.0301837 -0.012501 
-2.51962e-05 0.000454931 -0.0271407 0.0018676 2.47158e-05 -0.020969 0.0053859 -0.0275822 3.67406e-05 0.0273696 0.0233816 0.0144108 0.00578719 0.000542045 0.0050363 -0.0274151 0.0287772 -0.000141338 -0.0267013 0.0148721 0.000424268 -0.0239058 0.0142814 -5.43617e-05 0.00213576 0.00132005 -8.84723e-05 0.00223208 -3.9709e-05 -0.00503003 5.86226e-05 1.69274e-05 0.00354814 0.0045902 1.49344e-06 0.000870087 -5.377e-05 0.000120372 -1.72765e-05 1.45384e-05 -6.29942e-05 0.019704 -3.8445e-07 -3.53198e-05 -0.00927684 0.0028181 0.000205401 8.43224e-05 0.00277686 0.000840913 0.000482944 0.00248916 -0.000209636 -4.40841e-05 0.0131069 0.00267393 -2.84441e-06 -0.00540659 1.533e-05 0.0125666 3.19335e-05 -6.90112e-05 -0.000650483 -4.06112e-05 0.00299469 0.001662 0.000977084 -1.05969e-05 4.55324e-05 -0.000130768 0.000115136 -0.000524313 -0.000471675 -0.000154872 -5.89053e-07 -0.00432945 0.00474674 0.0216772 -7.32871e-06 -3.665e-06 0.00864038 0.018651 0.000142657 0.000760771 -3.30261e-05 -1.61569e-05 0.0192897 3.78313e-09 1.0822e-05 2.94667e-05 -0.0272977 0.0268038 -0.027036 -1.21812e-06 -0.027096 0.000289867 -0.0258698 -0.0264012 -0.0159978 0.00815127 
0.000129473 0.000360225 -0.00341103 0.000154552 5.6851e-05 -0.00196489 0.000771983 -0.00459574 2.5482e-05 0.00212349 -0.000336854 0.005349 9.76577e-05 0.000160118 0.000248194 -0.00520514 -0.000141338 0.00570156 -0.00502508 -0.0001098 -2.07498e-06 -0.000345685 0.00381951 0.000893465 0.00457704 0.00024121 0.00308063 0.00296206 2.60994e-06 -0.00224394 0.00353978 1.90071e-07 0.000293619 0.00205035 1.37741e-05 2.58218e-05 0.000487895 -4.08186e-06 0.000156799 5.51434e-07 -6.44226e-06 0.00412195 1.00233e-06 2.16119e-05 -0.00303535 2.54759e-05 0.00224631 1.48039e-06 -0.000152587 8.31271e-05 -1.38243e-06 0.00120542 -3.31507e-05 0.00220995 -0.00180063 -9.09387e-05 3.646e-06 -0.00528592 -2.00485e-05 -7.85336e-05 1.09934e-07 -1.276e-05 0.000282961 2.13661e-06 0.000360764 -0.000280297 0.000481291 3.02795e-05 7.21411e-06 9.6008e-07 1.31956e-05 -4.92039e-05 0.00178819 0.00262987 1.79437e-06 -0.00539181 -8.15193e-05 0.000308186 3.8292e-06 9.58822e-05 0.0034898 0.00477189 8.56237e-05 -0.000230536 0.000430395 0.000193622 -0.000137385 9.84566e-07 -1.18206e-07 3.22298e-05 -0.00518627 0.00291538 -0.00513161 3.67168e-05 -0.00360772 6.09827e-05 -0.00465247 -0.00527733 -0.00300679 0.00166829 
-0.000108202 -0.00147255 0.0518885 -0.00306744 -0.000717214 0.0381718 -0.00784711 0.0453424 -6.7602e-05 -0.0497201 -0.0238476 -0.0263904 -0.00735602 -0.00124256 -0.0111875 0.051225 -0.0267013 -0.00502508 0.0583324 -0.0175279 -0.00100296 0.0414981 -0.0184357 -0.00242321 -0.0113858 -0.00332535 -0.00604379 -0.00928377 -0.0012344 -0.00107653 -0.00669431 -2.11276e-05 -0.0101961 -0.00986477 -1.76202e-05 -0.00106664 -0.00152265 -0.000109284 -0.00125883 -1.93154e-05 -8.2597e-05 -0.0418065 -1.2157e-05 2.30204e-05 0.0152423 -0.00424878 -0.00607625 -0.000151793 -0.0194602 -0.00175516 -0.000535329 -0.00600552 0.000261784 -0.00206369 -0.0189603 -0.0174783 -5.53773e-06 0.0174202 -0.00353549 -0.0127446 -3.73545e-05 0.00012938 -0.000175418 4.83112e-05 -0.00474064 -9.52715e-06 -0.00153589 -0.000471679 -8.58034e-05 -0.00476655 -0.00167657 -0.00719711 -0.00478661 -0.00611668 -3.52084e-06 0.0174729 -0.010141 -0.0226775 -0.000146869 -0.000477339 -0.0210161 -0.0310304 -0.000274977 -0.0152112 -0.00152311 -0.000628491 -0.0267457 -1.01913e-05 -1.52445e-05 -8.7803e-05 0.0523852 -0.0500005 0.0510156 -0.000687556 0.0509049 -0.000514037 0.0505137 0.0540052 0.0314216 -0.0123277 
-1.68173e-05 -2.06169e-05 -0.0178473 -2.02839e-05 0.000121328 -0.013642 0.00440137 -0.0181437 5.00534e-05 0.0181225 0.0126522 0.00314279 -0.000132182 0.000257299 0.00582865 -0.0181158 0.0148721 -0.0001098 -0.0175279 0.0189982 0.000620408 -0.0154095 0.00641054 -6.44075e-05 0.000780411 2.02625e-05 -0.000190908 -0.00019441 -7.89578e-06 -0.00123535 9.64694e-05 4.04221e-06 0.00457688 0.000452073 -3.99443e-07 0.000766616 -3.26811e-05 0.000121084 0.00014826 1.23223e-05 -4.44072e-05 0.00963805 -2.51146e-07 -2.43686e-05 -0.00795413 0.00225282 0.000315723 1.36021e-07 0.00473043 0.000678676 0.00055471 -0.000112074 -0.000141311 -4.0382e-05 0.00901637 0.00483893 -2.34438e-06 -0.0038245 -1.57057e-05 0.012491 3.71027e-05 -4.5446e-05 -0.000443915 -2.67409e-05 0.00147502 0.00216088 0.000319378 -1.0584e-05 5.06574e-05 -0.000102681 0.000100295 -0.000363249 -0.000479022 -9.71332e-05 -1.46051e-06 0.00049147 0.00356542 0.0133605 -4.75319e-06 1.62195e-05 0.00100221 0.00890336 6.39326e-05 0.00330984 -3.08608e-05 4.39316e-06 0.0171575 2.6641e-07 1.0304e-05 2.87361e-05 -0.0178891 0.0175013 -0.0177118 0.000492507 -0.0179013 0.000355688 -0.017031 -0.0167845 -0.0104359 0.00685113 
1.82259e-06 -1.57015e-06 -0.000919966 1.14628e-05 0.000134339 -0.000701051 0.000234556 -0.000882628 -4.3806e-08 0.000753184 0.000454094 0.000273784 0.000239934 4.33243e-06 0.000402956 -0.00101601 0.000424268 -2.07498e-06 -0.00100296 0.000620408 0.0011064 -0.000664099 0.000359492 2.09466e-06 0.000180627 -1.96589e-06 0.000137245 0.000272174 1.45555e-05 -4.80869e-05 5.69492e-06 -2.96033e-08 0.000261754 7.62429e-05 2.62031e-06 2.51031e-05 7.78255e-05 -6.48499e-07 0.00013844 -2.48331e-08 7.17278e-07 0.000738681 8.97476e-09 2.33554e-06 -0.000538901 8.65568e-05 3.94144e-05 3.82711e-06 0.000299248 3.92332e-05 2.52021e-05 0.000121181 -3.48796e-06 4.42479e-06 0.000137717 0.000260107 2.56709e-06 -0.000254256 -3.91574e-06 0.000329892 1.42223e-06 -2.33768e-06 4.81944e-05 -1.50161e-06 9.71116e-05 7.38004e-05 4.74029e-06 9.58127e-07 8.8138e-06 -4.72179e-06 7.76766e-06 1.84541e-06 0.000136893 6.07429e-05 -8.35005e-08 -0.000246178 0.000194132 0.000388204 2.97196e-07 5.61355e-06 8.75548e-05 0.000168821 5.32236e-06 0.000333151 0.000109586 7.28469e-05 0.000562398 4.96073e-07 7.71681e-08 2.92963e-07 -0.00101376 0.000812171 -0.000988877 2.51153e-05 -0.000974011 3.87288e-07 -0.000780605 -0.00100262 -0.000591931 0.000133066 
-4.0131e-05 -0.00083848 0.0448472 -0.00273411 -0.000346374 0.0843593 -0.00610981 0.0345779 -0.000219486 -0.0426564 -0.054111 -0.0162616 -0.00619686 -0.000885204 -0.00777235 0.0378874 -0.0239058 -0.000345685 0.0414981 -0.0154095 -0.000664099 0.122211 -0.027511 -0.00207023 -0.00350975 -0.00216481 -0.000884069 -0.00419993 -0.000918165 -0.0481498 -0.00152367 -2.00875e-05 -0.00863456 -0.00724463 -4.68692e-06 -0.000753114 5.54538e-05 -9.96885e-05 -0.000522268 -1.73279e-05 0.000349766 -0.0313164 -8.58574e-06 1.59026e-05 0.0137497 -0.00318345 -0.00179579 -0.000127182 -0.0287456 -0.00146675 -0.000489231 -0.00356313 -0.00238631 0.000163514 -0.0659501 -0.015788 8.05435e-06 0.00676338 -0.00325767 -0.011535 -1.92686e-05 -0.000249405 -0.00607072 -0.000914708 -0.0040272 0.00453367 -0.00105274 -9.69895e-05 -7.49871e-05 -0.0047097 -0.000729455 -0.00926755 0.00122985 -0.00131117 3.85444e-06 0.0072668 -0.0101387 -0.0194336 -2.08535e-05 -0.000364357 -0.0153495 -0.0229747 -0.000213444 -0.0157729 -0.000282132 -0.00021149 -0.0236557 -9.23133e-06 -6.7521e-06 -3.01826e-05 0.0393617 -0.0449089 0.0359461 -0.00076712 0.0432476 -0.00024851 0.0419835 0.0419052 0.0451902 -0.00790565 
0.000172256 0.000848933 -0.0146555 0.00174899 -0.000215633 -0.0838621 0.00237152 -0.0228692 0.000105962 0.0161755 0.0500259 0.0184774 0.00395992 0.000904405 -0.00072046 -0.0203764 0.0142814 0.00381951 -0.0184357 0.00641054 0.000359492 -0.027511 0.172214 0.0012502 0.00754423 0.00139568 0.00428559 0.00649533 -0.000282858 0.00783319 0.00514499 6.64745e-06 0.00144329 0.00935012 1.05967e-05 0.000368189 -2.37882e-05 3.45144e-05 0.00069922 1.60563e-05 -0.000580324 0.0169345 5.15716e-06 -0.000102002 -0.104161 0.00329862 0.00359 5.82778e-05 -0.00586465 0.000401597 0.000236311 0.00399556 -0.000219414 0.00174878 -0.0165792 -0.00278042 7.45061e-05 -0.0171522 -0.00080849 0.00605845 -9.97129e-07 -0.000508001 -0.00358741 -0.000293098 0.000494088 0.00538038 0.000527591 0.000268904 -1.24501e-05 -0.00105815 -0.00219029 -0.00427111 0.000708021 0.00338889 -1.20712e-05 -0.00867364 -0.000523255 0.0138676 -2.49215e-05 0.000308508 0.0106323 0.02175 4.52217e-05 -0.00850813 0.000100407 0.000250146 0.00838946 -1.17328e-06 7.93576e-06 2.1886e-05 -0.0201672 0.0158205 -0.018273 -0.000172934 -0.0173159 0.000242066 -0.01816 -0.0191238 -0.00587777 0.00959653 
2.4331e-06 0.000479882 -0.00257385 0.000435659 2.62345e-05 -0.00257744 6.95381e-07 -0.00261294 2.76918e-05 0.00194246 -0.000128911 0.00162299 6.62989e-06 2.16374e-06 0.000201879 -0.00262352 -5.43617e-05 0.000893465 -0.00242321 -6.44075e-05 2.09466e-06 -0.00207023 0.0012502 0.00408383 0.000781274 0.00083813 0.000144185 0.00159075 4.24241e-05 0.000621543 0.000409271 3.37366e-08 0.00120656 0.00200448 4.45141e-06 7.44692e-05 5.17248e-05 1.25579e-06 0.000145794 4.24806e-06 -1.20122e-05 0.00200113 4.35086e-08 7.96231e-05 -0.0018178 0.000962273 -2.01118e-06 -1.31423e-07 0.00120374 3.69655e-05 2.3718e-06 0.000547639 -1.98195e-05 0.000842812 0.000133397 0.000792884 5.30145e-05 -0.00189653 -8.44842e-06 -5.42945e-05 1.02882e-06 -6.82844e-06 9.5375e-05 2.66407e-05 2.15347e-05 -0.000248632 -5.10184e-06 4.48374e-06 7.49173e-07 0.000604302 -3.96041e-05 -3.10495e-05 0.00156443 9.7105e-05 -1.59134e-07 -0.00305213 0.000565742 -9.59954e-05 -8.50325e-07 1.00361e-05 0.00248808 0.00148599 2.8077e-05 0.000143541 2.02544e-05 0.000118938 0.0010656 -5.15588e-08 -8.11947e-08 1.42607e-06 -0.00262742 0.00246846 -0.00257397 4.47835e-06 -0.00249605 4.97501e-05 -0.00248593 -0.00267406 -0.00133971 0.000196711 
6.20217e-05 0.000240297 -0.00780684 0.000347917 0.00056439 -0.00332508 0.00219857 -0.00943472 3.34103e-05 0.00496931 0.00186189 0.0102859 0.00120455 0.000140412 3.22706e-07 -0.0114608 0.00213576 0.00457704 -0.0113858 0.000780411 0.000180627 -0.00350975 0.00754423 0.000781274 0.0152462 0.000733205 0.00533993 0.00408358 0.000334741 -0.0053289 0.00652534 9.22777e-07 7.847e-05 0.00217784 1.6198e-05 -1.38089e-05 0.00162894 -9.53054e-06 0.00062714 1.43947e-06 0.000141132 0.01014 1.16859e-05 4.69543e-05 -0.00774125 0.000142633 0.00590035 4.16329e-05 -0.000429135 7.77465e-05 1.04217e-05 0.00135638 -4.49192e-05 0.00199444 0.00134797 0.000212584 3.14258e-05 -0.0098724 -5.81412e-05 0.00115183 4.78203e-06 -3.43187e-05 0.000661012 -1.7877e-05 0.000394839 -0.000799046 0.000318092 0.000497589 4.47685e-05 -7.21301e-05 -0.000141282 3.98178e-05 0.00493905 0.00634707 3.04256e-06 -0.01088 -0.000118039 0.00272025 0.000159749 0.000497288 0.00644164 0.0102492 1.57858e-05 -0.000312462 0.0013702 0.000636252 0.000141145 2.39529e-06 -3.09219e-07 4.46101e-05 -0.0112757 0.0060102 -0.0115591 3.77074e-05 -0.00790949 4.64584e-05 -0.0107347 -0.0118244 -0.00756633 0.00473378 
5.67369e-07 0.000623174 -0.00322873 0.000244234 9.38508e-05 -0.00211051 4.70756e-06 -0.00317602 -1.01023e-06 0.00284558 0.000720504 0.00207178 7.06752e-05 0.00020712 -3.05595e-05 -0.00332373 0.00132005 0.00024121 -0.00332535 2.02625e-05 -1.96589e-06 -0.00216481 0.00139568 0.00083813 0.000733205 0.00355575 0.000421865 0.000614803 1.18726e-05 0.00067473 0.000490735 3.34626e-07 0.000760416 0.000561275 5.06581e-06 -3.14761e-07 0.000140701 -2.59403e-06 6.50262e-05 9.19995e-07 -5.5122e-06 0.00319956 1.05707e-06 -3.63256e-06 -0.00101078 0.000591657 0.000559068 1.59015e-05 0.00145989 0.000138212 2.94493e-06 4.49183e-05 -2.54157e-05 4.54534e-05 -0.000738656 0.000920191 -4.35582e-07 -0.00161658 7.48155e-05 -3.967e-05 -2.98342e-08 -6.09717e-06 -7.1387e-05 -4.94516e-06 -1.54286e-05 -0.000219461 0.000335743 3.13095e-05 -1.21405e-07 0.000478395 4.03978e-05 0.000142691 0.000331329 0.000570545 7.20984e-07 -0.0018643 0.00148111 0.00119535 1.80222e-06 -1.52307e-06 0.0030851 0.00229109 3.66078e-05 0.000410794 0.0001333 4.59371e-05 0.000775421 1.51323e-08 2.19775e-07 4.05923e-06 -0.00333346 0.00291493 -0.00325959 -2.39818e-06 -0.00303966 -1.80815e-06 -0.0030813 -0.00332702 -0.00193316 0.000873213 
0.000143571 0.000184961 -0.00372055 1.96949e-05 0.000304117 -0.00202177 0.000873353 -0.00447845 6.87425e-07 0.00204318 -0.000388045 0.00573691 0.000281959 0.000678751 0.000248375 -0.00612049 -8.84723e-05 0.00308063 -0.00604379 -0.000190908 0.000137245 -0.000884069 0.00428559 0.000144185 0.00533993 0.000421865 0.00998157 0.00233203 0.000208456 -0.00250707 0.00359258 -9.49139e-09 2.18966e-05 0.000408855 1.05337e-05 -4.32352e-06 0.0013298 3.44689e-06 0.000303526 7.23934e-07 -1.56167e-05 0.00538796 4.96595e-06 2.27058e-05 -0.00504425 -3.40611e-05 0.00363818 3.39821e-05 0.000277105 0.00024815 -3.8002e-06 0.000448413 -1.59007e-05 0.00100661 -0.00342175 0.000800368 1.92664e-06 -0.00614221 2.7326e-05 -9.23856e-05 8.79374e-09 -2.26652e-05 0.000524748 -1.05399e-05 0.000530922 0.000159241 0.000722802 0.00010293 2.22669e-05 -5.48223e-05 -2.02837e-05 0.000159658 0.00151027 0.00430374 3.78319e-06 -0.00599951 0.000398035 0.00146199 0.000117352 0.000123536 0.00338939 0.00473118 4.76734e-06 5.52043e-05 0.00121999 0.000296651 -0.000110119 8.77655e-06 2.99215e-06 5.23226e-05 -0.0061021 0.00258496 -0.00595221 7.45515e-05 -0.0033765 1.9225e-05 -0.00527629 -0.00615253 -0.00399848 0.00169658 
4.1086e-05 0.00102897 -0.00890734 0.000889839 0.000124255 -0.00686734 0.00128407 -0.00916344 1.2822e-05 0.00709316 0.00317162 0.00942414 0.0015576 0.000547293 0.00163524 -0.0095931 0.00223208 0.00296206 -0.00928377 -0.00019441 0.000272174 -0.00419993 0.00649533 0.00159075 0.00408358 0.000614803 0.00233203 0.0103975 -9.46296e-06 -0.00353562 0.00202627 -2.64176e-07 0.0012022 0.00712871 1.58849e-05 5.34845e-05 0.000235007 -2.34851e-06 0.00043158 4.56775e-06 -3.18774e-05 0.00883346 1.41378e-06 2.34299e-06 -0.00559223 0.000964858 0.000301014 -1.70344e-06 0.000309163 0.000137766 -2.25813e-06 0.00433079 -7.50842e-05 0.0021263 0.00022819 0.000917814 1.32196e-05 -0.00731121 8.92875e-05 3.59391e-05 -2.61579e-07 -2.37371e-05 0.000107362 -1.45618e-05 0.00159876 -0.000297012 0.000271653 0.00011616 1.65908e-05 0.000114015 -1.94398e-05 1.60631e-05 0.00376939 0.00104729 2.02451e-06 -0.00864951 0.00064742 0.00122846 3.56708e-06 4.75369e-06 0.00835429 0.00744896 5.76817e-05 -5.20997e-05 0.000738244 0.000223714 0.00186254 6.2788e-07 -2.09937e-07 4.14528e-05 -0.00952252 0.0088435 -0.00937585 1.16567e-07 -0.00903672 -1.24153e-05 -0.00793318 -0.00951093 -0.00551765 0.00104317 
-1.25979e-06 9.44326e-07 -0.000940703 4.70326e-06 0.000116602 -0.000591178 7.96867e-06 -0.000102867 -4.65589e-07 0.00086226 -0.000107179 9.71544e-05 0.00012326 9.08921e-07 7.95014e-06 -0.00119326 -3.9709e-05 2.60994e-06 -0.0012344 -7.89578e-06 1.45555e-05 -0.000918165 -0.000282858 4.24241e-05 0.000334741 1.18726e-05 0.000208456 -9.46296e-06 0.0014795 0.000401821 4.31694e-05 -3.96009e-08 1.10186e-05 -4.81616e-05 -3.08045e-08 3.54352e-06 0.000191045 -9.30421e-07 1.45158e-05 8.01136e-08 4.92196e-05 0.000724835 2.47459e-07 5.94447e-06 0.00035469 -7.0622e-06 0.000323483 3.62831e-05 0.000906864 -1.87937e-06 6.36699e-07 -3.152e-06 -9.99065e-06 1.23455e-06 0.000585453 0.000741335 6.04283e-07 -0.000313091 0.000733852 -1.28553e-05 4.93888e-07 -2.95722e-06 0.000295286 6.07335e-06 -1.13937e-06 -8.91391e-05 -3.36817e-06 2.78059e-05 1.69091e-05 0.000724735 -1.61035e-05 0.000887655 9.6224e-05 0.000292736 -1.117e-07 -0.00037286 1.52853e-05 -3.39651e-05 2.84484e-05 1.54097e-05 3.70075e-05 0.000234145 4.11708e-07 0.000954951 4.25652e-05 0.000130509 -2.1417e-05 4.13701e-08 -3.05428e-08 6.46067e-08 -0.00120468 0.000855141 -0.0013032 2.43262e-05 -0.00107145 3.40565e-06 -0.0011349 -0.00125417 -0.000798884 -4.45693e-07 
3.83445e-05 -0.000198951 -0.0069161 -0.00105335 0.000882085 -0.0791809 -0.00318478 0.00429642 3.72434e-05 0.00382581 0.00963543 -0.00895059 -0.00317677 -0.00028558 0.00336446 0.00333364 -0.00503003 -0.00224394 -0.00107653 -0.00123535 -4.80869e-05 -0.0481498 0.00783319 0.000621543 -0.0053289 0.00067473 -0.00250707 -0.00353562 0.000401821 0.242221 -0.0028796 -6.34941e-06 0.00345351 -0.0061648 -4.72135e-06 -0.000171937 -0.000585473 4.63339e-05 -0.000247036 -8.29925e-06 -0.00120793 -0.00196713 -4.77499e-06 -0.000428408 -0.0883069 -0.000798113 -0.00262445 -4.80571e-05 0.019127 -5.36389e-05 -3.61503e-05 -0.00244532 0.0012915 -0.000935097 -0.0661568 0.00929309 -4.22726e-05 0.00929528 0.00197654 -0.0034276 -7.24814e-06 -0.000502687 0.00699531 0.000443271 -0.00158805 -0.0163946 -0.000685622 -0.0002235 -2.34007e-05 0.00282344 0.00274766 0.00512821 -0.0103014 -0.00265918 1.74567e-06 0.0108186 0.00519164 -0.00529822 -0.000101369 -0.000221384 -0.000280286 -0.00681009 -1.41089e-05 0.00705775 -0.000516572 -0.000253345 -0.00141848 3.71562e-06 -1.36527e-06 -3.78689e-05 0.00216038 0.00436547 0.00195645 0.0005595 -0.00293649 9.97126e-05 -0.0193762 0.000777004 0.0524975 -0.00497175 
2.35603e-05 0.000123765 -0.00431482 0.00027351 0.000278024 -0.00182745 0.00223664 -0.00637715 2.63155e-05 0.00287635 -0.000106509 0.00669892 0.000955035 0.000110037 9.30173e-06 -0.00676847 5.86226e-05 0.00353978 -0.00669431 9.64694e-05 5.69492e-06 -0.00152367 0.00514499 0.000409271 0.00652534 0.000490735 0.00359258 0.00202627 4.31694e-05 -0.0028796 0.00712753 1.86479e-06 -5.57365e-05 0.000887757 7.00747e-07 6.3575e-06 0.000462418 -3.34866e-06 0.000486676 1.01905e-06 2.09434e-05 0.00577197 1.16303e-05 1.43207e-05 -0.00394253 2.47576e-05 0.00490269 1.24929e-05 -0.000220174 9.1524e-05 1.08957e-07 0.000688794 -3.60298e-05 0.00137692 -0.000536649 -0.000114152 1.75792e-05 -0.00689752 -2.71292e-05 0.000284187 3.35198e-06 -1.688e-05 -4.58951e-05 -9.94865e-06 0.000357111 -0.000279628 0.00014528 0.000292609 1.58199e-05 -3.73565e-05 -7.07324e-05 -0.000122433 0.002012 0.00492005 -3.14539e-07 -0.0066016 -6.36156e-05 0.00106067 3.17368e-06 0.0004903 0.00375554 0.00650234 6.69641e-06 -0.000255096 0.000146304 0.000385934 -0.000123158 2.25307e-06 -1.47984e-07 2.93445e-05 -0.00670456 0.00286019 -0.00661487 1.69139e-05 -0.00457226 3.33033e-05 -0.00625996 -0.00665963 -0.00384971 0.0038372 
2.36013e-07 -1.89776e-08 -2.05709e-05 1.00888e-05 -7.48155e-08 -1.58909e-05 5.694e-07 -2.01853e-05 -8.93936e-09 1.79155e-05 1.76451e-05 1.35374e-05 1.22563e-05 1.22069e-06 -5.05297e-07 -2.02424e-05 1.69274e-05 1.90071e-07 -2.11276e-05 4.04221e-06 -2.96033e-08 -2.00875e-05 6.64745e-06 3.37366e-08 9.22777e-07 3.34626e-07 -9.49139e-09 -2.64176e-07 -3.96009e-08 -6.34941e-06 1.86479e-06 2.6726e-05 -1.42889e-07 1.05388e-07 -5.55647e-10 2.66686e-07 -4.88512e-08 -1.94283e-08 -6.10442e-08 -5.99212e-10 2.27286e-07 1.91569e-05 -3.46467e-10 -3.43717e-08 -1.75773e-06 8.15037e-07 4.24677e-06 4.59001e-07 2.79254e-06 3.06473e-07 -1.53917e-08 3.6571e-06 -1.95722e-07 -6.50344e-08 1.43316e-05 1.16524e-06 -4.01132e-09 -1.01587e-05 2.35023e-07 7.46463e-06 -1.07227e-09 2.71581e-08 -3.12215e-07 4.62959e-08 2.32245e-08 -1.04973e-06 4.64616e-07 -1.46838e-08 -2.48211e-09 1.09031e-07 -1.57316e-07 3.95517e-07 1.22821e-06 3.78062e-07 -2.01483e-09 -1.18739e-05 8.33229e-07 1.38965e-05 -6.82394e-09 -1.52769e-08 6.40217e-06 1.86634e-05 1.12209e-06 3.50937e-07 -2.6951e-08 -1.88954e-08 1.1039e-05 -3.36043e-10 -5.50926e-10 -2.50233e-09 -2.06432e-05 1.52591e-05 -2.03501e-05 -2.94706e-08 -2.01043e-05 3.65369e-08 -1.87966e-05 -2.0745e-05 -1.43288e-05 9.72885e-06 
-9.86481e-06 0.000366551 -0.0103959 0.000467821 0.000103245 -0.00792176 0.000177993 -0.0100452 4.13937e-06 0.0100486 0.00233956 0.00327459 0.000714325 3.70899e-05 0.00494057 -0.0104356 0.00354814 0.000293619 -0.0101961 0.00457688 0.000261754 -0.00863456 0.00144329 0.00120656 7.847e-05 0.000760416 2.18966e-05 0.0012022 1.10186e-05 0.00345351 -5.57365e-05 -1.42889e-07 0.0114481 0.00257614 9.72538e-07 0.000847871 -2.11201e-05 1.04072e-05 0.000418066 6.46992e-07 -2.63995e-05 0.00887888 -9.01448e-08 1.4748e-05 -0.0047296 0.000621459 -7.08757e-05 2.10957e-05 0.00667862 0.000634985 5.39732e-05 0.000809323 -8.21882e-05 0.00010446 0.00321579 0.00611707 2.9335e-05 -0.00144722 -1.92749e-05 0.000853968 7.22865e-06 -2.50698e-05 -0.000269961 -1.52639e-05 0.00022197 -0.000620225 -1.31949e-05 -2.84671e-06 5.48435e-06 0.000227314 -0.000108764 -0.000155679 0.00110399 -6.60921e-05 -8.73148e-07 -0.00245048 0.00468446 0.00156731 -2.47722e-06 2.67961e-06 0.00507312 0.00296211 0.000214241 0.00565886 0.000164585 3.61915e-05 0.00893831 1.08771e-06 3.25125e-06 6.22258e-07 -0.0104578 0.0103791 -0.0102088 0.000394565 -0.0103854 0.00016892 -0.00965687 -0.0101576 -0.00627596 0.000481573 
