0.0028376 -0.000839903 0.000292457 -0.00149981 0.000697556 7.24281e-07 -1.24916e-07 0.000388464 4.63932e-07 0.00106058 0.000474662 -0.00017791 0.000522617 -3.27081e-05 -0.00151076 -0.000671597 0.000960138 0.00108204 0.000334379 0.000107931 -7.7683e-05 -0.000181939 0.000650192 -0.00011672 -1.51356e-05 -1.07083e-06 0.000209411 0.000192561 0.000651446 -0.000188791 -1.18637e-06 -8.52247e-05 1.33361e-06 -1.87667e-05 0.000292096 -1.36071e-05 -0.00160685 0.00016337 0.000209995 1.76439e-05 0.000169562 -0.00011102 -0.000108574 -4.80996e-06 0.000384191 0.000377001 7.42252e-05 0.000438802 -1.29832e-05 -8.31271e-05 -3.7572e-05 7.46946e-05 -0.000344147 -0.000715571 -4.04866e-05 -2.44096e-05 -3.57637e-05 -0.000153999 8.16263e-05 -0.000284937 -4.7805e-05 -0.000310012 -5.3791e-05 0.00042113 -0.000302483 0.00154199 -0.00150674 -0.00090349 7.49927e-05 -7.75969e-06 -6.92064e-05 -0.000254546 8.47716e-06 -0.00114919 -0.000407191 3.1118e-06 9.92362e-05 0.00019592 -0.000599058 0.00046886 5.94673e-06 0.000395079 -2.16763e-05 -0.000394268 -0.000136001 -2.62103e-05 -5.35149e-05 -9.54715e-05 -3.37001e-06 -0.00186869 0.000235593 -0.000772481 -2.82688e-05 -3.7235e-05 0.000196957 -1.36752e-05 -2.17113e-05 0.0014869 9.5164e-05 0.000103916 
-0.000839903 0.227716 -0.0440119 0.036245 -0.0413806 0.00258305 -1.24422e-05 0.00393972 8.22645e-06 -0.0207942 -0.0500437 0.016097 -0.00255735 0.00505313 0.0523873 0.0305671 -0.0311172 0.0138456 -0.0180059 -0.0519262 -0.00907677 0.01013 -0.0120207 0.0155639 -0.0273795 -0.000121184 0.00105926 -0.0037204 -0.0683991 -0.01697 -0.00211965 -0.0241211 -1.83503e-05 -0.000379966 0.00469214 0.00242754 0.0435801 -0.00359393 -0.00214976 -0.000706656 -0.00097466 -0.00755657 0.0218465 -0.000588895 -0.00838342 -0.0980188 0.000148083 -0.0602752 -0.000731315 0.0098635 -0.00247754 -0.00402473 0.0715666 -0.0416322 -0.00347828 -0.00155697 -0.00226605 0.0150769 0.0019805 0.0279682 -0.00341714 0.076815 0.00367938 0.0314197 -0.0159689 -0.0175723 0.0443 -0.0338885 -0.00248114 -0.000402354 -0.00592627 -0.0284902 -0.000306459 -0.00756023 -0.0119756 -0.000904939 -0.0149462 0.0143361 0.0721585 -0.00138923 -0.00456049 -0.00916027 -0.00434413 -0.0132241 -0.014521 0.00154788 0.00492038 0.00703499 -0.000341876 0.0176071 -3.10462e-05 -0.0161749 -0.00258691 -0.00761824 -0.000801385 -0.0129265 -0.00322417 -0.0106756 -0.000883036 0.0215699 
0.000292457 -0.0440119 0.132106 -0.0866743 0.100434 0.0074989 -3.24608e-06 -0.00340085 -8.33674e-06 -0.00748204 -0.014808 0.00419543 -0.00109425 0.0057596 -0.0994939 -0.0267086 0.066776 -0.00454298 0.027925 -0.0190077 -0.0218005 -0.000801045 0.00423838 -0.00933112 0.0806285 0.000136828 -0.000825187 0.00635498 -0.0341313 -0.0180599 -0.000455392 -0.0108614 -1.08553e-05 -0.000151564 -0.00364435 0.000505132 -0.103963 -0.00139536 -2.37252e-05 -0.000172265 0.00112537 -0.0111826 -0.00232446 -0.000258208 0.0130074 0.0785159 0.000572895 0.0304562 0.000139787 0.00982279 0.0101413 0.0116147 -0.04672 -0.0422811 -0.00226457 0.00147342 -0.00181056 0.00775746 -0.00199372 -0.0222506 0.00256282 -0.0369338 0.00269071 -0.0114402 0.0078699 0.00145475 -0.0963196 -0.0413196 1.05832e-05 0.000423157 0.000712955 -0.0133424 -0.000160261 -0.0668175 0.0776629 0.00221416 0.034691 -0.00514793 -0.0287455 0.0500903 0.0136806 0.0143824 0.00937485 0.0752623 0.0389986 0.00524766 -0.00237834 0.0157662 0.000193626 -0.0302452 -0.00408312 0.0226456 0.00106536 -0.00139497 0.000361707 0.0107345 -0.000690188 -0.0067382 0.00671173 -0.00658049 
-0.00149981 0.036245 -0.0866743 0.216101 -0.0756461 -0.0100712 -8.13708e-06 -0.0203338 -5.66219e-05 -0.0494867 -0.0366971 -0.0435 -0.00362884 -0.023974 0.177919 0.0494229 -0.0545376 -0.0139627 -0.0333425 -0.0296502 0.0524385 -0.0442998 -0.0238833 0.0164719 -0.0338062 -0.000197766 -0.00684298 -0.00994576 -0.00154014 0.0638148 -0.00347714 -0.0346928 -4.74557e-05 -0.00406727 -0.0181147 -0.00244665 0.173521 -0.00210143 -0.00633733 0.000457421 -0.00234561 -0.0486099 -0.0265053 -0.00109555 -0.016382 -0.0796014 -0.00171376 -0.0484266 -0.00380055 -0.0272557 -0.00718518 -0.0103608 0.107038 0.0119209 -0.00561966 0.00450531 -0.00113864 -0.0473515 -0.00525261 0.0975637 -0.00780208 0.0574961 -0.00508037 -0.0370478 0.00120252 0.00124451 0.182768 0.0222137 -0.00295831 -0.00185297 0.00319275 0.017438 -0.000759748 0.0495652 -0.0954314 -0.00183788 -0.0269901 -0.0334934 0.00847797 -0.00812479 -0.0110668 0.00468097 -0.00857129 -0.09215 -0.0299316 -0.0062082 -0.013015 -0.0308792 -0.00051479 0.0982655 -0.0183282 0.0925084 0.000234072 -0.0139189 0.000497762 -0.0185796 -0.00651824 -0.0294299 -0.0050038 -0.0341962 
0.000697556 -0.0413806 0.100434 -0.0756461 0.10987 -0.00319486 -3.2894e-06 -0.00221299 -6.48864e-07 -0.00269579 -0.0133896 -0.0014427 -0.000942942 0.000322386 -0.0803977 -0.0242806 0.0668991 -0.00511071 0.0115925 -0.0131261 -0.0049446 -0.00457616 5.16653e-05 -0.000868157 0.0736789 0.000209588 -0.00176983 0.00674299 -0.0267477 0.000477127 -0.000489152 -0.0064088 -3.42203e-06 -0.000662232 -0.00329319 -0.000797198 -0.0877604 -0.00117315 -0.00123461 -0.000494256 0.00113566 -0.00966483 -0.00464065 -0.000202133 0.00943316 0.0769273 0.000202134 0.0274941 -0.000315536 -0.00282563 0.00672085 0.00836323 -0.0441725 -0.0324634 -0.0018163 -0.00198016 -0.00155608 -0.00172564 -0.00164805 -0.0134591 -0.00198595 -0.029259 -0.00181173 -0.00890051 0.000171545 0.0048018 -0.0807866 -0.0293787 -0.000216931 -0.000339487 -0.00340141 -0.0097706 -0.000139173 -0.0522769 0.0667196 0.00223165 0.0343887 -0.00696844 -0.0263885 0.0471612 0.00944267 0.0093384 0.0089232 0.0594112 0.0394035 0.00347952 -0.00201633 0.00255951 -5.9744e-06 -0.024551 -0.00354652 0.0214728 -0.00100352 -0.00233911 -0.000657493 0.00757326 -0.0013282 -0.00330056 -0.000816133 -0.00562451 
7.24281e-07 0.00258305 0.0074989 -0.0100712 -0.00319486 0.0279252 8.85122e-06 -0.000734372 1.25963e-05 -0.00182768 -0.00742245 0.0120967 -0.000121309 0.00861078 -0.0155406 -0.00647069 -0.00244603 -0.000734642 0.00694505 -0.00447629 -0.0154554 0.00967034 -0.000157924 -0.00124652 0.00404649 -2.31439e-06 0.00750891 -0.000184985 -0.00791929 -0.0197703 0.000694927 -0.00155594 2.9935e-05 0.00035871 0.000569643 0.00175664 -0.0173336 0.000845355 0.000455329 -6.93341e-05 -8.17036e-05 0.0023887 0.00535255 8.60887e-05 -0.000622607 -0.00809127 0.000241573 -0.000207743 0.000415896 0.0226492 0.0016774 0.000545978 -0.00943068 -0.0047972 -0.000282696 -0.000231747 7.06944e-05 0.0208013 -0.000223256 -0.0183814 0.00313337 -0.00598818 0.00693191 -0.00114857 -0.00330996 -0.00120648 -0.014713 -0.00210298 -0.000198101 0.000858636 -0.000556323 0.00168559 -3.25282e-05 -0.00952852 0.0087257 -2.28764e-05 -0.000725858 0.00699422 0.00484431 -0.00467571 0.000183571 -0.00291348 0.000100796 0.0165274 -0.00117742 0.00313483 -0.000514665 0.0227016 0.000199528 -0.0173788 -0.000481727 -0.00857205 -0.000283364 0.00408065 0.000652954 0.000550526 0.00363997 -0.00132037 0.00430883 0.000835031 
-1.24916e-07 -1.24422e-05 -3.24608e-06 -8.13708e-06 -3.2894e-06 8.85122e-06 4.38947e-05 -6.79208e-07 -4.41279e-09 -2.9472e-06 -4.0964e-06 6.62169e-06 -3.55087e-07 6.52216e-06 -1.03473e-05 -6.15761e-06 -3.20702e-06 -1.95434e-06 1.9773e-05 -6.09741e-06 -9.4539e-06 6.46614e-06 -2.81507e-07 -2.07775e-05 -6.049e-06 -1.67754e-08 7.75041e-06 2.59423e-07 -5.34511e-06 -5.45438e-06 -2.31265e-07 -2.04961e-06 -4.62349e-09 -1.51659e-07 -1.1642e-06 -8.03843e-08 -1.37431e-06 2.05573e-06 1.93311e-06 -1.52716e-07 -1.0787e-07 -3.1588e-06 -1.5601e-06 1.6534e-07 -6.63055e-07 -4.7171e-06 2.47576e-07 -1.49988e-05 -2.45628e-07 8.59793e-06 2.54417e-07 -6.20681e-07 -1.23941e-05 4.02522e-06 6.61183e-06 9.93597e-07 -5.53706e-07 7.02694e-06 -5.85718e-07 -8.26842e-06 -5.41099e-07 -9.29757e-06 1.06033e-05 -3.30125e-06 -2.10062e-06 -3.65043e-07 -2.99541e-07 1.02789e-05 -1.11793e-07 2.7622e-06 -4.67494e-07 -2.99229e-06 4.45101e-07 2.95457e-06 -6.16612e-08 -1.32119e-07 -1.39013e-06 -2.5533e-06 -8.65616e-06 -4.54255e-06 -5.74503e-07 -6.65702e-07 -5.61022e-07 4.56325e-06 -7.69642e-07 -3.41052e-07 6.07612e-06 7.73469e-06 1.57684e-06 -7.7092e-06 4.64132e-06 -1.07605e-05 6.27348e-06 1.823e-05 -5.98207e-08 4.14828e-07 1.63898e-05 -1.04492e-06 1.57734e-08 -2.1653e-06 
0.000388464 0.00393972 -0.00340085 -0.0203338 -0.00221299 -0.000734372 -6.79208e-07 0.0292921 1.3627e-05 0.0118898 0.0149973 0.00500155 0.00428748 0.000383644 -0.0174898 -0.00682207 -0.00152834 0.0152287 0.00830235 -0.00491699 -0.00846444 0.0041008 0.0143825 -0.00417478 -0.0056587 2.5205e-06 -0.000325985 0.000410729 -0.000509865 -0.0190949 1.33131e-05 0.000114028 -2.33133e-06 1.10097e-05 0.00403217 -0.00021599 -0.0140125 -0.000227565 0.00227566 -8.55972e-06 0.000371576 0.000702239 0.00620995 -3.82352e-05 0.00627222 -0.00732872 -7.58869e-05 0.00451141 -0.000120307 -0.00115692 -0.000422825 0.00132008 -0.0124516 -0.00302285 0.00321585 -0.000483659 -0.00043527 0.00331134 0.00516498 -0.0114797 0.000603955 -0.00704668 0.000167737 0.0119156 -0.0015886 -0.00252076 -0.0193469 -0.00583847 0.00246983 -7.50294e-05 0.000614739 0.00231914 0.000235159 -0.00587791 0.00459155 -8.48816e-05 -0.00132691 0.00395991 -0.00144499 -0.00574652 0.000173413 -0.00359165 0.00053716 0.00610017 -0.00108808 -0.000272559 0.00971959 -0.00154944 0.000337584 -0.0180109 0.0136481 -0.0209151 0.000187724 -7.96038e-05 0.000293377 0.00601663 -0.000227615 0.0105857 -0.000254908 0.0194148 
4.63932e-07 8.22645e-06 -8.33674e-06 -5.66219e-05 -6.48864e-07 1.25963e-05 -4.41279e-09 1.3627e-05 0.000100517 6.11131e-06 -2.81081e-06 4.86835e-05 -5.89843e-07 1.5391e-05 -5.45131e-05 -2.35119e-05 -4.41276e-06 1.72378e-05 -5.73633e-06 1.42069e-05 -5.5268e-05 4.96292e-05 -4.45434e-06 -1.02427e-05 -2.464e-05 4.81583e-07 1.6471e-05 2.10036e-06 3.05667e-07 -7.88209e-05 -6.51752e-07 -5.53844e-06 2.60785e-08 4.81977e-07 2.8737e-05 1.43833e-05 -6.03e-05 -8.18139e-07 1.01616e-06 2.76017e-06 -3.53901e-07 3.84441e-05 2.54461e-05 -1.70976e-07 -2.42684e-06 -7.97571e-06 1.11925e-05 -1.15721e-05 -6.08308e-07 1.53454e-05 9.955e-06 4.91592e-06 -5.16593e-05 -2.67217e-05 5.80425e-06 -1.48298e-06 3.95011e-06 4.20764e-05 -1.00134e-06 -3.86978e-05 2.14494e-05 2.53802e-06 1.97969e-06 7.04118e-05 -9.57208e-06 1.32688e-05 -5.46479e-05 -3.76895e-05 9.67813e-06 -2.77415e-07 6.72024e-06 -9.66534e-06 -1.18089e-07 -4.28758e-05 1.15421e-05 -8.58948e-08 -4.34208e-06 4.71979e-05 4.76149e-05 -1.76112e-05 4.9493e-07 -1.20436e-05 9.07545e-06 3.33937e-05 -4.60467e-06 1.38379e-05 2.4423e-06 7.09882e-06 2.19467e-07 -6.96348e-05 -1.91817e-06 -6.95794e-05 -1.08364e-06 -1.0921e-06 -2.38444e-07 4.47813e-05 -1.08443e-06 -2.85955e-06 6.639e-06 2.06491e-05 
0.00106058 -0.0207942 -0.00748204 -0.0494867 -0.00269579 -0.00182768 -2.9472e-06 0.0118898 6.11131e-06 0.0684368 0.0457108 -0.00422257 0.00418485 -0.00167855 -0.0457392 -0.0171906 -0.00262376 0.0127417 0.00777255 0.0398697 -0.000109317 0.00455048 0.00971806 -0.0022824 -0.0138027 0.00023878 -0.00106788 0.000195739 0.0372584 -0.00571039 0.00458325 0.046659 7.79937e-07 -0.000193326 -0.00185983 -0.000440881 -0.0466732 -0.000543797 0.00373856 -2.56734e-05 0.000903435 0.0343096 -0.00171881 0.000279575 0.00693786 0.0288681 6.90466e-05 0.026221 -0.000383367 -0.00276255 -0.000507491 0.000579818 -0.0469284 0.03033 0.00272701 -0.001194 0.000796631 -0.00502436 0.00233473 -0.0349428 -0.000326813 -0.0171163 -0.00141196 0.00244904 -0.00847817 -0.00402343 -0.0478854 0.0243533 0.000903655 -0.000174053 -0.000916384 -0.0042674 0.000208746 0.0182241 -0.00558714 -0.000206048 -0.00321126 -0.0033995 -0.0175559 -0.014195 -0.00116289 -0.00869848 -0.000745656 -0.00202914 -0.00287436 -0.000300585 0.00516077 -0.00419438 -9.05076e-05 -0.0290974 0.00855173 -0.0496802 -0.000453261 0.00341964 0.000585729 0.00461068 0.00147673 0.0356535 -7.76254e-05 0.00950409 
0.000474662 -0.0500437 -0.014808 -0.0366971 -0.0133896 -0.00742245 -4.0964e-06 0.0149973 -2.81081e-06 0.0457108 0.199833 -0.0170247 0.00397826 -0.00231025 -0.0420735 -0.0221997 -0.00691107 0.0153174 0.0160542 0.0483535 0.00960834 -0.0108887 0.0279233 -0.0144866 -0.031635 0.000102667 -0.00376844 -0.00357258 0.0764447 -0.000654957 0.00171258 0.0412705 -2.13157e-05 0.00207347 -0.00588175 -0.00213514 -0.0141907 -0.00126455 0.00486479 -0.000144862 0.00179437 0.0154424 -0.00938159 -0.000157211 0.00921402 0.0477359 -0.000272954 0.0743779 0.00146252 -0.0100703 -0.00231015 0.00161251 -0.0916043 0.0274831 0.00688634 -0.00440338 -0.00425029 -0.0168197 0.00786481 -0.025861 0.00745412 -0.0293623 -0.00354641 -0.00858424 0.0151907 -0.0156963 -0.0524729 0.00956667 0.00534862 -0.000150389 0.0102875 0.00457042 0.000668108 0.00378593 -0.0124411 -0.000822875 -0.0119821 -0.0158376 -0.0482914 -0.0528086 -0.00115783 -0.0256901 -0.00265382 -0.0103799 -0.00986451 -0.00214174 0.0105146 -0.0129803 0.00084528 0.00633141 0.0160319 -0.0610117 -0.000269656 0.00600456 0.00133822 0.0143532 -0.00110047 0.0267742 0.000129373 0.00412004 
-0.00017791 0.016097 0.00419543 -0.0435 -0.0014427 0.0120967 6.62169e-06 0.00500155 4.86835e-05 -0.00422257 -0.0170247 0.0600151 -0.000207187 0.0208615 -0.041743 -0.0137476 -0.00248621 -0.00226357 0.00694194 -0.00165964 -0.0460963 0.047359 -0.00185809 -0.00269695 -0.0134889 -1.68167e-05 0.00614361 0.00414687 -0.00947369 -0.0525335 -0.000289749 -0.00404245 2.70323e-05 -0.000101547 0.0194987 0.00155034 -0.0443874 0.00108498 0.000894866 -0.000191689 -0.000169802 0.0273783 0.0339184 -7.51182e-05 0.00170332 -0.0136753 0.000165716 -0.0226573 -0.000356135 0.0241343 -0.000790958 0.00374567 -0.0143416 -0.0154144 0.00015178 -0.00086381 0.00318689 0.0520383 -0.00049434 -0.0416184 -0.000783313 -0.0150643 0.00587159 0.0375075 -0.00732284 0.00277673 -0.0411556 -0.0201203 -0.0002851 -0.000126537 -0.00167984 -0.00573987 -3.64772e-05 -0.0255082 0.0405529 0.00114264 -0.000748935 0.0442596 0.0381758 -0.0111636 0.00497087 -0.00758858 0.00470437 0.0387607 -0.0013159 0.00162643 0.000898573 0.0286406 5.50572e-05 -0.0430084 -0.000439677 -0.0413963 -0.000171392 0.0013544 -0.000408205 0.00728771 0.00117487 -0.00296612 0.00095517 0.0280306 
0.000522617 -0.00255735 -0.00109425 -0.00362884 -0.000942942 -0.000121309 -3.55087e-07 0.00428748 -5.89843e-07 0.00418485 0.00397826 -0.000207187 0.00802373 0.000793097 -0.00311447 -0.00110033 4.31663e-05 0.00443387 0.0038318 -0.00112186 -0.0041642 -0.000190889 0.00543757 -0.00378344 0.000423521 2.17201e-06 -6.39165e-05 -3.0469e-05 0.00330758 -0.00290375 2.60983e-05 -0.000512278 4.24133e-06 -1.0276e-05 -4.88323e-05 -6.28321e-05 -0.00343574 -4.8578e-05 0.00112003 1.48138e-06 -1.1381e-05 -0.000108426 -0.00022572 -1.3114e-06 0.00345992 -0.00213571 -2.06872e-05 -0.00159541 1.89208e-05 -0.00032049 -8.03632e-05 0.000203938 -0.00348792 -0.00173921 0.000674019 -0.000108353 -9.866e-05 -0.00025558 0.0011891 -0.00368363 0.000623973 -0.00103288 -0.000106192 -0.000453482 -0.00032106 -1.47505e-06 -0.00415102 -0.00256041 0.00162221 -3.12631e-06 -0.000196561 -0.000622273 2.46577e-05 -0.00272585 -0.000928595 -2.42298e-05 -0.000349105 0.00012726 -0.000994016 -0.00116683 -0.000123431 -8.19876e-05 0.000128587 0.00144331 -0.000115329 -4.3381e-05 0.000145581 -0.000288233 0.00010056 -0.00366781 0.00453902 -0.00397665 0.000332699 0.000158238 0.000219611 0.00321402 -3.52083e-07 0.00464864 -8.86107e-05 0.00374462 
-3.27081e-05 0.00505313 0.0057596 -0.023974 0.000322386 0.00861078 6.52216e-06 0.000383644 1.5391e-05 -0.00167855 -0.00231025 0.0208615 0.000793097 0.0340882 -0.0231582 -0.0061143 -0.00168831 0.00054293 0.0131691 -0.00524683 -0.029478 0.0147557 0.00663054 -0.0124385 -0.00688949 -1.32342e-05 0.00628883 -0.000477263 -0.00684076 -0.028774 -0.000134689 -0.00230722 2.57981e-05 0.00509382 0.000502664 0.00246299 -0.0253133 -0.000377751 0.000700048 -0.000140224 0.000569244 0.0060739 0.0127809 -4.77578e-05 0.00630117 -0.00674239 0.000913382 -0.010323 0.00440938 0.0197167 -0.000355263 0.00229944 -0.0134828 -0.00949313 0.000673144 -0.000292759 7.44811e-05 0.0245216 0.000647859 -0.0230961 0.0043175 -0.00823073 0.00400658 0.00924283 -0.00379183 -0.0020595 -0.0228223 -0.0120935 0.000783726 0.00222718 0.000254467 -0.00342276 1.95097e-05 -0.0152178 0.0164302 0.000388218 -0.000280532 0.015002 0.0100002 -0.00671441 0.00569793 -0.00330523 0.00245118 0.0246206 -0.00062848 0.00174816 -0.000437776 0.0256273 0.000141687 -0.0213343 0.00417881 -0.0214213 -0.000318202 0.00425353 -0.00022192 0.0101924 0.00164613 -0.000530887 0.00359804 0.0121761 
-0.00151076 0.0523873 -0.0994939 0.177919 -0.0803977 -0.0155406 -1.03473e-05 -0.0174898 -5.45131e-05 -0.0457392 -0.0420735 -0.041743 -0.00311447 -0.0231582 0.225775 0.0674367 -0.0566177 -0.00973573 -0.0397542 -0.0198748 0.0563982 -0.0437801 -0.0203736 0.0182146 -0.0495098 -0.000195312 -0.00693803 -0.0103914 -0.0183221 0.0676822 -0.00421317 -0.0360548 -6.27235e-05 -0.00457103 -0.0166138 -0.00217704 0.182848 -0.00293529 -0.00649067 0.000155924 -0.00225823 -0.0474642 -0.0253508 -0.00110058 -0.0157972 -0.102211 -0.00167813 -0.0650719 -0.00386335 -0.0319658 -0.00892415 -0.0100985 0.102642 0.0199504 -0.00571748 0.00155694 -0.00131146 -0.0501529 -0.00654751 0.095113 -0.00978106 0.0784631 -0.00659902 -0.0265263 -0.00663851 -0.00890793 0.192567 0.0262719 -0.00146872 -0.00180894 0.00159163 0.0215281 -0.000749362 0.0761515 -0.0921259 -0.00195416 -0.0272824 -0.0324246 0.0210546 -0.014432 -0.0113943 -0.00316186 -0.00822116 -0.0956148 -0.0311424 -0.00692169 -0.00854059 -0.0377975 -0.000201542 0.0962526 -0.0135734 0.070957 -0.000828003 -0.0140997 -0.000908573 -0.0169912 -0.00697873 -0.0292791 -0.00697827 -0.0311331 
-0.000671597 0.0305671 -0.0267086 0.0494229 -0.0242806 -0.00647069 -6.15761e-06 -0.00682207 -2.35119e-05 -0.0171906 -0.0221997 -0.0137476 -0.00110033 -0.0061143 0.0674367 0.181199 -0.0157144 -0.00763921 -0.00930606 0.0115799 0.00884818 -0.0136941 -0.00423575 -0.000974318 -0.0469491 -8.99356e-05 -0.00327584 -0.00368523 -0.0402351 0.0174002 -0.00151078 -0.0160077 -2.07729e-05 -0.00167796 -0.00497061 -0.00117506 0.0582238 -0.00140046 -0.00201369 -0.000943827 0.000204044 -0.0166099 -0.00877617 -0.000398696 -0.00126737 -0.0628119 -0.000604461 -0.0821097 -0.00131359 -0.0111444 -0.00334426 0.000448103 0.0238486 -0.00771765 -0.00319881 0.0020572 0.00145123 -0.0160703 -0.00293811 0.0113534 -0.00471399 0.0754338 -0.00401043 -0.00664721 -0.0141099 -0.0159481 0.0625608 -0.00866304 -0.00042795 -0.000647873 0.000716743 -0.0172936 -0.00021208 0.0688484 -0.0246662 -0.00042753 -0.010462 -0.0117801 0.0588428 -0.019181 0.00032033 -0.0169277 -0.00106944 -0.028596 -0.0112763 -0.00249093 -0.00378764 -0.0135529 -0.000349423 0.0434895 -0.00507445 0.00281642 -0.00216325 -0.00553648 -0.00150478 -0.00260847 -0.00252892 -0.0113957 0.00167462 -0.0115292 
0.000960138 -0.0311172 0.066776 -0.0545376 0.0668991 -0.00244603 -3.20702e-06 -0.00152834 -4.41276e-06 -0.00262376 -0.00691107 -0.00248621 4.31663e-05 -0.00168831 -0.0566177 -0.0157144 0.0957314 -0.00176083 0.00390346 -0.00910267 -0.00317381 -0.00400609 0.00861457 -0.000907116 0.044704 0.000163758 -0.000702496 0.00726523 -0.0212091 -0.000366807 -0.000670393 -0.00682438 -5.96746e-06 -0.000120135 -0.00254637 -0.000835221 -0.0562117 0.000785468 -0.00097038 -0.000357332 0.000233158 -0.00904516 -0.00414707 -0.000180353 0.00402314 0.0518619 5.085e-05 0.011538 -1.74557e-06 -0.00206932 0.00648525 0.00818592 -0.0176498 -0.0276616 -0.00149014 -0.00157561 -0.00143418 -0.000386912 -0.000958993 0.0057613 -0.0012312 -0.01406 -0.000868501 -0.0068953 0.00556084 0.0140454 -0.0592022 -0.0335823 0.00148243 -0.000247026 -0.00206192 -0.00942572 -0.000110616 -0.0416178 0.036017 0.0020252 0.0121567 -0.00561159 -0.0202856 0.0349499 0.00505461 0.0193426 0.00678207 0.0277326 0.0189314 0.00346391 -0.000466501 -0.00272677 -0.000135764 -0.0281667 -0.000700839 0.0114314 -0.000776136 -0.00160833 -0.000320481 0.00769332 -0.000850876 -0.0015513 -0.000798473 -0.00530334 
0.00108204 0.0138456 -0.00454298 -0.0139627 -0.00511071 -0.000734642 -1.95434e-06 0.0152287 1.72378e-05 0.0127417 0.0153174 -0.00226357 0.00443387 0.00054293 -0.00973573 -0.00763921 -0.00176083 0.0425392 0.00653651 -0.005576 -0.00170527 -0.00248266 0.0114924 -0.00242286 -0.00775503 7.90255e-06 0.0010462 -0.000684561 -0.000523165 -0.0168044 -0.000217885 -0.00211523 5.23405e-06 0.000865039 0.000131957 0.00134312 -0.0100788 -0.000505228 0.00205356 0.00115525 0.000119141 -0.00321175 -0.000377853 -7.2592e-05 0.00546453 -0.0071906 0.000207393 0.00502432 0.000451555 0.000671849 0.00161661 -0.000290241 -0.00703705 -0.0107753 0.00226102 -0.000154723 -0.000846488 -0.00147584 0.00620664 -0.00378045 0.00172126 0.0049341 0.000616554 0.00940413 -0.00111068 0.000507741 -0.0145832 -0.0152506 0.00131242 -8.95084e-05 -0.000346385 -0.00340922 1.01442e-05 -0.00701467 -0.00499828 -0.000119722 -0.00194789 -0.00128824 -0.00230532 -0.00381379 -0.000464779 -0.00408935 -0.000435659 0.00016659 -0.00205745 0.00206229 0.0112778 -0.00185357 0.000423683 -0.0153331 0.0158626 -0.0205158 -0.000254742 -0.000936423 0.000174267 0.00399785 -0.000463182 0.0131383 0.00075172 0.0157476 
0.000334379 -0.0180059 0.027925 -0.0333425 0.0115925 0.00694505 1.9773e-05 0.00830235 -5.73633e-06 0.00777255 0.0160542 0.00694194 0.0038318 0.0131691 -0.0397542 -0.00930606 0.00390346 0.00653651 0.0622327 -0.010092 -0.0397748 0.00274471 0.0243982 -0.0322049 0.000650328 6.39083e-05 0.00111636 -0.000194659 -0.00830811 -0.029027 0.00023839 -0.00348977 1.68695e-06 0.00462967 -0.00175901 0.00159702 -0.0330423 0.00226668 0.00475456 -0.000210858 0.00176887 -0.0034568 0.00189844 -4.24208e-05 0.0223152 0.00568476 0.00105575 -0.004024 0.00433327 0.0121193 0.0002386 0.00827986 -0.0350643 -0.010333 0.00735621 0.00354767 -0.000995884 0.00952839 0.00208913 -0.0301569 0.0121399 -0.015545 0.00422213 -0.00378291 -0.000335972 -0.00495957 -0.029533 -0.01425 0.00343641 0.00235409 0.00591018 -0.0025704 0.000866542 -0.0216541 0.0243495 8.37727e-05 0.000290183 -0.0008715 -0.0121322 -0.00228857 0.0105877 0.000616162 0.00384682 0.0384281 0.00573046 -0.000489009 0.00333843 0.0158035 -1.702e-06 -0.0251369 0.0117182 -0.0193704 0.00470221 0.00820233 -7.88458e-05 0.0196842 0.00286329 0.00466798 0.00681676 0.0066944 
0.000107931 -0.0519262 -0.0190077 -0.0296502 -0.0131261 -0.00447629 -6.09741e-06 -0.00491699 1.42069e-05 0.0398697 0.0483535 -0.00165964 -0.00112186 -0.00524683 -0.0198748 0.0115799 -0.00910267 -0.005576 -0.010092 0.148415 0.0112712 0.00832205 -0.00216133 -0.000827657 -0.0284726 0.000102304 -0.00211693 0.00350983 0.0614861 0.00944584 0.00389219 0.0474104 2.29368e-05 -0.0012044 0.00586653 -0.000826942 -0.022593 -0.00102883 0.00178179 -0.000481699 -0.000208524 0.0415089 -0.00676533 0.00131282 -0.00395534 0.0364339 -0.000206851 0.0129511 -0.00062827 -0.00649483 -0.00161286 -0.00246354 -0.0528107 0.0211277 -0.00251164 -0.00241543 0.00442762 -0.00206742 -0.00175335 -0.0238684 -0.00183533 -0.0042467 -0.0034497 0.00564073 -0.00923983 0.000228066 -0.0302697 0.0144816 0.00192884 -0.000445622 0.00324457 -0.0159226 -0.000208918 0.0338453 -0.0165574 -0.000515091 -0.00784224 0.00295368 -0.00807544 -0.033614 -0.00311703 -0.0197954 -0.00197191 -0.0193136 -0.00856602 -0.00158365 -0.00284476 -0.0103485 -0.000383432 -0.00986086 -0.00347318 -0.0398338 -0.0017933 0.00245347 -0.000701292 0.000676711 0.00175132 0.0207833 -0.000813954 -0.00731828 
-7.7683e-05 -0.00907677 -0.0218005 0.0524385 -0.0049446 -0.0154554 -9.4539e-06 -0.00846444 -5.5268e-05 -0.000109317 0.00960834 -0.0460963 -0.0041642 -0.029478 0.0563982 0.00884818 -0.00317381 -0.00170527 -0.0397748 0.0112712 0.114326 -0.0375937 -0.0191863 0.0333113 0.0135214 -3.73853e-05 -0.00815326 -0.00267123 0.0242935 0.0671608 -0.000138189 0.00662059 -4.58194e-05 -0.00563985 -0.0129148 -0.00433906 0.0572006 -0.00103211 -0.00478435 0.000492985 -0.00133865 -0.0178476 -0.0317261 -0.000586666 -0.0178989 0.0108569 -0.00174744 0.034129 -0.00514532 -0.0341538 -0.00253383 -0.0126472 0.0366986 0.0278942 -0.00533497 -0.00416858 0.000178678 -0.0520054 -0.00100159 0.0528867 -0.0175788 0.0110201 -0.0123363 -0.0259644 0.00311942 0.00778588 0.0490011 0.0395764 -0.00602277 -0.00230553 -0.00800832 0.00966215 -0.000579672 0.0453693 -0.0502262 -0.00232565 -0.000472425 -0.0348458 -0.0311958 0.00228881 -0.0127093 -0.00218 -0.0104755 -0.0635642 -0.00382759 -0.00375196 -0.000306365 -0.0401848 -0.000212514 0.055073 -0.00917195 0.0457195 -0.00432484 -0.00590608 -0.000169889 -0.0279179 -0.00166972 0.000449872 -0.00995185 -0.0299568 
-0.000181939 0.01013 -0.000801045 -0.0442998 -0.00457616 0.00967034 6.46614e-06 0.0041008 4.96292e-05 0.00455048 -0.0108887 0.047359 -0.000190889 0.0147557 -0.0437801 -0.0136941 -0.00400609 -0.00248266 0.00274471 0.00832205 -0.0375937 0.0629603 -0.00284381 0.000707587 -0.0131096 1.68471e-05 0.00364737 0.00513724 -0.000461633 -0.0443135 0.000824845 0.00547714 3.74118e-05 -0.000400432 0.0186624 8.37805e-05 -0.0466608 0.00141754 0.0028389 -2.25514e-06 -0.000226813 0.0307167 0.0298213 2.475e-05 -0.00082512 -0.00853509 5.97662e-05 -0.0174959 -0.000361469 0.0194899 -0.000936232 0.00270509 -0.0152346 -0.00789389 -0.000922049 -0.00103065 0.00308849 0.0468402 -0.000608592 -0.0429684 -0.0012075 -0.0155109 0.00470421 0.035842 -0.00749852 0.00494347 -0.0440933 -0.010436 -0.00040294 0.000103713 -0.00179065 -0.00667104 -4.16347e-05 -0.018481 0.0337829 5.15002e-05 -0.00155018 0.0412337 0.0342417 -0.0111732 0.00171585 -0.008048 0.00212107 0.0302928 -0.00209919 -0.00059155 -0.000383925 0.0231272 2.33594e-05 -0.0383967 -0.00179427 -0.0427632 -0.000317516 0.00251628 -0.000415566 0.00448612 0.00176874 -0.00115536 -0.000921913 0.0258687 
0.000650192 -0.0120207 0.00423838 -0.0238833 5.16653e-05 -0.000157924 -2.81507e-07 0.0143825 -4.45434e-06 0.00971806 0.0279233 -0.00185809 0.00543757 0.00663054 -0.0203736 -0.00423575 0.00861457 0.0114924 0.0243982 -0.00216133 -0.0191863 -0.00284381 0.0447572 -0.0187537 -0.00695484 1.24621e-06 0.000328658 -0.000309937 -0.00376206 -0.0179577 -7.61004e-05 -0.00118403 -4.07976e-06 0.00400992 -0.000179631 -0.000248664 -0.0130908 0.000431083 0.00327783 -0.000147753 0.00121247 -0.00361589 -0.00131773 -3.96844e-05 0.0134651 -0.00189182 2.14666e-05 0.00221356 0.00364709 0.0026315 -0.000114942 0.00632432 -0.0291738 -0.00252644 0.00523032 -0.000665309 -0.000904126 0.00257988 0.00635689 -0.0216531 0.0103707 -0.00383159 -0.000624301 -0.00235501 -0.00532492 -0.00205779 -0.0221471 -0.00699788 0.00607119 0.00137239 0.00524513 0.00446085 0.000477713 -0.00485651 0.00772962 -5.41434e-05 -0.00163751 -0.00258578 -0.00916906 -0.00670526 0.00320961 -0.00525134 0.00203598 0.0166306 -0.00112156 -0.000377238 0.0028603 0.00196384 0.000278904 -0.0168541 0.0139929 -0.0269925 0.000274317 0.00507361 0.000301275 0.0198795 0.000479811 0.00705836 0.00285428 0.00759439 
-0.00011672 0.0155639 -0.00933112 0.0164719 -0.000868157 -0.00124652 -2.07775e-05 -0.00417478 -1.02427e-05 -0.0022824 -0.0144866 -0.00269695 -0.00378344 -0.0124385 0.0182146 -0.000974318 -0.000907116 -0.00242286 -0.0322049 -0.000827657 0.0333113 0.000707587 -0.0187537 0.0497704 0.00744344 -4.18221e-05 -0.00147215 -0.000448697 0.0101775 0.0173331 -7.06599e-05 0.000536881 -1.37206e-05 -0.00531047 0.00113749 -0.00132406 0.0117261 -0.0030887 -0.00354969 0.000133493 -0.00134886 0.00116016 -0.000454498 -0.0012909 -0.0140649 0.00685716 -0.000855099 0.0142289 -0.00528048 -0.00704342 0.000661626 -0.00404676 0.0246654 -0.000516307 -0.00884023 -0.00414642 0.000688144 -0.00489418 -0.000398206 0.0131765 -0.0122858 0.00393851 -0.00284427 0.00107539 -0.000890707 0.00233562 0.0111402 0.0039609 -0.00678626 -0.00240286 -0.00759862 0.0015125 -0.00075286 0.00610644 -0.00645136 -4.38279e-05 0.000430517 0.00169342 0.0113254 0.001989 -0.00890399 -0.00217396 -0.00288385 -0.0173661 0.000859724 0.000339334 -0.00419506 -0.00852826 -0.000215829 0.0180002 -0.012215 0.0179945 -0.00584903 -0.0113912 0.000220518 -0.0195859 -0.00551617 -0.00321153 -0.00524856 -0.00349987 
-1.51356e-05 -0.0273795 0.0806285 -0.0338062 0.0736789 0.00404649 -6.049e-06 -0.0056587 -2.464e-05 -0.0138027 -0.031635 -0.0134889 0.000423521 -0.00688949 -0.0495098 -0.0469491 0.044704 -0.00775503 0.000650328 -0.0284726 0.0135214 -0.0131096 -0.00695484 0.00744344 0.189139 -3.03134e-05 -0.00337225 0.00331396 -0.0539514 0.0127307 0.000362275 -0.0117063 -1.24092e-05 -0.00116325 -0.00639095 -0.00156736 -0.0572956 -0.000116936 -0.00215684 -0.000443302 0.000541426 -0.0202835 -0.00877398 -0.000273416 0.00142311 0.0346341 -0.000276121 0.0377598 -0.000758095 -0.00133597 0.00890398 -0.000880337 -0.0127214 -0.0173383 -0.00348345 -0.00360838 -0.00394569 -0.010603 -0.000882219 -0.0161969 0.000261882 -0.0371833 -0.00360503 -0.0238913 -0.00969874 -0.00219435 -0.0548892 0.0149244 -0.00151125 -0.000446549 -0.00540227 0.0126314 -0.000214217 -0.0552263 0.0420226 4.70122e-05 0.0300552 -0.0146741 -0.0585828 0.0531006 0.00363208 0.00984187 0.000703081 0.0402635 0.0338379 0.00370579 -0.00450822 0.00286843 0.00022777 0.00778168 -0.00648846 0.0612532 -0.00192734 -0.00136376 0.00318346 -0.0086684 0.000382222 -0.00769976 0.00120893 -0.0126374 
-1.07083e-06 -0.000121184 0.000136828 -0.000197766 0.000209588 -2.31439e-06 -1.67754e-08 2.5205e-06 4.81583e-07 0.00023878 0.000102667 -1.68167e-05 2.17201e-06 -1.32342e-05 -0.000195312 -8.99356e-05 0.000163758 7.90255e-06 6.39083e-05 0.000102304 -3.73853e-05 1.68471e-05 1.24621e-06 -4.18221e-05 -3.03134e-05 0.000382011 -5.41386e-06 0.000231483 4.4739e-05 -2.96947e-05 5.66772e-09 8.42322e-05 2.83082e-07 2.2444e-06 -1.98161e-06 -1.06274e-06 -0.000220298 -3.35671e-06 -1.24013e-06 1.77734e-06 7.87961e-07 -2.05256e-05 -5.02685e-06 -4.29973e-07 4.56109e-05 0.000210476 6.64459e-06 -7.91575e-05 -1.06918e-06 -4.17256e-06 4.70028e-05 1.97274e-06 -0.000147654 -8.93423e-05 -4.14558e-08 1.38548e-06 -6.89398e-06 -2.54829e-05 -3.04583e-06 8.55339e-05 4.90971e-06 -8.28255e-05 -7.31283e-06 4.14049e-05 -4.17036e-05 0.000120725 -0.000195351 -0.000127475 -1.28637e-06 -9.14606e-07 -8.19752e-06 -3.79452e-05 8.44139e-08 -0.000143273 2.82992e-05 -1.1502e-06 -1.19414e-05 3.56696e-05 -8.60412e-05 -4.41319e-05 -5.70465e-06 -3.82709e-05 -4.78416e-06 5.24022e-05 1.47074e-05 4.73858e-05 4.38455e-05 -1.07198e-05 6.19597e-07 -0.000219984 -7.39217e-06 -0.000106547 1.6905e-06 -8.91363e-06 1.53349e-05 -3.98747e-06 -3.82586e-06 -1.61392e-05 6.40894e-07 5.96847e-06 
0.000209411 0.00105926 -0.000825187 -0.00684298 -0.00176983 0.00750891 7.75041e-06 -0.000325985 1.6471e-05 -0.00106788 -0.00376844 0.00614361 -6.39165e-05 0.00628883 -0.00693803 -0.00327584 -0.000702496 0.0010462 0.00111636 -0.00211693 -0.00815326 0.00364737 0.000328658 -0.00147215 -0.00337225 -5.41386e-06 0.0144318 -0.000137609 -0.00243357 -0.00833228 -5.01544e-05 -0.000777295 1.96774e-05 0.00103485 0.00252369 0.00190123 -0.00728366 0.000158699 7.51503e-05 1.53302e-05 -5.09954e-05 0.00140383 0.00177226 9.16261e-05 -0.000309571 -0.00406348 0.000395292 -0.00319049 0.000702782 0.0093229 0.000879797 -0.000102283 -0.00237137 -0.00371999 -0.000148263 0.000417994 0.000242756 0.00900281 0.000620522 -0.00630098 0.00143021 -0.000183567 0.00493235 -6.39546e-05 -0.00136375 0.00331034 -0.00615019 -0.00427257 -0.000118684 0.000435242 -0.000418779 -0.00112245 -1.45884e-05 -0.00605117 0.00204186 4.18467e-06 -0.000362776 0.00448673 0.00303769 -0.00024199 -3.0619e-05 0.00217471 0.000522142 0.00541699 -0.000701227 0.00294859 -0.000268763 0.00856123 0.000227906 -0.010044 0.00078321 -0.00613625 -2.58884e-05 0.00187274 -7.43657e-05 0.000696123 0.00122095 -0.000337159 0.00131782 0.000148409 
0.000192561 -0.0037204 0.00635498 -0.00994576 0.00674299 -0.000184985 2.59423e-07 0.000410729 2.10036e-06 0.000195739 -0.00357258 0.00414687 -3.0469e-05 -0.000477263 -0.0103914 -0.00368523 0.00726523 -0.000684561 -0.000194659 0.00350983 -0.00267123 0.00513724 -0.000309937 -0.000448697 0.00331396 0.000231483 -0.000137609 0.015852 -0.00133303 -0.0035501 -5.9054e-05 0.000455307 3.1593e-05 -9.69463e-05 0.00410036 -0.000129223 -0.0111371 -9.75058e-05 -0.000127496 -3.59862e-05 -5.02137e-05 0.00432824 0.00106313 0.000829421 0.00019317 0.00493553 -2.27683e-06 -0.00562377 0.000190992 0.000531655 0.00255104 -6.57897e-05 0.00186614 -0.00304513 -0.000208489 -0.000255671 0.000356114 0.0048491 -0.000213802 -0.0014923 -0.000286701 -0.00368218 -0.000142216 0.0039629 -0.00163969 0.00506853 -0.0103786 -0.00462449 -8.36869e-05 2.38252e-07 -0.00044585 -0.00159807 -1.80729e-05 -0.00555353 0.00587879 6.22847e-05 -0.000263365 0.00497673 0.00186912 0.00046056 -0.000141709 -0.00176979 0.000302967 0.000595284 -0.000175424 0.00110372 3.10928e-05 -0.000763893 -2.90349e-05 -0.00618245 -0.000397442 -0.00271545 -0.000164463 0.00062289 -8.51371e-05 -0.000428693 0.000818586 -0.00055836 -0.000257023 0.000972487 
0.000651446 -0.0683991 -0.0341313 -0.00154014 -0.0267477 -0.00791929 -5.34511e-06 -0.000509865 3.05667e-07 0.0372584 0.0764447 -0.00947369 0.00330758 -0.00684076 -0.0183221 -0.0402351 -0.0212091 -0.000523165 -0.00830811 0.0614861 0.0242935 -0.000461633 -0.00376206 0.0101775 -0.0539514 4.4739e-05 -0.00243357 -0.00133303 0.202703 0.016938 0.00335881 0.0349125 2.31962e-05 -0.00183815 0.00087958 -0.00166658 -0.00229071 -0.00291088 0.00246116 0.000589772 -0.000518258 0.0295532 -0.0102356 -0.000324511 -0.00147818 0.0803443 -0.000409967 0.0682421 -0.00170205 -0.0131093 -0.00347517 -0.00402648 -0.0171704 -0.00514965 -0.00188213 -0.000725209 0.00652717 -0.0130667 0.000926226 0.00588663 -0.00683789 -0.0641862 -0.00402886 -0.0122211 0.0440726 0.00558251 -0.00955057 -0.0181024 -0.000646933 -0.000760716 0.001246 -0.0149214 -0.000299379 -0.0165748 -0.0388948 -0.000789435 -0.0123416 -0.000403422 -0.0241267 -0.0525174 -0.0048828 0.000842883 -0.00366791 -0.0367788 -0.0136869 -0.00298292 -0.00448522 -0.0155178 -0.000480867 0.0206341 -0.000689909 0.0010664 -0.000452438 -0.00208283 -0.00132242 -0.00196753 -0.00155453 0.024217 -0.00450989 -0.00431912 
-0.000188791 -0.01697 -0.0180599 0.0638148 0.000477127 -0.0197703 -5.45438e-06 -0.0190949 -7.88209e-05 -0.00571039 -0.000654957 -0.0525335 -0.00290375 -0.028774 0.0676822 0.0174002 -0.000366807 -0.0168044 -0.029027 0.00944584 0.0671608 -0.0443135 -0.0179577 0.0173331 0.0127307 -2.96947e-05 -0.00833228 -0.0035501 0.016938 0.10179 -0.000500655 0.00733991 -5.85354e-05 -0.00564295 -0.0192147 -0.00424689 0.0719017 0.000230684 -0.00377742 -0.00128871 -0.000986469 -0.0225627 -0.0345034 0.000126298 -0.0131153 0.0157513 -0.00150754 0.0133147 -0.00428461 -0.0382982 -0.00347531 -0.00987473 0.0313347 0.0309708 -0.00535203 -0.000335543 -0.00280566 -0.0621371 -0.00468301 0.0553024 -0.010685 0.0248055 -0.00817674 -0.0427148 0.00908146 0.00174912 0.0668059 0.0397395 -0.0025392 -0.00219415 -0.00733168 0.00466598 -0.000201721 0.0459257 -0.047341 -0.00191306 0.00143408 -0.0407932 -0.0281565 0.0151979 -0.00980425 0.0116246 -0.00670331 -0.0610288 0.00107575 -0.00514176 -0.00809081 -0.0398804 -0.000304433 0.0633147 -0.0142126 0.06059 0.000820857 -0.00325613 -0.000628477 -0.0243736 -0.00138496 -0.00540671 -0.0101112 -0.0417237 
-1.18637e-06 -0.00211965 -0.000455392 -0.00347714 -0.000489152 0.000694927 -2.31265e-07 1.33131e-05 -6.51752e-07 0.00458325 0.00171258 -0.000289749 2.60983e-05 -0.000134689 -0.00421317 -0.00151078 -0.000670393 -0.000217885 0.00023839 0.00389219 -0.000138189 0.000824845 -7.61004e-05 -7.06599e-05 0.000362275 5.66772e-09 -5.01544e-05 -5.9054e-05 0.00335881 -0.000500655 0.00644134 0.00495845 2.07713e-06 0.000218423 -0.000144378 2.65272e-05 -0.0045371 -4.24081e-05 0.000400183 -8.35855e-06 0.000121272 0.0034405 -0.000182445 6.65997e-05 -0.000141917 0.000355208 -1.07546e-05 0.000491562 0.000102794 0.000910731 -8.09973e-05 -8.5292e-05 -0.00367269 0.00284417 -9.28706e-05 -8.77377e-05 0.000864999 0.000483541 5.88316e-05 -0.00412763 -3.8476e-05 -0.00152559 -0.000116661 -0.000449582 -0.000761141 -0.000501405 -0.00421371 0.00306887 -4.74355e-05 3.3565e-05 -0.000144894 0.000616685 6.02573e-05 0.0022528 -0.000925674 0.000239137 -0.000235212 -0.000186312 -0.00127751 -0.00115021 0.00012336 -0.00037552 0.000196416 -0.000316007 -1.42293e-05 -4.82127e-05 -0.000130699 0.000784168 6.72537e-06 -0.00251129 -0.00016561 -0.00379666 -6.91316e-05 -3.40533e-05 7.37359e-05 -0.000241013 0.000125097 0.00167102 0.00025316 -3.31641e-05 
-8.52247e-05 -0.0241211 -0.0108614 -0.0346928 -0.0064088 -0.00155594 -2.04961e-06 0.000114028 -5.53844e-06 0.046659 0.0412705 -0.00404245 -0.000512278 -0.00230722 -0.0360548 -0.0160077 -0.00682438 -0.00211523 -0.00348977 0.0474104 0.00662059 0.00547714 -0.00118403 0.000536881 -0.0117063 8.42322e-05 -0.000777295 0.000455307 0.0349125 0.00733991 0.00495845 0.0660817 1.75834e-05 -8.31166e-05 -0.000554518 -0.000320591 -0.0315459 -0.00076647 0.00259472 -0.000274623 0.000269529 0.0393418 -0.0027565 0.00152181 -0.00148591 0.0247541 -6.05753e-05 0.0281643 0.000109151 -0.00146525 -0.000943167 -0.00107757 -0.0464499 0.0447093 -0.000464656 -0.00115327 0.00125174 -0.0033099 0.00021089 -0.0349474 -0.00144824 -0.0164299 -0.00134569 -0.00346336 -0.00819963 -0.00369984 -0.0427296 0.0408447 -0.000509785 -0.000102648 -0.00170133 0.00275107 0.000141935 0.0342151 -0.0085298 2.00762e-05 -0.00309292 -0.00302271 -0.0160944 -0.0138272 -0.00117919 -0.00839353 -0.000442135 -0.0101363 -0.00324501 -0.000653049 -0.000901906 -0.003697 4.51247e-05 -0.0187183 -0.00168901 -0.046554 -0.000702261 0.00506787 0.000987284 -0.00258273 0.00319515 0.024809 -0.000341007 -0.00309683 
1.33361e-06 -1.83503e-05 -1.08553e-05 -4.74557e-05 -3.42203e-06 2.9935e-05 -4.62349e-09 -2.33133e-06 2.60785e-08 7.79937e-07 -2.13157e-05 2.70323e-05 4.24133e-06 2.57981e-05 -6.27235e-05 -2.07729e-05 -5.96746e-06 5.23405e-06 1.68695e-06 2.29368e-05 -4.58194e-05 3.74118e-05 -4.07976e-06 -1.37206e-05 -1.24092e-05 2.83082e-07 1.96774e-05 3.1593e-05 2.31962e-05 -5.85354e-05 2.07713e-06 1.75834e-05 0.000105316 2.33242e-05 3.55913e-05 1.94479e-05 -6.85502e-05 -6.99946e-07 3.90505e-06 9.33758e-06 4.58669e-08 1.46797e-05 -9.67919e-07 2.34753e-06 -2.51605e-06 -1.82819e-05 1.90769e-05 -2.26097e-06 1.81893e-05 4.44023e-05 -1.47971e-06 -5.59032e-08 -2.99553e-05 -2.4928e-05 -6.35897e-07 -7.04288e-07 1.73483e-05 5.21179e-05 -1.27872e-06 -6.22322e-05 2.26927e-05 -2.34242e-05 1.32778e-05 1.52194e-05 -1.19212e-05 2.69115e-05 -6.33515e-05 -3.17958e-05 -4.31427e-07 -2.57328e-07 -2.77726e-06 1.54104e-06 5.29606e-07 -4.27301e-05 1.74171e-06 2.73299e-06 8.58613e-06 3.37736e-05 2.75502e-05 -1.94945e-05 -6.19031e-07 -1.14653e-05 2.74124e-06 2.56856e-05 -2.85124e-06 -5.03587e-07 -1.27612e-06 4.39988e-05 8.06116e-06 -6.37704e-05 9.39122e-06 -5.31962e-05 -9.58714e-07 3.14527e-06 -4.94062e-08 -2.91871e-06 1.56379e-06 7.40143e-06 7.98095e-06 -4.37944e-06 
-1.87667e-05 -0.000379966 -0.000151564 -0.00406727 -0.000662232 0.00035871 -1.51659e-07 1.10097e-05 4.81977e-07 -0.000193326 0.00207347 -0.000101547 -1.0276e-05 0.00509382 -0.00457103 -0.00167796 -0.000120135 0.000865039 0.00462967 -0.0012044 -0.00563985 -0.000400432 0.00400992 -0.00531047 -0.00116325 2.2444e-06 0.00103485 -9.69463e-05 -0.00183815 -0.00564295 0.000218423 -8.31166e-05 2.33242e-05 0.00712428 -0.000139174 0.00110208 -0.00422928 0.000127355 0.000521362 -5.46544e-06 -2.42521e-05 -0.000526282 0.000246852 -8.07913e-07 -6.69223e-05 -0.00192298 0.00103732 -0.000461394 0.00472938 0.00519113 0.000158808 -9.44904e-05 -0.0042516 -0.00191888 0.00180279 -1.43519e-05 -0.000138786 0.00388742 0.000702666 -0.00340639 0.00542833 -0.00158303 0.000113597 -7.16742e-05 -0.000739492 -0.000617916 -0.00398277 -0.00264467 0.000338625 0.00181407 0.000411898 -0.000132593 0.000144781 -0.00299181 -0.000365246 0.000245433 -0.000158205 -0.000215472 -0.00146166 -0.00128094 0.000405519 -0.000541776 0.000404987 0.00404491 -0.000106363 0.000477994 0.000333523 0.00474743 1.7889e-05 -0.00475195 0.00404763 -0.00427401 -4.28154e-05 0.0033151 -1.42271e-05 0.00328876 0.000505658 -0.000260853 0.00110058 0.000633213 
