0.00194565 -0.000166703 0.000998355 5.88443e-06 0.000161221 -4.90272e-05 0.00018237 0.00033285 -7.6997e-05 -0.000361054 -2.15016e-05 0.000883924 -0.000427734 -0.00104664 0.000749505 5.75475e-05 -0.000751991 -2.27771e-06 -0.00111086 -0.000150531 -9.76272e-06 -0.00129338 0.0005967 -1.42564e-06 3.14801e-06 1.46941e-05 -3.09944e-07 0.00032605 0.00117436 -1.00371e-05 -1.8524e-06 -0.000280185 1.27545e-05 -0.000637417 -0.000806601 -0.000920005 -3.49167e-06 -2.40039e-06 -1.72221e-07 0.0002 3.98855e-05 -0.000200988 5.14666e-05 1.91818e-06 -0.000789758 -1.98367e-05 -4.35007e-06 -2.13198e-05 -1.30613e-09 -0.000817365 -6.80749e-06 2.10346e-06 0.000698798 5.89912e-05 -9.87918e-05 5.00933e-05 1.72484e-07 -3.39847e-05 -4.91952e-07 -4.6311e-05 2.8208e-07 -8.4627e-05 -0.000103039 -2.59927e-10 3.23792e-05 2.84146e-05 1.89144e-05 5.27645e-05 0.000501121 -0.000215272 -8.06435e-07 -0.000225418 7.15756e-06 -3.16084e-07 -0.000197795 1.76787e-07 -0.000248287 -2.98369e-05 6.25358e-07 0.000964958 -2.74003e-05 5.17053e-05 -0.000953834 5.31064e-06 -1.13028e-07 5.26673e-05 -6.04849e-08 0.000141888 0.00112784 0.000210411 -1.15344e-05 8.41353e-05 2.13343e-05 1.68701e-06 -0.000457057 0.000796363 3.9028e-05 3.97115e-05 4.47761e-07 -6.69311e-09 
-0.000166703 0.0956823 -0.00162166 -2.03299e-05 -0.00291475 0.0220663 -3.32155e-05 -0.00251103 -0.00456599 -0.0242067 0.0262626 0.00123912 -0.0273638 -0.0201643 -0.00108513 0.0161318 0.0335425 4.28386e-05 0.0219797 0.022228 0.000578796 0.00507448 -5.77473e-05 0.000440399 3.92511e-05 -0.00110869 -4.58173e-05 -0.000137516 -0.0245887 0.00133069 0.0024847 0.0333606 -0.022568 0.0149769 0.0251983 -0.0400188 -0.000305896 -0.000172859 -6.91083e-06 -0.0137773 -4.74128e-05 -0.022659 -0.000518223 -0.000322027 -0.0410245 -0.000975928 -0.000270814 -0.00204663 -5.18019e-08 0.0134686 -0.000939085 5.43348e-06 -0.00941827 -1.73711e-05 -0.00588453 -0.00131939 -3.5283e-06 -0.000456486 -0.000307744 0.00308753 6.50005e-05 -0.00480464 0.0204957 -1.42889e-08 -5.95182e-06 6.00694e-05 -0.00212032 0.00184687 -0.00147362 0.071236 -4.41622e-05 -0.0110297 -6.35755e-06 -1.71594e-05 -0.0166143 1.00177e-05 -0.0185601 -0.00260572 -1.65777e-06 -0.000253495 -0.00352451 -1.77197e-05 -0.000232692 1.01826e-05 -0.000576974 0.00023591 -1.09504e-06 -0.0204053 -0.0208993 0.000631687 -0.00098639 -2.23804e-05 -0.00364782 -0.0221728 -0.0307374 -0.000442977 -1.92135e-05 0.00106079 3.80502e-06 -3.21274e-07 
0.000998355 -0.00162166 0.0158816 2.84277e-05 -0.000318422 -0.000417164 0.000176401 0.00136483 -0.00068281 -5.68146e-05 -0.00248124 0.00572767 -0.00364116 -0.00747113 0.00717356 -0.00590837 -0.00711148 -1.19531e-05 -0.00945428 0.00346035 -0.000447482 -0.00605463 0.000668764 -1.20563e-05 -1.89221e-05 0.000602731 0.00019852 0.000814976 0.00296193 1.27941e-06 4.64238e-06 -0.00768198 -0.00100605 -0.00724399 -0.00866125 -0.00112099 -4.08423e-05 0.00155183 6.06124e-08 0.0027614 1.50247e-05 0.00268847 -0.000149653 0.00237091 -0.00568117 -6.87937e-05 0.0022808 -3.04962e-05 1.58514e-08 -0.0036302 2.47112e-05 -1.80491e-06 0.00549976 0.000122833 -0.00027224 -0.000203754 2.56585e-05 0.00196034 0.00219682 -0.000878664 0.000118177 0.00107824 0.000270743 -2.15229e-09 0.000325369 0.00184612 0.00127675 -4.87497e-05 0.00055038 -0.00105381 -6.57759e-06 -0.00146898 1.10438e-05 2.07394e-05 0.00116525 -1.70215e-07 0.00163291 -0.000212965 -2.52577e-07 0.00145535 0.00320318 1.64671e-05 -0.00228068 1.08587e-05 0.00193334 0.000276206 -2.54171e-07 -0.00291695 0.00541688 0.000236719 -0.000111718 0.000201826 0.00482502 0.00232857 -0.004148 0.00412069 0.000744388 1.24029e-06 9.6984e-07 4.54579e-07 
5.88443e-06 -2.03299e-05 2.84277e-05 0.00019091 2.72855e-06 -4.97043e-06 4.62236e-06 -7.45611e-06 -7.81246e-06 -2.31646e-05 -9.47388e-05 3.11543e-05 -2.88055e-05 2.02825e-05 3.52769e-05 -3.48531e-06 2.01604e-05 6.74685e-07 2.23225e-05 -3.00726e-05 -2.98766e-06 -0.000120575 5.11049e-05 -1.6576e-07 2.2601e-06 2.44173e-05 1.45559e-05 5.97537e-06 -3.20708e-05 -3.95443e-07 -1.76514e-06 -9.51647e-05 -3.76887e-05 -4.46658e-05 -0.000112545 3.12422e-05 4.33428e-08 -3.1021e-07 4.23131e-07 -3.67234e-05 1.31032e-06 -1.6784e-05 -1.08372e-06 -5.77097e-07 -4.65025e-05 -8.93963e-07 -4.82896e-07 6.10197e-05 -1.27934e-10 -7.05952e-05 1.21412e-05 -8.63603e-09 6.25506e-05 -3.38377e-08 9.23466e-06 -2.84249e-06 6.37047e-07 -2.10295e-06 -2.74188e-07 3.94824e-05 -4.64853e-08 -8.02785e-06 -3.03359e-05 -2.54596e-11 1.87414e-08 -5.09668e-07 0.000116027 2.78036e-07 -2.66607e-06 -2.25596e-05 -7.89895e-08 5.35566e-05 -1.16662e-08 -3.09601e-08 -4.89076e-06 -3.90613e-09 -9.37731e-06 -4.73357e-06 3.336e-07 1.46475e-06 0.000109727 2.64536e-07 1.13204e-05 -2.19996e-07 -9.54645e-07 5.57215e-07 -5.92444e-09 -3.96941e-05 -2.13338e-05 2.37224e-06 2.60133e-05 4.05017e-06 -9.62317e-06 -1.43543e-05 -1.53018e-05 2.79609e-05 1.37066e-07 -8.25216e-08 -5.44325e-09 -6.55584e-10 
0.000161221 -0.00291475 -0.000318422 2.72855e-06 0.0443018 -0.000901271 4.0461e-05 -0.000909817 -0.0018091 -0.00844777 -0.00939211 0.00943288 -0.0118914 -0.00736939 0.000293583 0.00577118 0.005274 0.000157371 0.0106077 -0.00191088 0.000171374 -0.000422549 0.000143297 -3.70887e-05 0.000156063 0.00325677 -1.81384e-05 -0.0003733 0.0152726 -0.000242091 -0.000365395 0.0125626 -0.00925878 0.00243689 0.00113857 -0.0206523 -0.000139285 3.38576e-05 3.38887e-06 -0.00937705 0.000205602 -0.0091224 -7.4557e-05 0.00051076 -0.0196646 -0.000271981 0.000112894 -2.74378e-05 -3.11284e-08 -0.00837916 0.000336717 6.12994e-05 0.000686914 3.03268e-05 -0.00249972 0.000533494 -7.9963e-07 0.000702852 0.000120586 0.00850235 -9.71729e-06 -0.00207052 0.0116254 -6.19471e-09 -3.0005e-05 -0.00012632 0.00864253 6.54079e-05 -0.000602128 -0.0030498 -1.42261e-05 0.00230446 5.18914e-05 -7.29642e-06 -0.00390986 -5.37091e-07 -0.0067276 -0.00112592 3.37718e-06 0.000394098 0.0167817 2.05821e-05 0.00683389 -5.15585e-05 0.00121246 -3.07979e-05 1.11182e-06 0.00439143 -0.0104144 -0.000111054 -0.0004301 -8.51248e-06 0.000847507 -0.00868932 -0.0119673 -0.000146316 9.4219e-05 2.29559e-05 -6.3443e-07 2.30486e-07 
-4.90272e-05 0.0220663 -0.000417164 -4.97043e-06 -0.000901271 0.0254025 -8.78348e-06 -0.000400885 -0.00111048 -0.00499487 0.00688375 8.38467e-05 -0.00533098 -0.00720855 -0.000271247 0.00379375 0.00766178 -1.55618e-05 0.00616221 0.000869315 0.000122681 0.00064455 -9.05952e-06 0.000465014 -3.01561e-05 -0.000356328 -1.27922e-05 0.000674141 -0.00859472 0.000395299 0.00141644 0.0094196 -0.0055112 0.0037379 0.00634419 -0.0159191 -6.72152e-05 -4.23406e-05 -9.10812e-10 -0.0055416 -1.43221e-05 -0.00556156 -4.40698e-05 -7.87867e-05 -0.00992047 -0.000176874 -6.5709e-05 -0.000973181 -1.74755e-08 0.000978835 -0.00022946 1.18311e-06 -0.00231367 -4.1988e-06 -0.00113882 -0.000375786 -7.72067e-07 -0.000287919 -7.48826e-05 0.00165538 7.36402e-05 -0.00105449 0.00532433 -3.47771e-09 -1.01116e-05 0.000228894 -0.000578608 0.00147527 -0.000342619 0.0208376 -1.07898e-05 -0.00310864 -1.59357e-06 -4.22907e-06 -0.00411626 7.69977e-06 -0.00440088 -0.00064213 -4.1889e-07 -7.72203e-05 -0.000940431 -4.24896e-06 -0.0100589 9.07924e-05 -0.000143181 2.98463e-05 -8.09263e-07 -0.00572086 -0.00453555 5.79156e-05 -0.000258005 -5.68749e-06 -0.00116203 -0.00541605 -0.0065405 -0.000115669 -3.80192e-05 0.000438908 3.19313e-06 -8.9551e-08 
0.00018237 -3.32155e-05 0.000176401 4.62236e-06 4.0461e-05 -8.78348e-06 0.00033664 7.40378e-05 -3.82584e-07 -7.42346e-05 2.95677e-05 0.000228905 -8.63752e-05 -0.000219158 0.000143198 -0.000207776 -0.000149946 6.39731e-08 -0.000242659 -4.09112e-05 -8.21361e-07 -0.000248096 0.000179469 -2.92334e-07 -1.91637e-07 3.42215e-05 1.60568e-07 0.000133795 0.000221637 -1.08973e-06 3.55246e-07 -8.31456e-05 3.65545e-05 -0.000256356 -0.000249688 -0.000215034 -9.98324e-07 2.96247e-07 -2.97499e-08 4.73715e-05 1.88348e-05 3.01981e-05 -3.26376e-06 1.71156e-05 -0.000116851 7.04214e-06 8.19503e-06 -7.66252e-06 -2.25625e-10 -0.000215514 8.81651e-08 4.97089e-06 0.000168095 5.00324e-07 -1.84488e-05 2.17903e-05 1.18913e-07 2.65743e-05 3.42676e-06 1.51471e-05 -8.19815e-08 -1.05643e-05 -2.20241e-05 -4.49004e-11 2.9086e-05 -1.01818e-06 5.29407e-06 -3.65563e-07 5.84782e-07 -3.99306e-05 -1.39306e-07 -4.09039e-05 1.52694e-05 -4.60119e-09 5.74596e-05 2.19778e-07 1.78413e-05 -2.01812e-06 5.28126e-06 0.000199194 3.04245e-05 4.27e-06 -0.000257051 6.21868e-06 1.61003e-05 -1.92416e-07 -1.04483e-08 -1.03213e-05 0.000191924 -3.52744e-07 -2.8674e-06 1.65047e-05 -1.15462e-05 1.39967e-05 -8.81581e-05 0.000163672 1.30326e-06 8.13098e-07 6.07067e-07 1.8551e-07 
0.00033285 -0.00251103 0.00136483 -7.45611e-06 -0.000909817 -0.000400885 7.40378e-05 0.0416712 -0.00157006 -0.00746131 0.000974787 -0.00208756 -0.000446535 0.000754285 -0.000216956 0.0053652 -0.0130277 -8.09874e-05 -0.0101648 0.00391959 0.000168329 -0.000348398 0.000316174 3.37308e-05 -7.01505e-05 -0.000517253 -2.21722e-05 -0.000507445 -7.83098e-05 -0.00025432 -8.66005e-05 -0.0105973 -0.00843353 0.00434335 0.00161288 0.00754126 -0.000121403 -6.08092e-05 -1.73907e-06 0.0238181 2.15674e-06 -0.0087037 0.000103602 -1.78999e-05 0.0131971 0.000223778 5.31313e-05 -0.00148066 -2.91916e-08 0.012109 -0.00019786 4.50242e-06 -0.00369363 -1.73761e-06 -0.00182538 5.95789e-05 -1.35112e-06 -0.000416237 -9.04363e-05 -0.00140585 -1.05202e-05 -0.00144134 -0.010057 -2.47593e-09 -3.05307e-05 8.78664e-05 -0.000564665 -9.12476e-05 -0.000196561 -0.00230424 -1.72469e-05 -0.00309224 2.49014e-05 -6.14436e-06 -0.00432382 -2.41286e-07 -0.00725326 -0.00106819 1.83607e-07 0.00067723 3.5295e-05 1.35019e-05 0.00659719 1.46355e-05 1.83775e-05 -6.60962e-05 2.46152e-06 -0.00366316 -0.00641618 0.00108553 -0.000194101 -8.17192e-06 0.00621586 -0.00813864 -0.0059179 6.97124e-05 -5.99029e-05 -0.000150542 4.89798e-06 6.70781e-08 
-7.6997e-05 -0.00456599 -0.00068281 -7.81246e-06 -0.0018091 -0.00111048 -3.82584e-07 -0.00157006 0.0408402 -0.0100177 0.0130574 -0.00219914 -0.0110746 -0.02706 -0.00043968 -0.0235113 -0.0201901 -8.01958e-05 -0.0307503 -0.00718715 0.000236538 0.00263361 -7.87232e-05 2.61603e-05 -4.63361e-05 -0.000620739 -2.28039e-05 0.000146195 0.0282422 -0.000288362 -0.000389889 0.0204944 0.0335045 -0.0358075 -0.0303402 -0.0275048 -0.000136918 -6.88418e-05 -3.5754e-06 -0.0103599 -8.92916e-06 0.033405 0.00310365 -0.000128038 -0.0187478 0.00116161 -0.000104825 -0.00160775 2.68084e-07 -0.0293263 -0.000372814 -6.66594e-06 0.00656349 -6.63312e-06 -0.00233316 -0.000552317 -1.40451e-06 0.0113727 -5.4121e-05 -0.00280766 -6.88878e-06 -0.00165484 0.0116373 -5.68801e-09 -2.9203e-05 -0.000124304 -0.00096331 -0.000129463 -0.000509607 -0.00505688 5.2436e-05 -0.0051654 -8.66387e-07 -6.83357e-06 0.0341356 -3.09349e-07 0.0341227 -0.00102188 -6.38454e-07 -2.10957e-05 -0.00152736 -6.42174e-06 -0.0329066 -3.72734e-05 -0.000221523 -6.91357e-05 -1.3236e-06 0.0292688 0.0304424 -9.82117e-05 -0.000430848 -1.03072e-05 -0.00217005 0.033637 -0.0114248 -0.00020319 -6.61011e-05 -0.000156985 -1.2161e-06 -1.13133e-07 
-0.000361054 -0.0242067 -5.68146e-05 -2.31646e-05 -0.00844777 -0.00499487 -7.42346e-05 -0.00746131 -0.0100177 0.179892 -0.0835475 -0.0100961 0.0966359 0.0668339 -0.000745469 0.0321982 -0.000954316 -0.000126875 0.0588614 -0.0167114 0.000705566 -0.00694107 -0.000191215 -0.000142134 7.70281e-05 0.000850852 -0.000100034 -0.00272356 -0.073976 -0.000832229 -0.00157324 -0.103922 -0.0491718 0.0300171 0.0435966 0.0753361 0.00152955 -0.0003807 -1.05168e-05 -0.0465879 -0.000140555 -0.0481401 -0.00222411 -0.000642339 0.0536116 -0.00310162 -0.000593122 -0.00212373 -1.40931e-07 0.0638436 -0.00178614 -5.3053e-05 -0.0164461 -3.77067e-05 0.0316033 -0.00326825 2.10191e-05 -0.00745011 -0.000686727 -0.00135208 -2.22736e-05 -0.00353716 -0.0643677 -3.13627e-08 -9.64924e-05 -0.000524601 0.000937861 -0.000535874 -0.00325149 -0.0267573 -9.67578e-05 0.0479822 -1.28079e-05 8.68747e-05 -0.0354502 -4.48849e-06 -0.0410251 -0.00562716 -3.65431e-06 -0.000296463 -0.00190946 -2.74605e-05 0.0498498 -0.000214342 -0.00126701 -0.000373803 -4.73144e-06 -0.0565646 -0.0589036 -0.000687667 -0.00198598 -1.8083e-05 -0.00853963 -0.0466189 0.0675838 0.000286193 -0.000383279 -0.000801392 -6.30535e-06 -8.0759e-07 
-2.15016e-05 0.0262626 -0.00248124 -9.47388e-05 -0.00939211 0.00688375 2.95677e-05 0.000974787 0.0130574 -0.0835475 0.212638 0.0150228 -0.0986349 -0.0677183 0.00216669 -0.0411099 0.00321578 -0.000552064 -0.0675507 0.0116711 0.00116507 9.31056e-05 -0.000397722 0.000128527 -0.000150618 -0.00901668 -0.000206771 0.00297071 0.0762493 0.00190431 0.000956522 0.0940541 0.0594802 -0.0354037 -0.0392739 -0.0779003 -0.00207948 -0.00105599 -5.79745e-05 0.060124 -0.000177309 0.0605507 -0.00030764 -0.00195517 -0.0228438 0.00263955 -0.00157299 -0.00517331 5.88265e-08 -0.0783851 -0.00352947 -6.57789e-05 0.0141236 1.97847e-05 -0.0271983 -0.000241497 4.17779e-06 0.00534315 -0.00136919 -0.0167782 4.02233e-05 0.00818854 0.0161396 -9.24392e-08 0.000111984 -0.00082765 -0.0155102 0.000602028 0.00290838 0.0218235 0.000104876 -0.0576381 -3.51146e-05 -9.6964e-05 0.0359757 1.57752e-06 0.0518614 0.00608837 -1.23763e-06 3.49635e-05 -0.0238086 -6.46705e-05 -0.0602583 -0.00017586 -0.00196153 -4.08924e-05 -2.06406e-05 0.0342474 0.0618605 -0.000163192 -0.00298868 3.28655e-05 -0.0135486 0.0583559 -0.0975106 0.00126824 0.000306863 -0.000781296 -6.00349e-06 3.93025e-07 
0.000883924 0.00123912 0.00572767 3.11543e-05 0.00943288 8.38467e-05 0.000228905 -0.00208756 -0.00219914 -0.0100961 0.0150228 0.0531555 -0.0134055 -0.0252727 0.00829495 -0.00573855 0.0141676 0.000186784 -0.00201244 0.00755595 0.00030192 -0.00751377 0.000444988 2.47082e-05 -5.70301e-05 -0.000217017 0.000115267 0.00283178 0.0218327 -0.000149913 -0.000479791 0.00914083 -0.00153598 -0.00887691 -0.00194812 -0.012039 -0.000176684 -6.89405e-05 -2.8229e-06 -0.00414084 0.000110786 0.00254358 -0.000480625 -0.000126351 -0.0244946 0.00330604 -9.9632e-05 -0.00205713 9.226e-08 -0.0343927 -8.38371e-05 7.19593e-05 0.00653761 0.000112588 -0.00308049 -0.000449017 2.28188e-05 0.00131384 -0.000104566 0.0042698 0.000120814 -0.000540747 0.013681 -7.51045e-09 0.000533273 0.000296774 -0.0012424 -0.00010201 -0.000278013 -0.00171126 -3.57488e-06 -0.00596604 5.11519e-06 -9.11975e-06 0.00365457 6.4376e-08 0.00417155 -0.00139451 7.63537e-06 0.00149265 -0.0017638 1.49083e-05 -0.00472261 0.000171246 0.000465418 0.00093589 -1.45435e-06 -0.0080796 0.00297959 -0.000131971 -0.000447268 0.000212865 0.000374455 0.00184074 -0.0153294 0.00421192 0.00115471 -0.000207933 2.54266e-07 1.60661e-06 
-0.000427734 -0.0273638 -0.00364116 -2.88055e-05 -0.0118914 -0.00533098 -8.63752e-05 -0.000446535 -0.0110746 0.0966359 -0.0986349 -0.0134055 0.192323 0.083556 -0.00258269 0.0371504 -0.0610442 -0.000460845 0.0573897 -0.0421522 0.000329679 0.00205849 -0.000488379 0.000232277 -0.000142355 -0.00322414 -0.000131199 -0.00319302 -0.078697 -0.00137346 0.00076456 -0.125306 -0.0543537 0.0369572 0.0558507 0.0864836 0.00218334 -0.000408193 -6.53176e-06 -0.0245914 -0.000149065 -0.0550013 -0.0025376 -0.000785006 0.108857 -0.00343114 -0.000654366 -0.00824066 -1.74093e-07 0.0770965 0.00170788 -3.08404e-05 -0.0228617 -4.42995e-05 0.0384828 -0.00189857 -3.90145e-06 -0.00830207 -0.000757783 -0.0170213 -6.09104e-05 -0.00666403 -0.0804481 -3.46453e-08 -0.000174122 -0.000125659 -0.00558482 -0.000791534 -0.00352989 -0.0287348 -0.000106685 0.0240922 -1.58553e-05 9.02663e-05 -0.0411996 -5.25545e-06 -0.045714 -0.00632496 -4.17302e-06 -0.000716915 -0.00923139 -1.77232e-05 0.0550328 0.000217954 -0.00106003 -0.000399908 1.55814e-05 -0.0554014 -0.0556154 -0.000781768 0.0020303 -5.71375e-05 -0.00716716 -0.0532003 0.137705 -0.000976877 -0.000425486 -0.000497423 -1.42383e-06 -8.92116e-07 
-0.00104664 -0.0201643 -0.00747113 2.02825e-05 -0.00736939 -0.00720855 -0.000219158 0.000754285 -0.02706 0.0668339 -0.0677183 -0.0252727 0.083556 0.221802 -0.00644521 0.0536586 0.0363014 5.30286e-05 0.1156 -0.0786965 -0.0012697 0.00122713 -0.000113683 -0.000250254 0.000193539 0.000123855 -0.000149655 -0.00704118 -0.131016 0.000432629 0.00131868 -0.100864 -0.0914897 0.0450094 0.0910152 0.118924 0.00105877 -0.00105748 4.66353e-06 0.0245594 -0.000285394 -0.0936168 -0.00270508 -0.00176817 0.115702 -0.00835005 -0.00167134 0.0122492 -2.94175e-07 0.117101 0.00130777 -6.58565e-05 -0.0475209 -0.000103096 0.017886 -0.00452626 -1.50769e-05 -0.0210718 -0.00193988 -0.00544889 -0.000135137 0.00743367 -0.0788746 -8.90563e-08 -0.000466769 -0.00148469 0.00207573 -0.00121519 -0.0092348 -0.029887 -0.000236948 0.0291379 -4.01878e-05 3.17631e-05 -0.0518561 -9.00013e-06 -0.0983996 0.00693577 -1.01902e-05 -0.00177562 0.00170246 -9.77179e-05 0.09979 -0.000366942 -0.00206535 -0.000476335 -6.3734e-06 -0.073118 -0.10319 -0.00137384 0.00335689 -0.00016051 -0.0230593 -0.0900078 0.0665696 -0.00287257 -0.000814056 -0.00147923 2.2331e-06 -2.2932e-06 
0.000749505 -0.00108513 0.00717356 3.52769e-05 0.000293583 -0.000271247 0.000143198 -0.000216956 -0.00043968 -0.000745469 0.00216669 0.00829495 -0.00258269 -0.00644521 0.0103975 -0.00774223 -0.00454658 1.94595e-05 -0.00717014 -0.00144122 -0.000158971 -0.00504171 0.000413688 2.04141e-06 -1.29078e-05 0.000234467 0.000226199 0.00146128 0.00519033 -5.17262e-05 -7.78539e-05 -0.00500612 0.00208908 -0.0086973 -0.00761609 -0.00556926 -3.37517e-05 0.000551699 -9.08308e-07 0.000336866 3.11009e-05 0.00618395 -0.000109816 0.000740795 -0.00427792 0.00117504 0.000765646 -0.000387201 -7.04033e-09 -0.00689843 6.25483e-05 4.67685e-06 0.00638571 0.000114868 -0.000528771 2.02559e-06 2.40907e-05 0.00227917 0.000758496 -0.000329355 0.000109869 0.000881693 0.00135736 -1.40106e-09 0.000326227 0.0006326 -3.56778e-05 -3.19161e-05 0.0002278 -0.00123625 3.95647e-06 -0.00118828 1.46613e-05 6.06624e-06 0.0039826 -2.16244e-08 0.00525355 -0.000235212 2.18791e-06 0.0013615 0.000577598 3.24516e-06 -0.00561635 0.000143853 0.000513541 8.42173e-05 -3.26027e-07 -0.00248578 0.00617154 -9.09402e-06 -0.000103034 0.000212008 0.000302293 0.00590944 -0.00292348 0.00421418 0.000783244 -3.34266e-05 3.53787e-07 3.87256e-07 
5.75475e-05 0.0161318 -0.00590837 -3.48531e-06 0.00577118 0.00379375 -0.000207776 0.0053652 -0.0235113 0.0321982 -0.0411099 -0.00573855 0.0371504 0.0536586 -0.00774223 0.129008 0.0681184 0.000224584 0.107144 0.0199327 0.00340851 -0.00275959 0.000149173 -7.29393e-05 0.000164138 0.00180602 -0.000219229 -0.00642901 -0.0952432 0.000553873 0.00110991 -0.0251924 -0.109383 0.0858096 0.106418 0.0929245 0.000465425 -0.0012825 1.31391e-05 0.0312169 -0.000177886 -0.113011 -0.00254151 -0.00189589 0.00508878 -0.00740646 -0.00200404 0.00532064 -5.48052e-07 0.10132 0.00101465 -1.37967e-06 -0.0366294 -3.86055e-05 0.00700533 -0.00671362 -2.16237e-05 -0.0193372 -0.00242504 0.00953142 -7.89668e-05 -0.0303946 -0.0375213 2.02882e-08 -0.000422593 -0.000362859 0.00336512 0.000458614 -0.00740644 0.0175099 -0.000287562 0.0184248 -3.18235e-05 -1.4919e-06 -0.0790856 -1.49729e-06 -0.0873653 -0.0207639 -1.03996e-05 -0.000616929 0.00309525 -3.23658e-05 0.0971653 -0.000464623 -0.0013202 0.000196849 4.62106e-06 -0.0786118 -0.101729 0.000396209 0.00152956 -0.000152077 0.00451107 -0.11231 0.00113472 -0.003201 -0.000860029 0.000372003 2.44094e-06 -2.18091e-06 
-0.000751991 0.0335425 -0.00711148 2.01604e-05 0.005274 0.00766178 -0.000149946 -0.0130277 -0.0201901 -0.000954316 0.00321578 0.0141676 -0.0610442 0.0363014 -0.00454658 0.0681184 0.249946 0.000489697 0.120832 0.0354223 0.00242498 -0.000747931 0.000324666 -0.000312423 0.00037972 0.00150358 -2.16258e-05 -0.00362806 -0.0881589 0.00159784 -0.00241641 0.0321452 -0.0949826 0.0606411 0.0975772 0.0628703 -0.0009926 -0.000771512 -3.31949e-07 0.0274526 -0.000265912 -0.0957162 -0.00136778 -0.00133456 -0.0662799 -0.00284404 -0.00122224 0.013113 -3.13431e-07 0.0571303 -0.00170708 3.30864e-06 -0.0386581 -5.06117e-05 -0.0238132 -0.00722287 -1.38341e-05 -0.00737903 -0.00131632 0.029719 -1.59754e-05 -0.0213562 -0.0173212 6.76422e-08 -0.000205479 -0.00147184 0.00371794 0.0011139 -0.00677787 0.0325544 -0.000186077 0.0194309 -2.70213e-05 -6.6537e-05 -0.0611212 -4.62532e-06 -0.0793301 -0.0121496 -6.88916e-06 -0.00139622 0.00178335 -8.00238e-05 0.0839584 -0.000558477 -0.000900679 0.000487898 -1.4123e-05 -0.0828377 -0.0991726 -0.000790057 0.0016756 -0.000119078 0.00132366 -0.0968149 -0.0721265 -0.00225753 -0.000736308 -0.00106729 -8.63142e-06 2.08454e-07 
-2.27771e-06 4.28386e-05 -1.19531e-05 6.74685e-07 0.000157371 -1.55618e-05 6.39731e-08 -8.09874e-05 -8.01958e-05 -0.000126875 -0.000552064 0.000186784 -0.000460845 5.30286e-05 1.94595e-05 0.000224584 0.000489697 0.0019443 0.000497669 7.37851e-05 -1.33036e-05 -0.000143073 1.6625e-06 2.91887e-06 -1.39641e-06 0.000580451 -3.5848e-08 -2.40133e-05 -0.000513619 2.56122e-05 2.30502e-05 -0.000646796 -0.000411296 -0.00101881 0.00032894 0.000430724 2.90603e-06 4.50181e-06 -1.72101e-07 -0.000243964 1.22797e-05 -0.000415898 0.000488301 1.49623e-05 -0.000858701 0.000119992 1.07034e-05 0.000195291 -1.30522e-09 -0.000973469 0.000657088 1.00047e-06 -6.2783e-05 1.11145e-06 -7.60938e-05 5.32668e-05 -6.41377e-08 1.2472e-05 1.49587e-05 0.000203109 8.55574e-06 -8.77024e-05 0.000450393 -2.59746e-10 2.56854e-07 -4.34461e-06 7.98517e-05 -5.68137e-06 -2.70301e-05 -8.36981e-05 -8.05874e-07 0.000908414 -8.23553e-08 1.85747e-06 0.000125595 -3.98515e-08 -0.000337346 -3.07699e-05 -3.12864e-08 -4.35418e-06 6.5429e-05 6.88886e-06 0.000328618 -1.69446e-06 1.13214e-05 1.72955e-06 -6.04428e-08 -0.000464016 -0.000504316 0.000160079 -7.90727e-06 -1.11001e-07 0.000124473 -0.000398378 -0.000449309 -8.18348e-06 2.56724e-06 -5.49954e-06 4.03113e-06 -6.68845e-09 
-0.00111086 0.0219797 -0.00945428 2.23225e-05 0.0106077 0.00616221 -0.000242659 -0.0101648 -0.0307503 0.0588614 -0.0675507 -0.00201244 0.0573897 0.1156 -0.00717014 0.107144 0.120832 0.000497669 0.200862 -0.000141249 0.00269166 0.00160785 -0.000106923 -0.000164038 0.00036363 0.00260803 -0.000133297 -0.00629548 -0.1606 0.00120425 0.000872344 -0.0636646 -0.151154 0.0971559 0.147786 0.130752 0.000830882 -0.00113932 2.34218e-05 0.0168881 -0.00028343 -0.152244 -0.00256269 -0.00190676 0.0340172 -0.00668851 -0.00181853 0.0102342 -4.6352e-07 0.132708 0.00172118 -1.08403e-05 -0.0546589 -9.23675e-05 0.0134572 -0.00855347 -1.88032e-05 -0.0188237 -0.00208197 0.015091 -6.04453e-05 -0.0251678 -0.0559294 3.71104e-08 -0.000365322 -0.00183507 0.00549176 0.000517373 -0.0100411 0.0188751 -0.000298536 0.032576 -3.95617e-05 1.02415e-05 -0.0965731 -2.56332e-07 -0.12627 -0.0178335 -9.27672e-06 -0.0020458 0.00553331 -0.000109706 0.136357 -0.000459339 -0.00201508 2.59443e-05 -1.14677e-05 -0.117486 -0.161475 -0.00150538 0.00265216 -0.000175247 -0.00123284 -0.149315 0.024405 -0.00339355 -0.00104757 -0.000111614 -6.90579e-06 -2.43107e-06 
-0.000150531 0.022228 0.00346035 -3.00726e-05 -0.00191088 0.000869315 -4.09112e-05 0.00391959 -0.00718715 -0.0167114 0.0116711 0.00755595 -0.0421522 -0.0786965 -0.00144122 0.0199327 0.0354223 7.37851e-05 -0.000141249 0.14222 0.00051916 -0.0092107 -0.000297268 -0.000137577 -0.000256601 -0.000720628 1.10503e-05 -0.00047226 0.0138662 -0.000332449 -0.0015037 0.0212941 -0.0265486 0.0117655 0.0235014 0.0069258 -0.000545837 0.000910251 -1.10354e-05 0.0145042 6.81031e-05 -0.0277379 -0.00159248 0.00142219 -0.0546307 0.00144133 0.0015079 -0.00396946 -8.83737e-08 0.00378355 -0.00081901 5.12358e-05 -0.0147444 1.0776e-05 -0.00899805 -0.000631909 -3.893e-06 0.00156759 0.00131046 0.0132816 -2.02936e-05 -0.00757526 0.0293784 1.07106e-07 8.62963e-05 0.00105657 -0.00325763 8.42287e-05 -0.00185222 0.0334616 -6.79752e-05 -0.00777943 1.37624e-06 -5.32977e-06 -0.0130221 -1.26245e-06 -0.0239053 -0.0042494 -2.18753e-06 -0.000357224 -0.00205936 1.1521e-05 0.0261095 -0.000194137 0.0017728 0.000707683 -3.25068e-06 -0.0240047 -0.0162458 6.90362e-05 -0.00173525 -3.99072e-05 0.0290031 -0.0291214 -0.0489685 -0.000785762 -0.000165686 0.000210169 -4.37132e-06 2.03382e-06 
-9.76272e-06 0.000578796 -0.000447482 -2.98766e-06 0.000171374 0.000122681 -8.21361e-07 0.000168329 0.000236538 0.000705566 0.00116507 0.00030192 0.000329679 -0.0012697 -0.000158971 0.00340851 0.00242498 -1.33036e-05 0.00269166 0.00051916 0.00556713 2.97866e-05 -1.19599e-05 -1.30533e-05 -2.36495e-06 5.48081e-05 -8.95407e-05 6.90346e-05 -0.00178435 1.9474e-05 3.04919e-05 0.00250058 -0.00254467 0.00337713 0.00287093 0.00183193 -3.79009e-05 -0.000407441 -5.72079e-07 0.000817662 -1.89222e-06 -0.00250436 3.22349e-05 -0.00049886 -0.00247672 7.43663e-05 -0.000487052 5.65314e-05 -1.42916e-07 0.00230311 -0.000169238 -1.94407e-05 0.000468995 -2.48679e-05 -0.000126397 -0.00128221 9.09872e-08 -0.000335376 -0.000496487 0.00027583 6.86264e-07 -0.00350118 -0.000144728 7.46464e-10 1.14285e-06 -0.000196873 -4.6675e-05 1.10675e-07 7.39648e-05 0.0005791 -1.24907e-05 0.000364736 -1.9058e-05 -4.44823e-05 -0.00224847 -2.6214e-07 0.000928331 -0.00356572 8.99115e-08 -5.72894e-05 -0.000338914 -1.64879e-05 0.00211857 -1.40598e-05 -0.000425264 6.14967e-06 -1.17963e-06 -0.00297593 -0.0021838 -3.13829e-05 -0.000202907 1.36315e-06 -0.000486472 -0.0025554 -0.0030224 1.13106e-05 1.03211e-05 9.5408e-06 -4.67073e-07 1.92214e-08 
-0.00129338 0.00507448 -0.00605463 -0.000120575 -0.000422549 0.00064455 -0.000248096 -0.000348398 0.00263361 -0.00694107 9.31056e-05 -0.00751377 0.00205849 0.00122713 -0.00504171 -0.00275959 -0.000747931 -0.000143073 0.00160785 -0.0092107 2.97866e-05 0.0733021 -0.00159657 3.53233e-05 -0.000134012 -0.00504823 -0.000364331 -0.00427205 -0.00365189 -0.00225045 -0.00216839 0.00843059 0.00835638 -0.000663792 0.00104637 -0.0129931 -0.000914684 -0.000879875 -6.04905e-05 -0.0105194 -0.000101456 0.00755226 0.000446146 -0.00142561 0.00977053 0.000263826 -0.00111971 -0.00674858 2.66958e-08 -0.00818934 0.00039599 -4.85668e-05 -0.00832939 -0.000128943 -0.00886562 0.000710675 -1.38878e-05 -0.000491052 -0.00101031 -0.0132106 -2.02872e-05 0.00201606 0.00474018 1.06194e-08 -0.000402411 -0.000444962 -0.00633707 -0.00114257 0.000159912 0.00381247 2.65205e-05 0.000384998 -4.56006e-05 -7.71829e-05 0.00244417 8.35948e-07 0.00593156 0.00172952 -6.78089e-06 -0.00191467 -0.00766169 -4.68281e-05 -0.00558196 -0.000312621 -0.000613301 -0.00102333 -5.0622e-06 0.0115333 0.00048184 -0.000152829 -0.000564039 -0.000201957 0.00205532 0.00802522 -0.00193289 -0.00216726 -0.00052432 0.000211148 -4.90291e-06 -1.94322e-06 
0.0005967 -5.77473e-05 0.000668764 5.11049e-05 0.000143297 -9.05952e-06 0.000179469 0.000316174 -7.87232e-05 -0.000191215 -0.000397722 0.000444988 -0.000488379 -0.000113683 0.000413688 0.000149173 0.000324666 1.6625e-06 -0.000106923 -0.000297268 -1.19599e-05 -0.00159657 0.001891 2.58649e-07 -9.04369e-07 0.000115649 4.95709e-05 9.18474e-05 1.74426e-05 1.94304e-05 3.65668e-06 -0.000833164 -0.000388449 -0.000662548 -0.000890854 -7.26337e-05 -5.04878e-06 -2.48126e-06 4.35959e-07 0.000514568 3.39897e-06 -0.00036292 -1.91111e-05 3.3574e-05 -0.000703249 -1.87019e-05 1.67201e-06 0.000988238 -1.26937e-09 -0.000173474 -1.08684e-05 -4.1257e-07 0.000193743 4.52176e-05 -8.89191e-06 2.55966e-05 1.17762e-06 6.24297e-05 9.7649e-06 0.0003862 5.32103e-07 -8.35466e-05 -0.00114776 -2.52612e-10 2.26579e-05 1.71588e-05 0.000788681 3.01126e-05 0.00020467 -0.000126684 -7.8374e-07 -0.000191304 2.37876e-05 -2.47188e-07 -0.000290513 4.12431e-08 -0.000330172 -4.57435e-05 3.02906e-07 0.000629478 0.00074179 2.6512e-06 -0.00030387 -2.18282e-06 -4.91755e-06 0.000145813 -5.87827e-08 -0.000343009 0.000100494 8.13167e-06 0.000293694 1.7672e-05 -9.25534e-05 -0.000390626 -0.000442856 0.000494861 3.96789e-05 -7.3632e-06 3.89325e-07 -6.50475e-09 
-1.42564e-06 0.000440399 -1.20563e-05 -1.6576e-07 -3.70887e-05 0.000465014 -2.92334e-07 3.37308e-05 2.61603e-05 -0.000142134 0.000128527 2.47082e-05 0.000232277 -0.000250254 2.04141e-06 -7.29393e-05 -0.000312423 2.91887e-06 -0.000164038 -0.000137577 -1.30533e-05 3.53233e-05 2.58649e-07 0.000867343 -1.31588e-06 -1.22285e-05 5.42834e-06 4.2567e-06 -0.000160748 0.000119304 0.000372395 -0.000220268 -7.0533e-05 -3.19069e-06 5.27929e-05 -0.00035639 3.91166e-06 -8.00301e-07 2.66428e-08 3.61394e-05 -5.28926e-07 -5.05597e-05 -7.83614e-06 -1.17698e-06 0.000123677 3.88774e-06 -3.15379e-07 -3.25693e-05 -5.81625e-10 3.63714e-05 7.98175e-06 5.18887e-07 -5.65955e-05 9.19498e-07 -3.86199e-05 -8.27274e-06 -2.85806e-08 5.68825e-05 -3.07979e-07 -5.67372e-05 2.38866e-06 2.43257e-05 -0.000337865 -1.15746e-10 3.21477e-06 0.000140486 -1.85074e-05 -1.63092e-06 -1.1334e-05 0.000425094 1.27089e-06 -9.01705e-05 -5.30378e-08 -7.07532e-08 -2.9215e-06 8.9083e-09 -7.27477e-06 -1.66868e-05 -1.39416e-08 -7.08268e-07 -2.91899e-05 -1.46075e-07 -0.000468083 2.96998e-05 2.41829e-06 8.03648e-06 -2.69341e-08 -8.60928e-05 -0.000193813 -2.32611e-06 7.4547e-06 6.52967e-08 -3.89945e-05 -3.67484e-05 -0.00016443 -2.53177e-06 -1.11667e-06 5.57849e-06 -2.47465e-08 -2.98047e-09 
3.14801e-06 3.92511e-05 -1.89221e-05 2.2601e-06 0.000156063 -3.01561e-05 -1.91637e-07 -7.01505e-05 -4.63361e-05 7.70281e-05 -0.000150618 -5.70301e-05 -0.000142355 0.000193539 -1.29078e-05 0.000164138 0.00037972 -1.39641e-06 0.00036363 -0.000256601 -2.36495e-06 -0.000134012 -9.04369e-07 -1.31588e-06 0.00165515 -1.97087e-05 5.14607e-05 -3.93644e-06 -0.000115289 4.32773e-06 3.00062e-05 0.000163954 -0.000291975 0.000181231 0.000139712 -0.000159554 7.17813e-06 7.76592e-07 7.35356e-08 -0.000389469 -4.66814e-07 -0.000293255 -1.5124e-05 -3.20666e-07 -0.000385862 -9.61639e-06 -6.36091e-07 0.000122012 -1.11079e-09 0.000323178 -1.10786e-05 -3.5895e-07 -0.00014612 -2.93796e-07 -8.34084e-05 -2.10966e-05 5.20831e-08 -1.21079e-05 2.26411e-08 -5.98644e-05 -3.86944e-07 -7.47303e-05 -3.11856e-05 -2.21053e-10 7.51402e-07 -4.13526e-06 0.000111572 1.07581e-05 -2.27249e-05 -0.000186081 -6.35829e-07 -5.12778e-05 -1.01292e-07 -2.68812e-07 -0.000206649 -3.39151e-08 -0.000237079 -4.00694e-05 -2.66259e-08 -3.8534e-06 9.4859e-05 2.91025e-07 0.000266003 -1.33455e-07 1.36601e-05 7.69841e-07 -5.14391e-08 -1.09394e-05 -0.000317318 -6.65692e-07 2.51696e-05 -4.03677e-07 -4.83062e-05 -0.000290215 -0.000102602 -7.53335e-06 -2.33119e-06 2.82997e-06 -2.72612e-08 -5.69212e-09 
1.46941e-05 -0.00110869 0.000602731 2.44173e-05 0.00325677 -0.000356328 3.42215e-05 -0.000517253 -0.000620739 0.000850852 -0.00901668 -0.000217017 -0.00322414 0.000123855 0.000234467 0.00180602 0.00150358 0.000580451 0.00260803 -0.000720628 5.48081e-05 -0.00504823 0.000115649 -1.22285e-05 -1.97087e-05 0.0149877 -8.31786e-06 0.0003751 -0.0043016 -0.000100997 -0.000134237 -0.0074911 -0.00254501 -0.000487895 -0.00707757 0.00466485 -2.72446e-05 -2.45951e-05 2.23421e-05 -0.00370539 2.807e-06 -0.00275764 0.00114946 0.000151929 -0.00538905 -9.04674e-05 -3.77989e-05 0.000421409 -1.01969e-08 0.000334129 0.00141819 1.66968e-05 0.00669293 2.98633e-06 -0.000657866 6.82115e-05 3.01893e-06 -0.000470204 -4.40068e-05 -0.000765504 1.87416e-05 -0.000647885 0.00084598 -2.02924e-09 7.97424e-05 0.000272119 0.00927911 -3.37641e-05 -0.000207574 -0.00150289 -6.29581e-06 0.0111595 -5.29847e-07 -1.25432e-06 -0.000239482 5.01998e-07 -0.00227412 -0.000339413 6.46225e-06 3.55148e-05 0.0089659 -2.52095e-06 0.0028091 -1.73046e-05 -7.46436e-05 1.1452e-05 1.14446e-06 -0.00304536 -0.00353351 -4.16944e-05 -5.56852e-05 -3.35902e-06 -0.000399963 -0.00261162 -0.00351363 -9.15873e-06 -2.61241e-05 -4.61531e-05 4.55615e-06 -5.22528e-08 
-3.09944e-07 -4.58173e-05 0.00019852 1.45559e-05 -1.81384e-05 -1.27922e-05 1.60568e-07 -2.21722e-05 -2.28039e-05 -0.000100034 -0.000206771 0.000115267 -0.000131199 -0.000149655 0.000226199 -0.000219229 -2.16258e-05 -3.5848e-08 -0.000133297 1.10503e-05 -8.95407e-05 -0.000364331 4.95709e-05 5.42834e-06 5.14607e-05 -8.31786e-06 0.000562207 3.24135e-05 -8.20892e-05 4.05402e-06 -5.19635e-06 -0.000270648 -6.0926e-05 -0.000223149 -0.000342466 4.67788e-05 -1.43683e-06 0.000155573 6.97148e-09 5.59956e-05 -3.29408e-07 4.75257e-06 -2.45624e-06 0.00017161 -0.000205716 8.02442e-05 0.000169851 6.04134e-06 -3.76891e-10 -0.000203136 -2.01436e-06 8.40053e-07 1.46602e-05 3.54032e-06 0.000120768 -6.57055e-06 1.76148e-06 0.000211798 0.000169531 -3.54819e-05 -1.36944e-07 -1.70344e-05 -0.000198034 -7.50031e-11 -1.69837e-07 4.49525e-05 0.000179634 -1.72427e-06 -6.95418e-06 -6.44881e-05 4.72397e-06 -4.54372e-05 -3.43683e-08 1.11546e-06 4.65664e-05 -1.15074e-08 1.79827e-05 -1.3185e-05 3.50966e-07 -7.48361e-07 0.000334379 -9.46558e-08 2.33471e-05 -5.31435e-07 0.000157302 8.80817e-05 -1.74532e-08 -6.38827e-05 -9.25719e-05 -1.95016e-06 8.58093e-07 3.83033e-07 0.00017197 -1.35246e-05 -7.33629e-05 1.78124e-05 9.84414e-06 -2.34457e-06 -1.60357e-08 -1.93133e-09 
0.00032605 -0.000137516 0.000814976 5.97537e-06 -0.0003733 0.000674141 0.000133795 -0.000507445 0.000146195 -0.00272356 0.00297071 0.00283178 -0.00319302 -0.00704118 0.00146128 -0.00642901 -0.00362806 -2.40133e-05 -0.00629548 -0.00047226 6.90346e-05 -0.00427205 9.18474e-05 4.2567e-06 -3.93644e-06 0.0003751 3.24135e-05 0.0121963 0.00581158 -7.43494e-05 -4.27721e-05 0.00322027 0.00663334 -0.00241668 -0.00663651 -0.00705025 -3.96213e-05 1.3249e-06 -4.27602e-07 -0.00303959 3.88559e-05 0.00656975 -0.000106347 -1.59485e-05 -0.0053639 -2.18833e-05 -1.1853e-05 -1.27076e-05 -8.27371e-09 -0.00720538 -0.000102915 3.75797e-06 0.00791168 6.60167e-06 -0.000663312 -0.000173611 1.24677e-06 -0.000331413 -1.62257e-05 -0.000170343 1.61671e-05 -0.000312718 0.0033024 -1.64651e-09 0.000429656 -2.87336e-05 -0.000163505 0.000162071 0.000689644 -0.000703612 -2.45504e-06 -0.00144 3.68862e-07 -1.9889e-06 0.00161527 2.27738e-06 0.00679155 -0.000293721 7.51834e-06 0.000260989 -0.000268799 2.80206e-06 -0.0077107 0.000192496 0.000139155 -8.22941e-06 -3.83143e-07 0.00414682 0.00639188 1.28406e-06 -0.000122517 1.37832e-05 -0.00028398 0.00544858 -0.00255929 0.000395831 9.37585e-05 6.12375e-05 -3.52024e-07 3.09357e-08 
0.00117436 -0.0245887 0.00296193 -3.20708e-05 0.0152726 -0.00859472 0.000221637 -7.83098e-05 0.0282422 -0.073976 0.0762493 0.0218327 -0.078697 -0.131016 0.00519033 -0.0952432 -0.0881589 -0.000513619 -0.1606 0.0138662 -0.00178435 -0.00365189 1.74426e-05 -0.000160748 -0.000115289 -0.0043016 -8.20892e-05 0.00581158 0.223428 -0.00213466 -0.00279367 0.0989123 0.138686 -0.0858543 -0.129315 -0.147297 -0.000982711 -0.000535034 -2.8041e-05 -0.0399112 0.000375576 0.139432 0.00227157 -0.000730983 -0.0696169 0.0056125 -0.000756962 -0.0118837 3.97549e-07 -0.156381 -0.00284594 2.72214e-05 0.0482178 2.1145e-05 -0.0181126 0.00792764 -3.28236e-07 0.0141255 -0.0003649 -0.00528021 -3.47296e-05 0.0212352 0.0799766 -4.49323e-08 0.000218972 -0.000578295 -0.00686175 -0.000506635 0.00901004 -0.0203271 0.000271809 -0.0403164 2.29909e-05 -5.34932e-05 0.0880036 -1.6404e-06 0.116779 0.0160411 8.27791e-06 0.00187771 -0.0057018 8.47577e-05 -0.123235 0.000316127 0.00065331 -0.000127683 -5.58241e-06 0.119283 0.145195 0.000820173 -0.00336365 0.00015667 -0.00121268 0.136585 -0.0409196 0.00259605 0.000842532 -0.000187894 -5.39652e-06 1.49299e-06 
-1.00371e-05 0.00133069 1.27941e-06 -3.95443e-07 -0.000242091 0.000395299 -1.08973e-06 -0.00025432 -0.000288362 -0.000832229 0.00190431 -0.000149913 -0.00137346 0.000432629 -5.17262e-05 0.000553873 0.00159784 2.56122e-05 0.00120425 -0.000332449 1.9474e-05 -0.00225045 1.94304e-05 0.000119304 4.32773e-06 -0.000100997 4.05402e-06 -7.43494e-05 -0.00213466 0.00677273 0.00133303 -0.00146139 -0.00136617 0.00063854 0.00157189 0.000638929 5.80652e-06 -1.06018e-05 -5.55767e-07 0.00289273 -3.11824e-06 -0.00137047 -6.92117e-05 -1.83064e-05 0.00158522 -8.56714e-05 -1.28289e-05 0.00202735 -4.56888e-09 0.000684848 3.76497e-05 -1.43593e-07 -0.000552429 8.18231e-07 -0.00036275 -9.75263e-05 1.63215e-06 0.000248208 -9.33939e-07 -6.3673e-05 1.70988e-06 -8.80127e-05 -0.00375389 -9.09231e-10 -4.02665e-06 4.75394e-05 -0.000151464 -1.30459e-05 -9.16728e-05 0.00130315 -2.82093e-06 -0.000787438 -4.16632e-07 -8.9567e-07 -0.00100938 -1.39499e-07 -0.00104488 -0.000118162 -1.09517e-07 -1.81356e-05 -0.000246223 -1.14747e-06 0.000371671 2.41267e-05 -3.84485e-05 1.77486e-05 1.17554e-08 -0.00146568 -0.00172861 -1.21655e-05 -6.7148e-05 -6.03725e-07 -0.000325722 -0.0013579 -0.00192464 9.4268e-06 -2.74805e-06 -6.4055e-06 6.94561e-06 1.46587e-07 
-1.8524e-06 0.0024847 4.64238e-06 -1.76514e-06 -0.000365395 0.00141644 3.55246e-07 -8.66005e-05 -0.000389889 -0.00157324 0.000956522 -0.000479791 0.00076456 0.00131868 -7.78539e-05 0.00110991 -0.00241641 2.30502e-05 0.000872344 -0.0015037 3.04919e-05 -0.00216839 3.65668e-06 0.000372395 3.00062e-05 -0.000134237 -5.19635e-06 -4.27721e-05 -0.00279367 0.00133303 0.00919296 -0.00143324 -0.00187673 0.00109855 0.00167692 -0.000516885 -6.92783e-06 3.63867e-06 6.64692e-06 0.00156856 -5.62367e-06 -0.00193083 -7.71909e-05 1.06159e-05 0.00104136 -0.000112279 5.00033e-06 0.00264052 -6.21697e-09 0.00267452 8.17894e-05 -1.7968e-06 -0.000831515 -1.26768e-06 -0.000146797 -0.000134527 -2.98831e-07 -0.000157515 1.09391e-06 -0.000601518 2.44377e-07 0.000115394 -0.00306619 -1.23721e-09 1.34828e-05 0.000332466 -7.33343e-05 -1.72659e-05 -0.000126611 0.00141674 -3.82517e-06 -0.000909523 -5.6692e-07 -3.1784e-07 -0.00133202 5.96351e-06 -0.0016339 -0.000144028 -1.49022e-07 7.44697e-05 -9.90558e-05 -1.56139e-06 -0.00103504 0.000294283 6.72037e-06 1.51884e-06 2.20788e-05 -5.5132e-05 -0.00231823 -5.44358e-06 1.13397e-05 -1.98266e-06 -0.000368748 -0.00175083 -0.000793554 1.71068e-05 -1.59468e-05 0.000588792 5.45215e-06 -3.18581e-08 
-0.000280185 0.0333606 -0.00768198 -9.51647e-05 0.0125626 0.0094196 -8.31456e-05 -0.0105973 0.0204944 -0.103922 0.0940541 0.00914083 -0.125306 -0.100864 -0.00500612 -0.0251924 0.0321452 -0.000646796 -0.0636646 0.0212941 0.00250058 0.00843059 -0.000833164 -0.000220268 0.000163954 -0.0074911 -0.000270648 0.00322027 0.0989123 -0.00146139 -0.00143324 0.249755 0.062227 -0.017079 -0.0380114 -0.120381 -0.00162996 -0.000811629 -3.5069e-05 -0.00826175 0.000227911 0.059478 0.0025224 -0.00136265 -0.131488 0.00120618 -0.00127241 -0.00926268 1.77837e-07 -0.0871641 -0.00446913 -2.0472e-05 0.0238444 -6.27378e-05 -0.0281656 0.00269716 -1.67141e-05 0.00962483 -0.000945631 0.0115038 -2.09272e-05 -0.0160827 0.0903259 -6.87555e-08 -0.000217696 -0.00122706 -0.00957599 0.00128828 0.00572512 0.0336669 0.000169149 -0.0576958 -1.66021e-05 -8.01668e-05 0.032226 7.33786e-06 0.0676718 -0.0103609 6.6507e-07 -0.000540637 -0.00570705 5.36222e-05 -0.0701922 -0.000296519 0.000496729 -0.000706659 -3.75273e-06 0.0685605 0.0694015 0.00113732 -0.00472556 -0.000100624 -0.00882739 0.0564558 -0.102904 -0.00234278 -0.000196298 0.00135223 -1.24633e-05 -1.16379e-06 
1.27545e-05 -0.022568 -0.00100605 -3.76887e-05 -0.00925878 -0.0055112 3.65545e-05 -0.00843353 0.0335045 -0.0491718 0.0594802 -0.00153598 -0.0543537 -0.0914897 0.00208908 -0.109383 -0.0949826 -0.000411296 -0.151154 -0.0265486 -0.00254467 0.00835638 -0.000388449 -7.0533e-05 -0.000291975 -0.00254501 -6.0926e-05 0.00663334 0.138686 -0.00136617 -0.00187673 0.062227 0.166657 -0.0966779 -0.148047 -0.135188 -0.00067629 -0.00033897 -1.82177e-05 -0.0505023 0.000164204 0.161427 0.00271871 -0.000635527 -0.0317984 0.00594326 -0.00051847 -0.00794904 4.81757e-07 -0.144407 -0.00183538 -4.13591e-05 0.0554412 -2.83393e-05 -0.0115659 0.00772583 -2.32698e-06 0.0162214 -9.57865e-05 -0.0137716 -3.99557e-05 0.0265801 0.0567298 -2.81745e-08 0.000173772 -0.000564624 -0.00476117 -0.000585922 0.00985147 -0.0249875 0.000299451 -0.0255935 -8.61025e-06 -3.29949e-05 0.100927 1.43997e-07 0.134278 0.019456 7.07638e-06 0.000332686 -0.00757072 3.38631e-05 -0.141086 0.000406538 -0.00093283 -0.000318608 -6.30953e-06 0.126729 0.149214 0.000391916 -0.0021434 -2.88008e-05 -0.0106012 0.157884 -0.012482 -0.000501371 0.000836707 -0.000117036 -5.61037e-06 9.11738e-08 
