0.115347 0.0389252 -3.58158e-07 5.96383e-06 0.0368952 -0.000818113 -0.000492029 -0.00411628 0.000491604 -0.00140146 0.0349008 -0.0415977 0.00399793 0.000736782 -0.0397048 -0.0406218 0.0295202 -0.010574 0.031024 -0.0442665 -0.0191143 -0.0409446 0.0272793 0.00131462 -0.00356947 0.00194604 0.0533905 0.00281543 -0.0011937 0.0201421 -1.91673e-05 -0.0147255 -0.0504489 -0.0383892 -0.0561613 0.0102917 0.0540774 0.000712731 3.48517e-05 -4.32167e-05 1.60882e-05 -0.0400138 0.0123448 -0.02405 -3.81774e-05 0.000145832 0.0584842 1.84439e-05 -3.56141e-05 -0.00308505 0.01679 0.0021839 -0.000978974 0.000336672 -0.000742694 -9.74536e-05 7.59756e-06 3.94958e-05 0.031984 -0.00394256 -0.041277 5.8601e-05 0.0308744 0.000830006 -0.000147224 0.0020388 0.00349738 0.0366182 -0.000339368 -0.0123258 0.00499587 -0.00257311 -0.021009 0.00312439 0.000584568 4.61153e-06 0.00476288 -0.055122 0.000696728 0.0284347 -0.012579 0.00365124 -0.0142784 0.000445328 -1.03474e-05 0.00191779 -3.91681e-05 -0.00061706 -3.26189e-05 -0.0373234 -0.0411355 -0.000267883 -0.00078561 -9.81804e-05 9.40149e-05 0.00379117 -2.2969e-05 0.00897245 -0.000300872 -0.000122386 
0.0389252 0.198246 -7.67823e-07 6.19472e-06 -0.00928149 -0.0017013 -0.00113327 -0.0332626 0.000324097 -0.00267995 0.0946157 -0.0766876 0.00319845 -0.000900133 -0.0813266 -0.0840356 0.0122721 -0.0218881 0.100914 -0.0802637 -0.0257867 -0.0839298 0.0248299 0.000338423 -0.00959555 0.00195574 0.0640723 -0.0104457 -0.00234015 0.00585918 1.83851e-05 -0.0937186 0.0191183 -0.0793756 0.0301301 -0.0221205 0.0618035 -0.0483844 -5.69735e-07 0.000125343 5.00756e-05 -0.0930523 0.0764253 -0.104483 -9.12546e-05 -0.0180769 0.141544 3.17528e-05 -0.000103364 -0.00312749 0.0179179 0.000856997 0.00441924 -1.03472e-05 -0.000220355 -0.000202785 6.69663e-06 2.75172e-05 0.0295987 -0.0128079 0.0137052 0.00025329 0.071028 0.000998499 -0.000414354 -0.000865399 0.0787758 0.018875 -0.016794 0.071961 0.00495011 -0.00535136 -0.0430483 0.00236177 0.00225315 -1.15815e-06 -0.0118778 -0.108605 0.0666815 0.014248 -0.00750975 0.00336025 0.00382717 0.0664986 1.15621e-05 -0.00065363 -9.25909e-05 0.00306824 -6.67627e-05 -0.0764591 -0.0843333 -0.00055746 -0.00379677 0.000264686 -7.58571e-05 0.0031231 -4.2949e-05 0.00871839 -0.000779994 -0.000234315 
-3.58158e-07 -7.67823e-07 1.11599e-05 -1.15432e-10 -1.18159e-07 4.06928e-07 -5.17239e-08 8.55068e-08 6.65716e-07 -1.21431e-07 -2.11532e-06 4.02353e-06 -8.68091e-08 7.94268e-07 1.71157e-06 4.21364e-06 5.14737e-07 -9.01412e-08 -2.15878e-06 -3.19363e-06 -3.2867e-07 3.15248e-06 -1.70265e-07 4.21591e-08 -4.80271e-07 -1.3847e-08 8.90508e-07 -8.81148e-07 6.25651e-07 -5.63468e-08 -2.45044e-09 1.88821e-06 -3.78954e-06 1.7073e-06 -4.46141e-06 -1.27343e-06 6.88902e-07 -4.43836e-06 -1.15487e-09 -3.72115e-09 -3.35726e-09 4.09269e-06 -3.3459e-06 1.43577e-06 -3.99997e-09 -9.93022e-07 -2.56943e-06 -6.41626e-10 -5.28835e-09 -2.49349e-07 3.41001e-06 5.39408e-07 -3.52947e-08 2.27347e-07 -5.32121e-08 -8.40917e-09 -1.65726e-10 -4.08917e-09 4.35847e-06 -7.77873e-07 -3.90885e-06 -5.67014e-09 -2.61359e-06 -1.79043e-08 2.49603e-07 5.73482e-07 -3.07513e-06 7.61964e-07 -1.15599e-06 -1.39112e-06 -3.78699e-08 1.80271e-06 5.28411e-07 -6.12857e-08 -3.90811e-08 -7.75992e-11 -7.02471e-07 1.92571e-06 -3.51425e-06 -2.78768e-07 -3.73591e-06 1.22981e-07 -1.31271e-06 -4.87097e-06 4.90717e-08 5.85322e-07 -4.06629e-09 -5.2284e-08 -2.77211e-09 1.96534e-06 3.13613e-06 1.15845e-06 1.19057e-07 -2.17074e-08 -3.35615e-09 -6.56584e-08 -2.98601e-09 3.20198e-07 -3.55153e-08 -1.0399e-08 
5.96383e-06 6.19472e-06 -1.15432e-10 1.03432e-05 1.79383e-06 7.86978e-08 -4.79389e-08 -6.21181e-06 -1.01491e-08 1.90789e-07 -3.58163e-06 -3.46638e-06 2.63816e-06 -4.54751e-08 -3.03795e-06 -2.17985e-06 7.0696e-06 -8.46628e-07 -1.71706e-06 -7.71355e-06 -1.51567e-06 -3.13597e-06 6.03195e-06 -1.76733e-08 3.59821e-06 -4.68171e-08 7.10105e-06 6.25333e-06 -5.90703e-08 6.70876e-06 -2.27112e-09 -3.71838e-06 -3.65653e-06 -3.01776e-06 -3.19208e-06 2.40737e-07 7.06664e-06 -5.22396e-06 -1.07036e-09 -3.44885e-09 -3.11158e-09 -3.593e-06 -3.6946e-06 -5.87225e-06 -3.70726e-09 8.14442e-07 5.24925e-06 -5.94673e-10 -4.90136e-09 -2.52728e-07 4.72866e-07 -2.50204e-08 8.15256e-07 -8.63765e-09 9.14991e-07 -7.79381e-09 -1.53599e-10 -3.78994e-09 2.44151e-06 8.42383e-07 -3.84899e-06 8.07813e-09 -4.19971e-06 4.96739e-07 -1.58149e-08 -4.31135e-08 3.21342e-06 1.57443e-06 1.70697e-06 -1.24672e-06 8.3856e-07 -1.54477e-07 -6.98858e-07 2.83687e-07 -2.28878e-08 -7.19206e-11 -5.61066e-07 -4.02492e-06 -5.91486e-06 8.60692e-06 -5.066e-06 1.26358e-06 -6.2406e-06 9.90596e-08 -8.60393e-10 -3.21399e-08 -3.76873e-09 4.78209e-07 -2.56925e-09 -2.90218e-06 -3.15112e-06 -2.30629e-08 -1.38352e-07 -2.01189e-08 -3.11055e-09 -6.08536e-08 1.38992e-08 8.3051e-07 2.06708e-06 -9.63799e-09 
0.0368952 -0.00928149 -1.18159e-07 1.79383e-06 0.132722 -0.000931329 -0.000728699 0.0124821 -5.8942e-05 -0.00171372 0.0456393 -0.0318641 -0.00131188 0.000533237 -0.0345605 -0.0222905 -0.00900583 -0.00661802 0.031443 0.0327189 -0.00101822 -0.0338296 0.000204795 0.00120262 -0.00204315 -0.00061618 -0.0181787 -0.0118912 -0.0016156 -0.01406 -4.78183e-06 0.0216473 -0.0112369 -0.0227454 -0.0328459 0.00284289 -0.0174504 0.0719094 4.97405e-05 -5.202e-05 -3.13898e-05 -0.0143564 0.0439086 0.033602 -4.66292e-05 -0.0131867 0.010329 -5.96757e-06 3.64865e-05 -0.000731288 -0.0130008 -0.000366837 -0.00137651 0.000146792 -7.71881e-05 -0.000103809 -1.42615e-06 2.49648e-05 -0.00727015 -0.00821574 -0.0152259 -1.96163e-05 0.015457 -6.6868e-05 -0.000148226 0.00139013 -0.0321488 -0.0110181 -0.0161618 -0.021308 -0.000908804 -0.00308678 -0.0217309 -0.000845319 -0.000550298 4.0179e-06 -0.00985997 -0.0453976 0.039119 -0.0124174 0.0557867 0.000323867 0.0269441 -0.00954998 -1.27915e-05 0.00108678 0.000128981 -0.000735985 -3.57327e-05 -0.0350577 -0.0322093 -0.000345001 -0.00190665 0.00023271 0.000115896 -0.000531562 3.95711e-05 -0.00240183 -0.000428209 -0.000135785 
-0.000818113 -0.0017013 4.06928e-07 7.86978e-08 -0.000931329 0.00620996 -2.89626e-05 0.000311699 1.41117e-05 -6.69414e-05 -0.00385052 0.00395657 -3.81671e-05 -2.42542e-05 0.00349161 0.00364484 -0.000373352 0.0010363 -0.00164468 -0.00142881 -0.000908735 0.00419792 -0.000312535 -1.37184e-05 0.00049373 -2.45216e-05 -0.000943178 -0.000413689 0.000177361 -0.000498533 -1.37212e-06 0.00328628 -0.00249699 0.00384289 -0.00269662 -0.00054736 -0.000846737 -0.00238476 -5.96668e-07 -1.90365e-06 7.32344e-06 0.00391016 -0.00368829 0.00257826 1.74356e-06 -0.000486665 -0.00218992 -3.59276e-07 -3.78626e-08 -0.000146501 0.00210227 -1.32135e-05 -5.40998e-05 -5.01184e-06 -3.62619e-05 -4.70869e-06 4.47202e-07 -1.86305e-06 4.406e-05 -0.000389294 -0.00241986 -3.17497e-06 -0.00282257 -9.99214e-06 1.99796e-09 -2.56373e-05 -0.00313139 -0.00046538 -0.000301284 -0.000848122 -4.88158e-05 0.000105037 0.00163259 -3.16797e-05 -2.13166e-05 -4.34514e-08 -0.000311143 0.00352534 -0.00371791 -0.000558524 -0.00305918 -3.00613e-05 -0.00178078 -0.00288925 -1.53147e-07 -1.94176e-05 -1.11691e-06 -2.79362e-05 2.64434e-07 0.00395793 0.00418411 6.6683e-05 -0.000104273 -1.21216e-05 -1.8426e-06 -3.67652e-05 -1.65867e-06 -7.99458e-05 1.10331e-06 -5.79287e-06 
-0.000492029 -0.00113327 -5.17239e-08 -4.79389e-08 -0.000728699 -2.89626e-05 0.00461328 -0.00290403 -4.5477e-06 0.00425755 -0.00287401 -0.00159998 -1.654e-05 0.000483036 -0.00131341 -0.00140146 -5.42804e-05 -0.000371034 -0.00121849 -0.00345689 -0.000678894 -0.00142609 -0.000157824 -1.9555e-05 -0.000137797 5.18583e-05 0.000652837 0.004258 -4.72701e-05 0.00387947 4.93233e-06 -0.00173052 -0.0015721 -0.00135123 0.00176062 0.0040051 0.000332991 -0.00242541 -4.7962e-07 2.54793e-06 -1.39427e-06 -0.00163089 -0.00239457 -0.00265592 -1.51452e-06 0.0040956 -0.000589553 -2.66468e-07 4.30408e-07 -9.83684e-05 -0.000561651 -1.24751e-05 -1.97698e-06 -3.72046e-06 -2.75931e-05 -2.739e-06 -6.88262e-08 -2.11571e-07 -0.000299944 0.00377398 -0.00167595 -2.28481e-06 -0.00210242 -4.72902e-06 -2.8065e-06 -1.86188e-05 -0.00167452 -3.01729e-05 0.00400715 -0.000567365 -3.64925e-05 -9.04176e-05 -0.000558152 -2.39373e-05 0.000189216 -3.2227e-08 0.00408832 -0.00178094 0.0013174 0.00376712 0.00169066 -2.20392e-05 -0.00272975 0.00235435 -3.42201e-07 -1.40116e-05 -1.65874e-06 -1.88203e-05 -1.15126e-06 -0.0012995 -0.00143151 -7.18428e-06 -8.53101e-05 -8.68175e-06 -1.12381e-06 -2.7268e-05 0.000148307 -7.51006e-05 -1.17296e-05 -2.97203e-06 
-0.00411628 -0.0332626 8.55068e-08 -6.21181e-06 0.0124821 0.000311699 -0.00290403 0.0790301 1.48766e-05 -0.00638301 3.55949e-05 0.0293918 -0.00283814 -0.00125349 0.0253375 0.0262974 -0.0149449 0.00621749 -0.0303483 0.0516624 0.0110427 0.026173 0.00197036 1.51173e-05 0.00331241 -0.00232051 -0.0181615 -0.0241382 0.000563679 -0.0250239 -1.8807e-05 0.0311573 -0.0174249 0.0248043 -0.0258966 -0.0214902 -0.0200603 0.0433514 -6.67381e-06 -0.000198466 -8.3637e-05 0.029914 -0.00293952 0.0479648 -0.000107695 -0.0228887 -0.0417832 -2.68597e-06 1.33699e-05 0.000684244 0.00727547 -0.00159931 -0.00587377 -0.000119812 0.000260796 -0.00023242 -4.13192e-06 -1.74977e-06 0.00353863 -0.011165 -0.0177398 -6.59871e-05 -0.00893705 -0.000133415 -5.20328e-05 -0.000694665 -0.027624 -0.0132562 -0.0213714 -0.0368357 -0.000858588 0.00157167 0.0128157 -0.000114627 -0.00309154 -4.20843e-06 -0.0214442 0.0338722 -0.00940625 -0.0218746 0.00848021 -7.60738e-05 -0.0015072 -0.0411856 -3.80401e-05 -0.000782805 2.27329e-05 -0.0042085 6.18336e-06 0.0238157 0.026309 0.000130352 0.000823023 4.25505e-05 2.23343e-05 0.000393062 -0.000133052 -0.00220986 5.17465e-05 6.49319e-05 
0.000491604 0.000324097 6.65716e-07 -1.01491e-08 -5.8942e-05 1.41117e-05 -4.5477e-06 1.48766e-05 0.000980254 -1.03498e-05 0.000147591 9.35019e-06 -4.70376e-06 3.0746e-05 -0.000133071 -0.000127982 -6.51417e-05 -2.63584e-05 0.000164572 -0.000380845 -8.39231e-05 -0.000120936 6.4668e-05 2.8317e-05 -2.49034e-05 5.27871e-06 0.000453023 -6.52128e-05 -9.83025e-06 -6.64558e-05 -2.15449e-07 -0.000173347 -0.000355041 -0.000140365 -0.000329414 -1.34453e-05 0.000404794 -0.00029355 -1.0154e-07 -3.27174e-07 1.07948e-05 -0.000103699 8.87368e-05 -0.00025038 1.61831e-06 -8.12309e-05 0.000261922 -2.30801e-08 -2.44966e-07 -1.60516e-05 0.000120426 1.20102e-05 -4.5983e-06 -5.19407e-07 -1.41085e-06 -7.39357e-07 7.20956e-08 -3.59531e-07 0.000124171 -5.75293e-05 -0.000290024 2.57813e-06 0.000309919 -1.15753e-06 -1.50027e-06 4.51234e-05 0.000207514 -5.98175e-05 -6.45162e-05 -8.64544e-05 9.24243e-07 -8.19762e-06 -0.00011339 1.35288e-05 -1.16944e-06 5.19844e-07 -5.13998e-05 -0.000234676 0.000127597 -8.83679e-05 -0.00037079 -4.59021e-06 -7.83915e-05 -1.47264e-05 -7.16209e-08 5.79877e-05 -3.44186e-07 -4.28028e-06 -1.07064e-07 -0.000158747 -0.000128133 5.50548e-06 8.04405e-05 1.78099e-07 -2.65081e-07 7.36771e-05 -2.62538e-07 9.17752e-05 -3.1226e-06 -6.60971e-07 
-0.00140146 -0.00267995 -1.21431e-07 1.90789e-07 -0.00171372 -6.69414e-05 0.00425755 -0.00638301 -1.03498e-05 0.0107625 -0.00575636 -0.00373271 5.59122e-05 0.000598408 -0.00313951 -0.00326931 -0.000729184 -0.000829285 -0.0027787 -0.0081129 -0.00153907 -0.00334776 -0.000562386 -4.58711e-05 -0.000468223 0.000101773 0.00240084 0.00930544 -0.000112619 0.00690864 3.89942e-05 -0.00406543 -0.000932142 -0.00317368 0.00526762 0.00961736 0.00178792 -0.00568447 -9.09324e-07 1.00858e-06 -3.23663e-06 -0.00382901 -0.00485188 -0.00620486 -2.8266e-06 0.00982379 -0.000154287 -5.88912e-07 -1.93609e-06 -8.57155e-05 -0.00130994 -2.8834e-05 0.000289362 -6.31323e-06 -3.24612e-05 0.000270258 3.11752e-07 8.49763e-07 -0.000703274 0.00559971 -0.00203148 -5.52833e-06 -0.00491416 -1.04432e-05 -9.32344e-06 -4.26841e-05 0.000401937 -0.00050111 0.0096131 -0.000316382 -8.2779e-05 -0.000195777 -0.00125495 -5.90795e-05 0.000167083 -7.56585e-08 0.0065292 -0.00236707 0.00351699 0.00642306 0.00248786 -5.21966e-05 -0.00545241 0.00561815 1.21156e-06 -2.73636e-05 -2.21126e-06 -8.29635e-06 -2.60611e-06 -0.00304967 -0.00336261 -1.69448e-05 -0.00021017 -1.72411e-05 -2.86554e-06 -6.39463e-05 0.000151312 -0.000151588 -3.42538e-05 -1.89555e-06 
0.0349008 0.0946157 -2.11532e-06 -3.58163e-06 0.0456393 -0.00385052 -0.00287401 3.55949e-05 0.000147591 -0.00575636 0.235396 -0.168695 -0.00109388 -0.000766632 -0.18049 -0.166408 -0.017266 -0.0432643 0.0975482 0.00244096 0.0543926 -0.185027 0.00802417 0.000694711 -0.024675 -0.000100922 0.00329266 -0.0416319 -0.00627856 -0.0329181 3.94886e-05 -0.136719 0.145612 -0.1652 0.130013 -0.0314821 0.00961327 0.0502576 2.43027e-05 1.63669e-05 9.1124e-05 -0.168486 0.213271 -0.087376 -0.000215951 -0.0361911 0.0745473 1.96788e-05 -0.000234932 0.00887888 -0.0144084 -0.000461694 0.00141417 3.51283e-05 0.00196965 -0.000123874 -8.76242e-07 8.12068e-05 0.00484771 -0.0330899 0.139342 5.23889e-05 0.169931 0.000250147 -0.000531562 0.000292093 0.154438 -0.0130816 -0.0345717 0.0504682 0.00222348 -0.0121656 -0.0972157 0.00109815 0.000978395 -1.39696e-06 -0.0380311 -0.150452 0.200763 -0.028099 0.148195 0.000852609 0.080976 0.116642 -3.19041e-05 -0.000105805 9.49095e-05 0.0014089 -0.000152246 -0.16912 -0.18432 -0.00127835 -0.00667307 0.000592542 0.000107099 0.00192539 -7.71859e-05 0.00410776 -0.00190305 0.000304184 
-0.0415977 -0.0766876 4.02353e-06 -3.46638e-06 -0.0318641 0.00395657 -0.00159998 0.0293918 9.35019e-06 -0.00373271 -0.168695 0.226608 -0.00343887 -0.00150212 0.191291 0.180521 -0.0246944 0.0452384 -0.0843275 0.0578189 -0.0487678 0.196557 -0.00881702 0.000476073 0.0240234 -0.00145868 -0.0388279 -0.0265354 0.00627883 -0.0317444 -6.69408e-05 0.156067 -0.125791 0.176641 -0.146222 -0.0332038 -0.0434266 0.000315748 -2.92544e-05 -0.000105564 1.47087e-05 0.195109 -0.163789 0.141721 -9.09716e-05 -0.0307043 -0.106153 -1.529e-05 0.000211199 -0.00774847 0.0421179 -0.000823858 -0.00292441 -0.000246624 -0.00201124 -0.000254543 -2.35377e-06 -0.000107396 -0.00049885 -0.00760782 -0.131702 -0.000175517 -0.119762 -0.000452015 0.000381676 -0.000342599 -0.163769 -0.0284871 -0.0304966 -0.0468084 -0.00232359 0.0128313 0.100465 -0.00125049 -0.00121108 -2.40652e-06 -0.0204865 0.174083 -0.165401 -0.0339529 -0.139979 -0.00165524 -0.0219373 -0.161824 1.60408e-05 -0.00103869 -0.000119714 -0.00162539 0.000158043 0.181736 0.196239 0.00139569 0.00547066 -0.000574088 -5.27433e-05 -0.00180527 -8.72893e-05 -0.00525492 0.00186609 -0.000319765 
0.00399793 0.00319845 -8.68091e-08 2.63816e-06 -0.00131188 -3.81671e-05 -1.654e-05 -0.00283814 -4.70376e-06 5.59122e-05 -0.00109388 -0.00343887 0.0100647 1.63454e-05 -0.00292201 -0.0028724 0.00803621 -0.00065407 -0.00254852 -0.00678683 -0.000881065 -0.00311808 0.00358298 5.45313e-05 -0.000299514 0.000202949 0.00742085 0.00281392 -1.76856e-05 0.00508317 4.6736e-07 -0.00379687 -0.00324737 -0.00294772 -0.00191767 0.00249609 0.00527817 -0.00506364 -5.6556e-07 -2.91041e-06 -2.49553e-06 -0.0035591 -0.0051134 -0.00570943 0.000150442 0.00272495 0.0050762 -5.6793e-07 1.65835e-06 2.53345e-05 0.00284708 0.000271907 0.000346518 1.61787e-05 0.000269529 -3.51175e-06 4.13234e-06 -3.15721e-07 0.00497621 0.000627369 -0.00327207 -4.7595e-06 -0.00337275 0.000220564 3.90164e-05 3.69704e-05 0.00118002 0.00779129 0.0026138 -0.00134658 1.72701e-05 -0.000200852 -0.00146355 -2.30226e-05 -2.65241e-05 8.39298e-07 0.00272103 -0.00388295 -0.00516815 0.00821448 -0.00340139 0.00210181 -0.00551446 -0.00143786 2.67475e-05 3.8598e-05 4.40179e-06 0.000241326 -2.39572e-06 -0.00284585 -0.00313726 -2.13588e-05 6.18203e-06 -1.8208e-05 -2.64514e-07 -7.94256e-06 -1.63394e-06 0.000440998 2.77813e-05 -8.09802e-06 
0.000736782 -0.000900133 7.94268e-07 -4.54751e-08 0.000533237 -2.42542e-05 0.000483036 -0.00125349 3.0746e-05 0.000598408 -0.000766632 -0.00150212 1.63454e-05 0.00437723 -0.00130689 -0.000822322 0.00024515 0.000162757 0.00116648 -0.000797061 -0.000418189 -0.00128118 -0.000226063 9.92727e-05 -0.00018283 3.46165e-05 0.000307208 0.000645122 -4.51017e-05 0.00147499 -7.53681e-08 -0.00135424 -0.000669932 -0.00120273 -0.000361339 0.000778955 -0.000521971 -0.000200687 2.76836e-06 1.6284e-05 1.19405e-06 -0.000909444 -0.00027083 -0.00150093 0.000105034 0.000720166 -0.000711521 7.0056e-07 -1.57005e-06 -0.000104985 -0.000494971 0.000830385 9.49048e-05 0.000159175 5.20573e-05 3.54038e-05 8.44711e-07 -9.74293e-07 -0.00027697 0.000692615 -0.000197316 2.27795e-05 -0.000725157 -2.66021e-06 -3.88563e-06 0.00115498 -0.000402284 0.000850057 0.00110572 -0.000393843 0.000108556 -6.55321e-05 -0.000632934 0.000438283 0.000120094 2.86276e-06 0.000467426 -0.00124076 0.000334236 0.000410007 0.00125854 -1.35333e-05 0.000319625 -0.000193866 6.42792e-08 0.00171582 5.16472e-06 -1.74343e-05 -1.05876e-06 -0.00122603 -0.00132082 -9.0865e-06 0.000857728 3.53823e-06 -2.98845e-07 0.000277223 -1.12969e-06 0.000702033 -1.36149e-05 1.33333e-05 
-0.0397048 -0.0813266 1.71157e-06 -3.03795e-06 -0.0345605 0.00349161 -0.00131341 0.0253375 -0.000133071 -0.00313951 -0.18049 0.191291 -0.00292201 -0.00130689 0.209416 0.185115 -0.020965 0.0431892 -0.0783725 0.0491711 -0.0432865 0.204093 -0.00696704 -0.000501596 0.027069 -0.00134623 -0.0485807 -0.0220576 0.0068231 -0.026981 -6.55092e-05 0.160586 -0.119052 0.182247 -0.12948 -0.0300584 -0.0404466 -0.0130319 -2.55444e-05 -8.98559e-05 -8.5278e-05 0.191233 -0.17623 0.126436 -4.80546e-05 -0.0256388 -0.107677 -1.63744e-05 0.000209573 -0.00728012 0.0175468 -0.000690982 -0.00241566 -0.000207786 -0.00177184 -0.000211177 -2.54673e-06 -0.000108031 -0.00226737 -0.00704574 -0.114953 -0.000150807 -0.135048 -0.000476695 0.000294124 -0.0009238 -0.15012 -0.0249353 -0.0262922 -0.0405878 -0.00207246 0.013731 0.10233 -0.00126481 -0.00104416 -1.82255e-06 -0.0166604 0.171866 -0.17668 -0.0291889 -0.144713 -0.00135461 -0.0380625 -0.140668 2.2636e-05 -0.000913278 -0.000100886 -0.00139475 0.000171496 0.188196 0.20338 0.00146413 0.00642232 -0.000474385 -8.80548e-05 -0.00175172 -7.68397e-05 -0.00497841 0.00201943 -0.000272173 
-0.0406218 -0.0840356 4.21364e-06 -2.17985e-06 -0.0222905 0.00364484 -0.00140146 0.0262974 -0.000127982 -0.00326931 -0.166408 0.180521 -0.0028724 -0.000822322 0.185115 0.213903 -0.0202982 0.0508209 -0.079948 0.0525012 -0.0445617 0.191827 -0.0060391 -0.000999447 0.0249276 -0.0013166 -0.0493222 -0.0223793 0.00591513 -0.0265306 -5.39996e-05 0.160661 -0.110722 0.181406 -0.133931 -0.0272654 -0.0411565 -0.00717707 -2.51707e-05 -6.58348e-05 -8.18065e-05 0.196936 -0.166506 0.129825 0.000230813 -0.0259735 -0.110497 -1.63301e-05 0.000120754 -0.0075005 0.00331823 -0.000722866 -0.00235512 -0.000103743 -0.00176327 -0.000232584 -2.46029e-06 -0.000103011 -0.00356157 -0.00777278 -0.120078 -0.000156345 -0.132007 -0.000491956 8.91869e-05 -0.000664462 -0.15351 -0.0243846 -0.0261835 -0.0421357 -0.00172313 0.0125063 0.0929647 -0.00110899 -0.00108057 -9.12259e-07 -0.0178372 0.16106 -0.16707 -0.0290993 -0.130428 -0.0013696 -0.0250187 -0.14614 4.24649e-08 -0.000847951 -6.37724e-05 -0.00142087 0.000127152 0.173123 0.192769 0.00136541 0.00741077 -0.000496235 -9.06422e-05 -0.00166932 -9.45689e-06 -0.00493923 0.0017496 -0.000278925 
0.0295202 0.0122721 5.14737e-07 7.0696e-06 -0.00900583 -0.000373352 -5.42804e-05 -0.0149449 -6.51417e-05 -0.000729184 -0.017266 -0.0246944 0.00803621 0.00024515 -0.020965 -0.0202982 0.0661822 -0.00554018 -0.0176496 -0.0529497 -0.0102778 -0.0219412 0.0125841 0.000225107 -0.00176237 0.00169909 0.0585144 0.0360314 -0.000256051 0.0531283 -1.31735e-05 -0.0265369 -0.0283934 -0.0207612 -0.0236486 0.0332245 0.0483189 -0.036808 2.52576e-06 1.39249e-07 -1.79739e-05 -0.0250718 -0.0370627 -0.0408788 0.000290166 0.0348639 0.044355 -3.59698e-06 -2.79611e-05 -0.00156961 0.0136703 0.00161047 -5.22312e-05 0.000172321 -0.000192227 -5.29619e-05 5.03845e-06 3.52327e-05 0.0238524 0.0233724 -0.0275285 3.2461e-05 -0.0251458 0.000401382 -2.70961e-05 0.000129467 0.00715624 0.0612724 0.0352892 -0.00945848 0.00257823 -0.00137489 -0.0111233 0.0011385 -0.000167958 6.11171e-07 0.0374377 -0.0295242 -0.0421066 0.0600309 -0.0220027 0.00391289 -0.0430034 0.000559166 1.05357e-05 0.000189019 -2.02613e-05 -5.27432e-05 -1.74508e-05 -0.0199945 -0.0220478 -0.000140394 -0.000631555 -0.000129375 -1.86167e-05 0.000140424 -1.85733e-05 0.00204024 -7.351e-05 -6.64007e-05 
-0.010574 -0.0218881 -9.01412e-08 -8.46628e-07 -0.00661802 0.0010363 -0.000371034 0.00621749 -2.63584e-05 -0.000829285 -0.0432643 0.0452384 -0.00065407 0.000162757 0.0431892 0.0508209 -0.00554018 0.0751527 -0.0204582 0.0185224 -0.0116489 0.0496777 0.000988243 0.000441703 -0.0016599 0.000104513 -0.0132674 -0.00610964 -0.000828387 -0.00703437 -1.67126e-05 0.0402506 -0.0272009 0.0507869 -0.0346434 -0.00560309 -0.011045 -0.0151863 -8.18704e-06 5.2344e-05 -2.02904e-05 0.0513927 -0.0445984 0.0330981 0.000159739 -0.00666962 -0.0293994 -4.60264e-06 0.000159813 -0.00197108 -0.00424953 -0.000110519 -0.00010273 -6.63379e-05 -0.000453761 -5.16667e-05 3.35116e-06 -2.66585e-05 -0.00516533 -0.00507039 -0.0306499 1.11593e-05 -0.0370754 -0.000125562 -0.000105235 -0.000154541 -0.040009 -0.00625715 -0.00623278 -0.0109484 -0.000135808 -0.000206642 0.00504481 -0.000442944 -0.000249325 4.17519e-07 -0.00506542 0.0415028 -0.0450568 -0.00792848 -0.033844 -0.000261091 0.00998626 -0.0383254 2.33446e-05 -7.44577e-05 -2.74674e-05 -0.000324185 2.14764e-07 0.0354045 0.050239 -0.000172179 -0.0012795 -0.000153688 -2.46155e-05 -0.000447782 1.91926e-06 -0.00135395 -0.000227882 -7.36374e-05 
0.031024 0.100914 -2.15878e-06 -1.71706e-06 0.031443 -0.00164468 -0.00121849 -0.0303483 0.000164572 -0.0027787 0.0975482 -0.0843275 -0.00254852 0.00116648 -0.0783725 -0.079948 -0.0176496 -0.0204582 0.193988 -0.0202739 -0.0270425 -0.0807667 -0.000690731 0.000181103 -0.0107763 7.49383e-05 0.000255064 -0.0189573 -0.00274476 -0.0194528 -4.28472e-05 -0.0577006 0.0355933 -0.0757256 0.034519 -0.0182757 0.00324504 0.00316699 1.28163e-05 0.000176469 5.64088e-05 -0.0835867 0.102379 -0.0649099 -8.98831e-05 -0.0227386 0.08037 2.48802e-05 -0.000121601 -0.00310158 -0.0218428 0.000588938 0.0044196 -1.94274e-06 -0.00121408 -8.2346e-05 -5.97134e-07 3.78086e-05 -0.0150734 -0.016758 0.0440592 0.000237394 0.0865254 -0.0002416 -0.000394944 0.00172882 0.0407928 -0.0156676 -0.0218723 0.0637494 4.03628e-05 -0.00509274 -0.0415419 0.000400198 0.00228364 3.8323e-06 -0.0162461 -0.103773 0.0967414 -0.0257271 0.0440397 -0.00126213 0.0704401 0.0945665 -5.07143e-06 0.00221144 -9.57582e-05 0.0030853 -6.33739e-05 -0.0737133 -0.0809788 -0.000555208 -0.0032006 0.000113764 -6.37482e-05 -0.000744497 -6.50744e-05 0.00125423 -0.000835476 -0.000212597 
-0.0442665 -0.0802637 -3.19363e-06 -7.71355e-06 0.0327189 -0.00142881 -0.00345689 0.0516624 -0.000380845 -0.0081129 0.00244096 0.0578189 -0.00678683 -0.000797061 0.0491711 0.0525012 -0.0529497 0.0185224 -0.0202739 0.188971 0.0283821 0.0525277 -0.0218913 -0.000418729 0.00771006 -0.00273024 -0.0899341 -0.0552182 -0.00783519 -0.0681984 3.06664e-06 0.0814196 0.017824 0.0613893 -0.00971914 -0.0529975 -0.0971829 0.110462 -1.56284e-06 -0.000241217 -3.6222e-05 0.0632762 0.0159426 0.11378 -0.000230444 -0.056901 -0.115736 -3.78465e-05 7.87561e-05 0.0043108 -0.0295513 -0.00195338 -0.00418646 -0.000253268 0.000965808 -0.000183442 -7.53021e-06 -5.81854e-05 -0.0472118 -0.03944 0.0189197 2.90165e-05 0.00629862 -0.000919012 0.00024064 -0.000109766 -0.0505041 -0.0605371 -0.0580795 -0.0498599 -0.00507506 -0.0111205 0.0291593 -0.00333624 -0.00222855 -5.0775e-07 -0.0458677 0.0687715 0.0105519 -0.0746436 0.040467 -0.00350819 0.0735057 -0.0569263 -2.43279e-05 -0.000372629 7.63261e-05 -0.002869 2.28678e-05 0.0474362 0.0529515 -0.00153067 0.00342695 0.000217734 6.19194e-05 -0.00321059 -9.58071e-05 -0.0103076 -0.00220485 0.00019998 
-0.0191143 -0.0257867 -3.2867e-07 -1.51567e-06 -0.00101822 -0.000908735 -0.000678894 0.0110427 -8.39231e-05 -0.00153907 0.0543926 -0.0487678 -0.000881065 -0.000418189 -0.0432865 -0.0445617 -0.0102778 -0.0116489 -0.0270425 0.0283821 0.125063 -0.0444885 -0.00732751 -0.000502518 -0.00585848 -0.000484125 -0.0228303 -0.0112216 -0.00153949 -0.0133091 3.30138e-06 -0.0366015 0.0847873 -0.0420679 0.0772841 -0.0139597 -0.0147517 0.0148748 4.66935e-06 -4.7497e-05 -2.83123e-05 -0.0495511 0.0586111 -0.0342573 -4.46546e-05 -0.00981876 -0.0334962 -8.42481e-06 -5.66683e-05 0.0184641 -0.0174898 -0.000399658 -0.00116261 7.10225e-05 0.00215166 0.000111004 -2.17605e-06 -4.29692e-05 -0.00936866 -0.00988063 0.0856139 4.03873e-06 0.0481296 -0.000218938 0.000108349 -0.000609075 0.0643965 -0.012057 -0.00642528 0.000501278 -0.00113762 -0.00288897 -0.0229569 -0.000815063 -0.000460497 -1.01891e-06 -0.00918553 -0.0303286 0.0579077 -0.0145634 0.0511898 -0.000698746 0.00638494 0.0182297 -1.21893e-05 -0.000435504 0.000173175 -0.000676237 -3.59423e-05 -0.0406604 -0.0446807 -0.000324562 0.000127284 0.000623367 3.37757e-05 -0.000769742 -3.35442e-05 -0.0021869 -0.000464958 0.000574327 
-0.0409446 -0.0839298 3.15248e-06 -3.13597e-06 -0.0338296 0.00419792 -0.00142609 0.026173 -0.000120936 -0.00334776 -0.185027 0.196557 -0.00311808 -0.00128118 0.204093 0.191827 -0.0219412 0.0496777 -0.0807667 0.0525277 -0.0444885 0.213144 -0.00592674 -0.000544586 0.0272015 -0.00139218 -0.0504786 -0.0242765 0.00666988 -0.0283128 -6.759e-05 0.168371 -0.12276 0.190606 -0.13423 -0.0315804 -0.0418787 -0.0141081 -2.54084e-05 -9.34024e-05 -8.45455e-05 0.199077 -0.182708 0.131236 -7.20444e-05 -0.0279481 -0.111374 -1.64525e-05 0.000256849 -0.00750866 0.0201735 -0.000738433 -0.00257527 -0.00018641 -0.00182645 -0.000230627 -2.68745e-06 -0.000112477 -0.0029007 -0.00935709 -0.11937 -0.000153105 -0.139727 -0.000490758 0.000411658 -0.000945707 -0.155274 -0.0260464 -0.0281516 -0.0418821 -0.00211278 0.0134985 0.107488 -0.00133647 -0.00107811 -2.13511e-06 -0.0180333 0.176188 -0.184219 -0.0306215 -0.150089 -0.00140291 -0.0348163 -0.145846 1.49111e-05 -0.000900214 -8.73084e-05 -0.00144281 0.000170728 0.193778 0.212041 0.00145102 0.00657257 -0.00051053 -9.19813e-05 -0.00177354 -4.24786e-05 -0.00513623 0.00200034 -0.000280837 
0.0272793 0.0248299 -1.70265e-07 6.03195e-06 0.000204795 -0.000312535 -0.000157824 0.00197036 6.4668e-05 -0.000562386 0.00802417 -0.00881702 0.00358298 -0.000226063 -0.00696704 -0.0060391 0.0125841 0.000988243 -0.000690731 -0.0218913 -0.00732751 -0.00592674 0.0490239 0.00010864 0.00200579 0.000143003 0.0302792 -0.00327402 -0.000392398 0.00258126 -1.13078e-05 -0.00729217 -0.0202177 -0.00515403 -0.021708 -0.0054634 0.0265182 0.00042527 -1.30502e-08 -1.68275e-05 8.2315e-06 -0.00739195 -0.00834448 -0.0156981 -1.4029e-05 -0.0046073 0.0218231 2.36478e-05 2.80961e-05 -0.00122179 0.00609012 -4.93131e-05 -0.000370911 0.000204705 -7.93848e-05 -3.88904e-05 7.44897e-06 1.02344e-05 0.0177837 -0.00279379 -0.0198006 5.38109e-05 0.000434293 0.000560742 -7.49466e-05 -0.00020447 0.00760705 0.0152596 -0.00502211 -0.00656935 0.00434724 -0.00075025 -0.00572961 0.00272582 0.000252165 -3.59462e-07 -0.00288097 -0.0138158 -0.0126622 0.0124153 -0.0200922 0.00425484 -0.0184901 -0.00603246 -2.00695e-06 -0.00012259 -1.08896e-05 -0.000241635 -9.79455e-06 -0.0122346 -0.0057286 -0.000112386 0.000107309 0.000196048 -1.392e-05 0.00132142 5.47046e-05 0.00761486 -9.67908e-05 -4.74844e-05 
0.00131462 0.000338423 4.21591e-08 -1.76733e-08 0.00120262 -1.37184e-05 -1.9555e-05 1.51173e-05 2.8317e-05 -4.58711e-05 0.000694711 0.000476073 5.45313e-05 9.92727e-05 -0.000501596 -0.000999447 0.000225107 0.000441703 0.000181103 -0.000418729 -0.000502518 -0.000544586 0.00010864 0.00426844 -0.000173994 0.000166267 0.000487186 -0.000233026 4.60022e-05 -0.000188787 1.34873e-06 -0.001348 -0.000724462 -0.000899988 -0.00173389 -0.000223901 0.000635301 7.47245e-05 3.10972e-06 1.16395e-06 -3.22937e-07 0.000949762 -0.00061695 0.000328245 -1.16482e-07 -0.000290716 -0.000127871 2.8687e-07 7.92053e-05 -4.32736e-05 0.000909726 7.06654e-05 7.90847e-05 6.53439e-07 -1.72883e-05 -2.69016e-06 2.17634e-06 -1.27075e-06 0.000934252 -2.72428e-05 -0.00147845 3.25753e-05 -0.00103524 -4.31414e-06 1.52422e-05 0.000788495 0.000456074 0.000932171 -0.000380697 -0.000548544 0.000273437 6.45741e-05 -0.000650905 3.27879e-05 1.41804e-06 4.49019e-06 -0.000224673 -0.000841179 -0.000857081 0.000606954 -0.000601619 7.55113e-05 0.000355425 -0.00178626 1.77667e-05 0.000562506 -1.50196e-06 -4.29684e-06 7.49183e-06 -0.000527705 -0.000582057 1.8982e-06 -1.29323e-05 -7.86164e-06 -1.28918e-06 0.000819782 -9.00329e-07 -3.84636e-05 2.16077e-05 -2.29782e-06 
-0.00356947 -0.00959555 -4.80271e-07 3.59821e-06 -0.00204315 0.00049373 -0.000137797 0.00331241 -2.49034e-05 -0.000468223 -0.024675 0.0240234 -0.000299514 -0.00018283 0.027069 0.0249276 -0.00176237 -0.0016599 -0.0107763 0.00771006 -0.00585848 0.0272015 0.00200579 -0.000173994 0.041183 -0.000185293 -0.00512913 -0.00286486 -0.000283724 -0.00321985 -9.44935e-06 0.0243349 -0.0170009 0.0248188 -0.0184191 -0.00493292 -0.0040804 0.0144515 1.28325e-06 -1.40561e-05 -1.14229e-05 0.0253129 -0.0243293 0.0159467 -1.4928e-05 -0.00385079 -0.0132019 -2.43756e-06 7.87378e-06 -0.00104635 -0.00430456 -0.00011391 -0.000375878 -1.57383e-05 -0.000254388 -3.1714e-05 -6.02404e-07 -1.33486e-05 -0.00131678 -0.0029255 -0.0161222 5.67216e-05 -0.0190275 2.87742e-05 -5.63735e-05 -0.000175974 -0.0196272 -0.00253898 -0.00451731 -0.00577748 -0.00018134 0.000316729 -0.00558216 -0.00013768 -0.000145874 -2.9257e-07 -0.00247227 0.0219838 -0.0251537 -0.00240994 -0.0210333 -0.000166497 -0.0231382 -0.01941 -3.54647e-06 -0.000117823 -4.88707e-06 -0.000197837 8.68357e-06 0.0253296 0.0270669 -4.53801e-05 0.00053173 -7.42077e-05 -1.28053e-05 -0.000218641 -4.37461e-06 -0.000713571 0.000157246 -3.98504e-05 
0.00194604 0.00195574 -1.3847e-08 -4.68171e-08 -0.00061618 -2.45216e-05 5.18583e-05 -0.00232051 5.27871e-06 0.000101773 -0.000100922 -0.00145868 0.000202949 3.46165e-05 -0.00134623 -0.0013166 0.00169909 0.000104513 7.49383e-05 -0.00273024 -0.000484125 -0.00139218 0.000143003 0.000166267 -0.000185293 0.00450582 0.00223073 0.000926171 -9.52653e-06 0.00234638 -7.60524e-07 -0.00166937 -0.000546245 -0.00125732 -0.000374994 0.00145206 0.00238233 -0.00226025 8.18269e-07 8.08841e-05 -1.22832e-06 -0.0015627 -0.00102008 -0.00255811 4.2621e-05 0.00133743 0.00170273 -2.60233e-07 -1.8582e-06 -0.000105675 0.00127988 0.000494782 0.000490165 -2.33656e-06 6.73611e-07 6.42713e-07 2.21612e-06 1.22817e-06 0.001468 0.000556651 -0.000616902 3.81203e-05 -0.000825763 8.87116e-05 -2.83402e-06 -9.9934e-06 -0.000378101 0.00216418 0.000827021 0.000339535 4.93048e-05 -6.14704e-05 -0.000603752 -3.20367e-06 2.3606e-05 4.2186e-07 0.000897933 -0.00181414 -0.00119715 0.00217515 -0.00142018 3.61459e-05 -0.00157604 0.000148105 2.18135e-05 2.95354e-05 -1.63255e-06 7.12245e-05 -1.12432e-06 -0.00126713 -0.00139884 -6.5658e-06 -8.61754e-05 1.74925e-05 -1.3612e-06 -1.46433e-05 -4.97741e-07 -7.16852e-05 -7.88442e-06 -3.25431e-06 
0.0533905 0.0640723 8.90508e-07 7.10105e-06 -0.0181787 -0.000943178 0.000652837 -0.0181615 0.000453023 0.00240084 0.00329266 -0.0388279 0.00742085 0.000307208 -0.0485807 -0.0493222 0.0585144 -0.0132674 0.000255064 -0.0899341 -0.0228303 -0.0504786 0.0302792 0.000487186 -0.00512913 0.00223073 0.137059 0.0462696 -0.00113995 0.0664977 -3.16953e-05 -0.0589573 -0.0584868 -0.0477512 -0.0347324 0.0381707 0.0834601 -0.0443357 5.35901e-06 -3.63079e-05 6.98307e-05 -0.0573545 -0.0145357 -0.0758126 4.45982e-06 0.0406383 0.101008 3.36816e-05 -3.7059e-05 -0.00322181 0.0316059 0.00211836 -0.000963449 0.000281461 -0.000672758 -0.000123432 8.13893e-06 5.09761e-05 0.036717 0.0228072 -0.0602697 4.97395e-05 -0.0011047 0.0011265 -0.000166619 0.000520732 0.0242373 0.0689779 0.0445414 -0.0123089 0.00569896 -0.00319276 -0.025483 0.00390212 0.000739289 -2.16547e-07 0.0422102 -0.0680112 -0.0191131 0.0744328 -0.0390154 0.00390148 -0.0549212 0.0210447 1.20068e-05 0.000611967 -5.66045e-05 -0.00053377 -4.03104e-05 -0.0459917 -0.0507296 -0.000317687 -0.00118098 0.000194293 -2.32429e-05 0.0036331 -2.19112e-07 0.0103859 -0.00034574 -0.000137904 
0.00281543 -0.0104457 -8.81148e-07 6.25333e-06 -0.0118912 -0.000413689 0.004258 -0.0241382 -6.52128e-05 0.00930544 -0.0416319 -0.0265354 0.00281392 0.000645122 -0.0220576 -0.0223793 0.0360314 -0.00610964 -0.0189573 -0.0552182 -0.0112216 -0.0242765 -0.00327402 -0.000233026 -0.00286486 0.000926171 0.0462696 0.0727219 -0.000720089 0.0604714 2.68367e-05 -0.0292792 -0.024413 -0.0230157 0.00587528 0.0643697 0.0315931 -0.0380903 -1.96395e-06 1.26542e-07 -1.27323e-05 -0.0277072 -0.0316425 -0.0426183 0.000240927 0.0654855 0.0364094 -4.45944e-06 -2.87179e-05 -0.00167541 -0.00853206 -0.000151928 0.00074207 -1.80655e-05 -0.000396499 0.000308619 -6.95828e-07 2.92795e-05 -0.00481582 0.0411546 -0.0218714 -1.56356e-05 -0.0344571 5.90202e-06 8.82039e-05 -0.000315554 -0.000228036 0.0351157 0.0648659 -0.00898863 -0.000427001 -0.0014659 -0.0116539 -0.000277566 5.90721e-05 1.11766e-06 0.0547314 -0.0240114 -0.0160204 0.0588946 0.0011614 -0.0003442 -0.0447191 0.030982 -5.55448e-06 -0.000215527 -1.51653e-05 5.34294e-05 -1.9529e-05 -0.0221371 -0.0243861 -0.000169271 -0.00125498 -0.000138361 -1.98077e-05 -0.000463646 0.000138158 -7.56925e-06 -7.87407e-05 -5.0615e-05 
-0.0011937 -0.00234015 6.25651e-07 -5.90703e-08 -0.0016156 0.000177361 -4.72701e-05 0.000563679 -9.83025e-06 -0.000112619 -0.00627856 0.00627883 -1.76856e-05 -4.51017e-05 0.0068231 0.00591513 -0.000256051 -0.000828387 -0.00274476 -0.00783519 -0.00153949 0.00666988 -0.000392398 4.60022e-05 -0.000283724 -9.52653e-06 -0.00113995 -0.000720089 0.0104338 -0.000503819 -2.3154e-06 -0.00374792 -0.00421169 -0.00188378 -0.00458805 -0.0010157 -0.000953839 -0.00545177 -1.0879e-06 -3.33942e-06 -3.17225e-06 0.00622073 -0.00624759 0.00389783 1.80713e-06 -0.000871445 -0.00326925 1.63734e-07 -4.43583e-07 -0.000257575 0.00889165 0.000110477 9.28506e-05 -7.96045e-07 -5.22049e-05 -7.49908e-06 -1.56593e-07 -2.03716e-06 0.00965332 0.00747521 -0.00408515 -5.26433e-06 -0.00474841 -1.04443e-05 -5.63174e-07 -3.99607e-05 -0.00499667 -0.000338431 -0.000986618 -0.00143377 8.30658e-05 0.0095184 -0.00156265 0.000201926 -3.6524e-05 -7.33228e-08 -2.62879e-06 0.00550162 -0.00629706 -0.000533386 -0.00521469 4.3616e-05 -0.00609772 -0.00495243 2.46528e-05 -1.53198e-05 -2.96887e-06 -4.94026e-05 5.02733e-06 0.00650442 0.00664733 0.000205507 -0.000196134 -2.04677e-05 -3.17119e-06 -5.86633e-05 -2.29478e-06 -0.000164786 0.000362319 -9.08589e-06 
0.0201421 0.00585918 -5.63468e-08 6.70876e-06 -0.01406 -0.000498533 0.00387947 -0.0250239 -6.64558e-05 0.00690864 -0.0329181 -0.0317444 0.00508317 0.00147499 -0.026981 -0.0265306 0.0531283 -0.00703437 -0.0194528 -0.0681984 -0.0133091 -0.0283128 0.00258126 -0.000188787 -0.00321985 0.00234638 0.0664977 0.0604714 -0.000503819 0.0835087 2.17666e-05 -0.0340215 -0.0352895 -0.0267664 -0.00723095 0.0555455 0.0514946 -0.0479465 -1.54034e-06 6.53316e-05 -2.0273e-05 -0.0323801 -0.0351806 -0.052735 0.000282397 0.056603 0.0520312 -2.3708e-06 -3.11232e-05 -0.00191128 0.0049929 0.00219809 7.99232e-05 0.000222663 -0.00032304 -6.89011e-05 3.1843e-06 2.87422e-05 0.0133042 0.0349402 -0.0351043 1.64639e-05 -0.032657 0.000512579 -4.3736e-05 0.000607625 0.00298689 0.0545391 0.0601176 -0.012075 0.00143067 -0.0017842 -0.0135999 0.00036995 0.000651204 1.88053e-06 0.0534723 -0.0374488 -0.0317887 0.0760178 -0.0138393 0.000653238 -0.052043 0.0202277 1.28366e-05 0.000719035 -2.46592e-05 -8.00981e-05 -2.25109e-05 -0.0258013 -0.0284543 -0.000176701 -0.000527421 -0.000172181 -2.33104e-05 -0.000332633 0.000132476 0.00197313 -0.000109356 -8.37617e-05 
-1.91673e-05 1.83851e-05 -2.45044e-09 -2.27112e-09 -4.78183e-06 -1.37212e-06 4.93233e-06 -1.8807e-05 -2.15449e-07 3.89942e-05 3.94886e-05 -6.69408e-05 4.6736e-07 -7.53681e-08 -6.55092e-05 -5.39996e-05 -1.31735e-05 -1.67126e-05 -4.28472e-05 3.06664e-06 3.30138e-06 -6.759e-05 -1.13078e-05 1.34873e-06 -9.44935e-06 -7.60524e-07 -3.16953e-05 2.68367e-05 -2.3154e-06 2.17666e-05 0.000219525 -7.29103e-05 0.000112722 -6.33425e-05 4.60761e-05 4.3123e-05 -2.72421e-05 3.1779e-05 -2.27222e-08 -7.32138e-08 -6.60542e-08 -2.56488e-05 7.56809e-05 2.552e-05 -7.86995e-08 3.08054e-05 -6.57204e-05 -1.2624e-08 -1.04048e-07 1.10883e-05 -2.34578e-05 -5.51907e-07 -1.78051e-06 -1.00309e-08 3.41738e-06 2.71216e-07 -3.26066e-09 -8.04546e-08 -1.21018e-05 -8.50801e-06 -5.6148e-05 -9.82268e-08 1.46971e-05 2.3144e-06 1.19427e-06 -9.15234e-07 8.64465e-05 -1.35937e-05 1.96034e-05 -2.45125e-05 -1.78844e-07 -4.34073e-06 -3.47905e-05 -1.33696e-06 -7.32254e-07 -1.52677e-09 -5.75781e-06 -8.79588e-05 7.9535e-05 1.3397e-05 0.000105694 -1.05627e-06 5.53341e-05 -5.86221e-05 -1.82648e-08 -6.82282e-07 3.08666e-06 -2.88689e-07 -5.45413e-08 -6.15655e-05 -6.79117e-05 -4.8959e-07 8.84853e-06 -4.27093e-07 2.07301e-07 4.10817e-06 -2.20831e-08 -3.25544e-06 -6.95432e-07 8.32067e-07 
-0.0147255 -0.0937186 1.88821e-06 -3.71838e-06 0.0216473 0.00328628 -0.00173052 0.0311573 -0.000173347 -0.00406543 -0.136719 0.156067 -0.00379687 -0.00135424 0.160586 0.160661 -0.0265369 0.0402506 -0.0577006 0.0814196 -0.0366015 0.168371 -0.00729217 -0.001348 0.0243349 -0.00166937 -0.0589573 -0.0292792 -0.00374792 -0.0340215 -7.29103e-05 0.234527 -0.115443 0.168077 -0.136636 -0.0273104 -0.0507518 0.0204998 1.74374e-05 -0.000120035 -4.81077e-05 0.170212 -0.134038 0.151829 -0.000113892 -0.0336325 -0.104939 -2.00117e-05 7.94648e-05 0.00298796 -0.00524987 -0.00102786 -0.00329618 -0.000163002 -0.00208192 -0.000278902 -4.07112e-06 -9.39547e-05 -0.0208253 -0.024411 -0.11286 -0.000188405 -0.10227 -0.000588857 0.000559248 -0.00118051 -0.169129 -0.0314409 -0.0351238 -0.050834 -0.00290844 -0.00291228 0.0894079 -0.00194078 -0.00128343 -2.60507e-06 -0.0228085 0.134818 -0.139424 -0.03691 -0.111099 -0.00169413 0.00247664 -0.141404 -1.60106e-06 -0.00101014 -8.38114e-05 -0.00175137 0.00012909 0.154919 0.169133 0.000692233 0.00426029 -0.000603848 5.54365e-05 -0.00219376 -1.57225e-05 -0.00600189 -0.000452729 -0.000347401 
-0.0504489 0.0191183 -3.78954e-06 -3.65653e-06 -0.0112369 -0.00249699 -0.0015721 -0.0174249 -0.000355041 -0.000932142 0.145612 -0.125791 -0.00324737 -0.000669932 -0.119052 -0.110722 -0.0283934 -0.0272009 0.0355933 0.017824 0.0847873 -0.12276 -0.0202177 -0.000724462 -0.0170009 -0.000546245 -0.0584868 -0.024413 -0.00421169 -0.0352895 0.000112722 -0.115443 0.23992 -0.10973 0.190709 -0.023059 -0.0326714 0.00932981 3.77468e-06 0.000144779 -8.21351e-05 -0.115013 0.155558 -0.0831197 -0.000138465 -0.014723 -0.0233742 -1.71977e-05 -0.000171501 0.0140917 -0.0448713 -0.00108234 0.00432565 -0.00012651 0.00291447 0.000402527 -3.96073e-06 -7.44156e-05 -0.0254374 -0.0235415 0.188655 2.22823e-05 0.109601 -0.000536114 -0.000150292 -0.0014952 0.161319 -0.0332298 -0.0183154 0.0674528 -0.00261207 -0.00789819 -0.0621352 -0.00236112 0.000526508 -2.77856e-06 -0.0249315 -0.078337 0.15786 -0.0394089 0.131731 -0.00191192 0.0726689 0.102971 -1.54601e-05 -0.00106732 0.00015179 0.00250334 -9.81994e-05 -0.111919 -0.123189 -0.000852739 -0.00345299 0.000346183 -9.80184e-06 -0.0016779 -9.75551e-05 -0.00393732 -0.00126941 0.000537823 
-0.0383892 -0.0793756 1.7073e-06 -3.01776e-06 -0.0227454 0.00384289 -0.00135123 0.0248043 -0.000140365 -0.00317368 -0.1652 0.176641 -0.00294772 -0.00120273 0.182247 0.181406 -0.0207612 0.0507869 -0.0757256 0.0613893 -0.0420679 0.190606 -0.00515403 -0.000899988 0.0248188 -0.00125732 -0.0477512 -0.0230157 -0.00188378 -0.0267664 -6.33425e-05 0.168077 -0.10973 0.206636 -0.126966 -0.0295253 -0.0396409 -0.00629699 -2.56988e-05 -4.76764e-05 -8.48065e-05 0.187821 -0.164805 0.124088 -8.29189e-05 -0.0264186 -0.105366 -1.65375e-05 1.72152e-05 -0.0071128 0.00941445 -0.000762739 -0.00242955 -0.000129749 -0.00173231 -0.000219213 -2.55595e-06 -0.000104304 -0.014547 -0.0188078 -0.113054 -0.000147013 -0.129008 -0.000464847 0.000412384 -0.00074392 -0.146877 -0.0245417 -0.0264978 -0.0396025 -0.00225384 -0.00181098 0.109445 -0.00146582 -0.00102148 -1.8487e-06 -0.0178858 0.157205 -0.166396 -0.0292378 -0.132592 -0.00130582 -0.0272188 -0.138001 -1.19195e-05 -0.000874684 -8.60562e-05 -0.00136631 1.39141e-06 0.173124 0.191259 -0.000488711 0.00187493 -0.000461821 -8.70873e-05 -0.00170402 -9.72731e-06 -0.00486527 -0.000836193 -0.000268233 
