0.249939 -0.00683538 -1.76427e-06 -0.00309584 0.00652188 -5.97339e-07 -0.0203597 4.54166e-05 -1.65165e-05 -0.0136787 -0.000108892 -7.91247e-05 -0.00302986 -0.00412239 -0.0682304 -0.00106589 -2.59653e-05 -0.00840308 -0.00270507 0.00352715 0.0444886 -0.000714238 -0.0363536 0.00249061 7.61979e-05 -0.0338268 -0.000163899 -0.00530753 -0.00856225 -0.00610538 0.0774232 0.0627 -0.014276 -0.00212539 -0.00498306 -0.00593741 -0.000137229 -1.94597e-05 -0.0258784 -0.0939771 -0.0099171 -0.00246244 0.00873786 -0.000153508 0.00724593 0.0135464 -9.12331e-05 2.72978e-05 -1.46841e-05 -0.000683915 -0.00138829 -0.000651756 -5.38237e-06 2.32832e-06 -0.00468969 -0.00840556 -0.0022745 -7.85343e-06 -1.75801e-05 0.0286794 -0.00045661 -0.000105259 -0.044874 -0.000513869 -0.00465669 -4.83572e-05 -0.0589767 -0.00515421 -0.003506 -0.000552536 0.0347316 -0.0236543 0.0332518 -0.000849132 -2.33009e-05 -1.70582e-05 -0.00852334 0.018114 -0.00540753 -0.0110116 -0.000897866 0.00210233 -1.64518e-06 -0.000708687 0.00831505 -1.88914e-05 -5.9573e-05 -0.00184221 0.000326787 -0.00148792 -0.00042568 -0.00165999 2.63407e-05 -0.00178214 0.047038 -0.0777649 0.0091071 -0.000519069 -0.000699181 -0.0013753 
-0.00683538 0.0141042 3.05406e-06 0.0062654 -0.0128893 4.71874e-06 -0.00545491 5.90236e-06 -4.89779e-08 0.00312969 0.00011254 1.54332e-05 -0.000147775 0.00825728 0.0101275 6.62734e-05 4.24995e-05 0.012317 0.00130302 -0.0070243 -0.0102288 0.00207467 -0.0115471 0.00021215 0.0125166 -0.00475051 8.69082e-06 0.00140404 0.000536338 0.0122555 -0.00805475 -0.0111552 -0.00969373 0.0116338 0.00149332 0.00697852 -3.43983e-06 1.85133e-06 -0.0129401 -0.00614423 -0.000398986 0.00341286 -0.00114365 -4.28366e-06 -0.000258947 -0.000665817 0.000129712 1.64594e-05 7.82186e-07 0.000125465 0.00129231 0.00102895 -1.41718e-07 2.36648e-07 0.000194046 -0.00105938 0.00338226 4.53593e-06 -4.36357e-07 -0.00435805 0.000920634 0.000159388 -0.0107217 -1.04552e-05 0.00935953 1.75743e-06 -0.00274702 0.0095115 0.00704704 0.000265482 -0.00269447 -0.0104227 -0.000870485 0.00120175 2.44159e-05 4.32501e-05 -0.000325754 -0.00215388 0.0108674 -0.0107799 -1.39299e-05 0.0022841 -1.02939e-08 -1.94489e-05 0.00902481 5.14801e-06 -1.42829e-06 0.000134481 -5.50297e-06 0.000263199 0.000232005 0.00110919 1.63776e-05 0.00157725 -0.0105901 0.00979422 -0.0137549 3.46613e-05 -5.42611e-06 0.00154113 
-1.76427e-06 3.05406e-06 1.39265e-05 8.43936e-08 -3.04242e-06 -1.20809e-09 4.97143e-07 -2.6645e-09 5.26336e-08 -3.1268e-07 -3.80537e-09 -1.10145e-08 -1.63354e-07 3.08489e-06 1.9511e-06 -2.47476e-08 -8.116e-10 3.64908e-06 -5.88316e-08 -3.01843e-06 -3.45515e-06 2.62269e-06 -4.91097e-06 5.61027e-07 2.63222e-06 -1.92627e-06 1.17312e-07 -1.43507e-07 -3.36294e-07 2.95297e-06 -3.84198e-06 -2.61209e-06 -3.49842e-06 2.82184e-06 -1.83354e-07 2.85851e-06 -4.71701e-09 -5.69694e-10 -3.91985e-06 -4.82892e-06 -2.08889e-07 -7.17355e-08 -6.71388e-07 -1.33181e-08 -1.72272e-07 -9.06204e-07 -2.69769e-09 -2.58948e-09 -4.87758e-10 -7.03736e-08 3.14409e-07 2.73388e-06 -1.73619e-10 -6.81478e-11 4.75361e-07 -3.88449e-07 -1.28583e-08 -2.99191e-10 -7.55615e-10 -1.55512e-06 -1.31126e-08 3.09986e-07 -4.05317e-06 4.86022e-08 2.86537e-06 -1.36834e-09 -4.34956e-07 -1.94301e-07 3.02965e-06 -1.58558e-08 -1.89256e-06 -3.8629e-06 6.21734e-07 -2.86571e-08 -6.59335e-10 -5.32054e-09 -2.81941e-07 4.01055e-07 3.42072e-07 -2.92499e-06 -2.6869e-08 1.20891e-06 -6.19272e-11 -2.64917e-08 2.82623e-06 -7.05943e-10 -1.74051e-09 -1.49479e-07 2.23452e-07 1.4815e-06 -1.5383e-08 1.53391e-08 -1.6374e-09 -1.36372e-08 -1.98215e-06 3.5288e-06 -3.28168e-06 -6.92575e-08 -1.99745e-08 1.50181e-07 
-0.00309584 0.0062654 8.43936e-08 0.00634551 -0.00626661 -2.87323e-07 -0.00248575 3.16815e-06 -2.3089e-07 -0.000103089 5.49517e-05 -3.79085e-06 -6.73084e-05 0.00576307 0.00440234 -7.91882e-06 3.53578e-05 0.00623982 0.000113847 -0.00397488 -0.00463408 0.000107269 -0.0056754 9.49306e-05 0.0057932 -0.00227349 -4.94808e-06 0.00032504 0.000357027 0.00611672 -0.00387631 -0.00506051 -0.00365232 0.00542682 -2.34391e-05 0.00283605 -2.02306e-06 -1.37909e-07 -0.00578654 -0.00319906 -0.000109187 0.000171401 -0.000559912 -5.53721e-06 -0.00011472 -0.000183904 -8.47067e-07 1.00059e-05 -1.10336e-07 -3.16509e-05 0.000853864 0.000137218 -7.96157e-08 -3.12502e-08 1.2004e-05 -0.000537818 0.00164546 4.94679e-08 -3.46499e-07 -0.00194608 4.38701e-06 1.22184e-05 -0.00479033 -2.05897e-06 0.004633 5.72526e-07 -0.00142523 0.00407087 0.00464588 -7.04427e-06 -0.00122747 -0.00536409 -0.000441607 0.00100179 2.56432e-06 5.81685e-06 -0.000145396 -0.000966676 0.00511084 -0.00509412 -1.18345e-05 0.00137671 2.49356e-08 -1.16348e-05 0.00375221 2.59628e-06 -7.38137e-07 -4.7566e-05 5.25331e-09 0.000379395 5.03292e-05 9.30081e-05 -5.54191e-07 0.000602797 -0.00474802 0.0045903 -0.00617462 -2.46191e-05 -7.9396e-06 0.000729794 
0.00652188 -0.0128893 -3.04242e-06 -0.00626661 0.0153794 -2.95804e-06 0.00519534 -6.63752e-06 -1.13983e-05 -0.0037229 -0.000172964 -1.56402e-05 -0.00108627 -0.00825718 -0.01004 -0.00128777 -4.45162e-05 -0.0118717 -0.00183952 0.00704418 0.0101013 -0.00208744 0.0132828 -0.000890824 -0.0116554 0.00553013 -4.90199e-05 -0.00194554 -0.000406701 -0.0121074 0.00758665 0.0111218 0.0105062 -0.0112917 -0.00148766 -0.00668475 3.58841e-06 -3.5756e-07 0.0137723 0.00690365 0.000464563 -0.00317245 0.000169307 7.81078e-06 0.000274549 0.000726696 -0.00017778 -1.6515e-05 -5.36145e-07 -0.00128652 -0.00132694 -0.00104426 1.58107e-07 -1.62355e-06 -6.83734e-05 -0.000660295 -0.00337483 -5.35102e-06 -1.71123e-05 0.00470569 -0.000919026 -0.000163202 0.0116995 7.13165e-06 -0.00934768 -9.20316e-05 0.00337932 -0.0091712 -0.00706717 -0.000282522 0.00237347 0.0108545 -8.82613e-05 -0.00120404 -2.50437e-05 -0.000105841 0.000353181 0.00122081 -0.0107784 0.0113265 -0.00123773 -0.00223544 -6.00527e-07 -0.00119188 -0.00889561 -2.3228e-05 1.73258e-06 -0.000107155 5.74573e-06 -0.000235929 -0.000198199 -0.00178665 -2.06798e-05 -0.000980451 0.0104793 -0.00972251 0.0139321 3.05727e-05 1.53882e-05 -0.00181915 
-5.97339e-07 4.71874e-06 -1.20809e-09 -2.87323e-07 -2.95804e-06 8.67391e-05 -3.04808e-05 -1.65967e-08 -4.35873e-09 -6.79747e-07 1.12964e-07 1.94726e-07 2.58325e-08 -1.51075e-07 2.15926e-05 -1.95674e-07 -5.05531e-09 -1.148e-06 1.19697e-06 -4.37174e-06 -4.58641e-05 1.63562e-06 8.68382e-09 -9.90212e-07 3.59183e-05 4.78397e-05 9.44305e-07 -1.05039e-07 6.38195e-06 4.09733e-06 -1.35966e-05 -2.73251e-05 -2.46142e-05 2.77729e-05 1.99508e-05 2.94701e-05 -2.93814e-08 -3.54852e-09 -3.31662e-05 2.65311e-05 -1.15037e-06 1.75498e-05 9.13217e-06 -8.29558e-08 6.85311e-07 -1.38791e-06 -1.68034e-08 -1.61294e-08 -3.03816e-09 -4.18344e-07 -1.73095e-08 2.88073e-07 -1.08144e-09 -4.2448e-10 2.15255e-07 -6.74997e-06 6.06179e-07 -1.86361e-09 -4.70658e-09 -2.56287e-05 -5.1676e-08 -2.08496e-08 -3.28172e-05 6.00503e-08 3.08056e-07 -8.52315e-09 1.9777e-05 1.46664e-05 -3.35051e-07 3.5457e-07 9.27293e-06 -3.55829e-05 -5.74448e-06 -1.21833e-07 -4.10688e-09 -3.31407e-08 -4.47884e-07 -8.76623e-06 3.13039e-06 -2.01688e-05 1.02638e-07 -9.69972e-07 -3.85734e-10 -1.65012e-07 -1.29891e-06 -4.39719e-09 5.55825e-07 1.04892e-06 -6.15514e-08 -2.3763e-06 1.77515e-07 -2.55614e-07 -1.01991e-08 1.17706e-05 -5.33675e-05 6.34655e-06 -3.04625e-05 2.48861e-06 1.36225e-06 1.15309e-07 
-0.0203597 -0.00545491 4.97143e-07 -0.00248575 0.00519534 -3.04808e-05 0.238185 9.80283e-05 -1.51249e-05 -0.00960015 -8.20805e-05 -0.000286976 -0.000724672 -0.00323025 0.0493456 -0.000842411 -1.83937e-05 -0.00396447 -0.00184148 0.00264949 -0.0562755 -0.00164802 -0.0413364 0.00393818 -0.0244198 0.015289 -0.000136399 -0.00106222 -0.00825621 -0.0049698 -0.0485406 -0.0621644 -0.0245525 -0.0171132 0.000472975 -0.00575079 -9.37084e-05 -1.53868e-05 -0.0299462 -0.0243158 -0.0129771 -0.00198571 0.00408891 -0.000343878 -0.00442852 -0.0103351 -7.18377e-05 -4.19373e-05 -1.0858e-05 -0.000318293 -0.000972335 -0.000411336 6.29178e-06 1.76857e-06 0.000107717 -0.00839766 -0.00169077 9.66875e-07 -1.4074e-05 -0.0524494 -0.000366932 -8.83526e-05 -0.0127594 0.000285123 -0.003781 -3.84433e-05 0.0531451 -0.00526819 -0.00280773 -0.000186736 0.0483295 0.032128 0.0371559 -0.000313313 -1.83255e-05 -0.000140166 -0.00310653 0.0116763 -0.0043404 0.0252104 -0.000734498 -0.00537763 -1.73999e-06 -0.000639674 -0.0179008 -1.77384e-05 -4.78602e-05 0.000728202 0.000273351 -0.00741259 -0.000368181 -0.00100172 -4.24966e-05 -0.00214483 -0.0420405 0.0662099 0.0114659 -0.00040786 0.000355132 -0.00100593 
4.54166e-05 5.90236e-06 -2.6645e-09 3.16815e-06 -6.63752e-06 -1.65967e-08 9.80283e-05 0.000191287 -9.61336e-09 -2.02372e-08 -5.22778e-08 -1.51316e-07 -5.17473e-07 2.63621e-06 -1.86879e-05 1.08177e-06 -1.11497e-08 4.91915e-06 6.83133e-07 -5.45398e-06 3.69184e-05 -8.33063e-07 -0.000112928 8.39271e-06 -2.53541e-06 -5.81926e-05 -1.74301e-07 -7.6489e-07 -3.63665e-06 5.56469e-06 1.60716e-05 2.42905e-05 -0.000145738 6.57715e-07 -9.6453e-07 4.37705e-06 -6.48019e-08 -7.8264e-09 -7.17034e-05 -9.14903e-05 -2.34749e-06 1.45037e-08 -1.39754e-05 -1.82963e-07 -3.04236e-06 -9.23269e-06 -3.70606e-08 -3.5574e-08 -6.70078e-09 1.67655e-06 -1.49654e-07 -3.13025e-07 -2.38516e-09 -9.36209e-10 1.00273e-05 2.64688e-05 4.45745e-07 -4.11026e-09 -1.03806e-08 -4.99657e-05 2.6986e-07 -4.59846e-08 -0.000124433 -2.17295e-07 6.01708e-06 7.54535e-07 -4.08186e-05 2.10706e-07 2.07142e-06 -2.17826e-07 0.000128569 -1.10271e-05 4.99514e-05 6.56311e-07 6.76088e-08 -7.30932e-08 -3.61034e-06 -1.94025e-05 5.16619e-06 1.40906e-05 1.14421e-06 -2.76499e-06 -8.50751e-10 1.14939e-06 -1.12086e-06 -9.69818e-09 -2.3911e-08 4.41365e-05 -1.35754e-07 -7.06166e-09 -2.11331e-07 1.46066e-06 -2.24945e-08 -1.05075e-06 2.85708e-05 3.87916e-05 -5.47135e-06 -8.0812e-07 -2.31074e-07 4.99639e-07 
-1.65165e-05 -4.89779e-08 5.26336e-08 -2.3089e-07 -1.13983e-05 -4.35873e-09 -1.51249e-05 -9.61336e-09 5.02441e-05 5.52977e-06 5.6627e-07 2.26927e-07 1.08173e-05 -3.23992e-07 1.48432e-05 1.208e-05 -2.92821e-09 -7.87599e-07 1.81314e-05 -4.17474e-07 -2.08924e-05 3.02455e-06 -2.04809e-05 1.51864e-05 1.22631e-05 -6.96279e-06 2.66422e-06 1.35437e-05 -1.96665e-07 1.52463e-06 -1.93632e-06 -1.63273e-05 -9.93126e-06 5.96636e-06 -5.81663e-07 9.05653e-07 -1.70187e-08 -2.05542e-09 -1.92613e-05 -1.32131e-05 1.51059e-05 6.27849e-07 -1.6443e-06 -4.80509e-08 -6.8685e-07 2.8338e-06 -9.73311e-09 -9.3427e-09 -1.75981e-09 1.43994e-05 8.84451e-09 -6.55421e-08 -6.26408e-10 -2.45874e-10 6.2135e-07 1.74871e-05 2.20046e-06 -1.07947e-09 1.40607e-07 2.82384e-06 1.16024e-07 -1.20768e-08 -2.63323e-05 -7.72022e-08 -3.32419e-07 -4.9369e-09 2.51274e-07 7.82305e-07 -5.38435e-09 -5.7207e-08 -3.31068e-06 -3.00514e-05 -1.23678e-06 -1.03393e-07 -2.37884e-09 2.7508e-06 -3.5952e-07 -6.39896e-06 -3.24436e-07 -2.16306e-05 1.85764e-05 6.92457e-07 1.49311e-06 9.72442e-06 3.05031e-06 -2.547e-09 -6.27966e-09 -3.55979e-07 -3.56527e-08 1.7102e-06 -5.55011e-08 1.75902e-05 -5.90767e-09 5.98961e-07 -1.33252e-05 -1.06763e-05 -1.89448e-05 6.10123e-07 3.446e-07 8.673e-06 
-0.0136787 0.00312969 -3.1268e-07 -0.000103089 -0.0037229 -6.79747e-07 -0.00960015 -2.02372e-08 5.52977e-06 0.0285291 -9.81447e-07 -1.262e-05 0.00107555 -0.000133111 -6.45648e-05 0.00136988 -6.95939e-08 0.00309851 0.00198387 -0.000434156 0.000285958 -5.13348e-06 -0.00145579 0.000582192 0.0012129 -0.00818845 -1.77578e-05 0.00163527 -0.000280138 0.00232348 0.00212067 0.000267598 -0.00735365 0.0016313 0.000679749 0.0011631 -7.56551e-06 -7.8237e-07 -0.00353777 -0.00923933 -0.000443536 0.00160398 0.0028461 -2.75585e-05 -0.000497091 -0.00112427 0.000158866 3.16809e-06 -8.46108e-07 0.00143575 0.000122338 4.66966e-05 -3.631e-07 -1.4383e-07 -0.000253145 -0.000253717 0.00201573 2.76521e-06 -1.3781e-06 0.00654581 0.000814305 -5.81279e-07 -0.00163057 -4.00813e-05 0.00143961 3.29754e-05 -0.0056108 0.00229087 -0.000166051 0.000293389 -0.00208214 -0.00077046 -0.0020037 -4.85924e-05 5.53177e-06 4.9334e-05 -0.00042386 -0.0037163 0.0025562 -0.0023923 0.00129065 -0.000313864 2.42632e-07 0.00116687 0.0019041 5.76734e-07 6.29989e-06 -0.000158451 -2.07259e-05 -0.000837972 -2.52434e-05 0.00188667 -2.56917e-06 -5.1964e-05 0.00098683 0.00338061 -0.00445401 -4.45519e-05 -1.87072e-05 0.00127269 
-0.000108892 0.00011254 -3.80537e-09 5.49517e-05 -0.000172964 1.12964e-07 -8.20805e-05 -5.22778e-08 5.6627e-07 -9.81447e-07 0.000273169 6.27228e-07 6.26716e-05 0.00011414 0.000172853 6.5237e-05 5.52741e-06 0.000107691 0.000109129 -0.000137218 -0.000183079 2.00402e-05 -0.000150498 6.94643e-05 9.92736e-05 -2.63717e-06 4.42844e-05 0.000118055 1.74419e-05 4.52e-05 -0.000149128 -0.000198769 -0.000129811 8.85349e-05 2.99156e-05 9.14193e-05 3.74516e-08 -1.11775e-08 -0.00015498 -5.9289e-05 6.07637e-06 1.57587e-06 9.78383e-06 9.28697e-07 -4.65628e-06 -3.8632e-06 3.0004e-06 -5.0806e-08 -9.56989e-09 7.62326e-05 4.38884e-06 1.83263e-05 -3.40643e-09 -1.33707e-09 2.6182e-07 1.08768e-05 4.26718e-06 -5.87018e-09 1.76052e-05 -5.58432e-05 -2.57271e-07 5.09926e-08 -0.000177611 2.31684e-06 6.87051e-05 1.75132e-05 2.91071e-05 5.54446e-07 0.000119694 3.18557e-06 -5.26246e-05 -0.000111159 -1.89975e-05 9.51077e-07 1.5704e-06 1.00561e-06 -1.59447e-06 -4.13211e-05 2.19402e-05 -0.000234571 5.76428e-05 3.14921e-06 5.02118e-07 5.53636e-05 2.97272e-05 1.30461e-05 1.19184e-07 -2.36947e-06 9.76119e-07 1.17692e-05 4.51748e-05 0.000114472 4.93454e-06 4.56316e-06 -0.000205101 5.24751e-05 -0.000229973 4.45782e-06 6.87143e-06 0.000142362 
-7.91247e-05 1.54332e-05 -1.10145e-08 -3.79085e-06 -1.56402e-05 1.94726e-07 -0.000286976 -1.51316e-07 2.26927e-07 -1.262e-05 6.27228e-07 0.000790264 -4.15013e-06 -4.8295e-06 -1.26945e-05 -1.67067e-06 2.37243e-07 -6.88635e-07 3.11809e-06 -4.18308e-05 -0.00010191 4.50063e-05 1.5031e-05 -8.098e-06 0.000311531 -3.89962e-05 -4.80522e-07 1.04536e-05 -4.43468e-06 3.87567e-05 -0.000226174 -7.13936e-05 5.66329e-05 0.000317375 4.41443e-05 9.98689e-05 1.02546e-06 -3.23527e-08 -2.17757e-06 -9.07871e-05 0.000407953 6.26195e-05 -5.14443e-05 8.95701e-06 1.33969e-05 5.4487e-05 6.56799e-07 7.22945e-07 1.05634e-07 -3.87649e-06 1.64092e-06 1.0176e-05 -9.85976e-09 -3.87009e-09 -6.9305e-06 -4.84217e-05 8.79574e-06 -1.6991e-08 4.33756e-07 0.000246735 2.30867e-06 3.3991e-07 -0.000202376 -1.21517e-06 -4.59144e-07 -7.77076e-08 5.48304e-06 8.89124e-05 -3.7954e-06 -8.27113e-07 -0.000137004 -0.000383444 -5.47441e-05 1.07126e-05 -3.74434e-08 -2.88818e-07 -4.32696e-06 -0.000106663 3.33473e-05 -0.000390892 -1.37921e-06 -9.39031e-07 -3.51682e-09 -6.34452e-07 -7.3428e-06 8.65765e-08 -9.88428e-08 5.13345e-05 -1.24512e-07 -9.20347e-06 6.42307e-06 -7.55757e-08 2.30346e-07 0.000112382 -7.67583e-05 -0.000185792 -0.000185129 -1.77644e-06 -1.13101e-06 -2.26129e-06 
-0.00302986 -0.000147775 -1.63354e-07 -6.73084e-05 -0.00108627 2.58325e-08 -0.000724672 -5.17473e-07 1.08173e-05 0.00107555 6.26716e-05 -4.15013e-06 0.011592 -9.76214e-05 0.00845686 0.00170805 -5.1356e-07 -0.00022921 0.00198187 6.12555e-05 -0.00778695 7.80903e-05 -0.000470005 0.000746474 0.0012276 0.00566271 0.000117474 0.00395083 -0.000188776 -0.000145752 -0.00532175 -0.00872395 0.000298476 0.000478509 0.00197931 0.000537954 -8.92843e-07 2.78352e-06 -0.000926724 0.00390673 -0.000297331 -1.61484e-05 -0.00109917 -9.84698e-06 -0.00015203 -0.000338263 4.16612e-05 3.02377e-07 4.05858e-07 0.00172681 -3.53382e-05 -1.84408e-05 -1.09562e-07 -5.73967e-08 0.000128669 0.000519129 -9.36738e-06 -2.5199e-07 2.49536e-05 -0.0027045 -9.85727e-06 -2.8192e-06 -0.000115595 0.000205405 -0.000106157 9.19809e-05 0.00636063 -5.97146e-05 -4.69271e-05 9.49023e-05 -0.00225496 -0.00184323 -0.000814097 -1.92861e-05 3.29135e-06 5.77888e-05 -0.00015311 -0.00163775 -0.000123326 -0.00815613 0.00170912 -0.000150798 1.40118e-06 0.00158008 0.00240125 2.25421e-05 6.92074e-06 -8.21203e-05 -8.31275e-06 -0.000327375 1.90438e-05 0.0017242 -1.04242e-06 7.32392e-05 -0.00860072 -0.00165948 -0.00218016 0.000304195 7.28434e-05 0.00087991 
-0.00412239 0.00825728 3.08489e-06 0.00576307 -0.00825718 -1.51075e-07 -0.00323025 2.63621e-06 -3.23992e-07 -0.000133111 0.00011414 -4.8295e-06 -9.76214e-05 0.00843223 0.0060718 -4.36364e-06 4.4231e-05 0.00819993 0.000134751 -0.00601034 -0.0061056 0.00155015 -0.00746753 0.000111987 0.00758897 -0.00296468 1.66221e-05 0.000393486 0.000415506 0.0080337 -0.00515456 -0.00672985 -0.0057366 0.00727571 0.000129701 0.00447699 -2.75719e-06 2.7544e-07 -0.00762733 -0.00407338 -0.000242702 0.0004978 -0.000709425 -7.4729e-06 -0.000146591 -0.000320366 -1.22072e-06 3.43203e-06 -1.84524e-07 -2.43315e-05 0.000631496 0.000891399 -1.06023e-07 -4.16156e-08 -3.92908e-05 -0.000714881 0.00139838 2.87294e-07 -4.61429e-07 -0.00258459 3.26792e-05 0.000152576 -0.00630449 2.63307e-06 0.00692283 1.25107e-06 -0.00185308 0.00512327 0.00690267 -1.00597e-06 -0.00163003 -0.00700878 -0.000582501 0.000805407 3.71403e-06 -2.67241e-06 -0.000192957 -0.00128517 0.00654174 -0.00681349 -1.61846e-05 0.00203566 1.55164e-08 -1.60809e-05 0.00584048 4.41557e-06 -8.19537e-07 -5.95086e-05 -1.37777e-06 0.000417382 0.000108119 0.000162048 1.53734e-05 0.000353003 -0.00631558 0.0060912 -0.00813786 -3.62466e-05 -5.33441e-06 0.000822187 
-0.0682304 0.0101275 1.9511e-06 0.00440234 -0.01004 2.15926e-05 0.0493456 -1.86879e-05 1.48432e-05 -6.45648e-05 0.000172853 -1.26945e-05 0.00845686 0.0060718 0.16001 0.00137619 1.66137e-05 0.00870332 0.00429484 -0.0048717 -0.137627 0.00295139 0.00679575 -0.000617449 0.0297712 0.10405 0.000201243 0.00955941 0.00466681 0.00892358 -0.110844 -0.137485 0.00490591 0.0219789 0.0108322 0.0118232 -5.5343e-05 -3.2535e-07 -0.000835579 0.0817729 -0.00285855 0.00378901 -0.0184687 0.000393761 -0.00313912 -0.0007025 0.000132932 -2.04438e-05 1.24281e-05 0.00102481 -9.579e-05 0.000655152 2.13979e-06 -9.78748e-07 0.00353454 -0.0133569 0.00183493 2.94297e-06 1.90178e-05 -0.0569782 0.000579718 0.000126703 0.0115808 0.00100948 0.00707343 7.78077e-05 0.129586 0.00840373 0.00555296 0.000636136 -0.0349422 -0.00920963 -0.0134133 0.00026659 3.21772e-05 4.86523e-05 -0.00215612 -0.0285874 0.00777381 -0.0366443 0.00146798 -0.000550193 1.75059e-06 0.00129175 0.0203322 3.21912e-05 5.82092e-05 -0.000723519 -0.000132119 -0.00483739 0.000624294 0.00232393 2.78367e-05 0.00361836 -0.139768 0.0854126 -0.0189673 0.00259545 0.00108062 0.00198985 
-0.00106589 6.62734e-05 -2.47476e-08 -7.91882e-06 -0.00128777 -1.95674e-07 -0.000842411 1.08177e-06 1.208e-05 0.00136988 6.5237e-05 -1.67067e-06 0.00170805 -4.36364e-06 0.00137619 0.0022506 3.52126e-08 -2.64836e-05 0.00182152 -2.79063e-05 -0.00124939 7.33882e-05 -0.00159356 0.000928651 -0.000133301 -0.000759205 3.3625e-05 0.00181671 -4.01926e-05 -2.36495e-05 0.00057882 -0.00139319 -0.0011487 -9.92668e-05 0.000353936 -2.59614e-05 -5.2401e-07 -9.22728e-08 -0.00156965 -0.00107789 -8.02616e-05 3.84439e-06 -0.000204044 -2.15712e-06 -3.70069e-05 -0.000137187 4.48297e-05 -4.19415e-07 -5.66845e-09 0.00182834 -4.76762e-06 -7.17209e-07 -2.81209e-08 -1.10378e-08 -2.33066e-05 0.00135732 4.19259e-05 -4.84597e-08 1.74976e-05 -0.000329238 2.39283e-06 -5.42155e-07 -0.00139839 6.77548e-07 -1.83765e-05 9.12817e-05 -0.000505253 -3.06108e-05 3.99134e-05 2.36085e-05 -0.000419514 -0.00127463 -0.000156256 -4.64156e-06 3.01987e-06 7.78382e-05 -5.0378e-05 -0.000306751 -1.53496e-05 -0.00104947 0.00172066 -1.871e-05 1.88664e-06 0.0015738 -0.00012301 1.9189e-05 -2.75242e-07 1.61357e-05 3.5328e-06 1.43916e-05 1.52784e-05 0.00183775 -2.25209e-07 -4.44019e-06 -0.00128296 -0.000454125 -0.00183461 9.38909e-06 -2.55858e-06 0.000948874 
-2.59653e-05 4.24995e-05 -8.116e-10 3.53578e-05 -4.45162e-05 -5.05531e-09 -1.83937e-05 -1.11497e-08 -2.92821e-09 -6.95939e-08 5.52741e-06 2.37243e-07 -5.1356e-07 4.4231e-05 1.66137e-05 3.52126e-08 5.82733e-05 4.48166e-05 6.36915e-06 -4.44865e-05 -3.05349e-05 3.76625e-06 -4.0456e-05 3.79811e-06 3.71294e-05 -1.56673e-05 3.42691e-06 1.77801e-07 -1.16057e-06 4.05059e-05 -2.99883e-05 -4.28554e-05 -3.68598e-05 1.84833e-05 -6.99299e-09 3.09563e-06 -1.97385e-08 -2.3839e-09 -4.47132e-05 -2.70005e-05 2.30059e-06 6.15649e-06 6.76419e-06 -5.573e-08 -8.23079e-08 -9.72046e-07 -1.12886e-08 6.91642e-08 4.12923e-08 -1.27814e-07 1.61792e-05 1.08647e-05 -7.26516e-10 -2.85167e-10 2.16501e-06 -1.43839e-06 1.61018e-05 -1.25198e-09 -3.1619e-09 -8.3572e-06 1.5218e-06 -1.40068e-08 -3.62855e-05 9.93793e-07 2.56066e-05 -5.72588e-09 -8.33106e-06 3.64103e-05 2.50601e-05 8.6984e-08 -1.0129e-05 -3.09864e-05 -2.95508e-06 6.03675e-06 -2.75901e-09 -2.2264e-08 -9.59894e-07 -7.43829e-06 2.94864e-05 -4.56577e-05 8.42325e-08 2.19179e-05 -2.59137e-10 -1.10855e-07 1.55761e-05 -2.95404e-09 -7.28322e-09 1.46117e-06 3.11983e-07 2.5385e-06 1.1323e-06 5.325e-07 2.70648e-06 7.60791e-06 -3.77479e-05 2.63626e-05 -4.60974e-05 1.25019e-06 -8.35839e-08 9.44671e-06 
-0.00840308 0.012317 3.64908e-06 0.00623982 -0.0118717 -1.148e-06 -0.00396447 4.91915e-06 -7.87599e-07 0.00309851 0.000107691 -6.88635e-07 -0.00022921 0.00819993 0.00870332 -2.64836e-05 4.48166e-05 0.0202237 0.000805762 -0.00675907 -0.0104924 0.00175297 -0.00988775 8.60916e-06 0.0114554 -0.00576463 2.4172e-06 0.000959695 0.000139765 0.0112582 -0.0109702 -0.0104941 -0.00843286 0.0102486 0.000556201 0.00613248 -4.13093e-06 -1.24727e-07 -0.0124108 -0.00673973 -0.000600798 0.00244103 -0.00107565 -1.8841e-05 -0.000360859 -0.000986374 0.000132127 1.83671e-05 2.83431e-07 -6.24015e-05 0.00135142 0.000967274 2.99229e-07 -1.01048e-07 0.000940906 -0.00163582 0.00338572 4.30303e-06 2.4626e-07 -0.00576341 0.000760867 0.00013198 -0.00878947 -2.16015e-05 0.00874578 6.10575e-08 -0.00386508 0.00834059 0.00690287 0.000165129 -0.00085094 -0.00857784 -0.00122036 0.00125273 1.1159e-05 2.97416e-06 -0.000430271 -0.00299319 0.00991641 -0.00876789 -3.37439e-05 0.00205009 -3.84908e-08 -3.89412e-05 0.00799465 4.83325e-06 -2.07412e-06 -6.87505e-05 5.67098e-06 0.000196107 0.000168937 0.000805259 1.62054e-05 0.00098244 -0.00905952 0.012608 -0.0121128 -4.57533e-05 -2.58276e-05 0.00129349 
-0.00270507 0.00130302 -5.88316e-08 0.000113847 -0.00183952 1.19697e-06 -0.00184148 6.83133e-07 1.81314e-05 0.00198387 0.000109129 3.11809e-06 0.00198187 0.000134751 0.00429484 0.00182152 6.36915e-06 0.000805762 0.00728211 -0.000173589 -0.00483913 0.000185791 -0.00153867 0.00116417 0.00241394 0.00116779 0.000168803 0.00375291 -0.000112614 3.6394e-05 -0.000829535 -0.00518396 -0.00220886 0.00111227 0.000727199 0.000599677 -2.1547e-06 7.99118e-08 -0.00343208 -0.000190265 -0.000293347 0.00068681 -0.000645792 1.6898e-05 -0.000111312 -0.00031746 4.8669e-05 -5.9735e-07 5.23072e-07 0.00203894 5.68493e-06 -2.30233e-06 -9.14545e-08 -3.58971e-08 0.000187342 0.000930978 0.000253328 -1.576e-07 1.76086e-05 -0.00103878 2.10596e-05 -1.74652e-06 -0.00335343 1.02653e-05 4.25077e-05 9.25992e-05 0.00177554 0.0016893 0.000184885 6.98912e-05 -0.00134952 -0.00291284 -0.000507914 1.24811e-06 1.84727e-05 9.57707e-05 -0.000150738 -0.000978081 5.923e-05 -0.00366374 0.00180438 0.000354417 2.90738e-06 0.00167687 -0.00037811 2.01648e-05 7.46514e-07 3.36213e-05 -4.2219e-06 -0.000111982 0.00033166 0.00280877 5.27491e-07 0.00199992 -0.00483952 -0.000131977 -0.00490333 0.000334328 6.63584e-05 0.00172257 
0.00352715 -0.0070243 -3.01843e-06 -0.00397488 0.00704418 -4.37174e-06 0.00264949 -5.45398e-06 -4.17474e-07 -0.000434156 -0.000137218 -4.18308e-05 6.12555e-05 -0.00601034 -0.0048717 -2.79063e-05 -4.44865e-05 -0.00675907 -0.000173589 0.00794682 0.00502323 -0.00195278 0.00650337 -0.000129151 -0.00642447 0.00270436 -2.80051e-05 -0.000160623 -1.73112e-06 -0.00683173 0.00468327 0.00554018 0.00513149 -0.00647969 -0.000352323 -0.00324568 1.89002e-06 -1.02563e-06 0.0065866 0.00376719 -0.000259496 -0.000994439 0.000351015 6.35092e-06 0.00014086 0.00040697 -1.74315e-05 -1.69571e-05 -5.09428e-07 -2.06859e-05 -0.000746722 -0.000948827 8.98704e-08 3.92005e-08 7.63475e-05 0.000663412 -0.00150722 -6.46123e-06 -2.21454e-05 0.00204916 -0.000300047 -0.000152145 0.00538833 -7.18064e-07 -0.00634361 -1.94129e-05 0.00170858 -0.00532532 -0.00525523 -0.000163193 0.00111668 0.00554854 0.000430549 -0.000788012 -4.21073e-06 -3.53615e-06 5.62286e-05 0.000926616 -0.00638027 0.00608746 -1.71609e-05 -0.00222353 -9.43778e-08 -1.71046e-05 -0.00528364 -1.19506e-05 8.07854e-07 -0.000233092 -1.35858e-05 -0.000251933 -0.000109195 -0.000164189 -1.74481e-05 -0.000302871 0.00537694 -0.00496094 0.00695943 2.37055e-05 6.04319e-06 -0.000491385 
0.0444886 -0.0102288 -3.45515e-06 -0.00463408 0.0101013 -4.58641e-05 -0.0562755 3.69184e-05 -2.08924e-05 0.000285958 -0.000183079 -0.00010191 -0.00778695 -0.0061056 -0.137627 -0.00124939 -3.05349e-05 -0.0104924 -0.00483913 0.00502323 0.19802 -0.00304925 -0.010611 0.00101832 -0.0450113 -0.13157 -0.000433432 -0.00949626 -0.00118837 -0.00920999 0.120155 0.145634 -0.0188236 -0.0318889 -0.0103106 -0.0108371 4.29438e-05 2.557e-06 -0.00370901 -0.0817036 -0.00307916 -0.00368044 0.0256295 -0.000693244 -0.0012478 -0.012982 -0.000138867 -7.62601e-05 -1.959e-05 -0.000915895 -0.000630016 -0.000589784 -1.41562e-06 1.05437e-06 -0.00384267 0.0214288 -0.00283527 -3.04966e-06 -2.94383e-05 0.0372062 -0.000684 -0.000112703 -0.014046 -0.00105723 -0.00693435 -7.14608e-05 -0.142774 -0.0100737 -0.00518603 -0.000783941 0.038325 0.0290272 0.0181969 -0.00134962 -3.43255e-05 -9.71082e-05 0.00103973 0.0390321 -0.00805444 0.0541272 -0.00139748 -0.00422285 -2.96046e-06 -0.00133189 -0.0309857 -2.97885e-05 -5.03718e-05 0.00196791 -0.000134458 0.00329071 -0.000620566 -0.00219013 -7.57356e-05 -0.00392495 0.15999 -0.0934114 0.0198965 -0.00317782 -0.00103421 -0.00188705 
-0.000714238 0.00207467 2.62269e-06 0.000107269 -0.00208744 1.63562e-06 -0.00164802 -8.33063e-07 3.02455e-06 -5.13348e-06 2.00402e-05 4.50063e-05 7.80903e-05 0.00155015 0.00295139 7.33882e-05 3.76625e-06 0.00175297 0.000185791 -0.00195278 -0.00304925 0.00433525 -0.00240568 1.72767e-05 0.00354474 0.000495077 2.04132e-05 3.2074e-05 0.0002268 0.00212013 -0.00145268 -0.00263665 -0.00153194 0.00325093 0.000662276 0.00166806 -5.0812e-07 1.08855e-06 -0.00241903 -0.000831592 -3.16545e-05 0.000487368 -0.000356843 5.37273e-06 5.57265e-05 -6.02074e-05 3.47656e-06 -8.09608e-07 5.75009e-08 7.86808e-05 0.000163666 0.000747443 -5.42825e-08 -2.13066e-08 -3.95461e-05 -0.000276662 0.000272087 8.6457e-08 -2.06245e-07 -0.00129766 9.90936e-05 0.000138587 -0.00303544 -5.31009e-06 0.00180432 3.54552e-06 0.000801202 0.00170754 0.00152094 2.29026e-05 -0.000726809 -0.00330529 -0.000256458 0.00010626 4.43857e-07 2.57298e-05 -9.40704e-05 -0.000583468 0.00181094 -0.00358693 8.96327e-05 0.00105332 -1.93617e-08 4.32773e-05 0.00268706 7.29262e-06 1.15825e-07 0.000106905 4.96379e-06 -7.61354e-05 3.47045e-06 0.000102371 5.40481e-05 0.000743568 -0.00312097 0.000836823 -0.00338028 0.000135973 -6.85074e-07 2.30972e-05 
-0.0363536 -0.0115471 -4.91097e-06 -0.0056754 0.0132828 8.68382e-09 -0.0413364 -0.000112928 -2.04809e-05 -0.00145579 -0.000150498 1.5031e-05 -0.000470005 -0.00746753 0.00679575 -0.00159356 -4.0456e-05 -0.00988775 -0.00153867 0.00650337 -0.010611 -0.00240568 0.0964268 -0.00811426 -0.00650722 0.0343296 2.92764e-05 -0.000988775 -0.000863047 -0.0112247 -0.0187666 -0.00694566 0.0679418 -0.00804738 -0.000982731 -0.00529243 2.70325e-05 1.62932e-06 0.0685549 0.0469689 0.00400939 -0.00297008 -0.0383097 8.78245e-05 -0.00126109 0.00502848 -5.32873e-05 7.59355e-07 2.96324e-06 -0.0032238 -0.00109293 -0.00101462 -2.5549e-07 -3.66762e-06 0.000906143 -0.0190323 -0.00303069 -9.35065e-06 -1.52373e-05 0.0311454 -0.000838384 -0.000175284 0.0727801 0.000143893 -0.00831056 -8.47773e-05 0.0234317 -0.00851004 -0.00641143 -0.000163598 -0.0526171 0.0037345 -0.0592841 -0.0010211 -2.25581e-05 -7.20954e-05 0.00124161 -0.0446673 -0.0097793 0.000680101 -0.00149828 -0.00134028 -1.80258e-06 -0.00140189 -0.00445077 -2.49596e-05 1.18786e-05 -0.0017189 -0.000581679 0.000852685 -6.13049e-05 -0.00193263 -3.00985e-05 -0.000867214 -0.0108536 -0.0110718 0.0122057 0.000445525 0.000143096 -0.00151421 
0.00249061 0.00021215 5.61027e-07 9.49306e-05 -0.000890824 -9.90212e-07 0.00393818 8.39271e-06 1.51864e-05 0.000582192 6.94643e-05 -8.098e-06 0.000746474 0.000111987 -0.000617449 0.000928651 3.79811e-06 8.60916e-06 0.00116417 -0.000129151 0.00101832 1.72767e-05 -0.00811426 0.0112847 -0.00053383 -0.00360371 1.75373e-05 0.00109786 -0.000225113 -0.00010016 0.00290623 0.000631201 -0.00631654 -0.000490578 -8.42667e-05 -0.000154608 -3.8663e-06 -3.40283e-07 -0.00670668 -0.00407329 -0.000486193 -4.20113e-05 -0.000248159 -1.09162e-05 0.000488895 -0.000716387 1.55722e-05 -1.4858e-06 -3.99791e-07 0.00119719 -3.07684e-05 4.15723e-06 3.3436e-07 -1.2524e-08 -0.000113444 0.00503707 2.28283e-05 -2.45232e-07 8.98733e-06 -0.00325034 -3.75441e-06 3.63974e-06 -0.00721345 1.4098e-05 2.56306e-05 5.08151e-05 -0.00230479 -0.000129492 0.000165076 -6.16623e-06 0.00135662 0.000180439 0.00500723 -2.29854e-05 2.09291e-06 5.92757e-05 -0.00022456 -0.00131035 -0.00010594 -8.98407e-05 0.000893247 -9.41409e-05 1.68591e-06 0.000780843 -0.000588042 1.8438e-05 -1.37994e-06 -5.87405e-05 1.05505e-05 -0.000198752 7.30213e-05 0.00125031 2.0179e-06 -1.18989e-05 0.00123237 0.00456412 -0.00115094 -4.43436e-05 -1.54254e-05 0.000714086 
7.61979e-05 0.0125166 2.63222e-06 0.0057932 -0.0116554 3.59183e-05 -0.0244198 -2.53541e-06 1.22631e-05 0.0012129 9.92736e-05 0.000311531 0.0012276 0.00758897 0.0297712 -0.000133301 3.71294e-05 0.0114554 0.00241394 -0.00642447 -0.0450113 0.00354474 -0.00650722 -0.00053383 0.0638368 0.0271546 6.64207e-05 0.00236348 0.00322847 0.0117825 -0.027956 -0.0341075 -0.00335011 0.0403004 0.00519664 0.0136384 -7.35256e-06 1.77985e-06 -0.00988624 0.00164789 0.0103147 0.00455143 -0.00643529 0.000725398 0.00419777 0.0169777 0.000128191 2.11404e-05 1.37197e-05 -0.000291097 0.00123944 0.000944035 -2.57719e-07 -3.35358e-07 0.00305825 -0.00530702 0.00335733 7.03767e-06 -3.23507e-06 -0.0065973 0.000864492 0.000156931 -0.0309933 -8.1976e-05 0.00874414 -1.96699e-06 0.0197751 0.0125274 0.00642953 0.000306326 -0.00750915 -0.0443051 -0.00472244 0.00128979 2.98054e-05 1.84374e-05 -0.00149288 -0.0101555 0.0103085 -0.0432479 -5.88497e-05 0.00781829 5.38587e-07 4.06302e-05 0.0278089 1.7396e-05 -3.21177e-06 -0.000251935 6.20175e-06 -0.00123063 0.00051904 0.000452092 9.88056e-05 0.00486633 -0.0418274 0.00365314 -0.0235732 0.000439445 0.000245778 0.000814954 
-0.0338268 -0.00475051 -1.92627e-06 -0.00227349 0.00553013 4.78397e-05 0.015289 -5.81926e-05 -6.96279e-06 -0.00818845 -2.63717e-06 -3.89962e-05 0.00566271 -0.00296468 0.10405 -0.000759205 -1.56673e-05 -0.00576463 0.00116779 0.00270436 -0.13157 0.000495077 0.0343296 -0.00360371 0.0271546 0.22971 0.000411741 0.00452047 -0.00148687 -0.0043249 -0.0926924 -0.110189 0.0359266 0.0159059 0.00696873 0.00258622 -6.7393e-05 -2.1653e-07 0.0211824 0.0985884 -0.000432234 -0.000122375 -0.0284938 0.000587593 0.00298584 0.0263097 -5.72481e-05 7.96201e-05 1.27004e-05 -0.00164327 -0.000962133 -0.000491319 5.2577e-07 -1.51632e-06 0.00160281 -0.0315202 -0.00140027 -3.96488e-06 -4.80327e-06 -0.0558719 -0.000336081 -7.42325e-05 0.00595103 0.000901654 -0.00332229 -2.9068e-05 0.129409 -0.000579032 -0.00256985 0.000383678 -0.0292022 -0.0319341 -0.0234212 -7.61998e-05 4.05318e-07 -6.01617e-05 -0.0049728 -0.0296074 -0.00394573 -0.0482143 -0.000516654 0.0048041 -7.03277e-07 -0.000415327 0.0185766 -2.21798e-06 4.70802e-05 -0.00377501 -1.82636e-05 -0.00727522 0.000274467 -0.00115907 4.70306e-05 0.00206281 -0.141102 0.0494713 -0.00251834 0.00297147 0.000896365 -0.00089042 
-0.000163899 8.69082e-06 1.17312e-07 -4.94808e-06 -4.90199e-05 9.44305e-07 -0.000136399 -1.74301e-07 2.66422e-06 -1.77578e-05 4.42844e-05 -4.80522e-07 0.000117474 1.66221e-05 0.000201243 3.3625e-05 3.42691e-06 2.4172e-06 0.000168803 -2.80051e-05 -0.000433432 2.04132e-05 2.92764e-05 1.75373e-05 6.64207e-05 0.000411741 0.000910197 0.000138176 3.38643e-05 -5.04703e-06 -0.000465926 -0.000476548 7.64889e-05 6.00589e-05 -8.95453e-06 1.27466e-05 -3.08568e-07 -3.72671e-08 1.13888e-05 0.000349395 4.77973e-06 -3.36598e-06 -8.05682e-06 1.04879e-06 -1.48659e-05 7.68642e-06 2.33019e-06 4.20607e-07 2.11143e-06 3.56098e-05 -3.49028e-07 1.06795e-05 -1.13575e-08 -4.45796e-09 3.69468e-06 -2.5113e-05 4.94057e-06 -1.95719e-08 7.2539e-06 -6.93887e-05 -5.74441e-07 -9.22986e-08 5.30352e-05 2.16236e-05 -7.68055e-06 1.35105e-05 0.000479142 -1.03871e-05 1.74556e-05 1.58761e-05 -0.000175364 -2.68248e-05 -6.30367e-05 7.60887e-05 -4.3131e-08 7.56862e-06 8.98846e-05 -0.000120142 -9.10964e-06 -0.000684326 4.43157e-05 -1.10725e-05 6.5949e-08 3.20004e-05 2.00478e-05 1.80049e-06 1.36948e-06 -9.42499e-06 -1.86422e-07 -1.59265e-05 1.4337e-05 4.87004e-05 4.94622e-06 4.62823e-06 -0.000566971 -0.000146117 -0.000104408 4.99061e-05 6.97002e-06 4.19552e-05 
-0.00530753 0.00140404 -1.43507e-07 0.00032504 -0.00194554 -1.05039e-07 -0.00106222 -7.6489e-07 1.35437e-05 0.00163527 0.000118055 1.04536e-05 0.00395083 0.000393486 0.00955941 0.00181671 1.77801e-07 0.000959695 0.00375291 -0.000160623 -0.00949626 3.2074e-05 -0.000988775 0.00109786 0.00236348 0.00452047 0.000138176 0.0146315 0.000563795 0.000123743 -0.00391058 -0.00995221 -0.00316284 0.000321231 0.00218142 0.00144586 7.52871e-07 -2.94217e-07 -0.00234361 0.00286141 -0.000490957 -3.19091e-05 -0.00121319 1.26025e-06 -0.000207899 -0.000571197 4.25497e-05 1.37511e-06 5.6965e-06 0.00212357 -4.08503e-05 -1.86329e-05 9.15102e-08 -7.26764e-08 0.000238308 0.000324332 1.07968e-05 -3.19073e-07 1.89642e-05 -0.00437897 -1.1994e-05 -3.28637e-06 -0.00179178 0.00035123 5.18994e-05 9.11141e-05 0.0060424 7.68703e-06 0.00044899 2.32538e-05 -0.00267139 -0.00162923 -0.00102029 -2.24981e-05 3.01302e-05 7.56892e-05 0.000175993 -0.00194498 -0.000124341 -0.00550862 0.00175861 -0.000186839 2.71729e-06 0.0015823 -0.000577564 2.00605e-05 2.53383e-06 -7.01123e-05 -3.4917e-06 -9.3066e-05 0.000795835 0.0029172 -1.67955e-06 0.000747585 -0.00945286 -0.000136571 -0.00420234 0.000441127 9.54349e-05 0.00208826 
-0.00856225 0.000536338 -3.36294e-07 0.000357027 -0.000406701 6.38195e-06 -0.00825621 -3.63665e-06 -1.96665e-07 -0.000280138 1.74419e-05 -4.43468e-06 -0.000188776 0.000415506 0.00466681 -4.01926e-05 -1.16057e-06 0.000139765 -0.000112614 -1.73112e-06 -0.00118837 0.0002268 -0.000863047 -0.000225113 0.00322847 -0.00148687 3.38643e-05 0.000563795 0.0235644 0.000417563 -0.00357896 -0.00109595 -0.0128059 0.00415141 0.00235068 0.00248134 -2.15217e-06 6.23554e-06 0.000323116 0.00494057 0.00021497 0.000316061 0.00744579 0.000361811 -2.89918e-05 -0.00137694 -4.67753e-06 -4.21991e-06 1.50443e-05 -3.15877e-05 -7.18932e-05 6.78755e-05 1.42295e-07 1.61838e-07 0.00158845 0.0103643 -0.000105833 -5.18769e-07 -1.25683e-06 -0.00550801 -6.256e-06 2.21995e-05 -0.0158464 -1.10484e-05 0.000261218 -1.71924e-06 0.00215019 0.000379154 0.000425629 4.49875e-05 0.00212783 -0.00365925 -0.00106058 -4.7832e-05 1.25334e-05 -8.27531e-06 -0.000237839 0.00111724 2.09209e-05 -0.0031937 -4.26015e-05 -0.000165141 7.92908e-08 -3.94307e-05 0.00282589 1.65263e-06 8.29288e-05 0.000168281 -1.32773e-05 -0.000229306 0.000229981 0.000102349 6.67423e-06 0.00135426 -0.00123421 -0.00490607 -0.00358785 9.57475e-05 0.000167076 0.000130451 
-0.00610538 0.0122555 2.95297e-06 0.00611672 -0.0121074 4.09733e-06 -0.0049698 5.56469e-06 1.52463e-06 0.00232348 4.52e-05 3.87567e-05 -0.000145752 0.0080337 0.00892358 -2.36495e-05 4.05059e-05 0.0112582 3.6394e-05 -0.00683173 -0.00920999 0.00212013 -0.0112247 -0.00010016 0.0117825 -0.0043249 -5.04703e-06 0.000123743 0.000417563 0.0125498 -0.00768349 -0.00996549 -0.00813603 0.0116322 0.00146846 0.00664372 -2.90204e-06 1.29669e-06 -0.011378 -0.0057349 -0.000240713 0.00328019 -0.00108789 7.01749e-06 -0.000217524 -0.000476439 2.98144e-05 1.46065e-05 -2.08526e-07 -6.40523e-05 0.00129206 0.0010282 -1.21801e-07 -6.22008e-08 -4.96492e-05 -0.000968231 0.00334144 4.50692e-06 -3.49674e-07 -0.00385062 0.000881105 0.000159008 -0.00958851 -1.75072e-05 0.00908037 2.20107e-06 -0.00249441 0.0094552 0.00682502 0.000207041 -0.0024606 -0.010273 -0.000878578 0.00120982 1.75982e-05 9.5371e-06 -0.000285417 -0.00192475 0.0107395 -0.0106203 -2.34575e-05 0.00229789 -3.18971e-09 -2.37198e-05 0.00908471 4.82233e-06 -1.56862e-06 0.000112395 -3.90603e-06 0.000225814 1.88361e-05 -1.2756e-05 1.33622e-05 0.000954266 -0.00947252 0.0086268 -0.0122609 -6.25936e-05 -1.1028e-05 0.000571939 
0.0774232 -0.00805475 -3.84198e-06 -0.00387631 0.00758665 -1.35966e-05 -0.0485406 1.60716e-05 -1.93632e-06 0.00212067 -0.000149128 -0.000226174 -0.00532175 -0.00515456 -0.110844 0.00057882 -2.99883e-05 -0.0109702 -0.000829535 0.00468327 0.120155 -0.00145268 -0.0187666 0.00290623 -0.027956 -0.0926924 -0.000465926 -0.00391058 -0.00357896 -0.00768349 0.238523 0.11414 -0.0214461 -0.0231192 -0.00823279 -0.00887417 0.000100929 -1.33024e-05 -0.0116753 -0.11004 -0.0173044 -0.00278374 0.0231093 -0.000555573 0.00436498 -0.00206415 -8.6352e-05 3.47871e-06 -1.94471e-05 0.00173137 -0.000883984 -0.000721846 -7.34557e-06 -2.31756e-06 -0.00504825 0.00903016 -0.00205485 -5.88987e-06 -2.59343e-05 0.00145472 -0.000560592 -8.16273e-05 -0.0362214 -0.000853828 -0.00586413 6.024e-06 -0.114986 -0.00744619 -0.00433511 -0.000656423 0.0338193 -0.000158705 0.0171493 -0.00119476 -2.67669e-05 1.00049e-05 -0.0017443 0.0469968 -0.00671756 0.0405818 0.000527958 0.00219889 6.46956e-07 0.000488969 -0.0230674 -2.14855e-05 -5.62839e-05 -0.0035356 4.8588e-05 -0.0083168 -0.000532744 0.000312536 -2.22358e-05 -0.00188927 0.121456 -0.0950326 0.01127 -0.00274724 -0.000821484 -0.000416535 
0.0627 -0.0111552 -2.61209e-06 -0.00506051 0.0111218 -2.73251e-05 -0.0621644 2.42905e-05 -1.63273e-05 0.000267598 -0.000198769 -7.13936e-05 -0.00872395 -0.00672985 -0.137485 -0.00139319 -4.28554e-05 -0.0104941 -0.00518396 0.00554018 0.145634 -0.00263665 -0.00694566 0.000631201 -0.0341075 -0.110189 -0.000476548 -0.00995221 -0.00109595 -0.00996549 0.11414 0.164365 -0.00892711 -0.0239675 -0.0107018 -0.0114894 1.48119e-05 9.19284e-07 0.00183227 -0.0828152 -0.000284453 -0.00399022 0.0195108 -0.000632837 0.00247999 -0.0011728 -0.000149522 -2.59432e-05 -1.82674e-05 -0.00105217 -0.000765737 -0.000723979 -5.99151e-06 1.01471e-06 -0.00331322 0.0153393 -0.00281368 -3.81177e-06 -2.08324e-05 0.0494551 -0.000740913 -0.000125736 -0.0178046 -0.00110436 -0.00750935 -7.78557e-05 -0.13402 -0.0102054 -0.00570635 -0.000847337 0.0360556 0.0115999 0.0138222 -0.00139537 -3.69026e-05 -5.48049e-05 0.00272915 0.0296497 -0.00873861 0.0371239 -0.00149303 -0.000103206 -3.24458e-06 -0.00136577 -0.0176716 -3.26587e-05 -4.77475e-05 0.00150375 0.000139937 0.00411379 -0.000732287 -0.00240967 -3.77727e-05 -0.00413002 0.144252 -0.0937189 0.0186322 -0.00237667 -0.00111651 -0.00208019 
-0.014276 -0.00969373 -3.49842e-06 -0.00365232 0.0105062 -2.46142e-05 -0.0245525 -0.000145738 -9.93126e-06 -0.00735365 -0.000129811 5.66329e-05 0.000298476 -0.0057366 0.00490591 -0.0011487 -3.68598e-05 -0.00843286 -0.00220886 0.00513149 -0.0188236 -0.00153194 0.0679418 -0.00631654 -0.00335011 0.0359266 7.64889e-05 -0.00316284 -0.0128059 -0.00813603 -0.0214461 -0.00892711 0.138592 -0.00347173 -0.00102148 -0.00550135 3.66698e-05 -1.82043e-06 0.0650987 0.030878 0.00644232 -0.00260038 -0.0648042 0.000104254 0.00153581 0.00737766 -0.000124155 1.041e-05 -1.1975e-05 -0.00204559 -0.00055309 -0.00105738 -4.50111e-06 -3.67996e-06 -0.000915019 -0.0377432 -0.00127215 -1.28257e-05 -9.81138e-06 0.0442863 -0.000755408 -0.000194052 0.0879453 0.000219143 -0.00716473 -5.19482e-05 0.0248898 -0.00579146 -0.00551195 -0.000357793 -0.0635457 -0.00518083 -0.0574204 -3.46705e-05 -3.83605e-05 -7.27007e-06 0.00311229 -0.0535854 -0.00723893 -0.00885072 -0.00109223 -3.3801e-05 -1.9942e-06 -0.000938266 -0.00246095 -1.75976e-05 -8.29895e-05 -0.00253109 9.30597e-05 0.00036236 -0.000530803 -0.00241963 -1.19935e-05 -0.000770959 -0.0150371 -0.0190884 0.0098888 0.000163945 -3.92515e-06 -0.00206883 
