0.155429 9.70319e-05 -0.00593296 -0.124398 6.20995e-05 -2.61555e-05 0.105347 -0.0215167 0.00037678 0.0742683 -0.000692496 -0.00416091 -0.000385384 0.00035243 -0.000795257 -0.000186757 0.00214793 -0.00103948 -0.00527959 0.000144172 0.000557507 4.7477e-06 -0.00218448 -0.00156222 0.000518565 -0.0854733 0.00134599 0.00488021 -0.0448998 0.112442 -0.000603295 -0.0050591 -0.120239 -0.00370107 -2.5359e-05 -0.000359611 2.39776e-06 -3.39365e-06 2.07835e-05 0.0101014 -0.00240102 6.95054e-05 0.035753 -5.75791e-08 -5.15688e-06 1.60055e-05 -5.01722e-05 -4.14813e-08 0.0038245 -0.00298246 0.0252725 2.73915e-06 -2.73671e-06 -3.56198e-08 -6.4884e-06 -0.00044228 -0.000438931 0.0119505 2.02976e-06 0.000167362 -0.000227977 3.54311e-07 4.35109e-05 0.00911454 -4.47806e-05 0.00449591 0.108209 -2.68747e-06 -0.0995816 0.00023423 -7.17359e-05 -4.42607e-06 -0.00276114 -7.68234e-06 -0.126321 0.000860829 0.000126976 -0.106028 3.01203e-06 1.80822e-05 6.26134e-05 0.00486312 -2.49775e-05 3.66078e-07 -0.000452332 0.00241342 0.00246759 0.0968509 -0.000150441 3.0165e-05 8.59347e-05 -0.0124755 8.94895e-06 -3.27381e-05 0.010435 0.000129328 0.00127364 7.72998e-06 -0.00384864 -2.44882e-06 
9.70319e-05 0.000650853 7.73509e-06 -0.000223221 3.47816e-08 3.3402e-06 -0.000180952 -4.94542e-05 9.18118e-06 -0.000209818 0.000180923 -0.000566313 8.57117e-05 2.6679e-06 2.37874e-06 -6.55721e-07 -1.58693e-06 0.000223664 -4.75955e-05 -1.73678e-07 8.19509e-05 1.79523e-08 -0.000523317 0.000194078 1.4828e-05 -0.000157051 -1.23709e-06 0.000427055 -0.000144914 -0.000125871 5.80343e-05 -0.000494228 -0.000186761 -1.08419e-05 0.000128269 2.59336e-06 5.0777e-07 -1.41674e-08 2.29584e-07 -8.51531e-06 0.000260142 6.70509e-06 0.000258571 -5.55756e-10 1.07461e-08 1.70845e-06 7.83511e-06 1.83058e-07 0.000425109 -3.06801e-06 -2.09206e-05 -3.16629e-08 -2.15768e-08 -3.89898e-09 3.19493e-05 9.38103e-05 6.92627e-05 -1.45141e-05 3.24377e-05 5.05419e-08 4.85195e-06 -1.71069e-08 -1.04e-07 -4.09838e-06 -0.000224157 0.000245003 0.000118762 -1.25675e-08 -0.000169155 1.01425e-06 2.03123e-07 -2.85563e-08 -9.37414e-06 9.26645e-06 -6.52986e-05 -5.94003e-07 8.51576e-08 -0.000415878 4.64061e-06 -2.07909e-08 3.61582e-06 -0.000518531 -3.56237e-07 -2.95245e-10 -9.98031e-07 -8.28923e-07 -7.92421e-08 -0.000133446 2.66264e-06 7.9984e-05 1.39363e-07 -7.13426e-05 1.77453e-06 1.16301e-06 0.000259096 1.73926e-06 0.000307058 1.25647e-07 0.000414257 -0.000228903 
-0.00593296 7.73509e-06 0.0493215 0.00752537 -4.09827e-06 6.2087e-06 -0.00774168 -0.00449908 -1.54791e-05 -0.0157441 0.000593295 -0.00129727 0.00114652 -2.29085e-05 -0.000949245 4.30808e-05 -0.000652202 -0.000270069 0.000449437 -1.6838e-06 -2.20796e-06 -9.15405e-07 -0.00391487 0.000260146 5.70433e-05 -0.0147629 -6.25009e-05 0.000571253 0.0137443 -0.0116701 0.000200066 -0.00375771 0.00579799 0.00496385 -1.75605e-05 -9.77526e-05 -1.78111e-07 6.47487e-06 1.80321e-06 -0.000948124 -0.00107219 -1.50081e-06 -0.00528822 -4.43976e-08 4.94187e-06 1.97212e-05 -8.00667e-05 -2.20254e-08 0.000592403 0.00155121 -0.00183166 -8.86116e-07 2.79296e-06 -2.6481e-07 -7.46612e-06 -0.000461984 6.01619e-05 -0.000900709 1.22484e-06 -6.42678e-06 -4.68599e-05 -1.24995e-06 -7.21583e-07 -0.00129679 2.23897e-05 0.000265121 -0.00385737 -9.40642e-07 -0.00103561 -8.31232e-05 2.65197e-05 -2.09794e-06 0.00459377 -4.60382e-06 0.00145632 -0.000158683 -2.20418e-05 0.00449463 -4.84211e-07 -1.66092e-06 -6.15197e-06 -0.00899047 -2.83854e-05 1.30804e-08 -6.64418e-05 -0.000298256 -0.000169846 -0.00688166 -1.6604e-06 8.7664e-05 -3.09961e-06 0.00663241 5.88501e-07 -1.38741e-05 0.000141616 -5.38278e-06 -0.000126489 -3.23655e-07 0.000590155 -0.000118321 
-0.124398 -0.000223221 0.00752537 0.217802 -5.29618e-05 -8.28106e-05 -0.0746473 0.0251952 -0.000381481 -0.0764326 0.000727343 0.00945985 0.000370875 -0.000296308 0.00110821 0.000181574 -0.00764285 3.47562e-05 0.00598458 -9.24466e-05 -0.00184985 -1.44427e-05 0.0189569 0.00103416 -0.000583231 0.0542649 -0.00126568 -0.00819008 0.0536921 -0.149417 -0.0005598 0.00964557 0.110656 0.00591329 -0.000259749 -0.000963727 -2.26927e-06 2.87999e-06 -2.07237e-05 -0.014361 -0.00143554 -7.48365e-05 -0.0336799 -4.39786e-07 -4.00974e-06 -0.000276129 -0.0014476 -1.20962e-07 -0.0125139 -0.00165655 -0.0226769 -3.07386e-05 1.74693e-06 -1.30756e-06 -8.31519e-05 -0.00274894 -0.00493522 -0.0132429 -0.000239792 -0.000151713 0.000210513 -1.31499e-05 -5.86336e-05 -0.0111444 0.000298585 -0.00723843 -0.0919429 -6.5542e-06 0.066426 -0.00106198 5.5991e-05 -8.22103e-06 0.00410894 -3.39912e-05 0.108412 -0.000204494 -0.000291008 0.0942873 -6.27329e-06 -2.11799e-05 -7.50163e-05 -0.00595328 -0.000355974 -3.08011e-07 0.000270367 -0.0040176 -0.0023153 -0.136234 -8.2614e-05 -0.000148504 -7.17221e-05 0.0353163 -1.39194e-05 -0.000315456 -0.0104996 -0.000102427 -0.00302802 -9.3994e-06 -3.74913e-05 0.000286166 
6.20995e-05 3.47816e-08 -4.09827e-06 -5.29618e-05 7.96603e-05 -1.34307e-08 3.46999e-05 -8.79413e-06 3.59247e-07 3.95255e-05 -5.31542e-07 1.14619e-06 8.50762e-08 -3.9401e-08 -7.29564e-06 -9.20349e-08 -1.79486e-06 -4.34187e-07 -2.48711e-07 -1.23969e-08 5.44019e-07 -1.88146e-09 -5.40593e-06 5.56817e-07 -1.01703e-07 -4.16538e-05 1.36875e-06 -9.26074e-07 -1.9759e-05 5.23246e-05 -2.79591e-07 1.48543e-06 -6.20372e-05 -1.51034e-06 -3.14978e-08 -1.14583e-07 -2.72726e-10 -1.73302e-09 -6.98252e-09 2.87356e-06 3.22005e-06 9.41703e-08 2.14748e-06 -6.79822e-11 -2.35521e-09 -3.81101e-08 -1.77968e-07 -3.37256e-11 -4.69066e-08 -1.43665e-06 1.16443e-05 -3.87313e-09 -2.63936e-09 -4.76938e-10 -2.29214e-08 -7.62488e-07 -9.68066e-07 1.37379e-05 -3.08568e-08 9.54588e-08 -1.01698e-07 -2.09258e-09 -1.27217e-08 -9.30658e-07 4.23989e-08 -7.74428e-07 4.29865e-05 -1.5373e-09 -4.39894e-05 -1.58572e-07 -3.59074e-08 -3.49312e-09 -1.16666e-06 1.35631e-07 -6.1334e-05 -1.10489e-07 -3.4843e-08 -5.96341e-05 -7.41431e-10 -2.54323e-09 -9.88955e-09 -7.25267e-06 -4.35763e-08 -3.61156e-11 -2.28026e-07 -4.03527e-07 4.69492e-07 4.47469e-05 -4.06253e-08 -2.68259e-08 -1.23104e-08 -7.14555e-06 -3.11576e-09 -4.16298e-08 4.12443e-07 -1.39536e-08 -3.4826e-07 -1.34796e-09 -1.15594e-06 1.65232e-07 
-2.61555e-05 3.3402e-06 6.2087e-06 -8.28106e-05 -1.34307e-08 0.000168558 -5.28893e-05 -1.92919e-05 1.75555e-06 3.59195e-05 7.54186e-06 -0.000143169 1.5091e-05 -8.33785e-08 -1.50355e-05 -1.9476e-07 2.98086e-07 8.05827e-05 -7.02106e-05 -5.4449e-08 9.09574e-05 3.26852e-08 -0.000120097 3.48536e-05 1.04439e-06 4.47748e-05 6.9536e-08 1.20336e-06 -4.25586e-05 -2.62232e-05 9.20283e-05 -1.35254e-05 -0.000109596 -3.29487e-06 2.67767e-05 -3.62391e-07 -5.77128e-10 -3.66732e-09 -1.47761e-08 -4.53302e-06 0.000128418 -1.93903e-08 -1.73729e-05 -1.43861e-10 4.59835e-06 8.28269e-06 7.82673e-06 -7.13684e-11 0.000102926 5.67565e-05 2.94339e-06 -8.19612e-09 -5.58528e-09 -1.00927e-09 1.54816e-06 0.000126012 -1.98857e-06 3.54294e-06 2.45804e-06 -1.15856e-09 8.34792e-07 -4.42821e-09 -2.6921e-08 -8.26793e-06 -0.000107347 -1.87158e-06 -1.63587e-05 -3.25316e-09 2.03489e-05 -6.10662e-07 -7.59854e-08 -7.39196e-09 -2.17216e-06 6.28331e-06 -0.000108079 -8.47494e-07 5.4096e-06 -0.000104909 6.08431e-07 -5.38185e-09 -2.09278e-08 -0.000144896 8.32779e-06 -7.6426e-11 4.1041e-07 6.57438e-05 -5.56543e-07 -2.34102e-05 8.76721e-06 -5.67676e-08 -2.60506e-08 -3.25446e-05 9.50073e-07 2.31905e-07 -2.74583e-06 -2.9528e-08 3.61133e-05 -2.85249e-09 0.00010193 -7.91701e-06 
0.105347 -0.000180952 -0.00774168 -0.0746473 3.46999e-05 -5.28893e-05 0.221667 -0.0351531 0.000347977 0.00929179 0.00100837 -0.00132557 -0.000640548 0.000286242 0.000554136 -0.000202498 0.00717584 -0.00154522 -0.00422726 0.000175418 -0.000643142 1.41836e-05 0.00336866 -0.000916426 9.39775e-05 -0.160724 0.000970194 0.00325507 0.0552165 0.0797011 -0.00115879 -0.000766694 -0.0904895 -0.0061069 -0.000121891 0.000387425 1.57123e-06 7.06496e-06 -1.74602e-05 0.00218637 0.000887192 2.90485e-05 0.0149287 -1.16363e-07 -8.50875e-06 -0.000142977 0.000119726 -1.00409e-07 -0.00256802 -0.00577231 0.0171503 3.22384e-05 -8.64839e-06 -1.25896e-06 -4.95651e-05 -0.00143789 -0.00326647 0.0070782 -2.43388e-05 4.67465e-05 3.27891e-05 1.24213e-05 3.73959e-05 0.0120451 8.86552e-05 0.00398242 0.0818089 1.82644e-06 -0.181819 -0.000301702 0.000212037 -8.04618e-06 -0.00323613 -3.59614e-05 -0.102239 0.00170995 4.78419e-05 -0.0852929 -1.14346e-06 2.04552e-05 5.29803e-05 0.00525856 -0.000122504 1.99641e-07 2.78902e-05 0.000737369 0.00107233 0.062585 -0.00011901 -1.43638e-05 6.56951e-05 0.0711009 4.71819e-06 -3.67101e-05 0.00650772 1.79504e-05 -0.00119959 1.30472e-06 -0.00470519 0.00027731 
-0.0215167 -4.94542e-05 -0.00449908 0.0251952 -8.79413e-06 -1.92919e-05 -0.0351531 0.103117 -7.24799e-05 -0.0405788 -0.000804524 0.00189025 -0.000167872 -4.92463e-05 -0.000147383 -0.000128961 -0.0022374 -0.000677558 0.000889712 -2.4186e-05 -0.00031528 -2.75716e-06 -0.00116505 -0.0015629 -0.000147197 0.0445556 -0.000191675 -0.00116233 -0.0291589 -0.0248204 -0.000380386 -0.00114085 0.017543 -0.000301968 -4.5838e-05 -0.000195116 -3.99662e-07 -2.25296e-06 4.7909e-06 -0.00342339 -0.00601086 -1.25144e-05 0.000923511 -9.96236e-08 -3.05808e-06 -2.23313e-05 -0.000234097 1.39107e-08 -0.0059107 0.0015622 -0.00390469 -5.52249e-06 -2.95781e-06 -1.22255e-07 -2.35532e-05 -0.00100869 0.00323037 -0.00184881 -2.06119e-05 -2.50007e-05 -0.000128709 -2.71654e-06 -1.68128e-05 -0.000428376 5.57595e-05 -0.00121492 -0.0181914 9.4385e-07 0.0223325 -0.000346544 -4.36299e-05 -4.99894e-06 0.00305331 -1.61721e-05 0.0188649 -0.000553474 -5.09869e-05 0.0143456 -1.08652e-06 -3.72693e-06 -1.41525e-05 0.00206459 -6.13383e-05 -5.2925e-08 7.1845e-05 -0.000690269 -0.000403435 -0.0195592 7.82031e-05 -3.1155e-05 -1.75434e-05 -0.0232148 -4.56595e-06 -4.95425e-05 -0.00186238 -1.92648e-05 -0.00054576 -1.96868e-06 -0.0024147 -0.00070028 
0.00037678 9.18118e-06 -1.54791e-05 -0.000381481 3.59247e-07 1.75555e-06 0.000347977 -7.24799e-05 0.000678446 1.23513e-05 4.13549e-06 -0.000185725 2.13845e-05 9.67564e-07 -0.000176821 -6.24307e-07 -2.44058e-06 3.97217e-05 -0.000137096 3.17707e-05 -6.17229e-07 1.39397e-06 -0.000273291 3.04672e-05 8.95823e-06 -0.00036396 2.67596e-06 2.36772e-05 -6.33925e-05 0.000336424 1.02737e-06 -0.00015351 -0.000326114 -8.57525e-06 5.50491e-06 -6.16031e-07 2.62768e-06 1.51898e-07 2.70496e-07 -8.73182e-06 0.000130174 9.61914e-07 6.13826e-06 -5.79334e-10 1.27326e-06 6.68552e-05 6.75401e-05 -2.87404e-10 0.000205027 -1.21096e-05 5.48183e-05 1.06994e-07 3.50841e-07 1.07927e-06 2.24667e-07 7.10902e-05 -5.42304e-06 0.000108507 1.58371e-06 3.23177e-05 1.43668e-06 6.65501e-07 6.94825e-06 1.46717e-05 -1.92287e-05 3.72864e-05 0.000221666 -1.31006e-08 -0.00037649 4.58442e-05 8.804e-06 -2.97678e-08 -3.97876e-06 4.44596e-06 -0.000413666 1.14204e-05 1.62864e-05 -0.000490201 -6.31836e-09 7.34994e-07 7.86572e-06 -0.000129368 7.95953e-05 -3.07771e-10 5.08173e-06 -2.1088e-06 3.97962e-07 0.000326407 3.04809e-07 2.14139e-06 6.50843e-06 -1.90701e-05 1.22934e-05 1.73857e-06 7.17358e-05 2.01089e-07 8.36316e-05 -1.14871e-08 0.000102258 -0.000113769 
0.0742683 -0.000209818 -0.0157441 -0.0764326 3.95255e-05 3.59195e-05 0.00929179 -0.0405788 1.23513e-05 0.246047 -0.00226738 0.00875821 -0.000783186 0.000148252 -0.000288311 -0.000362805 -0.0062968 -0.00266085 -0.00218907 3.32283e-06 0.00187633 -1.00035e-05 0.0178371 -0.00632973 0.000423481 0.0214486 0.00103019 -0.0059042 -0.0937577 0.0593174 -0.000601303 0.00988812 -0.0895423 -0.00742344 -9.28337e-05 -0.000766477 -1.08977e-06 -9.27898e-06 2.04072e-05 0.00329853 -0.0104869 1.53531e-05 -0.00536523 1.69846e-08 -5.96277e-07 -0.000208932 -0.000975145 1.61605e-09 -0.0139325 0.00143283 0.0187403 -1.97483e-05 -5.0687e-06 -1.06694e-06 4.39478e-05 -0.00082436 8.54849e-05 0.00896351 -0.000168823 -4.96335e-05 -0.000453449 -1.14819e-05 -4.06676e-06 0.00525372 0.000106347 -0.00473075 0.0429136 -7.92177e-06 0.0297836 0.00082511 -0.000189419 1.13801e-05 -0.00623843 -4.32349e-07 -0.0904825 -0.000884726 -0.000181285 -0.0641689 -2.6882e-06 3.9721e-06 -2.00535e-05 0.00846833 -0.000234635 2.55169e-07 -0.000579489 0.00194367 0.00184162 0.0510641 -0.000314985 -0.000141329 4.18336e-05 -0.0591338 -1.29961e-05 6.62191e-05 -0.00153545 -4.89762e-05 -0.00177554 6.09714e-06 -0.0106803 0.000767625 
-0.000692496 0.000180923 0.000593295 0.000727343 -5.31542e-07 7.54186e-06 0.00100837 -0.000804524 4.13549e-06 -0.00226738 0.00839948 -0.00037842 5.15697e-05 2.2727e-05 1.88244e-07 0.000127937 0.000109795 0.000274167 -0.000144315 -1.59318e-07 -2.88583e-05 7.09938e-07 -0.000237293 -9.38966e-05 -9.97888e-06 -0.00261928 -4.69451e-06 0.000112875 -0.00154749 0.000875688 3.74834e-05 -0.000293364 0.000411528 0.000165451 5.95474e-05 -1.39163e-05 3.11e-07 1.10572e-06 2.26419e-06 -0.000120541 9.80774e-05 5.60567e-06 0.000545714 -7.22879e-09 2.89562e-07 4.28676e-05 3.25327e-05 1.79747e-07 0.000676788 -0.000113388 0.000140891 -3.2851e-07 -2.47319e-07 -5.07145e-08 6.3396e-05 3.73075e-05 -5.05379e-05 -6.98468e-05 2.23756e-05 -1.85066e-06 -1.03006e-05 -1.85845e-07 2.48726e-06 -7.59798e-05 -0.000154688 0.000218942 0.000261007 3.0532e-06 -0.00440777 3.54551e-05 0.000130332 -1.24769e-07 0.000160768 -1.66798e-07 -0.00160817 0.000569095 9.04502e-06 -0.000829509 3.49783e-06 -2.7043e-07 1.14841e-06 -0.0020651 9.54304e-06 -3.8403e-09 -1.66945e-05 -3.97673e-05 -1.9533e-05 -0.0010176 6.13502e-05 6.78775e-05 1.16433e-06 0.00239102 6.92202e-06 7.51002e-06 0.000124376 2.41626e-06 0.000304693 -1.43333e-07 0.000726463 -0.000199237 
-0.00416091 -0.000566313 -0.00129727 0.00945985 1.14619e-06 -0.000143169 -0.00132557 0.00189025 -0.000185725 0.00875821 -0.00037842 0.021998 -0.00148953 5.68342e-06 0.000608815 1.75416e-05 -0.00728769 -0.0032857 0.000963149 -3.68417e-05 -0.000578052 -2.06552e-05 0.0176356 -0.00296119 -3.69127e-07 0.00628239 4.34849e-05 -0.0125109 -0.00231177 0.00425522 -0.00226898 0.0152345 -0.00269559 0.000248108 -0.000340782 -0.00131904 -2.89296e-06 -6.90454e-07 -9.3309e-06 -0.00231219 -0.00693642 -2.72116e-05 -0.00864375 -7.1413e-07 -8.26803e-06 -0.000418941 -0.00207962 -2.13806e-07 -0.00730579 9.63259e-05 0.000780792 -4.45292e-05 -3.9511e-06 -1.67527e-06 -8.05218e-05 -0.00375342 -0.00118869 0.000366211 -0.000255244 -0.000171681 -6.05521e-05 -2.14522e-05 -5.07301e-06 0.000806196 0.00048117 -0.0105895 -0.00850621 -7.39907e-06 0.00744952 -0.000188857 -0.000103723 7.60077e-07 3.24142e-05 -8.69759e-05 -0.00233348 -0.000281472 -0.000410887 0.0078188 -7.12723e-06 -1.24583e-05 -6.9533e-05 0.0067251 -0.000492904 1.0202e-08 -0.000435779 -0.000359241 2.75969e-05 0.00412971 -3.74996e-05 -0.000314652 -9.17588e-06 0.00446171 -1.79665e-05 -0.00022568 -0.00867379 -8.1315e-05 -0.00383257 -1.60256e-06 -0.00568229 0.000681248 
-0.000385384 8.57117e-05 0.00114652 0.000370875 8.50762e-08 1.5091e-05 -0.000640548 -0.000167872 2.13845e-05 -0.000783186 5.15697e-05 -0.00148953 0.00206589 -8.20519e-07 -0.000161674 1.82843e-06 2.49698e-05 1.38052e-05 -0.000109385 -4.45277e-07 6.10543e-06 2.01111e-06 -0.00141702 0.000473491 -2.22608e-06 -0.00102056 -4.01703e-06 0.000232644 -0.000216787 -0.000531221 0.000399895 -0.00147861 0.000333751 2.10571e-05 3.04818e-06 3.08567e-05 -7.08689e-09 4.49668e-08 -2.81105e-08 0.000233897 0.00111881 -6.81044e-08 -0.000210598 -1.76655e-09 5.85465e-07 0.000129413 0.000141225 -8.76373e-10 0.00129115 2.15046e-05 -7.27998e-05 -3.73116e-08 8.51415e-07 -1.23934e-08 7.24377e-07 -2.56889e-06 -7.92895e-06 -4.61351e-05 5.98151e-06 2.47552e-06 1.184e-06 3.25562e-06 2.59421e-07 -8.26119e-05 -2.70282e-05 6.16911e-05 0.00041151 -3.99474e-08 0.000178223 8.9738e-05 5.7936e-06 -9.07702e-08 4.41338e-05 1.79499e-05 0.000369047 5.47665e-05 6.06613e-05 0.000219556 -1.92664e-08 1.78725e-06 -2.36984e-07 -0.00150419 0.000135378 -9.38479e-10 5.7047e-06 -1.1838e-05 -7.00917e-06 -0.000445578 1.26477e-06 4.47029e-05 5.63443e-07 -0.000327092 5.10904e-06 2.6149e-06 -2.23509e-05 -1.29258e-07 0.000129527 1.01639e-07 0.0011836 -9.76897e-05 
0.00035243 2.6679e-06 -2.29085e-05 -0.000296308 -3.9401e-08 -8.33785e-08 0.000286242 -4.92463e-05 9.67564e-07 0.000148252 2.2727e-05 5.68342e-06 -8.20519e-07 0.000494329 -6.93316e-06 2.09864e-06 9.53834e-05 1.42597e-06 -0.000276665 3.4036e-06 3.33299e-05 7.83198e-08 1.4577e-05 -6.16621e-06 5.22513e-05 -0.000237371 7.40315e-07 -4.01788e-06 -0.000123401 0.000314189 -1.73571e-06 2.35782e-06 -0.000348333 -9.53263e-06 4.44605e-08 -5.33125e-07 -1.69309e-09 -1.07586e-08 -4.33477e-08 1.14489e-05 3.65187e-05 -4.35508e-08 7.2281e-06 -4.22036e-10 -1.46212e-08 8.16744e-07 1.2685e-06 -2.09369e-10 -1.73522e-05 -3.29213e-06 0.000199217 -2.40445e-08 -1.63852e-08 -2.96085e-09 3.81036e-07 -4.5863e-06 -6.00979e-06 0.000143515 -1.9156e-07 1.90342e-08 4.90532e-06 4.90343e-07 -4.23101e-08 -2.35964e-05 -6.60679e-06 -8.5389e-07 -6.36599e-05 1.87123e-07 -0.000274974 7.7052e-06 2.49375e-06 2.44981e-07 -5.516e-06 -6.85099e-08 -0.000382424 4.86042e-06 5.9036e-07 -0.000410948 2.55397e-07 1.87088e-06 9.88605e-07 -7.94645e-05 1.94766e-08 -2.24207e-10 -1.43628e-06 1.58894e-06 5.29893e-05 0.000182752 4.48222e-07 1.23464e-07 -1.64231e-08 0.000170082 -1.93428e-08 -1.71773e-07 -5.08195e-06 1.45338e-06 3.26911e-06 -8.36818e-09 7.1807e-06 -7.51757e-06 
-0.000795257 2.37874e-06 -0.000949245 0.00110821 -7.29564e-06 -1.50355e-05 0.000554136 -0.000147383 -0.000176821 -0.000288311 1.88244e-07 0.000608815 -0.000161674 -6.93316e-06 0.00384736 -1.01811e-06 -0.000368833 1.47114e-05 0.000720012 -4.22726e-05 -3.11566e-06 -1.20655e-05 0.000988455 3.4199e-05 -1.39045e-05 0.0014967 -0.000172282 -3.4207e-05 -0.000838291 -0.000410927 7.34469e-06 0.000933776 0.000608245 -0.000445479 7.1036e-07 -0.000390128 1.32218e-08 -1.10932e-06 -1.27482e-05 -0.000567756 -9.74358e-05 -1.28577e-06 0.000319751 3.29581e-09 -1.34558e-05 -0.000292699 -0.000629659 1.63503e-09 -5.17878e-05 -1.93871e-05 -0.001119 1.87771e-07 -2.63204e-06 -1.05354e-06 1.84574e-07 7.60057e-06 -6.61411e-05 -0.00109027 -1.36405e-06 -4.26834e-05 -5.95463e-05 -1.89919e-05 -2.80432e-05 -0.000177695 6.45578e-05 1.96409e-06 -0.000764867 -8.70547e-06 0.000850524 -0.000205907 -1.44525e-05 -9.06522e-08 -0.000375246 -3.15165e-06 0.000632777 -0.000113387 -0.000184881 0.00054609 -5.74055e-07 -1.39134e-05 -4.24055e-06 4.29183e-05 -0.000514167 1.7509e-09 -5.14703e-05 -4.20167e-05 -0.000176342 -0.000878103 -1.96727e-05 -1.22395e-05 -6.69319e-06 -0.00013513 -1.39023e-05 1.0749e-06 -4.21572e-05 -4.14352e-06 -0.000492597 -6.69132e-06 -1.94889e-06 0.000269033 
-0.000186757 -6.55721e-07 4.30808e-05 0.000181574 -9.20349e-08 -1.9476e-07 -0.000202498 -0.000128961 -6.24307e-07 -0.000362805 0.000127937 1.75416e-05 1.82843e-06 2.09864e-06 -1.01811e-06 0.00115392 -1.30235e-06 4.36376e-06 2.49453e-06 -3.43115e-07 -4.20703e-06 -2.72832e-08 -3.32883e-05 -1.64525e-07 1.26686e-06 0.000202991 -1.31168e-06 -1.78494e-05 -0.000242047 -0.000188507 -2.57103e-06 1.78908e-05 0.000153836 8.85351e-05 -4.56751e-07 -2.4833e-06 -3.95481e-09 1.2082e-06 4.9208e-07 2.40217e-09 2.22445e-05 -1.32873e-07 -0.000118614 -9.85813e-10 -3.4153e-08 -5.52637e-07 -2.58072e-06 -4.89056e-10 -6.28219e-05 -9.52985e-07 -1.7027e-05 -5.61644e-08 -3.82734e-08 -6.9161e-09 1.57615e-07 -8.79697e-06 -1.2858e-05 3.07112e-05 1.07254e-06 -2.592e-07 4.86066e-08 -3.03446e-08 1.48855e-07 -3.02787e-05 -6.35172e-07 -1.25218e-05 -0.000188378 1.98104e-06 2.17329e-05 4.0654e-06 2.64597e-06 -5.06539e-08 8.93122e-05 -8.66957e-08 1.04305e-05 3.26725e-05 -5.0526e-07 7.44672e-05 -1.07515e-08 -2.35461e-08 -1.43409e-07 -0.000388584 -5.31902e-07 -5.23713e-10 2.66839e-06 -5.36664e-06 -3.95266e-06 -0.000154083 1.32586e-06 -3.89003e-07 -1.78513e-07 0.000121126 -4.51818e-08 -6.03676e-07 -1.65193e-05 -2.02342e-07 -4.93016e-06 -1.95468e-08 -4.88158e-06 -2.01397e-06 
0.00214793 -1.58693e-06 -0.000652202 -0.00764285 -1.79486e-06 2.98086e-07 0.00717584 -0.0022374 -2.44058e-06 -0.0062968 0.000109795 -0.00728769 2.49698e-05 9.53834e-05 -0.000368833 -1.30235e-06 0.022062 -0.000103522 -0.0014733 7.86686e-07 -7.5714e-05 1.88503e-05 -0.00618947 -8.87236e-07 -2.29026e-05 -0.00492883 -5.47168e-06 0.00687941 0.00278793 -0.00295564 -7.47414e-05 -0.00772905 0.000639873 -0.000421878 -7.93075e-06 0.00110292 -7.72696e-08 1.379e-06 -1.48831e-06 1.83813e-05 -0.000778959 2.44724e-06 0.00558943 8.0739e-08 -6.40621e-07 9.97258e-05 0.00170635 -9.55525e-09 -0.000726583 -0.000403948 0.00089202 3.4666e-05 -3.21126e-07 1.28206e-07 -5.33085e-06 -0.000233635 -0.000226376 0.00227868 0.000121108 4.70024e-05 4.29565e-05 2.02471e-05 -1.89436e-06 -0.000874017 -9.31674e-05 0.00636803 0.00277161 5.17778e-06 -0.0062981 0.000120517 -9.87674e-06 -6.73017e-07 -0.000233526 -2.82334e-06 -0.000290007 0.000649129 0.000361275 -0.00609551 -5.67318e-08 1.24428e-05 3.51547e-05 0.000424997 0.000292344 -1.02324e-08 0.000464587 1.01732e-05 -7.16069e-05 -0.00310839 1.18202e-05 7.41896e-05 -1.63782e-06 -0.00193019 2.8139e-06 -7.02138e-06 0.0040648 1.36999e-05 0.000688351 1.48809e-06 -7.47383e-05 -0.000320326 
-0.00103948 0.000223664 -0.000270069 3.47562e-05 -4.34187e-07 8.05827e-05 -0.00154522 -0.000677558 3.97217e-05 -0.00266085 0.000274167 -0.0032857 1.38052e-05 1.42597e-06 1.47114e-05 4.36376e-06 -0.000103522 0.00632996 -7.60217e-05 -1.51752e-06 3.54051e-05 1.00622e-06 -0.00389253 0.00346882 1.53441e-05 0.00133365 -1.23083e-05 0.000328109 -0.00164522 -0.0016204 0.000419056 -0.00035889 0.000589149 -9.54096e-05 0.000192955 1.0166e-05 2.94819e-06 -2.85806e-08 1.68164e-06 -8.76421e-05 0.00342057 1.88061e-06 -0.000100463 2.1123e-07 3.045e-06 1.34859e-05 5.60455e-05 1.80636e-07 0.00393658 -4.24087e-05 -0.000221955 -3.09715e-07 9.89439e-08 -3.81383e-08 1.85204e-05 0.00254677 -6.70014e-05 -0.000108335 3.73059e-05 -1.42934e-06 2.91311e-05 -1.20666e-07 -4.87291e-07 -7.3452e-05 -0.000303236 0.000382203 -0.00066727 5.13736e-07 -0.00227711 -1.50257e-05 -2.338e-06 -1.49327e-07 -9.16886e-05 2.04975e-05 0.000692609 -2.39684e-05 1.34711e-06 -0.00135336 3.97404e-06 -2.03369e-07 2.39758e-05 -0.00385239 4.35209e-06 -2.88798e-09 -7.47394e-06 0.000133818 -2.21509e-05 -0.00135701 3.26224e-05 6.86449e-05 -4.91064e-07 -0.00128241 3.43085e-06 0.000104931 6.53742e-05 2.0542e-06 0.000579732 -1.0779e-07 0.00382907 -0.000183231 
-0.00527959 -4.75955e-05 0.000449437 0.00598458 -2.48711e-07 -7.02106e-05 -0.00422726 0.000889712 -0.000137096 -0.00218907 -0.000144315 0.000963149 -0.000109385 -0.000276665 0.000720012 2.49453e-06 -0.0014733 -7.60217e-05 0.00999785 -1.39947e-05 -7.08225e-05 -1.73415e-05 0.000726619 -7.33516e-05 -0.000129651 0.00345738 -0.000109295 -0.000541776 0.00067059 -0.00502988 -5.36044e-05 0.00105874 0.00477069 0.000165699 -1.33102e-05 -0.000662526 -2.80209e-06 -1.79363e-06 -6.28145e-06 -0.000268418 -0.000120725 -3.57168e-06 -0.000308429 -9.13815e-08 -1.16414e-05 -0.000269999 -0.000759328 4.27561e-09 7.92337e-05 -0.000348479 -0.00236696 -7.36565e-06 -2.50206e-06 -1.7762e-06 -4.31744e-06 2.18547e-05 -0.000228602 -0.00230457 -2.77848e-05 -2.68173e-05 -6.05638e-05 -1.94747e-05 -1.12052e-06 0.000102309 0.000214341 -0.000384179 -0.00499963 -8.80177e-06 0.00391917 -0.000372912 -3.00378e-05 -2.49715e-06 5.39951e-05 6.90663e-08 0.00429922 -0.000117221 -0.000173479 0.00217244 -4.17267e-06 -1.68876e-05 -6.37362e-05 -5.16535e-05 -0.000484552 4.5786e-09 -0.000216786 -0.00183162 -3.13974e-05 -0.00506111 -7.92971e-06 -0.000104442 -6.856e-06 0.001731 -9.61499e-06 -1.0659e-05 2.24364e-05 -1.78777e-05 -0.000624805 -1.48911e-06 -0.000240255 0.000301289 
0.000144172 -1.73678e-07 -1.6838e-06 -9.24466e-05 -1.23969e-08 -5.4449e-08 0.000175418 -2.4186e-05 3.17707e-05 3.32283e-06 -1.59318e-07 -3.68417e-05 -4.45277e-07 3.4036e-06 -4.22726e-05 -3.43115e-07 7.86686e-07 -1.51752e-06 -1.39947e-05 0.000322869 -1.11308e-06 3.75706e-07 -5.1428e-05 -4.28786e-06 5.22751e-06 -0.000166159 1.59663e-06 -5.53098e-07 -3.07952e-05 0.000143216 -9.63478e-07 -3.26929e-05 -6.89148e-05 -5.30221e-06 -1.27694e-07 2.11908e-06 -1.10565e-09 3.59641e-07 -2.83075e-08 -8.66794e-06 1.5345e-05 1.49519e-07 -1.43839e-05 -2.75604e-10 -9.54817e-09 1.02955e-05 1.02052e-05 -1.36725e-10 -1.46262e-05 -5.55761e-06 -9.5231e-07 1.09648e-08 -1.07001e-08 -1.93353e-09 2.27075e-07 1.48378e-06 -3.14793e-06 2.39157e-05 -5.84284e-08 1.03809e-05 8.01438e-06 1.50818e-06 4.71509e-06 -9.81314e-06 -1.34478e-06 2.06781e-06 -1.71712e-06 -6.23231e-09 -0.000177902 1.42434e-05 1.6811e-06 -1.41613e-08 -1.80304e-06 -4.47393e-08 -0.000137949 1.63797e-05 3.40208e-06 -0.000163961 -3.00581e-09 2.09302e-06 2.86574e-07 -1.9655e-06 9.76667e-06 -1.46415e-10 1.08206e-06 -1.78673e-06 3.80632e-06 6.65138e-05 -1.39652e-07 -1.08754e-07 8.40093e-07 5.31743e-05 2.40352e-08 -1.0877e-07 2.8653e-05 8.34312e-08 1.01734e-05 4.1202e-08 -1.37804e-06 -1.12401e-05 
0.000557507 8.19509e-05 -2.20796e-06 -0.00184985 5.44019e-07 9.09574e-05 -0.000643142 -0.00031528 -6.17229e-07 0.00187633 -2.88583e-05 -0.000578052 6.10543e-06 3.33299e-05 -3.11566e-06 -4.20703e-06 -7.5714e-05 3.54051e-05 -7.08225e-05 -1.11308e-06 0.00365991 -5.00868e-08 -0.000571058 1.01754e-06 0.000229937 -7.93008e-05 3.75869e-06 1.77277e-05 -0.000686934 0.00150312 0.000582615 -5.84798e-05 -0.00224376 -6.24331e-05 8.42976e-05 -2.71293e-06 -1.25753e-08 -7.99087e-08 4.44137e-06 -9.23443e-05 0.000743965 1.14408e-05 -0.000278889 3.86865e-07 1.82474e-06 -1.56058e-06 -8.0627e-06 -1.55507e-09 0.000579168 0.000451926 0.000300422 7.14115e-08 2.04967e-07 -2.19914e-08 5.08498e-05 0.00112977 9.66528e-05 0.000126983 3.62054e-06 -6.24189e-07 -3.24925e-06 -9.6488e-08 -5.3326e-07 0.000121836 -0.000130838 -2.79973e-05 -0.000250929 -7.08844e-08 0.000721753 0.000169921 -1.65567e-06 7.8056e-06 -5.30409e-05 2.38211e-05 -0.002251 -1.61664e-05 6.06735e-07 -0.00214302 1.48581e-06 3.92733e-07 3.01066e-06 -0.00152897 -2.00929e-06 6.50014e-08 5.49213e-06 0.000114002 7.97529e-05 0.000415106 2.50768e-05 4.0464e-06 -2.87626e-07 -0.00016207 -9.03333e-08 4.92238e-05 -3.43299e-05 -9.00627e-08 5.7759e-05 3.81179e-07 0.000203235 -5.25457e-06 
4.7477e-06 1.79523e-08 -9.15405e-07 -1.44427e-05 -1.88146e-09 3.26852e-08 1.41836e-05 -2.75716e-06 1.39397e-06 -1.00035e-05 7.09938e-07 -2.06552e-05 2.01111e-06 7.83198e-08 -1.20655e-05 -2.72832e-08 1.88503e-05 1.00622e-06 -1.73415e-05 3.75706e-07 -5.00868e-08 2.36161e-05 -1.95804e-05 1.18153e-06 1.05553e-06 -1.20404e-05 -4.58265e-08 1.25694e-05 1.29917e-05 -5.60258e-06 -8.28829e-08 -2.03302e-05 2.35908e-06 -4.51565e-07 -9.33732e-09 1.22459e-05 9.23252e-07 5.46153e-07 -2.06992e-09 9.01354e-06 -1.11952e-06 -2.71631e-09 3.29655e-06 -2.01529e-11 3.59685e-08 1.95369e-07 1.49972e-05 -9.99772e-12 -3.34621e-07 -3.8922e-07 -8.38642e-07 8.42185e-07 -7.8242e-10 -1.41385e-10 -6.79491e-09 -5.7036e-08 -2.46977e-07 -1.72979e-07 -9.14729e-09 4.0947e-06 1.23319e-06 8.31605e-06 -3.77127e-09 -1.02758e-06 -1.57341e-05 8.40448e-06 4.57032e-06 -4.55723e-10 -1.31e-05 8.14779e-06 1.59355e-07 -1.03551e-09 -3.45849e-07 -3.27146e-09 2.4637e-06 3.54611e-07 4.383e-06 -1.3909e-05 -2.19792e-10 7.85925e-06 3.4804e-06 -8.55557e-06 2.17375e-06 -1.07062e-11 1.08347e-05 -1.05684e-07 -8.21666e-08 -4.4204e-06 -2.09364e-08 7.37871e-06 3.63507e-08 -3.66686e-06 -9.23648e-10 7.65911e-09 2.64535e-06 1.08253e-06 2.18219e-06 -3.99594e-10 -7.84812e-08 -1.84444e-05 
-0.00218448 -0.000523317 -0.00391487 0.0189569 -5.40593e-06 -0.000120097 0.00336866 -0.00116505 -0.000273291 0.0178371 -0.000237293 0.0176356 -0.00141702 1.4577e-05 0.000988455 -3.32883e-05 -0.00618947 -0.00389253 0.000726619 -5.1428e-05 -0.000571058 -1.95804e-05 0.0489743 -0.00365784 3.73827e-05 0.00837134 8.55059e-05 -0.0108301 0.00373483 -0.0067809 -0.0022494 0.0180112 -0.00528228 -0.00227884 -0.000343539 -0.00136413 -2.79322e-06 -3.38997e-06 -2.68205e-05 -0.000552874 -0.0095885 -4.32737e-05 -0.0117012 -4.526e-07 -8.70332e-06 -0.000423496 -0.00203833 -1.84805e-07 -0.0252194 0.000700786 0.00167471 -4.2806e-05 -4.8058e-06 -2.82084e-06 -6.22487e-05 -0.00497976 -0.00353586 0.000604123 -0.000354602 -0.0001551 -4.60279e-05 -1.99969e-05 -5.05769e-05 -0.00351974 0.00046133 -0.00958624 -0.0102954 -1.39502e-05 0.0107146 -8.60333e-05 -3.9481e-05 -1.15904e-06 -0.0022488 -9.05432e-05 -0.00484795 -0.000210798 -0.000377161 0.00613215 -7.38939e-06 -1.17281e-05 -5.93561e-05 0.00716101 -0.00047459 2.34106e-08 -0.00053479 -0.000658355 0.000115032 -0.00374234 -0.0005878 -0.000312021 -1.53869e-05 0.00835756 -1.83337e-05 -0.000208135 -0.00865527 -0.000122745 -0.00344831 -3.83957e-06 -0.013011 0.000774081 
-0.00156222 0.000194078 0.000260146 0.00103416 5.56817e-07 3.48536e-05 -0.000916426 -0.0015629 3.04672e-05 -0.00632973 -9.38966e-05 -0.00296119 0.000473491 -6.16621e-06 3.4199e-05 -1.64525e-07 -8.87236e-07 0.00346882 -7.33516e-05 -4.28786e-06 1.01754e-06 1.18153e-06 -0.00365784 0.0201201 9.69831e-05 -0.00405513 -2.97871e-05 0.000805711 0.00156582 -0.00267668 0.000348134 -0.000993922 0.000424361 -0.000273471 0.000188938 4.63132e-05 2.98301e-06 3.38648e-06 3.78289e-06 -0.000194735 0.00360462 -3.92677e-07 -0.00179716 2.19137e-07 2.36042e-07 -3.92003e-06 6.031e-06 -8.69613e-09 0.00523489 -0.000311941 0.00073728 -9.15352e-07 3.13278e-06 -4.29783e-08 1.5973e-05 0.00286534 0.000253021 0.000218148 4.84569e-05 6.97718e-07 0.000118284 -4.36238e-07 -2.21029e-06 -0.000301627 -0.000175087 0.000333477 -0.00211747 3.28361e-06 -0.00734269 -6.96817e-05 -7.12537e-06 2.493e-07 0.000203947 5.51578e-05 0.000536036 -9.41059e-05 -8.2076e-06 -0.0014251 1.35882e-06 -6.22437e-07 3.114e-05 -0.00632384 2.19385e-06 2.73543e-08 -5.70325e-05 -3.39844e-05 -3.67328e-05 -0.00385799 5.21559e-05 1.72996e-05 1.28244e-06 0.00227817 2.1266e-06 5.53424e-05 -0.000115468 -2.92127e-06 0.000373245 -3.47571e-07 0.00342611 -0.000138552 
0.000518565 1.4828e-05 5.70433e-05 -0.000583231 -1.01703e-07 1.04439e-06 9.39775e-05 -0.000147197 8.95823e-06 0.000423481 -9.97888e-06 -3.69127e-07 -2.22608e-06 5.22513e-05 -1.39045e-05 1.26686e-06 -2.29026e-05 1.53441e-05 -0.000129651 5.22751e-06 0.000229937 1.05553e-06 3.73827e-05 9.69831e-05 0.00131671 -0.000168705 8.84498e-06 1.64967e-05 -0.000319236 0.000622993 -2.8771e-06 4.13257e-06 -0.000819792 -4.51779e-06 6.87206e-06 -2.83411e-06 2.62549e-06 -2.86806e-08 1.04443e-07 -3.58361e-05 -7.13531e-05 -1.51643e-07 -5.03127e-05 -1.12507e-09 1.74356e-07 -5.07053e-08 9.7138e-07 -5.58142e-10 -2.1287e-05 5.3144e-05 0.000173828 -6.07651e-08 -3.46805e-10 2.1069e-09 8.15733e-06 0.000115433 -1.14877e-05 1.18543e-05 3.61933e-06 1.04185e-07 -1.46639e-06 -3.46312e-08 4.72795e-07 7.92179e-06 -2.0035e-05 7.22313e-06 -0.000187839 7.78917e-08 -0.00019185 5.27409e-05 -5.67584e-07 1.10155e-05 1.20856e-05 -1.82636e-07 -0.000821103 -1.85457e-06 -5.59969e-07 -0.000682713 4.43963e-08 1.48791e-06 3.98633e-06 -0.000413596 -1.71168e-07 -5.97696e-10 -3.75222e-06 3.19969e-06 6.42229e-05 0.00025339 5.45172e-08 -3.40623e-07 1.86269e-07 0.000431708 -5.15644e-08 -3.62288e-07 2.24602e-06 2.04574e-06 1.81951e-05 -2.23081e-08 -1.1103e-05 -2.00155e-05 
-0.0854733 -0.000157051 -0.0147629 0.0542649 -4.16538e-05 4.47748e-05 -0.160724 0.0445556 -0.00036396 0.0214486 -0.00261928 0.00628239 -0.00102056 -0.000237371 0.0014967 0.000202991 -0.00492883 0.00133365 0.00345738 -0.000166159 -7.93008e-05 -1.20404e-05 0.00837134 -0.00405513 -0.000168705 0.248563 -0.000577465 -0.00797425 -0.0981076 -0.062904 0.000816248 0.0108579 0.0632588 -0.00625379 -9.53385e-05 -0.0006673 -1.57146e-06 -1.15848e-05 -4.47097e-05 -0.0100777 -0.00410648 -4.88224e-05 -0.0142875 -1.56868e-08 -9.31587e-06 -0.000226315 -0.00104818 -1.64384e-07 -0.00935828 0.000637504 -0.0160748 -2.61383e-05 -9.50443e-06 -2.70698e-06 -4.57336e-05 0.00257106 0.00211734 -0.00658713 -0.000115603 -0.00011998 -0.000573911 -1.20159e-05 -5.56377e-05 -0.0202537 2.86031e-05 -0.00565455 -0.0812865 -8.54328e-06 0.17014 -0.00152907 -0.000167995 7.70092e-06 -0.0012231 -3.69503e-05 0.072841 -0.00241905 -0.000230279 0.0591268 -1.94952e-06 -1.6952e-05 -6.25849e-05 0.000708322 -0.000290677 -2.43854e-07 -0.000240486 -0.000630854 -0.00167736 -0.0397642 -0.000173413 -0.00014757 -7.53436e-05 -0.0911967 -1.69678e-05 0.000148683 -0.00866748 -9.0029e-05 -0.00218738 -6.06484e-06 -0.00111937 0.000127674 
0.00134599 -1.23709e-06 -6.25009e-05 -0.00126568 1.36875e-06 6.9536e-08 0.000970194 -0.000191675 2.67596e-06 0.00103019 -4.69451e-06 4.34849e-05 -4.01703e-06 7.40315e-07 -0.000172282 -1.31168e-06 -5.47168e-06 -1.23083e-05 -0.000109295 1.59663e-06 3.75869e-06 -4.58265e-08 8.55059e-05 -2.97871e-05 8.84498e-06 -0.000577465 0.00193666 -3.05333e-05 -0.000500022 0.00132737 -6.75996e-06 4.64383e-05 -0.00156861 -2.41972e-05 -7.33854e-07 -3.61778e-06 -6.64274e-09 -4.22108e-08 2.30993e-06 -5.25884e-05 -4.10545e-05 -2.09848e-07 -0.000162427 -1.65583e-09 -2.40322e-08 -9.28243e-07 -4.33474e-06 -8.21449e-10 -0.000114927 -3.1539e-05 0.000525564 -9.43372e-08 -6.42864e-08 -1.16167e-08 -4.74961e-07 -1.71851e-05 -2.35791e-05 0.000284513 -7.51574e-07 -3.12034e-07 -1.52371e-06 -5.09686e-08 1.98014e-06 -2.25861e-05 -3.16396e-06 -2.06119e-05 0.000212665 -3.74438e-08 -0.00106621 -4.92538e-06 -5.64591e-07 5.49186e-08 -2.64062e-05 1.79454e-06 -0.00153758 -8.38465e-06 -8.48666e-07 -0.00151206 -1.80589e-08 1.06806e-06 5.69121e-07 4.77463e-05 -1.00138e-06 -8.79662e-10 -5.55518e-06 -1.0576e-05 4.07889e-06 0.0012356 -1.64688e-06 -6.53395e-07 -4.98417e-08 0.00017651 -7.58902e-08 -9.03972e-07 5.49224e-06 -3.39866e-07 -8.91869e-06 1.17168e-07 -4.9515e-05 2.05452e-06 
0.00488021 0.000427055 0.000571253 -0.00819008 -9.26074e-07 1.20336e-06 0.00325507 -0.00116233 2.36772e-05 -0.0059042 0.000112875 -0.0125109 0.000232644 -4.01788e-06 -3.4207e-05 -1.78494e-05 0.00687941 0.000328109 -0.000541776 -5.53098e-07 1.77277e-05 1.25694e-05 -0.0108301 0.000805711 1.64967e-05 -0.00797425 -3.05333e-05 0.0157206 0.00389975 -0.00314039 6.1066e-05 -0.0137483 0.00180814 -0.000232166 0.000140917 0.000848599 2.91531e-06 9.91393e-08 2.04311e-06 0.00144694 0.000692639 1.07692e-05 0.00754746 3.09701e-07 7.01035e-07 3.4641e-05 0.00105659 1.99904e-07 0.000684695 -0.000279737 -0.000507611 4.47366e-05 3.87388e-07 2.01025e-07 2.07168e-05 -5.7104e-05 0.00175589 -0.000324458 0.000193992 0.000128419 6.2295e-06 6.17035e-07 -2.39446e-06 0.00120303 -0.000261721 0.0102425 0.00802075 3.6172e-07 -0.00766069 -2.49284e-05 2.65394e-05 -7.00487e-07 -5.72677e-05 6.05364e-06 0.00155439 0.000155815 0.000247466 -0.00582752 6.12799e-06 1.90667e-06 3.48268e-05 -0.000346405 1.29615e-05 -7.24237e-09 0.000401258 2.56186e-05 2.38072e-05 -0.00331187 -3.62606e-06 0.000241374 1.3247e-06 -0.00314315 7.88519e-07 -2.515e-07 0.00812745 1.84918e-05 0.00214437 1.23022e-07 0.000571088 -0.000610609 
-0.0448998 -0.000144914 0.0137443 0.0536921 -1.9759e-05 -4.25586e-05 0.0552165 -0.0291589 -6.33925e-05 -0.0937577 -0.00154749 -0.00231177 -0.000216787 -0.000123401 -0.000838291 -0.000242047 0.00278793 -0.00164522 0.00067059 -3.07952e-05 -0.000686934 1.29917e-05 0.00373483 0.00156582 -0.000319236 -0.0981076 -0.000500022 0.00389975 0.191951 -0.0654396 -0.000872782 -0.00386355 0.0428951 0.00562052 -0.000100267 0.00114207 -8.86874e-07 7.67109e-06 -2.11197e-05 -0.00256854 -0.00391254 -2.66771e-05 -0.0187962 -1.21071e-07 6.25444e-06 0.00019535 0.00127881 -1.09672e-07 -0.0139591 -0.00202685 -0.0091434 2.7315e-05 1.15377e-06 -9.7616e-08 -7.24113e-05 -0.00276675 -0.00277152 -0.00551136 -4.90995e-05 2.13406e-05 0.000384463 1.81718e-05 -2.30663e-05 -0.00352405 6.48098e-05 0.00281096 -0.0279816 5.3242e-06 -0.0650318 -0.000350702 -4.42768e-05 -4.94924e-06 -0.00136333 -3.35802e-05 0.0448527 -1.56316e-05 0.000163938 0.0345144 -2.39105e-06 5.76971e-06 3.55359e-06 0.00146316 0.000382961 -1.17444e-07 0.00037487 -0.00137341 -0.000885332 -0.0534057 -0.000194562 5.21651e-05 -2.34253e-05 0.103348 -3.46545e-06 -0.000100666 -0.000626621 -3.3369e-05 0.000726271 -3.02342e-06 -0.00577339 -0.000285295 
0.112442 -0.000125871 -0.0116701 -0.149417 5.23246e-05 -2.62232e-05 0.0797011 -0.0248204 0.000336424 0.0593174 0.000875688 0.00425522 -0.000531221 0.000314189 -0.000410927 -0.000188507 -0.00295564 -0.0016204 -0.00502988 0.000143216 0.00150312 -5.60258e-06 -0.0067809 -0.00267668 0.000622993 -0.062904 0.00132737 -0.00314039 -0.0654396 0.207202 -0.000535397 0.00313165 -0.116016 -0.00544914 -1.58586e-05 -0.000589444 8.36543e-07 -6.0664e-06 2.69888e-05 0.00864334 0.000162846 6.2596e-05 0.0161345 -1.83465e-07 -5.16568e-06 -0.000120981 -0.000646715 -7.40886e-08 0.0148916 -0.00315212 0.0246931 -1.04973e-05 -4.40115e-06 6.48506e-07 4.25604e-05 0.00136811 0.00129184 0.0132455 -7.79566e-05 -8.28362e-06 0.000115096 -7.12269e-06 4.97422e-05 0.0187404 0.000107018 -0.00241315 0.0800372 -2.18962e-06 -0.0762098 -0.000123233 6.47904e-05 1.29342e-05 -0.00347123 4.6509e-05 -0.116406 -0.00032497 -0.00011097 -0.0935225 -1.92466e-06 6.87255e-06 1.40327e-05 0.00684418 -0.000143863 -3.62156e-08 -0.000808434 0.00328308 0.00231022 0.126713 5.77772e-05 -7.51089e-05 5.3769e-05 -0.0346354 2.07264e-06 6.09521e-05 0.00228066 -8.72377e-06 -0.000507527 8.34036e-06 0.000137468 0.0004198 
-0.000603295 5.80343e-05 0.000200066 -0.0005598 -2.79591e-07 9.20283e-05 -0.00115879 -0.000380386 1.02737e-06 -0.000601303 3.74834e-05 -0.00226898 0.000399895 -1.73571e-06 7.34469e-06 -2.57103e-06 -7.47414e-05 0.000419056 -5.36044e-05 -9.63478e-07 0.000582615 -8.28829e-08 -0.0022494 0.000348134 -2.8771e-06 0.000816248 -6.75996e-06 6.1066e-05 -0.000872782 -0.000535397 0.00349719 -0.000591626 -0.000250252 -6.70967e-05 0.000181802 3.40269e-06 -1.20142e-08 -7.63435e-08 1.32403e-07 -0.000102078 0.00257404 6.96812e-08 -0.000224731 3.87005e-07 4.32958e-06 1.62412e-05 -7.58992e-06 -1.48569e-09 0.0023611 6.86252e-05 -0.000122991 -1.70621e-07 4.0373e-07 -2.10103e-08 3.32003e-05 0.00175788 -8.01566e-06 -6.89183e-05 9.96735e-06 2.20925e-06 -3.22671e-06 -9.21831e-08 -1.30422e-07 -0.000152893 -0.000211659 1.33655e-05 -0.00049121 -2.77218e-08 0.000975839 -8.30564e-06 -1.46847e-06 -1.4388e-07 -4.99876e-05 2.93939e-05 -0.000130147 -1.66425e-05 6.04841e-06 -0.000492699 6.74005e-07 -1.12035e-07 4.24341e-07 -0.0029466 -1.65631e-06 -1.59098e-09 -5.20525e-06 0.0001872 -1.17102e-05 -0.000737796 3.15755e-05 1.21159e-06 -5.42301e-07 -0.000577328 2.1941e-07 0.000125169 4.92461e-05 1.23864e-06 0.000248267 6.06191e-08 0.00149517 -4.21878e-05 
-0.0050591 -0.000494228 -0.00375771 0.00964557 1.48543e-06 -1.35254e-05 -0.000766694 -0.00114085 -0.00015351 0.00988812 -0.000293364 0.0152345 -0.00147861 2.35782e-06 0.000933776 1.78908e-05 -0.00772905 -0.00035889 0.00105874 -3.26929e-05 -5.84798e-05 -2.03302e-05 0.0180112 -0.000993922 4.13257e-06 0.0108579 4.64383e-05 -0.0137483 -0.00386355 0.00313165 -0.000591626 0.0246185 -0.0036766 -0.00125809 -0.000213674 -0.00127484 -2.88354e-06 -6.65726e-06 -1.5553e-05 -0.00189057 -0.0011945 -2.85951e-05 -0.0105286 -8.51145e-08 -6.87e-06 -0.000430131 -0.00210072 -1.95975e-07 -0.0044919 0.000304307 0.000888767 -4.43121e-05 -4.01326e-06 -3.30213e-06 -5.82366e-05 0.000127854 -0.00399256 0.000352865 -0.000342088 -0.000169807 -8.97124e-05 -2.12466e-05 -3.03689e-06 -0.00378608 0.000302458 -0.0103774 -0.0105112 -1.1506e-05 0.00929381 -0.000189465 -4.76198e-05 9.9741e-07 -0.002919 -2.48681e-05 -0.00355259 -0.000331568 -0.000414234 0.00454825 -6.13161e-06 -1.23704e-05 -5.98414e-05 0.00198875 -0.000502745 1.14496e-08 -0.000425763 3.60105e-05 2.17049e-05 0.00445971 -3.12566e-05 -0.000314159 -1.29673e-05 0.00429376 -1.38689e-05 -1.26923e-05 -0.00890235 -0.00012266 -0.00358042 -2.29933e-06 -0.00246947 0.000966121 
