0.24568 0.0855959 0.000544254 0.101627 0.00197843 -0.000130468 -0.105617 -0.0173009 -0.0157609 -0.00449155 0.203075 -3.50089e-05 -7.69731e-05 0.00439759 7.69192e-05 -0.0590498 -0.177717 -0.00345718 -0.159581 0.0106138 -0.00213869 -0.00805383 0.177373 -0.142513 -0.00865202 0.0159079 -0.0447605 0.000684688 0.124663 -1.41966e-05 -0.0426989 3.58306e-06 -0.0343193 -0.00118768 0.0105948 0.0782501 0.169367 -0.0339707 0.0786165 -0.0105559 -0.000528123 0.111234 -0.0447112 -0.0610197 0.130278 8.0618e-05 0.00161907 -1.71887e-05 -0.00181332 -0.00147858 -0.0330771 -0.135618 -9.48038e-05 0.00560331 -0.000204149 0.000352632 -0.0145086 0.000554239 0.00120356 0.205184 -0.0452299 -0.00391341 -6.93729e-05 -9.34318e-05 -0.0051672 0.000497313 -0.00117886 -0.000121135 -0.0128992 -0.000163339 -0.178078 0.00275794 -0.020941 -0.107757 -1.564e-05 -0.00459612 -0.000885881 -0.137623 -0.165577 -0.00644229 -0.0451642 -2.68285e-05 -0.010796 -0.050351 -0.000269062 -0.0128482 -0.012973 -0.000127487 -0.0519388 0.105057 0.000281669 -0.00395926 0.0602569 -0.00278934 0.0367644 -0.000731332 -5.52656e-07 -1.18288e-05 0.0771211 -4.19615e-06 
0.0855959 0.170766 0.00139612 0.040616 0.00212771 -4.95735e-05 -0.0419443 -0.0535867 -0.00514904 -0.00171353 0.0819998 -1.38163e-05 -2.85357e-05 -0.0114594 -4.40787e-05 -0.0118149 -0.0703993 -0.00219176 -0.06795 0.0105541 -0.00141681 -0.00301255 0.0657263 -0.0553441 -0.0042009 -0.0179645 -0.00616202 0.000115184 0.0517947 -5.50497e-06 -0.0544018 2.42518e-08 0.00356312 -0.000345874 -0.00318839 0.0308654 0.0656573 -0.0124777 -0.0183172 -0.00410641 0.000274818 0.0617002 -0.0244475 -0.0187525 0.0939229 0.000236248 0.00135225 -5.64171e-06 -0.000476473 -0.000733812 -0.0194731 -0.0937455 0.000271766 0.00832769 -0.00011275 -0.0165591 -0.0291453 0.000424123 0.000949762 0.0688333 -0.0234234 -0.00199826 -2.49809e-05 -4.59221e-05 -0.0021428 -8.77401e-05 -0.000444007 -4.30685e-05 -0.00507659 -1.53019e-05 -0.0683986 0.00832458 -0.00455062 -0.0261297 -9.77341e-06 -0.00330256 -0.000346597 -0.0501779 -0.0618544 -0.00172663 -0.0120328 -1.18506e-05 -0.00317159 -0.0166228 -0.000110059 0.00750955 -0.00492475 0.00685202 -0.0195591 0.0324451 -0.00011637 0.00192235 0.0186314 -0.00110666 0.0267298 -0.000436247 -4.74764e-07 1.26432e-07 0.00915783 -1.1028e-05 
0.000544254 0.00139612 0.014456 0.00894921 0.000235198 1.06935e-05 -0.00211106 -0.00521616 -0.000351627 9.96997e-06 0.00191863 1.93452e-06 6.18332e-06 0.00190241 -1.08526e-06 -0.00148787 -0.00466949 0.00113679 -0.00184521 5.63519e-05 0.00281341 -0.000530603 0.00234282 -0.00368219 0.00443222 -0.00625555 -0.00123211 1.5092e-05 -2.1286e-05 -1.64956e-07 0.00479707 2.31985e-06 -0.00220034 -1.99597e-05 -0.000230105 -0.00432364 -0.00553324 -0.000826042 -0.0027469 0.00133952 -4.39514e-05 0.00516641 0.000270191 -0.00210671 0.00297524 -4.24723e-06 0.000187597 5.72331e-06 0.00268831 3.64305e-05 -0.00392741 0.0005191 0.000126166 -0.000170865 0.000536313 -0.00159232 -0.00483841 0.000900272 -0.00017704 -0.000857987 -0.0016743 0.000105679 8.30869e-05 4.99272e-05 -0.000126075 0.000765886 9.2228e-05 -1.44281e-06 -0.000397464 -7.40231e-06 -0.00229172 0.00967922 -0.000687468 -0.00323386 -7.28035e-07 0.000228511 -1.44522e-05 -0.00384445 -0.0040395 -0.000218646 -0.000918957 9.76683e-06 -0.00028734 -0.00127593 9.46654e-05 -0.000332307 -0.000467461 0.00526841 -0.00108175 0.002442 -1.49965e-05 0.00404614 -0.00399538 0.000924422 -0.0010842 0.00123957 -4.70946e-08 3.5949e-07 -0.00180821 -1.31904e-07 
0.101627 0.040616 0.00894921 0.198682 -0.00102684 -4.56681e-05 -0.0495624 0.0326137 -0.00754423 -0.00220393 0.0983438 -1.70385e-05 5.66236e-05 -0.0188781 -1.24355e-05 -0.0341154 -0.0909278 0.0037864 -0.0733073 -0.00229959 0.00296212 -0.00874335 0.0785054 -0.0731321 0.00684664 0.0422329 -0.028071 -2.81342e-05 0.0550913 -6.17355e-06 -0.0314535 1.7412e-06 -0.0810057 -0.000484929 -0.00888726 0.0374708 0.093135 -0.0164406 -0.0423829 0.00138837 -0.000526272 0.137857 -0.0236569 -0.040792 0.132797 -5.52543e-06 0.00387427 2.94625e-06 0.00325652 -0.000835199 -0.074338 -0.101111 0.00073907 0.000862281 0.000427963 -0.0281122 -0.0860801 0.00508903 -0.00180546 0.109525 -0.0309355 -3.93874e-05 8.70889e-05 3.1419e-05 -0.00266819 5.58325e-05 0.00141719 -5.44549e-05 -0.00560842 -0.000141936 -0.0795006 0.0178334 -0.0127977 -0.0644871 -2.11694e-06 -0.00350472 -0.000426184 -0.071888 -0.0810174 -0.00406056 -0.023249 -5.2075e-06 -0.00549166 -0.0246792 0.000291105 -0.0133485 -0.0078479 0.0061691 -0.0253165 0.0697909 -0.000305226 0.00643403 0.0201023 0.000111592 -0.0145387 0.000923778 -6.41158e-07 -7.00903e-06 0.079766 7.10257e-06 
0.00197843 0.00212771 0.000235198 -0.00102684 0.00488719 -1.13272e-06 -0.000909701 -0.00143081 -0.000136962 -1.91386e-05 0.00198735 -3.76763e-07 -7.0547e-07 -2.40182e-05 -1.31856e-06 -0.000582326 -0.0015684 -5.15683e-05 -0.00148858 5.94401e-05 0.000230497 -0.000176657 0.00148539 -0.00128769 0.000151936 0.00198287 -0.000381252 1.13054e-05 0.00100369 -1.24403e-07 -0.00117485 -6.25373e-08 0.000334714 -1.02831e-05 6.51757e-05 0.000249316 -0.000565812 -0.000279941 0.000330481 -9.27517e-05 -7.40948e-06 0.00141189 -0.000712118 -0.000703559 0.00227084 -2.0643e-06 -2.34017e-05 -1.64038e-07 -2.86449e-05 4.78604e-06 -0.00144266 -0.00249181 -7.42252e-06 -2.77075e-05 1.06169e-06 -0.000282792 -0.00131418 -3.70027e-05 -2.54428e-05 0.000807665 -0.000516555 -1.22009e-05 -5.21402e-07 -9.70057e-07 -4.18421e-05 -1.17874e-05 -7.7954e-06 -1.05431e-06 -0.000120543 -1.99936e-06 -0.00151193 0.00132632 -0.000233531 -0.0010006 3.81295e-06 -7.96861e-05 -7.6129e-06 -0.00127167 -0.00142619 -3.4927e-05 -0.000377244 9.91377e-06 -8.40164e-05 -0.000404392 -2.9063e-06 -0.000295868 -0.000151704 -4.3286e-05 -0.000439826 0.000854606 -2.31929e-06 -8.3675e-05 0.000163783 -1.93725e-05 0.000456904 -1.39893e-05 1.87568e-07 -1.47564e-07 0.00208536 8.23737e-09 
-0.000130468 -4.95735e-05 1.06935e-05 -4.56681e-05 -1.13272e-06 0.000238723 -3.91023e-05 -0.0001166 1.23762e-05 -1.93916e-06 -0.000115267 -1.83176e-08 3.72946e-07 -2.78718e-05 -6.50787e-08 0.000166379 7.54334e-05 2.09614e-06 0.00013485 -7.08008e-06 -5.25785e-07 -9.63664e-06 -0.000154238 -4.17787e-05 9.91205e-06 -0.000107507 0.000179942 -4.92243e-07 4.37984e-05 -6.0483e-09 -4.13198e-05 -3.04047e-09 3.51853e-05 -5.1956e-07 -7.62033e-06 -0.000181189 -0.000118425 8.34266e-05 -5.78798e-05 -2.89039e-06 -7.35763e-07 -5.41543e-05 -3.43297e-05 0.000147591 -6.00936e-05 -1.61298e-07 -1.62216e-06 -7.97525e-09 3.45279e-06 -6.26801e-07 -5.87385e-05 6.76619e-05 -2.09537e-07 -3.15346e-06 4.96666e-06 -9.02913e-06 -7.86898e-05 -1.81392e-06 -4.39754e-06 -0.000101256 -2.0255e-05 4.94039e-06 7.57103e-07 -5.36451e-08 2.52727e-06 -7.42957e-07 -3.8108e-07 -5.12589e-08 -6.80947e-06 2.75686e-08 0.000149457 4.8108e-06 -1.11354e-05 -3.93065e-05 -1.18491e-08 4.13934e-06 5.33205e-08 7.97932e-05 0.000139185 -1.67256e-06 0.000154049 -2.10469e-08 2.64682e-05 0.000118038 3.13659e-06 4.83166e-05 -7.78155e-06 1.00452e-05 0.000143403 -0.000139091 -4.11439e-07 -2.84379e-06 -0.000168488 2.00472e-05 -2.7014e-05 2.7113e-06 -7.66484e-10 2.01691e-07 -3.50483e-05 -1.28885e-08 
-0.105617 -0.0419443 -0.00211106 -0.0495624 -0.000909701 -3.91023e-05 0.157443 0.0408561 -0.00504065 0.00378595 -0.111839 3.90853e-05 1.49206e-05 -0.0161264 -4.28195e-05 -0.013389 0.124133 -0.0012074 0.106038 -0.00399763 -0.000389587 -0.00443263 -0.121605 0.133345 0.000254659 0.0503577 -0.0140213 -0.000294753 -0.133228 5.41176e-07 0.0607358 -2.37279e-06 0.032167 8.04013e-05 -0.00646613 0.0138049 -0.0965903 -0.00365996 -0.0478389 0.000554434 -0.000539429 -0.0526145 0.000479167 0.0212177 -0.0604879 -6.78938e-05 -0.00129247 8.50466e-06 -0.00077793 0.00113895 -0.0102021 0.0708366 -0.000265956 -0.00237377 -0.000108952 -0.0187177 -0.0256497 -0.00139272 -0.0023035 -0.106795 -0.0155727 0.000416692 2.88252e-05 1.45346e-05 -0.00142274 -0.000831773 0.00104541 5.0331e-05 0.000106227 -0.000173383 0.115493 -0.00429803 -0.00732496 0.123481 1.91886e-05 -0.0033846 -0.000289505 0.103632 0.114303 -0.00222889 -0.0127461 -7.74238e-06 -0.00176996 -0.0163393 0.000201812 -0.00660119 -0.00585328 -0.000840983 0.00350192 -0.0593824 -0.000271037 0.000438159 -0.0194778 0.000643312 -0.0228865 -0.000287875 -2.17512e-08 -6.8121e-06 -0.0347202 -3.81028e-06 
-0.0173009 -0.0535867 -0.00521616 0.0326137 -0.00143081 -0.0001166 0.0408561 0.248857 -0.0120339 -0.00335019 -0.0315309 -1.79205e-05 5.12564e-05 -0.00828887 -1.98153e-05 -0.0636911 0.0148132 0.00208391 -0.0125879 -0.0106359 -0.00108283 0.00705534 0.0153008 0.0273555 0.00444006 0.130422 -0.0540133 -0.000434016 -0.051069 -1.21081e-05 0.000619801 -5.66054e-06 -0.0567865 0.000871662 -0.0103222 0.0457745 0.0246825 -0.0317375 -0.0333141 0.00718234 0.000682957 -0.0118199 0.0661062 -0.0453673 0.00281529 -0.000184955 -0.00187185 -5.89265e-06 -0.00140663 0.000422784 -0.0204356 -0.0243571 -0.000542082 -0.00547017 -0.000306473 0.0204888 -0.00420965 -0.00239778 0.00184119 -0.0185638 0.0339326 -0.000201882 -6.41812e-05 6.20872e-06 0.00181954 -0.002375 0.00060868 -0.000104183 0.0107753 -0.000311687 -0.0110399 -0.0140962 0.0122218 0.019208 2.24971e-05 -0.00135698 -0.000804389 0.00724226 -0.0192008 -0.00545807 -0.0455566 1.25347e-05 -0.00838603 -0.0392639 -4.18767e-05 -0.03806 0.0125431 -0.00533372 -0.0460474 0.0208101 0.000177941 -0.00611385 0.0307709 -0.00127474 -0.026984 -0.00154859 -7.16869e-07 -1.78582e-05 0.023688 -9.90338e-06 
-0.0157609 -0.00514904 -0.000351627 -0.00754423 -0.000136962 1.23762e-05 -0.00504065 -0.0120339 0.0277216 0.000419793 -0.0130409 -1.07242e-06 3.90251e-05 -0.00235976 -7.04738e-06 0.0140452 0.00807882 7.758e-05 0.0157448 -0.000838784 -0.000176352 -0.000898299 -0.0167255 0.00614116 0.000280461 -0.0145906 0.0115161 -5.771e-05 0.00569569 -7.22816e-07 -0.00269169 -1.30024e-07 0.00176357 -3.11078e-05 -0.000934982 -0.0208822 -0.0141006 0.00202325 -0.00686109 -0.000141382 0.000360667 -0.00768249 -0.00129434 -0.000604045 -0.00858406 9.5617e-05 -0.000182026 9.02327e-08 -6.95454e-05 -9.69893e-06 0.0064053 0.00906587 -8.90109e-06 -0.000371827 -1.70571e-05 -0.00177484 -0.000490713 -0.000105204 -0.000314251 -0.0147819 -0.000382857 -0.000246995 -3.31304e-06 -2.25765e-06 -1.28359e-05 8.29303e-05 -5.94211e-05 1.84342e-05 4.45351e-05 -6.91377e-06 0.0161487 -0.00106116 -0.00057974 0.00242949 -1.32605e-06 -0.000440703 0.000138049 0.0106816 0.0161259 0.00584685 0.0101743 1.06281e-05 0.00563531 0.0169708 -1.32581e-05 -0.000701155 -0.000237498 -0.00059122 0.00234957 -0.00660024 -4.30333e-05 -0.000448784 -0.00227125 0.000486799 -0.00128655 7.39881e-05 -9.16004e-08 1.54304e-05 -0.00508256 9.53058e-07 
-0.00449155 -0.00171353 9.96997e-06 -0.00220393 -1.91386e-05 -1.93916e-06 0.00378595 -0.00335019 0.000419793 0.00805516 -0.00295309 3.37037e-05 1.03977e-06 -0.00029115 4.46618e-07 0.000842008 0.00363618 -4.79102e-05 0.00468718 -0.000211778 -4.54913e-05 -0.000319405 -0.00504489 0.00330943 -0.000109294 0.00220578 -7.31224e-05 1.74084e-05 -0.00405278 5.12096e-06 -0.00126315 -1.03409e-07 0.00163349 -4.58068e-06 -0.000248647 -0.000609874 -0.00387887 -0.000311251 -0.00185506 -0.000152681 -1.66044e-05 -0.00218903 -0.000805183 0.00444997 -0.00250001 -2.68256e-06 -5.03209e-05 7.92088e-07 -4.48606e-05 -2.18304e-05 -0.00213203 0.0010527 -1.37822e-05 -4.22094e-05 -4.85852e-06 -0.000527403 0.000475824 -5.48164e-05 -5.95578e-05 -0.00402672 -0.00062985 0.000193742 -6.68808e-07 1.42215e-06 -5.55324e-05 -3.39692e-05 -1.37089e-05 5.89433e-05 0.000235327 -7.22498e-06 0.00496148 -0.000229284 -0.00015244 0.00478071 2.407e-06 -5.01774e-05 6.82877e-06 -0.000493515 0.00489647 0.000253716 -0.000604159 4.75113e-08 2.24711e-05 0.00140163 -4.10712e-07 0.0007604 -9.77054e-06 -0.000180579 0.0029915 -0.00411953 1.10133e-05 -0.000130097 -0.000861367 5.91326e-05 -0.000574035 6.65032e-05 2.43931e-07 -2.52588e-07 -0.0014343 2.34983e-07 
0.203075 0.0819998 0.00191863 0.0983438 0.00198735 -0.000115267 -0.111839 -0.0315309 -0.0130409 -0.00295309 0.243691 -4.07901e-05 -6.81461e-05 0.0077574 4.83113e-05 -0.049989 -0.184503 -0.00307606 -0.152974 0.00935264 -0.002549 -0.0128061 0.172886 -0.153212 -0.00889118 0.0218413 -0.0359181 0.000675886 0.140434 -8.72699e-06 -0.0396056 2.29858e-06 -0.0232551 -0.0010138 0.0129817 0.0498052 0.166314 -0.0332995 0.0838157 -0.0109865 0.000371176 0.108376 -0.0655424 -0.0513761 0.127261 0.000119152 0.00134455 -1.61197e-05 -4.98885e-06 -0.00181511 -0.0414654 -0.15006 -0.000138099 0.00522093 -0.000164178 0.0137522 -0.0294449 0.00216215 -0.00457521 0.210338 -0.0291596 -0.000155533 -6.99927e-05 -6.7907e-05 -0.00215216 0.000581973 -0.00118096 -0.00011872 -0.0151414 -0.00019929 -0.165771 0.00504325 -0.0242109 -0.112293 -2.60766e-05 0.00687608 -0.000875998 -0.14817 -0.162307 -0.000446979 -0.0378431 -2.98997e-05 -0.00916567 -0.0391146 -0.000182298 -0.00972961 -0.0159129 0.000334386 -0.0475816 0.0862217 0.000435888 -0.00409205 0.0591963 -0.000963941 0.0440659 0.0002944 -2.03308e-07 -1.06056e-05 0.0743451 -1.85858e-05 
-3.50089e-05 -1.38163e-05 1.93452e-06 -1.70385e-05 -3.76763e-07 -1.83176e-08 3.90853e-05 -1.79205e-05 -1.07242e-06 3.37037e-05 -4.07901e-05 7.67074e-05 1.11143e-06 2.78427e-06 -2.0908e-08 -1.82623e-06 4.59331e-05 1.72606e-06 -2.21655e-05 -1.89854e-06 -2.43149e-07 9.21476e-06 -2.98247e-05 4.05961e-05 8.54645e-07 -3.48916e-05 -7.63998e-06 6.55189e-07 -4.65078e-05 -1.94315e-09 -1.37367e-05 -9.76816e-10 -5.25174e-05 5.11975e-06 -2.37494e-06 7.43704e-06 -3.55939e-05 -3.79336e-06 -1.68529e-05 2.85168e-06 -2.49231e-07 -2.02897e-05 3.23383e-05 -1.02501e-05 -2.30197e-05 -5.18206e-08 -2.61153e-07 -2.56223e-09 -1.66381e-07 -2.4872e-07 2.10544e-05 -1.9467e-05 -1.34786e-07 3.76065e-05 4.77282e-07 -4.08405e-06 4.63161e-05 6.39044e-08 8.64343e-07 -3.78059e-05 1.44047e-05 6.97185e-07 -9.49788e-09 2.32765e-07 1.86237e-05 -2.36612e-07 5.49138e-07 -1.64681e-08 6.2059e-05 6.84184e-08 1.22195e-05 -8.44282e-07 -8.1778e-07 2.99788e-05 -3.80677e-09 -7.54804e-07 -1.22087e-07 -1.81027e-05 -1.93915e-05 -1.00096e-06 -6.32712e-06 1.11657e-06 -1.48671e-06 -6.478e-06 -4.60725e-08 -5.94067e-06 -2.27666e-06 -1.87134e-06 -6.17983e-06 1.95231e-05 -1.22184e-07 -1.53904e-06 3.31791e-06 4.40363e-07 -8.97868e-06 3.65233e-05 -2.4625e-10 -2.66937e-09 -1.36728e-05 -4.14073e-09 
-7.69731e-05 -2.85357e-05 6.18332e-06 5.66236e-05 -7.0547e-07 3.72946e-07 1.49206e-05 5.12564e-05 3.90251e-05 1.03977e-06 -6.81461e-05 1.11143e-06 0.000155156 3.15553e-05 -4.22938e-08 -1.79288e-05 -1.55422e-05 9.30747e-05 4.07466e-06 1.62326e-06 7.0826e-07 -4.69237e-06 -7.83461e-05 -1.05234e-05 9.81864e-05 -3.51412e-05 -1.46635e-05 -3.19903e-07 -3.36875e-05 5.94026e-08 1.50528e-06 -1.97596e-09 -6.90534e-05 1.66234e-06 -4.07116e-06 -5.30503e-05 -6.34351e-05 -4.47891e-06 -3.30163e-05 9.46658e-05 4.01092e-05 -3.86593e-05 8.51618e-05 -1.58919e-05 -4.41315e-05 4.86185e-05 1.91424e-05 3.81484e-07 9.14347e-06 1.04967e-06 -4.71107e-05 -6.35531e-06 -1.69318e-07 -1.63055e-06 7.01772e-08 -5.77829e-06 -7.66319e-06 -8.55511e-07 2.76896e-09 -5.78314e-05 4.576e-05 7.75254e-06 1.01079e-06 3.3847e-07 3.42995e-07 -7.11298e-07 1.91189e-07 -3.33125e-08 1.98946e-05 1.31944e-07 -6.91365e-06 1.05719e-05 -6.40651e-06 -8.09321e-06 1.72897e-06 3.37004e-06 -2.46965e-07 -1.48219e-05 -1.49859e-05 2.75442e-06 -1.28083e-05 1.3763e-05 -1.20559e-06 1.17421e-05 -8.98647e-08 -6.52184e-06 6.43295e-05 -1.36545e-06 -5.31557e-06 4.93233e-06 6.19278e-07 -1.04992e-06 -8.68613e-05 5.44677e-08 -1.39826e-05 1.71421e-07 -4.98128e-10 2.61267e-07 -2.72748e-05 9.14957e-07 
0.00439759 -0.0114594 0.00190241 -0.0188781 -2.40182e-05 -2.78718e-05 -0.0161264 -0.00828887 -0.00235976 -0.00029115 0.0077574 2.78427e-06 3.15553e-05 0.105403 -2.45683e-05 -0.00998646 -0.0271656 0.000979138 -0.0378212 -0.00139968 0.00500899 0.00308905 0.0251289 -0.0272124 0.014463 -0.0325123 -0.0114066 0.000139668 0.00413227 1.26696e-06 0.0323454 -7.81369e-07 -0.00534721 0.000822746 -0.00277972 0.0103153 -0.0245956 -0.00697367 0.0368715 0.00615291 -0.000199358 -0.0269969 0.0224645 -0.0184502 -0.0287418 -1.57396e-05 0.00163844 6.21065e-06 0.0009845 -0.000370652 0.0361489 0.0256862 0.000384668 -0.00129786 0.000334245 0.00600075 0.0525877 0.000287176 -0.00144999 -0.00206837 0.0131334 -0.00105769 5.60915e-05 -1.04648e-05 0.00225525 0.000295861 0.00185681 -1.82315e-05 0.013853 -9.07613e-05 -0.0355324 0.00332279 0.00834726 -0.0222302 2.35247e-05 0.000444735 -0.000120692 -0.019382 -0.0347638 -0.00163397 -0.00806138 -3.95771e-06 -0.00227051 -0.00432905 0.000235179 -0.00976385 0.0158982 0.00663279 -0.0108005 0.0258625 -0.000108615 0.0078228 0.000307379 -0.000500527 -0.0100963 -0.000193768 1.01896e-06 -3.64659e-06 -0.0205854 1.28601e-05 
7.69192e-05 -4.40787e-05 -1.08526e-06 -1.24355e-05 -1.31856e-06 -6.50787e-08 -4.28195e-05 -1.98153e-05 -7.04738e-06 4.46618e-07 4.83113e-05 -2.0908e-08 -4.22938e-08 -2.45683e-05 0.000272472 -3.30908e-05 -6.97293e-05 -2.84444e-06 -6.71522e-05 4.5626e-05 3.34434e-06 -5.47107e-06 5.22031e-05 -6.53262e-05 5.90423e-06 1.55177e-05 -2.442e-05 3.64615e-05 -9.01154e-06 -6.90361e-09 -5.98917e-05 2.59863e-07 -8.14539e-05 -5.93032e-07 -3.3128e-06 -7.97738e-05 6.80453e-05 -1.64022e-05 6.67272e-05 -1.2199e-06 3.81201e-07 4.00029e-05 -8.04694e-06 6.86544e-05 4.38806e-05 1.26589e-06 -2.91549e-07 -9.10306e-09 -7.54762e-07 1.86783e-07 -6.65041e-05 -0.000127345 6.6478e-06 -2.90503e-06 -1.43612e-07 6.43638e-05 -6.65075e-05 -1.5671e-06 -2.4484e-06 0.000100724 2.94199e-05 9.00746e-07 -1.70773e-08 3.3221e-06 -2.62632e-06 3.22415e-05 -4.16687e-07 -5.85076e-08 -4.92576e-06 -2.42472e-07 -8.34109e-05 -2.52463e-06 -1.16353e-05 -5.96187e-05 3.45314e-06 3.95647e-05 -3.90418e-07 -6.8767e-05 -7.52932e-05 2.52429e-06 -2.33097e-05 -2.40232e-08 2.8945e-06 -2.3416e-05 1.0873e-05 2.2024e-05 1.35137e-06 2.73315e-05 -2.47216e-05 -5.73409e-05 5.50038e-06 8.13878e-06 -2.37551e-05 -1.14422e-06 0.000121874 -7.90373e-07 -8.74875e-10 3.84962e-09 6.82701e-05 1.59153e-05 
-0.0590498 -0.0118149 -0.00148787 -0.0341154 -0.000582326 0.000166379 -0.013389 -0.0636911 0.0140452 0.000842008 -0.049989 -1.82623e-06 -1.79288e-05 -0.00998646 -3.30908e-05 0.109574 0.0402807 0.000899257 0.0633481 -0.00354628 -0.000758934 -0.0050641 -0.0650089 0.0064185 -0.00253856 -0.0562353 0.0806038 -0.000191528 0.0106656 1.00437e-05 -0.0270785 -7.41719e-07 0.0272001 -0.000187745 -0.00405865 -0.0624235 -0.049477 0.0512617 -0.0289302 -0.00193462 6.62353e-05 -0.0293692 -0.0155866 0.057758 -0.0270388 1.83883e-05 -0.000833152 -2.98055e-06 -0.000449809 0.000348425 -0.0173556 0.036913 -8.96559e-05 -7.55411e-05 -7.4695e-05 -0.0112225 -0.0230318 -0.000880584 -0.00182203 -0.0613781 -0.0075117 0.000473824 -1.37525e-05 -2.40393e-05 5.55579e-05 0.000428328 -0.000266027 9.81425e-05 -0.00231833 0.00025127 0.0612947 -0.000985845 0.00318516 -0.00664467 -5.90944e-06 -0.00109597 0.00133417 0.0332655 0.0672289 0.00524906 0.0736763 -1.04414e-05 0.0112959 0.0631448 -6.80822e-05 0.0222702 -0.0029847 -0.00222043 0.0677727 -0.069971 4.67756e-05 0.00160142 -0.0540571 0.00153321 -0.00343799 3.56361e-05 -3.0877e-07 2.01178e-05 -0.0222567 -4.38144e-06 
-0.177717 -0.0703993 -0.00466949 -0.0909278 -0.0015684 7.54334e-05 0.124133 0.0148132 0.00807882 0.00363618 -0.184503 4.59331e-05 -1.55422e-05 -0.0271656 -6.97293e-05 0.0402807 0.223592 0.000329341 0.163866 -0.00986285 -0.00184667 -0.000912529 -0.176138 0.171098 -0.00576868 0.0194759 0.0317075 -0.000655963 -0.147846 1.56346e-05 0.0429064 -3.93741e-06 0.0468594 0.00122278 -0.0110712 -0.0539416 -0.158545 0.026315 -0.0747671 -0.00517333 -3.86449e-05 -0.0902215 0.0155788 0.0544021 -0.104283 -0.00021873 -0.00219058 -9.02274e-07 -0.00198122 0.00132107 0.0150337 0.117715 -0.00032693 -0.00421825 -0.000189947 -0.0150811 -0.00428759 -0.00244217 -0.0036373 -0.179079 3.52375e-05 0.00214039 -4.06617e-05 6.76076e-05 0.00482802 -0.0010675 -0.00070306 6.70737e-05 0.00209402 5.9678e-05 0.178942 -0.00810958 -0.00719878 0.130926 -1.42509e-05 -0.00222863 0.000587041 0.156111 0.171033 0.000971393 0.030246 -2.12778e-06 0.00901769 0.0292325 -0.000172558 0.00997219 -0.00838768 -0.00799094 0.045152 -0.0967504 -0.000337805 -0.0031897 -0.0468135 0.000106178 -0.0390349 -0.000276769 9.0998e-07 -1.00936e-05 -0.0599834 -1.44201e-05 
-0.00345718 -0.00219176 0.00113679 0.0037864 -5.15683e-05 2.09614e-06 -0.0012074 0.00208391 7.758e-05 -4.79102e-05 -0.00307606 1.72606e-06 9.30747e-05 0.000979138 -2.84444e-06 0.000899257 0.000329341 0.0135499 0.00357509 -0.000267764 -6.48887e-05 -0.000343616 -0.00330907 -0.0019423 0.00250019 -0.000130282 0.00133394 -1.64156e-05 -0.00192173 1.33533e-06 0.00496824 5.51727e-07 0.000193171 -1.37839e-05 -0.00042835 -0.001885 -0.00383142 -0.000367894 -0.00296412 0.00188846 0.000147508 -0.00365236 0.0023769 0.000591226 -0.00287786 4.75827e-05 0.000282399 2.06113e-06 0.000314129 -1.55691e-05 -0.00337444 0.00260961 -6.91893e-06 -0.000161288 3.40586e-06 -0.00114909 -0.00160805 2.44257e-05 -0.000210293 0.000103825 -0.000653929 0.000334962 1.3059e-05 -1.69658e-06 -8.03447e-05 -5.03491e-05 -2.23094e-05 -1.07262e-06 0.00082929 -1.14293e-05 0.00370236 0.000547139 -0.000286496 -0.00138222 -6.8176e-07 -0.000167611 -1.32648e-05 -0.0021683 0.000196286 -5.12766e-05 0.000995327 2.31157e-05 -0.000145807 0.000704471 1.82155e-05 -0.000283111 0.000216009 0.000470026 0.00136805 -0.00118071 1.9967e-05 0.000143161 -0.00332066 0.0002495 -0.00129642 0.000313627 1.59232e-07 1.48606e-07 -0.00237174 1.84818e-05 
-0.159581 -0.06795 -0.00184521 -0.0733073 -0.00148858 0.00013485 0.106038 -0.0125879 0.0157448 0.00468718 -0.152974 -2.21655e-05 4.07466e-06 -0.0378212 -6.71522e-05 0.0633481 0.163866 0.00357509 0.218934 -0.00956653 -0.0021884 -0.013164 -0.188001 0.141259 -0.00646141 0.0134845 0.0538386 -0.000644804 -0.115505 1.00129e-05 0.057265 -4.45681e-07 0.0746981 -0.000530197 -0.00805173 -0.065438 -0.146915 0.0400755 -0.0688892 -0.0060632 -0.000203344 -0.082967 -0.0288989 0.074444 -0.0960792 -0.000163619 -0.00218393 -7.09307e-06 -0.00107308 0.00194981 -0.0342372 0.115916 -0.000362507 -0.00426942 -0.000177387 -0.0268492 -0.055278 -0.00124782 -0.00453136 -0.152317 -0.0296038 0.00512563 -3.92795e-05 0.00011783 -0.0031205 -0.000864381 -0.00069028 0.000136482 -0.00915679 0.000104656 0.192886 -0.00683574 -0.0113679 0.118184 -1.5922e-05 -0.00474102 0.000966605 0.140537 0.190647 0.00455362 0.0507573 -1.62593e-05 0.0121411 0.0461412 -0.000170621 0.0136638 -0.0104603 -0.00776664 0.0619214 -0.128974 5.06157e-05 -0.00283685 -0.057884 0.00236004 -0.0283976 0.00052495 -9.62553e-07 1.42381e-05 -0.05724 -1.32047e-05 
0.0106138 0.0105541 5.63519e-05 -0.00229959 5.94401e-05 -7.08008e-06 -0.00399763 -0.0106359 -0.000838784 -0.000211778 0.00935264 -1.89854e-06 1.62326e-06 -0.00139968 4.5626e-05 -0.00354628 -0.00986285 -0.000267764 -0.00956653 0.02931 -4.49827e-05 -0.000825529 0.00723347 -0.00793971 0.00135567 -0.011511 -0.00259584 0.000223558 0.00147139 -7.65559e-07 -0.00601505 6.55155e-07 -0.0157522 3.51604e-05 0.00133421 0.00551018 0.00654586 -0.00175754 -0.00227599 0.00106122 -7.97417e-05 0.0132665 -0.00198021 0.00251889 0.013065 0.000245504 0.000174977 8.25054e-06 -0.000103898 -6.746e-05 -0.00902243 -0.0140871 -3.68993e-05 -1.99075e-05 -1.67701e-05 -0.00209733 -0.00917297 0.000119411 0.00100433 0.0106166 -0.00288954 -0.000307229 -1.0553e-06 -4.53343e-06 -0.000265983 0.0015888 0.00048884 -4.4114e-06 -0.000225641 -2.2655e-05 -0.00924944 -0.00102063 -0.00133655 -0.00704556 3.05769e-05 -0.000349215 -4.74965e-05 -0.00784054 -0.00882947 1.09329e-05 -0.00243334 4.67934e-06 -0.000611142 -0.00262895 0.000295918 0.00901978 -0.000621511 0.00887029 -0.00272305 -0.00181363 -1.52077e-05 0.0050123 -0.00672461 -6.57149e-05 0.0205661 -5.96128e-05 2.96495e-08 -7.18341e-07 0.0134735 3.03486e-05 
-0.00213869 -0.00141681 0.00281341 0.00296212 0.000230497 -5.25785e-07 -0.000389587 -0.00108283 -0.000176352 -4.54913e-05 -0.002549 -2.43149e-07 7.0826e-07 0.00500899 3.34434e-06 -0.000758934 -0.00184667 -6.48887e-05 -0.0021884 -4.49827e-05 0.00685873 -0.000245787 0.000786917 -0.00162446 0.00501252 -0.00313882 -0.000731607 5.01891e-05 -0.00266371 -1.7494e-07 0.00388177 1.27206e-06 -0.00317592 -1.2481e-05 -0.000136089 -0.00338978 -0.0030563 -0.000414641 8.94164e-05 0.00151976 -1.13114e-05 0.000977284 0.00165834 -0.00106618 0.000386766 1.2708e-05 0.000759758 7.28599e-06 0.00134459 1.40939e-05 -0.000588568 0.00196442 0.000494169 -9.16888e-05 0.000395954 -0.000322144 -0.000754975 0.000741804 -0.000114231 -0.00339839 -0.000178295 -1.07336e-05 7.73816e-05 1.24584e-05 -1.7066e-05 0.000789488 0.000559488 2.6174e-06 -0.000122803 2.7399e-05 -0.00222766 0.00483429 -0.000264958 -0.00167549 6.1728e-07 -8.30877e-05 -9.66809e-06 -0.00164388 -0.00201432 -0.000105748 -0.000468322 6.45124e-06 -5.50193e-05 -0.000584675 4.80021e-05 -0.00052966 6.83244e-05 0.00474761 -0.000640348 0.000664905 -7.43707e-06 0.00432088 -0.00437273 0.000103624 -0.000641069 -7.46133e-07 -2.21697e-08 1.41301e-06 -0.000948936 1.55388e-06 
-0.00805383 -0.00301255 -0.000530603 -0.00874335 -0.000176657 -9.63664e-06 -0.00443263 0.00705534 -0.000898299 -0.000319405 -0.0128061 9.21476e-06 -4.69237e-06 0.00308905 -5.47107e-06 -0.0050641 -0.000912529 -0.000343616 -0.013164 -0.000825529 -0.000245787 0.039319 0.0107046 0.00221898 -2.33537e-05 -0.0172678 -0.00432145 0.000115422 -0.00214077 -1.03853e-06 -0.00946698 -3.72066e-07 -0.0161382 0.000106428 -0.00117176 0.00498203 0.00722141 -0.00242894 0.00125914 0.00346641 0.00025618 -0.00844402 0.0232167 -0.00613134 -0.0102586 -2.70825e-05 -0.000107847 -8.72732e-07 -0.000214223 -3.96509e-05 0.0252646 0.00322526 -6.89137e-05 1.57165e-05 -2.45127e-05 -0.00365967 0.023817 -0.000281178 0.00795343 -0.0124949 0.0178803 -0.000333493 -5.07621e-06 -8.77785e-06 0.000849707 -0.000182369 -8.62188e-05 -8.54146e-06 0.00105516 -2.97524e-05 -0.0124651 -0.00151384 0.0147356 -0.00703451 -1.60455e-06 -0.000680885 -6.34871e-05 -0.00485622 -0.0109611 -0.000624479 -0.00352286 -3.29387e-06 -0.000807087 -0.00359958 -1.55771e-05 -0.00294362 0.00788612 -0.000985999 -0.00378578 0.0113857 -4.08833e-05 -0.000653873 0.00410487 -0.000202355 -0.00452851 -9.67227e-05 5.8839e-07 6.96671e-07 -0.00688864 -1.99637e-06 
0.177373 0.0657263 0.00234282 0.0785054 0.00148539 -0.000154238 -0.121605 0.0153008 -0.0167255 -0.00504489 0.172886 -2.98247e-05 -7.83461e-05 0.0251289 5.22031e-05 -0.0650089 -0.176138 -0.00330907 -0.188001 0.00723347 0.000786917 0.0107046 0.218054 -0.15559 -0.000982323 0.00322128 -0.0540063 0.000244433 0.13086 -8.84568e-06 -0.0568915 2.93411e-06 -0.0642532 -0.000852471 0.0104325 0.0548838 0.157839 -0.0408174 0.0777099 0.000881327 0.000702723 0.0848807 0.0194717 -0.0702007 0.0975784 4.33246e-05 0.00124342 -1.31431e-05 0.00109779 -0.00113166 0.0204009 -0.122692 2.56242e-05 0.0039787 5.34354e-05 0.0309231 0.0343164 0.00185073 0.00478352 0.169461 0.0325466 -0.00109543 -3.04875e-05 3.85032e-05 0.00258175 0.000463577 -0.00125388 -0.000143414 0.00127833 5.40281e-05 -0.199885 0.00652176 0.00857404 -0.128842 -2.09411e-05 0.00545717 -0.000974234 -0.156647 -0.199185 -0.00326359 -0.0505292 2.03406e-06 -0.0117629 -0.0478545 -0.000303171 -0.0123339 0.00919858 0.00242607 -0.0624888 0.119944 0.000339616 -0.00151028 0.0657851 -0.00241811 0.030421 -0.000376647 -1.32874e-06 -1.2901e-05 0.0564023 -3.36658e-05 
-0.142513 -0.0553441 -0.00368219 -0.0731321 -0.00128769 -4.17787e-05 0.133345 0.0273555 0.00614116 0.00330943 -0.153212 4.05961e-05 -1.05234e-05 -0.0272124 -6.53262e-05 0.0064185 0.171098 -0.0019423 0.141259 -0.00793971 -0.00162446 0.00221898 -0.15559 0.196788 -0.00551582 0.0245407 0.00382218 -0.000524852 -0.146964 4.04474e-06 0.0590417 -3.3327e-06 0.0415732 0.000786767 -0.00889686 -0.0147514 -0.126132 0.00432284 -0.064653 -0.00379725 -0.000319437 -0.0726496 0.00594924 0.0258065 -0.0831353 -0.000180246 -0.00172518 -1.53203e-06 -0.00153194 0.00100105 0.0166105 0.0961254 -0.000402197 -0.0032197 -0.000155153 -0.0280028 -0.00444861 -0.00199919 -0.00163224 -0.148208 -0.0143171 0.00127181 -3.32781e-05 4.60899e-05 -0.00159352 -0.000841179 -0.000568978 4.4448e-05 -0.00224709 -0.00021161 0.15345 -0.00798849 -0.00525514 0.141266 -1.30347e-05 -0.00465948 0.00029624 0.14851 0.15044 -0.00294628 -0.00109694 -2.23156e-05 0.000590756 0.00171334 -0.000137319 -0.0048466 -0.00781174 -0.00652619 0.0184277 -0.0700372 -0.00039974 -0.00480096 -0.0255081 -8.17459e-05 -0.0312922 -2.47021e-05 3.32143e-07 -6.62485e-06 -0.047889 -1.21538e-05 
-0.00865202 -0.0042009 0.00443222 0.00684664 0.000151936 9.91205e-06 0.000254659 0.00444006 0.000280461 -0.000109294 -0.00889118 8.54645e-07 9.81864e-05 0.014463 5.90423e-06 -0.00253856 -0.00576868 0.00250019 -0.00646141 0.00135567 0.00501252 -2.33537e-05 -0.000982323 -0.00551582 0.0202389 -0.00784877 -0.00220086 6.13939e-05 -0.00648772 -4.53469e-07 0.00684697 1.86853e-07 -0.0145302 5.54697e-05 -0.000670823 -0.00309837 -0.00902392 -0.00124102 -0.00394305 0.00769046 8.69758e-05 -0.00105636 0.0121337 -0.00316052 -0.00237651 0.000109247 0.00115659 1.32531e-05 0.00221767 2.93609e-05 9.21037e-06 0.00575398 0.000544553 -0.000244818 0.000470141 0.000741771 0.00262405 0.00126081 -0.000322507 -0.0078354 0.00484359 -9.21312e-05 0.000101255 2.99838e-05 0.000294216 0.000800033 0.00207876 1.9603e-06 0.00453398 8.84578e-05 -0.00510309 0.00776708 0.000926768 -0.00509804 3.78145e-05 -0.000112426 -2.88261e-05 -0.00500828 -0.0061622 -0.000303075 -0.00162112 4.09751e-05 -0.000413115 -0.000180922 0.000331315 -0.00177216 0.00452898 0.00964764 -0.00191591 0.00430301 -1.64893e-05 0.00813758 -0.0109083 0.00017773 -0.00238538 -3.54131e-05 -6.63377e-08 5.3756e-07 -0.00225426 2.75245e-05 
0.0159079 -0.0179645 -0.00625555 0.0422329 0.00198287 -0.000107507 0.0503577 0.130422 -0.0145906 0.00220578 0.0218413 -3.48916e-05 -3.51412e-05 -0.0325123 1.55177e-05 -0.0562353 0.0194759 -0.000130282 0.0134845 -0.011511 -0.00313882 -0.0172678 0.00322128 0.0245407 -0.00784877 0.248775 -0.0454986 0.000304192 -0.0455837 -1.89487e-06 -0.00428556 -1.87233e-06 -0.0265873 -0.000386152 -0.00547589 0.0352941 0.0254839 -0.0267373 -0.0437081 -0.0102408 0.000858655 0.0268513 -0.0157615 -0.00789021 0.0530871 -0.000304391 -0.00208934 -1.21323e-05 -0.00273022 0.000468146 -0.0893712 -0.0705322 -0.000574186 -0.000825461 -0.000303722 0.0188758 -0.0628814 -0.000781329 -0.00662954 0.0217675 -0.00833059 0.00314824 -6.59583e-05 4.55253e-05 -0.000146539 -0.00198292 -0.00114091 -3.24116e-05 -0.00483546 -0.000468484 0.0108392 -0.0150067 -0.0219473 0.0489608 -1.10918e-05 0.00194951 -0.000766319 0.00249568 0.00211432 -0.000420603 -0.0413824 -4.93996e-06 -0.00745618 -0.0363954 -0.00029138 -0.0250307 -0.012075 -0.0101065 -0.0312929 -0.0194395 0.000608995 -0.0103702 0.0304251 0.000312143 -0.0236497 -0.00130828 -6.00681e-07 -1.76029e-05 0.0524708 -2.10841e-05 
-0.0447605 -0.00616202 -0.00123211 -0.028071 -0.000381252 0.000179942 -0.0140213 -0.0540133 0.0115161 -7.31224e-05 -0.0359181 -7.63998e-06 -1.46635e-05 -0.0114066 -2.442e-05 0.0806038 0.0317075 0.00133394 0.0538386 -0.00259584 -0.000731607 -0.00432145 -0.0540063 0.00382218 -0.00220086 -0.0454986 0.0952263 1.71615e-05 0.0152331 1.07301e-05 -0.0244303 -1.21388e-06 0.0236721 -0.000226995 -0.00288256 -0.0636231 -0.037068 0.0474577 -0.0240585 -0.0020064 0.000538987 -0.022123 -0.0155266 0.0487023 -0.0185639 0.000122989 -0.000633141 -6.33342e-07 -0.000453649 -6.89902e-05 -0.0234288 0.0236051 -6.82138e-05 0.00087314 -5.46986e-05 -0.00754726 -0.0344894 -0.000743469 -0.00168827 -0.0431727 -0.00849694 0.00086858 -1.19499e-05 -2.37862e-05 -0.000286498 0.000851941 -0.000227967 0.000123826 -0.00302833 -4.73522e-05 0.0540167 -0.00201041 -0.00303449 -0.0178426 -5.28921e-06 -0.000116894 0.00132729 0.0231308 0.0570006 0.004681 0.0665773 -8.87494e-06 0.00743552 0.056861 -5.96807e-05 0.0210012 -0.00322438 -0.00188274 0.064204 -0.0651777 -0.000134832 0.00146808 -0.0497984 0.000787401 0.0028213 -0.000215094 -6.21445e-08 2.17945e-05 -0.0177031 -2.34322e-06 
0.000684688 0.000115184 1.5092e-05 -2.81342e-05 1.13054e-05 -4.92243e-07 -0.000294753 -0.000434016 -5.771e-05 1.74084e-05 0.000675886 6.55189e-07 -3.19903e-07 0.000139668 3.64615e-05 -0.000191528 -0.000655963 -1.64156e-05 -0.000644804 0.000223558 5.01891e-05 0.000115422 0.000244433 -0.000524852 6.13939e-05 0.000304192 1.71615e-05 0.00205724 0.000142203 -5.22176e-08 -0.000281323 -2.62497e-08 -0.00088898 2.42177e-05 -6.63707e-05 0.000318778 0.00079829 -7.46664e-05 -0.000441911 1.23427e-05 -6.5375e-06 0.000636233 -0.000263109 0.000641119 0.00108844 2.54077e-06 0.000107349 1.64479e-07 -1.19609e-05 -6.76748e-06 -0.000597891 -0.000982024 1.72746e-05 7.7658e-05 1.57291e-05 9.86874e-06 -0.000603761 -1.18204e-05 4.94454e-05 0.000702368 -0.000217979 1.47571e-05 6.74767e-07 -4.63142e-07 1.58274e-05 0.000357676 5.86095e-06 -4.25408e-08 -1.61425e-05 -1.82401e-06 -0.000600847 -1.60334e-05 -3.57306e-05 -0.00048811 -1.02298e-07 -2.15606e-05 -3.25749e-06 -0.000542498 -0.00061265 2.46344e-05 -0.000167993 2.15829e-06 -4.16135e-05 -0.000152003 3.95519e-05 -0.000166281 -6.63282e-05 0.000127622 -0.00018921 -0.000766009 1.58786e-06 9.83152e-05 4.73694e-06 2.13766e-05 0.000348149 -5.87678e-06 -6.61739e-09 -7.17331e-08 0.000694245 2.76787e-05 
0.124663 0.0517947 -2.1286e-05 0.0550913 0.00100369 4.37984e-05 -0.133228 -0.051069 0.00569569 -0.00405278 0.140434 -4.65078e-05 -3.36875e-05 0.00413227 -9.01154e-06 0.0106656 -0.147846 -0.00192173 -0.115505 0.00147139 -0.00266371 -0.00214077 0.13086 -0.146964 -0.00648772 -0.0455837 0.0152331 0.000142203 0.211215 -1.45434e-05 -0.0766661 -2.91014e-07 -0.0224135 -0.00110184 0.00909841 -0.0153875 0.110199 0.00155467 0.0584791 -0.00227343 -9.16815e-05 0.0651995 -0.0189311 -0.0210455 0.0771001 8.49579e-05 -0.00238479 -1.33811e-05 -0.000496779 -0.00160676 -0.00324164 -0.0943716 -0.000638226 0.00314835 -0.000381259 0.0223647 -0.00841166 -0.000517044 0.00265219 0.130553 0.00978235 -0.00190536 -4.94479e-05 -0.000148393 -0.00105471 -0.000957657 -0.00148547 -8.56917e-05 -0.00611458 0.00020101 -0.122006 0.000842425 0.00316358 -0.131169 -2.83277e-05 0.00413647 2.539e-06 -0.122463 -0.120207 0.00305542 0.0118127 -6.9038e-06 -0.000786095 0.0188565 -0.000366651 0.0052676 0.00278414 -0.0073238 -0.00282234 0.0637216 0.000151903 -0.00939588 0.0269637 -0.00134711 0.0261174 2.31613e-05 -1.07717e-06 6.90554e-06 0.0475474 -3.29084e-05 
-1.41966e-05 -5.50497e-06 -1.64956e-07 -6.17355e-06 -1.24403e-07 -6.0483e-09 5.41176e-07 -1.21081e-05 -7.22816e-07 5.12096e-06 -8.72699e-06 -1.94315e-09 5.94026e-08 1.26696e-06 -6.90361e-09 1.00437e-05 1.56346e-05 1.33533e-06 1.00129e-05 -7.65559e-07 -1.7494e-07 -1.03853e-06 -8.84568e-06 4.04474e-06 -4.53469e-07 -1.89487e-06 1.07301e-05 -5.22176e-08 -1.45434e-05 2.53294e-05 -4.88945e-06 -3.22535e-10 -1.85056e-06 -5.51154e-08 -7.67014e-07 -1.94207e-05 -1.23538e-05 7.33561e-06 -6.20511e-06 -4.94732e-07 1.03771e-06 -6.48596e-06 -3.28702e-06 3.15334e-06 -7.80092e-06 -1.71107e-08 -1.7208e-07 -8.46022e-10 5.72641e-07 1.20171e-07 -7.59659e-06 3.84358e-06 -4.45049e-08 -3.41241e-07 -1.52059e-08 4.83415e-06 -8.18079e-06 5.30911e-07 -4.70738e-07 -1.25713e-05 4.61391e-06 2.25605e-06 -3.13611e-09 5.20976e-07 7.32143e-06 -7.33158e-08 -5.42158e-08 -5.43759e-09 -7.22355e-07 -2.25349e-08 9.12552e-06 3.34324e-06 -1.091e-06 9.27099e-07 -1.25696e-09 7.4848e-06 5.58969e-06 2.97435e-06 9.79809e-06 2.94006e-06 1.41695e-05 -2.23267e-09 -1.6244e-08 7.87247e-06 -1.52127e-08 6.6676e-06 -8.25474e-07 -1.74564e-07 1.32513e-05 -1.77826e-05 -4.36459e-08 5.16849e-06 -1.44309e-05 1.77477e-06 -2.96467e-06 -7.37656e-08 -8.13093e-11 -8.814e-10 -4.51462e-06 -1.36723e-09 
-0.0426989 -0.0544018 0.00479707 -0.0314535 -0.00117485 -4.13198e-05 0.0607358 0.000619801 -0.00269169 -0.00126315 -0.0396056 -1.37367e-05 1.50528e-06 0.0323454 -5.98917e-05 -0.0270785 0.0429064 0.00496824 0.057265 -0.00601505 0.00388177 -0.00946698 -0.0568915 0.0590417 0.00684697 -0.00428556 -0.0244303 -0.000281323 -0.0766661 -4.88945e-06 0.194781 3.65501e-07 0.0516456 -0.00036109 -0.00562222 0.0186629 -0.0776332 -0.0140072 0.0292086 0.0020672 -0.00079352 -0.058856 -0.0228815 -0.0192876 -0.0765033 -0.000147656 -0.000305949 6.8819e-06 0.00279032 0.000561327 0.0107526 0.106606 0.000248715 -0.00355766 0.00043177 -0.0146965 0.0281987 0.00126767 -0.00477319 -0.035408 -0.0283534 0.00127394 8.99287e-05 3.07813e-05 -0.00194685 -0.000102555 0.00154176 -4.74903e-05 -0.00314112 -0.000226776 0.0565422 0.00580602 -0.0123754 0.0606352 -8.36083e-06 -0.00266661 -0.000377919 0.0502559 0.050788 -0.00146296 -0.0178103 -1.93458e-05 -0.00396531 -0.018231 0.000357038 -0.0194953 -0.00693856 0.00457377 -0.0214586 -0.0274091 -0.000446651 0.00418098 -0.00529517 0.00172727 -0.0274598 0.00126267 -6.34025e-07 -6.34824e-06 -0.0471113 1.05755e-05 
3.58306e-06 2.42518e-08 2.31985e-06 1.7412e-06 -6.25373e-08 -3.04047e-09 -2.37279e-06 -5.66054e-06 -1.30024e-07 -1.03409e-07 2.29858e-06 -9.76816e-10 -1.97596e-09 -7.81369e-07 2.59863e-07 -7.41719e-07 -3.93741e-06 5.51727e-07 -4.45681e-07 6.55155e-07 1.27206e-06 -3.72066e-07 2.93411e-06 -3.3327e-06 1.86853e-07 -1.87233e-06 -1.21388e-06 -2.62497e-08 -2.91014e-07 -3.22535e-10 3.65501e-07 1.27332e-05 -2.70756e-06 -2.77064e-08 -3.40981e-08 -3.87356e-06 -4.87917e-06 -7.66307e-07 -3.12665e-07 -1.85367e-07 1.19645e-08 1.74025e-06 -1.6773e-06 2.08595e-06 6.33416e-07 -8.60149e-09 2.86829e-07 -4.25293e-10 2.4758e-07 1.31151e-06 -2.46432e-06 -2.84903e-06 7.67627e-07 -7.82077e-08 2.49023e-07 5.81201e-07 -1.98821e-06 7.1327e-07 1.06694e-07 4.33334e-06 1.70072e-06 1.15564e-06 -1.57651e-09 2.80473e-07 -1.28307e-07 7.13608e-08 2.12746e-07 -2.73346e-09 -3.63126e-07 -1.13283e-08 -2.09828e-06 2.6657e-06 -2.28786e-07 -1.61004e-06 -6.3187e-10 -1.70452e-07 -2.02648e-08 -3.13767e-06 -3.65467e-06 1.31731e-06 -1.09448e-06 -1.12236e-09 -2.45057e-08 -1.98277e-07 2.12353e-07 4.67614e-06 -3.08297e-07 1.04938e-06 -1.05068e-06 -2.58106e-06 2.47806e-06 8.47875e-07 -2.51889e-07 -6.96539e-08 -5.00335e-07 3.61958e-06 -4.0874e-11 -4.43078e-10 -1.56949e-06 -6.87303e-10 
-0.0343193 0.00356312 -0.00220034 -0.0810057 0.000334714 3.51853e-05 0.032167 -0.0567865 0.00176357 0.00163349 -0.0232551 -5.25174e-05 -6.90534e-05 -0.00534721 -8.14539e-05 0.0272001 0.0468594 0.000193171 0.0746981 -0.0157522 -0.00317592 -0.0161382 -0.0642532 0.0415732 -0.0145302 -0.0265873 0.0236721 -0.00088898 -0.0224135 -1.85056e-06 0.0516456 -2.70756e-06 0.19209 -0.000485453 0.00595937 -0.0287705 -0.0549447 0.0146791 0.0567797 -0.0137865 -0.000784528 -0.0924686 -0.0397646 0.0252888 -0.0848889 -0.00031048 -0.00441679 -1.66976e-05 -0.00211318 0.000435395 0.0090017 0.080976 -0.000492927 -0.00510294 -0.00043664 0.00689748 0.0142354 -0.00225758 -0.00740119 -0.0360663 -0.032958 0.00158723 -8.51227e-05 -0.000128506 -0.00689385 -0.00211307 -0.00157822 2.40089e-05 -0.019773 0.000112185 0.0669172 -0.000257341 -0.0172134 0.0477798 -3.47233e-05 -0.000231711 0.000218259 0.0522161 0.0711931 -0.00163846 0.0203023 -2.83463e-05 0.00479889 0.011632 -0.000385327 0.00576745 -0.0160443 -0.0132826 0.0233957 -0.0545282 0.000118337 -0.0107845 -0.0069946 -0.000497311 0.00604628 6.38302e-05 6.22527e-07 3.04466e-06 -0.0970023 -3.50409e-05 
