0.000150117 2.25223e-07 1.64622e-05 7.50991e-06 -5.49683e-07 8.52223e-05 1.17913e-08 -6.8984e-06 4.1693e-05 -4.19536e-06 -6.96431e-06 -4.25481e-05 -3.29435e-07 -5.14322e-05 -1.72798e-07 -5.66667e-07 7.78591e-06 -8.32607e-07 8.97453e-06 -1.26722e-07 4.65392e-05 -7.37523e-06 -8.44686e-05 -1.81306e-05 -7.81904e-08 -2.61212e-05 -2.50183e-05 -8.74451e-05 2.41787e-07 -3.14443e-09 -6.34976e-05 -2.41699e-06 -4.10778e-08 -2.73595e-08 1.37642e-05 -2.56288e-07 3.1706e-07 2.17443e-06 -1.16136e-07 -5.63989e-06 7.15564e-05 -2.21221e-07 -9.62658e-07 -6.19599e-08 1.9006e-05 4.00177e-06 -2.7916e-09 -8.89266e-07 3.05238e-07 1.02721e-07 -7.78979e-07 1.7923e-07 2.38172e-05 -6.4519e-05 -2.87841e-05 -9.97945e-06 -1.93205e-08 1.98917e-06 -1.69657e-07 1.10001e-06 1.0738e-06 -1.40237e-07 4.40452e-07 1.33777e-07 -1.6922e-06 -9.99969e-06 -3.32563e-05 -2.97938e-08 3.69171e-05 -1.1457e-07 -1.83421e-09 -1.75147e-06 -2.39512e-08 -3.29447e-08 8.2682e-05 2.49822e-05 -2.30188e-05 5.5714e-08 -5.95223e-07 -1.65053e-05 -2.35794e-05 -8.9009e-07 -4.86763e-06 6.36396e-06 -1.67413e-05 -1.52267e-06 -8.43585e-06 8.03465e-05 8.69591e-07 -3.5734e-06 4.61153e-09 -6.14073e-10 3.14802e-07 -3.41604e-06 -8.5138e-05 3.27875e-05 -3.64163e-07 -1.00748e-05 1.29911e-05 4.34677e-06 
2.25223e-07 7.62142e-05 -1.31234e-06 -8.38588e-07 -4.59884e-06 3.12839e-05 -5.66254e-08 3.58796e-06 2.31152e-05 -2.58898e-06 -2.66606e-06 -1.16884e-05 8.21821e-08 -4.31124e-05 2.41477e-06 -1.8074e-08 -1.29757e-06 7.71221e-07 3.84119e-06 -6.43315e-08 -1.84869e-05 -8.74621e-06 -2.89382e-05 1.95941e-05 2.23639e-07 1.79093e-05 -1.50114e-05 -3.77739e-05 -5.71362e-07 -1.5963e-09 -2.50409e-05 -1.36453e-06 -3.60833e-08 -1.38893e-08 -8.53334e-06 -1.24053e-07 -3.63776e-07 -3.24574e-06 -3.89577e-08 -1.71125e-06 3.09367e-05 -1.35996e-07 -4.42189e-07 -5.73768e-07 -1.24677e-06 -5.10828e-06 -1.41718e-09 2.75485e-07 2.96692e-07 -2.0617e-08 6.18685e-07 1.35313e-07 4.10275e-05 -3.64297e-05 -8.65333e-06 -4.89124e-06 -9.80824e-09 -4.55621e-07 -1.372e-07 -1.69213e-07 -4.71451e-08 -1.40573e-07 2.47307e-06 1.22443e-06 -7.12597e-07 -1.54192e-05 -1.98615e-05 -1.51251e-08 2.92212e-05 9.53901e-07 -9.31154e-10 -1.27133e-06 -5.10796e-08 -1.67247e-08 -4.02728e-06 3.80631e-06 2.86037e-05 -1.52781e-07 -3.0217e-07 -1.01709e-05 2.85338e-05 1.32724e-07 -1.62599e-06 1.60657e-06 -2.27501e-05 -3.16332e-07 -4.55384e-06 3.79372e-05 3.42635e-08 8.72599e-07 -1.86405e-07 -3.1174e-10 -7.71524e-09 -7.56594e-07 -3.67552e-05 3.53709e-06 -1.84871e-07 -2.80627e-06 7.36239e-06 -2.0023e-07 
1.64622e-05 -1.31234e-06 0.0185653 4.58708e-05 9.17276e-05 0.00953035 -5.72858e-06 -0.000865414 0.00194577 -0.000915918 -0.00082289 -0.0048883 -0.000169243 -0.00129927 -0.000270669 4.68164e-05 -0.000509591 -5.59293e-05 -8.44356e-05 -1.04751e-05 0.00389888 -0.00228821 -0.0107334 -0.00194102 0.000185125 -0.00445842 -0.00334174 -0.0124834 -0.000109206 -6.96528e-08 -0.00867448 -0.000334896 0.000248065 -3.44502e-06 0.00470615 -3.37185e-05 0.000218598 -0.000814358 -1.4481e-05 -0.00107396 0.010548 -3.35408e-05 -0.000111753 0.000712951 6.92031e-05 0.00093779 1.74815e-06 -0.000134425 0.00137581 9.73134e-06 -0.000440149 -3.90969e-05 0.00795577 -0.0102188 -0.00357112 -0.0010989 -2.29513e-06 0.00109263 -3.65321e-05 -1.25125e-06 -2.32822e-06 -1.69905e-05 6.7601e-05 -8.45803e-06 -2.67529e-05 -0.00478903 -0.00488218 -2.6785e-06 0.00941972 -6.1765e-05 1.95486e-07 0.000104321 -1.24617e-05 -3.71897e-06 0.00813466 -0.000177367 -0.00304118 2.64284e-05 -5.67976e-05 -0.00261121 -0.00137007 -0.000144246 -0.000593944 -0.000130999 -0.00378976 -0.000187392 -0.000514349 0.0124401 2.42441e-05 -0.000441975 -8.53126e-05 -7.73968e-08 8.85784e-06 0.00108247 -0.0116328 0.0115691 -4.58985e-05 -0.00272395 0.00204534 0.00211981 
7.50991e-06 -8.38588e-07 4.58708e-05 0.0144604 0.00489016 0.00109628 -6.8796e-06 -0.000124814 -0.000734436 0.00171702 0.00339742 -0.0033945 0.00368821 -0.00297835 0.0020053 -0.00256514 -0.000155683 0.000952098 -0.00804179 -4.4767e-06 -0.00381819 0.000595991 -0.0065109 -0.00198716 -3.46957e-06 0.000482714 0.00271339 -0.00352939 3.92129e-05 1.77293e-05 -0.00444415 3.19261e-05 1.69423e-05 3.98057e-05 -0.00123976 7.12546e-06 0.00244194 -0.000595262 0.000235311 0.00102354 0.00316089 7.22147e-05 7.12712e-05 0.000839688 0.00185169 -0.00404183 2.32379e-06 0.00296988 -7.83895e-05 0.000203734 -0.000261138 0.00198485 -0.000346153 -0.00528309 -0.00190828 0.00558654 0.000114791 0.000149886 9.28218e-05 -1.31979e-05 -3.77089e-06 0.000343473 -1.14428e-05 0.00017559 -0.000166421 -0.0029746 -0.0023527 1.67738e-07 -0.000203504 0.000614998 -1.25956e-07 -0.000217702 5.31155e-06 1.56631e-05 0.000281019 -0.000914051 -0.00387035 0.000722636 0.00313102 -0.00200149 -0.00469105 0.00666681 -0.000447727 -8.54641e-05 -0.00329443 5.13263e-05 0.00325393 0.000839643 8.57058e-05 0.00301554 0.00427753 2.39976e-07 6.3278e-06 0.00292676 -0.0060652 0.00159776 0.00235812 -0.001538 -0.00624089 -0.000229841 
-5.49683e-07 -4.59884e-06 9.17276e-05 0.00489016 0.0798754 0.0337985 0.000474423 -0.00387769 -0.00489649 -0.0064111 0.0162068 -0.0266844 0.00104271 -0.00162804 -0.00126159 -0.000840703 -0.00231021 0.000352773 -0.0109225 3.87355e-05 -0.0269795 0.00117687 0.0013663 0.0447182 -3.67785e-05 -0.0117275 0.00349127 -0.0406319 -0.000346717 5.6654e-08 -0.0414008 0.00231555 -1.47649e-05 -1.46052e-05 -0.00254121 -0.000152331 -0.000410304 -0.00241233 -5.42427e-05 -0.0047277 0.047173 -2.6864e-05 -0.000374097 0.000915885 -0.00563541 0.00279032 1.49036e-07 -0.000481784 -0.000197981 0.000197488 -0.0020215 0.000844612 0.0424671 -0.0416353 -0.017194 0.0071101 6.16193e-06 -0.000517205 -0.000174471 -4.34944e-05 -5.3746e-05 1.33762e-05 9.78208e-05 -4.90059e-05 -0.000780682 -0.0239749 -0.0224065 -1.73278e-05 0.0417665 -0.0002363 -9.49428e-07 -0.00127452 -5.24747e-05 -1.35949e-05 -0.00665974 -0.00474285 -0.00401572 0.0013637 -3.6455e-05 -0.0125496 0.0087913 0.00579841 -0.00328624 -0.000790418 -0.0162581 -0.000837233 0.000580366 0.0380295 -0.000108681 -0.000206561 0.00116092 -3.58032e-07 -1.1676e-06 0.00199222 -0.0463118 0.0347368 -0.00014441 -0.0125336 -0.0103847 0.00064307 
8.52223e-05 3.12839e-05 0.00953035 0.00109628 0.0337985 0.179921 5.71754e-05 -0.0106797 0.0471492 -0.0156454 -0.0100553 -0.0708124 -0.00223215 -0.0103384 -0.00225517 -0.000207624 -0.000486116 -0.000546958 0.0136547 -0.000141528 0.0179485 -0.0285315 -0.075836 0.0347058 9.41588e-05 0.00949089 -0.0466823 -0.149988 -0.0015112 -4.7608e-06 -0.0957653 -0.0042318 0.000173561 -4.28736e-05 0.00763176 -0.000472351 -0.0009335 -0.0100325 -0.000179531 -0.0102306 0.11963 -5.62187e-05 -0.00153946 0.00316419 0.00262174 0.00820414 1.24088e-05 -0.00159955 -0.000297156 1.24394e-05 -0.00501369 0.000858536 0.128615 -0.119091 -0.0443617 -0.0149993 -2.96628e-05 0.00335832 -0.00046815 0.000434205 0.000108086 -0.000172576 0.000867746 -2.25656e-05 -0.00197272 -0.0611549 -0.0622783 -4.63382e-05 0.106588 -0.00077699 6.41904e-06 -0.00418035 -8.38893e-05 -4.18192e-05 0.0559855 0.00470029 0.00439048 0.000568417 -0.00079512 -0.0274119 0.0413748 -0.000977202 -0.00789362 -0.00159063 -0.0200269 -0.00236772 -0.00673933 0.147867 0.00135131 -0.00537255 0.000640238 -9.62279e-07 3.84379e-05 -0.00444572 -0.134488 0.100284 -0.000554676 -0.0338659 0.0259288 -0.000418862 
1.17913e-08 -5.66254e-08 -5.72858e-06 -6.8796e-06 0.000474423 5.71754e-05 0.000742368 3.73455e-05 -4.27712e-05 -4.68743e-05 0.000281863 -0.000212275 2.92635e-05 -0.000192165 -1.03687e-05 -0.000126019 -2.16202e-05 3.98842e-05 -6.42746e-05 6.72463e-05 -0.000226609 -7.73373e-05 6.82718e-05 0.000389597 1.50977e-06 -0.000170106 0.000142557 -0.000227486 9.22597e-06 -1.55592e-08 -0.000339882 0.000160374 2.87829e-06 2.70129e-06 -5.57336e-05 1.1316e-05 -5.86549e-07 -2.72255e-05 5.8867e-07 -2.12576e-05 0.000307504 -1.05222e-06 -1.99036e-07 -6.21456e-06 -5.2326e-05 -4.67648e-05 -1.38134e-08 -4.02742e-06 -2.82243e-06 -9.54907e-10 -1.69601e-05 -9.66017e-07 8.3554e-05 -0.000329822 -0.00014077 3.38437e-05 -9.56014e-08 -3.60429e-06 -5.9224e-07 1.9354e-05 -4.59526e-07 7.42698e-05 2.02315e-05 2.01422e-06 -7.58525e-06 -0.000193031 -0.00018759 -1.47425e-07 0.000322079 4.32628e-06 -9.07601e-09 2.94053e-05 -4.97875e-07 -1.63016e-07 -5.46419e-05 7.37227e-05 -7.69708e-05 2.58475e-05 6.69047e-05 -9.37134e-05 -0.00018973 -6.45104e-06 -1.90248e-05 3.91881e-05 -6.96219e-05 -5.31779e-06 -4.32282e-05 0.000150389 -1.35383e-06 -7.65847e-06 -2.41056e-06 -3.03854e-09 -7.52008e-08 2.78151e-05 -0.000224745 0.000138699 -1.80194e-06 -0.000101603 -0.000241263 7.2852e-05 
-6.8984e-06 3.58796e-06 -0.000865414 -0.000124814 -0.00387769 -0.0106797 3.73455e-05 0.0438354 -0.00292085 -0.00293104 -0.000830011 0.00960805 -0.000412383 0.000460459 0.00322643 -0.000612697 -0.00137065 -0.000286535 -0.005921 0.000155587 -0.0179383 0.000217204 -0.000953683 -0.0135899 1.47885e-05 -0.00271376 -0.00172117 0.00924663 0.000475619 -9.62272e-07 0.0173195 0.000263466 7.84515e-06 1.33807e-05 -0.000553846 -6.88921e-05 -0.000193367 -0.00168768 0.000505319 0.0105819 -0.0185136 0.000476127 -0.000251807 -0.000424175 0.00314459 -0.0213359 1.59035e-07 -0.000311915 -0.000302598 -1.07815e-05 -0.00104373 -9.30271e-05 -0.00996325 0.019257 0.0178322 0.00525736 -5.79588e-06 0.000123889 0.000644071 -9.61076e-05 0.000140247 0.000990904 -0.000141587 -3.10533e-05 -0.00051572 -0.0114681 -0.00629833 3.52238e-06 -0.0173422 0.000763043 7.52021e-07 -0.000733966 -2.90648e-05 -6.41855e-06 -0.00366862 -0.00516647 0.0127129 -4.97854e-05 -3.16291e-05 0.00464127 -0.0179865 -0.000464836 0.0154832 -0.000428644 -0.0130169 -1.67777e-05 0.00731497 -0.0135822 -8.78519e-05 0.00484701 -0.000214262 -1.87921e-07 -2.45752e-06 -0.000433101 0.0141442 -0.00805272 -0.000110589 0.0201431 -0.000198682 -0.00120031 
4.1693e-05 2.31152e-05 0.00194577 -0.000734436 -0.00489649 0.0471492 -4.27712e-05 -0.00292085 0.0631697 -0.00469501 -0.00228036 -0.019632 -0.000310137 -0.0170189 -0.0010986 -2.18349e-06 0.00495147 -0.000313905 0.00443834 -5.57621e-05 0.0283194 -0.00751317 -0.053756 -0.0145771 7.95111e-05 -0.0165098 -0.0132461 -0.04631 -3.69204e-05 -1.37915e-06 -0.0303609 -0.0011805 0.000119501 -1.15012e-05 0.00522698 -0.00014635 -0.000296035 -0.00283274 -7.92135e-06 -0.00333338 0.0329092 -8.90199e-05 -0.000428924 0.000232681 0.00820951 0.00339901 5.56009e-06 -0.000460883 0.000500371 -7.2623e-06 -0.000630708 3.54027e-05 0.0267832 -0.0381166 -0.01325 -0.00421334 -8.45641e-06 0.000761547 -0.000133738 0.000241522 0.000149467 -0.000108262 -4.94563e-05 -4.41228e-05 -0.000322201 -0.0178418 -0.0178964 -4.19321e-06 0.0330563 -0.000222457 2.08552e-06 -0.00112798 0.000165856 -1.4262e-05 0.0407168 0.0113416 0.00978623 -0.000120406 -0.000248713 -0.00955471 -0.00110323 -0.000679126 -0.00204894 0.000178989 0.00950812 -0.000678436 -0.00395763 0.0448001 0.00122119 -0.00155105 -0.000274242 -2.77143e-07 1.48443e-05 -0.00140712 -0.0411114 0.023358 -0.000163581 -0.00984553 0.00676107 0.00223226 
-4.19536e-06 -2.58898e-06 -0.000915918 0.00171702 -0.0064111 -0.0156454 -4.68743e-05 -0.00293104 -0.00469501 0.0681739 -0.00333793 0.0237569 0.00397024 -0.0128658 0.00326478 -0.00114604 -0.00122441 0.00197771 -0.00123962 -4.23878e-05 0.0217798 -0.00541207 0.00541275 -0.0234452 0.000275543 -0.0161724 -0.00475528 0.0101102 0.0014464 1.42288e-05 0.020819 -0.00105726 0.000136049 2.02601e-05 -0.00880906 -8.73806e-05 0.00416162 -0.000866669 -2.60795e-05 0.00375639 -0.0256525 -0.000131029 0.00102397 0.00138798 -0.00507435 -0.00146675 7.50629e-08 0.00496386 0.00191233 -1.90421e-05 0.000448807 0.000662022 -0.0124992 -0.00522961 -0.0128987 -0.00169092 3.19069e-05 -0.000415852 -0.000119991 -0.00014347 0.000170452 0.000143969 9.37658e-05 0.000246893 -0.000841963 0.0304166 0.0305112 7.06669e-05 -0.0221159 0.000381342 -7.69016e-07 -0.000924412 3.64401e-05 -1.34508e-05 -0.00368916 0.0182436 -0.0167387 -0.000147108 0.00219056 -0.00384838 -0.0259728 0.00172105 0.000419021 -0.000402239 -0.00626679 -0.000405172 -0.00248862 -0.0178075 -0.000127126 0.00421413 0.0024673 3.78902e-06 -1.68562e-06 -0.00162989 0.0188678 -0.0106106 0.00206775 -0.00655916 0.00214433 0.00143803 
-6.96431e-06 -2.66606e-06 -0.00082289 0.00339742 0.0162068 -0.0100553 0.000281863 -0.000830011 -0.00228036 -0.00333793 0.0446767 -0.0142413 0.00236632 -0.00751069 -0.000734591 -0.000542002 -3.96354e-05 0.000585827 -0.0226584 7.68874e-05 -0.0113597 0.0186049 0.000250828 0.0225491 -1.13411e-05 -0.0126367 0.0308349 0.0099595 0.000516724 -2.01695e-07 -0.021879 0.00480677 5.25195e-05 9.685e-06 0.00320084 0.000299457 -0.000202159 -0.000317526 5.43821e-05 -0.000668106 0.00727058 -6.63015e-05 0.00415419 -0.00041494 0.00420386 0.00169782 -2.64874e-07 -0.000149346 -0.000246202 0.000149581 0.0047112 6.57435e-07 -0.00938719 -0.00983252 -0.00911383 0.0209441 2.48117e-07 -7.91646e-05 -7.67086e-05 0.000509177 -2.397e-05 0.000190637 0.000407511 -2.82388e-05 -0.000482671 -0.00908518 -0.00555041 -7.93498e-06 0.0105411 -0.000145946 -3.49309e-07 -2.3473e-05 0.000139337 5.4648e-05 -0.00362369 -0.00525496 0.00582375 0.000797876 0.000613138 -0.0065296 -0.0163073 0.00558072 -0.00178608 -0.000385672 0.0145815 -0.00034583 0.00270319 -0.0120325 -1.31718e-05 0.00739663 -0.000103399 -1.91714e-07 -3.86473e-06 0.00608932 -0.0089121 -0.0067748 -9.28686e-05 -0.00658552 -0.0332489 -0.00043956 
-4.25481e-05 -1.16884e-05 -0.0048883 -0.0033945 -0.0266844 -0.0708124 -0.000212275 0.00960805 -0.019632 0.0237569 -0.0142413 0.212084 -0.00279307 0.0176053 0.00328028 0.000819357 -0.00908185 -0.00179567 0.0205323 0.00035854 0.0637208 -0.0371359 0.0294211 -0.130099 -0.000149291 -0.0245943 -0.0537783 0.0753592 0.00146436 -6.31691e-06 0.154021 -0.00180113 -0.000144376 -5.54502e-05 -0.00893497 -0.000411031 -0.00142211 -0.0130861 -1.37102e-05 -0.00132848 -0.0992317 -0.000120513 -0.0018468 -0.00238891 -0.00873019 -0.00708076 -4.44284e-06 -0.00207253 -0.00193484 -7.25129e-05 -0.00424559 -0.000698488 -0.0648718 0.0955198 0.0384541 -0.0200302 -3.78878e-05 -0.00113773 0.000806053 -0.000669485 -8.21412e-05 -0.000492938 -0.000997096 -0.000204302 -0.00349316 0.08113 0.000746043 -3.62198e-05 -0.0744852 0.000576992 -2.49284e-06 -0.0049508 -0.000201576 -5.67966e-05 -0.0241498 -0.0107264 -0.0470774 -0.000608761 -0.0011707 0.0422484 -0.100958 -0.00320947 0.00574883 -0.0021528 0.0461396 0.00338301 -0.0162679 -0.0897211 -0.000569514 -0.00538699 -0.00141507 -1.2486e-06 -1.63615e-05 -0.00634868 0.104237 -0.0508382 -0.000715229 0.0300427 0.0333971 -0.00639935 
-3.29435e-07 8.21821e-08 -0.000169243 0.00368821 0.00104271 -0.00223215 2.92635e-05 -0.000412383 -0.000310137 0.00397024 0.00236632 -0.00279307 0.00984365 -0.00357325 0.00181432 -0.00165627 -0.000243944 0.00151449 -0.00391519 6.14163e-06 -0.000112892 0.000510857 -0.00375906 -0.00141288 -5.00123e-06 -0.000482204 0.00362301 -0.00169243 -6.36768e-05 1.80884e-05 -0.00272142 0.000442597 2.33798e-05 4.00582e-05 -0.000718837 0.000122407 0.00298142 0.00041094 0.000148149 -0.000211361 -0.00246835 -1.708e-05 0.00061506 0.000678119 7.31818e-05 -0.00250718 4.31802e-07 0.00446018 -5.4594e-05 8.02062e-06 0.000725908 0.000897756 -0.00212496 -0.0022529 -0.00193817 0.00269884 0.000109257 -2.15634e-05 2.79707e-05 6.58003e-05 6.23235e-05 0.000255046 0.000238156 0.0001495 -0.000113399 0.00217621 0.00138178 1.50737e-05 -0.0021467 0.000612458 -1.04798e-07 1.80972e-05 4.51236e-05 6.43502e-06 -0.000793291 -0.000276208 -0.00267998 0.000303224 0.00282249 -0.000856084 -0.00354625 0.00376905 -0.000280798 -9.77748e-05 -0.000254537 -4.73937e-05 -0.000180893 -0.00294045 3.56061e-05 0.00240217 0.00290937 4.04934e-06 5.93586e-07 -9.59047e-06 -0.000712734 -0.00156426 0.0023258 -0.00135571 -0.00650913 -0.000253593 
-5.14322e-05 -4.31124e-05 -0.00129927 -0.00297835 -0.00162804 -0.0103384 -0.000192165 0.000460459 -0.0170189 -0.0128658 -0.00751069 0.0176053 -0.00357325 0.0808708 -0.00434285 0.00225852 -0.000908057 -0.00145832 0.014105 -0.000157062 0.00612878 0.000439418 0.0167826 -0.00316048 -0.000265152 0.00898008 -0.0068266 0.0221497 -0.00498685 -1.79847e-05 0.0274355 -0.00473842 -0.00035183 -9.7218e-05 0.0124004 0.000130814 -0.00414899 -0.00288237 -0.000461246 -0.00185403 -0.0237851 -2.16321e-06 -0.00506823 -0.00294725 0.00485732 0.00274313 -1.37532e-05 -0.00459232 -0.00422234 -7.97446e-05 0.00183334 -0.000775093 -0.0207494 0.0256224 0.0156771 -0.0113705 -0.000104736 0.000512065 -0.00021454 -0.000117639 -0.000545277 -0.000330881 0.00017828 -0.000272016 -6.43907e-05 0.00764818 0.00502286 -2.23324e-05 -0.0247041 -0.000534613 -2.98248e-06 -0.00138071 4.06312e-05 3.33417e-07 -0.0171632 -0.0227569 -0.00957042 -0.000390845 -0.0028169 0.00883724 -0.00746492 -0.00327252 0.00249148 -0.00376004 0.00661981 0.000751068 -0.0038603 -0.0207887 5.0115e-05 -0.0142846 -0.0027411 -3.63703e-06 -1.20868e-05 -0.00512078 0.035227 -0.0166838 -0.00216338 0.00425522 0.0100933 -0.013297 
-1.72798e-07 2.41477e-06 -0.000270669 0.0020053 -0.00126159 -0.00225517 -1.03687e-05 0.00322643 -0.0010986 0.00326478 -0.000734591 0.00328028 0.00181432 -0.00434285 0.0175065 -0.00100082 -0.000533757 0.000629839 -0.00277162 -6.34741e-06 -0.000181117 -0.00198526 -0.00449303 -0.00650898 -1.88257e-06 0.000253875 -0.00203011 0.00148246 0.000803982 2.35003e-06 0.00576985 0.000602901 -6.73817e-06 -8.05184e-09 -0.00266724 -4.41987e-06 0.00164167 -0.000737779 0.000527386 0.000238645 -0.00399391 5.82504e-05 9.1668e-05 0.00053525 -0.00112393 -0.00814823 8.01921e-07 0.00202016 -0.000105643 -3.52467e-06 -0.000309029 5.22223e-05 -0.0036232 0.00325424 0.00304072 0.00155264 9.97563e-05 0.000205442 0.000363422 -3.60643e-05 0.000211802 0.000255653 -3.05951e-05 0.000140685 -0.000195942 0.00271912 -0.00202895 1.49962e-06 -0.00581525 0.000550264 8.32247e-07 -0.000279342 -4.06843e-06 -2.78778e-06 -0.000893035 -0.00175018 0.00174531 -2.95883e-05 0.00167136 -0.00169941 -0.00512032 0.0012252 0.000405277 -0.000180624 0.00115588 0.000121959 0.00159265 -0.00446997 -2.65208e-05 0.00342631 0.00195115 4.60432e-07 4.16577e-06 0.000269493 0.00168108 -0.00298307 0.00152565 0.00158878 -0.000400576 -0.000415298 
-5.66667e-07 -1.8074e-08 4.68164e-05 -0.00256514 -0.000840703 -0.000207624 -0.000126019 -0.000612697 -2.18349e-06 -0.00114604 -0.000542002 0.000819357 -0.00165627 0.00225852 -0.00100082 0.00455259 -1.34065e-05 -0.000884218 0.00319438 -0.000219707 0.000960022 0.00018003 0.00234762 0.00089843 -5.83449e-05 -0.00110424 -0.000516995 0.00216121 -0.000456323 -1.78942e-05 0.00131231 -0.000368282 -4.40482e-05 -5.61666e-05 0.000135923 -0.000376626 -0.00143685 0.000136455 -0.000397732 -0.000515351 0.000725413 -0.00020396 -3.69433e-05 -0.000738778 -0.000365475 0.00271934 -2.25496e-06 -0.0015805 2.60205e-05 -7.61829e-05 -3.04939e-05 -0.0015381 3.3819e-05 0.00148327 0.00065685 -0.00197679 -0.000104991 -0.000107134 -0.000339054 -0.00053969 -0.000136058 -0.000469095 -0.000323583 -0.000119909 2.9196e-05 0.00091467 0.000334971 -7.12433e-07 0.0014703 -0.000673313 -1.10079e-06 -1.51149e-05 -1.42817e-05 -8.50312e-06 0.000136712 0.00045182 0.00101666 -0.000536846 -0.00201819 7.27002e-05 0.00174029 -0.00215575 0.000143951 2.17322e-05 0.000915725 -0.000108807 -0.00062976 4.67063e-05 -3.38152e-05 -0.00151956 -0.00238154 -1.91294e-07 -6.22039e-06 -0.000908714 0.00180285 -0.000454698 -0.00155487 0.000167817 0.00289323 6.95552e-05 
7.78591e-06 -1.29757e-06 -0.000509591 -0.000155683 -0.00231021 -0.000486116 -2.16202e-05 -0.00137065 0.00495147 -0.00122441 -3.96354e-05 -0.00908185 -0.000243944 -0.000908057 -0.000533757 -1.34065e-05 0.0299333 -0.000151434 0.000263363 -2.30763e-05 -0.000592512 -0.00106276 -0.00289427 0.00177874 -7.26562e-06 0.00767416 -0.00291412 -0.0013025 -0.00020773 -3.96884e-07 -0.00580734 -0.00050753 2.2761e-05 -4.4685e-06 -0.00243943 -1.09156e-05 -0.000139622 -0.00127513 -6.78531e-06 -0.00102433 0.00111975 2.80591e-05 -9.69426e-05 -0.000227869 0.00502443 -1.59572e-05 4.52368e-07 -0.000208879 -0.00017017 3.35518e-06 0.000574452 -3.65601e-05 -0.00652988 -0.00905188 -0.00247313 0.000652794 -3.83802e-06 0.000159485 -2.87605e-05 2.79047e-05 -1.89884e-05 -4.36489e-05 -2.84822e-05 -1.73468e-05 0.00697849 -0.00518665 -0.0049566 6.40071e-06 0.0062155 -7.98171e-05 1.24599e-06 -0.000225347 0.000290731 1.19249e-06 0.00408856 -0.00286107 0.0063282 -5.96264e-05 -7.30347e-05 -0.00149815 0.00653051 -6.94473e-05 0.000137904 0.00043106 -0.00108637 -0.000201793 -0.00174612 0.00778139 0.000222489 -0.000607605 -0.000139749 -1.26329e-07 -3.03319e-06 -0.000630491 -0.011658 -0.00526795 -6.98235e-05 0.000712868 0.00137676 -0.000680647 
-8.32607e-07 7.71221e-07 -5.59293e-05 0.000952098 0.000352773 -0.000546958 3.98842e-05 -0.000286535 -0.000313905 0.00197771 0.000585827 -0.00179567 0.00151449 -0.00145832 0.000629839 -0.000884218 -0.000151434 0.00645795 -0.00194573 -1.54299e-06 0.00220054 -0.000451277 -0.0014736 -0.00114262 0.000132151 -0.00138786 0.000566523 -0.00132007 9.99075e-06 9.19053e-06 -0.00263389 2.1279e-06 1.31927e-05 1.02157e-07 0.000965954 0.000406601 0.00138273 0.000269131 8.17197e-06 -0.000273906 -0.00115179 -7.598e-06 0.000666807 0.000549118 -5.93415e-05 -0.000654557 -1.2086e-07 0.00171652 -2.61332e-05 7.84851e-05 0.00136075 0.000130992 -0.00024596 -0.00288312 -0.00118249 0.000136431 6.98235e-05 1.84337e-05 -8.77638e-06 0.000375416 5.22603e-06 0.000257095 0.000804129 0.000326425 -7.24902e-05 0.00186834 0.000857707 -1.13657e-06 -0.00150453 0.000155737 4.00589e-07 -4.70277e-05 5.80716e-06 2.24368e-06 -0.000443873 0.000587196 -0.00168071 0.00015366 0.000735627 -0.000625448 -0.00151429 0.000437186 -0.000184169 -4.8277e-05 -0.000532393 7.36104e-05 -0.00022431 -0.000635266 -1.0562e-05 0.000288403 0.000972612 2.70675e-06 -4.34639e-07 0.000547607 0.000450545 0.00106766 0.000480857 -0.000940586 -0.00284905 -2.55564e-06 
8.97453e-06 3.84119e-06 -8.44356e-05 -0.00804179 -0.0109225 0.0136547 -6.42746e-05 -0.005921 0.00443834 -0.00123962 -0.0226584 0.0205323 -0.00391519 0.014105 -0.00277162 0.00319438 0.000263363 -0.00194573 0.0639224 -0.000147352 0.0222596 -0.0370634 -0.0015225 -0.0278133 -0.000359504 0.0152743 -0.0454374 -0.00898648 -0.00163377 -1.92559e-05 0.0296453 -0.00837677 -0.000203195 -0.000169427 0.00536921 -0.000420261 -0.00381622 -0.00155412 -0.000559284 -0.00477313 0.00205645 -1.82016e-05 -0.00523395 -0.000910052 0.0043499 0.00542657 -1.07722e-06 -0.00350719 -0.000588149 -0.000223752 0.00123824 -0.0018611 0.0124645 -0.00670287 0.0116695 -0.0494791 -0.000112581 0.00032443 -0.000196288 -0.000257741 -0.000127211 -0.000502597 -0.000298467 -0.000161883 0.000106766 0.0150542 -0.0154696 8.3795e-06 -0.00475761 -0.000537052 -5.91536e-07 0.000202841 -2.07169e-06 -7.56635e-05 0.00535147 0.00597911 -0.0204061 -0.00124502 -0.00347528 0.00918936 0.0282191 -0.00925423 0.00254218 0.00059239 0.00214144 0.000542232 -0.0160139 0.0137798 2.35127e-05 -0.0175204 -0.00420655 -3.80929e-06 -2.62609e-06 -0.00899288 0.0216415 0.00644848 -0.00223955 0.00637402 0.0266056 -0.000198659 
-1.26722e-07 -6.43315e-08 -1.04751e-05 -4.4767e-06 3.87355e-05 -0.000141528 6.72463e-05 0.000155587 -5.57621e-05 -4.23878e-05 7.68874e-05 0.00035854 6.14163e-06 -0.000157062 -6.34741e-06 -0.000219707 -2.30763e-05 -1.54299e-06 -0.000147352 0.000843311 0.000186798 -4.91884e-05 2.3296e-05 -0.000207801 7.10447e-07 -0.000203069 6.24967e-05 3.03418e-05 5.57615e-05 -1.76767e-08 0.000221889 0.000120741 2.20438e-05 1.63329e-05 -9.99672e-06 -1.44047e-06 8.40983e-07 -3.19983e-05 2.31638e-05 5.22265e-05 -0.000267092 2.0674e-05 3.82925e-06 -7.45564e-06 -2.39646e-05 -0.000141896 -1.56932e-08 -3.35636e-06 -5.10006e-06 2.86836e-06 -3.84851e-06 3.32089e-05 -0.00012657 0.000277026 -7.63091e-05 0.000120984 -1.08612e-07 -5.02199e-06 1.85326e-05 -1.33712e-06 3.18794e-06 0.000110107 -2.68492e-06 -5.78401e-07 -9.02939e-06 0.000162895 -0.000123704 -1.67488e-07 -0.000230317 2.39077e-05 3.43022e-07 4.76284e-05 -5.65631e-07 2.24799e-07 -4.54214e-05 -7.10865e-05 -0.000127615 7.50215e-05 0.000129874 2.19523e-05 -0.00033347 1.16904e-05 -3.04729e-05 -7.04985e-06 -0.000102054 -3.98648e-06 -3.42026e-05 -0.000194256 -1.61381e-06 4.25852e-05 1.315e-05 -3.45206e-09 -8.54349e-08 -1.63203e-05 0.00010804 -0.000102895 1.71617e-06 -2.10271e-05 -0.000137368 -2.10667e-05 
4.65392e-05 -1.84869e-05 0.00389888 -0.00381819 -0.0269795 0.0179485 -0.000226609 -0.0179383 0.0283194 0.0217798 -0.0113597 0.0637208 -0.000112892 0.00612878 -0.000181117 0.000960022 -0.000592512 0.00220054 0.0222596 0.000186798 0.242906 -0.0305515 -0.0365219 -0.0659411 8.72192e-05 -0.101975 -0.0332062 -0.00393633 -0.00265826 -8.531e-06 0.0258094 -0.00559368 4.30791e-05 -7.45882e-05 0.0386598 0.000770631 -0.000713079 -0.0131116 -0.000304198 -0.0172581 -0.0508343 -0.000668854 -0.00130222 -0.00244151 0.0236356 0.0190242 6.59273e-06 -0.000422017 -0.00126 -9.68137e-05 0.0128159 -0.000823328 -0.0110328 -0.0236681 -0.0618435 -0.0244584 -4.95363e-05 0.00294169 -0.00058008 0.00045953 5.72847e-05 -0.000618343 9.98345e-05 6.12552e-05 -0.00405304 0.111982 0.0179137 9.87419e-07 -0.00842205 -0.00119402 3.85731e-06 -0.00665874 0.000134766 -5.87826e-06 0.0359123 0.0055746 -0.0731852 -0.000781431 -0.00137752 0.00200917 -0.101991 -0.00428886 -0.0119462 -0.0020574 0.143449 -0.00344414 -0.0222816 -0.00469577 0.000777629 -0.00929054 -0.0015637 -9.33843e-07 1.16908e-05 -0.00892374 0.0251003 -0.00225098 -0.000963491 -0.0559272 0.008344 -0.00755615 
-7.37523e-06 -8.74621e-06 -0.00228821 0.000595991 0.00117687 -0.0285315 -7.73373e-05 0.000217204 -0.00751317 -0.00541207 0.0186049 -0.0371359 0.000510857 0.000439418 -0.00198526 0.00018003 -0.00106276 -0.000451277 -0.0370634 -4.91884e-05 -0.0305515 0.10709 0.0127193 0.0660223 -5.89776e-05 -0.0340136 0.0906142 0.030422 0.000660219 -7.37697e-07 -0.057187 0.00692835 3.95032e-06 0.000101905 -0.00613627 0.000129735 -0.000401295 0.0332863 9.04726e-06 0.00175437 -0.0345373 -0.000210727 0.00128674 -0.00115539 -0.00616356 0.00153281 -2.26774e-06 -0.000264161 -0.000359285 -3.63418e-06 -0.00136657 -0.000226547 -0.0262938 0.0193736 -0.0218403 0.0380126 -9.80159e-06 -0.00066788 -0.000247452 7.74785e-05 -7.39539e-05 -6.35943e-05 -0.000225529 1.98616e-05 -0.00129244 0.00566797 0.0663118 -2.04828e-05 -0.0284402 -0.000377109 -1.11001e-06 -0.000853527 0.000320247 0.000100164 -0.0098052 -0.00703043 3.98522e-05 0.000119933 0.000218607 -0.0174619 0.00473309 0.00180791 -0.0046324 -0.0010668 -0.00100565 -0.000954555 0.0134809 -0.0350187 -0.000182404 0.00544844 -0.000551321 -1.02172e-07 -9.33575e-06 0.00167024 0.00139909 -0.0205765 -0.000287476 0.00131044 -0.058768 -0.00241556 
-8.44686e-05 -2.89382e-05 -0.0107334 -0.0065109 0.0013663 -0.075836 6.82718e-05 -0.000953683 -0.053756 0.00541275 0.000250828 0.0294211 -0.00375906 0.0167826 -0.00449303 0.00234762 -0.00289427 -0.0014736 -0.0015225 2.3296e-05 -0.0365219 0.0127193 0.119399 0.0146942 -0.000202336 0.0212481 0.0211261 0.0772761 2.41028e-05 -1.65136e-05 0.0491192 -0.000730038 -0.000384186 -3.52643e-05 -0.0156084 1.94126e-05 -0.0023722 0.00577398 -0.000512223 0.00344297 -0.0568179 -2.09917e-06 -7.20787e-05 -0.00204528 -0.0169966 0.00144183 -1.54027e-05 -0.00259106 -0.00227978 -8.63428e-05 0.000282337 -0.00150665 -0.0500498 0.0602399 0.0147003 0.00405272 -9.85995e-05 -0.00489209 -0.000316003 -0.000645956 -0.000317689 -0.000393899 -0.00104853 -0.000139817 0.000920805 0.0324221 0.0352301 -2.50003e-05 -0.0592513 -0.00039309 -8.24328e-06 0.00233769 -0.00019105 -2.54879e-05 -0.0625049 -0.0126394 -0.0105819 -0.00099102 -0.00282345 0.018949 0.00832831 -0.0024654 0.00137012 -0.000637393 -0.0108957 0.000839809 0.00604621 -0.0701668 -0.00159336 -0.00148391 -0.0032093 -3.33307e-06 -4.71658e-05 0.000802586 0.0682743 -0.041346 -0.00203398 0.016216 -0.00598962 -0.00491853 
-1.81306e-05 1.95941e-05 -0.00194102 -0.00198716 0.0447182 0.0347058 0.000389597 -0.0135899 -0.0145771 -0.0234452 0.0225491 -0.130099 -0.00141288 -0.00316048 -0.00650898 0.00089843 0.00177874 -0.00114262 -0.0278133 -0.000207801 -0.0659411 0.0660223 0.0146942 0.245815 -0.000189278 -0.0170007 0.0991323 -0.0536461 -0.000116221 -7.53348e-06 -0.193023 0.00594914 -0.000104683 5.83452e-05 0.0174549 -0.000311242 -0.00117566 0.0231238 -0.000315327 -0.00887023 0.0550399 -0.000707621 0.00295194 0.000600055 0.00214092 0.0171132 -6.5005e-06 -0.000964362 -0.000514823 -6.92647e-05 0.00668315 -0.000957542 0.0643721 -0.10292 -0.0798925 0.0288863 -4.49136e-05 -0.00227235 -0.000892625 0.000482509 -0.000257852 -0.000353823 0.000619251 -0.000161363 0.00562253 -0.0296073 0.0455182 -6.97393e-05 0.0783867 -0.00122994 -3.97469e-06 0.00948934 0.0002223 0.000102788 -0.0246984 0.0124597 0.0163387 0.000389466 -0.000769819 -0.0607979 0.0682126 0.000378844 -0.0159872 0.00203428 -0.0340604 -0.00394159 -0.00145977 0.0789255 -0.000755035 0.00272019 -0.00193028 -8.23746e-07 -4.09967e-05 0.00420739 -0.100949 0.044519 -0.00104319 -0.041386 -0.0544921 0.00411653 
-7.81904e-08 2.23639e-07 0.000185125 -3.46957e-06 -3.67785e-05 9.41588e-05 1.50977e-06 1.47885e-05 7.95111e-05 0.000275543 -1.13411e-05 -0.000149291 -5.00123e-06 -0.000265152 -1.88257e-06 -5.83449e-05 -7.26562e-06 0.000132151 -0.000359504 7.10447e-07 8.72192e-05 -5.89776e-05 -0.000202336 -0.000189278 0.000520512 -0.000148013 -9.54708e-05 -0.000318424 8.48277e-06 3.2576e-07 -0.000197244 -2.21167e-06 0.00014391 -9.49006e-08 6.21775e-05 5.07802e-05 0.000222503 -2.24731e-05 6.3305e-06 7.13674e-06 3.71787e-05 -8.29209e-07 -1.70183e-06 0.00032496 -2.44609e-05 1.98902e-06 -6.34976e-09 -1.05047e-06 0.000224778 -6.08684e-08 2.9255e-05 -2.0024e-07 2.18798e-05 -0.000247536 -9.37401e-05 -2.81266e-05 1.42984e-07 -1.46422e-07 6.41257e-06 4.86505e-05 4.62121e-06 8.72619e-06 8.77972e-05 6.69978e-06 -5.72547e-06 -0.000135595 -0.000127712 -1.03344e-07 0.000105501 7.46628e-06 -6.36224e-09 -9.32422e-06 -2.99008e-07 -9.76071e-08 -2.07526e-05 -1.41959e-05 -3.84577e-05 -9.739e-07 8.59871e-06 -2.07888e-05 -0.000210006 1.32781e-05 1.79944e-05 1.83733e-05 -0.000142423 2.31505e-06 1.65516e-05 0.000180078 -5.57638e-08 5.6918e-06 1.84482e-06 -2.13e-09 5.37285e-07 7.56897e-06 -0.000168826 0.0001859 -1.24982e-06 -6.5249e-05 -1.50726e-05 0.000239518 
-2.61212e-05 1.79093e-05 -0.00445842 0.000482714 -0.0117275 0.00949089 -0.000170106 -0.00271376 -0.0165098 -0.0161724 -0.0126367 -0.0245943 -0.000482204 0.00898008 0.000253875 -0.00110424 0.00767416 -0.00138786 0.0152743 -0.000203069 -0.101975 -0.0340136 0.0212481 -0.0170007 -0.000148013 0.204643 -0.0539929 -0.00939812 -0.0019711 1.18053e-05 0.0313515 -0.00466804 -0.000125169 -1.73043e-05 -0.0350141 0.000354606 0.000486216 -0.012345 -0.000121582 -0.00536282 0.0424076 0.00107913 -0.00177428 -0.00040757 -0.0159712 -0.013534 -2.92015e-06 0.000216769 -0.00180087 3.03066e-06 -0.00500557 0.00139878 0.0173372 -0.003822 0.0636617 -0.0140365 1.03175e-05 -0.00162993 0.000477742 -0.000473953 -0.000163739 8.9803e-05 -0.0002129 0.000104775 0.00607768 -0.0686099 -0.0557009 -4.7058e-05 -0.0155464 0.000746458 -2.65987e-06 -0.00442079 7.40154e-06 -5.87251e-05 -0.0176013 -0.00638468 0.0441487 0.000193797 0.00108121 0.0149632 0.112059 0.000672642 0.00190344 0.000141717 -0.0875763 0.00390271 9.99182e-05 0.0234608 -0.00048964 -0.00449249 0.00233252 -9.63947e-07 -4.054e-06 -0.00239262 -0.0145077 0.00474133 0.00121707 0.0370558 0.0289066 -0.00575685 
-2.50183e-05 -1.50114e-05 -0.00334174 0.00271339 0.00349127 -0.0466823 0.000142557 -0.00172117 -0.0132461 -0.00475528 0.0308349 -0.0537783 0.00362301 -0.0068266 -0.00203011 -0.000516995 -0.00291412 0.000566523 -0.0454374 6.24967e-05 -0.0332062 0.0906142 0.0211261 0.0991323 -9.54708e-05 -0.0539929 0.159401 0.0468673 0.00164886 7.62211e-07 -0.0824498 0.0103925 -1.62401e-05 0.000144843 0.00419549 -7.70959e-05 0.00218309 0.0314362 -8.16062e-05 0.00128451 -0.0470655 -0.000324412 0.00520908 -0.00183803 -0.00135266 0.00272494 -3.70013e-06 0.00272116 -0.000779696 -1.51457e-05 0.00392193 0.000255032 -0.0425439 0.0240656 -0.0318859 0.0441756 4.67249e-05 -0.00110695 -0.000352679 8.85231e-05 -0.000114478 -0.000105095 -0.00041614 1.89551e-05 -0.00175267 0.0105238 0.0855903 -2.61968e-05 -0.0266248 -0.000431676 -2.06115e-06 0.0133126 2.25827e-05 9.68801e-05 -0.0161083 -0.0128736 -0.000734605 0.000514039 0.00160704 -0.0253262 -0.0169274 0.00487185 -0.00678115 -0.00188441 0.0160961 -0.00164721 0.00998814 -0.0537494 -0.000308524 0.0115222 0.000794474 3.15274e-06 -1.80071e-05 0.00351865 0.0150304 -0.0336042 0.000798397 -0.00522729 -0.0801176 -0.0041204 
-8.74451e-05 -3.77739e-05 -0.0124834 -0.00352939 -0.0406319 -0.149988 -0.000227486 0.00924663 -0.04631 0.0101102 0.0099595 0.0753592 -0.00169243 0.0221497 0.00148246 0.00216121 -0.0013025 -0.00132007 -0.00898648 3.03418e-05 -0.00393633 0.030422 0.0772761 -0.0536461 -0.000318424 -0.00939812 0.0468673 0.192246 0.000848141 -1.40648e-05 0.119181 0.00440933 -0.000301189 -1.24929e-05 -0.0130424 0.000363699 -0.00258249 0.0102083 -2.91064e-05 0.0142305 -0.138346 0.00023373 0.000611968 -0.00646162 0.000439521 -0.00521053 -1.25684e-05 -0.00206596 -0.00385536 -2.02352e-05 0.0055269 -0.00167638 -0.153182 0.141939 0.0477258 0.0105744 -8.47036e-05 -0.0035109 2.73633e-05 -0.000608779 -0.000193275 -0.000939397 -0.00161461 -0.000145595 -0.001085 0.0671389 0.0643865 3.7174e-05 -0.122153 -0.00046203 -8.93426e-06 0.0035972 6.63665e-05 4.15505e-05 -0.057668 -0.0169296 -0.00327172 -0.000714159 -0.00198298 0.0372101 -0.049919 -0.00131261 0.00550765 -0.000563701 0.0361566 0.00215357 0.0124306 -0.16925 -0.00135511 0.00338991 -0.00332455 -3.02791e-06 -2.19444e-05 -0.00123221 0.159748 -0.124902 -0.00175744 0.0350916 -0.0234683 -0.0113945 
2.41787e-07 -5.71362e-07 -0.000109206 3.92129e-05 -0.000346717 -0.0015112 9.22597e-06 0.000475619 -3.69204e-05 0.0014464 0.000516724 0.00146436 -6.36768e-05 -0.00498685 0.000803982 -0.000456323 -0.00020773 9.99075e-06 -0.00163377 5.57615e-05 -0.00265826 0.000660219 2.41028e-05 -0.000116221 8.48277e-06 -0.0019711 0.00164886 0.000848141 0.00769842 1.30842e-07 0.000383389 0.000969147 8.60325e-07 1.36328e-05 -0.00105279 -1.51646e-05 2.83824e-05 0.0003823 0.000362839 0.00141956 -0.00207741 7.91999e-06 2.09536e-05 -3.4138e-05 -0.000217684 -0.000944162 9.05741e-07 -4.81975e-05 -4.36063e-05 -1.96865e-06 -0.000179318 -1.76885e-05 -0.000918364 0.00180809 -0.000965501 0.000591783 -9.58405e-07 -4.15354e-05 0.000290528 -7.76132e-06 0.000212724 1.56411e-06 -1.82179e-05 -3.10357e-06 -8.48038e-05 0.00107179 0.00128663 -1.29962e-06 -0.000440909 1.24037e-05 1.05188e-06 0.000309738 -1.09285e-06 -6.22448e-07 -0.000201586 0.00109793 -0.00169767 5.49847e-05 3.4798e-05 3.49083e-05 -0.00201921 -3.00672e-05 -0.000176115 -5.64768e-05 -0.00247517 0.000241575 0.000755337 -0.00152856 -1.48249e-05 0.00139351 -3.61993e-05 -3.17328e-08 -6.0202e-07 0.000357968 0.000818179 -0.000364679 -1.83218e-05 0.000999478 -0.00106476 0.0002244 
-3.14443e-09 -1.5963e-09 -6.96528e-08 1.77293e-05 5.6654e-08 -4.7608e-06 -1.55592e-08 -9.62272e-07 -1.37915e-06 1.42288e-05 -2.01695e-07 -6.31691e-06 1.80884e-05 -1.79847e-05 2.35003e-06 -1.78942e-05 -3.96884e-07 9.19053e-06 -1.92559e-05 -1.76767e-08 -8.531e-06 -7.37697e-07 -1.65136e-05 -7.53348e-06 3.2576e-07 1.18053e-05 7.62211e-07 -1.40648e-05 1.30842e-07 2.09429e-05 -9.84114e-06 6.63484e-07 7.86752e-07 -3.81643e-09 -2.91449e-06 -3.02428e-08 1.2144e-05 1.19578e-07 6.07133e-07 -1.20752e-06 -7.68314e-06 1.05965e-07 6.6626e-07 1.71041e-05 -1.4829e-06 -1.78924e-05 -3.89406e-10 1.8147e-05 5.85037e-07 6.4335e-08 -4.45211e-07 1.11753e-05 -2.42697e-06 -1.04871e-05 -4.12071e-06 1.42999e-05 1.70638e-07 -1.25193e-07 1.60347e-06 -4.64956e-08 -1.29543e-08 8.56471e-06 3.5365e-07 7.12314e-07 -2.39768e-07 -5.32677e-06 -4.08808e-06 -4.156e-09 -8.64602e-06 8.75388e-06 -2.55858e-10 -3.74974e-07 4.49298e-07 -4.59553e-09 -1.69253e-06 -1.95408e-06 -5.20948e-06 5.41353e-07 1.7747e-05 -2.80284e-06 -9.14806e-06 1.83573e-05 -7.98493e-07 -2.19846e-07 -6.60325e-06 -2.12401e-07 -9.45139e-07 -5.51342e-06 -4.00447e-08 8.8154e-07 1.87221e-05 -8.56582e-11 -2.11995e-09 -4.89995e-07 -1.28733e-05 -3.40937e-06 1.70492e-05 -3.03864e-06 -1.71587e-05 1.71889e-07 
-6.34976e-05 -2.50409e-05 -0.00867448 -0.00444415 -0.0414008 -0.0957653 -0.000339882 0.0173195 -0.0303609 0.020819 -0.021879 0.154021 -0.00272142 0.0274355 0.00576985 0.00131231 -0.00580734 -0.00263389 0.0296453 0.000221889 0.0258094 -0.057187 0.0491192 -0.193023 -0.000197244 0.0313515 -0.0824498 0.119181 0.000383389 -9.84114e-06 0.249658 -0.00431268 -0.000227419 -8.73344e-05 -0.0167159 0.000238946 -0.00221177 -0.0206091 0.000286667 0.0171863 -0.106737 0.000751083 -0.00313583 -0.00417337 -0.0103904 -0.0170097 -7.60292e-06 -0.00290617 -0.00315551 -0.000111026 -0.00875109 -0.00105854 -0.104285 0.162921 0.09781 -0.0275431 -4.66926e-05 -0.00218817 0.00105112 -0.000963153 -3.27646e-05 0.000110343 -0.00156018 -0.000170622 -0.00535635 0.0451337 -0.0235608 8.23487e-05 -0.117156 0.000996283 -3.51248e-06 -0.00688052 -0.000306437 -9.197e-05 -0.0383471 -0.0294166 -0.0181983 -0.000964695 -0.00167918 0.0731427 -0.0671926 -0.00486633 0.0182365 -0.00361959 0.0233821 0.00479233 0.00590456 -0.141171 -0.000915836 -0.00449122 -0.00214809 -1.96939e-06 -5.14028e-06 -0.00461669 0.162316 -0.0828076 -0.00106319 0.0537501 0.0525288 -0.0124355 
-2.41699e-06 -1.36453e-06 -0.000334896 3.19261e-05 0.00231555 -0.0042318 0.000160374 0.000263466 -0.0011805 -0.00105726 0.00480677 -0.00180113 0.000442597 -0.00473842 0.000602901 -0.000368282 -0.00050753 2.1279e-06 -0.00837677 0.000120741 -0.00559368 0.00692835 -0.000730038 0.00594914 -2.21167e-06 -0.00466804 0.0103925 0.00440933 0.000969147 6.63484e-07 -0.00431268 0.0179614 2.80684e-05 1.42126e-05 -0.000912721 2.45831e-05 -7.35462e-05 0.00161204 0.000255351 0.000195082 -0.00292345 -3.1445e-05 0.000530056 -0.00017398 -0.00126835 -0.00112472 -2.5352e-07 -2.23177e-05 -8.74629e-05 1.66943e-05 -0.000404961 -3.78393e-05 -0.00396285 0.0066246 -0.00100478 0.00483929 -2.09775e-06 -0.000107306 0.000241858 7.50313e-05 0.000140533 8.12864e-05 -3.96687e-05 -1.24115e-05 -0.000198575 -0.00480821 0.00341447 2.63264e-06 0.00208875 -5.17149e-05 5.19815e-07 0.000738018 -6.82803e-06 1.58087e-05 -0.00147342 -0.00186198 0.00283905 0.000302579 0.000315002 -0.00209276 -0.00722706 0.000143565 -0.000312523 -0.000190018 -0.00129442 -0.000129424 0.00273402 -0.00545505 -3.48965e-05 0.00134318 -8.1243e-05 -7.48313e-08 -1.852e-06 0.000926229 0.00116448 -0.00315985 -4.32871e-05 -0.000891158 -0.0062286 -0.000423851 
-4.10778e-08 -3.60833e-08 0.000248065 1.69423e-05 -1.47649e-05 0.000173561 2.87829e-06 7.84515e-06 0.000119501 0.000136049 5.25195e-05 -0.000144376 2.33798e-05 -0.00035183 -6.73817e-06 -4.40482e-05 2.2761e-05 1.31927e-05 -0.000203195 2.20438e-05 4.30791e-05 3.95032e-06 -0.000384186 -0.000104683 0.00014391 -0.000125169 -1.62401e-05 -0.000301189 8.60325e-07 7.86752e-07 -0.000227419 2.80684e-05 0.000473186 2.88373e-06 -6.94012e-05 9.55298e-06 0.000159058 -1.85788e-05 2.91047e-06 -2.58419e-05 5.71133e-05 -8.44683e-07 1.56782e-05 0.000162418 -1.29366e-05 -2.31718e-05 9.45311e-08 3.06463e-06 0.000219107 8.18612e-07 -1.05432e-05 5.725e-06 4.00974e-05 -0.000195828 -9.29324e-05 3.23554e-05 -6.092e-08 -2.7099e-06 1.20279e-07 2.01857e-05 1.63844e-07 4.02736e-05 2.21415e-05 1.25856e-05 -4.75979e-06 -0.000128671 -0.000125349 -9.39435e-08 0.000215075 -1.17995e-06 -5.78349e-09 1.85206e-05 -3.1726e-07 3.69612e-06 9.70809e-05 -1.09684e-05 2.46558e-05 3.65011e-05 5.14565e-05 -6.85553e-05 -7.13652e-06 1.03519e-05 4.70598e-07 3.73054e-06 -7.94121e-05 -4.03784e-06 -1.76219e-05 0.000226847 5.7815e-07 1.35393e-05 8.49967e-06 -1.93625e-09 2.75413e-07 1.63066e-06 -0.000303789 -9.63905e-06 1.05084e-07 -6.51305e-05 -3.66275e-05 0.000188118 
