0.0349863 -4.49564e-06 -0.0210986 -5.55238e-05 -4.72944e-05 -6.45267e-07 -0.00296353 -0.00356003 -0.000255889 -0.00460179 0.0134787 -1.05322e-06 -0.00204711 -0.00016714 0.00102048 -0.000203723 -0.00782127 0.0188833 -0.000679486 0.0233398 0.0218291 -0.0244726 -0.0246341 -0.0194533 -0.00092051 -0.0106535 0.0129919 -0.0214028 -0.004629 -5.03409e-07 -6.60633e-07 0.023831 -0.00019784 -0.0103727 -1.51781e-07 0.0236716 -0.00293606 -0.00202654 -0.00322672 -0.000360262 -4.31231e-06 9.15658e-08 -4.34422e-07 0.000123084 -5.1469e-05 -5.32653e-06 -0.0249481 -7.2519e-06 0.0021502 -1.10828e-05 -0.0182543 -1.18812e-08 -0.000283655 -0.000413105 -0.000115709 -1.36347e-07 -0.000352677 -0.00749725 0 -1.09219e-06 -5.10351e-06 0.0242706 0.0225521 -0.000919896 0.0241283 -0.0130596 -0.00991295 -1.41598e-05 -3.74194e-06 0.000190604 -3.62826e-07 -0.019104 0.000115726 -3.49887e-07 -0.00192411 0.0237057 2.0527e-05 -0.000876761 -0.0001046 -0.000437567 0.0214491 -0.0152782 0.00754176 -0.000800922 2.16138e-05 -0.0153396 -0.0207067 -0.0020158 -0.000132797 -2.05524e-05 -5.67937e-05 0.0217177 -2.47053e-05 4.61064e-08 -0.000503814 -2.55472e-07 7.24266e-06 -2.77893e-06 -2.25338e-05 -1.70058e-05 
-4.49564e-06 4.59346e-05 1.27446e-06 -7.21604e-09 -2.75283e-09 -1.83134e-10 -4.02122e-08 9.66826e-08 1.30064e-06 2.09411e-06 -1.42509e-05 -2.40555e-10 -1.90025e-09 3.97215e-07 3.04143e-06 4.6337e-08 -3.89132e-07 -6.47372e-06 2.0392e-09 -1.86578e-06 -1.16602e-06 1.78325e-06 2.59717e-06 2.04876e-06 1.30676e-06 3.26498e-06 -3.27036e-06 1.74929e-06 1.47611e-06 -1.05348e-10 -4.42784e-09 -3.70298e-06 -1.62558e-08 2.52471e-06 -1.11626e-10 -3.55e-06 4.54461e-06 1.16482e-06 1.71746e-06 6.85999e-08 -4.77894e-10 -6.75881e-09 -4.50179e-11 -1.72787e-06 1.54606e-06 -2.70108e-10 3.53525e-06 -5.29037e-10 -3.01014e-06 -1.27846e-08 1.41182e-06 -1.83747e-12 -1.69324e-08 2.15335e-06 -6.06196e-09 -3.41463e-11 6.55901e-08 -1.91952e-07 0 -5.20616e-11 -4.21545e-10 -1.41342e-05 -2.13804e-06 -1.20359e-07 -9.6182e-06 -5.2795e-07 -4.89716e-07 -4.14624e-09 -1.15373e-08 9.77563e-09 -7.65611e-11 8.74606e-07 3.88583e-07 -2.40555e-10 2.09477e-06 -4.66456e-06 -1.66112e-07 -1.73167e-07 -5.05686e-09 -4.4092e-08 -7.96631e-06 2.99986e-06 -1.00345e-05 -4.27407e-08 -4.4346e-08 1.99114e-06 1.93605e-06 -5.19545e-07 -7.38095e-09 -1.68833e-09 1.95556e-07 -2.66555e-06 -1.31348e-09 -5.83396e-11 -2.6002e-08 -4.82335e-10 -1.29434e-08 -2.03806e-10 -2.55117e-09 -1.08089e-09 
-0.0210986 1.27446e-06 0.02148 2.61633e-05 4.32439e-05 6.35777e-07 0.00200429 0.00345943 0.000139479 0.00178527 -0.0136746 1.09832e-06 0.00204543 4.62411e-05 -0.000779266 0.000177118 0.00540536 -0.0164401 0.000314734 -0.0209595 -0.0182411 0.0212877 0.0212375 0.018955 -0.000157042 0.00214918 -0.0126367 0.0186573 -8.35502e-05 5.163e-07 -2.11695e-06 -0.0211133 6.82381e-05 0.0102328 1.86631e-07 -0.0198719 0.00100943 0.000807178 0.00289705 0.000335529 2.73818e-06 -2.39806e-06 1.55144e-07 -0.000936875 -1.40316e-05 4.41753e-06 0.0213082 2.904e-07 -0.00144234 8.76574e-08 0.0181558 1.24548e-08 0.000268288 0.000354665 3.32184e-05 1.47008e-07 0.000345704 0.00739949 0 4.38443e-07 8.51255e-08 -0.0202374 -0.0199674 0.000834543 -0.0169253 0.0107843 0.00744116 -1.96566e-06 -4.03932e-06 -0.000168816 3.26729e-07 0.0189981 -0.000212791 2.8499e-07 0.000790364 -0.0202716 -7.69184e-05 0.000884774 1.8219e-05 0.00025075 -0.019521 0.0143603 -0.00760987 0.000729292 -2.03052e-05 0.0148566 0.0185555 0.000307572 0.000126221 1.82948e-06 7.54844e-06 -0.019194 2.31487e-05 -2.78922e-08 0.000236758 -5.06047e-08 -4.61493e-06 4.29227e-07 4.38362e-06 1.59132e-05 
-5.55238e-05 -7.21604e-09 2.61633e-05 0.000157062 -9.41368e-09 -6.26252e-10 4.79523e-05 3.4824e-05 1.1803e-05 7.0693e-05 -3.68837e-05 -8.22611e-10 2.85627e-06 1.34345e-07 -5.3205e-08 2.0801e-07 -1.07736e-06 -7.29628e-05 1.39415e-07 -2.79928e-05 -8.77727e-05 6.22605e-05 2.88031e-05 5.93074e-05 8.957e-06 -1.95622e-06 -2.20045e-05 5.58842e-05 5.57788e-07 -3.60252e-10 1.36819e-06 -2.77914e-05 6.10779e-08 -8.79833e-07 -3.81721e-10 -0.000122684 -5.60772e-06 7.05375e-06 2.69981e-05 1.08155e-06 -1.63422e-09 -2.31127e-08 -1.53945e-10 4.03944e-07 2.29886e-05 -9.2367e-10 2.80376e-05 2.96152e-06 -2.94304e-06 1.30961e-06 2.90464e-05 -6.28347e-12 8.54307e-08 2.33832e-06 2.97594e-06 -1.16768e-10 -6.06752e-08 2.67365e-06 0 -1.78032e-10 -1.44153e-09 -0.000123396 -7.71359e-05 2.25084e-07 -7.52248e-05 1.00018e-05 3.13922e-06 1.76915e-06 1.60721e-06 -5.5099e-06 -2.61811e-10 3.0783e-05 6.37793e-06 3.22511e-07 9.34011e-06 -0.000111151 3.19568e-08 4.35453e-07 -1.72926e-08 2.29589e-06 -2.97199e-05 3.19637e-05 -7.45718e-06 -1.26158e-07 -6.16473e-08 2.65562e-05 2.8416e-05 4.98611e-05 7.47598e-08 1.09742e-05 9.30072e-07 -1.66686e-05 -4.49163e-09 -1.995e-10 -7.5584e-08 -1.64941e-09 -4.42618e-08 -6.96941e-10 7.14609e-07 2.63038e-08 
-4.72944e-05 -2.75283e-09 4.32439e-05 -9.41368e-09 5.99231e-05 -2.38908e-10 1.20539e-06 1.36339e-05 2.02908e-06 -1.08278e-06 -3.88115e-05 -3.13816e-10 3.39475e-06 -1.23303e-08 -3.29464e-06 -1.34755e-08 2.96902e-06 -2.16915e-05 -7.85221e-08 -4.30847e-05 -4.53528e-05 3.68837e-05 4.40258e-05 3.67508e-05 9.73093e-07 2.2871e-07 -3.68757e-05 1.89832e-05 2.4453e-06 -1.37432e-10 -5.77633e-09 -4.38068e-05 -2.12064e-08 1.21952e-05 -1.45622e-10 -4.59061e-05 1.94246e-05 8.1235e-06 8.4833e-06 -2.3569e-08 -6.23437e-10 -8.81721e-09 -5.87281e-11 -7.43847e-07 -9.21041e-08 -3.52369e-10 4.40059e-05 -6.90155e-10 -2.45572e-07 -1.66782e-08 3.54797e-05 -2.39707e-12 -2.20892e-08 1.58673e-05 8.18759e-07 -4.45455e-11 1.7352e-07 2.19883e-06 0 -6.79169e-11 -5.49927e-10 -4.14324e-05 -3.59344e-05 -1.57014e-07 -3.33012e-05 1.05978e-05 6.41244e-06 -5.40898e-09 1.28282e-07 1.27528e-08 -9.98778e-11 4.33092e-05 -6.14986e-07 3.3302e-07 6.21791e-06 -2.86926e-05 -2.16702e-07 2.07412e-05 -6.59693e-09 -5.75202e-08 -4.37363e-05 3.80988e-05 -9.35388e-06 -5.57574e-08 -1.11849e-08 1.44315e-05 1.63673e-05 -8.15897e-07 -9.62882e-09 -2.2025e-09 -1.01456e-08 -4.80978e-05 9.1162e-07 -7.61069e-11 -3.39209e-08 -6.2923e-10 2.97813e-08 -2.65875e-10 -3.32813e-09 -1.41007e-09 
-6.45267e-07 -1.83134e-10 6.35777e-07 -6.26252e-10 -2.38908e-10 3.98665e-06 2.1127e-06 -1.50415e-08 1.09196e-06 4.71079e-07 -4.50029e-07 -2.08768e-11 -8.55424e-09 -8.20283e-10 -1.58235e-07 -8.96468e-10 -3.37713e-08 -2.75636e-06 -9.65879e-09 -6.25188e-07 -2.5356e-06 6.41359e-07 6.17497e-07 6.42225e-07 -3.23918e-08 -3.37322e-08 -6.64061e-07 7.50436e-07 -2.49273e-08 -9.14276e-12 -3.84275e-10 -6.14241e-07 -1.41078e-09 6.79771e-07 -9.6876e-12 -1.62649e-06 -7.68751e-08 -1.46245e-08 3.98184e-08 -1.56794e-09 -4.14746e-11 2.27468e-08 -3.90693e-12 7.25497e-08 7.20604e-09 -2.34416e-11 6.16174e-07 -4.59131e-11 9.51516e-07 1.45557e-07 6.47698e-07 -1.59467e-13 -1.4695e-09 6.49322e-08 2.28072e-08 6.9997e-08 -1.53986e-09 2.65544e-07 0 -4.51822e-12 -3.65843e-11 -5.04584e-07 -2.19837e-06 -1.04455e-08 -7.51641e-07 7.13015e-08 -4.30792e-08 -3.59837e-10 3.56654e-08 8.48389e-10 -6.64444e-12 6.4389e-07 1.57542e-08 -2.08768e-11 -1.81008e-08 -2.17949e-06 -1.44162e-08 -1.96571e-08 -4.38866e-10 -3.82658e-09 -8.58678e-07 6.59389e-07 6.63359e-07 -3.7093e-09 -3.84862e-09 6.59789e-07 7.15337e-07 3.72287e-07 -6.40564e-10 -1.46523e-10 2.26584e-08 -1.46656e-06 -1.13992e-10 -5.06307e-12 -2.25661e-09 -4.186e-11 -1.12331e-09 -1.76875e-11 -2.21406e-10 -9.38063e-11 
-0.00296353 -4.02122e-08 0.00200429 4.79523e-05 1.20539e-06 2.1127e-06 0.0141657 0.000273934 0.000566922 0.00387047 -0.000486049 -7.52626e-08 9.46913e-05 2.80562e-05 -0.000274346 3.1615e-06 0.0014372 -0.00613491 0.000136199 -0.00319295 -0.0117046 0.00350548 0.00324015 0.0020288 7.48318e-05 0.00229096 -0.00176399 0.00537345 -1.73282e-05 -1.9627e-08 1.17547e-05 -0.00312986 4.08674e-05 0.00116475 -3.49245e-08 -0.00709882 -0.000375229 2.77075e-05 0.000444471 1.74241e-05 2.06048e-06 2.04787e-05 5.91522e-09 -0.000522898 0.000106057 3.28825e-07 0.00317468 -1.6552e-07 0.0016813 2.23434e-05 0.00166413 -5.74889e-10 -2.85432e-06 6.62904e-05 1.11667e-05 5.2265e-07 3.25153e-05 0.000989015 0 -1.62885e-08 2.81109e-08 -0.00436267 -0.00662603 -1.80133e-05 -0.000827802 0.00151246 0.00133989 -9.23904e-07 0.000140754 -1.03948e-05 -7.28704e-09 0.00161997 8.14577e-05 9.80708e-08 -2.45413e-05 -0.00535562 -4.91649e-05 4.15582e-05 8.23412e-05 1.73149e-05 -0.0022524 0.00173147 0.00331329 -5.17897e-06 -6.46456e-06 0.0017381 0.0033227 -0.000108579 6.60719e-07 2.25177e-06 2.64501e-05 -0.00630014 1.23835e-08 6.01747e-07 1.31981e-05 1.79909e-06 -3.47295e-06 -6.37648e-08 5.94848e-06 3.48515e-06 
-0.00356003 9.66826e-08 0.00345943 3.4824e-05 1.36339e-05 -1.50415e-08 0.000273934 0.00375873 0.000198737 0.000227095 -0.00266493 -1.97578e-08 0.000186861 6.18369e-06 -0.000164927 0.000104618 0.000377279 -0.00297969 -5.78437e-06 -0.0034633 -0.00313609 0.00361681 0.00361213 0.00345669 -3.02188e-05 -0.00014219 -0.0017259 0.00264308 -2.22811e-05 -8.65266e-09 1.09299e-06 -0.00354064 2.98182e-07 0.000408129 -9.1683e-09 -0.00337975 0.000521695 5.06227e-05 3.64969e-05 0.000103196 4.77415e-07 -2.78462e-07 9.96358e-08 -0.000161566 8.15782e-06 2.7815e-08 0.00360228 -4.3452e-08 -0.000224569 5.37995e-06 0.00312966 1.31824e-08 1.67293e-05 0.000209965 1.78888e-05 -2.80457e-09 1.58327e-05 0.000772752 0 2.62391e-07 6.02043e-07 -0.0034701 -0.00350374 0.000276941 -0.00271183 0.00198831 0.000962237 -2.97214e-07 2.82906e-06 -5.93404e-05 -6.28827e-09 0.00338535 -3.5226e-05 3.13576e-07 1.89162e-05 -0.00340022 -1.32735e-05 0.00037518 4.27993e-07 0.000212162 -0.00348012 0.0026824 -0.00131105 0.000125016 -3.52565e-06 0.00271229 0.00267945 0.000128776 2.13044e-06 -1.38669e-07 1.77904e-07 -0.00324931 9.95212e-06 -4.79166e-09 3.88769e-06 7.05055e-09 -9.73095e-07 -1.67394e-08 2.10046e-06 7.71222e-07 
-0.000255889 1.30064e-06 0.000139479 1.1803e-05 2.02908e-06 1.09196e-06 0.000566922 0.000198737 0.0020138 0.00109549 4.60178e-05 -1.05669e-08 -2.54644e-06 7.71814e-06 -0.000113822 3.94291e-06 -1.35168e-05 -0.000384741 1.46449e-06 -0.00015247 -0.00161587 0.000171158 0.000232311 0.000156277 -1.16219e-05 0.000346842 -0.000139326 0.000405348 6.66329e-05 2.2039e-08 1.9255e-06 -0.000212346 1.41326e-05 -1.89961e-05 4.84299e-08 -0.00166681 0.000262248 -3.50894e-06 7.21417e-05 1.61638e-06 -2.09926e-08 2.2631e-06 3.46892e-08 -7.09329e-05 5.64586e-05 -1.18651e-08 0.000166348 -2.32391e-08 0.00053903 6.62084e-05 0.00014744 -8.07148e-11 2.92873e-07 5.91875e-06 4.46372e-06 1.21833e-07 3.71726e-06 8.10735e-05 0 -2.28692e-09 8.78149e-07 -0.00104408 -0.00103828 5.29645e-07 0.000174937 4.29332e-06 -1.15714e-05 1.3512e-06 2.14653e-06 -2.19106e-05 1.33036e-08 0.000158463 2.84586e-05 -1.05669e-08 -6.65122e-07 -0.00116445 -7.29351e-06 7.99049e-06 1.74533e-07 0.000106606 -0.000119199 0.000217431 0.000616734 -1.77748e-06 -1.74133e-06 9.942e-05 0.00010936 1.09398e-05 -3.17558e-07 5.37917e-06 1.7375e-05 -0.000384773 1.05897e-06 -2.56269e-09 6.21138e-07 -2.11876e-08 -5.68569e-07 -8.95262e-09 7.91268e-07 3.2252e-07 
-0.00460179 2.09411e-06 0.00178527 7.0693e-05 -1.08278e-06 4.71079e-07 0.00387047 0.000227095 0.00109549 0.0177955 0.00176623 3.11757e-07 5.4081e-05 0.000131044 -0.0007102 0.000103281 0.00433506 -0.00621258 0.00011139 -0.00430124 -0.00733209 0.00513575 0.00491607 0.00154603 -0.000107478 0.00834776 5.83225e-05 0.00583289 -1.45904e-05 2.51022e-08 4.03597e-05 -0.00439831 0.000230203 -8.23062e-05 -4.40414e-08 -0.00911431 -0.000946616 0.000463838 0.000930358 2.23719e-05 5.14497e-08 5.04335e-06 2.22385e-08 -0.00033652 0.000182474 3.73431e-07 0.00485626 -2.08728e-07 0.000506752 0.000240703 -5.36518e-05 -7.24961e-10 0.000174499 1.67347e-05 2.69616e-05 1.49861e-07 -2.87134e-07 -0.000141027 0 -2.05406e-08 6.03485e-08 -0.00790255 -0.0091765 0.00080517 -0.00857349 0.00321623 0.00466086 2.74125e-07 6.87414e-05 3.49691e-06 2.9646e-07 -0.00010214 0.00139561 2.00842e-06 1.30743e-05 -0.0121278 -5.60619e-05 -7.75675e-05 7.68982e-05 1.00377e-06 -0.000612419 -0.000202715 -0.00158486 0.0007653 -9.52646e-06 0.000153987 0.00317484 0.00255922 1.10346e-05 3.03872e-05 9.72883e-05 -0.00333299 1.2844e-07 1.01032e-06 0.000157738 2.15636e-06 -4.71675e-06 7.42923e-07 3.50168e-05 2.53687e-06 
0.0134787 -1.42509e-05 -0.0136746 -3.68837e-05 -3.88115e-05 -4.50029e-07 -0.000486049 -0.00266493 4.60178e-05 0.00176623 0.107797 -1.5764e-06 -0.00175963 -9.61868e-06 -0.0326679 -4.76533e-05 -0.000247381 0.00866063 -0.000331142 0.0133844 -2.92782e-05 -0.0132646 -0.0139856 -0.0130248 -0.00394129 0.00285765 0.0115797 -0.0122174 -0.000152678 -3.0481e-07 -1.94434e-05 0.0136493 -2.77948e-05 -0.0091672 -5.68014e-07 0.0121067 -0.0296757 -0.00162436 -0.00167713 -0.000311743 -5.73474e-06 5.44304e-06 -1.46222e-07 -0.00858729 -3.19622e-05 -3.48733e-06 -0.0137057 -8.90124e-06 0.00546565 2.17516e-05 -0.013653 -3.50839e-08 -2.34878e-05 -0.000345905 -9.69139e-06 -8.86425e-08 -0.000307195 -0.00683447 0 -5.44044e-07 -4.39883e-06 0.0261126 0.0116632 5.69066e-05 0.0519379 -0.00606379 -0.00134203 -6.47302e-05 2.83611e-05 0.000185389 -6.88496e-07 -0.0141515 -0.00256651 -2.19307e-06 -0.0016807 0.0103843 -0.00198298 -0.00288384 1.20095e-05 -0.00073133 0.0240834 -0.0134909 -0.0477681 4.46117e-05 -0.000761887 -0.0129823 -0.0127197 -0.00781666 -0.000115102 4.03374e-06 3.76071e-06 0.00679365 -1.70291e-05 1.26086e-07 -0.000163022 -1.78952e-06 -0.000189597 -1.49806e-06 2.28559e-06 -1.13981e-05 
-1.05322e-06 -2.40555e-10 1.09832e-06 -8.22611e-10 -3.13816e-10 -2.08768e-11 -7.52626e-08 -1.97578e-08 -1.05669e-08 3.11757e-07 -1.5764e-06 5.23664e-06 4.92097e-07 -1.07748e-09 -3.2169e-07 -1.17755e-09 5.5564e-07 -3.35863e-06 -1.26873e-08 -1.08442e-06 -6.96239e-07 1.07501e-06 1.07431e-06 4.63461e-07 6.67452e-07 -1.02781e-07 -1.20548e-06 1.03046e-06 -2.74318e-09 -1.20094e-11 -5.04762e-10 -1.1467e-06 -1.85312e-09 4.19445e-07 -1.27251e-11 -3.11232e-06 -3.24733e-07 2.41234e-08 7.53491e-07 1.12738e-08 -5.44788e-11 -7.70488e-10 -5.13193e-12 1.69567e-06 2.55285e-07 -3.07916e-11 1.07258e-06 -6.03089e-11 -4.39083e-08 -1.45742e-09 1.07065e-06 -2.09467e-13 -1.93025e-09 -2.27833e-09 -6.91048e-10 -3.89259e-12 -2.02268e-09 3.99118e-07 0 -5.93489e-12 -4.80551e-11 -1.21882e-06 -9.8396e-07 -1.37206e-08 -2.34107e-06 8.57275e-07 6.46747e-07 -4.72662e-10 -1.31522e-09 -6.65552e-07 -8.72778e-12 1.10898e-06 -5.37403e-08 -2.74227e-11 1.95572e-08 -1.64891e-06 -1.89364e-08 -2.58204e-08 -5.7647e-10 -5.02638e-09 -1.00053e-06 5.29339e-07 -1.03351e-06 -4.87233e-09 -5.05534e-09 1.08653e-06 1.05441e-06 4.94135e-07 4.24919e-08 -1.92465e-10 -8.86568e-10 -6.65238e-07 -1.49734e-10 -6.65057e-12 3.07036e-07 -5.4985e-11 -1.47552e-09 -2.32333e-11 -2.90827e-10 -1.23219e-10 
-0.00204711 -1.90025e-09 0.00204543 2.85627e-06 3.39475e-06 -8.55424e-09 9.46913e-05 0.000186861 -2.54644e-06 5.4081e-05 -0.00175963 4.92097e-07 0.00214111 -3.14948e-08 -5.08584e-05 4.55417e-06 0.00053332 -0.00203342 8.9809e-07 -0.00207059 -0.00176425 0.00206377 0.00206525 0.00156594 -1.61507e-05 -6.53617e-05 -0.00187217 0.00188811 -8.61312e-06 5.61746e-07 -2.06825e-07 -0.0020668 2.12736e-06 0.000962457 -5.21408e-09 -0.00193293 -3.37378e-05 6.48421e-05 3.92412e-05 7.16394e-05 -1.56559e-08 -3.15706e-07 1.04564e-07 -8.90496e-05 -2.54785e-06 -1.26168e-08 0.00206616 -2.47115e-08 -0.000140916 1.39493e-07 0.00190206 -8.58285e-11 4.63924e-05 -9.33543e-07 -2.83155e-07 6.50717e-08 9.19121e-06 0.00181244 0 -2.43181e-09 1.04364e-06 -0.00196629 -0.0019742 7.2148e-05 -0.00169172 0.000363125 0.000735274 -1.93672e-07 -5.3891e-07 -4.63034e-05 9.97571e-08 0.00197518 -2.202e-05 -1.12364e-08 8.66944e-05 -0.00200246 -7.49248e-06 -5.41987e-06 -2.36207e-07 3.07971e-05 -0.00195718 0.00141378 -0.000734083 9.67302e-05 -2.07141e-06 0.00188872 0.00190829 2.30888e-05 4.75234e-07 -6.88621e-08 -3.03269e-07 -0.00187879 3.2198e-07 -2.72506e-09 2.47388e-05 -2.253e-08 -6.01257e-07 -9.51981e-09 -1.05832e-07 -4.04886e-08 
-0.00016714 3.97215e-07 4.62411e-05 1.34345e-07 -1.23303e-08 -8.20283e-10 2.80562e-05 6.18369e-06 7.71814e-06 0.000131044 -9.61868e-06 -1.07748e-09 -3.14948e-08 0.000205714 -1.12797e-05 1.73732e-07 0.000112667 -0.000164997 9.11816e-06 -0.000159761 -0.000164164 0.000163235 0.000176641 4.79372e-05 -1.57178e-06 0.000113424 -3.29375e-05 0.000172027 5.5068e-06 -4.71869e-10 9.10167e-07 -0.000161023 4.40522e-07 3.9975e-05 -4.99989e-10 -0.000170948 -1.30819e-05 5.62521e-06 2.18484e-05 2.39908e-06 -2.14056e-09 -3.02737e-08 -2.01642e-10 -8.72435e-06 6.70043e-06 2.12348e-09 0.000167266 -2.36963e-09 7.31398e-06 1.06274e-06 3.20097e-05 -8.23027e-12 4.15741e-09 2.52381e-06 6.99514e-07 -1.52946e-10 4.70526e-07 -3.72969e-07 0 -2.33191e-10 -1.88816e-09 -0.000171554 -0.00017984 4.9309e-06 -0.000139119 0.000121366 0.00010782 -1.85716e-08 -5.16772e-08 -2.38288e-06 -3.42928e-10 3.01632e-05 1.81846e-06 -1.07748e-09 1.17246e-06 -0.000191186 -5.04039e-07 2.38809e-07 1.63735e-06 -1.94161e-07 -4.84332e-05 3.89131e-05 -5.45569e-05 6.18918e-08 -1.98632e-07 4.03837e-05 0.000149045 -5.51793e-06 2.0694e-07 2.24378e-08 -3.48346e-08 -0.000169892 -5.88327e-09 -2.61311e-10 1.56535e-05 7.78396e-08 -5.79754e-08 3.57538e-08 2.41906e-07 -4.84145e-09 
0.00102048 3.04143e-06 -0.000779266 -5.3205e-08 -3.29464e-06 -1.58235e-07 -0.000274346 -0.000164927 -0.000113822 -0.0007102 -0.0326679 -3.2169e-07 -5.08584e-05 -1.12797e-05 0.0576566 -1.36336e-05 -0.000497405 0.000936178 -9.30082e-05 0.000975231 -0.00613464 -0.000938301 -0.00105611 -0.0010636 0.000268617 -0.0022123 0.000732686 -0.00157208 -0.000292387 4.42453e-07 -1.17928e-07 0.000442321 -1.85519e-05 -0.000620457 1.57406e-06 -0.0012653 0.0294421 0.00171066 -0.000247756 -2.4087e-05 9.24254e-07 2.44897e-07 9.6465e-08 -0.000904838 -4.97717e-05 2.62124e-07 -0.000872315 7.51586e-06 -0.00201063 4.20668e-06 -0.00108752 -2.45721e-09 -1.14767e-05 -2.61333e-05 -4.68654e-06 -4.56631e-08 -2.33543e-05 -0.000477707 0 -6.96209e-08 3.03961e-06 -0.0201953 0.000258438 -0.000146093 -0.0357862 -0.000851951 -0.000317404 5.12953e-05 -1.43919e-05 -7.78724e-06 -8.90504e-08 -0.000567042 0.000644233 1.0831e-07 0.00224319 -0.00180755 -5.23454e-05 -0.000103431 -4.23578e-06 0.000172447 -0.015807 -0.000249842 0.031512 -5.6133e-05 -5.53031e-05 -0.000967529 -0.00132962 0.00108427 0.00010209 -2.25777e-06 -6.12014e-06 0.0053992 -1.08983e-06 -7.80164e-08 -3.34353e-05 -1.68351e-07 -1.16023e-05 -1.22545e-07 -3.12163e-06 -1.44545e-06 
-0.000203723 4.6337e-08 0.000177118 2.0801e-07 -1.34755e-08 -8.96468e-10 3.1615e-06 0.000104618 3.94291e-06 0.000103281 -4.76533e-05 -1.17755e-09 4.55417e-06 1.73732e-07 -1.36336e-05 0.000224816 3.18477e-07 -0.000181381 -5.44801e-07 -0.000206571 -0.000186474 0.00019462 0.0002069 0.000186855 -1.82705e-06 4.44006e-06 -6.73901e-05 0.000107175 -6.69352e-07 -5.15694e-10 1.58325e-07 -0.00020603 1.14171e-05 7.37662e-05 -5.46426e-10 -0.00018045 2.18983e-05 1.75177e-06 6.17783e-05 1.30682e-05 -2.33936e-09 6.91462e-09 -2.20369e-10 -8.21633e-06 3.54392e-07 -1.32222e-09 0.000207172 -2.58971e-09 -1.2891e-05 -4.25826e-08 7.92605e-05 -8.99467e-12 6.72711e-06 1.44455e-05 4.23659e-07 -1.67151e-10 5.76478e-07 1.24178e-05 0 1.23078e-07 -2.06353e-09 -0.000202496 -0.000210798 8.05442e-05 -0.000146125 3.77071e-05 0.0001369 -2.02965e-08 6.96857e-07 -1.27548e-06 -3.74778e-10 0.000183976 -2.13432e-06 -1.17755e-09 1.36903e-06 -0.000197372 -8.13143e-07 1.00446e-05 7.45246e-07 -2.15837e-07 -0.00018543 5.07866e-05 -7.74657e-05 1.23078e-06 -2.1708e-07 4.53791e-05 9.56032e-05 4.89898e-05 7.20251e-09 3.11735e-07 1.6193e-07 -0.000184983 2.2357e-07 -2.85581e-10 1.57938e-06 4.43056e-08 -6.33599e-08 -9.97658e-10 3.03418e-06 2.47089e-08 
-0.00782127 -3.89132e-07 0.00540536 -1.07736e-06 2.96902e-06 -3.37713e-08 0.0014372 0.000377279 -1.35168e-05 0.00433506 -0.000247381 5.5564e-07 0.00053332 0.000112667 -0.000497405 3.18477e-07 0.00839929 -0.00817997 0.000312917 -0.00810373 -0.00704851 0.00823305 0.0080543 0.00410513 -6.87176e-05 0.00369552 -0.00129139 0.0073958 -3.40301e-05 1.80573e-07 1.97014e-06 -0.00818315 0.000115502 0.000166489 -2.05847e-08 -0.0077062 -0.00042267 0.000455285 0.000861817 1.39184e-05 -1.14605e-08 -1.24637e-06 1.21698e-07 -0.000362659 1.36371e-05 5.4019e-07 0.00819318 -9.75583e-08 -0.00055391 1.09958e-05 0.0037038 -3.38842e-10 0.000234218 9.04447e-06 8.27821e-05 4.70365e-08 -2.5953e-06 0.000364735 0 7.47066e-07 2.33893e-06 -0.0078092 -0.00802578 0.000709988 -0.00652598 0.00683762 0.00779445 -6.5793e-07 6.27911e-06 -4.96064e-06 2.95882e-07 0.00340075 -8.42826e-05 -4.43601e-08 2.49653e-05 -0.00803186 -2.81889e-05 -4.17449e-05 8.64875e-05 -4.34755e-06 -0.00440355 -4.82121e-05 -0.00294218 0.000811348 -8.17773e-06 0.00181712 0.00687147 0.000453623 1.12289e-05 4.57533e-06 1.44059e-05 -0.00744163 1.24451e-07 -1.07582e-08 0.000450658 3.31054e-07 -2.36019e-06 4.92417e-07 1.19395e-05 2.90401e-06 
0.0188833 -6.47372e-06 -0.0164401 -7.29628e-05 -2.16915e-05 -2.75636e-06 -0.00613491 -0.00297969 -0.000384741 -0.00621258 0.00866063 -3.35863e-06 -0.00203342 -0.000164997 0.000936178 -0.000181381 -0.00817997 0.0292674 -0.000482519 0.0192499 0.0202333 -0.0198324 -0.0194472 -0.0149034 -0.00109473 -0.00359045 0.0101151 -0.0186577 -9.18827e-05 -1.24412e-06 -5.28113e-06 0.0192665 -0.000200794 -0.00779083 2.33328e-08 0.0199907 0.00122699 -0.000936189 -0.0034747 -0.000338671 -3.88605e-06 -3.05498e-05 -2.90425e-07 0.000856418 -0.000210648 -3.27589e-06 -0.0195402 1.64218e-07 -0.000543919 -8.94745e-05 -0.0142462 -1.21262e-08 -0.000277406 -0.000300807 -0.000112358 -5.40901e-07 -0.000336184 -0.00663244 0 -1.09913e-06 -2.98307e-06 0.0189191 0.0195368 -0.000900127 0.0148578 -0.0132336 -0.00976449 -5.79946e-06 -6.27239e-05 0.000173551 -4.43036e-07 -0.0143817 0.000199577 -1.24863e-06 -0.000562278 0.0198929 2.05208e-05 -0.000136407 -9.24412e-05 -0.000324957 0.0148209 -0.0100407 0.0032021 -0.000828345 2.23931e-05 -0.0122008 -0.017706 -0.00192118 -0.000133178 -3.11742e-05 -5.56508e-05 0.0186369 -5.27711e-06 -7.21674e-07 -0.000538158 -2.94313e-06 6.99318e-06 -4.62776e-07 -2.65073e-05 -1.93699e-05 
-0.000679486 2.0392e-09 0.000314734 1.39415e-07 -7.85221e-08 -9.65879e-09 0.000136199 -5.78437e-06 1.46449e-06 0.00011139 -0.000331142 -1.26873e-08 8.9809e-07 9.11816e-06 -9.30082e-05 -5.44801e-07 0.000312917 -0.000482519 0.0024169 -0.000529379 -0.000516537 0.000571042 0.000510428 8.29524e-05 3.48115e-05 0.000374341 -0.000415766 0.000551265 -8.09882e-06 -5.55623e-09 -2.33531e-07 -0.000531003 -4.02154e-09 0.000286869 -5.88734e-09 -0.000754909 7.98987e-05 2.11724e-05 -8.71139e-06 5.35046e-06 9.58128e-07 2.96863e-07 -2.37432e-09 3.11215e-05 1.41963e-05 1.55754e-07 0.000583654 -2.79023e-08 -0.000154411 1.11891e-05 0.000269305 -9.69109e-11 2.01696e-06 -1.84084e-07 2.87936e-05 -1.80093e-09 7.30742e-05 1.14559e-05 0 7.53921e-07 2.06443e-06 -0.000733209 -0.000537154 2.86209e-06 -0.000936187 0.00038394 0.000478397 1.23799e-06 1.5915e-06 -4.65442e-06 -4.03796e-09 0.000260474 -1.10399e-05 1.27313e-07 1.12698e-05 -0.000732888 9.38231e-06 -1.0006e-05 1.23996e-06 2.39452e-06 -0.000871613 8.76997e-05 -0.000434906 1.26912e-06 -1.75221e-06 0.000320796 0.000504719 7.36481e-05 -1.12616e-07 -8.9045e-08 -2.30176e-07 -0.000391988 6.74058e-07 -3.07692e-09 0.000184782 9.45609e-08 -6.82657e-07 7.25918e-07 -3.45528e-08 1.62992e-07 
0.0233398 -1.86578e-06 -0.0209595 -2.79928e-05 -4.30847e-05 -6.25188e-07 -0.00319295 -0.0034633 -0.00015247 -0.00430124 0.0133844 -1.08442e-06 -0.00207059 -0.000159761 0.000975231 -0.000206571 -0.00810373 0.0192499 -0.000529379 0.0240122 0.0204884 -0.0238964 -0.0237428 -0.0191619 0.000181745 -0.00471652 0.0130012 -0.0215904 9.33369e-05 -5.10209e-07 -4.87038e-06 0.0238728 -0.000193522 -0.0105047 -1.80178e-07 0.0223657 -0.000464482 -0.0012203 -0.00315149 -0.000364838 -4.26722e-06 2.22884e-06 -1.89207e-07 0.00105363 -9.91299e-06 -4.59858e-06 -0.0238961 -2.39813e-07 0.00160799 -1.56218e-05 -0.018416 -1.23486e-08 -0.000286206 -0.000408843 -0.000108671 -1.45034e-07 -0.000355374 -0.00752743 0 -1.10543e-06 -3.03409e-06 0.0227081 0.022815 -0.000884051 0.0190508 -0.0134669 -0.00991981 2.22205e-06 -7.31695e-06 0.000178054 -3.82303e-07 -0.0190598 0.000238537 -2.71082e-07 -0.000783232 0.022874 8.60959e-05 -0.000850361 -8.57699e-05 -0.000356477 0.0195157 -0.0144869 0.00849924 -0.000822991 2.26558e-05 -0.015509 -0.0210232 -0.000169272 -0.000130608 -4.61853e-06 -2.66721e-05 0.021818 -2.28527e-05 3.12652e-08 -0.000530548 -4.61508e-07 4.15662e-06 -4.20777e-07 -1.78828e-05 -1.67074e-05 
0.0218291 -1.16602e-06 -0.0182411 -8.77727e-05 -4.53528e-05 -2.5356e-06 -0.0117046 -0.00313609 -0.00161587 -0.00733209 -2.92782e-05 -6.96239e-07 -0.00176425 -0.000164164 -0.00613464 -0.000186474 -0.00704851 0.0202333 -0.000516537 0.0204884 0.139438 -0.0218938 -0.0218207 -0.0169011 -0.00242005 -0.00261394 0.0109204 -0.0221434 -0.000168497 -7.52554e-07 -3.52221e-06 0.020459 -0.000257349 -0.00904626 -1.00966e-06 0.0482971 -0.0146966 -0.00272714 -0.0037097 -0.000327306 -6.50087e-06 -0.000111433 -4.49192e-07 0.00524199 -0.000442939 -4.89515e-06 -0.022251 -5.12106e-06 -0.0473456 -0.000225316 -0.0157856 -3.33004e-08 -0.000252412 -0.000353519 -0.000104414 -5.22165e-07 -0.000321533 -0.00647447 0 -9.4351e-07 -3.07632e-06 0.0312883 0.0241361 -0.00126262 -0.00403198 -0.011561 -0.00898809 -1.52356e-05 -0.00020561 0.000158057 -5.94182e-07 -0.0165195 0.000103135 -1.79291e-06 -0.00304916 0.0266534 0.00042756 -0.000190672 -8.73254e-05 -0.000601525 0.025464 -0.0133372 -0.0747515 -0.000695279 0.000141135 -0.0132694 -0.018304 -0.00570961 -0.000111611 -2.92075e-05 -8.33971e-05 0.0485066 -2.21309e-05 -4.07286e-07 -0.0004678 -2.13801e-06 -6.79997e-06 -1.79357e-06 -2.75281e-05 -1.83689e-05 
-0.0244726 1.78325e-06 0.0212877 6.22605e-05 3.68837e-05 6.41359e-07 0.00350548 0.00361681 0.000171158 0.00513575 -0.0132646 1.07501e-06 0.00206377 0.000163235 -0.000938301 0.00019462 0.00823305 -0.0198324 0.000571042 -0.0238964 -0.0218938 0.0257173 0.0247392 0.0196562 -0.000174887 0.00560801 -0.0129561 0.0223096 -9.70283e-05 5.06088e-07 1.08052e-06 -0.0241861 0.000190609 0.0104816 1.75811e-07 -0.023803 0.0012815 0.00135571 0.00326268 0.000382061 3.7452e-06 -7.39872e-07 2.07447e-07 -0.00108148 8.52214e-05 5.30801e-06 0.0250717 1.10579e-06 -0.0017118 1.62718e-05 0.0184109 1.22767e-08 0.000286593 0.000400374 0.000118048 1.43698e-07 0.00035242 0.00750186 0 1.1034e-06 3.53426e-06 -0.02422 -0.0235306 0.00088483 -0.0197932 0.0135146 0.0104633 4.41911e-06 4.86457e-05 -0.000177832 3.79308e-07 0.019207 -0.0001973 -4.8327e-08 0.000969294 -0.0242125 -9.23766e-05 0.000849969 0.000102772 0.000353419 -0.0203819 0.0145493 -0.0090212 0.000823806 -2.51271e-05 0.015502 0.021121 0.000354506 0.000132332 2.24292e-05 4.89713e-05 -0.0218863 2.3398e-05 5.36453e-07 0.000538508 4.42642e-07 -5.60955e-06 2.38947e-06 2.7833e-05 1.71051e-05 
-0.0246341 2.59717e-06 0.0212375 2.88031e-05 4.40258e-05 6.17497e-07 0.00324015 0.00361213 0.000232311 0.00491607 -0.0139856 1.07431e-06 0.00206525 0.000176641 -0.00105611 0.0002069 0.0080543 -0.0194472 0.000510428 -0.0237428 -0.0218207 0.0247392 0.0258427 0.0194427 0.000264398 0.00523723 -0.012904 0.0220298 0.000396984 5.05785e-07 1.09097e-09 -0.0239517 0.000194996 0.0104004 1.7549e-07 -0.0238144 0.00149381 0.0017552 0.00312092 0.000363686 4.45382e-06 -3.57268e-06 3.8065e-07 -0.00113191 1.70346e-05 4.7839e-06 0.0252154 8.14262e-07 -0.00172822 1.06816e-05 0.0183955 1.22714e-08 0.000280791 0.000410237 6.17567e-05 1.436e-07 0.000354753 0.00752966 0 1.10325e-06 1.18972e-06 -0.0242869 -0.0232776 0.000880023 -0.0199812 0.0133663 0.0103421 2.13049e-06 -1.4609e-06 -0.000178471 3.79088e-07 0.0192586 -0.000201752 2.6098e-07 0.00136675 -0.0238336 -6.96719e-05 0.000895996 5.66109e-05 0.000387189 -0.0204798 0.0150966 -0.00885776 0.000825643 -2.44415e-05 0.0154414 0.0209388 0.000251706 0.000131064 3.65763e-06 3.26155e-05 -0.0222711 2.36009e-05 -3.37153e-08 0.00044708 2.01252e-07 -6.06019e-06 9.75551e-07 2.3829e-05 1.6322e-05 
-0.0194533 2.04876e-06 0.018955 5.93074e-05 3.67508e-05 6.42225e-07 0.0020288 0.00345669 0.000156277 0.00154603 -0.0130248 4.63461e-07 0.00156594 4.79372e-05 -0.0010636 0.000186855 0.00410513 -0.0149034 8.29524e-05 -0.0191619 -0.0169011 0.0196562 0.0194427 0.0199309 -0.000160003 0.00190588 -0.0122483 0.0178167 -6.54598e-05 2.20009e-07 6.22926e-08 -0.0192917 7.67738e-05 0.0102817 1.50562e-07 -0.0183917 0.000388307 0.000127784 0.00318966 0.000339602 2.87501e-06 -1.27341e-06 1.03395e-07 -0.000863607 3.5351e-05 6.80372e-07 0.0196293 -2.34305e-07 -0.001291 -3.07218e-06 0.0174615 1.25195e-08 0.000216197 0.000407022 4.48586e-05 1.4821e-07 0.000312918 0.0071782 0 3.53609e-07 1.99687e-08 -0.0186927 -0.0189729 0.000671414 -0.0157766 0.00968915 0.00530569 -1.18633e-06 -4.36413e-07 -0.00016948 1.46092e-07 0.0176624 -0.000189915 2.93461e-07 8.1021e-05 -0.018706 -7.29793e-05 0.000893186 9.2607e-05 0.000344849 -0.0183738 0.0140056 -0.00705677 0.000575931 -1.91137e-05 0.0143438 0.0176001 0.000259546 7.08439e-06 2.12523e-05 1.48856e-05 -0.0175546 2.31883e-05 -2.5838e-08 0.000116774 6.86379e-07 -4.2025e-06 1.20974e-06 1.23434e-05 1.49913e-05 
-0.00092051 1.30676e-06 -0.000157042 8.957e-06 9.73093e-07 -3.23918e-08 7.48318e-05 -3.02188e-05 -1.16219e-05 -0.000107478 -0.00394129 6.67452e-07 -1.61507e-05 -1.57178e-06 0.000268617 -1.82705e-06 -6.87176e-05 -0.00109473 3.48115e-05 0.000181745 -0.00242005 -0.000174887 0.000264398 -0.000160003 0.00805902 -0.000332032 0.000117221 -0.000178456 0.000736447 1.68033e-07 -7.53173e-07 0.000194235 -2.39857e-06 -8.85097e-05 -1.97438e-08 -0.00402064 0.00193359 0.00107815 -1.77245e-05 -3.19555e-06 -6.78608e-08 9.80787e-06 1.22037e-07 0.00058228 -8.62109e-06 -4.77752e-08 0.000225168 6.976e-08 6.67632e-05 -2.26128e-06 -0.000154041 -3.25002e-10 -2.99492e-06 -2.18832e-06 -1.07221e-06 -6.03961e-09 -3.13832e-06 -1.87973e-05 0 -9.20838e-09 -2.12275e-08 -0.00336461 0.00018377 -2.89842e-06 -0.00338719 -0.000111531 -7.29643e-05 1.62133e-05 -1.61732e-06 -1.32643e-05 4.59792e-07 -0.00014245 -6.72384e-05 1.24119e-07 0.00115833 0.000269223 0.00104043 -3.45488e-05 2.55685e-08 6.28679e-05 -0.00170044 0.000577788 0.00290179 -5.07642e-06 -4.43036e-06 -0.00012902 -0.000178982 0.00343196 2.77116e-06 -2.98622e-07 -1.37557e-06 -0.00032104 -2.32322e-07 -1.03188e-08 -2.43576e-06 2.41354e-07 -9.60321e-08 1.40619e-07 -4.51238e-07 -1.71182e-07 
-0.0106535 3.26498e-06 0.00214918 -1.95622e-06 2.2871e-07 -3.37322e-08 0.00229096 -0.00014219 0.000346842 0.00834776 0.00285765 -1.02781e-07 -6.53617e-05 0.000113424 -0.0022123 4.44006e-06 0.00369552 -0.00359045 0.000374341 -0.00471652 -0.00261394 0.00560801 0.00523723 0.00190588 -0.000332032 0.0401499 -0.0020012 0.00578522 0.00358375 -2.27712e-08 3.44067e-06 -0.0059766 0.000116204 0.00112261 -6.18317e-08 -0.00633139 -0.00216553 0.000420947 0.00029716 -1.00782e-05 7.60704e-07 -2.33911e-06 1.85599e-07 0.00241521 5.78626e-05 9.13592e-07 0.00543636 2.87382e-07 -0.00100708 2.04205e-05 0.00125628 -1.67624e-09 5.20233e-05 1.85278e-05 8.87266e-05 -3.11502e-08 1.81364e-06 -0.000214936 0 4.99173e-07 3.21544e-06 -0.00539873 -0.00778807 9.56119e-05 -0.0249855 0.00301456 0.0038733 5.14089e-06 1.17883e-05 8.10122e-06 1.56567e-10 0.00121042 0.00172312 7.05519e-08 0.000147426 -0.0129597 -4.26937e-05 -4.04129e-05 9.95035e-05 -2.00099e-05 -0.00196488 0.000928558 -0.0100418 0.000179183 2.7055e-05 0.00146038 0.00428249 -0.000395398 1.83341e-07 2.52981e-06 0.000106512 -0.0055499 5.80177e-06 9.63446e-07 0.000230263 4.09986e-07 2.01523e-05 1.79408e-06 2.26293e-05 -1.79383e-07 
0.0129919 -3.27036e-06 -0.0126367 -2.20045e-05 -3.68757e-05 -6.64061e-07 -0.00176399 -0.0017259 -0.000139326 5.83225e-05 0.0115797 -1.20548e-06 -0.00187217 -3.29375e-05 0.000732686 -6.73901e-05 -0.00129139 0.0101151 -0.000415766 0.0130012 0.0109204 -0.0129561 -0.012904 -0.0122483 0.000117221 -0.0020012 0.0146466 -0.012962 -0.000122354 -3.59237e-07 -9.7369e-06 0.0133349 -3.95487e-05 -0.00958429 -3.27205e-07 0.0120906 0.000819643 3.71667e-05 -0.00223562 -0.000322166 -3.25533e-06 1.28087e-06 -1.72096e-07 -0.000287521 -7.58582e-06 -6.95911e-07 -0.0129862 -2.3544e-07 0.000946801 -1.16355e-05 -0.0127933 -1.27386e-08 -9.57497e-05 -0.000334175 -9.97047e-05 -1.52282e-07 -0.000348554 -0.00745245 0 -1.11648e-06 -4.55023e-06 0.0122635 0.0128787 2.28448e-05 0.0108557 -0.0061256 -0.00209685 1.26862e-06 2.96079e-06 0.000153263 -1.78554e-07 -0.0126273 0.0001333 -1.35548e-06 -9.50583e-06 0.0124896 4.95366e-05 -0.00121078 -2.31133e-05 -0.000336199 0.0124123 -0.0111763 0.00444964 -3.81e-05 -0.000315144 -0.0124843 -0.0129937 0.000361083 -9.07444e-06 -8.53563e-07 -1.00362e-05 0.0124615 -1.65482e-05 1.8882e-08 -0.000401531 -7.38893e-08 -0.000215881 6.5963e-08 -2.84763e-06 -1.09135e-05 
-0.0214028 1.74929e-06 0.0186573 5.58842e-05 1.89832e-05 7.50436e-07 0.00537345 0.00264308 0.000405348 0.00583289 -0.0122174 1.03046e-06 0.00188811 0.000172027 -0.00157208 0.000107175 0.0073958 -0.0186577 0.000551265 -0.0215904 -0.0221434 0.0223096 0.0220298 0.0178167 -0.000178456 0.00578522 -0.012962 0.0259364 -7.93246e-05 5.35558e-07 7.56489e-06 -0.0216135 0.000269821 0.0105094 1.35249e-07 -0.0242332 -0.00108863 0.000333178 0.00314712 0.00037572 3.68612e-06 1.53943e-06 2.4722e-07 -0.00113303 0.000127196 1.14999e-06 0.0221641 -3.06878e-07 -0.000207111 0.000159871 0.0178702 1.22675e-08 0.000118618 0.00032896 0.000100487 1.43526e-07 0.000350418 0.00750571 0 1.10313e-06 3.01548e-06 -0.022792 -0.0242459 1.31638e-05 -0.0169886 0.0133082 0.00858687 -1.9051e-06 7.33076e-05 -0.000175016 1.48923e-07 0.0173099 -3.9017e-05 -7.28716e-08 -3.97966e-05 -0.022845 -9.33897e-05 0.000498378 9.091e-05 0.000360057 -0.0173204 0.0132776 -0.00646122 0.000181067 -2.39937e-05 0.0153117 0.0212099 -0.00063689 5.60188e-06 7.71066e-06 3.43588e-05 -0.0204786 1.52714e-05 5.36159e-07 0.000536497 7.33546e-07 -4.2214e-06 4.48446e-07 2.64601e-05 1.4223e-05 
-0.004629 1.47611e-06 -8.35502e-05 5.57788e-07 2.4453e-06 -2.49273e-08 -1.73282e-05 -2.22811e-05 6.66329e-05 -1.45904e-05 -0.000152678 -2.74318e-09 -8.61312e-06 5.5068e-06 -0.000292387 -6.69352e-07 -3.40301e-05 -9.18827e-05 -8.09882e-06 9.33369e-05 -0.000168497 -9.70283e-05 0.000396984 -6.54598e-05 0.000736447 0.00358375 -0.000122354 -7.93246e-05 0.00621358 -1.43395e-08 3.10638e-07 -7.46203e-05 1.22068e-06 -2.44369e-05 -1.5194e-08 -0.00049054 0.000537679 0.00055486 -5.68938e-06 -2.45916e-06 -5.17153e-08 -6.26644e-07 1.87206e-07 2.99034e-05 -6.22336e-06 2.13234e-07 0.000341032 2.37799e-06 -0.000397639 -1.59352e-06 -8.58356e-05 -2.50107e-10 -1.67476e-06 4.96963e-06 4.13821e-06 -4.64782e-09 -1.19845e-06 1.73866e-05 0 -7.08637e-09 1.66595e-06 -0.00056635 4.75384e-05 -3.29264e-06 -0.00441334 -8.13079e-05 -5.30986e-05 8.72563e-06 -1.42373e-06 -1.48294e-05 -1.04211e-08 -8.79056e-05 -5.50103e-05 -3.27432e-08 0.000754787 0.000153711 4.58863e-05 7.15993e-06 6.98168e-06 2.69217e-05 -0.000865253 0.000589476 -0.00067122 -5.17766e-06 -6.03617e-06 -6.1833e-05 -7.84737e-05 0.000300838 1.06534e-06 -1.86473e-07 -9.65245e-07 -0.000588771 8.01215e-07 -7.9409e-09 -3.4626e-06 8.10136e-08 -1.7618e-06 -2.7741e-08 -2.97253e-07 -1.30459e-07 
-5.03409e-07 -1.05348e-10 5.163e-07 -3.60252e-10 -1.37432e-10 -9.14276e-12 -1.9627e-08 -8.65266e-09 2.2039e-08 2.51022e-08 -3.0481e-07 -1.20094e-11 5.61746e-07 -4.71869e-10 4.42453e-07 -5.15694e-10 1.80573e-07 -1.24412e-06 -5.55623e-09 -5.10209e-07 -7.52554e-07 5.06088e-07 5.05785e-07 2.20009e-07 1.68033e-07 -2.27712e-08 -3.59237e-07 5.35558e-07 -1.43395e-08 2.29333e-06 -2.21054e-10 -5.03911e-07 -8.1155e-10 -2.50595e-08 -5.5728e-12 -7.6331e-07 6.54765e-08 -8.41277e-09 2.01724e-07 -9.0196e-10 -2.38583e-11 -3.37426e-10 -2.24747e-12 3.8509e-07 -3.52473e-09 -1.34848e-11 6.2169e-07 -2.64116e-11 -3.39437e-08 1.60284e-08 3.36491e-07 -9.17333e-14 -8.4533e-10 -9.97768e-10 -3.02636e-10 -1.70471e-12 -8.85808e-10 3.48763e-07 0 -2.59911e-12 -2.10452e-11 -7.30976e-07 -5.68526e-07 -6.00876e-09 -5.22482e-07 6.81511e-08 1.88552e-07 -2.06996e-10 -5.75986e-10 4.88037e-10 -3.82222e-12 3.20967e-07 7.64651e-08 -1.20094e-11 -1.04125e-08 -9.36073e-07 -8.29295e-09 -1.13077e-08 -2.52458e-10 -2.20124e-09 -5.62182e-07 1.53216e-07 -6.04835e-07 -2.13378e-09 -2.21392e-09 3.30113e-07 5.16047e-07 1.61202e-08 -3.68485e-10 -8.42876e-11 -3.88261e-10 -5.60164e-07 -6.5574e-11 -2.91253e-12 -1.29812e-09 -2.408e-11 -6.46185e-10 -1.01748e-11 -1.27364e-10 -5.39621e-11 
-6.60633e-07 -4.42784e-09 -2.11695e-06 1.36819e-06 -5.77633e-09 -3.84275e-10 1.17547e-05 1.09299e-06 1.9255e-06 4.03597e-05 -1.94434e-05 -5.04762e-10 -2.06825e-07 9.10167e-07 -1.17928e-07 1.58325e-07 1.97014e-06 -5.28113e-06 -2.33531e-07 -4.87038e-06 -3.52221e-06 1.08052e-06 1.09097e-09 6.22926e-08 -7.53173e-07 3.44067e-06 -9.7369e-06 7.56489e-06 3.10638e-07 -2.21054e-10 9.63807e-05 -6.39903e-06 1.48926e-05 -5.73262e-07 -2.34228e-10 -4.01495e-05 -5.94157e-06 -3.43593e-07 2.39538e-06 -3.79099e-08 -1.00278e-09 -1.41822e-08 -9.44622e-11 1.46641e-05 1.98185e-06 -5.66773e-10 -2.75669e-08 -1.11009e-09 -3.12023e-06 2.6507e-08 -1.82871e-06 -3.8556e-12 -3.55297e-08 -4.19367e-08 -1.27199e-08 -7.16499e-11 -3.7231e-08 -7.52498e-07 0 -1.09242e-10 -8.84539e-10 -3.1739e-05 -2.63756e-05 -2.52551e-07 -4.46228e-05 9.14709e-07 2.65094e-07 -8.70016e-09 1.37246e-06 2.05124e-08 -1.6065e-10 -1.92079e-06 1.45748e-06 -5.04762e-10 3.92358e-07 -4.58482e-05 -3.0189e-07 1.08881e-05 -1.06109e-08 -9.25193e-08 4.39901e-06 -1.54605e-06 2.37458e-05 -8.96838e-08 3.92361e-06 -1.53638e-06 -2.87591e-07 2.51551e-05 -1.54876e-08 7.97907e-08 7.03478e-08 -1.68325e-05 1.39106e-08 -1.22415e-10 -5.45606e-08 -1.01209e-09 2.77951e-06 -4.2765e-10 -5.35318e-09 -2.26806e-09 
0.023831 -3.70298e-06 -0.0211133 -2.77914e-05 -4.38068e-05 -6.14241e-07 -0.00312986 -0.00354064 -0.000212346 -0.00439831 0.0136493 -1.1467e-06 -0.0020668 -0.000161023 0.000442321 -0.00020603 -0.00818315 0.0192665 -0.000531003 0.0238728 0.020459 -0.0241861 -0.0239517 -0.0192917 0.000194235 -0.0059766 0.0133349 -0.0216135 -7.46203e-05 -5.03911e-07 -6.39903e-06 0.0266154 -0.000187967 -0.0104616 -1.73505e-07 0.0224432 -0.000863957 -0.00127122 -0.00314924 -0.000362531 -4.34199e-06 2.05619e-06 -2.06516e-07 0.000208868 -1.1736e-05 -5.2391e-06 -0.0241668 -3.68189e-07 0.0016514 -1.61943e-05 -0.0184158 -1.22388e-08 -0.00029837 -0.000418651 -0.000111916 -1.42993e-07 -0.00035485 -0.00750292 0 -1.10232e-06 -4.58889e-06 0.0228522 0.0228939 -0.000868016 0.0201412 -0.0135013 -0.0100613 4.59895e-07 1.69375e-07 0.000177503 -3.77726e-07 -0.0191872 0.000185524 -2.56703e-07 -0.000826637 0.0230435 6.19922e-05 -0.00112475 -0.000103158 -0.000351941 0.0198292 -0.0145607 0.00798246 -0.0008176 -0.00010818 -0.0154743 -0.021072 -0.000130692 -0.000147363 -5.10761e-06 -2.87939e-05 0.0222598 -2.41809e-05 3.47526e-08 -0.000537137 -4.19342e-07 -9.75863e-05 -6.15261e-07 -2.19469e-05 -1.66428e-05 
-0.00019784 -1.62558e-08 6.82381e-05 6.10779e-08 -2.12064e-08 -1.41078e-09 4.08674e-05 2.98182e-07 1.41326e-05 0.000230203 -2.77948e-05 -1.85312e-09 2.12736e-06 4.40522e-07 -1.85519e-05 1.14171e-05 0.000115502 -0.000200794 -4.02154e-09 -0.000193522 -0.000257349 0.000190609 0.000194996 7.67738e-05 -2.39857e-06 0.000116204 -3.95487e-05 0.000269821 1.22068e-06 -8.1155e-10 1.48926e-05 -0.000187967 0.000353748 9.24032e-05 -8.59912e-10 -0.000305394 -2.04758e-05 7.91252e-05 2.41119e-05 9.40823e-07 1.06319e-07 -5.20666e-08 -3.46796e-10 -1.30161e-05 3.39449e-07 -2.08078e-09 0.000198938 -4.07544e-09 2.45867e-05 3.69818e-06 6.70863e-05 -1.41549e-11 -1.30439e-07 3.28604e-06 1.03302e-07 -2.63046e-10 -2.66848e-08 2.0054e-05 0 -4.01056e-10 -3.24738e-09 -0.000264817 -0.000308918 -2.80517e-07 -0.000144238 0.000128856 0.000125039 -3.19406e-08 5.93446e-06 -2.05803e-06 -5.89789e-10 6.87149e-05 4.00511e-06 -1.85312e-09 -1.22003e-06 -0.000296953 -1.04631e-06 4.17849e-06 7.37711e-07 2.6367e-07 -6.69727e-05 6.59374e-05 -6.16925e-05 3.92075e-06 -5.82865e-08 4.01529e-05 8.90657e-05 1.78897e-05 -5.68592e-08 2.14699e-06 9.30089e-07 -0.000162035 2.46548e-07 -4.49419e-10 7.5636e-07 -3.71567e-09 -9.97097e-08 6.17633e-08 1.4368e-07 8.834e-08 
