0.00741739 -9.95414e-05 1.24281e-07 -0.000555081 -0.00175236 -2.03521e-08 6.4082e-08 3.64854e-05 -2.28228e-06 0.00182262 0.00239957 -0.000179746 -0.00173141 -1.27543e-08 -0.00207268 -1.29935e-07 4.79324e-08 -5.41735e-05 0.000183541 -0.00270304 -0.000113393 0.00394023 -0.000180294 0.000240695 -0.000392851 2.04448e-05 -6.48613e-05 0.000403203 4.66146e-07 3.33691e-05 0.000555492 -3.93316e-07 5.47041e-05 -0.00252256 2.95341e-05 0.000396312 -2.13086e-05 -4.94223e-06 -0.000587334 -0.000561158 -0.000513944 -0.000257128 1.03265e-06 3.17846e-06 1.72503e-06 0.000216728 -1.32243e-05 -3.46385e-07 -2.18094e-07 0.000126613 8.19886e-06 1.35818e-06 1.12835e-05 -0.000549912 -1.70691e-06 -1.38491e-05 -1.89261e-06 1.12733e-05 0.000328236 3.16165e-05 -7.32662e-05 -0.000363148 0.000463107 -2.41984e-07 -1.11987e-06 0.000907541 -4.25477e-08 2.45128e-06 -0.000213673 -0.00082474 1.91302e-05 -7.55794e-08 -1.03441e-06 2.50781e-06 -0.000285741 -0.000458071 -0.00373381 1.50065e-06 -0.00187025 4.21205e-06 0.00109952 -0.000828042 -3.40033e-08 -0.00056673 -6.11237e-05 -0.000181503 -2.77152e-07 8.53448e-07 -1.23576e-05 -3.61543e-06 -0.000191293 -2.79529e-06 0.000207809 -0.00244783 -0.000395612 0.00208643 0.000657172 0.00161893 5.37104e-05 0.00206779 
-9.95414e-05 0.0591148 -1.16045e-07 -0.00425365 0.00410792 -1.71831e-07 -1.34394e-07 -9.3541e-06 7.10577e-05 -0.00421906 0.000606617 -0.00175658 0.00207406 -4.43504e-08 0.000760899 -1.09703e-06 -1.74565e-08 0.000203509 0.000401811 0.00910751 0.000817216 -0.0163359 -0.00153153 0.000957688 -0.00242378 -6.40489e-06 -0.000102197 0.00680584 -1.11045e-06 -0.000212641 0.00213655 -8.00458e-06 0.000485747 -0.0120614 -3.01698e-05 4.56785e-06 0.000412953 -2.44025e-05 -0.0038366 -0.000877652 -0.00395637 -0.00176409 -6.1098e-06 -7.30149e-05 -6.10325e-07 0.0048082 0.000108316 -2.9245e-06 -3.38017e-07 -0.000190676 -3.23717e-05 2.13943e-07 1.55528e-05 -0.00675341 4.67328e-05 0.000267831 4.23437e-05 -3.78129e-05 -0.000133317 4.33788e-05 0.000426535 -0.00012794 0.00805966 -2.04305e-06 -9.45493e-06 0.0109652 -1.0256e-07 -9.88239e-07 -0.00180318 -0.00453436 -9.97331e-07 -4.0811e-07 -1.17922e-05 -1.24402e-06 -0.00220604 -0.00426368 -0.0253188 -7.12955e-06 0.0022988 -6.60914e-06 -0.00995618 -0.00870572 -2.87087e-07 -0.00132029 -0.00357204 -0.00091706 2.54383e-06 -7.89422e-08 0.000268712 -3.02094e-05 -0.00155401 2.83502e-05 0.000177036 0.00201508 -0.00302225 0.000572198 0.0114572 -0.000501508 -0.00170345 0.00064782 
1.24281e-07 -1.16045e-07 2.10333e-06 1.39916e-07 -6.03342e-07 -5.72808e-12 -4.4801e-12 -6.50512e-10 -1.41539e-09 1.10634e-06 -8.59688e-09 -6.42028e-08 -4.76302e-07 -3.58969e-12 7.8234e-08 -3.657e-11 -5.81922e-13 1.19939e-07 -2.10789e-09 7.19118e-07 -5.42978e-08 9.47981e-07 5.3386e-07 -3.62275e-09 -2.45804e-08 -4.72416e-10 -2.04805e-08 -1.52443e-06 -4.42401e-11 -7.56653e-09 -7.91914e-08 -2.88949e-10 -5.27789e-09 7.09929e-07 -1.10307e-09 -2.47523e-09 -6.40163e-09 -3.14629e-09 2.20021e-07 9.02486e-09 -1.48974e-07 -7.30072e-08 3.3979e-07 -7.27963e-09 -3.42353e-11 -1.52307e-06 -7.21192e-09 -9.74895e-11 -6.13823e-11 -6.73596e-09 -1.17302e-09 -5.20224e-12 -2.6343e-09 1.54059e-06 -4.84159e-10 -4.78438e-09 -9.1638e-10 -1.82944e-09 5.05815e-08 -4.8888e-09 -2.14556e-08 -3.31862e-07 -1.46722e-06 -6.81059e-11 -3.15185e-10 -1.49189e-06 -1.1975e-11 -3.71659e-11 -6.03058e-08 -2.45997e-07 -1.09696e-10 -2.12717e-11 -7.24563e-10 -8.03614e-11 -2.72568e-08 7.04425e-07 5.36533e-07 -2.38111e-10 -6.25705e-07 -3.04324e-10 -4.23419e-07 1.59646e-06 -9.57017e-12 9.03146e-08 -1.01672e-07 -5.79343e-08 -9.67674e-11 -1.68547e-11 -3.99307e-09 -1.72587e-09 -5.52342e-08 -8.30824e-10 -1.27348e-08 -1.43952e-07 -3.67004e-08 -6.29214e-09 -1.65143e-06 -2.18666e-08 -8.21453e-08 -7.72228e-09 
-0.000555081 -0.00425365 1.39916e-07 0.0689708 -0.0583201 6.3711e-08 -1.58738e-07 3.66279e-05 -1.91463e-05 0.0386083 -4.05122e-05 -0.00217439 -0.065712 -1.27189e-07 -0.0267037 -4.72403e-07 6.93815e-08 -0.000306308 -1.09462e-05 -0.033693 -0.00190139 -0.0260585 0.0188159 0.000139007 -0.00710231 6.46282e-05 -0.000683051 -0.0642701 -1.3975e-06 -0.000264619 -0.00328169 1.83554e-05 -0.000157618 0.0273653 -3.67235e-05 0.000546098 -0.000208037 -0.000111465 0.0645576 -2.39838e-05 -0.0040782 0.0305191 3.50061e-06 -0.00025369 5.56365e-06 -0.0310866 0.000105643 -3.17755e-06 -2.07821e-06 0.000651273 -1.36122e-05 7.15676e-07 -8.61111e-05 0.0639285 -1.71546e-05 -0.000139049 3.73344e-05 5.30832e-05 -0.000323114 -0.000149229 -0.000332074 -0.000555988 -0.06012 -1.05978e-06 5.29891e-05 -0.0120414 4.98904e-06 1.29648e-06 0.0264798 0.00567157 -6.71291e-09 -1.3036e-07 9.57941e-05 -3.54008e-07 0.0380815 0.0443737 -0.0137982 4.4433e-06 -0.065701 1.38273e-05 0.0282473 0.0224796 6.87579e-07 0.0618426 -0.00439293 0.0103638 3.59214e-05 2.76614e-06 0.000360565 -4.49705e-05 -0.00164848 0.000101232 -0.000424041 -0.0324638 -0.00392218 -0.000199991 -0.0586258 -0.000582653 0.0344228 -0.000167407 
-0.00175236 0.00410792 -6.03342e-07 -0.0583201 0.101082 -6.32599e-07 -2.46966e-07 -4.71247e-05 -0.000201909 -0.0460302 -0.00328874 0.0034181 0.06246 1.94732e-07 0.0298447 -5.99503e-07 -1.21765e-07 -0.000273246 -0.000613502 0.0355627 0.00207176 0.0185208 -0.0174153 -0.001429 0.00295582 -0.000106396 0.000423921 0.0614334 2.24658e-06 -8.63943e-05 -0.00392959 -5.19452e-05 0.000144236 -0.0303041 2.19019e-05 -0.000811288 -0.000469051 -0.000240805 -0.058719 0.00153438 0.00260959 -0.0234884 -4.89296e-05 6.73553e-05 -9.80282e-06 0.0251052 4.72587e-05 -2.11435e-07 -1.01002e-05 -0.000307354 3.65736e-05 -1.80446e-06 5.90142e-05 -0.0597725 -0.000160916 0.000211427 -0.000146815 -0.000255404 -0.00197034 0.000101165 -0.000416224 0.0017152 0.0604215 -3.27875e-06 -5.96787e-05 0.016527 4.82946e-07 -7.69051e-06 -0.0247667 -0.000572893 -3.15759e-05 -1.76062e-07 -8.67909e-05 -7.04393e-06 -0.0301084 -0.0459173 0.00729096 -7.23097e-05 0.0685682 -8.09445e-05 -0.0531933 -0.0247665 -5.07509e-07 -0.0590363 0.00292833 -0.00370217 -1.35806e-05 -6.03234e-06 -0.000852813 -3.53558e-05 0.000416431 -0.000126407 -0.00356062 0.0275588 0.00407542 -0.00258776 0.0530495 -0.00354311 -0.0281379 -0.00241476 
-2.03521e-08 -1.71831e-07 -5.72808e-12 6.3711e-08 -6.32599e-07 2.72333e-06 -5.8007e-12 -8.42263e-10 2.21501e-07 -2.7233e-07 -1.1131e-08 7.02055e-08 -5.64118e-07 -4.64782e-12 -6.92038e-07 -4.73497e-11 -7.53456e-13 7.73593e-08 -2.72923e-09 -1.47592e-06 -7.03032e-08 8.39045e-07 1.98294e-07 1.95309e-07 1.27845e-06 1.36055e-07 5.00149e-07 7.75691e-08 -5.72808e-11 6.02031e-08 -7.07808e-08 -3.74122e-10 -6.83365e-09 -1.32775e-06 1.68572e-07 4.34618e-08 -8.28864e-09 6.25926e-07 3.32494e-08 -5.74982e-07 -1.92887e-07 1.58806e-07 -2.72342e-10 -9.42545e-09 -4.43268e-11 -5.41301e-07 5.17329e-07 -1.26227e-10 -7.94759e-11 1.64612e-07 -1.51879e-09 -6.73571e-12 1.26589e-07 -2.89981e-07 2.5604e-07 -6.19467e-09 4.48813e-07 9.64632e-10 5.78052e-08 2.1367e-07 -1.11346e-09 -8.52796e-07 -1.27913e-06 -8.81815e-11 -4.08091e-10 4.00094e-07 -1.55048e-11 -4.81213e-11 -5.80821e-08 9.7149e-07 -1.42031e-10 -2.7542e-11 -9.38143e-10 -1.04049e-10 1.40356e-07 -1.68486e-07 -1.25692e-06 1.53025e-07 -5.95099e-07 -3.9403e-10 -5.96671e-07 -3.02628e-07 -1.23912e-11 1.58928e-07 2.44813e-07 1.65509e-09 -1.25291e-10 -2.1823e-11 1.2483e-07 -2.2346e-09 2.51511e-08 -1.07573e-09 3.5113e-09 -9.05428e-07 9.289e-07 -8.14687e-09 2.06866e-07 2.08354e-07 1.60307e-07 -9.99857e-09 
6.4082e-08 -1.34394e-07 -4.4801e-12 -1.58738e-07 -2.46966e-07 -5.8007e-12 2.13e-06 -6.58759e-10 -1.43333e-09 -2.12997e-07 -8.70587e-09 -6.50168e-08 -1.77406e-06 -3.6352e-12 -1.87411e-06 -3.70336e-11 -5.893e-13 -2.03151e-08 -2.13462e-09 -1.33425e-06 2.03168e-06 1.35494e-06 -5.3476e-08 -3.66868e-09 -1.63841e-07 -4.78405e-10 1.78259e-06 -1.87119e-06 -4.4801e-11 -7.66246e-09 -5.374e-08 -2.92612e-10 -5.3448e-09 -1.22879e-06 -1.11705e-09 2.08416e-06 -6.48279e-09 -3.18617e-09 -1.72134e-07 9.13928e-09 -5.41959e-08 -7.39328e-08 -2.13007e-10 -7.37192e-09 3.89965e-07 -1.89737e-06 1.9027e-06 -9.87255e-11 -6.21605e-11 2.07985e-06 -1.18789e-09 -5.2682e-12 -2.6677e-09 -2.42445e-07 1.62843e-07 -4.84503e-09 -9.27998e-10 1.04814e-07 2.0138e-06 -4.95078e-09 -2.17277e-08 -2.12176e-06 3.36997e-07 -6.89694e-11 -3.1918e-10 6.02313e-07 -1.21268e-11 -3.76371e-11 -6.10704e-08 -2.49116e-07 1.90989e-06 -2.15414e-11 -7.33749e-10 2.83252e-07 -8.83631e-08 -1.4742e-07 -1.34025e-06 -2.4113e-10 -1.93324e-06 -3.08183e-10 -1.00994e-06 -3.17514e-07 -9.6915e-12 3.91581e-07 2.34097e-08 2.028e-06 -9.79942e-11 -1.70684e-11 -4.04369e-09 -1.74775e-09 -5.59344e-08 -8.41357e-10 3.0437e-08 -1.96577e-06 -1.1818e-07 -6.37191e-09 -1.64591e-06 1.16119e-06 -8.31868e-08 -7.82018e-09 
3.64854e-05 -9.3541e-06 -6.50512e-10 3.66279e-05 -4.71247e-05 -8.42263e-10 -6.58759e-10 0.000309181 1.48521e-06 -1.45606e-05 2.83559e-05 -5.18045e-06 -5.62357e-05 -5.27832e-10 -4.4743e-05 -5.37729e-09 -8.55665e-11 -2.93309e-06 7.97339e-06 1.69694e-05 -6.39735e-06 -7.37017e-05 6.09053e-05 2.06397e-06 -2.13084e-05 2.00535e-07 -1.13814e-06 -0.000130858 7.36828e-07 -7.52592e-07 -1.18118e-05 7.77513e-07 4.1406e-06 8.00284e-06 3.38114e-06 2.98427e-05 -1.41303e-07 -3.493e-07 3.22027e-05 -1.6153e-05 9.94447e-05 4.10616e-05 3.69071e-07 1.43626e-06 -5.03399e-09 -0.000125383 4.19622e-06 2.5665e-08 2.09743e-08 8.56287e-06 2.07418e-06 -7.64944e-10 -1.84017e-07 1.48735e-05 -7.11914e-08 8.19833e-07 9.98588e-07 -1.15669e-07 -4.98242e-07 -1.22188e-07 1.71803e-07 -5.725e-05 -5.33679e-05 -1.00144e-08 3.36549e-08 -8.61273e-05 -1.76082e-09 -5.46492e-09 2.40126e-05 1.02083e-05 4.05369e-08 -3.12782e-09 8.10126e-07 1.08818e-06 4.2063e-05 8.12278e-05 -3.32642e-05 -3.50122e-08 -5.11806e-05 -4.47482e-08 -7.30854e-05 9.86968e-05 -1.40721e-09 2.37729e-05 -1.08743e-05 5.48779e-05 3.39577e-06 -2.47834e-09 1.26619e-06 -1.93774e-07 7.32497e-06 -3.8832e-08 -7.39214e-07 -0.000108796 -7.5731e-06 2.56215e-05 -0.000162052 1.94147e-05 3.68546e-05 2.96812e-05 
-2.28228e-06 7.10577e-05 -1.41539e-09 -1.91463e-05 -0.000201909 2.21501e-07 -1.43333e-09 1.48521e-06 0.000672474 -6.12851e-05 8.16624e-06 0.000160006 -0.000393922 1.17218e-06 -0.00050833 4.483e-07 -1.86176e-10 0.000142522 2.22895e-06 -0.000191198 -1.15817e-05 -1.11651e-05 -2.22457e-06 2.92743e-05 0.000210241 3.28219e-06 0.000381818 5.41316e-05 -1.41539e-08 -1.66079e-06 -2.42682e-05 2.57576e-05 -7.95239e-07 -0.000217629 7.17093e-07 6.32142e-06 5.59857e-06 0.000224923 0.000181691 -0.000443606 1.05316e-05 0.000150459 8.76038e-07 0.000105414 -1.0953e-08 -0.000459408 0.000416429 4.89881e-06 1.16937e-05 4.27816e-05 2.08914e-05 -1.66437e-09 1.82205e-05 -5.29553e-05 8.16018e-05 0.000153459 0.000267957 1.68035e-07 6.379e-05 0.000123293 -6.86438e-06 -0.00038208 -0.000314956 2.31544e-07 6.69162e-07 -5.82624e-05 4.36169e-07 1.54776e-07 -3.02383e-06 0.000556264 3.89157e-06 -6.80553e-09 -2.25145e-07 4.40762e-06 1.75636e-05 -4.56709e-05 -0.000407775 2.16005e-05 -0.000418895 1.79597e-06 -0.000232661 -7.83716e-05 -3.06182e-09 1.44882e-05 2.64132e-05 2.23382e-05 5.56571e-06 1.12743e-08 0.000110536 1.1445e-06 9.67587e-05 1.33842e-05 2.2739e-05 -0.000318969 0.000134524 3.05027e-06 6.90336e-05 8.44542e-05 2.2323e-06 1.46939e-06 
0.00182262 -0.00421906 1.10634e-06 0.0386083 -0.0460302 -2.7233e-07 -2.12997e-07 -1.45606e-05 -6.12851e-05 0.0899989 0.00229812 -0.00245215 -0.0389686 -2.7331e-08 -0.0129114 -5.7531e-07 5.66704e-09 -0.000811338 0.000306781 -0.0106195 -0.00223017 -0.0143563 0.00513827 0.000474294 -0.00968003 1.744e-05 -0.000953041 -0.0607383 -1.21997e-06 -0.000218298 -0.00306988 -1.7748e-07 -0.000215603 0.0346739 -5.1683e-05 0.00017301 -9.67855e-05 -0.00014642 0.0355912 -0.000626795 -0.00285504 0.0107138 3.58398e-05 0.000672275 -1.29098e-06 -0.0253213 -0.000331099 -4.05827e-06 -2.91829e-06 -0.000153214 -3.62856e-05 2.02934e-06 -0.000102842 0.0584802 -1.9865e-05 -0.000216953 -2.11507e-05 9.26652e-06 -0.000192327 -0.000168481 -0.000916084 1.84241e-05 -0.0525177 2.52044e-07 8.94285e-05 -0.0432447 8.47341e-07 1.38302e-06 0.0107138 -0.00536564 1.07514e-05 2.55347e-07 0.000157209 1.96272e-06 0.0150418 0.0351037 0.012327 -9.72051e-06 -0.0388994 1.99449e-05 0.0140384 0.044161 4.8834e-07 0.03295 -0.00582783 0.00502272 -2.89727e-06 4.50201e-06 2.99279e-05 -6.12496e-05 -0.00140966 -1.29298e-05 -0.000391095 -0.0177498 -0.00529555 0.00228217 -0.0574065 0.000337986 0.0135099 0.00217017 
0.00239957 0.000606617 -8.59688e-09 -4.05122e-05 -0.00328874 -1.1131e-08 -8.70587e-09 2.83559e-05 8.16624e-06 0.00229812 0.00407056 -8.95775e-05 -0.00300318 -6.9756e-09 -0.00303426 -7.10639e-08 4.88692e-08 -3.73427e-05 0.000565991 -0.00254621 -9.42032e-05 0.00127243 -9.8422e-05 0.000783843 -0.00030773 2.93687e-05 -1.85916e-05 0.000161352 -2.26354e-08 1.10598e-05 0.00155352 -4.11495e-07 -1.02495e-05 -0.00188667 1.37316e-06 0.000438583 -1.09465e-05 4.33271e-06 2.39845e-05 -0.00102525 -0.000234847 6.21934e-05 -4.0874e-07 -2.06267e-06 4.3014e-07 0.000158224 1.50891e-06 -1.89445e-07 -9.928e-08 9.80871e-05 -2.26279e-06 1.36656e-06 -1.77572e-06 -0.000201469 3.61583e-06 9.71285e-06 1.14626e-05 1.16498e-06 0.000303558 2.34333e-05 -2.35033e-05 -0.000443326 -0.000272588 -1.32346e-07 -5.9581e-07 0.00104206 8.67298e-08 1.58778e-06 9.57153e-05 -0.000111236 1.47935e-05 -4.13359e-08 1.39201e-06 -2.61607e-08 0.000108563 -0.000245976 -0.00252031 1.27295e-07 -0.00335935 5.79196e-06 0.00187644 -0.000606715 1.2807e-07 0.000322807 -0.000235841 -9.52897e-05 7.45292e-07 1.81058e-06 4.37005e-05 -3.17376e-06 -8.50028e-05 -3.57816e-07 0.00027703 -0.00289398 -0.000222942 0.00270305 0.00060226 0.00174873 0.000742743 0.00253431 
-0.000179746 -0.00175658 -6.42028e-08 -0.00217439 0.0034181 7.02055e-08 -6.50168e-08 -5.18045e-06 0.000160006 -0.00245215 -8.95775e-05 0.0295926 0.00199452 6.71239e-07 0.000952446 -1.24049e-07 -8.44506e-09 -0.000286705 -2.95971e-05 0.00507879 -0.000652522 -0.0105376 -0.000184727 -5.18212e-05 -0.00293165 -5.42919e-06 -0.000113626 0.00234064 2.02464e-06 5.77619e-05 -0.00138739 -4.04999e-06 3.89288e-05 0.0117958 -4.84806e-06 -1.41814e-05 -4.22493e-05 -1.92533e-05 -0.00220611 -0.000287081 -0.00150049 -0.000840913 1.4308e-06 -0.000101668 -4.96834e-07 0.00117821 6.20782e-05 -1.14681e-08 -8.90801e-07 -5.51646e-05 -1.694e-05 -7.54968e-08 3.48268e-05 -0.00239865 -6.75295e-06 0.000163874 0.000141898 -2.45194e-05 -0.000131638 4.02454e-05 9.87583e-05 -0.000111144 0.00432117 -7.85044e-07 -2.7274e-06 -0.0141588 -1.73785e-07 -5.39364e-07 -0.000870805 -0.00302911 -1.59194e-06 5.81298e-07 -7.94511e-06 8.58377e-06 -0.0012448 -0.000253605 0.0098417 5.46445e-06 0.00256854 -3.23313e-06 -0.014776 0.00584893 -1.38886e-07 -0.00233842 -0.0017054 -0.000808779 -1.37432e-06 -2.27935e-07 -4.65021e-05 -1.16831e-05 -0.000559661 1.2128e-06 -0.000158669 0.000896188 -0.00147415 -8.30703e-05 -0.00703675 -0.000172228 -0.00118771 -0.000105018 
-0.00173141 0.00207406 -4.76302e-07 -0.065712 0.06246 -5.64118e-07 -1.77406e-06 -5.62357e-05 -0.000393922 -0.0389686 -0.00300318 0.00199452 0.077083 -3.06355e-07 0.0323598 -1.24661e-06 -1.16714e-07 -0.000887424 -0.000740197 0.0394384 0.00175336 0.0215011 -0.0187238 -0.00144089 0.00265019 -0.000149329 -0.000989179 0.0624863 1.70698e-06 -3.30371e-05 0.00051867 -4.75507e-05 0.000191404 -0.0211932 -5.193e-06 -0.000945601 0.000131728 -0.000774565 -0.0645909 0.00199471 0.00501588 -0.0304755 -7.34963e-05 -0.000151718 -1.309e-05 0.0309575 -0.00213022 -4.11522e-05 -9.59039e-06 -0.00147993 1.99164e-05 -2.26516e-06 4.0281e-05 -0.0622417 -0.000196503 -0.000358851 -0.000387043 -5.26598e-05 -0.00316114 -1.96613e-06 3.57705e-05 0.00196683 0.0603654 4.15332e-07 -1.38142e-05 0.00888124 -4.95081e-06 -3.10943e-06 -0.0261828 -0.00728152 -4.29037e-05 -3.65456e-07 -7.31792e-05 -9.19425e-06 -0.0377094 -0.042765 0.0199127 -5.91317e-05 0.0738993 -6.61821e-05 -0.0297728 -0.0198126 -8.70395e-08 -0.0652085 0.00263809 -0.010203 -4.05778e-05 -5.58221e-06 -0.000893556 -5.41908e-05 0.00195395 -0.000150294 -0.00195052 0.036655 0.00276183 -0.00250167 0.0551137 -0.00335161 -0.0349836 -0.00254924 
-1.27543e-08 -4.43504e-08 -3.58969e-12 -1.27189e-07 1.94732e-07 -4.64782e-12 -3.6352e-12 -5.27832e-10 1.17218e-06 -2.7331e-08 -6.9756e-09 6.71239e-07 -3.06355e-07 1.70666e-06 -1.17985e-06 -2.96732e-11 -4.72178e-13 7.37225e-08 -1.71036e-09 -2.92406e-07 1.69276e-07 -6.21015e-07 -1.28478e-08 -2.93953e-09 -7.59987e-08 -3.83323e-10 4.33382e-07 4.03757e-09 -3.58969e-11 -6.13956e-09 -7.77802e-08 -2.34456e-10 -4.28253e-09 6.8764e-08 -8.95039e-10 -2.00843e-09 -5.19435e-09 -2.55293e-09 -1.37923e-07 -1.28601e-06 7.32454e-07 -5.92388e-08 -1.70672e-10 4.97427e-07 -2.77788e-11 -8.38322e-07 5.34148e-07 -7.9104e-11 -4.98062e-11 -5.46563e-09 2.90482e-08 -4.22116e-12 -2.1375e-09 -1.9426e-07 -3.92852e-10 -3.88209e-09 -7.43561e-10 -1.48442e-09 -7.64228e-09 9.26033e-07 -1.74093e-08 6.60331e-09 -1.05998e-06 -5.52619e-11 -2.55744e-10 -5.24062e-07 -9.71662e-12 -3.01568e-11 -4.89327e-08 1.14706e-06 -8.90084e-11 -1.72601e-11 -5.87918e-10 -6.5206e-11 -7.08011e-08 -1.18121e-07 -8.43875e-07 -1.93206e-10 1.57653e-07 -2.46932e-10 -8.43936e-07 -2.54409e-07 -7.76533e-12 -6.89418e-08 -8.80974e-08 -4.70085e-08 -7.8518e-11 -1.36761e-11 -3.24002e-09 -1.40039e-09 8.05182e-07 -6.74139e-10 -1.03332e-08 8.3534e-08 4.58641e-07 -5.1055e-09 -4.23511e-07 -1.77428e-08 -6.66536e-08 -6.26594e-09 
-0.00207268 0.000760899 7.8234e-08 -0.0267037 0.0298447 -6.92038e-07 -1.87411e-06 -4.4743e-05 -0.00050833 -0.0129114 -0.00303426 0.000952446 0.0323598 -1.17985e-06 0.0358118 -1.5933e-06 -1.29709e-07 -0.00104316 -0.000795401 0.0213297 0.000825067 0.00828954 -0.00744685 -0.0014838 0.000452117 -8.06025e-05 -0.000915035 0.0246764 7.19007e-07 -0.000109204 -0.000300671 -4.87669e-05 2.74639e-05 -0.00844646 -5.94678e-06 -0.000671755 4.83261e-05 -0.000908251 -0.027007 0.00232122 0.0020784 -0.0252566 5.09649e-07 -0.000501794 -7.30792e-06 0.0150173 -0.00165169 -4.16293e-05 -1.11112e-05 -0.000641082 -0.000164323 -1.56134e-06 -2.13485e-05 -0.0246218 -0.000214545 -0.00013101 -0.000381595 1.7805e-05 -0.0016599 -0.000138373 -0.000301816 0.00183227 0.0257807 8.64382e-07 3.95704e-06 -0.00884888 -3.41568e-07 -6.37276e-06 -0.0266636 -0.00839685 -4.58235e-05 -3.27165e-07 -5.72435e-05 -7.01556e-06 -0.0260741 -0.011824 0.0227822 -6.57193e-05 0.0322059 -3.33168e-06 -0.0157178 0.00545043 -5.30762e-07 -0.0272649 0.00113995 -0.00177729 -9.8221e-06 -3.44528e-06 -0.00058953 -1.54698e-05 0.000292758 -4.16111e-05 -0.00109426 0.0277961 0.00038696 -0.00263757 0.02192 -0.0021738 -0.02813 -0.00266571 
-1.29935e-07 -1.09703e-06 -3.657e-11 -4.72403e-07 -5.99503e-07 -4.73497e-11 -3.70336e-11 -5.37729e-09 4.483e-07 -5.7531e-07 -7.10639e-08 -1.24049e-07 -1.24661e-06 -2.96732e-11 -1.5933e-06 1.73864e-05 -4.81031e-12 5.75061e-08 -1.74243e-08 2.96215e-06 9.11609e-08 -7.59923e-07 -3.69845e-07 2.90053e-07 7.05555e-07 2.22762e-07 1.7707e-06 -3.62074e-06 -3.657e-10 3.97453e-07 -1.79053e-07 8.87611e-07 -4.36283e-08 1.26303e-06 1.04215e-07 2.89539e-07 -5.29174e-08 1.61066e-06 2.74824e-06 -5.18873e-06 4.00521e-06 -3.23496e-07 -1.73872e-09 -6.01752e-08 -2.82997e-10 -1.21614e-05 2.18372e-06 -8.05872e-10 -5.07401e-10 1.26765e-06 -9.69649e-09 -4.3003e-11 8.91558e-07 -1.28902e-06 1.206e-06 1.37118e-07 1.89576e-06 3.48211e-07 5.08811e-07 3.66255e-07 -1.77358e-07 -2.43606e-06 -7.49584e-06 -5.6298e-10 -2.60539e-09 -4.10013e-06 -9.89881e-11 -3.07222e-10 -4.58502e-07 1.08499e-05 -9.06773e-10 -1.75837e-10 -5.98942e-09 -6.64287e-10 -5.94619e-07 -1.05336e-06 -5.13438e-07 2.84698e-07 -1.33724e-06 -2.51562e-09 -5.42427e-06 3.61154e-06 -7.91093e-11 -1.16755e-06 1.84667e-06 7.34434e-07 -7.99903e-10 -1.39325e-10 1.07366e-06 -1.42665e-08 6.47342e-06 -6.86779e-09 -1.05269e-07 -5.88316e-06 -4.0134e-07 -5.20123e-08 -8.91889e-06 1.86591e-06 -5.72367e-07 -6.38342e-08 
4.79324e-08 -1.74565e-08 -5.81922e-13 6.93815e-08 -1.21765e-07 -7.53456e-13 -5.893e-13 -8.55665e-11 -1.86176e-10 5.66704e-09 4.88692e-08 -8.44506e-09 -1.16714e-07 -4.72178e-13 -1.29709e-07 -4.81031e-12 2.76667e-07 -2.63874e-09 4.97227e-08 -3.66401e-08 -7.14219e-09 -7.33901e-09 1.97206e-08 4.95235e-08 -2.69099e-08 -6.21403e-11 -2.69394e-09 -1.9305e-07 -5.81922e-12 -9.95281e-10 -1.26089e-08 -3.80075e-11 -6.94239e-10 6.70588e-08 -1.45094e-10 4.96744e-08 -8.42053e-10 -4.13854e-10 6.76414e-08 -4.88129e-08 7.37377e-08 8.03968e-08 -2.76676e-11 -9.57542e-10 -4.50321e-12 -9.87449e-08 -9.48636e-10 -1.28235e-11 -8.07406e-12 -8.8603e-10 -1.54296e-10 -6.84289e-13 -3.46508e-10 1.68509e-07 -6.3685e-11 -6.29324e-10 -1.20538e-10 -2.40639e-10 -1.23888e-09 -6.43059e-10 -2.82222e-09 -4.89295e-08 -1.82894e-07 -8.95847e-12 -4.14585e-11 -5.84319e-08 -1.57516e-12 -4.8887e-12 -7.93246e-09 5.76422e-08 -1.44291e-11 -2.79802e-12 -9.53071e-11 -1.05705e-11 7.85225e-08 -1.91485e-08 -3.74186e-08 -3.13205e-11 -1.14443e-07 -4.003e-11 -1.3681e-07 9.54246e-08 -1.25883e-12 6.8557e-08 -1.64429e-08 1.85713e-07 -1.27285e-11 -2.21702e-12 -5.25237e-10 -2.27016e-10 -7.26535e-09 -1.09284e-10 -1.67511e-09 -1.24297e-07 -1.53504e-08 4.91723e-08 -1.69417e-07 4.71237e-08 7.91948e-08 4.89842e-08 
-5.41735e-05 0.000203509 1.19939e-07 -0.000306308 -0.000273246 7.73593e-08 -2.03151e-08 -2.93309e-06 0.000142522 -0.000811338 -3.73427e-05 -0.000286705 -0.000887424 7.37225e-08 -0.00104316 5.75061e-08 -2.63874e-09 0.00944664 3.80017e-05 0.00248955 -0.000213215 0.00174987 -0.000133149 7.34759e-05 0.0046713 1.61116e-06 0.000171421 0.00087175 -2.00608e-07 -3.36539e-05 -0.000366874 3.45131e-05 2.2174e-05 -0.00470558 -3.47187e-06 -1.90065e-06 0.000234825 0.00084016 -0.000301391 -0.00059553 -0.000652748 -0.000318729 -9.07126e-07 0.000549507 -1.5524e-07 -0.00168916 0.00100043 1.57613e-05 7.84166e-06 5.93623e-05 2.46009e-05 -2.35897e-08 -1.12453e-05 -0.0008047 0.000104298 -1.85748e-05 3.38813e-05 -8.15895e-06 9.08082e-05 8.07716e-05 8.92231e-06 -0.000152228 -0.00560947 3.74506e-07 -1.22254e-06 -0.00363478 3.90326e-08 9.04804e-07 -0.000199544 0.00433252 -4.97418e-07 4.53543e-07 -3.27555e-06 -3.644e-07 -0.000317531 -0.000363602 -0.00541946 -2.29721e-07 -0.00186398 -7.93298e-07 -0.000828667 -0.000942099 -4.33961e-08 -0.000416465 -0.00039024 -0.000249711 9.47873e-07 2.02386e-08 0.00025268 5.79473e-05 -0.000104427 2.50595e-06 3.57369e-05 0.000341831 0.00597772 -2.40985e-05 0.000509362 -6.72144e-05 -0.000300236 -2.86601e-05 
0.000183541 0.000401811 -2.10789e-09 -1.09462e-05 -0.000613502 -2.72923e-09 -2.13462e-09 7.97339e-06 2.22895e-06 0.000306781 0.000565991 -2.95971e-05 -0.000740197 -1.71036e-09 -0.000795401 -1.74243e-08 4.97227e-08 3.80017e-05 0.00100116 -0.000520367 -6.96773e-06 7.9989e-05 -5.22051e-06 0.000504707 0.000223591 1.95491e-06 0.000109458 -2.19503e-05 -2.10789e-08 3.07681e-05 0.00036577 -1.37674e-07 2.74193e-06 -0.000499683 -3.78906e-07 4.27073e-05 9.17651e-06 0.000107131 -1.80926e-05 -0.00056278 1.49824e-05 -3.07755e-05 -5.022e-08 9.9215e-06 4.07021e-07 -8.88837e-05 0.00012676 1.68829e-08 2.07534e-08 5.37721e-06 -1.25572e-07 -2.47869e-09 5.91151e-06 -8.43541e-05 2.3356e-05 -1.28959e-06 8.97671e-06 -6.88331e-07 8.53157e-05 -6.62679e-07 4.20045e-06 -0.000192189 -0.000442562 5.94217e-07 4.31587e-08 0.000162869 -5.70567e-09 7.02292e-07 -8.90698e-06 0.000113751 2.6244e-06 -1.01352e-08 -5.18964e-08 9.81711e-07 -2.41082e-05 -2.63514e-05 -0.00060397 3.93215e-07 -0.000748242 -6.50002e-08 0.000160551 -9.61673e-05 -4.55986e-09 0.000166857 2.35092e-05 -1.7957e-05 6.37227e-07 1.88636e-07 0.000134744 -7.48985e-07 -1.85872e-05 -3.95859e-07 9.21895e-06 -0.000553439 1.19196e-05 0.000511229 0.000128072 0.000224285 0.000287224 0.000554687 
-0.00270304 0.00910751 7.19118e-07 -0.033693 0.0355627 -1.47592e-06 -1.33425e-06 1.69694e-05 -0.000191198 -0.0106195 -0.00254621 0.00507879 0.0394384 -2.92406e-07 0.0213297 2.96215e-06 -3.66401e-08 0.00248955 -0.000520367 0.234021 -0.0126024 -0.0728647 -0.00344066 -0.00100974 -0.0335861 -0.000108757 -0.0047725 0.0185797 -8.15489e-07 -0.0013822 -0.0281186 1.02792e-05 0.000363768 0.0870083 -0.000123782 -0.000709208 0.000905278 -7.44395e-05 -0.034586 0.000551832 0.00851008 -0.0214663 3.01069e-05 0.000786114 -1.00025e-05 -0.00394008 -0.000926783 -1.20741e-05 3.4326e-06 -0.000945535 0.000172283 -1.54932e-06 -0.000567818 -0.0191592 -4.30679e-05 -0.000510562 -0.000238588 -0.000480252 -0.00243546 -0.000330104 0.00053605 0.00199105 0.0211703 1.13468e-05 4.29358e-05 -0.0821774 -3.30303e-06 -2.94533e-06 -0.017863 0.00568508 -3.22527e-05 2.14908e-07 -6.14511e-05 -7.49702e-07 -0.0251462 -0.0130524 0.0548963 -6.94138e-05 0.0430606 -1.41316e-06 -0.0998295 0.0329384 8.56502e-07 -0.0403309 -0.0127357 -0.00233239 -2.70324e-05 -2.1163e-06 -0.000560413 -0.000304771 0.00773905 -9.20273e-05 -0.00311021 0.0259127 -0.0162939 -0.0018674 -0.0151825 -0.00568426 -0.0243539 -0.00211269 
-0.000113393 0.000817216 -5.42978e-08 -0.00190139 0.00207176 -7.03032e-08 2.03168e-06 -6.39735e-06 -1.15817e-05 -0.00223017 -9.42032e-05 -0.000652522 0.00175336 1.69276e-07 0.000825067 9.11609e-08 -7.14219e-09 -0.000213215 -6.96773e-06 -0.0126024 0.0251487 -0.00188682 -0.000640608 -2.94469e-05 -0.00183117 -3.15816e-06 0.000117264 0.00253703 -3.02978e-07 -7.87907e-05 -0.000451321 -3.19973e-06 4.04217e-06 -0.0134838 -1.22017e-05 2.00604e-05 -1.322e-05 1.29426e-06 -0.00203998 3.70327e-05 -0.000911718 -0.000820493 -2.42827e-06 -8.02394e-05 1.27165e-05 0.00139903 0.000477312 1.58368e-05 -6.30038e-07 0.000361897 -1.40837e-05 -6.38494e-08 -1.47119e-05 -0.00288559 1.4731e-05 0.000249856 1.29953e-06 8.92318e-06 -2.89375e-05 -4.85157e-05 -0.000210461 3.15187e-05 0.00355376 -3.55894e-07 -2.09506e-06 0.005774 -1.46974e-07 -4.56153e-07 -0.000738589 -0.00277392 1.4717e-05 -2.1441e-07 3.39045e-06 2.86036e-06 -0.00104726 -0.00170195 -0.000327957 -2.17911e-06 0.00151843 -3.09511e-06 0.00644099 -0.00317352 -1.17459e-07 -0.00190411 -0.00145505 -0.000174796 -4.67668e-07 -1.66865e-07 3.0458e-05 -1.87957e-05 -0.000610693 -9.52706e-06 -7.63871e-05 0.000811484 0.000282088 -5.73928e-05 0.00410998 3.08521e-05 -0.000991966 -8.57656e-05 
0.00394023 -0.0163359 9.47981e-07 -0.0260585 0.0185208 8.39045e-07 1.35494e-06 -7.37017e-05 -1.11651e-05 -0.0143563 0.00127243 -0.0105376 0.0215011 -6.21015e-07 0.00828954 -7.59923e-07 -7.33901e-09 0.00174987 7.9989e-05 -0.0728647 -0.00188682 0.23147 -0.0078713 -0.000241727 0.0515896 4.26923e-05 0.00404013 0.0170111 -4.45686e-06 0.00119298 0.0213024 2.0086e-06 -0.000418233 -0.144902 0.000227073 0.000102026 -0.000909226 0.000843667 -0.0283307 0.000302837 -0.0208022 -0.0118646 2.93112e-05 0.000617147 9.59065e-06 0.0104825 0.00120559 2.6611e-05 -9.14911e-06 0.000843551 -5.50391e-05 7.9668e-07 0.000209397 -0.0157632 0.000131274 0.000173918 2.41732e-05 0.000180628 0.00271772 -0.000191297 -0.00296948 -0.00129636 0.00118736 1.17944e-05 -4.51468e-05 0.0460278 -1.13833e-06 8.09365e-06 -0.0103657 -0.0110231 2.49127e-05 -6.73332e-07 -6.35725e-05 1.87085e-06 -0.0147071 -0.0162934 -0.0796789 4.57068e-05 0.0177727 5.45553e-05 0.0401535 -0.0201073 -1.32564e-06 -0.0228125 0.0154948 -0.00740006 -1.41174e-05 -2.21919e-06 0.000329338 0.000227409 -0.00915777 -0.000120796 0.000415836 0.00697155 0.0206456 0.00114849 0.0262789 0.00452165 -0.0129542 0.00104603 
-0.000180294 -0.00153153 5.3386e-07 0.0188159 -0.0174153 1.98294e-07 -5.3476e-08 6.09053e-05 -2.22457e-06 0.00513827 -9.8422e-05 -0.000184727 -0.0187238 -1.28478e-08 -0.00744685 -3.69845e-07 1.97206e-08 -0.000133149 -5.22051e-06 -0.00344066 -0.000640608 -0.0078713 0.0244758 3.9411e-05 -0.00233851 4.73477e-05 -0.000167692 -0.0209954 1.36193e-06 -7.83434e-05 -0.00113871 7.94339e-07 4.77846e-05 0.00930938 -1.31332e-05 0.000471655 -5.5872e-05 7.70152e-06 0.0173776 -8.86195e-05 -0.00119639 0.00781861 5.52926e-05 -1.28788e-05 -2.75311e-07 -0.0212268 -1.34573e-05 -9.80335e-07 -2.86013e-07 0.000354341 -2.61826e-06 -6.20958e-08 -2.42772e-05 0.0203705 2.87676e-05 -5.3158e-05 7.81769e-07 4.56538e-07 -0.000110093 -5.70977e-05 -0.000203139 -0.000601628 -0.018057 2.33304e-05 7.03118e-06 -0.00904697 5.63729e-07 1.54637e-06 0.00756062 -0.000577134 1.2173e-06 -1.50573e-07 8.34696e-07 1.54441e-05 0.0102552 0.0199195 -0.000773721 -1.65551e-06 -0.0181399 3.19008e-05 0.00570286 0.0102384 -1.14233e-07 0.0167266 -0.00146572 0.000442163 4.76162e-06 9.88163e-08 5.69507e-05 -1.41972e-05 -0.000441577 2.67097e-05 -0.000133771 -0.00806506 -0.00132341 -7.44251e-05 -0.0190618 -0.0001987 0.00807821 -8.80958e-05 
0.000240695 0.000957688 -3.62275e-09 0.000139007 -0.001429 1.95309e-07 -3.66868e-09 2.06397e-06 2.92743e-05 0.000474294 0.000783843 -5.18212e-05 -0.00144089 -2.93953e-09 -0.0014838 2.90053e-07 4.95235e-08 7.34759e-05 0.000504707 -0.00100974 -2.94469e-05 -0.000241727 3.9411e-05 0.00171942 0.000320919 2.86648e-06 4.63789e-05 -8.01861e-05 -3.62275e-08 5.83898e-07 0.000713103 -8.32819e-08 6.39136e-06 -0.000569843 3.90052e-07 2.98097e-05 1.61945e-05 4.51069e-05 0.00034196 -0.00106744 1.00979e-05 4.3539e-05 -1.28911e-07 -6.8783e-07 5.95299e-07 2.59846e-05 4.72676e-05 3.01675e-08 -5.02649e-08 2.91404e-06 -8.07234e-07 -4.26003e-09 4.85948e-06 -0.000130965 4.11969e-05 -1.42784e-06 2.52229e-05 8.48572e-07 9.43735e-06 -1.24335e-06 0.000287854 -0.000130459 -0.000615567 -5.57708e-08 5.95234e-07 0.000358872 -9.8061e-09 9.56549e-09 9.27664e-06 0.000289811 6.26839e-07 9.24763e-09 -3.09999e-07 3.65753e-06 7.96916e-07 -6.87754e-05 -0.00108031 1.82283e-05 -0.00146859 2.10794e-07 0.000604576 -0.000218228 -7.83684e-09 0.000880413 -8.09115e-05 8.34862e-06 4.49076e-06 3.62865e-07 0.000202407 -1.29328e-06 -4.4557e-05 -6.27014e-07 0.000237725 -0.000765864 -7.19973e-05 0.000731644 0.000158658 0.000142401 0.000615246 0.00083059 
-0.000392851 -0.00242378 -2.45804e-08 -0.00710231 0.00295582 1.27845e-06 -1.63841e-07 -2.13084e-05 0.000210241 -0.00968003 -0.00030773 -0.00293165 0.00265019 -7.59987e-08 0.000452117 7.05555e-07 -2.69099e-08 0.0046713 0.000223591 -0.0335861 -0.00183117 0.0515896 -0.00233851 0.000320919 0.0878044 -1.31268e-06 0.000278492 0.00940982 -5.15804e-07 0.000540529 -0.00028863 4.29881e-05 -9.79164e-05 -0.0501263 0.000257811 -0.000101096 -0.000180618 0.00128683 -0.00749603 -0.000853552 -0.00628702 -0.00331288 -5.14348e-06 0.00076389 -4.59814e-07 0.00237326 0.00152102 2.74918e-05 5.72149e-06 -3.08623e-05 -4.1071e-05 -4.39018e-08 6.46749e-05 -0.0107864 0.000189464 -0.000160781 0.000141247 0.000303801 0.00300827 0.000235436 -0.000650594 -0.00162679 -0.020752 3.22723e-06 -1.44218e-05 0.0135159 -4.63761e-07 1.08047e-05 -0.00275437 0.0145723 2.80646e-07 -4.27005e-07 -2.99661e-05 4.56717e-06 -0.00403338 -0.00661021 -0.0551125 7.6309e-05 -0.00102814 6.1504e-06 -0.014045 -0.00828417 -4.42555e-07 -0.00309844 0.0206748 -0.00258358 3.41835e-07 -6.46082e-07 0.000670005 6.65703e-05 -0.00240778 -1.88566e-05 0.00135266 -0.00020907 0.0319252 -0.000282435 0.0100355 0.00318908 -0.00339093 -0.000113656 
2.04448e-05 -6.40489e-06 -4.72416e-10 6.46282e-05 -0.000106396 1.36055e-07 -4.78405e-10 2.00535e-07 3.28219e-06 1.744e-05 2.93687e-05 -5.42919e-06 -0.000149329 -3.83323e-10 -8.06025e-05 2.22762e-07 -6.21403e-11 1.61116e-06 1.95491e-06 -0.000108757 -3.15816e-06 4.26923e-05 4.73477e-05 2.86648e-06 -1.31268e-06 0.000224553 4.40697e-05 -4.89459e-05 -4.72416e-09 -1.17988e-07 1.11385e-06 1.82914e-06 -4.63596e-07 -5.97794e-05 -1.1779e-07 2.46235e-06 -4.40261e-07 1.55736e-06 6.13055e-05 -8.50629e-06 -1.32481e-05 1.30906e-05 1.40872e-07 -7.77351e-07 -3.65579e-09 -0.000108792 4.44399e-05 1.52292e-06 -6.55467e-09 6.3264e-05 1.11406e-07 -5.55519e-10 7.45364e-07 5.28981e-05 3.43163e-06 6.1091e-06 7.66548e-06 6.94645e-07 5.81976e-05 7.91286e-07 9.09887e-06 -1.30476e-05 -5.51444e-05 -7.27266e-09 -3.36568e-08 1.88058e-05 -1.27874e-09 -3.96874e-09 2.64969e-05 2.6458e-05 1.82495e-06 -2.27149e-09 7.49295e-07 -8.58134e-09 4.8309e-05 3.98615e-05 -0.000121649 -2.54266e-08 -0.000165092 7.20836e-07 3.81551e-05 -1.94744e-05 -1.02195e-09 5.66321e-05 -1.18353e-05 3.01019e-06 -1.03333e-08 -1.79982e-09 5.28694e-06 2.29037e-07 -3.75148e-06 3.31128e-06 4.42012e-06 -0.000125562 -5.50845e-06 1.01948e-05 -3.80834e-05 8.94517e-05 4.75548e-05 9.07871e-06 
-6.48613e-05 -0.000102197 -2.04805e-08 -0.000683051 0.000423921 5.00149e-07 1.78259e-06 -1.13814e-06 0.000381818 -0.000953041 -1.85916e-05 -0.000113626 -0.000989179 4.33382e-07 -0.000915035 1.7707e-06 -2.69394e-09 0.000171421 0.000109458 -0.0047725 0.000117264 0.00404013 -0.000167692 4.63789e-05 0.000278492 4.40697e-05 0.00964233 0.001032 2.85288e-08 -1.79117e-05 -0.000304917 2.91557e-05 -1.28367e-05 -0.00516958 -3.16651e-06 1.45145e-05 -2.58989e-05 0.000633888 -0.000552172 -0.00062506 -0.000683194 2.11981e-05 9.69625e-06 0.000217063 4.10818e-06 -0.000644371 0.00140625 3.58954e-05 9.5025e-06 0.000485727 -2.21037e-06 -2.40832e-08 0.000150561 -0.00103108 0.000190202 0.000375731 0.000354004 -2.87584e-06 0.000740595 9.51045e-05 -8.04098e-05 -0.000920792 0.000260702 5.65471e-06 -1.45911e-06 0.00222824 -3.87701e-08 -9.53886e-08 -0.000241545 0.000242088 2.60388e-05 1.68192e-07 9.52384e-07 5.75131e-06 -0.000351999 -0.000618592 -0.00187346 3.7071e-05 -0.000863572 2.09278e-05 -0.000822858 -0.00140138 -4.4304e-08 -0.000563227 3.33349e-05 -0.000107547 1.81536e-06 -6.13603e-08 0.000182105 -3.81305e-06 -0.000243747 1.06571e-05 1.96555e-05 -0.000748741 8.48957e-05 -2.72754e-05 0.00177623 0.00108086 -0.000330652 -2.46227e-05 
0.000403203 0.00680584 -1.52443e-06 -0.0642701 0.0614334 7.75691e-08 -1.87119e-06 -0.000130858 5.41316e-05 -0.0607383 0.000161352 0.00234064 0.0624863 4.03757e-09 0.0246764 -3.62074e-06 -1.9305e-07 0.00087175 -2.19503e-05 0.0185797 0.00253703 0.0170111 -0.0209954 -8.01861e-05 0.00940982 -4.89459e-05 0.001032 0.106743 1.85684e-07 -6.21862e-05 0.00373993 -1.72879e-05 0.000101022 -0.0449397 3.43391e-05 -0.00049482 0.000305392 0.000164869 -0.0613005 -4.4209e-05 -0.00278603 -0.0288898 -8.09023e-05 -0.000489473 -1.23923e-05 0.0468224 1.30782e-05 5.25515e-06 3.41929e-06 -0.000487967 3.06804e-05 -5.99474e-07 0.000140019 -0.0912595 2.08658e-05 0.000217413 -2.04388e-05 -0.00019064 -0.000385924 0.000242535 0.000871743 0.0009438 0.0722141 -2.34523e-05 -0.000120109 0.040891 -4.89489e-06 -9.46632e-06 -0.0249936 -0.000394553 -1.68964e-05 -4.37832e-07 -0.000243623 -2.19243e-05 -0.0358604 -0.0547576 -0.00181034 -3.32013e-05 0.0628582 -6.39096e-05 -0.0172456 -0.0567556 -3.62715e-06 -0.0595257 0.0044925 -0.0176563 -3.41132e-05 -3.48966e-06 -0.00044485 5.58609e-05 0.00271962 -8.07279e-05 -1.9257e-05 0.0304413 0.00670069 0.000291874 0.0901987 0.0010249 -0.0324895 0.000277491 
4.66146e-07 -1.11045e-06 -4.42401e-11 -1.3975e-06 2.24658e-06 -5.72808e-11 -4.4801e-11 7.36828e-07 -1.41539e-08 -1.21997e-06 -2.26354e-08 2.02464e-06 1.70698e-06 -3.58969e-11 7.19007e-07 -3.657e-10 -5.81922e-12 -2.00608e-07 -2.10789e-08 -8.15489e-07 -3.02978e-07 -4.45686e-06 1.36193e-06 -3.62275e-08 -5.15804e-07 -4.72416e-09 2.85288e-08 1.85684e-07 2.10329e-05 1.07767e-06 -9.58581e-07 -2.88949e-09 -5.27789e-08 3.02619e-07 -1.10307e-08 3.8581e-08 -6.40163e-08 -3.14629e-08 -1.54646e-06 -3.30848e-08 -1.21974e-06 -7.30072e-07 -2.1034e-09 2.70537e-07 -3.42353e-10 -3.87357e-07 -7.21192e-08 -9.74895e-10 -6.13823e-10 -6.73596e-08 -1.17302e-08 -5.20224e-11 1.27699e-06 -1.37743e-06 -4.84159e-09 1.58823e-07 -9.1638e-09 1.38372e-07 -5.75184e-08 -4.8888e-08 -1.2789e-07 -1.39862e-06 -2.28555e-06 1.13265e-06 -3.15184e-09 -5.75609e-07 -1.1975e-10 -3.71659e-10 -6.03058e-07 -1.14664e-06 -1.09696e-09 -2.12717e-10 -7.24563e-09 5.09196e-07 -8.49235e-07 5.09187e-08 1.55533e-06 -2.38111e-09 1.85629e-06 -3.04324e-09 -7.45419e-06 2.58128e-06 -9.57017e-11 -1.43019e-06 -4.90055e-07 -5.56009e-07 -9.67674e-10 -1.68547e-10 -3.99307e-08 -1.72587e-08 -1.23417e-08 -8.30824e-09 -1.27348e-07 -1.21619e-06 6.42996e-07 4.11976e-10 -5.94429e-06 -1.55332e-07 -8.21453e-07 -1.38894e-08 
3.33691e-05 -0.000212641 -7.56653e-09 -0.000264619 -8.63943e-05 6.02031e-08 -7.66246e-09 -7.52592e-07 -1.66079e-06 -0.000218298 1.10598e-05 5.77619e-05 -3.30371e-05 -6.13956e-09 -0.000109204 3.97453e-07 -9.95281e-10 -3.36539e-05 3.07681e-05 -0.0013822 -7.87907e-05 0.00119298 -7.83434e-05 5.83898e-07 0.000540529 -1.17988e-07 -1.79117e-05 -6.21862e-05 1.07767e-06 0.00358446 0.000139284 -4.94199e-07 2.69764e-05 -0.00121687 1.91067e-05 -3.99013e-06 -1.08489e-05 -4.25786e-06 -0.000284221 -6.74449e-06 -0.000221898 -0.00011903 -1.56419e-07 1.39274e-06 -2.1887e-08 0.000185424 6.9189e-07 -1.66739e-07 -1.04984e-07 -2.36407e-06 -1.57959e-06 -8.89757e-09 0.000104201 -0.000320781 -6.7474e-07 5.44379e-06 -1.56732e-06 2.32111e-05 0.000301491 -6.01147e-06 -1.69962e-06 -0.000351985 0.000362755 9.88018e-06 -5.3907e-07 0.000232885 -2.04812e-08 1.06298e-05 -0.000102233 -0.000308907 -1.8095e-07 3.00285e-07 -1.82578e-07 -1.37445e-07 -0.000148201 -0.000246715 -0.000321653 2.42275e-06 -2.32471e-05 5.2295e-06 -0.000717912 3.07506e-05 -1.63682e-08 -2.5223e-05 0.00156817 -8.21102e-05 -1.65504e-07 3.94506e-07 4.67719e-06 2.46949e-05 -7.57688e-05 -1.07765e-06 0.000336096 -0.00137156 1.00635e-05 2.78384e-05 -0.000270813 4.03709e-05 -0.000132256 3.68057e-05 
0.000555492 0.00213655 -7.91914e-08 -0.00328169 -0.00392959 -7.07808e-08 -5.374e-08 -1.18118e-05 -2.42682e-05 -0.00306988 0.00155352 -0.00138739 0.00051867 -7.77802e-08 -0.000300671 -1.79053e-07 -1.26089e-08 -0.000366874 0.00036577 -0.0281186 -0.000451321 0.0213024 -0.00113871 0.000713103 -0.00028863 1.11385e-06 -0.000304917 0.00373993 -9.58581e-07 0.000139284 0.0434973 -6.22085e-06 -6.54462e-05 -0.0254578 -7.6942e-06 7.66642e-05 -0.000130082 -4.89494e-05 -0.00358898 -0.000682916 -0.00282253 -0.00155476 -3.82092e-06 -0.000140149 -5.17986e-08 0.00399343 -0.000153082 -2.11237e-06 -1.33001e-06 -0.000119693 -2.54167e-05 -1.12721e-07 -6.27915e-06 -0.00498722 -3.24061e-06 -9.98363e-05 -1.76325e-05 0.000149684 0.00102133 -0.000101566 0.000150813 -0.00091677 0.00498638 -1.2757e-06 -6.82932e-06 0.0128513 -2.5947e-07 4.32803e-06 -0.00129668 -0.00509723 -3.36855e-07 -3.44242e-07 -6.11961e-06 -1.66458e-06 -0.00188973 -0.00278954 -0.0260208 2.34173e-05 -0.00176489 -1.15067e-06 0.020656 -0.00675873 -2.07363e-07 0.000936015 0.000460552 -0.00122601 -1.19339e-06 1.05146e-06 0.000171766 1.74078e-05 -0.00098931 -1.53754e-05 0.000777285 0.000878896 -0.00175864 0.0014948 0.0091338 6.2789e-05 -0.000576762 0.00145165 
-3.93316e-07 -8.00458e-06 -2.88949e-10 1.83554e-05 -5.19452e-05 -3.74122e-10 -2.92612e-10 7.77513e-07 2.57576e-05 -1.7748e-07 -4.11495e-07 -4.04999e-06 -4.75507e-05 -2.34456e-10 -4.87669e-05 8.87611e-07 -3.80075e-11 3.45131e-05 -1.37674e-07 1.02792e-05 -3.19973e-06 2.0086e-06 7.94339e-07 -8.32819e-08 4.29881e-05 1.82914e-06 2.91557e-05 -1.72879e-05 -2.88949e-09 -4.94199e-07 -6.22085e-06 0.000137358 5.48861e-06 -2.38821e-05 3.4478e-05 1.22833e-06 5.95219e-07 3.37512e-05 2.30613e-05 -3.56139e-05 -9.02671e-06 1.37516e-05 1.09595e-07 4.21121e-06 -2.23603e-09 -0.000102084 3.41423e-05 1.97697e-06 4.39932e-06 4.57338e-06 3.36734e-05 -3.39778e-10 3.91277e-07 1.21899e-05 4.89838e-06 3.03085e-06 3.68801e-05 3.11385e-06 1.52982e-05 1.2474e-05 -1.21802e-06 -6.00818e-05 -0.000107555 -4.44826e-09 -2.05859e-08 -1.54032e-05 -7.82131e-10 -2.42745e-09 1.09045e-05 9.6293e-05 3.41284e-06 -1.38934e-09 9.62676e-07 -5.2487e-09 2.21943e-05 1.79053e-05 -7.2884e-05 7.77781e-07 -5.34932e-05 4.1679e-07 -2.92986e-05 -8.11175e-06 -6.25064e-10 5.90929e-06 1.04921e-05 1.05028e-05 4.2368e-07 7.75566e-07 2.01159e-05 2.2061e-07 3.81458e-05 1.0224e-06 2.21572e-07 -0.000103369 2.88745e-05 -4.10963e-07 -7.71397e-05 9.59848e-06 2.12414e-05 -4.94371e-07 
