0.00687303 -3.05432e-06 -1.27849e-05 -0.00295038 -0.00045566 -0.000848227 -9.6994e-06 -7.84622e-05 8.45642e-06 -0.000301729 -7.60713e-05 -8.50396e-05 0.000157679 -0.00182327 -1.5593e-05 -0.000121668 0.000160561 0.00309685 0.000561782 0.000165685 -0.000171272 -2.9205e-05 -0.00113821 0.00023449 -1.5224e-05 -6.91123e-08 0.00349855 -8.34392e-06 0.000135355 4.47703e-07 -1.90556e-08 0.000165161 -5.0803e-05 -0.000757406 -8.84624e-05 -0.000672008 -7.08654e-07 -8.76612e-06 -0.000301956 -9.53291e-06 8.58146e-05 -0.000179866 8.30504e-08 -1.69408e-05 -2.36834e-06 -0.00199974 -0.000133761 -1.2629e-05 2.31063e-06 -0.000298098 -0.000151155 -1.96155e-06 -0.000101714 4.50902e-06 -1.35119e-06 -0.000153034 0.00067647 -0.00113553 0.000650527 0.000497099 -7.41417e-07 -9.66118e-05 -9.99459e-05 -0.000221113 6.46963e-06 1.47932e-05 -2.86065e-09 -9.36572e-10 0.000135714 -3.47662e-08 0.000166412 0.00045915 -0.001312 -1.58695e-06 -2.07961e-05 0.000451792 -3.61907e-06 -7.48282e-05 -7.82527e-08 4.08466e-06 0.000614172 0.000108686 -1.08381e-06 1.2809e-07 -2.28881e-07 -5.23337e-08 -2.14557e-07 -0.00102833 -0.00123808 -8.99084e-06 7.63048e-06 0.000102871 0.000107818 -0.00308855 -0.00105033 -7.58948e-05 0.00140161 -6.70847e-07 0.00198982 -4.56806e-07 
-3.05432e-06 0.000441122 -7.31212e-07 -0.000128696 -3.36713e-05 -5.69531e-05 4.52032e-07 1.55965e-06 1.10096e-06 3.56709e-05 8.9544e-06 6.36145e-05 2.51358e-05 -0.000106445 1.01067e-06 6.05324e-06 -2.57864e-06 -1.05046e-05 1.06132e-05 -1.23423e-05 -1.16501e-05 2.42657e-06 -2.65557e-05 -1.15214e-06 -1.25104e-06 -1.01459e-08 3.20202e-05 -1.43474e-06 -2.57184e-06 -1.63434e-09 -1.21509e-09 -3.35705e-05 -3.08357e-06 -9.73444e-05 -1.74087e-06 -4.18281e-05 -7.17566e-08 -5.33082e-07 5.3679e-05 -1.1514e-06 -6.25913e-07 -5.39111e-07 8.84336e-06 -1.35124e-06 -8.38785e-07 -0.000135694 -1.07408e-06 -6.88945e-07 -2.089e-07 -4.84578e-06 -1.0421e-05 -1.25079e-07 6.4776e-05 1.86054e-07 5.04363e-07 -1.42523e-06 -4.81095e-05 -2.28312e-05 5.46218e-06 4.8682e-05 3.13272e-06 -4.96986e-06 -5.97064e-06 2.38886e-05 0.000141592 6.75789e-07 -1.82411e-10 -1.97269e-09 -6.37267e-05 -2.21688e-09 6.17959e-06 -1.26976e-05 1.32677e-05 8.80756e-09 -2.13321e-07 3.20506e-05 -7.10855e-07 -5.44281e-06 -4.98982e-09 1.01502e-05 -4.79764e-05 9.38909e-07 9.19186e-07 -6.28582e-09 2.60759e-07 -1.31145e-08 -3.29359e-08 -6.52971e-05 9.37538e-05 -5.75643e-07 1.99462e-05 -6.7652e-06 -9.20606e-06 -9.83872e-05 -7.74315e-05 2.1684e-06 2.25577e-05 1.06383e-07 2.37065e-05 -2.99786e-08 
-1.27849e-05 -7.31212e-07 0.00195518 0.000294079 0.000620375 -0.000178083 -2.83699e-06 -2.36918e-05 -3.30536e-07 -0.000184432 -4.79465e-05 -6.20564e-05 -3.1077e-05 0.00121139 3.07154e-05 -3.98722e-05 4.75592e-06 -0.000228077 -0.00129281 6.1217e-05 -1.79949e-05 -2.58118e-06 -0.000167328 6.19119e-06 -1.38402e-06 1.11629e-07 -0.000544393 -1.76883e-05 -1.83831e-05 -7.25488e-09 1.79395e-08 -0.000131587 -1.4593e-05 -0.000549471 -2.52123e-05 -0.000230912 -3.18529e-07 1.03234e-06 5.96107e-05 -5.35791e-06 -1.52992e-05 -4.94909e-05 -5.02977e-07 7.71821e-07 0.000101821 0.000996448 0.000462281 -3.68108e-06 4.42163e-06 -0.000114057 -4.56164e-05 -5.5523e-07 -3.53445e-05 -7.67019e-08 -4.98517e-07 -7.35053e-05 -0.000819348 4.29938e-05 5.32044e-05 -0.00108571 2.01374e-08 -2.79504e-05 -2.90943e-05 -6.08379e-05 -0.000176039 2.38594e-05 -8.09726e-10 -8.75679e-09 9.25037e-05 -9.84078e-09 -2.41646e-07 -2.67652e-05 0.00134275 1.1908e-06 -6.76205e-06 -0.000632396 -2.9829e-06 4.11423e-05 -1.21499e-08 0.00108458 -0.00155122 -1.24248e-06 -8.57677e-07 1.82097e-07 5.84753e-07 -5.82153e-08 -1.5352e-07 -0.00030643 -0.000200434 -9.01958e-07 -4.65149e-06 2.19387e-05 -4.07563e-05 0.000310057 0.000429228 -3.06083e-05 -5.82023e-05 1.15326e-07 -2.03819e-05 -1.33076e-07 
-0.00295038 -0.000128696 0.000294079 0.138745 0.0132537 0.00532859 -0.00270978 -0.0100498 -6.42563e-05 -0.00559027 -0.0194573 -0.0250611 -0.0113259 0.0432477 0.000235389 -0.0154963 0.0021402 -0.083954 -0.00244253 0.031123 0.00350352 0.00266345 0.0347313 -0.0098804 0.000384657 2.03337e-06 -0.0799011 -0.00209266 -0.00638645 -1.03578e-07 -8.71706e-07 -0.00524177 -0.00591858 -0.0427082 -0.0106272 0.0036668 -2.05457e-05 0.00018378 -0.0103549 -2.23776e-05 -0.00177621 -0.0208397 -7.75381e-06 8.46912e-05 0.000305218 0.0506563 0.0333587 -0.00119161 3.79176e-05 -0.0437835 0.00335476 -0.000152574 -0.0141316 -6.16238e-07 -0.000181563 -0.0194933 -0.0684452 0.0634767 -0.00600726 -0.0188943 -8.48054e-05 -0.0118921 -0.0123873 -0.0290582 0.00353331 -2.12698e-06 -3.44534e-07 -1.6593e-06 0.0492319 -4.1672e-06 0.0014459 -0.000773063 0.0315258 -7.58344e-06 -0.000845699 -0.00139345 -7.22595e-05 0.0186499 -9.15133e-06 0.0033952 -0.0203518 0.000134122 -0.000233778 5.00811e-07 -1.07447e-05 2.89969e-06 1.70918e-05 0.00287436 -0.00848915 -0.000957446 -0.0021878 0.0174821 -0.00921177 0.107068 0.0289637 -0.012082 -0.0247387 -6.3254e-05 -0.0128976 -5.5693e-05 
-0.00045566 -3.36713e-05 0.000620375 0.0132537 0.0742199 -0.0113483 -0.00027144 -0.000978826 -3.74364e-05 -0.00785945 -0.00200842 -0.00270152 -0.00131967 0.0395064 0.00161672 -0.00119907 0.00279513 -0.00975103 -0.0681582 0.00298654 0.00502249 0.00102009 0.00164505 -0.000992745 0.00185176 5.94049e-06 -0.0222584 -0.000723296 -0.000663127 8.50998e-07 -2.223e-07 -0.00203116 -0.000608538 0.0380273 -0.00103886 -0.0102746 -1.27545e-05 0.000449291 -0.00315796 -0.000109932 -9.32223e-05 -0.00233167 4.91837e-05 -0.000166815 0.00155471 0.053633 0.0452071 -0.000162731 -0.00010217 -0.00503725 0.000289263 -7.93321e-06 -0.00150221 -6.47852e-07 -1.92258e-05 -0.00338841 -0.0290124 0.0115166 -0.00110251 -0.0698503 -8.06259e-06 -0.00115113 -0.0012001 -0.00287849 -0.00757858 7.01171e-05 -3.3372e-08 -3.07568e-07 0.00534906 -4.05577e-07 0.00145058 -0.00225384 0.0573829 9.41024e-06 -0.000271361 -0.0663356 -0.00013006 0.000417195 -9.12885e-07 0.000644838 -0.0654201 0.000622047 -2.04785e-05 -1.11999e-06 -1.17188e-06 1.84007e-05 -8.54808e-06 -0.0132453 -0.0127361 -9.43702e-05 -0.000209336 0.001824 -0.00169633 0.0136443 0.0643478 -0.00120239 -0.00249675 5.97464e-07 -0.00133447 -5.46124e-06 
-0.000848227 -5.69531e-05 -0.000178083 0.00532859 -0.0113483 0.125875 -0.000239959 -0.00153824 8.9751e-06 0.0233827 0.00130065 -0.00468159 -0.000416196 -0.0424217 0.000133814 0.000902094 0.00180812 -0.0175448 0.00702141 -0.000809177 -0.00361302 -0.00166481 0.00104906 -0.00144056 -0.000363599 -2.61864e-06 -0.0357626 0.000374402 -4.51201e-05 1.26402e-07 8.0037e-08 0.00776212 -0.000895001 -0.0174838 -0.00106869 -0.00420237 2.292e-05 -0.000177247 -0.000275473 0.000281489 -0.00115722 0.000633438 3.16182e-05 0.00153298 -0.000199601 -0.0276942 -0.0471713 6.77879e-05 -0.000190711 -0.00462312 -0.00236425 -4.18444e-05 -0.00223016 3.78425e-06 -2.13456e-05 0.00170311 0.0503433 0.015861 0.00279055 0.0118376 -1.39878e-05 -0.00154096 -0.00115337 0.00070812 -0.00525218 -0.000181612 -6.10437e-08 -6.60158e-07 -0.000570426 5.21456e-07 -0.000888835 0.000709573 -0.0225994 -2.9114e-05 -0.000218178 0.01323 0.00104252 -0.00352562 3.75683e-06 -0.0019401 0.00190254 -0.000265628 0.000115397 -1.78355e-06 -6.64501e-06 -3.82875e-06 -1.48528e-05 -0.00289387 0.0207774 -0.000111689 0.00203006 -0.0046212 -0.00302342 0.00405789 -0.0249586 -0.00207706 0.000802901 -5.10957e-06 0.00323796 -5.209e-06 
-9.6994e-06 4.52032e-07 -2.83699e-06 -0.00270978 -0.00027144 -0.000239959 0.00335279 1.87695e-05 -4.70707e-06 0.000483809 0.000119785 0.00143019 0.000547129 -0.000890749 -8.55085e-06 2.03299e-06 -4.01116e-05 0.00248556 0.000369092 -0.000641477 -8.26471e-05 -6.33838e-05 -0.000741797 0.000796292 -9.66354e-06 -7.73407e-08 0.00191762 2.50115e-05 7.27842e-05 -1.24584e-08 -9.2625e-09 1.34694e-06 -2.4386e-05 3.04983e-05 -3.40133e-05 -0.000448642 4.13634e-06 -2.99771e-06 -0.000131319 -1.76675e-06 -2.48391e-05 0.000638125 1.66266e-07 9.19263e-05 -6.7751e-06 -0.00104725 -0.000140566 0.000146954 -4.76069e-06 0.0010118 -7.45315e-05 -9.53465e-07 4.30976e-05 6.82841e-08 3.80592e-07 9.29857e-05 0.00181343 -0.00266022 -3.538e-05 0.000390368 5.99615e-07 -1.9661e-05 -1.2083e-05 -3.38803e-05 -0.000308735 -3.5772e-06 -1.3905e-09 -1.50375e-08 -0.00194649 -6.89901e-09 -1.52551e-05 -4.90478e-05 -0.000740014 -6.44711e-07 0.000215245 0.000259998 3.5581e-05 -0.000207831 -3.80368e-08 -4.93545e-05 0.000374098 -5.25721e-06 3.21051e-05 -4.7916e-08 3.81798e-06 1.03363e-07 -3.78114e-07 -0.000473479 0.000675274 4.97419e-05 -5.81302e-06 -0.00016585 0.000134992 -0.00271892 -0.000598912 -4.38117e-06 5.02396e-05 2.41462e-06 -3.04533e-05 2.46215e-05 
-7.84622e-05 1.55965e-06 -2.36918e-05 -0.0100498 -0.000978826 -0.00153824 1.87695e-05 0.011984 -1.64691e-05 -0.000615343 4.24708e-05 0.010211 -0.000159592 -0.00350846 -3.0852e-05 -0.000233568 -0.000168122 0.000793971 0.00146264 -0.0106269 -0.000313584 -0.000239916 -0.00709711 -0.000137031 1.29936e-06 -2.78895e-07 0.00458836 5.36186e-05 -8.26082e-05 -4.49257e-08 -3.34011e-08 -0.000992445 -8.58833e-05 -0.00350413 -0.000149047 -0.00168201 -1.41249e-06 -1.2766e-06 -0.000516562 -3.45824e-05 -9.89345e-05 0.0112431 2.73487e-05 -2.21028e-06 -2.44314e-05 -0.00368673 -0.00404842 -2.14988e-05 -1.70075e-05 -4.23201e-05 -0.000283292 -2.46825e-06 0.011413 -2.51642e-07 -2.39706e-06 -0.000435263 0.00692659 -0.00973152 0.000148605 0.00122864 1.43376e-06 -0.000166666 -0.000172101 0.010851 0.00123279 -1.40779e-05 -5.01421e-09 -5.42263e-08 -0.0110967 -6.09388e-08 -0.000125817 -0.000385354 -0.0027889 -2.54497e-06 -3.22539e-05 0.00111837 -1.85279e-05 -0.00156588 -1.37163e-07 -0.000257361 8.45275e-05 6.74205e-05 3.99666e-06 -1.72788e-07 1.47978e-06 -3.60497e-07 -1.3235e-06 -0.00189412 0.00689595 0.000921933 -2.43572e-05 -1.68226e-05 -0.000228371 -0.0100109 -0.00217429 0.0114723 -0.000353864 -5.80521e-07 -0.00020061 -8.24069e-07 
8.45642e-06 1.10096e-06 -3.30536e-07 -6.42563e-05 -3.74364e-05 8.9751e-06 -4.70707e-06 -1.64691e-05 0.00155136 -5.92394e-05 0.000257413 2.45369e-05 5.85669e-05 -0.000431648 2.9988e-06 0.000187721 0.000317974 -0.000187742 -0.00104597 -0.000256909 0.000335936 0.000832552 -0.000390079 -1.64424e-05 4.1567e-06 9.00945e-07 -0.000434888 -3.40271e-06 7.01472e-05 2.75792e-08 -4.27807e-09 0.000465417 -2.64501e-06 0.000263047 5.15205e-05 0.000582641 -9.26389e-08 1.14245e-06 0.000220288 -3.98603e-06 5.42411e-06 4.83457e-06 5.2644e-06 7.58793e-05 -4.25463e-08 0.000629603 -0.000511612 -2.92033e-06 -1.96755e-06 -8.77457e-05 -3.60197e-05 3.19623e-07 0.000118707 -3.08355e-08 1.33413e-05 0.000129398 -0.000652865 -0.000836483 -1.55177e-05 -0.000967435 9.00216e-07 0.000117888 0.000160436 0.00026072 1.28596e-05 -1.04445e-06 -6.42228e-10 -6.94538e-09 -0.000217533 -7.80514e-09 6.36772e-05 -4.82082e-05 0.000763593 1.90504e-05 2.79467e-05 -0.000215773 3.85241e-05 -0.000565451 1.1491e-06 3.57724e-05 -0.000972443 2.90439e-05 1.32951e-06 1.12024e-08 3.71663e-06 1.73827e-07 -1.24639e-07 0.000167071 -0.000208568 -1.75671e-06 1.84075e-05 -0.000425199 -2.83502e-05 6.87505e-05 0.00050103 2.1035e-05 0.00023655 2.0456e-07 -2.6036e-05 -1.05548e-07 
-0.000301729 3.56709e-05 -0.000184432 -0.00559027 -0.00785945 0.0233827 0.000483809 -0.000615343 -5.92394e-05 0.0880315 0.00260899 0.00421395 0.00659126 -0.0203542 -0.000130594 0.000735564 -0.00130544 -0.00344533 0.00950807 -0.00419173 -0.0025182 -0.00183706 -0.00730323 0.00607023 -0.000278178 -2.1926e-06 -0.0145765 -0.000817405 0.00339645 1.87514e-08 4.94754e-07 -0.00527353 -0.000635125 -0.0242362 -0.000918301 -0.00666152 -1.17241e-05 -0.000115528 -0.00294528 -0.000220981 -0.000456257 0.000574756 -1.29552e-05 -0.000283906 -0.000195897 -0.0212701 -0.029946 -0.00017496 -6.48362e-05 0.000840058 0.00122727 -2.47571e-05 0.00134694 -3.81929e-06 1.27692e-06 -0.00192608 0.0170607 0.00543559 0.000291942 0.011019 3.04801e-05 -0.00093304 -0.000949694 0.00150994 0.00961919 7.90429e-05 6.34729e-09 -1.66035e-07 -0.0106727 8.13323e-07 0.000880972 0.000596189 -0.0102685 9.15616e-06 -0.000100465 0.00866831 -0.000101451 -0.00104856 -9.8293e-07 -0.00193381 0.00880809 0.000118569 -3.63407e-05 -1.32273e-06 -1.03956e-07 -1.07877e-06 -8.74394e-06 -0.00324517 -0.00345123 8.20488e-05 0.000878727 -0.000654419 -0.00198797 -0.000864628 -0.0168734 1.25336e-05 0.00422892 1.7087e-06 0.00150712 -6.04969e-06 
-7.60713e-05 8.9544e-06 -4.79465e-05 -0.0194573 -0.00200842 0.00130065 0.000119785 4.24708e-05 0.000257413 0.00260899 0.0244095 0.000886722 0.00407435 -0.00721138 -4.70406e-05 0.0181768 -0.000338593 -0.00140068 -0.0141566 -0.0205207 -0.000433086 -0.000483069 -0.0215763 0.00222374 -7.13413e-05 -2.72251e-07 -0.00591212 0.00246253 0.00431039 6.15557e-10 3.144e-07 0.00269615 0.00697142 -0.00652094 0.0124054 0.0161491 -1.05082e-06 -2.65699e-05 0.0158042 -3.23612e-05 -0.000187697 0.00265936 -1.24807e-06 4.56396e-05 -3.41816e-05 -0.00741742 -0.00856696 0.00033853 -3.41947e-05 0.000471197 -0.000398537 0.000191501 0.00186713 3.86641e-06 0.000211156 0.0173825 -0.00748558 -0.0190355 -0.000280804 0.00264222 7.41746e-05 0.0138794 0.0143753 0.0197926 0.00566536 0.000104631 4.02985e-07 -1.11912e-07 -0.0214313 4.81757e-06 -0.000262978 -0.000421972 -0.00574547 3.20659e-05 0.000943297 -0.0116327 6.83813e-05 -0.0206316 7.72359e-06 -0.000530772 0.00366246 -5.05028e-05 0.000125266 1.20066e-07 2.14399e-05 2.19338e-07 -2.06733e-06 0.0166018 -0.00458021 8.19399e-05 0.00199961 -0.019816 0.000105533 -0.00488479 -0.0041445 0.000756936 0.019065 3.64616e-05 -0.000291001 6.3046e-05 
-8.50396e-05 6.36145e-05 -6.20564e-05 -0.0250611 -0.00270152 -0.00468159 0.00143019 0.010211 2.45369e-05 0.00421395 0.000886722 0.0323807 0.00513829 -0.00898531 -8.37779e-05 -0.000151509 -0.000463374 0.0146071 0.0040761 -0.0135703 -0.000662228 -0.000649963 -0.0129754 0.00492013 -6.07393e-05 -7.70237e-07 0.0157282 0.000243116 0.000797346 -1.24073e-07 -7.8912e-08 -0.00208618 -0.000252819 0.000864314 -0.000412477 -0.00478157 2.5025e-06 -2.60035e-05 -0.00146715 -8.87311e-05 -0.000259337 0.0147413 3.37414e-05 -1.07678e-05 -6.74566e-05 -0.0104922 -0.00931116 0.00026987 -4.41538e-05 0.0128581 -0.000753884 -7.45557e-06 0.0140974 -1.13176e-06 6.14768e-06 -0.000540214 0.0156885 -0.0238274 0.000354694 0.00360358 4.18576e-05 -0.000473783 -0.000465803 0.0117762 0.00335572 -6.11423e-06 3.28187e-08 2.53574e-07 -0.0236712 -1.68297e-07 -0.00014274 -0.0010775 -0.007475 4.68451e-06 0.000152278 0.00313342 -2.87063e-05 -0.00192104 -3.78809e-07 -0.000666381 0.00281575 0.000132204 -1.67116e-06 1.34614e-06 6.83517e-06 -1.38935e-07 -2.44231e-06 -0.00510581 0.00499148 0.000921393 -3.5431e-05 3.85999e-05 -0.000171506 -0.0251724 -0.00585803 0.0114026 0.00139231 2.04959e-06 -0.000506698 -2.27587e-06 
0.000157679 2.51358e-05 -3.1077e-05 -0.0113259 -0.00131967 -0.000416196 0.000547129 -0.000159592 5.85669e-05 0.00659126 0.00407435 0.00513829 0.0160944 -0.00406569 -4.05145e-05 0.00247929 -0.0002252 0.00668725 0.00055695 -0.00561304 -0.000427215 -0.000314965 -0.0109707 0.00780314 -4.64377e-05 -2.06166e-07 0.00707925 2.70393e-05 0.00487303 -3.05945e-08 3.11616e-07 5.47106e-05 -0.000110588 -0.00304097 -7.92295e-06 3.68582e-05 -2.6371e-06 -2.03869e-05 0.000195585 -4.25671e-05 -5.71297e-05 0.00142374 -4.15432e-06 -4.59582e-05 -1.86657e-05 -0.00508718 -0.00390918 -3.0907e-05 5.44697e-05 0.00491418 -0.000386121 1.66526e-05 0.00096227 -3.973e-07 5.82663e-05 0.00479829 0.00165115 -0.00991661 -0.000209169 0.00190313 4.73505e-05 0.000314515 0.000212659 0.00252251 -0.000654167 0.000136396 3.99036e-08 2.93528e-07 -0.011555 3.11408e-08 -0.000183648 0.00115545 -0.00360553 -2.95512e-06 6.45184e-05 0.00101704 -1.57541e-05 -0.00291621 1.555e-06 -0.000282627 0.00219076 -3.93965e-06 4.07642e-05 -2.33052e-07 5.50437e-06 1.91377e-06 1.42818e-08 -3.11889e-06 -0.00192091 5.15776e-05 0.00059761 -0.00281277 -0.000322712 -0.0101559 -0.00290526 -3.79557e-05 0.00864603 2.87544e-06 -5.19942e-05 5.87852e-06 
-0.00182327 -0.000106445 0.00121139 0.0432477 0.0395064 -0.0424217 -0.000890749 -0.00350846 -0.000431648 -0.0203542 -0.00721138 -0.00898531 -0.00406569 0.206226 0.000775048 -0.00582738 -0.000397213 -0.0265642 -0.0375014 0.0107542 0.00132696 -0.000752482 0.0114686 -0.00302679 0.000419105 -4.08167e-06 -0.0236349 -0.00222932 -0.00251939 -7.30183e-07 -7.63944e-07 -0.0224435 -0.00190219 -0.0138927 -0.00374394 -0.0420522 -4.45796e-05 2.89488e-05 -0.0104203 -0.000738769 -0.000790427 -0.00784065 -6.09941e-05 -0.00075894 0.000918609 0.0515172 0.143309 -0.000532683 0.000347282 -0.0176922 -0.00461457 -3.43001e-05 -0.00519816 -8.41495e-06 -7.2752e-05 -0.0120587 -0.111436 0.011921 -0.000764086 -0.0424919 -3.03068e-05 -0.0041487 -0.00431557 -0.0102979 -0.00831682 0.000310916 -1.20188e-07 -6.36447e-07 0.016312 -1.44068e-06 -0.00175609 -0.00325674 0.0463114 4.93488e-05 -0.000889859 -0.0355306 -0.000488003 0.00738528 -3.28774e-06 0.0044175 -0.0301592 -0.0005544 -9.38166e-05 4.35168e-06 -1.40374e-05 9.46236e-06 1.35508e-05 -0.0476935 -0.05475 -0.000327418 -0.000763678 0.00706199 -0.00317414 0.0369389 0.074318 -0.00452921 -0.00830839 3.6829e-05 -0.0048739 -1.96626e-05 
-1.5593e-05 1.01067e-06 3.07154e-05 0.000235389 0.00161672 0.000133814 -8.55085e-06 -3.0852e-05 2.9988e-06 -0.000130594 -4.70406e-05 -8.37779e-05 -4.05145e-05 0.000775048 0.00255998 0.000119091 0.00102332 -0.000310546 -0.0020763 5.88657e-05 -2.17033e-05 2.43091e-05 -0.000636542 -1.0818e-05 0.000273954 6.67661e-07 -0.000721058 -2.16607e-05 -3.09214e-05 -6.17151e-09 -7.0666e-09 -0.000146608 -1.9161e-05 -0.000679184 -3.12909e-05 -4.90937e-05 -3.40648e-07 1.26459e-05 4.09924e-05 2.79368e-05 -1.50418e-05 -6.65952e-05 7.29437e-06 -4.05064e-07 8.57776e-06 0.00131236 0.000573405 -5.28492e-06 -2.76082e-06 -0.000157426 -3.20691e-05 -7.27424e-07 -4.55975e-05 4.32844e-07 -4.23122e-07 -0.000100913 -0.000905239 0.00036269 -2.523e-05 -0.00201522 -2.74947e-07 -3.54187e-05 -3.58074e-05 -7.424e-05 -0.000215279 0.000107609 -1.06085e-09 -1.14725e-08 0.000107095 -1.28927e-08 8.04288e-05 -6.45155e-05 0.00184202 2.2715e-06 -8.53917e-06 -0.00164225 -4.50122e-06 -0.000414022 -2.90193e-08 0.000532973 -0.00206342 9.47753e-05 2.40669e-06 1.67769e-08 1.2603e-06 2.94373e-06 -2.0514e-07 -0.000357414 2.18179e-05 -3.2111e-06 -3.64245e-06 -2.16663e-05 -5.38524e-05 0.000386931 0.00121183 -2.01117e-05 -6.78929e-05 1.27151e-06 -2.62706e-05 -1.74347e-07 
-0.000121668 6.05324e-06 -3.98722e-05 -0.0154963 -0.00119907 0.000902094 2.03299e-06 -0.000233568 0.000187721 0.000735564 0.0181768 -0.000151509 0.00247929 -0.00582738 0.000119091 0.0200141 8.70474e-05 -0.00245746 -0.0144237 -0.0178945 -0.000444603 -0.000326079 -0.0181511 0.00100215 0.000300493 1.83613e-07 -0.00562218 0.0020195 0.0024088 1.74335e-07 2.90412e-07 0.000597854 0.00701869 -0.00603203 0.0124589 0.0161335 -3.32209e-06 -1.94098e-05 0.0149353 1.02624e-05 -0.000159889 0.00139887 -4.73245e-06 -5.55646e-05 -2.66711e-05 -0.00585378 -0.0068492 -4.03964e-05 -2.85893e-05 -0.00103297 -0.000396868 0.000183369 0.000563679 4.06671e-06 0.000210161 0.0154477 -0.0081406 -0.0147202 -0.00025708 0.00191156 2.25612e-05 0.0139557 0.0141291 0.0177216 0.00471852 9.96638e-05 3.81555e-07 -6.79955e-08 -0.0173132 4.81403e-06 -0.000217063 -0.000547109 -0.00417554 1.04651e-05 0.000341999 -0.0125339 1.29231e-06 -0.0185903 8.03565e-06 -0.000431878 0.00248993 8.35918e-05 4.0251e-05 3.92321e-07 3.49032e-06 6.12844e-07 -1.66977e-06 0.0159082 -0.00387307 6.13963e-06 0.0011753 -0.0182133 -0.000294525 -0.000556527 -0.00315909 -0.000238266 0.016353 3.44344e-05 -0.000331144 6.22388e-05 
0.000160561 -2.57864e-06 4.75592e-06 0.0021402 0.00279513 0.00180812 -4.01116e-05 -0.000168122 0.000317974 -0.00130544 -0.000338593 -0.000463374 -0.0002252 -0.000397213 0.00102332 8.70474e-05 0.0136723 -0.00167553 -0.00772736 0.000462526 0.000496819 0.00179807 -0.00236779 7.42811e-05 0.00110974 1.70913e-05 -0.00372407 -0.000123862 -2.99286e-05 4.71988e-07 -2.81736e-08 0.00420494 -0.00010237 -0.00261307 -0.000178273 0.00361605 -1.94432e-06 3.08871e-06 0.000124017 1.17797e-05 -8.80831e-05 -0.000398216 8.2737e-05 0.00149279 2.28644e-05 0.00613148 -0.00134895 3.55161e-06 -1.78177e-05 -0.000833075 2.04427e-05 6.00714e-06 -0.000249224 1.45272e-05 -3.52481e-06 -0.000578711 -0.00339087 -0.000730196 -0.000188897 -0.00745269 -1.45859e-06 -0.000197763 -0.000205649 -0.000491971 -0.00110107 0.000153192 -5.73066e-09 -2.53077e-08 0.000872039 -6.9646e-08 0.00205286 -0.000458477 0.00668561 4.74758e-06 -3.21603e-05 -0.0036842 0.000975658 -0.00431141 -9.4651e-11 0.000911235 -0.00881291 0.00113996 -1.98159e-06 2.39586e-06 -1.00029e-06 6.7466e-07 -1.30499e-06 -0.000647434 -0.00103458 -1.80212e-05 -3.47652e-05 -0.00187883 -0.000210694 0.001965 0.00419004 -0.00012582 -0.000421876 8.14556e-06 -0.000224871 -7.81816e-07 
0.00309685 -1.05046e-05 -0.000228077 -0.083954 -0.00975103 -0.0175448 0.00248556 0.000793971 -0.000187742 -0.00344533 -0.00140068 0.0146071 0.00668725 -0.0265642 -0.000310546 -0.00245746 -0.00167553 0.106511 0.0148071 -2.77559e-05 -0.00255642 -0.00173501 -0.00715931 0.00818754 -0.000347378 -2.78641e-06 0.0748893 -0.000417115 0.00250849 -2.88847e-07 5.6296e-07 0.00510611 -0.000912221 0.0539198 -0.00156058 -0.0180082 -7.51352e-06 -0.000153924 -0.0054769 -0.000227125 0.00155241 0.00602108 -2.33716e-05 -0.000324984 -0.000230578 -0.0376646 -0.00959698 0.000626008 -8.60143e-05 0.0395727 -0.00187944 -3.39078e-05 0.00169887 -4.29875e-06 -3.08424e-05 0.000151052 0.0578526 -0.0412433 0.000646285 0.014041 -5.12718e-06 -0.00172723 -0.00169421 -0.00192874 -0.00946729 -8.24847e-05 -5.00963e-08 1.66823e-06 -0.0169061 -5.62166e-07 -0.000991422 0.00136078 -0.0258581 -2.37643e-05 -7.00899e-05 0.0110577 -0.000175313 0.00323104 -1.26704e-06 -0.00249329 0.0170123 -0.000190799 4.21853e-05 1.5437e-06 -1.00799e-05 -3.00835e-06 -1.26159e-05 -0.0179917 -0.00232612 -5.15715e-05 -0.000231047 0.00273543 0.00877739 -0.0937056 -0.0197668 0.00125429 0.00603127 3.07282e-05 0.00566417 -8.07984e-06 
0.000561782 1.06132e-05 -0.00129281 -0.00244253 -0.0681582 0.00702141 0.000369092 0.00146264 -0.00104597 0.00950807 -0.0141566 0.0040761 0.00055695 -0.0375014 -0.0020763 -0.0144237 -0.00772736 0.0148071 0.107491 0.0129204 -0.00963904 -0.00941453 0.0155012 6.09058e-05 -0.00223044 -1.82538e-05 0.0338107 -0.00155907 -0.00034137 -1.06635e-06 -4.49392e-07 -0.00284324 -0.00625196 -0.0372014 -0.0111525 -0.00863823 1.23876e-05 -0.000623426 -0.0188326 0.000229879 0.000409802 0.00219318 -0.000114856 -0.00140961 -0.00173491 -0.0561729 -0.0340622 0.000189131 0.000130208 0.00715059 0.000186829 -0.000233692 0.00214649 -1.82638e-05 -0.000157301 -0.0106719 0.0405505 0.00638525 0.000978633 0.0782667 5.716e-06 -0.0122967 -0.0127337 -0.0130972 0.00595445 -0.000373891 -2.92701e-07 5.00894e-07 0.00942842 -4.33132e-06 -0.00341032 0.00328181 -0.070977 -9.04952e-05 4.48831e-05 0.077781 -0.00112437 0.0187205 -9.40497e-06 -0.00580609 0.0822989 -0.00109768 -0.000161049 -3.64524e-06 -6.98889e-07 -1.91531e-05 1.26049e-05 0.000934798 0.012796 0.000118002 -0.00184459 0.0168215 0.00247882 -0.0172171 -0.0670298 0.00176729 -0.0119353 -3.63908e-05 0.00204307 -5.88455e-05 
0.000165685 -1.23423e-05 6.1217e-05 0.031123 0.00298654 -0.000809177 -0.000641477 -0.0106269 -0.000256909 -0.00419173 -0.0205207 -0.0135703 -0.00561304 0.0107542 5.88657e-05 -0.0178945 0.000462526 -2.77559e-05 0.0129204 0.0359855 0.000894285 0.000734809 0.030886 -0.00377805 4.24942e-05 1.82767e-07 -0.000484601 -0.00249493 -0.00406875 -1.11558e-07 -3.83739e-07 -0.00071314 -0.00689165 0.0108139 -0.0122852 -0.0139017 -5.33499e-06 2.37864e-05 -0.015547 3.38679e-05 0.000294398 -0.0153465 -1.86419e-05 -0.0001734 5.30703e-05 0.0113393 0.0127954 -0.000243257 4.75194e-05 -0.00230221 0.000740772 -0.000188355 -0.014033 -3.843e-06 -0.00021191 -0.0170498 -0.00151127 0.0297296 -0.000196143 -0.00404648 -8.26953e-05 -0.0137276 -0.0142211 -0.0320403 -0.00745838 -7.39354e-05 -3.97882e-07 -1.99565e-07 0.0347533 -4.75888e-06 0.000281535 0.000836936 0.00857456 -2.94982e-05 -0.00080841 0.0104919 -0.000151939 0.0219055 -1.05507e-05 0.000714617 -0.0039431 -8.19312e-05 -0.000186531 5.57911e-08 -1.57223e-05 -7.62437e-07 3.31838e-06 -0.0142277 -0.00247223 -0.00107842 -0.00223904 0.0201714 0.000507997 0.0160672 0.00665208 -0.0122598 -0.0196199 -3.82849e-05 0.000590124 -6.43172e-05 
-0.000171272 -1.16501e-05 -1.79949e-05 0.00350352 0.00502249 -0.00361302 -8.26471e-05 -0.000313584 0.000335936 -0.0025182 -0.000433086 -0.000662228 -0.000427215 0.00132696 -2.17033e-05 -0.000444603 0.000496819 -0.00255642 -0.00963904 0.000894285 0.0257016 0.00420996 0.00100427 -0.000320796 0.000904743 1.42798e-05 -0.00698904 -0.000157877 0.000892876 -9.77623e-08 2.39829e-08 0.00484932 -0.00019713 0.0151018 -0.000336115 -0.00294966 5.33103e-06 0.000644902 -0.00110063 -4.4591e-05 0.000139052 -0.000447783 6.15722e-05 0.000114436 -5.22782e-05 0.0167866 0.000358915 0.000334694 -3.52792e-05 -0.00131263 -0.000293865 5.94181e-05 -0.000303037 -8.80254e-07 -6.58103e-06 -0.00108307 0.00237645 -0.0154012 -0.00031231 -0.0190274 1.7972e-05 -0.000364873 -0.000381187 -0.000916644 -0.00253445 -2.39794e-05 -1.09114e-08 -9.13344e-08 0.000607508 -1.32608e-07 -0.00022985 -0.00034928 0.00474408 2.90257e-07 3.74155e-05 -0.00504295 -3.29655e-05 -0.00040336 -2.98478e-07 -0.000474447 -0.0154871 2.95714e-05 -1.02943e-05 2.60733e-06 2.22455e-06 1.72193e-07 -2.79376e-06 -0.00389803 -0.00495247 -1.61369e-05 -6.63116e-05 0.000558389 -0.000397133 -0.00184431 0.0190138 -0.00023405 -0.000801293 1.18828e-05 -0.000415052 -1.71658e-06 
-2.9205e-05 2.42657e-06 -2.58118e-06 0.00266345 0.00102009 -0.00166481 -6.33838e-05 -0.000239916 0.000832552 -0.00183706 -0.000483069 -0.000649963 -0.000314965 -0.000752482 2.43091e-05 -0.000326079 0.00179807 -0.00173501 -0.00941453 0.000734809 0.00420996 0.0193979 0.0002489 -0.000210328 0.000410914 1.31384e-05 -0.0050951 -0.000166877 0.000299431 -7.3287e-08 2.35513e-07 0.00331039 -0.000148007 0.011584 -0.000254711 0.000842737 7.18964e-07 7.68242e-05 -0.000501028 -5.62007e-05 -0.000139924 -0.000529462 1.49124e-05 0.000209921 -3.43615e-05 0.00673941 -0.00477487 -3.51511e-05 -1.18677e-05 -0.000907893 -0.000160436 7.19779e-05 -0.000347205 1.55118e-05 -5.03589e-06 -0.000811446 -0.00471475 -0.00361776 6.93317e-05 -0.0128141 -2.11998e-06 -0.000282038 -0.000293924 -0.000703024 -0.00187523 5.53737e-05 -8.17965e-09 -8.8459e-08 0.00127122 -9.94091e-08 0.00201742 -0.000651799 0.0133726 4.23901e-06 -2.02919e-05 -0.00240653 -4.38504e-06 -0.00162986 -6.70863e-08 0.000152151 -0.0114276 0.000401272 -5.63382e-06 2.0948e-06 -3.51377e-07 2.03526e-06 -2.12427e-06 -0.00298869 -0.00363775 -2.53596e-05 -4.71591e-05 -0.000512501 -0.000173847 0.00156273 0.0073509 -0.000302436 -0.000609173 -5.87623e-07 -0.000331375 -1.50966e-07 
-0.00113821 -2.65557e-05 -0.000167328 0.0347313 0.00164505 0.00104906 -0.000741797 -0.00709711 -0.000390079 -0.00730323 -0.0215763 -0.0129754 -0.0109707 0.0114686 -0.000636542 -0.0181511 -0.00236779 -0.00715931 0.0155012 0.030886 0.00100427 0.0002489 0.0456573 -0.0100774 -0.000695321 -1.58041e-05 -0.00457791 -0.0024415 -0.00626645 -1.1024e-06 -4.17958e-07 -0.00259945 -0.00681821 0.0129631 -0.0121532 -0.0154333 7.28101e-06 3.91181e-05 -0.0156202 2.76419e-05 -0.000417049 -0.0127226 -6.02837e-05 -0.000143203 -6.15038e-05 0.0116096 0.0150369 5.41113e-05 -4.45185e-05 -0.0046221 0.000932519 -0.000186974 -0.0104111 -9.09232e-06 -0.000209783 -0.0204679 -0.000285585 0.0338915 0.000157561 -0.002064 -5.16558e-05 -0.0135828 -0.0141416 -0.0281423 -0.00627314 -0.000384803 -3.93511e-07 -5.98965e-07 0.0369627 -4.70576e-06 -0.00227573 -0.000914784 0.00648599 -5.87436e-05 -0.000542037 0.0119932 -0.000222909 0.0228732 -1.05878e-05 -0.000827624 -0.00244372 -0.00123279 -0.00017936 -2.41026e-06 -1.06058e-05 -3.29487e-06 3.49689e-06 -0.0131651 -0.000470012 -0.000520776 -0.0022427 0.0198322 0.000706978 0.0195353 0.00628865 -0.00908385 -0.0251437 -6.42269e-05 -0.000425532 -6.27756e-05 
0.00023449 -1.15214e-06 6.19119e-06 -0.0098804 -0.000992745 -0.00144056 0.000796292 -0.000137031 -1.64424e-05 0.00607023 0.00222374 0.00492013 0.00780314 -0.00302679 -1.0818e-05 0.00100215 7.42811e-05 0.00818754 6.09058e-05 -0.00377805 -0.000320796 -0.000210328 -0.0100774 0.0122016 -9.72817e-06 -2.84024e-07 0.0066511 -1.02959e-05 0.00293753 -1.90853e-08 2.65129e-09 -0.000787421 0.000120286 -0.00201489 0.000244896 -0.000446424 -1.96543e-06 -1.40629e-05 0.000324781 -3.30217e-05 0.000235833 0.000542467 -3.08529e-06 6.96329e-06 -2.35541e-05 -0.00360568 -0.00415479 7.4683e-06 2.36779e-05 0.00545631 -0.000288762 5.27185e-06 7.25074e-05 -1.60377e-07 -1.12049e-06 0.00279964 0.00338384 -0.00990096 -0.000159689 0.00124324 2.50099e-05 0.000673108 0.000732568 0.0007798 -0.00067623 4.86753e-05 -5.10642e-09 3.11443e-07 -0.0101514 1.45794e-06 0.000146367 0.00157729 -0.00254513 -2.16279e-06 4.9386e-05 0.000239733 2.98773e-05 -0.00107797 -1.16352e-07 5.50406e-05 0.00125782 2.55915e-05 2.51851e-05 -1.55966e-07 -5.51131e-08 1.30287e-06 -1.29191e-06 -0.00072089 -0.000936813 4.50654e-05 0.00012697 -0.00112927 -0.000229561 -0.00883507 -0.00216285 -0.000157843 0.00652192 5.57571e-06 -3.87251e-05 9.40411e-06 
-1.5224e-05 -1.25104e-06 -1.38402e-06 0.000384657 0.00185176 -0.000363599 -9.66354e-06 1.29936e-06 4.1567e-06 -0.000278178 -7.13413e-05 -6.07393e-05 -4.64377e-05 0.000419105 0.000273954 0.000300493 0.00110974 -0.000347378 -0.00223044 4.24942e-05 0.000904743 0.000410914 -0.000695321 -9.72817e-06 0.0028643 1.32173e-05 -0.000787816 -1.35302e-05 -2.42444e-05 -6.37998e-10 -7.90908e-09 -0.000108075 -2.16e-05 -0.000489163 -3.6872e-05 0.000317375 -4.604e-07 -3.01015e-06 -0.000129405 1.94545e-05 -7.84448e-06 -4.56129e-05 3.61914e-06 -7.72194e-06 -4.79514e-06 0.00188874 0.000639569 -5.82975e-06 -1.6402e-06 -0.000175046 -4.09029e-05 1.49725e-05 -1.44219e-05 2.20864e-07 -5.10987e-07 -0.000119793 -0.0010816 -0.000270867 -3.92294e-05 -0.00238032 -1.74393e-07 -4.09844e-05 -4.27251e-05 -6.50432e-05 -0.000263624 8.0396e-05 -1.18732e-09 2.38264e-08 0.000152609 -1.44298e-08 0.000118676 -8.17299e-05 0.00201278 7.94668e-07 -5.69535e-06 -0.0023016 -4.59928e-06 -0.000910724 -3.24789e-08 -4.63903e-05 -0.00228168 0.000306988 -1.3505e-06 1.88575e-06 -3.20509e-07 1.7113e-06 -3.12865e-07 -0.000428346 -8.66451e-05 -1.33688e-06 -7.55374e-06 -3.28678e-06 -5.56754e-05 0.000445544 0.00206702 4.80051e-05 -8.86966e-05 6.01434e-06 -4.75523e-05 -1.18465e-07 
-6.91123e-08 -1.01459e-08 1.11629e-07 2.03337e-06 5.94049e-06 -2.61864e-06 -7.73407e-08 -2.78895e-07 9.00945e-07 -2.1926e-06 -2.72251e-07 -7.70237e-07 -2.06166e-07 -4.08167e-06 6.67661e-07 1.83613e-07 1.70913e-05 -2.78641e-06 -1.82538e-05 1.82767e-07 1.42798e-05 1.31384e-05 -1.58041e-05 -2.84024e-07 1.32173e-05 2.29895e-05 -6.47094e-06 -2.07582e-07 -2.60154e-07 -8.51396e-11 -6.32991e-11 1.76753e-06 -1.50152e-07 7.55018e-08 -2.2278e-07 1.27447e-05 -3.7381e-09 -2.95069e-08 -9.27251e-07 1.11129e-07 -1.88541e-07 -5.38355e-07 -5.90268e-09 4.79608e-07 -4.63005e-08 1.25539e-05 -5.51483e-06 -4.7698e-08 -3.2762e-08 -1.30796e-06 -2.99852e-07 7.01508e-08 -4.28594e-07 -9.00135e-10 -5.85034e-09 -5.98562e-07 -9.47308e-06 -1.05105e-05 -3.18529e-07 -1.82529e-05 -2.46284e-09 -1.74679e-07 -1.88611e-07 -6.43542e-07 -2.0103e-06 -2.85238e-08 -9.50253e-12 -1.02765e-10 1.22823e-06 -1.15486e-10 8.10754e-07 -7.7347e-07 1.55206e-05 -5.27153e-09 -7.9356e-08 -1.85345e-05 5.09322e-07 -1.75804e-05 -2.5994e-10 -1.753e-07 -1.75852e-05 1.23324e-05 -1.08085e-08 -3.27454e-10 -2.56515e-09 -6.83186e-10 -2.584e-09 -7.92646e-07 -4.42867e-06 -2.99876e-08 -6.04553e-08 -7.7078e-07 -3.09687e-07 3.75549e-06 1.57915e-05 2.78628e-08 -4.74884e-07 -2.79313e-09 -2.95995e-07 -1.56171e-09 
0.00349855 3.20202e-05 -0.000544393 -0.0799011 -0.0222584 -0.0357626 0.00191762 0.00458836 -0.000434888 -0.0145765 -0.00591212 0.0157282 0.00707925 -0.0236349 -0.000721058 -0.00562218 -0.00372407 0.0748893 0.0338107 -0.000484601 -0.00698904 -0.0050951 -0.00457791 0.0066511 -0.000787816 -6.47094e-06 0.202244 -0.00135126 -0.000542668 -6.42369e-07 3.1692e-08 -0.00718428 -0.00212193 0.0315972 -0.00360712 -0.0404475 -1.29324e-05 -0.000345958 -0.0124294 0.00064613 0.0010818 0.00620026 -5.45269e-05 -0.000776422 -0.000539263 -0.0882349 0.00954587 0.000330931 -0.00020349 0.0332229 -0.00429263 -7.96912e-05 0.00508012 -7.53707e-06 -7.08327e-05 -0.00453277 0.0829315 -0.0159076 0.00180713 0.0324578 2.20373e-05 -0.00399494 -0.00409212 -0.00137681 -0.0239206 -0.000241572 -1.1634e-07 1.69184e-06 -0.0110903 -1.41057e-06 -0.00329255 0.00200006 -0.0568529 -6.2393e-05 -0.000913514 0.0256882 -0.000363706 0.00719643 -2.61913e-06 -0.00571116 0.0351908 -0.000402045 3.04057e-07 -2.63237e-06 -1.97419e-05 -6.28762e-06 -1.8006e-05 -0.0405752 0.0190583 0.00019045 -0.000417147 0.00651605 0.00727128 -0.0755463 -0.0490151 0.00451771 0.00141798 -1.52098e-05 0.00731804 -1.89468e-05 
-8.34392e-06 -1.43474e-06 -1.76883e-05 -0.00209266 -0.000723296 0.000374402 2.50115e-05 5.36186e-05 -3.40271e-06 -0.000817405 0.00246253 0.000243116 2.70393e-05 -0.00222932 -2.16607e-05 0.0020195 -0.000123862 -0.000417115 -0.00155907 -0.00249493 -0.000157877 -0.000166877 -0.0024415 -1.02959e-05 -1.35302e-05 -2.07582e-07 -0.00135126 0.00894769 -2.81884e-05 8.32285e-08 -2.48604e-08 -3.87542e-05 0.00116678 -0.00211794 0.0017176 0.00293145 2.47855e-06 -1.13387e-05 0.00237531 -1.66763e-05 8.85457e-06 -9.0275e-06 -1.34825e-06 -1.82693e-05 -1.81376e-05 -0.00239964 -0.00296343 7.64018e-06 -1.03404e-05 0.000150921 5.87673e-05 7.31609e-05 1.27149e-05 1.96981e-06 3.3999e-05 0.00197844 -0.000520416 -0.00275185 -7.06206e-05 0.000766585 2.2494e-06 0.00179985 0.00207757 0.00247692 -0.000259333 -9.15594e-06 -3.73207e-09 -4.03606e-08 -0.00261114 -4.53567e-08 -9.98492e-05 0.00079514 -0.00201635 5.86298e-07 1.983e-05 -0.00112893 -1.21827e-05 -0.0024805 1.83458e-06 -0.000161962 0.000785121 -1.56622e-05 8.0535e-05 -1.28606e-07 2.54588e-06 -1.44985e-07 2.06181e-06 0.00333891 0.000109198 -5.89416e-06 0.00051809 -0.00241601 -0.00012437 -0.00022712 -0.00151222 3.90099e-08 0.00136062 1.22301e-06 -0.00010838 5.18331e-06 
0.000135355 -2.57184e-06 -1.83831e-05 -0.00638645 -0.000663127 -4.51201e-05 7.27842e-05 -8.26082e-05 7.01472e-05 0.00339645 0.00431039 0.000797346 0.00487303 -0.00251939 -3.09214e-05 0.0024088 -2.99286e-05 0.00250849 -0.00034137 -0.00406875 0.000892876 0.000299431 -0.00626645 0.00293753 -2.42444e-05 -2.60154e-07 -0.000542668 -2.81884e-05 0.0121789 -4.56655e-08 7.60489e-08 0.00223621 -7.37374e-05 0.000132886 -2.41234e-05 0.00226026 -1.55496e-06 2.96137e-05 -7.41425e-05 -3.10585e-05 -7.68327e-05 0.00225612 -4.99294e-07 -2.38686e-05 -1.12137e-05 -0.000438829 -0.00286358 0.000300397 1.38045e-05 0.000571281 0.000136073 6.8818e-06 0.00140787 -3.7613e-07 1.02888e-05 0.00303221 0.000888983 -0.00745972 -0.000137953 -0.00166082 3.0239e-05 5.64608e-05 1.67149e-05 0.00278749 -0.000257235 3.33443e-05 -5.09678e-09 -5.51192e-08 -0.0074514 5.38058e-07 0.000311944 0.000823175 -0.000627596 -2.27744e-06 0.000532617 -0.000540765 -1.17647e-05 -0.00345159 -1.39421e-07 -0.00023229 -0.00157102 -1.06534e-05 1.73927e-05 -1.58967e-07 6.77749e-06 7.60233e-07 -1.38595e-06 0.000828044 -0.00192519 7.13392e-05 0.000159401 -0.00289675 -2.5724e-05 -0.00776446 0.000618771 0.000435991 0.00594631 1.84719e-05 -0.000169536 8.53903e-06 
4.47703e-07 -1.63434e-09 -7.25488e-09 -1.03578e-07 8.50998e-07 1.26402e-07 -1.24584e-08 -4.49257e-08 2.75792e-08 1.87514e-08 6.15557e-10 -1.24073e-07 -3.05945e-08 -7.30183e-07 -6.17151e-09 1.74335e-07 4.71988e-07 -2.88847e-07 -1.06635e-06 -1.11558e-07 -9.77623e-08 -7.3287e-08 -1.1024e-06 -1.90853e-08 -6.37998e-10 -8.51396e-11 -6.42369e-07 8.32285e-08 -4.56655e-08 3.70332e-06 -1.01965e-11 4.06987e-07 2.15387e-07 -2.85764e-07 2.02301e-07 -2.7509e-07 -6.0215e-10 -4.7531e-09 3.9023e-07 -1.05571e-08 8.29622e-08 2.36209e-07 -9.50831e-10 -1.1339e-08 -7.45829e-09 -1.04421e-06 -1.24346e-06 -7.6834e-09 -5.27745e-09 -1.54429e-07 -8.80357e-08 -1.04961e-09 -6.90399e-08 -1.44998e-10 -9.424e-10 4.14517e-07 -8.72569e-07 3.92111e-07 2.12023e-07 -1.20576e-06 -3.96726e-10 3.3829e-08 3.15847e-08 1.17877e-07 -3.81923e-08 5.40525e-09 -1.53071e-12 -1.65539e-11 -3.28859e-09 -1.86031e-11 1.17835e-06 9.54059e-08 4.17958e-07 -8.49162e-10 -1.2783e-08 -3.31144e-09 -6.55259e-09 -6.12784e-07 -4.18724e-11 1.19129e-06 -9.79307e-07 1.32327e-07 -1.74109e-09 -5.27478e-11 -4.13206e-10 -1.10051e-10 2.8625e-07 -6.49185e-08 1.03277e-07 1.85028e-08 -9.73841e-09 -1.59918e-07 1.78323e-07 -5.07964e-08 -6.4171e-07 -5.83347e-08 7.53802e-08 -4.4993e-10 1.20619e-07 -2.51567e-10 
-1.90556e-08 -1.21509e-09 1.79395e-08 -8.71706e-07 -2.223e-07 8.0037e-08 -9.2625e-09 -3.34011e-08 -4.27807e-09 4.94754e-07 3.144e-07 -7.8912e-08 3.11616e-07 -7.63944e-07 -7.0666e-09 2.90412e-07 -2.81736e-08 5.6296e-07 -4.49392e-07 -3.83739e-07 2.39829e-08 2.35513e-07 -4.17958e-07 2.65129e-09 -7.90908e-09 -6.32991e-11 3.1692e-08 -2.48604e-08 7.60489e-08 -1.01965e-11 2.75333e-06 -1.60239e-07 -2.0777e-08 5.87892e-07 -3.54632e-08 2.93116e-07 -4.47683e-10 -3.53381e-09 5.47114e-07 -7.84895e-09 -2.25801e-08 -7.96445e-08 -7.06918e-10 -8.43026e-09 -5.54505e-09 -6.89662e-07 -7.10971e-07 -5.71241e-09 -3.92365e-09 7.88186e-07 1.84548e-07 -7.80359e-10 -5.13294e-08 -1.07802e-10 -7.0065e-10 2.54402e-07 -2.44976e-07 -1.21313e-06 -1.81477e-08 2.78049e-08 -2.94955e-10 7.3832e-09 -4.0952e-08 3.88437e-07 -7.29735e-08 1.32506e-08 -1.13804e-12 -1.23074e-11 -4.66576e-07 -1.38309e-11 1.32236e-08 -9.26325e-08 -3.00138e-07 -6.3133e-10 -9.50386e-09 2.57754e-07 -4.87168e-09 -2.64476e-07 -3.1131e-11 -3.51865e-08 1.22673e-07 -5.70501e-09 -1.29445e-09 -3.92166e-11 -3.07208e-10 -8.18199e-11 6.96905e-08 3.64447e-07 -2.0372e-07 -3.59138e-09 4.79426e-07 -4.19693e-07 -5.82468e-08 -9.55624e-07 -3.97776e-07 -4.33704e-08 4.38116e-07 -3.34512e-10 -4.66268e-08 -1.87034e-10 
0.000165161 -3.35705e-05 -0.000131587 -0.00524177 -0.00203116 0.00776212 1.34694e-06 -0.000992445 0.000465417 -0.00527353 0.00269615 -0.00208618 5.47106e-05 -0.0224435 -0.000146608 0.000597854 0.00420494 0.00510611 -0.00284324 -0.00071314 0.00484932 0.00331039 -0.00259945 -0.000787421 -0.000108075 1.76753e-06 -0.00718428 -3.87542e-05 0.00223621 4.06987e-07 -1.60239e-07 0.0766294 -0.000623066 0.0220283 -0.000828027 0.00577957 1.81967e-05 0.000289154 0.000931582 0.000156485 -1.11572e-06 -0.00108604 0.000166797 0.00184078 -8.3853e-05 -0.00126711 -0.0267185 0.00119155 -0.000114606 0.00507213 4.00658e-05 -1.26538e-05 -0.000686989 1.71426e-05 -1.67196e-05 0.000965859 0.0186569 -0.0225112 -0.00085105 -0.00834303 1.48485e-05 -0.000990712 -0.000637718 0.000497608 -0.0044189 -7.84704e-05 -3.45638e-08 1.32876e-07 -0.00138821 -3.36728e-07 0.00471804 -0.00158837 -0.00803662 -1.44409e-05 0.000767493 0.0038322 0.00133013 -0.00632487 4.26118e-06 -0.000879786 -0.0100107 0.000572289 3.74093e-05 -5.01056e-07 3.07731e-05 -1.7083e-06 -8.29217e-06 0.00722047 -0.0111812 -5.51079e-05 0.001432 -0.00446453 0.00229657 -0.0219074 -3.43235e-05 -0.000977429 0.00196758 -9.45618e-06 -0.00114715 -2.56044e-06 
-5.0803e-05 -3.08357e-06 -1.4593e-05 -0.00591858 -0.000608538 -0.000895001 -2.4386e-05 -8.58833e-05 -2.64501e-06 -0.000635125 0.00697142 -0.000252819 -0.000110588 -0.00190219 -1.9161e-05 0.00701869 -0.00010237 -0.000912221 -0.00625196 -0.00689165 -0.00019713 -0.000148007 -0.00681821 0.000120286 -2.16e-05 -1.50152e-07 -0.00212193 0.00116678 -7.37374e-05 2.15387e-07 -2.0777e-08 -0.000623066 0.00748919 -0.00222829 0.00673945 0.00584941 -1.22698e-06 -9.26188e-06 0.00678473 1.60149e-06 -5.86194e-05 -0.000145207 -1.93747e-06 -1.8425e-05 -1.49441e-05 -0.00238268 -0.00229813 -1.56562e-05 -4.57698e-06 -0.000462969 -0.000173737 7.41112e-05 -0.000139883 9.24544e-07 0.000130296 0.00588945 -0.00317093 -0.00559014 -9.16691e-05 0.000893064 1.28494e-06 0.00697898 0.00696821 0.00689524 -2.71344e-05 3.05875e-05 2.73548e-07 -3.37312e-08 -0.0066682 1.12093e-07 -9.15151e-05 -0.00024993 -0.00172539 -5.86971e-07 -6.54081e-06 -0.0063781 -1.19286e-05 -0.00694972 6.28012e-07 -0.00015548 0.00114467 -1.53225e-05 -3.41107e-06 1.19185e-07 9.46939e-08 -2.24246e-07 -8.04827e-07 0.005937 -0.00144808 -6.40634e-06 -1.57802e-05 -0.00696667 -0.000138119 0.00123441 -0.00135247 -0.000114116 0.00560129 2.27565e-05 -0.000127781 2.19739e-06 
