0.00412583 0.000449601 -2.47323e-07 0.000108817 -3.52491e-05 8.86037e-06 0.000360715 -6.17294e-06 -7.8302e-06 -1.28356e-05 -0.000165448 -4.46094e-05 -3.73329e-05 -0.000507239 -0.000110748 9.72393e-08 -0.000245436 2.21386e-05 -8.46732e-05 0.000931492 5.62014e-05 0.000581124 -0.000312452 0.000171637 5.72311e-05 -0.000546425 3.74418e-05 -6.16644e-05 -3.81542e-05 4.60275e-05 -0.00258815 -3.16249e-09 -7.08967e-05 0.000449848 -9.26641e-05 -1.18106e-06 0.000114056 0.00109108 0.000135531 -1.53401e-07 3.03167e-06 8.10068e-05 -0.000902655 0.00040503 -0.000186233 3.55306e-05 0.000802286 -5.98952e-05 -2.86458e-05 -0.000285972 0.000917479 0.00146651 0.00072096 -0.000228734 -0.00121848 7.47571e-05 -0.000475999 -2.21927e-08 0.000884609 -5.93231e-08 -0.00102274 -3.5806e-05 0.000553099 2.04411e-06 0.000147348 1.31966e-05 -0.000176633 0.000629688 -1.43054e-05 -0.00122868 0.00035015 0.000957999 -0.0003299 -1.56775e-06 -1.39953e-06 -1.10288e-06 0.00108174 -4.02802e-05 -1.37506e-07 -0.000165878 -0.00066007 7.00582e-06 -1.31228e-06 -8.75905e-05 -2.49657e-07 -7.59065e-06 -0.00125955 -0.000664316 -7.24443e-05 -0.000336151 -8.23142e-07 -5.01389e-05 4.89989e-05 -0.00256801 -6.18835e-05 -5.64053e-05 -0.000717493 -1.83833e-05 2.49294e-05 -1.80253e-05 
0.000449601 0.24978 -2.66305e-05 0.0013692 -0.00445712 1.69195e-06 0.00119142 -0.00071718 -0.000719509 -0.00131059 -0.00415066 -0.00436094 -0.00496856 -0.0031356 -0.00817318 0.000203751 -0.0287471 0.00454722 -0.00743274 0.0363295 -0.139427 -0.0247265 -0.0363898 -0.0271414 0.00816347 0.0122505 0.00726268 -0.00692257 0.00316621 0.000471996 0.0172192 2.79643e-07 -0.00640156 0.000625654 -0.0152912 -0.000142791 -0.0272155 0.00169371 0.0591978 -1.79647e-05 -0.000115027 -0.00649351 -0.0342283 -0.0597677 -0.0228322 -0.000137728 0.0145871 -0.00737243 -0.00335581 0.0105955 -0.00689865 0.0372712 0.00187811 -0.00188715 -0.00634231 0.000162947 -0.0223104 -2.59897e-06 0.0378864 -2.39234e-05 -0.0484497 -0.00532543 -0.0697803 3.68192e-05 -0.030397 0.001375 -0.020448 -0.0615247 -0.00178838 0.0631658 0.0443975 -0.0032426 -0.028368 -0.000172215 -0.000282285 -2.18576e-05 0.0526698 -0.00472564 -1.42399e-05 -0.00914978 -0.0150243 -6.47128e-05 0.000147894 0.00754441 -2.62172e-05 -0.00065031 0.0277122 0.052735 -0.00278699 -0.000159907 -0.000172186 -0.00598617 -0.000639633 0.0368128 -0.00849342 -0.00667311 0.0604125 -0.00255222 -0.000781629 -0.00197109 
-2.47323e-07 -2.66305e-05 5.96931e-05 3.59819e-06 4.92434e-06 2.11543e-07 -1.77879e-07 9.10538e-08 -1.1321e-07 1.80172e-06 1.57987e-05 4.79702e-06 5.69292e-06 4.8734e-06 1.28726e-05 7.41206e-08 1.47232e-05 -1.81057e-05 5.31927e-06 -4.16824e-05 7.19144e-06 -5.30758e-06 3.01152e-05 -2.45117e-06 -1.50458e-05 -8.00183e-06 -2.13815e-05 4.98375e-06 2.45506e-06 -8.51941e-08 5.67633e-06 -4.55685e-11 -1.3559e-06 -3.16092e-07 1.7679e-06 -5.51933e-09 8.19165e-06 -4.09475e-07 -1.67346e-05 -2.21037e-09 -1.46732e-08 5.96894e-06 3.39423e-05 -6.39411e-06 3.95675e-06 -1.02792e-08 -3.78328e-05 1.60308e-05 -2.92999e-07 -4.33946e-06 -7.7823e-07 -2.48543e-05 -3.42689e-07 1.45391e-06 -9.47563e-06 6.58664e-08 1.86526e-05 -3.19775e-10 -4.2657e-05 -2.96812e-09 3.3361e-05 4.27254e-06 -2.01867e-05 -1.55026e-08 -2.93398e-06 3.22209e-06 2.48446e-05 -7.80582e-06 6.40165e-06 -1.00264e-05 -2.48605e-05 -9.60971e-06 3.15951e-05 6.4741e-07 -3.90418e-08 2.27442e-07 -6.2803e-06 3.49768e-06 -1.98133e-09 -1.22518e-06 6.79563e-06 -8.36947e-09 -2.31834e-08 -1.3388e-06 1.42974e-06 -9.27074e-08 -3.90346e-06 -3.36069e-05 6.33399e-07 5.62075e-06 1.91275e-06 5.86572e-06 -1.01456e-07 2.0952e-06 8.84119e-06 1.25824e-05 -2.40613e-05 -3.17335e-07 2.87555e-06 -1.57374e-07 
0.000108817 0.0013692 3.59819e-06 0.00336924 0.000132892 -2.39827e-07 2.04966e-05 -2.46044e-06 -4.09784e-06 9.15862e-05 -0.00014154 0.00149462 0.000381827 -0.000451489 0.00155888 2.24695e-05 -5.53544e-06 -0.00209717 0.000123124 -0.0013076 -0.00102954 0.00163043 -0.000255338 -0.00022423 -0.000807744 -0.000248608 -0.00146565 0.000109845 0.000243737 3.22587e-05 -0.000792509 -2.58058e-09 -8.02255e-05 -1.08192e-05 0.00183571 2.98152e-07 -0.000206351 0.000102651 -0.000843681 5.18158e-07 -2.07625e-07 0.000128428 -0.000548059 -0.000584465 0.000263802 -9.5966e-07 -0.0014585 0.000339545 1.95382e-05 -0.000243978 -3.97869e-05 -0.00105926 0.000101173 -2.82445e-05 -0.00216937 7.98035e-05 0.00208752 -1.81091e-08 -0.00140641 3.21858e-06 -0.00079454 4.5124e-05 -0.00108042 0.000219645 -0.000179264 0.00164647 -0.000136867 -0.000443669 0.00190568 -0.00145428 -0.000516557 0.00229225 0.00142627 4.59072e-06 -2.21097e-06 -8.19947e-07 -0.000193632 0.000125139 1.10446e-06 -9.9763e-05 -0.000528035 -4.7397e-07 2.51904e-05 -6.90508e-05 4.06281e-07 -6.19395e-06 0.000909806 -0.000411222 -5.93908e-05 0.00143947 1.79227e-06 0.00016395 -4.67888e-06 -0.00224819 0.000323186 0.000120273 -0.000549244 -1.78876e-05 1.93449e-05 -1.44563e-05 
-3.52491e-05 -0.00445712 4.92434e-06 0.000132892 0.00933096 -1.75315e-06 -2.71747e-05 0.00134033 -9.07036e-06 0.00189457 -0.000329391 0.00441832 0.00915511 -0.00136441 -0.000255138 -1.07799e-05 0.00857799 -0.0091227 0.00901424 -0.00710776 -0.00295046 -0.00105369 -0.000711622 -0.000442623 -0.0024028 -0.00126802 -0.00909234 0.0088411 0.000364704 -1.07197e-05 -0.00727343 1.94763e-08 -0.000224489 -6.955e-05 -0.000535906 -4.02676e-06 -0.00064599 -5.81354e-05 -0.0027779 1.68679e-05 -2.212e-06 0.00906527 -0.00204149 -0.00162498 0.00877825 -2.67394e-06 -0.00736015 0.00909223 0.00638263 -0.000683852 -0.000114546 -0.00383361 -4.97004e-05 -0.00052115 -0.00736777 -9.32717e-06 -0.00166763 7.49542e-07 -0.00693025 2.4695e-05 -0.00233766 0.00805152 -0.00324075 1.92713e-06 -0.000718036 -2.55021e-05 -0.000402162 -0.00122807 -7.38849e-05 -0.00457301 0.00391898 -0.00228953 -0.00262117 0.000205569 3.28282e-06 2.24911e-06 -0.000976616 0.0089817 4.05069e-06 -0.000378417 -0.00151431 2.4426e-05 -3.65817e-06 -0.000207506 -1.30964e-07 -1.18584e-05 -0.00294571 -0.00798277 -0.000157101 -0.000798759 -3.77381e-06 0.00912155 -1.44824e-05 -0.00634382 0.0011995 0.00896123 -0.0042257 -4.99731e-05 0.000666815 -2.73146e-06 
8.86037e-06 1.69195e-06 2.11543e-07 -2.39827e-07 -1.75315e-06 0.000253286 -6.61578e-07 -3.74151e-07 -4.80458e-07 2.89175e-06 4.76301e-06 3.14175e-05 1.13037e-05 -2.33904e-05 4.31226e-05 4.97971e-07 6.55864e-06 -1.13804e-05 7.45576e-06 -3.85796e-05 -2.26147e-05 -2.42006e-05 2.56069e-05 -1.22991e-05 7.94351e-06 -6.54007e-06 -1.5561e-05 2.90888e-05 3.83802e-06 1.98844e-06 -4.38466e-05 -1.9339e-10 3.41106e-06 8.78014e-06 2.59439e-06 1.22836e-06 -1.14831e-05 3.22887e-06 -1.49795e-05 -9.38071e-09 -6.22726e-08 4.1154e-06 5.39271e-06 -4.16683e-05 3.71987e-06 -2.85843e-08 -3.75663e-05 1.15433e-05 2.01392e-06 -4.01649e-06 9.01857e-07 -3.90056e-05 4.43898e-06 -4.15008e-06 -2.30069e-05 3.51966e-07 6.2995e-05 -1.35711e-09 -6.12366e-05 2.7407e-07 -1.20304e-05 7.71677e-06 -9.85582e-06 8.54208e-07 -1.87768e-05 -5.33514e-08 -7.53405e-06 -1.97415e-05 -1.86328e-06 2.47291e-05 -4.98237e-05 -2.71553e-05 4.25973e-05 6.8413e-07 -1.15692e-07 -6.74426e-08 -1.2813e-06 3.58865e-06 -8.40869e-09 -1.01792e-05 -2.03064e-05 -3.55197e-08 -6.83893e-08 2.01582e-05 -1.52669e-08 -4.64179e-07 1.4639e-05 -6.00736e-05 -3.62669e-06 9.61128e-06 -1.015e-07 5.93879e-06 -1.33908e-07 -5.32542e-05 4.91748e-06 1.19113e-05 3.34593e-05 -1.28009e-06 1.30442e-06 -6.43749e-07 
0.000360715 0.00119142 -1.77879e-07 2.04966e-05 -2.71747e-05 -6.61578e-07 0.00297084 -4.24636e-06 -5.07746e-06 -5.17489e-06 0.000307032 -3.81461e-05 -3.14632e-05 -0.000364857 -7.13739e-05 7.50587e-06 -0.000161537 4.10537e-05 -6.6389e-05 0.000651094 -0.000812445 0.000502789 -0.000192146 -0.000196635 3.2522e-05 -0.000339656 1.9895e-05 -3.4578e-05 -3.29901e-05 2.11809e-05 -0.000651184 -2.27452e-09 0.000134494 -2.21163e-05 0.000651409 -1.27378e-06 -0.000193438 0.000567488 0.00147183 -1.10329e-07 -6.69071e-07 -3.52002e-05 -0.000574948 -0.00043127 -0.000120558 -7.25842e-07 -8.79785e-06 -4.75883e-05 -2.06145e-05 -0.000205641 -3.89815e-05 -0.000222205 0.000127032 -0.000163708 -0.00130789 1.42885e-05 -0.000460646 -1.59613e-08 -0.000312967 -1.48152e-07 -0.000276693 -3.53219e-05 -0.000113102 -7.47136e-07 -0.000216834 0.000376057 -0.000126683 -0.000363599 -2.46643e-05 0.000304173 0.000400059 0.00113465 -0.000864503 -6.44221e-07 9.04589e-07 -1.83211e-07 0.000699162 -2.88962e-05 -9.88968e-08 -7.83999e-05 -0.000402299 -4.17756e-07 3.67615e-06 -6.11986e-05 -1.79558e-07 -3.97599e-06 -0.000883249 0.000269813 -5.23531e-05 -0.000252662 1.07329e-05 -3.20338e-05 6.45923e-06 -0.000849796 -5.69867e-05 -3.28792e-05 -0.000321013 -8.91289e-06 -3.56062e-06 -1.44711e-06 
-6.17294e-06 -0.00071718 9.10538e-08 -2.46044e-06 0.00134033 -3.74151e-07 -4.24636e-06 0.00148775 -2.37228e-06 5.26672e-05 -7.16326e-05 7.45037e-05 0.00134548 -0.000137932 -4.02017e-05 -1.85388e-06 0.00125623 -0.00133986 0.00133305 -0.00113494 -0.000439349 -0.00016327 -9.4425e-05 -8.42604e-05 -0.000397236 -0.000137149 -0.00133645 0.00132678 -5.67296e-06 -1.45636e-06 -0.00105436 -1.13734e-09 -3.4219e-05 -1.10307e-05 -8.14291e-05 -6.36937e-07 -9.86635e-05 -9.00342e-06 -0.000446654 3.61498e-07 1.27104e-07 0.00133905 -0.000213517 -0.000226329 0.00130129 -3.72953e-07 -0.00117063 0.00133346 0.00119283 -0.000101255 -2.07174e-05 -0.000621798 -8.55317e-06 -7.16935e-05 -0.00107138 -1.51751e-06 -0.000251563 -7.98127e-09 -0.00110805 1.80259e-06 -0.000269471 0.00122024 -0.000509507 -3.8693e-07 -9.48724e-05 -4.59695e-06 -5.90696e-05 -0.000191154 -1.26048e-05 -0.000842988 0.000543774 -0.000359809 -0.000569311 2.87285e-06 -9.74445e-07 -3.96635e-07 -0.000164146 0.00132966 5.03881e-07 5.8189e-06 -0.000141322 3.81106e-07 -5.78635e-07 -3.29651e-05 -8.97856e-08 -2.2632e-06 -0.00038009 -0.0012088 4.64781e-05 -0.00012454 -5.96927e-07 0.00135177 -2.53224e-06 -0.000907445 3.57791e-05 0.0013316 -0.000668042 -7.92037e-06 3.06811e-05 -7.00577e-06 
-7.8302e-06 -0.000719509 -1.1321e-07 -4.09784e-06 -9.07036e-06 -4.80458e-07 -5.07746e-06 -2.37228e-06 0.00189282 8.04797e-06 1.43412e-05 3.40988e-05 8.43724e-06 -7.07213e-05 0.00059326 -2.30384e-06 0.000160701 -1.15001e-05 6.48561e-05 -0.000880394 -0.000516342 -0.000118797 0.000155992 -0.000112459 -0.000399724 -0.000239128 -5.93068e-05 -1.00388e-05 -1.36569e-05 -2.70641e-06 9.33514e-05 -1.4476e-09 -4.06e-05 -6.19126e-06 4.50952e-05 -8.07355e-07 -1.45349e-05 -1.24147e-05 -0.000384779 -7.02181e-08 -4.29467e-07 1.73393e-06 0.000762502 -0.000306836 0.000140321 -5.3833e-07 -0.000782561 7.96996e-06 -1.21266e-05 -0.000126321 -2.6638e-05 -0.000596959 -6.14973e-06 -9.4534e-05 5.09284e-05 9.85215e-08 0.00101622 -1.01585e-08 -0.000910468 2.89043e-07 0.000671955 3.30658e-06 -0.000513491 -1.69148e-07 -0.000122283 -2.98368e-06 -7.7272e-05 -0.000248478 -1.38299e-05 0.000512131 -0.000385946 0.000164647 0.000498671 6.05709e-07 -9.33598e-07 1.02852e-05 -0.000175009 6.45438e-06 9.70578e-08 1.80051e-05 2.11315e-07 1.47455e-07 -6.19814e-07 -1.96205e-05 -3.76116e-08 -2.34788e-06 0.000287044 2.5712e-05 -1.92665e-05 0.00075118 -6.59763e-07 7.04219e-05 -3.22302e-06 0.000307227 0.000250686 1.39369e-05 -0.000529329 -9.21764e-06 -3.91307e-06 -6.56507e-06 
-1.28356e-05 -0.00131059 1.80172e-06 9.15862e-05 0.00189457 2.89175e-06 -5.17489e-06 5.26672e-05 8.04797e-06 0.00308853 -0.000137573 0.000115839 0.00199545 -0.000436628 -7.91256e-05 -3.93799e-06 0.00184373 -0.00201372 0.00220484 -0.00132338 -0.000232403 5.70305e-05 -0.000234135 0.000265963 7.07361e-05 -0.000383761 -0.00201435 0.0020893 0.000124874 1.08194e-06 -0.00230723 -2.36491e-09 -2.77177e-05 -1.65546e-05 -0.000145107 -1.32107e-06 -0.000212791 -1.78009e-05 -0.000301736 2.33586e-05 -7.58178e-07 0.00193472 -0.000673825 -0.000481725 0.0018814 3.33339e-05 -0.00140504 0.00197654 0.000793063 -0.000224006 1.41826e-05 -0.000809289 -1.49182e-05 -0.000170983 -0.00191333 -2.24207e-06 -0.000540556 7.03404e-07 -0.00126594 4.22263e-06 -0.000756612 0.00103905 -0.000371031 -5.81221e-07 -0.000201338 -6.25268e-06 -0.000131932 -0.000252956 -2.56128e-05 -0.000612823 0.0011585 -0.000413857 -0.00104007 3.3151e-05 9.8381e-07 -1.84733e-07 -0.000274027 0.0019967 4.37173e-07 -0.000118314 -0.000497204 7.42231e-06 -1.0765e-06 -6.91543e-05 2.3664e-07 -3.06295e-06 -0.000967072 -0.00229196 -5.34391e-05 -0.000261734 -1.06787e-06 0.00199335 2.04446e-05 -0.00203127 0.000858671 0.00195746 -0.00059717 3.95376e-05 3.51694e-05 -1.12538e-05 
-0.000165448 -0.00415066 1.57987e-05 -0.00014154 -0.000329391 4.76301e-06 0.000307032 -7.16326e-05 1.43412e-05 -0.000137573 0.0462886 0.000383861 -0.000168281 0.0039743 -0.00112574 -1.50258e-05 0.00780239 0.000157006 -0.00093155 -0.0148529 0.00995367 -0.00547375 0.0203472 -0.00346809 -0.00957983 -0.0051482 -0.00314755 -0.000720816 -0.000435713 -6.35277e-05 0.00991108 -3.71407e-08 -0.00106934 -0.000336319 -0.00188291 -1.60329e-05 0.0203424 -7.91836e-05 -0.00959458 1.08432e-07 -1.18228e-05 -0.000459 -0.0011102 -0.0078851 -0.00203224 -9.17514e-06 0.00101653 0.00196797 -0.000328389 -0.00313157 -0.000692623 -0.00441505 -0.000277483 -0.00233201 0.00898197 8.18279e-05 -0.00699605 9.36033e-07 -0.0236745 7.56416e-06 0.0158175 0.000542558 -0.0157255 -1.10355e-05 -0.00369427 7.43537e-05 0.0153447 -0.00632875 -0.000381094 0.00415295 0.00250635 -0.010121 0.0237538 -9.68857e-06 -2.27378e-05 -8.31238e-06 0.00440844 -0.000355213 -2.68225e-07 -0.00194271 -0.0038969 -6.3649e-06 -1.86124e-05 -0.000823267 1.55132e-06 -6.28357e-05 -0.0136412 -0.0176583 -0.000850699 -0.00299471 -1.1773e-05 -0.000404214 -2.37878e-06 0.013015 0.00381498 0.00225323 -0.0213313 -0.000258015 -6.31044e-05 -0.000159405 
-4.46094e-05 -0.00436094 4.79702e-06 0.00149462 0.00441832 3.14175e-05 -3.81461e-05 7.45037e-05 3.40988e-05 0.000115839 0.000383861 0.0140301 0.00519312 5.53734e-05 0.0017821 4.1459e-05 0.00479747 -0.0067721 0.00469091 -0.0100919 -0.00415554 -0.000438107 0.000469287 -0.000883617 -0.00373985 0.00232145 -0.00663897 0.00442282 0.000852053 -1.79184e-05 -0.0023075 1.58024e-08 -0.000332314 -0.000103439 0.00188786 -4.15091e-06 -0.000529378 -7.70657e-05 -0.00401989 3.06344e-07 2.29716e-05 0.00464213 0.00289892 -0.00211641 0.00494093 -3.23352e-06 -0.00981715 0.00552031 0.00338773 0.000409098 -0.000198755 -0.00563632 -8.16461e-05 3.49132e-05 -0.00391182 9.25875e-05 0.00218166 -7.62399e-08 -0.00988953 6.54902e-06 0.00291826 0.0045454 -0.00457324 0.000231654 -0.000765287 0.00118262 -0.000541608 -0.00169559 0.00158613 -0.00425244 -0.00189307 0.00356364 0.00010471 0.000170328 -7.1949e-06 3.53787e-06 -0.00157314 0.00461765 7.35428e-06 0.000468078 0.00109501 6.25124e-06 4.64935e-06 0.00017932 4.8567e-07 -1.89977e-07 0.0021989 -0.00472719 -0.000207354 0.000196397 2.08462e-06 0.00483133 -2.03289e-05 -0.00276113 0.00153268 0.00470909 -0.00611823 -7.56581e-05 -1.2439e-05 3.93271e-05 
-3.73329e-05 -0.00496856 5.69292e-06 0.000381827 0.00915511 1.13037e-05 -3.14632e-05 0.00134548 8.43724e-06 0.00199545 -0.000168281 0.00519312 0.0105035 -0.00151219 -0.000286175 4.56026e-05 0.00960518 -0.010362 0.0100301 -0.00818509 -0.0033054 -0.00112402 -0.000800082 -0.000489107 -0.00285542 -0.00107092 -0.0104131 0.00952032 0.000910006 -1.28705e-05 -0.0082455 1.8563e-08 -0.000254169 -7.9331e-05 -0.000162562 -4.25825e-06 -0.000667377 -7.24125e-05 -0.00327416 3.56936e-05 -2.60942e-06 0.00987069 -0.00203642 -0.00183638 0.0100437 -2.44358e-06 -0.00841434 0.0103801 0.00673059 -0.000771261 -0.000135948 -0.004448 -5.83189e-05 -0.000585214 -0.00838588 -6.93578e-06 -0.00148893 8.16466e-07 -0.00798529 4.82022e-05 -0.00262351 0.00879849 -0.00369963 0.0001892 -0.000805505 -2.94117e-05 -0.000391312 -0.00139093 0.000150026 -0.00506995 0.00403985 -0.00208161 -0.00199955 0.000208666 2.71031e-06 2.22393e-06 -0.00117598 0.00964255 5.52432e-06 -0.0004243 -0.00170088 2.56016e-05 -4.12283e-06 -0.000236026 1.1936e-06 -1.40506e-05 -0.00328517 -0.00910912 -0.000174592 -0.000897601 -2.81317e-06 0.0100675 -1.74358e-05 -0.00717464 0.00201822 0.00984802 -0.00480577 -5.63268e-05 0.000884554 4.8019e-06 
-0.000507239 -0.0031356 4.8734e-06 -0.000451489 -0.00136441 -2.33904e-05 -0.000364857 -0.000137932 -7.07213e-05 -0.000436628 0.0039743 5.53734e-05 -0.00151219 0.124576 -0.00320149 -0.000162914 0.00798868 0.00173098 -0.00388598 -0.0296996 -0.0150364 -0.0154693 0.00735814 0.00969826 -0.0380595 0.0241173 -0.00173995 -0.00249733 -0.00081015 0.000106959 0.0308843 3.15336e-07 -0.00281839 0.00108496 -0.00739358 0.000112259 0.00841537 0.000437912 -0.0421907 -5.40024e-06 -3.05188e-05 -0.00191832 0.0259935 0.0199677 -0.00742009 -3.82212e-05 -0.0283934 0.00282995 -0.00100661 0.00715265 -0.00206457 0.0204692 -0.000389637 0.0170474 0.0265587 -4.74203e-05 -0.0247685 1.35874e-06 -0.0291849 -5.54487e-06 0.0289168 -0.00162318 0.00143332 -3.78184e-05 0.00363697 -0.000411136 0.00771555 -0.012683 -0.000732515 -0.0744532 -0.0712922 -0.0185288 -0.00210771 -5.45034e-05 -5.65814e-05 7.57827e-06 0.00360996 -0.00141966 1.91599e-06 0.013159 0.0348184 -1.81311e-05 -5.63103e-05 0.00215841 9.71457e-06 0.00110111 -0.00349932 0.00157618 0.00814291 0.000282699 -7.41418e-06 -0.00180572 -0.000169525 0.0411543 0.004842 -0.00102432 -0.0366986 -0.000753811 -0.000326068 0.000869284 
-0.000110748 -0.00817318 1.28726e-05 0.00155888 -0.000255138 4.31226e-05 -7.13739e-05 -4.02017e-05 0.00059326 -7.91256e-05 -0.00112574 0.0017821 -0.000286175 -0.00320149 0.0263593 -1.72046e-05 -0.000875304 -0.00143403 -0.000661205 -0.011609 -0.00805961 0.00193762 0.00421922 -0.00186475 -0.0072424 0.00115097 -0.000642575 -0.00046188 -0.000283318 -3.85221e-05 0.00218376 -2.06813e-08 -0.000636256 -0.000163252 0.00372738 9.83803e-06 -0.00184764 -0.00012893 -0.00828036 -1.00318e-06 -4.1128e-06 -0.000363532 0.0148596 -0.00428492 -0.000976328 -7.69091e-06 -0.0131329 -0.000416908 -0.00018744 -0.000878793 -0.000370346 -0.0110999 -0.000147989 -0.00113947 0.000288938 6.94724e-05 0.0201304 -1.4513e-07 -0.0147649 -1.34708e-06 0.0129933 -0.000306559 -0.0091064 1.78041e-05 -0.00192425 0.00162517 -0.000850536 -0.00350185 0.00244976 0.00248363 -0.0109089 -4.19109e-05 0.0152966 -2.45742e-07 -6.97583e-06 -3.86902e-06 -0.00296679 -0.000264247 9.77437e-07 0.00140488 -0.000126317 -3.67183e-06 2.92882e-05 -0.000591943 -1.53931e-06 -4.77195e-05 0.0107039 0.00363739 -0.000445153 0.0133863 -7.04442e-06 -0.000336056 -4.10893e-05 0.00260179 9.20356e-05 -0.000378763 -0.00820349 -9.41162e-05 -2.88912e-05 -9.39877e-05 
9.72393e-08 0.000203751 7.41206e-08 2.24695e-05 -1.07799e-05 4.97971e-07 7.50587e-06 -1.85388e-06 -2.30384e-06 -3.93799e-06 -1.50258e-05 4.1459e-05 4.56026e-05 -0.000162914 -1.72046e-05 0.00126947 -3.98898e-05 -4.37005e-05 -1.35243e-05 7.2323e-05 -0.000378048 5.72544e-05 -8.0373e-05 -8.33162e-05 0.000413915 0.000160393 -5.29884e-05 -1.48236e-05 4.13751e-05 0.000109013 -0.00066963 -9.7026e-10 -2.08085e-05 -3.93168e-06 6.70619e-05 -5.43367e-07 -8.48508e-05 0.000249471 0.000462635 -4.7064e-08 -2.29095e-07 -1.37783e-05 -6.95034e-05 -0.000201405 2.4815e-05 -3.60818e-07 1.27429e-05 5.06195e-05 -8.61372e-06 -6.49441e-05 -1.80128e-05 -0.000103835 2.382e-05 -5.97602e-05 -0.000871132 -1.03125e-06 0.000388152 -6.80877e-09 1.41973e-06 4.83468e-07 -0.000194607 -1.41077e-05 -3.05571e-05 6.92325e-06 -9.45723e-05 8.63651e-06 -5.29288e-05 -0.000163323 1.83936e-05 0.000242377 -6.75202e-05 0.000509538 -0.000196989 -4.80991e-07 -7.74626e-07 1.50497e-06 0.000295523 -1.2259e-05 -4.21873e-08 -3.42699e-05 -4.98722e-05 -1.78206e-07 1.32304e-06 -2.49996e-05 3.56738e-07 -1.51883e-06 -0.000136821 -6.12136e-05 -9.94323e-06 -0.000106808 -5.09234e-07 -6.8365e-06 -1.71691e-06 -0.000554581 7.44747e-05 -1.57746e-05 9.05144e-06 -2.34348e-06 5.81719e-05 -4.03651e-06 
-0.000245436 -0.0287471 1.47232e-05 -5.53544e-06 0.00857799 6.55864e-06 -0.000161537 0.00125623 0.000160701 0.00184373 0.00780239 0.00479747 0.00960518 0.00798868 -0.000875304 -3.98898e-05 0.0590206 -0.00941588 0.0115668 -0.0276112 0.016796 -0.0043239 0.0228876 -0.00362821 -0.0127079 -0.00818412 -0.0140313 0.00874353 0.00010595 -8.00113e-05 -0.0025544 -2.14142e-08 -0.00084921 -0.000217674 0.000795801 -1.12635e-06 0.0209174 -0.000202868 -0.0177815 3.46211e-05 -1.47823e-05 0.0102647 0.00941201 0.00690145 0.0108669 8.90978e-06 -0.0113925 0.0129181 0.00628688 -0.00457789 -0.000808062 -0.0121336 -0.000342796 -0.00111476 -0.00434204 -2.42958e-05 -0.00124467 2.20259e-06 -0.0292347 4.39616e-05 0.0151185 0.00928721 -0.0081902 2.89929e-06 0.00201009 -0.000156934 0.00699694 -0.000120782 -0.00048473 -0.0233104 -0.00264082 -0.00765671 0.0184351 0.000188511 -2.78544e-05 2.0257e-06 -0.00559722 0.00904398 3.36943e-06 -0.00232041 -0.0021543 2.12691e-05 -2.31183e-05 -0.00119586 1.62643e-05 -0.000108994 -0.0181692 -0.0295789 -0.000888314 -0.00351389 -2.43982e-05 0.0104436 -0.000104323 -0.00440127 0.00858536 0.0116405 -0.0244552 -0.000194048 0.000989638 -0.000200172 
2.21386e-05 0.00454722 -1.81057e-05 -0.00209717 -0.0091227 -1.13804e-05 4.10537e-05 -0.00133986 -1.15001e-05 -0.00201372 0.000157006 -0.0067721 -0.010362 0.00173098 -0.00143403 -4.37005e-05 -0.00941588 0.0139424 -0.00987032 0.0105299 0.00397539 1.59849e-05 0.000840852 0.000554551 0.00373 0.000333123 0.01165 -0.00941459 -0.00171242 1.55829e-05 0.00758643 -1.58713e-08 0.000246706 0.000104618 -0.00177327 5.31231e-06 0.000529316 8.34297e-05 0.00436319 -3.6503e-05 2.12616e-06 -0.00977524 0.00125654 0.00234383 -0.00997484 -6.20488e-05 0.010897 -0.0104121 -0.00670535 0.000355838 -1.39579e-05 0.00577787 7.76211e-05 -0.000426329 0.00907568 -7.29328e-05 -0.000239568 -1.43424e-06 0.0103768 -4.83335e-05 0.0019083 -0.00875447 0.00479448 -0.000233094 0.000946894 -0.0016175 0.000261058 0.00168983 -0.00270461 0.00712855 -0.00207851 0.000846571 0.000728737 -0.000211662 -1.35082e-06 -8.68191e-06 0.00155951 -0.00959708 -6.97395e-06 0.000342918 0.00144098 -3.04806e-05 -1.60744e-05 0.000280825 -1.93444e-05 -2.91821e-05 0.00197515 0.00924234 0.000185297 -0.0014979 -2.85275e-05 -0.0099811 -2.69213e-05 0.00802541 -0.00216152 -0.00983186 0.00633197 7.47214e-05 -0.000883404 -3.03368e-05 
-8.46732e-05 -0.00743274 5.31927e-06 0.000123124 0.00901424 7.45576e-06 -6.6389e-05 0.00133305 6.48561e-05 0.00220484 -0.00093155 0.00469091 0.0100301 -0.00388598 -0.000661205 -1.35243e-05 0.0115668 -0.00987032 0.0261482 -0.00534974 -0.00295425 0.00669043 -0.0020252 -0.00159445 -0.00179933 -0.00326539 -0.0100181 0.0111274 0.000456171 -3.57403e-05 -0.0191849 6.15573e-09 -0.00063737 0.000237458 0.00386812 7.17343e-06 -0.00171812 -1.7343e-05 -0.00575917 3.60318e-05 -6.59461e-06 0.0107202 -0.004886 -0.00462504 0.0140791 -5.70423e-06 -0.00574656 0.00992067 0.0066212 -0.0019502 -0.000366196 -0.00897954 -0.000140815 -0.00148661 -0.0193263 -2.5947e-05 0.0073688 1.04607e-06 -0.00952126 4.66473e-05 -0.00666692 0.00864872 -0.00387212 4.70541e-06 -0.00204545 -5.0042e-05 -0.000962679 -0.00347695 -0.000215555 0.000748125 0.0112316 0.0029944 0.00541678 0.000206865 -3.07988e-06 -1.97961e-06 -0.00278199 0.00948623 4.98484e-06 -0.00105813 -0.00431138 2.35461e-05 2.28015e-05 -0.000586748 6.27467e-07 -4.3524e-05 -0.00785732 -0.0138324 -0.000377113 -0.00223953 -9.85168e-06 0.0110361 -4.414e-05 -0.0180402 0.00271636 0.00976201 0.00338835 -6.74989e-06 0.000866776 -7.21477e-05 
0.000931492 0.0363295 -4.16824e-05 -0.0013076 -0.00710776 -3.85796e-05 0.000651094 -0.00113494 -0.000880394 -0.00132338 -0.0148529 -0.0100919 -0.00818509 -0.0296996 -0.011609 7.2323e-05 -0.0276112 0.0105299 -0.00534974 0.17638 0.00412172 0.0241049 -0.0518048 0.0139362 0.0618235 -0.0885039 0.0134428 -0.00580871 -0.00857376 0.00030635 -0.037956 1.47885e-07 0.00384098 0.000830275 0.00541537 -9.52837e-05 -0.0425606 0.00148567 0.05996 -2.85597e-05 5.07132e-05 -0.00869016 -0.134471 0.0294304 -0.000835945 5.05687e-05 0.135752 -0.0125138 -0.00522538 -0.0552453 0.00323828 0.0943142 0.00130969 -0.0426298 -0.0238475 0.000117925 -0.0058991 -3.92842e-06 0.16286 -3.76872e-05 -0.14954 -0.00806561 0.0792581 -0.000179496 0.0164075 -0.00110653 -0.0302728 0.02786 -0.00437542 0.0249596 0.0580719 -0.00163696 -0.0146431 -0.000272472 6.39813e-06 -0.00015335 0.0247768 -0.0075183 -2.48937e-05 -0.0279199 -0.114068 2.92631e-06 6.38384e-05 0.000819198 -4.3207e-05 -0.00130155 -0.0739572 0.0418784 -0.012246 -0.0335743 -2.4551e-05 -0.0088 0.000375562 -0.0571698 -0.0146398 -0.010025 0.098186 0.00113569 -0.000479837 0.000913874 
5.62014e-05 -0.139427 7.19144e-06 -0.00102954 -0.00295046 -2.26147e-05 -0.000812445 -0.000439349 -0.000516342 -0.000232403 0.00995367 -0.00415554 -0.0033054 -0.0150364 -0.00805961 -0.000378048 0.016796 0.00397539 -0.00295425 0.00412172 0.216356 0.0109711 0.0378633 0.0276568 0.0161575 -0.0406497 0.00110538 0.000616226 -0.00343835 -0.000209162 0.0042457 -1.61653e-07 0.00756798 0.00126588 -0.0149435 -7.67117e-06 0.0392112 -0.000866238 -0.0430262 -1.17218e-05 9.76332e-05 -0.00417585 -0.0145563 0.0746308 -0.013118 0.000184094 0.0309361 -0.0015706 -0.00208273 -0.0209575 0.00951594 0.016577 -0.00135572 -0.00504227 0.0334076 -0.000174096 -0.0260016 2.43754e-06 0.0106758 -1.13502e-05 0.00505789 -0.00185763 0.09806 -6.74051e-05 0.0376547 -0.000919099 0.0266269 0.0759486 -0.00101713 -0.0722933 -0.0349218 -0.0493382 0.0162795 -2.65924e-05 0.000223085 -5.51004e-05 -0.030651 -0.00308311 -8.29051e-06 -0.0106304 -0.00987892 4.05226e-05 -0.000108937 -0.00703759 3.27931e-05 -0.00053465 -0.0729568 -0.0574954 -0.00340715 -0.0133532 0.000112343 -0.00391724 0.000828916 -0.0360351 -0.000969186 -0.00117081 -0.0557183 0.00320352 8.34471e-05 0.000863582 
0.000581124 -0.0247265 -5.30758e-06 0.00163043 -0.00105369 -2.42006e-05 0.000502789 -0.00016327 -0.000118797 5.70305e-05 -0.00547375 -0.000438107 -0.00112402 -0.0154693 0.00193762 5.72544e-05 -0.0043239 1.59849e-05 0.00669043 0.0241049 0.0109711 0.100125 -0.00825307 -0.00792148 0.00609894 -0.0154697 0.00099584 0.000209259 -0.0011816 -0.000137043 -0.0764611 1.40514e-07 -0.00123805 0.000182758 0.0314256 3.11273e-06 -0.00604373 0.000717181 0.00407837 -4.17896e-06 -2.74248e-05 -0.00112541 -0.0236079 -0.0183692 0.0271288 -2.78915e-05 0.0205412 -0.0017455 -0.000767105 -0.00815221 -0.000948751 -0.029709 -8.41493e-05 -0.0059078 -0.0606708 3.19667e-05 0.0454682 -5.04572e-07 0.0194728 -5.02824e-06 -0.0276248 -0.00132741 0.00900529 2.44071e-05 -0.00797087 0.00140428 -0.00367234 -0.0136611 0.000989887 0.0262601 0.0395683 0.0582885 0.0375483 -4.2522e-05 -2.28764e-05 -2.88546e-05 -0.0113314 -0.00109661 -3.74594e-06 -0.0038325 -0.0177227 -1.47935e-05 0.000327636 -0.00250004 -6.72782e-06 -0.000188081 -0.0150665 -0.0147077 -0.00196902 -0.0061209 6.11468e-05 -0.00126505 -0.000103685 -0.0753848 -0.00134806 -0.00149989 0.0490283 0.00357405 2.50777e-06 0.000181561 
-0.000312452 -0.0363898 3.01152e-05 -0.000255338 -0.000711622 2.56069e-05 -0.000192146 -9.4425e-05 0.000155992 -0.000234135 0.0203472 0.000469287 -0.000800082 0.00735814 0.00421922 -8.0373e-05 0.0228876 0.000840852 -0.0020252 -0.0518048 0.0378633 -0.00825307 0.0698618 -0.00450556 -0.0204441 -0.00860478 -0.00217701 -0.00128587 -0.000689354 -0.000106305 0.0167451 -5.76875e-08 -0.00135163 0.0002068 -0.00299574 2.79404e-05 0.0481953 -0.000493942 -0.0230187 -2.79822e-06 -1.68656e-05 -0.000884167 0.0351377 -0.00812966 -0.00388295 -2.1256e-05 -0.0166081 0.00135318 -0.000521653 -0.00497021 -0.00108129 -0.0312909 -0.000433827 0.00736288 0.0147503 -6.07135e-05 -0.000424273 2.68518e-06 -0.0540207 -3.67083e-06 0.0565464 0.000355061 -0.0263295 -1.69189e-05 -0.00568162 -0.00018876 0.0318284 -0.00979026 -0.000267506 -0.00405887 -0.00486291 -0.017605 0.0445864 6.81124e-05 -3.68517e-05 -1.61141e-07 -0.00816742 -0.000737061 -2.18494e-06 -0.00185575 0.0170693 -1.05953e-05 -2.83791e-05 -0.00160647 1.3106e-05 -0.000126022 -0.0140338 -0.0459927 -0.000328943 -0.00251148 3.93532e-05 -0.000936272 -0.000124285 0.0232043 0.00409406 0.00144445 -0.0317809 -0.000341198 -0.000132342 -0.000356455 
0.000171637 -0.0271414 -2.45117e-06 -0.00022423 -0.000442623 -1.22991e-05 -0.000196635 -8.42604e-05 -0.000112459 0.000265963 -0.00346809 -0.000883617 -0.000489107 0.00969826 -0.00186475 -8.33162e-05 -0.00362821 0.000554551 -0.00159445 0.0139362 0.0276568 -0.00792148 -0.00450556 0.0665723 -0.00728449 -0.00758501 0.000934989 -0.000997266 -0.000678828 4.36805e-05 0.00583393 -5.47427e-08 0.00285729 -0.00052367 -0.00369434 -4.24379e-06 -0.00484286 7.55495e-05 -0.0221704 2.24619e-07 -1.64907e-05 -0.000771077 -0.0138697 0.0413203 -0.00343474 3.01691e-05 0.011592 -0.000816022 -0.000493714 -0.00513603 0.00900634 0.0384411 -0.000402178 -0.00369314 0.014351 -1.83245e-05 -0.0122339 -3.84155e-07 0.0154739 -3.25235e-06 -0.015073 -0.000802203 0.042552 -1.01204e-05 -0.000450642 -0.000221002 -0.00301004 0.035254 -0.000389167 -0.0444338 -0.0390033 -0.0176734 -0.0231275 -2.01745e-05 -3.01954e-05 -1.51475e-05 -0.0045908 -0.000442967 -2.1169e-06 -0.00211944 -0.0102198 -8.66449e-06 -2.72442e-05 -0.00137094 -4.12157e-06 -0.000126984 -0.0213643 0.00703894 -0.000589688 -0.00555169 -2.26813e-05 -0.000631587 0.000465928 0.00800594 -0.00034046 -0.000774086 -0.0202204 -0.000313974 -0.000151069 0.00232476 
5.72311e-05 0.00816347 -1.50458e-05 -0.000807744 -0.0024028 7.94351e-06 3.2522e-05 -0.000397236 -0.000399724 7.07361e-05 -0.00957983 -0.00373985 -0.00285542 -0.0380595 -0.0072424 0.000413915 -0.0127079 0.00373 -0.00179933 0.0618235 0.0161575 0.00609894 -0.0204441 -0.00728449 0.19808 -0.0357048 0.00459921 0.00246728 -0.00302798 0.000376059 -0.0486042 -1.644e-07 0.0063595 -0.00147924 -0.0147919 -9.79717e-05 -0.018636 0.00116026 0.126095 -1.00764e-05 -4.80576e-05 -0.00316585 -0.0574252 -0.0174167 -0.0099462 9.09987e-05 0.0528214 -0.00438588 -0.00185493 -0.0193206 0.00240235 -0.00402343 0.00265869 -0.0150516 -0.0275504 0.0001489 -0.028071 -1.35443e-06 0.0652193 -1.35208e-05 -0.0661051 -0.00301918 0.0742923 -5.34185e-05 -0.0130275 -0.000211521 -0.010608 -0.00103316 -0.00218128 0.0518223 0.0485942 0.00309246 -0.0799496 -0.00010288 0.000301827 -7.10677e-05 0.0333589 -0.00262343 -9.0023e-06 -0.0106858 -0.0435058 -3.07839e-05 -9.74495e-05 -0.00602196 -1.37624e-05 -0.000467827 -0.0429329 -0.0018334 -0.00469875 -0.0229875 1.78195e-05 -0.00329125 -0.000105461 -0.0664234 -0.00614596 -0.00349839 0.0376164 0.00346142 -0.000217012 -0.00127634 
-0.000546425 0.0122505 -8.00183e-06 -0.000248608 -0.00126802 -6.54007e-06 -0.000339656 -0.000137149 -0.000239128 -0.000383761 -0.0051482 0.00232145 -0.00107092 0.0241173 0.00115097 0.000160393 -0.00818412 0.000333123 -0.00326539 -0.0885039 -0.0406497 -0.0154697 -0.00860478 -0.00758501 -0.0357048 0.119768 0.00188813 -0.00237423 0.00884378 1.25234e-06 0.0269011 -1.06197e-07 -0.00195342 -0.000975254 -0.00530402 1.34274e-05 -0.00901183 -0.000473165 -0.0320218 -5.15125e-06 -3.19526e-05 -0.000971172 0.0848641 -0.0203962 -0.00546637 -3.94056e-05 -0.0951335 -0.00131334 -0.000961207 0.061063 -0.00193478 -0.0413621 -0.000789603 0.0341759 0.0169902 -0.000137415 -0.00686532 -3.65234e-07 -0.084973 -5.01385e-06 0.0835125 -0.00163809 -0.0448269 0.000123551 -0.0105438 -0.0003509 -0.00540832 -0.0159277 0.00303958 -0.0166146 -0.0553015 0.0109986 -0.0371217 -2.69788e-05 1.508e-05 8.43517e-05 -0.00748639 -0.00129681 1.43592e-05 0.025235 0.0859128 -1.9055e-05 -5.39821e-05 0.00319154 -4.8502e-06 0.00145954 0.0789175 0.0173536 0.0115818 0.0280214 -4.39101e-05 -0.000817423 -9.78627e-05 0.0403656 0.00270127 -0.00183347 -0.056444 -0.000733321 -0.000275201 -0.000640015 
3.74418e-05 0.00726268 -2.13815e-05 -0.00146565 -0.00909234 -1.5561e-05 1.9895e-05 -0.00133645 -5.93068e-05 -0.00201435 -0.00314755 -0.00663897 -0.0104131 -0.00173995 -0.000642575 -5.29884e-05 -0.0140313 0.01165 -0.0100181 0.0134428 0.00110538 0.00099584 -0.00217701 0.000934989 0.00459921 0.00188813 0.0174172 -0.00940767 -0.000975494 1.7255e-05 0.00703527 -1.31316e-08 0.000247159 0.000126012 -0.000768843 6.90328e-06 -0.00271622 0.000109942 0.00540961 -3.63701e-05 3.92503e-06 -0.00993023 -0.00149543 0.00129059 -0.00993215 -0.00012003 0.0133834 -0.0139774 -0.0066863 0.00123962 0.000139105 0.00725475 9.92146e-05 -0.00019922 0.00858219 -9.12173e-05 0.00144334 -2.72502e-06 0.0131442 -4.80684e-05 -0.000392864 -0.00875514 0.00599294 -0.000230152 0.00126771 -0.00105327 -0.00269375 0.0021103 -0.00123644 0.00885937 -0.000361596 0.00234562 -0.00197424 -0.00020961 1.78317e-06 -6.89647e-06 0.00192416 -0.0095759 -5.54816e-06 0.00061102 -0.000722645 -3.26874e-05 -1.10272e-05 0.000264908 -4.02048e-05 2.55805e-05 0.00444775 0.0130433 -8.73936e-05 0.000343735 -1.11362e-05 -0.0101441 -5.19347e-05 0.00665093 -0.00537157 -0.0116752 0.00794456 9.2104e-05 -0.000885973 -2.85386e-05 
-6.16644e-05 -0.00692257 4.98375e-06 0.000109845 0.0088411 2.90888e-05 -3.4578e-05 0.00132678 -1.00388e-05 0.0020893 -0.000720816 0.00442282 0.00952032 -0.00249733 -0.00046188 -1.48236e-05 0.00874353 -0.00941459 0.0111274 -0.00580871 0.000616226 0.000209259 -0.00128587 -0.000997266 0.00246728 -0.00237423 -0.00940767 0.0168416 0.000290263 -7.95058e-06 -0.0121321 1.35868e-08 -0.000397844 -2.83551e-05 -0.000921598 -6.55834e-06 -0.00113371 -9.15313e-05 0.0018851 3.31755e-05 -4.21177e-06 0.00934237 -0.00367555 -0.0028877 0.00890749 -4.05411e-06 -0.00622607 0.00942819 0.00668044 -0.00124526 -0.000237627 -0.00645729 4.82555e-05 -0.000948015 -0.010234 -1.7172e-05 -0.0030154 -6.17875e-08 -0.00551909 3.28847e-05 -0.00422642 0.00848153 0.000415091 7.07683e-06 -0.00131028 -3.79015e-05 -0.000455906 -0.00224067 -0.000144143 -0.00207809 0.00726091 -0.00384256 -0.00216887 0.000174883 3.61535e-05 -1.35478e-06 -0.0016219 0.00925757 2.76795e-06 -0.000688279 -0.00274795 2.34143e-05 -6.65451e-06 -0.000365909 1.20767e-07 -2.31645e-05 -0.00519304 -0.0126296 -0.000276781 -0.00145149 -3.47154e-06 0.00942682 -2.8175e-05 -0.0113467 0.00108141 0.00932 -0.00123914 -2.48138e-05 0.000897043 -2.61539e-05 
-3.81542e-05 0.00316621 2.45506e-06 0.000243737 0.000364704 3.83802e-06 -3.29901e-05 -5.67296e-06 -1.36569e-05 0.000124874 -0.000435713 0.000852053 0.000910006 -0.00081015 -0.000283318 4.13751e-05 0.00010595 -0.00171242 0.000456171 -0.00857376 -0.00343835 -0.0011816 -0.000689354 -0.000678828 -0.00302798 0.00884378 -0.000975494 0.000290263 0.0110146 -1.53762e-05 0.00141616 -8.50252e-09 -0.000231475 -8.27053e-05 -3.13135e-05 -2.96493e-06 -0.000528033 -7.5773e-05 -0.00341625 1.46757e-06 -2.57118e-06 0.000472695 0.00776099 -0.00190665 0.000559042 -3.11857e-06 -0.00888174 0.00090056 -1.46072e-05 0.00696174 -0.00015951 -0.00467557 -6.39415e-05 0.00813773 0.000811385 -4.61793e-06 -0.00105119 3.20334e-07 -0.008332 8.06285e-06 0.00720295 0.000233315 -0.00388443 0.000206201 -0.000841583 -3.11772e-05 -0.000414355 -0.00131172 0.000598416 -0.00573024 -0.00578938 -0.00198142 -0.00333368 6.73835e-06 -3.13807e-06 7.67151e-06 -0.00117103 0.000442576 2.43697e-06 0.000568824 0.0076161 1.68358e-07 -4.22908e-06 -0.000150117 1.05988e-05 1.32055e-05 0.00634991 0.000109184 0.000158696 -0.00021419 8.85418e-06 0.000615888 -1.84305e-05 0.0025001 0.000765856 0.000477886 -0.00513311 -5.92109e-05 0.000148672 -4.61225e-05 
4.60275e-05 0.000471996 -8.51941e-08 3.22587e-05 -1.07197e-05 1.98844e-06 2.11809e-05 -1.45636e-06 -2.70641e-06 1.08194e-06 -6.35277e-05 -1.79184e-05 -1.28705e-05 0.000106959 -3.85221e-05 0.000109013 -8.00113e-05 1.55829e-05 -3.57403e-05 0.00030635 -0.000209162 -0.000137043 -0.000106305 4.36805e-05 0.000376059 1.25234e-06 1.7255e-05 -7.95058e-06 -1.53762e-05 0.00142508 -0.000842001 -1.08937e-09 -4.90828e-07 2.34523e-05 -8.47242e-05 1.4566e-06 -8.56311e-05 0.000757864 0.000364384 -5.28414e-08 -7.41139e-08 -1.20295e-05 -0.000303192 -7.05384e-05 -7.0588e-05 3.51822e-06 0.00022536 -2.08138e-05 -9.63987e-06 -9.77998e-05 9.83061e-05 0.000744848 0.000320974 -7.22095e-05 -0.00059865 1.9265e-06 -0.000238584 -7.64459e-09 0.000307165 -7.09562e-08 -0.000334049 -1.48089e-05 0.000491994 -3.70608e-07 -0.000101387 -4.41261e-06 -5.94759e-05 7.3559e-06 -1.09764e-05 -0.000548758 -0.000403422 0.000163456 -0.000454008 -5.40035e-07 7.13328e-07 -3.79903e-07 0.000971017 -1.15911e-05 -4.7366e-08 -3.04324e-05 -0.000218224 1.63252e-07 -5.54226e-07 -2.36056e-05 -8.59981e-08 -2.61471e-06 -0.000314277 -0.00014185 -2.48496e-05 -0.000119714 -5.71746e-07 -1.52965e-05 -9.92089e-07 -0.000818578 -3.27231e-05 -1.81392e-05 -0.000502201 -7.24626e-06 9.90301e-06 -6.94969e-06 
-0.00258815 0.0172192 5.67633e-06 -0.000792509 -0.00727343 -4.38466e-05 -0.000651184 -0.00105436 9.33514e-05 -0.00230723 0.00991108 -0.0023075 -0.0082455 0.0308843 0.00218376 -0.00066963 -0.0025544 0.00758643 -0.0191849 -0.037956 0.0042457 -0.0764611 0.0167451 0.00583393 -0.0486042 0.0269011 0.00703527 -0.0121321 0.00141616 -0.000842001 0.172905 -5.5028e-07 0.00393082 -0.00109451 -0.0292039 -3.18531e-05 0.0141045 -0.00403203 -0.0434977 -2.87941e-05 3.34039e-05 -0.0100596 0.0336332 0.0280962 -0.0396958 -0.000113445 -0.031553 -0.00709472 -0.00529643 0.0158255 -0.00659255 0.0338299 -0.00439843 0.0122873 0.126893 2.8581e-05 -0.0645564 -9.02328e-07 -0.0343185 -3.83219e-05 0.0547047 -0.00635637 -0.0276467 -0.000159364 0.0151664 1.81849e-05 0.00744879 0.0181293 0.00112788 -0.0509816 -0.0793918 -0.101762 -0.02275 -0.000133344 -0.000268415 5.24045e-05 -0.00994515 -0.00758412 6.36155e-07 0.00687794 0.0349496 -3.28145e-05 -0.000273437 0.00490631 5.90158e-06 0.000353408 0.00936882 0.0245146 0.00362071 0.0176356 -2.16436e-05 -0.0096455 -0.000152456 0.142582 -0.000677756 -0.00716281 -0.0798158 -0.00306926 -0.000886961 0.000900901 
-3.16249e-09 2.79643e-07 -4.55685e-11 -2.58058e-09 1.94763e-08 -1.9339e-10 -2.27452e-09 -1.13734e-09 -1.4476e-09 -2.36491e-09 -3.71407e-08 1.58024e-08 1.8563e-08 3.15336e-07 -2.06813e-08 -9.7026e-10 -2.14142e-08 -1.58713e-08 6.15573e-09 1.47885e-07 -1.61653e-07 1.40514e-07 -5.76875e-08 -5.47427e-08 -1.644e-07 -1.06197e-07 -1.31316e-08 1.35868e-08 -8.50252e-09 -1.08937e-09 -5.5028e-07 7.63333e-07 2.50579e-08 6.40963e-07 -3.91372e-08 -3.26312e-10 5.94091e-07 5.61431e-07 -1.52941e-07 -2.82637e-11 -1.87625e-10 1.63384e-08 -1.70335e-07 -1.32184e-07 -6.17701e-09 -2.16685e-10 1.27337e-07 1.42733e-08 -5.28096e-09 -5.54881e-08 -1.09314e-08 3.28782e-07 5.62285e-07 -4.22319e-08 -6.00364e-07 -7.77445e-10 -5.58402e-08 -4.08892e-12 -3.0439e-07 -3.79529e-11 -1.89446e-07 1.75779e-08 -1.82889e-07 -1.9823e-10 -5.84017e-08 -2.36021e-09 -3.26325e-08 -1.00196e-07 -6.45761e-09 -3.62811e-07 -2.82663e-07 -1.43939e-07 3.52311e-07 -2.88853e-10 -4.99223e-10 -2.03202e-10 5.25432e-07 1.92206e-08 -2.5335e-11 -3.06694e-08 -1.22767e-07 -1.07019e-10 -2.96443e-10 -1.71191e-08 -4.59985e-11 -1.39855e-09 -2.42355e-07 -5.72338e-07 -1.3468e-08 -6.47346e-08 -3.05814e-10 1.71923e-08 -1.29731e-09 -5.17248e-07 -1.75028e-08 1.59143e-08 2.3959e-07 -4.05772e-09 -1.80449e-09 -3.71723e-09 
-7.08967e-05 -0.00640156 -1.3559e-06 -8.02255e-05 -0.000224489 3.41106e-06 0.000134494 -3.4219e-05 -4.06e-05 -2.77177e-05 -0.00106934 -0.000332314 -0.000254169 -0.00281839 -0.000636256 -2.08085e-05 -0.00084921 0.000246706 -0.00063737 0.00384098 0.00756798 -0.00123805 -0.00135163 0.00285729 0.0063595 -0.00195342 0.000247159 -0.000397844 -0.000231475 -4.90828e-07 0.00393082 2.50579e-08 0.0233684 -0.00014699 -0.00142839 -8.16131e-06 -0.00104974 0.000352452 -0.0010804 -8.86479e-07 -3.70477e-06 -0.000320941 -0.00398463 0.00467119 -0.00118787 0.000183784 0.00340199 -0.000386673 -0.000158895 -0.00110832 -0.00025118 0.0105414 -6.14135e-05 -0.00104328 0.00422544 1.03391e-05 -0.00420481 -1.28247e-07 0.00434496 -1.19038e-06 -0.00299209 -0.000282682 0.0135395 -6.21073e-06 0.00108608 -3.95402e-05 -0.00100329 0.0123776 -0.000142667 -0.0130727 -0.0114538 -0.00543624 -0.00872187 -4.40975e-06 -1.45346e-05 -5.72667e-06 0.00208161 -0.000233543 -5.44623e-07 -0.000735253 -0.00305339 1.45672e-06 -9.26114e-06 -0.000509549 -8.32722e-07 -4.0445e-05 -0.00656121 0.00194688 -0.000358151 -0.0012208 8.8116e-06 -0.00029649 0.000654064 -0.00583077 -0.000502289 -0.000333484 -0.0099292 -6.23387e-05 -3.89472e-05 7.29717e-06 
