0.0033008 2.5329e-07 -8.89278e-07 4.07145e-06 -1.74834e-06 -2.09858e-05 -0.0022152 -0.000976312 1.88725e-08 -3.21258e-07 8.22873e-06 0.000286753 -2.6024e-05 -8.15109e-07 -1.73964e-05 -3.11306e-09 -1.35782e-09 2.94902e-05 -0.000166888 1.60934e-05 -2.61268e-06 -5.17548e-05 8.55137e-06 3.20566e-05 -4.52872e-07 5.80597e-05 4.80965e-06 9.48619e-05 1.72585e-06 -2.32445e-05 2.77319e-05 -0.000116488 0.000895719 -3.50329e-07 -4.7822e-07 -2.62234e-08 -8.45604e-09 -7.01972e-07 -6.58489e-08 -0.000252991 -1.13444e-05 -2.53458e-05 -1.23308e-08 5.36482e-07 1.6029e-05 -4.7169e-06 0.000149605 -1.30984e-06 -0.000855006 -2.1508e-06 5.73016e-05 8.2599e-05 0.000211709 -6.47339e-08 -1.68874e-05 1.13408e-06 -1.48398e-08 1.26693e-05 -1.07881e-05 -5.70335e-05 -5.6321e-07 -2.62992e-07 -5.09337e-08 -5.66262e-05 1.77505e-07 1.41189e-06 -0.000683669 -1.49029e-09 0 -6.6158e-08 -0.000349581 8.67591e-06 -3.88347e-08 1.29893e-05 4.85173e-08 0.000693367 -4.95087e-07 -0.000165784 2.63887e-05 -1.31477e-08 0.000227473 -3.90302e-07 -0.000498832 2.0923e-05 -8.28493e-08 -0.000109707 -1.05804e-05 7.14408e-05 0.00105174 -0.000161998 6.13869e-06 -0.000471771 8.37182e-08 -4.17564e-08 -5.98325e-09 -4.06331e-07 1.09085e-06 -3.76321e-05 -1.37006e-05 -1.29422e-08 
2.5329e-07 0.0002385 -6.28695e-08 2.32525e-06 -2.16571e-07 -3.50299e-06 -0.000164367 -9.74035e-05 -8.0155e-10 -2.60226e-08 4.57021e-08 -1.02271e-05 -1.87819e-06 6.32613e-08 1.67783e-06 -2.24243e-10 -9.78082e-11 1.40372e-06 1.58465e-05 3.26795e-05 -8.02642e-07 6.71876e-05 -2.83952e-07 -1.67138e-06 -8.42455e-08 -0.000151832 3.65063e-06 1.19093e-06 4.12236e-06 -8.51398e-06 9.5554e-07 0.000201146 -4.55301e-05 -2.52353e-08 -5.0535e-08 -9.57248e-09 -6.09115e-10 2.73743e-07 -4.7433e-09 -2.35006e-05 -2.35067e-07 9.8587e-06 -8.88226e-10 -2.10506e-06 5.78757e-06 2.19394e-05 0.000132002 2.86571e-08 3.67554e-05 -2.48332e-07 5.21413e-07 -0.000192617 2.3532e-05 -4.66299e-09 5.71604e-05 -1.62696e-09 -2.50962e-09 -1.69751e-06 -7.771e-07 8.78545e-05 -4.05697e-08 -2.63875e-08 -1.35134e-08 0.000205154 -1.79713e-10 5.22686e-08 -4.58849e-05 -1.0735e-10 0 -4.76557e-09 -2.97151e-05 -0.000215915 -1.26419e-08 0.00014944 -1.96505e-07 4.8265e-05 -4.62275e-08 -1.45864e-05 3.34065e-06 -9.4707e-10 -5.38224e-06 -2.81147e-08 3.10416e-05 2.96616e-06 -5.96789e-09 -2.2581e-05 -8.15442e-07 -7.82702e-07 -0.000117157 -3.13481e-05 3.51286e-06 -0.000179703 -6.9261e-10 -5.88917e-09 -4.30992e-10 -2.92693e-08 9.13169e-07 -1.97247e-05 2.52923e-07 -8.13558e-09 
-8.89278e-07 -6.28695e-08 0.00086363 2.34599e-06 1.62577e-05 1.65132e-05 -0.000600386 -0.000110716 2.17096e-07 4.62378e-07 3.92914e-05 0.000616507 -5.05202e-06 2.29218e-07 -8.11273e-05 -8.12514e-10 2.97894e-09 0.000414285 -4.05535e-05 0.000599387 4.19317e-05 -7.1433e-06 -7.55526e-07 -4.2684e-06 4.90047e-05 -0.000550717 0.000500468 4.30099e-05 -8.80829e-08 -4.14209e-05 2.53515e-06 -3.83114e-05 0.000659296 -9.14366e-08 2.19356e-06 6.91982e-07 1.9446e-07 -2.76307e-07 4.46147e-07 -7.3389e-05 -2.26276e-06 0.000184178 -3.21836e-09 2.62293e-05 8.95794e-05 7.50306e-06 0.000611065 1.25607e-05 -0.000677141 2.94769e-05 3.05096e-05 -0.000690193 5.57831e-05 1.81977e-06 -4.46104e-06 5.50772e-07 3.91757e-06 -3.29633e-06 2.53676e-05 -1.57781e-05 1.1193e-05 -9.56116e-08 8.13437e-06 0.000530798 8.26822e-08 3.72809e-07 -0.000186769 -3.8897e-10 0 2.27326e-08 0.000106152 -0.000498695 1.47527e-07 1.96174e-05 -4.12734e-06 -0.000355312 -1.67499e-07 0.000110206 9.55678e-05 -3.43158e-09 -0.000546145 3.6813e-07 0.000111808 -0.000475435 -2.16238e-08 -0.000697186 2.48695e-07 -7.49345e-07 -0.000417284 9.86598e-05 1.64779e-05 -0.0002766 -2.50957e-09 3.45199e-06 4.71772e-07 -1.0272e-07 5.44775e-05 0.000294821 -3.5277e-06 8.71885e-08 
4.07145e-06 2.32525e-06 2.34599e-06 0.000759908 4.24182e-06 -7.01153e-06 -0.000494559 -0.00024377 -2.55524e-09 -8.29564e-08 6.22887e-07 -1.42182e-05 -5.98742e-06 2.50017e-08 0.000157227 -7.14857e-10 -3.118e-10 1.48295e-05 -1.73276e-05 -1.13237e-05 -1.85382e-07 0.000397268 -8.38533e-07 -1.4031e-06 -2.3523e-07 -0.000455626 9.34802e-05 4.62092e-06 9.52504e-07 -3.52624e-05 -1.44962e-06 0.000496384 0.000121508 -8.04468e-08 -1.61099e-07 -3.05158e-08 1.04725e-07 1.16903e-07 -1.5121e-08 -7.44211e-05 2.00978e-06 3.21816e-07 -2.83155e-09 -3.88399e-06 4.59367e-05 1.46824e-05 0.000352561 -2.70361e-07 9.24494e-05 -7.91649e-07 2.67616e-06 -0.000503329 7.16494e-05 1.80169e-09 2.38465e-05 1.78147e-07 1.62e-07 -5.80013e-06 -2.19396e-06 0.000277635 -1.29331e-07 -8.412e-08 -4.3079e-08 0.000530775 -5.729e-10 -3.39431e-09 -0.000149158 -3.42219e-10 0 4.14747e-08 -8.38756e-05 -0.000580123 -4.03007e-08 2.04629e-05 1.11411e-08 0.000140075 -1.17367e-07 -4.33225e-05 1.62545e-05 -3.01913e-09 1.46612e-05 -8.96259e-08 7.82517e-05 -5.73105e-06 -1.90248e-08 -4.67322e-05 -2.59952e-06 -6.65149e-07 -0.000274844 -9.31468e-05 2.83588e-05 -0.000546633 3.61125e-07 -1.87739e-08 -1.37395e-09 -1.33066e-08 7.03822e-07 -6.32511e-05 -3.16273e-06 -2.59351e-08 
-1.74834e-06 -2.16571e-07 1.62577e-05 4.24182e-06 0.00167354 -2.18621e-05 -0.000407588 0.000703205 -5.63254e-09 -1.82862e-07 -1.52931e-06 0.000460748 -1.20581e-05 4.4454e-07 -0.000163967 -1.57577e-09 -6.87303e-10 7.40621e-06 5.64634e-05 1.87874e-05 -5.62354e-06 -1.72714e-05 -1.99534e-06 -8.86054e-06 -3.75331e-07 -0.000557222 -1.02443e-05 5.77232e-06 1.10251e-06 0.00044177 -3.3427e-06 2.6001e-05 0.000487884 6.3267e-07 4.70489e-06 -6.72663e-08 -4.28028e-09 8.04138e-07 -3.33314e-08 -0.000153151 -6.16589e-06 -1.06077e-05 -6.24161e-09 -1.14224e-05 2.00316e-05 1.66647e-06 0.000572157 -7.35566e-07 -0.00055501 -2.05041e-07 -1.16866e-06 -0.000621855 -0.000360143 -3.27671e-08 -8.03426e-06 2.5234e-08 -4.30187e-09 2.01111e-06 2.36928e-06 -3.12209e-05 2.58248e-07 5.04573e-07 4.08374e-07 -3.06584e-05 -1.26285e-09 -7.48211e-09 -0.000283317 -7.54357e-10 0 -3.34879e-08 0.000615292 1.01606e-05 4.78313e-08 -4.38942e-06 2.45585e-08 -0.000315223 -3.24843e-07 -2.57771e-05 1.0791e-05 -6.65511e-09 -0.000450928 -1.97563e-07 -4.93974e-05 -2.6648e-05 -4.19367e-08 -1.31757e-05 -5.46015e-06 -5.03675e-06 -0.000715607 0.000350066 -1.04477e-06 -0.000457454 -4.867e-09 -4.13835e-08 -3.02861e-09 9.37656e-07 -1.20073e-07 -0.000133372 -4.27426e-06 -7.16912e-09 
-2.09858e-05 -3.50299e-06 1.65132e-05 -7.01153e-06 -2.18621e-05 0.0154304 0.00165028 0.00774627 -5.2672e-08 -1.71001e-06 -1.42945e-05 0.00286791 -7.80786e-07 -6.78229e-05 -0.00145593 -1.47356e-08 -6.42724e-09 -1.20791e-05 -0.000114553 -0.000288576 -5.22904e-05 -0.000262723 -2.21255e-06 0.00207655 2.25307e-05 -0.00771087 -0.000118223 -5.54773e-05 1.22544e-07 4.16934e-05 0.000212016 -0.000818799 0.00293636 -1.65828e-06 -2.55746e-06 -6.29033e-07 -4.00265e-08 -3.64438e-06 -2.95028e-07 -0.00127011 -5.1382e-05 -0.000118947 -5.83677e-08 5.09751e-06 -2.32321e-05 -1.71707e-05 0.00381368 -6.00189e-06 -0.00365855 -1.55585e-05 -4.15781e-05 -0.00225925 -0.00189267 -2.73084e-07 -5.68371e-05 4.79755e-07 -1.64914e-07 2.1312e-05 -6.69863e-06 -0.000254254 -2.63928e-06 -1.724e-06 -8.84671e-07 -0.000438497 -8.47606e-09 1.53365e-07 -0.00192163 -7.05429e-09 0 -3.13158e-07 -0.00129895 0.000355382 1.25998e-08 -9.73626e-05 2.29656e-07 0.00140972 2.89346e-08 -0.000110533 -5.10808e-06 -6.22345e-08 0.000658347 -1.08749e-06 0.00118291 0.000102709 -3.92166e-07 -0.00012362 -5.10915e-05 -5.01634e-05 -0.005947 -0.000924358 -1.92382e-05 -0.00871064 -4.55132e-08 -3.86993e-07 -2.83216e-08 3.83997e-06 -5.39682e-06 -6.79189e-05 -6.3629e-05 -5.31277e-07 
-0.0022152 -0.000164367 -0.000600386 -0.000494559 -0.000407588 0.00165028 0.210789 -0.0319868 -1.53867e-06 -7.61204e-06 -7.81628e-05 -0.107216 0.00145126 -7.62275e-05 -0.0131493 1.23864e-07 -2.42854e-07 -0.00064275 0.0099609 -0.0131385 0.000518444 -0.0119526 -0.00011789 -0.000572039 -0.000245349 0.0898654 -0.00516073 -0.000266803 -6.07936e-05 0.013439 -2.18618e-06 -0.0115296 -0.116477 2.71281e-05 -0.000120589 -2.77891e-05 -2.27048e-09 4.34918e-05 -1.38589e-05 0.0274762 0.00101229 -0.00505653 -2.59895e-06 0.00171926 -0.00117111 -0.000675709 -0.102495 -1.88763e-05 0.0910423 -0.00063272 -0.00257248 0.110228 -0.0265773 -1.13906e-05 -0.00290328 -4.64381e-06 -6.51314e-06 -0.000347157 -0.00218352 -0.0111344 -0.000117184 -3.98233e-05 -3.21903e-05 -0.0232852 -5.2584e-07 -1.11548e-06 0.0509646 8.25589e-08 0 5.23594e-06 -0.0880151 0.0194491 -2.53369e-05 -0.00441693 6.70595e-06 0.0187116 -0.000102228 -0.0444916 -0.000709363 6.75539e-07 0.0514729 7.76635e-06 -0.0331918 0.000191201 -1.43287e-05 0.00226336 0.000962893 -0.00203501 0.0324392 -0.0968817 -0.000864483 0.0339537 -1.4991e-07 -3.60838e-06 -9.27751e-07 -2.55087e-05 -0.000243533 -0.00308783 0.000474366 -2.17714e-05 
-0.000976312 -9.74035e-05 -0.000110716 -0.00024377 0.000703205 0.00774627 -0.0319868 0.244937 -2.04248e-07 -2.1903e-05 -0.00024672 0.0895787 0.000909115 -3.65511e-05 -0.0414029 4.63554e-07 -1.75826e-07 -0.000220038 0.0149222 0.00481991 -0.00130315 -0.00291303 -0.000200542 0.00287574 8.08486e-05 -0.108994 -0.000793606 0.000117834 -2.78706e-05 0.0140943 -0.000334885 -0.00798982 0.084474 -2.32912e-05 8.00252e-05 1.19953e-05 -4.71647e-07 5.68592e-05 -3.65017e-06 -0.0192078 -0.00135819 0.00200169 7.06605e-07 -0.00148887 -0.000438519 -0.000454143 0.0733994 -3.3069e-05 -0.0976788 0.000446757 0.000918372 -0.0697737 -0.0315226 -7.0158e-06 -0.00169961 1.24529e-06 -2.23144e-06 -0.00186778 0.00185678 -0.00701875 7.56494e-05 -2.46692e-05 -4.74923e-06 -0.00935917 1.70271e-07 -1.79741e-06 -0.0224546 2.03687e-07 0 -7.03687e-06 0.0723485 0.00300213 -1.43919e-06 -0.00269291 4.79256e-06 -0.0632413 -6.73347e-05 0.0389357 -0.000109699 3.47491e-07 -0.0404718 1.7756e-05 0.00654829 0.00174619 1.38651e-05 -0.000730765 -0.00116577 -0.0013445 -0.123666 0.0772116 -0.000480777 -0.0365857 -8.25076e-07 -8.13339e-06 -1.11444e-07 -2.62292e-06 -0.00013636 -0.00996985 -0.000948657 1.72617e-05 
1.88725e-08 -8.0155e-10 2.17096e-07 -2.55524e-09 -5.63254e-09 -5.2672e-08 -1.53867e-06 -2.04248e-07 3.35999e-06 -3.6652e-10 -3.06527e-09 9.85291e-07 -2.64537e-08 8.91016e-10 -3.17453e-07 -3.1584e-12 -1.3776e-12 2.96625e-07 -2.00709e-07 1.50943e-06 -1.1305e-08 1.02172e-07 -3.99937e-09 -3.86584e-08 -1.18657e-09 -1.50086e-06 1.3478e-06 -3.8626e-08 -3.42395e-10 7.73594e-08 -1.04883e-09 6.34634e-07 9.98956e-07 -3.55432e-10 7.26216e-08 1.46532e-07 -8.5792e-12 -1.07406e-09 -6.6808e-11 5.33912e-09 1.7628e-08 1.05961e-06 -1.25104e-11 3.50834e-10 4.0405e-07 1.63506e-06 1.93495e-06 -1.47433e-09 -1.20776e-06 -3.49768e-09 -1.66e-08 -1.956e-06 -2.30202e-07 6.60099e-09 4.23999e-08 -2.29152e-11 -3.53472e-11 2.73585e-08 -1.09452e-08 6.30668e-08 -5.71413e-10 -3.71661e-10 -1.90333e-10 1.09601e-06 -2.5312e-12 -1.49968e-11 7.2269e-07 -1.512e-12 0 -6.71216e-11 -4.30453e-07 -1.37138e-06 -1.78058e-10 -2.17394e-08 4.9224e-11 -9.45929e-07 4.60156e-08 -2.30422e-07 4.06441e-07 -1.33392e-11 3.7249e-08 -3.95987e-10 -2.08563e-07 -1.58916e-06 -8.4056e-11 -1.5372e-06 1.85147e-08 -1.10241e-08 -1.20233e-06 -2.89182e-07 -4.23207e-09 -2.03403e-06 -9.7552e-12 2.32504e-08 -6.0704e-12 -4.1225e-10 -1.17603e-09 -6.76754e-08 8.72642e-09 -1.14587e-10 
-3.21258e-07 -2.60226e-08 4.62378e-07 -8.29564e-08 -1.82862e-07 -1.71001e-06 -7.61204e-06 -2.1903e-05 -3.6652e-10 0.000109071 -9.95149e-08 -2.95562e-06 -3.05495e-07 -2.44063e-08 4.42604e-06 -1.02538e-10 -4.47242e-11 2.0471e-06 2.44725e-06 1.13453e-05 -3.67019e-07 1.38259e-06 -1.29841e-07 -8.58389e-07 8.31478e-07 2.34883e-05 1.32898e-07 8.95998e-07 -1.1116e-08 2.51316e-05 -2.50486e-07 -5.4382e-06 -4.84245e-06 3.51275e-08 -2.31078e-08 -4.37715e-09 -2.78526e-10 -3.48696e-08 3.20116e-06 1.10234e-05 1.77834e-06 8.90479e-06 -4.06154e-10 2.34743e-06 8.35063e-08 1.09693e-07 -2.79931e-06 -4.78647e-08 -1.45337e-06 1.14645e-06 -4.68925e-07 2.43596e-06 -3.67615e-05 -2.13222e-09 -5.71392e-07 -7.43948e-10 -1.14756e-09 3.8185e-06 -2.08673e-07 2.03854e-06 6.98116e-07 -1.20661e-08 -6.17921e-09 -2.98563e-06 -8.21761e-11 -4.86875e-10 -2.09254e-05 -4.90875e-11 0 3.44875e-08 -1.31612e-05 -1.46386e-05 4.75526e-08 -6.89109e-07 1.59807e-09 -4.15417e-05 -2.11382e-08 -6.90403e-06 -1.15545e-07 -4.33061e-10 -2.47167e-06 2.88381e-06 -4.94402e-05 -8.83042e-06 -2.7289e-09 -5.85101e-06 1.98046e-06 4.05432e-07 2.94866e-05 -3.08033e-06 7.29271e-07 5.28025e-06 -3.16705e-10 1.09064e-06 -1.97077e-10 -1.33838e-08 -3.81803e-08 -2.10613e-06 1.11578e-06 -3.72011e-09 
8.22873e-06 4.57021e-08 3.92914e-05 6.22887e-07 -1.52931e-06 -1.42945e-05 -7.81628e-05 -0.00024672 -3.06527e-09 -9.95149e-08 0.000911451 -0.000153773 9.89747e-06 -7.14744e-07 0.000199529 -8.57546e-10 -3.74036e-10 2.11537e-05 1.71515e-05 -1.56674e-05 0.000181197 -8.91114e-06 -1.65882e-07 -7.18626e-06 -3.2217e-07 2.20416e-05 -2.95382e-06 -7.69078e-06 -4.6298e-08 -3.74807e-05 9.84754e-08 -1.63959e-05 0.000142917 -9.65044e-08 -1.03255e-07 -3.66069e-08 3.91004e-07 1.1838e-07 -1.81392e-08 0.000295277 6.57942e-05 -6.88073e-06 8.99366e-08 0.000229223 -1.0721e-06 -1.34067e-06 -0.000150592 3.8597e-06 5.03347e-05 -7.02999e-07 -3.60379e-06 7.5924e-05 -0.0002511 1.27217e-06 -4.33865e-06 -6.22177e-09 8.20403e-07 -7.02753e-06 -1.52844e-06 1.20218e-05 -1.55146e-07 8.5756e-08 5.19499e-06 4.43474e-05 -6.87253e-10 4.02595e-07 1.84727e-05 -4.10528e-10 0 1.41776e-07 -0.00010857 1.60219e-05 1.76499e-06 -3.31253e-06 -2.49664e-06 -0.00039371 3.03218e-07 -5.61658e-05 3.03679e-07 -3.62176e-09 -1.52136e-05 -1.07516e-07 -0.000309176 -0.000453706 -2.28223e-08 -0.00020327 9.20816e-05 2.20141e-07 9.7094e-05 -0.000121801 -4.82394e-07 6.68372e-05 -2.64866e-09 3.87479e-07 -1.64819e-09 6.80689e-08 3.76307e-05 1.29058e-05 4.7707e-06 9.78888e-07 
0.000286753 -1.02271e-05 0.000616507 -1.42182e-05 0.000460748 0.00286791 -0.107216 0.0895787 9.85291e-07 -2.95562e-06 -0.000153773 0.146309 -0.000735418 3.58364e-05 -0.0175696 -7.30957e-09 1.73691e-07 0.000529617 -0.0105831 0.0134513 -0.000569697 0.00227041 -0.000166142 -0.000173241 0.000275347 -0.113286 0.00362165 0.000987402 -5.54433e-06 -0.00878921 -0.000169492 -0.00794926 0.127774 -1.88283e-05 0.000127769 3.25746e-05 -3.54465e-07 -5.57926e-05 1.40777e-05 -0.017233 -0.000653097 0.00497082 2.55395e-06 -0.00130396 0.000664754 0.000433241 0.116311 -6.83564e-05 -0.123507 0.000725251 0.00206415 -0.117686 0.0146131 -2.20242e-06 -0.000807704 5.06612e-06 1.72422e-06 -0.000259119 0.00265814 -0.00239777 0.000128804 -1.83113e-05 1.54075e-05 0.00208903 5.39248e-07 9.62243e-07 -0.0355143 -8.0095e-08 0 -2.03562e-06 0.105422 -0.00830182 1.42211e-05 -0.000936799 2.1842e-06 -0.0463183 -2.8944e-05 0.0545534 0.000345058 1.33384e-07 -0.059905 -8.26992e-06 0.0214011 -0.00298129 1.71406e-05 -0.00259532 -0.00060414 -0.000562926 -0.0806167 0.11475 0.000105079 -0.0467441 -4.10094e-07 5.15271e-06 9.61767e-07 2.31528e-06 -4.56912e-05 -0.0132339 -0.000761961 2.41133e-05 
-2.6024e-05 -1.87819e-06 -5.05202e-06 -5.98742e-06 -1.20581e-05 -7.80786e-07 0.00145126 0.000909115 -2.64537e-08 -3.05495e-07 9.89747e-06 -0.000735418 0.00781115 -7.29355e-05 -0.000545385 -7.40075e-09 -3.22799e-09 -6.16143e-06 0.000115505 0.000112634 1.67236e-05 -8.15298e-05 5.09868e-06 -9.03742e-05 4.55263e-05 0.00189107 -5.27624e-05 -8.66448e-05 -8.02299e-07 0.0012937 -3.34893e-06 -0.000300615 -0.000878845 7.50487e-07 5.11218e-06 -2.39256e-07 -2.01027e-08 -2.38006e-06 4.86789e-07 0.00180943 -2.41534e-05 0.000220508 -2.93143e-08 2.58729e-05 -1.48477e-06 -1.04302e-05 -0.0012907 -1.75132e-06 7.0992e-06 4.71276e-05 -3.48572e-05 0.000850381 -0.00336127 -1.53894e-07 -1.66071e-05 -5.36948e-08 -8.28254e-08 -4.6508e-05 1.87654e-06 -0.000128924 -1.52265e-07 -8.17541e-07 4.01305e-09 -0.000342677 -5.9311e-09 -3.51404e-08 0.000745284 -3.54291e-09 0 3.41272e-06 -0.000487817 0.000164387 3.68944e-06 -4.9103e-05 -3.47992e-07 -0.00574155 -1.52566e-06 -0.000309799 -7.62616e-06 -3.12564e-08 -0.000245542 7.18791e-07 3.00727e-05 -0.00185836 -1.33626e-07 8.1267e-06 6.03545e-05 -2.58317e-05 -0.00341852 -0.000470125 -9.91656e-06 0.000808734 5.37142e-07 4.65638e-07 3.99109e-07 2.31674e-05 -2.24901e-06 0.00229607 2.11198e-05 1.88483e-06 
-8.15109e-07 6.32613e-08 2.29218e-07 2.50017e-08 4.4454e-07 -6.78229e-05 -7.62275e-05 -3.65511e-05 8.91016e-10 -2.44063e-08 -7.14744e-07 3.58364e-05 -7.29355e-05 0.000265113 1.45366e-05 2.49272e-10 1.08725e-10 1.33027e-07 -1.07726e-05 5.04354e-06 -3.75444e-06 2.91402e-06 -2.22769e-06 -4.02823e-05 9.36486e-08 -2.69795e-05 2.27811e-06 -1.18167e-07 -8.96436e-08 6.84593e-06 -2.17111e-05 3.29362e-06 4.71712e-05 2.13853e-08 -1.20491e-07 1.06409e-08 6.77101e-10 -1.63786e-05 5.27273e-09 -6.99904e-05 8.26443e-07 1.42908e-06 9.87366e-10 9.00019e-07 4.69576e-07 -3.41029e-06 1.5125e-05 8.30265e-08 6.37532e-05 2.7605e-07 1.31014e-06 -3.84971e-05 2.71914e-05 5.18345e-09 -2.6576e-06 1.80855e-09 2.78973e-09 -8.76023e-06 8.63836e-07 -1.87132e-07 4.5098e-08 -2.87334e-07 1.50218e-08 1.03926e-05 1.99771e-10 1.1836e-09 -0.000169479 1.19333e-10 0 5.29748e-09 3.43857e-05 -2.51567e-06 1.40529e-08 -4.74247e-07 -3.88494e-09 4.02516e-05 -2.65279e-07 1.3049e-05 9.42244e-08 1.05278e-09 -8.14302e-06 -3.75541e-06 6.94933e-05 -2.33703e-06 6.634e-09 1.7962e-06 5.99791e-07 8.70064e-07 7.0868e-05 3.70293e-05 6.06766e-08 3.04183e-05 -1.45897e-07 6.54649e-09 4.79098e-10 -5.50797e-07 9.28168e-08 -0.000116032 -7.87169e-07 9.04364e-09 
-1.73964e-05 1.67783e-06 -8.11273e-05 0.000157227 -0.000163967 -0.00145593 -0.0131493 -0.0414029 -3.17453e-07 4.42604e-06 0.000199529 -0.0175696 -0.000545385 1.45366e-05 0.089552 -2.01406e-08 -4.07706e-08 -9.95486e-05 -0.00577453 -0.0012306 -0.000296842 0.00112712 0.000139024 -0.00103039 -3.18037e-05 0.0293354 -0.000812766 -0.000688886 -2.41664e-06 0.00035328 -0.000153726 0.00090659 -0.0206864 2.86242e-05 -1.79351e-05 -3.20021e-06 -2.53904e-07 -2.11138e-05 -1.48387e-06 0.00462071 -0.00032669 -0.000791585 -3.7025e-07 -0.000271501 -8.45551e-05 -9.36656e-05 -0.0140773 -4.04968e-05 0.0185978 -0.000102512 -0.000293594 0.0126196 0.00578628 -1.22373e-06 -0.000274771 -6.78184e-07 5.30554e-07 -0.000820484 -0.000323928 0.00433264 -9.40117e-06 -7.07943e-06 -5.54297e-06 0.000855606 -7.49118e-08 1.17283e-06 -0.0128032 -4.47482e-08 0 5.44351e-06 -0.0129253 -0.00446773 -4.91634e-06 0.00136361 -2.54986e-06 -0.00263946 -1.14829e-05 -0.0068153 -9.59639e-05 -3.08112e-07 0.00642638 -6.37938e-06 -0.0348498 -0.00064179 -1.151e-06 6.48274e-05 -0.000243597 0.000232284 0.036444 -0.0138818 0.000239771 0.00667461 -2.88709e-07 -2.37485e-06 -1.79656e-07 -9.96734e-06 0.000101618 -0.00765862 -0.000357404 -3.39125e-06 
-3.11306e-09 -2.24243e-10 -8.12514e-10 -7.14857e-10 -1.57577e-09 -1.47356e-08 1.23864e-07 4.63554e-07 -3.1584e-12 -1.02538e-10 -8.57546e-10 -7.30957e-09 -7.40075e-09 2.49272e-10 -2.01406e-08 9.39999e-07 -3.854e-13 -9.44174e-10 3.53849e-07 1.25455e-07 -3.1627e-09 -1.61782e-08 -1.11887e-09 -1.08152e-08 -3.31958e-10 1.80138e-07 -8.07525e-09 -1.08061e-08 -9.57891e-11 6.00233e-07 -2.1585e-09 -4.99934e-08 -3.98555e-08 -9.94363e-11 -1.99126e-10 -3.77191e-11 -2.40013e-12 -3.0048e-10 -1.86903e-11 -9.26928e-08 -3.46121e-09 -7.57063e-09 -3.49993e-12 -8.29471e-09 -1.66451e-09 -1.38141e-09 -1.3e-08 -4.12463e-10 2.52709e-08 -9.78518e-10 -4.64406e-09 7.11143e-09 -5.93469e-07 -1.83739e-11 -4.92383e-09 -6.4108e-12 -9.8888e-12 -8.1993e-09 -3.06206e-09 -1.77928e-08 -1.5986e-10 -1.03977e-10 -5.32479e-11 -4.49445e-08 -7.08133e-13 -4.19553e-12 -7.20052e-08 -4.23e-13 0 -1.87781e-11 -3.56227e-08 -4.32238e-08 -4.98137e-11 -6.08186e-09 1.3771e-11 -7.3277e-07 -1.82153e-10 -6.44632e-08 -9.95679e-10 -3.7318e-12 7.19685e-08 -1.10782e-10 -8.00769e-07 2.16831e-08 -2.35157e-11 3.5818e-09 -3.21314e-09 -3.08413e-09 -3.52259e-07 2.78083e-08 -1.18397e-09 9.7722e-08 -2.72913e-12 -2.32055e-11 -1.69827e-12 -1.15332e-10 -3.29009e-10 8.61861e-08 -4.08646e-09 -3.20571e-11 
-1.35782e-09 -9.78082e-11 2.97894e-09 -3.118e-10 -6.87303e-10 -6.42724e-09 -2.42854e-07 -1.75826e-07 -1.3776e-12 -4.47242e-11 -3.74036e-10 1.73691e-07 -3.22799e-09 1.08725e-10 -4.07706e-08 -3.854e-13 4.1e-07 2.92151e-09 -2.1158e-08 2.38869e-07 1.95386e-09 2.3961e-07 -4.88019e-10 -4.71725e-09 -1.4479e-10 -1.01642e-07 2.43144e-07 -4.71329e-09 -4.17804e-11 -3.5861e-09 -9.41475e-10 -2.18056e-08 -8.38377e-08 -4.33712e-11 -8.6853e-11 1.39984e-07 -1.04687e-12 -1.31061e-10 2.46659e-07 -4.04298e-08 -1.50968e-09 2.43365e-07 -1.52657e-12 -3.6179e-09 -7.26012e-10 2.46064e-07 1.71209e-07 3.15343e-09 -1.6919e-07 -4.268e-10 -2.0256e-09 -1.77111e-07 -2.66017e-07 3.32532e-09 -2.14763e-09 -2.7962e-12 -4.3132e-12 -3.57629e-09 -1.33558e-09 -7.7607e-09 1.06597e-07 -4.53515e-11 3.31011e-09 -1.62701e-08 -3.08867e-13 -1.82997e-12 -8.95626e-08 -1.845e-13 0 -8.19043e-12 -5.3339e-08 -2.31052e-07 -2.17273e-11 -2.65273e-09 -3.32733e-09 -1.59612e-07 -7.94498e-11 2.1855e-07 -4.34286e-10 -1.6277e-12 -2.18609e-07 2.46618e-07 5.34591e-08 -2.40542e-07 -1.02568e-11 -2.48438e-07 -1.40147e-09 -1.34521e-09 -4.16238e-08 -5.76581e-08 -5.16413e-10 -2.07377e-07 -1.19037e-12 -1.01215e-11 -7.40733e-13 -5.03043e-11 3.18983e-09 -3.17699e-08 -1.78239e-09 -1.39824e-11 
2.94902e-05 1.40372e-06 0.000414285 1.48295e-05 7.40621e-06 -1.20791e-05 -0.00064275 -0.000220038 2.96625e-07 2.0471e-06 2.11537e-05 0.000529617 -6.16143e-06 1.33027e-07 -9.95486e-05 -9.44174e-10 2.92151e-09 0.00100343 -4.65201e-05 0.000448907 2.07005e-05 -2.77724e-06 -9.18908e-07 -9.39656e-06 6.76529e-06 -0.000487475 0.000431224 -1.14235e-05 -1.02356e-07 -4.9053e-05 7.33686e-06 -4.03606e-05 0.000618144 -1.06253e-07 2.78722e-06 -1.03048e-08 -2.56467e-09 -3.21079e-07 2.4567e-06 -9.36805e-05 -3.69849e-06 0.00010881 -3.73986e-09 4.1e-06 0.000160468 2.30039e-05 0.0005144 1.23693e-05 -0.000649228 4.17735e-07 9.94757e-06 -0.000472586 8.72932e-05 2.89703e-06 -5.10804e-06 1.02315e-06 3.81277e-06 1.54528e-06 -7.2197e-07 -1.87293e-05 5.69182e-07 -1.11104e-07 8.3331e-06 0.000504121 -7.56678e-10 7.15517e-07 -0.000215725 -4.51998e-10 0 5.3268e-08 1.46139e-05 -0.000462422 -5.32286e-08 2.50612e-05 -4.80195e-06 -0.000256317 -1.01307e-07 1.89077e-05 0.000156006 -3.98763e-09 -0.000332855 5.90496e-06 0.00011826 -0.00037415 -2.51277e-08 -0.000620206 -2.95341e-06 -1.78889e-06 -0.000253232 -1.44305e-05 1.36982e-05 -0.000342952 -2.91622e-09 4.81854e-06 4.84852e-07 1.26762e-07 2.98851e-05 0.000364022 -3.79993e-06 6.45745e-07 
-0.000166888 1.58465e-05 -4.05535e-05 -1.73276e-05 5.64634e-05 -0.000114553 0.0099609 0.0149222 -2.00709e-07 2.44725e-06 1.71515e-05 -0.0105831 0.000115505 -1.07726e-05 -0.00577453 3.53849e-07 -2.1158e-08 -4.65201e-05 0.0561667 -0.000975158 -0.000157176 0.00392263 -3.40952e-05 0.00437177 -2.09552e-05 -0.0121193 -0.000169241 -4.87519e-05 1.92428e-05 0.00568851 6.42286e-05 0.00507976 -0.0125124 2.81771e-06 -1.1004e-05 -2.36696e-06 3.5081e-07 5.32485e-05 -7.31063e-07 -0.00507939 -0.000210346 -0.000426456 -1.45746e-07 -0.00029832 -9.54329e-05 -8.31186e-05 -0.0102881 0.000259449 0.00483517 -5.84093e-05 -0.000269816 0.00457918 -0.0117226 1.16657e-05 0.00221212 -3.77392e-07 2.24826e-06 0.000378033 -0.00019036 0.00419015 -9.84539e-06 2.49252e-06 1.12795e-05 0.00365603 -4.50003e-08 -5.32835e-08 -0.000955969 -1.68807e-08 0 -9.73305e-07 -0.00772869 -0.00496308 -2.49555e-06 0.0014252 -8.31155e-06 -0.0028429 3.10312e-05 -0.00381553 -5.70099e-05 1.19285e-06 0.00376227 7.31671e-06 -0.00286185 0.00125119 -9.14369e-07 0.000153142 -0.000194371 -0.000191603 -0.0167505 -0.00838923 2.56613e-05 -0.00879962 1.8657e-07 -1.44132e-06 2.25412e-07 2.09092e-06 1.41555e-05 0.00170907 0.000123438 -1.10049e-06 
1.60934e-05 3.26795e-05 0.000599387 -1.13237e-05 1.87874e-05 -0.000288576 -0.0131385 0.00481991 1.50943e-06 1.13453e-05 -1.56674e-05 0.0134513 0.000112634 5.04354e-06 -0.0012306 1.25455e-07 2.38869e-07 0.000448907 -0.000975158 0.0186573 -5.71544e-05 0.00160779 -1.02849e-05 -0.000182383 0.00022331 -0.0119835 0.00323378 0.00023141 5.0319e-06 -0.000845547 0.00013224 0.000606546 0.0118982 -8.28565e-07 2.73944e-05 3.51168e-05 -4.8562e-08 -6.07963e-06 1.72718e-05 -0.00185636 -6.86442e-05 0.00484597 9.55852e-07 -0.000162437 0.000184322 0.000210793 0.0132084 5.54631e-07 -0.0117638 0.000457938 -7.25434e-05 -0.0145678 0.000742155 1.69157e-06 -1.90774e-05 -4.97099e-08 4.06325e-06 -6.505e-05 0.000416265 0.000913267 0.000104299 -1.21376e-06 1.8326e-05 0.00359343 -1.43277e-08 5.31778e-07 -0.00401682 -8.55857e-09 0 -3.39937e-07 0.00786765 -0.0091132 2.57212e-06 0.000460689 -1.31137e-06 -0.00797191 -3.68218e-06 0.000376718 0.000118754 -5.50563e-09 -0.010782 3.38521e-06 0.00221312 -0.00155839 2.06709e-05 -0.00116936 -6.32548e-05 -6.0818e-05 -0.00909849 0.0109867 7.96802e-06 -0.000715005 -5.52186e-08 8.98715e-06 8.42306e-07 -1.02351e-06 2.61798e-05 -0.00103392 -7.98648e-05 1.45472e-06 
-2.61268e-06 -8.02642e-07 4.19317e-05 -1.85382e-07 -5.62354e-06 -5.22904e-05 0.000518444 -0.00130315 -1.1305e-08 -3.67019e-07 0.000181197 -0.000569697 1.67236e-05 -3.75444e-06 -0.000296842 -3.1627e-09 1.95386e-09 2.07005e-05 -0.000157176 -5.71544e-05 0.00335326 -5.56271e-05 -3.88482e-06 -3.71211e-05 5.41811e-07 -0.0019603 -1.84107e-05 -3.12586e-05 -3.26195e-07 -0.00016322 -6.69601e-06 -0.000176806 -0.000372597 -1.09249e-07 -5.12741e-07 4.16574e-08 8.58076e-07 -1.07552e-06 -6.6899e-08 0.00257691 0.00260123 -2.08078e-05 8.08059e-08 0.00289358 -5.74119e-06 -4.54785e-06 -0.000566622 1.4077e-05 0.000524287 -7.69112e-07 -1.2286e-05 0.000416638 -0.00228349 2.44757e-06 -1.72641e-05 -2.29464e-08 3.39127e-06 -1.09347e-05 -1.00368e-05 -5.98399e-05 -7.55245e-08 2.8045e-06 9.64941e-06 -0.000117915 7.46535e-09 -1.50172e-08 -0.000717613 -1.51406e-09 0 -6.7213e-08 -0.000415265 0.00014397 9.78367e-07 -1.91257e-05 -4.76738e-06 -0.00228903 -6.51988e-07 -0.000217255 -2.47721e-06 8.06643e-07 0.000174289 -1.53193e-07 -0.00185781 -0.00290714 -8.41705e-08 -0.00014011 0.00214752 1.32419e-06 0.00135753 -0.000445639 -4.23783e-06 0.000330503 1.68982e-08 4.49361e-06 -6.07867e-09 -3.32811e-07 5.1079e-05 2.96328e-05 -1.20201e-05 8.95257e-07 
-5.17548e-05 6.71876e-05 -7.1433e-06 0.000397268 -1.72714e-05 -0.000262723 -0.0119526 -0.00291303 1.02172e-07 1.38259e-06 -8.91114e-06 0.00227041 -8.15298e-05 2.91402e-06 0.00112712 -1.61782e-08 2.3961e-07 -2.77724e-06 0.00392263 0.00160779 -5.56271e-05 0.0169146 -1.34659e-05 0.00204067 9.22206e-06 -0.0109036 0.0016125 4.24508e-05 2.22662e-05 -0.000830726 -3.22875e-05 0.00968544 0.0014375 -1.82062e-06 -2.08922e-06 -5.20613e-07 -4.3945e-08 1.73584e-05 1.03811e-05 -0.00169567 -5.78527e-05 0.00159411 1.60259e-06 -0.000151248 0.000434084 0.000541461 0.00737889 0.000126638 0.00106519 1.68506e-05 -7.12932e-05 -0.0139339 0.00167516 1.14036e-05 0.00310452 3.19289e-07 -9.43912e-08 -0.000121001 -4.08844e-05 0.00874735 1.26664e-05 4.11229e-05 3.4684e-06 0.0136766 -1.29655e-08 -2.34843e-08 -0.00373206 -7.74487e-09 0 4.61852e-08 -0.00152082 -0.0146599 6.54794e-06 0.00227869 -5.03453e-06 0.00266335 0.000113128 -0.000534938 8.24031e-05 -6.8327e-08 -0.00148694 1.60165e-06 0.00223665 0.000274265 1.91061e-05 -0.000243829 -5.88305e-05 -2.71385e-05 -0.00840269 -4.73353e-05 0.000564472 -0.0127721 3.73365e-07 4.39179e-06 3.72239e-07 -8.94986e-07 0.000109739 -0.00120721 -6.69672e-05 6.6972e-07 
8.55137e-06 -2.83952e-07 -7.55526e-07 -8.38533e-07 -1.99534e-06 -2.21255e-06 -0.00011789 -0.000200542 -3.99937e-09 -1.29841e-07 -1.65882e-07 -0.000166142 5.09868e-06 -2.22769e-06 0.000139024 -1.11887e-09 -4.88019e-10 -9.18908e-07 -3.40952e-05 -1.02849e-05 -3.88482e-06 -1.34659e-05 0.00118887 -1.18649e-05 -4.20347e-07 0.000140345 5.40579e-05 -2.42669e-06 -1.21295e-07 -3.37634e-05 -8.29906e-07 -1.78749e-05 -0.000230554 3.06409e-06 -2.52147e-07 -4.77624e-08 -3.03921e-09 -2.83821e-07 -2.36669e-08 -0.000115444 -4.17282e-06 -8.93309e-06 -4.43185e-09 6.58336e-06 -1.38772e-06 1.34077e-06 -0.000157721 -1.48954e-07 0.000202949 -7.02397e-07 -3.10062e-06 0.000158644 -0.000180144 -2.32662e-08 -8.71549e-07 -8.11778e-09 -1.25219e-08 -1.00425e-05 -3.87738e-06 1.86954e-06 -2.02425e-07 1.83381e-08 5.42574e-07 -1.39617e-05 -8.96685e-10 -5.31266e-09 -7.98166e-05 -5.3563e-10 0 -2.3778e-08 -0.000149171 1.26902e-05 -2.64108e-08 -6.35792e-06 1.74377e-08 0.000183085 -1.10654e-07 -7.90542e-05 -1.13079e-06 -4.72545e-09 8.30512e-05 -3.61298e-09 -0.000548894 2.625e-05 -2.97771e-08 3.10885e-06 -2.51535e-06 8.938e-06 0.00016296 -0.000163473 6.20744e-06 4.02354e-05 -3.45581e-09 -2.93843e-08 -2.15046e-09 4.33959e-07 2.48339e-06 -4.98399e-05 -4.82788e-06 -4.05929e-08 
3.20566e-05 -1.67138e-06 -4.2684e-06 -1.4031e-06 -8.86054e-06 0.00207655 -0.000572039 0.00287574 -3.86584e-08 -8.58389e-07 -7.18626e-06 -0.000173241 -9.03742e-05 -4.02823e-05 -0.00103039 -1.08152e-08 -4.71725e-09 -9.39656e-06 0.00437177 -0.000182383 -3.71211e-05 0.00204067 -1.18649e-05 0.0113731 -1.21646e-06 -0.00671768 5.83245e-07 -0.000102682 9.46422e-06 -1.77527e-05 9.33202e-05 0.00144199 -0.000743995 -1.20709e-06 -2.42728e-06 -2.6501e-07 7.3956e-08 2.15355e-05 -2.28767e-07 -0.00107538 -3.97248e-05 -6.15202e-05 8.33828e-07 -9.28562e-05 -6.54344e-06 7.40118e-05 0.00117524 0.000119865 0.000574895 -1.14603e-05 -4.7246e-05 -0.00214577 -2.84244e-05 2.80177e-06 0.00020156 4.86596e-09 -1.21038e-07 -9.9115e-05 -3.73158e-05 0.00163903 -1.62999e-06 -1.23933e-06 2.32492e-06 0.00161952 2.01333e-07 7.15314e-07 -0.00202685 -5.17747e-09 0 -2.29841e-07 -0.00133176 -0.00347723 -6.09714e-07 0.000298985 -9.58111e-07 0.00240321 1.02047e-06 -0.000637481 1.15963e-05 -4.56768e-08 0.000419462 -9.79293e-07 0.000561083 0.000229876 -2.41162e-07 -8.58925e-05 -3.93017e-05 -1.77994e-05 -0.00496653 1.46704e-06 4.13117e-05 -0.00712327 9.92909e-09 -2.84032e-07 5.8801e-09 3.61688e-07 8.363e-07 -0.000554306 -4.57344e-05 -3.92375e-07 
-4.52872e-07 -8.42455e-08 4.90047e-05 -2.3523e-07 -3.75331e-07 2.25307e-05 -0.000245349 8.08486e-05 -1.18657e-09 8.31478e-07 -3.2217e-07 0.000275347 4.55263e-05 9.36486e-08 -3.18037e-05 -3.31958e-10 -1.4479e-10 6.76529e-06 -2.09552e-05 0.00022331 5.41811e-07 9.22206e-06 -4.20347e-07 -1.21646e-06 0.000353022 -0.000223804 3.16829e-05 4.48436e-05 -3.59868e-08 -1.74277e-05 7.5241e-07 -1.36857e-06 0.000255387 -3.7357e-08 9.85239e-08 1.80583e-06 -9.01701e-10 -1.12887e-07 6.06312e-07 -3.23336e-05 -1.30034e-06 0.000161452 -1.31488e-09 -3.10955e-06 8.91329e-07 -3.58977e-07 0.000169049 -1.54957e-07 -0.000253319 3.22957e-05 -1.11472e-06 -0.000277678 1.60265e-05 3.4643e-07 -3.83158e-07 -2.40846e-09 1.92952e-07 8.26962e-06 4.28962e-06 -1.02455e-06 8.20661e-06 -3.90627e-08 5.99995e-07 0.000101178 -2.66037e-10 -1.57621e-09 -7.62499e-05 -1.58916e-10 0 -7.05469e-09 6.73107e-05 -0.000164009 5.51286e-07 7.99512e-06 5.1736e-09 -0.000163873 -6.84328e-08 5.62529e-06 1.45594e-06 -1.40199e-09 -0.000270066 -4.16195e-08 3.93128e-05 -9.27272e-05 1.76117e-06 -9.8251e-05 -1.09047e-06 -1.15867e-06 -0.000172132 0.000155797 -2.8147e-07 -2.22337e-05 -1.0253e-09 -8.71801e-09 -6.38018e-10 -4.33287e-08 -1.23605e-07 -6.09226e-06 -1.53523e-06 -1.20435e-08 
5.80597e-05 -0.000151832 -0.000550717 -0.000455626 -0.000557222 -0.00771087 0.0898654 -0.108994 -1.50086e-06 2.34883e-05 2.20416e-05 -0.113286 0.00189107 -2.69795e-05 0.0293354 1.80138e-07 -1.01642e-07 -0.000487475 -0.0121193 -0.0119835 -0.0019603 -0.0109036 0.000140345 -0.00671768 -0.000223804 0.230914 -0.00535355 -0.00506206 -5.06464e-05 0.0143485 -0.000370101 -0.0244473 -0.102303 3.79975e-05 -0.000111987 -2.55602e-05 -1.60608e-06 5.83918e-05 -1.16386e-05 -0.00016571 -0.00167788 -0.00456263 -2.37605e-06 -0.00346349 -0.00108059 -0.000922041 -0.115924 -0.000103121 0.099187 -0.000563361 -0.00285636 0.112511 -0.0219994 -1.24004e-05 -0.00278783 -4.35219e-06 -5.99335e-06 -0.002017 -0.00206701 -0.00951529 -0.000100126 -4.03081e-05 -2.97692e-05 -0.0255642 -4.80741e-07 -1.08828e-06 0.0347158 1.52832e-07 0 7.21859e-07 -0.0825192 0.0195897 -2.50844e-05 -0.0025679 4.24225e-06 0.0183602 -9.93677e-05 -0.042724 -0.000609955 -1.7268e-06 0.0479614 1.75784e-05 -0.0409022 0.00212678 -1.28778e-05 0.00214827 -0.00124412 0.000653998 0.0933669 -0.0894566 -0.000792446 0.0623201 -3.59433e-07 -1.42938e-05 -1.10626e-06 -4.87269e-05 -0.000196459 0.00957325 0.00134094 -2.09098e-05 
4.80965e-06 3.65063e-06 0.000500468 9.34802e-05 -1.02443e-05 -0.000118223 -0.00516073 -0.000793606 1.3478e-06 1.32898e-07 -2.95382e-06 0.00362165 -5.27624e-05 2.27811e-06 -0.000812766 -8.07525e-09 2.43144e-07 0.000431224 -0.000169241 0.00323378 -1.84107e-05 0.0016125 5.40579e-05 5.83245e-07 3.16829e-05 -0.00535355 0.0085169 -2.63004e-05 3.46125e-06 -0.000413108 0.000170243 0.00153674 0.00337945 -9.08753e-07 7.08018e-06 1.23553e-05 3.80651e-08 -9.26102e-07 6.63919e-06 -0.00082616 -2.86922e-05 0.000431355 -3.1986e-08 -6.39223e-05 0.000211885 0.000390572 0.00572018 9.21049e-06 -0.0027734 3.95189e-09 -1.14892e-06 -0.00543821 0.000551466 8.45414e-07 -1.83358e-05 1.65141e-06 4.41963e-06 -6.97137e-05 -1.25643e-05 -6.4066e-05 8.03904e-06 2.53088e-07 2.9467e-06 0.00452233 1.63528e-07 4.2499e-07 -0.00168854 -3.86581e-09 0 3.46839e-06 0.000982306 -0.00558521 7.78084e-07 0.000131238 -2.08748e-06 -0.000398715 -2.51372e-07 -0.000177638 0.000147337 1.19228e-07 -0.00146832 1.60756e-06 0.0011031 -0.000192924 -4.91059e-09 -0.000743359 -2.9305e-05 -1.62327e-05 -0.00396032 0.000752251 5.06863e-05 -0.00215337 3.08392e-07 5.56792e-06 3.97813e-07 5.04598e-06 3.50765e-05 0.000383381 -3.72563e-05 3.13695e-07 
9.48619e-05 1.19093e-06 4.30099e-05 4.62092e-06 5.77232e-06 -5.54773e-05 -0.000266803 0.000117834 -3.8626e-08 8.95998e-07 -7.69078e-06 0.000987402 -8.66448e-05 -1.18167e-07 -0.000688886 -1.08061e-08 -4.71329e-09 -1.14235e-05 -4.87519e-05 0.00023141 -3.12586e-05 4.24508e-05 -2.42669e-06 -0.000102682 4.48436e-05 -0.00506206 -2.63004e-05 0.0113637 -9.44796e-07 0.00106071 -1.64476e-05 0.00331702 0.000360725 -1.92733e-07 -4.8857e-07 -3.87956e-07 1.13981e-07 -3.08475e-06 2.98091e-07 -0.000933139 -3.85359e-05 0.000187548 -4.28028e-08 -9.67425e-06 3.6947e-05 -1.30274e-05 0.00420296 -1.67425e-06 -0.00260411 4.05165e-05 -5.5075e-05 -0.00503193 -0.000507315 2.11962e-07 -2.95798e-05 1.66493e-06 5.85731e-07 0.000229346 -2.43844e-05 0.000862161 1.17832e-06 -6.58258e-07 -2.27867e-07 0.00378214 -8.66018e-09 -5.13097e-08 -0.00230337 -5.17312e-09 0 3.77019e-07 -0.00116071 -0.00119576 -5.65868e-07 8.14132e-06 1.68414e-07 0.00175724 -1.88766e-06 -0.000534699 0.000122497 -4.56384e-08 0.000168782 -1.35482e-06 -0.000536486 0.000148976 -2.87587e-07 -0.000125369 -3.7292e-05 -2.72977e-05 -0.00366511 -0.00115226 9.87183e-07 -0.00242604 -3.33762e-08 -1.37127e-07 -2.07691e-08 -6.13794e-07 2.46348e-07 -0.000360395 -3.79457e-05 -2.72046e-07 
1.72585e-06 4.12236e-06 -8.80829e-08 9.52504e-07 1.10251e-06 1.22544e-07 -6.07936e-05 -2.78706e-05 -3.42395e-10 -1.1116e-08 -4.6298e-08 -5.54433e-06 -8.02299e-07 -8.96436e-08 -2.41664e-06 -9.57891e-11 -4.17804e-11 -1.02356e-07 1.92428e-05 5.0319e-06 -3.26195e-07 2.22662e-05 -1.21295e-07 9.46422e-06 -3.59868e-08 -5.06464e-05 3.46125e-06 -9.44796e-07 0.000101893 1.06295e-06 2.786e-06 6.2047e-05 -3.15256e-06 -1.07797e-08 -2.15869e-08 1.25776e-08 -2.60193e-10 -3.25744e-08 -2.02618e-09 -6.45196e-06 7.81107e-08 2.67595e-06 -3.7942e-10 -8.82544e-07 -1.37113e-07 -1.36422e-07 1.34788e-05 -4.47142e-08 8.90481e-06 3.10588e-07 -2.46786e-07 -7.03872e-05 1.45e-06 1.46748e-08 2.05622e-06 -6.94981e-10 -1.07202e-09 -8.05534e-07 7.34716e-07 1.58245e-05 3.267e-08 -1.12719e-08 -5.77248e-09 6.4211e-05 -7.67672e-11 -4.54829e-10 -2.14736e-05 -4.58565e-11 0 -2.03569e-09 -6.07713e-06 -6.85105e-05 -5.4002e-09 6.76773e-05 -8.05174e-07 9.75203e-06 2.02532e-08 -2.49164e-06 -1.07939e-07 -4.04556e-10 -1.35047e-05 -1.20096e-08 7.21697e-06 -4.29938e-06 -2.54928e-09 -2.05038e-07 -2.54996e-07 -3.34344e-07 -4.81092e-05 -6.35728e-06 2.48315e-07 -2.26428e-05 -2.95859e-10 -2.51565e-09 -1.84105e-10 9.74971e-08 2.00999e-07 -4.97473e-06 2.07033e-06 -3.47524e-09 
-2.32445e-05 -8.51398e-06 -4.14209e-05 -3.52624e-05 0.00044177 4.16934e-05 0.013439 0.0140943 7.73594e-08 2.51316e-05 -3.74807e-05 -0.00878921 0.0012937 6.84593e-06 0.00035328 6.00233e-07 -3.5861e-09 -4.9053e-05 0.00568851 -0.000845547 -0.00016322 -0.000830726 -3.37634e-05 -1.77527e-05 -1.74277e-05 0.0143485 -0.000413108 0.00106071 1.06295e-06 0.0469569 -8.75127e-05 -0.000882217 -0.0100977 7.54146e-05 -1.39409e-06 -1.98214e-06 -1.26127e-07 9.79642e-06 -9.82177e-07 -0.00322448 -0.000177727 -0.000198343 -1.83921e-07 3.25266e-05 -8.66969e-05 -7.23095e-05 -0.00870776 8.63843e-06 0.00917817 2.99289e-05 -0.000239705 0.00853843 -0.0379211 -8.82213e-07 -0.000228997 -2.20221e-07 -5.19656e-07 -0.000405373 -0.000150201 -0.000585773 -8.07062e-06 9.5327e-06 -4.61508e-07 -0.0021229 -3.72124e-08 -2.20475e-07 -0.00582592 3.21105e-07 0 2.43321e-06 -0.00637275 -0.0015108 -2.11771e-06 -0.000302232 -7.69667e-07 -0.00386087 -9.57215e-06 -0.00328651 -5.11329e-05 1.73894e-07 0.00375831 3.29517e-05 -0.0152778 0.000891373 1.55092e-06 0.000169987 -0.000130157 -0.000159241 -0.00202276 -0.00694082 -6.16276e-05 0.00421106 9.65841e-08 -1.09611e-06 -4.25772e-08 -5.71068e-06 -1.72894e-05 -0.00261289 0.000260353 -1.43794e-06 
2.77319e-05 9.5554e-07 2.53515e-06 -1.44962e-06 -3.3427e-06 0.000212016 -2.18618e-06 -0.000334885 -1.04883e-09 -2.50486e-07 9.84754e-08 -0.000169492 -3.34893e-06 -2.17111e-05 -0.000153726 -2.1585e-09 -9.41475e-10 7.33686e-06 6.42286e-05 0.00013224 -6.69601e-06 -3.22875e-05 -8.29906e-07 9.33202e-05 7.5241e-07 -0.000370101 0.000170243 -1.64476e-05 2.786e-06 -8.75127e-05 0.00229101 1.28703e-05 -0.000260614 -2.42908e-07 4.46897e-07 3.91191e-07 1.08035e-08 1.19304e-07 2.84342e-07 -0.000166035 -5.9919e-06 -4.58724e-06 -8.54982e-09 -1.27227e-05 3.69384e-06 5.19021e-05 -2.48366e-05 -9.47585e-07 -0.000281724 -2.24704e-06 -9.72475e-06 3.5725e-05 6.3981e-05 -4.88462e-09 -6.24152e-06 -1.56606e-08 -2.41569e-08 -1.4873e-05 -7.48015e-06 -2.90186e-05 -3.90513e-07 -1.90666e-07 -1.30077e-07 0.000204731 -1.72986e-09 5.33084e-07 7.25218e-05 -1.03333e-09 0 1.80079e-06 -0.000242221 -0.000403539 -1.21688e-07 5.12629e-05 3.36405e-08 0.000237452 6.2836e-07 -0.000129981 -1.69896e-06 -9.11623e-09 0.000171025 -2.70624e-07 -0.000111199 3.2012e-05 -5.74453e-08 -4.26602e-05 -3.77588e-06 -6.37407e-06 8.06591e-05 -0.000309308 -2.79893e-06 -0.000586396 -6.66687e-09 -5.66875e-08 -4.14861e-09 -1.61738e-07 2.02946e-07 -0.000148179 -6.31594e-06 -7.83108e-08 
-0.000116488 0.000201146 -3.83114e-05 0.000496384 2.6001e-05 -0.000818799 -0.0115296 -0.00798982 6.34634e-07 -5.4382e-06 -1.63959e-05 -0.00794926 -0.000300615 3.29362e-06 0.00090659 -4.99934e-08 -2.18056e-08 -4.03606e-05 0.00507976 0.000606546 -0.000176806 0.00968544 -1.78749e-05 0.00144199 -1.36857e-06 -0.0244473 0.00153674 0.00331702 6.2047e-05 -0.000882217 1.28703e-05 0.0503558 -0.00886025 -5.53603e-06 5.52026e-06 -1.42078e-06 3.24202e-07 7.97573e-06 -1.60817e-07 -0.00391761 -0.000183469 -8.84931e-05 -1.98023e-07 -0.000230858 0.00045513 0.000289461 0.0092466 3.78799e-05 0.00549877 -4.19471e-05 -5.38171e-05 -0.0149595 0.000592535 1.23771e-05 0.00358568 -3.29384e-07 1.2405e-06 -0.000406439 -8.20186e-05 0.0140136 -6.22139e-06 5.32304e-05 5.66728e-06 0.0236341 -4.00656e-08 -1.84046e-07 -0.006426 -1.3933e-08 0 -9.45781e-07 -0.00639788 -0.0168088 2.54825e-06 0.00438418 -4.33418e-06 0.0112509 0.000127561 -0.00350001 0.000131555 -2.11142e-07 0.00157865 -6.12129e-06 0.00664861 0.000961781 -1.3305e-06 2.08922e-05 -0.000179547 -0.000157281 -0.0225943 -0.00713436 0.000899415 -0.00680355 5.58921e-07 -4.32946e-07 -9.60865e-08 5.4988e-05 0.000225075 -0.00421459 -5.96885e-05 -3.77099e-07 
