0.000109995 2.20771e-06 -1.95858e-06 -3.31946e-07 6.34984e-07 1.30698e-06 -4.24175e-08 8.70969e-07 1.04095e-07 -8.96059e-08 1.74912e-05 -1.25976e-08 -2.42636e-05 -3.08436e-06 -4.09802e-05 -2.74056e-05 1.82179e-05 2.35459e-05 3.54286e-07 9.88702e-06 3.70424e-05 -1.3828e-05 -1.95105e-05 -4.38411e-06 -1.6298e-05 3.43427e-05 1.43753e-05 -8.30239e-08 8.06168e-06 9.48274e-06 -1.09273e-07 1.17458e-05 1.91702e-05 -4.39126e-06 -9.1058e-07 -4.28079e-05 1.55647e-05 -1.00755e-08 1.69928e-05 -1.07843e-09 -1.20758e-06 -2.15682e-05 -1.98232e-06 -3.22615e-05 3.31006e-06 -4.80285e-07 6.81404e-06 -9.3601e-09 3.14628e-05 7.48713e-06 5.84578e-06 -6.72555e-08 5.78926e-06 -5.33488e-08 1.76851e-05 -1.49792e-08 1.29468e-05 -2.61192e-09 -2.7729e-09 1.32419e-06 -8.19923e-08 -4.52674e-07 -9.4377e-07 -1.71533e-06 8.38741e-06 -3.29489e-05 1.14213e-05 2.99138e-08 2.96351e-06 1.27316e-07 2.00384e-06 -4.53997e-05 1.313e-05 4.68448e-06 -7.56039e-09 -4.19858e-05 -2.29088e-07 -2.9517e-08 -9.68162e-07 3.72013e-08 1.63798e-06 -3.70271e-05 -3.74848e-05 -3.77973e-05 -2.09233e-09 -6.54936e-08 -2.29032e-06 -1.76998e-05 -2.55273e-05 2.21512e-05 2.85637e-06 -6.15671e-10 1.24637e-05 -3.03634e-06 -3.38469e-05 -1.24559e-07 1.14994e-05 1.56491e-05 2.47737e-05 -5.7165e-08 
2.20771e-06 0.0050853 0.00408727 0.00052799 0.000173578 2.90124e-05 -1.94092e-06 1.26686e-05 7.13079e-05 -3.42018e-06 0.000250104 5.05813e-05 -0.000264717 0.00285181 0.00255799 0.00280754 -0.000258615 -0.000732221 0.000858621 -0.000990223 -0.00238852 -0.000760959 0.00255453 -0.00388302 0.00286667 -0.00249791 0.000263362 -1.80101e-06 -3.90382e-05 -2.53222e-05 -7.54143e-07 -0.00249211 1.93878e-05 -0.000119874 -0.00243553 -0.00108222 -0.00252525 -4.68156e-07 4.85123e-05 2.9891e-08 0.00257881 -0.00132017 0.00347362 -0.00145564 -3.11924e-05 0.00230726 -0.000343005 -4.34914e-07 -0.0010434 1.80334e-05 -4.77564e-05 4.69983e-05 -9.88385e-05 -2.00884e-06 -0.00222822 3.16733e-06 0.00373319 3.32197e-06 1.79116e-06 1.34523e-06 4.31123e-05 8.42707e-05 0.00360059 -0.000150445 0.000629885 -0.00232887 6.28197e-05 0.000172492 -5.45867e-05 2.82196e-06 4.71221e-05 -0.000497519 0.000188164 -0.00310304 -3.51291e-07 0.00236914 0.000713431 1.45352e-05 -6.96981e-05 0.00260402 -4.07726e-05 -0.00186614 -0.00139383 -0.000420834 2.85945e-06 1.94353e-10 -8.00689e-05 -0.00188642 -0.00131047 -0.00251593 5.50586e-05 9.44726e-07 0.00381246 -0.00020961 -0.00147236 4.91157e-05 -0.00250435 -0.00258445 -0.002214 3.94538e-05 
-1.95858e-06 0.00408727 0.0187129 0.00045543 0.00031565 2.97593e-05 -6.95917e-06 2.46186e-05 5.51324e-05 -1.47957e-05 -0.000128779 6.44754e-05 0.00420694 0.00796019 0.0103501 0.0104125 -0.000758548 -0.00194922 0.000764935 -0.00424289 -0.00976334 -0.00297527 0.00870746 -0.00737969 0.00554025 -0.0098152 3.46767e-05 2.3824e-06 -0.000134414 -0.00013398 0.000149866 -0.0100346 -0.000220401 -2.59402e-05 -0.00929267 0.00168128 -0.010094 1.30961e-05 -8.23838e-06 3.36317e-07 0.00472212 -0.00339228 0.00646346 -0.00297841 -0.000192696 0.0032209 -0.00137481 -5.19851e-07 -0.00395073 -6.41531e-06 -0.000175323 1.13602e-05 -0.000390823 2.32185e-05 -0.00993467 -1.0143e-06 0.00704621 -2.94753e-09 -4.7753e-07 -2.35254e-05 -1.57929e-05 0.000196869 0.00688761 -0.000580723 0.00161897 -0.000778463 5.53603e-06 0.000273126 0.000207024 3.20126e-06 0.00114741 0.00637612 -7.87924e-05 -0.00524535 -1.21442e-06 0.0103217 0.0011808 0.000180985 -0.000289138 0.00473003 -0.000112079 0.00120697 0.00315521 0.0033291 1.51383e-06 1.66558e-05 -0.000363883 -0.0056808 -0.00495076 -0.0100313 -6.95006e-07 7.73233e-07 0.00755759 -0.000799658 0.00209905 4.26226e-07 -0.00940701 -0.00971792 -0.00826843 0.00017142 
-3.31946e-07 0.00052799 0.00045543 0.0078933 -3.24595e-06 4.12177e-06 -4.77987e-07 -4.12099e-07 -2.02562e-07 -6.48105e-06 9.64065e-05 1.02422e-05 0.00434266 0.000244712 0.00292381 0.00282905 -0.000128035 -0.000611279 2.16574e-05 -0.00175346 -0.00295291 -0.00157049 0.00286429 -0.000137021 -0.00138882 -0.00287098 2.47284e-05 -1.93165e-06 -6.17141e-05 -5.39179e-05 -8.81777e-06 -0.00267181 -8.22235e-05 -0.000179762 -0.00251162 0.00273235 -0.00273356 -7.28745e-07 -3.345e-06 1.232e-06 -3.87587e-05 -0.00182437 -0.00011551 0.00231722 5.40965e-05 -2.62349e-05 -0.000337523 -4.87001e-07 -0.00160985 -3.60741e-06 0.000112848 -3.98115e-06 -0.000132316 -3.40197e-06 -0.00280869 9.93991e-06 -6.46153e-05 2.94775e-06 1.11277e-06 -6.34092e-06 -5.54699e-06 -4.73788e-05 -6.82245e-05 -0.000174241 -1.02241e-05 -0.0012548 -5.84117e-06 -2.65827e-06 -5.75184e-05 -1.94115e-07 -0.000124404 0.00280446 7.53996e-05 -0.00308246 -2.33497e-07 0.00274295 -6.17477e-06 -2.13492e-06 0.000120167 -0.000100453 -4.9044e-05 0.00144244 0.00276608 0.00330432 -1.51335e-07 -2.07038e-06 -0.000109285 0.000960247 -0.0012197 -0.00290752 -1.55268e-06 1.10214e-06 -6.19518e-05 -0.000329276 0.00261007 -7.12582e-06 -0.00300517 -0.00297847 -0.00197097 -3.31798e-06 
6.34984e-07 0.000173578 0.00031565 -3.24595e-06 0.000409046 4.40783e-06 -1.57789e-07 2.48805e-07 3.20604e-06 -3.33325e-07 8.47736e-06 2.06731e-05 -8.13553e-05 0.000191142 0.000102679 0.000202657 -8.58059e-06 3.26945e-05 2.69818e-05 -7.08208e-05 -0.000208486 -6.57586e-05 5.52498e-05 -0.000357507 0.000286306 -0.000196294 -2.8694e-06 -3.0884e-07 -2.07553e-06 -2.98276e-06 4.29565e-06 -0.000208446 -2.94851e-06 -2.70511e-06 -0.000192952 -0.000115035 -0.000202303 -3.74798e-08 1.06347e-06 -4.01165e-09 0.000156045 -8.93044e-05 0.000270992 -0.000147462 -2.13327e-06 0.00025895 -2.05184e-05 -3.48186e-08 -8.54857e-05 5.16659e-07 -7.80119e-07 -1.60183e-07 -4.91702e-06 3.66821e-06 -0.000208652 1.30945e-07 0.000363281 -9.71609e-09 -1.03149e-08 -5.22014e-07 -3.42202e-07 -3.78047e-06 0.0003546 -1.27295e-05 3.9998e-05 -0.000136746 1.01829e-06 3.02033e-05 2.42867e-07 1.77002e-06 -1.18537e-06 -8.19898e-05 4.84346e-06 -0.000249578 -2.81239e-08 0.000202243 0.00028683 5.21353e-06 -4.58219e-06 0.000325372 -3.24249e-06 -0.000218193 -0.000148988 -0.000157888 -7.78324e-09 1.4397e-06 -4.74641e-06 -0.000172813 -0.000104724 -0.000181555 2.11542e-06 -2.29023e-09 0.000365389 -1.6759e-05 -0.000157494 5.86653e-07 -0.000201092 -0.000206131 -0.000168978 4.33069e-06 
1.30698e-06 2.90124e-05 2.97593e-05 4.12177e-06 4.40783e-06 0.000754137 -1.64341e-07 1.24758e-06 1.56951e-05 6.74859e-06 0.000407159 1.66691e-06 -8.47624e-05 1.89104e-05 -0.000195525 0.000130752 5.85422e-05 0.00014187 9.39389e-05 -0.000151722 5.30393e-05 0.000280084 0.000235615 -0.000127136 -7.39589e-05 -9.38299e-05 0.000241338 1.49737e-05 1.34507e-06 1.60351e-05 1.72304e-06 -0.000267051 0.000312643 0.000148975 -0.000293835 -0.000187874 -0.000192738 7.97543e-07 0.000268449 -7.39864e-09 2.5452e-05 -0.000100686 3.57081e-05 -0.000190908 4.48646e-05 -1.17836e-06 0.000100901 -6.42155e-08 -0.000137554 0.000213644 -6.18518e-06 1.68519e-05 8.09478e-05 2.754e-06 0.000185199 1.18723e-06 0.000291212 1.17541e-06 8.8431e-07 2.71148e-05 9.92888e-06 -9.67768e-07 2.14153e-05 7.25653e-06 2.94753e-06 -0.000261569 0.000154067 5.27452e-06 9.99978e-05 1.14921e-07 -3.55628e-06 -0.000207727 0.000321105 -0.000335855 9.81315e-08 -0.000208982 2.62976e-05 -1.42503e-07 0.000107062 0.000113036 5.25311e-06 -0.000291063 -0.000205356 -0.000212783 6.02312e-07 6.30678e-07 9.99072e-05 -0.000299451 -0.000193069 -0.000274556 3.01179e-05 2.35776e-07 0.00035948 -3.04173e-05 -0.000179212 2.20621e-05 -0.000363421 -0.000363792 -0.000152197 2.14483e-07 
-4.24175e-08 -1.94092e-06 -6.95917e-06 -4.77987e-07 -1.57789e-07 -1.64341e-07 0.000385441 4.50029e-07 -7.91166e-08 -2.57416e-07 -3.351e-06 -4.41565e-08 0.000106797 -9.43382e-06 0.00018287 0.00020891 -1.56216e-05 -5.54492e-05 -4.59031e-07 -6.71786e-05 -0.000195804 -7.50554e-05 0.000201747 -1.84487e-05 1.23706e-05 -0.000200453 -2.05709e-06 -2.91011e-07 3.14762e-05 -4.35292e-07 8.65092e-07 -0.000201481 -4.27938e-06 -1.31052e-05 -0.000186043 0.000220218 -0.000206911 2.24684e-07 -1.78776e-07 9.55327e-09 -2.62274e-06 0.000232082 -6.54361e-06 0.000167662 -3.32062e-06 -1.63347e-06 5.99031e-05 -1.61419e-08 -7.94753e-05 -1.85321e-07 -3.63393e-06 -2.35741e-07 -6.95614e-06 -1.86996e-07 -0.000201038 -5.25045e-08 -3.65551e-06 -9.15519e-09 -9.71944e-09 -5.57838e-07 -3.09114e-07 2.07359e-06 -4.23108e-06 -1.1918e-05 -8.97064e-07 3.58618e-05 -2.87434e-07 -1.28824e-07 -1.76126e-06 -9.40711e-09 2.08771e-05 0.000212718 -1.89302e-06 -0.000236179 -2.65003e-08 0.000205483 -6.09997e-07 -1.03462e-07 -5.92895e-06 -2.67152e-06 -2.61832e-06 0.000144783 0.000189757 9.85276e-05 -7.33392e-09 -2.29565e-07 -4.95791e-06 -5.81671e-05 -9.92577e-05 -0.000199748 -8.28376e-08 -2.15802e-09 -3.81533e-06 -1.59577e-05 5.53231e-05 -4.23265e-07 -0.000187056 -0.000194093 -0.00016701 2.42961e-07 
8.70969e-07 1.26686e-05 2.46186e-05 -4.12099e-07 2.48805e-07 1.24758e-06 4.50029e-07 5.17907e-05 4.53271e-06 -8.85493e-09 1.22841e-05 -5.9312e-09 -9.27468e-06 9.4619e-06 1.14579e-05 1.09392e-05 -1.80467e-06 6.24038e-06 1.16277e-06 -1.1323e-05 -1.06723e-05 -9.77741e-06 1.71683e-05 -3.34766e-05 1.58841e-05 -1.70864e-05 5.31683e-06 -3.90893e-08 2.74901e-06 -3.97556e-07 9.65482e-06 -2.22946e-05 1.1628e-05 -1.31979e-06 -2.03502e-05 -1.38639e-05 -2.19125e-05 7.85896e-08 1.1545e-05 -5.07747e-10 2.53148e-05 -1.17242e-05 3.94667e-06 -1.50138e-05 -1.81999e-07 1.58572e-05 -1.02566e-06 -4.40692e-09 -6.644e-07 1.69511e-06 -5.32445e-07 2.50014e-08 -6.07037e-07 7.1549e-08 -2.03902e-05 -7.05253e-09 3.90798e-05 2.19544e-06 4.58694e-07 1.91737e-07 -2.33118e-08 7.00529e-06 3.0475e-05 -1.25781e-06 1.77928e-05 -2.7412e-05 5.63139e-06 -1.7304e-08 -6.07043e-07 2.91874e-06 -7.69609e-07 -3.42484e-06 4.27175e-06 -2.96401e-05 -3.55958e-09 9.67895e-06 1.36241e-05 9.04944e-06 -7.63056e-07 1.23639e-05 5.71492e-06 -1.97362e-05 -1.75063e-05 -1.90503e-05 -9.85109e-10 2.29164e-07 -1.00833e-06 -1.68293e-05 -1.34673e-05 -1.81637e-05 6.00887e-06 -2.8987e-10 4.00901e-05 -2.17347e-06 -1.76101e-05 -5.86449e-08 -2.11672e-05 -2.34231e-05 -1.73807e-05 -2.35811e-08 
1.04095e-07 7.13079e-05 5.51324e-05 -2.02562e-07 3.20604e-06 1.56951e-05 -7.91166e-08 4.53271e-06 0.000205141 -1.17132e-07 3.67216e-05 1.26503e-07 -1.61954e-05 2.78693e-06 7.03062e-05 0.000107931 -8.59655e-06 -2.89824e-05 3.17402e-05 -4.35375e-05 -6.60471e-05 -1.71503e-05 0.000103671 -0.000169112 0.000100163 -0.000103164 1.04813e-05 1.23514e-06 -1.61086e-06 -1.6497e-06 1.19869e-06 -0.000103652 2.74056e-05 2.33125e-06 -9.65055e-05 2.67323e-05 -0.000107067 2.74541e-07 7.72805e-06 -2.01148e-09 2.6251e-05 6.10819e-05 2.28502e-05 3.1517e-05 -5.75563e-08 2.55142e-05 1.59356e-05 -1.74584e-08 -3.75717e-05 1.18052e-07 -2.10932e-06 -1.25444e-07 -1.68729e-06 1.30494e-07 -8.61791e-05 -2.79391e-08 5.92496e-05 1.65846e-06 5.38161e-07 -1.93508e-07 4.58417e-07 4.14925e-06 3.06552e-05 -6.38268e-06 2.5176e-05 -1.57205e-05 2.77137e-05 4.91449e-07 -2.52896e-06 2.91499e-06 1.63241e-06 3.43012e-05 2.30536e-05 -0.000132956 1.42565e-07 7.15407e-05 1.21117e-05 1.22828e-06 -2.43163e-06 7.81099e-06 -1.30757e-06 2.02042e-06 3.38617e-05 3.21836e-05 2.19431e-07 1.84509e-07 -4.27188e-06 -7.80069e-05 -5.04617e-05 -0.000101509 3.19193e-05 -1.14834e-09 7.52062e-05 -8.61036e-06 3.13432e-05 -2.32326e-07 -9.894e-05 -0.000100335 -8.57311e-05 -4.66235e-08 
-8.96059e-08 -3.42018e-06 -1.47957e-05 -6.48105e-06 -3.33325e-07 6.74859e-06 -2.57416e-07 -8.85493e-09 -1.17132e-07 0.000813887 -7.63558e-06 -9.32796e-08 0.000563963 -2.32412e-05 0.000351876 -0.000192833 -3.79422e-05 -0.000118315 -9.54899e-07 -0.000175486 -0.000417448 0.000621317 -0.000213897 1.08473e-05 -0.000155103 -0.000344739 -3.93162e-06 0.000120049 -6.72572e-06 0.000195171 -1.12998e-06 -0.000406695 -9.62455e-06 -3.61541e-05 -0.000378871 0.000462078 0.000146809 -7.46046e-08 -4.97367e-07 -7.98531e-09 -7.76823e-06 -0.000203516 -1.48844e-05 -0.000289906 -8.23671e-06 -3.08296e-06 -5.50088e-05 -6.93073e-08 -0.000168178 2.51018e-05 3.04329e-05 2.00534e-06 -1.56515e-05 -3.95024e-07 0.000283217 -1.42479e-08 -7.91779e-06 6.59868e-10 1.99468e-07 -9.35087e-07 -6.81162e-07 -4.63935e-06 -8.33139e-06 -9.2917e-06 -1.51169e-06 -0.000409858 3.01614e-06 -2.72138e-07 0.000758819 -1.98723e-08 -1.18042e-05 0.000434758 1.75895e-07 0.00024945 9.37402e-06 -0.000338483 -1.8866e-06 -2.1856e-07 0.000694379 -1.34096e-05 -2.127e-06 0.000272521 -0.000253157 -0.000316641 3.78406e-08 1.08383e-07 0.000758628 -0.00034298 -0.000201863 -0.000420165 -7.49925e-08 -4.55876e-09 -7.62467e-06 -1.56153e-05 -0.000305905 -5.02304e-07 -0.000400035 -0.000402157 -1.28211e-05 -4.23281e-07 
1.74912e-05 0.000250104 -0.000128779 9.64065e-05 8.47736e-06 0.000407159 -3.351e-06 1.22841e-05 3.67216e-05 -7.63558e-06 0.00929414 3.22252e-07 -0.0020029 -0.000268076 -0.00281979 3.72817e-05 0.00331026 0.00221895 0.000231402 8.64264e-05 -0.00133371 -0.000970953 0.00251363 -0.00040553 -3.09043e-05 -0.00126742 0.0026865 -4.58754e-06 0.000408075 -5.93798e-05 0.000106825 -0.00173556 0.00110679 0.00482878 -0.00248114 -0.00332117 -0.00172467 3.84021e-07 0.000596931 -8.86432e-08 4.62757e-05 0.00208834 0.000660794 0.00111452 0.00032062 -3.40389e-05 0.00299988 -5.94964e-07 -0.00164222 0.000289967 -3.5167e-05 0.000504194 0.000280909 2.46234e-05 -0.000591179 -1.27754e-06 0.000557962 6.08724e-06 5.34017e-06 3.56234e-05 0.000350608 6.5196e-05 -5.36072e-05 -0.000146506 0.000201089 0.000455386 0.000258443 1.20545e-06 9.20542e-06 1.05078e-05 -0.000130989 -0.00358337 0.00106851 -0.00370044 1.63853e-06 0.000497974 0.000185299 -1.7423e-08 4.58036e-06 0.000137998 0.00047535 -0.00312494 0.000223683 0.00109685 8.84885e-07 1.34809e-05 -9.19949e-05 -0.00255237 -0.00145602 -0.00160619 6.55144e-05 -5.25089e-08 0.000676647 -0.000342842 0.00162421 0.000514137 -0.00251765 -0.00322579 -0.00172351 -2.45544e-06 
-1.25976e-08 5.05813e-05 6.44754e-05 1.02422e-05 2.06731e-05 1.66691e-06 -4.41565e-08 -5.9312e-09 1.26503e-07 -9.32796e-08 3.22252e-07 0.000114504 -1.94925e-05 1.39611e-05 1.94594e-05 2.39127e-05 -4.41026e-06 1.41133e-06 3.13954e-05 -2.42301e-05 -4.707e-05 -1.34082e-05 1.73558e-05 -6.72324e-05 5.14898e-05 -2.75779e-05 5.09368e-06 2.86906e-07 -3.55611e-08 5.22711e-06 5.41137e-07 -3.23259e-05 6.68959e-08 -3.5595e-06 -3.21045e-05 -3.89887e-05 -3.24707e-05 -1.04886e-08 7.57416e-11 -1.12265e-09 5.11129e-05 -2.40706e-05 3.17441e-05 -4.37103e-05 -2.72933e-07 4.45034e-05 -2.42218e-06 -9.74384e-09 -2.18164e-05 -5.50386e-08 -4.00585e-07 -6.66795e-08 -1.04179e-06 2.7778e-06 -3.04543e-05 -1.55934e-08 7.03603e-05 -2.71901e-09 -2.88658e-09 2.53766e-06 -6.90971e-08 3.69452e-06 6.22934e-05 1.09377e-05 2.05358e-06 -4.33051e-05 4.04463e-06 7.75841e-06 2.80221e-06 9.38728e-08 1.57638e-06 -2.93132e-05 6.28243e-06 -4.59733e-05 -7.87035e-09 2.82094e-05 4.97921e-05 7.26062e-08 6.53582e-06 6.27838e-05 8.08212e-07 -6.08522e-05 -4.87875e-05 -2.08852e-05 -2.17811e-09 3.15155e-07 4.97245e-06 -3.13211e-05 -2.36199e-05 -3.82179e-05 1.08731e-07 -6.40912e-10 7.70923e-05 -4.70894e-06 -3.7942e-05 1.54033e-06 -4.68342e-05 -4.59261e-05 -2.43548e-05 -5.95086e-08 
-2.42636e-05 -0.000264717 0.00420694 0.00434266 -8.13553e-05 -8.47624e-05 0.000106797 -9.27468e-06 -1.61954e-05 0.000563963 -0.0020029 -1.94925e-05 0.174069 0.0117723 0.101458 0.115657 -0.00253614 -0.0332946 -0.00026182 -0.0498505 -0.113602 -0.0298798 0.109576 0.00125578 -0.0328928 -0.108134 -0.000289167 0.000307565 -0.00154413 0.000556516 -7.76586e-05 -0.111667 -0.00229913 -0.00801636 -0.103711 0.109527 -0.0981665 -3.92345e-06 -0.000127256 5.03637e-06 -0.00164809 0.00478669 -0.00249567 0.0774368 -0.00230098 -0.000924243 -0.00299253 -1.87154e-07 -0.046822 -8.17131e-06 0.00356713 -0.00010159 -0.00301149 -0.000103369 -0.108689 7.28049e-05 -0.00153611 3.22096e-06 -5.57414e-06 -0.000319169 -0.000187689 -0.000910734 -0.00209657 -0.00687396 -0.000499635 0.0558645 -0.000104356 -6.96525e-05 0.0104072 -5.35567e-06 0.00757751 0.119432 -0.00141153 -0.0266297 4.27781e-05 0.105145 -0.000522416 -6.00527e-05 -9.16206e-05 -0.00134207 -0.0017798 0.0860924 0.113479 0.105873 2.36775e-06 5.22529e-06 0.00563394 -0.00424116 -0.0582679 -0.11866 -4.8218e-05 2.26386e-06 -0.000929768 -0.00930446 0.0894592 -4.55078e-05 -0.110112 -0.114288 -0.0898751 -0.000115922 
-3.08436e-06 0.00285181 0.00796019 0.000244712 0.000191142 1.89104e-05 -9.43382e-06 9.4619e-06 2.78693e-06 -2.32412e-05 -0.000268076 1.39611e-05 0.0117723 0.0289361 0.0157326 0.0163326 -0.00143668 -0.00271471 0.000608691 -0.00641422 -0.0152934 -0.00555183 0.0123257 -0.00882986 0.00502026 -0.0145144 -2.67608e-05 -2.15666e-05 -0.000222933 -0.000224543 0.000106934 -0.015556 -0.00033657 -0.00102217 -0.0144131 0.0101138 -0.0155185 2.10827e-06 -1.72983e-05 9.27609e-07 0.00508748 -0.00557217 0.00766001 0.00367439 -0.00026959 0.00262914 -0.00197872 -2.53777e-06 -0.00622236 -4.81387e-07 -0.000219733 -1.44147e-05 -0.00067081 -2.8093e-07 -0.0157207 2.52054e-05 0.00789021 7.95172e-07 -6.85139e-07 -3.90859e-05 -2.27382e-05 0.000270836 0.00725937 -0.000911267 0.00149946 0.00175535 -2.05899e-05 0.000211562 -0.000129122 9.66235e-06 0.00582187 0.0129578 -0.000168387 -0.0129514 -2.03649e-06 0.0156367 0.000782987 0.000180324 -0.000373705 0.00524791 -0.00021906 0.00493433 0.00763341 0.00233992 -2.40618e-07 4.5883e-05 -0.000587005 -0.0066089 -0.00767152 -0.0135562 -5.35088e-06 4.66641e-06 0.00840299 -0.00124899 0.00483544 0.000402005 -0.0146748 -0.0151374 -0.0122289 0.000202934 
-4.09802e-05 0.00255799 0.0103501 0.00292381 0.000102679 -0.000195525 0.00018287 1.14579e-05 7.03062e-05 0.000351876 -0.00281979 1.94594e-05 0.101458 0.0157326 0.239837 0.220134 -0.0133396 -0.0570968 0.000336508 -0.0811211 -0.206962 -0.0713599 0.20955 -0.00862536 0.0982192 -0.213595 -0.00104071 0.000129445 -0.000663939 -0.00235954 0.000107811 -0.210993 -0.00469441 -0.00489577 -0.195608 0.205895 -0.215041 9.2115e-06 -0.000243397 1.41661e-06 0.00609239 0.121705 0.00959405 0.185781 -0.00410025 0.00246439 0.00401439 2.36009e-05 -0.0834132 -0.000128277 -0.00371073 9.78844e-05 -0.00445172 -0.000138968 -0.209521 5.81769e-05 0.00524161 5.94189e-06 -1.00389e-05 -0.000573894 -0.000188057 0.00252255 0.00471289 -0.0124107 0.000799446 0.132348 -0.000265259 0.000167012 0.0032227 5.32442e-06 0.00918972 0.218469 -0.00283192 -0.15635 -2.40617e-05 0.213086 0.000999209 0.000147043 -0.00463056 0.00813069 -0.00170477 0.142976 0.19908 0.18525 -3.85593e-06 -7.01319e-05 -0.00305163 -0.0776034 -0.103725 -0.208051 -8.47927e-05 2.9292e-06 0.00578271 -0.0167158 0.189725 0.000321256 -0.197659 -0.203985 -0.173927 2.84642e-05 
-2.74056e-05 0.00280754 0.0104125 0.00282905 0.000202657 0.000130752 0.00020891 1.09392e-05 0.000107931 -0.000192833 3.72817e-05 2.39127e-05 0.115657 0.0163326 0.220134 0.245868 -0.0127071 -0.0644796 0.000559013 -0.0852011 -0.22319 -0.073568 0.22782 -0.00952511 0.100634 -0.22247 0.00134423 5.44473e-05 -0.000940908 -0.00287014 1.2014e-05 -0.22915 -0.0044805 -0.00173551 -0.212246 0.222425 -0.22026 8.92564e-06 0.000283771 3.86515e-06 0.00523051 0.126749 0.00974445 0.189744 -0.00445367 0.00240997 0.00578795 2.04026e-05 -0.0906089 0.000180818 -0.00443353 0.000330224 -0.00429233 -0.000153387 -0.223176 5.8546e-05 0.00533702 5.38119e-06 -6.32641e-06 -0.000621627 -6.72222e-06 0.00242429 0.00431406 -0.013313 0.000820318 0.14322 -2.3544e-05 0.000141104 0.00573914 8.80986e-06 0.00959118 0.235229 -0.00212144 -0.159723 -1.96557e-05 0.227826 0.000976241 -7.4116e-05 -0.00580386 0.00990133 -0.00140177 0.152353 0.21601 0.195698 -1.05075e-06 -0.000147238 -0.00138385 -0.071463 -0.112823 -0.220124 -2.66241e-05 2.93141e-06 0.00594165 -0.0182024 0.19754 0.000513152 -0.214887 -0.221337 -0.188357 0.000269384 
1.82179e-05 -0.000258615 -0.000758548 -0.000128035 -8.58059e-06 5.85422e-05 -1.56216e-05 -1.80467e-06 -8.59655e-06 -3.79422e-05 0.00331026 -4.41026e-06 -0.00253614 -0.00143668 -0.0133396 -0.0127071 0.0486857 0.0184139 -6.08054e-05 -0.0045554 -0.0199046 -0.0087731 0.0132958 -0.00149698 0.00363926 -0.0163979 0.000843575 -2.01116e-05 0.005226 0.00506263 0.000462551 -0.0120592 -0.000427229 0.0192398 -0.0147256 -0.0191249 -0.0156501 3.90763e-05 -3.13358e-05 3.03565e-07 -0.000392579 0.0168197 -0.000394224 0.0159161 -4.5058e-05 -0.000221076 0.035266 2.02934e-05 -0.00856857 -1.69416e-05 0.00830533 -2.97022e-05 0.0172315 0.000217099 -0.0206421 8.69534e-06 -0.000523273 2.53817e-06 1.35308e-06 -7.07511e-05 -4.16289e-05 0.0038423 2.22952e-05 -0.00140596 -6.97331e-05 0.0160251 9.24445e-05 -1.71456e-05 -0.000484932 1.79774e-08 -0.000866976 -0.0153328 -0.000240178 -0.0152264 -4.70122e-08 0.011783 -0.000126543 -4.72336e-06 0.000485934 -0.0008977 -7.77097e-05 0.00217395 0.0215644 0.0191008 3.27238e-07 0.000387116 -0.00103848 -0.00749513 -0.0117293 -0.0196571 -1.02585e-05 -1.23884e-07 -0.000555619 -0.0017705 0.0156206 -5.5865e-05 -0.0204117 -0.0202579 -0.0100271 -7.76813e-06 
2.35459e-05 -0.000732221 -0.00194922 -0.000611279 3.26945e-05 0.00014187 -5.54492e-05 6.24038e-06 -2.89824e-05 -0.000118315 0.00221895 1.41133e-06 -0.0332946 -0.00271471 -0.0570968 -0.0644796 0.0184139 0.131308 -4.05766e-05 -0.0299391 0.0432259 -0.0298538 -0.0478355 -0.000603169 -0.0173098 0.0456866 0.000528211 -7.55452e-05 0.00293278 0.000872979 0.000502324 0.047242 -0.00139583 0.00914052 0.0293505 -0.0611504 0.0438703 -1.63064e-06 -8.89848e-05 -8.2758e-07 0.000280125 -0.0209351 -0.000499489 -0.0378809 0.000704243 -0.000538198 0.0105285 -6.35948e-06 0.0703185 -6.09408e-05 0.0012616 -8.93917e-05 0.00970156 -3.41161e-05 0.0445745 -2.01415e-05 0.000420686 -1.80501e-06 8.82747e-06 -0.000145585 -0.000118051 0.00200415 0.000362224 -0.00307669 0.000155201 -0.0526671 -8.03995e-05 2.53638e-05 -0.00266685 8.73341e-06 -0.00184076 -0.0647392 0.000209311 0.0275807 3.03754e-06 -0.0459183 0.00057532 0.000191018 0.00226331 -0.000943805 0.00284721 -0.0192285 -0.0460208 -0.0421144 -2.61394e-06 0.000304329 -0.00189152 0.0318728 -0.0336255 0.0453073 -2.23928e-05 1.65648e-06 0.000289112 -0.00625819 -0.0392626 2.84593e-05 0.0412752 0.0399964 0.0614801 -1.19665e-05 
3.54286e-07 0.000858621 0.000764935 2.16574e-05 2.69818e-05 9.39389e-05 -4.59031e-07 1.16277e-06 3.17402e-05 -9.54899e-07 0.000231402 3.13954e-05 -0.00026182 0.000608691 0.000336508 0.000559013 -6.08054e-05 -4.05766e-05 0.00123216 -0.000105759 -0.000316131 -4.09928e-05 0.000514369 -0.000861213 0.000623022 -0.000342946 0.000178629 2.62249e-07 4.87015e-06 6.72495e-05 -2.21428e-07 -0.000417736 4.6573e-05 -2.52367e-05 -0.000558711 -0.000421242 -0.000437111 -1.12993e-07 1.12167e-05 -1.20942e-08 0.000432161 -0.0003003 0.000790593 -0.00046583 2.18381e-05 0.00026942 -1.76967e-06 -1.0497e-07 -0.000250374 3.60403e-07 -1.25192e-05 6.46909e-06 -2.37155e-05 -5.98289e-07 -0.000297705 3.52013e-07 0.000861448 8.34041e-07 1.48557e-06 8.24652e-05 5.69834e-06 -8.87335e-06 0.000818936 3.28201e-05 6.40132e-05 -0.000658026 0.00011273 0.000150214 -2.05237e-05 -3.00978e-08 3.934e-05 -0.000315427 0.000316873 -0.000811906 -8.47872e-08 0.000286551 0.00010788 7.75644e-07 -1.33095e-05 0.000769057 9.47035e-06 -0.000729311 -0.000552747 -0.000482102 1.99869e-07 5.08846e-07 -1.83518e-05 -0.00052053 -0.000314856 -0.000438692 3.0435e-05 5.83095e-07 0.000913945 -4.23707e-05 -0.000484939 2.74931e-05 -0.000604845 -0.000623509 -0.000515323 1.00891e-06 
9.88702e-06 -0.000990223 -0.00424289 -0.00175346 -7.08208e-05 -0.000151722 -6.71786e-05 -1.1323e-05 -4.35375e-05 -0.000175486 8.64264e-05 -2.42301e-05 -0.0498505 -0.00641422 -0.0811211 -0.0852011 -0.0045554 -0.0299391 -0.000105759 0.173446 0.0931188 0.121619 -0.0875219 0.00127275 -0.0373116 0.087542 -0.000637985 -0.000165071 -0.00142922 -0.000203393 -0.000302372 0.0884236 -0.00134178 -0.00759485 0.0820592 -0.0797423 0.0850788 -1.62269e-05 -5.95212e-05 -2.00258e-06 -0.00230269 -0.0488169 -0.00395851 -0.0746006 -0.00142917 -0.000968479 -0.0143585 -1.67313e-05 -0.0278308 -0.000101413 -0.001639 -0.000123054 -0.00299828 -7.81363e-05 0.0889804 -2.87616e-05 -0.00217635 -2.36895e-06 -1.3824e-06 0.000708422 -5.45037e-05 -0.00261978 -0.0023885 -0.00655043 -0.000263009 -0.0399074 -0.000126532 -5.60493e-05 -0.00295205 -4.41485e-06 -0.00330062 -0.0841662 -0.00125984 0.0608469 -1.43178e-05 -0.0879786 -0.000526023 -5.3417e-05 -0.00282514 -0.00223351 -0.000921143 -0.115827 -0.0902244 -0.0780658 1.59252e-06 -8.73638e-05 -0.000161288 -0.0543003 0.118614 0.0905713 6.88442e-05 -1.24983e-06 -0.00239863 0.0271924 -0.0790656 -0.000226615 0.0921239 0.0942651 0.0150136 -6.11314e-06 
3.70424e-05 -0.00238852 -0.00976334 -0.00295291 -0.000208486 5.30393e-05 -0.000195804 -1.06723e-05 -6.60471e-05 -0.000417448 -0.00133371 -4.707e-05 -0.113602 -0.0152934 -0.206962 -0.22319 -0.0199046 0.0432259 -0.000316131 0.0931188 0.249652 0.0775402 -0.233561 0.01094 -0.103356 0.232601 -0.00203166 -0.000343046 -0.00423646 -0.00297562 -0.00070389 0.236025 0.00554723 -0.0138242 0.220463 -0.206328 0.227889 -4.47959e-05 0.000278938 -4.96777e-06 -0.00564444 -0.138398 -0.009612 -0.199012 0.0041305 -0.00226018 -0.0387994 -3.8833e-05 0.099133 4.63744e-05 -0.00349314 -0.000303277 -0.0118022 -4.06349e-05 0.235701 -7.0262e-05 -0.00465969 -5.281e-06 6.44338e-06 0.000667248 4.44808e-05 -0.00645202 -0.00471913 0.00917296 -0.000820116 -0.160425 0.000199029 -0.000155644 -0.0075283 -7.80985e-06 -0.00882339 -0.219327 0.00215435 0.168733 -3.15247e-05 -0.232836 -0.00136818 -0.000139066 -0.00460071 -0.00903714 0.000979533 -0.151777 -0.231156 -0.207187 -1.91275e-07 -0.000258943 -0.00444194 0.0795627 0.124089 0.234314 0.000100981 -2.86934e-06 -0.0051507 0.0186529 -0.206298 -0.00051008 0.235805 0.240121 0.190539 -0.00026806 
-1.3828e-05 -0.000760959 -0.00297527 -0.00157049 -6.57586e-05 0.000280084 -7.50554e-05 -9.77741e-06 -1.71503e-05 0.000621317 -0.000970953 -1.34082e-05 -0.0298798 -0.00555183 -0.0713599 -0.073568 -0.0087731 -0.0298538 -4.09928e-05 0.121619 0.0775402 0.162402 -0.0769068 0.0032329 -0.0405331 0.0825066 -8.65058e-05 0.000336652 -0.00167132 0.000854987 -0.000265677 0.0753549 -0.000482555 -0.00785812 0.0715084 -0.0649126 0.0843011 -1.60505e-05 0.000191425 -2.00018e-06 -0.00219061 -0.054503 -0.00369698 -0.0756352 -0.00143004 -0.000889373 -0.0118263 -1.61436e-05 -0.0322656 0.000243033 -0.00184866 -8.86327e-05 -0.0047518 -5.43265e-05 0.0881943 -1.10021e-05 -0.00171998 -4.73103e-06 1.80409e-07 0.000789483 -8.0009e-05 -0.00251235 -0.00218076 -0.00274252 -0.00032401 -0.0404273 0.000350704 -5.12492e-05 0.00916521 -4.92099e-06 -0.00299839 -0.0694424 3.74171e-05 0.066472 4.6601e-05 -0.0853078 -0.000443352 -5.46654e-05 0.00464715 -0.00337452 -0.000721515 -0.0994235 -0.0816647 -0.0807644 7.18268e-06 -8.26115e-05 0.0150126 -0.0778722 0.116768 0.0757681 0.000134427 -1.14189e-06 -0.00161567 0.0285544 -0.0791822 -0.000165967 0.0727553 0.0786118 0.00240365 -0.000105508 
-1.95105e-05 0.00255453 0.00870746 0.00286429 5.52498e-05 0.000235615 0.000201747 1.71683e-05 0.000103671 -0.000213897 0.00251363 1.73558e-05 0.109576 0.0123257 0.20955 0.22782 0.0132958 -0.0478355 0.000514369 -0.0875219 -0.233561 -0.0769068 0.248722 -0.00862685 0.103784 -0.232423 0.00277537 0.000178307 0.00431166 0.00249175 0.000459946 -0.239848 -0.0041478 0.0152711 -0.223017 0.209221 -0.232636 4.64361e-05 0.000319828 3.50548e-06 0.00396019 0.143156 0.00744532 0.204924 -0.00468561 0.00153348 0.0287113 2.40053e-05 -0.0959433 0.000202341 -0.00228129 0.000307919 0.0113601 5.48345e-05 -0.234125 3.77314e-05 0.00257313 1.26139e-05 -5.8955e-06 -0.000550708 -3.79084e-05 0.00644418 0.00232509 -0.013946 0.000551629 0.151353 0.000197204 -1.61507e-05 0.00639711 1.32054e-06 0.00736587 0.221361 -0.00177853 -0.172946 -4.24961e-06 0.236977 0.000450401 1.93727e-05 -0.00598266 0.00694008 -0.00125312 0.154248 0.230126 0.208353 2.84999e-06 0.000166911 -0.00123023 -0.0812366 -0.118754 -0.232565 -3.38728e-05 -6.14913e-07 0.00307534 -0.0193378 0.212961 9.87805e-05 -0.22611 -0.233675 -0.19865 0.000248506 
-4.38411e-06 -0.00388302 -0.00737969 -0.000137021 -0.000357507 -0.000127136 -1.84487e-05 -3.34766e-05 -0.000169112 1.08473e-05 -0.00040553 -6.72324e-05 0.00125578 -0.00882986 -0.00862536 -0.00952511 -0.00149698 -0.000603169 -0.000861213 0.00127275 0.01094 0.0032329 -0.00862685 0.0241653 -0.0166361 0.0116133 -0.00102077 -0.000102749 -0.000221988 0.00017578 -0.000128115 0.011568 0.000178007 -0.00273845 0.0105824 -0.00277626 0.011811 -8.82046e-06 -5.40597e-05 -1.00375e-06 -0.00560734 -0.00442619 -0.0104931 -0.00323843 0.000163446 -0.00396467 0.000232408 5.75057e-07 0.00497808 -4.1464e-05 -0.000216971 -0.00021941 -0.0017148 -4.32997e-05 0.0110224 -9.72588e-06 -0.00902026 -6.81166e-06 -3.15396e-07 2.50352e-05 -0.000216242 -0.00108231 -0.00845143 0.000758912 -0.00174122 -0.00240139 -7.18685e-05 -0.000323038 -6.4496e-07 -1.95855e-05 -0.00376584 -0.00443111 0.000121043 0.0145751 -5.78033e-06 -0.011129 -0.00171517 -0.000260845 0.000374168 -0.00567973 0.000115989 0.00083519 -0.00228751 -0.00517283 -3.06203e-06 -0.000327114 0.000316304 0.00894771 0.00472863 0.0109992 -0.00011935 -4.66465e-06 -0.00909592 -0.000147581 -0.00317779 -0.000589059 0.0104511 0.0108368 0.00999642 -0.00022245 
-1.6298e-05 0.00286667 0.00554025 -0.00138882 0.000286306 -7.39589e-05 1.23706e-05 1.58841e-05 0.000100163 -0.000155103 -3.09043e-05 5.14898e-05 -0.0328928 0.00502026 0.0982192 0.100634 0.00363926 -0.0173098 0.000623022 -0.0373116 -0.103356 -0.0405331 0.103784 -0.0166361 0.159582 -0.106442 0.00157104 1.15191e-05 0.000191221 -0.00160626 2.90937e-05 -0.10628 -0.00234579 0.0104608 -0.0976184 0.0937002 -0.109578 1.37758e-05 -0.000121409 -1.77171e-07 0.00647125 0.12307 0.0141368 0.0957628 -0.00204416 0.00333466 0.00335321 -9.65139e-06 -0.0416461 -5.16619e-05 -0.00126505 0.000406741 0.00246182 5.87158e-05 -0.106719 -1.63685e-05 0.00743637 2.81206e-07 -4.84711e-06 -0.000284625 0.000173027 0.00572642 0.00747706 -0.00590794 0.00137399 0.077068 -0.000138555 0.00024775 -0.00201455 1.3591e-05 0.00320714 0.093034 -0.00163802 -0.131502 -1.03941e-05 0.108467 0.00161692 0.00021324 -0.0029815 0.0118495 -0.000517032 0.0582763 0.0959146 0.0895906 -1.27742e-06 0.000250023 -0.00410795 -0.0755632 -0.0517997 -0.0984129 -4.0827e-05 2.2979e-06 0.00762654 -0.00836178 0.0914082 0.000729105 -0.0987001 -0.101864 -0.0882112 0.000400689 
3.43427e-05 -0.00249791 -0.0098152 -0.00287098 -0.000196294 -9.38299e-05 -0.000200453 -1.70864e-05 -0.000103164 -0.000344739 -0.00126742 -2.75779e-05 -0.108134 -0.0145144 -0.213595 -0.22247 -0.0163979 0.0456866 -0.000342946 0.087542 0.232601 0.0825066 -0.232423 0.0116133 -0.106442 0.247988 -0.000821763 -0.000130955 -0.00377214 -0.00135564 -0.00061034 0.233299 0.00488796 -0.0133013 0.216541 -0.2032 0.234342 -4.1193e-05 4.49184e-05 -5.0747e-06 -0.00531748 -0.141375 -0.0100361 -0.204279 0.0046711 -0.00236658 -0.0315547 -4.20596e-05 0.0943883 -0.000115478 -0.00137748 -0.000317216 -0.0109886 -5.02346e-05 0.237731 -7.3444e-05 -0.0052046 -9.4866e-06 9.6061e-06 0.000632206 -2.09919e-05 -0.00674407 -0.00497619 0.0132247 -0.000806865 -0.156672 5.99057e-05 -0.000169233 -0.00037699 -1.10926e-05 -0.00904543 -0.216805 0.0029945 0.172243 1.74408e-05 -0.236714 -0.000990331 -0.000146175 0.00494227 -0.00807283 0.00170623 -0.149826 -0.227165 -0.214437 -4.97463e-08 -0.0002678 0.00532078 0.0744304 0.116464 0.234334 1.72244e-05 -3.01602e-06 -0.00553123 0.0181617 -0.214496 -0.000490792 0.2229 0.229621 0.191164 -0.000252919 
1.43753e-05 0.000263362 3.46767e-05 2.47284e-05 -2.8694e-06 0.000241338 -2.05709e-06 5.31683e-06 1.04813e-05 -3.93162e-06 0.0026865 5.09368e-06 -0.000289167 -2.67608e-05 -0.00104071 0.00134423 0.000843575 0.000528211 0.000178629 -0.000637985 -0.00203166 -8.65058e-05 0.00277537 -0.00102077 0.00157104 -0.000821763 0.00696283 6.97279e-05 -5.31945e-05 0.000479461 9.92626e-05 -0.0022039 0.000714114 0.00303198 -0.00328423 -0.00177672 -0.00143367 -2.85562e-07 0.000476202 -6.54076e-08 0.000111234 0.000979182 0.00198647 0.000506392 0.000419696 9.01259e-05 9.85406e-05 4.33729e-08 -0.00143909 0.000184317 -3.07145e-05 0.00051737 0.000207942 2.76761e-05 -0.000489482 -3.048e-07 0.000513066 2.39018e-06 4.53992e-06 4.2359e-05 0.00034847 -7.36472e-05 0.000158307 -0.000154913 0.000199067 0.000583358 9.8563e-05 -1.99602e-06 0.000834031 3.24226e-06 -6.11389e-05 -0.00201733 0.000816114 -0.00261102 3.17148e-05 0.000388969 0.000145951 -1.79146e-06 -4.06852e-05 0.000226796 0.000444964 -0.00066413 0.000271617 0.00190993 5.87663e-06 7.55534e-06 0.000613262 -0.00208645 -0.00178065 -0.00170991 -1.6641e-07 -3.92438e-08 0.000593111 -0.00018772 0.000528274 0.000544597 -0.00296001 -0.00336962 -0.0024212 1.26396e-05 
-8.30239e-08 -1.80101e-06 2.3824e-06 -1.93165e-06 -3.0884e-07 1.49737e-05 -2.91011e-07 -3.90893e-08 1.23514e-06 0.000120049 -4.58754e-06 2.86906e-07 0.000307565 -2.15666e-05 0.000129445 5.44473e-05 -2.01116e-05 -7.55452e-05 2.62249e-07 -0.000165071 -0.000343046 0.000336652 0.000178307 -0.000102749 1.15191e-05 -0.000130955 6.97279e-05 0.000754147 4.12499e-06 0.000337138 1.66969e-06 -0.000375 -1.5209e-06 1.9331e-05 -0.00033478 0.000284949 -7.22902e-05 6.72088e-06 -4.30833e-07 -7.39874e-09 -1.53476e-06 3.46447e-05 2.84346e-05 -6.30914e-05 -7.75213e-06 -2.7384e-06 -4.03603e-05 -6.42163e-08 -0.00015726 9.5906e-06 4.42514e-05 1.41917e-07 -2.32392e-07 -3.66007e-07 4.10267e-05 1.03899e-07 -5.55808e-06 -1.79195e-08 -1.90239e-08 -4.98525e-07 -5.81127e-07 -5.27456e-06 -8.26818e-06 -1.29638e-05 -2.89159e-07 -0.000231528 2.61041e-05 -2.52148e-07 0.000433624 1.48254e-07 -5.05311e-06 0.000257856 -4.5222e-06 -2.18114e-05 8.01146e-06 -6.44135e-05 1.64427e-06 -2.02506e-07 0.000220752 -1.23041e-05 -2.25697e-06 0.000244744 -3.11572e-05 -3.18566e-05 9.98979e-07 1.80672e-07 0.0004646 -0.000313188 -0.000193231 -0.000404565 3.14528e-07 -4.2239e-09 -7.84648e-06 -3.12411e-05 -6.15322e-05 1.51211e-06 -0.000372115 -0.000378544 -0.000326628 -3.78855e-07 
8.06168e-06 -3.90382e-05 -0.000134414 -6.17141e-05 -2.07553e-06 1.34507e-06 3.14762e-05 2.74901e-06 -1.61086e-06 -6.72572e-06 0.000408075 -3.55611e-08 -0.00154413 -0.000222933 -0.000663939 -0.000940908 0.005226 0.00293278 4.87015e-06 -0.00142922 -0.00423646 -0.00167132 0.00431166 -0.000221988 0.000191221 -0.00377214 -5.31945e-05 4.12499e-06 0.0081888 0.00220847 0.000300079 -0.00425564 -7.58526e-05 0.00173019 -0.00402289 -0.000953802 -0.0045551 2.22104e-05 -5.0084e-06 -8.09459e-08 -2.63327e-05 0.0051887 -9.27538e-05 0.00412767 -8.34755e-05 -3.3793e-05 0.00711621 -5.65892e-07 -0.00171963 -1.90511e-06 0.00105339 -4.73812e-06 0.00362018 2.04224e-05 -0.00443796 6.55675e-07 -4.28096e-05 2.80619e-07 -1.94797e-07 -1.10421e-05 -6.90484e-06 0.000249929 -3.86405e-05 -0.000240365 5.90304e-05 0.00344938 4.77549e-05 -2.46196e-06 -0.0001113 7.08557e-07 -0.00013587 -0.000620858 -5.58566e-05 -0.0049028 -4.97474e-07 0.00361382 1.7291e-05 3.42449e-06 -0.000118462 0.000166572 0.000148373 0.00123419 0.00435548 -0.000240738 -8.37143e-08 0.000100197 -0.000170762 -0.00275134 -0.00214636 -0.00414661 -1.77387e-06 -4.62115e-08 -5.52231e-05 -0.000341888 0.00317186 -9.34926e-06 -0.00408365 -0.00420902 -0.00359803 -3.31407e-06 
9.48274e-06 -2.53222e-05 -0.00013398 -5.39179e-05 -2.98276e-06 1.60351e-05 -4.35292e-07 -3.97556e-07 -1.6497e-06 0.000195171 -5.93798e-05 5.22711e-06 0.000556516 -0.000224543 -0.00235954 -0.00287014 0.00506263 0.000872979 6.72495e-05 -0.000203393 -0.00297562 0.000854987 0.00249175 0.00017578 -0.00160626 -0.00135564 0.000479461 0.000337138 0.00220847 0.00856653 0.000186309 -0.00234116 0.000108827 0.000540972 -0.00280004 -0.00208305 -0.00216687 1.48886e-05 -5.05968e-06 -8.47125e-08 -8.56237e-05 0.000927159 -0.000125165 0.00155539 -8.07854e-05 -3.71038e-05 0.00510328 -2.78584e-07 -0.00178645 3.90369e-05 0.0017723 1.49697e-06 0.00509224 1.17127e-05 -0.00196801 -1.5331e-07 -8.76277e-05 9.68163e-07 -2.17816e-07 0.000340375 -6.83948e-06 -5.39039e-05 -9.24332e-05 0.000270657 -1.48902e-05 0.00108623 0.000231009 -2.887e-06 0.00167524 -2.10816e-07 -0.000144962 -0.00216279 0.000185218 -0.000781631 3.00961e-05 -0.000674215 -2.27086e-05 -2.31861e-06 0.00088944 -0.000150119 -2.62544e-05 0.00193272 0.00234527 0.000491855 4.90564e-06 5.93354e-05 0.00161029 -0.00334112 -0.00181971 -0.0033965 -1.17975e-06 -4.83619e-08 -7.94128e-05 -0.000224981 0.000756626 1.32757e-05 -0.0040403 -0.00386226 -0.00282951 -4.44706e-06 
-1.09273e-07 -7.54143e-07 0.000149866 -8.81777e-06 4.29565e-06 1.72304e-06 8.65092e-07 9.65482e-06 1.19869e-06 -1.12998e-06 0.000106825 5.41137e-07 -7.76586e-05 0.000106934 0.000107811 1.2014e-05 0.000462551 0.000502324 -2.21428e-07 -0.000302372 -0.00070389 -0.000265677 0.000459946 -0.000128115 2.90937e-05 -0.00061034 9.92626e-05 1.66969e-06 0.000300079 0.000186309 0.00138532 -0.000628068 -1.41114e-05 6.11499e-05 -0.000674809 -2.00607e-05 -0.000554627 2.15961e-06 1.12628e-06 -1.35996e-08 0.000368098 -5.18693e-05 7.27572e-05 0.000156819 1.31008e-05 3.65666e-06 0.000484804 1.53196e-06 -0.00027417 -5.73401e-07 7.37589e-05 -5.94797e-07 0.000504167 -4.02759e-07 -0.000630296 9.14437e-07 0.000117169 -3.29379e-08 -3.49679e-08 5.53052e-07 -1.12674e-06 0.000169179 0.000217094 -4.31534e-05 0.000150139 0.000354502 7.99922e-06 1.19859e-07 -7.44872e-06 -3.38442e-08 -5.14753e-06 2.18998e-05 -8.50291e-06 -0.000401523 2.17133e-06 0.000527063 5.68637e-05 0.000102621 -1.46074e-05 -4.13924e-06 0.000102693 0.000199071 0.000432389 -8.34703e-05 -2.63854e-08 -1.62578e-07 8.68779e-06 -0.000367326 -0.000360712 -0.000641306 -2.98027e-07 -7.76396e-09 0.000125545 -5.61714e-05 0.000460963 -3.14094e-07 -0.000681295 -0.000706005 -0.000397142 -3.84216e-07 
1.17458e-05 -0.00249211 -0.0100346 -0.00267181 -0.000208446 -0.000267051 -0.000201481 -2.22946e-05 -0.000103652 -0.000406695 -0.00173556 -3.23259e-05 -0.111667 -0.015556 -0.210993 -0.22915 -0.0120592 0.047242 -0.000417736 0.0884236 0.236025 0.0753549 -0.239848 0.011568 -0.10628 0.233299 -0.0022039 -0.000375 -0.00425564 -0.00234116 -0.000628068 0.248844 0.00456956 -0.0142421 0.225836 -0.212181 0.232257 -4.24996e-05 -0.000280523 -3.98504e-06 -0.00538971 -0.142431 -0.00988945 -0.202085 0.00472889 -0.00232586 -0.0272996 -1.92968e-05 0.0959809 -0.000243382 0.00246204 -0.000301356 -0.010604 -0.000111098 0.23467 -6.29738e-05 -0.00525615 -1.13924e-05 8.95615e-06 0.000612036 4.06443e-05 -0.00661994 -0.00474706 0.0141789 -0.000937139 -0.151248 -0.000213093 -0.00016264 -0.00899995 -1.1828e-05 -0.00914894 -0.225195 0.00268294 0.174154 -3.01038e-05 -0.237839 -0.00104744 -0.000143141 0.00394229 -0.0094323 0.00113008 -0.154821 -0.22865 -0.205557 -3.2868e-06 -0.000232199 -0.00196053 0.0807895 0.118762 0.234507 -2.92157e-05 -2.82865e-06 -0.00584543 0.0182858 -0.210794 -0.000491061 0.227322 0.234583 0.198897 -0.00027674 
1.91702e-05 1.93878e-05 -0.000220401 -8.22235e-05 -2.94851e-06 0.000312643 -4.27938e-06 1.1628e-05 2.74056e-05 -9.62455e-06 0.00110679 6.68959e-08 -0.00229913 -0.00033657 -0.00469441 -0.0044805 -0.000427229 -0.00139583 4.6573e-05 -0.00134178 0.00554723 -0.000482555 -0.0041478 0.000178007 -0.00234579 0.00488796 0.000714114 -1.5209e-06 -7.58526e-05 0.000108827 -1.41114e-05 0.00456956 0.0116762 -0.000426149 0.0047318 -0.00470317 0.00433311 -1.04554e-06 0.000580529 -1.15834e-07 -7.32355e-05 -0.00312387 -0.000215113 -0.00448251 0.000434303 -5.0984e-05 -0.000664791 -3.08699e-07 -0.00181866 0.000291481 -7.85007e-07 9.31277e-06 -0.000188373 8.69648e-06 0.00486654 -1.24892e-06 0.000503869 6.41612e-06 3.5855e-06 1.50826e-05 1.67991e-05 -0.000141144 -0.000124141 0.00123978 5.10143e-05 -0.005882 0.000309275 -3.94761e-06 2.16432e-05 4.0984e-06 -0.000200816 -0.0050174 0.000942432 0.00291143 -6.55393e-07 -0.00525627 -1.84669e-05 -2.89708e-06 -0.000162153 -1.58729e-05 7.06931e-05 -0.00455816 -0.00492897 -0.00454737 6.58597e-07 -5.70798e-06 -0.000215589 0.00334319 0.00223988 0.00455537 6.09449e-05 -6.6129e-08 0.000594684 -0.0004439 -0.00466809 -7.73552e-06 0.00461457 0.00334724 0.00498641 -6.10007e-06 
