0.00852663 -4.52099e-05 0.002665 -0.0026056 4.87069e-05 0.00247288 -8.31824e-06 -1.1411e-06 -4.78107e-05 -0.00230261 -1.96912e-06 0.0055461 0.000766045 -0.00325469 -2.48686e-05 -4.57289e-06 -4.2708e-06 -0.00301642 0.00065131 0.000349045 -0.00192665 -0.00118621 -2.82987e-05 -0.00272037 -0.00279319 -5.97203e-05 1.81507e-05 -1.61215e-05 -1.55651e-05 -2.04981e-08 -0.00282551 2.06362e-05 -6.6356e-06 -0.000193077 -3.14152e-06 0.00254639 0.0032585 5.73585e-05 -5.65728e-07 -0.00209272 0.00130212 -0.00317611 2.30797e-05 -7.207e-07 -0.00185548 -6.03354e-06 0.00266184 -0.000779531 0.00242319 0.000589273 -9.89721e-05 2.10424e-06 0.00245581 6.95898e-05 -3.93937e-05 2.36457e-05 -0.00328129 -1.87088e-05 0.000675189 -0.00168837 8.87213e-08 7.90026e-07 -4.88201e-05 -5.33178e-05 -2.42353e-06 -1.16277e-05 6.00395e-05 -0.00194878 8.97984e-06 -4.53135e-06 -0.000199785 0.00256733 -0.0026361 -0.00307897 0.0026157 -2.24621e-06 -0.00117539 -0.00271944 -7.87005e-05 2.02355e-06 0.00241897 -0.000706975 -2.18649e-06 0.00498076 -2.91643e-05 -9.28292e-08 -7.44669e-07 -4.1658e-06 -2.47753e-06 0.000390464 0.00276389 -0.00288669 -0.000381203 -4.52499e-05 0.000245094 2.42543e-05 -6.68909e-05 -2.7932e-05 0.000309921 -0.00129711 
-4.52099e-05 0.006411 -0.00364547 -0.000461066 -5.58537e-06 -9.85819e-06 1.27334e-06 -9.03627e-07 -1.59143e-06 0.00182937 -7.21698e-07 -0.000660804 -0.00121957 0.00361989 -1.5912e-05 -4.75982e-06 6.01486e-08 0.00314548 -0.000188333 -0.000351947 -0.00300242 1.1589e-06 0.000121982 0.00363519 0.00364331 -2.21329e-05 -2.97023e-05 -2.04663e-05 -1.40128e-05 -1.53788e-08 0.00256436 -8.31659e-07 -4.46291e-06 0.00360342 1.5302e-05 -0.00383496 -0.000359463 -2.43794e-07 -3.57066e-06 -0.0011209 -0.0051495 -0.00169579 -1.60832e-05 -2.85919e-06 0.00354507 -5.80546e-06 -0.00342029 -0.00228789 -0.00386512 -2.06875e-05 0.00189253 -1.72452e-05 -0.00088592 -2.44749e-06 -1.59907e-05 -3.96138e-05 -0.00277638 5.2817e-07 0.000158229 0.00223674 -1.72496e-06 -8.5777e-07 -8.08081e-05 -4.4092e-05 -5.24916e-06 -2.92088e-06 -8.20442e-05 0.00445716 1.65029e-06 -4.03572e-06 0.00328375 -0.0038062 -0.00107655 -0.00249855 -0.00350982 1.78051e-07 -0.00104135 0.00336241 -7.1674e-05 -7.23881e-08 -0.00358582 -0.00080418 1.01856e-06 -0.000706582 5.06992e-05 -6.96454e-08 -7.8402e-05 -4.0374e-06 4.03727e-05 -0.000140056 -0.00407583 0.00365303 0.00521108 -5.39511e-05 -0.000133765 8.06369e-05 7.2169e-05 0.000569323 -7.67145e-05 -9.64912e-05 
0.002665 -0.00364547 0.241644 -0.223263 -0.00165111 0.00235707 -0.000526113 -8.25545e-05 -0.00337442 -0.201648 -0.000180659 0.0443682 0.0808237 -0.232744 -0.000932878 -0.000450016 -0.000243375 -0.209738 0.0128959 0.0191443 0.189105 -0.0846666 -0.00185461 -0.236303 -0.238659 -0.0042779 -0.0011101 0.00118608 -0.0011434 -1.15286e-06 -0.17157 6.82107e-05 0.000115943 -0.0148298 -0.000205738 0.218818 0.0225565 -0.000109379 0.000233435 -0.145328 0.0772759 0.0748695 -0.001331 0.000139184 -0.228151 0.000252314 0.225226 0.144926 0.216437 -0.000823 -0.00690072 0.00104496 0.14839 -0.000337896 -0.00108311 0.00181262 0.180451 -0.00140457 -0.00765022 -0.172417 6.63824e-05 4.77918e-05 0.00121866 -0.00417853 -0.000302559 -0.000878146 0.00503663 -0.135341 -0.000192045 -1.5668e-05 -0.0137439 0.21838 -0.180563 0.162787 0.232382 -0.000170044 0.0678381 -0.234609 0.00443747 -9.75047e-06 0.235826 0.0497528 -0.000198443 0.0485854 -0.00204331 -5.80996e-06 0.002646 0.00013187 0.00069905 -0.0131656 0.196812 -0.236428 -0.0262776 0.00307698 0.00992256 -0.000501011 -0.0046119 -0.0021982 0.00486218 -0.0972421 
-0.0026056 -0.000461066 -0.223263 0.235715 0.000552411 -0.00267564 0.000556837 -3.4596e-05 0.00285243 0.188645 0.00014991 -0.0414161 -0.0745313 0.218449 -0.000569484 0.000335026 0.000301832 0.194423 -0.0120193 -0.0184661 -0.178255 0.0877979 0.00163274 0.221682 0.223758 0.00441028 0.00131681 -0.00110844 0.00117534 4.99852e-07 0.158802 -6.18568e-05 -0.000184146 -0.00782966 0.000172362 -0.203276 -0.0213417 -0.000326172 -0.000244917 0.151501 -0.0565633 -0.0782675 -0.000107231 -0.000196859 0.213414 -0.000326553 -0.209853 -0.135211 -0.200116 3.7887e-05 0.00261043 -0.00117563 -0.140751 -8.55358e-05 0.000391268 -0.00136977 -0.167954 -0.000458455 0.00698234 0.158383 -6.78677e-05 -4.56187e-05 -0.00297621 0.00440063 -4.01966e-05 0.000871964 -0.0047698 0.117619 -0.000181221 -0.00022845 -0.00826319 -0.201961 0.189223 -0.151096 -0.216076 0.000133423 -0.0630735 0.220487 -0.00456633 6.82737e-06 -0.220775 -0.0477997 0.000143151 -0.0476717 0.000437102 -2.63333e-06 -0.00462292 -0.000143825 -0.00067611 0.0132912 -0.179645 0.222204 0.00175151 -0.00325555 -0.00924606 -0.000267887 0.00410251 0.00104645 -0.0045337 0.101324 
4.87069e-05 -5.58537e-06 -0.00165111 0.000552411 0.00820802 9.94238e-05 0.000188797 6.8541e-05 3.22419e-05 -0.00036047 5.77975e-06 -0.000871258 -0.00159377 -8.14791e-05 0.00245756 0.000148155 0.000257166 0.000531716 -0.000125852 0.00110537 0.00164156 3.89558e-05 -2.74072e-05 -0.000603445 0.000974356 -5.4255e-05 3.4724e-06 -1.05436e-05 0.000304387 1.83608e-07 0.00165702 -2.77921e-07 0.000130365 0.00200522 3.0504e-05 -0.000412474 -0.000454486 7.01341e-06 0.000294271 -0.000277812 -0.00505493 -0.00303948 0.00154001 2.79825e-05 -0.000580731 0.000192497 -0.00299031 -0.00279766 -0.00150915 0.000790267 0.000139365 -2.1348e-05 -0.00291431 -3.55853e-06 0.00233699 0.000882847 -5.08023e-05 0.00101543 -0.000102119 -0.000525274 1.53909e-07 -9.60226e-07 0.00152444 0.00075868 0.000170875 1.11128e-05 0.000207148 0.000109375 -3.6835e-06 -4.56449e-06 0.00126156 -0.0035319 0.000186503 -0.000390452 -0.00227894 -1.83027e-07 -0.000162928 -0.000841816 -1.5091e-05 1.77403e-06 -0.00131654 0.000566903 3.8007e-07 -0.000978159 4.03429e-05 9.99067e-06 0.0027713 0.000340549 0.000809449 -0.000130067 -0.00289473 -0.000308033 0.0013878 -3.96281e-05 -9.55018e-05 0.000171125 0.000129877 0.00142049 -9.68459e-05 -0.000386503 
0.00247288 -9.85819e-06 0.00235707 -0.00267564 9.94238e-05 0.00766811 -7.58161e-06 -7.75539e-07 -4.296e-05 -0.00255085 -9.30536e-07 0.00407351 0.000773998 -0.00300957 3.92063e-05 -7.5578e-06 -3.81352e-06 -0.00270161 0.000999681 0.0010775 -0.000506613 -0.00109735 -2.61669e-05 -0.00279393 -0.00292028 -5.49255e-05 -3.91009e-05 1.39296e-05 0.000138588 -1.8418e-08 -0.00260784 4.21262e-06 1.45755e-05 -0.000114855 -2.80526e-07 0.00276129 0.00333167 1.02486e-05 -6.90465e-06 -0.0018088 0.00106835 -0.00371485 2.89175e-05 -7.04168e-07 -0.00218601 -3.04667e-06 0.0025147 -0.00105632 0.00244903 0.000144824 -8.66893e-05 -2.22108e-05 0.00242917 1.17268e-05 -2.80641e-05 -5.08027e-06 -0.00315247 -9.11165e-06 0.000128086 -0.00223878 -2.12595e-06 1.07894e-05 0.000530607 4.4621e-05 6.49955e-05 1.00071e-05 0.000541163 -0.00174034 -2.74846e-08 -3.98657e-06 -0.000171722 0.00268583 -0.0023869 -0.00296176 0.00103003 -1.70526e-06 -0.00126453 -0.00260288 -9.5844e-05 3.22806e-07 0.0029148 0.000781961 -2.6172e-06 0.00581649 -2.62666e-05 2.19924e-07 -7.87198e-05 9.42615e-06 -4.85847e-06 -0.000136516 0.00245463 -0.00305136 -0.000303722 6.74195e-05 -0.000184559 -6.90248e-06 -5.99023e-05 0.000108694 0.000170845 -0.00127475 
-8.31824e-06 1.27334e-06 -0.000526113 0.000556837 0.000188797 -7.58161e-06 0.000980547 1.89922e-06 -5.21124e-06 0.000366021 1.7118e-08 -0.000109838 -0.000181415 0.000543897 1.7008e-05 2.9293e-06 7.83876e-06 0.000579096 -2.64515e-05 -5.49703e-05 -0.000293341 0.00046372 -1.79374e-06 0.000339033 0.000514364 4.39527e-05 2.22067e-06 -2.50625e-06 -1.36984e-07 -2.33927e-09 0.000290827 1.6701e-07 2.29031e-06 -2.45706e-05 3.85715e-07 -0.000373931 -5.5253e-05 -1.7365e-06 1.42489e-07 0.000685416 -0.000452675 -0.000458889 6.49468e-06 -3.5799e-07 0.000500867 4.44469e-06 -0.000524287 -0.000335835 -0.000570848 -2.92345e-06 -3.89689e-06 -2.96865e-06 -0.000415776 2.15523e-06 2.18795e-05 -2.699e-06 -0.000390487 -2.33973e-06 -4.58722e-07 -0.000242961 5.91618e-07 -1.30475e-07 -1.17721e-05 0.000207065 8.49731e-06 -8.36078e-07 -1.19913e-05 0.00045294 -5.65297e-07 -6.16408e-07 -2.29043e-05 -0.000580572 0.000629759 -0.000344288 -0.000540852 -2.82207e-07 -0.000124391 0.000355646 -9.66048e-06 7.16747e-08 -0.000530201 -0.000120917 9.05e-08 -0.000126671 5.16964e-06 -1.05938e-08 -4.23893e-06 4.13261e-06 2.98904e-05 -1.57537e-05 -0.000621448 0.000538286 -4.1143e-05 -7.70822e-06 -2.44485e-05 -1.48012e-07 -7.52686e-06 -1.44947e-06 -1.16466e-05 -0.000113916 
-1.1411e-06 -9.03627e-07 -8.25545e-05 -3.4596e-05 6.8541e-05 -7.75539e-07 1.89922e-06 0.00014002 -6.57736e-07 -3.64456e-05 8.88583e-06 -1.50255e-05 -2.78091e-05 -4.07021e-05 0.000115288 -1.70363e-07 -1.12417e-07 -1.8149e-05 -4.50029e-06 3.73806e-05 5.32477e-05 -6.57387e-06 -4.91821e-07 -4.25637e-05 -3.36955e-05 -5.75947e-07 -7.1805e-07 -4.91704e-07 -3.09181e-07 -3.33762e-10 -1.22738e-05 -2.99135e-08 7.36254e-05 4.87318e-05 5.48566e-06 -8.28922e-05 -7.23475e-06 2.14647e-05 1.66196e-06 -2.79319e-05 -0.000114588 -6.85073e-05 5.18302e-05 4.98476e-07 -4.4533e-05 6.29432e-05 -7.80659e-05 -4.9863e-05 -8.80827e-05 3.51787e-05 8.29917e-06 -4.34025e-07 -5.89554e-05 8.54201e-07 5.20947e-06 -6.57719e-07 1.26261e-05 4.82428e-05 -1.0155e-06 -3.33834e-05 -4.25726e-08 -1.8616e-08 5.29962e-05 6.78897e-08 -1.50671e-07 1.87274e-06 -1.7065e-06 -2.59894e-05 1.46011e-07 -8.79479e-08 4.90187e-05 -8.68025e-05 3.05772e-05 1.22367e-05 -7.98485e-05 1.69735e-07 -2.29833e-05 -4.22e-05 6.64871e-05 5.69098e-08 -1.01503e-05 -1.79205e-05 -4.7488e-08 -1.74177e-05 -4.84205e-07 -1.5115e-09 0.000119538 3.03814e-05 7.20258e-05 1.07458e-05 -9.30423e-05 -4.15969e-05 4.63036e-05 2.71253e-09 -3.45969e-06 7.64111e-05 4.47533e-07 0.000108388 -1.66933e-06 -1.67566e-05 
-4.78107e-05 -1.59143e-06 -0.00337442 0.00285243 3.22419e-05 -4.296e-05 -5.21124e-06 -6.57736e-07 0.00573462 0.00100776 1.01909e-05 -0.000626561 -0.00113866 0.00290456 -1.6322e-05 1.92652e-06 0.000122266 0.00225659 -0.000177975 -0.000274591 -0.00275811 0.000314037 0.00119465 0.00337736 0.00336301 0.000246713 -1.1638e-05 -1.73954e-05 -2.58439e-06 6.2292e-07 0.00238224 -2.7206e-07 -4.98463e-06 6.78805e-05 -2.40671e-06 -0.00284791 -0.000325266 -7.42452e-06 2.93406e-05 -0.000705988 -0.00285182 -0.000446987 -1.45965e-06 -3.08317e-06 0.00323825 -5.22217e-06 -0.0031514 -0.00205249 -0.0032431 -1.64329e-05 0.000472018 -1.2383e-05 -0.0021416 7.53143e-05 1.02599e-05 -1.07114e-05 -0.00255606 9.86071e-05 1.29174e-05 0.00229482 1.07065e-05 -4.53412e-07 -3.27881e-05 -3.75146e-05 5.24227e-07 1.24877e-05 -7.35238e-05 0.00108741 -2.77867e-06 -3.39902e-06 2.69116e-05 -0.00222281 -0.000526666 -0.00230343 -0.00326908 9.98583e-05 -0.000955342 0.0030668 -7.73446e-05 -1.27278e-07 -0.00335497 -0.000732379 2.07548e-08 -0.000738305 0.000427283 -6.22548e-08 -7.03432e-05 -3.62436e-06 7.57925e-06 0.000154345 -0.00224745 0.0034122 0.00427412 -4.84105e-05 -0.000141046 4.36154e-06 0.00106262 -1.70753e-05 -6.85788e-05 6.31331e-05 
-0.00230261 0.00182937 -0.201648 0.188645 -0.00036047 -0.00255085 0.000366021 -3.64456e-05 0.00100776 0.224708 0.000178843 -0.0378925 -0.0679096 0.204979 -0.000880221 0.000485897 -0.000123844 0.203585 -0.0109556 -0.0201116 -0.16384 0.0898983 0.0008854 0.201713 0.202339 0.00349086 0.000522096 -0.00104439 0.000142639 -4.1597e-07 0.143972 -7.13027e-05 -0.000302449 0.0121705 0.000153307 -0.210872 -0.0190593 -8.43185e-05 -0.000242456 0.145046 -0.0770443 -0.0878386 -0.000297899 -0.000179987 0.195138 -0.000283993 -0.190039 -0.121193 -0.207542 -0.000179654 0.00459769 -0.00101314 -0.1279 -1.00806e-05 6.99357e-06 -0.00282255 -0.151221 8.71652e-05 0.00784614 0.139295 -9.21716e-05 -4.52125e-05 -0.00426659 0.000930774 -2.31815e-05 0.000736288 -0.00437933 0.140503 1.26148e-05 -0.00011072 0.0120538 -0.209708 0.17291 -0.136192 -0.194819 0.000116998 -0.0566164 0.203127 -0.00384148 9.06934e-06 -0.199187 -0.0435057 0.000220917 -0.0425835 0.0020211 -3.68016e-06 -0.00359307 -0.000208082 -0.000816237 0.0107211 -0.189328 0.203623 0.019375 -0.00275758 -0.00847727 0.000203968 0.00163858 -0.00118392 -0.00406429 0.0723597 
-1.96912e-06 -7.21698e-07 -0.000180659 0.00014991 5.77975e-06 -9.30536e-07 1.7118e-08 8.88583e-06 1.01909e-05 0.000178843 0.000315281 -3.19254e-05 -5.94182e-05 0.000162539 2.18304e-05 2.373e-06 1.00162e-07 0.000184807 -1.00116e-05 3.83296e-06 -0.00013015 0.000182465 3.11905e-06 0.000158544 0.000160814 2.93199e-06 -4.63767e-07 -1.10735e-06 8.40369e-07 -7.51656e-10 1.46078e-05 -6.73673e-08 -2.75517e-07 2.08037e-05 5.251e-07 -0.000189771 -1.78596e-05 9.65741e-07 -3.18379e-07 0.000179902 -0.000229082 -0.000141726 2.51413e-05 -1.48583e-07 0.000151829 -2.02208e-07 -0.0001708 -0.000110278 -0.000194304 7.56187e-06 2.40781e-05 -9.77454e-07 -0.000130972 -2.15747e-07 5.96387e-06 -2.52261e-06 -0.000135048 2.00149e-05 -3.69219e-06 2.4959e-05 -9.58766e-08 -4.19245e-08 1.3022e-05 -1.56962e-06 -3.39323e-07 1.84321e-06 -3.82334e-06 0.000153731 -1.81642e-07 -1.98065e-07 2.15004e-05 -0.000190694 0.000160211 -0.000123893 -0.000174662 -8.40124e-08 -5.17915e-05 0.000156228 -1.64218e-06 -6.95939e-09 -0.000178634 -4.00515e-05 1.78305e-06 -4.05185e-05 2.5362e-06 7.99293e-08 1.78243e-05 -1.99451e-07 9.67181e-07 -5.59929e-06 -0.000204206 0.000160818 2.98252e-05 -2.70388e-06 -7.87404e-06 3.61773e-06 5.79635e-06 1.18494e-05 -3.75945e-06 7.09982e-06 
0.0055461 -0.000660804 0.0443682 -0.0414161 -0.000871258 0.00407351 -0.000109838 -1.50255e-05 -0.000626561 -0.0378925 -3.19254e-05 0.100642 0.0536621 -0.0441361 -0.000330383 -5.59571e-05 -4.69036e-05 -0.0401507 0.00378323 0.000736153 -0.0280606 -0.0162494 -0.000229675 -0.0442776 -0.0445363 -0.000772432 5.63384e-06 0.000490691 7.62356e-05 4.72751e-07 -0.0578032 0.000100289 0.000120993 -0.0025321 -3.41114e-05 0.041089 0.0487339 0.00137996 -0.000111041 -0.0266321 0.0188105 0.00931242 -0.000137256 -4.24402e-05 -0.0447498 -4.76827e-05 0.0382221 0.0444365 0.0404235 -0.000195696 -0.0013073 0.00267363 0.0373049 0.000414848 -0.000624504 0.00154986 -0.0238527 -0.000268679 -0.000708425 -0.0324914 -2.42671e-05 0.000100331 -0.000507824 -0.000546555 0.000449153 -1.12443e-05 0.000799538 -0.0256169 0.000440879 0.00053054 -0.00261917 0.0412819 -0.0349917 -0.0335969 0.0430644 -3.25828e-05 -0.0159259 -0.0444683 -0.000996931 -6.91916e-07 0.0394485 -0.0109147 -2.86454e-05 0.0446791 -0.00038474 -1.22538e-06 -0.00129079 -5.65918e-05 0.00115807 -0.00239298 0.0372374 -0.0449318 -0.00504433 0.00713335 0.0117643 0.000696398 -0.000885637 -0.000119104 0.00852651 -0.0178685 
0.000766045 -0.00121957 0.0808237 -0.0745313 -0.00159377 0.000773998 -0.000181415 -2.78091e-05 -0.00113866 -0.0679096 -5.94182e-05 0.0536621 0.159547 -0.0784086 -0.000564216 -0.000131112 -0.000120245 -0.0704628 0.00818414 0.0134811 0.00739394 -0.0285286 -0.000565283 -0.0800387 -0.079936 -0.00142416 -7.72765e-05 0.000534368 -0.00041823 -4.74869e-07 -0.0743945 9.23131e-05 0.000333939 -0.00479285 -6.60095e-05 0.073654 0.026346 0.000512986 -0.000150987 -0.0488159 0.0307594 0.0258785 -0.000430497 -9.11449e-05 -0.0847346 -0.000133935 0.083265 0.0225692 0.07274 0.000371486 -0.00230339 0.0019718 0.0330729 -0.000129865 -0.0010646 0.00392172 0.032723 -0.000450014 -0.00268849 -0.0578817 0.000126139 2.81269e-05 0.0010677 -0.00105027 -0.000181605 -0.000289053 0.0082606 -0.0455802 -1.1975e-05 0.00020844 -0.00458627 0.0730898 -0.0611404 0.0185219 0.0734613 -5.72878e-05 -0.00231793 -0.0784252 -0.00241454 -3.32336e-06 0.0754048 0.00396492 -6.56516e-05 0.0167023 -0.00068879 -1.97386e-06 -0.00206126 -6.67424e-05 0.000919063 -0.00446037 0.0665511 -0.079626 -0.00883307 0.00312473 0.0120221 3.06798e-06 -0.00155395 -0.000742921 0.0053621 -0.0325725 
-0.00325469 0.00361989 -0.232744 0.218449 -8.14791e-05 -0.00300957 0.000543897 -4.07021e-05 0.00290456 0.204979 0.000162539 -0.0441361 -0.0784086 0.238713 -0.00105342 0.000394683 0.000148309 0.214219 -0.012649 -0.0232964 -0.18781 0.0867615 0.00132396 0.232778 0.233408 0.00437901 0.000664656 -0.00119687 0.000120238 6.14872e-07 0.166124 -8.12131e-05 -0.000324474 0.0131043 0.000139552 -0.221697 -0.0222643 -0.000473222 -0.000277724 0.14801 -0.0769707 -0.0740788 -0.000556011 -0.000208907 0.225182 -0.000352655 -0.219346 -0.140198 -0.217819 -0.000749946 0.00671374 -0.001207 -0.145995 -0.000114323 0.000649153 -0.00267162 -0.174458 3.9906e-05 0.00642825 0.17034 -7.36276e-05 -5.22038e-05 -0.00489192 0.00252019 -0.000135563 0.000681858 -0.00494368 0.137873 -0.000192118 -0.000230339 0.012408 -0.219641 0.184367 -0.157224 -0.224902 0.000173572 -0.0653761 0.230563 -0.00477845 7.2377e-06 -0.229948 -0.050072 0.000174085 -0.0498159 0.00207976 -4.14331e-06 -0.00425773 -0.000225626 -0.000815994 0.0127857 -0.19907 0.235028 0.0246944 -0.00337321 -0.00972681 -0.000152881 0.00466147 -0.000606788 -0.00469368 0.09441 
-2.48686e-05 -1.5912e-05 -0.000932878 -0.000569484 0.00245756 3.92063e-05 1.7008e-05 0.000115288 -1.6322e-05 -0.000880221 2.18304e-05 -0.000330383 -0.000564216 -0.00105342 0.00290741 0.000157509 0.000147963 -0.000447265 6.30718e-05 0.00127185 0.00135585 -0.000407686 -9.32403e-06 -0.00114488 0.000431223 -2.04917e-05 -1.39912e-05 -9.51825e-06 0.000128656 5.97171e-08 0.000226667 9.61714e-06 0.000140841 0.00204454 5.92536e-05 2.5871e-06 -0.000162971 3.68441e-05 2.04064e-05 -0.000635938 -0.00239823 -0.00139008 0.00181246 1.91329e-07 -0.0012176 0.000178 -0.00153264 -0.00103248 -0.000883303 0.000899726 0.000278015 -5.99058e-06 -0.0011871 1.88526e-06 0.00124349 0.0006615 -0.00017509 0.00135576 -3.73633e-05 -0.000838049 4.06887e-07 -3.87622e-07 0.00164364 0.00035421 0.000160016 -5.16484e-07 7.8634e-05 -0.00041269 -1.64274e-06 -1.53125e-06 0.00156462 -0.00178441 -0.000614024 -0.000370221 -0.00150317 -3.15059e-07 -5.88469e-05 -0.00113985 4.61281e-05 9.12322e-07 -0.000750739 -9.20631e-05 2.09179e-05 -0.000377994 -1.54211e-06 8.71861e-07 0.00205817 0.000332616 0.000682794 -1.71978e-05 -0.0018937 -0.00110374 0.00164691 -2.1076e-05 -3.93243e-05 0.000267235 3.84994e-05 0.00159221 -3.41121e-05 -0.000418273 
-4.57289e-06 -4.75982e-06 -0.000450016 0.000335026 0.000148155 -7.5578e-06 2.9293e-06 -1.70363e-07 1.92652e-06 0.000485897 2.373e-06 -5.59571e-05 -0.000131112 0.000394683 0.000157509 0.00121505 1.51434e-05 0.000411375 1.78659e-05 -8.38535e-06 -0.000379317 0.000582748 -1.85795e-07 0.00039728 0.000462385 3.08686e-05 -6.21438e-06 1.58189e-06 6.94137e-07 -2.8994e-09 -0.000238236 3.37681e-06 4.60087e-07 9.27535e-05 1.42077e-05 -0.000491417 -6.4356e-05 1.16225e-05 6.20523e-06 0.000313416 -0.00072659 -0.000378245 4.25053e-05 5.33305e-06 0.000338533 4.24857e-06 -0.000506902 -0.000424104 -0.000482832 -6.27784e-07 4.90528e-05 -3.00371e-06 -0.000476117 2.25112e-06 0.000164471 0.000106348 -0.000333918 5.86834e-05 3.00788e-05 1.11758e-05 -3.69829e-07 -1.61717e-07 -8.21361e-06 5.77951e-06 5.89211e-05 -1.44962e-06 9.99151e-06 0.000382832 -1.67323e-07 -3.04005e-07 8.50813e-05 -0.000595029 0.000424662 -0.000266639 -0.000525643 3.10022e-06 -8.33887e-05 0.000345916 -8.45501e-06 2.76489e-07 -0.0004116 -0.000111695 5.46341e-05 -0.000129605 -9.92965e-07 -1.31304e-08 9.03571e-05 6.4074e-05 9.75823e-05 2.88694e-05 -0.00062269 0.000396707 7.29866e-05 -7.92315e-06 -2.71229e-05 6.65874e-06 -9.33028e-06 -1.64737e-06 -1.41815e-05 -4.54208e-05 
-4.2708e-06 6.01486e-08 -0.000243375 0.000301832 0.000257166 -3.81352e-06 7.83876e-06 -1.12417e-07 0.000122266 -0.000123844 1.00162e-07 -4.69036e-05 -0.000120245 0.000148309 0.000147963 1.51434e-05 0.000802106 0.000129002 1.04305e-06 -4.86517e-06 -9.52506e-05 -9.79686e-05 5.14041e-05 0.000106956 0.000164762 5.49999e-05 -4.11607e-06 8.48808e-06 1.65477e-05 4.24753e-07 -5.17247e-05 6.84853e-06 2.94114e-06 -1.18678e-05 9.13118e-06 -6.20507e-05 -3.77543e-05 2.58256e-06 2.76628e-06 -0.000179209 -0.000272709 -8.41126e-05 2.83055e-05 2.3909e-06 9.83765e-05 1.61565e-05 -0.000289276 -0.000212989 -6.57779e-05 -2.2018e-06 1.25429e-06 -1.36796e-06 -0.000294051 7.21752e-06 0.000245591 -3.22176e-06 -6.86492e-05 8.53066e-07 -8.12509e-06 0.000166983 2.66263e-06 -1.06712e-07 2.34328e-05 4.45507e-05 5.30631e-06 -1.26449e-06 1.10429e-05 -2.69578e-05 4.57659e-07 5.72524e-07 -1.85295e-05 -0.000381342 0.000195893 -2.30017e-05 -0.000223111 3.42524e-07 -8.64248e-05 -0.000144651 4.83158e-06 1.35229e-06 -0.000138161 -5.31154e-05 -2.42215e-07 -9.35413e-05 1.39577e-05 2.08134e-06 -8.14023e-06 3.18757e-05 0.000209195 -7.36466e-06 -0.000368467 0.0001207 4.01408e-05 -1.07231e-06 4.01579e-05 8.58791e-06 5.18477e-05 2.51762e-05 3.87587e-07 0.000202986 
-0.00301642 0.00314548 -0.209738 0.194423 0.000531716 -0.00270161 0.000579096 -1.8149e-05 0.00225659 0.203585 0.000184807 -0.0401507 -0.0704628 0.214219 -0.000447265 0.000411375 0.000129002 0.229109 -0.0113795 -0.0205255 -0.169193 0.0913182 0.000864542 0.209311 0.210149 0.00441996 0.000285976 -0.00113898 -0.00064379 5.52813e-07 0.14892 -7.30959e-05 -0.000275373 0.0144827 9.69171e-05 -0.216707 -0.0201273 -0.000499106 -0.000262367 0.151081 -0.0822032 -0.0829657 6.85047e-05 -0.000185606 0.20254 -0.000316245 -0.197692 -0.126544 -0.212429 -0.000889425 0.0061915 -0.00109133 -0.136438 -0.000124351 0.000952142 -0.00253727 -0.157066 0.000207215 0.00659852 0.152851 -6.29553e-05 -4.72529e-05 -0.00404853 0.000945742 -0.000132695 0.000541824 -0.00452412 0.13469 -0.000202704 -0.000206188 0.0137427 -0.218987 0.184032 -0.141772 -0.202623 0.000182029 -0.0589363 0.20746 -0.00427367 7.79278e-06 -0.207151 -0.0452641 0.000183465 -0.0449444 0.00219608 -3.63996e-06 -0.0033416 -0.000204583 -0.00080411 0.0129719 -0.210064 0.212083 0.0247377 -0.00304482 -0.00886644 -0.000261471 0.00499572 -0.000727011 -0.00423579 0.084888 
0.00065131 -0.000188333 0.0128959 -0.0120193 -0.000125852 0.000999681 -2.64515e-05 -4.50029e-06 -0.000177975 -0.0109556 -1.00116e-05 0.00378323 0.00818414 -0.012649 6.30718e-05 1.78659e-05 1.04305e-06 -0.0113795 0.031103 0.000231499 0.00680652 -0.0046003 -0.000107101 -0.0127704 -0.0127504 -0.000233758 -0.000164471 0.000474433 4.42072e-05 -7.65901e-08 -0.00829321 4.93123e-05 0.000174112 -0.000797073 -1.04246e-05 0.0117981 0.000142104 -4.84687e-05 -2.0298e-05 -0.00793436 0.00314437 -0.00812649 -1.93079e-05 -3.14116e-06 -0.0135512 -2.71853e-05 0.0135884 -0.00623361 0.011557 -4.46052e-05 -0.000374983 6.19754e-05 0.0158046 -1.55403e-05 -5.78959e-05 -0.000125334 0.00983375 -3.12353e-05 -0.000418267 -0.00942012 -1.21937e-06 -6.91908e-07 -0.000135212 -0.000152288 7.77546e-05 -4.61303e-05 0.00152876 -0.00734815 -1.69951e-05 -2.01752e-05 -0.000717006 0.0118318 -0.0098855 0.00944314 0.013578 -9.23977e-06 -0.00365311 -0.0128138 -0.000328057 -3.35795e-07 0.013082 -0.00161415 -1.06907e-05 0.000320348 -0.000111113 4.31485e-08 -0.000153749 6.35236e-05 -2.2576e-05 -0.000723664 0.0105838 -0.0128524 -0.00134505 -0.000257546 -0.0001097 -5.52215e-05 -0.000246154 3.47295e-05 -0.000321786 -0.00528605 
0.000349045 -0.000351947 0.0191443 -0.0184661 0.00110537 0.0010775 -5.49703e-05 3.73806e-05 -0.000274591 -0.0201116 3.83296e-06 0.000736153 0.0134811 -0.0232964 0.00127185 -8.38535e-06 -4.86517e-06 -0.0205255 0.000231499 0.0569881 0.0209464 -0.00844261 -0.000151589 -0.0224388 -0.0205534 -0.000443403 0.0011833 0.000968689 0.000878788 -1.44594e-07 0.0137367 8.67041e-05 0.000224426 -0.000162273 4.13159e-05 0.0213206 -0.00242768 -0.000103775 -5.46724e-05 -0.0135422 0.00236034 -0.0190582 0.00120367 0.000268797 -0.0244475 -4.44787e-05 0.0221252 -0.0164907 0.0198027 0.00173187 -0.000583957 -0.000102997 0.00976902 -1.6666e-05 -0.000179387 0.00272535 -0.0130657 0.000884501 -0.000776633 -0.0167714 0.00010634 -3.68157e-06 0.0110755 0.00128087 3.19088e-05 0.000116938 -0.000267613 -0.0138121 -3.2902e-05 -3.46979e-05 -0.000257803 0.0187006 -0.0181931 -0.00995737 0.0112114 -1.6637e-05 -0.00953499 -0.020836 -0.000263045 5.01243e-07 0.0195022 0.0332939 -2.00863e-05 0.0203013 -0.000203879 -4.31485e-07 0.00045218 2.81156e-05 0.000757093 -0.00131389 0.018263 -0.0227041 -0.00132462 -0.000162835 -0.000129956 -6.52903e-05 -0.000456827 0.00222992 -0.000650331 -0.00884146 
-0.00192665 -0.00300242 0.189105 -0.178255 0.00164156 -0.000506613 -0.000293341 5.32477e-05 -0.00275811 -0.16384 -0.00013015 -0.0280606 0.00739394 -0.18781 0.00135585 -0.000379317 -9.52506e-05 -0.169193 0.00680652 0.0209464 0.249722 -0.0688802 -0.00168618 -0.190151 -0.190594 -0.00346122 -0.000698227 0.000520895 0.000119702 -1.06527e-06 -0.107301 -2.11927e-05 0.000234903 -0.0103321 -0.000118351 0.176401 -0.0208756 -0.000903284 0.000295579 -0.117213 0.0562175 0.0495727 0.000608815 0.00026805 -0.178865 0.000345372 0.175319 0.0908183 0.173045 -0.000116097 -0.00542539 -0.00142442 0.115256 -0.000299467 0.000156875 -0.0014745 0.185533 8.81525e-05 -0.00607454 -0.139605 6.04025e-05 -5.07741e-05 0.00597539 -0.0020414 -0.00024919 -0.000555211 0.00470741 -0.109907 -0.00025754 -0.000296805 -0.00975933 0.173668 -0.145317 0.171219 0.181906 -0.000137739 0.0748761 -0.188877 0.00528168 -6.33884e-06 0.19244 0.0621981 -0.000162856 0.0186654 -0.00165866 5.38325e-06 0.00558453 0.000284312 -0.00025916 -0.0105964 0.15708 -0.190881 -0.0197448 -0.00239981 -0.0047426 -0.000571769 -0.00360397 0.000904296 -0.00380952 -0.0790266 
-0.00118621 1.1589e-06 -0.0846666 0.0877979 3.89558e-05 -0.00109735 0.00046372 -6.57387e-06 0.000314037 0.0898983 0.000182465 -0.0162494 -0.0285286 0.0867615 -0.000407686 0.000582748 -9.79686e-05 0.0913182 -0.0046003 -0.00844261 -0.0688802 0.122745 0.000419266 0.0848208 0.0848852 0.00478068 -0.000468751 -0.000483557 -0.000236601 2.25201e-07 0.0577575 -2.90239e-05 -0.000129989 -0.00317045 0.000207467 -0.0900131 -0.00811135 -0.000147269 -9.54249e-05 0.0810885 -0.0784714 -0.0643414 -6.52654e-05 -7.44282e-05 0.081977 -0.000129584 -0.0798205 -0.0509881 -0.0894943 -0.000169696 0.000328127 -0.000442306 -0.0598642 -9.37908e-05 -0.000431516 -0.00127198 -0.0634775 -0.000298554 0.00871399 0.048269 -2.93653e-05 -1.90457e-05 -0.00175422 0.00010846 -2.87325e-05 0.000545153 -0.00183905 0.04643 -8.01306e-05 -7.69346e-05 -0.00285977 -0.088821 0.094251 -0.0571609 -0.0817941 7.27458e-05 -0.0237572 0.0854174 -0.00146316 1.04151e-05 -0.0836804 -0.0183142 0.000240423 -0.0184708 2.94151e-05 -1.46639e-06 -0.00167744 -7.75574e-05 -0.000244094 0.00787176 -0.0930344 0.0858648 -0.000698642 -0.00122755 -0.00357366 -0.000144521 0.000438 -0.000553787 -0.0017078 0.0349421 
-2.82987e-05 0.000121982 -0.00185461 0.00163274 -2.74072e-05 -2.61669e-05 -1.79374e-06 -4.91821e-07 0.00119465 0.0008854 3.11905e-06 -0.000229675 -0.000565283 0.00132396 -9.32403e-06 -1.85795e-07 5.14041e-05 0.000864542 -0.000107101 -0.000151589 -0.00168618 0.000419266 0.00349967 0.00188733 0.0018823 5.28571e-05 1.85223e-05 6.71543e-06 1.42328e-05 8.29638e-09 0.00108348 -3.40188e-07 -2.87082e-06 -2.37702e-05 1.47198e-05 -0.00146947 -0.000112492 -5.80207e-06 2.01113e-05 0.000410993 -0.00114753 0.000128908 -4.25709e-06 -1.82731e-06 0.00177575 -2.88639e-06 -0.00172063 -0.00111525 -0.00189702 -4.81696e-06 9.4503e-06 1.35286e-05 -0.00112351 1.78408e-05 2.26559e-05 -1.66571e-05 -0.00152002 2.78547e-05 0.000279441 -0.000717833 3.099e-06 2.16471e-07 -4.2622e-05 -1.99528e-05 -3.35293e-07 6.31454e-06 -4.20539e-05 0.00160553 -1.41606e-06 -1.18228e-06 6.15479e-05 -0.00125659 0.000600968 -0.00136575 -0.00180198 1.04022e-06 -0.000551737 0.0016948 -4.47852e-05 -2.74983e-08 -0.00195561 -0.000433727 2.24002e-08 -0.000432374 1.40735e-05 -3.79063e-08 -4.29399e-05 -2.14771e-06 1.01545e-05 -6.68432e-05 -0.000923957 0.0018917 0.00094077 3.26834e-05 -5.28936e-05 9.6609e-06 0.000133006 -8.56338e-06 -4.11678e-05 -5.25815e-06 
-0.00272037 0.00363519 -0.236303 0.221682 -0.000603445 -0.00279393 0.000339033 -4.25637e-05 0.00337736 0.201713 0.000158544 -0.0442776 -0.0800387 0.232778 -0.00114488 0.00039728 0.000106956 0.209311 -0.0127704 -0.0224388 -0.190151 0.0848208 0.00188733 0.241414 0.236624 0.0042833 0.000583808 -0.00125081 0.000116308 5.82509e-07 0.171156 -8.29169e-05 -0.000341515 0.0128644 0.00014012 -0.217756 -0.0228473 -0.00041556 -0.000270576 0.144341 -0.0745176 -0.0738876 -0.000518606 -0.000213315 0.229825 -0.000365759 -0.221367 -0.144694 -0.213918 -0.000319388 0.00660947 -0.00124349 -0.144729 -0.000113545 0.000390566 -0.00220634 -0.180451 5.22266e-05 0.00707287 0.172741 -7.57457e-05 -5.22022e-05 -0.00492701 0.00241804 -0.000193022 0.000666952 -0.00520869 0.135226 -0.000218489 -0.00023857 0.0121486 -0.214942 0.180505 -0.162659 -0.229604 0.000168601 -0.067618 0.234508 -0.00494776 6.93806e-06 -0.232884 -0.0487544 0.000174653 -0.0464483 0.00203996 -4.31654e-06 -0.0045029 -0.00023214 -0.000915619 0.0130919 -0.194233 0.236538 0.0245581 -0.00344195 -0.00998076 -0.000167929 0.00456193 -0.000388815 -0.0048335 0.0972337 
-0.00279319 0.00364331 -0.238659 0.223758 0.000974356 -0.00292028 0.000514364 -3.36955e-05 0.00336301 0.202339 0.000160814 -0.0445363 -0.079936 0.233408 0.000431223 0.000462385 0.000164762 0.210149 -0.0127504 -0.0205534 -0.190594 0.0848852 0.0018823 0.236624 0.240933 0.0042418 0.000698104 -0.0012257 0.000676189 5.88606e-07 0.170099 -7.23739e-05 -0.000235731 0.0142438 0.000188318 -0.219141 -0.02255 -0.000232219 -0.000268384 0.145687 -0.0763145 -0.0731447 0.000955238 -0.000213238 0.227999 -0.000328176 -0.224406 -0.143927 -0.216571 0.000603358 0.0068844 -0.00123829 -0.148222 4.76449e-05 0.000768818 -0.00148831 -0.179312 0.00122932 0.00713077 0.172841 -7.5108e-05 -5.22488e-05 -0.00297811 0.00335485 1.61664e-05 0.000745348 -0.00516374 0.135967 -0.000133629 -0.000239614 0.0132838 -0.217581 0.181076 -0.161475 -0.231018 0.000161966 -0.0671867 0.234874 -0.00480706 4.96117e-06 -0.236016 -0.0512618 0.000178364 -0.0504912 0.00204008 -4.28893e-06 -0.00351672 -0.000152262 -0.000841853 0.0131326 -0.196518 0.237309 0.0258607 -0.00339778 -0.00999694 5.91627e-05 0.00415612 0.00137061 -0.00481594 0.0978112 
-5.97203e-05 -2.21329e-05 -0.0042779 0.00441028 -5.4255e-05 -5.49255e-05 4.39527e-05 -5.75947e-07 0.000246713 0.00349086 2.93199e-06 -0.000772432 -0.00142416 0.00437901 -2.04917e-05 3.08686e-05 5.49999e-05 0.00441996 -0.000233758 -0.000443403 -0.00346122 0.00478068 5.28571e-05 0.0042833 0.0042418 0.00729588 4.35603e-05 -1.60701e-05 -1.37705e-05 5.24827e-08 0.000673231 -1.25666e-06 -6.75367e-06 -0.000130498 7.07664e-05 -0.00454903 -0.000400463 -1.3916e-05 -5.28313e-06 0.00303871 -0.00522569 -0.00349558 -1.53261e-05 -3.92882e-06 0.00413651 -6.6545e-06 -0.0040337 -0.00259719 -0.00458476 -2.26174e-05 2.90889e-05 -2.23595e-05 -0.00262372 1.6782e-05 3.9231e-05 -6.50928e-05 -0.00325014 -9.18075e-06 -4.8347e-05 0.00179858 -1.59106e-06 -9.77047e-07 -9.27571e-05 -5.74278e-05 -2.46788e-06 -1.11476e-05 -8.36762e-05 0.00305919 -4.13982e-06 -2.09589e-06 -0.000169842 -0.0045205 0.0047343 -0.00292867 -0.00416469 -1.36994e-06 -0.00121958 0.00371901 -7.32945e-05 -9.55212e-08 -0.00422768 -0.000894744 1.14876e-05 -0.000880257 -6.60651e-06 6.70043e-10 -9.02815e-05 -3.70151e-06 0.000105562 0.00172124 -0.00468695 0.00433323 -0.000223101 -3.39671e-05 -0.000178737 -1.07653e-05 8.76264e-06 -2.58649e-05 -8.24136e-05 0.00137228 
1.81507e-05 -2.97023e-05 -0.0011101 0.00131681 3.4724e-06 -3.91009e-05 2.22067e-06 -7.1805e-07 -1.1638e-05 0.000522096 -4.63767e-07 5.63384e-06 -7.72765e-05 0.000664656 -1.39912e-05 -6.21438e-06 -4.11607e-06 0.000285976 -0.000164471 0.0011833 -0.000698227 -0.000468751 1.85223e-05 0.000583808 0.000698104 4.35603e-05 0.00510118 3.77999e-05 0.000387113 -1.22205e-08 0.0015354 6.23807e-06 2.49288e-05 -0.000133105 1.47536e-07 -0.000705048 -0.000276475 -9.7901e-06 1.0071e-06 0.00185628 0.000136095 -0.0021087 7.57214e-06 5.77916e-06 0.00049651 -2.54901e-06 -0.000877557 -0.00156807 -0.000942537 4.99959e-05 -5.21812e-05 -1.45082e-05 -0.000901354 -2.74298e-07 -2.51645e-05 7.01185e-05 -0.00188631 -1.14696e-05 -6.54288e-05 -0.000485405 1.79446e-05 3.24506e-06 0.000433889 0.00117171 4.26606e-07 3.22465e-05 2.05905e-05 0.000871191 -2.85981e-06 -3.15015e-06 -0.00011728 -0.00122935 -0.000249425 -0.0015921 -0.00111895 -1.47427e-06 -0.000832318 0.000573123 -3.77998e-05 -5.31461e-08 -0.00146521 0.000901371 -6.88741e-07 0.000156588 -7.53216e-06 -5.53425e-08 -5.16295e-05 1.47066e-06 -1.12426e-05 0.000222839 -0.000257988 0.000561436 -0.000103094 -2.36666e-05 0.00023072 -8.87052e-06 -2.85799e-05 0.00039278 -5.30713e-05 -0.000766954 
-1.61215e-05 -2.04663e-05 0.00118608 -0.00110844 -1.05436e-05 1.39296e-05 -2.50625e-06 -4.91704e-07 -1.73954e-05 -0.00104439 -1.10735e-06 0.000490691 0.000534368 -0.00119687 -9.51825e-06 1.58189e-06 8.48808e-06 -0.00113898 0.000474433 0.000968689 0.000520895 -0.000483557 6.71543e-06 -0.00125081 -0.0012257 -1.60701e-05 3.77999e-05 0.00349884 1.05802e-06 -8.36828e-09 -0.00090396 2.34067e-05 1.288e-05 -3.69278e-05 1.21901e-05 0.00111906 -1.48082e-05 5.1293e-07 7.19878e-06 -0.000811139 0.000567854 -6.77308e-05 -7.12498e-06 2.90431e-05 -0.00125526 -1.43896e-06 0.00131603 -0.000959084 0.00107117 0.000442686 -3.68999e-05 -9.06879e-06 -0.000326661 -2.40194e-06 -1.81094e-05 0.000310844 -0.000172509 -7.17328e-06 -4.71871e-05 -0.000903447 1.83559e-05 2.38325e-06 5.02655e-05 3.92408e-06 -1.93106e-06 -5.50413e-06 8.52103e-05 -0.000633298 -1.20224e-06 -1.80842e-06 -7.18325e-05 0.00101463 -0.00105886 -0.000208077 0.000285102 -1.00954e-06 0.000255085 -0.00101554 -4.56639e-05 -4.41464e-08 0.000912452 0.000886504 -1.19065e-06 0.000714335 -1.21403e-05 7.54361e-08 -3.70629e-05 -8.38419e-08 0.000117447 -7.52342e-05 0.00111599 -0.00120345 -0.000143752 0.000147744 -3.13127e-05 3.05568e-06 -2.4351e-05 -1.32834e-05 1.85389e-05 -0.000576996 
-1.55651e-05 -1.40128e-05 -0.0011434 0.00117534 0.000304387 0.000138588 -1.36984e-07 -3.09181e-07 -2.58439e-06 0.000142639 8.40369e-07 7.62356e-05 -0.00041823 0.000120238 0.000128656 6.94137e-07 1.65477e-05 -0.00064379 4.42072e-05 0.000878788 0.000119702 -0.000236601 1.42328e-05 0.000116308 0.000676189 -1.37705e-05 0.000387113 1.05802e-06 0.00220293 -5.26194e-09 0.000593951 5.4884e-06 7.99846e-05 6.9822e-05 2.2023e-06 -0.00012585 -0.000121802 1.01656e-06 -7.21362e-08 0.0009386 -0.000183639 -0.000534334 9.50554e-05 4.65057e-08 4.11645e-05 5.98441e-06 -0.00108543 -0.00073178 -0.00051398 8.95492e-05 1.74414e-05 -5.2193e-06 -0.000234717 4.17967e-06 4.14696e-05 4.10803e-05 -0.000845078 3.4477e-05 -2.08173e-05 -0.000622237 1.02549e-06 2.87318e-06 0.000904585 0.000897848 0.000103228 0.000300249 7.83614e-05 0.000337089 1.31175e-06 5.8012e-07 -4.73043e-05 -0.00089587 -0.000622484 -0.000705995 -0.00110005 -6.34796e-07 -0.000352661 0.000297374 -2.22039e-05 5.79477e-08 -0.00111368 -1.54993e-05 -5.35341e-07 -0.000237782 -7.50042e-06 6.9617e-07 -1.7192e-05 2.80404e-05 1.08865e-05 -3.6235e-05 0.00037086 0.000100038 0.000142646 -1.50618e-05 6.24447e-05 1.53049e-06 -1.628e-05 0.000830435 -2.63045e-05 -0.000331736 
-2.04981e-08 -1.53788e-08 -1.15286e-06 4.99852e-07 1.83608e-07 -1.8418e-08 -2.33927e-09 -3.33762e-10 6.2292e-07 -4.1597e-07 -7.51656e-10 4.72751e-07 -4.74869e-07 6.14872e-07 5.97171e-08 -2.8994e-09 4.24753e-07 5.52813e-07 -7.65901e-08 -1.44594e-07 -1.06527e-06 2.25201e-07 8.29638e-09 5.82509e-07 5.88606e-07 5.24827e-08 -1.22205e-08 -8.36828e-09 -5.26194e-09 2.38333e-06 9.95624e-08 -5.09096e-10 -2.23323e-09 2.49656e-07 -1.09501e-09 -5.9467e-07 6.08292e-07 5.41924e-07 -2.406e-09 -5.06122e-07 -1.53592e-06 -4.71933e-07 -6.01064e-09 -1.27399e-09 1.08193e-06 -2.15784e-09 -1.14549e-06 -6.31949e-07 -1.22556e-06 -8.02154e-09 -2.79252e-08 -7.38664e-09 -6.65867e-07 5.45036e-07 2.90163e-07 -2.25397e-08 -9.70617e-07 2.87652e-07 8.97287e-07 8.54251e-07 -7.24541e-10 -3.16824e-10 -3.06413e-08 -1.94942e-08 -2.56427e-09 -3.75423e-09 -3.06312e-08 -5.4556e-07 5.45294e-07 -1.49678e-09 -5.5617e-08 -1.11035e-06 8.69192e-08 -8.65316e-07 -1.07861e-06 -6.85264e-10 -3.75747e-07 -8.78556e-08 5.14508e-07 -5.25922e-11 -5.62892e-07 -3.04988e-07 -8.08196e-10 4.32776e-07 -8.24066e-09 -2.57241e-11 -2.93142e-08 -1.50725e-09 7.43631e-07 -5.3851e-08 -1.21654e-06 5.99645e-07 7.7409e-07 5.39567e-07 -5.95043e-08 5.42543e-07 5.47407e-08 -9.27457e-09 -2.84102e-08 1.69913e-07 
-0.00282551 0.00256436 -0.17157 0.158802 0.00165702 -0.00260784 0.000290827 -1.22738e-05 0.00238224 0.143972 1.46078e-05 -0.0578032 -0.0743945 0.166124 0.000226667 -0.000238236 -5.17247e-05 0.14892 -0.00829321 0.0137367 -0.107301 0.0577575 0.00108348 0.171156 0.170099 0.000673231 0.0015354 -0.00090396 0.000593951 9.95624e-08 0.24723 -8.27157e-05 -0.000491846 0.0107379 6.15878e-06 -0.15562 -0.0310889 -0.000778635 -8.387e-05 0.100459 -0.0638117 -0.137867 0.00072134 0.000151703 0.17951 -0.000492322 -0.154965 -0.184925 -0.153243 0.0011805 0.00451044 -0.00169491 -0.0766135 -0.000255181 0.00130487 -0.000514162 -0.153997 0.000899307 0.0053545 0.124302 6.64549e-05 -6.05631e-05 0.00474379 0.00266025 -0.000388468 0.000627067 -0.00483825 0.0954368 -0.000314179 -0.000332493 0.0100731 -0.156203 0.126805 -0.145632 -0.173469 0.000124396 -0.090212 0.169143 -0.00611877 5.06194e-06 -0.166286 0.0514376 3.51676e-05 -0.00349172 0.00140426 2.49527e-06 0.00360378 -0.000204278 -0.00145936 0.00891474 -0.138219 0.169042 0.0194105 -0.00468743 -0.0131224 -0.000359505 0.0034492 0.00130618 -0.00655249 0.0682301 
2.06362e-05 -8.31659e-07 6.82107e-05 -6.18568e-05 -2.77921e-07 4.21262e-06 1.6701e-07 -2.99135e-08 -2.7206e-07 -7.13027e-05 -6.73673e-08 0.000100289 9.23131e-05 -8.12131e-05 9.61714e-06 3.37681e-06 6.84853e-06 -7.30959e-05 4.93123e-05 8.67041e-05 -2.11927e-05 -2.90239e-05 -3.40188e-07 -8.29169e-05 -7.23739e-05 -1.25666e-06 6.23807e-06 2.34067e-05 5.4884e-06 -5.09096e-10 -8.27157e-05 0.000213561 3.33985e-06 -4.68379e-06 8.78519e-06 7.51758e-05 3.71536e-05 -4.15068e-07 -2.02305e-07 -3.10467e-05 2.19278e-05 -2.2583e-05 8.5413e-06 9.32485e-07 -8.85944e-05 7.99367e-08 7.6107e-05 -5.17906e-05 6.19189e-05 1.27311e-05 -2.16947e-06 9.44638e-07 -1.93348e-05 -1.46125e-07 4.56961e-06 9.32131e-08 -7.97559e-05 -5.09197e-07 -2.7586e-06 -5.99487e-05 -3.16038e-08 -2.83954e-08 1.62771e-05 3.42616e-06 2.76351e-06 -1.29807e-07 6.5134e-07 -4.77392e-05 7.86974e-07 -1.34149e-07 -4.92801e-06 3.13833e-05 -6.05333e-05 -3.15883e-05 3.73256e-05 -6.14169e-08 -3.49522e-05 -8.29305e-05 -1.24893e-06 -4.71359e-09 6.91018e-05 1.82054e-05 -5.76807e-09 4.86862e-05 -7.38571e-07 -2.30553e-09 -1.71729e-06 1.22482e-05 8.66249e-06 -4.8264e-06 5.9019e-05 -8.25812e-05 -9.49224e-06 1.5172e-05 -5.11641e-06 2.57127e-07 -1.6297e-06 9.60543e-06 3.74706e-06 -2.68737e-05 
-6.6356e-06 -4.46291e-06 0.000115943 -0.000184146 0.000130365 1.45755e-05 2.29031e-06 7.36254e-05 -4.98463e-06 -0.000302449 -2.75517e-07 0.000120993 0.000333939 -0.000324474 0.000140841 4.60087e-07 2.94114e-06 -0.000275373 0.000174112 0.000224426 0.000234903 -0.000129989 -2.87082e-06 -0.000341515 -0.000235731 -6.75367e-06 2.49288e-05 1.288e-05 7.99846e-05 -2.23323e-09 -0.000491846 3.33985e-06 0.000936142 2.22781e-05 1.06949e-06 0.000214465 -3.26155e-05 3.23987e-05 1.6174e-06 -0.000106054 -5.32669e-05 -1.31803e-05 6.65002e-05 -4.74208e-07 -0.000350432 7.87216e-05 9.74682e-05 -0.000263951 0.000111479 2.10296e-06 -5.0456e-06 -2.1841e-06 -0.000170428 8.54566e-06 -4.31321e-07 -6.21158e-06 0.000198647 3.22897e-05 -6.37473e-06 -0.000240351 1.42181e-06 -1.24561e-07 0.000127387 7.38991e-05 1.91852e-05 5.84067e-06 -9.56949e-06 -0.00020537 6.40366e-06 -1.98467e-07 -1.64611e-06 9.09122e-05 -0.000145256 2.35731e-05 0.000140022 -2.69415e-07 -4.83374e-07 -0.000335955 7.77132e-05 -2.06769e-08 0.000227254 -0.000112101 -3.17747e-07 -8.07806e-05 -3.10653e-06 -1.01136e-08 8.31283e-05 4.71241e-05 0.000128759 -1.89151e-05 9.72316e-05 -0.000332191 5.60755e-07 1.07932e-05 -1.97244e-05 9.2799e-05 1.65354e-06 0.000206374 -4.06295e-07 -0.000127352 
