0.000609704 -8.81195e-08 9.74822e-07 -3.74446e-05 0.000297102 1.52572e-07 3.79449e-06 0.000122443 0.000265813 0.000237519 4.68887e-06 1.41512e-05 -8.78307e-06 1.05616e-05 9.05266e-06 -0.00028864 2.81696e-05 0.000126383 -0.000120303 -4.02329e-05 -0.000268968 2.39768e-05 -8.70452e-05 -4.27164e-05 -5.97936e-08 0.000148994 -0.000253744 0.000118852 -0.000371265 1.54954e-05 5.68066e-08 -1.2629e-05 -2.11209e-06 -2.82211e-06 1.55548e-05 -2.44116e-05 0.000159137 -0.000531368 9.5114e-06 0.000322582 5.95565e-05 -1.05763e-05 3.53061e-05 -0.000158899 -1.42633e-08 -0.000308191 1.76002e-05 -2.80026e-06 -4.98894e-06 4.77408e-07 2.40472e-05 -0.000129322 1.70597e-05 0.000132252 2.37134e-06 -0.000358493 2.76495e-07 1.41742e-05 -0.000432628 0.000188402 -2.62609e-06 1.46522e-05 3.53243e-05 -0.000455542 -6.83534e-05 7.03715e-05 -0.00014636 -2.21694e-06 2.63259e-06 -8.9556e-07 -0.000281986 -3.06312e-06 -2.76168e-06 0.000163375 0.000166653 -1.0607e-07 0.000149402 0.0003003 -2.53288e-06 2.02423e-05 4.63778e-05 -7.64187e-06 4.77469e-05 -6.42322e-05 -0.000249595 -2.60747e-07 4.79293e-05 -2.73855e-05 -7.31061e-05 3.71768e-05 1.56158e-06 6.13313e-07 0.000224709 -2.25061e-07 -0.000115233 0.000292895 3.08112e-06 0.000298258 3.78722e-05 5.30241e-06 
-8.81195e-08 0.000144419 1.99397e-07 -1.61898e-05 -3.1687e-05 9.02757e-06 4.18089e-06 -1.27146e-06 -3.44753e-06 -7.07605e-06 2.3526e-07 2.13448e-05 -2.31252e-06 -5.32921e-08 -8.93385e-08 1.06504e-05 -3.44042e-06 -2.65992e-06 -3.39917e-05 -4.64008e-06 -4.233e-06 -5.53455e-06 -1.5492e-05 -7.5457e-06 3.48584e-06 -1.86457e-05 2.85081e-05 3.4158e-06 -1.09012e-05 -5.25308e-08 -1.01772e-07 -2.74748e-06 1.27752e-05 -1.27158e-07 3.36075e-06 -3.74591e-06 -4.57913e-08 -6.07376e-06 -7.93115e-07 -6.04432e-06 1.37249e-05 2.89933e-06 -3.13402e-06 -4.33767e-05 3.65834e-07 9.40701e-06 -2.39088e-07 -2.6912e-07 -1.72506e-06 3.51631e-07 9.33779e-08 2.99894e-05 1.37975e-07 -5.89891e-07 -5.01919e-08 -1.55795e-06 8.65833e-07 -9.41846e-07 1.62051e-07 5.97379e-05 -3.55613e-06 -2.22487e-08 -2.10868e-08 2.59232e-05 -1.56303e-05 6.08069e-06 2.29437e-05 3.69697e-06 -5.69975e-08 4.13031e-08 6.68925e-06 1.39331e-05 -7.98341e-07 -6.86819e-06 8.19973e-07 -3.14263e-08 -1.49337e-06 -1.18568e-06 -3.16852e-07 2.35559e-07 -6.77284e-07 -1.80927e-06 -1.4329e-07 -2.20772e-05 -8.52561e-05 1.80345e-07 -9.547e-07 -6.26753e-06 -1.65111e-05 -1.82615e-06 -2.0146e-08 -6.31829e-09 -3.17157e-06 -5.32849e-08 -2.42267e-05 -9.65217e-06 -1.60464e-06 -2.78569e-06 -1.52586e-07 8.20895e-06 
9.74822e-07 1.99397e-07 0.000188758 -2.81615e-05 -6.56722e-05 -1.03388e-07 8.1773e-07 2.60396e-05 -1.03226e-05 -9.79351e-06 -3.24249e-07 -5.07539e-05 -7.966e-06 -6.96566e-08 1.86562e-07 1.4068e-05 -1.12108e-05 -3.89933e-06 -2.7962e-05 -9.82098e-06 -2.75671e-05 6.31659e-05 -8.78401e-06 4.36409e-06 7.48297e-08 2.50146e-06 1.32394e-06 -1.24005e-05 -8.52331e-06 1.86052e-06 1.98364e-06 6.20397e-06 -6.62392e-07 -9.94016e-07 1.24837e-05 -1.22277e-05 -5.98525e-08 -5.86275e-05 -1.07813e-06 -6.96265e-06 -3.68584e-05 -3.01625e-06 2.79362e-06 -4.3288e-05 -5.44543e-09 -9.64242e-06 3.11083e-06 -8.78944e-07 3.48253e-05 2.40376e-06 -9.71531e-07 -8.30559e-05 1.63651e-05 4.22564e-06 -6.56044e-08 -2.64575e-05 -1.00794e-07 3.28039e-06 -9.09098e-05 -4.42995e-05 4.64476e-05 -1.29289e-07 -2.75619e-08 -3.26846e-05 -2.18243e-05 7.06251e-06 9.37847e-05 1.04102e-05 7.88336e-08 1.39953e-06 -4.90438e-06 9.71348e-05 8.58987e-06 2.724e-05 8.88463e-07 -4.10764e-08 -1.24075e-06 2.64455e-06 -2.56505e-07 -1.88749e-08 1.44894e-05 1.88652e-05 -4.94105e-07 2.09422e-05 -3.86403e-06 7.8188e-06 -1.00833e-06 -3.12608e-06 -2.36846e-05 -1.35682e-08 7.107e-06 -8.25845e-09 1.60083e-06 -6.96471e-08 -0.000109726 8.15329e-06 0.00013758 2.88547e-06 -1.99441e-07 -3.14234e-07 
-3.74446e-05 -1.61898e-05 -2.81615e-05 0.22685 -0.0563387 -0.000305821 -0.0010962 -0.00805256 -0.0303275 -0.031231 0.000143731 -0.074018 -0.00220957 -0.000232135 -0.000361599 -0.0123402 -0.0383717 -0.00549655 -0.0704255 -0.0210553 -0.00237404 -0.0239496 -0.0516715 0.00772677 -3.94439e-05 -0.0214272 -0.0248263 -0.0385543 0.0155969 -0.00684021 -0.000221008 -0.013629 -0.000419725 -0.00303382 -0.0115475 -0.0427809 -3.89215e-06 0.0180123 -0.00372887 0.00442725 0.0707464 -0.0105204 -0.0136124 0.0313338 -2.19684e-06 0.0545236 -0.00101148 0.000457798 -0.00150179 -0.000116769 -0.00285191 0.0250738 -0.000520587 -0.00151698 -0.000226481 -0.0539134 -0.00168335 -0.00685772 0.065073 0.0581778 -0.00348814 -0.000432342 -9.21907e-05 0.0739584 -0.0431203 -0.00320216 0.0362664 -0.00155545 -0.000216108 -0.000478198 0.0473139 0.00235533 -0.00368485 -0.00894461 -0.000928614 -0.000118504 -0.00411547 0.00255131 -0.0015274 -6.04031e-05 -0.00236827 -0.00725062 -0.00328769 -0.0460905 0.0661007 -0.000173559 -0.00448657 -0.000436364 0.0328938 -0.00636886 3.66034e-06 -2.02905e-05 0.0012656 6.18077e-05 0.0125606 -0.0160646 -0.00374927 2.16896e-05 -0.000625944 0.000717 
0.000297102 -3.1687e-05 -6.56722e-05 -0.0563387 0.233495 0.000265634 0.00102591 0.00669482 0.0311127 0.0315305 -0.000541358 0.104096 0.0248017 0.000111725 0.00032765 -0.127798 0.0303115 0.00471227 -0.00874774 0.0292679 -0.0247453 0.000794909 -0.0263327 -0.00430057 -2.01169e-05 -0.00302508 -0.100005 0.0253861 -0.024685 0.0049414 -0.000138496 0.00101648 -0.000431478 0.00223137 0.00343923 0.0304938 0.000109939 -0.028861 -0.00118713 0.0032397 0.00623949 0.00961066 0.00966386 -0.015207 -3.58946e-06 -0.0423336 0.000907354 -0.00140338 -0.00170268 -0.000221631 0.00271862 0.075113 0.000879135 0.00194371 0.00021317 -0.0398045 0.00138187 0.00656752 -0.0630754 0.0722577 -0.00433393 2.6593e-05 4.18738e-05 -0.0229307 0.00482202 0.0125867 -0.0745825 0.00182434 0.000228024 -0.000467561 -0.0350675 -0.00462004 0.00314283 0.0150786 0.00369786 6.72619e-05 0.00662617 0.0185288 -0.00160053 3.52091e-05 -0.000122748 -0.00292863 0.00153892 -0.0211442 -0.0647314 -0.000210475 0.0043931 -0.0167476 -0.0413222 0.00174943 -3.61363e-05 1.70814e-05 0.0139293 -0.000131813 -0.00681752 0.0176589 -0.00269379 0.0078287 0.000441927 3.28514e-05 
1.52572e-07 9.02757e-06 -1.03388e-07 -0.000305821 0.000265634 0.000547327 5.1022e-06 -1.3124e-06 5.12042e-05 -1.7081e-05 -4.6054e-07 0.000256853 0.000283429 -3.53838e-08 -3.38716e-07 -0.00014075 7.53034e-05 5.72027e-05 -8.09126e-05 8.43217e-05 -0.000205361 4.48716e-05 3.00729e-05 1.7864e-05 3.68633e-06 0.000117439 -0.00015971 6.55633e-05 -0.000298007 6.56976e-06 -3.85858e-07 4.79681e-05 8.36123e-06 2.09434e-05 5.89431e-06 2.7187e-05 -1.30279e-07 -0.000221347 -3.43669e-06 -3.2437e-06 1.43661e-05 1.25364e-05 -6.88908e-07 0.000127393 3.54205e-07 -0.000114383 2.43353e-06 -1.92952e-06 -4.52562e-06 4.83449e-07 1.53819e-05 9.93992e-05 -2.25937e-06 -1.5965e-06 1.87797e-05 -0.000231107 -1.43372e-06 2.22931e-05 -0.00022814 8.1093e-05 9.73182e-06 -1.28359e-07 1.53339e-06 -8.2421e-05 -3.49716e-06 0.000189763 -0.000123727 4.24912e-05 -1.46099e-07 -8.03887e-07 -0.000112276 -8.62157e-06 2.85889e-06 -3.47079e-06 3.12704e-05 -1.19149e-07 2.24495e-06 -1.85374e-05 -3.71766e-07 3.81917e-07 1.77802e-05 -6.29628e-06 1.45091e-05 -5.39723e-05 -0.000306976 1.12332e-06 2.66309e-05 -2.4692e-05 -6.98492e-05 1.92197e-05 -9.71448e-09 9.28604e-06 9.89347e-05 -2.02023e-07 -0.00010581 4.51889e-05 -2.04515e-06 6.09722e-06 3.16482e-06 -2.29591e-07 
3.79449e-06 4.18089e-06 8.1773e-07 -0.0010962 0.00102591 5.1022e-06 0.00172168 -4.03585e-05 0.00135269 0.00119647 -1.2754e-06 0.000327705 -6.03293e-05 9.14034e-06 -1.00673e-06 -0.000827963 0.00133305 0.000572346 -0.000385752 -0.000109163 -0.00117234 -5.25213e-06 -0.000285712 1.99791e-05 9.93097e-06 -7.19805e-05 0.000403629 0.000121203 -0.00138483 0.00103872 1.50781e-05 -2.95248e-05 7.85297e-05 -8.03716e-06 0.000432108 0.000787121 7.2399e-06 -0.00149275 1.56867e-05 0.000101409 -0.000367302 -5.11858e-06 -1.60211e-05 -0.00064243 7.03359e-06 -0.00145721 -1.63145e-06 -7.87929e-06 0.000157234 -1.52177e-06 0.000222378 -0.000477643 0.00116023 -2.36014e-06 3.02274e-05 4.67978e-05 9.51831e-07 0.00119853 -8.72946e-05 -0.000571694 2.57059e-06 7.14892e-06 2.96488e-06 -0.00124404 0.00112598 0.000488771 -0.00040201 1.76261e-05 7.68861e-05 -1.4617e-06 -0.0013314 -2.52932e-05 3.13135e-05 -6.14012e-05 -2.6929e-06 -3.51906e-07 -1.64693e-05 9.07401e-05 -7.43674e-06 -1.72425e-07 -7.72657e-06 -1.77032e-05 0.000675347 -6.34722e-05 -0.00129324 -1.59528e-06 0.000142075 -7.92664e-05 -0.000235992 -2.03914e-05 -2.17216e-07 3.45578e-08 1.87548e-05 -6.22904e-07 -0.00120146 8.308e-05 -1.70306e-06 -1.68504e-05 0.000476741 -3.39797e-06 
0.000122443 -1.27146e-06 2.60396e-05 -0.00805256 0.00669482 -1.3124e-06 -4.03585e-05 0.024378 -0.000345924 0.00253712 0.000260354 -0.00217599 -0.000811332 -5.85081e-07 0.000503522 -0.00763145 -0.00110181 -0.000429784 0.00335889 -0.000776518 0.0014147 0.0025231 -0.0030164 -0.000417478 -7.93893e-07 -0.00272982 -0.00753972 0.00595149 0.000607767 -0.000240977 1.12028e-05 0.00495794 -6.78424e-05 0.000242323 0.00203686 0.000232179 8.92367e-05 -0.000925801 -0.000107537 -0.00106626 -0.0052234 0.000409046 0.0101202 -0.00156695 -3.71174e-07 -0.00510412 8.28562e-05 5.01823e-05 0.000314075 1.59704e-05 7.92403e-05 0.00355897 -0.000111823 3.97208e-05 -3.4251e-06 -0.00323916 -8.0134e-05 -0.000188469 -0.0156785 -9.90906e-05 0.00166508 9.0404e-05 5.84665e-05 -0.00143896 -0.00241861 0.0018858 0.00215052 0.000295676 6.99017e-06 3.49034e-05 -0.00488604 0.00107756 -6.3504e-05 0.0133865 0.00449729 -5.44002e-06 0.00209205 0.00998541 0.000314734 4.02703e-05 0.00252644 0.000409475 0.00124101 -0.00334546 -0.0166824 -3.13545e-05 0.000303867 -0.000127518 -0.00334862 0.0001694 1.19193e-05 1.48961e-06 -0.000136167 -6.8605e-06 -0.0135304 -0.00149899 0.00385556 -0.000449967 5.77167e-05 -2.94864e-05 
0.000265813 -3.44753e-06 -1.03226e-05 -0.0303275 0.0311127 5.12042e-05 0.00135269 -0.000345924 0.0516873 0.0346291 -7.60933e-05 0.0246556 -0.00227147 0.000209963 3.76781e-05 -0.023785 0.0385547 0.0103024 0.000158703 -0.00322129 -0.00566887 0.00066168 -0.00616234 -0.00106641 9.10779e-06 -0.00706115 0.00558697 0.0215452 -0.0233952 0.00637275 -2.8212e-05 1.20524e-05 0.000592643 0.00111207 0.00106227 0.0293469 0.000126463 -0.00347469 -0.000167301 0.00250498 -0.0118238 0.0103647 0.000434131 -0.0209951 6.4296e-06 -0.0455014 0.000831241 -0.0002514 0.00148643 -3.7349e-05 0.000675539 0.0169646 0.00205404 0.00183004 -6.16318e-06 0.0104411 -0.000178968 0.00678816 0.00816959 -0.0170059 -0.00099992 8.59519e-07 0.000104064 -0.0371751 0.0308607 0.00176476 -0.0136214 -0.000134537 6.14406e-05 -7.44627e-05 -0.0413351 -0.000103618 0.0029754 -0.00160935 0.000276125 0.00015036 0.00294061 0.000309425 -0.00024158 1.06936e-05 -0.000201389 -0.000550267 0.00269649 -0.00835016 -0.0370298 0.000266514 0.000488858 -0.00259071 -0.0053549 -0.000104989 -7.56615e-06 1.44249e-05 -0.00118252 -3.57733e-06 -0.00822643 -0.00311826 -0.000834022 0.000139982 0.000775923 -0.000118753 
0.000237519 -7.07605e-06 -9.79351e-06 -0.031231 0.0315305 -1.7081e-05 0.00119647 0.00253712 0.0346291 0.0491833 -1.84264e-05 0.0117667 -0.00229693 0.000206637 0.000453792 -0.0184113 0.0311187 0.00752871 0.0088981 -0.00268042 -0.00683834 0.00105896 -0.00720948 0.000988692 9.75914e-06 -0.00613403 0.00563663 0.0133401 -0.0184548 0.006643 -3.61972e-05 0.00242743 0.000206265 0.00200045 0.00488177 0.029341 0.000113591 -0.00640744 0.000538458 -0.000457007 -0.011592 0.00744961 0.00446973 -0.0200883 -5.2892e-08 -0.0427512 0.00125564 9.86518e-05 0.00156509 -1.49381e-05 0.000330928 0.00608125 0.00202461 0.00275358 8.16072e-06 0.00996571 -0.000148106 0.00768442 0.000753225 -0.0151173 0.00130955 0.000248232 2.82688e-06 -0.0347241 0.0260141 0.00259361 -0.0124703 -0.000106153 6.82766e-05 -6.91819e-05 -0.0414125 0.000249139 0.00391976 0.00405415 0.000226339 0.000106377 0.00620975 0.00501628 -0.000227294 5.07905e-05 -5.89441e-05 -0.000630284 0.00137322 -0.00712546 -0.039063 9.2798e-05 0.00246901 -0.00229107 -0.00701648 0.00224802 -6.78524e-06 1.42108e-05 -0.00018031 -1.76401e-05 -0.0121252 -0.00205921 -0.000411874 0.00215235 0.000679733 -9.46389e-05 
4.68887e-06 2.3526e-07 -3.24249e-07 0.000143731 -0.000541358 -4.6054e-07 -1.2754e-06 0.000260354 -7.60933e-05 -1.84264e-05 0.00171453 -0.000466937 -9.78432e-05 2.86323e-07 1.97771e-06 0.000427087 -9.98789e-05 0.000112967 -4.17199e-05 -9.43091e-05 8.85645e-05 -4.80295e-05 -7.1291e-05 2.97614e-05 -1.68331e-07 -0.000186115 0.000618742 -0.000125152 6.47751e-05 -1.40789e-05 -9.63472e-07 -2.22749e-05 -6.06162e-06 -8.93939e-06 3.87754e-05 -9.98658e-05 3.22551e-06 7.98158e-05 1.11284e-05 -8.03853e-05 -0.000372678 -2.92309e-05 0.000179118 -0.00054836 -4.95379e-08 0.000115164 -2.72624e-06 -1.97589e-06 6.9544e-05 -1.0779e-06 -3.71817e-06 -0.000805652 5.46289e-06 -3.15085e-06 -5.63481e-07 0.000250431 -2.78779e-06 -1.19237e-05 -0.000146904 -0.000587328 -4.05075e-05 1.37383e-06 -2.50735e-07 0.000372624 -0.000229993 -3.08029e-05 0.00109559 -2.44695e-06 -6.77736e-07 -1.68117e-06 8.17463e-05 2.73124e-05 -4.42471e-06 -1.40227e-05 -1.04585e-05 2.29881e-08 -1.50557e-05 3.09915e-05 4.89322e-05 -2.83749e-08 -5.4226e-06 8.32433e-05 -8.12965e-06 -5.21499e-05 4.35904e-06 -3.80375e-07 -1.1398e-05 -1.29615e-05 -0.000150163 5.19931e-06 -2.39549e-07 -7.51284e-08 -4.86249e-05 -4.16924e-07 -0.00055519 -0.00011362 -3.01941e-06 -3.35296e-05 -1.81435e-06 -4.19687e-06 
1.41512e-05 2.13448e-05 -5.07539e-05 -0.074018 0.104096 0.000256853 0.000327705 -0.00217599 0.0246556 0.0117667 -0.000466937 0.206713 0.0122251 -3.66184e-05 -0.000164223 -0.0706553 0.0241668 0.00410766 -0.00603171 0.0246135 0.00495784 0.00139954 -0.00527213 -0.00190244 -2.54702e-05 -0.00266638 -0.0505121 0.0334529 -0.0143202 0.000537227 -0.000203861 -0.00177021 0.00033811 0.000982634 -0.00188806 0.0229437 -9.47678e-07 -0.00686698 -0.00148226 -0.000247984 -0.0316508 0.00951846 0.00377094 -0.0623373 -5.79067e-06 -0.0211866 0.000439217 -0.000605912 -0.00251599 -0.000254929 0.00266193 0.0517272 -0.000351309 -0.000693979 0.000199041 0.0132681 0.0019092 0.00153472 -0.0358205 0.0360988 -0.00529975 -0.000169226 6.94356e-05 -0.00625279 0.00476389 -0.00424049 -0.0598444 0.000159101 8.93323e-05 2.77037e-05 -0.0166634 -0.00402364 -0.000143226 -0.00571128 7.6428e-05 1.03539e-05 -0.00176432 -0.00947499 -0.000790065 -1.1321e-05 0.000189836 -0.000527887 0.00149579 -0.01481 -0.0518038 -5.40599e-05 0.00303701 -0.0123089 -0.00861023 -0.00132451 -3.86928e-05 1.73194e-05 -0.00723768 -5.82171e-05 0.00622269 0.00177504 -0.00313265 -0.0056351 -0.000101661 -0.000424191 
-8.78307e-06 -2.31252e-06 -7.966e-06 -0.00220957 0.0248017 0.000283429 -6.03293e-05 -0.000811332 -0.00227147 -0.00229693 -9.78432e-05 0.0122251 0.055054 -1.28174e-05 -3.42599e-05 -0.0259719 -0.00321923 -0.000654698 -0.0100648 0.0114548 -0.0138043 -0.0025304 -0.00626065 -0.0011251 6.73572e-06 -0.00152437 -0.023429 -0.000965462 -0.00425266 -0.000468945 3.97652e-06 -0.00127008 -0.00020307 -0.00023582 -0.00109877 -0.00266448 -1.28809e-05 -0.00309876 -0.000365791 -0.00261643 0.00691742 -0.000989354 -0.000678135 0.0212556 6.27011e-06 0.00510437 -8.98225e-05 -0.000240603 -0.000399596 -4.19942e-05 -7.45494e-05 0.0178401 -0.000292449 -0.00021945 -9.77234e-06 -0.0275673 -5.44248e-05 -0.000468404 -0.0152756 0.0204979 -0.00175992 -3.93269e-05 -6.75982e-06 0.0119411 -0.00648415 0.00319941 -0.0121035 0.00334685 9.59593e-05 -8.46587e-05 0.00377644 -0.000769824 -0.000248029 0.00165547 -7.81787e-05 2.42115e-06 -0.00046315 -0.00185375 -0.000104692 -5.84595e-06 -0.000241894 -0.000618202 -0.000287912 -0.00898287 -0.00373772 -8.7463e-05 -0.000205183 -0.00258325 -0.00206006 -0.000684101 4.25437e-06 2.28859e-07 0.00341663 -1.18711e-05 -0.00112137 0.00215734 -0.000328436 7.17346e-06 -5.8141e-05 8.44161e-06 
1.05616e-05 -5.32921e-08 -6.96566e-08 -0.000232135 0.000111725 -3.53838e-08 9.14034e-06 -5.85081e-07 0.000209963 0.000206637 2.86323e-07 -3.66184e-05 -1.28174e-05 0.000368821 -2.28206e-07 -4.66547e-05 0.00024691 0.00014168 1.20659e-05 -1.77e-05 -0.000194566 -3.56543e-06 -2.97547e-05 -2.66171e-05 2.38051e-06 9.99477e-06 0.00017883 2.17201e-05 -0.000222611 9.62751e-05 -2.59967e-07 -4.50361e-06 2.03198e-05 -1.71593e-06 2.98429e-05 6.08471e-05 -1.16969e-07 -6.86311e-05 -1.99543e-06 -1.37238e-05 -7.98799e-05 -3.78289e-06 1.81712e-05 -0.000141233 -1.06419e-08 -0.000281398 -5.97392e-07 -5.41043e-07 8.49988e-05 -2.23811e-07 -1.54865e-06 -0.000163768 0.00017893 -1.32681e-06 -1.2821e-07 8.60065e-05 -1.13639e-06 0.000157215 -0.000152257 -0.000147262 -1.04237e-05 4.99733e-06 -4.05307e-08 -0.000268016 0.000187781 0.000166118 -8.6703e-05 1.02893e-07 -1.45594e-07 2.43839e-06 -0.000283326 -4.17077e-06 2.201e-05 -2.00459e-05 3.31773e-06 0.00011345 -2.73614e-07 -1.03904e-06 -4.77497e-07 5.31129e-08 -1.74708e-06 -4.46158e-06 7.00521e-05 3.82369e-05 -0.000177342 3.6819e-07 -2.54897e-06 1.23421e-05 -4.94506e-05 6.83986e-05 -5.14608e-08 -1.61394e-08 -9.80121e-06 7.05561e-08 -0.000159066 -5.85695e-06 -5.60743e-06 -5.06101e-06 3.35802e-05 -9.13762e-07 
9.05266e-06 -8.93385e-08 1.86562e-07 -0.000361599 0.00032765 -3.38716e-07 -1.00673e-06 0.000503522 3.76781e-05 0.000453792 1.97771e-06 -0.000164223 -3.42599e-05 -2.28206e-07 0.000618134 -0.000218744 -3.45674e-05 -2.73149e-06 0.0004037 -1.1252e-05 -5.73244e-05 1.7659e-05 -8.34328e-05 -4.79243e-05 5.16046e-07 -6.395e-05 -0.000130326 0.000418198 -1.332e-06 1.07683e-06 -3.6914e-07 0.000475697 -1.51587e-06 0.0002067 9.66162e-08 7.28618e-05 8.95058e-06 1.49789e-05 -2.8849e-06 -2.71574e-05 -0.000139204 -9.95258e-06 0.000529086 -0.000240518 -1.78401e-08 -0.00052281 7.27618e-06 -2.76289e-06 3.0752e-06 -5.17734e-07 -1.95622e-06 -0.000185887 -3.6922e-06 3.10399e-06 9.81736e-07 9.40744e-05 -1.83807e-06 -7.41176e-07 -0.000431855 -0.00023476 2.21552e-06 -1.03573e-07 5.97028e-08 -0.00042524 -7.75195e-05 -5.70734e-06 -0.000115327 3.90133e-06 1.9926e-07 -8.44616e-07 -0.000526443 -8.38631e-06 7.27247e-06 0.000123625 2.4594e-05 -1.34573e-07 0.000425296 0.000520755 8.59128e-07 2.3515e-06 8.23121e-06 1.97891e-05 4.35753e-06 -9.08133e-05 -0.000480618 -9.67694e-07 6.0733e-05 -2.90207e-05 -8.13117e-05 5.12347e-06 -8.62686e-08 -2.7056e-08 -5.92171e-06 -2.28175e-07 -0.000535657 -3.04077e-05 2.12647e-05 -3.51934e-06 -5.20068e-07 -7.84912e-08 
-0.00028864 1.06504e-05 1.4068e-05 -0.0123402 -0.127798 -0.00014075 -0.000827963 -0.00763145 -0.023785 -0.0184113 0.000427087 -0.0706553 -0.0259719 -4.66547e-05 -0.000218744 0.25 -0.0214612 -0.0081819 0.0235997 -0.0307468 0.0160509 0.010623 0.072205 0.000770677 9.36216e-06 0.000370632 0.110322 -0.0115768 0.021658 -0.00258257 0.000158124 0.00166502 0.000309753 -0.000979659 0.00423502 -0.0226031 -8.28768e-05 0.0170071 0.00232275 -0.00890945 -0.0966474 -0.00841898 -0.00837209 0.0134693 -1.21529e-05 0.0160533 -0.000684391 0.00176419 -0.00143064 -6.84289e-05 -0.00234055 -0.152145 -0.00263068 -0.00149605 -0.000167352 0.0796972 -0.00108399 -0.00397127 0.0280357 -0.124139 -0.00119708 0.000214327 -6.09054e-05 -0.0320411 0.0140866 -0.010951 0.0692179 -0.00169468 -0.000170751 -0.000362118 0.0167549 0.0050098 -0.00197684 -0.00938792 -0.00357188 -4.52166e-05 -0.00533451 -0.0159598 0.000785288 1.22845e-05 0.000167608 -0.00516311 -0.000921681 0.0415003 0.0453391 0.00026527 -0.00277814 0.0146227 0.0297974 0.00217689 8.42788e-06 -1.50304e-05 -0.0118996 -7.4773e-05 0.0115136 -0.0149594 0.00241174 -0.00575846 -0.00033518 -0.00115631 
2.81696e-05 -3.44042e-06 -1.12108e-05 -0.0383717 0.0303115 7.53034e-05 0.00133305 -0.00110181 0.0385547 0.0311187 -9.98789e-05 0.0241668 -0.00321923 0.00024691 -3.45674e-05 -0.0214612 0.0561198 0.00955735 0.00553644 -0.00148329 -0.00240579 0.00360516 -0.00688894 -0.00452178 5.49727e-06 -0.00708467 0.0114639 0.02041 -0.0221399 0.00336279 -3.06617e-05 0.0031194 0.000633266 0.000392667 0.00404779 0.0412397 -1.97067e-06 -0.000587104 -0.000234069 -0.000574753 -0.0131206 0.0127522 0.000592849 -0.0244071 6.26525e-06 -0.0459858 3.10702e-06 -0.00027183 -0.000334298 -5.74411e-05 0.000128655 0.0177401 0.00200996 -0.000191052 -1.99756e-05 0.0127752 -0.000185324 0.00357836 0.0131877 -0.0176017 -0.00172697 5.34255e-05 0.00011032 -0.0360428 0.0355281 -7.92544e-05 -0.0144506 -0.000195749 4.2739e-05 0.000319024 -0.0451552 -0.000931604 0.000126536 -0.00331816 0.000196932 0.000146382 8.86003e-05 -0.00213307 -0.000167292 8.59656e-06 -0.000272664 0.000749039 0.00273098 -0.00512725 -0.0450107 -3.78158e-05 -0.000340072 -0.00283984 -0.00811555 0.00438373 -8.3242e-06 -2.15734e-06 -0.00183144 -1.24603e-05 -0.0069823 -0.00393281 -0.000896326 -0.00124731 0.000844652 -0.000143242 
0.000126383 -2.65992e-06 -3.89933e-06 -0.00549655 0.00471227 5.72027e-05 0.000572346 -0.000429784 0.0103024 0.00752871 0.000112967 0.00410766 -0.000654698 0.00014168 -2.73149e-06 -0.0081819 0.00955735 0.0202274 0.00408559 0.000323043 -0.00232726 0.000176021 -0.00283095 0.00092978 8.54237e-06 -0.00256741 0.00823022 0.00179222 -0.0109925 0.00190161 -1.26028e-05 0.000593237 -6.27529e-05 6.84835e-07 5.49183e-05 0.00476509 8.53321e-05 -0.0010484 -0.000126969 0.000218995 -0.00456743 -0.000139246 -0.00034696 -0.00704797 1.38094e-06 -0.0113408 -2.42214e-05 6.19037e-05 0.00120694 3.66142e-05 -4.77987e-05 -0.000286021 0.00115988 0.00077208 5.98289e-06 0.00331371 -6.75394e-05 0.003696 0.00112215 -0.00511042 -6.60697e-05 7.40242e-06 1.01347e-05 -0.00766809 0.00602066 0.00102291 -0.00324504 6.57673e-05 -4.79693e-06 3.03944e-05 -0.0110805 -0.000316374 0.000630876 -0.00023785 0.000462968 9.05396e-05 0.00104546 2.02121e-05 -6.84556e-05 -1.43825e-06 2.68063e-05 0.000280687 8.33443e-05 -0.00280533 -0.00800347 4.57427e-06 -0.000135289 0.000922679 4.06832e-05 0.000723757 2.63259e-06 1.89665e-05 -2.12633e-05 4.28373e-05 -0.00557193 -0.00107944 -0.000199389 0.0006815 3.40212e-05 -3.39185e-05 
-0.000120303 -3.39917e-05 -2.7962e-05 -0.0704255 -0.00874774 -8.09126e-05 -0.000385752 0.00335889 0.000158703 0.0088981 -4.17199e-05 -0.00603171 -0.0100648 1.20659e-05 0.0004037 0.0235997 0.00553644 0.00408559 0.181917 0.0214282 0.00805137 -0.00466609 -0.0149461 -0.0199521 4.72485e-05 -0.0197442 0.0625793 0.00122811 0.0032992 -0.00262703 -0.000145124 0.00882841 -0.000501969 0.00208627 -0.000811672 0.0170802 -2.70357e-05 0.0127512 0.00358126 -0.00773809 -0.0504059 7.99055e-05 0.0119009 -0.0631254 -4.76232e-06 -0.0131143 -0.000211508 0.00236117 0.00298884 0.000429568 0.000191945 -0.0245196 -0.00131509 -0.000910563 -2.04528e-05 0.05747 -0.000631741 -0.00202879 -0.0118663 -0.0599585 -0.00199686 0.000439952 -3.27422e-05 0.0128846 -0.0198559 -0.0028474 -0.00242792 -0.000737923 -2.68538e-05 0.000120701 -0.010868 -0.00109081 -0.00105536 -0.00474607 -0.00101299 -3.50758e-05 0.00300018 0.00224922 0.00150822 2.45216e-05 -0.00110695 0.00837111 -0.00120153 0.00182001 -0.0187383 -0.000298568 0.000484309 0.0203819 -0.0191812 0.0089192 -3.31851e-05 -1.04578e-05 -0.00576378 -6.05255e-05 -0.00818231 -0.000625263 -0.00205484 -0.00492368 9.57803e-05 -0.000505706 
-4.02329e-05 -4.64008e-06 -9.82098e-06 -0.0210553 0.0292679 8.43217e-05 -0.000109163 -0.000776518 -0.00322129 -0.00268042 -9.43091e-05 0.0246135 0.0114548 -1.77e-05 -1.1252e-05 -0.0307468 -0.00148329 0.000323043 0.0214282 0.0628862 -0.0051066 -0.00192784 -0.0077867 -0.00193316 -1.92483e-07 -0.0078162 -0.0170097 0.00125566 0.000487398 -0.000705576 -4.15303e-05 0.0043027 -0.000262654 0.00095165 -0.0014349 0.00514198 -2.11815e-05 0.0029258 -0.000369762 -0.0031588 -0.010075 -0.000779487 0.00297045 -0.00745289 1.09833e-06 0.00158405 -9.16676e-05 -0.000306059 0.000938367 -3.66748e-05 -0.000263619 0.0287083 -0.000302326 -0.000252441 -2.08093e-05 0.00161862 -0.000152007 -0.000609969 -0.038019 0.0170251 -0.00176273 -3.86531e-05 -6.73461e-06 0.0129446 -0.00772638 -0.000205396 -0.0136951 0.000778695 1.75501e-05 -4.3152e-05 -0.000445461 -0.000831188 -0.000374828 -0.00263102 -0.000321072 -8.36838e-06 0.00157819 -0.0016842 -5.96397e-05 -4.02177e-06 -0.000236177 0.00507035 -0.000317589 -0.00925464 -0.00908897 -0.000107076 -0.00017069 -0.00243082 -0.0060159 0.00237985 -2.12539e-06 -2.94976e-06 -0.00155359 -1.359e-05 -0.00895317 -0.00446781 -0.000634642 -0.00141237 -4.41334e-06 -4.6283e-05 
-0.000268968 -4.233e-06 -2.75671e-05 -0.00237404 -0.0247453 -0.000205361 -0.00117234 0.0014147 -0.00566887 -0.00683834 8.85645e-05 0.00495784 -0.0138043 -0.000194566 -5.73244e-05 0.0160509 -0.00240579 -0.00232726 0.00805137 -0.0051066 0.0698102 -5.21677e-05 0.00296427 -0.0041813 -7.11324e-05 -0.0168834 0.0125361 0.000134363 0.0175922 -0.00642039 -0.000185074 0.000704217 -0.00146283 -0.00069851 0.000725199 0.000546633 -0.000118271 0.0277641 0.000257652 0.00189742 -0.00488705 0.000475146 0.00151297 -0.0234948 -2.12586e-05 0.00483092 -0.000902566 7.33043e-05 -0.00588368 -0.00035506 0.000117043 0.00942491 -0.00131865 -0.00262 -7.03294e-07 0.0188798 -0.000163129 -0.00559508 0.0368023 -0.0252695 0.0012835 4.0699e-05 -2.76593e-05 0.0113321 -0.00167627 -0.0182832 0.00362187 -0.00266862 -0.000233289 7.81948e-05 0.00536624 -0.000201927 -0.00358711 0.000510823 -4.28133e-05 -0.000156184 -0.00593863 -0.0165826 0.0002808 -2.38639e-05 0.000280242 0.000497617 -0.00069474 -0.00227111 -0.00247526 -4.9352e-05 -0.000725389 0.00217541 0.00106471 0.000552791 -4.83445e-05 -1.57935e-05 -0.0208887 2.21803e-05 0.00940277 -0.0191795 2.67389e-05 -0.011639 -0.000629235 -0.000324815 
2.39768e-05 -5.53455e-06 6.31659e-05 -0.0239496 0.000794909 4.48716e-05 -5.25213e-06 0.0025231 0.00066168 0.00105896 -4.80295e-05 0.00139954 -0.0025304 -3.56543e-06 1.7659e-05 0.010623 0.00360516 0.000176021 -0.00466609 -0.00192784 -5.21677e-05 0.0416799 0.00757461 0.00600302 -3.56451e-06 0.0083254 0.00441946 0.00774833 -0.000226932 0.00303017 0.000187451 0.0102817 -0.00017288 0.000608092 0.0113086 0.00096907 -9.45703e-07 -0.0166888 0.000320779 -0.00161556 -0.00967832 -0.000696734 -0.000421907 -0.0076327 -1.25696e-06 -0.0174729 0.00117216 -0.000162572 0.000121406 -2.69487e-05 0.000142766 -0.0186986 -0.000210261 0.00111767 2.28999e-05 -0.0014694 0.000296027 0.00331995 -0.0101622 -0.01691 0.00544984 -1.09771e-05 0.000123721 -0.0231598 0.00544715 0.000286517 -0.00211011 -0.000118127 3.32833e-05 0.000427372 -0.0147995 -0.000101309 0.00291317 0.00796706 0.000143135 -4.73163e-06 0.00216051 -0.000175772 -0.000105507 3.74898e-05 0.00342175 -0.000300947 0.00236699 0.0188345 -0.0101028 3.15119e-05 0.00210106 -0.00145916 -0.00570891 0.00109538 1.21984e-05 2.17837e-05 0.000788672 7.67009e-06 -0.00671193 0.0078238 0.00684936 0.00231261 0.000120293 -0.000107602 
-8.70452e-05 -1.5492e-05 -8.78401e-06 -0.0516715 -0.0263327 3.00729e-05 -0.000285712 -0.0030164 -0.00616234 -0.00720948 -7.1291e-05 -0.00527213 -0.00626065 -2.97547e-05 -8.34328e-05 0.072205 -0.00688894 -0.00283095 -0.0149461 -0.0077867 0.00296427 0.00757461 0.141574 -0.00629987 1.29845e-05 0.0373308 -0.00895185 0.00220454 0.00582653 0.000768427 0.000316401 -0.00107584 -0.000214487 0.000180295 -0.00236253 -0.0104385 -4.41126e-05 0.00139798 -0.00103114 -0.00550929 -0.0345134 -0.00281699 -0.00351671 0.0701994 -4.75745e-06 0.00925064 0.000137292 -0.000485236 -0.000955719 -7.72566e-05 -0.000747702 -0.0719152 -0.000897927 -0.000678786 -4.99938e-05 0.0375974 -4.57172e-05 -0.000522497 -0.035388 -0.0517164 -0.00325694 -0.000101092 -1.94933e-05 -0.0767126 0.0577521 -0.00195646 -0.0303419 -0.00053976 -3.85409e-05 9.39897e-05 0.00836616 -0.00261057 0.000450335 -0.00828207 -0.00150881 -3.13573e-05 -0.000896647 -0.0063949 0.000125683 -1.08446e-05 -0.000778005 -0.00202721 -0.000765675 0.0421769 0.0268344 -5.54778e-05 -0.000779184 -0.00791931 0.00122709 -0.00203554 1.6582e-05 -3.57117e-06 -0.00250671 -4.24462e-05 0.00615498 -0.000210141 -0.00212218 -0.00110101 -0.000154541 -0.000346709 
-4.27164e-05 -7.5457e-06 4.36409e-06 0.00772677 -0.00430057 1.7864e-05 1.99791e-05 -0.000417478 -0.00106641 0.000988692 2.97614e-05 -0.00190244 -0.0011251 -2.66171e-05 -4.79243e-05 0.000770677 -0.00452178 0.00092978 -0.0199521 -0.00193316 -0.0041813 0.00600302 -0.00629987 0.0807594 -1.11814e-06 0.0020325 -0.0274563 -0.00578995 -0.000364526 0.0053678 -4.41823e-05 -0.000541946 -0.000300395 0.000615539 0.00301755 -0.00519877 -9.68218e-06 -0.0132768 0.000135426 -0.00366822 -0.0100515 -0.00152172 -0.00178614 0.0249136 1.97485e-07 -0.00208579 0.00117089 -0.000344915 0.00204621 0.00010474 -0.000126921 -0.0181464 -9.01671e-05 0.00285899 6.43146e-06 -0.0343041 0.00105683 0.00514497 -0.0074195 -0.0136896 0.00103797 -3.78495e-05 -1.10197e-05 0.00433411 -0.00873039 0.00136549 0.0035366 9.59918e-05 -1.95028e-06 -0.00010503 -0.00174179 0.00372287 0.00411066 0.0072434 -0.000277852 -1.78228e-05 0.00351268 -0.00128897 -0.000146691 3.22943e-05 0.000596828 -0.000931871 -0.000311469 0.000304852 0.00564733 3.75993e-05 0.00153899 -0.00399994 0.0245987 -0.000977555 1.43141e-05 3.41372e-05 0.00197763 9.3054e-05 -0.0108398 0.00532639 0.00128315 0.00555827 -8.29424e-05 -0.000178723 
-5.97936e-08 3.48584e-06 7.48297e-08 -3.94439e-05 -2.01169e-05 3.68633e-06 9.93097e-06 -7.93893e-07 9.10779e-06 9.75914e-06 -1.68331e-07 -2.54702e-05 6.73572e-06 2.38051e-06 5.16046e-07 9.36216e-06 5.49727e-06 8.54237e-06 4.72485e-05 -1.92483e-07 -7.11324e-05 -3.56451e-06 1.29845e-05 -1.11814e-06 9.80004e-05 -1.19154e-05 1.38709e-05 -4.52121e-06 -2.59625e-05 1.42478e-05 5.50942e-07 -8.03588e-07 7.78767e-06 9.47301e-07 -9.70856e-07 -3.54716e-06 1.02262e-07 -1.55986e-05 4.17159e-06 -4.65363e-06 -1.91691e-05 -1.08576e-06 -5.66592e-07 -5.3791e-06 2.90506e-07 -8.02648e-06 1.27777e-06 1.64104e-05 3.42173e-05 2.74849e-05 -4.51026e-07 -4.87246e-05 7.58364e-06 6.97285e-08 4.89276e-07 2.00414e-05 -3.24009e-07 1.15794e-05 -4.93475e-05 -3.44737e-05 -2.38466e-06 4.16214e-07 -1.09751e-08 -7.28004e-07 5.52625e-06 3.79745e-05 1.40226e-05 1.77486e-06 -3.86757e-08 -1.43873e-07 -8.3862e-06 2.22584e-06 4.09888e-06 -1.79575e-06 -8.79873e-07 2.05342e-07 1.60592e-05 -5.6779e-07 6.40882e-06 -9.79871e-09 -4.64096e-07 -6.67681e-07 1.95802e-06 -4.94444e-06 -2.56e-05 9.5239e-08 -5.79717e-07 3.61666e-05 -1.25292e-05 -1.1058e-06 -1.36701e-08 -4.28728e-09 -2.86395e-06 -3.61565e-08 -4.57448e-05 -6.69341e-06 -1.3706e-06 -1.23205e-07 1.13129e-07 -2.12733e-07 
0.000148994 -1.86457e-05 2.50146e-06 -0.0214272 -0.00302508 0.000117439 -7.19805e-05 -0.00272982 -0.00706115 -0.00613403 -0.000186115 -0.00266638 -0.00152437 9.99477e-06 -6.395e-05 0.000370632 -0.00708467 -0.00256741 -0.0197442 -0.0078162 -0.0168834 0.0083254 0.0373308 0.0020325 -1.19154e-05 0.113382 -0.0399214 -0.0080139 -0.00618304 -0.000529162 3.11897e-05 -0.0013566 -0.000447595 -0.000599276 -0.00124773 -0.00855537 -4.08045e-05 -0.0326469 -0.000570198 0.00360666 0.0168717 -0.00215902 -0.00244641 0.0509675 1.07269e-06 0.0054149 -0.000206411 -0.00056207 -0.00147121 4.17773e-05 0.00109839 -0.0385008 0.000968637 -0.000221551 0.000247843 -0.0294778 0.0019539 -0.001332 -0.0533983 -0.0137844 -0.00173999 -8.4278e-05 -1.85811e-05 -0.0549261 0.0138146 0.0110184 -0.0196146 0.000801831 0.000112423 0.000381277 0.00897872 -0.00208757 -0.000606362 -0.00397967 -0.000784137 -2.12409e-05 -0.00117369 0.00829862 -0.000198287 -9.9818e-06 -0.000272112 -0.00145925 -0.000654064 0.0581268 0.0189966 -4.28248e-05 0.00124667 -0.00435824 -0.00689315 -0.0010871 3.66015e-05 -5.28e-06 0.0219054 4.0118e-05 0.00667176 0.0394558 -0.00166625 0.0115805 -0.000134172 0.000115039 
-0.000253744 2.85081e-05 1.32394e-06 -0.0248263 -0.100005 -0.00015971 0.000403629 -0.00753972 0.00558697 0.00563663 0.000618742 -0.0505121 -0.023429 0.00017883 -0.000130326 0.110322 0.0114639 0.00823022 0.0625793 -0.0170097 0.0125361 0.00441946 -0.00895185 -0.0274563 1.38709e-05 -0.0399214 0.245688 0.0132158 -0.00460014 -0.000476715 9.46682e-05 0.00799843 0.000424857 -0.00105532 0.00585012 0.00628222 -0.000101362 0.018346 0.00213682 -0.012967 -0.060597 -0.00600502 -0.00516082 -0.103594 3.02569e-06 -0.0135215 -0.00071799 0.000543546 -0.000512785 1.49283e-05 -0.00178676 -0.0723728 -6.69762e-05 -0.0012171 -0.000150655 0.0901148 -0.000973158 -0.000350476 0.0582626 -0.0720885 -0.00182846 0.000103793 2.06482e-05 0.00831462 -0.00493584 -0.00825918 0.072136 -0.00141919 -0.000139299 -0.000462613 -0.0170938 0.00203275 -0.00197479 -0.0143594 -0.0029353 0.000118657 -0.00252478 -0.0153336 0.000611028 -2.99433e-05 0.000380353 0.00396404 0.00188982 0.00691284 -0.0059573 8.02768e-05 -0.00291122 0.0230508 -0.0140934 0.00567163 -5.96395e-05 -1.45559e-05 -0.0131432 -3.59721e-05 -0.000474886 -0.0221529 0.0019206 -0.00878255 0.000246593 -0.00101732 
0.000118852 3.4158e-06 -1.24005e-05 -0.0385543 0.0253861 6.55633e-05 0.000121203 0.00595149 0.0215452 0.0133401 -0.000125152 0.0334529 -0.000965462 2.17201e-05 0.000418198 -0.0115768 0.02041 0.00179222 0.00122811 0.00125566 0.000134363 0.00774833 0.00220454 -0.00578995 -4.52121e-06 -0.0080139 0.0132158 0.0697546 -0.0139627 0.000304331 4.92035e-05 0.0114297 0.000390076 4.53317e-05 0.00630874 0.0163807 6.7768e-05 -0.00368612 -0.000382214 0.00146508 -0.00776798 0.00506356 0.00555971 -0.0270753 -2.89471e-07 -0.0303264 -6.4672e-05 -0.000334002 -0.000935039 -7.12879e-05 0.000331167 0.00903448 -0.000302553 -0.000137864 -2.06806e-05 0.00243841 -0.000199338 -0.000247639 -0.004406 -0.00744684 0.00273515 -4.97575e-05 0.000110199 -0.0314643 0.0101548 -0.00170126 -0.0146794 0.000188825 2.32013e-05 -9.08686e-05 -0.0291713 -0.00114625 -0.000438404 0.00216789 0.000629712 4.34381e-05 0.00193877 0.000562845 -0.000323091 5.37708e-06 0.00234841 0.000879534 0.00382325 -0.00493743 -0.0371113 -7.3829e-05 -7.70007e-05 -0.00310756 -0.0104017 4.81977e-05 -9.01974e-06 -1.36029e-06 -0.00218988 -1.04795e-05 -0.00558501 -0.00104765 0.00471055 -0.00135156 0.000128768 -0.000157586 
-0.000371265 -1.09012e-05 -8.52331e-06 0.0155969 -0.024685 -0.000298007 -0.00138483 0.000607767 -0.0233952 -0.0184548 6.47751e-05 -0.0143202 -0.00425266 -0.000222611 -1.332e-06 0.021658 -0.0221399 -0.0109925 0.0032992 0.000487398 0.0175922 -0.000226932 0.00582653 -0.000364526 -2.59625e-05 -0.00618304 -0.00460014 -0.0139627 0.0429477 -0.00443285 -2.13242e-05 -0.000628573 -0.000556902 -0.00102605 -0.000196302 -0.015841 -0.00013324 0.0141144 0.00020492 -0.00222996 -0.00347093 -0.00210846 0.000307418 0.00401373 -2.03463e-05 0.0233102 -0.000586369 0.000169471 -0.0015418 -0.000171525 -0.000474921 -0.00964839 -0.00207057 -0.00120598 -3.72832e-05 0.00603606 -0.000124155 -0.00537777 0.00518442 -0.00338165 0.00124359 6.91299e-06 -0.000107162 0.0205818 -0.0141418 -0.0112003 0.00842247 -0.0018125 -0.000164538 -1.96232e-05 0.0238374 0.000272735 -0.00184375 0.00220788 -0.000456924 -0.000144609 -0.00260689 -0.00250953 0.000138529 -1.37074e-05 3.19311e-05 0.000161187 -0.00261397 0.0060184 0.0201331 -8.03282e-05 -0.000743254 0.00184682 0.0045476 -0.0010007 -1.31774e-06 -1.73962e-05 -0.00717915 -2.31703e-05 0.00798206 -0.00768185 0.000152285 -0.00226711 -0.000734707 -0.000454104 
1.54954e-05 -5.25308e-08 1.86052e-06 -0.00684021 0.0049414 6.56976e-06 0.00103872 -0.000240977 0.00637275 0.006643 -1.40789e-05 0.000537227 -0.000468945 9.62751e-05 1.07683e-06 -0.00258257 0.00336279 0.00190161 -0.00262703 -0.000705576 -0.00642039 0.00303017 0.000768427 0.0053678 1.42478e-05 -0.000529162 -0.000476715 0.000304331 -0.00443285 0.0111522 1.32592e-05 5.65838e-05 7.19727e-05 0.000872943 0.00233898 0.00174924 -3.07921e-06 -0.00759478 4.80115e-05 8.80223e-06 -0.00250389 -0.000122636 -0.000210774 -0.00295421 7.10133e-06 -0.00867629 0.00102457 -5.22423e-05 0.00180704 4.40408e-06 1.10628e-05 -0.00323618 0.0012115 0.00225482 1.44471e-05 0.00109054 -3.61317e-05 0.00691999 -0.00415946 -0.00296799 0.00226197 -2.2277e-06 1.26367e-05 -0.00854576 0.00424444 0.00248161 -0.00270406 -3.01087e-05 1.21124e-05 -1.01742e-05 -0.0083929 0.000443465 0.00443559 0.00270223 -3.55929e-05 4.91826e-05 0.00310963 0.000149637 -5.00601e-05 2.96657e-05 0.000198653 -0.000136613 0.000586224 -0.000746869 -0.00590278 0.000100826 0.00143461 -0.000536703 -0.00151567 -9.18115e-05 6.70119e-07 2.36866e-05 0.000246301 -3.88105e-06 -0.0059897 0.00128637 0.000102887 0.00317489 0.000430481 -2.78347e-05 
5.68066e-08 -1.01772e-07 1.98364e-06 -0.000221008 -0.000138496 -3.85858e-07 1.50781e-05 1.12028e-05 -2.8212e-05 -3.61972e-05 -9.63472e-07 -0.000203861 3.97652e-06 -2.59967e-07 -3.6914e-07 0.000158124 -3.06617e-05 -1.26028e-05 -0.000145124 -4.15303e-05 -0.000185074 0.000187451 0.000316401 -4.41823e-05 5.50942e-07 3.11897e-05 9.46682e-05 4.92035e-05 -2.13242e-05 1.32592e-05 0.000704104 6.57236e-05 1.14729e-05 -3.36312e-06 0.000149739 2.73612e-05 4.0329e-07 -0.000241851 9.23154e-06 -1.13123e-05 -0.000125481 -1.21083e-05 -1.50482e-05 0.00014063 4.86301e-06 -0.000183148 -1.16631e-06 1.29674e-07 3.64211e-06 -2.74172e-07 4.15079e-06 -0.000282258 1.00148e-05 -4.24367e-09 3.12182e-06 4.31815e-06 -1.56599e-06 -3.35039e-06 3.27746e-05 -0.000248772 0.000195495 -4.05858e-07 1.70469e-07 -0.000427016 0.000280776 7.14848e-05 -7.4258e-05 1.05103e-06 2.05291e-07 -1.02098e-06 -0.00014795 -6.28616e-06 7.10752e-06 0.00013619 -4.42213e-06 -1.53302e-07 -1.40694e-06 -8.51137e-06 -7.95036e-07 -7.04436e-08 1.31703e-05 -8.66921e-06 9.15916e-06 4.6158e-05 -3.86186e-05 7.84012e-06 -1.59905e-06 -3.26463e-05 -9.58477e-05 -2.17821e-06 6.12506e-06 1.15845e-07 7.19507e-05 -2.59932e-07 -3.85657e-05 4.20763e-05 0.000141141 4.39315e-05 3.35233e-06 -1.58835e-06 
-1.2629e-05 -2.74748e-06 6.20397e-06 -0.013629 0.00101648 4.79681e-05 -2.95248e-05 0.00495794 1.20524e-05 0.00242743 -2.22749e-05 -0.00177021 -0.00127008 -4.50361e-06 0.000475697 0.00166502 0.0031194 0.000593237 0.00882841 0.0043027 0.000704217 0.0102817 -0.00107584 -0.000541946 -8.03588e-07 -0.0013566 0.00799843 0.0114297 -0.000628573 5.65838e-05 6.57236e-05 0.0213602 -8.71689e-05 0.000655959 0.00606443 0.00560028 -6.9961e-07 -0.00307791 -5.39611e-05 -0.000913844 -0.0049289 -0.000354797 0.00409741 -0.00892559 -9.98548e-08 -0.0148097 0.000132607 -3.47645e-05 -0.000112672 -1.68471e-05 -5.42205e-05 -0.00328376 -0.00011674 0.000211821 -6.55491e-06 0.00122587 -2.72974e-05 0.000113133 -0.00560928 -0.00779848 0.00278848 -5.75782e-06 1.2012e-05 -0.0118199 -0.000546134 -0.000122413 -0.000497028 -6.00041e-05 -5.7938e-06 5.1421e-05 -0.0142259 -0.000340913 0.000123525 0.00454806 0.000116767 -3.90117e-06 0.00340844 0.00304081 4.40553e-05 2.21601e-05 0.00272242 0.00269939 0.00169633 0.00177289 -0.0144841 -3.28875e-05 0.000407408 -0.000969069 -0.00300066 0.00407852 5.98423e-06 1.41144e-06 -0.000611416 -6.30919e-06 -0.0114262 -0.000929628 0.00498297 -0.000326506 5.28946e-05 -5.38753e-05 
-2.11209e-06 1.27752e-05 -6.62392e-07 -0.000419725 -0.000431478 8.36123e-06 7.85297e-05 -6.78424e-05 0.000592643 0.000206265 -6.06162e-06 0.00033811 -0.00020307 2.03198e-05 -1.51587e-06 0.000309753 0.000633266 -6.27529e-05 -0.000501969 -0.000262654 -0.00146283 -0.00017288 -0.000214487 -0.000300395 7.78767e-06 -0.000447595 0.000424857 0.000390076 -0.000556902 7.19727e-05 1.14729e-05 -8.71689e-05 0.0039869 -5.99912e-06 -6.06921e-05 0.000549995 -1.26903e-06 -0.000387763 -1.61274e-05 0.00025084 -0.000202057 0.000539382 -5.18509e-05 -0.000738305 1.09979e-05 -0.000626389 -3.13595e-06 4.39907e-05 -4.43292e-05 1.07472e-05 6.67309e-05 0.000318234 1.66613e-05 -1.57079e-05 -1.39099e-06 0.000373984 -1.22765e-05 -1.6174e-05 0.0010394 -0.000666176 0.000212552 4.35205e-06 7.65613e-07 -0.00175269 0.00088855 -6.7282e-05 3.79487e-05 -8.67582e-06 -1.21626e-06 -5.87274e-06 -0.000390419 -3.15038e-05 -2.25657e-05 -0.000184931 -8.99111e-07 7.62891e-05 -4.60161e-05 -0.000156192 -1.62322e-05 -4.00199e-07 4.05874e-06 5.55905e-06 6.25437e-05 -0.000541786 -0.000649887 -5.71022e-06 -2.54955e-05 -0.000159786 0.000566142 -4.59487e-05 -4.91648e-07 3.11565e-07 -9.41546e-05 -1.46004e-06 -2.70655e-07 1.62738e-05 0.000112093 -5.48126e-05 2.26013e-05 -7.64701e-06 
