6.43125e-05 3.66324e-07 -5.99984e-08 4.46534e-07 4.80401e-07 -8.334e-06 -2.01594e-06 -1.65699e-08 4.10502e-06 -5.63989e-08 -7.08778e-07 2.68435e-05 -2.13633e-05 2.0795e-05 -3.01349e-07 -1.57447e-09 -9.67252e-08 9.67401e-06 -2.13777e-05 -2.15728e-05 -7.11191e-06 -6.7849e-06 2.18245e-05 -2.04295e-05 -1.9878e-05 -1.67208e-08 3.1433e-05 9.83739e-07 -3.33614e-05 -3.72773e-06 3.37452e-06 -4.3307e-06 2.27861e-08 -2.25842e-06 -1.89434e-09 -1.92061e-07 -2.50016e-07 -9.16391e-06 -3.00825e-06 -1.90851e-05 -1.21721e-06 -5.96173e-08 -8.84905e-08 -1.59178e-05 -2.30337e-08 -5.21928e-07 -4.16322e-09 -7.52933e-06 8.68551e-06 -1.92969e-06 9.3847e-10 -1.8556e-05 2.4419e-06 -6.99112e-06 -3.10539e-07 6.19291e-08 -2.08214e-05 2.23695e-05 -2.06718e-08 5.87086e-06 -5.85419e-07 -1.1948e-05 -3.42015e-09 2.1619e-05 7.23436e-06 2.2208e-05 -1.9107e-06 2.03704e-05 5.42825e-06 2.1179e-06 8.29364e-07 1.84379e-09 5.87656e-07 -1.79388e-06 -7.08615e-06 -3.14857e-06 -9.80836e-06 9.24623e-06 -6.57316e-09 -3.40812e-06 -1.77887e-08 3.29891e-06 -5.29755e-10 -7.08984e-10 -8.46555e-07 -7.11839e-06 2.37074e-05 -2.55246e-07 4.53402e-08 5.17751e-07 2.14879e-05 -6.24318e-07 -6.69363e-08 -3.98233e-06 -5.37644e-09 9.71135e-07 -2.2956e-06 -2.08077e-05 -1.81541e-05 9.60751e-06 
3.66324e-07 0.0018676 1.16345e-05 6.80094e-06 -5.91326e-05 0.000759961 -5.33433e-05 -5.38397e-09 0.000106527 0.000146322 4.14156e-06 0.000516058 0.000489867 -0.000136733 1.23832e-05 -4.58044e-08 -2.81392e-06 0.000130289 -0.000722113 -0.000747972 -0.000243943 -0.000429445 0.000747097 -0.000664128 -0.000711155 -2.63108e-07 9.28683e-05 0.000107476 -0.000792025 -0.000145533 0.000253041 -0.000146206 2.25054e-05 -6.44886e-05 -5.511e-08 -5.57742e-06 -7.27346e-06 -0.000298939 -0.000197388 -0.000648362 -3.45778e-05 -4.42963e-06 -1.21747e-05 -0.000642525 -6.70096e-07 -1.43727e-05 -1.21116e-07 -3.41128e-05 -6.96074e-05 -7.03249e-05 -3.7787e-07 -0.00056668 0.000160465 5.48578e-05 -2.27395e-05 1.58703e-05 -0.000708374 0.000797363 -4.9805e-07 -2.7925e-05 -2.05157e-05 0.00034854 7.7168e-08 0.000648325 -3.40618e-05 0.000750575 -5.71342e-05 0.000706519 -3.13656e-06 3.24303e-05 -3.88309e-05 1.27561e-05 1.96814e-06 -0.000101897 -0.000276727 -4.1977e-05 2.94031e-05 0.000618144 8.28774e-07 -0.000143341 -5.17508e-07 8.63892e-06 -1.54116e-08 -2.06257e-08 -0.000161259 -0.000217086 0.000701788 -7.51681e-06 4.31835e-06 5.78948e-08 0.000822543 -9.49302e-07 -1.39397e-06 -4.50683e-05 -1.56411e-07 -4.15445e-05 -0.000141266 -0.000711576 -0.000714839 5.68768e-05 
-5.99984e-08 1.16345e-05 0.00093199 -7.45624e-06 -2.6596e-05 -0.000227919 -3.32319e-05 1.06334e-07 -7.66281e-06 4.93663e-06 -6.11338e-05 -3.12313e-05 -0.000340592 6.1941e-06 -4.21082e-06 -2.28364e-08 -1.40292e-06 0.000384222 -0.000360725 -0.000373221 -0.000121621 0.000583906 0.000342255 -0.0003314 -0.000364257 2.18081e-06 -8.01699e-06 0.000810332 -0.000574848 -7.54962e-06 -0.000661078 -5.99003e-05 -6.86e-06 -3.24232e-05 -2.74758e-08 -2.78568e-06 -3.62628e-06 -0.000149133 -9.8603e-05 -0.000321243 -1.76547e-05 -1.22176e-06 9.50681e-06 -0.000328286 -3.34085e-07 -7.76856e-06 -6.0384e-08 -0.000761025 0.000247418 0.000787601 -1.36472e-07 -0.000283363 0.000679815 -0.00032566 -3.3295e-06 -8.90617e-07 -0.000355316 0.000325868 -2.99827e-07 -1.46652e-05 -1.02799e-05 0.000481216 1.63727e-07 -0.000376218 -2.14965e-05 0.0003303 -2.815e-05 0.000293692 -9.83993e-06 1.00698e-05 7.91128e-05 -1.18299e-07 -6.14161e-07 2.71012e-05 -0.000139913 0.000722473 0.000582049 1.25222e-05 -9.53383e-08 1.48087e-05 -6.80104e-08 -1.50119e-05 2.58983e-07 -1.02832e-08 5.74022e-05 -9.82635e-05 -0.000418441 6.97819e-07 -2.36045e-07 2.07071e-06 0.00033517 2.88614e-05 -9.70855e-07 -0.000126317 -7.79809e-08 0.000183075 2.05767e-05 -0.000355054 -0.000364734 -2.48289e-05 
4.46534e-07 6.80094e-06 -7.45624e-06 0.00980297 -0.000297352 0.00276205 -0.000493003 -2.01079e-06 0.00097756 0.000276706 0.000468514 0.00112549 0.00251357 0.00161952 7.49599e-05 -2.42376e-07 -1.47367e-05 0.000176806 -0.00379968 -0.00319891 -0.00128533 -0.00109927 0.00188065 -0.00350691 -0.00323099 -2.45403e-06 -0.000128979 -0.000775015 -0.00453536 0.00158535 3.17416e-05 0.0020928 -1.96687e-05 -0.000187592 2.00505e-06 -2.94728e-05 -3.84379e-05 -0.00157988 -0.00103739 -0.00348832 -0.0001814 1.74446e-05 -5.26063e-05 -0.00326243 -3.54584e-06 -8.35115e-05 -6.40892e-07 -0.00173284 0.00158676 0.000959794 -2.80103e-06 -0.00299922 5.53952e-06 0.000408551 -0.000123749 1.78074e-05 -0.0037286 0.00210039 1.78109e-06 -0.000144795 -0.00010861 -0.00297601 1.96016e-06 0.0025456 -0.000183438 0.00175785 -0.000298622 0.00378933 -1.6867e-05 -1.58392e-05 -0.000189192 1.47611e-05 -6.18179e-06 0.00161568 -0.00135314 0.000508309 -0.00125659 -7.91606e-05 -7.95215e-07 0.00163492 -2.73842e-06 -0.000151287 -7.48845e-08 2.45086e-06 0.00155551 0.00112545 0.00226249 3.71413e-05 0.000277648 -2.29604e-07 0.00202399 -9.60318e-05 0.000118906 0.00299826 -8.24324e-07 -0.000715337 0.00157163 -0.00375052 -0.00369576 0.00163394 
4.80401e-07 -5.91326e-05 -2.6596e-05 -0.000297352 0.0307062 -0.00743535 -0.00134593 8.30734e-05 -0.000243741 2.64206e-05 -0.00200723 -0.00233522 -0.0147104 -0.00276534 -5.18825e-05 1.35369e-06 6.97223e-06 -0.0016588 0.0173953 0.0184941 0.0198296 -0.0115704 -0.0165481 0.0163887 0.0186526 -7.70767e-06 -0.000452116 -0.00250948 0.00509955 -0.00263721 0.00597984 -0.00254819 -0.000239212 0.0207888 -9.34019e-07 8.66597e-05 2.35708e-05 -0.00261025 0.000775399 0.00495458 -0.000125667 -7.27335e-05 -0.000118447 -0.00828415 -1.05803e-05 -0.000138262 7.93063e-06 0.00497139 -0.00218808 -0.0046074 -9.39843e-06 0.0183245 -0.000865591 -0.0138878 -0.000393859 -2.72325e-05 0.0188036 -0.0166289 -7.44906e-06 -0.000507104 -0.000346756 -0.01128 -1.59663e-07 -0.012661 -0.000717466 -0.016684 0.00112375 -0.0181518 -0.000277847 -9.63991e-05 -0.00160124 -3.99148e-06 0.000310479 -0.0025085 0.000949539 -0.00431365 -0.00708681 0.00218741 -1.18095e-06 -0.00255169 -8.77086e-06 0.00156128 -1.64533e-07 -1.76237e-07 -0.00282148 -0.00372433 -0.0141124 0.000209755 5.14404e-06 1.4476e-06 -0.014986 -0.000305125 -2.27201e-05 -0.00251509 -2.62756e-06 -0.00268189 -0.00253179 0.019011 0.0189153 -0.0037475 
-8.334e-06 0.000759961 -0.000227919 0.00276205 -0.00743535 0.184788 0.029171 -2.48749e-05 0.00308135 -0.000189326 -0.0178657 0.037561 0.122033 -0.0216474 0.0029691 -5.98862e-06 -0.000366992 -0.0083822 -0.089776 -0.0914326 -0.0318596 -0.0263734 0.109692 -0.0868683 -0.093612 -6.3599e-05 0.00532303 -0.0199832 -0.0495214 -0.0199757 0.0548912 -0.0193016 0.000341821 -0.00845574 -2.97527e-06 -0.000702498 -0.000948707 -0.0391061 -0.0258225 -0.0881407 -0.00453759 -0.000577556 -0.001591 -0.0842063 -8.41005e-05 -0.00206757 -1.55684e-05 0.0407067 -0.0149806 -0.0357732 -5.75486e-05 -0.0742044 -0.00786665 0.11958 -0.00301543 -0.000220386 -0.0931538 0.112491 0.00015577 -0.00206871 -0.00269101 0.00599426 -1.28155e-05 0.132151 0.000603797 0.112946 -0.00746952 0.10111 0.0045306 -0.00118547 -0.0129856 -2.90361e-05 -0.000131464 -0.0205783 -0.0352728 -0.0337295 -0.0418555 0.0907322 7.42085e-05 -0.0199488 -6.7454e-05 0.00712754 -8.68297e-07 -5.93341e-07 -0.0222913 -0.029057 0.130598 5.08264e-05 -8.32646e-05 -7.68564e-06 0.112743 -0.00234715 -4.50272e-05 -0.00379804 4.12036e-05 -0.01672 -0.0201295 -0.0931233 -0.0932273 0.00430085 
-2.01594e-06 -5.33433e-05 -3.32319e-05 -0.000493003 -0.00134593 0.029171 0.049827 -5.21621e-06 -0.000413426 -4.25152e-05 -0.0021784 -0.00254676 0.0203754 -0.00457092 0.000337594 -1.28748e-06 -7.76675e-05 0.00347813 -0.0201459 -0.0204487 -0.00683593 -0.00998405 0.0210017 -0.0185855 -0.0193264 -1.3673e-05 -0.000586665 0.00251851 0.00627323 -0.00415948 0.00611177 -0.00417055 -0.000236786 -0.00163964 -1.17237e-06 -0.000156685 -0.000203253 -0.00839177 -0.00549853 -0.0189537 -0.00097691 -0.000109381 -0.000327048 -0.0179473 -1.88351e-05 -0.000442894 -3.27768e-06 0.000956102 -0.00351402 -0.00323355 -1.49503e-05 -0.0159213 -0.00132237 0.0194297 -0.000607456 -4.67814e-05 -0.0199267 0.0239636 -2.67041e-06 -0.000321691 -0.000574115 -0.00626776 7.54995e-06 0.0196899 -0.000862527 0.0239842 -0.00160373 0.0216468 0.000445625 -0.000247794 -0.0028372 -2.9195e-06 -3.02186e-05 -0.00431209 -0.00723883 -0.00471074 -0.0027834 0.0187999 2.31499e-06 -0.00415638 -1.33728e-05 -0.000546462 -2.39858e-07 -5.7975e-07 -0.00463352 -0.00615994 0.0225153 -8.62623e-05 8.71305e-07 2.20647e-07 0.0240075 0.000499442 -5.39351e-05 -0.0067061 -1.99976e-06 0.00470262 -0.0042364 -0.0199275 -0.0201081 -0.00580462 
-1.65699e-08 -5.38397e-09 1.06334e-07 -2.01079e-06 8.30734e-05 -2.48749e-05 -5.21621e-06 0.000257564 -1.97292e-06 -5.59718e-07 -1.88986e-05 -8.8898e-06 -7.04738e-05 -1.25521e-05 -7.13765e-07 -6.30678e-09 -4.41138e-08 -6.77971e-06 8.41854e-05 8.41434e-05 9.77116e-05 -7.4321e-05 -8.19744e-05 4.33694e-05 9.01828e-05 -6.69778e-08 -3.43657e-06 -4.52216e-06 1.68914e-05 -1.07047e-05 1.93333e-06 -1.11591e-05 3.83542e-08 9.63735e-05 -7.58806e-09 3.80672e-07 -6.48145e-07 7.92628e-06 -2.35147e-05 -1.8415e-05 -4.13907e-06 1.60667e-07 -1.63633e-06 8.00873e-07 -9.2265e-08 -8.57457e-07 2.03324e-07 2.37546e-05 -1.74371e-05 -2.12531e-05 -7.63538e-08 9.06455e-05 -5.31762e-06 -6.55706e-05 -3.2067e-06 1.00703e-07 9.09526e-05 -8.09215e-05 3.83863e-07 -4.19249e-06 -2.83568e-06 -7.25124e-05 -1.36999e-08 -5.63748e-05 -4.7744e-06 -7.99767e-05 1.12611e-06 -8.28309e-05 -2.77514e-07 -1.05352e-06 -1.34057e-05 -3.26709e-08 1.17053e-07 -1.16627e-05 -2.72467e-05 -1.76685e-05 -5.01333e-05 -6.76684e-06 -2.63298e-08 -1.10854e-05 -7.12553e-08 -2.49361e-06 4.45447e-08 -2.83994e-09 -1.11893e-05 -1.30534e-05 -6.88595e-05 2.28642e-05 -6.88351e-08 -9.01018e-09 -7.95338e-05 3.5592e-06 2.61877e-07 -3.17719e-05 -2.15362e-08 -1.25031e-05 -1.1189e-05 8.9534e-05 8.87948e-05 -2.12532e-05 
4.10502e-06 0.000106527 -7.66281e-06 0.00097756 -0.000243741 0.00308135 -0.000413426 -1.97292e-06 0.00814684 0.000418394 -0.00056592 0.00327777 0.00142614 -0.000689219 -3.71107e-05 -2.01087e-07 -1.23534e-05 0.00118098 -0.00312047 -0.00305656 -0.00100224 -0.00175094 0.00379589 -0.0028657 -0.0031404 -2.13553e-06 0.00117099 0.000322895 -0.00592394 -0.000686509 0.00141891 -0.000628522 0.000260416 -0.000261399 5.56806e-06 -2.44061e-05 -3.13246e-05 -0.00130295 -0.000863811 -0.00292632 -0.000148915 -1.86744e-05 -5.33316e-05 -0.00284804 -2.94179e-06 -6.7069e-05 -3.05046e-07 -0.000467645 -0.000497532 -0.000787672 -1.07114e-06 -0.0023968 0.000760946 -0.000420038 0.000275299 -7.84235e-06 -0.00307261 0.00371901 -2.47014e-06 -4.40713e-05 -8.64496e-05 -0.000621641 -4.0681e-07 0.00337213 0.00013076 0.00358235 -0.000242897 0.00334728 -7.79024e-05 -3.80711e-05 -0.000427938 6.28315e-07 4.66866e-06 -0.000690047 -0.00123776 -0.000585861 -0.000602492 0.0026749 2.77716e-06 -0.000669648 -2.27192e-06 -0.000124251 -6.76586e-08 -9.05492e-08 -0.000684669 -0.000976698 0.00250725 -3.14987e-05 0.000194027 6.93845e-08 0.00371277 -4.3216e-05 -2.59889e-06 0.00558819 2.73667e-06 -0.000395682 -0.000675912 -0.00307899 -0.00313616 -0.000640633 
-5.63989e-08 0.000146322 4.93663e-06 0.000276706 2.64206e-05 -0.000189326 -4.25152e-05 -5.59718e-07 0.000418394 0.00216785 0.000643945 0.000443763 -0.000743554 -8.9568e-05 -5.54934e-06 -5.31844e-08 -3.2673e-06 0.000422042 -0.000835828 -0.000863485 -0.000274614 0.000458541 0.000144406 -0.00076932 -0.00081323 2.02518e-06 0.000825238 0.00119459 -0.00135815 -9.64742e-05 -0.000854929 -5.26277e-05 5.55338e-05 9.40389e-05 1.24934e-06 -6.37766e-06 -7.58203e-06 -0.000346269 -0.00022964 -0.000644486 -4.06365e-05 -2.52655e-06 -3.47628e-06 -0.000758896 -7.78061e-07 -1.82352e-05 -1.4063e-07 -0.00151879 0.000346137 0.000856136 -3.93884e-07 -0.000658279 0.00119695 -0.000795775 3.07425e-05 1.86825e-05 -0.000820423 0.000120587 -6.98277e-07 0.000321042 -2.03978e-05 0.000266088 5.41137e-07 -0.000590634 -2.28336e-05 -6.24424e-05 -6.63435e-05 9.76214e-05 3.30335e-05 0.000533507 0.000750603 3.12845e-05 4.013e-06 0.000613036 -0.000304753 0.000876465 0.00117204 0.000548444 -2.22036e-07 -0.000105811 2.51911e-06 -3.46266e-05 1.75544e-06 -2.39489e-08 -2.24517e-05 -0.000247033 -0.000530399 2.69643e-05 0.000258813 9.73514e-08 0.000803503 5.52434e-06 -2.25772e-06 2.65002e-05 6.15055e-07 0.000162262 1.16313e-05 -0.000817242 -0.000826402 5.7231e-05 
-7.08778e-07 4.14156e-06 -6.11338e-05 0.000468514 -0.00200723 -0.0178657 -0.0021784 -1.88986e-05 -0.00056592 0.000643945 0.0684712 -0.00538036 -0.033964 0.0571645 -0.000336765 -1.81e-06 -9.89613e-05 0.0015917 -0.0272552 -0.0280159 -0.00954129 0.0447121 -0.0316054 -0.0248795 -0.0275182 -1.57882e-06 -0.000457393 0.00358965 -0.0522058 0.0577076 -0.0517354 0.0561231 -0.000210672 -0.00200811 2.87895e-06 -0.000216008 -0.000286294 -0.0103906 -0.00735547 -0.0261588 -0.00135675 0.000897672 0.00438323 -0.0249772 -2.59561e-05 -0.000624905 -4.34267e-06 -0.0598668 0.034993 0.0586319 -2.05363e-05 -0.0224119 0.00163756 -0.0301491 -0.000682719 -5.62265e-05 -0.0267276 -0.031545 -2.37642e-05 0.00915227 -0.000800334 -0.0172312 2.21822e-06 -0.0285004 -0.00170286 -0.0318006 -0.0022178 -0.00326605 -0.000291711 0.00247599 0.0395465 6.12837e-05 8.02653e-05 0.0587876 -0.0112133 0.0578574 -0.00927535 -0.0364545 -4.87979e-06 0.05718 -1.39564e-05 -0.00110829 2.76766e-06 6.32496e-06 0.0583754 0.0448696 -0.032497 0.00012497 6.64053e-05 4.70748e-06 -0.0313452 -4.82387e-05 -6.74328e-05 -0.009802 -4.80739e-06 0.000663084 0.0576985 -0.0265793 -0.0272024 0.0542441 
2.68435e-05 0.000516058 -3.12313e-05 0.00112549 -0.00233522 0.037561 -0.00254676 -8.8898e-06 0.00327777 0.000443763 -0.00538036 0.0687946 0.0317048 -0.00577129 -0.000173754 -1.69263e-06 -0.000110302 0.0024432 -0.02839 -0.0273911 -0.00961783 -0.0173631 0.0341171 -0.0263594 -0.025747 -1.93209e-05 0.00216617 -0.0036103 -0.0382477 -0.00605934 0.0183382 -0.0056039 0.000400366 -0.00251895 1.12911e-05 -0.000214912 -0.000277306 -0.0118623 -0.00780292 -0.0265197 -0.00139976 -0.000162974 -0.000483514 -0.0237102 -2.45821e-05 -0.000615664 -4.73058e-06 0.0071426 -0.00450835 -0.00912056 -1.82022e-05 -0.0223267 -0.000864802 0.0162152 -0.000638115 -6.9779e-05 -0.0277499 0.0340529 -1.14795e-05 -0.00108322 -0.000815815 -0.0170597 -1.49863e-06 0.0357262 0.00195323 0.033471 -0.00218321 0.0307058 -0.000590389 -0.00035789 -0.00386481 -1.49447e-06 -1.03214e-05 -0.00622514 -0.0108487 -0.00951357 -0.00898925 0.0298196 3.24014e-05 -0.00603373 -2.03481e-05 0.00463892 -6.1213e-07 7.10771e-07 -0.0066557 -0.00819973 0.0359646 5.99547e-05 0.000118487 9.40863e-07 0.0335899 -0.000381821 -7.15846e-05 0.00480037 9.2142e-06 -0.00449011 -0.00609484 -0.0281247 -0.0271561 0.0252198 
-2.13633e-05 0.000489867 -0.000340592 0.00251357 -0.0147104 0.122033 0.0203754 -7.04738e-05 0.00142614 -0.000743554 -0.033964 0.0317048 0.249085 -0.036778 0.00208004 -1.1373e-05 -0.000704208 -0.0151622 -0.172669 -0.168549 -0.0612105 0.0530336 0.214058 -0.166694 -0.172261 -0.000122116 0.00273268 -0.0152883 -0.00421935 -0.0383864 -0.010378 -0.0369135 0.00286087 -0.0156362 -4.39261e-06 -0.00133136 -0.00181409 -0.0749424 -0.0495992 -0.169019 -0.00872447 -0.00108457 -0.00305525 -0.161357 -0.000165644 -0.00379065 -3.01541e-05 0.0520542 -0.0221936 -0.053012 -0.000116196 -0.142687 -0.0102121 0.217266 -0.00220692 -0.000401916 -0.178227 0.215792 0.00013158 -0.0035676 -0.00514649 0.128846 -1.28683e-06 0.203247 0.0106056 0.216023 -0.0143352 0.194244 0.00429475 -0.00227503 -0.0247834 -1.02416e-05 -0.000281181 -0.0394567 -0.0661403 -0.0489853 0.0663349 0.181421 3.73974e-05 -0.0382864 -0.000129926 0.00463139 -5.4924e-07 -1.95163e-06 -0.0425922 -0.0551712 0.227354 0.000111032 -8.32161e-05 -1.2859e-05 0.216096 -0.00425762 -0.000186938 -0.0286631 1.70847e-05 -0.00255104 -0.0386341 -0.178629 -0.174853 -0.0230567 
2.0795e-05 -0.000136733 6.1941e-06 0.00161952 -0.00276534 -0.0216474 -0.00457092 -1.25521e-05 -0.000689219 -8.9568e-05 0.0571645 -0.00577129 -0.036778 0.0809186 -0.000414313 -2.00061e-06 -0.00010966 -0.00220716 -0.0343295 -0.0353479 -0.0115664 0.0547153 -0.0398321 -0.031532 -0.0344546 0.000188279 -0.00111337 0.000216857 -0.0646483 0.0732909 -0.0593909 0.0714785 -0.000302287 -0.00307875 4.78107e-06 -0.000263387 -0.000345206 -0.0141039 -0.00938562 -0.0314603 -0.0016796 0.00191442 0.00559236 -0.0312211 -3.18037e-05 -0.00074586 -5.74834e-06 -0.0675143 0.0510249 0.0693286 -2.61291e-05 -0.02702 0.00543048 -0.0354257 -0.00110548 -8.37669e-05 -0.0338188 -0.0377848 -2.84725e-05 0.00872698 -0.000929197 -0.0255871 -4.42902e-06 -0.0292484 -0.00202151 -0.0407615 -0.00267414 0.00385714 -0.000532052 0.00364923 0.044869 1.75917e-05 5.27308e-05 0.0745524 -0.0134561 0.0677339 -0.0183146 -0.0455709 -8.5992e-06 0.0737399 0.000234265 -0.00141924 -7.31457e-07 6.47441e-06 0.0741223 0.0570742 -0.0347434 0.000599031 1.62503e-05 2.42575e-05 -0.0409796 -0.000846958 -9.02553e-05 -0.0117736 1.1165e-06 -0.00722757 0.0743581 -0.0336487 -0.0345831 0.0707123 
-3.01349e-07 1.23832e-05 -4.21082e-06 7.49599e-05 -5.18825e-05 0.0029691 0.000337594 -7.13765e-07 -3.71107e-05 -5.54934e-06 -0.000336765 -0.000173754 0.00208004 -0.000414313 0.00466344 -1.14699e-07 -7.04632e-06 2.84902e-05 -0.00150338 -0.00161208 -0.000567092 -0.000695821 0.000889706 -0.00150881 -0.00163555 -1.21809e-06 -5.52501e-05 -0.000234966 0.000383883 -0.000391634 0.000230275 -0.000374541 -3.24253e-05 -0.00011975 -1.38001e-07 -1.37681e-05 -1.76468e-05 -0.000717621 -0.000457648 -0.00147231 -8.77127e-05 -1.10656e-05 -3.01066e-05 -0.00120309 -1.67798e-06 -3.62683e-05 -1.93286e-07 0.000617416 -0.000304493 -0.000508498 -1.29861e-06 -0.00125194 -0.00014389 0.00215316 -4.59178e-05 -1.09656e-06 -0.0016093 0.00196952 5.80742e-06 -4.93512e-05 -4.84018e-05 -0.000351128 -2.3582e-07 0.00121723 0.000184628 0.00197788 -0.000134951 0.00169748 0.00108164 -2.23898e-05 -0.000252623 2.2625e-06 -1.93469e-06 -0.000392929 -0.000267193 -0.00047613 -0.000481107 -0.000586654 1.65449e-06 -0.000377064 -1.29589e-06 9.02466e-06 -3.85921e-08 1.55018e-07 -0.000387182 -0.000555793 0.00209985 1.6181e-05 -2.38826e-06 -1.63864e-07 0.00178081 -3.52976e-05 2.60434e-07 -0.000486487 2.84999e-07 0.000183641 -0.000384559 -0.00160593 -0.00162558 -0.000461987 
-1.57447e-09 -4.58044e-08 -2.28364e-08 -2.42376e-07 1.35369e-06 -5.98862e-06 -1.28748e-06 -6.30678e-09 -2.01087e-07 -5.31844e-08 -1.81e-06 -1.69263e-06 -1.1373e-05 -2.00061e-06 -1.14699e-07 2.44794e-05 -3.68152e-08 -1.28289e-06 1.47165e-05 1.43768e-05 -1.1749e-06 -9.07577e-06 -1.28266e-05 1.48464e-05 1.49159e-05 -6.36423e-09 -2.30765e-07 -2.05137e-06 5.86223e-06 -2.04939e-06 5.12674e-06 -1.9985e-06 -1.87979e-07 1.86707e-06 -7.21018e-10 1.03565e-07 -9.51605e-08 1.33358e-05 -1.72086e-06 1.35623e-05 -4.63292e-07 -5.82156e-08 -1.59285e-07 1.31545e-05 -8.76702e-09 -1.80869e-07 5.08208e-09 3.93181e-06 -1.74113e-06 -3.65888e-06 -7.25514e-09 1.67632e-05 -8.01109e-07 -1.09698e-05 -3.05967e-07 5.29962e-07 1.48518e-05 -1.30911e-05 -7.86804e-09 -4.00587e-07 -2.69763e-07 -8.78134e-06 -1.30176e-09 -9.93068e-06 -5.71805e-07 -1.30409e-05 -5.1421e-07 -1.41945e-05 -2.58218e-07 -1.18792e-07 -1.33494e-06 -3.10439e-09 -1.61167e-08 -2.05934e-06 -1.86159e-06 -3.43008e-06 -5.48046e-06 -1.17103e-05 -2.50186e-09 -1.99625e-06 -6.77068e-09 1.03581e-06 -2.01634e-10 -2.69851e-10 -2.23164e-06 -2.9111e-06 -1.1034e-05 -1.02226e-07 -1.31921e-08 -8.56147e-10 -1.30346e-05 -2.37626e-07 -2.54771e-08 -2.60812e-06 -2.04636e-09 -2.08662e-06 -2.01433e-06 1.49637e-05 1.4468e-05 -2.93263e-06 
-9.67252e-08 -2.81392e-06 -1.40292e-06 -1.47367e-05 6.97223e-06 -0.000366992 -7.76675e-05 -4.41138e-08 -1.23534e-05 -3.2673e-06 -9.89613e-05 -0.000110302 -0.000704208 -0.00010966 -7.04632e-06 -3.68152e-08 0.00150163 -7.83606e-05 0.000881628 0.000877002 2.29979e-05 -0.000533532 -0.000794834 0.000901058 0.00087621 -3.90976e-07 -2.17535e-05 -0.000122246 0.00032665 -0.000103778 0.000402924 -9.52849e-05 -1.15482e-05 6.28589e-05 3.42372e-07 9.40579e-06 3.2234e-05 0.000692956 8.17026e-05 0.000751315 -2.75283e-05 -2.34971e-06 -9.23206e-06 0.000826994 2.91412e-07 -6.38628e-06 -9.73468e-08 0.000127379 -9.247e-05 -0.000200704 -1.29041e-07 0.000178604 -4.81315e-05 -0.000670206 -1.38099e-05 -5.57888e-08 0.000905161 -0.000809534 -2.26694e-07 -2.17261e-05 0.000187891 -0.000539304 4.20028e-07 -0.000608915 -3.51279e-05 -0.000804674 -3.77675e-05 -0.000856652 -1.56999e-05 -6.93116e-06 -7.84198e-05 -1.90713e-07 -6.73439e-07 -9.91658e-05 0.000115368 -0.000189632 -0.000343088 -0.000696264 -1.53698e-07 -9.95334e-05 -4.15946e-07 -1.87981e-05 -1.2387e-08 -1.65779e-08 -0.000113261 0.000232788 -0.000684586 -3.1234e-06 -6.4377e-07 -5.2596e-08 -0.000807545 -1.45648e-05 -1.16848e-06 -0.000170766 -1.25715e-07 -0.000128045 -9.98536e-05 0.000904791 0.000884537 -0.000163036 
9.67401e-06 0.000130289 0.000384222 0.000176806 -0.0016588 -0.0083822 0.00347813 -6.77971e-06 0.00118098 0.000422042 0.0015917 0.0024432 -0.0151622 -0.00220716 2.84902e-05 -1.28289e-06 -7.83606e-05 0.0497813 -0.0203137 -0.020998 -0.0068343 0.0267891 0.0229817 -0.01866 -0.0201443 -1.2373e-05 0.00109003 0.0362315 -0.0179841 -0.00223476 -0.0310728 -0.00259545 0.00010678 -0.00183009 6.3558e-06 -0.000156666 -0.000202488 -0.0083863 -0.00553012 -0.0188841 -0.00098233 -2.53026e-05 -0.000315679 -0.0184857 -1.88168e-05 -0.000442724 -3.39437e-06 -0.0381602 -0.00130185 0.0338435 3.58581e-05 -0.0159296 0.0119739 -0.0146965 0.00297704 -4.93527e-05 -0.0200108 0.0225391 -1.47707e-05 -0.000759722 -0.000553095 0.0269396 -2.47734e-06 -0.0171832 -0.00105659 0.0222853 -0.0016043 0.0216297 -0.000466909 -0.000200223 -0.000269 6.03144e-08 -2.3385e-05 -0.0022754 -0.00741635 0.0276456 0.032835 0.000635013 -1.5312e-07 -0.00224444 -1.20021e-05 -8.91951e-06 4.38962e-08 -4.49187e-07 0.00514777 -0.00468509 -0.0151077 -0.000174909 6.24022e-05 -1.1409e-06 0.0225357 0.00823532 -4.33853e-05 -0.0062388 -7.58823e-07 0.0343935 -0.00246567 -0.019991 -0.020353 -0.00363529 
-2.13777e-05 -0.000722113 -0.000360725 -0.00379968 0.0173953 -0.089776 -0.0201459 8.41854e-05 -0.00312047 -0.000835828 -0.0272552 -0.02839 -0.172669 -0.0343295 -0.00150338 1.47165e-05 0.000881628 -0.0203137 0.237197 0.225989 0.0787505 -0.142919 -0.196181 0.215214 0.226096 -5.56124e-05 -0.00554177 -0.0323164 0.0898261 -0.0319211 0.107354 -0.0301336 -0.0029159 0.0190779 -1.12974e-05 0.00175367 0.00236305 0.0965569 0.0628432 0.218427 0.0114238 -0.000919907 -0.00238173 0.210917 0.000205667 0.00486746 3.50291e-05 0.0621416 -0.0275055 -0.0578122 0.000113505 0.184014 -0.0126479 -0.164705 -0.00474397 0.000514593 0.230281 -0.19928 -8.41567e-05 -0.00630826 0.00657962 -0.137604 5.34519e-06 -0.148792 -0.00899185 -0.196633 0.0181863 -0.216896 -0.00398752 -0.00186091 -0.0210955 -4.72413e-05 0.000229848 -0.0322201 0.0869473 -0.0542023 -0.0881164 -0.140543 -3.94229e-05 -0.0315463 -0.000106409 -0.0028662 -1.9197e-06 -3.74439e-06 -0.035266 0.0043275 -0.167647 -0.000453014 -0.000208415 -1.20628e-05 -0.197735 -0.00372861 0.000313762 0.0437158 -3.21049e-05 -0.0329185 -0.0318319 0.230482 0.227238 -0.0453516 
-2.15728e-05 -0.000747972 -0.000373221 -0.00319891 0.0184941 -0.0914326 -0.0204487 8.41434e-05 -0.00305656 -0.000863485 -0.0280159 -0.0273911 -0.168549 -0.0353479 -0.00161208 1.43768e-05 0.000877002 -0.020998 0.225989 0.240091 0.0780928 -0.147898 -0.193889 0.212971 0.226191 -5.82464e-05 -0.00563392 -0.0333266 0.0920147 -0.0327478 0.111242 -0.0306042 -0.00302617 0.0200748 -9.94815e-06 0.00173056 0.00231879 0.0957628 0.0632539 0.215503 0.0111975 -0.00094138 -0.00244494 0.207665 0.000212081 0.00487108 3.82117e-05 0.0632849 -0.0283879 -0.0595422 0.000113146 0.182185 -0.0130602 -0.162894 -0.00491424 0.00052575 0.228359 -0.196029 -7.47265e-05 -0.00602282 0.00644106 -0.142298 8.49165e-06 -0.14516 -0.00772942 -0.19387 0.0182644 -0.214113 -0.00332676 -0.00192133 -0.021817 -4.54634e-05 0.00022919 -0.0331377 0.0860172 -0.0558991 -0.0905298 -0.137109 -4.05535e-05 -0.0324442 -0.000108492 -0.0030085 -2.0351e-06 -4.00771e-06 -0.0362923 0.00372398 -0.163955 8.66182e-05 -0.000197111 -1.2292e-05 -0.194556 -0.00385996 0.000325362 0.0428828 -3.13889e-05 -0.0341327 -0.0327427 0.228116 0.228936 -0.0462823 
-7.11191e-06 -0.000243943 -0.000121621 -0.00128533 0.0198296 -0.0318596 -0.00683593 9.77116e-05 -0.00100224 -0.000274614 -0.00954129 -0.00961783 -0.0612105 -0.0115664 -0.000567092 -1.1749e-06 2.29979e-05 -0.0068343 0.0787505 0.0780928 0.113377 -0.0483322 -0.0689264 0.0667043 0.0789066 -2.99676e-05 -0.00187969 -0.0109239 0.029424 -0.0109036 0.0353691 -0.0106303 -0.000991807 0.0126329 -3.30996e-06 -9.63405e-05 -4.95842e-05 0.00745404 -0.00362475 0.0696215 -0.00138491 -0.000310042 -0.00079642 0.0597935 0.000154409 0.0020027 2.04109e-05 0.0213503 -0.00927205 -0.0194861 2.00761e-06 0.0651597 -0.00423972 -0.0583628 -0.00160055 -9.11539e-05 0.0804336 -0.0700531 -3.12365e-05 -0.00213027 -0.000961938 -0.0467547 -4.52288e-06 -0.0528388 -0.00303001 -0.0700068 0.000339394 -0.0761509 -0.00137183 -0.000628912 -0.00710941 -1.62965e-05 -2.2317e-05 -0.0109423 0.0381846 -0.0182667 -0.02985 -0.0484996 -1.18976e-05 -0.0106316 -3.59489e-05 -0.000892124 -1.06718e-06 -1.31049e-06 -0.0118852 -0.0128862 -0.0593923 -0.000243425 -6.75479e-05 -3.62296e-06 -0.0687129 -0.00126344 0.000140285 0.0180982 -1.08984e-05 -0.0111078 -0.0107278 0.0805513 0.0792292 -0.0162932 
-6.7849e-06 -0.000429445 0.000583906 -0.00109927 -0.0115704 -0.0263734 -0.00998405 -7.4321e-05 -0.00175094 0.000458541 0.0447121 -0.0173631 0.0530336 0.0547153 -0.000695821 -9.07577e-06 -0.000533532 0.0267891 -0.142919 -0.147898 -0.0483322 0.233292 0.0912229 -0.1317 -0.143662 0.000117729 -0.00346703 0.0512341 -0.0749576 0.0515319 -0.174283 0.0485634 0.000719188 -0.0125015 -1.02959e-06 -0.00109591 -0.00143843 -0.0591652 -0.0391443 -0.133107 -0.0069887 0.00148483 0.00393889 -0.130462 -0.000132661 -0.00307336 -2.39981e-05 -0.099892 0.0419668 0.0934853 -6.61669e-05 -0.112828 0.0198098 0.0572557 0.00771391 -0.000345414 -0.141259 0.0906254 -8.56357e-05 0.00530492 -0.00394122 0.13727 -9.5815e-06 0.0204787 0.0030702 0.0883409 -0.011285 0.11923 0.000116437 0.00303182 0.0340625 1.47849e-05 -0.000115736 0.0525338 -0.055147 0.08799 0.0977347 0.0495125 -3.02465e-05 0.0512497 0.00017312 -0.00448198 2.99299e-06 2.30652e-06 0.0572552 0.0236037 0.0411842 -0.000301963 2.08828e-05 1.65739e-05 0.0889862 0.00603918 -0.000353423 -0.0428803 -1.79616e-05 0.0487994 0.0517162 -0.140999 -0.142896 0.0401824 
2.18245e-05 0.000747097 0.000342255 0.00188065 -0.0165481 0.109692 0.0210017 -8.19744e-05 0.00379589 0.000144406 -0.0316054 0.0341171 0.214058 -0.0398321 0.000889706 -1.28266e-05 -0.000794834 0.0229817 -0.196181 -0.193889 -0.0689264 0.0912229 0.249151 -0.187981 -0.19685 -0.000137359 0.00626002 0.0310993 -0.0267759 -0.041917 -0.0485547 -0.0414879 0.00318086 -0.0178979 6.42521e-06 -0.00151856 -0.00204378 -0.0846009 -0.0558308 -0.190738 -0.00985503 -0.0011156 -0.00342083 -0.183729 -0.000187162 -0.00427414 -3.37809e-05 0.00671061 -0.0208113 -0.0126354 -9.22497e-05 -0.160772 0.00671939 0.203771 0.00578939 -0.000474107 -0.20151 0.242776 0.000100259 -0.00314649 -0.00572869 0.164848 -2.1061e-05 0.184762 0.0105428 0.243601 -0.0161537 0.218867 0.00419003 -0.0024773 -0.0245847 -2.2998e-05 -0.000308163 -0.0434539 -0.0765492 -0.01446 0.104744 0.188638 4.40824e-05 -0.0424106 -0.000144788 0.00409793 -5.91641e-07 -2.74283e-06 -0.0390462 -0.0624226 0.20837 -0.000694316 0.000100469 -1.49223e-05 0.244102 0.0044816 -0.000234093 -0.0328411 3.69978e-05 0.0387024 -0.0429703 -0.201512 -0.197474 -0.0267959 
-2.04295e-05 -0.000664128 -0.0003314 -0.00350691 0.0163887 -0.0868683 -0.0185855 4.33694e-05 -0.0028657 -0.00076932 -0.0248795 -0.0263594 -0.166694 -0.031532 -0.00150881 1.48464e-05 0.000901058 -0.01866 0.215214 0.212971 0.0667043 -0.1317 -0.187981 0.229052 0.215133 -5.23576e-05 -0.00512624 -0.0297036 0.0822786 -0.0292328 0.0986154 -0.0278987 -0.00272321 0.0175276 -1.00404e-05 0.00174443 0.00237188 0.0987915 0.0595641 0.20655 0.0118233 -0.000844854 -0.00216291 0.199992 0.000211228 0.00401793 3.60903e-05 0.0570375 -0.0252681 -0.0530926 0.000116916 0.176084 -0.011608 -0.158767 -0.00437089 0.000111851 0.219577 -0.191402 -7.9395e-05 -0.00581089 0.00629211 -0.127428 2.48118e-07 -0.144107 -0.00829281 -0.188704 0.0185747 -0.207668 -0.0037381 -0.00170505 -0.0193707 -4.43492e-05 0.000142242 -0.0295805 0.0778663 -0.0497752 -0.0812821 -0.138436 -3.63082e-05 -0.0289692 -9.77596e-05 -0.00241599 -2.02954e-06 -3.70289e-06 -0.032385 0.00437037 -0.161957 -0.000374631 -0.000188781 -1.09248e-05 -0.189544 -0.00343628 -2.12197e-05 0.0360748 -2.96979e-05 -0.0302818 -0.0292309 0.219851 0.216176 -0.0420223 
-1.9878e-05 -0.000711155 -0.000364257 -0.00323099 0.0186526 -0.093612 -0.0193264 9.01828e-05 -0.0031404 -0.00081323 -0.0275182 -0.025747 -0.172261 -0.0344546 -0.00163555 1.49159e-05 0.00087621 -0.0201443 0.226096 0.226191 0.0789066 -0.143662 -0.19685 0.215133 0.238052 -5.74274e-05 -0.00542532 -0.0323484 0.0904367 -0.0321989 0.108568 -0.0301431 -0.00289308 0.0206312 -7.21384e-06 0.00175304 0.00232722 0.0965276 0.0639359 0.217609 0.0106962 -0.000928988 -0.00238765 0.209872 0.000209472 0.00501577 3.65972e-05 0.0611582 -0.027423 -0.0582539 0.000107264 0.18418 -0.0126343 -0.171951 -0.00476936 0.000514494 0.230608 -0.198897 -8.64442e-05 -0.00633309 0.00643833 -0.135387 1.9831e-05 -0.152688 -0.00903528 -0.197092 0.0183118 -0.21671 -0.00410436 -0.00187831 -0.0213045 -2.50782e-05 0.00018372 -0.0325281 0.087859 -0.0547261 -0.0844812 -0.137352 -3.94153e-05 -0.0318592 -0.000107344 -0.0029533 -1.62133e-06 -3.95672e-06 -0.0356159 0.00456014 -0.168098 -0.000354749 -0.000151418 -1.14205e-05 -0.197412 -0.00373868 0.000307436 0.0427625 -3.23425e-05 -0.0332746 -0.0321479 0.230404 0.229354 -0.0450577 
-1.67208e-08 -2.63108e-07 2.18081e-06 -2.45403e-06 -7.70767e-06 -6.3599e-05 -1.3673e-05 -6.69778e-08 -2.13553e-06 2.02518e-06 -1.57882e-06 -1.93209e-05 -0.000122116 0.000188279 -1.21809e-06 -6.36423e-09 -3.90976e-07 -1.2373e-05 -5.56124e-05 -5.82464e-05 -2.99676e-05 0.000117729 -0.000137359 -5.23576e-05 -5.74274e-05 0.000259909 -3.76052e-06 4.39045e-05 -0.000152463 0.000111729 -0.000139957 -1.84069e-06 -3.22999e-07 -9.06886e-06 2.90095e-08 -5.33002e-07 1.1394e-06 -5.22782e-08 -2.72961e-05 1.62485e-05 -4.48014e-06 0.000116125 0.000131495 -4.6102e-05 3.56122e-09 -2.15735e-06 -1.68283e-08 -0.000174362 9.6266e-05 0.000175123 5.86284e-07 -7.42056e-05 7.60556e-05 -0.000115606 -3.24936e-06 1.5618e-06 -5.32016e-05 -0.000140255 -8.35582e-08 -3.39422e-06 -2.05821e-06 -8.75675e-05 -1.38247e-08 -0.000105207 -6.07255e-06 -0.000137629 -1.56888e-06 -0.00014677 -2.74227e-06 1.37218e-05 8.8983e-05 -3.29685e-08 1.21742e-08 0.00019204 -3.74147e-05 0.000177676 -5.93542e-05 -0.000127728 -2.65696e-08 0.00018542 0.000115881 -4.20838e-06 -2.14134e-09 -2.86581e-09 0.000189933 7.26708e-05 -0.000118516 6.2377e-06 -1.401e-07 -9.09225e-09 -0.000139552 -2.51358e-06 -2.70566e-07 -3.39596e-05 -2.17323e-08 -9.57645e-06 0.000192018 -5.23697e-05 -5.49498e-05 0.000145593 
3.1433e-05 9.28683e-05 -8.01699e-06 -0.000128979 -0.000452116 0.00532303 -0.000586665 -3.43657e-06 0.00117099 0.000825238 -0.000457393 0.00216617 0.00273268 -0.00111337 -5.52501e-05 -2.30765e-07 -2.17535e-05 0.00109003 -0.00554177 -0.00563392 -0.00187969 -0.00346703 0.00626002 -0.00512624 -0.00542532 -3.76052e-06 0.0142556 0.000724067 -0.00496852 -0.00117237 0.0022514 -0.00110773 0.000738103 -0.000500473 6.16063e-06 -3.97078e-05 -5.36487e-05 -0.00228709 -0.00152441 -0.00517051 -0.000270568 -2.03519e-05 -8.16119e-05 -0.00501016 -5.11695e-06 -0.000120696 -9.36308e-07 1.65284e-05 -0.00100427 -0.00092755 7.04306e-06 -0.00437715 -6.04218e-05 0.00372174 -0.000121908 -1.35931e-05 -0.00545007 0.00612595 -3.35242e-06 0.00188415 -0.000148922 0.00120343 -7.69191e-07 0.0056158 -2.03732e-05 0.00611423 -0.000440494 0.00551289 0.0004811 0.000266384 -0.000305159 2.06623e-05 -7.35311e-06 -0.000710015 -0.00213026 -0.000938053 6.95154e-05 0.00474788 6.7117e-06 -0.00115382 -3.73735e-06 -2.75984e-05 -4.24752e-08 -1.59451e-07 -0.00126311 -0.00165232 0.00619757 -5.48734e-05 1.72317e-05 -4.29216e-07 0.00660363 0.000104287 -1.29906e-05 -0.000734447 1.58575e-05 -0.000221983 -0.00117095 -0.00547967 -0.00558973 -0.000135947 
9.83739e-07 0.000107476 0.000810332 -0.000775015 -0.00250948 -0.0199832 0.00251851 -4.52216e-06 0.000322895 0.00119459 0.00358965 -0.0036103 -0.0152883 0.000216857 -0.000234966 -2.05137e-06 -0.000122246 0.0362315 -0.0323164 -0.0333266 -0.0109239 0.0512341 0.0310993 -0.0297036 -0.0323484 4.39045e-05 0.000724067 0.0767757 -0.0164075 0.000570027 -0.0569928 -0.000131403 -0.000323357 -0.00281635 -1.76812e-06 -0.000249741 -0.000318642 -0.0133556 -0.00885225 -0.0297776 -0.0015756 -0.000170682 -0.000226765 -0.029399 -3.00105e-05 -0.000670467 -5.42423e-06 -0.0672352 0.00149052 0.0537682 2.62282e-05 -0.0254312 0.0199038 -0.0117678 0.00723502 -7.41398e-05 -0.0318229 0.0301472 -2.67098e-05 -0.000680075 -0.000877173 0.0449355 5.32391e-06 -0.0334742 -0.00184249 0.0302575 -0.00255466 0.03066 -0.00027928 0.000856404 0.00320091 1.08666e-06 -4.41661e-05 0.00163769 -0.0123227 0.0503072 0.0554787 0.00732752 -7.65747e-06 0.000514042 -1.82935e-05 -0.0013606 2.39786e-07 -7.40398e-07 0.00764193 -0.0043891 -0.0280572 -0.000315076 8.41919e-05 6.75979e-07 0.0312133 0.00881578 -7.07642e-05 -0.0110929 -6.32494e-06 0.0514324 0.000640206 -0.0318275 -0.0315687 -0.00341991 
-3.33614e-05 -0.000792025 -0.000574848 -0.00453536 0.00509955 -0.0495214 0.00627323 1.68914e-05 -0.00592394 -0.00135815 -0.0522058 -0.0382477 -0.00421935 -0.0646483 0.000383883 5.86223e-06 0.00032665 -0.0179841 0.0898261 0.0920147 0.029424 -0.0749576 -0.0267759 0.0822786 0.0904367 -0.000152463 -0.00496852 -0.0164075 0.182124 -0.0622742 0.0492557 -0.060126 -0.000170857 0.00626977 -6.5268e-06 0.00069338 0.000903527 0.0378743 0.0248175 0.0834606 0.00377531 -0.00172351 -0.00477839 0.0820504 8.12515e-05 0.00199134 1.48842e-05 0.0730045 -0.0466113 -0.0762817 4.13515e-06 0.06973 -0.0150974 0.00129316 3.10123e-06 0.00022132 0.0883608 -0.0273787 5.33674e-05 -0.00871281 0.00247557 -0.00973213 2.48757e-06 -0.0265696 -0.00137054 -0.0244396 0.0051406 -0.0621345 0.000630756 -0.00363497 -0.0413407 -2.9902e-05 -0.000211568 -0.0634429 0.0356289 -0.0742023 0.020929 0.00241934 -7.54461e-05 -0.0619949 -0.000209264 -0.00424272 -2.99756e-06 -5.92024e-06 -0.0692397 -0.039329 -0.0118035 -0.00087079 -0.000389594 -2.51049e-05 -0.0254172 -0.00472874 6.34806e-05 -0.00117866 -3.41819e-05 -0.00569816 -0.0625734 0.0880861 0.0903728 -0.086422 
-3.72773e-06 -0.000145533 -7.54962e-06 0.00158535 -0.00263721 -0.0199757 -0.00415948 -1.07047e-05 -0.000686509 -9.64742e-05 0.0577076 -0.00605934 -0.0383864 0.0732909 -0.000391634 -2.04939e-06 -0.000103778 -0.00223476 -0.0319211 -0.0327478 -0.0109036 0.0515319 -0.041917 -0.0292328 -0.0321989 0.000111729 -0.00117237 0.000570027 -0.0622742 0.0767085 -0.0586975 0.0719005 -0.000414431 -0.00285572 3.19092e-06 -0.000249804 -0.000325318 -0.0127751 -0.00876947 -0.0300566 -0.00156714 0.00184578 0.0053754 -0.0290549 -2.99816e-05 -0.000707359 -5.419e-06 -0.0685293 0.0470071 0.0695306 -2.46246e-05 -0.0254519 0.00494136 -0.0353793 -0.000668001 -7.94627e-05 -0.0313822 -0.0397873 -2.63739e-05 0.00854614 -0.000869896 -0.0275941 -4.43513e-06 -0.0320876 -0.00193428 -0.0427911 -0.00250245 0.00185203 -0.000501365 0.00360852 0.0439521 5.82023e-06 4.00871e-05 0.0740943 -0.012693 0.0673564 -0.0174349 -0.0465745 -7.97922e-06 0.0732239 0.000238236 -0.00133886 1.11045e-06 6.11716e-06 0.0735353 0.0579311 -0.0372902 0.000600467 2.28154e-05 2.44088e-05 -0.0429122 -0.00078412 -8.38568e-05 -0.0113215 -5.57819e-06 -0.0054305 0.0741087 -0.0311999 -0.032106 0.0703168 
3.37452e-06 0.000253041 -0.000661078 3.17416e-05 0.00597984 0.0548912 0.00611177 1.93333e-06 0.00141891 -0.000854929 -0.0517354 0.0183382 -0.010378 -0.0593909 0.000230275 5.12674e-06 0.000402924 -0.0310728 0.107354 0.111242 0.0353691 -0.174283 -0.0485547 0.0986154 0.108568 -0.000139957 0.0022514 -0.0569928 0.0492557 -0.0586975 0.205743 -0.0558638 -0.000833128 0.00616042 -7.46179e-07 0.000815807 0.00104854 0.0449319 0.0303082 0.101814 0.00497441 -0.00168559 -0.00454772 0.100743 9.59009e-05 0.00238824 1.27309e-05 0.11315 -0.043487 -0.105591 3.28102e-05 0.0850029 -0.0226305 -0.0188335 -0.00868361 0.000244802 0.106109 -0.0489993 4.82081e-05 -0.00621935 0.0030317 -0.0965509 -8.28526e-06 0.0243064 -0.00465475 -0.046288 0.00799481 -0.0815215 -0.000112895 -0.00342747 -0.0383314 -5.23614e-05 -9.49434e-05 -0.059424 0.0432689 -0.0988215 -0.110862 -0.015408 2.17966e-05 -0.057928 -0.000195555 0.00099202 -3.5511e-06 -4.66068e-06 -0.0646772 -0.0341264 0.00438997 -0.00042003 -0.000195192 -2.08341e-05 -0.047556 -0.00685966 0.000245957 0.0370935 2.06776e-05 -0.0563206 -0.0584526 0.105828 0.106941 -0.0456295 
-4.3307e-06 -0.000146206 -5.99003e-05 0.0020928 -0.00254819 -0.0193016 -0.00417055 -1.11591e-05 -0.000628522 -5.26277e-05 0.0561231 -0.0056039 -0.0369135 0.0714785 -0.000374541 -1.9985e-06 -9.52849e-05 -0.00259545 -0.0301336 -0.0306042 -0.0106303 0.0485634 -0.0414879 -0.0278987 -0.0301431 -1.84069e-06 -0.00110773 -0.000131403 -0.060126 0.0719005 -0.0558638 0.0749734 -0.000399881 -0.00260064 2.36548e-06 -0.000242542 -0.000316357 -0.0117896 -0.00849578 -0.0288291 -0.00147062 0.00114124 0.00440151 -0.0275105 -2.92371e-05 -0.000686498 -5.28444e-06 -0.0660787 0.045542 0.0666113 -2.31518e-05 -0.0247858 0.00419939 -0.03519 -0.00101104 -7.65247e-05 -0.0298039 -0.0390291 -2.49857e-05 0.00798501 -0.000848928 -0.0290754 -2.59458e-06 -0.0316842 -0.00187469 -0.0425883 -0.0024574 0.00263683 -0.000421243 0.00350312 0.0422853 1.12505e-05 4.67324e-05 0.0718742 -0.0124249 0.0648268 -0.018059 -0.0457816 -8.03009e-06 0.0711891 3.92384e-06 -0.00131094 -5.9576e-07 4.78341e-06 0.0712518 0.0583176 -0.0359789 0.000708602 0.000142662 2.21507e-07 -0.0423161 -0.000761008 -7.55733e-05 -0.0104645 -6.38441e-06 -0.00683985 0.0718797 -0.0297394 -0.0301678 0.0682258 
2.27861e-08 2.25054e-05 -6.86e-06 -1.96687e-05 -0.000239212 0.000341821 -0.000236786 3.83542e-08 0.000260416 5.55338e-05 -0.000210672 0.000400366 0.00286087 -0.000302287 -3.24253e-05 -1.87979e-07 -1.15482e-05 0.00010678 -0.0029159 -0.00302617 -0.000991807 0.000719188 0.00318086 -0.00272321 -0.00289308 -3.22999e-07 0.000738103 -0.000323357 -0.000170857 -0.000414431 -0.000833128 -0.000399881 0.00761992 -0.000244908 2.59716e-06 -2.01972e-05 -2.88766e-05 -0.00122747 -0.000805663 -0.0027596 -0.000145026 0.000311489 7.36956e-05 -0.00269492 -2.73671e-06 -6.42764e-05 -2.77055e-07 -3.47746e-05 -0.000392237 -0.000500154 -2.27579e-06 -0.00231589 -0.000171745 0.00186712 -6.46958e-05 -6.9745e-06 -0.00291535 0.00314013 -2.44805e-06 0.000623737 -8.43093e-05 0.00160196 -1.81671e-07 0.00145553 6.00695e-05 0.00315891 -0.000234076 0.00292013 -9.32457e-06 -2.34161e-05 -0.000325184 3.29288e-06 -3.8955e-06 -0.000264785 -0.00110347 -0.000726375 8.00884e-05 0.00274385 -7.84783e-07 -0.000294215 1.70617e-06 3.27238e-05 2.33418e-07 -8.4647e-08 -0.000338418 -0.000700872 0.00332148 -2.69828e-05 -3.86144e-06 -2.68556e-07 0.00321075 -2.44052e-05 -7.01832e-06 -0.000511207 2.70476e-06 0.000277223 -0.000403134 -0.00291419 -0.002968 -7.50958e-05 
