0.00383993 2.41383e-06 0.000738631 0.00046293 0.00110054 -3.69106e-07 2.64587e-05 0.001615 -0.00132853 3.32032e-05 -6.7431e-05 -0.00231202 -8.66514e-05 -0.00329825 0.000168871 -0.0026581 0.000556348 -0.00121443 0.000521601 0.000928118 -6.97123e-07 -0.00275319 3.23483e-05 -0.00309671 0.000367502 -0.000269264 0.000380521 0.00108244 0.000597483 7.09046e-05 0.000388524 0.00254388 1.39874e-05 -5.53881e-05 0.000114416 0.000806645 -0.00128673 -0.000449929 7.85255e-06 4.17669e-05 0.000140795 -0.000774163 0.00169665 0.000424684 5.77546e-08 -4.03461e-07 -4.30428e-06 0.000244118 -0.00157152 6.05181e-05 -0.00182978 0.000103131 -3.55921e-05 0.00141573 9.99517e-07 7.80061e-06 -1.6485e-06 -6.9407e-07 0.00110654 -0.000234259 -5.12498e-07 0.00154834 5.46934e-06 -0.000756073 0.000379898 2.64946e-05 -8.21399e-06 1.50844e-05 -1.40468e-08 -0.000738743 -0.000337615 6.92994e-05 0.000457613 0.00101379 0.000155428 3.47186e-06 -0.000548088 1.39007e-05 -3.63636e-09 -2.95584e-06 2.04004e-05 -0.000333568 -7.98265e-06 0.00190439 1.63991e-05 -0.00103306 -1.42113e-08 8.29892e-06 -0.0015012 -0.000324308 -5.90472e-06 0.000549463 2.05952e-05 0.00035987 6.12801e-05 -3.5967e-09 0.00129159 -0.000704574 6.85678e-05 -7.34852e-08 
2.41383e-06 6.78995e-06 7.75143e-07 2.74409e-07 9.08039e-07 -2.3705e-09 -5.301e-08 -1.57672e-07 -2.36241e-06 2.38182e-07 -1.33143e-07 -3.55413e-06 4.61698e-07 -4.30797e-06 5.84955e-07 -2.41274e-06 -1.42774e-06 -2.33148e-07 2.21088e-06 8.9626e-07 -1.59785e-09 -2.73646e-06 -1.39448e-09 -3.14012e-06 8.38204e-07 1.01637e-08 -6.9785e-08 9.51051e-07 5.41029e-07 2.28364e-07 2.48194e-08 1.81742e-06 3.82881e-07 -1.06723e-07 -4.58068e-08 -3.60077e-07 -2.82799e-06 -9.79761e-07 5.89907e-07 3.07976e-07 -6.67992e-07 -9.83485e-07 4.9474e-07 -3.21403e-07 -2.15696e-11 -1.73231e-09 -1.42224e-08 1.54589e-07 -4.31344e-06 -6.06498e-08 -2.7013e-06 -8.49169e-08 -8.02433e-08 1.86217e-06 -4.00112e-10 -4.74309e-09 4.06955e-07 -1.30477e-09 2.29646e-06 5.02092e-08 -1.02604e-09 2.49755e-06 2.66815e-08 -1.34736e-06 2.35964e-08 6.7869e-07 1.97204e-08 1.43042e-07 -2.68691e-08 -1.34147e-06 -1.41766e-08 6.42385e-07 -4.45272e-08 2.02086e-06 3.63309e-07 2.46234e-07 -5.47042e-07 -4.39064e-10 -6.40523e-12 2.68277e-07 -2.57567e-10 -2.04658e-07 -1.77718e-08 1.79632e-06 5.09831e-07 5.51447e-08 -2.50325e-11 -6.53628e-10 -7.1112e-07 -1.03381e-06 -1.04008e-08 6.45196e-07 1.65719e-08 2.06767e-07 1.86811e-07 -3.56928e-11 2.27337e-06 9.72484e-08 2.23798e-07 -1.2944e-10 
0.000738631 7.75143e-07 0.11406 0.00740676 0.0360465 -4.48355e-05 1.026e-05 0.00371805 -0.0195388 -5.04832e-05 -0.00198975 -0.0196581 0.00386436 -0.0304184 0.000472621 -0.0299913 0.018262 0.0105649 0.04767 0.0118303 -1.17845e-05 -0.0028617 -2.02754e-05 -0.00506075 0.000416898 -0.00532718 -0.00361039 0.0373815 -0.000731503 1.08707e-05 0.000826394 0.00117984 9.70664e-05 -0.00135811 0.00130089 -0.00633911 -0.0497694 -0.00384477 0.000499205 0.00055589 -0.00682506 -0.0186324 0.000595124 0.000554558 1.00291e-06 -1.9438e-05 0.000392539 -0.000970542 -0.027118 0.00223621 -0.0240342 0.00810153 -0.00129572 0.00015421 1.16496e-05 0.000281552 2.05849e-05 -1.53938e-05 -0.0116299 0.02026 -1.8384e-05 0.00288984 -2.89713e-05 -0.0187917 -1.10943e-05 0.000184177 -9.61591e-05 9.55604e-06 -7.81015e-06 -0.014459 -0.00875216 -6.70442e-05 0.019092 0.000219325 -1.71425e-05 -4.90112e-05 -0.0161529 2.50264e-05 8.19474e-07 -0.000546211 2.27027e-05 -0.00663765 -0.000116069 0.0255973 0.000320582 -0.0117769 1.79276e-07 -9.96599e-06 -0.00106997 1.33295e-05 -7.46795e-05 -0.00984998 -0.000247362 -0.000117406 0.00161041 4.1698e-06 -0.0177945 -0.00176111 0.000109046 -4.86339e-07 
0.00046293 2.74409e-07 0.00740676 0.0469815 -0.000309477 -9.44149e-06 -0.000193538 -0.00112763 -0.00520207 -5.84052e-05 -0.000332567 -0.00959063 0.000524246 -0.0115145 0.000693148 0.00457296 -0.0121422 0.0110698 0.0279868 0.000516947 -8.53401e-06 -0.000634317 -9.67042e-06 -0.00429553 -1.85008e-05 0.00106081 0.0116165 -0.00190125 0.00108106 1.55271e-06 8.11208e-05 0.000927626 0.00020509 -0.00077239 -1.94173e-05 -0.0026731 -0.00627019 -0.0192768 0.000213182 -0.000254036 0.00371977 -0.00950071 -0.000178045 0.000964907 1.52996e-07 -3.13944e-06 0.000224686 0.000739469 -0.038165 -0.000352422 0.000481931 0.00266572 -0.000317759 0.000185491 2.75609e-05 -2.48881e-05 2.71113e-05 -4.73403e-06 0.00396628 0.0141531 -3.72183e-06 0.000999374 2.38944e-05 -0.00939248 -3.09117e-05 0.000386542 0.000199542 1.04334e-05 0.00077061 0.0035608 -0.0132319 6.46622e-05 -0.00142143 -0.000272543 7.62013e-05 -1.44808e-05 -0.00641008 -3.18594e-06 4.60043e-07 -0.000165137 -1.61483e-06 -0.00392882 -0.000125107 -0.00864613 0.000569611 0.00362792 2.01779e-06 -3.24441e-06 0.0107786 -0.000498037 1.75262e-06 0.000944046 4.25643e-05 0.00140441 -0.00028357 -2.19807e-07 0.000367293 0.00322311 -1.80509e-05 -7.32191e-07 
0.00110054 9.08039e-07 0.0360465 -0.000309477 0.0919141 -3.51195e-05 -0.000765298 0.00574028 -0.0238643 0.000150735 -0.00196332 0.011444 -0.0017846 -0.0168781 -3.72134e-05 -0.0365192 0.0240205 -0.0263546 0.0462345 0.00306627 2.75663e-05 0.00164155 1.62498e-05 -0.00545472 0.000363882 -0.00667594 -0.00147556 0.0398137 0.000778205 -2.40135e-05 0.000819085 0.0010204 -1.6597e-05 -0.000725325 -0.00208597 -0.00566551 -0.0216643 0.00134761 -7.73623e-05 0.00135269 -0.0309269 -0.0213069 0.000689291 -0.0280871 7.8471e-07 -1.22382e-05 -4.01539e-05 0.000738673 -0.00559055 0.00378512 -0.00864967 -0.0017729 -0.00113251 1.31893e-05 3.54926e-06 0.0003686 -3.92974e-06 -1.70805e-05 0.0173176 -0.0061256 -7.4303e-06 0.0218949 1.30431e-05 -0.0138248 -7.42325e-05 -0.000212692 -0.000165322 1.54091e-06 0.000132054 -0.0123619 0.0284655 -6.15548e-05 0.0527307 -0.000345605 -0.000426675 -3.98981e-05 -0.0117058 9.52516e-06 1.43403e-07 -0.000671756 2.96564e-06 -0.00845612 -0.000256325 0.0493702 0.000121087 -0.0372411 1.69153e-07 -8.11734e-06 -0.0352697 -2.04675e-05 -0.000132028 -0.0322518 -0.000164398 0.00191786 0.00208842 4.21505e-06 -0.00822743 -0.0286431 4.07776e-05 9.17919e-07 
-3.69106e-07 -2.3705e-09 -4.48355e-05 -9.44149e-06 -3.51195e-05 0.000348995 -2.72558e-06 0.00030605 0.000207044 3.71709e-06 7.13426e-06 5.629e-05 -2.7332e-06 -0.000191526 6.89119e-06 -0.000245221 -7.79536e-05 -0.000123263 -0.00012769 -1.25322e-05 -8.21553e-08 -1.43285e-05 -7.16993e-08 -0.000291419 -3.91771e-07 0.000282303 -1.96985e-05 -1.30652e-05 3.92489e-06 4.79224e-07 1.08086e-06 -1.04826e-06 5.61868e-06 0.000320213 -8.01101e-06 -2.09133e-05 0.000141248 -0.000303174 3.30579e-06 -2.98767e-06 -0.000146766 -6.46309e-05 -1.3351e-07 -0.000122786 -1.10903e-09 3.37598e-07 -7.31262e-07 -3.1918e-06 4.04782e-05 2.47828e-06 -0.000178239 -6.32887e-06 -4.12581e-06 5.32655e-07 -2.05723e-08 -2.43872e-07 -1.56545e-07 -6.70863e-08 -6.43993e-05 -2.15841e-05 8.39116e-08 -2.01942e-05 1.36937e-06 0.000259897 -3.2925e-07 -9.2427e-07 -7.94646e-07 8.50019e-08 2.74185e-05 -5.19633e-05 0.00014579 7.5732e-06 3.80399e-05 -3.21216e-06 -8.12643e-07 -1.93645e-07 0.000289257 -2.2575e-08 -3.29333e-10 0.000324847 -1.32432e-08 -2.25404e-05 -9.13758e-07 -7.41232e-05 7.00185e-06 -0.000133037 -1.28708e-09 6.78597e-05 -0.000147667 -0.000336876 -8.47723e-08 -0.00011556 -8.6653e-07 -2.39425e-06 0.000312511 -1.83519e-09 -4.57377e-05 -0.00010126 1.68581e-06 -6.65533e-09 
2.64587e-05 -5.301e-08 1.026e-05 -0.000193538 -0.000765298 -2.72558e-06 0.00774611 -8.49166e-05 -0.0027152 -9.50539e-06 -7.29167e-05 -0.00553452 0.000526793 -0.00450818 -1.00921e-05 0.00164824 -0.00184742 0.0047341 0.0016426 -0.000168653 -3.97184e-07 -0.000350403 2.2133e-06 -0.000395126 -9.00661e-06 -0.000372299 0.000821638 -0.000370832 -4.8374e-05 8.38579e-06 3.82582e-05 -6.38466e-05 3.84379e-06 -0.000110968 0.000341842 0.0016122 -0.00439091 -0.00282337 2.78714e-05 -6.74821e-05 0.00444117 -0.00162547 0.000121523 0.00499554 -2.48004e-08 -1.45179e-06 2.90706e-05 -6.18994e-05 -0.000164849 -4.23478e-05 -0.0043688 0.000320657 1.01038e-05 2.64871e-05 9.03289e-07 -5.16688e-06 8.20929e-06 -1.47687e-06 -0.00143842 0.000479086 -1.17973e-06 -0.000700772 -2.96562e-06 -0.00154587 8.01672e-05 -2.06088e-05 -1.66846e-05 3.34609e-07 -1.95872e-05 -0.00150718 -0.00448352 1.01506e-05 -0.00235196 -6.21213e-05 -4.76926e-05 -3.33034e-06 -0.00110614 1.05517e-06 -7.36466e-09 -3.99018e-05 -1.79481e-07 -0.000679228 -1.72271e-05 -0.00174998 -4.75992e-06 0.00450578 -2.8782e-08 -7.51534e-07 0.00434013 2.02179e-05 -1.15354e-05 0.00459837 -1.8048e-05 -3.38777e-06 -4.5082e-05 -4.10391e-08 -0.000984084 0.00487252 -2.34887e-06 -1.48829e-07 
0.001615 -1.57672e-07 0.00371805 -0.00112763 0.00574028 0.00030605 -8.49166e-05 0.022682 -0.00148821 0.000634114 0.000833917 0.00142133 -0.000647799 -0.00642162 4.34018e-05 -0.0109996 0.0110613 -0.00695658 -0.00222836 0.000513005 -3.72117e-06 -0.00458389 5.3001e-05 -0.000961076 0.000121773 0.00440541 -0.000447238 0.00885695 -0.000117923 3.43189e-05 0.000395087 0.00122183 2.09595e-05 0.00565419 -0.000465037 -0.000297448 -0.00537213 0.000999918 6.46532e-05 -0.000143005 -0.00119319 -0.00365809 0.00185197 -0.0049888 -6.04329e-08 1.44156e-05 -4.61361e-05 -0.00020253 0.00284648 0.00186794 -0.00152069 -0.000263376 -0.000166132 0.00069439 -1.19502e-06 2.07823e-05 -1.02958e-05 -3.77553e-06 -0.00363091 -0.0014227 -3.33897e-06 -0.00126775 9.08417e-06 -0.00124985 0.000501034 -3.72272e-05 -3.95381e-05 1.54575e-06 0.000228016 -0.00056136 0.000570109 6.36912e-05 0.00129737 0.000165125 -0.000113798 5.35465e-05 0.000607961 2.12118e-05 -2.19054e-08 0.00122269 9.27581e-06 0.00273667 0.000119689 0.00554992 -2.08618e-05 -0.0057433 7.72426e-09 7.49446e-05 -0.00863682 -0.000741168 -6.17003e-06 -0.00591704 -6.14724e-05 -7.79222e-05 0.00109788 8.67934e-07 -0.00216212 -0.00597908 4.85512e-05 1.25066e-06 
-0.00132853 -2.36241e-06 -0.0195388 -0.00520207 -0.0238643 0.000207044 -0.0027152 -0.00148821 0.226873 0.000516704 -0.00527526 0.0633726 -0.00894017 0.0392827 -0.000532665 -0.0596433 0.0929466 -0.106578 -0.096886 -0.00979971 -6.65047e-05 0.00461461 -7.09077e-05 0.0167527 -0.000431355 -0.0215531 -0.0148438 -0.0142276 -0.00203038 -8.03886e-05 -0.000605725 -0.00177528 -9.39008e-05 -0.00364244 -0.00428886 -0.0207112 0.11762 0.00985136 -0.000241149 -0.000103198 -0.120526 0.0587838 -0.000653239 -0.121175 -1.03524e-06 0.000134875 -0.000683441 -0.00305014 0.028611 0.00172756 0.134021 -0.00658338 -0.00409108 -0.000565131 -1.14854e-05 -0.000205496 -0.00014907 3.36329e-05 -0.0451464 -0.0105885 7.99018e-05 -0.0303323 -0.000167385 0.119373 -0.000261068 -6.831e-05 -0.00043289 -1.40168e-05 -0.00039856 0.0967316 0.124035 -4.5637e-05 -0.0317986 0.000172427 0.000256701 -0.000116727 0.0599892 -8.16128e-06 -3.28209e-07 0.000305776 -1.03179e-05 0.0509021 -0.000893317 0.0150961 -0.0002226 -0.13019 -1.08268e-06 5.08243e-05 -0.122952 -0.000359882 0.000383921 -0.108641 -0.00100121 -0.00154444 0.000707062 -1.36892e-06 0.00696614 -0.100853 -9.55054e-05 9.4407e-07 
3.32032e-05 2.38182e-07 -5.04832e-05 -5.84052e-05 0.000150735 3.71709e-06 -9.50539e-06 0.000634114 0.000516704 0.001248 -1.4979e-05 0.000159597 -3.17433e-05 -0.000133078 -7.71879e-07 -0.000628413 0.000496325 -0.00041594 -0.00035069 -2.08053e-05 -9.07173e-08 -0.000363019 6.08671e-06 3.0227e-05 1.09993e-05 -1.09394e-05 -2.45684e-05 0.000323085 -6.09518e-06 4.25623e-07 2.30831e-05 8.41006e-06 1.46233e-05 0.000106863 -5.14972e-06 -7.08128e-05 -0.00020402 6.61367e-05 -1.24394e-06 1.52825e-05 -0.000422416 0.000170192 2.71779e-05 -0.000306898 9.3639e-09 2.47787e-06 -1.91067e-06 -9.91744e-06 0.000110973 0.000464099 3.28651e-05 -2.41019e-05 -1.45671e-05 1.60955e-05 -7.36324e-08 8.58713e-06 -5.60307e-07 -1.93449e-07 -0.000140182 -6.45939e-05 -4.21543e-08 -4.01123e-05 2.35957e-07 5.50721e-05 1.42615e-05 -2.60482e-06 7.64727e-07 -5.36811e-08 -4.49138e-06 0.000152897 3.05733e-05 2.27209e-06 -0.000297837 3.2923e-05 -2.32582e-06 -4.33093e-07 0.000354499 6.59199e-07 -1.17875e-09 7.53832e-06 3.126e-07 0.000280259 4.68281e-06 -8.07248e-05 -5.34686e-07 -0.000490517 -4.60671e-09 2.83047e-07 -0.000514711 -1.6621e-05 -1.63406e-06 -0.000392681 -3.05136e-06 -3.78619e-06 1.92754e-05 9.34315e-08 -4.94453e-05 -0.000350534 1.08533e-06 2.96179e-07 
-6.7431e-05 -1.33143e-07 -0.00198975 -0.000332567 -0.00196332 7.13426e-06 -7.29167e-05 0.000833917 -0.00527526 -1.4979e-05 0.0192242 -0.00203198 0.000801401 0.00156545 4.61596e-06 0.0036511 -0.0042708 -0.00340219 -0.00437226 -0.000608573 5.36223e-05 -0.000771546 -3.32378e-06 0.000872548 -2.44384e-05 0.00796535 -4.6272e-05 -0.0011383 5.28709e-05 -3.26414e-06 -2.95035e-05 -0.000144078 1.93237e-05 0.00457705 -0.000248752 0.000458301 0.00219184 -0.00323492 1.74095e-05 -7.88992e-05 0.00901667 -0.00333568 -5.90084e-05 0.000967835 2.71043e-07 -3.98938e-06 -3.22593e-05 7.8557e-05 0.000645091 -0.000159963 -0.00736778 -4.31518e-05 -8.16602e-05 -2.90337e-05 2.74786e-06 -9.12749e-06 -6.98596e-06 2.11453e-05 -0.00296687 -0.000564485 -2.35308e-06 -0.00183057 0.000171636 -0.00279805 -1.47862e-05 -4.38932e-05 -7.02124e-07 -8.42392e-07 8.42083e-05 -0.00377938 -0.00907445 2.23657e-05 -0.0055131 -0.000160166 -4.96864e-05 -1.74305e-06 0.00567777 -4.27967e-07 -1.84976e-08 0.000815006 6.99508e-07 -0.00162475 0.00201898 -0.00436749 6.68885e-05 0.0099521 -7.22909e-08 1.15457e-05 0.00797676 -0.000323027 -2.05898e-05 -0.00239961 5.88587e-05 -0.000104387 9.20386e-05 -1.03077e-07 -0.000871214 -0.00220679 -4.71568e-06 1.00619e-06 
-0.00231202 -3.55413e-06 -0.0196581 -0.00959063 0.011444 5.629e-05 -0.00553452 0.00142133 0.0633726 0.000159597 -0.00203198 0.149508 -0.0164637 0.0487502 -0.00126655 -0.0192819 0.039122 -0.107345 -0.0386928 -0.00190024 -0.000173057 0.0142342 -0.000112301 -0.0048265 -0.00088311 0.0108765 -0.0332048 0.0040624 -0.000283542 -0.000191019 -0.000668138 -0.00167325 -0.00033433 0.00101247 -0.00567431 -0.0353749 0.100973 0.0360421 -0.000711682 0.000911093 -0.0938926 0.0344824 -0.0018725 -0.113016 -1.97535e-06 3.15603e-05 -0.00164902 -9.1937e-05 0.0180316 0.00102347 0.101165 -0.0152501 -0.00868181 -0.00118004 -3.41634e-05 7.38428e-05 -5.09644e-05 -3.3609e-05 0.0295607 -0.033115 2.56324e-05 0.0121596 -0.00020076 0.0362034 -0.000685815 0.000440874 -0.000260587 -3.20185e-05 -0.000967168 0.0296027 0.101346 -0.000220346 0.0514085 -5.84526e-05 0.000340662 3.50652e-05 0.025281 -3.37603e-05 -5.30708e-07 0.000441194 -2.39884e-05 0.0158083 -0.000837846 0.0351572 -0.000668966 -0.0953352 -1.96202e-06 6.31572e-06 -0.0994379 7.33062e-06 0.000262323 -0.10724 -0.00014174 -0.00319118 0.000797755 8.58611e-07 0.0218895 -0.111087 -4.13587e-05 7.05164e-07 
-8.66514e-05 4.61698e-07 0.00386436 0.000524246 -0.0017846 -2.7332e-06 0.000526793 -0.000647799 -0.00894017 -3.17433e-05 0.000801401 -0.0164637 0.0274267 -0.00418039 0.000747511 0.003295 -0.00437668 0.0135521 0.00496326 0.00252563 7.37918e-05 0.000287238 -1.2163e-06 0.00127281 6.26854e-05 -0.00153656 0.00476273 0.0013981 -0.000159204 1.49138e-05 2.25758e-05 -0.000177944 0.000250597 0.000304385 0.000487495 -0.000906425 -0.0154015 -0.0143831 0.00039187 -0.00023935 0.0123484 -0.00540749 -5.75884e-05 0.0150428 1.75034e-06 -6.15716e-06 0.000239123 -0.000157087 -0.00249256 -0.000213816 -0.013958 0.000894821 0.00117567 -4.63142e-05 2.73036e-05 4.93162e-06 3.01546e-05 3.25833e-05 -0.00513449 -0.000516373 -1.74814e-06 -0.002573 0.00025281 -0.0055852 -2.16371e-05 -6.94097e-05 4.59615e-05 2.75575e-05 0.000316953 -0.00122975 -0.015523 0.000108804 -0.00831253 -9.26266e-05 -0.000168955 -1.39112e-05 -0.00234073 3.30833e-06 -2.66239e-08 1.70639e-06 1.44273e-06 -0.00221391 0.0005762 -0.00625532 0.000496879 0.0127952 -1.0405e-07 -1.84019e-06 0.0154439 -0.000107484 -3.48186e-05 0.00979458 2.15312e-05 0.000170268 -0.000150949 -1.0836e-07 -0.00377499 0.00837972 -1.16024e-05 2.2853e-06 
-0.00329825 -4.30797e-06 -0.0304184 -0.0115145 -0.0168781 -0.000191526 -0.00450818 -0.00642162 0.0392827 -0.000133078 0.00156545 0.0487502 -0.00418039 0.112299 -0.00122474 0.0227907 0.0058307 -0.0443525 -0.065989 5.12373e-05 -9.43224e-05 0.00424423 -0.000106114 0.00409237 -0.00103854 0.00127505 -0.030559 -0.0133668 -0.00352897 -0.000196414 -0.00121466 -0.00384377 -9.36305e-05 0.000333367 -0.00225286 -0.00136749 0.054386 0.0335951 -0.000560771 -0.00220848 -0.035012 0.0221549 -0.00245162 -0.0450737 -1.92047e-06 1.12073e-05 -0.00121967 -0.0045841 0.0255045 -0.00329389 0.0584815 -0.0106224 -0.00560488 -0.00130537 -2.35232e-05 -0.000113415 -0.000183476 -4.60036e-05 0.00770238 -0.0207316 1.47409e-05 -0.00496742 -0.000166849 0.0212977 -0.000693664 0.000189793 -0.00143088 -3.47783e-05 0.000145563 0.0163468 0.0417838 -0.000240164 0.00583686 -0.000247786 -0.00168236 -5.22426e-05 0.0142657 -4.76237e-05 -6.3172e-07 -0.00142642 -3.07697e-05 0.0110868 0.000169991 -0.00185669 -0.000180128 -0.0324078 -1.15139e-06 -8.11532e-05 -0.0342096 0.000794231 0.000131043 -0.0440035 -0.00171381 -0.00367598 -0.00224957 -4.15232e-06 0.00237531 -0.0454507 -0.000119772 1.27096e-06 
0.000168871 5.84955e-07 0.000472621 0.000693148 -3.72134e-05 6.89119e-06 -1.00921e-05 4.34018e-05 -0.000532665 -7.71879e-07 4.61596e-06 -0.00126655 0.000747511 -0.00122474 0.0017218 -0.0011985 -0.000376022 0.000466032 7.55232e-06 0.000188123 4.09041e-05 -0.000617522 1.30911e-06 -0.000590684 8.33904e-05 -0.000112618 -3.0812e-05 0.00034514 0.000154914 9.77178e-05 5.83606e-05 0.000138323 0.000245822 -1.2176e-05 3.51238e-06 8.26101e-05 -0.000784011 -0.00124807 0.000337756 2.18548e-05 0.00020613 -0.00023893 0.00033818 0.000714563 1.05119e-06 5.33996e-06 0.000269844 0.000120361 -0.00135701 -4.88943e-06 -0.000763259 0.00118402 0.000184843 1.14415e-06 5.67503e-06 5.61841e-07 2.69066e-05 3.90752e-05 -0.000235085 0.000362576 4.79369e-07 -0.000103509 0.000111417 -0.000314337 0.00010181 1.17637e-05 1.2652e-05 3.09926e-05 3.73748e-05 -0.000177803 -0.000786088 0.000234006 -0.000466342 5.82073e-05 0.00012753 1.44665e-06 7.25281e-05 1.13385e-05 -1.62704e-09 5.65916e-05 4.83457e-06 -3.54333e-05 1.1269e-05 -0.000291393 0.000428224 0.00037991 1.36975e-07 4.93967e-07 0.000542049 -0.000320401 -1.58199e-06 0.000622734 0.000154306 -8.62191e-06 -8.11397e-06 3.09334e-08 -9.90015e-05 0.000646314 1.44786e-06 1.32712e-06 
-0.0026581 -2.41274e-06 -0.0299913 0.00457296 -0.0365192 -0.000245221 0.00164824 -0.0109996 -0.0596433 -0.000628413 0.0036511 -0.0192819 0.003295 0.0227907 -0.0011985 0.191348 -0.0943427 0.0607019 0.00242812 0.00287694 -0.000121613 0.00779905 -9.34087e-06 -0.00318337 -0.000413447 0.0193512 0.00664852 -0.0343659 -0.00106739 -0.00015205 -0.00105165 -0.00288432 -0.000248488 0.00161681 0.00382292 0.0118337 -0.012742 -0.00443811 -0.000666898 -0.00288198 0.0797581 0.0226928 -0.0027251 0.0609466 -4.74329e-07 -0.000126697 -0.000871724 -0.000708524 -0.00669632 -0.00558566 -0.0315861 -0.00927273 0.000572683 -0.00111902 -3.23476e-05 -0.000262753 -5.61331e-05 -3.57209e-05 0.0139696 0.000761443 -4.3831e-05 -0.00826635 -0.000138277 0.00140586 -0.000490609 0.00049996 0.000121825 -3.15008e-05 0.000600138 -0.0637901 -0.0756307 -0.000338159 -0.0424935 -0.00259635 0.000282338 -7.17356e-05 -0.0656039 -4.35986e-05 -5.70124e-07 0.000736794 -2.43367e-05 -0.0607176 0.000391204 -0.0611726 -0.000646249 0.0751105 -2.52841e-07 -7.13582e-05 0.0741853 0.00101734 0.000125377 0.0498376 0.000329001 -0.00141877 -0.00272775 -3.6914e-06 -0.0112964 0.0487513 -3.93386e-05 -7.25845e-06 
0.000556348 -1.42774e-06 0.018262 -0.0121422 0.0240205 -7.79536e-05 -0.00184742 0.0110613 0.0929466 0.000496325 -0.0042708 0.039122 -0.00437668 0.0058307 -0.000376022 -0.0943427 0.191383 -0.0734604 -0.0507279 -0.00135714 -5.20641e-05 -0.00547033 5.0863e-05 0.0145567 -0.000279975 -0.0176231 -0.010755 0.0320011 -0.00159752 -1.73541e-05 4.27614e-05 -0.000636106 -6.19615e-05 -0.000861631 -0.00524434 -0.0131868 0.0322951 0.00921245 -1.52525e-05 0.000816846 -0.0740083 0.019583 0.00118298 -0.0762399 -7.72563e-07 7.56855e-05 -0.000478718 -0.00214486 0.0346403 0.0062094 0.0567831 -0.00471707 -0.00294958 0.000169459 -1.49099e-05 0.000217547 -9.30453e-05 1.72454e-08 -0.0465337 -0.015571 8.90362e-06 -0.0206384 -0.000111804 0.0169473 0.000305429 -0.000576508 -0.000133578 -9.98561e-06 -0.000858618 0.0771252 0.0777049 2.62576e-05 -0.0141229 0.00211078 -0.00150078 -9.88104e-05 0.0632445 2.2804e-05 -2.43276e-07 -0.00168428 -1.46262e-06 0.0557467 -0.000497633 0.0165378 -0.000181142 -0.096001 -9.34087e-07 -2.4532e-05 -0.0876374 0.0005078 2.9998e-05 -0.0703198 -0.000757944 -0.000207223 0.00059172 3.66436e-06 -0.0144131 -0.0710179 -0.000108131 8.89376e-06 
-0.00121443 -2.33148e-07 0.0105649 0.0110698 -0.0263546 -0.000123263 0.0047341 -0.00695658 -0.106578 -0.00041594 -0.00340219 -0.107345 0.0135521 -0.0443525 0.000466032 0.0607019 -0.0734604 0.228518 0.0430369 -0.00231681 -2.60212e-05 -0.00640352 3.23808e-05 0.0193791 -0.000422488 -0.0254082 0.0296037 -0.0142044 -0.00215748 -4.95526e-05 -0.000164655 -0.00285417 9.6994e-05 -0.0050229 0.00787999 0.0327633 -0.178062 -0.027907 0.00033082 -0.00301008 0.176379 -0.0647272 -0.00131066 0.203115 1.03925e-07 -7.87937e-05 0.000825872 -0.00283544 0.000386775 -0.00103482 -0.180961 0.0112666 0.00650633 -0.00055771 2.07667e-05 -0.000191191 -6.80209e-05 -5.56425e-05 -0.0651442 0.0302871 -5.2894e-05 -0.0323636 -9.77605e-05 -0.0654347 -5.0611e-05 -0.000723823 -0.00040833 -1.12368e-05 0.00139743 -0.0557026 -0.198055 -0.000213858 -0.104352 -0.00287749 -0.00213344 -0.000131342 -0.0498733 -7.05087e-06 3.69927e-07 -0.00228942 -8.61025e-06 -0.0306969 -0.000891441 -0.076238 0.000250217 0.180633 1.43701e-06 -3.40227e-05 0.191687 0.000852367 -0.000520495 0.177991 -0.00102168 0.00169623 -0.00182467 5.7545e-07 -0.0466117 0.181923 -0.000142677 -6.15096e-06 
0.000521601 2.21088e-06 0.04767 0.0279868 0.0462345 -0.00012769 0.0016426 -0.00222836 -0.096886 -0.00035069 -0.00437226 -0.0386928 0.00496326 -0.065989 7.55232e-06 0.00242812 -0.0507279 0.0430369 0.233613 -0.00253744 -2.46605e-05 0.00548534 -6.76562e-05 -0.0126516 5.0786e-05 -0.008973 0.0297285 0.021852 0.00143146 -7.85658e-05 0.00071942 0.0024548 -3.55538e-05 -0.0052717 0.0022969 -0.0108385 -0.0548326 -0.0349485 -0.0002793 0.000102421 0.0261534 -0.063528 -0.00111054 0.0325106 7.49882e-08 -8.89671e-05 0.000526527 0.0018877 -0.0572672 0.000854489 -0.0621805 0.00401541 0.00288759 0.000100265 1.33701e-05 6.13623e-05 5.05532e-05 -5.07643e-05 0.0335776 0.028069 -5.32276e-05 0.027483 -8.79716e-05 -0.0596123 -0.000341348 0.00108127 -0.000505378 -5.45722e-06 0.00068603 -0.0525668 -0.0448377 -0.000220946 0.0475095 -0.00248683 -0.00164657 -9.825e-05 -0.0438432 -1.54058e-06 5.92426e-07 -0.00232567 -5.09737e-06 -0.0319506 -0.000570607 0.0261531 5.99247e-05 0.0389229 1.10861e-06 -3.34654e-05 0.0438539 0.000275539 -0.000139965 0.0147259 -0.000901897 0.00348651 0.00131069 2.86126e-06 -0.00171972 0.00970663 -9.48964e-05 -6.02131e-06 
0.000928118 8.9626e-07 0.0118303 0.000516947 0.00306627 -1.25322e-05 -0.000168653 0.000513005 -0.00979971 -2.08053e-05 -0.000608573 -0.00190024 0.00252563 5.12373e-05 0.000188123 0.00287694 -0.00135714 -0.00231681 -0.00253744 0.0346083 9.45262e-06 -0.00527549 1.02277e-05 -0.015147 0.000318018 0.00443021 -0.00193902 0.00479433 -0.000112826 -7.29495e-06 0.000189127 0.00173561 3.19854e-05 -0.000348986 -0.000783832 -0.00148387 -0.00631378 0.00207316 0.000399441 -0.000298363 6.43304e-05 0.0085289 0.000710783 -0.0015864 1.08263e-06 -8.32492e-06 0.000356313 -0.000287411 -0.01636 0.000282838 0.00258265 0.0022078 -0.000380808 0.000403909 2.54138e-06 0.000123471 0.000104454 -5.01128e-06 0.00711931 0.00268118 -4.83438e-06 0.0100313 1.35024e-05 -0.00663129 3.70925e-05 -7.8062e-05 -7.37868e-05 1.81645e-05 0.00015117 -0.0036754 -0.00236953 1.51152e-05 0.00270544 0.00385392 1.06878e-05 -4.23759e-06 -0.00379213 -2.15121e-06 2.06137e-07 -0.000170624 1.77883e-05 -0.00281395 -9.23512e-05 -0.00482472 0.000257603 -0.0037536 6.80993e-07 5.57779e-07 0.0010048 -0.00055217 -3.6863e-05 -0.0068315 -7.52154e-05 -7.91987e-05 -0.000150702 7.96868e-09 -0.00398736 -0.00535307 2.80118e-05 9.9019e-08 
-6.97123e-07 -1.59785e-09 -1.17845e-05 -8.53401e-06 2.75663e-05 -8.21553e-08 -3.97184e-07 -3.72117e-06 -6.65047e-05 -9.07173e-08 5.36223e-05 -0.000173057 7.37918e-05 -9.43224e-05 4.09041e-05 -0.000121613 -5.20641e-05 -2.60212e-05 -2.46605e-05 9.45262e-06 0.000235268 7.17792e-06 -4.83291e-08 1.42467e-05 -2.93283e-07 1.60008e-05 5.87655e-05 -1.33742e-05 -9.4281e-07 -5.66941e-08 -4.10595e-07 -1.09452e-06 1.88213e-06 3.38013e-05 -4.12652e-06 -1.394e-05 -0.000121409 -0.000194839 6.77574e-06 1.7626e-06 -5.73365e-05 -4.84061e-05 -8.57645e-07 -2.10908e-05 3.32586e-07 2.99627e-08 0.000133634 2.47189e-06 -0.000194757 -1.74529e-06 -0.00011103 9.31263e-05 -1.53435e-06 -2.46915e-07 1.17613e-06 -1.64383e-07 3.44448e-06 8.77145e-06 1.35222e-05 -1.02955e-05 4.21107e-07 9.005e-05 4.96499e-06 -4.66627e-05 -2.21932e-07 -6.23008e-07 4.57936e-06 1.29891e-07 3.80855e-05 4.62616e-05 -1.47062e-05 4.4495e-07 2.33599e-05 -1.1885e-06 -1.45267e-06 -9.71935e-08 -8.42061e-06 4.88117e-07 -2.21988e-10 3.54514e-06 -8.9266e-09 -1.75871e-05 4.54041e-05 5.05179e-05 4.57164e-05 3.8196e-05 1.42466e-07 4.06803e-08 0.000116661 -4.8868e-06 -2.47132e-07 3.19301e-05 -6.9643e-07 8.76495e-05 2.54205e-06 -1.23702e-09 3.3391e-05 -2.40715e-05 -3.94359e-08 4.12181e-07 
-0.00275319 -2.73646e-06 -0.0028617 -0.000634317 0.00164155 -1.43285e-05 -0.000350403 -0.00458389 0.00461461 -0.000363019 -0.000771546 0.0142342 0.000287238 0.00424423 -0.000617522 0.00779905 -0.00547033 -0.00640352 0.00548534 -0.00527549 7.17792e-06 0.0409141 -9.64055e-05 0.00640424 -0.00104595 0.00205007 -0.00259635 -0.00774439 -0.00184426 -0.000193796 -0.000724219 -0.00313002 -0.000376786 0.000229737 -0.00263913 -0.0100704 0.011987 0.00101762 -0.000852415 1.033e-05 -0.0054366 -0.00228723 -0.00271118 -0.00883175 -7.84227e-07 -6.73657e-05 -0.000221178 -0.00185044 0.00337293 -0.000861676 0.0086773 -0.00520536 0.000256789 -0.00137817 -1.13142e-06 -5.77105e-05 -0.000143088 -2.72536e-05 0.00372082 -0.00378251 5.8619e-06 0.000285891 -3.48408e-05 0.00459254 -0.000694581 7.91011e-05 -0.00109173 -4.01405e-05 -7.15275e-05 -0.001367 0.00804782 -0.000559703 0.00953868 -0.00320741 -0.00170524 -1.06696e-05 -0.00316626 -2.75829e-05 -4.06348e-07 -0.0014635 -2.68854e-05 -0.00851953 5.91675e-05 0.00286369 -0.000447566 -0.00349183 -2.2491e-06 -1.33156e-05 -0.00376637 0.000555261 -2.01681e-06 -0.00953529 -0.00170333 -0.000237359 1.15839e-05 -6.61992e-07 0.00192644 -0.00934052 -0.000110203 -3.01188e-06 
3.23483e-05 -1.39448e-09 -2.02754e-05 -9.67042e-06 1.62498e-05 -7.16993e-08 2.2133e-06 5.3001e-05 -7.09077e-05 6.08671e-06 -3.32378e-06 -0.000112301 -1.2163e-06 -0.000106114 1.30911e-06 -9.34087e-06 5.0863e-05 3.23808e-05 -6.76562e-05 1.02277e-05 -4.83291e-08 -9.64055e-05 0.000205331 -2.23504e-05 5.03738e-06 3.76394e-05 -8.17965e-07 -2.98842e-06 5.87122e-07 1.27188e-07 4.19166e-06 1.80321e-05 -5.78406e-08 3.88387e-05 0.000100164 5.58008e-05 -0.000109316 -2.4223e-05 -4.44492e-08 -1.77519e-06 9.49278e-05 4.04798e-05 1.98985e-05 9.18794e-05 -6.52403e-10 1.0427e-07 -4.30176e-07 2.61904e-06 3.44562e-06 2.29422e-05 -0.000103009 -1.01327e-06 -2.32041e-06 1.27057e-05 1.34565e-07 1.66539e-07 -9.20901e-08 -3.94645e-08 -3.34519e-05 1.56282e-06 -3.1034e-08 -1.46076e-05 3.35296e-06 -4.02996e-05 2.3873e-05 -5.43716e-07 -5.12563e-07 1.80451e-06 4.03971e-07 -4.05146e-05 -0.00011786 8.20502e-07 -5.96472e-05 1.22704e-05 4.17524e-06 -1.13914e-07 -2.76871e-05 -1.32801e-08 -1.93736e-10 4.18387e-06 4.58876e-07 -1.72555e-05 -3.41992e-08 -4.57233e-05 6.32363e-08 3.15703e-05 -7.57143e-10 8.35634e-08 9.63636e-06 -1.56624e-06 -3.14588e-07 6.75286e-05 4.14554e-06 4.04876e-07 -9.52153e-07 -1.07958e-09 -2.64848e-07 4.12254e-05 -8.67805e-08 -3.9151e-09 
-0.00309671 -3.14012e-06 -0.00506075 -0.00429553 -0.00545472 -0.000291419 -0.000395126 -0.000961076 0.0167527 3.0227e-05 0.000872548 -0.0048265 0.00127281 0.00409237 -0.000590684 -0.00318337 0.0145567 0.0193791 -0.0126516 -0.015147 1.42467e-05 0.00640424 -2.23504e-05 0.0698712 -0.00111829 -0.0148145 0.00272844 -0.00362217 -0.00418014 -0.00017242 -0.000499907 -0.00620814 -0.000288518 0.000301582 0.000396257 -0.00133593 -0.0136763 0.000643297 -0.000792839 -0.00364766 0.023888 -0.0137297 -0.0022728 0.0178863 -5.23228e-07 9.93021e-06 0.000129473 -0.00525937 0.0289002 0.000539609 -0.0134871 0.000614032 0.000821921 -0.00146073 -6.05608e-06 -0.000134761 -0.000283608 -2.68057e-05 -0.0447541 0.00204476 8.82486e-06 -0.0401824 -7.7449e-05 0.0103387 -0.000492104 0.000152312 -0.00115811 -3.96362e-05 -7.98243e-05 0.0124074 -0.0203504 -0.00057449 -0.0346489 -0.0037562 -0.00241566 3.7201e-05 0.000926452 -1.98425e-05 -1.68699e-07 -0.00314356 -2.53395e-05 0.00616435 0.000192756 -0.0177131 -0.000360207 0.0232562 -4.31346e-07 -8.77707e-05 0.0205583 0.00197909 -0.000103331 0.0154072 -0.00232372 -0.000790761 -0.000503891 2.27321e-07 -0.00173593 0.0150537 -0.000295915 -1.23578e-06 
0.000367502 8.38204e-07 0.000416898 -1.85008e-05 0.000363882 -3.91771e-07 -9.00661e-06 0.000121773 -0.000431355 1.09993e-05 -2.44384e-05 -0.00088311 6.26854e-05 -0.00103854 8.33904e-05 -0.000413447 -0.000279975 -0.000422488 5.0786e-05 0.000318018 -2.93283e-07 -0.00104595 5.03738e-06 -0.00111829 0.00124475 9.00679e-05 -3.66878e-05 0.000430493 0.000487162 7.16974e-06 0.000312012 0.000848434 5.15618e-05 -1.78755e-05 0.000380125 -1.27375e-05 -0.000188099 -0.000610903 1.55493e-05 8.7624e-05 -0.000490309 0.000245855 0.000195232 -0.000396649 -3.95908e-09 -3.17964e-07 -2.61051e-06 0.000659469 -0.000998718 -5.81223e-06 -0.000614497 -2.36687e-05 6.73473e-06 0.000152614 -7.34403e-08 2.85274e-06 -2.92178e-07 1.12638e-05 0.000889679 -7.5429e-05 -1.88328e-07 0.000851795 9.88088e-06 -0.000234998 -1.03871e-06 -1.01285e-06 0.00037788 2.58831e-05 -4.68479e-07 -0.000246046 -0.000134397 7.78008e-05 4.84132e-05 0.00020956 0.000579762 -6.91285e-07 -7.70083e-05 3.15941e-06 -1.17568e-09 0.000487773 1.88094e-05 -9.10973e-05 -3.26199e-06 0.000258328 4.28619e-05 -0.000497487 -4.59469e-09 5.76003e-06 -0.000456728 -0.000263374 6.18427e-06 -0.000400025 0.000567978 0.000152083 2.60789e-06 3.34486e-08 0.000181974 -0.000355595 9.481e-05 9.2908e-08 
-0.000269264 1.01637e-08 -0.00532718 0.00106081 -0.00667594 0.000282303 -0.000372299 0.00440541 -0.0215531 -1.09394e-05 0.00796535 0.0108765 -0.00153656 0.00127505 -0.000112618 0.0193512 -0.0176231 -0.0254082 -0.008973 0.00443021 1.60008e-05 0.00205007 3.76394e-05 -0.0148145 9.00679e-05 0.07442 -0.00330734 -0.00448964 0.00136406 -1.37191e-05 -0.00011097 -0.000184496 -4.13561e-05 0.0106736 -0.0010903 -0.00454634 0.0276724 -0.00448662 -7.99263e-05 -0.000169723 -0.0154765 0.0205649 -0.000261823 -0.02266 -2.43905e-07 -1.56661e-05 -9.13757e-05 0.00202496 -0.0174583 -0.000269445 0.0195941 -0.00105287 -0.000777896 -8.25116e-05 -3.46839e-06 -2.91326e-05 0.000168429 1.68861e-05 0.0401324 -0.0040979 -1.21765e-05 0.0049812 0.000202323 -0.00803137 -6.47025e-05 -0.000111534 0.00066957 -3.26879e-06 0.000264103 -0.0150663 0.0124723 4.71664e-05 0.0289208 7.00391e-05 0.000793763 4.62943e-05 -0.000473611 -3.86293e-06 -7.63886e-08 0.00337031 -2.47507e-06 -0.00694929 0.00117249 -0.0119959 -7.98556e-05 -0.0145701 -3.85365e-08 7.46848e-05 -0.0231096 -0.00120096 0.000138713 -0.0221063 0.00102039 -0.000495855 0.000671458 -3.62338e-07 0.00477143 -0.0204492 4.0013e-05 1.67963e-06 
0.000380521 -6.9785e-08 -0.00361039 0.0116165 -0.00147556 -1.96985e-05 0.000821638 -0.000447238 -0.0148438 -2.45684e-05 -4.6272e-05 -0.0332048 0.00476273 -0.030559 -3.0812e-05 0.00664852 -0.010755 0.0296037 0.0297285 -0.00193902 5.87655e-05 -0.00259635 -8.17965e-07 0.00272844 -3.66878e-05 -0.00330734 0.0532402 -0.000798116 0.000365043 -5.59698e-06 -7.17923e-05 8.67511e-05 -2.44895e-05 -0.000561778 0.00100901 0.000443863 -0.026482 -0.0337191 -4.427e-05 4.80174e-05 0.0225336 -0.011611 0.000137511 0.0269362 5.64093e-07 -1.34852e-05 0.000507447 0.000258334 -0.00904514 4.68322e-05 -0.0260612 0.000225666 0.00679451 0.000147219 4.41179e-06 -2.8511e-05 -1.8854e-05 -5.41908e-06 -0.00792991 0.00590184 -6.98955e-06 -0.00142895 -1.769e-05 -0.00955538 3.9877e-05 -9.02697e-05 0.000292503 -2.42397e-06 0.000721215 -0.00325261 -0.0279946 9.24857e-06 -0.0127794 -0.000483599 -0.000270236 2.67934e-05 -0.00800058 6.32478e-06 7.67735e-08 -0.000279471 -1.91701e-06 -0.00490958 -6.74739e-06 -0.00765519 1.02041e-05 0.0226955 1.24198e-06 -4.66822e-06 0.0271064 3.91697e-05 -8.4326e-05 0.0228105 -7.37243e-05 0.00423729 -6.56797e-05 2.06732e-07 -0.0066986 0.0199678 -1.88719e-05 -1.02563e-06 
0.00108244 9.51051e-07 0.0373815 -0.00190125 0.0398137 -1.30652e-05 -0.000370832 0.00885695 -0.0142276 0.000323085 -0.0011383 0.0040624 0.0013981 -0.0133668 0.00034514 -0.0343659 0.0320011 -0.0142044 0.021852 0.00479433 -1.33742e-05 -0.00774439 -2.98842e-06 -0.00362217 0.000430493 -0.00448964 -0.000798116 0.0561686 -0.000179019 4.92248e-05 0.000705877 0.00109792 0.000252063 -0.000342605 -0.00132399 -0.00283004 -0.0309842 0.00275558 0.000626738 -0.000260381 -0.0198147 -0.011183 0.00162689 -0.0155271 -1.89765e-07 5.47279e-06 -0.000112942 -0.000471824 0.00232797 0.00420001 -0.0110346 -0.000795054 -0.000677926 5.39912e-05 5.29322e-06 0.000389991 2.45103e-05 -9.62423e-07 -0.00614311 -0.00361887 -8.32688e-06 0.00483917 -2.43927e-06 -0.0114189 0.000243792 -0.000153565 -7.67764e-05 2.5107e-05 0.000137337 -0.000455459 0.0134404 0.000195859 0.0250075 0.00134907 -0.000347336 -2.66377e-05 -0.00245435 4.4672e-06 1.83648e-07 -0.00037856 4.77064e-06 0.00235496 -0.000141269 0.0267217 0.000479442 -0.0230258 1.83102e-07 -4.5605e-06 -0.0198428 -0.000132055 -7.45779e-05 -0.0176203 -0.000148623 0.000268871 0.00144142 4.83932e-06 -0.00576305 -0.0154983 -1.87486e-05 3.54544e-07 
0.000597483 5.41029e-07 -0.000731503 0.00108106 0.000778205 3.92489e-06 -4.8374e-05 -0.000117923 -0.00203038 -6.09518e-06 5.28709e-05 -0.000283542 -0.000159204 -0.00352897 0.000154914 -0.00106739 -0.00159752 -0.00215748 0.00143146 -0.000112826 -9.4281e-07 -0.00184426 5.87122e-07 -0.00418014 0.000487162 0.00136406 0.000365043 -0.000179019 0.00619152 9.01232e-06 1.16492e-05 0.000841281 9.7329e-06 3.17607e-05 0.000751412 -4.57246e-05 0.0015863 -0.00502232 -5.46897e-06 0.000659377 -0.00225146 0.00154555 0.000112343 -0.00209916 7.43542e-07 -1.31619e-06 -1.89677e-06 0.00403603 -0.004943 -4.41241e-05 -0.00197622 -0.000112805 5.4444e-05 0.000193896 3.13953e-06 -3.77881e-06 5.6963e-06 2.54928e-05 0.00445326 -0.000349886 -8.248e-07 0.00414513 6.20417e-05 -0.00111021 -2.28246e-06 0.000140532 0.00110329 9.21234e-06 -9.86779e-06 -0.00120477 0.000440196 0.000189981 0.00187768 0.000474479 0.00217984 6.40886e-07 0.000262041 6.96046e-06 -5.87728e-09 0.00168733 2.757e-06 -0.000532955 1.24864e-05 0.000162434 -2.22252e-06 -0.00180977 -2.29692e-08 1.37436e-05 -0.00232331 -0.000649442 4.40965e-05 -0.00188334 0.00196368 0.00125507 4.54996e-05 -1.60841e-08 0.00327302 -0.00180174 3.9724e-05 1.6679e-06 
7.09046e-05 2.28364e-07 1.08707e-05 1.55271e-06 -2.40135e-05 4.79224e-07 8.38579e-06 3.43189e-05 -8.03886e-05 4.25623e-07 -3.26414e-06 -0.000191019 1.49138e-05 -0.000196414 9.77178e-05 -0.00015205 -1.73541e-05 -4.95526e-05 -7.85658e-05 -7.29495e-06 -5.66941e-08 -0.000193796 1.27188e-07 -0.00017242 7.16974e-06 -1.37191e-05 -5.59698e-06 4.92248e-05 9.01232e-06 0.000240862 1.0113e-05 1.25027e-05 1.80234e-06 -3.20335e-06 -3.01827e-06 0.000174728 -0.000116276 -2.9114e-05 9.88235e-05 6.08875e-08 9.34167e-06 -3.02969e-05 0.000177972 0.000136434 -7.65323e-10 3.3452e-06 3.1932e-05 1.18074e-05 -0.000129731 8.31471e-06 -0.000131363 0.000155101 1.59428e-05 5.92406e-05 2.29137e-07 2.89504e-06 7.19197e-06 7.70381e-08 -2.57777e-05 -1.34782e-05 -3.64054e-08 -1.02368e-05 2.50556e-05 -4.53266e-05 9.34061e-05 -6.37824e-07 2.67205e-06 -1.03499e-08 -9.5336e-07 -2.33208e-05 -0.000130401 1.39142e-06 -7.2198e-05 0.000100577 1.20216e-05 -1.33631e-07 -3.38371e-05 2.32775e-06 -2.27268e-10 1.34347e-05 -9.1389e-09 -2.07878e-05 -5.43904e-07 -5.05407e-05 8.61412e-06 -4.3929e-08 -8.88192e-10 -2.31918e-08 2.01066e-05 -4.67071e-06 -3.69038e-07 0.000140823 1.27503e-05 -1.56557e-06 -7.64135e-07 -1.26644e-09 4.89935e-05 0.000116905 1.05487e-06 -4.59274e-09 
0.000388524 2.48194e-08 0.000826394 8.11208e-05 0.000819085 1.08086e-06 3.82582e-05 0.000395087 -0.000605725 2.30831e-05 -2.95035e-05 -0.000668138 2.25758e-05 -0.00121466 5.83606e-05 -0.00105165 4.27614e-05 -0.000164655 0.00071942 0.000189127 -4.10595e-07 -0.000724219 4.19166e-06 -0.000499907 0.000312012 -0.00011097 -7.17923e-05 0.000705877 1.16492e-05 1.0113e-05 0.00174177 0.000445125 4.38072e-05 -2.20076e-05 1.24894e-05 0.00015775 -0.000885981 -5.69768e-05 3.6943e-05 4.64983e-05 -0.000220873 -0.000332615 0.000187189 -6.79731e-05 -5.54268e-09 -4.45148e-07 9.58643e-07 4.16807e-06 -0.000572987 6.09416e-05 -0.000750458 6.13806e-05 -2.04166e-05 0.000196601 1.67184e-07 2.44785e-06 -4.65712e-07 7.28051e-07 0.000380363 0.000117924 -2.46992e-07 0.000509152 2.23057e-06 -0.000344899 1.24178e-05 -2.78597e-06 -3.01797e-06 9.13838e-06 -3.3145e-06 -0.000296084 6.92897e-05 1.61465e-05 0.000462246 8.96097e-05 2.34651e-05 -9.67794e-07 -0.000187328 -5.61586e-08 -1.64594e-09 -1.11013e-05 1.15238e-05 -0.000110691 -4.31677e-06 0.000521735 5.014e-05 -0.0002443 -6.43253e-09 3.94204e-06 -0.000337288 -0.000123477 -2.67268e-06 -7.7868e-05 -4.5137e-06 -4.9193e-06 -6.1549e-06 8.94161e-07 -0.000146448 -1.071e-05 6.80394e-05 3.34048e-08 
0.00254388 1.81742e-06 0.00117984 0.000927626 0.0010204 -1.04826e-06 -6.38466e-05 0.00122183 -0.00177528 8.41006e-06 -0.000144078 -0.00167325 -0.000177944 -0.00384377 0.000138323 -0.00288432 -0.000636106 -0.00285417 0.0024548 0.00173561 -1.09452e-06 -0.00313002 1.80321e-05 -0.00620814 0.000848434 -0.000184496 8.67511e-05 0.00109792 0.000841281 1.25027e-05 0.000445125 0.00816703 3.51419e-05 -0.000119085 8.6829e-05 0.000189752 0.000851514 -0.00110693 -6.53779e-06 0.000347017 -0.00225715 -0.000683096 0.00137565 -0.00181428 1.38406e-08 -1.6976e-06 -3.53543e-06 0.0009991 -0.0044181 -1.97489e-05 5.26671e-05 -0.000146677 -4.58617e-05 0.00132554 -1.38585e-07 -2.7957e-06 -2.20253e-06 2.66376e-05 0.00428006 -0.000338592 -1.24437e-06 0.00428562 1.04197e-06 -0.00130564 8.80471e-05 -9.44137e-06 0.000205434 3.24696e-05 -2.47966e-05 -0.0015487 0.00177483 7.09809e-05 0.00329959 0.00124491 0.000588266 2.15711e-07 -0.00106242 5.70084e-06 -7.76821e-09 0.000418536 2.33376e-05 -0.000703203 -1.98601e-05 0.00402212 1.98027e-05 -0.00307182 1.12974e-07 9.03062e-06 -0.00345014 -0.000486232 4.20264e-06 -0.00156939 0.000449326 0.000212785 0.000229904 -3.28784e-09 0.000716563 -0.00232479 9.94604e-05 -1.56984e-07 
1.39874e-05 3.82881e-07 9.70664e-05 0.00020509 -1.6597e-05 5.61868e-06 3.84379e-06 2.09595e-05 -9.39008e-05 1.46233e-05 1.93237e-05 -0.00033433 0.000250597 -9.36305e-05 0.000245822 -0.000248488 -6.19615e-05 9.6994e-05 -3.55538e-05 3.19854e-05 1.88213e-06 -0.000376786 -5.78406e-08 -0.000288518 5.15618e-05 -4.13561e-05 -2.44895e-05 0.000252063 9.7329e-06 1.80234e-06 4.38072e-05 3.51419e-05 0.000557246 2.36321e-06 3.60935e-06 7.37038e-05 -0.000256179 -0.000289659 0.000171965 -4.63937e-06 -7.19258e-05 -2.53191e-05 5.73321e-05 7.12052e-05 -1.77117e-09 4.77524e-08 2.49321e-05 1.59392e-05 -0.00025893 4.94031e-05 -9.31216e-05 0.000108302 2.5042e-06 -7.86725e-07 3.30478e-07 2.55719e-06 1.72233e-05 1.67929e-05 -9.60007e-05 4.84058e-05 1.99081e-07 -4.28604e-05 1.01842e-05 -8.65079e-05 7.17505e-07 -1.00611e-06 1.87551e-05 2.33094e-05 3.1747e-05 -3.52105e-05 -0.000177999 0.000127148 -0.000160452 1.58934e-05 1.19697e-05 -2.7926e-07 5.44716e-05 -3.60535e-08 -5.25962e-10 6.04357e-06 1.87885e-06 0.000134307 6.17349e-07 -0.000109723 0.000293675 -6.03328e-05 4.79445e-08 6.06328e-07 9.30952e-05 -0.000165784 4.94928e-06 5.60974e-05 3.15866e-05 -3.41708e-06 2.14729e-06 3.87069e-07 -6.9852e-05 7.93258e-05 -2.35596e-07 6.19371e-07 
