0.0230112 0.0201697 -0.018979 3.91227e-06 -7.65002e-05 0.0177609 -0.000599777 0.000355297 0.0204195 -0.000203679 0.000486872 -0.000210361 0.0203772 -0.000178984 -0.018538 0.00241791 -3.8113e-07 0.0202568 0.000307616 0.000591707 0.020812 -0.00536951 0.020636 0.0111922 -7.1507e-05 -0.020163 -0.0221475 -0.000879286 -0.0219289 -0.0226359 -0.00352206 -7.59274e-07 0.000205887 0.00331837 -4.05597e-06 -0.00428753 -0.0039757 0.000212739 -0.01366 0.0189429 -5.91522e-08 1.04055e-05 -8.25901e-06 -2.46147e-05 0.0221621 -0.00203885 -0.000167493 0.00131886 -8.06451e-07 -0.00128825 -0.0100928 -4.43366e-07 -2.74027e-10 -2.00885e-07 -4.10101e-05 -1.97032e-05 5.39383e-05 0.0213922 -0.000606984 -0.000172216 -1.8585e-05 -0.000664494 -0.00431113 0.000451835 -3.70432e-05 -0.00120605 -1.2006e-05 0.000121465 1.0793e-06 -0.0216888 -4.28468e-05 -3.73735e-06 0.0213806 -0.000216298 -0.00111746 -2.97654e-05 -1.96305e-05 2.34694e-05 1.23803e-06 0.00290376 -0.0225823 0.00128711 -0.0141241 0.000434869 0.000273239 -0.000734177 -3.95531e-05 0.000114047 -2.66591e-05 -1.64634e-06 0.00138598 -1.43433e-05 -5.54566e-05 0.00376408 -0.00169557 -3.93829e-05 -0.0215608 8.33807e-07 0.000754077 -0.0171781 
0.0201697 0.11926 -0.0108773 2.75573e-06 -0.000319697 0.0663703 -0.00338431 0.00654662 0.0400797 -0.000444986 0.000879061 0.00203443 0.0195676 -0.00090039 -0.0225966 0.00816802 8.15478e-07 0.0186117 0.00521972 0.00909889 0.0252775 -0.0311281 0.0243979 0.0098449 -0.000395287 -0.0327817 -0.0260816 -0.00116328 -0.0254603 -0.0276869 -0.0201707 -1.16841e-06 0.000530568 -0.0319585 -1.50565e-05 -0.021898 -0.0187127 0.00625677 0.000719827 0.0198151 3.05897e-07 1.37821e-05 -2.65732e-05 0.000933074 0.0227358 -0.0101648 0.00267775 0.00189972 -6.70083e-06 -0.00649389 -0.0571051 -6.0749e-07 -8.46367e-07 -1.13528e-06 0.00154193 0.000257539 4.53598e-05 0.0212072 -0.00334824 -0.00237409 0.000321891 -0.00242457 -0.0152892 0.00017098 0.000432244 -0.00508141 2.9303e-05 0.00068046 6.3817e-06 -0.0243744 0.000190931 -5.07169e-06 0.0366373 -0.00109109 -0.00333385 -0.000131515 -0.000130429 0.000289106 -1.97877e-06 0.0205873 -0.0266232 0.00132264 -0.0532113 0.000731816 0.000122015 0.0272177 0.00340135 0.00440592 -0.000156548 -1.3822e-05 0.00949497 -8.31599e-05 -0.000220732 0.00331686 -0.00993015 -0.000259232 -0.0497717 0.000141568 0.000493172 -0.0165269 
-0.018979 -0.0108773 0.146508 -6.71372e-06 -0.00295499 -0.012017 0.00366329 -0.00823375 -0.0177457 -0.00753208 -0.00068486 -0.00513791 -0.0213693 0.00047538 0.0155012 -0.00775501 -5.90479e-06 -0.0186789 -0.0050899 0.00428018 -0.0284742 -0.0812231 -0.0245606 -0.00955045 0.00037356 0.0232323 0.0299444 0.00314087 0.0291984 0.0280464 0.0241069 -2.41373e-05 -0.000548973 -0.0501546 -0.000121024 0.0207567 0.0252197 -0.00962303 -0.00613619 -0.0246414 -1.74581e-06 -2.06838e-05 1.16857e-05 -0.000870184 -0.0202367 0.00889141 -0.00635797 -0.00125595 -1.90899e-05 0.00694679 -0.0453351 -8.22562e-06 -5.33321e-06 -6.60276e-06 -0.00145514 -0.00102028 -9.68914e-05 -0.0189808 0.00403415 0.00318588 4.75256e-05 0.00119371 0.0232052 -0.00201423 -0.000792516 -0.00599822 -0.000423248 -0.00114644 -6.39968e-06 0.0246798 -0.00097905 -7.90577e-05 -0.0185414 -0.00353874 0.00272431 -0.00171078 -0.00050103 -6.34046e-05 -2.53369e-05 -0.0208725 0.028863 -0.00229451 -0.0168199 -0.00128777 -0.00027318 0.0519295 -0.00477298 0.00369657 -0.000935608 -5.48731e-05 -0.00765484 -0.00017751 -5.38454e-05 -0.00310862 0.00835196 -0.00164782 0.0260212 -0.00071095 -0.0034572 0.019509 
3.91227e-06 2.75573e-06 -6.71372e-06 9.66324e-06 1.01853e-06 -9.50067e-07 -2.4796e-07 2.29543e-06 -3.56702e-07 -1.06107e-07 -1.33599e-08 3.74352e-06 2.01545e-06 -7.42946e-08 -7.72034e-06 -1.09738e-07 -3.7497e-10 5.27645e-06 -6.20318e-08 1.26384e-06 6.10336e-06 -1.73255e-06 6.13832e-06 7.43089e-07 -2.9321e-08 -6.4167e-06 -8.24628e-06 -3.59985e-07 -8.23533e-06 -5.22253e-06 -1.19157e-06 -1.28861e-09 -7.06341e-09 2.2862e-06 -1.66312e-09 1.97168e-06 -4.83631e-07 1.37685e-06 -7.15783e-06 7.25385e-06 -2.4255e-11 -2.45127e-10 -3.45216e-09 -1.50573e-08 1.71032e-06 1.3678e-07 1.7118e-06 2.94148e-06 -7.28422e-10 -4.3824e-07 -4.1458e-06 -1.818e-10 -7.11866e-11 -9.74064e-11 -2.0587e-08 4.75251e-06 -1.44953e-09 4.46339e-06 -4.25715e-08 2.48621e-06 -8.0922e-09 9.95625e-08 -8.25624e-07 1.66202e-06 -1.56144e-08 -4.96631e-07 6.12675e-07 6.34768e-07 -3.5429e-10 -8.24474e-06 5.88283e-07 -1.53248e-09 6.7028e-06 1.34968e-06 1.56134e-06 -2.01244e-08 -1.01351e-08 5.41979e-07 -5.72134e-10 -6.35695e-06 -7.60033e-06 1.12538e-07 -5.75767e-06 1.73636e-09 5.58702e-06 -3.43358e-06 2.45637e-06 2.97827e-06 1.72119e-07 -1.03591e-09 3.03209e-06 7.07853e-08 -2.36964e-08 -4.43301e-08 1.54774e-07 1.41948e-06 -7.36968e-06 4.61138e-07 1.57808e-06 -7.47815e-06 
-7.65002e-05 -0.000319697 -0.00295499 1.01853e-06 0.00358818 -0.000497689 -9.13718e-05 0.000397301 -0.000121086 -3.63318e-05 5.92813e-05 0.0025233 0.00323096 0.0004372 -0.00214656 8.19813e-06 -1.97366e-08 0.000825205 2.93265e-05 0.000181783 0.00346009 -0.000810937 6.30382e-05 0.000102974 -1.07001e-05 -0.00321221 -0.00346027 -0.000135305 -0.00344406 -0.00192947 0.00011986 1.09645e-06 -4.55594e-07 0.000991632 -6.19782e-07 -0.000129882 -0.000605992 0.0032264 -0.00277174 0.00208631 9.74294e-07 5.88532e-06 2.79351e-06 1.16487e-05 -6.67699e-05 0.000832142 0.00306342 -7.23324e-06 1.28619e-05 -0.000184241 -0.00154498 -6.77496e-08 6.27347e-06 8.12703e-06 -4.95196e-06 3.43461e-05 1.98498e-05 -8.39259e-05 -8.79348e-05 6.87546e-05 1.04349e-07 0.00327293 -0.000656942 0.0016797 0.000163451 -0.000184775 4.73814e-06 -8.13171e-07 -5.53635e-08 -0.003297 -1.12153e-05 7.72022e-05 0.00325059 0.00347493 0.000774253 0.00194022 0.000432193 6.20061e-08 6.43455e-07 -0.00293232 -0.00344053 9.88528e-05 -0.00214495 1.22605e-05 3.00722e-05 -0.00117952 0.000123 -0.00022404 6.42875e-05 5.80306e-05 4.52419e-05 6.86616e-05 3.40859e-05 -1.64835e-05 8.39709e-08 0.00165201 -0.00328977 1.87141e-05 0.00282802 -0.00339015 
0.0177609 0.0663703 -0.012017 -9.50067e-07 -0.000497689 0.120688 -0.00331383 0.000765151 0.0384496 0.00718335 0.000902991 -0.00093051 0.0191358 -0.00103553 -0.016992 0.00261524 -3.438e-06 0.0160801 0.000493869 0.0115449 0.0171511 -0.017369 0.016631 0.00908353 -0.000332269 -0.0350143 -0.0178212 -0.00126594 -0.0171527 -0.0210672 -0.020119 -1.20724e-05 0.000273958 -0.0341798 0.000120686 -0.0234604 -0.0209998 0.000155335 0.00744537 0.0134454 1.30929e-07 -2.42482e-06 -4.4417e-05 0.000233676 0.0191777 -0.0113023 -0.000741826 0.000793302 -3.87337e-06 -0.00574599 -0.0467902 -1.99806e-06 -8.60948e-07 -1.20857e-06 -0.000196248 -0.000238497 1.51062e-05 0.0186265 -0.00328796 -0.00156973 0.000344587 -0.00515108 -0.0228199 -0.000295317 -8.56543e-05 0.0107751 -4.98902e-05 0.000614123 7.68246e-06 -0.0171129 -0.000469402 -2.15989e-05 0.0324747 -0.0010655 -0.00105788 -0.000280934 -0.000133778 2.83207e-05 -3.02596e-06 0.0222392 -0.0193556 0.00123822 -0.0494167 0.00136454 5.6775e-06 0.0200127 0.000228363 0.00243231 -0.000147548 -1.47509e-05 0.000195725 -7.28247e-05 -0.000243699 0.00333659 -0.0100499 -0.000282222 -0.0494628 -0.000111691 0.000241932 -0.00946589 
-0.000599777 -0.00338431 0.00366329 -2.4796e-07 -9.13718e-05 -0.00331383 0.0250015 -0.000219488 -0.00131794 -0.000277827 4.41008e-05 -0.000353839 -0.000846075 -5.46708e-05 -0.0107552 -0.000268251 7.86431e-06 -0.000583402 -0.000162415 -0.000397136 -0.000872396 -0.00583814 -0.000733587 -0.000300374 -6.78085e-05 0.00116786 0.000906584 -0.000818029 0.000809016 0.000884165 0.00257758 -2.25175e-06 -1.85928e-05 -0.0114551 -1.63624e-06 0.0186398 0.0132955 -0.000290144 -0.0154979 -0.000642841 5.8927e-08 -6.50906e-07 2.13532e-05 -3.85864e-05 -0.000635748 0.0072036 -0.00017374 -7.24998e-05 6.92424e-07 0.00766562 -0.0109595 9.47252e-07 -1.62361e-07 -1.31985e-07 -5.3573e-05 8.16852e-05 -3.8224e-06 -0.000587086 0.00204826 -0.000163339 3.96254e-05 0.000909209 0.00756831 -7.95097e-05 -7.16894e-06 0.00155124 -2.28481e-05 6.46856e-05 -9.40777e-07 -0.00254343 -8.08194e-05 5.71402e-06 0.00209189 -0.000183444 -0.00109707 -5.29214e-05 -4.56269e-06 -7.07353e-06 7.48076e-06 -0.0187829 0.00072838 -7.0468e-05 -0.0149451 -4.8407e-05 -5.08461e-05 0.00605262 0.000611559 0.00348528 -2.82384e-05 -1.90407e-06 -0.000285038 -4.52396e-06 -5.78298e-05 -8.80903e-05 0.00337013 -5.44676e-05 0.00184127 -2.32626e-05 -0.000109207 -0.00186331 
0.000355297 0.00654662 -0.00823375 2.29543e-06 0.000397301 0.000765151 -0.000219488 0.0103662 0.0054896 0.0014013 0.000312297 0.00301347 0.000767662 0.000137098 -0.00681759 0.00705413 3.70683e-06 0.00066231 0.00587772 -0.000526356 0.00884416 -0.00127443 0.00845176 -9.19158e-05 -2.83933e-05 -0.00708786 -0.00961406 -0.000382598 -0.00963348 -0.00763554 -0.00159678 4.76637e-06 0.000414906 -0.00473886 -2.29808e-08 0.000259671 -0.000699561 0.00779917 -0.00549897 0.00377091 8.53705e-07 7.47093e-06 1.20109e-05 0.000700673 0.00231449 -0.000661452 0.00471332 3.49537e-05 2.31437e-05 -0.000266048 -0.00446918 1.51996e-05 -3.05062e-08 9.44024e-08 0.00179025 0.00134503 1.35786e-05 0.000960297 -4.11573e-05 0.00132473 6.04806e-05 0.000705255 -0.0016006 0.000216795 0.000880409 -0.000524988 3.10023e-05 0.00115063 3.1925e-07 -0.00905874 0.00129128 1.99953e-05 0.00637615 0.000605309 -0.000472584 0.000316857 0.000204066 2.26175e-05 7.06642e-06 -0.00149922 -0.00895171 0.00124193 -0.00614417 7.36872e-05 7.60654e-05 -0.00154651 0.00566007 0.000289887 0.00106667 -1.12302e-06 0.00750499 1.08674e-05 0.000269261 1.0542e-05 0.00040978 0.00015844 -0.00927288 0.000793626 0.000371626 -0.00718924 
0.0204195 0.0400797 -0.0177457 -3.56702e-07 -0.000121086 0.0384496 -0.00131794 0.0054896 0.0654204 0.00182051 0.00103202 0.000564347 0.0198055 0.0007361 -0.0365415 0.00865144 7.44264e-06 0.0188902 0.00420706 0.0105771 0.0240894 -0.015306 0.0237375 0.0102375 -0.000193872 -0.0382954 -0.0252719 -0.000397419 -0.0247771 -0.0276134 -0.00790334 -6.39753e-06 0.000641714 -0.0194162 3.46784e-05 -0.00553743 -0.0082237 0.00526805 -0.0204177 0.0191027 6.73365e-07 2.86821e-06 -4.38351e-06 0.000185692 0.0238878 -0.00477117 0.00212463 0.00209688 -4.15136e-06 -0.0035132 -0.0297698 1.52272e-06 5.78254e-07 -6.69357e-07 0.000455457 -9.19675e-05 1.16705e-05 0.020952 -0.00161382 0.00522238 0.000647802 -0.00239264 -0.00607313 0.000486468 0.000126062 -0.00307217 -4.87238e-05 0.000688161 -1.6701e-06 -0.0244609 -0.000244607 -5.55017e-06 0.0351834 0.000745047 0.00304437 -5.48949e-05 -3.75852e-05 1.36659e-05 1.2068e-06 0.00929718 -0.0266755 0.00158237 -0.039712 0.00118916 -4.39884e-05 0.0196607 0.00229308 0.00104478 -8.12844e-05 1.21527e-05 0.0064781 -3.8514e-05 0.000242749 0.00329086 -0.0050473 9.69527e-05 -0.0459427 -3.87119e-05 0.000603522 -0.0181047 
-0.000203679 -0.000444986 -0.00753208 -1.06107e-07 -3.63318e-05 0.00718335 -0.000277827 0.0014013 0.00182051 0.0108598 -1.16374e-05 -5.61709e-05 0.000327859 -7.20667e-05 -0.00258429 0.000574612 -3.60735e-08 -0.000198668 0.000652437 -6.66661e-06 0.000529447 0.00602915 0.00121284 -9.43175e-05 -5.72708e-06 -0.00569472 -0.00114799 -0.000290215 -0.0011353 -0.00115951 -0.00167943 -1.46423e-06 0.000123407 -0.00445074 9.61335e-05 -0.00106479 -0.00117638 0.000452287 0.000897289 -0.000291797 9.65773e-07 -2.78534e-07 -2.17932e-06 1.01605e-05 -8.5583e-05 -0.000940093 0.00034666 -3.08585e-05 -5.61031e-07 -0.000404243 -0.000403721 3.20009e-06 -8.08885e-08 -8.40151e-08 1.22873e-05 0.000527308 1.02129e-05 -0.000221972 -0.000153483 0.000675368 -5.19841e-06 -0.000366267 -0.00183075 -3.57011e-05 -1.42291e-05 0.0030723 -9.25069e-06 0.000380358 2.18409e-06 -0.000566428 0.000549769 -7.58001e-07 -0.000332389 -4.37319e-05 0.00143697 -2.27938e-05 0.000165417 8.84848e-07 3.07322e-06 0.00103679 -0.00119011 0.000986366 -0.000326521 0.000697327 -1.73408e-05 -0.00265697 0.00114963 -0.000187037 0.000770151 -1.02043e-06 0.000582678 -5.84959e-06 6.02107e-05 -3.93118e-05 -8.72826e-06 -1.73215e-05 -0.00482066 0.000422147 -4.61551e-05 -0.000658216 
0.000486872 0.000879061 -0.00068486 -1.33599e-08 5.92813e-05 0.000902991 4.41008e-05 0.000312297 0.00103202 -1.16374e-05 0.00138063 3.13443e-05 0.000154617 -7.58604e-06 -0.00108716 0.00052092 4.79686e-07 0.000317719 8.89084e-05 6.97271e-05 0.000484513 -0.000314554 0.000310246 0.000440687 -3.98831e-06 -0.00106731 -0.000808876 1.02931e-05 -0.000600681 -0.00114178 -0.000149839 1.0723e-06 2.82961e-05 -0.00064077 -2.37944e-07 -0.000181495 -0.000112021 0.000295595 -0.00105095 4.31388e-05 -3.47018e-09 -3.50704e-08 -2.0057e-07 4.79069e-07 0.000961897 -4.99797e-05 0.000168212 3.67234e-06 4.24578e-06 -5.52223e-05 -0.000593143 1.09399e-06 1.63149e-07 1.19397e-07 1.85913e-05 2.27713e-05 -2.07386e-07 0.00076477 -2.38254e-05 0.000430925 0.000140142 -1.52388e-05 -0.000133353 6.75589e-05 0.000120713 6.58599e-05 -1.39486e-06 0.000119337 -5.06885e-08 -0.00115643 1.84863e-06 -3.59191e-08 0.00105143 6.15605e-05 -6.46438e-05 1.91441e-05 5.583e-05 -8.91142e-07 4.54811e-07 -0.000100443 -0.00113144 -1.8923e-06 -0.000826964 -7.39658e-07 1.65586e-05 0.00051562 0.000224273 9.0494e-06 3.81222e-06 3.25125e-07 0.000170354 2.78549e-07 3.81264e-05 0.000569941 -9.18167e-05 6.78078e-05 -0.00112443 1.17587e-05 1.71266e-06 -0.000369105 
-0.000210361 0.00203443 -0.00513791 3.74352e-06 0.0025233 -0.00093051 -0.000353839 0.00301347 0.000564347 -5.61709e-05 3.13443e-05 0.0182614 0.00376346 0.00296461 -0.00289536 0.00200668 1.78463e-06 1.87183e-06 0.00221468 0.00351103 0.00533386 -0.0041995 0.001802 8.31255e-05 -4.60968e-05 -0.00466736 -0.00532871 -0.000562715 -0.00540497 -0.00319298 -0.000523548 1.44853e-05 -9.29122e-06 -0.00590968 -2.91916e-06 0.00624944 0.000915372 0.00489309 -0.010148 0.0021683 8.46628e-07 3.57799e-06 3.56059e-05 0.000275282 -0.000178369 -0.000586301 0.0047192 -3.02461e-05 2.06874e-05 -0.000191446 -0.00740493 3.13262e-07 4.39626e-06 7.0091e-06 0.00114259 0.000170525 2.62121e-05 -0.000231479 -0.000340197 0.00224771 1.46844e-05 0.00313235 0.00148252 0.000751485 0.00043052 -0.000922377 0.000563454 7.42921e-05 2.30445e-06 -0.00848914 2.20671e-05 0.000100982 0.0052913 0.00397423 0.00477587 0.00153322 0.000169131 2.13029e-05 2.57497e-06 -0.00484749 -0.00475784 3.53135e-05 -0.0104489 8.84584e-05 7.24618e-06 -0.00196228 0.00212151 -0.000906673 1.53058e-05 4.58153e-05 0.00242017 9.24916e-05 -2.99295e-05 3.73951e-05 -0.000765881 0.000990357 -0.00553815 1.1117e-06 0.00226046 -0.00425605 
0.0203772 0.0195676 -0.0213693 2.01545e-06 0.00323096 0.0191358 -0.000846075 0.000767662 0.0198055 0.000327859 0.000154617 0.00376346 0.0321355 0.000381818 -0.0223769 0.00128828 5.66828e-07 0.0195685 -0.000138453 0.0031115 0.0232333 -0.00612314 0.01892 0.0105458 -6.37164e-05 -0.0254754 -0.0243193 -0.00121603 -0.0242154 -0.0223934 -0.00400442 9.80725e-07 0.000166173 0.00550995 -3.8909e-06 -0.0023853 -0.00538128 0.00318083 -0.016107 0.0191872 8.23233e-07 7.81014e-06 -1.06616e-05 -3.6525e-05 0.0200341 -0.000325505 0.00325519 0.000857077 1.31977e-05 -0.00146816 -0.0141124 -5.3203e-07 6.2418e-06 7.86494e-06 -6.9606e-05 0.00013635 8.80105e-05 0.0192637 -0.000686072 7.16322e-05 -2.0036e-05 0.00377133 -0.00513673 0.0020462 0.000176719 -0.00169506 0.000198561 0.00046812 5.44463e-06 -0.0244779 -5.12786e-05 7.65518e-05 0.0260548 0.00381965 0.000734444 0.00193649 0.00035212 5.58894e-05 8.91946e-07 -0.00199331 -0.0240222 0.00147175 -0.0185502 0.000715126 7.49321e-05 -0.00225064 0.000348831 -0.000596466 0.000256708 4.43133e-05 0.000130342 6.35057e-05 -5.46587e-05 0.00323437 -0.0014414 0.00167503 -0.0271899 4.1292e-05 0.00402686 -0.0192771 
-0.000178984 -0.00090039 0.00047538 -7.42946e-08 0.0004372 -0.00103553 -5.46708e-05 0.000137098 0.0007361 -7.20667e-05 -7.58604e-06 0.00296461 0.000381818 0.00762919 0.000761554 0.000524031 6.31668e-07 -0.000172215 -2.75682e-06 -3.83442e-05 0.000511294 -0.00164506 -0.000183823 -4.63011e-05 -1.77415e-05 -0.000971039 -0.000494969 -2.82887e-05 -0.000493568 -6.89651e-05 -0.000783349 -6.81901e-07 2.26202e-05 -0.00301142 1.56679e-06 0.00104365 0.000284003 0.000593683 -0.00394141 -0.000244789 6.00702e-07 2.99164e-06 1.48901e-05 -2.62319e-06 -0.00019404 -0.000461778 0.00070521 -2.13244e-05 3.30456e-07 -0.000303896 -0.00190109 -1.27976e-07 -4.33038e-08 7.58353e-08 -1.33726e-05 1.18827e-05 3.36006e-06 -0.000193088 -0.000192178 0.00283457 -4.24495e-06 0.00147888 -0.000895587 7.27791e-05 9.28803e-05 0.000176079 4.17402e-05 1.06758e-06 -2.81879e-07 -0.000998572 -1.95334e-05 8.76407e-06 0.000447491 0.000671689 0.00451362 0.000391462 -6.49366e-06 3.3363e-06 -1.21865e-07 -0.00255752 -0.000587281 -2.17089e-05 -0.00435704 -1.22575e-05 -4.44815e-06 -0.000519407 -5.98108e-06 0.000309947 -8.02563e-06 1.82758e-05 1.8928e-05 1.06474e-05 9.56635e-05 -2.16297e-05 -0.000527698 0.000336029 -0.000788257 -6.88424e-06 0.000567445 -0.000314511 
-0.018538 -0.0225966 0.0155012 -7.72034e-06 -0.00214656 -0.016992 -0.0107552 -0.00681759 -0.0365415 -0.00258429 -0.00108716 -0.00289536 -0.0223769 0.000761554 0.157939 -0.00757576 -2.86685e-05 -0.0182168 -0.00416511 -0.0271113 -0.0254741 0.0358196 -0.0235738 -0.00918191 -0.00202618 0.0473988 0.0273026 0.00331608 0.0268857 0.0264937 -0.0233853 -9.38255e-05 -0.000568934 0.0330459 -0.00011178 -0.0850737 -0.0808316 -0.00782281 0.111799 -0.02174 -1.38991e-06 -1.981e-05 -1.01637e-07 -0.00100729 -0.0213862 -0.0500133 -0.00478956 -0.00202041 -6.56149e-06 -0.0229346 0.0781342 -1.03749e-05 -5.1185e-06 -7.7151e-06 -0.00147405 -0.000992261 -0.000108955 -0.0199806 -0.0200329 -0.00236132 -0.000603175 -0.00140648 -0.069907 -0.00283445 -0.000744578 0.0011682 -0.000668549 -0.00125774 -1.34259e-05 0.0520737 -0.0026709 -6.86277e-05 -0.0509716 -0.00235706 -0.00778034 -0.00103097 -0.000772165 -0.000168418 -7.94424e-06 0.0653209 0.0279381 -0.00202587 0.111504 -0.00138824 0.000130933 -0.0243608 -0.00471787 -0.0262272 -0.000928097 -3.56862e-05 -0.00681342 -8.03303e-05 -0.000153724 -0.00297426 -0.0512552 -0.00141993 0.0338923 -0.000721997 -0.00274438 0.0401577 
0.00241791 0.00816802 -0.00775501 -1.09738e-07 8.19813e-06 0.00261524 -0.000268251 0.00705413 0.00865144 0.000574612 0.00052092 0.00200668 0.00128828 0.000524031 -0.00757576 0.0112272 2.33601e-06 0.00188255 0.00551144 4.59872e-05 0.0086945 -0.00258642 0.00807077 0.000186782 -3.43441e-05 -0.00822062 -0.00924987 -0.000128755 -0.00906554 -0.00934674 -0.00147498 3.50566e-06 0.000403853 -0.00514297 -6.51136e-07 -0.00149314 -0.00161983 0.0067818 -0.00624197 0.00483067 5.18163e-07 1.83193e-06 3.60976e-06 0.000244772 0.00470325 -0.000977641 0.00309906 0.000378295 -2.62693e-07 -0.000619767 -0.00482584 1.43302e-06 -8.3657e-08 -1.11137e-07 0.00098943 8.96648e-05 -1.68346e-06 0.00267689 -0.000203173 0.00120066 7.26769e-05 -0.000361224 -0.00197484 0.000353475 0.000507947 -0.000579611 2.02081e-05 0.000721943 1.26979e-07 -0.0090634 -2.26735e-06 1.90573e-06 0.00828681 3.30053e-05 0.000371839 1.30002e-05 -1.08406e-05 -1.22167e-05 1.13097e-06 0.000954752 -0.00869391 0.000459654 -0.00642635 0.00010055 6.60871e-06 0.00148361 0.00339289 -0.000104733 -1.14322e-05 -5.54046e-07 0.00725902 -4.39166e-06 0.000272456 0.000668617 -0.000797499 0.000167431 -0.00947902 1.5702e-05 -2.68554e-05 -0.00564298 
-3.8113e-07 8.15478e-07 -5.90479e-06 -3.7497e-10 -1.97366e-08 -3.438e-06 7.86431e-06 3.70683e-06 7.44264e-06 -3.60735e-08 4.79686e-07 1.78463e-06 5.66828e-07 6.31668e-07 -2.86685e-05 2.33601e-06 3.88018e-05 -6.24302e-07 2.34424e-06 1.0111e-05 2.41149e-06 -8.26441e-06 1.03875e-06 3.92463e-09 -1.17739e-07 -9.51816e-06 -3.07628e-06 5.73775e-06 -2.92515e-06 -4.73792e-06 1.56774e-05 -5.17442e-09 2.9497e-07 -1.80021e-05 1.09988e-07 1.25594e-05 -6.86498e-07 2.99892e-06 -2.79138e-05 -3.6017e-07 -9.73964e-11 7.2349e-08 1.82804e-07 6.28702e-08 4.67243e-07 -1.6292e-06 3.11938e-06 4.55879e-06 7.03742e-07 -1.45783e-06 -1.62176e-05 -7.3002e-10 -2.85851e-10 -3.91138e-10 3.70666e-07 3.43109e-07 1.87513e-07 -3.69413e-08 1.52825e-05 4.58039e-06 -3.24944e-08 -1.1075e-06 -1.07329e-06 6.34081e-06 2.55397e-06 -1.20757e-06 1.29387e-06 -3.11658e-08 -1.42266e-09 -1.67038e-05 6.52587e-07 -6.15369e-09 1.20242e-05 5.1973e-06 5.79492e-06 -6.41433e-08 -6.97841e-10 2.91073e-07 -2.29742e-09 -1.48595e-05 -3.69213e-06 -1.10273e-07 -2.29874e-05 -6.66714e-08 4.44382e-07 1.64575e-05 3.51112e-06 3.47705e-06 3.01635e-07 -4.15972e-09 5.47325e-06 -2.36167e-08 5.2818e-07 2.05325e-07 3.22492e-06 1.97608e-07 -3.49608e-06 -3.55864e-08 -5.83256e-08 -1.60311e-05 
0.0202568 0.0186117 -0.0186789 5.27645e-06 0.000825205 0.0160801 -0.000583402 0.00066231 0.0188902 -0.000198668 0.000317719 1.87183e-06 0.0195685 -0.000172215 -0.0182168 0.00188255 -6.24302e-07 0.02227 -8.9175e-05 0.000549499 0.0207063 -0.00516312 0.0199094 0.0102228 -6.63186e-05 -0.0195485 -0.0217954 -0.000856206 -0.0217633 -0.0218316 -0.00324345 -6.15626e-07 -1.52845e-05 0.00418725 -3.9222e-06 -0.00413815 -0.00384367 0.00188436 -0.0137055 0.0193412 -5.72013e-08 1.06952e-05 -7.63801e-06 -1.79369e-05 0.0204005 -0.00171951 0.000594816 0.00126322 -1.61453e-06 -0.00124527 -0.0097636 -2.4541e-07 -1.67881e-07 -1.9305e-07 0.000181229 0.000107874 5.78715e-05 0.0208332 -0.00058647 -0.000613859 -1.81108e-05 0.000241976 -0.00416834 0.00154241 -1.01539e-05 -0.00116995 1.67646e-05 0.00030827 -6.822e-07 -0.020923 0.000185626 -3.61409e-06 0.0204367 0.000749884 -0.000919106 0.000263377 0.000216998 2.49027e-05 4.47386e-07 0.00145273 -0.021859 0.00101005 -0.013634 0.000339165 0.000201751 -0.00272985 0.000489166 0.00033437 1.89429e-05 3.73649e-07 0.00147273 -1.38702e-05 -2.66406e-05 0.00235128 -0.00157161 0.000773471 -0.0208422 0.00023946 0.00152047 -0.0180525 
0.000307616 0.00521972 -0.0050899 -6.20318e-08 2.93265e-05 0.000493869 -0.000162415 0.00587772 0.00420706 0.000652437 8.89084e-05 0.00221468 -0.000138453 -2.75682e-06 -0.00416511 0.00551144 2.34424e-06 -8.9175e-05 0.00637809 -0.000294508 0.00585311 -0.00141261 0.00550773 -6.66093e-05 -1.94511e-05 -0.00429896 -0.00590138 -0.000218914 -0.0058669 -0.00578201 -0.000964929 4.25399e-06 0.000228628 -0.0029405 7.8529e-08 -0.000886118 -0.000988175 0.00551275 -0.00274693 0.00297234 5.33888e-07 -9.50291e-09 1.60341e-06 0.000450794 0.00144533 -0.000537405 0.00296244 4.94448e-05 3.0278e-07 -0.00034578 -0.0027064 2.43256e-06 -4.72888e-08 8.52935e-08 0.00125967 0.000126606 -6.8625e-07 -3.29994e-05 -0.000125031 -0.000140989 4.90677e-05 -0.000174113 -0.00111729 -1.06828e-05 0.000383201 -0.000324873 -1.31679e-06 0.000203448 6.51314e-07 -0.00567879 0.000115746 9.84198e-06 0.004653 7.9076e-06 -0.000298114 1.29581e-05 3.6534e-05 -7.4093e-06 1.12327e-06 0.000631486 -0.00552463 0.000534281 -0.00363953 4.59423e-06 5.87532e-05 -0.000449362 0.00305855 2.52176e-05 3.45637e-05 -6.88149e-07 0.00592083 -3.90696e-06 4.03619e-05 -1.92316e-05 -0.000408586 2.82975e-06 -0.00561298 2.24962e-05 -2.01264e-05 -0.00395195 
0.000591707 0.00909889 0.00428018 1.26384e-06 0.000181783 0.0115449 -0.000397136 -0.000526356 0.0105771 -6.66661e-06 6.97271e-05 0.00351103 0.0031115 -3.83442e-05 -0.0271113 4.59872e-05 1.0111e-05 0.000549499 -0.000294508 0.0487085 -0.000748882 -0.0111424 -0.000765934 -0.000377002 -0.00011323 -0.0354096 -0.000183368 -0.00142398 -0.000476575 -0.00136241 0.0179831 3.48317e-06 -1.84105e-05 -0.0205719 -6.99679e-06 0.0173954 0.00986667 -0.00026151 -0.0220219 -0.00018187 1.47791e-07 1.56089e-06 -1.34726e-05 -6.74952e-05 0.00201267 -0.00270957 -0.00016365 0.00103378 -3.90373e-07 -0.00234994 -0.0204989 -7.65967e-07 -3.31574e-07 -4.50889e-07 -0.000108903 -8.60183e-05 1.29681e-05 0.00161677 0.0154616 0.00356081 1.16998e-05 -0.000667256 0.00653341 0.00131079 -5.96017e-05 -0.00250489 0.000477463 -2.66017e-05 -7.32472e-07 -0.0219785 0.00015396 -7.73594e-06 0.0341734 0.00268487 0.00205963 -9.94083e-05 0.000308258 0.00019274 -2.25662e-06 -0.0142582 -0.00215951 -2.23673e-05 -0.0297951 0.000171005 -6.32683e-05 0.0267988 -0.000331633 -0.0030754 -5.76992e-05 -5.00083e-06 -0.000369295 6.25302e-05 0.000272242 0.000365825 0.0156378 0.000173245 -0.0173272 -1.38215e-05 -1.13829e-05 -0.0103416 
0.020812 0.0252775 -0.0284742 6.10336e-06 0.00346009 0.0171511 -0.000872396 0.00884416 0.0240894 0.000529447 0.000484513 0.00533386 0.0232333 0.000511294 -0.0254741 0.0086945 2.41149e-06 0.0207063 0.00585311 -0.000748882 0.0339442 -0.00753952 0.0274636 0.0106684 -9.97342e-05 -0.0278684 -0.0328943 -0.00125564 -0.0327444 -0.0304074 -0.00461225 4.40515e-06 0.000607544 0.00107902 -5.18839e-06 -0.00491655 -0.00580231 0.0112151 -0.0190941 0.0239529 1.69836e-06 2.37542e-05 1.77147e-06 0.000715846 0.0223166 -0.00176294 0.00726632 0.0011845 2.5408e-05 -0.00170953 -0.0149951 6.22144e-06 6.26083e-06 8.02203e-06 0.00175547 0.000636183 8.73493e-05 0.0205161 -0.000859639 -0.000169583 4.87181e-05 0.00315062 -0.00637306 0.00248029 0.00100577 -0.00178635 -8.83373e-06 0.00112181 6.23344e-06 -0.0310958 0.000538599 9.16473e-05 0.0292399 0.00377017 -0.000433213 0.00200835 0.00049674 1.29947e-05 2.36033e-06 -0.00076744 -0.0317364 0.001817 -0.0204514 0.000577223 0.000336941 -0.00393742 0.00478675 0.000477969 0.000311995 5.61218e-05 0.00860657 5.27406e-05 0.000266217 0.00268792 -0.00191322 0.00194372 -0.0317054 0.000332758 0.00391075 -0.0261002 
-0.00536951 -0.0311281 -0.0812231 -1.73255e-06 -0.000810937 -0.017369 -0.00583814 -0.00127443 -0.015306 0.00602915 -0.000314554 -0.0041995 -0.00612314 -0.00164506 0.0358196 -0.00258642 -8.26441e-06 -0.00516312 -0.00141261 -0.0111424 -0.00753952 0.175977 -0.00576207 -0.00266212 -0.00035123 0.00397678 0.00710215 -0.00310897 0.00513158 0.00705957 -0.0326768 -2.93643e-05 -0.000135151 0.0751606 0.000104485 -0.0364123 -0.0347437 -0.00266636 0.0473342 -0.00822072 -2.95435e-07 -5.68847e-06 -6.56728e-05 -0.000341654 -0.00612003 -0.0193945 -0.0014766 -0.000654403 -1.64346e-05 -0.0124118 0.0563997 5.95228e-07 -1.50574e-06 -2.27419e-06 -0.000479665 0.000323451 -1.27968e-05 -0.00574619 -0.00557207 -0.00570213 -0.000178857 -0.00236929 -0.0371484 -0.000884226 -0.000362364 0.00352111 -0.000226749 0.000141091 5.10003e-06 0.0147355 -0.000164567 -2.30498e-05 -0.0202173 -0.00210714 -0.0066441 -0.000474674 -2.01606e-05 -0.000168348 -9.51825e-06 0.0164284 0.00747339 0.000327405 0.0786612 0.000225256 -0.000503519 -0.0781129 -0.000557689 -0.0133749 0.000771171 -6.84733e-06 -0.00260753 7.75298e-06 -0.000310807 -0.000923198 -0.013213 -0.000475564 0.0107998 0.00036596 -0.000957421 0.0113877 
0.020636 0.0243979 -0.0245606 6.13832e-06 6.30382e-05 0.016631 -0.000733587 0.00845176 0.0237375 0.00121284 0.000310246 0.001802 0.01892 -0.000183823 -0.0235738 0.00807077 1.03875e-06 0.0199094 0.00550773 -0.000765934 0.0274636 -0.00576207 0.0292733 0.0101592 -7.96069e-05 -0.0247424 -0.0286583 -0.00112689 -0.0285505 -0.0272615 -0.00459236 -1.27175e-06 0.00045268 -0.000416338 -3.75826e-06 -0.00385122 -0.00392983 0.00704838 -0.0166272 0.0219971 7.24237e-07 1.59677e-05 -9.09829e-07 0.000675944 0.0221254 -0.00238642 0.00349227 0.00140223 4.10804e-06 -0.00156976 -0.012947 1.40455e-05 -1.75691e-07 4.9075e-08 0.00166926 0.00121734 4.59156e-05 0.0206571 -0.00052868 0.000450124 1.03999e-05 -0.000323021 -0.00514233 0.000634492 0.000267437 -0.00153601 -2.6025e-05 0.00122928 -8.46659e-07 -0.0272491 0.00131956 -2.58017e-06 0.0248008 -0.000130692 -0.0014206 -2.79339e-05 0.000187395 3.14536e-05 8.74288e-06 0.0015289 -0.0282971 0.00223282 -0.0180376 0.000516875 0.00024953 -0.0029071 0.00503046 0.0005626 0.00105042 -2.35576e-06 0.00807428 -1.48077e-05 2.4412e-05 0.00240229 -0.00105821 2.31022e-05 -0.0273204 0.000810668 0.000609823 -0.0230773 
0.0111922 0.0098449 -0.00955045 7.43089e-07 0.000102974 0.00908353 -0.000300374 -9.19158e-05 0.0102375 -9.43175e-05 0.000440687 8.31255e-05 0.0105458 -4.63011e-05 -0.00918191 0.000186782 3.92463e-09 0.0102228 -6.66093e-05 -0.000377002 0.0106684 -0.00266212 0.0101592 0.0116154 -3.56631e-05 -0.0101028 -0.0111722 -0.000433778 -0.0109597 -0.0112163 -0.00171363 -4.73306e-08 0.000143185 0.00133132 -2.02286e-06 -0.00211415 -0.00197028 8.05837e-05 -0.00755169 0.00872699 -2.95013e-08 2.36519e-06 -4.19886e-06 -1.35476e-05 0.0107872 -0.000952753 5.58096e-05 0.000374146 -6.42646e-07 -0.000642012 -0.00502678 -2.07789e-07 4.67342e-06 4.05819e-06 -1.82066e-05 -9.67766e-06 2.4736e-06 0.010689 -0.000301565 -0.000123085 -6.34588e-06 -0.000183246 -0.00214417 2.45864e-05 -1.49485e-05 -0.000594329 -1.25701e-05 9.93696e-05 -2.6759e-07 -0.0107346 -2.8332e-05 1.80938e-06 0.0105905 3.17144e-05 -0.000520702 0.000138306 -2.30736e-06 1.90297e-05 3.34114e-07 0.0010434 -0.0112029 0.000155668 -0.00704627 5.22928e-06 -2.4543e-05 -0.000781762 -5.29968e-05 -0.000313233 -1.364e-05 3.181e-05 0.000125211 -7.1535e-06 -2.38753e-05 0.00233391 -0.000849658 -2.24265e-05 -0.0106921 -9.7691e-06 0.000396124 -0.00956463 
-7.1507e-05 -0.000395287 0.00037356 -2.9321e-08 -1.07001e-05 -0.000332269 -6.78085e-05 -2.83933e-05 -0.000193872 -5.72708e-06 -3.98831e-06 -4.60968e-05 -6.37164e-05 -1.77415e-05 -0.00202618 -3.43441e-05 -1.17739e-07 -6.63186e-05 -1.94511e-05 -0.00011323 -9.97342e-05 -0.00035123 -7.96069e-05 -3.56631e-05 0.00302504 8.28448e-05 9.81576e-05 -7.71541e-05 0.000111384 0.000110859 -0.000427464 -1.84617e-07 -2.21789e-06 0.000647041 3.47785e-07 0.000733076 0.00115672 -2.44656e-05 -0.00180242 -0.000110339 -7.61597e-09 -7.69688e-08 5.09368e-07 -3.46128e-06 -8.15256e-05 0.00204724 -1.8097e-05 -8.58653e-06 -2.28722e-07 0.000427221 -0.00110584 -5.70844e-08 -2.23523e-08 -3.05852e-08 2.06091e-05 -4.96792e-06 4.81819e-06 -7.55285e-05 0.00011907 -7.67814e-05 1.95908e-06 0.000136751 0.00148467 -1.11636e-05 3.10047e-06 -0.00014944 5.32339e-06 -1.96623e-06 7.62088e-07 2.38678e-05 2.36976e-05 -2.87858e-07 -0.000265638 -2.16817e-05 0.00042202 -6.05232e-06 -3.09573e-06 -3.26189e-06 -1.79648e-07 -0.00112856 0.000109026 -4.16286e-06 -0.00140301 2.60986e-05 -6.43626e-06 -0.00109063 -1.34285e-05 0.00129518 -3.31459e-06 3.18062e-07 -2.80565e-05 8.48661e-06 -6.68058e-06 -1.32962e-05 -9.0025e-05 -4.65269e-06 -7.2302e-05 -2.4727e-06 1.06101e-06 -0.000288562 
-0.020163 -0.0327817 0.0232323 -6.4167e-06 -0.00321221 -0.0350143 0.00116786 -0.00708786 -0.0382954 -0.00569472 -0.00106731 -0.00466736 -0.0254754 -0.000971039 0.0473988 -0.00822062 -9.51816e-06 -0.0195485 -0.00429896 -0.0354096 -0.0278684 0.00397678 -0.0247424 -0.0101028 8.28448e-05 0.0916759 0.029883 0.000335506 0.0300102 0.0300385 -0.0065536 7.00509e-06 -0.000641323 0.0170548 -0.000112485 -0.00373128 0.000533551 -0.00849726 0.0301622 -0.0208753 -2.03373e-06 -1.24534e-05 1.83147e-05 -0.000275751 -0.0234952 0.00597916 -0.00586557 -0.00211827 -1.91003e-05 0.00512016 0.0228175 -9.02248e-06 -6.38453e-06 -7.19749e-06 -0.00082975 -0.000786973 -7.51613e-05 -0.0210501 -0.0128189 -0.00554279 -0.000140776 -0.00384771 0.00464478 -0.00339379 -0.000329905 0.000742337 2.30709e-05 -0.00132159 -3.43666e-06 0.0441838 -0.000499271 -7.01449e-05 -0.0625311 -0.00466573 -0.00204552 -0.00186278 -0.000808768 -0.000272183 -5.45831e-06 0.00853057 0.0314138 -0.0023786 0.0403893 -0.0015517 -8.36547e-05 -0.0225973 -0.00388835 0.00386614 -0.00101771 -4.95215e-05 -0.00620651 -1.86723e-05 -0.000928166 -0.00346304 -0.0101475 -0.00181596 0.05228 -0.000604604 -0.00358284 0.0325278 
-0.0221475 -0.0260816 0.0299444 -8.24628e-06 -0.00346027 -0.0178212 0.000906584 -0.00961406 -0.0252719 -0.00114799 -0.000808876 -0.00532871 -0.0243193 -0.000494969 0.0273026 -0.00924987 -3.07628e-06 -0.0217954 -0.00590138 -0.000183368 -0.0328943 0.00710215 -0.0286583 -0.0111722 9.81576e-05 0.029883 0.0352647 0.0013364 0.0346683 0.0316196 0.00479708 -4.55544e-06 -0.000592791 -0.00056764 4.7199e-06 0.00434135 0.0052745 -0.0111714 0.0210407 -0.0245523 -1.69479e-06 -2.37181e-05 -1.04657e-06 -0.000713013 -0.0237232 0.00187859 -0.00744058 -0.00140377 -2.58574e-05 0.00183243 0.0156886 -1.03147e-05 -6.25035e-06 -8.03103e-06 -0.00175847 -0.00126655 -0.000101339 -0.0219329 0.000766326 -0.000770933 -4.82268e-05 -0.00316802 0.00651077 -0.0024751 -0.000999913 0.00187018 -4.64138e-05 -0.00134569 -6.35462e-06 0.0331681 -0.00117395 -9.2235e-05 -0.0304317 -0.00373586 0.000598388 -0.0020058 -0.000643738 -6.08731e-05 -9.47943e-06 0.001363 0.0339126 -0.00243321 0.0216931 -0.000651624 -0.000323174 0.00364265 -0.00550891 -0.000236834 -0.00109202 -5.59693e-05 -0.00868581 -6.08448e-05 -0.000261095 -0.00342206 0.00119001 -0.00194309 0.0334007 -0.00082094 -0.00396385 0.0270417 
-0.000879286 -0.00116328 0.00314087 -3.59985e-07 -0.000135305 -0.00126594 -0.000818029 -0.000382598 -0.000397419 -0.000290215 1.02931e-05 -0.000562715 -0.00121603 -2.82887e-05 0.00331608 -0.000128755 5.73775e-06 -0.000856206 -0.000218914 -0.00142398 -0.00125564 -0.00310897 -0.00112689 -0.000433778 -7.71541e-05 0.000335506 0.0013364 0.0361841 0.00151049 0.000622167 -0.00423081 -3.27698e-06 4.19647e-05 -0.00869171 -5.96748e-06 -0.00551237 -0.00551357 -0.000445068 0.000436235 -0.00131882 -9.43701e-08 -9.53727e-07 1.48685e-05 -5.47044e-05 -0.000803287 -0.0024908 -0.000285708 -0.000106898 -5.74454e-08 -0.00175502 -0.00515299 -7.07337e-07 4.63031e-07 -3.78984e-07 -7.88588e-05 -5.65393e-05 -4.92644e-06 -0.000820719 -0.000946692 0.000251994 1.12785e-05 -0.00124056 -0.00368927 -0.000146388 -4.68318e-05 -0.00185399 -3.92748e-05 -5.9262e-05 -9.28456e-07 0.00267421 -0.000130306 -5.18249e-06 -0.00272927 -0.000245579 0.00221885 -7.81258e-05 -3.94333e-05 -4.02503e-05 8.77301e-07 0.00247843 0.000818413 -9.95833e-05 0.00884121 -3.5056e-05 -1.86339e-05 0.00249074 -0.000258818 -0.00146023 -4.35789e-05 -2.34047e-06 -0.000402531 -1.85796e-05 -7.27069e-05 -0.000151541 -0.00268709 -5.69087e-05 0.00134996 -3.36907e-05 -0.000162949 0.00180848 
-0.0219289 -0.0254603 0.0291984 -8.23533e-06 -0.00344406 -0.0171527 0.000809016 -0.00963348 -0.0247771 -0.0011353 -0.000600681 -0.00540497 -0.0242154 -0.000493568 0.0268857 -0.00906554 -2.92515e-06 -0.0217633 -0.0058669 -0.000476575 -0.0327444 0.00513158 -0.0285505 -0.0109597 0.000111384 0.0300102 0.0346683 0.00151049 0.0394904 0.0312401 0.00535977 -1.38944e-05 -0.000584925 -0.00182606 4.66517e-06 0.00400832 0.00514383 -0.0111571 0.020803 -0.0243829 -1.68329e-06 -2.36019e-05 -8.00299e-06 -0.000698463 -0.0234168 0.00131094 -0.00741887 -0.00143012 -2.62053e-05 0.00124184 0.0152046 -1.21185e-05 -6.21659e-06 -8.25817e-06 -0.00174696 -0.00127594 -0.000103389 -0.0216539 0.000581424 -0.000515389 -4.00064e-05 -0.00439246 0.00518179 -0.00247827 -0.00100056 0.00210722 -0.000116253 -0.00134317 -1.27266e-05 0.0327619 -0.00122012 -9.25483e-05 -0.0299061 -0.0037269 0.000792454 -0.00199636 -0.000646989 -8.85792e-05 -8.39147e-06 0.00159344 0.0336201 -0.00243602 0.021542 -0.000642117 -0.00035704 0.00445987 -0.00552134 3.94517e-05 -0.00109811 -5.64481e-05 -0.00863913 -7.4406e-05 -0.000609585 -0.00319232 0.00129865 -0.0019334 0.0328637 -0.000818941 -0.00393653 0.0274056 
-0.0226359 -0.0276869 0.0280464 -5.22253e-06 -0.00192947 -0.0210672 0.000884165 -0.00763554 -0.0276134 -0.00115951 -0.00114178 -0.00319298 -0.0223934 -6.89651e-05 0.0264937 -0.00934674 -4.73792e-06 -0.0218316 -0.00578201 -0.00136241 -0.0304074 0.00705957 -0.0272615 -0.0112163 0.000110859 0.0300385 0.0316196 0.000622167 0.0312401 0.0356235 0.00522164 -4.43379e-06 -0.000600831 0.000609319 3.46556e-07 0.00656816 0.0062006 -0.0094563 0.0189331 -0.0238644 -1.76382e-06 -2.1255e-05 5.51178e-06 -0.000713333 -0.0246559 0.00253917 -0.00514512 -0.00202879 -6.72488e-06 0.00201823 0.0144271 -3.35073e-06 -5.83416e-06 -3.96712e-06 -0.00175437 -0.000452557 -6.96744e-05 -0.0224025 0.000884671 -3.03251e-06 -0.000141186 -0.000842239 0.00676971 -0.00238582 -0.000887774 0.000829143 -4.91334e-06 -0.000714156 -1.96042e-06 0.0306682 -0.000513227 -3.53369e-05 -0.0302311 -0.0018632 0.000636886 -0.000815849 -0.000338995 -1.41914e-05 -2.82317e-06 -0.00189461 0.0316169 -0.00173306 0.0201145 -0.000557762 -0.00030083 0.000271864 -0.0040871 -0.000283551 -3.65941e-05 -3.56845e-05 -0.00856034 2.19076e-05 -0.000271495 -0.00393419 0.00256903 -0.00181398 0.0331556 -0.000261568 -0.00247326 0.0241737 
-0.00352206 -0.0201707 0.0241069 -1.19157e-06 0.00011986 -0.020119 0.00257758 -0.00159678 -0.00790334 -0.00167943 -0.000149839 -0.000523548 -0.00400442 -0.000783349 -0.0233853 -0.00147498 1.56774e-05 -0.00324345 -0.000964929 0.0179831 -0.00461225 -0.0326768 -0.00459236 -0.00171363 -0.000427464 -0.0065536 0.00479708 -0.00423081 0.00535977 0.00522164 0.129812 1.8725e-05 -0.000105695 -0.0688682 -2.59772e-05 0.0314988 0.0333426 -0.00113783 -0.0460378 -0.0048136 -2.61497e-07 -3.88918e-06 -4.82254e-05 -0.0002369 -0.00381774 -0.011138 -0.000525115 -4.77509e-05 9.36284e-06 -0.00807833 -0.0426653 -2.32777e-06 -6.27809e-08 1.91121e-06 -0.000322227 -0.000184633 -1.21383e-05 -0.00349913 0.0150399 -0.000809877 7.66556e-05 -0.0029387 0.0252878 0.000629347 -0.000160642 -0.00654845 -0.000139345 -0.0001079 -5.59784e-06 -0.0209107 -0.000198096 -1.58176e-05 0.013477 0.00323733 -0.00418913 6.80257e-05 0.000528862 5.39491e-06 -8.46082e-06 -0.0300917 0.00450367 -0.000421574 -0.0214822 -0.000288785 -0.000276046 0.0753872 -0.00103466 -0.00817713 -0.000164507 3.22642e-05 -0.0017848 -7.97572e-05 -0.000285241 -0.000592196 0.0400413 -5.47118e-05 0.0104557 -8.40114e-05 -0.000227257 -0.00665796 
-7.59274e-07 -1.16841e-06 -2.41373e-05 -1.28861e-09 1.09645e-06 -1.20724e-05 -2.25175e-06 4.76637e-06 -6.39753e-06 -1.46423e-06 1.0723e-06 1.44853e-05 9.80725e-07 -6.81901e-07 -9.38255e-05 3.50566e-06 -5.17442e-09 -6.15626e-07 4.25399e-06 3.48317e-06 4.40515e-06 -2.93643e-05 -1.27175e-06 -4.73306e-08 -1.84617e-07 7.00509e-06 -4.55544e-06 -3.27698e-06 -1.38944e-05 -4.43379e-06 1.8725e-05 0.000133332 -8.41388e-08 -5.24832e-05 -2.29504e-08 8.40392e-05 7.08992e-05 5.14257e-06 -7.1871e-05 -3.86735e-06 -3.34709e-10 -3.38264e-09 -4.76384e-08 1.28882e-07 -1.76829e-07 3.43826e-05 5.96691e-06 9.63761e-08 -1.00519e-08 3.36872e-05 -4.76103e-05 -2.50876e-09 -9.82345e-10 -1.34417e-09 -1.37425e-07 -1.07998e-07 -2.00029e-08 -1.01981e-06 2.80506e-05 -3.84214e-06 -8.16691e-08 1.31145e-06 8.13391e-05 -1.04168e-07 5.36453e-06 -5.83664e-06 8.09626e-06 -2.102e-07 -4.88906e-09 -3.56691e-05 8.22984e-07 1.78852e-07 -1.69837e-06 1.79022e-06 2.93738e-06 1.42292e-07 3.10139e-07 -6.00187e-08 -7.89521e-09 -2.94566e-05 -4.29987e-07 -3.7896e-07 -7.45641e-05 -2.52031e-07 -3.17142e-07 -3.71718e-05 9.5598e-07 -6.62036e-06 -1.54753e-07 -1.42951e-08 3.7389e-06 6.55063e-08 -3.27e-07 1.42826e-06 4.60768e-05 2.96855e-07 4.14371e-08 -5.56282e-08 1.74154e-06 -4.10094e-05 
0.000205887 0.000530568 -0.000548973 -7.06341e-09 -4.55594e-07 0.000273958 -1.85928e-05 0.000414906 0.000641714 0.000123407 2.82961e-05 -9.29122e-06 0.000166173 2.26202e-05 -0.000568934 0.000403853 2.9497e-07 -1.52845e-05 0.000228628 -1.84105e-05 0.000607544 -0.000135151 0.00045268 0.000143185 -2.21789e-06 -0.000641323 -0.000592791 4.19647e-05 -0.000584925 -0.000600831 -0.000105695 -8.41388e-08 0.000730416 -0.000332298 5.08653e-08 -0.000114129 -0.000115368 0.000277439 -0.000149905 0.000161638 8.14986e-08 -1.85418e-08 2.37887e-06 2.84771e-06 0.000277961 -6.23216e-05 0.000167744 -6.70959e-07 5.44901e-07 -3.83769e-05 -0.000307072 1.84292e-06 1.07949e-07 -7.36798e-09 -1.04723e-06 -2.36175e-07 -3.96449e-08 -1.22841e-05 -1.77161e-05 9.36841e-06 1.08779e-05 -2.21038e-05 -0.000125123 1.05835e-05 5.43322e-05 -3.6666e-05 -7.5953e-07 1.39078e-05 3.49868e-07 -0.000510267 8.02053e-07 -1.15919e-07 0.000456917 2.39043e-05 -3.25669e-05 2.48776e-06 1.302e-05 -8.58861e-07 -2.66104e-08 7.64482e-05 -0.000493113 0.000118589 -0.000390762 1.77952e-05 -1.65839e-06 0.000282646 8.68384e-05 -4.27862e-05 1.26817e-05 -7.83578e-08 0.000379747 -4.44876e-07 7.92242e-05 0.000175253 -3.50102e-05 2.35746e-05 -0.000646367 1.34596e-05 9.52533e-07 -0.000439328 
