0.0160335 -1.6368e-06 -0.00155907 0.000785353 5.28149e-07 6.95033e-05 -1.77051e-06 6.21199e-08 3.10553e-06 1.5191e-06 1.33618e-05 0.00758471 -2.19269e-06 -0.010624 2.63315e-05 -1.16322e-06 0.000135929 -0.00331076 -0.000503656 -4.2278e-07 -0.00277511 0.000720735 5.55911e-05 0.00160872 0.000408435 9.80319e-05 1.23386e-05 -6.69765e-09 0.0017445 -2.01956e-07 -6.58139e-05 -0.00841803 -5.29763e-06 0.000278749 0.00173155 -9.96459e-06 -5.51458e-06 -1.68425e-08 -3.22392e-05 -2.50425e-07 0.000490335 0.00295436 5.89313e-07 -7.55574e-07 -0.00456588 -4.97441e-07 -2.43115e-06 0.00582439 -4.42781e-05 -6.94951e-05 0.000104664 -0.000158761 -2.13315e-05 8.94488e-06 -2.6622e-08 -0.000127977 7.48667e-07 -2.10605e-05 -0.00110973 -1.17897e-08 1.87399e-05 -0.0112425 -4.40317e-05 2.39533e-05 -6.24794e-05 0.000283324 1.94993e-05 0.00270697 4.1403e-05 -1.11716e-05 1.95929e-06 -1.46655e-06 2.2147e-07 1.12021e-06 0.000216733 -6.73115e-06 0.000191016 -2.51018e-06 -1.16871e-05 -1.08661e-10 -1.50325e-06 0.000454629 1.07054e-05 -0.000112521 0.000138458 7.71645e-06 1.69344e-05 -1.83855e-05 1.55051e-05 0.000199148 -2.44822e-07 -2.0675e-07 2.36189e-05 4.71536e-06 -4.4287e-06 0.00118159 -0.0014111 9.56726e-05 2.03815e-05 -2.01883e-07 
-1.6368e-06 0.000207747 -0.00017455 2.77678e-05 -1.34094e-09 8.19439e-06 8.71888e-05 -2.75523e-08 2.56095e-07 7.72623e-09 -5.04788e-05 -3.86844e-05 7.75457e-05 -3.45583e-05 3.96565e-06 -1.90363e-08 -0.000129802 -0.000166737 -8.5789e-05 1.56018e-06 -0.000162471 0.000122676 -6.67574e-05 1.1145e-05 3.97483e-07 1.87994e-05 4.54561e-07 2.48195e-07 -9.19126e-05 6.94196e-07 4.47665e-06 -9.41022e-05 8.39326e-07 1.45939e-06 1.50456e-05 -1.70634e-07 -7.34898e-08 -2.14716e-10 2.09242e-05 -3.99996e-09 3.05228e-05 -5.35852e-06 -1.49609e-09 4.96037e-06 -0.000132475 3.993e-06 5.7435e-05 1.48647e-05 7.9049e-06 1.17053e-05 5.58364e-05 0.000119144 -1.10651e-07 6.4407e-07 -3.3939e-10 3.14392e-05 -3.20412e-09 4.60077e-05 -5.09921e-05 -1.50301e-10 6.53271e-05 -0.000161157 1.38936e-05 2.16752e-06 6.14796e-05 2.50245e-05 3.94371e-06 3.84765e-05 3.56188e-05 1.14106e-05 1.44632e-07 2.97224e-07 -2.99841e-09 2.24449e-05 1.23415e-05 1.58852e-06 0.000108998 5.41252e-06 1.89434e-06 -1.38527e-12 7.20506e-09 5.16823e-05 -1.53571e-08 3.40605e-06 1.71244e-06 2.56702e-07 8.62324e-07 2.44642e-06 1.16568e-06 -0.000156883 8.65426e-05 1.32034e-07 6.48606e-05 1.45091e-07 4.27111e-06 1.03339e-06 -9.45994e-05 7.45468e-05 -7.29066e-09 -4.40099e-09 
-0.00155907 -0.00017455 0.0330628 -0.0118593 -3.2824e-06 -0.000289844 -0.000110086 -4.32272e-05 -3.28807e-05 -5.95986e-05 0.00117631 -0.0119681 -0.000131914 0.0167987 -0.00125964 -8.32236e-05 0.00849838 0.0210219 0.0125443 -0.000331242 0.0241494 -0.0135227 0.00811648 -0.0202999 -0.000260112 -0.00680838 -3.84947e-05 -1.69257e-05 0.0158556 -1.7437e-05 -0.00382321 0.0140134 -0.000616134 -0.000596098 -0.0190397 -1.14936e-05 4.29129e-06 -9.97957e-07 -0.000733483 -1.60476e-05 -0.0138149 0.000841813 -3.48018e-06 -3.21763e-05 0.0110957 -3.60237e-05 -0.000161942 -0.00285016 -0.0012635 -0.000180122 -0.00487577 -0.00687832 -0.00126914 -1.95631e-05 -1.12075e-06 -0.006829 -4.93543e-06 -0.000604049 0.000424849 -5.65237e-07 -0.00283944 0.0138049 -0.000281698 -1.80624e-06 -0.0048922 -0.00975162 -0.000118515 -0.0147913 -0.00384113 -0.000183545 -2.40641e-05 -3.58675e-05 -1.32993e-05 -3.45975e-05 -0.00849286 -0.0004097 -0.00126452 -0.00038832 -0.000685952 -6.43843e-09 -8.93302e-05 -0.000168752 -4.26315e-06 -0.00636652 -0.00027097 -0.000382404 -0.000971959 2.57586e-06 -0.000718399 0.00774325 -0.00116598 -1.44533e-05 -0.00205479 -5.23496e-05 -9.98704e-05 -0.014245 0.021577 -0.00351767 -1.38021e-05 -1.28282e-05 
0.000785353 2.77678e-05 -0.0118593 0.080837 1.02422e-06 -4.37599e-05 3.29977e-06 -1.04621e-05 1.50031e-05 3.5584e-05 -0.000558155 0.00914223 3.25734e-05 -0.0281549 0.00197064 9.35004e-06 -0.00714702 -0.0281206 -0.0133857 3.33923e-05 -0.0225429 0.0126212 -0.00242044 0.0219415 9.84439e-05 0.00479661 7.28848e-06 -9.27475e-06 -0.0477822 1.84322e-05 0.0023798 -0.0170026 -7.50945e-05 -3.12161e-05 0.0183018 -4.99203e-05 -2.63495e-05 -9.16625e-08 0.00053922 1.74591e-05 0.0173674 -0.00268288 1.44465e-06 -3.74877e-06 -0.0104301 2.33415e-06 3.41207e-06 -0.00877135 0.000729324 0.000170493 -9.82959e-06 0.00555362 0.00103291 -2.50803e-06 9.58447e-07 0.00568561 -1.25451e-06 0.000433609 -0.000171633 4.92503e-07 -0.000308373 -0.00753679 -0.000120199 -8.9701e-06 0.00330453 0.000673994 -7.60491e-06 0.0188773 0.00309116 -9.95034e-07 -3.7016e-05 -3.68303e-06 -1.16669e-06 -3.26747e-06 0.000301788 -5.79768e-06 0.000375553 0.0002058 0.000433845 -5.91371e-10 1.76385e-05 -0.000217029 -2.96594e-06 0.00526404 9.49338e-05 2.78707e-05 0.000663485 -0.000136994 0.00047833 -0.00711596 0.000360993 -8.47841e-07 -0.000140634 2.47118e-05 7.80604e-05 0.0162996 -0.0201546 0.00192793 -3.02905e-06 1.07455e-06 
5.28149e-07 -1.34094e-09 -3.2824e-06 1.02422e-06 6.45329e-06 6.76119e-07 -7.61708e-10 -8.5569e-10 -2.24813e-10 1.06182e-07 -3.36588e-07 2.35993e-06 -9.60536e-10 -5.41895e-06 4.58808e-07 1.94088e-08 -1.21249e-06 -1.12188e-06 -1.06071e-06 -2.37536e-09 -3.84649e-06 1.16228e-06 -8.05755e-07 1.75764e-06 -4.84026e-09 8.59027e-07 -2.72438e-10 -8.84257e-10 -1.38377e-06 -1.80263e-10 1.96106e-07 -5.13648e-06 -6.23233e-09 4.46295e-07 1.36652e-06 -5.29937e-09 -2.28237e-09 -6.66844e-12 -2.27472e-08 -1.24227e-10 1.12936e-06 1.55733e-06 -4.6464e-11 -2.99155e-10 -4.07616e-06 -3.2101e-10 -1.08795e-09 2.95817e-06 -2.18982e-08 9.41993e-08 -3.19756e-08 1.20001e-06 7.88158e-07 3.69816e-07 -1.05404e-11 1.01238e-06 -9.95104e-11 4.90259e-07 -7.49566e-07 -4.66791e-12 1.43268e-06 -5.14448e-06 -1.82121e-08 -6.98165e-10 2.69571e-07 2.35229e-07 -9.20159e-10 1.67734e-06 6.02135e-07 -6.60606e-09 -2.96184e-09 -7.0735e-10 -9.31216e-11 -2.61231e-10 4.36297e-07 -2.73765e-09 1.23265e-06 -2.61321e-09 -4.62728e-09 -4.30222e-14 -6.04419e-10 1.95846e-07 -4.76944e-10 1.13516e-06 9.64108e-08 -2.79404e-09 -7.07092e-09 -1.42939e-08 -4.99989e-09 -9.76046e-07 -2.00043e-08 -1.43888e-10 -1.04165e-08 -3.59494e-10 -2.24309e-09 1.66521e-06 -1.2104e-06 -2.06801e-08 -2.26426e-10 -1.36682e-10 
6.95033e-05 8.19439e-06 -0.000289844 -4.37599e-05 6.76119e-07 0.0011166 1.34723e-07 -4.82236e-08 -3.89423e-08 -8.3962e-08 4.89133e-07 0.000102774 5.69483e-08 -0.000211782 3.27353e-06 4.5759e-07 -7.98e-05 -8.5292e-07 7.85358e-06 -4.11463e-07 -0.000226589 -5.74378e-06 -1.39462e-05 3.20738e-05 2.27482e-05 -5.44254e-06 -4.7192e-08 1.61343e-10 2.72663e-05 7.54413e-08 -4.63296e-06 -0.000606936 1.8271e-06 4.48568e-05 -5.05577e-07 4.75371e-07 1.13118e-08 -1.15512e-09 2.20303e-06 -2.15187e-08 -8.67094e-06 -9.21035e-06 6.75285e-07 -3.182e-08 -0.00011657 -4.89391e-08 -1.88455e-07 0.000266726 -1.10656e-06 1.2599e-05 -3.70292e-06 -1.03384e-05 -1.43729e-06 7.17477e-06 -1.82583e-09 -6.66694e-06 -1.72373e-08 0.00025795 -0.000561889 -8.08581e-10 0.000116598 -0.000669559 -2.84806e-06 1.7324e-06 -3.9983e-06 -2.9545e-06 5.80706e-05 1.05275e-05 4.74258e-05 0.000188586 1.97028e-06 -1.22528e-07 -1.61306e-08 1.01947e-05 1.19786e-06 -4.44219e-07 5.40463e-06 1.8067e-07 -8.01542e-07 -7.45236e-12 -1.04698e-07 0.000146813 9.6405e-07 -7.3714e-06 7.53927e-05 -4.70652e-07 -8.48165e-07 0.000132241 3.77247e-07 -6.759e-05 0.000106698 2.50756e-08 -1.53175e-06 -2.27188e-09 -1.55218e-07 1.13489e-05 5.37292e-05 5.17703e-06 7.87744e-06 -2.36761e-08 
-1.77051e-06 8.71888e-05 -0.000110086 3.29977e-06 -7.61708e-10 1.34723e-07 0.000118019 1.04349e-07 2.59221e-07 1.97801e-07 -6.69423e-05 -2.78509e-05 8.61291e-05 -1.72256e-05 1.88949e-06 1.61252e-06 -0.000114442 -9.63362e-05 -7.19681e-05 2.99989e-06 -7.32684e-05 0.000106868 -7.83695e-05 -1.69806e-06 -8.85297e-08 1.58538e-05 7.8835e-07 1.78716e-06 -7.98075e-05 1.06703e-07 1.40287e-05 -3.6538e-05 3.17268e-06 -9.30255e-08 -2.2531e-08 4.10307e-06 -4.17452e-08 -1.21968e-10 1.65306e-05 -2.27214e-09 7.94619e-06 -3.3775e-06 -8.4984e-10 9.7412e-06 -0.00010499 3.01746e-06 6.07534e-05 1.06276e-05 1.53614e-06 9.53928e-06 5.70675e-05 9.50485e-05 2.10322e-08 6.46632e-07 -1.92788e-10 2.9658e-05 -1.82007e-09 6.38926e-07 -1.45202e-05 -8.53774e-11 1.38604e-05 -8.4742e-05 1.74836e-05 1.8739e-06 6.55125e-05 1.97726e-05 -1.683e-08 1.8281e-05 -5.70623e-07 6.09173e-07 -5.4173e-08 3.07062e-07 -1.70322e-09 1.45652e-05 -3.82785e-07 1.13261e-07 8.5106e-05 3.4922e-06 7.22032e-07 -7.86889e-13 8.56117e-08 1.02182e-05 -8.72345e-09 1.15131e-05 4.14501e-08 3.73223e-06 -9.93291e-08 9.68523e-06 -9.14495e-08 -0.000108137 5.56008e-05 6.24035e-07 6.44652e-05 -6.57524e-09 3.13897e-06 -1.0886e-06 -8.78584e-05 2.95108e-05 -4.1414e-09 8.74167e-07 
6.21199e-08 -2.75523e-08 -4.32272e-05 -1.04621e-05 -8.5569e-10 -4.82236e-08 1.04349e-07 0.000132579 -4.61923e-09 1.87337e-06 -1.46129e-05 5.82501e-05 5.35972e-08 -2.66253e-05 -6.40905e-07 6.11857e-08 -4.14652e-05 -0.000112074 -1.13894e-06 6.786e-08 -2.77453e-05 -2.07625e-06 -4.64108e-05 4.20366e-05 -9.94528e-08 1.7287e-06 5.44022e-08 -1.81688e-08 -6.30806e-05 -3.70387e-09 -4.42768e-07 1.33498e-05 5.09861e-06 2.76903e-07 6.21341e-06 -1.08886e-07 1.9031e-06 -1.37017e-10 1.20693e-05 -2.55249e-09 -2.73616e-06 1.54184e-05 -9.54696e-10 -6.14674e-09 5.59183e-06 6.34042e-08 1.29098e-06 -1.63218e-05 1.84673e-06 1.007e-07 2.80945e-05 1.08896e-06 1.88496e-07 -3.78387e-09 4.0645e-07 -1.04703e-06 -2.04464e-09 -2.28958e-07 -1.66603e-05 -9.59116e-11 2.08221e-05 1.37029e-06 -2.57538e-07 3.15655e-07 -6.9371e-07 7.0296e-05 2.4776e-07 -3.61615e-06 5.47564e-06 -1.12401e-07 -6.0857e-08 8.35466e-07 -1.91337e-09 -5.36751e-09 3.95593e-05 -5.62506e-08 8.01783e-08 2.6964e-07 -9.50767e-08 -8.83978e-13 5.7581e-08 5.03715e-07 -9.79978e-09 3.28573e-07 2.44117e-07 -5.74091e-08 -1.45286e-07 9.46302e-07 -1.02733e-07 -1.28651e-06 7.85638e-07 4.8371e-07 1.39308e-05 -7.38652e-09 3.17244e-07 -1.15611e-06 -5.38367e-05 2.07659e-06 8.68096e-09 -2.8084e-09 
3.10553e-06 2.56095e-07 -3.28807e-05 1.50031e-05 -2.24813e-10 -3.89423e-08 2.59221e-07 -4.61923e-09 3.48355e-05 -2.61658e-09 -3.43893e-06 3.77432e-06 4.51481e-07 -2.57317e-05 1.11828e-06 5.56808e-07 -2.03363e-05 -2.0763e-05 -2.2246e-05 1.71384e-06 -3.15648e-05 2.16345e-05 -1.98786e-05 1.02057e-05 -2.61289e-08 8.70953e-06 2.4352e-06 1.45227e-07 -1.85853e-05 1.19569e-06 2.87636e-06 -1.86983e-05 1.98636e-06 8.8068e-07 8.34954e-06 1.32139e-06 -5.65413e-09 -3.59979e-11 2.94054e-06 -6.70606e-10 1.89301e-05 -1.16606e-06 -2.50824e-10 -1.61491e-09 -2.55271e-05 -1.73289e-09 1.70794e-07 8.69036e-06 3.21512e-06 2.62815e-07 2.24606e-06 1.74015e-05 5.17399e-07 3.23392e-08 -5.68999e-11 1.69549e-05 -5.37181e-10 6.06765e-07 -3.7314e-07 -2.51985e-11 4.99587e-06 -3.06095e-05 1.92169e-06 -3.76886e-09 1.84211e-05 5.3038e-06 4.16994e-08 2.56833e-05 9.67825e-06 -3.56611e-08 -1.59888e-08 -3.81845e-09 -5.02693e-10 -1.41019e-09 5.08812e-06 -1.47785e-08 5.83008e-07 5.29227e-07 9.68354e-07 -2.32244e-13 1.4034e-06 -3.37205e-08 -2.57466e-09 1.39746e-05 4.28331e-06 1.08492e-06 8.39516e-06 -7.71622e-08 6.3427e-09 -2.26955e-05 -1.07988e-07 9.92233e-08 1.80911e-06 -1.94063e-09 -1.21088e-08 2.00791e-05 -2.23382e-05 9.70361e-08 -1.2223e-09 -7.37841e-10 
1.5191e-06 7.72623e-09 -5.95986e-05 3.5584e-05 1.06182e-07 -8.3962e-08 1.97801e-07 1.87337e-06 -2.61658e-09 7.51044e-05 -5.18127e-05 7.12864e-06 2.35487e-07 -4.65402e-05 2.12362e-06 6.64523e-08 -6.62614e-05 -4.92756e-05 -4.09549e-05 1.26924e-05 -5.48487e-05 3.78139e-05 -5.15948e-05 5.6085e-05 -5.63355e-08 2.93849e-05 2.68291e-08 5.26375e-07 -5.24468e-05 -2.09807e-09 1.47298e-05 -3.43214e-05 6.41289e-08 -1.17376e-07 5.32112e-05 3.58165e-06 1.83436e-07 -7.76137e-11 4.6858e-07 8.18875e-08 3.57507e-05 -2.35743e-06 -5.40792e-10 -3.48185e-09 -3.55639e-05 -3.73622e-09 2.77337e-07 -7.79184e-06 1.7718e-06 7.6823e-06 2.39157e-05 1.9713e-05 3.96376e-05 -2.14339e-09 1.14988e-06 2.98036e-05 -1.1582e-09 3.09357e-06 -2.59429e-05 -5.43296e-11 7.85397e-07 -2.67966e-05 1.9547e-06 -8.1259e-09 8.07038e-06 2.63469e-05 2.26236e-08 3.58983e-05 -2.1978e-07 -7.68876e-08 -3.44727e-08 3.7151e-06 -1.08384e-09 -3.04045e-09 1.78798e-05 -3.18634e-08 -4.52678e-08 2.72796e-05 7.25948e-06 -5.00733e-13 9.62985e-08 8.75544e-07 -5.55113e-09 3.22181e-05 5.0517e-07 4.04147e-07 1.1877e-06 -1.66366e-07 4.99514e-06 -3.54741e-05 -1.76163e-07 7.21659e-07 7.033e-07 1.44248e-06 7.72261e-08 2.62512e-05 -6.08276e-05 9.09384e-06 -2.63536e-09 7.84092e-08 
1.33618e-05 -5.04788e-05 0.00117631 -0.000558155 -3.36588e-07 4.89133e-07 -6.69423e-05 -1.46129e-05 -3.43893e-06 -5.18127e-05 0.0015593 4.71751e-06 -6.81342e-05 0.00071522 -0.000316391 -1.67569e-05 0.00112716 0.0010127 0.000955384 -8.76285e-05 0.00102386 -0.000909356 0.00107371 -0.000888881 9.8137e-07 -0.000779434 -1.19374e-05 -1.90493e-05 0.000918933 -1.16971e-06 -0.000758014 0.000684714 -5.17884e-05 -3.93334e-05 -0.000826671 -5.75009e-05 -1.28743e-05 -8.55053e-07 -6.59184e-05 -9.6327e-07 -0.000760077 3.60117e-05 -5.45422e-07 -2.81976e-05 0.000894665 -3.31898e-06 -9.948e-05 6.34252e-05 -0.000202631 -0.000155492 -0.000419552 -0.000766463 -0.000371581 -1.6721e-06 -1.14745e-06 -0.000615275 -7.29251e-07 -6.2325e-06 8.2981e-05 -3.22037e-08 -4.74959e-05 0.000621063 -8.18192e-05 -5.10402e-08 -0.000409966 -0.000387151 -4.07316e-07 -0.000765792 -9.57988e-06 1.45371e-07 -9.72655e-06 -2.06988e-05 -9.73746e-06 -1.43968e-05 -0.000341147 -3.48747e-06 -5.88346e-05 -6.86043e-05 -0.000391617 1.04116e-11 -7.75304e-05 -1.00447e-05 -1.74791e-06 -0.000843047 -2.82613e-05 -0.000138044 -3.02721e-05 -1.04208e-05 -9.26667e-05 0.000977066 -0.000179872 -1.04618e-05 -0.000275819 -2.25633e-06 -4.50538e-05 -0.000634254 0.00128634 -0.000132805 -3.45204e-07 -4.26692e-06 
0.00758471 -3.86844e-05 -0.0119681 0.00914223 2.35993e-06 0.000102774 -2.78509e-05 5.82501e-05 3.77432e-06 7.12864e-06 4.71751e-06 0.229679 -3.95073e-05 -0.060119 0.000685891 4.93695e-05 -0.0049602 -0.0279968 -0.00205416 -0.000113584 -0.01397 -0.000389871 -0.00673179 0.0131749 0.000346402 0.000205136 1.4293e-05 -6.05224e-06 -0.106919 -4.04809e-06 -0.00146016 -0.0312403 0.000424012 0.000734404 0.00730913 0.000161005 -2.08303e-05 5.07302e-07 0.000270954 -4.7709e-06 0.00141102 0.0182453 3.33636e-06 1.11317e-06 -0.0132045 9.12594e-06 1.73355e-05 0.0486603 -4.99432e-05 -0.00182047 0.00306119 -0.00328253 -0.00036288 1.63729e-05 -9.3834e-08 -0.00264605 1.6548e-06 -0.000891887 -0.00283673 -1.91888e-07 0.00193269 -0.0539317 -0.000526209 5.29054e-05 -0.00167724 0.0119075 3.56625e-05 0.00357389 0.00186979 -0.000230792 -0.000124416 5.29664e-06 -2.74799e-06 -2.99955e-06 0.00629483 -0.000148405 0.00152437 0.000164161 -0.000255014 4.28367e-09 -2.81354e-05 2.48671e-05 3.02288e-05 -0.00244699 0.000454481 -0.000130378 -5.42373e-05 0.000267417 0.00029149 0.00395398 -0.00054714 4.25007e-06 0.00129159 3.1341e-05 -3.3188e-05 0.00356892 -0.0268186 0.00143999 1.7155e-05 -6.86744e-06 
-2.19269e-06 7.75457e-05 -0.000131914 3.25734e-05 -9.60536e-10 5.69483e-08 8.61291e-05 5.35972e-08 4.51481e-07 2.35487e-07 -6.81342e-05 -3.95073e-05 0.000148821 -4.93334e-05 1.46306e-05 1.6797e-06 -0.000137899 -0.000123308 -9.5092e-05 2.88547e-07 -0.000102518 0.000129436 -9.39381e-05 3.8183e-05 -1.11638e-07 8.73014e-06 2.5705e-07 1.29605e-07 -0.000106806 3.2509e-08 1.70987e-05 -6.14319e-05 1.63959e-06 -1.3254e-07 4.35448e-05 -1.22228e-07 -5.26419e-08 -1.53805e-10 1.19187e-05 -2.86523e-09 4.32299e-05 -4.17545e-06 -1.07167e-09 4.9631e-06 -0.00012766 2.92593e-06 5.49182e-05 -3.10725e-06 6.21595e-07 5.65481e-06 5.74256e-05 0.000126213 6.00041e-06 6.45753e-07 -2.43111e-10 6.19047e-05 -2.29516e-09 1.54676e-07 -9.09772e-06 -1.07663e-10 1.35566e-05 -7.27066e-05 1.12499e-05 1.7339e-06 6.42813e-05 1.85251e-05 -2.12231e-08 4.58441e-05 -5.12905e-07 -3.90326e-08 -6.83136e-08 3.93685e-07 -2.14781e-09 1.45673e-05 -7.42836e-07 1.21352e-06 7.66932e-05 2.31639e-06 2.84327e-06 -9.92289e-13 4.32726e-07 1.16896e-05 -1.10005e-08 4.56923e-05 3.69905e-07 1.52223e-07 1.27358e-06 7.23365e-06 -1.1532e-07 -0.000132297 4.82219e-05 1.00015e-07 6.59829e-05 -8.29157e-09 3.4116e-06 3.67079e-05 -0.000114084 2.45428e-05 -5.22242e-09 3.35142e-08 
-0.010624 -3.45583e-05 0.0167987 -0.0281549 -5.41895e-06 -0.000211782 -1.72256e-05 -2.66253e-05 -2.57317e-05 -4.65402e-05 0.00071522 -0.060119 -4.93334e-05 0.109884 -0.00346907 -6.97994e-05 0.00420244 0.0241931 0.0115398 -0.000260389 0.0272891 -0.0127281 0.00445364 -0.0269075 -0.000546008 -0.00618497 -1.07109e-05 -2.59556e-05 0.0116333 -2.18527e-05 -0.00318388 0.0322633 -0.000119081 -0.000626089 -0.0226718 -0.000269757 2.30829e-05 -7.46798e-07 -0.00113336 -1.67707e-05 -0.0173765 -0.027508 -5.44511e-06 4.7061e-06 0.0261966 -3.51749e-05 1.30179e-05 -0.0440095 -0.00124622 -0.000213344 -0.00327383 -0.00633787 -0.00110064 -1.93135e-05 -1.38806e-06 -0.00633461 -7.07868e-06 -7.04164e-06 0.00166974 9.09084e-08 -0.00164725 0.0566894 0.000186878 -8.27398e-05 -0.00422872 -0.00489329 -5.86231e-05 -0.0204557 -0.00401416 2.68476e-05 -6.29942e-05 -1.09209e-05 -1.24098e-05 2.55419e-06 -0.00555431 -0.000367857 -0.00131396 -0.000325367 -0.000467363 -5.8288e-09 -4.44922e-05 0.000170293 -4.64114e-05 -0.00554439 -0.000932072 -0.000337009 -0.000945509 -0.00035257 -0.00065752 0.00629047 4.7044e-06 -4.66109e-06 -0.00139267 -4.09388e-05 1.15746e-05 -0.0180685 0.0245454 -0.00186826 -2.74636e-05 -1.35014e-05 
2.63315e-05 3.96565e-06 -0.00125964 0.00197064 4.58808e-07 3.27353e-06 1.88949e-06 -6.40905e-07 1.11828e-06 2.12362e-06 -0.000316391 0.000685891 1.46306e-05 -0.00346907 0.00481013 2.13854e-07 -0.00117839 -0.00167437 -0.00186276 1.53209e-05 -0.00199662 0.00172596 -0.000218261 0.00225775 8.04469e-06 0.000771015 1.04595e-06 -4.82301e-07 -0.00259963 3.08165e-06 0.000236467 -0.00215332 3.09537e-06 2.79421e-05 0.00166091 9.20748e-06 -1.46281e-06 -4.99461e-09 5.35658e-05 6.82696e-06 0.00176691 0.000496799 5.61866e-07 7.6526e-06 -0.00317672 5.29566e-07 -9.15292e-08 0.000990802 3.02485e-05 4.00826e-05 -5.68609e-06 0.00132298 6.64767e-05 -1.37932e-07 -7.89471e-09 0.00119904 -7.45325e-08 -4.99939e-06 -3.3392e-05 4.39837e-07 -1.25199e-05 -0.000818085 -1.04307e-05 1.52708e-06 0.000199259 -5.1426e-05 1.72414e-06 0.00186341 6.50262e-05 -2.83122e-06 -1.90173e-06 -5.19799e-07 -6.97473e-08 -1.32326e-07 -4.27898e-05 -1.89715e-06 1.87084e-05 1.28527e-05 0.000108881 -3.22233e-11 1.25706e-05 -1.66875e-05 1.62944e-06 0.00112748 2.57118e-05 3.7754e-05 8.57394e-06 8.96729e-06 2.76151e-05 -0.00160379 -7.72974e-06 4.52229e-07 -8.39848e-06 2.67409e-07 4.56609e-07 0.00131414 -0.00254089 9.07744e-06 -8.29245e-08 2.83429e-06 
-1.16322e-06 -1.90363e-08 -8.32236e-05 9.35004e-06 1.94088e-08 4.5759e-07 1.61252e-06 6.11857e-08 5.56808e-07 6.64523e-08 -1.67569e-05 4.93695e-05 1.6797e-06 -6.97994e-05 2.13854e-07 9.16049e-05 -5.27838e-05 -8.13044e-05 -1.42799e-05 4.62961e-06 -6.32211e-05 1.64021e-05 -6.35808e-05 7.66348e-05 2.3462e-07 6.30042e-06 -3.86761e-09 9.41135e-08 -6.41424e-05 4.15077e-06 2.12014e-06 -1.12474e-05 4.49152e-06 -1.47232e-07 3.21053e-05 3.71435e-07 -3.24012e-08 6.09905e-07 2.59904e-05 -1.76356e-09 1.50514e-05 -8.365e-07 2.82674e-07 8.24198e-08 -1.43784e-05 1.4211e-07 1.63789e-06 -1.15367e-05 1.45794e-07 -7.86742e-07 6.80921e-05 7.93442e-06 1.29254e-06 2.0719e-08 -1.49635e-10 5.48992e-06 -1.41268e-09 1.56414e-07 -6.27349e-06 -6.6267e-11 2.62855e-05 -8.03283e-05 -2.58545e-07 8.67553e-08 7.8707e-06 6.60374e-05 3.4136e-06 1.66815e-05 2.8171e-06 1.08289e-06 1.27953e-07 2.39958e-07 -1.32198e-09 -3.70851e-09 6.62017e-05 1.27802e-07 1.85036e-06 3.4929e-06 -6.56901e-08 -6.10756e-13 -8.5805e-09 2.05378e-06 3.22916e-09 3.39004e-06 -1.92916e-07 2.10335e-07 3.04295e-06 1.66375e-06 1.13457e-05 -9.84085e-06 9.21268e-06 5.84624e-07 6.23848e-05 -5.10347e-09 -3.18436e-08 7.25321e-06 -8.25531e-05 1.8991e-06 -3.21441e-09 -1.94037e-09 
0.000135929 -0.000129802 0.00849838 -0.00714702 -1.21249e-06 -7.98e-05 -0.000114442 -4.14652e-05 -2.03363e-05 -6.62614e-05 0.00112716 -0.0049602 -0.000137899 0.00420244 -0.00117839 -5.27838e-05 0.018872 0.00730919 0.00677701 -0.000346257 0.007934 -0.00626541 0.00463282 -0.00662278 1.40248e-06 -0.00482332 -1.79077e-05 -1.24234e-05 0.00858349 -2.04192e-05 -0.00361208 0.00471362 -0.000585043 -4.80894e-06 -0.00608826 -6.25519e-05 -0.000127218 -8.76783e-07 -0.00078197 -1.52763e-05 -0.00596679 0.000524981 -1.67146e-06 -3.27413e-05 0.00553831 -2.73295e-05 -0.000159663 0.000907518 -0.000678118 -0.000665738 -0.00116081 -0.00599885 -0.00122312 -3.55089e-06 -1.3919e-06 -0.00562612 -2.43328e-06 -0.000421306 0.000521045 -5.76081e-07 -0.000882045 0.00323178 -0.000387519 -3.83158e-06 -0.00406169 -0.00296563 -3.81063e-05 -0.00595178 5.57686e-05 -0.000137026 -1.65985e-05 -1.51742e-05 -1.13923e-05 -1.68477e-05 -0.00181089 -0.000144494 -0.000211563 -0.000129538 -0.000667773 1.28282e-10 -8.82511e-05 -0.000279196 -4.31787e-06 -0.00591132 -0.00036129 -0.000376259 -0.000275646 -4.04189e-05 -2.75849e-05 0.00647213 -0.00135638 -1.55243e-05 -0.000521455 -5.39474e-06 -0.000114365 -0.00448087 0.00812061 -0.0015524 2.84807e-08 -1.06124e-05 
-0.00331076 -0.000166737 0.0210219 -0.0281206 -1.12188e-06 -8.5292e-07 -9.63362e-05 -0.000112074 -2.0763e-05 -4.92756e-05 0.0010127 -0.0279968 -0.000123308 0.0241931 -0.00167437 -8.13044e-05 0.00730919 0.0650621 0.0142641 -0.000324694 0.0280242 -0.0141696 0.00656472 -0.026658 -0.000407494 -0.00728103 -5.2467e-06 4.59559e-06 0.02767 -1.61959e-05 -0.00368508 0.0154218 -0.000379047 -2.39034e-05 -0.0254979 1.99233e-05 -2.13918e-05 -9.61046e-07 -0.000528421 -1.70567e-05 -0.0183999 -0.00356564 -3.46632e-06 -2.93041e-06 0.00973244 -3.31902e-05 -0.000141306 0.00502026 -0.0018271 -0.000251536 -0.00457728 -0.00744484 -0.00118808 4.12974e-07 -1.39574e-06 -0.00686938 -1.76795e-06 -0.000586429 0.000823807 -5.56065e-07 -0.00225942 0.0143132 -0.000158975 -6.32837e-06 -0.0046495 -0.0139572 -3.57886e-05 -0.0190443 -0.0039832 -0.000311128 -2.18328e-05 -3.58888e-05 -1.27772e-05 -1.88449e-05 -0.00829 -0.00039188 -0.000582686 -0.000370459 -0.000653966 -6.20029e-09 -7.76013e-05 -0.000331902 -2.99165e-05 -0.00634491 -0.000115763 -0.000383435 -0.000953916 -0.000260003 -0.00071274 0.0080301 -0.0016835 -8.33355e-06 -0.00195434 -4.89663e-05 -5.76209e-05 -0.0185522 0.0269727 -0.00344795 -2.95621e-05 -1.93683e-05 
-0.000503656 -8.5789e-05 0.0125443 -0.0133857 -1.06071e-06 7.85358e-06 -7.19681e-05 -1.13894e-06 -2.2246e-05 -4.09549e-05 0.000955384 -0.00205416 -9.5092e-05 0.0115398 -0.00186276 -1.42799e-05 0.00677701 0.0142641 0.0181434 -0.000344613 0.0136184 -0.0125463 0.0036633 -0.0116346 -0.000205502 -0.00708098 -1.80763e-05 -2.81338e-05 0.00987523 -2.08803e-05 -0.00389179 0.0120748 -0.000155291 -1.13125e-05 -0.0127085 -1.5807e-05 4.80767e-06 -1.37565e-07 -0.000471609 -1.83975e-05 -0.0130916 0.000494016 -7.13574e-07 -1.95464e-05 0.010838 -2.14772e-05 -7.68137e-05 0.00125879 -0.00135744 -0.000744634 -0.000170697 -0.00730487 -0.00122153 -3.15831e-07 -9.86474e-07 -0.00729139 5.83729e-08 -0.000555746 0.000439782 -5.76629e-07 -1.02737e-05 0.00634082 -6.58394e-05 9.06503e-07 -0.00498827 -0.000295916 -1.77761e-06 -0.0135326 -0.00283857 -8.51041e-05 -2.1646e-05 1.32281e-06 -1.18099e-05 -1.32172e-06 -0.000453012 -0.000415228 -9.99226e-05 -0.000259568 -0.000697972 1.23234e-10 -9.11454e-05 6.16894e-05 -3.6905e-06 -0.00675807 -7.72549e-05 -0.000395263 -0.00100175 -1.30282e-06 -0.000198835 0.00881966 -0.00106223 -1.13578e-05 -2.34115e-05 -2.63603e-05 -4.73448e-05 -0.0116324 0.0147095 -0.00216009 -3.78088e-07 -1.42418e-05 
-4.2278e-07 1.56018e-06 -0.000331242 3.33923e-05 -2.37536e-09 -4.11463e-07 2.99989e-06 6.786e-08 1.71384e-06 1.26924e-05 -8.76285e-05 -0.000113584 2.88547e-07 -0.000260389 1.53209e-05 4.62961e-06 -0.000346257 -0.000324694 -0.000344613 0.000367948 -0.00032371 0.00034444 -0.000104154 4.57696e-05 5.03923e-07 0.000268269 1.74446e-06 8.69564e-07 -0.000261099 8.45972e-06 0.000269774 -0.000322385 3.79786e-06 1.52845e-06 3.29482e-05 1.55244e-05 -1.30181e-07 -3.80353e-10 1.70959e-05 1.29144e-08 0.000318112 -1.64056e-06 9.73498e-08 7.6296e-06 -0.0003039 1.25884e-05 4.05128e-06 3.2281e-06 0.000250854 4.64897e-05 -9.8394e-07 0.000319908 1.99713e-05 6.28295e-08 9.89399e-07 0.000319457 7.43242e-08 2.364e-06 -0.000273225 3.97338e-08 7.60192e-06 -0.000280645 1.78789e-06 7.23512e-07 0.000283978 -5.55359e-06 3.64752e-06 0.000337558 -3.09469e-07 7.33205e-07 2.49844e-05 -4.03456e-08 9.02136e-06 -1.49e-08 -2.27028e-06 1.03905e-05 -7.49598e-07 1.87476e-05 3.66494e-05 -2.45389e-12 3.29622e-05 -8.44334e-07 -2.72038e-08 0.000315382 4.06824e-06 0.000201101 6.53002e-06 6.51137e-06 1.71482e-06 -0.000347078 0.000249489 6.79179e-06 -5.94257e-07 -2.05047e-08 1.77873e-06 2.97921e-05 -0.000326152 1.3827e-05 3.77085e-07 1.35554e-06 
-0.00277511 -0.000162471 0.0241494 -0.0225429 -3.84649e-06 -0.000226589 -7.32684e-05 -2.77453e-05 -3.15648e-05 -5.48487e-05 0.00102386 -0.01397 -0.000102518 0.0272891 -0.00199662 -6.32211e-05 0.007934 0.0280242 0.0136184 -0.00032371 0.0401137 -0.0147544 0.00655432 -0.0308945 -0.000362772 -0.0069873 -3.06259e-05 2.40669e-06 0.0257815 -1.77572e-05 -0.00377858 0.0212646 -0.000413441 -0.000843046 -0.0262821 -5.73325e-06 1.02937e-05 -9.90071e-07 -0.00102716 -1.82507e-05 -0.0197599 0.00107395 -5.94856e-06 -7.45921e-06 0.0125996 -4.44908e-05 -0.000116119 0.000242807 -0.00124378 -0.000603992 -0.00432139 -0.00734795 -0.00125965 -1.33253e-05 -1.44162e-06 -0.0072114 -3.75442e-06 -0.00084131 0.00100263 -5.09717e-07 -0.00334539 0.0173892 5.15961e-05 -2.18039e-05 -0.00481501 -0.0100559 -0.000126837 -0.0217338 -0.00380879 -0.000185069 -3.13581e-05 -2.9681e-05 -1.33025e-05 -3.42752e-05 -0.00922015 -0.000406376 -0.00175644 -0.0003854 -0.000644974 -6.38756e-09 -7.57788e-05 -0.000672065 2.13088e-06 -0.00659068 -0.000799799 -0.000384323 -0.000993207 6.01631e-05 -0.000739203 0.00836145 -0.00101499 -3.26652e-06 -0.00195064 -5.20044e-05 -9.57211e-05 -0.0197727 0.0272034 -0.003404 -1.65444e-05 -1.97833e-05 
0.000720735 0.000122676 -0.0135227 0.0126212 1.16228e-06 -5.74378e-06 0.000106868 -2.07625e-06 2.16345e-05 3.78139e-05 -0.000909356 -0.000389871 0.000129436 -0.0127281 0.00172596 1.64021e-05 -0.00626541 -0.0141696 -0.0125463 0.00034444 -0.0147544 0.0154132 -0.00356092 0.0125008 0.000180209 0.00665977 2.30723e-05 1.94878e-05 -0.0108315 1.87793e-05 0.00391668 -0.0136988 -1.16547e-06 1.4462e-05 0.0138154 1.57583e-05 -5.44795e-06 -1.61803e-08 0.000119563 1.78786e-05 0.0144272 -0.000512534 7.33926e-07 2.12441e-05 -0.0115994 2.08711e-05 9.61635e-05 -0.00148755 0.00100884 0.000450882 0.000131413 0.00743343 0.0012067 1.02983e-06 7.44425e-07 0.00726615 8.1881e-08 0.000464973 -0.000434074 5.62007e-07 -2.34778e-05 -0.00869257 5.182e-05 9.99305e-07 0.00499999 -0.000288188 1.82732e-06 0.0149777 0.00241144 5.7331e-05 1.987e-05 -1.39632e-06 1.18507e-05 1.38095e-05 -5.68777e-05 0.000413637 0.000165192 0.000297423 0.000697692 -1.04389e-10 9.00234e-05 -4.45631e-05 -1.15726e-06 0.00675621 3.85239e-05 0.000399421 0.000926093 -9.89286e-06 0.000460528 -0.00851458 0.000915518 1.04309e-05 4.52841e-05 1.09544e-05 2.11574e-05 0.012569 -0.0137179 0.00130275 2.05994e-08 1.4435e-05 
5.55911e-05 -6.67574e-05 0.00811648 -0.00242044 -8.05755e-07 -1.39462e-05 -7.83695e-05 -4.64108e-05 -1.98786e-05 -5.15948e-05 0.00107371 -0.00673179 -9.39381e-05 0.00445364 -0.000218261 -6.35808e-05 0.00463282 0.00656472 0.0036633 -0.000104154 0.00655432 -0.00356092 0.0178879 -0.00618673 -4.02577e-05 -0.0043066 -1.36575e-05 -3.82668e-05 0.00390358 -8.59106e-06 -0.00301374 0.0017592 -0.000360034 -4.47988e-05 -0.00563752 -0.000149052 -1.03861e-05 -1.01451e-06 -0.000328301 -1.12359e-05 -0.00332669 -0.000178265 -1.32548e-06 -3.58154e-05 0.00323256 -6.28702e-06 -0.000138545 -0.0015818 -0.000361508 -0.000443533 -0.00347138 -0.00358677 -0.000937673 -1.94673e-06 -1.14691e-06 -0.003405 -5.06905e-06 2.54993e-05 -4.96812e-05 -1.60154e-07 -0.00103503 0.00534535 -0.000105881 -5.05524e-07 -0.00302965 -0.00516077 -1.31054e-05 -0.00324145 -1.3271e-05 1.68077e-05 -2.10444e-05 -3.72963e-05 -1.26238e-05 -1.66658e-05 -0.00353566 -0.000348164 -0.000372562 -0.000127599 -0.000456806 1.21466e-10 -4.27235e-05 -7.23766e-05 -7.1701e-06 -0.00343236 -0.000304697 -7.56582e-05 -0.000396423 1.13964e-05 -0.00018115 0.00419471 -0.000355221 -1.28971e-05 -0.00205262 -5.7517e-06 -8.34304e-05 -0.00429869 0.0090067 -0.000488446 -9.40602e-08 -6.81744e-06 
0.00160872 1.1145e-05 -0.0202999 0.0219415 1.75764e-06 3.20738e-05 -1.69806e-06 4.20366e-05 1.02057e-05 5.6085e-05 -0.000888881 0.0131749 3.8183e-05 -0.0269075 0.00225775 7.66348e-05 -0.00662278 -0.026658 -0.0116346 4.57696e-05 -0.0308945 0.0125008 -0.00618673 0.0370994 0.00012511 0.00490311 1.29243e-05 -5.12752e-06 -0.0260307 7.0921e-06 0.00262271 -0.0187321 0.000268603 0.000200504 0.0248881 -2.44182e-05 -1.3211e-05 8.36792e-07 0.00054456 1.84138e-05 0.0177215 -0.00100287 5.98883e-06 1.46117e-06 -0.0100411 2.95438e-05 5.53178e-05 -0.00283317 0.000437164 -0.000218064 0.00443382 0.00555354 0.00118956 4.88142e-08 1.44697e-06 0.00573498 3.40163e-06 7.50814e-05 3.27281e-05 5.12088e-07 0.00268189 -0.0140871 -9.99216e-05 -2.70142e-06 0.00344239 0.00977046 9.28447e-06 0.0192523 0.00354916 9.37829e-06 -1.36974e-05 3.4857e-05 1.34317e-06 -8.22061e-07 0.00911919 5.96321e-06 0.00101802 0.000356011 0.000377174 6.40941e-09 8.60247e-06 1.38173e-05 -7.85277e-07 0.00522495 0.000203515 3.52827e-05 0.000532342 -8.27589e-05 0.000740469 -0.00594143 -1.28682e-05 2.41294e-06 0.00197276 4.9357e-05 3.79672e-05 0.0184433 -0.0283048 0.00288413 -1.29727e-06 2.1527e-06 
0.000408435 3.97483e-07 -0.000260112 9.84439e-05 -4.84026e-09 2.27482e-05 -8.85297e-08 -9.94528e-08 -2.61289e-08 -5.63355e-08 9.8137e-07 0.000346402 -1.11638e-07 -0.000546008 8.04469e-06 2.3462e-07 1.40248e-06 -0.000407494 -0.000205502 5.03923e-07 -0.000362772 0.000180209 -4.02577e-05 0.00012511 0.000749477 8.7666e-05 5.50025e-08 3.43894e-07 -1.35186e-05 -2.09511e-08 3.25189e-05 -0.000633577 -7.24354e-07 -7.75394e-07 0.000421095 1.65075e-06 -2.65269e-07 -7.75041e-10 -1.51047e-06 -1.44383e-08 0.000172282 0.000304201 -5.40029e-09 -3.47694e-08 -0.000309368 -3.73095e-08 6.16887e-07 0.000114514 -1.51512e-06 2.13326e-05 -3.98045e-06 5.73406e-05 -6.48975e-07 5.98596e-07 -1.22507e-09 5.84974e-05 5.17677e-08 -1.08777e-06 -0.000511633 -5.42529e-10 -2.78155e-06 -0.000630078 -2.11338e-06 8.22189e-07 6.1146e-05 -1.50097e-05 -2.69457e-08 0.000225875 3.4934e-05 1.36422e-05 2.79092e-07 1.11214e-08 -1.08231e-08 -3.03616e-08 -7.36134e-06 6.28185e-05 -1.6765e-06 4.20295e-06 -5.37806e-07 -5.00027e-12 -7.02487e-08 0.000151806 4.2579e-06 -4.53877e-06 4.57262e-07 -3.24737e-07 0.000111245 6.0622e-05 6.22198e-08 -5.84784e-05 2.58166e-06 -1.67234e-08 -1.59807e-06 1.14884e-07 -2.60704e-07 0.000341801 -0.000316556 3.10724e-05 1.64004e-05 3.41745e-06 
9.80319e-05 1.87994e-05 -0.00680838 0.00479661 8.59027e-07 -5.44254e-06 1.58538e-05 1.7287e-06 8.70953e-06 2.93849e-05 -0.000779434 0.000205136 8.73014e-06 -0.00618497 0.000771015 6.30042e-06 -0.00482332 -0.00728103 -0.00708098 0.000268269 -0.0069873 0.00665977 -0.0043066 0.00490311 8.7666e-05 0.00986552 1.35393e-05 3.74313e-05 -0.00537853 1.26498e-06 0.00340864 -0.00598842 9.59998e-05 8.16214e-06 0.00651747 4.29271e-05 -3.08762e-06 1.4637e-07 0.000167929 5.03818e-06 0.00635725 0.000321462 1.40492e-06 2.80147e-05 -0.00640781 3.10765e-06 4.31334e-05 0.00111256 0.00079694 0.00123235 0.000623842 0.00473486 0.000523114 7.52304e-07 -1.62759e-08 0.0046036 -1.53657e-07 0.000448847 -0.000452564 5.26125e-07 0.000141436 -0.00562381 5.40713e-05 1.02861e-06 0.00365691 0.000569529 3.29248e-06 0.00654523 3.19692e-05 7.25935e-06 2.18865e-05 -1.09224e-06 1.19329e-05 -4.03376e-07 0.00048178 0.000392203 -1.42872e-05 0.000158315 0.000431048 -6.64321e-11 6.232e-05 -2.26464e-05 4.82687e-06 0.00458774 0.000233723 0.000359249 0.000476188 -4.28844e-06 6.95228e-05 -0.00640016 0.000817211 1.45478e-05 3.11951e-05 -5.25107e-07 3.5553e-05 0.0047339 -0.00883545 0.00056441 1.30703e-06 1.53189e-05 
1.23386e-05 4.54561e-07 -3.84947e-05 7.28848e-06 -2.72438e-10 -4.7192e-08 7.8835e-07 5.44022e-08 2.4352e-06 2.68291e-08 -1.19374e-05 1.4293e-05 2.5705e-07 -1.07109e-05 1.04595e-06 -3.86761e-09 -1.79077e-05 -5.2467e-06 -1.80763e-05 1.74446e-06 -3.06259e-05 2.30723e-05 -1.36575e-05 1.29243e-05 5.50025e-08 1.35393e-05 4.22149e-05 1.62755e-06 -1.45065e-05 9.75487e-07 9.61885e-07 -2.47499e-05 5.39229e-07 6.11215e-06 3.42638e-06 7.26533e-06 -1.49309e-08 -4.36239e-11 2.87452e-06 -8.12671e-10 8.22355e-06 -1.38642e-06 -3.0396e-10 4.87804e-06 -3.24701e-05 3.94567e-07 7.82883e-07 2.56186e-05 1.50079e-07 8.36232e-06 1.15681e-07 1.3191e-06 4.51001e-07 -1.20472e-09 -6.89539e-11 4.36998e-06 -6.50981e-10 2.66086e-06 -8.33532e-07 -3.05367e-11 4.13797e-06 -3.37174e-05 8.41924e-08 3.32099e-07 8.5358e-06 2.90682e-06 -6.01953e-09 2.84753e-05 2.25907e-07 -4.32158e-08 -1.93759e-08 -4.62737e-09 -6.09187e-10 -1.70893e-09 3.80479e-06 1.52091e-07 5.54317e-06 -1.70952e-08 5.30624e-08 -2.81444e-13 3.40271e-06 -1.58009e-07 4.35466e-08 8.55997e-06 4.3911e-06 4.55055e-07 1.12374e-06 -9.35087e-08 -3.27085e-08 -1.4459e-05 -1.04198e-07 1.69059e-07 2.24338e-06 -2.35175e-09 1.81993e-07 2.14159e-06 -2.20631e-05 7.92908e-07 -1.48124e-09 -8.94149e-10 
-6.69765e-09 2.48195e-07 -1.69257e-05 -9.27475e-06 -8.84257e-10 1.61343e-10 1.78716e-06 -1.81688e-08 1.45227e-07 5.26375e-07 -1.90493e-05 -6.05224e-06 1.29605e-07 -2.59556e-05 -4.82301e-07 9.41135e-08 -1.24234e-05 4.59559e-06 -2.81338e-05 8.69564e-07 2.40669e-06 1.94878e-05 -3.82668e-05 -5.12752e-06 3.43894e-07 3.74313e-05 1.62755e-06 0.000137005 9.36234e-06 4.46172e-07 6.21889e-07 -1.83227e-05 8.51003e-07 3.39312e-06 -2.99245e-06 -1.12521e-07 -4.84615e-08 -1.41591e-10 6.93701e-06 -2.6377e-09 -2.01806e-06 2.40935e-05 -9.86568e-10 5.06981e-07 -5.85114e-05 1.03184e-07 4.00023e-06 6.74573e-05 -4.28296e-07 3.92298e-05 -2.46379e-07 -1.01448e-06 -1.20674e-07 6.99423e-07 -2.23805e-10 7.84685e-07 -2.1129e-09 8.74083e-06 -1.66606e-05 -9.91135e-11 3.49332e-06 -4.83233e-05 -3.33364e-07 2.85092e-08 5.3998e-06 -2.41082e-06 -1.95377e-08 7.29313e-06 7.02424e-06 -1.40266e-07 3.57111e-07 4.01648e-07 -1.97725e-09 -5.5467e-09 -7.76718e-07 6.71872e-07 9.94944e-07 -5.54862e-08 -9.82508e-08 -9.13489e-13 4.58383e-06 2.77048e-06 -1.01269e-08 7.87812e-07 -2.11872e-07 -5.93256e-08 1.9532e-06 -3.03503e-07 -1.06162e-07 -4.73333e-05 4.52525e-06 2.02361e-06 -2.91949e-07 -7.63311e-09 2.65706e-07 -2.10857e-06 -5.12985e-05 -3.96544e-07 -4.80769e-09 -2.90215e-09 
0.0017445 -9.19126e-05 0.0158556 -0.0477822 -1.38377e-06 2.72663e-05 -7.98075e-05 -6.30806e-05 -1.85853e-05 -5.24468e-05 0.000918933 -0.106919 -0.000106806 0.0116333 -0.00259963 -6.41424e-05 0.00858349 0.02767 0.00987523 -0.000261099 0.0257815 -0.0108315 0.00390358 -0.0260307 -1.35186e-05 -0.00537853 -1.45065e-05 9.36234e-06 0.191531 -1.40577e-05 -0.00292526 0.0129119 -0.000646822 -0.000181273 -0.0191796 3.72604e-05 -0.000174416 -7.6653e-07 -0.00183858 -1.40664e-05 -0.0146102 0.00643266 -4.54098e-06 -6.53085e-06 0.00518989 -2.99198e-05 -0.000124471 -0.000947298 -0.00153472 -0.0029257 -0.00363455 -0.00637256 -0.000927174 3.76808e-06 -1.08828e-06 -0.00554823 -4.31527e-06 -0.000782231 -2.33482e-05 -4.99904e-07 -0.00244612 -0.00928139 -0.00200725 6.2268e-06 -0.00367756 -0.0131351 -6.67279e-05 -0.0161559 -0.00224406 -0.000419416 -9.09504e-05 -3.33124e-05 -1.01876e-05 -5.93152e-06 -0.00702759 -0.00026342 -0.00107291 -0.000295599 -0.000517343 -4.94535e-09 -6.61273e-05 -0.00142133 -1.22752e-06 -0.00503572 -0.000487309 -0.000299498 -0.00068411 -0.000197562 -0.000556208 0.00688666 -0.00159622 -1.01064e-05 -0.00156621 -4.05434e-05 -0.000227821 -0.0140227 0.0209788 -0.00224789 5.41594e-06 -1.46681e-05 
-2.01956e-07 6.94196e-07 -1.7437e-05 1.84322e-05 -1.80263e-10 7.54413e-08 1.06703e-07 -3.70387e-09 1.19569e-06 -2.09807e-09 -1.16971e-06 -4.04809e-06 3.2509e-08 -2.18527e-05 3.08165e-06 4.15077e-06 -2.04192e-05 -1.61959e-05 -2.08803e-05 8.45972e-06 -1.77572e-05 1.87793e-05 -8.59106e-06 7.0921e-06 -2.09511e-08 1.26498e-06 9.75487e-07 4.46172e-07 -1.40577e-05 2.79326e-05 1.53881e-06 -1.9126e-05 -2.69767e-08 8.84415e-08 8.12248e-06 2.37062e-07 -9.87928e-09 -2.88644e-11 8.86821e-06 -5.37717e-10 1.91267e-05 3.41676e-07 -2.0112e-10 -1.2949e-09 -2.40036e-05 5.65277e-07 4.58624e-07 1.02531e-06 1.14855e-06 -3.91993e-08 -1.52835e-07 1.94793e-05 5.28983e-06 4.49203e-07 -4.56244e-11 1.79828e-05 -4.30732e-10 -5.21171e-08 -9.26965e-06 -2.02051e-11 -1.1824e-07 -2.03584e-05 1.71169e-07 2.93645e-07 1.92772e-05 -5.68931e-07 -3.98292e-09 1.96282e-05 -1.70813e-09 -2.85944e-08 -1.28204e-08 -3.06177e-09 6.29303e-08 -1.13074e-09 -2.90169e-07 9.44817e-07 -4.84326e-08 9.75355e-07 -2.00292e-08 -1.86222e-13 -2.61624e-09 -1.04549e-07 -2.06446e-09 1.21226e-05 1.11791e-08 4.94573e-07 8.09606e-06 9.81285e-08 -2.16421e-08 -2.01588e-05 6.82674e-06 -6.2282e-10 -5.95162e-08 -1.55607e-09 -9.70925e-09 8.70325e-06 -1.9658e-05 1.36939e-06 -9.80088e-10 2.79408e-07 
-6.58139e-05 4.47665e-06 -0.00382321 0.0023798 1.96106e-07 -4.63296e-06 1.40287e-05 -4.42768e-07 2.87636e-06 1.47298e-05 -0.000758014 -0.00146016 1.70987e-05 -0.00318388 0.000236467 2.12014e-06 -0.00361208 -0.00368508 -0.00389179 0.000269774 -0.00377858 0.00391668 -0.00301374 0.00262271 3.25189e-05 0.00340864 9.61885e-07 6.21889e-07 -0.00292526 1.53881e-06 0.00420127 -0.00368129 5.70542e-06 -6.93824e-07 0.00332315 5.49871e-06 -1.49217e-06 -4.3597e-09 1.5465e-05 3.61212e-06 0.00382038 -0.000138148 -3.7728e-10 1.16108e-06 -0.00374591 1.64001e-05 2.20354e-05 -0.000504387 0.000648597 0.000157857 0.000144699 0.00383252 0.000623184 6.26857e-09 -6.89114e-09 0.00349033 -6.5058e-08 7.46686e-06 -0.000425582 8.69482e-08 -5.81242e-06 -0.00292674 7.05299e-05 -1.31134e-08 0.00326237 -5.7305e-05 3.07175e-06 0.00379944 -1.71467e-05 -3.05558e-06 2.57236e-05 -3.24519e-08 1.17025e-05 -1.70788e-07 -1.09239e-05 0.00034838 -7.3697e-06 5.30982e-05 0.000496431 -2.81271e-11 6.37648e-05 -9.15785e-06 -2.7515e-07 0.0035433 4.94023e-05 0.000367147 0.000271874 2.95882e-05 2.42145e-05 -0.00387424 0.000543608 4.1226e-06 3.55173e-05 -2.28363e-07 1.11435e-05 0.00297658 -0.00374682 0.000115727 2.81967e-07 7.85397e-06 
-0.00841803 -9.41022e-05 0.0140134 -0.0170026 -5.13648e-06 -0.000606936 -3.6538e-05 1.33498e-05 -1.86983e-05 -3.43214e-05 0.000684714 -0.0312403 -6.14319e-05 0.0322633 -0.00215332 -1.12474e-05 0.00471362 0.0154218 0.0120748 -0.000322385 0.0212646 -0.0136988 0.0017592 -0.0187321 -0.000633577 -0.00598842 -2.47499e-05 -1.83227e-05 0.0129119 -1.9126e-05 -0.00368129 0.100346 2.78737e-05 -0.00106663 -0.0184475 -8.47608e-05 1.11577e-05 1.1692e-07 -1.09311e-05 -1.67686e-05 -0.0181049 -0.0102175 -3.16866e-06 -1.44581e-05 0.0178949 -2.03416e-05 -3.12446e-05 -0.055575 -0.00169181 -0.00664113 0.000416124 -0.00669149 -0.00108162 -2.16378e-05 -1.04186e-06 -0.00690345 -6.81914e-07 -0.00220486 0.0055233 -9.48224e-08 -0.00104865 0.0341413 0.000171677 -4.88988e-05 -0.00460739 0.00190137 -0.00010606 -0.0232431 -0.00327231 -0.00052906 -0.000247112 1.49556e-06 -1.07939e-05 -9.61641e-06 0.000447027 -0.000376223 -0.00142993 -0.000257978 -0.000624852 7.54325e-10 -7.59592e-05 -0.00199784 -6.39756e-06 -0.00608245 -0.00106394 -0.000380188 -0.000961896 -0.00150008 -0.000459715 0.00900617 -0.00134002 -1.05172e-05 0.000221704 -2.33502e-05 -0.000127764 -0.0170134 0.014769 -0.00146653 -2.65933e-05 -1.87835e-05 
