0.17428 -7.00229e-05 0.0266707 -1.13912e-07 -0.000188911 8.47623e-06 -7.64222e-05 0.00242668 7.33464e-06 -0.0137733 3.06853e-05 -0.000576362 -0.000156289 0.0950192 -0.0186902 5.37453e-07 -5.75152e-06 0.0135281 -0.00381397 0.00765377 0.0102582 -0.0167391 -0.0182092 5.87618e-05 -0.00153659 -0.029288 -0.00333259 0.00449996 0.00141082 0.00459861 -0.00660025 -3.90899e-05 -0.0033232 -0.000176304 0.00049877 -0.0142224 3.43349e-05 -0.111604 -0.00187242 -0.000923392 0.135134 0.00022543 0.000937558 7.96961e-06 -0.0229238 -0.0377497 0.00071807 -1.54096e-05 -9.57358e-05 -1.90505e-07 0.000110193 0.00234557 0.106561 -0.00177214 -9.05938e-07 -0.000526168 -1.12753e-06 -1.73408e-06 -9.4334e-07 0.0319832 5.92894e-05 0.00510135 -7.75434e-05 -0.000114852 0.000590208 -0.0904354 -0.121397 2.79646e-06 0.00107497 -5.43436e-05 -9.11485e-06 -0.000205849 -0.0147029 -4.1633e-07 3.56626e-06 0.000192664 0.000303023 -0.000542384 0.000976496 2.42745e-07 -7.41978e-05 -0.0330225 -5.30889e-06 -0.00389653 0.0110635 -9.93991e-05 -0.000143431 0.0998463 6.40394e-05 -0.00529149 2.62895e-06 -0.000125299 -0.00194959 0.000242075 -0.000176687 -0.109643 -0.0307289 -0.00369345 0.000124434 -0.0139604 
-7.00229e-05 0.00036013 -0.000116473 -1.82532e-10 -1.86234e-07 -5.78033e-06 3.27176e-06 5.28988e-07 1.61569e-06 -1.4734e-05 1.4941e-06 1.04686e-05 1.11542e-09 0.000144561 0.000291253 -1.58731e-08 -1.0199e-08 -1.15095e-05 0.000211152 -0.000297377 -3.95252e-06 -0.000273169 -2.35246e-05 5.92305e-05 -0.000227592 -5.91573e-05 -5.29601e-06 -0.000315616 -1.2578e-06 -0.000301127 -1.82514e-06 -2.48594e-06 -6.30183e-06 2.56309e-06 -3.1616e-07 0.000295389 -8.5581e-08 -3.61677e-05 -6.56299e-06 -1.76015e-06 -0.000107613 2.28263e-07 -1.10117e-05 -2.99172e-08 0.000287392 0.000174529 -5.96248e-07 4.604e-08 2.91634e-05 -6.84494e-10 7.56147e-05 -1.0877e-06 -5.33571e-05 -3.16799e-06 -1.69202e-09 2.15124e-05 -1.17469e-08 -3.99648e-09 -1.89617e-09 -3.26133e-05 -8.32009e-08 -4.76694e-07 1.75348e-07 -0.000128034 -4.66733e-07 9.24601e-05 9.94148e-05 -5.30423e-09 -1.26195e-06 1.89144e-07 -2.25427e-08 -5.92876e-07 -2.39768e-05 -8.75432e-10 -4.717e-09 1.12131e-06 -3.84531e-07 -1.49346e-06 -3.58613e-07 -3.37444e-10 2.72616e-05 -0.000123228 9.85822e-07 0.000297009 -2.79096e-06 6.05942e-07 2.86954e-06 -4.84253e-05 1.3881e-06 0.000309399 -3.01418e-09 -1.56857e-07 -4.6787e-06 -2.66394e-07 9.83559e-08 -0.000205481 -0.000259907 -2.39537e-05 4.43789e-06 1.02943e-05 
0.0266707 -0.000116473 0.231194 -1.33852e-07 -0.000213006 -0.00132746 -0.0001439 -0.00110794 -1.66865e-05 -0.0161298 -6.82435e-05 -0.000857251 -0.000248019 -0.0271595 -0.0342037 -1.19912e-05 1.90589e-07 0.000490448 -0.00567538 0.0236885 0.00724213 0.028226 -0.0286947 -0.000560878 0.00450138 -0.0585555 0.00153602 0.0112667 0.0010859 0.0082008 -0.00951205 -0.00280668 -0.00415335 -0.000529239 0.000895066 -0.0262889 -5.72234e-05 -0.0340091 -0.00506414 0.000272735 0.0753449 -3.01392e-05 0.00146137 4.9709e-08 -0.0412133 -0.105919 -0.000562468 -2.08507e-05 -0.00019053 -6.89446e-07 -0.00332011 0.00209806 0.0169495 -0.00311874 -1.39093e-06 -0.00104107 -2.92853e-06 -3.27873e-06 -1.40655e-06 0.0333858 0.00017484 0.00748223 0.000264203 0.000931614 -0.000469534 0.00990462 -0.0491059 -4.05593e-06 -0.00077443 -8.80659e-05 -2.16924e-05 0.000342611 -0.0229219 -5.75098e-07 -8.97796e-07 -0.000353411 -0.000356399 -0.00148225 0.000308618 -1.98847e-08 -0.000639671 0.051252 -2.43465e-05 -0.00632005 -0.00743642 0.000358763 -0.000163942 0.0430385 0.000353864 -0.0107594 -2.39314e-07 0.000801784 -0.00222035 -4.93748e-05 -0.000258969 -0.0589174 0.00400821 0.00544543 -0.000472314 -0.0233994 
-1.13912e-07 -1.82532e-10 -1.33852e-07 5.06666e-07 -4.30685e-10 -2.74623e-07 -2.13172e-10 -3.17987e-09 -2.48165e-11 3.01679e-07 -9.73729e-11 -1.30518e-09 2.76293e-07 -2.14614e-07 2.27958e-07 -2.23237e-11 -1.43437e-11 -1.6351e-08 -8.67871e-09 -3.09022e-07 6.19238e-08 -3.04639e-07 -4.11856e-08 2.7588e-07 -2.69351e-07 -9.62309e-08 2.57632e-08 -2.58833e-07 -1.76896e-09 -2.64662e-07 2.60795e-07 -7.8607e-09 -9.00348e-09 2.75898e-07 -1.02595e-09 2.31084e-07 -1.2036e-10 -1.96569e-07 -1.2071e-08 -2.7333e-09 -9.16872e-08 -2.60281e-10 -2.74475e-07 -4.20753e-11 -5.94124e-08 -2.04199e-07 -8.38559e-10 -3.83851e-11 6.97328e-08 -9.62667e-13 2.68554e-07 -2.07354e-09 -8.22886e-08 -4.45544e-09 -2.37964e-12 2.74926e-07 -1.65207e-11 -5.62062e-12 -2.66676e-12 2.27654e-07 -2.01397e-10 -6.81166e-09 -2.12814e-10 -2.74971e-07 -6.84537e-10 -1.43236e-07 -1.60442e-07 -7.45982e-12 -1.8123e-09 2.76544e-07 -3.17038e-11 -8.33816e-10 1.70827e-07 -1.2312e-12 -6.63396e-12 -6.77915e-10 -5.40801e-10 -2.1754e-09 -2.22952e-09 -4.74578e-13 -9.5405e-10 3.03235e-08 -3.40041e-11 -8.92672e-09 -1.05868e-08 -3.43241e-10 1.73e-07 -7.74949e-08 -9.16827e-10 -1.53071e-08 -4.23911e-12 -6.80024e-10 -6.80511e-09 -3.74655e-10 -4.38294e-10 -3.19506e-07 -2.20272e-07 1.61615e-07 -1.01089e-09 4.23793e-07 
-0.000188911 -1.86234e-07 -0.000213006 -4.30685e-10 0.000849314 3.32172e-06 -3.57639e-07 -5.33488e-06 -4.16348e-08 -5.10229e-05 -1.63363e-07 -2.10303e-06 -6.26571e-07 -0.000114502 -7.42291e-05 -3.74526e-08 1.59269e-07 -1.88888e-05 -1.25603e-05 5.54012e-05 -7.54952e-06 0.00013208 -1.38273e-05 -1.32008e-06 1.16534e-05 -0.000154167 3.97953e-06 2.58995e-05 -2.96779e-06 7.13073e-06 -2.62241e-05 -1.28246e-05 1.86615e-05 -1.29043e-06 -1.02791e-06 -4.7828e-05 -2.01929e-07 0.000133106 -2.0155e-05 6.59766e-06 -0.000279234 -4.36675e-07 -1.83498e-05 9.41012e-09 -8.60098e-05 -0.00028154 -1.40685e-06 -6.43988e-08 -4.48241e-07 -1.61507e-09 -1.02844e-05 -3.47878e-06 -0.000136759 -5.74157e-06 -3.99234e-09 -2.09355e-06 -2.77169e-08 -9.42974e-09 -4.47403e-09 -8.11655e-05 -3.37884e-07 -1.12813e-05 -3.57038e-07 2.74566e-06 -1.13178e-06 0.000282617 0.00034424 -1.25154e-08 -3.0405e-06 -2.06511e-07 -5.31896e-08 -1.33556e-06 -5.94418e-05 -2.06559e-09 -1.11298e-08 -7.60674e-07 -5.67304e-07 -1.98968e-06 -3.74048e-06 -7.96201e-10 -1.22061e-06 7.82485e-05 -5.70488e-08 -1.48697e-05 -1.66815e-05 -5.75857e-07 -5.59494e-07 -0.000129267 -1.44483e-06 -2.54774e-05 -7.11197e-09 -1.13421e-06 1.8897e-06 -3.71893e-07 -7.35327e-07 0.00013515 0.000102484 4.22762e-05 -5.6597e-07 -8.13128e-05 
8.47623e-06 -5.78033e-06 -0.00132746 -2.74623e-07 3.32172e-06 0.00401695 -0.000290403 -0.000558951 -3.23725e-05 -0.00035832 -0.000104078 6.94291e-06 -0.000537347 -0.000188242 -0.00024143 -3.13056e-05 5.41804e-08 -1.25611e-05 3.82484e-05 0.000870154 -0.000749034 0.00223524 0.00028761 -0.00048226 0.000791713 0.000660036 5.70973e-05 0.000565536 -0.000832505 0.00070855 -0.000584326 -1.18265e-05 -0.000198063 -0.000606264 -0.000515366 -0.000744337 -1.02886e-05 0.00282045 -0.000478084 -0.000184482 -0.0018779 -0.000100211 0.000642908 -3.9084e-06 0.000149477 0.0012738 1.29184e-06 -6.47778e-05 -0.000319463 -1.22337e-07 -0.0010201 -0.000802561 -0.00105324 3.13266e-05 -1.98106e-06 -0.000620904 -2.05157e-07 -2.41925e-07 -6.12105e-07 -0.00260969 -0.000194813 -0.00215501 -0.000393803 0.00120186 3.32912e-06 0.00231285 0.00225365 -3.95062e-06 -0.000210747 -0.000147693 -1.41176e-05 -0.000125829 4.08451e-05 -1.14353e-06 -1.05386e-06 -0.000550034 -2.45066e-07 1.26202e-05 -0.000595166 3.77778e-09 -0.000158945 0.00106395 -6.22593e-05 6.78026e-05 -0.000343209 -0.000521538 -0.000393422 -0.00202012 -0.00134845 9.29588e-05 -2.26292e-06 -0.000432303 4.61841e-05 2.55236e-06 -8.37105e-06 0.00223108 0.00285983 0.000204433 -7.5703e-05 -0.000241662 
-7.64222e-05 3.27176e-06 -0.0001439 -2.13172e-10 -3.57639e-07 -0.000290403 0.000420556 -2.64055e-06 6.42726e-07 -1.02221e-05 6.51581e-06 7.21286e-06 0.000202773 -3.31341e-05 0.000375709 -1.85375e-08 -1.1911e-08 -1.11478e-05 -6.45342e-06 -0.000208025 4.59002e-05 -0.000349264 -1.57303e-05 0.000184353 -0.000378269 -1.62996e-05 -6.28621e-06 -0.000394118 1.79911e-05 -0.000404828 0.000251704 -5.91415e-06 -7.47644e-06 0.000270565 -1.15279e-07 0.000330058 -9.99466e-08 -0.000215808 -1.00237e-05 -2.09972e-06 -0.000142041 2.58386e-06 -0.00028139 -3.49391e-08 0.000358834 0.000243387 -6.96335e-07 6.00813e-06 3.41948e-05 -7.99393e-10 0.000399006 -1.60185e-06 -5.84854e-05 -3.69977e-06 1.78802e-06 0.000369788 -1.37187e-08 -4.66734e-09 6.31119e-07 0.000196043 4.89428e-07 8.49203e-05 -1.76719e-07 -0.000348825 -5.45103e-07 -0.000132451 -0.000225282 1.61381e-06 1.17841e-06 5.74452e-07 2.13367e-06 1.64094e-06 -1.76845e-05 5.48978e-07 1.31158e-07 -5.62937e-07 9.80922e-07 1.13689e-06 -1.85139e-06 -3.94087e-10 0.000232781 -0.00016568 1.0151e-06 -7.59364e-07 -8.74121e-06 -2.85026e-07 0.000292953 7.6882e-05 -7.61328e-07 8.69424e-05 -3.52014e-09 1.86198e-06 1.7724e-06 2.02222e-07 5.03604e-06 -0.000215596 -0.000331561 -1.71742e-05 6.80056e-06 1.38623e-05 
0.00242668 5.28988e-07 -0.00110794 -3.17987e-09 -5.33488e-06 -0.000558951 -2.64055e-06 0.00623667 2.23826e-05 -0.000390548 8.77405e-05 -1.61671e-05 -4.00948e-06 0.00334943 -0.000530418 8.54014e-06 -1.77675e-07 0.00467906 -0.000107363 -0.000499975 -4.76765e-05 0.000267462 -0.000509654 -7.26486e-07 -7.55458e-05 0.000194543 -9.36678e-05 3.28106e-05 4.93913e-05 0.000108548 -0.000196001 -7.09435e-05 -3.5739e-05 -6.3576e-06 -2.84843e-06 9.57233e-05 1.6791e-06 -0.00525838 0.000392323 0.000109279 0.00368947 3.09959e-05 9.74712e-06 1.92149e-07 -0.000665636 -0.00226114 -1.15385e-06 -4.75474e-07 1.14505e-05 -1.19245e-08 -9.70674e-05 0.000177229 0.00496989 -4.67827e-05 6.05235e-08 -2.03641e-05 -2.04641e-07 -6.96224e-08 -2.3033e-08 -0.000425852 0.000154925 0.000106581 -2.31944e-06 -0.000494433 -7.55996e-07 -0.00384801 -0.00344886 -4.90711e-08 0.000152401 -1.52473e-06 -1.62714e-07 1.50116e-05 -0.000440425 -1.52508e-08 8.07825e-07 0.000479126 -4.81221e-06 -2.44133e-05 0.000458516 -5.87857e-09 -9.14777e-06 -0.00240423 4.48821e-05 -6.40548e-05 0.000477535 3.45416e-05 4.51243e-06 0.00453385 0.000477617 -0.000118475 3.80824e-07 -8.40343e-06 -6.0168e-05 4.50584e-06 -2.78246e-06 -0.00373015 -0.00502072 -0.000550556 5.13448e-05 -0.000674032 
7.33464e-06 1.61569e-06 -1.66865e-05 -2.48165e-11 -4.16348e-08 -3.23725e-05 6.42726e-07 2.23826e-05 4.89776e-05 9.90663e-06 2.35106e-05 1.17383e-06 1.19172e-05 1.38831e-05 8.35126e-06 -2.15806e-09 -1.38662e-09 5.39331e-07 1.26102e-06 -3.00597e-05 3.02926e-06 -2.92581e-05 -3.69812e-06 8.07727e-06 -3.55161e-05 -8.39607e-06 -7.31814e-07 -3.03527e-05 1.48993e-07 -2.79495e-05 1.14724e-05 -6.16569e-07 2.99962e-06 1.22223e-05 -5.25133e-08 2.68501e-05 7.83646e-08 -3.21703e-05 2.38997e-05 -2.64231e-07 1.61595e-05 1.50248e-05 -1.29615e-05 2.52599e-07 -3.63013e-06 -1.70902e-05 2.35602e-07 -3.71072e-09 1.64208e-05 -9.3062e-11 1.31191e-05 -1.17118e-07 2.26684e-05 -4.04045e-07 -2.30043e-10 1.29217e-05 -1.59707e-09 -5.43351e-10 -2.57798e-10 9.07522e-06 -1.28026e-08 -6.41824e-07 -2.05729e-08 -3.40594e-05 -6.61749e-08 -2.95064e-05 -2.54895e-05 -7.21149e-10 -8.18632e-08 9.67477e-06 2.26935e-07 -8.06059e-08 -3.17467e-06 -1.19021e-10 -6.41311e-10 2.26611e-05 -5.22798e-08 -2.10298e-07 1.87511e-05 -4.58779e-11 3.91104e-07 -1.38496e-05 5.70338e-06 2.00378e-07 2.44932e-05 -3.31815e-08 5.21443e-06 -2.34485e-06 2.07514e-05 7.8025e-07 -4.09799e-10 -6.57387e-08 3.65476e-07 -3.62183e-08 6.1763e-07 -3.06137e-05 -3.81659e-05 -4.35521e-06 1.76561e-06 7.49303e-06 
-0.0137733 -1.4734e-05 -0.0161298 3.01679e-07 -5.10229e-05 -0.00035832 -1.02221e-05 -0.000390548 9.90663e-06 0.0585721 4.39963e-07 0.00011769 0.000387622 -0.0202992 -0.00453098 -2.64266e-06 -1.58201e-06 -0.00161131 0.00510182 0.00236749 -0.000393141 0.00817723 -0.00500209 0.000236295 -0.00433443 -0.0112754 -0.000838561 0.000888597 -0.000128844 -0.000956447 0.0264579 0.00252118 -0.00106264 0.000840694 -2.43866e-05 -0.00239855 1.22921e-05 0.00957469 -0.00094417 -0.000279357 -0.0067748 -8.53104e-06 -0.0003255 -5.12815e-06 -0.00721325 -0.0216827 0.000131524 5.03602e-05 0.000238066 -1.18703e-07 0.00113728 -0.00025457 -0.0100324 -0.000549274 -2.03425e-07 0.000976636 -2.01711e-06 2.04361e-06 -7.88281e-08 0.0109158 -2.48068e-05 -0.000815915 -2.58913e-05 -0.000183512 -7.31912e-05 -0.0366396 -0.033101 9.33489e-07 -0.000214961 0.000227485 7.78738e-06 -9.48782e-05 0.0347771 -1.51815e-07 1.18866e-06 -6.94413e-05 -5.14876e-05 -0.000265861 -5.8938e-05 -5.85185e-08 -0.000113014 0.0293662 -3.75292e-06 -0.00109885 -3.54793e-05 1.65947e-06 1.28755e-05 -0.00951673 -8.0744e-05 -0.00188293 -3.39376e-07 -7.04747e-05 0.00125929 -4.54907e-05 -3.94144e-05 -0.031899 0.00821148 -0.00526758 0.000556411 0.0501933 
3.06853e-05 1.4941e-06 -6.82435e-05 -9.73729e-11 -1.63363e-07 -0.000104078 6.51581e-06 8.77405e-05 2.35106e-05 4.39963e-07 0.000192146 -4.95065e-07 2.19683e-05 9.33851e-05 1.25776e-05 1.11532e-07 -5.44071e-09 -1.76209e-06 -3.21191e-06 -0.000149759 1.65699e-05 -0.000123209 -1.54254e-05 2.96615e-05 -0.000149168 -1.85446e-05 -2.87143e-06 -5.01956e-05 5.60902e-06 -3.63364e-05 1.62465e-05 5.81836e-06 1.29482e-05 2.49349e-05 -3.5582e-07 7.85667e-05 2.9768e-07 -0.000137435 0.000130371 -1.0101e-06 9.16275e-05 2.69113e-05 -2.0042e-05 3.7404e-07 -2.04234e-06 -4.32814e-05 2.13453e-05 2.95877e-06 2.1912e-05 -3.65148e-10 2.12694e-05 1.49349e-06 0.00011764 -9.76656e-07 -9.02621e-10 1.98864e-05 -6.26646e-09 -2.13195e-09 -1.01152e-09 4.20569e-06 7.83608e-07 -1.40039e-06 -8.07221e-08 -0.000113487 5.72035e-06 -0.000118301 -0.000103948 -2.82958e-09 1.59246e-07 3.33998e-06 1.28131e-06 -2.29608e-07 -9.01768e-06 -4.67006e-10 -2.51632e-09 0.000101266 -1.79739e-09 -7.18483e-07 9.18177e-05 -1.80012e-10 2.13812e-06 -4.80358e-05 1.69671e-05 -1.65265e-06 0.000123868 -8.35279e-08 9.62684e-06 -9.75454e-06 7.70256e-05 7.78389e-06 6.50587e-08 -2.5794e-07 -2.14791e-06 3.4789e-07 5.21042e-06 -0.000116305 -0.000107345 -1.63686e-05 -9.34391e-08 9.23334e-06 
-0.000576362 1.04686e-05 -0.000857251 -1.30518e-09 -2.10303e-06 6.94291e-06 7.21286e-06 -1.61671e-05 1.17383e-06 0.00011769 -4.95065e-07 0.00256937 -3.85464e-07 -0.000873792 -9.71765e-05 -1.13499e-07 9.374e-08 -6.29321e-05 0.00145634 0.000131264 1.10187e-05 0.000197166 -3.83766e-05 5.65623e-06 -0.000170586 -0.000434999 -6.4828e-07 1.88632e-05 -8.99378e-06 -0.000106768 1.81234e-05 -2.63589e-05 -1.43223e-05 -2.7206e-06 6.13834e-07 -4.42671e-06 4.9214e-06 0.000396818 -7.24845e-06 0.000141903 -0.000856582 -1.15333e-06 -0.000155411 -1.8392e-07 -0.000169696 -1.85609e-05 4.15992e-06 1.18175e-07 -1.16171e-06 -4.89441e-09 0.000397042 -1.05423e-05 -0.000413547 1.92376e-05 -5.43196e-09 8.82237e-05 -5.06615e-08 3.01476e-06 1.76442e-07 2.67054e-05 -1.02394e-06 -2.63553e-05 -1.01532e-06 -1.2313e-05 -3.48034e-06 0.000124506 8.9383e-05 -3.79274e-08 -8.64077e-06 3.30751e-06 -1.61189e-07 1.54874e-05 0.000217006 -6.25969e-09 -3.37285e-08 -3.15667e-06 -2.35955e-06 -1.38021e-06 -1.13221e-05 -2.41286e-09 2.34827e-05 -0.000941989 -1.72884e-07 -1.24254e-05 -3.88689e-05 -1.70511e-06 -8.15525e-07 -0.000386618 -1.92801e-06 -2.23145e-05 -2.15526e-08 -2.03406e-06 0.000320341 1.67552e-05 5.13495e-06 0.000526805 -0.000297963 -0.000195104 5.22376e-06 -7.93775e-05 
-0.000156289 1.11542e-09 -0.000248019 2.76293e-07 -6.26571e-07 -0.000537347 0.000202773 -4.00948e-06 1.19172e-05 0.000387622 2.19683e-05 -3.85464e-07 0.000736567 -7.05681e-05 0.000595861 -3.24771e-08 -2.08676e-08 -1.66745e-05 -3.61931e-06 -0.00060787 0.000260961 -0.000545955 -2.57444e-05 0.000526995 -0.00064797 -6.19621e-05 -5.22989e-06 -0.000654905 0.000104673 -0.000634125 0.00057225 5.07307e-05 -9.36846e-06 0.000632838 -1.49258e-06 0.000524798 -2.84363e-08 -0.000334909 -1.14546e-05 -6.83134e-07 -0.000237624 6.768e-06 -0.000613705 -6.12121e-08 0.000163549 6.66694e-05 2.40046e-07 6.25208e-05 0.000303931 -1.40051e-09 0.000627114 -2.24996e-06 -0.000100319 -6.48187e-06 7.29871e-07 0.000603244 -2.40347e-08 -8.17701e-09 -3.87966e-09 0.000548052 8.97004e-07 -7.43092e-07 -3.09606e-07 -0.000606096 5.80787e-07 -0.000404329 -0.000357862 2.68248e-06 4.56765e-07 0.000158984 1.43105e-05 1.23695e-06 0.000149956 1.15154e-06 1.27015e-07 -9.12912e-07 1.46564e-07 2.31518e-06 -3.18023e-06 -6.90426e-10 8.0352e-05 -0.000248754 8.67197e-07 -2.09012e-06 3.68481e-05 -4.99355e-07 0.000255288 -4.39847e-05 -1.24049e-06 1.04843e-05 -6.16715e-09 2.52069e-06 -6.38357e-06 -5.45056e-07 9.77569e-06 -0.000414181 -0.000462826 -6.22092e-05 1.0016e-05 0.000403875 
0.0950192 0.000144561 -0.0271595 -2.14614e-07 -0.000114502 -0.000188242 -3.31341e-05 0.00334943 1.38831e-05 -0.0202992 9.33851e-05 -0.000873792 -7.05681e-05 0.24416 0.0323437 2.50671e-05 -9.64821e-06 0.0104286 -0.0036935 -0.037662 0.00767428 -0.0723107 0.00774365 0.00053654 -0.0041778 -0.0473012 -0.00585249 -0.0146261 0.00182597 -0.00955953 -0.0124645 0.00154726 -0.00226796 0.000332136 0.000557887 0.0412289 3.89973e-05 -0.0805034 0.00512452 -0.000242877 0.0880924 0.000148678 -6.06436e-05 -2.47721e-05 0.0402579 0.0209782 0.000862451 1.15961e-06 0.000117381 9.61865e-07 0.00573936 0.00166769 0.0862953 -0.00206706 4.43921e-07 -0.000105879 -7.58186e-07 -2.25224e-06 -6.72774e-07 0.0117806 8.38499e-05 0.00269207 -0.000161021 -0.00132401 0.000763819 -0.103325 -0.0811472 5.8535e-06 0.000921578 -8.02792e-05 1.64619e-05 0.000465203 -0.0208117 -2.19298e-07 1.61393e-06 0.000675391 0.00034614 -0.00129241 0.00199871 5.65804e-08 0.000100552 -0.0781226 3.77988e-05 0.00961298 0.0107641 -0.000189657 1.60099e-05 0.068037 0.000630895 0.0155822 1.93272e-06 -0.000522672 -0.00432749 0.000204884 7.94677e-05 -0.0619034 -0.07606 -0.0274468 -0.000170058 -0.0226119 
-0.0186902 0.000291253 -0.0342037 2.27958e-07 -7.42291e-05 -0.00024143 0.000375709 -0.000530418 8.35126e-06 -0.00453098 1.25776e-05 -9.71765e-05 0.000595861 0.0323437 0.0868938 -4.23575e-06 -2.67161e-06 -0.00171168 0.000354578 -0.0474633 -0.000846906 -0.0669206 0.0374472 0.00138986 -0.00421168 0.00118161 -0.00130606 -0.0282829 -0.000204613 -0.018904 -0.0022774 -0.000487925 -0.00167455 0.00124514 2.82038e-06 0.0482364 -1.06107e-05 0.0118289 -0.00228779 -0.000205932 -0.0315714 -3.21196e-05 -0.00267166 -7.98345e-06 0.0688759 0.055366 -7.92531e-05 5.73401e-05 0.000456449 3.34008e-07 0.00831004 -0.000386214 -0.0127305 0.00151683 2.16848e-06 0.001513 -8.00556e-09 -2.49801e-07 3.60734e-06 -0.00828173 -3.56334e-05 -0.00116879 -4.03297e-05 -0.00224097 0.000613155 -0.0278202 0.0255387 4.40789e-06 -0.000336849 0.000177664 5.08678e-05 5.78301e-05 -0.00441307 1.88639e-06 -9.55406e-07 -0.000114736 -8.09859e-05 -0.000291728 -0.000415411 5.99527e-08 0.00140217 -0.0378517 -4.85534e-06 0.0156832 -0.00117093 -6.32273e-05 0.000515347 -0.012172 -0.000154834 0.0255318 -4.17671e-07 -0.000121929 -0.000917846 -2.2981e-05 0.000434481 0.0247384 -0.0566592 -0.00811021 3.25055e-05 -0.00795065 
5.37453e-07 -1.58731e-08 -1.19912e-05 -2.23237e-11 -3.74526e-08 -3.13056e-05 -1.85375e-08 8.54014e-06 -2.15806e-09 -2.64266e-06 1.11532e-07 -1.13499e-07 -3.24771e-08 2.50671e-05 -4.23575e-06 4.40581e-05 -1.24734e-09 -1.16523e-06 -6.84705e-07 -3.33129e-05 -1.52313e-07 -3.23703e-05 -3.58152e-06 -6.84236e-08 -3.77938e-05 -8.28495e-06 -6.58304e-07 -8.35585e-06 1.37362e-05 -5.58271e-06 -1.34018e-06 1.35131e-05 1.53537e-05 -6.68869e-08 1.04116e-07 1.74894e-05 -1.04666e-08 -3.60947e-05 2.50803e-05 -2.37689e-07 2.894e-05 7.13403e-06 1.90582e-07 -3.65889e-09 -5.16653e-06 -1.74873e-05 -7.29215e-08 -3.33799e-09 5.33433e-07 1.29916e-07 5.64498e-07 4.87968e-06 3.51041e-05 -3.87447e-07 -2.06935e-10 -1.51364e-07 -1.43665e-09 -4.88772e-10 -2.31902e-10 2.51162e-07 4.80915e-06 6.76543e-08 4.81603e-08 -2.92692e-05 4.90472e-07 -2.74357e-05 -2.45839e-05 -6.4871e-10 -1.40932e-07 -1.07041e-08 -2.75698e-09 3.82416e-06 -3.01998e-06 -1.07066e-10 -5.76892e-10 2.94677e-05 -4.70283e-08 -1.89174e-07 3.39628e-05 -4.12695e-11 -8.29647e-08 -1.58273e-05 8.60371e-06 -7.76272e-07 3.14127e-05 1.40152e-07 -2.90003e-08 1.3161e-05 2.68269e-05 -1.33111e-06 -3.68635e-10 -2.58019e-08 -5.38443e-07 1.50753e-07 -3.81142e-08 -2.77844e-05 -3.17468e-05 -3.91774e-06 -8.79073e-08 1.60355e-05 
-5.75152e-06 -1.0199e-08 1.90589e-07 -1.43437e-11 1.59269e-07 5.41804e-08 -1.1911e-08 -1.77675e-07 -1.38662e-09 -1.58201e-06 -5.44071e-09 9.374e-08 -2.08676e-08 -9.64821e-06 -2.67161e-06 -1.24734e-09 2.83092e-05 -6.66946e-07 -2.81589e-07 1.91715e-06 -3.91259e-07 2.26619e-06 -2.00458e-06 -4.39644e-08 4.08757e-07 -8.269e-07 -2.09649e-07 9.16452e-07 -9.88407e-08 4.17443e-07 -8.13477e-07 -4.09217e-07 3.0836e-06 -4.2977e-08 -4.39918e-08 -2.50694e-06 -6.72513e-09 3.81876e-06 1.65531e-07 -1.52723e-07 -9.25302e-06 -1.45432e-08 1.22455e-07 -2.35096e-09 -2.92967e-06 -8.85298e-06 -4.68545e-08 -2.14477e-09 -1.49284e-08 -5.3789e-11 -4.53308e-07 4.14114e-09 -3.94788e-06 -2.22281e-07 -1.32963e-10 -9.72562e-08 -9.23095e-10 -3.14052e-10 -1.49005e-10 -2.39192e-06 -1.1253e-08 2.92732e-07 -1.1891e-08 8.14398e-08 -3.82485e-08 9.29169e-06 1.16007e-05 -4.16818e-10 -1.01262e-07 -6.87773e-09 -1.77145e-09 -4.65895e-08 -1.74588e-06 -6.87933e-11 -3.70672e-10 -2.12118e-08 -3.02172e-08 -3.48838e-08 -1.24575e-07 -2.6517e-11 -5.33075e-08 -8.75359e-06 -1.89998e-09 -4.9878e-07 -4.78204e-07 -1.91786e-08 -1.86336e-08 -3.14336e-06 -5.12277e-08 -6.75282e-07 -2.3686e-10 -3.79964e-08 6.26431e-07 -4.26716e-09 -2.44897e-08 9.95759e-06 4.21496e-07 1.54606e-06 -5.64834e-08 -3.14059e-06 
0.0135281 -1.15095e-05 0.000490448 -1.6351e-08 -1.88888e-05 -1.25611e-05 -1.11478e-05 0.00467906 5.39331e-07 -0.00161131 -1.76209e-06 -6.29321e-05 -1.66745e-05 0.0104286 -0.00171168 -1.16523e-06 -6.66946e-07 0.0312303 -0.000328673 0.00151878 -0.000340179 0.00365256 -0.00244485 0.000167253 0.000368436 0.00578157 -0.000432318 0.000637987 0.000255774 9.5155e-05 -0.000976915 -0.000266255 0.000560701 -1.20346e-05 0.000495106 -0.00258499 7.61571e-05 -0.0174865 -0.000252122 0.000227341 0.0106605 6.07482e-05 7.77749e-05 -2.07329e-06 -0.00309364 -0.00818626 -1.90047e-05 -2.35157e-06 -8.97086e-06 7.53504e-08 -0.000401408 -5.60223e-05 0.0155762 -8.78023e-05 -1.5157e-07 0.0001995 -6.5894e-07 5.91999e-07 -1.19857e-07 -0.00170556 7.14122e-05 0.000236883 -1.07417e-05 -0.000151231 2.52523e-05 -0.0161277 -0.0113526 2.19819e-06 0.000649831 -3.61687e-06 1.54732e-06 0.000261137 -0.00136895 -7.84203e-08 9.41221e-08 -3.78959e-05 -2.17325e-05 -0.000123664 -9.72044e-05 8.64388e-08 -2.46608e-05 -0.0122244 -2.16586e-06 -0.000446927 -0.00051907 1.83275e-05 -7.41253e-07 0.0166597 1.31134e-05 -0.000599478 6.39993e-07 8.90639e-06 -0.000334793 -2.85333e-06 5.55199e-05 -0.00901115 -0.0181196 -0.00274654 2.03123e-05 -0.00331723 
-0.00381397 0.000211152 -0.00567538 -8.67871e-09 -1.25603e-05 3.82484e-05 -6.45342e-06 -0.000107363 1.26102e-06 0.00510182 -3.21191e-06 0.00145634 -3.61931e-06 -0.0036935 0.000354578 -6.84705e-07 -2.81589e-07 -0.000328673 0.0168356 -0.00101014 -0.000175075 -0.000255347 -0.00129866 3.00592e-05 -0.0022931 -0.00198505 -0.000156523 -0.000736138 -5.91504e-05 -0.00168181 0.000547613 -0.000117496 -0.000133446 5.49986e-07 3.7402e-05 0.000540656 7.49094e-06 0.00259675 -0.000183669 0.000427144 -0.00551277 -7.99274e-06 -0.000183838 -8.05785e-07 -0.000320779 -0.0019433 7.62073e-05 -1.0677e-06 2.54809e-05 -3.25452e-08 0.00128015 -7.01007e-05 -0.00277141 -0.000122763 2.69551e-07 0.000370018 -4.0852e-07 2.68665e-06 2.86511e-07 -0.000807267 -6.80867e-06 -0.000209537 -4.58131e-06 -8.49673e-05 -2.2409e-05 -0.0024478 -0.000816926 -8.86304e-09 -2.85455e-05 6.3842e-05 -8.78487e-07 -1.25957e-05 0.00509325 2.95043e-07 -4.09427e-08 -1.96818e-05 -1.46563e-05 -6.95844e-05 -6.92208e-05 -1.60442e-08 2.11195e-05 0.000251461 -1.14959e-06 0.000858189 -0.000330851 7.18594e-06 -7.14766e-06 -0.00258408 -1.85454e-05 0.000803973 -1.43313e-07 -1.44398e-05 0.000212888 -8.96606e-06 -9.23752e-06 -0.00161036 -4.09859e-05 0.000971081 9.7118e-05 0.00558582 
0.00765377 -0.000297377 0.0236885 -3.09022e-07 5.54012e-05 0.000870154 -0.000208025 -0.000499975 -3.00597e-05 0.00236749 -0.000149759 0.000131264 -0.00060787 -0.037662 -0.0474633 -3.33129e-05 1.91715e-06 0.00151878 -0.00101014 0.063134 0.000637419 0.0478739 -0.0188739 -0.00134157 0.00595766 0.00910797 0.000881867 0.0225596 -7.6421e-05 0.0145362 0.00130088 -0.00187542 0.000828083 -0.00125082 8.67401e-05 -0.0436527 6.46379e-06 -0.00401014 -0.000722309 -0.000125149 0.0141618 -0.000195465 0.00147707 -9.22969e-07 -0.0477575 -0.0328308 -0.00108016 -5.92495e-05 -0.000462363 -2.13319e-08 -0.00560772 8.95214e-05 0.00556979 -0.000492722 -2.51861e-06 -0.000810808 7.01458e-07 5.34574e-07 -9.369e-07 0.00534707 -0.000138965 0.000881986 2.77942e-05 0.00264513 -0.000795036 0.0137708 -0.0184633 -1.07996e-05 -4.15022e-05 -0.000135401 -5.14792e-05 -0.000257487 0.00266378 -1.70544e-06 -7.99986e-07 -0.000878231 -3.43177e-05 0.000223636 -0.00095398 -1.53236e-07 -0.000112947 0.0211122 -6.24484e-05 -0.0157023 -0.00255257 4.10503e-05 -0.000396483 0.00713312 -0.000492785 -0.022597 -4.08008e-06 8.56007e-05 0.000805818 -8.38577e-05 -0.000221865 -0.00741242 0.0376875 0.00306835 -8.55534e-05 0.000687745 
0.0102582 -3.95252e-06 0.00724213 6.19238e-08 -7.54952e-06 -0.000749034 4.59002e-05 -4.76765e-05 3.02926e-06 -0.000393141 1.65699e-05 1.10187e-05 0.000260961 0.00767428 -0.000846906 -1.52313e-07 -3.91259e-07 -0.000340179 -0.000175075 0.000637419 0.0156858 -0.0109667 -0.000987855 0.000237069 -0.000114273 -0.00295989 -0.000236433 0.000255378 0.000388834 3.29833e-05 -0.000215535 -0.000220897 -0.000280399 0.000256862 0.000104326 -0.000938246 1.13101e-05 -0.0121814 -0.00030627 -7.22274e-05 0.00967015 2.06145e-06 -0.000365022 -9.93705e-07 -0.00144736 -0.00588336 -1.80314e-05 5.36424e-05 0.000203328 -3.02859e-08 0.000214315 -5.92843e-05 0.0114478 -0.000122676 7.85135e-07 0.000214223 -5.13081e-07 -1.76827e-07 3.76103e-07 0.0123879 1.17319e-07 0.000504533 7.72048e-05 -0.000281835 -1.70691e-05 -0.0096247 -0.00869571 4.25311e-07 2.43945e-05 6.26275e-05 2.07259e-06 -1.72455e-05 -0.000932309 5.64599e-07 2.12932e-08 6.59159e-05 -1.42538e-05 -6.56956e-05 0.000147342 7.84029e-08 3.22886e-05 -0.00586264 -2.69782e-07 -0.000272645 0.000221002 0.000159388 4.93883e-05 0.0115414 8.79996e-05 -0.000473913 -1.33364e-07 6.33328e-05 -0.000178358 -1.13234e-05 -1.14956e-05 -0.00968024 -0.011483 -0.00140912 -3.03896e-05 -0.00135292 
-0.0167391 -0.000273169 0.028226 -3.04639e-07 0.00013208 0.00223524 -0.000349264 0.000267462 -2.92581e-05 0.00817723 -0.000123209 0.000197166 -0.000545955 -0.0723107 -0.0669206 -3.23703e-05 2.26619e-06 0.00365256 -0.000255347 0.0478739 -0.0109667 0.140091 -0.0445789 -0.00128126 0.00528434 0.0184193 0.00241686 0.0255103 -0.00157366 0.017236 0.00427595 -0.000936866 0.00274169 -0.00123862 -0.00122848 -0.0456713 2.72151e-05 0.0290716 0.00334722 0.000180468 0.00293828 -6.55955e-05 0.00239502 1.03574e-05 -0.0872479 -0.0644542 0.000139355 -5.4923e-05 -0.000438343 -7.09897e-07 -0.0108012 -0.0011824 -0.0259403 -0.00294935 -2.96873e-06 -0.00134802 1.31341e-06 8.32283e-07 -2.89326e-06 -0.0185222 -0.000149829 -0.00498972 -0.000342786 0.00267454 -0.0010851 0.0507605 -0.00667269 -1.05028e-05 -0.000467908 -0.000197387 -4.55446e-05 -3.74823e-05 0.00931345 -1.80394e-06 -1.4841e-06 -0.000585125 -0.000478898 0.000656366 -0.000768686 -3.62195e-07 -0.00133536 0.0645728 -5.52131e-05 -0.014545 -0.00797004 -0.000333073 -0.0005134 -0.027665 -0.00104002 -0.024033 -3.66709e-06 -0.000256204 0.00140223 1.16689e-05 -0.000340843 -0.00554738 0.0803098 0.0130923 -0.000305703 0.0102002 
-0.0182092 -2.35246e-05 -0.0286947 -4.11856e-08 -1.38273e-05 0.00028761 -1.57303e-05 -0.000509654 -3.69812e-06 -0.00500209 -1.54254e-05 -3.83766e-05 -2.57444e-05 0.00774365 0.0374472 -3.58152e-06 -2.00458e-06 -0.00244485 -0.00129866 -0.0188739 -0.000987855 -0.0445789 0.0746798 -9.1363e-05 0.00107581 0.00131415 -0.000445205 0.000395564 -0.000281924 -0.00241589 -0.00221333 -0.00109189 -0.00133449 -3.69213e-05 -4.79461e-05 0.0178107 -1.15968e-05 0.0126419 -0.00178005 -5.89889e-05 -0.0273653 -4.10418e-05 -0.00274045 -6.55704e-06 0.0495739 0.0443322 -0.000133955 1.275e-06 3.22922e-05 5.28887e-07 0.00143326 -0.000332613 -0.0129782 0.00598273 1.82202e-08 0.000156515 -2.17178e-07 -3.51748e-07 1.77549e-06 -0.00764627 -3.21345e-05 -0.00106658 -3.40929e-05 0.000177275 -2.37275e-05 -0.0276241 0.0233428 -7.83488e-07 -0.00028746 -1.19349e-05 -3.35309e-06 3.95128e-05 -0.00563733 -1.94195e-07 -1.06432e-06 -9.60284e-05 -5.88404e-05 -4.97218e-05 -0.000345875 2.27194e-07 0.000225616 -0.0311522 -5.45547e-06 -0.000737513 -0.00159224 -5.47148e-05 9.69664e-06 -0.0118488 -0.000146728 -0.00117688 1.03323e-06 -0.0001034 -0.00041222 2.38454e-05 0.000409619 0.0266608 -0.0257109 -0.00716514 1.76076e-05 -0.00864338 
5.87618e-05 5.92305e-05 -0.000560878 2.7588e-07 -1.32008e-06 -0.00048226 0.000184353 -7.26486e-07 8.07727e-06 0.000236295 2.96615e-05 5.65623e-06 0.000526995 0.00053654 0.00138986 -6.84236e-08 -4.39644e-08 0.000167253 3.00592e-05 -0.00134157 0.000237069 -0.00128126 -9.1363e-05 0.00155055 -0.000805031 0.000522103 -2.20696e-05 -0.00148339 9.87747e-05 -0.000785637 0.000459877 -1.84402e-05 -2.74362e-05 0.000546272 -1.72461e-06 0.00121143 -2.68912e-07 -0.00103012 -3.69985e-05 -8.37773e-06 -0.000521845 9.42556e-06 -0.000560576 -1.28963e-07 0.00102044 0.000635023 3.95643e-06 6.1029e-05 0.000356961 -2.95063e-09 0.000658973 -6.12551e-06 5.41638e-05 -5.88285e-06 5.93729e-08 0.000712855 -5.0637e-08 -1.72275e-08 -8.17376e-09 0.0003612 7.60408e-08 -9.37815e-06 -6.52286e-07 -0.00152732 2.11919e-05 -0.00050399 -0.000124744 1.18047e-06 -1.48146e-06 0.000128993 3.22762e-05 -1.90903e-06 -6.85098e-06 1.14956e-06 1.16333e-07 -2.00452e-06 1.6908e-07 -5.47773e-06 -6.67029e-06 -1.45461e-09 7.77958e-05 -0.00060944 1.32244e-06 0.000565912 -9.35914e-06 -5.12055e-07 0.000219888 0.000156307 -2.7668e-06 0.00093555 -1.29931e-08 1.83235e-06 -2.08581e-05 -1.14834e-06 1.18899e-05 -0.000916805 -0.00117515 -0.000133673 -1.05843e-06 0.000246038 
-0.00153659 -0.000227592 0.00450138 -2.69351e-07 1.16534e-05 0.000791713 -0.000378269 -7.55458e-05 -3.55161e-05 -0.00433443 -0.000149168 -0.000170586 -0.00064797 -0.0041778 -0.00421168 -3.77938e-05 4.08757e-07 0.000368436 -0.0022931 0.00595766 -0.000114273 0.00528434 0.00107581 -0.000805031 0.0142301 0.0023117 0.000198132 0.00448186 -0.000305676 0.00470168 -0.00284289 -0.00337378 6.00451e-06 -0.00135567 -6.03698e-05 -0.00391465 -8.91673e-06 0.00266417 -0.00161586 6.51383e-05 -0.00155081 -0.000211583 0.000792926 -2.31764e-06 -0.00211324 -0.00191833 -0.00075604 -6.29161e-05 -0.000450063 -1.02567e-07 -0.00371619 2.54301e-05 -0.00191886 0.000110218 -2.83885e-06 -0.00180541 -1.72587e-06 -3.19828e-07 -8.64005e-07 -0.00151707 -1.07307e-05 0.000105437 5.05794e-06 0.00140537 -0.00107153 0.00505915 0.00509868 -7.65075e-06 4.32388e-05 -0.000239332 -2.70365e-05 -3.76752e-05 -0.00267205 -1.49825e-06 -4.9095e-07 -0.000565065 -2.76087e-05 2.3003e-05 -0.000329445 1.35242e-08 -0.000502082 0.00150726 -5.5701e-05 -0.0016842 -0.00333277 6.49144e-06 -0.000472757 0.000185977 -0.00025789 -0.00289039 -9.45864e-07 9.61884e-06 0.000166201 -1.93567e-05 -3.69765e-05 0.00476183 0.00322165 0.00110149 -1.47658e-05 -0.00731922 
-0.029288 -5.91573e-05 -0.0585555 -9.62309e-08 -0.000154167 0.000660036 -1.62996e-05 0.000194543 -8.39607e-06 -0.0112754 -1.85446e-05 -0.000434999 -6.19621e-05 -0.0473012 0.00118161 -8.28495e-06 -8.269e-07 0.00578157 -0.00198505 0.00910797 -0.00295989 0.0184193 0.00131415 0.000522103 0.0023117 0.153856 -0.00203279 0.00342932 -0.000640224 0.00285604 -0.00471764 -0.00271927 -0.00163569 -0.000196899 -0.000271236 -0.0153116 -2.0825e-05 0.0137952 -0.00393134 -0.000729927 -0.0477543 -7.79559e-05 0.000125901 -1.5449e-05 -0.00978699 0.0702702 -0.000276266 -1.21657e-05 -9.37135e-05 -2.40866e-07 -0.00280989 -0.000761254 -0.00957218 0.00246134 -6.35368e-07 -1.28324e-06 2.30371e-07 -1.34028e-06 1.93701e-06 -0.0177525 1.0781e-05 -0.00221835 -7.90954e-05 -0.000572409 -0.000197376 0.0121637 0.0453935 -2.78973e-06 0.000966178 -4.58454e-05 2.51488e-05 -0.000182628 -0.00948248 -2.24862e-07 -9.70141e-07 -0.00022063 1.68851e-05 0.000298398 -0.000655881 -1.779e-07 -0.000306309 -0.0544967 -1.27468e-05 -0.00265036 -0.00346717 -0.000121948 -3.94015e-05 -0.0166591 -0.000333046 -0.00423004 -1.26241e-06 -0.000198701 0.000106221 -4.28666e-05 4.3021e-05 0.0512522 0.00967192 -0.0163164 -0.000260179 -0.0201911 
-0.00333259 -5.29601e-06 0.00153602 2.57632e-08 3.97953e-06 5.70973e-05 -6.28621e-06 -9.36678e-05 -7.31814e-07 -0.000838561 -2.87143e-06 -6.4828e-07 -5.22989e-06 -0.00585249 -0.00130606 -6.58304e-07 -2.09649e-07 -0.000432318 -0.000156523 0.000881867 -0.000236433 0.00241686 -0.000445205 -2.20696e-05 0.000198132 -0.00203279 0.0147178 0.000477705 -5.21649e-05 0.0003445 -0.000462973 -0.000187917 -2.46433e-05 -2.12019e-05 -2.9751e-05 -0.00125016 7.44029e-07 0.00234845 -0.000322423 0.000174738 -0.00490965 -7.29543e-06 -0.000665369 -4.0907e-09 -0.00167773 -0.00323823 -2.45016e-05 -1.13194e-06 -7.6454e-06 8.27861e-09 -0.000222961 -6.09831e-05 -0.00242557 8.36736e-05 2.64934e-08 -4.89753e-05 -4.87179e-07 1.9092e-07 1.44693e-07 -0.00142136 -5.69231e-06 -0.000194532 -6.27565e-06 4.82914e-05 -2.01863e-05 0.00428148 0.00588293 -2.19983e-07 -2.92794e-05 -2.6565e-06 -8.5158e-07 -2.09484e-05 0.000591802 -3.63068e-08 -1.38962e-07 -1.49744e-05 -1.2451e-05 0.000195273 -6.50631e-05 1.39339e-07 -2.66206e-05 -0.00330429 -1.00275e-06 -0.000261856 -0.000307724 -9.2685e-06 -9.68422e-06 -0.00227836 -2.69963e-05 -0.000430646 1.69166e-06 -1.89066e-05 4.19375e-05 -1.04382e-05 1.30752e-05 0.00502642 0.00225693 -0.00121391 -2.64367e-05 -0.00144876 
0.00449996 -0.000315616 0.0112667 -2.58833e-07 2.58995e-05 0.000565536 -0.000394118 3.28106e-05 -3.03527e-05 0.000888597 -5.01956e-05 1.88632e-05 -0.000654905 -0.0146261 -0.0282829 -8.35585e-06 9.16452e-07 0.000637987 -0.000736138 0.0225596 0.000255378 0.0255103 0.000395564 -0.00148339 0.00448186 0.00342932 0.000477705 0.033959 -0.000205548 0.015777 0.000310887 -0.00124863 0.000333744 -0.00129683 3.72558e-05 -0.0220176 6.76471e-06 -0.00204672 0.000730112 0.000147901 0.0100836 -4.60617e-05 0.000665555 2.26628e-06 -0.0256474 -0.0184898 4.64409e-05 -6.23967e-05 -0.000448716 -6.3124e-08 -0.00223759 0.000123688 0.00312955 0.000224797 -2.22469e-06 -0.00133875 -1.14565e-06 3.90462e-07 -1.22808e-06 0.00160462 -9.44241e-06 0.000128696 1.2294e-05 0.00246545 -0.000773749 -0.00606634 -0.0106784 -5.3951e-06 0.000119059 -0.000194639 -5.26509e-05 2.91315e-05 0.00111018 -2.03447e-06 2.07524e-07 -1.16089e-05 1.99558e-05 2.13307e-05 9.25873e-05 3.29687e-08 -0.00114048 0.0124198 -9.89442e-06 -0.0166016 -0.000437658 1.92848e-05 -0.000524356 0.00344389 1.79048e-05 -0.024213 -8.38844e-07 4.01543e-05 -0.000287145 2.45504e-05 -8.1822e-05 -0.0043881 0.0215665 0.00184155 -8.22746e-06 0.00155702 
0.00141082 -1.2578e-06 0.0010859 -1.76896e-09 -2.96779e-06 -0.000832505 1.79911e-05 4.93913e-05 1.48993e-07 -0.000128844 5.60902e-06 -8.99378e-06 0.000104673 0.00182597 -0.000204613 1.37362e-05 -9.88407e-08 0.000255774 -5.91504e-05 -7.6421e-05 0.000388834 -0.00157366 -0.000281924 9.87747e-05 -0.000305676 -0.000640224 -5.21649e-05 -0.000205548 0.00347918 -0.000130252 -3.78379e-06 -1.17404e-05 9.10483e-05 0.000100396 3.68536e-05 -0.000191402 -3.27199e-08 -0.00290298 0.000114127 -5.86813e-06 0.00215672 3.32964e-05 -9.61514e-05 -2.89935e-07 -0.000372716 -0.00126022 -3.20506e-06 4.72822e-05 8.67223e-05 1.23366e-07 0.000720978 6.47149e-05 0.00186686 -3.01151e-05 2.80269e-07 0.000111812 -1.13842e-07 -3.87309e-08 -1.83762e-08 0.00192629 2.98255e-05 0.000882388 3.9202e-06 -0.000214669 -2.56038e-06 -0.00211427 -0.00195177 4.91929e-07 0.000107442 -5.08205e-07 -2.18467e-07 5.1821e-05 -0.00024543 -8.48403e-09 4.76197e-08 0.000104885 -3.62658e-06 -1.48704e-05 0.000218333 -3.27025e-09 5.07577e-06 -0.00134225 1.3699e-05 -6.14094e-05 5.49679e-05 1.0581e-06 1.60486e-05 0.00240605 0.000465549 -0.000100106 5.41222e-08 1.6994e-05 2.15136e-05 -2.32836e-06 -2.80022e-06 -0.00215928 -0.00247603 -0.00028492 -1.67922e-06 -0.000132774 
0.00459861 -0.000301127 0.0082008 -2.64662e-07 7.13073e-06 0.00070855 -0.000404828 0.000108548 -2.79495e-05 -0.000956447 -3.63364e-05 -0.000106768 -0.000634125 -0.00955953 -0.018904 -5.58271e-06 4.17443e-07 9.5155e-05 -0.00168181 0.0145362 3.29833e-05 0.017236 -0.00241589 -0.000785637 0.00470168 0.00285604 0.0003445 0.015777 -0.000130252 0.0231326 -0.000772807 -0.000118986 0.000199592 -0.00123996 -0.000116722 -0.0173547 -7.16475e-06 -0.00275404 0.000417801 5.06778e-05 0.00744078 -8.12248e-05 0.000990625 -1.55708e-07 -0.0170528 -0.0121494 -3.1682e-05 -6.49483e-05 -0.000446662 4.50185e-08 -0.00579503 5.6021e-05 0.00354007 -0.000667814 -1.89205e-06 -0.00265978 -3.18075e-06 -2.63382e-06 -2.37529e-06 0.00135292 -2.84251e-05 9.87432e-05 7.29876e-06 0.00132941 -0.000176421 -0.00252302 -0.00332992 -4.00448e-06 7.37676e-05 -0.000236867 -2.64174e-05 -0.00016314 -0.000349072 -1.39242e-06 -2.97671e-08 -8.52777e-05 1.22736e-05 3.59779e-05 -3.42643e-05 2.21933e-08 -0.000793878 0.00833561 -2.34532e-05 -0.0132672 4.12014e-05 1.15381e-05 -0.000464401 0.00337161 -0.000164768 -0.0140969 1.91573e-07 2.66376e-05 0.000183964 2.72383e-06 -0.00027504 -0.00427985 0.0166838 0.00132477 -0.000198276 -0.000127684 
-0.00660025 -1.82514e-06 -0.00951205 2.60795e-07 -2.62241e-05 -0.000584326 0.000251704 -0.000196001 1.14724e-05 0.0264579 1.62465e-05 1.81234e-05 0.00057225 -0.0124645 -0.0022774 -1.34018e-06 -8.13477e-07 -0.000976915 0.000547613 0.00130088 -0.000215535 0.00427595 -0.00221333 0.000459877 -0.00284289 -0.00471764 -0.000462973 0.000310887 -3.78379e-06 -0.000772807 0.0303437 -0.000216636 -0.000541372 0.000643213 -6.12268e-05 -0.00191149 -4.87135e-06 0.00437145 -9.25563e-05 -0.000158591 -0.00429268 -7.83873e-06 -0.0006077 -2.54133e-06 -0.00331502 -0.0107173 2.19622e-05 5.98702e-05 0.000292398 -5.95175e-08 0.000732802 -0.000127361 -0.00487733 -0.000272717 9.39544e-07 0.00114668 -1.0214e-06 4.02501e-07 2.01793e-07 -0.000399828 -1.10615e-05 -0.000363805 -1.31573e-05 -0.000564267 -4.23019e-05 -0.0190317 -0.0168816 1.23546e-06 1.01366e-06 0.00017619 1.23232e-05 -4.89946e-05 0.013563 1.07721e-06 -1.43482e-07 -3.98625e-05 -2.25554e-05 -0.000118292 -9.23484e-05 -2.93411e-08 8.69319e-05 0.0154433 -1.03566e-06 -0.000550146 -0.000350408 -1.89244e-05 0.000290759 -0.00463467 -5.65234e-05 -0.000934229 -2.62086e-07 -3.95729e-05 0.00128182 -2.14866e-05 -1.39345e-05 -0.0144792 0.00411646 -0.00257389 0.000415401 0.0251568 
-3.90899e-05 -2.48594e-06 -0.00280668 -7.8607e-09 -1.28246e-05 -1.18265e-05 -5.91415e-06 -7.09435e-05 -6.16569e-07 0.00252118 5.81836e-06 -2.63589e-05 5.07307e-05 0.00154726 -0.000487925 1.35131e-05 -4.09217e-07 -0.000266255 -0.000117496 -0.00187542 -0.000220897 -0.000936866 -0.00109189 -1.84402e-05 -0.00337378 -0.00271927 -0.000187917 -0.00124863 -1.17404e-05 -0.000118986 -0.000216636 0.0152738 -0.000256554 0.000516058 -7.32884e-06 -0.000836096 2.1178e-06 -0.001009 0.000153715 -7.00892e-05 0.00461411 2.75933e-05 2.58549e-05 1.79495e-06 -0.00144496 0.00140391 7.41526e-05 -1.11205e-06 -8.02113e-06 3.7189e-08 0.00047669 -5.55867e-05 0.00230406 -0.000125723 1.11713e-06 -1.37753e-05 -3.15878e-07 -1.72108e-07 3.50084e-08 0.000189484 -6.08026e-06 -0.000163655 -6.37986e-06 1.61079e-05 0.000511849 -0.00516104 -0.00731421 4.34157e-06 -5.3934e-05 9.49418e-06 -7.41302e-08 -2.28355e-05 0.00190543 -3.77003e-08 1.01962e-08 6.02184e-05 1.14769e-05 -4.86025e-05 4.21702e-05 -1.4532e-08 -2.11005e-05 -0.000179339 -2.74566e-07 -0.00024608 0.00412718 -8.887e-06 -6.48501e-06 -0.00115402 2.2066e-05 -0.000346088 1.38686e-06 -1.83962e-05 1.24785e-05 -4.54223e-06 -8.14091e-06 -0.00727815 6.14747e-05 -0.00101513 2.09025e-05 0.00675188 
