0.000312566 -8.67472e-05 0.000159741 2.66748e-07 -5.59248e-06 -1.21264e-05 6.54408e-06 -0.000114927 -0.000174502 0.000174284 -2.0943e-07 -6.88881e-07 -6.24822e-05 4.52731e-05 -7.50316e-07 -0.000156755 9.81489e-06 3.64921e-06 2.59562e-06 0.00015316 -8.18305e-05 -3.91617e-05 -0.000109756 -0.000130942 -9.62597e-08 3.676e-06 0.000278183 -7.02209e-06 -1.12621e-07 4.90945e-05 -0.000119281 2.47714e-05 0.000186495 0.000206064 -1.16712e-06 -4.73639e-05 -0.000115509 -8.13295e-05 -0.000148908 -7.8431e-06 3.0102e-07 5.5787e-07 -1.22147e-09 -4.43358e-07 -4.36717e-05 -1.68958e-07 0.000175074 -3.5846e-05 -5.01827e-07 -1.33885e-05 -5.52004e-06 -3.22444e-06 -7.25741e-07 -5.48566e-05 -1.76905e-08 -1.93394e-06 7.84131e-06 -0.000188568 -7.70595e-05 -4.22697e-06 -9.63972e-08 -4.72299e-08 2.56569e-09 -4.38336e-07 0.000147558 -2.30163e-07 3.90133e-05 -3.02906e-06 6.37618e-05 -3.55836e-05 -1.91966e-07 -2.41739e-05 7.49372e-06 -3.65853e-06 -7.18198e-08 -5.64091e-06 3.37244e-07 3.19463e-06 -1.49213e-07 3.72129e-07 -3.16519e-05 0.000248301 -3.92394e-06 -0.000120506 -2.80982e-05 -5.3646e-07 -6.78818e-05 -8.12885e-05 -5.74979e-05 2.76887e-05 4.22447e-07 0.000250662 5.73947e-06 -9.29891e-05 6.00231e-06 3.75923e-06 -5.88797e-05 4.61433e-07 -1.062e-06 -5.18368e-05 
-8.67472e-05 0.20908 0.00286158 -8.93295e-06 -0.00901119 -0.0146437 -0.000465299 -0.0954745 -0.0289594 0.0871626 -0.000199987 -0.0229203 0.0457771 0.00209441 0.000431239 -0.0201647 -0.000167142 -0.000232262 0.00034493 0.130394 -0.0501028 -0.0340407 -0.068108 -0.13271 -8.87201e-05 -0.0024386 -0.00273447 -0.00622115 0.00048319 0.00637875 0.0210757 0.0214991 0.151331 -0.00828118 -0.00104302 0.062294 -0.110145 0.0425388 -0.116859 -0.00744501 -2.16307e-06 -0.000320655 9.70269e-07 -2.59394e-05 0.089185 -0.000342279 0.157369 -0.0351291 -0.000447646 0.00499026 -0.0051446 -0.0030498 -0.00080067 -0.0162803 -1.57513e-05 -0.00166396 0.0278618 -0.0704131 0.0431254 -0.000707821 -1.96211e-05 -1.93715e-05 -7.74111e-05 -0.000299573 0.0956446 -0.000200224 -0.0573062 -0.00284903 -7.69341e-05 -0.0390831 0.000129045 -0.00269011 -0.000157202 -0.0147398 -6.06023e-05 -0.00527884 -0.000227728 -2.94002e-05 -0.00013376 -0.000842366 -0.0470561 0.03129 -0.0020535 -0.104918 -0.0318555 -0.00055662 -0.0622658 0.00599941 0.0364554 -0.0130634 2.56846e-05 -0.00768232 0.00164831 -0.0110094 -0.0126754 -0.00058897 -0.0565116 0.00047047 -0.0012458 0.0645271 
0.000159741 0.00286158 0.223234 -1.40274e-05 -0.0102177 -0.0151554 -0.000984889 -0.0160925 0.0921838 -0.0309381 0.000498142 -0.0303369 0.00565603 -0.00140289 -0.00057177 -0.00268362 0.00011448 -0.000662122 -3.94922e-05 0.0343097 -0.0115957 -0.0403825 0.108522 0.0109698 -0.000102556 -0.00275818 0.00744381 -0.00662312 -0.000803364 0.0530752 0.0166708 -0.0158489 0.0479562 0.0118737 -0.000979035 -0.0692612 -0.00245179 0.00675738 -0.0117579 -0.00575871 -7.79334e-07 -5.2964e-05 -8.40855e-07 -0.00037644 -0.0355272 -0.000481106 0.0388572 -0.0372025 -0.000455497 -0.0144365 -0.0058736 -0.00326909 0.000590522 -0.00538638 -1.624e-05 -0.00184548 0.00815913 -0.00787176 0.00219881 -0.00306836 -0.000102138 3.85551e-05 -0.000151235 -0.000339662 0.048884 -0.000246167 0.0715571 -0.00270874 0.0014803 -0.029095 -0.000281089 -0.0190339 0.000121161 0.00204421 6.17853e-05 -0.00591437 -0.000272265 8.09041e-05 1.07613e-05 -0.000418108 0.0509576 0.00844225 0.00519832 0.0215272 -0.0362445 -0.0002313 -0.0641288 -0.0938875 0.0118929 -0.0108868 -2.71177e-05 0.0154687 0.000160318 -0.123203 -0.0312618 -0.00054989 -0.0459939 -0.000459876 -0.00140427 -0.0498896 
2.66748e-07 -8.93295e-06 -1.40274e-05 6.37026e-05 -1.49982e-06 8.46598e-06 3.23314e-07 8.48387e-06 -3.47987e-05 3.39779e-06 3.0109e-07 -7.0152e-06 -1.6412e-05 -4.3336e-07 -1.5288e-07 4.19433e-06 -2.66722e-08 3.5672e-07 -4.504e-08 -5.70815e-06 8.854e-06 1.2469e-06 -1.65102e-05 8.64573e-06 -1.96134e-08 -2.41705e-07 -6.91402e-07 1.01475e-05 2.26539e-06 -3.18728e-05 -1.16901e-05 1.21641e-06 -1.78225e-05 -2.12595e-06 2.25526e-07 3.39787e-05 1.845e-05 -1.65077e-05 1.06608e-05 -1.61679e-06 -4.71429e-10 1.44731e-07 -2.48881e-10 -7.23738e-08 3.74726e-07 4.59426e-06 -1.43372e-05 3.60661e-06 8.63293e-08 3.84107e-06 7.65266e-07 -9.03277e-08 7.84343e-07 5.76158e-06 -3.60452e-09 -3.67382e-07 2.1062e-06 1.2639e-06 -1.60869e-05 -7.9374e-07 -1.96414e-08 -9.62332e-09 3.13293e-07 9.06869e-08 -1.00929e-05 -4.68968e-08 -3.52131e-05 -6.11877e-07 -1.49336e-07 -7.60216e-06 -7.03564e-08 9.70768e-06 5.94698e-07 7.73777e-07 -1.46336e-08 -4.89363e-07 5.60714e-06 -7.88689e-09 -3.24405e-08 1.36804e-07 -1.55568e-05 -1.76503e-06 -7.79522e-07 -2.12015e-05 1.36229e-05 -1.23569e-07 1.61932e-05 1.83399e-05 -1.17869e-05 -9.25413e-06 -5.61404e-09 2.19686e-07 -4.44069e-08 7.64912e-06 -1.88408e-06 3.68478e-08 2.71768e-05 3.4248e-07 -2.23313e-07 2.75709e-05 
-5.59248e-06 -0.00901119 -0.0102177 -1.49982e-06 0.0297186 -0.00151323 -9.11592e-05 0.0182826 -0.0166459 -0.00619357 -2.67461e-05 -0.00553477 -0.00796223 -0.000207986 -6.95964e-05 -0.00855605 -2.20624e-05 0.000222296 -2.16753e-05 -0.0129703 0.00790438 -0.00386589 -0.0109711 0.0144539 -8.94885e-06 -0.000247669 -0.000377368 -0.000679602 -0.000117185 -0.0181179 -0.0123129 -0.00170136 -0.0107788 -0.000942749 -0.000110537 0.0178426 0.0174487 -0.00815924 0.0146308 -0.000801522 3.31266e-08 -2.13647e-05 2.93561e-07 -4.44545e-05 -0.00575603 -4.56803e-05 -0.0105371 -0.00367212 -3.34486e-05 0.00200969 -0.000492844 -7.83358e-05 -6.93934e-05 0.00936031 -1.678e-06 -0.000189278 -0.00140786 0.0107845 -0.00793069 -0.000409597 2.8911e-05 -4.63118e-06 -9.28018e-06 -3.69516e-05 -0.00591376 -2.19256e-05 -0.0199437 -0.000297182 -0.000161886 -0.00414521 0.000124741 -0.002352 -1.79763e-05 -0.00161235 -6.75571e-06 -0.000532986 0.000186882 -3.68553e-06 -1.56119e-05 -9.42222e-05 -0.00722371 -0.00262294 -0.000363387 0.0116093 0.0244762 -5.89571e-05 -0.00569219 0.0214331 -0.00921929 0.0132033 -2.17174e-06 -0.00074161 -7.7516e-05 0.0172324 -0.00301658 -5.1094e-05 0.0174216 -6.12999e-05 -0.000128322 -0.00501224 
-1.21264e-05 -0.0146437 -0.0151554 8.46598e-06 -0.00151323 0.0470102 -0.000143814 -0.0192588 0.00875082 -0.00842934 -3.05982e-05 0.0331309 0.0101863 -0.000269861 -7.30693e-05 0.0230444 0.000135326 -0.00010257 -3.30183e-05 -0.0135381 -0.0155322 0.0402511 -0.0156399 -0.0253066 0.000244554 -0.000450923 -0.000487382 0.00580329 -0.000167635 0.00670171 0.0286803 -0.00179993 -0.0171007 6.92527e-05 0.00261248 -0.0119987 -0.0196079 0.0165795 -0.0236812 0.0104975 -3.65975e-07 0.000128259 -1.53208e-07 -5.32507e-05 -0.00843484 0.00026616 -0.0162696 0.04253 0.000275532 -0.00220722 -0.000124345 4.2329e-05 4.20101e-05 -0.0315267 8.57844e-06 0.00164257 -0.00226051 -0.0309073 0.0083092 -0.000517924 -1.06078e-05 -7.43401e-06 0.000197843 0.000291785 -0.00949246 0.000329337 0.0118627 0.000411302 -0.000106462 0.0314396 -4.43499e-06 0.00754057 -2.79895e-05 0.00643836 -1.02202e-05 -0.000294812 -2.88347e-05 -5.44266e-06 -2.38972e-05 0.0017364 -0.0119676 -0.00186893 -0.000616923 -0.0197123 -0.00564587 -1.66178e-05 0.0363882 -0.0126756 0.0316062 -0.0221636 -4.35824e-06 -0.000831028 -0.00011492 -0.020969 0.00260336 -1.63753e-05 -0.00970736 -9.74634e-05 0.00382667 -0.00792355 
6.54408e-06 -0.000465299 -0.000984889 3.23314e-07 -9.11592e-05 -0.000143814 0.00297382 -0.00116054 0.000537027 -0.000302364 8.41251e-07 -1.8982e-05 0.00163609 -1.2693e-05 8.29554e-06 0.00110047 3.27094e-05 3.43222e-07 -2.04875e-06 -0.000998304 -0.000549809 0.000339378 -0.000806022 0.000299758 6.60838e-06 0.00224993 1.7458e-05 -5.66429e-05 -9.57016e-06 0.000380342 0.00136746 -6.46351e-05 -0.000942109 -8.88413e-05 -7.86068e-06 -0.000559156 -0.00117289 -0.00063164 0.000638344 -3.04839e-05 3.81261e-07 3.71322e-08 -1.16525e-08 0.000341512 -0.000253541 -4.87404e-06 -0.000647641 -0.000246427 1.48001e-05 -7.91751e-05 -5.14962e-05 -3.06835e-05 1.98619e-05 -0.00160503 8.59124e-06 9.58414e-06 -5.72597e-06 -0.00178927 0.00176738 -3.76524e-05 -5.72935e-07 -4.27226e-07 1.39352e-06 1.45151e-05 -0.000518086 -2.09235e-06 0.000609782 -2.69399e-05 6.30794e-05 0.00221603 -1.98405e-06 -9.36765e-05 -1.78555e-06 0.000398943 8.1486e-07 -5.28493e-05 -2.46149e-06 -3.65927e-07 -1.51885e-06 -6.60807e-06 -0.000710557 -2.45403e-05 -3.49166e-05 -0.00115123 -0.000339568 1.03546e-05 -0.000648894 0.00132976 -0.000314725 -0.00143291 2.41049e-06 -5.83873e-05 -5.83139e-06 -0.00111179 0.00229784 0.000181341 -0.000590319 0.000441307 -8.10758e-06 -0.000333043 
-0.000114927 -0.0954745 -0.0160925 8.48387e-06 0.0182826 -0.0192588 -0.00116054 0.238437 -0.0298592 -0.0699751 -0.000320773 -0.0724412 -0.101826 -0.00266482 -0.00092314 -0.0894949 -0.000309343 0.000722253 -0.000275851 -0.141753 0.102145 -0.0494338 0.0766172 0.184657 -0.000112036 -0.00191303 -0.00539339 -0.00838352 -0.000438213 -0.0192216 -0.137062 -0.017849 -0.13482 -0.0113568 -0.00146156 -0.0166918 0.187637 -0.104402 0.187502 -0.0102366 -2.49426e-06 0.000250314 -6.3324e-07 -0.000568669 -0.0666411 0.000329654 -0.133994 -0.0469731 -0.000476753 0.0094138 -0.00454789 -0.00188372 -0.000644141 0.0857979 -2.06025e-05 -0.00121099 -0.0179058 0.137944 -0.0972853 -0.000696907 -9.12517e-05 -4.49848e-05 4.60979e-05 -0.000508794 -0.0756815 -0.000288876 0.0295143 -0.00378982 -0.00292355 -0.0526582 0.000222047 -0.0240151 -0.000151263 -0.0100065 2.91322e-05 -0.005523 0.000371292 -4.81741e-05 -6.88877e-05 -0.00119361 0.091948 -0.0348378 -0.000848471 0.188439 0.0677114 -0.000754746 -0.0347366 0.0609387 -0.117887 0.131266 -3.12855e-05 -0.00791619 -0.000990577 0.0897309 -0.0375823 0.000401091 0.0967297 -0.000709413 -0.00164114 -0.0385918 
-0.000174502 -0.0289594 0.0921838 -3.47987e-05 -0.0166459 0.00875082 0.000537027 -0.0298592 0.246178 -0.103469 -0.000247209 0.0396989 0.101151 0.000567812 -9.54379e-05 0.0852787 -0.000439012 -0.00115798 3.11383e-05 -0.0220384 -0.0970765 0.0377608 0.0975136 -0.00737633 -5.68492e-05 0.00219695 -0.00567579 -0.0058446 -0.001189 0.0690168 0.127898 -0.0326624 -0.00271728 -0.00732715 0.000630257 -0.152268 -0.0371943 0.105158 -0.0237796 -0.00192693 -1.25084e-06 -0.000225148 -5.04865e-07 -0.000325056 -0.103673 -0.000830923 -0.00596424 0.0328044 -0.000787923 -0.0248265 0.00336497 0.00100344 -4.00937e-05 -0.103526 -1.85476e-06 0.00135885 -0.0249358 -0.0651376 0.100544 -0.00423359 -0.000171846 2.66792e-05 -0.000219515 0.000201676 0.0406989 0.000140623 0.143071 0.0034445 -0.0042235 0.0442113 -0.000507486 -0.0168536 -0.000234058 0.0084777 4.36901e-05 0.00380795 -0.000455938 -6.52107e-05 0.000112679 -0.00110721 0.060704 -0.0373898 0.00492195 0.0103166 -0.0616088 0.000124881 0.010391 -0.129907 0.0984377 -0.102449 -5.58661e-06 -0.00912318 -0.000794399 -0.152435 0.0300318 -0.000566529 -0.0870791 -0.000322134 0.00103737 -0.0955866 
0.000174284 0.0871626 -0.0309381 3.39779e-06 -0.00619357 -0.00842934 -0.000302364 -0.0699751 -0.103469 0.16349 -0.000179475 -0.0294729 -0.0486527 -0.000487778 0.000509353 -0.0574315 0.000263704 -4.3352e-07 2.35625e-05 0.107541 0.0474688 -0.0239049 -0.0540216 -0.0740368 -5.80424e-05 -0.00186788 0.00312905 0.000109098 0.00105325 -0.0300466 -0.0498827 0.0385444 0.0766766 0.00540121 -0.000712155 0.129318 -0.0729936 -0.0479646 -0.0579506 -0.0049652 -1.48347e-06 -7.14734e-05 -8.04281e-07 -0.000262951 0.142616 -0.000271832 0.0767903 -0.0230604 -0.000297753 0.00879734 -0.00318431 -0.00184829 -0.000551 0.0685836 -1.01917e-05 -0.00117952 0.034336 0.00941927 -0.0500274 0.000972726 0.000149784 9.2038e-05 -8.97849e-06 -0.000252607 -0.00293056 -0.000134145 -0.131919 -0.000843174 0.000490906 -0.0277892 0.000190224 0.0279993 -8.24529e-05 -0.00919234 -4.31333e-05 -0.0027396 -0.000169951 -1.94386e-06 -9.82545e-05 -0.000538395 -0.0479543 0.0493884 -0.00189231 -0.08233 -0.0229564 -0.000396171 -0.0240805 0.0384479 -0.05697 0.033534 -7.11563e-06 0.000583594 0.00108437 0.058582 -0.0170689 -0.00038964 -0.0335543 -6.82951e-05 -0.000848925 0.10704 
-2.0943e-07 -0.000199987 0.000498142 3.0109e-07 -2.67461e-05 -3.05982e-05 8.41251e-07 -0.000320773 -0.000247209 -0.000179475 0.000871626 0.00059223 4.86614e-05 -1.67768e-06 -2.09352e-06 0.000396512 1.58629e-05 -1.75178e-06 -6.16769e-07 -0.000132763 -0.000280321 -5.19727e-05 -0.000117185 -0.000389754 -2.08582e-07 2.88806e-05 0.000119902 4.45616e-06 1.02078e-05 0.000125401 -5.93137e-05 -5.39115e-05 -8.91461e-05 0.000114586 2.03535e-05 -0.000245872 0.000148665 -0.000135796 -0.000390077 0.000189817 6.35443e-08 -1.09201e-06 -3.40812e-09 1.58384e-07 -0.000159062 -5.27984e-07 -0.000147716 -8.26171e-05 -1.35529e-06 -3.8725e-05 -1.53986e-05 -8.77675e-06 9.56357e-06 -0.000483011 -4.93596e-08 3.13969e-07 -3.96549e-05 -0.000477582 2.74225e-05 0.000203739 2.44368e-07 -1.3178e-07 -4.11368e-07 6.69003e-05 0.000330656 -6.22196e-07 0.000268554 -8.45355e-06 4.80616e-05 -1.39558e-06 2.07466e-05 -5.97317e-05 2.95176e-05 0.000364151 -5.37235e-08 -1.53192e-05 1.2295e-06 1.09853e-05 1.95766e-07 2.26321e-05 -9.46119e-05 -7.1449e-05 -6.27516e-06 -0.000310333 -9.89939e-05 0.000133095 0.000242057 -0.000241194 0.000507057 -5.23629e-05 -7.68776e-08 0.000580001 2.2041e-05 -0.000354028 -6.07274e-05 4.9946e-06 -0.000143203 3.69581e-06 -3.3714e-06 -0.000148744 
-6.88881e-07 -0.0229203 -0.0303369 -7.0152e-06 -0.00553477 0.0331309 -1.8982e-05 -0.0724412 0.0396989 -0.0294729 0.00059223 0.150902 0.0753994 0.000447281 -0.000432331 0.070768 0.000477736 -0.00036164 -0.000125339 -0.0150982 -0.0756547 0.0876512 -0.0518902 -0.0838852 0.000139192 0.000932319 0.00453602 0.00601276 0.00015333 0.0300656 0.087512 -0.0107819 -0.011557 0.0029342 0.00152037 -0.0472034 -0.0670882 0.077643 -0.0885214 0.0203152 4.30951e-06 -0.000135878 -1.33518e-07 0.000819954 -0.0287883 -1.15059e-05 -0.00491789 0.0882348 0.00107703 -0.0077642 -0.00280862 -0.00164776 -1.09639e-05 -0.0903067 -1.04867e-06 0.000402581 -0.00721012 -0.0929629 0.0710258 -0.000725739 -4.1076e-05 -1.49792e-05 -6.74169e-05 0.00102369 -0.00103431 4.77601e-05 0.0469465 -0.00163398 0.00245914 0.0833357 -8.42222e-05 0.00122824 4.33176e-05 0.00946677 -2.68013e-05 -0.00292619 -9.71216e-05 3.46755e-05 -8.28507e-05 0.00202833 -0.0307357 0.00170887 -0.00214218 -0.0710801 -0.0211127 0.0013598 0.0760242 -0.0505569 0.110002 -0.0855331 3.93947e-06 0.00912307 -0.000339819 -0.0737358 0.0547494 -0.000191438 -0.0354497 0.000282499 0.00181323 -0.0265666 
-6.24822e-05 0.0457771 0.00565603 -1.6412e-05 -0.00796223 0.0101863 0.00163609 -0.101826 0.101151 -0.0486527 4.86614e-05 0.0753994 0.192261 0.00481938 -0.00010138 0.119946 -0.000137885 -0.000539752 0.00045467 0.030496 -0.178494 0.0636111 -0.0536134 -0.128606 -6.05439e-05 0.00278361 -0.00207608 -0.00310548 -0.000268471 0.0413043 0.151348 -0.0148949 0.0726414 -0.00876458 -0.000386614 -0.0726106 -0.104335 0.180391 -0.127267 0.00364099 1.06814e-06 -0.000332319 1.66206e-06 0.000955539 -0.0477783 -0.000289884 0.0797792 0.0558674 -2.22571e-05 -0.0109805 -0.00451749 -0.00264703 -0.000639304 -0.163303 -5.63446e-06 -0.00133823 -0.00914734 -0.16443 0.177807 -0.00352028 -7.93549e-05 -3.65211e-05 -0.000112292 0.000690246 0.106107 -0.000187686 0.0757978 -0.00233658 -0.0020342 0.0550423 -0.000204193 -0.0202762 -0.000112599 -0.00674854 -5.33465e-05 -0.0045265 -0.000202471 -3.14822e-05 -0.000123106 -0.000679241 -0.0608849 -0.0194091 -0.00314888 -0.103369 -0.0296773 0.000833159 0.031055 -0.0545944 0.16571 -0.128581 5.26434e-05 -0.00586987 0.000315632 -0.110603 0.0560267 -0.000451737 -0.0514409 0.00121799 0.000392608 -0.0426995 
4.52731e-05 0.00209441 -0.00140289 -4.3336e-07 -0.000207986 -0.000269861 -1.2693e-05 -0.00266482 0.000567812 -0.000487778 -1.67768e-06 0.000447281 0.00481938 0.00675615 -1.54508e-05 0.00269123 -2.98871e-06 -1.42313e-05 0.000162471 0.0017589 -0.00498677 -5.8755e-05 -0.00155886 -0.00338749 -9.30929e-07 -5.29373e-05 7.68356e-05 0.000174974 0.000433654 0.00080257 0.0026606 -0.000261814 0.00401881 -0.000167309 9.85095e-06 -0.00160335 -0.00274033 0.0034759 -0.00328878 -0.000172584 -1.03379e-08 -8.74889e-06 5.30092e-07 8.85532e-05 -0.000779292 2.8626e-05 0.0041558 -0.000512741 -3.35893e-06 0.00023571 -0.000102069 -4.82054e-05 -1.84003e-05 -0.00430522 3.97845e-06 5.33279e-05 0.00080523 -0.00429763 0.00427119 -8.1926e-05 6.89412e-07 -6.47551e-07 3.7557e-06 4.16867e-05 0.00379167 1.27458e-05 0.000562035 -5.52497e-05 -4.85103e-05 -0.000868379 -7.05579e-06 -0.000313661 8.7458e-05 -7.43616e-05 -1.56254e-06 -7.66258e-05 -4.23411e-06 -3.08807e-07 -3.08724e-06 -8.61151e-06 -0.00144635 -0.000400439 -7.75308e-05 -0.00272235 -0.000777388 -1.09344e-05 -0.000816261 -0.000968757 0.00334093 -0.00367014 -3.27856e-08 8.71792e-05 7.30577e-05 -0.00292196 0.000785082 -1.34158e-05 -0.00134867 0.000663065 -2.17617e-05 8.81832e-05 
-7.50316e-07 0.000431239 -0.00057177 -1.5288e-07 -6.95964e-05 -7.30693e-05 8.29554e-06 -0.00092314 -9.54379e-05 0.000509353 -2.09352e-06 -0.000432331 -0.00010138 -1.54508e-05 0.002394 -0.000248311 -1.41588e-06 -3.31051e-06 7.86729e-07 0.00101323 9.91007e-05 -0.0002635 -0.000342738 -7.14358e-05 9.88785e-06 -1.17055e-05 -2.80692e-05 0.000229285 -9.39313e-06 -0.00133725 0.000121165 0.000864734 0.000440704 4.38963e-05 -8.22125e-06 0.000419504 -0.00079247 2.15085e-05 -0.000595874 5.08227e-05 2.68908e-07 -2.28976e-06 -9.37505e-09 1.59038e-06 0.000712848 -3.68644e-06 0.000393366 -0.000235031 -2.51739e-06 0.000174752 5.97259e-05 2.58818e-05 -5.27124e-06 0.000279064 6.54422e-06 0.000121787 0.000136954 -2.33131e-05 -0.000122066 0.000545235 -7.39869e-07 1.1375e-06 -8.04923e-07 -3.36432e-06 -7.29809e-05 2.80635e-05 -0.00113257 0.00056263 7.46349e-05 -0.000195829 -1.54024e-06 6.99595e-06 1.93466e-06 -9.37284e-05 -5.51232e-07 3.13082e-05 -1.27779e-06 -1.90423e-07 4.4968e-05 -6.72303e-06 -7.25388e-05 -0.00019473 -2.85904e-05 -0.000869259 -0.000250803 -3.81804e-06 -0.000139598 0.000370008 -0.000452044 -0.000328495 2.60186e-06 -4.74244e-05 -3.19746e-06 0.000252044 -0.000199191 8.6321e-06 -0.000337783 -4.37464e-06 -7.84425e-06 0.00034255 
-0.000156755 -0.0201647 -0.00268362 4.19433e-06 -0.00855605 0.0230444 0.00110047 -0.0894949 0.0852787 -0.0574315 0.000396512 0.070768 0.119946 0.00269123 -0.000248311 0.248932 -2.09718e-05 -0.000543951 9.09128e-05 0.000360846 -0.116732 0.0588518 -0.0356829 -0.0601536 0.000130039 0.00394035 -0.00405471 0.00964792 0.000143587 -0.00645755 0.138664 -0.0268205 -0.0136517 -0.0125045 0.00169488 -0.0497122 -0.0618155 0.120672 -0.0434131 0.0114296 1.46145e-06 1.75457e-05 7.82306e-07 0.000621445 -0.0571747 0.000728319 -0.00856857 0.0559862 0.000495847 -0.00396726 0.00647776 0.00381634 0.000695403 -0.162713 1.83106e-05 0.00248156 -0.0221326 -0.103515 0.119475 -0.00141948 6.40823e-07 5.25175e-05 0.000188382 0.000638394 0.0540406 0.000313973 0.042689 0.00311975 -0.00266047 0.0622386 -0.000104681 0.0280751 4.99396e-06 0.0232906 -4.17765e-05 0.00666155 5.13195e-05 -5.18766e-05 7.75939e-05 0.00130836 -0.0934365 -0.0408589 -0.00550571 -0.0851753 -0.0380317 0.000901991 0.0845367 -0.0364483 0.122419 -0.134207 3.62112e-05 -0.00446385 -0.000399511 -0.103528 0.0413558 -0.000357235 -0.0164035 0.000821979 0.00195434 -0.0319149 
9.81489e-06 -0.000167142 0.00011448 -2.66722e-08 -2.20624e-05 0.000135326 3.27094e-05 -0.000309343 -0.000439012 0.000263704 1.58629e-05 0.000477736 -0.000137885 -2.98871e-06 -1.41588e-06 -2.09718e-05 0.000836556 1.38584e-05 -5.91932e-07 0.000230266 -8.26971e-05 0.000134022 -0.000264032 -0.00039968 6.18223e-06 1.15703e-05 0.000336366 0.00010125 -7.46666e-07 4.61747e-05 -2.96753e-05 2.75611e-06 4.74352e-05 0.000172584 6.60813e-05 -0.000131655 -0.0002866 -0.000138301 -0.000357889 0.000162007 7.83804e-07 -7.96832e-07 -3.27088e-09 2.42656e-07 -2.22973e-05 2.42032e-06 0.000128584 0.000197871 9.3617e-05 -3.03422e-05 2.89983e-05 8.91887e-06 2.53859e-06 -9.62356e-05 9.55961e-07 1.63046e-05 -1.12138e-05 -0.000389874 -0.000200266 -1.04649e-05 5.7052e-06 -1.26473e-07 4.13186e-06 2.84955e-06 -0.000114738 1.81903e-05 4.89343e-05 -6.1158e-06 4.52685e-05 6.33753e-05 1.8122e-05 0.000231874 1.39224e-06 3.77113e-05 2.78768e-06 3.04713e-05 7.27531e-06 1.78997e-05 3.09699e-06 7.49381e-06 -0.000182022 0.000349677 -9.39428e-06 -0.000330221 -9.24326e-05 2.65327e-05 6.97525e-05 -0.000219221 0.000212564 -0.000386191 3.66218e-07 0.000427077 -1.83689e-06 -0.000225138 -3.43267e-05 1.1791e-05 -0.000165197 4.29314e-06 2.8579e-05 -5.40189e-05 
3.64921e-06 -0.000232262 -0.000662122 3.5672e-07 0.000222296 -0.00010257 3.43222e-07 0.000722253 -0.00115798 -4.3352e-07 -1.75178e-06 -0.00036164 -0.000539752 -1.42313e-05 -3.31051e-06 -0.000543951 1.38584e-05 0.00208771 -1.33909e-06 -0.000458671 0.000538067 -0.000262618 -0.000736409 0.000677597 2.82575e-07 9.45432e-07 -2.14604e-05 -3.99199e-05 -1.64741e-06 -0.00137547 -0.00076977 0.00014407 -0.000596116 -6.48266e-05 -6.72278e-06 0.00141143 0.000865785 -0.000555015 0.000596204 -5.11121e-05 -1.54815e-08 -1.51406e-06 -8.1731e-09 -8.10169e-07 9.75699e-06 1.51876e-05 -0.000557073 -0.000248975 1.17272e-06 0.00056934 0.000116018 0.000107895 -2.92901e-06 0.000666851 -1.1837e-07 -1.19537e-05 3.46956e-05 0.000439617 -0.000539422 3.3269e-05 9.06832e-06 -3.16024e-07 1.91349e-06 -2.91299e-06 -0.000387349 -1.08673e-06 -0.00140143 -7.26262e-06 5.04856e-05 -0.000274571 1.37029e-05 6.39151e-05 -1.26209e-06 -0.00010228 -3.8056e-07 6.44989e-05 4.97608e-05 -2.59001e-07 -9.7866e-07 -6.2439e-06 -0.000445409 1.9376e-05 -2.39225e-05 -0.000423377 0.00104741 -4.05794e-06 -0.00025232 0.00114198 -0.000622936 0.000237444 -2.10286e-08 -4.78368e-05 -4.6623e-07 0.000971876 -0.000119606 1.53295e-06 0.000925287 -3.98993e-06 -8.65651e-06 0.000185954 
2.59562e-06 0.00034493 -3.94922e-05 -4.504e-08 -2.16753e-05 -3.30183e-05 -2.04875e-06 -0.000275851 3.11383e-05 2.35625e-05 -6.16769e-07 -0.000125339 0.00045467 0.000162471 7.86729e-07 9.09128e-05 -5.91932e-07 -1.33909e-06 0.00070649 0.000312655 -0.000474527 -7.2445e-05 -0.000228645 -0.000356484 -2.17661e-07 -4.17316e-06 -8.19403e-06 -7.50278e-06 2.88174e-05 7.97384e-05 0.000268692 7.46962e-06 0.000441758 -2.17116e-05 -1.50908e-06 -9.5169e-05 -0.000283664 0.000366657 -0.000357409 -1.82113e-05 3.47683e-08 -5.45957e-07 2.67238e-07 1.17154e-06 3.93085e-05 -1.17346e-06 0.0004464 -7.81032e-05 -1.18749e-06 -3.11133e-05 -9.76183e-06 -6.65438e-06 -6.82377e-07 -0.00035864 -4.00015e-08 -4.37299e-06 0.000217635 -0.000453568 0.000413369 -4.84771e-06 -2.17972e-07 1.13204e-07 -1.83376e-07 -2.07827e-07 0.000496515 -5.20441e-07 2.88251e-05 -6.60767e-06 -5.76427e-06 -7.93945e-05 -3.07452e-07 -4.48842e-05 -4.28756e-07 -2.82626e-05 -1.62398e-07 -1.21252e-05 -3.0327e-07 2.5808e-08 -3.60011e-07 -1.95766e-06 -0.000170714 4.63277e-05 -8.02943e-06 -0.00026061 -8.00956e-05 3.25349e-07 -0.000149503 -0.000165855 0.000119823 -0.000299964 1.81031e-07 -7.85637e-06 4.28691e-05 -0.000301841 2.2618e-05 -8.67017e-07 -0.000139027 1.54342e-05 -2.14913e-06 -6.58205e-05 
0.00015316 0.130394 0.0343097 -5.70815e-06 -0.0129703 -0.0135381 -0.000998304 -0.141753 -0.0220384 0.107541 -0.000132763 -0.0150982 0.030496 0.0017589 0.00101323 0.000360846 0.000230266 -0.000458671 0.000312655 0.247308 -0.0354924 -0.0432437 -0.0505561 -0.12938 -9.2889e-05 -0.00373009 0.00557405 7.26192e-05 0.000896232 -0.0151522 0.0530798 0.026828 0.170609 0.0174124 -0.000225887 0.0660324 -0.16299 0.0316298 -0.127363 -0.00787471 -3.20941e-06 -0.000355782 -8.63984e-07 -0.000450256 0.098094 -0.000440829 0.162339 -0.0429931 -0.000541783 -0.00020948 0.00806786 0.00494906 -0.00116736 0.000127682 2.01988e-05 -0.000320235 0.0251082 -0.0548608 0.0243794 0.00146264 6.29072e-05 6.29387e-05 7.08928e-06 -0.000380564 0.0866975 0.000242317 -0.0828891 0.00480154 0.00206367 -0.0561018 6.41567e-05 0.0298906 0.00028623 -0.0144957 -3.33844e-05 0.00831543 -0.000320303 6.12329e-05 5.55005e-05 -0.00100569 -0.0505185 0.0436776 -9.84121e-05 -0.14952 -0.0504323 -0.000664696 -0.0430848 -0.0220162 0.0305331 -0.0442674 -5.27638e-06 0.0108343 0.00120365 -0.0245855 -0.0285525 -0.000784015 -0.0804295 0.000254478 -0.00169164 0.0666401 
-8.18305e-05 -0.0501028 -0.0115957 8.854e-06 0.00790438 -0.0155322 -0.000549809 0.102145 -0.0970765 0.0474688 -0.000280321 -0.0756547 -0.178494 -0.00498677 9.91007e-05 -0.116732 -8.26971e-05 0.000538067 -0.000474527 -0.0354924 0.19464 -0.0628805 0.0515985 0.133321 -0.000204636 -0.000991009 0.000396711 0.00170729 -0.000270303 -0.0413882 -0.149246 0.015274 -0.0761229 0.00682854 -0.000277574 0.0709295 0.104771 -0.175418 0.13017 0.000409485 -9.27789e-07 0.000242079 -1.86252e-06 -0.000897073 0.0462028 -0.000211113 -0.0848387 -0.0539908 -0.000194088 0.0100392 0.00432903 0.0024922 0.000650825 0.161343 -1.47892e-05 -0.000450895 0.00737109 0.163293 -0.174051 0.00327538 6.79704e-05 3.524e-05 -2.73896e-05 -0.000906337 -0.108487 -0.000211678 -0.0740807 0.00160066 0.00183094 -0.0499992 9.49807e-05 0.0159007 -0.000124257 0.00449783 4.49355e-05 0.0044485 0.000128751 -3.23452e-05 5.17697e-05 0.000350919 0.0582278 0.0152914 0.00241047 0.104625 0.0297464 -0.00108089 -0.0322637 0.0587965 -0.166629 0.1249 -4.48526e-05 0.0039455 -0.000669569 0.112493 -0.0527044 0.000464328 0.0511785 -0.00132795 -0.00283952 0.0414343 
-3.91617e-05 -0.0340407 -0.0403825 1.2469e-06 -0.00386589 0.0402511 0.000339378 -0.0494338 0.0377608 -0.0239049 -5.19727e-05 0.0876512 0.0636111 -5.8755e-05 -0.0002635 0.0588518 0.000134022 -0.000262618 -7.2445e-05 -0.0432437 -0.0628805 0.110234 -0.0420541 -0.0644506 0.000224693 0.0013186 -0.0010477 0.00649023 -0.000384926 0.0199269 0.0737389 -0.0062573 -0.0363601 -0.00338147 0.00221497 -0.0339229 -0.050332 0.0691384 -0.062152 0.0181453 2.62318e-06 2.33963e-06 -1.52816e-07 0.000216098 -0.0230748 0.000258781 -0.0306419 0.0967714 0.000873701 -0.00546324 -0.00173765 -0.000974221 -0.000113343 -0.080435 1.80392e-05 0.00138929 -0.00551891 -0.0804512 0.0587529 -0.00165214 -3.84192e-05 -1.88021e-05 6.8976e-05 0.000464918 -0.0193407 0.000299732 0.035559 -0.00036739 -0.000570735 0.0901802 -0.000105028 0.00290606 -4.25659e-05 0.00986101 -1.86598e-05 -0.00194712 -8.74904e-05 -1.56171e-05 -6.39164e-05 0.0012021 -0.0308041 -0.00693601 -0.00157009 -0.0504752 -0.0144156 0.000963671 0.0812528 -0.0325081 0.0845033 -0.0666547 -1.07132e-05 -0.00315768 -0.00031734 -0.0540196 0.0584814 -1.94678e-05 -0.0249137 0.000596554 0.00364642 -0.0209796 
-0.000109756 -0.068108 0.108522 -1.65102e-05 -0.0109711 -0.0156399 -0.000806022 0.0766172 0.0975136 -0.0540216 -0.000117185 -0.0518902 -0.0536134 -0.00155886 -0.000342738 -0.0356829 -0.000264032 -0.000736409 -0.000228645 -0.0505561 0.0515985 -0.0420541 0.230323 0.113141 -0.000104288 -0.000285706 -0.0030667 -0.00127079 -0.000718918 0.0364291 -0.0225071 -0.0219385 -0.0485123 -8.79693e-05 -0.00104293 -0.0868903 0.0730247 -0.0519907 0.095148 -0.00911922 -1.09863e-06 5.52896e-05 -1.40532e-06 -0.000513839 -0.0592334 -0.000459136 -0.0597325 -0.0404876 -0.000421086 -0.0155705 -0.0034636 -0.00296133 0.000429661 0.0484289 -1.08099e-05 0.00076264 -0.0117968 0.080398 -0.0509416 -0.00454902 -0.000107667 8.82712e-05 -5.14689e-05 -0.000453503 -0.0301037 -0.000162963 0.0838837 0.000443935 -0.00295873 -0.026166 -0.000374082 -0.0126666 6.2064e-05 0.00836206 0.000105693 -0.00284526 -0.000295597 -4.03872e-05 0.000277906 -0.000407846 0.106981 -0.0229071 0.00704352 0.119425 -0.027342 -0.000687625 -0.0575211 -0.0613084 -0.0605075 0.0169917 -2.98368e-05 0.000356869 -0.00081749 -0.0566968 -0.0316573 -0.000575513 -0.0186428 -0.000420685 -0.00147573 -0.0547928 
-0.000130942 -0.13271 0.0109698 8.64573e-06 0.0144539 -0.0253066 0.000299758 0.184657 -0.00737633 -0.0740368 -0.000389754 -0.0838852 -0.128606 -0.00338749 -7.14358e-05 -0.0601536 -0.00039968 0.000677597 -0.000356484 -0.12938 0.133321 -0.0644506 0.113141 0.249796 -0.000136897 0.00144649 -0.00179963 -0.00145783 -0.000714717 -0.0370688 -0.120859 -0.0221552 -0.151392 -0.00238006 -0.00158611 -0.0307044 0.188986 -0.132086 0.222212 -0.0133567 -2.53248e-06 0.000294401 -1.10919e-06 -0.00069143 -0.074422 0.000156908 -0.165607 -0.061416 -0.000365272 0.00309429 0.00744955 0.00395413 0.00102959 0.116615 -7.45904e-06 0.000507985 -0.0232712 0.176554 -0.119872 0.00101316 -5.00835e-05 4.6835e-05 -0.000105534 -0.000674068 -0.0988959 -9.49143e-05 0.0236177 0.00361325 -0.00213931 -0.0454339 -0.000137892 -0.00534875 0.000149468 0.00409004 8.69871e-05 0.00761589 0.000358449 -5.04269e-05 0.000236104 -0.00134238 0.0947222 -0.0354176 0.00282148 0.193136 0.0549982 -0.00094039 -0.0266732 0.047562 -0.153275 0.0956599 -2.42151e-05 0.00080927 -0.00129873 0.07825 -0.0440365 0.000745629 0.0947987 -0.000831808 -0.00215149 -0.0430402 
-9.62597e-08 -8.87201e-05 -0.000102556 -1.96134e-08 -8.94885e-06 0.000244554 6.60838e-06 -0.000112036 -5.68492e-05 -5.80424e-05 -2.08582e-07 0.000139192 -6.05439e-05 -9.30929e-07 9.88785e-06 0.000130039 6.18223e-06 2.82575e-07 -2.17661e-07 -9.2889e-05 -0.000204636 0.000224693 -0.000104288 -0.000136897 0.000307775 6.15718e-06 -3.37168e-06 1.96439e-05 5.85012e-06 -2.65763e-05 0.000146549 -1.0789e-05 -0.000107692 -8.6277e-06 2.99744e-06 -7.62868e-05 -8.575e-05 -2.40469e-05 -8.66351e-05 1.07428e-05 -2.27824e-09 -1.39298e-07 -1.20275e-09 3.72026e-06 -5.06569e-05 3.809e-06 -0.000103088 0.000221796 -1.93776e-07 8.98942e-06 6.40459e-06 8.54997e-07 4.90558e-07 -0.000179793 1.09591e-06 6.7729e-05 -1.20913e-05 -0.000175425 -4.66728e-05 -3.50689e-06 -9.49194e-08 1.80161e-07 2.42483e-06 1.57717e-05 -5.82875e-05 2.17167e-05 3.14194e-05 2.00475e-05 -2.3825e-06 0.000187981 -3.40005e-07 0.000200978 3.98996e-06 2.61807e-05 -7.07188e-08 -6.21099e-07 -1.05446e-07 -3.81143e-08 4.43227e-07 1.13302e-05 -7.38799e-05 0.000145729 -3.00378e-06 -0.000118537 -2.8147e-05 8.0595e-06 0.000208294 -6.09419e-05 5.10347e-05 -0.000154735 1.97954e-06 -3.9641e-07 -7.78407e-07 -0.000120913 -1.71019e-05 4.67874e-06 -4.50974e-05 -3.65137e-07 0.000236075 -3.92954e-05 
3.676e-06 -0.0024386 -0.00275818 -2.41705e-07 -0.000247669 -0.000450923 0.00224993 -0.00191303 0.00219695 -0.00186788 2.88806e-05 0.000932319 0.00278361 -5.29373e-05 -1.17055e-05 0.00394035 1.15703e-05 9.45432e-07 -4.17316e-06 -0.00373009 -0.000991009 0.0013186 -0.000285706 0.00144649 6.15718e-06 0.00920169 0.000169284 -0.000194516 1.95037e-05 0.00116112 0.00323574 -0.000529544 -0.00323539 -0.000324222 -3.44071e-05 -0.00190382 -0.00252115 7.74704e-05 0.00159577 -0.000207731 4.61269e-07 1.61877e-05 2.03817e-08 0.000235326 -0.00173957 5.89339e-05 -0.00203574 0.000406634 6.29263e-05 -0.000244886 -0.000122668 -7.30448e-05 0.00036204 -0.00583342 8.00782e-06 1.98506e-05 -0.00042395 -0.00284606 0.00506952 -0.000105875 -2.77357e-06 3.26993e-07 7.61699e-06 2.57888e-05 -0.00158827 -6.82387e-06 0.00234683 -8.19157e-05 0.000436164 0.00622699 1.50259e-05 -0.000588039 -5.40604e-06 0.00259536 1.94532e-05 -0.000114105 3.98836e-05 -2.99849e-07 -9.46247e-07 8.91809e-05 -0.00217219 -0.000688553 -9.75209e-05 -0.000867026 -0.00087956 3.82412e-05 -0.00180978 0.00105022 -0.000141996 -0.00422615 1.57818e-06 2.35436e-06 -2.33567e-05 -0.00351813 0.00607608 0.000615029 -0.000973255 0.000236527 -3.63983e-05 -0.00149197 
0.000278183 -0.00273447 0.00744381 -6.91402e-07 -0.000377368 -0.000487382 1.7458e-05 -0.00539339 -0.00567579 0.00312905 0.000119902 0.00453602 -0.00207608 7.68356e-05 -2.80692e-05 -0.00405471 0.000336366 -2.14604e-05 -8.19403e-06 0.00557405 0.000396711 -0.0010477 -0.0030667 -0.00179963 -3.37168e-06 0.000169284 0.0140507 -0.000250567 1.15402e-05 0.00148648 -0.00372909 -0.000210979 0.00784609 0.00906172 -5.22576e-05 -0.00319699 -0.00494496 -0.0024038 -0.00634791 -0.000280991 4.37854e-07 -1.66559e-05 4.57648e-07 2.03787e-05 -0.00172318 2.35381e-05 0.00495026 -0.00113874 -7.51471e-06 -0.00059899 -0.000246241 -0.000145988 0.000101357 0.000768338 1.35685e-06 5.5711e-05 -0.000426047 -0.001341 -0.00153121 -0.00016578 -1.79795e-06 -2.15315e-06 -6.558e-06 2.77684e-06 0.000284166 -8.18949e-06 0.00231775 -0.000124445 0.00141041 -0.00108625 4.66083e-05 -0.001094 0.000195892 0.00071776 4.27583e-06 -0.000256218 -8.76342e-06 7.0842e-05 6.05717e-05 0.000154708 -0.00149751 0.00934719 -0.000176057 -0.00522574 -0.00161017 3.90757e-05 -0.00262685 -0.00362785 0.000992715 -0.00279909 -4.09435e-07 0.00946436 1.45429e-06 -0.00454941 -0.000380433 0.000156503 -0.00281691 5.97335e-05 -2.19068e-05 -0.00232825 
-7.02209e-06 -0.00622115 -0.00662312 1.01475e-05 -0.000679602 0.00580329 -5.66429e-05 -0.00838352 -0.0058446 0.000109098 4.45616e-06 0.00601276 -0.00310548 0.000174974 0.000229285 0.00964792 0.00010125 -3.99199e-05 -7.50278e-06 7.26192e-05 0.00170729 0.00649023 -0.00127079 -0.00145783 1.96439e-05 -0.000194516 -0.000250567 0.0222803 0.000473214 -0.00332263 0.00147442 -0.00112987 -0.00646233 -0.000670135 4.02208e-05 0.00175252 -0.00193813 -0.000424573 0.000803342 0.00431842 -1.35387e-07 -8.80754e-06 -2.90724e-08 -1.89232e-05 0.000638097 0.000249613 -0.0068144 0.00633711 0.00116035 -0.00024903 -0.000329063 0.000172907 0.000197627 -0.00453995 2.992e-05 0.00326081 -0.000577351 -0.00227129 -0.00175818 -2.47266e-05 7.09717e-06 -1.43411e-06 4.97121e-05 -2.27811e-05 -0.00402451 0.000595226 -0.00555915 0.00154291 0.000286285 0.0041588 -2.188e-05 0.00453222 0.000169699 0.00531507 -5.02393e-06 -8.69178e-05 8.55423e-05 -2.79599e-06 0.000122656 0.000973504 -0.00539686 -0.0010254 -0.000263636 -0.00600837 -0.00244001 0.000340442 0.0154063 -0.00423613 0.00117055 -0.0108862 7.22745e-06 0.000846922 -5.5967e-05 -0.00665071 -0.00176774 1.16183e-06 0.000335044 -7.64417e-06 4.36261e-05 0.00358319 
-1.12621e-07 0.00048319 -0.000803364 2.26539e-06 -0.000117185 -0.000167635 -9.57016e-06 -0.000438213 -0.001189 0.00105325 1.02078e-05 0.00015333 -0.000268471 0.000433654 -9.39313e-06 0.000143587 -7.46666e-07 -1.64741e-06 2.88174e-05 0.000896232 -0.000270303 -0.000384926 -0.000718918 -0.000714717 5.85012e-06 1.95037e-05 1.15402e-05 0.000473214 0.00403254 -0.00134323 -0.000995552 -0.000110315 0.000318849 -6.74774e-05 -1.24007e-05 0.000944038 -0.000645041 -0.000654321 0.000222478 -0.000104495 1.00379e-08 -5.19085e-06 -1.58178e-08 -1.64757e-06 0.00131672 7.59596e-05 0.000206725 -0.000420016 -1.34741e-06 0.000649245 -6.72354e-06 -3.70626e-05 -1.02689e-05 -7.78591e-05 6.13091e-06 0.000148799 0.000111883 0.000474978 -0.000229378 -3.35321e-05 1.01834e-06 2.60505e-06 2.19408e-06 1.27803e-05 -0.000315469 3.49528e-05 -0.00140827 -3.84355e-05 -2.42076e-05 -0.000493726 -2.76156e-06 0.000781492 0.000163351 -6.62545e-05 -7.10054e-07 2.52478e-05 -2.82282e-06 3.48742e-07 9.80488e-06 -1.09373e-05 -0.000202296 -0.000175232 -4.99077e-05 -0.000951336 -0.000292493 1.70131e-05 -8.68562e-06 0.000579754 -0.000587759 -0.00104047 -2.66806e-07 0.000138923 2.92062e-05 0.000310218 -0.000338123 -6.44891e-06 -0.00036308 1.52617e-05 -9.39695e-06 0.00189199 
4.90945e-05 0.00637875 0.0530752 -3.18728e-05 -0.0181179 0.00670171 0.000380342 -0.0192216 0.0690168 -0.0300466 0.000125401 0.0300656 0.0413043 0.00080257 -0.00133725 -0.00645755 4.61747e-05 -0.00137547 7.97384e-05 -0.0151522 -0.0413882 0.0199269 0.0364291 -0.0370688 -2.65763e-05 0.00116112 0.00148648 -0.00332263 -0.00134323 0.139614 0.0384794 -0.00124719 0.0307985 0.00129616 -0.00023057 -0.0795566 -0.0149151 0.0401163 -0.0559013 0.00414704 1.18139e-06 -0.000127995 -2.44634e-07 0.00022459 -0.0303539 -0.000318553 0.0358116 0.0182133 0.000234246 -0.033893 -0.0142345 -0.00782063 0.000288206 -0.0535625 -2.47917e-05 -0.00148371 0.00636914 -0.0545964 0.0429911 -0.0022347 -0.000229706 -3.44594e-05 -0.000145656 0.000154441 0.0307489 -0.000566722 0.0957816 -0.00753624 0.000663775 0.0224475 -0.000721147 -0.0359376 -0.000324611 0.00440571 -1.85859e-05 -0.0139742 -0.000589386 -6.51533e-08 -0.000179929 0.000437668 0.0347096 0.00934627 0.0019532 0.024253 -0.0333693 0.000267669 -0.00656453 -0.0918766 0.0499011 -0.0245806 2.60988e-06 0.0021601 0.000303798 -0.0777313 0.0164438 2.23854e-05 -0.0489716 0.00011032 0.000595861 -0.0515793 
-0.000119281 0.0210757 0.0166708 -1.16901e-05 -0.0123129 0.0286803 0.00136746 -0.137062 0.127898 -0.0498827 -5.93137e-05 0.087512 0.151348 0.0026606 0.000121165 0.138664 -2.96753e-05 -0.00076977 0.000268692 0.0530798 -0.149246 0.0737389 -0.0225071 -0.120859 0.000146549 0.00323574 -0.00372909 0.00147442 -0.000995552 0.0384794 0.241051 -0.0164943 0.0562693 4.46273e-06 0.00207469 -0.089563 -0.143839 0.156995 -0.128312 0.0130445 1.32336e-06 -0.000304628 1.0729e-06 0.000768913 -0.0557481 -0.000253634 0.0575283 0.0697859 0.000438182 -0.0169639 0.00506733 0.0013532 -0.000820624 -0.150591 -2.67096e-06 0.000256979 -0.01584 -0.147948 0.145164 -0.003972 -0.000116386 5.7378e-05 0.000117259 0.000725233 0.0769955 9.2119e-05 0.0773741 0.00411227 -0.00284489 0.0732895 -0.000224711 0.0132973 -5.81072e-05 0.00735552 -3.99488e-05 0.00532155 -0.000289027 -4.80587e-05 -0.000113131 0.000651704 -0.0509463 -0.0222312 0.00180959 -0.120406 -0.0460479 0.000518537 0.0507346 -0.0760191 0.165106 -0.164746 3.46747e-05 -0.00698668 -0.000353566 -0.139484 0.0547325 -0.000579399 -0.0747309 0.000697967 0.00246292 -0.0572082 
2.47714e-05 0.0214991 -0.0158489 1.21641e-06 -0.00170136 -0.00179993 -6.46351e-05 -0.017849 -0.0326624 0.0385444 -5.39115e-05 -0.0107819 -0.0148949 -0.000261814 0.000864734 -0.0268205 2.75611e-06 0.00014407 7.46962e-06 0.026828 0.015274 -0.0062573 -0.0219385 -0.0221552 -1.0789e-05 -0.000529544 -0.000210979 -0.00112987 -0.000110315 -0.00124719 -0.0164943 0.0579788 0.0246722 0.00346626 -9.14812e-05 0.03946 -0.0156401 -0.0158236 -0.0234548 -0.000991081 -1.30637e-07 6.26159e-05 -2.41423e-07 5.35078e-06 0.0400297 -6.02583e-05 0.0269486 -0.00600978 -8.47411e-05 0.00174875 -0.000107666 -9.38412e-05 -0.00011506 0.0195196 4.34844e-08 -0.000353358 0.0185739 -0.0105273 -0.0151373 0.00224554 -5.78286e-06 -6.04163e-06 -2.04136e-05 -8.19836e-05 0.00372039 -4.40416e-05 -0.0394837 0.000205404 0.00158579 -0.00788804 -3.39915e-05 -0.000676759 -2.75008e-05 -0.00324502 -1.36251e-05 -0.000138343 -3.02815e-05 -6.75723e-06 -2.64784e-05 -0.00018151 -0.011637 0.00811498 -0.000592315 -0.0208948 -0.00414667 -0.000116373 -0.00985424 -0.00441003 -0.0174758 0.0207786 7.94084e-06 -0.00160064 0.000936353 0.0229972 -0.00524993 -0.000116715 -0.00436397 -3.63454e-05 -0.000251886 0.0177225 
0.000186495 0.151331 0.0479562 -1.78225e-05 -0.0107788 -0.0171007 -0.000942109 -0.13482 -0.00271728 0.0766766 -8.91461e-05 -0.011557 0.0726414 0.00401881 0.000440704 -0.0136517 4.74352e-05 -0.000596116 0.000441758 0.170609 -0.0761229 -0.0363601 -0.0485123 -0.151392 -0.000107692 -0.00323539 0.00784609 -0.00646233 0.000318849 0.0307985 0.0562693 0.0246722 0.228838 0.0149051 -0.00125495 0.0358633 -0.139808 0.0736698 -0.168052 -0.00853035 -2.58351e-06 -0.000348758 8.91641e-07 -3.93318e-05 0.0698407 -0.000426429 0.207578 -0.04019 -0.000555889 -0.00558465 -0.00583085 -0.00361434 -0.000930755 -0.0378293 -1.31626e-05 -0.00198962 0.0269129 -0.0931734 0.0666956 -0.000662587 -3.25473e-06 -2.88239e-05 -0.000165876 -0.000367402 0.12142 -0.000254665 -0.0351603 -0.00202717 0.00242244 -0.0463577 -0.000201621 -0.0258424 0.000105235 -0.0168285 -3.48497e-05 -0.00576389 -0.000279463 6.56227e-05 -1.14786e-05 -0.000961478 -0.0511246 0.0490625 0.00102074 -0.132878 -0.0403033 -0.000513697 -0.0663479 -0.030467 0.0680307 -0.0449993 2.08344e-05 0.00797755 0.00149765 -0.043211 -0.0161512 -0.000690594 -0.0701647 0.000338445 -0.00138026 0.0353011 
