3.33422e-05 -5.33493e-12 -2.91198e-11 -3.67632e-09 -7.38851e-06 -2.53475e-07 -9.3418e-08 -4.13662e-08 -7.1941e-06 -2.19499e-08 -1.01514e-08 -1.59715e-09 -4.31261e-07 -5.47741e-08 -9.88822e-07 -6.2352e-06 -2.76743e-06 -8.29138e-10 -3.89726e-06 -1.21185e-07 1.23574e-05 -5.8562e-10 -1.73638e-07 -1.62671e-06 1.48139e-07 -1.52428e-08 -1.39697e-06 -1.56624e-07 2.9439e-07 -7.36777e-10 -4.35086e-06 -1.18302e-09 -3.70178e-09 -5.41217e-06 -3.1491e-08 2.98476e-08 -1.55821e-06 -1.70873e-09 1.18465e-07 -1.0493e-08 -9.25015e-06 1.70032e-06 2.70199e-07 3.34451e-06 -5.91275e-08 -3.14541e-06 -1.42409e-09 1.46667e-05 -5.00261e-10 9.94837e-08 -2.83961e-06 -3.45804e-09 0 4.5534e-07 -1.2366e-06 -8.46666e-08 4.73259e-06 -3.85685e-07 -6.49808e-07 -7.60906e-09 3.36973e-07 -1.33173e-09 -6.50528e-10 -6.14231e-08 -5.02354e-08 -1.66717e-12 -5.30035e-06 2.48786e-06 -1.35674e-09 -8.01351e-11 -6.91096e-09 -9.014e-06 -1.61954e-06 -1.52958e-07 -1.08476e-07 -3.56574e-09 -7.63964e-10 1.30081e-05 -4.72043e-06 1.1133e-07 -1.40776e-09 -5.55722e-12 8.30851e-09 -3.03914e-08 -8.89378e-10 -2.76655e-08 -1.8636e-08 -1.4555e-08 -3.09399e-08 -5.4379e-07 -8.97596e-07 -7.66902e-08 -3.94563e-11 -8.4483e-06 -2.40567e-07 -5.19823e-09 5.87971e-06 -8.21658e-08 -1.84982e-08 -3.09771e-09 
-5.33493e-12 1.6e-07 -1.39733e-13 -1.76411e-11 8.85566e-08 -1.21631e-09 -4.48272e-10 -1.98498e-10 -4.18951e-08 -1.05328e-10 -4.8712e-11 -7.664e-12 -2.06943e-09 -2.62837e-10 -5.08082e-09 4.13378e-09 3.25083e-08 -3.97867e-12 -1.93091e-08 4.23013e-11 -8.28835e-08 -2.81013e-12 2.54462e-10 4.81293e-08 -3.76819e-10 -3.13071e-10 1.00622e-09 -7.99554e-10 -1.22891e-10 -3.53547e-12 5.54512e-08 -5.6768e-12 -1.77632e-11 -4.57407e-08 -1.51111e-10 -6.08549e-10 -9.71651e-09 -8.19947e-12 -5.35209e-10 -5.03515e-11 -5.06575e-08 -1.91791e-09 -2.39832e-09 7.52311e-08 -2.83727e-10 -1.36475e-08 -6.8336e-12 -4.45624e-08 -2.40053e-12 8.13278e-10 -1.67451e-08 -1.65936e-11 0 -2.78286e-10 -6.65369e-09 -4.06278e-10 -5.89139e-08 -2.73047e-09 -3.11814e-09 -3.65125e-11 -1.66203e-09 -6.3904e-12 -3.1216e-12 -2.94742e-10 -2.41058e-10 -8e-15 -5.52651e-08 -5.11275e-09 -6.5104e-12 -3.84533e-13 -3.31627e-11 8.40836e-08 2.53386e-08 -7.3398e-10 -5.2053e-10 -1.71104e-11 -2.27498e-09 3.31019e-09 -1.98938e-08 -3.29517e-10 -6.7552e-12 -2.66667e-14 -8.55862e-10 -1.45835e-10 -4.26773e-12 -1.32755e-10 3.58439e-10 -6.98432e-11 -1.48467e-10 -4.91272e-09 -4.87098e-08 -3.68003e-10 -1.89333e-13 -5.13364e-08 -1.49028e-09 -2.4944e-11 3.05987e-08 -3.94277e-10 -4.24664e-10 -1.48645e-11 
-2.91198e-11 -1.39733e-13 8.73333e-07 -9.62908e-11 9.00379e-08 -6.63904e-09 -2.44682e-09 -1.08347e-09 -1.95344e-07 -5.74915e-10 -2.65886e-10 -4.18327e-11 -1.12956e-08 6.5232e-08 -2.77328e-08 -1.74103e-07 -2.57698e-07 -2.17169e-11 -1.05395e-07 2.30895e-10 1.94261e-07 -1.53386e-11 1.38894e-09 -3.77294e-07 -2.0568e-09 5.16245e-08 -3.7841e-08 -4.36423e-09 -6.70778e-10 -1.92978e-11 -3.87329e-07 -3.09859e-11 -9.69575e-11 2.53665e-07 -8.24817e-10 -3.32166e-09 2.97384e-10 -4.47554e-11 -2.92135e-09 -2.74835e-10 -2.16506e-07 -1.04686e-08 3.02425e-08 -2.9603e-07 -1.54868e-09 -9.26872e-08 -3.73001e-11 3.60097e-07 -1.31029e-11 4.43914e-09 1.65266e-07 -9.05734e-11 0 -1.51898e-09 7.01526e-09 -2.2176e-09 3.08428e-07 2.84295e-08 -1.70199e-08 -1.99298e-10 -9.07192e-09 -3.48809e-11 -1.70387e-11 -1.6088e-09 -1.31577e-09 -4.36667e-14 -1.21655e-07 -2.79071e-08 -3.55359e-11 -2.09891e-12 -1.81013e-10 -2.31044e-07 -3.6836e-07 -4.00631e-09 4.04921e-08 -9.33943e-11 -1.24176e-08 2.75707e-07 -1.26781e-07 -1.79862e-09 -3.68721e-11 -1.45556e-13 -4.67158e-09 -7.96017e-10 -2.32947e-11 -7.24619e-10 1.95648e-09 -3.81227e-10 -8.10383e-10 -2.68153e-08 2.70792e-07 -2.00868e-09 -1.03344e-12 -2.36878e-07 -8.13442e-09 -1.36153e-10 4.07574e-07 -2.1521e-09 -2.31796e-09 -8.11356e-11 
-3.67632e-09 -1.76411e-11 -9.62908e-11 0.000110245 -1.3382e-05 -2.14833e-07 9.27109e-06 9.32141e-08 -2.28468e-05 -7.2582e-08 -3.35676e-08 -5.28129e-09 -7.46053e-07 2.93554e-06 3.56188e-05 -3.09347e-05 -6.08147e-05 -2.74172e-09 3.50174e-05 -1.33752e-06 -1.4402e-05 8.7714e-06 -3.44649e-07 1.10628e-05 4.33666e-07 4.03426e-06 -3.79833e-05 1.0749e-05 2.46198e-06 -2.4363e-09 1.3625e-05 -3.91191e-09 3.10926e-08 3.62766e-05 -1.04132e-07 3.66398e-06 -6.11902e-06 -5.65029e-09 -3.68815e-07 -3.46974e-08 -2.47383e-05 -1.8497e-07 8.19064e-06 -3.89179e-05 4.23782e-06 -4.70491e-06 -4.70906e-09 -1.74314e-05 1.45012e-07 -2.95429e-05 -4.26579e-06 -1.14347e-08 0 1.50616e-05 1.16816e-05 1.86699e-07 -1.79511e-05 -1.66825e-06 1.97179e-05 -2.51609e-08 2.63135e-06 -4.40365e-09 2.97849e-07 -1.39775e-07 7.49389e-06 -5.51283e-12 1.49666e-05 3.01201e-05 -4.48634e-09 -2.64984e-10 -2.28525e-08 -1.3831e-05 -5.55591e-05 -5.05788e-07 4.61301e-07 5.82092e-08 -1.5677e-06 -2.95889e-05 -1.66924e-06 1.47293e-06 -4.65504e-09 -1.83761e-11 -5.89778e-07 2.26171e-07 1.27039e-06 -4.81513e-09 -1.94763e-05 9.88537e-07 5.76906e-08 -7.4871e-07 -2.30949e-06 -2.53592e-07 -1.3047e-10 -2.82461e-05 3.21764e-05 4.94777e-08 1.5126e-05 7.14969e-07 3.2124e-05 -1.02432e-08 
-7.38851e-06 8.85566e-08 9.00379e-08 -1.3382e-05 0.24714 0.00317639 0.00136688 0.000439973 -0.112032 -0.000293238 -0.00010387 -7.25838e-06 -0.00557383 -0.000639681 -0.0129531 0.00928998 -0.0897059 -1.08435e-05 0.0152539 3.44428e-05 -0.181956 -6.76241e-06 1.68985e-05 0.123788 0.000869348 -1.19471e-05 -0.0030201 -7.0015e-05 0.000401378 2.0567e-06 0.0813647 1.23774e-05 2.27039e-05 0.100093 -0.000420909 -0.00121569 0.0106676 2.02393e-06 -0.00064386 -2.40522e-05 -0.0608438 -0.00187001 -0.00320083 0.0971658 -0.000637034 -0.0266734 -1.63809e-05 -0.119948 1.99736e-06 0.00100521 0.0164559 1.58126e-06 0 -0.000661137 -0.0123234 0.000381013 -0.0969882 -0.00668074 -0.00664855 -7.53244e-05 0.00164662 1.07959e-05 -1.42497e-06 -0.000777885 0.000440236 -2.23261e-08 0.0894439 0.00913882 1.44544e-05 1.21686e-06 -2.93057e-05 0.198234 -0.0438969 -0.00179 -0.000152991 -2.28277e-05 -0.00587264 0.00807901 0.0279605 -0.000759594 -1.89547e-06 2.89131e-08 -0.0023719 -0.000400594 -7.87022e-06 -5.35663e-05 0.000925408 -0.000144059 2.02171e-05 -0.0123259 -0.131054 -0.00102133 1.4495e-07 -0.136919 0.00161112 6.7504e-05 0.0363931 0.00068594 -0.000757822 1.16267e-05 
-2.53475e-07 -1.21631e-09 -6.63904e-09 -2.14833e-07 0.00317639 0.00754417 -1.16417e-05 -8.38109e-06 -0.00136449 -4.5377e-06 -1.27108e-06 -3.64134e-07 -9.72666e-05 -9.88463e-06 -0.000194298 0.000142948 0.0012983 1.84298e-07 -0.000290027 -3.65135e-05 -0.00335142 -1.33516e-07 6.69672e-06 0.00171142 -1.48735e-05 -1.28881e-05 2.51412e-05 -2.78952e-05 -5.82548e-06 -1.44645e-07 0.0022012 -2.69717e-07 -8.23969e-07 -0.00149005 2.94702e-06 -2.69735e-05 -0.00039515 -3.49575e-07 -9.55231e-06 4.66102e-06 -0.00187467 -8.12306e-05 1.82102e-05 0.00248413 -1.28838e-05 -0.000703465 -1.2468e-07 -0.00199906 -1.14055e-07 -0.000140786 -0.000769651 -7.88399e-07 0 -1.23753e-05 -3.04585e-05 6.02768e-05 -0.00241894 -0.000128911 -8.51199e-05 -1.17813e-06 -7.39434e-05 -3.03622e-07 -1.48314e-07 -1.12705e-05 -3.90318e-06 -3.80098e-10 -0.00163172 -0.000236005 -3.09324e-07 -1.827e-08 -1.52897e-06 0.00340364 0.000952887 -2.06797e-05 -2.14615e-05 -8.12953e-07 -0.000105146 -0.00267454 0.00446626 -1.04328e-05 2.49045e-07 -1.26699e-09 -2.91739e-05 -6.86229e-06 -2.0277e-07 -1.9747e-07 9.28026e-06 -2.95841e-06 3.6626e-05 -0.000179161 -0.00208179 -1.73446e-05 -8.99565e-09 -0.00217374 -4.18897e-05 -1.18515e-06 -0.00257254 -1.0993e-05 -1.95134e-05 -5.66247e-07 
-9.3418e-08 -4.48272e-10 -2.44682e-09 9.27109e-06 0.00136688 -1.16417e-05 0.00279385 1.91084e-06 -0.000709279 -1.84436e-06 -8.02978e-07 -1.34201e-07 -3.61403e-05 -1.58577e-06 8.47516e-05 5.97018e-05 -0.00188598 -6.96689e-08 0.00142832 7.40723e-07 -0.00138564 -2.25405e-08 3.81245e-06 0.000739965 1.7045e-05 3.27913e-05 -0.00032411 2.65983e-07 9.21441e-07 1.02143e-06 -0.000224727 2.73929e-07 -3.11045e-07 0.0016573 -2.64606e-06 -9.7894e-06 -7.79988e-05 -1.43578e-07 -9.37185e-06 -6.91686e-07 0.00130093 -2.99671e-05 -3.83095e-05 -0.0012196 -2.7649e-06 -0.000290269 4.60339e-07 -0.000777048 -4.20348e-08 -0.000138629 -8.4084e-05 7.06102e-07 0 6.1487e-05 0.000258903 -6.49085e-06 0.000353928 -3.78323e-05 -4.75273e-05 -6.39357e-07 -2.38599e-05 2.01143e-06 -5.13278e-08 -3.23779e-06 1.80689e-05 -1.40085e-10 0.0015261 7.28392e-05 -1.14001e-07 -6.73342e-09 -5.80699e-07 0.000800086 -0.00209028 1.96876e-05 -8.81475e-07 3.00386e-07 -4.78307e-06 -0.000919993 -0.000399055 -5.28672e-06 -3.49544e-08 -4.6695e-10 -5.90002e-06 -2.55367e-06 8.25269e-07 9.72049e-07 -6.91868e-05 -1.223e-06 4.72025e-06 -2.59615e-05 -0.000845433 -5.98729e-06 -3.31534e-09 -0.000888933 0.000157311 1.45321e-06 -0.000207509 1.56262e-06 7.61705e-05 -2.60287e-07 
-4.13662e-08 -1.98498e-10 -1.08347e-09 9.32141e-08 0.000439973 -8.38109e-06 1.91084e-06 0.00123907 -0.000313381 -8.16696e-07 -3.77705e-07 -5.94254e-08 1.39065e-06 3.62201e-06 -3.42425e-05 1.0896e-05 -0.000475204 -2.08499e-08 -6.71893e-05 -2.68867e-06 -0.000159738 2.31544e-07 -5.07361e-06 0.000271954 4.39821e-06 2.47258e-05 1.25207e-06 -3.60294e-06 -7.76207e-07 -2.74134e-08 -1.50536e-05 1.21598e-06 3.45893e-06 0.000462744 -1.17169e-06 2.51114e-05 4.91831e-05 -6.35773e-08 -2.85659e-06 -1.0375e-07 -0.00030908 -3.50779e-06 1.53789e-07 -0.000119227 -2.1833e-06 -0.0001186 -5.29866e-08 -0.000319239 -1.86133e-08 5.78935e-06 0.000184435 -1.53307e-08 0 -1.83112e-06 -5.15616e-05 2.83122e-07 -0.000401632 -2.03383e-05 -2.21842e-05 4.46689e-06 -1.25138e-05 -4.95501e-08 -2.42044e-08 9.74617e-07 1.32088e-06 -6.20307e-11 0.000261393 -2.26801e-05 -5.04806e-08 -2.98161e-09 2.39529e-07 0.000542063 -0.000558945 1.56551e-06 -3.16944e-06 -6.93379e-08 1.16816e-07 -3.99361e-05 -1.07325e-05 1.00783e-05 5.90429e-06 -2.06769e-10 -4.80621e-06 -9.04115e-07 1.50242e-07 -5.60242e-08 -4.65405e-06 -8.15525e-08 -3.64523e-07 8.27758e-06 -0.000344558 -2.45343e-06 -1.46806e-09 -0.000359381 -7.60202e-06 6.58838e-09 0.00026634 6.22839e-07 -3.29277e-06 1.25474e-06 
-7.1941e-06 -4.18951e-08 -1.95344e-07 -2.28468e-05 -0.112032 -0.00136449 -0.000709279 -0.000313381 0.193282 0.000419024 9.05615e-05 -8.50901e-06 0.00286151 -8.5303e-05 -0.00385687 -0.00844542 0.053926 1.10555e-05 -0.0306658 -6.98937e-06 0.102451 -3.11553e-06 -8.84362e-05 -0.102733 -0.000574838 -0.000141057 0.00152727 -0.00128085 -0.000173681 -5.20922e-06 -0.0711744 -9.29024e-06 -2.582e-05 -0.0692488 0.000630895 -0.000905484 -0.0102414 7.91347e-07 -0.000231231 5.95284e-05 0.0997506 -0.00267578 0.00322272 -0.117412 9.62197e-05 0.0130176 -1.04067e-05 0.0516085 -1.88521e-06 -0.000110805 -0.00639211 -2.56759e-05 0 -0.000398303 -0.00494203 -0.000533022 0.0972845 0.000498086 0.00364201 -3.7571e-06 -0.00251648 -9.66473e-06 -5.10858e-06 -0.000473124 -0.000381807 3.02411e-08 -0.053544 -0.00747561 -1.02711e-05 -6.29299e-07 -5.15616e-05 -0.115875 0.0319693 0.00295329 -0.000813635 -1.99983e-05 0.00638784 -0.0675428 -0.0212142 -0.000109381 -1.01017e-05 -4.36407e-08 0.000255644 0.000188913 -5.58426e-06 0.000123203 0.000236139 0.000224803 -0.000158644 -0.0027385 0.0973909 -0.00054027 1.01508e-08 0.134161 -0.00239197 -4.05249e-05 -0.0746723 -0.000230322 -0.000561751 -1.73062e-05 
-2.19499e-08 -1.05328e-10 -5.74915e-10 -7.2582e-08 -0.000293238 -4.5377e-06 -1.84436e-06 -8.16696e-07 0.000419024 0.000657867 -2.00419e-07 1.80076e-09 -2.74411e-07 1.56859e-06 -1.66711e-05 -0.000116232 0.000121626 -1.63697e-08 -7.90648e-05 1.74044e-07 0.000288346 -1.15619e-08 -4.2043e-05 -0.000333685 -1.44371e-06 -1.08476e-06 1.74331e-06 -3.28966e-06 -5.05618e-07 -1.45462e-08 -0.000175086 -2.33565e-08 -7.30845e-08 -0.000186214 9.31494e-06 -2.34046e-06 -3.45807e-05 -3.37357e-08 -1.62205e-06 9.75284e-06 -2.5864e-05 -7.05098e-06 3.91091e-05 -0.000316384 -5.50692e-07 1.10044e-05 -2.8116e-08 0.000109937 -9.87669e-09 -6.3272e-06 -6.17857e-05 -6.82723e-08 0 -7.74975e-07 -2.71858e-05 -1.67158e-06 -4.57804e-05 -1.11708e-05 -5.08588e-06 1.03107e-07 -5.53822e-06 -2.62925e-08 -1.28434e-08 -1.21268e-06 -9.18468e-07 -3.2915e-11 -0.000178265 -2.05424e-05 -2.67862e-08 -1.58211e-09 6.33556e-07 -0.000301355 5.17392e-05 4.39347e-06 -2.05499e-06 -7.03986e-08 5.93132e-05 -0.000127268 -9.21684e-05 -1.11242e-06 4.98873e-07 -1.09717e-10 -1.41801e-06 -6.00021e-07 -1.75591e-08 2.2738e-06 -2.73586e-05 -2.87361e-07 -3.17516e-07 0.000130391 0.000300803 -6.50768e-07 -7.78988e-10 0.000367813 -6.13155e-06 -1.02629e-07 -2.43537e-05 1.06778e-05 -1.45389e-06 -6.11583e-08 
-1.01514e-08 -4.8712e-11 -2.65886e-10 -3.35676e-08 -0.00010387 -1.27108e-06 -8.02978e-07 -3.77705e-07 9.05615e-05 -2.00419e-07 0.000304357 -1.45832e-08 4.10523e-05 3.69654e-06 -9.66785e-06 -7.06642e-05 6.43998e-05 -7.57066e-09 -3.65815e-05 -1.72842e-07 -0.000131652 -5.34716e-09 -6.76581e-06 7.99578e-05 -2.57016e-07 1.09504e-08 -1.60202e-06 4.61527e-06 -2.33838e-07 -6.72733e-09 6.48933e-05 -1.08019e-08 -3.38e-08 -8.67226e-05 -2.87537e-07 -1.15795e-06 -4.65536e-06 -1.5602e-08 -8.35069e-07 -9.58094e-08 -7.45417e-05 -3.56275e-06 -3.86023e-06 7.99401e-06 -5.39879e-07 0.000243835 -1.30031e-08 -5.44005e-05 7.20989e-08 -4.76248e-06 -1.91961e-05 -3.15745e-08 0 -5.29527e-07 -1.02174e-05 -4.59737e-07 -4.8552e-05 9.11644e-05 -1.41657e-06 -6.94765e-08 3.34408e-05 -1.21597e-08 -5.93982e-09 -2.94173e-07 -4.08687e-07 -1.52225e-11 -0.000102346 -9.26861e-06 -1.23881e-08 -7.31695e-10 -6.31023e-08 -0.000137718 4.52079e-05 9.56708e-07 -2.40471e-07 -3.25579e-08 -2.4322e-06 5.11639e-05 3.27532e-05 7.71632e-06 -1.28539e-08 -5.07417e-11 -1.60188e-06 7.87917e-06 -8.1207e-09 -2.52607e-07 -3.24624e-07 1.71015e-08 -2.82505e-07 -7.36799e-06 -8.3319e-05 -7.0024e-07 -3.60266e-10 -2.96536e-05 -2.16905e-06 -4.74638e-08 -0.000117899 1.0031e-06 -8.13893e-08 -2.82844e-08 
-1.59715e-09 -7.664e-12 -4.18327e-11 -5.28129e-09 -7.25838e-06 -3.64134e-07 -1.34201e-07 -5.94254e-08 -8.50901e-06 1.80076e-09 -1.45832e-08 4.78977e-05 -4.62869e-07 -7.86868e-08 -1.47738e-07 -1.10524e-05 -6.28992e-06 3.21422e-08 -5.78065e-06 -3.50669e-07 7.96677e-06 -8.41284e-10 -9.38205e-08 -9.49461e-06 -2.28102e-08 -9.03924e-08 -3.02096e-07 -8.93664e-08 -3.67904e-08 -1.05843e-09 -1.00726e-05 -1.69949e-09 6.46821e-08 -1.1797e-05 5.80943e-08 -3.8851e-08 1.97787e-07 -2.45472e-09 -4.68949e-08 -1.5074e-08 -8.92226e-06 -3.07506e-07 -1.21332e-07 1.67656e-05 3.25059e-07 -4.48698e-06 -2.04581e-09 1.34425e-05 -7.1866e-10 -5.86525e-07 -4.82973e-06 -4.96771e-09 0 7.66688e-07 -1.99195e-06 9.17039e-08 -1.12773e-05 1.05899e-07 -3.76827e-07 1.45736e-07 -3.20904e-07 -1.91313e-09 -9.34529e-10 1.35095e-07 2.17783e-06 -2.395e-12 -9.16499e-06 -1.50063e-06 -1.94905e-09 -1.1512e-10 -9.92807e-09 -9.46081e-06 2.17574e-06 2.06931e-07 -1.55834e-07 -5.12243e-09 -4.84407e-07 1.49806e-05 -3.43618e-07 1.27468e-06 -2.02234e-09 -7.98333e-12 1.30443e-07 -4.36594e-08 -1.27765e-09 -3.97434e-08 1.07308e-07 3.90907e-08 -4.44474e-08 -6.97412e-07 1.01875e-05 -1.10171e-07 -5.66817e-11 -1.34788e-05 -4.46151e-07 -7.46761e-09 2.24888e-05 5.29656e-09 7.95329e-08 -4.45007e-09 
-4.31261e-07 -2.06943e-09 -1.12956e-08 -7.46053e-07 -0.00557383 -9.72666e-05 -3.61403e-05 1.39065e-06 0.00286151 -2.74411e-07 4.10523e-05 -4.62869e-07 0.0127666 3.9653e-05 -0.000311812 -0.0014113 0.00285628 2.61709e-07 -0.00155711 -1.38105e-05 0.00352334 -2.27163e-07 -0.000254893 0.0022309 2.80857e-05 -1.22779e-06 6.559e-05 -3.78536e-05 -9.93413e-06 -2.85797e-07 0.00291039 7.27771e-07 1.04741e-05 -0.00357779 7.51792e-06 -4.89267e-05 -0.000726275 -6.62821e-07 -3.63481e-05 -3.35693e-06 -0.00351942 -5.94146e-05 0.00040881 -0.000717376 -1.3249e-05 0.00397579 -5.52408e-07 -0.0011668 8.49281e-07 1.31997e-05 -0.00109217 -1.10805e-06 0 6.89747e-06 -0.000509522 -3.18857e-05 -0.00215052 -0.000175303 -0.000232315 -2.91157e-06 -9.65371e-05 -5.16581e-07 -2.52341e-07 4.50072e-05 -1.60631e-05 -6.46697e-10 -0.00427257 -0.000401173 -5.26282e-07 -3.10846e-08 -1.92077e-06 -0.00573281 0.00180655 0.000127257 -4.04348e-05 -9.66489e-07 -2.78265e-05 -0.00199424 -0.000336226 -1.95006e-05 -3.94041e-08 -2.15566e-09 -5.93188e-05 3.41744e-05 -3.44991e-07 -4.71817e-06 -3.89812e-06 1.29274e-05 2.81217e-05 0.00129902 -0.00204765 -2.88283e-05 -1.53052e-08 0.00798264 -0.000115223 -2.0164e-06 -0.00445568 -2.71056e-05 -2.87319e-05 3.65173e-06 
-5.47741e-08 -2.62837e-10 6.5232e-08 2.93554e-06 -0.000639681 -9.88463e-06 -1.58577e-06 3.62201e-06 -8.5303e-05 1.56859e-06 3.69654e-06 -7.86868e-08 3.9653e-05 0.00164003 -4.85951e-05 -0.000670632 0.000311661 3.10248e-06 -0.000177767 -1.34902e-06 0.00030791 3.27815e-07 -7.30409e-06 -0.00026747 1.07878e-05 1.01857e-05 5.17604e-07 -7.72907e-06 -1.26173e-06 1.17034e-07 -0.000229092 -5.82841e-08 5.29429e-06 -0.000392253 -1.4748e-06 -4.66134e-06 2.497e-05 -8.41844e-08 -3.85169e-06 -5.16962e-07 -4.69371e-05 2.60208e-06 -1.54438e-05 0.000116049 -1.20971e-06 0.000413286 -7.0161e-08 0.000132752 -2.46464e-08 2.68997e-06 0.000390237 3.5063e-06 0 3.22615e-06 -6.17606e-05 -2.78795e-06 7.77343e-05 -1.42106e-05 -3.16342e-05 -3.41543e-07 8.08958e-05 -6.56106e-08 1.71284e-07 3.12053e-06 6.85838e-06 -8.21365e-11 -0.00048191 -5.24463e-05 1.13157e-07 -3.94803e-09 -3.0715e-07 -0.000510635 0.000235096 -6.16582e-06 -5.33098e-06 -1.75674e-07 -1.49907e-05 0.000297952 -0.000177758 -2.44651e-06 5.06439e-08 -2.73788e-10 2.17261e-05 4.0727e-06 -4.38171e-08 -1.20967e-06 -0.000535767 6.47958e-06 8.31568e-06 0.000425234 -0.000183084 3.52384e-05 2.80561e-08 0.000457039 -1.00708e-05 -2.56102e-07 -0.000392267 8.19193e-06 1.07995e-06 -1.52615e-07 
-9.88822e-07 -5.08082e-09 -2.77328e-08 3.56188e-05 -0.0129531 -0.000194298 8.47516e-05 -3.42425e-05 -0.00385687 -1.66711e-05 -9.66785e-06 -1.47738e-07 -0.000311812 -4.85951e-05 0.0307467 0.000726347 -0.0131661 -7.62978e-07 0.0222616 -3.26711e-05 0.00891543 1.18056e-05 2.34496e-05 0.00211022 2.89795e-05 -1.43618e-05 -5.08723e-05 0.0001227 -2.31267e-05 -5.45016e-07 -0.00169526 -1.08001e-06 -2.81879e-06 0.00830713 -6.2577e-06 0.000138112 -0.00114301 2.79322e-07 -8.96794e-05 -8.90657e-06 0.000827295 0.000881701 0.00267511 -0.0167715 0.000980629 -0.00324151 9.4304e-06 -0.00801008 -3.19766e-07 -0.00241396 -0.00290444 3.413e-05 0 0.000925982 0.012933 -7.76671e-05 0.000188781 -0.000509749 0.00222348 -6.12996e-06 -0.000317199 3.17503e-06 1.20071e-05 -2.19407e-06 -2.61459e-05 -1.58776e-09 0.0142295 0.000856901 -6.54498e-08 3.70152e-08 0.000117072 -0.01292 -0.0181907 3.03273e-05 0.000777941 4.40077e-06 -0.000383995 -0.0117146 -0.00449908 0.000946911 4.4693e-06 -5.29252e-09 0.000474424 -2.83639e-05 2.44298e-06 -2.52511e-05 -0.000839037 -1.35318e-05 1.67438e-05 0.00253213 -0.0042233 -5.55107e-05 -3.75769e-08 -0.00586298 0.00349424 1.34294e-05 0.00628407 -7.25954e-05 0.0017816 -2.76349e-06 
-6.2352e-06 4.13378e-09 -1.74103e-07 -3.09347e-05 0.00928998 0.000142948 5.97018e-05 1.0896e-05 -0.00844542 -0.000116232 -7.06642e-05 -1.10524e-05 -0.0014113 -0.000670632 0.000726347 0.0251686 -0.00495284 -6.22754e-06 0.00257822 2.3556e-05 -0.00544866 -1.32862e-05 0.000128174 0.00276559 4.66372e-05 -4.29565e-05 -0.00014253 -3.31814e-05 1.94405e-05 -1.30577e-06 0.0040071 -3.58333e-06 -8.22834e-06 0.0064549 6.87751e-06 -2.09075e-06 -5.4652e-05 -3.73598e-06 5.88867e-05 5.35388e-06 0.00402275 0.000204412 0.000120331 -0.00603052 -5.16496e-06 -0.00785795 6.26794e-07 -0.00819886 -2.65705e-07 -6.6018e-05 -0.0018964 -3.4972e-06 0 2.30899e-05 0.000982501 -1.20226e-05 -0.00397614 -0.000700502 0.000168998 -6.02411e-06 -0.00118543 7.41895e-07 -1.6927e-07 -3.60623e-06 8.59497e-06 1.29181e-09 0.00809019 0.000807399 5.91272e-07 6.20928e-08 5.2483e-06 0.00886388 -0.00375774 1.27633e-05 7.4233e-05 -2.24042e-06 -0.000257912 -0.0108189 -0.00271155 -6.15943e-05 9.57468e-07 4.30602e-09 0.000123858 -8.13111e-05 -9.50864e-07 6.84333e-06 0.000366401 -0.000272885 3.2172e-06 -0.000705914 -0.00424263 2.46402e-05 5.72754e-10 -0.00733214 0.00021706 3.67785e-06 0.00621223 -0.000186074 3.9673e-05 -2.78331e-05 
-2.76743e-06 3.25083e-08 -2.57698e-07 -6.08147e-05 -0.0897059 0.0012983 -0.00188598 -0.000475204 0.053926 0.000121626 6.43998e-05 -6.28992e-06 0.00285628 0.000311661 -0.0131661 -0.00495284 0.173829 3.28705e-06 -0.062295 -3.14645e-05 0.0520785 -8.12564e-06 -4.91891e-05 -0.0566728 -0.0016522 -4.19639e-05 0.00345407 0.000896871 -0.000219445 3.38987e-06 -0.0456457 -1.67421e-05 3.27958e-06 -0.130252 0.000165162 -0.000186604 0.0109014 8.81976e-06 0.000610433 6.51218e-05 -0.0136234 -0.000978497 -0.00571719 0.0178951 -1.71514e-05 0.0234659 5.8608e-06 0.0565144 -6.34577e-06 0.00232941 -0.00641359 2.14521e-05 0 -0.000843415 -0.00410981 9.71476e-05 0.0371129 0.00377721 -0.00328489 4.11648e-06 8.4379e-05 -2.79897e-05 -1.41529e-05 0.000267921 5.13856e-05 7.86716e-09 -0.122338 -0.0142545 -1.8765e-05 -1.78496e-06 -0.000154 -0.0724041 0.0970417 0.00079778 -0.000227719 -5.4371e-05 0.00282153 0.0669032 0.0225186 -0.000757279 -2.20356e-05 -1.29332e-07 0.000925437 0.000201385 -1.33682e-05 -0.000166515 2.30692e-05 8.90848e-05 0.000185933 0.00169312 0.060401 0.0004891 -4.08255e-07 0.0702287 -0.00699405 -0.000110614 -0.104377 -0.000471147 -0.00179557 -2.00954e-05 
-8.29138e-10 -3.97867e-12 -2.17169e-11 -2.74172e-09 -1.08435e-05 1.84298e-07 -6.96689e-08 -2.08499e-08 1.10555e-05 -1.63697e-08 -7.57066e-09 3.21422e-08 2.61709e-07 3.10248e-06 -7.62978e-07 -6.22754e-06 3.28705e-06 2.4866e-05 -2.74095e-06 -1.09343e-06 3.82186e-06 -4.36742e-10 -7.17119e-07 2.63343e-06 -5.8564e-08 1.7801e-07 -5.69498e-08 -1.24264e-07 8.75674e-08 -5.4947e-10 -2.85862e-06 -8.82269e-10 -2.7607e-09 -4.59553e-06 9.84809e-09 -9.45786e-08 -1.07677e-06 6.87257e-08 -8.31804e-08 -7.82546e-09 -3.72302e-06 -2.98074e-07 4.72604e-08 -4.4045e-06 -4.40959e-08 8.17423e-06 -1.06206e-09 -3.7124e-06 -3.73083e-10 -1.53603e-07 2.90086e-06 -2.57892e-09 0 8.29887e-11 -7.10762e-07 4.56858e-07 -2.17286e-06 8.89726e-08 -3.14611e-07 -5.67466e-09 2.18359e-07 -9.93175e-10 -4.85149e-10 -4.58079e-08 1.59202e-07 -1.24333e-12 -7.63912e-06 9.85393e-07 -1.01182e-09 -5.97629e-11 -5.15403e-09 -1.1252e-05 2.71804e-06 1.39261e-07 -8.08991e-08 -2.65924e-09 1.36429e-07 5.78071e-07 2.00345e-06 -5.12125e-08 -1.04987e-09 -4.14444e-12 -1.33015e-07 2.14001e-07 -6.63277e-10 6.03438e-09 -3.38096e-06 6.05812e-07 1.30259e-07 2.89315e-06 -5.86989e-07 -5.71937e-08 -2.94256e-11 5.44813e-06 -2.31614e-07 2.279e-08 -6.90667e-06 -6.12773e-08 -6.59999e-08 -2.3102e-09 
-3.89726e-06 -1.93091e-08 -1.05395e-07 3.50174e-05 0.0152539 -0.000290027 0.00142832 -6.71893e-05 -0.0306658 -7.90648e-05 -3.65815e-05 -5.78065e-06 -0.00155711 -0.000177767 0.0222616 0.00257822 -0.062295 -2.74095e-06 0.106118 -8.67538e-05 -0.0203389 1.05904e-05 0.000131484 0.0318984 -0.000142323 -0.000131067 -0.00229551 -0.000179308 -2.16449e-05 -2.45e-06 0.0178275 -1.71179e-06 -1.20647e-05 0.0652048 -0.000109694 -9.01011e-05 -0.00675639 -3.60454e-06 -0.000141284 -3.36248e-05 0.00253639 0.00122323 0.00243436 -0.0478637 0.000700576 -0.0125749 3.4789e-05 -0.032629 -1.61063e-06 -0.00257144 -0.0085793 2.56374e-05 0 0.000790936 0.0273908 -0.000291629 -0.0177773 -0.00202267 0.000454071 -2.52066e-05 -0.00116867 3.15664e-06 1.64188e-05 -0.000138463 -0.000150157 -6.03409e-09 0.0759171 0.00667663 1.73528e-05 1.60663e-06 0.000117363 0.0241755 -0.0733713 -0.000414425 0.00114335 -3.33904e-06 -0.00166679 -0.0437982 -0.0173323 0.000701311 1.53648e-05 -2.01136e-08 -7.904e-05 -0.000105088 6.0435e-07 -1.75083e-05 -0.00062184 -5.17933e-05 -5.51496e-05 0.00134208 -0.0353924 -0.00026523 -1.28067e-08 -0.0382137 0.00592036 4.40791e-05 0.0463025 0.000221275 0.00174412 1.14849e-05 
-1.21185e-07 4.23013e-11 2.30895e-10 -1.33752e-06 3.44428e-05 -3.65135e-05 7.40723e-07 -2.68867e-06 -6.98937e-06 1.74044e-07 -1.72842e-07 -3.50669e-07 -1.38105e-05 -1.34902e-06 -3.26711e-05 2.3556e-05 -3.14645e-05 -1.09343e-06 -8.67538e-05 0.000264313 4.35796e-05 -8.42023e-07 1.71895e-05 -3.96087e-05 -5.04012e-07 -3.79268e-06 8.69066e-06 -3.02882e-06 2.03064e-07 5.84199e-09 -5.29707e-05 -1.10395e-06 -3.68731e-06 -2.49316e-05 -2.54703e-05 2.23017e-09 1.24689e-05 -3.64512e-08 -1.94256e-05 8.32006e-08 7.07696e-05 6.99139e-07 -2.28702e-06 -3.43082e-05 -4.07945e-05 -1.61009e-05 -3.44871e-06 6.39013e-05 3.96663e-09 7.68948e-06 1.86562e-05 2.74192e-08 0 -6.06016e-06 -4.93521e-05 -2.412e-06 8.8889e-05 -4.17615e-05 -3.04076e-05 6.03332e-08 2.47633e-06 1.05595e-08 5.15812e-09 2.00364e-07 -1.71168e-06 1.32192e-11 -5.48501e-05 3.16234e-08 1.07578e-08 6.35401e-10 -1.18535e-07 -6.38603e-06 9.60393e-06 -1.53051e-06 -1.62165e-05 -2.50602e-08 3.40917e-06 -2.64713e-05 -7.47096e-05 -1.25507e-07 1.11623e-08 4.40639e-11 1.20422e-06 -4.08569e-06 7.05198e-09 2.19363e-07 3.34772e-06 -5.48459e-06 -3.98007e-07 -3.75574e-07 7.37013e-05 6.08086e-07 3.12854e-10 4.39747e-05 -7.27475e-07 -5.92116e-07 2.02391e-05 6.51502e-07 -2.36829e-06 -2.0321e-06 
1.23574e-05 -8.28835e-08 1.94261e-07 -1.4402e-05 -0.181956 -0.00335142 -0.00138564 -0.000159738 0.102451 0.000288346 -0.000131652 7.96677e-06 0.00352334 0.00030791 0.00891543 -0.00544866 0.0520785 3.82186e-06 -0.0203389 4.35796e-05 0.249675 2.55147e-07 -7.2682e-05 -0.14223 -0.000276886 -0.000341291 0.00245958 -0.00135651 -0.000335905 -7.93655e-06 -0.103481 2.73393e-06 -1.49274e-05 -0.0858003 0.000424723 0.00146609 -0.0109942 -8.16021e-06 0.000799338 -2.12097e-05 0.0731155 0.000378175 0.00639329 -0.111768 -0.000251191 -0.00912967 -1.95447e-05 0.132964 -8.55384e-07 0.00118083 -0.00449171 -3.47774e-05 0 0.0005906 0.00172052 -0.0011449 0.106428 -0.00613507 0.00689286 8.40391e-05 -0.00100894 -1.45164e-05 -4.01327e-06 0.000608002 -0.00064269 -1.92344e-08 -0.0706342 -0.0113819 -1.92883e-05 -1.19498e-06 5.38147e-05 -0.1831 0.0172165 3.62048e-05 -0.00136644 3.33561e-05 0.00479633 -0.0321449 -0.0638553 0.00069766 1.27225e-05 -2.30036e-08 0.00253428 0.000353202 6.92597e-06 1.85422e-05 -0.000863674 -0.000194193 -4.68059e-05 0.014209 0.141938 0.00109284 -9.6589e-09 0.134189 -0.0035082 -2.98962e-05 -0.00914729 -0.00100717 -0.000303254 -2.71093e-05 
-5.8562e-10 -2.81013e-12 -1.53386e-11 8.7714e-06 -6.76241e-06 -1.33516e-07 -2.25405e-08 2.31544e-07 -3.11553e-06 -1.15619e-08 -5.34716e-09 -8.41284e-10 -2.27163e-07 3.27815e-07 1.18056e-05 -1.32862e-05 -8.12564e-06 -4.36742e-10 1.05904e-05 -8.42023e-07 2.55147e-07 1.7563e-05 2.79325e-08 2.85986e-06 -4.13638e-08 3.23006e-08 -1.06955e-06 9.2989e-06 -1.34898e-08 -3.88091e-10 -7.5664e-06 -6.23147e-10 -1.94988e-09 -2.04433e-06 -1.65876e-08 -6.68009e-08 -1.05326e-06 -9.00062e-10 -5.87503e-08 -5.52712e-09 -5.11405e-06 -1.9053e-07 7.44673e-06 -5.96515e-06 3.05552e-06 -1.74003e-07 -7.5013e-10 -3.09498e-06 -2.63509e-10 -1.13841e-05 6.41521e-06 -1.82149e-09 0 6.65612e-06 1.12463e-05 -4.45975e-08 -4.22702e-06 -2.39726e-07 -3.42281e-07 -4.00801e-09 -1.82442e-07 -7.0148e-10 6.72991e-07 -3.23541e-08 -2.64611e-08 -8.78167e-13 -5.01983e-06 -3.45644e-08 -7.14652e-10 -4.22105e-11 -3.64029e-09 -6.50008e-06 -9.41856e-06 -8.05696e-08 -5.7139e-08 -1.87822e-09 -1.97269e-08 -2.34879e-06 -1.00966e-06 -3.61714e-08 1.19258e-07 -2.92722e-12 -1.39487e-08 -1.60085e-08 -4.68473e-10 -1.45726e-08 -1.2874e-05 -7.66675e-09 3.10369e-07 4.49739e-06 -3.50025e-06 6.27071e-09 -2.07833e-11 -3.73191e-06 1.15797e-05 -2.73812e-09 -5.04976e-06 -4.32802e-08 1.15167e-05 -1.63169e-09 
-1.73638e-07 2.54462e-10 1.38894e-09 -3.44649e-07 1.68985e-05 6.69672e-06 3.81245e-06 -5.07361e-06 -8.84362e-05 -4.2043e-05 -6.76581e-06 -9.38205e-08 -0.000254893 -7.30409e-06 2.34496e-05 0.000128174 -4.91891e-05 -7.17119e-07 0.000131484 1.71895e-05 -7.2682e-05 2.79325e-08 0.00158786 -0.000116765 -6.28445e-06 5.15238e-07 3.66282e-05 -1.79917e-06 -1.15985e-05 -7.34858e-07 -0.000364917 -1.06769e-05 -6.95677e-06 0.000351165 -2.46446e-05 3.74559e-06 8.14813e-05 1.1502e-08 -1.00634e-05 -5.32844e-07 0.000244345 -0.000231923 1.18248e-06 -0.000212908 -2.74531e-05 -0.000253722 6.79254e-08 -0.000199811 -2.72281e-06 1.49928e-05 1.81983e-05 -8.55061e-07 0 -2.16386e-06 3.44138e-05 -0.000215735 0.000258622 1.96773e-05 -1.13459e-05 -1.26374e-06 -0.00035089 -9.53147e-07 -1.55638e-07 2.68971e-06 -2.37772e-05 7.95193e-11 0.000263964 3.92033e-06 -2.80529e-06 3.82223e-09 2.52967e-07 1.56529e-05 -5.78236e-05 5.88903e-06 4.90069e-06 1.70076e-07 1.15765e-05 6.05166e-06 -0.000349501 1.23871e-06 -2.96187e-07 2.65064e-10 -2.15095e-05 -1.15637e-05 4.24209e-08 1.2529e-06 1.25238e-05 -7.44243e-06 -1.46642e-05 -0.000242835 6.89418e-05 1.17458e-06 1.88196e-09 -0.000385944 8.77988e-06 -3.81873e-06 0.000329197 3.66242e-06 -1.14221e-06 -4.81225e-06 
-1.62671e-06 4.81293e-08 -3.77294e-07 1.10628e-05 0.123788 0.00171142 0.000739965 0.000271954 -0.102733 -0.000333685 7.99578e-05 -9.49461e-06 0.0022309 -0.00026747 0.00211022 0.00276559 -0.0566728 2.63343e-06 0.0318984 -3.96087e-05 -0.14223 2.85986e-06 -0.000116765 0.210323 0.00014811 0.000256341 -0.00165315 0.00144575 0.000170734 5.2702e-06 0.131571 6.65601e-06 1.92908e-06 0.0799828 -0.000308429 -0.00208888 0.00148924 -4.20124e-06 -0.00166795 -4.93333e-05 -0.111669 0.00192316 0.000333776 0.0983461 0.000145005 0.0171061 7.34419e-06 -0.138931 -2.77354e-06 -0.00104859 0.0010814 2.05002e-05 0 0.000312306 0.00701316 0.000684144 -0.139169 0.00481648 -0.00511604 -8.68445e-05 0.00191236 8.36095e-06 5.86877e-06 -0.000869126 0.000383651 -3.49596e-08 0.077759 0.00678413 1.20566e-05 6.79609e-07 -8.65958e-05 0.132286 -0.0377007 -0.000131596 0.000781974 -3.97489e-06 -0.00712267 0.0287563 0.0424537 -4.56935e-05 2.4568e-06 5.01347e-08 -0.00331446 0.000189111 6.22689e-06 -0.000163948 0.000304518 0.000123372 0.000231736 -1.81855e-05 -0.180011 -0.00156241 3.45957e-07 -0.11245 0.00278454 3.35727e-05 0.0290408 0.000238259 0.000756594 2.21161e-05 
1.48139e-07 -3.76819e-10 -2.0568e-09 4.33666e-07 0.000869348 -1.48735e-05 1.7045e-05 4.39821e-06 -0.000574838 -1.44371e-06 -2.57016e-07 -2.28102e-08 2.80857e-05 1.07878e-05 2.89795e-05 4.66372e-05 -0.0016522 -5.8564e-08 -0.000142323 -5.04012e-07 -0.000276886 -4.13638e-08 -6.28445e-06 0.00014811 0.00234957 8.01745e-07 -8.38523e-05 -3.73903e-06 -1.30222e-06 -5.20403e-08 -0.000310935 -8.35597e-08 -1.24799e-07 -0.00023084 -1.79429e-06 2.42191e-05 -0.000117532 -1.20692e-07 -2.77134e-06 -7.24482e-07 0.00126724 -1.66739e-05 0.000139831 -0.00114639 -2.76632e-06 -0.000204463 -1.00587e-07 -0.000534226 7.31332e-07 -0.000156759 0.00177529 -4.2495e-09 0 0.000139987 -8.31524e-05 -5.11354e-06 0.000700247 -3.99778e-05 -4.01542e-05 2.58589e-06 0.000189382 1.71759e-05 7.73849e-08 1.10882e-05 9.92842e-06 -1.17756e-10 0.00121449 -3.12705e-05 1.00837e-07 -5.66014e-09 1.2152e-06 -0.000597072 -0.00118473 9.72285e-06 5.88806e-06 -3.85232e-08 -2.02033e-05 -0.000745384 -0.000299405 -3.60366e-06 1.20723e-06 -3.9252e-10 -1.20279e-05 -2.11662e-06 -6.28189e-08 4.15925e-06 -0.000124181 -1.02806e-06 -9.1203e-07 0.000265264 -0.000653011 -5.30015e-06 3.2388e-07 -0.000502146 0.000418897 -3.67163e-07 5.35615e-05 -5.3869e-06 8.44258e-05 2.54535e-07 
-1.52428e-08 -3.13071e-10 5.16245e-08 4.03426e-06 -1.19471e-05 -1.28881e-05 3.27913e-05 2.47258e-05 -0.000141057 -1.08476e-06 1.09504e-08 -9.03924e-08 -1.22779e-06 1.01857e-05 -1.43618e-05 -4.29565e-05 -4.19639e-05 1.7801e-07 -0.000131067 -3.79268e-06 -0.000341291 3.23006e-08 5.15238e-07 0.000256341 8.01745e-07 0.00195287 -0.000125485 1.14353e-05 -7.1954e-07 -4.32365e-08 -0.00011765 -6.27569e-08 8.76101e-07 0.000357928 3.012e-06 -7.17883e-06 -2.34433e-05 4.97258e-08 1.15147e-05 2.89509e-05 -0.000103345 -2.23647e-05 -2.78833e-05 0.000261248 1.31602e-05 -2.89782e-05 7.30962e-08 -0.000367705 -2.9357e-08 -1.9108e-06 0.000229788 1.10404e-07 0 3.9834e-06 3.20663e-05 -4.56518e-06 4.00881e-05 1.72114e-05 4.69438e-05 -3.89858e-07 -1.18589e-05 -7.81505e-08 -2.81752e-08 -2.84451e-06 -1.21312e-07 -9.78348e-11 -0.00046581 -3.13623e-05 -7.9618e-08 7.86307e-08 -1.32225e-07 -0.000157875 0.000161481 1.87106e-05 1.42476e-05 2.07509e-08 -1.33683e-05 -0.000461378 2.22107e-05 2.08355e-06 -8.26117e-08 -3.26116e-10 -7.61664e-06 -1.38347e-06 1.01114e-06 -1.45684e-06 -2.26318e-06 1.18253e-06 2.05768e-06 -4.39361e-05 -0.00034133 -4.50043e-06 -2.31542e-09 0.000145912 -1.24084e-05 -3.05049e-07 -0.000600584 2.18816e-05 4.5233e-06 -7.17836e-08 
-1.39697e-06 1.00622e-09 -3.7841e-08 -3.79833e-05 -0.0030201 2.51412e-05 -0.00032411 1.25207e-06 0.00152727 1.74331e-06 -1.60202e-06 -3.02096e-07 6.559e-05 5.17604e-07 -5.08723e-05 -0.00014253 0.00345407 -5.69498e-08 -0.00229551 8.69066e-06 0.00245958 -1.06955e-06 3.66282e-05 -0.00165315 -8.38523e-05 -0.000125485 0.00624933 2.76402e-05 -0.00051217 4.563e-08 -0.00144475 5.64629e-08 -4.51415e-08 -0.00417915 -1.27305e-05 1.44993e-05 0.000337159 6.22843e-08 -5.312e-05 1.58242e-06 -0.00036995 -0.000175552 7.16907e-05 0.000628462 -3.38813e-05 0.000581188 -1.9514e-06 0.00166611 -3.21231e-06 0.000202504 -6.26115e-05 6.5222e-07 0 -5.68181e-06 -8.01065e-05 -9.6077e-06 0.000365827 4.68726e-05 -0.000247996 1.17848e-06 -2.1233e-05 -2.27122e-05 -4.1473e-06 1.08217e-05 -3.60318e-05 3.14444e-10 -0.00371971 -0.00218595 -1.73574e-05 -1.90155e-06 -1.65832e-05 -0.0025229 0.00260762 2.35061e-05 -0.00016295 -2.40208e-05 7.47628e-05 0.00199238 0.000309397 8.82852e-06 -4.5115e-07 1.04815e-09 3.29635e-05 3.4088e-06 -2.25559e-06 -4.32253e-05 1.44683e-07 2.74522e-06 -7.51442e-06 0.000159154 0.00177693 1.43545e-05 -3.22558e-07 0.00181662 -0.000382227 -4.58362e-05 -0.00211507 -0.000142946 -0.000185225 -1.78457e-05 
-1.56624e-07 -7.99554e-10 -4.36423e-09 1.0749e-05 -7.0015e-05 -2.78952e-05 2.65983e-07 -3.60294e-06 -0.00128085 -3.28966e-06 4.61527e-06 -8.93664e-08 -3.78536e-05 -7.72907e-06 0.0001227 -3.31814e-05 0.000896871 -1.24264e-07 -0.000179308 -3.02882e-06 -0.00135651 9.2989e-06 -1.79917e-06 0.00144575 -3.73903e-06 1.14353e-05 2.76402e-05 0.00497224 -2.10152e-06 6.39578e-07 -2.13522e-05 -1.77301e-07 4.3521e-07 -0.00134251 -4.7196e-06 -1.84632e-05 0.0016441 3.90964e-09 -5.97595e-06 7.73947e-08 -0.00154339 -5.22144e-05 -3.19692e-05 0.00196761 1.80785e-05 0.000736588 -1.16764e-07 -0.00093618 -7.49748e-08 -2.25192e-05 -0.000232636 4.37817e-05 0 7.65351e-05 0.000531725 -6.48577e-06 -0.00182054 5.54404e-05 -9.10376e-05 -1.07047e-07 8.01605e-05 -1.99589e-07 7.45838e-07 4.9444e-07 1.76782e-06 -2.49861e-10 -0.00158371 -0.000156241 3.96664e-07 -1.201e-08 -9.69088e-07 -0.000159918 0.000655843 -2.13341e-05 -5.79749e-06 -5.34402e-07 -5.67369e-05 0.00109131 -4.32569e-06 -8.635e-06 -1.09822e-08 -8.32868e-10 -2.28874e-05 -5.1814e-07 -9.32922e-08 -2.84627e-06 -0.000241135 3.40195e-06 7.24632e-06 0.000165536 -0.0014872 -1.02637e-05 -5.91337e-09 -0.000643875 3.44282e-05 -7.79065e-07 -0.00124483 0.000106036 7.101e-05 -3.30924e-07 
2.9439e-07 -1.22891e-10 -6.70778e-10 2.46198e-06 0.000401378 -5.82548e-06 9.21441e-07 -7.76207e-07 -0.000173681 -5.05618e-07 -2.33838e-07 -3.67904e-08 -9.93413e-06 -1.26173e-06 -2.31267e-05 1.94405e-05 -0.000219445 8.75674e-08 -2.16449e-05 2.03064e-07 -0.000335905 -1.34898e-08 -1.15985e-05 0.000170734 -1.30222e-06 -7.1954e-07 -0.00051217 -2.10152e-06 0.000767477 -1.69717e-08 0.000253712 -2.7251e-08 -8.52708e-08 0.000439552 -7.25398e-07 -2.77129e-06 -4.33966e-05 -3.93609e-08 8.94107e-07 -2.41708e-07 -0.000122684 6.43499e-05 -9.28963e-06 -0.000334333 1.47466e-06 -7.78752e-05 -3.28041e-08 -0.000212828 -1.15236e-08 -2.52893e-05 1.43532e-05 5.03677e-07 0 -1.33589e-06 -3.03605e-05 -1.87697e-06 -0.000261778 -1.31074e-05 2.80495e-06 -1.75275e-07 2.55823e-06 -3.06766e-08 2.55015e-07 -3.94886e-07 -1.15718e-06 -3.84033e-11 0.000479698 0.000606003 1.45208e-06 1.08154e-07 4.87081e-06 0.00028947 -0.000539851 -3.46341e-06 -1.91876e-06 6.74453e-06 -1.08742e-05 -0.000281133 -0.00010407 -2.4182e-07 1.09056e-08 -1.28011e-10 -4.1085e-06 -7.0007e-07 -2.04869e-08 3.36056e-07 1.06399e-06 -3.35276e-07 1.12063e-06 -1.67231e-05 -0.000231578 -1.6199e-06 -9.08879e-10 -0.00023878 -4.83394e-06 6.74359e-06 0.000357191 -1.76936e-06 -4.71897e-07 4.36864e-06 
-7.36777e-10 -3.53547e-12 -1.92978e-11 -2.4363e-09 2.0567e-06 -1.44645e-07 1.02143e-06 -2.74134e-08 -5.20922e-06 -1.45462e-08 -6.72733e-09 -1.05843e-09 -2.85797e-07 1.17034e-07 -5.45016e-07 -1.30577e-06 3.38987e-06 -5.4947e-10 -2.45e-06 5.84199e-09 -7.93655e-06 -3.88091e-10 -7.34858e-07 5.2702e-06 -5.20403e-08 -4.32365e-08 4.563e-08 6.39578e-07 -1.69717e-08 2.20962e-05 -4.59529e-06 4.85883e-07 -2.45317e-09 -6.10031e-06 -2.08691e-08 -8.40431e-08 4.37478e-06 -1.13238e-09 2.92752e-07 -6.95375e-09 -6.08268e-06 8.35129e-07 -3.31219e-07 7.1564e-06 -3.91839e-08 5.24821e-06 -9.43749e-10 -4.64091e-06 -3.31524e-10 -6.91016e-07 -1.4659e-06 -2.29165e-09 0 -3.84325e-08 7.61097e-07 1.08722e-06 -5.29625e-06 5.03291e-06 -7.72952e-08 -5.04253e-09 8.27133e-07 -8.82541e-10 -4.31106e-10 1.22628e-07 1.60042e-07 -1.10483e-12 -6.39568e-06 -7.06092e-07 -8.99113e-10 -5.31057e-11 -4.5799e-09 2.56563e-06 2.37603e-06 2.51968e-07 -7.18874e-08 -2.36302e-09 -3.14185e-07 6.31055e-06 1.31224e-06 -4.55077e-08 -9.32921e-10 -3.68278e-12 -1.18198e-07 -2.01404e-08 -5.89392e-10 -1.8334e-08 -3.83831e-07 2.03688e-07 9.28294e-08 -5.45134e-07 -5.21703e-06 -5.08227e-08 -2.61477e-11 -5.13311e-06 1.7752e-07 -3.44487e-09 -7.20724e-06 5.8882e-08 1.28019e-07 -2.05285e-09 
-4.35086e-06 5.54512e-08 -3.87329e-07 1.3625e-05 0.0813647 0.0022012 -0.000224727 -1.50536e-05 -0.0711744 -0.000175086 6.48933e-05 -1.00726e-05 0.00291039 -0.000229092 -0.00169526 0.0040071 -0.0456457 -2.85862e-06 0.0178275 -5.29707e-05 -0.103481 -7.5664e-06 -0.000364917 0.131571 -0.000310935 -0.00011765 -0.00144475 -2.13522e-05 0.000253712 -4.59529e-06 0.226459 3.76313e-07 4.90623e-06 0.0618598 -9.60362e-05 -0.00160475 -0.0294223 -3.07561e-05 0.000140114 -6.62088e-05 -0.0804735 0.00387346 0.00281247 0.073153 -0.000136713 0.0188554 -1.9058e-05 -0.118959 -3.31362e-06 -0.00162506 -0.00564774 -6.22539e-05 0 -0.00025703 -0.00269787 0.000766617 -0.166478 0.00388662 0.00386707 -8.16615e-05 -0.0010302 8.87535e-06 -8.35081e-07 -0.000524569 0.000390833 -3.26715e-08 0.0767774 0.0102983 1.32986e-05 7.89591e-07 -6.16042e-05 0.101724 -0.0382361 0.00117513 -0.00124521 6.24889e-06 -0.00784144 0.00234316 0.0416615 -2.4891e-05 -2.20911e-05 -5.57162e-09 -0.00287521 0.000277588 9.03085e-06 -0.000236032 0.00123981 9.88849e-05 0.000189836 -0.00936467 -0.141357 -0.00147224 2.01082e-08 -0.0939856 0.00137191 4.4857e-05 0.0572777 -0.000676773 0.000768586 2.77242e-05 
-1.18302e-09 -5.6768e-12 -3.09859e-11 -3.91191e-09 1.23774e-05 -2.69717e-07 2.73929e-07 1.21598e-06 -9.29024e-06 -2.33565e-08 -1.08019e-08 -1.69949e-09 7.27771e-07 -5.82841e-08 -1.08001e-06 -3.58333e-06 -1.67421e-05 -8.82269e-10 -1.71179e-06 -1.10395e-06 2.73393e-06 -6.23147e-10 -1.06769e-05 6.65601e-06 -8.35597e-08 -6.27569e-08 5.64629e-08 -1.77301e-07 -2.7251e-08 4.85883e-07 3.76313e-07 3.54787e-05 1.10939e-06 9.87002e-07 -3.3509e-08 -1.34946e-07 -9.24636e-07 -1.81823e-09 -1.12016e-07 -1.11654e-08 -9.6833e-06 7.84804e-06 -5.31829e-07 1.05725e-05 -6.29164e-08 -3.76551e-06 -1.51535e-09 -9.19504e-06 -5.32318e-10 -2.68632e-06 -2.45323e-06 -3.67963e-09 0 -6.171e-08 -1.47546e-06 3.76324e-06 -7.34415e-06 -5.95482e-07 9.18851e-08 4.2857e-07 1.58811e-06 -1.41707e-09 -6.92215e-10 -6.53591e-08 9.53212e-07 -1.774e-12 -8.99171e-06 1.34958e-06 -1.44368e-09 -8.52703e-11 -7.35382e-09 1.76089e-05 -1.01545e-05 -1.6276e-07 -1.15428e-07 -3.79423e-09 -5.04478e-07 8.41987e-06 2.32939e-06 -7.30705e-08 -1.49797e-09 -5.91333e-12 -1.89787e-07 -3.2339e-08 -9.4637e-10 -1.27717e-08 5.9484e-08 -1.54877e-08 2.30411e-07 -1.04273e-06 -1.02781e-05 -8.16046e-08 -4.19847e-11 -9.71718e-06 -2.83802e-07 -5.53133e-09 3.46194e-06 2.0259e-06 1.46583e-06 1.0567e-06 
