0.249689 -0.00863878 -0.0469097 -0.0455735 -0.000131917 0.000768167 -0.0011056 -1.09737e-05 -0.0499331 -0.00756449 -0.00613743 -0.000215492 0.00864406 -0.00187366 -0.000111953 -6.36735e-05 -0.00556617 -0.000769883 -0.00277917 -3.82731e-05 0.00591084 -0.00303858 -7.60393e-06 -7.01758e-05 -0.000648138 -0.000449714 -5.81468e-05 -0.0432641 -0.000311196 -1.1255e-08 8.12608e-05 -0.0735246 -0.00722843 -0.000162472 -0.0784535 0.080873 0.000315123 0.00577353 -0.000326712 -0.0724191 0.000152932 -0.000968524 -0.0335876 -0.000204772 -0.000760531 0.0975072 4.30663e-05 0.00144035 -0.0332559 -0.000116291 -0.00521814 0.00110058 -8.92275e-06 2.96726e-05 -0.00905704 -0.0233759 -0.0016496 -2.41316e-05 -2.04864e-05 -0.0022463 -5.74135e-05 -0.0368441 8.40559e-07 -0.0255391 -1.20131e-05 -0.0563944 0.127043 -0.0364108 -9.30522e-06 -9.43913e-06 0.000599713 -0.0903114 -4.47799e-05 0.0721111 0.00078695 -0.000343154 -0.00178717 4.20415e-05 0.0478037 0.0546799 -0.0120836 4.42394e-07 -0.00145413 -0.0131941 -5.45413e-05 -4.91889e-05 -0.00121556 0.076812 0.000670065 0.0580353 -0.0158652 -8.65505e-07 -0.0042892 -0.000225789 -0.00190607 -0.00173077 -0.0836049 0.0612917 -0.000879558 -9.01038e-06 
-0.00863878 0.0179078 -0.00166744 -0.00189486 6.5597e-06 -8.00412e-05 0.000114885 2.38169e-06 -0.00203684 -0.000468407 0.000792269 -6.76259e-05 0.00266795 -6.50557e-05 -4.23448e-06 -2.83464e-06 0.00058114 -2.79529e-05 -0.000102732 6.25112e-07 0.00014667 -0.000113661 -6.59396e-07 2.30572e-05 -3.11833e-05 -1.68875e-05 -2.4141e-06 0.0037257 2.55752e-05 -4.25613e-10 -4.73802e-06 -0.00209113 -0.000275472 6.947e-06 -0.00281622 0.00252776 -5.78066e-05 -0.00034372 -1.2248e-05 -0.00231469 2.42665e-05 -4.1056e-05 -0.00237226 -6.0493e-06 -2.79709e-07 -0.0108528 -2.36655e-06 -6.40839e-05 -0.000559005 1.24729e-05 -0.000183541 0.000275088 6.01659e-07 -1.13961e-06 -0.000103803 -0.000157241 -0.000138205 -4.09113e-08 -6.35903e-07 -8.12914e-05 1.21087e-05 0.0143474 3.38563e-06 0.0140389 5.08484e-06 -0.00330575 -0.0108513 -0.00285309 -3.75451e-07 -1.34506e-06 -0.000177426 0.0121676 -1.67277e-06 0.00256844 -0.00120648 -8.56251e-06 0.000695943 -4.67003e-06 -0.00941254 0.00881101 -0.000456652 -1.19658e-07 -5.12031e-05 -0.00495592 -1.92897e-06 -1.78917e-06 -5.83793e-05 -0.00567797 2.85975e-05 0.00038613 -0.00361724 8.58937e-07 -5.80623e-06 2.60251e-05 -0.00024872 -2.08263e-07 -0.00296741 0.00178081 -0.000147509 1.45564e-06 
-0.0469097 -0.00166744 0.0913115 0.0289227 9.12769e-05 -0.00159534 0.000767962 5.33763e-06 0.0532471 -0.00449453 0.00264586 -0.000378257 -0.0366068 0.00179832 -4.77349e-06 7.14844e-05 0.000632595 0.00126603 -5.87087e-05 3.88657e-05 -0.00889949 0.00295444 -3.10535e-08 -8.67237e-06 -0.000142645 -1.12436e-05 8.22724e-06 0.0180951 0.00035909 2.09617e-08 -2.59897e-05 0.0718631 0.00528694 -1.28622e-05 0.0758322 -0.0811151 -0.000289732 -0.0010424 4.61688e-05 0.0712369 -5.4248e-05 0.00147346 -0.00391281 5.94595e-05 0.000535878 -0.0732029 -1.30759e-05 -0.000398509 0.0443007 0.000233063 0.00740056 -0.000610702 8.92692e-07 -7.40908e-06 0.00286428 -0.00497825 -0.000425844 -3.86684e-05 1.35782e-06 0.00289941 -5.77119e-06 0.00117036 -2.62476e-06 -0.00534575 9.59701e-06 0.0389566 -0.0655355 0.0521046 1.65452e-06 -4.41514e-06 5.38763e-05 -0.026742 4.37863e-05 -0.0762072 -0.00653258 0.000171272 0.000511232 -2.22585e-05 0.0383235 -0.0430035 -0.00263391 9.06557e-07 -0.00043669 -0.0302462 3.75695e-05 -1.56568e-06 -0.000174791 -0.0277954 -0.000360088 -0.0738046 0.0145095 3.00701e-07 -0.00038781 -5.78968e-05 0.000414394 -0.000434802 0.0538147 -0.0615307 0.00179552 2.71087e-06 
-0.0455735 -0.00189486 0.0289227 0.0962066 7.61543e-05 0.0004794 0.000411461 5.54675e-06 0.0529824 -0.00469195 0.00740663 -0.000403733 -0.0560498 0.0013105 0.000117708 7.26121e-05 0.00821223 0.000811195 8.72196e-05 -2.87124e-07 -0.00627455 0.000663618 1.32084e-05 -1.14905e-06 0.000220896 -0.00010333 7.05204e-05 0.0205559 0.000313213 2.08172e-08 -2.75327e-05 0.0500153 0.00789066 -3.5603e-05 0.0611073 -0.0647011 -0.000322832 -0.00106355 2.66185e-05 0.0514896 -4.73943e-07 0.00159109 0.0217685 1.59682e-05 5.64918e-05 -0.0757158 -1.40283e-05 -0.000412326 -0.00117928 1.15105e-05 -0.00040188 -0.000393705 2.39086e-06 -6.62045e-06 0.0109284 -0.00515096 -0.000477664 -5.08022e-05 7.46662e-06 -0.000365898 3.91506e-05 -0.000221865 1.50867e-06 -0.000956027 -2.40084e-06 0.0798631 -0.0615989 0.0554918 -1.02627e-06 -7.51175e-06 -0.00118054 -0.0236817 5.15305e-05 -0.0528611 -0.00692391 0.000109986 0.0013073 -2.06447e-05 0.0273557 -0.0341602 -0.00284985 -6.30731e-07 -0.00042419 -0.0314923 1.50304e-05 7.90965e-05 -0.000254156 -0.0292646 -0.000660218 -0.0646746 -0.0213347 -2.08835e-07 3.69541e-05 -1.41799e-05 0.00376406 0.000447105 0.0542641 -0.0503307 0.00155495 -2.9365e-06 
-0.000131917 6.5597e-06 9.12769e-05 7.61543e-05 0.0003104 -1.32803e-05 2.18249e-05 -7.0638e-09 -2.26758e-05 -1.37733e-05 1.52886e-05 -1.19234e-06 -0.00010005 -6.86697e-07 9.98515e-07 7.46508e-06 -1.55066e-06 9.81423e-07 0.000156857 1.50418e-05 -3.66545e-05 6.19857e-06 4.52109e-07 -6.83631e-08 5.48834e-06 2.67471e-07 8.03387e-06 -8.05155e-06 -2.04292e-07 -7.24492e-12 -8.40566e-08 -3.52493e-05 0.000130741 -1.10356e-07 4.96157e-05 -0.00022779 1.19058e-06 -3.88045e-06 8.03771e-06 -3.0618e-05 3.21489e-07 1.33428e-06 -4.04822e-05 2.04467e-06 3.85837e-06 -0.000226766 -4.07382e-08 7.40533e-06 3.55934e-05 4.38524e-05 9.90217e-05 -1.17376e-06 -6.61047e-09 -2.26331e-08 0.000148055 1.33222e-05 -8.34259e-07 -1.57642e-07 -1.32644e-08 -3.94526e-07 5.52983e-07 0.000126797 -8.01806e-09 0.000117314 9.68919e-07 7.53675e-05 -0.000192708 8.04675e-05 2.96942e-07 -2.2896e-08 0.00011948 -4.49872e-05 9.58212e-10 -5.94482e-05 -2.03664e-05 2.67931e-05 0.000134575 2.81952e-07 -0.000115071 -0.000129297 9.51181e-07 -2.03686e-09 -1.09845e-06 -8.3911e-05 2.06444e-06 6.15157e-08 9.78272e-06 -9.1532e-05 -9.08963e-05 -0.000212947 2.99328e-05 -8.12466e-10 -1.65467e-06 -1.82677e-07 0.000112857 -1.05351e-06 -5.11445e-05 -0.000133207 2.0917e-05 1.29769e-07 
0.000768167 -8.00412e-05 -0.00159534 0.0004794 -1.32803e-05 0.00516814 -0.000737216 -7.61848e-06 -0.00088084 0.000103311 0.000985806 -1.72001e-05 0.000239803 -0.000408997 1.19428e-06 -3.84599e-06 -0.000845751 3.84203e-06 -8.91239e-05 -1.94104e-05 -2.28264e-05 -0.000346452 -2.75553e-06 -0.00015426 8.26874e-06 -4.089e-05 -6.63062e-06 -0.00066379 -7.07185e-05 -2.32121e-08 -1.12903e-05 -0.00194164 4.7185e-05 -1.53369e-05 -0.00162101 0.00197242 -0.000163178 -0.000894321 -5.95802e-06 -0.00250041 -2.32345e-06 -3.93836e-06 0.000601701 -1.60568e-05 -9.74787e-05 0.00169287 -3.11317e-05 -0.00079153 -0.00238114 -0.00032132 -0.000854542 -0.00100313 -4.12273e-06 -5.5548e-05 8.02445e-05 0.000101106 3.95891e-05 -6.62024e-05 -1.47306e-08 -0.00024656 -6.20636e-07 -0.000135284 -5.10918e-06 5.7892e-05 -4.62036e-06 0.000816567 0.00173346 -0.000356309 -5.79734e-07 -1.08358e-06 -0.00176998 0.00117274 -3.16741e-05 0.00206602 0.000229986 -5.3683e-05 -0.000114114 -1.92292e-05 -0.000718593 2.41893e-05 0.000136629 -9.8592e-07 2.22887e-05 0.00152733 -3.4965e-05 1.05696e-07 -3.37132e-06 0.000256845 9.48895e-05 0.0034737 -0.00274625 1.35939e-08 6.96492e-06 -0.00014476 1.99203e-05 1.01161e-05 -0.00137281 0.00257011 3.90266e-05 -2.62215e-06 
-0.0011056 0.000114885 0.000767962 0.000411461 2.18249e-05 -0.000737216 0.00266084 5.7493e-06 0.00130679 -0.000114428 -0.000117676 -8.76526e-06 -0.000678226 7.33475e-06 -3.18191e-07 1.22487e-05 -1.16504e-05 -1.84404e-06 2.49374e-05 5.61062e-05 -0.000100178 1.56922e-05 2.42355e-06 0.000130329 -1.20958e-06 1.91166e-05 -3.37724e-07 0.000470311 1.10313e-05 -6.22522e-11 2.27774e-06 0.00187496 0.000193524 2.39351e-05 0.00145423 -0.00196756 -5.54141e-06 -4.34003e-05 2.67588e-06 0.00161402 5.04903e-07 2.91224e-06 0.000176599 3.50006e-05 0.000272036 -0.00175585 -3.50044e-07 -6.17164e-06 0.000765927 0.000249559 1.04689e-05 5.28898e-05 -5.68007e-08 2.16555e-05 3.98653e-05 -6.39377e-05 -2.03557e-05 4.58212e-06 -1.13975e-07 2.00319e-05 4.18593e-07 0.00023671 4.77771e-07 -3.33132e-05 1.44343e-06 0.000594319 -0.00173009 0.000721421 -3.49154e-08 -1.96735e-07 0.000105795 -0.000636306 1.27505e-05 -0.00202774 -0.000175176 3.88171e-05 0.000305049 1.92988e-05 0.00088016 -0.000709977 -5.81731e-05 1.73916e-06 -1.1472e-05 -0.000790394 8.52112e-06 1.16661e-06 -4.91117e-06 -0.000843183 -0.000103002 -0.00173878 0.000183919 1.63522e-08 -1.01094e-05 6.06337e-05 -1.20128e-05 -6.3055e-07 0.00117937 -0.00164257 5.54963e-05 4.64542e-06 
-1.09737e-05 2.38169e-06 5.33763e-06 5.54675e-06 -7.0638e-09 -7.61848e-06 5.7493e-06 2.27495e-05 4.3979e-06 -1.00917e-06 -7.39165e-06 -8.73627e-08 -1.33618e-05 4.01586e-07 -5.72618e-09 1.63131e-07 1.43849e-05 1.1468e-06 2.83409e-07 1.62151e-06 -8.03676e-06 1.5498e-07 -8.22413e-10 8.61499e-06 1.90068e-07 2.00679e-07 -3.13563e-09 2.45762e-06 -1.49684e-08 -5.30833e-13 9.05079e-08 1.26407e-06 6.50881e-06 5.2476e-09 6.24997e-06 -1.47367e-05 -7.49371e-08 1.12842e-06 -1.55545e-08 1.03754e-06 2.55944e-07 4.73658e-06 -2.31802e-06 4.03886e-06 7.88272e-06 -1.73077e-05 -2.98488e-09 -8.99753e-08 -1.42604e-06 2.98144e-06 -2.61452e-07 1.68816e-06 -4.84348e-10 -1.65832e-09 1.46132e-05 7.69388e-08 -1.85684e-07 -1.15504e-08 -9.7188e-10 9.70094e-07 1.77288e-07 1.22856e-05 -5.87481e-10 1.1894e-06 -5.67688e-10 7.95486e-06 -1.50209e-05 4.80347e-06 -4.68271e-10 -1.67759e-09 7.97473e-07 1.56558e-06 4.11205e-07 -7.41976e-06 -1.55689e-06 1.68638e-06 1.53771e-06 -6.20703e-09 -2.71526e-06 2.53274e-06 -6.293e-07 -1.4924e-10 -9.78234e-08 -6.80219e-06 4.20728e-07 -2.33127e-09 4.93352e-07 -7.24233e-06 -3.4535e-06 -1.73983e-05 -4.9662e-06 -5.95292e-11 1.52702e-06 1.36615e-07 1.12621e-06 -1.7475e-08 5.83059e-07 -1.69334e-05 6.70901e-07 -7.49613e-10 
-0.0499331 -0.00203684 0.0532471 0.0529824 -2.26758e-05 -0.00088084 0.00130679 4.3979e-06 0.103995 -0.0052287 0.00799628 -0.000450522 -0.069525 0.00262468 0.000128543 0.000108222 0.00143778 0.00130334 0.00186933 1.93735e-05 -0.0105544 0.002003 1.78812e-06 -2.00139e-05 0.00016186 -8.95504e-05 -1.78271e-06 0.0219183 0.000442311 2.05825e-08 -3.1786e-05 0.0802818 0.0107634 1.4925e-05 0.0881968 -0.0912902 -0.000153897 -0.00170017 0.000420637 0.0800296 1.47073e-06 0.00187758 0.0101659 2.91572e-05 -5.27722e-05 -0.0871656 -1.19881e-05 -0.000436714 0.0292226 0.000261357 -0.000865636 -0.000694051 -1.01997e-06 -6.45705e-06 0.00937406 -0.00576203 -0.000959402 -1.13095e-05 2.05002e-05 0.000663449 3.5688e-05 -0.0113427 -3.04443e-06 -0.00622157 6.71476e-07 0.0720489 -0.073939 0.0940667 1.72733e-05 -4.8602e-06 -0.00131595 -0.0310776 4.48596e-05 -0.0884467 -0.00773718 0.000114084 -0.000308403 -1.03226e-05 0.0395342 -0.0463312 -0.00194961 1.22328e-06 -0.000505254 -0.0352355 1.78617e-05 8.79323e-05 0.000782876 -0.036589 -0.000977307 -0.0890288 -0.00271415 -2.61824e-07 -8.49e-05 -2.08749e-05 0.0066286 0.000288883 0.0716562 -0.0928126 0.0063455 -2.33129e-06 
-0.00756449 -0.000468407 -0.00449453 -0.00469195 -1.37733e-05 0.000103311 -0.000114428 -1.00917e-06 -0.0052287 0.0423913 -0.0228819 0.000562569 0.00682038 -0.000172348 -9.19184e-06 -6.89354e-06 -0.000679892 -7.09124e-05 -0.000249398 -2.52101e-06 0.000499102 -0.000279307 3.59309e-06 -9.68334e-06 -7.61844e-05 0.000102073 -5.92067e-06 -0.0269374 -2.83162e-05 -1.03504e-09 -1.19987e-05 -0.00681168 -0.000687022 -6.65941e-07 -0.00745625 0.00775318 0.000927481 -0.000980002 -3.03289e-05 -0.00637915 3.15155e-05 -8.79229e-05 -0.00533804 -1.08351e-05 -7.6665e-05 0.00825901 -4.09005e-06 -3.0514e-06 -0.00308726 -3.63987e-05 -0.000490817 -0.000207375 -9.44404e-07 -3.19348e-06 -0.000864521 -0.00208864 -0.000352966 9.65785e-05 -1.87502e-06 -0.000187534 -4.58182e-06 -0.00312445 2.5245e-06 -0.00218417 -1.10691e-06 -0.00885491 0.0143152 -0.00710941 -9.13057e-07 1.8399e-05 -0.000690773 -0.0064776 -4.09238e-06 -0.000379215 0.0194242 2.16151e-05 -0.00014948 -1.05494e-05 -0.0236684 0.022574 0.0014459 -5.09953e-08 -7.83041e-05 -0.0094987 -5.08014e-06 -4.52895e-06 -0.000127036 0.0191672 -1.07168e-05 0.00891034 0.0217744 -9.60728e-08 0.00025811 0.000156825 -0.000642491 -0.000148517 -0.00783488 0.00495345 -0.000374646 -1.1883e-06 
-0.00613743 0.000792269 0.00264586 0.00740663 1.52886e-05 0.000985806 -0.000117676 -7.39165e-06 0.00799628 -0.0228819 0.0816903 -0.000513821 -0.0110653 -0.000336196 -4.81147e-05 7.59657e-06 0.000243916 -7.28729e-06 0.00034489 -1.24624e-05 0.000159201 0.000200662 -1.86591e-05 -0.000154021 0.000128183 -0.000159525 -1.08705e-05 0.0535091 -0.000281532 -2.12393e-08 1.14986e-05 0.0049918 0.00121834 1.95033e-05 0.00788697 -0.00805701 -0.000684861 0.00180417 -2.99306e-05 -0.000777802 -0.000303327 1.40487e-05 0.0114803 -0.000220204 -0.000549998 -0.0141533 -6.95052e-05 0.000134865 -0.00156596 -0.000232408 -0.00113882 -0.000293058 -5.25268e-06 -5.91549e-05 0.00140829 0.00355155 0.000529089 -0.000198783 3.54054e-06 -0.000492718 -2.33973e-05 0.00306391 -5.51917e-06 0.00295723 -1.56725e-06 0.015608 -0.0211984 0.0102377 1.82724e-06 -5.87956e-05 0.000581251 0.0229194 -3.39248e-07 0.00352675 -0.0521545 -8.66828e-06 -1.25535e-05 -8.14378e-05 0.0320098 -0.0438708 -0.00999596 -3.32794e-06 0.000303648 0.0247308 -1.76755e-05 -3.93069e-05 -0.00086966 -0.0472329 0.00019771 -0.00810348 -0.0586414 -1.5185e-06 0.000680021 -0.000313317 0.000121252 -0.000491362 0.0121848 -0.00518545 0.000594666 -3.05959e-06 
-0.000215492 -6.76259e-05 -0.000378257 -0.000403733 -1.19234e-06 -1.72001e-05 -8.76526e-06 -8.73627e-08 -0.000450522 0.000562569 -0.000513821 0.00382537 0.000294938 -1.4114e-05 -7.69892e-07 -5.56767e-07 -5.05637e-05 -6.16623e-06 -2.1332e-05 -3.07696e-07 4.16875e-05 -2.40782e-05 -4.5487e-08 -8.45492e-07 -5.72702e-06 5.0793e-06 8.00716e-07 -0.00106385 -2.52662e-06 -8.96028e-11 -8.46251e-07 -0.000582096 -5.95592e-05 5.94516e-06 -0.000498174 0.000359817 -8.38912e-06 -7.06698e-05 -2.62554e-06 -0.000467042 1.85733e-06 -9.0167e-06 -2.02385e-05 -7.86521e-07 -1.00371e-05 0.000737527 -3.6717e-07 -1.34208e-05 -0.000254955 -4.19431e-06 -2.53188e-05 -1.26351e-06 -7.84228e-08 -2.19919e-07 -7.50773e-05 -0.000181882 -1.45862e-05 3.09367e-06 -1.6405e-07 -1.78158e-05 -4.57819e-07 -0.000160416 -2.2498e-08 -0.000186688 -9.58238e-08 -0.000722069 0.000971584 -0.000556949 -7.90425e-08 -2.8317e-07 6.56115e-05 -0.000639902 -1.15846e-07 0.000329973 0.000299957 4.63491e-06 -1.17794e-05 -1.04773e-06 -0.000107635 -0.000141138 6.95763e-05 -2.51912e-08 -1.22256e-05 -0.000673902 -4.39783e-07 -3.9351e-07 -7.58197e-06 0.000163739 -4.6509e-05 0.000645901 0.000670903 -1.00483e-08 -2.70213e-05 2.94407e-05 -5.70365e-05 -1.64181e-05 -0.000542963 0.000421582 -3.23718e-05 3.83468e-07 
0.00864406 0.00266795 -0.0366068 -0.0560498 -0.00010005 0.000239803 -0.000678226 -1.33618e-05 -0.069525 0.00682038 -0.0110653 0.000294938 0.132445 -0.00125637 -0.000123519 -0.0001257 -0.00701966 -0.00119978 -0.00321586 -4.54758e-05 0.00816361 -0.000894932 -1.76128e-05 -5.79593e-05 -0.000262429 0.000109342 3.00817e-06 -0.0166072 -0.000325495 -1.96668e-08 -0.000181244 -0.0458077 -0.012482 -3.41428e-06 -0.0541931 0.0574993 -0.000203304 -0.000850032 -0.000550707 -0.0464412 -0.000432468 -0.00182515 -0.00359118 2.3932e-06 -0.000358008 0.0621457 -2.76265e-05 -0.00231727 -0.00294145 -0.000394928 0.00176143 -0.00188369 2.70211e-06 -5.72558e-05 -0.0146085 0.0073817 0.000886477 -4.68767e-05 -2.08838e-05 -0.000319734 -7.51561e-05 0.00893984 -5.3622e-06 0.00687243 1.95775e-06 -0.0929016 0.0421645 -0.0953744 -1.50189e-05 -4.36062e-07 -0.00410098 0.0394633 -2.86791e-05 0.0542271 0.00737345 -0.000500223 0.000162506 -6.62606e-05 -0.0361257 0.00906682 0.00246477 -2.39252e-06 0.000586791 0.0338846 -3.92608e-05 -8.54443e-05 -0.000990406 0.0189857 0.00107933 0.0812818 0.025703 1.34508e-07 0.000487056 3.2526e-05 -0.0116108 -9.36611e-05 -0.0410388 0.0627363 -0.00680226 3.41766e-06 
-0.00187366 -6.50557e-05 0.00179832 0.0013105 -6.86697e-07 -0.000408997 7.33475e-06 4.01586e-07 0.00262468 -0.000172348 -0.000336196 -1.4114e-05 -0.00125637 0.00387124 -9.14859e-07 -6.03951e-07 0.000154747 6.48288e-06 -1.95634e-06 -3.114e-07 -0.00123465 4.47204e-05 -1.20491e-07 9.67664e-07 8.62851e-06 -1.3006e-07 4.68768e-06 0.000786769 4.98963e-06 2.32427e-08 -1.0521e-06 0.00304009 -4.59895e-05 1.68873e-06 0.00242829 -0.00314177 -1.28014e-05 -4.65336e-05 -2.64381e-06 0.00271603 1.9621e-06 1.30081e-05 -0.000513348 -1.76915e-06 2.34282e-06 -0.00296442 -4.86568e-07 -1.53703e-05 0.00258995 2.16411e-05 8.968e-05 -2.32649e-05 1.13926e-07 -2.83289e-07 0.000130095 -0.000175784 -3.14002e-05 -1.96314e-06 1.20642e-07 0.000145801 -9.99965e-08 -0.000196289 -1.00358e-07 -0.000180644 2.34969e-06 0.00138456 -0.00255759 0.00270608 -6.66606e-08 -2.86579e-07 -4.4843e-05 -0.00106425 4.9565e-06 -0.00305948 -0.000266716 -1.22632e-06 1.75329e-06 -1.06034e-06 0.00153894 -0.00158329 -0.000106532 1.17225e-09 -1.54543e-05 -0.00115064 1.57159e-06 -3.74913e-07 -1.14743e-05 -0.00115599 -1.71347e-05 -0.00301256 0.000301882 -1.01693e-08 -2.9934e-05 -9.09812e-07 -3.19252e-05 -1.76598e-05 0.002333 -0.00320521 -2.35361e-05 -1.28055e-07 
-0.000111953 -4.23448e-06 -4.77349e-06 0.000117708 9.98515e-07 1.19428e-06 -3.18191e-07 -5.72618e-09 0.000128543 -9.19184e-06 -4.81147e-05 -7.69892e-07 -0.000123519 -9.14859e-07 0.000251637 1.02109e-05 7.4923e-06 8.99169e-07 1.85249e-07 6.49878e-09 -0.000157249 -1.60801e-06 1.14234e-07 -5.54176e-08 4.23415e-05 -2.50645e-07 4.79864e-06 -4.3633e-05 -1.05607e-07 -5.873e-12 -6.81394e-08 -2.54235e-05 8.89576e-05 -8.94584e-08 2.74991e-05 -0.000114873 -6.39085e-07 -2.83213e-06 6.33779e-05 -3.08468e-05 2.2115e-07 2.51957e-05 -7.91942e-06 -7.98814e-08 -5.51069e-07 -0.000113421 -3.30239e-08 -9.95463e-07 -1.75476e-05 3.00933e-07 -2.29263e-06 -1.46578e-06 1.71308e-07 1.39832e-06 0.00010777 -1.16553e-05 -1.7277e-06 -1.27791e-07 -1.07526e-08 -1.02909e-06 -3.00077e-08 -2.29907e-05 -6.49973e-09 -8.67038e-06 3.85913e-10 0.000128328 -0.00011245 0.000116034 2.71486e-07 -1.85604e-08 -4.11012e-06 2.57656e-05 -2.35423e-08 -0.000111834 0.000112321 7.1217e-07 -5.57302e-07 2.50799e-06 -0.000134734 -0.000102328 9.81425e-06 -1.65115e-09 -8.25626e-07 -2.12743e-05 -2.88255e-08 6.01142e-05 -3.57803e-07 -8.96655e-06 -0.000127353 -2.48761e-05 -4.70291e-05 -6.58615e-10 -1.85283e-06 5.24899e-09 0.000154349 6.84076e-05 -2.79683e-05 -0.000111832 0.000150801 -8.29352e-09 
-6.36735e-05 -2.83464e-06 7.14844e-05 7.26121e-05 7.46508e-06 -3.84599e-06 1.22487e-05 1.63131e-07 0.000108222 -6.89354e-06 7.59657e-06 -5.56767e-07 -0.0001257 -6.03951e-07 1.02109e-05 0.000155379 -7.88044e-07 4.01138e-05 3.01242e-05 9.67755e-06 -0.00012093 -9.50057e-07 1.04105e-06 -3.42157e-08 1.50872e-05 1.67858e-06 -2.14192e-08 -2.74787e-05 -1.02248e-07 -3.62608e-12 -4.20703e-08 -1.32657e-05 0.000107245 1.4781e-06 5.12968e-05 -0.000110218 2.20811e-06 -2.8856e-06 9.12708e-06 -2.39932e-05 7.57315e-07 4.40178e-06 -1.77969e-05 -7.60746e-08 1.06504e-05 -0.000107924 -2.03894e-08 3.75387e-07 -1.02208e-05 1.26777e-05 -9.95954e-07 -1.22824e-07 -3.30854e-09 -1.13279e-08 0.000135121 -7.44154e-06 5.74939e-07 -7.88998e-08 3.36117e-09 -6.57989e-07 -1.85272e-08 -1.11017e-05 -4.01303e-09 -7.90281e-06 -3.87783e-09 0.000111217 -9.10931e-05 0.000122289 7.33468e-07 1.35207e-07 3.55037e-06 -1.87833e-05 -1.45354e-08 -0.000107106 1.21762e-05 1.76914e-05 1.02418e-05 1.62427e-06 -7.84848e-05 -6.553e-05 -4.28697e-07 1.15647e-07 -5.98223e-07 -4.56918e-05 1.5822e-06 6.69408e-06 3.07253e-06 -1.06593e-05 -0.000112958 -7.77449e-05 -2.13642e-05 -4.06639e-10 8.31791e-06 4.52372e-08 0.000118419 2.91918e-06 -4.47027e-06 -0.000108444 0.000112589 1.34879e-07 
-0.00556617 0.00058114 0.000632595 0.00821223 -1.55066e-06 -0.000845751 -1.16504e-05 1.43849e-05 0.00143778 -0.000679892 0.000243916 -5.05637e-05 -0.00701966 0.000154747 7.4923e-06 -7.88044e-07 0.017205 2.89808e-05 2.1794e-05 1.65685e-06 -0.00102157 8.40589e-05 8.68695e-06 7.71777e-05 7.23264e-06 -1.6795e-05 4.27464e-05 0.00307584 4.77181e-05 -4.08606e-10 2.43526e-05 -0.00151556 0.00105596 2.16272e-06 -0.000915008 -0.00199325 8.27842e-05 0.00260355 -3.74299e-06 -0.00130966 0.000131377 0.000653669 -0.00203635 2.06075e-05 0.000261909 -0.0119706 8.48907e-06 0.000545529 -0.000528002 1.63576e-05 0.000381776 0.00137599 4.97718e-06 3.24935e-05 0.00853289 -0.000637481 -3.33564e-05 -1.96753e-06 -3.84767e-07 -7.38271e-05 4.68323e-05 0.0086357 1.23446e-06 0.00266586 1.33025e-07 0.00724332 -0.00963201 0.00151436 -3.20449e-07 -1.21798e-06 0.00306717 -0.00124207 1.17587e-05 0.00162627 -0.000894962 0.000220258 4.44827e-05 -3.81117e-06 -0.00105983 0.00268134 -0.000450264 -9.82101e-08 -6.42658e-05 -0.00522172 1.9345e-06 3.69885e-06 -4.62705e-05 -0.00246162 -2.76055e-05 -0.0126415 -0.00217018 9.08444e-08 -0.00014423 4.90739e-05 0.000871958 -1.17838e-06 -0.00109579 -0.00302358 0.000110796 -2.60344e-07 
-0.000769883 -2.79529e-05 0.00126603 0.000811195 9.81423e-07 3.84203e-06 -1.84404e-06 1.1468e-06 0.00130334 -7.09124e-05 -7.28729e-06 -6.16623e-06 -0.00119978 6.48288e-06 8.99169e-07 4.01138e-05 2.89808e-05 0.00160316 1.43739e-05 -1.28663e-07 -0.00149974 2.32289e-05 4.51952e-07 8.49792e-07 0.000123502 -1.56235e-06 2.31535e-06 0.000276268 3.00683e-06 -3.74673e-11 -4.34701e-07 0.000945627 0.00018993 -5.2404e-07 0.00111625 -0.00131795 6.13079e-06 2.87821e-05 4.17213e-06 0.000555967 -3.21279e-08 0.000489883 -0.000211074 -7.86058e-07 -1.3223e-06 -0.00122918 -2.10678e-07 -5.77397e-06 0.000646111 4.55634e-06 -1.28204e-05 -9.77638e-06 -3.41862e-08 -1.17048e-07 0.000459082 -7.84245e-05 -1.3106e-05 -6.2525e-07 1.28069e-07 2.85456e-06 -1.91436e-07 -0.000150079 -4.14656e-08 -8.54463e-05 9.76598e-07 0.0011744 -0.00105656 0.0013008 -2.63848e-08 -1.18407e-07 -2.35478e-05 -0.000441661 1.75531e-05 -0.00118601 -5.05455e-05 6.23447e-06 -3.18339e-06 2.04523e-06 -7.26183e-05 -0.000677022 -2.78773e-05 -1.05337e-08 -6.90457e-06 -0.000479602 3.29611e-06 1.71212e-06 6.45289e-07 -0.000367516 -0.000376115 -0.00100346 -0.00027603 -4.20169e-09 -7.26744e-06 -1.24716e-07 0.00016811 -6.92466e-07 0.00105417 -0.00137723 0.000447311 4.43758e-07 
-0.00277917 -0.000102732 -5.87087e-05 8.72196e-05 0.000156857 -8.91239e-05 2.49374e-05 2.83409e-07 0.00186933 -0.000249398 0.00034489 -2.1332e-05 -0.00321586 -1.95634e-06 1.85249e-07 3.01242e-05 2.1794e-05 1.43739e-05 0.00611268 5.14718e-06 -0.000133519 -3.8291e-05 2.44326e-07 2.29058e-05 1.52677e-05 1.33653e-05 2.92227e-06 -0.000747071 -3.55675e-06 -1.43512e-10 -1.49505e-06 -0.000402545 0.00368795 4.92173e-05 0.00273205 -0.00376931 1.60239e-05 -2.18757e-05 0.000505461 -0.000594011 2.89982e-06 2.23618e-05 -0.000382408 -1.59086e-06 -1.81668e-05 -0.00344757 -8.06968e-07 1.48165e-06 -8.18969e-05 0.000135091 5.82093e-05 -3.02368e-05 2.39056e-07 -2.49981e-08 0.00396789 0.000361231 -4.32835e-05 -2.58268e-06 3.38392e-06 0.000227861 2.78674e-06 0.000294018 -1.58827e-07 0.000231143 2.01319e-06 0.00292037 -0.0032648 0.00308876 -1.26598e-07 2.43128e-07 0.00140429 0.000732128 -4.15278e-07 -0.00307894 -0.000395921 8.37609e-05 6.33485e-05 2.05886e-05 -0.00318649 -0.00259607 0.00158271 1.14299e-06 -1.89201e-05 -0.00059406 2.84156e-05 1.80974e-06 0.00132516 -0.00195008 -0.000397347 -0.00333191 0.00187222 -1.60938e-08 -5.55891e-05 6.25214e-05 0.00402519 1.91739e-05 -0.000574122 -0.00429871 0.00172524 1.28401e-06 
-3.82731e-05 6.25112e-07 3.88657e-05 -2.87124e-07 1.50418e-05 -1.94104e-05 5.61062e-05 1.62151e-06 1.93735e-05 -2.52101e-06 -1.24624e-05 -3.07696e-07 -4.54758e-05 -3.114e-07 6.49878e-09 9.67755e-06 1.65685e-06 -1.28663e-07 5.14718e-06 8.01202e-05 -5.55539e-05 -5.22509e-07 1.6071e-06 1.53557e-05 -1.40642e-07 1.74835e-05 -1.10439e-08 -3.51246e-05 2.03728e-06 -1.86962e-12 1.57831e-06 -5.65474e-06 5.22447e-05 1.46115e-05 -1.29312e-05 -3.8429e-05 -2.63932e-07 4.22411e-06 4.61883e-07 -1.25119e-05 9.93826e-07 5.32853e-06 -3.67704e-06 1.01744e-06 4.44564e-05 -3.80164e-05 -1.05129e-08 7.63103e-07 -4.66124e-07 3.53712e-05 -7.20846e-07 1.12422e-05 -1.7059e-09 2.03749e-06 4.76462e-05 1.46785e-06 -2.5399e-07 1.65986e-07 -3.42301e-09 -2.45354e-07 -9.5527e-09 7.82871e-06 3.64598e-07 -1.94711e-06 -1.99943e-09 -3.56782e-07 -5.0341e-05 2.88895e-05 1.29502e-06 -5.90854e-09 1.09756e-05 -2.18305e-06 -7.49451e-09 -4.59421e-05 -2.81359e-06 3.69452e-05 5.56818e-05 1.13481e-06 -4.44494e-05 -9.15195e-06 1.23202e-05 2.56141e-07 -1.84539e-07 -7.71099e-06 4.56749e-06 -8.21085e-09 2.84478e-08 -1.79299e-05 -5.19264e-05 -4.3755e-05 -1.66999e-05 1.43124e-07 1.05116e-05 2.49286e-06 1.15233e-06 1.7948e-06 -8.10993e-06 -4.90436e-05 1.12189e-05 3.5736e-07 
0.00591084 0.00014667 -0.00889949 -0.00627455 -3.66545e-05 -2.28264e-05 -0.000100178 -8.03676e-06 -0.0105544 0.000499102 0.000159201 4.16875e-05 0.00816361 -0.00123465 -0.000157249 -0.00012093 -0.00102157 -0.00149974 -0.000133519 -5.55539e-05 0.0127234 -0.000547913 -1.0674e-05 -2.14654e-05 -0.000365086 -7.1211e-06 -8.9301e-06 -0.00194309 -0.000344383 -2.30326e-08 1.32609e-06 -0.00695195 -0.00383214 -1.68988e-05 -0.00891171 0.00984446 6.4308e-06 0.000186618 -0.000276727 -0.0056539 -4.35193e-05 -0.00187487 0.00155591 5.91983e-06 -7.90025e-05 0.00950599 1.49782e-06 -1.94231e-06 -0.00602001 -8.97157e-05 0.000110105 9.91015e-06 1.77523e-08 -4.5371e-06 -0.00360235 0.000530771 0.000104587 4.52083e-06 -8.01936e-06 -0.000782605 1.35336e-06 0.00106685 -8.00482e-07 0.000547363 -1.2417e-06 -0.00890203 0.00817179 -0.0103886 -1.94314e-05 -7.37952e-06 0.000106992 0.00234078 -3.44611e-05 0.00834027 0.000381274 -0.000302313 -7.04753e-05 -9.34992e-06 -0.000761027 0.00513593 0.000187489 -1.25544e-06 5.43442e-05 0.00370939 -2.80038e-05 -8.05025e-05 -4.14975e-07 0.0033577 0.00102747 0.00896013 0.00179602 -3.79606e-07 -0.000670795 9.2674e-07 -0.00155486 -0.000573727 -0.00873286 0.0105147 -0.00155592 2.61378e-07 
-0.00303858 -0.000113661 0.00295444 0.000663618 6.19857e-06 -0.000346452 1.56922e-05 1.5498e-07 0.002003 -0.000279307 0.000200662 -2.40782e-05 -0.000894932 4.47204e-05 -1.60801e-06 -9.50057e-07 8.40589e-05 2.32289e-05 -3.8291e-05 -5.22509e-07 -0.000547913 0.00647851 1.42646e-08 2.54424e-06 -1.09127e-05 5.5629e-07 1.29145e-05 0.00118342 3.38628e-05 -1.52157e-10 -1.76535e-06 0.00333364 -8.25705e-05 -9.54351e-07 0.00331392 -0.00396587 3.32134e-05 7.48128e-05 -3.47518e-06 0.00279271 -2.34577e-06 -3.28489e-06 0.000238812 2.16311e-05 -1.41826e-05 -0.00430023 -8.55581e-07 -2.06971e-05 0.00248488 -5.54338e-06 0.00133973 -2.9906e-05 1.05783e-06 -4.7534e-07 -4.99299e-05 -0.00013602 6.00556e-05 5.18921e-06 6.78809e-06 0.000223629 6.52562e-07 -0.000100497 -1.11728e-07 7.63662e-05 1.22395e-06 0.00195534 -0.00395464 0.00159633 -1.34225e-07 -3.77528e-07 0.00013994 -0.000903899 2.00673e-06 -0.00370942 -0.000443096 -5.06626e-06 0.000257921 -1.48584e-06 0.00203461 -0.00249677 -0.000146645 -2.2778e-08 -2.77167e-05 -0.0017025 1.02632e-05 -6.28232e-07 7.82418e-05 -0.00185009 2.20223e-06 -0.00431393 -0.000462323 -1.70634e-08 -3.32102e-05 2.6101e-06 -6.22123e-05 -2.63651e-06 0.00357336 -0.00320292 -3.46751e-05 1.60513e-06 
-7.60393e-06 -6.59396e-07 -3.10535e-08 1.32084e-05 4.52109e-07 -2.75553e-06 2.42355e-06 -8.22413e-10 1.78812e-06 3.59309e-06 -1.86591e-05 -4.5487e-08 -1.76128e-05 -1.20491e-07 1.14234e-07 1.04105e-06 8.68695e-06 4.51952e-07 2.44326e-07 1.6071e-06 -1.0674e-05 1.42646e-08 3.61487e-05 -7.95927e-09 1.70321e-06 -1.93319e-08 -4.98255e-09 -1.55715e-05 1.16215e-07 -8.435e-13 6.5688e-07 -4.94611e-06 7.54999e-06 -1.28483e-08 -9.10669e-07 -6.03192e-06 5.97591e-07 -4.7921e-07 -4.71624e-09 5.89511e-06 1.49743e-05 3.84522e-08 4.13585e-08 -1.76965e-08 1.30642e-06 -7.92328e-06 -4.743e-09 2.57028e-07 -2.31691e-06 5.89325e-06 3.45506e-08 1.57324e-06 -7.69634e-10 4.73649e-08 1.01466e-05 -1.29456e-06 1.47161e-06 -1.83537e-08 -1.54433e-09 -1.69345e-07 8.23569e-08 -1.66134e-06 -9.33514e-10 -1.91365e-06 -9.02063e-10 1.916e-05 -9.81686e-07 1.30499e-05 -7.44088e-10 -2.6657e-09 6.3038e-07 -7.48702e-06 -3.38123e-09 -2.16035e-05 1.65822e-05 6.90442e-06 3.91061e-06 1.9347e-07 -1.14709e-05 1.07735e-05 -9.26632e-07 6.30962e-08 -1.55442e-07 -1.04488e-05 2.9586e-07 1.19629e-07 -9.98315e-08 8.08355e-06 -4.08336e-06 -2.27104e-05 4.7884e-07 -9.45925e-11 6.73532e-07 2.48873e-06 1.17311e-06 1.38922e-06 -6.08127e-06 -2.12377e-05 6.4089e-07 -1.19114e-09 
-7.01758e-05 2.30572e-05 -8.67237e-06 -1.14905e-06 -6.83631e-08 -0.00015426 0.000130329 8.61499e-06 -2.00139e-05 -9.68334e-06 -0.000154021 -8.45492e-07 -5.79593e-05 9.67664e-07 -5.54176e-08 -3.42157e-08 7.71777e-05 8.49792e-07 2.29058e-05 1.53557e-05 -2.14654e-05 2.54424e-06 -7.95927e-09 0.000220125 -3.73125e-07 1.67416e-07 -3.03465e-08 3.87412e-05 1.35136e-07 -5.13738e-12 1.6304e-06 9.09079e-05 2.28623e-05 1.39175e-06 -4.99794e-06 -9.93546e-05 -7.25238e-07 7.86339e-07 1.19613e-06 3.64095e-05 -1.36037e-07 5.23636e-06 -2.03442e-05 1.08289e-05 9.70322e-05 -0.000128842 -2.88875e-08 1.78592e-05 7.35037e-05 7.98926e-05 9.68512e-09 7.11795e-05 -4.68749e-09 2.8264e-05 3.89689e-05 3.71844e-05 -1.79704e-06 5.71549e-07 -9.4058e-09 -2.84738e-07 1.57084e-07 0.000132645 3.60981e-07 -1.59275e-06 -5.49406e-09 -1.2883e-05 -0.000139125 -2.75656e-05 -4.5319e-09 -1.62356e-08 7.19544e-05 6.42268e-06 3.39406e-07 -0.000120694 -1.0862e-05 1.3897e-05 3.43547e-05 2.03233e-05 -2.332e-05 6.72288e-05 -5.657e-06 8.95222e-07 -8.30063e-07 -6.20246e-05 1.43145e-06 -2.25619e-08 1.77046e-06 -6.46142e-05 -5.94011e-05 -0.000163677 3.97661e-05 2.22757e-07 8.20103e-06 4.94471e-05 6.88826e-06 -1.70138e-07 -2.5179e-05 -0.000140303 -1.55235e-06 1.84608e-06 
-0.000648138 -3.11833e-05 -0.000142645 0.000220896 5.48834e-06 8.26874e-06 -1.20958e-06 1.90068e-07 0.00016186 -7.61844e-05 0.000128183 -5.72702e-06 -0.000262429 8.62851e-06 4.23415e-05 1.50872e-05 7.23264e-06 0.000123502 1.52677e-05 -1.40642e-07 -0.000365086 -1.09127e-05 1.70321e-06 -3.73125e-07 0.00175217 -1.58789e-06 -2.41926e-07 0.000292983 -7.48704e-08 -4.09558e-11 8.48255e-08 -0.00027015 0.00012826 -5.80511e-07 -0.000208147 -8.83524e-05 3.23183e-05 7.56078e-05 2.57599e-05 -0.000271625 1.08655e-05 4.49986e-05 -0.000206154 -8.59246e-07 -5.19114e-06 -0.000106821 -1.70294e-07 -4.78859e-06 -0.000120572 1.43911e-07 8.49804e-06 -3.87997e-06 -3.73692e-08 -1.27946e-07 0.000294972 -7.77217e-05 -1.35996e-05 -6.21156e-07 8.75016e-07 -8.15248e-06 -2.09261e-07 -0.000144018 -4.53263e-08 -5.74863e-06 -4.37993e-08 0.000106023 4.62464e-05 0.000136136 5.33871e-07 -7.27652e-08 -1.44965e-05 0.000771312 -1.64174e-07 2.965e-05 -7.4374e-06 2.41611e-05 1.05239e-05 3.8011e-06 -0.000959319 -0.0005097 -3.33762e-05 -1.15144e-08 -2.69077e-06 0.000414396 -2.01017e-07 1.16001e-05 -3.11318e-06 -0.00020495 -0.00017543 0.000165003 -0.00037936 -4.5929e-09 6.05147e-06 -5.39343e-07 0.000369011 2.33846e-05 -0.000209256 -0.000208511 0.00026797 1.98831e-07 
-0.000449714 -1.68875e-05 -1.12436e-05 -0.00010333 2.67471e-07 -4.089e-05 1.91166e-05 2.00679e-07 -8.95504e-05 0.000102073 -0.000159525 5.0793e-06 0.000109342 -1.3006e-07 -2.50645e-07 1.67858e-06 -1.6795e-05 -1.56235e-06 1.33653e-05 1.74835e-05 -7.1211e-06 5.5629e-07 -1.93319e-08 1.67416e-07 -1.58789e-06 0.000994818 1.66275e-06 -0.000406048 7.21147e-06 -2.32356e-11 4.93751e-07 -0.000106193 1.95618e-05 3.12294e-05 -0.000136165 6.80109e-05 1.79665e-05 -1.57586e-05 4.60582e-06 -9.68676e-05 -5.65274e-07 -1.43486e-06 -0.000106984 1.85854e-07 3.41582e-05 0.000115835 4.86013e-07 -7.51719e-07 -1.78507e-05 4.59189e-08 2.59891e-05 -5.30622e-06 1.62133e-07 -7.25879e-08 1.74446e-05 -3.70218e-05 -6.19775e-06 -2.8916e-08 -4.2541e-08 -4.46822e-06 6.47946e-07 -2.74717e-05 -2.57151e-08 -3.32167e-05 2.51818e-07 -0.000180416 0.000172811 -0.000100166 -2.04971e-08 -7.3431e-08 -6.8027e-06 -0.000187567 -9.31414e-08 -8.68924e-05 0.00010297 5.54181e-06 6.49788e-05 1.9164e-07 -0.000295458 -0.00015312 0.000603598 -6.53251e-09 -3.10525e-06 -0.000206574 1.26929e-06 -1.02044e-07 -2.25797e-07 8.78808e-05 -1.14596e-05 0.000100252 0.000483077 -2.6057e-09 -7.94339e-06 -5.85872e-07 1.61969e-06 -3.19438e-06 -0.000148884 6.33396e-05 -3.9531e-06 9.71881e-08 
-5.81468e-05 -2.4141e-06 8.22724e-06 7.05204e-05 8.03387e-06 -6.63062e-06 -3.37724e-07 -3.13563e-09 -1.78271e-06 -5.92067e-06 -1.08705e-05 8.00716e-07 3.00817e-06 4.68768e-06 4.79864e-06 -2.14192e-08 4.27464e-05 2.31535e-06 2.92227e-06 -1.10439e-08 -8.9301e-06 1.29145e-05 -4.98255e-09 -3.03465e-08 -2.41926e-07 1.66275e-06 0.000137811 -3.33924e-06 2.99314e-07 -3.21603e-12 -3.73129e-08 -1.20317e-05 2.27879e-06 8.8768e-07 -1.40173e-05 -7.53273e-05 -4.2067e-07 9.01199e-06 4.91243e-06 -1.21924e-05 -8.51601e-08 2.6897e-06 1.05501e-05 6.62528e-07 1.8357e-06 -7.85731e-05 7.19162e-08 -5.45112e-07 2.09435e-06 -1.52816e-07 3.96193e-05 -2.72497e-07 -2.9344e-09 3.53286e-07 1.02129e-05 -4.13402e-06 3.70504e-06 -6.99777e-08 -5.8881e-09 -6.45666e-07 -1.64321e-08 6.67566e-05 -3.55923e-09 3.88557e-05 5.73227e-07 9.00173e-06 -6.15635e-05 -8.5039e-06 -2.837e-09 -1.01636e-08 1.6048e-05 -2.42424e-05 2.59044e-06 -1.7823e-06 4.87393e-06 -2.29338e-08 4.10346e-05 -3.76051e-08 5.89131e-06 -5.20965e-05 2.22507e-05 -9.04165e-10 -3.72659e-07 -3.44608e-05 -1.57848e-08 8.19209e-07 1.11582e-06 -1.79429e-05 -5.60865e-06 -7.2534e-05 -1.70452e-05 -3.60655e-10 -1.26348e-06 1.0891e-07 8.67008e-06 4.32553e-06 -1.72586e-05 -8.93158e-06 8.14083e-06 2.25459e-07 
-0.0432641 0.0037257 0.0180951 0.0205559 -8.05155e-06 -0.00066379 0.000470311 2.45762e-06 0.0219183 -0.0269374 0.0535091 -0.00106385 -0.0166072 0.000786769 -4.3633e-05 -2.74787e-05 0.00307584 0.000276268 -0.000747071 -3.51246e-05 -0.00194309 0.00118342 -1.55715e-05 3.87412e-05 0.000292983 -0.000406048 -3.33924e-06 0.164023 8.18229e-05 4.82491e-09 -0.000117844 0.0307287 0.000686566 -0.00015725 0.0322933 -0.0326865 -0.00135716 0.00337 -0.00019794 0.0217613 -0.000162317 0.000358433 0.0186659 3.6626e-05 0.000394897 -0.0441254 -1.90128e-05 0.000347414 0.0131317 8.0378e-05 0.00226571 0.000999067 3.41572e-06 -1.8117e-05 0.00165512 0.00972977 0.00114227 1.36419e-05 8.02039e-06 0.000921886 1.57959e-05 0.019523 -2.6402e-06 0.0107232 4.9299e-06 0.0343478 -0.0646993 0.0244514 -3.5104e-06 -5.79252e-05 0.00231261 0.0538997 1.67843e-05 -0.0189938 -0.0515006 1.90703e-05 0.000732158 -3.91356e-05 0.0376039 -0.053214 -0.0179728 -4.0351e-07 0.000663061 0.00629457 5.64803e-06 -2.6947e-05 -0.00190995 -0.12593 0.000363924 -0.0382414 -0.0854199 3.94413e-07 0.00137057 -8.21926e-05 -0.00112688 0.000271025 0.0350223 -0.0244635 1.45143e-05 5.75013e-06 
-0.000311196 2.55752e-05 0.00035909 0.000313213 -2.04292e-07 -7.07185e-05 1.10313e-05 -1.49684e-08 0.000442311 -2.83162e-05 -0.000281532 -2.52662e-06 -0.000325495 4.98963e-06 -1.05607e-07 -1.02248e-07 4.77181e-05 3.00683e-06 -3.55675e-06 2.03728e-06 -0.000344383 3.38628e-05 1.16215e-07 1.35136e-07 -7.48704e-08 7.21147e-06 2.99314e-07 8.18229e-05 0.00065752 -1.53522e-11 -5.14523e-08 0.000484614 7.44535e-05 1.91949e-06 0.000501705 -0.00053141 -2.16726e-06 -1.38095e-05 -4.49851e-07 0.000467173 2.04014e-06 2.87251e-05 -8.39351e-05 2.44579e-07 2.28411e-06 -0.000468194 3.36743e-08 -2.09884e-06 0.00037645 2.12718e-06 9.41189e-06 -3.30588e-06 3.98933e-06 1.70204e-06 4.27871e-05 -3.14934e-05 -5.32018e-06 1.19793e-05 -2.81078e-08 -3.55524e-07 3.15588e-08 -2.78934e-05 -1.69905e-08 -2.12117e-05 1.06915e-07 0.000270047 -0.000429026 0.000422651 1.0979e-07 5.64816e-07 4.53183e-06 -0.000178933 8.75126e-07 -0.000518289 -4.1603e-05 2.41982e-06 2.23204e-05 -1.79514e-07 0.000200804 -0.000198121 -1.74e-05 -4.31617e-09 -2.80582e-06 -0.000196726 6.27982e-07 1.22577e-07 -4.93676e-07 -0.000208595 -1.25453e-06 -0.000512349 6.85271e-05 -1.72164e-09 -2.09993e-06 -3.17098e-07 -8.06901e-06 -2.83162e-06 0.000431217 -0.000551633 4.08801e-06 7.49871e-08 
-1.1255e-08 -4.25613e-10 2.09617e-08 2.08172e-08 -7.24492e-12 -2.32121e-08 -6.22522e-11 -5.30833e-13 2.05825e-08 -1.03504e-09 -2.12393e-08 -8.96028e-11 -1.96668e-08 2.32427e-08 -5.873e-12 -3.62608e-12 -4.08606e-10 -3.74673e-11 -1.43512e-10 -1.86962e-12 -2.30326e-08 -1.52157e-10 -8.435e-13 -5.13738e-12 -4.09558e-11 -2.32356e-11 -3.21603e-12 4.82491e-09 -1.53522e-11 2.33333e-08 -6.31672e-12 1.96589e-08 -3.63615e-10 -8.29306e-12 1.94085e-08 -1.92445e-08 -7.68586e-11 -5.58887e-10 -1.59533e-11 1.96898e-08 -1.44168e-11 -5.47873e-11 -3.1296e-09 -1.14224e-11 -6.90083e-11 -1.79566e-08 -3.06141e-12 -9.22823e-11 2.17066e-08 -2.58703e-11 -2.68155e-10 -1.42063e-10 -4.96767e-13 -1.70084e-12 -4.58291e-10 -1.15186e-09 -1.90446e-10 -1.18466e-11 -9.968e-13 -1.09305e-10 -2.7818e-12 -2.28149e-09 -6.02544e-13 -1.24164e-09 -5.82244e-13 1.85828e-08 -1.5406e-08 1.9566e-08 -4.80278e-13 -1.7206e-12 -4.12848e-10 -6.47633e-09 -2.18244e-12 -1.93639e-08 -1.60365e-09 -2.08115e-11 -8.78177e-11 -6.36619e-12 9.87495e-09 -9.99377e-09 -6.45436e-10 -1.53067e-13 -1.00332e-10 -6.9766e-09 -2.67221e-12 -2.39104e-12 -7.51948e-11 -7.52376e-09 4.08587e-11 -1.82581e-08 -5.11063e-09 -6.10556e-14 -2.15025e-10 -1.37279e-11 -3.59447e-10 -1.10231e-10 1.91177e-08 -2.00787e-08 -1.97366e-10 -7.68833e-13 
8.12608e-05 -4.73802e-06 -2.59897e-05 -2.75327e-05 -8.40566e-08 -1.12903e-05 2.27774e-06 9.05079e-08 -3.1786e-05 -1.19987e-05 1.14986e-05 -8.46251e-07 -0.000181244 -1.0521e-06 -6.81394e-08 -4.20703e-08 2.43526e-05 -4.34701e-07 -1.49505e-06 1.57831e-06 1.32609e-06 -1.76535e-06 6.5688e-07 1.6304e-06 8.48255e-08 4.93751e-07 -3.73129e-08 -0.000117844 -5.14523e-08 -6.31672e-12 0.000270643 -4.09249e-05 1.12886e-08 -9.62172e-08 -4.30597e-05 4.25257e-05 8.28276e-07 1.03357e-05 -1.85093e-07 -3.80029e-05 -1.43933e-07 -6.3565e-07 -3.60234e-05 -1.32524e-07 4.09356e-07 3.5328e-05 -3.55189e-08 7.12266e-06 -1.882e-05 1.98318e-06 -3.01451e-06 2.19284e-05 -5.76356e-09 1.02027e-06 2.08618e-06 -7.65402e-06 -1.98624e-06 -1.37446e-07 -1.1565e-08 -1.07818e-06 1.39106e-06 1.1332e-06 -6.99081e-09 -4.12898e-06 -6.75528e-09 -5.15234e-05 2.5817e-05 -4.15263e-05 -5.57225e-09 -1.99626e-08 1.88367e-05 -5.8706e-05 -2.5321e-08 4.09611e-05 -1.54757e-05 2.39521e-06 4.71126e-07 7.52805e-07 -6.35261e-05 9.44808e-05 -6.72844e-06 -1.7759e-09 -1.16406e-06 9.27898e-05 9.08997e-07 -2.77412e-08 -8.25754e-07 0.000124445 -2.45262e-06 1.09569e-05 -5.84543e-05 -7.08375e-10 1.88192e-06 1.42073e-06 -3.30035e-06 -9.28913e-07 -4.72374e-05 3.03473e-05 -2.1332e-06 -8.92011e-09 
-0.0735246 -0.00209113 0.0718631 0.0500153 -3.52493e-05 -0.00194164 0.00187496 1.26407e-06 0.0802818 -0.00681168 0.0049918 -0.000582096 -0.0458077 0.00304009 -2.54235e-05 -1.32657e-05 -0.00151556 0.000945627 -0.000402545 -5.65474e-06 -0.00695195 0.00333364 -4.94611e-06 9.09079e-05 -0.00027015 -0.000106193 -1.20317e-05 0.0307287 0.000484614 1.96589e-08 -4.09249e-05 0.132678 0.00406377 -3.23431e-05 0.111997 -0.113832 -0.000511382 -0.0025984 -0.000101549 0.107603 -9.58423e-05 9.41774e-05 0.0163147 0.00024732 0.000763063 -0.101469 -1.88115e-05 -0.000589093 0.0550439 0.000259211 0.00560556 -0.000890253 8.20732e-06 -6.43899e-06 -0.0012621 -0.00481823 -0.0012706 0.000131401 1.44359e-05 0.00364411 2.4979e-05 -0.00326291 -3.6999e-06 -0.00653925 1.28304e-05 0.0597853 -0.0983323 0.0776325 -2.13806e-06 -1.14823e-05 -0.00125492 -0.0322318 1.88307e-05 -0.114241 -0.0102327 -0.000100937 -0.000128562 -1.74654e-05 0.0577251 -0.0602175 -0.00434948 8.76954e-07 -0.000669075 -0.0422919 1.66119e-05 -2.74049e-06 -0.000450863 -0.0492961 3.10152e-05 -0.0999097 0.0138203 1.05127e-06 -0.00130612 0.000112354 -0.0019525 -0.000544254 0.0960299 -0.0963448 -4.38595e-06 7.26448e-06 
