0.00585856 2.9329e-05 2.87821e-05 6.84348e-06 -4.12342e-05 -5.00559e-05 0.00124721 -2.52714e-05 0.000542673 0.000334843 0.000739862 -0.00187975 -0.00308919 -0.00319654 0.000790617 0.000683714 5.78006e-05 0.00399243 -0.000420507 5.74266e-05 -0.000794227 -0.000219369 -0.00088774 -0.00185208 -1.51272e-05 5.22672e-06 1.42317e-05 0.0010127 0.00154803 5.5182e-05 0.000354355 -0.000794602 1.00969e-06 -0.000917008 9.66381e-05 -0.00015167 -0.000941974 0.00206964 0.000478562 -0.00176669 0.00107778 0.000134107 0.000118524 5.57915e-05 2.2269e-06 -0.00340533 -0.000373981 0.00012195 0.000875727 0.000452401 0.000100442 4.9711e-06 -2.45455e-05 5.39233e-06 1.27853e-07 1.36481e-05 -5.20602e-07 -5.05366e-05 0.000599308 -0.00262766 0.00103297 -7.43561e-08 0.003399 -0.000144146 -1.42939e-05 0.00292545 -0.00212534 -0.000476127 -8.78378e-05 -0.00395405 0.000516201 -0.000441204 2.4459e-07 -0.000354519 0.000488727 -1.41744e-05 0.00124111 0.000404493 -1.44283e-05 0.000114852 1.86756e-05 -0.000183657 -0.00111814 -7.59363e-06 1.53624e-05 0.000263307 -0.000113628 0.00010427 -0.00194178 5.52493e-06 1.99449e-05 5.51635e-05 6.00287e-05 -2.77329e-05 0.000467985 -0.000708853 -8.31483e-05 0.000669043 -2.3507e-06 -3.1719e-05 
2.9329e-05 0.0150106 0.000695942 1.40466e-06 0.0058315 -6.44781e-05 -0.00248383 0.0116761 -0.00121236 -0.000598398 0.00578721 -0.0120907 -0.00905132 -0.00916427 0.00316347 0.000797995 -5.4675e-05 -0.000154326 -0.0104319 0.000123385 -0.00219525 -0.000855766 -0.00273659 0.00364576 0.0119506 8.78498e-06 -4.28483e-05 0.000487625 0.00186268 0.00932613 -0.000319553 -0.0113998 0.00528808 -0.00258054 9.26862e-06 0.01313 -0.00170622 -0.00220308 0.00682731 -0.00474132 -3.98659e-05 -2.69657e-05 0.000368261 -0.0102213 0.00136711 -0.0105186 -0.00111116 1.86099e-05 -0.00828582 0.0132951 5.97813e-05 2.24099e-06 -0.00338611 -2.31944e-07 -6.69418e-07 0.000135553 2.54358e-05 0.0104643 -2.69492e-05 -0.00806756 -0.00176654 -3.78699e-06 0.0118244 0.00626593 -4.29843e-05 -0.000155305 -0.00560732 -0.00049692 -0.00120774 -0.0103625 4.99127e-05 -0.00116031 -8.96273e-05 -0.00967409 -0.00178421 0.000522549 -0.000134036 0.0114177 -5.87756e-05 0.00141988 -0.000189522 -0.00101381 -0.00513875 2.70306e-05 0.000515509 -0.000114839 -0.000188445 -0.000430707 -0.00551143 4.20905e-05 0.00110937 -2.86411e-05 0.001652 0.0118882 -0.00836151 -0.0102452 0.0113544 0.000180399 -2.57671e-06 -0.000116911 
2.87821e-05 0.000695942 0.104516 -9.28721e-06 -0.00117554 0.00205398 0.0227518 -0.00290322 0.0238719 0.027903 -0.00107701 -0.00390009 0.0109401 0.0224398 -8.4692e-05 -0.0011979 0.00176902 -0.00596522 0.0152216 -0.000702424 -0.0149668 0.0357992 -0.00753171 0.0261096 -0.00252971 -1.42297e-05 0.000727091 -0.00097588 -0.00256895 -0.00208184 0.00167914 -0.0841008 -0.000654469 -0.0184431 0.000486325 -0.0027919 -0.00193522 -0.0180888 -0.0278059 0.00938901 1.37751e-05 0.010303 -0.00070333 -0.0394158 -0.000185891 -0.00662731 0.00158362 -5.40381e-05 -0.0563465 -0.00161774 -7.46174e-05 0.000184069 0.00447767 6.62621e-05 2.93859e-05 -1.85086e-05 3.84482e-05 -0.000668171 4.00668e-05 0.0313734 -0.0130773 9.18885e-06 -0.00331985 -0.00142649 -0.000326104 -0.00133248 0.0112961 -0.00119924 -0.00603867 0.0157731 0.00522863 -0.00875048 0.000984431 -0.0548339 0.00138444 -0.000959711 -0.000352363 -0.000310052 -0.000323802 -0.00117511 -0.00156176 0.0316041 -0.034908 0.000143676 -0.000284701 0.00655554 0.00382614 0.00339025 -0.00974359 -2.18936e-06 0.00506916 -0.000208005 -0.00029366 0.00407051 -0.0149172 0.0227457 -0.00356131 -0.000950432 0.000201556 0.000298348 
6.84348e-06 1.40466e-06 -9.28721e-06 0.000187725 -1.33796e-06 1.21936e-05 -2.26609e-06 3.73201e-05 0.000116106 4.70576e-05 2.77393e-07 -8.28666e-05 -8.03838e-06 -8.48307e-05 6.79415e-06 1.26795e-05 -7.80325e-08 1.36192e-06 -7.66166e-05 -9.20295e-07 -3.16394e-05 -2.05665e-05 -4.35242e-05 -1.25932e-05 3.36191e-05 -2.39995e-08 5.69702e-06 8.05123e-06 1.58161e-05 3.41238e-05 4.80693e-07 -2.21542e-05 6.74581e-06 -2.71137e-05 -1.48051e-07 5.62391e-05 -2.70412e-05 5.68862e-05 -4.31162e-05 -2.04446e-05 1.16453e-06 1.7498e-05 1.70531e-05 -7.52513e-05 1.12379e-06 -8.62217e-05 -1.30476e-05 -9.08841e-08 -9.51221e-05 1.04561e-06 1.26178e-05 1.84691e-06 -5.30036e-05 -1.88292e-08 3.17542e-08 1.98829e-05 1.79347e-07 -4.95635e-07 1.25623e-05 3.58327e-05 -2.17325e-05 3.81163e-09 4.8629e-06 7.15441e-05 6.22779e-06 7.78369e-06 -0.000100168 -1.61709e-05 -1.74675e-05 6.05733e-06 2.48151e-05 -1.27328e-05 -5.21025e-07 -5.0756e-05 -3.83309e-06 4.40018e-06 3.69343e-06 8.54796e-07 -7.15486e-07 4.99093e-06 -1.13793e-06 5.25663e-05 -5.86919e-05 6.5794e-06 6.20956e-06 2.39406e-07 3.14427e-06 -9.75197e-06 2.99867e-05 1.83617e-06 -1.11879e-07 9.10305e-07 9.62061e-07 5.37133e-05 -4.05239e-05 5.36421e-06 7.24784e-05 -1.48715e-06 -7.48931e-08 3.62509e-05 
-4.12342e-05 0.0058315 -0.00117554 -1.33796e-06 0.010215 1.90381e-05 -0.00163405 0.00954519 -0.000628906 -0.000352548 0.00481102 -0.00977053 -0.00700389 -0.00788385 0.00467504 0.00430333 5.46713e-05 -0.000498623 -0.00889747 0.000614605 -0.00176212 -0.00145383 -0.00249507 -0.000453686 0.00976621 1.51107e-05 0.000412884 0.00402813 0.0013846 0.00734046 -0.000213013 -0.00832776 0.000543913 -0.00171516 8.28022e-05 0.00961845 -0.00195171 -0.00140167 0.000892909 -0.00323513 0.00100956 -0.000127903 0.00363768 -0.00692735 0.00121257 -0.00720607 -0.000752516 3.50276e-05 -0.00599436 0.00978307 8.83576e-05 1.38367e-05 -0.00329099 3.00493e-06 -4.53285e-07 6.38414e-05 2.28869e-06 0.00508514 -2.18083e-05 -0.00529421 -0.00119349 4.43737e-08 0.0046558 0.00406096 -9.87299e-06 2.09677e-05 -0.00562582 -0.00108162 -0.000925808 -0.00719582 0.000111261 -0.000600612 -5.81433e-05 -0.00654817 -0.00120478 0.00403443 -9.10776e-05 0.0045063 -3.41609e-05 0.00436367 -0.000116803 -0.000731747 -0.00345714 2.55956e-05 0.00040045 -7.68717e-05 -0.00011898 -0.000538502 -0.00349763 3.66105e-05 -0.000110825 -1.77897e-05 0.000157494 0.00955984 -0.0054859 -0.00687697 0.00607314 0.00300878 -3.807e-06 1.05908e-05 
-5.00559e-05 -6.44781e-05 0.00205398 1.21936e-05 1.90381e-05 0.0084299 -0.000906161 -5.39038e-05 0.00211883 0.00307251 -0.000101299 -0.00211745 -0.00401608 0.00154507 3.07261e-05 5.65743e-05 2.0938e-05 -0.000435872 -0.00396956 0.000541116 0.00290417 0.00286192 0.00179553 0.00131016 9.06038e-06 2.62799e-05 1.39318e-05 -2.67395e-06 -0.000167389 1.56431e-05 6.6434e-05 -0.00181003 -3.61284e-05 0.00284659 -1.47254e-06 -0.000214379 -0.00157316 -0.00134458 0.0012666 -0.0014688 1.02135e-05 0.00178792 4.82242e-05 -0.00507434 -5.92815e-06 -0.00506508 -0.00060846 -2.31492e-06 6.00172e-05 -5.67116e-05 6.9563e-06 6.53708e-06 0.00404952 2.61404e-06 1.09666e-05 7.48974e-05 1.43156e-06 -8.47038e-05 -8.1166e-06 -0.000758001 -0.000949298 -1.55245e-06 -0.00036945 4.03589e-05 0.000215325 -2.71132e-05 -0.00433704 0.00165291 -0.000418424 -0.00126694 0.00061784 -0.000341335 -3.54599e-05 -0.00112403 0.00116061 -2.63583e-05 0.000263206 -0.000161473 -3.03177e-05 5.31552e-06 0.00274221 0.00272638 0.00185888 -5.86405e-06 1.87156e-05 0.000741625 -0.000158104 0.00114981 -0.00309268 -8.51753e-07 -7.5936e-05 -5.30777e-06 3.52545e-05 -0.000487593 -0.0046552 -0.00247895 -0.000216992 -3.61775e-05 1.82201e-06 -7.14798e-06 
0.00124721 -0.00248383 0.0227518 -2.26609e-06 -0.00163405 -0.000906161 0.145863 -0.0041772 0.0140255 0.00664297 7.58423e-05 -0.00836969 -0.0353525 0.0296555 -0.00153762 -0.00104842 0.00321684 -0.00568918 -0.00782842 -0.000396782 0.0448493 0.0191334 0.0442066 0.062239 -0.0034656 3.31447e-06 0.000312665 -0.000167197 -0.0028786 -0.00303774 -0.00272542 -0.0430336 -0.000984639 0.00130408 -0.00010276 -0.00164762 0.0240629 -0.0183306 0.0210394 0.025074 0.000764297 0.00299825 -0.000826617 -0.0577008 -0.000272381 -0.0600355 -0.0101542 -4.08427e-05 -0.046079 -0.00350647 -8.80806e-05 0.000123428 0.023115 4.81833e-05 8.17007e-07 0.000335805 0.000101622 -0.00159901 0.00117294 -0.0118394 -0.0148239 0.000169878 -0.00628287 -0.000286436 -0.000343543 0.00237845 -0.000432702 0.0183681 0.0432261 -0.0405479 0.00574875 -0.0132041 -0.000821538 -0.0839192 0.00127153 -0.00136128 -0.00047334 0.00205209 0.000812893 -0.0013987 0.00239483 0.0153834 -0.0309237 -0.000217212 -0.00035015 -0.000211364 0.00958235 0.0153668 0.0112395 9.53137e-06 0.00127821 -0.000284632 -0.000386645 0.0190241 -0.079471 -0.0289769 0.00103235 -0.000584516 4.40534e-05 -0.000502972 
-2.52714e-05 0.0116761 -0.00290322 3.73201e-05 0.00954519 -5.39038e-05 -0.0041772 0.0240168 0.00133853 -0.000821006 0.00780656 -0.0227714 -0.0144113 -0.0182168 0.00973068 0.00871242 0.000633702 -0.00053965 -0.0212834 0.00147065 -0.00418112 -0.00349063 -0.00598082 0.000506471 0.0204441 1.3726e-05 0.00104787 0.00828561 0.00213078 0.0164671 -0.000513313 -0.0152798 0.00536262 -0.00402982 0.00017463 0.0211648 -0.00431488 -0.00272078 0.00207789 -0.00772659 0.00449184 -0.000260901 0.00655027 -0.0164998 0.00138219 -0.0171994 -0.00178688 0.000216597 -0.0126574 0.0196809 0.000366795 9.8098e-05 -0.00782281 6.10709e-07 -1.0247e-06 0.000285642 3.88828e-06 0.00957534 -4.34002e-05 -0.0090673 -0.00205998 7.35231e-06 0.0102558 0.0135411 0.000122874 0.000119169 -0.0134404 -0.00255206 -0.00187007 -0.0140869 -3.44197e-05 -0.00166799 -0.00014273 -0.0155937 -0.00257509 0.00782899 -0.000186412 0.00981956 -9.63761e-05 0.00920925 -0.000270729 -0.00153453 -0.00809494 0.000230383 0.000863235 0.000150351 -0.000472351 0.00116621 -0.00529252 0.000126911 -0.000251826 -4.53643e-05 0.00195088 0.0226545 -0.013266 -0.0133037 0.0155678 0.00665035 -8.0616e-06 6.55213e-05 
0.000542673 -0.00121236 0.0238719 0.000116106 -0.000628906 0.00211883 0.0140255 0.00133853 0.0830567 0.0299701 0.000216781 -0.0110275 0.0111715 -0.0116387 0.000768809 0.0011614 0.00177143 -0.00376222 -0.0033324 -0.000564533 -0.0149425 0.00631644 -0.0200938 -0.00858585 0.000290061 -9.39442e-06 -0.000118067 0.00167463 0.000627539 0.000205426 -0.00028673 -0.0266754 -0.000399105 -0.015151 -6.88794e-05 0.0087001 -0.0113492 -0.0054931 -0.0311332 0.00915485 0.00165374 0.005853 0.000180433 -0.0256665 -0.000106674 -0.0280157 -0.00434226 -4.82032e-05 -0.0325534 -0.000665385 -6.71731e-06 0.000189541 -0.0209192 -5.53387e-06 2.85088e-05 0.000394792 -1.21684e-05 -0.000708427 0.000824533 0.0393332 0.00120147 -1.95769e-05 -0.0038745 0.0119167 -7.54016e-05 0.000506046 -0.0386705 -0.00409464 -0.00848711 0.0208515 0.006817 -0.00589132 -0.000316297 -0.0187995 0.00149404 0.000499383 0.000502261 -0.00177241 -0.000357346 0.00054503 -0.00111334 0.0400051 -0.0306903 -4.26225e-05 -0.000196506 0.00636345 0.00236558 -0.00306228 0.0136668 5.71944e-05 -0.000817148 -0.000169628 -0.00021618 0.017247 -0.0098351 0.0236829 0.0100406 0.000904472 -1.39525e-05 0.00381509 
0.000334843 -0.000598398 0.027903 4.70576e-05 -0.000352548 0.00307251 0.00664297 -0.000821006 0.0299701 0.039405 -0.000454594 -0.00306273 0.00503676 0.00192063 -0.000116082 3.88186e-05 -0.000162802 -0.00180438 0.00400229 -0.000204613 -0.00690735 0.0184348 -0.00942624 -0.00179098 -0.000766903 2.42074e-06 6.05587e-05 0.000671607 0.000213953 -0.000533247 0.000986595 -0.0295607 -0.000200654 -0.00700553 9.41913e-05 -0.00150057 -0.00771014 -0.00515428 -0.0148067 0.000152359 0.000476982 0.00665042 9.34313e-05 -0.0254883 -6.05346e-05 -0.0125525 -0.00218448 -2.18764e-05 -0.0221453 -0.000785209 2.41489e-05 -6.07732e-06 -0.00189918 2.01565e-06 3.6292e-05 0.00028268 -9.19022e-06 -0.000391087 0.000721611 0.0179376 -0.00395025 -8.41846e-06 -0.00172225 0.00049686 -0.000109127 0.000240083 -0.0125376 -0.000253857 -0.00381498 0.00933489 0.00456371 -0.00300181 -0.000125531 -0.0177632 0.00243645 -0.000269688 0.000518749 -0.000724589 -0.000159507 -0.000264675 -0.000534826 0.0311571 -0.0140753 -4.25998e-05 -9.68815e-05 0.006969 -0.000142843 -0.00163785 -0.00664953 1.74832e-05 -0.000284544 -7.80072e-05 -7.83065e-05 -0.000725936 -0.00568512 0.0115463 -0.000915196 5.63936e-06 9.07535e-06 0.00162562 
0.000739862 0.00578721 -0.00107701 2.77393e-07 0.00481102 -0.000101299 7.58423e-05 0.00780656 0.000216781 -0.000454594 0.012269 -0.0116437 -0.00243615 -0.00726481 8.98152e-05 -5.96281e-05 0.00270832 0.000242827 -0.00978829 -7.36099e-05 -0.0019134 -0.00176371 -0.00290335 0.00346823 0.00588827 -1.41462e-06 -2.07809e-05 0.000180091 0.00305968 0.00355714 -0.000219836 -0.00469639 0.000320306 -0.00101348 0.000210736 0.00908026 -0.00216263 0.00036853 0.00140288 -0.0036734 0.000442331 -0.000153252 -5.98391e-05 -0.00740494 0.00123404 -0.0084836 -0.000863607 0.000322275 -0.00409982 0.00663612 0.000418997 2.54394e-05 -0.0039064 4.17479e-07 -5.45592e-07 4.08889e-05 0.000137486 0.00546013 -1.37868e-05 -0.00194206 -0.0014044 -1.97999e-06 0.0065021 0.00304774 0.000482661 6.48686e-05 -0.00675512 -0.000551164 -0.00113254 -0.00508296 0.000965525 -0.000915848 -6.81322e-05 -0.00726426 -0.000614122 -3.4091e-05 0.000294007 0.00536306 1.17724e-05 -3.80002e-05 0.000174303 -0.000750342 -0.00333118 3.10279e-05 0.000514464 -0.00010628 -8.04283e-06 -0.000653395 3.33495e-05 0.000134402 -4.35043e-05 -1.53996e-05 2.448e-05 0.0106813 -0.00548889 -0.00306097 0.0103375 -4.09611e-05 -3.48872e-06 -0.000103909 
-0.00187975 -0.0120907 -0.00390009 -8.28666e-05 -0.00977053 -0.00211745 -0.00836969 -0.0227714 -0.0110275 -0.00306273 -0.0116437 0.049518 0.0132136 0.0190105 -0.0105609 -0.00962603 -0.00572757 5.94964e-06 0.0275572 -0.00222762 0.00719834 0.00371472 0.0105199 -0.00372486 -0.0203618 -8.9135e-05 -0.00189213 -0.0102259 -0.00394053 -0.0164478 0.000451466 0.0255647 -0.00530251 0.00599983 -0.000185457 -0.0252257 0.00592053 0.00187078 0.00353444 0.00322225 -0.00728362 -0.00232707 -0.00687734 0.0255576 -0.00151121 0.031425 0.00279455 -0.0003212 0.0212842 -0.0212441 -0.000426646 -0.000329752 0.0144703 -2.03337e-05 -2.82121e-05 -0.000551283 -0.00015818 -0.0103265 -0.00103686 0.000969522 0.00312022 -4.5113e-05 -0.0112633 -0.0175446 -0.000557284 -0.00167074 0.0267694 -4.42668e-06 0.00424468 0.0157561 -0.00691892 0.00293091 0.00016722 0.0285001 0.00249972 -0.00767555 -0.00148865 -0.00996409 -4.41103e-05 -0.00961627 -0.00124714 -0.00483419 0.0141076 -0.000242574 -0.000862102 -0.00228604 -0.0017992 -0.000432992 -0.000957741 -0.000155227 -0.000571146 -4.72946e-05 -0.0024086 -0.0385123 0.0233599 0.00963135 -0.0210634 -0.00758602 -5.01762e-05 -0.000344634 
-0.00308919 -0.00905132 0.0109401 -8.03838e-06 -0.00700389 -0.00401608 -0.0353525 -0.0144113 0.0111715 0.00503676 -0.00243615 0.0132136 0.134557 -0.00930726 -0.0108372 -0.00839972 0.000883188 -0.00134956 0.0714083 -0.00407863 -0.0947585 -0.0540866 -0.0869303 -0.0611069 -0.0151347 -0.000106939 -0.00112565 -0.00803797 0.000302333 -0.0134866 0.00119354 0.0122304 -0.0045599 -0.0458033 -0.000203481 -0.0102916 -0.010025 0.0219308 -0.0755704 0.0438524 -0.00431399 0.00144258 -0.00612557 0.086983 -0.000532409 0.0940556 0.0106648 -0.000270707 -0.00451012 -0.0148582 -0.000384793 -0.000168044 -0.0851559 -1.39882e-05 5.28014e-06 -0.000693542 2.21401e-05 -0.00624174 -0.000941704 0.0833377 0.00769057 -0.000193889 -0.00621259 -0.00583747 -0.00100426 -0.0105285 0.0220014 -0.0223395 -0.0662879 0.10828 0.000412014 0.0055761 0.000706954 0.0153471 -0.0507849 -0.00676312 0.000349386 -0.0113167 0.000515953 -0.00861599 -0.00829611 0.0100954 -0.0366429 3.42853e-05 -0.000645542 0.000993331 -0.00455322 -0.0377833 0.0583895 -5.14495e-05 -0.00299846 -0.000111896 -0.00211425 -0.0077024 0.0790838 0.104021 -0.00523622 -0.00678194 2.86824e-05 0.000825405 
-0.00319654 -0.00916427 0.0224398 -8.48307e-05 -0.00788385 0.00154507 0.0296555 -0.0182168 -0.0116387 0.00192063 -0.00726481 0.0190105 -0.00930726 0.168393 -0.00841876 -0.00791475 0.000334539 -0.013464 0.00370646 -0.00255841 0.0363185 0.0297606 0.0518889 0.0730585 -0.0163075 -6.9101e-05 -0.00103251 -0.00826535 -0.0185517 -0.0134918 -0.0050273 -0.0116896 -0.00438884 0.0354748 -7.5606e-05 -0.0168553 -0.0276611 -0.0943224 0.0288358 -0.04621 -0.00485586 0.00178995 -0.00561747 -0.0365518 -0.00120982 -0.00735508 -0.0205649 -0.000268513 0.0401235 -0.017393 -0.00042812 -1.74438e-06 0.0444964 1.24004e-05 -5.45066e-06 -0.000322882 1.55405e-05 -0.00786638 -0.000698366 -0.00699134 -0.00165398 -1.38237e-05 -0.0128269 -0.0115766 -0.000264429 -0.00192049 0.0840792 0.0218278 0.0178529 -0.0219978 0.000422075 0.00865249 -0.00262655 -0.0420881 0.0180605 -0.00630848 -0.00391305 -0.00614431 0.000787316 -0.00792562 0.00242724 -0.00201075 0.0404639 -7.83141e-05 -0.0014898 -0.001535 0.00340529 0.00824994 -0.0551197 -0.0001051 0.00189707 -0.00129998 -0.00198425 -0.0137425 -0.0608117 -0.0418838 -0.013609 -0.00626629 8.14214e-05 -0.00459962 
0.000790617 0.00316347 -8.4692e-05 6.79415e-06 0.00467504 3.07261e-05 -0.00153762 0.00973068 0.000768809 -0.000116082 8.98152e-05 -0.0105609 -0.0108372 -0.00841876 0.0133579 0.00981059 -7.48758e-05 0.000484389 -0.00938636 0.00204223 -0.00167104 -0.000140701 -0.00192763 -0.00355714 0.00961701 9.10392e-05 0.00158896 0.00936127 -0.00014202 0.00843017 -0.000276589 -0.011043 0.00116106 -0.00231432 -1.23977e-05 0.00773878 -0.000407181 -0.00206075 -0.00191605 -0.00397497 0.00535033 3.97158e-05 0.0068836 -0.0083045 0.000142343 -0.00880313 -0.000978866 1.70755e-06 -0.00789985 0.0101316 6.22214e-06 8.59763e-05 -0.00251746 6.45203e-06 1.05531e-06 0.000271481 1.98106e-06 0.000278861 0.000448079 -0.00694176 0.000420961 1.78718e-05 0.000810523 0.00548845 -3.43006e-05 0.000970029 -0.00517733 -0.00139869 -0.000424257 -0.00909953 0.000192005 -0.000840243 -3.14879e-05 -0.00846646 -0.00149681 0.00786954 0.000682564 0.00102041 -3.67967e-05 0.00947348 -0.000178524 -0.000784156 -0.00463946 4.9148e-05 0.000430011 0.000630422 -0.000240827 0.00276212 -0.00461116 -1.3996e-06 0.00201654 -2.56013e-05 0.00139229 0.0090286 -0.00747248 -0.00861445 0.0016529 0.0078145 -5.2813e-06 0.000173888 
0.000683714 0.000797995 -0.0011979 1.26795e-05 0.00430333 5.65743e-05 -0.00104842 0.00871242 0.0011614 3.88186e-05 -5.96281e-05 -0.00962603 -0.00839972 -0.00791475 0.00981059 0.0100718 -6.25201e-05 0.000383865 -0.00871901 0.00196406 -0.00173874 -0.00144656 -0.00248997 -0.0042558 0.00849674 8.37227e-05 0.0015849 0.00935991 -0.000109189 0.0073741 -0.000215322 -0.00828642 0.000286697 -0.00174067 -9.08248e-06 0.00670118 -0.00177326 -0.00159145 -0.00371717 -0.0031797 0.00536931 -9.01099e-06 0.00683558 -0.00655125 8.95429e-05 -0.00710077 -0.000740891 4.1761e-06 -0.00595844 0.00891026 1.96369e-05 8.32066e-05 -0.00318982 4.89292e-06 1.20313e-06 0.000225873 -2.38374e-06 9.54691e-05 0.000460191 -0.00511716 0.00068607 1.50996e-05 -0.000178503 0.00461853 -2.52335e-05 0.00100471 -0.00555134 -0.00106508 -0.000576587 -0.00712574 0.00023309 -0.000595733 -2.67783e-05 -0.00644784 -0.00118459 0.00787798 0.000686251 -0.000113487 -3.59017e-05 0.00913287 -0.000134556 -0.000543251 -0.00348336 8.30637e-05 0.000354409 0.000675452 -0.000197945 0.0022799 -0.00359921 -1.18319e-06 0.000269803 -1.9493e-05 0.000933322 0.00820588 -0.00575216 -0.00684992 0.000693486 0.00782158 -4.0587e-06 0.000207664 
5.78006e-05 -5.4675e-05 0.00176902 -7.80325e-08 5.46713e-05 2.0938e-05 0.00321684 0.000633702 0.00177143 -0.000162802 0.00270832 -0.00572757 0.000883188 0.000334539 -7.48758e-05 -6.25201e-05 0.00619971 -0.000325967 -0.00308938 -3.59366e-05 -0.000403268 -0.000863244 -0.000837928 0.00284256 -0.000113819 -7.04089e-07 0.000280932 5.26907e-05 -5.75589e-05 -6.02518e-05 -0.000117806 -0.0031312 -1.37831e-05 5.19705e-05 -3.60603e-06 0.00183086 -0.000954145 -0.000507359 -0.00169189 -0.000942251 0.000828455 0.000143884 -2.05425e-05 -0.00414924 -8.6335e-06 -0.00434977 -0.000448047 1.52513e-05 -0.00276453 5.99739e-05 -3.95039e-06 6.44083e-06 -0.00186253 -8.56309e-08 -2.7398e-07 2.79157e-05 0.000143312 4.12693e-05 4.63954e-05 0.00264175 -0.000700348 2.73123e-06 -0.000229367 0.00195068 0.000353968 -8.06209e-05 -0.00328537 0.00138952 -0.000519108 -0.000239066 0.00279427 -0.0004723 7.86743e-06 -0.00390227 0.000288452 -3.74992e-05 -5.32596e-05 -5.93012e-05 -1.74977e-05 -5.98814e-05 0.000107914 0.000630146 -0.0019059 -4.82371e-06 -1.6258e-05 -6.08344e-05 0.000370345 -0.000306833 0.00289235 1.8026e-05 0.000579614 -4.16145e-06 -1.5607e-05 0.00556044 -0.00337494 0.00126882 0.00339647 -4.45405e-05 4.68822e-06 -5.01146e-05 
0.00399243 -0.000154326 -0.00596522 1.36192e-06 -0.000498623 -0.000435872 -0.00568918 -0.00053965 -0.00376222 -0.00180438 0.000242827 5.94964e-06 -0.00134956 -0.013464 0.000484389 0.000383865 -0.000325967 0.0495245 0.00508165 0.000271776 -0.00697649 -0.0066632 -0.00951137 -0.0150002 -0.000335118 4.79074e-05 0.000198537 0.000411467 0.00276247 -6.29161e-05 0.00115012 0.00725058 0.000254688 -0.00831924 0.000124987 -0.00126191 -0.00558082 0.000957161 0.0127809 -0.0118491 0.00066776 -0.000438923 -0.000307004 0.0136482 -7.35656e-05 -0.00133927 -0.00363248 0.00021968 0.0143448 0.000199054 0.000204078 -2.14497e-05 -0.0102625 -1.73645e-07 -1.2482e-06 3.78268e-06 -1.22316e-05 -0.000394985 0.000255273 -0.0263364 0.0148886 -1.37056e-05 0.0238844 -0.000873454 -0.000144094 0.0033935 0.0133177 -0.00536318 -0.000986611 0.00107262 -0.00037716 0.000128003 0.000743951 0.000605942 -0.00216652 -0.000358105 0.00275571 0.000555371 -1.24476e-06 0.000136252 -0.000434192 -0.0036279 -0.0159221 -1.51672e-05 2.24065e-05 0.000251642 -0.000915209 -0.00265178 -0.0153691 1.49557e-05 0.000112794 -3.78559e-05 0.000612212 -0.00293611 0.0117723 0.00568786 -0.00117104 0.000321008 -1.09633e-05 -2.11804e-06 
-0.000420507 -0.0104319 0.0152216 -7.66166e-05 -0.00889747 -0.00396956 -0.00782842 -0.0212834 -0.0033324 0.00400229 -0.00978829 0.0275572 0.0714083 0.00370646 -0.00938636 -0.00871901 -0.00308938 0.00508165 0.116862 -0.00333787 -0.0579008 -0.0280878 -0.0462643 -0.0497583 -0.0187655 -0.000104106 -0.00129503 -0.00874004 -0.00071424 -0.0151425 0.00241766 0.00178904 -0.00483709 -0.0609749 -0.000164361 -0.0294797 0.0197734 0.0156205 -0.0404289 0.0412858 -0.00529307 0.00132756 -0.00618055 0.0766117 -0.00138124 0.073062 0.0069849 -0.00024713 -0.0111949 -0.0183616 -0.000342627 -0.00015839 -0.040355 -3.30854e-08 -2.026e-06 -0.000592168 -0.000132599 -0.00906712 -0.000516151 0.0407839 0.0131069 -2.40522e-05 -0.00657241 -0.0214963 -0.00201266 -0.00588487 0.0603162 -0.00987519 -0.0244831 0.0654662 -0.00141568 0.00423302 0.000750524 0.00275317 -0.0481268 -0.00700942 0.000132912 -0.00864737 0.000362909 -0.00875882 -0.00961098 0.00720069 -0.0471137 -0.000316331 -0.000628942 -0.000137024 0.00152234 -0.020396 0.0257318 -0.00013376 0.000845943 0.000199274 -0.0021938 -0.0293612 0.0607902 0.0674509 -0.0267779 -0.00689703 4.26461e-05 0.000514638 
5.74266e-05 0.000123385 -0.000702424 -9.20295e-07 0.000614605 0.000541116 -0.000396782 0.00147065 -0.000564533 -0.000204613 -7.36099e-05 -0.00222762 -0.00407863 -0.00255841 0.00204223 0.00196406 -3.59366e-05 0.000271776 -0.00333787 0.00638689 0.000668716 0.00043326 0.000335385 -0.000842265 0.00153284 9.25317e-05 0.00136015 0.00188132 -5.47041e-06 0.0010183 -9.04144e-05 -0.00125566 0.000168899 -4.58187e-06 1.13419e-06 0.000975037 -0.000411549 -6.58318e-05 -0.00067056 -0.0018237 0.00154044 -7.5554e-05 0.00109786 -0.00101107 8.19402e-06 -0.00159083 0.000166392 6.09776e-09 -0.000127265 0.00206873 -1.82043e-06 1.26199e-05 0.00129739 -4.2131e-07 1.22436e-06 6.37686e-06 -1.33258e-06 1.75462e-05 1.16871e-05 -0.00265382 0.000196238 4.74579e-05 -3.84244e-05 0.000485082 -1.45725e-05 0.000324168 -0.00331622 -0.000609886 0.000133618 -0.00295325 -1.53568e-05 0.000171811 1.76284e-05 -0.0002183 0.000833503 0.00110463 0.000261504 -0.000121044 -1.1247e-05 0.0020369 2.54548e-05 -0.000453118 0.000897163 -5.10053e-06 0.000140327 0.000395994 -0.000125744 -5.69385e-05 -0.00169356 -1.84774e-07 0.000417492 9.27536e-06 0.00081174 0.00112107 -0.00171414 -0.00304205 0.000291222 0.00136386 -2.51073e-06 -4.91835e-05 
-0.000794227 -0.00219525 -0.0149668 -3.16394e-05 -0.00176212 0.00290417 0.0448493 -0.00418112 -0.0149425 -0.00690735 -0.0019134 0.00719834 -0.0947585 0.0363185 -0.00167104 -0.00173874 -0.000403268 -0.00697649 -0.0579008 0.000668716 0.143351 0.0494411 0.125019 0.094127 -0.00342733 1.11558e-05 -0.000682439 -0.00180886 -0.00405661 -0.00302071 -0.0024407 0.0118236 -0.000970155 0.0840885 -0.00012239 -0.00658723 0.00620339 -0.0272949 0.09931 -0.0457636 -0.00129394 -0.00200688 -0.00122995 -0.107848 -0.000276102 -0.103315 -0.0122404 -6.48899e-05 0.0229711 -0.0041252 -0.00010286 5.14899e-05 0.113661 -6.18191e-06 -7.28303e-06 0.000284005 -1.12883e-05 -0.00174183 0.00013055 -0.0899415 -0.017345 0.000128768 -0.00755804 -0.00505042 0.000932587 0.00477145 0.000975845 0.0463323 0.0673525 -0.121613 -0.00107266 -0.0122452 -0.00100927 -0.00818802 0.0519217 -0.00136314 -0.00148804 0.00210589 -0.000603151 -0.0016454 0.0085198 -0.0111256 0.0518243 -0.000231495 -0.000385115 -0.001978 0.00679572 0.0326705 -0.0632448 -2.92881e-05 0.000537186 -0.000309612 -0.000440723 -0.00647862 -0.0957414 -0.118119 -0.00560812 -0.0013193 -5.16996e-05 -0.0015064 
-0.000219369 -0.000855766 0.0357992 -2.05665e-05 -0.00145383 0.00286192 0.0191334 -0.00349063 0.00631644 0.0184348 -0.00176371 0.00371472 -0.0540866 0.0297606 -0.000140701 -0.00144656 -0.000863244 -0.0066632 -0.0280878 0.00043326 0.0494411 0.121955 0.053596 0.0494494 -0.0030346 1.14828e-06 -0.000470974 -0.0015068 -0.00340509 -0.00247986 0.00271145 -0.04132 -0.000795675 0.0231955 0.000393432 -0.00527646 0.00167237 -0.0221811 0.0197186 -0.0347326 -0.00111565 0.00211555 -0.000915022 -0.0766211 -0.000226644 -0.0399176 -0.0075821 -7.28432e-05 -0.0188627 -0.0033439 -8.61084e-05 0.000202036 0.0680478 7.03397e-05 8.85319e-06 0.000157574 -9.53153e-06 -0.00160127 0.000315613 -0.0182839 -0.015471 8.96036e-05 -0.00621076 -0.00417083 0.000658041 -0.000162204 -0.0146525 0.00913095 0.028973 -0.0457186 0.00100663 -0.00690992 -0.00081703 -0.0330775 0.0480441 -0.00114839 -0.00122273 -0.00196649 -0.000546205 -0.00139947 4.61469e-05 0.0152787 0.015928 -4.67558e-06 -0.000324577 0.00105339 0.000756802 0.0286104 -0.0425253 -1.4236e-05 0.00428213 -0.000253474 -0.000361882 -0.00936784 -0.0472898 -0.0399653 -0.00466159 -0.00109805 -8.67356e-06 -0.00108146 
-0.00088774 -0.00273659 -0.00753171 -4.35242e-05 -0.00249507 0.00179553 0.0442066 -0.00598082 -0.0200938 -0.00942624 -0.00290335 0.0105199 -0.0869303 0.0518889 -0.00192763 -0.00248997 -0.000837928 -0.00951137 -0.0462643 0.000335385 0.125019 0.053596 0.184911 0.129864 -0.00491402 2.12023e-06 -0.000766267 -0.00261388 -0.00580211 -0.00427848 -0.00151903 0.00736527 -0.00137037 0.102253 -0.000161375 -0.00917383 -0.00169197 -0.0387147 0.128945 -0.060719 -0.00165221 -0.00271 -0.00169499 -0.134724 -0.000387474 -0.115077 -0.0178394 -0.000107491 0.0282792 -0.00581629 -0.000149044 0.000147703 0.153785 4.97032e-05 -1.0184e-05 3.02009e-06 4.55757e-06 -0.00274463 0.000366294 -0.11601 -0.0228321 0.000115938 -0.00994194 -0.00700267 0.000701902 0.00439104 0.0261917 0.0691034 0.0635738 -0.157083 -0.00209134 -0.016563 -0.0014658 -0.00774246 0.0546233 -0.0019711 -0.00211127 0.000593939 -0.000912993 -0.0023847 0.00846329 -0.0165509 0.073924 -0.000227762 -0.000555195 -0.00272483 0.00917638 0.0307617 -0.0815965 -3.80831e-05 0.00191651 -0.000452732 -0.000623245 -0.00950221 -0.137243 -0.143081 -0.0075664 -0.00191007 2.50856e-05 -0.00201681 
-0.00185208 0.00364576 0.0261096 -1.25932e-05 -0.000453686 0.00131016 0.062239 0.000506471 -0.00858585 -0.00179098 0.00346823 -0.00372486 -0.0611069 0.0730585 -0.00355714 -0.0042558 0.00284256 -0.0150002 -0.0497583 -0.000842265 0.094127 0.0494494 0.129864 0.244723 -0.000334779 -1.9611e-05 0.000447117 -0.00456793 -0.00938702 -0.00206251 1.49034e-05 -0.0520011 0.000452843 0.0814621 9.14115e-05 0.0093308 0.0381898 -0.0623883 0.136662 -0.0314585 -0.00248651 -0.00358704 -0.00300287 -0.141132 0.000719299 -0.112522 -0.0282453 -0.000117189 -0.0415087 -0.00102135 -0.000249759 0.000185482 0.11888 4.70689e-06 -1.29279e-05 -0.000233039 0.000129942 0.00343514 -2.09734e-05 -0.109425 -0.0356945 9.92888e-05 -0.00499869 0.00450098 0.00115824 0.000631762 0.049649 0.0564801 0.0505759 -0.117567 0.000121775 -0.0222721 -0.0018583 -0.10122 0.0377053 -0.00342556 -0.00352414 0.007436 0.00180779 -0.00411929 0.00662927 -0.010202 0.0325802 0.000364834 -0.00105211 -0.00287668 0.0104253 0.0267294 -0.0332833 6.1578e-05 0.0049072 -0.000798845 -0.00083521 0.0163502 -0.175572 -0.118744 0.011906 -0.00334117 2.24986e-05 -0.0033807 
-1.51272e-05 0.0119506 -0.00252971 3.36191e-05 0.00976621 9.06038e-06 -0.0034656 0.0204441 0.000290061 -0.000766903 0.00588827 -0.0203618 -0.0151347 -0.0163075 0.00961701 0.00849674 -0.000113819 -0.000335118 -0.0187655 0.00153284 -0.00342733 -0.0030346 -0.00491402 -0.000334779 0.0221447 1.32038e-05 0.00105466 0.00802536 0.00210186 0.0165395 -0.000475624 -0.0161853 0.00543587 -0.00366957 0.00013158 0.0187984 -0.00376108 -0.00338371 0.00285465 -0.00700857 0.00413523 -0.000228281 0.00652257 -0.0149449 0.00148532 -0.0156888 -0.00165226 0.000147599 -0.0126253 0.0196619 0.000301186 9.78448e-05 -0.00677867 5.41108e-07 -9.384e-07 0.000282349 3.20197e-06 0.00972885 -3.31402e-05 -0.0108161 -0.00176628 1.48406e-05 0.0106623 0.0109702 -4.73193e-05 -1.12495e-05 -0.0115531 -0.00229895 -0.00110758 -0.0149129 5.21394e-05 -0.00145785 -6.81509e-05 -0.0140222 -0.0025387 0.00769171 -0.00018294 0.00990336 -8.79152e-05 0.0090762 -0.000183675 -0.00142121 -0.00746578 0.000184228 0.000809309 5.35668e-05 -0.000407971 0.00163211 -0.00709197 9.46346e-05 -0.000221676 -3.83931e-05 0.0020082 0.0201785 -0.0121826 -0.0145963 0.0130054 0.00649234 -7.08444e-06 0.000106712 
5.22672e-06 8.78498e-06 -1.42297e-05 -2.39995e-08 1.51107e-05 2.62799e-05 3.31447e-06 1.3726e-05 -9.39442e-06 2.42074e-06 -1.41462e-06 -8.9135e-05 -0.000106939 -6.9101e-05 9.10392e-05 8.37227e-05 -7.04089e-07 4.79074e-05 -0.000104106 9.25317e-05 1.11558e-05 1.14828e-06 2.12023e-06 -1.9611e-05 1.32038e-05 0.000127804 6.79886e-05 7.43056e-05 -3.00241e-06 2.13936e-05 -2.47457e-06 -7.76984e-05 2.93128e-06 -1.84097e-05 -1.2121e-07 1.18114e-05 -9.91357e-06 -1.79527e-05 -1.62483e-05 -3.91576e-05 7.49031e-05 -1.2209e-06 5.81025e-06 -7.10258e-05 1.70381e-06 -8.69759e-05 -8.66069e-06 4.14655e-07 -5.07758e-05 7.92193e-05 -8.09373e-08 2.58473e-07 -5.73636e-06 -1.28182e-08 -5.61343e-09 3.92773e-07 -2.9944e-08 -1.3528e-06 4.25792e-06 -6.822e-05 4.31047e-05 -3.37125e-08 -4.47578e-06 1.23719e-05 -1.63514e-07 5.18298e-06 -6.24562e-05 -1.01625e-05 1.86237e-05 -9.05239e-05 7.35768e-07 -9.77531e-06 1.07328e-05 -7.01284e-05 2.79412e-06 3.65643e-06 2.165e-05 -1.11504e-06 -4.77358e-07 6.98589e-05 -1.1693e-06 -8.67385e-06 -1.62134e-05 -2.02365e-07 7.34265e-06 6.7577e-05 1.7382e-06 4.95876e-06 -4.66617e-05 -2.30281e-08 6.53621e-05 -2.44867e-07 7.5378e-05 9.91156e-06 -7.13834e-05 -8.76396e-05 1.22852e-05 5.18516e-05 -5.09844e-08 -6.94414e-07 
1.42317e-05 -4.28483e-05 0.000727091 5.69702e-06 0.000412884 1.39318e-05 0.000312665 0.00104787 -0.000118067 6.05587e-05 -2.07809e-05 -0.00189213 -0.00112565 -0.00103251 0.00158896 0.0015849 0.000280932 0.000198537 -0.00129503 0.00136015 -0.000682439 -0.000470974 -0.000766267 0.000447117 0.00105466 6.79886e-05 0.00395905 0.00165119 -8.05297e-05 0.000406077 3.07381e-05 -0.0029909 -2.74648e-06 -0.000647234 -2.94264e-06 0.000643743 0.000788656 -0.000461492 -0.00123275 0.000318904 0.0017924 -4.43236e-06 0.00100843 -0.00100907 -5.06847e-06 -0.00136322 -0.000276237 1.35763e-06 -0.00232005 0.00161094 -1.72026e-06 -1.0186e-06 -0.00125136 -3.61945e-07 1.2921e-06 6.91756e-06 1.64216e-06 -9.62829e-06 4.0438e-05 -0.00143036 -2.16977e-05 4.6225e-05 -0.000142838 -8.50805e-05 1.65821e-05 4.23117e-05 -0.000662268 -0.000365812 -0.000195746 -0.000969664 0.000236741 -0.000240533 4.47229e-05 -0.00242108 -0.000415663 0.00103245 0.000213927 -7.41575e-05 0.000366467 0.00164949 -5.12764e-05 4.38587e-06 -0.0012566 9.99699e-06 8.85906e-06 0.000378338 7.93579e-05 8.44992e-05 0.000697221 -3.89442e-07 0.000647719 -4.30135e-06 0.000588445 0.0011095 -0.00217773 -0.00053645 -1.94408e-05 0.00148199 1.92786e-06 -2.55576e-06 
0.0010127 0.000487625 -0.00097588 8.05123e-06 0.00402813 -2.67395e-06 -0.000167197 0.00828561 0.00167463 0.000671607 0.000180091 -0.0102259 -0.00803797 -0.00826535 0.00936127 0.00935991 5.26907e-05 0.000411467 -0.00874004 0.00188132 -0.00180886 -0.0015068 -0.00261388 -0.00456793 0.00802536 7.43056e-05 0.00165119 0.0106884 0.000682981 0.0068422 -0.000204938 -0.00867194 5.0309e-05 -0.00184741 -8.97974e-06 0.00620771 -0.00183502 -0.00128398 -0.00395982 -0.00316237 0.00617005 0.000124013 0.0068878 -0.00677742 8.40203e-05 -0.00755035 -0.000765577 4.60103e-06 -0.00625637 0.0089127 1.6258e-05 6.09382e-05 -0.00322445 4.63309e-06 3.27214e-06 0.000317005 -2.53128e-06 3.90075e-05 0.000961054 -0.00466802 0.000658473 2.54535e-05 -0.000279901 0.0040352 -2.78511e-05 0.00140704 -0.00589837 -0.000958097 -0.00058307 -0.00767614 0.000847791 -0.000648299 -1.2623e-05 -0.00682846 -0.00112931 0.00767168 0.00080469 -0.0002155 -3.35955e-05 0.00880483 -0.000143233 0.000178669 -0.00369935 5.21399e-05 0.000283157 0.00107774 8.76505e-07 0.0022698 -0.00348244 -6.09987e-07 0.000264851 -2.06996e-05 0.000766582 0.00823514 -0.00605773 -0.00656284 0.000569438 0.00777923 -4.06325e-06 0.000438223 
0.00154803 0.00186268 -0.00256895 1.58161e-05 0.0013846 -0.000167389 -0.0028786 0.00213078 0.000627539 0.000213953 0.00305968 -0.00394053 0.000302333 -0.0185517 -0.00014202 -0.000109189 -5.75589e-05 0.00276247 -0.00071424 -5.47041e-06 -0.00405661 -0.00340509 -0.00580211 -0.00938702 0.00210186 -3.00241e-06 -8.05297e-05 0.000682981 0.0236826 0.00145834 0.000651715 0.000621506 0.000127216 -0.00389834 0.00010291 0.00182888 0.00291314 0.014392 -0.00326757 0.00428756 0.000894485 -0.000228146 -3.76875e-05 0.00400795 0.000375781 -0.00427659 0.00181033 0.000270482 -0.0055156 0.00326666 0.000317168 1.54755e-05 -0.00525387 -6.54047e-07 2.5874e-06 9.76001e-05 -4.43605e-06 0.00178068 0.000251282 -0.00507076 -0.00267322 -3.80499e-06 0.00474631 -0.000327067 -6.18338e-05 0.00123243 -0.012205 -0.0024346 -0.00206031 -0.0020709 0.000239152 -0.00178465 0.000622458 0.00451111 -0.00274654 -9.13242e-05 0.000993855 0.00136198 -9.08228e-05 -9.73559e-05 7.61276e-05 0.00025797 -0.00569443 -2.30038e-05 0.000538235 0.000292472 -0.000318333 -0.00117745 0.00411821 7.83721e-06 -0.000262579 0.000182722 -5.52398e-05 0.00189296 0.00622262 0.00373063 0.00221223 -5.61626e-05 -9.68141e-06 0.000579672 
5.5182e-05 0.00932613 -0.00208184 3.41238e-05 0.00734046 1.56431e-05 -0.00303774 0.0164671 0.000205426 -0.000533247 0.00355714 -0.0164478 -0.0134866 -0.0134918 0.00843017 0.0073741 -6.02518e-05 -6.29161e-05 -0.0151425 0.0010183 -0.00302071 -0.00247986 -0.00427848 -0.00206251 0.0165395 2.13936e-05 0.000406077 0.0068422 0.00145834 0.0173158 -0.000332241 -0.0130921 0.00542633 -0.00299441 0.000216772 0.0146198 -0.00336966 -0.00269224 0.000849931 -0.00555357 0.00324291 -0.000160107 0.0056495 -0.0117114 0.00026353 -0.0121665 -0.00127772 0.000241386 -0.00978938 0.0158224 0.000407842 8.83274e-05 -0.00554304 1.21902e-06 -7.74096e-07 0.000288561 -2.2793e-06 0.00747598 -2.77495e-05 -0.00866655 -0.00121202 -2.36232e-06 0.00844722 0.010137 6.23814e-06 -8.38577e-05 -0.00961357 -0.00183819 -0.00139633 -0.0117843 1.75059e-05 -0.0012758 -8.44865e-05 -0.0110026 -0.00196227 0.00641938 -0.000136598 0.00796479 -6.31457e-05 0.00783359 -0.000206051 -0.00104613 -0.00579917 0.0002542 0.00088798 0.000134694 -0.000348298 0.00125772 -0.00568417 6.45344e-05 -9.13762e-05 -2.6834e-05 0.00194198 0.0158979 -0.00920752 -0.011493 0.0101543 0.0053801 -6.99079e-06 0.000130432 
0.000354355 -0.000319553 0.00167914 4.80693e-07 -0.000213013 6.6434e-05 -0.00272542 -0.000513313 -0.00028673 0.000986595 -0.000219836 0.000451466 0.00119354 -0.0050273 -0.000276589 -0.000215322 -0.000117806 0.00115012 0.00241766 -9.04144e-05 -0.0024407 0.00271145 -0.00151903 1.49034e-05 -0.000475624 -2.47457e-06 3.07381e-05 -0.000204938 0.000651715 -0.000332241 0.0207614 -0.0024664 -0.000118052 -0.00256587 3.0555e-06 -6.72617e-05 0.00343698 0.00370507 0.00195193 -0.00177231 -0.000156918 0.000350494 -0.000125354 -0.00119277 -3.24359e-05 -0.00566965 -0.00108456 -9.06692e-06 -0.0062349 -0.000484277 -8.1213e-06 4.60908e-05 0.000526941 -1.72048e-06 1.11085e-05 -2.00067e-05 -2.81244e-06 -0.00024164 0.000539496 -0.0069363 -0.00199917 -2.88116e-06 -0.000117332 -0.000402013 -2.75105e-05 2.46198e-06 -0.00317969 -0.00194906 0.000833591 0.00157328 -0.00014527 -0.00108951 -0.000121178 -0.000388997 -0.00234127 -0.000172071 -0.000156407 -0.00043163 -4.19515e-05 -0.000218068 -0.000265756 0.00074941 0.000918334 -1.43953e-05 -2.89451e-05 0.000645543 0.000916822 -0.000323944 0.00618837 -3.79477e-06 -0.000125772 0.000639962 -5.3973e-05 -0.000630289 -1.89567e-05 0.00329081 -0.000144818 -0.000171393 2.71929e-06 -6.57181e-05 
-0.000794602 -0.0113998 -0.0841008 -2.21542e-05 -0.00832776 -0.00181003 -0.0430336 -0.0152798 -0.0266754 -0.0295607 -0.00469639 0.0255647 0.0122304 -0.0116896 -0.011043 -0.00828642 -0.0031312 0.00725058 0.00178904 -0.00125566 0.0118236 -0.04132 0.00736527 -0.0520011 -0.0161853 -7.76984e-05 -0.0029909 -0.00867194 0.000621506 -0.0130921 -0.0024664 0.144136 -0.00445258 0.0256743 -0.00050643 -0.0146054 -0.0270952 0.0260726 0.0177491 -0.0189302 -0.00570153 -0.00991912 -0.00610361 0.0603464 -0.00129667 0.0270123 0.00375907 5.3811e-05 0.10059 -0.0172657 -2.83303e-07 -0.000361851 0.00157942 -7.04339e-05 -3.54807e-05 -0.000497248 -0.000162073 -0.00835872 -0.00137854 -0.0147168 0.0177874 -0.000179777 -0.00394818 -0.00914702 0.000294989 0.000714446 -0.0101217 0.00421398 -0.00373548 0.002815 -0.00744481 0.0111793 -0.000978235 0.0957697 -8.00713e-05 -0.00664046 -1.30369e-06 -0.00778936 -0.00235759 -0.00846838 0.00216677 -0.031267 0.0522163 -0.000225116 -0.000179639 -0.00776899 -0.00602862 -0.0147015 -0.00295385 -7.92514e-05 -0.00660815 0.000285801 -0.00204243 -0.0258445 0.0481405 -0.00464044 -0.00934161 -0.00665648 -0.000195943 -0.00040677 
1.00969e-06 0.00528808 -0.000654469 6.74581e-06 0.000543913 -3.61284e-05 -0.000984639 0.00536262 -0.000399105 -0.000200654 0.000320306 -0.00530251 -0.0045599 -0.00438884 0.00116106 0.000286697 -1.37831e-05 0.000254688 -0.00483709 0.000168899 -0.000970155 -0.000795675 -0.00137037 0.000452843 0.00543587 2.93128e-06 -2.74648e-06 5.0309e-05 0.000127216 0.00542633 -0.000118052 -0.00445258 0.00556549 -0.000948245 -2.95073e-06 0.00534778 -0.00109098 -0.000882205 0.00221134 -0.0017643 -1.68789e-05 -2.0451e-05 -7.89361e-06 -0.00375758 6.46518e-05 -0.00391284 -0.000408998 -2.99385e-06 -0.00330802 0.00540482 1.35936e-06 2.85135e-05 -0.00178906 -1.46001e-08 -8.57932e-08 3.87711e-05 5.48552e-06 0.00432981 -5.60814e-06 -0.00298386 -0.000641539 -1.47616e-06 0.0052038 0.00510951 -1.56097e-05 -6.80673e-05 -0.0030535 -0.000575749 -0.000521975 -0.00397581 -4.8559e-05 -0.000430034 -3.08896e-05 -0.00355469 -0.000662915 6.42307e-05 -4.18855e-05 0.00460383 -2.19236e-05 0.000824626 -7.15905e-05 -0.000393731 -0.00189856 1.24724e-05 5.3776e-05 -2.32816e-05 -0.000108933 -0.000295478 -0.00203757 1.19183e-05 -4.9427e-05 -1.07219e-05 0.00158214 0.0051227 -0.00315853 -0.00385893 0.00513897 -2.6503e-05 -2.21244e-06 -4.57346e-05 
-0.000917008 -0.00258054 -0.0184431 -2.71137e-05 -0.00171516 0.00284659 0.00130408 -0.00402982 -0.015151 -0.00700553 -0.00101348 0.00599983 -0.0458033 0.0354748 -0.00231432 -0.00174067 5.19705e-05 -0.00831924 -0.0609749 -4.58187e-06 0.0840885 0.0231955 0.102253 0.0814621 -0.00366957 -1.84097e-05 -0.000647234 -0.00184741 -0.00389834 -0.00299441 -0.00256587 0.0256743 -0.000948245 0.141806 -0.000148702 -0.0061829 -0.0290188 -0.0261576 0.079727 -0.0520353 -0.00125779 -0.0021115 -0.00126647 -0.0903228 -0.000275881 -0.0736787 -0.0108776 -4.20773e-05 0.0430374 -0.00405167 -9.72948e-05 0.000175243 0.0914276 -1.01623e-05 -7.51289e-06 -3.51959e-05 0.00013246 -0.00179403 -0.000359637 -0.0786142 -0.018401 -4.46135e-05 -0.00640597 -0.00494121 0.00104455 0.00340022 -0.000558426 0.0485678 0.0220271 -0.0976023 -0.00126363 -0.00337363 -0.0010623 0.035503 0.035449 -0.0013705 -0.00120828 -0.00179888 -0.000307438 -0.00175625 0.0103024 -0.0118869 0.0915195 5.47483e-05 -0.000439998 -0.00195277 0.000984465 0.0144682 -0.0580173 -2.73503e-05 -0.00173406 -0.000298965 -0.000435263 -0.00833899 -0.0787213 -0.107153 -0.00493031 -0.0013824 -5.70098e-05 -0.00153276 
