0.000466569 -4.65264e-05 1.10542e-05 -2.63267e-06 2.30087e-06 -1.6171e-08 0.000142627 -8.35146e-05 3.9587e-05 -6.3849e-07 -0.000142741 -0.000268043 2.683e-05 6.60991e-07 -8.79807e-05 3.46557e-07 -2.01445e-07 -3.63031e-07 -2.60846e-06 -1.95513e-06 -1.20998e-06 0.000154111 1.40194e-05 -7.86209e-08 8.30713e-06 6.70882e-05 9.87483e-07 1.02352e-05 -5.43651e-07 -4.06177e-08 -0.000251336 1.6566e-07 -1.46587e-08 6.52843e-07 -4.95387e-08 -1.48841e-05 -2.24098e-07 -3.17189e-06 -3.87677e-07 2.84881e-08 -7.5641e-07 9.33321e-08 -6.93956e-10 -6.36541e-09 -2.63059e-05 -3.09508e-07 6.81489e-08 0.000130758 -9.26256e-07 1.57898e-07 2.99369e-05 -5.172e-08 -6.7751e-08 -1.26768e-05 -1.86014e-08 1.35551e-05 -2.45738e-07 -5.25476e-08 -1.74423e-09 2.29337e-07 -1.0522e-06 -1.52375e-08 -2.24024e-05 1.31358e-06 -1.44658e-08 -9.51828e-06 -2.38595e-07 -3.24766e-06 -3.87607e-06 -5.85146e-06 -3.97923e-05 -0.000108874 1.24659e-06 2.1494e-07 5.0995e-05 1.3933e-06 -8.98773e-07 -0.00018887 6.29474e-06 -3.7886e-08 -2.48938e-06 3.7674e-05 -4.45688e-06 -9.41872e-05 -1.00048e-09 1.13151e-05 -5.6503e-08 -5.94997e-09 -6.67219e-05 2.58314e-07 -6.4041e-07 -1.30358e-08 0.000200707 -2.59067e-09 -5.23708e-06 -9.01076e-06 0.000104685 6.53773e-05 -8.35792e-05 -1.71304e-07 
-4.65264e-05 0.0994111 0.000178677 0.000503809 -4.64343e-05 -3.74138e-06 -0.0344348 -0.00569627 -0.00627818 -2.61067e-05 0.0107621 0.0345696 -0.0272255 -0.000159714 0.000418487 6.04653e-05 -1.69442e-05 -7.65331e-05 -0.000476229 -0.000452377 0.000109116 -0.0174284 0.000799012 6.24956e-05 -0.00467945 0.00913725 -2.87486e-05 -0.000604628 0.000334538 0.000181721 0.0179949 -3.34719e-05 -3.44869e-06 -2.51571e-06 -2.33702e-05 -0.0041511 -2.51404e-05 -0.000421421 8.93525e-05 -1.06196e-06 -9.21479e-05 -1.14484e-05 -3.9754e-08 -1.35652e-06 -0.00172178 -6.61277e-05 -1.2433e-06 -0.0183115 -0.000171333 0.000173253 -8.32134e-05 -1.13665e-05 -1.56043e-05 0.00260464 6.29244e-06 -4.4211e-05 4.01887e-05 -1.32888e-05 -2.48291e-07 -3.4372e-05 0.000140695 -3.09417e-06 -0.0120478 -6.12111e-06 -6.37013e-05 -0.00233078 -1.76018e-05 -0.000708806 -0.00087534 0.0110637 -0.000292069 -0.0064431 -3.39408e-05 -3.63288e-05 -0.00146281 -8.10728e-05 -0.000177108 0.0120269 0.00227248 -8.93227e-06 -0.000586912 0.0117445 -0.0159327 0.000646444 -5.65961e-08 0.000957899 -1.30369e-05 -4.90223e-07 -0.0189434 -2.10981e-05 -0.000145064 -3.11951e-06 -0.026627 -6.21279e-07 -0.00148234 -0.00553407 -0.00879665 -0.000657465 0.00982611 0.000138269 
1.10542e-05 0.000178677 0.00519798 -2.43125e-05 -1.87934e-06 4.35646e-07 0.00141545 -0.00111694 0.000162683 -4.77974e-06 -0.00193314 -0.00189643 -0.000536445 -4.22352e-06 1.78598e-05 0.000183866 -1.27695e-06 -3.78771e-06 -2.04861e-05 -2.20985e-05 0.000107856 0.00168435 0.000139681 5.17432e-05 0.000351307 -0.00186021 1.70872e-06 -6.65227e-05 0.000195978 1.75465e-05 -0.00194043 -1.9889e-06 -8.74245e-08 -1.17429e-07 2.8051e-06 -0.000112147 9.79209e-06 3.42942e-05 -5.08826e-06 6.55762e-07 3.34788e-05 3.88106e-05 -7.76825e-09 -7.12554e-08 -0.000314838 -1.70467e-06 3.01965e-07 0.00161234 -1.05084e-05 0.000282464 7.89717e-06 8.43723e-08 -6.78415e-07 -0.000131414 9.33844e-06 2.15586e-06 -6.37309e-05 -5.84698e-07 1.97142e-07 5.51087e-06 -1.62024e-05 -1.70571e-07 -0.000319541 -3.33025e-07 -2.37222e-06 -0.000118582 7.63913e-06 -3.56892e-05 -3.0519e-05 0.000279795 -8.47295e-06 0.00120507 -1.77911e-06 -1.30288e-06 7.05421e-05 2.25709e-06 -1.17394e-05 -0.00192855 0.000126694 -4.24101e-07 -2.67471e-05 -0.00092376 0.000473707 -0.00141287 -1.11995e-08 0.000386478 -6.32503e-07 3.67284e-08 -0.000885806 -1.03949e-06 2.34255e-06 -6.9258e-08 0.00161759 -2.23336e-08 -5.30646e-05 0.000725492 -0.000639822 -6.08395e-08 -0.000161656 1.22239e-06 
-2.63267e-06 0.000503809 -2.43125e-05 0.00562936 -2.66746e-06 -1.9613e-07 -0.00184958 -0.000798501 0.00020136 -1.2014e-05 0.00150868 0.00176268 -0.00093546 -7.5604e-06 -4.40998e-05 -2.04317e-06 5.46655e-05 1.15108e-06 -1.416e-05 8.43847e-05 -1.81859e-05 -0.00164614 -1.34599e-05 1.73115e-07 -0.000238036 0.00031946 4.52931e-05 -1.33376e-05 -6.36033e-06 7.70424e-07 0.000949796 5.03884e-05 7.22127e-08 2.86103e-07 -1.24768e-06 -0.000215551 -2.97963e-06 -3.87595e-05 -7.60406e-06 -2.0988e-09 -4.71882e-06 -9.92863e-07 -8.41663e-09 1.29464e-07 0.00087101 1.02728e-05 -6.28794e-08 -0.00128811 -8.43169e-06 -7.26216e-06 -9.24892e-06 -6.07285e-07 4.85162e-06 -8.9616e-05 -3.89407e-08 -2.18977e-06 -6.94535e-05 1.36173e-06 -2.11548e-08 1.24476e-05 -2.15301e-06 -1.04807e-07 -0.000635143 -3.60821e-07 1.01569e-05 -9.19549e-06 -2.13046e-06 6.10037e-06 -4.67261e-05 -6.52428e-05 -0.000388409 -0.000185327 -5.01481e-06 -2.32535e-06 -8.36797e-05 -5.49498e-06 6.2116e-06 0.000659805 4.06415e-05 -4.59499e-07 2.47783e-05 -0.000884466 -0.00176111 0.00320401 -1.21343e-08 -0.00048933 -6.85295e-07 7.11692e-08 0.000298115 -1.22963e-06 4.05141e-05 -1.54771e-07 -0.00135848 -3.14208e-08 -7.52522e-05 -0.000330656 -0.00167568 -3.00161e-05 -0.000886211 -2.07766e-06 
2.30087e-06 -4.64343e-05 -1.87934e-06 -2.66746e-06 0.000576224 2.86693e-07 0.000299281 -9.41876e-05 3.85835e-05 -7.7035e-07 -0.000276724 -0.000301555 0.000296293 8.14845e-07 -3.58206e-06 5.98874e-08 -2.61169e-07 1.13023e-06 6.3348e-06 1.66494e-07 1.94973e-05 -2.87352e-05 -1.55883e-06 3.12891e-07 -0.000124779 -0.000115469 1.67083e-06 7.41341e-06 -4.41496e-07 8.05102e-06 -0.000342913 -2.19455e-07 -1.81058e-08 -1.29572e-08 -1.07063e-07 0.000177657 1.15767e-07 -1.99738e-07 -6.64301e-07 6.73487e-08 -5.72911e-07 2.12648e-06 -8.57148e-10 -7.86231e-09 -8.70877e-06 4.01042e-07 -6.40362e-09 0.000310412 -1.18525e-06 1.23757e-07 3.33833e-05 2.46945e-06 -8.36834e-08 4.65432e-05 3.93691e-07 -2.36584e-07 -8.35383e-06 -1.02743e-07 -2.1544e-09 -1.19228e-07 6.78982e-05 -1.88207e-08 -4.75665e-05 -3.67459e-08 4.06485e-07 -1.5186e-06 4.3753e-06 -4.33664e-06 -1.66422e-06 -8.19697e-07 -4.45618e-05 -2.71968e-05 1.55351e-06 2.93187e-07 -2.99641e-06 2.44533e-07 1.51146e-06 -0.000389545 -7.1751e-06 9.76538e-07 -1.27949e-06 -0.0001243 0.000214353 -8.60223e-05 -1.23575e-09 6.46401e-06 -6.97903e-08 -7.34918e-09 -8.89126e-05 -6.44192e-08 -1.22743e-06 -1.61013e-08 0.000193643 8.068e-07 2.83426e-06 0.000109811 -0.000135969 -1.60336e-06 -0.000107821 5.07806e-09 
-1.6171e-08 -3.74138e-06 4.35646e-07 -1.9613e-07 2.86693e-07 3.46421e-05 1.14296e-05 -7.5538e-06 1.71309e-06 -7.6331e-08 -7.8757e-06 -1.93476e-05 5.91015e-06 -5.13833e-08 -1.18304e-06 1.87375e-07 1.50974e-07 7.49061e-08 5.24641e-06 3.9871e-06 3.22534e-06 -6.33856e-06 5.58524e-07 1.94165e-07 -1.28185e-06 -2.67287e-05 -1.15667e-08 -5.34967e-07 -4.03479e-08 -8.95184e-09 -1.94839e-05 -1.31863e-08 -1.08792e-09 1.33589e-06 -7.63481e-09 3.6734e-06 7.80429e-08 4.22346e-06 5.2934e-07 -3.59598e-10 -5.21928e-08 -7.42176e-09 -5.15031e-11 -4.7242e-10 1.03865e-05 5.36961e-08 -3.84772e-10 1.28425e-05 -7.12175e-08 1.35223e-06 1.48645e-06 -3.83848e-09 -5.02825e-09 -8.25374e-07 -1.38054e-09 3.57845e-08 -1.09837e-06 -6.3738e-09 -1.29451e-10 -1.21712e-08 3.81198e-06 -1.13087e-09 9.48753e-06 1.33446e-06 1.76382e-06 -8.0067e-07 9.56256e-08 2.1276e-07 -2.80286e-07 -2.23326e-05 -1.62771e-06 1.7618e-05 3.94115e-06 4.62437e-07 -5.15928e-07 1.4621e-08 -2.88259e-08 -1.7384e-05 7.862e-07 1.71882e-08 1.15043e-06 -5.92168e-06 -8.01779e-06 -8.70517e-06 -7.42522e-11 2.25952e-06 1.78247e-06 -4.41587e-10 9.83019e-06 -9.27852e-09 1.71291e-06 -9.67473e-10 -3.75337e-06 -1.9227e-10 9.15973e-07 5.87465e-06 4.33981e-06 1.14237e-06 -6.62356e-06 -1.27136e-08 
0.000142627 -0.0344348 0.00141545 -0.00184958 0.000299281 1.14296e-05 0.227053 -0.0321943 0.0188325 0.000326227 -0.114603 -0.178737 0.0802616 0.000622497 -0.00255951 -8.67586e-05 -0.000129621 -0.000185735 0.00243089 -0.00122857 0.000739437 0.0630246 -0.000500374 5.4961e-06 -0.00542287 -0.0687827 -1.82959e-05 -0.00234015 -0.000395595 5.94768e-05 -0.0968709 -0.000126139 -5.26123e-06 1.93101e-06 0.000136173 0.0223776 -0.000141285 0.000241808 -0.000270068 -1.11093e-06 -0.000142423 0.000103653 9.68539e-07 -4.1126e-06 -0.0131944 -0.000184827 6.95815e-07 0.147604 -0.000661143 0.000161342 0.000545024 5.12775e-06 3.09188e-06 -0.00763696 -9.28366e-07 -8.39101e-05 -0.000205909 -4.42945e-05 -4.05622e-07 2.98725e-05 0.00243158 -5.34339e-06 0.056294 -7.77876e-06 -8.14048e-05 -0.00382126 0.000199968 -0.00255546 -0.00256989 -0.0498804 -0.0263623 0.0254791 4.70822e-05 -9.80501e-06 0.00660279 0.000259423 -0.000565282 -0.0829367 0.00340206 2.82566e-05 -0.00183482 -0.0764591 0.0250384 -0.0324439 -1.8032e-07 0.0111501 -4.20267e-05 2.64248e-07 0.0611447 3.98169e-05 -0.000711874 1.59711e-06 0.148934 2.18907e-06 -0.0027435 0.0368074 -0.0450439 0.00308343 -0.0561593 -0.000104207 
-8.35146e-05 -0.00569627 -0.00111694 -0.000798501 -9.41876e-05 -7.5538e-06 -0.0321943 0.174148 -0.0475664 -0.000484703 0.0745577 0.038152 -0.0205205 -0.000204814 0.000241248 -2.37658e-05 -9.59371e-05 0.000158783 -0.000962523 -0.000262866 -0.000670222 -0.0946416 -0.0004112 -3.57273e-05 -0.0526851 0.0256713 1.61613e-05 0.00526889 -0.000151237 -5.66368e-05 0.0104426 -3.47486e-06 2.01505e-05 -5.02724e-06 -4.59587e-05 -0.00899533 -0.000155451 0.000590549 0.000152651 1.49878e-06 0.00100492 3.11914e-06 4.99446e-07 4.66737e-06 -0.0132634 7.56147e-06 -2.06776e-06 -0.0536996 0.00114558 -0.000192513 0.000130085 2.40623e-05 5.53792e-05 0.0152164 -7.39649e-06 -7.20974e-05 -9.77073e-05 1.75363e-05 -4.45876e-07 -7.79911e-05 -0.000220747 1.32537e-06 -0.024962 -4.6804e-06 1.27935e-05 0.0157635 -0.000113033 0.00328009 0.000433255 -0.00746197 -0.0190406 0.0045455 -0.000221784 -4.16198e-05 -0.00324798 0.000510936 0.00157811 0.0218947 -0.0162211 1.6685e-05 -0.00106449 0.0564674 0.0636387 0.0818495 -4.81367e-07 -0.0732923 -2.54789e-05 -3.66079e-07 -0.0417306 -5.78247e-05 -0.000163649 3.94468e-06 -0.0516182 3.24687e-06 0.00594783 -0.0132527 0.00986739 -0.00122545 -0.0234263 -7.01507e-05 
3.9587e-05 -0.00627818 0.000162683 0.00020136 3.85835e-05 1.71309e-06 0.0188325 -0.0475664 0.0913539 0.000206947 -0.0355083 -0.0335486 0.00343822 8.61032e-05 -5.46045e-05 6.25073e-06 -0.00030883 -0.000458331 0.000137662 -0.0020492 0.000290912 0.0246533 0.000185695 1.4182e-05 0.0278039 -0.011146 -9.31291e-05 -0.00568128 4.71453e-05 1.89549e-05 -0.0119169 -0.000336075 -2.54697e-05 -7.58789e-06 2.22721e-05 0.00410788 -0.000160226 -0.000365 -0.00040672 -2.95773e-06 -0.00111355 -3.98267e-05 -6.72145e-07 -3.46654e-06 0.00376309 -0.000576069 -4.88716e-06 0.0283927 -0.00129591 5.03435e-05 0.0001265 -4.30054e-05 -8.73895e-05 -0.00461121 -2.57774e-05 2.09233e-05 0.000269341 -0.000116796 -1.19666e-06 2.12555e-05 -1.82085e-05 8.53029e-07 0.0113694 -5.45524e-06 -0.000169025 -0.0193941 5.12079e-05 -0.00610437 -0.00074954 -0.00140732 -0.0146408 0.0170858 2.93717e-05 -0.000217546 0.000811972 -0.000144088 -0.000707295 -0.0142633 0.0143218 -2.02527e-05 -0.00246676 0.00439011 -0.0556412 -0.0262784 -9.53649e-08 0.0492231 -0.000107597 5.62951e-07 0.0190636 1.90939e-05 -0.00169222 9.46696e-07 0.0243763 -3.92892e-06 -0.0073425 0.00596608 -0.0129055 0.000587008 -0.0232264 -0.000251622 
-6.3849e-07 -2.61067e-05 -4.77974e-06 -1.2014e-05 -7.7035e-07 -7.6331e-08 0.000326227 -0.000484703 0.000206947 0.00219849 -0.000548786 -0.00077526 0.000546846 1.53453e-05 -0.000106775 3.37108e-08 9.80526e-06 -1.12133e-06 2.30081e-06 6.87533e-05 -6.1836e-06 0.000184527 1.02927e-05 -1.47775e-07 0.000142961 -0.000493496 6.86768e-06 8.62758e-05 -1.84282e-06 2.19399e-06 -3.32043e-06 8.14134e-06 -6.91922e-08 -2.95164e-08 -6.55794e-08 -7.87635e-05 -6.91823e-07 5.34666e-05 4.78668e-06 -2.28707e-08 -3.7435e-06 5.91464e-06 -3.27563e-09 -3.00462e-08 0.000409782 6.63572e-06 1.36553e-06 0.000817211 -4.52948e-06 5.48701e-06 7.82896e-06 -2.4413e-07 -2.16467e-07 -4.76012e-05 -2.11364e-08 2.94588e-06 -3.35056e-05 -1.32045e-07 -8.23315e-09 -7.74099e-07 3.75163e-06 -7.19244e-08 0.000221797 5.5624e-07 1.25045e-06 -5.07565e-05 1.03504e-05 -1.53293e-05 -1.46984e-05 -0.00103487 -5.46099e-05 -0.000196926 1.58939e-06 -1.08326e-07 3.32866e-05 -2.0768e-06 -3.90005e-06 0.00020419 4.08969e-05 -1.7883e-07 4.25418e-05 -0.000350971 -0.000873047 -0.000417418 -4.72249e-09 0.000261881 -1.53374e-07 1.20191e-06 0.000146996 -5.10121e-07 7.33597e-06 -6.15319e-08 0.000471616 9.44381e-08 -2.51885e-05 -0.000127504 -0.000417382 1.80899e-05 -0.000377598 9.84737e-07 
-0.000142741 0.0107621 -0.00193314 0.00150868 -0.000276724 -7.8757e-06 -0.114603 0.0745577 -0.0355083 -0.000548786 0.24072 0.111902 -0.0118403 -0.000648987 0.0029768 -0.000104877 6.56655e-05 4.78868e-06 -0.00191872 0.00136229 -0.00144574 -0.0932692 -0.000234142 -8.56607e-05 -0.023829 0.0202829 5.57623e-05 0.000776236 -0.000619598 -0.00015031 0.0629543 0.00012214 1.05431e-05 -1.03383e-05 -0.000104302 -0.0147929 -0.000322755 0.00120076 -0.000151213 -1.32662e-06 0.000634095 -4.19315e-05 -5.32181e-08 4.21464e-06 0.00273293 0.000206997 -5.23295e-07 -0.0931604 0.000776081 -0.000675313 -0.000833284 3.1941e-07 3.36793e-05 0.00629924 -2.25395e-06 0.00010076 8.56572e-05 3.7231e-05 2.41695e-07 -7.21637e-05 -0.000322205 -5.44636e-06 -0.0614525 -3.54131e-05 0.000124067 0.00926427 -7.38894e-05 0.0027287 -0.00172802 0.0107031 -0.0137555 -0.0413751 -0.000136184 2.54967e-05 -0.00604257 -4.17226e-05 0.000879388 0.0540232 -0.00997536 1.30495e-05 0.000474201 0.0565451 0.0333075 0.0495283 -1.08148e-06 -0.0487082 3.5329e-05 -3.94617e-07 -0.0843249 -0.000145256 0.00076537 2.77302e-06 -0.13542 1.45367e-06 0.00525856 -0.0297119 0.0734626 -0.00349271 -0.00305447 -0.000178074 
-0.000268043 0.0345696 -0.00189643 0.00176268 -0.000301555 -1.93476e-05 -0.178737 0.038152 -0.0335486 -0.00077526 0.111902 0.226098 -0.0691227 -0.000850559 0.00314669 -0.000186428 6.53751e-05 1.63668e-06 -0.00235794 0.000228974 -0.00148603 -0.0771724 -0.000552706 -5.53313e-05 -0.0188502 0.0633928 -0.000104895 0.00196774 0.000159357 -7.35425e-05 0.100837 0.000110236 8.86332e-06 -1.06544e-05 -0.000143337 -0.0258023 -0.000158395 -0.00382172 0.000220325 -2.16143e-06 0.000459389 -8.90642e-05 -1.39841e-07 1.38008e-06 0.00789725 0.000125026 -4.06044e-06 -0.143173 0.000429723 -0.000408668 -0.000603301 -2.63366e-05 1.62056e-05 0.00803385 -1.43359e-05 -0.000233996 0.000249722 6.12417e-06 -2.12696e-07 -4.15413e-05 -0.00191968 6.43161e-06 -0.0568962 -3.935e-05 7.46355e-05 0.00771091 -0.000202602 0.00238195 0.00271616 0.0485713 0.024177 -0.0134993 -0.000102458 -4.64923e-05 -0.00845844 -0.00046144 0.000615377 0.0858942 -0.00826361 -4.7593e-05 0.00102524 0.0498163 -0.0215336 0.0474995 4.697e-08 -0.0396414 -2.76674e-05 -4.85733e-06 -0.0596313 -7.3572e-05 0.000360073 -8.17751e-06 -0.154643 -3.63304e-06 0.00307071 -0.038225 0.0472227 -0.00373511 0.0472984 7.33232e-05 
2.683e-05 -0.0272255 -0.000536445 -0.00093546 0.000296293 5.91015e-06 0.0802616 -0.0205205 0.00343822 0.000546846 -0.0118403 -0.0691227 0.232812 0.000503857 0.000212631 -0.000113603 -0.000142953 -0.000163127 0.000159392 0.000183196 -0.000324272 -0.0162218 -0.000966203 -3.68968e-05 -0.0248438 -0.106233 -5.68343e-05 0.00376313 -0.000371513 1.23868e-05 -0.0330515 -0.00010106 2.52871e-06 -8.23703e-06 5.94577e-05 0.0128465 -0.000170887 0.00148335 -5.26815e-05 -3.52583e-06 -0.000587689 6.27964e-05 2.21572e-07 1.28946e-06 0.00688237 1.95019e-05 4.22774e-07 0.0903172 -0.000190226 2.32541e-05 -0.000471378 4.13161e-05 4.18703e-05 0.00177079 -1.06839e-05 -0.000113174 -2.99327e-05 1.31523e-05 -9.25115e-07 6.35151e-05 0.000201553 -7.25206e-06 -0.00228115 -2.35111e-05 0.000111845 0.0120931 0.000292837 -0.00138681 -0.00134438 -0.0144074 -0.0110765 0.000972294 -0.000195569 2.65134e-05 0.00213399 -4.27621e-05 0.0010034 -0.0577665 -0.00775858 2.5239e-05 -0.000554792 -0.0876531 0.0393242 -0.00153308 -1.73379e-08 -0.0175549 -2.99405e-05 4.23445e-06 0.00689995 -6.49953e-05 7.47553e-05 -1.72876e-06 0.0488011 2.29595e-06 0.00126274 0.0217941 -0.0141345 -0.00155362 -0.0370241 -3.3804e-05 
6.60991e-07 -0.000159714 -4.22352e-06 -7.5604e-06 8.14845e-07 -5.13833e-08 0.000622497 -0.000204814 8.61032e-05 1.53453e-05 -0.000648987 -0.000850559 0.000503857 0.00148101 -7.37694e-05 -5.40521e-07 -6.25198e-07 -1.19374e-06 7.37832e-06 -4.50569e-06 -4.36951e-06 0.000218282 -1.97913e-07 -2.49817e-07 -0.000202621 -0.000268003 3.10581e-05 -1.43539e-05 -1.72745e-06 2.53405e-07 -0.000176197 5.82112e-07 -4.65777e-08 -3.33327e-08 1.86459e-07 3.92669e-06 -1.08278e-06 1.01247e-05 -1.28288e-06 -1.53957e-08 -6.59994e-07 1.66891e-06 -2.20504e-09 3.9774e-08 -6.04808e-05 8.89988e-06 -1.64735e-08 0.000674973 -8.22418e-07 3.36874e-05 5.35469e-06 4.04899e-06 4.10139e-06 4.1257e-05 7.07561e-07 -6.0862e-07 -0.000195901 4.47114e-07 2.44577e-08 -1.8443e-07 2.51736e-05 -8.41692e-09 0.000336266 -9.45299e-08 -6.68029e-07 2.767e-06 1.81187e-06 -6.1328e-06 4.13031e-06 -8.82168e-05 -0.000124079 -0.000447016 5.99688e-06 1.92412e-06 -1.31455e-05 6.08453e-05 1.96385e-05 -0.000509693 -1.42802e-05 8.29962e-06 -7.89353e-06 -0.000351131 9.80532e-06 -0.00033589 -3.17901e-09 1.20828e-05 -1.79538e-07 -1.8906e-08 0.000299631 -3.70581e-07 3.81572e-06 6.19122e-08 0.000779493 1.9051e-06 -1.58154e-06 -3.02484e-05 -0.000384897 2.12331e-06 -0.000132162 4.9015e-08 
-8.79807e-05 0.000418487 1.78598e-05 -4.40998e-05 -3.58206e-06 -1.18304e-06 -0.00255951 0.000241248 -5.46045e-05 -0.000106775 0.0029768 0.00314669 0.000212631 -7.37694e-05 0.00698299 -6.83386e-06 -0.000132941 -5.50605e-06 -0.000496799 -0.000115832 8.65488e-06 -0.00109129 -0.000139454 1.07447e-06 0.000398068 -0.000565074 -7.2392e-05 -0.00177594 -3.48062e-05 -1.01948e-06 0.00299701 -0.000142087 -5.69249e-06 -1.14586e-05 1.1865e-06 0.000266667 -8.59282e-06 4.36431e-05 -6.80263e-05 -6.37003e-07 1.12549e-05 1.41658e-06 -1.16212e-07 9.25658e-08 0.000242918 -4.19904e-05 -5.54523e-06 0.000252868 -0.00014412 8.69751e-06 -3.11166e-05 -4.64139e-07 -4.7326e-05 -4.08768e-05 -1.26424e-07 -1.0131e-05 0.000116059 -6.78615e-06 2.62779e-08 -2.8736e-05 2.57645e-05 -4.43044e-06 -0.0028575 -5.70451e-05 -5.83947e-06 -0.000276644 -3.30921e-05 -0.000191285 4.01667e-05 0.00103473 0.000409263 0.00152996 -1.38785e-06 -7.97485e-06 -8.42821e-05 5.13179e-06 -0.000236849 -0.000741106 0.000427765 -5.92235e-08 -0.000130531 -4.45561e-05 0.00208321 -0.00244868 1.50729e-08 -0.000204364 -3.41208e-06 8.63069e-08 -0.00307205 -1.6565e-06 -0.000127195 6.30594e-08 -0.00361044 -1.5097e-07 9.40955e-05 0.000397617 0.000226167 -0.00380738 0.00128884 1.91748e-06 
3.46557e-07 6.04653e-05 0.000183866 -2.04317e-06 5.98874e-08 1.87375e-07 -8.67586e-05 -2.37658e-05 6.25073e-06 3.37108e-08 -0.000104877 -0.000186428 -0.000113603 -5.40521e-07 -6.83386e-06 0.000364294 -1.65078e-07 -2.99038e-07 -2.03313e-06 2.33316e-06 5.15228e-06 0.000108501 9.06259e-05 3.64353e-05 -4.21507e-05 -0.000129675 2.20833e-06 -5.74187e-07 0.000170412 1.66583e-06 -0.000226379 -1.38712e-07 -1.14442e-08 -8.18988e-09 -8.03136e-08 -1.17651e-05 7.95729e-06 -7.30113e-07 4.83549e-06 1.49551e-07 1.57575e-05 1.59819e-05 -5.41781e-10 -4.96956e-09 -1.6401e-05 1.51697e-07 5.95243e-09 3.08348e-05 -3.69164e-07 0.000185539 4.79831e-06 4.29549e-08 -4.28941e-08 -1.34233e-06 8.86214e-06 1.88046e-06 -5.05721e-05 -6.70484e-08 -1.36174e-09 7.61966e-07 -1.44256e-06 5.47706e-08 -3.86315e-05 -3.22613e-09 -3.02944e-10 -5.21589e-06 1.40373e-06 -2.71774e-06 -1.09549e-06 -5.18495e-05 -2.87568e-05 0.000164474 -3.25298e-07 -1.49683e-07 8.58527e-05 1.52117e-06 8.47466e-07 -0.000154349 2.86843e-06 -2.95781e-08 -1.95911e-06 1.31386e-05 -0.000118538 -1.64844e-05 -7.81088e-10 3.82529e-06 -4.41126e-08 9.86881e-08 -6.3391e-05 -9.76044e-08 -2.72496e-07 4.66489e-07 -8.00191e-05 -2.02257e-09 -4.18314e-06 6.50458e-05 -1.65071e-05 7.17426e-06 -6.33087e-05 -1.3374e-07 
-2.01445e-07 -1.69442e-05 -1.27695e-06 5.46655e-05 -2.61169e-07 1.50974e-07 -0.000129621 -9.59371e-05 -0.00030883 9.80526e-06 6.56655e-05 6.53751e-05 -0.000142953 -6.25198e-07 -0.000132941 -1.65078e-07 0.000452775 1.4883e-06 6.69203e-06 0.000322424 2.45438e-06 -0.000189041 -3.43524e-07 2.37038e-07 -9.60585e-05 -0.000259593 5.15821e-05 -6.95497e-06 9.35763e-07 1.24295e-06 5.26212e-05 0.000200111 -1.42251e-08 1.97649e-06 -8.64959e-08 -7.01282e-06 -3.30686e-07 2.8983e-05 3.65312e-05 7.05298e-07 4.37143e-08 2.49623e-07 -6.7343e-10 -6.17714e-09 7.01818e-05 0.000128923 5.35497e-06 -0.000128991 -9.31206e-07 -5.27725e-07 -5.8709e-07 5.0981e-07 -6.5747e-08 -1.29715e-05 2.21949e-07 5.37458e-07 -9.36923e-05 1.12666e-06 -1.69264e-09 3.10855e-07 -1.18391e-06 -1.47868e-08 -4.78898e-05 2.3578e-06 2.3013e-06 5.24741e-05 -2.31538e-07 0.000120703 -2.56973e-06 -0.000273744 0.000327586 -4.03858e-05 -5.07926e-07 1.79728e-06 -6.07271e-06 -4.626e-07 7.55598e-06 1.96183e-05 -0.000293701 5.6568e-08 0.000324432 -8.58793e-05 0.000155888 -0.000104252 -9.70887e-10 -0.00026594 2.75168e-07 1.08927e-08 -7.29595e-05 -1.21322e-07 0.000294846 -1.26502e-08 -0.000102581 -2.51404e-09 7.18885e-05 -1.00776e-05 -3.01408e-05 1.53832e-08 1.57323e-05 4.28043e-06 
-3.63031e-07 -7.65331e-05 -3.78771e-06 1.15108e-06 1.13023e-06 7.49061e-08 -0.000185735 0.000158783 -0.000458331 -1.12133e-06 4.78868e-06 1.63668e-06 -0.000163127 -1.19374e-06 -5.50605e-06 -2.99038e-07 1.4883e-06 0.000819897 2.81512e-05 0.000126979 -7.35055e-08 -0.000430119 -2.36359e-06 -1.38209e-07 -0.000138791 -2.58014e-05 1.88603e-06 1.7492e-05 -4.25691e-07 1.37463e-06 -4.24113e-05 3.07743e-05 9.21423e-06 3.84156e-06 -1.8084e-07 -3.17406e-05 0.000174034 0.0002393 2.18569e-06 -8.51752e-09 -2.10826e-07 1.19421e-06 -1.21991e-09 -1.11898e-08 0.000183455 3.52591e-06 -9.1138e-09 -1.89413e-05 3.95431e-05 -2.42583e-07 -8.1731e-07 1.12575e-06 2.06442e-05 -1.7191e-05 3.74063e-06 3.34329e-06 -2.38439e-05 5.22362e-07 -3.0662e-09 -1.38291e-07 0.000184191 -2.67861e-08 9.283e-06 2.97104e-06 2.05556e-05 2.95518e-05 3.08057e-06 0.000113278 1.48774e-05 -0.000438042 2.16184e-05 -7.61926e-05 1.93228e-07 5.0663e-06 4.89627e-06 6.77867e-06 5.21291e-06 0.000101108 -0.000183331 8.734e-07 0.000279965 -0.000127174 3.62573e-06 -7.71314e-05 7.49079e-08 -0.000259365 1.61401e-06 -1.04595e-08 -6.44786e-05 -2.19773e-07 6.45698e-05 7.08422e-09 -0.000176339 -4.55416e-09 0.000152205 -4.80389e-05 0.000321147 -4.31568e-06 -0.000143591 -3.01138e-07 
-2.60846e-06 -0.000476229 -2.04861e-05 -1.416e-05 6.3348e-06 5.24641e-06 0.00243089 -0.000962523 0.000137662 2.30081e-06 -0.00191872 -0.00235794 0.000159392 7.37832e-06 -0.000496799 -2.03313e-06 6.69203e-06 2.81512e-05 0.00555689 -2.14548e-05 -6.17365e-06 -0.00102056 -1.49856e-06 -2.77873e-07 -0.000103376 -0.00145502 -1.41576e-06 0.000108681 -6.44163e-06 1.72697e-07 -0.000710073 -1.73367e-06 -1.05485e-07 5.43108e-06 4.64514e-06 -0.000220014 1.37205e-05 5.80454e-05 2.75607e-06 -5.80047e-08 2.64924e-05 3.07895e-05 2.15026e-07 -7.62033e-08 0.000551544 -1.74192e-06 -3.20653e-08 0.00094819 -1.0361e-05 -5.66814e-06 7.51143e-06 -4.19163e-07 9.95589e-07 -0.000115377 -2.22686e-07 5.83031e-06 -2.26115e-05 -6.4812e-07 -2.08809e-08 2.91006e-06 0.0002886 -1.55748e-07 0.00158374 2.88472e-05 -2.25147e-06 -0.000100031 0.000124694 -3.22183e-05 -4.02241e-05 -0.00210756 -0.00015641 0.000325075 7.0864e-05 -2.19111e-08 0.000135032 5.09988e-06 -1.15816e-05 -0.000821918 8.6703e-05 -4.5355e-07 -1.3031e-05 -0.000720466 -0.00107013 -0.000517601 1.01356e-07 0.000565959 -3.9309e-07 1.21035e-08 0.00223342 -6.39999e-07 -5.96989e-06 9.72759e-08 0.00185589 1.56526e-08 -9.31596e-06 -0.000283491 -0.0012919 0.000499853 -0.000768167 -2.05076e-06 
-1.95513e-06 -0.000452377 -2.20985e-05 8.43847e-05 1.66494e-07 3.9871e-06 -0.00122857 -0.000262866 -0.0020492 6.87533e-05 0.00136229 0.000228974 0.000183196 -4.50569e-06 -0.000115832 2.33316e-06 0.000322424 0.000126979 -2.14548e-05 0.00448949 -2.65533e-06 -0.00138029 2.28799e-05 4.33743e-07 -0.000600047 -0.00214651 9.75443e-05 -5.27013e-05 1.08309e-05 1.0248e-05 0.000608215 0.000269427 4.83838e-06 5.18532e-06 -6.13891e-07 -0.000175432 7.65772e-06 0.000156276 0.000180336 9.96521e-07 4.00411e-05 7.92051e-06 -6.70461e-09 4.58501e-07 -2.33726e-05 0.000427166 5.61324e-06 -0.000944113 -1.27101e-06 4.19503e-06 1.08786e-05 6.70031e-06 1.22554e-05 -6.46494e-05 1.83769e-05 0.000125809 -0.000119011 4.36933e-07 -1.68517e-08 -1.44444e-06 0.000170413 -1.47216e-07 -0.000472608 7.19924e-06 0.000138503 0.00080574 9.41497e-07 0.000832472 4.27911e-06 -0.00293536 0.00143251 -0.000163145 5.97465e-05 0.000158581 -5.6033e-05 -3.59894e-06 2.35186e-06 0.000551835 -0.00192176 1.97397e-06 0.00191076 3.81467e-05 0.000551695 -0.000723047 -9.66607e-09 -0.00226714 0.000118001 1.19181e-07 -0.000741727 -7.31201e-07 0.00141039 -1.25945e-07 -0.000979454 -2.50296e-08 0.00169527 -0.000264059 0.00180318 -1.95984e-05 -0.000383871 1.62495e-06 
-1.20998e-06 0.000109116 0.000107856 -1.81859e-05 1.94973e-05 3.22534e-06 0.000739437 -0.000670222 0.000290912 -6.1836e-06 -0.00144574 -0.00148603 -0.000324272 -4.36951e-06 8.65488e-06 5.15228e-06 2.45438e-06 -7.35055e-08 -6.17365e-06 -2.65533e-06 0.0032031 0.000580385 6.64107e-05 1.85488e-05 -8.61655e-05 -0.00116009 -4.46231e-07 -4.13687e-05 2.27408e-05 6.8543e-05 -0.00193427 -1.22313e-06 -1.00912e-07 -6.55497e-08 -6.78185e-07 0.00202949 1.92441e-05 -2.09284e-05 -1.40319e-06 -1.66887e-08 -3.42298e-06 -6.88422e-07 -4.77729e-09 -4.38204e-08 -0.000191267 -8.84026e-07 -3.56904e-08 0.00110555 5.54406e-06 1.3558e-05 5.80483e-07 9.50619e-07 -3.9974e-07 -6.90924e-05 -7.47216e-08 4.24474e-06 -4.61183e-06 -3.57883e-07 4.47993e-07 -7.98972e-07 4.33221e-05 -1.04897e-07 -0.000336968 1.33853e-06 6.61069e-07 -6.8568e-05 6.8748e-07 -1.97435e-05 -2.50704e-05 0.000381882 -0.000234415 0.00121556 1.14679e-06 3.3268e-06 2.41972e-05 3.355e-06 -5.12168e-06 -0.00210054 7.68747e-05 -5.41455e-08 -1.42349e-05 -0.000530583 0.00106091 -0.000714827 2.76446e-07 0.000344782 2.01103e-06 7.1904e-07 -0.000426029 -3.93985e-07 1.93523e-05 -8.97402e-08 -0.000150658 -1.78345e-08 -4.13395e-05 0.001714 -0.000990233 2.40335e-06 -0.000179969 8.40498e-08 
0.000154111 -0.0174284 0.00168435 -0.00164614 -2.87352e-05 -6.33856e-06 0.0630246 -0.0946416 0.0246533 0.000184527 -0.0932692 -0.0771724 -0.0162218 0.000218282 -0.00109129 0.000108501 -0.000189041 -0.000430119 -0.00102056 -0.00138029 0.000580385 0.230237 0.000577674 -5.43238e-07 0.0393643 -0.00848316 -5.47242e-05 -0.00727101 -5.51479e-05 -0.000126876 -0.0515352 -0.000212268 -1.79564e-05 -6.04268e-06 4.81064e-05 0.0134618 -0.000325093 -0.00208638 2.67708e-05 -2.07591e-06 -0.000910577 -1.81707e-05 -4.62332e-07 -8.55874e-06 -0.0324476 -0.000418361 -2.56806e-06 0.0308827 -0.000976523 0.000260712 8.88455e-05 -6.45316e-06 -6.36162e-05 -0.0169715 -1.12239e-05 9.27936e-05 4.4198e-05 -8.23091e-07 4.66358e-07 -2.2929e-05 -0.00224433 -1.54207e-05 0.027663 -2.1631e-06 -0.00029795 -0.0136245 -0.000131156 -0.00247812 -0.00108868 -0.0091435 0.0120924 0.00261758 -4.8928e-05 -0.000175424 0.00482976 -0.000105323 -0.00137968 -0.0384283 0.0144123 -9.97178e-06 -0.00275098 -0.0485473 -0.0212285 -0.0954536 -2.29809e-08 0.0474362 -7.7237e-05 -2.29195e-06 0.0158409 9.03062e-05 -0.00116027 5.49734e-06 0.0799449 -2.8619e-06 -0.00742624 0.0186192 -0.00884237 0.0020575 0.049801 0.000123248 
1.40194e-05 0.000799012 0.000139681 -1.34599e-05 -1.55883e-06 5.58524e-07 -0.000500374 -0.0004112 0.000185695 1.02927e-05 -0.000234142 -0.000552706 -0.000966203 -1.97913e-07 -0.000139454 9.06259e-05 -3.43524e-07 -2.36359e-06 -1.49856e-06 2.28799e-05 6.64107e-05 0.000577674 0.00292059 1.20266e-05 -7.04972e-05 0.000351098 3.10534e-06 -4.0726e-05 8.61318e-05 7.03977e-06 -0.000369563 1.41735e-07 -9.19858e-08 -6.58283e-08 -5.35541e-07 5.60631e-05 2.00497e-06 -1.20655e-05 5.00551e-05 -4.04819e-10 3.5933e-06 -3.74193e-07 1.22312e-07 -3.99442e-08 -0.000160866 -1.80555e-06 -3.25334e-08 -0.000720939 9.9484e-06 0.000159956 -1.39468e-07 -1.67886e-07 -4.2515e-07 0.000128517 1.79994e-06 5.78471e-06 -5.09934e-05 1.03108e-06 1.57213e-08 1.97756e-06 1.59145e-06 -9.5618e-08 -3.61861e-05 3.03998e-06 -1.7315e-06 -6.33818e-05 -1.49723e-06 -1.91954e-05 -1.60199e-05 0.000112127 -0.000241348 -0.000517734 1.58555e-05 -1.01312e-06 -9.35627e-06 5.00195e-06 -3.00158e-06 -0.000265178 5.80622e-05 1.74226e-06 -1.54068e-05 0.00101245 -0.000894219 0.000117032 -6.27819e-09 0.000218255 -3.31233e-07 -3.73372e-08 5.76853e-06 -7.8452e-07 -4.57259e-06 -8.1802e-08 -0.000248123 -1.62569e-08 -3.38401e-05 4.67258e-05 -0.000387384 0.000152213 -0.000443549 -8.04968e-07 
-7.86209e-08 6.24956e-05 5.17432e-05 1.73115e-07 3.12891e-07 1.94165e-07 5.4961e-06 -3.57273e-05 1.4182e-05 -1.47775e-07 -8.56607e-05 -5.53313e-05 -3.68968e-05 -2.49817e-07 1.07447e-06 3.64353e-05 2.37038e-07 -1.38209e-07 -2.77873e-07 4.33743e-07 1.85488e-05 -5.43238e-07 1.20266e-05 0.000168402 -3.79723e-05 -9.30353e-05 1.23376e-06 -2.44425e-06 4.32172e-05 3.42665e-05 -6.4611e-05 -6.41095e-08 -5.28926e-09 -3.78518e-09 -3.71192e-08 -1.13728e-06 -1.22958e-07 2.78033e-07 -2.30092e-07 1.04918e-07 5.16384e-06 5.27392e-06 -2.50399e-10 -2.29682e-09 -1.02426e-05 3.88321e-07 -1.8707e-09 5.38165e-05 -3.46247e-07 5.33439e-05 1.10118e-07 -1.8662e-08 -2.44465e-08 1.42469e-05 5.99955e-07 -6.91136e-08 -3.89443e-05 -3.09883e-08 -6.29367e-10 -5.91745e-08 2.52569e-05 -5.49812e-09 -1.70641e-05 -1.07346e-08 -1.11063e-07 -3.89272e-06 6.47241e-07 -1.2502e-06 -1.45994e-06 5.85075e-06 -9.26231e-06 0.000101986 4.34473e-07 4.15296e-09 -2.34836e-06 4.41326e-07 -3.83238e-07 -0.000119891 4.1789e-06 -1.36703e-08 -9.05457e-07 -1.74914e-05 -3.46455e-05 -4.64232e-05 -3.61002e-10 8.16171e-06 -2.03879e-08 -2.14692e-09 -2.31158e-05 -3.17773e-08 5.5681e-06 -4.70369e-09 5.3446e-06 -9.34786e-10 -1.98131e-06 6.84897e-05 -3.8193e-05 -1.79921e-07 -2.69557e-05 -6.18116e-08 
8.30713e-06 -0.00467945 0.000351307 -0.000238036 -0.000124779 -1.28185e-06 -0.00542287 -0.0526851 0.0278039 0.000142961 -0.023829 -0.0188502 -0.0248438 -0.000202621 0.000398068 -4.21507e-05 -9.60585e-05 -0.000138791 -0.000103376 -0.000600047 -8.61655e-05 0.0393643 -7.04972e-05 -3.79723e-05 0.0776984 -0.00248118 -9.68377e-05 -0.00755102 -8.76475e-05 -0.000168263 -0.00753845 -0.000170028 -2.03403e-05 -2.34851e-06 9.37892e-06 4.46743e-05 3.4778e-05 0.00038484 -0.000303941 4.48009e-07 -0.000132697 -8.93033e-05 -1.03044e-06 -2.67214e-06 0.0046708 -0.000397391 5.19709e-07 0.0139125 -0.000662012 -4.53682e-05 -0.000281238 -4.92789e-05 -7.85029e-05 -0.0143413 -3.04098e-05 3.34477e-05 0.000418515 -4.57017e-05 2.40605e-07 2.02006e-05 -0.00175393 -3.97833e-06 0.00776916 -3.17521e-06 -6.82052e-05 -0.0187814 -5.28866e-05 -0.00126246 -0.000385956 -0.00677812 0.00454668 0.00556243 -5.0923e-05 -0.000190229 0.000451915 -0.000241969 -0.00183231 -0.00408147 0.0124436 -2.31753e-05 -0.000159891 0.00668367 -0.0392204 -0.0449799 1.38652e-07 0.0502273 -9.74755e-05 -2.93771e-06 0.0127271 2.06142e-05 -0.0009152 2.05119e-06 0.0140858 -4.2221e-06 -0.00452381 0.00140883 0.00844764 0.000306046 0.00203927 2.33433e-05 
6.70882e-05 0.00913725 -0.00186021 0.00031946 -0.000115469 -2.67287e-05 -0.0687827 0.0256713 -0.011146 -0.000493496 0.0202829 0.0633928 -0.106233 -0.000268003 -0.000565074 -0.000129675 -0.000259593 -2.58014e-05 -0.00145502 -0.00214651 -0.00116009 -0.00848316 0.000351098 -9.30353e-05 -0.00248118 0.167503 -0.000145508 -0.00151433 -0.000279409 -0.000195142 0.0268681 -0.000203747 -1.43914e-05 -5.00819e-06 -7.38008e-05 -0.0176668 5.94569e-06 -0.00284415 -7.82917e-05 -5.81471e-06 -0.000193765 -0.000153066 -5.67004e-07 -3.80176e-06 -0.000426954 -0.000368963 -8.58342e-06 -0.079392 -0.0001248 -0.000627954 5.16199e-05 -5.50176e-05 -7.30668e-05 0.00478611 -2.60008e-05 -8.45657e-05 2.53932e-05 -7.86725e-05 -3.71589e-07 -4.2355e-05 -0.00108425 5.18243e-06 -0.0129392 7.4767e-07 -0.000259268 -0.00137925 -0.000389837 -2.49418e-05 -6.82584e-05 0.0313627 -0.00890657 -0.0485768 4.74771e-05 -0.000210435 -0.00377227 1.23959e-05 0.000252501 0.0529176 0.000434251 -4.30403e-05 -0.00129408 0.0413972 -0.0287657 0.0257011 -1.35061e-06 -0.00931125 -9.08407e-05 -3.82113e-06 -0.00330254 -4.0252e-06 -0.00132338 -1.77117e-06 -0.036879 -4.35242e-06 -0.00288162 -0.0305342 0.0119066 0.00115895 0.0188263 -2.10069e-05 
9.87483e-07 -2.87486e-05 1.70872e-06 4.52931e-05 1.67083e-06 -1.15667e-08 -1.82959e-05 1.61613e-05 -9.31291e-05 6.86768e-06 5.57623e-05 -0.000104895 -5.68343e-05 3.10581e-05 -7.2392e-05 2.20833e-06 5.15821e-05 1.88603e-06 -1.41576e-06 9.75443e-05 -4.46231e-07 -5.47242e-05 3.10534e-06 1.23376e-06 -9.68377e-05 -0.000145508 0.000333769 1.11742e-05 2.74781e-06 -8.62746e-08 -3.54598e-05 6.04162e-05 3.62848e-07 -7.5034e-09 -7.35816e-08 -1.32227e-05 -2.3374e-07 3.28173e-05 2.51389e-06 -3.46567e-09 5.17607e-06 6.36847e-06 -4.96368e-10 -4.55301e-09 3.07196e-05 3.68586e-05 -3.70829e-09 5.04383e-05 5.34697e-06 4.74172e-06 4.94846e-06 8.80301e-06 6.79154e-06 3.54907e-06 6.06695e-07 8.133e-06 -0.000113559 2.78524e-06 2.87524e-08 2.92698e-07 7.28186e-06 1.37243e-06 4.47503e-05 -2.12793e-08 2.43173e-07 3.75868e-05 5.76006e-07 7.68954e-05 4.07262e-06 -0.000238582 2.5077e-05 -3.84669e-05 4.4562e-07 7.68286e-06 5.57667e-07 4.38557e-05 3.73336e-05 3.76621e-05 -0.000124786 2.03796e-05 6.12318e-05 6.17822e-06 2.01684e-05 -4.24317e-05 -7.15616e-10 -0.000102801 4.39585e-07 4.24108e-08 -5.78514e-05 -8.94231e-08 6.42892e-05 6.40092e-08 -1.2584e-05 4.57481e-06 5.56048e-05 -1.87411e-05 1.83744e-05 -1.51893e-06 -3.93091e-05 -1.2253e-07 
1.02352e-05 -0.000604628 -6.65227e-05 -1.33376e-05 7.41341e-06 -5.34967e-07 -0.00234015 0.00526889 -0.00568128 8.62758e-05 0.000776236 0.00196774 0.00376313 -1.43539e-05 -0.00177594 -5.74187e-07 -6.95497e-06 1.7492e-05 0.000108681 -5.27013e-05 -4.13687e-05 -0.00727101 -4.0726e-05 -2.44425e-06 -0.00755102 -0.00151433 1.11742e-05 0.0152037 -1.39949e-05 3.33731e-05 0.000473766 2.72266e-07 3.50173e-06 8.09631e-07 5.56814e-07 -0.000621371 -7.63311e-06 -8.68007e-05 0.000205495 -1.60289e-07 -2.4553e-05 -1.13822e-06 -2.29573e-08 3.76088e-07 0.000735568 -3.17239e-06 -1.3151e-07 -0.00181896 0.000227578 -1.84217e-05 -9.36473e-06 -5.10987e-07 4.46353e-05 0.000171809 -4.28702e-07 7.60147e-07 -2.34735e-05 1.77122e-05 -5.77021e-08 4.40805e-06 0.000212229 5.69251e-07 -0.00111655 2.69156e-07 -9.75587e-06 0.00638819 -6.53314e-06 0.00018854 -0.000102558 0.00188885 -0.00106284 -0.00408047 -4.64525e-06 -5.59598e-06 -0.000223946 -1.13673e-06 0.000376047 0.00111701 -0.00424941 -1.19333e-06 -2.33981e-05 -0.00328831 0.00203153 0.0088541 -3.30976e-08 -0.00624508 -1.70588e-06 1.59983e-06 0.00174074 -3.73253e-06 -2.17214e-05 -4.31247e-07 -0.00241902 -8.57038e-08 0.000851474 -0.000894145 0.000518613 0.0010675 -0.00100318 -5.24372e-06 
-5.43651e-07 0.000334538 0.000195978 -6.36033e-06 -4.41496e-07 -4.03479e-08 -0.000395595 -0.000151237 4.71453e-05 -1.84282e-06 -0.000619598 0.000159357 -0.000371513 -1.72745e-06 -3.48062e-05 0.000170412 9.35763e-07 -4.25691e-07 -6.44163e-06 1.08309e-05 2.27408e-05 -5.51479e-05 8.61318e-05 4.32172e-05 -8.76475e-05 -0.000279409 2.74781e-06 -1.39949e-05 0.00116331 3.17857e-05 -6.80859e-05 -4.43307e-07 -3.65744e-08 -2.61739e-08 -2.56673e-07 -2.16044e-05 1.29064e-05 -3.05029e-07 9.86562e-06 1.41244e-07 1.91312e-05 1.60572e-05 -1.73147e-09 9.74512e-08 -5.92346e-05 -3.75577e-07 -2.93556e-09 -6.5707e-05 -2.39424e-06 0.000254243 1.0661e-05 -1.29045e-07 -1.02377e-07 -1.72445e-05 8.82359e-06 -3.81243e-07 -5.42071e-05 1.30239e-06 -4.35197e-09 2.4151e-08 3.11588e-06 -3.80186e-08 -0.000122606 4.28577e-06 9.68685e-07 -2.67309e-05 2.69802e-06 -8.58351e-06 -5.00858e-06 -4.9414e-05 0.000209141 0.000753074 -1.27594e-06 8.61629e-07 4.72684e-05 -5.82734e-07 -2.64337e-06 -0.000148737 2.82965e-05 -9.45282e-08 -5.62109e-06 9.14336e-05 -0.000469009 -0.000155202 1.30837e-07 0.00010492 1.29021e-07 -1.48456e-08 -0.000196921 4.08067e-07 -1.95946e-06 -3.25253e-08 -0.000285618 -6.4639e-09 -1.59362e-05 0.000110782 -0.000231419 -4.10153e-06 8.92897e-05 -3.17417e-07 
-4.06177e-08 0.000181721 1.75465e-05 7.70424e-07 8.05102e-06 -8.95184e-09 5.94768e-05 -5.66368e-05 1.89549e-05 2.19399e-06 -0.00015031 -7.35425e-05 1.23868e-05 2.53405e-07 -1.01948e-06 1.66583e-06 1.24295e-06 1.37463e-06 1.72697e-07 1.0248e-05 6.8543e-05 -0.000126876 7.03977e-06 3.42665e-05 -0.000168263 -0.000195142 -8.62746e-08 3.33731e-05 3.17857e-05 0.000258333 -2.64215e-05 6.71645e-07 -8.11462e-09 -5.80711e-09 -5.69471e-08 -4.42908e-07 2.47136e-06 -1.62557e-06 2.50333e-07 -2.68219e-09 1.43431e-06 3.34642e-07 1.26283e-07 -3.52371e-09 -1.09595e-05 1.89867e-06 -2.86996e-09 0.000151089 -5.27868e-07 6.43854e-06 6.23945e-08 -2.86307e-08 7.35828e-07 5.24605e-05 4.79703e-07 -1.06032e-07 -1.77615e-06 -4.75413e-08 -9.65555e-10 2.54966e-09 0.000131419 -8.43504e-09 -1.2135e-05 -1.64687e-08 -1.70389e-07 -5.34542e-06 2.23459e-06 -1.28025e-06 -2.23979e-06 1.74092e-05 -1.51009e-05 0.000137275 1.26026e-06 2.7272e-06 9.91758e-07 -2.05542e-08 -2.07952e-07 -0.00019773 4.18448e-06 -2.09726e-08 -6.19123e-07 -6.01483e-05 -8.06352e-05 -5.57377e-05 -5.53837e-10 2.3729e-05 -3.12785e-08 1.04671e-06 -3.29402e-06 -6.92073e-08 9.74656e-06 -7.21625e-09 -4.24929e-05 -1.43412e-09 -2.59904e-06 0.000106399 -7.78969e-05 -1.52382e-06 -3.29583e-05 -4.48294e-08 
-0.000251336 0.0179949 -0.00194043 0.000949796 -0.000342913 -1.94839e-05 -0.0968709 0.0104426 -0.0119169 -3.32043e-06 0.0629543 0.100837 -0.0330515 -0.000176197 0.00299701 -0.000226379 5.26212e-05 -4.24113e-05 -0.000710073 0.000608215 -0.00193427 -0.0515352 -0.000369563 -6.4611e-05 -0.00753845 0.0268681 -3.54598e-05 0.000473766 -6.80859e-05 -2.64215e-05 0.143565 6.08766e-05 4.82984e-06 -1.36518e-05 -0.000106947 -0.0293942 -0.000109041 0.000607671 7.06877e-05 -3.53975e-06 -0.000584973 -5.02157e-05 -4.15017e-07 1.97945e-06 0.0093967 6.38471e-05 -2.27015e-06 -0.0891508 0.000208942 -0.000687432 -0.000732137 -4.99645e-05 2.24028e-05 0.00469456 -1.29125e-05 -2.23311e-05 0.000285171 -3.70185e-06 -8.574e-07 -4.99411e-05 -0.00178503 2.41965e-07 -0.00445121 -4.49126e-05 -1.34022e-05 0.00379657 -1.1926e-06 0.00104486 0.00113007 0.0148525 0.011647 -0.0397385 -9.61211e-05 -4.12688e-05 -0.00840291 -0.000614598 0.00031573 0.0771233 -0.00424761 -5.75707e-05 0.000757484 0.0249509 -0.0423322 0.0187416 -3.75836e-08 -0.0136933 -4.07008e-05 -3.57186e-06 -0.0205287 -6.34963e-05 0.000236702 -1.20309e-05 -0.079006 -4.32232e-06 0.00201489 -0.0451584 0.0273529 -0.00455232 0.0258224 4.08127e-05 
1.6566e-07 -3.34719e-05 -1.9889e-06 5.03884e-05 -2.19455e-07 -1.31863e-08 -0.000126139 -3.47486e-06 -0.000336075 8.14134e-06 0.00012214 0.000110236 -0.00010106 5.82112e-07 -0.000142087 -1.38712e-07 0.000200111 3.07743e-05 -1.73367e-06 0.000269427 -1.22313e-06 -0.000212268 1.41735e-07 -6.41095e-08 -0.000170028 -0.000203747 6.04162e-05 2.72266e-07 -4.43307e-07 6.71645e-07 6.08766e-05 0.000380485 1.09805e-06 1.59145e-06 -7.05512e-08 -1.55644e-05 -2.77869e-07 5.33124e-06 2.39067e-05 7.06049e-07 6.66638e-07 -8.15436e-08 -5.6587e-10 -5.19052e-09 2.62887e-05 9.45743e-05 4.02577e-06 -0.000117488 2.03642e-05 -2.41585e-07 -6.24964e-07 5.18783e-06 4.60475e-06 1.02203e-05 2.81499e-07 -1.56188e-07 -0.000116586 2.2533e-06 -1.42229e-09 -1.33727e-07 -1.36271e-06 -1.2425e-08 -4.24737e-05 -2.42588e-08 1.93235e-06 5.5183e-05 -1.94556e-07 0.000193557 3.40406e-06 -0.000259583 0.00025069 -0.000117257 -2.468e-07 1.00366e-06 -5.50856e-06 3.35795e-06 8.37726e-06 5.25059e-05 -0.00033519 4.31911e-06 0.000275527 -6.04808e-05 0.000212947 -8.34871e-05 -8.15817e-10 -0.000308198 3.13926e-07 -4.85176e-09 -7.15173e-05 -1.01944e-07 0.000277713 -1.06297e-08 -9.33872e-05 -2.1125e-09 8.40685e-05 -2.25091e-05 6.07298e-05 -2.24129e-06 7.44808e-06 1.93647e-07 
