5.87199e-05 -2.90681e-10 -6.87807e-07 -2.09797e-08 -3.89703e-07 -3.9698e-06 -1.18294e-06 5.01455e-06 -5.26408e-07 -2.5726e-06 -1.19267e-08 -4.85505e-09 -1.06289e-09 5.91891e-06 2.24867e-06 -3.08009e-07 4.32501e-07 -4.76269e-05 2.64855e-05 -7.47694e-07 -2.94083e-05 -3.48675e-05 -1.83699e-07 3.75756e-06 -1.28736e-07 -2.31274e-05 3.6484e-05 -7.18167e-09 4.30413e-05 -8.45616e-11 -1.19962e-08 -6.61315e-08 -2.05821e-06 -5.35936e-06 1.66303e-07 9.36604e-06 2.59019e-06 8.99512e-07 -1.6849e-05 -4.06206e-06 -4.23613e-07 1.93221e-06 7.6691e-08 -6.06146e-08 1.24777e-06 -3.10866e-08 -1.62076e-10 -2.03699e-08 -8.45714e-09 -2.97492e-09 6.90083e-07 -9.58015e-06 -4.95797e-08 -5.214e-05 -1.13236e-08 -2.47991e-08 -4.44055e-05 -2.96357e-10 -1.49746e-05 -1.39213e-09 3.63541e-05 -1.43297e-08 -6.17378e-09 -5.23029e-10 -2.29311e-08 -2.962e-09 -9.78187e-06 6.75773e-07 2.1306e-07 -1.30992e-09 -5.14808e-09 -7.34923e-09 1.30851e-05 -4.97723e-07 -5.34187e-10 1.56682e-05 4.97445e-05 -1.04821e-08 1.63288e-06 2.40232e-06 4.60475e-08 1.74206e-06 -2.03868e-09 -2.25392e-08 -7.83624e-09 -2.4532e-05 -9.82637e-11 8.34022e-06 1.6529e-06 -4.21379e-09 7.57017e-07 -5.06352e-09 -5.45861e-08 -1.04919e-10 -3.00272e-10 1.54188e-07 -1.4778e-07 -1.9033e-08 -5.4405e-08 -4.23e-07 
-2.90681e-10 4.94998e-06 -6.61261e-08 -1.76845e-09 -3.28495e-08 1.83814e-06 1.30127e-07 1.81957e-06 -4.43728e-08 5.09251e-07 -4.09611e-09 -4.0925e-10 -8.9595e-11 -1.5463e-07 7.34189e-07 1.97867e-07 -3.51104e-10 2.10254e-07 9.70095e-08 3.09584e-08 -1.70384e-06 -1.88848e-06 -1.54847e-08 -4.13964e-09 8.5359e-09 -6.35912e-07 3.95215e-08 7.60613e-08 -1.0749e-06 -7.128e-12 3.42322e-07 1.77589e-08 8.76506e-07 -1.1586e-06 -5.92597e-10 2.51033e-07 -1.14166e-06 1.61122e-06 -1.67742e-06 1.6745e-06 2.17625e-07 -9.4545e-11 3.56376e-09 -5.10942e-09 2.56824e-08 -2.6204e-09 -1.3662e-11 -1.71706e-09 -7.12882e-10 -2.50767e-10 -1.95987e-09 -6.02883e-07 7.24874e-08 -1.81232e-06 4.62379e-07 2.12429e-08 6.82486e-08 -2.4981e-11 -1.47834e-06 -1.17348e-10 9.75382e-08 -1.2079e-09 -5.2041e-10 -4.4088e-11 -1.93294e-09 -2.49678e-10 1.3347e-06 2.9579e-08 -3.04013e-10 -1.10418e-10 -4.3395e-10 -6.19493e-10 -4.15882e-10 3.47118e-08 -4.50285e-11 -1.67327e-08 1.02394e-07 -8.83575e-10 -9.59117e-09 -1.78032e-06 -5.21895e-11 -8.50523e-07 8.98282e-08 -2.46187e-09 6.39339e-07 -2.88389e-06 -8.283e-12 -5.43576e-10 -6.74718e-08 -3.55195e-10 1.5546e-08 -4.26822e-10 -4.60126e-09 -8.844e-12 -2.5311e-11 -2.08907e-10 5.50876e-07 -1.60436e-09 -7.1148e-09 -3.56562e-08 
-6.87807e-07 -6.61261e-08 0.0131803 0.000206147 0.00645286 -0.000880548 -0.0110987 -0.000579385 0.00860691 -0.000575881 -2.0977e-06 3.14554e-06 -1.41794e-07 0.00822288 -0.000131759 0.00923953 5.88591e-05 -0.00999484 -0.00016046 0.000107903 -0.0085289 1.52196e-05 -4.71922e-06 0.000270892 -0.00049185 0.00752636 -0.00011242 5.30293e-06 0.00638228 8.70763e-07 -1.62898e-06 -1.46674e-05 -0.000464712 0.000258322 8.23874e-05 2.26114e-05 0.000567732 -0.00068614 -0.00923588 -0.000909814 -8.97065e-05 -1.18197e-08 -0.000138015 0.000230931 -0.000441638 2.62915e-05 1.39796e-07 2.43943e-06 1.10278e-06 3.22832e-05 6.28641e-05 -0.00762581 -2.59875e-06 0.000678191 -2.57598e-06 -3.4848e-06 -0.0105511 -6.74174e-08 0.00284041 -1.03359e-07 -6.55711e-06 9.79352e-06 9.24455e-05 4.17684e-07 7.63501e-05 -6.73818e-07 -0.00184324 0.000803088 2.26955e-06 2.07787e-05 1.78955e-05 5.76148e-06 -1.12236e-06 -0.000107472 2.28479e-07 -7.50742e-06 1.47252e-05 1.46321e-05 0.00155318 0.000587512 -1.37513e-07 -0.0122067 1.00429e-05 0.000121469 9.70691e-07 0.00135388 -2.23537e-08 2.18303e-06 0.000138691 -9.58583e-07 -7.02377e-05 -1.15188e-06 3.47757e-05 -2.38677e-08 -6.8308e-08 5.29547e-07 -2.27348e-05 -1.26643e-06 -1.5051e-05 0.00706852 
-2.09797e-08 -1.76845e-09 0.000206147 0.000357136 0.000148052 -2.38055e-05 -0.000260408 -1.56686e-05 0.000106867 -1.56819e-05 -1.89676e-08 -2.95373e-08 -6.46647e-09 0.000123616 -3.34002e-06 6.18868e-05 4.11326e-07 -0.000208265 -5.98979e-06 6.45252e-05 -0.000107671 1.72586e-05 3.48891e-05 0.000110451 -8.02673e-05 0.00013911 1.09307e-05 -4.36921e-08 -6.43643e-05 5.28189e-08 4.83684e-07 -4.02333e-07 -9.43514e-06 -1.9695e-06 3.60563e-07 7.30625e-07 1.31917e-05 -1.8417e-05 -0.000146945 -1.41193e-05 -2.46386e-06 -6.82373e-09 -2.57267e-06 3.1123e-07 -1.06701e-05 7.17541e-07 -9.86047e-10 3.94607e-06 -5.14519e-08 -1.8099e-08 1.38855e-06 -0.000118368 8.98365e-07 -8.77723e-06 1.85778e-06 -5.42068e-08 -0.000237649 -1.80299e-09 -8.55476e-06 1.37153e-06 -1.77679e-07 1.56154e-07 1.56891e-05 -3.18203e-09 2.06716e-06 -1.80204e-08 -5.9192e-05 3.8991e-05 -2.19419e-08 2.32031e-07 -3.13201e-08 9.21955e-07 -3.00161e-08 -3.02807e-06 8.34168e-08 8.14899e-06 8.61928e-06 1.14623e-06 1.57111e-05 1.12257e-05 -3.76675e-09 -0.000268586 -5.73633e-09 6.12316e-07 4.89923e-08 3.55208e-05 -5.97821e-10 -3.92323e-08 2.81903e-05 -2.5636e-08 -2.00554e-06 1.30586e-06 4.13124e-06 -6.3831e-10 -1.82681e-09 1.89492e-06 -8.02404e-07 -1.15794e-07 -4.8684e-07 0.000119347 
-3.89703e-07 -3.28495e-08 0.00645286 0.000148052 0.00659221 -0.000449296 -0.0064473 -0.000291049 0.00617061 -0.000291394 -5.27481e-06 -4.91997e-07 -1.20116e-07 0.00567479 -0.000108603 0.00623708 2.94929e-06 -0.0056812 -9.09351e-05 0.000138969 -0.00609913 -3.85098e-05 2.0647e-05 0.000193697 -0.000460783 0.00392936 -1.66549e-06 -4.61592e-07 0.00425125 7.50444e-07 -1.35568e-06 -7.47344e-06 -0.000231872 0.000126977 6.15989e-05 5.46573e-06 0.000285521 -0.000342208 -0.00642492 -0.000463169 -4.68353e-05 5.65809e-08 -6.95161e-05 6.25233e-05 -0.000221052 4.07361e-06 5.01727e-09 1.65468e-06 -9.55731e-07 2.31071e-05 6.32225e-05 -0.00566196 -5.02294e-06 0.000352759 -1.27967e-06 -2.70918e-06 -0.00635601 -3.3491e-08 -0.00055921 -1.57323e-07 -2.4371e-06 2.99729e-06 4.81956e-05 -5.91069e-08 1.88553e-05 -3.34733e-07 -0.00110115 3.43259e-05 2.63909e-06 3.80863e-06 1.76982e-05 1.24281e-06 -5.57556e-07 -5.62471e-05 2.29655e-08 5.43571e-05 8.8794e-06 4.22876e-06 0.000194485 0.000293126 -6.66349e-08 -0.00635974 6.97294e-06 2.96281e-06 -8.85564e-07 0.000770909 -1.11047e-08 -7.28749e-07 -8.70298e-05 -4.76195e-07 -3.71133e-05 -5.72222e-07 5.84013e-05 -1.18568e-08 -3.39334e-08 6.9928e-08 -1.63238e-05 -2.1509e-06 -9.43517e-06 0.00571338 
-3.9698e-06 1.83814e-06 -0.000880548 -2.38055e-05 -0.000449296 0.0631299 0.00144164 0.0406228 -0.000603667 0.0394686 0.000403699 7.62949e-05 6.58769e-06 -0.00124413 -0.000445254 -0.000263162 -3.74305e-06 0.00728572 0.00320618 0.000787486 -0.00502193 -0.0407366 -0.000171531 3.5227e-05 -0.00045044 -0.0256415 -0.000587606 0.000105202 -0.0127629 3.45823e-07 0.000163744 0.00104007 0.0321005 -0.0424932 8.66849e-08 4.5322e-05 -0.0409694 0.0401439 -0.000154392 0.0397723 0.00668729 3.5033e-06 0.00239078 4.12938e-05 0.00357 -2.994e-05 1.33106e-07 2.42043e-05 2.1112e-06 -3.78976e-09 -2.38174e-05 -0.00604481 -2.46349e-05 -0.0409831 0.000147659 0.00025312 0.00154738 1.51826e-06 -0.0193661 -1.57864e-06 -1.93374e-06 1.92194e-05 -6.90247e-06 6.12688e-06 -1.96657e-05 4.43044e-05 0.0363044 -0.000366378 -2.99551e-06 -1.03717e-06 5.91136e-05 8.55888e-05 4.00575e-05 0.0079006 8.80683e-07 -0.000216795 -0.000236891 6.95615e-06 -1.74891e-05 -0.0412299 5.48272e-06 0.000441151 1.38625e-05 -2.2598e-05 7.17472e-05 -0.0491616 -1.1331e-07 -4.64604e-06 -0.000609157 5.7571e-05 -0.00035406 5.60578e-05 2.52655e-05 1.26235e-06 3.58375e-06 -2.85781e-06 0.00229014 0.000165239 1.34872e-05 -0.000482358 
-1.18294e-06 1.30127e-07 -0.0110987 -0.000260408 -0.0064473 0.00144164 0.0255971 0.00108873 -0.008629 0.00110025 -1.30599e-05 -6.09666e-05 -5.24752e-06 -0.0124909 0.000274053 -0.00946199 -5.99887e-05 0.0117979 -0.000952442 -0.000205007 0.00875109 -0.000645049 -0.000227855 -0.000305975 0.000562658 -0.010305 -0.000758351 -1.38375e-07 -0.0123798 -9.35478e-07 3.61357e-06 2.46545e-05 0.000916141 -0.000186979 -8.00795e-05 -3.46623e-05 -0.00107766 0.00134129 0.00937617 0.00157372 0.000120202 -5.61123e-06 5.06694e-05 -0.000222582 0.000804975 -0.000439394 -1.30778e-07 -3.03545e-05 -1.41073e-06 -4.15849e-05 -6.25716e-05 0.00984314 -5.05917e-05 -0.00135888 -4.93875e-05 9.94159e-06 0.0122838 -7.17332e-07 -0.010121 -3.27346e-06 1.17173e-05 -4.72418e-05 -9.90729e-05 -8.33586e-06 -0.000132618 -2.0074e-05 0.00315254 -0.00232288 -6.66547e-06 -2.12236e-05 -7.32354e-05 -8.899e-05 1.02865e-06 0.000174202 -4.87753e-06 -0.0004903 -1.98811e-05 -7.75776e-05 -0.00150228 -0.00110865 1.47165e-07 0.0145167 -1.1254e-05 -0.000160116 2.43798e-06 -0.00233205 4.39889e-08 2.59679e-06 -0.000797795 -5.53647e-07 8.21382e-05 -2.93533e-05 -0.000491981 4.69682e-08 -8.82246e-07 -1.00606e-05 6.26822e-05 -6.9173e-05 3.42882e-05 -0.00699919 
5.01455e-06 1.81957e-06 -0.000579385 -1.56686e-05 -0.000291049 0.0406228 0.00108873 0.0419339 -0.000392797 0.0400343 0.000372111 7.8024e-05 1.31295e-05 -0.00127402 -0.000476275 -7.67158e-05 -4.17471e-07 0.00434529 0.00190913 -0.000664258 -0.00532374 -0.0407968 -6.64821e-05 6.36192e-05 -6.01213e-05 -0.0172884 -0.000411803 0.000107416 -0.0103174 3.80179e-07 0.000144434 0.00096966 0.0326207 -0.0405607 1.22621e-06 4.15635e-05 -0.0414353 0.040737 -0.000144257 0.040379 0.00680086 5.30566e-06 0.00213362 -2.09366e-05 -0.00109951 -2.32169e-05 3.56203e-08 3.42934e-05 1.80047e-06 9.1518e-08 -1.71779e-05 -0.00558568 -8.56184e-06 -0.0411415 0.000133376 0.000227519 0.00117694 1.63867e-06 -0.0130969 -1.01305e-06 3.59816e-05 1.68213e-05 -4.51087e-06 6.33938e-06 -1.6536e-05 4.53845e-05 0.0358099 -0.000246079 -1.90691e-06 -9.78312e-07 6.10452e-05 8.64679e-05 5.04986e-05 0.00803711 9.07711e-07 -0.00014227 -0.000138493 1.22981e-05 -4.03185e-05 -0.0415133 2.4376e-06 8.7381e-05 7.62075e-06 -1.22157e-05 3.56175e-05 -0.0385196 -7.3388e-08 5.72071e-08 -0.000463502 5.52763e-05 -0.000240101 5.79583e-05 3.34258e-05 1.23497e-06 3.71241e-06 -1.85093e-06 0.00222361 0.000165895 5.55645e-07 -0.000310453 
-5.26408e-07 -4.43728e-08 0.00860691 0.000106867 0.00617061 -0.000603667 -0.008629 -0.000392797 0.00888385 -0.000392563 -7.17785e-06 -2.34464e-07 -1.62252e-07 0.00715146 -0.000109826 0.00843067 4.85575e-05 -0.00760503 -9.78617e-05 0.000136329 -0.00833681 -0.00017149 7.12801e-06 0.00025307 -0.000448592 0.00529417 -6.01543e-05 -6.0296e-07 0.00600033 8.77092e-07 -1.83124e-06 -1.00951e-05 -0.000312362 0.000268064 7.49968e-05 4.08713e-06 0.000392264 -0.000461155 -0.00852341 -0.000625164 -6.36452e-05 1.21169e-08 -9.37701e-05 0.00011011 -0.000302318 1.02346e-05 -1.40789e-09 -9.89505e-07 -1.291e-06 1.99559e-05 4.97341e-05 -0.00725822 -6.15176e-06 0.0004723 -1.72857e-06 -3.74228e-06 -0.00841229 -4.52394e-08 0.000829073 -2.12512e-07 -4.4582e-06 4.37255e-06 4.79809e-05 4.34921e-08 5.26429e-05 -4.52155e-07 -0.00129164 9.3779e-05 2.78945e-06 4.68337e-06 1.71108e-05 2.71462e-07 -7.53143e-07 -7.59782e-05 7.05122e-07 -1.2055e-06 1.75595e-06 2.42166e-05 0.00114983 0.000397623 -9.11793e-08 -0.00847166 6.07213e-06 2.57383e-05 -1.17621e-06 0.00104439 -1.50001e-08 -9.8439e-07 -9.79114e-05 -6.43242e-07 -5.03215e-05 -7.72954e-07 3.44173e-05 -1.60161e-08 -4.5837e-08 1.9168e-07 -2.22855e-05 -2.67209e-06 -1.28212e-05 0.0067406 
-2.5726e-06 5.09251e-07 -0.000575881 -1.56819e-05 -0.000291394 0.0394686 0.00110025 0.0400343 -0.000392563 0.0419933 0.000342428 4.44286e-05 1.48117e-05 -0.00134354 -0.000578972 -0.000120725 -2.91542e-06 0.00441284 0.00149247 -0.00049526 -0.00409845 -0.039959 -4.42389e-05 4.32414e-05 -2.62525e-05 -0.0172113 -0.000410696 0.000106008 -0.0104809 3.80085e-07 0.000121747 0.00042427 0.032577 -0.0395932 2.59509e-06 3.08466e-05 -0.0403605 0.0395313 -0.000105097 0.0400087 0.00591721 2.16441e-06 0.00146932 -3.95036e-06 -0.00112001 -2.32514e-05 -1.01226e-07 2.75475e-05 -2.62556e-06 -1.28178e-06 -1.73904e-05 -0.00474361 -1.69267e-05 -0.0402688 0.00010529 0.000217408 0.00121863 3.31671e-07 -0.0130214 -1.01459e-06 -1.06708e-05 1.69354e-05 -4.51771e-06 1.1588e-06 -1.69881e-05 2.12179e-05 0.0352232 -0.000259079 4.5091e-06 -9.79763e-07 3.52061e-05 5.51864e-05 4.04298e-05 0.00731661 7.77119e-07 -0.00014183 -0.000154431 7.02651e-06 -7.20212e-05 -0.0405157 2.35358e-06 0.000102633 -8.4484e-07 -1.0638e-05 1.52988e-05 -0.0383637 -7.34969e-08 -4.4266e-06 -0.000318998 4.08583e-05 -0.00019422 2.2386e-05 2.92887e-05 8.38192e-07 2.23874e-06 -1.85367e-06 0.00186639 0.000134651 6.41088e-05 -0.000310802 
-1.19267e-08 -4.09611e-09 -2.0977e-06 -1.89676e-08 -5.27481e-06 0.000403699 -1.30599e-05 0.000372111 -7.17785e-06 0.000342428 0.000826812 -3.50813e-08 -1.49777e-08 -2.54563e-05 -8.28435e-07 -4.56563e-06 3.41306e-07 -0.000199537 1.49231e-05 4.1832e-06 -0.000204779 -0.000463007 -1.72859e-06 -4.15361e-07 -3.63971e-06 -0.000104858 -1.7013e-06 1.70213e-06 -9.95054e-05 -1.1916e-09 5.60956e-07 3.97214e-05 0.000134157 -0.000414904 -8.57318e-08 -1.27921e-07 -0.000395464 0.000337099 -9.06399e-06 0.000369203 9.59307e-05 -1.58052e-08 1.89427e-05 1.09252e-06 -1.78305e-06 -4.34721e-07 -2.28389e-09 1.22958e-07 -6.25066e-08 1.84746e-07 -2.57634e-07 -9.3562e-05 -1.86499e-08 -0.000489232 1.88304e-05 -1.61213e-08 -9.47927e-05 4.85824e-07 -9.70118e-05 -1.96172e-08 2.26718e-05 1.21408e-07 8.43003e-07 -7.37024e-09 -1.76465e-07 1.51594e-07 0.000464644 4.08782e-06 7.05845e-07 -1.84587e-08 2.83079e-06 -1.03561e-07 3.99048e-06 0.00011568 -7.52746e-09 1.16061e-05 -3.33254e-07 2.60896e-06 1.39997e-06 -0.000399559 -8.72457e-09 -0.000169393 2.12721e-08 4.45511e-06 4.64958e-06 -0.000416241 -1.38468e-09 3.55796e-07 -7.86266e-06 4.93729e-06 -3.85191e-06 -7.13523e-08 4.68414e-06 -1.47846e-09 -4.23127e-09 -3.49231e-08 0.000106474 -5.1536e-08 -1.18939e-06 -5.96068e-06 
-4.85505e-09 -4.0925e-10 3.14554e-06 -2.95373e-08 -4.91997e-07 7.62949e-05 -6.09666e-05 7.8024e-05 -2.34464e-07 4.44286e-05 -3.50813e-08 8.26698e-05 6.23184e-06 5.93606e-05 -1.32324e-06 4.62359e-06 6.54136e-07 7.37724e-06 6.67639e-05 1.13965e-05 -7.99752e-05 -7.70919e-05 3.64703e-07 6.50858e-07 -7.68441e-05 -3.19627e-05 -7.87435e-07 5.06656e-06 -4.53092e-06 4.43214e-07 1.84644e-06 1.14023e-06 -2.15775e-06 -7.7865e-05 2.40102e-07 6.48824e-06 -7.81766e-05 1.92367e-05 -3.3078e-06 9.9273e-07 8.04269e-05 2.67175e-06 -8.86944e-07 1.77994e-07 1.20232e-05 -4.37668e-08 -2.28188e-10 -2.86789e-08 4.91143e-06 -4.1884e-09 -3.27344e-08 -7.99129e-05 8.6702e-06 -7.7044e-05 5.19107e-05 -3.49146e-08 -7.20192e-05 -4.17242e-10 -2.40317e-05 2.47067e-08 -4.11179e-08 5.33159e-07 -8.69207e-09 6.72926e-06 -3.22847e-08 2.43292e-05 -1.73621e-06 -5.08102e-07 -5.07773e-09 4.04822e-07 6.06861e-05 6.47463e-05 2.30538e-08 5.94193e-05 -7.52082e-10 -2.39476e-07 -2.07399e-07 -1.14245e-08 4.10647e-06 -7.80985e-05 1.12462e-07 -7.208e-05 -2.87026e-09 -4.1119e-08 7.28967e-07 -7.1818e-05 -1.38346e-10 -9.079e-09 -9.46937e-07 1.93073e-06 -4.64114e-07 3.27662e-05 -7.68518e-08 -1.47716e-10 2.56244e-07 -3.48923e-09 3.30194e-06 7.26599e-05 3.44499e-07 4.82112e-06 
-1.06289e-09 -8.9595e-11 -1.41794e-07 -6.46647e-09 -1.20116e-07 6.58769e-06 -5.24752e-06 1.31295e-05 -1.62252e-07 1.48117e-05 -1.49777e-08 6.23184e-06 1.80997e-05 1.37792e-06 -3.13773e-07 -5.61481e-08 -1.28383e-09 -7.75843e-06 1.27665e-05 -2.89021e-07 -1.17461e-05 -1.38171e-05 8.94671e-06 3.28196e-07 -6.48212e-06 -6.84307e-06 -1.72389e-07 -2.21357e-09 -2.58922e-06 3.59974e-07 -3.69753e-09 3.76283e-07 3.8942e-08 -7.47864e-06 -2.16687e-09 -8.41216e-09 -7.65164e-06 -3.20739e-07 2.6538e-07 9.57667e-06 7.1261e-06 3.42988e-07 -1.94174e-07 -1.86829e-08 2.62364e-06 -9.58166e-09 -4.9956e-11 -6.27853e-09 4.73933e-08 -9.16946e-10 -7.16639e-09 -6.84061e-06 2.51385e-07 -1.61969e-05 6.22984e-06 -7.64369e-09 -6.52354e-06 -9.13447e-11 -5.0623e-06 -4.29091e-10 3.44332e-07 -4.41676e-09 -1.90291e-09 4.99839e-07 -7.06793e-09 1.47242e-06 -2.98205e-06 -1.11236e-07 4.5555e-08 -4.03751e-10 5.41508e-06 5.07107e-06 2.37515e-06 6.75992e-06 -1.6465e-10 -6.11843e-08 4.56216e-08 -3.23085e-09 7.49293e-08 -1.58612e-05 1.13142e-07 -8.88821e-06 -6.28372e-10 -9.00197e-09 -2.41532e-09 -1.54648e-05 -3.02873e-11 -1.98762e-09 9.58995e-06 -1.2988e-09 7.83937e-08 2.58439e-07 -1.68248e-08 -3.23387e-11 -9.25513e-11 -7.6388e-10 -4.55496e-08 6.22747e-06 1.80398e-06 -1.30379e-07 
5.91891e-06 -1.5463e-07 0.00822288 0.000123616 0.00567479 -0.00124413 -0.0124909 -0.00127402 0.00715146 -0.00134354 -2.54563e-05 5.93606e-05 1.37792e-06 0.0302625 1.9959e-05 0.00745383 2.96909e-05 -0.00694127 0.00236551 0.000903075 -0.00809137 -0.0013573 -4.65304e-05 0.000284666 -0.00117778 0.000628518 -9.38896e-05 -2.44702e-06 0.00921488 1.15017e-07 -6.02815e-06 -2.83225e-05 -0.0010944 -0.00189013 7.89969e-05 2.2185e-05 0.00129751 -0.00156019 -0.00774547 -0.00214318 -0.000140648 1.09133e-05 -0.000181694 8.42455e-05 -0.000308006 3.60966e-05 -8.62179e-08 -9.34597e-06 4.68115e-06 2.12541e-05 5.4275e-05 -0.0116252 -6.41103e-06 0.000788843 3.66596e-05 -1.31921e-05 -0.00853353 -2.09831e-08 -0.00118831 -7.40558e-07 1.10941e-05 1.60905e-05 7.93591e-05 7.04177e-06 4.69883e-05 2.1811e-05 -0.0049781 -3.52104e-05 6.09811e-06 1.77232e-05 6.92214e-05 6.86172e-05 6.96545e-06 -0.000222228 1.32501e-07 -6.39733e-05 0.000140177 -3.63272e-06 0.000763272 0.00130771 2.13398e-06 -0.00905971 8.46884e-06 2.3157e-05 -1.39189e-06 0.00136516 -5.22722e-08 -1.77058e-07 -0.000361093 1.68438e-07 -0.000123383 4.08264e-05 4.11591e-05 -5.58126e-08 8.06934e-07 1.11164e-06 -7.75496e-05 7.37519e-05 -2.76033e-05 0.00656089 
2.24867e-06 7.34189e-07 -0.000131759 -3.34002e-06 -0.000108603 -0.000445254 0.000274053 -0.000476275 -0.000109826 -0.000578972 -8.28435e-07 -1.32324e-06 -3.13773e-07 1.9959e-05 0.017035 6.47245e-05 3.33723e-07 0.000229646 0.000108273 -0.000164137 -0.000219489 -0.00059867 0.000238587 2.16258e-05 -0.00013834 -0.0063372 7.25491e-06 -1.92008e-06 0.000203558 -2.49632e-08 3.5132e-05 7.24142e-05 -0.000487574 -0.00169907 3.73798e-06 0.000108793 0.000204287 -0.000432761 -0.000817195 -0.00062089 -6.08602e-05 5.92225e-07 5.51001e-05 0.000116003 -0.000403559 3.35303e-06 -4.78461e-08 2.233e-05 -1.93994e-06 2.01782e-07 5.60229e-05 -0.00153642 -1.08663e-05 0.000259303 5.09105e-05 1.18191e-05 -0.000799563 3.72513e-07 -0.00304718 2.11924e-05 8.06418e-05 1.18531e-05 -1.77254e-06 -1.54402e-07 -5.55941e-06 -8.74405e-07 -0.00146067 -7.47583e-05 -1.41358e-07 3.03302e-07 -1.32975e-06 -2.00288e-06 2.73019e-06 -0.000143811 2.72897e-06 0.000190176 0.000193521 2.06489e-05 0.00033395 0.000217843 9.77226e-07 -0.000169176 8.55817e-06 5.28227e-07 8.13767e-05 0.000819502 4.09919e-08 7.74299e-06 -0.000191868 8.72726e-07 -9.67416e-05 1.13919e-05 5.47458e-05 -3.09728e-08 -8.86424e-08 1.47084e-05 0.000188811 -3.34201e-06 1.29864e-05 -9.77026e-05 
-3.08009e-07 1.97867e-07 0.00923953 6.18868e-05 0.00623708 -0.000263162 -0.00946199 -7.67158e-05 0.00843067 -0.000120725 -4.56563e-06 4.62359e-06 -5.61481e-08 0.00745383 6.47245e-05 0.0110797 5.54052e-05 -0.00844246 2.54024e-05 3.12914e-05 -0.00894434 -0.00062805 -8.16907e-06 0.000190359 -0.000400977 0.00553542 7.03316e-05 6.17496e-05 0.00646394 8.73864e-07 1.61443e-05 0.000101395 -0.000377178 -0.000449731 9.36819e-05 0.000153509 -1.00612e-05 -0.00035437 -0.00935802 -0.000320545 0.000281222 7.02647e-07 -6.69315e-05 0.000191327 -0.000375635 4.54516e-05 -7.59312e-09 4.33128e-07 -1.52707e-06 3.86323e-05 6.57901e-05 -0.00824515 1.11495e-05 4.31812e-05 3.35929e-06 -1.93868e-06 -0.00933728 -5.65491e-08 0.00142668 7.25103e-06 -1.66071e-07 1.1359e-05 7.55386e-05 8.26865e-07 5.38644e-05 7.01475e-07 -0.00111865 0.000125053 2.80848e-06 2.06367e-05 1.7931e-05 1.351e-06 3.15857e-06 0.000185287 4.51403e-07 8.0329e-05 0.000136958 8.01532e-05 0.00163264 3.79315e-05 3.51928e-08 -0.00940478 1.85043e-05 5.72704e-05 4.47347e-05 0.000744724 -1.87501e-08 1.01952e-06 -0.000138705 -1.8405e-07 -5.94785e-05 1.78714e-06 0.000154841 -2.002e-08 9.52704e-07 8.37102e-07 0.000126455 -8.50999e-08 -1.2599e-05 0.0068796 
4.32501e-07 -3.51104e-10 5.88591e-05 4.11326e-07 2.94929e-06 -3.74305e-06 -5.99887e-05 -4.17471e-07 4.85575e-05 -2.91542e-06 3.41306e-07 6.54136e-07 -1.28383e-09 2.96909e-05 3.33723e-07 5.54052e-05 7.0925e-05 -5.70637e-05 2.09081e-06 -1.13261e-06 -6.21109e-05 -4.91759e-05 -2.21884e-07 1.55707e-05 -7.76769e-06 3.07243e-05 1.9111e-07 1.31325e-07 4.76113e-05 2.66565e-07 -1.44898e-08 -7.98781e-08 -2.42604e-06 -5.19854e-07 8.24842e-07 4.03701e-07 2.92861e-06 -2.50376e-06 -6.096e-05 -4.82072e-06 -3.71668e-07 -1.35476e-09 -7.1426e-07 2.03345e-06 -1.26232e-06 -1.08818e-08 -1.95767e-10 -2.46042e-08 -1.02151e-08 4.03073e-07 6.5525e-07 -3.55729e-05 2.93448e-07 1.41197e-07 -1.36774e-08 -2.9954e-08 -5.87702e-05 -3.5796e-10 3.97531e-05 -1.68151e-09 3.06139e-06 2.89358e-07 2.4921e-07 -6.3175e-10 8.28969e-07 -3.57771e-09 -1.13982e-05 4.30076e-06 -4.35628e-09 2.36175e-06 7.37818e-08 -8.87689e-09 3.7374e-08 -4.61184e-07 -6.45227e-10 2.20023e-06 1.83771e-06 -1.2661e-08 5.14759e-05 2.9956e-06 -7.47839e-10 -5.90871e-05 8.67538e-07 -2.86101e-08 -9.46514e-09 -7.40465e-07 -1.1869e-10 5.68878e-07 -8.53489e-07 -5.0897e-09 -3.98173e-07 -6.11606e-09 1.49407e-06 -1.26728e-10 -3.62689e-10 -2.99348e-09 -3.84989e-08 -2.29894e-08 -1.0195e-07 6.09072e-07 
-4.76269e-05 2.10254e-07 -0.00999484 -0.000208265 -0.0056812 0.00728572 0.0117979 0.00434529 -0.00760503 0.00441284 -0.000199537 7.37724e-06 -7.75843e-06 -0.00694127 0.000229646 -0.00844246 -5.70637e-05 0.122417 -0.00259301 0.000912365 0.00745359 -0.00402134 -0.000138206 -0.000335891 0.000252018 0.0359134 -0.00685308 -5.64479e-05 -0.0916209 -6.8435e-07 -5.66892e-05 -3.97482e-05 0.00399682 -0.00429475 -8.5153e-05 -0.000354243 -0.00437655 0.00567386 0.00944344 0.00602203 0.000204669 -5.69229e-06 0.000285399 -0.000111585 0.00270729 -0.000219282 -2.07584e-06 -5.7668e-05 1.07273e-05 -3.90518e-05 -0.000233046 0.00669725 -0.000130261 -0.0026445 -1.26153e-06 -3.37733e-05 0.0189291 -2.61594e-06 -0.0775934 -1.99444e-05 -0.000335495 -0.000122208 -8.28123e-05 -5.68019e-07 -6.39661e-05 -1.01466e-05 0.0132035 -0.00234112 -3.55456e-05 -1.8331e-05 -1.05235e-05 6.40961e-06 -4.11581e-05 0.000648624 -6.84755e-06 -0.00285506 -0.00276193 -0.000136208 -0.00148428 -0.0044 -6.25095e-06 0.0113074 -2.32254e-05 -0.00016158 -1.3656e-05 -0.00965052 -5.61028e-07 -2.09507e-05 -0.00730485 -1.96894e-06 0.000725445 9.19089e-06 -0.000384716 2.51578e-08 -1.14975e-06 -3.27528e-05 -0.00129876 4.34173e-05 -7.89813e-05 -0.00614974 
2.64855e-05 9.70095e-08 -0.00016046 -5.98979e-06 -9.09351e-05 0.00320618 -0.000952442 0.00190913 -9.78617e-05 0.00149247 1.49231e-05 6.67639e-05 1.27665e-05 0.00236551 0.000108273 2.54024e-05 2.09081e-06 -0.00259301 0.0164847 8.04711e-05 -0.00333049 -0.00425108 -1.83369e-05 0.000155066 -0.000262272 -0.00572721 -7.60716e-05 9.52294e-06 0.00566285 4.19191e-07 5.25036e-07 3.74825e-05 -0.000306814 -0.00368787 -8.33807e-07 5.72795e-06 -0.0015732 0.00177805 -0.000154426 0.00150126 0.00171751 1.46731e-05 0.000180783 -1.29524e-05 0.00205126 -6.86868e-06 -4.62735e-08 -3.82904e-06 5.01545e-06 -5.19353e-07 -4.94812e-06 -0.0032261 1.00348e-05 -0.00256799 7.36871e-05 -7.03023e-06 -0.0016438 6.95389e-07 0.000391589 -3.9746e-07 0.000155995 -9.37846e-07 -8.25973e-07 4.93067e-06 4.00975e-06 2.5031e-05 -0.000572988 9.06968e-05 2.59836e-05 -3.67321e-07 5.91102e-05 6.21718e-05 6.75581e-05 0.00156198 -1.52512e-07 -1.54374e-05 0.000149987 1.35731e-06 -2.06322e-05 -0.00166725 5.74323e-06 -0.00154655 -5.42051e-07 -7.25058e-07 7.71606e-06 -0.00737495 -2.80547e-08 1.25156e-05 0.000177385 3.31361e-06 -2.63563e-05 2.7561e-05 -9.24788e-06 -2.99548e-08 3.20427e-06 2.04576e-06 8.21181e-05 8.4156e-05 6.2442e-05 -6.76016e-05 
-7.47694e-07 3.09584e-08 0.000107903 6.45252e-05 0.000138969 0.000787486 -0.000205007 -0.000664258 0.000136329 -0.00049526 4.1832e-06 1.13965e-05 -2.89021e-07 0.000903075 -0.000164137 3.12914e-05 -1.13261e-06 0.000912365 8.04711e-05 0.015713 -1.39001e-05 0.000724072 7.8252e-05 0.000191186 -0.000837878 -0.00584828 0.00031515 -1.75283e-06 -0.00247859 -2.29939e-08 -3.22866e-06 -1.49857e-05 -0.000478506 0.000463487 -2.31636e-07 -1.14621e-07 0.000665034 -0.000508731 -0.000303582 -0.000896412 -7.24651e-05 3.01678e-07 -8.52158e-05 -6.43894e-06 5.14484e-05 -5.34637e-06 3.55928e-07 -4.47565e-06 -1.60966e-06 2.44394e-07 -4.22893e-06 -6.55574e-05 2.02832e-06 -0.000631468 1.36109e-05 -6.54667e-06 -0.000358792 -8.05852e-08 -0.00362853 -2.18814e-08 -1.74142e-06 4.03016e-06 -4.05436e-07 -1.42222e-07 -2.54873e-06 -3.05426e-07 -0.00250955 -7.02438e-05 1.1593e-06 6.6714e-07 1.36401e-05 1.74883e-05 6.65089e-07 -0.000130584 -1.18589e-07 5.07924e-06 -1.92552e-05 -2.20029e-06 -2.86498e-05 0.000656091 3.23498e-06 8.65125e-05 1.11898e-06 -6.24496e-06 -1.31082e-06 -0.00218707 3.99469e-08 -1.1935e-06 0.000346232 5.3419e-07 -4.52047e-05 -1.1502e-06 -7.20633e-06 -2.85295e-08 -8.16497e-08 -4.17236e-07 -3.90143e-05 2.12679e-05 0.000114005 0.000174508 
-2.94083e-05 -1.70384e-06 -0.0085289 -0.000107671 -0.00609913 -0.00502193 0.00875109 -0.00532374 -0.00833681 -0.00409845 -0.000204779 -7.99752e-05 -1.17461e-05 -0.00809137 -0.000219489 -0.00894434 -6.21109e-05 0.00745359 -0.00333049 -1.39001e-05 0.0177528 0.00691738 -8.29614e-06 -0.000426663 0.00047715 -0.00262323 -8.76739e-06 -0.000105566 -0.00603313 -1.3073e-06 -2.63233e-05 -0.00100539 -0.000410157 0.00492288 -8.00456e-05 -0.000155597 0.00496566 -0.00479944 0.00875527 -0.00455372 -0.00447838 -1.16847e-05 -0.00230452 -0.000133715 -0.000101704 -4.88909e-06 2.65666e-08 -5.38852e-06 -4.02622e-06 -2.09441e-05 -5.64683e-05 0.0118872 -1.77121e-05 0.00518043 -0.00012113 2.30845e-06 0.00858507 -1.30876e-06 0.000862225 -1.38139e-06 -0.000183475 -2.05282e-05 -7.31092e-05 -7.10564e-06 -6.07e-05 -2.53347e-05 -0.00349319 -0.000272168 -2.55963e-05 -1.952e-05 -8.34217e-05 -8.0094e-05 -6.09777e-05 -0.00415365 -6.85535e-07 -0.000104914 -0.000218244 -6.01528e-05 -0.00141286 0.00505706 -1.59605e-06 0.00849961 -2.1669e-05 -2.40848e-05 -3.03341e-05 0.00463846 3.02534e-08 -1.10579e-05 0.000149468 -4.45266e-06 5.21423e-05 -4.13344e-05 -0.000143037 -1.15436e-06 -4.95089e-06 -1.06303e-05 -0.00131281 -0.000131947 -2.48168e-05 -0.00678345 
-3.48675e-05 -1.88848e-06 1.52196e-05 1.72586e-05 -3.85098e-05 -0.0407366 -0.000645049 -0.0407968 -0.00017149 -0.039959 -0.000463007 -7.70919e-05 -1.38171e-05 -0.0013573 -0.00059867 -0.00062805 -4.91759e-05 -0.00402134 -0.00425108 0.000724072 0.00691738 0.0500417 -1.10001e-05 -0.00013909 0.00010612 0.0189087 0.00030318 -0.000106905 0.00796744 -6.70587e-07 -0.000171084 -0.00105958 -0.0319175 0.0403926 -7.57383e-05 -0.000165675 0.0407694 -0.0411557 0.00113229 -0.0414483 -0.0067797 -1.18209e-05 -0.00302187 -9.17154e-05 -0.000707487 2.06684e-05 3.24859e-08 -3.24433e-05 -4.52449e-06 5.79856e-07 -2.49683e-05 0.00647257 -1.91267e-05 0.0411455 -0.000137829 -0.000267328 -0.000196904 -1.6467e-06 0.0141696 -5.75417e-06 -0.000229131 -3.89843e-05 -1.09122e-05 -5.95277e-06 -7.87238e-06 -4.65418e-05 -0.0382392 0.00028258 -2.94852e-05 -1.10147e-06 -6.0995e-05 -8.40246e-05 -7.64145e-05 -0.00802356 -9.19395e-07 6.44376e-05 -0.000119889 -1.74526e-05 -0.000358767 0.0409182 -4.30296e-06 -1.93842e-05 -1.90658e-05 -7.60366e-06 -8.00998e-05 0.0410007 8.84073e-08 -2.55916e-05 0.000431479 -6.03889e-05 -3.6946e-05 -5.39344e-05 -8.50492e-05 -1.28894e-06 -4.78318e-06 -5.70027e-06 -0.00231443 -0.000159963 -4.3258e-05 -0.000130613 
-1.83699e-07 -1.54847e-08 -4.71922e-06 3.48891e-05 2.0647e-05 -0.000171531 -0.000227855 -6.64821e-05 7.12801e-06 -4.42389e-05 -1.72859e-06 3.64703e-07 8.94671e-06 -4.65304e-05 0.000238587 -8.16907e-06 -2.21884e-07 -0.000138206 -1.83369e-05 7.8252e-05 -8.29614e-06 -1.10001e-05 0.00311843 4.06772e-05 -1.61023e-05 -0.000678331 -5.15066e-06 -1.2257e-07 -0.000677517 -4.50463e-09 -2.42376e-07 -3.52285e-06 -1.65616e-05 0.00014616 -3.745e-07 -9.60537e-07 9.88607e-05 -9.85787e-05 -8.69077e-05 0.000137779 -1.97027e-05 7.63584e-07 3.79776e-05 -3.1423e-06 5.69241e-05 -4.02661e-07 -8.63388e-09 2.44822e-06 -4.50515e-07 2.76819e-06 2.34143e-06 5.04169e-05 -7.97799e-07 -0.000508625 -3.98807e-08 -8.7439e-07 -0.000162116 3.14213e-07 -0.000623068 -7.41596e-08 -2.85766e-07 1.43319e-07 3.83779e-06 2.62138e-07 5.14845e-06 1.76555e-06 -0.000401757 2.95217e-05 9.31209e-07 -6.97801e-08 -7.0907e-08 6.91837e-07 2.37384e-06 -2.58473e-05 1.34877e-07 -6.1378e-06 -5.11983e-06 3.16133e-08 -4.7646e-06 -7.32815e-05 3.20352e-07 -0.000182968 -1.08601e-07 1.03086e-06 -3.04106e-07 -0.00023943 3.98099e-07 9.6648e-07 0.00044053 2.39553e-06 -4.24058e-06 -7.97357e-08 4.39218e-06 -5.58908e-09 -1.59956e-08 -1.32021e-07 -6.85647e-07 -2.63897e-07 1.4587e-05 2.61994e-06 
3.75756e-06 -4.13964e-09 0.000270892 0.000110451 0.000193697 3.5227e-05 -0.000305975 6.36192e-05 0.00025307 4.32414e-05 -4.15361e-07 6.50858e-07 3.28196e-07 0.000284666 2.16258e-05 0.000190359 1.55707e-05 -0.000335891 0.000155066 0.000191186 -0.000426663 -0.00013909 4.06772e-05 0.000835591 -0.000170785 9.21134e-05 8.58828e-06 1.45877e-05 5.51152e-05 2.65462e-07 -1.7084e-07 3.13154e-06 -2.05913e-05 -0.00010258 6.13215e-07 1.46047e-05 -5.22259e-05 2.79289e-05 -0.000350992 5.44559e-05 8.28906e-05 2.39403e-06 2.50506e-06 -7.03224e-07 -2.52009e-05 1.30624e-07 -2.30816e-09 -2.53426e-07 -1.2044e-07 1.3643e-06 2.32222e-06 -0.000415013 3.62059e-06 -0.000121683 -1.61262e-07 -1.13168e-07 -0.000346247 -4.22048e-09 -0.000155705 -1.98256e-08 1.24041e-05 -7.38152e-10 1.59208e-06 -7.44856e-09 1.40101e-07 -4.21825e-08 -3.33086e-05 1.01938e-05 8.78638e-07 1.74135e-06 1.35669e-06 3.332e-06 4.1264e-06 7.76518e-05 1.35726e-07 2.56305e-06 2.04821e-05 3.62406e-06 3.21429e-05 -5.14694e-05 8.4516e-08 -0.000461135 1.10763e-06 1.47407e-06 1.7284e-06 -5.38996e-05 -1.39939e-09 2.6915e-06 6.95908e-05 -6.00094e-08 -3.8146e-06 7.78895e-08 2.80893e-05 -1.49417e-09 2.90571e-08 -3.52942e-08 1.66988e-05 2.80895e-06 7.68797e-06 0.000193646 
-1.28736e-07 8.5359e-09 -0.00049185 -8.02673e-05 -0.000460783 -0.00045044 0.000562658 -6.01213e-05 -0.000448592 -2.62525e-05 -3.63971e-06 -7.68441e-05 -6.48212e-06 -0.00117778 -0.00013834 -0.000400977 -7.76769e-06 0.000252018 -0.000262272 -0.000837878 0.00047715 0.00010612 -1.61023e-05 -0.000170785 0.00172145 9.57933e-05 1.28305e-05 -5.50911e-06 -0.000396709 -7.07517e-07 -2.50106e-06 -2.25137e-06 5.99864e-05 0.000451971 -2.82802e-05 -1.02386e-05 6.03217e-05 9.6176e-06 0.00046375 5.48e-05 -0.000149501 -4.46706e-06 1.56694e-05 -1.013e-05 -0.000256016 -1.15305e-05 4.75941e-09 3.68168e-07 -6.84165e-06 -4.69307e-07 -7.00539e-05 0.000735491 -1.25807e-05 5.94916e-05 -5.84775e-05 4.89639e-09 0.000576312 8.70259e-09 0.000341002 -7.85786e-07 2.2428e-07 -3.24254e-06 -1.5532e-05 -6.71464e-06 -4.31329e-06 -2.47064e-05 0.000184405 -1.37895e-06 -1.36743e-06 -6.21153e-06 -6.82055e-05 -0.000102028 -5.99179e-06 -9.93409e-05 -2.43135e-08 -2.28418e-06 -7.87654e-06 -3.38857e-07 -5.48821e-05 5.87231e-05 -2.10515e-06 0.000640355 -4.32347e-06 -2.49236e-06 -1.97322e-06 0.000310544 2.88554e-09 -8.78064e-06 -4.45164e-06 -2.00626e-06 6.74357e-06 -3.98846e-05 -9.8504e-06 -8.35857e-08 -2.47849e-07 -3.07224e-07 -1.26707e-06 -0.000145364 -2.39648e-05 -0.000461935 
-2.31274e-05 -6.35912e-07 0.00752636 0.00013911 0.00392936 -0.0256415 -0.010305 -0.0172884 0.00529417 -0.0172113 -0.000104858 -3.19627e-05 -6.84307e-06 0.000628518 -0.0063372 0.00553542 3.07243e-05 0.0359134 -0.00572721 -0.00584828 -0.00262323 0.0189087 -0.000678331 9.21134e-05 9.57933e-05 0.238861 -0.00327001 -4.43079e-05 -0.0810591 -6.80229e-08 -7.68517e-05 -0.000436873 -0.0136429 0.0188351 3.65032e-05 -0.000156836 0.0172991 -0.0199586 -0.00396651 -0.0242239 -0.00284053 -6.27086e-06 -0.00337893 -0.000137948 -0.0122302 0.000260267 1.11129e-06 -4.63371e-05 -4.39622e-05 1.88333e-05 -8.48933e-05 -0.00035004 -0.000189 0.0206913 -7.49505e-05 -0.000162005 -0.000650219 5.7929e-07 -0.0881945 -9.16467e-06 -0.000195558 -7.10562e-05 6.08557e-05 -3.44999e-06 -1.29414e-06 -1.92599e-05 -0.0606174 0.000131812 -1.89331e-05 1.09009e-05 -1.51044e-05 -2.481e-05 -3.30346e-05 -0.00334334 -1.92827e-06 -0.00124156 -0.0013169 6.48825e-07 0.000757503 0.0175987 -4.11893e-06 -0.0166786 -3.29768e-06 0.000102083 -5.01748e-05 0.0403077 -6.60064e-07 -4.3247e-05 -0.00296785 -2.80418e-05 -0.00207363 -2.77297e-05 8.39774e-05 -7.04769e-07 -2.01701e-06 -1.39609e-05 -0.000986209 -0.00011693 -0.000523698 0.00433522 
3.6484e-05 3.95215e-08 -0.00011242 1.09307e-05 -1.66549e-06 -0.000587606 -0.000758351 -0.000411803 -6.01543e-05 -0.000410696 -1.7013e-06 -7.87435e-07 -1.72389e-07 -9.38896e-05 7.25491e-06 7.03316e-05 1.9111e-07 -0.00685308 -7.60716e-05 0.00031515 -8.76739e-06 0.00030318 -5.15066e-06 8.58828e-06 1.28305e-05 -0.00327001 0.00943356 -7.14787e-07 0.00595781 -1.3715e-08 1.20977e-05 -1.06991e-05 -0.000313372 0.000428621 5.18312e-06 0.000317543 0.000390654 -0.000454685 -0.000977973 -0.000627125 -6.5892e-05 1.59475e-06 -6.42817e-05 -5.30769e-06 8.51023e-06 1.8581e-06 -1.96203e-08 2.03662e-05 -4.28321e-07 1.1775e-06 3.52657e-05 -0.00046119 -8.57947e-07 -0.00228855 1.46334e-05 -1.5388e-06 -0.00672123 -4.80658e-08 0.00200974 2.27575e-05 0.000250493 6.41459e-05 -4.44652e-07 1.2185e-06 1.07083e-06 -4.80404e-07 -0.00151985 0.00071886 1.09317e-05 -2.12455e-07 -3.88295e-07 2.94704e-07 8.6798e-06 -7.98018e-05 3.95669e-06 0.00263205 0.00222417 1.20399e-05 0.000136712 0.000392423 -4.17589e-10 -0.000293593 1.04602e-06 7.25647e-06 4.71238e-06 0.000206144 -1.59373e-08 -5.62559e-07 0.000213468 5.90657e-06 -2.76422e-05 -5.37913e-07 0.000291083 -1.70167e-08 1.91299e-07 2.8448e-05 -1.98283e-05 -3.08694e-06 1.92904e-05 -6.82326e-05 
-7.18167e-09 7.60613e-08 5.30293e-06 -4.36921e-08 -4.61592e-07 0.000105202 -1.38375e-07 0.000107416 -6.0296e-07 0.000106008 1.70213e-06 5.06656e-06 -2.21357e-09 -2.44702e-06 -1.92008e-06 6.17496e-05 1.31325e-07 -5.64479e-05 9.52294e-06 -1.75283e-06 -0.000105566 -0.000106905 -1.2257e-07 1.45877e-05 -5.50911e-06 -4.43079e-05 -7.14787e-07 0.000122282 -2.76183e-05 -1.76107e-10 4.4835e-07 2.40989e-05 4.93026e-06 -0.000106246 5.40869e-06 4.15865e-05 -0.000107286 4.35487e-05 -7.62769e-05 9.3794e-05 0.000109171 -2.33587e-09 2.08135e-06 1.2471e-06 -3.66538e-06 -6.14073e-08 -3.37539e-10 -4.24223e-08 -1.76128e-08 -6.19555e-09 5.08245e-07 -0.000106139 9.40675e-06 -0.000107581 -2.35825e-08 3.7502e-07 -1.90859e-05 -6.17191e-10 -3.2571e-05 2.37674e-08 9.91778e-08 1.68238e-08 -1.28575e-08 5.65577e-07 3.89106e-08 6.13831e-07 8.1888e-05 1.46507e-06 -7.51105e-09 -2.72803e-09 1.79279e-07 8.48028e-07 -1.0275e-08 0.000109543 -1.11249e-09 2.39928e-07 -4.34987e-07 8.22484e-06 7.79304e-06 -0.000107357 -1.28941e-09 -6.87068e-05 -4.24573e-09 -4.08238e-08 2.3368e-07 -0.000101033 -2.04643e-10 -1.34298e-08 1.04968e-06 1.04558e-07 -6.86525e-07 6.09455e-07 2.9293e-05 -2.18503e-10 -6.25344e-10 -5.16133e-09 6.96222e-05 4.37036e-06 -1.75781e-07 -4.07603e-07 
4.30413e-05 -1.0749e-06 0.00638228 -6.43643e-05 0.00425125 -0.0127629 -0.0123798 -0.0103174 0.00600033 -0.0104809 -9.95054e-05 -4.53092e-06 -2.58922e-06 0.00921488 0.000203558 0.00646394 4.76113e-05 -0.0916209 0.00566285 -0.00247859 -0.00603313 0.00796744 -0.000677517 5.51152e-05 -0.000396709 -0.0810591 0.00595781 -2.76183e-05 0.183123 1.02394e-07 -3.79093e-05 -0.000228496 -0.00844463 0.00617881 6.26145e-05 0.000219303 0.0104634 -0.0121797 -0.00779783 -0.0148109 -0.00164369 4.73272e-06 -0.00225442 -0.000127348 0.000114485 0.0001102 -6.62912e-07 3.82722e-05 -2.69913e-05 1.72644e-05 0.000135388 -0.00874807 3.75033e-05 0.00855735 -4.51192e-07 -7.77745e-05 -0.0205535 1.35102e-07 0.057612 1.40874e-05 0.000341227 0.000108842 4.00782e-05 -2.30009e-07 3.67209e-05 -1.69588e-06 -0.03367 0.00089309 2.86878e-05 1.23853e-05 -5.82881e-06 -2.2437e-06 4.16223e-05 -0.00196957 5.07413e-06 0.00243326 0.00249057 0.000109701 0.00105461 0.0105627 1.46158e-06 -0.0065622 2.54296e-06 -3.93595e-05 -1.5119e-05 0.00495987 -3.30598e-07 2.65685e-05 0.00242978 -1.00182e-05 -0.00118215 -1.06453e-06 0.000238194 -3.44623e-07 -5.76575e-08 2.21057e-05 -0.000543951 -4.61688e-05 -9.87792e-05 0.00471083 
-8.45616e-11 -7.128e-12 8.70763e-07 5.28189e-08 7.50444e-07 3.45823e-07 -9.35478e-07 3.80179e-07 8.77092e-07 3.80085e-07 -1.1916e-09 4.43214e-07 3.59974e-07 1.15017e-07 -2.49632e-08 8.73864e-07 2.66565e-07 -6.8435e-07 4.19191e-07 -2.29939e-08 -1.3073e-06 -6.70587e-07 -4.50463e-09 2.65462e-07 -7.07517e-07 -6.80229e-08 -1.3715e-08 -1.76107e-10 1.02394e-07 1.44e-06 -2.94168e-10 -1.62166e-09 -5.04709e-08 -3.66319e-07 -1.72392e-10 -6.69254e-10 -3.79817e-07 2.85687e-07 -8.68887e-07 -1.00508e-07 4.32946e-07 -2.7504e-11 -1.54481e-08 8.51803e-08 -4.87712e-08 -7.62298e-10 -3.9744e-12 -4.99507e-10 -2.07384e-10 -7.29504e-11 -5.70144e-10 -7.63566e-07 -1.21578e-09 -3.60613e-07 4.43056e-07 -6.08117e-10 -1.28827e-06 -7.2672e-12 3.69938e-07 -3.41376e-11 -7.1616e-10 -3.51389e-10 -1.51392e-10 -1.28256e-11 -5.6231e-10 5.99274e-08 -2.44937e-07 -8.84975e-09 -8.844e-11 -3.21216e-11 2.32071e-08 8.31531e-08 -1.20984e-10 4.31128e-07 -1.30992e-11 -4.8677e-09 -5.12182e-09 -2.5704e-10 3.93877e-07 -3.78457e-07 -1.51824e-11 -1.28015e-06 -4.9992e-11 -7.16179e-10 -1.92158e-10 -3.68951e-07 -2.4096e-12 -1.58131e-10 -1.96281e-08 -1.0333e-10 -8.08359e-09 -1.24166e-10 -1.33855e-09 -2.5728e-12 -7.3632e-12 -6.07728e-11 -3.62383e-09 4.42867e-07 -2.06976e-09 2.6294e-08 
-1.19962e-08 3.42322e-07 -1.62898e-06 4.83684e-07 -1.35568e-06 0.000163744 3.61357e-06 0.000144434 -1.83124e-06 0.000121747 5.60956e-07 1.84644e-06 -3.69753e-09 -6.02815e-06 3.5132e-05 1.61443e-05 -1.44898e-08 -5.66892e-05 5.25036e-07 -3.22866e-06 -2.63233e-05 -0.000171084 -2.42376e-07 -1.7084e-07 -2.50106e-06 -7.68517e-05 1.20977e-05 4.4835e-07 -3.79093e-05 -2.94168e-10 0.000204242 9.85328e-06 0.000146807 -0.000189828 -2.44561e-08 1.12684e-05 -0.000190589 0.000133534 -8.84782e-05 0.000160205 1.75797e-05 -3.90181e-09 1.12318e-05 3.28914e-06 -4.81218e-06 -1.08142e-07 9.27695e-08 2.26914e-06 -2.94202e-08 -1.0349e-08 3.22451e-07 -3.83342e-05 1.37525e-07 -0.000186475 1.23339e-05 1.70204e-05 -1.53934e-05 -1.03095e-09 -6.07334e-05 1.26085e-05 -1.01597e-07 4.53484e-07 -2.1477e-08 3.31514e-07 -7.97713e-08 7.11636e-06 0.000158179 1.25788e-06 1.10787e-07 -4.55688e-09 5.98758e-07 9.34434e-07 -1.71632e-08 5.02855e-06 1.24808e-07 1.33661e-05 8.1434e-06 2.2502e-06 2.58975e-05 -0.000189653 7.64513e-07 -4.57455e-05 1.19029e-05 -1.016e-07 1.01694e-05 -0.000162158 -3.41834e-10 -1.57664e-08 9.84882e-06 6.68675e-07 -9.63433e-07 9.25719e-07 1.16468e-05 -3.64986e-10 -1.04457e-09 3.50471e-06 4.29492e-05 1.23712e-06 -2.93623e-07 -1.47151e-06 
-6.61315e-08 1.77589e-08 -1.46674e-05 -4.02333e-07 -7.47344e-06 0.00104007 2.46545e-05 0.00096966 -1.00951e-05 0.00042427 3.97214e-05 1.14023e-06 3.76283e-07 -2.83225e-05 7.24142e-05 0.000101395 -7.98781e-08 -3.97482e-05 3.74825e-05 -1.49857e-05 -0.00100539 -0.00105958 -3.52285e-06 3.13154e-06 -2.25137e-06 -0.000436873 -1.06991e-05 2.40989e-05 -0.000228496 -1.62166e-09 9.85328e-06 0.00112489 5.69178e-07 -0.00105773 -1.34819e-07 1.47066e-05 -0.00106894 0.000784947 -0.000101302 0.00101194 0.000979873 -2.15095e-08 0.000614075 4.34442e-05 -6.28155e-06 -5.96156e-07 -3.10818e-09 -1.7064e-07 -1.62185e-07 -5.70509e-08 -4.45882e-07 -0.00105691 9.75863e-07 -0.000958485 2.07428e-05 1.41544e-05 5.74356e-08 1.44317e-07 -0.000334563 -2.66973e-08 1.38993e-06 -1.28137e-07 -1.18396e-07 -1.00303e-08 -4.06422e-07 9.3653e-07 0.00090546 -6.92095e-06 1.01417e-06 -2.51207e-08 1.13461e-06 4.12906e-06 7.96872e-06 0.000922352 -1.02442e-08 -2.94013e-06 -3.95552e-06 3.48982e-07 5.5778e-05 -0.00106879 1.1146e-07 -5.88763e-05 1.18442e-05 -5.60089e-07 1.32731e-05 -0.000964841 -1.88443e-09 -1.23667e-07 -1.53502e-05 -8.0809e-08 -6.32178e-06 -9.71044e-08 2.34399e-05 -2.01206e-09 1.04242e-07 -4.75274e-08 0.000265156 3.98833e-06 8.97801e-06 -8.11199e-06 
