0.00464426 -0.00420619 0.000633819 -0.000144006 -0.000194923 -0.00180527 -0.00116025 -6.3081e-06 -9.7311e-05 -7.82026e-05 -0.00208716 -0.00420822 0.00454592 0.00398668 -5.7687e-06 7.16826e-07 -0.00196784 -0.00452678 0.00206698 3.14927e-06 -8.69358e-05 4.26023e-06 -6.10595e-05 -0.000444775 -0.00453014 -0.000839931 -0.000547365 -4.53627e-05 3.70729e-05 -0.000844471 -0.000353765 -0.00446891 1.36666e-06 -0.00179976 -9.06644e-05 -4.86383e-05 1.65818e-05 -9.14124e-06 0.00451771 4.18521e-06 0.00457245 4.58276e-08 -9.71235e-05 0.00430324 -3.38132e-08 0.000189719 -8.67588e-06 6.61515e-06 -0.00174882 -0.00412245 -6.49254e-05 -3.06213e-05 -0.0020233 4.13044e-05 -0.000546964 -2.61558e-05 -2.88641e-07 3.71839e-06 1.15042e-06 -3.95991e-06 -3.99412e-08 -0.0044946 3.07375e-05 -5.06206e-05 -6.21027e-06 0.00020079 -0.00242599 -0.000350293 0.00455696 -0.000602371 -0.000138774 4.02611e-06 0.0044691 -3.31957e-05 5.80234e-05 0.00457471 -0.00406566 -0.000136048 -1.94682e-07 0.000527404 -4.36482e-05 -1.27632e-07 0.00317792 -0.00448192 -4.90221e-07 9.1588e-06 0.000199185 1.69746e-05 0.00420346 0.0044675 -1.27753e-05 4.88257e-05 -8.64807e-06 -3.37285e-05 2.09153e-06 -6.57223e-07 -0.000404879 0.00454321 -3.08368e-05 -1.68485e-05 
-0.00420619 0.0887624 0.029292 -0.013351 -0.0406498 0.0349272 -0.00636626 -0.00693811 -0.0305408 0.00119457 0.0395911 0.0290313 -0.0114236 -0.00442401 -0.000880419 -3.73239e-05 0.0237325 0.0180776 -0.00351177 -0.000150897 -0.0015842 -0.000402643 -0.0105377 0.00504285 0.0157177 -0.039535 -0.00594588 -0.00818499 -0.00412091 -0.0348732 -0.0191043 0.0315958 -0.000550286 0.0288008 -0.0124924 -0.00495923 -0.00322636 -0.00117814 -0.0059601 -0.000195543 -0.00539917 -2.66771e-05 -0.0200103 -0.0335532 -4.68986e-06 -0.000832622 -0.00166641 -4.22634e-05 0.0253694 0.0436741 -0.00638326 -0.00666016 0.0115997 -0.000194496 0.0100956 -0.0062742 2.38382e-06 -0.000661948 -2.03458e-05 -0.00020851 6.7945e-07 0.0137053 -0.000155008 -0.00672232 0.00024192 -0.00329924 0.0174344 0.00681009 -0.00715767 -0.00343828 2.54263e-05 -0.000193525 -0.00524236 -0.00560033 -0.0172811 -0.00521914 0.011292 -0.00152232 -1.87488e-05 -0.00740396 -0.00671543 -2.24769e-05 -0.00838448 0.026023 -0.000376875 -1.63989e-05 -0.00414682 -0.00138005 -0.0048223 -0.0120512 -0.00120963 -5.95452e-05 -0.00263245 -0.00543557 -0.000171497 -5.34881e-05 -0.0385676 -0.00519125 -0.000496582 0.000217276 
0.000633819 0.029292 0.131582 -0.00820301 -0.0313759 0.0603527 -0.06234 -0.0099399 -0.0192023 -0.000680759 0.0764409 0.0203991 -0.00343806 0.000275556 -0.000777729 -6.60656e-06 -0.0408867 0.0131289 -0.041578 -0.000403711 -0.0137233 0.000110636 -0.0122285 0.0134691 0.00382528 -0.0433369 -0.0491476 -0.00600359 -0.00275462 -0.0177773 -0.0163665 0.0246628 -3.95591e-05 0.0476043 -0.0153686 -0.00891354 -0.00139524 0.000275709 -0.00343908 -0.000220038 0.000453516 -5.22894e-05 -0.0180972 -0.025246 -5.96372e-06 -0.000342197 -0.000127335 1.1296e-05 0.0547093 0.0432629 -0.0109737 -0.00372622 -0.0237283 -8.58588e-05 -0.00974325 -0.000338039 -4.06139e-05 -0.00115202 -1.22591e-05 -0.000214733 2.04334e-07 0.0106768 2.10233e-05 -0.00960039 -0.00252295 -0.00248022 0.0765961 -0.0517996 -0.000857089 -0.00917579 -0.0161119 -0.000233278 0.000553601 -0.00373077 -0.0172606 0.000572469 0.0519381 0.00250097 -7.66616e-06 -0.0096593 -0.00973805 -7.99949e-06 0.00139498 0.0190201 -0.000305185 -4.88623e-06 -0.00246326 -0.00172228 0.000123806 -0.00675105 -0.00116113 -1.78293e-07 3.8903e-05 -0.00819618 -0.000378522 -1.81802e-05 -0.0261174 0.000412534 -0.00116751 0.000565599 
-0.000144006 -0.013351 -0.00820301 0.0301453 0.0119531 0.000970812 -0.00748398 -0.000256684 0.00816891 -0.00048084 0.00156031 -0.00987438 0.000396113 -0.000105027 -5.99942e-05 -1.22476e-06 -0.0118583 0.000383476 -0.00553356 -2.70416e-05 0.000159153 -6.01532e-06 -0.000385282 -0.000674253 -0.000232013 0.00855865 -0.00330809 2.80288e-05 0.000900567 0.00873339 0.00497919 -0.0095886 3.23369e-05 -0.00769302 0.00518006 -7.25284e-05 0.000184202 -1.1897e-05 6.40623e-05 0.00010707 -0.000131686 -6.62743e-07 0.00924811 0.0100064 -2.25468e-07 0.000129929 0.000569185 -2.87986e-06 -1.56817e-05 -0.0138961 -0.000347615 -0.000249354 -0.0132119 3.2404e-06 -0.00356968 0.00121472 -1.92467e-06 1.37054e-05 -1.02465e-06 3.29585e-05 -2.6633e-07 -0.00103218 -5.48036e-06 -0.000224498 -9.81398e-05 0.00162096 -0.00202523 -0.00226146 -0.000244008 0.00686703 -0.000718057 -1.51496e-05 -0.000175624 -0.000161691 0.00341118 -0.000179603 0.000400418 -0.00085671 -1.26815e-06 -0.000284278 -0.000265827 -5.77194e-08 -0.00185666 -0.00679139 8.56881e-05 -8.30414e-07 -0.000136679 0.000382147 -0.000288503 -0.00033425 -8.72566e-06 1.23998e-05 -9.01568e-05 -0.000288874 4.12903e-05 -1.87258e-06 0.0130541 -0.000182352 -0.000177979 -0.00011077 
-0.000194923 -0.0406498 -0.0313759 0.0119531 0.0520636 -0.0190416 -0.00362146 0.00294516 0.0230522 -0.000986928 -0.0226473 -0.0183305 0.00332905 -0.000167145 0.000920705 -6.01121e-07 -0.0146187 -0.0059179 0.010205 -6.10831e-05 0.00142098 -3.93786e-05 0.0048018 -0.00419746 -0.00443195 0.034058 0.000136768 0.00512398 0.00407687 0.028201 0.0094314 -0.0204371 4.33593e-06 -0.0167842 0.00926982 0.00132114 0.0026813 0.000173239 0.000547658 0.000257518 -0.00012124 -3.53627e-06 0.020276 0.0272684 -3.99288e-07 0.000213015 0.000326501 3.45052e-05 -0.0194507 -0.033317 0.00267641 0.00304278 -0.0179963 0.000164073 -0.00640245 0.00102773 -3.40846e-06 0.000389505 1.24188e-05 4.04455e-05 -4.71652e-07 -0.00386791 -6.83179e-06 0.00277687 -0.000162109 0.00217187 -0.0220471 -0.00409376 -0.000302177 -0.00127144 -0.000341739 0.00016416 -0.00031142 0.00251037 0.0103101 -0.00030339 -0.000981307 -0.00130883 -1.5756e-06 0.00266312 0.00277993 -5.8049e-07 0.00080127 -0.0132376 0.000323595 6.47939e-06 0.0018733 0.00148383 -0.000351975 0.0026033 0.000642788 7.46798e-06 -5.43652e-05 0.00177371 0.000222007 6.38625e-05 0.0356569 -0.000309129 -0.000329107 -0.000199548 
-0.00180527 0.0349272 0.0603527 0.000970812 -0.0190416 0.238133 -0.0967633 -0.00454097 -0.0140971 -0.00446657 0.156589 -0.00479823 -0.00502485 -0.00199758 -0.000729053 -1.619e-05 -0.139191 0.00943055 -0.171899 4.1483e-05 -0.00749468 -0.000214867 -0.006513 0.0407496 0.00705182 -0.0566096 -0.037509 -0.00397214 -0.00173084 -0.0617075 -0.0315493 0.0156479 -0.000238429 0.00569874 -0.00783354 -0.00418131 -0.00115349 -0.000370569 -0.00441324 -0.000117157 -0.00235756 -2.57707e-05 -0.00915179 -0.0157454 -2.81057e-06 -6.72488e-05 -0.000272652 2.61551e-05 0.169536 0.0356378 -0.00443675 -0.00323172 -0.15705 -4.50186e-06 -0.045155 -0.00285729 -2.40445e-05 -0.000532319 -4.24389e-05 -3.51988e-05 -3.25083e-06 0.00744741 -5.86658e-05 -0.00436228 -0.00122841 -0.002003 0.163787 -0.0290274 -0.00323133 0.0237193 -0.0119035 -0.000224585 -0.00225319 -0.00249525 -0.00922945 -0.00225845 0.0278397 0.00120809 -1.57598e-05 -0.00436934 -0.0044571 -7.49688e-06 0.0485662 0.0135153 -0.000162318 -8.88747e-06 -0.00178137 -0.00453102 -0.00362783 -0.0056033 -0.000543238 -2.60517e-05 -0.00125599 -0.00377223 -0.000304497 -6.32924e-05 -0.0300515 -0.00232342 -0.000958663 0.00223818 
-0.00116025 -0.00636626 -0.06234 -0.00748398 -0.00362146 -0.0967633 0.187187 -0.00289434 0.00187162 0.00212321 -0.135973 0.0183217 -0.00319769 -0.000875415 1.7137e-05 -1.00708e-05 0.0865257 0.0059909 0.0742897 -3.00917e-05 0.0114073 -0.000177066 -0.00329741 -0.0244745 0.00116002 0.0305266 0.0687626 -0.00238663 -0.00109541 -0.00133895 0.000806532 0.00996152 0.000311136 -0.0484155 -0.00405547 -0.00110693 -0.000910984 0.000842543 -0.000298291 -1.42967e-05 -0.00150401 -1.17171e-05 -0.00424033 -0.00899089 -1.71713e-06 -0.000397947 0.00139145 -9.2502e-06 -0.072935 -0.0145095 -0.0020292 -0.00146653 0.106252 -7.75425e-05 0.0182373 0.00340518 4.48937e-05 8.72317e-05 -1.71133e-05 3.24095e-06 5.70869e-06 0.00475118 -3.92647e-05 -0.00282039 0.00219257 0.000603996 -0.0970537 0.0552039 -0.00173347 0.000242305 0.0144591 0.000295787 -0.00146463 -0.00137572 -0.00590346 -0.00143582 -0.0432545 -0.00380061 5.72527e-06 -0.00323787 -0.00285257 5.91878e-06 -0.0296988 0.00794386 -9.49418e-05 -2.0458e-06 -0.00116917 -0.00107269 0.0012884 -0.00356727 -0.00010093 -1.34891e-05 0.00188937 -0.00241726 0.000170272 3.39994e-05 0.000134169 -0.00146225 0.00121523 -0.000918734 
-6.3081e-06 -0.00693811 -0.0099399 -0.000256684 0.00294516 -0.00454097 -0.00289434 0.0117714 0.00212397 -0.000125711 -0.00691671 -0.0106554 6.35227e-05 -2.26456e-05 -2.30569e-05 7.62679e-06 0.00285325 -0.0114099 -0.00545419 2.05196e-05 -0.000183938 -7.76892e-06 0.011466 -0.000885949 -8.62543e-05 -0.000913682 -0.0012077 0.00011778 -5.32535e-05 -0.00210906 0.0104652 -0.0112905 -7.5547e-06 -0.00465998 0.010458 0.00875678 -4.19003e-05 -2.42181e-05 -7.4096e-05 6.37582e-06 2.00719e-05 5.39342e-05 -0.000261074 -0.000245745 6.917e-06 -7.93821e-06 -4.36996e-05 3.74691e-06 -0.00439325 -0.0103302 0.0112678 -2.17261e-05 -0.00512983 8.70201e-07 -0.00139409 -2.63836e-05 -3.36267e-08 0.000372105 -1.42873e-06 5.90495e-05 -1.01978e-07 -0.0113887 3.31607e-07 0.0111269 2.76457e-05 -6.19308e-05 -0.00618838 -0.000768541 -1.29817e-05 -0.00158402 -0.000352413 1.44141e-05 8.13133e-06 -2.76049e-05 0.0114291 -1.55124e-05 -0.0104354 -0.000346873 -4.23731e-07 0.011339 0.0113658 1.09508e-05 0.0102072 -0.0113701 9.2887e-05 1.1587e-06 -2.41552e-05 -0.000141409 6.86744e-06 0.00829197 5.96926e-05 -7.03946e-07 -1.44159e-05 0.00955643 -4.86381e-06 -1.95548e-06 -0.000941251 -1.96506e-05 -4.74829e-05 -4.45586e-05 
-9.7311e-05 -0.0305408 -0.0192023 0.00816891 0.0230522 -0.0140971 0.00187162 0.00212397 0.0355717 -0.000626937 -0.0201325 -0.00948782 0.00040122 5.2666e-06 0.000279455 -1.34915e-06 -0.0132947 -0.00215063 0.0084284 -4.46221e-05 0.00071581 -2.80854e-05 0.00235659 -0.00361196 -0.000597697 0.0190586 0.00853673 0.00133029 0.000512407 0.0173668 0.00847369 -0.0107057 0.00031243 -0.0144852 0.00750278 0.00220841 3.14026e-05 0.000689829 0.000202843 0.000120718 -4.02651e-05 -1.58055e-06 0.0148708 0.0187645 4.619e-06 0.000133615 0.00097355 1.42755e-05 -0.0132117 -0.0279272 0.00184614 1.75875e-05 -0.0113813 9.48317e-06 -0.00428135 0.00297366 -1.94819e-06 3.70575e-06 1.74871e-05 0.000139414 -1.46172e-07 -0.0031984 -5.89324e-06 0.00196024 -0.000110007 -5.96171e-05 -0.0163462 -0.00264531 -0.000220519 0.000378339 -0.000925647 0.000186505 -0.000149239 -6.60786e-05 0.00560582 -0.000135762 0.000869726 -0.00103445 3.68891e-06 0.00194282 0.00202441 1.9473e-05 -0.000819889 -0.00902879 0.000275996 -9.85821e-07 -3.67766e-05 -0.000227937 -8.07948e-05 0.00193532 -0.000134816 1.58513e-06 4.49794e-05 0.00124448 0.000156359 3.61292e-05 0.0257827 -0.000145904 -9.6758e-05 -0.000139661 
-7.82026e-05 0.00119457 -0.000680759 -0.00048084 -0.000986928 -0.00446657 0.00212321 -0.000125711 -0.000626937 0.0178861 -0.00445742 0.000333802 -0.000217827 -8.69783e-05 -3.60924e-05 -7.54226e-07 0.00753521 0.000203781 0.00768035 -2.10371e-05 -1.22773e-05 -1.62117e-05 -0.000161938 -0.000656956 0.000171245 -0.00321585 0.00411795 -0.000152809 2.49342e-05 -0.00223429 -0.0012884 0.00047619 1.61677e-05 -0.00471675 -0.000277418 -0.000144132 -4.30176e-05 -3.69586e-05 -0.000198557 -6.98151e-06 -9.98767e-05 -7.03146e-07 -0.000427793 -0.000725718 2.14647e-07 -3.23274e-05 -6.66338e-05 4.10894e-06 -0.00618295 0.00175809 -0.000152064 0.000296094 0.00496126 -4.5405e-06 -0.00128493 -0.000139248 -3.46967e-07 -4.55202e-05 -9.0816e-07 -7.36769e-06 2.40537e-08 0.000167099 -2.82256e-06 -0.000129069 -5.23364e-05 -7.40858e-05 -0.00503231 0.00147115 -0.000138985 -0.00235206 -0.0002347 -1.03823e-05 -1.50681e-05 -8.11799e-05 -0.000218166 -9.65267e-05 -0.00407276 0.00016478 1.57899e-05 -9.17043e-05 -0.000133046 3.2501e-07 -0.00175056 0.000165466 -7.64046e-06 -4.86239e-07 5.27492e-05 -0.000148921 -7.03868e-05 -0.000173777 -9.15195e-06 -1.21411e-06 -5.80708e-05 -0.000125027 5.18219e-05 -2.386e-06 -0.00161525 -9.37621e-05 0.000579373 -6.0515e-05 
-0.00208716 0.0395911 0.0764409 0.00156031 -0.0226473 0.156589 -0.135973 -0.00691671 -0.0201325 -0.00445742 0.242101 0.0022839 -0.00539959 -0.00201866 -0.000439979 -3.72948e-06 -0.129799 0.0127558 -0.125626 6.2038e-05 -0.0111917 -0.000138553 -0.00987213 0.0385782 0.00805725 -0.0346588 -0.0565157 -0.00567953 -0.00206664 -0.024355 -0.0436838 0.0191018 -0.000359006 0.0129512 -0.0112112 -0.00636472 -0.00195428 -0.000576581 -0.001945 -0.000141158 -0.00212267 -3.92176e-05 -0.00983853 -0.0161143 -4.14072e-06 0.000151975 -0.000771847 4.58061e-06 0.124929 0.0342574 -0.0070889 -0.00451764 -0.147855 -8.9781e-05 -0.0531941 -0.00325221 -3.55379e-05 -0.00068341 1.0168e-05 -0.000208566 -4.76412e-06 0.00965033 -5.49766e-05 -0.00660198 -0.00183913 -0.00113269 0.167941 -0.0423902 -0.00337641 0.0189253 -0.0102592 -0.00031607 -0.00208103 -0.00331412 -0.0122745 -0.00207545 0.041852 0.00565805 -2.22499e-05 -0.00717705 -0.00679162 -1.35477e-05 0.0261825 0.0164005 -0.000242542 -1.42438e-05 -0.00257873 0.000955458 -0.00426009 -0.00709151 -0.000745718 -3.27514e-05 -0.00183113 -0.00574992 -0.000252783 -2.09001e-05 -0.0203096 -0.00213856 -0.00141302 0.00144599 
-0.00420822 0.0290313 0.0203991 -0.00987438 -0.0183305 -0.00479823 0.0183217 -0.0106554 -0.00948782 0.000333802 0.0022839 0.0880043 -0.0115528 -0.00426633 0.000122025 -3.7363e-05 0.0199876 0.0218092 0.0211613 -0.000114187 -0.00126278 -5.82331e-06 -0.014182 -0.0212887 0.0130988 -0.017926 0.0102425 -0.00669826 -0.00401824 -0.0122088 -0.0106546 0.0344619 -9.65021e-06 0.0320762 -0.0150831 -0.00821646 -0.00293687 6.21066e-05 -0.00555513 -0.000132595 -0.00538899 -4.91413e-05 -0.00898567 -0.0205669 -6.42669e-06 -0.00107905 0.000218855 -1.6617e-05 0.00227161 0.0188023 -0.0117929 -0.00653513 0.030123 -0.000230102 0.0103014 0.000170779 4.31883e-06 -0.000780799 2.55109e-06 -0.000104484 6.54712e-07 0.01743 -0.000152646 -0.0102988 0.000206301 -0.00352541 0.000301397 0.0047065 -0.00725983 -0.00633721 -0.00236028 2.55792e-05 -0.00528745 -0.00565947 -0.0212136 -0.00521194 0.0188236 -0.0119281 -9.6181e-06 -0.0117403 -0.0104174 -9.71936e-06 -0.0421819 0.0286477 -0.000337787 -1.96807e-05 -0.0042221 -0.00119499 -0.00449619 -0.0129581 -0.00197939 -5.43014e-05 0.000213786 -0.00879379 -0.000115945 7.13409e-06 -0.0112141 -0.0052156 -0.000390773 -2.60581e-05 
0.00454592 -0.0114236 -0.00343806 0.000396113 0.00332905 -0.00502485 -0.00319769 6.35227e-05 0.00040122 -0.000217827 -0.00539959 -0.0115528 0.0126964 0.00458122 -2.00146e-05 3.53175e-05 0.000377008 -0.0107393 0.00610289 0.0001697 0.000142743 -1.14571e-05 0.00343883 -0.00127259 -0.0108794 0.000264798 -0.00142803 0.00574675 0.000234418 -0.00119702 -0.0010361 -0.0122255 -9.74995e-06 -0.00505569 -0.000244092 -9.36856e-05 0.000534886 -2.46297e-05 0.00567154 2.80115e-05 0.00580398 -2.30413e-07 -6.21626e-05 0.011139 3.67947e-08 0.000756633 1.1356e-05 -1.7775e-06 -0.0048108 -0.00571849 -0.0001732 0.00541473 -0.00559115 4.64822e-06 -0.000988502 -9.82779e-05 -7.95632e-07 2.92454e-05 2.29753e-06 -5.89873e-06 -1.10097e-07 -0.00588826 0.000149079 -0.000147932 -3.68278e-05 0.000449315 -0.00673872 -0.000966754 0.00766058 -0.00167014 -0.000369092 -4.33141e-06 0.00562013 0.00478786 0.00658638 0.00568952 -0.00990326 0.00195569 -5.36638e-07 0.000654388 -0.000140654 -2.51468e-08 0.00813418 -0.0121586 2.74659e-05 1.75734e-05 0.00342678 -2.77615e-05 0.00474433 0.00568542 0.00120558 4.89828e-05 -2.83609e-05 -9.46535e-05 4.02035e-05 -1.71753e-06 0.00574235 0.0057018 -8.36035e-05 -4.55777e-05 
0.00398668 -0.00442401 0.000275556 -0.000105027 -0.000167145 -0.00199758 -0.000875415 -2.26456e-05 5.2666e-06 -8.69783e-05 -0.00201866 -0.00426633 0.00458122 0.0052402 -6.27725e-06 3.32857e-06 -0.00209222 -0.00446854 0.00197733 0.000131394 -4.43188e-05 1.75407e-05 -8.82829e-05 -0.000514824 -0.00454946 -0.000639394 -0.000415051 3.72019e-07 -1.2609e-05 -0.00071803 -0.000335445 -0.00446676 1.73769e-07 -0.00197005 -8.90631e-05 -5.48435e-05 3.67235e-05 9.3149e-05 0.00450887 1.34155e-05 0.00461194 3.4057e-07 -8.9654e-05 0.0042605 -3.81751e-08 0.000578941 0.00017073 -3.61364e-07 -0.00176864 -0.00426374 -6.59578e-05 -4.18081e-05 -0.00189379 8.08605e-06 -0.000580106 -1.25798e-05 -2.35875e-07 -1.36289e-05 -6.31768e-07 8.04593e-06 -2.50937e-08 -0.00447004 1.57927e-05 -6.08341e-05 -8.56337e-06 6.40308e-05 -0.00258818 -0.000303725 0.00454682 -0.000674339 -8.9877e-05 -1.72011e-06 0.0044586 -3.48428e-05 -0.000105316 0.0045562 -0.00409145 -7.80243e-05 5.30204e-07 0.000143375 -5.77735e-05 1.35904e-07 0.00306483 -0.00448476 1.70674e-07 7.4294e-06 4.45143e-05 6.17465e-05 0.00413336 0.00445863 9.82515e-07 5.00423e-05 1.88792e-05 -4.9491e-05 3.8767e-06 -7.06731e-07 -0.000364375 0.004529 -2.57811e-05 -1.88011e-05 
-5.7687e-06 -0.000880419 -0.000777729 -5.99942e-05 0.000920705 -0.000729053 1.7137e-05 -2.30569e-05 0.000279455 -3.60924e-05 -0.000439979 0.000122025 -2.00146e-05 -6.27725e-06 0.00200382 -8.3125e-08 -0.000404101 3.5419e-05 0.000871531 -2.42495e-06 0.000112233 -1.52523e-06 -3.09659e-05 -0.000135056 -2.12558e-05 0.000664905 0.00018843 1.37341e-05 -2.81781e-06 0.000556788 -0.000130458 3.10971e-05 -1.18527e-06 -0.000514905 -3.32883e-05 -9.45996e-06 -4.03664e-06 3.64231e-06 8.69137e-06 2.44043e-06 -1.2499e-06 -1.5097e-07 0.000333843 0.000567326 -1.45502e-08 -3.56985e-06 1.53169e-05 1.26252e-06 -0.000731975 -0.00114256 -2.62836e-05 -1.28339e-05 -0.000157242 -6.32619e-07 -0.000113703 1.22499e-05 -1.24206e-07 -5.34056e-06 1.83587e-06 -1.40733e-06 -1.71872e-08 2.78708e-05 1.09589e-06 -2.25164e-05 -5.68718e-06 -8.05015e-06 -0.000856824 -6.19488e-05 -1.17796e-05 -0.000243328 1.24737e-07 1.09418e-05 -1.00927e-05 -1.10807e-05 -4.63601e-05 -7.37356e-06 0.000127115 2.86881e-05 -8.37742e-08 -2.55335e-05 -2.23154e-05 1.95079e-07 -0.000228033 3.19971e-05 1.59459e-06 8.97438e-08 -9.43169e-06 7.02392e-05 -6.58939e-06 -2.37382e-05 -7.94574e-07 -1.3381e-07 -5.98262e-06 -1.86882e-05 1.48238e-05 -2.99721e-07 0.00104225 -8.751e-06 -1.08273e-05 -7.62411e-06 
7.16826e-07 -3.73239e-05 -6.60656e-06 -1.22476e-06 -6.01121e-07 -1.619e-05 -1.00708e-05 7.62679e-06 -1.34915e-06 -7.54226e-07 -3.72948e-06 -3.7363e-05 3.53175e-05 3.32857e-06 -8.3125e-08 4.13983e-05 -9.83457e-06 -4.02549e-05 1.02609e-05 4.06966e-06 -7.9989e-07 2.23121e-07 4.59038e-06 -3.98686e-06 -3.92867e-05 1.00542e-06 -4.87558e-06 3.8432e-06 -1.09135e-07 -6.82407e-06 2.20683e-06 -3.95117e-05 -3.41302e-08 -1.63066e-05 -6.2813e-07 -1.35156e-08 -4.00377e-08 1.28293e-07 3.48746e-05 -1.64864e-08 2.73445e-05 -3.11287e-09 -9.27521e-07 1.82359e-05 7.63667e-08 2.29876e-06 1.36327e-06 1.84279e-07 -1.54465e-05 -3.62513e-05 2.71974e-06 6.25517e-06 -1.8033e-05 -1.31815e-08 -4.38146e-06 -3.1781e-07 -2.561e-09 5.26232e-06 -4.96496e-09 -3.51348e-08 -3.54384e-10 -4.02242e-05 1.22252e-05 1.43405e-06 -1.30667e-07 2.06173e-05 -1.86089e-05 -6.57887e-07 3.52544e-05 -5.54594e-06 -1.25852e-06 -2.38131e-08 3.24463e-05 2.39307e-06 1.10535e-05 2.91499e-05 -3.63753e-05 5.55192e-06 -1.72735e-09 5.4896e-06 4.89208e-06 -1.13243e-09 2.1387e-05 -3.98406e-05 5.49304e-07 -1.10497e-09 1.12889e-05 7.09593e-07 1.28898e-05 3.69021e-05 3.51894e-06 3.7241e-08 2.17926e-06 4.52896e-06 -3.51812e-08 -7.07347e-09 -2.77671e-06 3.13271e-05 -2.74728e-07 -1.57683e-07 
-0.00196784 0.0237325 -0.0408867 -0.0118583 -0.0146187 -0.139191 0.0865257 0.00285325 -0.0132947 0.00753521 -0.129799 0.0199876 0.000377008 -0.00209222 -0.000404101 -9.83457e-06 0.244337 -0.00372305 0.146254 -0.000118669 0.00536183 -0.00035775 0.00562291 -0.0388824 0.001301 -0.0201948 0.0475385 0.00289633 -0.000748337 -0.04455 0.0133804 0.00109121 -6.33124e-05 0.028383 0.000250192 0.000806349 -0.000617244 -0.000729136 -0.00195016 -0.000125711 -0.00254453 3.42652e-06 -0.00947255 -0.00972381 -2.56468e-06 -0.000716672 -0.000992004 -3.51235e-05 -0.131687 0.00107792 0.00290633 0.00351304 0.148785 -0.000113254 0.0641621 -0.00246781 2.93151e-05 0.00030772 3.2158e-05 5.51037e-05 4.54749e-06 1.07632e-05 -8.08077e-05 0.0025931 0.00169258 -0.00146325 -0.175097 0.0387898 -0.00137054 -0.0251494 0.00571104 -2.16504e-05 -0.00233889 0.00317849 0.00533792 -0.00242795 -0.0419748 -0.00412824 1.07348e-05 0.00232386 0.00280487 -4.26495e-06 -0.035125 -0.00287737 -0.000110975 -6.55653e-06 0.00209109 0.000474091 0.000351555 -0.000922689 0.000486932 -2.58233e-05 -0.00111276 0.00336824 -0.000205609 -4.19344e-05 -0.00700226 -0.00219301 0.000597098 -0.00131362 
-0.00452678 0.0180776 0.0131289 0.000383476 -0.0059179 0.00943055 0.0059909 -0.0114099 -0.00215063 0.000203781 0.0127558 0.0218092 -0.0107393 -0.00446854 3.5419e-05 -4.02549e-05 -0.00372305 0.0237656 -0.000228149 -0.000189132 0.000110976 -1.24714e-05 -0.015041 0.00175523 0.0119331 0.00161849 0.00280027 -0.00573898 -0.00118219 0.00388542 -0.00988683 0.0231661 -3.47152e-05 0.0093136 -0.0104244 -0.00870752 -0.000878142 3.91294e-05 -0.0055058 -2.53997e-05 -0.00565861 -5.39018e-05 0.000269092 -0.0100509 -6.95681e-06 -0.000748818 1.86779e-05 -2.20836e-05 0.00906037 0.0155064 -0.0111414 -0.00621769 0.0105269 -6.28576e-05 0.00234074 8.7606e-05 8.03509e-07 -0.000620903 1.82462e-06 -2.99641e-05 1.35179e-07 0.0173549 -0.000153662 -0.0110334 -9.62842e-06 -0.000457763 0.0125462 0.00174358 -0.00753518 0.00311906 0.000662351 -2.93255e-05 -0.00566555 -0.00546777 -0.0180787 -0.00563086 0.0207475 -0.00154018 1.01633e-06 -0.0120923 -0.011262 -1.0777e-05 -0.0190534 0.0232334 -9.95308e-05 -1.55465e-05 -0.0045157 5.92082e-05 -0.00473482 -0.0139855 -0.00127104 -5.56866e-05 2.48187e-05 -0.00950946 -6.54035e-05 2.93855e-06 -0.00428748 -0.00564218 4.77108e-05 8.91642e-05 
0.00206698 -0.00351177 -0.041578 -0.00553356 0.010205 -0.171899 0.0742897 -0.00545419 0.0084284 0.00768035 -0.125626 0.0211613 0.00610289 0.00197733 0.000871531 1.02609e-05 0.146254 -0.000228149 0.25 -4.75431e-05 0.00500665 -0.000398026 -0.00308654 -0.0371171 -0.00292944 0.0296767 0.03973 0.00411119 5.0315e-05 0.025639 -0.00254976 -0.000913008 0.000136576 -0.0225994 -0.00414268 -0.00376056 -0.000335355 -0.000686292 0.00453435 8.36399e-05 0.00267484 -2.41154e-05 0.00510883 0.0148994 -3.59767e-06 -2.58307e-05 -0.000880376 -1.90791e-05 -0.178748 -0.0207311 -0.00642832 0.00349914 0.125723 -8.3084e-05 0.0467403 -0.00170769 1.64981e-05 -0.000716416 5.18934e-05 -8.50107e-05 3.75882e-06 0.00252268 4.38212e-05 -0.00546941 0.00128479 -0.0010478 -0.159061 0.0304726 0.00351634 -0.0256417 -0.00125279 0.000212182 0.00250723 0.00257036 -0.000538203 0.00256315 -0.0137883 -0.00440264 6.60257e-06 -0.00571947 -0.00559501 -1.20871e-05 -0.0477571 -0.0046902 -8.08863e-05 8.75464e-06 0.00209092 0.00147279 0.00419177 -0.00157875 0.000904541 -6.0088e-07 -0.00124879 -0.00472346 0.000382406 5.6618e-05 0.0312187 0.00266436 0.000777568 -0.00174424 
3.14927e-06 -0.000150897 -0.000403711 -2.70416e-05 -6.10831e-05 4.1483e-05 -3.00917e-05 2.05196e-05 -4.46221e-05 -2.10371e-05 6.2038e-05 -0.000114187 0.0001697 0.000131394 -2.42495e-06 4.06966e-06 -0.000118669 -0.000189132 -4.75431e-05 0.00121456 -1.99217e-05 7.82344e-06 1.05413e-05 -0.000111089 -0.000176492 -0.000188516 -0.000104427 7.76372e-06 -5.08917e-06 -0.000136661 0.000108426 -0.000175316 -3.72501e-07 -0.00026675 1.02209e-05 -8.50648e-06 -3.59524e-07 -2.49788e-06 0.00017076 -2.74254e-07 0.000175336 -9.14338e-08 -2.60247e-05 0.000127986 -8.81221e-09 0.000167396 -1.09915e-06 4.11944e-07 0.000120144 -0.000256992 9.39405e-06 -2.81535e-06 -0.00026596 6.56155e-07 -1.4037e-05 -3.48498e-06 -7.5224e-08 1.27193e-05 -1.45835e-07 1.81324e-07 -1.04093e-08 -0.000197998 -2.38688e-07 6.83081e-06 1.94861e-06 1.12721e-05 -2.87596e-05 0.00020853 0.000175973 -0.000108864 -2.11569e-05 -5.22794e-07 0.000181975 -6.11499e-06 1.2744e-05 0.000176222 -0.000145432 -2.44117e-05 -4.74038e-08 1.88666e-05 2.2962e-05 -3.32627e-08 -3.25702e-05 -0.000182623 9.8334e-07 -3.2456e-08 4.09111e-06 -1.02738e-05 4.61763e-05 0.000188086 -2.27912e-06 -8.10407e-08 2.16351e-05 2.05324e-05 1.29962e-07 8.2232e-08 -0.000107959 0.000178425 -7.83954e-06 5.58392e-07 
-8.69358e-05 -0.0015842 -0.0137233 0.000159153 0.00142098 -0.00749468 0.0114073 -0.000183938 0.00071581 -1.22773e-05 -0.0111917 -0.00126278 0.000142743 -4.43188e-05 0.000112233 -7.9989e-07 0.00536183 0.000110976 0.00500665 -1.99217e-05 0.0189477 -4.22424e-06 -0.000198676 -0.0019193 -0.000575326 0.00804213 0.00261321 0.000243884 8.05387e-05 -0.000283213 -9.82702e-05 -0.00105784 -4.78246e-07 -0.00617047 0.00063369 0.000331767 0.000249327 -2.31676e-05 -0.000133762 -4.70408e-06 -0.000111378 1.24725e-06 0.000125075 0.000448935 -9.33463e-08 -1.37575e-05 -2.30741e-05 -2.67016e-06 -0.00674789 -0.0021954 -4.06872e-06 0.00038252 0.00629009 -1.08835e-06 -0.00148612 -9.67123e-05 2.8148e-06 6.15488e-05 -2.23377e-06 -6.22377e-06 -1.42055e-07 0.000304658 3.03761e-06 -0.000160917 -3.11243e-05 -3.93133e-05 -0.00873712 0.00920724 -0.000147117 -0.00217643 0.00717071 -2.42672e-06 -0.000108601 0.000109676 4.41814e-05 -0.000110843 -0.00902144 -0.000428292 1.63863e-07 -0.000190025 -0.000175879 -4.95161e-07 -0.00205065 -0.000102422 0.00015933 3.58432e-06 -7.68621e-05 -8.12818e-05 -0.000160385 -0.000267364 -6.40882e-05 2.96905e-06 0.000453384 -0.000164387 5.24679e-05 2.57554e-06 0.0006975 -0.000103795 0.000136064 -7.32527e-05 
4.26023e-06 -0.000402643 0.000110636 -6.01532e-06 -3.93786e-05 -0.000214867 -0.000177066 -7.76892e-06 -2.80854e-05 -1.62117e-05 -0.000138553 -5.82331e-06 -1.14571e-05 1.75407e-05 -1.52523e-06 2.23121e-07 -0.00035775 -1.24714e-05 -0.000398026 7.82344e-06 -4.22424e-06 0.000889993 -1.20885e-05 0.000255882 -0.000114194 -8.01554e-05 -9.84959e-05 0.000259623 2.92353e-05 -0.000151732 3.78062e-05 -2.78875e-05 3.21056e-05 0.000348825 -1.15869e-05 -7.01638e-06 0.000308542 2.22689e-06 -9.42853e-06 -1.48065e-07 -5.42582e-06 -6.69782e-08 -2.08845e-05 -3.61654e-05 -6.45523e-09 -1.51114e-06 5.55934e-06 9.60227e-07 0.000476462 -0.000114309 -6.81395e-06 2.66271e-05 -0.000331664 3.4263e-05 -9.48069e-05 -2.91514e-07 1.58229e-07 6.04757e-07 6.65043e-08 4.40074e-05 -7.62513e-09 -1.98484e-05 1.12485e-05 -7.71761e-06 2.23785e-05 -4.00583e-06 0.000406529 -6.53346e-05 -7.36444e-06 -8.80372e-05 -2.54743e-05 -5.12378e-07 -5.13034e-06 8.62777e-06 -1.74825e-05 -4.72236e-06 7.06165e-05 1.60978e-05 2.55617e-06 6.0507e-06 -7.43995e-06 -2.4366e-08 -8.58199e-05 -0.000205873 -3.73587e-07 -2.37751e-08 -2.97439e-06 1.30542e-05 -6.97511e-06 -1.0996e-05 -3.0357e-06 3.0635e-08 0.000158765 -6.91403e-06 -7.13645e-07 1.37803e-07 -7.27047e-05 -5.29765e-06 -5.0112e-06 -3.1628e-06 
-6.10595e-05 -0.0105377 -0.0122285 -0.000385282 0.0048018 -0.006513 -0.00329741 0.011466 0.00235659 -0.000161938 -0.00987213 -0.014182 0.00343883 -8.82829e-05 -3.09659e-05 4.59038e-06 0.00562291 -0.015041 -0.00308654 1.05413e-05 -0.000198676 -1.20885e-05 0.0165357 -0.00133227 -0.00363799 -0.000890701 -0.00112077 0.00381081 0.000101012 -0.00289638 0.0101621 -0.0151062 -1.08553e-05 -0.00612869 0.0104468 0.00873283 -8.40587e-07 -3.43874e-05 -0.000167241 4.12244e-06 -5.66128e-05 4.82521e-05 -0.00035657 0.00289403 6.90812e-06 -2.36735e-05 -6.10485e-05 1.81457e-05 -0.00621631 -0.0101254 0.0112086 0.00360239 -0.00637891 7.8684e-06 -0.00183045 -6.12624e-05 -3.37065e-07 0.000469059 -1.74033e-06 0.00010176 -1.43967e-07 -0.0114474 5.97212e-06 0.011094 1.02371e-05 -7.13069e-05 -0.00877662 -0.00103298 0.000796258 -0.00224263 -0.00047003 1.2926e-05 -6.06804e-05 0.00324944 0.0152878 -8.96314e-05 -0.0143677 0.00116303 -3.91728e-07 0.0113829 0.0113213 1.05866e-05 0.0128446 -0.0152159 9.26831e-05 5.21112e-07 0.00192323 -0.000207048 3.90523e-06 0.00829372 0.0010359 -8.84181e-07 -3.1612e-05 0.00955611 3.90111e-06 -2.24357e-06 0.00242297 -7.46962e-05 -7.44105e-05 -6.21849e-05 
-0.000444775 0.00504285 0.0134691 -0.000674253 -0.00419746 0.0407496 -0.0244745 -0.000885949 -0.00361196 -0.000656956 0.0385782 -0.0212887 -0.00127259 -0.000514824 -0.000135056 -3.98686e-06 -0.0388824 0.00175523 -0.0371171 -0.000111089 -0.0019193 0.000255882 -0.00133227 0.0898104 0.000854353 -0.0102208 -0.0116373 -0.000888637 0.00064715 -0.0114332 -0.00783838 0.00266284 -2.6078e-05 -0.0218657 -0.00181003 -0.000810494 0.000694327 3.78483e-05 -0.00101442 -2.40713e-05 -0.000598098 1.40988e-05 -0.00206106 -0.00398696 -7.2295e-07 -0.000159252 -0.000266072 3.12743e-07 0.0171961 0.00407186 -0.00107398 -0.000535219 -0.0421543 9.42994e-05 -0.0115635 -0.000711174 -5.95801e-06 8.92629e-06 -1.10843e-05 -8.27623e-05 -8.53972e-07 0.00147626 -6.06516e-06 -0.00087049 -0.000276196 -0.000435692 0.0445208 -0.00750184 -0.000822422 0.0137234 -0.00287162 -5.73834e-05 -0.000513645 -0.000527717 -0.00187148 -0.000576285 0.00844059 -0.000267042 -3.72578e-06 -0.000729469 -0.000855466 1.92448e-06 0.00981565 0.00256262 -4.01496e-05 -2.60268e-06 -0.000256905 0.00079561 -0.000930641 -0.00134396 0.000742933 -6.41854e-06 -0.000283576 -0.000725349 -5.65407e-05 -1.58185e-05 -0.0064838 -0.000593173 -0.000525008 -0.000269068 
-0.00453014 0.0157177 0.00382528 -0.000232013 -0.00443195 0.00705182 0.00116002 -8.62543e-05 -0.000597697 0.000171245 0.00805725 0.0130988 -0.0108794 -0.00454946 -2.12558e-05 -3.92867e-05 0.001301 0.0119331 -0.00292944 -0.000176492 -0.000575326 -0.000114194 -0.00363799 0.000854353 0.0187947 -0.00315202 0.00209883 -0.00610762 -0.00163329 -0.00196197 4.33624e-05 0.0128631 -2.74829e-05 0.00601425 0.000272764 5.06625e-05 -0.00133428 -0.000585926 -0.00581679 -2.27026e-05 -0.00564199 5.44116e-07 -0.00096509 -0.0111153 -2.34447e-06 -0.000753182 -0.000174309 -5.25516e-06 0.00541846 0.00573504 0.000120675 -0.00673139 0.00336685 -4.3189e-05 0.00171722 -0.000560139 1.09869e-06 -0.000403686 1.13802e-06 -3.54546e-05 7.06925e-08 0.00610587 -0.000160536 8.69516e-05 4.29354e-05 -0.0017718 0.00509621 0.00126527 -0.00777174 0.00153179 -0.0017887 -3.35515e-05 -0.00567922 -0.00601131 -0.00679913 -0.00566391 0.0112184 -0.00279714 -8.24384e-06 -0.000809454 4.86391e-05 -1.44025e-05 -0.00886533 0.0120062 -0.00022308 -1.76719e-05 -0.00452199 -0.000303495 -0.00478592 -0.00572393 -0.00127127 -6.00197e-05 -0.000127846 8.53579e-06 -6.25998e-05 1.56394e-06 -0.00628716 -0.00565383 -5.72429e-05 6.317e-05 
-0.000839931 -0.039535 -0.0433369 0.00855865 0.034058 -0.0566096 0.0305266 -0.000913682 0.0190586 -0.00321585 -0.0346588 -0.017926 0.000264798 -0.000639394 0.000664905 1.00542e-06 -0.0201948 0.00161849 0.0296767 -0.000188516 0.00804213 -8.01554e-05 -0.000890701 -0.0102208 -0.00315202 0.14918 -0.00284699 0.00204821 0.00261428 0.0776818 -0.000280159 -0.0105829 -0.000111561 -0.0601899 0.00477835 0.000684213 0.00176301 0.000282556 0.00257023 0.000254503 -0.00080373 -9.36384e-06 0.0175598 0.0205709 -1.19902e-06 4.98395e-05 0.000574289 -2.09818e-05 -0.0600405 -0.0251307 -0.000793557 0.000137455 0.0025309 0.000114894 -0.0209983 -0.000671149 -1.07581e-05 0.00085604 2.33227e-05 0.000187161 -1.43201e-06 0.000751011 -9.25068e-06 -0.000870704 -0.000553523 0.00337266 -0.0245192 0.0106996 -0.000929249 0.00712633 0.0124364 6.74394e-05 -0.000922776 -0.00022764 0.00282148 -0.000945172 -0.00777795 -6.33479e-05 3.18309e-06 -0.00131588 -0.000989899 -4.03138e-06 -0.0179533 -0.00428293 0.000224974 2.56335e-07 -0.000501406 0.00128137 -0.00157276 -0.00150072 -0.000323236 -3.57093e-06 -7.59619e-05 -0.00166896 0.000432616 3.15425e-05 0.0275957 -0.000921637 -0.000291158 -0.000656403 
-0.000547365 -0.00594588 -0.0491476 -0.00330809 0.000136768 -0.037509 0.0687626 -0.0012077 0.00853673 0.00411795 -0.0565157 0.0102425 -0.00142803 -0.000415051 0.00018843 -4.87558e-06 0.0475385 0.00280027 0.03973 -0.000104427 0.00261321 -9.84959e-05 -0.00112077 -0.0116373 0.00209883 -0.00284699 0.103898 -0.000561516 -0.000553389 -0.0158608 -0.00273537 0.00430025 0.000352626 -0.0370225 -0.00191829 -0.000821139 -0.000400846 0.000405448 0.000583796 -1.77012e-05 -0.000712985 -2.42496e-06 0.000220546 -0.00129593 -8.53424e-07 -0.000184692 0.00100543 1.54145e-05 -0.0311437 -0.02045 -0.000847873 -0.000681681 0.0382512 -2.76031e-05 0.0194849 0.00266568 3.94882e-05 -0.000147255 -3.63492e-07 0.000369444 -6.68092e-07 0.00213898 -2.30492e-05 -0.00132629 0.00260692 -0.000287686 -0.0520489 0.0283779 -0.000907793 0.00571642 -0.0032778 0.000140194 -0.000692287 -0.000585347 -0.00260758 -0.000682451 -0.0332796 -0.0029454 1.99497e-05 -0.00153199 -0.00131242 1.05453e-05 -0.0137149 0.002946 -3.19073e-05 -2.26655e-06 -0.000550197 -0.000461656 0.00176082 -0.0016486 0.000197026 -5.20843e-06 0.000477084 -0.00111607 0.000148323 3.19486e-05 0.00269721 -0.000692386 0.00176487 -0.000436154 
-4.53627e-05 -0.00818499 -0.00600359 2.80288e-05 0.00512398 -0.00397214 -0.00238663 0.00011778 0.00133029 -0.000152809 -0.00567953 -0.00669826 0.00574675 3.72019e-07 1.37341e-05 3.8432e-06 0.00289633 -0.00573898 0.00411119 7.76372e-06 0.000243884 0.000259623 0.00381081 -0.000888637 -0.00610762 0.00204821 -0.000561516 0.0102029 0.000904386 -0.00055394 -0.00045114 -0.00695923 1.91245e-05 -0.00351588 -7.27484e-05 2.48355e-05 0.00183572 -1.14195e-05 0.000429485 -7.18669e-07 -3.65234e-05 -7.58477e-07 -5.42585e-05 0.00755655 -7.47068e-08 -1.46387e-05 -1.71454e-05 -1.94722e-07 -0.00295734 -0.00120439 -0.000107349 0.00614486 -0.00418278 3.05276e-05 -0.000715419 -6.98087e-05 -4.24389e-07 0.000164207 4.35699e-06 0.000191011 -1.49128e-08 -0.00012163 1.56316e-06 -0.000104121 -3.1961e-05 1.53961e-05 -0.00415535 -0.000597617 0.0017266 -0.000886005 -0.000281839 -2.18311e-06 -5.31286e-05 0.00550182 0.00654207 -5.75529e-05 -0.00546721 0.00182762 7.4832e-06 7.72944e-05 -6.61324e-05 8.51344e-07 0.00429213 -0.00709721 7.45979e-06 -1.35151e-07 0.00365022 2.50819e-05 -5.44838e-05 3.05133e-05 0.00113651 -6.87035e-07 3.97229e-05 -2.21037e-05 8.66794e-05 5.38616e-07 0.00819546 2.86967e-05 -6.32107e-05 -3.53951e-05 
3.70729e-05 -0.00412091 -0.00275462 0.000900567 0.00407687 -0.00173084 -0.00109541 -5.32535e-05 0.000512407 2.49342e-05 -0.00206664 -0.00401824 0.000234418 -1.2609e-05 -2.81781e-06 -1.09135e-07 -0.000748337 -0.00118219 5.0315e-05 -5.08917e-06 8.05387e-05 2.92353e-05 0.000101012 0.00064715 -0.00163329 0.00261428 -0.000553389 0.000904386 0.00478689 0.00230786 0.000771949 -0.00433337 5.91646e-05 -0.000864628 0.000789814 -4.32574e-05 0.00202254 -6.37036e-06 -3.53715e-05 1.80612e-05 2.92686e-05 -3.61666e-07 0.00168704 0.00210601 -3.48567e-08 5.89096e-05 -1.71061e-05 1.20719e-05 -0.00179048 -0.000674179 -5.37448e-05 0.00101766 -0.0007083 0.000178142 -0.000560464 -1.07445e-05 -2.97548e-07 0.000352166 1.96982e-06 -4.04544e-06 -4.11738e-08 -0.000332548 1.16359e-05 -8.18585e-06 1.03186e-05 0.000202357 -0.00115468 -0.000312842 -3.32861e-05 0.00038716 -2.32459e-05 -2.76671e-06 5.69888e-05 0.000797882 0.00152109 -1.68868e-05 -0.000807662 -4.88346e-05 -1.27357e-07 2.4927e-06 -5.12038e-05 -6.82369e-08 0.000395498 -0.00188565 2.71594e-05 8.24954e-07 0.001006 0.000819016 2.70852e-05 -5.74538e-05 9.30148e-06 3.64944e-06 1.58923e-05 -4.24249e-05 2.62825e-05 -5.18251e-08 0.00211511 -2.7716e-05 5.60643e-05 -1.83203e-05 
-0.000844471 -0.0348732 -0.0177773 0.00873339 0.028201 -0.0617075 -0.00133895 -0.00210906 0.0173668 -0.00223429 -0.024355 -0.0122088 -0.00119702 -0.00071803 0.000556788 -6.82407e-06 -0.04455 0.00388542 0.025639 -0.000136661 -0.000283213 -0.000151732 -0.00289638 -0.0114332 -0.00196197 0.0776818 -0.0158608 -0.00055394 0.00230786 0.148609 0.0128625 -0.00857632 -9.9581e-05 -0.0374113 0.00418026 -0.0012538 0.001105 0.000213121 -0.000467788 0.000193754 -0.00083601 -1.04263e-05 0.0164622 0.0173748 -1.31585e-06 0.00013789 -0.00048921 -2.2621e-05 -0.0593119 -0.0153923 -0.00229812 -0.00146557 0.0195989 3.97962e-05 -0.0209022 0.00233165 -1.09425e-05 0.000221544 3.95041e-06 -8.34407e-05 -1.46432e-06 0.00189515 -2.73911e-05 -0.00208703 -0.000571892 0.00302587 -0.00546788 -0.00818354 -0.00111302 -0.000463028 0.00927989 8.11159e-05 -0.0009542 -0.00123698 -6.00614e-05 -0.000949662 0.015944 -0.000188631 -2.87611e-06 -0.00239149 -0.00207026 -3.65348e-06 -0.0198729 -0.00104283 0.000210937 9.23635e-07 -0.000839201 0.000807011 -0.00162866 -0.00244429 -0.000421747 -8.21083e-07 -0.000241987 -0.00174126 0.000108033 -6.95078e-06 0.0230682 -0.00096219 -0.000653562 -0.000666193 
-0.000353765 -0.0191043 -0.0163665 0.00497919 0.0094314 -0.0315493 0.000806532 0.0104652 0.00847369 -0.0012884 -0.0436838 -0.0106546 -0.0010361 -0.000335445 -0.000130458 2.20683e-06 0.0133804 -0.00988683 -0.00254976 0.000108426 -9.82702e-05 3.78062e-05 0.0101621 -0.00783838 4.33624e-05 -0.000280159 -0.00273537 -0.00045114 0.000771949 0.0128625 0.0804544 -0.0158515 -2.88991e-05 0.00783069 0.0155023 0.00837994 3.21768e-05 5.38129e-05 -0.000653493 2.20421e-07 -0.000388632 4.87085e-05 0.00364177 0.00186567 6.45388e-06 5.66881e-05 -0.000291112 2.19051e-05 -0.0185444 -0.0177987 0.0111308 -0.000712521 0.0147891 2.89469e-06 -0.00664416 0.00486638 -3.19191e-06 0.000912702 -2.29102e-07 -3.52904e-05 -6.82009e-07 -0.0103329 -1.71435e-05 0.0102778 -0.000190006 -0.000106583 -0.0290291 -0.00162518 -0.000579221 -0.00755963 -0.000535872 2.89208e-05 -0.000405115 -0.000613718 0.0109828 -0.000406224 -0.0070173 -0.00257284 -3.13837e-06 0.0104664 0.0105103 1.01497e-05 0.00124923 -0.0132417 0.000122959 9.51517e-07 -0.000365874 -0.000214049 -0.000243228 0.00726199 -0.000319748 9.346e-06 0.00059977 0.00885157 -3.94326e-05 -1.01099e-05 0.00449643 -0.000397276 -0.000549274 -0.000320123 
-0.00446891 0.0315958 0.0246628 -0.0095886 -0.0204371 0.0156479 0.00996152 -0.0112905 -0.0107057 0.00047619 0.0191018 0.0344619 -0.0122255 -0.00446676 3.10971e-05 -3.95117e-05 0.00109121 0.0231661 -0.000913008 -0.000175316 -0.00105784 -2.78875e-05 -0.0151062 0.00266284 0.0128631 -0.0105829 0.00430025 -0.00695923 -0.00433337 -0.00857632 -0.0158515 0.0394875 -6.18516e-05 0.0137997 -0.0167795 -0.00874064 -0.00280746 7.52992e-05 -0.00566428 -0.000136766 -0.00572548 -5.28234e-05 -0.00903675 -0.0216631 -6.83489e-06 -0.000918207 8.14023e-05 -2.48851e-05 0.0152248 0.0241308 -0.0109649 -0.00641226 0.0149873 -0.000197667 0.00410873 -1.27382e-05 1.84428e-06 -0.000962243 7.22344e-07 -8.55922e-05 2.79198e-07 0.0184271 -0.000154193 -0.0108927 3.29703e-05 -0.0018902 0.0195864 0.00301575 -0.00748399 0.00121162 0.000800331 -5.28003e-07 -0.00557128 -0.00552499 -0.0224116 -0.00553388 0.0197926 -0.00133745 4.68317e-07 -0.0118709 -0.0110667 -1.05402e-05 -0.0182291 0.0305754 -0.000370425 -2.23641e-05 -0.00444568 -0.00184438 -0.00462734 -0.0137659 -0.00122734 -5.87521e-05 2.85304e-05 -0.00934493 -0.000132186 4.47316e-06 -0.0152281 -0.00554167 9.83484e-05 0.000152449 
1.36666e-06 -0.000550286 -3.95591e-05 3.23369e-05 4.33593e-06 -0.000238429 0.000311136 -7.5547e-06 0.00031243 1.61677e-05 -0.000359006 -9.65021e-06 -9.74995e-06 1.73769e-07 -1.18527e-06 -3.41302e-08 -6.33124e-05 -3.47152e-05 0.000136576 -3.72501e-07 -4.78246e-07 3.21056e-05 -1.08553e-05 -2.6078e-05 -2.74829e-05 -0.000111561 0.000352626 1.91245e-05 5.91646e-05 -9.9581e-05 -2.88991e-05 -6.18516e-05 0.00082372 -0.000282017 -3.7903e-06 -6.2845e-06 6.09995e-05 9.4992e-07 -8.92624e-06 1.55038e-07 -5.00812e-06 -6.19866e-08 -5.37237e-06 -1.12502e-05 -5.97415e-09 -3.44901e-07 4.68866e-06 7.03273e-06 -0.000191471 -0.000235447 -8.78606e-06 4.931e-05 -0.000205666 3.05408e-05 -4.14867e-05 0.000183625 -5.09974e-08 1.14277e-06 9.14466e-07 7.96369e-06 -7.05686e-09 -4.58939e-05 9.91485e-06 -4.96705e-06 2.68614e-05 1.66556e-07 0.000227425 -4.61302e-05 -6.7256e-06 0.000271297 -2.51469e-05 -4.30859e-07 -3.36213e-07 -5.83943e-06 -3.29731e-06 -4.26071e-06 5.40625e-05 -2.25323e-05 1.78937e-07 -8.30005e-06 -7.11358e-06 1.01412e-06 -8.88236e-05 -0.000151129 -2.19078e-07 -2.20032e-08 1.82275e-05 1.37174e-05 6.39055e-06 -1.11826e-05 -3.31272e-06 2.65059e-07 5.45134e-05 -5.46894e-06 5.2661e-06 -1.40854e-07 -1.0462e-05 -4.8895e-06 8.046e-06 -2.68995e-06 
