8.15993e-06 -6.5688e-09 -5.80365e-06 5.89441e-06 3.92576e-06 -6.2986e-09 -5.46799e-06 -1.83238e-09 -8.34958e-10 -1.5096e-11 -6.46082e-10 -1.61721e-08 -5.77417e-06 -3.38178e-10 -6.60756e-09 1.26716e-07 -1.3507e-09 1.06269e-07 5.30296e-08 1.53717e-07 -2.54837e-10 -4.2704e-12 2.14006e-07 -3.0111e-06 -1.2685e-08 -3.37202e-06 3.01337e-07 7.59324e-07 -1.22805e-08 -6.72974e-09 -2.86449e-09 -1.77204e-08 -8.41187e-10 -2.14291e-08 8.74005e-07 -3.70584e-09 -1.31262e-08 -2.72816e-11 7.48708e-07 -1.97939e-07 -3.88226e-10 -7.82558e-09 -5.55166e-09 -2.61773e-10 -2.37705e-07 -1.24048e-09 -1.46303e-07 -8.91861e-10 -8.49665e-09 -1.98416e-07 1.79379e-08 -1.08451e-08 -5.83042e-06 -6.3326e-09 -3.87654e-10 -8.18693e-10 -2.73956e-06 -1.15964e-09 4.37695e-06 1.26706e-06 -2.52486e-06 5.09409e-08 -1.96376e-09 -1.01778e-07 2.4051e-07 -1.48784e-11 3.37956e-08 1.3932e-06 -5.8752e-11 2.85818e-07 -7.00027e-09 -1.13443e-09 1.55071e-06 3.85408e-06 3.84065e-09 -4.66915e-10 -5.66103e-09 -2.46704e-10 -4.62454e-09 -1.55981e-08 -6.74958e-07 1.72149e-06 1.63628e-07 2.26836e-06 -1.42962e-08 -1.23499e-07 1.86271e-06 -2.72767e-07 -5.7672e-07 -4.13766e-10 -6.15862e-10 -5.85072e-11 -1.56514e-06 -9.72475e-07 -5.38314e-08 1.3251e-07 -6.60347e-07 -5.712e-13 -4.12553e-09 -2.30871e-09 
-6.5688e-09 0.000804352 -0.00070586 -3.38749e-05 -1.04874e-05 -6.21369e-07 -0.000681157 1.53026e-05 -8.23703e-08 3.35177e-07 1.42929e-07 0.000587698 -0.000536486 2.49971e-07 7.84818e-07 -0.00054886 4.79568e-05 -0.000756951 -0.00064278 7.75317e-05 2.79819e-06 -4.21283e-10 -2.95522e-05 -2.62153e-05 -1.2514e-06 -0.000331639 5.63218e-06 6.8491e-06 0.000582252 -6.63902e-07 1.32408e-06 2.69518e-06 -8.29848e-08 2.9916e-05 -2.43416e-06 -3.65588e-07 6.71744e-07 9.33975e-07 7.33615e-05 2.10929e-05 2.2117e-06 0.000561898 0.000334959 -2.58244e-08 -1.83434e-05 3.21043e-05 0.000205587 3.06453e-05 0.000492458 0.000758434 -3.67676e-08 4.50134e-05 -0.000345268 1.66319e-05 -3.82429e-08 2.92343e-08 -0.000396393 -7.73457e-09 0.000686842 -2.24594e-06 0.000130532 -2.36021e-07 9.41396e-05 0.000231571 -1.25168e-06 -1.46778e-09 -0.000612993 0.000535003 -5.796e-09 -0.000721332 2.77274e-06 2.1142e-07 4.51191e-05 -0.000126503 4.68641e-05 -4.60621e-08 -4.18471e-07 2.08995e-07 5.07113e-07 0.000546728 -0.000400753 -3.54492e-06 -5.02104e-06 0.000427614 -1.41035e-06 -1.99648e-05 5.91939e-06 -6.03589e-05 0.000519289 -4.08189e-08 2.38591e-06 2.06089e-06 -0.000377299 2.82498e-06 -1.86724e-06 -2.12842e-06 -0.000640841 -5.635e-11 -9.69919e-08 2.53989e-05 
-5.80365e-06 -0.00070586 0.106574 -0.0193748 -0.00197671 6.31809e-05 0.0238707 -0.000194842 -5.07898e-05 -1.50229e-06 -1.78471e-05 -0.00164582 -0.00119228 -1.91025e-06 -0.000477707 -0.000854026 -0.000140104 0.0143834 0.00614547 -0.00581694 -1.79656e-05 -1.76528e-07 -0.0067035 0.00220243 -0.000674439 0.00190456 -0.00127263 -0.000594773 -0.00121489 -0.000184761 -3.51778e-05 0.000172763 -6.18306e-05 -0.00218834 -0.00197711 -8.81525e-05 0.000177844 -2.36784e-06 -0.000833045 -0.00193449 -1.3543e-05 -0.000803253 -0.000453994 -6.29205e-07 0.00216253 -0.000105986 -0.0148465 -6.5684e-05 -0.000893162 -0.022742 -0.000110827 -0.000612644 -0.00724873 -0.000600197 -2.86882e-05 -1.29549e-05 0.00916918 7.82276e-06 -0.0278481 -0.000877325 0.0237113 -5.1317e-05 -0.000189402 -0.0116323 -0.000858642 -4.12192e-07 0.00126959 -0.00146673 7.06579e-07 0.0167214 -0.000151873 -6.82853e-05 -0.00176482 -0.0111738 -0.00312403 -8.36012e-06 -8.09787e-05 -7.99651e-06 -0.000259574 -0.00118324 -0.00416063 -0.00215746 0.00062173 0.00181858 0.000182278 0.00197032 -0.00372009 -0.020701 -0.000882752 -2.86134e-05 -9.68295e-06 -6.03373e-06 -0.0158407 0.000331967 -0.000118184 -0.00371156 -0.00209615 8.48989e-09 -0.000325141 -0.000177418 
5.89441e-06 -3.38749e-05 -0.0193748 0.187229 0.0114664 -0.000179211 -0.051432 4.62389e-05 3.38245e-05 1.83324e-09 -1.08514e-05 -0.000108685 -0.0176517 2.90082e-05 0.000107113 0.00365349 -2.59789e-05 -0.0102958 -0.00228867 0.00508265 -6.57395e-06 -1.3055e-07 -0.00725781 -0.0181254 0.000106829 0.0176178 0.000331505 0.000907053 -7.81433e-05 0.000134162 -1.72636e-05 -0.000531304 -2.10393e-05 0.000701974 0.00380273 -4.23845e-05 -0.000277587 -6.90693e-07 0.000122445 -0.00225102 -6.56179e-06 -0.000224662 -5.70198e-05 1.1004e-05 -0.00609719 2.89238e-05 0.00744747 4.82649e-05 -0.000181321 0.0298164 0.000139722 0.000805738 -0.00626873 0.000226253 -6.80432e-06 1.85284e-05 -0.0935577 -2.82582e-05 0.0365505 0.00166412 -0.0485375 0.000131467 -5.04574e-05 0.00997943 0.000640398 5.35152e-07 -0.000452522 0.000717324 2.47225e-07 -0.0391929 -6.04955e-05 1.3236e-05 0.0021166 0.0451551 0.00311554 2.70259e-06 -0.00012396 7.19801e-06 9.46896e-05 -0.000338502 0.00480829 0.00378044 -0.000470502 -0.00316088 -0.000421353 0.00371187 0.00404502 -0.00880738 -0.013518 -7.54926e-06 -9.24087e-06 5.41375e-07 -0.0604575 0.000461647 -0.000681584 0.0184582 0.00730666 5.25378e-08 -0.000105315 0.00015206 
3.92576e-06 -1.04874e-05 -0.00197671 0.0114664 0.0157849 -1.23495e-05 -0.00901958 -3.6024e-06 1.71885e-05 1.43655e-07 -9.43508e-07 -2.81139e-05 -0.00474263 4.46849e-06 0.000230396 0.000309211 9.77791e-06 0.000244697 0.000160433 -0.000159505 -3.51e-07 -8.39546e-09 -0.000165433 -0.0117963 0.000290832 -0.0028016 8.64056e-05 0.00111877 -1.51297e-05 0.000175993 2.65852e-06 -3.17177e-05 6.66255e-07 -2.66388e-05 0.00473824 1.93811e-05 -2.49256e-05 -5.36347e-08 6.37739e-05 -0.000364619 5.5601e-06 -1.53848e-05 -7.41103e-06 7.29203e-06 2.19335e-05 -2.42541e-06 -0.000181716 1.34e-05 3.78254e-06 -0.00036004 8.27592e-05 -1.4391e-05 -0.00771758 3.747e-06 2.21455e-06 2.61538e-05 -0.0038033 -4.46489e-07 0.00467228 0.001847 -0.00283971 6.88984e-06 1.28932e-06 -0.000233898 0.000160177 -2.92504e-08 4.65809e-05 -3.10756e-05 1.37783e-06 0.000276535 4.41877e-05 2.70064e-05 -8.89408e-06 0.00286784 -9.42543e-05 3.05394e-07 1.08873e-05 1.21117e-05 1.36016e-05 -2.25886e-05 -0.00163673 0.00486099 3.28021e-05 -4.38718e-05 -2.76759e-05 0.00370392 0.000383216 -0.00119574 0.00179869 7.65495e-08 5.43924e-06 -1.15023e-07 -0.000773414 -0.000810954 -9.8244e-05 -0.000219653 -0.0043399 -1.12296e-09 -5.15066e-06 -3.13551e-06 
-6.2986e-09 -6.21369e-07 6.31809e-05 -0.000179211 -1.23495e-05 0.000771291 1.55788e-05 -1.73332e-07 -7.8982e-08 -1.42799e-09 -6.11154e-08 -6.8312e-07 1.20625e-05 -3.19896e-08 4.4283e-06 -2.94871e-05 -1.27768e-07 1.39215e-05 6.67535e-06 -8.12704e-06 -2.4106e-08 -4.03954e-10 6.17003e-05 3.41676e-05 5.14674e-06 -6.32212e-05 9.17458e-06 1.80614e-06 -7.94992e-07 2.83407e-07 -1.20963e-07 1.84376e-06 -6.95712e-08 -2.02706e-06 -4.35085e-06 5.31612e-06 -9.0499e-07 -2.58067e-09 -6.28236e-08 -4.76054e-06 3.66095e-08 -7.40252e-07 -3.8182e-07 2.19045e-08 -2.11088e-05 -1.17342e-07 -1.3786e-05 -8.43646e-08 -8.03732e-07 -3.29339e-05 -1.95066e-07 -6.92545e-07 -8.06149e-06 -4.12359e-07 3.66664e-07 8.5589e-07 0.000214835 3.46697e-06 -5.57842e-05 -2.72865e-07 -0.000180494 -2.26312e-07 1.1424e-07 -1.329e-05 -1.12631e-06 -1.40741e-09 9.68561e-08 -1.88183e-06 -5.55758e-09 5.07482e-05 -6.22184e-07 -1.0731e-07 -2.07888e-06 -0.000163149 1.27162e-06 -4.41674e-08 2.99783e-06 -2.33367e-08 -3.20787e-07 -1.31882e-06 -0.000184459 -3.83452e-06 1.3575e-05 -1.19927e-05 -1.24567e-06 5.58282e-06 -4.22852e-06 -5.35665e-05 -4.22576e-05 -1.58065e-08 -3.82569e-08 -5.53443e-09 -7.31429e-05 -0.000130442 -3.92546e-06 -2.03596e-05 3.61448e-05 -5.40321e-11 4.06416e-07 -2.1839e-07 
-5.46799e-06 -0.000681157 0.0238707 -0.051432 -0.00901958 1.55788e-05 0.110477 -0.00011059 -2.52123e-05 -1.28269e-06 -4.3373e-05 -0.000943667 0.0108519 -2.46986e-05 -0.000372039 -0.000509943 -0.000138009 0.00530137 0.00282344 -0.00667917 -2.39236e-05 -3.71463e-08 -0.00474055 0.0109482 -0.000687911 0.00954882 -0.0019316 -0.00120617 -0.0010781 -0.000155042 -0.00017582 -0.000113704 -7.54224e-05 -0.00152492 -0.00491468 -0.00011182 -0.000139757 -2.64049e-06 -0.000843115 0.00167018 -3.92895e-05 -0.000777391 -0.000433531 -8.13944e-06 0.00340294 -9.21904e-05 -0.00822845 -8.29304e-05 -0.000823537 -0.0231351 -0.000103779 -0.000652798 -0.00860104 -0.000468834 -1.94651e-05 -4.88944e-05 0.0383038 -9.50633e-05 -0.0228522 -0.00244784 0.0129919 -6.78826e-05 -0.0001922 -0.00683402 -0.000480599 -5.72733e-07 0.00154243 -0.00270328 -2.8694e-06 0.0148836 -6.67559e-05 -0.000108821 -0.00212921 -0.0445844 -0.00319676 -1.40666e-05 -7.02729e-05 -2.34997e-05 -0.000328317 -0.00135901 -0.00547646 -0.00547918 -0.00196874 -0.00509064 0.000161717 -0.0220021 -0.00353497 -0.00361615 -0.00011812 -9.75369e-06 -2.77447e-05 -5.78986e-06 0.0204306 0.00153572 -0.000704886 -0.00415319 0.00245632 8.85305e-09 -3.46516e-05 -0.000209407 
-1.83238e-09 1.53026e-05 -0.000194842 4.62389e-05 -3.6024e-06 -1.73332e-07 -0.00011059 0.000224506 3.87023e-07 -4.1543e-10 -1.77796e-08 6.22216e-05 -5.51865e-05 -9.30638e-09 -1.75168e-07 -5.77402e-05 3.8895e-06 -0.000190646 -8.33382e-05 1.25019e-05 -7.0129e-09 -1.17518e-10 -5.87762e-06 1.18029e-05 3.47584e-07 -0.000100976 3.68641e-06 2.60733e-08 7.18821e-05 6.94803e-07 2.34505e-07 3.09016e-07 -2.31488e-08 1.30289e-07 -9.82412e-07 4.11352e-07 2.22111e-07 -7.50768e-10 3.3251e-05 8.00395e-05 3.26497e-08 5.6978e-05 5.25389e-06 -7.20378e-09 -5.40145e-06 1.11253e-06 5.14387e-06 -2.45433e-08 6.62362e-05 0.000202535 -5.67485e-08 -4.84478e-08 -1.5845e-05 1.39907e-06 -1.06679e-08 -2.25298e-08 -0.000109444 -3.19125e-08 0.000181889 -6.31158e-07 -6.67443e-05 -6.58385e-08 3.11596e-06 0.0002014 -3.52879e-07 -4.09442e-10 -2.323e-05 4.15125e-05 -1.61681e-09 -0.000201428 -1.89309e-07 -3.12186e-08 3.7523e-06 -6.40464e-05 5.47513e-05 -1.28491e-08 -1.55787e-07 6.89654e-06 1.82607e-06 4.01374e-05 -2.53609e-05 1.09985e-06 -1.8265e-06 2.66506e-05 1.3658e-07 -8.78236e-06 1.27969e-05 -1.76487e-05 5.19524e-05 2.86135e-08 9.71863e-09 -1.61007e-09 -0.000105175 1.40305e-06 6.1986e-06 -6.55111e-06 -8.76844e-05 -1.5719e-11 2.3198e-06 3.498e-07 
-8.34958e-10 -8.23703e-08 -5.07898e-05 3.38245e-05 1.71885e-05 -7.8982e-08 -2.52123e-05 3.87023e-07 0.000102313 -1.89298e-10 -8.10162e-09 1.52387e-06 -1.23287e-05 -4.24062e-09 5.93048e-06 -2.24807e-05 2.97294e-08 -4.1907e-06 -3.55498e-06 -7.36079e-07 -3.19556e-09 -5.35492e-11 5.26909e-06 -1.58185e-05 2.85093e-06 -2.52569e-05 5.22638e-07 1.40625e-05 1.07267e-06 4.65228e-06 -3.59196e-08 2.37779e-06 9.45183e-09 7.01287e-07 -2.13426e-07 8.86864e-07 -2.1264e-08 -3.42101e-10 4.30204e-07 3.16791e-06 -4.8682e-09 4.28537e-07 -5.62823e-08 1.20338e-06 -1.85073e-06 -1.22219e-08 3.65209e-06 -1.11836e-08 3.43455e-07 8.67994e-06 7.70808e-07 1.44007e-07 -1.78145e-05 -3.94084e-08 2.85139e-07 4.33067e-07 -3.06589e-05 -1.45415e-08 3.2161e-05 9.52573e-06 6.83618e-06 6.66615e-09 2.20419e-08 1.08404e-05 2.26254e-06 -1.8657e-10 -1.42955e-06 -2.76068e-07 -7.36728e-10 -2.09989e-05 2.48889e-06 5.77467e-09 -3.25513e-07 -2.35659e-05 4.12714e-07 1.04145e-07 1.00568e-06 1.26906e-07 -5.799e-08 7.44062e-08 -2.35937e-05 9.29844e-07 4.81056e-07 7.96384e-06 -9.92691e-08 -3.05152e-06 7.78555e-07 2.30461e-05 8.87814e-06 -5.18848e-09 2.12277e-07 -7.33658e-10 -4.19633e-06 -1.6262e-05 4.71641e-07 1.90911e-06 -1.846e-05 -7.16263e-12 -5.17326e-08 -2.89503e-08 
-1.5096e-11 3.35177e-07 -1.50229e-06 1.83324e-09 1.43655e-07 -1.42799e-09 -1.28269e-06 -4.1543e-10 -1.89298e-10 1.85e-06 -1.46477e-10 4.46334e-07 -1.11421e-06 -7.66702e-11 -1.49804e-09 -4.09936e-07 4.30271e-08 -1.64275e-06 -1.54149e-06 7.92374e-08 -5.77755e-11 -9.68167e-13 -7.23964e-08 -6.86096e-07 -2.8759e-09 3.65135e-07 2.24354e-08 -3.93189e-09 6.70549e-07 -1.52574e-09 5.66017e-07 1.05983e-07 -1.9071e-10 5.75142e-07 5.69572e-07 -8.40171e-10 5.17024e-07 -6.18517e-12 -1.80431e-09 4.17907e-08 5.19912e-07 4.48226e-07 -1.25865e-09 -5.9348e-11 -5.38914e-08 -2.81237e-10 9.56831e-07 5.19798e-07 4.1407e-08 1.74963e-07 -4.6752e-10 8.74585e-10 -1.32967e-07 -1.4357e-09 -8.78873e-11 -1.85611e-10 -9.12054e-07 -2.6291e-10 3.01944e-07 -5.19977e-09 -6.18524e-07 -5.42408e-10 4.28881e-08 3.73768e-07 -2.90718e-09 -3.37317e-12 -6.79005e-07 1.60591e-07 -1.332e-11 -1.43215e-06 -1.58707e-09 -2.57193e-10 4.50781e-07 2.47699e-07 2.45446e-07 -1.05857e-10 3.87166e-08 -5.59317e-11 1.12285e-07 4.46464e-07 -3.07537e-07 5.68245e-07 1.08286e-07 -8.42645e-09 -3.24118e-09 6.84431e-07 1.6519e-07 -1.25415e-07 4.92582e-07 -9.38073e-11 -1.39626e-10 -1.32645e-11 -5.83575e-07 1.30419e-08 2.21129e-07 4.86022e-07 -1.23769e-06 -1.295e-13 2.22398e-07 -5.2342e-10 
-6.46082e-10 1.42929e-07 -1.78471e-05 -1.08514e-05 -9.43508e-07 -6.11154e-08 -4.3373e-05 -1.77796e-08 -8.10162e-09 -1.46477e-10 7.91704e-05 4.49975e-06 -4.20271e-05 -3.28134e-09 -6.41133e-08 -1.87487e-05 3.87356e-06 -1.48717e-05 -8.08166e-06 4.15874e-06 1.74753e-06 -4.14358e-11 -5.78437e-07 2.69158e-06 -1.23083e-07 -3.0296e-05 -1.08891e-09 4.78389e-07 5.49418e-06 5.61368e-07 6.83887e-06 4.11392e-07 2.65171e-07 3.68207e-06 -4.4629e-07 -3.59578e-08 9.0593e-06 -2.64714e-10 3.22779e-07 1.29694e-05 1.86623e-06 5.4374e-06 2.0928e-06 -2.53999e-09 -1.65312e-06 2.3813e-06 6.63754e-07 -8.65375e-09 9.24223e-07 5.47056e-06 -2.0009e-08 1.27477e-06 -3.48299e-05 1.69855e-06 7.52905e-07 -7.94379e-09 -2.23092e-06 -1.12521e-08 5.96813e-07 5.74592e-08 -2.30717e-05 1.94679e-06 4.63428e-06 8.53531e-06 3.15578e-07 -1.44365e-10 -2.34121e-05 3.075e-05 -5.70072e-10 -1.43625e-05 -6.79238e-08 5.22326e-07 7.84788e-07 2.43991e-05 -4.80229e-07 2.17547e-06 -5.49291e-08 -2.39377e-09 7.91179e-06 1.64053e-05 -1.09619e-06 -2.13084e-07 1.65293e-05 3.89948e-05 -1.38716e-07 4.11625e-05 9.88815e-07 -3.08616e-06 -1.4126e-06 1.74599e-06 4.84024e-07 -5.67697e-10 -3.03881e-05 -1.14183e-06 1.04343e-05 1.01645e-05 -5.24555e-05 -5.54237e-12 -4.00301e-08 1.00932e-07 
-1.61721e-08 0.000587698 -0.00164582 -0.000108685 -2.81139e-05 -6.8312e-07 -0.000943667 6.22216e-05 1.52387e-06 4.46334e-07 4.49975e-06 0.00197795 -0.000905584 -4.88024e-08 0.000100729 -0.000995453 0.000137995 -0.00160129 -0.00146521 8.32463e-05 3.76811e-06 -1.03718e-09 -6.1054e-05 7.74824e-05 1.23858e-05 -0.000680466 1.25038e-05 -3.21218e-06 0.0010635 4.3255e-06 -6.22386e-07 1.21945e-06 -1.90972e-07 1.94987e-05 3.45889e-05 -9.00064e-07 4.45281e-07 3.80041e-07 0.000297074 0.000401512 2.42375e-07 0.000894516 0.000407228 3.29755e-07 -2.78232e-05 1.0112e-05 0.00033063 1.10054e-07 0.00081272 0.00149958 -8.47501e-10 3.80598e-06 -0.000736537 -1.44138e-06 1.45847e-07 1.21158e-07 -0.000883248 2.65015e-07 0.00157354 -2.19378e-06 0.000279731 3.80559e-06 0.000198656 0.000709939 6.17422e-05 -3.61363e-09 -0.000699555 0.000858951 -1.42695e-08 -0.0015943 3.53646e-06 2.49114e-06 6.76485e-05 -0.000502295 0.000149086 -1.13403e-07 1.53517e-05 1.79341e-06 1.94035e-05 0.000886448 -0.000653818 1.05406e-05 -3.02023e-08 0.0006969 -2.51223e-06 -4.68437e-05 -1.10982e-05 -0.000143465 0.00115441 -5.71612e-08 1.67904e-05 1.12246e-06 -0.000758882 5.72827e-06 -4.46443e-06 -3.0034e-05 -0.00106447 -1.38732e-10 1.89913e-05 2.27893e-05 
-5.77417e-06 -0.000536486 -0.00119228 -0.0176517 -0.00474263 1.20625e-05 0.0108519 -5.51865e-05 -1.23287e-05 -1.11421e-06 -4.20271e-05 -0.000905584 0.049096 -2.08675e-05 -0.000163824 0.00650109 -0.000141473 9.89994e-06 0.000589034 -0.000536454 -2.03363e-05 2.70966e-08 0.00160124 0.0058814 -0.000476024 0.00104271 5.51748e-05 -0.000173693 -0.000795845 -9.04717e-05 -9.04776e-05 -0.00117551 -5.67158e-05 6.3402e-05 -0.00529822 -1.1339e-05 -0.00147801 -5.33559e-07 -0.000823865 0.000562663 -4.16733e-05 -0.000846862 -0.000376754 -2.2719e-05 0.00052097 5.74779e-06 0.000748844 -3.66176e-05 -0.000636354 0.000608797 -0.000184102 5.41976e-05 0.0293886 1.89716e-05 -5.00692e-06 -3.03486e-05 0.00354576 2.97152e-06 -0.00132082 -0.00211086 -0.00109886 4.04064e-06 -0.000172306 0.000327583 5.47279e-05 -4.55593e-07 0.00140046 -0.00203901 -1.88721e-06 -0.00243319 -9.35352e-05 -2.23185e-05 -0.000570976 -0.0234841 -0.000248989 -3.72066e-06 -0.000131986 -1.53313e-05 1.77937e-05 -0.00161856 -0.000695838 -0.00590632 -0.000362818 -0.0198495 -0.000261208 -0.0255086 -0.000273031 0.00383973 -0.0150899 -8.92457e-06 -4.13022e-05 -8.92093e-07 0.0168832 0.00016842 0.000116355 -0.0125409 0.0206641 -6.63756e-08 9.99402e-06 -6.25674e-05 
-3.38178e-10 2.49971e-07 -1.91025e-06 2.90082e-05 4.46849e-06 -3.19896e-08 -2.46986e-05 -9.30638e-09 -4.24062e-09 -7.66702e-11 -3.28134e-09 -4.88024e-08 -2.08675e-05 4.14416e-05 3.64413e-08 -4.49154e-07 -6.85998e-09 -3.66858e-07 -4.57255e-07 2.16354e-06 -1.29428e-09 -2.16887e-11 -1.46514e-06 -2.4105e-05 1.14891e-06 8.49148e-06 -9.47871e-08 2.39192e-06 -2.90372e-08 9.15405e-09 -1.45483e-08 -8.9999e-08 -4.27226e-09 1.04498e-07 1.19732e-07 3.78453e-08 -6.66657e-08 -1.38559e-10 -4.04198e-08 -2.35302e-07 -1.97174e-09 -6.41151e-09 5.13736e-09 -1.3295e-09 -7.43932e-07 6.70331e-08 5.50285e-07 1.72137e-07 -9.81981e-09 -1.22832e-06 5.06193e-07 -1.84137e-08 -5.64158e-06 -3.21622e-08 -1.96883e-09 -4.15801e-09 -1.94816e-05 -5.88965e-09 -2.60338e-06 1.53018e-06 -1.56938e-06 -1.21509e-08 -9.97361e-09 -3.83666e-07 -6.5126e-08 -7.5565e-11 -4.78358e-07 6.30551e-07 -2.98392e-10 1.92876e-06 -3.55533e-08 -5.76159e-09 5.48262e-08 2.64475e-05 -2.41365e-07 -2.37139e-09 -2.08478e-09 -1.25297e-09 -2.34873e-08 2.27447e-07 1.67808e-06 1.06667e-06 -2.47092e-07 9.82049e-06 -7.26082e-08 3.70043e-06 -1.90433e-07 -2.38223e-06 -2.8724e-06 -2.10145e-09 -3.12787e-09 -2.97149e-10 -1.59816e-05 -1.18784e-06 6.59902e-09 2.48128e-07 -7.72674e-06 -2.90103e-12 -2.09529e-08 -1.17256e-08 
-6.60756e-09 7.84818e-07 -0.000477707 0.000107113 0.000230396 4.4283e-06 -0.000372039 -1.75168e-07 5.93048e-06 -1.49804e-09 -6.41133e-08 0.000100729 -0.000163824 3.64413e-08 0.000809094 -2.56237e-05 1.49593e-05 -0.000108941 -0.000165791 -6.76687e-06 5.38045e-07 1.0291e-07 0.000178579 -0.000387106 0.000265398 -0.000326792 1.15131e-06 0.000304226 0.000108245 2.10955e-05 -2.84255e-07 -7.98467e-07 5.47499e-05 2.98735e-05 0.000112606 0.000108019 2.77436e-07 -2.70726e-09 3.15036e-05 0.000103484 6.11475e-07 5.53034e-05 3.33158e-05 5.97357e-07 -1.15184e-05 1.80235e-07 -8.70488e-06 -8.8503e-08 3.24068e-05 -1.6201e-05 9.12032e-07 1.0038e-06 -0.000512155 1.61159e-06 2.32486e-06 6.22876e-06 -0.000240212 -1.15076e-07 0.000355346 0.000292161 -6.76495e-05 -2.37413e-07 9.17949e-08 0.000117453 9.29085e-06 -1.47644e-09 -9.52966e-06 -1.78619e-06 1.20836e-07 -7.34236e-05 1.68553e-05 5.55743e-06 1.32873e-05 -0.000153742 5.2864e-07 -4.63339e-08 0.000166908 1.82185e-07 9.87754e-07 4.18808e-07 -0.000297994 0.000226468 -2.04301e-06 -8.59207e-06 -6.72005e-07 -2.08849e-05 1.38833e-05 -4.57675e-05 0.000194656 1.72274e-07 -3.11145e-08 -5.80591e-09 9.79428e-05 -0.000325018 5.14143e-06 -9.97746e-06 -0.000415548 -5.66825e-11 1.26873e-05 -8.91026e-08 
1.26716e-07 -0.00054886 -0.000854026 0.00365349 0.000309211 -2.94871e-05 -0.000509943 -5.77402e-05 -2.24807e-05 -4.09936e-07 -1.87487e-05 -0.000995453 0.00650109 -4.49154e-07 -2.56237e-05 0.0211874 -0.000130299 0.000535436 0.000673162 0.000210828 -2.04337e-05 1.13335e-08 -0.000951106 -0.000950745 -0.000391041 0.00366548 2.85181e-05 1.96239e-05 -0.000816701 -0.000135549 -7.60077e-05 -0.00161141 -1.07875e-05 2.51421e-05 8.60426e-05 -4.54149e-06 -0.000828087 -2.98093e-06 -0.000549432 -0.000658688 -1.92063e-05 -0.000869874 -0.000362093 -8.6886e-06 -0.000877805 -2.67245e-05 0.000232213 -8.6597e-06 -0.0006595 -0.000478142 -3.51714e-06 1.98925e-05 0.0123507 2.62985e-06 -6.85451e-06 -4.96055e-06 -0.0070065 -1.78757e-05 -0.00154992 4.6826e-05 -0.0125535 -8.27157e-07 -0.000198082 0.000116082 1.58619e-05 1.28202e-08 0.00149208 -0.00110743 -9.87407e-07 0.000207633 -8.25482e-06 -1.60359e-05 -1.07862e-05 0.00151412 -6.34979e-05 -1.03808e-05 -0.000152352 -5.93526e-06 -4.26066e-05 -0.0015429 0.00608539 -9.65466e-05 -0.00205979 -0.00825525 -0.000731545 -0.00543627 0.000125229 0.0010004 -0.00912591 -4.65854e-06 -4.17522e-05 -4.51139e-06 -0.00349799 0.000629433 8.16902e-05 -0.00023253 0.00660773 1.51595e-09 -0.000104888 -1.69094e-05 
-1.3507e-09 4.79568e-05 -0.000140104 -2.59789e-05 9.77791e-06 -1.27768e-07 -0.000138009 3.8895e-06 2.97294e-08 4.30271e-08 3.87356e-06 0.000137995 -0.000141473 -6.85998e-09 1.49593e-05 -0.000130299 0.000165499 -0.000142945 -0.000144139 8.09071e-06 1.55816e-06 -8.66256e-11 7.55744e-07 -1.06698e-05 1.25793e-05 -7.36263e-05 -3.78584e-07 8.42153e-06 0.000137001 6.90153e-07 4.31894e-07 -3.5946e-07 2.1196e-06 2.46197e-06 1.42737e-05 4.82483e-06 1.86707e-06 -5.53411e-10 4.76786e-05 8.91811e-06 -4.54187e-09 0.000137885 2.19441e-05 -5.3101e-09 -4.82188e-06 4.01503e-07 5.9689e-06 -1.80915e-08 9.40443e-05 0.000123575 6.61503e-07 -6.66604e-08 -0.000118675 9.48758e-08 1.6547e-07 2.27673e-06 -7.9995e-05 -2.35235e-08 0.000135153 7.94142e-06 -2.75584e-05 1.75814e-06 7.21068e-05 2.23031e-05 -1.5345e-07 -3.0181e-10 -0.000115904 0.00012808 -1.19179e-09 -0.000127036 4.81332e-07 5.00321e-07 1.63423e-07 -3.2952e-05 3.14937e-06 2.07195e-07 1.53052e-05 -5.00442e-09 1.53619e-06 0.000127514 -0.000133957 1.80483e-05 -1.15636e-06 0.000125776 -2.90001e-07 2.5736e-07 7.1313e-07 -1.14324e-05 0.000124304 2.4494e-07 5.15751e-06 4.7548e-07 -6.49539e-05 -7.99642e-06 -1.06531e-06 -1.55274e-06 -0.000141629 -1.15869e-11 -8.3687e-08 5.5665e-06 
1.06269e-07 -0.000756951 0.0143834 -0.0102958 0.000244697 1.39215e-05 0.00530137 -0.000190646 -4.1907e-06 -1.64275e-06 -1.48717e-05 -0.00160129 9.89994e-06 -3.66858e-07 -0.000108941 0.000535436 -0.000142945 0.0179975 0.00699484 -0.00519737 -3.25077e-06 -1.27072e-07 0.000306658 -6.97873e-05 -2.37329e-05 0.00119056 -0.000660545 -4.67913e-05 -0.00125355 -9.11798e-05 -3.99341e-05 2.24504e-05 9.32899e-08 -0.00191152 7.03736e-05 -1.37005e-05 8.1382e-06 -2.71204e-06 -0.000227576 -0.00297378 -2.65108e-06 -0.000871998 -0.00043172 5.88144e-07 0.000433869 -0.000128553 -0.00950215 -7.60695e-05 -0.000833813 -0.0150058 -1.62835e-05 -0.000816117 -0.00302242 -0.000229335 3.34305e-07 -9.9725e-07 0.00864356 1.52125e-07 -0.0133652 2.18669e-05 0.00490989 -1.9808e-05 -0.000203178 -0.00743328 -0.000363563 -8.06572e-07 0.00178039 -0.00162689 1.32002e-07 0.0153254 4.31358e-07 -2.47786e-06 -0.00064157 0.00235871 -0.000584375 -8.30948e-07 -2.55243e-05 -1.61238e-06 -0.000180423 -0.000826065 -0.00060703 7.4291e-05 0.000110756 -0.000155396 1.27137e-05 0.000792166 -0.00205729 0.00114119 -2.29701e-05 2.02972e-07 -1.69696e-05 -6.74855e-06 0.00539235 -5.1623e-05 -0.00069751 -0.00371855 0.00134455 1.28336e-09 -9.44675e-05 -0.00014771 
5.30296e-08 -0.00064278 0.00614547 -0.00228867 0.000160433 6.67535e-06 0.00282344 -8.33382e-05 -3.55498e-06 -1.54149e-06 -8.08166e-06 -0.00146521 0.000589034 -4.57255e-07 -0.000165791 0.000673162 -0.000144139 0.00699484 0.0116697 -0.00361534 -4.88787e-06 6.18014e-09 0.000265558 0.000536931 -6.09588e-05 -0.00338818 -0.000702794 -3.29414e-05 -0.00123769 -2.77874e-05 -9.19117e-06 2.02583e-05 -1.3036e-05 -0.00110349 -1.46259e-05 -2.01769e-05 4.71291e-06 -2.83718e-06 -0.000195982 -0.000369235 -3.38483e-06 -0.000859305 -0.000406362 3.78838e-07 0.000270044 -8.06814e-05 -0.00589854 -6.07693e-05 -0.000848624 -0.00532 -9.079e-06 -3.15683e-05 -0.00176774 -1.21554e-05 -1.32565e-06 -2.29185e-06 0.00294763 -1.68842e-06 -0.00450707 -2.63048e-05 0.00111105 -8.34096e-06 -0.000206791 -0.00144076 -0.000376649 -1.31801e-07 0.00138898 -0.00127997 8.50261e-08 0.00684632 -4.00525e-05 -9.26492e-06 -0.000566096 0.000811155 -0.000125644 6.72388e-07 -0.000148267 -1.6363e-06 -9.9114e-05 -0.0007973 -0.000105477 -2.78652e-05 -6.68657e-06 -0.000359253 -6.03771e-05 0.000443259 -0.000170463 0.000628424 -0.000704431 2.85471e-07 -1.92754e-05 -6.54533e-06 0.000778023 2.93125e-05 -0.000226062 -0.00320592 0.000514061 8.26643e-10 -8.41028e-05 -0.000143879 
1.53717e-07 7.75317e-05 -0.00581694 0.00508265 -0.000159505 -8.12704e-06 -0.00667917 1.25019e-05 -7.36079e-07 7.92374e-08 4.15874e-06 8.32463e-05 -0.000536454 2.16354e-06 -6.76687e-06 0.000210828 8.09071e-06 -0.00519737 -0.00361534 0.0128552 -2.16766e-07 -6.81634e-09 -0.000432397 -0.000538001 -1.64876e-05 0.00211784 0.00067134 -1.80023e-05 4.72881e-05 -4.14189e-06 3.42678e-05 -2.7715e-05 -1.34269e-06 0.000605205 -6.20564e-05 -3.17852e-06 -1.53651e-05 1.74312e-06 -7.94984e-06 -5.69064e-06 7.16699e-06 6.41229e-06 1.97188e-06 -4.17837e-07 -0.000367587 9.37666e-05 0.00326743 6.49598e-05 9.77792e-07 0.00462866 4.13551e-05 0.000246233 0.00225643 0.000133709 -2.45434e-07 -9.9345e-07 -0.00536222 5.62329e-07 0.00412406 1.67879e-05 -0.00420814 -9.82132e-07 1.01288e-05 0.0023611 1.55215e-06 1.19585e-07 -0.00101175 0.000533141 7.95544e-08 -0.00726487 -8.76038e-06 3.19242e-07 0.000258372 0.00301114 -3.36827e-05 -7.45282e-07 -5.93936e-06 -3.93785e-07 3.53384e-05 1.1186e-05 0.000885305 -7.48424e-05 -9.32381e-05 -0.000293393 1.79373e-05 0.000554262 0.000733805 -0.000471322 -0.000785944 -2.37113e-07 4.05364e-06 3.73661e-06 -0.00530637 7.57509e-05 0.000207389 0.00293061 5.50212e-05 -9.11739e-10 1.94516e-05 3.04549e-05 
-2.54837e-10 2.79819e-06 -1.79656e-05 -6.57395e-06 -3.51e-07 -2.4106e-08 -2.39236e-05 -7.0129e-09 -3.19556e-09 -5.77755e-11 1.74753e-06 3.76811e-06 -2.03363e-05 -1.29428e-09 5.38045e-07 -2.04337e-05 1.55816e-06 -3.25077e-06 -4.88787e-06 -2.16766e-07 3.1229e-05 -1.63437e-11 2.54454e-06 -1.0052e-06 3.82479e-06 -1.44873e-05 5.75239e-07 4.02922e-08 3.453e-06 -2.57561e-08 -1.0963e-08 2.38551e-06 2.43447e-07 -8.20135e-08 4.90634e-07 -8.49667e-10 1.8643e-07 -1.04412e-10 4.38621e-06 -2.97555e-07 2.84851e-06 4.55672e-06 1.50875e-06 -1.00186e-09 -9.09746e-07 -4.74758e-09 1.83403e-07 1.4992e-07 4.24148e-07 5.80115e-06 -7.89224e-09 -4.15063e-08 -1.65021e-05 5.29097e-07 3.00185e-06 -3.13331e-09 7.98021e-06 -4.4382e-09 4.75733e-06 3.75556e-07 -6.61348e-07 -9.15643e-09 6.79151e-07 2.00129e-06 1.7759e-07 -5.69427e-11 -1.09607e-05 1.09674e-05 -2.24856e-10 -1.41482e-06 4.73209e-07 8.56583e-08 1.93984e-07 2.39124e-06 6.17248e-07 3.79821e-06 5.75001e-07 -9.44187e-10 1.48968e-07 1.64503e-05 -1.80184e-05 1.0349e-06 2.65982e-07 1.85296e-05 -5.47145e-08 1.2673e-05 -1.67073e-07 3.29564e-06 1.34261e-05 4.37508e-06 -2.35703e-09 -2.23919e-10 -4.93955e-07 -3.35317e-06 -2.06024e-07 -1.01041e-06 -1.64406e-05 -2.1861e-12 1.04211e-07 4.49743e-09 
-4.2704e-12 -4.21283e-10 -1.76528e-07 -1.3055e-07 -8.39546e-09 -4.03954e-10 -3.71463e-08 -1.17518e-10 -5.35492e-11 -9.68167e-13 -4.14358e-11 -1.03718e-09 2.70966e-08 -2.16887e-11 1.0291e-07 1.13335e-08 -8.66256e-11 -1.27072e-07 6.18014e-09 -6.81634e-09 -1.63437e-11 5.23333e-07 1.46187e-07 -2.85827e-07 8.58531e-08 -2.4277e-07 -1.19694e-09 1.02221e-07 -7.87596e-10 -4.31605e-10 -1.83711e-10 -1.13648e-09 3.27938e-09 1.52923e-08 -2.94984e-09 1.03096e-07 -8.41834e-10 -1.74968e-12 -5.10409e-10 1.23972e-07 -2.48985e-11 -5.01885e-10 -3.5605e-10 -1.67885e-11 3.41422e-07 -7.95571e-11 7.28369e-09 -5.71986e-11 -5.44924e-10 -2.40555e-08 -1.32253e-10 -6.95538e-10 -3.84617e-07 -4.06135e-10 -2.48618e-11 -5.2506e-11 1.61996e-07 -7.43726e-11 9.47842e-08 1.01862e-07 1.08364e-07 -1.53438e-10 -1.25944e-10 1.2736e-07 -8.2239e-10 -9.54211e-13 -7.83256e-09 -1.71882e-09 -3.768e-12 -8.54139e-08 -4.48955e-10 -7.27555e-11 -1.66484e-09 -1.51522e-07 -3.17416e-09 -2.99451e-11 8.29703e-08 -1.58221e-11 -2.9659e-10 -1.00037e-09 -1.697e-07 -3.32523e-09 -4.25669e-09 -1.4642e-08 -9.16873e-10 -2.60918e-08 -3.24658e-09 -4.20783e-08 3.19679e-07 -2.65365e-11 -3.94977e-11 -3.7523e-12 -3.61765e-08 -1.62977e-07 -3.45242e-09 -1.71552e-08 -4.20687e-07 -3.66333e-14 -2.64587e-10 -1.48067e-10 
2.14006e-07 -2.95522e-05 -0.0067035 -0.00725781 -0.000165433 6.17003e-05 -0.00474055 -5.87762e-06 5.26909e-06 -7.23964e-08 -5.78437e-07 -6.1054e-05 0.00160124 -1.46514e-06 0.000178579 -0.000951106 7.55744e-07 0.000306658 0.000265558 -0.000432397 2.54454e-06 1.46187e-07 0.0376018 -0.00164214 0.000107629 -0.0146683 0.000686476 0.000248339 -5.30539e-05 5.00426e-05 -1.22207e-05 0.000162344 6.99259e-05 0.000205045 -0.000195796 0.000124878 -4.9143e-05 1.58313e-08 2.68266e-05 -0.000531042 -1.66849e-06 -3.74061e-05 -5.07094e-06 1.47461e-06 -0.00107869 9.74303e-07 -0.000323036 -1.38713e-06 -1.4541e-05 -0.000174624 7.95052e-06 -3.72601e-05 -0.0169883 -1.87461e-05 4.77578e-07 3.67304e-05 0.0137983 7.35886e-05 -0.00121069 8.46888e-05 0.0135015 -8.5236e-06 1.25457e-05 -0.000380334 -2.78575e-06 2.25314e-07 -4.90206e-06 -0.000114035 -2.81759e-07 0.00148939 0.000186799 5.33062e-05 -8.33848e-05 -0.00932238 -0.000187054 3.81413e-06 8.93745e-05 1.02021e-06 2.83191e-06 -6.28242e-05 -0.0114816 -0.000131623 0.00114417 -0.000986349 -5.94975e-05 -0.00187723 -8.55522e-05 0.000686226 -0.001564 4.38235e-06 2.12982e-06 -2.80585e-07 0.0133667 -0.00305197 -0.000209368 -0.00122286 0.00195173 -2.73932e-09 3.33617e-05 -1.0362e-05 
-3.0111e-06 -2.62153e-05 0.00220243 -0.0181254 -0.0117963 3.41676e-05 0.0109482 1.18029e-05 -1.58185e-05 -6.86096e-07 2.69158e-06 7.74824e-05 0.0058814 -2.4105e-05 -0.000387106 -0.000950745 -1.06698e-05 -6.97873e-05 0.000536931 -0.000538001 -1.0052e-06 -2.85827e-07 -0.00164214 0.0497981 -0.000495812 -0.011918 -0.000262982 -0.0013804 3.74951e-05 -0.000186985 -1.37691e-05 1.44717e-05 -8.54317e-05 -0.00018769 -0.00519923 -0.000101063 -9.30775e-05 -2.75761e-06 -0.000119254 0.00111091 -1.35193e-05 4.84033e-05 1.07968e-06 -2.57272e-05 5.82804e-05 -3.61264e-05 -0.00207229 -8.8032e-05 1.07692e-05 0.00147317 -0.000128057 4.07893e-05 0.0155571 -2.62067e-05 9.76984e-07 -4.06399e-05 0.000150528 -9.64376e-06 -0.000562082 -0.0026404 -0.00789508 4.12712e-06 -4.30091e-06 0.000908489 -3.33403e-05 -5.44164e-07 4.60338e-05 0.000159093 -1.48823e-06 -0.00380183 -0.000585976 -3.95995e-05 0.000109537 -0.00772197 0.000311632 2.26419e-06 -0.000171042 -1.57809e-05 -2.63921e-05 4.92112e-05 0.00320126 -0.00551453 2.1258e-05 0.000379301 6.25723e-05 -0.00516937 -0.000111675 0.00316011 -0.000996268 -2.02149e-06 -1.39197e-05 -4.51314e-06 -0.00977049 0.00136307 0.000264909 -0.00101595 0.0041309 -6.63208e-08 -3.99302e-06 9.59434e-06 
-1.2685e-08 -1.2514e-06 -0.000674439 0.000106829 0.000290832 5.14674e-06 -0.000687911 3.47584e-07 2.85093e-06 -2.8759e-09 -1.23083e-07 1.23858e-05 -0.000476024 1.14891e-06 0.000265398 -0.000391041 1.25793e-05 -2.37329e-05 -6.09588e-05 -1.64876e-05 3.82479e-06 8.58531e-08 0.000107629 -0.000495812 0.00155212 -0.000598394 -2.1088e-06 0.000415293 9.73381e-06 3.73179e-05 -4.49039e-07 2.43747e-06 7.05164e-05 2.83776e-05 0.000195328 0.000107324 3.91603e-06 -5.19735e-09 0.000250897 -2.63756e-05 3.30271e-06 9.86584e-06 4.87237e-06 1.43464e-07 0.000220189 -2.36321e-07 -2.20618e-05 -1.69906e-07 -7.65342e-07 0.000155721 2.09238e-05 4.95727e-06 -0.000851656 1.88136e-05 9.09482e-07 4.85737e-06 -0.000443148 8.90791e-08 0.000694237 0.000365811 0.00022059 1.69755e-06 1.38589e-06 1.80183e-06 3.28046e-06 -2.83444e-09 -9.90836e-06 4.81976e-05 1.32141e-07 -0.000222196 3.45297e-05 1.81872e-05 2.31513e-05 -0.000137119 9.4613e-08 -8.89508e-08 0.000155275 1.49668e-07 5.54566e-06 0.000176125 -0.000639283 0.000381016 7.79569e-06 0.000108497 -1.46353e-06 0.000109296 1.04828e-05 -9.9702e-05 0.000792814 1.17841e-07 1.30601e-06 -1.11461e-08 0.000127993 -0.000567054 -5.74527e-06 -2.68922e-05 -0.000758058 -1.08818e-10 2.46274e-05 -4.09826e-07 
-3.37202e-06 -0.000331639 0.00190456 0.0176178 -0.0028016 -6.32212e-05 0.00954882 -0.000100976 -2.52569e-05 3.65135e-07 -3.0296e-05 -0.000680466 0.00104271 8.49148e-06 -0.000326792 0.00366548 -7.36263e-05 0.00119056 -0.00338818 0.00211784 -1.44873e-05 -2.4277e-07 -0.0146683 -0.011918 -0.000598394 0.248696 -0.000283172 -0.000603558 -0.000589207 -0.000224565 2.09091e-05 -0.00084742 -4.6881e-05 0.00051063 -0.00259612 -8.15479e-05 -0.000489252 1.40572e-06 -0.000441181 -0.009967 -5.89372e-06 -0.000416546 -0.000303172 7.37504e-06 -0.012464 1.74526e-05 0.00276729 1.79716e-05 -0.000480586 -0.0134833 2.89986e-05 -0.000395919 0.0318327 -0.000152144 -8.53791e-06 -4.17355e-05 -0.09014 -2.47418e-05 -0.0286164 -0.00103317 -0.0909133 2.61703e-05 -0.000101848 -0.0071625 -0.0003036 -2.72494e-07 0.000364327 -0.000959799 -2.44001e-06 0.0102413 0.000155322 -4.6825e-05 -0.000198314 0.0222221 -0.00225141 -1.74672e-05 -0.000164176 -1.22016e-05 -0.000242822 -0.000842033 0.00478817 -0.00286946 -0.00100438 -0.00936295 -0.000294207 -0.0137865 -0.00226579 -0.0211702 -0.0317293 -1.67324e-05 -2.27047e-05 1.6039e-06 -0.00923861 0.00145615 -0.00154059 0.00660517 0.0285905 3.75276e-08 -0.000118251 -4.89087e-05 
3.01337e-07 5.63218e-06 -0.00127263 0.000331505 8.64056e-05 9.17458e-06 -0.0019316 3.68641e-06 5.22638e-07 2.24354e-08 -1.08891e-09 1.25038e-05 5.51748e-05 -9.47871e-08 1.15131e-06 2.85181e-05 -3.78584e-07 -0.000660545 -0.000702794 0.00067134 5.75239e-07 -1.19694e-09 0.000686476 -0.000262982 -2.1088e-06 -0.000283172 0.00228192 6.0929e-05 1.23913e-05 -3.42933e-07 8.70045e-06 -4.96681e-06 8.91997e-10 0.000391417 -6.02184e-06 6.5713e-06 -3.67911e-06 2.37902e-06 3.47393e-05 -4.845e-05 1.23785e-06 -2.10341e-06 1.74773e-05 6.66282e-08 -6.46092e-05 1.09056e-05 0.00075492 3.85634e-05 1.42085e-05 0.00127442 -3.77993e-07 -1.70974e-06 0.000442695 7.74505e-06 -1.08655e-07 2.58053e-06 -0.000994403 1.32497e-06 0.000868476 -5.0218e-06 -0.000481992 1.24609e-06 -3.40418e-07 -8.49726e-07 4.27759e-05 -4.17024e-09 -0.000242268 1.4148e-06 1.01992e-08 -0.00118939 -8.35426e-07 3.2387e-06 -4.35593e-06 7.03198e-05 5.24978e-05 -1.17537e-07 -1.58338e-06 -6.91482e-08 2.19771e-05 7.58052e-07 6.31861e-05 -5.36908e-06 3.30135e-05 -6.33405e-05 -3.74706e-06 -1.61868e-05 2.6258e-05 0.000229963 -0.000155278 -2.26404e-08 -1.19286e-07 4.72693e-06 -0.000342258 -0.000320796 -7.69162e-06 0.000231662 0.000130003 -1.601e-10 4.17503e-05 3.2529e-06 
7.59324e-07 6.8491e-06 -0.000594773 0.000907053 0.00111877 1.80614e-06 -0.00120617 2.60733e-08 1.40625e-05 -3.93189e-09 4.78389e-07 -3.21218e-06 -0.000173693 2.39192e-06 0.000304226 1.96239e-05 8.42153e-06 -4.67913e-05 -3.29414e-05 -1.80023e-05 4.02922e-08 1.02221e-07 0.000248339 -0.0013804 0.000415293 -0.000603558 6.0929e-05 0.00212083 -1.18189e-06 0.000121731 -3.26081e-07 -4.61543e-06 6.02409e-05 8.18219e-05 0.000128977 0.000119281 -3.07216e-06 -7.10573e-09 0.000123564 -3.20517e-05 1.15555e-06 -1.72491e-06 7.31069e-06 1.58515e-06 -5.72123e-05 5.98691e-06 5.62175e-05 8.07437e-06 3.47364e-06 9.56264e-05 3.54462e-05 5.97531e-06 -0.000894004 1.3094e-05 1.07237e-06 3.45568e-05 -0.000992295 1.29371e-09 0.000699082 0.000506936 0.000114055 2.8202e-06 1.32186e-06 -2.76723e-05 9.00301e-05 -3.87521e-09 -2.12765e-06 -6.04043e-06 1.11364e-07 0.000138706 2.52001e-05 1.23579e-05 1.28821e-05 -0.000137672 9.32253e-06 3.50545e-08 0.000103336 1.9241e-07 3.20388e-05 -1.66265e-06 -0.000811967 0.000318326 5.0729e-06 -5.78501e-05 -3.61691e-06 -9.47863e-05 9.88284e-05 -7.96938e-05 8.03811e-06 2.78898e-07 -1.60407e-07 -1.52387e-08 0.00018483 -0.000895454 -1.18542e-05 -6.89268e-05 -0.000272539 -1.48774e-10 1.81821e-05 9.08677e-07 
-1.22805e-08 0.000582252 -0.00121489 -7.81433e-05 -1.51297e-05 -7.94992e-07 -0.0010781 7.18821e-05 1.07267e-06 6.70549e-07 5.49418e-06 0.0010635 -0.000795845 -2.90372e-08 0.000108245 -0.000816701 0.000137001 -0.00125355 -0.00123769 4.72881e-05 3.453e-06 -7.87596e-10 -5.30539e-05 3.74951e-05 9.73381e-06 -0.000589207 1.23913e-05 -1.18189e-06 0.0015027 1.39549e-06 3.71503e-06 1.10514e-06 -1.55141e-07 7.9278e-06 2.32771e-05 -6.83473e-07 3.59121e-07 7.54968e-07 0.000208922 0.00021632 4.75066e-07 0.000877283 0.000411306 -4.82791e-08 -3.34603e-05 9.68122e-06 0.000217201 7.65513e-07 0.00077673 0.00119201 1.63432e-08 -4.66839e-07 -0.000586051 -1.71263e-07 1.01838e-07 -2.09926e-08 -0.000732565 -1.72082e-08 0.00123165 4.93362e-07 5.7366e-05 2.72209e-06 0.000204191 0.000582534 3.54837e-06 -2.74404e-09 -0.00070492 0.000840214 -1.08357e-08 -0.00132152 2.76893e-06 2.02411e-06 0.000112306 -0.000396111 0.000139165 -8.61138e-08 2.06826e-05 1.49117e-06 7.89238e-05 0.000800353 -0.000562888 1.69276e-05 7.0823e-06 0.000620927 -2.24667e-06 -6.54226e-05 7.31637e-05 -9.63088e-05 0.000836035 1.36885e-08 1.70764e-05 2.14921e-06 -0.000683545 8.20947e-06 1.24551e-05 -1.76669e-05 -0.000912506 -1.05347e-10 1.18891e-05 3.23209e-05 
-6.72974e-09 -6.63902e-07 -0.000184761 0.000134162 0.000175993 2.83407e-07 -0.000155042 6.94803e-07 4.65228e-06 -1.52574e-09 5.61368e-07 4.3255e-06 -9.04717e-05 9.15405e-09 2.10955e-05 -0.000135549 6.90153e-07 -9.11798e-05 -2.77874e-05 -4.14189e-06 -2.57561e-08 -4.31605e-10 5.00426e-05 -0.000186985 3.73179e-05 -0.000224565 -3.42933e-07 0.000121731 1.39549e-06 0.000824043 -2.72844e-07 1.36157e-05 -7.5018e-08 5.09085e-06 2.488e-06 -8.78787e-08 5.60335e-06 -2.75733e-09 4.97564e-06 0.000334554 9.57429e-07 1.12574e-06 2.92233e-07 1.98354e-06 4.32539e-06 2.65129e-06 -7.40001e-06 -9.01395e-08 -8.58749e-07 3.88941e-05 1.14158e-06 -1.39435e-07 -0.000492666 -6.40029e-07 3.6082e-07 1.07706e-05 0.000101116 6.96129e-07 0.000263754 4.1642e-05 0.000282671 1.52153e-06 -6.84752e-08 4.7917e-05 1.18807e-05 -1.50375e-09 -5.1491e-05 -2.60204e-06 2.40729e-07 -0.000235171 5.82582e-06 1.66187e-05 6.83038e-07 -0.000230611 3.17822e-07 1.27614e-06 1.86778e-05 3.83992e-08 -6.40649e-08 3.30186e-07 -0.000180141 9.44309e-06 4.14819e-05 0.000138702 2.17843e-06 3.52119e-05 -2.9063e-06 -5.83781e-05 0.000257688 -4.1819e-08 2.61089e-07 -5.91327e-09 9.4127e-06 -0.000277806 5.65598e-06 9.09837e-06 -0.000466739 -5.77306e-11 -1.50297e-07 -2.33339e-07 
-2.86449e-09 1.32408e-06 -3.51778e-05 -1.72636e-05 2.65852e-06 -1.20963e-07 -0.00017582 2.34505e-07 -3.59196e-08 5.66017e-07 6.83887e-06 -6.22386e-07 -9.04776e-05 -1.45483e-08 -2.84255e-07 -7.60077e-05 4.31894e-07 -3.99341e-05 -9.19117e-06 3.42678e-05 -1.0963e-08 -1.83711e-10 -1.22207e-05 -1.37691e-05 -4.49039e-07 2.09091e-05 8.70045e-06 -3.26081e-07 3.71503e-06 -2.72844e-07 0.000350917 4.29768e-06 -3.61875e-08 4.04796e-07 1.4018e-05 3.7243e-08 7.6652e-05 1.73549e-06 -2.6237e-07 -7.57527e-06 1.56233e-05 3.00433e-05 1.2445e-06 -1.12614e-08 -8.69264e-06 5.76663e-06 5.16278e-06 2.4383e-06 7.97811e-07 9.87076e-06 1.47795e-06 3.16401e-05 -1.1249e-05 1.42576e-05 -1.66767e-08 -3.52198e-08 -0.00015744 -3.2208e-09 7.24289e-06 7.58334e-06 -8.9749e-05 -1.02923e-07 -1.11468e-08 7.79069e-06 -5.11641e-07 -6.40063e-10 -0.000133176 5.15737e-05 -2.52749e-09 -0.000173071 -3.01149e-07 8.81197e-07 6.4866e-06 0.000180483 -1.01582e-06 -2.00865e-08 -2.43535e-07 -1.06131e-08 2.03105e-06 2.88978e-07 2.65325e-05 1.41462e-05 4.57447e-05 8.67985e-05 -6.15017e-07 0.000172352 -6.43971e-08 -2.65885e-05 -1.62803e-05 -1.78001e-08 2.86839e-07 1.64082e-06 -0.00014568 -1.53195e-06 2.85842e-05 0.000103546 -0.000147586 -2.45728e-11 2.89188e-07 3.59068e-06 
-1.77204e-08 2.69518e-06 0.000172763 -0.000531304 -3.17177e-05 1.84376e-06 -0.000113704 3.09016e-07 2.37779e-06 1.05983e-07 4.11392e-07 1.21945e-06 -0.00117551 -8.9999e-08 -7.98467e-07 -0.00161141 -3.5946e-07 2.24504e-05 2.02583e-05 -2.7715e-05 2.38551e-06 -1.13648e-09 0.000162344 1.44717e-05 2.43747e-06 -0.00084742 -4.96681e-06 -4.61543e-06 1.10514e-06 1.36157e-05 4.29768e-06 0.0021669 4.09469e-07 -4.14958e-06 -6.29062e-06 -9.86232e-07 0.00039945 -7.26044e-09 2.60202e-06 -8.94751e-06 2.43668e-06 1.15374e-05 1.54125e-05 1.79367e-06 0.000254676 4.06538e-07 -3.63288e-05 6.2265e-07 -1.73121e-06 -9.07372e-05 -2.38796e-07 -2.88619e-06 -0.00146565 -1.68196e-06 -1.03166e-07 -1.27878e-07 0.000738315 3.70138e-06 -0.000114001 -4.7004e-06 0.00120097 -6.36704e-07 -4.49281e-07 -2.96852e-05 -3.41258e-06 -3.95958e-09 -0.000412046 7.62759e-06 -1.56356e-08 -6.57488e-05 4.62369e-06 4.71428e-07 -6.1784e-06 -0.00014882 6.52035e-08 4.32407e-07 3.4337e-09 -6.56552e-08 -1.23073e-06 0.000105332 -0.000607127 5.1165e-05 0.000244743 0.00119013 1.02454e-05 0.000872667 -1.29786e-05 -0.000159281 0.000993518 -4.34488e-08 7.59434e-07 7.77628e-08 6.36695e-05 -4.18942e-05 1.63055e-06 0.000240673 -0.00143308 -1.52013e-10 -1.05126e-06 -2.14416e-07 
