8.79989e-05 9.08046e-06 -2.45354e-05 4.9038e-06 -2.10673e-08 8.72926e-07 2.85359e-06 5.69559e-08 7.42769e-07 -1.07377e-08 2.2751e-06 -8.54691e-09 5.69249e-06 6.53358e-06 -3.6473e-06 1.82565e-05 -1.47856e-07 -1.81366e-05 3.17889e-07 1.08659e-06 2.62895e-07 -1.58779e-05 1.80938e-07 -1.13144e-06 1.0783e-05 -1.21801e-09 -2.92008e-07 2.00879e-05 1.3569e-05 3.12676e-05 1.436e-06 -1.88376e-05 7.00764e-06 -1.5366e-09 6.21044e-06 -1.29383e-06 6.43996e-08 -1.37748e-07 -1.11094e-09 -9.50722e-06 -8.09133e-09 -1.17108e-08 -1.83877e-05 -4.53466e-06 1.84095e-07 -1.75765e-05 2.08862e-07 4.0208e-08 9.72608e-07 -4.25726e-08 -1.16228e-06 -1.08248e-08 -1.8012e-10 -1.3201e-11 5.7016e-06 2.02384e-07 6.12978e-06 -1.67213e-11 -3.93742e-09 -5.37281e-09 2.26231e-07 -4.15456e-08 1.18514e-05 -4.56755e-10 -2.94756e-05 3.64668e-07 -7.13863e-06 -4.86433e-08 -2.73061e-05 -5.85303e-09 -1.01857e-07 -1.7087e-05 5.49182e-07 5.21065e-06 1.63778e-05 1.12768e-05 -6.5082e-07 -3.9647e-09 -8.71005e-08 7.39473e-06 7.42031e-07 -3.76701e-08 4.06851e-07 -3.97821e-06 4.24446e-06 3.16245e-07 -5.71312e-07 -1.93171e-05 9.77625e-07 -3.39706e-10 -2.68714e-10 -1.87503e-05 4.74686e-06 -1.34156e-07 -4.65731e-09 -6.04113e-08 -3.85381e-09 -4.00548e-09 -4.95117e-05 -1.18404e-08 
9.08046e-06 0.0130757 -7.6146e-05 -0.000570942 -2.95548e-06 2.1449e-06 -0.00548548 -8.23177e-06 -5.86945e-07 -1.13013e-06 0.00012567 3.46308e-06 -1.15733e-05 1.42795e-05 -0.000543004 0.000427543 1.07704e-06 5.16149e-05 -8.03061e-05 8.88893e-07 -1.0406e-05 -4.69683e-06 -1.12659e-05 -0.000368199 -1.4356e-05 3.32685e-08 -0.000197876 -9.29342e-05 0.00356931 -0.0027818 -6.53552e-05 0.00506059 0.000394585 -2.31368e-07 -1.31265e-05 -7.47361e-05 -3.41354e-07 3.22202e-05 1.78272e-06 -0.00142661 -7.34992e-07 -9.13308e-07 7.50456e-05 -0.000532107 -3.87159e-07 -0.00186308 -2.11939e-05 -3.6525e-06 -2.48969e-05 1.69564e-05 7.98053e-05 -1.41658e-06 2.52879e-07 -1.9877e-09 -2.70322e-05 1.044e-08 -2.25469e-06 -2.51775e-09 5.50047e-06 -8.08993e-07 2.2445e-07 -5.14892e-06 -0.000150691 -6.87743e-08 -0.00203522 -3.79147e-06 -0.00110019 -6.12764e-06 -0.000912188 -4.27967e-07 -1.43801e-05 -0.000458976 -0.000105775 -3.50421e-05 -0.000526137 -4.41419e-06 -0.000120593 1.01636e-06 5.42846e-06 -0.000133403 -6.97991e-07 -5.26538e-06 -2.30561e-05 -0.00180662 5.16452e-05 -1.56926e-06 -0.000190178 -0.000468864 1.46973e-05 -5.11501e-08 -4.04607e-08 -5.44791e-05 3.51356e-05 -9.80684e-06 -7.0126e-07 -7.31623e-06 -5.80275e-07 -6.03111e-07 -0.000551838 -7.19498e-07 
-2.45354e-05 -7.6146e-05 0.0180464 -0.00245599 -0.000230002 -6.29623e-05 0.00143923 -0.00277977 -4.3479e-05 -4.95136e-05 -0.000520781 -9.53312e-05 -0.00141449 -0.00167857 0.000740742 0.00459576 -4.55652e-06 0.00659292 -0.00299969 -0.000162259 -0.000773299 0.00274525 -0.00159278 -0.00392777 -0.000968067 -1.34922e-05 -0.00374363 -0.00603175 0.00110244 -0.0026679 -0.00321707 0.00368842 -0.00441839 -6.45675e-07 -0.000876608 0.00403079 -1.83798e-05 0.00287129 -1.66126e-06 -0.00278923 -8.85641e-06 -0.000124224 0.00580811 0.000915318 -2.86662e-05 0.0030778 -0.00244825 -0.00033032 -0.00183173 -0.000313363 -0.00246029 -0.000120739 -1.93571e-06 2.75766e-09 -0.0028351 -6.30842e-06 -0.000471371 -1.86507e-07 -2.66748e-06 -5.81843e-05 -8.19059e-07 -0.000452821 -0.00343863 9.5415e-08 0.00212214 -0.000223919 0.000298704 -0.000541329 0.00767622 -6.75732e-06 -0.00191485 0.00423084 -0.000175541 -0.00329264 -0.00751899 -0.00190942 -0.00100388 -4.28451e-05 -0.000724642 -0.00157632 -5.0915e-05 -4.31741e-05 -0.00134868 5.99905e-05 -0.000108958 -0.000104063 -0.00231878 0.00501102 -0.00430452 -5.8237e-07 -2.98387e-06 0.0067269 -0.000860817 -0.00149575 -5.01604e-05 9.46447e-07 -2.39616e-05 -4.45166e-05 0.00659947 -0.000118613 
4.9038e-06 -0.000570942 -0.00245599 0.0430015 -4.09923e-06 -3.18596e-06 -0.0213471 3.36087e-05 4.86884e-06 -5.47401e-06 -0.000349441 -4.31642e-06 -2.05632e-05 -0.000485829 -0.0016349 -0.00390384 2.10751e-05 -0.00026524 0.000811441 3.49639e-06 -2.28036e-05 2.41797e-05 -4.13427e-05 0.00122043 0.000173963 -3.93204e-07 0.000767371 0.00118382 -0.00783168 -0.00345752 -0.000214607 -0.00294332 0.00734731 4.60458e-07 4.92342e-05 0.000432552 7.71338e-06 0.000128745 -2.55085e-07 -0.00345856 -1.99331e-06 -3.56855e-06 -0.000865265 -0.00325074 1.94398e-07 0.00615131 -6.66302e-05 -3.0066e-06 -3.97136e-05 9.09141e-05 -8.25752e-05 -4.41859e-06 6.78403e-08 -6.75437e-09 -3.27368e-05 1.99444e-06 -2.25646e-05 1.81444e-07 5.32873e-06 -1.81236e-06 2.50589e-07 -1.97404e-05 -0.000957042 -2.33701e-07 -0.0155243 -9.87579e-06 -0.00200046 -1.9452e-05 -0.0135056 -8.71406e-07 -4.67349e-05 7.16005e-05 0.000442332 -6.21215e-06 -0.00129152 1.84336e-05 0.000390277 1.8981e-06 0.000182224 0.0012174 1.28115e-05 -6.02746e-06 0.00013048 0.0237616 0.000331624 -3.84584e-06 0.00109799 4.66964e-05 0.00401775 -1.73813e-07 -1.37489e-07 -0.000805051 -0.000401195 -5.4752e-05 -2.19961e-06 -7.78648e-06 -5.31827e-07 -1.33609e-06 -0.00512641 -2.08822e-06 
-2.10673e-08 -2.95548e-06 -0.000230002 -4.09923e-06 0.000239326 2.29441e-05 -0.000117855 0.000220507 -1.06031e-08 -2.92072e-08 -3.94074e-06 5.49501e-05 0.00012519 -2.8554e-06 -9.16781e-06 -0.000151395 -4.02178e-07 -0.000229857 1.56982e-06 -4.55435e-08 5.58403e-07 -0.000224716 0.000213604 0.000224061 -2.72828e-07 1.07669e-06 -1.50994e-06 -2.23609e-06 3.83638e-05 -0.000105856 8.77527e-05 -0.000116961 -7.91912e-06 -4.17963e-09 5.20998e-06 -0.000223235 5.05002e-08 -0.000228489 -3.02182e-09 -2.90344e-05 1.43466e-06 5.71815e-06 -0.000227744 4.08117e-06 -6.99398e-09 -5.53164e-05 0.000228725 3.42123e-05 -4.49183e-07 -1.158e-07 0.00022549 8.00556e-07 2.86177e-07 -3.59075e-11 0.000221237 -2.58135e-09 -4.40819e-08 -4.54828e-11 -1.071e-08 4.72052e-07 -1.18415e-09 1.8867e-05 5.72939e-06 -1.2424e-09 -7.84286e-05 0.000163953 -9.00046e-06 8.70769e-06 -9.83335e-05 -1.59206e-08 0.000223273 -0.000219022 -2.0876e-06 0.000224531 2.69603e-06 0.000224805 -2.26603e-06 -1.07842e-08 9.13975e-06 -2.45333e-06 -1.26091e-08 -1.02465e-07 -8.49922e-07 -4.13873e-05 -3.50546e-07 1.06183e-05 -3.87512e-06 -0.000226214 -2.41814e-06 -9.2402e-10 -7.30917e-10 -0.000225839 5.67367e-06 0.000207365 3.15067e-06 -1.64322e-07 1.95174e-08 8.91049e-08 -0.000176808 -3.22066e-08 
8.72926e-07 2.1449e-06 -6.29623e-05 -3.18596e-06 2.29441e-05 8.03702e-05 -3.63814e-05 5.89815e-05 -3.56015e-09 -9.80676e-09 -1.40487e-06 1.57553e-06 5.37369e-05 -6.32079e-07 -2.94315e-06 -4.12311e-05 -5.03735e-09 -6.41583e-05 2.70468e-08 1.11471e-06 1.95668e-07 -6.41691e-05 5.69402e-05 5.73762e-05 1.00839e-06 -1.11241e-09 8.80216e-06 2.6192e-06 -6.97174e-07 -2.72961e-05 3.94621e-06 -3.27203e-05 -9.80307e-07 -1.40338e-09 1.70805e-06 -6.17876e-05 -2.0705e-09 -6.23902e-05 2.62319e-07 -6.76134e-06 8.92768e-08 1.12638e-07 -6.37955e-05 6.94319e-06 2.29098e-06 -1.54515e-05 6.13547e-05 2.86328e-05 1.18847e-05 -3.88817e-08 5.93966e-05 9.03447e-07 -1.64504e-10 -1.20565e-11 5.69205e-05 -8.66728e-10 4.23766e-08 -1.52716e-11 2.19737e-07 -1.57366e-09 -3.97597e-10 3.34687e-05 -6.58202e-07 -4.17155e-10 -2.5243e-05 3.29078e-06 -3.71354e-06 1.76156e-05 -6.0703e-05 -5.34558e-09 5.71797e-05 -6.02758e-05 -4.14279e-07 6.26483e-05 6.22967e-06 5.78651e-05 -1.02409e-06 -3.62097e-09 8.63784e-07 2.61959e-06 3.12433e-07 -3.44042e-08 -1.84863e-07 -1.24047e-05 -1.17701e-07 3.63815e-07 -4.74465e-07 -6.35129e-05 3.55471e-07 -3.10254e-10 -2.45417e-10 -6.38744e-05 5.25778e-06 6.20808e-05 1.4908e-07 -5.51738e-08 1.53147e-07 2.96751e-08 -5.21761e-05 -1.08139e-08 
2.85359e-06 -0.00548548 0.00143923 -0.0213471 -0.000117855 -3.63814e-05 0.247606 -0.0011159 -2.17394e-07 -6.59486e-05 -0.000844368 -5.18339e-05 -0.000371214 -0.000516326 -0.0214948 0.00296225 -0.000413288 0.00127887 0.000761464 3.94071e-05 -0.00032325 0.00063758 -0.000857135 -0.0074199 -0.000258866 -6.20056e-06 -0.00266793 -0.00320269 -0.0581525 0.113717 0.000569917 -0.10456 -0.0133056 -7.6577e-06 -0.000429763 0.00267774 -4.59051e-06 0.000388019 -5.61269e-06 -0.0174783 -3.92922e-05 3.45351e-07 0.00113826 -0.017184 -9.27798e-06 -0.0250557 -0.000527572 -0.000183841 0.000193826 -0.000215746 -0.00474602 -6.96206e-06 -1.12348e-06 -8.23399e-08 -0.000282025 -4.44599e-06 0.000227634 -1.04297e-07 -9.80258e-06 -3.3469e-05 1.44613e-07 -0.000243183 -0.0156238 1.14437e-06 -0.0200836 -3.97168e-05 0.02247 -0.000297641 0.0179877 -6.88769e-06 -0.000744823 0.00387849 -0.00432078 -0.000590074 0.00800581 -0.000643699 -0.00477382 -2.40628e-05 -0.000513434 -0.00345959 -7.72412e-06 2.452e-05 0.00073674 -0.0021059 -0.000598477 -5.76598e-05 -0.0057806 -0.00326397 -0.00789091 -1.73888e-06 9.47259e-07 0.00125119 0.00273872 -0.000482408 -2.15095e-05 -0.000252623 5.4989e-06 -2.36171e-05 -0.0499863 -6.26301e-05 
5.69559e-08 -8.23177e-06 -0.00277977 3.36087e-05 0.000220507 5.89815e-05 -0.0011159 0.00320582 6.74421e-06 1.29643e-05 8.25061e-05 9.68043e-05 0.00115123 4.98304e-05 -0.00012161 -0.000809038 -3.23668e-06 -0.00270985 -2.13357e-05 1.15548e-05 0.000218309 -0.00204322 0.00160335 0.00204393 3.07178e-05 1.20555e-05 0.00193484 0.000458121 -0.00136005 -0.00123721 0.00120302 -0.00063767 3.55042e-05 -5.61543e-08 0.000226717 -0.00219513 4.16715e-06 -0.00214189 1.89401e-07 -0.000357225 6.93764e-06 6.53487e-05 -0.00250084 -0.000181196 8.96937e-06 -0.000696585 0.00204257 0.000334345 0.000999084 -5.52466e-07 0.00183422 5.76111e-05 1.56008e-06 -4.82425e-10 0.0020928 3.81865e-06 9.62204e-05 1.89389e-07 -1.43891e-07 5.7457e-05 -1.59093e-08 0.000440185 0.000792349 -1.66919e-08 -0.000820874 0.000185434 -0.00019504 0.000535552 -0.00190829 2.27701e-08 0.00179025 -0.00211456 7.32593e-07 0.00210244 0.001758 0.00155039 -4.06781e-05 2.17784e-08 0.000558727 0.000252862 2.01059e-06 -1.37664e-06 -6.74957e-06 -0.000553603 9.48103e-05 9.73291e-05 0.000354534 -0.00237345 6.64928e-05 4.57586e-07 4.46847e-07 -0.00258548 0.000102127 0.00127628 4.03298e-05 -2.12104e-06 2.4425e-06 4.10303e-05 -0.000824539 -3.56036e-07 
7.42769e-07 -5.86945e-07 -4.3479e-05 4.86884e-06 -1.06031e-08 -3.56015e-09 -2.17394e-07 6.74421e-06 4.42914e-05 -5.40423e-09 -7.74183e-07 -4.30162e-09 4.36592e-05 -5.28338e-07 -1.8611e-06 -2.41924e-05 -7.44153e-08 -4.39158e-05 -9.13837e-08 4.29849e-05 2.84549e-07 -4.18947e-05 4.59666e-06 -1.88847e-07 2.36229e-05 -6.1302e-10 3.13512e-05 1.34529e-05 -2.79451e-05 -1.71861e-05 -2.72113e-07 -2.21404e-05 -1.48255e-06 -7.73362e-10 -6.35304e-08 -4.35554e-05 -1.141e-09 -3.32492e-05 -5.5913e-10 -5.27173e-06 5.25943e-08 -5.89397e-09 -4.39382e-05 -3.26637e-06 1.75654e-05 -5.78214e-06 -4.46313e-08 5.16725e-08 4.34007e-05 -2.14266e-08 3.18329e-07 1.27512e-05 -9.06537e-11 -6.644e-12 2.26648e-05 6.6189e-08 2.09287e-06 -8.41573e-12 -1.98168e-09 -2.70411e-09 -2.19104e-10 8.12424e-07 -1.32717e-06 -2.29882e-10 -1.47453e-05 4.38951e-08 -3.97702e-06 3.27885e-06 -3.57835e-05 -2.9458e-09 2.86839e-07 -1.48528e-05 1.64604e-05 3.55826e-05 4.2425e-05 2.56145e-07 -5.8088e-07 5.28005e-07 1.66163e-07 4.17094e-05 1.53877e-05 -1.89592e-08 1.55538e-05 2.98283e-05 -6.48618e-08 -5.24536e-09 -7.17017e-07 -4.36594e-05 8.44587e-07 -1.70972e-10 -1.35242e-10 -4.35391e-05 -3.97727e-07 1.27991e-05 1.10577e-05 -3.04047e-08 2.21394e-07 -2.01594e-09 -2.10333e-05 -5.95923e-09 
-1.07377e-08 -1.13013e-06 -4.95136e-05 -5.47401e-06 -2.92072e-08 -9.80676e-09 -6.59486e-05 1.29643e-05 -5.40423e-09 0.000121995 -1.80589e-06 -1.18492e-08 -1.76782e-07 -6.05355e-07 -9.76741e-07 2.85371e-05 -2.04984e-07 -5.00968e-05 -6.09371e-07 -2.32128e-08 4.18823e-05 -5.56303e-08 -5.53668e-08 1.09714e-06 8.22761e-06 -1.68862e-09 1.0741e-05 4.34036e-05 -7.06274e-05 -5.31514e-05 3.78304e-05 5.58055e-05 2.44284e-06 -2.13029e-09 6.15e-07 -9.36307e-05 -3.14298e-09 -3.04846e-06 -1.54017e-09 -6.722e-06 -1.12176e-08 -1.62355e-08 -4.6485e-05 -9.94488e-06 -3.56473e-09 -2.72238e-05 -3.32469e-08 -4.13028e-08 2.74023e-08 -5.90215e-08 -1.88431e-06 -1.50072e-08 -2.49714e-10 -1.83015e-11 -1.12408e-07 -1.31567e-09 -1.4819e-07 -2.31819e-11 -5.45873e-09 1.19218e-07 -6.03543e-10 -5.75977e-08 5.28219e-05 -6.33232e-10 5.56931e-05 -4.43624e-08 -1.01651e-05 -6.74378e-08 -3.95735e-05 -8.11448e-09 3.50759e-08 -2.83569e-05 -1.7402e-07 2.83925e-07 4.84702e-05 -7.01673e-08 -3.30086e-07 -5.49655e-09 3.18925e-06 5.34291e-06 -6.42667e-09 -5.22248e-08 -5.58914e-07 -1.93607e-05 2.11332e-07 -1.44488e-08 9.46182e-05 -1.4797e-05 -1.12118e-06 -4.70959e-10 -3.72537e-10 -4.72915e-05 2.62605e-07 -3.93242e-08 6.02099e-08 -8.37525e-08 -5.34282e-09 -5.55308e-09 2.54476e-05 -1.64152e-08 
2.2751e-06 0.00012567 -0.000520781 -0.000349441 -3.94074e-06 -1.40487e-06 -0.000844368 8.25061e-05 -7.74183e-07 -1.80589e-06 0.017173 -1.43412e-06 -2.24682e-05 5.79764e-05 -0.000715556 -0.000202474 -2.85283e-05 -2.18983e-05 -4.1564e-05 -3.32535e-06 -5.42942e-06 3.68279e-05 -2.69156e-05 -0.00036386 -1.42472e-05 -2.41903e-07 -0.000190207 0.000225639 0.000379838 4.20074e-05 0.000125518 0.000862334 0.00145977 -6.85087e-08 2.7207e-05 0.000125192 -4.50247e-07 4.74953e-05 6.02919e-09 -0.0016153 1.78636e-06 -2.16581e-06 4.56706e-05 -0.00111401 -5.10665e-07 -0.00135197 -4.11392e-05 -3.60017e-06 -3.50209e-05 6.35349e-05 -0.000262583 -2.14986e-06 -3.57728e-08 -2.62178e-09 -5.51619e-05 -1.18103e-08 6.08769e-06 -3.32092e-09 4.28801e-06 -1.06707e-06 -6.31272e-08 -7.45115e-06 -0.000220308 -9.07136e-08 -0.00429355 -2.79181e-06 -0.000952713 -9.6608e-06 -0.00117391 -6.59106e-07 -3.21549e-05 -0.00106668 -0.000112889 -5.78283e-05 -0.000472983 -3.01152e-05 -0.000186344 3.57592e-06 0.000145581 -0.000109979 -8.23986e-07 -5.41812e-06 -9.29728e-06 -0.00237259 0.000379708 -1.66987e-06 -0.000208891 0.000155975 0.000457921 -1.08005e-08 -5.33678e-08 9.02354e-05 2.14264e-05 -2.57708e-05 -9.24965e-07 -9.07464e-06 8.51281e-07 -7.95507e-07 -0.00293937 8.28437e-07 
-8.54691e-09 3.46308e-06 -9.53312e-05 -4.31642e-06 5.49501e-05 1.57553e-06 -5.18339e-05 9.68043e-05 -4.30162e-09 -1.18492e-08 -1.43412e-06 9.71072e-05 2.7296e-05 -1.15842e-06 -4.1683e-06 -5.88201e-05 -1.63162e-07 -9.6289e-05 -6.68116e-07 -1.84768e-08 9.4227e-07 -9.68054e-05 9.55759e-05 9.38376e-05 -1.10685e-07 -1.34409e-09 2.6351e-05 -9.07169e-07 -9.13862e-06 -4.51806e-05 7.118e-05 -4.84246e-05 -3.25062e-06 -1.69566e-09 -2.62874e-09 -9.54987e-05 -2.50173e-09 -9.66617e-05 -1.22594e-09 -1.22092e-05 1.21071e-07 1.5041e-07 -9.6338e-05 -4.28921e-06 -2.83743e-09 -2.25079e-05 9.64726e-05 2.57671e-05 2.45091e-06 -4.69795e-08 9.26706e-05 3.77472e-06 2.86468e-07 -1.45675e-11 9.67911e-05 -1.04724e-09 -4.62198e-09 -1.84522e-11 -4.345e-09 1.2774e-06 -4.80404e-10 5.84749e-06 1.22341e-07 -5.04036e-10 -3.35327e-05 5.3638e-05 -8.06326e-06 9.73632e-06 -9.03682e-05 -6.45891e-09 9.6927e-05 -9.44296e-05 -8.46931e-07 9.67643e-05 -2.32309e-06 9.26855e-05 -1.27363e-06 -4.37511e-09 2.22972e-05 -9.95303e-07 -5.11546e-09 -4.15695e-08 -4.44881e-07 -1.76101e-05 -1.42215e-07 2.1385e-06 -1.57212e-06 -9.558e-05 -1.41512e-06 -3.7487e-10 -2.9653e-10 -9.56691e-05 -8.41801e-07 8.87086e-05 1.78153e-06 -6.66648e-08 2.57473e-08 8.88913e-07 -6.95424e-05 -1.30661e-08 
5.69249e-06 -1.15733e-05 -0.00141449 -2.05632e-05 0.00012519 5.37369e-05 -0.000371214 0.00115123 4.36592e-05 -1.76782e-07 -2.24682e-05 2.7296e-05 0.00144681 -1.06995e-05 -5.69547e-05 -0.000808451 -4.94251e-07 -0.00140886 6.75219e-06 0.000154154 2.86437e-05 -0.00138749 0.000949594 0.0011177 0.000174009 8.46614e-07 0.000955606 0.000161682 -0.00066948 -0.000552955 0.000157365 -0.000707681 -3.84301e-05 1.08035e-07 2.46518e-05 -0.00134557 5.56009e-07 -0.00129198 5.15043e-07 -0.000175809 2.16787e-07 4.21239e-05 -0.00142828 -0.000105875 2.7591e-05 -0.000326681 0.00115566 0.000182643 0.000729886 -6.77567e-07 0.00105341 9.44885e-05 1.57035e-07 -2.17337e-10 0.00130878 5.10426e-08 6.75535e-05 -2.75293e-10 1.14851e-06 5.48488e-06 1.69499e-07 0.000438796 1.13391e-05 -7.51984e-09 -0.000439895 0.00010226 -9.58117e-05 0.000525446 -0.00102268 1.03045e-08 0.000986447 -0.00101366 4.38344e-05 0.00136677 0.000961534 0.00101009 -1.68549e-05 5.0806e-07 0.000248699 0.000189627 3.0617e-05 -4.10187e-07 0.000140169 -7.35869e-05 1.28316e-05 1.65842e-06 -1.81648e-05 -0.00140731 -7.82589e-06 4.64407e-07 1.29224e-06 -0.00139512 -7.72405e-06 0.00101718 4.452e-05 3.58744e-07 9.20989e-06 2.62974e-05 -0.000769146 -7.1603e-08 
6.53358e-06 1.42795e-05 -0.00167857 -0.000485829 -2.8554e-06 -6.32079e-07 -0.000516326 4.98304e-05 -5.28338e-07 -6.05355e-07 5.79764e-05 -1.15842e-06 -1.06995e-05 0.0117859 -0.00046315 -0.00203983 1.10001e-06 -4.94183e-05 0.0007725 -2.26937e-06 -9.54702e-06 -3.00775e-05 -1.81516e-05 -0.000200591 -1.12514e-05 -1.65086e-07 -0.000183316 0.00157568 0.00432576 0.00582105 -2.95432e-05 -0.00468638 0.00311153 2.15068e-07 -1.59202e-06 0.000195664 4.82731e-07 5.21188e-05 2.6276e-07 0.00367523 1.37666e-06 1.73928e-05 -0.000244854 0.0012496 -6.51678e-08 -0.00254507 -2.99225e-05 -4.02792e-06 -2.31332e-05 0.000126703 0.000187081 -1.46716e-06 1.31559e-06 8.82108e-08 -3.80393e-05 1.38041e-07 2.4349e-05 -2.26635e-09 -7.03327e-08 -7.28214e-07 3.94329e-07 -4.66763e-06 0.000203622 -6.19072e-08 -0.00411431 1.0013e-05 -6.77682e-05 -6.59297e-06 -0.00254326 -7.93302e-07 -2.3283e-05 -0.00374823 -6.79126e-05 -4.05875e-05 5.47977e-05 -9.79634e-06 9.82728e-05 2.28193e-05 -1.12553e-05 -0.000121186 -4.88296e-07 -4.07236e-06 -4.80749e-05 -0.00196099 0.000201833 2.97427e-07 -0.000148546 -0.00101793 0.00173496 -4.60427e-08 -3.64207e-08 2.49332e-05 0.000107062 -1.81732e-05 1.43876e-06 4.5002e-05 -5.66761e-09 -5.4289e-07 -0.00838955 9.84385e-05 
-3.6473e-06 -0.000543004 0.000740742 -0.0016349 -9.16781e-06 -2.94315e-06 -0.0214948 -0.00012161 -1.8611e-06 -9.76741e-07 -0.000715556 -4.1683e-06 -5.69547e-05 -0.00046315 0.0410784 0.00770563 -6.42324e-05 0.000343416 -0.00029291 -4.82579e-06 -3.0286e-05 8.39718e-05 -6.73612e-05 -0.00140928 -3.70172e-05 -5.94021e-07 -0.000618733 -0.000269399 0.00856546 -0.0190549 -0.000254876 0.0187082 -0.00121905 -3.79394e-07 -5.91214e-05 -0.00428246 -6.95634e-07 6.13709e-05 -7.84676e-08 -0.00500885 -1.02945e-06 -3.04797e-06 3.17412e-05 -0.00288164 -1.07066e-06 -0.00239241 -0.000103839 -1.15695e-05 -8.35768e-05 -1.94325e-05 -0.000487859 -5.2559e-06 -8.78441e-08 -6.43809e-09 -0.000134937 -4.62827e-07 -4.77835e-05 -8.15491e-09 1.05307e-06 -2.6203e-06 5.47686e-07 -2.0255e-05 -0.00133647 -1.42758e-07 -0.00916179 -1.48491e-05 -0.00350505 -2.36732e-05 -0.000576895 4.14216e-06 -8.03307e-05 0.000301409 -0.000157407 -0.000135024 -0.00174223 -7.91692e-05 -0.000521394 -1.93357e-06 -1.1292e-05 0.0011774 -1.72077e-06 -9.14825e-06 -0.000191401 -0.00644865 6.6255e-05 -4.9428e-06 -4.38654e-05 0.000590614 -0.000346994 -1.65673e-07 -1.31051e-07 0.000278829 -0.000397831 -6.17477e-05 -2.27136e-06 -1.30857e-05 1.19051e-06 -1.95346e-06 0.00906159 -5.77454e-06 
1.82565e-05 0.000427543 0.00459576 -0.00390384 -0.000151395 -4.12311e-05 0.00296225 -0.000809038 -2.41924e-05 2.85371e-05 -0.000202474 -5.88201e-05 -0.000808451 -0.00203983 0.00770563 0.208692 -0.000815131 0.000155945 -0.00254046 -7.44746e-05 0.000180473 0.00101578 -0.00089171 -0.0138306 7.42128e-05 -2.62905e-07 0.0029907 -0.00241907 -0.0684064 -0.0824742 0.00093867 0.112023 -0.0174778 -1.10453e-05 0.000396799 0.000163024 2.09775e-06 0.00179884 -8.00729e-06 -0.0691326 -4.77396e-05 -8.04884e-05 9.55818e-05 -0.0401409 -1.96998e-05 0.0443725 -0.00104802 -0.000167506 -0.000665284 -0.000326393 -0.00226596 -7.97491e-05 -8.59307e-07 -1.05487e-07 -0.00100633 -1.02332e-06 -0.000436955 5.63835e-08 -2.06665e-05 -3.94331e-05 4.04617e-07 -0.000309406 0.00807257 1.43016e-06 -0.0536148 -0.000134814 -0.0479297 -0.000366763 0.0133467 4.89955e-06 -0.000868198 0.00248853 -0.000174451 -0.00082902 -0.0137163 -0.000670946 -0.00715574 -3.16812e-05 -0.000312277 0.00127977 -1.42489e-05 -0.000164001 0.000544554 -0.0100578 -0.00058682 -4.57723e-06 0.00310714 0.00136235 -0.00951819 -1.44524e-07 -1.76057e-06 2.81387e-05 0.000340491 -0.000926496 -3.3949e-05 -0.000311762 -6.92508e-06 -2.78537e-05 0.0411154 -9.32945e-05 
-1.47856e-07 1.07704e-06 -4.55652e-06 2.10751e-05 -4.02178e-07 -5.03735e-09 -0.000413288 -3.23668e-06 -7.44153e-08 -2.04984e-07 -2.85283e-05 -1.63162e-07 -4.94251e-07 1.10001e-06 -6.42324e-05 -0.000815131 0.00167723 1.23784e-05 -1.0278e-05 -1.29697e-08 -1.34468e-06 -3.9555e-06 -3.98633e-07 0.000142245 -1.90478e-06 -2.3252e-08 -2.23636e-05 -1.19634e-05 0.000215491 -0.000454065 -9.73464e-06 -0.000367982 7.34309e-06 -2.93338e-08 -2.28639e-06 -1.84073e-05 -4.32783e-08 -2.77901e-05 3.28792e-07 8.14859e-05 2.68869e-07 -2.2356e-07 1.13578e-05 -4.73415e-05 -4.90857e-08 0.000299088 -4.22156e-06 1.28127e-06 -3.34976e-06 1.32062e-06 -3.02245e-05 -2.06647e-07 -3.43852e-09 -2.52008e-10 -3.25955e-06 -1.81166e-08 -1.78055e-06 -3.19211e-10 -7.51657e-08 -1.02567e-07 -8.31068e-09 -7.9311e-07 -5.15578e-05 -8.71949e-09 -0.000135814 -6.10863e-07 0.000274701 1.01139e-06 4.2842e-05 -3.84016e-08 -1.34076e-06 -2.73625e-05 -3.0447e-06 -4.05648e-06 -6.52023e-05 -3.21706e-06 -1.32629e-05 1.84313e-07 1.82724e-06 -9.50811e-06 -8.84942e-08 4.38421e-06 -6.01615e-06 9.79694e-05 1.58831e-05 1.51042e-07 -2.503e-05 -5.25738e-05 1.70027e-05 9.68483e-08 -5.12977e-09 -1.03747e-05 -1.37702e-05 -2.56106e-06 -8.89086e-08 2.53409e-07 -7.35697e-08 1.86354e-06 -0.000150707 -2.26035e-07 
-1.81366e-05 5.16149e-05 0.00659292 -0.00026524 -0.000229857 -6.41583e-05 0.00127887 -0.00270985 -4.39158e-05 -5.00968e-05 -2.18983e-05 -9.6289e-05 -0.00140886 -4.94183e-05 0.000343416 0.000155945 1.23784e-05 0.00844991 -9.10223e-05 -0.000164112 -0.000782305 0.00270711 -0.00161008 -0.00279078 -0.000965987 -1.36287e-05 -0.00385916 -0.00266426 0.00395286 0.00243841 -0.00313233 -0.000155744 0.000173957 -6.7863e-08 -0.00100467 0.0039205 -1.98071e-05 0.00299537 -8.99084e-07 0.000914698 -1.15664e-05 -0.000101699 0.00549908 -0.000620944 -2.8671e-05 0.00109934 -0.00246029 -0.000334642 -0.00184991 2.56273e-06 -0.00215107 -0.000120572 -1.95589e-06 1.27838e-09 -0.00285785 -5.8381e-06 -0.000440545 -1.88381e-07 -3.47203e-06 -6.03597e-05 -5.21175e-07 -0.00045324 -0.0040301 4.4232e-08 -4.31396e-05 -0.000207031 7.20807e-05 -0.000547379 0.00372613 -2.23653e-06 -0.00193504 0.0020665 -0.000246227 -0.00331581 -0.00591978 -0.00192789 5.38813e-05 -1.58606e-06 -0.000624672 -0.00192958 -5.13278e-05 2.81463e-06 -0.000215742 0.00110555 -5.95098e-05 -0.000104694 -0.00202492 0.00536132 4.70082e-05 -6.20436e-07 -2.89398e-06 0.00653048 -0.00137677 -0.00150892 -4.9149e-05 4.42022e-06 -2.04535e-05 -4.50554e-05 0.000347162 1.16623e-07 
3.17889e-07 -8.03061e-05 -0.00299969 0.000811441 1.56982e-06 2.70468e-08 0.000761464 -2.13357e-05 -9.13837e-08 -6.09371e-07 -4.1564e-05 -6.68116e-07 6.75219e-06 0.0007725 -0.00029291 -0.00254046 -1.0278e-05 -9.10223e-05 0.0068322 1.79645e-05 -5.50621e-06 -1.07014e-05 -1.11916e-05 -0.000149169 8.53932e-06 -9.52126e-08 -9.1371e-05 0.00122283 0.00106684 0.00340103 -3.84539e-05 -0.00339076 0.00205059 1.29884e-07 -9.72404e-06 7.27947e-05 5.4945e-07 2.5156e-05 5.56491e-07 0.00249955 -4.3917e-07 2.90579e-05 1.15784e-05 -0.000624022 2.92337e-07 -0.00144189 -1.28665e-05 -2.32886e-06 -3.09347e-06 6.04821e-05 1.98395e-05 3.53049e-06 -1.40801e-08 -1.03193e-09 -1.7829e-05 1.19149e-07 0.000101374 -1.30711e-09 1.4221e-07 -3.96662e-07 3.72636e-07 8.85694e-07 -0.000219067 -3.57047e-08 -0.0019222 -1.00137e-06 -0.000484583 -3.79581e-06 -0.00296612 -2.57534e-07 -1.27541e-05 -0.000987457 -5.5608e-05 -1.62106e-05 -8.94116e-05 -8.66181e-06 0.000849089 3.51201e-05 1.5028e-05 2.61417e-05 1.25576e-05 -2.77802e-06 0.000286442 -0.000741084 -2.61417e-06 9.53039e-08 -3.75619e-05 4.5668e-05 0.00168588 -2.6555e-08 -2.10055e-08 -5.93145e-05 0.000180286 -5.33708e-06 -3.44064e-07 -3.42905e-06 5.10541e-06 -3.1311e-07 -0.00344979 3.66578e-05 
1.08659e-06 8.88893e-07 -0.000162259 3.49639e-06 -4.55435e-08 1.11471e-06 3.94071e-05 1.15548e-05 4.29849e-05 -2.32128e-08 -3.32535e-06 -1.84768e-08 0.000154154 -2.26937e-06 -4.82579e-06 -7.44746e-05 -1.29697e-08 -0.000164112 1.79645e-05 0.000190217 3.93773e-06 -0.00012921 9.0683e-06 1.72298e-06 9.93465e-05 -2.63311e-09 8.70467e-05 9.59995e-05 -0.00010623 -9.4829e-06 5.65119e-06 -9.44799e-05 3.20199e-06 2.43345e-07 -2.72882e-07 -0.0001643 4.05099e-07 -8.47121e-05 2.79427e-06 -1.74013e-05 -1.74919e-08 1.71468e-06 -0.000165798 -1.4997e-05 2.67811e-05 -3.04166e-05 1.02919e-05 3.68929e-07 0.000148257 3.213e-07 8.42378e-06 4.93933e-05 -3.89385e-10 -2.8538e-11 6.31788e-05 6.46151e-08 1.38289e-05 -3.61481e-11 1.28155e-07 -1.1615e-08 5.23922e-08 1.11202e-05 -5.23468e-06 -9.87415e-10 -5.22751e-05 4.30825e-07 -9.07917e-06 1.10415e-05 -0.000167163 4.06802e-08 1.33181e-06 -2.07782e-05 2.62675e-05 0.000124533 0.000153082 3.44883e-06 -1.10506e-06 5.64762e-07 5.01706e-07 0.00014863 3.32533e-05 3.18979e-08 7.65951e-05 0.000123748 -1.11935e-07 -2.25304e-08 -1.94647e-06 -0.000162047 2.22442e-06 -7.34378e-10 -5.80907e-10 -0.000161358 -1.69487e-06 5.57433e-05 1.20199e-05 6.72736e-07 7.77167e-06 -8.65906e-09 -7.66521e-05 3.44033e-08 
2.62895e-07 -1.0406e-05 -0.000773299 -2.28036e-05 5.58403e-07 1.95668e-07 -0.00032325 0.000218309 2.84549e-07 4.18823e-05 -5.42942e-06 9.4227e-07 2.86437e-05 -9.54702e-06 -3.0286e-05 0.000180473 -1.34468e-06 -0.000782305 -5.50621e-06 3.93773e-06 0.000799736 -6.99882e-05 5.10713e-05 0.000191056 0.000108841 1.28923e-07 0.000424974 0.000538644 -0.000504463 -0.000368224 0.000621583 0.000311051 -2.05129e-05 -1.39746e-08 7.97987e-05 -0.000731579 2.32716e-07 -0.000146354 6.56325e-09 -8.93572e-05 1.97467e-08 5.90163e-07 -0.000785016 -7.56459e-05 1.59949e-07 -4.08795e-05 6.39722e-05 9.70572e-06 6.575e-05 -3.87177e-07 3.47042e-05 1.81155e-06 -1.6381e-09 -1.20056e-10 6.63398e-05 1.24703e-07 2.59122e-06 -1.52072e-10 3.00858e-07 1.33447e-06 4.93741e-08 6.8455e-06 0.000666226 -4.15395e-09 0.000329615 6.98986e-07 -7.00144e-05 4.74428e-06 -0.00058841 -5.32304e-08 5.7267e-05 -0.000173426 -1.58656e-06 0.000100916 0.000746206 9.52785e-06 -1.04964e-05 -3.6057e-08 2.75879e-05 0.000302057 3.32117e-06 -3.42591e-07 -1.69771e-07 -0.000137399 -1.07538e-06 1.15217e-07 0.000611197 -0.000520124 -1.13659e-05 -3.08945e-09 4.17556e-07 -0.000769365 0.000162031 4.00266e-05 2.37644e-07 -5.49411e-07 3.11618e-07 1.88024e-06 0.000159833 -1.07683e-07 
-1.58779e-05 -4.69683e-06 0.00274525 2.41797e-05 -0.000224716 -6.41691e-05 0.00063758 -0.00204322 -4.18947e-05 -5.56303e-08 3.68279e-05 -9.68054e-05 -0.00138749 -3.00775e-05 8.39718e-05 0.00101578 -3.9555e-06 0.00270711 -1.07014e-05 -0.00012921 -6.99882e-05 0.00319468 -0.00162341 -0.00232351 -0.000202401 -1.37023e-05 -0.00180015 -0.000173129 0.00130658 0.00110284 -0.00124365 0.00137305 -4.4429e-06 -4.20708e-07 -0.000143416 0.00261264 -3.85744e-06 0.00265028 -2.55954e-06 0.000179202 -7.85867e-06 -6.42135e-05 0.0027182 -0.000292295 -2.80397e-05 0.000730103 -0.00227698 -0.000334832 -0.00152752 -2.49463e-05 -0.00206594 -0.000121806 -6.86774e-07 4.80743e-10 -0.00263512 -3.21066e-08 -0.000176361 -1.89391e-07 -5.27994e-06 -5.74777e-05 -1.07479e-07 -0.00045323 -0.000425441 1.66337e-08 0.000495413 -0.000202021 0.000157477 -0.000546832 0.00159748 -4.80183e-07 -0.00191861 0.00180642 -5.7437e-05 -0.0026482 -0.00189233 -0.00184046 4.1301e-05 -3.85617e-07 -0.000375578 -0.000285231 -1.67479e-05 1.11184e-06 -0.000152648 0.000335736 -5.68168e-05 -0.000103977 4.35982e-05 0.00269491 -3.96529e-05 -6.40962e-07 -2.59688e-06 0.00268503 -2.03229e-05 -0.00143897 -4.85037e-05 7.23341e-07 -1.2913e-05 -4.11075e-05 0.000881745 -9.12139e-07 
1.80938e-07 -1.12659e-05 -0.00159278 -4.13427e-05 0.000213604 5.69402e-05 -0.000857135 0.00160335 4.59666e-06 -5.53668e-08 -2.69156e-05 9.55759e-05 0.000949594 -1.81516e-05 -6.73612e-05 -0.00089171 -3.98633e-07 -0.00161008 -1.11916e-05 9.0683e-06 5.10713e-05 -0.00162341 0.00165313 0.00154819 -9.83891e-07 5.85042e-06 0.00111139 -1.08109e-05 -0.00071363 -0.000746599 0.000618174 -0.000821315 -5.38142e-05 -2.89116e-08 6.30683e-05 -0.00153345 2.58068e-06 -0.00162183 -2.09027e-08 -0.000205021 7.11776e-06 5.60297e-05 -0.00160993 -4.77247e-05 7.13495e-06 -0.000380661 0.00158536 0.000326049 0.000635199 -5.81019e-07 0.00148044 5.85497e-05 6.89944e-07 -2.48381e-10 0.00160284 -1.78559e-08 9.13721e-05 1.66352e-07 -7.40839e-08 5.60989e-05 -8.19107e-09 0.000426298 0.000238849 -8.594e-09 -0.000566771 0.000180565 -0.000100022 0.000529625 -0.00134432 -1.10127e-07 0.00155366 -0.00155912 -3.54383e-06 0.0016128 0.000853268 0.00136241 -2.17158e-05 -7.45972e-08 0.000372175 5.2997e-06 -8.72205e-08 -7.08776e-07 -7.39539e-06 -0.000274739 2.79985e-05 8.26506e-05 -2.59452e-05 -0.00159781 -2.39317e-05 4.53608e-07 9.74944e-07 -0.00159856 -1.00382e-05 0.00115445 4.11124e-05 -1.06666e-06 4.04156e-07 4.1178e-05 -0.000743081 -2.22782e-07 
-1.13144e-06 -0.000368199 -0.00392777 0.00122043 0.000224061 5.73762e-05 -0.0074199 0.00204393 -1.88847e-07 1.09714e-06 -0.00036386 9.38376e-05 0.0011177 -0.000200591 -0.00140928 -0.0138306 0.000142245 -0.00279078 -0.000149169 1.72298e-06 0.000191056 -0.00232351 0.00154819 0.0326238 -6.51106e-07 1.00794e-05 0.00119126 8.77871e-08 0.00483617 0.000709887 0.0017779 -0.00984642 0.00150413 4.92715e-06 0.000255796 -0.00306225 2.73691e-06 -0.00295505 -1.16212e-07 -0.0031106 8.34575e-06 9.72405e-05 -0.00294064 -0.0026371 8.102e-07 -0.00417212 0.00234489 0.000320507 0.00114517 2.2927e-05 0.00345171 7.47204e-05 6.17563e-07 -5.06458e-09 0.00227738 -8.07535e-08 5.8388e-05 1.83585e-07 -1.17393e-06 5.32587e-05 -1.67018e-07 0.000420944 -3.01703e-05 -1.75234e-07 -0.00222883 0.000195214 0.00657571 0.000514171 -0.00394891 -8.25521e-07 0.0017543 -0.00167473 0.0002127 0.002262 0.00157737 0.00168272 -0.000203375 -1.11773e-06 0.000349754 -0.000312853 -8.01788e-07 -1.12722e-05 -5.39218e-05 0.0057439 0.000301137 9.66516e-05 -0.00034388 -0.00311736 0.00143859 5.23005e-07 2.91357e-06 -0.00293134 -8.8638e-05 0.00139228 3.48466e-05 -1.50302e-05 2.26481e-06 3.97166e-05 -0.00753336 -4.37259e-06 
1.0783e-05 -1.4356e-05 -0.000968067 0.000173963 -2.72828e-07 1.00839e-06 -0.000258866 3.07178e-05 2.36229e-05 8.22761e-06 -1.42472e-05 -1.10685e-07 0.000174009 -1.12514e-05 -3.70172e-05 7.42128e-05 -1.90478e-06 -0.000965987 8.53932e-06 9.93465e-05 0.000108841 -0.000202401 -9.83891e-07 -6.51106e-07 0.00113841 4.6756e-07 0.000170601 0.000930931 -0.000622344 -0.00014176 0.000100738 2.34872e-05 -3.2811e-05 6.76727e-09 0.000171845 -0.000413626 9.05731e-06 -0.000126638 5.18946e-07 -5.16774e-05 1.96188e-06 -1.51658e-07 -0.000990688 -6.83576e-05 1.513e-05 0.000165756 1.47062e-05 -3.85816e-07 0.000309696 -5.37995e-07 -1.27295e-05 8.44315e-06 -2.33261e-09 -1.70957e-10 0.000186232 2.86104e-06 7.17324e-05 -2.16546e-10 -5.09908e-08 1.37375e-06 2.67696e-07 1.59953e-05 0.000628348 -5.91511e-09 1.80239e-05 -2.91063e-07 -9.98228e-05 1.00034e-05 -0.000811923 2.34753e-06 1.72911e-05 -4.94938e-05 0.000232084 0.000439391 0.00097439 8.34932e-05 7.18667e-05 5.05323e-07 4.65869e-06 0.000800656 3.70266e-05 -4.87839e-07 0.000160439 6.98729e-05 2.63104e-06 4.45031e-07 0.000116214 -0.000847848 3.71952e-06 -4.39929e-09 -3.47992e-09 -0.000964314 1.25884e-05 1.5556e-05 1.02302e-06 1.30989e-07 4.66759e-07 2.04813e-06 -4.66038e-05 -4.00037e-08 
-1.21801e-09 3.32685e-08 -1.34922e-05 -3.93204e-07 1.07669e-06 -1.11241e-09 -6.20056e-06 1.20555e-05 -6.1302e-10 -1.68862e-09 -2.41903e-07 -1.34409e-09 8.46614e-07 -1.65086e-07 -5.94021e-07 -2.62905e-07 -2.3252e-08 -1.36287e-05 -9.52126e-08 -2.63311e-09 1.28923e-07 -1.37023e-05 5.85042e-06 1.00794e-05 4.6756e-07 1.38398e-05 1.47686e-06 1.06739e-06 -8.24847e-06 -6.20864e-06 1.18983e-05 -5.79805e-06 -4.63242e-07 -2.41646e-10 1.01668e-05 -1.09728e-05 -3.56518e-10 -1.34518e-05 -1.74707e-10 -1.73992e-06 -1.27245e-09 -1.84164e-09 -1.36357e-05 5.45464e-06 -4.04359e-10 -3.20757e-06 1.34819e-05 4.73531e-06 2.8877e-07 -6.69501e-09 1.26393e-05 -1.70232e-09 -2.83259e-11 -2.076e-12 1.37003e-05 -1.49241e-10 -1.68097e-08 -2.6296e-12 -6.19202e-10 -8.44932e-10 -6.84619e-11 3.668e-07 1.11991e-05 -7.18296e-11 -4.69483e-06 3.84968e-07 -1.24267e-06 1.1235e-07 -9.8343e-06 -9.20452e-10 1.2873e-05 -1.32107e-05 -1.20695e-07 1.35798e-05 2.24289e-06 1.36028e-05 -1.81503e-07 -6.23492e-10 4.86303e-07 -1.4184e-07 -7.28999e-10 -5.92403e-09 -6.33995e-08 -2.5096e-06 7.30665e-08 5.71503e-06 -2.24041e-07 -1.35486e-05 -2.01667e-07 -5.34224e-11 -4.22581e-11 -1.34249e-05 -3.46901e-08 2.1189e-06 -7.32413e-10 -9.50033e-09 -6.06054e-10 -6.29905e-10 -1.0022e-05 -1.86203e-09 
-2.92008e-07 -0.000197876 -0.00374363 0.000767371 -1.50994e-06 8.80216e-06 -0.00266793 0.00193484 3.13512e-05 1.0741e-05 -0.000190207 2.6351e-05 0.000955606 -0.000183316 -0.000618733 0.0029907 -2.23636e-05 -0.00385916 -9.1371e-05 8.70467e-05 0.000424974 -0.00180015 0.00111139 0.00119126 0.000170601 1.47686e-06 0.0151633 0.000801814 -0.00954837 -0.00645982 0.00158189 0.00450564 -0.000503338 -2.68892e-07 0.000379718 -0.0024297 4.83328e-06 -0.00190517 5.89284e-08 -0.00188923 -6.05916e-07 4.43374e-05 -0.00273108 -0.000881856 2.27634e-05 -0.00307305 0.0015417 0.000225013 0.00131087 -7.10653e-06 0.0010505 0.000101126 3.75147e-07 -2.31007e-09 0.00183687 3.06393e-06 0.000277308 1.87074e-07 2.86432e-06 4.22665e-05 -3.61808e-08 0.000334693 0.00126379 -7.99283e-08 -0.000805235 5.67712e-06 -0.00136409 0.000467068 -0.00160981 4.54577e-06 0.00132155 -0.00123079 -1.91468e-05 0.0019577 0.00267621 0.00107847 -0.000188291 -5.3379e-07 0.000651815 0.000668648 6.59214e-06 -5.67862e-06 2.68561e-06 -0.00255396 3.33681e-05 5.84462e-05 0.00486364 -0.00260983 -0.000175392 4.10554e-07 8.63107e-08 -0.00466404 0.000403117 0.00090675 2.51283e-05 -9.75814e-06 1.27589e-05 4.02257e-05 0.00265253 -2.05531e-06 
2.00879e-05 -9.29342e-05 -0.00603175 0.00118382 -2.23609e-06 2.6192e-06 -0.00320269 0.000458121 1.34529e-05 4.34036e-05 0.000225639 -9.07169e-07 0.000161682 0.00157568 -0.000269399 -0.00241907 -1.19634e-05 -0.00266426 0.00122283 9.59995e-05 0.000538644 -0.000173129 -1.08109e-05 8.77871e-08 0.000930931 1.06739e-06 0.000801814 0.00925377 -0.00150277 0.00179832 0.00102077 -0.000987252 0.00394576 3.73572e-07 0.000529362 -0.000794821 1.78694e-05 -1.01002e-05 2.18542e-06 0.00264315 1.92452e-06 -3.16312e-07 -0.00273055 -0.000732622 1.50238e-05 -0.000840065 1.03517e-05 -3.16212e-06 0.000304325 0.000178338 -0.000142496 5.32772e-06 1.26088e-06 -1.40115e-09 0.000111371 4.12927e-06 0.000394278 -1.77479e-09 -4.17917e-07 -3.53603e-07 5.17126e-07 1.46137e-05 0.0027622 -4.84799e-08 -0.00231132 -3.3197e-06 -0.00081939 2.527e-06 -0.00811492 3.83876e-06 -8.34754e-06 -0.00260863 0.000121859 0.000476817 0.00513074 0.000157846 7.48649e-05 7.59585e-06 8.49985e-05 0.00135521 4.47146e-05 -2.6883e-06 0.00020901 -0.000266424 3.7328e-05 -1.46195e-07 0.000858735 -0.00156482 0.0038039 -3.60564e-08 -2.85213e-08 -0.00241791 0.000317464 5.7673e-06 7.39006e-07 2.89461e-06 -2.7571e-07 2.21153e-06 -0.00234126 9.34899e-05 
1.3569e-05 0.00356931 0.00110244 -0.00783168 3.83638e-05 -6.97174e-07 -0.0581525 -0.00136005 -2.79451e-05 -7.06274e-05 0.000379838 -9.13862e-06 -0.00066948 0.00432576 0.00856546 -0.0684064 0.000215491 0.00395286 0.00106684 -0.00010623 -0.000504463 0.00130658 -0.00071363 0.00483617 -0.000622344 -8.24847e-06 -0.00954837 -0.00150277 0.232862 0.0689286 -0.00307073 -0.0556341 0.011809 4.60096e-06 -0.000789782 0.000575556 -1.62123e-05 0.00109395 2.68247e-06 0.0116809 -9.16927e-06 -2.19986e-06 0.00378794 0.0160311 -1.80064e-05 -0.0805206 -0.00115908 -0.000173943 -0.00121621 0.000153728 0.00393873 -7.54254e-05 4.87359e-08 5.53634e-08 -0.00171152 -2.85999e-06 -0.000592301 -1.19873e-07 2.51972e-06 -3.80871e-05 1.10909e-06 -0.000195846 -0.0176984 -1.74776e-06 0.0339728 8.58596e-05 0.0294017 -0.000289822 0.0035151 -7.83977e-06 -0.000939857 -0.00117402 -0.00376371 -0.00192279 -0.0163265 -0.000897536 0.00456971 1.58675e-05 -0.000386031 -0.00582066 -3.29888e-05 -5.42363e-05 0.000765087 -0.0266829 0.00025347 -6.22479e-05 -0.00577532 0.000463846 0.00505207 -2.12532e-06 -1.12638e-06 0.00370983 -0.000689307 -0.000620407 -2.46945e-05 0.000237868 -1.93243e-05 -2.86915e-05 -0.0843502 4.46073e-05 
3.12676e-05 -0.0027818 -0.0026679 -0.00345752 -0.000105856 -2.72961e-05 0.113717 -0.00123721 -1.71861e-05 -5.31514e-05 4.20074e-05 -4.51806e-05 -0.000552955 0.00582105 -0.0190549 -0.0824742 -0.000454065 0.00243841 0.00340103 -9.4829e-06 -0.000368224 0.00110284 -0.000746599 0.000709887 -0.00014176 -6.20864e-06 -0.00645982 0.00179832 0.0689286 0.24879 -0.00124189 -0.181505 0.0162398 -2.56607e-06 -0.000621226 0.00286544 -3.13739e-06 0.00179952 5.35405e-06 0.0323437 -3.32156e-05 -3.21052e-05 0.00178604 0.00556643 -1.14388e-05 -0.0973752 -0.0011101 -0.000157459 -0.000584513 0.000180216 -0.00163042 -5.48653e-05 -6.21493e-08 8.02171e-08 -0.00126 -4.06617e-07 0.000388397 -8.83917e-08 1.15608e-06 -2.83683e-05 8.32048e-07 -0.000204148 -0.0143378 -8.77823e-07 -0.0124179 -1.54189e-05 0.0324987 -0.000255218 -0.0069158 -1.02902e-05 -0.000908103 -0.00187903 -0.00371473 -0.00153865 0.00978474 -0.000788602 0.00219286 2.35552e-05 -0.000292386 -0.00381731 -5.56466e-06 -1.26643e-05 0.000971471 0.0176594 0.000387323 -4.58528e-05 -0.005512 -0.00276324 0.00445773 -1.66575e-06 -1.2738e-06 0.00239179 0.00120569 -0.000700536 -2.04061e-05 -1.92528e-06 -1.15753e-05 -2.1007e-05 -0.117093 6.94827e-05 
1.436e-06 -6.53552e-05 -0.00321707 -0.000214607 8.77527e-05 3.94621e-06 0.000569917 0.00120302 -2.72113e-07 3.78304e-05 0.000125518 7.118e-05 0.000157365 -2.95432e-05 -0.000254876 0.00093867 -9.73464e-06 -0.00313233 -3.84539e-05 5.65119e-06 0.000621583 -0.00124365 0.000618174 0.0017779 0.000100738 1.18983e-05 0.00158189 0.00102077 -0.00307073 -0.00124189 0.00610569 -2.56394e-05 -0.000145682 -1.07264e-07 0.000565982 -0.00242949 3.98175e-06 -0.00156306 3.57828e-08 -0.000625964 -3.21494e-07 5.50825e-05 -0.00301703 -0.000310586 -1.79491e-07 -0.00127188 0.00136296 0.000129427 0.00089476 1.02482e-06 0.00122134 3.08477e-05 7.74093e-07 -9.21514e-10 0.00139864 4.27087e-07 0.000303738 1.88833e-07 4.88476e-07 2.92349e-05 -3.03895e-08 1.03999e-05 0.00158577 -3.18844e-08 -2.34247e-07 9.69763e-05 -0.000364954 8.63772e-06 -0.00145995 6.80876e-08 0.00087922 -0.000839391 -1.08387e-05 0.00139377 0.00269094 0.000879154 -7.45706e-05 -2.76762e-07 9.03465e-05 0.000439669 4.79738e-07 -2.34295e-06 -2.41904e-06 -0.000883746 -5.88292e-06 8.02458e-05 0.000723724 -0.00263727 -4.37913e-05 1.5962e-07 2.17124e-06 -0.00310239 0.000379676 0.000512118 8.62156e-06 -4.2171e-06 2.58765e-06 9.66373e-06 0.000506928 -4.0987e-07 
-1.88376e-05 0.00506059 0.00368842 -0.00294332 -0.000116961 -3.27203e-05 -0.10456 -0.00063767 -2.21404e-05 5.58055e-05 0.000862334 -4.84246e-05 -0.000707681 -0.00468638 0.0187082 0.112023 -0.000367982 -0.000155744 -0.00339076 -9.44799e-05 0.000311051 0.00137305 -0.000821315 -0.00984642 2.34872e-05 -5.79805e-06 0.00450564 -0.000987252 -0.0556341 -0.181505 -2.56394e-05 0.25 -0.0126279 -7.39421e-06 0.000562574 -0.000301419 -6.07637e-06 0.00168742 -5.87989e-06 -0.049942 -2.1517e-05 -6.55179e-05 0.00048768 -0.0315729 -1.45909e-05 0.0709538 -0.00122768 -0.000168952 -0.000898288 -0.00023664 0.000296236 -6.12427e-05 -8.3045e-08 -7.49789e-08 -0.00130388 1.10652e-06 -0.000337789 -9.49732e-08 2.38297e-06 -3.03764e-05 -8.72636e-07 -0.000231997 0.0149577 -1.67602e-07 -0.00961428 -0.000162057 -0.0422188 -0.000276024 0.00568831 9.47604e-06 -0.000962833 0.00193999 0.00279646 -0.00101444 -0.012316 -0.000860704 -0.00376504 -2.25187e-05 -3.89322e-05 0.0015389 -1.95292e-05 -0.000125391 -0.0011324 -0.0480622 -0.000386879 -5.22216e-05 0.00598833 0.00458696 -0.00605187 7.80544e-07 -1.52624e-06 -0.000324957 -0.000952389 -0.000761714 -2.60192e-05 -0.000105433 -1.65497e-07 -1.87369e-05 0.0869021 -6.72077e-05 
