0.00452802 -0.000104853 0.00260577 3.45164e-05 -1.16256e-05 0.00202487 0 0.002027 0.00239122 -4.53855e-08 2.72408e-06 -6.91582e-05 -1.5512e-05 -0.0020215 -1.40117e-05 -0.000196845 -0.000307679 0.0034012 -0.00294334 -0.00143335 0.00142597 0.000864411 -0.00113017 -3.60014e-06 -0.00289899 -5.03638e-05 0.000233645 0.000452224 0.000650825 -1.46154e-05 1.04914e-06 -0.000101783 0.000893258 3.44815e-07 0.00206978 0.00363498 -0.00194634 -2.69011e-07 0.000101096 1.48252e-07 6.50846e-07 0.000456189 1.52989e-05 -6.51981e-10 -0.000254654 -4.06345e-06 -1.25854e-06 0.00160319 -0.000500195 -0.00177543 -4.3628e-05 6.84556e-06 -1.63449e-05 -1.77514e-06 2.23119e-05 -1.42359e-06 -0.00273604 -4.80343e-08 -0.000594816 -3.02162e-05 0.000205889 -0.00014573 -0.000144975 -0.00299225 0.000891844 -0.00247922 -1.03257e-09 -0.000290989 3.35039e-06 1.70768e-06 -5.69409e-06 3.34071e-06 0.000101511 -0.0022855 5.6527e-05 2.99556e-05 -5.29841e-05 -8.69676e-06 -0.000596812 -1.16538e-07 1.86451e-06 -6.73512e-08 5.45092e-06 -0.00103374 0.00223352 4.42024e-06 -2.51164e-06 -2.97067e-06 -1.21883e-07 3.05441e-06 -0.000148189 -0.000444606 9.21457e-06 -0.000933015 -0.00106507 -4.81915e-08 8.63191e-06 -0.00061587 -3.55801e-06 -0.000531131 
-0.000104853 0.0242264 0.0138808 2.26917e-05 -2.97474e-05 0.01013 0 0.011521 -0.000777146 -6.30199e-07 -6.68368e-06 0.00630277 -5.13367e-05 -0.0197146 -0.000101675 0.00640563 -0.00098483 -5.40717e-05 0.00399851 -0.0169729 0.0141409 -0.0015294 0.0135634 -6.78703e-05 8.03164e-05 -0.000147453 0.00933675 0.00229441 -0.000257168 -6.71515e-05 -3.07652e-06 0.000118369 -0.00224077 -2.43891e-06 0.000590291 0.000488137 -0.0181663 0.00020138 -0.00032507 9.39129e-08 -3.99267e-06 -0.000791497 5.76938e-06 -3.56092e-09 -0.00130364 -2.21699e-05 -7.83289e-06 -0.000855345 -0.00100318 -0.00981846 -3.86741e-05 -6.29602e-06 -0.000111585 -7.77653e-06 4.63039e-06 -7.00802e-06 -0.0159027 -2.62348e-07 0.0152778 0.000265909 -8.70305e-05 -0.00036777 -0.000792588 -0.0159818 -0.0168751 -0.0144844 -1.33079e-07 0.00350434 -3.18488e-06 -1.96066e-06 -3.26104e-05 -4.72015e-06 -0.00110574 -0.0142862 0.00123861 -1.89655e-06 0.000112219 -6.74109e-05 -0.00345463 -3.2316e-07 -1.75363e-06 -1.41184e-07 -4.92916e-06 0.0175381 -0.000823005 -2.7527e-05 -2.30983e-05 2.64475e-05 -6.66975e-07 -3.96685e-06 -0.000639537 -0.00243115 -2.30501e-05 -0.0115745 0.0168881 4.13205e-06 -3.5973e-05 0.00238916 2.76806e-05 3.77695e-05 
0.00260577 0.0138808 0.243448 0.000300911 0.000835268 0.174339 0 0.180862 0.0346311 -1.062e-05 6.08401e-05 0.0112948 0.00165266 -0.0840093 -0.00138344 0.00223402 0.0381469 0.016879 0.00969886 -0.084404 0.108332 0.00422502 0.0265227 0.00106648 -0.028021 -0.00293084 0.0708625 0.0326235 0.00606291 -0.00125258 -2.66999e-05 -0.00353578 -0.0259686 -2.37801e-05 0.0221025 0.0281433 -0.107156 0.000120967 0.00606588 9.58405e-05 4.2965e-05 0.0191532 -8.03975e-06 8.32691e-08 -0.0129488 -0.000197338 -0.000158107 0.020917 -0.0183309 -0.160222 -0.000490797 -0.000105868 -0.00120869 0.000189573 0.00010769 -6.56528e-05 -0.0912766 -4.08853e-06 0.0757539 -0.00121347 0.00212296 -0.00945403 -0.0122744 -0.157152 -0.0630033 -0.121178 3.01194e-06 0.0143197 -1.74628e-05 -7.98496e-06 -0.000528526 2.52045e-05 -0.00534527 -0.147629 -0.00487054 9.80355e-05 0.000575704 0.00132297 -0.0499369 1.19505e-05 4.34161e-05 -3.70144e-06 -1.36729e-05 0.0486659 0.0131122 -0.000227935 -0.000348689 0.000352 1.98248e-05 0.000340992 0.0175584 -0.0298634 0.00151232 -0.142281 0.0635773 1.74968e-05 0.000764361 0.0776847 -0.000209208 -0.026087 
3.45164e-05 2.26917e-05 0.000300911 0.000648905 -1.80077e-06 -4.59523e-05 0 0.0002624 -2.54964e-05 -1.64713e-08 4.37769e-06 4.19745e-05 -2.22004e-06 1.2549e-05 -1.62152e-06 -1.62965e-05 -3.90871e-05 0.000354817 -5.26126e-05 6.35854e-05 0.000226172 0.000376254 5.09658e-05 -2.07911e-06 -0.000234245 -1.53783e-06 1.66363e-05 3.21031e-05 1.77916e-06 -1.94755e-06 3.02449e-07 7.75758e-05 5.7401e-05 -2.59192e-08 4.26121e-06 2.5098e-05 -5.07034e-05 5.85032e-07 -2.57923e-06 2.26223e-06 2.90307e-05 -2.61458e-05 -4.4298e-08 -9.30702e-11 6.19768e-06 -5.80056e-07 -2.68109e-07 -2.84236e-06 -3.05788e-05 -0.000238073 4.8669e-05 2.39668e-06 -2.23795e-06 -2.54828e-07 -1.69112e-07 -2.11306e-07 -0.000365435 -6.85689e-09 0.00010422 -1.27126e-06 -2.58675e-06 -1.99945e-05 -1.97342e-05 -0.000377178 -0.000129493 -0.000281917 -3.47823e-09 2.99398e-05 2.67739e-07 -5.12449e-08 -8.52323e-07 -3.87934e-08 -2.49858e-05 -0.000160251 4.236e-05 9.20043e-06 3.18016e-05 -1.48766e-06 -8.53055e-05 -1.66357e-08 -5.55044e-08 -9.61436e-09 1.81927e-05 -0.000119535 -3.85932e-06 -4.94568e-07 3.25464e-07 2.16356e-06 -2.50121e-08 2.50093e-06 -1.89329e-05 -6.12096e-06 -1.19234e-06 -0.000234886 -5.87601e-05 7.97674e-09 -5.85572e-07 -0.000195653 1.83876e-06 -5.68914e-05 
-1.16256e-05 -2.97474e-05 0.000835268 -1.80077e-06 0.00299526 0.0008756 0 0.00129915 0.000105152 3.00046e-06 -2.55964e-06 1.59485e-05 -9.65165e-06 -0.000919155 -8.89565e-06 0.000209873 -0.000166994 -8.70927e-05 8.59225e-05 -0.00113871 0.00124964 -0.000142564 0.000259667 3.90843e-06 -0.000365468 0.000379313 0.000169413 -0.000342905 3.69352e-05 1.46154e-05 -4.79543e-07 -6.12851e-05 -0.000118572 -2.8335e-07 -0.000122365 -0.000137442 -0.000903432 -4.84114e-07 9.77784e-05 1.53414e-07 -5.05802e-07 -6.44948e-05 3.29436e-06 -4.30615e-10 -0.000160985 -2.26046e-06 7.86565e-06 -6.45528e-05 -0.00012056 -0.0011865 6.54284e-05 2.02892e-05 -1.28634e-05 -9.89034e-07 -7.22047e-07 -8.37666e-07 -0.00103151 -3.17253e-08 0.00049808 9.30852e-05 -9.81832e-06 0.000324349 -9.59508e-05 -0.00120882 -0.00106235 -0.00157069 -1.6093e-08 0.00133375 3.61731e-06 -2.37099e-07 2.31798e-05 1.25147e-06 0.000112418 -0.00152627 -0.000128171 -6.09075e-07 0.000210439 9.68771e-07 -0.000393156 7.39697e-07 1.25653e-06 -4.44835e-08 -1.42161e-06 0.00102748 -0.000115146 -1.1043e-06 -1.2679e-06 1.8457e-05 1.86761e-06 2.41528e-05 0.000368799 0.000202138 4.65428e-08 -0.00129903 0.00108451 2.62491e-07 -7.35463e-08 0.000243945 -2.00997e-06 0.000326232 
0.00202487 0.01013 0.174339 -4.59523e-05 0.0008756 0.223666 0 0.144901 0.0404697 -8.14356e-06 -0.000160147 0.0116093 0.00217773 -0.0933048 -0.000773084 -0.0117401 0.0431226 0.0132386 0.0036347 -0.0825233 0.0987046 -0.0012058 0.0203287 0.000968112 -0.0364579 -0.00254024 0.07607 0.0346096 0.00622093 -0.00110118 -6.70518e-05 0.000661068 -0.0253074 -1.67902e-05 0.025896 0.0315368 -0.109368 6.34242e-05 0.00664608 0.000118972 -1.70565e-06 0.0242866 -2.57534e-05 9.49264e-08 -0.00986145 -0.000193354 -0.000145851 0.0249327 -0.0238594 -0.120343 -0.00332013 -9.52513e-05 -0.00119387 0.000238637 9.13813e-06 -5.05828e-05 -0.0773485 -3.31968e-06 0.0693602 -0.00193236 0.00260346 -0.0096901 -0.0100099 -0.155204 -0.0560767 -0.120505 2.3376e-06 0.00979144 -1.22486e-05 2.90669e-05 -0.000418044 3.73448e-05 -0.00811173 -0.143038 -0.00733757 7.09099e-05 -0.00192145 0.00159625 -0.0298953 1.35409e-05 3.74648e-05 -4.35388e-06 -4.51143e-06 0.0445847 0.0144192 -0.00031387 -0.000295817 0.000344243 1.51276e-05 0.000259034 0.0204458 -0.0333897 0.00163096 -0.124057 0.0558208 2.36564e-05 0.000545977 0.0894263 -8.67644e-05 -0.0291708 
0 0 0 0 0 0 0 0 0 0 0 0 0 0 0 0 0 0 0 0 0 0 0 0 0 0 0 0 0 0 0 0 0 0 0 0 0 0 0 0 0 0 0 0 0 0 0 0 0 0 0 0 0 0 0 0 0 0 0 0 0 0 0 0 0 0 0 0 0 0 0 0 0 0 0 0 0 0 0 0 0 0 0 0 0 0 0 0 0 0 0 0 0 0 0 0 0 0 0 0 
0.002027 0.011521 0.180862 0.0002624 0.00129915 0.144901 0 0.249295 0.0280384 2.00995e-06 5.30394e-05 0.00937606 0.00161807 -0.078778 -0.00131402 0.00251994 0.0324797 0.0145414 -0.0565704 -0.145208 0.157071 0.00137389 0.0832933 0.00128043 -0.0233992 0.00533135 0.0599158 -0.0483978 0.00489932 0.00172765 0.000142369 -0.000394428 0.0402835 -3.17333e-05 0.0220063 0.0228388 -0.112683 0.000125147 0.00720143 6.55002e-05 4.02274e-05 0.0162153 0.000129728 -7.54716e-08 -0.0118265 0.000422576 -0.000115476 0.018317 0.0505802 -0.206246 -0.00277499 0.000143766 -0.00110032 0.000185797 5.58192e-05 -0.00010247 -0.149764 -4.79699e-06 0.0626107 0.00332127 0.00143831 0.00653394 -0.0116514 -0.123988 -0.127333 -0.17158 2.53614e-06 0.0298545 5.99107e-05 -9.02833e-06 0.000327412 9.01666e-05 -0.000998458 -0.199145 0.0689861 4.57242e-05 0.00695657 0.00134547 -0.063095 8.93656e-06 6.95086e-06 6.64028e-06 -4.44113e-05 0.109814 0.00571199 -0.000303303 -0.000434874 0.000310858 1.77875e-05 0.000269235 0.0153901 0.047014 0.00125052 -0.199136 0.126816 -3.91905e-06 0.000604609 0.0199193 0.000354601 0.0549231 
0.00239122 -0.000777146 0.0346311 -2.54964e-05 0.000105152 0.0404697 0 0.0280384 0.0678098 1.53411e-06 -2.72036e-05 -0.000169713 0.000782491 -0.05227 -8.54603e-05 -0.00199592 0.00434928 0.018378 -0.0135769 -0.0406326 0.0326499 -0.00413356 -0.0151608 -0.000422802 -0.0323865 -0.000370552 0.0221147 0.00752208 -0.000380851 -0.000263091 -2.47672e-05 -0.00108419 -0.00654568 6.54903e-05 0.0280833 0.0251558 -0.0508497 -1.64321e-05 0.00331525 5.14613e-05 1.85903e-06 0.0157731 7.88976e-05 1.32847e-07 -0.00435735 -3.26675e-05 -2.13062e-05 0.0187635 -0.00653985 -0.0245306 -0.000860077 4.08966e-05 -0.000113732 -1.9116e-05 0.000156125 -1.94821e-05 -0.0277311 -2.82596e-07 0.0178594 -0.000136138 0.0028594 -0.00170875 -0.00226085 -0.0482147 -0.0126713 -0.0330863 -1.88574e-07 0.00990322 1.64524e-05 6.47935e-06 -9.47784e-05 1.00222e-05 0.000446378 -0.0353908 0.0101814 0.000164028 -0.000616464 -0.000150664 -0.00151398 1.12589e-05 5.72194e-05 -1.00329e-06 0.000127017 0.0069153 0.0243075 0.000438935 -5.66236e-05 0.000135901 1.38551e-05 6.13611e-05 -0.000230523 -0.0067702 -0.000120391 -0.0117383 0.00694374 -1.07623e-05 4.48693e-05 0.0175582 -3.14146e-05 -0.00856226 
-4.53855e-08 -6.30199e-07 -1.062e-05 -1.64713e-08 3.00046e-06 -8.14356e-06 0 2.00995e-06 1.53411e-06 2.5366e-05 2.04545e-08 1.80666e-06 -8.67285e-08 -9.15531e-06 8.46363e-07 -7.72529e-07 -1.74515e-06 -8.72824e-07 1.09332e-06 -5.75179e-06 -3.86834e-06 2.16336e-06 -2.79312e-06 2.96773e-08 -1.63765e-05 1.23975e-05 -2.18266e-06 -2.04492e-06 -2.66854e-07 1.26858e-07 -9.9313e-09 -4.72848e-07 4.62466e-06 -3.09609e-09 -1.25424e-06 -1.24783e-06 -6.53416e-06 -6.70509e-09 5.72234e-07 -5.1217e-09 -4.27073e-09 -2.60165e-07 7.19076e-07 -3.63589e-12 -7.53777e-07 -2.26606e-08 7.34581e-08 -9.33934e-07 1.64694e-06 -7.29775e-06 -2.42699e-07 8.50768e-06 -5.45661e-08 -9.95515e-09 -6.99723e-09 -8.25491e-09 -8.71845e-06 -2.67872e-10 -2.06165e-06 9.37155e-06 -1.01054e-07 4.32962e-06 7.55614e-06 1.2778e-06 -5.25042e-06 -4.09316e-06 -1.35881e-10 1.59319e-05 -3.34383e-09 1.01331e-07 -3.3297e-08 4.52877e-06 -1.08244e-06 -4.24086e-06 -3.55441e-06 -5.45231e-09 1.48344e-05 -7.29621e-08 -1.48093e-06 -6.49894e-10 -2.16834e-09 -3.75596e-10 -1.20033e-08 7.78641e-06 -1.02168e-06 1.59034e-06 -2.38773e-08 6.96674e-07 -9.77124e-10 -1.58504e-08 -4.18108e-07 -1.60931e-06 -6.71549e-08 -8.19293e-06 6.87447e-06 -5.15764e-09 -4.26695e-08 -1.30115e-05 -1.98419e-08 -1.77382e-06 
2.72408e-06 -6.68368e-06 6.08401e-05 4.37769e-06 -2.55964e-06 -0.000160147 0 5.30394e-05 -2.72036e-05 2.04545e-08 0.00090111 -4.90373e-06 7.213e-06 5.49935e-05 -3.69671e-06 -1.63898e-05 -3.05315e-05 0.000117447 -0.000277401 -0.000140286 0.000250074 -2.59796e-05 -0.000104486 -3.07222e-06 9.72956e-05 -8.27032e-06 -0.00011184 -0.000231353 1.14919e-05 -6.08379e-07 8.56888e-07 -4.88083e-06 5.82769e-05 1.56584e-07 2.87084e-05 -6.77735e-06 3.66882e-05 -2.38402e-07 -7.87053e-06 -3.21043e-08 8.11486e-07 1.40065e-05 1.98678e-06 -1.29276e-10 -5.29541e-05 -8.05706e-07 2.93696e-07 8.0269e-06 0.000319021 -1.75926e-06 -1.28742e-06 1.07214e-07 4.04614e-05 -3.5396e-07 1.63788e-06 1.3316e-07 -0.000223338 -9.52431e-09 -4.37374e-05 -5.16824e-06 -2.9397e-06 3.72802e-05 -2.64386e-05 2.26966e-05 -0.000383576 -0.000192812 -4.8313e-09 -1.8192e-05 -1.18892e-07 3.22154e-07 9.94447e-08 -2.80757e-07 -3.32526e-05 -0.000119943 0.000253187 6.26141e-07 -6.76196e-06 -2.04753e-06 -4.16324e-05 -2.31073e-08 -5.37631e-08 7.49979e-07 -1.63451e-07 -8.49583e-05 -3.73305e-06 -1.13312e-06 9.97698e-07 1.55767e-06 1.78591e-07 1.12643e-06 -2.86156e-05 0.000224461 1.55612e-07 -0.000105162 0.000153954 7.32846e-08 4.22866e-07 -0.000414782 1.14513e-07 0.000201449 
-6.91582e-05 0.00630277 0.0112948 4.19745e-05 1.59485e-05 0.0116093 0 0.00937606 -0.000169713 1.80666e-06 -4.90373e-06 0.0199532 -2.34848e-05 -0.0152363 -8.54846e-05 0.00152921 0.00681237 2.70183e-06 0.00292578 -0.0137552 0.011627 -0.00115255 0.0108614 -3.991e-05 -2.30094e-05 -0.000152203 0.0117463 0.00193927 -0.000156179 -6.48113e-05 -7.12429e-06 0.000268356 -0.00147651 -1.89265e-06 0.000136632 0.00169159 -0.013908 0.00011227 -0.000296405 8.55756e-06 -3.17583e-06 -0.000614285 5.85275e-07 8.70806e-08 -0.00102293 -1.78185e-05 -7.1291e-06 0.000143966 -0.00234567 -0.00803753 -0.000189709 1.64585e-06 -9.21267e-05 -9.83432e-07 -4.27505e-06 -5.54156e-06 -0.0131001 -2.05086e-07 0.00227976 -2.90929e-05 -2.3891e-05 -0.000408496 -0.000647673 -0.0138528 -0.0124091 -0.0121381 -9.91047e-08 -0.000773105 -2.82466e-08 -1.60078e-06 -2.19489e-05 -5.3703e-06 -0.000903177 -0.0117139 -0.000213019 -2.62457e-06 0.000247305 0.000341306 -0.00281839 1.0215e-06 4.57894e-06 -2.74916e-07 -7.08014e-07 0.0129684 -0.000336741 -2.54024e-05 -1.85055e-05 -1.00166e-05 -7.44576e-07 2.19897e-05 -0.000629095 -0.00194536 9.16503e-06 -0.00929116 0.0136765 4.58204e-06 -2.53346e-05 0.00401567 -1.35019e-05 -0.00165018 
-1.5512e-05 -5.13367e-05 0.00165266 -2.22004e-06 -9.65165e-06 0.00217773 0 0.00161807 0.000782491 -8.67285e-08 7.213e-06 -2.34848e-05 0.0034073 -0.002666 -1.44178e-05 -0.000156501 -0.000142053 -5.63967e-05 -0.00239394 -0.000899837 0.00183292 -0.000111141 -0.000639999 -3.27701e-05 -0.00106466 1.36629e-05 -0.000262323 0.000326481 -2.61574e-05 -1.1514e-05 5.54763e-07 0.000837262 -0.000320036 -3.70633e-07 0.00145321 0.00172991 -0.00255102 -8.87064e-07 0.000153439 1.09682e-07 -4.22288e-07 0.00275417 2.36935e-07 -4.90056e-10 -0.000207127 -7.44255e-07 3.87304e-06 0.00298739 -0.000387789 -0.00135458 -4.18795e-05 -1.12097e-06 5.12158e-05 -1.06178e-06 -7.83107e-07 -1.06929e-06 -0.000557576 2.67229e-07 -0.000271415 7.98512e-05 0.00038107 -9.70338e-05 -4.53982e-05 -0.00240963 -0.00218317 -0.00205783 8.35226e-09 -5.18756e-05 4.40593e-05 3.95017e-06 -2.93453e-06 3.26238e-06 -0.000149891 -0.00196733 0.00245336 6.07179e-06 9.50043e-05 1.27263e-06 -0.000368189 1.19072e-07 9.94411e-07 -5.06239e-08 -1.52784e-06 -0.000527614 -0.000115539 1.83896e-05 -2.86159e-06 4.94599e-07 -5.83663e-08 1.68364e-06 0.00113882 -0.000342647 5.01287e-05 -0.0016161 -0.000441903 -2.68494e-07 -4.03779e-06 0.000953368 3.4169e-05 -0.000392479 
-0.0020215 -0.0197146 -0.0840093 1.2549e-05 -0.000919155 -0.0933048 0 -0.078778 -0.05227 -9.15531e-06 5.49935e-05 -0.0152363 -0.002666 0.149409 0.000631576 -0.00986863 -0.0518923 -0.0158223 0.00355309 0.107958 -0.0916156 0.0104646 -0.0253313 0.000162771 0.0238346 -0.00564202 -0.0716655 -0.00699696 0.00135243 -0.00151762 -2.24067e-05 -0.00176006 0.0102513 -6.88872e-05 -0.0286996 -0.0271422 0.122485 -0.000196544 -0.00903319 -9.01202e-05 5.54613e-06 -0.0206663 -0.000119972 -1.17126e-07 0.00706439 -0.000230006 -7.18778e-05 -0.023974 0.00775562 0.0661608 0.00178265 -9.31202e-05 0.000447988 -0.000315768 -0.000173605 5.23601e-05 0.0920263 1.53078e-06 -0.0520454 -0.00386494 -0.00304483 -0.00467192 0.00517114 0.109169 0.0831038 0.0958878 -3.25059e-06 -0.0283712 -0.000105151 -1.78903e-05 7.50095e-05 -0.000133761 0.00506123 0.0956951 -0.0172696 -0.000125887 -0.00389774 -0.00233889 0.0147878 -8.53566e-06 -5.79642e-05 -4.94289e-08 -0.000109205 -0.0766586 -0.0194283 -0.000319361 0.000142761 -0.000214405 -3.03637e-05 -3.5103e-05 -0.0243771 0.0104126 -0.00181985 0.061611 -0.0772993 -3.30779e-05 2.18355e-05 -0.0357748 -0.000175146 0.00756397 
-1.40117e-05 -0.000101675 -0.00138344 -1.62152e-06 -8.89565e-06 -0.000773084 0 -0.00131402 -8.54603e-05 8.46363e-07 -3.69671e-06 -8.54846e-05 -1.44178e-05 0.000631576 0.00419918 0.000433711 -0.000290179 -0.000116841 0.000235157 0.00129185 -0.00147245 -0.000162103 0.00177149 -9.22952e-05 -0.00243892 -4.17359e-05 -0.000539483 0.000414524 -4.07419e-05 -1.53873e-05 -1.36098e-06 0.000485824 -0.000329209 1.18639e-07 -0.000177358 -0.000200357 -0.000311213 -1.11466e-06 -6.3339e-05 1.95857e-06 5.5767e-06 -0.000159977 6.58158e-07 -6.04431e-10 0.000414901 -3.2571e-06 5.92942e-05 -0.000145052 -0.000320195 -0.00151107 0.000136103 -1.49361e-06 0.000130664 -1.65495e-06 2.37234e-05 1.2377e-06 0.00141439 2.13553e-09 -0.000524758 -2.82524e-05 -1.6716e-05 0.000110583 -5.94619e-05 0.00100733 0.000596272 0.00165442 -2.25889e-08 -0.000279607 -5.5588e-07 2.92053e-06 -3.13197e-06 3.28398e-06 0.00186749 0.00173433 -0.000615738 2.24169e-05 -5.90906e-05 -1.02926e-05 -0.000363748 4.15295e-07 -3.60466e-07 -6.24392e-08 -5.68772e-07 -0.000980656 3.74552e-05 2.46584e-05 -2.75604e-06 -2.74946e-06 -1.62437e-07 -2.49164e-06 -0.000137612 -0.000418098 -1.11638e-05 0.00107276 -0.00112745 5.03759e-05 -6.07006e-06 -0.00248728 -2.87186e-06 -0.000473173 
-0.000196845 0.00640563 0.00223402 -1.62965e-05 0.000209873 -0.0117401 0 0.00251994 -0.00199592 -7.72529e-07 -1.63898e-05 0.00152921 -0.000156501 -0.00986863 0.000433711 0.0462277 -0.00203175 -0.000455847 0.00276077 -0.0102989 0.00890235 -0.0010793 0.0133649 -0.00017502 -0.00474901 0.00250248 -0.0047672 -0.0064643 -0.000444075 -5.89233e-06 -9.51623e-06 -0.00102358 -0.00128474 -4.89039e-06 -0.0016617 -0.00182662 -0.00655411 0.000115853 -0.000728182 -9.23035e-06 -6.47037e-06 -0.00193127 4.80853e-07 -6.96436e-09 -0.00152019 1.62682e-05 2.40463e-05 -0.00185892 0.00488161 -0.0148244 6.67569e-05 5.96238e-05 -8.51903e-05 -1.56852e-05 -1.27895e-05 2.84815e-05 -0.00873356 3.23357e-06 0.00432401 0.00067926 -0.000190761 0.00447262 -0.00154347 0.000120061 -0.0118531 -0.00634382 -2.60273e-07 0.00854402 -6.22161e-06 -3.31461e-06 -3.74919e-05 -8.71163e-06 -0.00160076 -0.00551991 0.010918 -5.88029e-06 0.000510361 -0.000115172 -0.00473965 -8.48172e-07 -2.24668e-06 9.67232e-07 9.2649e-06 0.0123773 -0.00194338 -4.68216e-05 -4.55357e-05 1.03631e-05 -1.28163e-06 -2.39139e-05 -0.00157332 0.00635232 -0.000110332 -0.00182084 0.0111645 7.48082e-06 -7.07846e-05 -0.0243956 -3.26728e-05 0.00681241 
-0.000307679 -0.00098483 0.0381469 -3.90871e-05 -0.000166994 0.0431226 0 0.0324797 0.00434928 -1.74515e-06 -3.05315e-05 0.00681237 -0.000142053 -0.0518923 -0.000290179 -0.00203175 0.0641773 -0.00221186 0.00742276 -0.0454599 0.0367644 -0.0041371 0.0154923 0.000204042 0.0132687 -0.000729975 0.0489071 0.00578427 -0.000482212 -7.18238e-05 -2.69062e-05 -0.000222204 -0.00528615 -5.41628e-06 -0.0033374 -0.002501 -0.0419527 -1.6233e-05 0.00383954 -1.22804e-05 -8.77813e-06 2.03083e-05 -1.80488e-05 -9.87974e-09 -0.00224865 0.000126635 -3.39282e-05 -0.000787591 -0.00616298 -0.0272046 -0.000834104 4.73956e-06 -0.000307986 0.000343586 3.52365e-05 -2.17776e-05 -0.0423423 -7.27884e-07 0.024078 -0.000426002 -0.000222063 -0.00209997 -0.0022021 -0.0474274 -0.0455581 -0.0408703 3.69744e-06 0.0065355 -7.73615e-06 -5.38317e-06 -8.5484e-05 1.22868e-05 -0.00300998 -0.0393388 -0.00626237 -1.46988e-05 -0.00099275 0.00200651 -0.00959723 2.01072e-06 -3.32534e-06 -6.07267e-07 -2.51732e-05 0.0479741 -0.00274953 -5.67474e-05 -6.43014e-05 -2.43116e-05 9.72821e-06 -2.67833e-05 0.0201356 -0.00579894 0.000260534 -0.0325338 0.0466891 4.19852e-05 -9.54619e-05 0.0195865 -5.13727e-05 -0.0067748 
0.0034012 -5.40717e-05 0.016879 0.000354817 -8.70927e-05 0.0132386 0 0.0145414 0.018378 -8.72824e-07 0.000117447 2.70183e-06 -5.63967e-05 -0.0158223 -0.000116841 -0.000455847 -0.00221186 0.0340801 -0.0115986 -0.0129535 0.0176345 0.00469206 -0.00873122 -0.000330682 -0.0148192 -0.000119071 -0.000440996 0.00105984 0.00152768 -0.000127799 2.71867e-06 -0.000718835 7.92366e-05 1.71475e-06 0.0168846 0.0182529 -0.0137609 -7.42484e-06 0.00199557 7.30343e-07 6.51888e-05 0.00461241 4.40209e-06 -5.0637e-09 -0.00161907 -2.99027e-05 -6.91894e-06 0.0085591 -0.00208827 -0.012872 -0.000298424 -3.24621e-06 -0.000150285 -1.31812e-05 8.36383e-05 -8.09327e-06 -0.0212384 -3.73065e-07 -0.00261362 -0.000191245 0.000191745 -0.000988891 -0.0011159 -0.0208452 0.000309491 -0.01896 -2.92412e-08 -0.000387728 4.38971e-06 6.05524e-06 -3.9036e-05 1.11395e-05 -0.000849364 -0.0180074 0.0070913 0.000116593 -0.000217868 -9.35076e-05 -0.00335605 3.24893e-07 4.17601e-05 -4.16426e-07 0.00011974 -0.00492235 0.0136878 1.34226e-05 -2.53706e-05 3.09385e-05 2.38916e-06 5.13985e-05 -0.00108233 -0.000688814 0.0001822 -0.00151799 -0.00411937 8.12696e-06 4.89808e-05 0.00353319 -1.49714e-06 -0.0011349 
-0.00294334 0.00399851 0.00969886 -5.26126e-05 8.59225e-05 0.0036347 0 -0.0565704 -0.0135769 1.09332e-06 -0.000277401 0.00292578 -0.00239394 0.00355309 0.000235157 0.00276077 0.00742276 -0.0115986 0.141126 0.0593955 -0.0666782 -0.00392756 -0.0480144 -0.000122212 0.00443318 0.000338106 0.0146602 0.0681456 5.50472e-05 -0.00171636 -0.000259165 -0.00571827 -0.0679757 1.66805e-05 -0.0227697 -0.0270222 0.0142364 2.26658e-05 -0.00645657 -8.3368e-05 -8.14656e-05 -0.0268264 -4.0606e-05 2.43722e-08 -0.00457407 -0.000426038 5.66337e-05 -0.0275919 -0.0707171 0.0587519 -0.00321023 -0.000118897 0.000697871 3.37717e-05 -3.32326e-05 3.64546e-05 0.05212 -4.85772e-06 0.0181432 6.08858e-05 -0.00243896 -0.00630267 0.00491086 0.00294572 0.0585112 0.0639947 5.04174e-07 0.0051292 1.38912e-05 -5.32605e-05 -0.000847909 4.27275e-05 0.00179967 0.0652059 -0.096748 -0.000169402 0.00124166 0.000222422 0.0204688 1.92973e-06 -1.17851e-05 -5.90229e-06 -1.75988e-05 -0.0367445 -0.00935303 6.95433e-05 -4.60981e-05 0.000104302 7.36561e-07 4.22521e-05 -0.00174687 -0.0685897 -0.00141747 0.0548427 -0.0389234 1.31995e-05 0.000118821 0.0567215 -0.000625862 -0.0672245 
-0.00143335 -0.0169729 -0.084404 6.35854e-05 -0.00113871 -0.0825233 0 -0.145208 -0.0406326 -5.75179e-06 -0.000140286 -0.0137552 -0.000899837 0.107958 0.00129185 -0.0102989 -0.0454599 -0.0129535 0.0593955 0.215644 -0.162306 0.0185677 -0.0902281 -0.000499304 -0.00982966 -0.00766963 -0.0853741 0.0695418 0.00213439 -0.00251387 -0.000158583 0.0016776 -0.0540139 2.3907e-05 -0.0256345 -0.0199469 0.11254 -0.00017989 -0.00904305 -7.26007e-05 1.17106e-05 -0.00814538 -0.000148482 -9.82339e-08 0.0155879 -0.000604026 1.97221e-05 -0.0109777 -0.0566762 0.122099 0.00215804 -0.000183542 0.00128718 -0.00026731 -0.000165057 9.23235e-05 0.182112 2.97934e-06 -0.0563892 -0.00471387 -0.00252579 -0.0135145 0.00977495 0.0963891 0.164399 0.164484 -3.61121e-06 -0.0311886 -6.23032e-05 1.10527e-06 -0.000628716 -0.000109415 0.0126025 0.175509 -0.0815328 -9.75364e-05 -0.00735943 -0.00181702 0.0382188 -1.55087e-05 -3.92773e-05 -9.37446e-06 -5.74345e-05 -0.158508 -0.0146315 -0.000146981 0.00028226 -0.000332394 -2.41831e-05 -0.000275263 -0.0154844 -0.0671493 -0.000392821 0.127454 -0.180427 -1.27316e-05 -0.000144149 0.0160918 -0.000409135 -0.0789507 
0.00142597 0.0141409 0.108332 0.000226172 0.00124964 0.0987046 0 0.157071 0.0326499 -3.86834e-06 0.000250074 0.011627 0.00183292 -0.0916156 -0.00147245 0.00890235 0.0367644 0.0176345 -0.0666782 -0.162306 0.243092 0.01002 0.0840183 0.000875606 0.00765237 0.00606212 0.0574357 -0.0579329 0.00411297 0.00202639 0.000205658 -0.000320941 0.0522157 -4.35356e-05 0.0234609 0.0270829 -0.121682 0.000144849 0.00877452 9.94913e-05 2.66464e-05 0.0191915 3.32519e-05 8.35797e-08 -0.0217925 0.000353571 -9.85219e-05 0.0207661 0.0461871 -0.140736 0.00129459 0.000133273 -0.000953903 0.000151767 0.000103758 -0.000108674 -0.159069 -3.92314e-07 0.0379375 0.00343612 0.00152113 0.00917192 -0.0127824 -0.121367 -0.167438 -0.161687 1.62022e-06 0.0284646 -1.96806e-05 -7.36396e-06 0.000497301 -3.98243e-05 -0.017039 -0.181807 0.0829013 7.95312e-05 0.00707319 0.0013425 -0.053277 1.05761e-05 4.68413e-05 6.71731e-06 -1.36542e-05 0.121356 0.00900948 -8.13497e-05 -0.000294919 0.0003089 1.79982e-05 0.000356596 0.0177135 0.0569391 0.00145907 -0.135013 0.140542 9.17393e-07 0.000448569 -0.0186398 0.000431227 0.0669143 
0.000864411 -0.0015294 0.00422502 0.000376254 -0.000142564 -0.0012058 0 0.00137389 -0.00413356 2.16336e-06 -2.59796e-05 -0.00115255 -0.000111141 0.0104646 -0.000162103 -0.0010793 -0.0041371 0.00469206 -0.00392756 0.0185677 0.01002 0.0581757 -0.00604457 -0.000131259 -0.00119659 -0.000642133 -0.00752507 0.0057088 0.00409756 -0.000147026 5.36109e-05 0.000905839 0.00222697 1.03278e-07 -0.00205778 0.000935981 0.0124902 -1.58175e-05 -0.000922657 1.52039e-05 3.61679e-05 -0.00206428 -7.659e-06 -8.88989e-09 0.0125395 -5.5166e-05 -6.38873e-07 -0.000268825 -0.00144247 -0.0174036 0.00300018 2.35889e-05 -6.15689e-05 -2.24574e-05 -1.48218e-05 3.10731e-05 -0.0105567 4.26504e-06 -0.00504328 -0.00039794 -0.000223745 -0.00187902 0.00254952 -0.012194 0.0106213 -0.0100365 -3.08901e-07 0.00562939 1.70075e-05 1.56852e-06 -7.24091e-05 -6.31012e-06 -0.000293025 -0.00168513 -0.00682323 3.86555e-06 0.000974807 -9.34952e-05 -0.00429578 -1.29902e-06 6.34165e-06 -9.18347e-07 0.000135518 -0.0142931 -0.00169823 -2.80917e-05 -3.36143e-05 -5.85954e-06 -8.02441e-07 1.48919e-05 -0.00194368 -0.00482979 0.000236337 -0.00406014 -0.0158029 -8.20729e-06 7.40797e-06 -0.0110967 -4.69942e-05 -0.00594622 
-0.00113017 0.0135634 0.0265227 5.09658e-05 0.000259667 0.0203287 0 0.0832933 -0.0151608 -2.79312e-06 -0.000104486 0.0108614 -0.000639999 -0.0253313 0.00177149 0.0133649 0.0154923 -0.00873122 -0.0480144 -0.0902281 0.0840183 -0.00604457 0.206726 0.000708765 -0.0173395 0.00199717 0.0167273 -0.0563387 -0.00246401 0.00211725 0.000110789 0.00793797 0.0565959 -3.00166e-05 -0.00166184 -0.00700102 -0.0529919 9.02497e-05 0.000699552 2.33582e-05 -9.21369e-06 -0.00400025 7.33213e-06 -4.18498e-08 -0.00187008 0.000473206 0.000196173 -0.00672324 0.0445651 -0.104532 0.00401847 -6.40382e-05 -0.00118059 0.000237037 -1.12895e-05 -4.61124e-05 -0.0790103 -2.46993e-06 0.00579653 0.00144571 -0.000945313 0.00227737 -0.00805674 -0.00409873 -0.112732 -0.0556038 -7.06829e-08 -0.0064545 1.2177e-07 3.17473e-05 -6.28117e-05 2.22187e-06 -0.00476714 -0.0645477 0.0494231 -5.86939e-05 0.00169609 0.000993801 -0.0297219 -4.87083e-07 -2.31281e-05 1.03481e-07 -8.11843e-05 0.0719725 -0.00482849 -0.000364505 -0.000217206 3.29269e-05 -5.78024e-06 -5.37877e-05 -0.00229522 0.053113 -8.02266e-05 -0.0775415 0.0931636 5.68379e-05 -0.000443008 -0.0544707 0.000391099 0.0649646 
-3.60014e-06 -6.78703e-05 0.00106648 -2.07911e-06 3.90843e-06 0.000968112 0 0.00128043 -0.000422802 2.96773e-08 -3.07222e-06 -3.991e-05 -3.27701e-05 0.000162771 -9.22952e-05 -0.00017502 0.000204042 -0.000330682 -0.000122212 -0.000499304 0.000875606 -0.000131259 0.000708765 0.00300056 0.00145876 4.59761e-06 0.00037168 -0.000201801 2.46008e-05 -5.23092e-05 -4.01884e-05 3.9477e-05 0.00015959 -3.34527e-05 3.29682e-05 0.000138635 0.000205033 -6.08781e-06 4.2243e-05 2.90995e-07 -7.03663e-06 0.000115813 -3.70943e-06 4.31378e-10 -0.00013279 -4.47826e-08 -1.52829e-05 3.48548e-05 0.000298995 -0.00125838 5.35745e-06 2.29309e-07 -0.000713902 1.18112e-06 -5.59232e-05 -1.07806e-05 -0.000656791 3.17816e-08 0.000350368 -7.50211e-05 -1.20438e-05 -0.000478924 -0.000355646 -0.000297605 -0.000320426 -0.000905764 1.61215e-08 4.32723e-05 -3.44666e-05 -1.64581e-06 -7.95283e-06 -1.37398e-05 -0.00153499 -0.000963577 0.000247372 -4.51098e-05 -9.54214e-05 5.23988e-06 -0.00214191 -3.28936e-08 -1.86071e-07 -3.32104e-07 9.41305e-08 0.000515743 -0.00053186 -0.000138035 -3.73375e-06 1.88321e-06 -4.40736e-07 3.07226e-07 9.34227e-05 0.000273147 6.39089e-06 -0.00107649 0.00059073 2.71925e-07 -2.39308e-05 0.00081088 -6.07325e-05 8.71861e-05 
-0.00289899 8.03164e-05 -0.028021 -0.000234245 -0.000365468 -0.0364579 0 -0.0233992 -0.0323865 -1.63765e-05 9.72956e-05 -2.30094e-05 -0.00106466 0.0238346 -0.00243892 -0.00474901 0.0132687 -0.0148192 0.00443318 -0.00982966 0.00765237 -0.00119659 -0.0173395 0.00145876 0.175942 -0.00297091 0.00816202 -0.0173694 -0.00213384 -0.000166129 2.12309e-05 -0.000536596 0.0155766 -7.83851e-05 -0.0263206 -0.03228 0.0360246 -0.000155206 -0.000419702 -0.000150003 -4.73135e-05 -0.0180463 -0.000184143 -1.10673e-07 -0.00429994 0.000105295 -0.000153613 -0.0235372 0.0184215 0.0295536 0.00144381 -2.56596e-05 -0.00102305 8.81318e-05 -9.62487e-05 -2.95745e-05 -0.00662042 1.04624e-06 0.00422844 -0.00300769 -0.00258908 0.00225765 -0.0157887 0.0211033 -0.0333518 -0.00904941 9.87257e-07 -0.0110964 -9.57163e-05 -3.55937e-05 0.000185247 -0.000147862 -0.0109878 -0.00895194 0.00137414 -0.00015631 -0.00214472 0.00039142 -0.0361314 -8.9388e-06 -4.50489e-05 2.60724e-06 -0.00019208 0.0332826 -0.0192664 -0.000122455 8.06284e-05 -2.50187e-05 -2.03269e-06 8.26306e-05 0.00530861 0.0193061 -0.00123614 0.014922 0.0343759 -7.39067e-05 0.000306122 -0.0273325 -0.000134154 0.0204844 
-5.03638e-05 -0.000147453 -0.00293084 -1.53783e-06 0.000379313 -0.00254024 0 0.00533135 -0.000370552 1.23975e-05 -8.27032e-06 -0.000152203 1.36629e-05 -0.00564202 -4.17359e-05 0.00250248 -0.000729975 -0.000119071 0.000338106 -0.00766963 0.00606212 -0.000642133 0.00199717 4.59761e-06 -0.00297091 0.0112683 -0.00122639 -0.0081373 -0.000119608 0.000677978 -3.55585e-06 -0.000231447 0.00168142 -1.39119e-06 -0.000339273 -0.000447655 -0.00844886 7.51381e-06 -5.86515e-05 1.34862e-06 -1.73567e-06 -0.00046323 0.000127536 -1.63374e-09 -0.000696915 8.76211e-05 7.30182e-05 -0.000223429 0.00386767 -0.00448948 -0.00014115 0.000103303 3.30999e-05 -2.99323e-06 -5.04123e-07 -3.44591e-06 -0.00732495 -1.17032e-07 -0.00125601 0.00366001 -4.41642e-05 0.00653481 -0.00012181 0.00140453 -0.00773357 -0.00573229 -6.10565e-08 0.00833837 4.69075e-05 6.04525e-08 0.000306645 6.54686e-05 -0.000499918 -0.00624329 0.0030368 -2.3266e-06 0.005917 0.000132635 -0.00132613 1.34798e-06 -9.40987e-07 3.07897e-07 -4.65356e-06 0.0075242 -0.000291628 2.00379e-05 -1.0649e-05 1.4241e-05 -4.39059e-07 -6.05218e-06 -0.000294639 0.00414054 1.58747e-05 -0.00522606 0.00768279 -1.57752e-06 -1.91231e-05 -0.00517514 -2.79906e-06 0.00695969 
0.000233645 0.00933675 0.0708625 1.66363e-05 0.000169413 0.07607 0 0.0599158 0.0221147 -2.18266e-06 -0.00011184 0.0117463 -0.000262323 -0.0716655 -0.000539483 -0.0047672 0.0489071 -0.000440996 0.0146602 -0.0853741 0.0574357 -0.00752507 0.0167273 0.00037168 0.00816202 -0.00122639 0.111784 0.010656 -0.000641372 -0.000396814 -4.67883e-05 -0.00192051 -0.00921066 -1.11404e-05 0.00223736 0.00158863 -0.060174 5.46632e-05 -2.9825e-05 2.6507e-05 -1.81548e-05 -0.0034421 4.73101e-06 -1.8379e-08 -0.00734328 -3.14466e-05 -6.5998e-05 -0.00289161 -0.0150525 -0.050493 -0.000860622 7.13671e-05 -0.000582712 0.000261051 7.25265e-05 -3.96243e-05 -0.0827284 -1.07073e-06 0.054991 -0.00078441 8.41682e-05 -0.00333272 -0.00406833 -0.0876659 -0.057742 -0.0749282 4.50647e-06 0.0140364 -1.13727e-05 -7.73291e-06 -0.000166399 9.27317e-05 -0.00553365 -0.0733699 -0.0134914 -2.61575e-05 -0.00131912 0.000888401 -0.0165411 5.07486e-06 -3.7874e-06 -1.53526e-06 3.78844e-05 0.0854311 0.00440218 -0.000107921 -0.000117481 7.92194e-06 1.64574e-05 0.000166848 0.0158311 -0.00778237 9.36126e-07 -0.0520999 0.083026 2.9362e-05 0.00049315 0.0355868 -9.94119e-05 -0.0115209 
0.000452224 0.00229441 0.0326235 3.21031e-05 -0.000342905 0.0346096 0 -0.0483978 0.00752208 -2.04492e-06 -0.000231353 0.00193927 0.000326481 -0.00699696 0.000414524 -0.0064643 0.00578427 0.00105984 0.0681456 0.0695418 -0.0579329 0.0057088 -0.0563387 -0.000201801 -0.0173694 -0.0081373 0.010656 0.0924633 0.00107888 -0.00315034 -0.000186416 0.00229872 -0.0693777 9.72927e-06 0.00145168 0.0050957 0.000690034 -1.36029e-06 -0.00111684 2.00148e-05 -2.35036e-05 0.00419533 -0.000107709 1.47764e-08 0.00595349 -0.000723777 -5.79498e-05 0.00401546 -0.0725056 0.0406443 0.000864277 -0.000151116 0.000364781 1.67807e-06 1.47036e-05 3.30049e-05 0.0656894 1.07197e-06 0.0124777 -0.0044315 0.000410561 -0.0166731 0.0030386 -0.0289257 0.06999 0.0539808 3.68891e-07 -0.00959817 -4.63472e-05 2.31261e-06 -0.000906227 -3.65425e-05 0.0044989 0.0587476 -0.0781463 1.76317e-05 -0.00536815 -1.01796e-05 0.0142269 1.81786e-06 8.60222e-06 -1.20702e-05 3.5452e-05 -0.0677028 0.00412694 9.90854e-05 8.37349e-05 3.0451e-05 3.46107e-06 6.12364e-05 0.00311757 -0.0845998 0.000268446 0.0483979 -0.0714115 1.74841e-05 0.000143517 0.0666336 -0.000439499 -0.0882909 
0.000650825 -0.000257168 0.00606291 1.77916e-06 3.69352e-05 0.00622093 0 0.00489932 -0.000380851 -2.66854e-07 1.14919e-05 -0.000156179 -2.61574e-05 0.00135243 -4.07419e-05 -0.000444075 -0.000482212 0.00152768 5.50472e-05 0.00213439 0.00411297 0.00409756 -0.00246401 2.46008e-05 -0.00213384 -0.000119608 -0.000641372 0.00107888 0.0104092 -3.85272e-05 -4.10864e-06 -0.000219541 -5.34945e-05 4.16268e-06 0.000367603 0.00234669 0.0010674 -2.39735e-06 -0.000139421 2.48326e-05 -1.44598e-08 -0.00032798 3.01547e-06 -1.50785e-09 0.000480699 -9.39762e-06 -5.39777e-06 0.00051391 -0.00107671 -0.00393262 -7.34521e-05 9.94063e-06 6.53589e-05 -2.98186e-06 -1.4585e-06 2.27325e-06 -0.00561584 -1.1109e-07 -0.000410758 -7.28092e-05 -1.19516e-06 -0.000344735 -0.000326578 -0.00714654 0.00250459 -0.00607073 -5.63515e-08 0.000459255 1.01033e-05 -8.30229e-07 -1.29053e-05 7.35303e-07 0.000220272 -0.00600712 -0.000720053 3.59552e-06 -2.77386e-06 -2.75016e-05 -0.00142379 3.81409e-09 3.64094e-07 -1.05764e-07 -1.04794e-06 -0.00216565 -0.000311921 -1.21964e-05 -9.77889e-06 6.90278e-05 -4.05226e-07 2.11567e-05 -0.000313963 -0.00105144 -7.01664e-06 -0.00477783 -0.00227272 3.05106e-06 7.00811e-05 0.00245258 -2.94868e-06 -0.00123233 
-1.46154e-05 -6.71515e-05 -0.00125258 -1.94755e-06 1.46154e-05 -0.00110118 0 0.00172765 -0.000263091 1.26858e-07 -6.08379e-07 -6.48113e-05 -1.1514e-05 -0.00151762 -1.53873e-05 -5.89233e-06 -7.18238e-05 -0.000127799 -0.00171636 -0.00251387 0.00202639 -0.000147026 0.00211725 -5.23092e-05 -0.000166129 0.000677978 -0.000396814 -0.00315034 -3.85272e-05 0.00365835 2.90924e-05 -8.30408e-05 0.00240587 -4.48159e-07 -7.9071e-05 -0.000164298 -0.00176591 1.56944e-06 7.19207e-05 -7.18034e-07 -5.81523e-07 -0.000148274 7.59794e-06 -5.26296e-10 -0.000219957 9.50565e-05 4.06347e-05 -0.000140099 0.00164858 -0.00145451 -4.19658e-05 1.75614e-06 -1.39627e-05 1.91232e-06 4.63715e-06 -1.14823e-06 -0.00240506 -3.87746e-08 -0.000326085 0.000856316 -1.4451e-05 0.00156627 -0.00011075 0.00087937 -0.00251866 -0.00187199 -1.96688e-08 0.000746893 3.16793e-05 4.06886e-07 8.04336e-05 -8.49659e-07 -0.000163379 -0.00211473 0.00211046 -6.82557e-07 0.000701697 4.62205e-06 -0.00049126 -9.40724e-08 -3.13868e-07 3.25632e-07 -1.30082e-06 0.00204807 -0.000144199 -1.24923e-06 -3.42958e-06 8.18521e-06 -1.41439e-07 -2.27101e-06 -5.52714e-05 0.00217099 -8.86402e-06 -0.00173352 0.00243929 -7.46569e-07 -6.13976e-06 -0.00221349 8.83612e-05 0.002736 
1.04914e-06 -3.07652e-06 -2.66999e-05 3.02449e-07 -4.79543e-07 -6.70518e-05 0 0.000142369 -2.47672e-05 -9.9313e-09 8.56888e-07 -7.12429e-06 5.54763e-07 -2.24067e-05 -1.36098e-06 -9.51623e-06 -2.69062e-05 2.71867e-06 -0.000259165 -0.000158583 0.000205658 5.36109e-05 0.000110789 -4.01884e-05 2.12309e-05 -3.55585e-06 -4.67883e-05 -0.000186416 -4.10864e-06 2.90924e-05 0.000391357 1.23985e-05 0.000158483 -4.77851e-08 0.000134839 -5.23853e-06 -0.000128633 2.65135e-08 -5.98479e-06 -5.23818e-08 6.29409e-06 -1.53073e-05 4.95151e-08 -5.61164e-11 -2.31187e-05 -1.7641e-07 -3.38619e-08 -8.44708e-06 0.000130793 -0.00015308 3.55932e-05 3.23466e-06 -4.36331e-07 -1.53648e-07 1.16534e-06 -1.27406e-07 -0.000219084 -4.13435e-09 -4.77882e-05 -1.58755e-06 -1.51968e-06 0.000144009 -1.23397e-05 -3.27052e-05 -0.000175889 -0.000162025 -2.09719e-09 -1.2555e-06 4.75058e-07 2.82435e-07 1.35609e-06 -1.21872e-07 -1.461e-05 -0.000192731 0.000184014 5.29918e-06 1.72345e-05 -7.29432e-07 -5.43013e-05 2.99695e-08 5.16534e-07 -5.79696e-09 -1.8526e-07 4.35437e-05 7.44132e-06 -5.09231e-07 -3.68523e-07 2.09545e-07 -1.5081e-08 5.68698e-07 -1.15758e-05 0.000133125 -7.63137e-07 -3.91574e-05 0.00012019 4.0373e-07 -3.81896e-07 -0.000127079 4.07304e-05 0.000183881 
-0.000101783 0.000118369 -0.00353578 7.75758e-05 -6.12851e-05 0.000661068 0 -0.000394428 -0.00108419 -4.72848e-07 -4.88083e-06 0.000268356 0.000837262 -0.00176006 0.000485824 -0.00102358 -0.000222204 -0.000718835 -0.00571827 0.0016776 -0.000320941 0.000905839 0.00793797 3.9477e-05 -0.000536596 -0.000231447 -0.00192051 0.00229872 -0.000219541 -8.30408e-05 1.23985e-05 0.0229502 -0.00180836 3.9281e-06 0.000171805 0.0004345 -0.00226108 1.15765e-06 -0.00032021 1.1928e-05 9.09778e-07 0.00122831 -3.16e-07 -3.3687e-09 0.00881476 2.83814e-05 7.48734e-07 0.000747371 0.00169408 -0.00656724 0.00138122 -6.44437e-06 -6.20087e-05 1.69298e-05 3.00313e-07 -3.70494e-06 0.00271252 2.53181e-06 -0.000848949 -0.000126997 -1.93881e-05 -0.000679377 -0.000124222 -0.000532232 -0.00620033 0.00374676 5.07714e-08 -0.00117917 -2.82477e-06 1.48452e-05 -2.69634e-05 -1.82696e-07 0.000169305 0.0045233 -0.000240165 -2.54971e-07 -0.000327023 0.00059227 -0.0017041 -3.58802e-07 1.34336e-07 -3.47994e-07 -1.01312e-05 -0.00411853 -0.000827895 3.6064e-05 4.73403e-06 -5.96514e-06 -9.05318e-07 2.26511e-05 -8.6558e-05 -0.00233965 -4.59499e-05 -0.0041002 -0.00246934 -4.41528e-06 -2.89472e-05 -0.00704657 7.79029e-05 -0.00264489 
0.000893258 -0.00224077 -0.0259686 5.7401e-05 -0.000118572 -0.0253074 0 0.0402835 -0.00654568 4.62466e-06 5.82769e-05 -0.00147651 -0.000320036 0.0102513 -0.000329209 -0.00128474 -0.00528615 7.92366e-05 -0.0679757 -0.0540139 0.0522157 0.00222697 0.0565959 0.00015959 0.0155766 0.00168142 -0.00921066 -0.0693777 -5.34945e-05 0.00240587 0.000158483 -0.00180836 0.0867886 -1.14911e-05 0.000492166 -0.00242419 0.00955122 -3.65019e-06 0.000829298 2.68582e-06 1.25365e-05 -0.00370369 -2.02678e-05 -1.37608e-08 -0.00443327 0.00043849 -1.40908e-05 -0.00255033 0.0591954 -0.0377586 0.0020435 0.000109256 -0.000441589 -1.53743e-06 -2.57692e-05 -2.87058e-05 -0.0543238 -7.30487e-07 -0.0126723 0.00217715 -0.000376682 0.0064103 -0.00304192 0.0222728 -0.0623942 -0.0467927 -4.87604e-07 1.26208e-05 4.8512e-06 -5.01008e-08 0.000567227 -2.96253e-05 -0.00411465 -0.0475484 0.0629788 -1.93255e-05 0.0022843 -0.000125304 -0.0132856 -2.45967e-06 -8.20656e-06 -1.18486e-06 -4.04192e-05 0.049488 -0.00366583 -0.00012186 -6.49522e-05 -5.06678e-05 -1.58814e-06 3.87475e-05 -0.00312914 0.0676386 -0.000235416 -0.0442317 0.0546608 -1.67802e-05 2.32546e-05 -0.0622274 0.000290821 0.0702983 
3.44815e-07 -2.43891e-06 -2.37801e-05 -2.59192e-08 -2.8335e-07 -1.67902e-05 0 -3.17333e-05 6.54903e-05 -3.09609e-09 1.56584e-07 -1.89265e-06 -3.70633e-07 -6.88872e-05 1.18639e-07 -4.89039e-06 -5.41628e-06 1.71475e-06 1.66805e-05 2.3907e-05 -4.35356e-05 1.03278e-07 -3.00166e-05 -3.34527e-05 -7.83851e-05 -1.39119e-06 -1.11404e-05 9.72927e-06 4.16268e-06 -4.48159e-07 -4.77851e-08 3.9281e-06 -1.14911e-05 0.000122038 -5.5315e-06 -5.95607e-06 -5.33795e-05 -3.2262e-08 -1.82243e-06 -2.46434e-08 -2.05489e-08 -3.71815e-06 -3.6522e-08 -1.74943e-11 2.19245e-06 -1.05699e-07 -6.3554e-08 -2.64904e-06 -1.5132e-05 3.64325e-05 -7.98098e-07 9.01033e-08 3.52719e-07 -4.45665e-08 3.49666e-07 5.56948e-07 2.52602e-05 -1.28888e-09 -1.16829e-05 -8.58628e-07 -3.39562e-07 -3.85814e-06 -1.29989e-06 -7.28472e-05 1.97535e-05 3.4175e-05 -6.53799e-10 -3.71396e-06 -1.60891e-08 2.17034e-07 -1.6021e-07 -3.79936e-08 7.03506e-05 2.50602e-05 -1.7799e-05 1.03766e-07 -1.74558e-06 2.05605e-07 8.00113e-05 -3.12701e-09 -1.04331e-08 -1.8072e-09 1.08912e-07 -2.42889e-05 6.74241e-05 4.18125e-06 3.17795e-08 -8.01577e-08 -4.70149e-09 -7.6265e-08 8.24947e-06 -1.20337e-05 -3.09787e-07 3.77026e-05 -2.78631e-05 -2.48163e-08 -2.05307e-07 -1.17653e-05 -9.54705e-08 -1.43248e-05 
