2.53333e-07 -2.50438e-10 -2.23764e-07 -1.68104e-11 -2.25931e-07 -2.80187e-11 -2.3395e-07 -1.17586e-08 -9.28889e-15 -7.11073e-09 -2.85395e-09 -7.43111e-14 2.02297e-07 -1.10404e-10 -3.71927e-10 8.86468e-09 -4.06448e-11 -4.6257e-09 2.58166e-10 -2.96907e-08 -4.04524e-09 -3.35602e-10 -3.46552e-11 1.29269e-09 -1.82786e-10 -1.53436e-12 -2.47833e-07 -8.47986e-08 -5.61556e-13 -8.85957e-10 1.40955e-07 -1.35314e-11 -3.39894e-09 -2.00439e-10 -2.51172e-11 -1.50142e-12 -9.06908e-11 -6.90575e-10 -5.89422e-13 -7.087e-11 -1.71307e-10 -1.40002e-10 -1.44541e-09 -2.68244e-09 -3.48266e-11 -4.30693e-09 5.9e-09 -4.2663e-11 -3.38751e-10 -2.04289e-07 -8.208e-13 -6.54284e-11 -3.07758e-09 -3.31506e-08 -2.22933e-13 -3.92439e-11 -8.21644e-13 -2.70503e-09 3.0102e-08 -9.45778e-14 2.93127e-08 -3.87321e-10 -3.29727e-09 3.44099e-08 3.41295e-08 1.99328e-07 -5.86686e-11 2.88174e-08 -1.43855e-10 -7.068e-12 -6.45231e-10 -4.35581e-11 -4.7576e-12 -6.48309e-10 -1.16483e-11 -6.93997e-10 -1.56138e-11 -8.40646e-10 -3.3994e-11 -1.48605e-11 -2.68038e-10 -2.24586e-09 -4.14301e-11 2.29943e-07 2.29889e-07 -6.30971e-08 4.31977e-09 -2.48436e-12 -7.0164e-11 -2.21831e-10 -2.45201e-11 -3.06035e-10 -4.63093e-12 -6.47965e-10 -1.94222e-14 -4.30896e-10 -1.22806e-10 -2.02189e-08 -4.11893e-10 -2.58708e-09 
-2.50438e-10 0.000987593 -0.000637242 3.65244e-05 -0.000731741 2.43997e-07 -0.000661697 8.22157e-06 -3.62476e-11 0.000147425 -1.03302e-05 -2.89981e-10 -8.38254e-05 1.37918e-06 8.6882e-05 3.11489e-05 2.7806e-07 -1.70373e-05 -0.000707953 -0.000638028 0.000670745 4.17062e-07 7.61434e-07 -0.000695232 -3.7661e-07 4.73459e-08 -0.000656803 0.000418171 -2.19133e-09 0.000506323 -0.000165083 6.38638e-08 -1.32135e-05 0.000692288 1.78865e-06 1.24141e-07 8.30277e-06 1.12819e-05 -2.30007e-09 -9.98858e-08 0.000615448 -5.06323e-07 -4.54367e-06 -9.03756e-06 0.000118204 -7.87006e-06 -7.26826e-05 -1.29815e-07 -5.45226e-07 -0.00063421 2.91013e-06 7.4682e-08 -1.17295e-05 -0.000568425 -8.69942e-10 -1.53139e-07 -3.20626e-09 0.000606714 -0.000750211 5.29643e-08 -2.68208e-06 1.78919e-05 -8.80342e-06 0.000762919 4.51919e-06 -0.000164417 -2.2894e-07 -0.000586051 0.000553559 1.85752e-07 0.000620535 3.06692e-07 2.71435e-07 -2.48653e-06 -4.54544e-08 8.14852e-06 -6.09289e-08 0.000646303 4.81735e-06 9.5201e-07 2.02071e-06 -7.18059e-06 4.145e-06 4.52121e-05 -5.55315e-05 -7.90475e-05 -0.0006217 7.14697e-06 0.000272336 -6.68975e-07 2.86432e-06 2.60924e-05 5.26227e-09 -2.35519e-06 -7.57904e-11 0.000631075 9.58745e-06 -7.17758e-05 7.21936e-06 0.000100221 
-2.23764e-07 -0.000637242 0.103098 -2.96181e-05 0.0686162 -2.70139e-05 0.059271 0.00510297 -3.23869e-08 -0.0080398 -0.0008974 -2.57615e-08 -0.0722492 -4.29222e-05 -0.00128628 -0.00388225 -5.06198e-05 0.00205348 0.000610258 0.00203008 0.0132901 -0.000438713 -3.60395e-05 0.00139942 -0.000160542 -1.13639e-06 0.0130165 0.0368966 -5.446e-07 -0.00231001 -0.0387859 5.36451e-06 0.00145433 -0.000570642 -1.63607e-05 -9.1561e-08 4.0532e-05 -5.15846e-05 2.71573e-07 -5.68704e-05 -0.000594838 -0.000359611 0.00030733 -0.00343138 -0.000113097 -0.000400303 -0.0457102 2.74343e-06 -0.00102104 0.0738026 -2.53515e-06 9.19246e-06 0.00059999 0.0451779 -7.50618e-07 -7.13253e-05 -1.8681e-06 0.000418836 -0.0119686 -7.30905e-08 -0.00144828 0.000160186 0.00138111 -0.0527615 -0.00188589 -0.0794147 -0.000201782 0.0288818 -0.000498903 9.46544e-07 -0.00158335 -1.70842e-05 -1.53146e-05 0.000276361 -2.11931e-05 4.96352e-05 -6.10603e-06 -0.00030401 2.2192e-06 -4.70309e-06 -9.32193e-05 0.000564783 1.2132e-05 -0.0694959 -0.0737629 0.0106563 0.000580943 -3.87868e-06 -0.000240309 9.21909e-05 5.39086e-06 0.000113581 6.00345e-07 -0.000957747 -6.7718e-08 -0.000462671 -5.28012e-05 0.00614605 -0.000231139 0.000582299 
-1.68104e-11 3.65244e-05 -2.96181e-05 6.63523e-05 -3.38292e-05 -7.33905e-09 -3.66995e-05 1.68233e-05 -2.43308e-12 4.73079e-06 -5.80881e-07 -1.94646e-11 -1.08048e-05 -2.89185e-08 9.24623e-09 -1.5908e-05 -1.06463e-08 -4.64961e-07 -3.66757e-05 -5.28228e-05 2.88028e-05 -1.45724e-08 -9.07737e-09 -3.79281e-05 1.22122e-07 -4.019e-10 -3.66193e-05 1.71217e-05 -1.47091e-10 3.44713e-05 -1.24123e-05 6.9789e-08 1.08364e-05 3.74675e-05 -6.57904e-09 -3.93274e-10 1.36624e-06 3.57815e-08 -1.5439e-10 -1.85633e-08 3.27485e-05 -3.66713e-08 9.14807e-06 -6.15957e-07 4.27544e-07 1.19052e-05 -7.64218e-06 -1.11749e-08 1.21269e-07 -4.30569e-05 -2.14996e-10 4.95287e-08 3.92054e-06 -3.4191e-05 -5.83939e-11 -1.02793e-08 -2.15217e-10 4.24048e-05 -5.45219e-05 -2.47732e-11 -1.80032e-07 1.09521e-06 -8.10333e-07 3.28975e-05 -6.37914e-07 -1.01693e-05 -1.53673e-08 -4.16408e-05 3.1469e-05 -1.85135e-09 4.00177e-05 -1.14094e-08 -1.24618e-09 -1.69814e-07 6.10282e-07 4.02155e-06 -4.08978e-09 3.67565e-05 7.07762e-07 -3.89248e-09 2.99792e-07 2.7184e-06 5.58147e-08 2.28996e-06 -3.99082e-06 -4.22835e-06 -5.19985e-05 7.82683e-07 1.76495e-06 3.38561e-07 -6.42266e-09 -1.61065e-10 -1.213e-09 1.36091e-08 -5.08734e-12 3.26005e-05 -3.21671e-08 1.26406e-05 1.15444e-07 1.79569e-06 
-2.25931e-07 -0.000731741 0.0686162 -3.38292e-05 0.0964657 -9.08836e-05 0.060924 0.00310893 3.96607e-09 -0.0163244 -0.000378745 -2.82715e-08 -0.0728744 -6.69211e-05 -0.00124324 -0.00356829 -6.07594e-06 0.00192383 0.000731821 -0.000164972 0.00785012 2.72985e-05 -6.393e-05 0.00277121 -2.58161e-05 -7.08211e-07 0.00513232 0.0335243 2.36433e-07 -0.00253856 -0.0478327 9.8081e-07 0.00139767 -0.000681769 -2.25158e-05 -1.67227e-06 -4.53512e-05 8.67772e-05 -1.01668e-07 -7.35274e-05 -0.000564241 -0.00033975 0.00051907 0.00112636 -0.000109993 0.00174002 -0.0435959 -7.36676e-05 -0.00038703 0.0657766 -2.56288e-06 1.55326e-05 0.00117549 0.0601519 8.51891e-09 -8.01341e-05 -1.88252e-06 0.000363411 -0.00449924 -7.62849e-08 -0.000605464 -5.03959e-05 0.00137625 -0.0660654 -0.00669013 -0.0533909 -0.000186934 0.0360593 -0.000488662 2.19448e-06 -0.000361437 1.53246e-05 8.51347e-07 0.000193294 -2.46299e-05 0.000208538 2.21993e-06 -0.000363167 4.62436e-06 -5.99168e-06 0.000103717 0.000288737 1.03627e-05 -0.0714598 -0.0728065 0.0119407 -0.00105749 -8.44926e-06 -0.000240909 7.91884e-05 4.29267e-06 8.46308e-05 -5.3794e-06 -0.00115314 -6.8374e-08 -0.000556111 -7.77591e-05 0.00799776 -0.000569118 0.000790938 
-2.80187e-11 2.43997e-07 -2.70139e-05 -7.33905e-09 -9.08836e-05 0.000110588 -4.57809e-05 -4.79357e-06 -4.05533e-12 7.63523e-05 4.24402e-06 -3.24427e-11 3.22987e-05 1.78467e-07 3.42911e-08 2.77347e-06 -1.77447e-08 -3.59481e-07 -3.30623e-07 1.89556e-06 -1.21706e-05 -1.46517e-07 1.2182e-06 -2.0589e-05 6.86866e-07 -6.69867e-10 -1.44353e-05 -3.70213e-05 -2.45163e-10 -2.60124e-07 4.74515e-05 -5.90751e-09 -1.38391e-06 -8.75075e-08 4.95701e-07 -6.55489e-10 2.2374e-07 1.65176e-07 -2.57329e-10 -3.09403e-08 9.48545e-07 9.15545e-07 -6.31034e-07 -7.64431e-07 -1.52046e-08 -1.88032e-06 6.70813e-05 3.44708e-07 -1.47892e-07 -3.31883e-05 -3.58344e-10 6.54769e-07 -1.34361e-06 -9.18809e-05 -9.7328e-11 1.562e-07 -3.58713e-10 -1.18096e-06 -4.01948e-05 -4.12907e-11 1.80993e-06 -1.90963e-08 -1.43952e-06 3.70841e-05 2.0319e-05 1.29056e-05 1.21053e-07 -3.77244e-05 -6.28042e-08 -3.08574e-09 -1.15027e-07 -1.90166e-08 -2.07707e-09 -2.83038e-07 2.98248e-07 -1.79651e-07 -6.81665e-09 -3.67008e-07 -1.4841e-08 -6.4878e-09 -7.01996e-09 -5.9383e-07 -1.80875e-08 4.2145e-05 4.11248e-05 -3.3605e-05 1.06259e-06 -1.08462e-09 -3.06321e-08 -9.68469e-08 -1.0705e-08 -1.33608e-07 -2.02177e-09 3.71378e-06 -8.47933e-12 -1.14787e-07 1.36386e-07 -8.01381e-06 3.3351e-07 -5.86133e-07 
-2.3395e-07 -0.000661697 0.059271 -3.66995e-05 0.060924 -4.57809e-05 0.0706596 0.00271502 2.80551e-09 -0.00955284 0.000777806 -3.75559e-08 -0.0555856 -5.94183e-05 -0.00122259 0.000128043 -5.75574e-05 0.000976797 0.000775093 0.00437187 0.00341843 -2.50837e-06 -1.18231e-05 0.00239181 -2.87901e-05 -1.29658e-06 0.00305058 0.0214656 1.66273e-07 -0.00270233 -0.0360977 3.2802e-06 0.000834174 -0.000711022 -7.65723e-06 -5.96527e-07 1.18846e-05 -0.00010505 3.46892e-08 -5.12986e-05 -0.000597217 -0.000363282 -0.00180271 0.000716651 -0.000110505 0.000868251 -0.0312491 -3.18445e-05 -0.000316171 0.0560268 -2.66543e-06 1.27113e-05 -0.00169138 0.0458853 -3.29334e-07 -5.54306e-05 -2.88517e-06 -0.000378092 -0.00511953 -8.81015e-08 -0.000578077 2.67955e-05 -0.000281191 -0.0499394 -0.00365637 -0.0486673 -0.000206677 0.0307097 -0.000519138 -8.68594e-07 -0.000519542 1.08591e-05 2.63599e-07 0.000160168 -3.69852e-05 0.000141954 5.32478e-07 -0.000940941 4.70715e-06 -3.18169e-06 -3.89146e-05 -0.00266949 -4.75702e-05 -0.063742 -0.0626969 0.0123393 0.00176147 -8.64299e-06 -0.000250822 -2.46839e-05 2.80579e-06 -6.07486e-05 -7.77991e-07 -0.000479789 -7.08006e-08 -0.00059355 -0.000137136 0.00443999 -0.000103443 -1.55058e-05 
-1.17586e-08 8.22157e-06 0.00510297 1.68233e-05 0.00310893 -4.79357e-06 0.00271502 0.0442612 -1.70191e-09 0.00310305 0.00033938 -1.36153e-08 -0.00865852 3.01152e-05 -6.54343e-05 -0.014475 1.25064e-05 0.00115542 3.89144e-05 -0.00441774 -0.00532476 -5.86056e-05 -4.9095e-06 0.000207705 -2.357e-05 -2.81124e-07 0.000768313 -0.0139784 6.97112e-07 -0.000117225 0.00408039 4.39341e-05 0.00695152 -3.59577e-05 -3.11862e-06 -9.50899e-08 8.8747e-05 2.25632e-05 5.20063e-08 -1.12248e-05 -3.09567e-05 -3.76113e-06 0.00198707 -0.000477743 -5.91091e-06 0.0105099 -0.00334259 6.494e-05 -1.30159e-05 0.00757765 1.3628e-07 1.98789e-05 0.00214198 0.00197593 -1.41791e-08 -4.73024e-06 3.92792e-07 2.02219e-05 -0.0187883 -1.73285e-08 -0.000111703 5.63985e-05 0.00207331 -0.00310965 0.000356588 -0.006376 -9.77591e-06 -0.0246999 -2.52704e-05 1.39483e-05 0.000288398 1.5293e-06 -8.71685e-07 -9.49728e-05 -1.03752e-06 0.00191255 -2.08075e-06 -0.000149129 0.000110408 1.74726e-06 0.000641377 0.00201613 3.58392e-05 -0.0042831 -0.00425493 0.000627088 -0.00752056 -3.38516e-07 -1.18988e-05 0.000202713 1.08374e-05 -5.22916e-05 1.31152e-06 -9.63599e-05 -3.55853e-09 -8.53183e-06 -2.06604e-05 0.0144708 2.98698e-05 0.00147027 
-9.28889e-15 -3.62476e-11 -3.23869e-08 -2.43308e-12 3.96607e-09 -4.05533e-12 2.80551e-09 -1.70191e-09 3.66667e-08 -1.02918e-09 -4.13072e-10 -1.07556e-14 -7.3868e-09 -1.59795e-11 -5.38316e-11 1.28305e-09 -5.8828e-12 -6.69509e-10 3.73661e-11 1.00968e-09 -5.89251e-09 -4.8574e-11 -5.01588e-12 1.87099e-10 -2.64559e-11 -2.22078e-13 -3.58706e-08 -1.22735e-08 -8.12778e-14 -1.28231e-10 -1.62652e-08 -1.95849e-12 -4.91952e-10 -2.90109e-11 -3.63538e-12 -2.17311e-13 -1.31263e-11 -9.99516e-11 -8.53111e-14 -1.02575e-11 -2.47944e-11 -2.02635e-11 -2.09204e-10 3.62784e-08 -5.04069e-12 -6.23372e-10 3.22136e-08 -6.17491e-12 -4.90298e-11 -2.95681e-08 -1.188e-13 -9.4699e-12 -4.4544e-10 -3.18157e-08 -3.22667e-14 -5.68003e-12 -1.18922e-13 -3.91518e-10 4.35687e-09 -1.36889e-14 -9.94801e-11 -5.60597e-11 -4.77236e-10 3.19979e-08 -3.67227e-10 -7.81661e-09 -8.49151e-12 9.47796e-09 -2.08212e-11 -1.023e-12 -9.33887e-11 -6.30447e-12 -6.886e-13 -9.38342e-11 -1.68593e-12 -1.00447e-10 3.66644e-08 -1.21672e-10 -4.92018e-12 -2.15087e-12 -3.8795e-11 -3.25059e-10 -5.99647e-12 -3.38543e-09 -3.39323e-09 5.16643e-10 6.2523e-10 -3.59578e-13 -1.01553e-11 -3.21072e-11 -3.54897e-12 -4.42946e-11 -6.70267e-13 -9.37844e-11 -2.81111e-15 -6.23665e-11 -1.77745e-11 -2.92642e-09 -5.96161e-11 -3.74446e-10 
-7.11073e-09 0.000147425 -0.0080398 4.73079e-06 -0.0163244 7.63523e-05 -0.00955284 0.00310305 -1.02918e-09 0.0272808 0.000754403 -8.23348e-09 0.00711189 3.67091e-06 -3.12485e-05 0.000624794 5.30666e-06 -0.000298072 -0.000172096 0.000448739 -0.000698785 -1.21672e-05 -1.66303e-06 -0.00153219 -1.88922e-05 -1.70003e-07 -0.00143836 -0.00865466 -6.22189e-08 0.000119635 0.0141098 2.54409e-06 -0.000252537 4.51019e-05 -2.36958e-06 2.16031e-06 5.92517e-05 -2.42139e-05 1.2136e-07 2.63779e-06 1.98635e-06 -1.11419e-05 -0.000157394 -0.000252264 7.7464e-07 -0.00035429 0.0146024 0.000116156 2.38506e-05 -0.00651913 -9.09425e-08 -6.74263e-06 -0.000326661 -0.0141615 -2.47004e-08 -1.35478e-06 1.55631e-07 -0.00023731 -0.0104084 -1.0479e-08 -4.58729e-05 0.000152779 -0.000299562 0.0139287 0.00539963 0.00339225 -2.97366e-06 -0.0180974 -1.35688e-05 -4.13116e-07 -6.37265e-05 -3.34946e-06 -5.2713e-07 4.76158e-05 9.8194e-06 -4.34863e-05 -1.72997e-06 -7.09647e-05 -3.01311e-06 -3.16508e-07 -2.6028e-05 -0.000188416 -4.10368e-06 0.00917762 0.00836034 -0.00928847 0.000146819 7.01407e-07 -7.44732e-06 -4.78499e-06 -1.4501e-06 -2.39712e-05 -4.43095e-07 0.000177457 -2.15193e-09 -6.54209e-06 -4.82323e-06 -0.00150816 -4.37967e-05 -0.000195442 
-2.85395e-09 -1.03302e-05 -0.0008974 -5.80881e-07 -0.000378745 4.24402e-06 0.000777806 0.00033938 -4.13072e-10 0.000754403 0.0111387 -3.30458e-09 -0.00213235 9.15375e-06 -1.54427e-05 -0.000638992 -1.11745e-06 -1.18922e-05 -3.63282e-06 0.000292118 -0.00149021 -1.44674e-05 1.48224e-06 -8.52516e-05 -7.89839e-06 -4.48987e-08 -0.000304995 -0.00358984 -2.49721e-08 -1.89981e-05 0.0001582 1.38783e-05 -0.000130896 -8.47342e-06 2.61972e-06 -6.67675e-08 -1.34964e-06 0.000177401 3.23789e-07 -1.66822e-06 -5.51458e-06 -6.03582e-06 -3.93464e-05 0.0004537 2.38128e-06 -0.000168717 0.0034835 6.8128e-06 -9.21743e-06 0.00193128 -3.65005e-08 4.53271e-05 -6.33151e-05 -0.0020512 -9.91373e-09 5.05151e-06 -3.65381e-08 -2.41336e-07 -0.00152587 -4.20582e-09 -1.67613e-05 2.90194e-05 3.34557e-05 -0.000678184 7.86751e-05 0.000472679 -2.60896e-06 -0.00313994 -5.74384e-06 8.23564e-08 -1.00307e-06 1.0203e-05 6.4351e-06 0.000342093 -5.17992e-07 -2.31983e-05 -6.01003e-07 -3.69631e-05 -1.31503e-06 -1.2084e-07 0.000149964 2.95009e-05 -1.75904e-06 -0.000941445 -0.000988975 0.000151159 -0.000604565 -1.10478e-07 -2.23016e-06 8.10861e-06 1.46294e-06 -1.35292e-05 8.44065e-07 -2.2268e-05 -8.63696e-10 -3.56836e-06 -5.39111e-06 -0.00069411 -1.05633e-05 -0.000101743 
-7.43111e-14 -2.89981e-10 -2.57615e-08 -1.94646e-11 -2.82715e-08 -3.24427e-11 -3.75559e-08 -1.36153e-08 -1.07556e-14 -8.23348e-09 -3.30458e-09 2.93333e-07 9.05628e-10 -1.27836e-10 -4.30652e-10 1.02644e-08 -4.70624e-11 -5.35607e-09 2.98929e-10 8.07744e-09 -4.71401e-08 -3.88592e-10 -4.0127e-11 1.49679e-09 -2.11647e-10 -1.77662e-12 -5.36311e-08 -6.15212e-08 -6.50222e-13 -1.02585e-09 -7.01217e-08 -1.56679e-11 -3.93561e-09 -2.32087e-10 -2.9083e-11 -1.73849e-12 -1.0501e-10 -7.99613e-10 -6.82489e-13 -8.206e-11 -1.98355e-10 -1.62108e-10 -1.67363e-09 -3.10599e-09 -4.03255e-11 -4.98698e-09 -3.56246e-08 -4.93993e-11 -3.92238e-10 -3.21176e-09 -9.504e-13 -7.57592e-11 -3.56352e-09 -2.11919e-08 -2.58133e-13 -4.54403e-11 -9.51378e-13 -3.13214e-09 3.48549e-08 -1.09511e-13 5.92042e-08 -4.48477e-10 -3.81789e-09 2.26501e-08 -2.93782e-09 -2.5329e-09 -6.79321e-11 3.9157e-08 -1.66569e-10 -8.184e-12 -7.47109e-10 -5.04357e-11 -5.5088e-12 -7.50673e-10 -1.34875e-11 -8.03575e-10 -1.80791e-11 -9.7338e-10 -3.93614e-11 -1.72069e-11 -3.1036e-10 -2.60047e-09 -4.79717e-11 3.29166e-08 3.28542e-08 -5.58669e-08 5.00184e-09 -2.87662e-12 -8.12426e-11 -2.56857e-10 -2.83917e-11 -3.54356e-10 -5.36213e-12 -7.50275e-10 -2.24889e-14 -4.98932e-10 -1.42196e-10 -2.34113e-08 -4.76929e-10 -2.99557e-09 
2.02297e-07 -8.38254e-05 -0.0722492 -1.08048e-05 -0.0728744 3.22987e-05 -0.0555856 -0.00865852 -7.3868e-09 0.00711189 -0.00213235 9.05628e-10 0.160873 9.30439e-05 0.000940993 0.00516234 1.33414e-05 -0.00361421 1.34646e-05 0.000607314 -0.0256485 0.000375506 3.30412e-05 -0.0011875 6.791e-05 3.76502e-07 -0.00866458 -0.0650792 7.34346e-08 0.00171641 0.0761175 -1.06405e-05 -0.0022021 -5.2195e-05 3.23794e-05 -9.39749e-08 -7.15733e-05 -0.000448595 -3.02059e-07 2.34688e-05 -8.27546e-05 0.000279856 -0.00101158 -0.00196892 -2.32651e-05 -0.00146616 0.0276537 -1.35769e-05 0.000848038 -0.123395 -6.52724e-07 -2.51472e-05 -0.00226051 -0.0446773 -6.1645e-10 7.09088e-05 1.72327e-06 -0.00178032 0.0224273 -1.18777e-08 0.000837422 -0.000288156 -0.00241724 0.0441868 0.00153117 0.0482437 0.000181388 -0.0151116 -9.3878e-05 -1.77347e-07 0.0004261 -2.2752e-05 -3.60338e-06 -0.000463347 2.00303e-05 -0.00052714 -2.85987e-06 -0.00059532 -2.26563e-05 1.62469e-07 -0.000205115 -0.000918804 -2.58398e-05 0.0668454 0.0715808 -0.0107894 0.00155037 -1.1223e-06 -5.47665e-05 -0.000174873 -1.60491e-05 -0.000232421 -3.56265e-06 0.000880199 6.12215e-08 -0.000125757 0.000204188 -0.0120734 0.000353324 -0.00188743 
-1.10404e-10 1.37918e-06 -4.29222e-05 -2.89185e-08 -6.69211e-05 1.78467e-07 -5.94183e-05 3.01152e-05 -1.59795e-11 3.67091e-06 9.15375e-06 -1.27836e-10 9.30439e-05 0.000435613 1.826e-10 -0.000124437 1.73413e-07 -7.30081e-06 -2.43255e-06 -5.2094e-06 -2.45591e-05 -5.13996e-07 -5.96164e-08 -3.55029e-05 -2.77756e-08 -2.63952e-09 -1.09784e-06 -0.00012571 -9.66031e-10 1.67926e-05 0.000194562 -2.32777e-08 -8.4378e-07 2.37852e-06 -4.32084e-08 -2.58286e-09 -1.56013e-07 1.68202e-06 -1.01397e-09 6.8084e-08 1.23531e-06 -2.00842e-07 -1.68316e-06 -4.32454e-06 -5.99113e-08 -7.35782e-07 -3.82172e-05 8.66608e-07 -4.39413e-07 -0.000173337 -1.412e-09 3.74451e-08 5.12375e-07 -0.000116606 -3.83507e-10 7.15823e-07 -1.41346e-09 2.01366e-05 1.82037e-05 -1.627e-10 1.17429e-06 -6.32966e-07 4.13611e-05 4.69995e-05 -1.50803e-06 -4.30447e-05 7.7574e-07 -0.000126263 8.75862e-07 -1.21589e-08 -7.73308e-07 -7.4932e-08 -8.18439e-09 1.91806e-06 1.56628e-07 -9.83866e-07 -2.686e-08 1.80523e-07 2.08188e-07 -2.55642e-08 -2.24434e-07 -3.12017e-06 -7.12713e-08 6.34423e-05 5.16363e-05 -1.99061e-05 -2.50547e-06 -4.27378e-09 -1.20702e-07 -2.64945e-07 -4.21814e-08 -5.26465e-07 -7.96648e-09 -6.38012e-07 -3.34116e-11 2.75207e-06 2.52207e-06 -5.8854e-06 -5.7857e-07 -4.4505e-06 
-3.71927e-10 8.6882e-05 -0.00128628 9.24623e-09 -0.00124324 3.42911e-08 -0.00122259 -6.54343e-05 -5.38316e-11 -3.12485e-05 -1.54427e-05 -4.30652e-10 0.000940993 1.826e-10 0.00146598 5.05765e-05 -2.35547e-07 -2.59171e-05 -8.79739e-05 -0.000268772 -0.000119196 5.55095e-07 2.15831e-07 -0.000144992 -6.25959e-07 -8.89199e-09 -8.40572e-05 -0.000441354 -3.25436e-09 0.000178636 0.000521791 -1.17512e-08 -1.94877e-05 8.65084e-05 1.41106e-07 -8.70114e-09 -5.25577e-07 -1.12063e-07 -3.41586e-09 8.64929e-06 8.76906e-05 2.59587e-05 3.54349e-06 -1.49688e-05 6.19015e-05 -2.02498e-05 3.25857e-05 1.71276e-06 1.31702e-05 -0.00117012 7.19099e-08 -1.19175e-07 -1.73921e-05 -0.00122119 -1.29196e-09 1.53926e-05 4.88572e-07 7.2537e-05 6.82356e-05 5.27852e-08 2.93348e-06 -1.77463e-06 -1.84285e-05 0.00125127 -1.21471e-05 0.000930936 9.23333e-07 -0.000742029 3.89097e-05 1.23724e-08 8.42241e-05 -1.15764e-07 -2.09049e-08 -3.74712e-06 5.27583e-06 -2.95523e-06 6.72847e-07 8.85216e-05 -1.97004e-07 -8.61207e-08 -1.39002e-06 -7.04204e-06 1.46568e-07 0.00120666 0.00121511 -0.0002318 -7.93791e-05 1.16227e-06 3.536e-05 -1.28557e-06 1.6979e-06 -4.63554e-07 -2.01708e-08 -3.29846e-06 -1.12557e-10 8.26895e-05 -3.48359e-07 -0.000109694 4.87863e-05 -1.80617e-06 
8.86468e-09 3.11489e-05 -0.00388225 -1.5908e-05 -0.00356829 2.77347e-06 0.000128043 -0.014475 1.28305e-09 0.000624794 -0.000638992 1.02644e-08 0.00516234 -0.000124437 5.05765e-05 0.0337677 -5.70025e-05 -0.00157161 -3.25197e-05 0.00735708 0.00241269 -2.04424e-06 1.33479e-07 -0.000163928 1.24077e-05 -3.07473e-06 -0.00047066 0.00714847 -2.69101e-07 8.92795e-06 -0.00120383 -1.4921e-05 -0.00950914 1.74994e-05 -2.32373e-05 -3.72613e-07 -9.03365e-05 -0.000636386 -3.65252e-07 2.60239e-06 2.20854e-05 -3.63719e-05 -0.00463968 0.000337791 4.55049e-06 -0.00792878 0.00382645 -3.08771e-05 -4.91226e-05 -0.00475764 -1.73292e-07 -5.60326e-05 -0.00752123 -0.00106667 4.12644e-09 -1.2427e-06 -7.99842e-07 -0.0035415 0.00501071 1.30637e-08 -0.000165693 -1.34505e-05 -0.00394824 0.00404515 -0.00080611 0.00511827 -1.45295e-06 0.00872371 1.7687e-05 -9.77705e-06 -0.00027622 2.59989e-06 6.57153e-07 -2.64977e-05 -1.39077e-05 -0.00122263 -5.17332e-06 -5.98141e-05 -9.12345e-05 -2.5594e-05 -0.00014398 -0.00528101 -0.000111884 0.00311196 0.00309317 -0.000314792 0.00716092 -1.45351e-06 7.45821e-06 -0.000744322 -1.20298e-05 -5.49163e-06 5.1299e-07 5.08915e-05 2.68273e-09 -0.000461565 -8.06939e-05 -0.0164443 3.21802e-05 -0.000912004 
-4.06448e-11 2.7806e-07 -5.06198e-05 -1.06463e-08 -6.07594e-06 -1.77447e-08 -5.75574e-05 1.25064e-05 -5.8828e-12 5.30666e-06 -1.11745e-06 -4.70624e-11 1.33414e-05 1.73413e-07 -2.35547e-07 -5.70025e-05 0.000160414 -2.25286e-06 -1.02317e-06 -5.62853e-05 -1.70302e-05 -1.39209e-07 3.4719e-08 -9.51321e-07 3.04239e-07 3.90283e-08 -5.50665e-05 -2.3501e-05 -3.55642e-10 3.86224e-06 1.82627e-05 -8.56964e-09 4.00407e-06 7.30588e-08 -1.59071e-08 -9.50874e-10 -5.74359e-08 -4.07352e-07 -3.7329e-10 -4.48831e-08 9.15089e-08 -8.86656e-08 2.05946e-05 3.61117e-06 -2.20562e-08 3.19568e-06 1.23283e-05 9.06314e-07 1.76213e-06 -3.34627e-05 -5.19826e-10 -4.14368e-08 5.93276e-05 -6.11471e-05 -1.41187e-10 -2.48538e-08 -5.2036e-10 3.26861e-07 -7.49593e-06 -5.98976e-11 1.87471e-06 -2.45297e-07 5.69718e-05 -1.51154e-05 5.17598e-05 1.67307e-05 -3.71558e-08 -3.86412e-05 1.08894e-07 7.88571e-08 7.2947e-06 -2.75861e-08 -3.01306e-09 -3.60584e-07 -7.37703e-09 3.17148e-07 -9.88845e-09 1.57606e-07 1.13847e-06 4.05886e-08 -1.69753e-07 4.3721e-05 7.78709e-06 -4.79007e-06 8.69246e-06 -1.2896e-05 -3.03776e-05 -1.57338e-09 3.5564e-08 -7.15595e-09 -1.5529e-08 2.56183e-07 -2.93284e-09 1.64263e-05 -1.23004e-11 1.87107e-07 4.08892e-07 -2.11161e-06 -2.60858e-07 2.05489e-06 
-4.6257e-09 -1.70373e-05 0.00205348 -4.64961e-07 0.00192383 -3.59481e-07 0.000976797 0.00115542 -6.69509e-10 -0.000298072 -1.18922e-05 -5.35607e-09 -0.00361421 -7.30081e-06 -2.59171e-05 -0.00157161 -2.25286e-06 0.0179259 1.75843e-05 -0.00144216 -0.00249311 -2.13056e-05 -7.44812e-08 7.75587e-05 3.13488e-05 -1.10591e-07 0.0003225 -0.0059787 -4.04748e-08 -5.98732e-05 -0.00748701 6.68042e-07 0.000464124 -1.39769e-05 -1.00368e-06 -5.82169e-08 -2.24332e-06 8.27859e-05 -2.24834e-08 -2.28138e-06 -1.18038e-05 -8.50083e-06 0.000538177 0.00052702 -2.51017e-06 0.00163144 -0.00101138 -9.64992e-07 -1.25659e-05 0.00320569 1.74173e-07 0.000155094 0.000699636 0.000518965 1.05985e-08 4.88115e-07 4.40779e-07 6.36614e-05 -0.0013316 -6.81681e-09 -4.90159e-05 -2.10567e-05 -3.52046e-05 -0.00137957 -0.000178976 -0.00378862 -4.20528e-06 -1.6543e-05 -8.76856e-06 1.70539e-05 -1.57892e-05 8.91716e-06 -3.4291e-07 -4.39077e-05 6.82377e-06 0.000276856 5.12795e-06 0.000144546 -2.34682e-06 9.44891e-06 -1.01159e-05 0.00136379 4.06387e-06 -0.00149067 -0.00168676 0.000229205 -0.00333042 -1.79063e-07 -4.75383e-06 7.56079e-05 -1.09399e-06 -1.48212e-05 5.28862e-08 1.25138e-05 -1.39988e-09 -2.56107e-05 -7.26472e-06 0.0017538 1.59956e-05 0.00124983 
2.58166e-10 -0.000707953 0.000610258 -3.66757e-05 0.000731821 -3.30623e-07 0.000775093 3.89144e-05 3.73661e-11 -0.000172096 -3.63282e-06 2.98929e-10 1.34646e-05 -2.43255e-06 -8.79739e-05 -3.25197e-05 -1.02317e-06 1.75843e-05 0.00101804 0.000663631 -0.000733383 -6.09982e-07 -4.9726e-07 0.000787957 -8.41379e-07 -4.71611e-08 0.00064293 -0.00049091 2.25895e-09 -0.000543209 0.000166172 -6.22344e-08 1.30528e-05 -0.000707834 -1.81563e-06 -3.20627e-07 -8.49851e-06 -1.09654e-05 2.37105e-09 -1.9158e-07 -0.000624978 -1.52682e-06 -6.97894e-06 -1.03694e-05 -0.000121993 -9.5129e-07 -5.25125e-05 -9.44838e-06 -2.52398e-06 0.000658924 -2.91003e-06 2.0653e-07 1.02301e-05 0.000567789 -6.7577e-07 6.78652e-08 3.30521e-09 -0.000624405 0.000636266 -5.29529e-08 1.28818e-06 -3.16153e-05 1.20638e-05 -0.000690962 -0.000105677 0.00013571 2.36005e-07 0.000602782 -0.000562451 -9.82344e-08 -0.000635901 -4.23145e-06 -5.21086e-06 2.47933e-07 -3.59981e-06 -8.11161e-06 6.28091e-08 -0.000666008 -3.78659e-06 -9.50221e-07 -1.7651e-06 7.61104e-06 -4.14001e-06 -0.000118025 -4.95453e-05 0.000201334 0.000618566 -7.81334e-06 -0.000272328 6.95688e-07 -2.86136e-06 -4.39356e-05 -1.41371e-07 -1.74301e-05 7.81292e-11 -0.00063015 -1.26727e-05 6.03339e-05 -7.80976e-06 -0.000102973 
-2.96907e-08 -0.000638028 0.00203008 -5.28228e-05 -0.000164972 1.89556e-06 0.00437187 -0.00441774 1.00968e-09 0.000448739 0.000292118 8.07744e-09 0.000607314 -5.2094e-06 -0.000268772 0.00735708 -5.62853e-05 -0.00144216 0.000663631 0.0267785 -0.00823936 -0.000479514 1.39027e-06 0.000717418 -4.93149e-05 -1.65989e-06 0.00267978 -0.00386121 -4.52294e-07 -0.00142406 0.00517124 -1.68917e-06 -0.00233333 -0.000655549 -4.06492e-07 -7.73466e-07 -6.19488e-05 -0.000771329 -2.25979e-08 1.63007e-06 -0.000612023 -0.000215352 -0.00522542 0.000252682 -0.000113434 -0.00643401 0.00285056 -4.31596e-06 -0.000551725 0.00119475 -2.92411e-06 -2.10614e-05 -0.00553685 -0.00154298 -4.12434e-07 -4.43376e-05 -2.98736e-06 -0.00350315 0.00643719 -4.3053e-08 -0.000197724 -3.32124e-05 -0.0016806 0.000760984 -0.000762652 0.00093824 -1.89829e-05 0.00817901 -0.000549167 -4.60506e-06 -0.00168621 -6.15335e-07 -2.27286e-06 6.15729e-05 -1.70072e-05 -0.000996004 -6.07282e-06 -0.00249858 -0.000107218 -1.75414e-05 -6.43149e-05 -0.00638759 -8.844e-05 -0.000673077 -0.00206599 0.000770867 0.00890553 -8.04329e-06 -0.00026728 -0.000712244 -8.31387e-07 -0.000112098 3.90038e-07 6.75323e-05 2.11115e-09 -0.000664279 -0.000109091 -0.00941257 -4.24582e-05 -0.00361749 
-4.04524e-09 0.000670745 0.0132901 2.88028e-05 0.00785012 -1.21706e-05 0.00341843 -0.00532476 -5.89251e-09 -0.000698785 -0.00149021 -4.71401e-08 -0.0256485 -2.45591e-05 -0.000119196 0.00241269 -1.70302e-05 -0.00249311 -0.000733383 -0.00823936 0.134879 -0.00018357 -1.97772e-05 -0.00301355 3.76477e-05 3.03331e-07 -0.00160731 0.0777237 -2.46229e-07 0.000922193 -0.0389166 -6.51045e-06 -0.00178938 0.000624169 -1.28667e-05 -6.09111e-07 0.000113493 0.000925323 2.36093e-07 9.46761e-05 0.00052185 -7.74286e-05 -0.000276693 -0.00120836 9.77007e-05 -0.00253423 -0.0141677 -1.54704e-05 -0.000191194 0.0103203 2.39265e-06 -4.08119e-05 -0.00143108 -0.0105227 1.45246e-07 -2.18515e-05 -5.1122e-07 0.00431648 -0.0529101 1.0667e-07 -0.000422451 0.000518005 -0.000448275 0.0125307 0.00116403 -0.0308952 -3.67438e-05 -0.0452046 0.000472067 -1.95367e-06 0.000533981 1.57173e-06 1.92196e-06 -0.000393905 -7.04254e-06 -0.000395308 -6.26811e-06 0.00248693 -1.09445e-05 1.30997e-05 6.01234e-05 -6.45929e-05 -2.1235e-05 -0.00702991 -0.00881363 -0.00097775 0.000190488 8.02402e-06 0.000231254 -0.000108238 1.8672e-05 0.000769306 6.81231e-06 -0.000382911 -1.23207e-08 0.00042896 -3.421e-05 -0.0109495 -0.000162289 0.00243026 
-3.35602e-10 4.17062e-07 -0.000438713 -1.45724e-08 2.72985e-05 -1.46517e-07 -2.50837e-06 -5.86056e-05 -4.8574e-11 -1.21672e-05 -1.44674e-05 -3.88592e-10 0.000375506 -5.13996e-07 5.55095e-07 -2.04424e-06 -1.39209e-07 -2.13056e-05 -6.09982e-07 -0.000479514 -0.00018357 0.00132299 1.13211e-06 -2.25687e-06 -5.58356e-08 -8.02355e-09 -0.000397377 -0.000432034 -2.93652e-09 5.21376e-06 -0.00025376 -7.07591e-08 3.42939e-06 1.11852e-07 -1.11344e-07 -7.85133e-09 -4.14246e-07 -3.6112e-06 -3.08224e-09 9.27355e-08 2.64193e-07 -2.18775e-07 -7.55174e-06 -4.31719e-06 -1.82117e-07 0.000441198 -0.000137274 -1.73096e-07 0.000406955 -0.000617581 -4.29218e-09 7.45243e-08 -1.49568e-05 0.000116304 1.21676e-08 3.38145e-06 -4.2966e-09 1.78801e-06 0.000141971 -4.94572e-10 2.48584e-06 -1.70207e-06 -1.32556e-05 -0.000103062 -4.69105e-06 -9.44466e-05 6.9873e-08 -0.000319833 2.04409e-07 -3.69604e-08 0.000351893 6.42223e-07 -4.87874e-09 -2.77684e-06 -6.09119e-08 -1.15757e-07 4.83514e-08 -6.1596e-07 -1.443e-08 3.56237e-08 -1.40164e-06 -9.17755e-06 -2.16649e-07 -3.9227e-05 0.000447004 -4.8474e-05 -0.000358541 -1.29913e-08 -3.66906e-07 -5.16681e-07 -1.28222e-07 -1.60034e-06 -2.42164e-08 6.58287e-07 -1.01564e-10 2.6134e-06 5.46448e-06 0.000430003 -1.21056e-06 -2.00855e-06 
-3.46552e-11 7.61434e-07 -3.60395e-05 -9.07737e-09 -6.393e-05 1.2182e-06 -1.18231e-05 -4.9095e-06 -5.01588e-12 -1.66303e-06 1.48224e-06 -4.0127e-11 3.30412e-05 -5.96164e-08 2.15831e-07 1.33479e-07 3.4719e-08 -7.44812e-08 -4.9726e-07 1.39027e-06 -1.97772e-05 1.13211e-06 0.000136778 -4.2153e-06 6.01298e-07 -8.28532e-10 -4.37599e-05 -3.99668e-05 -3.03233e-10 -3.65072e-07 6.96745e-06 -7.30677e-09 -1.21538e-06 5.28432e-07 -1.35629e-08 -8.10748e-10 -2.56385e-08 -3.09568e-07 -3.1828e-10 1.95506e-06 5.44163e-07 4.57734e-07 -7.805e-07 8.61818e-06 -1.88059e-08 -1.51235e-06 -1.13069e-05 -2.30375e-08 4.14708e-06 -4.15867e-05 -4.43221e-10 5.81336e-07 -1.01852e-06 -2.80051e-05 -1.20381e-10 7.92142e-07 -4.43677e-10 -1.73482e-08 1.04347e-05 -5.10708e-11 2.33022e-05 -2.09148e-07 -9.17147e-07 4.04845e-06 -1.27339e-06 3.0031e-05 5.34986e-07 2.62172e-05 5.58987e-07 -3.81663e-09 1.51825e-06 -2.35208e-08 -2.56904e-09 4.41326e-06 9.03768e-08 -7.14157e-08 -8.43123e-09 9.93955e-08 4.97704e-09 1.81976e-07 -1.34737e-07 -1.21274e-06 -2.23717e-08 1.39162e-05 1.97671e-05 -1.34092e-05 5.22618e-07 -1.34152e-09 7.21123e-08 -1.19786e-07 -1.32405e-08 -1.65255e-07 -2.50064e-09 1.60677e-06 -1.04877e-11 1.16399e-06 5.9702e-07 -1.00746e-05 4.09165e-08 9.63416e-08 
1.29269e-09 -0.000695232 0.00139942 -3.79281e-05 0.00277121 -2.0589e-05 0.00239181 0.000207705 1.87099e-10 -0.00153219 -8.52516e-05 1.49679e-09 -0.0011875 -3.55029e-05 -0.000144992 -0.000163928 -9.51321e-07 7.75587e-05 0.000787957 0.000717418 -0.00301355 -2.25687e-06 -4.2153e-06 0.00507667 -2.15828e-06 -2.24279e-08 0.0005642 -0.000987736 1.1311e-08 -0.000856068 -0.000415311 1.55886e-07 6.00024e-05 -0.000726066 -1.93408e-06 -3.96425e-07 -1.58499e-05 -1.76703e-05 1.18723e-08 -3.35725e-05 -0.000611633 -2.84234e-05 3.5971e-06 3.59238e-05 -0.000117892 7.87814e-05 -0.00147237 -1.78307e-05 -9.78344e-06 0.00272905 -2.8968e-06 4.1121e-07 6.07328e-05 0.00362056 4.49038e-09 -8.65287e-06 -1.9345e-07 -0.00121138 0.000523617 -5.14283e-08 -0.000160123 -6.23885e-05 5.21078e-05 -0.00368469 -0.00101524 0.000266511 -6.86828e-06 0.00149773 -0.000551419 -2.80968e-07 -0.00061146 -6.7264e-07 -3.75044e-08 5.7508e-07 -3.50871e-06 7.62867e-06 -3.08836e-07 -0.000900924 -3.06195e-06 -4.55734e-06 -3.73443e-06 -3.52985e-06 -3.95217e-06 -0.00191578 -0.00166534 0.0014257 0.000542593 -9.31329e-06 -0.000274047 2.24819e-06 -3.37611e-06 -4.78291e-05 -4.71006e-06 -2.05851e-06 3.91208e-10 -0.000666634 -3.55664e-05 0.000358998 -9.04302e-05 -6.70836e-05 
-1.82786e-10 -3.7661e-07 -0.000160542 1.22122e-07 -2.58161e-05 6.86866e-07 -2.87901e-05 -2.357e-05 -2.64559e-11 -1.88922e-05 -7.89839e-06 -2.11647e-10 6.791e-05 -2.77756e-08 -6.25959e-07 1.24077e-05 3.04239e-07 3.13488e-05 -8.41379e-07 -4.93149e-05 3.76477e-05 -5.58356e-08 6.01298e-07 -2.15828e-06 0.000721003 -4.37003e-09 -0.000142294 -0.00011831 -1.59938e-09 -1.23998e-06 -8.94054e-05 -3.8539e-08 3.65028e-05 -2.40874e-07 2.38463e-07 -4.27623e-09 -2.58298e-07 6.46494e-07 -1.67874e-09 6.21487e-07 1.34543e-06 1.53713e-05 -3.58669e-06 1.22675e-06 -9.91902e-08 -2.94666e-06 -1.85904e-05 -1.21509e-07 3.10186e-06 -0.000306852 -2.33774e-09 7.00319e-07 -6.92198e-06 3.6681e-05 -6.34941e-10 6.15622e-08 2.09932e-08 2.62908e-06 -0.000106916 -2.69369e-10 8.22577e-06 3.0102e-06 -1.361e-06 -5.25943e-05 -7.21626e-06 9.30987e-05 -6.70952e-08 4.33431e-05 -4.09717e-07 -2.01305e-08 3.68973e-07 -1.17392e-07 4.7645e-07 -1.52979e-06 -3.31756e-08 -4.3251e-08 1.74886e-06 6.71574e-06 -9.68188e-08 4.44342e-07 5.19928e-07 -2.85315e-06 -1.17998e-07 7.66152e-05 3.86283e-05 -3.37702e-05 -1.43768e-05 -7.07574e-09 -1.99836e-07 7.21531e-07 3.34971e-08 -2.11624e-07 1.00144e-07 -1.57215e-06 -5.53168e-11 -5.97241e-07 2.90234e-07 -3.29491e-05 1.69021e-06 1.96817e-05 
-1.53436e-12 4.73459e-08 -1.13639e-06 -4.019e-10 -7.08211e-07 -6.69867e-10 -1.29658e-06 -2.81124e-07 -2.22078e-13 -1.70003e-07 -4.48987e-08 -1.77662e-12 3.76502e-07 -2.63952e-09 -8.89199e-09 -3.07473e-06 3.90283e-08 -1.10591e-07 -4.71611e-08 -1.65989e-06 3.03331e-07 -8.02355e-09 -8.28532e-10 -2.24279e-08 -4.37003e-09 6.05663e-06 -1.51516e-06 -6.57357e-07 -1.34256e-11 -4.51471e-09 1.30995e-06 -3.23507e-10 6.08739e-07 4.85413e-08 -6.00498e-10 -3.58958e-11 -2.16823e-09 -1.65102e-08 -1.40918e-11 -1.69435e-09 4.92378e-08 1.7332e-07 2.45443e-07 2.25351e-08 -8.3263e-10 -1.0297e-07 -7.35566e-07 -1.01998e-09 -8.09883e-09 -9.40785e-07 -1.96236e-11 -1.56426e-09 -2.69118e-08 -2.78702e-07 -5.32987e-12 2.23951e-08 -1.96438e-11 5.32839e-09 1.59675e-07 -2.26116e-12 2.16901e-07 -9.26004e-09 4.31169e-07 -5.37857e-07 1.96007e-07 4.78838e-07 -1.40264e-09 1.65587e-07 1.32274e-08 -1.68981e-10 3.79072e-08 -1.04138e-09 -1.13744e-10 7.83364e-09 -2.78486e-10 -1.6592e-08 -3.73293e-10 3.32353e-08 -8.12724e-10 -3.55284e-10 -6.40824e-09 6.06306e-07 -9.90507e-10 8.44122e-07 1.08283e-06 -1.09466e-06 -7.00567e-08 -5.93957e-11 5.16559e-08 -5.30352e-09 -5.86225e-10 -7.31666e-09 -1.10716e-10 2.45085e-08 -4.64344e-13 1.26365e-07 -2.93603e-09 4.86609e-07 -9.84749e-09 3.68148e-07 
-2.47833e-07 -0.000656803 0.0130165 -3.66193e-05 0.00513232 -1.44353e-05 0.00305058 0.000768313 -3.58706e-08 -0.00143836 -0.000304995 -5.36311e-08 -0.00866458 -1.09784e-06 -8.40572e-05 -0.00047066 -5.50665e-05 0.0003225 0.00064293 0.00267978 -0.00160731 -0.000397377 -4.37599e-05 0.0005642 -0.000142294 -1.51516e-06 0.0212406 0.00184249 -7.01872e-07 -0.000451229 -0.00138081 5.83044e-07 2.89003e-05 -0.000616461 -1.44573e-05 -5.17987e-07 2.35268e-06 -0.000332757 -9.28167e-08 -7.03607e-06 -0.000637998 8.38922e-07 -1.64077e-05 -0.0023335 -0.000122499 -0.00106665 -0.00773463 -7.86689e-06 -0.000571567 0.00679234 -2.89632e-06 -1.19724e-05 -2.40498e-06 0.00124775 -7.4756e-07 -2.08633e-05 4.70859e-08 -0.00122942 0.000539637 -4.52275e-08 -0.0010406 -0.000116331 0.00013131 -0.00146168 -0.00119679 -0.0108093 -1.05123e-07 0.00021758 -0.000550898 -3.30902e-07 -0.00173549 -3.33768e-05 -1.52522e-05 3.60535e-05 -1.16502e-06 -5.28808e-05 -5.82182e-06 -0.00123569 -2.02032e-05 -1.87497e-05 -0.000162494 0.000126182 -2.67922e-06 -0.00318394 -0.0053612 0.000729659 0.00149409 -4.48708e-06 -0.000265217 1.60754e-05 -3.07516e-06 -2.73112e-05 -1.40644e-06 -0.000477746 -7.50021e-08 -0.000662693 -5.13082e-05 -0.000638492 -1.91686e-05 -0.00098479 
-8.47986e-08 0.000418171 0.0368966 1.71217e-05 0.0335243 -3.70213e-05 0.0214656 -0.0139784 -1.22735e-08 -0.00865466 -0.00358984 -6.15212e-08 -0.0650792 -0.00012571 -0.000441354 0.00714847 -2.3501e-05 -0.0059787 -0.00049091 -0.00386121 0.0777237 -0.000432034 -3.99668e-05 -0.000987736 -0.00011831 -6.57357e-07 0.00184249 0.222686 -6.18655e-07 -0.000465106 -0.111413 -6.77912e-06 -0.00405949 0.000437352 -3.16908e-05 -9.50508e-07 5.70562e-05 2.3241e-05 -1.18809e-07 3.27222e-05 0.000360261 -0.000180883 -0.00129337 -0.0026619 3.97034e-05 -0.00492125 -0.0360707 -5.31777e-05 -0.000412092 0.0482758 1.86214e-06 -8.37078e-05 -0.00371988 0.0132374 -7.89701e-09 -3.81799e-05 -1.08565e-06 0.0019731 -0.0349742 1.17003e-08 -8.66043e-05 0.000462399 -0.00345815 -0.0196479 -0.0032913 -0.0672259 -7.7006e-05 -0.0125392 0.000349776 -8.99901e-06 2.77679e-05 -1.85771e-05 -2.88959e-06 -0.000814656 -1.30276e-05 -0.000855463 -1.76406e-05 0.00160999 -3.60298e-05 -8.43868e-06 -0.000199561 -0.00149502 -5.12753e-05 -0.0279521 -0.0294089 0.00363968 0.00321981 5.31073e-06 0.000162615 -0.000182324 1.25513e-05 0.000664927 3.69444e-06 -0.000846568 5.10039e-08 9.16075e-05 -0.000122148 -0.00615758 -0.000504098 0.00283722 
-5.61556e-13 -2.19133e-09 -5.446e-07 -1.47091e-10 2.36433e-07 -2.45163e-10 1.66273e-07 6.97112e-07 -8.12778e-14 -6.22189e-08 -2.49721e-08 -6.50222e-13 7.34346e-08 -9.66031e-10 -3.25436e-09 -2.69101e-07 -3.55642e-10 -4.04748e-08 2.25895e-09 -4.52294e-07 -2.46229e-07 -2.93652e-09 -3.03233e-10 1.1311e-08 -1.59938e-09 -1.34256e-11 -7.01872e-07 -6.18655e-07 2.21666e-06 -7.75213e-09 -3.03306e-07 -1.184e-10 1.66926e-07 -1.75384e-09 -2.19775e-10 -1.31374e-11 -7.93545e-10 -6.04253e-09 -5.15744e-12 -6.20113e-10 7.51677e-08 -1.22502e-09 -1.26473e-08 2.09862e-07 -3.04733e-10 6.72314e-07 -3.25417e-08 -3.73301e-10 -2.96407e-09 -6.14195e-07 -7.182e-12 -5.72498e-10 1.73071e-07 2.56599e-07 -1.95067e-12 -3.43384e-10 -7.18939e-12 -2.3669e-08 -8.03274e-07 -8.27556e-13 -6.01402e-09 -3.38906e-09 -2.88511e-08 -1.88913e-07 -2.22006e-08 5.34117e-07 -5.1335e-10 -1.18701e-06 -1.25873e-09 -6.1845e-11 5.87688e-07 5.96189e-08 4.99584e-08 -5.6727e-09 -1.01922e-10 -6.07247e-09 -1.36621e-10 -7.35565e-09 -2.97447e-10 -1.3003e-10 5.24321e-07 1.33682e-07 -3.62514e-10 -2.01331e-07 1.54864e-07 2.79001e-08 -1.15887e-06 -2.17381e-11 -6.13935e-10 -1.94102e-09 -2.14551e-10 -2.67781e-09 -4.05207e-11 -5.66969e-09 -1.69944e-13 -3.77034e-09 -1.07455e-09 6.16418e-07 -3.60406e-09 -2.2637e-08 
-8.85957e-10 0.000506323 -0.00231001 3.44713e-05 -0.00253856 -2.60124e-07 -0.00270233 -0.000117225 -1.28231e-10 0.000119635 -1.89981e-05 -1.02585e-09 0.00171641 1.67926e-05 0.000178636 8.92795e-06 3.86224e-06 -5.98732e-05 -0.000543209 -0.00142406 0.000922193 5.21376e-06 -3.65072e-07 -0.000856068 -1.23998e-06 -4.51471e-09 -0.000451229 -0.000465106 -7.75213e-09 0.00348497 0.00104321 2.1987e-07 -4.32548e-05 0.00053587 1.6766e-06 1.4594e-07 5.54804e-06 -3.51654e-06 -8.13682e-09 1.52832e-06 0.000464322 8.63731e-06 0.000126237 -3.09171e-05 0.000107109 -3.19661e-05 -0.000135146 -4.28952e-07 1.07403e-05 -0.00259331 2.902e-06 -5.63222e-07 4.25615e-05 -0.00199428 2.02558e-08 1.97825e-06 6.81991e-07 0.000470874 -0.00032045 5.20277e-08 1.52584e-05 3.71498e-05 -1.62246e-05 0.00240259 3.20679e-05 0.000890969 1.6901e-06 -0.00123655 0.000418837 -8.75719e-08 0.000471759 1.38691e-07 -6.56774e-08 -8.0764e-06 5.26587e-06 1.72956e-06 1.37112e-06 0.000551532 3.40557e-08 2.07485e-06 7.63133e-07 0.00019325 7.62807e-06 0.00210362 0.00199397 -0.000851694 -0.000620693 5.2957e-06 0.000156491 -5.3899e-07 1.14151e-06 2.11653e-05 7.27379e-08 -6.99165e-06 -2.68119e-10 0.000483622 1.3647e-06 -0.00023977 1.14039e-05 -1.09207e-05 
1.40955e-07 -0.000165083 -0.0387859 -1.24123e-05 -0.0478327 4.74515e-05 -0.0360977 0.00408039 -1.62652e-08 0.0141098 0.0001582 -7.01217e-08 0.0761175 0.000194562 0.000521791 -0.00120383 1.82627e-05 -0.00748701 0.000166172 0.00517124 -0.0389166 -0.00025376 6.96745e-06 -0.000415311 -8.94054e-05 1.30995e-06 -0.00138081 -0.111413 -3.03306e-07 0.00104321 0.246819 2.6216e-05 -0.00514658 -0.000188577 1.45022e-05 2.07617e-07 -7.33532e-05 -0.000436881 -1.0321e-06 -7.32462e-05 -0.000250961 0.000131324 0.00135742 -0.00415572 -4.00494e-05 -0.00680533 0.0265184 7.02354e-05 -0.000129804 -0.0678938 -8.90587e-07 -9.29877e-05 0.00129515 -0.0275023 -3.03698e-07 1.98558e-05 1.46793e-06 -0.0022132 -0.00758716 -1.52276e-07 -0.000121033 -0.000132008 0.00207392 0.0184246 0.00530555 0.00224152 0.000120529 -0.0308713 -0.000243243 -1.34635e-06 -0.000996395 -6.15054e-05 -8.21741e-06 -0.000803484 2.32168e-05 -7.42355e-05 -2.63703e-05 -0.00115874 -5.35514e-05 -1.85138e-06 0.000347321 0.0022176 1.06042e-05 0.0340588 0.0364631 -0.0076688 -0.000893513 -4.30205e-07 -0.00011533 0.000293338 -3.30691e-05 -0.000399736 -7.58561e-06 0.000520934 4.26576e-08 -0.000308078 -2.64128e-06 -0.0242802 -0.000659821 -0.00442335 
-1.35314e-11 6.38638e-08 5.36451e-06 6.9789e-08 9.8081e-07 -5.90751e-09 3.2802e-06 4.39341e-05 -1.95849e-12 2.54409e-06 1.38783e-05 -1.56679e-11 -1.06405e-05 -2.32777e-08 -1.17512e-08 -1.4921e-05 -8.56964e-09 6.68042e-07 -6.22344e-08 -1.68917e-06 -6.51045e-06 -7.07591e-08 -7.30677e-09 1.55886e-07 -3.8539e-08 -3.23507e-10 5.83044e-07 -6.77912e-06 -1.184e-10 2.1987e-07 2.6216e-05 5.34105e-05 -1.53306e-07 4.41072e-07 1.31371e-07 -3.16563e-10 6.57545e-07 1.46106e-06 -1.24275e-10 -1.49424e-08 6.72147e-08 -2.95183e-08 3.10858e-06 -3.82238e-07 -7.34291e-09 -7.31416e-07 -5.33358e-06 -8.99516e-09 -7.14231e-08 1.0204e-05 -1.73059e-10 -1.37951e-08 2.44495e-08 -7.53674e-06 -4.70037e-11 -8.27426e-09 -1.73237e-10 -2.23668e-07 -4.60466e-05 -1.9941e-11 -1.44915e-07 3.355e-06 3.9648e-06 -5.96441e-06 -3.51617e-07 -9.59001e-06 -1.23698e-08 -3.67065e-05 4.63359e-08 3.18431e-08 -5.93751e-08 -9.18389e-09 -1.0031e-09 7.66426e-08 -2.45595e-09 1.77368e-06 -3.29204e-09 -1.00577e-07 -7.16736e-09 -3.13323e-09 2.96349e-06 5.56981e-06 4.37931e-07 -4.87165e-06 -4.92301e-06 6.19274e-07 -2.07092e-05 -5.23807e-10 -1.47935e-08 4.06562e-07 -5.16988e-09 -6.45251e-08 -9.76396e-10 -1.36618e-07 -4.09502e-12 -1.41843e-08 -2.58926e-08 -1.04966e-06 -8.68444e-08 -5.188e-07 
