0.0975384 0.00157136 -0.00299439 0.0117441 -0.000368272 -0.0003438 0.00304082 -0.0152315 -0.00899585 0.00777896 -0.0017005 -0.00284671 0.00236195 9.89902e-06 -0.00267203 0.00308089 -0.0095527 0.00936026 0.000184513 0.000388615 -0.0184994 -0.000679913 -0.00553483 -0.00968046 -0.00310114 -0.00249659 0.000423383 -0.00528134 -0.0121451 0.00651855 -0.00122313 0.00575623 0.00150996 -0.00634172 0.000701264 -0.000219524 -3.13173e-06 -2.1154e-05 -0.00145882 0.00752622 -0.00375259 0.00102367 0.00319484 -1.12502e-05 -2.33668e-05 -5.48383e-05 -3.56508e-05 0.0418873 -0.000378193 0.0223867 0.00180096 -0.00220098 0.00181211 -0.0256868 0.00114024 -0.00184944 0.000121701 -0.00446051 -0.00072324 -0.00468808 0.00397313 -0.00674749 -4.86605e-05 -0.00549675 -0.00107716 0.000972242 0.00298963 -0.0246072 -0.000579383 -0.000119021 0.00109992 0.00319972 -0.000380153 -0.0108036 -0.0027554 -9.72171e-06 -0.000142958 0.000661199 -1.15477e-05 -0.0235539 -6.53621e-05 7.87346e-06 -0.00108192 0.00284588 -0.00118423 -0.000541257 -0.00030137 -0.00339022 -0.000454174 -0.000314495 -2.50822e-05 0.000275945 -0.000155585 -0.00068475 -0.00849162 -0.000222812 7.2857e-10 -5.1986e-06 -0.000164199 -0.000216379 
0.00157136 0.0111737 -0.000239045 -0.0050701 -3.50998e-05 -2.46707e-05 0.000159371 0.00289324 -0.00103297 -0.00363914 -0.00017609 -0.000129701 7.8629e-05 5.70726e-06 -0.000307902 -0.000342542 -2.87344e-05 -0.00381002 -0.00069512 0.000319518 -0.0026165 -0.000280581 -0.000601141 0.00128723 -0.000375332 -0.00257484 -2.49695e-05 -0.000400507 -0.00143573 0.00120732 -7.5145e-05 0.00104549 -0.000459241 -0.00105646 -9.291e-05 -2.95475e-05 -4.02955e-07 4.03422e-06 -0.000158923 -0.00022636 -0.000393002 -0.000824815 0.000820605 -1.25898e-06 -2.57205e-06 -7.4097e-06 -1.4773e-06 -0.000220509 -0.000384149 0.00384535 6.8475e-05 -0.000235917 0.00172595 0.00186291 3.24487e-06 -0.000174777 -0.000377704 0.00394471 -7.73702e-05 -0.000479771 -0.000923152 -0.000695311 -2.29039e-05 -0.000610102 -0.00348616 -6.02296e-05 -0.000190151 0.00286547 -3.16772e-05 -8.68464e-06 -0.000111749 -4.31926e-05 5.32309e-06 0.00346068 -0.000298046 1.42112e-06 -1.61647e-05 -7.10617e-05 -1.03547e-07 -0.00191373 5.04241e-06 -3.15485e-06 -0.000215419 -5.69117e-05 -0.000311723 -9.15687e-05 -0.000326894 -0.000403016 -5.19529e-05 -3.20093e-05 -2.22954e-06 -3.82857e-06 -1.67529e-05 -9.84105e-05 0.000761494 -1.83448e-05 -9.15758e-09 9.65913e-07 -1.28241e-05 0.000130724 
-0.00299439 -0.000239045 0.0278312 -0.00317863 -7.64831e-05 -6.25483e-05 -0.000433234 -0.00636479 -0.000995228 -0.0193739 -0.000137976 0.00201986 -0.000364999 1.28212e-05 -0.000567488 0.00789004 -0.00290274 -0.0114825 -0.0150809 -0.000289871 -0.00504775 -0.000734898 0.0201596 -0.0183072 -0.000696057 0.0171803 -8.79134e-05 0.0175273 -0.00228484 -0.0196406 1.65501e-05 -0.0200724 -0.00116887 0.0177861 -0.000237873 0.000427294 4.17258e-06 8.31409e-06 -0.000401912 0.00629788 0.00106582 0.0172974 -0.0202059 -3.50856e-06 -7.05129e-06 4.9158e-05 3.55763e-05 -0.0117093 0.00510848 -0.0139061 -9.3178e-05 -0.000595588 -0.000923136 -0.000888766 -8.10707e-05 0.000812691 -2.52432e-05 0.00360091 0.000266156 0.00455118 0.00458795 0.0210657 -5.22747e-05 -0.0015014 -0.000516972 0.00181799 -0.00124922 -0.00487205 -0.0001152 -3.64026e-05 -0.000219431 -0.000177383 6.9147e-05 -0.000719531 0.0137456 5.9993e-06 -2.97675e-05 -4.59517e-06 -3.18402e-06 -0.0136892 -1.46154e-05 -7.44095e-06 -0.000536431 -0.000259484 0.0210599 0.00515541 0.00597059 -0.000914023 -0.000150574 8.57134e-05 1.02473e-06 -1.07991e-05 -2.93786e-06 -0.000247152 -0.0179391 -5.26336e-05 3.27442e-08 -1.99383e-07 -4.42503e-05 0.00151625 
0.0117441 -0.0050701 -0.00317863 0.203861 -0.000150388 -0.001465 -0.00653438 -0.104209 -0.0149864 0.029127 -0.00914468 0.00384885 0.00327406 -3.63333e-06 0.00749586 0.000625229 -0.0216926 0.0248837 0.000755045 -0.0212122 0.0441108 0.00666485 0.00414433 -0.0233194 -0.00267385 0.0321597 -0.000710334 -0.0159717 0.000147047 -0.00211236 -0.00529328 -0.00131265 0.0112322 0.00201325 -0.000471064 0.000611517 -1.38589e-05 -0.000169612 0.00360753 0.00740949 -0.0138086 0.0306636 0.00502273 -0.000104524 5.58355e-05 -0.000406654 -0.000131135 0.0146496 0.00824017 -0.0302624 -0.000123583 0.00547248 0.00524431 -0.0277393 0.000712497 -0.0061973 0.00926947 -0.0376159 -0.00329217 -0.00946096 0.0282251 0.0027175 -0.000418364 0.0154543 0.0271283 0.00178549 -0.00152634 -0.0693756 -0.00367024 -0.000676672 -0.000267218 0.000774442 -0.00158767 -0.0687879 -0.00515668 -6.77227e-05 3.99452e-05 -5.78109e-05 -5.66459e-05 -0.0242254 -0.000399348 -9.24202e-06 0.000218041 0.00176952 0.00313378 -0.000265485 0.00752167 0.00962283 -0.00271766 -0.00167319 -0.000107835 0.000106071 0.000257367 -0.000881131 -0.0240947 -2.25475e-05 -7.07517e-07 4.22834e-06 0.000122435 -0.00104376 
-0.000368272 -3.50998e-05 -7.64831e-05 -0.000150388 0.00404786 3.86437e-05 0.00040725 -0.00089763 -2.58864e-05 -0.00228169 2.79364e-05 0.00274712 5.57065e-05 -3.42641e-07 0.00242268 -4.9879e-05 -0.00244069 -0.00255788 -0.000208946 0.0003468 0.00107382 0.00246398 -0.000151942 -0.00214589 -0.000103291 -0.000680362 -8.91885e-06 -7.36219e-05 -0.000211247 -0.00298914 0.00013137 -0.00309979 0.00240877 -0.000239757 -3.07276e-05 -9.37944e-06 2.093e-05 2.75884e-07 0.00232913 -0.000118463 0.000177064 0.00156026 -0.00288001 4.18366e-06 1.36082e-05 4.67715e-06 9.86532e-07 -0.000997519 -0.0001372 -0.00145523 3.14819e-05 0.00261264 -8.82927e-05 -0.000947264 -1.42573e-05 7.80907e-05 0.00266273 -0.000235442 5.99206e-05 -9.50312e-06 0.00209083 -0.000236022 2.7339e-05 0.00167182 -0.00241548 -2.7286e-05 -0.0001854 0.00221141 0.000195428 4.49628e-05 -3.98602e-05 1.29993e-05 -6.2199e-06 -0.000431688 7.35825e-05 1.55375e-06 0.000514635 9.23574e-05 8.55769e-06 -0.00240379 0.000192859 3.64988e-05 -6.14134e-05 4.44204e-05 -9.18015e-05 -8.83469e-06 0.000653677 7.57898e-06 1.90866e-05 1.12116e-05 1.21636e-05 5.11007e-06 -1.77176e-06 -2.41609e-05 -0.002439 1.54574e-05 2.19514e-07 3.30898e-06 0.000415614 2.60164e-06 
-0.0003438 -2.46707e-05 -6.25483e-05 -0.001465 3.86437e-05 0.00343262 -1.05083e-05 -0.000271051 -0.000188362 -0.00152473 -5.20992e-05 -4.19479e-05 -1.10312e-05 -2.90381e-07 -5.66278e-05 0.000295575 1.91636e-05 -0.0013554 -0.000130917 0.000314757 -0.000455084 3.4314e-06 -0.0001786 0.000588655 6.74561e-05 -0.000742633 0.000407814 -0.000154941 -0.000408179 0.000281248 -2.31482e-05 0.000209492 -0.000105409 -0.000337701 0.000101798 -8.53756e-06 -1.29926e-07 5.56177e-05 2.8304e-06 -2.32972e-05 -0.000120575 -0.000452476 0.000173638 4.81869e-06 -8.88561e-07 3.8151e-05 0.000141165 -0.000565492 -0.000116193 -0.000872776 4.72158e-05 -2.23415e-05 2.00652e-05 0.00119974 -1.12087e-05 -4.98376e-05 7.59645e-05 0.00155936 -2.31155e-05 -0.000152098 -0.000270963 -7.83395e-05 -7.14262e-06 -0.000184039 -0.00180694 -2.28078e-05 0.000963797 0.000599524 3.78024e-05 3.24301e-05 -3.63458e-05 -1.16041e-05 0.00032263 0.000836368 -9.27092e-05 9.97622e-06 5.28798e-05 -2.13591e-05 1.94679e-06 0.000194004 4.10424e-05 -1.00234e-06 2.81449e-05 0.000366836 -0.000107748 -2.58895e-05 -9.79388e-05 -0.000122752 0.000986838 1.91708e-05 6.62801e-07 8.44944e-07 1.88575e-05 -2.31987e-05 -0.000420747 2.70714e-05 -8.88676e-09 -6.30742e-08 7.0139e-05 5.05812e-06 
0.00304082 0.000159371 -0.000433234 -0.00653438 0.00040725 -1.05083e-05 0.0245403 0.00240215 -0.00194643 -0.00122352 -1.52263e-05 -0.000455585 0.000798578 1.05444e-05 -0.000162757 0.00278741 -0.0048359 -0.000801363 -0.00102692 0.0018597 -0.00641907 -0.000412642 -0.00105838 -0.0032206 -0.00078959 -0.00420139 -4.33327e-05 -0.00102495 -0.00268297 -0.00554328 -0.000235881 -0.00771866 0.0052696 -0.00229471 -0.000196819 -4.60938e-05 1.58538e-05 0.000200618 -1.63522e-05 -0.000642365 -0.000487394 0.00427847 -0.0059226 7.72012e-05 -2.44741e-06 3.39066e-06 1.41488e-05 -0.00350378 -0.000812132 0.00561168 0.00316722 -0.000221802 0.00122222 -0.00344247 -7.46787e-05 -0.000389002 0.00529425 0.00135459 -0.000121319 -0.000365278 -0.0015069 -0.000719031 -5.15409e-05 0.00124667 -0.00736692 -0.000139744 0.000625931 0.00965643 -7.30198e-05 0.00012945 -0.000233213 0.00372273 -6.59905e-05 0.000422314 -0.000439864 8.58646e-06 4.45368e-06 0.00233328 3.88972e-05 -0.00636759 4.59122e-05 -5.02874e-06 -0.000263608 0.00416386 -0.000502113 -1.7134e-05 0.0061229 -0.000183617 -7.27148e-05 -7.17894e-05 0.000168265 -2.71804e-06 0.000281898 -0.000246405 -0.00442491 5.40236e-05 1.65051e-07 -9.93713e-07 -7.17003e-06 0.000556625 
-0.0152315 0.00289324 -0.00636479 -0.104209 -0.00089763 -0.000271051 0.00240215 0.23919 -0.0145969 -0.0187043 -0.00514028 -0.00767862 -0.00760367 -3.13333e-05 -0.0106578 -0.0176597 0.0325112 -0.0175503 0.0107737 0.0124167 -0.0675728 -0.00992511 -0.0215979 0.0705566 -0.00658074 -0.0646666 -0.00108257 0.0119525 -0.0303538 0.0459197 -0.00423344 0.0428598 -0.0162711 -0.0313622 -0.00184819 -0.000969035 4.56174e-06 -9.90995e-05 -0.00555504 -0.0115875 -0.0136409 -0.0503136 0.0330858 -6.04815e-05 -9.98759e-05 -0.000277406 -2.47567e-05 -0.0259947 -0.0135766 0.076494 -0.00132699 -0.00817941 -0.00841347 -0.00817118 -0.00105492 -0.00493664 -0.0138142 0.0324865 -0.00267893 -0.0168312 -0.0388858 -0.0211605 -0.00076843 -0.0214817 -0.0153999 -0.00273726 -0.00514212 0.0627518 0.00283911 0.000171728 -0.00272668 -0.00201297 0.000945938 0.079318 -0.0106562 -2.24259e-05 -0.000541491 -0.00164413 -5.33174e-05 0.0390429 0.000142693 -9.40779e-05 -0.00657385 -0.00351795 -0.0121715 -0.00231678 -0.0151694 -0.0138777 6.3377e-05 0.00080192 -7.12171e-05 -0.000144176 -0.000685146 -0.00155611 0.0513976 -0.000419915 5.28242e-07 -1.5877e-05 -0.000576279 -0.000901901 
-0.00899585 -0.00103297 -0.000995228 -0.0149864 -2.58864e-05 -0.000188362 -0.00194643 -0.0145969 0.0843168 0.0107398 0.0139373 -0.00223558 -0.000826089 4.33347e-08 -0.00252012 -0.00311759 0.00691759 0.00976051 0.000922379 0.00111559 0.0250328 -0.00236475 0.00129482 -0.0152741 -0.00239929 0.0135813 -0.000272557 -0.00455636 0.0576929 -0.0204222 0.00779486 -0.0192464 -0.00376883 0.00169643 -0.000712686 -0.000236078 -3.39637e-06 -2.18038e-05 -0.00130513 -0.00229024 0.0266859 -0.0098708 -0.0200399 4.64078e-05 -1.82034e-05 0.00044352 -3.14283e-05 -0.0326939 -0.00282 -0.0406157 -0.000281792 -0.00174953 -0.00268978 -0.0255848 -0.000165349 0.0129665 -0.00313495 -0.00595587 0.00517199 0.0185325 -0.00909653 -0.00459823 0.000879459 -0.00494034 0.00989805 -0.000514972 -0.00427286 -0.0241442 -0.000426266 0.000307307 0.00243139 -0.000299935 -0.000295132 -0.0119637 0.00720294 -8.67435e-06 -0.000133194 0.0017655 1.45059e-05 0.0104805 -4.95054e-05 4.40627e-05 0.00255955 -0.00078569 -0.00251537 0.000277187 -0.00352831 -0.00291577 -0.000491502 0.00202595 -2.46388e-05 -3.46369e-05 -8.04762e-07 -0.000429602 0.00533922 -3.79484e-05 -2.33165e-07 -6.85301e-06 -0.00014478 -0.00022235 
0.00777896 -0.00363914 -0.0193739 0.029127 -0.00228169 -0.00152473 -0.00122352 -0.0187043 0.0107398 0.104335 0.00174466 -0.0219369 0.00172551 -1.63203e-05 -0.0213743 -0.00339903 0.0225547 0.0884273 0.0160727 -0.00754812 0.00434297 -0.0166465 -0.0161108 0.0249167 -0.000426687 -0.00152417 -0.00201746 -0.0336337 0.0150233 0.0314449 0.000116044 0.0316105 -0.0196592 -0.00734208 -0.00140876 -0.000833768 -2.40996e-05 -8.30459e-05 -0.0120935 -0.00387757 0.00410785 -0.0286081 0.0288984 -7.73066e-06 -0.000134636 -3.13247e-05 -0.000268722 0.0292589 -0.00366281 0.00849422 1.36616e-05 -0.0170504 0.00340429 -0.0335719 0.000196019 0.00156981 -0.0223085 -0.057802 0.000104294 0.000987247 -0.0210267 -0.0143155 0.000261765 -0.0177064 0.0721287 -0.0015734 -0.013295 -0.0277321 -0.0044468 0.000118068 0.000363624 0.000335886 -0.00290114 -0.0479062 -0.00932696 -5.79146e-05 -0.00113397 0.00036987 -2.67345e-05 0.028182 -0.000432347 -0.000164603 0.000176013 -0.00176201 -0.0175627 -0.00450755 -0.0247514 -0.00155487 -0.00423499 7.02595e-05 -0.000109757 -0.00024473 -0.00144686 -0.000909255 0.0339195 -0.000596256 -1.20135e-06 -3.60206e-05 -0.00130985 -0.00169726 
-0.0017005 -0.00017609 -0.000137976 -0.00914468 2.79364e-05 -5.20992e-05 -1.52263e-05 -0.00514028 0.0139373 0.00174466 0.0153628 -0.000379436 -6.14408e-05 -1.9567e-07 -0.000422856 4.25898e-05 0.00123308 0.00188413 -0.000965617 0.00130288 -0.00127517 -0.000398339 0.00264765 -0.0109958 -0.000504902 0.00811501 -4.51686e-05 -0.000775168 0.0131882 -0.0128116 0.00297252 -0.0126613 -0.000627045 0.0038549 -0.000110738 -4.1017e-05 -5.4534e-07 -3.05347e-06 -0.000219947 -0.000452228 0.0134483 -0.00199221 -0.0131844 5.52278e-05 -3.54593e-06 0.000296564 -4.04298e-06 -0.00634852 -0.000472404 -0.00807506 -3.02065e-05 -0.000190059 -0.000507979 -0.00489188 -5.25089e-05 0.00563131 -0.000542764 -0.000988625 0.00279294 0.0109545 -0.0014965 -0.000663742 0.000439283 -0.000844378 0.00180144 -0.000108029 -0.000705966 -0.00443963 -7.00126e-05 0.000138645 -3.25289e-05 -4.33222e-05 -4.16726e-05 -0.00239894 0.00460982 -1.45271e-06 -2.19291e-05 0.000693377 2.32075e-05 0.00183562 -7.37586e-06 9.92656e-06 0.00142743 -9.24284e-05 -0.000445618 0.000338203 -0.000580841 -0.000364202 -9.24082e-05 0.000120127 -4.04753e-06 -5.83633e-06 0.000163354 -0.000127826 -0.00202799 -1.29393e-05 -4.02645e-08 -1.14705e-06 -2.44644e-05 -3.50082e-05 
-0.00284671 -0.000129701 0.00201986 0.00384885 0.00274712 -4.19479e-05 -0.000455585 -0.00767862 -0.00223558 -0.0219369 -0.000379436 0.0277699 -0.000177889 1.256e-05 0.0188257 -0.000908205 -0.0177008 -0.0233785 -0.00327237 -0.00025289 0.0081042 0.0186568 0.00102409 -0.0180583 -0.000837216 -0.00324871 -7.45375e-05 0.00219483 -0.00336877 -0.0198036 -9.77112e-05 -0.0196567 0.0186621 -0.00113713 -0.000234939 -3.68321e-05 1.96517e-05 -7.02965e-06 0.0128584 -0.000386076 -0.000817621 0.0173891 -0.0203855 -4.1486e-06 8.85921e-05 -1.75662e-05 1.68763e-05 -0.00128794 -0.000750849 -0.0138883 -9.55227e-05 0.0191924 -0.000887873 -0.00197012 -8.16119e-05 -6.90049e-05 0.0205946 0.00309861 6.2013e-06 -0.000750697 0.0174121 0.00113769 -6.33707e-05 0.0174256 -0.0207645 -0.000194031 -0.000161405 0.0118536 0.000812483 -6.89908e-06 -0.000224339 -0.00012409 0.000165387 -0.00134836 -0.000169508 -1.96082e-06 0.000850864 0.000221506 -5.817e-07 -0.0177369 0.000186713 0.000154485 -0.000531299 0.000623375 0.00258561 -0.000194779 0.0180619 -0.00017133 -9.65352e-05 -4.87137e-05 0.00010095 9.94214e-06 0.000207628 -0.000140314 -0.0191547 6.77125e-05 -7.37549e-08 3.55723e-05 0.00121798 0.000221669 
0.00236195 7.8629e-05 -0.000364999 0.00327406 5.57065e-05 -1.10312e-05 0.000798578 -0.00760367 -0.000826089 0.00172551 -6.14408e-05 -0.000177889 0.0218312 1.44742e-05 -0.000183753 0.00203446 -0.00423818 0.000364302 -0.00525376 0.00108127 -0.00419585 0.000665286 0.000198986 -0.00277578 -0.000524443 0.00034371 0.000217745 -0.000905452 -0.00231895 -0.00368865 -0.000226977 -0.00431479 2.55013e-05 0.00222618 -0.000180827 0.00027069 8.20105e-06 0.00017788 6.50298e-05 0.00572177 -0.000524026 0.00399859 -0.00488314 8.41405e-05 9.45632e-06 7.40698e-05 -5.44576e-06 0.00429286 0.00268795 6.40179e-05 0.000857312 -1.68237e-05 0.00195199 -0.00703089 0.00261198 -0.000356022 0.000364268 -0.00131547 -1.65887e-05 -0.000634109 -0.000542485 -0.000546192 5.6123e-06 -0.000252347 0.000251433 0.00392291 -0.000424365 -0.00120654 -0.000115025 0.000159622 0.002747 1.81514e-05 -7.79767e-05 -0.0035636 -0.000227974 2.67642e-06 -2.0478e-05 0.00010963 5.6514e-05 -0.00796285 -8.43878e-06 -5.9928e-06 -0.000413465 0.000682965 0.00400528 -0.000134415 0.000998122 -0.000776418 -0.000128817 -4.78952e-05 0.000135435 4.04529e-05 -3.03038e-05 -0.00021832 -0.00491365 0.000103572 -5.76109e-08 7.07961e-06 -1.17935e-05 0.000480251 
9.89902e-06 5.70726e-06 1.28212e-05 -3.63333e-06 -3.42641e-07 -2.90381e-07 1.05444e-05 -3.13333e-05 4.33347e-08 -1.63203e-05 -1.9567e-07 1.256e-05 1.44742e-05 8.42962e-05 1.14988e-05 2.02133e-05 -3.36114e-05 -1.17717e-05 -5.26808e-05 -2.74194e-06 -1.39546e-05 1.33861e-05 2.09032e-05 -5.28707e-05 -2.74958e-06 2.08391e-05 1.83715e-06 -3.18249e-06 -4.38817e-06 -4.42791e-05 5.05175e-06 -3.67497e-05 1.92631e-05 3.82747e-06 7.76443e-07 2.58072e-07 -3.17992e-09 -2.11039e-08 4.6687e-07 1.34533e-05 4.9974e-06 3.04299e-05 -4.1082e-05 -1.29223e-08 3.34825e-06 3.80388e-06 1.52025e-07 8.34868e-06 9.23949e-08 -2.17579e-05 1.88282e-06 1.02687e-05 2.79791e-06 -2.01332e-05 5.38745e-07 -1.0017e-06 1.70399e-05 1.00368e-06 3.19323e-08 2.04855e-05 2.01148e-05 1.14216e-05 5.10771e-06 2.18386e-05 -2.84689e-05 2.32592e-06 -1.07831e-06 -4.76935e-06 -4.4979e-07 1.84911e-07 -6.04187e-07 2.12782e-06 -2.98682e-07 -1.25213e-05 1.53181e-05 -8.49553e-09 -3.8091e-08 6.09021e-06 -1.16634e-08 -4.16923e-05 -5.03589e-08 5.25223e-07 -1.37464e-06 2.01805e-06 1.9815e-05 5.58434e-07 2.4963e-05 6.82607e-06 -5.05207e-07 -2.46036e-07 2.1275e-07 7.80589e-08 9.09978e-07 -3.87383e-07 -4.90941e-05 1.15098e-06 -2.17503e-10 1.34797e-08 3.80781e-06 3.95649e-06 
-0.00267203 -0.000307902 -0.000567488 0.00749586 0.00242268 -5.66278e-05 -0.000162757 -0.0106578 -0.00252012 -0.0213743 -0.000422856 0.0188257 -0.000183753 1.14988e-05 0.026552 -0.000476426 -0.0244041 -0.0228967 -0.00224976 -0.001146 0.0148263 0.018976 7.25006e-05 -0.021572 -1.32627e-05 -0.00154169 -5.33821e-05 -0.00106414 -0.0033811 -0.0234402 -0.000191761 -0.0232547 0.0252449 -0.00216198 -0.000212588 -4.89695e-05 4.17018e-07 -4.46339e-06 0.0133853 -0.000501147 -0.000949545 0.0217885 -0.0184489 -5.90864e-07 0.000124038 -1.92232e-05 5.39631e-05 -0.00112643 -0.000605343 -0.0145666 -8.38126e-05 0.0196973 -0.000799797 -0.00850677 -4.82621e-05 0.000403325 0.0245386 -0.001934 -0.000154696 -0.00106496 0.0225676 -0.00158088 -6.30307e-05 0.0239956 -0.0223768 -0.000106113 0.0032208 0.0158408 -7.56739e-05 -2.63933e-05 -5.87949e-05 -0.000145039 -7.94058e-05 -0.0043107 -0.000606314 3.22325e-05 0.00109126 0.000181673 2.88344e-06 -0.0237628 2.3194e-05 0.000166004 -0.000194113 0.00143085 -0.00021734 -0.00019841 0.0222685 0.0045582 -3.52445e-05 -5.39322e-05 8.97325e-05 4.67276e-05 0.00118761 -0.000247839 -0.0231858 0.00072385 1.19573e-07 3.66787e-05 0.00131688 -2.64672e-05 
0.00308089 -0.000342542 0.00789004 0.000625229 -4.9879e-05 0.000295575 0.00278741 -0.0176597 -0.00311759 -0.00339903 4.25898e-05 -0.000908205 0.00203446 2.02133e-05 -0.000476426 0.0467331 -0.00850664 -5.98917e-05 -0.00703585 0.00174324 -0.00420005 -0.000642882 0.00848578 -0.0179137 -0.000165094 0.0102889 -0.000144772 0.00460788 -0.00473371 -0.0111415 -0.000175834 -0.0118743 0.00147276 0.00766891 0.000273794 0.000121357 2.53944e-06 0.00018385 -0.00011673 0.00674358 -0.000525443 0.0124871 -0.0113083 1.7443e-05 -6.93539e-06 6.68238e-05 6.80805e-05 -0.00993648 0.00287379 -0.00693872 0.000979334 -0.000397479 0.000937948 -0.00369694 0.000347882 8.56843e-06 0.00144752 -0.00231036 0.000141611 -0.00143209 0.000787647 0.0132283 -8.09519e-05 0.00095777 0.000862792 0.00223469 -0.00021107 -0.00139308 -0.000218473 7.14735e-05 0.00129581 0.00170543 -0.000171985 -0.00723617 0.00405934 2.34038e-05 5.44965e-05 0.000155637 3.59361e-06 -0.0169741 2.40375e-05 -8.34163e-06 -0.000900707 0.000622632 0.0100751 0.00398206 0.00612617 0.000305316 -0.000179152 3.1365e-05 -8.66682e-06 -1.5795e-05 -7.95394e-05 -0.000108563 -0.0147026 -1.48472e-05 9.86304e-09 -9.54657e-07 -4.36893e-05 0.000480368 
-0.0095527 -2.87344e-05 -0.00290274 -0.0216926 -0.00244069 1.91636e-05 -0.0048359 0.0325112 0.00691759 0.0225547 0.00123308 -0.0177008 -0.00423818 -3.36114e-05 -0.0244041 -0.00850664 0.0777371 0.0286089 0.00757793 0.00325176 -0.0394285 -0.019633 -0.0245238 0.0648735 2.51111e-05 -0.0234308 -0.00176734 -0.000940138 0.00664098 0.0593026 0.000624776 0.0581785 -0.0375459 -0.0280396 -0.00109882 -0.00206488 -3.00022e-05 -8.12664e-05 -0.0128787 -0.0118931 0.00229418 -0.0659215 0.0313826 -7.08079e-05 -0.000215715 -1.60505e-05 -3.44905e-05 0.00540266 -0.0249518 0.0331827 -0.00220629 -0.0189055 0.00113278 0.0257545 -0.00277068 0.000381382 -0.0289734 0.00582513 5.33185e-05 -0.00888574 -0.0528327 -0.000868257 0.000194079 -0.0469656 0.0365915 -0.00593447 -0.010097 -0.00476404 0.000212017 5.86026e-05 -0.00524007 -0.00333933 -1.68709e-05 0.0130227 -0.00235851 -5.31122e-05 -0.00118415 -0.00266674 -7.41132e-05 0.0722209 -0.000144362 -0.000177328 -0.000572004 -0.00693203 -0.0096666 -0.00203881 -0.0273594 -0.0271132 -0.000811904 2.6529e-05 -0.000162768 -0.000336829 -0.00130719 -9.16102e-05 0.0699975 -0.000708478 2.91823e-08 -4.04793e-05 -0.00137886 9.13091e-05 
0.00936026 -0.00381002 -0.0114825 0.0248837 -0.00255788 -0.0013554 -0.000801363 -0.0175503 0.00976051 0.0884273 0.00188413 -0.0233785 0.000364302 -1.17717e-05 -0.0228967 -5.98917e-05 0.0286089 0.109467 0.0103881 -0.00776643 -0.00251036 -0.0168476 -0.0129149 0.0288544 -0.000565038 -0.0051354 -0.00105436 -0.0261008 0.0146795 0.0326445 0.000291995 0.0321467 -0.0244399 -0.0084934 -0.000695919 -0.0022207 -2.75337e-05 -8.85413e-06 -0.0122052 -0.0030203 0.00431126 -0.028913 0.0231802 -5.35401e-06 -0.000211186 3.32322e-06 -0.000228058 0.0311125 -0.0099492 0.0121969 0.000378226 -0.0179446 0.00389261 -0.0380694 -0.00130069 0.00104792 -0.0238913 -0.0550273 0.000557207 -0.00191584 -0.025925 -0.00593043 0.000274415 -0.0274634 0.0723144 -0.00313085 -0.0117167 -0.0309239 -0.00422484 0.000110887 -0.00244149 0.000680829 -0.00294133 -0.0465825 -0.00274412 -5.31109e-05 -0.00111447 0.000276829 -5.15025e-05 0.0296524 -0.000425884 -0.000153546 0.000729837 -0.00132124 -0.0109558 -0.00210798 -0.0215089 -0.0104288 -0.00391463 0.000119994 -0.000100836 -9.45229e-05 -0.00143918 -0.000545456 0.0337761 -0.000570779 -8.57182e-07 -3.29625e-05 -0.00131761 -0.000848247 
0.000184513 -0.00069512 -0.0150809 0.000755045 -0.000208946 -0.000130917 -0.00102692 0.0107737 0.000922379 0.0160727 -0.000965617 -0.00327237 -0.00525376 -5.26808e-05 -0.00224976 -0.00703585 0.00757793 0.0103881 0.0319169 0.000350503 0.00476939 -0.00260649 -0.0158831 0.021061 0.000590375 -0.0155134 -0.000623004 -0.0102978 0.00217827 0.0224546 -0.00123667 0.0221865 -0.00212895 -0.0181924 0.000135812 -0.000905205 -1.17783e-05 -0.000228707 -0.00200404 -0.0101494 -0.00214651 -0.0196158 0.023332 -0.000141594 -0.000126219 -0.000540724 -0.000182577 0.00379096 -0.00705542 0.012709 -0.00111719 -0.0021121 -0.000720959 0.00240058 -0.00282705 0.000447131 -0.0030022 -0.00348582 -0.000742539 -0.00557005 -0.00766031 -0.0145103 -0.000436762 -0.00194962 0.00397699 -0.00513956 0.00019574 0.00450203 0.000151934 -7.11841e-05 -0.00263835 -0.000352094 -0.000172314 0.00269759 -0.0116129 -1.73238e-05 -0.00014315 -0.00024684 -7.36936e-05 0.0173868 -6.47024e-06 -0.000174066 0.000551704 -0.00148212 -0.0192566 -0.00449743 -0.00922168 0.000214083 6.8988e-05 -3.31959e-05 -0.000211943 -0.000278721 -0.000271556 0.000135111 0.0235262 -0.000346525 -1.15104e-08 -3.52305e-05 -0.000217206 -0.00220705 
0.000388615 0.000319518 -0.000289871 -0.0212122 0.0003468 0.000314757 0.0018597 0.0124167 0.00111559 -0.00754812 0.00130288 -0.00025289 0.00108127 -2.74194e-06 -0.001146 0.00174324 0.00325176 -0.00776643 0.000350503 0.0403214 -0.0101574 -0.00106553 -0.00230641 0.00488984 -0.00137717 -0.00895524 -9.50577e-05 -0.000496533 -0.00195742 -8.26315e-05 -2.88532e-07 -0.00227306 -0.00150399 -0.00319245 -0.0003458 -0.000103777 -1.35776e-06 0.000139776 -0.000534791 -0.00123027 0.00088529 -0.00516865 -9.7954e-05 7.44478e-05 -1.0572e-05 1.59793e-05 2.9573e-05 -0.00963692 -0.0014499 0.0123904 0.000594819 -0.000764705 0.00113124 0.009666 -0.000100559 0.00139751 -0.00128036 0.0117035 -0.00020978 -0.000199061 -0.0041898 -0.00271974 -3.81404e-05 -0.00226718 -0.0116858 -0.000286949 -0.00122145 -0.00175901 0.000334567 0.000688357 -0.000399119 -5.88433e-05 7.35857e-05 0.00538632 -0.000762848 5.71479e-06 -6.05401e-05 0.000733688 3.87464e-05 0.00256536 8.34211e-06 -7.95802e-06 -0.000778511 -0.000149854 -0.00118241 2.3096e-05 -0.00112485 -0.00144862 0.000647103 -0.000108867 0.000126445 -1.58418e-05 1.09912e-05 -0.000247776 0.00469793 6.72804e-05 2.01399e-07 -2.19897e-06 -6.56096e-05 0.000258781 
-0.0184994 -0.0026165 -0.00504775 0.0441108 0.00107382 -0.000455084 -0.00641907 -0.0675728 0.0250328 0.00434297 -0.00127517 0.0081042 -0.00419585 -1.39546e-05 0.0148263 -0.00420005 -0.0394285 -0.00251036 0.00476939 -0.0101574 0.193678 0.00976068 0.0128342 -0.0430105 0.00975473 0.0503848 0.000635258 -0.0101915 0.0573024 -0.0349145 -0.00216503 -0.0277124 0.01849 0.0251007 0.00139641 0.0013294 9.45143e-07 -6.40202e-05 0.00817827 0.00205269 0.00232665 0.0496294 -0.00671176 -3.36941e-05 0.000132211 -0.000138833 -6.16061e-05 -0.0862645 0.0164675 -0.124824 -0.000870545 0.0107148 -0.00635373 -0.0281465 8.51545e-05 -0.00192874 0.0119551 -0.0179576 -0.00103349 0.00836351 0.0441401 0.00711063 0.000254843 0.0320639 -0.00258848 0.000774991 -0.000429035 -0.0476908 -0.00121136 0.000140312 0.00382787 -0.00164529 -0.000468959 -0.0420894 -0.0018706 3.07825e-05 0.000941206 -0.00137158 5.34859e-06 -0.030866 1.59421e-05 -3.94884e-05 0.0090262 -0.000882673 -0.00178372 0.000268564 0.00924521 0.022716 0.000265445 0.00140275 -6.98749e-05 -1.48141e-05 0.000289481 0.00161979 -0.039551 0.000362304 -2.97708e-07 -1.13663e-05 0.000651584 -0.000626908 
-0.000679913 -0.000280581 -0.000734898 0.00666485 0.00246398 3.4314e-06 -0.000412642 -0.00992511 -0.00236475 -0.0166465 -0.000398339 0.0186568 0.000665286 1.33861e-05 0.018976 -0.000642882 -0.019633 -0.0168476 -0.00260649 -0.00106553 0.00976068 0.0250842 -0.00138123 -0.0168628 -0.000716005 -0.00596607 0.000340487 -0.0013085 -0.00322302 -0.0167952 0.000237293 -0.0169062 0.0191878 -0.0025369 -0.000187373 -6.22989e-05 1.59882e-06 -4.24535e-06 0.0131064 1.80201e-05 -0.000907131 0.0164753 -0.0176374 -2.8766e-06 0.000110998 -1.69634e-05 3.27967e-05 0.00338657 -0.000862548 -0.0104529 -7.21035e-05 0.0193273 -0.00035223 -0.00754743 -3.32196e-05 -0.000419182 0.0192562 -0.0018299 -0.000159544 -0.001135 0.0195277 -0.00171033 -5.93138e-05 0.0177049 -0.0189673 -0.000142097 0.0010652 0.012217 3.2063e-05 -1.93498e-05 -0.00012577 -6.25009e-05 -8.31672e-05 -0.00403173 -0.000688528 -1.42462e-06 0.000723423 3.06459e-05 1.46789e-06 -0.0190567 0.000128873 0.00016615 -0.000462226 0.000789059 -0.000501919 -0.000210141 0.016887 3.8829e-06 -0.000111572 -6.19084e-05 8.84822e-05 0.000232955 7.30974e-05 0.000120443 -0.0189651 0.000144919 7.02392e-08 4.0582e-05 0.00117416 -4.35919e-05 
-0.00553483 -0.000601141 0.0201596 0.00414433 -0.000151942 -0.0001786 -0.00105838 -0.0215979 0.00129482 -0.0161108 0.00264765 0.00102409 0.000198986 2.09032e-05 7.25006e-05 0.00848578 -0.0245238 -0.0129149 -0.0158831 -0.00230641 0.0128342 -0.00138123 0.0521525 -0.0430247 -0.00102875 0.0402801 0.000194565 0.0134532 0.0016078 -0.0464288 0.00194641 -0.0457222 0.00331002 0.0416521 -0.000179852 0.00195901 4.91121e-06 1.48717e-05 -0.00077547 0.00724967 0.0048818 0.039657 -0.0261972 -6.79783e-06 2.70537e-05 0.000167233 4.59075e-06 -0.022556 0.0214 -0.0293073 -0.00014912 -0.00112721 -0.00176246 -0.0121829 -0.000131427 0.0012079 0.000193952 9.99671e-06 0.00208299 0.0177714 0.0257362 0.020439 -2.5889e-05 0.0182698 -0.00491023 0.00277768 -0.000771248 -0.0156213 -0.000233724 -6.53951e-05 0.000586704 -0.000306286 0.000320161 -0.00840366 0.0182381 6.90736e-06 -5.87372e-05 -0.000340584 5.19315e-06 -0.0350235 -3.2137e-05 -3.63332e-06 -0.000285331 -0.000276582 0.0234008 0.00532807 0.00604409 0.0202965 -6.05493e-05 6.24259e-06 -1.56601e-05 -1.91442e-05 0.000102209 -0.000471269 -0.0453005 -7.9791e-05 2.57585e-07 -2.47931e-06 -8.00804e-05 0.00154122 
-0.00968046 0.00128723 -0.0183072 -0.0233194 -0.00214589 0.000588655 -0.0032206 0.0705566 -0.0152741 0.0249167 -0.0109958 -0.0180583 -0.00277578 -5.28707e-05 -0.021572 -0.0179137 0.0648735 0.0288544 0.021061 0.00488984 -0.0430105 -0.0168628 -0.0430247 0.152015 -0.00284082 -0.0893693 -0.000510084 -0.00862095 -0.00966502 0.0933443 -0.00770616 0.0911911 -0.0327287 -0.0501099 -0.000101064 -0.00202231 -5.4073e-06 2.20394e-05 -0.0109658 -0.0177649 -0.0268671 -0.0755747 0.0666723 -3.77465e-05 -0.000207603 -0.000503649 -1.80648e-05 0.0287638 -0.0274496 0.0655177 -0.00157516 -0.0165155 0.00435307 0.0212317 -0.00246902 -0.0114011 -0.0267035 0.00846854 -0.00539167 -0.033514 -0.0727347 -0.0214874 -0.000470787 -0.0436946 0.0242349 -0.00561707 -0.0101096 0.023138 0.000913896 0.000187501 -0.00701507 -0.0028424 6.29351e-06 0.0228488 -0.0215909 -1.27212e-05 -0.000681132 -0.00409991 -2.72053e-05 0.0761421 8.99135e-05 -0.000181194 0.000658941 -0.00593892 -0.0250205 -0.00440273 -0.0298794 -0.0274191 0.000572055 0.000259539 -4.32552e-05 -0.000303598 -0.00152078 -2.98119e-06 0.0969023 -0.000318618 1.52396e-07 -3.43587e-05 -0.00098177 -0.00127866 
-0.00310114 -0.000375332 -0.000696057 -0.00267385 -0.000103291 6.74561e-05 -0.00078959 -0.00658074 -0.00239929 -0.000426687 -0.000504902 -0.000837216 -0.000524443 -2.74958e-06 -1.32627e-05 -0.000165094 2.51111e-05 -0.000565038 0.000590375 -0.00137717 0.00975473 -0.000716005 -0.00102875 -0.00284082 0.0322533 0.00297127 0.00117843 -6.29109e-05 -0.00266596 0.00249158 -0.00039039 0.00300878 -0.000473751 -0.00275129 0.000922426 -8.33839e-05 -2.05254e-07 -8.3161e-06 -0.000436622 -1.40077e-06 -0.00110155 -0.00299172 0.00237264 -4.59454e-06 -8.25413e-06 -1.95233e-05 -2.63433e-06 -0.00639407 -0.00110456 -0.00922809 -0.000111482 -0.000618806 -0.000296484 0.0067564 -0.000116564 -0.000579657 -0.00019926 -0.000967166 -0.000188245 -0.00140334 -0.00275797 -0.0011474 -7.67276e-05 -0.00101519 -5.93203e-05 -0.000207268 0.00391071 -0.00692403 -0.000154493 2.36078e-06 -0.000320845 -0.000208277 0.000380781 -0.00387023 -0.000798409 5.56575e-05 6.22492e-05 -0.000205332 2.00137e-05 0.00212997 8.60502e-06 -5.56989e-06 0.00369423 -0.00025432 -0.000800175 -9.27697e-05 -0.00035342 -0.000517483 0.00122182 -2.39923e-05 -8.5061e-06 -1.0252e-05 -6.44088e-05 0.00211617 0.00178449 3.7918e-05 3.9142e-09 5.2265e-07 6.08173e-05 -7.07326e-05 
-0.00249659 -0.00257484 0.0171803 0.0321597 -0.000680362 -0.000742633 -0.00420139 -0.0646666 0.0135813 -0.00152417 0.00811501 -0.00324871 0.00034371 2.08391e-05 -0.00154169 0.0102889 -0.0234308 -0.0051354 -0.0155134 -0.00895524 0.0503848 -0.00596607 0.0402801 -0.0893693 0.00297127 0.182983 -0.000551491 0.00761767 0.011354 -0.0565082 0.0074164 -0.0544708 0.00169137 0.0489317 0.00200226 0.00187154 2.73481e-06 -3.7008e-05 -0.00338752 0.0119707 0.0220643 0.033415 -0.0327216 5.67307e-06 6.69081e-05 0.000445207 -6.00793e-05 -0.0807863 0.0253696 -0.0820666 -0.000769672 -0.00497116 -0.000802901 -0.00784086 0.00181496 0.00920165 -0.00315665 -0.00917486 0.00461247 0.0315126 0.0415699 0.0322257 0.000439603 0.0178059 0.0114354 0.00476535 -0.00254368 -0.0656936 -0.00122342 -0.000300108 0.00499098 -0.0013934 -0.00010753 -0.032898 0.0202932 -1.45889e-05 -0.000328485 -0.000361576 1.22839e-05 -0.034179 -0.000134929 -3.05904e-05 -0.00109026 -0.0011237 0.0223105 0.00365795 0.00202192 0.0245384 -0.000800781 -0.000429373 -6.84068e-05 4.44554e-06 9.1165e-05 -0.00137581 -0.0549206 -0.000142018 1.14567e-07 -1.6576e-05 -0.000358686 0.00104919 
0.000423383 -2.49695e-05 -8.79134e-05 -0.000710334 -8.91885e-06 0.000407814 -4.33327e-05 -0.00108257 -0.000272557 -0.00201746 -4.51686e-05 -7.45375e-05 0.000217745 1.83715e-06 -5.33821e-05 -0.000144772 -0.00176734 -0.00105436 -0.000623004 -9.50577e-05 0.000635258 0.000340487 0.000194565 -0.000510084 0.00117843 -0.000551491 0.00310814 -0.000155875 -0.000340346 0.00035862 2.42485e-05 0.000281572 -4.15306e-05 -0.000301949 0.00112372 -5.53441e-06 -1.17606e-07 1.64895e-05 -2.54e-05 0.000493224 -0.000108072 8.36719e-05 0.00016554 1.96221e-05 -5.50971e-07 4.01129e-06 3.74555e-05 0.000180463 2.90822e-05 -0.0010249 1.06122e-05 -6.40179e-05 -3.11195e-05 0.000334094 5.83175e-06 -5.44258e-05 -8.00256e-05 0.00067041 -2.13225e-05 -0.000115926 0.000563165 -0.000151949 -6.37806e-06 -0.000148799 -0.00243568 -7.04154e-06 0.00219631 -0.000708673 -8.43831e-06 2.76347e-06 -2.11336e-05 -9.27222e-06 0.000117757 0.000324649 -7.67745e-05 2.85991e-05 1.8027e-06 9.86064e-05 4.4302e-05 -0.000480732 -1.3458e-06 1.21032e-06 0.0010371 0.00085589 -7.75428e-05 2.44032e-05 -9.72905e-05 -9.85632e-05 0.0013271 3.1554e-05 1.66488e-05 0.000188275 4.01354e-05 0.000295861 -0.00167098 1.66578e-06 -8.04409e-09 2.77552e-06 -2.10553e-06 -5.81341e-06 
-0.00528134 -0.000400507 0.0175273 -0.0159717 -7.36219e-05 -0.000154941 -0.00102495 0.0119525 -0.00455636 -0.0336337 -0.000775168 0.00219483 -0.000905452 -3.18249e-06 -0.00106414 0.00460788 -0.000940138 -0.0261008 -0.0102978 -0.000496533 -0.0101915 -0.0013085 0.0134532 -0.00862095 -6.29109e-05 0.00761767 -0.000155875 0.0487506 -0.0064526 -0.0100396 -0.000416777 -0.0106123 -0.0020827 0.0106473 -0.000362402 0.000429709 2.06582e-05 3.71623e-07 -0.000695505 0.00507915 -0.00178523 0.0091463 -0.0112332 -7.79415e-06 -1.3144e-05 -1.91712e-05 1.12721e-05 -0.0205412 0.0029216 0.00106418 -0.000170069 -0.00105465 -0.00164903 0.00694888 -6.49764e-05 -0.000778551 -0.00147615 0.017508 -3.12324e-05 -0.000386639 0.00270163 0.0129628 -0.00011658 -0.0026719 -0.0165712 0.00187845 -0.00196232 0.0054428 0.00218929 -6.50445e-05 -0.000268894 -0.000318461 0.00146639 0.0178589 0.00865342 5.92109e-06 -3.95548e-05 -0.000282223 -6.81004e-06 -0.00919301 2.65769e-06 -1.46408e-05 -0.00095415 -0.000453111 0.0149858 0.00452838 0.00352605 -0.0015882 -0.00030622 1.68157e-05 6.17685e-06 -1.15781e-05 4.09596e-05 0.0005412 -0.0103755 -8.40461e-05 6.54076e-07 -3.63147e-06 -6.94996e-05 0.000559954 
-0.0121451 -0.00143573 -0.00228484 0.000147047 -0.000211247 -0.000408179 -0.00268297 -0.0303538 0.0576929 0.0150233 0.0131882 -0.00336877 -0.00231895 -4.38817e-06 -0.0033811 -0.00473371 0.00664098 0.0146795 0.00217827 -0.00195742 0.0573024 -0.00322302 0.0016078 -0.00966502 -0.00266596 0.011354 -0.000340346 -0.0064526 0.110945 -0.021587 0.0069473 -0.018758 -0.00486698 0.00807179 -0.000980279 -0.000318636 -4.55749e-06 -3.09137e-05 -0.00178465 -0.00358657 0.0259556 -0.00069534 -0.0176517 3.68946e-05 -2.55205e-05 0.000396537 -4.47607e-05 -0.0455225 -0.00314619 -0.0622991 -0.00037313 -0.00245845 -0.00328258 -0.0361357 -0.000329309 0.0112686 -0.0044261 -0.00876787 0.00485581 0.019779 -0.00941511 -0.00541647 0.00106781 -0.00431644 0.0137591 -0.000746373 -0.00589405 -0.0322357 -0.000650506 0.000325136 0.00202006 -0.000697056 -0.000388731 -0.0186216 0.00631056 -5.41149e-06 -0.000173811 0.00154717 2.04759e-05 0.0109809 -3.92495e-05 7.41862e-06 0.00486758 -0.00109379 -0.00356297 0.000376988 -0.00485367 -0.000941344 -0.000625125 0.000511915 -2.28312e-05 -4.74256e-05 -8.2316e-05 -0.0012244 0.00652416 -0.0001119 -3.27914e-07 -9.74023e-06 -0.000197989 -0.000306425 
0.00651855 0.00120732 -0.0196406 -0.00211236 -0.00298914 0.000281248 -0.00554328 0.0459197 -0.0204222 0.0314449 -0.0128116 -0.0198036 -0.00368865 -4.42791e-05 -0.0234402 -0.0111415 0.0593026 0.0326445 0.0224546 -8.26315e-05 -0.0349145 -0.0167952 -0.0464288 0.0933443 0.00249158 -0.0565082 0.00035862 -0.0100396 -0.021587 0.112292 -0.00775063 0.100442 -0.0344365 -0.0533343 0.0010271 -0.00219339 -3.04575e-05 -0.000188726 -0.0122621 -0.00892748 -0.0251126 -0.0749914 0.073729 -0.0001295 -0.000218696 -0.000558647 -6.68917e-05 0.0345714 -0.0273863 0.061122 -0.0027824 -0.0181877 0.00305269 0.0331087 -0.00254908 -0.0122299 -0.0288288 0.00407381 -0.00570231 -0.0364853 -0.0493423 -0.0180332 -0.000680862 -0.0452124 0.0282209 -0.0058776 -0.000956749 0.00818409 0.000366583 -0.000316367 -0.00682639 -0.00325383 -0.000441272 0.0201833 -0.023181 -3.8316e-05 -0.00111538 -0.00432295 -7.8532e-05 0.0687554 -0.000177325 -0.000178563 -0.0015569 -0.00515221 -0.026887 -0.00533256 -0.0331438 -0.026841 0.000506386 -0.000201089 -0.000223472 -9.49915e-05 -0.00146194 0.00106773 0.080669 -0.000698777 -1.84079e-07 -3.6023e-05 -0.00131157 -0.00201915 
-0.00122313 -7.5145e-05 1.65501e-05 -0.00529328 0.00013137 -2.31482e-05 -0.000235881 -0.00423344 0.00779486 0.000116044 0.00297252 -9.77112e-05 -0.000226977 5.05175e-06 -0.000191761 -0.000175834 0.000624776 0.000291995 -0.00123667 -2.88532e-07 -0.00216503 0.000237293 0.00194641 -0.00770616 -0.00039039 0.0074164 2.42485e-05 -0.000416777 0.0069473 -0.00775063 0.0123953 -0.00795745 -0.000271511 0.000275413 -5.23834e-05 1.92513e-05 -4.73495e-07 1.18426e-06 -0.000120392 -0.00010084 0.00847326 -0.00109793 -0.0081651 3.73492e-05 -6.38225e-07 0.000235974 -4.1149e-06 -0.00392005 -0.000234356 -0.00677274 -3.16954e-05 -0.000151313 -0.000355003 -0.00161685 -2.23773e-05 0.00555828 2.45814e-05 -0.000149447 0.00342015 0.00585394 -0.000171993 -0.000264209 0.000434392 -0.000192094 0.000768827 -8.6827e-05 -0.000422337 -0.00332779 -3.64677e-05 -5.35085e-06 0.000990279 -4.87696e-05 9.32924e-05 -0.00148815 0.00156815 -1.00833e-06 -1.02796e-05 0.000586591 1.65331e-06 0.000991443 5.81816e-06 2.69307e-05 -0.000236456 -7.17419e-05 -0.000198646 -8.63718e-05 -5.12389e-05 0.00028067 -4.42194e-05 -2.52784e-05 1.37208e-06 2.04726e-06 -1.45093e-05 -3.93429e-05 -0.00129069 -1.83867e-05 2.67614e-07 1.25785e-07 -1.73065e-05 4.50198e-05 
0.00575623 0.00104549 -0.0200724 -0.00131265 -0.00309979 0.000209492 -0.00771866 0.0428598 -0.0192464 0.0316105 -0.0126613 -0.0196567 -0.00431479 -3.67497e-05 -0.0232547 -0.0118743 0.0581785 0.0321467 0.0221865 -0.00227306 -0.0277124 -0.0169062 -0.0457222 0.0911911 0.00300878 -0.0544708 0.000281572 -0.0106123 -0.018758 0.100442 -0.00795745 0.109337 -0.0345 -0.048974 0.000985088 -0.00208671 -3.01936e-05 -0.000217371 -0.012319 -0.00881741 -0.0252059 -0.0702801 0.073921 -0.000130667 -0.000205851 -0.000552019 -6.28625e-05 0.0309532 -0.0251658 0.0558851 -0.00288537 -0.018262 0.00239623 0.0328069 -0.00269294 -0.0128481 -0.0287146 0.00417307 -0.00584485 -0.0345411 -0.0463283 -0.0171988 -0.000704156 -0.0435506 0.0281867 -0.00598744 -0.00113725 0.00400031 0.000352572 -0.00033531 -0.00678041 -0.00331997 6.57027e-05 0.0190992 -0.0231368 -5.33718e-05 -0.00113474 -0.0044577 -8.50499e-05 0.0684902 -0.000138391 -0.00018417 -0.000831661 -0.00529589 -0.0266049 -0.00533621 -0.0331265 -0.0250675 0.000525312 7.36393e-05 -0.000242912 -0.000107475 -0.00145481 0.00123627 0.0772996 -0.000726821 -1.94297e-07 -3.64627e-05 -0.00131696 -0.00202542 
0.00150996 -0.000459241 -0.00116887 0.0112322 0.00240877 -0.000105409 0.0052696 -0.0162711 -0.00376883 -0.0196592 -0.000627045 0.0186621 2.55013e-05 1.92631e-05 0.0252449 0.00147276 -0.0375459 -0.0244399 -0.00212895 -0.00150399 0.01849 0.0191878 0.00331002 -0.0327287 -0.000473751 0.00169137 -4.15306e-05 -0.0020827 -0.00486698 -0.0344365 -0.000271511 -0.0345 0.0394333 0.0028267 -0.000307365 0.000243123 -1.55122e-06 4.53518e-05 0.0132775 -0.000753767 -0.00139885 0.033624 -0.023384 5.12063e-05 0.000168471 -2.05709e-05 4.84978e-05 0.000405191 0.00483597 -0.0164747 0.00224177 0.0196343 -0.000925288 -0.0125168 -0.000114864 0.000180822 0.0300243 -0.00293046 -0.000111994 9.19052e-05 0.028966 -0.00280703 -9.53592e-05 0.0315259 -0.0305148 -0.000244127 0.00470776 0.0152733 -0.000168821 -2.78966e-05 0.000309938 0.00351682 -0.000121205 -0.00662415 -0.0010382 3.05457e-05 0.0010649 0.00242977 2.11138e-05 -0.0362084 -2.54919e-06 0.000163957 -0.000274032 0.00530548 -0.000680635 -0.00033672 0.0279216 0.010551 -4.46082e-05 -0.000106 0.00015009 1.88319e-05 0.00129535 -0.000367346 -0.0352454 0.000727574 8.38988e-08 3.68926e-05 0.00129358 -3.96341e-05 
