6.0313e-05 -6.89621e-11 -4.95863e-06 6.66245e-07 4.75282e-08 -2.95629e-06 -1.5232e-06 4.62192e-06 -4.48923e-05 6.74806e-06 -3.74205e-08 2.8978e-05 -6.32172e-06 8.41302e-06 -1.96123e-06 -8.74387e-06 1.49208e-07 -2.6973e-05 -5.69848e-05 5.7191e-05 4.98828e-05 -1.30525e-09 5.6995e-05 3.05868e-05 7.34719e-06 -5.15785e-05 -3.99655e-06 -3.18875e-06 -2.97376e-06 1.68636e-05 -2.09563e-07 -4.52429e-05 3.16445e-06 -5.12785e-05 -9.80177e-06 -7.618e-10 -5.06821e-07 3.80777e-06 1.2412e-06 -1.72852e-06 2.55303e-08 4.29482e-06 1.33196e-06 -5.84639e-06 -1.19118e-06 -7.97788e-09 3.38392e-05 -1.03865e-09 7.82793e-07 -5.51567e-06 -1.01332e-10 -1.14366e-06 4.65046e-05 -1.12531e-09 3.74963e-06 -1.22785e-09 -6.91069e-07 -9.75079e-09 -1.21826e-08 3.7494e-06 9.81986e-06 3.3343e-05 4.5919e-07 -3.96522e-09 -1.4762e-06 -1.89858e-07 -3.77185e-07 -1.99305e-06 -2.55757e-08 -8.21493e-09 7.63184e-06 -4.13056e-05 -8.82225e-07 7.67808e-06 -3.734e-07 -1.88717e-06 -4.80507e-06 -7.6381e-09 -4.29742e-05 -5.55124e-05 -1.7872e-06 -6.75748e-10 5.47225e-05 -4.44437e-05 9.00581e-06 5.1884e-08 -2.32762e-09 -3.36061e-05 -5.37742e-05 -3.14942e-07 3.84771e-05 5.59053e-05 -6.2206e-08 1.62633e-06 4.9055e-05 -3.01345e-05 -1.06761e-10 -5.04649e-11 -5.18828e-05 9.04169e-06 
-6.89621e-11 1.14333e-06 -1.07705e-07 6.69107e-07 -3.14292e-09 -7.26556e-08 -3.08319e-08 -4.88688e-08 -9.08456e-07 6.74911e-07 -7.09324e-10 6.67687e-07 -1.86492e-07 -2.17299e-07 -3.71762e-08 -3.7059e-07 -1.78332e-08 -5.10967e-07 -6.69207e-07 6.69324e-07 6.57036e-07 -2.47417e-11 6.68958e-07 -2.39445e-08 1.63786e-07 -5.06638e-07 -3.92163e-08 -8.19272e-08 -5.63691e-08 -1.57526e-09 -3.97238e-09 -6.44023e-07 -4.21071e-10 -6.29869e-07 2.85703e-07 -1.44403e-11 -2.62879e-08 -1.0548e-10 -5.45873e-10 -3.31441e-08 -7.16577e-10 -8.94414e-09 -1.54257e-09 -7.42178e-08 -2.25794e-08 -1.51225e-10 6.69733e-07 -1.96882e-11 -1.36605e-10 -1.04995e-07 -1.9208e-12 -2.16786e-08 -4.17953e-10 -2.13308e-11 -2.59762e-10 -2.32745e-11 -2.75058e-08 -1.84831e-10 -2.30927e-10 6.69546e-07 -1.2593e-07 6.69803e-07 -4.31194e-09 -7.51627e-11 -2.79821e-08 -3.59885e-09 -8.03433e-09 -3.77793e-08 -4.848e-10 -1.55718e-10 -2.23987e-09 -3.76062e-07 -2.39261e-08 -9.95691e-11 -8.65761e-09 -5.25163e-08 -6.59938e-07 -1.44784e-10 -3.78438e-07 -6.17981e-07 -3.57097e-08 -1.28091e-11 6.66319e-07 -4.18976e-07 -3.17542e-09 -4.32406e-09 -4.41212e-11 -5.98148e-07 -6.10453e-07 -6.15945e-09 6.68429e-07 6.06093e-07 -1.17915e-09 -1.40142e-08 6.6643e-07 -1.66816e-07 -2.0237e-12 -9.56589e-13 -5.26371e-07 -8.75068e-09 
-4.95863e-06 -1.07705e-07 0.0853282 0.000392481 -0.0002502 -0.00576376 -0.000727755 0.0128306 -0.031503 -0.00251198 -4.31731e-05 -0.000184177 0.0559241 0.0211881 -0.00305853 0.0170031 0.00835679 0.0482969 2.99137e-05 9.14109e-06 -0.000316752 -2.03854e-06 0.000256492 -0.0017247 -0.0717115 -0.0744844 -0.00619288 0.0545741 -0.00172304 -2.1893e-05 -1.55122e-07 0.00205565 3.49369e-05 0.00525661 -0.0152388 -1.18977e-06 0.00262909 8.83255e-06 -4.41993e-05 0.0198378 -4.64306e-05 -4.30882e-05 -2.35295e-05 -0.00738092 0.0108831 1.54802e-05 -2.20389e-05 -1.62216e-06 -1.10153e-05 0.0387442 -1.5826e-07 -0.00174882 -2.77263e-05 4.81583e-06 -2.10391e-05 4.04902e-06 0.0194081 -1.49921e-05 -5.29333e-06 3.09829e-05 0.0750198 -1.11997e-05 0.00310593 -6.19286e-06 0.0123586 0.00260403 -6.03264e-05 -0.00310114 -3.85706e-05 -9.2867e-06 -0.000155149 -0.0617599 -0.000307446 3.56162e-05 0.00394844 0.0284224 -0.0538863 1.40275e-05 -0.0642105 -0.00709156 -0.00293938 4.42129e-06 -0.000303262 -0.0688291 0.000381069 -0.00029184 -3.81932e-07 0.00456144 0.00231995 0.00102973 0.000586601 0.0366779 7.1517e-05 -0.00394914 0.000314332 -0.00455454 -1.63405e-07 4.27851e-07 -0.077869 -0.000329526 
6.66245e-07 6.69107e-07 0.000392481 0.000780081 -2.14605e-06 -4.9514e-05 7.29407e-05 -8.1819e-06 -0.000527051 0.000228893 2.6599e-05 -4.85914e-07 0.000175493 -0.000142193 -2.5248e-05 5.27671e-05 -8.49352e-06 0.000279899 -7.49752e-05 6.6982e-05 6.07449e-05 -1.68941e-08 9.72587e-05 -1.43331e-05 -0.000560447 -0.00040188 0.000156216 0.000506719 0.00015129 8.87105e-06 5.72176e-05 -0.000188806 4.30325e-05 -0.000333528 -3.10401e-06 -9.86011e-09 -1.19766e-05 1.29798e-06 -3.72733e-07 0.000136272 4.28404e-06 -3.1439e-06 -1.05329e-06 0.000205179 -6.61768e-06 3.86741e-07 1.81307e-05 -1.34435e-08 8.00056e-07 0.000293614 -1.31156e-09 2.73374e-05 6.94513e-05 5.52543e-06 3.1036e-05 -1.58922e-08 0.000314845 1.7046e-07 4.18986e-07 0.00011311 0.000429376 2.19591e-05 0.000107526 -5.13226e-08 -1.11367e-05 -2.67365e-07 0.000178231 -2.56864e-05 -3.21031e-07 9.23673e-07 3.81372e-05 -0.00049667 -1.32972e-05 2.21868e-06 1.98684e-05 0.000312821 -0.000449295 5.66447e-06 -0.000491519 -0.000273584 -1.21499e-05 2.12537e-08 3.69333e-05 -0.00040714 -8.48239e-07 3.64745e-06 6.13207e-07 -0.000304362 -0.000526797 1.36375e-05 7.14473e-05 0.000215723 4.65749e-05 5.72908e-05 6.97423e-05 -0.00018446 -1.38182e-09 -6.53177e-10 -0.000502151 5.03082e-05 
4.75282e-08 -3.14292e-09 -0.0002502 -2.14605e-06 0.00274135 0.000180605 -7.37222e-05 0.000139615 0.000551602 -7.36798e-05 -7.98757e-07 6.94626e-05 0.00118765 0.00158314 -6.90525e-05 0.0018391 1.50137e-05 -0.000827297 8.89831e-07 5.65724e-07 -1.45615e-05 6.47051e-06 9.1556e-07 9.37103e-05 0.000351079 -0.00196603 -0.000175875 -0.000196044 -0.000124631 -3.67405e-06 -9.48078e-06 6.00238e-05 -1.01238e-06 0.000102197 -0.000108354 -3.47187e-08 0.000686296 5.94973e-06 -1.31244e-06 -2.82047e-05 -8.95277e-08 -1.88877e-05 3.02612e-05 -0.000265412 -4.79076e-05 1.06411e-07 2.90217e-07 -4.73362e-08 -3.2844e-07 -0.000217748 -4.61817e-09 -4.91218e-05 -7.1549e-08 -5.12855e-08 -6.24543e-07 1.47375e-07 -6.41753e-05 -3.84389e-07 -4.15216e-07 -2.90795e-07 -0.000252337 3.23946e-07 -9.93718e-06 6.55953e-07 -5.48339e-05 -3.93649e-08 -1.64502e-05 0.000147551 -1.1656e-06 -3.74392e-07 -5.38532e-06 -0.00189577 -4.04421e-05 -2.39393e-07 -9.23878e-06 -0.000108831 0.000942879 -3.48104e-07 0.000626669 -3.56303e-05 -7.90266e-05 -3.0797e-08 3.28901e-05 -0.00158727 1.9532e-05 -9.19638e-07 1.10586e-07 -0.000113524 -9.60834e-05 -1.44991e-05 -2.84393e-06 1.7653e-05 -2.58835e-06 -0.000113775 2.03766e-05 -0.00150965 4.35134e-07 -2.29992e-09 -0.000895031 -1.76192e-05 
-2.95629e-06 -7.26556e-08 -0.00576376 -4.9514e-05 0.000180605 0.0595089 -0.00156546 -0.00105366 0.0126134 -0.00142011 -2.76947e-05 7.64147e-05 -0.00628057 -0.00649313 0.00416946 0.0225564 -0.000852643 -0.0274075 4.18796e-05 -3.69587e-05 0.000579565 3.09484e-06 -4.96724e-05 0.009152 0.00888917 -0.00143249 -0.00393595 -0.00454315 -0.00253514 -8.75538e-05 -0.000219951 0.000197469 -2.31267e-05 -0.00272152 -0.000228448 -3.35934e-07 -0.000498004 -2.52265e-06 -2.09662e-06 -0.00179349 -1.53044e-05 -3.93773e-05 6.68232e-05 -0.005878 0.000580835 -6.23517e-06 -1.47804e-05 -7.80949e-07 -5.72595e-06 -0.0054989 -2.34259e-08 -0.00118624 -9.30008e-06 -1.17224e-06 -1.44277e-05 -1.07694e-06 -0.00151435 -4.9697e-06 6.62083e-05 -2.50028e-05 -0.00676063 -1.07147e-05 -0.00023669 4.17391e-05 6.70338e-05 -0.00018432 -0.000270836 -0.00130617 -1.47388e-05 -6.33491e-06 -0.00012241 -0.0121268 0.00147492 -5.39078e-06 -0.000360218 -0.00256175 0.0249731 1.19295e-05 -0.00627348 -0.00116039 -0.0014095 -7.1194e-07 0.00110524 0.00762174 -0.000151645 -0.00014255 -9.62285e-07 -0.0128693 -0.015397 -0.000334759 -8.32897e-05 -0.00338989 0.000173699 -0.000264678 -9.46947e-05 -0.0111396 -1.12478e-07 1.60166e-07 0.00552151 0.000249498 
-1.5232e-06 -3.08319e-08 -0.000727755 7.29407e-05 -7.37222e-05 -0.00156546 0.0262394 -0.00114169 -0.0193725 -0.000541536 -1.60068e-05 3.31262e-05 -0.00414869 -0.00455838 -0.00083499 -0.00842892 -0.000376444 0.00235185 -5.82607e-05 1.87726e-05 0.000868105 3.63109e-07 -1.62684e-05 -0.000374505 -0.00824809 0.00249855 0.0108991 -0.000900304 0.00559598 0.000437989 0.000201731 -0.00577682 -9.5547e-06 -0.0136499 0.00736827 -2.73922e-07 -0.000460316 8.83215e-06 -6.10162e-06 -0.000624388 1.36355e-05 0.000626797 -3.17996e-05 0.02147 0.00219927 -3.21012e-06 -6.30894e-06 5.3223e-06 6.04469e-06 0.0112159 8.02938e-09 0.0056026 -9.7945e-06 -5.03108e-07 -6.12006e-06 9.17716e-07 0.000582273 -2.79609e-06 5.74834e-05 -1.0384e-05 -0.0019684 -1.68736e-06 -7.82714e-05 -1.49279e-06 0.00122604 -6.87458e-05 0.00110898 -0.000886898 0.000168369 9.39839e-05 0.000383744 -0.00360726 -0.000517344 3.01016e-05 -0.000194905 -0.000941346 -0.0126311 9.52451e-05 -0.0164177 -0.00190231 0.00665334 -2.82116e-07 7.12666e-06 0.00360493 -6.20088e-05 3.16062e-05 5.35602e-06 -0.0067313 -0.0117838 1.11234e-05 -3.05013e-05 -0.00129953 8.97587e-05 0.00994024 -8.03261e-05 0.00713014 -4.7731e-08 -2.25621e-08 0.00132256 0.00091071 
4.62192e-06 -4.88688e-08 0.0128306 -8.1819e-06 0.000139615 -0.00105366 -0.00114169 0.0409155 0.00452447 -0.00115525 -1.92041e-05 -8.54797e-05 0.0228921 0.0062807 0.00250167 0.0135435 0.00258507 0.0092133 1.96805e-05 -2.5823e-06 -0.000208393 -7.68279e-07 8.52154e-07 -0.000611359 -0.0110788 -0.0226596 -0.00282703 0.00100499 -0.00205916 -4.21662e-05 -9.6377e-05 0.000731404 -1.54346e-05 -0.000289831 -0.00626003 -5.39837e-07 0.00323586 -1.1766e-06 -1.66269e-05 0.00251678 -1.66518e-06 -0.000305888 8.27627e-05 -0.00407662 -0.000644114 -8.53395e-07 -9.99973e-06 -7.16024e-07 -9.80196e-07 -0.00222143 -7.18072e-08 -0.000784441 -1.27014e-05 -7.84097e-07 -9.54426e-06 1.45324e-06 -0.000849386 -6.86974e-06 2.4777e-05 -1.51173e-05 0.0203126 -7.35027e-06 0.000330439 -2.47322e-06 -0.000734878 -8.25762e-05 -0.000205509 -0.00112554 -1.70771e-05 -5.68804e-06 -8.01522e-05 -0.0167192 0.00107487 2.19104e-06 0.00219678 0.00534627 -0.0142516 -5.31928e-06 -0.0159464 0.00117329 -0.00128358 1.20448e-06 -0.000127452 -0.0238048 0.000575043 -0.000161561 2.00571e-07 0.00191037 0.000631634 -0.000202455 -4.09454e-05 0.0185462 -1.20412e-05 -0.00186515 0.000144128 -0.019127 -7.56541e-08 -3.57611e-08 -0.0208062 -0.000105502 
-4.48923e-05 -9.08456e-07 -0.031503 -0.000527051 0.000551602 0.0126134 -0.0193725 0.00452447 0.16323 -0.0200825 -1.7364e-06 0.00016859 -0.00737873 -0.000468021 0.00630262 0.0534015 0.00210579 -0.0269882 0.000548433 -0.000412431 -0.00298812 2.47889e-06 -0.000472947 0.00177032 0.0413649 0.0179548 -0.0478103 -0.0424344 -0.0239451 -0.0010205 -0.0026284 0.00904337 -0.000280903 0.0342662 -0.0868692 -7.43872e-06 0.00359524 -3.20875e-05 -0.000362365 -0.0147394 -0.000215037 -0.00259516 0.000251153 -0.058555 -0.0115164 2.52219e-05 -0.000184232 -1.21458e-05 -8.06783e-05 -0.0410353 -6.9154e-07 -0.0144155 -0.000275859 -9.15398e-06 -0.0001772 -3.84748e-07 -0.0189755 -0.000120976 -5.95108e-05 -0.000312172 -0.0289505 -0.000136522 -1.7913e-05 4.37846e-06 -0.00878993 -0.000669534 -0.00205129 0.00656582 -0.000198352 -8.78575e-05 -0.00064603 0.0333926 -0.000431861 -5.67762e-05 0.00100121 -0.0173 0.105953 -9.15054e-05 0.0643342 0.00858712 -0.0240847 -6.91806e-07 -0.000274589 0.030854 -7.3235e-05 -0.00105653 -6.42236e-06 0.019839 0.0307215 -0.00120146 -0.00076727 -0.00271344 -0.000200966 -0.0301294 0.000226919 -0.0779994 2.06949e-07 -2.68122e-07 0.0246845 -0.00103597 
6.74806e-06 6.74911e-07 -0.00251198 0.000228893 -7.36798e-05 -0.00142011 -0.000541536 -0.00115525 -0.0200825 0.0270031 4.1372e-05 1.82052e-05 -0.00432344 -0.00289458 -0.00027604 -0.00829834 -0.000393405 -0.00532808 -0.000310034 0.000309872 0.00189778 -5.47708e-07 0.000322069 0.000129452 0.00233067 0.00344738 0.00836265 -0.00106624 0.00529137 2.30095e-05 0.00116122 -0.0023685 0.000277531 -0.00937754 0.0198757 4.17921e-06 -0.000517985 -4.05721e-07 5.81932e-06 -0.000689682 8.74725e-05 0.00091438 -3.34196e-05 0.0102487 -0.000468287 -3.55698e-06 0.000193469 8.55055e-07 8.63382e-05 -0.000831324 1.13339e-07 0.00105054 0.000292263 1.08752e-05 0.000211576 6.04603e-07 -0.000560547 1.52133e-05 2.96352e-06 0.000309225 -0.00266014 0.000128597 -0.000102508 2.34808e-05 -0.000444796 -8.34322e-05 0.000540472 -0.000915597 2.15096e-05 -3.7828e-06 -5.48573e-06 -0.00302142 -0.000344301 1.69787e-06 -0.000194733 -0.00115613 -0.0134207 -1.98052e-06 -0.0105703 -0.00322371 0.00235334 -1.77834e-07 0.000545452 0.00405886 -5.7576e-05 0.000320487 -9.3182e-07 -0.00493388 -0.00738118 -0.000137442 0.000288385 -0.00119813 0.000223429 0.00627856 0.000229915 0.0114966 -4.9161e-08 -2.3238e-08 0.00263151 8.08763e-05 
-3.74205e-08 -7.09324e-10 -4.31731e-05 2.6599e-05 -7.98757e-07 -2.76947e-05 -1.60068e-05 -1.92041e-05 -1.7364e-06 4.1372e-05 0.000620015 1.15617e-05 -8.40748e-05 -9.05151e-05 0.000114241 -5.38245e-05 -5.70006e-06 0.000141089 -2.6639e-07 -3.46582e-07 -6.931e-06 1.43241e-07 -4.01892e-07 0.000156497 -0.000261933 3.95006e-05 5.92674e-05 0.000176274 0.000278976 2.98561e-07 -1.54884e-06 -8.60341e-05 -2.08483e-07 -0.000106495 -3.18458e-05 -7.83565e-09 9.63656e-05 1.94306e-08 2.04713e-06 1.54191e-06 1.52078e-05 -3.32997e-06 -3.037e-07 2.80014e-05 -1.15455e-05 8.47942e-07 -1.45145e-07 1.1265e-07 1.40587e-06 -3.44626e-05 -1.04227e-09 -9.31668e-06 -2.06791e-07 -1.15746e-08 2.49047e-07 4.34737e-06 5.14347e-05 3.03947e-09 -1.1864e-07 7.84382e-06 5.39717e-06 -1.06688e-07 -2.15976e-06 -4.07851e-08 -2.94043e-06 -1.90616e-06 0.000174584 -4.89327e-06 -2.63064e-07 -8.44964e-08 1.47213e-05 3.01975e-05 5.93171e-05 5.59714e-08 7.63217e-06 -1.368e-05 -0.000161628 -7.85633e-08 0.000148755 -0.00030523 -1.87703e-05 9.71612e-09 9.00601e-06 -0.00025978 -1.28973e-06 0.000165644 -1.39412e-08 -0.000180728 -0.000212445 1.10977e-05 -8.32488e-07 -2.41006e-05 2.09602e-05 -8.52397e-06 -1.75719e-06 -0.00030872 -1.09811e-09 -5.19068e-10 -0.00013692 2.24817e-05 
2.8978e-05 6.67687e-07 -0.000184177 -4.85914e-07 6.94626e-05 7.64147e-05 3.31262e-05 -8.54797e-05 0.00016859 1.82052e-05 1.15617e-05 0.00201879 -0.000157037 2.04216e-05 -5.64454e-05 0.000869345 6.74113e-05 0.000220833 -6.09104e-05 4.78514e-05 0.000170904 1.01289e-06 5.5017e-05 0.00128319 -0.000689463 -0.00104299 0.000826121 -0.000138486 0.00136733 8.73625e-06 -7.02829e-06 -0.000427165 1.02583e-05 -0.000912853 -0.000182962 -2.55491e-08 -1.36209e-05 2.26004e-06 1.46419e-06 -3.26481e-05 9.52169e-07 1.16523e-06 4.51742e-06 0.000501167 -1.17029e-05 1.17758e-05 4.60267e-05 3.18499e-07 -2.41694e-07 0.000545231 1.32682e-08 5.32909e-05 4.64439e-05 -3.77403e-08 3.25374e-06 -2.78459e-08 -4.69323e-05 1.41298e-06 2.30809e-06 1.85073e-05 -0.000168374 4.54455e-05 -7.60241e-06 1.2857e-05 0.000375558 -2.23074e-06 0.000241392 -4.19909e-06 3.66922e-05 3.74449e-06 6.7777e-05 -0.00124351 -3.77222e-05 3.105e-07 7.86089e-05 -6.54532e-05 0.000197237 7.77168e-07 0.000297955 -0.000942333 -7.64411e-06 -2.26631e-08 0.000173924 -0.000750361 6.51763e-07 0.000576873 4.23527e-06 -0.00138967 -0.00135356 4.51655e-05 4.6057e-05 -3.77426e-05 3.03971e-05 0.000113178 5.45969e-05 -0.0010083 -3.58051e-09 8.49742e-08 3.57708e-05 1.58142e-05 
-6.32172e-06 -1.86492e-07 0.0559241 0.000175493 0.00118765 -0.00628057 -0.00414869 0.0228921 -0.00737873 -0.00432344 -8.40748e-05 -0.000157037 0.136507 0.0178229 -0.00407872 0.0493049 0.0115359 0.062047 0.000102653 -2.25197e-05 -7.01391e-05 5.36692e-06 0.000212417 -0.00271281 -0.0452466 -0.0832695 -0.0064598 0.0308307 -0.00475477 -0.000186606 -0.000300008 0.0033642 -1.01548e-05 0.00637595 -0.0202755 -1.71677e-06 0.00977147 2.06085e-05 -6.61163e-05 0.012575 -4.24828e-05 -0.00117678 0.000924148 -0.00965718 0.00742563 5.17524e-05 -3.8024e-05 -2.72879e-06 -1.02286e-05 0.0156546 7.59715e-08 -0.00157043 -5.81167e-05 2.42687e-06 -3.60285e-05 4.80958e-06 0.0080799 -2.58754e-05 -1.73182e-05 -5.50445e-05 0.0622025 -2.45865e-05 0.00251313 -7.70966e-06 0.0059256 1.73745e-05 1.40193e-05 -0.00151461 2.19533e-05 -2.08053e-05 -0.000276589 -0.0786317 0.00123706 -6.04156e-06 0.00257121 0.0322546 -0.0515749 -8.62877e-06 -0.0662553 -0.00148327 -0.00277846 6.9226e-06 -0.000507655 -0.0947722 0.000528993 -0.000557209 1.37055e-05 0.00729456 0.00547156 0.000590174 0.000254195 0.040291 3.74053e-05 -0.00498097 0.00178823 -0.0371419 2.46248e-08 3.23529e-07 -0.0723872 -0.000378942 
8.41302e-06 -2.17299e-07 0.0211881 -0.000142193 0.00158314 -0.00649313 -0.00455838 0.0062807 -0.000468021 -0.00289458 -9.05151e-05 2.04216e-05 0.0178229 0.153936 -0.00577002 0.0401453 0.00201421 -0.0185847 9.00638e-05 -7.42312e-05 0.00294297 7.28049e-06 4.77315e-05 -0.00245288 -0.0111804 -0.0370748 -0.0118962 0.00867384 -0.00648219 -0.000176297 -0.000626107 0.00306263 -6.00951e-05 0.00871454 0.00554058 -2.26709e-06 0.00811757 3.58893e-05 -7.37944e-05 0.00645191 -1.73507e-05 0.00242018 0.000494444 -0.016873 0.00127695 -9.73829e-06 -4.40246e-05 -3.23946e-06 -1.83114e-05 0.00158173 8.73699e-08 -0.00315482 -5.56035e-05 -3.36584e-06 -4.20271e-05 9.84394e-07 0.00243823 -2.55114e-05 -1.13139e-05 -7.29868e-05 0.0306259 -3.25936e-05 0.00089521 -8.82772e-06 0.00618271 0.00248399 -0.00119825 -0.00323879 -6.30755e-05 -2.43452e-05 -8.81535e-05 -0.0603276 -0.0028577 1.95152e-05 0.00184556 -0.00596537 -0.0439021 -4.4043e-06 -0.0275145 -0.00476135 -0.00563246 2.78405e-06 -0.00024495 -0.0271275 0.00207791 -0.000664023 -2.83766e-06 0.00500464 0.0113536 -0.000805902 -0.000206744 0.0149839 -0.000170338 -0.00704696 0.00167919 -0.0181476 1.3336e-06 -9.90149e-08 -0.0324319 -0.000151906 
-1.96123e-06 -3.71762e-08 -0.00305853 -2.5248e-05 -6.90525e-05 0.00416946 -0.00083499 0.00250167 0.00630262 -0.00027604 0.000114241 -5.64454e-05 -0.00407872 -0.00577002 0.0314584 -0.00405136 -0.000423234 -0.0117141 2.19944e-05 -1.85828e-05 -0.000158095 -1.46971e-07 -2.75606e-05 -0.000233116 0.00420118 0.0037033 -0.00179183 -0.00231784 -0.00147217 -4.40859e-05 -0.000111929 -0.000200576 -1.14016e-05 -0.00747914 -0.00529163 -1.74006e-07 0.00269968 -2.98645e-06 -9.78092e-06 -0.000871234 -1.80223e-05 -0.000144502 -4.08295e-05 -0.00229639 -0.00025323 -2.84407e-06 -7.60714e-06 -4.06586e-07 -2.5583e-06 -0.00291566 -5.46262e-08 -0.000567456 -1.04096e-05 -5.79966e-07 -7.10744e-06 2.77476e-06 -0.000772558 -4.03981e-06 6.94793e-05 -1.29025e-05 -0.00339836 -5.5916e-06 -0.000122629 1.75358e-05 -0.000704876 -0.000100952 -0.000210634 -0.00094996 -1.2444e-05 -2.82185e-06 -6.03072e-05 0.000670349 0.00469964 -2.56834e-06 6.31735e-05 -0.00143979 0.0120353 2.43865e-09 0.00292072 0.000572017 -0.000670466 -3.64283e-07 0.000132109 0.00385956 -4.41968e-05 -0.00011214 -1.19144e-06 -0.00162125 0.00124859 -0.000161844 -4.35095e-05 -0.00178366 0.000182563 -0.00140693 -9.1126e-05 -0.0121698 -5.75526e-08 1.86129e-07 0.000638438 0.00029179 
-8.74387e-06 -3.7059e-07 0.0170031 5.27671e-05 0.0018391 0.0225564 -0.00842892 0.0135435 0.0534015 -0.00829834 -5.38245e-05 0.000869345 0.0493049 0.0401453 -0.00405136 0.21907 0.00962939 -0.0277502 0.00020424 -9.29228e-05 -0.000667958 9.31913e-06 -7.02954e-05 0.0112223 0.000498903 -0.0535027 -0.0152385 -0.0042713 -0.0132377 -0.000345701 -0.000874955 0.00260237 -0.000105889 0.0130103 -0.0315135 -3.32711e-06 0.0118454 1.532e-05 -0.000149833 0.00414098 6.56161e-05 -0.00164278 0.000803434 -0.0275498 -0.00366463 7.43315e-05 -7.38516e-05 -5.20154e-06 -3.38539e-05 -0.0216089 -2.71208e-07 -0.00589031 -0.000103852 -3.60547e-07 -7.22549e-05 -3.05157e-06 -0.00647129 -5.05824e-05 -6.12137e-05 -9.64453e-05 0.0208467 -5.46265e-05 0.00205168 3.73016e-05 -0.00103994 0.000585673 -0.000997191 -0.00109758 -5.20627e-05 -4.18256e-05 -0.000504424 -0.0922391 0.00281634 -1.29309e-05 0.00319514 0.0087492 0.0372718 -3.92759e-05 0.00748595 0.00562158 -0.00925322 5.85313e-07 0.000142004 -0.0695791 0.00107684 -0.000206727 1.21718e-05 -0.00327667 -0.00918071 -0.00154835 -0.000398367 0.0274537 0.000112142 -0.00923512 0.00149327 -0.118314 9.66287e-07 1.55477e-07 -0.0359744 -0.00182038 
1.49208e-07 -1.78332e-08 0.00835679 -8.49352e-06 1.50137e-05 -0.000852643 -0.000376444 0.00258507 0.00210579 -0.000393405 -5.70006e-06 6.74113e-05 0.0115359 0.00201421 -0.000423234 0.00962939 0.0153543 0.00741323 -2.67904e-06 2.50171e-05 -0.000127128 -2.84198e-07 6.31796e-05 -0.000223962 -0.00911817 -0.0129738 -0.000854299 7.72509e-05 -0.000568427 -6.63995e-06 -5.15653e-05 0.000209831 8.44901e-06 0.00078276 -0.0024861 -1.96997e-07 0.000613303 -4.28978e-07 -7.3569e-06 0.00161607 1.59377e-05 -0.000120138 2.7926e-05 -0.00133804 -7.6026e-05 4.4887e-05 7.7409e-06 -2.6859e-07 2.9564e-06 -0.00115581 -2.62039e-08 -0.00028846 -1.80179e-06 9.95668e-07 4.66629e-06 2.59915e-06 -0.000301812 -2.1515e-06 -3.09368e-06 6.6174e-06 0.00923047 -2.15593e-07 0.00163169 -1.02538e-06 -7.00297e-07 -2.95528e-05 0.000390164 -0.000362431 -4.82039e-06 -2.12433e-06 -4.16675e-06 -0.0109651 -0.000275214 2.78166e-06 -4.71753e-05 0.00201934 -0.00618119 4.83816e-06 -0.00886962 -0.000461367 -0.000479885 6.36526e-06 -2.71683e-05 -0.0109437 -1.7753e-05 -2.12829e-05 4.91424e-07 -2.40119e-05 0.00114592 -3.84682e-05 9.19417e-06 0.0115481 -1.54928e-05 -0.000686594 5.38903e-05 -0.00620384 9.9059e-08 -1.305e-08 -0.011097 -0.000102328 
-2.6973e-05 -5.10967e-07 0.0482969 0.000279899 -0.000827297 -0.0274075 0.00235185 0.0092133 -0.0269882 -0.00532808 0.000141089 0.000220833 0.062047 -0.0185847 -0.0117141 -0.0277502 0.00741323 0.249672 0.000276134 -7.29924e-05 -0.00362126 -1.00249e-05 8.61211e-05 -0.00318656 -0.0736277 -0.0478236 0.000848086 0.0366236 0.00177308 0.000400469 -0.000841191 0.00237594 -9.17674e-05 0.0158675 -0.0292378 -5.55634e-06 -0.00121197 -4.75141e-06 -0.000196676 0.0143941 3.08919e-05 -0.000180246 0.000159628 -0.0015087 0.0085447 1.74213e-05 -0.000110204 4.43843e-06 -1.95669e-05 0.0450783 -5.22918e-07 -0.00400769 -0.000166027 -1.8839e-06 -0.000101452 5.88021e-06 0.0124085 -7.03499e-05 -6.33817e-05 -9.63743e-05 0.0498635 -7.16866e-05 0.00189827 -2.68665e-05 0.00946337 0.00155841 0.00231166 -0.00656143 7.59384e-05 6.43508e-05 0.000806191 -0.00116516 -0.000850024 3.42767e-05 0.00321708 0.0212307 -0.0934242 4.58626e-05 -0.0532154 -0.0122158 -0.012959 4.57116e-06 -0.00136776 -0.102006 -0.000546029 0.00136607 1.33803e-05 0.0134307 0.0146306 0.0026224 9.64639e-05 0.0245592 6.99599e-05 -0.0177215 0.000639431 -0.0275513 -3.02955e-07 2.20147e-07 -0.0525509 0.000585096 
-5.69848e-05 -6.69207e-07 2.99137e-05 -7.49752e-05 8.89831e-07 4.18796e-05 -5.82607e-05 1.96805e-05 0.000548433 -0.000310034 -2.6639e-07 -6.09104e-05 0.000102653 9.00638e-05 2.19944e-05 0.00020424 -2.67904e-06 0.000276134 0.000693066 -0.000378584 -0.00038551 1.50083e-08 -0.000393795 -2.30119e-05 5.2009e-06 0.000311591 -0.000230043 -4.76262e-05 2.93684e-06 -3.10344e-05 2.36316e-07 0.000427462 -0.000283728 0.000631121 -0.000156597 -1.12405e-08 1.51196e-05 -9.55602e-06 -0.000218412 1.21985e-05 -9.96199e-06 -0.000258811 -5.11761e-06 -0.000215424 8.0867e-06 -1.74934e-07 -0.000231628 1.19429e-08 -2.04405e-05 1.58698e-05 1.16516e-09 -5.89331e-05 -0.000347676 -1.12804e-05 -0.000215432 -6.45882e-07 -1.0185e-05 -0.000105635 -7.10325e-06 -0.000305511 -5.41239e-05 -0.000160797 -1.94644e-05 4.55938e-08 -9.42603e-06 9.03065e-07 2.51696e-06 2.29169e-05 -1.16826e-05 -3.06887e-06 -2.07546e-05 0.000448258 -0.000205606 -2.14296e-05 4.62171e-06 -0.000159744 0.000353365 -5.55884e-06 0.000489876 0.000616908 -0.000248378 -5.35563e-07 -0.000341651 0.000238835 -1.89771e-05 -0.00018343 -2.33236e-07 0.000551011 0.00061205 -7.50701e-06 -0.000354074 -0.000361024 -1.79806e-06 -1.88236e-05 -0.000359528 4.33179e-06 1.22758e-09 5.80267e-10 0.000329168 -3.93452e-05 
5.7191e-05 6.69324e-07 9.14109e-06 6.6982e-05 5.65724e-07 -3.69587e-05 1.87726e-05 -2.5823e-06 -0.000412431 0.000309872 -3.46582e-07 4.78514e-05 -2.25197e-05 -7.42312e-05 -1.85828e-05 -9.29228e-05 2.50171e-05 -7.29924e-05 -0.000378584 0.000590531 0.000363464 -1.27866e-08 0.000384448 2.3572e-05 -3.88782e-05 -0.000413524 -1.66667e-05 6.16263e-05 -2.09318e-05 2.55759e-05 -1.05628e-06 -0.000356821 0.000281672 -0.000346947 -8.63447e-05 1.25372e-08 -1.2739e-05 4.90215e-06 9.8789e-07 3.23577e-05 6.63634e-06 2.89429e-06 4.88613e-06 -5.00789e-05 -1.96916e-06 2.58513e-07 0.000231652 -1.0175e-08 1.97894e-05 -2.74171e-06 -9.92678e-10 -6.16695e-06 0.000343554 1.12823e-05 0.000214312 -1.20283e-08 3.1749e-06 1.17812e-07 -1.19344e-07 0.000301832 7.91553e-05 0.000159798 1.30157e-06 -3.88445e-08 -1.39713e-05 -1.8299e-06 -4.08845e-07 -1.74345e-05 -2.50547e-07 -8.04759e-08 1.24124e-05 -0.000308065 -1.05051e-05 1.25985e-05 -4.38096e-06 1.42926e-05 -0.000274035 -7.48251e-08 -0.000300236 -0.00036786 -1.72749e-05 1.26714e-07 0.000343258 -0.000371841 8.18559e-06 -2.23469e-06 1.90531e-07 -0.000335907 -0.000394756 -1.96323e-06 0.000352065 0.000440756 9.47278e-07 -1.64988e-05 0.000365275 6.2261e-05 -1.04586e-09 -4.9437e-10 -0.000426692 3.52876e-05 
4.98828e-05 6.57036e-07 -0.000316752 6.07449e-05 -1.45615e-05 0.000579565 0.000868105 -0.000208393 -0.00298812 0.00189778 -6.931e-06 0.000170904 -7.01391e-05 0.00294297 -0.000158095 -0.000667958 -0.000127128 -0.00362126 -0.00038551 0.000363464 0.0112098 1.48797e-06 0.00036915 0.00088379 0.000190104 -0.00164283 -0.000166785 7.06978e-05 0.00130131 2.24416e-05 0.000242586 -0.00397245 0.000294384 -0.00474048 0.000757439 1.39013e-06 5.60107e-05 3.85729e-06 3.16799e-05 -8.01548e-05 9.36374e-06 0.000714838 2.36491e-05 0.00246981 -0.000124936 8.34364e-06 0.000229921 -1.95247e-07 3.4472e-05 0.00152879 3.64285e-07 -0.000204299 0.000356599 1.11818e-05 0.000214367 6.25216e-08 -0.00024234 3.80337e-05 7.66991e-06 0.000306364 0.00161718 0.000159184 -3.99114e-05 4.54946e-05 0.000273776 -1.65797e-05 5.30506e-05 -0.000323672 6.25856e-05 -1.28425e-06 -4.3694e-06 -0.0048012 -0.000169634 -3.20756e-07 -1.67838e-05 -0.000405176 0.00199087 -3.15818e-07 -0.00471509 -0.00203231 0.000469138 2.96389e-08 0.00118249 -0.000295757 -5.10517e-07 0.000118615 2.19118e-07 -0.00216014 -0.00215871 -6.0563e-05 0.00035592 -2.09956e-05 1.80131e-05 0.00151118 0.000572093 0.00100544 3.65977e-08 -9.48645e-09 -0.000763776 -3.29268e-05 
-1.30525e-09 -2.47417e-11 -2.03854e-06 -1.68941e-08 6.47051e-06 3.09484e-06 3.63109e-07 -7.68279e-07 2.47889e-06 -5.47708e-07 1.43241e-07 1.01289e-06 5.36692e-06 7.28049e-06 -1.46971e-07 9.31913e-06 -2.84198e-07 -1.00249e-05 1.50083e-08 -1.27866e-08 1.48797e-06 2.16395e-05 -1.97155e-08 3.81347e-06 2.96999e-06 -1.27347e-05 -8.5958e-07 -1.55065e-06 -8.46904e-07 -2.98151e-08 -7.51857e-08 -1.73832e-06 -7.96965e-09 -1.00645e-06 -7.64627e-07 -2.73313e-10 -3.74221e-07 -1.99643e-09 -1.03318e-08 -6.27321e-07 6.97706e-08 -1.25953e-07 -2.91963e-08 1.84611e-07 3.73264e-06 -2.86225e-09 -5.06275e-09 -3.72641e-10 -2.58555e-09 -1.68058e-06 -3.63552e-11 -2.60314e-07 -7.91065e-09 -4.0373e-10 -4.91654e-09 -4.40518e-10 -5.20605e-07 -3.49832e-09 -4.37078e-09 -8.58697e-09 -2.25017e-06 -3.72136e-09 -8.16127e-08 8.19107e-08 -1.56287e-07 -6.81159e-08 -1.52067e-07 6.91495e-06 4.74908e-08 -2.9473e-09 -1.57277e-08 -7.3326e-06 -4.49519e-07 -1.88456e-09 -1.53864e-07 -9.33983e-07 6.41595e-06 -2.74035e-09 1.62576e-06 -3.68876e-06 -4.35882e-07 -2.4244e-10 -1.30014e-08 -9.77509e-06 1.25323e-06 -8.18419e-08 -8.35088e-10 5.46614e-07 -6.41228e-06 -1.16581e-07 -2.97354e-08 -1.05623e-06 6.10155e-08 -4.32575e-07 -6.75705e-08 -9.98952e-06 -3.83028e-11 -1.81055e-11 -5.39152e-06 -1.45625e-07 
5.6995e-05 6.68958e-07 0.000256492 9.72587e-05 9.1556e-07 -4.96724e-05 -1.62684e-05 8.52154e-07 -0.000472947 0.000322069 -4.01892e-07 5.5017e-05 0.000212417 4.77315e-05 -2.75606e-05 -7.02954e-05 6.31796e-05 8.61211e-05 -0.000393795 0.000384448 0.00036915 -1.97155e-08 0.000910237 6.72231e-05 -0.000383867 -0.000720698 -5.92341e-05 0.00032628 2.18891e-06 5.61381e-05 1.8846e-06 -0.00035848 0.000283238 -0.000359191 -0.00014506 8.49323e-09 -1.50142e-05 1.03559e-05 1.12169e-06 2.09091e-05 5.25233e-06 3.27128e-05 7.81414e-06 -8.55617e-05 -1.54391e-05 8.9283e-07 0.00023023 -1.56886e-08 2.05211e-05 0.000144818 -1.53059e-09 -1.1368e-05 0.00034902 1.1303e-05 0.000214036 -1.85463e-08 0.000137222 8.93836e-08 -1.84014e-07 0.000311082 0.000373826 0.000161127 4.4284e-05 1.90106e-07 -1.15276e-05 2.62892e-06 -5.32217e-06 -3.01045e-05 3.3702e-07 3.52582e-07 7.03018e-05 -0.00055529 -1.73289e-05 2.27173e-05 2.10784e-06 0.000132426 -0.000463702 -1.15371e-07 -0.000541657 -0.000730352 -2.83087e-05 1.23126e-07 0.00034407 -0.00062224 4.9163e-05 1.3781e-05 2.54842e-07 -0.000332585 -0.000476222 -1.91495e-07 0.000364205 0.000705469 4.86706e-06 -3.33484e-05 0.000369599 -0.000137674 -1.61259e-09 -7.62259e-10 -0.000673966 8.5307e-05 
3.05868e-05 -2.39445e-08 -0.0017247 -1.43331e-05 9.37103e-05 0.009152 -0.000374505 -0.000611359 0.00177032 0.000129452 0.000156497 0.00128319 -0.00271281 -0.00245288 -0.000233116 0.0112223 -0.000223962 -0.00318656 -2.30119e-05 2.3572e-05 0.00088379 3.81347e-06 6.72231e-05 0.0205041 -0.000111442 -0.00640127 0.000414759 -0.00121736 0.00300574 0.000100092 2.63735e-05 -0.00070965 -6.27619e-06 -0.00072885 0.00636819 3.58827e-07 -0.000459049 -1.25211e-06 -6.25889e-06 -0.000564501 -3.82238e-06 -5.50321e-05 1.75178e-05 -0.000318405 0.00021989 1.716e-05 2.0367e-05 1.53603e-06 -1.7589e-06 0.000338567 1.4815e-07 -0.00031581 3.00876e-05 -3.90721e-07 -4.75812e-06 5.32368e-06 -0.00032918 1.1144e-06 -2.88994e-06 -1.47028e-06 -0.00221267 1.91819e-05 -7.6613e-05 5.78832e-05 0.000122361 -4.87577e-05 0.000223413 0.000945868 2.2098e-06 -1.409e-06 0.000161352 -0.00156433 -0.000323537 2.53428e-05 4.81306e-06 -0.000890928 0.00228599 -2.64205e-06 0.00112233 -0.00494413 -0.000289374 -2.34628e-07 0.00135846 -0.00722138 4.31017e-05 0.00152329 3.64515e-06 -0.00449252 -0.0172844 0.000376586 -4.67392e-06 -0.00112569 0.000240455 0.00193076 -8.89323e-06 -0.00533686 -3.70686e-08 6.91446e-08 0.00208456 0.000206302 
7.34719e-06 1.63786e-07 -0.0717115 -0.000560447 0.000351079 0.00888917 -0.00824809 -0.0110788 0.0413649 0.00233067 -0.000261933 -0.000689463 -0.0452466 -0.0111804 0.00420118 0.000498903 -0.00911817 -0.0736277 5.2009e-06 -3.88782e-05 0.000190104 2.96999e-06 -0.000383867 -0.000111442 0.122731 0.0644426 0.00134913 -0.0567514 -0.0170077 -0.00085845 -0.000157795 0.00222955 -8.30658e-05 -0.000266271 0.0202428 1.24928e-06 -0.00179255 -1.05207e-05 6.51746e-05 -0.0208785 3.10267e-06 -0.00170344 -2.87825e-05 -0.0119515 -0.0117033 -3.91724e-05 1.90078e-05 -1.05965e-05 -8.45417e-06 -0.0744842 1.40665e-07 0.000561994 -7.76636e-06 -1.46674e-05 -1.94768e-05 -1.09305e-05 -0.0199132 2.03816e-05 -7.47963e-06 -8.94492e-05 -0.0734306 1.2298e-05 -0.00320213 1.85077e-06 -0.0143795 -0.00259062 -0.00290301 0.00315332 -0.000218671 -0.000108173 -0.00120777 0.04994 0.00223256 -6.68713e-05 -0.00487602 -0.0247994 0.0762342 -9.62794e-05 0.0615177 0.0212229 0.00414504 -6.30176e-06 0.000369019 0.0598757 -0.000439766 -0.00226774 -9.48188e-06 0.00555809 -0.000316951 -0.00361574 -0.000577871 -0.0303042 -0.000287573 0.00355619 -0.000117133 -0.00863675 -1.29776e-07 -5.03479e-07 0.0691846 -0.0019966 
-5.15785e-05 -5.06638e-07 -0.0744844 -0.00040188 -0.00196603 -0.00143249 0.00249855 -0.0226596 0.0179548 0.00344738 3.95006e-05 -0.00104299 -0.0832695 -0.0370748 0.0037033 -0.0535027 -0.0129738 -0.0478236 0.000311591 -0.000413524 -0.00164283 -1.27347e-05 -0.000720698 -0.00640127 0.0644426 0.122467 0.00864358 -0.0475581 0.0031338 -2.25373e-05 0.000172074 -0.00238583 -0.000282579 -0.00682184 0.0170963 1.7846e-06 -0.011168 -4.85649e-05 6.59442e-05 -0.0220463 -4.32097e-05 0.000226382 -0.00111018 0.0131159 -0.0109697 -8.01248e-05 -0.000200022 2.39043e-06 -4.32847e-06 -0.0311761 2.40042e-07 0.00266085 -0.000307205 -1.47843e-05 -0.000184248 -4.4614e-06 -0.0153925 2.19116e-05 8.03881e-06 -0.000316043 -0.0794298 -0.000140976 -0.00323127 -4.26403e-05 -0.0141499 -0.00266282 -5.38497e-05 0.000185117 4.72193e-06 1.91067e-05 0.000139836 0.0929387 1.54842e-05 -4.34902e-05 -0.00513783 -0.0334751 0.0419917 -7.93972e-06 0.070455 0.00498914 0.00437473 -7.18258e-06 -0.000564501 0.0963643 -0.00181386 -0.000158138 -1.61662e-05 -0.0049292 0.00368201 -0.000869183 -0.000856107 -0.0476192 -4.99859e-05 0.00326318 -0.0021104 0.0245194 -1.03043e-06 -3.03789e-07 0.0901542 0.00027219 
-3.99655e-06 -3.92163e-08 -0.00619288 0.000156216 -0.000175875 -0.00393595 0.0108991 -0.00282703 -0.0478103 0.00836265 5.92674e-05 0.000826121 -0.0064598 -0.0118962 -0.00179183 -0.0152385 -0.000854299 0.000848086 -0.000230043 -1.66667e-05 -0.000166785 -8.5958e-07 -5.92341e-05 0.000414759 0.00134913 0.00864358 0.061965 -0.00449668 0.0253818 0.00071691 0.00224996 -0.00916517 -2.03663e-05 -0.0387818 0.0416922 4.26508e-06 -0.000530404 1.10803e-05 0.000363602 -0.00162596 0.000247683 0.000931737 -8.63619e-05 0.0437699 0.000398101 -4.0952e-06 -1.55275e-05 1.55138e-05 2.77401e-05 0.00260905 4.51651e-08 0.015329 -2.4262e-05 -1.23158e-06 -1.26624e-05 3.24226e-06 -0.00131985 0.000121594 4.44115e-05 -1.84996e-05 -0.00693788 -8.98009e-06 -0.00024649 -4.73162e-07 0.000638494 -0.000204005 0.00359015 -0.00212934 0.000142611 0.000101557 0.00049081 -0.0229126 8.55198e-05 2.21667e-05 -0.000421164 -0.000946776 -0.0319723 9.58535e-06 -0.0270744 -0.00321395 0.0255074 6.97684e-08 -0.000155352 -0.00241421 -0.000183362 0.0016403 1.45721e-05 -0.0262557 -0.0346733 -0.000294443 -9.10619e-05 -0.00362075 0.000206701 0.0307749 -0.000201359 0.0192118 -1.10808e-07 1.5447e-07 0.00670062 0.00114199 
-3.18875e-06 -8.19272e-08 0.0545741 0.000506719 -0.000196044 -0.00454315 -0.000900304 0.00100499 -0.0424344 -0.00106624 0.000176274 -0.000138486 0.0308307 0.00867384 -0.00231784 -0.0042713 7.72509e-05 0.0366236 -4.76262e-05 6.16263e-05 7.06978e-05 -1.55065e-06 0.00032628 -0.00121736 -0.0567514 -0.0475581 -0.00449668 0.0665218 -2.12519e-05 0.000301097 -0.000102809 0.00145189 9.47401e-05 0.00320913 -0.00660617 -9.05021e-07 -0.000815323 9.49255e-06 -3.17317e-05 0.019718 -2.93669e-05 8.70115e-06 -7.68411e-05 -0.00523754 0.00971574 -8.25776e-06 -4.41427e-06 -1.23392e-06 1.42182e-06 0.0382031 -1.20383e-07 -0.00132342 4.48388e-05 1.43898e-05 3.32799e-05 -1.55354e-07 0.0215386 -1.0234e-05 -3.8096e-06 0.000123669 0.0556581 -1.54919e-06 0.00125722 -4.6807e-06 0.0116504 0.00186187 0.000176529 -0.00233164 -2.8244e-05 -5.49271e-06 -3.87636e-05 -0.038461 -0.00137457 2.09697e-05 0.000971819 0.0206645 -0.0413274 -1.12077e-06 -0.0425607 -0.0083734 -0.00223596 -8.27914e-08 -0.000188015 -0.0510954 0.000437066 -4.11396e-05 4.77644e-09 0.00355182 0.0031246 0.00120957 0.000553181 0.0153863 0.000158332 -0.0027938 -4.36726e-05 0.0119712 3.65014e-08 4.40047e-07 -0.0512388 -0.000207271 
-2.97376e-06 -5.63691e-08 -0.00172304 0.00015129 -0.000124631 -0.00253514 0.00559598 -0.00205916 -0.0239451 0.00529137 0.000278976 0.00136733 -0.00475477 -0.00648219 -0.00147217 -0.0132377 -0.000568427 0.00177308 2.93684e-06 -2.09318e-05 0.00130131 -8.46904e-07 2.18891e-06 0.00300574 -0.0170077 0.0031338 0.0253818 -2.12519e-05 0.0468717 0.000728396 0.00205864 -0.00853889 -2.43058e-06 -0.0271009 0.0164512 5.98064e-06 -0.00108542 1.00486e-06 3.12244e-05 -0.00125067 5.64267e-05 0.00116154 -3.57013e-05 0.0283169 0.00183656 1.56389e-05 -9.65779e-06 1.2381e-05 3.43268e-06 0.0153108 6.33839e-07 0.0104176 -1.51295e-05 -8.66485e-07 -9.23134e-06 8.5297e-06 -6.83327e-05 6.45311e-06 3.18154e-05 -1.00237e-05 -0.000688201 -7.86837e-06 -0.000113365 1.69989e-05 0.00255621 -7.5895e-05 0.00410941 -0.00127079 0.000125771 6.97452e-05 0.000787746 -0.0163037 -0.00100832 2.64498e-05 2.01532e-05 -0.00177648 -0.0219445 7.35001e-06 -0.0163894 -0.0132226 0.0166883 -1.22351e-07 0.000383722 0.00495757 -0.000136326 0.00278747 4.40742e-06 -0.0290225 -0.0274388 0.00187733 -6.08727e-05 -0.00267264 0.000243027 0.0234961 -0.000134796 0.0103352 -8.72652e-08 7.5417e-08 0.00321951 0.00202544 
1.68636e-05 -1.57526e-09 -2.1893e-05 8.87105e-06 -3.67405e-06 -8.75538e-05 0.000437989 -4.21662e-05 -0.0010205 2.30095e-05 2.98561e-07 8.73625e-06 -0.000186606 -0.000176297 -4.40859e-05 -0.000345701 -6.63995e-06 0.000400469 -3.10344e-05 2.55759e-05 2.24416e-05 -2.98151e-08 5.61381e-05 0.000100092 -0.00085845 -2.25373e-05 0.00071691 0.000301097 0.000728396 0.00137588 1.74164e-05 -0.000564726 3.93925e-06 -0.000899708 0.000199233 6.22599e-07 -3.01916e-05 6.95576e-08 2.63219e-06 2.83634e-06 1.16665e-05 1.62918e-05 -9.88733e-08 0.000807478 5.05506e-05 -1.82234e-07 -3.22335e-07 2.33961e-06 2.98717e-07 0.000780876 -2.31466e-09 0.000500589 1.3083e-05 2.61763e-06 4.57364e-06 2.05286e-07 0.000282807 4.10602e-07 5.38388e-07 5.04995e-06 0.000345121 5.64017e-08 -9.79453e-07 2.60916e-08 0.000173887 -1.06347e-06 5.64249e-05 -4.5416e-05 3.32579e-06 5.7999e-05 0.000151458 -0.000209807 -2.56922e-05 2.28767e-05 -1.00695e-05 -4.73016e-05 -0.000774849 -5.44725e-08 -0.000673174 -0.000928504 0.000111371 -1.54357e-08 3.79877e-05 -0.000194147 1.17701e-05 -3.43738e-06 3.27016e-06 -0.000654398 -0.000859831 1.20642e-05 1.81014e-06 2.95586e-06 1.07591e-05 0.000581987 1.11579e-05 -4.26405e-05 -2.43866e-09 -1.15274e-09 -0.000117093 0.000405678 
-2.09563e-07 -3.97238e-09 -1.55122e-07 5.72176e-05 -9.48078e-06 -0.000219951 0.000201731 -9.6377e-05 -0.0026284 0.00116122 -1.54884e-06 -7.02829e-06 -0.000300008 -0.000626107 -0.000111929 -0.000874955 -5.15653e-05 -0.000841191 2.36316e-07 -1.05628e-06 0.000242586 -7.51857e-08 1.8846e-06 2.63735e-05 -0.000157795 0.000172074 0.00224996 -0.000102809 0.00205864 1.74164e-05 0.00346232 -0.00076892 -4.02892e-07 -0.0024909 0.00211857 1.10945e-06 -6.61709e-05 4.22798e-07 -6.92145e-07 -8.17589e-05 4.15245e-06 1.21403e-05 -4.59092e-06 0.00270169 0.000122012 3.07121e-07 -4.66178e-07 -5.98289e-08 4.98155e-06 0.00020964 -5.83697e-09 8.32592e-05 -1.09342e-06 1.2518e-07 -6.12702e-07 -7.07269e-08 0.000116418 2.34833e-06 1.53825e-06 1.28133e-06 -0.000265223 -4.20812e-07 5.3301e-06 4.8826e-07 -2.74127e-05 -1.09363e-05 0.000213952 -0.000114804 2.60011e-06 -4.732e-07 -6.77324e-06 -0.00202977 -3.37572e-05 -1.25906e-07 -2.43089e-05 2.16555e-05 -0.001933 -3.1664e-07 -0.00240194 -0.000108776 0.00160883 -3.89247e-08 1.93912e-05 0.000526547 -9.48287e-06 9.902e-05 -1.34077e-07 -0.00206406 -0.0029451 -1.81275e-05 -1.4908e-06 -4.00575e-05 4.32678e-06 0.00247215 -7.87537e-06 0.00135629 -6.14966e-09 -2.9069e-09 0.000150549 -2.19784e-05 
-4.52429e-05 -6.44023e-07 0.00205565 -0.000188806 6.00238e-05 0.000197469 -0.00577682 0.000731404 0.00904337 -0.0023685 -8.60341e-05 -0.000427165 0.0033642 0.00306263 -0.000200576 0.00260237 0.000209831 0.00237594 0.000427462 -0.000356821 -0.00397245 -1.73832e-06 -0.00035848 -0.00070965 0.00222955 -0.00238583 -0.00916517 0.00145189 -0.00853889 -0.000564726 -0.00076892 0.0222045 -0.000290139 0.0123326 -0.00398251 -7.3097e-06 8.65319e-05 -9.87386e-06 -0.000108892 0.000529616 -0.000295387 -0.000702212 1.25477e-05 -0.0122542 -0.000313021 -1.85381e-05 -0.000227258 -1.19287e-05 -2.87287e-05 -0.00497569 -4.41829e-07 -0.00426121 -0.000349711 -1.08761e-05 -0.000215245 -5.14082e-06 0.00046667 -8.53703e-05 -9.23428e-06 -0.000318488 0.00216599 -0.000157659 8.28351e-05 -1.31797e-05 -0.00201567 6.82776e-05 -0.00235178 -0.000660698 -0.000217923 -0.000101669 -0.000508645 0.00320905 -4.81856e-05 -2.1188e-05 0.00012416 0.000827019 -0.00118321 -9.36961e-05 0.0054927 0.00228519 -0.00457486 -2.45452e-07 -0.000856623 -0.00351154 5.71164e-05 -0.000588814 -5.85987e-06 0.00992013 0.00928681 -2.35775e-05 -0.000376266 0.00088056 -6.91809e-05 -0.00753288 -0.000322668 -0.00545293 4.02156e-08 -1.9099e-07 -0.00155711 -0.0012 
3.16445e-06 -4.21071e-10 3.49369e-05 4.30325e-05 -1.01238e-06 -2.31267e-05 -9.5547e-06 -1.54346e-05 -0.000280903 0.000277531 -2.08483e-07 1.02583e-05 -1.01548e-05 -6.00951e-05 -1.14016e-05 -0.000105889 8.44901e-06 -9.17674e-05 -0.000283728 0.000281672 0.000294384 -7.96965e-09 0.000283238 -6.27619e-06 -8.30658e-05 -0.000282579 -2.03663e-05 9.47401e-05 -2.43058e-06 3.93925e-06 -4.02892e-07 -0.000290139 0.000368148 -0.000290736 -5.77082e-05 1.53486e-08 -6.56436e-06 8.96023e-07 -1.725e-07 2.67179e-07 5.64585e-06 -2.48103e-06 3.55312e-06 -1.05874e-05 2.15835e-05 7.95506e-09 0.000169991 -6.34184e-09 2.0246e-05 2.86731e-05 -6.18716e-10 -6.53298e-06 0.000262545 1.11931e-05 0.000197836 -7.49702e-09 2.23467e-05 -5.95367e-08 6.89487e-08 0.000268267 0.000102573 0.000103863 2.10636e-08 -2.42109e-08 6.99909e-07 -7.05906e-07 -2.1613e-06 -1.15059e-05 -9.28274e-08 -5.0159e-08 -7.21494e-07 -0.000242104 -5.52693e-06 1.94594e-07 -2.10873e-06 -1.69623e-06 -0.000201995 1.5567e-06 -0.00025206 -0.000295647 -1.06159e-05 1.29207e-07 0.000256488 -0.000263077 -1.02285e-06 8.38289e-08 -1.42121e-08 -0.000281992 -0.000253282 1.32929e-06 0.000277707 0.000284915 1.95351e-06 -1.40583e-05 0.00027362 7.2099e-05 -6.51862e-10 -3.0813e-10 -0.000312082 1.20813e-05 
