0.0132527 -4.78345e-05 -0.000533496 -7.79104e-05 1.673e-05 -0.000349631 0.000667196 -0.00462634 0.00125025 0.000970229 -0.00443084 -0.000110791 0.000979249 -0.000461444 3.01977e-05 -0.00107359 0.000169777 -5.93366e-05 -7.97898e-06 -0.000120842 -0.00017898 0.00206726 -0.000829024 -7.27596e-05 -0.00053962 -0.00145493 -0.00205963 0.000202302 0.000984683 0.00286301 5.71975e-05 -0.00181532 -2.34723e-05 -3.61045e-05 6.29817e-05 8.20478e-06 -4.67338e-07 -8.9098e-07 -0.000136269 0.000272232 -1.75108e-06 3.49342e-05 -0.00014813 8.65062e-05 0.00122535 -0.00102409 1.82338e-05 -8.3095e-05 9.14782e-06 -4.17203e-05 7.00715e-05 -0.000150075 -2.47617e-08 0.000426642 0.000202169 0.00205115 -0.000325557 0.000703678 -1.78125e-05 4.50149e-05 -0.000745618 -0.000310546 -4.33755e-07 -0.000253301 -0.00104564 6.43532e-05 -0.0010008 8.79061e-06 -4.15146e-05 -0.000251666 1.13848e-06 -2.1707e-06 -0.000276686 -0.000119974 2.48582e-05 -0.00580406 0.00113699 9.07124e-05 -0.000936384 0.00113957 0.00344553 0.00118559 8.45959e-05 -0.00238469 7.41988e-05 -0.000145986 -5.05469e-06 1.76608e-08 -5.14444e-07 3.96525e-05 0.00206082 9.32424e-06 2.05129e-07 -2.62734e-06 -0.00236173 -1.19832e-05 9.33179e-05 -3.12454e-07 -0.00160122 -4.40594e-05 
-4.78345e-05 0.0352816 0.00281861 0.00366043 -1.75661e-06 0.00301459 -0.0142426 -0.014243 -0.00289789 -0.000365917 -0.000861875 -0.0264283 0.00127296 -0.00180439 -0.00175423 -0.02085 0.00669939 0.021147 -2.26919e-05 -0.000553603 -0.000868951 -0.0232619 -0.00144988 0.00833538 0.0170565 0.0140274 -0.00716592 0.00101873 1.64611e-05 -0.000267022 -1.52629e-06 -0.00996442 5.18469e-05 0.00441118 0.000142649 0.00010382 2.35392e-05 3.25607e-05 -0.000395877 -0.00376383 7.85529e-05 -1.86174e-05 0.0071971 0.0001811 -0.0137396 -0.014342 2.8857e-05 0.000402741 0.0229554 0.000538237 -1.43442e-05 0.00123434 3.89159e-07 2.18155e-05 0.000391587 -0.0240982 -0.000617271 -0.000197348 -0.000122769 -1.37456e-05 0.00442365 0.00567519 2.24241e-05 0.0113684 -0.00351771 -2.18279e-05 0.0181405 5.49827e-05 9.14817e-05 0.000540614 0.000311859 -7.88335e-06 -0.000651792 0.00918523 -5.00319e-06 0.00578755 -0.0286681 -6.53129e-07 -0.0281824 0.0186785 -0.00324827 -6.70874e-05 -2.36184e-06 0.0170871 3.36564e-05 -0.00116579 -1.95277e-05 5.12149e-07 -2.13225e-06 -1.58923e-05 -0.00019208 -1.77976e-05 -5.87185e-08 2.61971e-05 -0.00525629 0.000143839 0.0208374 2.20149e-06 -0.0117527 0.00261657 
-0.000533496 0.00281861 0.0403971 0.000771503 1.79955e-05 0.00211011 -0.0321352 -0.0104741 -0.00276355 0.00104851 -0.0150935 -0.00368624 3.5808e-05 0.0109314 -0.00417204 -0.0283797 0.00020039 0.00860703 -2.65017e-05 0.000837774 -0.0210988 0.00441958 0.0286643 0.00204834 0.0216484 0.0250793 0.0228611 -7.73645e-05 -0.000175135 -0.000162068 -3.608e-06 -0.014505 -8.88067e-05 0.000354808 6.12595e-07 -4.72684e-06 4.5127e-06 -1.49424e-06 -0.000497409 -0.00449769 4.43065e-05 -1.37413e-05 -0.000822069 -6.81239e-05 -0.027667 -0.0308058 -1.95392e-05 -0.000148542 0.0115255 0.00103545 -1.42314e-05 0.00651801 6.92256e-07 -0.000117161 -1.5433e-06 -0.0287351 0.00307395 -0.000239304 0.00158731 0.000175453 -0.00159956 -0.000674581 7.18147e-06 0.000151868 0.00668703 0.000200686 0.025156 -8.28447e-06 0.00289132 0.0261031 -1.12501e-05 9.70363e-06 0.00217548 0.00153141 0.000175544 -0.0124521 -0.0341142 -2.17972e-05 -0.00601106 0.00176311 -0.00435457 0.000138132 -4.32457e-06 0.0243404 1.20986e-05 0.00284035 0.000112746 1.4266e-06 5.47382e-06 0.000127539 -0.000236204 0.000200147 1.28904e-06 -2.65703e-07 -0.00988314 0.000739513 0.00429505 -9.81011e-07 -0.000422722 0.000339317 
-7.79104e-05 0.00366043 0.000771503 0.00904636 -6.60577e-07 -0.000207263 -0.0068827 -0.00650875 0.00232554 0.000534062 -0.00331077 -0.00737297 -9.91684e-05 -0.000898565 -0.000415597 -0.00779921 0.000806996 0.00720492 -2.7281e-06 -0.000121762 -0.00369966 -0.00603144 -0.000456845 -4.1895e-05 0.00674969 0.00717232 0.00389681 -1.98988e-05 0.000162319 -5.7694e-05 1.0119e-05 -0.00316321 -7.76233e-06 -4.40268e-05 5.69951e-06 3.70843e-06 1.47657e-05 6.06875e-06 -0.000107002 -0.000903508 3.41196e-06 -4.88379e-06 -0.000203148 -1.77253e-05 0.000269155 -0.00708371 2.15692e-05 -6.23407e-05 0.0015955 0.00112684 2.47858e-06 -7.50908e-05 -1.68291e-08 0.00088048 6.06747e-06 -0.00512657 7.99545e-05 0.000351851 -2.91535e-05 -3.70752e-06 -0.000523514 -0.000209378 1.3352e-06 0.00117295 -0.000270167 -5.26211e-06 0.00794637 8.47783e-05 0.000125179 -0.000150656 4.93908e-06 -1.96691e-06 -0.000166788 0.000227769 -5.30834e-06 0.00146346 -0.00682931 1.39873e-06 -0.00512674 0.0080886 -0.000511122 6.32424e-05 1.2372e-06 0.0053773 -9.87468e-06 0.00173572 -5.47868e-06 -1.77077e-08 3.77667e-07 -3.63151e-06 -2.27697e-05 -3.08455e-06 -1.4638e-08 6.92102e-06 -0.00219113 0.00036286 0.00577426 1.87431e-06 -0.00231037 3.47479e-05 
1.673e-05 -1.75661e-06 1.79955e-05 -6.60577e-07 7.34446e-05 1.19279e-06 -2.42558e-05 -5.53927e-06 -3.56801e-05 4.84478e-06 -2.02114e-05 8.25726e-06 2.47223e-05 -1.23352e-05 1.92225e-05 -2.06435e-05 1.33809e-07 -2.46982e-06 -9.11381e-09 -9.88417e-07 -3.07238e-05 -2.00449e-05 7.17199e-07 9.98996e-08 -1.47317e-05 -1.20877e-05 2.85867e-05 3.36698e-06 5.06348e-07 1.903e-05 -6.2834e-09 6.12152e-06 -1.55773e-07 -3.56509e-07 -2.97174e-08 -9.96178e-09 1.17445e-07 -5.40029e-09 -7.38196e-07 2.55975e-05 1.29276e-06 -3.92909e-08 -1.30304e-06 1.87273e-06 1.55453e-06 -2.22997e-05 -3.74703e-08 -5.06754e-07 -1.94073e-06 -2.29177e-07 -2.95908e-08 3.3278e-06 -1.35393e-10 -2.35618e-07 -7.74684e-08 -2.14981e-05 -1.68813e-06 -4.21744e-07 2.78472e-06 1.55335e-05 -4.11261e-06 -1.62769e-06 -2.3717e-09 -1.82518e-06 2.61878e-06 7.49934e-07 -4.64404e-06 -1.44682e-08 2.06859e-05 2.53078e-05 -2.6181e-08 -1.58241e-08 -1.44041e-06 -8.0691e-07 3.6595e-07 -4.28533e-05 -3.21304e-06 2.16899e-06 -5.26769e-06 1.52266e-06 -3.43949e-06 2.0165e-05 1.30914e-06 -1.87008e-05 -6.82394e-08 2.35832e-06 2.21876e-08 -2.4973e-10 -4.41679e-09 4.14965e-07 1.20016e-06 5.85271e-06 -1.17765e-10 -1.43658e-08 -1.43427e-05 -6.69619e-08 -1.67305e-06 -1.70845e-09 -3.62568e-06 -2.61377e-07 
-0.000349631 0.00301459 0.00211011 -0.000207263 1.19279e-06 0.0261515 -0.00471555 -0.00684652 0.000690733 -5.26849e-05 0.00557945 -0.00518033 -2.92165e-05 0.00881931 -0.00109617 -0.00108268 -0.000173006 -0.000959762 -1.7273e-05 0.000327944 -0.00322505 -0.00246569 0.000532568 0.00146621 0.00537966 0.00718852 -0.00305683 0.000356831 -8.27782e-05 -0.000180062 -2.20896e-06 -0.00623978 0.000406429 0.00240383 5.73041e-06 7.03188e-06 3.38397e-07 2.66075e-05 -0.00018404 -0.00194084 1.0601e-06 -4.92231e-06 0.0052959 5.65507e-05 -0.00608856 -0.00856365 -1.20662e-05 -0.000168886 0.000215997 -5.44174e-05 -1.06099e-05 -0.000219228 5.04628e-08 -3.73407e-05 -1.7594e-05 -0.0122154 -0.000506845 -0.000115727 4.49789e-06 -1.06732e-05 0.00654044 0.0019251 7.87891e-06 -0.000550132 0.00146889 -9.14173e-06 0.00348311 1.71564e-05 0.000105948 0.000605772 -6.78238e-06 -5.173e-06 -0.000567821 -0.000271497 -9.39907e-06 -0.00251542 -0.00381647 3.58066e-06 -0.0127875 -0.000987741 0.00411449 -4.45182e-05 -1.76887e-06 0.00495206 -2.41615e-05 -0.000866289 -3.47058e-06 -9.13706e-08 2.76399e-06 8.378e-06 -0.000149426 -8.30866e-06 1.03579e-07 -4.38947e-06 -0.00425904 -6.0132e-06 -0.000593765 1.14158e-06 0.000246761 7.53545e-05 
0.000667196 -0.0142426 -0.0321352 -0.0068827 -2.42558e-05 -0.00471555 0.155011 0.0966122 -0.0145697 -0.00266649 0.027358 0.0224892 -0.00394657 -0.0780186 0.0134404 0.0501272 -0.00529289 -0.0278278 0.000120939 -0.0131975 0.098125 -0.0243905 -0.0430763 -0.00185472 -0.087067 -0.119064 -0.08823 -9.36092e-05 0.000692546 0.000704043 -5.97124e-05 0.0641548 -0.000897913 -4.09097e-05 -0.000155324 -2.66639e-05 -2.77974e-05 2.54488e-06 0.00224395 0.0176622 -0.000113171 -0.000270611 0.00432881 0.000183112 0.0504 0.128058 -3.88454e-05 0.00110306 -0.0237476 -0.00241223 -1.14108e-05 -0.0056667 -8.73121e-07 -0.00139901 -0.00052223 0.125488 -0.00901403 0.000461405 -0.00159446 -0.000245773 0.0107514 0.000872709 -1.18535e-05 -0.0193371 -0.0710331 -0.000496546 -0.0869719 -5.49532e-05 -0.00276094 -0.0345156 -0.000279421 -7.3526e-06 -0.0122908 -0.00841676 -0.000460748 0.0798326 0.0756097 -0.000431956 0.000757839 -0.0205001 -0.0498619 -0.00081834 -6.51704e-05 -0.116123 -0.000906041 -0.0126039 -0.00021697 -1.62789e-06 -3.76799e-05 -0.00022373 0.000753227 -0.000331694 -1.22249e-06 -0.00015246 0.0368956 -0.000734982 -0.0192411 -1.91547e-06 0.0100376 -0.00251182 
-0.00462634 -0.014243 -0.0104741 -0.00650875 -5.53927e-06 -0.00684652 0.0966122 0.202007 -0.067451 -0.00402327 -0.00956824 0.0750748 0.00197025 -0.117763 -0.0291477 0.0339368 -0.00530591 -0.0208791 0.000142857 -0.0100147 0.0765167 -0.0217207 -0.00430128 -0.000244383 -0.092569 -0.12092 -0.0378809 0.000111992 -0.000989239 -0.0026062 -5.40643e-05 0.0600197 -0.00127693 0.000637285 -0.000198382 -2.60155e-05 -2.02366e-05 8.008e-06 0.00166573 0.0281852 -6.64023e-05 -0.000296396 0.00388359 0.000509247 0.0203155 0.132639 -0.000297669 0.0015832 -0.0135785 -0.00205005 -1.73164e-05 0.00194006 -1.22158e-07 -0.00224078 -0.000751704 0.109512 -0.00656696 -0.00144577 0.000919783 -6.68142e-05 0.0149369 0.00561185 -1.75422e-05 -0.0179615 -0.0643958 -0.0001304 -0.0687354 -5.04531e-05 -0.000236926 -0.009419 -0.000254878 5.47029e-05 0.00298729 -0.00592199 -4.85908e-07 0.079426 0.0329581 -0.00032129 0.00465584 -0.0210314 -0.0703973 -0.000535473 -5.0228e-05 -0.116336 -9.88577e-05 -0.00653402 -3.54225e-05 6.65151e-07 -3.28203e-05 2.77944e-05 -0.00256754 -1.67622e-05 4.50419e-07 -0.000122258 0.0229012 -0.000645498 -0.0178896 -1.63256e-05 0.011173 -0.00212495 
0.00125025 -0.00289789 -0.00276355 0.00232554 -3.56801e-05 0.000690733 -0.0145697 -0.067451 0.208303 0.00234526 0.0323097 -0.00591223 -0.00670696 0.0452568 -0.0142332 -0.00625031 -0.00213085 0.00184878 -0.000436454 0.00288515 -0.0178983 0.0492575 -0.0206533 -0.00480546 0.0154698 0.0390746 -0.0216575 -0.00168338 -0.000462133 6.17202e-05 -4.25152e-05 -0.0759243 0.000107415 -0.00254091 -0.000156871 -3.15515e-05 1.64242e-07 -4.02784e-05 -0.000848269 -0.0696328 -7.5747e-05 -2.73363e-05 -0.00803357 -0.00104093 0.0210883 -0.0398866 8.92351e-05 -0.00285724 -0.00684615 0.000792811 -0.000187824 -0.00750959 -1.29807e-06 0.000630164 -0.000140609 -0.0182421 -0.00565716 -0.00034977 -0.00236986 -0.000128461 -0.00679534 -0.0108225 3.58141e-06 0.00175499 0.0247885 -0.000444257 0.0207957 -1.12665e-05 -0.00137318 -0.00646974 -0.000228083 -0.000148229 -0.0144034 -0.00302402 -0.000371454 -0.0149567 0.0185479 -0.000276398 0.019605 4.18406e-05 0.0323598 -0.000621189 -6.72396e-05 0.0220334 -0.000770965 -0.0131275 -0.000144445 -1.75761e-06 1.04082e-06 -0.000300711 8.64311e-05 -0.000277875 -1.12907e-06 -0.000109875 -0.0575814 0.000263735 0.00315751 6.57699e-06 0.000153053 -0.00193734 
0.000970229 -0.000365917 0.00104851 0.000534062 4.84478e-06 -5.26849e-05 -0.00266649 -0.00402327 0.00234526 0.0148648 -0.00269032 -0.00218677 -9.60182e-05 0.00218074 -0.00184099 -0.00354692 0.000694039 0.00138237 -6.01199e-06 -0.000146264 -0.00225543 -0.000722933 0.000562453 0.000181072 0.00473599 0.00164246 -0.000646387 -3.42435e-05 0.00115576 0.00109738 2.74355e-05 -0.00330172 -2.51118e-05 -8.31272e-06 -1.90638e-06 6.3597e-06 1.14159e-06 1.27006e-07 -0.000176375 -0.00148651 5.12433e-05 -4.83688e-06 -0.000260109 -1.89278e-05 -0.00261356 -0.00417581 -3.25945e-06 -8.29552e-05 -0.000320887 -4.3135e-05 2.2113e-05 1.39071e-05 7.42179e-07 0.000944505 0.000286388 -0.00121699 -0.000319302 0.00175185 6.78005e-05 2.45098e-06 -0.000856267 -0.000191099 6.85992e-07 -0.000331737 0.000119929 -2.32935e-06 0.00361475 -2.5628e-07 0.000175298 0.00151914 1.59903e-05 1.42351e-05 0.000291637 1.04215e-05 6.5967e-05 -0.00364726 -0.00465234 0.000124409 -0.00195069 0.00239265 0.00176385 0.000165785 -4.47548e-07 0.00177617 6.74151e-05 0.000902708 -1.50298e-06 -1.46483e-08 2.75576e-06 1.77575e-05 0.00176008 6.19585e-05 -2.41985e-08 -2.04525e-06 -0.00289116 -6.94278e-06 -0.000287906 -1.67721e-07 -0.00124908 -2.80183e-05 
-0.00443084 -0.000861875 -0.0150935 -0.00331077 -2.02114e-05 0.00557945 0.027358 -0.00956824 0.0323097 -0.00269032 0.239161 -0.0347637 -0.00115819 -0.00685232 0.0248535 0.0259818 -0.00307994 -0.0140336 -0.000174256 -0.00542172 0.0142737 -0.0644432 -0.019915 0.0017099 0.0100944 -0.00951329 -0.0903982 -0.000101267 -0.000792502 -0.00283864 -2.98936e-05 -0.0390001 -0.000365602 0.00166812 -6.1384e-05 1.33269e-05 -1.37596e-05 3.54763e-05 0.00384537 -0.0383508 -5.5206e-05 -8.90275e-05 0.00970239 2.56176e-05 -0.0068489 0.0119807 0.000187945 0.00245957 -0.00763932 -0.0010113 -0.000116975 -0.00204318 -4.29755e-07 -0.0010221 -0.000201701 -0.0277552 0.0057003 -0.00225171 -9.02393e-06 -0.000108878 0.0119976 0.0129965 -2.49992e-06 -0.00420993 0.0036446 -0.000247904 -0.024838 7.98115e-06 -0.00112368 -0.0161782 -0.000141113 -6.56503e-05 0.000219804 -0.00417913 -0.000287589 0.0245722 0.000401911 -0.00016887 0.0118098 -0.012711 -0.00359502 -0.000707334 -4.05898e-05 0.00644021 -0.000426719 -0.0104826 -0.000181178 -1.16602e-06 -9.94612e-06 -3.2741e-05 -0.000897472 -0.00015007 -6.34742e-07 -7.37006e-05 0.013334 -0.000351209 -0.00975779 1.1855e-05 0.00593744 -0.00101623 
-0.000110791 -0.0264283 -0.00368624 -0.00737297 8.25726e-06 -0.00518033 0.0224892 0.0750748 -0.00591223 -0.00218677 -0.0347637 0.154421 -0.00133293 -0.0209744 -0.05913 0.0239439 -0.00649695 -0.0261016 -2.79271e-05 0.000853336 0.0118146 0.043695 -0.00588185 -0.00835335 -0.0652229 -0.0399125 0.032067 -0.000588392 -0.00134084 0.00036111 -6.61909e-05 0.0131368 -4.04542e-05 -0.00296412 -0.000190034 -9.30469e-05 -2.3524e-05 -5.31721e-05 0.000987423 0.017487 -7.95083e-05 -2.63829e-05 -0.00340014 -4.56651e-05 0.017776 0.0479618 -0.000293863 -0.000143953 -0.0250878 -0.00140037 -4.86593e-05 -0.00525735 -1.32488e-06 -0.00251165 -0.000610205 0.0595494 -0.0150299 -0.000938248 0.000137726 3.92025e-05 0.00473208 -0.000746623 -2.19744e-05 -0.0104799 0.00402446 -0.000389008 -0.0245262 -0.000136872 -0.000448674 -0.000731479 -0.000288422 -6.81192e-06 -0.0051921 -0.00789439 -0.000116418 -0.0144621 0.0326047 -0.00032076 0.0193662 -0.026207 -0.00408983 -0.000106095 -4.93318e-05 -0.0583865 -0.000366229 -0.0259517 3.21441e-05 -8.81141e-07 -2.13108e-05 -0.000226516 -0.0016459 -0.00021948 2.12648e-07 -0.000147451 -0.00884398 -0.000702927 -0.0200192 -1.74277e-05 0.0123146 -0.00280343 
0.000979249 0.00127296 3.5808e-05 -9.91684e-05 2.47223e-05 -2.92165e-05 -0.00394657 0.00197025 -0.00670696 -9.60182e-05 -0.00115819 -0.00133293 0.0111869 -0.00145391 0.000934597 -0.000124314 1.09293e-05 -0.000307166 -5.58926e-06 -4.18533e-05 -0.000729009 -0.00122746 0.0034459 0.000929875 0.00325913 -0.00204349 0.000989933 0.00027385 4.5061e-05 2.35356e-05 4.99887e-05 -0.00185688 -1.61667e-05 0.000387244 6.59154e-05 -1.01268e-07 -3.93645e-07 -2.21909e-07 -7.8628e-05 0.0012041 -6.32716e-07 6.44406e-05 0.000719473 0.000101177 -0.0053169 0.000324381 1.72377e-05 0.000139188 0.00120475 -3.18978e-05 1.52282e-05 0.000653912 -2.08571e-08 -1.558e-05 -8.3706e-06 -0.00539586 0.000458629 -3.14892e-05 0.000107664 8.00751e-05 5.00947e-05 0.00183649 -1.52025e-07 -0.000249421 -0.000778415 0.000337774 -0.00110076 1.46712e-05 6.57566e-05 0.00323179 -2.10649e-06 3.19899e-06 0.00269773 -9.64302e-05 8.3403e-06 -0.00210603 -0.00567888 0.000166312 -0.00169411 0.000121037 -0.0010232 0.00119897 9.19665e-05 0.00280078 0.000732123 0.00177699 2.01804e-06 7.94863e-07 -3.57069e-07 4.13595e-05 2.89161e-06 5.80862e-05 1.41858e-07 8.22029e-06 -0.000766828 -1.01854e-05 -0.000274131 -2.03184e-07 -0.00034967 -3.77282e-05 
-0.000461444 -0.00180439 0.0109314 -0.000898565 -1.23352e-05 0.00881931 -0.0780186 -0.117763 0.0452568 0.00218074 -0.00685232 -0.0209744 -0.00145391 0.142134 -0.013073 -0.0172868 -0.000724233 0.000573842 -0.000114021 0.0112704 -0.0584751 0.044744 0.0101235 -0.00136094 0.0717238 0.0972427 0.0397125 -0.000426867 0.000136914 -0.00029666 -1.46773e-05 -0.0488911 0.00120894 -0.000829532 4.97347e-06 -1.04463e-05 -5.47563e-06 -1.17011e-05 -0.00165906 -0.0173886 -1.24301e-05 0.000304271 -0.00374384 -0.000331109 -0.0226024 -0.108894 -3.58531e-05 -0.00116834 0.000712798 0.000547554 -6.88375e-05 -0.00117933 -3.16263e-07 0.000103286 -4.51978e-05 -0.0861557 -0.00163659 -0.00087024 -0.000603344 4.10278e-06 -0.00993744 -0.00296802 2.17997e-06 0.00608808 0.0570234 6.13345e-05 0.0460556 -3.37394e-05 -0.000528453 0.0121084 -5.60226e-05 -3.48433e-05 -0.00272465 -0.00151093 5.87615e-05 -0.0897364 -0.0149732 1.82164e-05 0.00142401 -0.00316899 0.0702661 -0.000227037 -1.7399e-05 0.100591 -4.24752e-06 -0.0030699 0.000100475 -3.86675e-07 2.96462e-05 -6.60322e-05 -0.000304136 -8.51252e-05 -2.75086e-07 -2.90237e-05 -0.0359918 -0.000120456 0.000442207 1.81259e-05 0.000155282 -0.000435132 
3.01977e-05 -0.00175423 -0.00417204 -0.000415597 1.92225e-05 -0.00109617 0.0134404 -0.0291477 -0.0142332 -0.00184099 0.0248535 -0.05913 0.000934597 -0.013073 0.108655 0.00707573 -0.000712568 -0.00334604 6.3464e-05 -0.00195878 0.00145256 -0.0339397 -0.000633023 -0.0013849 -0.00519335 -0.0122749 -0.0238223 -0.000136371 -0.000252901 -0.000812333 1.5332e-05 0.023918 -0.000151267 -0.000509327 6.55271e-05 -1.09233e-05 -3.19206e-06 -5.51992e-06 0.000488681 -0.00401438 -1.68957e-05 -5.85738e-05 -0.000781907 -0.00019856 0.00423683 0.00657701 0.000267401 -0.00052825 -0.00427596 -0.000363367 -3.29291e-05 0.000377392 1.44684e-07 0.000130612 -0.000109577 -0.00082611 0.0107544 -7.53175e-05 -0.000422028 3.42344e-05 -0.00636582 -0.00263204 -3.09196e-06 -0.00324751 -0.00714492 -2.38812e-05 -0.0108251 2.06164e-05 -0.000102262 -0.00316882 -4.42141e-05 1.33299e-05 0.00203613 -0.00132064 -4.94557e-05 0.0195013 0.00842638 5.578e-05 0.00630277 -0.000696809 -0.0129274 0.00064404 3.29079e-05 -0.0130585 -0.000103917 0.0195349 -6.95156e-05 -3.9174e-07 1.36777e-05 -3.93039e-05 -1.63849e-05 0.000207759 -1.25546e-07 0.000112416 0.025677 -0.000112701 -0.00296123 -2.88186e-06 0.000905802 -0.00024422 
-0.00107359 -0.02085 -0.0283797 -0.00779921 -2.06435e-05 -0.00108268 0.0501272 0.0339368 -0.00625031 -0.00354692 0.0259818 0.0239439 -0.000124314 -0.0172868 0.00707573 0.06426 -0.0074521 -0.0311249 4.00978e-05 -0.00264097 0.0278548 0.0106714 -0.0192736 -0.00401678 -0.0388399 -0.045793 -0.0227521 -0.000737269 -0.00120286 -0.00052725 -6.87352e-05 0.0237551 7.54971e-05 -0.00102906 -0.000232807 -6.01651e-05 -3.1222e-05 -3.15843e-06 0.000813304 0.00617962 -0.000127307 -0.00011398 0.00148144 9.14959e-05 0.0259502 0.0511546 -8.16746e-06 0.000451755 -0.0259526 -0.00251735 -5.66155e-05 -0.00518932 -8.39432e-07 -0.00161762 -0.000682016 0.0439549 -0.000539882 -0.000910561 -0.000599901 -0.000113926 0.00330523 0.00153895 -1.63079e-05 -0.0124133 -0.0118062 -0.000312163 -0.0521983 -0.000101314 -0.00108636 -0.0251104 -0.000331517 -2.12061e-05 0.000918746 -0.0099677 -0.000220367 0.00980383 0.0449235 -4.15842e-05 0.0245453 -0.0246776 -0.000343264 -0.000817929 -8.45058e-05 -0.0411875 -0.000234024 -0.00216516 -5.88809e-05 -9.21984e-07 -4.20934e-06 -7.51589e-05 -0.00106123 5.50239e-06 -7.95998e-07 -4.56264e-05 0.0153192 -0.000842519 -0.0236338 -4.87827e-07 0.0140903 -0.00275985 
0.000169777 0.00669939 0.00020039 0.000806996 1.33809e-07 -0.000173006 -0.00529289 -0.00530591 -0.00213085 0.000694039 -0.00307994 -0.00649695 1.09293e-05 -0.000724233 -0.000712568 -0.0074521 0.00845272 0.00673943 -1.43401e-06 -0.000142831 -0.00328809 -0.00595586 -0.000540743 0.000980046 0.00532777 0.00545812 -0.00136002 0.000604104 0.000323589 7.20584e-05 5.2604e-05 -0.00270849 -1.64274e-05 0.00033331 0.000210581 6.30395e-07 2.02007e-06 -2.80149e-07 -9.59823e-05 -0.000503638 5.6749e-05 4.17948e-06 -0.000169584 2.2783e-05 -0.00521313 -0.00597389 1.24127e-07 3.48602e-05 0.00660765 0.000201569 1.4932e-05 -8.18173e-05 1.80952e-07 0.000352855 0.000452645 -0.00489214 -0.000236997 0.000146298 -2.79009e-05 -3.39544e-06 -0.000477881 -0.000124869 4.44471e-06 0.00662428 -0.00086145 5.14657e-05 0.00640844 8.604e-06 -2.42366e-05 0.000249317 0.000340494 -1.23338e-06 -0.000191005 0.00573119 -5.22031e-06 0.000747022 -0.00629082 4.07095e-05 -0.00699188 0.00769082 -0.00049391 0.000148992 4.63792e-05 0.00492445 7.7308e-05 0.000111357 -2.92606e-06 -2.89864e-08 -5.12661e-07 2.03501e-05 0.000367593 1.48222e-06 -1.36691e-08 2.50159e-05 -0.00188722 6.97101e-06 0.00671697 -1.91634e-07 -0.00750863 0.00206601 
-5.93366e-05 0.021147 0.00860703 0.00720492 -2.46982e-06 -0.000959762 -0.0278278 -0.0208791 0.00184878 0.00138237 -0.0140336 -0.0261016 -0.000307166 0.000573842 -0.00334604 -0.0311249 0.00673943 0.0358264 -2.29952e-05 -0.000150061 -0.0124727 -0.0189655 0.00298877 0.00297444 0.0221537 0.0229676 0.00633353 0.00045627 -0.000166538 -0.00024876 -3.11661e-06 -0.0128702 -7.28006e-05 0.00092069 0.000122148 4.51932e-05 3.04188e-05 5.14412e-06 -0.000432626 -0.00390995 9.72648e-05 8.61245e-07 -0.000785197 -6.89159e-05 -0.0091183 -0.0275979 2.08692e-06 -0.000219661 0.0207484 0.00160593 -1.33379e-05 0.00138357 5.98074e-07 0.000684939 0.00042374 -0.0249403 0.00134887 0.000256847 8.45996e-05 -1.04712e-05 -0.00204815 -0.000885847 1.25118e-05 0.0113997 0.00118134 1.29411e-05 0.030849 -2.65983e-06 0.00079539 0.00455562 0.00032176 -4.41675e-06 0.000427373 0.00921002 0.000139631 0.00450938 -0.0292722 0.000175248 -0.0203406 0.0247995 -0.00301959 -4.72257e-05 3.74784e-06 0.0234682 2.13497e-05 0.00460352 -1.82839e-05 2.20149e-07 1.0709e-05 2.67438e-05 -0.000201586 1.23071e-05 -2.99502e-09 4.4442e-05 -0.00835162 0.000850543 0.0235422 -1.28862e-07 -0.0118632 0.00282794 
-7.97898e-06 -2.26919e-05 -2.65017e-05 -2.7281e-06 -9.11381e-09 -1.7273e-05 0.000120939 0.000142857 -0.000436454 -6.01199e-06 -0.000174256 -2.79271e-05 -5.58926e-06 -0.000114021 6.3464e-05 4.00978e-05 -1.43401e-06 -2.29952e-05 0.000668223 -1.04272e-05 8.31113e-05 -0.000450198 -4.35049e-05 -6.90888e-06 -0.000125266 -0.000123841 -0.000247047 -9.19483e-07 -2.86817e-06 -2.53262e-06 3.56613e-06 0.000397786 -1.20478e-06 -2.73223e-06 2.49461e-07 -9.06895e-08 -2.3263e-08 6.8417e-07 -6.6805e-06 0.000461556 -9.62907e-08 3.08973e-07 -1.41836e-05 -4.54037e-07 5.07996e-05 0.000135933 -3.04453e-07 1.45959e-05 -2.34401e-05 -1.0297e-06 -1.86054e-07 -7.36397e-06 -1.23258e-09 6.64994e-07 -6.3192e-07 0.000164324 -1.67351e-05 -2.67611e-06 6.98322e-07 -2.71542e-07 -3.10232e-05 2.42225e-05 -2.15914e-08 -1.64825e-05 -6.87347e-05 9.04559e-07 -7.37173e-05 -1.31715e-07 -1.5899e-06 -3.98952e-05 -2.38345e-07 2.6084e-09 -1.32865e-05 -6.0259e-06 -4.92059e-07 0.000102751 5.7311e-05 4.96621e-07 -0.000497513 -2.07294e-05 -7.20513e-05 3.19915e-07 1.1681e-06 -0.000171868 5.83358e-07 -1.81566e-05 -4.04926e-07 -2.27348e-09 -4.02094e-08 5.438e-08 1.78527e-06 3.00561e-07 -1.0721e-09 3.29217e-07 0.000465471 1.13729e-07 -1.56314e-05 -1.55533e-08 1.24276e-06 -1.37285e-06 
-0.000120842 -0.000553603 0.000837774 -0.000121762 -9.88417e-07 0.000327944 -0.0131975 -0.0100147 0.00288515 -0.000146264 -0.00542172 0.000853336 -4.18533e-05 0.0112704 -0.00195878 -0.00264097 -0.000142831 -0.000150061 -1.04272e-05 0.0165325 -0.0136088 0.00467745 0.00174222 -0.000180619 0.000991147 0.0109602 0.0100885 -4.01126e-05 -7.67209e-05 -4.16824e-05 -2.11826e-07 -0.00568769 7.71081e-05 -2.08199e-08 4.74998e-06 -1.93394e-06 4.11662e-07 2.03683e-07 -0.000195487 -0.001533 8.46521e-06 7.94936e-07 -0.000358089 -1.57718e-05 -0.00277018 -0.0125021 -7.17827e-06 -4.88201e-05 -0.000658487 0.000802547 -5.28105e-06 -0.000160307 2.62337e-07 4.86354e-05 -1.72153e-05 -0.0114115 0.000828813 -9.55821e-05 0.00122511 1.95748e-05 -0.000882965 -0.000338834 6.73701e-07 -0.000246064 0.0124528 -7.8254e-06 0.00344925 3.42772e-06 0.000867122 0.000572766 -5.99376e-06 3.3004e-05 0.000363695 -0.000167257 0.000177313 -0.0108153 -0.000285798 8.37171e-07 0.00192361 -0.000576525 0.0103212 0.000140574 7.79149e-07 0.00752099 -1.56945e-05 -0.000585368 0.000229377 4.94946e-08 1.44884e-06 -3.98084e-06 -8.88225e-05 7.87327e-07 1.26971e-06 -2.87885e-06 -0.00414807 8.56567e-05 -0.000249728 -6.77905e-08 7.41682e-05 -4.38119e-05 
-0.00017898 -0.000868951 -0.0210988 -0.00369966 -3.07238e-05 -0.00322505 0.098125 0.0765167 -0.0178983 -0.00225543 0.0142737 0.0118146 -0.000729009 -0.0584751 0.00145256 0.0278548 -0.00328809 -0.0124727 8.31113e-05 -0.0136088 0.118036 -0.0219937 -0.0171426 -0.000682306 -0.0474313 -0.0901173 -0.0787711 -0.000341195 -0.000367756 7.16512e-05 -6.91464e-05 0.0463558 -0.00119676 8.7757e-05 -0.000197823 -5.46229e-06 -2.45498e-05 -1.87708e-06 0.00159675 0.01206 -9.64769e-05 -0.000146735 0.00306621 0.000193627 0.0231149 0.102445 -0.000280527 0.000487906 -0.00864312 -0.00223522 -8.37085e-05 -0.00474971 -7.14626e-07 -0.00161643 -0.000841872 0.0868742 -0.0114845 -0.000521375 -0.00155614 -0.000304191 0.00774098 0.00282431 -3.14829e-06 -0.0124121 -0.0802895 -0.000244168 -0.0577983 -7.48267e-05 -0.00294473 -0.013362 -0.000300199 -6.47932e-06 -0.00381187 -0.00389123 -0.000342586 0.0606415 0.033079 -0.000316314 -0.00972996 -0.0101543 -0.0449011 -0.00146004 -8.39501e-05 -0.0747414 9.30567e-06 -0.0118966 -0.000127876 -4.48448e-07 -4.97679e-05 -0.000127586 -0.000271489 -0.000251124 -1.38411e-06 -0.000153274 0.0322271 -0.00075789 -0.00479819 1.8937e-06 0.00533412 -0.00233086 
0.00206726 -0.0232619 0.00441958 -0.00603144 -2.00449e-05 -0.00246569 -0.0243905 -0.0217207 0.0492575 -0.000722933 -0.0644432 0.043695 -0.00122746 0.044744 -0.0339397 0.0106714 -0.00595586 -0.0189655 -0.000450198 0.00467745 -0.0219937 0.208239 0.0112399 -0.00630599 0.0188661 0.0234836 0.0633558 -0.00163333 -0.00198038 0.00180965 -5.97152e-05 -0.0591698 0.000387498 -0.00332842 -0.000195467 -9.41727e-05 -2.03612e-05 -4.37765e-05 -0.00628603 -0.0284957 -5.03562e-05 8.57469e-05 -0.0143812 -0.000189043 -0.0108312 -0.0282462 3.94489e-05 -0.00310224 -0.0150342 -0.000799693 -0.00022906 -0.00220011 -1.03836e-06 -0.00163761 -0.000250597 -0.0302637 0.00467562 0.000101341 0.000971099 0.000112379 -0.0349046 0.000192578 -1.95936e-05 -0.00484814 0.0279088 8.22607e-05 0.000126619 -0.000136644 5.06669e-05 0.0122618 -0.000250788 -6.57363e-05 0.00411088 -0.00649992 0.000100618 -0.0489587 0.00662179 -0.000111162 0.0490318 -0.0264328 0.0280413 -0.000225287 -7.13989e-05 0.0386209 0.000206251 -0.0164154 0.000149044 -8.14744e-08 3.58811e-06 6.44782e-05 -0.000811876 -7.08709e-05 1.8735e-07 -0.000120302 -0.0710701 -0.000559011 -0.0156859 3.87003e-06 0.00942871 -0.00222922 
-0.000829024 -0.00144988 0.0286643 -0.000456845 7.17199e-07 0.000532568 -0.0430763 -0.00430128 -0.0206533 0.000562453 -0.019915 -0.00588185 0.0034459 0.0101235 -0.000633023 -0.0192736 -0.000540743 0.00298877 -4.35049e-05 0.00174222 -0.0171426 0.0112399 0.0635509 0.00146262 0.0332395 0.0220306 0.0263609 -0.000135602 -0.000280798 -0.000286017 -5.54449e-06 -0.0203487 -0.000133174 0.000372492 1.03491e-05 -1.90673e-06 1.27724e-06 -4.61447e-06 -0.000724419 -0.00700458 9.00862e-06 6.13863e-05 -0.00140824 -2.12846e-05 -0.0418087 -0.0273779 -2.77599e-05 -0.000186993 0.00845006 -6.19569e-05 2.041e-05 0.00723029 6.4428e-07 0.000547615 -7.04938e-05 -0.0395941 0.00860595 -0.000285476 0.00161961 6.99868e-05 -0.00309342 6.97427e-05 -1.22562e-08 -0.00102527 0.000509322 0.00037471 0.0189319 -2.40785e-06 0.00180846 0.036095 -2.38539e-05 4.09165e-05 0.0125406 0.000966169 0.000418365 -0.0170701 -0.0455061 -2.49302e-05 0.00183012 -0.0011014 -0.0039807 9.63084e-05 -6.67325e-06 0.0334218 0.000653121 0.0130214 0.000261622 2.77811e-06 1.34121e-05 0.000165318 -0.000270641 0.000310008 1.26732e-06 0.000113147 -0.00841157 -6.04212e-05 -0.000985721 -1.57639e-06 0.000910171 3.06464e-05 
-7.27596e-05 0.00833538 0.00204834 -4.1895e-05 9.98996e-08 0.00146621 -0.00185472 -0.000244383 -0.00480546 0.000181072 0.0017099 -0.00835335 0.000929875 -0.00136094 -0.0013849 -0.00401678 0.000980046 0.00297444 -6.90888e-06 -0.000180619 -0.000682306 -0.00630599 0.00146262 0.0118387 0.00261617 0.00138748 -0.00300329 0.000427737 0.000123772 -8.64611e-05 -9.2838e-07 -0.00374699 1.26479e-05 0.00311255 2.7062e-05 9.41155e-06 2.59314e-06 2.0279e-05 -0.000129057 -0.0010814 2.83478e-05 -5.2264e-06 0.00336144 0.000148828 -0.0073931 -0.00138819 8.57393e-06 0.000227553 0.00731332 -2.11136e-05 -4.74731e-06 0.00232882 7.77913e-07 -3.43743e-05 -7.60119e-06 -0.00700595 4.00777e-05 -5.14781e-05 -3.69661e-05 -9.59349e-08 0.00308683 0.00310718 7.11976e-06 0.00126721 -0.00117138 8.53429e-05 0.00115735 2.95697e-05 1.84577e-05 0.00228104 3.66389e-05 7.25199e-07 -0.000237231 0.00243157 1.71992e-05 0.000994122 -0.00923993 -6.03747e-06 -0.00757363 0.00178292 -0.00120344 4.56884e-06 -5.11959e-07 0.0040156 3.42183e-05 -0.000357558 -2.66125e-07 7.62593e-07 -6.30536e-07 5.93311e-05 -5.00727e-05 1.00715e-07 -1.92116e-08 4.20975e-06 -0.00138371 -6.2272e-06 0.00197705 -1.85375e-07 -0.00179853 0.00081407 
-0.00053962 0.0170565 0.0216484 0.00674969 -1.47317e-05 0.00537966 -0.087067 -0.092569 0.0154698 0.00473599 0.0100944 -0.0652229 0.00325913 0.0717238 -0.00519335 -0.0388399 0.00532777 0.0221537 -0.000125266 0.000991147 -0.0474313 0.0188661 0.0332395 0.00261617 0.161559 0.0916891 0.032659 -0.000117568 0.000995979 -0.00047478 1.14974e-05 -0.0694297 9.562e-05 -0.000849886 1.72352e-05 1.92106e-05 2.05345e-05 1.55634e-05 -0.00230473 -0.021577 -1.40532e-05 9.19403e-05 -0.00259875 0.000469727 -0.072297 -0.104305 5.13424e-05 -0.00019114 0.0233027 0.00053965 -4.25895e-06 0.00297601 -1.76812e-07 0.002347 0.000660868 -0.12602 0.0136649 0.000863468 0.0012316 -4.30154e-05 -0.0116229 0.015298 8.37438e-06 0.00992713 0.0227902 -2.08375e-05 0.066087 6.33598e-05 0.000560425 0.0247361 0.00026926 -3.7147e-05 0.0171406 0.00596561 5.4338e-06 -0.0428316 -0.0872631 0.000235738 -0.0204161 0.021551 0.0243347 -3.04088e-05 -1.75183e-05 0.14065 0.00031085 0.0145326 1.37019e-05 -6.52208e-07 1.5323e-05 0.000129076 0.000784349 0.000180115 -3.04852e-07 0.000128872 -0.0476622 -0.000115103 0.0178224 1.7324e-05 -0.0107124 0.00180827 
-0.00145493 0.0140274 0.0250793 0.00717232 -1.20877e-05 0.00718852 -0.119064 -0.12092 0.0390746 0.00164246 -0.00951329 -0.0399125 -0.00204349 0.0972427 -0.0122749 -0.045793 0.00545812 0.0229676 -0.000123841 0.0109602 -0.0901173 0.0234836 0.0220306 0.00138748 0.0916891 0.152875 0.064737 3.11355e-05 -0.000490766 -0.00134663 -1.44195e-05 -0.0649451 0.00104447 -0.000511511 0.000145581 2.36246e-05 1.56706e-05 -3.2482e-06 -0.00213505 -0.0197269 4.12668e-05 0.000194188 -0.00408648 -0.000365563 -0.0382699 -0.140743 -3.039e-05 -0.00126723 0.0202665 0.00222654 -3.08043e-05 0.00341998 -1.50527e-07 0.00150243 0.000474218 -0.119529 0.00255498 -0.000501326 -0.000290797 5.35986e-05 -0.0109257 -0.00378259 4.75148e-06 0.0206985 0.0686152 1.81499e-06 0.0836145 5.51186e-05 0.000779661 0.0234161 0.00025892 -3.78117e-05 -0.00183464 0.00765595 -7.89331e-05 -0.0755757 -0.0550065 -8.41e-05 -0.00525874 0.0200122 0.0528252 -0.000134275 -1.54162e-05 0.118729 -0.000104499 0.00299724 -6.27997e-05 -1.4706e-07 2.83138e-05 -8.42281e-06 -0.00100553 -6.34799e-05 -3.01989e-07 0.000123474 -0.0406093 0.00066061 0.0190654 1.85229e-06 -0.0106167 0.00217037 
-0.00205963 -0.00716592 0.0228611 0.00389681 2.85867e-05 -0.00305683 -0.08823 -0.0378809 -0.0216575 -0.000646387 -0.0903982 0.032067 0.000989933 0.0397125 -0.0238223 -0.0227521 -0.00136002 0.00633353 -0.000247047 0.0100885 -0.0787711 0.0633558 0.0263609 -0.00300329 0.032659 0.064737 0.235662 -0.000292672 -0.000863245 0.00047115 -2.70965e-05 -0.0739103 0.000779075 -0.00176523 6.25355e-06 -4.73598e-05 1.38308e-05 -1.64445e-05 -0.00404863 0.015874 1.46516e-05 9.64807e-05 -0.00776534 -0.000466795 -0.022096 -0.076786 0.000142676 -0.00196314 9.67535e-05 0.00169601 -5.24545e-05 0.0026073 -1.67609e-07 0.000475892 -7.47551e-05 -0.0648198 0.00608222 -0.000559565 0.000977293 0.00022853 -0.012546 -0.00344614 -2.98186e-06 0.00364736 0.0616295 7.67627e-07 0.0500277 2.04201e-05 0.00211167 0.0200662 -0.000127795 -4.11494e-05 0.00510682 -0.00151443 0.00028671 -0.0685621 -0.0340563 0.000149205 0.0164464 0.00263638 0.0244032 0.000803451 2.29963e-06 0.049296 -0.000160037 0.00459063 0.000119051 7.57123e-07 2.96805e-05 -7.44171e-06 -0.00203673 9.98985e-05 9.93653e-07 8.65666e-05 -0.0529324 0.000551572 0.000485865 -8.8448e-06 0.00178419 -0.000649 
0.000202302 0.00101873 -7.73645e-05 -1.98988e-05 3.36698e-06 0.000356831 -9.36092e-05 0.000111992 -0.00168338 -3.42435e-05 -0.000101267 -0.000588392 0.00027385 -0.000426867 -0.000136371 -0.000737269 0.000604104 0.00045627 -9.19483e-07 -4.01126e-05 -0.000341195 -0.00163333 -0.000135602 0.000427737 -0.000117568 3.11355e-05 -0.000292672 0.00248553 0.000138425 2.90293e-06 3.01868e-05 -0.000403537 -5.23115e-06 0.000349229 0.000161909 1.92987e-05 -8.66875e-08 1.6068e-06 -2.41029e-05 0.000694605 5.82118e-06 2.68638e-05 0.000451846 1.1494e-05 -0.00107178 -0.000246446 -2.01151e-07 3.39592e-06 0.000499244 2.85341e-07 4.40695e-05 -1.66118e-05 -4.5931e-09 5.4335e-06 7.99194e-06 -0.000709895 -4.86785e-05 -8.77734e-06 -7.25598e-06 1.98122e-07 0.000990497 0.000527272 -8.04582e-08 0.000479444 -0.000251188 5.10913e-05 0.000284744 4.49918e-06 -8.55339e-06 -7.17342e-05 1.44183e-06 -7.34864e-08 2.27878e-05 0.000539266 -1.23028e-06 7.87603e-05 -0.00114929 3.21286e-05 -0.00193883 0.000947495 -0.000277513 0.000244009 5.54112e-05 2.08502e-05 3.58499e-05 -8.34605e-05 -1.08559e-06 -8.4719e-09 -1.49836e-07 3.62181e-05 3.96602e-05 -1.24822e-06 2.09338e-07 7.14932e-06 -0.000113961 -2.27163e-06 0.000460128 -5.79578e-08 -0.00070109 0.000318933 
0.000984683 1.64611e-05 -0.000175135 0.000162319 5.06348e-07 -8.27782e-05 0.000692546 -0.000989239 -0.000462133 0.00115576 -0.000792502 -0.00134084 4.5061e-05 0.000136914 -0.000252901 -0.00120286 0.000323589 -0.000166538 -2.86817e-06 -7.67209e-05 -0.000367756 -0.00198038 -0.000280798 0.000123772 0.000995979 -0.000490766 -0.000863245 0.000138425 0.00461187 0.000968114 1.9987e-05 -0.000313458 5.84694e-06 0.000131368 1.14787e-05 3.55749e-05 -1.61194e-07 6.00856e-09 2.66029e-05 0.000727613 -5.90549e-07 4.50381e-05 2.17193e-05 4.36669e-06 0.000126823 -0.00104732 1.52299e-06 -2.99732e-06 -0.000176535 -4.36349e-06 3.94e-05 -5.308e-05 -8.54078e-09 0.000682057 0.000264507 0.000957935 -0.000132059 0.000875162 -1.06174e-05 -1.7949e-06 0.00115253 7.58319e-05 -1.36277e-07 -9.73745e-05 -0.000421013 -1.30796e-06 -0.000263117 1.58407e-05 -1.28255e-05 -0.000274704 1.21718e-05 8.84846e-06 -6.91777e-05 -4.06377e-05 3.42538e-05 -0.00179497 -0.000253925 -2.38054e-06 -0.00341095 0.00119046 0.00102865 0.000192431 -4.84199e-08 -0.000768119 -5.0896e-06 0.000435087 -7.09141e-07 2.09133e-08 -2.38618e-07 2.07325e-06 0.00153534 1.91299e-07 -7.42878e-09 1.09045e-06 2.11606e-05 -3.84072e-06 -9.63212e-05 4.5562e-08 -0.00123575 -1.59447e-05 
0.00286301 -0.000267022 -0.000162068 -5.7694e-05 1.903e-05 -0.000180062 0.000704043 -0.0026062 6.17202e-05 0.00109738 -0.00283864 0.00036111 2.35356e-05 -0.00029666 -0.000812333 -0.00052725 7.20584e-05 -0.00024876 -2.53262e-06 -4.16824e-05 7.16512e-05 0.00180965 -0.000286017 -8.64611e-05 -0.00047478 -0.00134663 0.00047115 2.90293e-06 0.000968114 0.00725359 3.05949e-05 -0.00159327 -1.069e-05 -3.3903e-05 4.67698e-06 6.80565e-06 1.31579e-06 -2.639e-07 -6.28235e-05 0.000106333 6.10444e-06 1.12528e-08 -0.000153085 -1.31574e-05 0.000510782 -0.000227136 1.6569e-05 -4.30496e-05 -0.000265325 -2.22257e-05 1.84696e-05 -8.38902e-05 -1.34692e-08 0.000267223 0.000240983 0.00174819 -0.000211822 0.000615047 6.42163e-05 1.70827e-05 -0.00039782 -0.000103136 -2.35942e-07 -0.00017068 -0.000616311 8.1676e-06 -0.000800989 -1.43933e-06 0.000117122 7.22494e-05 8.62878e-06 -1.14088e-06 -8.7143e-05 -7.64366e-05 0.000101456 -0.00526864 0.000559046 -1.37348e-06 -0.000963586 0.00020322 0.00342196 0.000120356 8.89743e-06 -0.0019288 5.08317e-05 -0.000124167 -1.00822e-06 -2.48437e-08 2.98394e-06 -1.48541e-06 0.00203503 7.23641e-05 -1.17155e-08 -3.49148e-07 -0.00171346 -4.60486e-06 -0.000180617 -1.6996e-07 -0.00079075 -2.58324e-05 
5.71975e-05 -1.52629e-06 -3.608e-06 1.0119e-05 -6.2834e-09 -2.20896e-06 -5.97124e-05 -5.40643e-05 -4.25152e-05 2.74355e-05 -2.98936e-05 -6.61909e-05 4.99887e-05 -1.46773e-05 1.5332e-05 -6.87352e-05 5.2604e-05 -3.11661e-06 3.56613e-06 -2.11826e-07 -6.91464e-05 -5.97152e-05 -5.54449e-06 -9.2838e-07 1.14974e-05 -1.44195e-05 -2.70965e-05 3.01868e-05 1.9987e-05 3.05949e-05 8.55393e-05 -2.5978e-05 -1.81428e-07 1.03848e-05 1.72521e-05 1.91731e-07 -2.97617e-09 6.0377e-08 -1.01118e-06 -9.79135e-07 -1.2319e-08 2.10876e-05 -5.70814e-07 2.01285e-05 -3.46322e-05 -6.15143e-05 3.02532e-09 -4.37977e-07 3.06393e-05 1.85308e-06 1.66455e-05 1.53694e-06 -1.57691e-10 1.98489e-05 1.01898e-05 -3.27068e-05 -2.43242e-06 2.02855e-05 -1.95632e-07 -3.47399e-08 -4.41788e-06 -2.08865e-06 -2.7623e-09 2.73455e-06 -8.79798e-06 4.82356e-05 -6.65271e-06 1.78982e-06 -2.95945e-07 1.35219e-05 1.07728e-05 -1.84302e-08 -1.87991e-06 -9.39802e-07 9.37149e-08 -6.41259e-05 -7.02102e-05 3.73989e-05 -5.82411e-05 7.69978e-05 1.3029e-05 5.4425e-05 4.98712e-05 -2.28156e-05 4.64639e-05 4.10085e-05 -5.18045e-08 -2.90859e-10 -5.14421e-09 2.79892e-05 2.78321e-05 7.10324e-06 -1.3716e-10 3.0166e-06 -2.1323e-05 -1.13234e-08 -9.07647e-07 -1.98982e-09 -7.9339e-05 -3.04424e-07 
-0.00181532 -0.00996442 -0.014505 -0.00316321 6.12152e-06 -0.00623978 0.0641548 0.0600197 -0.0759243 -0.00330172 -0.0390001 0.0131368 -0.00185688 -0.0488911 0.023918 0.0237551 -0.00270849 -0.0128702 0.000397786 -0.00568769 0.0463558 -0.0591698 -0.0203487 -0.00374699 -0.0694297 -0.0649451 -0.0739103 -0.000403537 -0.000313458 -0.00159327 -2.5978e-05 0.226471 -0.000571601 -0.00128123 -0.000123189 -1.80628e-05 -1.20585e-05 -2.48972e-05 9.89365e-05 0.040486 -4.91463e-05 -0.000162933 0.00268513 -0.000183956 0.0360345 0.0744299 -0.000142375 -0.000145342 -0.0131135 -0.0010774 5.00014e-05 -0.00228322 1.10829e-08 -0.00107945 -0.000365529 0.0908602 -0.0100895 -0.000237107 -0.00121782 -0.000124143 -0.00979387 -0.00791102 -6.33869e-06 -0.00931658 -0.0355267 -0.000212544 -0.0392443 -6.13485e-05 -0.00119905 -0.0206095 -0.000123548 7.47064e-05 -0.0078986 -0.00378608 -0.000148382 0.0283184 0.0464492 -0.000188303 0.0119925 -0.0110736 -0.0318492 -0.000560978 -3.19702e-05 -0.0900153 -0.000348364 0.00228293 -0.00020504 -1.17847e-06 -2.06795e-05 -0.000134672 -0.000601721 -0.000123134 -5.55731e-07 -6.60289e-05 0.0358999 -0.000315942 -0.00882258 -8.00547e-06 0.00553681 -0.00109228 
-2.34723e-05 5.18469e-05 -8.88067e-05 -7.76233e-06 -1.55773e-07 0.000406429 -0.000897913 -0.00127693 0.000107415 -2.51118e-05 -0.000365602 -4.04542e-05 -1.61667e-05 0.00120894 -0.000151267 7.54971e-05 -1.64274e-05 -7.28006e-05 -1.20478e-06 7.71081e-05 -0.00119676 0.000387498 -0.000133174 1.26479e-05 9.562e-05 0.00104447 0.000779075 -5.23115e-06 5.84694e-06 -1.069e-05 -1.81428e-07 -0.000571601 0.00211631 9.48228e-05 -2.47296e-08 4.22363e-07 -7.37827e-08 1.16407e-06 -1.84517e-05 -0.000170019 -3.05403e-07 4.98551e-06 0.000101992 -2.04561e-06 -0.000127397 -0.00129785 2.14746e-07 -1.43112e-05 -7.41868e-05 -1.61061e-06 -8.41075e-07 -2.09769e-05 -3.90935e-09 -3.67993e-06 4.69983e-06 -0.00118077 8.2481e-05 -1.09575e-05 -6.37963e-06 -3.97911e-07 3.04938e-06 1.45997e-05 1.41819e-06 0.000220926 0.00119224 -1.34936e-06 -0.000164548 6.25577e-07 -7.13683e-06 -0.000127548 -7.55953e-07 -1.43573e-07 -3.11684e-05 -2.24588e-05 -1.42065e-06 -0.00134253 -1.53185e-07 -8.80902e-07 -6.93135e-05 -7.2708e-05 0.0011786 -3.00506e-06 -2.1746e-07 0.000873187 -2.48117e-06 7.89834e-05 -9.37628e-07 -7.21073e-09 4.89136e-07 -3.54949e-07 -7.91325e-06 -1.07659e-06 -3.40035e-09 -2.64801e-07 -0.000502034 2.37653e-06 -5.38931e-05 9.94003e-07 2.55849e-05 -6.25704e-06 
