0.000862854 2.92964e-05 -8.09179e-06 0.000126605 -0.000542401 -0.000674096 2.12684e-07 1.95713e-05 1.50796e-05 -3.62569e-06 -1.04876e-06 -6.04437e-05 -2.45756e-06 -3.58506e-05 -8.10589e-05 -3.16031e-05 -0.000804169 -0.000615538 0.000794932 0.00080387 4.05816e-06 0.000830903 -5.40648e-06 1.32053e-07 1.49196e-06 0.000763973 -0.000812021 0.00068631 -0.000801666 -8.65988e-07 7.41316e-06 0.000769936 -2.35695e-05 -3.05468e-07 -7.01881e-06 2.6927e-05 2.83732e-05 -5.10745e-06 5.69543e-05 0.000834552 -0.000155585 -6.0144e-08 2.8424e-07 -9.43416e-06 2.65224e-07 0.000785081 0.000792617 2.22129e-05 2.64301e-05 -2.17989e-07 -2.74723e-05 -3.31723e-06 -3.58343e-05 -4.34967e-09 0.000665087 3.34915e-05 -2.69023e-06 -0.000799485 0.000214141 -2.93083e-05 1.42791e-06 -4.85139e-05 -0.00081171 -2.97667e-06 0.000771651 -9.44491e-09 -2.38141e-07 -5.77973e-05 -3.95548e-07 -0.000786101 -0.000510204 -0.000530045 -1.15139e-05 2.61622e-05 -4.55267e-06 -0.000797473 -2.92648e-07 -3.01972e-08 4.87445e-06 -3.30014e-05 -2.97799e-05 2.25566e-05 4.69293e-06 -0.000803581 -1.31747e-06 -9.40236e-07 2.11391e-06 -3.24105e-05 1.26657e-05 0.000780173 -8.85822e-05 -1.26303e-05 1.36244e-08 0.000111772 -1.92014e-06 -1.74608e-06 -0.000763447 -9.91967e-07 2.41201e-06 -3.16161e-05 
2.92964e-05 0.00195344 0.000930072 -1.44324e-05 -0.0010652 -0.00152451 1.90536e-07 -9.26918e-07 -2.36761e-05 0.000538006 0.000795158 -0.000150985 6.36683e-06 0.000485651 -0.0016168 -0.000110527 -0.00090219 -0.001398 0.000942526 0.000937377 4.37918e-05 0.000938774 -7.32592e-05 -4.14829e-05 -1.16868e-06 0.000809746 -0.000893589 0.000927026 -0.0010641 0.000731442 -7.38696e-06 0.00134775 -8.71967e-05 0.000189524 -2.29776e-06 1.98165e-07 1.51769e-07 -5.61054e-05 0.00027304 0.000930929 2.47045e-05 4.17104e-05 1.48117e-06 -1.11116e-05 2.00065e-07 0.00088794 0.000905198 1.17929e-05 6.93331e-05 2.30685e-06 -9.5611e-05 -1.03883e-05 -9.09145e-05 1.53475e-07 0.000754829 5.22181e-05 4.4496e-06 -0.00180993 0.000690548 -5.00308e-05 5.73279e-07 -0.000109391 -0.000833308 6.85203e-06 0.000918055 1.00859e-06 5.03609e-07 -0.000125334 0.000428964 -0.00139535 -0.00116185 -0.00124922 -2.32707e-05 3.96606e-06 1.51464e-05 -0.00169231 5.41077e-06 9.15607e-08 1.65655e-06 -7.0057e-05 -0.000119365 9.24289e-05 4.10079e-07 -0.00158631 -8.91481e-06 9.61371e-05 2.13316e-07 -0.000103477 -2.56266e-05 0.0010421 0.00074374 9.4673e-05 2.23514e-06 -1.97141e-05 0.000817107 0.000897889 -0.0017612 7.37949e-05 7.32846e-06 -0.000121094 
-8.09179e-06 0.000930072 0.0151393 -0.0113759 -0.00940738 -0.011987 -5.45684e-07 0.000121688 0.0107844 0.000527466 0.000761501 0.0119229 -4.06548e-05 0.0139114 -0.0138167 0.0131267 -0.0133818 -0.0109888 -8.00091e-05 0.00244123 0.00647154 -5.25918e-05 0.0130198 0.00710894 -1.38684e-05 -0.000374084 -0.0130346 0.000130528 -0.0134837 0.00069462 0.00252326 0.000319522 0.0123971 0.000213541 -0.00013942 -1.07086e-05 -1.59969e-08 0.0116419 -0.000157096 -9.19847e-05 -0.00213953 4.69992e-05 1.26794e-07 3.28666e-05 -2.56774e-08 -3.93223e-05 -2.80207e-05 -1.89088e-05 3.82608e-05 0.000228718 0.0127362 -1.6064e-05 0.00294376 -7.74423e-08 -0.000306786 -7.51589e-06 0.000754591 -0.0142696 -1.86763e-05 0.000238924 1.43013e-06 0.00137511 -0.0133818 -4.94486e-05 -1.06402e-05 8.58508e-07 -2.46567e-07 0.00447174 0.000418782 -0.0139094 -0.00905099 -0.0100119 -0.000206754 -5.37526e-05 -8.16637e-05 -0.0140405 -2.58215e-06 8.64236e-06 -7.58315e-07 -0.00057704 0.0133668 0.00248391 1.61354e-06 -0.0140203 0.000768124 8.26965e-05 1.95948e-06 0.0133475 -0.000177032 5.16298e-05 0.00487806 0.00112941 1.25837e-05 0.000887358 0.00141147 0.000962443 -0.0142631 0.00481671 0.000295594 0.0131451 
0.000126605 -1.44324e-05 -0.0113759 0.171889 -0.00316025 0.0386785 -2.69005e-05 -0.00133943 -0.0137354 -0.00448697 -0.000809391 -0.0452064 -0.00214883 -0.0518003 0.0541207 -0.0486249 0.0499817 0.0788886 0.000817984 -0.0018621 -0.0114017 -0.000546081 -0.0310973 -0.0213578 -0.000634934 6.95143e-05 0.0428593 -0.00233346 0.0491947 -6.3911e-05 -0.00345337 0.00269557 -0.039159 -0.000821801 -0.0039379 -0.000527769 -4.59613e-06 -0.0231417 -0.00666768 -0.000521109 -0.0524434 -1.97825e-05 -4.70155e-08 -0.00795356 -1.15071e-07 0.000195615 0.000446207 -0.00100614 -0.000985383 -0.00297514 -0.0446044 -0.00412682 -0.0360523 -3.31267e-06 9.84057e-06 -0.00107016 -0.00512849 0.0501458 0.000217898 -0.0255439 -1.0384e-05 -0.0350691 0.0430111 0.000523353 0.000337879 -5.93495e-06 3.78681e-05 -0.033137 9.87676e-06 0.0498265 0.0191612 0.0171104 -0.00178975 -0.00134091 -9.04455e-05 0.0495433 -0.000134979 -2.59093e-05 -1.01852e-06 -0.013079 -0.0490784 -0.00209498 -0.000209388 0.0496132 -0.00347359 0.000215527 -1.47737e-05 -0.0493303 -0.00715969 0.00022967 -0.0191239 -0.016051 -0.000891277 -0.0116866 -0.00190648 -0.000714714 0.0490521 -0.010941 -0.000603339 -0.0488709 
-0.000542401 -0.0010652 -0.00940738 -0.00316025 0.233576 0.0577622 -2.18365e-05 -0.0015484 -0.0109999 -0.00388019 -0.00025779 -0.0460499 -0.00132748 -0.0392022 0.0367136 -0.0391 0.0417593 0.013547 -0.00679554 -0.00333021 -0.0067592 -0.00221492 -0.0248898 -0.0172241 -0.000335704 -0.01189 0.0359577 -0.00344665 0.042887 -0.000653457 -0.00279302 -0.0034415 -0.0319121 -0.000591354 -0.000840591 -0.000408724 -2.18975e-05 -0.0185436 0.00150852 -0.00272099 0.0367399 -6.26783e-07 -1.66178e-06 0.000442229 -1.03235e-06 -0.0016843 -0.00130641 -0.000787913 -0.000916738 -0.00400266 -0.0361226 -0.00327847 -0.0292766 -2.52714e-06 0.000876066 -0.000845516 -0.00411245 0.0424254 -0.000783952 -0.021049 -1.26373e-05 -0.0320248 0.0362378 -0.00165199 -0.00197558 -3.62658e-06 -0.000142742 -0.0320612 -0.000170204 0.0415607 -0.0248281 -0.0504221 -0.0033019 -0.00166975 -0.000328574 0.043265 -1.37958e-06 -1.64345e-05 -2.65376e-05 0.00560364 -0.0395043 -0.00181177 -0.000293637 0.0419921 -0.00274039 -5.14027e-05 -2.14012e-05 -0.0397502 -0.000889623 -0.00150297 -0.0460113 -0.0126233 -0.000724695 -0.00970144 -0.00154973 -0.000243199 0.0413218 -0.00878147 -0.000460934 -0.0393282 
-0.000674096 -0.00152451 -0.011987 0.0386785 0.0577622 0.171058 -2.53698e-05 -0.00210202 -0.0134374 -0.00482202 -0.000747984 -0.0539246 -0.0021074 -0.0494492 0.067713 -0.0490394 0.0527752 0.0682175 -0.00166062 -0.0041728 -0.00942291 -0.00289953 -0.0312277 -0.0205095 -0.000557778 -0.0295632 0.0454824 -0.00438007 0.0540127 -0.000729671 -0.0034771 -0.0108247 -0.0397592 -0.000863218 -0.00243709 -0.000549799 -2.72178e-05 -0.0232934 -0.0021537 -0.00404792 -0.000275862 -4.08358e-05 -2.06118e-06 -0.0032524 -7.54214e-07 -0.00218998 -0.00162282 -0.00110977 -0.00142652 -0.00186268 -0.0450326 -0.00410841 -0.0364652 -2.94013e-06 -0.00346399 -0.00119476 -0.00517561 0.0537515 -0.000959876 -0.0265617 -1.93119e-05 -0.0361482 0.0455611 -0.00242443 -0.00190005 -6.81117e-06 -0.000146211 -0.0522618 -0.000421487 0.0532134 0.0374916 0.00689486 -3.65906e-05 -0.00144111 2.1571e-05 0.0546562 6.08396e-05 -2.18511e-05 -7.6963e-06 -0.00849324 -0.0495419 -0.00225221 -0.000238096 0.0534474 -0.00349816 9.78006e-05 -2.62642e-05 -0.0497822 -0.00920998 -0.00187204 -0.0818071 -0.0161652 -0.000890051 -0.0120858 -0.00294648 -0.000989992 0.0521449 -0.0110448 -0.000895954 -0.0493184 
2.12684e-07 1.90536e-07 -5.45684e-07 -2.69005e-05 -2.18365e-05 -2.53698e-05 3.54887e-05 2.81424e-05 -4.88138e-07 -1.69409e-07 2.53522e-07 -3.02719e-06 -6.7661e-08 -2.36228e-06 -2.80726e-05 -2.14677e-06 -2.98644e-05 -2.52277e-05 2.31732e-07 1.4792e-06 -5.63173e-07 3.47743e-05 -2.01129e-08 -9.22461e-07 1.03387e-06 3.29705e-05 -3.29142e-05 2.17689e-07 -3.18831e-05 -4.14785e-08 -1.41695e-07 -3.95277e-07 -1.80804e-06 -3.98133e-08 -8.25041e-08 1.51349e-05 5.15429e-07 -1.05879e-06 3.28308e-05 3.46824e-05 -6.13208e-06 -2.47164e-09 -9.97269e-11 -2.07563e-07 -5.92683e-11 1.13789e-05 3.2616e-07 3.34358e-05 2.75318e-05 3.67022e-06 -2.05103e-06 4.07879e-07 -1.57532e-06 -1.78751e-10 2.39948e-05 3.42486e-05 -2.35486e-07 -3.2229e-05 2.13499e-06 -1.20745e-06 -9.07598e-10 -2.02434e-06 -3.28623e-05 -1.49314e-07 2.34388e-07 -3.88142e-10 -9.78649e-09 -2.3837e-06 -2.28305e-08 -3.23952e-05 -2.09458e-05 1.10257e-05 1.85208e-08 3.33699e-05 3.03935e-06 -3.24907e-05 -1.6547e-08 6.8759e-08 -2.41971e-09 -6.12964e-07 7.11994e-06 8.14198e-07 -1.83727e-08 -3.20107e-05 -1.61949e-07 -3.56256e-08 5.45752e-09 -2.19639e-06 3.15428e-05 3.14928e-07 -4.00406e-06 -6.52424e-07 9.52387e-07 -5.20754e-07 2.41777e-07 -7.17557e-08 1.53699e-06 -4.19207e-07 1.85152e-07 -2.15977e-06 
1.95713e-05 -9.26918e-07 0.000121688 -0.00133943 -0.0015484 -0.00210202 2.81424e-05 0.00274299 0.000718025 -1.25347e-05 1.97112e-05 0.000535059 -1.03953e-07 0.000518423 -0.0022426 0.000596599 -0.00166049 -0.0018674 -2.82367e-05 0.000280753 -2.71957e-05 0.00107695 0.000575695 -3.87953e-07 0.000695845 0.00199524 -0.00166649 9.82172e-05 -0.00198336 -2.78801e-06 1.45331e-06 -4.33052e-05 0.000626313 -2.91228e-06 3.15515e-06 0.000416725 6.34116e-07 0.000636998 0.000848076 0.00111798 -0.000455122 -1.91558e-07 -7.72905e-09 -2.52021e-05 -4.59342e-09 5.89305e-05 -4.54947e-06 0.00110915 0.00110197 1.53782e-05 0.000564681 3.28318e-05 0.000112081 1.06146e-07 0.000743087 0.0011131 6.72633e-07 -0.00183483 1.70505e-06 0.00035883 1.02993e-07 4.54942e-05 -0.00171458 0.000332495 0.000106525 4.03251e-07 1.04486e-06 0.00112405 -1.72608e-06 -0.00173623 -0.00161896 0.00016939 5.8066e-05 0.00111982 -1.41396e-05 -0.00196056 -1.17909e-06 -9.61777e-08 6.08913e-06 -8.08411e-05 0.000788494 1.03651e-05 -5.43925e-07 -0.00169813 9.77528e-06 3.33392e-06 2.8143e-05 0.000589917 0.00100107 -4.30997e-06 0.00117057 -3.83362e-05 5.48322e-06 -9.11464e-06 0.000291994 -4.50122e-06 -0.00058518 -1.9448e-05 -3.95419e-06 0.000590925 
1.50796e-05 -2.36761e-05 0.0107844 -0.0137354 -0.0109999 -0.0134374 -4.88138e-07 0.000718025 0.0175669 -1.93083e-05 -2.60147e-05 0.0149088 -2.47642e-05 0.0153225 -0.0155517 0.0152447 -0.0155278 -0.0126978 -0.000123449 0.00251214 0.0095187 1.45231e-05 0.0156486 0.0101437 2.1221e-05 0.000198979 -0.0156539 3.82605e-06 -0.0154351 -1.97884e-05 0.00312349 -0.000290588 0.0156446 8.77422e-06 -0.000178311 0.000135192 -1.73536e-07 0.0151388 -0.000182509 5.33636e-05 -0.00198809 1.87763e-06 3.93071e-07 -9.8254e-05 -2.98711e-08 1.71899e-05 -3.67487e-05 6.66306e-05 7.68699e-05 0.000849514 0.0150511 -8.45087e-05 0.00151703 -9.00902e-08 -0.000426037 8.70414e-05 0.00109157 -0.0154652 -2.1551e-05 0.000116209 1.19992e-05 -0.000633647 -0.0156106 -7.45769e-05 3.37054e-05 6.1044e-08 -1.25236e-06 0.00442235 -1.14965e-05 -0.0155502 -0.0104238 -0.0104274 -0.000196278 0.000121188 -0.000124926 -0.0152728 -8.04296e-06 2.59789e-06 4.24714e-06 -0.000626437 0.0155185 0.00233043 2.59302e-05 -0.0155436 0.000212148 -2.18285e-05 6.93393e-06 0.015449 0.000215041 -3.2853e-05 0.00494968 0.00183817 -1.43402e-05 -0.000213908 0.000707046 -3.01247e-05 -0.0154149 0.00533912 0.0002772 0.0152147 
-3.62569e-06 0.000538006 0.000527466 -0.00448697 -0.00388019 -0.00482202 -1.69409e-07 -1.25347e-05 -1.93083e-05 0.00614406 0.000528288 0.00249689 0.000612514 0.00555614 -0.00551963 0.00514371 -0.00525425 -0.00441875 2.58625e-05 -3.30204e-05 0.00060531 -2.17127e-05 0.00159819 0.00270414 -5.71294e-06 -0.000308018 -0.00517159 0.000270741 -0.00536311 0.000542518 0.000188907 0.000295807 0.000609033 0.000324335 -3.93328e-05 -4.18136e-06 -1.55514e-07 8.17082e-05 -6.33163e-05 -3.90715e-05 -0.000987786 4.73611e-06 -1.73722e-08 0.000936954 -1.03244e-08 -1.55254e-05 -1.28629e-05 -7.88937e-06 -1.01582e-05 -6.05709e-05 0.0051759 0.00189364 0.00503531 1.14553e-06 -7.99788e-05 -8.26438e-06 0.000387609 -0.00574965 -6.08043e-06 0.00331303 -1.58102e-07 0.00511202 -0.00483984 -2.43434e-05 3.77469e-06 1.53905e-06 -1.52145e-06 0.00204385 0.0002136 -0.00553208 -0.00360407 -0.00403077 -8.11067e-05 0.000173526 -2.90668e-05 -0.00574531 -2.85578e-06 1.12383e-06 -4.21508e-07 -0.000121622 0.00504037 2.16669e-05 2.48095e-05 -0.0057267 0.000679806 -1.07121e-06 5.60363e-08 0.00524882 -7.22082e-05 9.78372e-05 0.000554583 0.00422025 0.000379451 0.00414657 0.000492778 0.000539204 -0.00576751 0.00208574 0.000149712 0.00521306 
-1.04876e-06 0.000795158 0.000761501 -0.000809391 -0.00025779 -0.000747984 2.53522e-07 1.97112e-05 -2.60147e-05 0.000528288 0.00168246 -9.30637e-05 6.43413e-06 0.00066497 -0.00111716 -4.87064e-05 -6.8848e-05 -0.00116932 4.92643e-05 1.29429e-05 5.40563e-05 4.15549e-05 -5.30629e-05 1.40517e-05 7.50598e-06 -5.08847e-06 -4.78365e-05 4.67096e-05 -0.000237558 0.000588457 -5.44003e-06 0.000494219 -6.37375e-05 0.000175846 -5.08415e-06 2.09735e-05 -5.87494e-08 -4.56015e-05 -5.22609e-06 5.17315e-05 0.000754474 1.70726e-05 -4.73568e-09 -1.8445e-05 -2.81445e-09 9.67409e-06 1.57969e-05 2.62392e-05 6.45792e-05 4.78506e-05 -3.88963e-05 -8.08224e-07 -3.16702e-05 5.48451e-08 5.26457e-05 2.95476e-05 1.00976e-05 -0.000802536 1.31627e-05 -3.89376e-05 3.36901e-07 -4.43093e-05 -3.94621e-06 1.76629e-06 1.88716e-05 9.58235e-07 -1.6806e-07 -8.41001e-05 0.000313496 -0.000569081 -0.000627652 -0.000675409 1.60713e-05 3.38774e-05 7.61062e-06 -0.000689846 3.18757e-06 1.34404e-07 -4.82369e-08 6.85586e-06 -5.10626e-05 5.96575e-05 -5.45789e-07 -0.000612393 -5.75372e-06 5.35007e-06 1.98592e-06 -3.82027e-05 6.771e-05 0.00011081 0.000595949 7.69148e-05 6.66559e-06 3.32995e-06 0.000657703 0.000754599 -0.000746837 0.000130073 4.26212e-06 -4.67804e-05 
-6.04437e-05 -0.000150985 0.0119229 -0.0452064 -0.0460499 -0.0539246 -3.02719e-06 0.000535059 0.0149088 0.00249689 -9.30637e-05 0.0787996 0.00143828 0.0516568 -0.0528216 0.0515843 -0.0516663 -0.0527341 -0.000671415 0.00219061 0.0100759 -0.000301951 0.0344727 0.019782 -5.15062e-05 0.00236479 -0.043484 0.00130646 -0.0514383 -8.82009e-05 0.00366243 -0.00109982 0.0454177 7.03454e-05 -0.000705344 4.01384e-06 -2.25953e-06 0.0259955 -0.000702147 -0.000263606 -0.00123977 2.11088e-06 3.10093e-08 0.00198734 -1.44015e-07 8.68935e-05 -0.00017841 -0.000110079 -0.000118183 0.00125321 0.0468642 0.00298577 0.0377475 -3.76768e-08 -0.00180249 -0.000106578 0.00449444 -0.0515848 -0.000109169 0.0280662 1.09247e-05 0.0343576 -0.0443399 -0.000228913 -6.23456e-05 -9.43138e-07 -9.16328e-06 0.0375882 -5.39452e-05 -0.0514796 -0.0465022 -0.0289591 -0.00109522 -0.000237495 -0.000591326 -0.051429 -3.97538e-05 1.49479e-05 -2.43626e-06 -0.00225322 0.0519354 0.00211864 0.00019662 -0.0515665 0.00381395 -6.65912e-05 1.3486e-06 0.0519989 0.0028722 -0.000193889 0.0329473 0.0145095 0.000786078 0.0108969 0.000506065 -7.13941e-05 -0.0517175 0.00901391 0.000222802 0.0517052 
-2.45756e-06 6.36683e-06 -4.06548e-05 -0.00214883 -0.00132748 -0.0021074 -6.7661e-08 -1.03953e-07 -2.47642e-05 0.000612514 6.43413e-06 0.00143828 0.00283762 0.00209682 -0.00229682 0.00212565 -0.00229698 -0.00183017 0.000115249 1.7576e-06 0.000112238 2.06439e-05 0.000255967 3.28452e-05 -6.3301e-07 0.000462633 -0.00228318 3.1928e-05 -0.00230094 1.73078e-06 -4.66464e-06 -2.53823e-05 0.000682445 0.000380404 1.7171e-05 2.16443e-05 -9.92016e-08 5.20594e-05 2.31918e-05 1.72405e-05 -0.000406059 1.04182e-06 -7.99645e-09 0.000434941 -4.75234e-09 8.43621e-06 1.80254e-06 1.01869e-05 4.49845e-06 0.000126023 0.00182057 0.000654082 0.00167505 5.32334e-07 0.00011742 1.5808e-05 0.000404581 -0.00232453 8.29104e-06 0.002308 -7.27744e-08 0.00218173 -0.00132016 3.08508e-05 -8.36203e-07 -3.11226e-08 1.38618e-07 0.00161483 -1.2473e-06 -0.00230285 -0.00150956 -0.00162926 -2.0084e-05 1.06662e-05 -1.91084e-05 -0.00230547 -1.11346e-06 2.50495e-07 1.89265e-06 -8.091e-05 0.00200325 -3.8896e-06 1.67681e-06 -0.00228655 6.1141e-05 -3.58175e-06 4.19713e-07 0.00225955 4.35015e-05 0.000115432 0.00132811 0.00100458 2.1201e-06 0.00117848 2.90798e-05 -1.41029e-06 -0.00228536 0.000230605 2.68721e-05 0.00212346 
-3.58506e-05 0.000485651 0.0139114 -0.0518003 -0.0392022 -0.0494492 -2.36228e-06 0.000518423 0.0153225 0.00555614 0.00066497 0.0516568 0.00209682 0.0641614 -0.0579235 0.0582275 -0.0587605 -0.0483648 -0.000290316 0.00236348 0.0119738 -0.000237718 0.0370809 0.0237768 -1.95819e-05 0.0006009 -0.0500728 0.00299077 -0.0587138 0.000381196 0.00411093 -0.0007869 0.046633 0.000833766 -0.00060412 -4.60504e-05 -5.02201e-07 0.027682 -0.000602507 -0.000411945 -0.00801173 2.58975e-05 2.49696e-07 0.00334996 -1.1508e-07 -7.40294e-05 -0.000142064 -8.87993e-05 -7.95146e-05 0.00100519 0.0535389 0.00479924 0.0433655 1.27959e-06 -0.00123473 -7.17503e-05 0.00609481 -0.0592293 -8.3689e-05 0.0305204 1.28444e-05 0.0402716 -0.0504954 -8.01746e-05 -4.921e-06 4.08635e-06 1.31845e-05 0.039759 0.000117101 -0.0589437 -0.0386021 -0.0410237 -0.000881504 -2.32659e-05 -0.000466296 -0.0588367 -1.06821e-05 2.70204e-05 -1.56495e-06 -0.00240902 0.0586115 0.00249233 0.000223956 -0.0587668 0.00413703 -7.18666e-05 1.83557e-06 0.0589291 -0.000129117 9.08738e-05 0.0293127 0.0190032 0.00105149 0.0141038 0.0012963 0.000695897 -0.0593517 0.0131615 0.000794826 0.0585972 
-8.10589e-05 -0.0016168 -0.0138167 0.0541207 0.0367136 0.067713 -2.80726e-05 -0.0022426 -0.0155517 -0.00551963 -0.00111716 -0.0528216 -0.00229682 -0.0579235 0.0889866 -0.0564576 0.0596347 0.0589384 -0.000608925 -0.00353168 -0.0116989 -0.00203196 -0.0359776 -0.0226513 -0.000702167 -0.0166562 0.0509487 -0.00390944 0.0597987 -0.000717438 -0.00395621 -9.29291e-05 -0.0457565 -0.000986427 -0.000363333 -0.000619523 -1.15142e-06 -0.026877 -0.00383695 -0.00235133 0.00338237 -4.50637e-05 -2.19255e-06 -0.00494255 -3.08445e-07 -0.00117809 -0.000825495 -0.00119975 -0.00139899 -0.0016837 -0.0518329 -0.00469319 -0.0419318 -3.58604e-06 -0.000850499 -0.00129643 -0.00591557 0.0603837 -0.000851566 -0.0305275 -2.06583e-05 -0.0399032 0.0512829 -0.000566061 -0.00108925 -4.2735e-06 2.47991e-06 -0.0512342 -0.000394278 0.0599909 0.0497727 0.0347359 0.000423877 -0.00140545 0.000473423 0.0604101 2.61323e-07 -2.63876e-05 -1.95416e-05 -0.00126447 -0.0570016 -0.0024663 -0.000221606 0.059857 -0.00389614 -9.36038e-08 -2.53794e-05 -0.0571885 -0.00347818 -0.00113723 -0.0457765 -0.0186314 -0.00102423 -0.0135608 -0.00286021 -0.00106698 0.0589896 -0.0127511 -0.000801416 -0.0567645 
-3.16031e-05 -0.000110527 0.0131267 -0.0486249 -0.0391 -0.0490394 -2.14677e-06 0.000596599 0.0152447 0.00514371 -4.87064e-05 0.0515843 0.00212565 0.0582275 -0.0564576 0.0588889 -0.0585502 -0.0448665 -0.000376401 0.00234251 0.0116502 -0.000222238 0.0370817 0.0234116 -5.60771e-05 0.00104199 -0.0500572 0.00278985 -0.0583676 -3.52045e-06 0.0039988 -0.00101787 0.0466765 0.000503008 -0.000514091 -3.38099e-05 -9.50514e-07 0.0277922 -0.000646909 -0.000390665 -0.0110091 -6.6621e-07 -1.76573e-07 0.00347297 -1.04939e-07 -6.24266e-05 -0.000129766 -7.65405e-05 -9.24983e-05 0.000934083 0.053267 0.00482241 0.0433679 1.31018e-06 -0.00138681 -7.43886e-05 0.00584964 -0.0584276 -7.71944e-05 0.0308635 1.18697e-05 0.0400679 -0.0503441 -0.000243323 4.8703e-06 2.83943e-06 -2.07097e-06 0.0399143 -3.98363e-05 -0.0583758 -0.0363771 -0.0404175 -0.000853944 -2.8707e-06 -0.000443691 -0.0582256 -2.92275e-05 2.67995e-05 -1.67092e-06 -0.0022062 0.0585242 0.00242359 0.000226807 -0.0582078 0.00415287 -7.71765e-05 2.33913e-06 0.058771 -0.000242666 -0.00010248 0.0290736 0.018592 0.0010535 0.0140936 0.000800912 -4.57083e-05 -0.058617 0.0129037 0.000794844 0.0584651 
-0.000804169 -0.00090219 -0.0133818 0.0499817 0.0417593 0.0527752 -2.98644e-05 -0.00166049 -0.0155278 -0.00525425 -6.8848e-05 -0.0516663 -0.00229698 -0.0587605 0.0596347 -0.0585502 0.0632693 0.0482874 -0.00189197 -0.0048134 -0.0119731 -0.00323165 -0.0372666 -0.0236841 -0.000633113 -0.00478729 0.0539787 -0.00516723 0.062572 1.45798e-05 -0.00415635 -0.000888306 -0.0468132 -0.000797422 0.000235451 -0.000630356 -3.24872e-05 -0.0278017 -0.000918863 -0.00314555 0.0117444 -6.91619e-06 -2.27927e-06 -0.00351057 -8.3998e-07 -0.00215867 -0.00193644 -0.0012326 -0.00115528 -0.00112076 -0.0537806 -0.00490124 -0.0435586 -3.6048e-06 -0.00141236 -0.00131194 -0.00617845 0.0624758 -0.00115108 -0.031103 -2.08642e-05 -0.0406992 0.0542851 3.46767e-05 -0.00221782 -3.79432e-06 1.84384e-06 -0.0403958 1.51745e-05 0.0624246 0.0388335 0.0418753 0.000889846 -0.00137358 0.000455604 0.0624918 2.3997e-05 -2.70766e-05 -1.47488e-05 0.00234407 -0.0591552 -0.00258891 -0.000235415 0.0622997 -0.0041664 8.09213e-05 -3.11741e-05 -0.0592897 -0.000945189 -0.0022002 -0.0297538 -0.0192749 -0.00107541 -0.0144598 -0.00115152 -0.00012973 0.061301 -0.0130966 -0.000814873 -0.0589025 
-0.000615538 -0.001398 -0.0109888 0.0788886 0.013547 0.0682175 -2.52277e-05 -0.0018674 -0.0126978 -0.00441875 -0.00116932 -0.0527341 -0.00183017 -0.0483648 0.0589384 -0.0448665 0.0482874 0.203828 -0.00218649 -0.00382133 -0.00835778 -0.00265574 -0.0285481 -0.0177155 -0.000640456 -0.0282279 0.0417286 -0.00403645 0.0496655 -0.00073936 -0.00318641 -0.00438128 -0.03622 -0.000755928 -0.00184061 -0.000499704 -2.49206e-05 -0.0212757 -0.00498278 -0.00390188 -0.0879747 -4.15698e-05 -1.91881e-06 -0.00816523 -1.19385e-06 -0.00190671 -0.00148455 -0.00102267 -0.00146276 -0.00525566 -0.0412244 -0.00377961 -0.033386 -3.19727e-06 -0.0131853 -0.00109656 -0.00474261 0.0491403 -0.000886168 -0.0243166 -1.77251e-05 -0.0392915 0.0416634 -0.00156783 -0.00192297 -6.09838e-06 -0.00010388 -0.0395343 -0.000362739 0.0487065 0.0554109 0.0286973 -0.00141281 -0.00115978 0.000279203 0.0502404 -0.000186304 -2.49202e-05 -4.99035e-06 -0.0155772 -0.0453333 -0.00206185 -0.000144643 0.0484618 -0.00318915 0.000130157 -2.43559e-05 -0.0457551 -0.00708223 -0.00171275 -0.054643 -0.014805 -0.000824321 -0.0110728 -0.00315305 -0.00142022 0.0476815 -0.010118 -0.00095902 -0.045128 
0.000794932 0.000942526 -8.00091e-05 0.000817984 -0.00679554 -0.00166062 2.31732e-07 -2.82367e-05 -0.000123449 2.58625e-05 4.92643e-05 -0.000671415 0.000115249 -0.000290316 -0.000608925 -0.000376401 -0.00189197 -0.00218649 0.011096 0.00217341 1.29839e-05 0.00211597 -0.000147995 -0.00027795 -7.98004e-06 0.00233999 -0.00204979 0.00187248 -0.00196476 -1.09055e-05 -2.83207e-05 0.00190474 -0.000351541 0.000227238 -6.91529e-05 -9.82718e-07 3.22988e-05 -0.00016811 0.000391402 0.00212054 -0.00108715 3.19846e-06 1.77847e-06 -6.4198e-05 9.34593e-07 0.00196754 0.00200202 -3.75534e-06 -2.3825e-05 -0.00011023 -0.000464228 -5.71417e-05 -0.000262037 -1.65214e-08 0.00153351 2.48134e-05 -4.73244e-05 -0.00191587 0.00117996 -0.000213524 7.22968e-06 -0.000171741 -0.00170648 -2.59781e-07 0.00199261 7.10602e-07 5.15502e-07 -0.000422664 3.84098e-06 -0.00195095 -0.000260265 -0.00357975 -0.000117588 -3.67738e-05 -6.0144e-05 -0.00189587 6.21412e-05 4.79094e-06 1.91949e-05 -0.000401474 -0.000419889 0.000216693 9.80531e-07 -0.00194482 4.50149e-05 -5.3402e-06 -2.79e-07 -0.000264214 -0.000145486 0.00216674 0.000949889 0.000162549 4.77601e-06 0.000308958 -3.63613e-07 5.00474e-05 -0.00181286 -0.000103867 6.17362e-06 -0.000408501 
0.00080387 0.000937377 0.00244123 -0.0018621 -0.00333021 -0.0041728 1.4792e-06 0.000280753 0.00251214 -3.30204e-05 1.29429e-05 0.00219061 1.7576e-06 0.00236348 -0.00353168 0.00234251 -0.0048134 -0.00382133 0.00217341 0.00534728 0.00130869 0.00252811 0.00255125 0.000118731 0.000205422 0.00233231 -0.00501627 0.00203044 -0.004964 -2.68667e-06 0.00106237 0.00202006 0.00238941 4.90891e-06 -4.86371e-05 2.44611e-05 3.31293e-05 0.00248208 0.000808383 0.00256596 -0.000842318 2.77892e-06 2.18156e-06 -6.35607e-05 9.44355e-07 0.00201983 0.00205576 0.000281905 0.000243112 -1.1722e-05 0.0021242 -2.37751e-05 -5.01862e-05 1.2922e-08 0.00204667 0.000318502 6.38909e-05 -0.00495934 0.00120285 -0.00017455 9.06918e-06 -0.000302149 -0.00483617 -1.36453e-05 0.00205419 -5.87975e-08 1.47417e-06 4.10839e-05 1.21154e-06 -0.00479151 -0.00315067 -0.0030414 -6.51315e-05 0.000267035 5.77331e-05 -0.00492182 3.67006e-06 -1.32043e-09 6.45012e-06 -0.000184689 0.0024205 0.00131828 5.52682e-06 -0.00495803 0.000136267 -6.74823e-06 6.0135e-06 0.00237463 0.000177727 0.00207585 0.000567049 3.74342e-05 7.00392e-06 0.000318619 7.9935e-05 -1.7232e-06 -0.00446751 -2.35471e-05 7.1938e-05 0.00221052 
4.05816e-06 4.37918e-05 0.00647154 -0.0114017 -0.0067592 -0.00942291 -5.63173e-07 -2.71957e-05 0.0095187 0.00060531 5.40563e-05 0.0100759 0.000112238 0.0119738 -0.0116989 0.0116502 -0.0119731 -0.00835778 1.29839e-05 0.00130869 0.0178847 -2.27365e-05 0.0118431 0.00907731 -1.03536e-05 -0.000792614 -0.0121284 0.00038116 -0.0119312 -2.10104e-05 0.00349595 -0.000237158 0.0103538 0.000112998 -0.00015795 -1.13809e-05 -1.38363e-07 0.0110259 -6.19876e-05 -8.71204e-05 -0.00282827 3.478e-06 3.92145e-07 0.00107947 -3.04217e-08 -4.7379e-05 -3.40514e-05 -2.19717e-05 -2.86668e-05 0.000631735 0.0106829 -6.17926e-06 0.00189234 -9.17508e-08 -0.000337285 -6.20712e-06 0.000492451 -0.0119428 -2.00911e-06 0.000105274 9.93747e-06 0.00125468 -0.0118336 -4.97908e-05 -4.03011e-05 9.44105e-07 -3.97995e-06 0.000403571 -3.9086e-06 -0.0121177 -0.00941003 -0.0104882 -0.000206538 -5.09158e-05 -0.000123838 -0.0117951 -7.60002e-06 6.03027e-07 2.98799e-06 -0.000609175 0.0118966 0.000617828 2.76295e-05 -0.0119734 0.000652587 8.58095e-06 1.24269e-06 0.0119523 -0.000144868 0.000125253 0.000389885 0.00471242 2.3316e-05 0.000717372 0.000314423 2.22554e-05 -0.0119886 0.00524893 0.00011332 0.011815 
0.000830903 0.000938774 -5.25918e-05 -0.000546081 -0.00221492 -0.00289953 3.47743e-05 0.00107695 1.45231e-05 -2.17127e-05 4.15549e-05 -0.000301951 2.06439e-05 -0.000237718 -0.00203196 -0.000222238 -0.00323165 -0.00265574 0.00211597 0.00252811 -2.27365e-05 0.00371547 -8.97623e-05 -8.46947e-05 0.00071783 0.00338484 -0.00342816 0.00214726 -0.00343701 3.86467e-06 3.66057e-05 0.00203459 -0.000184863 2.19632e-06 -2.99889e-05 0.000595797 3.37267e-05 -0.000105187 0.00170877 0.00367416 -0.000619783 2.7694e-07 2.09619e-06 -4.25936e-05 9.47105e-07 0.00215075 0.00206856 0.00138036 0.00129666 0.00016353 -0.000198097 5.3255e-05 -0.000172562 2.30122e-06 0.00286386 0.00142866 -2.2888e-06 -0.00345351 0.00122105 -0.000124188 8.69796e-06 -0.000212153 -0.00335158 -9.26357e-06 0.00217119 4.92131e-08 -1.02839e-06 -0.000250068 -7.24165e-08 -0.0033121 -0.00218313 -0.000878012 -3.93953e-05 0.00137931 0.000101581 -0.00346104 4.4812e-06 8.95961e-08 1.10357e-05 -0.000107077 1.7831e-05 0.000140132 6.66935e-06 -0.00342034 1.88869e-06 -4.21445e-06 2.62529e-05 -0.000221132 0.00115181 0.0020945 -9.08971e-05 -4.19524e-06 1.36306e-05 0.000250772 0.000402664 -4.50027e-06 -0.00186952 -5.07249e-05 1.83864e-05 -0.000208624 
-5.40648e-06 -7.32592e-05 0.0130198 -0.0310973 -0.0248898 -0.0312277 -2.01129e-08 0.000575695 0.0156486 0.00159819 -5.30629e-05 0.0344727 0.000255967 0.0370809 -0.0359776 0.0370817 -0.0372666 -0.0285481 -0.000147995 0.00255125 0.0118431 -8.97623e-05 0.0384133 0.0168305 -3.13034e-05 -0.000709332 -0.0340124 0.000602871 -0.0371515 -4.60664e-05 0.0040689 -0.000628969 0.0329305 1.59545e-05 -0.000379235 -2.43369e-05 7.52843e-06 0.0248531 -0.000364656 -0.000203173 -0.00689376 4.99927e-07 3.30893e-07 0.00178304 9.84253e-09 -8.82332e-05 -7.82241e-05 -4.10635e-05 -6.74063e-05 0.000609786 0.0324823 0.000185731 0.0224842 -1.44873e-07 -0.000946498 -3.39207e-05 0.00127251 -0.0371854 -2.91167e-05 0.0143871 1.32367e-05 0.018408 -0.03637 -0.000165542 -7.36655e-05 -4.27625e-07 1.53588e-06 0.0218845 -2.55477e-05 -0.0371612 -0.0236884 -0.0257686 -0.000543909 -0.000112733 -0.000273539 -0.0369911 -1.86131e-05 1.71675e-05 6.78481e-07 -0.00149624 0.0373951 0.00252234 3.16217e-05 -0.0372275 0.00207638 -5.07522e-05 1.30337e-06 0.0373649 2.34789e-05 -7.9888e-05 0.0159255 0.0104367 8.87801e-05 0.00636529 0.000874246 -7.14302e-05 -0.0372826 0.00970245 0.000408473 0.0370955 
1.32053e-07 -4.14829e-05 0.00710894 -0.0213578 -0.0172241 -0.0205095 -9.22461e-07 -3.87953e-07 0.0101437 0.00270414 1.40517e-05 0.019782 3.28452e-05 0.0237768 -0.0226513 0.0234116 -0.0236841 -0.0177155 -0.00027795 0.000118731 0.00907731 -8.46947e-05 0.0168305 0.0275371 -2.51187e-05 -0.000641791 -0.0235529 0.00270342 -0.0236084 4.37777e-05 0.00300398 -0.000376739 0.0154175 1.15508e-05 -0.000260361 -1.98015e-05 -5.01273e-07 0.0129204 -0.000291216 -0.000170056 -0.00465955 -1.90704e-06 1.93697e-07 0.00153812 -4.73282e-08 -4.81383e-05 -5.49747e-05 -3.66403e-05 -3.86245e-05 0.000283122 0.0222365 0.00114765 0.0127643 5.63926e-07 -0.00067486 -3.54132e-05 0.0040365 -0.0236757 -3.46547e-05 0.00407073 7.15525e-06 0.0124036 -0.0230695 -0.000113096 6.70312e-05 1.68005e-06 -4.30491e-06 0.00907758 -1.78811e-05 -0.023608 -0.0138785 -0.0158148 -0.000354756 3.46532e-05 -0.000194135 -0.0235693 -1.32134e-05 1.5279e-05 3.57764e-07 -0.000791318 0.0237336 0.000248178 0.000120495 -0.0236836 0.00262797 -3.62239e-05 -5.02218e-07 0.0237815 -0.000303867 -9.55054e-06 0.00581471 0.0109465 0.000444253 0.0063359 0.000456529 -4.44699e-05 -0.0237227 0.00980368 0.000592432 0.0237555 
1.49196e-06 -1.16868e-06 -1.38684e-05 -0.000634934 -0.000335704 -0.000557778 1.03387e-06 0.000695845 2.1221e-05 -5.71294e-06 7.50598e-06 -5.15062e-05 -6.3301e-07 -1.95819e-05 -0.000702167 -5.60771e-05 -0.000633113 -0.000640456 -7.98004e-06 0.000205422 -1.03536e-05 0.00071783 -3.13034e-05 -2.51187e-05 0.000923229 0.000687836 -0.00065481 4.85823e-05 -0.000695198 -1.08001e-06 -1.56339e-06 -1.40259e-05 -4.01541e-05 -8.86652e-07 -7.23191e-06 9.80243e-05 -3.22135e-08 -2.24719e-05 0.000638751 0.000746273 -5.53326e-06 -4.10229e-08 -2.59667e-09 -1.02099e-05 -1.54322e-09 3.45514e-06 -9.39314e-07 0.000733656 0.000761197 -4.46818e-06 -5.03577e-05 3.9103e-07 -4.28577e-05 -4.6543e-09 0.000601816 0.000734892 -6.13155e-06 -0.000689099 4.4614e-06 -3.00727e-05 6.83035e-07 -5.39892e-05 -0.000688459 -3.2878e-06 7.54318e-06 1.98936e-08 3.45181e-07 -6.1893e-05 -5.94457e-07 -0.000719812 -0.000523559 0.000190975 -1.10468e-05 0.000736453 2.87349e-06 -0.000676816 1.29152e-07 -2.89788e-08 7.66996e-07 -2.96652e-05 -3.91069e-05 -2.66805e-06 -4.78386e-07 -0.000680029 -3.39347e-06 7.35867e-06 4.34518e-06 -5.4089e-05 0.000701756 -5.88438e-07 -3.23719e-05 -1.46576e-05 -7.28247e-08 -1.33638e-05 0.00034081 2.47164e-06 5.54716e-05 -1.30217e-05 -1.42813e-06 -5.58622e-05 
0.000763973 0.000809746 -0.000374084 6.95143e-05 -0.01189 -0.0295632 3.29705e-05 0.00199524 0.000198979 -0.000308018 -5.08847e-06 0.00236479 0.000462633 0.0006009 -0.0166562 0.00104199 -0.00478729 -0.0282279 0.00233999 0.00233231 -0.000792614 0.00338484 -0.000709332 -0.000641791 0.000687836 0.0537492 -0.00538211 0.00215898 -0.0053807 -4.15589e-05 -0.00010857 0.00266699 4.75163e-05 9.50687e-05 0.00100787 0.000659316 2.36897e-05 -0.000238399 0.0022523 0.0036339 -0.00555963 -8.99528e-07 2.1065e-06 -0.000186319 9.34813e-07 0.0023102 0.00190128 0.00134097 0.00130331 0.00178458 0.00126551 -7.82991e-05 0.000923514 2.03292e-06 0.00160726 0.00142931 0.000464752 -0.00475881 0.0011259 0.00233227 7.25904e-06 0.00478595 -0.00414076 0.00138942 0.0020474 1.32663e-06 7.55262e-06 0.0130443 -3.19497e-05 -0.00465198 -0.0266158 0.00998177 0.00021085 0.00136743 -9.07752e-05 -0.00594402 -1.24083e-05 -1.5697e-06 1.53505e-05 -0.0018968 0.00133351 0.000173743 6.93029e-05 -0.00494397 0.000388959 -3.6226e-05 2.89147e-05 0.00119906 0.00172774 0.00197848 0.0244004 0.000741349 -2.71545e-05 0.000364087 0.000184689 -0.000105912 -0.00305418 -0.000512265 5.38856e-05 0.00107939 
-0.000812021 -0.000893589 -0.0130346 0.0428593 0.0359577 0.0454824 -3.29142e-05 -0.00166649 -0.0156539 -0.00517159 -4.78365e-05 -0.043484 -0.00228318 -0.0500728 0.0509487 -0.0500572 0.0539787 0.0417286 -0.00204979 -0.00501627 -0.0121284 -0.00342816 -0.0340124 -0.0235529 -0.00065481 -0.00538211 0.0550692 -0.00516731 0.053953 5.82306e-06 -0.00418604 -0.00118731 -0.0380768 -0.000734465 0.000459121 -0.000628023 -3.2821e-05 -0.0278883 -0.00128766 -0.00339908 0.00995864 -2.54988e-06 -2.38564e-06 -0.00361762 -8.55655e-07 -0.00216011 -0.00195597 -0.00130693 -0.0012026 -0.00104012 -0.0456144 -0.00447575 -0.034955 -3.51874e-06 -0.00169983 -0.00138743 -0.0060024 0.0540387 -0.00116431 -0.0229738 -2.16342e-05 -0.0317907 0.0499028 0.000195837 -0.00223956 -4.12698e-06 2.19555e-06 -0.0314359 2.63031e-05 0.0538589 0.0333816 0.0357856 0.000764552 -0.00145457 0.000237315 0.0538133 2.05907e-05 -2.73148e-05 -1.54421e-05 0.00197015 -0.0504875 -0.00268103 -0.00022954 0.054035 -0.00420381 7.19112e-05 -3.19172e-05 -0.0505912 -0.00115903 -0.00220731 -0.021599 -0.0192742 -0.00107608 -0.0145158 -0.00120097 -1.43744e-05 0.0526029 -0.0122197 -0.000831876 -0.0502079 
0.00068631 0.000927026 0.000130528 -0.00233346 -0.00344665 -0.00438007 2.17689e-07 9.82172e-05 3.82605e-06 0.000270741 4.67096e-05 0.00130646 3.1928e-05 0.00299077 -0.00390944 0.00278985 -0.00516723 -0.00403645 0.00187248 0.00203044 0.00038116 0.00214726 0.000602871 0.00270342 4.85823e-05 0.00215898 -0.00516731 0.005668 -0.00514789 -3.88904e-06 0.000393674 0.00167377 5.92114e-05 2.27618e-05 -4.49355e-05 7.73488e-05 3.61128e-06 0.000139195 0.000497574 0.00213348 -0.000952089 1.62999e-07 2.25065e-06 0.000162161 9.43814e-07 0.00189155 0.00191291 0.000190444 0.000173634 -5.04377e-05 0.00288231 0.0002758 0.00277413 1.34622e-07 0.00151825 0.000228895 0.00203085 -0.00518626 0.00110056 0.000118086 6.54755e-06 0.00275352 -0.00489139 8.68844e-08 0.00211766 1.81432e-06 7.61403e-07 0.00168191 4.04291e-06 -0.00508117 -0.00266045 -0.00344471 -5.06252e-05 0.000189507 -1.98074e-05 -0.00515246 3.55552e-06 4.06727e-08 5.64467e-06 -0.000199177 0.00312202 4.74846e-05 1.18889e-05 -0.00514286 0.000393024 -5.30516e-06 5.55784e-07 0.00301149 3.94185e-05 0.00197489 0.0012925 0.00252583 8.75464e-05 0.00114879 4.65833e-07 1.72144e-05 -0.00495737 0.000767217 5.85935e-05 0.00300795 
-0.000801666 -0.0010641 -0.0134837 0.0491947 0.042887 0.0540127 -3.18831e-05 -0.00198336 -0.0154351 -0.00536311 -0.000237558 -0.0514383 -0.00230094 -0.0587138 0.0597987 -0.0583676 0.062572 0.0496655 -0.00196476 -0.004964 -0.0119312 -0.00343701 -0.0371515 -0.0236084 -0.000695198 -0.0053807 0.053953 -0.00514789 0.0660502 -0.000208599 -0.00414273 -0.00184946 -0.046611 -0.000818938 0.000198895 -0.000571002 -3.23812e-05 -0.0277114 -0.00107596 -0.00369608 0.0116032 -1.77446e-05 -2.35019e-06 -0.0034366 -9.24586e-07 -0.00207664 -0.00192974 -0.00130386 -0.00135231 -0.00122809 -0.0536047 -0.0048868 -0.0434125 -3.72853e-06 -0.00320261 -0.0013732 -0.00616054 0.0629143 -0.00114677 -0.0313128 -2.15982e-05 -0.0410101 0.0541373 -0.000566701 -0.00221107 -4.24233e-06 -1.49855e-05 -0.040575 -4.73144e-05 0.0627456 0.0393346 0.0411283 0.000832534 -0.0014188 0.000356908 0.0634894 7.78285e-06 -2.70803e-05 -1.96353e-05 0.00224768 -0.0589637 -0.00267884 -0.000232079 0.0624424 -0.00415753 7.73269e-05 -3.16074e-05 -0.0591106 -0.000867964 -0.0022211 -0.0307966 -0.0192115 -0.00106678 -0.0144127 -0.00161504 -0.000299293 0.0612547 -0.0131229 -0.000821152 -0.0587075 
-8.65988e-07 0.000731442 0.00069462 -6.3911e-05 -0.000653457 -0.000729671 -4.14785e-08 -2.78801e-06 -1.97884e-05 0.000542518 0.000588457 -8.82009e-05 1.73078e-06 0.000381196 -0.000717438 -3.52045e-06 1.45798e-05 -0.00073936 -1.09055e-05 -2.68667e-06 -2.10104e-05 3.86467e-06 -4.60664e-05 4.37777e-05 -1.08001e-06 -4.15589e-05 5.82306e-06 -3.88904e-06 -0.000208599 0.00116737 -5.09507e-06 0.000544809 -4.94847e-05 4.92656e-05 7.45751e-05 -8.25128e-07 -4.07422e-08 -3.48674e-05 -1.07012e-05 1.13305e-06 3.78475e-05 2.72553e-05 -3.28415e-09 -1.04263e-05 8.80482e-08 -3.00156e-06 -1.61167e-06 -1.62087e-06 8.20576e-05 5.79361e-05 -3.21003e-06 5.13829e-05 5.60495e-06 -5.88654e-09 7.45085e-05 7.2709e-06 -6.94823e-06 -0.000720706 -1.4822e-06 -2.64464e-05 -2.98885e-08 -6.28864e-06 4.75672e-06 3.90229e-05 -1.21082e-06 1.50551e-07 3.14384e-07 -7.19185e-05 0.000332098 -0.00043045 -0.000571326 -0.000395512 -1.38589e-05 -1.6676e-06 1.52089e-05 -0.000814994 -5.18249e-07 2.3858e-06 -7.63511e-08 -4.06513e-05 -6.76909e-05 2.44891e-06 -3.78373e-07 -0.000692724 -5.00321e-06 8.60942e-05 -3.98189e-08 -1.38645e-05 -1.49961e-05 2.13551e-05 0.000719843 -1.26396e-05 5.49516e-05 4.08996e-05 0.000736863 0.00066081 -0.000702199 0.000143004 5.42071e-05 -1.41752e-05 
7.41316e-06 -7.38696e-06 0.00252326 -0.00345337 -0.00279302 -0.0034771 -1.41695e-07 1.45331e-06 0.00312349 0.000188907 -5.44003e-06 0.00366243 -4.66464e-06 0.00411093 -0.00395621 0.0039988 -0.00415635 -0.00318641 -2.83207e-05 0.00106237 0.00349595 3.66057e-05 0.0040689 0.00300398 -1.56339e-06 -0.00010857 -0.00418604 0.000393674 -0.00414273 -5.09507e-06 0.00444223 -6.09441e-05 0.00332003 -4.9557e-06 -4.46226e-05 4.16973e-06 -1.1555e-07 0.00349574 -3.0771e-05 1.36306e-05 -0.000796145 -3.10758e-07 1.57461e-07 0.000119402 -7.45177e-09 4.66423e-07 1.6794e-06 1.90914e-05 2.87273e-06 3.86049e-05 0.0039604 8.8371e-06 0.000988605 -2.24743e-08 -9.2785e-05 1.20318e-05 2.14024e-05 -0.00414846 -3.48931e-07 -5.13587e-05 1.05589e-06 0.000444747 -0.00416326 -1.87331e-05 2.56266e-05 -1.54676e-08 -1.11378e-06 -0.000239828 -2.87046e-06 -0.00414341 -0.00265156 -0.0028921 -6.03986e-05 1.2783e-05 -3.15147e-05 -0.00409469 -2.08044e-06 4.33974e-07 -2.57562e-07 -0.000166332 0.00415714 0.000159793 2.10668e-06 -0.00415176 0.000480862 -5.60648e-06 -8.20251e-08 0.0041183 -4.03065e-05 5.67388e-06 -0.000430344 0.00105467 4.48418e-05 0.000550734 -6.36624e-07 -7.89181e-06 -0.0041307 0.000624262 3.43573e-05 0.00413387 
0.000769936 0.00134775 0.000319522 0.00269557 -0.0034415 -0.0108247 -3.95277e-07 -4.33052e-05 -0.000290588 0.000295807 0.000494219 -0.00109982 -2.53823e-05 -0.0007869 -9.29291e-05 -0.00101787 -0.000888306 -0.00438128 0.00190474 0.00202006 -0.000237158 0.00203459 -0.000628969 -0.000376739 -1.40259e-05 0.00266699 -0.00118731 0.00167377 -0.00184946 0.000544809 -6.09441e-05 0.0161285 -0.000835356 5.42618e-05 -5.9987e-05 -1.08399e-05 2.56917e-05 -0.00048622 0.000300682 0.00222085 -0.00170999 1.38214e-05 1.03726e-06 -0.000198327 1.01595e-06 0.00180555 0.0018567 -2.13557e-05 3.62191e-05 4.36829e-05 -0.000946768 -8.36488e-05 -0.00076619 -6.92549e-08 0.00253985 -1.76749e-05 -9.9588e-05 -0.00169581 0.0010028 -0.000537926 3.78066e-06 -0.000949001 -0.000999419 0.00015312 0.00181096 1.444e-06 2.03084e-05 -0.000677349 0.000234908 -0.00149011 -0.00408967 0.000288226 -0.000182304 -5.6835e-05 5.23137e-05 -0.00193723 -3.76851e-06 -3.56696e-07 3.90869e-06 0.000786778 -0.00104056 0.000141817 8.02129e-06 -0.0016692 -5.7955e-05 1.14897e-05 -4.65326e-07 -0.00104958 -0.000179827 0.00189813 0.00261538 -0.000250524 -1.26318e-05 1.83493e-05 0.00060844 0.000481777 -0.00137667 -0.000146305 -1.43847e-05 -0.00103612 
-2.35695e-05 -8.71967e-05 0.0123971 -0.039159 -0.0319121 -0.0397592 -1.80804e-06 0.000626313 0.0156446 0.000609033 -6.37375e-05 0.0454177 0.000682445 0.046633 -0.0457565 0.0466765 -0.0468132 -0.03622 -0.000351541 0.00238941 0.0103538 -0.000184863 0.0329305 0.0154175 -4.01541e-05 4.75163e-05 -0.0380768 5.92114e-05 -0.046611 -4.94847e-05 0.00332003 -0.000835356 0.0483496 1.3429e-05 -0.000440393 2.76395e-05 -1.16261e-06 0.0265323 -0.000524623 -0.000269239 -0.00861619 -1.13132e-06 1.30178e-07 0.00125148 -8.50782e-08 4.28063e-05 -0.000105853 -6.46781e-05 -9.18524e-05 0.00104615 0.0421776 0.00267137 0.0329782 2.00734e-08 -0.00123982 -4.76113e-05 0.00225215 -0.0466687 -6.44124e-05 0.0252299 1.28605e-05 0.028883 -0.0395846 -0.000201703 -9.61461e-05 -5.57169e-07 -7.78266e-07 0.0346531 -2.99226e-05 -0.0466937 -0.0301147 -0.0319736 -0.000693687 -0.000122782 -0.000359695 -0.0464917 -2.34961e-05 1.3762e-05 -6.93433e-07 -0.00187321 0.0469537 0.00236589 0.000141196 -0.0465555 0.00199736 -5.61111e-05 2.2043e-06 0.0469503 0.000254709 -0.000121096 0.0260626 0.00804262 0.000698066 0.0060357 0.000858495 -1.51436e-05 -0.0468416 0.00913986 0.00038284 0.0467061 
