0.206553 -0.16009 -0.00850342 -0.0669602 -0.0785935 -0.0937634 -0.00362878 0.00533586 -0.00145252 -0.0687784 -0.000867271 0.14565 -0.0813379 0.16623 -0.0206897 -0.00480275 -0.0155652 0.00047902 -0.000184212 0.0845008 -0.104128 -0.158439 -0.0604758 -0.134005 -0.0209762 0.00102192 -0.0236886 0.143251 -0.00690435 -0.000522505 -0.000272351 -0.00607462 -0.0752691 0.0801493 0.170961 -0.0678673 -0.000673839 -0.0116018 0.152126 -0.0341719 -4.11616e-05 0.167333 -0.0443694 -0.0304377 -0.146021 0.00019125 -3.47197e-06 -0.00190542 -0.00224336 -0.000641925 -0.00603304 -7.7139e-05 -0.0335771 0.167693 -0.00317106 -0.0607639 -0.00322971 -0.000410656 -0.0344384 -0.00137165 -0.00422097 -0.00532056 -0.0143247 -0.0186371 -0.002539 0.0862794 -0.0513948 -0.0328532 -0.0630049 -0.0514058 0.160704 -0.0199926 -0.0686263 -0.00101283 -0.00779121 -0.00298205 -0.0143672 -0.00535658 0.000893964 -0.0348057 0.168998 -0.000101481 -3.38597e-05 5.91159e-05 -0.0136031 -0.0574692 0.106031 -0.00342134 -0.000105684 -0.00107675 -0.00379794 -0.061794 -6.18307e-05 -8.50279e-05 -0.00237851 0.161984 -0.000403608 -0.10103 -0.00113627 0.147734 
-0.16009 0.246456 0.0116656 0.0977431 0.113076 0.118301 -0.00106749 -0.0210852 0.00133981 0.0704792 -0.00337164 -0.199618 0.109506 -0.219159 0.0303379 -0.00550054 0.00601413 0.000899284 0.000210684 -0.117395 0.106893 0.199018 0.087772 0.171197 0.0200526 -0.00230376 0.0355847 -0.206501 0.00997499 0.000788485 0.000352977 -0.00224269 0.0717761 -0.0794048 -0.217372 0.0631471 0.000815394 0.01581 -0.18154 0.0464552 -6.54208e-06 -0.210965 0.064659 0.0232365 0.204993 -0.000536115 -2.71632e-05 0.00258908 -0.00358179 -0.000342284 0.00866169 -2.32449e-05 0.0488507 -0.212374 -0.00610433 0.0891149 0.00298921 -0.000674458 0.0490712 0.00125892 0.00526779 0.0071966 0.0226638 0.0281687 0.00243387 -0.120077 0.062592 0.0447432 0.087992 0.0538235 -0.224883 0.029655 0.101406 0.000631211 0.0101965 0.00389507 0.0149018 -0.00989671 -0.000662316 0.0492631 -0.22324 8.44217e-05 -4.86983e-05 -6.05125e-05 0.0188453 0.076219 -0.0969424 0.00463232 -0.000165631 -0.0019594 0.00428344 0.0422106 3.91884e-07 -0.000768046 0.00187603 -0.209701 0.000147294 0.123932 0.00150497 -0.189966 
-0.00850342 0.0116656 0.0343477 0.0116799 0.00547558 -0.00763337 -0.000396088 -0.00129434 5.15028e-05 -0.00772747 -0.000228666 -0.015875 0.00902837 -0.0133981 0.00740836 0.000600607 -0.00215462 -0.000176473 -1.67072e-05 -0.00677006 -0.0169352 0.00121382 0.011315 0.00514337 -0.00240237 1.02196e-05 -0.00173234 -0.00817572 0.0114241 0.000279388 0.000381376 -0.000565175 -0.00894612 -0.00497307 -0.013669 -0.00778435 -7.48421e-05 -0.00124897 -0.00129273 0.00683238 -1.3638e-05 -0.012854 0.00845204 -0.00394363 -0.00250988 2.99919e-05 1.66113e-05 -6.54805e-06 0.00153163 0.0010154 0.0112133 -7.99217e-06 0.0037164 -0.00131929 -0.000490471 0.00985493 -0.000376884 -2.64626e-05 -0.00344474 0.0103921 -0.000438349 -0.000285953 0.0103078 -0.000240661 0.000320065 -0.00738 -0.00576063 0.00971058 0.00149606 0.00812512 -0.0149288 0.00315484 0.00730852 -0.000122517 0.000560864 0.0098915 0.000801818 -0.000119961 0.000101456 -0.0030312 -0.0132183 -6.67882e-06 4.07154e-05 -5.90607e-06 -0.00103331 0.0124397 -0.00360143 -0.000378297 -7.38431e-06 1.66089e-05 -0.00020402 0.00351758 0.000100625 0.00102247 0.000106718 -0.0126845 -3.77606e-05 0.00150237 0.000255299 -0.013407 
-0.0669602 0.0977431 0.0116799 0.17859 0.0859273 0.0429465 -0.00258373 -0.0100108 0.00213261 -0.024047 -0.00149757 -0.106707 0.126554 -0.0923124 -0.00702864 -0.0142838 -0.0135682 -0.00370012 -0.000144127 -0.0498822 0.0247309 0.10085 0.128522 0.0827372 -0.00818017 -0.000782848 -0.00426509 -0.112214 -0.000401033 0.00124196 -7.07416e-05 -0.00513132 0.0204721 -0.0330428 -0.0906475 -0.00375792 -0.000471491 -0.00708487 -0.100276 -0.0219039 -1.72274e-05 -0.0945303 -0.0178518 -0.0180229 0.0900039 -0.000210583 -1.13198e-05 0.00472025 -0.00454651 0.000513784 -0.000745272 -4.41801e-05 0.076128 -0.0939232 -0.00356619 0.0725869 -0.00204765 -0.000300738 -0.00333181 -0.00301276 0.00252009 -0.00371012 -0.00632243 -0.00166319 -0.00166082 -0.0499713 -0.0316974 -0.0206736 -0.0143104 0.0632145 -0.099371 0.0484 0.0834335 0.000698186 0.0034514 -0.00203122 -0.00670749 -0.00344331 -0.000367452 0.00650982 -0.0934636 -6.1928e-05 3.31237e-05 -5.5207e-05 -0.00632845 0.127581 -0.04296 -0.00219452 -0.000121817 -0.00084526 0.00103111 0.0384699 3.65823e-05 -0.000323827 -0.00341764 -0.0940755 -0.000163218 0.0835297 0.000511413 -0.0984431 
-0.0785935 0.113076 0.00547558 0.0859273 0.203747 0.0537865 -0.00125621 -0.0111849 -0.00062981 -0.00795501 -0.00152085 -0.114358 0.0626812 -0.106913 0.0258155 -0.0185037 -0.00964181 0.00366356 -0.000139308 -0.0502573 0.0474347 0.0958064 0.0532678 0.0717855 -0.000803281 -0.00113935 0.0387116 -0.109928 0.00206341 0.000291661 2.90079e-06 -0.00103108 0.0145792 -0.0397702 -0.103958 0.00771471 -0.000429526 0.0195064 -0.079081 -0.00840165 0.000136933 -0.0912227 0.0191809 -0.00927998 0.114194 -0.000361718 -1.38564e-05 0.00430579 -0.00360677 8.82304e-05 -0.00149887 -5.30234e-06 0.0416317 -0.104781 -0.00358334 0.0924604 -0.00252533 -0.000365505 0.00659235 -0.00302227 0.0106071 0.000622987 -0.0078465 0.0430161 -0.000243964 -0.060054 -0.00499973 -0.00380917 -0.0227462 -0.00294638 -0.112904 0.0367408 0.049783 -0.000836102 0.011144 -0.00309807 0.00650032 -0.0052458 -0.000181521 0.0749651 -0.107471 -9.41092e-05 -2.43139e-05 -6.91966e-05 0.0286443 0.0505454 -0.0529303 -0.00322912 -6.18908e-05 -0.00107101 -0.00290532 -0.0141523 0.000140535 -0.000577924 -0.00476266 -0.100967 -0.000357116 0.0545358 0.00235594 -0.0741828 
-0.0937634 0.118301 -0.00763337 0.0429465 0.0537865 0.219174 0.00350303 -0.0103556 0.00275968 0.0807598 -0.0021071 -0.10917 0.0915256 -0.124856 -0.0120838 -0.0233423 0.0160365 -2.31901e-05 9.05516e-05 -0.0712689 0.101107 0.142303 0.031839 0.134429 0.0460144 -0.00156096 -0.0058133 -0.106561 -0.00157156 -0.000389466 -1.99062e-05 0.00224221 0.114717 -0.0460329 -0.126416 0.116798 0.00104776 0.00293731 -0.13646 -0.00986188 5.04669e-05 -0.128184 -0.0157566 -0.000741956 0.136427 -0.000399307 -1.53735e-05 -0.000666778 -0.00471562 0.000341285 -0.00631339 0.000175256 0.0094035 -0.131599 0.00292933 0.0079687 0.00506059 -7.04196e-05 0.0209439 -0.00446441 0.00358868 -0.00575175 -0.0148148 0.00217031 -0.00103353 -0.0664623 0.0274785 -0.0137477 0.0357251 0.0293993 -0.116748 0.0145172 0.00757777 0.00133778 0.00672981 -0.00355501 0.00476946 -0.00380982 -0.000509644 0.0347691 -0.125226 0.000221629 -1.63179e-05 2.98677e-05 -0.00449315 0.0227156 -0.0559521 -0.00380541 5.68842e-05 -0.000402625 0.00173303 0.027112 0.000133389 -0.000397082 -0.0054119 -0.133039 0.000123199 0.132618 0.00243846 -0.123471 
-0.00362878 -0.00106749 -0.000396088 -0.00258373 -0.00125621 0.00350303 0.0123858 -0.000537686 2.89825e-05 0.00853248 -7.70935e-05 -0.0024851 -0.00192499 0.00117251 -0.000989469 -0.0054183 -0.000376812 -0.000140447 3.38093e-05 -0.00278568 0.00201301 0.0032053 -0.00258108 0.00452359 0.00288636 0.000352795 -0.00108622 -0.00459047 0.00195562 -2.19038e-05 -1.16923e-05 0.00182887 0.00813345 -0.0017638 -0.00479523 0.00814876 3.30501e-06 -0.000456299 -0.00564137 0.00237841 -4.65002e-06 -0.00317527 -0.00171676 -0.00128673 0.001534 -1.61864e-05 9.66696e-07 -3.72729e-05 -0.000221943 -9.33995e-06 -0.000194148 3.37311e-05 -0.00129845 -0.00489628 0.00365631 -0.00231312 3.79718e-05 0.000910545 -0.000178949 -0.000140595 -0.000188771 -0.000203679 0.0012743 -0.00102012 0.00180286 -0.000320927 0.00230051 0.00452225 0.00659693 -0.0015842 -0.00284153 -0.000605146 -0.0026775 0.000538635 -0.0002853 -0.000129939 0.00181466 -0.00017612 7.14466e-06 -0.000558928 -0.00395316 -2.38699e-06 8.72915e-08 -3.10597e-06 -0.00088819 -0.00254449 -0.00251226 -0.000125111 3.4574e-05 0.002294 0.000384904 -0.00197171 3.67316e-05 -2.39831e-05 0.000189093 -0.00292982 4.05151e-05 0.000105354 -3.78972e-05 -0.00351224 
0.00533586 -0.0210852 -0.00129434 -0.0100108 -0.0111849 -0.0103556 -0.000537686 0.0418596 -0.000211924 -0.0101766 1.52963e-05 0.017077 -0.0122831 0.0186685 -0.00122929 0.009748 -0.000291239 0.00115338 -7.97463e-06 0.0186604 -0.015668 -0.0207207 -0.00912331 -0.019565 -0.00313935 5.52563e-05 -0.00074399 0.0201924 -0.00136873 -7.84777e-05 -3.52558e-05 0.00430243 -0.0111973 -0.0042077 0.0211978 -0.00994792 -8.4065e-05 -0.00146159 0.0205012 -0.00511934 5.99532e-06 0.0199942 -0.00250781 0.00520003 -0.0177661 -7.99456e-06 3.17278e-05 -0.000285823 0.000589003 0.000141165 -0.000978883 -6.30931e-06 -0.00507359 0.0197987 0.000207065 -0.00851771 2.22464e-05 -5.2698e-05 -0.00362395 -0.000243945 -0.000663368 -0.000566151 -0.00244236 0.0018804 -0.000342973 -0.00144476 -0.00436088 -0.00487961 -0.00943824 -0.00766755 0.0205261 -0.00297928 -0.00944103 -0.000153794 -0.00115688 -0.000480218 0.00106087 -0.000423142 -8.81345e-05 -0.00234473 0.0188546 1.99772e-05 1.94729e-05 0.000152567 0.00308618 -0.00861958 -0.00371451 -0.000477465 -1.95253e-05 -0.00014731 -0.000578061 -0.00848905 -1.41697e-05 0.000229542 -9.26915e-05 0.0192373 -5.73244e-05 -0.0148888 -0.000167244 0.0165087 
-0.00145252 0.00133981 5.15028e-05 0.00213261 -0.00062981 0.00275968 2.89825e-05 -0.000211924 0.00530917 0.0019198 -3.33319e-05 -0.00239866 0.00315738 -0.00207222 -0.000151934 -0.00230516 -0.000282849 -0.000108152 -3.53942e-06 -0.00112126 0.00113722 0.00221353 0.000905943 0.00237237 0.000706094 -2.36651e-05 -0.000229557 -0.00211969 -0.000151445 -9.31597e-06 -2.45001e-06 -0.000115476 0.0030287 -0.000751097 -0.00204526 0.00297039 -1.00361e-05 -0.000181075 -0.00224946 -0.000647453 -1.10235e-06 -0.00217005 -0.000619 -0.000624134 0.00178296 -6.31472e-06 -2.5957e-07 -3.50202e-05 -0.00012569 6.58946e-05 -0.000117813 5.99214e-06 -9.39555e-05 -0.0020916 -9.28702e-06 -0.00039867 -5.88548e-05 -1.58119e-06 -0.000503657 -6.99012e-05 -7.8652e-05 -7.21598e-06 -0.000286019 -0.000335319 -3.91351e-05 -0.0010963 2.10359e-05 -0.000617787 0.000683436 0.00269671 -0.00220197 -0.000275969 -0.000986431 0.000376447 -9.83987e-05 -5.80549e-05 -0.00021848 4.33594e-05 -1.08989e-05 -0.000103009 -0.00204739 -1.72027e-06 7.12365e-06 -1.32173e-06 -0.000257809 0.00164853 -0.000953219 -2.89206e-05 -2.75967e-06 -1.80216e-05 3.68014e-05 -0.000329607 -2.05945e-06 4.14393e-05 -5.18549e-05 -0.00212924 -7.5014e-06 0.00328977 1.39569e-06 -0.00225477 
-0.0687784 0.0704792 -0.00772747 -0.024047 -0.00795501 0.0807598 0.00853248 -0.0101766 0.0019198 0.181447 -0.00153465 -0.0497224 0.0251348 -0.0827771 -0.0186803 -0.031376 0.0174609 -0.00630367 0.00035456 -0.0529529 0.0818068 0.103394 -0.0420429 0.113699 0.0433911 -0.00114901 -0.0206199 -0.070098 0.00276792 -0.000329051 -0.000171629 -0.00208224 0.101207 -0.0337335 -0.092775 0.104206 0.000852814 -0.00433132 -0.111154 0.0553321 -5.38435e-05 -0.0938564 0.0190871 0.0394899 0.0826318 -0.000301903 -1.10923e-05 -0.00146662 -0.00392087 0.000424398 -0.00376297 0.000151807 -0.019302 -0.0963066 0.00431472 -0.0452273 0.00165349 0.000439263 0.0458731 -0.00300343 -0.0033581 -0.00389866 0.0139408 -0.01852 0.00545356 -0.044339 0.0801406 0.0570881 0.0992255 0.0153823 -0.0760609 -0.0124085 0.0197232 0.0015609 -0.00413823 -0.00243801 0.000692871 -0.000387542 -0.000445686 0.00879989 -0.0847445 9.71731e-05 -2.24911e-05 -5.82005e-05 -0.0168877 -0.0380108 -0.0426638 -0.00263852 0.000209787 0.00182453 -0.00105908 0.00043139 0.000158125 -0.000126155 -0.00364564 -0.0960516 -0.000127067 0.0637637 0.00248395 -0.0980261 
-0.000867271 -0.00337164 -0.000228666 -0.00149757 -0.00152085 -0.0021071 -7.70935e-05 1.52963e-05 -3.33319e-05 -0.00153465 0.00648188 0.00216368 -0.00182708 0.00263227 -0.000525812 0.00236857 -3.87169e-05 -0.000137806 -4.29638e-06 0.00215793 -0.00159465 -0.00355019 -0.00135404 -0.00277699 -0.000469432 -2.70335e-05 -0.000564896 0.00303887 -0.000167078 -9.86963e-07 -5.38694e-06 -0.000122846 -0.00129088 -0.000805857 0.00350126 -0.000770891 -1.49446e-05 -0.000252828 0.00239747 -0.000764068 9.97994e-07 0.00378858 -0.00110205 0.000751975 -0.00313122 -4.06289e-06 -3.17284e-07 -4.11716e-05 9.47237e-06 -5.83739e-06 -0.000148265 -1.92869e-06 -0.000521584 0.0030079 -8.57695e-05 -0.00137764 -5.329e-05 -6.67089e-06 -0.000765879 -3.47252e-05 -9.95344e-05 -0.000118395 -0.00036952 -0.000530691 -5.70167e-05 0.00227938 -0.00108259 -0.000742307 -0.00138774 -0.0011483 0.00344498 -0.000224106 -0.00153238 -2.19393e-05 -0.000146736 -7.05938e-05 -0.000328213 1.94737e-06 -1.01288e-05 -0.000625996 0.00351271 -2.3513e-06 -6.94891e-07 4.14395e-07 -0.000418596 -0.00129942 1.06285e-05 -7.64471e-05 -1.18625e-06 -1.85675e-05 -8.44694e-05 -0.00064189 -2.24477e-06 -5.32038e-07 -0.000108303 0.00376652 -8.3756e-06 -0.00217148 -2.58211e-05 0.00360911 
0.14565 -0.199618 -0.015875 -0.106707 -0.114358 -0.10917 -0.0024851 0.017077 -0.00239866 -0.0497224 0.00216368 0.248606 -0.12638 0.193783 -0.0368518 -0.0251461 -0.0120332 -0.00386666 -8.24636e-05 0.103844 -0.0806954 -0.172072 -0.0951185 -0.139241 -0.0237762 0.00176648 -0.0402998 0.182796 -0.0138129 -0.000822562 -0.000429355 0.00584663 -0.0816402 0.0722232 0.196423 -0.0751532 -0.000758587 -0.0179555 0.15436 -0.00958171 -8.23691e-05 0.187383 -0.0594927 0.024976 -0.173288 0.000469323 1.21907e-05 -0.00295864 0.00431169 -0.000975352 -0.0105217 -7.49383e-05 -0.0537992 0.188352 0.00571714 -0.0879609 0.00522723 0.000568506 0.00184768 -0.0050044 -0.00701306 -0.0083752 -0.025926 -0.0357058 -0.00367009 0.108202 -0.0230869 -0.0236002 -0.0547546 -0.0702348 0.216439 -0.0312524 -0.0570668 -0.00136661 -0.0115432 -0.00504943 -0.0216004 0.00705304 0.000399437 -0.0565422 0.202621 -4.63328e-05 -6.01343e-05 1.33304e-05 -0.0239322 -0.087053 0.0798237 -0.00538145 3.18945e-06 0.00179348 -0.00106234 -0.0612384 -0.000157575 -0.000374712 -0.00465918 0.18629 0.000339418 -0.139863 -0.00176935 0.166214 
-0.0813379 0.109506 0.00902837 0.126554 0.0626812 0.0915256 -0.00192499 -0.0122831 0.00315738 0.0251348 -0.00182708 -0.12638 0.202452 -0.10853 -0.0195337 0.01234 -0.00605359 -0.00720022 -0.000182546 -0.0622923 0.0461213 0.125323 0.12019 0.112649 0.0197481 -0.00120409 -0.0198703 -0.11478 0.000248347 0.000452515 -0.000241218 -0.00622046 0.0827945 -0.039988 -0.109871 0.0681834 -0.00060268 -0.0104839 -0.131273 -0.032386 -9.31868e-05 -0.115036 -0.0375865 -0.0301112 0.101971 -0.00027781 -1.3711e-05 -0.00137123 -0.00292994 0.000629915 -0.00306072 -3.94082e-05 0.0702655 -0.114096 -0.0041038 0.0363008 -0.00314233 -0.000288203 -0.0281609 -0.00383716 -0.000331394 -0.00483595 -0.0126397 -0.016249 -0.00226125 -0.0605542 -0.037001 -0.0332811 -0.00450319 0.108412 -0.117056 0.0339789 0.0476811 0.00158078 0.0028717 -0.00228355 -0.0116327 -0.00445054 -0.000540826 0.0151904 -0.108974 -7.21117e-05 2.17456e-05 -6.97696e-05 -0.0194818 0.11438 -0.0510812 -0.00278714 -0.000140353 -0.000946212 -0.0011457 0.0698707 9.10237e-05 0.000125309 -0.00415285 -0.114919 -0.000361623 0.147548 0.00245161 -0.121096 
0.16623 -0.219159 -0.0133981 -0.0923124 -0.106913 -0.124856 0.00117251 0.0186685 -0.00207222 -0.0827771 0.00263227 0.193783 -0.10853 0.239561 -0.0301374 0.0164156 -0.0158648 -0.00322696 -0.000247241 0.118425 -0.113261 -0.207359 -0.0829761 -0.177459 -0.027324 0.002228 -0.0345469 0.192343 -0.0094447 -0.000713086 -0.000356535 0.000351078 -0.0849922 0.0841183 0.225199 -0.0763952 -0.000854593 -0.0157919 0.189683 -0.0439428 -9.3602e-05 0.218875 -0.0663717 -0.0230396 -0.201121 0.000553927 -5.57305e-06 -0.00251491 0.00283975 -0.000609255 -0.00887724 -0.000104847 -0.0460462 0.219132 0.00170267 -0.0837894 -0.00323485 0.000261663 -0.0469858 -0.00273398 -0.006069 -0.00601261 -0.0222596 -0.0304321 -0.00250723 0.121154 -0.067243 -0.0413849 -0.0798003 -0.0673052 0.218388 -0.0270611 -0.0937389 -0.000876618 -0.0104508 -0.00431432 -0.0178894 0.00337356 0.000863947 -0.0493915 0.22582 -0.000140717 -3.61957e-05 -6.48676e-08 -0.0197339 -0.0796824 0.10199 -0.00321733 2.99956e-05 0.00114343 -0.00462754 -0.0538778 -9.99263e-05 -0.00083758 -0.000426445 0.220265 -0.000393071 -0.135912 -0.00151878 0.200475 
-0.0206897 0.0303379 0.00740836 -0.00702864 0.0258155 -0.0120838 -0.000989469 -0.00122929 -0.000151934 -0.0186803 -0.000525812 -0.0368518 -0.0195337 -0.0301374 0.0741579 0.00116663 0.00648212 0.00952023 -4.35824e-05 -0.0121715 -0.00026326 -0.00204295 -0.00884058 -0.0352556 -0.00576115 -0.000384157 0.061599 -0.0202025 0.00498198 -0.000143932 3.88818e-05 0.000309134 -0.0207838 -0.0113595 -0.0312593 -0.0193188 0.00023902 0.01387 0.0303835 -0.00267894 -9.85585e-06 -0.0299732 0.0527025 -0.00923313 0.0183204 -1.86215e-05 -3.09606e-06 -0.00046506 0.000773436 0.000204659 0.00469946 -1.89386e-05 -0.00661995 -0.0252154 -0.000758184 0.0464863 -0.000887189 -0.00011456 -0.00898158 0.00637538 0.00113819 0.0155536 0.00494492 0.0468247 -0.000341911 -0.0173474 0.00285236 -0.00142694 -0.00556182 -0.0119304 -0.0346018 -0.00453361 -0.0173695 -0.000219892 -0.000405118 0.00503251 0.017402 -0.00152702 4.8419e-05 0.0415183 -0.0315225 -2.77635e-05 2.52179e-05 -7.40113e-06 0.0463184 -0.0121994 -0.0105384 0.0103892 -4.40303e-05 -0.000296256 -0.000983694 -0.00422026 -3.77702e-06 -7.75842e-06 0.0106228 -0.021198 -0.000104696 -0.0125153 -0.000318688 -0.00857959 
-0.00480275 -0.00550054 0.000600607 -0.0142838 -0.0185037 -0.0233423 -0.0054183 0.009748 -0.00230516 -0.031376 0.00236857 -0.0251461 0.01234 0.0164156 0.00116663 0.247002 0.00777308 -0.00708061 -0.000359991 0.070173 0.0320262 -0.034971 -0.00180889 -0.0394822 -0.00695119 0.000341459 0.00215081 0.0272453 0.00951878 -7.6463e-05 0.000211361 -0.00206223 -0.00525918 -0.0721612 0.0212104 0.0111054 -0.00037793 0.00653509 0.0301265 -0.0228438 -0.000136528 0.0245001 0.00101383 -0.0410266 -0.0431347 2.72301e-05 -1.73476e-05 -0.00328698 0.00486784 0.00071581 0.00932529 -0.000149629 -0.00555415 0.0278093 -0.00792086 -0.00916901 -0.00597545 -0.000627642 -0.0530378 0.00499067 0.000431454 0.0069861 0.00513907 -0.00413422 -0.00284628 -0.0533303 -0.040798 -0.013547 -0.0131476 0.00689858 0.00184446 -0.0201451 -0.0444842 -0.000988575 0.00891462 0.00484882 -0.0103917 -0.00451744 -0.000271594 0.000374585 0.0162785 -2.56432e-05 2.31734e-05 -0.000132799 -0.0122407 -0.0109012 -0.0478903 0.0052052 -0.000134241 -0.00187426 -0.00148276 0.0398178 2.02453e-05 0.000453668 0.00681684 0.0314335 -0.000696172 0.0186671 4.42438e-05 0.042623 
-0.0155652 0.00601413 -0.00215462 -0.0135682 -0.00964181 0.0160365 -0.000376812 -0.000291239 -0.000282849 0.0174609 -3.87169e-05 -0.0120332 -0.00605359 -0.0158648 0.00648212 0.00777308 0.0620314 0.00158717 1.80908e-06 -0.0072622 -0.00284273 0.00145022 -0.00723199 0.00667258 0.0189454 -0.000208479 0.00696751 -0.00413957 -0.000400732 -0.000114735 -4.96815e-05 -0.000388893 0.0189459 -0.0062209 -0.0116104 0.0201083 0.00171817 -0.0016257 -0.00272391 -0.00742507 9.42099e-06 -0.00950765 -0.00711188 -0.00516583 -0.00153179 -2.97102e-05 -2.1513e-06 -0.000305449 0.00224667 0.00023589 -0.00114255 2.51842e-05 -0.00698676 -0.0115392 -0.000106624 -0.00394878 6.12426e-05 -7.07273e-05 0.0014536 -0.000735457 -0.000942587 0.0110056 -0.00330825 -0.00401155 -0.00057003 -0.00346906 -0.00439155 -0.00585263 0.0153875 -0.00165162 -0.0105283 -0.00422219 -0.0154741 -1.54294e-05 0.000774012 -0.000707386 -0.00319798 0.002875 -0.000132786 -0.00267006 -0.0129829 8.29171e-05 3.22709e-06 0.000100876 -0.00309082 -0.013137 -0.00874779 0.00988874 7.28891e-05 -3.14105e-05 -0.000207172 0.0216129 -2.53091e-05 -0.000123471 0.00983006 -1.91058e-05 -4.86021e-05 0.0129993 -0.000174329 -0.00482618 
0.00047902 0.000899284 -0.000176473 -0.00370012 0.00366356 -2.31901e-05 -0.000140447 0.00115338 -0.000108152 -0.00630367 -0.000137806 -0.00386666 -0.00720022 -0.00322696 0.00952023 -0.00708061 0.00158717 0.0262795 4.23502e-05 0.000701312 -0.00930168 -0.00754276 -0.00518888 -0.0108551 -0.00181907 0.000195833 0.0125453 -0.00124546 -0.00034434 -3.41849e-05 -1.85648e-05 0.00144789 -0.00628312 0.00214059 -0.00218072 -0.00603077 0.000186318 -0.00101677 0.0115829 -0.00329014 5.33145e-07 0.00286604 0.0108692 -0.00264094 0.00297832 -3.14542e-05 1.55966e-05 -0.000174832 -0.000534634 3.41217e-05 -0.000510459 -6.48772e-06 -0.00262259 -0.00259503 0.00175984 0.00397191 0.000634903 0.00010165 -0.0021378 0.00032519 -8.62037e-05 0.000707195 0.00248025 0.0151162 0.000152528 -0.00243568 -0.00160618 -0.00297245 -0.00551451 -0.00455689 -0.00172699 -0.00175626 -0.00579995 -3.51812e-05 0.000224846 -0.000182356 0.0020568 3.00883e-05 -3.4951e-05 0.00922711 -0.00241689 -3.45027e-06 2.31359e-06 0.000134665 0.0159964 -0.00433958 0.00178981 -5.31841e-05 -1.03558e-05 0.000105786 7.0164e-05 -0.0042749 4.31851e-06 -9.19521e-06 0.000290719 -0.00304124 2.81524e-05 -0.00486131 -9.68242e-05 -0.000214761 
-0.000184212 0.000210684 -1.67072e-05 -0.000144127 -0.000139308 9.05516e-05 3.38093e-05 -7.97463e-06 -3.53942e-06 0.00035456 -4.29638e-06 -8.24636e-05 -0.000182546 -0.000247241 -4.35824e-05 -0.000359991 1.80908e-06 4.23502e-05 0.000662664 -0.000146906 -4.93674e-05 6.83594e-05 -0.000136 0.000305853 -4.18312e-05 2.68219e-06 -4.54699e-05 -0.00029758 -8.33826e-06 1.06119e-06 -6.57597e-07 2.87812e-05 -7.10125e-05 -9.32206e-05 -0.000256719 -8.96823e-05 2.30759e-06 -2.6365e-05 -0.000264414 0.000466979 -2.58692e-07 -0.000267527 0.000116778 0.000449411 0.000232179 -8.55711e-07 -3.22467e-08 -4.41852e-06 -7.32549e-06 -1.52638e-06 0.000162847 -2.01399e-08 -7.70391e-05 -0.000264338 9.45182e-06 -0.00011419 4.05276e-05 6.19325e-06 0.000490628 -1.60416e-07 -5.97129e-06 -1.08785e-05 0.000134601 -3.39516e-05 0.000196986 -0.000137463 0.000413854 0.000433925 0.000426162 -0.00011613 -0.000223294 -4.38111e-05 0.000360057 -7.68856e-07 -1.77052e-05 -6.37896e-06 -2.76725e-05 -1.21146e-05 3.20896e-06 -7.10283e-05 -0.000265074 6.57695e-07 3.37694e-07 3.20913e-06 -1.872e-05 -0.000130867 -0.000104804 -7.78315e-06 -3.66855e-07 4.34753e-06 8.34128e-06 -0.00011502 2.56284e-07 -1.42451e-06 -5.87718e-06 -0.000265674 1.23378e-05 -0.000190521 -1.0343e-06 -0.00028317 
0.0845008 -0.117395 -0.00677006 -0.0498822 -0.0502573 -0.0712689 -0.00278568 0.0186604 -0.00112126 -0.0529529 0.00215793 0.103844 -0.0622923 0.118425 -0.0121715 0.070173 -0.0072622 0.000701312 -0.000146906 0.173143 -0.0141225 -0.12086 -0.0451752 -0.101299 -0.0160224 0.000768102 -0.0143898 0.106127 -0.00570015 -0.0003919 -0.00021407 -0.00489326 -0.0550906 -0.0149166 0.126947 -0.0503992 -0.000507086 -0.0084359 0.113904 -0.0260034 -4.83978e-05 0.124328 -0.0313987 -0.00962933 -0.108571 0.00058007 -6.0533e-06 -0.00112161 0.00267188 0.000478389 -0.00499211 -5.2987e-05 -0.0252623 0.123597 -0.0028445 -0.0435585 -0.00237061 -0.00031358 -0.0258438 -0.000623913 -0.00303184 -0.00219007 -0.0123256 -0.00927012 -0.00192775 -0.00459592 -0.0394034 -0.0245264 -0.0476772 -0.0404656 0.117172 -0.0143313 -0.0514561 -0.00077669 -0.00597021 -0.00241645 -0.0101568 -0.00294441 0.000318475 -0.0229946 0.121627 -7.92026e-05 -1.28237e-05 -8.37637e-06 -0.00308036 -0.043931 -0.00747784 -0.00199114 -4.68919e-05 -0.000869059 -0.0029635 -0.0352109 -7.65656e-05 -0.000380945 -0.00013704 0.122874 -0.000316415 -0.0786824 -0.00074522 0.108837 
-0.104128 0.106893 -0.0169352 0.0247309 0.0474347 0.101107 0.00201301 -0.015668 0.00113722 0.0818068 -0.00159465 -0.0806954 0.0461213 -0.113261 -0.00026326 0.0320262 -0.00284273 -0.00930168 -4.93674e-05 -0.0141225 0.231512 0.13843 0.013786 0.104706 0.0259879 -0.00223868 0.0112847 -0.0907663 -0.0100677 -0.000449541 -0.00015371 -0.000310377 0.0866322 -0.0898486 -0.116579 0.0839397 0.000290463 0.0132012 -0.1275 0.021905 7.05031e-05 -0.122856 0.0343985 0.0194649 0.13031 -0.00080117 -3.06539e-05 0.00199191 -0.00537179 -0.000267681 -0.0103174 9.91025e-05 0.017187 -0.128432 0.00167298 0.0103751 0.00190024 0.000143207 0.0386605 -0.0084487 0.00504126 -0.00662427 -0.00213148 0.0153445 -0.00141103 -0.111008 0.0594545 0.0174504 0.0404569 0.0171013 -0.104166 0.00806286 0.0302202 0.000996839 0.00128746 -0.00690417 0.0139264 -0.00327091 -0.0010691 0.0374823 -0.111405 0.000112824 -5.17492e-05 -0.000149281 0.00651223 0.0161062 -0.11452 -0.00737147 1.82924e-05 0.000893189 0.00241692 0.0109729 2.27346e-05 0.00032688 -0.0103253 -0.128225 -0.000255567 0.0795219 0.0012021 -0.11396 
-0.158439 0.199018 0.00121382 0.10085 0.0958064 0.142303 0.0032053 -0.0207207 0.00221353 0.103394 -0.00355019 -0.172072 0.125323 -0.207359 -0.00204295 -0.034971 0.00145022 -0.00754276 6.83594e-05 -0.12086 0.13843 0.247636 0.087352 0.196306 0.0323473 -0.00240356 0.00728361 -0.184172 -0.00514498 0.000207684 -1.25613e-05 0.000440297 0.107545 -0.0778096 -0.21377 0.0993846 0.00061326 0.0145427 -0.22462 0.0336652 6.02626e-05 -0.218465 0.0381726 0.0251549 0.209078 -0.000626622 -2.62896e-05 0.00258605 -0.00864666 -0.000108514 -0.00555885 0.000124435 0.0504153 -0.222521 0.00265005 0.0697502 0.00359707 0.000258719 0.0510236 -0.00752635 0.0065022 -0.00907222 0.00641631 0.010937 0.000748741 -0.110354 0.0747489 0.0297143 0.0720775 0.0806341 -0.197475 0.0287273 0.103097 0.00148676 0.0080923 -0.00573929 0.0179569 -0.00251888 -0.00094039 0.0356846 -0.207543 0.000141165 -1.01269e-05 -0.000128889 0.00158182 0.0888902 -0.0994252 -0.00633606 3.51263e-05 0.00119954 0.0055215 0.0562066 7.08492e-05 0.000243479 -0.00902462 -0.22353 0.000389158 0.157405 0.00154889 -0.212462 
-0.0604758 0.087772 0.011315 0.128522 0.0532678 0.031839 -0.00258108 -0.00912331 0.000905943 -0.0420429 -0.00135404 -0.0951185 0.12019 -0.0829761 -0.00884058 -0.00180889 -0.00723199 -0.00518888 -0.000136 -0.0451752 0.013786 0.087352 0.165487 0.0796575 -0.0115848 -0.000718251 -0.0115201 -0.0961563 -0.00212331 0.00121852 -0.000138235 -0.00480146 0.0113118 -0.0296921 -0.0815001 -0.00868372 -0.000461516 -0.00795809 -0.0924039 -0.0240376 -7.95419e-05 -0.0862201 -0.0311403 -0.0165609 0.0724574 -0.00016906 -1.01777e-05 0.00457265 -0.00246849 -0.00013974 -0.00134603 -4.87137e-05 0.07238 -0.0847985 -0.00352274 0.0772594 -0.00178891 -0.000288557 -0.00352115 -0.00288465 -0.00160311 0.00155506 -0.00797733 -0.0153339 -0.00179964 -0.0448411 -0.03392 -0.0250044 -0.00893585 0.0822845 -0.0893965 0.0409381 0.0867161 0.000652862 0.00710026 -0.00145348 -0.0094392 -0.00243082 -0.000361936 -0.0244746 -0.0839758 -5.0041e-05 3.18996e-05 -5.06915e-05 -0.0139408 0.146809 -0.0387024 0.00311055 -0.000114444 -0.0007591 -0.00067973 0.0708486 -6.42743e-05 -0.000370192 0.00205126 -0.0800818 -0.000199474 0.0783465 -0.000708285 -0.0842499 
-0.134005 0.171197 0.00514337 0.0827372 0.0717855 0.134429 0.00452359 -0.019565 0.00237237 0.113699 -0.00277699 -0.139241 0.112649 -0.177459 -0.0352556 -0.0394822 0.00667258 -0.0108551 0.000305853 -0.101299 0.104706 0.196306 0.0796575 0.248501 0.0365133 -0.00207827 -0.0394235 -0.162308 0.00607654 0.000926468 -5.91298e-05 -0.00178145 0.105504 -0.0654766 -0.179674 0.102188 0.000445226 -0.00484535 -0.210074 0.0534917 -0.000141451 -0.176312 -0.00542968 0.0353568 0.16692 -0.000513341 -2.04952e-05 0.00333959 -0.00594906 -1.71903e-05 0.000888219 0.000103164 0.0355226 -0.182426 0.000997092 0.0321042 0.0044633 -2.75933e-05 0.0605159 -0.00541269 -0.0044753 -0.00811233 0.0147195 -0.0331672 0.00403929 -0.0934046 0.0651499 0.0447868 0.0970893 0.0629406 -0.167703 0.0329722 0.114503 0.000410841 0.0104694 -0.00302277 -0.00640927 -0.00215496 -0.000596574 -0.00388631 -0.178628 0.000126804 -5.98879e-05 -0.00010916 -0.0316435 0.078576 -0.0834909 -0.00525583 4.53317e-07 -6.20422e-05 0.00626834 0.0455033 6.09736e-05 -0.000217806 -0.00758951 -0.181942 0.000601246 0.129799 0.0018685 -0.176086 
-0.0209762 0.0200526 -0.00240237 -0.00818017 -0.000803281 0.0460144 0.00288636 -0.00313935 0.000706094 0.0433911 -0.000469432 -0.0237762 0.0197481 -0.027324 -0.00576115 -0.00695119 0.0189454 -0.00181907 -4.18312e-05 -0.0160224 0.0259879 0.0323473 -0.0115848 0.0365133 0.0667873 -0.00034765 -0.00632042 -0.0247825 0.000942851 -0.000105168 7.95844e-05 -0.00159446 0.0483183 -0.0102135 -0.0280454 0.0524534 0.00111848 5.16544e-05 -0.0338143 -0.00515193 -2.40925e-05 -0.0296898 -0.0110263 -0.00810961 0.0265298 -9.27402e-05 -3.49973e-06 -0.000237534 -0.00141714 0.000308161 -0.00161893 0.00015903 -0.00274141 -0.0291928 -0.000792857 -0.00992307 -0.000559377 2.9466e-05 0.00486123 -0.000995809 -0.000809965 -0.00119639 -0.00371417 -0.00433553 -0.000433438 -0.0144643 -0.00586648 -0.0081695 0.0206305 0.0109242 -0.0272837 -0.000795634 -0.0163973 0.00151529 -0.00146662 -0.000795238 -0.00359507 0.000726557 -9.45281e-05 0.00889159 -0.0267958 0.000146371 -9.98465e-06 -1.54773e-05 -0.00495628 -0.0108454 -0.012791 -0.000844634 0.000140265 6.43341e-05 0.000386539 0.0060103 -2.36511e-05 -0.000129105 -0.00121106 -0.0295277 -2.42587e-05 0.0450891 0.000519632 -0.0306325 
0.00102192 -0.00230376 1.02196e-05 -0.000782848 -0.00113935 -0.00156096 0.000352795 5.52563e-05 -2.36651e-05 -0.00114901 -2.70335e-05 0.00176648 -0.00120409 0.002228 -0.000384157 0.000341459 -0.000208479 0.000195833 2.68219e-06 0.000768102 -0.00223868 -0.00240356 -0.000718251 -0.00207827 -0.00034765 0.00492865 -0.000392066 0.00143543 -8.09202e-05 -8.66002e-06 -2.12873e-06 0.000635574 -0.00110684 -0.000175335 0.0019808 -0.00116084 -1.1566e-05 -0.000196892 0.00156672 -0.000476767 -1.22569e-06 0.00179666 -0.000625453 -0.000517599 -0.00239046 -5.70191e-06 5.40246e-06 -2.78717e-05 0.000101114 7.81676e-06 0.000122268 -1.09989e-06 -0.000455624 0.00196079 0.000560467 -0.000913538 0.000111588 0.000348715 -0.000579224 2.8645e-05 -7.20578e-05 -8.10435e-05 -1.6289e-05 -0.000210825 -1.56646e-05 0.00135344 -0.000753504 -0.00019575 -0.000711145 -0.000654486 0.00218718 -0.000273793 -0.000964524 3.26394e-05 -7.44699e-05 0.000108745 6.32582e-05 0.000164271 -1.96165e-06 -0.000601879 0.00177738 -1.64171e-06 1.01472e-05 1.96809e-07 -0.000231973 -0.000645649 0.00033432 1.60655e-05 3.9497e-06 0.000460967 9.14197e-05 -0.000166232 1.83701e-05 4.47889e-05 0.000426527 0.00228914 2.49374e-05 -0.00158084 -1.8716e-05 0.00123091 
-0.0236886 0.0355847 -0.00173234 -0.00426509 0.0387116 -0.0058133 -0.00108622 -0.00074399 -0.000229557 -0.0206199 -0.000564896 -0.0402998 -0.0198703 -0.0345469 0.061599 0.00215081 0.00696751 0.0125453 -4.54699e-05 -0.0143898 0.0112847 0.00728361 -0.0115201 -0.0394235 -0.00632042 -0.000392066 0.0821315 -0.0287838 -0.00178265 -0.000160887 4.29872e-05 0.000561132 -0.0229171 -0.0127961 -0.0345487 -0.0214786 0.000392501 0.0198221 0.022912 -0.00985302 0.000219185 -0.0313473 0.0604504 -0.00986566 0.0288257 -6.03595e-05 -3.98043e-06 -0.000534764 0.000610245 -4.39214e-05 -0.00091244 -9.63649e-06 -0.00756757 -0.0359097 -0.000256175 0.04974 -0.000967828 -0.000116385 -0.00871104 -0.00109636 0.0101916 0.0155282 0.00017712 0.0617404 -0.000454962 -0.0194019 0.00790972 -0.00613535 -0.00653651 -0.0148219 -0.0377634 -0.00577996 -0.0196827 -0.000243605 -0.000333908 -0.000871292 0.0231993 -0.00169694 -0.0001202 0.0564532 -0.0350501 -2.97729e-05 1.26424e-05 3.96397e-06 0.0520691 -0.0157603 -0.0136717 0.00993588 -4.76612e-05 -0.000309229 -0.000989114 -0.00562309 -2.67086e-05 -0.000166239 0.00948599 -0.0247328 -0.000116786 -0.0112863 -0.000263321 -0.01135 
0.143251 -0.206501 -0.00817572 -0.112214 -0.109928 -0.106561 -0.00459047 0.0201924 -0.00211969 -0.070098 0.00303887 0.182796 -0.11478 0.192343 -0.0202025 0.0272453 -0.00413957 -0.00124546 -0.00029758 0.106127 -0.0907663 -0.184172 -0.0961563 -0.162308 -0.0247825 0.00143543 -0.0287838 0.249999 -0.0055201 -0.000885868 -0.000378753 0.00701254 -0.068629 0.0710985 0.19487 -0.050334 -0.000998319 -0.00870555 0.168664 -0.0405807 -8.02026e-05 0.190882 -0.0449432 -0.0183271 -0.194416 0.000527706 2.04518e-05 -0.00320475 0.00273228 -0.000131101 -0.00477521 -8.50766e-05 -0.0557156 0.19541 0.00399869 -0.0864682 -0.000111038 -0.000496741 -0.0442425 0.00314633 -0.00723993 -0.00483957 -0.0217623 -0.0264711 -0.00430471 0.106612 -0.0567928 -0.0428526 -0.0966917 -0.0540361 0.205774 -0.0340527 -0.10363 -0.00173432 -0.00537499 5.52719e-05 -0.0194088 0.00853241 0.000670198 -0.0400162 0.201077 1.4706e-05 -5.37907e-06 2.09842e-05 -0.0172795 -0.0826005 0.0924755 -0.00431558 8.52196e-05 0.000407649 -0.0047218 -0.0326362 -0.000125019 0.00109787 -0.00225035 0.187203 -0.000294286 -0.11024 -0.00179148 0.183504 
-0.00690435 0.00997499 0.0114241 -0.000401033 0.00206341 -0.00157156 0.00195562 -0.00136873 -0.000151445 0.00276792 -0.000167078 -0.0138129 0.000248347 -0.0094447 0.00498198 0.00951878 -0.000400732 -0.00034434 -8.33826e-06 -0.00570015 -0.0100677 -0.00514498 -0.00212331 0.00607654 0.000942851 -8.09202e-05 -0.00178265 -0.0055201 0.0313931 0.000699948 0.000375827 -0.000407533 0.00189455 -0.00456241 -0.0112793 0.00152775 -4.91931e-05 0.00139364 0.00142784 0.014801 -1.00279e-05 -0.00468947 0.00645242 -0.00356514 -0.00911469 4.81365e-05 -1.57784e-06 -0.000205172 0.000523674 0.000649202 0.0133573 -8.49933e-06 -0.00203154 0.000791315 -0.000476488 -0.00573472 -0.000337002 -2.19041e-05 -0.00297078 0.00788433 -0.00049193 0.000307207 0.0123517 -0.00197084 0.00229342 -0.00670024 -0.00505309 0.0139358 0.0120053 -0.00436328 -0.012517 0.000730466 -0.00241054 -7.52741e-05 0.00113386 0.00804342 -0.00149866 -0.000655107 0.000196491 -0.00249399 -0.0108681 -7.78626e-06 2.8501e-06 -7.71434e-06 -0.00200247 -0.0016655 -0.00479453 0.000227645 1.13363e-05 -0.000112253 -0.000341619 -0.00507633 0.000108286 6.62887e-05 0.000137139 -0.00485039 -1.5758e-05 -0.00335713 0.000713859 -0.00364957 
-0.000522505 0.000788485 0.000279388 0.00124196 0.000291661 -0.000389466 -2.19038e-05 -7.84777e-05 -9.31597e-06 -0.000329051 -9.86963e-07 -0.000822562 0.000452515 -0.000713086 -0.000143932 -7.6463e-05 -0.000114735 -3.41849e-05 1.06119e-06 -0.0003919 -0.000449541 0.000207684 0.00121852 0.000926468 -0.000105168 -8.66002e-06 -0.000160887 -0.000885868 0.000699948 0.00178958 2.05621e-05 -4.19843e-05 -0.000279129 -0.000254576 -0.000698449 -0.00041538 -4.19715e-06 -4.87479e-05 -0.000826258 -3.18903e-05 -6.99409e-07 -0.000724784 -0.000121321 -0.000127148 0.000149161 2.9198e-06 -8.71834e-08 0.000169537 -3.17256e-05 6.84392e-05 0.00026593 -5.50118e-07 0.00129044 -0.000721876 -3.03631e-05 0.000355228 -1.56196e-05 -2.47435e-06 0.000603652 -1.78872e-05 -2.6848e-05 -1.44853e-05 0.000345886 -0.000144841 -7.54658e-06 -0.000369473 -0.000286451 -4.16684e-05 0.000346479 -0.000276579 -0.000772751 0.00133662 0.00129013 -3.58675e-06 0.000214003 -9.48287e-06 -8.90758e-05 -3.59647e-05 -3.3774e-06 -0.000222459 -0.000719729 9.63391e-06 -2.49562e-07 5.79397e-07 -0.000124063 0.00125355 -0.000357202 -6.47946e-06 -9.3851e-07 -6.73478e-06 -2.11698e-05 -0.000399885 -5.46326e-07 -4.25691e-06 -2.11684e-05 -0.000707427 -2.32773e-06 -0.000541174 -6.14847e-06 -0.000742085 
-0.000272351 0.000352977 0.000381376 -7.07416e-05 2.90079e-06 -1.99062e-05 -1.16923e-05 -3.52558e-05 -2.45001e-06 -0.000171629 -5.38694e-06 -0.000429355 -0.000241218 -0.000356535 3.88818e-05 0.000211361 -4.96815e-05 -1.85648e-05 -6.57597e-07 -0.00021407 -0.00015371 -1.25613e-05 -0.000138235 -5.91298e-05 7.95844e-05 -2.12873e-06 4.29872e-05 -0.000378753 0.000375827 2.05621e-05 0.000990713 -1.08606e-05 -0.000138146 -0.000138697 -0.000367164 -5.57379e-05 3.46498e-06 0.000298584 -3.46421e-05 0.000241285 -3.70217e-07 -0.000327293 0.00035273 -9.77432e-05 -0.000186328 -1.02975e-06 -4.82262e-08 5.26194e-06 -2.83105e-06 -3.43929e-07 0.000484853 2.41236e-06 -7.2697e-05 -4.8367e-05 1.17137e-06 0.000193606 3.38963e-05 -6.39201e-07 0.00013402 0.000327287 0.000240392 -1.15155e-06 0.000331929 0.000160412 9.69838e-05 -0.000187068 -0.000129575 0.000302938 0.000283293 -0.000134953 -0.000345992 1.09533e-05 -0.00011977 3.52882e-06 -6.88459e-06 0.000339533 -3.85497e-05 8.06802e-06 4.02834e-07 2.60597e-05 -0.000349187 5.42261e-06 -1.38047e-07 -2.45567e-07 -5.22718e-05 -7.14147e-05 -0.000147913 -3.46663e-07 1.55469e-06 -3.1188e-06 5.41565e-05 -8.8579e-05 1.41227e-06 1.93753e-05 1.81075e-05 -0.000326234 2.81826e-05 -8.71765e-06 1.33686e-05 -0.000382754 
-0.00607462 -0.00224269 -0.000565175 -0.00513132 -0.00103108 0.00224221 0.00182887 0.00430243 -0.000115476 -0.00208224 -0.000122846 0.00584663 -0.00622046 0.000351078 0.000309134 -0.00206223 -0.000388893 0.00144789 2.87812e-05 -0.00489326 -0.000310377 0.000440297 -0.00480146 -0.00178145 -0.00159446 0.000635574 0.000561132 0.00701254 -0.000407533 -4.19843e-05 -1.08606e-05 0.02287 -0.000154762 -0.00300461 -0.00186852 0.00100626 -5.13755e-05 0.00126278 -0.00240438 0.000118177 -4.69404e-07 -0.00192523 0.000610133 0.00353434 0.000293598 -2.81106e-05 2.67212e-05 -0.000130813 0.000662231 -4.71709e-05 -0.000498331 -2.96927e-06 -0.00263808 -0.00141716 0.00677869 -0.00110593 0.00339155 0.000763489 0.00134479 -0.000204519 -0.000165644 -0.000230925 -0.00121283 0.000244201 -0.000201628 0.00504893 0.000288972 -0.00233585 -0.00504176 -0.00426121 0.00571671 -0.00117577 -0.00151742 -5.333e-05 0.00109631 -0.000238895 0.000882003 0.00127194 6.48908e-05 0.00194258 -0.00102828 -3.19607e-07 -6.06588e-07 4.84105e-06 0.000191529 -0.00470556 -0.00305543 -0.000267019 -1.446e-06 0.00223295 0.0018168 -0.00464373 3.40065e-05 9.49372e-05 0.000346951 -0.00122182 0.000186828 -0.00363566 -6.9214e-05 0.00129048 
-0.0752691 0.0717761 -0.00894612 0.0204721 0.0145792 0.114717 0.00813345 -0.0111973 0.0030287 0.101207 -0.00129088 -0.0816402 0.0827945 -0.0849922 -0.0207838 -0.00525918 0.0189459 -0.00628312 -7.10125e-05 -0.0550906 0.0866322 0.107545 0.0113118 0.105504 0.0483183 -0.00110684 -0.0229171 -0.068629 0.00189455 -0.000279129 -0.000138146 -0.000154762 0.193712 -0.0365317 -0.0949695 0.152212 0.00110039 -0.00772721 -0.121471 -0.00600873 -6.15408e-05 -0.0912274 -0.0284806 -0.0198851 0.084034 -0.000298087 -1.24474e-05 -0.00092658 -0.00400653 6.00491e-05 -0.00579018 0.000125449 0.0266656 -0.0990543 0.00684315 -0.0412775 -0.00156258 0.000757706 -0.00649017 -0.00363047 -0.00153894 -0.00458463 -0.00949311 -0.0166815 0.00036962 -0.0450973 0.017397 -0.00403586 0.03672 0.0486359 -0.0833515 0.0149134 -0.0317125 0.00228077 -0.00377481 -0.00288071 -0.00461638 0.00261838 -0.000359533 0.0231685 -0.0881268 6.88299e-05 -2.56188e-05 -5.90126e-05 -0.018516 0.0136431 -0.0466357 -0.00307671 0.000227861 0.00204959 -0.000269851 0.0252644 5.10717e-05 5.90151e-05 -0.00414922 -0.0964685 -1.23127e-05 0.123487 0.0020976 -0.0964946 
0.0801493 -0.0794048 -0.00497307 -0.0330428 -0.0397702 -0.0460329 -0.0017638 -0.0042077 -0.000751097 -0.0337335 -0.000805857 0.0722232 -0.039988 0.0841183 -0.0113595 -0.0721612 -0.0062209 0.00214059 -9.32206e-05 -0.0149166 -0.0898486 -0.0778096 -0.0296921 -0.0654766 -0.0102135 -0.000175335 -0.0127961 0.0710985 -0.00456241 -0.000254576 -0.000138697 -0.00300461 -0.0365317 0.121836 0.0857718 -0.0342597 -0.000331506 -0.0056689 0.0741426 -0.0173194 -1.72341e-05 0.0830946 -0.0240488 -0.0133022 -0.0730458 0.000140568 5.54546e-07 -0.000878764 -0.00139018 -0.000336174 -0.00323548 -4.3026e-05 -0.0164525 0.0835909 -0.00219201 -0.0301052 -0.00141329 -0.000199605 -0.0167675 -0.00133874 -0.00216775 -0.00259073 -0.00809748 -0.010874 -0.00124803 0.0993576 -0.025097 -0.0172519 -0.0306267 -0.0258509 0.0803896 -0.00975636 -0.0334888 -0.000498166 -0.00382159 -0.00157049 -0.00714232 -0.000912382 0.000550645 -0.0177234 0.0832311 -5.11744e-05 -1.10802e-05 4.69109e-05 -0.00447566 -0.0288621 0.097173 -0.00161425 -3.08267e-05 -0.000536097 -0.00189707 -0.0224858 -4.92267e-05 -0.00033717 -0.00190844 0.0810483 -9.79347e-05 -0.0505163 -0.000560802 0.0741228 
