0.000533322 -0.000380086 0.000242355 -0.000155738 -2.44275e-06 9.25827e-05 -4.75362e-06 -5.25202e-05 -2.19362e-05 -4.82243e-07 0.000180697 9.65637e-05 -0.000388979 4.93525e-05 5.15411e-06 7.8201e-06 -1.04835e-05 1.1017e-06 0.000114083 -7.49256e-07 8.07125e-08 0.00010134 -0.000151189 -4.25246e-05 4.48519e-06 -2.90193e-08 -6.00068e-06 -3.78699e-05 1.7434e-05 -1.03559e-05 0.000144591 0.000172917 -4.12367e-07 -8.12203e-07 -2.70786e-05 -9.34317e-09 -0.000425963 -5.01764e-06 1.14012e-05 -0.000108143 -4.17291e-05 -5.46118e-05 -4.45156e-06 -5.20493e-06 -6.12336e-07 -4.51388e-05 4.17332e-05 2.21272e-05 5.05479e-07 -0.000109633 -2.32828e-05 -0.000318906 2.25703e-05 9.30479e-06 -0.000144965 -2.49035e-06 0.000287962 2.77315e-05 -1.09156e-06 1.35896e-05 -3.84449e-07 -3.80317e-05 4.42437e-05 -6.00982e-07 0.000214961 -5.57667e-09 -1.07778e-07 3.11183e-05 -0.000166265 -2.78786e-07 -8.00747e-06 -5.20838e-05 0.000115014 3.87216e-05 5.40348e-08 -0.000409541 -1.85428e-08 -2.25385e-06 0.000125524 -2.76812e-06 -0.000115566 2.09533e-05 8.26477e-08 -1.42784e-05 0.000373484 -4.2066e-07 -2.21465e-07 -9.11276e-08 -0.000423806 6.41015e-07 0.000100008 -4.12638e-08 5.89191e-05 -3.1799e-06 -1.39128e-06 3.136e-05 -1.85991e-06 0.000148027 -6.97962e-05 0.000392777 
-0.000380086 0.201694 -0.00977931 0.078394 -0.00329696 -0.015475 -0.0271706 -0.0138992 -0.0294493 -0.00098561 -0.0335909 -0.00883948 0.105094 0.0256326 -0.0130718 -0.00592505 -0.00414265 -0.016038 0.008134 -0.00137487 -0.000603489 -0.0289527 -0.00193081 -0.0763459 -0.000953349 -0.010029 -0.00875817 -0.0480173 0.08655 0.00547939 -0.0497401 -0.00266246 -0.00426187 -0.00101066 -0.03888 -2.90252e-05 0.0527859 -0.0120735 -0.00753022 -0.0932953 -0.0678704 -0.000829625 -0.0124023 -0.00694809 -0.000544066 -0.0628759 -0.00132108 -0.00353342 -0.000241805 -0.0256186 -0.0316352 0.0811119 -0.00231455 -0.00405603 0.0461856 -0.0031797 -0.0289961 -0.017027 -0.000975147 -0.00411218 -0.000367094 -0.0579786 -0.00995389 -0.000267436 -0.0269941 -0.000315598 -0.000837835 -0.00907449 0.105475 0.000131636 0.0680715 0.013293 -0.0152654 -0.0199001 0.000334136 0.120233 -1.53492e-05 -0.00264757 -0.0172106 -0.00364335 0.0473904 -0.00310494 -6.38738e-05 0.0485984 -0.0636961 -0.000566692 -0.0079497 -0.000111903 0.10901 -0.00445671 -0.00544064 -5.18477e-05 -0.000135949 -0.028261 -0.00179512 -0.0205101 -0.00440137 -0.0607008 0.0308599 -0.0257662 
0.000242355 -0.00977931 0.0164286 -0.00405428 4.87764e-05 3.37172e-05 0.000286577 -0.00159041 -0.000667058 -1.78545e-05 -0.000133169 0.00470257 -0.0107918 0.00116238 -0.000300139 -0.000231413 -0.000229049 -0.00022102 0.00540574 -3.08422e-05 -5.62386e-06 0.00107223 0.00218517 -0.00151224 4.4253e-05 -7.97329e-05 4.82842e-05 -0.000834694 -0.000522757 -0.000244148 0.00893479 0.00660042 -0.000103475 -1.37442e-05 -0.000898688 8.37664e-06 -0.0062524 -0.000154761 0.00175215 -0.00417945 0.00854312 -0.00201677 -0.00013502 -0.000160985 -9.43167e-06 -0.00132865 1.30381e-05 -2.19395e-05 0.000213066 -0.00205712 -0.000567021 -0.00224287 0.000156146 -9.79045e-05 -0.00453041 -0.000198135 0.00217323 0.000861114 -3.32546e-05 -0.000572312 -7.92416e-06 -0.00125881 0.000489253 -1.64207e-05 0.0111216 0.000153791 -4.26582e-06 0.00482405 -0.00943723 -3.04241e-06 0.00123925 -0.0023316 0.00156377 0.00197446 0.000102127 -0.0102518 3.42941e-06 -6.27002e-05 0.00152955 -3.85494e-05 -0.00435015 2.88172e-05 1.3504e-05 0.000475263 0.0129504 0.000134375 -7.91016e-05 -2.85329e-06 -0.012391 -5.20411e-05 -8.84939e-05 -9.12011e-07 2.90992e-05 -0.000743934 -1.85026e-05 0.00032146 -9.25918e-05 -0.00123369 -0.00253401 0.00394923 
-0.000155738 0.078394 -0.00405428 0.209626 -0.00137821 -0.00682173 -0.0101765 -0.0226359 -0.0123213 -0.000389923 -0.0145468 -0.00436428 0.0260115 0.0224699 -0.00689556 -0.00204152 0.00206809 -0.00668276 0.00600257 -0.000288158 -0.000255779 -0.0118583 -0.0339696 -0.0329373 -0.000375995 -0.00453944 -0.00370435 -0.0211965 0.0309165 0.00641597 -0.040351 0.00229954 -0.0017546 -0.000373203 -0.016292 -1.1066e-05 0.0128213 -0.00476355 -0.00382382 -0.0603156 -0.0432997 0.00596359 -0.00489544 -0.0029025 -0.00017347 -0.0267209 -0.000566892 -0.00160414 -9.89241e-05 -0.0101733 -0.0132536 0.0276515 -0.000923779 -0.00163186 -0.0124318 -0.00277787 -0.0120887 -0.00671602 -0.000447864 0.00342499 -0.000186443 -0.0240298 -0.00413706 -0.000277015 -0.0120838 -0.000130789 -0.000190621 -0.00949961 0.056221 7.90737e-05 0.031991 -0.0304205 -0.00585111 -0.00746706 5.53915e-05 0.0529229 -1.03926e-05 -0.00102046 -0.0076488 -0.00123948 -0.00276608 -0.000971038 -2.65392e-05 0.0232471 -0.0274793 -0.000234778 -0.00331121 -5.07004e-05 0.0441017 -0.0018774 -0.00225628 -1.95769e-05 -5.58675e-05 -0.029424 -0.000482118 -0.00799983 -0.0016768 -0.0209553 0.0415595 -0.0104817 
-2.44275e-06 -0.00329696 4.87764e-05 -0.00137821 0.00458781 0.000216519 0.00207246 -0.0004445 -0.000170199 -6.52633e-06 0.00189878 5.20193e-05 -0.00241407 -0.00201315 0.00179902 -2.5366e-05 0.000696122 0.00242277 -0.00251633 0.00100192 0.000566767 0.00097095 -0.00295828 -0.000568873 1.67546e-05 0.0013556 0.00231962 0.00214937 -0.0027694 -0.000104375 -0.000795855 -0.000259715 0.000254116 0.000149748 -0.000174291 1.91746e-06 -0.00324288 -7.07724e-05 -6.12063e-05 -0.00104729 -0.00116859 -0.000339704 -6.66002e-05 0.000306369 -3.96163e-06 -0.000426796 -6.89033e-06 -1.9521e-05 -6.00477e-07 -0.001038 0.00213559 -0.00339203 0.00163618 0.00240965 -0.00122669 6.14587e-05 0.000827368 -0.000100197 0.000642612 -0.000209956 1.11226e-05 -0.000316812 -3.08438e-05 -5.15101e-06 -6.7643e-05 0.000203095 5.19408e-05 0.00131842 0.00088825 -2.40803e-06 -0.00378007 0.00132499 0.00214142 -0.00012451 -3.3774e-06 -0.00374569 4.28984e-06 0.00230539 -3.89051e-05 0.00238654 -0.00158696 6.10744e-05 -4.09007e-07 -0.00417886 0.0039825 0.00054267 -3.5296e-05 -7.87119e-07 -0.00387164 0.00117082 0.00282139 5.21569e-05 2.49139e-06 -0.00037882 1.26821e-06 -8.32864e-05 2.06742e-05 0.0014053 -0.00072787 3.49103e-06 
9.25827e-05 -0.015475 3.37172e-05 -0.00682173 0.000216519 0.0225027 -2.52486e-05 -0.00212811 -0.000724435 -1.29879e-05 0.0167436 -0.000354066 -0.0155912 0.000835585 -0.00024911 -0.000288612 0.00198742 -0.000134175 -0.0120123 0.000220378 4.10765e-05 -0.000545636 -0.00252652 0.0163479 0.000496423 -3.01714e-05 -2.66985e-05 0.00745321 -0.0165019 -0.000519112 -0.00422526 -0.00762504 0.000129463 -1.69021e-05 -7.49475e-05 -9.155e-07 -0.000151391 -0.000359178 -0.000294006 0.0109309 -0.00512657 -0.00260132 0.000147715 -0.000154391 -2.77419e-05 0.0144553 0.000752941 0.00113883 -4.98487e-06 0.0126031 0.000748215 -0.0147881 0.000226913 0.000876864 0.00628989 0.00198121 -0.000615306 -0.000383353 -2.99403e-06 -0.000958308 -1.54348e-05 0.0121976 -0.00027828 1.98857e-06 -0.00103374 -6.45202e-06 6.26731e-05 -0.000219613 -0.0132026 1.49695e-05 -0.0181015 -0.00124052 0.000102782 -0.00064005 -8.80567e-07 -0.0160244 -2.9707e-07 0.000225019 0.0115536 0.000227944 0.00985363 0.00116729 2.51294e-05 -0.00884231 -0.00117938 -1.63645e-05 0.00253849 4.30314e-06 -0.0156291 -3.66311e-06 0.0009859 8.68551e-06 0.000127476 0.0169954 -5.95234e-05 -0.000672059 6.46932e-05 0.0167111 -0.00308856 0.00151131 
-4.75362e-06 -0.0271706 0.000286577 -0.0101765 0.00207246 -2.52486e-05 0.04096 -0.00224834 -0.0010239 -5.9468e-05 -0.00134146 0.000576944 -0.0283297 -0.00226243 0.0010109 0.00446542 0.000780434 0.0026827 -0.00887907 0.0016456 0.000600687 0.00104682 0.00531148 -0.00324427 0.000332802 0.000374373 0.00228221 0.000899963 -0.0142815 -0.000387554 -0.00430304 -0.00224554 -0.00016288 0.000428298 -0.00158324 1.69615e-05 -0.016311 0.00615662 6.08879e-05 0.0155439 0.0224442 0.0213709 0.00448303 1.31748e-05 -5.41778e-05 -0.00129988 -7.1887e-05 0.000267415 -1.07605e-05 -0.00341909 0.00286874 -0.0121055 0.00218311 0.00266157 -0.0118584 -0.000537033 0.0122468 0.0116925 0.000806189 0.00529776 -2.71599e-05 0.00078502 -0.000435302 -3.96774e-05 -0.00107789 7.59986e-05 7.34697e-05 -0.00141836 -0.00233411 -2.20998e-05 -0.00840221 -0.00362337 0.0130606 0.0124141 -6.50083e-05 -0.0175322 -7.53658e-07 0.00322936 -0.00108261 0.00407649 0.00160525 -0.000126196 -3.79728e-06 -4.08778e-05 0.00927526 0.00042563 -0.000183238 -6.48772e-06 -0.0208067 -0.000218177 0.00284539 4.8751e-05 1.24148e-05 -0.00454495 0.00101544 0.00425269 -0.000193345 -0.00353018 -0.00673169 -0.00122347 
-5.25202e-05 -0.0138992 -0.00159041 -0.0226359 -0.0004445 -0.00212811 -0.00224834 0.0895793 0.0253541 0.0010042 -0.00311849 -0.000570734 -0.00455207 -0.0475473 -0.00217642 -0.000110407 -0.000757373 0.00722672 -0.0366217 -0.000209563 1.38826e-05 -0.00398768 0.0146888 0.0244049 -3.27355e-05 -0.00131233 0.00446403 0.0324603 -0.0246369 0.0003219 -0.00480336 -0.0432695 -0.000371881 6.21133e-05 0.0312494 -4.114e-06 0.0084001 -7.56217e-05 -0.00135634 0.0183237 -0.0236185 0.0060068 0.000110297 0.000790775 -6.75044e-05 0.0287172 -0.000171428 0.000728032 -2.81449e-05 0.0476928 0.0168664 -0.0290853 3.66823e-05 -0.000320942 -0.0113191 -0.00071464 -0.00410526 -0.00092503 3.88422e-05 -0.00380683 0.000404461 0.0305964 -0.00135689 2.70123e-05 -0.00357915 -3.43426e-05 -0.000121474 -0.00326135 -0.0243171 1.20623e-05 -0.0320658 -0.0100569 -0.00178221 -0.00218095 0.000173965 -0.0192287 -1.6234e-06 3.97203e-05 0.00261301 -0.000381704 0.0107445 -0.00045201 2.46726e-05 -0.023773 -0.010349 -7.40923e-05 0.00422532 -1.61612e-05 -0.00568996 -0.000597919 -0.000687602 -1.55236e-06 -1.80552e-05 0.0224407 -0.000227637 -0.00290654 -0.000592984 0.016042 -0.00563097 -0.00382309 
-2.19362e-05 -0.0294493 -0.000667058 -0.0123213 -0.000170199 -0.000724435 -0.0010239 0.0253541 0.0396544 0.000610004 -0.00115346 0.00021742 -0.0192507 -0.0359459 -0.000240134 0.000714485 -0.000448243 0.0161265 -0.0220763 -3.52552e-05 -3.38228e-05 -0.00161066 0.00905768 0.0334869 2.77762e-05 -0.000338758 0.00589868 0.0374748 -0.0343751 -0.000952886 0.0122272 -0.0189376 -0.000240793 0.000128071 0.03731 -2.12281e-08 0.00309787 0.000544609 -0.000573261 0.0257897 -0.0103795 -0.00570659 0.000800346 0.00700861 3.10776e-05 0.0349977 -2.08494e-05 0.00180088 -4.49418e-06 0.0263772 0.0237883 -0.029978 -5.96282e-05 -0.000285149 -0.0100155 -0.000440025 -0.00176674 0.000482679 0.000261575 -0.00194149 0.000469421 0.036902 -0.000534294 -4.42651e-05 -0.000598464 1.48446e-05 6.25728e-05 -0.00154253 -0.0307232 -2.1525e-05 -0.0355058 -0.00617532 -0.000579251 -0.000192147 -6.28169e-05 -0.0328224 -9.94117e-07 -0.000169613 0.00262818 0.00016561 -0.0135545 -0.000178735 2.87492e-05 -0.034046 -0.00380231 -2.24311e-06 0.00433091 -2.54426e-06 -0.0174463 -0.000157273 -0.000200295 1.05245e-05 -5.76885e-06 0.0167995 0.000426427 -0.00113081 0.000289924 0.0233792 -0.00654451 -0.00154361 
-4.82243e-07 -0.00098561 -1.78545e-05 -0.000389923 -6.52633e-06 -1.29879e-05 -5.9468e-05 0.0010042 0.000610004 0.00141398 2.00693e-05 7.73213e-05 -0.000184079 -0.00109261 -2.55459e-05 -1.97851e-05 2.26444e-05 7.28245e-06 -0.000739506 -2.87017e-06 5.15136e-06 -5.71283e-05 0.000184464 0.000845297 2.74987e-05 2.4872e-05 0.000247084 0.00120118 -0.0011609 -2.85078e-05 -0.000154619 -0.000563705 -8.7067e-06 4.14737e-07 0.0012135 -6.01744e-08 0.000110947 0.000758899 -1.5503e-05 -0.000220047 -0.000341937 -0.000177627 0.000825018 -1.12085e-05 4.2209e-06 0.000367597 -1.99594e-06 4.67587e-05 2.27021e-07 0.000363151 6.92378e-05 -0.00104011 -9.87379e-07 9.14361e-05 -0.000147454 1.40326e-06 -5.57052e-05 0.000658682 -2.2899e-06 -4.73244e-05 1.13365e-05 0.0012241 -1.96559e-05 -1.22477e-06 -4.68083e-05 -5.85127e-07 3.81286e-06 -5.42342e-05 -0.0010069 -3.97882e-08 -0.00118431 -0.000170959 -3.10053e-05 -2.85044e-05 -2.16895e-06 -0.00112343 -4.92053e-08 -5.40748e-06 0.000607841 -7.33883e-06 -0.000392397 -6.52046e-06 3.27679e-07 -0.00123027 -0.000137224 -1.95976e-08 0.000793441 2.24818e-06 -0.000971396 1.86609e-05 -1.0675e-05 1.57384e-06 -2.67875e-07 0.00117073 -1.49035e-06 -3.30514e-05 -8.92546e-06 0.000219399 -0.000205358 -2.72984e-06 
0.000180697 -0.0335909 -0.000133169 -0.0145468 0.00189878 0.0167436 -0.00134146 -0.00311849 -0.00115346 2.00693e-05 0.0474884 -0.000798947 -0.0270202 0.00437649 0.0119963 -0.000552376 0.00445294 -0.000838549 -0.0251241 3.91286e-05 -1.3181e-07 0.0109209 -0.01803 0.0196212 0.000526637 0.00864851 -0.000457619 0.00970382 -0.0213046 -0.00111768 -0.00828281 0.00180392 0.00313031 -1.9852e-05 0.00371785 -2.01428e-06 -0.012442 -0.000579693 -0.00035335 0.0121361 -0.0124403 -0.00516037 0.000294819 -0.000412043 -3.04223e-05 0.018271 0.00135044 0.00136149 -3.4622e-06 0.0110794 0.00519711 -0.0366108 2.65034e-06 0.00258885 -0.000526051 0.00311997 0.0124123 0.000289606 3.81816e-05 -0.0023724 2.57156e-05 0.0165095 0.000945725 0.000407801 -0.00219626 -1.61183e-05 0.000284868 0.00898236 -0.0135305 -2.23261e-05 -0.027355 0.0111254 0.00277212 -0.00137706 -6.20729e-05 -0.0403998 2.91962e-06 -9.52953e-05 0.0139236 -0.000117545 -0.000804378 0.00370483 3.01908e-05 -0.0209224 0.0152324 -3.90198e-05 0.00421186 8.54004e-06 -0.0391803 0.00446647 0.00342466 5.11783e-06 0.000143883 0.0228622 -0.000113891 0.000181908 0.00190269 0.0418967 -0.00764983 0.0157829 
9.65637e-05 -0.00883948 0.00470257 -0.00436428 5.20193e-05 -0.000354066 0.000576944 -0.000570734 0.00021742 7.73213e-05 -0.000798947 0.0163336 -0.00892426 -0.000240963 -0.000371375 0.00156692 -0.000205576 -0.000176216 0.00372236 -2.96753e-05 -5.59411e-06 0.00051634 0.00252681 0.00053262 5.03406e-06 -0.000251417 0.00116878 0.000560431 -0.00557735 -0.00029681 0.00683961 0.00426504 -3.97561e-05 -1.80547e-05 0.000419896 1.01142e-05 -0.00437445 0.00145004 0.000844983 -0.001818 0.00599964 -0.000568853 0.00173521 -0.00015467 -2.66322e-06 -4.9543e-05 -3.0222e-05 0.000331054 6.12531e-05 -0.00122809 -0.000122819 -0.00344429 5.58797e-05 -8.69668e-05 -0.00250137 -0.000112764 0.000903932 0.00315018 3.56311e-06 0.00161772 -2.9867e-06 0.00138941 -9.89555e-05 -1.63533e-05 0.0065429 0.000155734 3.84866e-05 0.0014369 -0.0108666 -7.61774e-06 -0.00109001 -0.00245905 0.00164536 0.00406696 -1.03229e-06 -0.00844251 3.22949e-06 -5.08085e-05 -0.000226129 -6.0763e-05 -0.00486634 -7.44376e-05 -7.33927e-07 -0.000418629 0.00870753 0.00011043 0.000131478 7.93015e-06 -0.00846005 -5.28038e-05 3.96326e-05 -7.51079e-07 7.05115e-06 -0.000674584 3.34831e-05 0.00187158 -8.94983e-05 -0.000985615 -0.00218268 0.000156189 
-0.000388979 0.105094 -0.0107918 0.0260115 -0.00241407 -0.0155912 -0.0283297 -0.00455207 -0.0192507 -0.000184079 -0.0270202 -0.00892426 0.18008 0.0218969 -0.00394908 -0.00722672 -0.00206467 -0.0149072 0.039676 -0.00137135 -0.000635286 -0.0282779 -0.0072557 -0.0487706 -0.00084019 -0.00210462 -0.00559105 -0.0363541 0.0669875 0.00350075 -0.0233103 0.0322679 -0.000493368 -0.00104298 -0.0267365 -3.11621e-05 0.0511436 -0.00854907 -0.0063293 -0.0784993 -0.0337975 -0.048877 -0.00902206 -0.00722864 -0.000565934 -0.0436086 -0.00140268 -0.00374379 -0.000204678 -0.0432501 -0.0303686 0.0585911 -0.00247608 -0.00237519 0.0250645 -0.000264612 -0.0245048 -0.0138704 -0.00107515 -0.00360503 -0.000488851 -0.0450075 -0.0102257 -0.0004093 -0.0170498 -0.000333191 -0.000774165 -0.00785426 0.0653065 5.45815e-05 0.0571377 0.015898 -0.0165974 -0.0161756 0.000332115 0.0952765 -1.72137e-05 -0.00303298 -0.0161848 -0.00385365 -0.0049783 -0.00218001 -6.5275e-05 0.0303511 -0.0430296 -0.000593454 -0.00462621 -0.000120516 0.0945608 -0.00147938 -0.00372738 -5.08896e-05 -0.00013998 -0.0199643 -0.00195767 -0.0216523 -0.00487181 -0.0436852 0.0316828 -0.0177583 
4.93525e-05 0.0256326 0.00116238 0.0224699 -0.00201315 0.000835585 -0.00226243 -0.0475473 -0.0359459 -0.00109261 0.00437649 -0.000240963 0.0218969 0.0980935 0.000689842 -0.003624 -0.00140237 -0.0186117 0.0588195 -0.00157806 -0.000669881 0.00390932 -0.0184966 -0.0343348 -0.00014369 0.000975124 -0.00986952 -0.0493149 0.0403947 0.00158192 -0.00119596 0.0473502 0.000453746 -0.00118413 -0.0428201 -7.07815e-06 -0.00280267 -0.000211735 0.00145504 -0.0215804 0.0270864 -0.00657008 -0.00102961 -0.00850842 -0.000731929 -0.0404555 -0.000128536 -0.00156724 2.94505e-05 -0.0519417 -0.0318224 0.0321307 -0.00257433 -0.00284325 -0.00771927 0.00121072 0.00457657 0.000297132 -0.00147832 0.00505505 -0.000575566 -0.0437525 0.00103293 -0.000102962 0.0030529 -0.000312578 -0.000433187 0.00321027 0.0308012 -0.000257227 0.0499207 -0.00547677 -0.00195709 0.000717063 -0.000476453 0.0361545 -2.65255e-05 -0.00336211 -0.00244223 -0.0044269 -0.0181591 0.000416617 -4.15299e-05 0.0429587 0.00751078 -0.000698428 -0.00446445 -0.000129659 0.0140823 1.95104e-05 -0.00240228 -6.51512e-05 1.61101e-05 -0.042675 -0.00183932 0.00292338 -0.00159661 -0.0246788 0.0171611 0.00416267 
5.15411e-06 -0.0130718 -0.000300139 -0.00689556 0.00179902 -0.00024911 0.0010109 -0.00217642 -0.000240134 -2.55459e-05 0.0119963 -0.000371375 -0.00394908 0.000689842 0.0226967 8.7276e-05 -0.000156467 -0.000224167 -0.00771085 -4.27781e-05 -1.69558e-05 0.00631469 -0.00953553 -0.00110356 3.44779e-05 0.00359526 -0.000229161 0.00011332 -0.000466592 -0.000536112 -0.00288117 0.00899057 0.00171715 3.54449e-05 0.000127968 -8.50813e-07 -0.00702614 -0.00026665 -0.000216515 0.000803364 -0.00107981 -0.00137016 -0.000270693 -0.000210496 -5.47481e-06 -0.00041931 0.000185212 3.48067e-05 -6.33856e-06 -0.00490856 0.00257917 -0.0107321 -7.09692e-06 -4.88307e-05 -0.00300291 0.000134551 0.0100899 -3.56738e-05 0.000215116 -0.000981032 8.96686e-05 -0.000289466 0.00096588 -6.67389e-06 -0.000994489 -6.80517e-06 4.15925e-05 0.00591793 0.00279938 -9.11013e-06 -0.00633141 0.0119704 0.000614347 -0.0006285 8.01339e-06 -0.0144882 -2.44139e-07 -5.40501e-05 0.000974274 -6.08817e-05 -0.00770991 0.000594577 1.15613e-05 -0.00869641 0.0102472 -1.50182e-05 0.000125035 -3.14827e-06 -0.0125196 0.00431605 0.00113412 1.50311e-06 3.00743e-06 0.0022349 -2.92265e-05 -2.61211e-05 0.00111224 0.0143034 -0.00361289 0.00553196 
7.8201e-06 -0.00592505 -0.000231413 -0.00204152 -2.5366e-05 -0.000288612 0.00446542 -0.000110407 0.000714485 -1.97851e-05 -0.000552376 0.00156692 -0.00722672 -0.003624 8.7276e-05 0.0140154 0.00242982 0.00122728 -0.00636052 0.000213489 -1.16405e-05 -0.000410387 0.000227068 -0.000126285 -1.113e-05 -0.000188951 -0.000168671 0.00160162 -0.00549677 -0.000176186 -0.000697634 -0.00125422 -6.54024e-06 7.35662e-05 0.000649772 6.39136e-07 -0.00162272 0.00232773 -0.000175873 0.00479461 0.00129421 0.00791151 0.00252881 0.000443275 2.25949e-05 0.00305911 -1.19824e-05 -8.85347e-05 -4.87975e-06 0.00160284 0.00362455 -0.00606449 0.000107173 -6.19997e-05 -0.00256578 -0.000157432 -4.83007e-05 0.00283692 0.00018383 0.00212082 7.39998e-06 0.00437139 -0.00014163 9.8564e-05 -0.000368983 8.55325e-06 -1.07339e-05 -0.000454113 -0.00391246 -6.76137e-06 -0.00776823 -0.00140001 0.000370669 0.00333731 -1.83973e-05 -0.00443133 4.80927e-06 6.33114e-05 -0.000290199 0.000934326 0.000975688 -4.72843e-05 -1.26166e-06 -0.00129613 0.000684221 -1.11448e-05 -0.000142245 3.61353e-05 -0.00316963 -8.46465e-05 -7.66882e-05 2.72253e-08 -1.93967e-06 -0.00144897 0.000965919 -0.000352239 0.000128386 0.00114926 -0.0019078 -0.000175505 
-1.04835e-05 -0.00414265 -0.000229049 0.00206809 0.000696122 0.00198742 0.000780434 -0.000757373 -0.000448243 2.26444e-05 0.00445294 -0.000205576 -0.00206467 -0.00140237 -0.000156467 0.00242982 0.0226269 0.00204789 -0.0110848 0.000401636 -9.38806e-06 -0.000808207 -0.0128325 0.000671414 0.000269289 0.00124865 0.00112584 0.00368338 -0.00300327 -0.00050415 -0.00383161 0.00451521 -4.45347e-05 0.000596873 0.00161345 -4.91036e-07 -9.56437e-05 -0.000334848 0.000307167 -0.000516432 -0.00400286 0.000733778 -0.000333479 0.00156224 0.000135117 0.00211404 1.38439e-05 -3.67978e-05 -2.07325e-06 -0.00205996 0.00237346 -0.0138886 0.000785811 0.00418044 8.56226e-05 0.0014467 -0.000573723 -0.000457551 0.00085776 -0.000277692 3.92136e-06 0.00220856 -0.000269192 0.000313762 -0.000885722 3.96271e-05 -9.048e-06 -0.000672331 0.000946424 -6.65225e-07 -0.00421141 -0.000290977 0.000209693 -0.000305784 -3.11136e-05 -0.00716496 1.75817e-05 0.00117937 0.000387326 0.00125679 -0.00700294 7.1796e-05 -8.3219e-07 -0.00775523 0.00584924 7.63662e-05 -2.55267e-05 8.95142e-05 -0.00487836 -0.000131698 0.00227294 5.8521e-06 9.84461e-06 0.00207161 3.78722e-05 -0.000579713 0.000730574 0.0122676 -0.000954102 0.00340481 
1.1017e-06 -0.016038 -0.00022102 -0.00668276 0.00242277 -0.000134175 0.0026827 0.00722672 0.0161265 7.28245e-06 -0.000838549 -0.000176216 -0.0149072 -0.0186117 -0.000224167 0.00122728 0.00204789 0.0219857 -0.0118054 0.0013873 0.00062754 -0.000741659 0.000597588 0.0131166 0.000163958 0.000728366 0.00417039 0.0192145 -0.0178755 -0.0004848 0.0130545 -0.00913936 -9.67042e-05 0.000762546 0.0161413 3.39419e-06 -0.00210567 -0.000319559 0.000271641 0.0105631 -0.00548679 -0.00278517 -0.000249177 0.00743112 6.43978e-05 0.0149265 -1.868e-05 0.000377888 -7.47757e-06 0.00979768 0.01851 -0.0161263 0.00230982 0.00340765 -0.00622746 -0.000264487 -0.000892259 -0.000391697 0.00117338 -0.0010598 0.000325115 0.0152144 -0.000165604 -2.31114e-05 0.000464472 0.000139607 0.000208551 -0.000636832 -0.0124783 -1.17242e-05 -0.0181188 -0.00265884 0.00213621 -8.19003e-05 -3.57314e-05 -0.0180063 1.80509e-06 0.00313619 -0.000525147 0.00366382 -0.0076985 -9.66057e-05 -1.9959e-06 -0.0168095 0.00270868 0.000668996 0.000421371 7.19564e-06 -0.0147089 -4.63769e-05 0.00327515 5.35841e-05 -1.42828e-06 -0.00230246 0.000581599 -0.000376336 0.000290799 0.0062544 -0.00352378 0.000139143 
0.000114083 0.008134 0.00540574 0.00600257 -0.00251633 -0.0120123 -0.00887907 -0.0366217 -0.0220763 -0.000739506 -0.0251241 0.00372236 0.039676 0.0588195 -0.00771085 -0.00636052 -0.0110848 -0.0118054 0.247687 -0.00109075 -0.0004237 0.00519344 -0.00933869 -0.022413 -0.000201816 -0.00694439 -0.00586468 -0.0390798 0.0333552 -0.00920363 0.0570585 0.093605 -0.00305242 -0.00073185 -0.0301545 6.2911e-06 -0.0159797 -0.000508374 0.00469217 0.00439859 0.0855216 -0.0498634 -0.000787578 -0.00527631 -0.000541392 -0.0390627 -0.00103406 -0.00167378 0.000131965 -0.0751752 -0.0239707 0.0762049 -0.00179938 -0.00376667 -0.0521477 -0.000438486 0.000353241 0.000976842 -0.00110139 0.00840817 -0.000393998 -0.0416114 0.00420959 -0.000611527 0.0189821 -0.000163273 -0.000539315 -0.00908203 -0.015904 -0.0002433 0.0591369 -0.0623052 0.000124962 0.00567796 -0.00074736 0.0396778 -1.83997e-05 -0.00225989 -0.0119189 -0.00279388 -0.139524 -0.00216353 -2.07347e-05 0.046129 0.0114443 -0.000430442 -0.00597174 -9.05153e-05 0.0179757 -0.00319376 -0.00361694 -4.15742e-05 -7.73787e-05 -0.0562051 -0.000991191 0.0119984 -0.00180835 -0.057027 0.0131934 -0.00170548 
-7.49256e-07 -0.00137487 -3.08422e-05 -0.000288158 0.00100192 0.000220378 0.0016456 -0.000209563 -3.52552e-05 -2.87017e-06 3.91286e-05 -2.96753e-05 -0.00137135 -0.00157806 -4.27781e-05 0.000213489 0.000401636 0.0013873 -0.00109075 0.00223618 0.000323582 -7.48166e-05 -0.00108511 -0.000215691 2.42784e-05 8.90278e-05 0.00125871 0.00126662 -0.00156671 0.000239798 -0.000259381 -0.00110336 5.81017e-05 0.000304489 6.97408e-06 -9.52438e-08 -0.0018483 -3.61884e-05 -2.89349e-05 -0.000339815 -0.000467833 0.000100715 -3.27309e-05 3.1632e-05 6.05411e-06 -2.46959e-05 5.84834e-05 4.93643e-05 -7.65009e-07 3.49821e-06 0.0010219 -0.00144809 0.00050455 0.00133496 -0.000604476 -1.77856e-05 -9.6252e-05 -3.74144e-05 5.5352e-05 -2.77338e-05 -5.11396e-07 -6.6616e-05 -2.87626e-05 -1.74752e-06 -2.39095e-05 3.14472e-05 5.39519e-05 -2.99915e-05 0.000294173 -1.17093e-06 -0.00163647 -0.000332654 0.00131364 9.96582e-05 3.03818e-06 -0.00139456 1.45545e-06 0.00130444 6.4952e-06 0.00185169 -0.00016739 0.000226389 -1.98885e-07 -0.00131089 0.00117342 0.000154213 3.28305e-05 5.97254e-07 -0.00158965 -9.15677e-06 0.00146148 4.849e-05 6.04393e-05 -0.00021399 0.000411733 7.49827e-06 0.000212201 -0.000277793 -8.8902e-05 -8.75293e-05 
8.07125e-08 -0.000603489 -5.62386e-06 -0.000255779 0.000566767 4.10765e-05 0.000600687 1.38826e-05 -3.38228e-05 5.15136e-06 -1.3181e-07 -5.59411e-06 -0.000635286 -0.000669881 -1.69558e-05 -1.16405e-05 -9.38806e-06 0.00062754 -0.0004237 0.000323582 0.00087869 3.68997e-05 -0.00060286 -0.00010694 5.75739e-06 0.000107744 0.000538177 0.000583257 -0.000690072 -1.1728e-05 -7.51503e-05 -0.0003469 -5.22835e-06 0.000117158 5.08863e-05 7.39929e-06 -0.000727315 1.75725e-05 9.10296e-06 -0.000169111 -0.00014404 -3.81912e-05 1.61795e-05 0.000105628 8.66171e-05 -7.43569e-05 1.72303e-06 -2.97679e-06 -1.44118e-07 -0.000144949 0.000519425 -0.000575281 0.000409055 0.000653979 -0.000238071 -1.08598e-05 -1.09308e-05 3.89334e-05 2.15709e-05 -2.01624e-05 -3.0363e-07 -3.30975e-05 8.58478e-05 -9.90507e-07 -3.12041e-05 3.36173e-06 7.74511e-05 8.96495e-05 -2.01555e-05 1.70519e-07 -0.000686783 -0.00011282 0.000571634 2.94097e-05 -1.43823e-06 -0.000647671 1.06944e-06 0.000675805 -2.24596e-05 0.000615154 -0.000247789 -3.86278e-06 -7.80436e-08 -0.000663747 0.000689601 6.88267e-05 6.08197e-07 2.10314e-06 -0.000716424 6.39882e-05 0.000623862 4.32287e-05 2.53623e-07 -7.45582e-05 2.6342e-05 3.02419e-05 7.57967e-05 -0.000106756 -0.000139412 1.71819e-05 
0.00010134 -0.0289527 0.00107223 -0.0118583 0.00097095 -0.000545636 0.00104682 -0.00398768 -0.00161066 -5.71283e-05 0.0109209 0.00051634 -0.0282779 0.00390932 0.00631469 -0.000410387 -0.000808207 -0.000741659 0.00519344 -7.48166e-05 3.68997e-05 0.0390638 -0.0160479 -0.0024873 -2.81627e-05 0.00527152 -0.000348468 -0.00232972 0.000920124 -0.000812373 0.00779567 0.0148753 0.00119984 0.0001185 -0.00158219 6.89447e-07 -0.0353792 -0.000410946 0.00750295 0.00688495 0.0123586 -0.00323033 -0.000369786 -0.00014023 0.00016051 -0.00323776 0.000277646 0.00032632 6.55497e-06 -0.00796617 0.000150566 -0.0155827 -5.84172e-05 -0.000217297 -0.0108738 -0.000473566 0.0190381 -0.00062373 -7.0599e-05 -0.00110926 -1.62458e-05 -0.0027618 0.0123756 -3.44005e-05 0.00515662 8.9812e-05 0.000267248 0.0105092 -0.00542183 -2.11855e-05 0.000292361 0.00250626 0.00726425 4.64505e-05 -5.78314e-05 -0.0311967 4.38824e-06 -9.89418e-05 -0.000915218 -0.000155212 -0.0137255 0.0014098 -3.06368e-06 -0.00120906 0.034037 2.54207e-05 -0.00041798 1.65562e-06 -0.0333074 0.00273718 0.000708822 1.15429e-06 2.15229e-05 -0.00370262 0.000103231 0.0185391 0.00291567 0.0147617 -0.00608393 0.0200247 
-0.000151189 -0.00193081 0.00218517 -0.0339696 -0.00295828 -0.00252652 0.00531148 0.0146888 0.00905768 0.000184464 -0.01803 0.00252681 -0.0072557 -0.0184966 -0.00953553 0.000227068 -0.0128325 0.000597588 -0.00933869 -0.00108511 -0.00060286 -0.0160479 0.178361 0.0165167 -0.000321432 -0.00814132 -0.00119479 0.00548023 -0.0100599 0.00404052 0.0309094 -0.0820715 -0.00425369 -0.000816843 0.00777098 -7.11273e-06 0.012173 0.00331825 -0.00911894 0.0236376 5.35017e-05 0.0168047 0.00345341 0.000574973 -0.000261825 0.0104128 -0.000398554 9.23934e-05 2.7592e-05 0.0304758 0.00046646 0.00943416 -0.00188484 -0.00532869 -0.0283843 -0.00731961 -0.00964702 0.00391845 -0.000925272 0.00754358 0.000125536 0.00837861 -0.00491731 -0.000800657 0.00738818 -0.000149807 -0.000360851 -0.00682126 -0.0367769 3.83942e-05 -0.00577704 -0.0220232 -0.00298629 0.00431327 3.51899e-05 0.00769559 -1.56993e-05 -0.00264839 0.00214942 -0.00221276 0.0449344 -0.00313739 2.73174e-06 0.00399039 -0.0205681 -0.000442224 -0.00209385 -6.23074e-05 0.0130752 -0.00353316 -0.00545622 -4.17693e-05 -0.000138148 0.011852 0.000322772 -0.0073262 -0.00336058 -0.0334411 -0.0126281 -0.0219305 
-4.25246e-05 -0.0763459 -0.00151224 -0.0329373 -0.000568873 0.0163479 -0.00324427 0.0244049 0.0334869 0.000845297 0.0196212 0.00053262 -0.0487706 -0.0343348 -0.00110356 -0.000126285 0.000671414 0.0131166 -0.022413 -0.000215691 -0.00010694 -0.0024873 0.0165167 0.108869 0.000449395 -0.00142799 0.00533367 0.0528703 -0.0781686 -0.0025272 0.0254372 -0.0473057 -0.000396441 7.91972e-06 0.0444942 -3.25678e-06 0.00693262 0.00180727 -0.00172413 0.0797853 -0.00381959 -0.0118538 0.00377209 0.00673082 0.000208058 0.0707999 0.00113815 0.0032109 -1.79867e-06 0.0568859 0.0288483 -0.0514688 -0.000261548 -0.000778731 -0.0139983 0.00231275 -0.00526353 3.71208e-06 -5.32521e-05 -0.00236811 0.000402736 0.0622373 -0.000980484 0.000289869 -0.00142383 2.41591e-05 0.000148287 -0.00357294 -0.0825916 -5.92917e-05 -0.0630553 -0.0171481 -0.00269163 -0.00262635 -0.000176256 -0.058534 -2.667e-06 -0.000464775 0.0178074 -0.000528995 -0.0174956 0.000794936 5.98606e-05 -0.0457285 -0.0126291 -9.64572e-05 0.00678356 6.61613e-05 -0.0344768 -0.000350401 -0.000803124 8.57252e-06 1.74066e-05 0.0430445 -0.00012115 -0.00193663 0.00171924 0.0469998 -0.00995028 -0.0027706 
4.48519e-06 -0.000953349 4.4253e-05 -0.000375995 1.67546e-05 0.000496423 0.000332802 -3.27355e-05 2.77762e-05 2.74987e-05 0.000526637 5.03406e-06 -0.00084019 -0.00014369 3.44779e-05 -1.113e-05 0.000269289 0.000163958 -0.000201816 2.42784e-05 5.75739e-06 -2.81627e-05 -0.000321432 0.000449395 0.00133155 -1.50416e-05 0.000217562 0.000470097 -0.000975005 -1.60905e-05 -2.20193e-05 0.000130634 -8.74803e-06 0.000100247 0.000108908 -5.66621e-08 -0.000698655 4.66275e-05 1.40677e-05 9.68229e-05 -2.31887e-05 -0.000146746 3.15913e-05 9.7731e-05 -1.20159e-06 7.15368e-05 7.2501e-05 0.000105791 -2.34399e-07 0.000267333 0.000166069 -0.000900807 0.000192515 0.000210679 0.000122673 1.57544e-05 0.000278309 0.000275605 0.000127836 3.32496e-06 -5.67295e-07 0.000171044 -5.73278e-06 -1.24835e-06 5.00729e-05 2.28469e-06 3.67479e-06 -4.69712e-05 -0.000977359 1.33673e-06 -0.000833798 -0.000158919 0.000203561 0.000302205 9.02877e-07 -0.000938979 -4.63332e-08 0.000154475 0.000592988 0.000178213 -0.000254173 0.000120722 3.35217e-05 -0.000639385 0.000321681 8.47056e-05 3.67239e-05 9.05632e-07 -0.00109096 1.37802e-05 0.000115765 5.56894e-07 4.21443e-06 0.000548629 2.42031e-06 0.000176569 9.23026e-07 0.00044772 -0.000210941 0.000321188 
-2.90193e-08 -0.010029 -7.97329e-05 -0.00453944 0.0013556 -3.01714e-05 0.000374373 -0.00131233 -0.000338758 2.4872e-05 0.00864851 -0.000251417 -0.00210462 0.000975124 0.00359526 -0.000188951 0.00124865 0.000728366 -0.00694439 8.90278e-05 0.000107744 0.00527152 -0.00814132 -0.00142799 -1.50416e-05 0.0157524 3.44166e-05 -0.000738478 -0.00067808 -0.000287244 -0.00121434 0.00623476 0.00381906 0.0001778 -0.000141992 7.59635e-06 -0.00513627 0.000969186 0.00153248 -0.00307077 -0.00209408 -0.00178915 -5.06554e-06 0.000127394 0.000256439 -0.00126421 0.000163079 0.000195565 -1.38248e-06 -0.00328679 -0.000242176 -0.00986949 4.38405e-05 0.00102319 -0.00349964 0.00106092 0.00232648 0.000559413 2.35721e-05 -0.000570386 6.19487e-07 -0.000638103 0.00106916 2.551e-05 -0.000553714 -7.04419e-06 0.000807979 0.00473747 0.00228009 -5.90719e-06 -0.00392539 0.0087093 0.00058793 -0.000326861 2.32355e-06 -0.0112328 2.6037e-06 0.000108032 -0.000361189 7.5227e-05 -0.00454723 0.00191202 -1.14061e-06 -0.00655925 0.00998905 -9.87353e-06 0.00133968 -1.0058e-07 -0.0110789 0.00419175 0.000402975 2.25587e-05 1.11915e-05 -0.000668221 5.5897e-05 5.56417e-05 0.000869839 0.00939666 -0.00195645 0.0077847 
-6.00068e-06 -0.00875817 4.82842e-05 -0.00370435 0.00231962 -2.66985e-05 0.00228221 0.00446403 0.00589868 0.000247084 -0.000457619 0.00116878 -0.00559105 -0.00986952 -0.000229161 -0.000168671 0.00112584 0.00417039 -0.00586468 0.00125871 0.000538177 -0.000348468 -0.00119479 0.00533367 0.000217562 3.44166e-05 0.0122474 0.0105019 -0.010332 -0.000252232 -0.00112612 -0.00509423 -3.90823e-05 0.000438271 0.00769339 1.15632e-06 -0.00336891 0.00144596 -2.05132e-05 0.0017922 -0.00254797 -0.00167824 0.00150587 0.00132001 9.9031e-05 0.00507653 -1.96361e-05 0.000665218 -3.32499e-06 0.00279279 0.00644878 -0.00895577 0.00233086 0.00310748 -0.0033078 -3.54581e-05 -0.00026145 0.00195776 0.00112926 -7.37631e-05 6.79195e-06 0.0072791 -0.000114682 -1.26237e-05 2.39253e-05 0.000363192 5.63993e-05 -0.000288046 -0.00650692 -6.47908e-06 -0.0101843 -0.00182057 0.00291375 0.00100638 -1.56402e-05 -0.00990443 1.25357e-05 0.00286616 -0.000250941 0.00322942 -0.00422871 -5.67005e-05 -1.10048e-06 -0.0103863 0.00267868 0.000753917 0.00255785 3.97217e-06 -0.00552237 0.000184294 0.002829 2.83377e-05 2.01061e-06 0.0042024 0.000449218 0.000576107 0.000374043 0.00290585 -0.00185993 -0.000469281 
-3.78699e-05 -0.0480173 -0.000834694 -0.0211965 0.00214937 0.00745321 0.000899963 0.0324603 0.0374748 0.00120118 0.00970382 0.000560431 -0.0363541 -0.0493149 0.00011332 0.00160162 0.00368338 0.0192145 -0.0390798 0.00126662 0.000583257 -0.00232972 0.00548023 0.0528703 0.000470097 -0.000738478 0.0105019 0.0662331 -0.0583929 -0.00162912 0.00731475 -0.0328227 -0.000304501 0.00101136 0.0500592 1.67249e-06 0.00299683 0.00103367 -0.000989133 0.0411998 -0.0180544 -0.00712149 0.00301517 0.00875939 0.00044436 0.0566384 -2.14292e-05 0.00183149 -1.42056e-05 0.0412255 0.0372532 -0.0513125 0.00259215 0.00298636 -0.0115086 -0.000124921 -0.00304708 0.00106621 0.00128897 -0.003377 0.000473556 0.0595155 -0.000827422 0.000365712 -0.00197883 0.00032644 0.000100336 -0.00245924 -0.0490945 -3.26314e-05 -0.0620081 -0.0102676 0.00135476 -0.000587619 -0.000100789 -0.0542993 1.8115e-05 0.00313365 0.00645449 0.00346176 -0.0139409 -0.000304906 4.50811e-05 -0.0508549 -0.00376966 0.00071879 0.00697263 0.000145887 -0.029474 -1.20332e-05 0.0026709 4.95515e-05 -2.76891e-06 0.0372424 0.00062278 -0.0018552 0.00212567 0.0416271 -0.0113108 -0.00226053 
1.7434e-05 0.08655 -0.000522757 0.0309165 -0.0027694 -0.0165019 -0.0142815 -0.0246369 -0.0343751 -0.0011609 -0.0213046 -0.00557735 0.0669875 0.0403947 -0.000466592 -0.00549677 -0.00300327 -0.0178755 0.0333552 -0.00156671 -0.000690072 0.000920124 -0.0100599 -0.0781686 -0.000975005 -0.00067808 -0.010332 -0.0583929 0.134218 0.00196464 -0.0107708 0.0312682 -0.000643645 -0.00126028 -0.0462421 -3.47353e-05 0.013276 -0.0121138 -0.000961137 -0.0677883 0.00625118 0.00541584 -0.0133483 -0.00818725 -0.000690372 -0.0748081 -0.00146283 -0.00360181 -3.03847e-05 -0.0731786 -0.0353133 0.0783363 -0.00247544 -0.00287303 0.00825312 -0.00371166 -0.00558536 -0.0163321 -0.00104604 -0.00406345 -0.000434054 -0.0704903 0.000331537 -0.000325837 -0.00193565 -0.000354318 -0.000903727 0.003007 0.0830411 7.24463e-05 0.0790731 0.016698 -0.0114771 -0.0188593 0.00019188 0.0796768 -2.0176e-05 -0.00320603 -0.0179135 -0.00422755 0.0168519 -0.00157681 -6.33021e-05 0.0530926 -0.00580279 -0.000654421 -0.00868476 -0.000140362 0.062764 -0.00202659 -0.00308321 -6.23746e-05 -4.31519e-05 -0.0421086 -0.00187266 -0.00381685 -0.00372853 -0.052187 0.017384 0.00104908 
-1.03559e-05 0.00547939 -0.000244148 0.00641597 -0.000104375 -0.000519112 -0.000387554 0.0003219 -0.000952886 -2.85078e-05 -0.00111768 -0.00029681 0.00350075 0.00158192 -0.000536112 -0.000176186 -0.00050415 -0.0004848 -0.00920363 0.000239798 -1.1728e-05 -0.000812373 0.00404052 -0.0025272 -1.60905e-05 -0.000287244 -0.000252232 -0.00162912 0.00196464 0.0225835 -0.00336365 -0.010619 -5.78924e-05 -3.13776e-06 -0.00125367 1.01423e-06 -0.00138044 -0.000354281 -0.000250556 -0.00488316 -0.00578917 -0.000829125 -0.000340948 -0.000213804 3.67278e-05 -0.00166416 -4.36696e-05 -8.9317e-05 -7.6675e-06 0.00665632 -0.000801986 -0.0119249 -5.69728e-05 -0.00016254 -0.00514148 -0.000274332 -0.000856632 -0.000343573 -4.58907e-05 0.0016153 -1.24025e-05 -0.00154617 -0.000248035 -1.87468e-05 -0.00101258 9.05747e-08 8.65285e-05 0.00434843 0.00337053 -6.5681e-06 0.0017846 -0.0031184 8.67348e-05 -0.000304194 1.04175e-05 0.00377638 -7.9668e-07 -6.77753e-05 -0.00060113 0.000161334 0.01085 7.03327e-05 -2.05148e-06 0.00195126 -0.0022853 -1.74279e-05 -0.000255259 -3.538e-06 0.00308999 -0.000144909 -0.000122966 -1.49771e-06 -3.78344e-06 -0.00184942 0.00028126 0.000255996 -0.000118782 -0.00316382 0.00207106 -0.000872796 
0.000144591 -0.0497401 0.00893479 -0.040351 -0.000795855 -0.00422526 -0.00430304 -0.00480336 0.0122272 -0.000154619 -0.00828281 0.00683961 -0.0233103 -0.00119596 -0.00288117 -0.000697634 -0.00383161 0.0130545 0.0570585 -0.000259381 -7.51503e-05 0.00779567 0.0309094 0.0254372 -2.20193e-05 -0.00121434 -0.00112612 0.00731475 -0.0107708 -0.00336365 0.151099 0.0206692 -0.00118229 0.000182121 0.0105392 5.92899e-07 -0.0142708 -0.00108338 -0.000419487 0.0459686 0.0401912 -0.0228349 -0.000814761 0.00553718 0.000126012 0.00705408 -0.00018099 0.000302721 0.000240586 -0.0076363 0.0103331 0.0187941 -0.000492191 -0.0012682 -0.0412111 -0.00189223 -0.00479226 -0.0034658 -0.000302952 -0.007666 0.000252615 0.00498804 0.00630245 -0.000206702 0.0340681 -4.06711e-05 0.000273143 0.00249206 -0.0868017 -9.54702e-05 -4.57711e-05 -0.0277305 -0.00228201 0.00160654 -0.000299798 -0.0218981 -6.31665e-06 -0.000683717 -0.00256395 -0.000471989 -0.0623261 -0.000904563 -1.29526e-05 -0.00165906 0.0272543 -7.1491e-05 -0.00121465 -2.8425e-05 -0.0262862 -0.000916668 -0.00095127 -2.46254e-06 -1.28991e-05 -0.0168702 0.000533617 0.00458334 -0.000434236 -0.0142141 -0.024203 0.0010445 
0.000172917 -0.00266246 0.00660042 0.00229954 -0.000259715 -0.00762504 -0.00224554 -0.0432695 -0.0189376 -0.000563705 0.00180392 0.00426504 0.0322679 0.0473502 0.00899057 -0.00125422 0.00451521 -0.00913936 0.093605 -0.00110336 -0.0003469 0.0148753 -0.0820715 -0.0473057 0.000130634 0.00623476 -0.00509423 -0.0328227 0.0312682 -0.010619 0.0206692 0.24999 0.00191713 -0.000605108 -0.0251702 4.45953e-06 -0.0213521 0.00549113 0.00670307 -0.0597841 0.0412208 -0.0513593 0.00379632 -0.00468893 -0.000615246 -0.0400309 -0.000925117 -0.00259087 0.000150584 -0.0817166 -0.0197784 0.0112347 -0.0016087 -0.000179121 0.00204635 0.0013946 0.0165991 0.00675311 -0.000358827 -0.00370203 -0.000249899 -0.0331414 0.00398724 -0.000339331 0.0181098 -0.000187674 -9.86721e-05 0.00452669 0.0112853 -0.000246099 0.0371784 0.0172251 0.00322924 0.00954088 -0.000610002 -0.0103725 -1.50344e-05 -0.00207531 -0.00717804 -0.00243997 -0.121833 0.00076928 -1.22227e-05 0.0223135 0.0467403 -0.00036987 -0.00240441 -8.08611e-05 -0.0214128 0.00132411 0.000158124 -3.77696e-05 -5.1296e-05 -0.0368141 -0.000973878 0.0107832 -0.0014019 0.00758724 -0.0139558 0.0189788 
-4.12367e-07 -0.00426187 -0.000103475 -0.0017546 0.000254116 0.000129463 -0.00016288 -0.000371881 -0.000240793 -8.7067e-06 0.00313031 -3.97561e-05 -0.000493368 0.000453746 0.00171715 -6.54024e-06 -4.45347e-05 -9.67042e-05 -0.00305242 5.81017e-05 -5.22835e-06 0.00119984 -0.00425369 -0.000396441 -8.74803e-06 0.00381906 -3.90823e-05 -0.000304501 -0.000643645 -5.78924e-05 -0.00118229 0.00191713 0.00659447 -9.73785e-06 -0.000214019 -2.82116e-07 -0.00133674 0.000208197 1.17635e-06 -0.0012408 -0.00132484 -0.000743793 -8.70802e-05 -6.39106e-05 -8.30023e-06 -3.6045e-05 -9.1248e-06 2.78696e-06 5.21061e-07 -0.000979088 -0.000238453 -0.00320037 -2.06341e-05 -3.58157e-05 0.00045816 0.00101934 3.31433e-05 0.000364532 1.02467e-05 -0.000304073 -4.52289e-06 -8.29447e-05 1.9928e-06 4.88599e-05 -0.000269467 -2.33078e-06 0.000240951 0.000323289 0.000873966 3.64986e-07 -0.00205263 0.0038955 2.84491e-05 -0.000185844 4.4317e-05 -0.00292407 1.88931e-06 -2.74065e-05 -0.000169247 -2.19979e-05 0.000270853 0.00180828 -3.09104e-07 -0.00270708 0.0015226 -4.62338e-06 0.00152398 -9.1704e-07 -0.00293679 0.00231727 0.000109326 2.06331e-06 2.81708e-05 -8.35623e-05 -1.76167e-05 -0.000162949 0.000241758 0.00314026 -0.00029328 0.00153454 
