0.00541334 -0.00306269 -1.24899e-05 5.89388e-05 -0.00218683 -7.02489e-05 -0.00373138 -0.00025488 0.0013562 -0.000327471 -3.31016e-05 -3.24546e-05 -0.00391166 -1.1639e-05 0.00253814 -0.00156393 -0.000149984 0.000325182 0.00138284 0.00039938 -0.000280525 9.59324e-06 -0.000418776 -0.000662351 -0.00379381 0.00220154 -3.83907e-05 -0.000825331 0.00312074 0.00194594 -3.51695e-05 0.00234881 -2.24121e-05 -0.0013256 -0.00139969 -2.26101e-07 2.62272e-08 -0.00229153 -0.00424542 0.000369832 -0.00207314 -0.000306349 0.000174911 -1.91971e-06 -5.55659e-05 0.00216449 -2.66742e-07 -0.00113455 -1.13035e-05 -5.13374e-05 0.00176974 -0.000723212 -8.44627e-05 -7.27006e-06 -5.33491e-05 -3.76923e-05 -3.94651e-05 -0.00053908 -0.000133841 -0.000107912 0.00298683 0.000608897 -0.00358395 1.91788e-06 -6.75337e-06 -6.90738e-06 9.04226e-05 -0.000537616 -1.75255e-06 -4.02209e-08 6.03804e-05 -0.000628874 -0.000402799 -2.77352e-06 -6.46028e-06 0.000398928 -2.80166e-07 -2.07091e-06 3.50884e-06 -1.70474e-07 0.00421689 2.92778e-07 0.00373088 -2.43171e-05 1.44949e-07 0.000136636 0.00270505 2.77096e-05 -7.82793e-06 -9.17724e-05 -0.000120668 -1.28636e-08 -3.3075e-06 0.00230429 2.27277e-06 -7.90959e-05 -8.67068e-05 -0.000492679 -0.000135269 -0.000583863 
-0.00306269 0.198626 0.000194761 0.0245625 0.0620746 -0.00886265 0.0130043 -0.0129345 -0.00756247 0.0128526 -0.0326046 -0.00305356 0.119503 -0.00387653 -0.0567139 0.0378732 -0.0119828 -0.00122955 -0.0948884 -0.00159554 0.0027821 -0.000657993 -0.00293144 -0.00251015 0.144275 0.0355162 0.00229963 -0.101399 -0.00733952 -0.0321813 -0.00764741 -0.0942436 -0.00309271 0.0410412 0.0662589 -2.96554e-05 -2.13444e-05 0.0828423 0.0316021 -0.00136435 0.0532156 0.00341825 -0.000453852 -0.000332844 -0.00482989 -0.00893182 -3.55444e-05 -0.0735141 0.000680077 -0.00712416 -0.0121005 0.0319875 -0.00484863 -0.00149487 0.000721234 0.00131087 0.00156826 0.00856505 -0.0141841 -0.000490384 0.0281645 -0.00641106 0.0101958 -3.95332e-05 -0.0014168 -0.00059664 -0.0044861 -0.000948961 1.96548e-05 -0.000172926 -0.000396126 0.0206001 0.0127339 -0.000356153 -0.00520042 -0.00214866 -9.27903e-05 -0.000484317 -0.00148415 -1.32189e-05 -0.0224755 -3.55929e-06 -0.10536 -0.00264896 -1.60732e-06 -0.0017247 -0.106656 -0.000783706 -0.000710556 0.00426021 0.00525584 -6.97336e-07 -0.000438472 -0.058126 -0.000324271 -0.00403988 -0.005031 -0.114699 0.00310614 0.0062869 
-1.24899e-05 0.000194761 0.00242291 9.47447e-05 0.00112232 1.07173e-05 -0.000466048 -9.09784e-06 -4.70032e-05 -7.35646e-05 -9.70908e-05 -1.68115e-05 0.000197182 2.68279e-05 -0.00113243 0.000119046 -2.02456e-05 -3.85279e-06 -0.000446964 -1.14533e-05 9.20874e-05 6.48706e-05 -0.000209936 -0.000308085 0.000165123 -0.000680575 6.27125e-06 -0.000259345 -0.000713596 -6.76514e-06 4.97472e-05 -0.000299553 -6.58672e-06 -9.73316e-05 1.20439e-06 3.35774e-07 -8.20046e-08 0.000967585 0.000473927 -1.18515e-06 0.000975048 0.000240639 3.2032e-06 4.20205e-06 -3.01564e-05 -0.000104848 -1.19028e-07 0.000173133 -8.02838e-05 6.49831e-05 -3.26884e-05 0.000361134 0.00019299 3.0665e-05 -1.24576e-05 -2.1515e-06 -1.39771e-05 0.000629652 7.6894e-06 -4.61434e-05 -0.000607438 -3.36345e-05 0.000353974 -2.25547e-07 -5.40536e-06 1.43736e-05 2.74029e-06 -0.000159206 2.24463e-06 1.30648e-05 -2.43341e-06 1.97402e-05 -0.000132859 9.89044e-07 -1.85692e-05 -1.2128e-05 2.67443e-06 9.1649e-06 -4.95681e-06 -7.60702e-08 -0.000234989 -1.95843e-08 -0.000682234 4.31327e-05 -1.49509e-07 7.32771e-05 -0.000179358 -2.79839e-06 -2.36285e-06 -5.19896e-05 -2.42215e-05 -5.74008e-09 -1.21554e-06 -0.00115206 1.40754e-05 -2.03131e-05 -3.06228e-05 -0.000394541 -4.56302e-05 -0.000200089 
5.89388e-05 0.0245625 9.47447e-05 0.0467586 0.000760861 -0.0105243 -0.0001549 -0.012703 0.000716339 0.00167122 -0.00112783 0.000114147 0.00700101 -0.00142278 -0.00375235 0.00333083 -0.0150532 -0.000726285 -0.0158978 0.000123426 -0.00186444 -8.06172e-05 0.00620405 -0.0070296 0.0289949 0.0199805 0.00247833 -0.0152351 -0.00651569 -0.00560224 -0.00211129 -0.0145717 -1.62354e-05 0.00473476 0.0230105 -2.05839e-05 -1.5303e-05 0.0148783 3.78231e-05 -0.000309577 0.0159135 0.00153465 7.50366e-05 1.27782e-05 -0.00212012 0.000514493 -4.42667e-05 0.00560646 -0.000441727 -0.000125686 -0.000305791 0.00437881 -0.00423723 -0.000469134 -0.000796276 0.00031168 0.000302319 -0.000550474 -0.0144693 0.000900844 0.018394 -0.00183351 -0.00619849 -2.73133e-05 -0.000234445 -0.00040995 -0.000372949 -0.0197813 2.23416e-06 -2.34974e-05 -0.000579035 -0.00207588 -0.00724686 -0.000349215 -0.00158067 -0.000339562 -4.64173e-05 -0.000227529 -0.000410838 -2.64298e-05 0.00316012 -1.67347e-06 3.04925e-05 -0.00197139 1.7005e-06 -0.00119668 -0.0149777 -3.88305e-05 -0.000689685 -0.00423562 0.000878463 -2.97112e-07 -0.000201667 -0.00323829 -0.000269197 -2.64874e-05 -0.000290152 -0.0218266 0.00582562 -0.0143317 
-0.00218683 0.0620746 0.00112232 0.000760861 0.240722 0.00754514 0.00979449 0.0137049 -0.00758359 0.0438783 -0.0225915 -0.00179924 0.0824176 0.00116936 -0.181673 0.12093 0.0122908 -0.000536477 -0.0740732 -0.00553003 0.00905874 0.000340268 -0.0567658 -0.0566704 0.0591405 -0.0788717 0.00187785 -0.0572432 -0.144217 -0.0225542 -0.00230615 -0.049197 0.000287755 0.109783 0.0179655 -1.61621e-05 1.03138e-05 0.193685 0.0795697 -0.000661543 0.163491 0.0108697 -0.00112134 -3.44628e-05 -0.00439268 -0.0275057 2.62937e-05 -0.0181165 -0.0141254 0.00155578 -0.00672897 0.055729 0.00841135 -0.000148016 -0.00129719 -0.00130845 -0.00269059 0.0480758 0.0134347 0.00329928 -0.117903 -0.005066 0.111821 -1.72736e-05 -0.000906784 0.000119109 -0.00187751 -0.00507297 0.000130719 -5.41047e-06 -0.000429281 0.0368627 -0.0259997 0.000251598 -0.00305038 -0.00199728 -5.15905e-05 2.54525e-06 -0.000879289 -8.98654e-06 -0.0231102 -2.55166e-06 -0.11029 0.00249105 -2.40558e-05 -0.000805413 -0.0586988 -0.000520854 0.000679514 -0.00272184 -0.0083225 6.29307e-07 -0.000242939 -0.18901 0.000194163 -0.00300866 -0.00418804 -0.0585627 -0.0387244 -0.0221309 
-7.02489e-05 -0.00886265 1.07173e-05 -0.0105243 0.00754514 0.0127487 0.000976437 0.0116888 -0.00026473 0.000352285 -0.000659722 -3.75964e-05 0.00308242 0.000532141 -0.00610633 0.00300775 0.0114388 -1.35059e-05 -0.00240113 -0.000108496 0.00163445 0.000129374 -0.00191193 -0.00187769 -0.00833354 -0.00646715 -0.000990246 -0.00199997 -0.0054052 -0.000360511 -0.000128117 -0.00109397 -5.672e-05 -0.00110268 -0.010976 -4.31779e-08 1.01726e-06 -0.0037946 0.00257198 -2.12503e-05 -0.00261497 -0.00064097 -1.46606e-05 -5.75531e-06 -1.44578e-05 -0.00092552 4.12204e-05 -0.00279197 -0.000459703 -0.000140447 -0.000185938 -0.00171585 0.00330397 9.08661e-05 0.000498956 -9.4335e-05 -9.33361e-05 0.0035754 0.0115904 -0.000251386 -0.00549517 -0.000182673 0.00431496 -8.79379e-07 -2.73252e-05 -1.46476e-05 -7.98334e-05 0.00878334 -2.76525e-06 -3.27539e-06 -1.40939e-05 0.00139099 4.91602e-05 0.000357462 -9.87442e-05 -5.98893e-05 -1.89079e-06 -8.38561e-06 -2.89239e-05 -4.04515e-07 -0.0019307 9.91911e-08 -0.00363085 0.0017894 -7.95037e-07 -6.00574e-05 -0.00180591 -1.75156e-05 0.000428633 4.36474e-05 -0.000293652 1.7281e-07 -5.21414e-06 -0.00701467 8.79296e-05 -0.000188917 -0.000191263 0.00693249 -0.0012124 0.00688935 
-0.00373138 0.0130043 -0.000466048 -0.0001549 0.00979449 0.000976437 0.116909 0.000238215 -0.00603082 0.00736525 -0.0106877 -0.00468547 0.034802 -0.00396292 0.0223915 0.00443478 0.00175921 -0.00091737 0.0158531 -0.0102199 -0.00683728 -0.000509404 -0.010545 -0.0133637 -0.000465451 -0.0338028 0.0105565 0.0123508 -0.0157501 -0.00677828 -0.0036737 0.00687774 -0.00377977 0.0196435 -0.00120418 -3.55078e-05 -2.51157e-05 -0.00181595 0.0267864 -0.000976104 -0.00522516 -0.021604 -0.0029586 -0.00041516 0.000511468 -0.0172816 4.64825e-06 0.00249934 -0.0072346 -0.00949917 -0.0117252 -0.000502246 -0.000354155 -0.00174784 -0.00433389 -0.00110133 -0.00445203 -0.0181771 0.00123974 -0.00582099 -0.0266937 -0.00214046 0.0477388 -7.46664e-05 0.000269675 -0.000442014 -0.00502605 0.0069098 -4.05397e-05 -0.000176573 -5.89981e-05 -0.00428827 -0.0173829 -7.20023e-05 -0.00271529 -0.000895237 -1.10562e-05 -0.000247485 -0.00108998 -7.96037e-07 -0.0531673 -6.07663e-06 0.00741957 -0.00177755 -3.91419e-05 -0.00248391 0.00136411 -0.000758033 -2.98811e-05 -0.000888271 -0.00885855 -5.97182e-07 5.25989e-05 0.00529496 -6.41039e-05 -0.00670199 -0.00541503 0.0202366 0.0022693 -0.00515544 
-0.00025488 -0.0129345 -9.09784e-06 -0.012703 0.0137049 0.0116888 0.000238215 0.0450162 -0.000856776 0.000656238 -0.00270119 -0.000145977 -0.00216527 0.00169613 -0.0112255 0.0182401 0.0143676 2.47537e-05 -0.00570133 0.00387196 0.00285603 6.00841e-05 -0.00619327 -0.00513498 -0.0148728 -0.0158957 -0.00139035 0.000879517 -0.0195768 0.00617502 -0.000414323 0.00378384 -6.83556e-05 -0.00719873 -0.023652 -5.32709e-07 4.78473e-06 -0.00321956 0.00907546 -6.98495e-05 0.00285003 0.00072986 4.73567e-05 -2.24961e-05 -0.000359665 -0.00307646 4.23812e-05 0.00185852 -0.00168723 -0.000444686 -0.000665705 -0.00560049 0.00418842 0.00209574 0.00324236 0.00145426 -0.000231114 0.00586938 0.0150159 0.000387037 -0.0191507 -0.000644735 0.0117178 3.52957e-05 -9.20338e-05 -6.5144e-05 -0.000285363 0.00768672 1.85167e-05 -1.00016e-05 -5.10684e-05 0.00178285 -0.000332624 0.000335207 -0.000345924 -0.000212999 -3.00038e-06 1.38944e-05 -9.7815e-05 -7.33161e-07 -0.00621351 -1.77648e-07 -0.00938331 0.00189338 -2.65514e-06 -0.00021727 0.0037178 -6.09578e-05 0.000466529 -0.000492023 0.00239894 9.1669e-08 -2.83992e-05 -0.0235153 0.000135011 -0.000668722 -0.000724042 0.0102732 0.00284232 0.00763275 
0.0013562 -0.00756247 -4.70032e-05 0.000716339 -0.00758359 -0.00026473 -0.00603082 -0.000856776 0.0202269 -0.00138524 0.00461169 -0.000105846 -0.00919615 -0.000102267 0.00635585 -0.00551675 -0.000569848 0.000977578 -0.000581 0.000246138 -0.000923088 -9.52582e-06 0.000215664 -0.00133259 -0.00927169 0.00580155 7.17098e-05 -0.0025692 0.00876188 -0.000774966 0.000992965 -0.000146928 -7.96682e-05 -0.00473772 0.000347494 -8.57943e-07 -1.53995e-07 -0.00796002 -0.0132727 0.00147805 -0.00614987 -0.00117798 0.000690271 -1.24071e-06 0.000404684 0.00315538 -1.00216e-06 -0.00208621 0.000713531 -0.000129788 0.00266897 -0.0023798 -0.000316192 -5.69248e-05 -0.000202307 -0.000149171 -9.81419e-06 -0.00195642 -0.000506912 -0.00040078 0.00959348 0.0045388 -0.0108286 1.82887e-05 -1.47753e-05 4.02788e-05 0.000102761 -0.00204647 -6.48672e-06 -5.30384e-06 0.000130478 -0.00212487 -0.000821071 -6.26082e-06 0.00013528 0.00300515 5.62307e-06 5.19472e-05 3.99395e-05 -6.10198e-07 0.0136411 1.73346e-06 0.0137408 -7.92058e-05 6.03531e-06 -4.04092e-05 -0.00142092 1.84535e-05 -2.99033e-05 -0.000430352 -0.000461446 2.04522e-07 -7.48233e-06 0.0086048 -6.64446e-06 -0.000278874 -0.000111921 0.000905793 0.00262986 -0.00187596 
-0.000327471 0.0128526 -7.35646e-05 0.00167122 0.0438783 0.000352285 0.00736525 0.000656238 -0.00138524 0.0720854 -0.00400803 -0.000548574 0.0157893 -0.000165373 -0.0350244 0.0368344 0.000123791 0.000152078 -0.0142793 -0.00111134 -0.00226846 3.49112e-05 -0.0110312 -0.0116441 0.01343 -0.017054 0.000217017 -0.0112281 -0.0314569 -0.00450988 4.05646e-05 -0.00734192 -0.000169381 0.0393469 0.00314127 -2.87179e-06 7.73014e-07 0.0399123 0.0136058 -7.26692e-05 0.0366518 -0.00176777 -0.000150241 -4.27447e-05 -0.000983525 -0.005308 -2.21236e-06 -0.016131 -0.00272165 -0.000749677 -0.00129623 -0.00707499 -0.00058814 9.08498e-05 -0.00067556 -0.000437735 -0.000554877 -0.00658256 -2.15735e-05 -0.00133835 -0.0316749 -0.00041187 0.0217131 4.4108e-05 -0.000178102 -0.000100269 -0.000555856 -0.00728894 -3.21935e-06 -2.35255e-05 -8.45747e-05 -0.00319696 -0.00583799 -1.95813e-05 -0.000465642 -0.000342066 6.125e-06 -4.63015e-05 -0.00014969 1.80075e-06 -0.00937468 -6.30559e-07 -0.0212381 0.000304066 -4.59711e-06 -0.000244446 -0.00860745 -9.92223e-05 0.000397115 -0.000764884 -0.00164336 -1.84815e-07 -4.76157e-05 -0.0379349 8.93841e-05 -0.000999581 -0.00114408 -0.0121384 -0.00801042 -0.00802683 
-3.31016e-05 -0.0326046 -9.70908e-05 -0.00112783 -0.0225915 -0.000659722 -0.0106877 -0.00270119 0.00461169 -0.00400803 0.0568837 0.000565727 -0.0171728 0.000324823 -0.0107393 -0.01731 -0.000810336 -0.000104492 0.0032869 0.00275915 0.000494091 4.67685e-05 0.0353163 0.00182516 -0.0219118 0.026197 -0.000107504 -0.00425501 0.028288 -0.000211758 -0.000567393 0.000329798 -0.000236067 0.00534979 0.00221989 -2.25858e-06 -2.04437e-06 -0.0243407 -0.0436997 -6.59687e-05 -0.0191157 -0.00352427 0.000587144 0.000298004 0.00204548 0.00869526 -1.95069e-06 -0.0130111 0.000534152 0.00208126 0.013993 -0.00152752 -0.000795284 -0.000191547 -0.000578145 -0.000454527 0.000590326 -0.00398713 -0.0009063 -0.000951061 0.0268266 -0.00056112 -0.0379321 1.3538e-06 -0.000136232 8.43989e-05 0.0049893 0.00409015 -1.94127e-05 -9.29653e-06 -5.38558e-05 0.00463854 -0.00386367 -3.06638e-05 0.0032539 0.000179526 -8.06098e-06 0.000405897 -4.80006e-05 3.90024e-06 0.010985 3.7851e-06 0.0250141 -0.000264475 5.60608e-06 0.00052942 -0.00383003 0.00112787 -7.18434e-05 -0.00130838 -0.00127555 -4.30997e-08 0.000447578 0.0115079 -2.81019e-05 -0.000239839 -0.000418574 0.00408487 0.014761 0.000927581 
-3.24546e-05 -0.00305356 -1.68115e-05 0.000114147 -0.00179924 -3.75964e-05 -0.00468547 -0.000145977 -0.000105846 -0.000548574 0.000565727 0.00699154 -0.0031805 0.000105566 -0.00149393 -0.000695796 6.29075e-05 -7.82852e-06 -0.00120216 -0.000101618 0.000890426 2.59783e-06 0.00280903 0.00213043 -5.42189e-05 0.00295363 -0.00242435 -0.00104502 0.000487438 0.00252716 -3.96365e-05 -0.000912878 0.00199655 -0.00149386 0.000420761 -2.92488e-07 1.32089e-05 -0.00241386 -0.00405818 1.19293e-05 0.00228877 -0.000248241 -1.97564e-05 1.46799e-06 -4.48242e-05 -0.000179542 -3.45062e-07 8.03943e-05 0.00122106 0.000573001 0.000285596 -0.000575992 3.3201e-05 -1.48856e-05 -5.1154e-05 -3.63666e-05 0.000371084 0.000456208 4.31771e-05 0.00218569 0.00217539 -7.84444e-05 -0.00431691 -6.53862e-07 -1.12106e-05 3.74264e-05 0.00120557 -0.000530127 1.30462e-05 5.78348e-05 7.40086e-06 0.000264941 0.000114912 2.41546e-06 0.000196891 -1.96759e-05 -6.74129e-07 -2.50708e-06 -1.31216e-05 -1.71944e-08 0.00182885 -5.01082e-08 -0.00132035 -8.57929e-06 6.86657e-06 2.75594e-05 -0.00109172 -4.41367e-06 9.3486e-06 -9.68891e-05 -8.27925e-05 -1.66405e-08 -1.5506e-06 -0.00204459 1.05764e-06 0.00228178 0.00266404 -0.000878131 0.00136212 -0.000656987 
-0.00391166 0.119503 0.000197182 0.00700101 0.0824176 0.00308242 0.034802 -0.00216527 -0.00919615 0.0157893 -0.0171728 -0.0031805 0.185893 -0.00259959 -0.0814771 0.0361634 0.00506994 -0.00127407 -0.105311 -0.00662855 0.00370951 1.83063e-05 -1.10895e-05 -0.00574522 0.114022 0.0382117 0.00608613 -0.105849 -0.00247434 -0.0341721 -0.00761436 -0.0956014 -0.0031832 0.0448411 0.0525611 -2.59643e-05 -2.35937e-05 0.0749044 0.0390111 -0.00130984 0.0552887 -0.00547097 -0.000851631 -0.000346225 -0.00758038 -0.00866095 8.3985e-06 -0.0718815 0.00168537 -0.00749475 -0.0126632 0.0283139 0.00349655 -0.00202288 -0.00212565 -0.000700276 -0.00475513 0.0078123 0.00469044 -0.00318739 0.0284984 -0.00816901 0.0343347 -6.40474e-05 -0.00150607 -0.000551557 -0.00456431 0.0140668 3.81276e-05 -0.000134772 -8.17809e-05 0.0200085 -0.0051079 6.72461e-05 -0.00475551 -0.00354363 -0.000101138 -0.000228334 -0.00168449 -2.209e-05 -0.0366114 -5.38992e-06 -0.111265 0.000477035 -1.88441e-05 -0.00242785 -0.107673 -0.000859085 0.000131607 0.00424686 -0.00109663 -6.50047e-07 -0.000443075 -0.0639242 -1.51539e-05 -0.00695276 -0.00267974 -0.0959879 0.00633643 0.00435717 
-1.1639e-05 -0.00387653 2.68279e-05 -0.00142278 0.00116936 0.000532141 -0.00396292 0.00169613 -0.000102267 -0.000165373 0.000324823 0.000105566 -0.00259959 0.00591218 -0.00109269 0.0030252 0.00122861 5.10945e-05 -0.00111231 0.000332676 -0.000245378 2.4243e-05 -0.000443228 0.00118743 -0.00334842 0.000130265 -0.0023559 -0.000581264 -0.00144876 0.00144678 0.0019459 0.000513619 0.000462632 -0.00102903 -0.00180259 3.94496e-05 2.30925e-05 0.000659689 -0.00143995 7.71429e-05 0.00191442 0.00295699 3.92532e-05 -2.08793e-06 -6.46848e-05 -0.00038693 3.9452e-06 -0.00125601 -8.53819e-05 0.0027492 0.000550478 -0.000511327 0.000278243 0.000801436 0.000324037 6.8909e-05 -4.12437e-05 -5.02067e-05 0.00135209 -0.000106129 -0.00164962 0.0015551 -0.00171247 6.06436e-06 -1.13498e-05 0.000185646 0.000525024 -0.000275718 -3.85013e-07 3.27577e-05 1.31224e-05 -0.000639898 -0.000427358 1.28794e-05 5.08655e-07 -1.50319e-05 -4.37369e-07 0.000203233 0.000613693 1.14706e-06 0.00244904 -2.12904e-08 -0.00149704 0.000175701 -5.94449e-08 1.79653e-05 0.000664437 0.000133434 0.000126194 -6.55048e-05 8.16343e-05 5.29277e-07 -3.16807e-06 -0.00323245 1.50601e-05 -7.50525e-05 0.00183046 -0.000638682 -0.000411468 -0.000397128 
0.00253814 -0.0567139 -0.00113243 -0.00375235 -0.181673 -0.00610633 0.0223915 -0.0112255 0.00635585 -0.0350244 -0.0107393 -0.00149393 -0.0814771 -0.00109269 0.249394 -0.0992361 -0.0122863 0.000829524 0.088588 -0.00664361 -0.0209296 -0.000407573 0.0135625 0.0410793 -0.0597958 0.0338308 0.00545752 0.0756473 0.117562 0.0216716 0.00330823 0.0625037 -0.0019272 -0.113943 -0.0255972 9.02899e-07 -1.4636e-06 -0.164005 -0.0501711 0.000887384 -0.142511 -0.0115743 -0.0013477 -0.000239236 0.00268371 0.0169745 -1.98432e-05 0.0294856 0.0137531 -0.00299669 -0.00495848 -0.0628467 -0.00695639 -0.000340443 -0.00438368 -0.00197783 -0.00153873 -0.0466308 -0.0115584 -0.00875771 0.0795664 0.00631261 -0.0692763 -2.29116e-05 0.00115986 -4.10076e-05 -0.00263474 -0.00963818 -0.0001264 -1.07362e-05 0.000563618 -0.0515958 0.0141382 -0.000192306 0.000785723 0.00259939 5.23699e-05 -0.000149866 0.000937277 1.2079e-06 0.0238064 -6.49778e-07 0.117076 -0.00209881 3.9108e-06 0.00072582 0.0726102 -0.000528671 -0.000659018 -0.000320544 -0.00967892 -5.33471e-07 -0.000204235 0.180795 -0.000132276 -0.0023239 0.00147774 0.0722305 0.0154539 0.00484775 
-0.00156393 0.0378732 0.000119046 0.00333083 0.12093 0.00300775 0.00443478 0.0182401 -0.00551675 0.0368344 -0.01731 -0.000695796 0.0361634 0.0030252 -0.0992361 0.205294 0.00532918 -0.000423312 -0.0491136 -0.00261628 -0.0145911 -0.000187569 -0.0406596 -0.0104324 0.0393469 -0.0947202 -0.00284078 -0.0292831 -0.115752 -0.00798504 0.00129632 -0.0276012 0.00147214 0.064198 0.00814839 2.71565e-05 5.17053e-06 0.114205 0.0521023 -0.000497639 0.140938 0.013524 0.000383005 -9.50523e-05 -0.00318363 -0.0206473 -2.16811e-06 -0.0169313 -0.00940145 0.00257337 -0.0051292 0.0117568 0.000836942 0.00186226 -0.000395312 0.00104019 -0.000347861 0.0342579 0.00304752 0.00485473 -0.104789 -0.00169066 0.0770999 1.82199e-05 -0.000636726 -0.000226591 -0.00224173 0.00880681 4.49347e-05 4.27063e-05 -0.000324537 -0.0197645 -0.0135726 -0.000116356 -0.0021728 -0.00142465 -3.28344e-05 -0.000123018 0.000392059 -5.48775e-06 -0.022583 -1.82677e-06 -0.0755971 0.000447429 -1.39362e-05 7.00703e-05 -0.0247411 -0.000379449 0.000377687 -0.00573445 -0.00206342 -5.19671e-08 -0.000172469 -0.145292 4.10528e-05 -0.00258738 0.00391153 -0.0338669 -0.0138397 -0.0105565 
-0.000149984 -0.0119828 -2.02456e-05 -0.0150532 0.0122908 0.0114388 0.00175921 0.0143676 -0.000569848 0.000123791 -0.000810336 6.29075e-05 0.00506994 0.00122861 -0.0122863 0.00532918 0.0269305 3.67725e-06 -0.00308635 2.06752e-05 0.00407554 0.000194342 -0.00352453 -0.0012798 -0.013557 -0.0132494 -0.0020535 -0.00395144 -0.0114743 0.000224586 -0.000230637 -0.00102838 -7.56301e-05 0.00224571 -0.0139985 -6.03894e-07 -3.51653e-08 -0.00661006 0.00413452 -4.75882e-05 -0.00340872 -0.000737096 -5.12095e-05 -2.03116e-06 0.00113138 -0.00197649 4.20326e-05 -0.00570401 -0.000991183 -0.000294772 0.000351534 -0.00183747 0.00718925 0.000428656 0.000917991 -0.000168481 -0.000149266 0.00452987 0.0207423 -0.000547433 -0.0116701 -0.000255547 0.00798697 4.6579e-06 -5.92364e-05 -3.08296e-06 -2.31912e-05 0.0120274 -8.05818e-06 -7.73993e-06 -2.9348e-05 0.0031931 0.00222342 0.00040033 -0.000202846 -0.000126903 -3.63485e-06 -1.59988e-05 3.60075e-05 1.81592e-05 -0.00419715 -2.00021e-08 -0.00657529 0.00211933 -1.33164e-06 -3.84711e-05 -0.00122652 -2.80811e-05 0.00106986 0.000684511 -0.000491614 5.94541e-07 0.000472162 -0.0141195 0.000312535 -0.000120179 -0.000361488 0.00760786 -0.00321537 0.0106991 
0.000325182 -0.00122955 -3.85279e-06 -0.000726285 -0.000536477 -1.35059e-05 -0.00091737 2.47537e-05 0.000977578 0.000152078 -0.000104492 -7.82852e-06 -0.00127407 5.10945e-05 0.000829524 -0.000423312 3.67725e-06 0.00174928 0.000358727 9.15736e-06 -5.96422e-05 9.1669e-06 -0.00025966 -8.6295e-05 -0.00131047 -0.000753225 -0.000270391 0.000314324 0.000224737 0.000668008 0.00061677 0.00147345 5.41704e-05 -0.000451919 -0.00156687 -7.27928e-08 1.47308e-05 -0.000711456 -0.000851764 0.000768431 -0.000605372 -9.96406e-05 -4.73813e-06 -9.89361e-07 3.71591e-05 -6.15296e-05 8.77456e-07 -0.000386544 0.000276729 -1.9455e-05 -3.5841e-06 -0.000233297 9.53091e-06 -3.38401e-07 -1.5411e-05 -1.07264e-05 -1.27057e-05 -6.5202e-05 4.42825e-06 -3.47421e-05 -7.06365e-05 0.00100026 -0.000536198 2.72373e-05 2.39395e-06 2.38219e-06 3.79692e-06 -0.000165247 -5.04229e-07 1.17193e-06 0.000138409 -0.000193407 -0.000102126 3.8604e-06 7.44359e-05 0.000499003 4.38679e-06 1.74722e-06 -1.06757e-06 3.05845e-06 0.00131934 1.6592e-06 0.000829579 9.75925e-06 -1.12024e-08 -8.65099e-08 0.00119606 -2.31582e-06 1.95869e-06 5.44512e-05 -4.06376e-05 2.52527e-09 -1.06699e-06 0.000624076 1.35074e-05 -2.3688e-05 2.39891e-05 -0.000180119 -0.000180307 -0.000179873 
0.00138284 -0.0948884 -0.000446964 -0.0158978 -0.0740732 -0.00240113 0.0158531 -0.00570133 -0.000581 -0.0142793 0.0032869 -0.00120216 -0.105311 -0.00111231 0.088588 -0.0491136 -0.00308635 0.000358727 0.153464 -0.00262877 -0.00229296 -0.00012814 -0.0135583 6.3597e-05 -0.101681 -0.0549865 0.00268653 0.111364 -0.00195854 0.0142312 0.00268753 0.0887234 -0.000804592 -0.0412206 -0.044578 -7.81342e-06 -3.26799e-06 -0.0722111 -0.00942408 -0.000140791 -0.0709999 -0.011412 -0.000641248 -5.68089e-05 0.00556655 -0.000145683 -6.79351e-06 0.0660671 -0.00413595 -0.00200751 -0.00101752 -0.0236982 -0.00178249 -0.000481851 -0.00185963 -0.00130197 0.000407198 -0.0157032 -0.00329998 -0.00363942 -0.0378474 0.002052 -0.00201013 -1.31188e-05 0.00165309 -1.01609e-05 -0.00100474 -0.0035851 -4.85407e-05 -5.11975e-05 2.28133e-05 -0.0187981 0.00122068 -3.66785e-05 0.00193859 0.000822165 7.77308e-05 3.95383e-05 9.18545e-05 1.97479e-05 -0.00563301 -1.2497e-06 0.109618 -0.000813527 -9.8192e-06 0.00101268 0.101141 -4.91489e-05 -0.000249685 -0.00254569 -0.00420405 1.8596e-07 0.000463649 0.0769472 -7.69801e-07 0.00278551 -0.00288547 0.100908 -0.0199247 8.61999e-05 
0.00039938 -0.00159554 -1.14533e-05 0.000123426 -0.00553003 -0.000108496 -0.0102199 0.00387196 0.000246138 -0.00111134 0.00275915 -0.000101618 -0.00662855 0.000332676 -0.00664361 -0.00261628 2.06752e-05 9.15736e-06 -0.00262877 0.0169788 0.00467461 -1.27139e-05 0.00266034 -0.00205193 -0.00242617 0.00657756 -0.00294357 -0.00229572 -0.00265275 0.00287961 -3.98334e-05 0.000507972 7.59603e-05 -0.0042267 -0.00460848 8.05633e-07 -1.70007e-07 -0.00440054 -0.00359122 5.44205e-06 -0.00634643 0.00143673 0.000318193 1.86721e-05 -6.82392e-05 0.00161662 -8.46704e-07 0.00111852 -0.000568123 0.000115592 0.00223987 0.00145829 -0.000205072 0.00127159 0.00660261 0.00203239 0.00148457 0.00129087 0.000177694 0.00205858 0.00286146 -3.14539e-05 -0.00743303 7.16756e-05 -3.58563e-05 -2.55677e-05 0.00136525 -0.00135941 9.6699e-07 -2.1098e-06 -1.8326e-05 0.00604064 -0.000736712 -2.9905e-06 0.00132618 -6.69362e-05 1.8344e-05 -1.8923e-06 -3.68949e-05 4.75541e-07 0.00132761 1.92069e-06 2.85258e-05 -6.38408e-05 -5.30201e-07 -6.72729e-05 0.000957849 1.62679e-05 -1.45913e-05 -0.000361131 0.00877988 -4.08321e-08 -9.48666e-06 -0.00514908 -6.95774e-06 0.000558781 -0.00020202 -0.00253703 0.00284847 0.000228495 
-0.000280525 0.0027821 9.20874e-05 -0.00186444 0.00905874 0.00163445 -0.00683728 0.00285603 -0.000923088 -0.00226846 0.000494091 0.000890426 0.00370951 -0.000245378 -0.0209296 -0.0145911 0.00407554 -5.96422e-05 -0.00229296 0.00467461 0.0489003 0.000342737 0.00294908 -0.00749828 0.00185593 0.000753148 -0.00413495 -0.00580462 -0.01964 -0.00396089 -0.000578316 -0.0054989 -0.000195177 -0.00913885 -0.00174143 -2.14174e-06 -1.60079e-06 0.0107089 0.00484978 -9.64364e-05 -0.00453167 -0.000866887 2.61759e-05 4.89205e-05 -0.00031908 -0.00360347 -1.67158e-08 0.00634165 -0.00178279 -0.000575577 -0.000874638 0.0068025 0.00654637 -5.59459e-05 0.00318878 4.67567e-05 0.00302593 0.0193222 0.00559487 0.00250817 -0.00568937 -0.000746017 -0.00239267 2.40876e-06 -7.37721e-05 6.25327e-05 -0.000386432 -0.000853554 -5.67435e-06 4.12197e-05 -5.10918e-05 0.0197137 -0.00223502 0.000161648 -0.000386186 -0.0002561 -5.05134e-06 -1.2442e-05 -9.2256e-05 -1.02482e-06 -0.00711178 -5.73429e-09 -0.00945608 0.00141299 -2.87378e-06 -0.000184463 -0.00613505 5.50971e-05 9.77574e-05 0.000693352 0.00493863 -1.2185e-07 5.50098e-05 -0.0214516 -2.03451e-05 0.00348677 -0.000705373 -0.00553883 -0.00432979 0.00451624 
9.59324e-06 -0.000657993 6.48706e-05 -8.06172e-05 0.000340268 0.000129374 -0.000509404 6.00841e-05 -9.52582e-06 3.49112e-05 4.67685e-05 2.59783e-06 1.83063e-05 2.4243e-05 -0.000407573 -0.000187569 0.000194342 9.1669e-06 -0.00012814 -1.27139e-05 0.000342737 0.00104309 -1.70883e-05 1.2161e-05 -0.000536206 -0.000319993 -7.54652e-05 -4.97936e-05 -0.000232954 2.95331e-05 3.34169e-05 -3.44941e-05 3.16408e-05 -0.000236509 -0.000617086 -4.33751e-08 1.52047e-05 -5.83496e-06 1.05748e-05 1.30893e-05 0.000444861 -2.64341e-05 4.75978e-05 1.36671e-05 -1.36215e-05 1.01075e-05 1.69216e-06 3.50873e-06 -2.60531e-05 -4.8337e-06 5.24549e-05 -4.93563e-05 0.000518092 2.96906e-07 3.88156e-05 4.31649e-06 -5.8443e-06 0.000559317 0.00046659 -1.43685e-05 -0.000275505 3.10381e-05 2.77455e-05 3.43034e-07 1.52305e-06 1.8316e-07 -3.06893e-06 -7.22148e-05 1.69046e-06 6.39534e-06 -6.52293e-07 -0.000117291 -6.5386e-05 7.35813e-05 -6.03313e-06 -4.90734e-06 4.90714e-06 -3.81179e-07 -2.35026e-06 -3.27036e-08 5.65271e-05 -8.41954e-09 -9.98022e-05 0.000536799 -5.09427e-08 8.27854e-07 4.56255e-06 2.23405e-05 3.67031e-05 -2.09702e-05 3.98854e-06 -2.46774e-09 -6.35789e-07 -0.000411179 1.67946e-05 -1.19522e-05 -3.27811e-06 -4.66008e-05 5.95349e-05 -0.000110955 
-0.000418776 -0.00293144 -0.000209936 0.00620405 -0.0567658 -0.00191193 -0.010545 -0.00619327 0.000215664 -0.0110312 0.0353163 0.00280903 -1.10895e-05 -0.000443228 0.0135625 -0.0406596 -0.00352453 -0.00025966 -0.0135583 0.00266034 0.00294908 -1.70883e-05 0.12626 0.0047731 0.0102569 0.0687428 -0.00466575 -0.0221242 0.0626276 0.00622163 -0.00128538 -0.018022 0.0015475 -0.0168632 0.0140323 -5.96094e-06 -5.00485e-06 -0.0590127 -0.0812259 -0.000269997 -0.0497002 -0.00790802 0.000279459 0.000204012 0.00171743 0.0357771 -7.21108e-06 -0.0247059 -0.0051628 0.000278862 0.0101463 -0.00957181 -0.0021688 -0.000418174 -0.000345241 -0.000865929 0.00268304 -0.00775677 -0.00339317 0.00264114 0.0746422 -0.00210408 -0.0969509 -1.26288e-05 -0.000185742 -0.000184693 0.00203112 -0.00494872 -3.84653e-05 -1.56496e-05 -0.000162151 0.00182706 0.00987043 -7.23671e-05 -0.000120867 -0.000717833 -2.07242e-05 6.82677e-05 -0.000321457 -2.94933e-06 -0.00567236 -2.65254e-07 0.0118355 -0.000661946 3.71859e-06 -0.000143092 -0.0222937 0.000787443 -0.000192398 -0.00195314 0.000454587 -3.50325e-07 0.000114192 0.0415345 -6.90008e-05 0.00383367 0.000601183 -0.0141843 0.055277 0.000207636 
-0.000662351 -0.00251015 -0.000308085 -0.0070296 -0.0566704 -0.00187769 -0.0133637 -0.00513498 -0.00133259 -0.0116441 0.00182516 0.00213043 -0.00574522 0.00118743 0.0410793 -0.0104324 -0.0012798 -8.6295e-05 6.3597e-05 -0.00205193 -0.00749828 1.2161e-05 0.0047731 0.130515 0.00935128 0.00510099 -0.00211844 0.00121203 0.0348956 -0.00209601 0.00115447 -0.00954153 0.00139365 -0.021936 0.00358241 3.39556e-05 9.83582e-06 -0.047126 -0.0316089 -6.91501e-05 -0.0250292 0.00610398 -0.000385293 -6.28223e-05 -0.00182305 -0.00162198 -7.30341e-06 -0.0310396 0.00438414 0.000856483 -0.00238446 -0.0168895 -0.00233569 0.000261321 -0.00132821 0.00161904 0.00170927 -0.0159159 -0.00329602 -0.00134672 0.0120007 0.00391919 -0.0491122 -1.21201e-06 -8.86726e-05 8.71916e-06 1.5159e-05 0.0342769 -1.91764e-05 7.50085e-05 0.000524955 -0.0179196 0.0311673 -4.7206e-05 0.00348808 -0.000530405 4.5836e-05 -2.83991e-05 0.00104834 -4.83375e-06 0.0056623 2.48884e-07 -0.0189662 -0.000663734 7.70636e-06 0.00104434 -7.8411e-05 -0.000133558 -5.59772e-05 -0.00304493 -0.00164562 -3.1141e-07 -9.01693e-05 0.0369459 -4.35812e-05 -0.000207143 0.00788349 -0.0146597 0.021078 0.0404832 
-0.00379381 0.144275 0.000165123 0.0289949 0.0591405 -0.00833354 -0.000465451 -0.0148728 -0.00927169 0.01343 -0.0219118 -5.42189e-05 0.114022 -0.00334842 -0.0597958 0.0393469 -0.013557 -0.00131047 -0.101681 -0.00242617 0.00185593 -0.000536206 0.0102569 0.00935128 0.188058 0.0516177 0.00145949 -0.103441 0.0099725 -0.0202736 -0.00752473 -0.0995803 0.000242204 0.0249137 0.0680974 -3.08786e-05 -1.78314e-05 0.0734787 0.0210791 -0.00137647 0.0572283 0.00409878 -0.000732274 -0.000277765 -0.00630812 -0.00316482 -3.41202e-05 -0.0791031 0.0057119 -0.00442001 -0.0109425 0.0192851 -0.00448741 -0.00205169 -0.000760018 0.000727072 0.00177085 0.00848274 -0.013688 0.00399112 0.0488614 -0.00896768 -0.0103458 -3.66937e-05 -0.00153557 -0.000589596 -0.00509806 -0.00480598 6.14823e-05 -6.52324e-06 -0.000187026 -0.000228054 0.0101546 -0.000342527 -0.00522585 -0.00346115 -9.89239e-05 -0.000303713 -0.00155392 -2.27183e-05 -0.00777195 -3.18182e-06 -0.107887 -0.00223481 6.68462e-06 -0.000603948 -0.11015 -0.000702609 -0.00093185 0.00262509 0.00319135 -8.53192e-07 -0.00045574 -0.0455454 -0.000296351 -0.00146724 -0.000238257 -0.123032 0.0142378 0.00351331 
0.00220154 0.0355162 -0.000680575 0.0199805 -0.0788717 -0.00646715 -0.0338028 -0.0158957 0.00580155 -0.017054 0.026197 0.00295363 0.0382117 0.000130265 0.0338308 -0.0947202 -0.0132494 -0.000753225 -0.0549865 0.00657756 0.000753148 -0.000319993 0.0687428 0.00510099 0.0516177 0.249926 -0.00331373 -0.0746975 0.14329 -0.000116611 -0.00106141 -0.0558178 0.000309285 -0.0564377 0.0423593 9.2663e-06 -1.59685e-05 -0.0599282 -0.0817183 -2.89334e-05 -0.0701912 0.0060284 0.00095074 0.000107226 0.00102756 0.0265094 -2.49245e-05 -0.0662807 0.0153123 0.00248007 0.00784836 -0.0277962 -0.00687709 -0.000407237 0.00237486 -0.000213295 0.000182573 -0.0260506 -0.0123068 -0.000628364 0.182663 0.00167692 -0.121382 1.11018e-06 -0.0010743 0.000323234 0.00282169 -0.0316402 -2.84158e-05 -8.71672e-06 8.45749e-05 0.00533787 0.0026599 -0.000251163 0.000579935 0.000941549 -3.91099e-05 3.90417e-05 0.000275946 -1.45625e-05 0.0482361 1.38903e-06 0.00021344 -0.00198709 2.72359e-05 -0.00109539 -0.0705943 0.000467596 -0.000487374 0.00502176 0.00853637 -1.20198e-06 -0.000209092 0.0798632 -0.000231963 0.00160465 0.00181863 -0.0601234 0.0321539 -0.0217987 
-3.83907e-05 0.00229963 6.27125e-06 0.00247833 0.00187785 -0.000990246 0.0105565 -0.00139035 7.17098e-05 0.000217017 -0.000107504 -0.00242435 0.00608613 -0.0023559 0.00545752 -0.00284078 -0.0020535 -0.000270391 0.00268653 -0.00294357 -0.00413495 -7.54652e-05 -0.00466575 -0.00211844 0.00145949 -0.00331373 0.0163628 0.00210813 0.0064485 -0.001921 -0.00206252 0.00143421 -0.0023709 0.00132907 0.000786638 -3.95688e-05 -2.17849e-05 -0.00203092 0.00502257 -0.000307945 -0.00461447 -0.00184326 -0.000258962 -8.60821e-05 -0.000173393 0.00101957 -1.11121e-06 -0.00327763 0.000308439 -0.00196975 -0.000110296 -0.00318038 -0.0013586 -0.000478823 -0.00077087 -0.000486571 -0.00269941 -0.00385969 -0.00175427 -0.00653869 0.00293441 -0.0023062 0.00528034 -4.98314e-05 3.22765e-05 -0.000122611 -0.00012531 -0.000722201 -6.56896e-06 -8.00957e-05 -0.000203196 -0.00276891 0.000867786 -0.000112744 1.88302e-05 6.08222e-05 -1.76173e-05 -9.59015e-07 -0.000834427 -1.36885e-06 -0.000103611 -1.79916e-06 0.00379292 -0.00108648 7.0095e-07 -5.12989e-05 0.00165968 -4.55103e-05 -0.00072457 -0.000173505 -0.00206515 -1.87342e-07 -3.63716e-05 0.00871876 -0.000102589 -0.00592054 -0.00387713 0.00268254 -0.000327802 -0.000257193 
-0.000825331 -0.101399 -0.000259345 -0.0152351 -0.0572432 -0.00199997 0.0123508 0.000879517 -0.0025692 -0.0112281 -0.00425501 -0.00104502 -0.105849 -0.000581264 0.0756473 -0.0292831 -0.00395144 0.000314324 0.111364 -0.00229572 -0.00580462 -4.97936e-05 -0.0221242 0.00121203 -0.103441 -0.0746975 0.00210813 0.135547 -0.0235696 0.0197236 0.00278409 0.0987757 0.000722195 -0.039996 -0.0538412 -6.69996e-06 -2.24922e-06 -0.0559432 0.0163704 -0.00026675 -0.0468785 -0.00971361 -0.000555417 3.60611e-05 0.00236619 -0.00496949 -5.29059e-06 0.085663 -0.0049411 -0.000724349 -0.0016384 -0.021095 -0.00227487 6.49247e-05 -0.00157331 -0.000839497 -0.000383524 -0.0131098 -0.00336599 0.000685304 -0.0641129 0.00147043 0.022787 -1.16551e-05 0.00167343 0.000138362 -0.000491889 -0.00741025 -3.9435e-05 -3.49383e-05 4.42653e-05 -0.0187011 -0.00103629 -3.66044e-05 0.00233828 0.000535028 7.5699e-05 0.000219059 -2.03671e-05 1.45592e-05 -0.0121084 -1.1771e-06 0.0853028 -0.000523724 -9.08647e-06 0.00103576 0.11528 -6.87328e-05 -0.000221968 -0.00270808 -0.00361274 2.11204e-07 0.000167458 0.0555445 1.35582e-05 0.00304617 -0.00224755 0.10508 -0.0179149 -0.00023862 
0.00312074 -0.00733952 -0.000713596 -0.00651569 -0.144217 -0.0054052 -0.0157501 -0.0195768 0.00876188 -0.0314569 0.028288 0.000487438 -0.00247434 -0.00144876 0.117562 -0.115752 -0.0114743 0.000224737 -0.00195854 -0.00265275 -0.01964 -0.000232954 0.0626276 0.0348956 0.0099725 0.14329 0.0064485 -0.0235696 0.243883 0.0147176 -0.00374679 -0.0174187 -0.00176054 -0.0821623 0.0195105 -1.72677e-05 -1.30909e-05 -0.141816 -0.0935157 0.000780682 -0.125886 -0.00677574 0.000122946 5.00965e-05 0.000936503 0.0347151 -2.0637e-05 -0.0565425 0.0199683 0.000237496 0.00874581 -0.0509979 -0.00606096 -0.00133318 -0.00403165 -0.00219429 -0.00249238 -0.0419275 -0.0104039 -0.00822821 0.185353 0.000771345 -0.130362 -3.32419e-05 -0.000335137 0.000199756 0.00386439 -0.00491814 -5.43584e-05 -5.73975e-05 0.000616328 -0.0366768 0.0241477 -0.000212483 0.00343945 0.00184223 -6.94156e-06 0.000255447 -0.000339915 -1.2667e-05 0.0495281 3.41232e-06 0.0452197 -0.00179187 3.28962e-05 0.000592058 -0.0194116 0.000585911 -0.000612547 0.00683087 -0.00208888 -7.0349e-07 -0.000219702 0.167371 -0.000129158 -0.00599688 -0.00239559 -0.0125963 0.0329218 0.00285251 
0.00194594 -0.0321813 -6.76514e-06 -0.00560224 -0.0225542 -0.000360511 -0.00677828 0.00617502 -0.000774966 -0.00450988 -0.000211758 0.00252716 -0.0341721 0.00144678 0.0216716 -0.00798504 0.000224586 0.000668008 0.0142312 0.00287961 -0.00396089 2.95331e-05 0.00622163 -0.00209601 -0.0202736 -0.000116611 -0.001921 0.0197236 0.0147176 0.0804449 0.00050733 0.025021 0.00249718 -0.0216849 -0.0295697 -3.49838e-06 2.40244e-05 -0.0342146 -0.0115985 0.000329884 -0.00810839 -0.00354786 0.000374467 -1.08367e-05 0.000532994 -0.00374078 1.61284e-06 0.00802825 -0.000986237 -0.000784093 0.000934193 -0.0110201 -0.000789761 0.000877825 0.00145165 0.000180664 -0.000179637 -0.00802481 0.000733462 0.00129628 0.00599727 -0.000133025 -0.0186154 5.38801e-05 -0.000120352 6.23077e-05 0.00126446 -0.00693425 2.98383e-05 2.39724e-05 -3.74496e-05 -0.00997299 -0.00177812 -3.02048e-05 0.00146502 -0.000383862 1.50198e-07 0.000109948 -0.000170712 5.70333e-06 0.00523161 -3.21422e-07 0.0161523 9.47615e-05 2.75223e-06 0.00151657 0.0304853 -2.62577e-05 0.000192364 -0.00157815 0.00134318 7.24818e-07 -5.11552e-05 0.0189687 0.000292055 0.00127917 0.00109501 0.0162037 0.00697058 -0.00693793 
-3.51695e-05 -0.00764741 4.97472e-05 -0.00211129 -0.00230615 -0.000128117 -0.0036737 -0.000414323 0.000992965 4.05646e-05 -0.000567393 -3.96365e-05 -0.00761436 0.0019459 0.00330823 0.00129632 -0.000230637 0.00061677 0.00268753 -3.98334e-05 -0.000578316 3.34169e-05 -0.00128538 0.00115447 -0.00752473 -0.00106141 -0.00206252 0.00278409 -0.00374679 0.00050733 0.0111323 0.00291934 0.000588537 -0.00252364 -0.00262998 3.91956e-05 1.84899e-05 5.92665e-05 -0.0053644 0.000498242 8.00985e-05 0.00365787 5.25099e-05 -5.82676e-06 0.00234516 -0.000735111 2.76156e-06 0.000776269 -0.000282751 0.00299992 -6.28248e-05 -0.00149293 -0.000142537 0.000293136 -8.55867e-05 -6.59775e-05 -7.87257e-05 0.00107662 -0.000209477 -0.000151932 -0.0036327 0.00456298 -0.00333198 3.32178e-05 4.73648e-06 0.000164132 -3.75123e-05 -0.00112809 -2.7319e-06 8.33671e-05 5.45483e-05 -0.00137407 -0.000792958 4.86616e-06 6.759e-05 0.000455215 4.48817e-05 2.53755e-05 0.000921541 1.6734e-05 0.00526127 7.92548e-07 0.00300199 7.69567e-05 -6.69738e-07 0.000533978 0.00300653 -1.3042e-05 4.66087e-06 -8.756e-05 -0.000226812 -2.6609e-08 3.77011e-05 0.00106766 3.11094e-05 0.000605275 0.00295709 0.00301246 -0.00128385 -0.00118288 
0.00234881 -0.0942436 -0.000299553 -0.0145717 -0.049197 -0.00109397 0.00687774 0.00378384 -0.000146928 -0.00734192 0.000329798 -0.000912878 -0.0956014 0.000513619 0.0625037 -0.0276012 -0.00102838 0.00147345 0.0887234 0.000507972 -0.0054989 -3.44941e-05 -0.018022 -0.00954153 -0.0995803 -0.0558178 0.00143421 0.0987757 -0.0174187 0.025021 0.00291934 0.115923 -0.000346665 -0.0315623 -0.0625574 -5.40951e-06 1.17846e-05 -0.0531832 0.00415334 0.000787678 -0.0434144 -0.00770555 -0.000408451 -2.14019e-05 0.00139689 -0.00225205 1.06786e-06 0.0675652 -0.0040564 0.000154166 0.00378194 -0.0176533 -0.00169779 0.00049861 -0.000909322 -0.000869164 -0.000964972 -0.0128706 -0.000578474 -0.00265041 -0.0453311 0.00385217 0.0216569 2.68783e-05 0.000243968 6.63223e-05 0.00275034 -0.00841958 -4.14293e-05 -3.78041e-05 0.000167729 -0.0154521 -0.00597733 -4.99031e-06 0.0043538 0.00106915 8.55237e-05 0.000202077 -0.000243949 1.93816e-05 -0.00231805 3.79418e-06 0.0809205 -0.000189566 -7.4551e-06 0.00018088 0.103192 0.000340726 0.000175332 -0.00190116 -0.00308087 8.2037e-07 0.000159949 0.0463255 0.000184186 0.00179449 -0.00205338 0.0923881 -0.014904 -0.00802449 
-2.24121e-05 -0.00309271 -6.58672e-06 -1.62354e-05 0.000287755 -5.672e-05 -0.00377977 -6.83556e-05 -7.96682e-05 -0.000169381 -0.000236067 0.00199655 -0.0031832 0.000462632 -0.0019272 0.00147214 -7.56301e-05 5.41704e-05 -0.000804592 7.59603e-05 -0.000195177 3.16408e-05 0.0015475 0.00139365 0.000242204 0.000309285 -0.0023709 0.000722195 -0.00176054 0.00249718 0.000588537 -0.000346665 0.00439151 -0.00112324 -1.62788e-05 1.18301e-05 2.21377e-05 6.40506e-05 -0.00167837 3.53798e-05 0.00251449 0.000311216 -1.53267e-05 8.78961e-06 -5.53966e-05 -0.00026232 -2.16167e-07 0.0013358 -5.30228e-05 0.000469905 -6.73014e-05 -0.000583221 -6.61535e-05 7.38772e-05 -3.37362e-05 -2.70547e-05 4.13409e-05 0.00134513 -6.77087e-05 0.00307302 -0.000962835 0.000108144 -0.00284967 1.49304e-05 -9.86781e-06 -6.48268e-06 2.47501e-05 -0.00044184 1.24064e-05 5.27008e-05 -3.84775e-06 -0.000537345 -0.000302163 4.34235e-06 -2.34969e-05 -1.87991e-05 1.66758e-06 6.81492e-06 -3.66497e-06 2.42852e-06 0.00144078 -3.55671e-08 -0.00122507 2.89147e-07 -5.48577e-08 -1.4915e-05 -0.000496332 -3.70437e-06 1.47813e-05 -8.91709e-05 -9.40984e-05 -1.04246e-08 -2.66246e-06 -0.00238764 6.74233e-06 0.00227297 0.00241613 -0.000770202 0.00120785 -0.00048255 
