0.223515 0.0182323 -5.75603e-06 -8.61401e-05 -0.00491412 -0.0493593 -0.00018046 -0.0284524 0.00245895 -0.0120507 -0.0222166 -0.0139768 -0.000982436 0.0700155 0.0290101 -0.00151053 -0.0227722 -0.0048604 0.00101841 0.0183988 -5.48623e-05 0.00122478 -0.0139954 0.00358126 0.0124764 -0.00361162 -0.0160169 -0.0154133 -0.000208151 2.90756e-05 -0.00766472 -0.000170613 -0.00714684 -0.00256639 -0.00482461 -0.000157549 -0.00757701 -0.0023591 0.00169712 -0.00521578 -0.0027473 0.0629968 -0.0146408 0.000340529 -0.00194538 0.00200745 -0.00530626 -0.00429211 -0.000485819 0.00282893 -0.0193164 -0.0122067 3.79882e-05 0.00114523 -0.00194551 -0.00225229 -0.000266266 0.0116283 4.26263e-06 7.82375e-05 -0.000675838 0.00277195 -0.00886485 -0.00402274 -0.000411463 9.03545e-05 -0.00324726 -0.000405571 -0.000113264 0.00402509 -0.0263528 -0.0260101 0.0200437 -0.0416884 -0.00940153 0.0237168 -0.00398462 -0.000472645 0.00968276 -0.0196532 1.23664e-05 -0.0180494 0.0307656 -0.00563845 0.0114469 -0.0182191 0.00470109 -3.12915e-05 -0.0935592 0.00241739 -2.96045e-05 -1.34038e-05 1.59968e-05 -0.000513288 0.0107407 0.0141372 -0.00105836 0.00218684 -0.0029526 -0.000356241 
0.0182323 0.0908244 -4.17409e-05 4.91017e-05 -0.00300469 0.0206519 -0.000208798 -0.0111297 0.00284197 -0.0593319 0.0566468 -0.0579705 -0.00165148 0.0358307 0.0528726 -0.00349733 -0.0107421 -0.0140472 -0.000815911 0.0569494 -0.000140508 0.0397798 -0.0394364 -0.00238208 -0.0257791 0.0119839 -0.0487053 -0.0535542 -0.000408926 -1.22803e-05 -0.0490114 -0.000462427 0.00159467 0.00788029 0.0013018 -2.73006e-05 -0.0155254 0.00428195 7.23178e-05 -0.0126765 0.00165453 -0.00534269 -0.0563186 -7.44147e-05 -0.00445779 -0.0029367 0.00163272 -0.0105481 -0.000283282 1.52699e-05 -0.0560309 -0.033252 -5.12912e-05 -0.00276312 0.000299797 0.000377368 5.71153e-05 -0.00901083 -4.27708e-06 -1.70576e-05 -0.00171114 -0.00255208 -0.0575561 -0.0089021 -0.000969547 -0.000319602 0.0684044 -0.000351251 4.58128e-05 0.0675215 0.0235088 0.00367653 0.0793692 0.0625615 0.0491627 0.0518047 -0.00348901 -0.00246324 0.00249529 -0.042053 -4.67419e-06 -0.0534283 -0.00714602 -0.0608513 0.0071226 -0.0486685 -0.00792287 -3.92653e-05 0.0399619 -0.000924606 -4.16773e-05 -2.09613e-05 -2.29574e-05 -0.000170333 0.0631486 -0.0268288 -0.000399394 -0.000157517 -0.00548683 -0.000478757 
-5.75603e-06 -4.17409e-05 6.18162e-05 -1.96481e-08 -1.01179e-06 -1.78231e-05 5.23799e-07 -5.70257e-06 -4.37265e-06 5.05975e-05 -5.14873e-05 4.1922e-05 -3.27864e-06 -2.07035e-05 -4.67179e-05 -2.80904e-07 -5.34752e-06 4.72909e-05 -9.59611e-08 -5.18154e-05 -1.09191e-08 -1.95275e-05 2.20615e-05 1.47006e-05 1.61422e-05 -2.844e-05 1.755e-05 4.56882e-05 1.49253e-07 1.19554e-07 1.14165e-05 -3.21992e-08 -1.36249e-06 -2.72702e-06 1.12088e-06 7.29137e-07 -1.28934e-06 3.85656e-06 6.02106e-07 2.346e-07 -1.4696e-06 6.22237e-06 4.12205e-05 6.1763e-06 -3.62895e-07 1.93064e-05 -1.13709e-06 -1.15681e-06 -4.60562e-07 -4.93743e-07 4.60213e-05 3.11397e-05 -4.98001e-09 -1.23198e-07 2.41594e-06 9.30587e-07 -5.12222e-08 -2.91992e-06 -1.11338e-09 -1.41238e-08 7.70518e-07 -1.0742e-06 4.96187e-05 -7.93993e-07 6.07802e-07 -2.78884e-08 -4.88048e-05 -7.74211e-08 -4.31846e-08 -5.42432e-05 -1.56762e-05 -6.96058e-06 -5.16802e-05 -4.37307e-05 -2.8907e-05 -5.17385e-05 1.27907e-07 2.56322e-06 -1.23304e-06 2.64186e-05 5.5528e-07 4.26578e-05 -1.34414e-06 5.34411e-05 -4.74062e-06 3.85331e-05 1.15657e-08 -5.97284e-09 -3.63787e-05 4.98586e-06 -5.53866e-09 2.75431e-08 -5.82468e-09 -1.07305e-07 -5.57258e-05 4.90282e-06 -2.21547e-07 4.3074e-06 -1.0378e-06 2.81906e-06 
-8.61401e-05 4.91017e-05 -1.96481e-08 0.000748625 3.69244e-05 -0.000174236 2.90368e-05 0.000143901 0.000125662 -3.21725e-05 -0.000234466 -4.3347e-05 -5.44363e-05 0.000272892 -9.83302e-05 8.74244e-06 2.75592e-05 -1.26452e-05 -1.08119e-06 -0.000144751 1.91007e-07 -0.000144636 -2.32952e-05 8.42943e-05 -2.70702e-05 -0.000408324 -3.64531e-05 -4.34607e-05 2.83442e-05 7.95753e-06 -3.64719e-05 2.67312e-06 -1.24752e-05 0.000120861 0.000406867 1.77956e-05 -6.67897e-06 0.000383893 -2.16626e-06 3.17735e-05 0.00030504 -0.000108935 -3.50414e-05 3.24334e-05 3.05255e-05 -2.76802e-06 4.77437e-05 3.57175e-05 1.42841e-05 -7.30356e-06 -4.12567e-05 -2.64918e-05 1.16315e-07 -1.94989e-06 0.000135265 5.53843e-05 3.69926e-05 -3.32127e-05 -1.34929e-08 1.2855e-06 -1.58997e-06 -1.30561e-05 -2.18098e-05 3.53111e-05 3.03798e-06 1.79054e-05 -0.000119643 2.74508e-06 2.52333e-05 2.25362e-05 -0.00013253 6.31869e-05 -0.000213684 -0.000481453 -0.000198044 -0.000237494 -8.78892e-06 1.18372e-05 -1.79991e-05 -2.78816e-05 -1.68018e-08 -3.98164e-05 -0.000105771 -4.97086e-05 0.000397959 -3.62142e-05 -6.21503e-06 2.92095e-06 -0.000318355 -2.36262e-06 -1.07518e-07 1.43969e-05 -7.05884e-08 6.23293e-06 -4.59723e-05 0.000115921 1.45484e-05 -2.85317e-06 -1.01202e-05 1.55287e-05 
-0.00491412 -0.00300469 -1.01179e-06 3.69244e-05 0.0179207 -0.00172537 -1.35553e-05 -0.000978279 -0.00128258 0.0013975 -0.000150054 0.00149615 -0.000913844 0.00170967 -0.000698743 1.01694e-05 -0.00160989 -0.000245182 -1.7642e-05 -0.00338566 -3.22413e-06 -0.00153613 -0.000316576 0.000307837 0.000165766 -0.00508516 0.00155953 0.00344209 -1.66828e-05 -1.09592e-06 0.00130815 -8.82428e-06 0.000285226 0.00580964 -0.000935427 9.20228e-05 4.02511e-05 -0.000682438 -4.46553e-05 -0.000298128 0.00617342 0.000645704 0.00151635 -0.000252477 -0.000105924 -6.82951e-05 0.00489568 -0.00021066 5.64818e-05 -0.000133159 0.00109374 -0.000521832 -5.20475e-07 -7.82975e-05 2.98147e-05 -0.000152003 -1.17313e-05 -0.00052697 -3.28753e-07 -2.35375e-06 -3.36648e-05 0.00300466 0.00124067 -0.000204917 8.02754e-06 -7.4981e-06 -0.00762974 0.00103269 9.86987e-05 -0.00159256 -0.00418835 0.0117081 -0.0115113 -0.00975884 -0.00622705 -0.0138616 -0.000162807 -5.75724e-05 -0.000554671 0.0049883 -3.42708e-07 0.0016124 -0.00293759 0.00134808 0.00268821 0.00162649 -6.03737e-05 -1.76363e-06 0.000131335 -2.68268e-05 6.43365e-06 -5.42138e-07 -1.65988e-06 -2.04778e-05 -0.00126874 0.0105894 1.97325e-05 -7.11705e-05 3.64276e-05 -1.88698e-05 
-0.0493593 0.0206519 -1.78231e-05 -0.000174236 -0.00172537 0.221897 -0.000187378 -0.0125002 -0.00474323 -0.0185232 0.0385017 -0.0211755 -0.00907219 -0.0677317 0.0426179 -0.00145282 -0.0161107 -0.00553644 0.000318813 0.0266323 -5.75868e-05 -0.0231861 -0.0143343 -0.00807839 -0.00919991 0.010724 -0.0180138 -0.0172197 -0.00027981 -1.92782e-05 -0.0160679 -0.00017098 -0.00693114 0.0287213 -0.0192031 -0.000171239 -0.00645199 -0.0112906 0.000423506 -0.00611595 -0.00754952 -0.0369185 -0.0212706 -0.00440458 -0.00193456 0.00159362 -0.00609106 -0.00509786 -0.000773085 0.000922185 -0.0210466 -0.0122946 -8.54042e-06 0.00230356 -0.00118394 -0.00193373 -0.000268956 -0.00397844 -5.13912e-06 -6.32763e-05 -0.000702234 -0.000274019 -0.0176783 -0.00420223 -0.00040505 -0.000126935 0.0310114 0.000357579 -0.000231187 0.0225578 -0.049485 -0.00955997 0.0218893 0.0630107 0.0655656 0.00464171 -0.00365313 -0.00121782 -0.0073666 -0.0192421 -5.90371e-06 -0.0197226 0.00977033 -0.0174373 -0.0249392 -0.0179936 -0.00179478 -2.91114e-05 0.0842878 -0.000350504 8.11202e-06 -1.32091e-05 2.19584e-05 -0.000522782 0.0133967 -0.0214423 0.00214619 0.000263742 -0.00546235 -0.000452994 
-0.00018046 -0.000208798 5.23799e-07 2.90368e-05 -1.35553e-05 -0.000187378 0.000746788 -6.41097e-05 5.31954e-05 0.000228439 -0.0005787 0.000172303 -4.39671e-05 -6.33484e-05 -0.000587862 -1.22587e-06 -0.000109021 0.000343931 -2.1269e-08 -0.000597138 4.46653e-08 -0.000321539 0.000181236 0.000409487 0.000191682 -0.000146933 -1.83797e-05 0.000197628 0.000317593 7.89098e-06 8.26509e-06 -1.95925e-07 -1.64713e-05 -4.49891e-05 0.000391808 4.47733e-05 -1.53197e-05 0.000405771 -2.14754e-06 8.65569e-06 -1.27827e-05 6.31959e-05 0.000517553 3.16901e-06 8.596e-07 5.84425e-05 -9.78514e-06 -9.53805e-06 3.41839e-05 -6.70137e-06 0.00020545 0.00015877 2.97962e-08 3.19988e-05 0.000395022 4.24575e-05 3.12744e-06 5.57009e-05 3.59874e-07 -1.74105e-08 -1.39258e-06 -9.09877e-06 0.000470343 -6.33197e-06 1.52336e-05 4.10329e-05 -0.000343827 3.50717e-07 1.41127e-06 -0.000529564 -0.000189331 -8.94353e-05 -0.000571236 -0.000471358 -0.000334929 -0.000536062 -8.08375e-06 0.000363254 -2.33283e-05 0.000136568 1.96991e-06 0.00017144 8.68279e-05 0.000182082 -2.58302e-06 0.000142795 5.70051e-05 2.51446e-06 -0.000428659 -2.12436e-06 1.04941e-06 1.47903e-05 -7.0415e-08 -9.97214e-07 -0.00060546 3.44115e-05 4.6617e-06 -3.25516e-06 -1.17327e-05 0.000372131 
-0.0284524 -0.0111297 -5.70257e-06 0.000143901 -0.000978279 -0.0125002 -6.41097e-05 0.0863199 0.00224067 -0.00625915 0.0022491 -0.00618285 -0.00701131 -0.00561297 0.00590057 0.00282182 0.0604404 -0.00162953 -0.000149391 0.00783052 0.000141452 -0.0407555 0.000278548 0.00321116 -0.00244491 -0.0149308 -0.00515068 -0.00627736 -5.71444e-05 -4.21038e-06 -0.00505146 0.000457497 -0.00150933 -0.000210859 0.0147668 -6.61523e-06 0.0172645 -0.000680132 -0.000269761 0.013342 0.00319359 -0.0100644 -0.00608979 0.00200386 0.00469625 -0.0002591 -0.00173005 0.00955493 -0.000426341 -0.000799993 -0.00234954 -0.00352616 -7.18387e-06 0.000931493 -0.000174724 0.00244014 0.00058459 -0.002991 -1.24862e-06 5.34833e-06 0.000811772 -0.0018964 -0.00606113 0.00881108 -0.000109521 -4.22022e-05 -0.00931984 -8.62781e-05 -5.52735e-05 0.00294955 -0.0229119 0.00744416 -0.0181948 -0.0107163 0.00802345 0.00471505 0.0110974 -0.000330272 -0.00287395 -0.0056703 -1.85342e-06 -0.00563961 0.00270215 -0.00703979 -0.00574788 -0.00515128 -0.000757483 6.50036e-05 0.00516673 -0.000425833 -1.17416e-05 -3.79255e-06 1.16156e-05 -5.40335e-06 0.000729442 -0.00912563 0.000436644 0.000114947 0.00415423 -0.000130028 
0.00245895 0.00284197 -4.37265e-06 0.000125662 -0.00128258 -0.00474323 5.31954e-05 0.00224067 0.0657289 -0.00469411 -0.0150658 -0.00443004 -0.00362387 0.014872 -0.0116184 -0.000316492 -0.000372751 -0.0011605 -9.42603e-05 0.00391168 -6.56648e-06 -0.0247006 -0.00309973 0.00379542 -0.000518659 -0.0036205 -0.00380902 -0.00461535 1.43763e-05 3.40259e-06 -0.00116071 -3.66576e-05 -0.00120385 -0.00341237 0.0163738 -1.67656e-05 -0.00123161 0.0171556 -0.000206759 -0.00118721 -0.000103302 0.00430825 -0.00443989 0.000275328 -0.000299547 -0.000264209 -0.00109438 -0.000701827 -0.000506377 0.00094491 -0.00445099 -0.00261072 1.7254e-06 -0.000309019 8.42613e-05 0.00455506 0.000138737 0.0071725 4.62612e-06 3.03234e-05 -0.000130186 -0.00122571 -0.004129 -0.000843928 -1.33896e-05 -6.5055e-06 0.00357745 -5.36988e-05 -2.308e-05 0.00267842 -0.0166341 -0.00839463 0.00466001 0.00455046 0.0180959 0.00747249 -0.000578336 -0.000211012 -0.000845883 -0.00410684 -1.39628e-06 -0.00419544 -0.00562954 -0.00509861 -0.00499345 -0.00382186 -0.000298069 6.12428e-05 -0.0192403 -0.0001698 -1.01076e-05 4.69888e-06 -6.4677e-06 -9.82403e-05 0.00535259 -0.00187833 -0.000115499 -0.000209325 0.000465589 -3.44828e-05 
-0.0120507 -0.0593319 5.05975e-05 -3.21725e-05 0.0013975 -0.0185232 0.000228439 -0.00625915 -0.00469411 0.0632658 -0.0564894 0.0584957 0.00349217 -0.0279804 -0.0543892 -5.82524e-05 -0.0110206 0.014711 0.000690232 -0.0583749 -4.9381e-06 -0.0259314 0.0354494 0.00286735 0.0242219 -0.00535667 0.048984 0.0541266 9.61852e-05 4.13739e-06 0.0429721 -3.39183e-05 -0.00148696 -0.00670793 -0.00409523 5.25028e-05 -0.00157007 -0.00288312 -0.000198614 -0.000267873 -0.00160742 0.0036343 0.0569789 2.39332e-05 -0.000395968 0.00353477 -0.0012683 -0.00123014 -0.000582838 0.000791097 0.0535274 0.0342465 1.06724e-05 0.00192114 -0.000335723 -0.000610523 -4.18205e-05 0.0034315 8.70949e-07 -1.55066e-05 -3.34022e-05 4.30119e-05 0.0589105 -0.000871096 0.000998777 0.000315874 -0.0570408 -8.50011e-05 -4.73292e-05 -0.0617281 -0.0171907 -0.00930424 -0.0567028 -0.0452531 -0.0359584 -0.0528845 -0.000922771 0.00268764 -0.00211381 0.0428663 1.50378e-05 0.0546103 -0.00157883 0.0619761 -0.00516687 0.04988 0.00624307 -6.54095e-06 -0.0396425 0.00142619 3.54461e-05 3.23525e-05 -4.07495e-06 -0.0001176 -0.0605678 0.0227047 -0.000167825 9.4952e-07 -0.00113237 0.000396592 
-0.0222166 0.0566468 -5.14873e-05 -0.000234466 -0.000150054 0.0385017 -0.0005787 0.0022491 -0.0150658 -0.0564894 0.139206 -0.0541565 -0.00153712 -0.0166182 0.0560718 -7.47852e-05 0.00198519 -0.0140683 -0.00106255 0.0549912 -7.50415e-05 0.0384132 -0.0322929 -0.024528 -0.0385967 0.0291018 -0.0452385 -0.0482902 -0.000726331 -5.07087e-05 -0.0439523 -0.00017518 0.00361531 -0.00206346 -0.0153559 -7.38879e-05 5.50646e-05 -0.0122862 -0.00242706 -0.00220863 -0.00878701 -0.0256349 -0.0533792 -0.00389513 -0.000158135 -0.00319855 0.00131249 0.00143736 0.000958276 -0.0047102 -0.0490027 -0.0308042 -5.46156e-05 -0.00162458 -0.00363019 -0.00342774 -0.000648674 -0.0202617 -1.31431e-05 1.23032e-05 -0.000281481 0.0011741 -0.0556133 0.000824499 -0.000933637 -0.000371411 0.0716686 0.000148776 -8.12587e-05 0.070175 0.0327332 0.0225013 0.0624296 0.0656037 0.0402802 0.0561428 -0.00289884 -0.00318686 -0.000103477 -0.0382618 -1.84749e-05 -0.0495062 -0.00895705 -0.0635822 0.00183884 -0.0450875 -0.00750695 -2.70746e-05 0.0730111 -0.00298161 -2.97295e-05 -3.29539e-05 6.84816e-06 0.000227639 0.0600153 -0.0394735 0.00031895 -0.00336715 -0.000344141 -0.00113532 
-0.0139768 -0.0579705 4.1922e-05 -4.3347e-05 0.00149615 -0.0211755 0.000172303 -0.00618285 -0.00443004 0.0584957 -0.0541565 0.0608174 0.00397943 -0.0270647 -0.0554784 -0.000106195 -0.0106487 0.0142425 0.000316374 -0.0592056 -4.79268e-06 -0.0283336 0.0354824 0.00259393 0.0212083 -0.00138142 0.0499293 0.0512104 -3.3789e-05 -3.30665e-06 0.0444094 -3.37842e-05 -0.00143186 -0.00647199 -0.00396579 2.94472e-06 -0.00149666 -0.00277713 -0.000190622 -0.00022285 -0.00154564 0.00559998 0.0583032 6.33685e-05 -0.000377182 0.000461186 -0.00121708 -0.00117099 -0.000554121 -0.000665599 0.0537457 0.0343881 1.99989e-06 6.38519e-05 -0.000326167 -0.000584389 -3.95508e-05 0.00372945 1.64514e-06 -1.48615e-05 -6.24766e-05 0.000351256 0.0558491 -0.000825912 0.000988744 0.000255618 -0.0546663 -8.12214e-05 -4.544e-05 -0.0591333 -0.0164809 -0.00894699 -0.0543637 -0.0435108 -0.0344657 -0.0540631 -0.000874645 0.00246149 -0.00202884 0.043432 3.36451e-06 0.0548724 -0.00410225 0.0591764 -0.00498794 0.050012 0.0069607 -6.2648e-06 -0.0381396 -2.0099e-05 3.77813e-05 2.21647e-05 -5.7989e-06 -0.000112909 -0.0580032 0.0237697 -0.000193289 4.33553e-05 -0.0010593 0.000469661 
-0.000982436 -0.00165148 -3.27864e-06 -5.44363e-05 -0.000913844 -0.00907219 -4.39671e-05 -0.00701131 -0.00362387 0.00349217 -0.00153712 0.00397943 0.0683949 -0.0248257 -0.0354131 -0.000266413 -0.0119664 0.000898509 0.000370507 -0.0145436 -1.13969e-05 0.0176185 -0.000711389 -0.00164559 0.00370117 -0.000143717 0.000831621 -0.00161875 -6.14981e-05 -3.77793e-06 0.00160163 -3.84642e-05 0.0140589 -0.00563971 -0.00467761 0.000255894 -0.00162243 -0.0030155 -0.000215979 -0.0012364 -0.0013236 -0.00466894 0.00344389 -0.000624985 -0.000379401 -0.000207263 0.00566849 -0.0010897 -0.000606621 0.000614545 -0.00109056 -6.57964e-05 1.86768e-06 1.40572e-05 -0.000395365 0.00105762 -6.04186e-05 0.00327316 1.58999e-06 -1.67186e-05 -0.000149293 -0.00137017 0.00439809 -0.000691755 -2.85473e-05 0.000105315 0.00171649 -8.38484e-05 -3.29404e-05 -0.00310427 0.0250281 -0.00408503 -0.00288792 0.00834324 -0.0147783 -0.000205655 -0.000422293 9.67099e-06 0.00103905 0.00535483 4.84049e-06 -0.0003874 0.00993778 0.00459069 -0.00400075 -0.00143858 0.00447469 1.01676e-07 -0.00481124 6.28949e-05 -4.39824e-06 -2.78832e-06 -6.958e-06 6.25468e-05 -0.00800193 -0.00338105 -0.000116811 -0.000172099 -0.00112818 -3.36911e-05 
0.0700155 0.0358307 -2.07035e-05 0.000272892 0.00170967 -0.0677317 -6.33484e-05 -0.00561297 0.014872 -0.0279804 -0.0166182 -0.0270647 -0.0248257 0.243598 0.0220358 -0.00184417 -0.01485 -0.00681652 -0.000366649 0.0318495 -5.95807e-05 -0.0268459 -0.0182875 0.0129595 -0.00127489 -0.0205603 -0.022749 -0.0260582 -0.000165207 2.70682e-05 -0.0205388 -0.000215221 -0.00906146 0.0100969 0.0291409 -0.00019821 -0.00589888 0.0222579 0.0014744 -0.00541328 0.0129415 0.054388 -0.02626 0.00644077 -0.0021723 -0.00144905 0.0012253 -0.00755103 -0.00280721 0.00243961 -0.0259282 -0.0154845 5.24734e-06 -0.0016588 0.00246433 0.00141518 0.000438299 0.00205518 2.20272e-06 8.51872e-05 -0.000914568 -0.002079 -0.0263878 -0.00464481 -0.000392511 -0.000119779 0.00723742 0.000420558 0.000311601 0.0231419 -0.0182929 -0.0341678 0.0385035 -0.0269068 0.0320938 0.0192645 0.000448967 -0.000858539 -0.00797223 -0.0243443 2.69112e-06 -0.0248551 -0.0258399 -0.0251143 0.0241355 -0.0226839 -0.00335871 -2.83043e-05 -0.0878338 0.000602732 -5.28969e-05 -1.63883e-05 -5.33107e-06 -0.000218098 0.0326049 0.011303 -0.00127301 0.00210044 0.000594857 -1.45474e-05 
0.0290101 0.0528726 -4.67179e-05 -9.83302e-05 -0.000698743 0.0426179 -0.000587862 0.00590057 -0.0116184 -0.0543892 0.0560718 -0.0554784 -0.0354131 0.0220358 0.123226 -9.81066e-05 0.0188908 -0.0139203 -0.000317929 0.0685981 1.15582e-05 0.0190015 -0.0330268 -0.0057417 -0.0185754 0.00141198 -0.046314 -0.0469773 -0.000423136 -1.77004e-06 -0.0403138 5.63319e-05 -0.0140329 0.0111647 -0.00948388 -0.000412949 0.00133384 -0.0135869 0.000387648 -0.00101642 0.00237614 -0.00394797 -0.0547618 -0.000473065 0.000203273 -0.000386206 -0.00565961 0.00215746 0.000828736 0.000617364 -0.0500596 -0.0316583 -8.00078e-06 7.01729e-06 -0.000529483 -0.00421509 -0.000101723 -0.00283619 -5.54085e-06 -1.78959e-06 0.000135281 0.000572862 -0.0519776 0.000954014 -0.0010329 -0.000282869 0.0451238 5.95739e-05 -0.000130952 0.0540822 -0.00808726 0.012728 0.0510943 0.0338357 0.0329545 0.0477937 -0.00102463 -0.00311078 0.000242775 -0.0471296 -1.61251e-05 -0.0507987 0.00393762 -0.0547212 0.00845825 -0.0463412 -0.00644838 -5.12757e-05 0.0395643 -8.41109e-05 -3.07684e-05 -3.36824e-05 1.75935e-06 -1.23026e-05 0.0549186 -0.0179717 0.00045054 -8.14113e-05 0.00205052 -0.00115389 
-0.00151053 -0.00349733 -2.80904e-07 8.74244e-06 1.01694e-05 -0.00145282 -1.22587e-06 0.00282182 -0.000316492 -5.82524e-05 -7.47852e-05 -0.000106195 -0.000266413 -0.00184417 -9.81066e-05 0.00452325 0.00332565 0.00034413 -7.83003e-06 2.91522e-05 8.10641e-05 -0.00200812 0.00327701 -0.000121977 -0.000208163 -0.00101006 -0.000184089 -5.87812e-05 4.215e-05 -2.77784e-07 -0.00020952 0.00042781 -7.93694e-05 -1.43255e-05 -0.000288009 -1.96014e-06 0.00350858 -0.000182255 -1.09739e-05 0.00406545 -8.7895e-05 -0.00032792 -2.69716e-05 -5.86251e-05 0.0030267 -1.7641e-05 -8.28637e-05 0.00397499 0.00108134 -4.15581e-05 0.00339497 -0.000137348 -3.66041e-07 1.29127e-05 -6.29326e-07 -3.8293e-05 -2.23494e-06 -0.000212423 -8.18356e-08 2.07619e-05 0.000555466 0.000260871 -0.000295314 0.00371278 1.0565e-05 -1.98652e-06 -0.00371163 3.19827e-05 -3.17415e-06 -0.00333654 -0.00114181 -0.000347442 -0.00375605 -0.00319583 -0.000122338 -0.000647474 -5.64339e-05 2.25794e-05 -0.000141837 1.34421e-05 -1.01904e-07 -1.93549e-05 -0.000776183 -0.0001117 -0.000344448 -6.46914e-06 -3.56461e-05 -1.52349e-07 -0.00228112 -2.03946e-05 2.31646e-05 -1.8059e-07 1.75207e-07 9.20429e-05 -0.00389624 -4.19353e-05 -1.09875e-05 -1.58615e-05 0.00026473 1.34924e-06 
-0.0227722 -0.0107421 -5.34752e-06 2.75592e-05 -0.00160989 -0.0161107 -0.000109021 0.0604404 -0.000372751 -0.0110206 0.00198519 -0.0106487 -0.0119664 -0.01485 0.0188908 0.00332565 0.140045 -0.00229295 -9.55461e-05 0.0138836 0.000131255 -0.0551762 -0.00253465 0.0090369 0.00589104 -0.0198485 -0.00890502 -0.0108796 0.000222921 1.70214e-05 -0.00114449 0.000430562 -0.00269058 0.00989273 0.00703357 -2.8211e-05 0.0171051 -0.00698769 0.00236266 0.0146441 0.00340839 0.00782979 -0.0106178 0.000487341 0.00453596 -0.000457778 -0.00299059 0.0112693 2.94129e-05 -0.000932424 -0.00629323 -0.00618859 2.61071e-05 0.000390936 -4.35912e-05 0.00138773 0.000469851 0.00669659 -2.31966e-06 4.53485e-06 0.00164648 -0.00301027 -0.00933127 0.00980185 -0.000204233 2.69181e-05 -0.0252129 -0.000197115 -0.000113924 -0.00247089 -0.0311167 0.00479811 -0.0215676 -0.0152422 0.0100107 -0.000674678 0.0102028 -0.000638011 -0.00404985 -0.00828405 -2.17345e-06 -0.0098916 0.0160344 -0.00677946 -0.00972025 -0.00906504 -0.000558244 4.68825e-05 -0.00493264 -0.000563947 -1.98785e-05 -6.69301e-06 1.18395e-05 -0.000120402 0.00328316 -0.00860863 0.000747598 0.00297064 0.00944455 -0.000227989 
-0.0048604 -0.0140472 4.72909e-05 -1.26452e-05 -0.000245182 -0.00553644 0.000343931 -0.00162953 -0.0011605 0.014711 -0.0140683 0.0142425 0.000898509 -0.00681652 -0.0139203 0.00034413 -0.00229295 0.0173068 -2.72428e-05 -0.0150022 -4.41654e-07 -0.00713759 0.0103438 0.00176434 0.00411783 -0.00221232 0.0124503 0.0143601 0.000345465 -9.1366e-07 0.00564082 -6.19927e-06 -0.000383016 -0.00112496 -0.000233344 3.92217e-05 -0.000344125 3.63497e-06 -2.29018e-05 0.000473898 -0.000343358 -0.00150939 0.0147423 0.000319749 -2.30659e-05 0.000922823 -0.000288852 7.15864e-05 0.000391921 -0.000177191 0.0147674 0.011647 -1.39177e-07 -8.16606e-05 0.000560928 0.000123262 -1.32404e-05 -0.000700979 6.42716e-07 -3.81493e-06 9.99176e-05 -8.8798e-05 0.0143678 1.25555e-05 6.08122e-05 5.14392e-05 -0.014009 -1.18764e-05 -2.20984e-06 -0.0150257 -0.00446412 -0.00214603 -0.0146564 -0.0124993 -0.00862383 -0.0145576 -0.000148858 0.00145758 -0.0005458 0.00841414 8.30491e-06 0.0141109 -0.00135467 0.0144231 -0.0012709 0.0122371 7.70106e-05 1.37789e-06 -0.0103497 0.000571168 2.46817e-05 2.2965e-06 -1.48989e-06 -2.18591e-05 -0.0156961 0.00228969 -6.11654e-05 -3.54036e-05 -0.000274306 0.000880988 
0.00101841 -0.000815911 -9.59611e-08 -1.08119e-06 -1.7642e-05 0.000318813 -2.1269e-08 -0.000149391 -9.42603e-05 0.000690232 -0.00106255 0.000316374 0.000370507 -0.000366649 -0.000317929 -7.83003e-06 -9.55461e-05 -2.72428e-05 0.00176482 -0.00066351 -3.12267e-07 -3.90875e-05 -7.20848e-05 0.000365944 0.00117996 -0.000891982 0.000128834 0.000321007 -1.2086e-06 4.05253e-07 0.0004715 -4.44174e-07 1.9305e-05 0.000137245 -4.11365e-08 2.50205e-06 -4.07019e-05 -6.89378e-05 0.000199037 -2.69844e-05 -3.05379e-05 0.000318162 0.000234977 -2.31116e-05 -1.01915e-05 0.00051726 5.81638e-05 1.1424e-05 4.61329e-05 -7.4473e-06 -0.00010404 -6.09327e-05 1.97209e-05 0.000557068 -6.96823e-06 -3.35626e-06 -7.82009e-08 0.000344065 6.81593e-08 -2.50584e-07 5.3797e-06 3.85206e-06 0.000908288 -9.99351e-06 -1.75006e-06 3.55124e-05 -0.000972514 -2.12078e-06 2.83166e-06 -0.00111384 -0.000181935 6.60012e-05 -0.00133651 -0.000840796 -0.000676235 -0.000498261 -2.15011e-05 -5.63488e-06 -4.73429e-05 -5.48446e-05 1.51368e-06 -7.66436e-05 0.000500352 0.00111165 8.46131e-05 -9.20597e-05 0.000693929 -1.70813e-07 -0.000705367 3.72715e-05 -1.03906e-08 -7.02641e-08 2.00907e-08 2.38546e-05 -0.00127523 -0.000124006 -4.27255e-06 0.000191319 -2.90959e-05 2.33327e-07 
0.0183988 0.0569494 -5.18154e-05 -0.000144751 -0.00338566 0.0266323 -0.000597138 0.00783052 0.00391168 -0.0583749 0.0549912 -0.0592056 -0.0145436 0.0318495 0.0685981 2.91522e-05 0.0138836 -0.0150022 -0.00066351 0.079603 7.24331e-06 0.0227937 -0.0350444 -0.00406664 -0.0217465 0.00137912 -0.0493868 -0.0508899 -0.000373474 -7.45533e-06 -0.0437321 4.52794e-05 -0.0105931 0.00754851 0.00256302 -0.00042417 0.0019247 0.00136277 0.00022575 0.000311212 0.00164326 -0.00281193 -0.0583841 2.86671e-05 0.000448186 -0.000922017 -0.00553886 0.00154942 0.000322842 0.000847006 -0.0531669 -0.0337433 -1.46781e-05 -0.000485014 -0.000417211 -0.00341992 -0.000109188 -0.00358517 -2.13938e-06 1.85375e-05 0.000101866 -0.000317276 -0.0559419 0.00108361 -0.00105795 -0.000312192 0.0528954 -8.87402e-05 1.9433e-05 0.0590131 0.00764619 0.0027774 0.0596749 0.0473324 0.0401079 0.0556134 0.00062336 -0.00319477 0.00163648 -0.0509932 -1.66509e-05 -0.0541533 0.00399611 -0.0588028 0.00563396 -0.0494086 -0.00731714 -1.32809e-05 0.0344951 -0.000162641 -5.06378e-05 -3.59374e-05 -1.80366e-05 -3.17673e-05 0.0595701 -0.0254752 0.000265119 6.44652e-06 0.00127144 -0.00123399 
-5.48623e-05 -0.000140508 -1.09191e-08 1.91007e-07 -3.22413e-06 -5.75868e-05 4.46653e-08 0.000141452 -6.56648e-06 -4.9381e-06 -7.50415e-05 -4.79268e-06 -1.13969e-05 -5.95807e-05 1.15582e-05 8.10641e-05 0.000131255 -4.41654e-07 -3.12267e-07 7.24331e-06 0.000176595 -6.7644e-05 0.000117573 -3.85056e-06 8.34873e-07 -0.00013517 -9.33277e-06 -5.16075e-06 7.39296e-07 -1.07978e-08 -1.02669e-05 5.1848e-05 2.77205e-07 -1.71784e-05 -3.0345e-06 -9.77016e-08 0.000143767 -6.90641e-06 -5.17786e-07 0.000139571 -1.29547e-06 -2.30305e-05 -8.87554e-06 1.26952e-05 0.000103087 1.49029e-06 -2.8988e-06 0.000133835 6.44127e-07 -1.30734e-06 7.51499e-05 1.26594e-06 -1.42285e-08 1.45723e-05 -4.90167e-07 -1.39545e-06 4.69858e-08 -6.60586e-06 -3.18105e-09 8.69647e-07 1.2411e-05 -3.42339e-06 -5.14299e-06 0.000134045 2.30753e-06 1.03196e-08 -0.00013359 -2.21201e-07 -1.23383e-07 -0.000107779 -4.39219e-05 -4.34331e-06 -0.000133736 -0.000116686 -1.50505e-05 -3.51923e-06 1.86012e-05 7.34893e-08 -4.51005e-06 -1.00352e-05 -3.96115e-09 -2.94804e-06 -9.31532e-06 -6.53965e-06 -1.13811e-05 -6.9492e-06 -1.61456e-06 1.12293e-06 -8.52415e-05 7.47236e-07 -2.53483e-08 -7.01973e-09 -1.66418e-08 5.50342e-06 -0.000100908 -1.66375e-05 -4.02986e-07 -7.69319e-07 2.69416e-05 -2.40772e-07 
0.00122478 0.0397798 -1.95275e-05 -0.000144636 -0.00153613 -0.0231861 -0.000321539 -0.0407555 -0.0247006 -0.0259314 0.0384132 -0.0283336 0.0176185 -0.0268459 0.0190015 -0.00200812 -0.0551762 -0.00713759 -3.90875e-05 0.0227937 -6.7644e-05 0.247578 -0.0187395 -0.00890811 -0.00871432 0.00623551 -0.0235394 -0.0207758 -0.000292235 -1.12613e-05 -0.0256885 -0.000234553 0.0102413 -0.0405171 -0.0213152 0.000102683 -0.00992319 -0.015919 -0.00123473 -0.00865073 0.000556954 -0.0580119 -0.0285915 0.00274209 -0.00260863 0.00111174 0.0073844 -0.00448757 0.000162152 0.00145919 -0.0272582 -0.0157654 -1.80138e-05 -0.00054106 -0.00246142 -0.0020921 -0.00036235 -0.0142756 -2.07197e-06 -9.16261e-05 -0.000841412 -0.00179763 -0.0253915 -0.0045623 -2.61482e-05 -8.95164e-05 0.0516393 -0.00047912 -0.000214131 0.0321514 0.105625 0.0101763 0.0410527 0.0196086 -0.075153 0.0548396 -0.00573994 -0.00141796 0.00486184 -0.0193888 5.83724e-07 -0.0257302 0.0049582 -0.030716 0.0318163 -0.0235392 -0.00382365 -3.993e-05 0.0427572 0.00206508 -6.4127e-05 -1.78457e-05 -3.11196e-05 0.000496628 0.031277 -0.0239341 -0.000977141 -0.00181186 -0.00609889 -0.000610472 
-0.0139954 -0.0394364 2.20615e-05 -2.32952e-05 -0.000316576 -0.0143343 0.000181236 0.000278548 -0.00309973 0.0354494 -0.0322929 0.0354824 -0.000711389 -0.0182875 -0.0330268 0.00327701 -0.00253465 0.0103438 -7.20848e-05 -0.0350444 0.000117573 -0.0187395 0.0420409 -0.000259966 0.00568234 -0.00287528 0.0304933 0.0353741 -1.15436e-05 -2.59165e-06 0.0218861 0.000485772 -0.000955484 -0.00417151 -0.00266241 -6.48805e-06 0.00364328 -0.00190096 -0.000120993 0.00464242 -0.00100712 0.00217366 0.034658 0.000290615 0.00376748 0.00054221 -0.000823226 0.0038768 9.89994e-05 -0.000426373 0.0397464 0.0275748 -1.27912e-06 -2.69383e-05 -0.00023995 -0.000395528 -2.54994e-05 -0.00206057 1.68017e-07 2.68399e-05 0.000484639 0.0003071 0.0323744 0.00401552 0.000952956 0.000150405 -0.0367882 -5.37622e-05 -3.07186e-05 -0.0392496 -0.0111455 -0.00575487 -0.0367469 -0.0312156 -0.0213095 -0.0330697 -0.000551303 0.000796466 -0.00137191 0.027104 1.4038e-06 0.0358944 -0.00641639 0.0352995 -0.0033665 0.0328594 0.000665045 -2.96535e-06 -0.0251533 0.000109176 4.56572e-06 2.11423e-05 -1.89662e-06 6.67058e-06 -0.0391012 0.008117 -3.83941e-05 -0.000128457 -0.000188523 0.000253909 
0.00358126 -0.00238208 1.47006e-05 8.42943e-05 0.000307837 -0.00807839 0.000409487 0.00321116 0.00379542 0.00286735 -0.024528 0.00259393 -0.00164559 0.0129595 -0.0057417 -0.000121977 0.0090369 0.00176434 0.000365944 -0.00406664 -3.85056e-06 -0.00890811 -0.000259966 0.0311447 0.0145189 -0.018638 0.00223278 1.95427e-05 0.000632433 1.81227e-05 0.000754137 -1.33612e-05 -0.000641023 0.00340237 0.0126368 0.000185586 0.000778563 0.00723423 0.00278056 0.00203064 0.0085878 0.0064643 0.00375728 -0.000422457 7.58624e-05 0.00017429 0.00152768 -0.000366453 -0.000114059 0.000535713 0.00314843 -0.000198257 1.1951e-05 0.000110586 0.00425306 0.00205164 0.00033881 0.00137734 -4.59567e-07 1.57412e-05 9.35779e-05 -0.000617017 0.00268005 -0.000268901 -1.77375e-05 8.25194e-05 -0.0141957 -2.13281e-05 6.57737e-05 -0.0116095 -0.00687726 -0.00364409 -0.0137501 -0.019117 -0.00756956 -0.0097725 0.00315238 0.00273407 0.00037104 0.00198072 1.83816e-05 0.00217862 0.00278959 0.00643075 0.00278729 0.00232664 6.60379e-05 5.67517e-07 -0.0178734 0.000262757 9.5117e-06 1.3541e-05 -9.88691e-07 -3.40239e-05 -0.00796114 0.00513643 -0.000104823 0.00320952 0.000411444 0.000972043 
0.0124764 -0.0257791 1.61422e-05 -2.70702e-05 0.000165766 -0.00919991 0.000191682 -0.00244491 -0.000518659 0.0242219 -0.0385967 0.0212083 0.00370117 -0.00127489 -0.0185754 -0.000208163 0.00589104 0.00411783 0.00117996 -0.0217465 8.34873e-07 -0.00871432 0.00568234 0.0145189 0.0461413 -0.0229212 0.0156083 0.0156365 0.0001727 4.43688e-05 0.0190701 -2.1791e-05 -0.000979383 0.000222418 -0.00124895 5.65594e-05 -0.000518162 -0.0018787 0.00254482 0.00072655 0.00379253 0.0125415 0.0193152 0.000277751 -0.000264939 0.003641 -0.000638708 -0.000818062 -0.000424296 0.00241292 0.0151612 0.00689487 4.46736e-05 0.00204965 -4.49043e-05 -0.00042761 -2.88864e-05 0.0123693 8.37998e-06 -6.649e-06 -1.5828e-05 -0.000674071 0.0259294 -0.00046615 0.000436352 0.00038537 -0.0378918 -4.69606e-05 -3.31548e-05 -0.0384263 -0.0103864 -0.00637271 -0.0324717 -0.0255425 -0.0215949 -0.0211313 0.000570278 0.00286939 -0.000318558 0.00849328 2.02191e-05 0.0158797 0.0142569 0.0301185 -0.00188615 0.0131947 0.00664276 -4.68188e-06 -0.0276703 0.00232237 6.67397e-06 2.63273e-06 -8.65661e-07 -8.15719e-05 -0.027199 0.0134063 -0.00012476 0.00324064 -0.000679301 0.000446463 
-0.00361162 0.0119839 -2.844e-05 -0.000408324 -0.00508516 0.010724 -0.000146933 -0.0149308 -0.0036205 -0.00535667 0.0291018 -0.00138142 -0.000143717 -0.0205603 0.00141198 -0.00101006 -0.0198485 -0.00221232 -0.000891982 0.00137912 -0.00013517 0.00623551 -0.00287528 -0.018638 -0.0229212 0.0606575 0.000301494 -0.00394053 -0.000121355 -5.03279e-05 -0.00112809 -0.000454345 0.00134391 -0.00497296 -0.0149556 -4.19597e-05 -0.00693198 -0.00487178 -0.0025124 -0.00554645 -0.0199324 -0.0072583 4.63154e-05 -0.00528502 -0.00123655 -0.00359474 -0.00592639 -0.000556614 -2.17626e-05 -0.00388206 -0.00165047 -0.0015326 -4.7688e-05 -0.00195104 -0.00284154 -0.00230689 -0.000607728 -0.00620348 -5.24845e-06 -8.00384e-06 6.84522e-06 0.000292662 -0.00697582 -0.00116731 -0.000390669 -0.000362981 0.0242145 -0.000236282 -0.000417238 0.0186158 0.0121138 -0.00380668 0.02796 0.0321726 0.0173656 0.0124103 -0.00866362 -0.000559976 0.000341307 0.00088389 -1.6262e-05 -0.000674312 -0.0135297 -0.0107105 -0.0105352 8.6857e-05 -0.00202415 -5.18796e-05 0.0286444 -0.00262616 -6.84101e-06 -2.00054e-05 -1.61509e-06 -0.000200567 0.00914346 -0.0072909 8.34999e-05 -0.00348339 0.000459814 -4.62415e-05 
-0.0160169 -0.0487053 1.755e-05 -3.64531e-05 0.00155953 -0.0180138 -1.83797e-05 -0.00515068 -0.00380902 0.048984 -0.0452385 0.0499293 0.000831621 -0.022749 -0.046314 -0.000184089 -0.00890502 0.0124503 0.000128834 -0.0493868 -9.33277e-06 -0.0235394 0.0304933 0.00223278 0.0156083 0.000301494 0.0514454 0.0459725 0.000130629 -3.26598e-06 0.0375104 -2.81239e-05 -0.00118792 -0.00538487 -0.00324394 1.34122e-05 -0.00122429 -0.00237136 -3.82476e-05 -0.000250014 -0.00127699 -0.00113023 0.0493792 -0.000226785 -0.000308443 -5.04835e-05 -0.00100897 -0.000822793 -0.000390138 -0.000552419 0.0477425 0.0308453 2.21062e-06 -0.000222539 -0.000165997 -0.000446034 -3.6042e-05 0.000273628 1.10683e-06 -1.24298e-05 9.91338e-05 -0.000807618 0.0469035 -0.000660239 0.000878235 0.000138316 -0.0456698 -6.71253e-05 -3.80051e-05 -0.0492279 -0.0137952 -0.00746549 -0.0454455 -0.038092 -0.0287142 -0.0463165 -0.000692817 0.00148303 -0.00169783 0.0392834 3.46536e-07 0.0485824 -0.00696587 0.0492844 -0.00414869 0.0468869 0.00164045 -5.25313e-06 -0.0317824 -0.000163441 3.35554e-05 1.13977e-05 -5.12607e-06 -9.43247e-05 -0.049012 0.0191129 -0.000177092 -8.8606e-05 -0.000756301 0.000156906 
-0.0154133 -0.0535542 4.56882e-05 -4.34607e-05 0.00344209 -0.0172197 0.000197628 -0.00627736 -0.00461535 0.0541266 -0.0482902 0.0512104 -0.00161875 -0.0260582 -0.0469773 -5.87812e-05 -0.0108796 0.0143601 0.000321007 -0.0508899 -5.16075e-06 -0.0207758 0.0353741 1.95427e-05 0.0156365 -0.00394053 0.0459725 0.0621354 6.81882e-05 -2.9961e-06 0.0366539 -3.4188e-05 -0.00118099 -0.00357074 -0.00426353 -2.12681e-05 -0.00135057 -0.00287075 -0.000195125 -0.000848089 -0.00108556 -0.000380066 0.0502727 8.18462e-05 -0.000390298 0.00326248 -0.00119816 -0.00109378 0.00184223 0.000516865 0.0507446 0.0343982 9.14096e-06 0.00127627 -0.000370081 -0.000593808 -3.88683e-05 -0.00221647 -2.65529e-07 -1.52082e-05 -3.91958e-05 0.00680805 0.051337 -0.000854718 0.00102633 0.000182167 -0.0498887 0.000141268 -3.85969e-05 -0.0534073 -0.0167947 -0.00211463 -0.0548568 -0.0469197 -0.0342817 -0.050217 -0.000909004 0.00132757 -0.0020564 0.0415945 -1.11953e-06 0.0517102 -0.00718216 0.0536674 -0.00490226 0.0479565 0.00187032 -6.40477e-06 -0.0351493 0.00154482 5.12268e-05 2.19644e-05 -4.39189e-06 -9.91268e-05 -0.0534293 0.0214044 -0.000160034 -0.000249649 -0.000964928 0.000253829 
-0.000208151 -0.000408926 1.49253e-07 2.83442e-05 -1.66828e-05 -0.00027981 0.000317593 -5.71444e-05 1.43763e-05 9.61852e-05 -0.000726331 -3.3789e-05 -6.14981e-05 -0.000165207 -0.000423136 4.215e-05 0.000222921 0.000345465 -1.2086e-06 -0.000373474 7.39296e-07 -0.000292235 -1.15436e-05 0.000632433 0.0001727 -0.000121355 0.000130629 6.81882e-05 0.000927861 7.10656e-06 0.000184992 1.26294e-06 -1.83388e-05 -8.8887e-05 0.000353161 5.72496e-05 0.000165974 0.000377549 0.000188117 0.000307145 -2.18511e-05 -0.000126137 0.000395737 -1.12886e-05 1.99149e-05 8.3291e-05 -1.70864e-05 0.000348748 0.000175825 1.81593e-05 2.99189e-05 -2.28235e-05 3.01852e-07 3.53819e-05 0.000606027 -1.83399e-06 2.25049e-06 -1.72727e-05 -1.67263e-08 -1.52182e-07 0.000261141 2.18981e-05 0.000329119 8.62352e-05 -9.21372e-07 4.0651e-05 -0.000501536 -1.12643e-06 2.98124e-06 -0.000396739 -0.00023377 -0.000108366 -0.000764813 -0.000646309 -0.00044711 -0.000638547 -1.04475e-05 0.000478106 -2.899e-05 -4.92597e-05 2.09251e-06 -2.09341e-05 0.00011871 6.27387e-05 -8.82508e-06 -3.56076e-05 2.03714e-06 -6.63968e-08 -0.000536595 7.65016e-05 2.06716e-07 1.43898e-05 -8.75043e-08 5.31293e-07 -0.00075633 7.17004e-05 6.55835e-06 -3.2585e-06 0.000351532 0.000410841 
2.90756e-05 -1.22803e-05 1.19554e-07 7.95753e-06 -1.09592e-06 -1.92782e-05 7.89098e-06 -4.21038e-06 3.40259e-06 4.13739e-06 -5.07087e-05 -3.30665e-06 -3.77793e-06 2.70682e-05 -1.77004e-06 -2.77784e-07 1.70214e-05 -9.1366e-07 4.05253e-07 -7.45533e-06 -1.07978e-08 -1.12613e-05 -2.59165e-06 1.81227e-05 4.43688e-05 -5.03279e-05 -3.26598e-06 -2.9961e-06 7.10656e-06 6.11296e-05 1.36365e-05 -3.18415e-08 -1.34736e-06 -4.61534e-06 1.04836e-05 7.00952e-06 -1.39009e-06 1.00933e-05 -9.92142e-08 -1.15216e-06 1.07667e-05 3.40483e-05 -3.5788e-06 -8.50806e-07 -3.58864e-07 1.3291e-06 4.35797e-07 -1.08062e-06 -5.41076e-07 9.5663e-07 -2.46524e-06 -2.16488e-06 2.21742e-07 6.80059e-07 8.28665e-06 1.30343e-06 6.3268e-07 3.14658e-05 2.38899e-07 9.3664e-09 -1.0797e-07 -7.26934e-07 8.11133e-06 -5.4184e-07 -7.46921e-08 9.76575e-06 -4.54177e-05 -7.65611e-08 -4.27049e-08 -5.13953e-05 -1.54587e-05 -8.36894e-06 -3.19329e-05 -3.77995e-05 -2.97198e-05 -9.64869e-08 -6.19369e-07 1.54252e-06 -8.61603e-07 -3.94661e-06 -1.37102e-09 -3.53803e-06 3.37805e-05 -2.66396e-06 6.66537e-06 -3.30975e-06 1.78451e-06 -5.9065e-09 -3.5818e-05 1.36989e-05 -8.77345e-09 5.60757e-06 1.05424e-06 -1.06113e-07 -6.23685e-06 2.39313e-05 -2.19087e-07 4.38373e-06 3.13706e-06 1.43333e-06 
-0.00766472 -0.0490114 1.14165e-05 -3.64719e-05 0.00130815 -0.0160679 8.26509e-06 -0.00505146 -0.00116071 0.0429721 -0.0439523 0.0444094 0.00160163 -0.0205388 -0.0403138 -0.00020952 -0.00114449 0.00564082 0.0004715 -0.0437321 -1.02669e-05 -0.0256885 0.0218861 0.000754137 0.0190701 -0.00112809 0.0375104 0.0366539 0.000184992 1.36365e-05 0.0547489 -3.01994e-05 -0.0012695 -0.00560856 -0.00377607 -2.97036e-05 -0.00118412 -0.00249087 4.21801e-05 -0.000528866 -0.00132843 0.00509554 0.0432176 -0.000684417 -0.000334108 0.000115978 -0.00108555 -0.000576638 -0.0003375 -0.000568132 0.0376765 0.0213805 3.41674e-05 0.000416523 -6.16283e-05 -0.000515424 -3.43262e-05 0.0119264 2.59979e-06 -1.29536e-05 0.000138613 0.000459373 0.0418194 -0.000638618 4.04968e-05 0.000195461 -0.0437941 -7.25137e-05 -4.0382e-05 -0.0477158 -0.0146376 -0.00775111 -0.0453933 -0.0346707 -0.0306236 -0.0389918 -0.000743439 0.000508564 -0.00174723 0.0313096 -1.06694e-06 0.039505 0.00394176 0.044967 -0.00444779 0.0359821 0.00783776 -3.05944e-06 -0.0300256 -0.000237015 3.06279e-05 5.33648e-06 -5.15346e-06 -9.94791e-05 -0.0427804 0.0266551 -0.000145055 0.000318527 -0.000181483 4.54722e-05 
-0.000170613 -0.000462427 -3.21992e-08 2.67312e-06 -8.82428e-06 -0.00017098 -1.95925e-07 0.000457497 -3.66576e-05 -3.39183e-05 -0.00017518 -3.37842e-05 -3.84642e-05 -0.000215221 5.63319e-05 0.00042781 0.000430562 -6.19927e-06 -4.44174e-07 4.52794e-05 5.1848e-05 -0.000234553 0.000485772 -1.33612e-05 -2.1791e-05 -0.000454345 -2.81239e-05 -3.4188e-05 1.26294e-06 -3.18415e-08 -3.01994e-05 0.000520582 -1.14794e-05 -1.59135e-05 -3.49577e-05 -2.88112e-07 0.000497743 -2.28335e-05 2.05644e-06 0.000505673 -8.44515e-06 -3.65862e-05 -3.2908e-05 -7.20216e-06 0.000495679 -1.45738e-06 -9.61363e-06 0.000503927 1.92266e-05 -5.33949e-06 0.000396998 -1.92382e-05 3.51375e-07 2.3773e-05 -3.06734e-06 -4.68515e-06 -4.31563e-07 -2.42846e-05 -9.38057e-09 1.681e-06 3.90162e-05 -1.05037e-05 -3.37519e-05 0.000493717 -6.36373e-07 -2.34969e-07 -0.000436399 -6.52298e-07 -3.63844e-07 -0.000469497 -0.00013174 -7.05314e-05 -0.000434719 -0.000368653 1.73149e-05 -3.41301e-05 -5.34965e-06 -1.99496e-06 -1.62584e-05 -3.37941e-05 -1.1681e-08 -2.92908e-05 -8.8869e-05 -3.66697e-05 -3.99412e-05 -2.80556e-05 -4.75449e-06 -5.03231e-08 -0.000302823 -2.33778e-06 -7.47494e-08 -2.07004e-08 2.40925e-07 8.39592e-06 -0.000464071 -5.0339e-05 7.50059e-07 3.79803e-06 1.55429e-05 -7.1001e-07 
-0.00714684 0.00159467 -1.36249e-06 -1.24752e-05 0.000285226 -0.00693114 -1.64713e-05 -0.00150933 -0.00120385 -0.00148696 0.00361531 -0.00143186 0.0140589 -0.00906146 -0.0140329 -7.93694e-05 -0.00269058 -0.000383016 1.9305e-05 -0.0105931 2.77205e-07 0.0102413 -0.000955484 -0.000641023 -0.000979383 0.00134391 -0.00118792 -0.00118099 -1.83388e-05 -1.34736e-06 -0.0012695 -1.14794e-05 0.0215539 -0.00218263 -0.00142233 0.000314842 -8.90331e-06 -0.000952234 -6.41966e-05 -0.000376885 -0.000509978 -0.00339291 -0.00141172 -0.000299861 -0.000117344 -8.50032e-05 0.00635421 -4.2434e-05 -9.17645e-05 -0.000223535 -0.00137879 -0.000815254 -1.77544e-06 -0.000102889 -0.000129477 0.00176264 -1.75948e-05 -0.000779611 -3.36013e-08 -5.03533e-06 0.000100808 -2.71623e-05 -0.00146406 -0.000137026 1.95188e-05 -2.06928e-06 0.00304446 -1.6215e-05 -1.19659e-05 0.00195281 0.014151 0.00698438 -0.00405867 0.00195359 -0.00767298 0.00168139 -8.54794e-05 -8.38091e-05 -0.000475096 0.00359392 6.25723e-07 -0.00130823 -0.00275815 -0.00175284 -0.00126846 -0.00119097 -0.000174723 -8.694e-07 0.00637508 -4.70054e-05 -3.03965e-06 -8.7593e-07 -1.10658e-06 0.000149418 0.000977407 -0.00200042 -4.50214e-05 -9.58699e-05 -0.000178512 -2.99904e-05 
