0.149164 0.00568575 -0.000351145 -0.00200069 -0.00479555 0.00236053 0.00319463 0.0189814 -0.00157346 -0.00299421 -0.0135786 -0.00541776 -0.00940223 -0.00187997 -0.00558311 0.00367546 -0.00409159 -0.00659347 -0.00717477 -0.00683286 -0.00236825 -0.0159436 -0.00471342 0.0103295 0.00651012 0.00188646 -0.00813453 0.0199699 0.00437202 -0.000268234 -0.00639181 -0.000481997 -0.00967875 -0.00927336 -0.0081113 -0.0091379 -0.000968096 -0.00551401 -0.00151476 -0.00438519 -0.0105855 -0.0027693 0.00155315 0.00258061 -0.00119063 0.000218067 -0.00048826 0.0123991 0.00403739 -0.00116715 -0.00429247 -0.00183516 -0.000773244 0.00229267 0.00321881 -0.00978268 -0.000630435 -0.00444695 0.00201583 0.00329046 -0.00419378 0.00883256 -0.00940859 -0.0111549 -0.00133411 -0.000368041 0.00259948 0.00155888 6.88002e-05 -0.000441816 -0.00808009 0.000149529 0.00126203 0.00392305 -0.00848258 -0.000133694 0.00125067 -0.000688263 -0.00410656 -0.0165073 -0.00177339 -0.00234327 0.00100685 0.00347845 0.00203295 0.000594842 -0.00188115 -0.00367732 -0.00479003 0.00542515 -0.00252673 -0.00283052 -0.00149553 -0.0021511 -0.0105936 -0.00194569 0.00526069 0.00989525 -0.00730499 0.000254208 
0.00568575 0.0895637 0.000882152 0.000202179 -0.0102467 5.93978e-06 0.00327396 -0.00253578 0.000745621 0.00280414 0.00418624 0.00178639 -0.00526611 -0.000433432 -0.00703506 0.000783029 -2.9334e-07 -0.0128558 -0.0173527 0.0061082 0.00165559 0.00630483 -0.0073482 0.00505915 -0.000488309 -0.00705596 -0.00440148 -0.011018 0.0155935 -0.000606023 8.91974e-06 0.00183763 -0.00192391 0.000180761 0.000757605 0.0110405 -0.00157164 -0.00631115 -0.0013402 0.00206773 -0.00531354 0.000485502 -0.00204665 -0.000357487 0.001058 -0.00157783 -0.00295 -0.00582978 -0.00151271 0.00525136 -0.00348396 0.00282859 4.35153e-05 0.00358183 -0.000258676 -0.00416754 -0.000608159 0.00302125 -0.00316997 -0.00655843 0.00552503 0.00331047 -0.00320738 -0.00377275 -0.0070368 0.000785357 -0.00371975 -0.00125813 0.00298507 -0.000194214 -0.00362663 -0.00397961 0.000852257 -0.00101936 -0.0015028 0.000829662 -0.00124892 -0.000562391 -0.00194927 -0.00546392 0.00413905 -0.0024882 -0.000709867 0.00296476 -0.000390685 -0.001545 4.24566e-05 -0.00227066 -0.00387521 7.95299e-06 -0.00275846 0.00304535 0.00163245 -0.000168909 -0.00562706 -0.00293742 -0.00164886 -0.00458255 0.00139952 -0.0011526 
-0.000351145 0.000882152 0.125211 -4.38895e-05 0.00190707 -0.00100625 -0.00298559 0.000561688 0.00122248 0.00101114 0.0166395 -0.00657452 -0.00602909 -0.00883673 4.94388e-05 -0.00769653 -0.0165473 -0.0154352 -0.0047649 0.00545228 -0.0036372 -0.00210704 -0.00350876 -0.00865105 -0.00330087 0.0113345 0.00453193 0.00587487 -0.00372808 -0.00342546 0.00315554 -0.00779904 -0.00246805 -0.00945232 0.00144668 0.0161159 -0.00229355 -0.000752661 0.00023317 -0.00546828 -0.000427279 -0.00216587 -0.000523361 -0.00134189 0.00621916 -0.000937425 -0.00608578 0.000676053 -0.000836061 -0.00241924 -0.00798637 -0.000911831 -0.00178456 0.00142766 -0.00242802 -0.000731477 -8.08715e-05 -0.00199665 0.000626956 -0.00572499 -0.0068253 0.00082392 0.00717924 0.00471767 -0.00517951 -0.000309498 0.0118643 -0.000975821 0.00312333 -0.000376165 -0.00665984 -0.00618691 0.000874218 -0.000695592 -0.00233463 -0.00175244 -0.000950244 -0.00068794 -0.000557823 0.00347922 -0.000357131 -0.00847128 -0.000826085 0.00730653 0.000777194 -0.00103602 -0.00369948 -0.00106649 -0.00412102 -0.00185994 3.1098e-05 -0.00435819 -0.00282738 -0.00189081 -0.00126629 -0.00360963 -0.00357888 -0.00419778 -0.00617136 0.00131921 
-0.00200069 0.000202179 -4.38895e-05 0.0446428 0.00143393 0.000419559 -0.000534307 -0.00218625 0.000805822 -0.0034945 0.00340928 0.000450809 -0.0059986 0.00169966 -0.000770148 -0.0054156 -0.00719377 -0.00642775 -0.00160181 0.00307678 -0.00313048 0.00133465 0.00234575 0.000103153 0.000424463 0.00413085 0.002208 0.00160368 0.00207932 -0.000138534 0.00222586 0.000248681 -0.000233814 0.000514268 -0.00128784 -0.00645321 0.000645187 0.000153315 0.00139511 0.000800322 -0.00142462 -0.000707824 0.000767773 0.000716481 -0.000479849 0.000553312 0.000228893 -0.00161114 0.000111206 -0.000245172 -0.00185137 -0.000722752 0.000106778 -0.001856 -0.000557255 -0.00175587 -9.77177e-05 0.000401223 3.11697e-05 -0.00410655 -0.000468693 -0.00193929 -0.000658528 -0.00665636 -0.00315865 -8.6723e-05 0.00178561 -0.000685869 0.00177756 5.17872e-05 -0.000767589 -0.000318838 -0.00105805 0.000555657 -0.00184505 -0.000693037 -0.000274116 0.000271534 -0.000248778 -0.00397682 0.0030376 0.0011057 -0.000341554 0.000602386 6.82186e-05 0.000864055 0.00253587 -0.00159891 -0.000844155 -6.68239e-05 -0.000935287 0.000273308 -9.85804e-05 -0.000626542 -0.00444615 -0.00144585 0.000896483 0.000478025 0.000237958 0.00175554 
-0.00479555 -0.0102467 0.00190707 0.00143393 0.202236 -0.00136623 -0.00864014 0.0127587 -0.00134155 -0.0161637 -0.0145041 -0.00223154 -0.0142417 -0.00734934 -0.0227224 -0.0208445 -0.0206943 0.0272553 0.0279991 0.00065573 -0.00235053 0.00350765 -0.0147328 0.00746417 -0.00258894 0.00888615 0.0157667 -0.00556097 -0.0117268 -0.00218066 0.00623641 -0.0223945 -0.00703903 0.0124589 0.000907217 -0.0292439 -0.000795243 -0.0054602 -0.00137815 -0.00682003 0.00872391 -0.00371485 0.00474331 -0.000396841 0.00180575 -0.00336781 0.00391199 -0.000204988 0.000724388 0.00460363 0.00526053 0.000834157 -0.00266401 -0.00796237 0.00956196 -0.00716527 -0.000215911 -0.00188165 0.00154611 0.00162164 -0.0130737 0.000700454 -0.0131689 -0.0288045 0.00434726 -0.000344032 0.00545174 0.00247382 -0.0135364 -4.75654e-05 -0.00347559 -0.000282013 0.00240593 0.00640443 -0.0109512 0.000913853 -0.00133664 -0.00291067 0.000950507 0.000507265 0.00556375 0.00772924 -0.00903144 -0.00601302 0.00723232 -0.00842756 -0.00662295 0.0022703 0.0166882 -0.00113848 -0.00626663 -0.00369191 -0.00548791 0.00377703 -0.00686046 -0.0127881 -0.00658377 0.00335897 -0.000610888 0.00285607 
0.00236053 5.93978e-06 -0.00100625 0.000419559 -0.00136623 0.0314648 0.000900497 0.000592021 0.00195233 0.00180749 -8.31715e-05 0.00191096 -0.000662716 9.63756e-05 0.00319439 0.00156167 -0.00256658 -0.000581753 -0.00288008 -0.00124954 0.00214921 -3.48609e-05 -0.00271856 -0.00113609 -0.00368981 0.00128846 -0.00465404 -0.00591343 -0.00231436 0.000468541 0.00133189 -0.00428095 -0.000880092 -0.000338347 -0.00321774 -0.00219697 -8.90547e-05 -0.00280981 0.000207776 0.00120045 -0.000714716 -0.000794549 0.000366933 0.000186074 0.00182914 0.000541769 -0.000564467 -0.00230922 -6.39896e-05 0.00116524 -5.94843e-05 -0.000430958 -0.00022732 -0.00114143 -0.000116435 -0.00110179 -8.53111e-05 0.0004462 -0.000274772 0.0016983 -0.004107 0.00156214 0.000347946 -0.00447689 -0.00191946 2.323e-06 -0.000774509 0.000801901 0.00162081 0.000162513 0.000746516 -0.00223842 -0.000566269 0.000760134 0.000232343 -0.000227525 -3.37224e-05 -0.000124564 -0.000576508 -0.000325348 0.000798138 -0.00140903 -0.000954738 -0.000918716 -0.000726025 0.00102078 0.000713675 -0.000252587 -0.000578133 -0.000662316 0.00177198 -3.88203e-05 0.000651421 0.000267556 -3.90907e-05 0.000789561 -5.66126e-05 0.000714135 0.00144694 3.82756e-06 
0.00319463 0.00327396 -0.00298559 -0.000534307 -0.00864014 0.000900497 0.109027 -0.000648924 0.0011824 0.00587594 0.00625985 -0.00270079 -0.00869906 -0.00264309 0.00627962 0.00404203 0.00827735 -0.012592 -0.00309074 -0.00312899 -0.0076987 0.000791755 -0.00622567 -0.0110462 0.000385167 -0.00245429 -0.0107543 0.00783135 0.00364008 -0.0029664 -0.00346241 -0.00647114 -0.000291301 -0.00253354 -0.000216 0.00450527 0.0010276 0.00288992 -0.00182349 0.00776072 -0.0121958 -0.00297937 -0.00319083 -0.00107954 -0.00226303 0.00203553 0.00388809 -0.00234565 -0.00138248 -0.00151819 -0.00403003 -0.00156476 -0.000969872 -0.00137037 -0.00626977 -0.00520159 -0.000762524 0.000956097 -0.00250713 -0.00866118 0.0192602 -0.00167417 -0.00647827 -0.00288577 0.000782263 -0.000716702 -0.00857515 -0.00128188 0.00697364 -0.000541987 -0.00238853 0.000456888 -0.00566774 0.00207703 -0.00321336 0.000956513 -0.00233963 0.000547239 6.27218e-05 0.00120032 -0.00182052 -0.000593524 -0.000449879 -0.0014175 -0.00310316 0.00137797 0.00242071 -0.000616223 -0.00128725 -0.00270805 -0.00234187 -0.000112758 0.000193288 0.00108939 -0.002636 -0.00345164 -0.000949966 -0.00197065 0.00175788 -0.00405933 
0.0189814 -0.00253578 0.000561688 -0.00218625 0.0127587 0.000592021 -0.000648924 0.194841 -0.00136488 -0.00437897 -0.015543 -0.0018001 -0.0373275 -0.00381888 -0.00298662 -0.00645334 -0.0157842 0.0229289 -0.00460993 -0.00352268 -0.0119403 -0.02478 -0.005922 0.0133994 0.0101333 0.00653859 -0.0286448 0.0114616 -0.00450766 0.00206533 -0.00734528 0.0018518 -0.00258097 -0.00417247 -0.00393843 -0.0194743 0.00290763 0.0131448 -0.00347237 -0.000635933 -0.00293487 -0.00612394 0.00399143 0.00457897 -0.0038536 0.000228332 -0.00198619 -1.137e-05 -0.00135645 -0.00570908 -0.0131202 -0.00272726 -3.9066e-05 -0.0113047 0.00701927 -0.0114549 0.00180047 -0.0045312 0.00071221 -0.00674238 -0.0118902 -0.00156154 0.000667215 -0.0135608 0.00469829 -0.00265019 0.00236552 -0.0014668 0.00216759 -0.000659199 -0.00742068 -0.0151934 -0.00570814 0.00190065 -0.0027229 -0.0050301 0.0015827 -7.68466e-05 -0.00271566 -0.0162625 0.00170959 -0.000674343 0.00466361 0.00216746 0.00263788 -0.00250121 -0.0108678 0.0128604 0.0224463 0.0019222 0.00199005 -0.00478372 -0.000106564 0.00233088 -0.00457026 -0.00192425 0.000379485 0.00753866 -0.000214245 0.000306759 
-0.00157346 0.000745621 0.00122248 0.000805822 -0.00134155 0.00195233 0.0011824 -0.00136488 0.0464102 0.00120522 0.0063093 0.000491405 -0.000646049 -0.00192833 0.00309509 -0.00463391 -0.000642837 -0.0023075 4.92936e-06 0.00452389 0.000206258 0.00331851 -0.00353378 -0.00611787 -0.00615538 -0.00113445 -0.000872072 -0.00531186 -0.00351216 -3.00347e-05 0.00133801 -0.00210752 0.000600878 -0.00282048 -6.55452e-05 -0.000259478 6.34811e-05 -0.00450624 0.00014355 0.00243073 0.000231754 0.000249279 0.00014738 -0.000387294 0.00167809 0.000601113 -0.00163687 -0.00434805 0.000243834 0.000997333 -0.00205879 -0.000367703 0.000276425 -0.00263275 0.00163008 -0.00191264 -0.000345024 0.000557007 0.000728608 -0.00319145 -0.00439286 0.000364362 -0.000578641 -0.00776856 -0.00110912 0.00101486 0.000203241 -0.000901337 5.29693e-05 -3.46182e-05 0.00126816 0.00118804 0.000250039 -0.000486702 0.000757873 0.000416512 -0.000373997 -9.9251e-05 -0.000959389 -0.000419269 -0.000111118 -0.00319058 0.000260661 -0.000499611 0.0031421 0.0010811 -0.00234108 -0.00110998 -0.00266926 -0.000104367 -0.00115738 0.000831729 -0.00220755 0.00144806 0.00226319 0.000848409 -3.76726e-05 -0.0010058 0.000938401 -0.000416588 
-0.00299421 0.00280414 0.00101114 -0.0034945 -0.0161637 0.00180749 0.00587594 -0.00437897 0.00120522 0.138953 -0.000982892 -0.000934714 0.0317651 -0.000509801 0.00445943 0.00918441 0.000944738 -0.012079 -0.00837445 -0.0102348 -0.00435653 0.0165977 -0.00132388 -0.00144442 -0.00334869 0.00955917 -0.0133887 -0.0132856 -0.0129778 -0.00270317 -0.00500645 -0.0110702 -0.00122566 -0.00990399 -0.015155 0.0255134 -0.00222627 0.00911426 -5.41748e-05 -0.00331641 -0.00923042 -0.000339592 -0.00313416 -0.00110941 0.00407617 -0.00206164 -0.00162999 -0.0121489 -0.00246513 -0.00287876 -0.00081048 -0.00244549 0.000631043 0.000596732 -0.00330824 -0.00579425 -0.00134036 -0.00320248 -0.00328476 -0.00533585 0.00292392 -0.00505825 0.0128554 -0.0079507 -0.0127014 -0.00071929 -0.00473583 -0.00281105 0.00769378 -0.000629663 -0.00331321 0.00196446 0.00448424 -0.00392532 -0.00177096 -0.00163263 0.0040328 -0.00115667 -0.00389012 0.0140691 -0.00420688 -0.00179696 -0.00134924 -0.00251031 0.00219911 -0.0045116 0.00322976 -0.00158295 -0.000966271 -0.00262042 0.00109931 -0.0015041 0.000180948 -0.00205085 -0.00983209 -0.0017596 -0.00206607 -0.00655465 -3.72075e-05 -0.00373337 
-0.0135786 0.00418624 0.0166395 0.00340928 -0.0145041 -8.31715e-05 0.00625985 -0.015543 0.0063093 -0.000982892 0.114907 -0.00303124 0.000378399 -0.00529871 0.0108419 -0.00733917 -0.0207285 -0.010708 -0.0108311 0.00531375 -0.00291597 0.0090433 0.00150734 -0.0113832 -0.00763549 0.00623416 0.00144005 0.00701643 -0.000194968 -0.00161058 -0.00241013 -0.000830992 -0.00375829 -0.00529486 0.00387363 0.021153 -0.00158807 0.0142132 0.000805619 0.00119996 -0.00415902 -0.00187658 -0.00210056 -0.00187603 -0.00340054 -0.000322802 -0.00241665 -0.00538134 0.00051925 0.000421065 -0.00515816 0.000855208 0.000208262 -0.00503365 -0.00586994 -0.00274576 -0.000226069 0.00304176 -0.00110287 -0.00624309 0.00235494 -0.00780748 0.0041865 -0.0125838 -0.00510523 -0.00193614 0.00587965 -0.00159733 0.00320248 -0.000157323 0.00341612 -0.00520298 -0.00109158 -0.00150151 -0.00130117 0.00135002 -0.00174072 -0.000529752 -0.000861619 -0.00173826 -0.00174432 -0.000525637 0.000613273 -0.00216551 -0.00538155 -0.000797817 -0.00181675 -0.00458928 -0.00519713 -0.00409903 6.34919e-05 -0.000323729 -0.00130612 0.00192665 0.0103278 -0.00401116 -0.003038 -0.00938287 -0.000299307 0.00289881 
-0.00541776 0.00178639 -0.00657452 0.000450809 -0.00223154 0.00191096 -0.00270079 -0.0018001 0.000491405 -0.000934714 -0.00303124 0.0812209 -0.00180761 -0.00330785 0.00955873 -0.00295704 -0.00782289 -0.00165606 0.000672566 0.0105333 0.00354624 0.000919877 -0.00945921 -0.00979009 -0.00409139 0.00151919 -0.0146797 -0.0164591 -0.000937243 0.000760826 0.00220782 0.000235237 -0.00227434 -0.00352324 -0.00392543 -0.00755556 -0.000646067 -0.00532847 -0.000224825 0.000590386 -0.000603381 0.000961453 0.000283869 0.000115168 -0.00188439 0.00118871 -0.00416256 -0.000896958 0.000833267 0.000377314 -0.00152073 0.000995407 0.000151881 -0.000608067 0.00256072 -0.0045461 0.000814149 0.00305081 -0.000897776 -0.00229155 -0.0140989 0.00166854 -0.00321947 -0.000292058 -0.000171366 -0.000491872 0.00519362 0.00091525 0.000797292 -0.000362056 0.00505949 -0.00211657 1.11901e-05 -0.00197591 0.00498945 0.00342089 -0.000639829 -0.000212831 9.50425e-05 0.00227899 -0.00341266 -0.00339177 0.000659851 0.000302221 0.00789612 0.000474267 0.00177409 -0.00151309 -0.00207838 0.00289773 0.00293803 0.00205689 -0.000307663 -0.00064173 0.00165314 4.7176e-05 -0.00077404 9.46513e-05 -0.00054177 -0.000171082 
-0.00940223 -0.00526611 -0.00602909 -0.0059986 -0.0142417 -0.000662716 -0.00869906 -0.0373275 -0.000646049 0.0317651 0.000378399 -0.00180761 0.221944 0.00501078 0.00883555 0.01664 0.0468729 0.00766208 -0.00178985 -0.035817 -0.0176103 0.0154486 -0.013918 0.012335 -0.0300751 -0.00380007 -0.00118918 -0.032845 -0.0272603 0.00132283 0.0024334 -0.02345 0.00707194 -0.0166704 0.00339704 0.0234839 -0.00362724 0.00644502 -1.72199e-05 -0.0132563 0.00827639 -0.000686897 -0.00858486 -0.00010718 -0.0009121 -0.00559532 0.000606957 -0.0183814 -0.00164632 -0.00418628 0.0140725 -0.000103177 -0.00237237 0.00775766 -0.011362 -0.00387333 -0.00315192 -0.00115499 -0.00449741 0.00669279 0.00498873 -0.00697668 0.0126346 0.00780565 -0.00849056 0.0039744 -0.00340975 -0.0061177 0.00547939 -0.000680355 0.00124201 0.00671446 0.00329107 -0.00269876 -0.00129166 -0.00259073 0.000507923 -0.000221569 -0.00368732 0.0235783 -0.0119969 -0.00431469 -0.00794827 -0.0100463 0.00260967 -0.00702032 -0.00108102 -0.00046072 -0.00977744 -0.00735685 -0.00437534 -0.00820014 -0.00656617 -0.00444011 0.0138132 -0.00329126 -0.00771245 -0.0182994 -0.00300982 -0.00500829 
-0.00187997 -0.000433432 -0.00883673 0.00169966 -0.00734934 9.63756e-05 -0.00264309 -0.00381888 -0.00192833 -0.000509801 -0.00529871 -0.00330785 0.00501078 0.110931 -0.00589688 -0.00131077 0.0120946 -0.00412577 -0.0152001 -0.00527287 -0.00680436 -0.00709524 -0.00448247 -0.0130212 -0.00720729 -0.00613283 0.00413655 -0.00489227 0.00188689 0.00117146 -0.000363418 0.00590797 0.00278147 0.00104619 0.000496 -0.00065419 0.00282154 0.00147522 -0.000654809 -0.00244948 0.00243053 0.00267012 0.000804364 -0.000990717 -0.00504065 0.000702992 -0.00165536 -0.00502932 -0.000827191 0.000583169 -0.0027315 -0.000592309 0.00071571 0.00351646 0.00461073 0.00441215 0.00086128 -0.0037968 -2.99211e-05 -0.00269801 0.00207078 -0.00555595 -0.00174707 0.00103469 0.000125408 -0.00229185 -0.0105334 -0.00186131 -0.00355409 0.0011592 -0.00214728 -0.00455829 -0.00058662 -3.18586e-05 0.00263139 -0.001117 -0.000875742 0.00139191 -0.000242888 -0.00487241 -5.33323e-05 -0.00326599 0.0043302 0.00525664 -0.00103151 0.00208441 -0.00200284 0.00299734 -0.00315755 0.0023315 8.71151e-05 0.00434094 0.00388092 0.00084372 -0.00488949 7.13362e-05 0.00228746 -0.00485189 -0.0025033 -0.00309435 
-0.00558311 -0.00703506 4.94388e-05 -0.000770148 -0.0227224 0.00319439 0.00627962 -0.00298662 0.00309509 0.00445943 0.0108419 0.00955873 0.00883555 -0.00589688 0.131755 0.0127564 -0.00700236 -0.0239636 0.00102792 0.00307615 -0.00719341 -0.00131328 -0.0117679 -0.0139947 -0.0112943 0.00271052 -0.0344786 -0.00303466 -0.00896252 -0.000603831 0.00326298 -0.00634951 -0.00177144 -0.00264666 -0.0126917 0.0151972 -0.000792104 0.00805238 -0.000637678 0.00302511 -0.0095089 -0.0025646 -0.00190839 -0.000561707 -0.00482812 0.00156375 0.000167474 -0.00745321 -0.000153954 0.000430305 -0.00112638 -0.00167431 0.0010686 -0.00359332 0.00324067 -0.00937996 -0.000932668 0.00433572 -0.000190742 -0.00288107 -0.00732471 -0.0047715 0.00484595 -0.00494548 -0.000573158 -0.00139088 -0.00200327 0.000410385 0.0180857 -0.000828372 0.00779421 0.00491402 -0.00395139 -0.00462427 0.00336054 -0.00177254 -3.70746e-06 -0.000617693 -0.000533465 0.00126452 -0.00307723 -0.0103868 0.00251374 -0.00125379 -0.00294876 0.00214782 -0.00228804 -0.00126581 -0.00397664 -0.00352151 0.00177706 -0.00161736 -0.000650387 0.00232343 0.0104555 0.00167348 -0.000517594 0.0030542 0.00112748 0.00136118 
0.00367546 0.000783029 -0.00769653 -0.0054156 -0.0208445 0.00156167 0.00404203 -0.00645334 -0.00463391 0.00918441 -0.00733917 -0.00295704 0.01664 -0.00131077 0.0127564 0.230783 0.0342171 -0.0171252 0.00222627 -0.0124241 -0.00812203 -0.0509154 0.00861857 0.0252083 0.0142698 -0.005971 -0.0450291 -0.00732862 -0.0210968 -0.00753836 0.00191528 -0.00419773 0.00360458 -0.0209815 -0.000870604 -0.00552219 -0.00387897 -0.0118787 -0.00411813 -0.00751517 -0.013802 0.000835155 -0.00577993 0.00374041 -0.0124735 0.000888534 -0.00498723 0.010479 6.38394e-05 -0.00527669 0.0115658 -0.00368763 -0.00104699 0.0215383 -0.00473951 -0.00837358 -0.00152679 0.00500828 -0.0050158 -0.0174 0.0168643 -0.00451782 0.00391447 0.0140675 -0.000475352 0.00285723 -0.0242275 -9.36586e-05 0.000385016 6.62417e-05 -0.00220131 0.000834483 -0.00129047 -0.00247368 0.00633319 0.000100618 -0.00157551 0.00137416 -0.0054795 0.00506052 0.00262125 0.000978838 -0.00649197 -0.00101254 -0.0114499 -0.00330918 0.0109246 -0.00889395 -0.00422619 0.00389124 0.00681592 -0.00555176 -0.00703223 -0.00634099 -0.0177429 0.0027331 -0.00833285 0.00838393 -0.00497328 -0.00884492 
-0.00409159 -2.9334e-07 -0.0165473 -0.00719377 -0.0206943 -0.00256658 0.00827735 -0.0157842 -0.000642837 0.000944738 -0.0207285 -0.00782289 0.0468729 0.0120946 -0.00700236 0.0342171 0.25 -0.00769609 0.0183449 -0.0472232 0.00518116 -0.032055 -0.0171428 0.010303 0.00773018 -0.0100569 -0.0309142 -0.0375621 -0.0120074 -0.00288236 -0.00702448 -0.0227791 0.00994083 -0.0181525 0.0216581 -0.0103247 -0.00143876 -0.000116317 -0.00385855 0.00530684 0.00694215 0.00379939 -0.0112593 -0.00120747 -0.0160915 -0.0012644 0.00273622 0.00601043 -0.000755789 -0.00734772 0.00530422 -0.00102395 0.00174028 0.0139689 -0.00432151 0.003501 -0.00286395 -0.00861679 -0.00996021 0.00108582 0.0199818 -0.00188435 -0.00171006 0.00943721 0.00369175 0.00446875 -0.0238099 1.91766e-05 -0.00638377 0.000217129 -0.00228359 0.0125197 0.00174274 0.0032235 0.0111606 0.00510487 0.00158281 -0.00320417 -0.00482972 0.00823242 -0.00803011 -0.015414 -0.00213249 -0.00962484 -0.00820891 -0.00162612 -0.00251508 0.00573584 -0.00835994 -0.00426436 0.0029667 0.00454978 -0.00528324 -0.00453183 -0.00808026 0.00279265 -0.00577929 -0.00891377 0.00499259 -0.0124888 
-0.00659347 -0.0128558 -0.0154352 -0.00642775 0.0272553 -0.000581753 -0.012592 0.0229289 -0.0023075 -0.012079 -0.010708 -0.00165606 0.00766208 -0.00412577 -0.0239636 -0.0171252 -0.00769609 0.240838 0.00195066 -0.0232215 -0.0222395 0.000663598 -0.00479773 0.0106587 0.00650007 -0.0208241 0.0198708 -0.0171372 -0.000823298 0.0032595 0.00130562 0.00022088 -0.00843779 0.00422784 0.00594236 -0.0508985 2.90501e-05 -0.0180451 0.000583712 -0.0124939 -0.0027794 -0.00812582 -0.00259986 0.00399351 0.00520876 -0.000820064 -0.00668521 -0.0162624 -0.00133547 -0.00372841 -0.00535551 -0.00206074 -0.00465198 -0.0232939 -0.00160281 -0.000203275 -0.00113137 -0.00152273 0.00854193 0.0164933 -0.0226843 -0.00181775 -0.0145007 0.00308691 0.0196002 -0.00121084 -0.00475015 -0.00399529 -0.0197416 -0.000944449 -0.00211522 -0.00116037 0.00188501 -0.00567827 0.00023983 -0.00136005 0.00147471 0.000848111 0.00269706 0.0122981 0.00279622 0.0157938 -0.00599555 -0.00873974 0.0106497 1.75869e-05 -0.01046 -0.000241553 0.0110036 0.00264227 -0.00613459 0.000109656 -0.00445497 -0.000423149 0.0170717 0.00309695 0.000737521 0.00867124 0.00124324 0.00753554 
-0.00717477 -0.0173527 -0.0047649 -0.00160181 0.0279991 -0.00288008 -0.00309074 -0.00460993 4.92936e-06 -0.00837445 -0.0108311 0.000672566 -0.00178985 -0.0152001 0.00102792 0.00222627 0.0183449 0.00195066 0.232645 0.00217708 -0.0114229 -0.0162652 -0.00514134 0.0437003 0.0114961 -0.00340171 -0.0311571 -0.0102061 -0.0355443 -0.00774438 0.00613949 -0.0336801 -0.00432161 -0.00312203 -0.0175507 -0.0201501 -0.0033995 -0.000905673 0.00108893 -0.00675018 0.0257016 0.00198034 -0.00978115 -0.00693952 -0.0152861 0.00106377 0.0105524 0.0316888 -0.00306675 -2.26658e-05 0.00894647 -0.00146076 -0.0042336 -0.00165087 -0.00894401 0.00652037 -0.000993766 -0.00321335 0.000941844 -0.00867379 0.00703473 -0.010409 -0.00703119 0.0163128 0.004181 -0.00163114 0.0010972 -0.00511622 -0.00420187 -0.00148876 0.00781134 0.00321826 0.00550909 -0.00481622 0.00135334 0.00217036 0.000240739 -0.0013451 0.000952966 0.00220529 -0.010862 -0.0150193 -0.00413433 -0.0151592 -0.00928423 -0.00114656 -0.00122249 -0.00679968 -0.00141485 -0.000360972 0.00161667 -0.00764922 -0.0166451 0.00132499 -0.00318945 -0.00025461 0.00337599 -0.00329895 -0.00252087 -0.00757287 
-0.00683286 0.0061082 0.00545228 0.00307678 0.00065573 -0.00124954 -0.00312899 -0.00352268 0.00452389 -0.0102348 0.00531375 0.0105333 -0.035817 -0.00527287 0.00307615 -0.0124241 -0.0472232 -0.0232215 0.00217708 0.249886 0.00285923 0.0143661 -0.00570777 -0.0142219 -0.0169189 -0.0166511 0.000989365 0.0187192 -0.00289182 0.00330039 0.013185 0.00460318 -0.00344028 0.0222998 -0.0153599 0.0172711 -0.00123468 -0.010822 -0.000313844 0.00340003 0.00312147 0.000281199 0.00541084 -0.00395404 0.00210251 -0.00548761 -0.0132104 -0.0118836 -0.00497463 -0.00331819 -0.0121235 0.00437225 0.0002337 -0.000624048 0.00428149 -0.00731587 -0.00140031 0.000736174 -0.0090352 -0.0136126 -0.0091851 -0.00162758 -0.00408945 0.0235416 -0.00374127 -0.00231985 0.00314143 0.000320607 0.00565001 -0.000967795 -0.00617954 -0.0153412 -0.00692547 -0.0126264 -0.00390484 0.000949194 -0.00617793 -0.00312014 0.00533807 0.00355325 -0.0145345 -0.00885103 -0.00356494 0.00984377 0.00973954 -0.00461633 0.00263156 -0.0141029 -0.00428515 -0.00349951 -0.00348527 0.00348335 -0.0018779 0.00231996 -0.00550029 -0.00883503 -0.000454286 -0.00597129 0.000995638 -0.00462943 
-0.00236825 0.00165559 -0.0036372 -0.00313048 -0.00235053 0.00214921 -0.0076987 -0.0119403 0.000206258 -0.00435653 -0.00291597 0.00354624 -0.0176103 -0.00680436 -0.00719341 -0.00812203 0.00518116 -0.0222395 -0.0114229 0.00285923 0.186134 -0.00954239 0.00201787 -0.00881821 -0.0135305 -0.00166149 0.0137466 -0.0342253 -0.00712965 0.000138377 -0.0105793 -4.67128e-05 0.00603552 -0.0090442 0.000171972 0.0147109 0.00167402 -0.0269417 -0.000347572 0.000228931 0.0196523 0.00287995 0.000651053 -0.00245031 0.0100483 -0.00218332 -0.00202513 -0.00834293 -0.00110352 -0.00057541 0.0017153 0.000443155 -0.000524135 0.0044463 -0.00940951 0.00336958 0.00188941 -0.00462608 -0.00363808 0.00332577 -0.0137729 0.019182 -0.000946993 0.0114173 -0.00668157 -0.00542605 -0.00374333 0.0067575 0.00160675 0.000198128 0.00231396 -0.000825889 -0.00310207 0.00308939 0.00255046 0.00232852 0.00258366 -0.00114982 -0.00396181 -0.00927232 -0.00293538 -0.00364971 -0.0046049 4.23666e-05 -0.00461015 -0.00264953 -0.00553308 -0.00455024 0.000450783 0.00196891 0.00234894 -0.00113503 -0.00170875 -0.00337331 0.00253775 -0.00528085 -0.00277458 0.00480009 0.00705913 0.000111353 
-0.0159436 0.00630483 -0.00210704 0.00133465 0.00350765 -3.48609e-05 0.000791755 -0.02478 0.00331851 0.0165977 0.0090433 0.000919877 0.0154486 -0.00709524 -0.00131328 -0.0509154 -0.032055 0.000663598 -0.0162652 0.0143661 -0.00954239 0.249972 -0.0127308 -0.0166018 0.000474098 -0.0103793 0.0416379 -0.0130647 -0.00468152 -0.00204584 -0.00712752 -0.00649874 -0.00751173 -0.00147425 -0.0153437 0.0454819 -0.00483603 -0.00642601 0.000953422 -0.00415841 -0.00631158 -0.00562491 -0.00634689 -0.00737702 0.0161351 -0.00550669 0.00159161 -0.0251028 -0.00477281 0.00189389 0.00695801 -0.000257631 0.000362113 -0.0138164 0.00723738 0.00258502 0.000141455 -0.00188215 0.0012661 0.0147119 -0.00632014 -0.0023378 -0.016478 -0.016746 -0.013961 -0.00282288 0.0172696 -0.0016103 -0.00392531 -0.00145684 -0.00242922 -0.00995122 -0.000224649 -0.00527191 -0.0101464 -0.00803225 -0.0026546 -0.00149249 0.000918811 0.00276554 -0.00555648 0.00686621 0.00775896 -0.000684127 0.00476726 0.00288126 0.00522366 0.00167651 -0.0125374 -0.00606241 -0.0151275 0.0066799 0.0124624 0.0021709 -0.00434817 -0.00629461 0.000723247 -0.0180865 0.000768389 -0.0121413 
-0.00471342 -0.0073482 -0.00350876 0.00234575 -0.0147328 -0.00271856 -0.00622567 -0.005922 -0.00353378 -0.00132388 0.00150734 -0.00945921 -0.013918 -0.00448247 -0.0117679 0.00861857 -0.0171428 -0.00479773 -0.00514134 -0.00570777 0.00201787 -0.0127308 0.175908 0.0120759 0.0148051 0.00797822 -0.00150073 1.16684e-05 -0.0089671 -0.00306546 -0.00497941 0.0087404 -0.00551602 -0.0131098 -0.0124099 -0.00350328 0.000699005 0.0118659 0.0025283 -0.00310282 -0.0103881 0.0019023 -0.000422752 -0.000210782 0.00420899 -0.000646521 -0.00423075 -0.00294297 -0.00120455 -0.00104541 -0.000859641 0.000664473 -0.00109426 -0.00300504 -0.00283741 -0.000823349 0.000423265 -0.000953128 0.00129294 -0.0118143 0.00440884 -0.00449574 0.0114453 0.00325095 -0.00478736 0.00178813 -0.00512802 -0.00200828 -0.00667392 0.000211814 -0.00209296 0.00398565 0.00348073 -0.00364516 0.00148013 -0.00087375 0.00290954 0.00201813 0.000246887 -0.0116213 0.00837105 0.00663592 -0.00265536 -0.00355443 -0.0096088 -0.00169822 0.00504014 -0.000347526 -0.0103109 0.0058032 -0.00193968 0.000859374 -0.00311138 -0.00325384 -0.00822031 0.00652088 -0.00159959 0.000867724 -0.00327883 -0.00220454 
0.0103295 0.00505915 -0.00865105 0.000103153 0.00746417 -0.00113609 -0.0110462 0.0133994 -0.00611787 -0.00144442 -0.0113832 -0.00979009 0.012335 -0.0130212 -0.0139947 0.0252083 0.010303 0.0106587 0.0437003 -0.0142219 -0.00881821 -0.0166018 0.0120759 0.242195 0.0469658 -0.0179489 -0.0168807 -0.0024845 -0.0276301 -0.0171036 -0.00162496 0.000573229 -0.0188129 -0.00183193 -0.0246954 -0.00451036 -0.00248863 -0.000955717 -0.0012755 0.00303575 -0.0046506 -0.00410379 -0.00152011 -0.000169566 -0.00874794 -0.00500545 -0.00254574 0.0203497 -0.00366939 0.00411891 0.00763045 -0.00363477 -0.00396194 0.0080173 -0.0103028 -0.0100841 -0.0043311 -0.0106983 -0.00660144 0.00457539 0.0227423 -0.0160801 0.00420871 0.00430626 -0.02201 -0.00189699 0.000631984 -0.00462924 -0.00528299 8.67625e-05 0.000579782 -0.00142174 0.0067185 -0.0103891 -0.00625862 -0.00247269 -0.00116575 -0.00256938 -0.00638198 -0.0244561 0.00966413 -0.00808092 -0.00814972 -0.0012251 -0.0136137 -0.0123262 -0.00417378 -0.0024159 3.1514e-06 0.00526105 0.00194472 -0.0155071 -0.010888 -0.00967568 0.00935187 -0.00373818 -0.00415188 -0.00636206 -0.0082582 -0.00551931 
0.00651012 -0.000488309 -0.00330087 0.000424463 -0.00258894 -0.00368981 0.000385167 0.0101333 -0.00615538 -0.00334869 -0.00763549 -0.00409139 -0.0300751 -0.00720729 -0.0112943 0.0142698 0.00773018 0.00650007 0.0114961 -0.0169189 -0.0135305 0.000474098 0.0148051 0.0469658 0.239178 -0.0081594 -0.0210139 -0.0215317 -0.0208915 -0.0231021 -0.00729816 0.0171041 -0.0129994 -0.0147352 -0.0202583 -0.00318774 0.0002433 -0.0206751 -0.00364582 0.0039741 -0.00913066 -0.00400465 -0.00687972 -0.000243946 -0.0054975 -0.00505248 0.00507093 0.0209642 -0.000178687 0.00533654 0.00566397 -0.00953564 -0.000614998 0.00753634 0.00590743 -0.00157445 -0.00393065 -0.00963933 -0.00616355 0.0229455 0.0274978 -0.00609885 -0.0162225 0.00930452 -0.0167202 0.00276767 -0.00577567 -0.00543729 -0.0101877 -0.000922347 -0.00236794 -0.0110411 0.00240881 -0.0104377 -0.00371946 -0.00658215 -0.00227529 -0.0048151 0.00714507 -0.00902699 0.00775515 -0.00452935 0.00078578 -8.94104e-05 -0.0191297 0.00373401 -0.00725617 0.00705252 0.000135838 -0.00101727 -0.00860649 -0.00404997 -0.00798193 -0.00289153 0.0233033 -0.00169174 -0.0100714 0.000800691 -0.0101515 -0.00694322 
0.00188646 -0.00705596 0.0113345 0.00413085 0.00888615 0.00128846 -0.00245429 0.00653859 -0.00113445 0.00955917 0.00623416 0.00151919 -0.00380007 -0.00613283 0.00271052 -0.005971 -0.0100569 -0.0208241 -0.00340171 -0.0166511 -0.00166149 -0.0103793 0.00797822 -0.0179489 -0.0081594 0.153115 -0.025636 -0.0132783 0.00429509 -0.00163437 0.000736775 -0.00737734 -1.60729e-05 -0.00977522 -0.00923338 0.00531774 0.00182421 0.0156222 0.000619233 0.00179724 -0.00776384 0.00244581 0.000555452 -0.00128492 0.0107026 0.00135987 0.00780134 -0.00696281 0.00113805 0.0030747 -0.0114468 -0.000298605 0.0027014 -0.00626769 0.0049979 -0.00578577 -0.00127031 -0.00078908 0.00635663 -0.0114849 -0.0231115 0.00308669 0.0135431 -0.0219839 -0.00807562 -0.0014453 0.00509897 -0.000174573 0.00200247 -0.000197815 0.00322523 0.000269085 0.000501057 0.00113978 -0.0061647 -0.00202016 0.00294249 -0.00109315 -0.00553997 -0.00313937 0.00460594 -0.00633077 0.00325665 -0.00580329 -0.00800054 -0.00113927 -0.000922066 0.000340605 -0.00357658 0.000725056 -0.000142204 0.00193044 -0.0045576 0.00133942 -0.00581883 -0.00162225 -0.00248235 0.0101879 0.0006331 0.00792303 
-0.00813453 -0.00440148 0.00453193 0.002208 0.0157667 -0.00465404 -0.0107543 -0.0286448 -0.000872072 -0.0133887 0.00144005 -0.0146797 -0.00118918 0.00413655 -0.0344786 -0.0450291 -0.0309142 0.0198708 -0.0311571 0.000989365 0.0137466 0.0416379 -0.00150073 -0.0168807 -0.0210139 -0.025636 0.248216 0.0183685 0.0159064 0.00150049 0.00647269 0.0127709 -0.00331504 0.000841462 0.0101132 0.019034 -0.0035537 -0.00951282 -0.000723286 -0.012844 0.00371095 0.00180527 -0.00217598 -0.00304185 0.00566422 -0.00305273 0.000223249 -0.0346901 -0.000212251 -0.00520356 0.00999688 0.00160437 -0.00189104 -0.0131112 -0.0111356 0.010097 7.78872e-05 -0.00174985 0.00236429 0.0040286 -0.010538 -0.0117762 -0.0173647 0.0198616 0.00687562 -0.00564153 0.00341079 -0.00137457 -0.0117143 0.00116446 -0.0155837 -0.0156736 -0.00757195 0.00115025 -0.00716022 -0.0054424 -0.00355375 0.000476865 0.00216345 -0.0190464 0.00489626 0.012154 -0.00387105 0.0042876 0.0161696 0.0014483 0.0158416 -0.00432546 -0.00245505 -0.00609346 -0.00702639 -0.00344516 0.00734265 -0.00535405 0.0119016 -0.00767669 0.00269868 -0.00530344 -0.00721354 -0.00422017 
0.0199699 -0.011018 0.00587487 0.00160368 -0.00556097 -0.00591343 0.00783135 0.0114616 -0.00531186 -0.0132856 0.00701643 -0.0164591 -0.032845 -0.00489227 -0.00303466 -0.00732862 -0.0375621 -0.0171372 -0.0102061 0.0187192 -0.0342253 -0.0130647 1.16684e-05 -0.0024845 -0.0215317 -0.0132783 0.0183685 0.220977 0.0262397 -0.00205041 -0.00240641 0.0084391 -0.00916007 0.014328 -0.00302486 -0.000247301 -0.0021861 0.0312184 -0.00274976 0.00072292 -0.0205035 -0.0061086 0.00292481 0.00046288 -0.00333232 -0.000748612 -0.014195 0.0170685 0.000145802 -0.0047072 -0.0059034 -0.000836164 -0.00347798 -0.00631711 0.00230401 0.000761172 -0.000618248 -0.00124817 -0.000236735 -0.0204802 0.0394045 -0.0119715 0.0026252 -0.0219075 0.0155664 -0.00289688 8.25771e-06 0.00185368 0.00248574 8.97105e-05 -0.00598353 -0.0030527 -0.00709738 0.00436788 0.000706235 -0.00691531 -0.00399167 0.0036419 -0.0043991 -0.0216538 -0.00967994 0.0219945 -0.000190016 0.00438074 -0.00310782 0.000578466 0.0019725 -0.0102484 0.0102951 -0.00647922 0.00181202 -0.00403433 0.00118729 -0.00115321 -0.0193429 -0.005961 0.00602465 -0.00342086 -0.0108808 -0.0053985 
0.00437202 0.0155935 -0.00372808 0.00207932 -0.0117268 -0.00231436 0.00364008 -0.00450766 -0.00351216 -0.0129778 -0.000194968 -0.000937243 -0.0272603 0.00188689 -0.00896252 -0.0210968 -0.0120074 -0.000823298 -0.0355443 -0.00289182 -0.00712965 -0.00468152 -0.0089671 -0.0276301 -0.0208915 0.00429509 0.0159064 0.0262397 0.160543 0.00732036 -0.00670211 0.0167167 0.000743328 0.0125045 0.0170691 -0.0149695 -0.0016394 -0.00412377 4.44913e-07 -0.000834347 -0.0109078 -0.00211751 0.00126075 -0.000581919 -0.00436772 0.00283556 -0.00612159 -0.0205995 -6.4485e-05 0.00230346 -0.00746851 0.000487319 -0.00136103 -0.00781556 -0.00369324 0.0016674 0.00112613 0.00268205 0.00708924 -0.0100039 -0.00356954 0.000239023 -0.0107635 -0.00865658 0.00365363 -0.00300129 -0.00879716 -0.000139292 -0.00375475 -0.000438305 -0.00221008 0.00351522 -0.00643115 0.00543895 0.0020233 -0.00343549 -0.000797696 -0.000558998 -0.0025356 -0.00838107 0.00725473 0.0121753 0.00340473 0.00164095 0.00777776 0.00111057 0.00782531 -0.00012207 0.00331555 0.00323609 -0.0041809 0.00589652 0.00859987 0.000556363 -0.018358 0.0024016 0.00526224 0.00566197 -0.000963368 0.00890029 
-0.000268234 -0.000606023 -0.00342546 -0.000138534 -0.00218066 0.000468541 -0.0029664 0.00206533 -3.00347e-05 -0.00270317 -0.00161058 0.000760826 0.00132283 0.00117146 -0.000603831 -0.00753836 -0.00288236 0.0032595 -0.00774438 0.00330039 0.000138377 -0.00204584 -0.00306546 -0.0171036 -0.0231021 -0.00163437 0.00150049 -0.00205041 0.00732036 0.0668423 -0.00112036 -0.00888413 0.00157861 0.00385553 0.0075895 -0.00727975 -0.000581754 -0.00118861 -8.1128e-05 -0.00168382 -0.000246015 0.00145249 0.00121302 0.000217064 -8.38803e-05 0.00100214 0.000382626 -0.00422851 0.00256822 -0.00238408 -0.00107019 0.00288226 -0.000209993 -0.00346495 -0.00262205 -0.00205064 0.00128818 -0.00111918 0.00169097 -0.00400691 -0.00776244 0.00473047 0.00392665 0.00167653 0.000645737 -0.000181312 -0.00357051 -0.000218908 -0.00214309 0.000238946 6.4554e-07 -0.00199172 -0.000872254 0.00293436 -0.00182841 0.000276597 0.000445523 0.000286164 0.000267471 0.00234172 -0.00308171 7.6882e-05 -0.00123697 -0.00206788 0.00759375 0.00106935 0.000214307 -0.00115563 -0.0013593 0.00232761 0.00131582 0.00392392 0.00243186 0.000909858 -0.00937977 0.000808489 0.00321251 0.00434021 -0.000281599 0.00127082 
-0.00639181 8.91974e-06 0.00315554 0.00222586 0.00623641 0.00133189 -0.00346241 -0.00734528 0.00133801 -0.00500645 -0.00241013 0.00220782 0.0024334 -0.000363418 0.00326298 0.00191528 -0.00702448 0.00130562 0.00613949 0.013185 -0.0105793 -0.00712752 -0.00497941 -0.00162496 -0.00729816 0.000736775 0.00647269 -0.00240641 -0.00670211 -0.00112036 0.0807261 -0.00336029 -0.000994613 0.000863659 -0.00408511 -0.00673185 -0.000740147 0.00112196 0.000207895 -0.00144008 0.00183847 0.00049914 0.00127126 0.000517236 0.000220704 7.12291e-05 0.00147608 -0.00256773 -3.40711e-05 0.000934824 -0.00173452 0.00237845 -0.000548614 -0.00312523 -0.00186353 -0.00126998 -0.000724008 -0.000572092 -0.00132365 -0.00257909 -0.00682832 -0.00343475 0.0018689 0.000511748 0.0102744 0.00127653 -0.00849539 0.000212761 -0.00224013 -0.000213307 0.00162335 -0.00198426 -0.000280528 -0.00195645 0.000440272 0.000825287 -0.000683896 -4.92644e-05 -0.000544346 -0.00137497 -0.00158692 -0.00380572 -0.00282252 0.00299378 -0.000615897 -0.000966176 -0.00160136 -0.00417651 0.00010773 -0.00221853 0.000962525 -0.00395453 -0.000317271 -0.000733646 0.00349793 -0.00215219 -0.00309852 -0.00205214 -0.00241723 -0.000536407 
-0.000481997 0.00183763 -0.00779904 0.000248681 -0.0223945 -0.00428095 -0.00647114 0.0018518 -0.00210752 -0.0110702 -0.000830992 0.000235237 -0.02345 0.00590797 -0.00634951 -0.00419773 -0.0227791 0.00022088 -0.0336801 0.00460318 -4.67128e-05 -0.00649874 0.0087404 0.000573229 0.0171041 -0.00737734 0.0127709 0.0084391 0.0167167 -0.00888413 -0.00336029 0.17255 -0.00652076 0.00872556 -0.00714556 -0.0190394 0.00398264 -0.00594463 -0.00147753 0.00320865 -0.00350753 0.000124831 0.00360864 0.00177407 -0.00100374 -0.00137373 -0.00829039 0.00529499 -0.00628535 0.00410832 -0.0114347 -0.00272161 -0.000396499 -0.00382031 0.0174039 -0.00783065 -0.000911397 0.00231934 0.000954601 -0.00293971 -0.00469408 -0.00741703 -0.000853483 0.00134754 -0.0083483 -0.000126622 -0.00148944 0.000849779 -0.00123171 0.000247299 -0.00171633 -0.00481204 -0.00138989 -0.00362269 -0.00314054 -0.00469679 -0.00531989 0.000993942 -0.00180566 -0.00879474 -0.001563 0.0023403 0.0073195 0.00669773 -0.00410671 -0.000839289 -0.0074623 -0.00317126 0.000430265 0.00271439 0.00404077 0.00317827 0.00586839 -0.00474696 0.00940953 0.00328565 -0.000263879 -0.00513736 -0.000637597 -0.00193775 
-0.00967875 -0.00192391 -0.00246805 -0.000233814 -0.00703903 -0.000880092 -0.000291301 -0.00258097 0.000600878 -0.00122566 -0.00375829 -0.00227434 0.00707194 0.00278147 -0.00177144 0.00360458 0.00994083 -0.00843779 -0.00432161 -0.00344028 0.00603552 -0.00751173 -0.00551602 -0.0188129 -0.0129994 -1.60729e-05 -0.00331504 -0.00916007 0.000743328 0.00157861 -0.000994613 -0.00652076 0.086353 -0.00523197 0.013168 0.0122504 0.000402491 0.000769809 -0.000627161 -0.0023485 0.00616157 0.00329387 -0.00149613 -0.000455466 -0.000588188 0.00159954 0.000365866 -0.00655469 0.000532549 -0.00197341 0.00199856 0.000356725 -0.000334342 0.00220062 -0.00429894 0.00569903 5.66945e-05 0.000404198 -0.00238392 -0.000154074 0.000321252 -0.00104844 8.22243e-05 -0.00621341 -0.0017293 -0.000784009 -0.00337977 -0.00010692 0.0046386 0.000430821 0.000105455 0.00432783 -0.00273748 0.000803752 0.00105286 -0.000945887 -0.000602356 0.00122497 0.00146019 0.00378549 0.00654192 -0.000770149 -0.0022248 -0.00257018 -0.00291754 -1.07912e-05 -0.00464959 -0.00155538 -0.0028013 -0.00286373 0.000587625 0.000347942 -0.00272172 -0.00201986 -0.00938269 0.00500671 -0.00160249 -0.00544142 0.00330626 -0.00129597 
-0.00927336 0.000180761 -0.00945232 0.000514268 0.0124589 -0.000338347 -0.00253354 -0.00417247 -0.00282048 -0.00990399 -0.00529486 -0.00352324 -0.0166704 0.00104619 -0.00264666 -0.0209815 -0.0181525 0.00422784 -0.00312203 0.0222998 -0.0090442 -0.00147425 -0.0131098 -0.00183193 -0.0147352 -0.00977522 0.000841462 0.014328 0.0125045 0.00385553 0.000863659 0.00872556 -0.00523197 0.134177 -7.85663e-05 -0.0217934 0.000518633 0.00267577 0.000327855 0.00390849 0.00828413 -0.00421134 0.00128622 0.00157732 -0.00219868 -0.000852403 -0.00458893 -0.00305251 -0.00208527 0.000398669 -0.00488741 0.000532637 -0.0013538 -0.00726338 0.00351981 -0.00283577 0.000991218 -0.00343632 0.000945715 -0.00926263 0.00557507 -0.00467551 -0.000370213 -0.00434691 -0.0017167 -0.00184532 -0.00499688 -2.85865e-05 -0.00504917 0.000250894 -0.00322032 -0.00177551 0.000463612 -0.00184527 -0.00555943 0.000685479 -0.000603927 -0.000442155 0.001549 0.0061674 -0.00157883 -0.00107133 -0.00355156 0.000329236 0.0026928 0.000319646 -0.00418455 -0.00735547 0.00652908 -0.00455261 -0.00140648 0.0019153 0.0031004 -9.1472e-05 0.00315519 -0.00476798 0.00333686 0.00353139 0.00709328 0.00934067 
