0.070364 -0.000543656 -0.000852117 0.00191648 0.00951494 -0.000207434 0.000413852 9.20112e-05 -0.00112176 0.00121716 -0.00115874 -0.00372026 -0.000822087 0.00015804 -0.0177239 -0.00860619 -0.0058386 -0.00341453 -0.0100409 -0.00333039 0.0138379 -0.00942042 -0.0100408 -0.0122387 -0.0052708 -0.00768642 0.012621 0.0030865 -0.0101295 -0.000816118 -3.9214e-05 0.00205529 0.00042647 -0.00146071 -0.00202907 0.00178093 -0.00254637 -0.00459961 -0.00118177 -8.90743e-05 -0.00272664 0.00253433 0.00516878 -0.000934221 3.40203e-06 -0.00067371 -0.000300233 -0.000682562 0.0085426 -0.000543887 0.000993469 -0.00124004 0.00353429 -0.00102161 0.00301543 -0.000999299 -0.000226386 -0.000391713 -0.00154028 -0.000298171 0.00257581 -0.00536923 -0.00221138 -0.000348798 0.00604675 -0.00479201 0.00017578 -0.00169456 0.00027684 0.00140339 -0.00181495 -3.70933e-05 0.00130947 -0.00128149 -0.000583177 -0.00178726 0.00187136 0.0134292 0.00160493 0.000332285 0.00292227 -0.00118664 -0.00093254 0.00186057 -0.000620482 -0.000706827 -0.00319596 -0.00301403 -0.00326684 3.32599e-05 2.95903e-05 -0.00672262 -0.00103721 0.000245089 0.00164381 -0.00127709 -0.0012173 0.000876484 0.00114265 0.000549115 
-0.000543656 0.027358 0.000289712 -9.68111e-05 0.00104062 -0.000475297 0.000265519 -0.000919864 -0.000119284 0.000479809 0.00131535 -0.00195899 0.00301032 -0.00172402 -0.00264328 -0.00254534 0.000652614 0.000679374 -0.00448639 7.04582e-05 -0.00196238 -0.00280502 -0.00205532 -0.00284259 -0.00141436 -0.00103502 0.000875194 -0.00457622 -0.00348358 -0.000312096 -0.00105225 0.00135132 0.00109651 -0.001453 0.00114581 0.000381671 -0.00315015 -0.00196184 0.000278883 -0.000736 0.000604129 -0.000185128 -0.00115138 0.000364549 7.82056e-05 0.000304071 -0.000211535 -0.00154464 -0.00123182 -5.75571e-05 0.00143379 0.00012795 -0.000775304 0.00059557 0.00186636 -3.67364e-05 0.000250049 -0.00040341 0.000440183 0.000371992 -0.00121718 -0.00156612 -5.20921e-05 -0.000579779 0.000271577 0.000454138 0.00188893 0.00150704 0.000239242 0.000146443 -2.24636e-05 0.000320564 -3.47323e-05 -3.81161e-05 -1.21473e-05 0.000182688 -0.000486987 -0.00128098 0.000588818 0.00118848 0.000145404 -0.00142123 0.000130262 2.94413e-05 3.84456e-05 0.000369467 -0.000367397 0.000309455 -0.000426211 -0.000266532 -0.00022362 0.00146382 -0.000263063 0.00163735 -0.000639243 0.000424584 -0.000239484 0.000651992 -8.05816e-06 0.000379598 
-0.000852117 0.000289712 0.0882229 -0.00111739 -0.00338 -0.0017937 0.000688762 0.00206957 -0.00133913 -0.00563765 0.00506643 0.0118609 -0.000644252 -0.0104767 -0.00329292 -0.00753292 0.00283835 0.00131607 0.00904883 0.000516796 -0.00789787 0.000189622 5.62431e-05 0.0129626 -0.00387283 -0.00775607 -0.00206327 -0.00438381 0.00467153 -0.00939242 -0.0101114 -0.00160896 -0.000452845 -0.00370881 -0.00582283 0.00128657 -0.004503 -0.00625128 -0.000863188 0.00363358 0.000518595 -0.00119693 -0.00296332 -0.00168873 -0.000182943 -0.00105352 -0.000870484 -0.00333063 -0.00431997 -0.000276432 -0.000183628 -0.00107652 -2.81009e-05 -0.00174017 -0.000538418 -0.00131862 -0.00151782 -0.000893809 -0.000390123 0.000211373 0.00208226 -0.00148429 0.00180971 -0.0015799 -0.000351413 0.00179696 0.00270539 0.00356839 -2.71431e-05 -0.000401986 -0.00217096 -0.000660293 0.0020648 -0.00245357 -0.00147665 0.000889166 -0.00401771 -0.00448967 -0.000150019 -0.000317139 0.00158296 -0.00688896 0.00517344 0.000250965 -0.000786862 0.00127556 -0.0067193 -0.00336207 -0.000142999 0.000850793 0.000376975 0.000558495 -0.000327109 -0.000342507 -0.0014457 -0.00172543 0.000127296 -0.000157084 0.000881589 -0.00163903 
0.00191648 -9.68111e-05 -0.00111739 0.0473534 0.0052459 0.00174572 0.00139088 -0.000675541 0.00112785 0.00035914 -0.00291273 -0.00280952 -0.00209039 0.00400514 -0.00792756 -0.00274176 0.0021368 -0.0051085 -0.00591919 0.00106245 0.00336044 -0.00317642 -0.00535399 0.00118456 -0.0120024 -0.00141304 -0.000145719 -0.000113775 -0.00648537 -0.00495074 0.000983465 -0.000182122 0.000623815 0.000133481 -0.0031139 0.000149603 -0.000235371 -0.000699037 0.000809004 -0.00234051 -0.00167712 0.00202397 0.0017222 -0.000452589 0.000208124 -0.000893556 -0.000409748 -0.00187637 0.000102107 -0.000374995 0.00483168 -0.000633476 0.00727543 0.000644033 -0.000734737 -0.000833297 -0.00200648 -0.000688216 -0.000997793 -0.000353251 8.36883e-05 -0.000686682 0.00176264 -0.00116173 0.000656274 -0.00281878 0.00433157 -0.000841894 -8.91377e-05 -0.000386124 0.00120087 -0.00028366 0.000169649 -0.000320902 -0.000718286 -0.00144683 -0.00096304 0.00166522 0.000139758 0.00104695 0.00161396 -0.00215304 -0.0029568 0.000800773 0.000631568 3.17675e-05 -0.00108278 0.000171273 -0.00203265 -0.00177243 0.00101292 -0.00322652 0.00148161 0.00128024 -0.000396807 0.000818126 -0.00103016 -0.00104935 0.000190771 -0.000524301 
0.00951494 0.00104062 -0.00338 0.0052459 0.19472 -0.00306759 0.00539574 -0.0001695 0.000728635 -0.00472273 -0.00945352 -0.0178942 0.0237904 0.0419901 -0.0133241 -0.0075594 0.0518555 -0.0205169 -0.0256025 -0.0168642 -0.0120418 -0.0321706 -0.047867 -0.0226178 -0.0303982 -0.00779981 0.0184184 0.0194646 -0.0297474 0.0111468 0.0392446 -0.00279785 -0.0177754 -0.00636312 -0.00863345 -0.00194651 -0.0203191 0.0142974 -0.00366352 -0.0130168 -0.00277875 0.00173064 0.00460665 -0.00943942 0.000484297 -0.00234 -0.00118116 0.0106365 0.00743926 -0.000990758 0.00880314 -0.000447825 0.0266057 0.000395015 -0.0043802 -0.00657012 0.000271674 0.00129309 -0.000501153 -0.00423015 -0.0118356 -0.00621709 -0.00725826 0.00777984 -0.000533159 -0.011844 0.00111987 -0.00530515 -0.00613926 -0.00223232 -0.00785237 -0.00181496 -0.00293157 0.000763317 0.000674161 -0.00241587 -0.00883839 0.0321793 -0.00169013 0.00185988 0.00140297 0.0140358 0.00571586 -0.000441715 -0.00261738 -0.00103098 -0.00699278 -0.014117 -0.00318463 -0.010268 -0.00812067 -0.0194019 -0.00170034 -0.00026183 -0.00464105 0.00542001 -0.00479546 -0.00613742 0.000333178 0.00278824 
-0.000207434 -0.000475297 -0.0017937 0.00174572 -0.00306759 0.0525469 -0.00043327 -0.00110662 0.000348143 0.0027957 -0.00155783 -0.00622626 -0.0048238 -0.00367263 -0.0119748 0.00223276 -0.00332799 0.00315618 -0.0122907 0.00800041 0.0010464 0.00131385 -0.0101803 -0.00543633 -0.00516097 -0.00847969 -3.99076e-07 0.00373715 0.000488816 -0.00364979 0.00133986 -0.000279104 0.00277492 -0.00164113 -0.00323992 -0.00236061 0.0101775 -0.000706992 0.00121469 0.000121413 -0.00271714 0.00117168 0.00303824 0.000937882 0.00025502 -0.000782122 0.000434192 -0.00245573 0.00457507 -0.000272857 -0.00168014 -0.000814684 -0.00111331 -0.00166385 0.00190605 0.000989855 0.00314891 -0.00133486 -0.000438647 0.00114661 0.000649451 -0.00101027 -0.000428593 -3.33909e-06 0.00122942 -0.000324271 0.00154648 -0.00127514 -0.000957266 0.000568926 0.0018846 -0.000829879 -0.00109949 0.000518683 -0.000617601 0.000742866 -0.00128054 -1.09979e-05 0.00478759 8.44011e-05 0.00131542 -2.81334e-05 -0.00406371 0.000964108 -0.00255766 0.00051959 0.0018408 3.47516e-05 -0.00130379 -0.00162559 -0.00142242 -0.00278672 -0.000129333 0.000831765 -0.00087607 0.000843218 0.000511947 -9.14633e-05 -0.000128796 -0.00130041 
0.000413852 0.000265519 0.000688762 0.00139088 0.00539574 -0.00043327 0.0519325 -0.00116699 0.000128917 -0.000546945 -0.00262253 0.00411762 0.00323344 0.00513394 -0.00260424 -0.00469429 0.0057942 -0.000908901 -0.00232526 0.00260645 -0.00337844 -0.00425435 -0.00757924 0.00237485 -0.01139 -0.00385662 -0.00018007 -0.00129834 -0.000180153 0.00104618 0.00428681 -0.00103248 -0.00109559 -0.000159975 -0.00111705 0.000519761 -0.000983419 -0.00519708 1.42673e-05 -0.000134952 -0.00140893 0.000625975 -0.0019385 -0.000456116 0.00015485 -0.000453845 -5.67619e-05 0.000349801 0.00320431 0.00131671 0.00167012 0.00169732 0.00364728 -0.000341978 -0.00126945 -0.00203288 -0.00163236 -0.000413904 -0.000668939 0.000165889 -0.00285462 -0.00337655 0.00111881 0.000712723 -0.00100118 -0.000599976 0.000420044 -0.00171699 -0.000429265 -2.78462e-05 -0.00167995 -0.0011562 -0.000546722 0.00012045 -4.17542e-05 0.000852898 -0.0027919 0.00199771 -0.00133421 7.53106e-05 -0.00174709 -0.00203038 -0.00064495 0.000389673 -0.00104409 -0.000492615 -0.00380234 -0.00288148 -0.000821462 -0.000869214 -0.000193278 -0.00477163 -0.000378443 -0.000184569 -0.00034084 0.00124665 -0.00105231 -0.00105805 -0.000895656 -0.00053081 
9.20112e-05 -0.000919864 0.00206957 -0.000675541 -0.0001695 -0.00110662 -0.00116699 0.111983 0.000351774 0.00170418 -0.00282353 -0.00750794 -0.0019656 -0.00612017 0.0174312 -0.0133241 -0.00519155 -0.00497252 -0.0148521 -0.0100433 -0.000438512 0.0158626 -0.00272606 0.00983887 -0.00432594 -0.00904807 -0.00160817 -0.00522318 0.00336321 0.000646948 -0.00728832 -0.00388213 0.00241147 -0.00331705 -0.000760014 0.00303303 -0.00637683 0.00208558 -0.00151894 -0.000159311 0.00284755 -0.00333039 0.00030866 -0.0011309 -0.000863327 -0.00130259 0.000180691 -0.00243444 -0.00574298 4.37882e-05 -0.00372109 -0.000581154 0.0146666 -0.00122788 -0.00630518 -0.000242674 -0.00146517 0.00127011 -0.00251786 -0.00015012 -0.000208578 0.00052408 -0.00427125 -0.00445455 -0.00263152 -0.000496962 0.000438949 -0.0035683 0.00118986 0.00129065 0.00450158 -0.00182668 0.00066068 -0.00107693 -0.00158216 4.78607e-05 -0.00518639 -0.00480193 0.000393633 -0.000342043 0.000941655 -0.0104939 -0.00435388 7.67816e-05 -0.00440406 0.00175493 -0.00425895 6.43302e-05 -0.00237177 0.00106539 -0.00350776 0.00147263 0.00255109 0.000502864 0.000268808 5.31869e-05 0.00117343 0.00204773 -0.000685751 -0.00216001 
-0.00112176 -0.000119284 -0.00133913 0.00112785 0.000728635 0.000348143 0.000128917 0.000351774 0.0298116 0.000968081 -0.00144017 0.000401263 -0.00203934 -4.52444e-05 -0.00226179 -0.000687394 -0.000535217 -0.00324797 -0.00358414 -0.00193697 -0.0043046 -0.0038835 -0.00504317 -0.00091137 -0.00577297 0.00253866 0.000342261 -0.00320662 -0.000270805 -0.00135367 -0.000119135 -0.000115415 0.000699897 2.14295e-05 -0.00197727 0.000325542 -0.00342132 -0.00223196 0.000665641 -0.00190498 0.000806154 0.000970595 -0.00065616 -0.000809823 0.000108902 -0.000349413 0.000287805 0.00199668 -0.00164395 -6.88701e-05 -0.000617799 0.000131269 -0.000973246 0.00146338 -0.00144908 0.00070655 -0.00131106 -5.78794e-05 0.000384317 0.000372481 -0.00191373 0.00243658 0.000294674 0.00172223 0.000500552 0.000410839 0.0001259 -0.000366603 -0.00043393 -0.000631483 0.000217097 -0.000296294 -0.000363238 0.000518534 0.00090862 -0.000315627 0.000231657 0.00154597 -0.000369877 -0.000384178 0.00221439 0.00416667 -0.00117336 0.000708501 0.000270796 0.000196539 0.000884001 -0.000414971 0.000927207 0.000530939 -0.00022853 0.000447599 0.000516601 0.000441781 0.000307909 0.00155687 -0.000312131 -0.000424411 0.00028386 0.000386647 
0.00121716 0.000479809 -0.00563765 0.00035914 -0.00472273 0.0027957 -0.000546945 0.00170418 0.000968081 0.0801045 0.000166883 -0.00409005 0.00304597 0.00420162 -0.00741785 0.000468948 -0.000496677 -0.00707784 -0.0117023 -0.000709188 -0.00113753 -0.00906873 -0.00424065 0.00204262 0.00523359 -0.00713104 -0.00340945 -0.00562829 -0.00738979 0.00186406 0.00152469 0.00254314 -0.00432519 -0.00398135 -0.000332381 0.000314534 -0.00446682 0.000790242 0.00158269 -0.00438667 -0.000764279 0.00230899 -0.00517783 -0.00118983 -4.07582e-05 5.07347e-05 -0.000372669 -0.00376536 -0.00220887 -0.000946696 -0.00249571 0.000751175 -0.00926785 -0.000227823 0.00176718 -0.00322535 0.000622123 4.09284e-05 -0.000188033 -0.000114622 0.00149184 0.000119696 -0.00234428 -0.00312421 -0.00087303 0.00106753 0.000942774 -0.000841926 -0.00157232 0.00163258 0.00195986 0.00010338 1.1097e-05 -0.000372061 -0.000114888 0.000483606 0.000459258 -0.00221983 0.00533893 -0.000254454 0.00336227 -0.00120537 -0.00173844 0.000918066 0.00470632 -0.00039657 0.00189062 0.000379181 0.00199062 -0.00127561 -0.00182299 0.000260197 0.000213278 0.000843512 -0.000178864 0.00141912 -0.000531148 -0.00171343 0.000944144 0.00097762 
-0.00115874 0.00131535 0.00506643 -0.00291273 -0.00945352 -0.00155783 -0.00262253 -0.00282353 -0.00144017 0.000166883 0.088746 -0.00657929 0.00635345 -0.0118904 -0.00272116 0.00508993 -0.0136162 0.00207375 0.00205444 -0.00153568 -0.0120726 0.00198866 0.00220513 0.0016022 0.00788642 -0.00670964 -0.00129795 -0.0199354 -6.47019e-05 0.00375699 -0.00548198 0.00179007 -0.00398865 -0.00117031 0.000412052 -0.00253087 -0.00239766 -0.00353534 -0.000611135 0.000139578 0.00115796 -0.000768729 -0.00192869 -0.00218419 -0.000272707 0.000475556 -0.00172708 -0.00814892 -0.00118959 -0.00077971 -0.00155162 -0.00040235 -0.0124897 0.000222371 0.0025908 0.00479666 0.00653471 -4.56848e-05 0.00328061 9.21048e-05 -0.00498294 0.010322 -0.00158616 -0.00115804 0.00126008 0.00752058 -0.00122983 0.0011903 -0.000431506 0.00287899 -0.00114899 -0.00158205 0.000806365 -0.00152786 0.000339663 0.000751911 0.00239852 -0.00871949 -0.000981785 0.00231941 0.000788475 -0.00538903 -0.00327337 -0.000163899 0.00485854 0.000416917 -0.00581378 0.000815941 -0.00208356 0.000566921 0.00665245 -0.00212789 -0.00101111 -0.00137037 -0.0010571 -0.000174772 0.00290242 -0.000779084 -0.000480507 8.26006e-05 
-0.00372026 -0.00195899 0.0118609 -0.00280952 -0.0178942 -0.00622626 0.00411762 -0.00750794 0.000401263 -0.00409005 -0.00657929 0.213875 -0.0200378 -0.0116983 0.000831729 -0.00603983 0.00835258 0.0206674 0.0344716 0.00528844 -0.0115528 -0.00270097 0.000386953 0.0109151 -0.0070176 0.0110984 -0.0033994 -0.000360727 0.00632748 -0.00131039 -0.0224649 0.00111484 0.00200227 -0.0062283 -0.0164019 0.00225756 -0.00791109 -0.0189344 -0.0128137 -0.00601204 -0.00814483 0.00127373 -0.0079103 0.00136093 -0.000449448 -0.00398585 -0.000461162 0.00216046 0.00604313 0.000331614 0.00107972 -0.00252591 -0.00569813 -0.00398124 -0.00482789 -0.00634242 0.000902825 -0.00657487 -0.000932174 -0.00462789 -0.00317069 -0.00998497 0.00356834 0.00629504 -0.010452 7.93521e-05 -0.00191254 -0.00437801 0.00675222 -0.0104356 -0.0104438 -0.0024152 -0.00339264 -0.00318716 -0.0051695 -0.00114933 0.0122594 -0.00720121 -0.0114973 -0.00110618 -0.00418875 0.00884141 -0.0035223 -0.000933462 0.00203478 -0.0030031 -0.0185863 -0.00234569 0.00282733 0.000516347 -0.0027862 0.0108472 -0.00335048 -0.00219069 0.00170693 -0.000128157 -0.00812148 -0.00203614 -0.0035526 -7.61637e-05 
-0.000822087 0.00301032 -0.000644252 -0.00209039 0.0237904 -0.0048238 0.00323344 -0.0019656 -0.00203934 0.00304597 0.00635345 -0.0200378 0.164058 0.0094385 -0.0261785 0.000650938 0.010322 -0.0279409 -0.0116274 -0.0159682 -0.00775888 -0.0294129 -0.00139868 -0.0091812 0.000465039 0.00255673 0.00428629 -0.00933409 -0.0202048 0.0130141 0.0164866 0.00783985 -0.00274142 0.00130001 0.00672564 -0.00389737 -0.0195449 0.00159747 -0.000827696 0.000482156 0.00493683 0.00444831 -0.00731086 -0.00613394 -0.000681209 0.00506629 -0.00176312 -0.0168987 0.0057521 0.00133801 -0.0004015 -0.00342879 -0.0108497 -0.00157422 0.0048782 0.00124446 -0.00333725 0.00266558 0.00305372 -0.000548751 -0.00910954 -0.00178262 -0.00536187 -0.00596337 -0.0069284 -9.35468e-05 -0.00369697 0.016379 -0.00228676 -0.000323507 -0.00253624 0.00365462 0.00289239 -0.00271816 -0.00214054 0.00269801 -0.00318154 -0.000135644 0.00144948 -0.00110492 0.000256514 -0.0110236 0.00689096 0.000327363 0.000771602 8.24185e-06 -0.000193354 -0.00752275 0.00346336 0.000897714 0.000181862 -0.00927283 -0.00312673 -0.00137134 -0.0036088 -0.00552451 0.00190657 -0.000190274 0.00122791 0.00551973 
0.00015804 -0.00172402 -0.0104767 0.00400514 0.0419901 -0.00367263 0.00513394 -0.00612017 -4.52444e-05 0.00420162 -0.0118904 -0.0116983 0.0094385 0.215486 -0.00266975 -0.00264068 -0.00663372 -0.0393972 -0.00053153 -0.0320912 0.0197887 -0.0377396 -0.0359435 -0.0236256 0.00725883 0.0203388 -0.00247789 0.0122269 -0.0112103 0.0255572 0.00421193 -0.00471327 -0.0148729 0.00112941 0.0127569 -0.000951981 -0.014602 0.00954491 -0.000383329 0.00522054 -0.00437973 0.00513097 -0.00180013 -0.00531039 -0.000917576 -0.00100884 -0.00321124 0.0124313 0.0109525 -5.87949e-05 0.00935103 -0.00111812 -0.0103267 0.00276319 -0.0102454 -0.00349942 -0.0117802 -0.00140907 -0.00403629 -0.00215867 -0.00471935 -0.00251629 -0.0087329 0.00384141 -0.00468263 -0.008765 -0.0111202 -0.00495153 0.00584029 -0.00325918 -0.0123395 0.00371927 -0.00099656 0.00114269 -0.00641225 -0.00125125 -0.00424544 0.0107828 -0.00813896 -0.0039965 -0.0115571 0.0123487 -0.00254998 -0.00173427 -0.00575729 0.000574378 0.00624985 -0.0146956 0.00483234 -0.00104084 -0.0121508 -0.0120258 -0.00476946 -0.000541417 -0.00299135 0.00515005 -6.20911e-05 -0.00800173 0.00143746 0.00638176 
-0.0177239 -0.00264328 -0.00329292 -0.00792756 -0.0133241 -0.0119748 -0.00260424 0.0174312 -0.00226179 -0.00741785 -0.00272116 0.000831729 -0.0261785 -0.00266975 0.239338 -0.00796683 -0.0194097 0.0143267 0.00939178 -0.00938854 -0.00183341 0.0226084 0.00387775 0.0218765 0.0117765 0.0191948 -0.0208803 0.0151163 0.026091 0.00854707 0.00567078 -0.0170533 -0.0102074 -0.000511831 0.000595643 -0.0080751 0.0109399 0.000421012 -0.00883584 -0.00671418 0.00894429 -0.0187494 0.0036061 -0.000141033 -0.00278468 -0.00554016 -0.00523054 0.0108552 -0.025504 -0.00226022 -0.0174017 0.000941358 0.00458498 1.19218e-05 -0.0102623 -0.0024409 -0.00571404 0.00212311 -0.00645859 -0.00715847 -0.00319892 -0.0049913 -0.00410247 -3.93283e-05 -0.00510356 -0.00330513 0.00222443 -0.0239115 0.000714561 -0.00995077 0.00119595 -0.00788889 -0.00835572 0.00342232 0.00286731 -0.00845327 -0.0127777 -0.0131583 -0.02252 -0.00539576 -0.0105387 0.0147812 -0.0107734 -0.00310069 -0.00163358 -0.000190065 0.004436 0.00855203 -0.00248404 -0.00674257 -0.00243255 0.00523686 -0.00678255 -0.00217573 -0.000421769 -0.00495401 0.00713087 0.000698686 -0.000506277 -0.00321167 
-0.00860619 -0.00254534 -0.00753292 -0.00274176 -0.0075594 0.00223276 -0.00469429 -0.0133241 -0.000687394 0.000468948 0.00508993 -0.00603983 0.000650938 -0.00264068 -0.00796683 0.215552 0.00569965 0.0126749 0.00461712 0.0134256 -0.0209422 -0.00523202 -0.000151519 -0.0183368 0.0179123 -0.0124981 -0.0145595 -0.0109133 -0.0107639 -0.00810709 0.00519169 -0.00094712 -0.0111807 0.00187628 -0.00831985 -0.00372789 -0.00445542 0.00252937 7.17409e-05 -0.000313442 -0.00769078 -0.00325691 -0.00374643 -0.00130197 -0.000308666 0.00399286 -0.00432667 -0.00834547 0.00659256 0.000155754 -0.00328332 -0.000928039 -0.0119035 -0.00383465 0.00584909 0.00653212 0.0174061 -0.00044404 0.00276125 0.000665633 -0.0141748 -0.00981948 0.00290036 -0.000853115 -0.0177971 0.0112853 -0.00540461 0.00368043 -0.00493409 -0.00309392 0.00174389 0.00255229 -0.00547314 0.00659988 0.00214921 -0.00168467 0.00403471 -0.0037247 -0.014717 -0.00115708 -0.00793935 0.00714091 0.00123494 -0.00184187 -0.00668762 0.000851894 0.00549677 -0.0109127 -0.00299595 -0.0100095 -0.0134046 0.00369785 -0.00539199 -0.00107341 0.00496127 -0.00108385 -0.000701262 -0.000724695 -0.0029153 0.00239588 
-0.0058386 0.000652614 0.00283835 0.0021368 0.0518555 -0.00332799 0.0057942 -0.00519155 -0.000535217 -0.000496677 -0.0136162 0.00835258 0.010322 -0.00663372 -0.0194097 0.00569965 0.23648 0.00470504 0.00416984 -0.00940735 -0.0425468 -0.0170733 -0.0333638 -0.0167849 -0.0323045 -0.00757782 0.00533288 0.0120578 -0.0312202 -0.013088 0.0266564 -0.00462923 -0.00899049 -0.0126203 -0.0216446 -0.00353719 -0.00292593 -0.00780326 -0.00700568 -0.0159352 -0.00960111 0.00462658 -0.00536269 -0.00614123 0.00146434 -0.00401445 0.00411021 0.0017414 0.00283438 0.000989325 0.00281628 0.00701881 0.0245663 -0.00622206 0.00524065 -0.0114329 -0.0020531 -0.00253026 0.00110849 -0.00145818 -0.000330603 -0.00367873 -0.00126253 0.00399331 -0.0118606 -0.011127 0.00092991 0.00492446 -0.0114744 -0.00592368 -0.00323953 -0.0021192 -0.0063265 0.00534849 0.00175831 -0.00105372 -0.00838707 0.00356814 0.0052171 0.000882343 -0.0014256 0.00153785 0.0269541 -0.000932012 0.00726571 -0.00188525 0.00256902 -0.0132559 -0.00170319 -0.00329316 -0.000869138 -0.00110525 -0.00105228 -2.60849e-05 -0.00268198 -0.000565404 -0.00705671 -0.000550688 -0.002452 -0.000557234 
-0.00341453 0.000679374 0.00131607 -0.0051085 -0.0205169 0.00315618 -0.000908901 -0.00497252 -0.00324797 -0.00707784 0.00207375 0.0206674 -0.0279409 -0.0393972 0.0143267 0.0126749 0.00470504 0.249031 -0.0236887 0.0148528 0.0146549 0.0492998 -0.000121733 -0.0262399 -0.000661016 -0.0450202 -0.0110505 -0.0173037 -0.000480512 -0.00130983 0.00109407 -0.00449416 0.00984616 -0.00921563 -0.00958418 -0.0029074 0.00667327 -0.0137882 -0.00270346 -0.000336108 -0.0083214 -0.00883596 0.000560101 -0.0047928 -0.00101071 0.00416417 0.000930868 0.00244021 0.000151386 -0.0006182 -0.00359344 -0.00115303 -0.00178941 -0.00440533 0.0130266 -0.0077453 0.00615183 -0.00306459 0.00206137 -0.00320614 0.0201537 0.00758584 -0.00370919 -0.0155776 -0.0101206 0.00330799 0.00850002 -0.0129195 -0.00863276 0.00287017 -0.00236628 -0.0045687 -0.00353621 -0.0010129 0.00498474 -0.00331094 -0.00946097 -0.0221828 0.00698011 -0.00108641 -0.0154029 0.00871261 0.00810686 -0.00238973 -0.00702551 -0.00330653 -0.0169821 -0.000941847 -0.0134619 -0.00220584 0.000488543 0.000295416 0.0011479 -0.00271129 -0.00159261 -0.010867 0.00312935 0.00372511 -0.00291311 -0.0062145 
-0.0100409 -0.00448639 0.00904883 -0.00591919 -0.0256025 -0.0122907 -0.00232526 -0.0148521 -0.00358414 -0.0117023 0.00205444 0.0344716 -0.0116274 -0.00053153 0.00939178 0.00461712 0.00416984 -0.0236887 0.229607 0.00469176 -0.0249321 0.00341676 0.0255593 0.0346933 0.0347748 0.0344894 -0.00884897 -0.0142389 0.00326011 -0.0171422 -0.0335272 -0.00986809 -0.0132318 0.00732225 -7.12869e-05 -0.00707414 -0.0021068 0.00314905 -0.0037101 -0.00177758 -0.00840021 0.00275608 -0.00752691 -0.00573791 -0.00153877 -0.000854234 -0.00230262 -0.0122339 -0.00396831 0.000967342 -0.0107877 0.00117444 -0.00979695 -0.00202767 -0.00936652 -0.0027331 -0.0136957 0.00299291 -2.49184e-05 -0.00286186 -0.0162763 -0.00674042 0.000240859 0.00479387 -0.0102564 0.011551 -0.0171375 0.00225764 0.00240816 0.000546253 -0.0130551 -0.00179874 -0.00275401 -0.0057026 -0.0105854 -0.00225633 -0.00434662 -0.00159624 -0.0101536 -0.00400623 -0.0118963 -0.00597486 0.0130804 -0.00355345 -0.00435928 -0.00106237 -0.00325075 -0.00324753 0.00304687 0.00433516 6.25155e-05 0.0122474 -0.000340064 -0.00227484 0.00153435 0.000881157 -0.0101952 0.00255219 0.000126346 -0.00241412 
-0.00333039 7.04582e-05 0.000516796 0.00106245 -0.0168642 0.00800041 0.00260645 -0.0100433 -0.00193697 -0.000709188 -0.00153568 0.00528844 -0.0159682 -0.0320912 -0.00938854 0.0134256 -0.00940735 0.0148528 0.00469176 0.174078 -0.0129546 0.000206524 0.0147663 -0.00142425 -0.0136394 -0.025519 -0.00500905 -0.013255 -0.0103401 -0.0294248 0.00674537 -0.000909928 -0.00421147 -0.0033527 -0.0117417 -0.0062993 0.0319713 -0.000674916 0.00343324 -0.0119007 -0.0057038 -0.000705315 0.0016676 0.00733041 -0.000838036 0.00158539 -0.0034215 -0.0144856 0.0126325 0.00054671 -0.0022987 -0.00350445 -0.00801543 0.000205908 0.0171453 -0.000779279 -0.00668903 0.000774651 -0.000142573 0.00149423 0.000831363 -0.00984485 0.00239391 0.000183818 0.00303357 0.00732773 0.00104363 -0.00834064 0.000426436 0.01096 0.00513067 -0.00289916 -0.000286261 0.00411867 -4.1327e-05 -0.00183824 -0.00382411 -0.00221871 -0.00438441 0.00266671 -0.00362073 -0.00392319 0.00505603 -0.00115456 4.55808e-05 -0.00262558 4.13171e-05 0.0114861 -0.00869087 -0.00487952 -0.00130857 -0.0117282 -0.00299704 0.00103644 -0.000401733 -0.000473373 -0.00543882 0.00326494 -0.00237494 -0.00233555 
0.0138379 -0.00196238 -0.00789787 0.00336044 -0.0120418 0.0010464 -0.00337844 -0.000438512 -0.0043046 -0.00113753 -0.0120726 -0.0115528 -0.00775888 0.0197887 -0.00183341 -0.0209422 -0.0425468 0.0146549 -0.0249321 -0.0129546 0.233337 0.0183714 -0.0103037 -0.041728 -0.0109762 -0.0175818 -0.00240338 -0.000979972 -0.00544032 0.0182095 -0.0269438 0.00216724 0.0121353 0.0114447 0.0225763 0.0110147 0.00152715 0.00351714 0.00152223 0.00250515 -0.00982755 0.00272066 0.011568 -0.00135667 -0.000995716 0.00319507 0.00504913 -0.00897399 0.0111857 -0.000955572 0.000408055 -0.0106867 -0.0181768 -0.00506631 0.00392073 -0.00470049 -0.00248989 -0.00149155 -0.00364067 -0.00328851 0.0105606 -0.013848 -0.000420618 -0.00999433 0.00621674 -0.0125672 -0.00305259 -0.00560284 0.00434516 0.00254954 0.0010861 -0.00124918 0.000910227 -0.00822464 -0.00212566 0.00116811 -0.00345028 -0.00775265 0.00155994 -0.00272705 -0.00112895 -0.00660308 -0.0080758 0.00203872 -0.00698422 -0.000302013 -0.00248802 -0.00197288 -0.00333641 -0.000232057 -0.00548572 -0.0073313 -0.000448285 0.000741868 0.0010032 -0.00274525 0.00560489 0.00595925 -0.00128424 0.000387186 
-0.00942042 -0.00280502 0.000189622 -0.00317642 -0.0321706 0.00131385 -0.00425435 0.0158626 -0.0038835 -0.00906873 0.00198866 -0.00270097 -0.0294129 -0.0377396 0.0226084 -0.00523202 -0.0170733 0.0492998 0.00341676 0.000206524 0.0183714 0.243301 0.0104168 0.00341164 0.00511219 -0.0398638 -0.014577 -0.0105685 0.0380254 -0.0379282 -0.026227 -0.0107331 0.00930227 0.00653617 -0.00416961 0.00255775 0.0198522 0.0024583 -0.00238587 -0.00588958 0.00130984 -0.00176665 -0.00400207 -0.00228998 -0.000118377 0.00111724 -0.00190091 0.000710877 -0.00472244 -0.000190441 -0.00736213 -0.00131033 -0.0045679 -0.00803107 -0.00498219 -0.00449968 -0.00535958 -0.000661739 0.00154937 -0.00261889 0.00846461 -0.00430352 0.00125716 -0.0116984 0.00322666 -0.00353729 -0.00221675 -0.00917242 -0.00661847 -0.00287129 -0.0073472 -0.00615091 -0.00735715 -0.00534043 -0.000309592 0.00097991 -0.00877788 -0.0312473 0.0109483 3.35331e-05 -0.00350076 -0.0120894 -0.0116497 -0.00214696 -0.00943038 -0.00200156 0.00945927 0.00537916 -0.00258834 0.000460979 0.00284484 0.0106751 0.00679431 -0.00383119 -0.00258592 -0.00580628 -0.00256937 0.0170569 -0.000938087 -0.00674764 
-0.0100408 -0.00205532 5.62431e-05 -0.00535399 -0.047867 -0.0101803 -0.00757924 -0.00272606 -0.00504317 -0.00424065 0.00220513 0.000386953 -0.00139868 -0.0359435 0.00387775 -0.000151519 -0.0333638 -0.000121733 0.0255593 0.0147663 -0.0103037 0.0104168 0.244011 0.0279724 0.023347 -0.001195 -0.0227154 -0.0291379 0.0155379 -0.0252591 -0.0107809 -0.000609388 0.00420422 0.00455385 -0.00145674 -0.00150416 0.0128342 0.0022546 0.00362728 0.0132475 0.00790239 -0.00790547 -0.00130308 0.00873904 -0.00142116 0.000989616 -0.00445379 -0.0181777 -0.0198892 -0.0011665 -0.0104138 -0.00687116 -0.00949499 -0.00400525 0.00666797 -0.00372498 -0.0066657 0.00585142 -0.00116249 0.00225897 0.00457131 -0.00245507 0.00613362 -0.0123241 -0.0034802 0.0151645 -0.00305765 -0.000833467 -0.0049959 0.00442896 0.0099838 0.00265683 0.0017681 -0.0104169 0.000624246 -0.0040086 0.0102823 -0.056727 -0.00683892 -0.00323857 -0.00132047 -0.00563745 -0.0136102 -0.00323511 0.00464405 -0.00055333 -0.00702028 0.00456027 0.00467642 -0.00055833 0.0005565 0.0228564 -0.00166797 -0.00401229 -0.00122669 -0.0093254 -0.00276714 -0.00587008 -0.000542131 -0.00276828 
-0.0122387 -0.00284259 0.0129626 0.00118456 -0.0226178 -0.00543633 0.00237485 0.00983887 -0.00091137 0.00204262 0.0016022 0.0109151 -0.0091812 -0.0236256 0.0218765 -0.0183368 -0.0167849 -0.0262399 0.0346933 -0.00142425 -0.041728 0.00341164 0.0279724 0.245689 0.0154553 0.00751202 -0.00952511 0.0122786 0.0306923 -0.0291622 -0.0316228 -0.00532288 -0.00908257 -0.0120527 -0.0109117 -0.00659561 -0.0200244 0.0112438 -0.00421155 0.00774804 0.00952437 0.00139865 -0.0112653 -0.00347496 -0.000514448 -0.0073606 -0.00599575 -0.00259482 -0.0222505 -0.0031092 -0.000331652 -0.00456479 0.0291247 -0.000206704 -0.016896 -0.00117317 0.00394903 0.00557074 -0.00125877 0.00359768 -0.00644512 0.00684872 -0.00254337 0.0017238 -0.00560227 0.00342279 -0.00330868 -0.00470818 -0.00118798 -0.00225653 -0.00192072 -0.00156067 0.00547643 -0.00435251 -0.00197982 -0.000445481 -0.00906073 0.000744448 -0.00977447 0.00121619 0.00193857 -0.0258273 -0.0123456 -0.000596208 -0.00313071 -3.65537e-06 -0.019257 0.00374496 -0.006113 -0.00395767 -0.000608424 0.0122281 0.00399463 0.000885339 -0.00141571 0.0014977 -0.00808007 -0.00733209 -0.00102845 -0.0106619 
-0.0052708 -0.00141436 -0.00387283 -0.0120024 -0.0303982 -0.00516097 -0.01139 -0.00432594 -0.00577297 0.00523359 0.00788642 -0.0070176 0.000465039 0.00725883 0.0117765 0.0179123 -0.0323045 -0.000661016 0.0347748 -0.0136394 -0.0109762 0.00511219 0.023347 0.0154553 0.246226 0.0284699 -0.016762 0.0069831 0.0207084 0.00280404 -0.0115847 -0.0104687 -0.0177827 -0.00968653 0.0016461 -0.00733646 -0.00149661 0.00574995 -0.0072372 -0.00115438 0.00532069 -0.00207169 -0.00969232 -0.00370941 -0.00227276 -0.000805144 -0.0112286 -0.0175481 -0.00946169 -0.00554797 -0.00530538 0.00601771 -0.0206476 -0.00278466 -0.0123607 -0.000791535 -0.000704551 -0.00049748 -0.00296648 -7.75516e-05 -0.00485246 0.00630029 -0.00476815 -0.00765025 -0.00256797 0.00724038 -0.0154799 7.25065e-05 -0.00785297 -0.00400254 0.00696676 0.00386187 0.00394362 -0.00738177 -0.00867176 -0.00290686 0.0151886 -0.0146924 -0.00468226 -0.00188701 -0.00285922 -0.00425842 -0.0304345 -0.00407237 -0.0114453 -0.00460874 0.00852338 -0.00226036 -0.00375091 0.00778515 -0.00915278 0.004975 -0.00298331 -0.00169728 -0.0117246 -0.00313052 0.00492085 -0.00746845 -0.00239123 0.00289828 
-0.00768642 -0.00103502 -0.00775607 -0.00141304 -0.00779981 -0.00847969 -0.00385662 -0.00904807 0.00253866 -0.00713104 -0.00670964 0.0110984 0.00255673 0.0203388 0.0191948 -0.0124981 -0.00757782 -0.0450202 0.0344894 -0.025519 -0.0175818 -0.0398638 -0.001195 0.00751202 0.0284699 0.248545 -0.00376285 0.0131907 -0.0016942 0.0323239 -0.0177621 -0.00615864 -0.0077592 0.00612429 0.0160238 0.00111656 -0.027287 -0.00773385 -0.0139973 -0.0251763 0.0093537 -0.00485112 -0.0097791 0.00422803 -0.00215863 -0.00373453 -0.000602531 0.00881506 -0.0252551 -0.00143144 0.00407664 0.00181836 -0.00474736 0.00279262 -0.0128041 0.00750229 -0.00960662 -0.00532078 -0.00220869 -0.0053118 -0.00525674 0.00542689 -0.00509659 0.0105785 -0.014802 0.0084845 -0.0247746 -0.00455299 0.00574866 -0.0158375 -0.0084047 0.00181568 0.000960922 -0.000437525 -0.00974858 -0.0009793 -0.0026069 -0.00569237 -0.0103964 -0.00631261 -0.00173718 -0.00445406 0.00586923 -0.00424053 0.00521644 0.00112789 0.00786431 0.00284239 0.00911999 0.00297506 -0.005975 0.00390182 -0.00239464 0.00141747 -0.00315193 0.00409064 -0.00436759 -0.00880324 -0.00225104 0.00203843 
0.012621 0.000875194 -0.00206327 -0.000145719 0.0184184 -3.99076e-07 -0.00018007 -0.00160817 0.000342261 -0.00340945 -0.00129795 -0.0033994 0.00428629 -0.00247789 -0.0208803 -0.0145595 0.00533288 -0.0110505 -0.00884897 -0.00500905 -0.00240338 -0.014577 -0.0227154 -0.00952511 -0.016762 -0.00376285 0.110219 -0.00296851 -0.0174303 0.00253051 0.00828706 0.00312699 -0.000705556 -0.000720673 -0.00192181 0.00137282 -0.0127013 0.0049033 0.000679485 -0.0034933 -0.00214008 0.00451839 -0.000174098 -0.00270707 0.000748587 -0.00160193 0.000539241 0.00292283 0.0100714 0.000903218 0.00222694 -0.00196061 0.00882222 -0.000839531 0.00351783 0.00170234 -0.000926886 -0.00228335 -3.13061e-06 4.496e-05 -0.00574615 -0.00165603 -0.00432479 0.00107556 0.00704314 -0.00324814 0.00225757 0.00178127 0.000575659 -0.000290797 -0.00249898 -0.00199029 0.000291155 -0.00341959 -0.000981073 0.000892903 0.00649557 0.0170618 0.00318686 0.0012676 -0.00020534 -0.00414988 -0.00523407 0.00259672 -0.00350095 -0.000485595 -0.00303342 -0.0034586 -0.00391516 -0.00342562 0.00244473 -0.00941769 4.40612e-05 0.00102542 0.00435858 -0.00171932 -0.00121157 -0.000229347 -0.000407137 0.000392673 
0.0030865 -0.00457622 -0.00438381 -0.000113775 0.0194646 0.00373715 -0.00129834 -0.00522318 -0.00320662 -0.00562829 -0.0199354 -0.000360727 -0.00933409 0.0122269 0.0151163 -0.0109133 0.0120578 -0.0173037 -0.0142389 -0.013255 -0.000979972 -0.0105685 -0.0291379 0.0122786 0.0069831 0.0131907 -0.00296851 0.221426 -0.0100777 0.0109105 0.0177633 -0.0092136 -0.00200376 -0.0198551 -0.00869006 -0.00517081 0.0149831 -0.00162724 -0.00802407 0.00114659 0.0046685 0.00285848 -0.00482933 0.000698412 -0.000783254 -0.00360915 0.00208308 0.0102019 -0.00857176 -0.00347003 0.00279269 -0.00140522 0.017166 -0.00453744 -0.0123115 -0.00573456 -0.00412458 -0.0116514 -0.00508935 -0.00235023 0.00483464 0.00468309 -0.0172567 -0.000722065 0.00457896 -0.0224782 -0.00629339 -0.0143692 -0.0026015 -0.0128026 -0.00501886 -0.00332326 -0.000669527 0.00438622 0.00116807 -0.00482502 -0.00738115 0.0306976 -0.00534696 -0.00274929 -0.00511177 0.00635777 -0.0124837 -0.000544467 -0.00170344 -0.00319224 0.0067578 -0.000211536 0.00282846 -0.010663 -0.00807553 -0.00845908 -0.00334609 -0.00209677 -0.00546233 -0.00684481 -0.00308414 -0.00792611 5.2302e-05 0.000413803 
-0.0101295 -0.00348358 0.00467153 -0.00648537 -0.0297474 0.000488816 -0.000180153 0.00336321 -0.000270805 -0.00738979 -6.47019e-05 0.00632748 -0.0202048 -0.0112103 0.026091 -0.0107639 -0.0312202 -0.000480512 0.00326011 -0.0103401 -0.00544032 0.0380254 0.0155379 0.0306923 0.0207084 -0.0016942 -0.0174303 -0.0100777 0.22927 -0.0273834 -0.0390194 -0.0050637 0.0141301 0.005041 0.0014568 -0.000556427 -0.00493482 -0.0159265 -0.00637122 0.00960409 0.00322314 -0.00843961 0.00246398 -0.000798641 0.000521727 -0.00353769 0.00594975 -0.0158664 -0.0102846 -0.000386042 -0.0101327 -0.00261822 -0.00955111 0.00104611 -0.00673874 0.00199121 -0.0137416 0.000406476 -0.00155857 -0.00167997 -0.00364967 -0.00182453 0.00753867 0.00104147 0.00824972 0.00620328 -0.00636611 0.000515379 -0.00821664 -0.00529301 -0.000925635 0.00424814 -0.000296923 -0.00628438 0.000835951 0.00115725 0.0109536 -0.0291606 -0.00761101 -0.00205934 0.000905107 -0.00558228 -0.0157344 0.000137858 -0.00532707 0.000853985 -0.00548987 -0.0013342 -0.000190369 0.00368539 0.00591881 0.00406148 -0.00337826 -0.0040804 -0.0041067 0.0044728 -0.00163126 0.000835257 -0.000896458 -0.00524298 
-0.000816118 -0.000312096 -0.00939242 -0.00495074 0.0111468 -0.00364979 0.00104618 0.000646948 -0.00135367 0.00186406 0.00375699 -0.00131039 0.0130141 0.0255572 0.00854707 -0.00810709 -0.013088 -0.00130983 -0.0171422 -0.0294248 0.0182095 -0.0379282 -0.0252591 -0.0291622 0.00280404 0.0323239 0.00253051 0.0109105 -0.0273834 0.219734 0.018272 -0.0045214 -0.00347503 -0.00561091 0.0147619 -0.000896546 -0.0211251 0.000966046 -0.00332052 -0.00180612 -0.00251703 -0.00681649 0.00180038 0.00180171 -0.00121117 5.99458e-05 0.00403098 -0.00223251 -0.00121864 0.00158755 -0.000997462 -0.00269393 -0.0184419 0.00190763 -0.00398811 0.00190975 -0.00636251 -0.000256235 -0.00710941 -0.00274756 -0.0159715 0.000916126 -0.00720678 -0.00392055 -0.0100637 -0.00874688 -0.00296128 -0.00248589 0.000547715 -0.00538868 -0.00847864 -0.0049254 -0.00403524 0.0044847 -0.00456556 0.000933755 -0.00407645 0.0309408 -0.00612608 -0.00368416 -0.00645032 0.00170392 0.00376829 -7.21905e-05 0.00945758 -0.00119843 0.00202568 -0.0130044 0.00328613 5.71554e-05 -0.014698 -0.010631 -0.00147805 0.000755975 -0.00407758 -0.00390612 0.00205704 -0.00446263 -0.00330986 0.00373987 
-3.9214e-05 -0.00105225 -0.0101114 0.000983465 0.0392446 0.00133986 0.00428681 -0.00728832 -0.000119135 0.00152469 -0.00548198 -0.0224649 0.0164866 0.00421193 0.00567078 0.00519169 0.0266564 0.00109407 -0.0335272 0.00674537 -0.0269438 -0.026227 -0.0107809 -0.0316228 -0.0115847 -0.0177621 0.00828706 0.0177633 -0.0390194 0.018272 0.207507 -0.00375932 -0.0108777 -0.00732335 -0.0102102 0.0012957 0.00575504 -0.00149176 0.00537149 -0.00814429 0.00278175 -0.00473224 -0.00110308 -0.00515723 0.000642049 -0.00113677 -0.00295206 -0.00515027 0.00225293 -0.00146483 -0.00187832 -0.00159833 0.00796756 -0.00138867 0.00282714 -0.00475658 -0.00520464 -0.00271287 -0.00370408 -0.00194402 -0.0113351 0.00146157 -0.00129388 -0.00931609 -0.000375836 -0.00984008 0.00273669 -0.00248305 -0.00371649 -0.00455403 0.00176929 -0.00632818 -0.00629 0.00568736 0.00319554 -0.00283479 -0.001052 0.0327757 -0.00377969 -0.000497112 -0.00426692 0.0161338 -0.00107732 -0.000525182 -0.00182827 -9.49004e-05 0.00888235 0.0030804 -0.00452566 -0.00882555 -0.0104069 -0.0236619 -0.00673412 0.0008931 0.000948358 -0.00535198 -0.000251751 -0.00882761 -0.00168482 0.000751535 
0.00205529 0.00135132 -0.00160896 -0.000182122 -0.00279785 -0.000279104 -0.00103248 -0.00388213 -0.000115415 0.00254314 0.00179007 0.00111484 0.00783985 -0.00471327 -0.0170533 -0.00094712 -0.00462923 -0.00449416 -0.00986809 -0.000909928 0.00216724 -0.0107331 -0.000609388 -0.00532288 -0.0104687 -0.00615864 0.00312699 -0.0092136 -0.0050637 -0.0045214 -0.00375932 0.0665403 0.00441931 0.00405774 0.000574784 0.000409249 -0.00703314 0.000116077 0.00187092 0.0027641 -0.00179255 -0.000338485 -0.00251285 0.000927219 6.91856e-05 0.000526369 0.00258114 -0.00281235 -0.00113869 0.000584032 0.000110468 -0.00155497 -0.00321317 0.00166578 0.00261029 0.000919352 0.000454641 -0.000520572 -3.37771e-05 0.000259281 -0.00386674 -0.000548885 -0.00247409 0.000194714 -0.00150474 0.00204103 0.000703017 0.00294091 -0.000927405 -0.00147819 0.00552307 0.000251766 0.000426811 -0.00103656 0.00217234 0.00166655 0.00269775 0.00221897 0.00222854 0.000327534 0.00195271 -0.00242695 -0.00203586 0.000279873 0.00125663 -0.000178207 -0.00157256 -0.0021437 -0.000176743 0.00246414 0.00247069 0.00248411 0.000157254 0.00122904 0.000338507 -6.58088e-05 0.000350304 -0.00233741 0.00101647 0.00124654 
0.00042647 0.00109651 -0.000452845 0.000623815 -0.0177754 0.00277492 -0.00109559 0.00241147 0.000699897 -0.00432519 -0.00398865 0.00200227 -0.00274142 -0.0148729 -0.0102074 -0.0111807 -0.00899049 0.00984616 -0.0132318 -0.00421147 0.0121353 0.00930227 0.00420422 -0.00908257 -0.0177827 -0.0077592 -0.000705556 -0.00200376 0.0141301 -0.00347503 -0.0108777 0.00441931 0.108293 -0.00228713 0.00324303 0.0011424 0.00153122 -0.0146365 -0.00210167 -0.0010749 -0.000377323 -0.00265755 -0.00325209 0.00102832 7.30335e-05 -0.00150365 0.00420117 -0.00401045 -0.00180071 0.00037708 -0.00258811 -0.00011017 -0.00487693 -0.000468869 0.00257652 -0.00121583 0.000507009 -0.000798022 -0.000284793 0.00204962 -0.00135056 0.000543164 -0.00047445 0.00125949 -0.00445619 -0.00326603 -0.00198174 0.00440943 -0.000199866 -0.00158176 0.0013513 -0.00142468 -0.000658259 -0.00359108 0.00246027 -0.000461758 0.00252198 -0.0117971 0.00151528 8.18266e-05 0.00145699 -0.00818145 0.00301266 0.000441627 -0.000135482 0.000943067 -0.00525015 0.00389249 0.00323011 0.00103641 -0.000962085 0.0144189 0.000272389 -0.00021994 0.00348921 -0.00209232 0.00297937 0.0011316 -0.000674689 -0.00197761 
-0.00146071 -0.001453 -0.00370881 0.000133481 -0.00636312 -0.00164113 -0.000159975 -0.00331705 2.14295e-05 -0.00398135 -0.00117031 -0.0062283 0.00130001 0.00112941 -0.000511831 0.00187628 -0.0126203 -0.00921563 0.00732225 -0.0033527 0.0114447 0.00653617 0.00455385 -0.0120527 -0.00968653 0.00612429 -0.000720673 -0.0198551 0.005041 -0.00561091 -0.00732335 0.00405774 -0.00228713 0.0946971 -0.00190113 0.00275975 0.000825089 -0.00297462 -0.00102526 -0.00610272 -0.00147322 -0.000168486 0.00337846 -0.000885543 -0.000196791 0.00383556 0.000653082 -0.00786959 -0.00331143 0.0026203 -0.00327366 -0.00138477 -0.00155199 -0.000182018 0.000305205 0.00525187 -0.00414898 0.000161268 0.000212846 0.000429218 -0.00194844 -0.00425798 0.00609644 -0.000541134 -0.000706569 0.00332964 -0.00140784 0.00271371 -3.70076e-05 -0.00336242 0.00201451 0.000169086 -5.96427e-05 -0.00337778 -6.49655e-05 0.00296907 7.63784e-05 -0.0124327 -0.00270247 -0.00117942 -0.00246184 -0.00132629 -0.00447526 -0.000564776 -0.00402378 0.000826264 0.00365744 0.000305202 0.00173378 0.000655219 -0.00137579 0.00103556 0.000479234 -0.000454136 0.000548911 0.00381523 -0.00324259 0.00359753 0.000195731 0.000284266 
