0.220055 -0.00230137 -0.00486017 -0.000270242 -0.00293703 -0.0102415 -0.00626011 -0.00482714 -0.0051041 -0.00534152 0.017857 0.00951249 -0.0199411 -0.0221845 -0.00304001 -0.0169105 -0.00849934 -0.00278973 0.0215732 -0.0174538 -0.0021551 0.00710646 0.0289162 -0.00224648 0.0124542 -0.00826838 -0.0125632 -0.0316712 -0.0211929 0.0132507 0.0038867 -0.00247131 -0.00040725 0.00817125 -0.00791376 0.000828875 -0.0041491 -0.0154336 0.00188471 -0.00241254 -0.0131387 -0.0105593 0.0178902 0.00348995 -0.00579516 -0.00567283 -0.00906678 0.0020646 -0.0329761 -0.00742456 -0.00219817 -0.0074455 0.00187153 -0.00549578 -0.0147119 -0.00539593 -0.00166586 -0.00765428 -0.0113592 0.00106184 0.000425735 -0.00383834 0.000821365 -0.0164647 -0.00542417 -0.00336813 0.00677938 -0.00152242 0.00442205 0.0100835 -0.00118857 -0.00104137 -0.00790587 -0.00611535 0.00571407 -0.000233052 0.00212294 0.00335434 0.00224052 -0.00116397 0.00642837 0.00378061 -0.00710599 -0.000993472 0.0108919 1.47164e-05 -0.011421 0.000288276 -0.00864618 -0.00174649 -0.00271158 -0.00271531 2.5868e-06 0.00163555 0.0193884 0.00333102 -0.00896413 0.0211696 0.00694661 -0.00473952 
-0.00230137 0.0412179 -0.000616432 -0.000433852 0.000823159 -0.000558941 -0.00169593 0.000531478 0.00187901 -0.00308179 0.00301241 0.000867636 -0.000593393 0.00559365 -0.00191433 -0.000808668 -0.00706715 0.000530823 -0.00170243 -0.00535527 -0.00186513 -0.00442396 -0.000458377 -0.00134464 -0.00656771 0.00506489 0.0038989 -0.000428675 0.000592643 -0.00255222 -0.000743714 -0.000683307 0.00207487 -0.00222011 -0.00105709 -0.00119867 0.00286896 -0.00270665 -0.000988121 -0.00151171 0.00203202 -0.000447693 6.84917e-05 0.0012885 0.00106081 -0.000215272 0.00106825 -0.000575713 0.0013533 0.000448819 -0.00157858 -0.000645893 -0.00117253 0.000538507 -0.00199473 0.00159485 -6.16143e-05 -0.000235103 0.000423255 -0.00016849 9.19579e-05 3.9451e-05 -0.000114848 -0.0017138 -0.00254028 -0.00161579 -0.000932687 0.000249979 -0.00167372 -0.00200368 0.000336554 -0.0034717 -0.00136965 0.00143219 0.000262029 0.000244176 0.00065472 0.000970456 0.00299967 8.21568e-05 -0.00140397 -0.00261601 -0.000935851 0.000867465 0.000615151 -0.00116641 0.000349147 -8.27698e-05 -0.00038085 0.000303692 -0.000204052 -0.00209524 -4.00493e-05 0.000374606 -0.0017369 0.00102285 -0.00145053 0.00151607 -0.000373583 -0.00134788 
-0.00486017 -0.000616432 0.0696844 0.00186387 0.000725894 -0.00076003 0.00213168 -0.00186542 0.00019087 -0.00422895 -0.00443289 -0.00277554 -0.00877774 -0.00363097 -0.000693604 -0.00727396 -0.000509712 0.00773492 -0.00354898 0.00139748 -0.00633223 0.00109292 -0.00216941 0.00152405 1.72479e-05 -0.000775224 -0.00186609 -0.0018436 -0.00656844 0.00281726 0.00102128 0.00131203 -0.00132903 0.00350845 -0.00148969 -0.000840145 -0.00301168 -0.00207329 -0.00241666 0.00126584 -0.0011522 -0.000519223 -0.00178807 -0.000565463 0.000783345 -0.00160987 -0.000948183 0.00108974 8.47377e-05 0.000406709 0.000595191 -0.00178836 -0.00323946 -0.000384269 -0.00135014 -0.00152049 0.00104587 0.00082884 0.00256814 0.000164776 -0.00192803 -0.00226695 0.000264487 -0.000296991 0.00472494 0.000141151 -0.00505239 -0.000610555 -0.0053024 0.000540172 0.00212598 -0.00333502 0.00254706 -0.00445661 -0.00165363 -0.000306755 0.00219334 -0.00196313 0.00216627 0.000512372 0.000106377 -0.00144891 -0.00115735 -0.00109121 -0.00236549 0.000960073 0.000736832 -0.00031491 -0.000685153 -0.0019722 -0.00101035 -8.09941e-05 0.000180956 0.00158432 0.00343433 0.00260077 -0.00111634 0.000770346 -0.00146461 -9.70794e-06 
-0.000270242 -0.000433852 0.00186387 0.064027 0.000559727 0.000107235 0.000438656 0.00345626 -0.000229175 -0.00461838 -0.00548693 0.00326674 0.00355276 -0.00137174 -0.00120808 -0.00214207 0.00613778 0.00633485 -0.00532099 -0.00547608 -0.000759838 0.00312252 -0.00290666 0.000273155 -0.000159338 -0.00861334 -0.00939214 -0.0146938 -0.00200498 -0.000914454 0.00298932 -0.00139293 -0.000807996 -0.00293584 0.00181621 0.000425259 -0.00333385 -0.00315438 -0.00677332 0.00428555 -0.00345209 -0.00305332 -0.000341906 -0.000964413 -0.000393217 0.00170813 -0.00014129 0.00169897 -0.00476943 -0.0010719 0.00187176 0.000314153 -0.00401077 -0.0015158 0.00215302 0.000805262 4.59449e-06 0.000217517 -0.000597501 0.000846853 0.00532248 -0.00107403 0.000118808 -0.00450831 -0.00314092 -0.00132779 -0.00191586 -0.00079622 -0.000862038 -0.00222523 0.000946818 -0.000597618 0.00517417 0.00482559 0.00296143 0.000894837 -0.000780974 -0.000998525 -0.00343763 0.000296414 -0.00136423 -0.00248104 0.000311343 -0.000484747 0.00172404 -0.00091807 -0.000648712 0.000841222 0.00143405 0.00297336 -0.000804845 0.000704255 -0.000844715 -0.00159653 -0.000574606 -0.00130804 -0.00348107 0.00175058 0.000750191 -0.00242296 
-0.00293703 0.000823159 0.000725894 0.000559727 0.0578134 -0.00093265 -0.000375617 0.000647568 -0.00187301 -0.00917219 5.99651e-05 -0.00443505 -0.00261513 -0.00242931 0.00735277 -0.00203271 -0.000693315 0.00362729 0.00128248 0.000157434 -0.00671904 0.00533367 -0.00741432 -0.00290721 -0.00410085 -0.00689473 -0.0010956 -0.00484408 -0.00603546 -0.00127686 0.000222857 -7.84939e-05 -0.00253442 0.00235167 0.00329084 -0.00207896 0.00200721 -0.00717611 -0.00260068 -0.00047131 -0.000713069 -0.00161377 -0.00118778 -0.00199711 0.00141974 0.00102412 0.00142654 7.53126e-07 -0.00591866 -0.000568503 9.77396e-05 0.000140706 -0.00231027 0.000183482 0.000536101 0.00104045 -0.00170841 -0.00020835 -0.00258941 0.000719048 0.0030374 -0.0026144 -0.000654596 0.00788533 -0.000709814 -2.39576e-06 -0.000756497 0.000704107 -0.00232737 -0.00609656 0.00391114 0.000756814 0.00421042 2.9877e-05 -5.90626e-06 0.00125012 0.000146617 0.000785593 0.00047896 9.86139e-05 0.00339533 -0.00215286 0.00386294 0.00236284 -0.000397394 -0.000259318 -0.0017318 -0.00100929 -0.000848207 -0.00216885 -0.0018524 0.000138811 -0.000308125 0.0011511 -0.00285674 0.000394882 -0.00304406 0.000607929 0.00454967 -0.000267118 
-0.0102415 -0.000558941 -0.00076003 0.000107235 -0.00093265 0.0690527 0.00476735 -0.00136457 0.00376 -0.00550707 -0.00166826 -0.00741537 -0.00401373 -0.00578946 -0.00416079 -0.00267348 0.00335309 -0.00615535 0.00169284 0.00480441 0.00627726 0.000898121 -0.0187922 -0.00108172 -0.00654235 -0.00241845 -0.00183456 -0.00166534 0.00750837 0.000440276 0.000445808 -0.000590669 -0.00114801 -0.00345989 0.00146232 0.0011546 0.00294685 0.00501151 -0.00520163 0.00103846 0.00089428 -0.00184866 -0.00381791 -0.00160806 -0.00156655 0.00378513 0.00233671 -0.00112952 -0.00150819 -0.00173251 -0.00263402 0.00387433 -0.00320813 0.000223323 0.00258035 -0.000621033 -0.00190809 -0.00141736 -0.00285257 -0.00016801 -0.00368697 -0.00452082 -8.49158e-05 0.00442933 0.00869669 -0.00180776 -0.00594091 -0.000386468 -0.0044888 0.00342805 0.00476104 0.00350687 0.000995991 0.00262212 -0.0047047 -0.000304764 -0.000927705 -0.000351053 0.00051432 -0.000558551 -0.00382238 0.00293925 -0.000833212 -0.00266006 0.00218043 0.00097239 0.0048191 -0.00123494 0.00353132 0.000588672 -0.00228586 0.00185319 0.000217494 -0.00120401 -0.00756485 0.000145327 0.000743236 -0.00309837 -0.00278278 -0.00211367 
-0.00626011 -0.00169593 0.00213168 0.000438656 -0.000375617 0.00476735 0.0725524 -0.000508417 -0.000343528 -0.00645586 -0.00580327 -0.00695249 -0.00636463 -0.00681804 0.000136677 0.00469982 -8.1605e-06 -0.0046996 -0.000114466 0.000837897 0.000195022 0.00851751 -0.0123604 0.00125807 -0.00947905 -0.00201567 -0.0082492 0.000411274 -0.00032355 -0.00166811 -0.000860166 0.00540235 -0.00228312 -0.00354052 0.00119872 -0.0015455 -0.00401082 -0.00295087 -0.00515256 0.00245713 0.00658679 -0.00236186 -0.0017827 0.00126778 -0.00101609 0.00259689 0.000859677 4.37226e-05 -0.000711756 9.54857e-05 -0.00151749 0.000497134 -0.00139812 -0.00016811 0.00389764 -0.001391 -0.00206771 -0.000897963 -0.00293017 -0.000144862 -0.00342289 0.00250577 0.000121047 0.00196416 0.0109225 0.000254987 -0.00179812 -0.00102264 -0.00269303 0.000372955 0.00157817 0.00396575 -0.00139016 -0.000202438 -0.00365506 -0.000445418 4.41952e-05 -0.00133055 -0.000588114 -0.00111731 -0.00247242 0.00117344 -0.0010866 -0.00307468 -0.00170768 -0.00329775 -0.00188246 0.000898213 -0.00208323 0.00208545 -0.00236937 0.00208881 -5.17155e-05 -0.000248145 0.00458202 -0.000628798 -0.000174431 0.000152048 0.000918822 -0.000507521 
-0.00482714 0.000531478 -0.00186542 0.00345626 0.000647568 -0.00136457 -0.000508417 0.0771375 -0.00123309 0.0101296 0.0016006 0.0174365 0.0039495 0.0114681 -0.00103559 0.00562826 -0.000763903 -0.00547007 -0.000831764 0.000723301 -0.0129568 -0.0135351 0.00481306 -0.00940585 -0.0173599 0.00559424 -0.0061355 -0.0163546 0.00346607 -0.0111119 -0.00143571 -0.00152278 0.00198859 -0.00152465 -0.00415809 -0.000817982 -0.00433512 -0.00226535 -0.00902389 0.00178191 -0.00350987 0.00254042 0.00416828 -0.000880279 -0.000297555 -0.000117687 -0.000173801 0.00100754 -0.00209982 0.00173034 -0.000763023 -0.00204534 0.0051791 0.000958948 -0.000998349 0.0013481 0.000323218 0.00378765 -0.000236543 0.00010132 -0.000568349 0.00215708 -0.000411599 -0.00254515 -0.000142127 0.000806711 -0.00196084 -0.000730263 0.00415327 -0.0117381 -0.00386467 -0.000290818 -0.00132584 -0.00267318 0.000892895 9.24626e-06 -0.00246627 0.005446 -0.00294528 -0.000616508 0.000607084 0.00236935 -9.556e-05 0.00311248 0.000730787 -0.000825662 -0.00562154 -0.00121755 -0.00120178 -0.00384759 -0.00155289 -0.00136893 6.31388e-05 -0.0025593 -0.00348003 0.000948019 0.00106578 0.00489201 -0.00157811 -0.00215794 
-0.0051041 0.00187901 0.00019087 -0.000229175 -0.00187301 0.00376 -0.000343528 -0.00123309 0.0677514 -0.00163697 0.00466593 -0.000212375 -0.00654379 -0.00715336 0.00495324 -0.00448955 0.0103695 -0.00644432 -0.00612386 -0.00637957 -0.000590736 0.0106116 -0.0149085 -0.00721224 -0.00178609 -0.0111407 0.00328628 -0.00219472 0.00222008 0.00701218 -0.00142191 0.00210354 0.00106453 0.00344332 -0.00234258 -0.00133645 -0.000816581 -0.000891122 0.000402853 -0.00227383 0.000774645 -0.000118342 -0.00110837 -0.00115234 -0.00169123 -0.000106253 0.000306907 -0.00163238 -0.00374744 -0.00037903 -0.00287309 -0.00022298 -0.000164662 -0.00118373 0.000687368 0.000667073 -0.000306449 5.91213e-05 -0.00212302 -0.000412138 -0.000446813 0.000437745 0.000517883 -0.00138511 -0.00213217 -0.00277583 -0.000551233 -0.000813153 -0.00113836 -0.00599806 0.00234488 0.00337945 0.000279702 -0.00390121 0.00378714 0.000510824 -0.00175713 -0.00136304 0.00561635 0.000569584 -0.00306138 -0.00176246 0.000810331 -0.00290782 0.000530855 -0.00026042 0.00645121 0.000167061 0.00184655 -0.00367645 0.00213532 -0.00128565 0.000107498 0.00406562 -0.00610096 -0.00176132 -0.00200916 -0.00200254 -0.00168154 0.000908032 
-0.00534152 -0.00308179 -0.00422895 -0.00461838 -0.00917219 -0.00550707 -0.00645586 0.0101296 -0.00163697 0.193185 0.0133699 0.00541019 -0.00878493 0.0131017 -0.00988693 -0.0111753 -0.0198979 -0.0059252 0.00798132 0.00116946 -0.0371017 -0.0128397 0.00147606 -0.00882768 -0.013613 0.0260152 0.0304476 0.000131689 0.0100338 -0.00979345 -0.0103347 0.00247955 0.00864957 -0.0005317 -0.00641807 -7.3995e-05 -0.0150712 0.00914377 -0.00233775 0.00343271 -0.00476963 0.00805142 -0.00377728 -0.0022354 -0.0021399 0.00114987 -0.00550126 -0.00188177 0.00272028 0.00234624 -0.00202886 -0.00298038 0.0066221 -0.00537153 -0.00644971 0.00201705 0.00289227 0.00269348 0.0110147 -0.00125022 -0.0128023 0.0148805 -0.00476747 -0.00558129 -0.00789604 0.00326317 -0.00253134 0.00317129 -0.00694154 0.00360017 -0.00614042 -0.0111156 -0.00763494 -0.00187069 0.013603 -0.00126644 -0.00336686 0.00403521 0.00106495 -0.00187404 -0.00288048 -0.00488787 -0.00268725 -0.00559606 -0.0112645 -0.00177417 -0.0109698 -0.00463127 -0.0045821 -0.00118244 -0.00547649 -0.00516436 -0.00387519 0.00103296 -0.0169049 -0.00407554 0.00768195 -0.0036826 -0.0117821 -0.00174985 
0.017857 0.00301241 -0.00443289 -0.00548693 5.99651e-05 -0.00166826 -0.00580327 0.0016006 0.00466593 0.0133699 0.19964 0.0112214 -0.0155814 -0.0010579 0.00684828 0.00659951 -0.0331549 -0.020807 -0.0354879 -0.0378661 -0.0382721 -0.0112384 0.0312689 -0.0217569 -0.0212297 0.0336497 0.0392601 -0.0110236 0.00470932 -0.00543221 -0.00709072 -0.00159627 0.017329 0.00043158 0.0140084 -0.017113 -0.0115813 0.0137002 -0.00254703 -0.000499647 0.00354065 0.000923385 0.0101998 0.000400568 -0.00470551 -0.00467394 0.00191317 -0.00508725 -0.0100172 0.0010451 0.00407191 -0.000341753 0.0352553 0.00321713 -0.0131041 -0.000966446 -0.00348633 -0.00155799 0.00537699 -0.00230528 -0.000639558 -0.000456772 -0.00500259 -0.00799258 -0.0030461 -0.00771362 -0.0127965 -0.00344377 -0.0102225 -0.00615624 -0.00565225 -0.00626347 -0.00601991 -1.85538e-05 0.011246 -0.00264069 -0.00220133 0.00603178 0.000477626 0.00125137 -0.00393043 -0.0119396 0.00120956 -0.00108727 0.00711982 -0.00787575 -0.0132602 -0.00437767 -0.00297533 -0.00194855 -0.00538989 -0.0102512 -0.00112681 0.00759772 -0.0127881 -0.0052676 -7.03345e-05 0.00304504 0.00374236 -0.00736877 
0.00951249 0.000867636 -0.00277554 0.00326674 -0.00443505 -0.00741537 -0.00695249 0.0174365 -0.000212375 0.00541019 0.0112214 0.130393 0.00568252 0.0120066 0.00364376 -0.00508001 -0.0173694 0.000691877 -0.00299202 -0.00439622 -0.0193308 -0.0187052 0.0268066 -0.0261454 -0.00924247 0.0109268 -0.0228353 -0.0231733 0.00142132 -0.00361529 0.00347472 -0.00361752 0.00349226 -0.0010018 -0.00513106 0.00175977 0.00293492 -0.00207873 -0.0117798 -0.00332746 -0.00137249 -0.0050439 0.00697534 0.00192214 -0.00195442 -0.00126366 0.00660311 0.00289749 -0.00610601 -9.9162e-06 0.000360818 -0.00157278 0.00566915 0.0035284 -0.00890116 -0.00262372 -0.000283839 0.00332831 0.00188191 0.000363777 0.00615287 -0.00359034 -0.000613553 -0.00570242 -0.00787411 -0.00308383 -0.00441448 0.000402002 0.00697143 -0.0081742 -0.00146394 -0.0057672 -0.00638423 -0.00437628 0.00244005 -4.13533e-05 -0.00388897 0.00233279 -0.00408981 0.00150243 0.00454517 0.00542548 -0.00290177 -0.000107875 0.00609439 -0.000858132 -0.00896393 0.00073378 -0.00285829 0.00119191 -0.00092334 -0.00256562 0.000948429 -0.00500878 0.00308617 -0.00255792 -0.0051108 -0.00211339 -0.00437657 0.00224884 
-0.0199411 -0.000593393 -0.00877774 0.00355276 -0.00261513 -0.00401373 -0.00636463 0.0039495 -0.00654379 -0.00878493 -0.0155814 0.00568252 0.153535 0.0238073 -0.00382216 0.00368493 -0.00971422 0.00428657 -0.00921658 0.0149281 0.000664365 -0.011839 0.0063708 0.0118505 0.0025086 -0.00425654 -0.0287448 -0.00485807 -0.00785038 -0.0181127 0.00382283 0.00369094 -0.00667909 -0.00676213 -0.00551581 -0.00714203 -0.00904243 -0.00576888 0.00712799 -0.00433329 -0.00498074 -0.00239015 0.00247945 -0.00056198 -0.00172215 -0.00020875 0.0026018 0.00187087 0.005769 -0.0018704 -0.00357127 -0.00434001 -0.00898233 0.00416753 -0.00692944 -0.000896957 0.00541904 -0.00245883 0.00458991 -0.000349693 0.00841677 -0.00642699 0.00154568 -0.00779763 -0.0141677 0.00713319 0.0121192 -0.000923 0.00395783 -0.00396856 0.00143631 -0.00654045 0.00259961 0.00430598 -0.000814142 -0.000646322 0.00255572 0.00179164 -0.00675978 -0.000807691 -0.00527649 -0.000143433 0.00488377 0.00655565 -0.00526907 -0.000703805 -0.00344049 0.0021304 0.00421304 0.00539034 0.00196398 -0.00196239 -0.00130736 -0.00510969 -0.00997751 0.000677151 -0.00281352 0.00281725 -0.00617519 -0.00368582 
-0.0221845 0.00559365 -0.00363097 -0.00137174 -0.00242931 -0.00578946 -0.00681804 0.0114681 -0.00715336 0.0131017 -0.0010579 0.0120066 0.0238073 0.168136 0.000672713 0.0248603 -0.0202855 0.00187898 -0.0114759 0.00985894 -0.0151042 -0.0384791 0.00680597 -0.0152454 -0.0104844 0.0211788 0.0109875 -0.0135585 0.00377392 -0.0327256 -0.00195294 -0.00639671 0.00873164 -0.00947527 0.0087323 -0.00822749 -0.00260577 0.0146081 0.00988181 -0.00442621 0.00639242 0.00446475 0.00939406 -0.00175011 0.000692259 -0.000895889 0.0045997 -0.00106095 -0.000626372 -0.00192606 -0.000865878 -0.00795416 -0.00363279 0.000827664 -0.00644622 0.00200456 -0.00271621 0.00712086 0.0145367 -0.00103543 -0.00660978 0.00535707 0.00187739 -0.000480317 -0.0183819 0.00347571 -0.00383603 -0.000344567 0.000760441 -0.0200699 -0.0040226 -0.00736007 -0.00633725 0.00200446 -0.00689492 -0.00174225 -0.00173495 -0.000658469 -0.00377052 -0.000337915 -0.00713058 0.00569885 -0.000537124 0.00442392 -0.00959374 -0.00224341 -0.00482926 -0.00281697 0.00199075 -0.00188175 -0.00312901 -0.00434737 -0.000194635 -0.00437755 -0.0215637 0.00606 0.00240472 -0.00773218 -0.0101645 -0.00725847 
-0.00304001 -0.00191433 -0.000693604 -0.00120808 0.00735277 -0.00416079 0.000136677 -0.00103559 0.00495324 -0.00988693 0.00684828 0.00364376 -0.00382216 0.000672713 0.12258 -0.00978073 -0.0046804 0.000964287 0.00693874 -0.0162269 -0.0200053 0.00416985 0.000462556 -0.00824287 0.000961782 -0.00227796 -0.000422872 -0.0247478 -0.00477578 -0.0117648 0.00105286 0.00225604 -0.00585651 -0.0017675 -0.000411263 0.0103355 -0.00351807 -0.0136301 0.00260767 -0.00178417 -0.00636186 -0.00539995 -0.00460185 -0.00302712 -0.00298624 0.000707773 -0.00163447 -0.000186848 -0.0121197 -0.000585393 0.0017818 -0.000267898 0.00764889 0.00165521 -0.00141588 -0.000196187 -0.00197542 0.00212013 -0.000142394 0.000581306 -0.00313594 -0.00197095 0.000424098 0.0032231 -0.00422159 0.00200796 0.0059498 -0.000263377 -0.0011671 0.000683236 0.00586439 0.00197144 0.00725236 -0.0139074 0.00516295 0.000591179 -0.000683168 0.0070385 -0.00198785 0.000370118 0.0100166 0.00227679 0.00149386 0.005301 -0.00199072 7.65987e-05 -0.00252258 0.000714695 -0.00147163 -0.000842422 -0.00367666 -0.00270852 0.00302741 -0.00359127 -0.00974459 -0.00134641 -0.00723158 0.00146894 0.0018316 0.00184065 
-0.0169105 -0.000808668 -0.00727396 -0.00214207 -0.00203271 -0.00267348 0.00469982 0.00562826 -0.00448955 -0.0111753 0.00659951 -0.00508001 0.00368493 0.0248603 -0.00978073 0.203222 -0.0226244 -0.00280273 -0.00756245 0.013081 0.000529336 -0.0245072 9.42558e-06 -0.0375698 -0.00631663 -0.0304901 0.0128881 0.000402578 -0.0146144 -0.0207979 -0.00484028 -0.00259489 0.0152569 -0.0156855 0.0064905 -0.0161038 0.0136424 0.0293137 -0.0216055 0.00394123 0.0055147 -0.00330822 -0.0033965 0.00679101 0.00224893 -0.000551804 0.000430829 -0.00174448 -0.00758798 0.00346526 0.00121605 -0.00515402 -0.00530071 0.00523695 0.0322489 0.00491392 0.00333095 -0.00463877 -0.00510393 -0.000344396 -0.0118471 -0.00429294 -1.7351e-05 -0.0010313 -0.00325828 -0.00279889 0.00530098 -0.000317626 0.0112319 -0.0105094 -0.00929636 -0.00360116 0.00146268 -0.000612258 -0.00248237 -0.00153858 0.000643041 -0.00856418 -0.00545807 -0.00165691 -0.00680403 0.00515723 -0.00369758 0.00625726 0.00391183 -0.0106158 0.00570554 -0.00285304 0.00100955 -0.00424758 0.00631219 -0.00246836 -0.000397131 -0.00598982 0.000808219 -0.0111833 0.014048 -0.0096655 -0.00948434 -0.00919334 
-0.00849934 -0.00706715 -0.000509712 0.00613778 -0.000693315 0.00335309 -8.1605e-06 -0.000763903 0.0103695 -0.0198979 -0.0331549 -0.0173694 -0.00971422 -0.0202855 -0.0046804 -0.0226244 0.230617 -0.00539154 0.0106949 0.00890445 0.0374842 0.0134978 -0.0431917 0.0385507 0.0101946 -0.0137923 -0.0488552 0.0343193 0.0104071 0.0172653 -0.0075739 -0.00132054 -0.02 0.0230762 -0.0108279 0.0102996 -0.0033851 -0.00355626 -0.0131125 -0.00138458 -0.0109011 -0.00533979 -0.0165436 -0.00878971 -0.00434095 0.00560544 -0.00556665 -0.00158911 -0.0014349 -0.00262284 -0.00367991 0.00024789 -0.01914 -0.00751736 -0.00222984 -0.00205625 -0.000931918 -0.0011174 -0.0143754 0.000281007 -0.00190834 0.00285855 0.00343309 -0.00332777 -0.00153492 -5.49654e-05 0.00359 -0.00533013 -0.00128021 -0.0211879 0.00765726 0.0103129 -0.000183994 -0.00258479 -0.0129927 -0.00150704 0.000209151 -0.0113856 0.00590862 -0.00509462 -0.00424343 0.0058213 -0.000383983 -0.00242193 -0.0124664 -0.0053314 -0.0021823 0.000142832 0.000762562 -0.001293 -0.0116158 0.0102798 -0.0008812 0.000335907 -0.00748898 0.00481656 -0.00859336 -0.00122127 0.0116439 0.0132543 
-0.00278973 0.000530823 0.00773492 0.00633485 0.00362729 -0.00615535 -0.0046996 -0.00547007 -0.00644432 -0.0059252 -0.020807 0.000691877 0.00428657 0.00187898 0.000964287 -0.00280273 -0.00539154 0.141013 5.28105e-05 -0.00114934 -0.0341338 0.00488016 0.00993076 -0.00632638 0.0010742 -0.00642537 -0.0134274 -0.00351485 -0.0180429 -0.000470403 0.0039127 -0.00072943 -0.00250617 0.00368378 -0.00715001 0.0109138 0.00512845 -0.00859889 0.0036519 -0.00243693 -0.00396005 -0.00367991 -0.00733762 0.00139931 -0.000980985 -0.00196979 0.00298249 0.00131825 -0.0049073 -0.00169561 0.00854442 0.000992391 -0.012608 0.00185975 -0.00554399 -0.00145978 0.00679026 -2.74731e-05 0.00197827 0.00166551 0.00237135 -0.00785758 -0.00148972 -0.00983372 -0.00507023 0.008571 -0.00151566 -0.000569119 0.000290206 -0.0073728 -0.00162436 -0.0030859 0.00684414 -0.00972752 -0.00452506 0.00219971 0.00187511 0.00230241 -0.00579597 -0.000204013 0.00562677 -0.0067395 0.00233771 0.00806068 -0.00400574 -0.000756246 -0.00228991 2.91796e-05 0.000107064 -0.000709787 -0.00108079 0.00245449 -0.000716374 -0.00325513 0.000261784 -0.00104985 -0.00045524 0.00338726 -0.00520921 0.00996627 
0.0215732 -0.00170243 -0.00354898 -0.00532099 0.00128248 0.00169284 -0.000114466 -0.000831764 -0.00612386 0.00798132 -0.0354879 -0.00299202 -0.00921658 -0.0114759 0.00693874 -0.00756245 0.0106949 5.28105e-05 0.22114 0.0225904 -0.00525507 0.000849318 -0.027555 0.00972756 0.00719962 -0.010977 -0.0486018 -0.000625271 -0.0257102 0.00439359 0.00617995 0.00206748 -0.0175925 -0.0160728 -0.00687118 0.0154159 -0.00433653 -0.0212064 -0.0118892 -0.00126088 -0.00865257 0.00323948 -0.0220158 0.00176276 -0.00557626 -0.00304755 0.00136422 0.000427562 -0.0129134 -0.00740711 -0.011535 -0.00476118 -0.0161273 -0.00535008 -0.0014889 -0.00263175 -0.00183321 -0.00370979 -0.0137773 0.000526707 -0.00459964 0.000763864 -0.0015719 0.0142944 0.000592584 0.0107194 0.0244298 0.00281098 -0.00135085 -0.000494173 0.00829957 -0.00740648 0.000164425 -0.00581527 -0.00296408 -0.000623135 0.0052982 -0.00845018 -0.00263277 -0.00299632 0.014029 0.00967459 -0.00951365 -0.00183592 -0.00805304 0.00810577 -0.00888006 0.00234085 0.00170025 0.00741027 -0.00677037 0.00412178 -0.0051504 -0.0059193 0.0103156 0.00312012 -0.00467534 0.0115975 -0.00246227 0.00843402 
-0.0174538 -0.00535527 0.00139748 -0.00547608 0.000157434 0.00480441 0.000837897 0.000723301 -0.00637957 0.00116946 -0.0378661 -0.00439622 0.0149281 0.00985894 -0.0162269 0.013081 0.00890445 -0.00114934 0.0225904 0.211017 0.00318002 -0.0272395 0.00385121 0.00361959 0.0050584 -0.0114592 -0.0451531 0.0167225 -0.0147074 0.00365985 -0.00632372 -0.00510056 -0.00865227 2.6211e-05 -0.000985412 -0.0107995 -0.00503525 0.00542226 0.0026708 -0.000823359 0.000484594 -0.000896251 -0.00485347 -0.00307427 0.00164815 0.000295853 0.000823214 0.00729667 -0.0032179 -0.00580459 0.000169459 -0.011116 -0.0148442 0.00599298 0.00774277 -0.00391074 0.00206583 0.00157304 -0.00703175 0.00126133 -0.00653262 -0.00822966 -0.00128976 -0.000831556 -0.00369003 0.00752696 0.0042678 2.82902e-05 0.00308401 -0.018956 -0.00964089 0.00119947 1.90981e-05 -0.0188578 -0.0158592 -0.00221282 0.000174541 -0.00912108 -0.0138534 -0.000257174 0.00209215 0.0150247 0.00906055 0.00262288 -0.0046668 -0.00465421 -5.76584e-05 0.00142819 0.00421326 -0.000595178 0.00637973 0.00467372 -0.000196614 -0.0021852 0.00324545 0.00327714 0.00219291 -0.0162671 -0.00680868 -0.00345066 
-0.0021551 -0.00186513 -0.00633223 -0.000759838 -0.00671904 0.00627726 0.000195022 -0.0129568 -0.000590736 -0.0371017 -0.0382721 -0.0193308 0.000664365 -0.0151042 -0.0200053 0.000529336 0.0374842 -0.0341338 -0.00525507 0.00318002 0.248019 -0.00018041 -0.0186922 0.0460446 0.0271964 -0.0593461 -0.00954001 0.0233078 -0.00468603 -0.00160577 -0.00764342 -0.00285439 -0.00744755 -0.0112896 0.00284339 -0.0156548 0.00182442 0.00142933 0.00433334 0.00142641 0.00586609 -0.00453686 -0.0158265 -0.00586916 -0.00591528 0.00425122 -0.00426511 -0.00638951 -0.000423301 -0.00379589 -0.00714542 0.00780837 -0.0140495 -0.0114265 0.0047139 0.00310969 -0.00760571 -0.00913654 -0.0190813 -0.0018378 -0.00644524 -0.00196526 0.00363442 -0.00552637 0.00276718 -0.00174267 -0.00737925 -0.00439442 0.0103826 0.0176267 0.00341169 0.0283887 0.00056546 0.0249887 -0.0163982 -0.00568795 0.000754573 -0.0133295 0.0130705 0.00062138 -0.00882761 0.00276252 -0.00627297 -0.0100229 -0.00745746 -0.00172853 0.00494737 0.00197295 0.00515296 -0.00211578 -0.00175467 0.00305009 0.00023369 -0.00312501 0.0169052 -0.00300287 0.000238636 -0.0113131 0.00573864 -0.00240156 
0.00710646 -0.00442396 0.00109292 0.00312252 0.00533367 0.000898121 0.00851751 -0.0135351 0.0106116 -0.0128397 -0.0112384 -0.0187052 -0.011839 -0.0384791 0.00416985 -0.0245072 0.0134978 0.00488016 0.000849318 -0.0272395 -0.00018041 0.217934 -0.0321814 0.00195357 0.0116939 -0.020908 -0.00957212 -0.0192633 -0.0157445 0.0120597 0.00771743 0.011025 -0.0116703 0.0125682 -0.0100031 0.00581408 -0.0168149 -0.00729086 -0.0169078 -0.00373303 -0.0164613 -0.011604 0.0158015 -0.00545551 -0.00569289 -0.000195032 -0.00271309 -0.00514837 -0.000884194 -0.00222046 -0.00303652 0.00960794 -0.00660781 -0.00368928 0.00356518 -0.00105691 -0.00153947 -0.00609165 -0.0125574 -0.000424375 0.0170742 -0.0106283 0.00114741 -0.00770223 0.0085377 -0.00261162 0.00936618 0.00283507 0.00451311 0.00645586 0.0100951 -0.000381106 0.00608358 0.00689838 0.00379072 0.00364543 -0.00236457 -0.00444553 0.00166893 -0.00412645 -0.0055202 -0.0170046 0.00430116 -0.00582212 0.000547144 0.004439 -0.00324192 0.00410535 0.00392937 -0.0020774 -0.000843774 0.00629513 0.000857778 0.000856122 0.011497 0.000293723 -0.00693996 -0.00542578 0.00374096 -0.00120439 
0.0289162 -0.000458377 -0.00216941 -0.00290666 -0.00741432 -0.0187922 -0.0123604 0.00481306 -0.0149085 0.00147606 0.0312689 0.0268066 0.0063708 0.00680597 0.000462556 9.42558e-06 -0.0431917 0.00993076 -0.027555 0.00385121 -0.0186922 -0.0321814 0.239273 -0.0267395 0.00153358 0.0271089 0.00212209 0.00597881 -0.0287768 0.00209038 -0.0105702 -0.0106875 0.0055121 -0.00192607 -0.00627319 -0.00522722 0.0113146 0.0030483 0.0229003 -0.00674111 -0.00346944 -0.00223735 0.0161343 0.00530569 0.00704332 -0.00853103 -0.00047002 0.00533857 -0.000824963 0.00129295 0.00821005 -0.00465708 0.00981192 0.0039988 -0.0250209 -0.00511126 -0.00166006 -0.000866205 0.000444408 -0.00108576 0.0109888 -0.00031973 -0.00195028 -0.0162946 -0.0210679 -0.00113664 -0.0147594 -0.00354962 0.0158282 -0.0243983 -0.0347416 -0.00291234 -0.0096346 -0.00391981 0.000166026 -0.00174841 -0.00254987 -0.000686193 -0.0104623 0.00207374 0.00890861 0.00213667 -0.00547607 0.00182623 0.00667292 -0.00100949 -0.0151869 -0.00656984 -0.00763163 -0.00468957 0.0001198 -0.00804377 0.00139107 -0.00568988 0.00133421 -0.00426046 -0.00747716 0.00143033 -0.00237633 -0.00200128 
-0.00224648 -0.00134464 0.00152405 0.000273155 -0.00290721 -0.00108172 0.00125807 -0.00940585 -0.00721224 -0.00882768 -0.0217569 -0.0261454 0.0118505 -0.0152454 -0.00824287 -0.0375698 0.0385507 -0.00632638 0.00972756 0.00361959 0.0460446 0.00195357 -0.0267395 0.224813 -0.00232756 -0.00946947 -0.0201174 0.0156531 -0.00200998 -0.0237151 -0.00685933 0.00459585 -0.0157791 0.00688991 0.00127877 0.0105018 -0.010182 -0.00662081 0.0089485 -0.00817447 -0.00154953 0.00592769 -0.00835185 0.00109129 0.00342531 -0.0030974 -0.00749251 -0.00550165 0.0246145 -0.0049576 -0.00112651 0.00109411 -0.0212567 -0.00512662 -0.0173085 -0.00143272 -0.00266418 -0.00111076 -0.00587604 -0.00187003 -0.0135488 -0.0110302 0.000640169 -0.002298 0.00743869 0.00947152 0.00227393 -0.00508399 -0.0191643 0.0110074 0.0111315 -0.00531333 -0.00228076 0.0131127 -0.00224718 -0.00315545 0.00567866 -0.00637163 -0.00501521 -0.00292726 -0.0129019 -0.0028482 -0.0014452 -0.00209778 -0.0175901 -0.00358749 -0.00657187 0.00155514 -0.00310056 -0.00124568 -0.0170487 -0.000896314 -0.00389325 -0.00371263 0.0163822 0.00572722 0.00141455 0.00428933 0.0101894 0.000457283 
0.0124542 -0.00656771 1.72479e-05 -0.000159338 -0.00410085 -0.00654235 -0.00947905 -0.0173599 -0.00178609 -0.013613 -0.0212297 -0.00924247 0.0025086 -0.0104844 0.000961782 -0.00631663 0.0101946 0.0010742 0.00719962 0.0050584 0.0271964 0.0116939 0.00153358 -0.00232756 0.248289 -0.0415696 0.00203995 -0.018913 0.000830408 0.000144784 0.0180995 -0.00441288 -0.018755 -0.00579321 -0.016963 0.00291845 -0.00812512 -0.00916539 0.0157491 -0.00450686 -0.0146948 -0.0113173 0.001982 -0.0011058 0.000324517 -0.00088542 -0.0134129 -0.00224759 -0.0106047 -0.00935808 0.0024652 -0.00886505 -0.0241181 -0.00832342 0.0115675 -0.0035674 -0.00545331 -0.00573957 -0.0125433 0.00223906 -0.00985058 -0.0284539 0.00503046 -0.0106961 -0.0127024 0.000725115 0.00897543 -0.00315538 -0.00365658 0.0365617 -0.00668112 0.0134063 -0.00220546 -0.00767605 0.00738099 -0.00424322 -0.00092313 0.000869466 -0.00041191 -0.0011531 0.000131094 -0.00212119 -0.00434165 0.00627432 -0.00729661 -0.000940575 0.0186992 0.00394794 0.000860573 -0.00347294 -0.0109331 0.00225451 0.00168742 7.27459e-05 0.00437775 -0.00502474 0.00085604 -0.00386661 0.00954641 -0.00874277 
-0.00826838 0.00506489 -0.000775224 -0.00861334 -0.00689473 -0.00241845 -0.00201567 0.00559424 -0.0111407 0.0260152 0.0336497 0.0109268 -0.00425654 0.0211788 -0.00227796 -0.0304901 -0.0137923 -0.00642537 -0.010977 -0.0114592 -0.0593461 -0.020908 0.0271089 -0.00946947 -0.0415696 0.247174 0.019084 0.0175635 0.0276832 -0.00207875 -0.00793402 -0.00679308 -0.00302211 -0.00559964 0.00214948 0.0114337 0.00522973 -0.000618956 -0.00195584 -0.0105507 0.00874691 0.00120232 0.0192107 0.0036602 -0.000277884 -0.00485498 -0.00022974 -0.00218768 0.00812571 0.000143295 0.00325128 -0.00293582 0.0204844 0.00700181 -0.0233142 -0.00431746 -0.0052458 0.00804309 0.0180118 -0.00441292 0.00585943 0.00998358 -0.00688533 0.00739002 -0.00791055 -0.00496422 -0.0129021 -0.00226298 -0.0162189 -0.0168455 -0.0104541 -0.0298004 -0.0136072 -0.00638548 -0.00105484 -0.000322306 -0.0101862 0.0130064 -0.00464426 -0.00133417 -0.00733463 -0.00757242 0.000159894 0.00256445 -0.0113323 0.00634355 -0.0232701 -0.00698525 -0.0131458 -0.000992484 -0.00491377 -0.0123073 -0.00331183 -0.00453536 -0.0107018 0.00186347 0.000750748 -0.00316615 -0.008863 -0.00402051 
-0.0125632 0.0038989 -0.00186609 -0.00939214 -0.0010956 -0.00183456 -0.0082492 -0.0061355 0.00328628 0.0304476 0.0392601 -0.0228353 -0.0287448 0.0109875 -0.000422872 0.0128881 -0.0488552 -0.0134274 -0.0486018 -0.0451531 -0.00954001 -0.00957212 0.00212209 -0.0201174 0.00203995 0.019084 0.247662 -0.00976054 0.0140053 -0.015163 -0.0141303 -0.00445566 0.0185063 -0.00752212 0.00503073 -0.00799033 -0.0180533 0.0131351 0.0184409 0.00287059 0.00246979 0.00454499 0.00344306 0.00385558 -0.00233499 -0.00497847 -0.00206403 -0.00392394 0.00186796 0.00184004 0.00094107 0.00186461 0.022369 -0.00132399 0.00524101 0.00400053 -0.00595187 -0.00485799 0.0138727 -0.00345197 -0.014242 0.00652223 -0.00510872 -0.000999762 -0.0115743 -0.0073929 -0.0173715 0.0018603 -0.00652132 0.0339301 -0.0153852 -0.000116083 -0.00761153 -6.28534e-05 0.00279557 -0.0019233 -0.00632681 0.00192045 0.0086429 -0.00114315 -0.0107274 -0.0180443 -0.00476589 -0.00648027 -0.00333211 -0.00101881 0.0127385 -0.00859203 -0.00593884 -0.00766386 0.0132735 -0.0114471 -0.00302242 0.00439435 -0.0182888 -0.00617393 0.0117825 -0.00794048 0.0050133 -0.00926449 
-0.0316712 -0.000428675 -0.0018436 -0.0146938 -0.00484408 -0.00166534 0.000411274 -0.0163546 -0.00219472 0.000131689 -0.0110236 -0.0231733 -0.00485807 -0.0135585 -0.0247478 0.000402578 0.0343193 -0.00351485 -0.000625271 0.0167225 0.0233078 -0.0192633 0.00597881 0.0156531 -0.018913 0.0175635 -0.00976054 0.247316 0.00541298 0.0304577 -0.0155866 -0.000404759 -0.0143551 0.00131925 0.00524315 -0.00630545 0.0178207 0.0131488 0.0083892 -0.0085249 0.021024 0.00414915 -0.0222972 -9.67423e-05 0.00433639 -0.00437991 -0.000436988 -0.00525268 0.0269079 0.00190018 -0.00772043 0.00983686 -0.00787444 -0.00178016 -0.00777984 -0.00584505 -0.00318623 -0.00776783 -0.0028373 -0.00373125 -0.00333561 0.0132624 -0.00466996 -0.00192008 0.00977448 -0.00729222 -0.00740483 -0.00619296 0.00260036 -0.0165027 -0.00438791 -0.00316388 -0.00826513 0.00583836 -0.0268269 -0.000643011 -0.00541721 -0.017804 -6.54664e-05 -0.00172967 -0.0107918 8.59149e-05 -0.01045 -0.0108415 -0.0128601 -0.0074895 -0.00423285 -0.00441709 -0.00346742 -0.00318955 -0.00278798 0.000170556 -0.0059658 0.00219302 -0.0081394 -0.0148686 0.000783155 -0.0100692 -0.00161452 0.0096434 
-0.0211929 0.000592643 -0.00656844 -0.00200498 -0.00603546 0.00750837 -0.00032355 0.00346607 0.00222008 0.0100338 0.00470932 0.00142132 -0.00785038 0.00377392 -0.00477578 -0.0146144 0.0104071 -0.0180429 -0.0257102 -0.0147074 -0.00468603 -0.0157445 -0.0287768 -0.00200998 0.000830408 0.0276832 0.0140053 0.00541298 0.205609 0.00132433 0.00534195 -0.00409234 -0.000120554 -0.00506786 0.000999327 0.000151071 -0.00753744 -0.00708805 -0.0168898 -0.00340207 -0.00970657 -0.00194715 -0.00786016 -0.00360017 -0.00432974 0.00231009 -0.00765994 -0.00430193 0.0169721 0.000596354 0.000691008 -0.00532101 0.00194315 -0.00322903 0.00199205 0.00359282 -0.00594947 0.00177993 0.00598735 -0.000500381 -0.0113057 0.00699602 -0.00253867 0.0100072 0.00582796 -0.00179341 -0.0175745 -0.00196021 0.00570747 -0.00257805 -0.0035515 -0.00691736 -0.00917766 0.0145391 0.00219276 -0.000794395 -0.00355799 0.00262774 0.00256168 2.03196e-05 -0.0114452 0.00041819 -0.00121203 -0.00693688 0.00423338 -0.00610805 0.00576509 -0.00422881 -0.00181599 0.0022776 -0.00602797 5.87454e-05 -0.00103298 0.00336343 -0.0206345 -0.00218223 0.00848992 -0.0119288 -0.00654306 -0.00294822 
0.0132507 -0.00255222 0.00281726 -0.000914454 -0.00127686 0.000440276 -0.00166811 -0.0111119 0.00701218 -0.00979345 -0.00543221 -0.00361529 -0.0181127 -0.0327256 -0.0117648 -0.0207979 0.0172653 -0.000470403 0.00439359 0.00365985 -0.00160577 0.0120597 0.00209038 -0.0237151 0.000144784 -0.00207875 -0.015163 0.0304577 0.00132433 0.227392 -0.00515849 -0.00173515 -0.0105506 0.0103737 -0.00888775 -0.00589071 -0.00240074 -0.0261111 0.00116642 -0.000438411 0.00099221 0.00260514 -0.0263157 -0.00590546 -0.00965376 -0.00501179 -0.00314854 -0.000452246 -0.0232997 -0.00234641 0.00450109 -0.000141751 0.01573 -0.00917661 0.00398648 -0.00424073 -0.0053827 -0.00678441 -0.0049457 -0.000673732 0.00837906 0.00395396 -0.00142003 -0.00189987 0.00886361 -0.00426534 -0.0191537 0.00247442 0.0172721 -0.00426471 -0.000315833 0.00212614 0.000606211 -0.00767263 -0.00836614 0.0017309 -0.000901316 -0.00526523 0.0147779 -0.00335506 -0.00499536 -0.00343535 -0.0100134 -0.00337813 0.0106534 -0.00141274 0.00662982 -0.00451253 -0.000404789 -0.00996764 0.000426933 0.000430807 -0.00445286 0.00493036 -0.00460546 -0.00297314 -0.00894685 -0.00442983 0.00179278 0.00514763 
0.0038867 -0.000743714 0.00102128 0.00298932 0.000222857 0.000445808 -0.000860166 -0.00143571 -0.00142191 -0.0103347 -0.00709072 0.00347472 0.00382283 -0.00195294 0.00105286 -0.00484028 -0.0075739 0.0039127 0.00617995 -0.00632372 -0.00764342 0.00771743 -0.0105702 -0.00685933 0.0180995 -0.00793402 -0.0141303 -0.0155866 0.00534195 -0.00515849 0.100301 0.000678437 -0.00299804 0.000242338 -0.00345138 0.0071102 0.000702812 -0.00586072 -0.00970525 -0.00137936 -0.00127126 -0.000266974 0.000232969 -0.00214259 -0.00195598 0.00171775 -0.000913399 0.000984059 -0.0050859 -0.00277406 -0.00128473 -0.000732431 -0.00609579 -0.00205526 -0.00248535 0.00018853 -0.00188616 -0.00257042 -0.00273789 0.00172609 0.00444784 -0.00733633 -0.000303282 -0.00201854 -0.000861434 -0.00205456 0.0063058 -0.000965716 0.00224796 0.00861684 4.02577e-05 -0.00760183 0.0024141 -0.00541847 0.000974436 -0.000589409 -0.00120548 -0.00224279 -0.00035403 0.000631682 0.00522897 -0.00128653 -0.00167506 -9.84087e-05 0.00415498 0.00084608 0.00652757 0.00288047 0.00249955 -0.0017691 -0.0068228 -0.00258227 -0.0016026 0.00120575 -0.00698228 0.00208649 -0.00179291 -0.000484971 0.000886689 0.000113904 
-0.00247131 -0.000683307 0.00131203 -0.00139293 -7.84939e-05 -0.000590669 0.00540235 -0.00152278 0.00210354 0.00247955 -0.00159627 -0.00361752 0.00369094 -0.00639671 0.00225604 -0.00259489 -0.00132054 -0.00072943 0.00206748 -0.00510056 -0.00285439 0.011025 -0.0106875 0.00459585 -0.00441288 -0.00679308 -0.00445566 -0.000404759 -0.00409234 -0.00173515 0.000678437 0.0492506 -0.000945182 0.00404338 0.000291511 -0.00178868 -0.00455368 -0.00252131 0.00229436 -0.00168212 0.000290425 0.00105049 2.91842e-05 0.000427981 -0.00234665 5.52702e-05 -0.000145199 -0.000373354 -0.00222307 -0.00104191 -0.00144859 -0.00161427 -0.000580343 -0.00130275 -0.00166891 -0.000389505 0.00126744 -0.000219531 0.000242892 -5.00595e-05 -0.00176737 0.000135892 0.000250567 -0.00170209 0.00325545 0.00149278 0.00215736 0.000707727 -0.00172639 0.00153437 0.00554179 0.00278303 -0.000795367 -0.00179162 0.00159001 -0.000125145 0.0011637 -0.00129505 -0.00142098 -0.00028099 0.0013099 -0.00129587 -0.000806113 -0.00170523 -0.000382717 -0.00157018 -0.00247923 0.000780101 0.000257954 -0.00083174 -0.000916239 -0.00125787 -0.000320512 0.00118727 -0.00197583 -0.000830246 -0.000990378 -0.000823825 -0.00165392 -0.00183156 
-0.00040725 0.00207487 -0.00132903 -0.000807996 -0.00253442 -0.00114801 -0.00228312 0.00198859 0.00106453 0.00864957 0.017329 0.00349226 -0.00667909 0.00873164 -0.00585651 0.0152569 -0.02 -0.00250617 -0.0175925 -0.00865227 -0.00744755 -0.0116703 0.0055121 -0.0157791 -0.018755 -0.00302211 0.0185063 -0.0143551 -0.000120554 -0.0105506 -0.00299804 -0.000945182 0.0996198 -0.0013086 0.00549141 -0.00261118 0.00149582 0.00712036 -0.0023828 0.00263474 -0.000711549 -0.0019698 0.00864155 -0.000963409 -0.00059699 -0.00107088 -0.00129028 0.00144073 -0.007411 0.000963669 -0.000859072 -0.00201204 0.0025105 -0.000314081 0.00556505 -0.000443797 0.0035294 0.00596075 -0.000703451 -0.000533336 -0.00412214 0.00292123 -0.000851658 -0.00358987 -0.00554897 -0.00341455 -0.00440962 0.00124351 -0.00242668 -0.00521624 -0.00458177 -0.00264664 -0.00411317 -0.0064303 0.0108084 0.000336274 -0.000902299 -0.000279961 0.00241157 0.00040971 -0.000163301 0.00124125 -0.00158198 -0.00101195 0.00116802 -0.000370068 0.00527517 -0.00124225 -0.00160454 -0.00191962 0.00580205 -0.00385506 0.000178729 -0.00150058 -4.88979e-05 -0.00373129 -0.00227463 -0.0033272 -0.00418652 -0.00340158 
0.00817125 -0.00222011 0.00350845 -0.00293584 0.00235167 -0.00345989 -0.00354052 -0.00152465 0.00344332 -0.0005317 0.00043158 -0.0010018 -0.00676213 -0.00947527 -0.0017675 -0.0156855 0.0230762 0.00368378 -0.0160728 2.6211e-05 -0.0112896 0.0125682 -0.00192607 0.00688991 -0.00579321 -0.00559964 -0.00752212 0.00131925 -0.00506786 0.0103737 0.000242338 0.00404338 -0.0013086 0.140746 -0.00231077 -0.00947007 -0.0110249 -0.00528998 0.0102276 -0.00513368 -0.00550195 0.00440354 0.0116347 -0.00534292 -0.00403172 0.000913551 -0.00288311 -0.00223965 -0.0128579 -0.00300345 -0.00223211 -0.00342685 -0.000419666 -0.00504714 -0.00968016 -0.00300668 -0.00309481 -0.000227787 -0.00390415 -3.40623e-06 0.00518762 -0.0059282 -0.00150021 0.00143135 -0.00451454 -0.00473518 -0.00802812 -0.000376934 -0.00298523 -0.013986 -0.00456624 0.00223762 0.000280486 -0.00763242 -0.00702822 -0.00136904 -0.0012919 0.00281443 0.00576406 -0.00140238 0.00403234 0.00699094 0.00404409 -0.00522062 0.000544273 0.000887715 -0.0089522 -0.000431931 0.00401248 -0.00579896 -0.00657657 0.00251828 -0.000398892 5.7497e-06 -0.00142451 0.00346033 -0.00624039 -0.000216007 0.00752282 0.00443267 
