0.0769659 -0.000503436 0.00245352 -0.004002 -0.00188128 -0.00043704 -0.000143878 -0.003642 -0.00991578 -0.000571297 -0.00300384 -0.00144207 0.00715184 -0.00614711 0.00199489 0.00493537 0.000743063 -0.000603165 -0.0138284 -0.00652154 -0.00030424 -0.00382923 -0.00360712 -0.00904391 0.00826805 0.00057664 -0.00945013 -0.000359022 0.00714693 -0.00633231 0.00119346 -0.00511209 -0.000783628 -0.00476095 -0.000187682 -0.00235989 0.000250246 -0.00326685 -0.00142425 -0.00129606 0.0104815 0.001217 0.000456176 -0.00146726 0.0013798 0.000816533 -0.000242027 -0.000711692 0.000328409 0.000289867 -0.001287 -0.00277518 -0.00106739 8.74208e-05 0.00040451 -0.00223128 0.00382135 -0.00139379 0.0012559 -0.00208077 -0.00360792 0.000156209 8.40501e-05 0.000388434 -0.00105328 -0.00125905 -0.0037958 -0.000570475 0.00113521 0.000102901 -0.00166999 -0.000182796 0.00117401 -0.00182616 -0.00215804 0.00159532 -0.00115515 0.00175016 -0.00037431 -0.00221113 -0.00167843 0.00101159 0.00258116 -0.000971881 0.00193871 -0.000776867 -0.0013678 0.000663613 -0.00187187 -0.00235026 -0.00178128 0.00283394 0.00550514 -0.00157904 -0.00233925 -0.00256472 -0.00147885 -0.00126961 0.00206645 0.00270518 
-0.000503436 0.058093 0.00259753 -0.00161745 -4.57485e-05 -0.00255444 -0.00361369 -0.000393466 -0.00456975 0.000473891 -0.0010403 0.0013476 0.00507222 0.00383657 -0.000403398 0.00714034 -0.000797237 0.000815001 -0.00136001 7.74157e-05 -0.00646739 -0.00371878 0.0014963 -0.00505974 -0.00160011 0.00750951 -0.000654625 -0.000180678 -0.00097932 -0.00592697 -0.00426583 -0.00455526 0.00193615 -0.00152101 -0.0022578 -0.000484469 0.00170073 -0.0024775 -0.000737908 -0.000818338 -0.00532458 -0.000956793 2.0404e-05 0.000112245 -0.000405293 -0.00158424 -0.000240354 -1.27191e-05 -0.00548923 0.00132111 0.000203412 -0.00195403 -0.000113881 -0.000505723 -0.00307992 0.00452654 0.00271759 0.000159612 -0.000428761 -0.0011254 -0.002449 -0.00196511 0.000262055 0.000141803 -0.00270832 0.00052253 0.000900413 0.00106596 -0.000731515 0.000107395 -0.00547789 0.000759362 -0.00156529 0.00420492 -0.00334651 0.00192649 -0.0016638 6.06601e-05 -0.00300812 -0.00230111 -0.000466811 -0.000855606 -9.5903e-05 -0.000442478 -0.000630129 6.10286e-05 0.000225265 0.000439038 -0.000620503 -0.00283767 -0.00081589 -0.00140502 -0.0008864 -0.000795666 0.00203904 -1.72277e-05 -0.000248814 0.000455817 -0.00101749 0.00184891 
0.00245352 0.00259753 0.136274 -0.00331179 -0.00296219 -0.00573756 -0.00329876 -0.00354426 -0.00205376 -0.000558951 -0.00276499 0.00121701 0.0158129 0.00690632 -0.00711121 0.0108506 -0.000724288 -0.0311134 -0.0167087 -0.0188653 -0.00125053 -0.00541761 -0.0111787 -0.0261026 0.0153646 0.0270969 -0.00381735 -0.00257597 0.0140688 -0.00632087 -0.0167647 -0.0107929 0.00268246 -0.00834507 0.00383866 -0.00018196 -0.00289866 -0.00534958 0.00610716 0.000232121 -0.0112954 -0.00556483 -0.00279131 0.00407823 -0.0034823 -0.00027916 0.017827 0.00267417 0.00113486 -0.000677414 -0.00132077 0.00223698 -0.000381002 -0.00180968 0.0166392 -0.00894423 -0.00112876 -0.00323386 0.00456883 -0.00484066 -0.00846938 -0.00196217 0.000165695 0.000274945 0.0011297 0.0014418 -0.00316706 -0.000442228 0.000664903 -0.00174687 -0.0104072 -0.000685824 0.00140382 0.00464686 -0.00152557 -0.00821696 -0.00571047 -0.00715994 -0.00407168 0.00750218 -0.000706172 -0.00300492 -0.00509028 0.00175285 -0.00773 -0.00764582 -0.00179436 -0.00108943 -0.00416886 0.00016181 -0.00346897 0.00170755 0.000892175 0.000819796 0.000566726 0.00496597 0.0105106 0.000772867 0.00661256 -0.00688949 
-0.004002 -0.00161745 -0.00331179 0.0674289 0.00384322 -0.00269056 0.000185387 -0.00296265 0.00687043 0.000193377 0.00664752 0.00948534 -0.0114851 0.00475666 -0.00767381 -0.00791017 -0.00226639 -0.000528538 0.00401838 0.00271504 -0.00383948 -0.014201 0.000336987 0.00580009 -0.0053318 -0.00383277 0.000162005 0.0107062 -0.0123316 0.00960919 -0.000531796 0.00619658 -0.00261553 0.00613849 0.00667381 -0.00124403 -0.00129361 -0.00048032 0.000469502 -0.000177458 -0.00661128 9.07457e-05 -0.00252793 0.00324014 -0.00150766 -0.0018211 0.00163126 -0.000396556 -0.0045342 -0.000435813 -8.58406e-05 -0.00193528 -0.00212762 0.00235772 -0.00409787 0.000398895 -0.00168245 0.00153049 -0.000986106 0.00115686 -0.00631287 -0.00143875 3.84669e-05 -0.000711548 0.00107539 -0.000156784 -0.00298989 -0.00052371 -0.00115597 -0.000609913 -0.00209694 0.000464232 -0.00208753 -0.00317504 -0.00549246 0.00249315 -0.00247262 0.00168545 -0.00170559 -0.00362064 -0.000736538 0.000969912 0.000621643 -0.00106623 -0.00150419 -0.0039045 0.000426506 -0.000662069 0.000309305 0.000950033 0.000370604 0.000121708 -0.000517004 -0.00337092 -0.00181005 -0.00222672 -0.00172206 0.00166262 -0.00240846 -0.000275775 
-0.00188128 -4.57485e-05 -0.00296219 0.00384322 0.0770626 0.0018645 0.00651755 0.000933207 -0.003926 -0.000722509 0.000490421 -0.00152943 -0.00349376 -0.000895748 -0.00948539 0.00148914 -0.00188267 -0.00168403 0.00721428 -0.00554807 -0.0041139 -0.00255252 0.00711605 0.00938247 -0.0192412 -0.00193549 0.0047795 -0.0015832 -0.010123 -0.0101218 -0.0047786 0.00643783 0.00396115 0.00486633 0.000564868 -0.0028643 0.00227293 0.00310744 -0.00262223 -0.00201754 0.00288664 0.00141874 0.000111089 0.0030452 -0.00126105 -0.00130512 -0.00283639 0.000325251 -0.0036365 0.00212676 0.000136786 -0.000262047 0.00292349 -6.88646e-05 -0.0026345 -0.00146146 0.000260173 -0.000773441 -0.000468373 4.46332e-05 -0.00842121 -0.00290872 0.000342038 -0.00103949 -0.00167554 -0.00057434 0.00160693 -0.000133635 -0.000801308 0.00123604 -0.00240409 0.000813365 -0.0054926 -0.00295265 -0.00640952 0.000591445 -0.00321372 -0.00270763 -0.00166576 0.00474335 0.000352559 -0.000801359 -0.00256179 -0.00064277 -0.00443287 -0.00275076 0.00353758 0.000599686 -6.95994e-05 0.00281752 0.00169536 -0.00202041 -0.00179803 -0.00358431 0.000275752 -0.00243707 -0.00551829 -0.000209235 -0.000831287 0.00498243 
-0.00043704 -0.00255444 -0.00573756 -0.00269056 0.0018645 0.0954428 -0.00790314 -0.000387396 0.000972358 0.0018839 -0.000515255 -0.00916172 -0.0136177 -0.00462507 -0.00249748 -0.011595 0.00216106 0.00334725 -0.00766235 0.00157305 0.0054575 -0.000840833 0.00764372 0.00426175 -0.00473941 -0.0171804 -0.0106664 -0.00942941 0.00234431 -0.00846833 -0.00341162 0.00251765 -0.00506508 0.0094011 -0.00275451 0.00507621 -0.000985083 -0.000304703 -0.00172601 -0.00210179 -0.00400783 -0.00315817 -0.00034802 -0.00723854 8.40287e-05 3.6681e-05 -0.00242436 4.40999e-05 0.00689713 0.000554617 0.000712873 -0.00249801 -0.00264228 0.000443943 -0.00140849 0.00441937 -0.000777012 -0.000510946 -0.00157748 0.00141974 0.0106171 0.00153734 0.000509809 -0.000386422 0.000740262 -0.00172677 -0.00238088 -0.000229174 -0.00172464 -0.000482487 0.00325302 0.000114435 0.00309405 -0.0014249 -0.00309181 -0.00386082 -0.00267005 -0.00337975 0.00244788 0.00333461 0.00118561 -0.00125977 -0.00251419 0.00086329 -0.00525785 0.00527368 -0.00107485 -0.00119219 0.00166432 0.00166869 0.00010254 0.00112785 -0.00324238 0.00460805 -0.00189877 0.0015166 -0.00124766 0.00083672 0.00073811 -0.00109883 
-0.000143878 -0.00361369 -0.00329876 0.000185387 0.00651755 -0.00790314 0.18048 -0.00254071 -0.00975343 -4.816e-05 -0.00432451 -0.0153989 0.0161029 -0.00424496 -0.0468222 0.00147257 0.0089512 -0.0148206 -0.023398 -0.0314208 -0.00783021 0.0329251 -0.00916512 0.0229628 0.00339319 0.00883103 -0.00400717 -0.0147179 0.021068 0.00541437 0.00574595 -0.00529218 -0.000463223 -0.00501836 -0.00603411 -0.0162517 -0.00319786 0.00125843 0.000572639 -0.0042358 -0.00347733 -0.00878183 0.00695569 -0.0149413 -0.00291482 -0.00553835 -0.00242162 -0.00162761 -0.00365835 0.00291666 0.00138794 0.00571193 0.00384102 0.000674739 0.00691995 -0.00693184 0.00274104 0.000940396 -0.00427391 0.00131094 -0.00188182 0.00835482 -4.6491e-05 0.000373405 -0.00762947 -0.00139291 0.00384432 0.00309489 0.000568446 -0.000313939 -0.00742486 8.75587e-05 -0.000505413 0.00182071 0.00614455 -0.00762848 -0.000517863 -0.012447 -0.00789639 -0.00213132 -0.000147197 -0.00117657 -0.0045595 -0.00174301 -0.00652343 -0.00541572 -0.00287334 0.000155928 -0.00154202 -0.00347048 -0.00280261 -0.00164225 -0.00344161 0.00655563 0.00633742 -0.00848093 0.00723587 -0.00254205 0.0054593 -0.00462519 
-0.003642 -0.000393466 -0.00354426 -0.00296265 0.000933207 -0.000387396 -0.00254071 0.0811145 -0.00454925 -0.000811437 0.000951535 0.00163201 -0.0105483 -0.0021922 -0.00276431 0.00324044 0.00253199 -0.00218058 0.00144876 0.0053674 -0.0111504 -0.0072695 0.00138066 0.00619957 -0.0146977 -0.0105512 0.0137117 0.00282204 -0.00214732 -0.00577605 -0.00280756 0.00368715 -0.00132366 0.00521576 0.00331032 0.00699543 -0.00107931 0.00498962 -0.0011197 0.00205963 -0.0124096 0.000765579 0.00360008 0.00144875 0.000956742 -0.0034782 -0.00431483 0.000195352 -0.00514477 -0.000871036 -0.000475616 0.00172654 0.00145892 0.00075361 -0.00924973 -0.00244804 -0.0037862 -0.000996843 0.000666379 0.000321974 -0.00389887 -0.00248239 0.000130182 -0.000779398 -0.00110374 -0.00070443 0.00106104 -0.0013922 -0.00119064 0.000510607 0.00148046 -0.000236673 0.000264748 0.00334323 0.00205081 -0.00256279 0.00138936 -0.0015544 -0.00344162 -0.00127933 -0.000797678 -0.0010194 -0.00152497 -0.000296933 0.00378854 -6.10111e-05 0.000247647 -0.000150558 0.00266077 0.00117231 0.00226202 -0.000679042 -0.00132427 -0.00130709 -0.00232448 -0.00448464 -0.00825558 0.000554208 0.000359754 -0.000295371 
-0.00991578 -0.00456975 -0.00205376 0.00687043 -0.003926 0.000972358 -0.00975343 -0.00454925 0.153594 0.000826364 0.0120262 0.011533 -0.0264583 0.00287993 0.00425725 0.00751532 -0.00650217 0.00713035 0.0159372 0.0287582 0.0022247 -0.0344057 -0.00561806 0.008596 0.00764386 -0.00247119 -0.00359285 -0.00283 -0.0202469 0.0258322 -0.00522926 0.00175281 -0.00358529 0.00298013 0.00237876 0.0051069 -0.00517904 -0.010021 0.000119828 -0.00154689 0.00346422 -0.00877482 -0.00543221 0.00790711 -0.00354838 -0.0074135 -0.000298534 1.078e-05 -0.00170915 -0.00541812 -0.00121443 -0.00449179 -0.00474631 0.00115019 -0.00386654 -0.00622163 -0.00597937 -0.0065391 -0.00339569 -0.001625 -0.00218094 -0.00703222 -0.00123648 -0.000762335 0.00101362 -0.0023715 -0.00940312 -0.00192292 -0.000746578 -0.00255131 -0.0110056 0.000619354 -0.00952189 -0.0106225 0.00554438 -0.005239 -0.000390569 0.00318104 -0.00136879 0.00272605 0.000206826 0.000164068 0.00384824 -0.0015309 -0.00802267 -0.0083532 0.000769366 -0.00107327 0.00133605 0.00535658 0.000227542 0.000480505 0.00575006 -0.0061528 -0.00828307 -0.00443384 -0.00357247 0.00419746 -0.00944842 -0.00653368 
-0.000571297 0.000473891 -0.000558951 0.000193377 -0.000722509 0.0018839 -4.816e-05 -0.000811437 0.000826364 0.053815 -0.000286482 0.000324434 -0.00361882 0.000943796 -0.00437982 -0.00245257 0.00391384 0.00141155 0.00148073 0.00329454 -0.00144627 -0.0031161 -0.00881947 -0.00628653 -0.0045057 -0.00258594 -0.000587817 -0.00483151 -0.00251167 -0.00107486 -0.00243718 -0.00538569 0.00126896 -0.000955948 -0.00142469 -0.000624065 0.000969792 -0.00141374 0.00154326 -0.00051766 -0.00819905 -0.00310904 -0.00035966 -0.00495793 -0.000743842 0.000893989 -0.00185184 7.08239e-05 -0.00236355 -0.00149254 -0.000314999 -0.00175493 0.00114525 0.000423078 -0.00754275 0.00431632 -0.00131932 -0.00109316 -0.000749498 0.00184091 -0.000714865 -0.00180591 0.000336301 0.00163764 0.00168637 -0.000188833 0.00344588 0.000500505 -5.70641e-05 0.000147748 6.10592e-05 0.000189626 0.00193464 0.00366823 8.52425e-05 6.47118e-05 0.000130827 -0.00222788 -0.00129904 0.002474 0.00176856 -0.000856573 -0.00115842 0.000574095 0.00290018 0.00190899 -0.000289486 -0.000251502 0.000672943 -0.0016133 -0.0009799 -0.000273162 -0.00126238 0.000328801 1.0436e-05 0.00116238 0.00128271 3.65228e-05 0.00367508 -0.000911912 
-0.00300384 -0.0010403 -0.00276499 0.00664752 0.000490421 -0.000515255 -0.00432451 0.000951535 0.0120262 -0.000286482 0.127359 0.0102667 -0.0179716 -0.00582237 -0.000744721 -0.00333224 -0.00442445 0.00392077 -0.00525266 0.00656595 -0.00400605 -0.0248169 -0.00891335 0.00323842 0.001479 -0.010656 -0.000576392 0.0111807 -0.00221857 -0.00293395 0.000290872 0.00628594 -0.00443714 0.00264259 0.00166029 -0.00122019 0.00222238 -0.00152555 -0.0034126 0.00255809 0.00347327 0.00461294 -0.00259587 0.00205975 -0.00398532 -0.00214057 0.002479 -0.00109465 -0.00346648 -0.00129711 -0.00129061 -0.000168306 -0.00138127 0.00209948 -0.00764135 -0.0071631 -0.00304994 0.00174313 -0.000806769 -0.00119035 -0.00378589 0.0012594 -0.000683055 -0.00119137 -0.00113796 -0.00318207 -0.00694384 -0.00384477 -0.00172917 -0.00152126 -0.0160822 0.000367049 0.00483873 -0.00212064 -0.00273821 -0.000298218 0.00322392 0.0092557 -0.00353347 0.00347487 -0.00187321 0.000276087 0.00207932 -0.00229434 -0.00825286 -0.00415806 -0.000591168 -0.000688369 0.00163391 0.0020553 -0.00100053 0.00247919 0.000927465 -0.000274244 -0.00863422 -0.00518653 -0.00432159 -4.03572e-05 -0.0054386 -0.00510728 
-0.00144207 0.0013476 0.00121701 0.00948534 -0.00152943 -0.00916172 -0.0153989 0.00163201 0.011533 0.000324434 0.0102667 0.139881 -0.0221178 0.00323924 -0.000561681 0.00755481 -0.00297412 0.0164942 -0.00568472 -0.0112247 0.00604172 -0.0251113 0.00574219 -0.00732884 -0.00915724 -0.00721534 -0.00791821 0.0029024 -0.010261 -0.00740421 -0.00436316 0.0127152 -0.00540999 0.00176171 0.0154023 0.00386297 0.000624709 -0.00618958 -0.000774467 -0.000227329 0.00416491 -0.00140491 0.00462168 0.0132735 -0.00344706 -0.00523837 -0.00313804 0.000128155 -0.00705937 -0.000861886 0.000366807 -0.00548322 -0.00434681 -0.000329403 -0.00351698 0.00973226 -0.00522954 -0.00164861 -0.000870568 -0.00315529 -0.00815091 -0.00292845 -0.000617627 -0.00276909 -0.00336734 -0.00107973 -0.00236972 -0.00246524 -0.000197835 -0.00266842 -0.0111947 -0.000147311 -0.00498238 -0.00320271 -0.00998357 0.00144299 0.00152414 0.0133872 -0.00687387 0.000893135 -0.00322632 0.00162826 0.00108573 -0.00291559 -0.00659188 -0.0014707 0.000276382 -0.00316482 -0.00201683 0.00357584 0.00210148 0.00501399 0.00117363 -0.00228352 -0.00862878 -0.00379871 -0.00653086 -0.00263614 -0.00337415 0.000404079 
0.00715184 0.00507222 0.0158129 -0.0114851 -0.00349376 -0.0136177 0.0161029 -0.0105483 -0.0264583 -0.00361882 -0.0179716 -0.0221178 0.215202 0.00807957 -0.0226178 0.0115262 -7.59874e-05 -0.0455331 -0.0181492 -0.0243767 -0.0103016 0.0174054 -0.0119776 -0.026705 0.0271543 0.0154741 -0.00599292 -0.00722024 0.0189155 -0.00501879 -0.00735952 0.00370895 0.00512832 -0.0167659 -0.00420237 -0.0174669 -0.00305865 -0.0024781 -0.000277089 -0.00227267 -0.00572089 -0.000523208 -0.00379118 -0.000584299 0.00274508 0.0028665 0.00146518 -0.00214454 0.00454879 0.000213867 -0.00165921 0.00827089 0.00103639 -0.00266821 0.0297042 -0.0111388 0.0104341 0.00225771 -0.00520805 -0.00561919 0.00882324 0.019848 -7.0973e-05 0.0031345 0.00499235 0.000793646 0.00631998 -0.00081457 0.00156949 -9.72596e-05 -0.00342103 -0.000718773 -0.0126935 -0.000467385 -0.005393 -0.00237481 -0.0066816 -0.0125414 -0.0207871 -0.00567552 0.00303608 -0.00297697 -0.00763471 -0.00114507 -0.00503158 0.000201752 -0.00425432 0.00183527 -0.00737067 -0.00902019 -0.00819559 -0.00120913 0.00877824 -0.00146505 0.0059664 -0.000239641 0.00400532 -0.0044197 0.00153972 0.00379749 
-0.00614711 0.00383657 0.00690632 0.00475666 -0.000895748 -0.00462507 -0.00424496 -0.0021922 0.00287993 0.000943796 -0.00582237 0.00323924 0.00807957 0.111727 -0.00455473 0.0014999 -0.000125538 -0.0134682 -0.0043388 -0.00851025 -0.00363754 0.00297351 -0.00680417 -0.00449356 -0.0250463 0.00582621 0.000162597 0.00493701 -0.0168205 -0.0046878 -0.00789113 -0.00667759 0.000305127 -0.00526501 -0.000673658 0.00115011 -0.00576511 0.00206745 0.00233712 0.000342132 -0.00947127 -0.00528367 -0.00600295 0.00212103 -0.000988221 0.00227686 0.00805117 0.00134144 -1.52276e-05 0.00165248 0.000116145 0.000582087 -0.000832126 -0.00129493 0.00440908 -0.000191798 0.00529589 0.00133588 2.47053e-05 0.00183174 -0.0034914 -0.00248282 0.00116109 0.00124618 -0.00168498 0.00125795 -0.00121697 -0.00224786 0.00076138 -0.000248254 0.00724282 -8.54564e-05 0.00232974 0.000249314 -0.0107572 -0.0033349 -0.00365099 -0.00395083 -0.00218814 0.0014856 0.00344514 -0.000369153 -0.00355513 1.45311e-05 -0.0023769 -0.000642583 -0.00129415 -0.000101228 0.00248382 -0.00109543 0.0019186 -0.00207429 -0.00409605 -0.00359984 0.00620215 0.000780496 -0.00130285 -0.000952257 -0.00174978 0.0017293 
0.00199489 -0.000403398 -0.00711121 -0.00767381 -0.00948539 -0.00249748 -0.0468222 -0.00276431 0.00425725 -0.00437982 -0.000744721 -0.000561681 -0.0226178 -0.00455473 0.238099 -0.0295492 -0.0152465 0.0035359 0.0224828 0.009708 -0.00153107 0.0119058 0.00266295 -0.0422294 0.0240504 0.0228803 -0.0286207 -0.0012506 -0.0294386 0.00299738 0.00132871 -0.0205011 -0.00737986 -0.0110758 0.000135798 -0.00440435 -0.00488235 -0.00900435 -0.00024267 -0.00102929 -0.00777509 0.00378044 -0.00580879 0.0279271 0.00137934 -0.00315027 0.0107936 -0.00262663 0.00401184 0.00293882 -0.00340169 -0.016355 -0.00725381 -0.0041157 -0.0100315 -0.00541725 -0.00312384 -0.00367891 0.000741736 -0.00266324 0.0116857 -0.00593464 -0.00145381 -0.00346621 -0.000321944 -0.000520563 -0.00924591 -0.00409552 0.00290179 0.00411185 0.0161449 -0.00129816 0.0127676 -0.0159884 0.0104796 0.00945463 -0.00501697 -0.00709844 0.0166413 0.00769138 -0.00437027 -0.00183144 0.010943 0.000237076 -0.00319093 0.00331997 -0.00186653 -0.00115193 -0.00689229 -0.00314704 -0.00454136 0.000260187 0.00116248 -0.0108829 -0.0165472 0.0113922 -0.00943004 -0.00529985 -0.00136763 -0.000440914 
0.00493537 0.00714034 0.0108506 -0.00791017 0.00148914 -0.011595 0.00147257 0.00324044 0.00751532 -0.00245257 -0.00333224 0.00755481 0.0115262 0.0014999 -0.0295492 0.218723 -0.00416606 -0.00559531 -0.0156449 0.0110648 -0.020039 -0.0243168 -0.00314278 -0.0253638 0.00464665 0.0197442 -0.00905217 -0.00676586 0.00769948 0.0115266 -0.0159451 -0.00505359 -0.00128258 -0.0132211 0.00303 0.00341038 -0.00146709 -0.00404014 -0.00432453 0.00107836 0.00966505 -0.0110184 0.00032853 0.00274123 0.00238983 0.000762095 -0.00748519 -0.00124503 -0.0106641 -0.00477031 -0.00307271 -0.00860338 0.00166613 -0.00401808 0.0134845 0.00447117 -0.000563148 -0.00461571 0.0104713 -0.00753393 -0.0241636 -0.000870376 0.000416057 -0.00137244 -0.00712709 -0.00296288 -0.00223211 0.000110093 -6.58443e-06 -0.00328268 -0.0113886 0.000623754 0.00219043 0.00250216 -0.0155726 -0.0121423 9.19769e-06 0.00352596 -0.00894582 -0.0106195 0.00141145 -0.000413087 -0.00574324 -0.00141596 0.00206649 -0.0105625 8.28857e-05 -0.000685631 -0.00791729 0.000225112 0.00326229 -0.00269675 0.00878371 0.0127709 -0.00288585 -0.00162894 0.00182576 -0.0023537 -0.00269777 -0.00639746 
0.000743063 -0.000797237 -0.000724288 -0.00226639 -0.00188267 0.00216106 0.0089512 0.00253199 -0.00650217 0.00391384 -0.00442445 -0.00297412 -7.59874e-05 -0.000125538 -0.0152465 -0.00416606 0.103767 -0.00498018 -0.0328852 -0.00618423 -0.0148535 -0.00145042 -0.00263757 0.0105375 0.00329076 -0.0055562 -0.00288506 -0.00796884 0.0141238 -0.00737219 0.00734218 -0.00200365 -0.00333499 -0.00646613 -0.00457797 -0.00406912 -0.000490834 0.00169968 0.00258547 0.000363221 -0.0168087 -0.00207398 -0.00350175 -0.000815167 -0.00212346 -0.00135724 0.000398517 0.000772503 -0.00612104 -0.00101319 0.00204847 0.00216831 -0.00216715 0.0025691 -0.0073321 -0.00328097 0.000439166 0.00592401 -0.00450087 0.00094341 -0.000192713 -0.000474489 0.000920479 -0.000295813 -0.000839969 0.00354429 0.00142618 0.000429955 -0.000643534 -0.00106094 0.00431163 0.00145822 -0.000983535 0.0137951 -0.00297186 -0.00580609 0.00459641 -0.00456454 -0.00238652 -0.00551872 0.00426663 0.000543054 -0.0059333 0.00126712 0.00342516 -0.000290167 -0.00135462 0.00137762 -0.00104145 -0.00155853 0.000866453 0.00592619 0.00131325 0.00373893 -0.00373772 -0.000627496 0.00492739 0.00021811 0.00350947 -0.000857175 
-0.000603165 0.000815001 -0.0311134 -0.000528538 -0.00168403 0.00334725 -0.0148206 -0.00218058 0.00713035 0.00141155 0.00392077 0.0164942 -0.0455331 -0.0134682 0.0035359 -0.00559531 -0.00498018 0.249922 0.00472744 -0.00496566 0.00822254 -0.00965896 0.0138542 0.0230172 0.00507341 -0.0309243 -0.0325871 0.010822 -0.00949865 -0.0240292 0.012728 -0.0100171 -0.00498188 0.0078913 0.00168966 0.00671594 0.00678154 -0.00358088 -0.00387128 -0.00278626 0.0395185 0.0178474 -0.00142503 -0.0101391 0.0030885 -0.00630314 -0.0170725 -0.00268149 -0.0256127 -0.00895224 0.000313429 -0.0311586 -0.000542499 -0.000619788 -0.00355058 0.00939801 -0.00809772 -0.00796307 -0.00122258 0.000743535 -0.00208738 -0.0156598 -0.00240486 -0.00389446 -0.017142 -0.00354387 -0.00576953 -0.00526975 -0.00485812 -0.00197091 0.00521757 0.000190564 0.00276216 -0.00191167 -0.0123969 0.0071776 -0.00981248 0.0268651 0.0165399 -0.00750581 -0.0085707 -0.00111448 0.00241875 -0.00690861 -0.00253987 0.0107452 -0.000687257 -0.00205079 0.00372763 -0.000696162 0.00456199 -0.00389909 -0.00119376 0.00405625 -0.00628019 -0.00906506 -0.00748532 -0.00873808 0.00206203 -0.0091286 
-0.0138284 -0.00136001 -0.0167087 0.00401838 0.00721428 -0.00766235 -0.023398 0.00144876 0.0159372 0.00148073 -0.00525266 -0.00568472 -0.0181492 -0.0043388 0.0224828 -0.0156449 -0.0328852 0.00472744 0.249594 0.043014 0.0292374 -0.0177765 -0.00559192 -0.0263606 -0.033187 -0.00410344 0.0225864 0.00555287 -0.0339456 0.00185839 -0.0181717 -0.0259174 -0.000359214 0.0186204 -0.00465151 0.00182989 -0.00442756 0.00165626 -0.00193677 -0.00358466 0.00478834 0.00455778 -0.000916748 -0.00917922 0.000645108 -0.00435253 -0.0085103 -0.00115662 0.00233591 0.00244614 -0.0013417 -0.00977904 0.00181841 0.000454093 -0.000846472 0.0151788 -0.00885486 -0.0107486 0.00644775 -0.00285356 -0.00700639 0.00367665 9.75654e-05 -0.00616892 0.0150623 -0.00115811 0.00328207 0.0022774 -0.00716149 0.000446303 0.000801696 -0.00218166 -0.00217632 -0.0192771 -0.0144213 0.00531196 -0.00737953 -0.0139721 0.0047027 0.0102319 -0.00592746 -0.00247781 0.00819599 -0.000860296 0.00549908 0.00653054 0.00220486 -0.00126977 0.00382319 -0.00695778 -0.00317328 -0.0201798 -7.52385e-05 -0.0202522 -0.00496651 0.00214642 -0.00414706 0.00277636 -0.0122071 -0.000134509 
-0.00652154 7.74157e-05 -0.0188653 0.00271504 -0.00554807 0.00157305 -0.0314208 0.0053674 0.0287582 0.00329454 0.00656595 -0.0112247 -0.0243767 -0.00851025 0.009708 0.0110648 -0.00618423 -0.00496566 0.043014 0.238163 -0.0131835 -0.0423405 -0.00209776 -0.0208955 -0.00310644 -0.0274753 0.022446 -0.00913928 -0.0113087 0.0403343 -0.00382503 -0.00162647 -0.0107407 0.00619658 -0.00810633 0.00769461 -0.000686461 0.00380063 -0.00295212 0.000272593 -0.0130768 0.0004424 -0.00857405 -0.0051888 0.00289569 -0.00496147 0.00281511 0.000530056 -0.0150648 0.00234385 -0.001068 -0.0067852 -0.00432814 0.00291317 -0.0353335 -0.0153376 -0.00985321 -0.00300466 -0.00449464 0.00660867 0.00925803 -0.00792856 -0.000498668 0.000540809 -0.00219248 -0.00261273 -0.02307 -0.0007456 -0.00466821 -0.00484677 -0.012027 -0.000222416 -0.000751373 0.00127907 0.0104156 -0.000551141 0.00656808 -0.02108 0.000967187 -0.00199129 0.00260882 -0.000982327 0.00187437 0.00170462 0.0062847 -0.00844908 0.00373202 0.0013098 0.00385134 0.0106465 0.00303992 -0.00302052 0.00303364 -0.0118163 0.00583486 0.00302644 -0.0112955 0.00751839 -0.0152664 0.00309983 
-0.00030424 -0.00646739 -0.00125053 -0.00383948 -0.0041139 0.0054575 -0.00783021 -0.0111504 0.0022247 -0.00144627 -0.00400605 0.00604172 -0.0103016 -0.00363754 -0.00153107 -0.020039 -0.0148535 0.00822254 0.0292374 -0.0131835 0.165569 -0.00265412 0.0258893 0.0122313 -0.0031808 -0.00926893 -0.019079 0.00749377 -0.0235463 -0.00644881 -0.00298719 -7.28855e-05 -0.00576515 0.00204524 0.00286327 0.0016235 -0.00091898 -0.00910227 -0.00821841 -0.0044117 0.0259979 -0.00248929 0.00404702 0.00609882 -0.00317283 0.00170361 0.00263648 -0.000380591 -0.000300384 -0.00585016 -0.00365682 -0.0172743 -0.00663198 -0.00208111 0.00455818 0.0143988 0.000789921 -0.0081409 -0.00597333 0.000652462 0.00660164 0.00768911 -0.00249303 -0.00123903 -5.39745e-05 -0.0057234 0.00302363 -0.00354845 -0.00187006 0.000420021 0.00284887 -0.00217728 0.00299147 -0.00547037 -0.000606063 -0.000130402 -0.00836768 0.000133133 0.0040812 0.0111185 -0.0050307 -0.00190424 0.000658919 -0.00336747 -0.00865021 -0.00303262 -0.00222537 -0.00412989 -0.00444489 0.00252007 -0.00390205 -0.00229202 -0.0102291 -0.0131403 -0.00668381 0.00165399 -0.00975714 -0.00445538 0.00129617 -0.0043332 
-0.00382923 -0.00371878 -0.00541761 -0.014201 -0.00255252 -0.000840833 0.0329251 -0.0072695 -0.0344057 -0.0031161 -0.0248169 -0.0251113 0.0174054 0.00297351 0.0119058 -0.0243168 -0.00145042 -0.00965896 -0.0177765 -0.0423405 -0.00265412 0.245559 -0.0339292 0.00753768 -0.028978 0.0067258 0.00483757 -0.0261051 0.0203548 -0.0221161 0.00376117 -0.0152798 -0.00673455 -0.0117195 -0.00380647 -0.0153803 -0.0081397 0.00959132 0.00381445 -0.00442218 -0.00320368 0.00118675 -0.000812287 -0.00600278 0.00400789 -0.00487887 -0.0124799 -0.00177382 0.0302954 0.000869654 0.00386239 0.0161469 0.00752073 -0.00509774 0.0111134 -0.00201636 0.00269541 0.00302563 -0.00397416 -0.00113757 0.00285532 -0.00551007 -0.00134224 -0.00356714 -0.00535107 0.00163358 0.00407256 0.000318963 0.0066532 0.000422189 0.0362014 -0.00293091 -0.00831296 -0.00452808 0.0080449 0.00946791 -0.0041605 -0.0201921 0.00397247 -0.0135082 0.00135617 -0.00194089 -0.00622542 0.00134686 -0.00182963 0.00815753 -0.00187858 -0.000923521 -0.00121634 -0.00319588 -0.00117363 -0.00868522 -0.0056321 -0.00193525 0.0160127 -0.00600361 0.0149389 -0.00826366 5.15982e-05 -0.00385007 
-0.00360712 0.0014963 -0.0111787 0.000336987 0.00711605 0.00764372 -0.00916512 0.00138066 -0.00561806 -0.00881947 -0.00891335 0.00574219 -0.0119776 -0.00680417 0.00266295 -0.00314278 -0.00263757 0.0138542 -0.00559192 -0.00209776 0.0258893 -0.0339292 0.213892 0.0106164 0.0106773 -0.00395722 -0.0129334 0.0102801 -0.0347854 0.00222588 -0.00430227 0.018982 -0.00121212 -0.00587717 0.00259657 0.0063472 0.00432971 -0.011623 -0.0109521 -0.00113257 0.0233949 -0.0148488 0.00792154 -0.00150261 -0.00407891 -0.00763757 -0.00441382 -0.000432324 -0.00824301 -0.00593388 -0.0056451 -0.0207044 -0.00302488 0.001548 -0.00909281 -0.00084758 -0.0035238 -0.00144092 -0.00458183 0.00470063 0.00886213 -0.00672508 0.000229167 -0.000842268 -0.00884297 0.000136104 -0.0021547 -0.00528102 -0.00306799 0.00144991 -0.00613444 -0.000287186 -0.00310597 -0.00852456 0.00781862 -0.00215499 -0.00337061 0.00420906 0.00661031 0.00207747 -0.0052944 -0.00373848 -0.00122711 -0.00331539 0.000389686 -0.00682664 -0.00389172 -0.00124531 -0.00151744 -0.00254186 -0.0022344 0.00349974 -0.015605 -0.00523068 -0.0142488 0.00334083 -0.010221 -0.00453655 0.0021209 0.00399854 
-0.00904391 -0.00505974 -0.0261026 0.00580009 0.00938247 0.00426175 0.0229628 0.00619957 0.008596 -0.00628653 0.00323842 -0.00732884 -0.026705 -0.00449356 -0.0422294 -0.0253638 0.0105375 0.0230172 -0.0263606 -0.0208955 0.0122313 0.00753768 0.0106164 0.23265 -0.0263469 -0.0436147 0.000170265 0.00528914 -0.00693732 -0.0185283 0.0198412 0.0151027 -0.00402191 0.0196883 0.00449248 -0.0041201 0.000435242 0.0139681 -0.00586297 -0.00369494 -0.0136331 0.0051333 0.00360464 -0.00198605 -0.00405163 -0.00947076 -0.016443 -0.00252126 0.00147892 -0.00722527 0.00106559 -0.00297335 0.000657888 -0.000315759 -0.0214763 0.0139113 -0.000904504 0.00516392 -0.0125589 0.00725454 -0.000521595 -0.0026351 -0.00178128 -0.00146497 -0.0142112 -0.00358399 -0.00167459 -0.000109393 -0.00680774 -0.00296572 0.00261957 0.000129245 -0.0151599 0.00279256 -0.00676004 -0.00627806 -0.000443025 0.00937279 0.000769624 0.00646417 0.000116233 -0.00172333 -0.0107674 -0.000764054 -0.00580111 -0.00975976 8.72989e-05 0.000435605 0.00420173 0.015766 0.00781632 0.00915654 -0.0101637 -0.00508268 0.00176137 -0.0128519 -0.0100186 -0.00147207 -0.000587712 0.00416775 
0.00826805 -0.00160011 0.0153646 -0.0053318 -0.0192412 -0.00473941 0.00339319 -0.0146977 0.00764386 -0.0045057 0.001479 -0.00915724 0.0271543 -0.0250463 0.0240504 0.00464665 0.00329076 0.00507341 -0.033187 -0.00310644 -0.0031808 -0.028978 0.0106773 -0.0263469 0.241421 0.0279635 -0.0378972 0.00901409 0.0263837 0.0185992 -0.0031634 -0.0101894 -0.00451038 -0.0154084 -0.00657767 -0.0137722 0.00154822 -0.0313039 0.00021755 0.00181248 0.0124658 0.00911256 -0.00263035 0.0110428 -0.00253335 -0.000820557 0.0122715 -0.00385987 -0.0124359 -0.00576963 -0.00530523 -0.014311 -0.0113292 0.00160793 0.00857713 -0.0230611 -0.000634442 -0.00628133 -0.00651844 -0.0129898 0.00958337 0.00825521 -0.00182431 0.00310808 -0.00494592 -0.00411164 0.0051058 -0.00323189 -0.00265563 -0.00266343 -0.018072 -0.000432806 -0.00298634 -0.000916377 0.00852535 -0.00968142 0.00464067 0.00180689 -0.00408406 -0.0108958 -0.00837001 -0.000651199 0.00100804 -0.00558746 -0.0184664 -0.0093532 -0.00460545 -0.00193606 -0.0133605 -0.00483649 -0.00509208 0.0104367 0.00848784 -0.000587639 -0.0163685 0.000642013 0.0117991 -0.00380358 0.00855171 -0.00508846 
0.00057664 0.00750951 0.0270969 -0.00383277 -0.00193549 -0.0171804 0.00883103 -0.0105512 -0.00247119 -0.00258594 -0.010656 -0.00721534 0.0154741 0.00582621 0.0228803 0.0197442 -0.0055562 -0.0309243 -0.00410344 -0.0274753 -0.00926893 0.0067258 -0.00395722 -0.0436147 0.0279635 0.240575 -0.0169227 -0.002338 0.00999451 0.0242159 -0.0074884 -0.0220272 0.010301 -0.0290452 -0.013366 -0.021484 0.0027625 -0.00982455 0.00295366 0.00098316 -0.026823 -0.00257705 -0.00768433 0.0189678 -0.00477251 0.00384911 0.00821956 7.00496e-05 0.0031052 0.00988845 -0.00165966 0.00682664 -0.012062 -0.00258633 0.0100002 -0.0140558 0.00770661 -0.00580877 0.00720091 -0.0104543 -0.0117353 0.00124337 0.000399333 0.000209271 0.000118912 0.000562417 0.00238244 0.00529757 0.000263178 -0.000262637 -0.0136842 -0.000671262 -0.00943579 -0.00374286 -0.00406153 -0.00850433 -0.00319652 -0.0170123 -0.0136518 -0.00173728 -0.00114381 -0.00276166 0.00422508 -0.00178496 -0.00763936 -0.00871985 -0.00391613 -0.00114822 -0.00543422 -0.00395515 -0.00438689 -0.00430734 -0.00549421 0.00206765 -0.00956368 0.00419329 -0.000958675 0.00403309 0.0036969 0.00227775 
-0.00945013 -0.000654625 -0.00381735 0.000162005 0.0047795 -0.0106664 -0.00400717 0.0137117 -0.00359285 -0.000587817 -0.000576392 -0.00791821 -0.00599292 0.000162597 -0.0286207 -0.00905217 -0.00288506 -0.0325871 0.0225864 0.022446 -0.019079 0.00483757 -0.0129334 0.000170265 -0.0378972 -0.0169227 0.16706 -0.00213114 0.00631916 0.00647911 -0.00505142 0.00639997 0.00416503 0.00293668 -0.0050062 0.000202806 -0.00383365 0.0152231 0.00415715 0.00325394 -0.00646431 -0.00319208 0.000895778 -0.0109323 -0.00328666 0.00142953 -0.0120076 0.00181367 0.000102374 0.000726373 0.000101861 0.0194447 0.0126382 -0.000736536 -0.0125541 -0.0153639 -0.00240983 0.00139546 8.68426e-05 0.00162208 -0.00503494 -0.0105448 -0.000299125 0.000448561 0.00428416 -0.00194698 0.00111738 -0.00130572 -0.000728472 -0.00272257 -0.0115301 0.000438096 -0.0115489 0.00174057 0.00513586 0.00260384 0.00785219 -0.0180718 -0.0111274 -0.00117571 0.00202645 0.000609037 0.000950925 0.00300779 0.00599822 -0.00651528 0.0050455 7.71204e-05 0.00206591 -0.000627213 0.00172079 -0.00454335 -0.000199074 -0.00347452 0.0161792 -0.002828 -0.00372804 0.00650343 -0.00703326 0.0020812 
-0.000359022 -0.000180678 -0.00257597 0.0107062 -0.0015832 -0.00942941 -0.0147179 0.00282204 -0.00283 -0.00483151 0.0111807 0.0029024 -0.00722024 0.00493701 -0.0012506 -0.00676586 -0.00796884 0.010822 0.00555287 -0.00913928 0.00749377 -0.0261051 0.0102801 0.00528914 0.00901409 -0.002338 -0.00213114 0.170305 -0.0123471 -0.00682473 -0.0121088 0.00761518 0.00263632 0.00633061 -0.0014106 -0.00124434 0.00502179 -0.00306149 -0.00649829 -1.67221e-05 0.00807625 0.00234495 -0.00743721 0.00654813 -0.00213591 -0.00219164 -0.00508215 -0.000615938 -0.00999635 0.00174231 -0.000628847 -0.00763956 -0.00501395 0.00310775 -0.0150214 -0.00393147 0.0022391 0.00344066 0.00384163 -0.00295341 -0.0104909 -0.00955653 -0.000388587 -0.00105107 -0.00168761 -0.0014613 -0.00464476 0.00128695 -0.00265462 -0.00152646 -0.00755333 -0.000754104 -0.000825236 -0.00362359 -0.0147856 0.00781335 0.00372601 0.0230322 -0.00732017 -0.00971292 -0.00700556 0.00148735 0.000794545 -0.00179348 -0.00319654 -0.0111267 0.00100761 0.00195442 3.91114e-05 -0.00169627 0.0037116 -0.00153939 -0.00318702 -0.0116441 -0.0081385 -0.00181644 -0.0177113 -0.00145227 0.00678758 -0.00195973 
0.00714693 -0.00097932 0.0140688 -0.0123316 -0.010123 0.00234431 0.021068 -0.00214732 -0.0202469 -0.00251167 -0.00221857 -0.010261 0.0189155 -0.0168205 -0.0294386 0.00769948 0.0141238 -0.00949865 -0.0339456 -0.0113087 -0.0235463 0.0203548 -0.0347854 -0.00693732 0.0263837 0.00999451 0.00631916 -0.0123471 0.219864 -0.0101092 -0.0115757 -0.00450343 -0.00336898 -0.00245081 -0.0103591 -0.00449152 -0.00908775 -0.00358394 0.00803081 -0.000312907 -0.0119257 -0.00277449 -0.00734535 -0.0148496 -0.000731947 0.00472843 0.00604079 -0.00264854 0.0130184 0.0046954 -0.00069094 0.00398781 0.00404898 0.00142448 0.0174136 -0.00391757 -0.00455297 0.00040564 -0.000864326 -0.00442793 -0.00553305 0.00317101 -0.00162811 -0.00267321 -0.00871911 -0.00173422 0.00199573 0.00127845 -0.00499825 -0.0048594 0.00644594 -0.00142011 -0.0103813 0.0109872 -0.00944556 -0.0131701 0.00379249 -0.00611121 -0.0136135 -0.025154 -0.00728266 0.000840319 -0.0097744 -0.000382388 -0.00256379 0.00181298 -0.00148153 -0.00232905 -0.00637232 -0.00193397 -0.001508 -0.00293547 0.0042006 0.0159462 -0.00182902 -0.00168679 0.0175292 -0.00132458 0.0108785 -0.00609017 
-0.00633231 -0.00592697 -0.00632087 0.00960919 -0.0101218 -0.00846833 0.00541437 -0.00577605 0.0258322 -0.00107486 -0.00293395 -0.00740421 -0.00501879 -0.0046878 0.00299738 0.0115266 -0.00737219 -0.0240292 0.00185839 0.0403343 -0.00644881 -0.0221161 0.00222588 -0.0185283 0.0185992 0.0242159 0.00647911 -0.00682473 -0.0101092 0.183955 -0.000676442 0.0063007 -0.00691819 -0.00732763 0.00342514 -0.00585021 -0.00901187 -0.0140488 0.00218338 0.00199051 -0.00401878 -0.00665126 0.00504505 -0.00816963 -0.00055497 0.00522691 0.00188299 0.000447092 0.00060544 -0.00670611 0.00205535 0.000569974 -0.0082339 0.00169697 -0.00269387 -0.00978606 -0.000291184 -0.00764537 -0.00399142 -0.000529171 -0.00424145 5.73178e-06 -0.000121751 0.00655256 -0.000961392 -0.00427505 -0.00324282 0.000597082 0.00247709 -0.00119894 -0.0100006 -0.00135398 -0.00526574 -0.0129874 0.00286768 -0.00503584 0.0032028 -0.0122603 -0.00953608 -0.00382686 0.000997035 0.00113956 0.000983588 -0.00507953 -0.00690795 -0.00994112 4.61867e-05 -0.00144193 -0.0057046 0.00226652 -0.000784053 -0.000831596 -0.00326656 0.00013937 -0.00937022 -0.00181146 0.00984938 0.000507594 -0.00998714 -0.00407516 
0.00119346 -0.00426583 -0.0167647 -0.000531796 -0.0047786 -0.00341162 0.00574595 -0.00280756 -0.00522926 -0.00243718 0.000290872 -0.00436316 -0.00735952 -0.00789113 0.00132871 -0.0159451 0.00734218 0.012728 -0.0181717 -0.00382503 -0.00298719 0.00376117 -0.00430227 0.0198412 -0.0031634 -0.0074884 -0.00505142 -0.0121088 -0.0115757 -0.000676442 0.130338 0.0101875 0.000112601 -0.00090885 -0.00507525 -0.00890072 -0.000234284 -0.00124714 -0.00293734 -0.000972233 0.0117691 0.00700028 0.00267927 -0.00417048 0.00555017 -0.00475188 -0.0104574 -0.00155119 -0.000374836 0.00111885 0.000664751 -0.00115531 -0.0015673 -0.000939958 -0.00103706 -0.00875073 0.0018049 -0.00336772 -0.00488529 0.00320926 0.000410582 -0.00586468 -0.000405018 0.00074419 0.00299418 0.00272072 0.00177883 -0.00128115 -0.00134432 0.00508638 -0.00456568 0.000222174 -0.00585901 -0.00354159 0.00115146 -0.00370066 -0.00331393 -0.00312335 -0.00374135 -0.0043218 0.00172249 -0.000205381 -0.000110164 -0.00253703 0.0134131 -0.00173495 -0.000290114 -0.000481458 0.000468313 0.00653068 -0.00185583 0.00290689 -0.000390163 0.0040078 -4.68115e-05 -0.00570952 -0.00804859 -0.00183456 -0.00334736 0.00525114 
-0.00511209 -0.00455526 -0.0107929 0.00619658 0.00643783 0.00251765 -0.00529218 0.00368715 0.00175281 -0.00538569 0.00628594 0.0127152 0.00370895 -0.00667759 -0.0205011 -0.00505359 -0.00200365 -0.0100171 -0.0259174 -0.00162647 -7.28855e-05 -0.0152798 0.018982 0.0151027 -0.0101894 -0.0220272 0.00639997 0.00761518 -0.00450343 0.0063007 0.0101875 0.160986 -0.00818118 0.0107066 0.00343458 -2.28022e-06 -0.00530375 0.00263338 -0.00200691 -2.20002e-05 0.00752964 0.000408675 -0.00114206 0.00694411 -0.00323868 -0.00159683 -0.00883773 -0.000126521 -0.0060874 0.00211554 0.00112693 0.00624204 -0.0022695 -0.000271805 -0.0112833 -0.0106948 -0.00266663 0.00228355 -0.00581172 0.00182577 0.000885501 -0.00532324 -0.000786967 -0.000667419 -0.00285353 -0.00361853 -0.00931039 0.00101695 -0.00323844 -0.000208941 -0.00932997 -0.000838683 -0.00529916 -0.00942679 0.00140214 -0.000592485 -0.00124225 0.00692967 -0.00800787 -0.00873645 -0.00204249 0.00279189 0.000497853 -0.00370811 -0.00115437 -0.00609558 0.000149891 -0.00183762 -0.0037905 0.00410863 0.00137788 0.00357294 -0.00715231 0.00224913 -0.0041352 -0.00447428 -0.0118677 0.000773096 -0.00551746 0.00592497 
-0.000783628 0.00193615 0.00268246 -0.00261553 0.00396115 -0.00506508 -0.000463223 -0.00132366 -0.00358529 0.00126896 -0.00443714 -0.00540999 0.00512832 0.000305127 -0.00737986 -0.00128258 -0.00333499 -0.00498188 -0.000359214 -0.0107407 -0.00576515 -0.00673455 -0.00121212 -0.00402191 -0.00451038 0.010301 0.00416503 0.00263632 -0.00336898 -0.00691819 0.000112601 -0.00818118 0.0806828 -0.00417351 -0.00413372 -0.00365509 0.00600073 0.00305881 -0.00145649 0.00117305 0.00555823 -0.000863415 0.00105473 -0.00475822 -0.000984501 0.00288731 -0.00357578 0.000138134 -0.00441475 -0.00205865 -0.000458229 0.00636457 0.000491579 -0.000218037 -0.00495311 -0.00275031 0.00141888 0.00205585 0.00105617 0.00173169 -0.00686881 -0.00285678 -3.48203e-05 -0.000100066 -0.00218215 -0.000594714 0.0102354 -0.000526833 0.0019186 -4.93671e-05 -0.00293567 0.000924938 -0.00794465 0.00205787 -0.00123805 -0.00313356 0.000791482 0.00418296 0.000907724 -0.00026993 0.000434234 0.00114514 3.8001e-05 5.11596e-05 -0.00228191 -0.00371948 -0.000535423 -0.0005165 -0.00174241 -0.00106513 0.000682246 -0.000822665 -0.000591725 -0.00193606 0.00221598 0.00717658 -0.00396357 0.000742381 -0.00045318 -0.00238177 
-0.00476095 -0.00152101 -0.00834507 0.00613849 0.00486633 0.0094011 -0.00501836 0.00521576 0.00298013 -0.000955948 0.00264259 0.00176171 -0.0167659 -0.00526501 -0.0110758 -0.0132211 -0.00646613 0.0078913 0.0186204 0.00619658 0.00204524 -0.0117195 -0.00587717 0.0196883 -0.0154084 -0.0290452 0.00293668 0.00633061 -0.00245081 -0.00732763 -0.00090885 0.0107066 -0.00417351 0.108674 -0.0013275 0.00619155 0.00156709 0.00595005 -0.00274719 0.000357445 -0.00903586 0.000314442 -0.00241198 -0.00227896 -0.0020404 -0.00352133 -0.00707362 -0.000644088 -0.00343084 0.00192445 0.00139179 -0.00475 -0.000910983 -0.000113569 -0.00819088 0.0022944 -0.00380135 0.00157167 -0.00199678 0.000652779 -0.00759803 -0.00272462 -0.000627784 -0.00120557 -0.00333993 -0.000253881 -0.00387526 0.00163823 -0.00341108 -0.00107496 -0.0114572 -0.000492574 0.00385693 -0.00552638 -0.00752268 0.00296649 -0.003378 0.00538194 0.00196597 0.00530305 0.00268642 0.00227658 -0.00261568 0.000656233 0.00158953 0.00555385 -0.000516169 -0.0017374 0.00266285 0.00255954 0.00134887 -0.00297987 -0.00448444 0.000859676 0.00426088 -0.00287878 -0.0103123 0.00264231 -0.000694838 -0.00323169 
