0.0267937 0.000128045 -0.000163593 9.81147e-05 -0.000937549 -0.000643584 -0.00154867 0.000607278 0.00116686 0.00122828 -0.00145702 -0.00175245 -0.00134685 0.00227681 -0.000304672 -0.00190546 -0.00645522 0.000609337 0.00280708 -0.00354999 0.000395252 -0.00425775 0.00240882 -0.00147949 0.000819509 -0.00164551 0.00569489 0.00123664 -0.00470757 0.00158511 0.000674218 0.000814773 3.20496e-05 -0.00131388 0.000687492 -6.08139e-05 -0.000483726 -0.0018763 -0.00471081 -0.00211747 0.000319994 -0.000237932 6.56227e-05 0.000615756 -0.00044581 -0.000703015 -0.000231261 0.000163469 -0.00177481 -0.000593025 -0.000244459 0.00117 -0.000113502 -0.00123112 0.0013645 0.000710265 -0.00127433 -0.000164084 0.000214155 0.00101449 -0.000295181 0.000308128 -0.000339212 -0.00122669 -0.000276716 -0.000100844 -0.000902978 -0.000178065 0.000298454 -0.00296007 -0.000315624 -0.000976397 -0.000279941 0.000904763 -0.000564327 0.00142429 -0.000443679 -0.00134562 0.0028934 0.000175501 -0.00117025 -3.80731e-07 0.000465336 0.000903793 -0.000537596 -0.000780417 -0.00113844 0.000544373 -0.000217059 -0.000153474 0.00038435 -0.000144022 -0.000345296 0.00132829 -0.000931524 0.00115823 -0.000339699 0.00119619 -0.000431742 -0.00156062 
0.000128045 0.0529486 -0.000487231 0.000921073 -0.0010104 -8.44643e-06 0.00200111 -0.000300334 0.00698857 -0.00327022 0.000771305 0.00725631 -0.0107241 0.00496802 -0.00255044 -0.00145479 -0.000626788 -0.00427085 -0.00240585 -0.00475823 -0.00543624 -0.00393079 -0.00226501 -0.000723541 0.00460281 -0.00364262 -0.00163558 0.000644479 0.00133252 -0.000792125 -9.60233e-05 -8.31951e-05 -0.000395644 0.00034151 0.000429797 -0.000584257 7.97825e-05 -0.0055985 -0.00888241 -0.0128598 -0.001319 0.000710743 0.000476319 0.00111427 -0.000622924 0.000881652 0.000722119 0.000586381 0.00187805 -0.000300166 0.000118659 0.00166746 -0.000392966 -0.000595453 0.00123335 0.00191935 -0.00105967 -0.000730849 0.000189279 -0.0011012 -0.000914041 -0.00447732 -0.000769841 -8.21675e-06 0.000759509 -7.09603e-07 -0.00147258 -0.000567068 -0.000434133 -0.00711143 -0.00136566 0.00230723 0.000303102 -0.000777765 0.000481975 0.00142262 -0.000721908 -0.00349327 0.000612397 -0.000565612 0.000236841 -0.000271778 0.000774411 -0.000601053 0.00237237 -0.00114339 0.00418767 -0.000345996 -0.000825686 -0.0012437 -0.000602404 0.00215425 0.00105455 -0.0022824 -0.00248116 0.000942558 0.000943766 0.00021662 -0.00029811 0.00400933 
-0.000163593 -0.000487231 0.0845697 -0.00078051 -0.00201877 -0.00407801 0.00135587 -0.000185034 0.00624297 -0.00205661 -0.00430133 -0.000707494 -0.0149927 -0.00275712 0.00692901 -0.00264059 -0.0120585 -0.00977994 0.00622535 0.00911269 -0.00166982 0.00572711 -0.0119607 -0.00335065 -0.0124587 -0.00453167 0.000303459 -0.0047782 -0.00689818 0.000431932 -0.00143748 0.000161286 0.00271871 -0.000712168 0.000988144 0.00231697 -0.00222683 0.00358979 -0.0222158 -0.00185232 -0.00125496 0.000469174 -0.00144657 0.000368656 0.000252338 0.000776233 0.000107205 0.00235154 0.00401036 -0.00125754 0.00139471 0.0010727 -0.000172865 -0.000159949 0.00254362 0.00146077 0.00306751 -0.00350201 -0.000391748 -0.00371257 0.000141386 -0.00463012 -0.000892166 -0.00544885 0.000850054 0.000692441 0.00263706 -0.00194825 0.00110832 -0.00278129 -0.00476234 -0.00354334 -0.00439938 -0.00149885 -0.00324135 -0.00251987 0.00262636 0.00318189 -0.000446483 0.000133306 0.00612655 -0.00381299 0.00166204 -0.000444398 0.00589026 0.00783444 0.00283548 0.000948135 4.25633e-05 0.00139685 0.00223879 0.00268112 0.000519782 0.000659254 -0.00300485 -0.00335052 0.00351806 -0.00012322 -0.00264271 -0.00378287 
9.81147e-05 0.000921073 -0.00078051 0.0257004 -0.000145722 3.09627e-05 0.000379736 0.000953564 -0.000367281 0.000277705 -0.00173195 0.000575236 -0.00532558 0.00170838 -0.0020244 0.00140863 -0.00142884 -0.000556174 -0.00326139 -0.00272981 -0.00186295 -0.00164873 0.00309601 -0.0017868 0.000618579 0.00110958 0.00325862 -0.00154213 0.000956296 -0.000299248 -0.00167809 -0.000412635 -0.000331901 0.000984923 -6.71965e-05 0.000386001 -0.000430178 -0.000871182 -0.00186609 -0.000548663 0.000567371 -0.000153678 -1.8213e-05 -2.91076e-06 -0.000436006 -0.000503041 -0.000242592 0.00131157 -0.000911435 0.000760987 0.000103534 -0.000508325 -0.000260617 -0.000166834 0.000984934 -0.00107751 -0.000935824 -0.000343321 7.01054e-05 -0.000768911 0.000187131 0.000997192 -0.000368776 -0.000565708 -0.000686466 0.000512934 -0.00157923 0.000907531 0.000363913 -0.00117054 -0.000820282 -0.000750971 -0.000859628 5.50101e-05 -0.00130104 0.00316088 -0.000447465 0.00105287 0.000582761 -0.000258854 -0.000387416 -3.37916e-05 0.0002356 0.000622144 0.000491957 -0.0011882 -4.17381e-05 -0.000587484 -0.000215626 0.00115208 0.000112199 -0.000743656 -0.000292627 -0.000224145 -0.00117226 -0.00233228 -0.000911654 -0.000364399 -0.0006623 -0.000703325 
-0.000937549 -0.0010104 -0.00201877 -0.000145722 0.087467 -3.74106e-05 -0.0028499 -0.000337201 -0.00293391 -0.00133482 -0.00198049 -0.00330389 -0.00880113 -0.00121844 -0.00914988 -0.0129207 -0.00010801 -0.00597024 -0.0132426 0.0094322 0.0229401 -0.0134718 0.00255515 -0.000557511 0.00166015 0.0051646 -0.00886427 -0.00591754 -0.00186975 -0.00337247 0.00358648 5.46649e-05 -0.00547324 -0.00219698 -0.000807906 0.00125248 -0.00340785 -0.00376663 0.00618332 -0.00615706 -0.00367636 0.00301536 -0.000369188 -0.000570496 -0.00286461 -0.000926913 0.00146623 0.0054501 0.00406407 -0.00207821 0.00171389 -0.00453277 -0.000990004 5.73225e-05 0.000942647 0.000293263 0.000653976 0.00128805 0.00017516 0.00132629 0.00220249 0.0047096 -0.000625677 0.00108946 -0.00207972 -0.000438781 0.0018736 0.000638272 0.00454085 -0.00672166 2.31792e-05 -0.00302252 -0.0043092 -0.00759609 0.00307636 -0.00463962 0.00173458 -0.00105046 -0.000924392 -0.00117787 -0.000730448 -0.000678268 -0.000195286 0.000940373 7.77102e-05 0.000161973 -0.000794037 -0.000108366 0.000568928 0.00144618 -0.00132188 0.00163796 0.00516641 -0.000864005 -0.0019817 -0.00997591 -0.00189078 0.000671674 -0.00380008 0.00379732 
-0.000643584 -8.44643e-06 -0.00407801 3.09627e-05 -3.74106e-05 0.0808891 0.00885952 7.51436e-05 -0.00493053 0.00126153 -0.00420121 0.00628981 0.00174829 0.00140404 0.00605494 0.0044315 -0.00863952 -0.00664198 0.0129431 -0.0096231 -0.0051219 -0.00722905 -0.00605257 -0.00253636 0.00448176 -0.00412887 -0.00431732 -0.00237787 -0.0104752 0.000915102 -0.00120543 -0.000990715 -0.00171842 0.00105856 -0.000798526 -0.00191885 -0.00459293 -0.00269651 0.000627198 -0.000280528 -0.00243901 -0.00275132 0.00190935 -0.00159746 0.00745891 -7.5626e-05 -0.000300727 -0.00133632 0.00129565 -0.00251866 0.00117074 -0.00342568 0.000674331 -0.00278398 -0.000190778 -0.00137229 0.00355196 -0.000267243 -0.000137361 -0.00370674 0.000789442 -0.0038401 -0.000731252 -0.00319823 -0.000747301 0.000923873 -0.000716258 -0.00124749 -0.00291538 0.000318616 -0.00462289 -0.000673431 0.00141681 -0.000408832 -0.00232799 0.000783544 -0.00279565 -0.0013619 0.00306797 -0.000587551 -0.00172841 0.000670554 -0.00437436 -0.000533026 0.000110677 -0.000819739 -0.00152536 -0.000429036 0.00252136 0.00706073 -0.00208305 -0.00360542 0.00106767 0.000976062 -0.00245299 -0.00210957 0.000172872 -0.000635202 0.000195532 -0.00258883 
-0.00154867 0.00200111 0.00135587 0.000379736 -0.0028499 0.00885952 0.135642 -0.000609006 -0.0146179 -0.0104472 0.00199933 0.0113001 -0.024157 -0.011154 -0.0246279 0.00659582 -0.0226779 0.00428157 0.0031252 -0.00693313 -0.00512185 0.0139084 -0.00159829 0.00142835 0.0115432 0.00245338 -0.0107823 0.00264151 -0.00706396 -0.00332992 -0.0074648 -0.00312796 -0.00569022 0.00275501 -0.000317409 -0.000172292 -0.00567144 0.0141781 -0.00296156 -0.00277208 -0.00628752 -0.00201716 -0.000946828 0.00240219 -0.00135805 -0.0021955 -0.000834625 -0.000452511 -0.000355801 0.000889059 0.00277878 -0.00425184 -0.000307815 0.0022622 0.00381322 0.00110215 0.00911754 -0.00410668 9.9007e-05 -0.00802461 0.00100526 -0.0036913 -0.00165857 -0.00758844 -0.00332262 0.000697311 -5.74781e-05 -0.000469207 -0.00533166 0.00407943 -0.00583364 0.00815639 -0.00533379 -0.00561608 0.000245723 -0.00228136 0.00229172 0.00430659 0.002602 -0.00254285 -0.00176027 -0.00341813 -0.00115707 -0.00184697 -0.00221201 0.00123297 -0.00166828 -0.0019392 0.0059909 -0.00230343 0.000172735 -0.00105243 -0.002054 -0.00649274 -0.0056868 0.0019451 -0.00301789 -0.000120064 -0.00371489 0.00936801 
0.000607278 -0.000300334 -0.000185034 0.000953564 -0.000337201 7.51436e-05 -0.000609006 0.0269179 0.00123875 0.000331712 -0.00162392 -0.00161266 -0.0030322 -0.00192169 -0.0051746 0.000438878 -0.00435027 -0.00276257 -5.78864e-05 -0.00212745 -0.00225855 0.00131883 -0.00124153 1.98616e-05 -0.0036904 -0.00294932 0.00190801 0.00176368 -0.00274277 0.00131193 -0.000294551 -0.000659033 0.000371637 -0.000493624 0.000584973 -0.000688407 -0.0001541 7.47935e-05 -0.0028471 -0.000986058 -0.000858024 0.000760439 -0.000177409 0.000877089 0.000511168 -8.1083e-05 0.000218992 0.00020122 -0.0025974 -0.000104057 -0.000244157 0.00014637 0.000273021 0.000896764 -0.000432636 0.000340176 -0.00150348 -0.000930096 0.000400296 -0.000552555 -0.000134724 0.00127668 0.00130784 2.34162e-05 -0.000208968 -7.57519e-05 -0.000758861 0.00048104 -4.71086e-05 -0.00163865 0.00170729 -0.000501325 0.000219106 0.00162737 -0.00018753 0.00111568 0.000228959 -0.000629492 0.00143785 0.000118799 6.16939e-05 0.000473071 -0.000866581 0.00161167 -0.000366851 0.000314161 -0.000701634 0.000669213 -0.00055986 0.000160095 0.000972604 -0.000890586 -0.000659788 0.000999698 -0.000357625 -0.00172571 0.00193176 -0.000133184 0.000962151 0.000782715 
0.00116686 0.00698857 0.00624297 -0.000367281 -0.00293391 -0.00493053 -0.0146179 0.00123875 0.206518 -0.00973747 0.00154818 0.0153182 0.0304976 0.000698009 0.0134379 0.00627826 -0.0164616 -0.0296882 0.0233555 -0.0243585 -0.00922477 0.00643801 -0.0158571 -0.00921624 -0.0287462 -0.0317892 0.00434794 0.0132652 -0.018121 -0.00982527 0.0105147 -0.00229438 -0.000101666 -0.000885958 -0.000684078 -0.00896577 -0.000915683 -0.00572063 -0.0469028 -0.0423217 -0.00278645 -0.00373763 0.00256819 0.0029742 -0.00409339 0.0016264 0.000605835 0.00938667 -0.00196409 -0.00649898 -0.00215466 0.00450849 0.00367856 0.00304035 0.00256784 -0.000535584 -0.00916696 0.000235133 -0.000578098 -0.0122191 -0.00614603 -0.00827283 0.00283498 -0.0052034 0.00205788 -0.000811413 -0.00820942 -0.0034879 0.009783 0.00212388 -0.00211336 0.000636884 0.0100078 -0.00134391 -0.00945473 -0.00445698 0.00329962 -0.0032853 0.00228211 -0.0006767 0.000898231 -0.00593319 -0.00112321 -0.00343209 -0.000496131 0.00184972 0.00933046 -0.000323119 -0.00399754 0.0137568 -0.000677435 -0.00675688 0.00194063 -0.000450988 -0.00344964 0.00432224 0.00752523 -0.00432358 0.000956543 0.0101761 
0.00122828 -0.00327022 -0.00205661 0.000277705 -0.00133482 0.00126153 -0.0104472 0.000331712 -0.00973747 0.141035 -0.0116421 -0.000893707 -0.0278539 0.00985525 0.0115702 -0.0147776 -0.00513922 -0.0103549 -0.0011425 -0.00079322 -0.00509722 0.00220737 -0.0050568 -0.0110789 0.00531638 0.00782914 0.00960544 -0.00339863 -0.0108484 0.000635582 0.00229491 0.00140859 0.00183325 -0.00016143 -0.00261063 -0.00173966 0.00275191 -0.00432141 -0.00320588 0.00230728 -0.00573508 -0.00376755 0.0028958 -0.00375661 -0.00804748 -0.00349719 -0.000408572 0.000587981 -0.0118473 -0.000680762 -0.00115618 -0.000547644 0.00325719 -0.00236325 0.00221902 0.00469765 -0.000828079 -0.00576392 -0.0004488 -0.00389292 -0.00471153 0.00116575 0.00437737 0.00585407 -0.00206569 -0.000102131 0.0102001 -0.000389644 -0.00197642 0.00295682 -0.00827275 -0.00450561 -0.00684528 0.00570735 0.000254027 0.0134268 -0.00254431 0.0193119 -0.00467237 0.000149405 -0.0050005 -0.0018359 -0.00250476 -0.000885073 0.0101447 -0.000197934 -0.00410011 0.000604656 -0.000410923 0.0013332 -0.00137871 -0.0039826 -0.00536679 -0.00608159 -0.00781528 -0.00014822 -0.000414401 0.00465648 -0.00720632 -0.012431 
-0.00145702 0.000771305 -0.00430133 -0.00173195 -0.00198049 -0.00420121 0.00199933 -0.00162392 0.00154818 -0.0116421 0.11323 -0.00372807 0.016305 0.00638125 7.24008e-05 -0.00626348 0.0117749 0.0160052 -0.00384604 -0.00140747 -0.0105225 -0.00323867 0.00142396 -0.00872765 -0.00343941 -0.00249404 -0.0119025 -0.00517127 0.0156692 0.000127258 -0.00454704 0.00145688 0.000172114 -0.00182131 -0.00223039 -0.00227998 -0.00519552 -0.00434411 0.0125467 -0.0048428 0.00267675 0.0015752 7.15101e-05 -0.00178684 -0.00432373 -0.000466569 -0.00146449 0.000179734 -0.00779901 -0.000125521 0.000516621 0.00733767 -0.000186024 0.000421667 -0.0038198 0.000177164 -0.00787399 -0.000658166 -0.000641106 0.000787456 -0.000599359 -0.00424303 -0.00332035 0.00254716 0.00195791 -0.000492071 -0.0122744 0.000231076 0.00127865 -0.00369028 0.00334385 0.000640151 0.00512601 -0.00142369 -0.00471243 -0.00375139 -0.000428491 -0.0134905 -0.00512079 -0.00217317 -0.00490234 0.00112931 -0.00571156 -0.00246843 -0.00469134 -0.00287951 -0.00119709 -0.000710743 0.00301453 -0.00563197 -0.000108433 -0.00111835 -0.00109769 -0.00503156 0.000637256 0.00203328 -0.00423971 0.00136503 -0.000735167 0.00179719 
-0.00175245 0.00725631 -0.000707494 0.000575236 -0.00330389 0.00628981 0.0113001 -0.00161266 0.0153182 -0.000893707 -0.00372807 0.131662 -0.0252528 0.00079537 0.00682749 0.00767964 -0.00155707 -0.0142619 0.00455406 -0.00709161 -0.010787 -0.00238159 -0.00916671 0.00322893 -0.00781145 0.00643882 -0.00664235 0.00478651 -0.0155908 -0.00147299 -0.00639947 0.000428225 0.000919834 0.00418596 -5.25897e-06 -0.00597441 0.00482983 -0.00925412 -0.0215068 -0.0141766 -0.00305119 -0.00247415 -0.0014818 0.00127482 0.00694095 0.0015813 -0.00102173 -0.000509171 -0.00287536 -0.00961705 0.00390317 -0.000344483 7.22855e-05 -0.00214695 -0.0026799 -0.00136206 -0.00346154 -0.00399911 6.30445e-05 -0.00500059 -9.7571e-05 -0.00130923 0.00379383 0.000884981 -0.00028754 0.000944039 0.00189533 -0.00157383 -0.0012411 0.00368399 -0.00991327 0.000146994 0.00417095 0.000210802 0.000130703 -0.0074728 -0.00436064 -0.00386729 0.00114757 0.000694664 0.00143953 -0.0023797 -0.00192736 -0.00281054 0.0059369 -0.00158441 0.00518033 -0.00130565 0.000908977 -0.000415522 -0.00097508 -0.00368365 -0.00189557 -0.00938753 -0.00542926 -0.00474455 0.00454333 0.00217661 0.00478791 0.00442883 
-0.00134685 -0.0107241 -0.0149927 -0.00532558 -0.00880113 0.00174829 -0.024157 -0.0030322 0.0304976 -0.0278539 0.016305 -0.0252528 0.24976 -0.0383941 0.0257681 -0.0134056 0.0270903 -0.019652 0.000628486 0.00634636 0.00747624 0.00319803 0.00236091 0.0145125 -0.00863214 -0.0123065 -0.0364664 -0.000301639 0.00293006 -0.0056403 0.000548139 -0.00356379 -0.00441902 -0.00228151 2.72124e-05 -0.00154771 -0.00629772 -0.0017992 0.00408291 0.0056271 0.0118909 -0.00960318 -0.000657182 -0.00376036 -0.00427019 -0.00173286 -0.00202653 -0.00583781 0.0167794 0.00389821 0.000326583 0.00380947 -0.000386276 -0.00231155 -0.00930744 0.00314825 -0.0123621 0.00220843 -0.00097916 -0.00143152 -0.00160621 -0.0238858 -0.00856389 -0.00882423 -0.00452609 -0.00262868 -0.0240528 -0.00241404 0.00172064 0.000982676 0.00482443 -0.00458729 0.025378 0.00108744 -0.00881011 -0.0010136 0.00715701 0.00134161 -0.00936865 -0.000835948 0.000693396 -5.72481e-05 -0.00450502 -0.00161008 -0.0169665 -0.00684995 -0.00768236 0.00450744 -0.00636425 -0.00212037 -0.00779254 -0.00484507 -0.00238455 0.00250184 0.0109564 -0.0045277 0.00142139 -0.0135571 0.0113253 -0.00362626 
0.00227681 0.00496802 -0.00275712 0.00170838 -0.00121844 0.00140404 -0.011154 -0.00192169 0.000698009 0.00985525 0.00638125 0.00079537 -0.0383941 0.19879 0.00998537 -0.0167809 0.00182442 0.0155093 -0.00265981 0.00679956 -0.0163444 -0.0150342 -0.00751307 -0.0177646 -0.0127299 0.00307702 0.0254446 -0.0183179 0.00794578 -0.00641262 -0.00873662 -0.00172884 0.00182813 -0.00189225 -0.00104802 0.00126444 -0.00802716 -0.0270154 0.0166331 -0.0122787 -0.000226943 0.00161874 0.00208356 -0.00348551 0.00362585 -0.0019873 -0.000949412 0.00140452 -0.00856663 -0.00329372 -0.000855269 0.00636453 0.00094569 -0.00715536 -0.00396265 -0.00590051 0.00152406 0.0119252 0.000843029 0.00073379 -0.00146218 0.00565129 -0.00476538 0.00246958 0.00624324 7.74054e-05 -0.0109178 -0.00272283 0.00238627 0.00309016 -0.00950465 0.00323233 -0.0165759 -0.0035405 0.000601172 -0.00473813 -0.00190699 -0.0252925 0.00464416 -0.00130639 -0.0135383 0.00810718 -0.00305768 -0.00454158 -0.00229561 -0.00803153 -0.00209011 -0.00478916 0.00171418 0.000978482 -0.000505194 -0.00170105 0.00322608 0.00508244 0.00214003 0.0102505 -0.0074809 0.00463324 -0.00420133 -0.0117069 
-0.000304672 -0.00255044 0.00692901 -0.0020244 -0.00914988 0.00605494 -0.0246279 -0.0051746 0.0134379 0.0115702 7.24008e-05 0.00682749 0.0257681 0.00998537 0.229805 -0.0112222 -0.000435836 0.0100234 0.0255686 0.0127996 -0.0156218 -0.00160417 -0.0500567 -0.0190637 -0.0225941 -0.000815411 -0.00493261 -0.0255101 -0.0128527 -0.0172848 -0.0100193 -0.00271769 -0.00199179 0.00405556 -0.00473442 -0.00379595 -0.00988169 -0.00406505 -0.0196472 -0.00755711 0.0190703 0.00366515 -0.000240693 -0.00742266 0.00381889 -0.00175364 -0.00133229 0.0020037 0.00336571 -0.00600438 0.00251738 -0.012554 0.000903965 -0.00989843 -0.00141858 -0.00511754 -0.0116012 0.000790023 -0.00145734 0.0155116 -0.00505543 -0.0196285 0.00117378 -0.00649998 -0.00212589 -0.000830463 0.00463715 0.0020023 0.00299635 0.00484519 -0.0101821 -0.0160013 0.014014 -0.0112148 -0.0118545 -0.00168253 -0.00467076 0.0172793 -0.00239302 0.00335572 0.000640603 -0.012148 -0.0131451 -0.00447947 0.00187264 -0.00530836 -0.00378012 -0.00459417 -0.00684372 0.00316615 -0.00377075 -0.00432157 0.00141401 0.000790846 -0.00104227 0.0311714 0.000156977 0.000140481 0.00328624 -0.00687792 
-0.00190546 -0.00145479 -0.00264059 0.00140863 -0.0129207 0.0044315 0.00659582 0.000438878 0.00627826 -0.0147776 -0.00626348 0.00767964 -0.0134056 -0.0167809 -0.0112222 0.231017 -0.0142705 0.000662045 0.00477651 -0.0141272 0.0139989 0.0119327 -0.0182041 -0.00489546 0.00318104 0.00757406 -0.010365 0.00978475 -0.00150283 -0.00802816 -0.0059513 -0.00249912 0.00561383 0.00600466 0.000303633 -0.00642419 0.00234601 -0.0167612 -0.0145737 -0.00814023 -0.00912117 -0.00160283 0.00233678 0.00576438 0.025767 0.00466727 0.00152664 -0.000366178 0.00651762 -0.00807135 -0.000999413 -0.00854505 7.987e-05 0.015989 0.00350859 -0.00580689 -0.00395465 -0.00667422 -0.00101674 -0.0123647 -0.0084731 -0.000108533 -0.00207608 -0.00749638 0.000306366 -0.00158165 -0.00653164 -0.00650262 -0.00332248 -0.0262611 0.00899875 -0.0030883 0.0113784 -0.00408477 0.0043423 -0.00159057 -0.0108461 -0.0171995 -0.00285386 0.00472552 0.00715523 -0.0084866 0.00321194 0.00378222 -0.000595661 -0.00182109 -0.00519357 -0.00175388 -0.00198692 -0.0151891 -0.000693063 -0.00594023 0.00146644 -0.00383696 -0.012294 -0.0134333 0.00711725 -0.00424061 0.00594569 -0.00549569 
-0.00645522 -0.000626788 -0.0120585 -0.00142884 -0.00010801 -0.00863952 -0.0226779 -0.00435027 -0.0164616 -0.00513922 0.0117749 -0.00155707 0.0270903 0.00182442 -0.000435836 -0.0142705 0.248817 -0.0330199 -0.0356353 0.0266978 -0.0171137 0.00919842 0.00412841 0.0047137 -0.014058 0.0157241 -0.0463891 -0.018461 0.044038 -0.0120355 0.0101512 -0.00762949 -0.00221211 0.00726304 -0.00660409 -0.000863121 -0.00406179 -0.0284376 0.0456039 0.00795704 -0.00198707 -0.00773239 -0.00368557 -0.00475884 -0.0112378 -0.00336715 -0.00399241 -0.00792576 0.0132359 0.00359522 0.000881182 -0.00200094 -0.00299179 0.00106054 -0.00352405 -0.00704422 -0.0152593 0.00185537 0.000961772 -0.00224969 -0.00793041 0.00720974 -0.00738469 0.002412 0.00113731 -0.000522091 -0.000277997 -0.00677348 -0.00445838 0.0245361 0.00837224 -0.00662259 -0.015385 -0.00594006 0.00405813 -0.00417914 -0.00509394 0.0182172 -0.0245114 0.000996741 -0.00632272 -0.00191266 0.0109346 -0.00115009 -0.000323657 -0.0155284 -0.00258281 -0.00321709 -0.00322416 -0.000658932 -0.0033801 0.0130788 -0.00467166 -0.0187447 -0.00554093 -0.0235059 0.00637643 -0.0110874 -0.00630052 0.0118162 
0.000609337 -0.00427085 -0.00977994 -0.000556174 -0.00597024 -0.00664198 0.00428157 -0.00276257 -0.0296882 -0.0103549 0.0160052 -0.0142619 -0.019652 0.0155093 0.0100234 0.000662045 -0.0330199 0.244814 -0.0150391 -0.0108895 -0.0256972 -0.00620313 0.0180928 -0.0168357 0.00374287 0.0111265 0.0235215 -0.0075917 -0.0074437 6.60294e-05 -0.0142764 0.00356292 -0.00084446 0.00325762 -0.00184104 -0.00410991 0.00329422 0.00247456 0.00904929 0.00830048 0.00660591 0.00915113 -0.000794912 -0.00429405 -0.0100438 -0.00519188 -0.00358633 -0.00149817 -0.0101595 -0.00189366 0.000510637 -0.0100926 -0.00166903 0.00360833 -0.000483474 -0.00986979 -0.00480478 0.0114018 -0.000820183 0.0094733 -0.000101746 0.0103423 -0.0078104 0.000477981 0.00157915 -0.000367938 -0.0186869 0.000938639 0.00229364 -0.0185966 -0.0022083 0.00636886 0.00760971 -0.00458846 -0.00718359 -0.00612062 0.000414011 -0.0196698 -0.00208781 -0.00389445 -0.00263651 0.0032503 -0.0150908 -0.004656 -0.002418 -0.00814603 -0.00207555 0.000167571 0.00311106 -0.0121559 0.00220684 -0.00583141 -0.000722121 0.00117583 0.013713 0.0283294 -0.0133118 0.00443702 -0.0217829 -0.0124843 
0.00280708 -0.00240585 0.00622535 -0.00326139 -0.0132426 0.0129431 0.0031252 -5.78864e-05 0.0233555 -0.0011425 -0.00384604 0.00455406 0.000628486 -0.00265981 0.0255686 0.00477651 -0.0356353 -0.0150391 0.249443 -0.0174326 -0.0348823 -0.00209539 -0.050476 -0.0317576 0.0055596 -0.0482572 0.0521995 -0.00255035 -0.00163454 -0.00227505 0.00131189 0.0049939 -0.0075175 -0.0112107 -0.000872619 -0.00875632 -0.00757213 0.00352175 -0.0287347 -0.01474 -0.00512954 -0.00334728 -0.00187747 -0.00763376 0.0142385 0.00423995 0.00375984 -0.00623666 -0.00506566 0.00777363 0.0021923 -0.000380126 0.00521664 -0.0059282 -0.00379294 -0.00367579 0.00484552 -0.00290018 -0.00219107 0.00663064 0.00384894 -0.0245053 -0.00181154 0.00125159 0.00272282 -0.00233957 0.000366966 -0.00203719 0.00273334 -0.0119033 0.00351452 0.00982088 0.0195099 0.00714295 -0.0100017 0.00952763 -0.0083637 0.000182245 0.00513008 -0.0011591 -0.00511254 -0.00486932 -0.00835532 -0.000372357 0.000421497 -0.00180776 -0.00837493 -0.00464053 -0.0100564 -0.00617592 -0.00420555 -0.00796312 0.00102513 0.015562 -0.0161631 0.00884511 -0.00178794 -0.00239919 0.0115404 -0.0124375 
-0.00354999 -0.00475823 0.00911269 -0.00272981 0.0094322 -0.0096231 -0.00693313 -0.00212745 -0.0243585 -0.00079322 -0.00140747 -0.00709161 0.00634636 0.00679956 0.0127996 -0.0141272 0.0266978 -0.0108895 -0.0174326 0.247189 -0.00162774 -0.0237177 -0.0208257 -0.0118472 -0.0214473 0.0270579 0.0103104 -0.0185842 0.00379128 -0.00365747 0.000717698 5.29206e-05 -0.00554629 -0.00487298 0.0041887 0.00353899 -0.00553135 -0.0146432 0.0223435 0.0241443 -0.00709481 0.000173501 -0.000640926 -0.00208631 -0.00165055 -0.00354719 -0.00190705 -0.00600213 -0.00702166 -0.0119236 -0.00450569 0.0111836 -0.00549895 0.000606485 0.00542901 0.00680414 -0.000196935 -9.05427e-05 -0.000359457 0.00879881 -0.00803175 0.00241284 -0.00570367 -0.00529008 -0.00334653 -0.00454832 0.00331956 -0.00895499 -0.00588979 -0.0167885 -0.00787153 -0.00280706 -0.00576173 -0.00634145 0.00168034 -0.0162162 0.00290472 -0.0143891 0.00897119 -0.000122182 0.000676907 -0.00554135 -0.013717 -0.00376516 -0.0016343 0.000657009 -0.00985806 -0.000200266 0.00222532 -0.0253977 0.000800589 0.00893492 0.00320288 0.0232251 -0.00345579 -0.00741436 -0.00764524 -0.000947479 -0.00405289 -0.0201888 
0.000395252 -0.00543624 -0.00166982 -0.00186295 0.0229401 -0.0051219 -0.00512185 -0.00225855 -0.00922477 -0.00509722 -0.0105225 -0.010787 0.00747624 -0.0163444 -0.0156218 0.0139989 -0.0171137 -0.0256972 -0.0348823 -0.00162774 0.214983 -0.0147186 -0.00984105 0.0143207 0.00303295 -0.00111869 -0.0110842 -0.00406551 -0.0241124 -0.00195305 0.00280757 -0.0020545 0.00396709 -0.00958891 0.00441997 0.0136405 -0.0128142 -0.00509145 -0.00456591 0.000181442 -0.00706104 0.00551595 -1.00265e-05 0.00516266 -0.00576881 0.00264504 0.00572753 0.00547575 0.00405079 -0.0092179 0.00130986 -0.00846473 -0.00331539 0.00645336 0.00432674 0.00204772 0.00886031 0.000909485 -0.000258105 0.00808644 0.00733325 -0.0061874 0.000252271 -0.0157299 -0.00293084 -0.00211845 0.00418532 0.00543335 0.00117841 -0.0187559 -0.00324179 -0.00775206 -0.011606 -0.0115464 -0.00690199 -0.00812921 0.00057516 -0.0128826 0.00211846 0.00252676 -0.00205811 -0.00728088 0.00215324 0.00461605 -5.7385e-05 0.00913995 0.000148888 -0.000748124 -0.00681323 -0.00452523 -0.000605487 0.00275791 0.00333217 0.00196454 0.00644038 0.0101148 -0.00162579 0.000203764 0.00342201 0.00435917 
-0.00425775 -0.00393079 0.00572711 -0.00164873 -0.0134718 -0.00722905 0.0139084 0.00131883 0.00643801 0.00220737 -0.00323867 -0.00238159 0.00319803 -0.0150342 -0.00160417 0.0119327 0.00919842 -0.00620313 -0.00209539 -0.0237177 -0.0147186 0.242777 0.00417688 -0.0145226 -0.0317407 0.0103603 -0.0357627 0.0155756 -0.0278728 -0.00953697 -0.00887443 -0.00456355 -0.00606172 0.00768772 0.000164719 -0.00889322 -0.00961269 0.0178051 0.023808 0.0326844 -0.0137214 -0.0120038 -0.00228358 7.45851e-05 0.000787964 -0.00175755 -0.002175 -0.00560555 -0.0202176 0.00624146 -0.00277806 0.0038491 -0.0019719 0.00412081 -0.00825223 -0.00445766 -0.00519249 -0.0168306 -0.000616294 -0.00904952 -0.00343824 -5.52707e-06 -0.00119464 0.00209683 -0.00474549 0.00140129 0.00551509 -0.00414803 0.00194752 0.016725 -0.00778967 0.00442416 0.000147863 -0.00670814 -0.0185158 -0.0068065 -0.000800123 0.0376922 -0.00348643 -0.00566452 0.00583686 -0.00905555 -0.00838782 -0.000797926 0.00281618 -0.00195647 -0.00184073 -0.000971941 0.00383055 0.00725843 -0.0012168 -0.00727287 -0.00988486 -0.0189609 -0.00650877 -0.0116357 -0.000821697 -0.00605795 -0.0022982 0.00112322 
0.00240882 -0.00226501 -0.0119607 0.00309601 0.00255515 -0.00605257 -0.00159829 -0.00124153 -0.0158571 -0.0050568 0.00142396 -0.00916671 0.00236091 -0.00751307 -0.0500567 -0.0182041 0.00412841 0.0180928 -0.050476 -0.0208257 -0.00984105 0.00417688 0.236733 -0.000545346 0.0253157 0.0095147 0.00345175 0.0103004 -0.0171409 0.0135341 0.00130035 0.00500356 -0.0089355 -0.00334521 -0.00118143 -0.00357018 0.00356803 0.00544953 0.0155398 0.00857493 -0.00394694 -0.0128661 -0.00217365 -0.00359921 -0.00874061 -0.00976656 -0.00276346 0.00269241 -0.00702496 0.000187069 -0.0119975 0.00626312 -0.00524243 -0.00333098 -0.00265912 -0.00584934 -0.00672849 -0.00464027 0.000431078 -0.00865119 -0.000458381 0.0231675 -0.000923255 0.00679728 -0.00510298 -0.000173328 -0.0102971 0.00124166 0.00106874 0.0171616 -0.0113156 0.00275377 -0.0237538 0.0016627 0.00395254 0.00363136 -0.00195517 0.00991265 -0.000666945 -0.00652914 -0.0104661 0.00480941 0.00577483 -0.00153066 -0.00457407 -0.00879639 0.00434837 0.00303082 0.000722982 0.00869105 0.00511148 -0.00215864 0.00154051 -0.024212 -0.00174571 -0.0273118 -0.00758354 -0.000285721 -0.0126985 0.0158719 
-0.00147949 -0.000723541 -0.00335065 -0.0017868 -0.000557511 -0.00253636 0.00142835 1.98616e-05 -0.00921624 -0.0110789 -0.00872765 0.00322893 0.0145125 -0.0177646 -0.0190637 -0.00489546 0.0047137 -0.0168357 -0.0317576 -0.0118472 0.0143207 -0.0145226 -0.000545346 0.163383 0.00685991 -0.00737569 -0.0318001 0.00785954 0.00766199 -0.00344798 -0.00361628 0.000126444 -0.00497533 -0.00274111 -0.0026461 0.00241279 0.0119648 0.00492906 -0.0126357 -0.00325146 0.0061761 -0.00395238 -0.00267024 0.00425604 0.00337346 0.00459711 0.00227748 -0.00227468 0.00783268 2.68445e-05 0.00396511 -0.00486871 -0.00109453 -0.00484986 -0.00328506 0.00174536 -0.00486046 -0.00178398 0.000136283 -0.00482408 0.00445995 0.0042283 -0.00457523 -0.0069103 -0.00132766 -7.14569e-05 -0.000511421 -0.00438938 -0.00896656 -0.000735144 0.0143842 -0.00573438 0.00576019 -0.00272679 0.0117492 -0.00704022 0.00154848 -0.00617704 -0.00659312 0.00243028 0.00495416 0.00073317 0.00397665 -0.000764181 1.06693e-06 -0.000913211 0.00840527 -0.000222942 -0.00499728 0.00658026 -0.00262584 -0.000842991 -0.00142673 -0.010698 -0.00275465 -0.0108972 0.00017633 -0.0016484 0.00629544 0.00370196 
0.000819509 0.00460281 -0.0124587 0.000618579 0.00166015 0.00448176 0.0115432 -0.0036904 -0.0287462 0.00531638 -0.00343941 -0.00781145 -0.00863214 -0.0127299 -0.0225941 0.00318104 -0.014058 0.00374287 0.0055596 -0.0214473 0.00303295 -0.0317407 0.0253157 0.00685991 0.245257 -0.00776364 0.00524872 -0.0129996 0.00932995 0.0080914 -0.00874589 0.00116833 -0.011223 -0.0133089 -0.00153212 -0.00341374 -0.00824469 0.0181441 0.00438963 0.015013 0.00180618 -0.0042208 0.00222397 -0.00160032 0.000535509 0.000723613 0.00265527 -0.00113184 0.00976886 -0.00774803 -0.00504759 -0.0129927 -0.001612 -0.00769941 0.00374574 -0.00601502 0.0171733 -0.00853908 -0.00131643 -0.0104887 -0.00694379 -0.0097886 -0.00618895 -0.00680878 -0.00801021 -0.00534532 0.00389201 -0.00347546 -0.00232149 -0.0101606 0.01515 -0.00375795 0.00817334 -0.000957452 0.0102775 0.0097051 -0.00761537 2.12188e-05 -0.0124085 0.00130133 -0.0126345 -0.00909846 -0.000796448 -0.00109897 -0.00240376 -0.00195677 -0.00640056 0.000191526 -0.00710812 -0.00437433 -0.00704029 -4.64957e-05 -0.00010761 -0.0186217 -0.00201161 -0.00634493 -0.00766054 -0.00124211 0.00666613 -0.00166574 
-0.00164551 -0.00364262 -0.00453167 0.00110958 0.0051646 -0.00412887 0.00245338 -0.00294932 -0.0317892 0.00782914 -0.00249404 0.00643882 -0.0123065 0.00307702 -0.000815411 0.00757406 0.0157241 0.0111265 -0.0482572 0.0270579 -0.00111869 0.0103603 0.0095147 -0.00737569 -0.00776364 0.223187 -0.0149665 -0.00325825 -0.00278715 -0.0036536 -0.0092624 -0.00575962 0.00953642 0.0132529 -0.00452225 -0.00239969 0.023488 -0.00947657 0.0298967 0.01985 -0.00676745 -0.00877196 -0.000411977 0.00502653 0.00631165 -0.00596591 -0.00246025 -0.00485733 -0.012161 -0.00875687 -0.00455818 -0.00753943 -0.00416674 0.0119089 -2.74023e-05 -0.00743004 -0.00819564 0.000682306 0.00106413 0.00199028 -0.0100751 0.0124508 -0.00194942 0.00870638 -0.00327106 0.000832131 -0.0260893 -0.00342791 -0.00787735 0.00825478 -0.0214368 0.00431618 -0.0101079 0.0134931 -0.00967598 -0.00940176 -0.0111645 -0.00399162 -0.00706659 -0.000867801 -0.00863215 -0.00898735 -0.00706329 -4.25901e-05 -0.000996846 -0.00133812 -0.00980517 0.00191027 0.00718265 -0.0230132 0.00494145 -0.00632335 -0.00907793 -0.00792585 -0.00132983 -0.00584017 -0.00922801 -0.00713767 0.00297461 -0.0185681 
0.00569489 -0.00163558 0.000303459 0.00325862 -0.00886427 -0.00431732 -0.0107823 0.00190801 0.00434794 0.00960544 -0.0119025 -0.00664235 -0.0364664 0.0254446 -0.00493261 -0.010365 -0.0463891 0.0235215 0.0521995 0.0103104 -0.0110842 -0.0357627 0.00345175 -0.0318001 0.00524872 -0.0149665 0.24991 -0.00923236 -0.0322957 0.0139875 -0.00696897 0.00269789 -0.00201268 -0.0152298 0.00291663 0.000248602 -0.0213379 -0.00353058 -0.0251351 0.00957822 -0.000227943 -0.00126065 0.00149169 -0.00446655 0.000948356 -0.00521825 -0.000971476 0.00590779 -0.00991783 -0.00804154 -0.00705595 0.00271645 0.000732911 0.00217447 0.00214399 -0.00288455 0.00737877 0.00234247 -0.00170501 0.0142996 0.00731603 -0.00568146 -0.000289216 -0.00342073 0.00021945 -0.00364339 -0.00263605 0.00123196 -0.00293072 -0.0168911 -0.00297387 0.0028709 -0.00136379 0.00957937 -0.00686472 0.0117698 -0.00590443 -0.0304262 0.0106624 -0.00199274 -0.0111067 0.00638359 0.00399048 4.34648e-05 -0.000120372 -0.00654713 -0.00527448 -0.00126001 -0.00611608 1.25616e-06 0.00435686 -0.0098762 -0.0025606 0.0203567 -0.000709008 0.00906789 -0.00670356 0.00547598 -0.00601095 -0.0233887 
0.00123664 0.000644479 -0.0047782 -0.00154213 -0.00591754 -0.00237787 0.00264151 0.00176368 0.0132652 -0.00339863 -0.00517127 0.00478651 -0.000301639 -0.0183179 -0.0255101 0.00978475 -0.018461 -0.0075917 -0.00255035 -0.0185842 -0.00406551 0.0155756 0.0103004 0.00785954 -0.0129996 -0.00325825 -0.00923236 0.127101 -0.0148098 -0.000801899 0.00808267 0.00456057 0.00886216 0.000896169 0.000481483 -0.00569325 0.0093386 0.00656449 -0.0165186 -0.0118162 -0.00569527 -0.00252656 0.00159213 0.0020614 0.00370747 0.00330766 0.0016489 -0.00242645 -0.0124787 -0.00394717 -0.00298581 0.00343096 0.000101324 0.00114485 -0.00460013 0.00497869 -0.000799118 -0.00526251 0.000584258 -0.00424052 0.000893239 0.00957711 0.00720676 -0.000516652 -0.00257793 -3.15892e-05 -0.00170397 0.00210205 -0.00499802 -0.000226134 -0.00129009 -0.00210754 -0.00795499 0.00681221 0.00610133 -0.0015272 -0.00268854 -0.00838354 0.00473048 -0.001532 0.00069106 -0.00138092 -0.000130515 -0.000581032 0.00130644 0.00105998 -0.00230555 -0.00117343 0.00473338 -0.000549015 -0.00159081 -0.00484918 9.96777e-05 -0.00628238 -0.00113247 -0.00974393 -0.00192302 -0.00107037 -0.000420481 0.00571502 
-0.00470757 0.00133252 -0.00689818 0.000956296 -0.00186975 -0.0104752 -0.00706396 -0.00274277 -0.018121 -0.0108484 0.0156692 -0.0155908 0.00293006 0.00794578 -0.0128527 -0.00150283 0.044038 -0.0074437 -0.00163454 0.00379128 -0.0241124 -0.0278728 -0.0171409 0.00766199 0.00932995 -0.00278715 -0.0322957 -0.0148098 0.217445 -0.00850591 0.0155146 -0.00922335 -0.00374277 0.00667554 -0.00284703 0.00132879 0.00927021 -0.0176392 0.0220335 -0.0220032 -0.000395062 0.00489832 -0.00226601 -0.00014947 -0.0166004 -0.00167474 0.000942352 -0.00703873 0.0288868 0.0089446 -2.99613e-06 -0.0140657 -0.00235249 -0.00654719 -0.00468284 -0.00575178 -0.0090592 -0.000570553 -0.00135879 -0.00452006 -0.00377834 -0.00233451 -0.00151839 0.0130887 -0.00052342 -8.22847e-05 0.0168917 -0.000115988 -0.00316141 -0.00944546 0.0240496 -0.000781292 -0.0156881 -0.00774523 0.00873978 0.00260587 -0.000686644 -0.0257883 -0.0141886 -0.00084586 0.00197525 -0.000378913 0.00107097 -0.00502247 -0.00439903 -0.00140082 -0.00118299 -0.000677746 0.00312301 -0.0118689 -0.00556301 0.0100865 -5.75854e-05 -0.00982922 0.00171137 -0.00606335 -0.00158849 -0.00343701 -0.0100669 0.0170506 
0.00158511 -0.000792125 0.000431932 -0.000299248 -0.00337247 0.000915102 -0.00332992 0.00131193 -0.00982527 0.000635582 0.000127258 -0.00147299 -0.0056403 -0.00641262 -0.0172848 -0.00802816 -0.0120355 6.60294e-05 -0.00227505 -0.00365747 -0.00195305 -0.00953697 0.0135341 -0.00344798 0.0080914 -0.0036536 0.0139875 -0.000801899 -0.00850591 0.0923115 -0.000694237 0.00108223 -0.00123578 -0.00152527 0.00192097 -0.00277787 -0.00420845 0.00694384 0.00232111 0.0129391 -0.00371356 0.00073214 -0.000328549 -0.00103954 -0.00187919 -0.000501629 0.000133593 -0.00130467 -0.00999676 0.003172 -0.00225196 0.00605852 -0.00123621 -0.000278406 -0.00280107 0.00119623 0.00202679 -0.00305967 -0.000300357 -0.00393329 0.000162666 0.000406353 -0.00285239 -0.00148757 0.00145272 -0.000710639 -0.000633439 0.000327025 -0.000314442 -0.00671325 -0.00319247 -0.00474693 -0.000555403 0.00349464 0.00274902 0.00302506 -0.00183024 -0.00588632 0.0038968 -4.59668e-05 0.00113831 0.00295975 0.000315012 0.000613616 -0.00178798 -0.00139594 -0.00281797 0.00262436 -0.00160189 -0.00171528 0.00109635 -0.000847123 -0.000445878 0.00505942 -0.00317712 -0.00640278 -0.00397148 0.00358992 -0.000108905 -0.00580192 
0.000674218 -9.60233e-05 -0.00143748 -0.00167809 0.00358648 -0.00120543 -0.0074648 -0.000294551 0.0105147 0.00229491 -0.00454704 -0.00639947 0.000548139 -0.00873662 -0.0100193 -0.0059513 0.0101512 -0.0142764 0.00131189 0.000717698 0.00280757 -0.00887443 0.00130035 -0.00361628 -0.00874589 -0.0092624 -0.00696897 0.00808267 0.0155146 -0.000694237 0.122904 -0.001981 -0.00415207 0.00279619 0.000477606 -0.00134506 -0.00132241 -0.0109128 -0.00156943 -0.0189471 -0.00288701 -0.0025451 -0.00292623 0.000322264 -0.00907833 -0.00161925 -0.000778883 -0.00329222 -7.74099e-06 -0.00544429 -0.00185343 0.00108763 0.000121014 -0.00104846 0.000267056 0.00531305 0.00782182 -0.002808 -0.000400354 -0.00223264 -0.00312891 -0.011216 0.00167757 0.00720435 0.00170859 -0.000712033 -0.00116571 -0.00173944 -0.00300953 0.00285362 0.010074 2.75087e-05 -0.00482075 0.00362358 0.0088028 -0.00235275 -0.00358781 -0.0023673 -2.38757e-05 -0.000496219 0.000507064 -0.000466094 0.00459064 -0.00126105 0.000439435 -0.00213081 -0.00084129 -0.00192087 -0.00420103 -0.0028787 -0.00160378 0.00239655 0.000256924 -0.0029683 -0.00288672 -0.00354899 -0.00261422 -0.00125764 -0.00499846 0.00284142 
0.000814773 -8.31951e-05 0.000161286 -0.000412635 5.46649e-05 -0.000990715 -0.00312796 -0.000659033 -0.00229438 0.00140859 0.00145688 0.000428225 -0.00356379 -0.00172884 -0.00271769 -0.00249912 -0.00762949 0.00356292 0.0049939 5.29206e-05 -0.0020545 -0.00456355 0.00500356 0.000126444 0.00116833 -0.00575962 0.00269789 0.00456057 -0.00922335 0.00108223 -0.001981 0.0525235 0.00224544 -0.000787406 2.60394e-05 0.00114617 0.00178342 4.03788e-05 -0.00831865 -0.00807455 0.00256916 0.000361645 0.00151388 -0.000683879 0.00191297 0.000232535 0.000897096 -0.000736767 -0.00254906 7.30167e-05 -0.00122875 0.000886233 0.000315053 -0.000769819 -0.000813673 0.00339966 -0.00115857 -0.00145372 8.3866e-05 -0.000972155 -0.000433986 -0.00107662 0.000221224 -0.00148101 -0.000457035 -8.02726e-05 -0.00329729 9.73066e-05 -0.000457424 -0.00572731 -0.000443882 -0.0021432 0.00293215 -0.000724222 0.00229253 -0.000360661 -0.00159291 -0.000828973 -0.000579322 -9.39549e-05 -0.000545403 0.00109568 0.00127561 -0.000113427 0.000567808 -0.00238405 -0.00135883 -0.000473664 -0.000657074 -0.00223311 0.000299471 -0.00104214 0.00438885 -0.00199764 -0.00117631 0.000826349 -0.00169731 0.0013743 -0.000996092 -0.00166558 
3.20496e-05 -0.000395644 0.00271871 -0.000331901 -0.00547324 -0.00171842 -0.00569022 0.000371637 -0.000101666 0.00183325 0.000172114 0.000919834 -0.00441902 0.00182813 -0.00199179 0.00561383 -0.00221211 -0.00084446 -0.0075175 -0.00554629 0.00396709 -0.00606172 -0.0089355 -0.00497533 -0.011223 0.00953642 -0.00201268 0.00886216 -0.00374277 -0.00123578 -0.00415207 0.00224544 0.0889421 0.000749412 -0.000214949 -0.00211366 -0.0024883 -0.00607838 -0.0170781 -0.00929721 0.00151199 0.00188117 0.000373054 0.00325975 0.00841659 0.00012245 -0.00137878 -0.00174674 0.00275305 -0.00458596 -0.00129679 0.0032281 -0.000138591 0.00420724 -7.75638e-06 -0.000905656 -0.00388365 -0.000534463 0.000550663 0.0018241 -0.00196491 -0.00458716 0.00311993 0.0037895 -0.000871967 -0.000259105 -0.00817884 0.00402987 -0.00395285 -0.00518028 -0.00289121 -0.0096937 -0.00126362 0.0102527 0.000393087 0.000108412 -0.00253427 -0.00674486 0.0006381 0.000868656 -0.00151236 -8.60474e-05 -0.000245785 -0.0024068 0.0024986 0.00344689 -0.00153752 0.000133609 0.000619782 -0.00655918 0.000325627 -0.0011418 -0.000287428 -0.00380309 0.0022373 0.00596143 6.2387e-05 0.00118468 0.00196761 -0.00152553 
-0.00131388 0.00034151 -0.000712168 0.000984923 -0.00219698 0.00105856 0.00275501 -0.000493624 -0.000885958 -0.00016143 -0.00182131 0.00418596 -0.00228151 -0.00189225 0.00405556 0.00600466 0.00726304 0.00325762 -0.0112107 -0.00487298 -0.00958891 0.00768772 -0.00334521 -0.00274111 -0.0133089 0.0132529 -0.0152298 0.000896169 0.00667554 -0.00152527 0.00279619 -0.000787406 0.000749412 0.0661318 -0.000533101 -0.00144431 0.00508803 -0.00707196 -0.000473472 -0.00501611 0.00086218 0.00188864 -0.000770232 -0.000381502 -0.00105834 -0.000238381 -0.000665468 -0.001556 0.00258355 -0.00139867 -0.00118461 -0.00361905 -0.000647296 0.00409959 0.000376773 0.000246154 -0.00352288 -0.000265436 0.000178352 9.30886e-05 -0.00242813 0.00424058 -7.52346e-06 0.000764772 -0.00190803 0.00268185 -0.00217894 -0.0011529 -0.000649024 -0.00555757 -0.00410408 -0.00222582 -0.000685811 -0.00307534 -0.00155514 -0.0030396 -0.00138092 -0.00200915 -0.00286461 0.000285997 0.00192121 -0.000653797 -0.0022826 0.00126005 0.000297619 1.56549e-05 0.0002114 -0.00103476 0.000922456 -0.00631208 0.000957549 -0.000533775 -0.00202617 -0.00270646 -3.09495e-05 0.00192271 0.00018513 -0.00160448 -0.00431057 0.0013545 
