0.139236 4.80148e-05 -0.000216752 0.00011316 0.0134326 -0.00339848 0.00204197 0.000375718 0.00432784 -0.0100473 0.00125104 -0.0026327 -0.00904969 -0.0121673 0.000291247 -0.0218761 -0.00232704 0.00220019 -0.0240466 0.00403205 0.00180934 0.00500876 -0.0295856 -0.0110676 0.00454917 0.00136543 0.0089714 -0.00495612 -0.000380699 0.00535813 0.0242288 -0.000668723 -0.00718387 0.000250991 -0.00211712 0.00211384 0.00239776 -0.00271147 -0.000736065 0.000605818 -0.00967178 -0.00155144 -0.00356821 -0.000233141 -0.000520564 0.0132874 -0.000517763 -0.00302141 0.00488098 -0.00246033 -0.000995215 -0.0110238 0.0023503 0.00297699 -0.0113408 0.00424416 0.000396461 -0.000861664 -0.0057865 -0.000139365 0.00519004 -0.000260358 0.000737707 -0.00275053 0.000591934 0.00106049 0.00016551 -0.000352398 -0.0100537 -0.00129425 -0.0069324 -0.00761592 0.000565901 0.0014264 -0.00294473 0.00114196 -0.00687661 -0.00693191 -0.00173565 0.000596172 -0.00349371 0.00101697 0.000191311 0.000549517 -0.000804406 -0.00186046 -0.00279967 -0.000654832 -0.000400195 0.00217648 -0.00142382 0.00828869 -0.000604845 -0.00565341 -0.00311893 0.00207093 0.00649929 -0.0024343 -0.0120322 -0.00452466 
4.80148e-05 0.053669 0.000858828 -0.000375948 -0.00384546 0.00406871 -4.33104e-05 -0.000775234 0.00141761 -0.000780923 -0.00144337 -0.000831961 -0.00541979 0.00650415 -0.0118832 0.00236337 0.00296112 -0.00914725 0.00769797 -0.00482532 -0.00371635 -0.00134433 -0.00285536 0.000562831 0.00231686 -0.00606234 -0.00604271 -0.00255123 0.00649571 -0.00403789 -0.0055695 -0.00086309 -0.00124478 -0.000812587 0.000425984 -0.00104206 0.000824908 0.000154844 -0.00020611 0.000813299 0.000342616 -0.00154715 -0.00210448 0.000174599 0.000235642 -0.00376579 -0.000362998 0.000696159 -0.00294412 -0.000160519 -0.00157998 -0.00584092 -0.00137871 -0.00329533 -0.000433766 -0.000402122 8.01768e-05 9.66073e-05 -0.000515468 0.000373842 -0.000206614 9.65232e-05 -0.00072468 -0.00128884 0.00411852 0.00238057 -4.74203e-05 6.78211e-05 -0.00111652 -0.000423473 -6.00498e-06 -0.00154636 0.000109433 -0.00246424 0.000917089 -0.000423977 -0.00214252 -0.00281737 0.00162717 -0.000364308 0.00592137 0.00109205 -0.00180939 0.000389713 -0.000254753 0.000930524 5.72562e-05 0.00013779 -0.00112163 -0.000583024 -0.000538869 -0.000311104 -0.000319254 -0.000543954 -0.000202397 -5.91601e-05 0.000104724 -0.000169712 0.00706141 0.00134217 
-0.000216752 0.000858828 0.127637 0.00286038 -0.00419628 0.000654119 -0.00685146 -0.00380469 0.00250968 -0.00226361 1.68605e-05 -0.00254989 -0.00507322 -0.0095479 0.00290867 0.0011664 -0.0127076 -0.00381865 -0.000845391 -0.000416214 -0.0121174 0.0208975 0.010502 0.00235668 -0.0045541 0.00702883 0.00281281 -0.00412189 -0.00271714 -0.00469099 -0.00921093 -0.00255809 0.00147462 -0.00038707 -0.004 -0.000992377 -2.03959e-05 -0.00182036 -0.00109788 -0.000805139 0.000802804 -0.00068239 -0.00160875 -0.00144515 0.000378997 -0.00364774 -0.000630784 3.59672e-05 -0.000937271 -0.00284203 -0.00495193 -0.0118466 0.000563129 -0.00962862 0.000341298 -0.00371822 0.000779114 -0.000484845 -5.50251e-05 -0.00070476 -0.00165966 4.60272e-05 -0.00286084 -0.00355626 -0.00365363 0.000598471 -0.00148992 -4.95448e-05 -0.00123921 -0.00199093 0.00220265 -0.000306604 -0.00083022 -0.00282416 0.000768946 -0.000146184 -0.00661658 -0.00503111 0.00466453 -0.000789326 -0.00122177 -0.00431912 -0.000517684 -0.000293041 0.0011026 -0.000842805 -0.000372382 0.000545365 0.00395939 -0.00118923 -0.00261233 -0.00202158 0.00145971 -0.00536709 0.00165061 -0.000849617 -0.00111194 -0.00558834 0.000572813 -0.000235822 
0.00011316 -0.000375948 0.00286038 0.0382128 -0.000389721 0.00062892 0.000703886 0.0027072 0.00236559 -0.00239244 0.000507835 -0.000598167 -0.00281679 0.0017566 -0.00440142 -0.000996969 -0.00484892 -0.00291042 0.00207226 -0.00409928 -8.25662e-05 0.00383909 -0.00278316 -0.00192222 -0.00891493 -0.00254995 -0.00368184 -0.000562616 -3.9194e-05 -0.00599833 0.00339637 0.000393179 0.00336732 -0.0010161 -0.00106495 -0.000471555 0.000497227 -0.00085326 -0.000559259 0.000587641 -0.00132012 -0.000859357 -0.0012231 0.000190076 -4.72712e-05 -0.000803618 -0.000233605 0.00025898 -0.00192112 -0.000229424 0.00044766 -0.00204994 0.000422387 0.0021492 -0.000252819 -0.000901715 1.11991e-05 -0.00103862 -0.00227862 -8.27838e-05 -0.00125634 0.000180933 0.000438956 0.000999181 0.000570152 -0.000649249 -0.000479507 -0.000201789 -0.00107819 -0.000533989 -0.000839549 0.000451992 -0.000157191 -0.000610947 0.000172624 -0.000173548 0.00349543 7.79921e-05 0.000205274 0.000146936 -0.000868036 0.00228642 -8.03517e-05 -0.000353813 0.000158223 0.000261749 0.00103628 -5.9208e-05 -0.00119168 5.98382e-05 -0.000440412 3.05457e-05 -7.7889e-05 -3.2121e-05 0.000452918 0.000309599 0.000567255 0.000571725 -0.00264898 -0.000658023 
0.0134326 -0.00384546 -0.00419628 -0.000389721 0.154356 -0.0012255 0.0021474 -0.00302228 -0.00109519 -0.00832695 -3.01962e-05 -0.0018679 0.000149214 -0.0333905 -0.00462557 0.000697102 -0.0196508 0.0121236 -0.00817129 0.00318691 0.00380545 0.0019396 0.00985657 -0.0245823 0.00687571 -0.013756 -0.00466441 0.00163061 -0.00513686 0.00354579 0.00649669 0.000952051 -0.0118294 -0.00251963 -0.00166223 0.0010187 -0.00216885 0.00292325 0.000488384 -0.0024463 -0.00153539 0.00147189 -0.00291906 -0.00317193 -0.000517766 -0.0172081 -0.00125453 0.000579958 -0.0102261 -0.00327122 0.00360637 0.00740912 -0.00361584 0.0161008 -0.0024121 -0.00278467 -0.00024016 -0.00430507 -0.00389011 -0.000725692 -0.0053958 -0.000845998 -0.00307267 -0.00300918 0.00578415 0.0013782 0.000413671 0.00180514 -0.00308583 -0.00143422 0.00518273 0.00329886 0.000696399 0.00450336 -0.000846038 -0.000665001 -0.00367958 0.00159973 0.00552586 0.00131242 -0.00504796 0.000284832 -0.00173259 0.000621986 -0.000765285 -0.000655012 -0.000587592 0.000711656 -1.89526e-05 -0.00103871 -0.00175829 -0.00314569 -0.00470749 -0.0104713 -0.00138784 0.000307856 0.002012 -0.00413243 -0.00996997 -0.00609807 
-0.00339848 0.00406871 0.000654119 0.00062892 -0.0012255 0.0739293 -0.00122912 -3.93959e-05 0.00470383 -0.000712546 0.000229665 -0.00162319 -0.0049852 0.0027019 -0.0130315 0.00162159 -0.0014351 -0.0112216 0.0210793 -0.0120203 -0.00554815 0.00708277 0.00487587 -0.00179301 -0.00617939 -0.00484073 -0.0103148 0.00124115 0.00686294 -0.0101245 -0.0123325 -0.00226949 -0.00352585 -0.00138267 0.00195546 0.00211845 0.00100818 -0.00112683 -0.0011953 -0.000284898 0.000555244 -0.000917336 -0.00211431 0.00161356 -0.000438157 -0.0119204 0.000815442 0.000584835 -0.00587555 -0.000648256 -0.00221014 -0.00355731 -0.0024979 0.0138945 -0.00384205 -0.00334311 -0.000728702 -0.00236794 8.34721e-05 -0.000330031 -0.00258798 -0.000138541 -0.000737798 -0.00369094 0.00852966 -0.000832998 -0.000713596 5.84519e-05 -0.00565678 -7.35375e-05 -0.00190956 4.93924e-05 -0.000198272 -0.00180941 0.00246233 0.00174078 -0.00237552 0.000510055 0.00888636 0.0011636 0.000353891 -0.000196679 -0.00279283 0.00128055 0.00048135 -0.000347994 -0.000199449 0.000574573 0.000932879 0.00043572 -0.000998464 -0.00406963 -0.00121817 -0.00236405 0.000469488 -0.000408378 0.000922484 0.000127108 0.00353238 0.00113144 
0.00204197 -4.33104e-05 -0.00685146 0.000703886 0.0021474 -0.00122912 0.101236 -0.000494079 0.00653703 0.00380962 -6.52425e-05 -0.00326797 -0.0244039 0.0105048 0.0019315 -0.00462215 0.00200204 0.000494752 -0.0110242 0.000294106 -0.000887958 -0.019596 -0.0108695 -0.00331409 0.00387586 -0.0227085 -0.00194616 -0.00740487 -0.00378103 0.00330684 0.0149309 -0.000111724 -0.00145103 -0.00193216 0.000871145 -0.00182597 -0.000267749 -0.00660162 -0.000630614 0.00182108 0.00136501 0.00052627 0.000686798 0.00126103 0.000308408 0.0156684 -9.06858e-05 0.000795376 0.00394304 -0.00153866 -0.000797705 -0.00104716 -0.00177447 -0.00371118 0.000585181 0.00265941 0.000627638 0.00527169 -0.0065041 0.000336851 0.00112849 0.000366977 -0.00143749 0.00551341 -0.00279107 0.000294896 0.00028577 0.000173194 -0.00991213 -0.00208426 -0.00425187 -0.0011078 0.000275465 0.00327453 -0.0028985 -0.00101165 -0.000921376 -0.00501841 -0.00433433 0.000513198 -0.00344495 0.000361206 -0.00331655 0.000520855 -0.000430938 -0.0015341 0.00206474 -0.000186558 -0.000678829 0.000793764 -0.00116148 -0.00291224 0.000240844 -3.94011e-05 -0.000581247 0.000436199 -0.00115783 0.000609331 -0.00440785 -0.000981295 
0.000375718 -0.000775234 -0.00380469 0.0027072 -0.00302228 -3.93959e-05 -0.000494079 0.136532 -0.00427927 -0.00424362 0.00433951 -0.00262436 0.0182232 -0.0175636 -0.0137995 -0.0134796 0.0261367 -0.0259312 0.0126713 0.0208912 -0.0153618 -0.00749237 -0.0106786 -0.00821113 -0.0323514 0.0252666 0.00173713 0.00388315 0.00591974 -0.0316622 -0.00382125 0.00486854 -0.000374425 -0.00117239 -0.000750268 -0.00271038 -0.00123798 0.0115464 -0.00111749 0.00075015 -0.00361108 -0.00252666 -0.00165933 -0.00114282 -0.000149686 -0.0123152 0.000419435 8.669e-05 0.00217676 -0.00055257 0.00408875 -0.0149339 0.00201745 0.00248435 -0.0100758 0.00154533 -0.00197985 -0.00438382 -0.0158078 -0.000660917 -0.00363529 5.66336e-05 -0.00244311 -0.00398511 -0.000570879 -0.000819408 -0.00148138 0.000713163 0.00441018 -0.00120154 -0.00618665 -0.00151025 -0.000103576 0.000242232 0.000268502 -0.00128662 0.00570548 0.00623527 -0.00372589 -0.00252751 -0.00137256 8.64002e-05 0.00275261 0.00282496 0.00082863 -0.000721167 -0.00174537 0.000195559 2.9085e-05 -0.000151217 -0.00158269 -0.00146885 -0.00366219 0.00691497 -0.0024494 -0.000675075 -0.00016569 0.000774262 -0.00711263 0.00667704 
0.00432784 0.00141761 0.00250968 0.00236559 -0.00109519 0.00470383 0.00653703 -0.00427927 0.0807263 -0.00329332 -0.00019097 -0.0034627 -0.0161056 0.00249746 -0.00876025 -0.00102128 -0.0114692 -0.0132859 0.00260297 -0.0103319 -0.0130869 0.0162515 -0.00884782 -0.0120099 0.00400078 -0.00544759 0.00256382 0.0100467 -0.00405909 -0.0142179 -0.00301174 0.00575273 -0.00389152 -0.000616115 0.00360092 -0.000612294 0.00179704 -0.00375158 0.00040652 3.94508e-05 0.004256 0.00197426 -0.00228792 0.00132943 -0.000368028 0.00423811 0.00058793 0.00303828 2.37255e-05 0.000363648 0.00257872 -0.00922767 0.000893131 0.00894612 -0.00218399 -0.000935311 0.000196266 0.000557067 -0.00968476 1.81235e-05 -0.00102022 0.000225121 -0.00109721 0.00116891 0.00338277 -0.00111971 -0.00102415 4.14222e-05 -0.0064691 -0.000195657 0.000264188 -0.00102634 -0.000147165 -0.00204579 -0.000731857 -0.00133537 -0.00193599 -0.00272695 0.00167944 0.0020707 -0.00116242 0.000228712 -0.00172487 -0.00224541 0.000867937 0.00112172 0.00176296 -0.000357514 0.000529932 0.000744613 0.000961509 -0.00353572 -0.00231791 0.000275119 0.00132378 -0.000209605 0.000488005 -0.000667242 -0.000857452 0.00320388 
-0.0100473 -0.000780923 -0.00226361 -0.00239244 -0.00832695 -0.000712546 0.00380962 -0.00424362 -0.00329332 0.118517 -0.00063501 -0.00522243 -0.00518149 0.0166985 -0.0104938 -0.00787334 -0.00215047 -0.00318163 0.00843462 -0.00514248 0.000607667 -0.0112971 0.00972558 -0.0179675 -0.00276172 0.00716352 -0.00946942 -0.00417982 -0.0009382 0.0192814 -0.00721107 -0.00185316 -0.000104028 -0.000636299 0.00101709 -0.00133854 -0.000360405 -0.00528758 0.00204607 -0.000588532 -0.00247162 -0.00044237 0.00528646 -0.00029122 -0.000982387 0.0133847 0.000586532 -0.00399315 -0.00465758 0.00084968 0.000842261 -7.54771e-05 -0.00418298 -0.00860067 0.00963217 0.00154788 -0.00172182 -0.00224527 -0.00735509 0.000704853 3.08252e-05 -0.000318542 -0.00228877 -0.00457794 -0.00497249 -0.000128496 -0.00156582 0.000461229 -0.00503955 -0.00160238 0.00634207 -0.00794107 -0.00053886 0.000167988 -0.00069862 -0.000752421 -0.00493311 0.00034467 -0.00071013 0.000608195 -0.00171624 -0.00116666 -0.00243248 -0.00556006 -4.42341e-05 0.00140922 -0.00181564 -9.21535e-05 -0.0014229 0.000304319 0.00254883 -0.00431019 0.000369518 0.00238917 -4.55598e-05 -0.00025595 -0.00323822 0.000629509 -0.0034328 -0.0011853 
0.00125104 -0.00144337 1.68605e-05 0.000507835 -3.01962e-05 0.000229665 -6.52425e-05 0.00433951 -0.00019097 -0.00063501 0.0498182 0.00313204 0.00437099 -0.00578656 -0.00237646 -0.013667 0.00238785 -0.00343006 -0.00247465 0.00236211 0.00229228 -0.0060636 -0.00225053 -0.00469627 -0.00363773 0.00489023 0.00060161 0.00554163 -0.0006014 -0.00762748 -0.00197446 0.000857482 -0.000383042 0.000720371 8.79099e-05 0.00163732 -0.0002363 -0.000890721 -0.000891562 -0.000316232 -0.00108673 -0.000314949 -0.000113572 -0.000227351 -9.79724e-05 -0.00203709 -8.99035e-05 -0.000184184 -0.000418031 -0.000642607 0.000944487 0.00264343 -0.00028665 0.00164063 -0.00370232 0.000925009 -0.00039727 -0.000771822 -0.00115866 -0.000327966 -0.00103609 0.000232031 -0.000416744 -0.000689216 -0.000730662 -0.000176756 0.00110581 -0.000321164 -0.00280793 4.47383e-05 9.08483e-05 -0.0023584 -0.000286857 -0.000277537 -0.000573271 0.000720144 -0.0017898 -0.00157828 -0.00123445 0.00113291 -0.000973342 -0.000294341 -0.00102815 0.000462507 5.58871e-05 -0.00116072 -0.000649176 0.000104667 0.0021843 -0.000218703 0.0010511 -0.00074208 -0.00134935 -0.00199759 -0.000925989 -0.000140869 -0.000400614 -0.000254514 -0.00197047 -0.000474458 
-0.0026327 -0.000831961 -0.00254989 -0.000598167 -0.0018679 -0.00162319 -0.00326797 -0.00262436 -0.0034627 -0.00522243 0.00313204 0.0872482 -0.0047524 -0.000732192 0.00653544 0.00181592 0.00917517 -0.0062116 -0.00686997 0.00215113 -0.00350824 -0.0127808 -0.0098129 0.00621384 -0.00980397 3.79115e-05 -0.00235535 -0.0041766 0.00333768 -0.013377 0.000451292 -0.00447901 0.00270831 -0.000154525 0.000324612 -0.00217177 0.000517387 0.00465913 0.00288195 7.29713e-05 -4.95777e-05 -0.00160599 -0.00154107 -3.27375e-05 0.00100472 -0.00403378 0.000105904 0.000647016 -0.00221784 7.43238e-05 0.00636405 -0.00506087 -0.00181098 -0.00891521 -0.00132889 -0.000553137 0.000710408 0.000373371 0.0111994 -0.000110605 -0.000284803 -7.85461e-05 -0.000832488 -0.00196081 -0.00431585 -0.0003928 0.00150028 -0.000211253 0.00363904 0.00103099 -0.00361931 -0.00158054 -0.000686108 -0.00229523 0.00125175 -6.09141e-06 0.00202102 -0.00285284 -0.00132198 -0.00223742 -0.00159067 -0.00140321 0.00276141 -0.000885801 -0.000386582 -0.00149106 -0.00195586 -0.000210324 0.000459459 0.000296351 0.00174098 -0.00220364 -0.00132764 -0.00093635 -0.00110009 -0.000203386 0.00144698 -0.000596414 0.00118619 0.00101863 
-0.00904969 -0.00541979 -0.00507322 -0.00281679 0.000149214 -0.0049852 -0.0244039 0.0182232 -0.0161056 -0.00518149 0.00437099 -0.0047524 0.248279 -0.0538175 0.0231352 -0.0204288 -0.0250602 0.0137224 -0.00194654 -0.00798883 0.035244 0.010562 0.0103892 -0.018405 -0.0316515 0.0398387 -0.00593791 0.00508835 0.000877097 -0.0113079 -0.0294444 -0.0109201 -0.00431116 -0.00445299 -0.0117293 0.0038943 -0.00244937 0.0130418 -0.00207754 -0.00410215 -0.00387759 -0.00219947 -0.00200372 -0.000183257 -0.000592682 -0.0542478 -0.00187934 -0.00582177 -0.00318068 -0.00409111 0.000703519 0.0369516 0.00181418 0.0185862 -0.0251828 0.000327116 -0.00399729 -0.0127605 -0.0149147 -0.00117554 -0.0102637 -0.00294333 -0.0013142 -0.00347642 -0.000551198 -0.00510089 0.00111612 -0.0020282 0.0346245 0.000856515 -0.0117817 -0.00168596 -0.000491281 0.00134087 0.00752209 -0.000833276 0.000994563 0.00900339 0.00582076 -0.0057033 0.0022837 -0.00317241 -0.00452874 0.00169172 -0.00107101 -0.00517839 -0.00392079 -0.00266042 -0.00442919 -0.00502271 0.00228681 0.00159563 -0.00147752 0.00371919 -0.00261106 6.59667e-05 0.00788587 -0.00699683 -0.0117323 -0.00710376 
-0.0121673 0.00650415 -0.0095479 0.0017566 -0.0333905 0.0027019 0.0105048 -0.0175636 0.00249746 0.0166985 -0.00578656 -0.000732192 -0.0538175 0.233576 -0.0052987 0.0116635 0.0182343 -0.00613932 -0.00201604 -0.0352625 -0.0389685 -0.00781998 -0.0117911 0.00104943 0.0324982 -0.0275577 0.00191635 0.00182026 -0.00345942 0.0247142 -0.0131544 0.00229768 0.0108617 0.00408076 0.00853225 -0.000619701 0.00487598 -0.0183429 0.00365991 0.00360129 -0.00779656 0.000452573 -0.000654908 -0.00230461 -0.00101308 0.0493647 -0.000674552 -0.00674586 -0.00879995 0.00745938 -0.00416561 0.00232031 -0.000908035 -0.0279484 0.00615189 -0.00444706 -0.00123082 -0.000892818 0.00185527 0.00115675 0.00435817 0.00027742 -0.00163082 0.00105618 -0.00514359 -0.00586142 -0.00420571 -0.000316113 -0.0149708 -0.00210462 -0.00630857 -0.00347452 -0.000424588 -0.00784273 -0.00380003 -0.00277847 -0.00203778 -0.0106902 -0.0108157 0.00384311 0.00425929 -0.000543239 -0.00787241 -0.0124499 -0.00111716 0.000116951 -5.25971e-05 -0.000220369 -0.00314659 -0.00242769 -0.00222983 -0.0090807 0.0014713 0.0034529 0.00061246 -0.00198914 -0.00684039 0.00726006 -0.00343158 0.00531154 
0.000291247 -0.0118832 0.00290867 -0.00440142 -0.00462557 -0.0130315 0.0019315 -0.0137995 -0.00876025 -0.0104938 -0.00237646 0.00653544 0.0231352 -0.0052987 0.239118 -0.000727142 -0.00632308 0.0351608 -0.0258533 -0.0212203 -0.00954242 -0.0239037 0.00462964 -0.00279741 0.0105174 0.000146616 0.0403634 -0.0127098 -0.00865157 0.00787879 -0.0131933 -0.00502577 0.00196658 0.004084 -0.00961609 -0.000905393 -0.00172406 -0.00199297 -0.00148523 0.00141616 0.0045478 -0.00148923 -0.00412831 0.00133885 -0.00137876 -0.00468709 -0.000823228 -0.00835446 -0.00725696 0.00385768 -0.0164964 -0.0201002 0.00173654 -0.0102183 0.00197754 0.00376327 0.00124445 0.00338481 0.0290161 -7.3724e-05 -0.000760449 -0.00116443 -0.00316601 0.00245663 -0.0134217 -0.00471995 -0.00289777 -0.00375194 0.0013566 0.000899014 -0.000417386 -0.00153882 0.00139914 -0.0022932 -0.0042341 -0.0026325 -0.00286019 -0.0135648 -0.0140961 -0.00246154 -0.00609567 -0.00501497 -0.00526335 -0.000463912 -0.000301704 -0.0115397 -0.00369561 -0.00129201 -0.00342342 -0.00188884 -0.00269684 0.00434029 -0.00356328 0.00338125 2.41256e-05 0.00152231 -0.00880374 -0.0106397 -0.00740256 -0.00491466 
-0.0218761 0.00236337 0.0011664 -0.000996969 0.000697102 0.00162159 -0.00462215 -0.0134796 -0.00102128 -0.00787334 -0.013667 0.00181592 -0.0204288 0.0116635 -0.000727142 0.241848 -0.000444866 -0.00195538 0.0155779 -0.00103929 0.00197503 0.0209717 0.00364335 0.0228741 -0.00941835 -0.0204242 -0.0130216 -0.0286074 -0.0125691 0.0119442 0.00425888 -0.00104665 -0.00821409 0.00304612 -0.000480758 -0.00315034 -0.00265446 -0.00866232 -0.000386957 -0.00441743 0.00200758 0.000854522 -0.00756927 -0.00221957 -0.000899892 0.013326 -0.000953031 -0.00125762 -8.2428e-07 -0.00637531 -0.015115 -0.0192258 -0.00193588 -0.0192355 0.00647501 -0.00792618 0.00105259 -0.00547721 -0.00238753 -0.00232484 0.00348721 0.000263859 -0.00513846 -0.000718917 -0.0028574 -0.0032414 -0.00202565 -0.00173879 -0.00412162 -0.000637494 -0.00139779 0.0014354 -0.00381793 -0.00781934 -0.00263801 -0.00498277 -0.00259831 -0.00162688 -0.00373711 -0.00757679 -0.00174941 -0.00675823 -0.000363936 -0.0123007 -0.00313767 0.00302403 0.00719521 0.000554112 -0.00996074 0.00209759 -0.00360906 -0.0111677 -0.00467795 0.000686821 -7.68397e-05 -0.00114059 -0.00647929 0.00632388 0.014616 0.00331935 
-0.00232704 0.00296112 -0.0127076 -0.00484892 -0.0196508 -0.0014351 0.00200204 0.0261367 -0.0114692 -0.00215047 0.00238785 0.00917517 -0.0250602 0.0182343 -0.00632308 -0.000444866 0.24766 -0.0157123 -0.00452044 0.00169486 -0.0258403 -0.00673176 -0.0351705 0.0175181 0.00856404 0.00834875 0.0067144 0.00110217 0.00774691 -0.0326676 0.00261845 0.000933074 0.0157816 0.00350295 -0.00203615 -0.00122311 0.00105815 0.00484606 0.00105852 -0.000324035 -0.00650904 -0.00364007 -0.00596739 0.00190229 0.000773765 -0.00692041 -0.000157905 -0.00322515 -0.00188784 0.000262252 0.00825984 -0.0570621 -0.00168949 -0.0269984 -0.00727725 -0.0075043 -0.00155012 0.0037649 -0.0114126 -0.00113926 -0.00143003 0.000674782 -0.00341201 -0.00410934 -0.00508342 0.00101253 -0.00246244 -0.000174921 -0.00586373 0.00348097 -0.00771551 7.22447e-05 -0.00175811 -0.0058892 -0.0017581 -0.000960868 0.0106052 -0.00990823 0.00275318 -0.00618204 -0.00219258 0.000429184 -0.00416973 0.00086841 -0.000677198 0.00446089 -0.00314977 0.00140415 0.00445418 -0.00242994 0.00100206 0.00309846 -0.000810937 0.00370117 -0.0101312 -0.00137832 -0.0155938 -0.00412547 0.00346411 0.00846192 
0.00220019 -0.00914725 -0.00381865 -0.00291042 0.0121236 -0.0112216 0.000494752 -0.0259312 -0.0132859 -0.00318163 -0.00343006 -0.0062116 0.0137224 -0.00613932 0.0351608 -0.00195538 -0.0157123 0.219824 -0.0116738 -0.0200938 0.014665 -0.0140179 0.00397203 -0.00204577 0.0142112 -0.0173122 -0.00425113 -0.000318628 -0.0177183 0.0394068 -0.00905748 -0.0109187 5.31466e-05 -0.00401627 -0.0068692 -9.12512e-05 -0.00251359 -0.0171036 -0.00136625 -0.00574166 -0.0042437 0.00109362 0.000959523 0.000169145 -0.00149003 -0.00567893 -0.00158794 0.000387672 -0.0225229 0.00281397 -0.00664875 0.0181556 -0.00345417 0.00459674 -0.0023394 -0.00885934 0.00195354 -0.00438057 0.00393724 0.000372141 0.00231861 -0.00231119 0.00488527 0.00333693 -0.00189479 -0.00138199 -0.000102425 0.000164143 -0.0051052 0.00114623 -0.00208222 -0.00200282 -0.000872265 0.0040912 -0.000783063 -0.00414926 -0.0133445 0.00886589 -0.00467531 0.000235054 -0.00495433 0.000393168 -0.00339757 -0.00269811 -0.00351815 -0.00237401 -0.0132328 -0.00164283 -0.00148562 -0.000363796 0.00029102 -0.00374655 0.00200924 -0.000372104 -0.00146584 -0.000879553 -0.00538319 -0.00296318 -0.00926764 -0.012299 
-0.0240466 0.00769797 -0.000845391 0.00207226 -0.00817129 0.0210793 -0.0110242 0.0126713 0.00260297 0.00843462 -0.00247465 -0.00686997 -0.00194654 -0.00201604 -0.0258533 0.0155779 -0.00452044 -0.0116738 0.229051 -0.032078 -0.0113018 0.0174004 0.0139451 -0.0179298 -0.0419417 0.00845107 -0.028513 -0.00515601 0.00459506 -0.0218165 -0.0262567 -0.0119411 0.00116844 -0.00289558 0.000737639 -0.00134021 -0.00117205 -0.00299748 -0.000211506 -0.00290967 0.0050778 -0.00601746 -0.00114167 0.00271913 -0.000294038 -0.00703092 0.000907671 9.45353e-05 -0.0355662 0.00634673 -0.00442027 -0.0156238 -0.00565566 0.0206329 -0.00272799 -0.00986159 -0.00225253 -0.014685 -0.00381946 -4.87351e-05 -0.00653391 -0.000458712 -0.00361817 -0.0165391 0.0142462 -0.00351278 -0.00269332 -0.000798723 0.00490644 0.00148037 0.00596812 0.000604079 -0.00114815 -0.00863285 0.0034757 -0.00213016 0.00305237 0.00287452 0.0114553 0.00749336 0.00321967 -0.00010882 -0.00111563 -0.00110744 -6.76896e-05 0.00497164 0.00133552 -0.000276924 -0.00388121 -0.00179957 0.00114499 -0.0103167 0.00220025 0.0029283 -0.000681971 -0.00137544 0.00279721 0.0112467 0.0100737 0.00710797 
0.00403205 -0.00482532 -0.000416214 -0.00409928 0.00318691 -0.0120203 0.000294106 0.0208912 -0.0103319 -0.00514248 0.00236211 0.00215113 -0.00798883 -0.0352625 -0.0212203 -0.00103929 0.00169486 -0.0200938 -0.032078 0.24995 0.0146518 -0.0185099 -0.00772405 0.0179017 -0.0324251 0.0125416 -0.0121091 -0.00731606 -0.00216866 -0.0276495 0.0210916 0.0103878 -0.0139154 -0.00357869 -0.00400166 -0.00922673 -0.00544277 0.000952177 -0.00206726 0.00337714 -0.0170491 -0.00343879 -0.00559721 -0.00304018 -0.000741553 -0.00872086 0.000998731 0.00289804 0.0251782 -0.00985563 -0.0014854 0.0224022 0.000848991 -0.0150209 -0.00982914 0.0062876 -0.00145521 0.00754807 -0.00737311 -0.00254106 0.0029204 0.00042289 -0.00445011 0.00165354 -0.00401382 0.00211248 0.00102048 -0.000533931 -0.0104627 -0.00258842 0.00593715 0.00650145 -0.000662498 0.00634813 -0.0053077 -0.000250216 -0.00383428 0.0136056 0.00053807 -0.00816576 -0.00831492 -0.00121542 0.00131888 0.00144225 -0.000113065 -0.00215603 0.0021791 -0.00123521 0.00308132 0.00046881 -0.00247478 0.00963719 -0.00822841 -0.0153132 -0.00511741 -0.0014413 -0.00339079 -0.00867482 -0.00314561 -0.00292442 
0.00180934 -0.00371635 -0.0121174 -8.25662e-05 0.00380545 -0.00554815 -0.000887958 -0.0153618 -0.0130869 0.000607667 0.00229228 -0.00350824 0.035244 -0.0389685 -0.00954242 0.00197503 -0.0258403 0.014665 -0.0113018 0.0146518 0.219025 -0.00977503 0.0169587 0.00451608 -0.0147813 -0.0114013 -0.0213388 -0.0236764 -0.000918177 0.00919899 0.0325637 -0.0195533 -0.00818361 -0.00589612 -0.00320473 -0.00392844 -0.00352366 0.0033655 -0.00476564 -0.0060558 -0.00179644 -0.000699068 0.00548593 -0.00416501 0.00148693 -0.00806346 -0.00121605 -0.00192791 0.0088701 -0.00687879 -0.00119276 0.000709463 -0.000707082 0.00292391 -0.000251184 0.00499556 6.65447e-05 0.00190249 -0.0115616 -0.000338347 -0.000267561 -0.00268281 -0.000676146 0.00249477 -0.00554194 -0.0013158 0.00159573 -0.00190056 -0.00176567 -0.00397711 -0.00753629 -0.010425 -0.000550737 0.00435415 -0.00459859 -0.000771208 -0.000731187 0.00725877 -0.00417283 -0.00183571 -0.0015629 0.00206997 0.000932934 -0.00696602 -0.00252501 5.40901e-05 0.00262725 -0.0011145 -0.00101886 -0.00129543 0.00182299 0.00547716 -0.00506984 -0.00784097 -0.0052589 -4.69866e-05 0.00632757 -0.00705455 -0.01036 -0.00750894 
0.00500876 -0.00134433 0.0208975 0.00383909 0.0019396 0.00708277 -0.019596 -0.00749237 0.0162515 -0.0112971 -0.0060636 -0.0127808 0.010562 -0.00781998 -0.0239037 0.0209717 -0.00673176 -0.0140179 0.0174004 -0.0185099 -0.00977503 0.242506 -0.00194624 0.00909522 -0.0083472 -0.0141052 0.00705116 0.0155295 -0.00956913 -0.0224696 -0.0177421 -0.00382648 -0.0034678 -0.000853214 0.000167355 0.00233485 -0.00298383 -0.00393391 -0.00440709 -0.00324841 -0.00392725 0.00206281 -0.0113159 -0.00230118 0.000624158 -0.0242533 -0.0015684 0.000894791 -0.0111958 -0.00621258 -0.0100163 -0.0150068 -0.00202948 0.0216976 -0.0131366 -0.00547965 -0.00179298 -0.00501998 0.00130993 -0.00184493 -0.0108686 0.000290244 5.09974e-05 -0.00471485 0.00362069 -0.0099331 -0.00176333 0.000104341 0.00500291 -0.00199099 -0.00942606 0.0069186 -0.00177724 -0.00596725 0.00441178 -0.00286581 -0.00553707 0.000270525 0.013377 0.00271879 -0.000105959 -0.0100439 -0.00226483 -0.00275615 -0.000363573 -0.00262291 -0.00150768 -0.000959037 -0.00330259 0.000265559 -0.0009756 -0.0103458 0.00613346 -0.00818046 0.00467253 -0.00275568 0.00467893 -0.00536567 -0.00244655 0.000431995 
-0.0295856 -0.00285536 0.010502 -0.00278316 0.00985657 0.00487587 -0.0108695 -0.0106786 -0.00884782 0.00972558 -0.00225053 -0.0098129 0.0103892 -0.0117911 0.00462964 0.00364335 -0.0351705 0.00397203 0.0139451 -0.00772405 0.0169587 -0.00194624 0.214768 0.000507981 0.0108557 0.0188536 -0.00786315 -0.011678 0.00398399 -0.00419123 -0.0320289 -0.0261256 -0.00347327 -0.00580107 -0.00449594 0.00202576 -0.00353545 -0.0039959 -0.00251721 -0.00443835 0.00918982 0.00271712 -0.00222702 -0.00169516 -0.00143345 -0.00916166 -0.000756602 -0.0034371 -0.0132636 -0.00564252 -0.00873641 0.011384 -0.0107506 0.0195559 -0.00550036 0.000559118 -0.00479508 -0.0040811 0.0026685 -0.000374073 -0.0103657 -0.00182459 -0.00421719 -0.00856759 0.00861757 -0.000577523 -0.00284212 -0.000423234 0.00792321 -0.00440347 0.00504839 -0.00379137 -0.00148242 -0.00418815 -0.00237672 0.00266677 -0.0142743 -0.0013072 0.00783833 -0.00128082 -0.00173181 -0.00487783 -0.00509784 -0.00413543 -0.000471473 0.00118069 -0.00381881 -0.00163339 -0.00201392 0.000184754 0.00213066 -0.0119644 -0.00695507 -0.00210162 0.00146417 -0.00111389 0.00450199 0.000226601 0.00210123 -0.00530018 
-0.0110676 0.000562831 0.00235668 -0.00192222 -0.0245823 -0.00179301 -0.00331409 -0.00821113 -0.0120099 -0.0179675 -0.00469627 0.00621384 -0.018405 0.00104943 -0.00279741 0.0228741 0.0175181 -0.00204577 -0.0179298 0.0179017 0.00451608 0.00909522 0.000507981 0.207293 -0.007664 -0.0306998 0.0277145 -0.0197936 -0.00148481 -0.0189793 -0.00336978 -0.0099698 0.00389656 -0.00301464 -0.00259578 -0.00192527 -0.00141116 -0.00748926 -0.00158315 0.00203983 -0.005517 -0.00192318 -0.00558684 -0.00025163 0.000551333 -0.0177661 -0.00131841 -0.000615446 0.0210835 -0.00661963 -0.0113623 -0.00916189 0.000573728 -0.0202328 -0.000750834 -0.0046193 -0.000664403 0.00979413 0.00904471 -0.00093478 -0.00016021 0.000904618 0.00501825 0.00775168 -0.00587053 -0.00229038 -0.000405213 -0.00137402 -0.00907757 -0.000574992 -0.00731808 0.00268629 0.000493587 -0.00139336 -0.00090476 0.00569764 -0.00191414 -0.00572705 0.00109072 -0.00502814 -0.00651412 -0.000753175 -0.000727493 -0.00295653 0.000965998 -0.00659503 -0.00186836 5.81662e-05 -0.00299835 -0.00372225 -0.00531954 0.00120097 0.0111136 -0.012673 -0.00537956 -0.000941363 0.00447469 -0.0023886 0.0136346 -0.000755457 
0.00454917 0.00231686 -0.0045541 -0.00891493 0.00687571 -0.00617939 0.00387586 -0.0323514 0.00400078 -0.00276172 -0.00363773 -0.00980397 -0.0316515 0.0324982 0.0105174 -0.00941835 0.00856404 0.0142112 -0.0419417 -0.0324251 -0.0147813 -0.0083472 0.0108557 -0.007664 0.236935 -0.0295888 0.00179856 -0.00264662 -0.0087768 0.0348918 -0.00739993 -0.0105975 -0.0117374 0.00291896 1.34994e-05 -0.000403638 -0.000775703 -0.00976138 -0.00220062 -0.0017087 0.00222397 0.0040237 -0.000771364 -0.00257794 -0.00236024 0.0302508 -0.00227701 -0.00131456 0.00538932 0.000995175 -0.00167627 0.000200192 -0.00187988 -0.00163877 0.00337299 -0.00592586 3.29675e-05 0.00162961 0.0106989 -0.00120709 0.00252459 -0.000729148 0.00281729 0.0035551 -0.0025362 0.00153882 -0.00199079 0.000433843 -0.021569 -0.000395379 0.0103362 -0.0119403 -0.00137675 -0.00477488 -0.00658407 -0.00450379 -0.0102717 -0.0210343 -0.0111916 0.000876753 -0.00146281 0.000167522 -0.00997325 -0.00070682 0.000321435 0.00133617 -0.0021779 -0.000681364 0.00447692 -0.00334744 -0.00260426 -0.00144146 -0.00359248 -0.000303435 -0.000877742 0.000803214 -0.00811703 -0.00425327 -0.00213297 -0.000599613 
0.00136543 -0.00606234 0.00702883 -0.00254995 -0.013756 -0.00484073 -0.0227085 0.0252666 -0.00544759 0.00716352 0.00489023 3.79115e-05 0.0398387 -0.0275577 0.000146616 -0.0204242 0.00834875 -0.0173122 0.00845107 0.0125416 -0.0114013 -0.0141052 0.0188536 -0.0306998 -0.0295888 0.233817 -0.0122276 -0.00978668 0.0013921 -0.013208 -0.0125523 -0.00638499 0.00316366 0.0027713 -0.00917678 -0.00198278 -0.00158547 0.00664445 0.00174395 -0.00431344 0.00880479 -0.00209974 0.000896843 -0.00377057 -0.00292547 -0.000699966 4.43372e-05 -0.00534682 -0.0130433 -0.00198921 0.00466826 0.00581177 0.00393342 -0.000892193 -0.0201847 0.00131561 -0.0047245 -0.00953656 -0.0011648 -0.00153422 -0.000712396 -0.000703909 -0.0086983 -0.00832927 -8.26249e-05 0.00229786 -0.00124506 -0.000266366 0.0124502 0.000217947 -0.00313154 -0.0122484 -0.00154436 -0.00293438 -0.00424591 -0.000404383 -0.00293571 -0.00279779 -0.00335639 -0.00344476 0.00425826 -0.00757932 5.87863e-05 -0.00635809 -0.00130285 0.000554993 -0.00497359 -0.00150981 -0.00180974 -0.000661622 -0.00249288 0.00109267 -0.00381595 0.0194601 -0.000824991 0.000779451 0.000879317 -0.00518879 -0.0100294 -0.00177715 
0.0089714 -0.00604271 0.00281281 -0.00368184 -0.00466441 -0.0103148 -0.00194616 0.00173713 0.00256382 -0.00946942 0.00060161 -0.00235535 -0.00593791 0.00191635 0.0403634 -0.0130216 0.0067144 -0.00425113 -0.028513 -0.0121091 -0.0213388 0.00705116 -0.00786315 0.0277145 0.00179856 -0.0122276 0.208435 0.0183383 -0.0100567 -0.0249216 -0.0187177 -0.000706427 0.00437693 0.00798587 -0.00350217 -0.0046358 -0.00208165 -0.00103297 -0.00273148 0.00339196 -0.00260261 -0.00288988 -0.00615957 -0.000771285 -0.00167609 0.0120371 -0.00122421 -0.00548634 0.00827061 -0.002962 -0.0140086 -0.01966 0.00337482 -0.00964419 0.00523352 -0.00239903 0.000140466 0.00382377 0.00243992 -0.000985159 -0.00349656 0.00200545 -0.0010269 -0.00433739 -0.00673575 -0.00367901 -0.00311968 -0.0021728 -0.00436275 -8.7627e-05 -0.0121837 0.000505636 0.00207562 -0.00452788 -0.00160775 -0.000383691 -4.93673e-05 -0.00090596 -0.00210058 0.000225169 -0.00200643 0.000329431 0.000741256 -0.00196572 -0.000506439 -0.00676516 -0.000651585 -0.000747901 -0.00482138 -0.00205897 -0.00552516 0.0027063 0.00172072 -0.0119689 0.000454228 -0.000822002 -0.00575928 -0.0111808 -0.00106411 -0.00164353 
-0.00495612 -0.00255123 -0.00412189 -0.000562616 0.00163061 0.00124115 -0.00740487 0.00388315 0.0100467 -0.00417982 0.00554163 -0.0041766 0.00508835 0.00182026 -0.0127098 -0.0286074 0.00110217 -0.000318628 -0.00515601 -0.00731606 -0.0236764 0.0155295 -0.011678 -0.0197936 -0.00264662 -0.00978668 0.0183383 0.177103 -0.000871649 -0.0245652 -0.0183889 0.0128578 0.00199744 -0.00412417 -0.00157051 0.000830375 -0.00095363 -0.00347285 -0.00155599 0.00299936 -0.00150618 -0.00301217 0.00066307 0.00209318 -0.00129402 -0.00553979 -0.000396372 0.00118699 -0.00995156 -0.00620294 0.00187883 0.0072577 -0.00301982 0.00823136 -0.00248024 -0.0028743 -0.00250933 -0.00296149 -0.00886931 0.000431704 -0.00365727 0.000681415 0.00576636 -0.00120182 0.00306903 -0.00489383 -0.00308521 -0.000338737 -0.00230509 -0.00130336 -0.00346797 -0.00583196 0.000633159 -0.00666309 -0.000587822 -0.000724324 0.00250265 -0.000666674 0.00326608 -0.00134701 0.00548202 -0.00380864 -0.004087 0.00187793 0.00102103 -0.00475686 -0.00332349 -0.000745502 0.0025101 -0.00374607 -0.00201378 5.76626e-05 -0.00413356 -0.00160842 0.00406847 -0.00135319 0.00417265 0.00324726 -0.00261674 0.00392143 
-0.000380699 0.00649571 -0.00271714 -3.9194e-05 -0.00513686 0.00686294 -0.00378103 0.00591974 -0.00405909 -0.0009382 -0.0006014 0.00333768 0.000877097 -0.00345942 -0.00865157 -0.0125691 0.00774691 -0.0177183 0.00459506 -0.00216866 -0.000918177 -0.00956913 0.00398399 -0.00148481 -0.0087768 0.0013921 -0.0100567 -0.000871649 0.0832138 -0.0070795 -0.00706977 -0.00268842 -0.00133379 -0.000942513 0.0015302 -0.000283324 -0.000110392 0.00846224 0.00026919 -0.00199012 0.000813196 -0.00153879 0.000102112 -0.00156041 0.00089784 -0.0160247 -0.000245111 0.00156966 0.00075195 -0.00277466 0.00367292 -0.00554762 -0.00139263 -0.00279329 -0.00348663 0.000263535 -0.00108868 0.000338828 0.00277265 0.000763833 -0.0022687 5.45656e-05 -0.000845978 -0.00380164 0.00374168 -0.000126629 0.00108461 -0.000203597 0.00438939 -0.000211338 -0.00235034 -0.00184748 0.00051192 -0.000484219 0.00421795 -0.000521826 0.00139004 -0.0034121 0.00220266 -0.00238023 0.00132577 0.00099011 0.0020315 -0.00355825 0.000217517 0.00298309 5.32201e-05 0.000440932 -0.00135467 0.00149993 -0.00271467 -0.00374018 0.000758273 -0.00015554 -0.000887817 1.16174e-05 0.000279343 0.00382571 0.00255658 0.00151392 
0.00535813 -0.00403789 -0.00469099 -0.00599833 0.00354579 -0.0101245 0.00330684 -0.0316622 -0.0142179 0.0192814 -0.00762748 -0.013377 -0.0113079 0.0247142 0.00787879 0.0119442 -0.0326676 0.0394068 -0.0218165 -0.0276495 0.00919899 -0.0224696 -0.00419123 -0.0189793 0.0348918 -0.013208 -0.0249216 -0.0245652 -0.0070795 0.223846 0.0309991 -0.00497635 -0.0149647 0.00278305 0.00195725 0.00224346 -0.000116802 -0.0158018 -0.00217712 -0.00405395 -0.00516531 0.00452065 0.00748442 0.00123156 -0.00139373 0.0117602 -0.00028892 -0.00371845 -0.00204901 0.00320699 -0.00795912 0.0331546 -0.00144208 -0.00788142 -0.00158721 -0.00300782 0.00202227 -0.0048006 -0.000549181 0.000208829 0.00694382 -0.00101845 0.00347286 -0.00301447 -0.00774494 0.00170926 -0.00204784 0.000991635 -0.00471297 -0.0023243 -0.00723678 -0.00695184 -0.000103141 -0.00244782 -0.000323604 -0.00258225 -0.0141705 -0.00650644 -0.0109268 0.000246597 0.00191292 -0.0102618 0.00123958 -0.00165755 -0.000746389 -0.00583969 -0.00330748 0.000638578 -0.00135684 -0.000324047 -0.00127653 -0.0101208 0.00180384 0.000632767 -0.00206798 0.000762485 -0.00386418 0.00181794 -0.00289153 -0.00876478 
0.0242288 -0.0055695 -0.00921093 0.00339637 0.00649669 -0.0123325 0.0149309 -0.00382125 -0.00301174 -0.00721107 -0.00197446 0.000451292 -0.0294444 -0.0131544 -0.0131933 0.00425888 0.00261845 -0.00905748 -0.0262567 0.0210916 0.0325637 -0.0177421 -0.0320289 -0.00336978 -0.00739993 -0.0125523 -0.0187177 -0.0183889 -0.00706977 0.0309991 0.202982 0.00812362 -0.0157184 0.000988294 -0.0026857 -0.0046497 -0.00204116 0.00214693 -0.00191885 0.00040406 -0.00636771 -0.000624285 0.0013653 -0.00671195 -3.83627e-05 0.00549249 -0.000353843 -0.00147757 0.0131616 -0.00239459 0.00514929 -0.0129874 -0.00140241 -0.0205825 -0.00019586 0.00325234 0.00378327 0.00629458 -0.0209207 0.000213172 0.00593622 -0.000292647 0.000961061 0.00531685 -0.00791892 7.15701e-05 0.000188756 -7.47029e-05 -0.00784842 -0.00390923 -0.00594484 -0.0052332 -0.00107742 0.00765145 -0.0061532 -0.00207193 1.61404e-05 -0.00452137 -0.0107934 0.00126033 -0.00454656 -0.00357803 0.00956578 0.0117818 -0.00124704 -0.0038417 0.00176313 0.00060732 -0.00362444 0.000751341 -0.00031997 0.0129284 -0.00263993 -0.00458539 -0.00613823 0.0013879 0.00134272 -0.000910392 -0.0113526 -0.00472187 
-0.000668723 -0.00086309 -0.00255809 0.000393179 0.000952051 -0.00226949 -0.000111724 0.00486854 0.00575273 -0.00185316 0.000857482 -0.00447901 -0.0109201 0.00229768 -0.00502577 -0.00104665 0.000933074 -0.0109187 -0.0119411 0.0103878 -0.0195533 -0.00382648 -0.0261256 -0.0099698 -0.0105975 -0.00638499 -0.000706427 0.0128578 -0.00268842 -0.00497635 0.00812362 0.102467 -0.00249399 0.000883726 0.00169509 -0.0019108 0.00055043 -0.00310048 0.000391835 0.000858731 -0.00282276 -0.00138418 -0.00145739 -0.00252721 0.000179234 -0.00143347 0.000713326 0.00104226 0.00496187 -0.000583343 0.000235369 -0.00333015 0.000655862 -0.00124094 0.000815812 0.00105728 0.00167491 -0.00213808 -0.00886382 0.000895616 -9.05395e-05 -0.000286062 -0.000333346 0.00348525 -0.00344846 0.000313588 -0.00125116 -0.000354114 -0.00367028 -0.000336342 0.000764227 -0.00355294 0.000334597 -0.00102675 -0.00018282 0.00241757 0.00986307 0.00236026 -0.00271184 -7.58763e-05 0.00103807 0.000838626 -0.00196423 0.00332047 0.00136294 -0.00156482 0.000213104 -0.000112357 -0.000878506 -0.00030879 -0.00215063 0.00333246 0.000612203 -0.00379988 0.00252633 -0.000838208 -0.000183409 0.00325947 -0.00308677 0.000434509 
-0.00718387 -0.00124478 0.00147462 0.00336732 -0.0118294 -0.00352585 -0.00145103 -0.000374425 -0.00389152 -0.000104028 -0.000383042 0.00270831 -0.00431116 0.0108617 0.00196658 -0.00821409 0.0157816 5.31466e-05 0.00116844 -0.0139154 -0.00818361 -0.0034678 -0.00347327 0.00389656 -0.0117374 0.00316366 0.00437693 0.00199744 -0.00133379 -0.0149647 -0.0157184 -0.00249399 0.0942413 -0.00133302 -0.0022749 -6.55463e-05 0.000962519 0.000363609 -0.000895945 0.000650213 -0.00292782 -0.00251609 -0.000105122 -0.000533803 -0.000271761 0.00233612 -0.000700735 -0.000620661 -0.00582602 0.00145628 -0.00155171 -0.00780303 0.00440591 -0.00612066 7.96837e-05 -0.000775936 -0.00133675 -0.00196979 -0.00485717 0.000553725 -0.000349174 2.54828e-05 -0.00115448 -0.00269853 -0.00337874 -0.00102849 -0.000596151 -0.000360956 3.41518e-05 -0.00126389 0.00083504 0.0021648 -0.000879051 -0.0030045 0.001599 0.00164307 0.00322329 0.0014405 -0.00116831 -0.00123476 0.00127163 -0.00267231 0.00013615 -0.00407308 -0.00028229 -0.000208555 -0.000915763 0.000313354 0.00169695 0.000988605 0.00103177 -0.00115135 0.00523038 0.00691945 -0.00219386 -0.00028085 -0.00265408 0.000906746 0.00666656 -0.000155234 
0.000250991 -0.000812587 -0.00038707 -0.0010161 -0.00251963 -0.00138267 -0.00193216 -0.00117239 -0.000616115 -0.000636299 0.000720371 -0.000154525 -0.00445299 0.00408076 0.004084 0.00304612 0.00350295 -0.00401627 -0.00289558 -0.00357869 -0.00589612 -0.000853214 -0.00580107 -0.00301464 0.00291896 0.0027713 0.00798587 -0.00412417 -0.000942513 0.00278305 0.000988294 0.000883726 -0.00133302 0.0418358 -0.000315109 0.000637974 0.000244484 -0.000755165 0.000107288 8.58126e-06 0.00251015 -0.000818422 -0.000628805 -0.000351768 -0.000199546 0.000508495 0.00042034 -0.000566834 0.000501415 -6.26298e-05 -0.00130617 -0.00544429 -0.000314128 -0.00452812 0.00181886 -0.000620668 -4.87768e-06 -0.000462313 0.000935068 -0.000211422 0.000803128 -1.66073e-05 0.000221226 0.000636339 -0.00139846 -0.00108071 4.02196e-05 -2.31314e-05 -0.000439387 -0.000244023 -0.00109496 -0.00211696 -7.6673e-05 -0.000448572 -0.0011357 -0.000628823 -0.00239741 -0.00144661 -0.0027603 1.45673e-05 0.00108033 -0.00174044 0.000305887 -0.00130804 -3.10032e-06 1.51659e-05 0.00150475 -4.56684e-05 -0.000527877 -0.000141526 -0.00124507 -0.00113314 -0.000663159 0.000994761 -1.28121e-05 0.000680384 -0.00110597 -0.000700805 -0.00162531 -0.000152273 
