0.0230808 0.000744465 0.000250603 3.07081e-05 -0.00207836 0.0023682 -0.00183604 0.00026255 0.000257191 -0.00134506 -3.64913e-05 -0.0042003 -0.00298723 0.000253388 -0.00194549 -0.000502694 0.00017289 -0.00240594 -0.000288931 -0.00217171 -0.00217163 -0.00207343 -0.00151269 -0.00129087 0.00218339 -0.000235733 -0.00102533 0.000260846 -0.00225037 0.000829559 0.000625809 -0.000309565 -0.000804073 -2.60658e-05 0.000621958 -0.00100547 0.000790122 0.000927899 -0.000124271 -0.000314717 0.00104884 0.000291437 0.00126809 0.000277007 -9.85465e-05 -0.00010113 0.000259319 0.000746555 -0.000336004 -0.00173059 0.000384125 -8.29862e-05 0.00124046 0.000694393 -0.000677951 0.000838894 -0.00127758 0.000129475 -0.000136953 -0.000423854 -8.72526e-05 -8.8635e-05 0.000508737 0.000109534 0.000173502 -0.00060023 -8.72592e-05 0.000923646 -0.000103398 0.000111774 -0.00182966 0.000272594 -0.000195392 -0.000131761 -0.000112745 0.00010295 -0.00102313 -0.000730202 -0.00105821 -0.000320238 0.000465548 0.000181835 -0.000814144 5.30713e-05 0.0018041 0.000121628 8.21687e-05 -0.000320457 -0.000735896 -5.51039e-05 -7.35963e-05 -0.000475122 0.000113169 0.000103585 0.000888963 -0.000835432 1.83929e-05 0.000447868 1.1638e-05 0.000152175 
0.000744465 0.152438 -0.000565733 0.00146571 -0.00423208 0.0157342 -0.00254717 -0.000688283 0.00200089 -0.00563541 -0.00160363 -0.012258 0.0180034 0.00783739 -0.00901861 -0.0056255 -0.00576436 0.0124048 0.00712795 -0.00644284 0.0152225 0.000302583 -0.00944523 -0.018002 0.00794175 0.00310888 -0.000834971 -0.00294744 0.000641296 -0.0072533 -0.0171218 -0.00252208 -0.00868511 -0.00185253 -0.00835184 -0.00063514 0.000661392 -0.000791368 0.00560319 -0.0033968 -0.00269719 -0.00418306 0.00444432 0.00477086 -0.00211786 -0.00219036 -0.00195987 0.000173048 -0.00136944 -0.00563867 0.00588133 -0.00264629 -0.00547264 -0.000625223 0.00334061 -0.00152081 -0.00534736 0.00112886 -0.00439914 -0.0141082 0.00169247 0.000482005 -0.00112132 -0.000829244 -0.00167907 -0.000136704 0.00133003 0.00480255 -0.00358347 0.00024022 -0.0105019 -0.00404112 -0.000764691 -0.00145683 -0.00697604 0.00241228 -0.0105 -0.00468897 -0.00978368 -0.00319416 -0.0025867 0.00575364 -0.00679576 0.00131978 -0.00937508 0.00161387 -0.00319718 -0.00108249 -0.00278106 -0.000226963 -0.00270596 -0.000294834 -0.000880044 -0.00146419 1.85542e-05 -0.00084624 -0.000243677 0.00255665 -0.00638935 -0.00457592 
0.000250603 -0.000565733 0.0176826 -7.37685e-05 0.000288894 -0.000700579 -0.000209354 0.000596305 -0.00269296 1.77899e-05 0.00121222 0.00109596 -0.00102186 0.000347179 -0.000192243 0.0010605 -0.000397011 0.000722081 -0.00125352 -0.00100929 -0.00126149 -0.000305601 -0.0030827 -0.00124789 -0.00298791 0.00151974 -0.00108406 0.000483919 -0.0018745 0.00202975 3.16502e-05 5.85071e-06 -0.00158922 0.000205334 -0.00026547 -0.000131915 -0.00013056 0.000561688 -0.000181663 -0.000466681 -0.00135202 0.000471062 -0.00133234 0.000159337 -0.000242179 0.000109132 0.000177978 8.98098e-05 0.000340928 0.00129653 -0.000111651 -0.000343929 -5.73365e-06 -5.24301e-05 0.00133021 -0.000132475 -0.000780819 0.000255414 -0.000388205 -0.00161199 0.000332986 -0.00017534 0.000767683 0.000217521 0.000332356 -0.000322451 -5.22813e-05 0.000434045 0.000109742 -6.48879e-05 -0.00180097 0.00127719 0.000194307 0.00025365 -0.00010214 0.000833211 -0.000286737 -0.000111925 -0.00072481 -0.000748882 -0.000149193 -0.000786412 -0.000927112 0.000317044 -0.000607031 3.53645e-05 -4.30763e-05 -9.01219e-05 -0.000478125 -0.00058658 -0.000171244 -0.000294196 -2.2526e-05 -0.000130926 8.83219e-05 -1.87794e-05 -4.58964e-05 -0.000553488 -7.13989e-05 0.00091037 
3.07081e-05 0.00146571 -7.37685e-05 0.0360953 -0.00294689 0.00261567 0.000618838 0.000776856 -0.000327561 -0.00098482 -0.000741782 -0.00478721 -0.000805082 -0.000338339 0.00242559 -0.00308441 -0.000506374 0.00172855 0.00186257 0.00011411 -0.00424578 -0.0011978 0.000586575 -0.00319297 -0.00510082 -0.00803657 0.00295735 0.00033196 0.00531937 -0.00357785 0.000588293 -0.000401999 -0.00280534 -0.000517114 -0.000665865 -9.0471e-06 -0.000558336 -5.24354e-07 -0.000635451 -0.000866333 -0.00167934 0.000200056 -0.0011933 0.000923244 -0.000205196 -5.27382e-05 -0.000434965 0.000293535 -0.000668407 -0.00112153 0.00174516 -0.000705722 0.000747972 -0.00124774 -0.00230386 -0.000377758 -0.00161801 0.000663938 -0.00141967 0.000125549 0.000625499 0.00126421 -7.60385e-06 4.36882e-05 -0.00072868 -0.000161579 -0.000180939 0.00115727 9.70821e-05 -9.47475e-05 1.82945e-05 0.00056742 -0.000678648 -0.000105831 -0.00127745 6.26022e-05 -0.00172934 -0.000946252 -0.000932207 0.00145275 -0.000576668 0.00145441 0.000927778 0.000875321 -0.000677388 -0.000388274 -0.000928028 -0.000410908 -0.000475848 0.00191417 0.000797674 -0.000549844 6.57676e-05 0.000158896 -0.000196758 -0.00116648 -0.000453391 0.00132831 -0.00136541 -0.00155955 
-0.00207836 -0.00423208 0.000288894 -0.00294689 0.139504 -0.00875927 0.00113423 -0.00343529 -0.0232365 -0.00131033 0.00685432 0.0200429 0.00163904 -0.00241358 -0.00951594 0.0211987 -0.00727057 0.00127661 0.0238825 -0.0253841 -0.0119507 0.00346654 -0.00126992 -0.00548809 -0.0226549 0.014039 -0.0176563 0.00257566 0.000482859 -0.00896522 0.00410333 -0.00136709 -0.0114586 -0.000364664 -0.00297979 -0.00363377 0.00153772 -0.00275881 -0.00260686 -0.00190904 -0.0108041 0.00212784 -0.00981706 0.00053505 0.00295182 -0.000693764 -0.0002866 -0.0019255 -0.00198312 0.00984889 -0.00675543 -0.00272769 -0.00326567 -0.00145638 -0.00563716 -0.00101664 -0.000775007 0.000537451 -0.00157763 0.00699982 -0.000295642 -0.00505137 -0.00152341 5.25e-05 -0.000735861 -0.000412603 -0.00220817 -0.00137911 0.0069564 -0.000471181 0.0149487 -0.00429019 0.000241593 -0.000540981 -0.002077 -0.000252673 -0.00569253 0.00328521 0.00242902 -0.000787816 -0.00331718 -0.00782703 -0.00742171 -0.000876991 -0.0110592 0.000576724 -0.00211699 0.00225484 -0.00347245 -0.00315709 0.0005451 0.00709561 0.000683028 0.00132369 0.000763172 -0.00310651 2.48697e-06 0.00377767 -0.00383733 -0.00368392 
0.0023682 0.0157342 -0.000700579 0.00261567 -0.00875927 0.157713 -0.00726079 -0.000523491 -0.0099813 0.00236118 -0.0119702 -0.0142555 0.0110895 0.00200093 0.0108971 -0.00964323 -0.00524184 0.00896611 0.0078105 0.0144955 -0.00491847 -0.00976097 -0.00379286 -0.00617806 0.0166644 -0.0127001 0.00665996 3.76887e-05 -0.0083986 -0.012957 -0.00968134 0.00195395 0.00334742 -0.0019153 -0.00847246 -0.00650146 -0.0017071 -0.00295447 0.00157098 -0.00350954 -0.00565716 -0.00607954 -0.00210475 0.00455424 0.00859345 -0.00270172 -0.00162243 0.00132222 -0.00238837 0.00325251 0.0218126 -0.00691612 -0.00967314 0.00110366 -0.00789028 0.00295969 -0.00354544 0.00250985 -0.000104766 -0.0251859 -0.00194243 -0.00576121 0.00177037 -0.00124077 -0.00136796 -0.0029839 -0.00217983 0.000217139 -0.0070546 -0.00047465 -0.00368733 -0.00675156 -0.0010781 -0.00102461 0.00062506 -0.000346655 0.000444259 0.00189123 -0.00266468 0.00278031 -0.00206979 0.00440525 -0.00456904 0.00104481 -0.00781468 -0.00269287 -0.00349792 -0.0064312 -0.00616867 -0.00244551 -0.00261693 -0.0043859 -0.00115711 -0.00153156 0.00390448 0.00282828 -0.00125143 -0.00811341 -0.000941249 -0.00240706 
-0.00183604 -0.00254717 -0.000209354 0.000618838 0.00113423 -0.00726079 0.112739 -0.00011551 0.0176211 -0.00346795 -0.00478044 -0.0116883 0.0027783 -0.00223551 0.000515126 -0.0246203 -0.00208304 -0.0021562 0.0108776 0.0137384 -0.00233673 -0.00871302 0.00271913 0.00549761 0.0054703 -0.0187015 0.00415014 -0.003646 -0.0217265 -0.00888806 0.013915 -0.00273809 0.00729697 -0.00154255 -0.00220864 0.00468827 -0.00135435 -0.00457298 0.000219961 -0.000325524 0.00133921 0.000423444 0.00423201 -0.00042728 -0.00507702 0.000894521 0.000549345 -0.000481197 0.000512162 -0.00530792 -0.00445513 -0.000468908 -0.00509325 -0.00233493 -0.000126763 -0.00248956 -0.00548586 -0.00328369 -0.00481572 0.00111171 0.00226596 0.00110874 0.00230471 0.000539011 -0.000202352 -0.00221122 -0.00251704 -0.00237631 -0.00220755 0.000494792 0.00219154 0.00542618 0.000715225 -0.000179017 -0.00415557 -0.00182532 -0.00240426 -0.00357478 -0.00298888 0.000658659 -0.00138577 -0.00294356 0.00280843 -0.000701401 0.00222172 2.68113e-05 4.94057e-05 0.00557346 -0.0036887 -0.00379559 -0.00189856 0.00182062 -0.000318776 -0.00100039 -0.000346325 -0.00170348 -0.000388191 -0.0140047 -0.00398787 -0.000840647 
0.00026255 -0.000688283 0.000596305 0.000776856 -0.00343529 -0.000523491 -0.00011551 0.039522 0.00178105 0.00205721 -0.00143854 0.00301295 -0.00526216 0.000787733 0.00540979 -0.00513759 -0.00240051 -0.00165158 -0.00657055 0.00497874 0.0019077 -0.0041265 -0.00562822 0.00140502 -0.00191843 -0.00816842 -0.00785548 0.000377552 -0.00143703 -0.000239434 -0.00336891 0.000100533 -0.000551616 0.00104932 -0.000842112 0.000488567 -0.00012849 -0.00162741 -0.000793541 0.000162566 -0.000260577 -0.000495027 0.000260921 -0.000223198 -0.000311159 -0.00038624 0.000414865 3.36268e-05 0.000373637 -0.00115399 -0.000179486 -0.000839429 0.000864829 0.00103273 -0.000753122 -0.000638063 0.000656225 -0.000750892 0.00020052 -0.00208017 0.000874172 -0.0008687 0.000210829 6.50799e-05 0.000209816 -0.000637475 0.000290512 -0.000129422 -0.00130208 0.000577001 -0.00025995 0.00248204 -0.000135365 0.000317604 -2.34437e-05 -0.000623679 -0.000386636 -0.000340853 0.00286575 -0.000776158 0.000103912 0.000428948 -0.000846526 0.000349393 0.000907311 -0.000328398 0.00164157 0.00175158 -0.000312791 -1.60974e-05 0.00198789 -0.00100273 6.27988e-05 0.00142103 -0.000365405 0.000177026 0.000439166 -0.00393848 -0.000238703 -0.00116392 
0.000257191 0.00200089 -0.00269296 -0.000327561 -0.0232365 -0.0099813 0.0176211 0.00178105 0.191213 -0.00983908 -0.00104105 -0.0368802 0.00772475 0.00740767 0.00862866 -0.0341741 -0.00234168 -0.029288 -0.02371 0.0272928 -0.0067922 -0.0359752 0.00264417 -0.0120385 -0.00213348 -0.000837929 0.00551393 -0.00527966 -0.0183908 -0.0107495 0.00894305 -0.00830164 0.00493607 -0.00425623 0.00199223 -0.00508983 0.00151148 0.00426019 0.00112584 0.00311296 0.0132352 -0.00398246 0.0174996 -0.0033168 -0.0071481 0.000635682 -0.000255701 -0.00401467 -0.00271167 -0.0153564 0.000105598 -0.00489911 -0.000488597 -5.63332e-05 0.000652286 -0.000277411 -0.00541859 -0.00286161 0.00158919 0.00351775 0.000937542 0.00564278 -0.000816761 -3.25817e-05 0.00483743 0.00619524 -0.00180125 -0.00590263 -0.00850783 3.33132e-05 0.00263918 -0.000719634 -0.00157122 0.00071762 0.000399666 0.00158841 0.00332099 -0.00423741 -0.00221746 0.00400285 -0.00375787 0.0116544 0.000711703 -0.00146815 0.0182495 -0.00301873 0.000852989 0.00822474 -0.00289424 0.00737001 -0.0035732 -0.0048577 0.000831679 9.26708e-05 -0.00350196 -0.00605797 -0.0018964 -0.0185079 0.00185411 -0.00587374 
-0.00134506 -0.00563541 1.77899e-05 -0.00098482 -0.00131033 0.00236118 -0.00346795 0.00205721 -0.00983908 0.110377 -0.00383455 0.0133483 -0.0153868 0.00292586 0.00763832 0.00856739 -0.00288071 0.014059 -0.0144236 0.00325448 -0.00119208 -0.0070862 -0.0114989 -0.0159822 -0.00606444 -0.0125886 -0.022207 0.00114513 -0.00775479 0.00591785 -0.00978838 0.000932723 -0.0084535 0.0107425 0.00118771 -0.00327786 -0.000938647 -0.00377136 -0.00124505 0.00342619 -0.00256092 -0.00209671 -0.0044301 -0.001526 0.00147263 0.0008084 0.00329747 -0.000496599 0.00121196 0.00292886 0.00217474 -0.000918816 -0.00236052 0.00132668 0.00107782 0.000302021 -0.000963726 -0.00052266 -0.00349541 -0.00708257 -0.000846775 0.00397132 -0.000236475 0.00133002 0.000254271 0.000899564 -0.000756131 -0.000300574 -0.00453648 -0.000878597 0.000681499 0.00057182 0.00269823 0.00148963 0.00429106 -0.000617224 0.00340368 -0.00220822 0.00314887 -0.00118103 0.00144639 0.00122147 -0.00729226 -0.000489323 -0.0113819 -2.82494e-05 -0.000810795 -0.00253056 0.000693042 -0.00344897 0.00424079 0.00225109 0.000394884 -0.00183419 -3.05437e-05 0.0074844 0.00134689 -0.0039295 -0.00540014 0.00177089 
-3.64913e-05 -0.00160363 0.00121222 -0.000741782 0.00685432 -0.0119702 -0.00478044 -0.00143854 -0.00104105 -0.00383455 0.102848 0.00487876 0.00328402 -9.82263e-05 -0.00670993 0.00530664 -0.000210627 0.00469545 -0.00168461 -0.0063043 0.00730235 -0.0147806 -0.00440028 -0.0123211 -0.0210531 0.0129866 -0.00913316 -0.00191961 -0.00677489 -0.0069181 0.000145468 -0.00174552 -0.0132878 -0.000553137 0.00439695 -0.000627908 -0.00128648 -0.00113151 -0.000558545 -0.000987454 0.0085907 0.0107578 -0.000343537 -0.000734028 -0.000950139 9.37956e-05 -0.000255994 -0.00144958 -0.00437881 -0.0012625 -0.00382217 0.000584328 -0.00422044 -0.0029298 -0.00108553 -0.00240632 0.00269204 -0.0022911 -0.00180897 -0.00306452 -0.0019143 0.00118327 -0.00145766 -0.000599458 -0.000723595 -0.00245216 0.0012387 0.000739507 0.000149839 -0.000305859 0.00981429 0.00593503 0.0036115 -0.00010124 -0.00353272 0.00293055 0.00201627 -0.00229451 -0.000898372 -0.0035784 -0.00182852 -3.39503e-05 -0.00404371 -0.00035486 2.89633e-05 0.000407561 -0.000264565 0.00101212 0.00094505 -0.000571743 -0.00347714 -0.00184432 1.49669e-05 -0.00123091 1.04468e-05 -0.00397047 0.000678611 -0.000947973 0.00141586 -0.00339817 
-0.0042003 -0.012258 0.00109596 -0.00478721 0.0200429 -0.0142555 -0.0116883 0.00301295 -0.0368802 0.0133483 0.00487876 0.241191 -0.00185132 4.72916e-05 0.0020535 0.0255532 -0.0212301 0.0450322 0.00531964 -0.0224966 -0.0079004 -0.00310835 0.00188746 -0.00394257 -0.0165474 0.0163841 -0.0419352 0.0090554 0.012626 -0.000477642 -0.0256441 0.00537209 0.00261921 0.00441663 0.00228704 0.00450755 -0.00531128 -0.00548227 -0.00489871 0.00317614 -0.0150325 0.00234211 -0.0198286 -0.00603065 0.0016419 -0.00241237 0.00139367 -0.00554375 0.000763117 0.00676416 -0.0257422 -0.00405758 -0.0146903 -0.00182315 -0.00612671 0.00302563 -0.00646544 0.00274962 -0.00467789 0.00999931 -0.00392949 -0.00197772 -0.00304484 -0.000732805 -0.00558004 0.00195517 -0.00328179 -0.00428793 0.00555125 -0.00217844 0.00557401 0.00199853 -0.00672463 0.000586594 -0.00336976 -0.00295834 0.00373494 -0.00110891 0.00354907 -0.0170466 0.000590334 -0.0101088 0.00231947 -0.00341728 -0.0335185 -0.000909277 -0.00718962 -0.0073193 0.00683454 -0.0128782 -0.00366264 -0.00183359 -0.000172092 -0.000133251 -0.00173674 -0.0113837 -0.00195292 0.0286701 -0.0076386 0.0034515 
-0.00298723 0.0180034 -0.00102186 -0.000805082 0.00163904 0.0110895 0.0027783 -0.00526216 0.00772475 -0.0153868 0.00328402 -0.00185132 0.24263 -0.010007 -0.0174791 -0.0226147 -0.0118302 0.0249088 0.0138945 0.0235258 0.0313521 -0.0104608 -0.011825 0.00804116 0.0105456 0.0144367 0.00716615 -0.0101876 0.0108141 -0.0119039 -0.0171521 -0.00507219 -0.00339066 -0.00206327 -0.0134719 -0.000382327 -0.0026577 -0.00831222 -0.00282557 -0.00408095 -0.00793209 -0.00196173 -0.00297565 -0.0014218 -0.0141623 -0.00481269 -0.0036677 -0.00129931 -0.00673729 -0.00111618 0.00910567 -0.0156461 -0.00860398 -0.0160097 0.00287858 -0.00676293 0.0123886 -0.00230115 -0.0094943 -0.0194281 -0.000786709 -0.000502734 0.000701979 -0.00300593 0.00277001 -0.00510308 0.00202272 -0.00507324 -0.00253825 -0.000519037 -0.0205419 -0.00989201 -0.00610592 -0.00355914 0.00138797 0.00255601 -0.00172128 0.00367329 -0.0163735 0.00482988 -0.00803894 0.0106248 0.00244332 -0.00274056 -0.00589644 -0.0022979 -0.0147922 -0.000810333 -0.00839353 0.00065495 -0.00640297 0.0019594 -0.00270212 -0.00366411 -0.0101706 -0.00464675 -0.00540433 -0.00315642 -0.014207 -0.00341967 
0.000253388 0.00783739 0.000347179 -0.000338339 -0.00241358 0.00200093 -0.00223551 0.000787733 0.00740767 0.00292586 -9.82263e-05 4.72916e-05 -0.010007 0.0614028 0.000658997 0.00488282 0.000740232 -0.00583653 -0.00378373 -0.00187437 -0.00330909 -0.00432949 -0.00267838 -0.0102295 -0.00432568 -0.00260265 -0.00338283 0.00216411 -0.0028742 0.0025849 -0.00594971 0.00270928 -0.00560258 0.00035576 0.0015322 -0.00339681 0.000791979 -0.00277749 0.000128161 -0.000924944 -0.000728856 -0.000888327 -0.000889325 -0.0002794 -0.000667586 -0.000125635 -0.000475267 0.000345217 -0.00135569 -0.00260667 0.00133819 0.00162525 -0.00248414 0.00248895 -0.00362489 0.000702262 -0.00341124 0.000165121 -0.00255581 -0.00320132 0.000725593 -8.81334e-05 -0.000349836 -0.000114304 -0.000652978 0.00250561 -5.76504e-05 2.2968e-05 -0.00158952 -0.00028298 -0.00176627 -0.00199565 -0.00111727 0.00132188 0.00185262 2.43225e-05 -0.000972553 -0.000908619 -0.000817527 -0.00123091 0.000704765 0.000634114 -0.00372528 0.00035337 0.00373213 0.000868836 -0.000938277 0.00143131 0.000106084 -0.000693743 -0.000927889 -0.000747191 0.000175237 -0.000698249 0.000665755 -0.00149834 0.000396433 0.00280598 0.000417366 -0.00153006 
-0.00194549 -0.00901861 -0.000192243 0.00242559 -0.00951594 0.0108971 0.000515126 0.00540979 0.00862866 0.00763832 -0.00670993 0.0020535 -0.0174791 0.000658997 0.159573 -0.00974209 -0.00346935 0.00889459 -0.013536 0.00260827 -0.0119756 -0.0223563 -0.000155117 0.000774974 0.00124571 -0.0304156 -0.0303399 -0.000939902 0.00653457 -0.00740305 -0.0030018 0.000203886 0.0154029 0.00132541 0.00250072 -0.00902131 -0.0030727 -0.00450481 0.00115545 -0.0052329 -0.00295746 -0.00805168 -0.00182834 -0.00299105 0.00927884 -0.00122373 0.00126138 -0.00229734 0.00320016 0.00321383 0.00122373 0.00183718 -0.0134789 -0.00141212 -0.00247922 0.0106733 -0.00389296 0.00501716 0.00934006 -0.0187417 0.00107677 0.00163609 -0.000523164 -5.71623e-05 0.000655317 0.000307337 -0.00118245 -0.00124579 -0.00368384 -0.000699853 -0.00330441 -0.0040101 0.00200572 0.00219102 -0.00452616 -0.000397066 -0.00761314 -0.00687252 0.00759789 -0.0029774 0.00209217 0.00273557 0.00740631 0.00204045 -0.00184404 -0.00175815 -0.0022951 -0.00110702 0.00109242 -0.00267488 0.00277407 -0.00660795 0.000935975 0.000169684 -0.00107497 0.0016282 0.0022897 -0.00898732 -0.00328197 0.00398025 
-0.000502694 -0.0056255 0.0010605 -0.00308441 0.0211987 -0.00964323 -0.0246203 -0.00513759 -0.0341741 0.00856739 0.00530664 0.0255532 -0.0226147 0.00488282 -0.00974209 0.230884 -0.00488708 -0.0147825 -0.012915 -0.0466151 -0.019994 0.00561648 -0.00656251 -0.0185484 -0.0565802 -0.00700311 -0.0137546 0.00412831 -0.00252179 0.0262322 0.000647925 0.00635914 0.00208833 0.0062902 0.00882171 -0.00724562 -0.00180347 0.00501008 0.0026275 0.00324107 -0.0130763 0.00306909 -0.0168454 -0.000443514 0.00667342 0.000917036 -0.00273338 0.00186486 0.00286728 0.00466225 -0.00998331 0.0123464 -0.0125784 0.00330877 -0.00521206 0.000175365 -0.00843097 0.00392199 -0.00413399 0.0169877 -0.00168482 -0.00326596 -0.00163143 0.000754813 0.000438303 0.00310626 0.000442056 -0.00235964 -0.00265082 -0.000226453 0.00431362 -0.00484746 0.000122766 -0.000163286 0.0012633 0.00161436 0.00114571 0.00664399 -0.00304503 -0.00796923 0.00294516 -0.00991 -0.0231215 -0.000148148 -0.0155586 -0.00021722 -0.00116894 -0.0134563 -0.00502531 -0.00107978 0.010624 0.00919725 0.000189579 0.00145708 0.00439545 -0.00756899 -0.00185211 0.0189688 0.000337801 0.0154758 
0.00017289 -0.00576436 -0.000397011 -0.000506374 -0.00727057 -0.00524184 -0.00208304 -0.00240051 -0.00234168 -0.00288071 -0.000210627 -0.0212301 -0.0118302 0.000740232 -0.00346935 -0.00488708 0.131039 -0.0127769 0.00987586 0.00201912 0.0133552 -0.0190489 -0.0173416 0.00541408 -0.0139916 -0.0102364 0.0102624 -0.00147618 -0.0126795 -0.00121246 -0.00624512 -0.000206449 -0.00797572 -0.00245225 -0.002264 -0.00271824 0.00100898 0.000327212 9.10935e-05 -0.00281185 -0.00181391 -0.000556003 -0.00495539 -0.00114133 -0.00438197 0.000177628 -0.00200902 0.00101507 -0.00436551 -0.00454872 0.00202425 -0.0017005 0.0213958 -0.00239898 -0.00313559 0.00208708 0.00195641 -0.00274851 0.000880804 -0.0111901 0.000810548 -0.0014776 0.000579821 0.000745385 -7.37509e-05 -0.00742479 -0.00285471 0.00387345 0.0027276 0.00053558 -0.00978694 0.00178186 0.00258053 -0.00132666 0.00933983 -0.00192866 0.0092504 -0.00255585 0.00417409 0.00735668 -0.000711356 0.00278136 -0.00141722 0.00219621 -0.00144822 0.00149654 0.000259487 -0.00167854 -0.00269366 -0.00193906 0.00484284 0.00410085 -0.000382932 -0.00101205 0.00234027 0.00135371 -0.000593944 0.00238804 -0.000309102 -0.000847045 
-0.00240594 0.0124048 0.000722081 0.00172855 0.00127661 0.00896611 -0.0021562 -0.00165158 -0.029288 0.014059 0.00469545 0.0450322 0.0249088 -0.00583653 0.00889459 -0.0147825 -0.0127769 0.246201 -0.0212569 -0.00472411 0.0129734 -0.0196297 -0.0321054 -0.0232544 0.00490009 0.00445249 -0.0195657 0.00456565 0.0149487 -0.0189086 -0.0169495 -0.00174477 -0.0202306 0.00122983 -0.0029747 0.00583133 -0.00743007 -0.0018488 0.00274597 0.0010304 -0.0168917 -0.00200687 -0.0160551 -0.00380328 0.00668561 -0.00476331 0.000511312 -0.006923 -0.00156948 0.0099303 0.0105539 -0.0084959 -0.0215524 -0.0104123 0.0105154 0.0010933 0.00784719 0.00436699 -0.00616647 -0.0320829 7.95101e-05 -0.00159615 -0.000698153 -0.00161916 -0.000884972 -0.0118915 0.00254608 0.00455887 0.00466248 -0.00171512 -0.00600507 0.00102678 -0.00124349 -0.000294632 0.00603943 0.000591533 -0.0189639 0.0017305 -0.00327192 -0.00120345 -0.00560538 0.00795237 0.000610496 -0.00110563 -0.0288172 0.00432764 -0.0111605 -0.00871677 -0.00411266 -0.00714783 -0.00614728 -0.000677474 -0.00137216 -0.000795351 0.00484792 0.00137796 0.00214411 0.00579975 -0.0088641 0.00278626 
-0.000288931 0.00712795 -0.00125352 0.00186257 0.0238825 0.0078105 0.0108776 -0.00657055 -0.02371 -0.0144236 -0.00168461 0.00531964 0.0138945 -0.00378373 -0.013536 -0.012915 0.00987586 -0.0212569 0.219347 -0.00831937 0.00645744 -0.0133691 0.0121183 0.0152006 -0.00525938 0.00766118 0.0162566 0.00102879 -0.00488342 -0.0267764 -0.00818558 0.0022433 -0.0151043 -0.00184591 -0.013944 0.0028432 -0.00419178 -0.00734077 -0.00503124 -0.00177234 -0.0136643 -0.00674106 -0.015669 0.00306465 -0.0052456 -0.00032322 -0.000524324 0.00136103 -0.00543954 0.013039 -0.00858953 -0.00421905 0.00447772 -0.0107987 -0.00489755 -0.00533427 -0.00127958 -0.00495986 -0.00504748 -0.017191 -0.000243006 -0.00291704 0.00307452 0.000168318 -0.00806334 0.00143228 -0.00368966 0.00163356 0.00408937 -0.00193142 -0.00677767 -0.0029163 0.00494247 -0.000839578 -0.00485043 -0.00215606 0.000560756 -0.000147837 -0.00831148 -0.00152031 -0.00095715 0.00430957 0.00880005 -3.97028e-05 -0.0148431 -0.000745538 -0.00129943 -0.00533572 -0.00233109 -0.0033639 -0.000593697 -0.0023344 -0.00177108 0.000551266 -0.000882997 0.00333924 -0.0028022 -0.000493935 5.26907e-05 -0.0111756 
-0.00217171 -0.00644284 -0.00100929 0.00011411 -0.0253841 0.0144955 0.0137384 0.00497874 0.0272928 0.00325448 -0.0063043 -0.0224966 0.0235258 -0.00187437 0.00260827 -0.0466151 0.00201912 -0.00472411 -0.00831937 0.222391 0.022925 -0.0201471 -0.0179566 0.0236364 0.0306396 -0.0262532 0.0402657 -0.00985166 -0.00427816 -0.00413851 0.00431805 -0.00130618 0.0105753 -0.00315687 -0.0145148 0.000634843 -0.0039459 -0.00788029 -0.00964436 -0.00921057 -0.00676202 0.00513119 0.00928785 -0.00347925 -0.0106045 -0.00468493 -0.00653263 0.000971416 0.00594782 -0.0116153 0.0166027 -0.0062994 -0.00525689 -0.00499043 -0.00147657 -0.00714681 -0.00379122 -0.0100208 5.08892e-05 -0.0130908 0.000386981 -0.00765457 0.000734521 -0.000549889 -0.00611085 -0.00678216 -0.00247814 -0.00914496 -0.01516 -0.000406394 -0.0168854 0.00373646 -0.00292717 -0.00164768 0.00252561 -0.0016922 0.00371272 -0.00976926 -0.00890013 0.0052126 -0.00368035 0.00333036 -0.00194344 0.000910166 0.00573949 -0.00348412 -0.000919427 0.00165272 -0.00810581 -0.00313597 -0.00185322 -0.00311365 -0.00369864 -0.00430749 -0.004776 0.0013482 -0.000292688 -0.0198624 -0.004135 -0.00789987 
-0.00217163 0.0152225 -0.00126149 -0.00424578 -0.0119507 -0.00491847 -0.00233673 0.0019077 -0.0067922 -0.00119208 0.00730235 -0.0079004 0.0313521 -0.00330909 -0.0119756 -0.019994 0.0133552 0.0129734 0.00645744 0.022925 0.204412 -0.0211935 -0.00861291 0.0117167 0.0236964 -0.000579305 -0.00684938 -0.00514743 -0.000591935 -0.00868164 -0.0233385 -0.00110716 -0.0244222 0.00117707 -0.0129483 0.00160962 -0.00535754 -0.00286076 -0.00789136 -0.00214188 -0.00202667 -0.000475184 0.00486627 -0.00314585 -0.0035878 -0.00571785 -0.00131169 0.00242104 -0.00785803 -0.0029722 0.00653848 -0.00654668 0.0112928 -0.00601953 0.00656879 -0.00347861 0.00834916 -0.00781527 0.00281852 -0.0222833 -0.000614031 0.00226628 -0.00208028 -0.00168419 -0.00486633 -0.0161924 -0.000904834 0.00288204 -0.00347501 -0.00172033 -0.0307531 -0.0022043 0.00214009 -0.00152296 0.00350451 -0.00305535 0.00761788 -0.00306637 -0.00344717 -0.00175614 -0.00134282 0.00177525 0.00126654 -0.00192122 -0.00923637 -0.000222598 -0.00665126 0.000822005 -0.00125157 -0.005004 -0.00489952 -0.00207554 -0.00275896 -0.00458366 0.000721765 -0.00474913 -0.000821089 -0.00271173 -0.00480458 -0.00657117 
-0.00207343 0.000302583 -0.000305601 -0.0011978 0.00346654 -0.00976097 -0.00871302 -0.0041265 -0.0359752 -0.0070862 -0.0147806 -0.00310835 -0.0104608 -0.00432949 -0.0223563 0.00561648 -0.0190489 -0.0196297 -0.0133691 -0.0201471 -0.0211935 0.249199 0.0471346 -0.010471 -0.00390781 0.00619875 -0.0167302 0.00165907 0.0243567 0.00899096 -0.014897 -0.00537632 0.00635244 -0.00766292 0.00479082 -0.00479062 -0.000869479 -0.000567103 0.00217012 0.000461575 0.00234615 0.00516278 -0.00464512 0.00115585 -0.00995939 0.00469816 -0.000109781 0.0017468 -0.00158626 0.0038051 -0.0157845 -0.00026594 -0.00609349 0.0103567 -0.00839309 -0.00587971 0.00135759 0.00251591 0.00264746 0.0359316 0.00161564 -0.00239321 -0.00365893 -0.00187164 -0.00721302 -0.000858776 0.000750386 -0.00335145 -0.00173674 -0.001346 0.00982235 -0.00566129 -0.00557702 -0.00173539 -0.0159152 -0.000656081 -0.00825448 -0.00432829 0.0013829 -0.00915682 0.000581323 -0.0126524 -0.00468222 -0.00224185 0.0101242 -0.000889465 0.00132984 -0.0149081 0.0020956 -0.00150573 -0.00101767 -0.00365129 0.000692932 -0.000170632 -0.00662691 0.000838124 -0.00328246 -0.00467403 0.00179915 0.00221263 
-0.00151269 -0.00944523 -0.0030827 0.000586575 -0.00126992 -0.00379286 0.00271913 -0.00562822 0.00264417 -0.0114989 -0.00440028 0.00188746 -0.011825 -0.00267838 -0.000155117 -0.00656251 -0.0173416 -0.0321054 0.0121183 -0.0179566 -0.00861291 0.0471346 0.181563 -0.00508821 -0.0158883 -0.00719926 -0.00577373 -0.00143734 0.00250957 -0.0149426 7.84263e-05 -0.0028601 0.00925671 -0.00158569 0.00332254 0.00217456 0.000249754 -0.00597206 -0.00438188 0.000534701 0.00770777 -0.0019293 -0.00293429 0.000278745 0.00364782 0.0026997 0.00149427 0.0002042 -0.000927552 -0.00134414 -0.00839328 -0.00545395 -0.00735521 0.000447275 -0.0059804 -0.0041097 -0.00336083 -0.000575981 0.0068516 0.0247346 -0.000583589 0.00718156 -0.00459953 -0.0020881 -0.00791139 -0.00145013 -0.00363365 -0.00717712 -0.000101366 -0.00367325 0.0112613 -0.00213684 -0.000508255 -0.00203357 -0.0172426 -0.000384728 -0.00684789 -0.00201498 -0.00196838 -0.00766498 -0.000400022 -0.00582484 0.00882918 -0.00222735 0.00860256 -0.00339983 -0.00361332 -0.0025405 0.00540162 -0.00666749 -0.000885882 -0.00518586 0.000428761 -0.00299022 -0.00560158 -0.00176539 -0.00288845 0.00805148 -0.00111444 -0.0021146 
-0.00129087 -0.018002 -0.00124789 -0.00319297 -0.00548809 -0.00617806 0.00549761 0.00140502 -0.0120385 -0.0159822 -0.0123211 -0.00394257 0.00804116 -0.0102295 0.000774974 -0.0185484 0.00541408 -0.0232544 0.0152006 0.0236364 0.0117167 -0.010471 -0.00508821 0.249999 0.0255026 -0.00371204 0.0203568 -0.01193 0.00666257 -0.00988451 0.0191014 -0.00428219 0.0250752 0.000249037 -0.0108579 -0.00249464 -0.00738989 -0.0106005 -0.007924 -0.00560092 -0.00773579 -0.00263872 -0.00269825 -0.00799817 -0.00982349 -0.00731279 -0.00487392 0.00225073 -0.011015 0.00335836 -0.00647922 -0.0122027 0.00896601 -0.00798003 -0.000534261 -0.00758956 0.000943301 -0.00768648 0.00950333 -0.0056156 -0.000117736 -0.0097763 -0.00278237 -6.42737e-05 -0.0055551 -0.0112244 -0.00198543 -0.00522548 -0.000705349 -0.00292402 -0.0246579 -0.00206094 -0.00478605 -0.000954118 -0.0044478 -0.000886749 0.0176029 -0.00507951 -0.001873 -0.00191931 -0.00266435 -0.00260918 0.0133847 -0.000801253 0.00189792 -0.00144876 0.00296946 -0.00702911 -0.0058419 -0.00263941 0.00256885 -0.00524296 -0.00241666 -0.00203286 -0.00308036 -0.000830185 -0.00197288 -0.0233778 0.00308193 -0.0120101 
0.00218339 0.00794175 -0.00298791 -0.00510082 -0.0226549 0.0166644 0.0054703 -0.00191843 -0.00213348 -0.00606444 -0.0210531 -0.0165474 0.0105456 -0.00432568 0.00124571 -0.0565802 -0.0139916 0.00490009 -0.00525938 0.0306396 0.0236964 -0.00390781 -0.0158883 0.0255026 0.237234 -0.0132263 0.00881573 -0.00635118 -0.0420029 0.0019286 -0.00494457 -0.00490243 0.0197724 0.00141903 0.0011799 -0.00227948 -0.00319827 -0.00344887 -0.00396058 -0.0047639 0.0095101 -0.00735463 0.0204073 0.00126974 -0.00902507 -0.00805465 -0.00359849 -0.000334291 0.00504622 -0.029019 -0.00186244 -0.00203726 -0.00487283 0.00134466 0.00845831 0.00460076 -0.00797365 -0.00433639 0.00898859 0.00104655 -0.00237692 -0.00537822 -0.00107622 -0.000634914 -0.00457118 -0.0137589 -0.00297453 -0.00635954 8.22537e-05 -0.00092144 -0.0154361 -0.0136778 -0.0066272 -0.00137264 0.00715929 -0.00757084 0.00218777 -0.0108066 -0.00127088 0.00496155 -0.00119062 -0.00064743 0.00623452 0.00020254 0.0133734 0.000791013 0.00014567 0.00314607 -0.0107952 -0.00069207 -0.00884906 -0.0038945 -0.00215594 -0.00173522 -0.00826202 0.00261702 0.0021724 -0.028462 0.00863436 -0.00406073 
-0.000235733 0.00310888 0.00151974 -0.00803657 0.014039 -0.0127001 -0.0187015 -0.00816842 -0.000837929 -0.0125886 0.0129866 0.0163841 0.0144367 -0.00260265 -0.0304156 -0.00700311 -0.0102364 0.00445249 0.00766118 -0.0262532 -0.000579305 0.00619875 -0.00719926 -0.00371204 -0.0132263 0.243672 0.00940543 -0.00404706 0.0185996 -0.00506303 0.00410739 -0.00352729 -0.0163283 -0.0145771 -0.00468883 -0.00695965 0.00242539 0.00346097 0.00262692 0.00374429 -0.0127145 -0.00851152 -0.00167014 -0.00177334 -0.0102477 -0.00252236 -0.00410884 -0.00445548 -0.0143966 0.0180858 -0.0156713 -0.00515232 0.0105978 -0.000646592 -0.0114296 -0.00594734 0.00843291 0.000626118 -0.00814097 0.00365884 -0.00305897 -0.00962406 -0.00268487 -0.00286149 -0.00365366 -0.0026852 -0.00661236 0.000484805 -0.00403277 0.000574114 -0.00371852 -0.00155607 -0.00204441 -0.00135584 -0.00193537 0.000535615 -0.00428035 -0.000609019 -0.0149535 0.00510198 -0.00129344 -0.00194107 -0.00770421 -0.00205562 -0.0171003 -0.00127079 0.00296548 -0.00399964 0.00552369 0.00272014 -0.00858532 -0.00591654 0.0006121 -0.00245715 0.00233203 -0.00880734 0.00108262 0.0256206 -0.00406941 -0.00183964 
-0.00102533 -0.000834971 -0.00108406 0.00295735 -0.0176563 0.00665996 0.00415014 -0.00785548 0.00551393 -0.022207 -0.00913316 -0.0419352 0.00716615 -0.00338283 -0.0303399 -0.0137546 0.0102624 -0.0195657 0.0162566 0.0402657 -0.00684938 -0.0167302 -0.00577373 0.0203568 0.00881573 0.00940543 0.234894 0.00231172 0.0153615 -0.00994734 0.0191173 -0.00871371 -0.0043856 -0.0108029 -0.0166158 0.00218041 -0.00394279 0.00157323 0.000649637 -0.00150444 -0.0123431 -0.00529076 -0.00210659 0.00261104 -0.00748036 -0.00113943 -0.00762786 -0.000245459 -0.00586879 -0.0100293 0.0212063 -0.00310503 0.00937678 -0.00727814 0.00501313 -0.00988353 -0.0144749 -0.00672456 -0.0161727 -0.00935703 -0.00208574 -0.00828748 0.00179586 -0.000487359 -0.00582807 -0.00231985 -0.00385735 0.00177246 -0.00691457 0.000986767 -0.00331764 -0.00128649 -0.00386333 -0.00144471 -0.0062287 0.000630881 0.00419186 -0.0011037 -0.00935754 0.00226461 -0.000258298 -0.00436601 0.00157485 -0.000978216 0.00214764 0.000597649 0.00195014 0.000118405 -0.00276546 0.00651826 0.00179896 0.000540243 -0.0033689 -0.00808941 -0.0023069 -0.00610249 -0.00379443 -0.0109896 0.00583511 -0.00625926 
0.000260846 -0.00294744 0.000483919 0.00033196 0.00257566 3.76887e-05 -0.003646 0.000377552 -0.00527966 0.00114513 -0.00191961 0.0090554 -0.0101876 0.00216411 -0.000939902 0.00412831 -0.00147618 0.00456565 0.00102879 -0.00985166 -0.00514743 0.00165907 -0.00143734 -0.01193 -0.00635118 -0.00404706 0.00231172 0.0843247 0.00177141 -0.00258395 -0.00383861 0.00015791 -0.00820424 0.000483386 -0.00130563 -0.00169967 -0.000539893 0.000127986 0.00178485 0.000745693 -0.00345102 -0.00271728 -0.00506009 0.00115115 0.000939257 5.4769e-05 -5.35717e-05 0.000713307 0.00041892 0.00370373 -0.00365699 0.000749426 -0.00454005 0.00164534 0.00145437 0.00280826 -0.0023124 4.46948e-05 5.77563e-05 -0.00204953 -0.000285886 -0.00115195 0.000161193 0.000627629 0.00151257 -0.00247871 -0.000704008 -0.000297861 -0.000435113 -0.000173653 0.00231402 -0.0021333 0.00363004 0.000280716 -0.00176984 -0.000297506 -0.00223572 0.00338152 0.00527179 -0.00203728 0.00125331 -0.00644388 -0.00186453 0.000524726 -0.00687382 2.19252e-05 -0.00168705 0.00068586 -0.00226584 0.000756865 -0.00231091 -0.00346907 -0.000632507 0.000615339 0.00168612 -0.00459396 -0.000787389 -0.00146543 -0.0037231 0.00130595 
-0.00225037 0.000641296 -0.0018745 0.00531937 0.000482859 -0.0083986 -0.0217265 -0.00143703 -0.0183908 -0.00775479 -0.00677489 0.012626 0.0108141 -0.0028742 0.00653457 -0.00252179 -0.0126795 0.0149487 -0.00488342 -0.00427816 -0.000591935 0.0243567 0.00250957 0.00666257 -0.0420029 0.0185996 0.0153615 0.00177141 0.235767 -0.00981599 -0.00811972 0.0016661 -0.0291628 -0.0123929 -0.00651872 -0.00237814 -0.00446764 0.00651494 -0.00250927 -0.00339176 -0.0128644 0.000230311 -0.0164383 -0.00112816 0.0104162 0.00209747 -3.82156e-06 -0.00248834 -0.0044683 0.0136364 0.00810477 0.00958734 -0.0134544 -0.00728957 -0.0112625 -0.00430917 -0.00290048 0.00566258 -0.00666387 0.00526987 -0.00236959 -0.0114829 -0.00101911 -0.00284679 -0.00327493 0.00539319 -0.00118457 0.0117512 0.00213119 -0.000828301 -0.0129804 -0.00039643 -0.00810083 0.00120765 -0.0142795 0.000334738 -0.0202071 -0.00125091 -0.0105431 -0.0111608 -0.000246218 -0.00394618 -0.00539525 0.00039649 -0.013463 -0.000576623 -0.00628597 -0.00271035 0.00993688 0.00976932 -0.000496612 -0.0047285 0.000335754 -0.00446773 0.0069931 -0.00644674 -0.00199861 0.00516928 -0.0104468 -0.00939916 
0.000829559 -0.0072533 0.00202975 -0.00357785 -0.00896522 -0.012957 -0.00888806 -0.000239434 -0.0107495 0.00591785 -0.0069181 -0.000477642 -0.0119039 0.0025849 -0.00740305 0.0262322 -0.00121246 -0.0189086 -0.0267764 -0.00413851 -0.00868164 0.00899096 -0.0149426 -0.00988451 0.0019286 -0.00506303 -0.00994734 -0.00258395 -0.00981599 0.160121 -0.0124383 0.00282735 0.00862509 0.000795529 0.00423374 -0.00255911 -0.00086443 -0.00302195 -0.00397318 0.00167916 -0.00299148 0.00316849 0.000382654 -0.00242781 -0.00466969 -0.000351822 -0.0022159 0.00138871 0.00971447 -0.00642713 -0.00452273 0.00940965 0.00254499 0.00923439 0.00336651 0.00268502 0.000801301 3.81549e-05 0.00189784 0.00281052 -0.00138815 0.00130716 -0.00100961 0.000995298 0.000597567 -0.00764364 0.0026424 -0.00448578 -0.00441856 0.00122518 -0.00737763 0.00769006 -0.00216541 -0.000806024 0.00517974 0.00115147 0.00746121 -0.00637261 -0.0024786 -0.00397799 0.000383005 -0.0132161 -0.00716486 -0.000117913 -0.00131688 -0.000431956 0.00143263 -0.00980437 -0.00272933 0.00615847 0.0016521 -0.00206728 -0.000897632 0.000407278 -0.00438602 -0.00548076 0.000122143 0.00415952 0.0046089 0.00607619 
0.000625809 -0.0171218 3.16502e-05 0.000588293 0.00410333 -0.00968134 0.013915 -0.00336891 0.00894305 -0.00978838 0.000145468 -0.0256441 -0.0171521 -0.00594971 -0.0030018 0.000647925 -0.00624512 -0.0169495 -0.00818558 0.00431805 -0.0233385 -0.014897 7.84263e-05 0.0191014 -0.00494457 0.00410739 0.0191173 -0.00383861 -0.00811972 -0.0124383 0.13496 -0.00253489 0.0182315 -0.0034607 -0.0040296 0.00147837 0.00278057 0.00156912 0.00225019 0.00131476 0.0081858 -0.00135677 -0.000665772 0.000534709 -0.00225206 -0.000757703 7.26148e-05 -0.000813542 -0.00154243 -0.00132514 -0.00652041 -0.00107419 0.00701318 0.00112416 -0.00584871 -0.00316215 -0.00523409 -0.00384296 -0.00215534 -0.0058435 -0.00101666 -0.00157845 -0.000587221 -0.000330123 0.00134685 0.00363022 -0.0017825 -0.00396914 0.000613232 0.000603884 -9.33251e-05 0.0022845 0.00264753 0.000186063 -0.00329837 0.00129249 -0.00712421 0.00361707 -0.00375886 -0.000368355 -0.00307632 -0.00782869 0.000175387 -0.00035263 0.0129351 1.81075e-05 0.00225546 -0.00219772 -0.00434118 0.00140167 -0.00143913 0.00423238 0.000481688 -0.00217676 0.00142403 -0.00385176 -0.000141854 -0.00885778 0.0054346 0.00143812 
-0.000309565 -0.00252208 5.85071e-06 -0.000401999 -0.00136709 0.00195395 -0.00273809 0.000100533 -0.00830164 0.000932723 -0.00174552 0.00537209 -0.00507219 0.00270928 0.000203886 0.00635914 -0.000206449 -0.00174477 0.0022433 -0.00130618 -0.00110716 -0.00537632 -0.0028601 -0.00428219 -0.00490243 -0.00352729 -0.00871371 0.00015791 0.0016661 0.00282735 -0.00253489 0.0587534 -0.000681846 0.000127611 -0.0013949 -0.000570439 -0.000102253 -0.00260626 -0.00178046 0.00094769 -0.00310931 -0.000867118 0.000369272 0.000373555 -0.00129978 -0.000451083 0.00127585 0.000328277 0.000383133 0.000983838 -0.00122044 -0.000140988 0.000848869 -0.00133106 -0.00260978 7.45698e-05 0.00150375 0.00291076 -0.00036029 -0.0026142 -0.000456733 -0.000781951 -0.000317236 2.75808e-05 0.000381872 -0.000451327 0.000918238 -0.00142028 0.000244796 2.40778e-05 -0.00352245 0.000816556 -0.00090576 0.000235544 -0.00210813 -0.000444605 -0.000221554 6.98703e-05 -0.00042953 -0.000517696 0.00207456 -0.00134367 -0.00114496 1.7366e-05 -0.00108051 -0.000341721 -0.00104881 0.000479773 0.000446004 -0.00181733 -0.000248492 0.000231642 -8.89883e-05 -0.000249059 0.000403727 -0.00395024 0.000158304 0.00311893 0.00104178 -0.00105245 
-0.000804073 -0.00868511 -0.00158922 -0.00280534 -0.0114586 0.00334742 0.00729697 -0.000551616 0.00493607 -0.0084535 -0.0132878 0.00261921 -0.00339066 -0.00560258 0.0154029 0.00208833 -0.00797572 -0.0202306 -0.0151043 0.0105753 -0.0244222 0.00635244 0.00925671 0.0250752 0.0197724 -0.0163283 -0.0043856 -0.00820424 -0.0291628 0.00862509 0.0182315 -0.000681846 0.184865 -0.00192683 -0.000883261 -0.00371064 -0.000948426 -0.000644509 -0.00248698 -0.00434193 -0.00235045 6.72327e-05 -0.000749058 -0.00189152 -0.00732354 -0.000307481 -0.00276035 0.00059061 0.0087641 -0.00850421 -0.0170447 -0.00401129 -0.00971235 -0.00469544 -0.00163442 -0.0055374 0.00084033 -0.00339891 0.00577138 0.0131023 -0.00273209 0.00151494 -0.0014708 -0.000121777 0.000801798 0.00348644 0.00201242 -0.00591796 -0.00221013 -0.000192753 -0.00239889 0.00228392 -0.00308929 -0.000930893 -0.00249998 0.000806107 -0.0065365 -0.0015195 0.00444097 -0.00404503 -0.000797062 -0.0114624 -0.000788827 -0.000508609 0.00402265 -0.00276632 0.000762503 -0.0046551 -0.00622655 -0.00336859 -0.00318451 -0.000671341 -0.000519982 0.00299381 -0.00324176 -0.00694977 -0.00174451 -0.0163531 -0.0039467 -0.00186704 
-2.60658e-05 -0.00185253 0.000205334 -0.000517114 -0.000364664 -0.0019153 -0.00154255 0.00104932 -0.00425623 0.0107425 -0.000553137 0.00441663 -0.00206327 0.00035576 0.00132541 0.0062902 -0.00245225 0.00122983 -0.00184591 -0.00315687 0.00117707 -0.00766292 -0.00158569 0.000249037 0.00141903 -0.0145771 -0.0108029 0.000483386 -0.0123929 0.000795529 -0.0034607 0.000127611 -0.00192683 0.0588876 0.00156987 0.000300042 -0.000493225 -0.00137149 0.000516837 -0.00145772 -0.00165601 0.000647959 -0.0019517 -0.000795521 0.00167394 -0.000841065 8.05338e-05 0.000109963 0.00345028 -0.00142113 0.00200164 -0.0013135 -0.00333502 -0.000798735 0.00409874 0.00112872 -0.00189939 -0.00159747 0.00198732 0.000604566 0.000409941 0.00120884 -0.000231582 0.00148776 -0.000647218 -0.000437859 0.000542341 -0.000346409 0.000125857 4.48956e-05 -0.00316552 -0.00068233 -0.000785882 0.000154737 0.00190205 0.000262186 -0.00113005 8.21851e-05 0.000516861 -0.00151382 0.000624075 -0.00161316 -0.00141817 -0.000353221 -0.00448199 0.000317668 -0.00144243 -0.00261084 -0.000809488 -0.000629775 0.000680397 0.00104155 0.000249261 7.4914e-05 -0.00181557 0.00159876 6.11881e-05 0.000507759 -0.00148315 -0.00133263 
