0.102544 0.000105318 -0.00411509 -0.000839593 0.0026556 0.000354065 0.0015692 0.000333415 -0.00246938 -0.00718429 0.00185146 0.00325363 -0.00252354 0.00211066 0.00264008 0.00879887 0.00595334 0.00359344 -0.00872118 -0.00647519 -0.00585046 0.00308223 -0.00628096 -0.000883768 0.000852441 -0.00288018 -0.00981119 0.00269945 -0.00463831 0.00551456 -0.00211322 -0.00354532 -0.00469447 -0.00281719 -0.00163624 -0.00450818 0.000494098 -0.00281773 0.000245225 -0.00291082 0.000735772 -0.000509695 0.000101856 -0.00199229 0.000283264 -0.000237102 -0.00645051 -0.00192658 -0.00235038 0.000105686 -0.0169818 0.00132593 -0.00139542 -0.000740151 0.00107299 0.000416768 -0.00161918 -0.00127172 0.000443596 -0.00589226 -0.00246707 0.000142176 0.002209 -0.00641154 -0.00180831 0.000816222 -0.00153544 -0.00149875 0.000113944 0.000191026 -0.000485815 0.000481268 0.00459476 0.000408732 -0.000368367 -0.00244146 -0.00221164 0.000508912 -0.00383131 0.00104921 0.000400311 0.00205031 -0.00198027 -0.00054112 -0.00491837 -0.00486169 -0.00240426 -0.00225675 -7.42651e-05 -0.00270892 0.00361873 -0.000781962 0.00324238 0.00183046 0.00153371 0.00230067 -0.00143112 -0.000845277 -0.0046615 0.000979518 
0.000105318 0.0576811 0.000974803 4.54654e-05 0.000760024 -0.00084099 0.00141892 -0.000406653 0.00455491 -0.000559629 0.00348527 -0.00612408 0.000617708 -0.0011781 -0.00410514 -0.00161745 0.00117445 -0.00807135 -0.00159844 -0.00488524 0.00108113 0.00488311 -0.00291665 -0.00217042 3.21822e-05 -0.00400502 -0.00175359 0.00312114 5.93887e-05 -0.000802671 -0.000938705 -6.68484e-05 -0.00208005 -0.000414933 -0.000736976 -0.00112419 0.000320086 -0.00159201 -0.000689359 -5.67786e-05 0.00143228 -0.00171673 -0.00589961 -0.00132954 -0.000668203 0.000702349 -0.00254811 -0.0018642 0.00143907 -0.0010157 0.00280474 -0.000592766 0.00152337 -0.00145618 -0.00138218 -0.000678097 -0.000764281 -8.3007e-05 0.00163377 0.00195778 0.0011248 -0.000695728 -0.0046317 -0.00379442 -0.000155212 -0.00213534 0.00383176 0.000936263 -0.00103576 -0.000428383 0.000243931 -0.000273351 -0.00281873 -0.000424592 0.00083152 0.000877176 -0.00312239 -0.00199631 -0.00163644 0.000965889 0.00106749 -2.49304e-05 0.000298557 -0.000241888 -0.000191736 -0.000845753 -0.000671808 -0.000457283 -0.000226943 -0.00232877 -0.00100061 0.000216638 -0.000109849 -0.000119436 -0.0041635 -0.00049659 -6.57909e-05 -0.00287758 8.04481e-05 0.00342183 
-0.00411509 0.000974803 0.15308 0.0057145 0.0114933 -0.00118276 -0.00569938 -0.00269397 -0.0062286 -0.0133122 -0.00346756 0.0152246 -0.00179139 -0.000823958 -0.00940605 -0.0175377 0.00881301 -0.0216701 0.0222442 -0.00727462 -0.0006015 0.00043604 -0.0170948 0.00527429 0.0145966 -0.000977102 -0.00852225 -0.0150371 -0.00627103 -0.00376469 0.00336878 -0.00652472 -0.00649183 -0.00542031 0.00121661 0.00734544 0.00666927 -0.0027437 0.00480771 0.000620374 -7.48689e-05 0.00125487 0.0003492 -0.000232041 -0.00330428 -0.00178769 0.0162864 -0.00876209 -0.00469308 -0.00287152 0.00885477 0.000574098 -0.00289504 0.00165141 -0.00551963 -0.00554146 -0.00156544 -0.00199443 -0.000383327 0.0117962 -0.00142845 -0.000654185 -0.0118266 0.000894869 -0.00195042 -0.00525047 -0.00353011 -0.00161005 -0.00275271 -0.00169375 -0.00217371 -0.000640088 0.0041948 -0.00141485 -0.000884525 -0.0031229 -0.0205028 -0.000573512 0.00538812 -0.00110207 -0.00264843 -0.00954963 -0.00247835 0.000401391 -0.00229221 -0.00384092 -0.00203908 -0.00368305 -0.00121015 0.00511979 0.00534038 -0.0025893 -0.00703644 -0.000751591 -0.0145781 -0.000830942 -0.00554034 -0.00203623 -0.00244807 0.00895504 
-0.000839593 4.54654e-05 0.0057145 0.109976 -0.000472655 -0.00264377 0.00165338 0.00189617 -0.00299565 -0.00492951 0.00247071 -0.00102672 -0.00135135 0.00111048 -0.00626074 -0.00874552 0.00305891 0.000541839 -0.00508901 0.00458581 0.00396387 -0.00590329 -0.00849767 -0.00818774 -0.00279844 0.00028697 -0.00769577 -0.00884464 -0.00493344 -0.00184114 0.00294134 -0.0021575 -0.00103884 -0.00163466 0.000765132 -0.00110659 -0.0027791 1.06616e-05 -0.000428713 0.00116017 9.94764e-05 -0.00181847 -0.00612646 0.00287427 -0.00163859 -0.00214448 -0.00181504 -0.00137162 -0.0037062 -0.00353234 -0.00748006 0.000723371 -0.00296119 -0.00225467 0.000821945 -0.00299497 -0.000253944 0.00132597 -0.000976889 -0.00803233 -0.0015551 -0.000492042 -0.000270695 0.00367467 -0.000921661 -0.00402006 -0.00308545 0.00423389 -0.00217206 -0.00140584 0.000753503 0.000179867 -0.00115405 -0.00291405 0.000470018 -0.00280045 0.00162375 -0.00267596 0.00418342 -0.000933718 -0.00058674 0.000742211 -0.00184772 -0.000700128 0.00319219 0.00474448 -0.00073163 0.00168937 2.02144e-05 0.00691861 0.0154504 -0.00324124 -0.00153932 0.000954398 -0.00659539 -0.0071032 -0.000367986 -0.00601468 -0.0021872 -0.000231692 
0.0026556 0.000760024 0.0114933 -0.000472655 0.131236 -0.00486339 -0.000307165 -0.00073105 -0.00956163 -0.0103427 -0.00195048 -0.0054911 -0.00475106 -0.00691827 0.00257881 0.0130339 0.0212855 -0.0104161 -0.00428746 -0.0149643 0.00371543 0.00659543 -0.0165447 -0.00859258 0.012065 -0.0225013 -0.00681982 -0.000372822 -0.00366919 0.0101057 -0.00623288 0.00321984 -0.00167024 -0.000913518 -0.00270958 0.000391344 -0.0236318 0.00180844 -0.0015852 -0.0041571 -0.0025457 -0.00100572 0.00320699 -0.00388038 -0.00208748 0.00204203 0.0117717 -0.004922 -0.0029151 0.00403072 0.0181413 -0.000949365 0.00311088 -0.000300824 0.00230618 -0.00171407 -0.00266826 -0.00462923 0.00449586 -0.000704182 0.00140262 0.000246783 -0.0102392 -0.00572254 0.000525779 -0.0020849 -0.00109115 -0.00180943 -0.000513416 -0.00295039 -0.000980797 -1.2835e-05 0.00129043 -0.000971712 -0.00055617 0.00306843 -0.0114011 -0.000109754 -0.000972146 -0.000870456 -0.00150087 -0.0128391 -0.00115813 1.61206e-05 -0.00506075 -0.000651282 -0.000727581 -0.000224141 -0.00189963 -0.00659552 0.00578729 0.0036537 0.0104573 -0.0016463 -0.0170608 -0.00361799 0.00201726 -0.00142805 -0.0074014 0.00636251 
0.000354065 -0.00084099 -0.00118276 -0.00264377 -0.00486339 0.0699387 0.000970549 -0.00108347 -0.00488749 0.0011456 0.000527644 0.00295289 0.00213914 -0.00359748 5.41695e-05 -0.00838389 -0.0115616 -0.00270679 -0.00298495 -0.00248775 -0.000742984 0.00115436 -0.00441795 0.00300734 0.000460712 -0.00205995 -0.00766859 -0.00212259 0.00290696 0.000883305 0.00212853 -0.00110626 -0.00247641 -0.000996278 -0.000694497 -0.00178792 -0.00506978 -0.00253119 0.000108001 0.00128373 -0.000451125 -3.44461e-06 0.00241205 0.000885947 -6.22395e-05 0.000296436 0.00383375 -0.000349693 -0.00046263 -0.000695386 -0.00565811 -0.000101116 0.000606965 -0.00120562 -0.00109866 0.00448683 -0.00143004 -0.00100265 -0.00201542 0.000714919 0.00178638 -0.000767182 0.00209351 0.00193274 0.000922644 -4.48059e-05 -3.6009e-05 -0.00152827 -0.000459868 0.000697085 0.000444965 0.000204716 -0.00506413 -0.000462068 0.000101635 0.0012917 -0.000162612 0.00218923 -0.00367349 0.00162181 -0.000151867 -0.0074206 0.00142729 -0.000997703 -0.00121953 -0.000386525 -0.000695149 -8.13526e-05 -0.000589474 0.00016012 -0.000881645 0.00277999 0.00477335 -0.000826318 -0.00134821 -0.00172163 -0.00292434 0.00177056 -0.00116902 -0.00140365 
0.0015692 0.00141892 -0.00569938 0.00165338 -0.000307165 0.000970549 0.0535308 0.00187052 0.0010709 0.00025472 4.68245e-05 -0.0034537 0.000131624 0.00439422 -0.00733228 0.000632694 0.00315782 0.00164498 -0.00494236 -0.00485287 -0.00220832 0.000569934 -0.0114771 -0.00628533 -0.00283675 -0.00394674 -0.00747431 0.00575567 0.000334784 0.00776238 -0.00016021 -0.000214201 -0.00146168 9.81073e-05 0.00157579 -0.000614513 -0.00520599 0.000636956 -0.000699013 9.33182e-05 -0.000105617 0.000795212 -0.00562074 0.0011837 -0.00107139 0.00147396 -0.000159019 -0.00168954 0.000604502 -0.000442583 -0.00350423 0.00347064 -0.000863819 -0.00160458 3.99629e-06 -0.00141836 -0.00166656 -0.000777082 0.000188744 -0.000238224 -0.000525186 0.00118779 -0.00410782 0.00267819 -0.000638593 -0.000870079 -0.00101338 0.00065829 7.85297e-05 3.12427e-05 0.00114987 -0.000483001 0.00262754 -0.000184157 -0.000599914 2.75481e-05 0.000898245 -0.00170479 -0.00267451 0.000993413 0.000367563 -0.000252833 0.00540204 0.000883352 -5.26409e-06 0.000676357 2.32247e-05 0.000536284 -0.00117306 2.32676e-05 -0.003279 0.00370164 -0.000511307 0.0011161 -0.00443601 -0.00216352 -0.00237048 -0.00184844 -0.00142731 -0.00135311 
0.000333415 -0.000406653 -0.00269397 0.00189617 -0.00073105 -0.00108347 0.00187052 0.0694268 -0.00623157 -0.00638493 0.0015083 -0.00131749 0.000965533 -0.000988822 -0.00211111 -0.011645 0.00264405 -0.0010289 -0.00274902 -0.00204707 -0.0015459 -0.00541968 -0.00452848 -0.00671244 -0.00131915 0.00153754 -0.00165529 -0.000872366 0.00249166 -0.0048518 0.000176653 -0.00256437 0.000423952 0.00281496 0.000543629 -0.000377376 -0.00452926 -0.00215673 -0.000631196 -0.00225 5.98028e-05 0.00122048 -0.00386773 0.000594854 0.00095529 0.000677332 -0.00124276 -8.97292e-06 -0.00221025 -0.000167462 -0.00653143 -0.00233619 -0.000461481 0.0011368 0.00406584 -0.000667288 0.00244463 -0.000607632 0.000761031 -0.00158813 -0.000304789 0.000324113 -0.00321681 0.000430688 -0.00118871 0.000144659 -0.000832815 0.00143 -0.000739719 -0.000515904 0.000551252 -8.26145e-05 -8.05543e-05 -9.15138e-05 0.000850007 -0.0010882 -0.00380802 -0.000619229 -0.00173135 -0.0013823 -0.000390376 0.00766613 -0.000784302 7.16541e-05 -0.00221555 0.00311272 -0.000860339 0.00211918 6.57473e-05 -0.00127616 0.00708076 0.00138397 -0.000598746 0.00110886 -0.000755041 0.000833664 -0.00180507 -0.000396721 -0.00211505 -0.0003203 
-0.00246938 0.00455491 -0.0062286 -0.00299565 -0.00956163 -0.00488749 0.0010709 -0.00623157 0.159827 0.0238258 -0.00664814 -0.0187999 0.00465017 -0.000758066 -0.0164016 -0.00135959 0.00126554 0.0099315 -0.0370926 -0.013836 0.00503572 0.0064117 -0.0106604 0.00293635 0.00243691 0.0132781 0.0102597 0.0118795 -0.00890223 0.00993017 -0.00174122 -0.00220128 -0.00495606 -0.00282753 -0.00429823 0.0106321 0.0298847 0.000562003 -0.00176996 -0.00259733 -0.000611867 -0.00308603 -0.00769387 -0.00325999 -0.00447043 0.0039194 -0.00245226 -0.00773065 -0.000547808 -0.000685238 -0.0154979 0.00256129 -0.00534083 -0.00887397 -0.00387858 -0.00278724 -0.00147594 0.00322621 0.00481652 -0.00693106 -0.00367361 -0.000701286 -0.0102133 -0.00430263 -0.00228634 -0.00179749 -0.00758808 -0.00130088 0.00019413 -0.000738633 0.000553003 -0.00170451 -0.00128815 -0.0014769 -0.00109009 -0.00286543 -0.00189271 -0.00483889 -0.00560382 -0.00158432 -0.00382988 -0.0164582 0.00186848 0.000154587 -0.00138709 -0.00222014 0.00207342 0.00166856 0.00208426 0.00715725 -0.00103909 -0.00257956 0.00346162 -0.00274161 0.000986041 -0.00437427 0.00660538 -0.00924893 -0.000252737 -0.00807661 
-0.00718429 -0.000559629 -0.0133122 -0.00492951 -0.0103427 0.0011456 0.00025472 -0.00638493 0.0238258 0.177016 -0.00863336 -0.0375045 0.000556674 -0.0112568 0.000769254 -0.000477006 -0.0199975 -0.00259988 -0.019386 -0.00986995 -0.00434153 0.00918273 0.000426492 0.0114668 0.0202021 0.020391 -0.000167941 0.0017529 0.000285808 0.00415455 0.00169556 -0.00115352 -0.00451099 -0.00186118 -0.00164269 0.00124035 -0.0040583 0.00532316 -0.000764132 -0.00971355 -0.00323832 -0.00380428 -0.0160012 -0.00659286 -0.00357591 -0.000117073 -0.00399454 0.00329235 0.00293225 -0.00130599 -0.00577946 0.000525204 -0.00434031 -0.00190791 0.000939675 0.00117805 -0.000786717 0.00221363 -0.00337058 -0.0107269 -0.0025048 -0.000638742 -0.00339597 -0.010847 0.000368629 -0.00651571 -0.00123987 -0.00402138 -0.000326647 -0.00351013 0.00149071 -0.000579366 0.00764231 -0.00145895 -0.00086169 -0.00958314 -0.0088823 0.000986614 -0.00127621 -0.000961088 -0.00174818 -0.00883571 0.00279598 0.00293566 0.00484164 -0.00129406 0.000573577 0.000567256 -0.000132233 -0.00146053 -0.0117347 0.00127328 -0.00424795 -0.00156585 0.0243563 -0.00537842 0.00240408 -0.00315111 0.00739924 -0.00606028 
0.00185146 0.00348527 -0.00346756 0.00247071 -0.00195048 0.000527644 4.68245e-05 0.0015083 -0.00664814 -0.00863336 0.147583 0.0280694 -0.00367605 -0.00586758 0.000701959 -0.0131423 0.00764643 -0.0171815 -0.0125026 -0.00819202 -0.0087285 0.00694122 -0.00592422 -0.00272882 -0.00943821 -0.0183913 -7.39e-05 0.00365564 0.0050814 0.0110634 0.000687968 0.00393949 -0.00232452 -0.00613565 -0.000639574 -0.0097317 -0.011712 -0.00164853 -0.00130574 -0.00162021 -0.00134353 0.00144382 0.0122754 -0.00703748 0.0107669 0.00124007 -0.00428425 0.00865697 -0.00162556 -0.00439761 -0.010913 0.00116217 -0.000939767 -0.000261183 -0.00430655 -0.00257063 -0.0019592 -0.00444074 -0.00110718 0.00594895 0.00436925 0.000854144 -0.000240168 -0.00386532 -0.00118757 0.0116912 -0.00240458 -0.00149974 0.0025147 -0.000504222 -0.00104544 -1.53853e-05 -0.0157438 -0.00225278 -0.00088122 -0.00248605 -0.000105201 0.00129898 0.00440197 -0.00204659 0.000974754 0.00569159 -0.000654073 -0.00171542 0.00589964 0.00080105 -0.00195696 -0.00476236 -0.00260187 -0.00342649 -0.0101534 -0.00244886 -0.000867778 0.00119888 -0.0162016 -0.0020862 -0.00400199 -0.00447138 -0.00251307 -0.00745951 
0.00325363 -0.00612408 0.0152246 -0.00102672 -0.0054911 0.00295289 -0.0034537 -0.00131749 -0.0187999 -0.0375045 0.0280694 0.246001 -0.0130209 -0.00168406 -0.0133041 -0.0255782 0.017652 -0.0181267 0.0149277 -0.0109887 0.00412686 0.0085708 -0.0099373 0.00590896 -0.0199917 -0.0145811 -0.0188589 0.00793611 -0.00192528 -0.00133183 -0.00709862 -0.00128567 -0.0112259 -0.00468011 -0.00293075 -0.007103 0.0056553 -0.00750858 -0.00125517 0.00267034 -0.000895648 -0.0044102 0.0321275 -0.00530165 0.00542581 0.0014131 0.00172426 -0.00389625 -0.00982221 -0.00793076 0.00161499 0.00279241 -0.000665431 -0.00762288 -0.00629311 -0.00313871 0.00363826 -0.00632814 0.00238868 0.00191381 -0.00643772 -0.00268369 -0.00706721 0.00558299 -0.0024989 0.010872 -0.00320391 0.000515534 0.00130403 0.000427013 -0.00584888 -0.000438708 -0.00655302 -0.00448664 -0.00325629 0.00503383 -0.0189586 -0.0028879 0.0132397 -0.00199417 -0.00349258 0.00643025 -0.00435887 -0.00519667 0.00770768 0.00672509 -0.00228488 -0.00781568 -0.00779103 0.000738575 0.0101091 -0.00585179 0.00217877 0.00203878 -0.0283046 -0.00400095 -0.00967122 0.0171265 -0.029239 -0.00925625 
-0.00252354 0.000617708 -0.00179139 -0.00135135 -0.00475106 0.00213914 0.000131624 0.000965533 0.00465017 0.000556674 -0.00367605 -0.0130209 0.0977354 0.00679371 -0.00597608 -0.00489587 -0.00626145 0.000678696 -0.00110606 -0.00256647 -0.00117967 0.0032846 -0.00182234 0.00196623 -0.00561403 0.00587669 -0.0172886 0.00907374 0.00587221 -0.00684349 -0.00344262 -0.00389653 -0.00268311 -0.00266657 -0.00246143 -0.0022906 0.00570655 -0.000959819 -0.000955427 0.000155795 0.000585563 0.000320068 -0.00529939 -0.0013691 -0.00100406 -0.00107475 -0.000218673 -0.00401177 0.00397108 8.59977e-05 0.0038608 -0.00156804 -0.00281282 0.000116613 -0.00174227 -0.000350372 -0.00141665 -0.00101456 -0.00121713 -0.00376381 0.00336256 0.00113024 0.00611419 -0.00687651 -0.00135147 0.00578333 -0.00183956 -0.000539611 -0.000402996 -0.00120609 0.00106202 0.00014018 0.00384361 0.000329916 0.000312228 -0.000697859 -0.00805548 -0.00211977 -0.00498067 0.00134269 0.00204059 -0.0139771 0.00378011 0.000889839 -0.00412146 -0.00349582 -0.00153692 0.00146987 -0.000532196 0.00662009 -0.000898565 -0.000771072 0.00394401 -0.000910794 -0.00300317 -0.00280339 -0.00632964 -0.00664696 -0.000172649 0.00284749 
0.00211066 -0.0011781 -0.000823958 0.00111048 -0.00691827 -0.00359748 0.00439422 -0.000988822 -0.000758066 -0.0112568 -0.00586758 -0.00168406 0.00679371 0.126933 0.00115111 0.0045655 -0.0098214 -0.0028817 -0.0152697 -0.00523407 -0.0108562 0.024448 -0.0257479 -0.0137613 -0.00561684 0.0261295 -0.0237058 0.00055084 0.00607187 0.000729874 0.00402369 -0.0044521 0.00119807 -0.00133558 -0.000680356 0.00208553 -0.0107691 0.000543599 0.00398371 -0.00205621 0.00380233 -0.00198491 -0.00952733 0.00179533 0.00910686 -0.00103079 -0.0142022 -0.00749089 0.0040315 0.00627967 -0.0189793 0.00421246 -0.00433483 -0.00184572 -0.000704758 -4.46887e-05 -0.0025212 -0.00202252 -0.000692843 -0.000468288 0.000300024 0.000744185 0.00526305 -0.00630635 -0.00114362 -0.00491387 -0.00049069 0.00298784 0.00413441 -0.000752569 0.000139795 -9.69231e-05 0.0262425 -0.00220161 -0.00154493 -0.00117515 -0.0103948 -0.00209062 0.00944168 0.00368105 -0.0010797 -0.00696517 0.00097316 -0.000477364 -0.0054096 -0.000873231 -0.00319459 0.00271239 0.00353878 0.0010325 -0.000954249 -0.00265992 -0.00692239 -0.00114838 -0.00322876 -0.00403843 0.00194898 -0.00431065 -0.00321994 -0.00248644 
0.00264008 -0.00410514 -0.00940605 -0.00626074 0.00257881 5.41695e-05 -0.00733228 -0.00211111 -0.0164016 0.000769254 0.000701959 -0.0133041 -0.00597608 0.00115111 0.179355 0.0131359 0.0044414 -0.00411098 -0.00684066 -0.00794463 -0.0228168 0.0190641 0.00697482 -0.00460425 -0.00972637 0.0062897 0.00117839 0.00108116 0.00936018 -0.0164468 -0.00188279 0.00258701 -0.00106674 -0.00393588 -0.00196158 -0.00460853 -0.0207816 0.000453346 0.00192924 -0.00127615 -0.0036036 -0.00365114 0.00337459 0.00389378 -0.00154517 -0.00215682 0.000200738 -0.00550564 -0.00392477 -0.000581586 -0.0130652 -0.00200319 -0.00346444 -0.00273263 7.13193e-06 -0.000469454 -0.00582935 -0.0037247 0.00058175 -0.00208421 0.000384443 -0.000823812 0.00837049 -0.0112924 0.000230435 0.000356557 -0.0036811 -0.00242417 -0.000300341 -0.00172556 -0.000491527 0.00593766 -0.0112273 0.00236883 0.000247187 -0.0033009 0.00943742 0.00830746 -0.00836207 -0.00312234 -0.00124014 -0.00429981 -0.00181817 0.000346733 -0.00565186 -0.00483179 -0.00264476 -0.00137627 -0.00142153 -0.00297135 0.000830811 -0.00370045 0.00898254 -0.00415166 0.00136253 -0.00740399 0.00882609 0.000489504 0.00439847 -0.00717505 
0.00879887 -0.00161745 -0.0175377 -0.00874552 0.0130339 -0.00838389 0.000632694 -0.011645 -0.00135959 -0.000477006 -0.0131423 -0.0255782 -0.00489587 0.0045655 0.0131359 0.246055 -0.0203439 -0.0251701 -0.0514863 -0.0133492 0.0108689 0.0208674 -0.0356894 0.00833517 0.0149216 -0.00636135 -0.0245948 0.0348894 0.00449742 0.0352355 -0.0155455 0.00760207 -0.00405518 -0.00115265 0.00384433 -0.00386165 -0.0154368 0.0146074 -0.00632504 -0.00744226 -0.00465962 -0.00339284 -0.0176176 -0.0021741 -0.0117774 -0.00260906 -0.0162557 -0.0190532 0.0114446 0.00148829 0.0232484 -0.00515252 -0.00197734 0.00184661 0.00156883 -0.00599162 0.000874889 -0.00297254 -0.000515467 0.0107149 0.000201445 -0.00152573 0.00333129 -0.0292527 -0.00291335 -0.00581117 0.00502669 -0.00283667 -0.000716224 -0.00432553 -0.000532537 -0.00217401 0.0132599 -0.00215129 -0.00132739 0.000630162 0.00667887 -0.00358613 0.00819009 0.00373013 -0.00659755 0.00355945 0.00543461 0.000360921 -0.00944763 -0.010157 -0.000176412 -0.00834734 0.00964332 -0.00492188 -0.0130279 -0.00371531 -0.000621067 0.00104462 -0.0113745 -0.00592658 0.0126813 -0.0126942 -0.00358093 -0.000763552 
0.00595334 0.00117445 0.00881301 0.00305891 0.0212855 -0.0115616 0.00315782 0.00264405 0.00126554 -0.0199975 0.00764643 0.017652 -0.00626145 -0.0098214 0.0044414 -0.0203439 0.227627 0.00225313 0.012996 -0.0427525 0.0021737 -0.0075326 -0.017268 -0.0172591 0.00211939 -0.0315686 0.013052 0.00172679 -0.00967321 -0.00460022 0.00143507 -0.00438116 -0.00481566 -0.00189232 0.00162808 -0.00652427 0.0130945 -0.00702556 -0.00207365 -0.00138655 -0.0015186 -0.00799178 -0.0101013 -0.00715482 0.00157834 -0.000223201 0.0187371 -0.0130706 -0.0146468 -9.58578e-05 -0.00985977 0.00652839 0.00321208 -0.00512074 0.00162489 -0.0113683 -0.00307496 -0.00203943 0.00444858 -0.0177122 -0.002083 -0.00159443 -0.015131 0.00422518 -0.00493067 -0.00376131 -0.0018198 -0.00442404 -0.00144259 -0.00201305 -0.00161877 -0.000432796 -0.00783927 0.000986458 -0.00221028 0.00854689 0.00539444 -0.00486457 -0.0011789 -0.00264259 -0.0023022 -0.000973841 -0.00643389 0.00217985 0.00822583 -0.00355701 0.00930913 -0.00427711 -0.00253245 0.00116525 0.0180244 -0.00278037 0.00530448 0.0029281 -0.0250408 -0.00564268 -0.00998542 0.0141118 -0.0083496 -0.0111496 
0.00359344 -0.00807135 -0.0216701 0.000541839 -0.0104161 -0.00270679 0.00164498 -0.0010289 0.0099315 -0.00259988 -0.0171815 -0.0181267 0.000678696 -0.0028817 -0.00411098 -0.0251701 0.00225313 0.235031 0.00989044 0.000374736 0.000383399 -0.0349323 -0.00245576 0.0119763 -0.00347503 -0.00257767 0.025969 -0.0175692 -0.0201342 -0.0164174 0.00653779 0.00288571 0.00334064 -0.0025915 -0.00104401 -0.00374819 0.0300639 -0.00670174 -0.000467583 -0.0035224 0.00280184 -0.00451615 -0.0193856 0.00200868 -0.00153241 -0.0059344 -0.0035554 -0.000858293 -0.0184838 -0.00991528 -0.0347008 0.00796529 -0.00332844 -0.0110326 0.00319684 0.000636731 0.00348668 -0.00285592 -0.00620123 -0.0221375 -0.00879997 -0.000692511 0.00538761 -0.0012349 -0.00225801 -0.00128358 -0.00294111 -0.00247548 -0.00039194 0.00191418 0.000752543 -0.000437221 0.00934218 -0.000244807 -0.00055593 -0.00870046 0.0220816 0.00514348 -0.00862856 -0.00680053 -0.00169512 0.0142264 -0.00359844 -0.000726211 -0.00620781 -0.00379248 -0.00440286 -0.00150619 0.000310434 -0.000647839 0.000662823 0.00377263 0.00654826 -0.00609539 0.0179776 0.000857456 -0.00709469 0.00628687 0.00481289 -0.0100186 
-0.00872118 -0.00159844 0.0222442 -0.00508901 -0.00428746 -0.00298495 -0.00494236 -0.00274902 -0.0370926 -0.019386 -0.0125026 0.0149277 -0.00110606 -0.0152697 -0.00684066 -0.0514863 0.012996 0.00989044 0.24386 0.0144689 -0.00485053 -0.00590623 0.0387491 0.0121388 -0.0350994 -0.00012714 -0.00687414 -0.0524849 -0.0220645 -0.0381393 0.0108825 0.00208776 0.00272661 0.000777008 -0.00148268 -0.00522366 0.00514393 -0.00977615 0.00219825 0.000221774 -0.00209474 0.00347928 0.0138729 -0.00137449 -0.00393324 -0.00312878 0.0172012 0.00767919 -0.00949181 -0.0139657 -0.00456886 0.00160482 0.00183224 -0.00420033 -0.00480149 0.00317463 -0.00802619 -0.000668572 -0.00215579 -0.00773673 -0.000496773 -0.00123782 -0.000257989 0.0118504 -0.000194312 -0.00343766 -0.00644863 0.00105235 -0.00349622 0.000815581 0.00161553 0.00107275 -0.00909456 0.00485404 -0.00212051 0.000310966 0.00373456 0.00423323 -0.0135824 -0.00134565 0.00389131 0.0107235 -0.00549231 -0.00288721 0.00265901 -0.00209169 -0.00510835 0.00565017 -0.00304169 -0.0151063 0.00233395 0.00705855 -0.0120592 -0.00207291 0.00521055 0.00244642 -0.0180763 0.0129011 0.00457124 0.000737217 
-0.00647519 -0.00488524 -0.00727462 0.00458581 -0.0149643 -0.00248775 -0.00485287 -0.00204707 -0.013836 -0.00986995 -0.00819202 -0.0109887 -0.00256647 -0.00523407 -0.00794463 -0.0133492 -0.0427525 0.000374736 0.0144689 0.211234 -0.00747887 -0.0237102 0.0161946 -0.00293416 -0.020271 0.00874371 0.0106009 -0.0430772 0.000728171 -0.0214287 0.00695055 -0.00514689 0.0121051 -0.00070185 -0.00439919 -0.010553 -0.0126333 -0.000219483 -0.00102391 -0.000292218 0.00389397 0.00518325 0.0143682 -0.000975038 -0.00702243 -0.00308441 -0.00924118 0.00425074 -0.0042578 -0.00559208 -0.00948362 -0.000191244 -0.00315338 -0.00614426 0.00222051 0.0047104 0.00321743 0.00649363 -0.00309038 -0.0143519 -0.00193374 0.000807507 0.0182313 0.0153815 0.00418608 -0.00106168 -0.00339033 0.00174981 -0.00037022 0.00325108 -0.00236079 -0.00167711 0.00556494 -0.00410554 0.0013412 -0.0014089 0.00828075 -0.00300613 0.0026712 0.00161952 -0.00213822 0.0200014 -0.00189894 -0.00523995 -0.00365709 0.00543903 -0.00276062 0.0039088 -0.00224271 0.0076058 0.00237823 -0.00459767 -0.00786712 -0.00853965 0.00975296 0.000109716 -0.000141308 -0.0093932 -0.000534768 0.0038985 
-0.00585046 0.00108113 -0.0006015 0.00396387 0.00371543 -0.000742984 -0.00220832 -0.0015459 0.00503572 -0.00434153 -0.0087285 0.00412686 -0.00117967 -0.0108562 -0.0228168 0.0108689 0.0021737 0.000383399 -0.00485053 -0.00747887 0.124016 -0.00577186 -0.00603827 0.0158922 0.00404418 -0.00897197 -0.00352602 0.0112988 -0.00278314 0.00707243 -0.0108544 0.00446505 -0.00793621 -0.00198754 -0.00383971 -0.00371563 0.00911602 -0.00137131 -0.00308756 -0.000827841 -0.00197712 -0.000704338 0.00232329 -0.00552651 -0.0066584 -0.000550994 -0.00134859 0.00157866 0.00476691 0.000754844 0.0134198 -0.0046108 0.000959439 0.00157944 0.000110186 -0.00149684 0.00153038 -0.00242784 -0.00155647 0.00262188 0.000619799 -0.000954757 -0.0135843 0.0030337 -0.00116074 -0.00198426 0.000807675 -0.00202773 0.000366567 -0.000108668 -0.00100121 -0.00243817 -0.00566125 -0.00674174 -0.00151691 0.00270586 0.0011724 -0.00455153 -0.000858171 9.40235e-05 -0.00355949 -0.00942836 -0.00313029 -0.00076305 -0.00286418 -0.00308816 0.00296964 -0.000922784 -0.00152026 -0.002363 -0.000923823 0.00246965 0.00416735 0.000792018 -0.00670912 -0.00351893 -0.00544753 -0.00404781 -0.00593863 -0.000512136 
0.00308223 0.00488311 0.00043604 -0.00590329 0.00659543 0.00115436 0.000569934 -0.00541968 0.0064117 0.00918273 0.00694122 0.0085708 0.0032846 0.024448 0.0190641 0.0208674 -0.0075326 -0.0349323 -0.00590623 -0.0237102 -0.00577186 0.23134 -0.0207288 5.57159e-05 -0.00808626 0.0138716 -0.0477762 0.0196605 -0.0045488 0.00821221 -0.00736323 0.00694675 -0.00951039 -0.00431638 -0.00354664 -0.00274161 -0.0197946 0.00139968 -0.00172743 -0.00450547 -0.00301198 -0.0063124 -0.00227388 -0.00822863 -0.000502408 0.00371797 0.0115345 -0.00405829 0.00357692 0.00654253 -0.0308837 -0.000189677 -0.000151793 -0.0108967 -0.00409131 -0.00611736 -0.010028 -0.00409465 0.000944294 0.00287325 -0.00246075 0.00142151 -0.000185279 -0.0192427 -5.30609e-05 -0.0056255 -0.00505788 -0.00577011 -0.00135123 -0.00594822 -0.00249727 0.00118474 0.0022459 0.0034324 -0.00126906 -0.00433677 -0.0198626 0.00388043 -0.00651368 0.00582877 0.004153 -0.0301564 0.00299156 0.00031879 -0.00738903 -0.0116843 -0.00177912 0.00149815 0.00531967 0.000870863 -0.0114187 -0.00144903 0.00248282 -0.00156406 -0.0056005 -0.0128513 0.00309896 0.00929626 0.00604923 -0.00151118 
-0.00628096 -0.00291665 -0.0170948 -0.00849767 -0.0165447 -0.00441795 -0.0114771 -0.00452848 -0.0106604 0.000426492 -0.00592422 -0.0099373 -0.00182234 -0.0257479 0.00697482 -0.0356894 -0.017268 -0.00245576 0.0387491 0.0161946 -0.00603827 -0.0207288 0.249341 0.00436415 -0.0293383 0.0108031 0.0240882 -0.0331165 -0.017676 -0.0363801 0.00447646 0.00490023 0.00955483 -0.000584289 -0.00438868 0.00713763 0.0168788 -0.0115109 -0.000382826 0.00728551 -0.00293043 -0.000983219 0.0145626 -0.00589871 0.00190535 -0.000655522 -0.0124545 0.0208464 -0.00616571 -0.00401352 0.0167583 -0.015752 0.0021656 -0.00769282 -0.00344613 0.00673613 -0.00242113 0.00325435 -0.00179693 -0.00182104 0.00446692 -0.00139229 -0.0189735 0.00901926 0.000785764 -0.00159335 0.00115222 -0.00390571 -0.00225299 -0.0019764 -0.00322168 0.000468396 -0.0299619 0.0074081 0.000686035 -0.00477375 -0.00752278 -0.00313563 -0.0290668 -0.00704478 -0.00258559 -0.000219601 -0.00216681 -0.00288418 0.0011979 0.00179288 -0.000495181 0.00484832 -0.0103211 -0.013175 -0.00649615 0.00362526 -0.0123884 0.00288543 0.02147 0.0092298 -0.00290906 0.0140653 0.0239302 0.00146697 
-0.000883768 -0.00217042 0.00527429 -0.00818774 -0.00859258 0.00300734 -0.00628533 -0.00671244 0.00293635 0.0114668 -0.00272882 0.00590896 0.00196623 -0.0137613 -0.00460425 0.00833517 -0.0172591 0.0119763 0.0121388 -0.00293416 0.0158922 5.57159e-05 0.00436415 0.143429 -0.00204242 -0.0236959 0.0104353 -0.000830893 -0.00804434 0.00142309 -0.00572152 -0.00247073 -0.0160335 -0.00544454 -0.000481985 -0.0125062 0.0190685 -0.00169346 -0.00285909 -0.00111197 -0.00357367 -0.000332468 0.00913629 -0.00238026 -0.00333383 -0.00557834 -0.00118873 0.00264643 -0.00579002 -0.0145663 0.00504921 0.0003581 -0.005291 -0.00202816 -0.00407807 0.00121949 0.00121546 -0.00218044 -0.0072462 0.00798461 -0.00154758 -0.000469508 -0.000660125 -0.00318586 -0.00184774 0.00285088 -0.00069498 -0.00421131 -0.00428928 -0.00285587 -0.00359341 -0.00181777 0.00347201 -0.00425961 -0.00187455 -0.00715276 0.00725488 0.00318916 -0.00954269 -0.00147527 -0.000315398 0.000335527 -0.00442167 -0.00162608 -0.0126981 -0.00426639 -0.00722391 -0.00396022 0.00232662 0.00379841 -0.00376732 0.00361606 -0.00233021 7.9963e-05 0.00575896 -0.00155711 -0.0137319 0.00462203 0.000861802 -0.00345321 
0.000852441 3.21822e-05 0.0145966 -0.00279844 0.012065 0.000460712 -0.00283675 -0.00131915 0.00243691 0.0202021 -0.00943821 -0.0199917 -0.00561403 -0.00561684 -0.00972637 0.0149216 0.00211939 -0.00347503 -0.0350994 -0.020271 0.00404418 -0.00808626 -0.0293383 -0.00204242 0.156491 -0.0224227 -0.00187938 0.00345601 -0.00553538 0.0149952 0.00178359 -0.00676884 -0.00436596 -0.00224872 0.00156122 0.00247258 0.0046362 0.00231749 0.00183686 -0.00462427 -0.000540682 -0.00170836 -0.0143111 0.00170926 -0.00874743 0.000732394 0.00232263 -0.00901054 0.00386559 0.00371526 0.010823 -0.0028104 -0.000260061 0.00625428 0.000532458 -0.00358194 0.00330677 -0.00251264 -0.00144175 0.00796047 0.00282822 -0.00150126 -0.00941493 -0.00981404 -0.00133912 -0.00800841 0.000172579 -0.00216848 -0.00345222 -0.00362125 -0.0020159 0.00176127 0.0165667 -0.00341317 -0.00105255 0.00112494 -0.0135835 -0.00132672 0.000446721 -0.0020309 0.000254412 -0.00678781 -0.00120643 0.00256881 0.00544785 -0.00334644 0.00236072 -0.00181635 8.59184e-05 0.0035189 0.00173316 -0.000135124 -0.00370827 -0.00241206 -0.00270017 -0.00441455 0.00189214 -0.00550633 -0.00128315 0.00121693 
-0.00288018 -0.00400502 -0.000977102 0.00028697 -0.0225013 -0.00205995 -0.00394674 0.00153754 0.0132781 0.020391 -0.0183913 -0.0145811 0.00587669 0.0261295 0.0062897 -0.00636135 -0.0315686 -0.00257767 -0.00012714 0.00874371 -0.00897197 0.0138716 0.0108031 -0.0236959 -0.0224227 0.233255 -0.0221286 -0.00386331 0.0127519 -0.0161239 -0.00355497 -0.0121701 0.00136206 -0.00315949 -0.00131655 0.0140248 -0.0126308 0.00215544 -0.00084869 -0.00206657 0.00109817 -0.00730522 -0.0142306 -0.00497149 0.00119323 -0.000702126 -0.0178327 0.00199908 0.00514302 0.0110854 -0.0206668 -0.0030817 -0.00279808 -0.00875552 0.0035263 -0.00124593 -0.00705086 -0.00164641 -0.00161803 -0.0167708 -0.00482905 -0.00122177 0.0127139 0.00070878 -0.00259415 -0.0119117 -0.00877922 0.0011045 0.00358213 -0.000728314 0.000342051 -0.00271236 -0.00120654 0.00391182 -0.00045858 -0.00140488 -0.0117033 -0.00323906 -0.000442455 0.00174864 -0.00281379 -0.0130233 0.00635059 0.000924848 -0.00827584 0.00467606 -0.000797087 0.00224249 0.000720725 0.00106367 -0.00161188 -0.00194289 -0.00818623 -0.00854934 0.00975727 -0.00261056 0.0064473 -0.0163399 0.0123772 0.00351476 
-0.00981119 -0.00175359 -0.00852225 -0.00769577 -0.00681982 -0.00766859 -0.00747431 -0.00165529 0.0102597 -0.000167941 -7.39e-05 -0.0188589 -0.0172886 -0.0237058 0.00117839 -0.0245948 0.013052 0.025969 -0.00687414 0.0106009 -0.00352602 -0.0477762 0.0240882 0.0104353 -0.00187938 -0.0221286 0.244488 -0.0250356 -0.0121093 -0.00471318 -0.0058563 -0.00223162 0.0014854 0.00684345 0.00597 0.00227983 0.013361 0.00614767 -0.00329347 -0.000923913 -0.00132195 -0.0073062 -0.00314926 0.0012408 0.00172882 -0.00256325 -0.00489368 0.000609082 -0.0144042 -0.00635909 -0.00971439 -0.00651292 0.0036469 0.00213816 0.00249042 -0.00228635 0.00258399 0.0031348 -0.0035193 -0.0176095 -0.00200252 -0.00446201 0.00310562 0.0194426 -0.001534 -0.00150801 0.00290231 -0.00693425 -0.00319096 0.00214503 -0.0040364 -0.00398899 -0.0323685 0.00453455 -0.000156675 -0.00921335 0.0153988 -0.00580614 -0.00746285 -0.00662635 -0.00189489 0.0102347 -0.00920432 -0.00217883 -0.00597881 0.000143139 0.00240411 -0.00540493 0.00247696 -0.00211819 -0.0116378 -0.0124796 -0.00026416 -0.00625115 0.00483429 0.00818231 -0.00033712 0.0172466 0.00808133 0.00425489 
0.00269945 0.00312114 -0.0150371 -0.00884464 -0.000372822 -0.00212259 0.00575567 -0.000872366 0.0118795 0.0017529 0.00365564 0.00793611 0.00907374 0.00055084 0.00108116 0.0348894 0.00172679 -0.0175692 -0.0524849 -0.0430772 0.0112988 0.0196605 -0.0331165 -0.000830893 0.00345601 -0.00386331 -0.0250356 0.205788 0.00588314 0.0184673 -0.0178105 -0.00664994 -0.0060956 -0.00015582 -0.00284072 -0.001312 -0.0120798 -0.00106697 -0.00240995 0.00380328 -0.00391182 -0.00607735 -0.0113165 -0.000883427 -0.00410968 0.00107717 -0.00267054 -0.000593885 0.00819307 -0.00147445 0.0114836 -0.002616 0.000381918 -0.00675655 -0.0036035 -0.00871964 -0.00145698 -0.00796544 0.00262141 0.00466625 -0.00082993 0.0018215 -0.00135694 -0.0197815 -0.00227386 0.00560318 0.000470508 0.000677273 0.00335538 0.00489259 0.00128247 -0.00181911 -0.00196847 0.000592985 0.000431294 0.00358076 -0.00136051 -0.00437591 0.00979742 0.00208486 0.000415636 -0.0155779 -0.00138931 0.00349977 0.000871521 -0.00758172 0.000919616 -0.006777 -0.000449453 -0.000220874 -0.00238946 0.00408739 0.00418185 0.0027952 -0.0180964 -0.00568326 -0.00314276 -0.00421401 -0.0163493 -0.000822372 
-0.00463831 5.93887e-05 -0.00627103 -0.00493344 -0.00366919 0.00290696 0.000334784 0.00249166 -0.00890223 0.000285808 0.0050814 -0.00192528 0.00587221 0.00607187 0.00936018 0.00449742 -0.00967321 -0.0201342 -0.0220645 0.000728171 -0.00278314 -0.0045488 -0.017676 -0.00804434 -0.00553538 0.0127519 -0.0121093 0.00588314 0.124107 0.00859722 -0.00274124 -0.00225417 0.00280505 -0.000713137 0.000800493 -0.000759593 -0.0209817 -0.00403713 -9.29444e-05 -0.00287312 -0.000296656 0.00544156 -0.00630758 -0.000112711 0.00336267 -0.00173228 -0.00797336 -0.00120889 0.0100247 0.00483171 0.0161079 -0.00136751 -0.00122539 0.00211452 -0.000757368 -0.00247754 -0.00128054 -0.00333413 -0.00318631 -0.00340822 -0.00215267 -0.000852806 0.0105296 -0.00823906 -0.000632595 0.00564427 0.0036714 -0.00182009 0.000348273 0.000927961 -0.000298247 0.00103327 -0.00526088 -0.00184441 0.000522116 0.00179185 -0.000641296 0.000689863 0.00263012 -0.000102104 -0.0018575 -0.00558601 0.00248308 -0.00073251 0.00273358 -0.00168404 -0.000690202 -5.48654e-05 -0.00372378 -0.00289961 -0.00102187 -0.00202601 0.000773763 -0.00194244 0.000926445 -0.00404238 -0.00402624 -0.00934206 -0.00259684 -0.00312312 
0.00551456 -0.000802671 -0.00376469 -0.00184114 0.0101057 0.000883305 0.00776238 -0.0048518 0.00993017 0.00415455 0.0110634 -0.00133183 -0.00684349 0.000729874 -0.0164468 0.0352355 -0.00460022 -0.0164174 -0.0381393 -0.0214287 0.00707243 0.00821221 -0.0363801 0.00142309 0.0149952 -0.0161239 -0.00471318 0.0184673 0.00859722 0.159677 -0.00947236 0.0059834 -0.00342681 -0.00480096 0.0034168 0.00203169 -0.00513456 0.00829272 -0.00194041 -0.00404806 -0.00140606 -0.00377833 -0.0106506 -0.00220274 -0.00632068 0.00189154 -0.00648023 -0.00943884 0.00506734 0.00514883 0.00383203 0.00395306 -0.00201017 0.0040423 -2.79479e-05 -0.00563005 -0.00250104 0.00076481 0.000758718 0.015364 -0.00134689 -0.00122524 -0.0046508 -0.0102303 -0.00142177 -0.00647383 0.000719248 0.000414611 -0.00267458 -0.00300716 -0.00112041 -0.00253668 -0.0088952 -0.00485192 -0.0023045 -0.00217641 0.000202769 -0.00205409 -0.00340202 -0.00358369 -0.000810254 -0.00457435 0.00297277 0.0003565 0.00694324 -0.000878971 -0.000240352 -0.00616698 0.00135991 -0.00358331 -0.0112868 -0.00769973 0.000939422 0.000588701 -0.00839602 -0.00427305 -0.00304398 -0.00675837 -0.00139584 -0.00484998 
-0.00211322 -0.000938705 0.00336878 0.00294134 -0.00623288 0.00212853 -0.00016021 0.000176653 -0.00174122 0.00169556 0.000687968 -0.00709862 -0.00344262 0.00402369 -0.00188279 -0.0155455 0.00143507 0.00653779 0.0108825 0.00695055 -0.0108544 -0.00736323 0.00447646 -0.00572152 0.00178359 -0.00355497 -0.0058563 -0.0178105 -0.00274124 -0.00947236 0.0984684 0.00117915 0.00354068 -0.00106126 -0.000608773 -0.00195857 0.0071894 -0.00558025 0.000590633 -0.0024342 0.00447835 0.00323076 -0.0025548 0.00222107 -0.00256379 -0.00138503 0.00488771 -0.00186472 -0.00250479 -0.00501325 -0.0124459 0.00527777 -0.00305107 -0.00601338 -0.000387806 0.000770263 -0.00209743 0.00390856 -0.00230548 -0.00729985 0.00123068 -0.000339453 0.00571008 -0.00230147 -0.00048247 -0.00216869 -0.00439247 -0.00146523 -0.00124177 -0.00117681 0.00335778 0.000187315 0.00376875 -0.00125983 0.000250504 -0.00213158 -0.00362713 0.00105013 -0.00711838 -0.000492928 -0.00176637 0.00886364 -0.000178783 0.000187993 0.00136322 0.00120707 -0.00014979 0.00646357 -0.00200545 -0.00551448 -0.000951523 0.00110794 -0.00490393 -0.0016981 0.00227255 -0.00365073 0.000532869 -0.00343882 0.00130684 -0.00557539 
-0.00354532 -6.68484e-05 -0.00652472 -0.0021575 0.00321984 -0.00110626 -0.000214201 -0.00256437 -0.00220128 -0.00115352 0.00393949 -0.00128567 -0.00389653 -0.0044521 0.00258701 0.00760207 -0.00438116 0.00288571 0.00208776 -0.00514689 0.00446505 0.00694675 0.00490023 -0.00247073 -0.00676884 -0.0121701 -0.00223162 -0.00664994 -0.00225417 0.0059834 0.00117915 0.0958434 -0.00239897 -0.00313823 -0.00115128 0.000568025 -0.00476418 -0.000934531 -0.00158461 -0.00170527 -0.00170614 -0.000299639 -0.00736926 -0.00269714 -0.00616461 0.000214134 0.00547891 -0.00242433 0.0057796 -0.00176047 0.000371624 -0.00409324 -0.00125823 -0.00251901 -0.00136143 -0.00130818 -0.00310525 0.000611149 -0.000470298 -0.00013858 0.00358674 -0.0010703 -0.00462033 -0.00164598 -0.00040499 0.000282813 -0.000933432 -0.00181211 0.000246867 -0.00102807 0.000707938 -0.000162646 -0.0108116 -7.72925e-05 -0.000631833 0.00039336 -0.00310704 0.00175598 -0.00649255 -0.000850632 -0.00394803 -0.0039393 0.000705894 -0.00118467 0.00308798 0.000644263 0.000366818 -0.00080581 0.00472388 -0.00494977 -0.00686368 0.00069499 0.00834008 -0.000892034 -0.00234165 -0.000850381 0.000705953 0.00860821 -0.00369679 -0.00279946 
-0.00469447 -0.00208005 -0.00649183 -0.00103884 -0.00167024 -0.00247641 -0.00146168 0.000423952 -0.00495606 -0.00451099 -0.00232452 -0.0112259 -0.00268311 0.00119807 -0.00106674 -0.00405518 -0.00481566 0.00334064 0.00272661 0.0121051 -0.00793621 -0.00951039 0.00955483 -0.0160335 -0.00436596 0.00136206 0.0014854 -0.0060956 0.00280505 -0.00342681 0.00354068 -0.00239897 0.0763847 0.00162126 -0.00016839 -4.97092e-05 -0.0110091 -0.000555617 0.00196839 0.000101451 0.00131789 -0.000199476 -0.00699377 0.00375544 0.00139106 -0.00101114 -0.00529479 0.00110886 -0.00339248 0.00128243 -0.0016241 0.00036603 -4.69914e-05 -0.00129428 -0.000656027 -0.000589469 0.00261812 0.00130852 -0.00110712 -0.00520922 -0.00063553 0.000618325 0.00601997 1.86566e-05 0.000697072 -0.00184252 -0.000799682 0.0014899 0.00101494 0.00175412 -0.000133719 8.29284e-05 0.00342102 0.000819728 0.00180471 -0.00127502 0.00106038 -0.000418304 0.00137184 -0.000475155 0.00222388 0.00404732 -0.000835366 -0.000784038 0.00485912 -0.000839 0.000691023 3.58706e-05 -0.000149892 -0.00441517 -0.00246125 -0.0023493 -0.00236646 -9.53314e-05 0.00712621 0.000785755 -0.00247356 -0.00176304 -0.00389553 0.000819357 
-0.00281719 -0.000414933 -0.00542031 -0.00163466 -0.000913518 -0.000996278 9.81073e-05 0.00281496 -0.00282753 -0.00186118 -0.00613565 -0.00468011 -0.00266657 -0.00133558 -0.00393588 -0.00115265 -0.00189232 -0.0025915 0.000777008 -0.00070185 -0.00198754 -0.00431638 -0.000584289 -0.00544454 -0.00224872 -0.00315949 0.00684345 -0.00015582 -0.000713137 -0.00480096 -0.00106126 -0.00313823 0.00162126 0.0591816 0.00080559 -0.000628515 -0.00550124 0.00070292 -0.000635175 -0.000530697 0.000721309 0.00294238 -0.00270936 0.00050035 -0.00130008 -0.000697657 -0.00197948 -0.000784875 0.000843138 -0.000700731 0.00124391 -0.0027969 0.00208398 0.00296063 0.00261709 0.00164388 0.00184887 0.00135994 0.000511105 0.00117631 -0.00149342 0.00104879 -0.000155299 -0.00297281 0.000539474 -0.000852401 0.00226009 -0.000329703 -0.00130317 -0.000730545 -0.000661445 0.000148718 -0.00410672 0.000243331 0.000761763 -0.000297186 -0.00304577 0.000884482 0.000609585 6.70929e-05 0.000943077 0.00480151 -0.000829311 -0.000781839 -0.0026247 -0.00224944 -0.000405944 -0.00111212 -1.78466e-05 -0.00121227 0.00221163 -0.00250722 -0.00324372 -0.000401589 0.00712378 -0.000946328 0.000777388 -0.000272519 0.000802453 0.00388518 
