0.0917955 -0.00182042 -0.00113593 0.00275361 0.000510116 -0.000485425 -0.00152988 0.00373341 -0.000197984 0.00224385 -0.00851766 -0.00380004 0.00538828 1.54583e-05 -0.0131311 0.00462294 -0.0068527 -0.00631251 -0.00541568 -0.00172406 0.00266036 -0.00709901 0.00297694 -0.00853068 -0.0236591 0.0144824 0.00598743 -0.0109676 0.000468715 0.00168536 -0.00302058 -0.00571683 -0.00215112 0.00408054 0.000537306 0.00266836 -0.00465895 0.00100655 -0.00650666 -0.00125498 -0.00162852 -0.000700433 -0.00222687 0.00134846 -0.00701718 -0.00123733 -0.00192781 -0.000556987 -3.88488e-05 -0.00180315 -0.00145101 0.00048662 -0.000656439 -0.000663738 -0.00221251 -0.000361245 -0.00195732 0.000898346 -0.00049062 0.000641177 0.00239685 0.000890178 0.00134528 -0.00491524 2.53534e-05 -0.00155335 -0.000402195 -0.000185003 0.00259447 0.000430269 -0.00145143 -0.000984269 -0.00145482 7.33042e-05 0.00259357 -0.00626996 -0.000911632 -0.00189612 -0.00271133 -0.000215721 0.0059 0.000294244 -0.00125545 0.000333727 -5.92504e-05 0.000771506 -0.00121563 -0.000438048 -0.00062118 0.00252316 -0.000174969 0.00212107 0.0028398 0.000544873 0.00379622 -0.000683242 -0.000797895 -0.00110644 -0.0015239 -0.000219586 
-0.00182042 0.0606051 0.000224128 -0.00108286 0.000613383 -0.0018695 0.0011513 -0.00234501 0.000805406 -0.0036193 -0.000571662 -0.00380173 0.000109389 -0.00229911 -0.00243572 -0.00367167 -0.00587748 0.00281807 -0.00342077 0.0049953 -0.000999939 0.000969005 0.00325645 -0.00182004 -0.00460158 -0.000790223 -0.00379285 -0.007874 -0.000562677 -0.00335811 0.00167764 -0.00116591 -0.000479872 -0.00387591 -0.00119548 -0.00222816 -0.00121091 0.00132028 -0.00100779 0.001097 0.000478583 -0.000101252 -0.000222331 -0.00138494 0.000215038 -0.000361644 -0.00200986 -0.00155203 0.000149348 0.00131032 -0.000244836 0.0025703 -0.0021483 -0.00139689 -0.0015868 -0.0010416 -0.00130345 -0.000544062 -0.000236678 0.000786476 0.000511053 -0.0020216 -0.00167246 -0.000328328 -0.00304787 -0.00106147 -9.50321e-05 -0.000681504 -0.000995326 0.00376946 -0.0015454 1.49264e-05 0.000128083 0.00070692 -0.00032364 0.00103967 -0.000686102 -1.98344e-05 -0.000394282 1.37093e-05 -0.000742668 0.000360769 0.00140276 -0.000146572 0.00115244 0.00102851 -0.000883055 0.000659159 -0.000660213 0.000201776 -0.000793573 0.00211157 -0.000276549 -0.000677642 0.000541008 0.00085083 -0.00346863 0.00137682 0.00147755 -6.44419e-05 
-0.00113593 0.000224128 0.102512 -0.00252852 0.00245791 -0.00447967 0.00206552 0.000881742 2.59986e-05 -0.00722054 -0.00411622 -0.00460296 -0.0011144 -2.2957e-05 -0.00590862 2.98388e-05 -0.00534203 0.00153912 -0.01319 -0.00451654 0.00111986 -0.00167708 -0.000483306 -0.00385041 0.00811254 -0.00314887 0.00600057 -0.0059076 -0.00111181 -0.00155814 0.000336207 0.00162728 -0.00010448 -0.0116942 -0.0027355 -0.00155889 -0.00323932 -0.00244152 0.000371791 0.00388537 -0.00264434 -0.000824523 0.00122905 -0.00230729 0.00441658 -0.00181172 -0.00196426 -0.000774318 0.00011649 0.00114142 -0.00132783 -0.0026352 -0.000582922 -0.00164154 0.00614573 -0.00544441 -0.00200168 -0.000320894 -0.00346624 -0.00585832 0.000650785 0.00469342 0.000436379 0.00504949 0.00528941 0.00306831 -0.00109942 -0.00167154 -0.00133703 -0.00384707 -0.00057451 0.00242783 0.00202417 0.00464246 -0.00110492 -0.00671469 0.00044444 -0.000835575 -0.00644266 0.0015563 -0.000385228 0.000566521 0.00221467 -0.00384208 -0.000731182 -0.00491988 -0.00187076 0.00013319 -0.0011371 -0.00186821 -0.00202991 0.00274129 -0.00132292 -0.000856825 0.000424331 -5.55235e-05 -0.00233309 -0.00597959 -0.00157432 -0.000773297 
0.00275361 -0.00108286 -0.00252852 0.0918958 -0.0010437 0.00169625 -0.000796416 0.0038363 -0.00141066 -0.000394469 -0.00154353 -0.00511178 0.00432206 -0.00498589 0.00338569 -0.00272905 -0.000266028 -0.0119622 -0.00438611 0.0103987 0.00334832 -0.00746783 0.00516743 0.00579281 -0.00189457 0.0144614 0.00166435 -0.0110041 -4.83973e-06 -0.00652888 -0.000179577 -0.00547245 -0.00349818 -0.0164478 -0.00198395 0.0016544 -0.00484411 -0.00275216 -0.00695866 -0.00210331 -0.00277395 0.00011876 0.00267914 0.00107336 -0.000922127 0.000438324 -0.000127445 0.000905669 -0.000831565 -0.00423417 0.000665349 -0.00155027 -0.000113046 0.00376915 -0.000796726 -0.00250104 -0.00569975 -0.00110407 0.00181428 0.0040563 -0.000231697 -0.00466499 -0.00251173 -0.00212463 0.00334219 -0.00234165 -0.000258512 -0.00106025 -0.000757454 -0.00545004 -0.00142836 -0.00200056 -0.00214703 -4.58192e-05 -0.00169956 0.00169666 -0.00261941 -0.000785218 -0.00302916 -0.000612273 0.00119224 -0.000680582 -0.000870995 0.00193684 -0.000613854 0.00377077 -0.0019072 -0.001101 -0.00016693 -0.000677365 0.000666133 0.00032887 -0.0018552 0.000160929 0.000340728 0.000634132 -0.00280227 -0.00538604 0.000178305 -0.000279707 
0.000510116 0.000613383 0.00245791 -0.0010437 0.0295817 -7.16981e-05 -0.000348518 0.00119623 0.000260981 -0.00172391 -0.00232053 -0.00171196 -0.000401375 0.00190286 -0.00469322 0.00237782 -0.00301923 -0.00204501 -1.5469e-05 -0.0010817 -0.000423599 -0.00271404 -0.00218003 -0.00496334 -0.00317098 0.000535668 -0.00269232 0.00178075 -0.000328662 0.00176025 -0.0051428 -0.00173394 -1.88891e-05 0.000573531 6.6418e-05 -0.00102419 -0.000426074 -0.000349254 -8.9099e-06 0.00270737 0.000404651 0.000186203 -0.00185006 -0.000136469 0.000323659 -6.80146e-06 -0.000697833 0.000544281 0.000506881 0.0012479 0.000566069 0.00113037 -0.00178555 -0.000241739 0.00229316 -0.000385667 0.000386089 -0.000423259 -0.000872023 -0.00100079 -8.95876e-05 0.000597914 0.000951161 0.000272272 0.000340533 -0.000761793 0.000203408 0.000223014 5.39114e-05 0.00103497 -0.000141729 0.000280028 0.000266408 -0.000253018 0.000215679 -0.000685648 0.000278911 -0.000122842 -0.00338207 0.00036487 -0.000635417 6.28384e-06 0.000243506 -0.000110483 -0.000220109 -0.00110778 0.00125351 -0.000230772 3.22133e-05 3.41347e-05 -0.000767992 -0.000215921 0.000266027 -0.000888426 0.000198857 0.00020936 0.000344013 -0.00148308 -0.000232747 0.000797771 
-0.000485425 -0.0018695 -0.00447967 0.00169625 -7.16981e-05 0.175313 -0.00242049 -0.00299043 0.00279381 0.00209583 -0.0204585 -0.0198834 0.0136912 -0.00427361 -0.011339 -0.0163159 -0.00731281 0.0128672 -0.00878504 -0.0187899 -0.0134634 -0.0171779 0.0303273 0.00861534 0.00286388 0.013076 -0.00420221 -0.0152895 -0.00588942 0.0109385 0.00590631 -0.00727625 -0.0062613 0.0183812 -0.00035349 -0.00528381 -0.012908 -0.00482796 -0.0173494 0.00457911 -0.00641199 -0.000510308 -0.0122478 -0.00376933 -0.00419323 -0.000231405 -0.00834953 0.00122641 -0.002542 0.000118523 0.00129515 -0.00579288 -0.000839807 -0.00362792 0.00805149 -0.00567994 -0.000170074 -0.000274495 -0.00309397 0.00106395 0.000952884 -0.00169391 -0.000109412 -0.00544783 0.000257887 0.00769389 -0.000998891 0.000186431 -0.00258399 0.0103016 0.000494546 -0.00303294 -0.000687342 -0.00307263 -0.00306421 0.0100666 -0.00491255 0.00067053 0.00218288 -0.000740874 -0.00564586 -0.00143032 -0.00280502 -0.00101255 0.000983949 0.00339874 -0.000571936 -0.00562019 -0.000923535 0.000659712 -0.00125602 -0.00306911 -0.0051293 -0.0022183 -0.00370763 -0.00241125 0.00428735 -0.00437894 -0.00341009 0.000389734 
-0.00152988 0.0011513 0.00206552 -0.000796416 -0.000348518 -0.00242049 0.0601869 -0.000695015 0.00407458 -0.00115513 0.00580488 0.00376854 0.00210217 -0.00032983 -0.00349203 -0.00242802 0.0085766 -0.00392723 -0.00561943 -0.00655526 -0.000574897 0.000385717 -0.00279294 -0.0105841 -0.00454691 0.00548251 0.00326907 -0.00350481 -0.000381475 -0.00179622 -0.00959235 -0.000953636 -0.000618287 -0.00633275 -0.00183519 -0.00270571 -0.00237479 -0.00222121 -0.00496252 -0.00121179 -0.00222468 -3.10714e-05 0.000212172 0.000305587 -0.00367002 0.000799579 3.92303e-05 0.00140374 -0.000612905 0.000308086 -0.00150306 0.00148959 0.00125602 0.00422602 -0.000488388 -0.000951532 0.000624501 -0.000254013 -0.00437604 -0.00508463 -0.000756579 0.000640707 -0.000935735 0.000129586 0.0031525 -0.000562866 -0.000360636 -0.00116244 0.0048188 -0.000726362 0.000945047 0.00120201 0.000320031 -0.00033316 -0.00207829 -0.00388822 0.00150208 -0.00345974 6.49444e-05 -0.000404988 0.00129351 7.09754e-05 -7.98058e-05 -0.000486073 0.000108765 -0.000473013 -7.27577e-05 4.99404e-06 -0.000257092 0.000816454 0.00166765 6.14682e-05 0.000114899 -6.96648e-05 0.00147077 0.00135132 -0.00385039 -0.00209909 -0.00151314 0.00178446 
0.00373341 -0.00234501 0.000881742 0.0038363 0.00119623 -0.00299043 -0.000695015 0.116648 0.00148266 -0.0101091 0.00784682 0.00229351 0.0112249 -0.00196008 -0.014158 0.00825162 -0.00320628 -0.0164157 -0.0136027 -0.0131256 0.00683482 -0.0138465 -0.0140167 0.00485173 -0.00906137 0.00297744 0.00398347 0.0139555 -0.0018069 0.00716639 -0.00266783 -0.00337847 -0.00230678 0.0107257 0.000698995 -0.00349551 0.0108949 -0.00457462 -0.00528265 -0.000950253 -0.00569253 -0.00135233 -0.00280231 -0.0027836 -0.0101287 -0.00203447 0.00277323 -0.000784936 -0.000266288 -0.00201822 -0.00226553 -0.00178231 -0.000382016 0.000198026 -0.00162517 -0.000595608 0.00845579 0.000769859 0.000305121 -0.00349071 -0.00197541 -0.00520777 -0.00102406 -0.00381242 0.00916609 -0.00214732 0.000952379 -0.00158237 -0.00437763 -0.00395766 0.0023731 -0.000168027 -0.00308088 -0.00126343 -0.000754271 -0.00343026 -0.00136579 -0.0100458 -0.00334194 -0.000518233 0.000263603 6.38278e-05 -0.00133558 0.0007036 -0.00126459 0.000403413 -0.00231611 -0.00250692 3.25943e-05 0.00124725 -0.0028875 -0.00169311 0.000792746 0.00143411 0.000277314 0.000595021 -0.00508463 -0.00333375 -0.00142877 -0.00238629 
-0.000197984 0.000805406 2.59986e-05 -0.00141066 0.000260981 0.00279381 0.00407458 0.00148266 0.0579512 -0.00202919 -0.00238692 -0.00398397 0.00287568 -0.00225022 -0.00603885 -0.0080577 0.00573987 -0.00562235 0.000564482 -0.0147633 -0.000296845 -0.00555709 -0.0027791 -0.0073006 -0.00562548 0.00517661 0.000523603 -0.00196033 0.00284748 -0.00269216 -0.00615503 0.000967251 -0.000369038 0.000689285 -0.00128226 8.07213e-05 -0.00184995 0.000835244 -0.00744823 0.000663711 0.000137634 -0.00116264 -0.00253874 0.0037514 -0.00497376 -2.20359e-05 0.00201365 -3.30964e-05 -0.000532456 0.002761 0.000971511 0.000811243 -0.000212595 0.00204712 -0.00144178 -0.000865062 0.00227354 0.00208894 -0.0032488 -0.00217297 -8.83335e-06 -0.00358757 -0.00106111 0.000758869 0.00696551 -0.0016435 0.000493377 0.00071258 0.000136827 -0.000608626 0.000871247 0.00252037 -0.000831293 -0.00049832 -0.00103883 -0.000580245 0.00182065 -0.00347497 -0.00239018 -0.000303482 0.000572377 0.000707502 0.00117034 -0.000526935 0.000427163 0.000903773 -9.99657e-07 -0.00132507 0.000370113 -0.000547724 0.00115858 -0.00145805 0.000369345 0.00339259 0.000714125 0.000530139 7.75477e-05 -0.000693687 -0.0019763 -7.07722e-05 
0.00224385 -0.0036193 -0.00722054 -0.000394469 -0.00172391 0.00209583 -0.00115513 -0.0101091 -0.00202919 0.15203 -0.00736075 0.0176955 0.000299442 0.00701185 -0.00439396 -0.00941674 0.00600149 -0.00166608 -0.000302762 0.00624551 -0.00125312 -0.00284858 -0.00286325 -0.0138011 0.0142608 -0.014676 -0.0084293 -0.0238604 0.0017629 -0.0105577 -0.0174494 -8.69863e-05 -0.000943865 -0.0164301 -0.00338252 0.0201015 0.0100105 0.00323465 0.00247041 -0.0031532 -0.00612532 0.000584255 -0.0027031 -7.14046e-05 -0.0242244 -0.00184704 -0.00202475 -0.00189091 -0.000869401 -0.000764189 -0.0018425 0.00181763 0.00191636 -0.00333041 0.000374703 0.000172484 -0.000463554 0.000769929 0.0027823 0.00321274 -0.000945265 -0.00564067 -0.00385405 -0.00428527 -0.0108854 0.00269608 -0.000647277 -0.00489063 -0.0041558 0.00906817 -0.00388733 -0.00103447 -0.00103893 -0.00218472 0.00735454 -0.0108107 0.000874107 -0.00714794 0.0050189 -0.000490782 -0.00302693 -0.000470029 -0.00165946 -0.00564184 -0.00190537 0.00158104 0.00154154 -0.000360755 -0.00023096 -0.00286906 0.000606395 0.000722332 0.00031349 0.00375466 -0.000164725 -0.00461537 -0.00356712 0.010121 -0.000912489 0.00186102 
-0.00851766 -0.000571662 -0.00411622 -0.00154353 -0.00232053 -0.0204585 0.00580488 0.00784682 -0.00238692 -0.00736075 0.152049 0.00602807 0.00352066 -0.000299695 -0.00951565 -0.0125718 0.000977718 -0.0268436 -0.00743829 -0.00792441 0.0111591 0.0314313 -0.00427435 -0.0139884 -0.0139034 -0.0309629 -0.00223303 0.00167305 -0.00112467 -0.00361809 0.0109922 0.00558677 -0.000167023 -0.0114601 -0.00371362 -0.0121332 -0.00165525 0.000146718 -0.00109669 -0.004338 0.00985649 -0.00187609 0.00110489 -0.0025081 0.0012972 -0.0043279 0.00477974 0.00142227 0.000791043 -0.00543191 0.000774835 0.000150033 -0.000832225 0.00584938 0.000597492 -0.00152645 0.00240189 -9.32517e-05 -0.000957877 -0.0152179 0.000215838 -0.00779095 0.00353684 0.00201368 -0.00712111 6.4838e-05 -0.00104668 0.000317679 0.00219678 -0.0116089 -0.00234585 0.00310524 -0.00348883 -0.00490086 -0.00303009 0.00385739 0.00263598 -0.018903 0.00420927 0.0001021 0.000871409 0.000407198 0.00171862 -0.00306633 -0.000468937 0.00417267 -0.000108153 0.00613777 0.000767903 0.000359073 -0.00149136 -0.000345783 -0.00188351 0.00537464 -0.003654 0.00123739 -0.00292969 0.0063063 0.00323349 0.00440958 
-0.00380004 -0.00380173 -0.00460296 -0.00511178 -0.00171196 -0.0198834 0.00376854 0.00229351 -0.00398397 0.0176955 0.00602807 0.164625 -0.0073653 -0.00321146 -0.0154683 0.00562819 0.00913474 -0.0233609 -0.00694974 -0.0190761 -0.0106521 0.0124146 -0.0239156 0.00138026 0.007505 0.00629277 0.0197991 0.00976687 -1.50436e-05 -0.0037276 -0.0251202 -0.00628736 -0.00202751 -0.00477977 0.0022683 0.0200654 0.0155936 0.00133671 0.00286675 -0.00960527 0.000591786 -0.00332286 -0.00946907 -0.00068735 0.00366574 0.00114605 -0.00649896 -0.00264152 -0.00125095 -0.00204339 -0.00644339 -0.00161495 -0.00427058 -0.00124234 -0.0022418 0.001197 -0.00124721 0.000825812 -0.0111923 -0.00113576 -0.00193473 -0.00779257 -0.0031288 0.000859534 -0.00467638 -0.00366059 -0.00118254 0.00275947 -0.00271512 -0.00328588 0.00128146 0.00363638 0.00387006 -0.00385896 -0.00123953 -0.00850279 0.00109799 -0.00708351 -0.00187397 0.000141967 -0.00157277 -0.000860194 -0.0024959 -0.0133809 -0.000945206 -0.00244597 -0.00284235 -0.0016255 0.00438014 -0.0011024 0.000206742 0.00329935 -0.000603024 -0.000875098 0.00148546 -0.00278057 -0.00388371 -0.00270251 0.0055055 0.0043987 
0.00538828 0.000109389 -0.0011144 0.00432206 -0.000401375 0.0136912 0.00210217 0.0112249 0.00287568 0.000299442 0.00352066 -0.0073653 0.0842153 0.0049157 -0.0128877 -0.0105991 -0.00398131 -0.0144673 -0.0105247 -0.00896598 -0.00193052 0.000471938 0.000454867 -0.00728826 -0.0216688 -0.00677375 0.00910357 -0.0104799 0.00024835 0.000209133 -0.00344082 -0.00285105 0.000766328 -0.000312471 0.00146702 -0.00152071 -0.00534709 -0.00258109 -0.00991806 0.00016742 -0.00257384 -0.000684911 -0.00435275 7.26904e-05 -0.00848207 -0.00215558 0.000220444 9.52498e-05 -0.00120298 0.000319484 0.0027026 -0.00101642 0.000408516 0.00539111 0.00144392 0.00167436 0.00452557 4.88948e-05 0.00475193 -0.00537101 0.000227136 -0.00508539 0.000900686 -0.00202912 -0.00106985 0.00331311 0.000319809 -0.00047346 -1.33983e-05 -0.000179984 -0.000649698 0.000358437 -0.00148822 -0.00069312 0.0015365 0.00128264 0.0030445 -0.0101025 0.00183105 0.00114799 0.00198134 0.000168006 0.00244786 0.000613752 0.00145525 0.00812731 -7.78705e-05 -0.00155767 -0.000473835 0.00189792 -0.00228959 -0.00229544 -0.000615948 0.00279461 -0.000249192 0.000554067 -0.00193904 0.000841941 0.000324964 -0.000834366 
1.54583e-05 -0.00229911 -2.2957e-05 -0.00498589 0.00190286 -0.00427361 -0.00032983 -0.00196008 -0.00225022 0.00701185 -0.000299695 -0.00321146 0.0049157 0.0925666 -0.000790832 -0.00329335 -0.00578201 -0.00503537 -0.00793831 0.00362914 -0.00205076 -0.00267623 -0.00307592 -0.011709 -0.0118193 -0.0103995 -0.0106327 -0.0140523 -0.000471652 -0.0018467 -0.00329269 -0.000717254 -0.00439358 -0.00700869 -0.000217312 0.00358017 0.00453613 0.000453312 0.00525842 -0.00203973 -0.0012457 -9.71841e-05 -0.000638281 -0.00283224 -0.00918807 -0.000353717 -0.00218909 -0.000133422 0.000427287 -0.00428015 0.00128932 -0.000714278 0.00107105 -0.00100998 0.00142722 0.00299922 0.00128838 0.000686015 0.00522773 -0.00600393 0.00103246 0.0106719 -0.00114385 -0.00310167 -0.00381282 -0.000467384 0.000488037 -0.00226013 0.000429499 0.00641865 0.00140219 0.00122673 -0.00262379 0.00277276 0.00193191 -0.00539471 0.00179556 0.00510728 -0.0034962 -0.000370654 0.000737382 -0.000114692 0.00161154 0.00219365 -0.00130013 0.000302432 0.00112244 -0.00128007 -0.00169506 0.000117396 -0.00029713 0.00200636 0.000289312 -0.00323294 0.000637929 -0.000577119 0.00256826 0.00525492 0.00239143 -0.00206543 
-0.0131311 -0.00243572 -0.00590862 0.00338569 -0.00469322 -0.011339 -0.00349203 -0.014158 -0.00603885 -0.00439396 -0.00951565 -0.0154683 -0.0128877 -0.000790832 0.248681 -0.00220107 0.0179447 0.03053 -0.00239496 0.0407776 -0.0260188 0.0187571 -0.00131298 -0.0229589 0.0300941 -0.0196309 -0.0321932 -0.00518775 -0.000653219 -0.00363508 0.0241107 -0.0222239 0.0079838 -0.0361892 -0.00688799 -0.00680245 -0.00564436 0.000811466 0.00552618 -0.00569859 -0.0174695 0.00119444 0.010225 -0.00304376 -0.0113745 -0.0123707 0.0101504 -0.00407122 -0.000907524 0.00677279 0.000282691 -0.00554803 0.0122767 -0.0100711 -0.0030164 -0.00228818 -0.0140079 -0.00332945 0.0243018 0.00461654 -0.00202728 0.0126347 -0.00185992 -0.00155161 -0.000858854 0.000632279 -0.00135694 -0.00882627 -0.00595919 -0.000439643 -0.00100411 -0.00227352 -0.00376301 0.0027179 -0.00920144 -0.00511691 0.00052916 0.018005 0.00237771 -0.00246348 0.00103837 -0.00432931 0.00027151 -0.00601764 -0.00209346 -0.0203639 -0.00357664 0.000273716 -0.000433223 -0.00572407 -0.00943431 -0.00718781 -0.00353778 -0.00513859 -0.000327049 -0.00146631 -0.00389045 -0.0174254 -0.00552751 -0.00234326 
0.00462294 -0.00367167 2.98388e-05 -0.00272905 0.00237782 -0.0163159 -0.00242802 0.00825162 -0.0080577 -0.00941674 -0.0125718 0.00562819 -0.0105991 -0.00329335 -0.00220107 0.244248 0.00594186 -0.0157988 -0.0330916 -0.00749546 0.0330862 -0.00966625 -0.0465619 0.0330085 0.000195808 0.023506 -0.00495141 0.0424783 -0.00749556 -0.00599539 -0.00450425 -0.00609309 -0.0113824 0.00917628 -0.000478201 -0.00335394 0.00551789 -0.00202416 0.021604 -0.00405627 -0.00825835 -0.00100178 -0.0136644 -0.0127267 0.0151974 -0.00701592 0.00320022 -0.00020645 -0.00551413 -0.00813227 -0.00854732 0.00136374 -0.0180966 -0.00590623 0.00709553 0.00838028 0.00283532 -0.00300657 -0.0116455 -0.00229675 -0.00279841 -0.000292331 -0.00399641 -0.00753083 -0.000862969 -0.015464 -0.00101779 -0.00922009 0.00537898 -0.0038383 -0.00865177 0.00531142 0.00188381 -0.000140004 0.000136931 -0.032452 0.00183251 0.0111217 -0.0222388 -0.00224563 0.0048156 -0.00346731 -0.00412668 -0.00570887 -0.00189368 -0.00971193 -0.00455205 0.00486606 0.00217203 0.00327365 -0.0049189 -0.000370135 -0.000814044 -0.00256995 -0.00119069 -0.00260848 -0.00374645 -0.0161731 -0.00117442 -0.00451053 
-0.0068527 -0.00587748 -0.00534203 -0.000266028 -0.00301923 -0.00731281 0.0085766 -0.00320628 0.00573987 0.00600149 0.000977718 0.00913474 -0.00398131 -0.00578201 0.0179447 0.00594186 0.208036 -0.0217443 -0.0120841 0.00249343 -0.00668056 0.0210613 -0.023229 -0.0232144 0.00139351 -0.00109707 0.00640691 0.00451397 -0.00191991 0.00637737 -0.0103857 0.00102671 0.000657897 -0.0113277 -0.00927956 -0.00848603 -0.0136101 -0.00692882 -0.0168846 -0.0074248 -0.00535523 0.00158704 -0.000625402 -0.00319921 0.00541223 -0.0063348 0.00681317 -0.00112117 -0.0023869 -0.00576619 -0.00649795 0.00730191 0.000798065 0.00104006 0.000760955 -0.00264766 -0.00362943 -0.000536312 -0.00793585 0.0152235 -0.000617635 -0.00632736 -0.00259624 -0.00149919 0.000219868 -0.00548651 0.000612263 -0.00526889 -0.00170538 -0.00360532 0.00301595 0.00129719 0.00504521 -0.0020814 -3.66853e-06 -0.0138455 0.00155833 0.00241717 -0.00390894 -0.000103046 0.00108673 -0.000542563 -0.0062914 -0.011815 0.00141469 -0.000212399 -0.000735773 2.13445e-07 0.00375669 -0.000141698 0.00401246 -0.00448617 -0.00142124 -0.00313344 -0.00064169 -0.000337138 -0.00761497 -0.0175235 -0.00283572 -0.00290367 
-0.00631251 0.00281807 0.00153912 -0.0119622 -0.00204501 0.0128672 -0.00392723 -0.0164157 -0.00562235 -0.00166608 -0.0268436 -0.0233609 -0.0144673 -0.00503537 0.03053 -0.0157988 -0.0217443 0.248224 0.00838639 0.0115612 -0.0227057 -0.0241722 0.0172399 -0.0141685 0.0405061 -0.0230674 -0.0248208 -0.0200874 -0.00207504 0.00268875 0.0183205 -0.00173357 0.013153 -0.00511927 -0.00237967 -0.00155852 -0.0162423 0.002668 0.0102066 0.00219276 -0.0099 -0.00496652 -0.00186915 0.00382579 -0.0166716 -0.00823437 -0.0079115 -0.00179522 -0.00250281 0.00462724 -0.00274763 -0.00967144 0.017095 -0.00677586 -0.00192889 -0.00777089 -0.00344485 0.000335528 -0.000585726 0.00407069 -0.0030516 0.0171121 -0.00198662 -0.00421093 -0.008222 0.00958176 -0.00135506 -0.00510051 -0.009994 0.00872171 -0.00133934 -0.00626526 0.00376178 0.00351455 -0.00809307 0.00530011 -0.0048857 0.000813283 0.00554729 -0.0042587 -0.00553309 -0.00179802 -0.00479741 -0.00714093 -0.00165106 -0.0112523 0.00287927 -0.00826546 -0.00340568 -0.003071 0.0019083 -0.00588999 0.000331759 -0.00560475 -0.00301358 -0.00442419 0.0047204 0.0135956 -0.00327042 -0.00265559 
-0.00541568 -0.00342077 -0.01319 -0.00438611 -1.5469e-05 -0.00878504 -0.00561943 -0.0136027 0.000564482 -0.000302762 -0.00743829 -0.00694974 -0.0105247 -0.00793831 -0.00239496 -0.0330916 -0.0120841 0.00838639 0.186953 -0.0106692 -0.0307369 -0.00313487 0.00755602 -0.0199493 -0.0150304 -0.00805878 -0.0251015 0.011626 0.0021867 0.00172324 -0.00708444 0.00646284 0.00362441 -0.00848457 -0.00172664 -0.00507793 -0.002642 0.00463205 0.00914114 0.00515931 0.00604697 0.00086385 -5.21945e-05 0.00388226 -0.00184117 0.00500192 -0.00653895 2.78756e-05 0.00379697 0.00456469 0.00165246 0.0022626 -0.00117309 0.00131471 -0.00596556 0.00188059 0.0012584 0.00189601 -0.00601746 0.0110736 -0.00179773 -0.00526001 0.000832828 -0.00454087 -0.0109204 0.00757298 -0.00147086 -0.00472213 -0.00155734 0.0036982 -0.00207271 -0.00410008 -0.00082563 -0.00431446 -0.00408213 0.0305474 -0.00252933 -0.00682234 -0.0118683 0.000698598 0.00302275 0.00284388 0.00018921 0.0149492 0.0002459 -0.00413778 -0.00128715 -0.00342856 -0.00180935 0.000503981 0.000868524 -0.00295096 0.00340972 -0.000664592 0.000138159 -0.00139576 0.00781047 0.00360332 0.00171493 0.000814678 
-0.00172406 0.0049953 -0.00451654 0.0103987 -0.0010817 -0.0187899 -0.00655526 -0.0131256 -0.0147633 0.00624551 -0.00792441 -0.0190761 -0.00896598 0.00362914 0.0407776 -0.00749546 0.00249343 0.0115612 -0.0106692 0.223682 0.0118283 0.00109895 0.0261483 0.0110784 0.0131962 -0.0153454 -0.0180147 -0.0533157 -0.00511884 -0.013892 0.0480963 -0.00752496 -0.000950086 -0.0333122 -0.00332666 -0.00774762 -0.00377696 0.00313514 0.0073925 -0.00186014 -0.000506093 -0.00608358 0.00991503 0.000435494 -0.00263745 -0.00352422 0.00251615 -0.000793728 -0.000701632 -0.010271 0.00266565 0.000889319 0.00990038 -0.014188 -0.00522215 0.0053485 -0.0305896 -0.00433796 0.015943 0.0110837 -0.000984564 0.000571283 -0.00575383 -0.000488216 -0.00766925 -0.00473154 -5.36999e-05 -0.00582002 -0.00985359 -0.00429422 -0.00863919 -0.00679257 -0.00864345 0.00260607 0.00255225 0.000361121 -0.00888377 0.00534653 0.00555275 -0.00333547 -0.00260408 -0.00398064 -0.00467873 0.000746857 -0.00275434 0.000289218 -0.00244498 0.0022642 -0.00305181 0.000671719 -0.010993 -0.00575872 -0.00383021 -0.00404163 -0.00755796 -0.0025626 -0.00115433 -5.32744e-05 -0.00641845 -0.00985992 
0.00266036 -0.000999939 0.00111986 0.00334832 -0.000423599 -0.0134634 -0.000574897 0.00683482 -0.000296845 -0.00125312 0.0111591 -0.0106521 -0.00193052 -0.00205076 -0.0260188 0.0330862 -0.00668056 -0.0227057 -0.0307369 0.0118283 0.245684 -0.0247036 -0.018447 0.0268098 -0.0138753 0.00120678 0.0236974 -0.0195268 -0.00283171 -0.0190236 -0.00072958 -0.00385004 -0.00443209 -0.0103729 -0.0014876 -0.0151145 -0.0031191 -0.00604735 -0.00807985 0.00541365 0.00884978 0.00187267 0.0177541 -0.00118758 0.0143062 -0.00908728 0.00295503 -0.00108362 0.000507557 -0.00912361 -0.0102815 -0.000682393 -0.00597166 0.000512176 -0.00473897 0.00482604 -0.0105239 -0.00228312 -0.00677664 -0.0216676 0.00131024 -0.00553636 0.000870507 -0.00587634 0.00686284 -0.0156498 -0.00345059 -0.00306749 0.00814284 -0.0220865 -0.00508472 -0.00171966 -0.00728015 -0.00345591 0.00228401 -0.0161722 0.000881025 0.00958748 -0.011362 -0.00309712 0.00366517 -0.00217746 -0.00217775 0.0119807 -0.00169058 0.00531113 -0.00144207 0.00172073 -0.0037104 -0.00104173 -0.00391386 0.0040655 -0.00229712 -0.0024392 0.00283773 0.000954444 -0.0109141 0.0109279 -0.0059059 -0.00144945 
-0.00709901 0.000969005 -0.00167708 -0.00746783 -0.00271404 -0.0171779 0.000385717 -0.0138465 -0.00555709 -0.00284858 0.0314313 0.0124146 0.000471938 -0.00267623 0.0187571 -0.00966625 0.0210613 -0.0241722 -0.00313487 0.00109895 -0.0247036 0.203555 -0.0119991 -0.0222703 -0.0111663 -0.0432489 -0.00353811 -0.00196833 -0.0010778 -0.00398018 0.0188049 -0.00767765 0.0243395 -0.0177214 -0.00474214 -0.00173691 -0.00619085 0.00420746 -0.00897724 -0.00623491 0.00481058 -0.00198647 -0.00988 -0.00479361 0.0112891 -0.00498287 -0.00077604 0.000366027 0.000251148 0.00186316 0.000158591 -0.00135902 0.000686631 -0.000115475 0.00245453 -0.00835689 -0.00670864 -0.0013947 -0.00372819 -0.00376336 0.00240117 0.0110314 -0.00151042 0.00232982 -0.0110908 2.49621e-05 -0.0028403 -0.00257166 0.000670534 0.00252475 -0.00244389 0.00963694 0.00451653 -0.00371893 -0.00383252 -0.0100338 0.00636113 -0.0115022 -0.00517909 0.000407469 -0.00207005 -0.000811901 0.000181378 -0.0121081 0.000212516 -0.00361056 0.00252442 0.00598222 0.0019258 -0.00027494 -0.00573518 -0.000734166 0.00217108 -0.000926288 -0.00363195 0.000196555 0.00090585 -0.01236 0.000376079 0.00634643 
0.00297694 0.00325645 -0.000483306 0.00516743 -0.00218003 0.0303273 -0.00279294 -0.0140167 -0.0027791 -0.00286325 -0.00427435 -0.0239156 0.000454867 -0.00307592 -0.00131298 -0.0465619 -0.023229 0.0172399 0.00755602 0.0261483 -0.018447 -0.0119991 0.196676 -0.000782873 0.0125352 0.0148904 -0.00724609 -0.0389675 -0.00469339 -0.0053247 0.0302194 -0.00565403 -0.00775903 0.00777125 -0.00848818 -0.00299821 -0.013929 0.000494336 0.00357587 -0.00018348 -0.00852954 -0.000898198 0.000489786 -0.00233951 -0.0123405 -0.0012224 -0.0115806 -0.000101504 -0.00147868 -0.00209752 0.00394606 -0.00139547 0.00964747 -0.00599117 -0.00782564 -0.0111527 -0.00132304 -0.00100355 0.00149323 0.00584414 -0.00215734 -0.000370646 -0.000409992 -0.000345984 -0.00165438 0.00770178 -0.000474823 7.82474e-05 -0.00577317 -0.00146964 -0.00230301 -0.00471019 -0.00963257 0.00222791 -0.0019758 0.015757 -0.0121419 0.00299961 0.0103507 -0.00181082 -0.00616965 -0.000695972 -0.00230366 -0.00574625 -0.00138778 -0.00370442 -0.00164387 -0.0069586 -0.00504973 -0.00258063 0.00408662 -0.00341357 -0.00458542 -0.00705609 -0.0107054 0.00315315 0.00256509 0.00607032 -0.00461218 -0.000619865 
-0.00853068 -0.00182004 -0.00385041 0.00579281 -0.00496334 0.00861534 -0.0105841 0.00485173 -0.0073006 -0.0138011 -0.0139884 0.00138026 -0.00728826 -0.011709 -0.0229589 0.0330085 -0.0232144 -0.0141685 -0.0199493 0.0110784 0.0268098 -0.0222703 -0.000782873 0.241838 0.0156125 0.0116515 -0.0112579 0.0108026 -0.00382325 -0.00306481 0.0284954 -0.0105763 -0.0205049 0.0457343 0.00789681 -0.00248957 0.00905802 0.000227084 -0.00256687 -0.00215689 0.000385194 -0.0028476 -0.00600869 -0.0026413 0.0150833 0.000391332 0.00523697 -0.0036884 -0.00424574 -0.00621585 -0.00675005 -0.00596275 -0.0132143 -0.00328773 -0.00156838 0.00769127 -0.00704181 -0.00688986 -0.022633 0.00167615 -0.0020555 -0.00231188 -0.00451044 -0.00458793 -0.000249811 -0.01059 -0.00162649 0.00239846 -0.00432587 -0.0124355 -0.00942326 -0.00298489 -0.0044598 -0.00665289 6.62568e-05 -0.0011662 -0.00800746 -0.0103068 -0.0205412 -0.0040558 -0.00959519 -0.00348817 -0.00299376 0.00453625 -0.000125997 0.00175357 -0.00742145 -0.00127168 -0.00390372 -0.00317381 -0.0111977 -0.00754425 -0.00550412 0.00321809 -0.00554068 -0.00125695 0.00567732 -0.00269232 0.0018035 -0.000153019 
-0.0236591 -0.00460158 0.00811254 -0.00189457 -0.00317098 0.00286388 -0.00454691 -0.00906137 -0.00562548 0.0142608 -0.0139034 0.007505 -0.0216688 -0.0118193 0.0300941 0.000195808 0.00139351 0.0405061 -0.0150304 0.0131962 -0.0138753 -0.0111663 0.0125352 0.0156125 0.244957 0.0217842 -0.0202045 0.00556859 -0.00764863 -0.0149448 -0.00505677 0.00873181 0.00879103 -0.027965 -0.0125584 0.018937 0.00948488 -0.012865 0.0153089 -0.0144634 -0.0157051 0.0020577 0.00889627 -0.00939149 -0.0163968 -0.00267324 -0.00526342 -0.00145937 -0.00266061 -0.00541495 -0.000709955 -0.010888 0.00157143 -0.00936617 0.00468701 -0.00761472 -0.000663922 -0.00409546 -0.00806099 -0.0031453 -0.000228662 -0.00964465 -0.00231719 0.000636829 0.00965366 -0.00605984 -0.00395106 0.000406683 -0.00875498 -0.00513241 -0.00270687 -0.00401167 -0.00117201 0.00217786 -0.000966593 -0.0166196 -0.00656535 0.0197754 0.00969324 0.000790954 -0.00442329 -0.00189218 -0.00671079 -0.00156915 -0.000953995 -0.0151063 0.00162058 -0.0112006 -0.00247938 -0.00923859 -0.0106124 -0.000491226 -0.00665748 -0.00346367 -0.00193479 -0.00680463 -0.0111135 -0.0145931 -0.00240245 -0.00278851 
0.0144824 -0.000790223 -0.00314887 0.0144614 0.000535668 0.013076 0.00548251 0.00297744 0.00517661 -0.014676 -0.0309629 0.00629277 -0.00677375 -0.0103995 -0.0196309 0.023506 -0.00109707 -0.0230674 -0.00805878 -0.0153454 0.00120678 -0.0432489 0.0148904 0.0116515 0.0217842 0.244302 0.00851 0.0122529 -0.00123691 -0.00116033 -0.0187195 -0.00646147 -0.015979 0.00836824 0.00566541 0.0206577 0.00724248 -0.016244 -0.00850276 -0.00507947 -0.0043499 -0.000932279 -0.00590289 -0.00696182 -0.00369395 0.0039837 0.0036725 -0.00036535 -0.00696386 -0.00965957 -0.00211024 9.55814e-05 -0.0191274 0.00179269 -0.0115605 -0.00371618 -0.00138097 -0.00372136 -0.00933014 0.0139408 -0.00223688 -0.0122226 -0.00234181 -0.00876548 0.00385904 -0.00978298 -0.00125891 0.0102645 0.000507619 -0.00621554 -0.00196052 -0.00465492 -0.001162 -0.00197911 0.00316528 -0.0190589 -0.00546108 0.0128651 -0.00909427 -0.00423198 0.00298289 -0.000988368 -0.000852799 -0.01156 0.000347312 0.000677385 -0.00810801 -0.0142179 -0.00140394 -0.000102189 0.0078684 0.00436905 -0.00236937 -0.00951805 0.00618308 -0.00314859 -0.00762054 -0.0171117 -0.00508336 -0.00622589 
0.00598743 -0.00379285 0.00600057 0.00166435 -0.00269232 -0.00420221 0.00326907 0.00398347 0.000523603 -0.0084293 -0.00223303 0.0197991 0.00910357 -0.0106327 -0.0321932 -0.00495141 0.00640691 -0.0248208 -0.0251015 -0.0180147 0.0236974 -0.00353811 -0.00724609 -0.0112579 -0.0202045 0.00851 0.204319 0.00256744 0.00038915 -0.00107742 -0.0224695 -0.0013435 -0.00526316 0.010957 -0.000279508 -0.00428178 -0.0040314 -0.012162 -0.00549803 -0.00369717 0.0021583 -0.00327109 0.00255968 -0.00279682 -0.00309722 0.000203261 -0.00569239 -0.00317073 0.000914709 -0.00317144 -0.00425717 0.00425235 -0.00544714 0.00348431 -0.00244369 -0.00203426 0.00144744 -0.000803368 0.000585955 -0.00788301 -0.003854 -0.00242878 -0.000373041 0.000606434 -0.00345888 -0.00682601 -0.00348453 0.00613429 0.00256162 -0.00537076 0.00244698 -0.00295745 0.00290864 -0.00275009 -0.0033587 -0.0201491 0.000742539 -0.00465238 0.00250781 -0.00115263 -0.000222596 0.00307688 -0.00118275 -0.0115557 -0.000265907 0.00461878 1.84318e-06 -0.00354332 0.00168293 -0.00136018 0.0212191 -0.00310796 0.000623249 0.001858 0.00145645 0.0030947 -0.00190404 -0.00938899 -0.00281866 0.00132411 
-0.0109676 -0.007874 -0.0059076 -0.0110041 0.00178075 -0.0152895 -0.00350481 0.0139555 -0.00196033 -0.0238604 0.00167305 0.00976687 -0.0104799 -0.0140523 -0.00518775 0.0424783 0.00451397 -0.0200874 0.011626 -0.0533157 -0.0195268 -0.00196833 -0.0389675 0.0108026 0.00556859 0.0122529 0.00256744 0.229777 -5.40984e-05 -0.000210237 -0.0293503 0.0182286 -0.00432699 0.0317075 0.00161291 -0.00862054 0.011572 -0.00957592 0.0024388 -0.000668518 -0.00498901 -0.00447241 -0.00831626 -0.0107546 0.0148797 0.00236589 0.00132589 -0.00370449 -0.00265718 0.00210358 -0.00479581 -0.0015648 -0.0137666 -0.000588572 -7.28624e-06 -0.00555812 0.0191067 -0.000857093 -0.0151319 -8.43015e-05 -0.00435077 -0.0100406 0.00270859 0.00364339 0.0126339 -0.0069264 0.00110702 0.0010263 0.000246128 -0.0109314 0.00182889 -0.000655335 0.00518944 -0.00710855 0.00235286 -0.00691131 0.00116911 -0.00967502 -0.0115041 0.000714757 -0.00237467 0.000289953 -0.00293705 -0.00418574 -0.00144516 -0.00447688 -0.00245486 -0.00271377 -9.94923e-05 -0.000537379 -0.00160473 -0.00694829 2.80169e-05 0.000157103 0.00406619 -0.00245514 -0.00634915 -0.00963059 -0.00320734 0.00426655 
0.000468715 -0.000562677 -0.00111181 -4.83973e-06 -0.000328662 -0.00588942 -0.000381475 -0.0018069 0.00284748 0.0017629 -0.00112467 -1.50436e-05 0.00024835 -0.000471652 -0.000653219 -0.00749556 -0.00191991 -0.00207504 0.0021867 -0.00511884 -0.00283171 -0.0010778 -0.00469339 -0.00382325 -0.00764863 -0.00123691 0.00038915 -5.40984e-05 0.0392621 -0.00108852 -0.00671184 0.000763513 -0.000127886 -0.00031545 -0.00153304 -0.000192282 -0.0012019 0.00126399 -0.000321353 0.00274592 -0.00167899 -0.000242418 0.00161935 0.00264373 -0.00356918 -0.000746038 0.00270084 -0.000308224 0.000320604 0.00132524 0.000495064 0.00146525 -0.000598553 0.000526315 -0.00202542 -0.000354911 0.000819029 7.87111e-05 0.00108386 0.00120678 0.000283162 -0.00233125 -0.000659766 0.00122203 -0.00123556 0.000369814 0.000232198 5.69606e-05 0.000127527 0.000718576 -0.000318926 0.00173915 0.00101987 -0.000144578 -0.000878782 0.000606539 0.00144866 -0.00287792 -0.00101269 0.000655628 0.000104571 0.0008727 0.00234928 -0.000920904 -5.28462e-05 0.000509651 0.000708417 -0.000614779 0.00023934 -0.000684322 0.00408336 -0.000461763 0.00138006 0.000268264 0.00106699 -3.36297e-05 -0.00206112 -0.0010817 0.000450864 -2.50868e-05 
0.00168536 -0.00335811 -0.00155814 -0.00652888 0.00176025 0.0109385 -0.00179622 0.00716639 -0.00269216 -0.0105577 -0.00361809 -0.0037276 0.000209133 -0.0018467 -0.00363508 -0.00599539 0.00637737 0.00268875 0.00172324 -0.013892 -0.0190236 -0.00398018 -0.0053247 -0.00306481 -0.0149448 -0.00116033 -0.00107742 -0.000210237 -0.00108852 0.149283 -0.00893971 -0.000501989 -0.00790339 0.0142607 0.00178499 -0.0014334 -0.00701723 -0.000842013 -0.00867542 -0.0035113 -0.00177976 -0.00277729 -0.00980739 -0.00264023 -0.0127285 0.00379329 -0.000654713 -0.00408628 -0.00150021 0.000831646 0.00273553 0.00158255 -0.00618922 -0.00393759 0.00133285 -0.00421805 0.000341834 0.000349502 -0.000300332 0.0102872 0.000755656 0.0106137 0.00299023 -0.00494544 -0.00579272 -0.000665383 0.000746331 -0.00048323 -0.00166289 0.00423 0.00123869 -0.00306619 0.00216533 -0.00217934 -0.000528011 -0.000244035 -0.00265589 -0.00687459 -0.00672591 -0.00264607 -0.00333385 -0.000467842 -0.00176476 -0.00792328 0.00251418 0.00358931 0.000525785 -0.00394925 0.00292678 -0.00102867 0.00416712 -0.00228177 0.000615138 -0.00449318 -0.000115904 0.00309579 0.00072743 0.00407828 0.000886968 -0.00264648 
-0.00302058 0.00167764 0.000336207 -0.000179577 -0.0051428 0.00590631 -0.00959235 -0.00266783 -0.00615503 -0.0174494 0.0109922 -0.0251202 -0.00344082 -0.00329269 0.0241107 -0.00450425 -0.0103857 0.0183205 -0.00708444 0.0480963 -0.00072958 0.0188049 0.0302194 0.0284954 -0.00505677 -0.0187195 -0.0224695 -0.0293503 -0.00671184 -0.00893971 0.200333 -0.0035378 -0.00922241 0.0199914 0.000566363 -0.0104233 0.00421442 0.00667262 -0.0121739 -0.00108693 -0.00522279 -0.00317902 0.00226619 -3.02443e-05 -0.0150819 -0.00499379 -0.00587968 0.00168086 -0.0024663 -0.00421125 0.0026643 -0.0114303 0.00659188 -0.00753486 -0.00107798 -0.00174843 -0.00924615 0.00170158 0.00637304 0.0038402 -0.000439692 0.00316788 -0.00227892 -0.00933999 -0.00879427 0.00102309 -0.00155247 -0.00646035 -0.00373767 -0.00288088 -0.00574521 -0.0011407 -0.00768884 -5.45178e-05 -0.00230821 0.00938901 -0.00701929 -0.0173777 0.00998652 -0.00172602 -0.00351757 -0.00336103 -0.00618749 -0.00384922 -0.00307501 -0.00185677 -0.0083774 -0.000647454 -0.00401187 -0.00204415 -0.0131294 -0.0108034 -0.00188136 5.93084e-05 -0.0105968 0.000179406 -0.00855874 0.00575646 -0.0043879 -0.0100269 
-0.00571683 -0.00116591 0.00162728 -0.00547245 -0.00173394 -0.00727625 -0.000953636 -0.00337847 0.000967251 -8.69863e-05 0.00558677 -0.00628736 -0.00285105 -0.000717254 -0.0222239 -0.00609309 0.00102671 -0.00173357 0.00646284 -0.00752496 -0.00385004 -0.00767765 -0.00565403 -0.0105763 0.00873181 -0.00646147 -0.0013435 0.0182286 0.000763513 -0.000501989 -0.0035378 0.120588 -0.00607206 0.0108269 -0.00108784 -0.00661918 -0.00686943 -0.00443613 0.00776613 -0.00176644 -0.000346511 0.00105234 6.2159e-05 -0.00229515 -0.00837735 0.00412423 -0.00191883 -0.000768432 -0.00185548 -0.00129562 0.000341993 -0.00176571 -0.00538322 -0.00150545 -0.00114455 -0.000390733 0.00722605 0.000530891 -0.00221737 -0.00511479 -0.000506783 -0.00697956 -0.000465408 -0.00128266 -0.00254357 -0.00314768 0.000647865 0.000819725 -0.000892762 -0.00428262 -0.00447402 -0.00311334 0.000393057 -0.00127989 0.000732785 0.00461042 0.00269365 -0.00998366 0.0123827 0.000516189 -0.00139404 0.000999551 0.00331994 0.00108607 -0.000864854 0.000929513 -5.07056e-05 -0.00241558 -0.00114071 -0.001707 -0.00166058 -0.0021699 0.000320386 0.00399051 0.000557561 -0.00165413 -0.00922793 0.0098649 -0.00195627 -0.00253551 
-0.00215112 -0.000479872 -0.00010448 -0.00349818 -1.88891e-05 -0.0062613 -0.000618287 -0.00230678 -0.000369038 -0.000943865 -0.000167023 -0.00202751 0.000766328 -0.00439358 0.0079838 -0.0113824 0.000657897 0.013153 0.00362441 -0.000950086 -0.00443209 0.0243395 -0.00775903 -0.0205049 0.00879103 -0.015979 -0.00526316 -0.00432699 -0.000127886 -0.00790339 -0.00922241 -0.00607206 0.106168 -0.0149784 -0.00228913 -0.000751198 -0.00713948 0.00185114 -0.000340018 -0.00339411 0.00437605 0.000576131 -0.00486859 0.000292757 0.0102915 -0.00479056 -0.000803769 0.000469782 0.000287441 0.00413789 0.002044 -0.00327888 0.00246576 0.00323988 0.00208401 -0.00456482 -0.00531849 0.000206635 -0.00317158 -0.00493287 0.00130269 -0.000916258 0.000918391 0.00120777 -0.00429089 -0.00128823 -0.000934598 0.000874709 -0.00119053 0.00260713 0.00228464 0.000568272 0.00221443 -0.00200393 -0.000867701 -0.0035177 -0.000108709 -0.0038037 -0.00141672 0.00144749 -0.00370565 6.99078e-05 -0.000992621 -0.00418817 -0.000444802 -0.000287714 0.00442257 0.000892204 -0.00179372 0.00144297 -0.00297821 0.00402319 0.00114459 0.000308091 -0.00130336 -7.33349e-05 -0.0032393 -0.00397204 -0.00105726 -0.00127558 
0.00408054 -0.00387591 -0.0116942 -0.0164478 0.000573531 0.0183812 -0.00633275 0.0107257 0.000689285 -0.0164301 -0.0114601 -0.00477977 -0.000312471 -0.00700869 -0.0361892 0.00917628 -0.0113277 -0.00511927 -0.00848457 -0.0333122 -0.0103729 -0.0177214 0.00777125 0.0457343 -0.027965 0.00836824 0.010957 0.0317075 -0.00031545 0.0142607 0.0199914 0.0108269 -0.0149784 0.220571 0.00414326 -0.0097899 0.00767716 0.00214891 -0.0157422 0.000281845 -0.00297283 -0.00253866 -0.0121579 -0.00664187 0.00699912 0.0013758 -0.0123361 -0.00182459 0.000537813 0.000153504 -0.00225937 0.00518382 -0.0186867 -0.00394886 -0.00459219 0.00131389 0.0151173 -0.00012218 -0.0228036 0.00125163 -0.00103406 0.00304094 0.00125424 -0.00246388 -0.0106685 -0.0020545 0.000740641 0.00321432 -0.00976106 -0.00169952 -0.00304106 -0.0022476 -0.000398754 -0.00724643 -0.000123427 0.00361008 -0.000928821 -0.0234424 -0.0101672 -0.000405043 -0.00724389 0.000102829 -0.000571446 -0.00195903 -0.00104286 0.000209666 -0.00132805 -0.00488781 -0.00183726 0.00197159 -0.00120965 -0.0080505 -0.000728827 -0.0037423 -0.00185683 -0.00019422 0.00521575 -0.00329212 0.00120829 -0.0063956 
