0.0248251 0.0019575 0.000170056 -0.000160206 0.000671682 -0.00072188 -0.000594533 7.81962e-05 -0.00182712 -8.94018e-05 -0.00117627 -0.00266992 0.0021534 0.00363214 -0.00108343 -0.00596797 -0.0020063 -0.00351531 -0.000583027 -0.00312906 -0.00210663 -0.00272712 0.00297786 -0.000671053 0.00166771 -0.00454045 -0.00161712 -0.00200727 -0.000945224 0.000895653 -0.0019111 0.00162865 -0.000680972 -0.000203986 -0.000120433 -0.000192445 0.00237994 -0.000377674 -0.00102011 0.000330575 -0.00028238 0.000270827 -0.000665732 0.00190934 -0.000192394 -0.000425695 0.000649587 0.000133705 0.000153554 -0.000123334 0.000382876 0.000206081 -0.000976788 -0.000363367 0.00035391 -0.00128061 -0.00202201 0.000627196 -0.000272373 0.000133042 0.00123941 0.000475945 -0.000475604 0.000347089 -0.000348087 0.000468017 0.00185672 -0.000822699 -0.000749086 0.000876141 0.00105156 -0.000215514 0.000215963 2.22725e-05 0.00106503 -0.000557557 -0.000261448 8.13388e-05 -4.90465e-06 0.000598733 -0.000294225 0.000254477 -0.000661833 -0.000524037 -0.000262924 0.000488201 -0.000900256 -0.000158695 -0.0008057 -0.0006818 -9.03792e-05 -0.00139626 0.000190319 -0.000351993 -0.000343088 -0.00165978 0.00134202 0.000682401 0.00204856 -0.000676242 
0.0019575 0.0776019 -0.00117392 -0.00310288 0.00565142 -0.000693889 -0.000300673 0.002064 -0.00398101 -0.000195087 -0.00518438 -0.00272173 -0.00620632 0.0024422 -0.00943818 -0.00123967 -0.00419833 -0.0142219 0.0106661 -0.00931328 -0.013201 -0.006379 0.017624 0.000199399 -0.00642708 -0.0109186 -0.00591631 0.00800694 -0.00326962 0.000406268 0.00161236 -0.00204328 0.000792588 -0.0018083 -0.000845164 0.000437725 0.00945722 0.0001828 -0.00194896 -0.00106872 -0.000821187 0.00116475 -0.00496871 0.00500559 -0.000592001 -0.00102996 -0.00420557 -0.0018058 -0.00110671 -5.32338e-05 0.000118029 0.000248717 -0.00192731 -0.000398324 0.00253833 -0.00388546 -0.00453068 0.00116033 -0.00235249 5.96435e-05 -0.000411967 0.0026997 -0.000882858 0.00377567 -0.0018155 -0.000805646 -0.000410767 -0.000407867 -0.00254346 -0.00117836 -0.00417826 -0.00246655 -1.61015e-05 -0.000715066 0.00269798 -0.00044179 0.00101041 -0.000470162 -0.00143602 0.000368544 -1.51351e-06 -0.000708917 -0.00327052 -0.00171536 0.000987118 0.000729402 -0.00196584 -8.63231e-05 0.00221935 -0.00083296 -0.00159278 -0.00209303 0.00024447 0.00249045 0.00337112 -0.00147506 0.00398172 0.00256578 0.000901089 -0.00204334 
0.000170056 -0.00117392 0.0876089 0.00316134 0.000218745 0.000523122 0.000607963 -0.00219679 0.00818932 0.00143831 -0.000303237 0.00587265 0.0208494 0.000839225 -0.00486018 0.000389241 -0.00440064 -0.0137672 0.00376241 -0.013303 -0.00621988 0.00431715 -0.0110371 -0.00367101 0.0039037 -0.0040925 -0.00368945 -0.00149297 -0.00615739 0.000419897 -0.00117411 0.00586316 -0.0055629 -0.00160595 0.00246176 -0.00214067 -0.00379754 -0.000829335 0.0109165 -0.000833601 -0.000212597 0.00206959 -0.00334233 -0.000904088 -0.000582648 0.000467459 -0.00386902 -0.00136091 -0.0020233 -0.002053 -0.000491124 -0.000317189 -0.0013412 0.00204436 -0.000283541 -0.00477908 -0.0123514 -0.000384324 -0.00358488 0.00300673 0.00139343 0.00063978 -0.00213468 -0.00232337 -0.000666392 0.000607596 0.000500429 -0.00423014 -0.0103596 -0.00200169 -0.00126552 0.00684491 0.00140109 -0.000935718 -0.000102355 0.00250092 0.00158245 -0.00138916 0.00157739 -0.00115229 -0.00224902 0.00147415 -0.00429139 2.34874e-06 0.000115988 -0.000774113 0.00382925 -0.009056 -0.00285688 -0.00413624 -0.00136515 -0.00570041 -0.0016221 -6.33194e-05 -0.00247605 0.00204814 -0.000892252 0.00219024 -0.00322094 -0.000354176 
-0.000160206 -0.00310288 0.00316134 0.075609 -0.00419602 -0.001073 0.00122826 1.82834e-05 0.00638162 0.000466365 -0.00071779 -0.00351565 0.001279 0.0030116 -0.00169394 -0.0105496 0.00486492 -0.00961056 0.00415424 -0.00719535 0.00230285 0.00496499 -0.00186692 -0.00373205 0.00311337 -0.0147716 0.0028309 -0.0167525 -0.00419081 0.00115827 -0.00834024 0.000660653 -0.00413969 -0.00105385 0.00275676 0.00141064 0.000342306 -0.00167915 0.00135054 -0.000412708 -0.00108657 -0.000867369 -0.00261167 -0.00183853 0.00161592 -4.02379e-05 -0.00392644 -0.00398128 -0.00230599 -0.000850376 -0.000597652 0.000445231 0.0015149 0.00580166 -0.00179603 -0.00185848 -0.00722795 0.00131723 0.00275697 0.00128836 0.00279508 0.00183187 -0.000635521 -0.002024 -0.00161354 0.00107038 0.000480579 -0.00258978 -0.00225694 0.00389923 -0.00190895 -0.000578409 0.00494797 -0.000461439 -0.000399384 0.00162014 -0.000943607 -0.000172116 0.000754291 -0.000796398 -0.00240676 0.00622671 -0.00195139 -0.00128972 0.00145849 0.000311934 0.0024193 -0.00472451 0.0017559 -0.00270583 0.00100373 -0.00424555 -0.00154248 8.27527e-05 -0.0015353 -0.00245141 -0.000477668 -0.0012167 -0.000903134 0.00110901 
0.000671682 0.00565142 0.000218745 -0.00419602 0.134425 -0.000208979 -0.00693485 0.00337288 -0.0100897 -0.00367062 -0.0113377 0.0111401 -0.00401902 -0.00450216 0.00849102 -0.00538315 -0.00990139 -0.0161135 -0.0113291 0.00454349 -0.0103434 -0.0141934 0.0139394 -0.000992634 0.0172833 -0.00783148 0.00239916 0.00499809 0.0166653 0.00102443 -0.00285887 -0.00544634 -0.0128387 -0.00219187 0.000859869 0.000190984 -0.00197882 -0.00140335 0.00181854 -9.34954e-05 -0.000493089 -0.0011185 0.00208209 2.90536e-05 0.00015704 6.976e-05 -0.0147628 0.00356522 0.00267835 -0.00313431 -0.00200514 -0.000964894 -0.00593982 -0.00286551 0.00238048 -0.0124976 -0.00997858 0.0001163 0.00160502 -0.00105105 -0.00142499 -0.00026001 -0.00264271 0.000606022 0.000965728 -0.000757262 -0.00407877 -0.00779613 -0.00777031 -0.00741008 -0.00758936 -0.00505908 -0.0043466 -0.000150037 0.00362145 -0.00469322 0.00367493 -0.00197621 -0.000476877 0.00397041 0.0035877 -0.0045646 -0.00216711 0.00559298 0.0031737 0.00246034 0.00226177 -0.00605098 0.00489455 0.00470156 -0.00227987 -0.00886839 0.000432734 0.00638926 0.00132117 -0.00164657 -0.00422795 0.00225837 -0.00134185 -4.07045e-05 
-0.00072188 -0.000693889 0.000523122 -0.001073 -0.000208979 0.0689834 -0.00272156 -0.000252357 0.00139791 0.000449966 -0.00012303 0.00261267 0.00195034 -0.00787931 -0.00312576 -0.00202196 -0.00728544 -0.00771374 -0.00638127 -0.00782476 0.00590856 0.00226187 -0.00367074 -0.0025857 -0.000106535 -0.00114514 0.00189835 0.0025713 -0.00122062 -0.00160133 -0.0073109 0.00627078 -0.001228 0.000808867 0.000388769 -0.000149494 -0.00535247 -0.00071472 -0.00355492 -0.000126441 0.00183967 -0.000518136 0.00158087 0.00618477 0.000132034 0.000570668 -0.00425098 -0.000989066 -0.00104843 -0.00337028 -0.000780656 0.000305321 -0.00123739 -0.00163085 -0.000540258 -0.00395823 0.00376933 -0.000557649 -0.00147607 -0.00110164 5.0058e-05 0.00171485 0.00135733 -0.000141706 0.0014077 -0.000778089 0.00215704 0.000441815 -0.00291583 -0.00186581 -0.00191643 0.00117028 -0.000251484 -0.000112578 -0.000583016 -0.00356118 0.001058 -0.000902369 0.000319254 -0.000262605 -0.00188928 0.00102142 0.000311704 -0.00164146 -0.00128024 9.83352e-05 -0.00309939 0.000588196 -0.00177084 0.00021181 -0.00138185 0.00184473 0.000547146 0.00600985 -0.00020218 -0.00114756 -0.00227215 -0.000180658 0.00175299 -0.00606083 
-0.000594533 -0.000300673 0.000607963 0.00122826 -0.00693485 -0.00272156 0.0863169 -0.000961293 -0.00231531 0.000296046 0.00554466 -0.00249914 -0.00520567 0.000856193 -0.0202099 -0.00240212 0.00547732 -0.0142174 0.0187372 -0.00859902 -0.000611446 0.000866148 0.00396434 -0.0120279 -0.00780087 -0.00517082 0.00587932 -0.00175182 -0.0023246 0.0022846 0.0043767 -0.000373418 -0.00659758 0.00233572 0.00103355 -0.000393915 0.00451789 0.0004006 0.00476179 -0.000302618 0.00110398 -0.00047604 -0.00690873 -0.000294078 -0.000291369 -0.000832013 0.00399594 -0.00316653 0.00306549 -0.00381745 0.000910643 0.00111214 -0.00364219 -0.00142882 -0.00039061 -0.00321084 -0.00354891 0.000851933 -0.00387642 0.00017049 -0.00426336 0.000608906 -0.000314069 -0.00339275 -0.00239845 -0.000153703 -0.00420302 -0.00142872 -0.000754104 -0.00138601 -0.00103658 -0.00190557 0.0010846 -2.28727e-05 -0.00139124 0.00799636 0.00113051 0.00218276 -0.00288236 -0.000804318 0.00095915 -0.00205038 -0.00297509 -0.000174866 -0.000633427 -0.00028296 -0.000659118 -0.00296677 -0.00186699 -0.00410513 0.000145161 -0.00330236 -0.0025208 -0.000795871 -0.00237362 0.000346406 0.00495509 0.00196433 1.21789e-06 0.00517479 
7.81962e-05 0.002064 -0.00219679 1.82834e-05 0.00337288 -0.000252357 -0.000961293 0.0760398 -0.00320175 7.47335e-05 0.000367657 0.00558573 -0.00694783 -0.00671491 -0.0108114 -0.0044316 0.00442161 -0.0113074 0.00495888 -0.00689276 -0.0125214 -0.000183755 0.0080927 0.00483742 -0.0110245 0.00118529 3.24891e-05 -0.0043531 0.00336659 -0.00109775 0.00470544 -0.0028073 -0.00391957 0.000209572 0.000943193 0.00304831 0.00157427 -0.00251469 -0.000233299 -0.000823804 0.00063227 2.27963e-05 -0.00304505 -0.00101146 -0.000739174 0.000387161 -0.00372209 -0.0013328 0.00156354 -0.00365846 0.000478944 0.000922033 -0.00212437 -0.000742238 0.00121352 -0.0011582 -0.00767102 0.000767586 0.00170834 -0.00176526 -0.00148266 0.000255257 -5.17023e-05 -0.00145911 -0.000447006 -0.00022499 -0.00191895 0.00157212 -0.00210954 0.00497368 -0.0022205 -0.00267904 -0.000758978 -0.000614301 -0.00177451 -0.00202615 0.000782577 -0.000108292 0.00312516 0.0018138 -0.000389189 -0.000836004 -0.00188309 -0.00167172 0.00122824 0.000392258 0.000977679 -0.00150289 -0.00126705 0.0050188 -1.66635e-05 -0.00202637 -0.00225919 -0.00184889 0.000580968 -0.00391584 -0.00164428 0.00369932 -0.00162183 0.00183307 
-0.00182712 -0.00398101 0.00818932 0.00638162 -0.0100897 0.00139791 -0.00231531 -0.00320175 0.146198 -0.000209789 -0.00258514 -0.00206883 0.00553037 0.00924342 0.00620345 0.00326738 -0.00124828 0.0168825 0.00630775 -0.0077277 -0.00811777 0.00431933 -0.0207802 0.011951 -0.00390658 0.0125253 -0.00319643 -0.00947434 -0.0247501 -0.00287868 -0.0263039 -0.0014374 0.00485787 -0.00242256 -0.00206373 -0.000728478 0.00121533 -0.00134115 -0.00136052 0.00153721 -0.00262128 0.00421731 0.00582878 -0.00473102 -0.00068932 -0.00174893 0.00906519 -0.00984447 -0.00298175 -0.00394887 -0.000811114 -0.000621708 0.00024028 0.0047638 -0.00262588 -0.0120403 0.0043964 -0.00283798 -0.010402 -0.000846379 -0.00219631 -0.00136079 0.0045338 -0.000492911 -0.00234258 -0.00116761 -0.00493554 -0.00121959 -0.00966011 -0.00340029 -0.00219323 0.00183378 -0.00568121 0.000116178 -0.00151213 0.00192177 0.00449126 -0.00117336 0.00226184 -0.00197407 -0.00123848 0.00204967 0.000649748 -0.00505607 -0.00370943 0.000119032 -0.00176395 -0.0150792 -0.00402141 0.000357233 -0.00237061 0.010073 -0.00397451 0.000870393 -0.00209614 -0.00332796 -0.00262938 -0.00440086 -0.00203356 -0.0120186 
-8.94018e-05 -0.000195087 0.00143831 0.000466365 -0.00367062 0.000449966 0.000296046 7.47335e-05 -0.000209789 0.0427562 -0.000984933 -0.000405619 0.000475522 -0.000829873 -0.0016881 -0.00510308 -0.00345552 -0.00945528 0.00324078 -0.00668065 -0.00244118 0.00853237 -0.00131807 -0.00824285 -0.00229699 -0.0115511 0.00348571 -0.00726074 -0.00129857 0.00171783 0.00178071 0.00267577 -0.000743667 0.000328623 0.000646773 -0.00105286 -0.000545331 -4.06488e-06 0.00264867 0.000160422 -0.00135089 0.00127641 -0.000117632 0.00158967 -0.000331349 3.97878e-05 -0.00234181 -0.000417305 -0.0004799 -0.000198501 1.02223e-05 0.000360752 0.000150421 0.00059815 -0.000335606 0.000973559 -0.00282537 3.14243e-05 -0.00423411 0.00110816 -0.00123974 0.00134579 -0.000565534 0.00145954 -0.000334254 -0.000333727 0.00476831 -0.000930358 -0.00214 -0.000761309 0.00563643 0.000771365 -0.000322161 -0.000231211 -0.000148003 0.000352322 0.000788791 0.00121437 -0.00049291 0.000524731 -0.000164984 -0.000198236 -0.000765301 -0.00169809 -0.000172887 -0.000775987 -0.000766468 -0.00225372 -0.00085816 -0.00141527 0.000106375 -0.000244109 -0.0018255 0.00196821 -0.000530694 0.00273551 0.00151467 -3.66361e-05 0.00128067 -0.00041931 
-0.00117627 -0.00518438 -0.000303237 -0.00071779 -0.0113377 -0.00012303 0.00554466 0.000367657 -0.00258514 -0.000984933 0.116972 -0.0141035 -0.003698 -0.00241912 -0.0224737 0.00565651 0.00551852 0.00956806 -0.00823522 -0.0035302 0.00973288 0.00410416 -0.00390653 -0.0178707 -0.00378314 -0.00519752 0.00853022 -0.0127492 -0.00982661 -0.000575016 -0.00466081 -0.00221379 0.00963199 -0.00273167 -0.000411994 -0.00193038 -0.00848661 -0.00225724 1.47285e-05 -0.00075952 -0.000201416 0.00172934 -0.00495268 -0.00270951 -0.00127314 -0.00145913 0.00024503 -0.00143418 0.00488025 -0.00350708 0.00318634 9.0437e-07 -0.00348935 0.00221286 -0.00161385 -0.000338825 -0.0123115 -0.00267215 0.00171831 0.00078479 -0.000836912 -0.00381322 0.004896 -0.00584674 -4.59388e-05 -0.000195659 0.0102172 -0.00448132 0.00518465 0.0032716 -0.00108843 0.000220124 -0.00346217 0.00268647 -0.00195966 0.00152314 -0.00334364 -0.000219555 -0.00315801 -0.00300558 -0.00124612 -0.00283071 -0.00122288 0.00117167 -6.52833e-05 -0.00241057 -0.00374534 0.012359 0.00149302 0.0023332 0.00155775 0.00581042 -0.00479834 -0.00235339 -0.00247319 0.00505883 -0.0020868 -1.94173e-05 0.000862833 -0.0041405 
-0.00266992 -0.00272173 0.00587265 -0.00351565 0.0111401 0.00261267 -0.00249914 0.00558573 -0.00206883 -0.000405619 -0.0141035 0.163631 -0.0092119 -0.0127115 0.00742627 0.00390541 -0.00647372 -0.0246747 -0.00226672 -0.00825596 -0.0194493 -0.013487 0.00287203 0.0124509 0.000930526 -0.00437868 -0.00906328 0.0180564 0.0120027 -0.00287368 -0.00411767 -0.00758229 -0.0003936 -0.00670557 1.5873e-07 0.000933364 -0.00786161 -0.0032052 -0.000999707 -5.62393e-05 -0.00315011 -0.00220893 0.00551656 -0.00462611 -0.000944804 0.00208363 -0.0138287 -0.0063461 -0.00501533 -0.0050354 0.000445564 -0.000520908 -0.00459822 -0.00727418 0.00116158 -0.00686539 -0.0068374 -0.00218552 0.000584767 -0.0023881 -0.00087049 0.00902086 -0.00306859 0.00502676 0.0147361 -0.00041986 -0.00622432 0.00297602 -0.00603756 -0.000760373 0.0029419 -0.00644559 -0.00126125 -0.00044011 -0.000459034 -0.00778191 -0.00257931 0.000232708 0.00444782 0.00207623 -0.00143537 -0.00158195 -0.000364479 -0.00416258 -0.00171847 0.00163725 0.00375847 -0.0156459 -0.00286209 0.00299169 -0.000844806 -0.00387686 0.00508669 7.65793e-05 0.00319743 -0.00778236 -0.00164054 0.000644991 -0.00517032 0.0109489 
0.0021534 -0.00620632 0.0208494 0.001279 -0.00401902 0.00195034 -0.00520567 -0.00694783 0.00553037 0.000475522 -0.003698 -0.0092119 0.210612 0.00715127 0.0275652 -0.021292 -0.00474613 0.0101286 -0.0197037 0.0252091 -0.000151665 -0.00801594 -0.0283702 -0.0134785 0.0156988 -0.00657461 -0.00622463 -0.0323652 0.00662918 0.00672587 -0.0276349 0.00898328 -0.0100908 0.00262929 0.00228944 -0.00241804 -0.0148578 -0.00079767 0.00721587 0.00121145 -0.00131279 -0.00135499 -0.00229025 0.00320644 0.00132287 0.00136951 -0.00819193 -0.00640439 0.00240866 0.0111746 -0.00109324 -0.00286635 0.0028376 0.00927763 -0.00209724 -0.00396088 -0.0201707 0.00356622 -0.00684419 0.00510459 0.00761895 -0.00453306 -0.00497274 -0.0123733 0.000334223 0.00169374 -0.00388942 -0.0176837 -0.00818475 -0.00528134 -0.0078689 0.00966566 -0.0040465 -0.00036615 0.00519393 0.012795 0.0088275 -0.00339332 0.000886317 -0.00060586 0.0046937 0.00654236 -0.0118844 0.00585415 -0.00452345 0.00163282 -0.0069182 -0.0160489 -0.00371069 -0.00400328 -0.00226929 -0.0135622 -0.00500688 0.00064563 -0.005033 -0.0119953 -0.00463735 0.00129468 -0.0023967 -0.0184479 
0.00363214 0.0024422 0.000839225 0.0030116 -0.00450216 -0.00787931 0.000856193 -0.00671491 0.00924342 -0.000829873 -0.00241912 -0.0127115 0.00715127 0.156298 0.00558509 -0.018886 -0.00190655 -0.0106989 -0.0142179 -0.00994036 -0.0156162 0.0134382 0.00412642 -0.00331448 0.00049485 -0.0238406 0.00799925 -0.010161 -0.00182932 -0.00377995 -0.0201347 0.0081207 0.00270074 -0.00327917 -0.00166915 0.000594972 0.0123721 -0.00184686 0.0028891 0.000587023 -0.00379698 0.00170517 -0.00373079 -0.00304483 0.00185372 -0.00204751 0.000439604 0.000717073 -0.00097497 0.00409904 -0.000655477 -0.000332058 0.00453262 0.00647457 -0.000710722 -0.0182434 -0.0267023 -0.000315565 -0.0151399 -0.00115335 -0.000868959 0.000638493 -0.00101235 -0.00115968 0.00010587 -9.04089e-05 -0.00110499 -0.00201773 -2.61643e-05 -0.000671188 -0.000239995 0.000483567 0.00177265 0.000158269 0.00342961 -0.00034746 0.000671383 0.00029596 0.00148024 -0.00330093 0.00747881 -0.00534359 0.00272478 0.0080674 -0.00413262 -0.00332104 0.000331345 -0.000456638 0.000843244 -0.0063117 -0.00171768 -0.00740477 -0.00456381 -0.00284916 -0.00153265 0.00594412 0.00338204 -0.00325875 0.00499741 -0.000251621 
-0.00108343 -0.00943818 -0.00486018 -0.00169394 0.00849102 -0.00312576 -0.0202099 -0.0108114 0.00620345 -0.0016881 -0.0224737 0.00742627 0.0275652 0.00558509 0.247308 -0.0104569 -0.00929717 0.0383368 -0.0563039 0.0714583 0.0175583 -0.0131127 -0.0454671 0.0110676 0.0279698 -0.00246064 -0.0194376 -0.0261951 -0.00060117 0.0035002 -0.0476923 -0.0092309 0.0172049 0.000223097 -0.00127542 -0.00593347 -0.0154667 -0.00203841 -0.00798254 0.00132494 -0.00907873 -0.00728098 0.00606982 -0.00478038 0.00629861 -0.00373957 -0.00058895 -0.00270439 0.00357836 0.00202118 -0.00346513 -0.00289163 0.00470431 0.0071621 -0.00531507 -0.00762424 0.0151284 0.00471328 -0.0138597 0.00265431 0.000738938 -0.00459266 -0.00387225 -0.00721102 -0.000922867 0.00334654 -0.00649501 -0.0106969 -0.0151695 -0.0078635 -0.00333845 -0.00161147 0.00645098 -0.00230861 -0.000779541 -0.00814819 0.00488747 -0.00221469 0.00440799 -0.000773828 -0.0003831 -0.0026312 -0.0103963 0.00883425 -0.00628158 -0.00221689 -0.0104757 0.000897082 -0.00892174 0.00266794 0.000234255 0.00198254 0.00114814 -0.00298457 -0.000792474 -0.00544255 -0.016571 -0.00720395 -0.00194089 -0.0172438 
-0.00596797 -0.00123967 0.000389241 -0.0105496 -0.00538315 -0.00202196 -0.00240212 -0.0044316 0.00326738 -0.00510308 0.00565651 0.00390541 -0.021292 -0.018886 -0.0104569 0.187506 0.00634679 0.0248103 0.0202705 0.0147962 -0.00689026 -0.00899921 -0.000270812 0.0306331 -0.00482178 0.0274526 -0.00170821 0.00851788 -0.00712073 -0.00705959 -0.0106271 -0.00844597 -0.0001969 -0.00621786 -0.00474883 -0.00869768 -0.00303418 0.00261258 -0.00727893 -0.00247042 0.00122597 -0.00284868 0.00715067 -0.00392487 -0.00326689 -0.00388322 0.00468081 -0.0172231 -0.00916041 0.00416842 -0.00265542 0.000663944 -0.010859 -0.00639107 -0.00143663 0.00189919 0.0206094 -0.00357493 0.00566898 -0.00456485 -0.0118644 -0.0110654 -0.00581384 -0.000975655 -0.0049962 -0.00667825 0.000982554 0.0012551 0.000944437 -0.00347777 -0.010505 -0.00166287 -0.00737992 -0.0012161 -0.0105402 -0.00285716 -0.00880925 -0.00459109 -0.00224337 -0.00797213 0.0023153 -0.00586233 -0.00612923 -0.00513218 1.95953e-05 -0.00179281 -0.0057443 0.00706237 0.00392802 0.00211435 -0.00280405 0.00870044 0.00318953 0.00291973 0.00253851 -0.00741553 -0.0151007 -0.00121147 -0.0104229 -0.0078266 
-0.0020063 -0.00419833 -0.00440064 0.00486492 -0.00990139 -0.00728544 0.00547732 0.00442161 -0.00124828 -0.00345552 0.00551852 -0.00647372 -0.00474613 -0.00190655 -0.00929717 0.00634679 0.189051 -0.00990376 0.0286384 -0.0217734 -0.00626383 0.0122678 0.00795349 -0.0124009 -0.0392133 0.00621307 -0.025254 -0.0269292 -0.0182453 0.00128386 0.0226446 -0.0103228 0.0143943 -0.00896206 -0.0026223 0.000993267 0.00897595 -0.0101806 0.00534572 -0.00337432 0.0050889 -0.00167692 -0.00977299 -0.00066941 -0.00198198 -0.003997 0.0102923 -0.00939425 -0.00488809 -0.00363265 -0.00108995 -0.00443812 -0.00703002 -0.00281044 -0.0037003 0.0100094 0.00129886 -0.00208976 0.0101632 0.0017302 -0.00141393 0.000919051 -0.000562134 0.00461301 -0.00215335 -0.00132346 0.00454694 -0.0108785 -0.0122207 0.00679184 0.00691696 0.00175478 0.0125689 -0.000170505 -0.00894851 0.00460166 -0.00147781 -0.00111441 -0.00336126 -0.00204169 -0.00352983 0.000158421 0.000250557 -0.00531569 0.00605955 0.000178215 -0.00343567 -0.0137834 -0.00580702 -0.00717647 -0.00101279 -0.00157893 -0.0132455 -0.00613359 -0.00466836 -0.00887859 0.00224882 0.00458548 0.000306619 0.00829513 
-0.00351531 -0.0142219 -0.0137672 -0.00961056 -0.0161135 -0.00771374 -0.0142174 -0.0113074 0.0168825 -0.00945528 0.00956806 -0.0246747 0.0101286 -0.0106989 0.0383368 0.0248103 -0.00990376 0.248411 -0.0623069 0.0410433 0.0293774 -0.0138133 -0.0309432 0.0413112 0.0226062 0.0291348 -0.00432247 -0.0100867 -0.0048265 -0.000992965 -0.0539591 0.00175406 0.00143939 0.00724019 -0.0049002 -0.00414975 -0.0234689 0.000454978 -0.0108566 0.000464794 -0.0046839 -0.00423518 0.00893414 -0.0119694 0.000101923 -0.000511172 0.0134424 -0.000376095 0.00501286 0.00973989 0.000276304 -0.00119973 0.00604482 -0.00542863 -0.00216188 -0.0034655 0.0386613 -0.00178607 -0.00334898 -0.00276063 -0.00670757 -0.0176426 -0.00166422 0.00654147 -0.00727021 -0.00284094 -0.0183136 -0.00541684 0.00567623 -0.0192464 -0.0180344 0.00626544 -0.0111811 -0.000330783 -0.00709315 -0.00771561 -0.0118361 -0.0023235 -0.00538397 -0.00768327 0.000884004 -8.04575e-05 -0.00355196 -0.00133004 -0.00795181 -0.00064358 -0.00743761 0.00130449 0.00595697 0.00371751 -0.00266943 0.0130809 0.00529143 -0.00101091 -0.000994908 -0.00424447 -0.0233614 -0.00424702 -0.00310319 -0.0308305 
-0.000583027 0.0106661 0.00376241 0.00415424 -0.0113291 -0.00638127 0.0187372 0.00495888 0.00630775 0.00324078 -0.00823522 -0.00226672 -0.0197037 -0.0142179 -0.0563039 0.0202705 0.0286384 -0.0623069 0.247811 -0.0222692 -0.0300458 0.0164525 0.0298782 -0.032349 -0.0374199 0.00159249 -0.0183703 -0.0081096 -0.0202841 -0.000889642 0.0378094 -0.0109325 -0.0068688 -0.00233636 0.000221733 -0.00185026 0.0180479 0.000750877 -0.0014706 -0.00150905 0.0058439 0.00379802 -0.00471838 0.0060606 -0.00461553 -0.000709854 0.00756449 -0.0143855 -0.0144799 0.00235438 -0.00163515 -0.000535949 -0.00678162 -0.00102891 -0.00233296 0.000154456 -0.0193117 -0.00029711 0.00782007 4.74373e-05 -0.00800006 0.00831128 -0.00433111 -0.00578603 -0.0101324 -0.00223195 0.00221221 0.00310795 -0.0021281 0.00800649 0.0116742 -0.0104561 -0.00167557 -0.000898859 -0.0068354 0.0170031 0.000196795 0.00240782 -0.00641326 0.000665616 0.000657847 0.00539224 -0.0086515 -0.0167642 0.00523312 0.00324055 0.00676463 -0.0260083 -0.0112499 -0.0139761 0.000601152 -0.000329913 -0.0095803 -0.00137173 -0.00010565 -0.0004991 0.0175648 0.00382984 -0.0038576 0.0143347 
-0.00312906 -0.00931328 -0.013303 -0.00719535 0.00454349 -0.00782476 -0.00859902 -0.00689276 -0.0077277 -0.00668065 -0.0035302 -0.00825596 0.0252091 -0.00994036 0.0714583 0.0147962 -0.0217734 0.0410433 -0.0222692 0.238946 0.0078306 -0.0325339 -0.0459975 0.021699 0.0140535 0.0431298 -0.016483 -0.00695541 -0.0200882 0.00281872 -0.0265826 -0.0087116 0.00130938 0.00352756 -0.00268892 -0.00910461 -0.0200795 0.0026755 -0.01486 -0.00157598 -0.000537858 -0.00886061 0.00690892 -0.00705079 0.00166111 -0.00470553 -0.00743596 -0.00960373 -0.000336796 0.00330452 -0.00223379 -0.00240232 0.00321316 0.00768664 0.000795791 0.0129625 0.0235005 0.0034246 -0.0115192 -0.00167873 -0.00243287 -0.0147842 0.00224079 -0.00946721 -0.00707415 0.00349663 -0.00899844 -0.00841975 0.0125252 -0.0209424 -0.0199768 -0.00324889 -0.0204474 -0.000482167 -0.00555969 0.0109693 -0.00690722 -0.00230675 -0.00124622 -0.00147226 -0.0025014 0.00286262 -0.0128834 0.00985499 -0.00279802 -0.00398977 -0.00824322 0.00698426 -0.000333852 0.00354931 0.000896809 0.0015404 0.0073353 -0.00198329 -2.0686e-05 -0.00290449 -0.0244936 -0.00407272 -0.00981836 -0.0124826 
-0.00210663 -0.013201 -0.00621988 0.00230285 -0.0103434 0.00590856 -0.000611446 -0.0125214 -0.00811777 -0.00244118 0.00973288 -0.0194493 -0.000151665 -0.0156162 0.0175583 -0.00689026 -0.00626383 0.0293774 -0.0300458 0.0078306 0.245249 0.0160532 -0.0170672 -0.0237455 0.00223377 -0.00962292 0.0067185 0.00833936 0.0114584 -0.00146009 -0.0121645 0.0110804 -0.00562694 -0.000486509 -0.00080697 -0.00324123 -0.0282756 -0.0028343 -0.0105712 -0.00286558 0.00128209 -0.00270611 -0.0157448 -0.00239715 0.00149533 -0.000697005 -0.00484216 0.0113056 0.0050212 -0.00925251 -0.0034056 5.25261e-05 -0.00919641 -0.00225819 -0.00644433 0.01525 0.00640876 -0.000196107 1.00284e-05 0.0016738 0.00993161 -0.00890799 0.000644805 -0.0207525 -0.00259683 0.000285851 0.0070938 -0.014398 0.0152245 -0.0138695 -0.01309 0.00782678 0.00630724 -0.000271548 -0.0066788 0.00895473 -0.00841386 -0.0029834 -0.000408549 -0.00266367 -0.0104965 -0.00282464 -0.000538537 -0.00700933 -0.00260647 0.000457043 -0.00887113 0.0179709 -0.0135894 -0.00922547 -0.00100275 -0.0109999 0.0051681 -0.00471279 -0.00496531 0.010098 -0.0060154 -0.00204206 -0.0085641 -0.00791848 
-0.00272712 -0.006379 0.00431715 0.00496499 -0.0141934 0.00226187 0.000866148 -0.000183755 0.00431933 0.00853237 0.00410416 -0.013487 -0.00801594 0.0134382 -0.0131127 -0.00899921 0.0122678 -0.0138133 0.0164525 -0.0325339 0.0160532 0.203841 -0.0265766 -0.0679311 -0.00888611 -0.0485978 0.0104918 -0.0182535 -0.00942438 -0.00302632 0.0107666 0.00862414 0.00176139 -0.00489208 0.00234292 -0.00167309 -0.00813595 -0.000921738 -0.00984502 -0.00166743 -0.00129669 0.00633724 -0.00763234 0.000492184 0.000304873 -0.00176323 -0.00388531 0.00294684 -6.4587e-05 -0.00135104 -0.000894779 -0.00076044 -0.000452746 -5.04631e-05 -0.00501427 -0.0113355 -0.0358961 0.000751138 -0.0138643 0.00163962 0.00226241 0.00115839 0.0013972 0.00374255 -0.00632024 -0.000630928 0.0207825 -0.00587184 0.00210834 0.000420087 0.0253242 0.00270199 -0.00369006 0.000197698 -0.00269377 0.0216401 0.00319439 0.00189012 -0.000921104 -0.0036566 0.00402715 0.00142739 -0.00674533 -0.00150788 0.00235623 -0.00068032 -0.00197507 0.00228065 -0.00737373 -0.0065285 -0.00151742 0.00179552 -0.00436521 -0.0018448 0.0013161 0.0285684 0.00218885 -0.00468853 -0.00478319 0.00467523 
0.00297786 0.017624 -0.0110371 -0.00186692 0.0139394 -0.00367074 0.00396434 0.0080927 -0.0207802 -0.00131807 -0.00390653 0.00287203 -0.0283702 0.00412642 -0.0454671 -0.000270812 0.00795349 -0.0309432 0.0298782 -0.0459975 -0.0170672 -0.0265766 0.238175 0.0233912 -0.00998709 -0.0229087 -0.0140564 0.00461472 0.00526707 -0.00561887 0.0151894 -0.00839933 -0.0096369 -0.000463168 -0.00223709 0.0124346 0.0165042 -0.0102662 0.00617738 -0.00384199 0.00128158 0.00258255 -0.00241167 0.00254727 -0.00157502 0.00248329 -0.000966255 -0.00661274 0.00114545 -0.0110172 -3.59469e-05 0.00199575 -0.0156689 -0.00828346 0.00171983 -0.00268191 -0.0208855 -0.00267149 0.0169858 -0.00445025 -0.00736249 0.0101059 0.000879818 0.0073866 0.00723405 -0.00259675 -0.00559084 -0.00315552 -0.00423409 0.00160208 -0.00801256 -0.0116205 -0.00142944 5.83928e-05 0.00663188 -0.0159756 -0.00921029 0.000140679 -0.00434667 9.76986e-05 0.00271753 -0.00338563 0.0047386 -0.00226553 0.001958 -0.000641876 0.00811761 -0.0056923 -0.00324507 -0.00536253 0.00162894 -0.00614014 -0.00370116 -0.0103991 0.00107581 -0.0205151 0.0125751 0.0015619 0.00599681 0.0184001 
-0.000671053 0.000199399 -0.00367101 -0.00373205 -0.000992634 -0.0025857 -0.0120279 0.00483742 0.011951 -0.00824285 -0.0178707 0.0124509 -0.0134785 -0.00331448 0.0110676 0.0306331 -0.0124009 0.0413112 -0.032349 0.021699 -0.0237455 -0.0679311 0.0233912 0.249948 0.00424225 0.0539113 -0.0154464 0.0231457 -0.0171035 -0.0066443 -0.00639321 -0.0138879 0.0118814 -0.00735284 -0.00435274 -0.00422719 0.010304 -0.000426515 -0.0031785 0.0011378 -0.00693476 -0.00697171 0.00620719 -0.00259561 -0.00126492 -0.00252042 -0.000962649 -0.0069217 -0.00578056 -0.00364329 0.000303182 0.00259164 -0.00275827 -0.0102982 0.00326893 0.00267168 0.0407145 -0.00844347 -0.00127837 -0.00578486 0.000263666 -0.0141676 0.000536962 -0.00594762 0.00537861 -0.00255638 -0.0291821 0.0165972 -0.012021 -0.00946364 -0.0348661 -0.00514782 -0.0160056 -0.000764386 -0.00171823 -0.0239341 -0.0121661 -0.003183 0.00200956 0.00256134 -0.00922799 -0.00274933 0.0122909 -0.00670801 -0.00744939 -0.00410303 -0.00247808 0.00699668 -0.000877159 0.00757945 -0.0050191 0.0109622 0.00583352 -0.00898968 -0.000775457 -0.0276363 -0.0160896 -0.00395162 -0.000744764 -0.0227701 
0.00166771 -0.00642708 0.0039037 0.00311337 0.0172833 -0.000106535 -0.00780087 -0.0110245 -0.00390658 -0.00229699 -0.00378314 0.000930526 0.0156988 0.00049485 0.0279698 -0.00482178 -0.0392133 0.0226062 -0.0374199 0.0140535 0.00223377 -0.00888611 -0.00998709 0.00424225 0.211043 -0.0293927 -0.00406837 0.00256139 0.021028 -0.00188244 -0.0256337 0.00116815 -0.0122819 0.0053898 0.00122987 -0.00300605 -0.0107907 -0.000426814 0.00381754 -3.18568e-05 -0.0036549 -0.0036498 0.0102428 -0.00380511 0.00112267 0.000556283 -0.0142753 0.0126111 -0.00233308 -0.00221118 -0.00265278 -0.000918802 0.00354805 0.00123852 0.000214515 -0.0142407 0.00269361 -0.00499091 -0.00653749 -0.00177882 -0.00107381 0.000662479 -0.0052343 -0.00285279 -0.00605912 3.96619e-05 -0.00518384 -0.0174306 -0.0204768 -0.00706933 -0.00457467 0.0032635 -0.00174587 -0.0026792 0.00692392 -0.00337804 -0.00292859 -0.00239368 -0.00800717 -0.00340757 -0.000558974 -0.00853549 -0.0126854 0.00876654 -0.00495339 -0.00301903 -0.00480351 0.00586784 0.000619993 0.00577912 -0.00097666 -0.0111033 0.00661552 0.00934997 -0.00306686 9.31021e-05 -0.00165677 -0.00482917 -0.00115913 -0.00456434 
-0.00454045 -0.0109186 -0.0040925 -0.0147716 -0.00783148 -0.00114514 -0.00517082 0.00118529 0.0125253 -0.0115511 -0.00519752 -0.00437868 -0.00657461 -0.0238406 -0.00246064 0.0274526 0.00621307 0.0291348 0.00159249 0.0431298 -0.00962292 -0.0485978 -0.0229087 0.0539113 -0.0293927 0.247984 -0.0121682 0.0314203 -0.031326 -0.0070726 0.0171866 -0.0122172 0.00768932 0.00375605 -0.00420085 -0.00588764 0.000679614 0.00346269 -0.00662549 -0.00205193 0.00516203 -0.00503649 0.00378237 -0.0113179 -0.00323019 -0.00111729 0.0073674 -0.0127336 -0.00610355 0.00063153 -0.00208136 -0.00374337 0.00922274 -0.0058958 0.00290276 0.00905483 0.0502235 -0.00447118 0.000283052 0.000237319 -0.00850236 -0.0146364 -0.00390029 -0.0127776 -0.00653504 -0.00400703 -0.0219166 0.0256469 0.000995708 -0.00618268 -0.0301024 -0.00328043 -0.0167559 -0.000470069 -0.0116816 -0.0218477 -0.00185028 -0.00189373 0.00636244 -0.00389137 -0.00745268 -0.0081606 -0.00183439 0.00338089 -0.0045378 -0.00126438 -0.000190217 -0.00449758 -0.00484102 0.0131397 -0.00436536 0.00723825 0.00114557 -0.00595879 -0.00384954 -0.0174838 -0.0128752 0.000263079 -0.0122864 -0.0242572 
-0.00161712 -0.00591631 -0.00368945 0.0028309 0.00239916 0.00189835 0.00587932 3.24891e-05 -0.00319643 0.00348571 0.00853022 -0.00906328 -0.00622463 0.00799925 -0.0194376 -0.00170821 -0.025254 -0.00432247 -0.0183703 -0.016483 0.0067185 0.0104918 -0.0140564 -0.0154464 -0.00406837 -0.0121682 0.143753 -0.00774175 0.0201125 0.00160411 -0.0130847 0.00818621 -0.0058297 -0.00130998 -0.00128382 -0.00223282 -0.00622324 0.00667651 -0.00924878 -0.000141672 -0.0032484 0.00202686 0.00411358 -0.00271278 -0.000222715 -0.000604156 0.000416697 -0.00135571 -0.000243179 0.0037504 -0.00033052 -0.000115632 -0.00338619 -0.00525283 -0.00137199 -0.00862003 -0.0166766 0.00400001 -0.00629378 -0.000314327 0.000486043 -0.0053413 -3.09759e-06 -0.00319144 -0.00403397 -0.000506595 0.000442149 -0.00075264 0.00912786 0.000212956 0.00524481 -0.00164448 0.000215823 -0.000329036 0.000981691 -0.00135827 0.00268743 0.000365196 0.00240608 0.000826052 0.00452881 -0.00151527 -0.00102609 0.00253423 -0.00292924 0.00254784 -0.000433233 0.00558348 0.00419445 0.00380007 0.00141898 -0.00399492 -0.00134451 0.00220687 -0.0019489 0.00357195 -0.000984445 -0.00095138 -0.00413323 -0.00299902 
-0.00200727 0.00800694 -0.00149297 -0.0167525 0.00499809 0.0025713 -0.00175182 -0.0043531 -0.00947434 -0.00726074 -0.0127492 0.0180564 -0.0323652 -0.010161 -0.0261951 0.00851788 -0.0269292 -0.0100867 -0.0081096 -0.00695541 0.00833936 -0.0182535 0.00461472 0.0231457 0.00256139 0.0314203 -0.00774175 0.249896 0.0119152 -0.0093594 0.0255598 -0.00797292 -0.0138367 -0.00437651 -0.00393585 0.0033174 0.0121174 0.00182012 -0.00505279 -0.00042522 -0.00164841 -0.00329601 -0.00445838 -0.00697267 -0.00530604 0.00248809 -0.00576271 0.0132441 -0.0064155 -0.00489985 0.00207031 0.000771078 -0.00299762 0.00130646 0.00718143 0.00130048 0.00703818 -0.00676407 -0.0117766 -0.00477246 0.00214588 -0.012694 -0.00143169 -0.00169156 0.00651979 -0.00206813 -0.010637 0.0205242 0.00747697 -0.0186847 -0.029141 -0.00807911 -0.0103913 -0.00123774 0.00141318 -0.0206887 -0.00651244 -0.00373078 -0.00997614 -0.00539665 -0.0064076 -0.00280612 0.0156713 -0.0080808 -0.00652457 -0.00465896 -0.001619 0.00190983 0.00382687 0.000115206 -0.0067872 -0.00402201 0.0151276 -0.00789135 0.0004702 0.012246 -0.00761564 -0.000593751 -0.00438282 -0.023285 
-0.000945224 -0.00326962 -0.00615739 -0.00419081 0.0166653 -0.00122062 -0.0023246 0.00336659 -0.0247501 -0.00129857 -0.00982661 0.0120027 0.00662918 -0.00182932 -0.00060117 -0.00712073 -0.0182453 -0.0048265 -0.0202841 -0.0200882 0.0114584 -0.00942438 0.00526707 -0.0171035 0.021028 -0.031326 0.0201125 0.0119152 0.214858 -0.0040976 -0.0136195 0.002205 -0.0193614 0.00276861 -0.00133081 -0.0054888 -0.00620371 -0.00461593 0.00983948 -0.000389351 -0.00944813 -0.00223379 -0.00847108 0.00197443 -0.000493458 0.00518814 -0.0173972 0.00765709 0.00871708 -0.00520966 0.000216283 0.0010575 -0.00820651 -0.00047088 -0.000558748 -0.00373702 -0.0208005 0.0015259 -0.00738145 -0.00364829 0.000114365 0.00112839 -0.0082804 -0.000679106 0.00738575 -5.90314e-05 -0.00576644 -0.0143284 0.00322211 -0.00081252 0.000308677 -0.00167493 -5.979e-05 -0.0011382 0.0045658 -0.0117171 0.00286898 -0.00162774 0.0040907 -0.000648517 -0.00193921 -0.000857226 -0.00527515 0.0115169 -0.00306753 0.00291503 -0.00409366 0.00762881 0.000150037 -0.000564397 -0.000264323 -0.0167129 0.00299231 -0.00515236 -0.00599266 0.0058297 0.00289468 0.000734404 -0.00474683 0.000655276 
0.000895653 0.000406268 0.000419897 0.00115827 0.00102443 -0.00160133 0.0022846 -0.00109775 -0.00287868 0.00171783 -0.000575016 -0.00287368 0.00672587 -0.00377995 0.0035002 -0.00705959 0.00128386 -0.000992965 -0.000889642 0.00281872 -0.00146009 -0.00302632 -0.00561887 -0.0066443 -0.00188244 -0.0070726 0.00160411 -0.0093594 -0.0040976 0.0580486 -0.00197463 -0.00155919 0.00470453 -0.000971298 0.000108585 -0.00196562 -0.000326636 0.00250459 -8.94448e-05 -0.000380402 -0.000577822 -0.00113861 -0.00315964 -0.00113344 0.000506733 -0.000704194 -0.000445681 -5.91829e-05 -0.000767241 0.0012898 0.000170968 -0.000513024 -0.00068189 -0.00113144 0.000539604 0.00176151 0.000135831 -4.93022e-05 -0.000864 0.000699057 -0.00130253 -0.00148524 -0.000532999 -0.000125946 -0.00153699 0.000765199 0.000647673 -0.00226749 -0.000442935 0.00076904 -0.00172056 -0.00170104 0.00114669 -5.26059e-05 0.000787162 0.00508502 -0.000114452 -0.000146159 -2.83161e-05 0.0023851 0.000504056 0.000386391 -0.00270825 -0.000159458 -0.00210584 0.00325118 -0.000847658 -0.00498838 -0.000837438 -0.00289223 0.00098937 -0.00271212 -0.000977156 0.000467184 -0.000935032 -0.000415074 0.000794678 -0.000221205 -0.000479068 -0.00114921 
-0.0019111 0.00161236 -0.00117411 -0.00834024 -0.00285887 -0.0073109 0.0043767 0.00470544 -0.0263039 0.00178071 -0.00466081 -0.00411767 -0.0276349 -0.0201347 -0.0476923 -0.0106271 0.0226446 -0.0539591 0.0378094 -0.0265826 -0.0121645 0.0107666 0.0151894 -0.00639321 -0.0256337 0.0171866 -0.0130847 0.0255598 -0.0136195 -0.00197463 0.198707 -0.0109655 -0.0122048 -0.000124308 0.00212024 0.00588987 0.0130553 0.00104534 0.00258671 -0.0026387 -0.00152789 -0.00223274 -0.00778954 0.00480657 -0.0044333 -0.000377435 0.0039192 0.00774683 -0.00155254 -0.0102642 0.001969 -0.000162875 0.00153318 -0.00543311 0.00111381 0.0197848 0.0152158 -0.00110025 0.00525518 -0.000139534 -0.00733494 0.00166214 0.00311577 -0.00186821 -0.000531715 -0.00156796 0.000442504 0.0116188 0.00158706 0.0010345 0.00360117 -0.00881384 -0.00820856 -0.0012471 0.000185081 -0.015589 -0.00041734 0.00233064 -0.00347744 -0.000445148 -0.00529392 -0.00356355 0.0052773 -0.0134501 0.00789349 -0.00213849 -0.00146951 0.0022997 -0.0105082 -0.00504181 -0.00224458 -0.00259019 -0.00679051 -0.00861052 -0.00145075 0.00175183 0.0137146 -0.00168623 0.0037992 0.00477017 
0.00162865 -0.00204328 0.00586316 0.000660653 -0.00544634 0.00627078 -0.000373418 -0.0028073 -0.0014374 0.00267577 -0.00221379 -0.00758229 0.00898328 0.0081207 -0.0092309 -0.00844597 -0.0103228 0.00175406 -0.0109325 -0.0087116 0.0110804 0.00862414 -0.00839933 -0.0138879 0.00116815 -0.0122172 0.00818621 -0.00797292 0.002205 -0.00155919 -0.0109655 0.0910871 -0.00533731 -0.00125595 -6.90828e-05 -0.000634474 -0.00234849 0.000325699 8.49875e-05 -0.000629272 0.000655754 0.000416469 -0.00396977 0.00613346 0.000347527 -0.000121172 -0.0027416 0.00341338 -0.000942141 -0.00264569 0.000311965 0.00088379 5.66343e-05 -0.00113905 -0.000594827 -0.007254 -0.00253224 -0.000450419 -0.00415245 0.00129386 -6.40316e-05 0.00264572 -0.000122252 0.00232218 -0.00166272 -0.000771135 0.00513389 -0.00218897 -0.00487638 -9.16504e-05 -0.00160669 0.00538958 -0.000423428 -0.000443516 0.00721986 0.0010229 -0.00254936 -0.000616367 -0.00275465 -0.000714571 -0.000170515 0.00416614 -0.00201326 0.00154487 -0.00258595 -0.000474587 0.00148706 0.00252826 -0.000403193 -0.0029105 0.000110343 -0.00383867 -0.00295428 0.00302434 -0.00199869 -0.00139819 -0.00272924 -0.000165347 -0.00106527 -0.00586561 
-0.000680972 0.000792588 -0.0055629 -0.00413969 -0.0128387 -0.001228 -0.00659758 -0.00391957 0.00485787 -0.000743667 0.00963199 -0.0003936 -0.0100908 0.00270074 0.0172049 -0.0001969 0.0143943 0.00143939 -0.0068688 0.00130938 -0.00562694 0.00176139 -0.0096369 0.0118814 -0.0122819 0.00768932 -0.0058297 -0.0138367 -0.0193614 0.00470453 -0.0122048 -0.00533731 0.117763 -0.00263716 -0.000617991 -0.00246346 0.00461448 -0.0018594 -0.00471013 0.000571009 0.000527408 -0.00043999 -0.0051657 -0.00360227 -0.000708394 -0.00131103 0.00812003 -0.00559336 -0.000924661 0.00391141 0.000451585 -0.00202397 0.00243869 -0.00129454 -0.000751988 -0.00647452 0.00583075 -0.00260169 -0.00317811 -0.000598641 0.000273362 -0.00229868 0.00292027 -5.75106e-05 0.00268256 0.00106593 -0.00121204 -0.00148966 -0.00241499 0.00333188 -0.00198447 -0.00481585 0.00186149 -0.000179095 -0.000443615 0.000756861 -0.00195959 -0.000875615 -0.00316118 0.000760931 -0.00505154 -0.00152 0.00105709 -0.00467253 -0.00381348 -0.00285566 -0.00228132 0.00244147 -0.00322443 -0.00137488 4.14325e-05 0.0122127 -0.00611232 -0.00245461 -0.000931648 -0.00600529 -0.000278469 -0.000644501 0.000693436 -0.00624898 
-0.000203986 -0.0018083 -0.00160595 -0.00105385 -0.00219187 0.000808867 0.00233572 0.000209572 -0.00242256 0.000328623 -0.00273167 -0.00670557 0.00262929 -0.00327917 0.000223097 -0.00621786 -0.00896206 0.00724019 -0.00233636 0.00352756 -0.000486509 -0.00489208 -0.000463168 -0.00735284 0.0053898 0.00375605 -0.00130998 -0.00437651 0.00276861 -0.000971298 -0.000124308 -0.00125595 -0.00263716 0.0615817 2.50779e-06 0.000921764 -0.00106094 -0.000578736 -0.0027097 0.000469433 -0.00146663 -0.000512305 -0.000260087 -0.000368898 8.8611e-05 0.00122696 -0.00113042 0.00251801 0.00521457 -0.000311868 -0.000106622 -0.000627077 0.00198096 -0.000759588 -0.000283931 0.00104856 0.00192753 0.00145732 -0.00394634 -8.40329e-05 -0.00311327 -0.00175599 0.000240582 -0.0020014 -0.000927227 -0.000624314 -0.00129196 -0.00143526 0.000541327 -0.00268321 -0.000748396 -0.0010987 -0.000650251 3.59943e-05 -0.000940684 -7.87398e-05 0.00199947 -0.000422194 -0.000581906 -0.000852038 -0.000820679 0.000277656 -0.00368415 -0.000614326 -0.000675629 -0.000662077 -0.0018536 -0.000621328 -0.00052722 0.00215215 -0.000535301 -0.00297699 -0.00087617 -0.000214213 -0.000849281 6.83289e-05 -0.00141137 -0.000580675 -0.000398378 0.00113227 
