0.0760359 -0.00318419 4.01604e-05 0.00387738 0.00326961 0.00105748 -0.000824466 -0.00541807 -0.00297995 -0.00249151 0.000595425 -0.00610977 0.00367118 -0.00633769 -0.00893895 0.00132267 0.00502864 0.00640112 -0.00961846 -0.00663546 -0.00888518 -0.00142224 -7.10295e-05 -0.0043133 -0.0131125 0.00420405 0.00324078 0.00500344 -0.000396923 -0.00257887 0.00258174 -0.0093422 0.00165927 0.00216346 -0.000376653 -0.00313097 0.00234158 -0.00344248 0.00192465 0.00587634 0.00206918 -0.000582068 -0.00339964 -5.41277e-05 -0.0018016 -0.00197274 -0.00136229 0.0013177 -0.0032843 -0.00148407 0.00114264 0.00109195 -0.00138216 -0.00263204 1.2109e-05 -0.00093882 -0.00135468 -0.000916786 -0.00027206 -0.000983808 0.00135298 -0.00241819 -0.000315437 0.00398963 6.89297e-05 -0.00147373 -0.000792714 -0.00174337 0.000975122 0.00126443 -0.000397567 0.00221089 -4.81568e-05 0.00246003 -0.000170528 0.00253902 -0.00034837 -0.00300194 0.00126976 -0.00083929 -0.00319074 -0.000356557 -0.0012995 -0.00584498 8.70803e-05 -0.00210696 -0.000425407 -0.00368379 -0.00032441 -0.000841308 0.000244908 -0.000366342 0.00125193 0.0015373 -0.00453023 0.000583859 0.00287357 -0.00207087 0.00231053 -0.00232594 
-0.00318419 0.068369 -0.00351914 -0.000283285 0.00244818 0.0013379 0.000890457 -0.000847514 -0.0023848 -0.00533401 -0.00616845 -0.00375475 -0.000380166 -0.00390002 0.00368603 -0.00485849 -0.0155793 -0.00189125 -0.00973698 -0.00720802 0.00779544 0.010397 -0.0020287 -0.00345728 -0.002868 -0.00155446 -0.000635257 -0.00680774 0.00361833 0.00349712 -0.00288524 0.00569721 0.00405543 0.000221428 -0.00236658 -0.00178483 0.000718817 0.00434796 -0.00239689 -0.00948815 0.0017248 -0.000795818 -0.00212624 -0.000572211 0.00160774 -0.0033671 -0.0011871 -0.00236317 -0.00457793 -0.00227688 -0.000911738 0.00463045 -0.000547157 0.00132357 0.00110223 -0.000324887 0.000838297 -0.00270602 0.000282536 0.000720474 0.000844536 0.00113172 -0.00175919 -0.00201663 0.00166812 0.00186971 0.00114731 -0.000142567 0.00312111 -2.46839e-05 0.000617306 -0.00436472 4.92938e-05 -0.00141512 -0.00131886 -0.000878508 -0.000194683 -0.00226441 0.00147672 0.000350145 0.000489796 -3.46887e-05 0.000389051 0.0101166 0.00160868 -0.0025162 0.000478992 -0.00303064 0.00337732 -0.000760492 -0.000714777 -0.00115196 -6.92352e-06 -0.00086141 -0.000888203 -0.00144772 -0.000802729 -0.00347382 -0.000661542 -0.000256672 
4.01604e-05 -0.00351914 0.092395 -0.00345829 0.00394722 0.00106161 -0.00219127 0.00186206 -0.0046914 -0.00739112 0.00506188 -0.00633442 0.0047311 -0.00925593 -0.00592734 0.000889688 0.0147535 0.00342483 0.00532718 -0.000461432 -0.0075149 -0.00424686 0.00879561 0.0235586 -0.00545021 -0.00584937 6.90769e-05 -0.00124666 -0.00217101 0.00952765 0.00105708 -0.0121027 0.00232102 -0.00457499 0.00100095 -0.00213474 -0.000841315 -0.000188835 0.000120902 -0.00852893 6.18517e-05 7.79674e-05 -0.000175154 -0.000858043 -0.000636084 -0.00102883 -0.00233553 -0.00428998 -0.00079401 -0.00464382 -0.00257533 -0.00283296 -0.00640506 -0.00322666 -0.00231818 -0.000114029 -0.00254753 0.00267178 -0.00131542 0.000329985 -0.000130029 -0.00388733 -0.00390667 -0.00773804 -0.00230191 -0.00576729 -0.000870371 3.64525e-05 0.000373054 -0.00218615 -7.13342e-05 -0.00424766 -0.000711669 0.000807005 0.00141054 -0.000891981 0.00108919 0.00107803 -0.00267879 -0.00132108 -0.00494886 0.000504626 -2.46685e-05 -0.00411127 0.00153783 -0.000349051 0.000240443 -0.000172358 -0.00148225 0.00103613 0.000763861 -0.000255142 -0.00304942 -0.00234712 -0.00513536 -0.00247852 0.000741801 -0.000440894 0.00128553 0.0016915 
0.00387738 -0.000283285 -0.00345829 0.0887341 -0.0063322 -0.00823883 -0.00502506 0.00619285 0.0017612 -0.0104423 -0.00446613 -0.000221589 -0.00375853 -0.00347076 -0.000199145 -0.000798781 0.00268102 -0.0118423 -0.00855116 0.00939943 0.012224 -0.00525708 -0.00472013 -0.00283988 -0.00107236 -0.00528768 -0.00133104 -0.00106816 -0.00106722 -0.00283519 -0.00205979 0.00187727 0.00293368 0.00360271 0.00322273 -0.00276135 0.00455618 -0.00220571 -0.00174024 -0.000386121 0.0015941 0.000603119 -0.00371635 0.000110532 -0.000483728 0.00623637 -0.00091404 0.00746535 -0.00635137 -0.00417785 -0.00388402 0.00126843 0.00312446 -0.000155616 0.00168512 -0.000855456 -0.000617663 -0.00100988 -0.00314896 -0.000436601 -0.00119081 -0.0025529 -0.00190817 -0.00788887 -0.00129116 -0.0010868 0.00127233 -0.00122713 -0.00407542 0.00112443 -0.00039227 -0.00187944 0.000320669 -0.0011098 0.000557262 -0.00257569 -0.00123778 -0.00462969 -0.00121463 -0.000876913 0.00102018 0.00304011 0.000106407 3.279e-05 -0.00524223 0.0035632 0.00123234 -0.00291647 0.00446694 0.00222302 8.74591e-05 2.40415e-05 -0.00416276 -0.00234682 -0.00038993 0.000432783 -0.00193771 -0.0033246 0.00153349 -0.00125779 
0.00326961 0.00244818 0.00394722 -0.0063322 0.124057 -0.00202011 0.00317847 -0.00228797 0.00127106 -0.00541246 0.00251099 -0.00660071 0.00608793 -0.00174598 -0.022927 0.0192796 9.67753e-06 -0.00529299 -0.0114437 -0.0197098 -0.0249166 0.00373593 0.0066253 0.00190511 -0.0175627 -0.000180394 -0.00210875 -0.000198892 0.00449022 -0.000244769 -0.00411496 -0.0132161 -0.00272527 -0.00490642 -0.0125119 0.00168655 0.000446192 -0.00184227 0.00660267 -0.0095067 6.99721e-05 0.00105612 0.0107867 -0.0010491 0.000398604 0.0114759 -0.00158506 -0.00294489 -0.00397958 0.000444953 0.00226115 0.000607292 -0.000935766 -0.00266478 -0.00273762 -0.000536562 0.00120689 -0.00275674 -0.00225544 0.00106395 -0.00114928 0.00586001 0.00435411 0.000682121 -0.000228865 -0.000623913 0.0020693 -0.000559166 0.00294622 -0.0028771 -0.00148525 -0.00181724 -0.000344421 0.00290248 0.00119888 0.000181273 3.87158e-05 -0.0136813 -0.000158387 -0.000520159 0.00671557 -0.000658771 -0.00197547 -0.013282 0.00449592 -0.00540043 -0.00156093 -4.54278e-05 0.00863805 -0.0013749 0.000621114 -0.00689755 -0.00227592 0.00322376 -0.00324814 0.00268579 -0.000931914 -0.00139814 -0.00416906 -0.00161845 
0.00105748 0.0013379 0.00106161 -0.00823883 -0.00202011 0.117876 0.0126408 -0.00939543 -0.00363446 -0.00581547 -0.000311331 -0.00127341 0.00518929 -0.0185155 -0.0173514 0.00487193 -0.0258051 -0.00711699 0.0111315 0.000175121 -0.00216396 -0.00944471 0.00101212 -0.00698357 0.00713083 0.0136499 0.00748309 -0.0201474 0.00173631 -0.000329505 -0.0047512 -0.0116056 0.00661415 -0.00245768 -0.00175564 0.00408949 -0.00200474 0.00350058 0.00229257 0.0064861 -0.0027323 -0.00322687 -0.00202052 -0.00119754 0.0002056 -0.00058004 -0.00149238 -0.00777519 0.00100509 -0.00141207 0.000165574 -0.00198468 -0.00744385 -0.00168893 -0.000195309 -0.00387893 0.0055438 -0.00161976 0.000959941 0.00131866 0.0014481 -0.0037995 0.000313995 0.00539345 0.000657728 0.00225868 -0.00107101 -0.00266376 -0.00107029 -0.00143637 -0.000154725 0.000940172 0.000106 -0.000300822 0.000933253 -3.50665e-05 0.00280204 0.00225728 0.00264281 -0.00101543 -0.00895179 -0.00102055 0.0011659 0.00554641 -0.00675701 0.000446054 0.001152 -0.00461629 -0.0067687 -0.00144192 -0.00127907 0.00115479 0.00133373 0.000535278 0.00146874 -0.00265122 0.00621778 -0.00782487 -0.00394515 -0.00213596 
-0.000824466 0.000890457 -0.00219127 -0.00502506 0.00317847 0.0126408 0.0902699 -0.0075532 -0.00255736 -0.00375889 0.00250166 0.0108045 -0.00239412 -0.00911389 -0.0105652 -0.00123256 -0.0244266 0.0122169 0.00446754 -0.00575935 -0.0122026 -0.000827852 -0.00577757 -0.00433349 -0.00497562 0.00449894 0.00102115 -0.0108788 0.00516798 -0.00347868 0.000883919 -0.00124083 -0.00159796 -0.00325715 -0.00594866 0.00827747 -0.00358271 -4.65319e-05 -0.000144228 -4.61209e-05 -0.00241981 -0.000682042 -0.0035374 0.000631519 -0.000695144 -0.00390089 0.000880901 -0.00136823 -0.00972403 -0.000956675 -0.000806452 0.000350434 -0.00141895 -0.00116553 0.000519429 -0.00272367 0.00643487 -0.00258251 -0.000952367 0.000194884 0.000920481 -0.000768146 0.0118992 0.00433954 0.00290549 0.00202725 -0.00253706 -0.00130391 0.00107183 -0.000472801 0.00191543 -0.00616209 -0.00043921 0.00104468 -0.000312235 0.000418111 0.00252529 -0.00203436 0.00508906 -0.00127887 0.00390091 0.00101803 -0.00180125 0.00598784 -0.00388606 -0.00411415 -7.91354e-06 -0.0023853 -0.00604267 -0.000219913 -9.15253e-05 -0.00501933 -0.000384588 0.00138904 -0.00277566 -0.000275891 0.00224237 -0.00537183 -0.00208623 0.0019192 
-0.00541807 -0.000847514 0.00186206 0.00619285 -0.00228797 -0.00939543 -0.0075532 0.16508 -0.0010966 -0.0174263 -0.00652642 -0.0108537 -0.00348989 0.00251242 0.0323029 0.0106448 0.00267854 0.0140515 -0.0207849 0.00419568 -0.0182823 0.0136357 0.0186582 0.0219191 -0.0100809 0.0265625 -0.0046586 0.00921875 -0.00877047 0.0203095 -0.0100751 -0.0178232 -0.00382269 -0.00683828 -0.0099773 0.00549176 -0.0107209 0.00252478 -0.00797788 -0.0187086 -0.000357165 -0.00167239 -0.000129037 -0.000167666 -0.00205348 -0.00822639 -0.00156694 -0.00708507 -0.0155609 0.000391981 -0.0150497 -0.00174174 -0.00540402 -0.00294199 -0.0049031 -0.00409449 3.23092e-05 -0.00334127 -0.000470601 -0.00115129 -0.00186792 0.00281514 0.00131612 -0.0193008 -0.00281843 -0.0128123 -0.00244557 -0.00126852 -0.0049612 -0.0013804 -0.00108588 0.000706918 0.000167278 -0.00542175 -0.00296746 -0.00473774 -0.00187474 -0.00402873 0.00126367 -0.000519603 -0.00452388 -0.00370985 -0.00154078 -0.000355205 -0.00129284 -0.0077672 -0.00177631 0.00276446 0.0132044 -0.000222193 -0.000141894 0.000730777 -0.00333979 0.00459984 0.00611647 -0.00225651 -0.00377759 0.00803084 -0.00923062 -0.00322167 
-0.00297995 -0.0023848 -0.0046914 0.0017612 0.00127106 -0.00363446 -0.00255736 -0.0010966 0.0902591 0.00172929 -0.00369946 -0.00409442 -0.00207443 0.0105137 -0.0063775 -0.00290857 0.0100762 -0.00804291 0.0123647 0.0040567 0.00641025 -0.00802782 -0.0125758 -0.00581583 0.0164524 -0.00332312 -0.000282524 -0.0229169 -0.00287256 -0.00486416 -0.00170274 0.00464908 -0.0042681 -0.00403775 0.0056599 -0.00426689 -0.00553675 0.00151135 -0.00432752 -0.0110079 -0.0022475 -0.00201357 -0.00295782 0.000149721 0.000637172 0.00066638 0.00270705 -0.0023674 -0.00308645 -0.000793063 0.000756617 -0.00137762 -0.00590695 -0.000112193 0.000919985 -0.00214275 0.00113344 -0.00333604 0.00175204 -0.000186863 -0.000570737 -0.00385374 -0.00400529 0.00234968 -0.00201398 -0.000795697 -0.00128487 0.00144853 0.000818393 -0.000901655 -0.000604586 -0.00219695 -0.000262089 -0.000148379 0.00100524 -0.00197218 0.000276411 0.00351127 -0.00134951 0.00144589 -0.00721995 0.0023837 -0.00177838 -0.00444985 0.00221677 0.00824046 -0.00148634 0.0031843 -0.00253719 0.000549973 -0.00188125 -0.00287199 0.00536104 -0.00325112 -0.00254285 0.00439506 -0.000828637 0.00156764 0.00391413 -0.0024022 
-0.00249151 -0.00533401 -0.00739112 -0.0104423 -0.00541246 -0.00581547 -0.00375889 -0.0174263 0.00172929 0.1649 0.00744782 0.013467 -0.00223857 0.00634395 -0.0132844 0.0257017 0.00153638 -0.0122305 0.0185531 -0.021116 -0.00244579 -0.0186101 -0.0198367 -0.0174735 0.0158224 -0.0228673 0.00133655 -0.0150454 -0.00926506 -0.0344236 -0.000279692 0.00797706 -0.00362964 0.00546369 -0.00816344 -0.00681991 -0.00232356 -0.00022162 0.00634482 0.016709 0.00116239 -0.00385368 0.00396112 -0.00163673 -0.00202634 -0.00968056 0.00558279 -0.00968449 0.0118757 0.00188815 -0.00995469 -0.000395532 -0.00276959 -0.0028147 0.00240725 0.00555702 -0.000887154 0.000431507 -0.000339555 2.62292e-05 0.00127157 0.00357949 0.0024128 0.00234383 0.00185005 0.00682322 0.00183907 0.00215925 -0.000801228 0.000144939 -0.0012604 -0.00520277 0.000974115 -0.00509136 -0.00311092 0.000947972 -0.000343235 0.00797863 -0.00245989 0.000435827 -0.00594299 -0.00161898 -0.00530057 -0.012301 0.00691386 0.00118101 -0.000625407 0.00439386 -0.00809902 -0.000779343 -0.00251874 0.000208278 0.0151934 -0.00305577 -0.00619004 -0.00499257 -0.00237557 -0.00696483 0.00620948 -0.00166056 
0.000595425 -0.00616845 0.00506188 -0.00446613 0.00251099 -0.000311331 0.00250166 -0.00652642 -0.00369946 0.00744782 0.114132 0.00176702 -0.00763029 -0.0155081 -0.00908303 0.0044526 0.00309571 -0.0152622 0.0197171 0.00280442 -0.0137117 -0.00578415 -0.00681296 0.00153228 -0.0129691 -0.00329635 0.00522789 -0.00317241 -0.000179465 -0.0114352 0.0013539 -0.00854484 -0.00347988 0.000373186 0.00480091 0.000432391 -0.00319465 0.00142185 0.00131288 -0.00121699 0.00014765 0.000641797 0.00141693 -0.00072352 -0.000934966 0.00616684 0.00208013 -0.00345345 0.00358478 -0.00237495 -0.0106691 -0.00420569 -0.000755952 -0.0029303 -0.0028574 0.00406003 -0.00116116 -0.00155331 -0.00237012 -0.00102742 0.00335388 -0.0069569 0.000291882 0.00245255 -0.000853162 0.00549637 -0.00294871 -0.000522982 -0.000281208 -0.00264071 0.0012539 -0.00469625 -0.000155648 -0.00297269 -0.00110201 0.000910595 0.00237546 0.000762143 -0.000661821 0.00125059 -0.00372597 -0.000249657 -0.00160846 -0.00886449 -6.00981e-05 -0.000399484 0.00115987 0.00417401 -0.00723713 0.000614356 0.00160766 0.000119144 -0.00270026 -0.00228881 -0.00309371 0.000463962 0.000191638 0.00259116 0.00557994 -0.00179865 
-0.00610977 -0.00375475 -0.00633442 -0.000221589 -0.00660071 -0.00127341 0.0108045 -0.0108537 -0.00409442 0.013467 0.00176702 0.147388 -0.000736054 0.00259812 -0.00545715 0.00895215 -0.0204377 0.0127108 0.0212104 -0.0162481 -0.0198119 -0.0229615 -0.0249385 -0.0144775 -0.00582576 -0.00873934 -0.00269728 -0.0244291 0.00327333 -0.0212653 -0.00523443 -0.000704642 0.00127355 -0.00917183 0.00103481 -0.00136528 0.00799462 0.00144108 0.000228139 0.00707078 -0.00327712 -0.00219722 -0.00521784 0.000530516 0.00498496 -0.00784806 -0.00320012 -0.00173135 0.0110903 0.00563105 0.00115193 -0.00343261 0.00473806 -0.00161485 -0.000651562 -0.00282962 -0.000973752 0.00218195 -0.00383767 -0.000677227 -0.000779974 0.00495983 0.0108512 0.00705549 0.00373551 0.00632979 -0.00175577 0.00548717 -0.0050724 -0.00245788 -0.00145874 -0.00269216 1.72646e-05 0.000961806 0.000718571 -0.000172301 0.0010936 0.0173052 -0.000270132 -0.000273185 -0.00164912 -0.00157182 -0.00559447 -0.00742277 7.02348e-05 -0.00201427 -0.00105784 -0.00443198 -0.00207215 -0.00132175 -0.00266381 -0.00383226 -0.00384623 -0.00365646 -0.000838076 -0.00702828 -0.000760897 0.00506582 7.82404e-06 0.0107453 
0.00367118 -0.000380166 0.0047311 -0.00375853 0.00608793 0.00518929 -0.00239412 -0.00348989 -0.00207443 -0.00223857 -0.00763029 -0.000736054 0.15755 0.0278419 -0.0126986 0.00583797 -0.0100564 0.00497643 -0.0193123 -0.0385796 0.00786755 0.00556131 0.0011488 -0.00403219 0.00108063 0.0201321 -0.00581831 0.00912845 -0.00801879 -0.000710441 -0.000540488 -0.00410271 -0.0014219 -0.0154652 -0.0275124 -0.0087263 0.000963281 -0.00125276 -0.00101741 -0.00730222 -0.00138099 0.00223067 -0.00884277 -0.00114379 -0.000708352 -0.00329182 -0.0011683 -0.00489215 -0.00175527 0.0100271 0.0118165 -0.001383 0.00195434 0.00697079 0.0011003 -0.0027934 -0.00324823 0.00457215 -0.0092835 -0.000793466 -0.00389729 -0.000542539 0.00161374 -0.00106773 -0.00149118 -6.27799e-05 0.00136527 -0.00159905 -0.0058502 -0.0027074 -0.00227749 0.00111352 -3.82982e-05 0.00399827 -0.00450529 -0.0031547 -0.0018298 -0.00206306 -0.00364089 0.0001133 -0.00371131 -0.00126245 0.0033601 -0.0116358 0.00665821 -0.0020536 0.00229314 -0.00739772 -0.000465944 -0.00191633 -0.00146446 -0.00780679 0.00320499 0.000393588 -0.00530657 -0.00344289 -0.000160289 -0.00401112 -0.00725828 -0.00197736 
-0.00633769 -0.00390002 -0.00925593 -0.00347076 -0.00174598 -0.0185155 -0.00911389 0.00251242 0.0105137 0.00634395 -0.0155081 0.00259812 0.0278419 0.245004 -0.00567431 0.00162239 0.00521351 0.0150455 -0.0118837 -0.0288624 0.00693872 0.0137981 -0.0322747 -0.0350243 0.0252114 0.00618446 -0.0133957 0.0280918 -0.00191508 -0.0179763 -0.0103559 0.0449266 -0.0220017 -0.0122649 -0.0267083 -0.0255345 -0.0154945 -0.0108663 -0.0119414 -0.0133173 -0.0024625 0.00103981 -0.0116867 -0.0024591 -0.00436221 -0.0157545 0.0115801 0.00065194 -0.00191491 0.00557617 0.0204838 -0.00188928 0.00566386 0.00837485 0.000914879 -0.00260739 -0.0108744 -0.00795985 0.00176952 -0.00386784 -0.00502492 -0.000688301 -0.00408427 0.00866804 -0.00658426 0.00605324 0.009976 0.0020201 -0.00982425 0.00302913 -0.000696206 0.00770414 0.00104968 -7.03402e-05 -0.00640245 -0.00170882 -0.00371802 0.00965519 -0.00662708 -0.00133977 0.00302379 -0.000910575 -0.00453346 -0.00884031 0.00760554 0.00255763 -0.00357713 -0.00758522 -0.00764961 -0.00451598 -0.00536274 -0.0103219 0.00682683 -0.0027601 -0.0213225 -0.0026993 -0.0104503 0.00263645 0.000678052 -0.0029092 
-0.00893895 0.00368603 -0.00592734 -0.000199145 -0.022927 -0.0173514 -0.0105652 0.0323029 -0.0063775 -0.0132844 -0.00908303 -0.00545715 -0.0126986 -0.00567431 0.215515 -0.000647139 0.0134569 0.0297222 -0.0259312 0.0181661 -0.0126734 0.0161559 0.00391792 0.00154573 -0.00362066 -0.027642 -0.016591 0.0224599 -0.00407711 0.0338116 -0.01597 0.00210324 -0.00788068 -0.00459973 0.00718709 -0.0123366 -2.40293e-05 0.00552727 -0.0128396 -0.0276461 0.00104298 -0.00654185 -0.00355911 0.00177647 0.00167716 -0.00833557 -0.000976589 -0.00128041 -0.00896506 -0.00613286 -0.0243041 0.00289273 0.000665364 -0.00425508 -0.0018598 -0.0122327 0.00667048 -0.00608585 -0.00702845 -0.000403773 -0.000723436 0.00195115 -0.0072102 -0.0149906 -0.00123294 -0.00481574 0.000906395 0.00156121 0.00543453 0.00267799 0.000495159 -0.00329216 -0.00179073 -0.0108624 -0.00359275 -0.00518884 -0.00439325 0.00795628 -0.00111513 0.0042769 0.00169504 -0.00558783 0.000974834 -0.00373815 -0.00321661 -0.00533025 -0.00640507 -0.0123965 0.0155413 0.00157803 -0.000424867 0.00331576 -0.00503475 0.00205246 0.00535854 -0.00110773 0.00188903 0.0170645 -0.0105898 0.000952249 
0.00132267 -0.00485849 0.000889688 -0.000798781 0.0192796 0.00487193 -0.00123256 0.0106448 -0.00290857 0.0257017 0.0044526 0.00895215 0.00583797 0.00162239 -0.000647139 0.21459 1.59263e-07 -0.000504005 -0.0152566 -0.00823206 -0.0340049 -0.00593752 -0.0228211 0.0102038 0.00515659 0.00788932 -0.00584598 -0.00044874 -0.00737415 -0.0238972 -0.00922169 -0.019675 -0.000738649 -0.00263104 -0.035246 -0.00515856 0.0105952 -0.00693596 0.00132064 0.00307495 -0.00560968 -0.00428724 0.00332946 0.00121469 -0.000494455 0.00225353 0.00327254 -0.0147686 -0.00978291 0.00648988 -0.0102062 0.00067179 -0.00822479 -0.0103768 -0.00358757 0.000560425 0.00825161 -0.00750989 0.00206326 -0.00126669 -0.00424324 0.00039907 -0.00127772 -0.00703305 -0.00491934 -0.0147489 0.00186588 -0.00270154 -0.00823703 0.00118771 -0.00359787 0.00265582 0.00318897 -0.00333114 -0.00169814 0.0027236 -0.000846356 -0.00419269 -0.00356284 0.00228743 -0.00871763 -0.00122207 -0.00847874 -0.0170638 0.0036262 0.0045399 -0.00307719 0.000657517 0.00548198 -0.00294689 -0.00505335 0.00376812 0.00797058 -0.00241303 -0.00636487 -0.00300475 0.00255742 0.00466954 0.000367305 -0.00323849 
0.00502864 -0.0155793 0.0147535 0.00268102 9.67753e-06 -0.0258051 -0.0244266 0.00267854 0.0100762 0.00153638 0.00309571 -0.0204377 -0.0100564 0.00521351 0.0134569 1.59263e-07 0.23729 0.00714546 -0.0141196 -0.00140372 0.0322109 -0.0182096 0.00571124 -0.00417226 -0.0173245 -0.0163404 -0.00169745 0.0150621 -0.0262245 0.0275418 0.00660257 0.0114527 -0.00656499 -0.00488511 0.00950417 -0.0190524 -0.00131282 -0.00429801 -0.0103986 -0.0194536 -0.000698767 0.000178369 0.00214709 -0.000362565 0.00775197 0.00681755 -0.00233121 0.00623026 0.00420762 -0.00823909 -0.0059808 -0.00971098 -0.00305218 -0.0125746 -0.00494237 -0.00207247 -0.0162807 0.00356428 -6.10387e-05 -0.00335746 0.000300619 -0.0115222 -0.0174769 -0.00491294 -0.00160124 -0.00061955 -0.00296838 0.00346056 0.00866369 0.000713781 -0.00503638 0.0119177 0.000251398 -0.0107856 -0.0036899 0.00121664 -0.00177226 -0.0199533 -0.00558083 -0.000782512 -0.0135683 0.000246075 0.000835985 -0.0176569 0.00477494 0.00964644 -0.00901278 0.00300053 0.00185103 -0.00199772 -0.00152576 -0.00714582 0.000917507 -0.00965594 -0.0178743 -0.00281756 -0.0064955 0.0137946 0.00607885 -0.00373933 
0.00640112 -0.00189125 0.00342483 -0.0118423 -0.00529299 -0.00711699 0.0122169 0.0140515 -0.00804291 -0.0122305 -0.0152622 0.0127108 0.00497643 0.0150455 0.0297222 -0.000504005 0.00714546 0.246961 -0.0258218 -0.0169898 -0.0346368 0.00474078 -0.0154211 0.00115943 -0.00844275 0.0262413 -0.00440637 0.0156376 0.00311112 0.0151831 1.99348e-05 -0.026966 0.000292139 -0.0199976 -0.0183719 -0.0106711 0.00759469 -0.00638713 -0.00610523 -0.0222165 -0.00161387 -0.00317771 -0.00982208 -0.000367956 -0.00229736 -0.0170818 -0.0112321 -0.0101564 0.002017 3.75575e-05 -0.00442718 -0.00444301 0.00188599 0.00100399 -0.00264056 -0.00617893 -0.00927065 -0.000777259 0.00166426 -0.00234989 -0.00403959 2.85601e-05 0.00625099 -0.00107214 0.00143288 0.00106441 -0.00812965 -0.00233644 -0.0066275 -6.45394e-05 0.00341978 -0.00208009 -0.00137029 0.00282894 -0.00208313 0.00240449 -0.00189279 -0.00353379 0.00241151 0.00159794 -0.000819451 -0.0029782 0.0025885 -0.00108777 0.00457449 -0.00449645 -0.00769838 -0.0220385 0.00711829 0.00205347 -0.00856926 0.00273161 -0.00416699 0.0131515 -0.0159621 -0.000585498 -0.00267009 -0.00587385 -0.013057 0.000785271 
-0.00961846 -0.00973698 0.00532718 -0.00855116 -0.0114437 0.0111315 0.00446754 -0.0207849 0.0123647 0.0185531 0.0197171 0.0212104 -0.0193123 -0.0118837 -0.0259312 -0.0152566 -0.0141196 -0.0258218 0.239076 0.0154427 -0.00165432 -0.020501 -0.0187887 0.0264178 0.0250994 -0.00786056 0.00241176 -0.0584384 -0.00206991 -0.0283945 -0.00186059 -0.00346842 -0.00996862 -0.0110027 0.0284808 0.0155483 -0.00872925 0.00220621 0.00160765 0.0063294 -0.00615917 -0.00180471 -0.00682725 -0.00137403 -0.000212104 -0.00491333 0.000233793 -0.00433285 0.0184138 -0.00699109 -0.0134196 -0.00635227 -0.00678783 -0.00723805 0.00122706 -0.00628119 -0.00396847 -0.000238606 0.00187689 -0.00410468 0.000292598 -0.00414852 -0.00223641 0.0134974 -0.000165776 0.000107436 -0.00356021 0.010804 -0.0124314 -7.93493e-05 -0.00200753 -0.00681807 -0.00185168 -0.00395292 -0.000358821 0.0023343 0.000899505 0.0140484 -0.00329584 0.00104401 -0.0148411 0.00183156 -0.00905962 -0.00673799 -0.0102732 0.0167538 -0.00119616 0.0162619 -0.023535 0.00111168 -0.00288647 -0.00126823 -0.00542524 -0.00422783 -0.00826309 -0.0102192 -0.0025253 0.0104017 0.00755024 -0.00651393 
-0.00663546 -0.00720802 -0.000461432 0.00939943 -0.0197098 0.000175121 -0.00575935 0.00419568 0.0040567 -0.021116 0.00280442 -0.0162481 -0.0385796 -0.0288624 0.0181661 -0.00823206 -0.00140372 -0.0169898 0.0154427 0.2498 -0.00747037 -0.028563 0.00256821 0.00236046 0.0280015 -0.0295357 0.0041442 0.00389914 -0.00171707 0.0108383 -0.00466978 -0.0186378 -0.00202552 -0.00420964 0.0186509 0.0110741 -0.00357411 0.00170923 -0.0117708 0.00111888 -0.00956087 -0.00810589 -0.0114282 0.000497413 -1.99489e-05 0.0061125 -0.0114332 0.00171025 0.00409931 -0.0126988 -0.0189719 -0.00463848 -0.0102337 -0.00012199 -0.00252643 -0.00171041 0.00651226 -0.00973994 0.00318813 -0.00414881 -0.0017651 -0.00780382 -0.00225951 -0.00431116 -0.00741019 -0.0107841 0.00185735 -0.0116881 0.0078422 0.00469223 0.000696468 -0.00547883 -0.00419257 0.00418108 0.00381721 -0.0060569 0.000742934 0.0101996 -0.00266943 -0.00308739 -0.0172417 -0.00828274 0.00056412 0.00760155 -0.015896 -0.00634985 -0.00034008 0.00402627 0.00364281 -0.0003394 -0.00108125 0.011303 0.00595401 0.00230602 0.0138977 0.00593824 0.00232749 0.0019871 0.000979403 0.000674441 
-0.00888518 0.00779544 -0.0075149 0.012224 -0.0249166 -0.00216396 -0.0122026 -0.0182823 0.00641025 -0.00244579 -0.0137117 -0.0198119 0.00786755 0.00693872 -0.0126734 -0.0340049 0.0322109 -0.0346368 -0.00165432 -0.00747037 0.249163 0.00286077 -0.0150625 -0.0401151 0.0184601 -0.00519168 -0.00484625 -0.0214637 -0.0190167 0.0171644 0.0136563 0.0681529 -0.000734107 -7.28674e-05 0.0143163 -0.0249488 -0.00781916 -0.00436761 -0.0155676 0.0120097 -0.00151196 -0.00164118 -0.010515 -0.00273961 0.000233157 0.00225444 0.00318513 0.00830537 -0.00522139 -0.00505795 0.00312507 0.00233606 4.13132e-05 0.00916527 0.000128701 -0.00385038 -0.0145449 0.0112286 -0.0101198 -0.00509459 5.27207e-05 -0.00426171 -0.0116435 0.00777858 -0.00188024 0.0123298 -0.0024409 -0.00540047 0.00508521 -0.00202757 -0.00291306 0.000594261 0.000260956 -0.00679701 -0.00573367 0.00367411 -0.0019193 -0.0104954 -0.000102817 -0.00182724 -0.0132587 0.00131059 0.00877582 0.0114958 -0.00701073 0.00581506 -0.00250923 0.00480593 -0.00691727 -0.00327169 -0.00661304 -0.00811049 -0.00731375 -0.0137072 -0.00549329 -0.00532418 -0.00741712 -0.0042704 -0.000488814 -0.00218546 
-0.00142224 0.010397 -0.00424686 -0.00525708 0.00373593 -0.00944471 -0.000827852 0.0136357 -0.00802782 -0.0186101 -0.00578415 -0.0229615 0.00556131 0.0137981 0.0161559 -0.00593752 -0.0182096 0.00474078 -0.020501 -0.028563 0.00286077 0.230755 0.0124765 0.0146698 -0.0306614 0.0165297 -0.0144506 0.0255914 -0.0080814 0.0231482 -0.00545871 0.0272175 -0.00983276 -0.0102268 -0.0101067 -0.0147362 -0.0153943 -0.00266551 -0.00881564 0.0157256 0.000889167 4.17777e-05 0.00131731 0.00114856 -0.00416735 -0.00850717 0.00916646 -0.00484681 -0.0235914 -0.0035229 0.0138605 0.00751403 5.48113e-05 -0.00246331 -0.00426148 -0.00492923 -0.0124343 0.00113322 -0.0181343 -0.00139504 -0.0011408 0.00133133 -0.00320999 -0.014015 -0.00209916 -0.00320396 -0.00294678 -0.00666895 -0.0102266 0.0014351 -0.00263234 -0.00926206 0.000158597 -0.00179199 -0.00713475 -0.00456414 -0.00401936 -0.0273371 -0.00400708 0.000170931 0.018998 -0.00180447 0.000362307 0.0216892 0.00145681 0.00225504 0.00306709 -0.00857269 0.012354 -0.00394815 0.00134297 -0.0172626 -0.0135683 -0.00301025 0.00619011 -0.00462279 -0.00567971 -0.0046568 -0.00463852 -0.0024351 
-7.10295e-05 -0.0020287 0.00879561 -0.00472013 0.0066253 0.00101212 -0.00577757 0.0186582 -0.0125758 -0.0198367 -0.00681296 -0.0249385 0.0011488 -0.0322747 0.00391792 -0.0228211 0.00571124 -0.0154211 -0.0187887 0.00256821 -0.0150625 0.0124765 0.246631 0.0231867 -0.00498009 0.00217381 -0.00292494 0.0162962 0.00176721 0.0190501 -0.0101288 -0.0251701 -0.00154347 -0.000914895 -0.00694371 0.0233155 -0.00758842 0.00267826 0.0120401 0.0083586 0.00359354 0.000281156 0.00808161 -0.00335608 -0.00196118 -0.0082329 -0.000853128 -0.00292784 -0.0137944 0.000148279 0.0068332 0.00170013 -0.0192137 -0.00210997 -0.00429165 -0.00680762 -0.00907325 -0.00126869 0.00425474 -7.16546e-06 -3.20437e-05 -0.000490247 0.000948144 -0.0253881 -0.00455363 -0.0179291 2.749e-05 0.00337502 0.00947481 -0.00567778 -0.00734885 -0.00438391 -0.00478265 -0.00960858 0.00604188 -0.00903099 -0.00148578 -0.0148509 -0.00626343 -0.0063535 -0.000244012 0.000945379 0.00315896 0.00767156 -0.0157629 -0.0181031 4.0587e-05 0.00181126 0.000732739 -0.00432508 0.00467431 -0.00367077 -0.0103929 0.001832 0.0108656 -0.0013571 0.00912732 0.00135805 -0.0152093 -0.0009227 
-0.0043133 -0.00345728 0.0235586 -0.00283988 0.00190511 -0.00698357 -0.00433349 0.0219191 -0.00581583 -0.0174735 0.00153228 -0.0144775 -0.00403219 -0.0350243 0.00154573 0.0102038 -0.00417226 0.00115943 0.0264178 0.00236046 -0.0401151 0.0146698 0.0231867 0.228461 -0.0214604 0.0179261 -0.00761601 -0.0178509 -0.00141847 -0.00389827 -0.0141123 -0.0096475 -0.00383278 -0.022948 -0.00116054 0.0211346 -0.00729948 0.000659147 0.00687171 -0.0125034 -0.0037399 0.00233326 0.000221399 -0.00060711 -0.000703226 -0.0070423 -0.00352433 -0.00778042 -0.0131543 0.00179012 0.00515004 -0.000926776 -0.00238065 -0.00816732 -0.00352348 0.00126102 -0.00893741 -0.00824377 -0.00591049 -0.00108756 0.000717149 -0.00308243 -0.00634975 -0.0215267 -0.00540649 -0.0157206 -0.00227393 -0.0039493 -0.00950713 -0.00381641 -0.0037758 2.57024e-06 -0.000990819 -0.00288516 0.00742039 -0.00479969 0.000665576 0.00515483 -0.00414247 -0.00226486 -0.0026888 0.000442915 0.00135493 0.0175257 -0.00322667 0.00119531 0.00307074 0.00120747 0.00564249 -0.00264905 0.001499 0.00382127 -0.00399415 -0.00163016 -0.00780365 -0.0103907 0.00260171 -0.00279588 0.00209385 -0.000497222 
-0.0131125 -0.002868 -0.00545021 -0.00107236 -0.0175627 0.00713083 -0.00497562 -0.0100809 0.0164524 0.0158224 -0.0129691 -0.00582576 0.00108063 0.0252114 -0.00362066 0.00515659 -0.0173245 -0.00844275 0.0250994 0.0280015 0.0184601 -0.0306614 -0.00498009 -0.0214604 0.24997 -0.00199895 -0.00687916 -0.0451376 -0.00794124 -0.0135561 0.00540599 0.0144591 -0.00451736 -0.0130449 0.0140078 0.00801559 -0.000598 -0.00526413 -0.0138634 -0.00716133 -0.0121665 -0.00515077 -0.00962076 -0.00239192 -0.00444802 -0.0132788 0.00358029 -0.0115598 0.00751616 -0.00560769 -0.00548268 -0.00248853 -0.0172898 -0.00263854 0.00400643 -0.00727249 0.00413977 -0.00500249 0.000623278 -0.00493051 -0.00414436 0.00204547 -0.00886663 0.000716576 -0.00309538 -0.00350109 0.00565802 0.00287043 -0.00930158 -0.000690181 -0.00280717 -0.00274225 0.000498772 -0.000716612 0.00231609 0.000876413 -0.000945881 0.0310868 0.00352053 -0.00219222 -0.0121642 -0.000955705 0.00184513 -0.00573232 -0.00644034 -0.00169327 -0.00859473 0.00381971 -0.00865555 -0.00104535 -0.00418494 -0.00110041 0.00685857 -0.00697067 -0.010489 -0.00209766 -0.00103976 -0.00826865 -0.00573692 -0.00238093 
0.00420405 -0.00155446 -0.00584937 -0.00528768 -0.000180394 0.0136499 0.00449894 0.0265625 -0.00332312 -0.0228673 -0.00329635 -0.00873934 0.0201321 0.00618446 -0.027642 0.00788932 -0.0163404 0.0262413 -0.00786056 -0.0295357 -0.00519168 0.0165297 0.00217381 0.0179261 -0.00199895 0.225367 -0.00193452 -0.00706619 -0.0119614 0.00464607 0.00529936 -0.0232068 -0.0060342 -0.00399516 -0.0224396 0.00460157 -0.00997439 -0.00246124 -0.00212853 -0.0125119 -0.00442348 0.00647497 -0.00153512 -0.00168562 -0.00435287 -0.0141499 -0.0035478 -0.00724774 -0.0135635 0.00342623 0.00639733 -0.0026041 -0.00186376 0.00380187 -0.000239886 0.00951752 -0.00320918 -0.0021886 -0.00608141 -0.00347411 -0.00275262 -0.00862228 0.0103072 0.00539503 -0.000691571 -0.0104156 -0.00658586 -0.00512257 -0.0111045 -0.00406181 -0.00676647 -0.00389827 0.000898245 -0.00164445 -0.00603058 0.00080834 -0.00170949 -0.0123205 0.00170236 -0.00438734 -0.00730362 -0.00302492 0.00383467 0.00105809 -0.00179525 -0.00387659 -0.000808749 0.00924277 -0.000322784 -0.00563955 -0.00298629 -0.00401248 -0.00611603 0.00691726 0.0010047 0.000913312 -0.00102206 -0.00590395 -0.00797655 -0.00715526 
0.00324078 -0.000635257 6.90769e-05 -0.00133104 -0.00210875 0.00748309 0.00102115 -0.0046586 -0.000282524 0.00133655 0.00522789 -0.00269728 -0.00581831 -0.0133957 -0.016591 -0.00584598 -0.00169745 -0.00440637 0.00241176 0.0041442 -0.00484625 -0.0144506 -0.00292494 -0.00761601 -0.00687916 -0.00193452 0.0716862 -0.0018166 3.94615e-05 -0.000272718 0.000544954 -0.0107427 0.00247998 0.00519885 0.000393716 0.00743955 0.00138307 0.00128656 0.000529462 -0.00439734 -0.00136923 5.94451e-05 0.000594803 -0.000168859 -0.000580576 -0.00129025 0.000296469 0.00364251 0.00174998 -0.000228888 -0.0011006 0.00108659 -0.000948528 -0.00213544 0.00175451 0.00609188 -0.00193006 -0.000277064 0.000118246 1.91342e-05 0.00106281 -0.00103853 -0.00011283 0.00322503 0.00180317 -0.000142277 -0.000635679 -0.00194032 0.00314381 -0.000250032 0.000641821 -0.00108631 -0.000335977 -0.00075631 0.000156358 0.000805391 0.00126539 -0.00304942 0.000966874 -0.00159723 -0.00395795 0.000504567 6.18944e-06 0.000373314 -0.000826932 -0.00156858 0.00141286 0.00145512 -0.00659483 0.00122919 -0.00196345 0.00502176 0.00147699 -0.000943622 0.00498474 -0.000608627 -0.00118427 -0.00254183 -0.00248246 -0.00186905 
0.00500344 -0.00680774 -0.00124666 -0.00106816 -0.000198892 -0.0201474 -0.0108788 0.00921875 -0.0229169 -0.0150454 -0.00317241 -0.0244291 0.00912845 0.0280918 0.0224599 -0.00044874 0.0150621 0.0156376 -0.0584384 0.00389914 -0.0214637 0.0255914 0.0162962 -0.0178509 -0.0451376 -0.00706619 -0.0018166 0.24954 0.00607899 0.044583 -0.00712193 -0.0243745 -0.00764322 0.00877325 -0.0311698 -0.0190373 -0.00432432 -0.00819138 0.0105798 -0.00902204 0.00635416 0.000819636 -0.000622008 -0.000438212 0.000629917 0.0207357 -0.00341925 0.0249539 -0.0242454 0.00314281 -0.0106943 0.000959668 0.0116982 -0.00266568 -0.00525485 0.00548147 -0.00619285 -0.00628598 -0.000803897 -0.00448084 -0.00509319 -0.00561418 -0.00611908 -0.0010207 -0.00555505 0.000407706 -0.00119585 -0.00961713 0.00948166 0.00534923 0.00143884 0.0137446 -0.00297234 0.000338891 -0.00339873 -0.00188818 -0.00341666 -0.0401795 -0.00423534 -0.00755517 0.0189144 -0.00262244 -0.00699224 -0.0117484 -0.00579481 -0.0163652 -0.000200498 -0.0057326 -0.00893921 -0.00273596 -4.07945e-05 0.00348894 -0.00138415 0.000819056 0.00513345 0.00462902 0.00020877 -0.00645702 -0.0104215 0.0027435 
-0.000396923 0.00361833 -0.00217101 -0.00106722 0.00449022 0.00173631 0.00516798 -0.00877047 -0.00287256 -0.00926506 -0.000179465 0.00327333 -0.00801879 -0.00191508 -0.00407711 -0.00737415 -0.0262245 0.00311112 -0.00206991 -0.00171707 -0.0190167 -0.0080814 0.00176721 -0.00141847 -0.00794124 -0.0119614 3.94615e-05 0.00607899 0.0970775 -0.0100124 -0.00224261 -0.000591138 0.000673899 0.00723285 -0.00184278 0.00371114 0.00136373 -0.00184854 0.00131127 -0.00721661 0.00514101 -0.000308721 -0.000871619 0.000544712 -0.00129298 0.00352394 -0.00183946 -0.000342012 -0.00486404 -0.00168483 -0.000331936 -0.00135774 0.00167915 0.000131213 -0.000225353 0.000173036 0.00385679 -0.00285561 0.00499698 0.00160183 0.00011378 -0.00173814 -0.00375222 -0.00210354 0.00132769 0.000504001 0.000529804 -0.00136622 0.00036421 -0.00013462 0.00416452 -0.00336552 -0.000663628 0.00462619 0.00402862 -0.00175702 -0.000651887 -0.00576398 0.000291897 0.000581245 0.00938716 -0.000502549 -0.000855854 0.00712135 -0.00373911 -0.00202868 0.00134333 -0.00368166 -0.00294884 0.000280196 -0.000978447 0.00270194 -0.00330769 0.00271476 -0.00190132 0.00181852 0.00186706 -0.00217571 0.00135355 0.000261688 
-0.00257887 0.00349712 0.00952765 -0.00283519 -0.000244769 -0.000329505 -0.00347868 0.0203095 -0.00486416 -0.0344236 -0.0114352 -0.0212653 -0.000710441 -0.0179763 0.0338116 -0.0238972 0.0275418 0.0151831 -0.0283945 0.0108383 0.0171644 0.0231482 0.0190501 -0.00389827 -0.0135561 0.00464607 -0.000272718 0.044583 -0.0100124 0.209523 -0.00762238 -0.00444717 -0.00214773 -0.00574633 0.000619629 0.00417316 -0.0104587 -0.00522895 -0.00645002 -0.0366807 -0.00066961 -0.00210384 -0.00108113 -0.000810622 0.00476432 0.0062165 -0.00717334 0.0154288 -0.0304594 -0.00459051 -0.00622233 -0.00177405 -0.00426914 -0.00624564 0.00109667 -0.00742514 -0.00978855 -0.00393098 -0.00312968 0.000244207 -0.00151545 -0.014113 -0.00593777 -0.0297168 0.00511213 0.00318558 -0.00788161 -0.00563508 0.00843033 0.00156376 -0.00107864 0.00947862 -0.00225942 -0.00524474 -0.00114742 -0.00239526 -0.00175113 -0.0286828 0.00669301 -0.00249275 0.00667066 0.00203299 0.00451286 0.0088476 -0.00924605 -0.0141182 -0.00384254 -0.00424686 -0.00902465 0.000610454 -0.000378152 -0.00747596 -0.0148422 -0.00618691 0.0121471 -0.00195833 -0.00204264 0.00417973 -0.0146946 0.00170645 
0.00258174 -0.00288524 0.00105708 -0.00205979 -0.00411496 -0.0047512 0.000883919 -0.0100751 -0.00170274 -0.000279692 0.0013539 -0.00523443 -0.000540488 -0.0103559 -0.01597 -0.00922169 0.00660257 1.99348e-05 -0.00186059 -0.00466978 0.0136563 -0.00545871 -0.0101288 -0.0141123 0.00540599 0.00529936 0.000544954 -0.00712193 -0.00224261 -0.00762238 0.107225 -0.00212982 -0.00349938 0.00486465 -0.000658858 -0.00680508 0.00236154 -0.00222142 4.38025e-05 -0.000420483 7.04597e-05 0.00211438 -0.00495961 -8.38844e-05 -0.000395075 0.00229251 -0.00286459 0.00887331 -0.00587224 -0.00240946 -0.000211102 -0.00213205 0.000862609 0.00383862 0.000686941 0.00218315 0.00262231 0.00274784 0.00843218 -0.00148471 0.000754813 -0.00532352 0.000523892 -0.00162218 -0.000297857 -0.00457779 -0.00346836 -0.000482691 -0.00363713 -0.00164728 0.00210496 -0.00227291 0.000472477 0.00126736 0.000670444 0.00235481 0.000144383 -0.00514757 -0.00151459 0.00191459 -0.00370716 -0.00145668 0.000336998 -0.00298374 0.00237343 0.00245172 -0.00161163 0.00542332 -0.00327046 -0.000779039 0.00291207 -0.00466744 -0.00366172 -0.00113396 -0.001763 0.00398799 0.000653039 -0.00511842 0.00454373 -0.0028139 
-0.0093422 0.00569721 -0.0121027 0.00187727 -0.0132161 -0.0116056 -0.00124083 -0.0178232 0.00464908 0.00797706 -0.00854484 -0.000704642 -0.00410271 0.0449266 0.00210324 -0.019675 0.0114527 -0.026966 -0.00346842 -0.0186378 0.0681529 0.0272175 -0.0251701 -0.0096475 0.0144591 -0.0232068 -0.0107427 -0.0243745 -0.000591138 -0.00444717 -0.00212982 0.221569 -0.0116757 -0.0190144 0.0146696 -0.0219221 -0.0150859 -0.00774623 -0.0149388 0.0206397 -0.004237 -0.0067293 -0.00941864 -0.0025075 -9.14191e-05 -0.00401781 0.00640076 0.000754109 0.00472664 -0.00586837 0.0181075 0.00433323 0.00894144 0.00318172 -0.00417906 -0.0021124 -0.0101705 0.00279212 -0.00150741 -0.00429903 0.00455858 -0.0106301 -0.013446 0.0042411 -0.00228887 0.0212701 0.000892625 -0.00480156 -0.0100322 -0.00105543 -0.00105434 -0.00423705 -0.00202789 -0.00656324 -0.00628599 0.00136472 -0.00232142 -0.00581412 0.00112284 -0.000787333 0.00520556 -0.00252791 0.00342205 0.0215009 -0.00713072 0.00100532 -0.00267343 -0.00251753 0.00194452 -0.0054643 -0.00269559 -0.0152378 -0.00311259 -0.0136712 -0.0202519 -0.0115354 -0.00816412 -0.00658898 0.00499263 2.96165e-05 
0.00165927 0.00405543 0.00232102 0.00293368 -0.00272527 0.00661415 -0.00159796 -0.00382269 -0.0042681 -0.00362964 -0.00347988 0.00127355 -0.0014219 -0.0220017 -0.00788068 -0.000738649 -0.00656499 0.000292139 -0.00996862 -0.00202552 -0.000734107 -0.00983276 -0.00154347 -0.00383278 -0.00451736 -0.0060342 0.00247998 -0.00764322 0.000673899 -0.00214773 -0.00349938 -0.0116757 0.0911213 0.00436974 0.00621539 -0.000951157 0.0125996 0.00131388 0.00337822 0.00797633 0.000543477 -0.00240972 0.00385892 0.000162595 0.000661372 -0.00249677 -0.00358973 -0.00122895 0.006788 -0.00464676 -0.000426512 -0.00202609 -0.00355344 -0.00154304 0.000881959 0.000509441 0.00557408 -0.00100054 -0.00414578 0.000956744 0.000452414 -0.000359157 0.000920465 -0.00109474 -0.00147145 -0.00291928 -0.00129718 -0.00148168 0.00321477 0.000522236 -0.00071647 -0.00244725 -0.000455172 0.00146587 0.00113364 -0.00169943 -0.000625179 -0.00281949 0.000678323 -0.0015634 -0.00531183 0.000830475 -0.000581781 0.0040463 -0.00179942 0.00101747 0.00284828 -0.00332488 0.000505776 0.00285034 -0.000390238 0.00101582 -0.00186225 -0.000745838 -0.00583332 0.00260057 0.00101962 -0.00518948 0.000575051 -0.00131791 
0.00216346 0.000221428 -0.00457499 0.00360271 -0.00490642 -0.00245768 -0.00325715 -0.00683828 -0.00403775 0.00546369 0.000373186 -0.00917183 -0.0154652 -0.0122649 -0.00459973 -0.00263104 -0.00488511 -0.0199976 -0.0110027 -0.00420964 -7.28674e-05 -0.0102268 -0.000914895 -0.022948 -0.0130449 -0.00399516 0.00519885 0.00877325 0.00723285 -0.00574633 0.00486465 -0.0190144 0.00436974 0.141634 -0.00725978 -0.00684429 0.0100898 0.00341765 0.0071282 0.00963036 0.00640652 -0.00182171 0.00635539 0.000155649 -0.00126489 -0.00236669 0.00137429 0.00246096 -0.0100632 -0.00377654 -0.0080343 0.0015521 -0.00605964 -0.00413525 0.00797342 -0.00137414 0.00378516 0.00170224 0.000494502 0.0020649 -0.000707807 0.000429258 0.00193242 -0.000358856 -0.000324569 -0.0110029 -0.0018207 -0.00435154 0.0083717 -0.000533397 -0.00139145 -0.00134888 -0.000112256 -0.00451961 -0.00214159 8.11172e-05 -0.000276468 -0.00833069 0.00242215 -0.00264436 0.00108657 -0.000697018 -0.00225367 -0.00695114 -0.00412826 0.000754514 -0.000447837 0.00400235 -0.00507624 0.000920119 0.00312003 -0.000538214 -0.00427469 0.00187002 0.0181087 0.0144394 0.00184462 -0.00288955 0.00353084 -0.00501766 
