0.0465689 -0.0008713 -0.000102905 0.00179001 0.00119086 0.00224441 0.00353234 0.000557493 -0.00066533 0.000332987 -0.00236449 0.000532236 -0.00422502 -0.000346701 0.000202584 -0.00537666 0.00119095 -0.00882413 -0.0051476 0.000977705 0.00749968 -0.00670518 0.000232984 0.00276182 -0.00124406 -0.00455387 -0.00152956 -0.00185112 -0.000238294 0.00228129 -0.00160834 -0.00396164 -0.00158048 -0.00151028 0.000473093 -0.00247835 -0.000974807 0.00502916 -0.000823118 -0.00324448 0.000545333 -0.000132663 0.000470219 0.000535131 -3.72052e-05 -0.00043355 0.000498951 -0.000864123 -2.8365e-05 0.00321234 -0.000891549 0.00151848 -0.000974166 -0.00426218 0.00207392 -0.00158713 -0.000373498 0.00216173 -0.0012254 -0.00202104 -0.000189314 -0.000453378 -0.000825498 -0.00128621 -0.000300617 0.00015953 -0.00280378 -0.00122658 -0.00186402 0.0015477 -0.000716276 -0.00257864 2.96056e-05 2.88761e-05 0.00254879 -5.65451e-05 -5.02274e-05 -0.00220862 -0.00108685 0.00245891 0.005006 0.000397322 -0.0013456 0.000295102 0.000159925 -0.0038641 -0.00128079 -0.00266204 3.23134e-05 0.00102826 0.000191834 -0.000860131 0.00184584 0.00176358 -0.0047866 -0.00246945 0.000429176 -0.000991501 -0.000229389 0.000857338 
-0.0008713 0.0662902 -0.00163252 -0.00379574 -0.001656 -0.00439414 0.000808353 -0.0025398 -0.00305254 -0.00134112 0.00144825 -3.33593e-05 -0.00700157 -0.00570818 -0.00550259 0.00873117 -0.00399376 -0.000708088 -0.0133337 0.00370517 0.00985953 -0.00886097 -0.00600783 0.00118561 -0.00103944 0.00639908 -0.0113867 0.00237177 -0.000183066 0.00116291 -0.00535271 0.00192954 0.00390278 0.0016126 3.20299e-05 0.00165646 -0.00135503 0.000860989 -0.00284643 -0.0027715 0.000435033 -0.000450521 -0.0018015 -0.00326791 -0.00145012 -0.00138281 -0.00114606 -0.000606299 -0.00405377 -0.00190275 0.000308325 -0.00128669 -0.000913463 -0.000958153 -0.00321152 -0.000820714 -0.000745562 -0.00383806 -0.000406834 -0.000913894 -0.000272041 0.00339682 -0.00135186 -0.000891405 0.000767956 0.000327073 -0.00167446 -0.000986601 -0.00116211 -0.00134893 -0.000446288 0.00719451 -0.000603878 -0.000443563 0.00628737 0.000482142 -3.31856e-05 0.00284599 -0.001281 -0.000990373 -0.0032931 0.0013266 -0.00240424 -0.00100784 -0.000821039 0.00775336 -0.00163859 0.00210738 0.000282334 -0.000892243 0.00109238 -0.000828945 0.000319802 0.00210666 0.00320004 -0.00268271 0.000443768 -0.000350192 -0.00270365 -1.10225e-06 
-0.000102905 -0.00163252 0.102295 -0.00163735 -0.00314631 -0.00349531 0.000633725 -0.00782665 -0.00191265 -0.00488549 -0.00135506 -0.00663411 0.00482631 -0.00959588 -0.00138727 -0.00669634 0.0194301 0.00622639 -0.0082901 -0.00680422 -0.00624663 -0.0131297 -0.00614239 0.00616174 -0.0120845 0.0160279 -0.0125482 0.00830987 0.00205362 -0.00263902 0.0119582 -0.00261365 0.00306349 0.00350364 -0.00837226 0.00111603 -0.000424253 -0.000220533 0.00114403 -0.00735899 -0.000432494 -0.000163791 -0.00521394 -0.00231074 -0.00192596 -0.000596822 -0.00272855 0.00210483 -0.00599953 0.00338971 -0.000100346 -0.000774024 -0.00175607 0.00319913 0.000138994 -0.00370825 0.000905191 -0.00388879 -0.0019116 -0.000913665 0.000477183 -0.00248013 -0.000145591 0.00174939 -0.000395018 -0.000604985 0.00543414 -0.00379428 0.00704654 -0.00203704 -0.000459927 -0.00713959 -0.000470919 0.000852514 -0.000110319 0.0024756 0.00135308 -0.00248667 -0.00513756 -0.000600703 -0.00371821 -0.000455027 -0.0010342 0.000912198 -0.00148547 -0.00860857 0.00651805 -0.00530461 0.000235571 -0.00187801 0.000888767 -0.000521477 -0.00099114 0.000271066 -0.00628991 -0.00530745 -0.00124702 0.00215533 0.000291595 0.00516167 
0.00179001 -0.00379574 -0.00163735 0.104262 0.000155043 -3.80736e-05 -0.00355013 -0.00297029 0.0016832 -0.00145821 -0.00173055 0.00541888 0.00199356 0.00738194 0.00685685 0.0104236 -0.0112502 -0.0137444 -0.014535 0.00838552 -0.00131572 -0.00632303 0.021787 -0.00243814 0.00995876 -0.0113472 0.0022934 -0.00519451 0.00236029 0.00381204 0.00288348 -0.00465199 -0.00777101 -0.0024609 -0.000449337 -0.00327316 -0.00441053 -0.00264803 0.000303631 -0.00281659 0.000387484 -0.000699127 -0.0104537 0.00158436 -0.0047059 0.000626287 0.00144262 -0.000163556 0.0018519 -0.00574389 0.000171468 -0.00353554 -0.00245306 -0.00226709 -0.00162286 -0.0102472 0.00373192 -0.000127711 -0.00111332 -0.000161987 -0.00142843 -0.00255651 0.000789505 -0.00417542 -0.000353871 -0.00124535 -0.00452521 0.00160112 -0.00826488 -0.00311612 0.00422699 -0.00669227 0.00125689 1.67616e-05 -0.00767235 -0.00167668 -0.00177531 0.0148076 -0.000677098 -0.000523492 -0.00491965 -0.00116426 -0.00299533 -0.00170267 -0.00480285 -0.00423131 0.00152517 0.00798961 -0.00123614 -0.00590679 0.0100234 -0.000356732 0.000461706 0.000194697 -0.0100001 -0.00358379 -0.00121117 -0.00211688 -0.00265163 0.000228031 
0.00119086 -0.001656 -0.00314631 0.000155043 0.0596001 0.00322161 0.0040024 0.000793879 -0.00445286 0.00146658 -0.00495472 -0.000799348 0.000524247 -0.00115743 0.00352197 -0.00598953 -0.00212074 -0.00308266 0.00296789 -0.00247876 0.000274934 -0.00473197 -0.00921639 -0.00335625 -0.00302647 -0.00383641 -0.00461498 -0.00213977 8.6122e-05 -0.00129644 0.00348429 -0.00339808 0.000656748 0.00166584 9.05106e-05 0.000928352 -0.000259234 0.000601322 -0.00252261 -0.00234794 -0.00025795 -2.40792e-05 0.00107518 0.000474738 0.00260392 0.000252972 -0.000194898 0.00173766 0.00227079 -0.00190374 -0.00207115 -0.000311761 -0.000465828 -0.00120734 -0.000496508 -0.00277709 -0.000638995 0.0015428 -0.000505244 -0.000670544 -0.00102225 0.00431856 -0.000772057 -0.0013211 0.000319922 0.000847172 -0.00031067 -0.000512215 -0.00346809 0.00192907 -0.00160332 0.000126213 -0.000337113 -0.000608223 0.00103633 0.0011939 0.000534763 -0.00289932 0.00206716 3.33379e-05 0.000142772 0.0018739 0.00188369 0.00308171 -0.00102447 -0.00239854 8.02506e-05 -0.00332865 -0.00125636 -0.00116748 -8.88776e-05 -0.000370287 -0.000378246 0.00155448 -0.0053089 -0.00192445 -0.000575326 -0.00111212 0.000182875 -0.00249877 
0.00224441 -0.00439414 -0.00349531 -3.80736e-05 0.00322161 0.11766 0.00447661 -0.00107699 0.00567803 0.0120246 -0.0113475 0.00310824 0.00530446 -0.00083986 0.00333076 -0.0264211 0.000580181 0.00458634 0.00332763 0.000340556 -0.00206603 0.00282943 0.0123354 0.00855295 -0.0122868 0.00341528 -0.000335481 0.000210302 -0.00107697 -0.0116716 -0.000883234 -0.00589934 -0.00620792 -0.00323546 -0.00393055 -0.0127317 -0.00359512 -0.00517709 -0.00094249 -0.00662688 -0.00117339 -0.00305332 -0.00576024 -0.00368315 0.00191786 -0.00309896 -0.00149718 0.000563077 -0.00537174 -0.00718358 -0.00340895 -0.000197943 0.00338998 -0.00657743 -0.000288486 -0.00411818 -0.0020196 0.013966 -0.00148559 0.00206561 -0.00193847 -0.0027553 0.00547469 0.000118475 -3.93492e-05 0.00110491 -0.00648221 0.00239018 0.00528698 0.00118018 -0.00258176 0.000351976 0.000599296 -0.00214754 -0.0055456 0.00139125 0.000785603 -0.000535713 -0.00470581 -0.0024555 -0.00270467 -0.00193248 0.00189248 0.00294619 0.00142836 -0.0102431 -0.00133913 0.00243655 0.000155157 -0.00758461 -0.0059601 0.00231059 0.000138058 -0.00257649 -0.000700296 -0.00387919 9.63814e-05 0.00104243 -9.58273e-05 -0.006859 
0.00353234 0.000808353 0.000633725 -0.00355013 0.0040024 0.00447661 0.0992832 0.00352258 0.000459591 0.017022 0.00187662 -0.00601765 -0.00876291 0.00035984 0.00830558 -0.00318679 -0.00294576 -0.00802362 -0.00409378 0.00445955 0.00760394 -0.00953842 -0.00601759 -0.00941525 -0.016679 -0.0128365 -0.021465 -0.000209339 -0.00391032 -0.00501314 0.00261697 -0.00177178 0.00261813 0.00177979 -0.00321234 -0.0086651 -0.000703603 -0.00722219 -0.00224703 -0.00456649 0.00165619 0.000658612 0.000397182 0.00333775 -0.000204525 -0.00190072 0.000636216 0.00132885 -0.00517525 -0.00370216 -0.00148341 -0.00248948 -0.00480278 -0.000672036 -0.000108922 -0.0020253 0.0150162 0.000510246 -0.000321955 -0.00258229 -0.000937796 -0.000380512 -0.000950978 -0.000858103 0.00036527 -0.00170942 0.00533296 -0.0020978 0.0019344 -0.00021138 -0.00587009 0.00622065 -0.0013648 -0.000448087 0.00404498 0.000839983 0.00177666 -0.00358583 -0.00295194 -0.00250571 0.00384991 -0.00409033 -0.00133058 0.00260577 0.00150465 0.00189817 -0.000997608 -0.00133742 -0.000884531 -0.00386413 0.00132961 -0.000346638 -0.00214717 -0.000142878 -0.0041687 0.000464363 -0.00118765 9.95845e-05 -1.76335e-05 0.000740827 
0.000557493 -0.0025398 -0.00782665 -0.00297029 0.000793879 -0.00107699 0.00352258 0.140304 -0.00791107 0.0128597 0.012864 -0.000620225 -0.00829792 -0.00637216 0.0100243 -0.00554218 -0.0136453 -0.014276 -0.000601008 -0.0135348 -0.00322118 0.011418 0.00242253 -0.00199559 -0.00344413 -0.00994902 0.00219077 -0.0092224 -0.00161138 -0.0135041 0.00113992 -0.00455543 -0.00140334 0.000546572 0.000229778 -0.00946931 0.00186804 -0.0181177 -0.00228958 0.00447378 0.000692721 0.00080369 -0.00616542 0.00486057 0.00145103 -0.00223746 0.0019466 -0.00317987 0.00241224 -0.00483778 -0.00247482 -0.00102423 -0.00418871 0.001686 -0.00645139 -0.00362256 0.00364253 -0.00556054 0.00381945 0.00292375 -0.00122109 0.000985291 0.000795064 -0.000824744 -0.000142715 -0.000884847 0.003027 -0.00259264 -0.0076332 -0.000647542 -0.00221453 0.00460656 0.000197479 1.0375e-05 0.0011998 -0.00409659 0.000377864 0.00279545 0.00929209 4.45472e-05 0.00911103 -0.00306234 -0.00421956 -0.000112575 -0.00701863 -0.0013961 -0.00536774 0.00155903 -0.00328144 -4.47432e-05 -0.00410296 -0.00153186 -0.00540445 -0.00498145 0.00626394 0.000387652 -0.000838599 -0.00170851 -0.00275582 -0.000281731 
-0.00066533 -0.00305254 -0.00191265 0.0016832 -0.00445286 0.00567803 0.000459591 -0.00791107 0.135322 0.00882472 0.000525703 -0.00702468 -0.0126416 0.0039074 -0.0111727 -0.00959882 -0.0047335 -0.0139064 -0.0152374 -0.016647 -0.00255502 0.0309023 0.00205651 -0.00422103 0.0142281 0.00781996 0.00243265 -0.00781331 -0.00562932 -0.00336099 -0.00391754 -0.00300321 -0.00583867 -0.00318593 0.00430163 -0.00461611 -0.00888852 -0.0157374 1.51435e-06 -0.0109771 -0.00171137 0.00659274 -0.00826411 -0.00566149 -0.00134078 -0.00196498 -0.00536269 -0.00135795 -0.0103795 -0.00889268 -5.25559e-06 -0.00517067 -0.00239302 -0.00914117 0.00616702 0.00313946 -0.00938982 0.00534151 -0.00100783 0.00423623 -0.0011314 0.00334213 -0.00258473 -1.63303e-05 -0.000562942 0.00407668 0.0165017 0.00215229 -0.00803477 -0.000982142 0.00141069 -0.00764094 0.00197314 -0.00243773 -0.0114913 0.000876809 2.16784e-05 -0.00432703 0.00130944 0.00522352 -0.00122781 -0.000546529 0.00301281 -0.00275621 -0.00650514 -0.00558634 -0.00431566 0.00610746 0.00553986 0.00127004 0.00817851 -0.00134827 -0.00253807 0.00143766 0.028043 -0.00623778 0.000958912 -0.00196529 -0.00106987 -0.00100579 
0.000332987 -0.00134112 -0.00488549 -0.00145821 0.00146658 0.0120246 0.017022 0.0128597 0.00882472 0.198901 0.0275772 0.0089677 0.0357329 -0.00218819 0.0229284 -0.0138537 -0.0101575 -0.00867486 -0.0316905 -0.0183558 -0.00332508 0.00193166 -0.00714299 -0.0279211 -0.0016484 -0.0147581 -0.0127663 -0.01439 -0.00933646 -0.0268438 -0.00775912 0.0107847 -0.0120944 -0.00235703 -0.000534043 -0.0243051 -0.0160914 -0.0196943 -0.00330428 -0.0115812 -0.00476075 -0.00289968 -0.00950317 0.0270665 -0.00622424 -0.00843207 -0.00537635 -0.00105385 -0.00604801 -0.0148024 -0.00658049 -0.0115866 -0.00421484 0.00137639 0.000147254 0.00743228 0.031111 0.00989423 -0.00117074 -0.00442088 0.000638283 -0.00443765 -0.00417944 -0.00690262 -0.00132358 -0.00268454 0.0257446 -0.00356953 -0.000758437 0.000217325 -0.00307733 0.0279084 0.00161306 -0.00263268 -0.00841906 -0.00124613 -0.00112757 -0.00236618 -0.00546539 0.00400444 0.000639577 -0.0143417 -0.0112372 -0.00306527 -0.00754063 0.000767148 -0.00858443 -0.00619505 0.00476278 0.00843707 0.00709078 -0.00357269 -0.00684761 0.0046452 0.0145865 -0.0125975 -0.00163182 -0.00392641 -0.0093735 -0.00480093 
-0.00236449 0.00144825 -0.00135506 -0.00173055 -0.00495472 -0.0113475 0.00187662 0.012864 0.000525703 0.0275772 0.185113 0.0042786 0.0258937 -0.00347973 -0.0158114 -0.00549967 -0.00303057 0.00131077 -0.0494049 -0.0305362 0.00589126 0.00389251 0.00444253 -0.0282542 -0.0147706 -0.0184815 -0.0322898 0.0103472 -0.00258447 -0.00715805 -0.0133086 0.0279472 -0.0022937 0.0182368 0.0157589 -0.00172539 -0.00609591 -0.00951368 -0.0025335 -0.00322652 -0.000598597 -0.000634551 -0.0128517 0.0218857 -0.00317566 -0.00342854 6.1774e-05 -0.000878445 -0.016261 -0.013971 -0.00512654 -0.00746034 -0.00307078 -0.00502948 0.00212605 0.00603238 0.00280171 -0.00615342 -0.00490455 -0.0015913 0.0012213 0.00406543 -0.00275809 -0.00264291 -0.00234148 -0.00468655 0.00925424 -0.00647465 -0.0111014 0.0045731 0.000879939 -0.00207327 -0.000428428 0.000480311 0.000101071 -0.00495466 -0.000132397 0.00616904 0.00665163 -0.000272332 -0.00664994 -0.00829301 -0.00488657 0.000618908 -0.0157576 0.00607075 -0.00737608 0.00135381 0.00149222 0.00264259 0.00933916 -0.00281977 -0.00391765 0.00474578 0.0131962 0.00959397 -0.00241241 -0.00736154 -0.00821851 -0.000314978 
0.000532236 -3.33593e-05 -0.00663411 0.00541888 -0.000799348 0.00310824 -0.00601765 -0.000620225 -0.00702468 0.0089677 0.0042786 0.112989 0.0110054 -0.00765838 0.00152744 -0.0052901 -0.00434803 0.00215299 -0.0111172 0.0078442 -0.0047648 -0.0127563 0.00125378 -0.00554007 0.00317326 -0.00175051 -0.0139833 0.00390983 -0.00159915 -0.00639603 -0.000477526 -0.003088 -0.00390727 -0.00673621 -0.00650213 0.000286496 -0.00064858 -0.00405381 -0.00332111 0.00634141 -0.00204178 -0.00166082 0.00459463 -0.00506485 -0.000598113 0.00900884 0.000894648 0.000419846 -0.00118726 -0.00141261 -0.00172001 0.00876587 -0.001307 -0.00568942 -0.0118791 0.00671664 -0.00283143 0.00464943 -0.00137362 -0.00483483 0.00288446 -0.00325989 -0.00192139 -0.000423456 0.000421935 0.00161165 -0.00301814 -0.000488787 0.000462794 -0.00465276 -0.00172204 0.00477535 -0.00127449 -0.000269572 -0.00199549 -0.00215737 -0.00124917 -0.00321338 -0.000959811 0.0009395 -0.00494802 -0.00437571 -0.00314405 -0.00152061 -0.00111189 0.00140263 -0.00110997 -0.001877 0.000454462 0.00431866 9.13393e-06 -0.00213875 0.00224563 0.00210747 -0.00211287 -0.00283052 -0.00137459 -0.000908057 -0.00528806 -0.00345864 
-0.00422502 -0.00700157 0.00482631 0.00199356 0.000524247 0.00530446 -0.00876291 -0.00829792 -0.0126416 0.0357329 0.0258937 0.0110054 0.219515 0.00616286 0.0365372 0.0126492 0.00904814 0.00338655 -0.0206609 0.00275186 -0.029914 0.00324826 -0.0190546 -0.0287999 -0.0316968 -0.0122782 -0.0255181 -0.0232501 -0.00615335 -0.019929 0.0024408 0.0195666 -0.00652381 -0.00219514 -0.00358836 -0.0126826 -0.00241877 -0.00573251 -0.0079806 -0.00254191 -0.0026954 -0.00961466 -0.0179046 0.00178758 -0.00404194 -0.00425421 0.00646448 0.00680411 -0.00335734 0.000291752 -0.00418351 -0.0111276 -0.00141146 0.00299122 -0.0121952 -0.00744754 0.0251084 0.00486696 0.00190786 -0.00346359 -0.00447836 -0.00341984 -0.00587226 -0.00494183 1.09742e-05 -0.00143995 0.00319289 -0.00291596 -0.00936477 0.00218872 0.00288171 0.0233301 -0.00045286 0.00104152 -0.00855928 0.00328156 -0.00199504 0.000353068 -0.000165058 -0.00511849 -0.00437877 -0.00826259 -0.00721419 0.000295892 -0.00318801 0.000207902 -0.0108957 -0.00624671 0.000437827 -0.00135326 -0.00859506 -0.00381591 -0.00220889 -0.0047431 0.00317993 0.00480526 -0.00373998 -0.000642322 -0.00730441 0.00884041 
-0.000346701 -0.00570818 -0.00959588 0.00738194 -0.00115743 -0.00083986 0.00035984 -0.00637216 0.0039074 -0.00218819 -0.00347973 -0.00765838 0.00616286 0.190357 0.00434532 -0.00250033 -0.0129562 -0.00529599 -0.0352366 0.000808212 0.00772096 0.0129258 0.0132653 -0.0118768 0.0126349 -0.0110124 -0.0223911 -0.00965886 0.0035753 0.0050995 -0.00928431 0.00853103 -0.0162484 0.0102479 0.000247277 0.00332084 -0.00390341 -0.00678949 -0.00124893 -0.0137842 -0.00306821 -0.0033913 -0.011146 -0.00906783 -0.00596619 0.00115953 0.00303313 0.00155574 -0.00902203 -0.0112075 -0.00334479 -0.00226228 0.00232411 -0.00500239 0.0119294 -0.00122215 0.0193249 0.00859155 -0.00373655 -0.00204155 -0.00262585 0.00614286 -0.00451142 -0.00952417 0.000373041 -0.000434508 0.00729292 -0.00300844 -0.0190264 -0.00109103 0.00180556 -0.0114357 -0.0019837 -0.0021358 0.0021694 0.00243303 -0.00070668 0.0093982 0.000521879 -0.000833929 -0.00434387 0.00572069 -0.00721379 -0.00195993 -0.010943 -0.015209 -0.0052651 0.00689484 -0.00051714 -0.00684937 0.00558124 -0.00496769 0.00504476 0.00114168 -0.00330978 -0.00132732 0.00214369 -0.00422414 -0.00435363 0.00234075 
0.000202584 -0.00550259 -0.00138727 0.00685685 0.00352197 0.00333076 0.00830558 0.0100243 -0.0111727 0.0229284 -0.0158114 0.00152744 0.0365372 0.00434532 0.234677 0.0263757 0.00585634 -0.0191608 0.0108018 -0.00422576 -0.0209079 -0.0334519 0.0121916 -0.0293195 0.0229825 -0.0119044 -0.00350649 -0.015239 -0.00571748 -0.0170791 0.0050483 -0.000141866 -0.0191396 -0.00180482 -0.0143516 -0.0346752 -0.0033461 -0.00385759 -0.00283376 -0.0189813 -0.00619243 -0.000949961 -0.00263249 -0.00491802 -0.00783921 -0.00411123 -0.00425965 -0.00370731 0.00142356 -0.0185175 -0.00217946 -0.0135548 0.00460117 0.00144868 -0.0148009 -0.00397188 0.0372722 -0.0115415 0.00347572 -0.00325045 -0.00553918 -0.00615285 -0.00503605 -0.0012684 -0.00176705 -0.00173446 -0.0026238 0.00238837 0.00981247 -0.0166548 -0.0112155 0.0278357 -3.57652e-05 -0.00259918 0.00330231 0.000468459 0.0013534 0.00751409 -0.00867964 -0.00566061 0.0023672 -0.00888921 -0.0110535 -0.00183349 0.00890365 -0.00418016 0.000135301 0.00144663 0.000169843 0.00321272 -0.00717399 -0.00193264 -0.00227364 -0.00347368 0.000733248 -0.0157748 -0.00297866 0.00161083 -0.0135794 0.00306605 
-0.00537666 0.00873117 -0.00669634 0.0104236 -0.00598953 -0.0264211 -0.00318679 -0.00554218 -0.00959882 -0.0138537 -0.00549967 -0.0052901 0.0126492 -0.00250033 0.0263757 0.249541 -0.0373686 -0.0105192 -0.0219394 0.0526352 -0.0257687 -0.0410475 -0.0160722 -0.000202813 0.00597033 -0.00437567 -0.0192899 0.0114123 0.0103769 -0.00147736 0.00143496 -0.0108124 -0.0066283 -0.00199191 -0.010851 -0.00286818 -0.00708528 -0.00343792 -0.00306652 0.00373883 -0.00185185 0.00198147 0.00242941 -0.000635275 -0.00712424 0.00138153 -0.00679167 0.000428339 -0.00103952 0.0171611 0.00928691 -0.00974274 -0.00664758 -0.00663942 -0.0131909 -0.0028096 0.0131343 -0.00641217 0.00123872 -0.000591516 -0.00388945 -0.00862053 -0.000492667 -0.0066629 0.000880651 -0.00450251 -0.00628919 -0.000546872 -0.00299045 -0.0146068 -0.00365992 0.0245077 -0.0001381 0.00210223 -0.00543798 -0.000375207 -0.00454787 0.0125188 0.0058262 -0.00286943 -0.00825805 -0.0026108 -0.00723747 -0.00168851 0.0136262 0.0249277 -0.00650159 0.00295555 -0.00279768 -0.00594191 -0.00573619 -0.00405492 0.00182415 -0.0146125 0.00761448 -0.00698362 -0.00199943 -0.00834463 -0.0127995 -0.00368371 
0.00119095 -0.00399376 0.0194301 -0.0112502 -0.00212074 0.000580181 -0.00294576 -0.0136453 -0.0047335 -0.0101575 -0.00303057 -0.00434803 0.00904814 -0.0129562 0.00585634 -0.0373686 0.198245 -0.0110931 0.0127193 -0.0266137 0.0131954 0.010659 -0.00257791 0.00639143 -0.0306415 0.00384806 0.00423486 -0.0248315 0.000354546 0.0154887 0.0028616 -0.00181985 0.0123734 -0.00736872 0.00530331 -0.0106084 -0.00734279 -0.0107515 -0.00393186 -0.0162317 -0.000779468 -0.00502091 -0.00525698 -0.0100371 0.00129327 -0.0022847 0.00468477 -0.00254111 -0.00379598 -0.00830058 -0.00426506 -0.00658741 -0.00409424 0.000191529 -0.000443689 -0.00634227 0.0110898 -0.00645658 0.00262134 -0.00719622 -0.00329824 0.00204453 -0.00160173 0.00589004 -0.00178032 -0.00404217 -0.00308549 0.00245504 -0.0119255 0.00391891 0.000831778 -0.0063229 0.000761939 -0.00108649 0.0218511 0.00259388 2.35645e-05 0.0044506 -0.0142835 -0.00249029 -0.00593075 -0.00119297 0.00426312 0.00128801 0.0161964 -0.0131413 0.00327106 0.00937084 0.002539 0.00152689 -0.000998311 0.000915756 -0.00308196 0.00304054 -0.0235775 -0.00827715 -0.00138463 0.00577794 0.000828976 0.00576489 
-0.00882413 -0.000708088 0.00622639 -0.0137444 -0.00308266 0.00458634 -0.00802362 -0.014276 -0.0139064 -0.00867486 0.00131077 0.00215299 0.00338655 -0.00529599 -0.0191608 -0.0105192 -0.0110931 0.249999 -0.000490961 0.0089081 -0.0116341 -0.00628389 -0.0191303 -0.00533856 0.000100766 0.00305796 -0.002949 0.0261199 0.00295567 -0.023837 0.000126306 0.0154746 -0.00517652 -0.00329393 0.010765 -0.00148521 0.0179303 0.00885156 -0.00313998 0.0121659 0.00135355 0.00771744 -0.00542845 -0.00826165 -0.010316 -0.0015328 -0.000225742 -0.00310168 -0.00192349 0.00704512 -0.00417945 -0.000397505 0.00591894 0.00153934 0.00860807 0.00566278 0.000458095 0.00353689 -0.0119042 0.00138663 0.000352923 -0.00734263 0.00208792 -0.00308179 -0.00275858 -0.00210553 0.00191257 -0.00877882 0.0308183 0.000796061 -0.0045165 -0.0141143 -0.00449384 0.000110227 -0.00845906 0.0021922 -0.000948416 -0.0132566 -0.00828822 -0.013726 -0.0171804 0.00201678 0.000930243 0.00121828 -0.0078148 -0.012845 0.00744268 -0.0160157 -0.00370124 -0.00605014 -0.0195027 0.000274604 -0.0087709 -0.00726868 -0.011546 0.00666217 0.00128642 -0.00743035 -0.0041299 -0.013981 
-0.0051476 -0.0133337 -0.0082901 -0.014535 0.00296789 0.00332763 -0.00409378 -0.000601008 -0.0152374 -0.0316905 -0.0494049 -0.0111172 -0.0206609 -0.0352366 0.0108018 -0.0219394 0.0127193 -0.000490961 0.249892 -0.0167799 -0.0308716 0.00103599 -0.0313884 0.000284173 -0.0128433 0.00166009 0.0389502 -0.00956108 -0.00969029 -0.00768065 0.01303 -0.0258802 0.00633889 -0.0125681 -0.00781145 -0.00682625 0.00445744 0.00867949 -0.00156177 0.0146003 0.00241224 0.00335265 0.0243992 -0.00218804 0.00901525 0.00378027 -0.00940905 0.00247402 0.00627674 0.0133903 -0.00548318 0.00551961 0.00194634 0.0147576 0.00131845 0.00582123 -0.000757477 -0.00875099 -0.00415568 0.000485326 0.00028939 -0.0036283 0.00402429 0.00554375 -0.00235638 0.0022734 -0.0105793 0.0051889 0.00990533 0.00372733 -0.00514238 -0.0076919 -0.00381768 -0.000446216 0.00867267 -0.00121434 0.00114957 -0.0200925 -0.0120307 -0.000601139 -0.00196603 0.00911968 0.0114524 -0.00146353 0.0122873 0.00743166 0.00867355 -0.0100165 -0.0018704 -3.78342e-06 -0.00770708 0.00429788 -0.000528096 -0.00823371 -0.0355455 0.00871765 -0.00161862 0.00949743 0.00432854 -0.00773438 
0.000977705 0.00370517 -0.00680422 0.00838552 -0.00247876 0.000340556 0.00445955 -0.0135348 -0.016647 -0.0183558 -0.0305362 0.0078442 0.00275186 0.000808212 -0.00422576 0.0526352 -0.0266137 0.0089081 -0.0167799 0.249997 -0.0119152 -0.0600975 0.0100724 -0.0208404 -0.00751607 -0.0172554 -0.0244997 0.00228104 -0.00210966 -0.0246954 -0.0151701 -0.0178977 -0.00351881 -0.0259835 -0.0338137 0.0144568 -0.00541144 0.00154527 -0.00501222 0.02373 0.00178405 -0.000922379 -0.00811108 0.00133895 -0.00108702 0.0124178 0.00202999 -0.00310174 0.0181445 0.0143375 -0.00286265 0.00382634 0.00073771 -0.00556195 -0.00162763 -0.00951944 0.0193212 0.00786648 -0.00117972 -0.00616334 0.00545407 -0.00296574 0.000167436 -0.00598434 0.00164128 -0.00447542 -0.00486404 -0.0106223 0.0143769 -0.0106616 -0.00347907 0.0249945 -0.00228091 -0.0012748 0.00110475 -0.00247102 -0.00586821 0.0204696 0.00180959 -0.0117861 -0.00632731 -0.0047993 -0.0055686 -0.00417263 -0.00502278 0.0392256 -0.00161505 0.00255704 -0.00398862 -0.0158841 0.00163245 0.00422446 0.00123804 4.95119e-06 -0.00124169 -0.00747964 -0.00123464 -0.0107871 -0.00884252 0.0019443 
0.00749968 0.00985953 -0.00624663 -0.00131572 0.000274934 -0.00206603 0.00760394 -0.00322118 -0.00255502 -0.00332508 0.00589126 -0.0047648 -0.029914 0.00772096 -0.0209079 -0.0257687 0.0131954 -0.0116341 -0.0308716 -0.0119152 0.186759 0.00888944 0.0065691 0.00865936 -0.0132269 -0.000297638 0.0146679 0.00534903 -0.00916304 0.0182927 -0.00651222 0.00481269 0.0173012 0.00602304 -0.00201391 0.00082586 0.000530919 -0.00373619 -0.0012861 -0.0168576 0.000862826 0.000174629 -0.00847862 -0.00782482 -0.00220877 -0.00277199 0.004817 -0.00333771 -0.00639442 -0.0150093 -0.00654787 0.000932707 -0.00168752 -0.013465 -0.0120577 0.00101055 -0.0149761 0.00236876 0.00312213 0.00132942 0.000708451 0.0101146 -0.000430856 -0.000448723 -0.00185103 0.00149819 -0.0057836 -0.000548596 -0.0125877 0.0055449 0.000281376 -0.0193808 -0.00192625 -0.00085303 0.0129854 0.000283614 -0.000449016 -0.0100143 -0.00438164 -0.000381476 -0.00397573 0.00742006 -0.00345709 -0.00171711 -0.0116345 -0.00828305 0.000803641 -0.00448126 -0.00415836 -0.00321847 0.00867375 -0.00232774 -0.00191967 0.00170709 -0.00295607 0.00184392 0.00202238 0.000273598 0.00348917 0.00653155 
-0.00670518 -0.00886097 -0.0131297 -0.00632303 -0.00473197 0.00282943 -0.00953842 0.011418 0.0309023 0.00193166 0.00389251 -0.0127563 0.00324826 0.0129258 -0.0334519 -0.0410475 0.010659 -0.00628389 0.00103599 -0.0600975 0.00888944 0.222679 0.00704696 0.00237126 0.00102723 -0.00840505 0.0163906 -0.0248562 -0.0152914 0.0156616 -0.011043 0.00902236 0.0112927 0.00116753 0.026708 -0.00691705 -0.0103074 -0.0180445 -0.0100686 -0.0057609 0.000512901 -0.00331232 -0.00458011 -0.0142426 -6.80224e-05 -0.00434299 -0.00294053 -0.00357948 -0.012928 -0.0182154 0.0021782 -0.00474488 0.00206461 -0.00870123 0.00228342 0.0100693 -0.0222184 0.0128821 0.00328421 0.00424433 -0.00316364 0.00194303 -0.00663953 0.00428162 -0.000786415 0.000643553 -0.00227975 0.00234885 -0.0172434 0.00674927 -0.00114364 -0.0210484 0.00439192 -0.00197455 -0.00589716 -0.00807283 -0.0015225 -0.0214697 0.00849968 0.00488926 0.00344613 -0.00894292 0.0112271 -0.0024795 -0.0187875 -0.0122666 -7.46392e-05 0.0114127 0.00204957 0.00434102 -0.00108574 -6.23661e-05 -0.00245032 0.00165509 0.0207349 0.0190593 0.000211418 0.00315694 -0.00116797 0.00239354 
0.000232984 -0.00600783 -0.00614239 0.021787 -0.00921639 0.0123354 -0.00601759 0.00242253 0.00205651 -0.00714299 0.00444253 0.00125378 -0.0190546 0.0132653 0.0121916 -0.0160722 -0.00257791 -0.0191303 -0.0313884 0.0100724 0.0065691 0.00704696 0.217752 -0.0100868 -0.000430291 -0.0150345 0.00711225 -0.0157585 -0.00505588 0.00988871 -0.0224599 0.00501102 -0.0105638 -0.012399 -0.00218603 -0.0159426 -0.00495232 -0.0118558 0.00918997 0.00344369 -0.000700695 -0.00516692 -0.00656897 -0.00332475 -0.00341974 -0.0057337 0.00832473 -0.00388546 -0.00524158 -0.0185948 -0.00486815 -0.00935771 0.000577149 -0.0012045 -0.00867008 -0.00452313 0.00285799 -0.000537613 0.000717218 -0.00205348 -0.00222878 -0.0125174 -0.00111688 0.0021858 0.000752035 0.00124575 -0.0116626 -0.00258739 -0.0108214 -0.0111941 -0.0023792 0.00316819 0.000527803 -0.000410188 0.0105287 0.000501275 -0.00126796 0.0234362 -0.00627844 -0.00102078 -0.0123333 -0.00616122 0.000745799 -0.00153907 -0.00646502 0.00704425 0.00343696 0.0120665 -3.01703e-05 -0.0091074 -0.000801804 0.000717764 0.000938247 0.00329094 0.0113313 -0.00483561 -4.74791e-05 0.000331648 -0.00471901 0.00205222 
0.00276182 0.00118561 0.00616174 -0.00243814 -0.00335625 0.00855295 -0.00941525 -0.00199559 -0.00422103 -0.0279211 -0.0282542 -0.00554007 -0.0287999 -0.0118768 -0.0293195 -0.000202813 0.00639143 -0.00533856 0.000284173 -0.0208404 0.00865936 0.00237126 -0.0100868 0.204886 0.0219716 0.0251092 0.0344867 -0.00604734 0.00248984 0.0316106 -0.00302162 -0.0144722 -0.00732599 0.00811229 0.00579954 0.00495735 0.00375829 0.000226166 0.00511981 0.000568585 0.000925288 -0.00206857 0.00751797 -0.0116792 0.00304193 -0.00844576 -0.000331416 0.00058167 -0.00425353 0.0223066 0.00842392 0.00434824 -0.0043565 -0.0160804 -0.0120804 -0.0120386 -0.0293186 -0.00668893 -0.00890959 -0.00155458 -0.000864186 -0.00273047 0.00681638 0.00714833 -0.000471989 -0.00329959 -0.00656359 0.00677496 0.00133448 -0.00519255 -0.00188079 -0.0238876 0.000122216 1.7452e-05 -0.0216763 -0.00235252 0.000756576 -0.00655389 -0.00476567 -0.00437134 0.00777837 0.00289039 0.00181994 0.000524427 0.022472 -0.0232614 0.00460379 -0.00344359 -0.00917307 0.00194319 -0.0101024 -0.000852609 0.00338095 -0.0102817 -0.0201379 -0.00987144 0.00314326 0.0040968 0.00459746 -0.0028164 
-0.00124406 -0.00103944 -0.0120845 0.00995876 -0.00302647 -0.0122868 -0.016679 -0.00344413 0.0142281 -0.0016484 -0.0147706 0.00317326 -0.0316968 0.0126349 0.0229825 0.00597033 -0.0306415 0.000100766 -0.0128433 -0.00751607 -0.0132269 0.00102723 -0.000430291 0.0219716 0.2389 -0.00317613 0.0428238 0.00511515 0.000724744 0.0162747 -0.00465995 -0.00507303 -0.0248123 0.00379243 0.010669 0.000888128 -0.0120021 -0.00540094 -0.00303739 -0.015365 0.000173472 0.00504577 -0.00589404 -0.0157501 -0.00370055 -0.00521161 -0.000567302 -0.00477646 0.0117791 -0.00604865 0.00253799 -0.00970284 0.000674804 -0.00489824 0.0195553 -0.00178033 -0.0256047 -0.00289305 -0.0102178 -0.00644198 0.00134148 -0.00104878 -0.00193992 -0.00467208 -0.00196879 0.00104638 -0.00985723 0.0014895 -0.00847362 -0.00756729 -0.00517466 -0.0134506 0.00233006 -0.00246982 -0.017529 -0.00599753 -0.00268086 0.00119186 -0.00153113 0.00282607 0.00453199 0.00533568 -0.00678503 -0.00123859 -0.01146 -0.0213458 0.00133505 0.00373235 -0.00589406 0.0194652 0.00426771 0.00212778 -0.00322335 -0.00294454 0.0155281 -0.0232867 -0.000819785 -0.00753135 -0.00766957 -0.00139856 
-0.00455387 0.00639908 0.0160279 -0.0113472 -0.00383641 0.00341528 -0.0128365 -0.00994902 0.00781996 -0.0147581 -0.0184815 -0.00175051 -0.0122782 -0.0110124 -0.0119044 -0.00437567 0.00384806 0.00305796 0.00166009 -0.0172554 -0.000297638 -0.00840505 -0.0150345 0.0251092 -0.00317613 0.176062 -0.00457487 0.000400894 0.00846716 -0.00573016 0.00658458 -0.000987361 -0.00839959 -0.001173 -0.00891194 0.0120353 -0.0020843 0.00224507 0.00819891 -0.0116428 -0.0014832 0.00582248 1.97942e-05 -0.0110714 0.00212847 -0.0026406 -0.00634941 -0.00381523 -0.00657079 -0.00591103 0.00485045 0.00788227 -0.00339325 0.0032843 -0.000421027 -0.0024564 -0.0141194 0.00296966 0.00513422 0.00642763 0.000626281 -0.000639663 0.00395126 0.00195757 -0.000642178 0.00270409 0.00419937 0.00181712 -0.0165132 -0.0070648 0.0024386 -0.0147779 -0.00151168 0.000996149 -0.00629415 0.0012659 0.000386211 0.000467908 -0.00145992 0.00378956 -0.00365714 0.00465933 0.00138533 0.00252036 0.00957801 -0.0107537 -0.00469646 0.00442211 -0.00413363 -0.00457208 -0.00646775 0.00183092 6.00444e-05 0.000900858 -0.0107843 -0.00683252 0.00258138 -0.0026227 -0.00244953 -0.003528 
-0.00152956 -0.0113867 -0.0125482 0.0022934 -0.00461498 -0.000335481 -0.021465 0.00219077 0.00243265 -0.0127663 -0.0322898 -0.0139833 -0.0255181 -0.0223911 -0.00350649 -0.0192899 0.00423486 -0.002949 0.0389502 -0.0244997 0.0146679 0.0163906 0.00711225 0.0344867 0.0428238 -0.00457487 0.25 -0.00262333 -0.00293908 0.00924598 -0.00490416 -0.0267266 -0.00251748 -0.0085056 0.0191809 0.00295772 -0.00844632 0.000577948 0.00427373 0.00390042 0.00267821 -0.00621946 0.0115328 -0.00255214 -0.0034416 -0.0103372 0.00248061 -0.00213848 0.0170582 0.012252 0.000816632 -0.0134998 -0.000352092 0.00401139 -0.00792049 -0.00573703 -0.0320744 -0.001351 -0.00463401 0.00595177 -0.004617 -0.00852998 0.00518833 0.00655251 -0.00290317 0.00322946 -0.0163784 0.00504014 -0.00263103 -0.00177 0.00177339 -0.0235444 0.000407861 -0.0016005 -0.0192721 -0.00553508 -0.00461041 -0.0196959 0.00276817 -0.00724273 0.0153464 0.00154163 0.010068 -0.00419682 -0.00367853 -0.0162328 -0.00438799 -0.0126368 -0.012955 0.0080546 -0.00971524 0.00257261 -0.00721092 -0.0179508 0.00254954 -0.0128426 0.00325182 0.0060416 0.00651327 -0.0126937 
-0.00185112 0.00237177 0.00830987 -0.00519451 -0.00213977 0.000210302 -0.000209339 -0.0092224 -0.00781331 -0.01439 0.0103472 0.00390983 -0.0232501 -0.00965886 -0.015239 0.0114123 -0.0248315 0.0261199 -0.00956108 0.00228104 0.00534903 -0.0248562 -0.0157585 -0.00604734 0.00511515 0.000400894 -0.00262333 0.179745 -0.00402799 -0.0118913 0.00996516 -0.000810335 0.00178417 -0.000877391 -0.00479392 0.00547418 0.0115262 0.0121457 0.000383261 0.0127373 0.00132847 0.00438199 0.000817585 -0.00667519 -0.00287248 0.00863893 -0.00437727 -0.00433 -0.000818207 0.00286754 0.000355464 0.00989076 -0.00155944 -0.0084965 -0.00633278 0.0019803 -0.0136014 -0.00581746 -0.00513194 -0.00205272 0.00038783 -0.00538228 0.0056691 -0.000364887 -0.000882557 0.00204743 -0.00320385 -0.00350464 0.014538 -0.00449025 -0.000633541 -0.0063558 -0.00103044 -0.00024978 -0.0177695 -0.00344404 -0.00118979 -0.0074793 0.00239724 -0.00115488 -0.00554952 0.00188454 0.00763056 -0.00186049 -0.0112792 -0.00635534 -0.00349529 -0.00934021 -0.00428712 -0.000945408 -0.000652634 -0.000938345 -0.0026883 -0.00801893 0.000863924 0.00497454 0.000262297 -0.00060239 -0.00600457 -0.00423922 
-0.000238294 -0.000183066 0.00205362 0.00236029 8.6122e-05 -0.00107697 -0.00391032 -0.00161138 -0.00562932 -0.00933646 -0.00258447 -0.00159915 -0.00615335 0.0035753 -0.00571748 0.0103769 0.000354546 0.00295567 -0.00969029 -0.00210966 -0.00916304 -0.0152914 -0.00505588 0.00248984 0.000724744 0.00846716 -0.00293908 -0.00402799 0.101078 -0.0025635 0.0124287 -0.00308783 -0.00522842 5.45172e-05 -0.00910914 0.00306131 -0.000836358 -0.00747429 0.000596532 -0.0086036 0.000659546 0.00303585 -0.00636771 -0.00597418 0.0011798 0.00200003 -0.000570344 0.00140636 -0.00196844 0.00400623 -0.00216964 0.00218822 -0.000841693 0.00465167 0.0046643 -0.00421621 0.00595366 -0.0012914 0.000547628 0.00173346 -0.00143729 -0.00447685 -0.00158859 -0.00307948 -0.00051307 0.00019102 0.00190838 -0.00144642 -0.00493169 -0.00147865 0.00124078 -0.00548611 0.000376431 0.00406509 -0.00641082 0.00400519 6.56899e-05 0.0042893 -0.000299633 -0.00159841 -0.000998973 0.00526025 -0.0012814 0.00432839 0.0109679 -0.00958823 -0.000690634 0.00136419 -0.00128689 -0.00131843 -0.00274723 -0.000318801 -0.00126031 -0.00458083 -0.010621 -0.00526378 0.00255895 -0.00283298 0.00223333 -0.00338846 
0.00228129 0.00116291 -0.00263902 0.00381204 -0.00129644 -0.0116716 -0.00501314 -0.0135041 -0.00336099 -0.0268438 -0.00715805 -0.00639603 -0.019929 0.0050995 -0.0170791 -0.00147736 0.0154887 -0.023837 -0.00768065 -0.0246954 0.0182927 0.0156616 0.00988871 0.0316106 0.0162747 -0.00573016 0.00924598 -0.0118913 -0.0025635 0.135644 -0.00411017 -0.00338562 0.0101387 0.00420115 0.00629328 0.0124438 -0.00707872 0.0057017 0.00207622 0.00548772 -0.00119305 -0.00407221 0.0140459 -0.00941451 0.00299318 -0.00438869 0.00737979 -0.000748424 -0.00241516 -0.000632284 0.00586709 -0.00233385 -0.000431106 -0.00757025 -0.000979964 -0.00984771 -0.0229062 -0.00757749 -0.00130233 -0.00188579 -0.00190061 0.00191237 -0.00170901 0.000696191 0.00190456 -0.00377712 -0.0109189 0.000613416 -0.00722603 -0.00239611 -0.00089424 -0.0125624 -0.000335199 0.000237181 -0.0077537 -0.000746249 -0.00105386 0.00255573 -0.00620228 0.00852134 -0.00744941 0.00372781 -0.00184037 -0.000327919 0.00135073 -0.00660962 -0.000249639 -0.000696112 -0.00194214 3.01739e-07 -0.000375134 -0.000769744 0.00459252 0.000788399 -0.0121253 -0.00266614 0.00131575 0.00328912 0.00362898 0.00134103 
-0.00160834 -0.00535271 0.0119582 0.00288348 0.00348429 -0.000883234 0.00261697 0.00113992 -0.00391754 -0.00775912 -0.0133086 -0.000477526 0.0024408 -0.00928431 0.0050483 0.00143496 0.0028616 0.000126306 0.01303 -0.0151701 -0.00651222 -0.011043 -0.0224599 -0.00302162 -0.00465995 0.00658458 -0.00490416 0.00996516 0.0124287 -0.00411017 0.130902 -0.0137918 6.82082e-05 0.000682257 -0.00272908 0.00160804 0.00280788 -0.000137266 -0.00161864 -0.00456861 -0.000973097 0.000947378 -0.00049841 -0.00583581 -0.00205658 0.0029871 -0.0022117 0.0018505 -0.00184781 0.00143411 -0.00109418 0.00270706 0.000121652 0.00106476 0.00293539 -0.00368033 -0.00505743 -0.00910546 -0.0022475 -0.00077938 -0.00108516 -0.00496388 0.00281794 -0.00279028 -0.000492589 -0.000580844 0.0019649 0.00109947 0.000890888 -0.0027598 -0.00606677 -0.00952415 -0.00160684 6.86686e-05 -0.00426867 0.00657607 0.00278158 -0.00647504 -0.00114138 0.00181601 -0.00571094 0.0113206 -0.00067231 -0.00141617 0.00763399 -0.0126886 0.00906063 -0.00149309 -0.00213853 0.00145978 -0.000571159 0.000351114 -0.00114364 -0.00385006 -0.0193355 -0.0051396 -0.00130334 -0.000492306 0.000140597 -0.00368583 
-0.00396164 0.00192954 -0.00261365 -0.00465199 -0.00339808 -0.00589934 -0.00177178 -0.00455543 -0.00300321 0.0107847 0.0279472 -0.003088 0.0195666 0.00853103 -0.000141866 -0.0108124 -0.00181985 0.0154746 -0.0258802 -0.0178977 0.00481269 0.00902236 0.00501102 -0.0144722 -0.00507303 -0.000987361 -0.0267266 -0.000810335 -0.00308783 -0.00338562 -0.0137918 0.14592 -0.00101211 0.000382306 0.0041147 -0.00572677 -3.59141e-05 0.00455795 -0.00187913 -0.0033894 -0.00112521 -0.00146775 -0.00495629 0.00743393 -0.0052698 -0.00482524 -0.000121103 -0.00403588 -0.0127674 -0.0163609 -0.00237188 -0.00493182 0.00472509 -0.0028462 -0.00810066 0.0052986 0.0165125 -0.00326819 -0.00317535 0.00141299 -0.000314256 0.0040071 -0.0055291 -0.00428193 -0.00229248 -0.0026101 0.00664631 -0.00482027 -0.00360415 0.00175537 -0.00466231 0.00178033 -0.00144786 0.00145273 0.000561405 -0.00100269 -0.000495008 -0.0042233 -0.00195723 -9.3993e-05 -0.00786835 -0.00800065 -0.000484231 -0.00142823 -0.00506978 -0.00510843 -0.00913246 0.00439106 0.00482428 0.00111077 0.00150263 -0.000449475 -0.00277478 0.00297811 0.00384013 0.00219761 -0.000828543 0.00027713 -0.00494065 -0.00184532 
-0.00158048 0.00390278 0.00306349 -0.00777101 0.000656748 -0.00620792 0.00261813 -0.00140334 -0.00583867 -0.0120944 -0.0022937 -0.00390727 -0.00652381 -0.0162484 -0.0191396 -0.0066283 0.0123734 -0.00517652 0.00633889 -0.00351881 0.0173012 0.0112927 -0.0105638 -0.00732599 -0.0248123 -0.00839959 -0.00251748 0.00178417 -0.00522842 0.0101387 6.82082e-05 -0.00101211 0.108162 -0.00186966 -0.0014425 0.00585336 0.00871202 0.00554569 -0.00103547 -0.00832321 0.0021661 -0.00185075 -0.00624224 -0.00364515 0.00153223 0.00010289 -0.00158241 -0.000875304 0.00224266 -0.00198099 -2.34407e-05 0.00407276 -0.000693044 -0.00282219 -0.0127592 0.00287173 -0.012906 -0.00702164 -0.00236535 0.00156028 -0.000561714 -0.00156357 -0.000152211 -6.19289e-05 -0.000591522 -0.00147082 -0.00394725 -0.00136754 0.00379349 0.00463865 -0.000945957 -0.00121473 -0.00127354 -0.000101218 0.0218748 0.000802199 -0.00014334 -0.0101444 0.00210977 0.00359099 -0.00389111 -0.00409827 0.00362557 -0.00177476 -0.00544319 0.00110878 0.00489583 -0.00854141 -0.00118848 -0.0022738 -0.00238183 -0.00161325 -0.00071029 -0.000281092 -0.00743734 0.00532777 -0.000941593 0.0112055 0.0116852 0.00272733 
-0.00151028 0.0016126 0.00350364 -0.0024609 0.00166584 -0.00323546 0.00177979 0.000546572 -0.00318593 -0.00235703 0.0182368 -0.00673621 -0.00219514 0.0102479 -0.00180482 -0.00199191 -0.00736872 -0.00329393 -0.0125681 -0.0259835 0.00602304 0.00116753 -0.012399 0.00811229 0.00379243 -0.001173 -0.0085056 -0.000877391 5.45172e-05 0.00420115 0.000682257 0.000382306 -0.00186966 0.108904 0.0127252 0.00883462 0.000799423 -0.00345235 -0.00137994 -0.00417813 -0.000152323 0.00399377 -0.0110265 0.00524226 -0.000969605 -0.0038974 -0.00149422 0.00151153 -0.00486961 0.00228803 -0.000934929 -0.00201677 -0.00166835 -0.00018734 0.0043924 -0.00485424 -0.00640913 0.00112097 -0.00244491 -0.0012423 -0.00241623 0.00106445 -0.00174192 -0.000640069 0.000906604 -0.00102221 -0.00177125 0.00125128 -0.00680113 -0.00101172 0.00486628 -0.00777292 -0.00154966 -0.000477991 -0.00646758 0.00135678 -8.45055e-05 -0.00545039 -0.00056298 -0.00133205 0.00396113 0.00477526 -0.00333879 0.00121998 -0.00311495 -0.0129564 -0.000446324 -0.0019215 -0.00176495 -0.00233306 0.00104518 -0.00190346 0.000232118 -0.00314456 -0.00258368 -0.00171794 0.000282265 -0.00250727 0.0007361 -0.00598761 
