0.131701 -0.00518972 -0.00223289 0.000682249 0.000493033 0.00646073 -0.0030661 -0.0027602 -0.000603756 -0.00480919 -0.0017205 0.00736381 -0.00740491 0.00595631 0.0105336 -0.00664195 0.0110109 -0.000764758 0.0103967 -0.00165493 -0.0256879 -0.00517209 0.00741816 -0.0128556 -0.00585226 -0.005073 0.00412836 0.00863998 -0.00329868 -0.00192475 -0.000544569 0.0029904 -0.00682418 0.00390343 -0.00510774 -0.00955312 -0.00438937 -0.00302182 0.00221635 0.00925129 -0.00123383 -0.000965902 -0.00887271 -0.00312692 -0.00231409 -0.00123286 -0.000506583 -0.000121238 -0.00409317 -0.00406991 -0.00150073 -0.0045096 -0.00326423 -0.00799654 0.0189954 -0.00286605 -0.00186167 -0.00293296 -0.000996319 -0.00354526 -0.00165569 -0.00274561 -0.00028384 -0.0102806 0.000249193 -0.00367789 -0.00102051 0.00188357 -0.002733 -0.00146632 0.0027931 -0.0095569 0.0037745 9.38543e-05 -0.00172966 -0.00494053 -0.00128334 -0.00147917 0.00222759 -0.00482803 0.00215861 -0.003208 2.89427e-05 -0.00522765 -0.000852586 0.00264764 0.000180006 -0.000173026 0.0112421 -0.00165454 -0.00518264 -0.0044607 -0.00122271 0.00230913 -0.00717932 -0.0114387 -0.00169986 -0.00274425 -0.000699754 0.00385922 
-0.00518972 0.126074 0.00136613 -0.00051966 0.00630869 0.00765543 -0.000777524 -0.00239257 -0.00168987 -0.00633791 -0.00567384 0.0108379 0.00868664 -0.0107342 -0.0125365 0.0150848 0.00250649 0.00110085 5.99064e-05 0.019307 0.00871553 0.00738651 -0.0195359 -0.00541832 -0.0299681 -0.00336363 0.0154505 -0.00768626 0.00313644 0.0012192 0.00320632 -0.011234 -0.00405329 0.00923827 0.00373326 0.00708297 0.000517633 -0.00121407 -0.000292587 -0.00429514 -0.00171697 -0.00117086 -0.0049154 -0.00434044 -0.00258494 -0.00436675 -0.0100392 -0.00246678 -0.00112459 -0.00180951 -0.00332514 -0.00738052 0.000382615 -0.00446356 -0.00484583 -0.0104734 -0.00553772 -0.0111909 -0.00257203 0.0103382 -0.00439628 0.000395377 -0.00376162 0.0184173 -0.000626937 -0.00472755 -0.0030973 0.00149312 -0.0130749 -0.000652494 -0.000379724 -0.00561959 -0.00495366 -0.000633649 2.95298e-05 -0.00319133 -0.00195839 -0.0031253 0.0105801 -0.00416362 -0.00210914 -0.0010469 0.00192771 0.00209228 -0.00106687 -0.00464614 -0.000185835 -0.000628808 -0.0129587 -0.00297268 0.00218862 0.000145367 -0.000245839 -0.00155363 -0.00704419 -0.00729379 -0.00101059 0.00603649 0.0023534 -0.000691859 
-0.00223289 0.00136613 0.0359388 0.000688493 -0.000135958 -0.000785206 -0.000348807 0.000801409 0.000317134 0.000363002 -0.00130357 0.00303283 -0.000503986 -0.0010244 -0.00229284 0.00114232 -0.00666655 0.00193996 -0.00787897 -0.00142516 0.00125254 -0.0033248 -0.00284299 -0.00691837 -0.00201409 -0.00208386 0.000805227 -0.00340472 -0.000419406 0.000274786 0.00034035 -0.00565704 0.00348694 0.00527868 0.00106066 0.00254478 -0.000479252 0.000827463 -0.000612473 -0.000922329 -2.7433e-05 -0.000258523 0.00131101 -9.7374e-05 0.000925603 -0.000595453 -0.00173483 -0.000941392 0.000201108 -0.0015673 -0.000128418 -0.000602401 -0.000565235 -0.001933 -0.00246165 -0.000289653 0.000999372 -0.000847319 -0.00051625 0.00601302 -0.00100198 -0.00046098 8.41874e-06 0.00412985 0.000225492 -0.000574617 -0.000168018 0.000107503 -0.00113702 0.000240889 0.000221094 0.000615912 -0.000196382 0.000147936 -0.000192982 0.00132452 -0.00144141 -0.000334246 0.000958609 -0.000267134 -0.000218541 -0.00158963 -8.41643e-05 -0.000401426 -0.00277441 -0.00116275 -2.40417e-05 0.000850181 -0.00137236 -0.000436268 4.26577e-05 0.0022922 0.00022471 0.00215911 -0.00245755 0.000239329 -0.000182351 -0.00017525 -0.00021133 -0.00199131 
0.000682249 -0.00051966 0.000688493 0.121707 -0.000117626 -0.00364839 0.00172163 0.00378383 0.00204873 -0.000722265 0.00874717 0.00199918 -0.00942733 0.0016193 -0.00369787 -0.0134889 -0.0135012 0.00965685 -0.00318375 0.000664384 -0.0188067 -0.000100676 0.000770895 -0.0222819 -0.00408507 -0.00445263 -0.00444087 0.0179404 0.000376851 -0.00177989 -0.00148202 -0.0146033 0.0109594 -0.00220427 -0.00468816 -0.00543479 -0.00133413 -0.00322162 -0.00311455 0.000280714 0.000183945 0.00703888 -0.00636595 -0.00173515 0.00553121 0.000452781 -0.00576327 0.00333904 0.00125915 -0.00241907 0.00222726 0.000427241 -0.00447922 -0.00816779 -0.00555696 -0.00518972 -0.00394377 -0.00263241 0.000835534 0.00270065 -0.00369729 -0.0027212 -0.00269955 -0.0103711 -0.0015831 -0.00387584 -0.00138951 0.00051783 -0.00497019 -0.0016428 0.00139399 0.00473284 -0.00110732 3.99754e-06 -0.000833292 0.00273364 0.00186619 -0.00295605 0.000467949 1.89299e-05 -0.00129625 -0.00240171 -0.000659999 -0.00256568 0.00327677 0.000833191 -0.00102851 0.010433 0.0107601 -0.00320971 -0.00138851 0.00168102 -0.00156266 0.00249066 0.00328257 -0.00658787 -0.00128257 -0.00346308 -0.00493509 0.00268428 
0.000493033 0.00630869 -0.000135958 -0.000117626 0.0767053 -0.0060077 0.000161463 -0.00138507 -4.16771e-07 -0.000998062 -0.00345329 -0.00528152 -0.00480586 0.00226075 -0.00105775 0.00345945 -0.00637308 0.00246592 0.000491125 -0.00909832 0.00296147 0.00839048 -0.00439381 0.0035509 0.00745013 0.00509714 0.00142811 -0.00560731 0.00390069 0.000465706 0.00103761 -0.00353447 -0.00600633 -0.00453233 0.00110337 0.00154309 -0.00712851 -0.000812357 0.00189094 -0.000351712 -0.00136857 -0.0018326 -0.000398834 0.00238359 -0.000463885 -0.00552888 -0.00439323 -0.00103848 0.00112473 0.00155581 0.000524515 -0.00549861 -0.00143054 -0.00273561 0.00074714 -0.00872224 0.000463229 -0.00353117 -0.000452515 -0.000417259 -0.0011549 -0.0011628 0.00137156 -0.000914978 0.00137346 -0.00271995 -0.0018344 0.000786356 -0.00361883 -0.000249805 0.00155715 -0.00107783 -0.0017949 -0.000415342 5.89296e-05 -0.00479308 -3.90599e-05 -0.000259542 -0.00146312 -0.00275498 -0.000169491 -0.00198625 0.000753501 0.000261682 -0.0029475 -0.00116304 0.000189762 0.000440162 -0.00148299 -0.000921492 -0.000698537 0.00344507 5.56066e-07 -0.00383339 0.00178949 -0.00219741 -0.00134158 -0.00041442 0.000798896 -0.000487458 
0.00646073 0.00765543 -0.000785206 -0.00364839 -0.0060077 0.147766 0.00254098 -0.00179989 -7.46365e-05 -0.000997884 0.00048553 0.020688 0.00852435 -0.00297006 -0.0227434 -0.00956292 -0.0159929 0.000155924 0.0158539 -0.00819194 -0.0122769 -0.0300629 -0.0214238 -0.000723277 -0.0172102 -0.00414803 0.00127132 -0.000238309 3.52087e-05 3.9892e-05 0.01484 0.0149695 -0.00789232 0.000119085 0.00225742 -0.0271758 -0.00385033 0.00274985 0.0029982 0.0185213 -1.82043e-05 0.00547064 0.0116587 -0.000948072 -0.00364009 0.00702708 -0.00296021 -0.0065513 -0.00327912 -0.00117195 -0.00281107 0.000256708 -0.00357196 0.00298963 -0.00147068 0.00612459 -0.00451563 -0.0128822 0.00509204 -0.000626885 -0.0017122 -0.0011779 0.00404521 0.00209548 -0.00253744 -0.00119066 -0.000491577 -0.000701903 -0.00528323 -0.000757796 -0.00231749 -0.00737025 -0.00492923 0.00247289 -0.00256777 -0.00878506 0.00635426 -0.000166485 0.00687599 0.00253784 0.0014063 -0.00301592 -0.0010667 -0.00767092 -0.00286143 -0.00479639 -0.000107427 -0.00675341 -0.0117415 -0.00431312 0.00644967 -0.00542891 0.000564445 -0.0033481 -0.00220782 0.00262719 0.0031866 0.00129874 -0.00151187 -0.0094303 
-0.0030661 -0.000777524 -0.000348807 0.00172163 0.000161463 0.00254098 0.0587319 0.000872205 0.00060103 -0.00259783 0.00329952 -0.00342482 0.00133922 0.00169323 -0.00424807 -0.000887929 -0.012696 0.000298111 0.00296115 -0.00874594 0.00931035 -0.00995654 -0.00716584 0.00347347 0.00135561 -0.00347984 -0.00662847 0.00250082 0.00074488 -0.000423274 -0.0011333 -0.00252371 -0.00106378 -0.00470517 -0.00480423 -0.00798363 -0.00555078 0.00031519 -0.000537543 -0.00104977 0.000690198 0.000404666 -0.00048204 0.00253421 -0.00317248 -0.0028087 -0.00167641 -0.000954765 0.000235953 -0.00109356 0.000325633 0.00115929 0.00039572 0.00105565 -0.00423483 -0.00192667 0.00219673 -9.62177e-05 0.00430512 -0.00413918 0.00088059 -0.000163856 0.00282284 -0.00297671 0.000824603 0.00268439 4.04951e-06 3.48063e-05 -0.00102584 0.0021532 -0.000199469 0.00359582 -0.0012667 0.000893996 0.00138899 0.00193544 -0.00164959 0.00235412 0.003074 -0.000934038 0.00212585 -0.00260913 -0.000324147 -0.00154877 -0.000887193 0.00102293 -0.000409601 0.000708807 0.000288558 -0.000101135 -0.00103667 -0.00187466 0.000220071 0.00017725 -0.00135656 0.00164258 0.00162325 -0.00104335 -0.000742629 -0.00114625 
-0.0027602 -0.00239257 0.000801409 0.00378383 -0.00138507 -0.00179989 0.000872205 0.0661141 -0.000386524 -0.00127377 0.00352596 -0.00742898 0.00180425 -0.00302783 -0.00906389 0.00207627 -0.00480899 0.000333721 -0.00839841 -0.00523311 -0.00416642 1.95753e-05 0.000813002 0.00202072 0.000487007 -0.00442292 -0.00335341 -0.00274733 0.00114135 -0.00216717 0.000860662 -0.00294043 0.0104523 -0.00290244 -0.0050739 -0.00854209 -0.00263446 -0.000421282 -0.00105635 0.000784785 0.000309724 0.00206924 0.000775729 -0.00091078 -0.00129087 -0.00296412 0.00258663 0.00286095 -0.000348922 -0.00187708 0.000890461 0.00226798 0.000174361 -0.00258505 -0.00239538 -0.00181286 0.000411378 -0.00280286 0.00281779 -0.00144066 -0.000388588 -0.00068397 0.00253423 -0.00651965 0.0013638 -0.00083175 0.000677506 -0.000347457 -0.00223125 -5.27852e-05 -0.000108158 -0.00185063 8.57386e-05 0.000461401 0.00126313 0.00101004 -0.00252146 7.00504e-05 -0.00129606 0.00123227 -4.60171e-05 -0.000731609 -0.000710899 -0.00220994 0.00692114 -0.00130558 -0.00121697 0.00416751 -0.00019088 0.00324678 -0.000668134 -0.00215232 0.000702118 0.00428343 -0.00409454 -0.00146562 -0.000737714 0.00256317 -0.00238279 -7.69179e-05 
-0.000603756 -0.00168987 0.000317134 0.00204873 -4.16771e-07 -7.46365e-05 0.00060103 -0.000386524 0.0319087 0.00119636 0.00160365 -0.00318178 -0.00129554 0.00155847 -0.00267399 0.00113194 -0.00227752 -0.00192839 -0.00136252 -0.00374996 -0.000721245 -0.00237067 -0.00116448 0.000707763 -0.00215582 -0.00066883 0.000198464 -0.000161132 -0.000481257 -0.000746683 0.00234067 -0.00387222 0.00335265 -0.00125281 -0.000975576 -0.00357161 -0.00232113 -0.000504474 -0.000164285 -0.00150768 0.000115379 0.000111832 -0.000610417 0.000990011 0.000321957 0.000670378 4.81144e-05 0.000298149 -0.000675686 -0.000481222 0.000304731 -0.000515367 0.00185917 0.00101702 -0.00124975 -0.000568999 -0.00155036 -0.00189912 -0.000423667 -0.00160027 -0.000428453 -0.000177884 -0.000221695 0.00109295 -0.000516899 -0.000469316 -0.000467021 0.000296383 -0.00120482 0.000141795 0.00110146 -0.00191118 -0.00025575 -0.000165372 -7.55277e-05 -0.00139584 -0.000603504 -5.39387e-05 0.00259927 0.000379461 0.00130185 -0.00035491 -0.000223059 -0.000600724 -0.00195583 0.000304598 -4.5543e-05 0.000461773 0.00153265 0.000184181 0.00145901 -0.000771245 6.3059e-05 0.000466153 -0.00137491 0.000242977 0.000445449 -0.000313359 0.000860039 -0.000608931 
-0.00480919 -0.00633791 0.000363002 -0.000722265 -0.000998062 -0.000997884 -0.00259783 -0.00127377 0.00119636 0.0897712 0.0051744 0.00238801 -0.00305848 -0.000718627 0.00095678 -0.00185228 -0.0108413 -0.00323694 -0.0154865 -0.0159268 0.0017548 -0.00394686 0.00557359 0.0131864 -0.00266769 0.010386 -0.0015638 -0.00377506 -0.00324107 -0.00213032 0.00356433 -0.00215401 0.00524353 -0.00510191 0.000177991 -0.0111921 -0.00153225 0.00311901 -0.000222038 0.000736689 0.000178764 0.00488467 0.00394758 0.00172917 0.000395055 -0.000204608 -0.0064033 -0.000958595 -0.000945436 -0.00237345 0.00136937 0.00363672 0.00102929 0.00102637 -0.00385293 0.00408077 -0.00412667 0.00452571 -0.000553323 -0.00508958 -0.000828162 0.000729998 -0.00136506 -0.0112869 -0.00177012 -0.00141893 -0.00156447 -0.000337999 -0.0072159 -0.00040637 7.55256e-05 -0.00389386 -0.00209145 0.000657365 0.000313298 -0.00111077 0.00255445 -0.000121771 -0.00214419 -0.00160611 -0.00100957 -0.00260018 -0.000719797 0.00111797 0.00141894 0.00126368 -0.0016809 -0.000586372 -0.00450721 0.00396912 -0.00253851 -0.00313087 -0.000737566 -0.002215 0.00595272 -0.0025857 -0.00183144 -0.00101768 0.00518456 -0.000417501 
-0.0017205 -0.00567384 -0.00130357 0.00874717 -0.00345329 0.00048553 0.00329952 0.00352596 0.00160365 0.0051744 0.117848 -0.00548319 -0.0137658 0.00172153 0.00824633 -0.01179 -0.0157221 -0.00878337 -0.00286923 -0.0139233 0.00828933 -0.00645326 -0.0124678 0.00369836 0.00633628 -0.000946283 -0.00849594 0.00742369 -0.0036487 -0.00642169 0.00570713 0.00751616 0.0117546 -0.0127952 -0.00564412 -0.00565427 -0.00428332 0.00118659 0.00312766 0.00353858 0.000495528 -0.00158059 -0.00742518 -0.00272356 -0.00427145 0.00446774 -0.00489914 -0.00432086 0.00305987 0.00339153 0.00451859 -0.00711479 -0.00343386 -0.00872901 -0.00107678 0.00389815 -0.00426193 -0.00621127 0.000765418 -0.00905159 -0.000532697 -0.00191351 0.00464288 -0.00244143 -0.00194483 -0.00268581 -0.00113762 0.000720197 -0.0103308 -0.000981091 0.000977841 0.00192264 0.00201111 -1.084e-06 -0.000148516 -0.00370506 -0.00228484 -0.00200409 -0.00217863 0.00319607 0.000591872 0.00076312 -0.00230927 -0.0112308 0.0042294 0.00435911 0.000131648 0.00405779 -0.0021708 0.00237769 0.00529304 -0.00688139 -0.0016198 0.00829581 -0.0019258 -0.00100068 0.00175354 0.00130383 0.00020177 -0.000829482 
0.00736381 0.0108379 0.00303283 0.00199918 -0.00528152 0.020688 -0.00342482 -0.00742898 -0.00318178 0.00238801 -0.00548319 0.218243 0.00263943 -0.0144495 0.00415917 -0.0177622 -0.0240849 0.00333057 -0.0299944 0.0341242 -0.0117164 0.00384148 -0.0208041 -0.0412954 -0.0238088 0.0019851 0.00504614 -0.00806796 0.0118125 0.00480943 -0.00558339 -0.000624322 -0.0180826 0.0244406 0.0181917 0.0261423 0.014192 -0.00395749 0.000389541 -9.34814e-05 -0.003072 0.00564757 -0.00807387 -0.011516 0.00462466 0.0104998 -0.0176184 -0.00691826 -0.00877946 -0.00532426 -0.000503158 -0.00281775 -0.00138976 -0.0148637 -0.00412417 0.00391145 -0.00420468 -0.0175758 -0.00283199 0.0245 -0.0050237 -0.00503492 -0.0017792 -0.00413276 -0.00399374 -0.00647968 -0.00320527 -0.00569352 -0.00921156 0.000518684 -0.0015053 -0.00390663 -0.00961365 -1.62654e-05 -0.00294901 0.00790357 -0.000775275 -0.00432602 -0.00085786 -0.000727776 0.00109081 -0.0111249 -0.000283062 -0.0105728 -0.00536141 -0.0064821 0.00294234 0.00378 -0.00645554 -0.00963876 -0.00428551 -0.00518293 -0.00158681 0.00365679 0.0179539 -0.00464862 0.000224492 -0.00508395 -0.00268236 -0.00955172 
-0.00740491 0.00868664 -0.000503986 -0.00942733 -0.00480586 0.00852435 0.00133922 0.00180425 -0.00129554 -0.00305848 -0.0137658 0.00263943 0.22007 0.00418581 -0.0218409 -0.000207216 -0.0156901 -0.00434596 0.00484137 0.0107797 0.012809 -0.0269135 0.00332844 -0.00576993 -0.0245421 0.00488004 -0.000936492 0.00163329 -0.00437153 0.00820573 0.00129314 -0.0185491 -0.00424714 0.0113717 -0.00746173 -0.00711906 0.00762558 -0.000328522 -0.0053746 -0.00731447 0.000863667 -0.0014533 0.0136536 -0.00528757 -0.0101505 -0.0118242 0.00275781 -0.00275666 -0.00632388 -0.00665185 -0.00547748 0.0024541 -0.00292585 0.0129078 -0.0133492 -0.00348302 0.00205233 -0.00873623 -0.000595345 0.0176645 -0.00381575 0.00921077 0.0045219 0.0159718 -0.00641861 0.00563702 4.44925e-05 0.00295363 -0.0118574 0.000635364 -0.00197358 0.00148459 -0.0152056 0.00104322 -0.00130188 -0.00304152 -0.00415459 0.0108964 0.00656721 -0.0117416 0.00756689 -0.00561354 0.000997435 0.0113969 -0.0216961 -0.00828294 -0.00769494 -0.0108076 -0.018553 -0.0127342 -0.00321383 -0.0125452 -3.05033e-06 -0.0183178 -0.00240051 0.00635992 -0.000753617 -0.00257779 0.00261376 0.00472142 
0.00595631 -0.0107342 -0.0010244 0.0016193 0.00226075 -0.00297006 0.00169323 -0.00302783 0.00155847 -0.000718627 0.00172153 -0.0144495 0.00418581 0.134088 0.0124408 -0.00760874 -0.0133969 -0.0126148 0.0165341 -0.0251735 -0.013589 0.00257882 -0.00526227 -0.00888629 0.000431931 -0.00614829 -0.0162728 -0.000629064 -0.00379492 -0.00484857 0.00111431 0.0244664 0.00387026 -0.00928464 -0.00732247 -0.0106479 -0.00935828 -0.00196641 -0.000963511 0.00591274 -0.00149258 0.0027322 0.000548221 -0.00642384 0.000901763 -0.00187778 0.00193965 -0.00525632 0.00298158 -0.00352574 0.000706436 -0.00742793 -0.00371265 0.000683126 0.00784219 0.00420066 -0.00610855 0.00447487 0.00495843 -0.00479115 0.0031722 -0.00186149 -9.39782e-05 -0.0085402 -0.00258167 -0.00608298 -0.00154512 -0.00224462 -0.00524132 -0.00178851 0.00216472 -0.00137704 -0.00552676 -0.00119146 -0.00275495 0.00279713 0.00414966 0.00424678 0.0030341 -0.00236747 -0.000453837 5.49531e-05 -0.000855766 0.00370769 -0.0067856 0.00194182 -0.000265683 0.00337986 0.00683387 0.00252146 -0.00068513 0.00400657 -0.00145365 0.00126644 -0.00229303 -0.00408789 -0.000104251 -0.00524353 -0.00238771 0.0034441 
0.0105336 -0.0125365 -0.00229284 -0.00369787 -0.00105775 -0.0227434 -0.00424807 -0.00906389 -0.00267399 0.00095678 0.00824633 0.00415917 -0.0218409 0.0124408 0.242784 0.000500605 -0.00829625 0.0137998 0.0159825 0.0157854 -0.00611041 0.0283929 -0.0137193 -0.0228086 -0.0143817 -0.00269611 -0.0315084 0.0106026 -0.00488407 0.00533565 -0.00960269 0.015732 -0.00809598 -0.0100672 0.00177465 0.0155343 -0.00940706 -0.00188796 0.00129462 0.000741479 -0.00602356 -0.0132006 -0.0197866 -0.00560079 -0.0172087 -0.00253389 -0.00733374 -0.00665959 0.00133802 -0.00985375 -0.00617785 -0.0346175 0.000640968 0.000536808 0.00424126 0.0192627 -7.44447e-05 0.0209623 -0.00731773 -0.00839698 -0.000433561 -0.00578133 -0.00905902 -0.000483205 0.000820245 -0.0126994 -0.00408822 -0.00747518 0.00615145 -0.0055279 0.00168462 -0.00154193 0.0036775 0.00132145 -0.00448197 0.00449671 0.00741787 -0.0103395 -0.00282889 0.00128165 0.00214275 -0.00492201 0.0028979 0.00695364 -0.0140732 -0.000101971 -0.00416487 -0.00301811 -0.000116591 0.00334915 -0.0132869 0.00695416 -0.00545304 0.0032116 0.00151848 -0.0278835 -0.00526817 -0.00187362 -5.98865e-05 0.00791038 
-0.00664195 0.0150848 0.00114232 -0.0134889 0.00345945 -0.00956292 -0.000887929 0.00207627 0.00113194 -0.00185228 -0.01179 -0.0177622 -0.000207216 -0.00760874 0.000500605 0.177129 -0.00104073 0.00448289 -0.0175629 0.00905008 0.0165831 0.000508666 -0.00101753 0.00299981 -0.00603264 -0.0127852 -0.00114455 -0.00400881 -0.00413204 0.00206737 -0.000614888 -0.0193931 -0.00559278 0.0117671 -0.00341633 0.00077244 -0.00327905 -0.00604498 -0.00365764 -0.00891881 -0.00182476 -0.00446993 -0.00341361 0.00384933 -0.00609354 -0.00706705 -0.00245709 -0.00168165 0.00168324 -0.0102758 -0.00418625 0.00097803 0.0117671 0.0108083 -0.00371809 -0.0234619 0.00256678 -0.00700357 -0.00413755 0.00393873 0.00172059 -0.00120366 -0.00540791 0.0125457 0.00419063 0.00100045 -0.00055351 -0.00148196 -0.00251795 -0.000333355 -0.00109751 -0.0101382 -0.00319632 -0.000285919 0.00181986 -0.00466811 -0.00609035 -0.00297275 0.00390234 -0.00492347 -0.00268964 -0.00563182 0.000895788 -0.000293005 0.00899654 -0.00190932 -0.00153657 0.0056826 0.00600877 -0.00319781 -0.00585839 0.0056127 0.00358053 -0.00815219 -0.0102885 -0.00708 -0.00132698 -0.00404785 0.00280996 0.00200432 
0.0110109 0.00250649 -0.00666655 -0.0135012 -0.00637308 -0.0159929 -0.012696 -0.00480899 -0.00227752 -0.0108413 -0.0157221 -0.0240849 -0.0156901 -0.0133969 -0.00829625 -0.00104073 0.248936 -0.0352516 0.00953212 0.00585383 -0.0276697 -0.000614331 0.02752 0.0122397 0.00220987 -0.0106956 0.0142327 -0.00746256 0.00247096 -0.00606464 -0.00702126 -0.0113159 -0.0132269 0.0112004 0.00914743 -0.023383 0.00674473 -0.0067246 0.00572037 -0.010388 -0.00337693 -0.00423298 0.00316573 0.00626322 -0.0101589 -0.00230908 0.0253359 0.00918197 -0.00809343 -0.00175932 -0.0019219 0.0112971 0.00106233 0.0153212 0.0140518 -0.00115623 -0.00854313 0.0201601 -0.00688441 0.000279929 0.00214998 -0.000615512 0.00120068 0.00147013 0.00513642 -0.0101819 -0.00993116 -0.000220858 -0.00203106 0.000227622 -0.00066629 -0.0143057 0.00561639 -0.0053067 -0.00384165 -0.023219 -0.00776426 -0.00570863 -0.00940717 -0.00429114 -0.00970123 0.00961849 -0.000565954 0.00704431 0.0155703 -0.00175605 -0.00521241 -0.00524408 -0.01317 0.00278855 0.000958661 -0.00499804 -0.00194948 -0.0120752 -0.0179351 -0.00643954 -0.00276473 -0.00190908 0.000730003 0.0128987 
-0.000764758 0.00110085 0.00193996 0.00965685 0.00246592 0.000155924 0.000298111 0.000333721 -0.00192839 -0.00323694 -0.00878337 0.00333057 -0.00434596 -0.0126148 0.0137998 0.00448289 -0.0352516 0.185988 -0.020762 0.0225028 -0.00833658 -0.0159237 -0.00102746 -0.0124794 -0.00471737 -0.00202372 -0.000321257 0.00161311 0.000671662 0.00603644 -0.00212114 -0.0135184 -0.00368663 -0.00836202 -0.00966934 0.0242223 -0.00201632 -7.34586e-05 -0.00323977 0.0127007 3.46849e-05 -0.00512197 -0.00253262 0.00204768 0.00106208 -0.00590703 -0.0110642 -0.00208418 0.000203632 -0.00395075 -0.00468768 -0.0090151 -0.000364896 -0.0169587 -0.00695143 -0.000566858 0.000376355 -0.00178237 -0.00384577 -0.00201351 -0.00355784 -0.0045467 -0.000963842 0.00113692 0.00169364 0.00272798 0.00879668 -7.49912e-06 0.00359664 -0.00282642 -0.00202978 -0.00945253 0.00503391 0.00208994 -0.000433392 0.0232256 0.000287747 -0.00659047 -0.000351178 -0.00490627 0.00674023 -0.00490796 -0.0022505 -0.00650559 -0.0150706 -0.00535254 0.000293126 -0.000297527 -0.0103113 -0.00518214 -0.00623976 0.00606073 -0.00105495 0.00713158 -0.000323147 -0.00452158 0.000680337 -0.00141998 -0.0102279 -0.00313678 
0.0103967 5.99064e-05 -0.00787897 -0.00318375 0.000491125 0.0158539 0.00296115 -0.00839841 -0.00136252 -0.0154865 -0.00286923 -0.0299944 0.00484137 0.0165341 0.0159825 -0.0175629 0.00953212 -0.020762 0.238061 0.00814236 -0.0110389 -0.0116173 -0.0140399 0.00254516 -0.00231174 -0.0145517 -0.00147878 0.0219269 -0.0169234 -0.00388109 0.00229012 0.0298643 -0.0157716 -0.0130687 -0.00388024 -0.0173487 0.000251643 -0.00632552 0.0057749 -0.00242153 -0.00220866 -0.0069512 -0.00662242 -0.00731931 -0.00698255 0.00100765 -0.0053996 -0.000757154 0.000268083 -0.00647765 -0.00129833 -0.009306 -0.0102921 0.00932843 0.0184014 0.0108174 0.00594837 -6.2262e-05 0.00148925 -0.0150082 -0.00721116 0.00531197 -0.00104417 0.00681394 -0.00649598 -0.00341095 -0.00977707 -0.000150197 0.00796146 -0.00188582 -0.000812764 -0.0144637 -0.00303438 -0.00108386 -0.0112537 -0.0230829 0.00484678 0.00293207 0.00149585 -0.00185457 0.000689565 -0.0108926 -0.00608828 0.00502783 -0.0205774 -0.00535303 -0.00410958 -0.00876636 0.0103869 -0.00184064 0.00739827 0.00701018 -0.00183431 -0.0025241 -0.0208525 -0.00881309 -0.00274038 -0.00391902 0.00252211 0.00954857 
-0.00165493 0.019307 -0.00142516 0.000664384 -0.00909832 -0.00819194 -0.00874594 -0.00523311 -0.00374996 -0.0159268 -0.0139233 0.0341242 0.0107797 -0.0251735 0.0157854 0.00905008 0.00585383 0.0225028 0.00814236 0.21749 -0.0118613 0.042285 -0.00345864 -0.0461009 -0.0289115 -0.0226374 0.00751463 0.00515856 -0.0019416 0.00695975 -0.00299179 -0.0219631 -0.0156895 0.023824 8.60236e-05 0.034143 0.0190973 -0.00448919 -0.00454838 -0.0102403 -0.00169604 -0.0094987 -0.0223071 -0.00546186 0.00419168 0.00205314 -0.0122261 -0.0064648 -0.00429513 -0.012612 -0.00290908 0.00285098 -0.000562623 -0.0183212 -0.00503393 -0.0170102 -0.000877912 -0.0125691 -0.00806674 0.0102799 -0.0132124 0.001174 -0.00225309 0.0219182 -0.00295153 -0.00933314 -0.0040489 -0.00182848 0.00806746 -0.00369934 -0.00218135 -0.00205872 0.00066269 -0.00114979 -0.00570866 0.00743661 0.00196552 -0.0133572 0.00528153 -0.00657716 0.000660882 -0.00907866 -0.00471983 -0.0072044 -0.000120169 -0.0159187 0.00219951 -0.00649015 -0.00300349 -0.00857556 -0.00285524 0.00185678 -0.00103401 -0.00507991 0.00665814 -0.0081628 -0.0031119 -0.00438 -0.00366783 -0.000393782 
-0.0256879 0.00871553 0.00125254 -0.0188067 0.00296147 -0.0122769 0.00931035 -0.00416642 -0.000721245 0.0017548 0.00828933 -0.0117164 0.012809 -0.013589 -0.00611041 0.0165831 -0.0276697 -0.00833658 -0.0110389 -0.0118613 0.219746 -0.00239253 -0.0259393 0.0114911 0.0077419 0.0249949 -0.00466277 -0.0128269 -0.000269614 -0.00249581 0.00110132 -0.0209836 -0.0112265 -0.0136621 0.00612092 0.0260519 -0.0165042 0.000208668 0.00540978 -0.0166034 -0.000303767 -0.0098836 -0.00363456 0.00185608 -0.00543721 -0.0118853 -0.0109791 -0.00633908 0.0103 0.0070657 -0.000334852 -0.0136907 0.00647046 0.00968781 -0.0215308 -0.0188793 -0.00964514 -0.0019889 -0.000785883 -0.00633981 -0.00228749 -0.00207176 0.00588594 0.0218898 -0.000809122 0.00891335 0.00896014 0.00366349 -0.015161 -7.79207e-05 -0.00187794 0.010758 -0.00301297 0.000494993 0.00319783 0.00467704 -0.00550248 0.00407189 0.00138483 -0.00627278 -0.00222711 -0.00135315 -0.00376921 0.0040762 -0.0109411 -0.00480496 0.00242153 -0.00949753 -0.0185994 0.000711356 0.00571816 0.00311404 0.00146782 -0.000643626 0.00330234 0.00176807 0.00206758 -0.00268298 0.00374597 -0.00941463 
-0.00517209 0.00738651 -0.0033248 -0.000100676 0.00839048 -0.0300629 -0.00995654 1.95753e-05 -0.00237067 -0.00394686 -0.00645326 0.00384148 -0.0269135 0.00257882 0.0283929 0.000508666 -0.000614331 -0.0159237 -0.0116173 0.042285 -0.00239253 0.249992 -0.0214235 -0.040691 -0.00954161 0.00105655 -0.0176012 0.00188478 -0.000240353 -0.000784437 -0.0119789 0.0169041 0.000219512 -0.00116233 0.0186161 0.0284408 0.00989129 -0.00154288 -0.00183563 -0.00776855 -0.00500915 -0.00859842 -0.0160392 -0.0105763 0.00287683 -0.00673214 -0.0174695 -0.00412184 0.00469108 0.00117418 0.00326823 -0.00388585 0.00763956 -0.0179342 -0.000373461 -0.0115719 -0.00508908 -0.017399 -0.00256385 -0.00678875 -0.00492274 -0.00277129 -0.0160306 -0.00271076 -9.49161e-05 -0.00981036 -0.00340432 -0.00760129 -0.00270121 -0.00790217 -0.00101586 -0.00411728 0.00602018 -0.00267375 -0.00254712 0.00156724 0.00369076 -0.00295931 -0.00150046 0.00224561 -0.00431135 0.00662292 -0.00536728 -0.0218851 0.0121358 -0.00672209 0.00570378 0.000210496 -0.0217394 7.53126e-05 -0.0101094 0.010895 0.00135742 0.00760344 0.0211938 -0.0147504 -0.00394822 -0.00126887 0.00535552 0.00570199 
0.00741816 -0.0195359 -0.00284299 0.000770895 -0.00439381 -0.0214238 -0.00716584 0.000813002 -0.00116448 0.00557359 -0.0124678 -0.0208041 0.00332844 -0.00526227 -0.0137193 -0.00101753 0.02752 -0.00102746 -0.0140399 -0.00345864 -0.0259393 -0.0214235 0.245452 0.00637606 -0.00809674 -0.0200583 0.00178544 -0.00185154 -0.00864717 -0.00140291 -0.00952994 -0.0128946 -0.00103092 0.00520488 -0.0137573 -0.0298789 0.0074403 -0.00501781 -0.00281935 -0.00342104 0.0011127 0.00575572 -0.00318954 0.00709289 0.00918749 0.0042408 -0.00302477 0.00849716 -0.0111614 0.00469664 -0.00464764 0.0154029 0.00289996 0.00807349 0.0124942 -0.0155392 -0.00188949 0.0012895 -0.0080783 -0.00313577 0.00159997 -0.00443228 -0.00127307 -0.016017 0.00136557 0.00474763 -0.00469188 0.000998465 -0.00367082 9.42081e-05 0.0013615 0.000148625 -0.00344136 -0.000914224 -0.00190539 0.00136562 -0.00768463 0.0010966 -0.0133117 -0.0042189 -0.00245861 0.00364318 0.00070488 0.00998706 0.0146237 0.00560992 -0.00654693 0.00396021 0.0186487 -0.00825782 -0.00419809 -0.00909669 -0.0017237 -0.0174698 -0.00467565 -0.00344233 -0.00181995 -0.00343436 -0.00333759 0.0104001 
-0.0128556 -0.00541832 -0.00691837 -0.0222819 0.0035509 -0.000723277 0.00347347 0.00202072 0.000707763 0.0131864 0.00369836 -0.0412954 -0.00576993 -0.00888629 -0.0228086 0.00299981 0.0122397 -0.0124794 0.00254516 -0.0461009 0.0114911 -0.040691 0.00637606 0.23073 0.013465 0.0204937 0.00999022 -0.0126042 -0.00419817 -0.0108152 0.000416173 0.0115528 -0.00423731 -0.0295517 -0.0232869 -0.03135 -0.0165709 -0.000797229 -0.00723608 0.00824657 0.00230697 -0.00197061 0.0182569 0.0099821 -0.00975992 -0.00327517 0.00192306 -0.0026594 -0.0062166 0.00318989 -0.00549353 0.00539293 -0.00201728 0.0359187 -0.00487233 -0.0105582 0.000139386 0.0196434 0.00167992 -0.0193152 -0.000287691 0.00124914 -0.0062175 -0.0152807 0.000978915 0.00513388 -0.00312144 0.00366827 -0.000720692 0.00184508 0.00020365 -0.00446512 0.00229211 0.000452514 0.00652078 -0.013047 -0.00570902 0.00158649 -0.00505925 2.46144e-05 0.00176906 0.00379209 0.00382629 0.0248158 0.003446 0.00512966 -0.000314808 -0.00268037 -0.00823439 0.0214197 -0.00459795 -0.0143686 -0.00256074 -0.00172111 -0.0115964 0.00160359 -0.00204902 -0.000311872 9.06777e-06 -0.0100254 
-0.00585226 -0.0299681 -0.00201409 -0.00408507 0.00745013 -0.0172102 0.00135561 0.000487007 -0.00215582 -0.00266769 0.00633628 -0.0238088 -0.0245421 0.000431931 -0.0143817 -0.00603264 0.00220987 -0.00471737 -0.00231174 -0.0289115 0.0077419 -0.00954161 -0.00809674 0.013465 0.249661 -0.000385907 -0.0171089 0.000152865 -0.000782493 0.0028131 0.00207201 -0.00705379 -0.0043972 -0.00855913 -0.0159534 -0.000357577 -0.0171036 0.00498422 -0.00314862 -0.00303586 0.00188512 -0.00988262 0.00307278 0.00204122 -0.00269606 -0.0175865 0.0181301 -0.00412933 0.00412971 0.00654916 0.00759282 -0.0170631 -0.0061138 0.00582135 0.00814245 0.0147512 0.000526485 0.00234019 -0.000258583 -0.0208052 0.0088432 -0.00878256 0.0028908 -0.0298533 0.00167478 -0.00234313 0.000356722 -0.0036193 0.0144282 -0.0011407 -0.00423347 0.0140703 -0.00677995 -0.00346502 0.00105782 -0.00714546 -0.0107002 -0.00385269 -0.00423741 -0.00521772 -0.00820459 0.0180404 -0.000919395 -0.0159247 0.0110624 0.00539564 0.000447526 0.00356497 0.00868292 0.00516451 -0.0056138 0.0119292 0.000370436 -0.00624957 -0.0129076 0.0194209 -0.00124695 -0.00513557 -0.0149353 0.0036831 
-0.005073 -0.00336363 -0.00208386 -0.00445263 0.00509714 -0.00414803 -0.00347984 -0.00442292 -0.00066883 0.010386 -0.000946283 0.0019851 0.00488004 -0.00614829 -0.00269611 -0.0127852 -0.0106956 -0.00202372 -0.0145517 -0.0226374 0.0249949 0.00105655 -0.0200583 0.0204937 -0.000385907 0.181187 -0.00288303 -0.00553902 0.00211085 -0.00314697 -0.00171384 -0.00448932 0.000275555 -0.00674869 -0.00958724 -0.00883688 -0.00689395 0.00301238 -0.00251501 -0.00298301 -0.00213876 0.00174402 0.00146314 0.000100073 -0.00316863 0.00209715 -0.00207174 -0.0042504 -0.00276854 0.000277246 -0.00336314 -0.0080561 -0.0012199 -0.00692021 -0.00478293 -0.0237619 -0.000438407 0.00227436 0.00270513 0.00345303 -0.00168 -0.00239488 0.00110122 -0.0182654 -0.00266125 0.00646847 0.00309817 0.00113381 -0.0170071 0.000970096 -0.000672478 -0.00349258 0.00330315 0.000726591 0.00137036 -0.00185982 0.00350116 0.00212336 -0.00250918 0.00105538 -0.00344267 0.00905716 0.00317257 0.00519969 -0.00546698 -0.000374094 0.00767118 -0.00947862 -0.0124401 0.00399464 -0.00760439 -0.0103215 5.97029e-05 0.0117252 0.00604259 -0.000397058 0.00089181 -6.48125e-05 0.00529269 -0.00852043 
0.00412836 0.0154505 0.000805227 -0.00444087 0.00142811 0.00127132 -0.00662847 -0.00335341 0.000198464 -0.0015638 -0.00849594 0.00504614 -0.000936492 -0.0162728 -0.0315084 -0.00114455 0.0142327 -0.000321257 -0.00147878 0.00751463 -0.00466277 -0.0176012 0.00178544 0.00999022 -0.0171089 -0.00288303 0.179659 -0.0124595 -0.00152551 0.00011105 -0.000268182 -0.0204846 0.000992932 0.00561766 -0.00417004 0.00607419 0.0019823 -0.00571198 -0.000475528 -0.00626504 -0.00103904 -0.000396091 0.0019062 -0.00494225 0.0109602 -0.00388662 -0.00497419 0.00149226 -0.00515367 0.00451579 -0.00281486 0.000750886 -0.00329212 -0.00683185 0.00560682 0.00647492 -0.00401256 -0.00746822 -0.00309437 0.00340272 -0.00171241 0.00429495 0.00114427 0.0203678 -0.0010961 -0.000786055 0.00251882 0.00144551 -0.0119831 -0.000827671 0.00119528 -0.0110503 0.00645329 -0.000902206 0.0016518 -0.00904801 -0.0109023 -0.00293678 -0.00378051 0.00110781 -0.00384294 -0.00554912 -0.00461907 0.000711143 -0.0103618 0.00247589 0.00143568 -0.00447919 -0.00282425 -0.00412339 0.000364121 -0.00907084 0.000891976 0.00276156 -0.0140377 -0.00317442 0.00043342 0.00151103 0.0037544 -0.0111415 
0.00863998 -0.00768626 -0.00340472 0.0179404 -0.00560731 -0.000238309 0.00250082 -0.00274733 -0.000161132 -0.00377506 0.00742369 -0.00806796 0.00163329 -0.000629064 0.0106026 -0.00400881 -0.00746256 0.00161311 0.0219269 0.00515856 -0.0128269 0.00188478 -0.00185154 -0.0126042 0.000152865 -0.00553902 -0.0124595 0.14186 -0.00379196 -0.000578521 -0.001643 0.000704933 -0.0028557 -0.00296091 -0.0105837 -0.0107766 -0.00266698 -0.00154075 -0.0024357 0.00599212 0.00164763 0.00108055 -0.0026191 -0.00558354 -0.00472002 0.0062698 -0.00620709 -0.00100513 0.000514859 -0.00719276 -0.00363779 -0.0098806 -0.00130583 -0.00816903 -0.00176693 -0.00786159 0.000871016 -0.00155814 -0.000567359 -0.00475236 -0.00369448 0.00143868 0.000249901 -0.00657487 -0.00267701 -0.00333181 -0.00131591 -0.00101498 0.00933601 0.00103448 0.00257891 2.16779e-05 -0.000194817 -4.90004e-07 -0.00149533 0.00269839 0.00223533 -0.00467352 0.00212622 0.000109185 0.00458766 -0.00575583 0.00154403 -0.0128031 -0.00217422 0.00122646 -0.00187224 -0.00385581 0.00444847 -0.00477921 -0.00563523 -0.00146043 -0.0015019 -0.00312723 -0.0030452 -0.00566583 -0.00226385 -0.00572805 -0.00166499 0.00998327 
-0.00329868 0.00313644 -0.000419406 0.000376851 0.00390069 3.52087e-05 0.00074488 0.00114135 -0.000481257 -0.00324107 -0.0036487 0.0118125 -0.00437153 -0.00379492 -0.00488407 -0.00413204 0.00247096 0.000671662 -0.0169234 -0.0019416 -0.000269614 -0.000240353 -0.00864717 -0.00419817 -0.000782493 0.00211085 -0.00152551 -0.00379196 0.0631302 -4.37336e-06 -0.00134917 -0.00429061 -0.00311429 -0.00133695 0.000695849 -0.00442559 -0.00265339 0.00169682 0.00173366 0.000857179 -0.000674125 -0.00123545 0.000612564 0.00661276 -0.00141853 -0.00391371 8.1741e-05 -1.69549e-05 0.00128271 0.000728743 -0.00110254 -0.00364908 0.00188331 -0.00459216 -0.00419121 -0.00358421 -0.00261302 -0.00451207 6.00084e-05 0.00314262 0.000504941 -0.00166565 0.00279972 -0.00104618 0.00248663 -0.00134053 -0.000639711 0.00162838 -0.00276141 0.000223065 1.55035e-05 0.000200681 0.00191157 -0.00014713 0.000678648 0.00286241 -0.00270793 -0.00103833 0.00185851 -0.000370877 -0.00146343 0.00277441 0.00256814 -0.00204236 0.000495331 -0.000762987 -1.22885e-05 0.000333998 -0.00584828 -0.000513779 -0.00126799 -0.000155047 0.000557253 0.000846051 0.00390105 0.00445184 0.000637251 0.000506149 -0.00150406 -0.000603802 
-0.00192475 0.0012192 0.000274786 -0.00177989 0.000465706 3.9892e-05 -0.000423274 -0.00216717 -0.000746683 -0.00213032 -0.00642169 0.00480943 0.00820573 -0.00484857 0.00533565 0.00206737 -0.00606464 0.00603644 -0.00388109 0.00695975 -0.00249581 -0.000784437 -0.00140291 -0.0108152 0.0028131 -0.00314697 0.00011105 -0.000578521 -4.37336e-06 0.0815505 -0.00115754 -0.0118452 0.0013193 0.00340249 -0.00184981 0.00745403 0.00118854 -0.000609007 0.00112339 -0.00248101 -0.000917301 -0.00174775 -0.00471611 -0.00233622 -0.00204635 -0.0053096 0.00225054 -0.00252276 -0.000573629 -0.00560513 0.000278901 -0.000783498 -0.000120769 -0.00284347 -0.00186874 0.00509135 0.00192864 -8.87135e-05 -0.000586352 8.21895e-05 -0.000482876 -0.00193557 -0.0029134 0.00234705 0.000590649 0.00217133 -3.42211e-05 -0.000473607 0.0042445 -0.000264238 -0.000480167 -0.000657001 -0.00287395 -0.000338403 -0.000780392 0.000567267 -0.00255273 -0.00180864 0.00098796 -0.00216866 -0.00232577 0.00049438 0.00175893 -0.00158416 -0.00474529 -0.00166765 -0.00196142 -0.00211387 -0.00422202 -0.00476122 -0.0022143 0.00203889 -0.000592354 -0.00422973 -0.00364812 -0.00262003 -0.000377338 -0.000324572 -0.00188092 -0.00255102 
-0.000544569 0.00320632 0.00034035 -0.00148202 0.00103761 0.01484 -0.0011333 0.000860662 0.00234067 0.00356433 0.00570713 -0.00558339 0.00129314 0.00111431 -0.00960269 -0.000614888 -0.00702126 -0.00212114 0.00229012 -0.00299179 0.00110132 -0.0119789 -0.00952994 0.000416173 0.00207201 -0.00171384 -0.000268182 -0.001643 -0.00134917 -0.00115754 0.113679 0.0022124 -0.00387039 0.000370616 0.00276368 -0.000728698 -0.00217638 -0.00173655 0.00149291 0.00109415 -5.22562e-05 -0.00165226 0.00675382 -0.000517303 0.00189976 0.00198535 -0.00482576 -0.00317892 0.00157157 0.00659655 0.00169301 -0.00435689 -0.00192045 0.00664126 0.00313019 -0.00785819 -0.0068068 -0.00531867 -0.00179324 0.000718889 -0.00458354 -0.00151795 0.000415306 -0.00631071 -0.00266068 -0.00476401 -0.00144533 -0.00172349 -0.00463232 0.00016616 0.000337417 -0.00640315 -0.00763343 -0.000802381 -0.00135032 -0.00498512 0.00569772 -0.000803939 0.00241662 -0.00334434 0.00099688 -0.00012831 -0.00187879 -0.00383006 -0.00222569 -0.00348815 -0.00256584 0.00131465 -0.00472231 -0.00401088 0.000120087 -9.30774e-06 -0.000212542 -0.00342167 -0.00564646 -0.00642977 -0.001025 -0.00114163 0.000423972 -0.00545064 
0.0029904 -0.011234 -0.00565704 -0.0146033 -0.00353447 0.0149695 -0.00252371 -0.00294043 -0.00387222 -0.00215401 0.00751616 -0.000624322 -0.0185491 0.0244664 0.015732 -0.0193931 -0.0113159 -0.0135184 0.0298643 -0.0219631 -0.0209836 0.0169041 -0.0128946 0.0115528 -0.00705379 -0.00448932 -0.0204846 0.000704933 -0.00429061 -0.0118452 0.0022124 0.218142 -0.0160337 -0.0153669 0.0125458 0.00670106 -0.0190114 0.00132787 0.00459385 0.0204454 -0.00144394 -0.000439028 0.000849041 -0.00579736 0.0054581 0.00627886 -0.0141743 -0.00475155 -0.00554001 0.0135341 -0.000391421 -0.0100957 -0.00875893 -0.0106007 0.00589295 0.0080351 -0.00303524 0.00757869 0.0012531 -0.00942894 0.00246178 -0.00179061 -0.00132878 -0.0326876 -0.00140158 -0.0040895 -0.00276822 -0.00506234 -0.00681475 0.000416376 -0.00213265 -0.00888947 -0.00228714 -0.00272609 -0.00256936 -0.0096149 0.00995999 0.00373447 -0.00660036 -6.13455e-05 0.00289897 -0.00458145 -0.00377553 -0.00659167 -0.00175236 -0.00150719 0.00263496 -0.00317062 -0.00650915 0.0103408 -0.00680318 0.00711764 -0.00178354 -0.00261753 -0.00483512 -0.00973813 0.00244015 0.00089037 -0.00134036 0.00217942 
-0.00682418 -0.00405329 0.00348694 0.0109594 -0.00600633 -0.00789232 -0.00106378 0.0104523 0.00335265 0.00524353 0.0117546 -0.0180826 -0.00424714 0.00387026 -0.00809598 -0.00559278 -0.0132269 -0.00368663 -0.0157716 -0.0156895 -0.0112265 0.000219512 -0.00103092 -0.00423731 -0.0043972 0.000275555 0.000992932 -0.0028557 -0.00311429 0.0013193 -0.00387039 -0.0160337 0.137411 -0.00921715 -0.0028034 -0.00933728 -0.00151763 0.00327006 -0.00237062 -0.00500858 0.000427057 0.00462944 -0.00264682 -0.00200871 -0.000510626 -0.00163226 0.00440793 0.00431707 0.000886909 -8.7276e-05 -0.000608006 -0.00391556 -0.00174303 -0.00370366 -0.00593995 0.00413319 0.00423959 -0.000313259 0.000445102 -0.00741738 -0.00147156 0.0010773 -0.00433958 0.00643487 -0.000441457 -0.00209112 -8.31405e-05 -0.0013758 -0.00791915 -0.00150522 0.00158257 0.00424143 0.00749771 -0.00034686 0.00288284 0.00633052 -0.000740327 -0.000485394 -0.00194954 0.00225938 -0.00481211 0.00228751 -0.0025348 -0.00793152 0.00358362 -0.000617226 -0.00380614 0.000873958 0.0054128 0.00209575 0.00341595 -0.0054121 -4.45187e-05 0.00657899 -0.00211651 -0.00569816 0.000830038 0.000686661 0.00428714 -0.00495131 
0.00390343 0.00923827 0.00527868 -0.00220427 -0.00453233 0.000119085 -0.00470517 -0.00290244 -0.00125281 -0.00510191 -0.0127952 0.0244406 0.0113717 -0.00928464 -0.0100672 0.0117671 0.0112004 -0.00836202 -0.0130687 0.023824 -0.0136621 -0.00116233 0.00520488 -0.0295517 -0.00855913 -0.00674869 0.00561766 -0.00296091 -0.00133695 0.00340249 0.000370616 -0.0153669 -0.00921715 0.1408 0.0077587 0.0042078 0.0105378 -0.00378198 -0.00284863 -0.0059311 -0.00146817 0.000132667 -0.000109642 -0.00789687 0.0032461 0.00119497 0.00363786 0.00205612 -0.00447586 -0.00663353 -0.000353723 0.0034234 -0.00127771 -0.00597101 -0.00278418 -0.00595347 0.000933064 -0.0111586 -0.00597744 0.0216536 -0.00342094 -0.00232821 -0.000987017 0.00299835 0.000901378 -0.00482571 -0.0024687 -0.00352632 -0.000648582 -0.00118859 -0.00208722 -0.00448586 -0.00823495 -0.00120122 3.56771e-05 -0.0086694 -0.0066308 -0.00271653 0.00349128 -0.000871225 -0.00343784 -0.0057515 -0.000104915 -0.0051302 -0.0082277 -0.00255125 -0.00052049 -0.000402827 0.0119842 -0.00686934 -0.00223706 0.00174831 0.000743054 -0.00629001 -0.0084122 -0.00294994 -0.00244202 0.000795227 -0.00183023 0.00289407 
