0.0752738 -0.000347035 6.87029e-05 0.00323913 -0.000264571 -0.000528256 0.00163827 0.00573724 -0.00172976 -0.00354003 -0.0092911 -0.00432188 -0.010518 0.00180033 0.000159604 -0.00237284 -0.00303136 -0.00380371 0.00470941 -0.00555125 -0.0105901 0.00160966 0.000807765 -0.000412178 0.00698586 0.00289421 -0.00166595 -0.00020329 -0.00227948 -0.00416905 -0.0033304 0.000728427 -0.00479074 0.000373918 0.00308519 -0.00280212 0.000680815 -0.000891515 -0.00482863 -0.00276879 4.63165e-05 -0.00644873 -0.000781282 -0.00338966 0.00716824 -0.00267077 0.00115578 -0.00238873 0.000418781 5.12198e-05 0.00185067 0.000725032 0.00329665 0.000434356 0.00300408 -0.0050367 -7.853e-05 -0.0045183 -0.00254602 -0.00136669 -0.00245856 -0.0027855 -0.000495596 -0.00170856 -0.000622603 -0.000453279 0.00241772 0.000194315 0.00222987 0.00400199 6.37781e-06 -0.000300598 -0.00105178 0.00320627 -0.00229444 -0.00524164 5.93324e-06 -0.000929056 -0.00289012 0.00407113 -0.000427422 -4.25727e-05 -0.000258206 0.00385174 -0.00269288 0.000158964 0.000110609 0.00317282 -0.00223364 -0.000707854 0.000162311 -0.000342372 -0.00275229 -0.00174558 -0.00473442 -0.00191349 0.000881777 -0.00193179 0.0028161 -0.000959603 
-0.000347035 0.0637185 -0.00011321 -0.00272955 0.00289687 0.00192314 0.00212946 -0.00295233 -0.00684966 -0.00376289 -0.00157839 -0.000496729 -0.00210344 0.003145 -0.00178042 0.0116621 3.75129e-05 0.00470429 -0.000426138 -0.0061194 -0.00889648 -0.00790743 0.00187737 -0.00948353 -0.00258684 0.00889252 -0.00834288 -0.00225991 0.0048356 -0.00372348 0.00172331 0.00459354 -0.00751566 0.0011116 -0.00283886 -0.00407081 0.000697554 6.96728e-06 -0.00490901 0.00164903 -0.000270144 -0.00128528 -0.00315455 -0.00329966 -0.00470983 -0.00053845 0.000123905 -0.00116751 -0.000255373 -0.00171223 0.000254337 -9.1755e-05 0.00457972 -0.00233708 0.00202962 0.00271285 -0.000134819 -0.00273027 0.00416495 0.00169969 0.000701809 -0.00223943 -0.00212762 -0.00147045 -0.000712752 -0.00360597 -0.00112009 0.000150729 -0.00671901 0.00419427 -0.00385504 9.92272e-05 0.00145891 -0.00290671 0.0108246 0.000612116 0.000618369 0.000675086 -0.00321435 -0.00212577 -0.000643672 -1.98845e-05 -0.000655069 -0.00078812 9.76306e-05 -0.0019268 -0.000556245 0.00131074 0.00553332 -0.00245451 -0.000398112 0.000206137 0.000232913 -0.000408072 0.00115751 -0.00178395 -0.00108594 -0.00366301 0.00225165 -0.00333286 
6.87029e-05 -0.00011321 0.0172653 0.000298982 -0.000451882 0.000107778 0.000146824 -0.00104285 -0.00137826 0.00126577 -0.000420353 -0.000711402 -0.00172504 -0.0010389 0.000434497 -0.000847629 -0.000129048 0.00127755 -0.00111219 -0.00283568 0.00327576 -0.00135468 0.000579007 -0.00128946 -0.0021789 -0.00150278 -0.000546315 -0.000455581 -0.000536212 -0.000479171 -0.0011807 0.000417333 -0.00147998 0.000121115 -0.000168393 -0.000647639 0.000321081 -0.000108317 0.000877905 -5.68263e-05 -0.00038013 -0.00267493 -0.000498614 -0.000214481 0.000105481 -0.00122833 -0.000500662 -0.0001708 -2.76788e-05 -0.000594425 -7.28292e-05 0.000126322 -0.000578514 -5.71281e-05 0.000440756 -0.000367429 0.000110551 -3.79083e-05 0.000857269 -0.0005025 -0.000390687 0.000131186 0.000904833 0.000186455 0.000176075 0.00088446 -3.11386e-05 7.6654e-05 0.000586693 0.000615526 0.000702018 0.000424926 0.000203396 -0.000888545 0.000372986 -0.000222202 -8.74576e-06 -0.000134025 -0.00113964 0.000607791 0.000279589 -0.000162194 0.000296035 -0.00066674 -0.000756909 -0.000339528 -2.69053e-05 0.00123604 0.000248743 -0.000648126 -0.000325442 7.37936e-05 0.00041669 0.00087654 0.000871716 0.000398945 3.94699e-05 -0.000697625 -0.000864881 0.000292526 
0.00323913 -0.00272955 0.000298982 0.164295 -0.00355304 0.00923057 0.00212309 0.00173511 -0.00753461 -0.00658947 -0.0218921 -0.00833692 -0.0103034 0.0139048 -0.000716496 -0.0206427 0.0189706 -0.00194139 -0.00682251 -0.0092734 0.00731659 -0.000798371 0.0218226 -0.00628342 0.00643611 -0.00408366 -0.0159791 -0.0114352 -0.0223087 -0.00328465 0.00514841 -0.00202082 0.0113128 -0.00750979 0.0141923 -0.0144662 -0.000568683 -0.00533095 0.00615936 -0.00634122 -0.00167634 0.00860321 -0.0110842 -0.00357511 0.00294907 -0.00374049 -0.00465431 0.00303158 -0.0014755 -0.00112385 -0.00442543 -0.00421025 0.00331693 -0.00152657 -0.00138079 -0.0119607 -0.00120704 -0.00392557 -0.00157535 -0.00315521 -0.0142725 -0.00376621 -0.000583087 0.0035126 -0.00194239 0.00417414 -0.00222008 -0.00183685 0.00147881 -0.00136313 -0.00928456 0.00162737 0.00123453 0.00478459 -0.004736 -0.003644 -0.000760258 -0.00311467 -0.00407831 -0.00389995 -0.00102288 -0.0021374 -0.00192086 6.61207e-05 -0.000780829 -0.0063883 -0.00250063 0.0131715 -0.0011578 -0.00265037 0.00578495 -0.00628305 -0.000994683 -0.00230319 -2.98467e-05 0.00236736 -0.00135731 0.00157152 0.0136431 -0.0110309 
-0.000264571 0.00289687 -0.000451882 -0.00355304 0.0617189 0.00119471 -0.000384486 -0.00378349 -0.00390524 -0.00678573 -0.00302606 -0.000220627 0.00250458 0.0102178 -0.00295509 0.00583465 -0.00892701 0.0142314 0.00874503 -0.00470082 -0.0107093 -0.00441643 -0.000796295 -0.0117174 -0.000894447 0.00390288 -0.00732212 -0.00353426 -0.00246083 -0.00510911 -0.00129768 -0.00164831 -0.00429375 -0.00126624 -0.000189745 0.00184737 -0.000565495 0.00217617 -0.00273567 0.00198678 -0.000324661 -0.00637843 -0.00156768 -0.000944127 -0.00064435 -0.00424519 -0.000916446 -0.000185586 -0.00057929 0.000516701 0.0013014 0.000329646 0.00255866 0.000462198 -0.00106307 -0.00363251 0.00149264 -0.000962514 -0.0027415 9.54425e-06 0.00278228 0.00252648 -0.00373892 -3.77534e-05 0.000871587 -0.00153776 -0.00136549 0.00264177 0.00182069 0.00251039 -0.00086755 -0.0020934 0.000496129 0.0030876 0.00142667 -5.28762e-06 0.00160451 -0.000328845 -0.00317976 -0.00127051 -0.000360339 0.000806829 -0.00115821 0.0018404 -0.00219658 -3.49492e-05 0.00227509 -0.00156695 0.00154153 0.000152955 0.00157474 -0.00123772 0.000426131 -0.000898969 -0.00265712 -0.00072491 -0.000800277 -0.00402107 0.00204282 -0.00217366 
-0.000528256 0.00192314 0.000107778 0.00923057 0.00119471 0.120163 0.0011676 0.00133151 -0.0112834 0.00730391 -0.0099726 -0.00229423 -0.00267482 0.000778955 0.00195093 -0.0125335 0.000895589 0.000805607 -0.0205369 -0.0141389 0.00408228 -0.0107082 0.00267959 -0.00695572 -0.00904841 -0.011213 -0.00516247 -0.00512621 -0.00494368 -0.00996125 0.00824842 -0.0073736 0.00386852 -0.00257756 0.00250108 -0.00978553 4.63024e-05 0.00101331 -0.00570422 -0.00609784 0.0035337 0.0041042 -0.00104405 -0.00396061 -0.0147694 0.00231436 0.00516912 -0.000262595 -0.00125791 -0.00141786 -0.00321679 0.000359589 0.0062121 0.00826978 -0.0012534 0.00244613 -0.000744167 -0.00891234 -0.00942292 0.000737512 -0.00309346 0.00122126 -0.00176488 0.00107829 -0.000604241 0.0045766 -0.00229159 -0.00271095 -0.0100325 0.00127022 -0.000717217 0.00377036 0.00207049 -0.00362406 0.00629664 0.00259539 0.000396111 -0.00158146 0.00162583 -0.0031664 -8.71123e-05 -0.000804407 -0.000626806 0.00223034 -0.00384127 0.000822552 -0.00237193 0.00380624 -0.00251476 -0.00174081 0.0017897 0.00111542 -0.00103726 -0.002121 0.00788889 0.007479 -0.000868608 0.00855326 -0.00289917 0.00235597 
0.00163827 0.00212946 0.000146824 0.00212309 -0.000384486 0.0011676 0.0350616 -0.00195068 -0.000216252 -0.00261341 -0.00363089 -2.22006e-05 -6.96961e-05 -0.00128204 0.00112731 0.000790006 -0.000120353 -0.00048732 -0.00308855 -0.000642473 -0.000818093 -0.00633789 0.000238132 -0.00643485 0.00325304 0.00132975 -0.00156017 -0.00167793 -0.000171162 -0.00214996 -0.00213638 0.00271544 0.0010328 -8.15392e-05 0.000956859 -0.000613791 -0.00018086 -0.000530709 -0.00287819 0.00217403 -0.000421223 0.00059584 -0.00146092 -0.00104802 -0.00463479 -0.00156368 -0.000122383 -0.000522387 -0.000472455 0.000310214 3.03261e-05 -0.000120245 0.000739958 0.000581256 -0.000648961 -0.00148454 -0.000260665 -0.000129663 -0.00331146 0.000471147 -0.00112942 -0.00145292 -0.001101 -2.70163e-05 0.000223789 -0.00104049 -0.000181002 0.00121156 -0.00257286 0.000983533 -0.000788647 0.000307693 0.000875642 -0.000481988 0.000918185 -0.00066142 0.000156561 0.000640777 -0.000342558 4.18594e-05 -0.000390533 -0.000355524 0.000479212 0.000491877 0.00114149 -0.00092148 -0.000518472 -0.000276671 0.000897469 -0.00131581 0.00194872 -0.000953545 0.00130658 0.000573121 0.00108676 0.00181643 0.000295678 -0.00180684 -0.000161301 -0.00124914 
0.00573724 -0.00295233 -0.00104285 0.00173511 -0.00378349 0.00133151 -0.00195068 0.139483 0.00942864 -0.00709683 -0.00258326 -0.00988088 -0.0107481 0.0111289 0.00139094 -0.0190001 0.0115159 -0.00925633 -0.0186848 0.00587411 -0.00863965 0.00760514 -0.00733215 -0.00929772 -0.0136812 -0.00883708 0.00247584 -0.00652258 0.0018361 -0.000565148 -0.00593005 -0.00477255 -0.00950664 -0.00292503 0.0114357 -0.00320761 -0.00367715 -0.00544328 -0.00585842 -0.00309889 -0.00200079 -0.00224586 -0.0058529 -0.00553974 0.00423186 0.00123066 0.00585619 -0.00072942 0.00165263 0.000192682 -0.000655853 0.000499315 -0.00155828 0.00193228 -8.0496e-05 0.0021255 0.000637522 0.00170748 -0.00241965 0.00482208 -0.00522855 0.00416934 0.0130816 -0.000606393 0.00264521 -0.00465247 0.00118752 -0.00230747 0.00170293 0.00106882 -0.000558268 0.00137874 -0.0017861 0.000253308 -0.00549484 -0.00229132 -0.00263556 -0.000786198 -0.0186506 0.000916128 0.00116873 -0.00117859 6.77666e-05 0.00144458 0.00192882 -0.00289887 0.00165412 -0.00603418 0.00270304 -0.00276639 -0.00110511 -9.83463e-05 -0.00629321 -0.00215256 0.0027507 0.00126648 -0.000422193 0.000329625 0.00355612 -0.00383445 
-0.00172976 -0.00684966 -0.00137826 -0.00753461 -0.00390524 -0.0112834 -0.000216252 0.00942864 0.143612 -0.00819623 -0.00284324 -0.00166599 -0.00255686 -0.00896392 0.00131867 -0.00016091 -0.0135046 -0.013828 -0.00741241 0.00865514 -0.0250753 0.00700657 0.0120255 -0.00960297 -0.00400335 -0.0106859 0.00973265 0.00800607 0.00061319 -0.000564736 -0.00534936 -0.00384971 -0.0041475 -0.000206108 -7.1648e-06 0.00779654 -0.00275961 -0.00311944 0.00219799 -0.0033919 -0.00301371 -0.0214488 0.00968836 0.00639264 0.010953 0.00292963 0.00318162 0.0011002 0.00114739 0.00548654 0.00058765 0.00164297 -0.00380028 0.000233985 0.000882388 -0.00506262 -0.00011707 0.00452253 -0.0187598 0.00240966 -0.00348393 0.00367432 -0.00437526 0.000824436 -0.00244631 0.0017173 -0.00036411 0.00399491 0.00904938 -0.00802751 -0.000595364 -0.00129695 -0.000611162 0.00386424 -0.00436348 -0.00156322 -0.00196561 0.00425083 -0.00130003 -0.000741317 -0.00019485 -0.00153922 0.00117474 -0.00192041 -0.00392076 -0.00641845 0.0015408 -0.00220369 -0.0060799 -0.00183536 -0.000473367 0.00201069 -0.00413754 -0.0043324 -0.00849682 0.00278279 0.00227203 0.00264503 -0.00733824 -0.00433324 
-0.00354003 -0.00376289 0.00126577 -0.00658947 -0.00678573 0.00730391 -0.00261341 -0.00709683 -0.00819623 0.18905 0.00279034 -0.0195937 -0.0233991 -0.0207835 0.00543328 0.022299 -0.0198347 -0.0189297 -0.0102728 0.00252703 0.0259621 0.00539301 -0.00388804 0.00444848 -0.0094066 -0.015674 -0.0108299 0.0106301 0.00930046 -0.00245515 0.00648735 -0.0044513 -0.00733036 -0.0030761 -0.0150507 0.00271905 0.00653382 -0.00217579 -0.0017728 -0.0028754 -0.00622077 -0.0197282 0.000163203 0.00267292 0.00718193 -0.0019246 -0.00732858 0.0010411 -0.00242192 -0.00259922 -0.00279782 -0.00512392 -0.0122173 -0.00151204 -0.00484035 0.0087729 -1.97319e-05 -0.00414238 0.0120154 0.00360486 -0.00197539 -0.00111095 0.0044437 0.00026208 -0.00580169 -0.000152068 -0.00111561 -0.00888401 -0.0162563 0.00821134 0.00613012 0.00207163 0.00234734 -0.0184807 0.000944459 0.00820555 -0.00163776 0.000141969 0.00152838 0.00639012 0.000913973 -0.00265245 0.00363056 0.000245316 -0.00706484 -0.00626398 -0.00572257 0.00240417 -0.00135317 0.00377562 -0.00388788 0.00573949 -0.0193337 0.00374138 0.00721496 0.00366095 -0.00299532 0.00560141 -0.0161648 0.00691315 
-0.0092911 -0.00157839 -0.000420353 -0.0218921 -0.00302606 -0.0099726 -0.00363089 -0.00258326 -0.00284324 0.00279034 0.185764 -0.00794888 -0.0086026 -0.0401651 -0.00329526 -0.0298361 -0.0289754 -0.00489987 -0.0106643 0.0392762 0.0357832 0.000256647 -0.00161063 0.0401063 -0.024781 0.000369397 0.0242005 -0.0020156 -0.00519474 0.00310645 -0.00596103 -0.00230423 -0.0223707 -0.00187843 0.00353399 0.00943061 -0.00397602 0.00105811 0.00770447 -0.00430722 -0.00297362 -0.0215252 0.00222858 0.0037144 -0.0101785 -0.00095305 -0.00778142 -0.00311411 0.000788625 -0.00963099 -0.000826705 0.00263847 -0.0112404 -0.00382805 -0.00196687 -0.0101133 -0.000420157 -0.0059332 0.00349339 -0.00146746 0.0149112 -0.00176054 -0.00340475 -0.00105363 -0.00826483 0.00156869 0.00209305 0.00562946 -0.00624427 7.88969e-05 -0.00157179 -0.000684193 -0.00216032 -0.0200276 -0.00674096 0.00559758 0.00175707 0.000449342 -0.00553479 -0.000302383 0.0036737 -0.0014283 -0.00108054 -0.00612452 0.00930163 0.00829481 0.0105562 -0.00722079 0.013287 0.00411476 -0.00715541 0.00243079 -0.0124415 -0.00242697 0.00747571 -0.00592676 -0.00173094 0.00321096 -0.0150377 0.0136269 
-0.00432188 -0.000496729 -0.000711402 -0.00833692 -0.000220627 -0.00229423 -2.22006e-05 -0.00988088 -0.00166599 -0.0195937 -0.00794888 0.202163 0.0210947 0.00295647 -0.00892899 0.0253744 -0.00623211 0.0113845 0.00482643 -0.0476769 -0.00397483 -0.00775236 -0.0207713 -0.0226777 -0.0231994 0.00604109 -0.020971 0.000244385 -0.00927678 -0.00732326 -0.00715517 0.00648494 0.030075 -0.00711033 0.00027467 -3.28661e-05 -0.0111484 -0.00645056 -0.0116182 0.0125582 0.00302787 0.0172581 -0.0101331 0.00735719 -0.00660533 -0.0010098 0.00315042 -0.00451736 -0.00146352 0.00446644 0.00130737 -0.00614373 -0.000483464 -0.00799422 -0.00111439 0.00696617 -0.00223952 0.00652745 -0.00983395 -0.0031605 -0.00280026 -0.00919627 0.0107683 -0.00078692 0.00399705 -0.00188593 0.00159903 -0.000733881 -0.00606862 -0.00461952 -0.0069335 0.000355931 0.00308276 0.0030631 8.10552e-05 -0.0114619 -0.000188425 0.00319042 0.0178887 -0.00196392 -0.00383411 -0.000783222 -0.00333578 0.0045359 -0.000335577 0.000884683 -0.00131835 -0.00458301 -0.00761733 -0.00667308 -0.00100477 -0.00476795 0.0130516 -0.0039941 0.00454648 -0.00157524 0.00178903 -0.0133453 0.0028878 -0.0129614 
-0.010518 -0.00210344 -0.00172504 -0.0103034 0.00250458 -0.00267482 -6.96961e-05 -0.0107481 -0.00255686 -0.0233991 -0.0086026 0.0210947 0.201668 0.00134423 3.0024e-06 -0.00707178 0.0163646 0.045939 -0.0194992 -0.0333666 -0.0475904 -5.45704e-05 -0.0150566 -0.0137156 0.00685323 0.0103797 0.00151368 -0.00653601 0.00406086 -0.0244792 -0.0150385 -0.000655963 0.00806405 0.00543554 0.00180923 0.000961928 -0.00693012 -0.00208681 -0.00470809 -0.00125392 0.0057607 0.00469786 0.00763356 0.00805492 -0.0104696 -0.00983966 -0.00963181 -0.000743804 0.000841563 -0.000841758 -0.00204139 -0.000238298 -0.00406308 -0.00213575 -0.00571149 0.00580577 -0.00168387 0.00840107 -0.0115328 -0.00317628 0.0002374 -0.00627999 0.000334974 -0.00390829 0.00226979 -0.0063857 -0.00484949 0.00368989 0.0214272 -0.011679 -0.0231559 0.00330581 -0.00299973 0.01263 -0.00497187 0.00256561 -0.00402822 0.000409693 0.0130927 -0.00362654 -0.00282582 0.00279176 -0.00154378 -0.00431551 0.00634606 0.00668354 -0.000602621 -0.00223343 -0.00712193 -0.00384608 -0.00311235 -0.00311993 0.0066066 -0.00256157 -0.00422134 -0.0025414 -0.002826 -0.0120724 0.00235296 0.00374713 
0.00180033 0.003145 -0.0010389 0.0139048 0.0102178 0.000778955 -0.00128204 0.0111289 -0.00896392 -0.0207835 -0.0401651 0.00295647 0.00134423 0.242037 -0.00662366 0.00461607 0.0146243 0.0126542 0.00321545 -0.0209117 -0.0335403 0.00267925 0.0119759 -0.027891 0.0109208 0.00133643 -0.0273086 -0.0170329 -0.00626285 -0.0125403 0.0125473 -0.00490548 -0.021431 -0.00756362 0.0147512 -0.0175503 -0.00067398 -0.000810687 -0.0136005 -0.00501158 -0.0019999 0.0113219 -0.0147443 -0.00186396 0.0258951 -0.0158622 0.00874682 0.00243063 0.000199796 0.0106029 -0.0040335 -0.00312993 0.0353498 0.00142038 -0.00386038 -0.00904304 0.000741346 -0.0047522 -0.00139065 0.00355156 -0.000698929 0.00528899 0.00918062 0.00126346 0.000156873 -0.00475592 -0.00635304 -0.00759154 -0.00496803 0.00176201 -0.00584488 -0.00292934 -0.00683021 0.0151605 -0.00973735 -0.0112835 -0.00118431 -0.00162246 -0.0231866 -0.00354532 -0.00181979 0.000530602 -0.00607295 -0.00305327 -0.011266 -0.0133867 -0.00284163 -0.00787988 -0.00521293 -0.00335942 0.00691697 -0.00766033 0.0133312 -0.00672632 -0.0030646 -0.00160591 -0.00233006 -0.00823684 0.00469595 -0.00356155 
0.000159604 -0.00178042 0.000434497 -0.000716496 -0.00295509 0.00195093 0.00112731 0.00139094 0.00131867 0.00543328 -0.00329526 -0.00892899 3.0024e-06 -0.00662366 0.101714 -0.0143512 -1.66437e-05 -0.00822978 -0.0134771 -0.00125978 -0.00728688 0.00547745 0.00524213 -0.00250613 0.00300525 -0.00287105 0.0178903 -0.00304822 -0.00655862 -0.011221 -0.00540664 0.00353551 -0.0111339 0.000280627 0.00457664 0.00910773 7.85024e-05 0.00113347 -0.00286056 0.00109095 0.00024802 -0.00306372 0.00064619 -0.00035626 -0.000116046 0.00231569 -0.00341877 0.000645966 -7.90002e-05 -0.00351486 0.00364674 -0.000957425 0.000733782 0.00347582 -0.000921156 0.000372592 -0.000174138 -0.00407995 -0.0102743 -0.00146311 -0.00315503 0.000294406 -0.00587413 -0.000828172 -0.00305207 -0.000262826 0.00180651 -0.000724246 0.00115332 -0.00509703 -0.00438894 0.00286232 0.000365835 -0.00368445 -0.00215782 -0.00381148 -0.000274188 -0.000398343 -0.0099576 0.000387627 0.000377685 2.9429e-05 0.00214963 -0.00197171 -2.70103e-05 0.0015635 -0.000536824 -0.00233371 -0.00388828 -0.00136364 -0.00249179 -0.000960613 -0.00397327 0.00163463 0.00745933 0.000469517 0.00164596 0.00381957 -0.00361784 0.00472204 
-0.00237284 0.0116621 -0.000847629 -0.0206427 0.00583465 -0.0125335 0.000790006 -0.0190001 -0.00016091 0.022299 -0.0298361 0.0253744 -0.00707178 0.00461607 -0.0143512 0.248677 0.00261083 -0.0181182 0.038896 -0.0290834 -0.0262559 -0.00876202 -0.0196909 -0.0351848 0.0062511 0.0066751 -0.0407743 -0.000500253 0.0326016 0.0131756 -0.00919007 0.00745691 0.0232431 0.00294781 -0.0343309 0.00489353 0.00457587 0.00119615 -0.00441325 0.00730882 -0.00495664 0.0310112 0.000601965 -0.0128039 0.00162998 -0.0036026 -0.00164124 -0.000816764 -0.00265775 0.00440457 -0.00621176 -0.0115982 -0.00464053 -0.00871401 -0.00411311 0.0202207 -0.00183149 0.0102319 0.00300648 -0.00215325 -0.00497378 -0.0126979 0.0101171 -0.00418925 -0.00639033 -0.00786259 -0.00689296 -0.00521964 -0.0139482 0.00149156 -0.00141589 -0.00177971 -3.62024e-05 0.0148574 0.00766099 -0.00112424 -0.00181127 0.000986605 -0.00829497 -0.000833725 -0.00577875 0.000659555 -0.00289001 0.00456181 -0.01159 -0.00841749 -0.00592376 -0.00533563 -0.00602823 -0.00784391 2.7768e-05 -0.0022757 0.00734561 -0.00363185 -0.00778264 -0.00929115 0.00107387 -0.0167923 -0.00695399 -0.0141064 
-0.00303136 3.75129e-05 -0.000129048 0.0189706 -0.00892701 0.000895589 -0.000120353 0.0115159 -0.0135046 -0.0198347 -0.0289754 -0.00623211 0.0163646 0.0146243 -1.66437e-05 0.00261083 0.19882 0.013348 -0.0382325 -0.0146468 -0.0118762 0.0124125 -0.0223135 -0.0531264 0.0273851 0.000187145 -0.0166099 -0.0147386 0.00909946 -0.00619739 -0.0142056 0.017833 0.00021458 -0.00317136 0.0159825 -0.0174648 0.00728513 -0.00681549 0.00417121 -0.00678862 0.00848916 0.0294002 -0.0145522 -0.0153092 -0.00382423 0.00285122 0.00574196 0.00384851 0.00192626 0.000317227 -0.00552364 -0.00783071 -0.000756701 0.00470594 -0.00432924 0.00747328 -0.00201368 -0.00179683 -0.00431258 -0.00499028 -0.0134992 0.000194057 0.00365483 -0.00615103 0.00844606 -0.00661833 -0.006954 0.000516774 -0.00664407 -0.00433666 -0.00807568 0.00392169 0.000924683 0.0267239 -0.00352207 -0.010897 -0.00323696 -0.000761597 -0.0146812 -0.00325271 -0.00310952 -0.00146688 -0.00330444 -0.00138282 0.00639522 -0.0102226 -0.00691047 0.0054777 -0.00388982 -0.000421082 0.000739478 -0.0047728 0.00724571 -0.00606163 -0.014536 0.00383295 -0.00161293 -0.00445793 0.0282133 -0.00982064 
-0.00380371 0.00470429 0.00127755 -0.00194139 0.0142314 0.000805607 -0.00048732 -0.00925633 -0.013828 -0.0189297 -0.00489987 0.0113845 0.045939 0.0126542 -0.00822978 -0.0181182 0.013348 0.201446 -0.0105449 -0.0159227 -0.0208974 -0.00270355 -0.023188 -0.0189483 0.0014579 -0.00326456 -0.0130221 -0.0161797 0.00429868 -0.0135923 -0.00708334 -0.00671665 0.00261841 -0.00194714 -0.00175068 -0.00804549 -0.00016675 -0.00357355 -0.00807848 0.00222307 0.00652733 7.34202e-05 -0.00313898 0.00819759 -0.0141863 -0.0096068 -0.00163259 0.00063226 -0.000791363 -0.00408287 -0.00133103 0.00803463 -0.00100301 0.00291789 -0.00351358 0.00205758 0.000120471 0.0139857 0.0143658 -0.00151184 -0.00333981 0.00384834 0.00151341 -0.00198569 -0.00232229 -0.00596117 -0.00457968 -0.00531999 0.00868881 0.00122991 -0.00764942 0.000108699 0.000617629 0.00611432 -0.00190491 -0.00276163 -0.00260692 -0.000610811 0.00220801 -0.00714433 -7.8342e-05 -0.00158484 -0.00371766 -0.00382375 0.000940302 -0.00174491 -0.00316604 -0.00571686 0.00215435 -0.00717466 -0.000307592 -0.00889971 0.00395272 -0.000983221 -0.00918581 0.00205549 -0.0026771 -0.0203719 0.00583252 -0.00102814 
0.00470941 -0.000426138 -0.00111219 -0.00682251 0.00874503 -0.0205369 -0.00308855 -0.0186848 -0.00741241 -0.0102728 -0.0106643 0.00482643 -0.0194992 0.00321545 -0.0134771 0.038896 -0.0382325 -0.0105449 0.236637 -0.0195153 -0.0101873 -0.0213617 -0.00386129 0.0160431 -0.00351787 -0.000103304 -0.00990417 0.000898748 -0.0221384 0.0223833 -0.00902077 -0.00903014 0.00519029 -0.00570337 -0.0149963 0.00243726 0.000876642 0.00108076 0.00790998 0.00238324 -0.00755175 0.0126435 -0.00647563 -0.0041425 0.0148402 -0.000629209 -0.00291719 -0.00118054 -0.00102965 -3.74513e-05 -0.000368687 -0.00491946 -0.00815001 -0.00880646 -0.00346266 -0.00738566 -0.00251834 0.0165046 0.0259607 -0.0014239 -0.00133234 -0.00228064 -0.0117485 -0.00137403 0.00135049 -0.00278464 -0.00114278 -0.00868464 -0.0109116 -0.00200081 0.00929156 -0.0136833 -0.00461807 0.0030679 -0.00233369 0.00296104 0.000861621 -0.00118392 0.0260916 -0.00218059 -0.00345444 7.8199e-05 -0.00309513 -0.00045818 -0.00542849 0.00011576 -0.00154024 0.00712226 -0.0095656 -0.00800469 0.00122621 -0.00238155 0.0223313 0.00484592 -0.0129407 -0.00805587 -0.000158965 -0.0187816 -0.00255672 -0.0117304 
-0.00555125 -0.0061194 -0.00283568 -0.0092734 -0.00470082 -0.0141389 -0.000642473 0.00587411 0.00865514 0.00252703 0.0392762 -0.0476769 -0.0333666 -0.0209117 -0.00125978 -0.0290834 -0.0146468 -0.0159227 -0.0195153 0.243314 0.0246011 -0.00851583 -0.0186345 0.038593 0.0129504 -0.00352224 0.0363895 -0.00322931 0.00163738 0.0119196 0.0119101 -0.0108308 -0.00983066 0.00354638 -0.015626 0.0088664 0.00344801 -0.00290456 0.00192902 -0.0191141 -0.00262455 -0.00927179 -0.00537546 -0.00492096 -0.026414 0.0113756 -0.00197642 -0.00330506 -0.000472985 -0.000217295 -0.00523436 0.0114459 -0.00478032 0.00574473 0.000112698 -0.00273853 0.000738357 -0.0101311 0.000168448 0.00294573 0.0145588 0.00827691 -0.00701811 -0.00596403 -0.00166759 -0.00012019 -0.000945936 -0.0048471 -0.0256748 -0.00612586 0.00258288 -0.00968605 -0.000221253 -0.0207113 0.00450979 -0.00156758 0.00329324 -0.00319514 -0.0116636 -0.00117271 0.0045455 -0.000641738 -0.00389988 -0.0131024 -0.00416728 0.00450261 -0.00214763 -0.0183276 0.00228254 0.00538062 -0.00108061 0.00157425 -0.00980864 -0.000113833 0.000404496 -0.00533743 -0.00320459 0.0141037 -0.0105994 0.0143444 
-0.0105901 -0.00889648 0.00327576 0.00731659 -0.0107093 0.00408228 -0.000818093 -0.00863965 -0.0250753 0.0259621 0.0357832 -0.00397483 -0.0475904 -0.0335403 -0.00728688 -0.0262559 -0.0118762 -0.0208974 -0.0101873 0.0246011 0.247937 -0.013673 0.0105545 0.0182395 -0.0313963 -0.0318406 0.00447745 -0.00760283 -0.0077165 0.0234404 0.000417528 -0.0200281 0.00271755 -0.0119721 -0.00346881 0.00688337 -0.00118722 -0.00471553 0.0132852 0.00563823 -0.00536556 0.011346 -0.00664074 -0.0080066 -0.0330909 -0.00457769 -0.00857193 -0.00497479 -0.00166357 -0.0201389 -0.00200641 0.00108604 -0.00559056 0.00403905 -0.00197822 -0.0158624 -0.000387061 -0.00129576 0.0184956 -0.00716115 0.011923 0.00038854 -0.00130777 0.000459669 -0.00300801 0.00781064 5.24784e-05 -0.00313595 -0.00609924 0.00439213 0.0185 -0.00266114 -0.000949612 -0.0312384 0.00909746 -0.00299133 0.000639226 0.000247768 -0.0070642 0.00616499 -0.000155815 -0.00637564 -0.001715 -0.00878418 0.00231417 0.00755 0.00504666 0.00319396 0.00411567 0.0106207 -5.58351e-06 -0.00521041 -0.0113905 0.00388263 0.014704 0.00477669 -0.00258409 0.0093269 -0.0108788 -0.00197918 
0.00160966 -0.00790743 -0.00135468 -0.000798371 -0.00441643 -0.0107082 -0.00633789 0.00760514 0.00700657 0.00539301 0.000256647 -0.00775236 -5.45704e-05 0.00267925 0.00547745 -0.00876202 0.0124125 -0.00270355 -0.0213617 -0.00851583 -0.013673 0.192468 0.0162063 -0.0111476 -0.00936318 -0.0143603 -0.00225011 0.00740125 -0.0168615 0.00191889 0.0045225 -0.00538977 -0.00790754 0.00435712 0.00844529 -0.0130536 -0.00560946 0.000152759 -0.0140487 0.00258067 -0.00700496 -0.0177615 -0.00150037 0.00544998 0.0131832 0.00687935 -0.0104974 -0.00268801 -0.00117738 0.00181741 -0.00100633 -0.00493919 -0.0026844 -0.000524426 -0.00342369 -0.00566746 -0.00258361 0.00707802 -0.00365902 -0.00357049 -0.00120844 -0.00184857 0.00305306 0.00198227 0.00318867 -0.00205671 0.00112844 0.000847788 0.00876193 0.00548687 0.000774029 0.00281722 -0.00186863 0.000780342 -0.0176518 -0.0129773 -0.00361043 -0.00207676 -0.0105844 0.00119172 0.00256531 -0.00232328 0.00106211 0.00509742 -0.00937003 -0.00313768 -0.00100361 0.00195594 0.0023502 0.00110747 -0.00289247 0.000518371 -0.0185074 -0.00372725 0.00484812 -0.00337759 -0.00178237 0.00770841 -0.000694865 -0.00840101 
0.000807765 0.00187737 0.000579007 0.0218226 -0.000796295 0.00267959 0.000238132 -0.00733215 0.0120255 -0.00388804 -0.00161063 -0.0207713 -0.0150566 0.0119759 0.00524213 -0.0196909 -0.0223135 -0.023188 -0.00386129 -0.0186345 0.0105545 0.0162063 0.213616 0.00540627 -0.00402212 -0.0187506 -0.00822299 0.00794799 -0.0292891 -0.00144467 -0.00276055 -0.0136904 -0.0315259 -0.00456801 0.010715 -0.0223473 -0.00664455 0.00540042 0.00751276 0.00991817 -0.00328996 -0.0277615 0.0104512 0.00996399 0.00899683 -0.00783367 -0.00959931 0.000534535 -0.00259219 -0.00343872 0.00341859 -0.00820172 0.0112915 -0.00666927 0.00129513 -0.0166737 -1.29987e-05 -0.0175243 -0.0198769 0.000430273 -0.00314665 -0.00197843 -0.00969091 0.00324821 -0.00988107 0.0174872 0.00199955 0.0147306 0.0203284 0.00533395 0.000353668 -0.00232396 -0.00132109 -0.0125693 -0.000470067 0.00626961 -0.00107235 -0.00194245 -0.00408325 -0.00111898 0.00167438 -0.00327253 0.0037062 0.011084 -0.0125591 -0.00228868 -0.00318307 0.0140728 -0.00341307 -0.0009044 -0.000142187 -0.00206292 -0.0179055 -0.00383713 0.00222031 -0.000227914 0.00125998 0.0112172 -0.00592894 0.00331397 
-0.000412178 -0.00948353 -0.00128946 -0.00628342 -0.0117174 -0.00695572 -0.00643485 -0.00929772 -0.00960297 0.00444848 0.0401063 -0.0226777 -0.0137156 -0.027891 -0.00250613 -0.0351848 -0.0531264 -0.0189483 0.0160431 0.038593 0.0182395 -0.0111476 0.00540627 0.24696 -0.0143973 -0.0181125 0.0416246 0.0141459 -0.0247078 0.00387155 0.00378055 -0.019645 0.00451031 -0.00266997 -0.0131382 3.87765e-05 -0.00640632 -0.00382945 0.00624973 -0.00908605 -0.00441741 -0.00292374 0.00391597 0.0215179 -0.00249886 0.00867377 -0.00939085 -0.00698487 -0.00134438 -0.0136735 0.00310228 0.00268847 -0.00816338 -0.00679534 0.0069 -0.0176489 -0.00160625 -0.0135428 0.00921843 0.00219214 0.00274173 -0.00632921 -0.00942667 -0.00375623 -0.0126759 0.00231884 0.0058093 0.00266322 0.0112485 -0.00582028 0.0188412 -0.00958856 -0.00488062 -0.0227597 -0.00584783 0.0120516 0.00159277 -0.00401465 0.0104455 0.000525129 4.29184e-05 0.000879952 -0.00495919 -0.00460718 0.00477996 0.00706897 0.00114066 -0.00507426 0.00237394 -0.00482084 -0.00871473 0.00257091 -0.0292904 0.00344605 0.00685662 -0.0157566 -0.00391722 0.0152044 -0.0166619 0.0117307 
0.00698586 -0.00258684 -0.0021789 0.00643611 -0.000894447 -0.00904841 0.00325304 -0.0136812 -0.00400335 -0.0094066 -0.024781 -0.0231994 0.00685323 0.0109208 0.00300525 0.0062511 0.0273851 0.0014579 -0.00351787 0.0129504 -0.0313963 -0.00936318 -0.00402212 -0.0143973 0.230165 0.0221895 -0.00158189 -0.0114155 0.0127861 -0.0105949 -0.00396316 0.00579907 -0.00793042 0.00724887 -0.00511196 -0.00612319 0.0076945 -0.00172695 -0.0133907 -0.0090946 -0.000218769 0.00616575 -0.000222397 -0.00711993 0.000786649 -0.00307494 0.00413443 0.0021022 -0.000974859 0.00162455 0.000339717 -0.00255678 0.0114607 -0.00201036 -0.00437274 -0.0186939 -0.000293564 -0.021524 -0.0118584 -0.00268404 0.00234083 0.000421585 -0.00805936 -0.00670847 -0.000474296 -0.0102827 -0.00463163 0.00205312 -0.00158801 -0.00145583 -0.0185794 -0.00427778 -0.00380373 0.0121718 -0.00475489 -0.000738889 -0.00266901 -0.00349556 0.00381148 -0.00464905 -0.00231521 -0.00126281 -0.00134886 -0.00361285 -0.00578637 -0.00195369 -0.00212085 -0.000999675 -0.0115539 -0.00127849 0.00404806 -0.0103068 0.00896639 -0.00205144 -0.0171502 0.00304248 -0.00327791 -0.00547521 0.00618366 0.00464244 
0.00289421 0.00889252 -0.00150278 -0.00408366 0.00390288 -0.011213 0.00132975 -0.00883708 -0.0106859 -0.015674 0.000369397 0.00604109 0.0103797 0.00133643 -0.00287105 0.0066751 0.000187145 -0.00326456 -0.000103304 -0.00352224 -0.0318406 -0.0143603 -0.0187506 -0.0181125 0.0221895 0.178882 -0.000727634 -0.00731438 0.00635267 -0.0105688 0.00547428 0.0250788 -0.0156528 -0.00109607 -0.00509507 -0.0010612 -0.00648091 -0.00278814 -0.00155089 -0.00286833 -0.000456453 -0.0149289 -0.00555983 -0.00843872 -0.00183926 -0.00955773 -0.00273378 -0.000419996 -0.00154732 0.00644089 0.00235722 -0.00409754 0.0137763 -0.00474074 0.00402826 0.00269648 -0.000358204 -0.0041643 -0.00964164 0.000965807 -0.00405657 -0.00682318 -0.00500621 0.000676592 0.00112089 -0.00218812 -0.00132659 -0.00418803 -0.0176337 -0.00106929 -0.0104099 0.00190134 -0.000425921 -0.00312528 -0.000731919 0.0039173 -0.00180449 -0.0033204 0.0138098 -0.0041012 -0.00272841 0.00155789 -0.00186009 0.00404191 0.00373153 -0.000350732 0.00125038 -0.00982811 -0.00454379 -0.00240666 0.000749883 0.000151164 0.0180293 0.00309698 -0.00941365 -0.00356047 0.00027618 -0.0152315 0.0214253 -0.00134302 
-0.00166595 -0.00834288 -0.000546315 -0.0159791 -0.00732212 -0.00516247 -0.00156017 0.00247584 0.00973265 -0.0108299 0.0242005 -0.020971 0.00151368 -0.0273086 0.0178903 -0.0407743 -0.0166099 -0.0130221 -0.00990417 0.0363895 0.00447745 -0.00225011 -0.00822299 0.0416246 -0.00158189 -0.000727634 0.154987 -0.00624723 -0.0119722 -0.0198547 -0.00468671 -0.0110031 -0.0183048 0.00235512 -0.00449675 0.0196204 -0.00270529 -0.0024263 0.0125067 -0.0074422 0.000294763 -0.02453 0.00523 0.00447162 -0.00320023 0.014206 -0.00511927 -4.55498e-05 0.000768734 -0.00528122 0.000498689 0.00501849 -0.0126145 0.00431379 0.00311948 -0.00959437 -0.000907217 -0.00859153 -0.00169413 -0.000421061 0.0031993 0.00293714 -0.00617078 -0.0024325 -0.00314467 0.0042538 0.00494903 -0.00215711 -0.000792542 -0.00938606 0.00794893 -0.000419382 -0.000271294 -0.0117354 -0.00321091 0.0040906 0.00109253 -0.0015829 -0.0102903 0.00317597 0.00153804 0.000703773 -0.00169713 -0.00828868 0.00870235 0.00754694 0.00467478 -0.00798191 -0.000758617 0.00354505 -0.00527215 0.000364073 -0.00185675 0.00516326 0.000568862 -0.00374446 -0.00103388 0.00406408 -0.00494682 0.00688086 
-0.00020329 -0.00225991 -0.000455581 -0.0114352 -0.00353426 -0.00512621 -0.00167793 -0.00652258 0.00800607 0.0106301 -0.0020156 0.000244385 -0.00653601 -0.0170329 -0.00304822 -0.000500253 -0.0147386 -0.0161797 0.000898748 -0.00322931 -0.00760283 0.00740125 0.00794799 0.0141459 -0.0114155 -0.00731438 -0.00624723 0.119601 0.00138212 0.0122543 -0.00185638 0.00221532 0.00486817 -0.000682501 -0.00490054 0.00295459 -0.000735557 -0.00105881 -0.00708018 -0.00380844 -0.00320615 -0.0159958 0.00483156 0.00307191 -0.00215248 0.000350054 -0.0027571 -0.00161563 0.000229976 -0.00146243 0.00014672 -0.0039781 -0.00998672 -0.0034302 -0.00125381 0.00809222 3.08869e-05 -0.00508483 0.000880055 0.00216225 -0.00460573 -0.00504964 -0.00586772 -0.00277968 -0.00068624 0.0013033 0.00298001 -0.00051736 0.0132322 -0.00472213 0.003088 -0.00196767 -0.000180326 -0.00753222 0.00466695 -0.000685452 0.000119922 -0.000173347 0.0119317 0.0011633 0.00106943 -0.00159585 0.0023624 0.00020781 -0.0028787 -0.00288422 0.000377128 0.00360559 0.00261102 -0.00450024 -0.00287953 0.00665788 -0.0106892 0.0010362 -0.00610994 -0.00394532 -0.00072174 0.00315443 -0.00716245 0.00434303 
-0.00227948 0.0048356 -0.000536212 -0.0223087 -0.00246083 -0.00494368 -0.000171162 0.0018361 0.00061319 0.00930046 -0.00519474 -0.00927678 0.00406086 -0.00626285 -0.00655862 0.0326016 0.00909946 0.00429868 -0.0221384 0.00163738 -0.0077165 -0.0168615 -0.0292891 -0.0247078 0.0127861 0.00635267 -0.0119722 0.00138212 0.166868 -0.0160421 -0.00341178 0.00688558 0.00161103 0.00637255 -0.0165342 0.00444836 0.00234628 -0.0017075 -0.0123865 -0.00118255 0.00389733 -0.00231934 -0.00147963 -0.000752892 -0.0103976 -0.000270659 -0.0015666 0.000163234 -0.00131179 0.00260908 -0.00221978 -0.00108704 -2.88088e-05 -0.00119134 -0.00207669 0.0105013 0.000882585 0.00333533 0.0109571 0.00672235 0.00892082 0.00413507 0.00528536 -0.0041452 -0.000954937 -0.00565292 -0.00430665 -0.00675087 -0.00673586 0.000376907 -0.00622574 0.00669494 0.000381451 0.00188498 0.0109127 0.000328826 -0.000384526 0.00142052 -0.0111515 -0.00298417 -0.0017882 0.0020969 -0.00179818 -0.00527942 -0.00262538 -0.00800097 -0.00195788 -0.00748783 -0.000994887 -0.00259184 -0.00175108 0.00116651 -0.00212125 -0.00720922 -0.00341735 -0.00301444 3.70246e-05 -0.01034 -0.00252756 0.000797276 
-0.00416905 -0.00372348 -0.000479171 -0.00328465 -0.00510911 -0.00996125 -0.00214996 -0.000565148 -0.000564736 -0.00245515 0.00310645 -0.00732326 -0.0244792 -0.0125403 -0.011221 0.0131756 -0.00619739 -0.0135923 0.0223833 0.0119196 0.0234404 0.00191889 -0.00144467 0.00387155 -0.0105949 -0.0105688 -0.0198547 0.0122543 -0.0160421 0.220849 0.0036242 0.00771015 0.0295935 -0.00306807 0.0105566 -0.00901772 -0.00505097 -0.00399286 0.00855358 -0.0114197 -0.0078136 0.0127581 -0.00555892 -0.00601764 -0.00270037 -0.0134901 -0.00116621 -0.00470644 -0.00286314 -0.00393387 -0.00665646 0.0015442 -0.0218476 -0.00236348 -0.00375971 0.00671749 -0.00260441 0.00179658 0.0111255 -0.0101103 -0.0112532 -0.0112748 -0.00556895 0.00207237 -0.00596016 0.00435402 0.000125656 0.000202528 0.0148815 -0.0114579 0.00195521 -0.00302372 -0.000561889 0.0046094 -0.0142583 -0.00294068 8.38072e-05 -0.00175233 -0.00124954 -0.00139836 -0.00386086 0.000257059 -0.00126197 -0.00494115 -0.0119445 -0.0107012 -0.00165355 0.00591759 -0.00361914 -0.00011005 -0.00553758 -0.00223343 -0.016738 -0.00516369 0.000394392 0.00340535 -0.000780024 0.00364046 -0.00325893 -0.0118327 
-0.0033304 0.00172331 -0.0011807 0.00514841 -0.00129768 0.00824842 -0.00213638 -0.00593005 -0.00534936 0.00648735 -0.00596103 -0.00715517 -0.0150385 0.0125473 -0.00540664 -0.00919007 -0.0142056 -0.00708334 -0.00902077 0.0119101 0.000417528 0.0045225 -0.00276055 0.00378055 -0.00396316 0.00547428 -0.00468671 -0.00185638 -0.00341178 0.0036242 0.140719 -0.00172026 0.00331391 -0.00325475 -0.00250329 -0.00623632 -0.00336726 -0.0019249 -0.00522008 -0.00978839 -0.00314871 -0.0174519 -0.00119652 0.0030234 0.00299876 0.000890095 -0.00479965 -0.000822716 -0.000267066 0.000340837 -0.00326188 -0.00246497 0.0131807 0.000365546 0.00332688 0.000822152 0.00244772 -0.0140086 0.00233479 0.00120236 -0.0019677 0.00350862 0.00199573 0.00049514 -0.00511489 -0.00146286 -0.000688554 -0.00330985 -0.00874855 -0.00108373 0.00197579 -4.68104e-05 -0.000470444 -0.00555471 -0.00546206 -0.00480481 0.000164129 -0.0028824 0.0054358 0.00140717 0.000879524 -0.000912073 -0.000407824 -0.00573655 -0.00317481 5.59429e-05 -0.000108421 0.00151162 -0.00405581 -0.00171135 0.000110497 0.00118543 -0.00577377 -0.00191164 0.000248179 0.000596544 -0.00153217 0.00205837 -0.00318769 3.22199e-05 
0.000728427 0.00459354 0.000417333 -0.00202082 -0.00164831 -0.0073736 0.00271544 -0.00477255 -0.00384971 -0.0044513 -0.00230423 0.00648494 -0.000655963 -0.00490548 0.00353551 0.00745691 0.017833 -0.00671665 -0.00903014 -0.0108308 -0.0200281 -0.00538977 -0.0136904 -0.019645 0.00579907 0.0250788 -0.0110031 0.00221532 0.00688558 0.00771015 -0.00172026 0.118166 -0.00281976 0.00684916 -0.00434997 0.000705862 -0.0023495 0.000856557 0.00146145 -0.00169804 -0.00147101 -0.00268637 -0.00583123 -0.00350575 -0.00143554 -0.0012271 0.00101648 -0.000689327 -5.52104e-05 0.00320758 0.0010877 -0.00099009 -0.00213434 -0.00147956 -0.000875043 0.012613 -0.000744224 0.00177212 -0.00102141 -0.0017185 -0.0066429 -0.00373191 -0.00436965 0.00041042 0.000618867 -0.00173642 -0.0015253 -0.0025224 -0.00797567 -0.00667863 -0.00471566 0.00353821 0.00108871 0.00227293 -0.00339641 -0.00387458 -0.000868856 -4.42633e-05 -0.00604478 -0.0029791 -0.00203637 -0.000822659 -0.0023255 0.000120044 -0.000409924 -0.00320705 -0.0018306 -0.00467253 -0.000432428 -0.00267723 -0.00115676 -0.00128703 -0.00239104 -0.00328972 0.000286116 -0.00346173 0.00103189 -0.00407481 0.012844 -0.00310066 
-0.00479074 -0.00751566 -0.00147998 0.0113128 -0.00429375 0.00386852 0.0010328 -0.00950664 -0.0041475 -0.00733036 -0.0223707 0.030075 0.00806405 -0.021431 -0.0111339 0.0232431 0.00021458 0.00261841 0.00519029 -0.00983066 0.00271755 -0.00790754 -0.0315259 0.00451031 -0.00793042 -0.0156528 -0.0183048 0.00486817 0.00161103 0.0295935 0.00331391 -0.00281976 0.202268 -0.00191883 -0.0150863 -0.0112457 -0.00347694 -0.00145931 -0.00807875 -0.00955729 -0.00416061 0.0193772 -0.0120521 0.00414883 -0.0203721 -0.0110741 0.00875277 -0.00279233 -0.0027647 0.00675993 -0.00475398 -0.00501323 -0.0133496 -0.00518086 -0.00193025 0.00288948 -0.0012801 0.0100848 -0.0184505 -0.00564814 -0.00697041 -0.00924159 0.00439651 -0.00116781 -0.00417233 -0.00495003 0.00225746 -0.000791965 -0.00207326 -0.00896307 0.00120311 -0.00585259 0.00123584 0.0209329 -0.00932731 -0.00558699 -0.00097986 -0.00303849 0.0226973 -0.00386256 -0.00414217 0.00031883 -0.00381261 -0.00675085 -0.00355337 0.00164547 -0.00609654 0.000914458 -0.0149995 0.000916104 0.000124357 -0.000945134 0.0165344 -0.000412331 0.00503316 -0.000400025 -0.00054843 0.00671665 0.000686473 -0.0158716 
0.000373918 0.0011116 0.000121115 -0.00750979 -0.00126624 -0.00257756 -8.15392e-05 -0.00292503 -0.000206108 -0.0030761 -0.00187843 -0.00711033 0.00543554 -0.00756362 0.000280627 0.00294781 -0.00317136 -0.00194714 -0.00570337 0.00354638 -0.0119721 0.00435712 -0.00456801 -0.00266997 0.00724887 -0.00109607 0.00235512 -0.000682501 0.00637255 -0.00306807 -0.00325475 0.00684916 -0.00191883 0.0850909 -0.00401106 0.00062588 -0.00439457 0.00189499 -0.00259067 -0.00425203 -0.000495269 0.00676532 0.000537643 0.00172947 0.00100026 -0.00170375 1.83108e-05 0.000628609 0.00216075 -0.00102202 -0.000230327 0.00158588 -0.00405067 -0.00217388 -0.00150523 0.00413872 8.7951e-05 -0.00457045 0.00192348 -0.00340323 0.00338619 -0.00190765 -0.0038429 0.000288052 0.000520963 -0.00313701 -0.000517323 -0.000483125 0.000642254 -0.000922818 -0.000887827 0.00252418 -0.000168255 0.00321598 0.000440524 -0.00261647 -0.000573002 -0.00124627 -0.0100648 -0.000305256 0.000907453 -0.000468923 0.000241203 -0.00268649 -0.00358312 -0.00119065 -0.000712411 -0.00340901 0.00097946 -0.000779099 -0.0015342 0.0011484 -0.00695401 -0.00199839 -0.00497529 -0.00259228 -0.000539806 0.00318015 -0.00201142 0.00209504 
