0.121901 0.000917069 0.00793409 0.00553526 -0.00355067 -0.0023499 -0.00212555 -0.00785899 -0.0101931 0.00503203 0.0011996 0.00384969 0.00642174 0.0151726 0.00417624 -0.0180345 -0.0178818 0.0164215 -0.0152349 0.00845853 -0.0167275 0.00959137 -0.000235885 -0.000556177 0.0106659 -0.00777241 -0.00912124 -0.00245743 0.000513557 -0.00179967 0.00146302 -0.00283474 -0.00532244 -0.00107245 -0.000649127 -0.001883 -0.00797729 0.000468265 -0.00913678 0.00551183 0.00107166 -0.00266195 -0.000840666 0.000891938 -0.00153503 0.000209634 0.00352467 -0.00836411 -0.000690448 -0.00078088 0.0185766 0.000814817 0.00114478 0.000102539 0.00769333 -0.00235847 -0.0126134 -0.00748576 0.00106169 0.00125661 0.00436861 -0.00434943 -0.00692978 -0.0049842 -0.00678359 -0.00685386 -0.00305843 0.000315681 -0.00655765 0.00404004 -0.000492124 -0.0025838 0.00591346 -0.00196245 -0.0118856 -0.000317677 -0.00048526 0.000528491 0.00381066 -0.00518938 -0.00413981 -0.00328636 -9.24169e-06 -0.00793165 -0.00740896 -0.00477723 -0.0187964 -0.00116664 0.00354863 0.00426651 0.00187373 8.85466e-05 0.00101431 0.0100478 0.00515792 -0.00763721 -0.00476568 0.000978374 -0.00364604 0.000570848 
0.000917069 0.19331 0.000344505 -0.00188378 -0.00581461 -0.00553686 0.00538916 0.00882988 -0.0113611 0.0043581 -0.00196952 -0.00352601 -0.00984395 -0.00358701 0.000113323 -0.0275108 -0.0177853 0.0208639 -0.0195945 -0.000812119 0.0020989 0.0277108 -0.0031111 -0.00643586 0.033763 -0.0344928 0.0135543 0.000273107 -0.020027 -0.00287392 0.00466491 -0.00836116 -0.00604132 0.00890066 0.00925289 -0.00862667 -0.000717198 0.00169164 0.00687793 0.00303792 -0.00730966 -0.0030658 -0.0139006 -0.00673315 -0.000921226 -0.00143751 -0.00156355 -0.00313647 -0.0016756 -0.00162686 0.0135665 -0.00221404 -0.00291929 -0.0139357 -0.00643962 -0.0057567 -0.0014876 -0.00163394 0.00152685 0.00700481 -0.00212833 -0.00451419 0.00523064 0.00516346 -0.00299612 0.00220965 0.0154072 -0.000146327 -0.0210503 -0.00392994 -0.00781966 0.00107938 -0.00331237 -0.00364173 -0.0135171 -0.00258499 -0.00149684 -0.000784173 -0.0098511 0.0159052 0.000518817 0.00159369 -3.03599e-05 -0.00949526 -0.00815768 -0.00706523 -0.00796417 -0.00602258 -0.00970355 0.0147367 -0.00208009 -0.0019042 0.00035434 -0.00658623 -0.00221421 -0.0094302 0.00250394 -0.00443368 -0.00202147 -0.00220165 
0.00793409 0.000344505 0.208294 0.0113591 -0.0034424 0.0120664 -0.00596492 0.0137502 0.00195056 -0.00917553 -0.0128546 -0.00195581 -0.012697 0.00507745 -0.0146091 0.00348101 -0.0139988 -0.0371161 -0.0181311 0.0269563 0.0105971 0.00407974 0.00473504 0.0246412 0.0555243 -0.0282848 0.0344544 -0.00333614 -0.0167079 -0.0432776 -0.0132237 -0.00648795 -0.00214997 -0.00126015 -0.0116644 0.000435201 -0.0137681 -0.0142434 0.0116807 -0.0019555 0.00130577 -0.000661397 -0.00928444 -0.000453447 -0.00367896 -0.00427304 -0.00468633 0.00965132 -0.00231877 0.000342943 -0.00432465 0.00125378 -0.00535869 0.0025175 -0.00526634 0.000853305 7.87026e-05 0.0014862 -0.00516481 -0.00473735 -0.00834726 -0.00951451 -0.0172236 -0.00603475 -0.00108085 0.00934483 -0.00308046 -0.00156707 -0.025448 -0.00335593 0.0110812 -0.00737245 -0.00171716 -0.000961633 -0.00591991 -0.00216058 -0.00067383 0.000993444 0.00132057 0.0152842 0.00126307 0.00193406 0.000459781 -0.0229531 0.00214096 -0.00580612 -0.0239866 -0.000112609 -0.00791197 0.00681854 -0.0104184 -0.00145798 -0.00631594 0.00616422 0.00409052 0.00268981 -0.00424906 -0.00332139 0.00266796 -0.00359958 
0.00553526 -0.00188378 0.0113591 0.0802238 0.000202895 -0.00132632 0.000270993 -0.00896358 -0.00161391 -0.00495949 -0.00303216 0.000239457 -0.00315352 -0.00520581 -0.00634008 -0.0106637 0.000565248 -0.00955354 7.77827e-05 0.000458524 0.0003659 -0.00383843 0.0145551 0.000407412 0.00317873 -0.00506375 -0.0019295 0.00557678 0.000461647 0.00110094 -0.00464248 -0.00489735 0.00185943 -0.00112405 -0.000789567 0.00322364 -0.00539901 -0.00281301 -0.000351082 0.00333078 -0.00309871 0.000112339 0.0084157 -3.0069e-06 -0.00101021 0.00263007 -0.000227816 -0.004507 -0.00033942 0.000100555 -0.005996 -0.00095626 -0.000673827 -0.00104842 -0.000258794 -0.00182746 0.00315018 -0.0031687 -0.00114507 -0.00206148 0.000310071 1.04863e-05 -0.00553198 -0.000513784 -0.00314109 0.00120808 -0.00170625 0.00012502 -0.00381173 -0.00136924 0.00349022 0.000727227 -0.001503 -0.000194997 -0.00471755 -0.00160144 -6.3511e-05 0.000171362 -0.00278933 -0.000827176 0.000294817 -0.00367417 0.00234274 -0.0046122 -0.0038809 0.00193171 -0.00163118 0.000503887 -0.00374695 0.00203088 -0.00244211 0.000835275 -0.00133325 -9.59734e-05 -9.93904e-06 0.0051814 -0.0025733 0.00107044 -0.00175843 -0.000240131 
-0.00355067 -0.00581461 -0.0034424 0.000202895 0.0625498 -0.00272247 0.00881005 0.00162942 0.0036004 -0.00427159 0.00102168 -0.00210778 -0.00219985 -0.00363303 0.00101222 -0.00213683 -0.000142787 4.85055e-05 7.24534e-05 -0.0113901 -0.0097601 -0.000730577 0.0113661 0.00628425 0.00119917 -0.00277901 -0.00238871 0.0026475 -0.000350883 0.00261109 -0.00638464 0.000416924 0.00133412 -0.00105147 -0.0037585 -0.000894244 -0.0033802 -0.0017729 0.00308539 -0.00309458 0.00045623 0.00123589 0.00361491 -0.00157761 -0.00116748 0.000208026 -0.00185554 -0.00404973 -0.000108016 -0.000626593 -0.00701086 -0.000217929 -0.00255902 -0.00167272 -0.00247353 -0.00051003 -0.00347676 0.000707051 -0.000841376 0.00157737 0.00497905 -0.00235579 -0.00169128 0.00103749 0.00112919 -0.000246542 -0.00536912 0.000340975 -0.000216433 0.000835142 0.00147884 0.000976842 -0.00183488 0.0009523 0.00172941 0.00187089 0.000142121 0.00182136 -0.00112478 -0.00336694 0.00109991 0.000957332 -0.00059726 0.00197632 -0.00105567 -0.000343483 -0.00254746 0.00163647 -0.00111878 -0.00176794 -0.000728274 0.000619192 -0.00263584 -0.0014964 -0.0012026 -0.00128072 -0.00119569 -0.00264219 0.00169643 -0.000247534 
-0.0023499 -0.00553686 0.0120664 -0.00132632 -0.00272247 0.116199 -0.00980038 -0.0010006 -0.00501509 -0.00625503 -0.00248077 -0.000418518 -0.00216021 -0.00496468 -0.00290277 -0.00479867 0.00238258 -0.00864129 -0.00309548 0.0146696 0.00967898 0.00377377 -0.0110222 0.00253392 -0.0061398 0.0163877 0.00499318 0.00207397 0.00478258 -0.00590381 -0.010483 0.00384418 -0.000663782 -0.00322384 -0.00489776 0.00187638 -0.0103294 -0.000891309 -0.00593102 -0.00575521 -0.00248063 -0.00126381 -0.00553367 -0.000881903 0.00357002 -0.00161314 0.0114042 -0.0037054 0.000965581 -0.00326884 -0.001307 -0.000710309 0.00355271 -6.62336e-05 -0.00273001 -0.00247053 0.00262778 -0.00507565 -0.000266288 -0.00465582 -0.00932597 0.00791583 -0.000978719 0.000831275 -0.00200695 -0.00425839 -0.00919569 -0.00374739 -0.00284523 -0.00266965 -0.000165037 -0.00077213 -0.00124852 -0.000889077 -0.000493463 -0.0007085 -0.00100828 -0.00164299 -0.00514163 0.000245054 -0.00674614 0.00297642 -0.000631831 -0.00404793 0.00432915 0.0022515 -0.00308493 -0.00204132 -0.00374664 3.40937e-05 -0.00203843 6.13214e-05 0.000640986 -0.00464045 -0.000395889 -0.00262261 0.00193743 0.00782424 -0.00415878 -0.000438133 
-0.00212555 0.00538916 -0.00596492 0.000270993 0.00881005 -0.00980038 0.154546 0.00297327 -0.000987755 -0.000685638 0.00216037 -5.74347e-05 -0.00383563 0.0039226 0.015331 0.00430506 -0.00339245 -0.0192565 -0.0222934 -0.0137314 -0.0264648 -0.00536535 0.0276189 0.0285395 0.0259766 -0.0374717 0.0215145 0.0124877 -0.0110405 0.0266543 -0.0104856 -0.0098426 0.00535095 -0.0077382 -0.0135687 -0.00731977 -0.0165043 -0.00803442 0.0137684 -0.00212325 -0.00688893 -0.000735261 0.008014 -0.00331654 -0.00151715 0.0063306 -0.00563376 0.00293481 -0.000743918 0.00384262 -0.0162446 0.000597361 0.000546091 -0.0118922 -0.00696359 0.000731188 -0.00547726 -0.00566276 -0.00247577 -0.00298718 0.0228792 0.00266343 0.00117015 -0.00161605 0.00518911 -0.00691762 -0.00793632 0.00697987 -0.0168949 0.00047778 0.00499246 -0.00392185 -0.00424279 -0.00365184 -0.00594774 -0.00295256 0.0016705 0.00189623 0.00168078 -0.0130405 -0.0103395 0.00449889 -0.00349523 -0.0027496 -0.0113328 -0.00294569 -0.00159177 4.32723e-05 -0.00554976 0.00741786 -0.00598447 -0.00192464 -0.00701743 -0.00905922 -0.00116393 0.00829258 -0.0050192 -0.0050331 -0.00205218 -0.00145841 
-0.00785899 0.00882988 0.0137502 -0.00896358 0.00162942 -0.0010006 0.00297327 0.134996 0.010235 -0.00167205 -0.00311061 -0.00361263 -0.00412327 0.000213069 0.0139577 0.00739453 -0.00766444 -0.00648019 -0.0333623 0.0130203 -0.0185417 -0.0139776 0.000400905 0.0269758 0.018114 -0.021174 0.0179714 -0.0068969 -0.0207255 -0.00194681 -0.0109152 0.00165584 -0.000945062 0.00223849 0.000458449 -0.00888885 -0.00826403 0.00591302 0.00435113 -0.0010472 0.00729442 -0.00044617 -0.0112857 -0.00603183 -0.00216275 -0.00144964 -0.00398843 0.000194802 -0.000231262 0.00125098 -0.0172618 0.000921151 -0.00242063 0.00036096 -0.00208154 0.00433923 0.00225177 0.000683122 -0.0019715 0.00282943 0.00625896 -0.0114687 0.00749045 9.01158e-05 0.000428441 0.0172453 -0.00638998 -0.00339729 -0.0149167 -0.00541893 0.00597809 0.000896747 -0.00173859 -0.00343197 -0.0137004 -0.00222147 0.000706358 -0.00160545 0.00216856 0.00633747 -0.00453665 0.0176594 -0.00199795 0.00389697 -0.00970132 -0.00624832 -0.0113504 -0.00055128 -0.00585798 0.0019735 -0.00683139 -0.00226093 -0.00592309 -0.00577027 -0.000901102 0.000352137 -0.00556333 -0.00184845 -0.00128856 -0.00126335 
-0.0101931 -0.0113611 0.00195056 -0.00161391 0.0036004 -0.00501509 -0.000987755 0.010235 0.0962361 -0.00357504 0.00170218 -0.00281234 -0.00150781 -0.00109723 -0.00678985 0.0102658 -0.00395209 -0.00448022 0.00886958 -0.00488478 -0.000202956 -0.00854591 0.00299564 -0.00496827 -0.00814621 0.00308445 -0.0026848 -0.00390631 -0.00763173 -0.00206218 -0.0078014 0.00508635 0.00703113 0.000671929 -0.000843669 -0.00777267 -0.00434634 -0.00305388 0.00331681 -0.00220841 -0.00113908 -0.00142092 -0.00124307 -0.000366236 -0.000366762 -0.00137109 -0.0034448 0.0204382 -0.000451961 -1.14717e-05 -0.00726233 -0.00068454 -0.00580615 -0.000429538 -0.00280103 0.00101086 -0.00876071 0.000951646 0.000516442 -1.42482e-05 -0.00568846 -0.00692942 0.000412256 -0.000128782 -0.00323173 0.00439566 0.00385531 -0.000966675 -0.00476956 -0.000874966 -0.00164766 -0.00304879 -0.00329471 -0.00219638 -0.00115225 0.001066 -0.000795133 0.000954941 0.00265465 0.00504577 0.00150694 0.00349267 -0.00246763 0.00796804 -0.00204139 -0.000902811 0.00480109 -0.000125869 -0.00274085 -0.00199424 -0.00170969 -0.00132208 -0.00440783 -0.00308655 0.00268278 0.00183999 -0.00249189 -0.00353263 0.0005351 0.000392694 
0.00503203 0.0043581 -0.00917553 -0.00495949 -0.00427159 -0.00625503 -0.000685638 -0.00167205 -0.00357504 0.105855 -0.00206677 -0.0042082 0.0042306 0.0133434 -0.000247506 -0.0135302 0.00504044 0.00289419 0.00891535 -0.0040204 -0.00396757 -0.0203716 -0.00266092 -0.010422 -0.0100319 -0.00754615 -0.0105848 -0.014028 -0.00290644 0.0019098 -0.0031407 -0.000242407 0.0012691 -0.00316311 -0.00321194 -0.00499134 0.00520954 0.0062089 -0.00531513 0.000533998 -0.00149868 -0.00255867 -0.00792089 0.00699066 0.000326968 -0.00111761 0.000548281 -0.00296006 -0.000604715 0.000972914 0.00184346 0.00141311 0.000800352 -0.00382107 0.00229193 0.000531733 0.00875057 0.000660243 0.00662913 0.00266585 0.00454851 0.0015653 0.00358642 -0.00376223 -0.00420989 0.000541382 3.77116e-05 0.00213565 -0.0059017 -0.00171825 -0.004625 -0.00272943 -6.70363e-05 -0.00126936 -0.00153656 -0.00111011 -0.0014724 0.000527856 0.00136297 -0.00447424 -0.00273422 0.000251457 0.000650943 0.000697971 0.00409156 0.00405056 -0.00896811 0.000465273 0.000631086 -0.000766049 0.00403197 0.00173188 -0.00171562 0.00304188 -0.00558714 -0.00604462 0.00177279 -0.00176051 0.0021241 0.00111251 
0.0011996 -0.00196952 -0.0128546 -0.00303216 0.00102168 -0.00248077 0.00216037 -0.00311061 0.00170218 -0.00206677 0.091992 0.00166527 0.00391829 0.00315251 0.000469457 -0.000572949 -0.00853904 -0.00512315 -0.0144947 -0.00277155 -0.01411 -0.00329879 0.00411309 -0.00727051 0.00621987 -0.0204713 -0.000477544 0.0128677 -0.00324777 0.0117852 0.0150663 0.00495108 0.00686878 0.000578969 -0.00288511 2.82206e-05 -0.00835144 0.00177673 0.00144269 0.00193703 -0.0027257 4.89826e-05 0.00335955 0.000407046 -0.00236371 0.00205845 -0.000540966 -0.00332077 -0.000773993 -0.00109577 0.00306099 -0.00104622 0.00394256 -0.00406775 -0.00272454 -0.00048721 -0.00187214 0.00244045 -0.000924879 0.00386777 0.000354332 -0.00241311 -0.00156632 0.0016197 -0.00286026 0.00595606 -0.00323378 0.000477415 -0.000782319 9.58034e-06 -0.00222787 0.00128833 -0.00208401 0.00130305 -0.00717319 -0.00131675 -0.000458139 -0.0020314 0.00221933 -0.00832896 -0.00192678 -0.00546659 0.00138563 -0.00263495 -0.0100994 0.000317917 -0.00695431 -0.00211203 0.000930608 0.000754438 0.000840847 0.000975672 0.000110165 -0.00176165 -0.00128207 -0.00024802 -0.00329905 -0.00302845 -0.00153106 0.00124641 
0.00384969 -0.00352601 -0.00195581 0.000239457 -0.00210778 -0.000418518 -5.74347e-05 -0.00361263 -0.00281234 -0.0042082 0.00166527 0.0635379 -0.000311337 -0.00125971 -0.00617724 -0.000585324 -0.00194268 0.00659777 -0.00976558 -0.00793057 -0.00458132 0.000258598 -0.00557266 -0.0126672 -0.00240465 -0.0027303 -0.00994174 0.00752066 0.00304602 0.00311485 0.00128013 -0.000698918 0.000191062 0.000439684 0.00212029 -0.00116929 -0.00345107 0.00115161 0.00107975 0.0024463 -0.000238157 0.000702183 0.00442308 -0.00300152 -0.00017911 0.00177425 -0.00164182 -0.0024993 0.00066722 0.000218391 -0.00104665 0.000496055 0.00124536 0.00153277 2.057e-05 -0.00152198 0.00111481 0.000537133 -0.000831336 0.00166853 -0.000923292 -0.00313739 0.00189462 0.000491029 -1.65085e-05 -0.00425795 -0.00253737 -0.00164677 0.00509091 0.00164512 -0.000620863 2.70351e-05 0.00267189 4.50863e-05 -0.0031182 0.000820316 -0.000361983 0.000269606 -0.000209147 0.00367583 0.00152159 -0.00450642 0.00122004 -0.00348868 -0.00362858 -0.000987751 -0.00207137 -9.31796e-05 -0.000802281 0.00142235 0.000295156 2.96886e-05 0.00203656 0.000967139 -0.00179569 -0.00233051 -0.000548825 0.00251055 -0.00204395 0.000400961 
0.00642174 -0.00984395 -0.012697 -0.00315352 -0.00219985 -0.00216021 -0.00383563 -0.00412327 -0.00150781 0.0042306 0.00391829 -0.000311337 0.0834266 0.00783916 -0.0015822 -0.0127024 -0.0014721 0.0147407 -5.01019e-05 -0.013593 8.73434e-05 -0.00510878 -0.00687064 -0.0197171 -0.010869 0.00156125 -0.00897073 -0.0058841 -0.00122592 0.000517024 0.0125972 0.00172898 -0.00450324 -0.000133118 -0.00654324 -0.00286672 0.00483153 0.00578469 -0.00533439 0.00307539 0.00307194 -0.000286227 0.000266857 0.00471068 -0.000106412 -0.00229216 0.00327642 -0.00202945 0.00019122 -0.000999554 0.0104755 0.000964236 0.00203119 -0.00243174 0.00269982 -0.00116438 -0.00152803 0.00214807 -0.000488466 -0.000816955 -0.00944762 -0.00681128 -0.00243293 0.00106678 -0.00506943 -0.0049 -0.00207272 0.00325612 -0.00274017 0.00165511 -0.00236442 -0.0019695 0.00554865 0.000585438 -0.00195938 -0.000651426 -0.000569267 -0.00179021 0.00252689 -0.00211513 0.00156059 -0.00455977 0.00086738 0.000365629 0.00184378 -0.00124134 -0.00052231 7.0215e-05 0.00578997 -0.00117056 0.00228543 -0.00136805 0.00155998 0.00796846 -0.00320083 -0.00208772 -0.000416703 -0.00168759 0.0018655 0.00113877 
0.0151726 -0.00358701 0.00507745 -0.00520581 -0.00363303 -0.00496468 0.0039226 0.000213069 -0.00109723 0.0133434 0.00315251 -0.00125971 0.00783916 0.121601 -0.000232628 -0.0125515 0.000287828 0.00403313 -0.0183275 -0.0117943 -0.0144653 -0.00967141 -0.00821135 -0.0123826 -0.000680875 -0.019354 -0.014933 -0.00822163 -0.00185325 -0.00260176 0.0137124 -0.00350302 -0.0013639 -0.0008787 -0.00747028 -0.00771945 0.000275271 0.00126542 -0.00387728 0.00619745 -0.000201713 -0.00367932 -0.00621301 0.00565002 -0.000497537 0.00371535 -0.000230651 -0.0019071 -0.000587702 -0.00117682 0.00756531 0.00453136 0.000275812 -0.00187734 0.00244522 0.000694994 -0.00219415 0.00169773 0.00407256 0.00198284 0.00378497 0.000829185 -0.00497541 -0.00438977 -0.00269668 -0.0092005 0.00265349 0.00410775 -0.00966915 0.0034289 -0.00117485 -0.0046519 0.0013987 -0.0011534 -0.0107451 -0.000231639 0.000575 0.00173625 0.00214412 0.00107742 0.00459473 0.000699628 -0.000369156 -0.00946049 0.00386882 -0.00152844 -0.0159069 0.00365708 0.00627858 -0.00231645 0.000495775 0.00227769 -0.00293003 0.0121535 -0.00337101 0.0015195 -0.00203567 -0.00245904 -0.00100206 0.00266837 
0.00417624 0.000113323 -0.0146091 -0.00634008 0.00101222 -0.00290277 0.015331 0.0139577 -0.00678985 -0.000247506 0.000469457 -0.00617724 -0.0015822 -0.000232628 0.165573 0.0118217 0.0144598 0.00497132 -0.0146358 0.0112268 -0.0192566 -0.0218348 -0.00235502 0.0178315 0.00314454 -0.010576 -0.00440429 -0.00559739 -0.00843457 0.00332036 0.00855752 -0.00606244 -0.00766832 -0.0009143 -0.00808911 -0.0105109 0.00404612 0.00593604 0.00134268 -0.00269983 -0.00316975 0.000729283 -0.0167026 0.00169163 -0.00318559 -0.00350837 0.000983413 -0.0131515 -1.12591e-06 0.00304932 -0.00500627 -0.00144986 -0.00503491 0.00642509 0.00654752 -0.00028965 0.00194498 -0.00286474 -0.00355173 -0.00292913 -0.00716211 -0.00907645 0.00850063 2.24663e-05 0.00250732 0.00843777 -0.00364911 -0.00113919 -0.0118831 0.00342816 0.00205592 0.00817021 -0.00137228 0.00125781 0.000117687 -0.00233391 0.00396586 -0.0024628 0.000783059 -0.0163772 -0.00752494 0.00607326 -0.00512699 0.00683109 -0.0143112 -0.0019727 -0.00158657 -0.00527708 -0.00930137 -0.00781296 -0.000844729 -0.00330572 -0.00276231 -0.00587835 -0.00159947 -0.00518139 0.000494565 -0.00482807 -0.00470297 -0.00106935 
-0.0180345 -0.0275108 0.00348101 -0.0106637 -0.00213683 -0.00479867 0.00430506 0.00739453 0.0102658 -0.0135302 -0.000572949 -0.000585324 -0.0127024 -0.0125515 0.0118217 0.228301 0.0184928 -0.0294667 -0.00543809 0.00068077 -0.0135239 -0.0282294 -0.0259424 -0.00499164 0.00282592 0.015178 -0.00576591 0.0222846 -0.0101068 -0.0146662 -0.0278738 0.0067378 0.00230146 0.00200953 -0.00111515 -0.00763294 0.000132425 0.0031819 0.0174823 -0.00579106 -0.00658594 -0.00546175 0.00196153 -0.00583838 -0.00240824 0.00303637 -0.000399687 0.00660841 -0.000294556 -2.95971e-05 -0.0197564 0.000923055 -0.00849955 -0.000257349 -0.00722023 0.00707935 0.0189627 4.03148e-05 0.000456636 -0.00588529 -0.00837844 -0.00077218 0.00525807 -0.00157295 0.00727475 -0.00239945 0.00610141 0.00356875 0.00647308 0.00426996 0.00428737 0.00445465 -0.00696551 -0.00204854 0.0150044 -0.00140795 0.000187188 -0.00366493 -0.00187533 -0.00664421 -0.00489729 0.00535864 -0.00436929 0.00703026 -0.00156914 0.00477945 -0.00111342 0.0010557 -0.00659663 -0.0205777 -0.00964968 -0.0018444 -0.00656576 -0.00797947 -0.0022542 -0.0140951 0.00126167 -0.00237626 -0.00594934 -0.000475387 
-0.0178818 -0.0177853 -0.0139988 0.000565248 -0.000142787 0.00238258 -0.00339245 -0.00766444 -0.00395209 0.00504044 -0.00853904 -0.00194268 -0.0014721 0.000287828 0.0144598 0.0184928 0.183198 -0.00656466 0.0215475 -0.0069656 0.0174514 -0.0401652 -0.00192828 -0.0161368 -0.0315426 0.0151168 -0.0193485 -0.00975586 -0.00219323 -0.0207542 -0.00603952 -0.0044237 0.012117 0.00170234 0.0044618 -0.00547473 0.00390763 -0.00993148 -0.0117593 -0.00804882 -0.00914694 6.68334e-06 -0.000777642 0.00435953 0.00318266 -0.0020747 0.00024622 -0.0176053 -0.00032861 -0.0043557 -0.0156731 0.000599613 -0.00607994 0.011671 -0.00247759 0.000876013 0.015464 -0.00195016 0.00202012 -0.000824876 -0.0147579 0.00270122 -0.0040991 -0.000650007 -0.000453682 0.000747835 0.0110152 -0.00411237 0.00810109 -0.00271732 -0.00134143 -0.00400797 -0.00396152 -0.00171006 0.00705601 0.00141006 -0.000307955 0.00172684 -0.00769876 -0.0128364 0.0034272 0.0050295 0.00155451 0.00590026 0.0017468 0.00884354 0.0251712 0.000254204 -0.00542572 -0.0153012 -0.00266281 -0.000959327 0.000532116 -0.00203697 -0.000678201 -0.00511176 0.00914157 -0.000642264 -0.00345323 0.000507948 
0.0164215 0.0208639 -0.0371161 -0.00955354 4.85055e-05 -0.00864129 -0.0192565 -0.00648019 -0.00448022 0.00289419 -0.00512315 0.00659777 0.0147407 0.00403313 0.00497132 -0.0294667 -0.00656466 0.214055 0.0146402 -0.0274551 0.0110087 -0.00942946 -0.0272403 -0.0624627 -0.04978 0.0316769 -0.0461725 -0.0257507 0.0170569 0.0125898 0.0239867 0.00132654 -0.0120993 0.00814361 0.0225582 -0.0114213 0.0171761 0.00388204 -0.0145156 0.00434804 -0.00187269 -0.00364033 -0.0113876 -0.00840349 -0.000674715 -0.00534152 0.00729012 -0.0139534 0.000641923 0.000875391 0.0211678 -0.00180796 0.00484295 0.00570425 0.0102837 -0.00718062 -0.00867214 -0.00120504 0.00139882 0.00216353 -0.019158 -0.00889494 0.000507753 -0.00597975 -0.0113262 -0.0163063 0.00548481 -0.0129623 0.0170071 -0.000780869 -0.0100885 0.000736499 0.00621593 0.000171524 -0.0020133 0.000578801 -0.00122055 -0.00505683 0.000109721 0.00387138 0.0211952 -0.010581 -0.00111602 0.00779778 -0.0100455 0.00262659 0.00391151 -0.00907782 0.0175085 -0.00132164 0.00366968 -0.00407509 0.0106131 0.00636287 -7.8444e-05 -0.0198176 0.00134764 0.00317519 0.00580361 0.000966208 
-0.0152349 -0.0195945 -0.0181311 7.77827e-05 7.24534e-05 -0.00309548 -0.0222934 -0.0333623 0.00886958 0.00891535 -0.0144947 -0.00976558 -5.01019e-05 -0.0183275 -0.0146358 -0.00543809 0.0215475 0.0146402 0.233675 -0.0194242 0.00569384 -0.00134139 0.00397614 -0.0382919 -0.0647384 0.0483794 -0.0358023 -0.018059 0.0307593 -0.0189229 -0.00699029 -0.0016654 0.00331974 -0.00541108 0.00573229 -0.00821763 0.0146322 -0.0104536 -0.0306704 -0.00254645 0.00121724 0.00201033 0.000921339 0.00552897 -0.00466866 -0.0096415 0.00199448 0.0184401 -0.00218759 -0.00443756 0.0189205 0.00216633 -0.000981183 0.00435577 0.00507195 -0.00225171 0.0021531 0.00583845 5.85905e-05 -0.00850968 -0.0201427 0.0165604 -0.0131941 -0.00883147 0.00880195 -0.0237319 0.011326 -0.00225059 0.012177 -0.0030051 -0.0160434 -0.0122138 0.00407948 -0.00212201 0.0330742 0.00324043 -0.00428331 -0.00120499 -0.00546359 -0.0186919 -0.00167882 -0.0130151 0.00647877 0.00833213 0.0227983 0.0108151 0.0168903 -0.000902232 0.00196453 -0.00890655 0.00196349 -0.00156626 0.00201684 0.00663822 -0.00694253 -0.0101051 0.000633591 -0.00498553 0.0136006 -0.00144202 
0.00845853 -0.000812119 0.0269563 0.000458524 -0.0113901 0.0146696 -0.0137314 0.0130203 -0.00488478 -0.0040204 -0.00277155 -0.00793057 -0.013593 -0.0117943 0.0112268 0.00068077 -0.0069656 -0.0274551 -0.0194242 0.24162 0.0166092 -0.00546452 -0.0176645 0.0334708 0.01043 0.0231242 0.0367788 -0.00194874 0.0165693 -0.0249199 -0.0205467 0.00573158 -0.00994586 -0.0226748 0.012369 0.00727875 -0.0172965 -0.000425834 -0.00192303 -0.00764875 0.000809795 -0.00564442 -0.0332537 -0.0029091 -0.00210076 -0.00119465 0.0122444 -0.0229108 0.000501999 -0.00537908 -0.00935188 -0.00706514 -0.00208488 -0.00413491 -0.00415241 0.00263233 0.0134122 -0.0221647 -0.00330753 -0.0105673 0.0165691 -7.38386e-05 0.0185619 -0.0176057 -0.00274313 0.00981776 -0.0046612 -0.0105061 -0.0100019 -0.00490086 0.0108344 0.000558538 -0.00590265 -0.00963366 0.00805907 -0.00214542 -0.00441048 -0.00344911 -0.00452464 -0.00816693 -0.0292218 0.0164444 -0.0058953 -0.0100822 -0.00470705 -0.00809517 -0.0055677 -0.00962129 -0.0139372 -0.00617574 -0.00771556 2.87205e-05 -0.0013596 -0.00834893 0.00744187 0.0107499 -0.00829089 0.00372795 -0.0100531 -0.00259553 
-0.0167275 0.0020989 0.0105971 0.0003659 -0.0097601 0.00967898 -0.0264648 -0.0185417 -0.000202956 -0.00396757 -0.01411 -0.00458132 8.73434e-05 -0.0144653 -0.0192566 -0.0135239 0.0174514 0.0110087 0.00569384 0.0166092 0.242122 -0.0213518 -0.0303465 -0.00597872 -0.0227646 0.0158244 0.0019059 -0.0212144 -0.0150089 -0.0274407 0.00467173 0.00283081 -0.00664313 -0.00598463 -0.00472345 0.011355 0.0223873 -0.0100078 -0.000877047 -0.0125228 -0.00572253 -0.0107178 0.00115643 0.00554284 0.00112331 -0.000583478 -0.000119254 -0.000700087 -0.000683292 -0.00469141 0.000912558 -0.00286609 -0.00418771 -0.0100943 0.000349817 -0.000264981 -0.00663301 0.00472962 0.00206491 -0.0056341 -0.0279528 -0.000605074 -0.00425059 0.000654776 -0.017626 -0.0129051 0.00546975 -0.00715813 0.0068771 -0.00178833 -0.00298928 -0.00882001 0.00103976 0.00268795 0.00295471 0.000729525 -0.00522362 -0.000622666 -0.00737049 0.00901463 0.00785859 -0.0121118 0.00165655 -0.0129338 0.0199873 0.00467544 0.0316566 -0.00126691 0.00729036 -0.0111972 0.00488527 0.000733555 0.0123049 -0.00336493 -0.00836048 0.00228474 0.00876792 0.00629262 -0.00035009 -0.00212899 
0.00959137 0.0277108 0.00407974 -0.00383843 -0.000730577 0.00377377 -0.00536535 -0.0139776 -0.00854591 -0.0203716 -0.00329879 0.000258598 -0.00510878 -0.00967141 -0.0218348 -0.0282294 -0.0401652 -0.00942946 -0.00134139 -0.00546452 -0.0213518 0.23523 0.00381739 0.0235227 0.0161527 0.0020755 0.0143262 -0.0119185 -0.0121718 0.0147439 0.0188429 -0.00810497 -0.0220859 -0.0044567 0.00017866 0.00852637 -0.0152945 0.00353031 -0.0189225 -0.000190189 0.00477823 0.00523938 -0.00292035 -0.0021322 0.00137184 -0.00651636 -0.00745391 -0.00394353 0.00149614 0.00110335 0.0105249 -0.000407846 0.00146056 -0.00564834 -0.00578368 -0.00473307 -0.0259489 -0.00327658 -0.00716329 -0.00140506 0.0122909 0.00366967 -0.0182714 0.00103319 0.00651269 -0.00992486 0.00150126 -0.00129682 0.0151769 0.0022087 -0.00579544 0.000791297 -0.00805843 0.00114216 -0.00489106 -4.75614e-05 0.00133368 -0.00471402 -0.00312325 0.0087194 -0.0033516 -0.010193 -0.00967926 -0.00276109 -0.00252902 -0.0148143 -0.00792883 -0.00423663 0.008009 0.0145307 -0.000287584 -0.00128206 -0.00193351 0.00238916 0.00248043 0.00578678 -0.00171881 -0.00258854 -0.00958 -0.00170102 
-0.000235885 -0.0031111 0.00473504 0.0145551 0.0113661 -0.0110222 0.0276189 0.000400905 0.00299564 -0.00266092 0.00411309 -0.00557266 -0.00687064 -0.00821135 -0.00235502 -0.0259424 -0.00192828 -0.0272403 0.00397614 -0.0176645 -0.0303465 0.00381739 0.209194 0.0520073 0.028192 -0.0382658 0.0201076 -0.00961683 -0.0103348 0.0167838 -0.0294382 -0.00995437 0.00305141 -0.00205089 -0.0123819 -0.012084 -0.0220357 -0.0183245 0.00387735 0.0028113 -0.00980963 0.00712106 0.00567159 0.00635356 -0.00274188 0.00109476 -0.0130157 0.00935251 -0.00185584 0.00365229 -0.0195894 -0.00233287 -0.00728984 -0.00570393 -0.00338778 -0.00295167 -0.00178055 0.00320813 -0.00283705 -0.000133708 0.0110402 -0.00208973 -0.00377704 0.00405678 0.00269317 0.00790608 0.0053291 0.00994666 -0.0139107 0.000198538 0.00622634 -0.001309 -0.0117458 -0.000783203 -0.00180612 -0.00560429 0.00173146 0.00527714 0.00126088 -0.0157386 -0.0134578 0.00743617 -0.00102377 -0.000838102 -0.0151149 -0.00157978 -0.013434 0.00686304 -0.0116738 0.0172913 -0.00143363 -0.00272452 -0.0152344 -0.0120886 0.00576404 0.00442492 -0.00935488 -0.00575528 0.00074642 -0.0026923 
-0.000556177 -0.00643586 0.0246412 0.000407412 0.00628425 0.00253392 0.0285395 0.0269758 -0.00496827 -0.010422 -0.00727051 -0.0126672 -0.0197171 -0.0123826 0.0178315 -0.00499164 -0.0161368 -0.0624627 -0.0382919 0.0334708 -0.00597872 0.0235227 0.0520073 0.249873 0.0449229 -0.0265158 0.0554384 -0.00937419 -0.0416433 -0.00939165 -0.0292982 -0.00387985 -0.00770847 -0.0161001 -0.0318663 0.0132466 -0.0385281 -0.00788483 0.00681212 -0.00963825 -0.00157795 0.0056392 0.00117379 -0.000446844 0.00036669 0.00597274 -0.0132572 0.0023561 -0.00113939 -0.000273536 -0.0372816 -0.00260925 -0.0080227 -0.00986592 -0.00434996 0.00650707 -0.0145205 -0.0147459 -0.00592835 -0.00202852 0.0228925 -0.0071043 0.000780577 0.0118577 0.00443425 0.0229566 -0.0141401 0.000362527 -0.02466 -0.000878976 0.0100287 -0.00611245 -0.0157713 -0.00250503 -0.0013352 -0.00457842 0.00377651 0.00277669 0.00155572 0.00470181 -0.0198134 0.0238982 -0.00958479 0.00776234 -0.00443202 -0.00934819 -0.00817298 0.00528955 -0.0188736 -0.000887607 0.00151975 -0.000325874 -0.00695718 -0.0229747 0.00522855 0.0199649 -0.00930377 0.000432729 -0.0154336 -0.00539014 
0.0106659 0.033763 0.0555243 0.00317873 0.00119917 -0.0061398 0.0259766 0.018114 -0.00814621 -0.0100319 0.00621987 -0.00240465 -0.010869 -0.000680875 0.00314454 0.00282592 -0.0315426 -0.04978 -0.0647384 0.01043 -0.0227646 0.0161527 0.028192 0.0449229 0.243914 -0.073992 0.0645215 0.0144173 -0.0448219 -0.03085 -0.0115431 -0.00904588 -0.00385035 -0.00628182 -0.0244674 0.000101052 -0.0167916 -0.0125165 0.00809188 0.00329577 -0.000210924 0.00857422 0.000948215 -0.00393704 -0.00544054 0.00947573 -0.00733017 -0.00430353 -0.00387095 0.00220427 -0.000729836 -0.00424749 -0.00567638 -0.0152821 -0.00937551 0.00213146 0.0113293 0.000717904 -0.00391861 0.000679156 -0.00736751 -0.00387268 -0.0210004 0.00568804 0.00510854 0.0200414 -0.0090911 0.00921818 -0.0342042 0.00528605 0.00759876 -0.000305557 -0.00173129 4.29668e-05 -0.00612478 -0.00698287 0.000107685 0.00139649 -0.00572556 0.00725518 -0.016233 0.00748548 0.000954727 -0.0169718 -0.0157646 -0.01522 -0.0253132 0.00589816 -0.0166735 0.0225173 -0.00878344 -0.00183309 -0.0109348 -0.00121083 0.00719965 0.0121101 -0.00542348 -0.00943379 0.000572898 -0.00341004 
-0.00777241 -0.0344928 -0.0282848 -0.00506375 -0.00277901 0.0163877 -0.0374717 -0.021174 0.00308445 -0.00754615 -0.0204713 -0.0027303 0.00156125 -0.019354 -0.010576 0.015178 0.0151168 0.0316769 0.0483794 0.0231242 0.0158244 0.0020755 -0.0382658 -0.0265158 -0.073992 0.24145 -0.0384313 0.0113981 0.040258 -0.0172915 -0.0397711 0.0141543 -0.0101846 -0.00508271 0.023733 0.0130805 0.0143513 -0.00350436 -0.022755 -0.0102753 -0.00594128 -0.00450533 -0.00931015 -0.00549911 0.0071009 -0.0135326 0.0142815 -0.00633908 0.000200638 -0.00561308 0.0112188 -0.00256963 -0.00696075 0.011108 0.00503332 -0.00385543 -0.00485454 -0.0152818 -0.00140407 -0.00700743 -0.0187566 0.0146238 -0.000149063 -0.00843161 -0.0133296 -0.0230256 -0.00879725 -0.0127163 0.0267304 -0.00552295 0.00246669 -0.00373696 0.0073811 -0.00462604 0.0201175 0.00270488 -0.000834297 -0.00422576 -0.00103585 -0.000294476 0.000216965 -0.00332235 -0.00412145 0.0120093 0.0190458 0.00541493 0.0237872 -0.00796666 0.00241863 -0.0213153 0.00892103 0.00174215 0.00587023 -0.00736111 -0.00417647 -0.00958112 0.00356779 0.0119693 -0.00733221 -0.00164597 
-0.00912124 0.0135543 0.0344544 -0.0019295 -0.00238871 0.00499318 0.0215145 0.0179714 -0.0026848 -0.0105848 -0.000477544 -0.00994174 -0.00897073 -0.014933 -0.00440429 -0.00576591 -0.0193485 -0.0461725 -0.0358023 0.0367788 0.0019059 0.0143262 0.0201076 0.0554384 0.0645215 -0.0384313 0.212961 -0.00860369 -0.0305532 -0.0175784 -0.0350965 -0.00505948 -0.00428067 -0.0140911 -0.00673556 0.011288 -0.0195545 -0.00736534 0.000978119 -0.00390156 -0.00186317 -0.000908249 -0.00426977 -0.00631951 -0.0058143 -0.00168643 -0.00103738 0.00667828 -0.00191576 0.000655452 -0.0071844 -0.00378457 -0.00189263 -0.0247016 -0.00546797 0.00912708 -0.00639263 -0.00794658 -0.00330626 0.000535441 0.00485823 -0.00440653 -0.00218653 -0.00188226 0.00303362 0.0141812 -0.0129048 0.00172732 -0.0184224 -0.00729675 0.00883375 -0.0057656 -0.0103213 -0.00284404 0.00371331 -0.00705465 -0.000870726 0.00174609 -0.00737499 -0.00626328 -0.0177767 0.0244118 -0.00661276 -0.00765117 0.00293964 -0.0117432 -0.00982787 0.00720525 -0.00867296 0.0112038 -0.0126756 -0.00139179 -0.0177902 -0.0137188 0.0137765 0.0258886 -0.00173684 0.000549405 -0.00390748 -0.00249065 
-0.00245743 0.000273107 -0.00333614 0.00557678 0.0026475 0.00207397 0.0124877 -0.0068969 -0.00390631 -0.014028 0.0128677 0.00752066 -0.0058841 -0.00822163 -0.00559739 0.0222846 -0.00975586 -0.0257507 -0.018059 -0.00194874 -0.0212144 -0.0119185 -0.00961683 -0.00937419 0.0144173 0.0113981 -0.00860369 0.183583 0.0196504 0.0103383 -0.0150541 -0.00217925 0.0146993 -0.0021272 -0.00648216 -0.000289542 -0.0176452 -0.000971731 0.0098123 -0.00275307 -0.01041 -0.00347521 0.0122071 -0.00562469 0.000453855 0.0042339 -0.000123105 -0.00708698 -0.000142744 -0.00114376 0.00147494 -0.000693752 -0.00341717 -0.00896114 -0.0081716 -0.00139394 -0.00150272 -0.0101926 -0.00675644 -0.0056581 0.0054097 0.0160007 -5.63529e-05 -0.00409279 -0.00447417 -0.0128724 -0.0125741 0.00200913 0.00118895 -0.00372342 0.00921692 0.00408137 -0.00636468 -0.00140251 -0.00709864 0.00160847 0.000202437 -0.0019468 0.000973605 0.014767 -0.00631136 -0.0112227 -0.00203331 0.00421653 -0.00901408 -0.00203808 -0.00388322 -0.00160847 -0.0107065 -0.00674184 -0.0077417 0.000447911 0.00247862 -0.00636777 -0.00307889 0.0109632 -0.00691961 0.00140168 -0.00184632 -2.04738e-05 
0.000513557 -0.020027 -0.0167079 0.000461647 -0.000350883 0.00478258 -0.0110405 -0.0207255 -0.00763173 -0.00290644 -0.00324777 0.00304602 -0.00122592 -0.00185325 -0.00843457 -0.0101068 -0.00219323 0.0170569 0.0307593 0.0165693 -0.0150089 -0.0121718 -0.0103348 -0.0416433 -0.0448219 0.040258 -0.0305532 0.0196504 0.199433 0.00312721 -0.0126998 -0.00628159 -0.000185651 0.00239158 0.00430495 -0.0158609 0.00260021 -0.00335002 -0.0101993 0.00300985 -0.00489166 0.000534721 -0.00634047 0.00164589 -0.00108468 -0.00771349 0.00371163 -0.00582365 0.00179217 -0.00226319 0.0156947 1.90684e-05 0.00616935 0.00172431 -0.00122559 -0.00515898 0.000269467 -0.00860509 -0.00427675 -0.00511005 0.00981502 0.0068291 -0.00156099 -0.0124635 -0.00541565 -0.0107591 -0.0112861 -0.000318558 0.00973408 -0.00499606 -0.0036798 -0.00079518 0.0041957 -0.00151139 0.0131867 0.000792454 -0.000300723 -0.00411766 0.000148935 -0.00414889 0.00151892 -0.00470232 0.00343835 -0.0086397 0.011161 0.00273134 0.00160078 -0.00473552 0.00477397 -0.0126819 -0.00173936 0.00144794 0.00694023 0.00466541 -0.00404323 -0.00576844 -0.000583025 0.000614049 0.00111071 0.00207297 
-0.00179967 -0.00287392 -0.0432776 0.00110094 0.00261109 -0.00590381 0.0266543 -0.00194681 -0.00206218 0.0019098 0.0117852 0.00311485 0.000517024 -0.00260176 0.00332036 -0.0146662 -0.0207542 0.0125898 -0.0189229 -0.0249199 -0.0274407 0.0147439 0.0167838 -0.00939165 -0.03085 -0.0172915 -0.0175784 0.0103383 0.00312721 0.187732 0.0276299 -0.00498711 -0.00469396 0.00116099 0.00807897 -0.00482538 -0.00310343 0.015238 0.00833296 0.00870611 -0.00533042 -0.000509578 -0.00124995 -0.00140193 0.00299038 0.00221829 -0.00821938 -0.000845319 0.00085288 -1.33147e-05 -0.00838749 -0.00265853 0.00379557 -0.0153513 0.000402901 -0.00078791 -0.00621416 -0.00264021 0.00285806 0.000400577 0.0187525 -0.00888568 0.012464 0.00233765 -0.00501048 -0.0194534 -0.00307228 -0.000957463 0.0201835 -0.00260987 -0.0032421 0.0083164 -0.00592223 0.00116499 -0.0235752 -0.00244123 -0.00208068 -0.00271135 0.00783834 -0.0226062 -0.00114108 -0.00921203 -0.00441128 0.0123086 -0.0237199 -0.00528041 0.00432421 -0.00181217 0.00154085 0.0111487 -0.00263425 -0.000831473 -0.00536837 -0.0141545 0.00253427 0.00180124 0.00118803 0.00162277 -0.00361221 0.00172556 
0.00146302 0.00466491 -0.0132237 -0.00464248 -0.00638464 -0.010483 -0.0104856 -0.0109152 -0.0078014 -0.0031407 0.0150663 0.00128013 0.0125972 0.0137124 0.00855752 -0.0278738 -0.00603952 0.0239867 -0.00699029 -0.0205467 0.00467173 0.0188429 -0.0294382 -0.0292982 -0.0115431 -0.0397711 -0.0350965 -0.0150541 -0.0126998 0.0276299 0.243039 -0.0108069 -0.00865642 -0.0022645 -0.0062793 -0.00347356 0.0168641 0.014286 -0.0166426 0.00605862 0.00268199 -0.00209536 -0.0020693 0.00407223 0.00366764 0.00912293 -0.00567321 -0.0129722 0.000435911 0.00419759 0.0252846 -0.000139971 0.00688299 -0.00441323 -0.00640242 -0.00619597 -0.00111272 0.0114097 0.000886125 -5.23692e-05 -0.0127314 -0.0136678 -0.00539874 0.00428307 0.00537401 -0.0124774 0.00317127 -0.0069983 0.0134868 0.0101906 -0.0202933 -0.00537324 -5.81998e-05 0.00387853 -0.0147453 0.000295043 0.000967332 -0.00411665 0.00333963 -0.00668851 0.0130224 -0.0224313 -0.00699395 -0.00132177 -0.00754897 -0.00260312 9.99226e-06 -0.00966541 0.0222382 0.00239657 -0.00173803 -0.00452852 0.00801314 0.00993378 -0.0124176 -0.00982541 0.0048162 -0.0116136 -0.00375853 0.00089498 
-0.00283474 -0.00836116 -0.00648795 -0.00489735 0.000416924 0.00384418 -0.0098426 0.00165584 0.00508635 -0.000242407 0.00495108 -0.000698918 0.00172898 -0.00350302 -0.00606244 0.0067378 -0.0044237 0.00132654 -0.0016654 0.00573158 0.00283081 -0.00810497 -0.00995437 -0.00387985 -0.00904588 0.0141543 -0.00505948 -0.00217925 -0.00628159 -0.00498711 -0.0108069 0.109452 0.00204646 -0.00462098 0.0133027 -0.00769911 0.00101784 -0.000809655 -0.00479549 -0.00367793 0.00309479 -0.00326525 -0.0044723 -0.00151107 0.000621358 -0.0039644 0.00186552 -0.00257967 0.00033517 -0.00240939 0.00361692 -0.000850758 0.000859858 0.00289741 -0.000475015 -0.00078488 -0.00481032 -0.00443348 0.000732409 0.00537989 -0.0116104 -0.0044129 6.55951e-05 0.0017146 -0.00321161 -0.00229283 -0.00363155 -0.0011108 -0.00349045 -0.0018198 0.000613393 0.00228047 0.00615997 -0.0010721 -0.00916805 0.000145968 -0.00132655 -0.000301072 -0.00104852 0.00977217 -0.00564103 -0.00482641 -0.00108432 -0.000352804 0.00638638 -0.00406734 0.00152089 -0.00251443 0.000607296 -0.00477471 0.00503243 -0.000438135 -0.000768457 0.00436082 -0.00266987 -0.00431118 -0.00334283 0.00815753 -0.000285575 -0.000451911 
-0.00532244 -0.00604132 -0.00214997 0.00185943 0.00133412 -0.000663782 0.00535095 -0.000945062 0.00703113 0.0012691 0.00686878 0.000191062 -0.00450324 -0.0013639 -0.00766832 0.00230146 0.012117 -0.0120993 0.00331974 -0.00994586 -0.00664313 -0.0220859 0.00305141 -0.00770847 -0.00385035 -0.0101846 -0.00428067 0.0146993 -0.000185651 -0.00469396 -0.00865642 0.00204646 0.0928304 0.00287088 -0.00356669 -0.00665875 -0.00483006 -0.000324926 0.00434241 -0.0029402 0.00284223 -0.00222133 0.00677998 0.00197075 0.00152033 0.0010026 -0.000508393 0.00116377 -0.00040064 0.000100441 -0.00333822 0.000733491 -0.00420393 -0.00270694 -0.00306601 0.00145324 -0.00366615 0.00555842 -0.000469982 0.00129852 -0.00280811 0.0102821 -0.00194874 -0.00178402 -0.00238652 0.00580379 -0.00180197 0.000174593 -0.00359998 -0.00268978 -0.00103524 -0.000339274 -9.97646e-05 -0.00166889 -0.0078104 -0.000649017 -0.000230571 0.003045 -0.00252343 0.00100131 -0.00362101 0.00106935 0.00419649 0.0031197 -0.00444402 0.000611504 0.000207991 -8.26876e-05 -0.00329724 -0.0056564 -0.00185004 -0.000130237 0.00356797 0.000280107 -0.00225742 -0.00118819 -0.00515267 -0.0014833 -0.00119369 0.000359814 
-0.00107245 0.00890066 -0.00126015 -0.00112405 -0.00105147 -0.00322384 -0.0077382 0.00223849 0.000671929 -0.00316311 0.000578969 0.000439684 -0.000133118 -0.0008787 -0.0009143 0.00200953 0.00170234 0.00814361 -0.00541108 -0.0226748 -0.00598463 -0.0044567 -0.00205089 -0.0161001 -0.00628182 -0.00508271 -0.0140911 -0.0021272 0.00239158 0.00116099 -0.0022645 -0.00462098 0.00287088 0.0887638 0.00285037 -0.00681849 0.00016636 -0.00256247 0.000135724 0.0029054 -0.00281158 0.00200563 -0.0018605 0.000502607 -0.000335495 -0.00175085 -0.00248906 -0.00428747 0.000484017 -1.36799e-05 -0.00426011 -0.000105593 -0.000201938 0.009147 0.00122155 -0.00211094 -0.00383314 0.00519418 0.00307108 -0.00109524 -0.00587152 -0.00776437 0.00460182 0.00471761 9.18167e-05 0.00480755 0.00699082 -0.0012146 -0.00703795 -0.000646584 -0.00283047 0.00241553 -0.00439801 0.00224053 -0.00656974 -0.000361091 -0.000125354 -0.000851981 0.00134598 -0.00204557 0.00890503 -0.00208835 0.0017779 7.01921e-05 -0.0038294 0.00398802 -0.000432934 0.00205375 0.000559426 0.00568726 0.000789215 4.34476e-05 0.00128814 -0.00137319 0.000295746 -0.00460196 -0.000552476 -0.0030785 0.00156261 0.000127756 
-0.000649127 0.00925289 -0.0116644 -0.000789567 -0.0037585 -0.00489776 -0.0135687 0.000458449 -0.000843669 -0.00321194 -0.00288511 0.00212029 -0.00654324 -0.00747028 -0.00808911 -0.00111515 0.0044618 0.0225582 0.00573229 0.012369 -0.00472345 0.00017866 -0.0123819 -0.0318663 -0.0244674 0.023733 -0.00673556 -0.00648216 0.00430495 0.00807897 -0.0062793 0.0133027 -0.00356669 0.00285037 0.128342 -0.000748091 0.00442518 0.00421419 -0.00666943 -0.00114474 -0.00316222 -0.00415014 -0.0104139 -0.0047748 -0.00214316 -0.00173704 0.00329047 -0.00849606 -0.000495194 -0.00118046 0.00553856 -0.000555731 0.00254566 0.00836246 -0.001468 -0.00273114 0.00220343 -0.0030515 0.00642909 -0.00497926 0.00101659 -0.00363319 0.00468572 -0.0077112 -0.00648736 -0.00401192 0.00075818 -0.00564206 -0.00196565 -0.00120751 0.000640313 0.0059987 0.00385138 -0.00232026 -0.008453 -0.0018678 -0.00307169 -0.00103686 -0.00107271 -0.00903371 0.0112357 -0.000415404 -0.00347449 -0.00158822 -0.00741669 -0.000813722 0.00448083 -0.00407721 0.00149279 -0.00234556 -0.00245813 -0.00040157 -0.0016288 -0.00553366 0.00686145 -0.00836553 -0.000702576 0.00148696 -0.00234015 0.00170579 
