0.0110604 6.86153e-05 -0.000202519 -0.00193614 -0.000131013 1.69564e-05 -0.00022603 -9.31315e-05 -0.00134066 -0.000238084 -0.000630128 -2.06563e-06 -0.000186031 0.000253631 -0.000188684 -0.000794279 -0.000658072 -0.000226328 -0.00114244 0.000959512 0.00102979 -0.000835973 0.000211501 0.00014505 -0.00133817 0.000840268 -0.00164603 -0.00052243 0.000975738 1.07312e-05 -0.00123071 -0.000865269 9.54769e-05 0.000123046 0.000292154 -0.000290461 0.000279413 0.000547839 0.000134005 0.000165241 0.000207307 -9.09359e-05 3.02271e-05 -0.00013397 -0.000130751 9.06735e-05 -0.000464415 0.000181188 0.000703376 4.86514e-05 -0.000159155 -0.000125489 -0.000198244 -0.000971012 -0.000252576 -0.000327172 9.46321e-05 0.000218545 -2.2632e-05 -9.29521e-05 -0.000171385 0.000186528 -3.0868e-05 -0.000234363 -9.22946e-05 0.000348592 0.000171828 -0.000122887 -0.000222457 0.000253173 0.000160627 -8.45444e-05 0.000144159 8.74539e-05 -9.79588e-05 -0.000208143 -2.50021e-05 0.000324569 -0.000102692 -0.000410881 0.000155755 7.10709e-05 -0.000203451 -0.00145329 -9.40389e-05 -8.06436e-05 1.56746e-05 -0.000378425 -0.00013688 -0.000664028 -0.000819066 -0.000109609 0.00109664 0.000378784 0.00016136 -1.93714e-05 7.57451e-05 0.000935022 -0.000173862 0.000279105 
6.86153e-05 0.0436097 -0.00103977 0.000557824 -0.00284758 0.000159188 -0.000509065 -0.00207342 -0.00186464 0.000566825 0.0025038 -0.00455667 0.00465194 -0.00459856 2.84938e-06 -0.00474582 -0.00327178 -0.00302865 -0.00534365 -0.00299065 -0.00156959 -0.00339273 -0.0078593 -0.00224273 0.00957096 0.00431535 0.000338734 -0.00130914 -0.00497064 -0.00113452 -0.00223882 -0.00118724 0.00103739 6.75023e-05 0.000418143 -0.000977636 -0.00122881 0.000273295 -0.000621944 -0.00300667 -0.00068411 0.00395952 -0.000466241 -0.000152175 0.001066 0.000669627 0.00301395 -0.0018246 0.000469031 -0.000862439 -0.00097055 -0.00193024 -0.00124201 -0.00190936 0.000127118 0.000742039 -0.00177789 0.000112005 -0.000619942 0.000191533 -0.000873269 -0.000137246 -0.00121721 -0.000600016 -0.000243522 0.000259816 -0.00124699 -0.000816165 0.00392285 1.18706e-05 -0.00030734 -0.000371452 -4.87124e-05 -0.000301031 -0.000977945 2.03502e-05 0.000178961 -0.00147118 0.00132455 0.00257768 0.00116763 -0.000392297 0.00192154 -0.00287284 0.000904942 0.000116264 0.000815013 -0.000433967 0.00141576 -0.00232477 0.00120801 -0.000632222 0.00166895 -5.76882e-05 -0.000248335 -0.000820642 0.00185911 -0.000670939 -0.00120138 0.00145043 
-0.000202519 -0.00103977 0.128775 0.0229209 -0.000745894 0.0012031 -0.00339034 -0.00414138 -0.0120602 -0.00428262 0.0197751 -0.00301889 0.0023013 0.00915373 -0.00643163 -0.0275186 0.000438719 -0.00290011 -0.00191887 -0.0112649 -0.00379831 0.00342374 0.00210103 -0.0104738 0.00717631 0.0104744 -0.00111857 0.000524014 -0.00844136 -0.0028054 -0.0205449 -0.00948198 -0.00758272 -0.00115044 0.000246135 0.00909945 0.00367186 -0.00974729 -0.000896848 0.000180521 -0.00235032 -0.00264113 -0.00108201 0.00354198 -0.00117884 -0.00314227 0.00422372 0.000425182 0.000523559 -0.00189164 -0.00171511 0.00372581 -0.00747641 -0.00803774 0.00132933 -0.00438708 -0.00159323 -0.0015629 0.000218371 0.000932417 8.11629e-05 0.00035595 -0.000172967 0.00187836 0.00410789 0.0038621 -0.000793541 -0.00176199 -0.0109623 0.000437916 -0.000299916 -0.00975752 0.0020377 4.58745e-05 -0.0013894 -0.00349065 -0.000151385 -0.00209117 0.00529798 -0.00870309 -0.00197923 0.0016806 0.00373172 -0.00653971 0.00178526 -0.00146787 -0.00137233 -0.00404993 -0.00418485 -0.00618106 -0.0154984 0.00421784 -0.00273378 0.00248358 0.000240268 -0.000913085 0.0044877 0.00109655 0.00155743 0.000738319 
-0.00193614 0.000557824 0.0229209 0.239262 -0.0124724 -0.000738476 -0.0048083 0.00150109 0.010206 -0.00280079 0.00180174 -0.0513938 0.00978248 0.0368246 -0.0211901 -0.0466786 -0.00108795 -0.00704439 0.0143818 -0.0535633 -0.021849 -0.0067084 -0.00709246 -0.0136036 0.012552 0.0310503 -0.000442779 0.0227238 -0.0204383 -0.0086637 -0.0442456 -0.0242277 -0.0223709 -0.00267256 0.0113403 0.00244395 -0.000194349 -0.0200752 -0.00248671 -0.00725721 -0.00704228 -0.005805 0.00610664 0.00984998 -0.00227804 -0.00228171 0.00693631 0.00282804 0.00114763 0.00352393 -0.000285154 0.0251889 -0.00138469 -0.0239286 0.00537111 0.00195462 0.00245981 -0.00315839 -0.000801786 0.00131812 0.0134563 -0.000257361 0.00477028 0.000499797 -0.000476631 0.00227001 -0.00488685 -0.00428262 -0.00165683 -0.00121553 -0.00122334 -0.0136764 0.00507242 -5.47566e-05 -0.00304022 -0.00610134 0.000975122 -0.00600006 0.031775 -0.0157701 -0.00664308 0.0025732 0.0189488 -0.00959636 0.00357537 -0.00163068 0.00511946 -0.011294 -0.00231192 -0.000145239 -0.0101523 0.0111744 -0.00797129 -0.00386718 -0.00133546 0.000223138 0.003436 -0.0204527 0.00111883 -0.00197087 
-0.000131013 -0.00284758 -0.000745894 -0.0124724 0.0918104 -0.000848585 -0.00297054 0.00450719 0.0033263 -0.00167388 0.00339271 0.00375363 -0.00636544 -0.0066241 -0.00373084 -0.00111683 0.0012131 0.0107305 -0.00245051 0.00477844 0.0127757 -0.00419796 -0.00240885 -0.00777816 -0.0153091 -0.0138646 0.00111176 -0.00746415 0.0113978 0.000764201 0.00402178 0.0025953 -0.00330128 -0.00390096 -0.00193606 0.00143194 0.00272942 0.000204432 -0.000478649 0.0019403 0.000979803 -0.0048268 -0.00161382 -0.000570629 -0.00215012 0.000669785 -0.00416604 0.00215785 -0.00244098 0.00175414 -0.000739207 0.00380872 0.000917061 -0.00335289 -0.000235698 -0.00187268 -0.00273369 -0.000811967 -0.00130155 -0.00111724 0.00104499 0.000382029 -0.00309957 0.00156895 -0.00217815 -0.000231242 -0.000397019 0.00153832 -0.000265149 -0.000817178 -0.000412007 0.00543652 -0.000153484 -0.00161512 -0.00246032 -0.001254 0.00137162 -0.00231135 -0.00552066 -0.00459054 -0.00426848 -0.00276426 -0.00306392 -0.000437831 -0.00421183 -0.000261246 -0.00134845 -0.00269263 -0.00360505 -0.0026293 -0.00842189 0.000157522 -0.00211713 -0.00171863 -0.00116751 0.000606951 0.00148951 0.00683046 0.00221109 -0.000845456 
1.69564e-05 0.000159188 0.0012031 -0.000738476 -0.000848585 0.0219914 -0.000656618 -0.00158317 -0.00091074 0.000299231 -9.69008e-05 -0.0017648 -0.000961606 0.000661274 0.00191005 -0.00345745 -0.0014456 -0.000421885 0.00109272 6.85366e-05 -0.000727679 -0.00113378 -0.0010354 -0.00412779 0.00136333 -0.00034854 0.000383621 0.00124147 -0.00121974 -0.00112212 0.000913785 -0.0014057 0.00145932 0.000527389 0.000203643 0.000674882 0.000862084 -0.000327936 -0.000471734 -0.00094093 0.00023896 7.94222e-05 -0.00040418 -0.000428474 0.000299938 -0.000183091 0.00115359 0.000447635 -0.000198272 -0.00137794 0.000587668 0.000537328 -0.0013349 -0.00157135 0.0006528 -0.000407997 -0.000518806 -5.69375e-05 1.08558e-05 0.000275972 0.000337772 -0.00023767 0.000491714 7.944e-05 -0.0021235 0.000414665 -0.00044605 -2.47251e-05 -0.000381637 6.1157e-05 -9.21422e-05 -0.000835187 4.47715e-05 -0.000165735 0.000807343 -0.000335636 -6.83896e-05 -0.00046375 0.000667954 -0.000623594 -0.00109219 0.00171041 -0.00107496 -0.00165886 0.000317867 -0.000119684 -0.000300895 -0.000406702 -0.000132086 0.00131085 -0.001296 0.00232877 -0.00219202 -0.000522425 -0.000235655 -0.000159291 -0.000120942 -0.000573584 -0.000173907 0.000197519 
-0.00022603 -0.000509065 -0.00339034 -0.0048083 -0.00297054 -0.000656618 0.0792338 -0.00192985 0.00269413 0.000239416 -0.00614712 -0.00222952 -0.00699346 -0.00662315 -0.000892131 -0.00218869 -0.00346972 -0.00531483 0.00598623 -0.013725 -0.00623572 -0.00794777 0.00633207 0.000421835 -0.0110965 0.00418991 0.0110547 0.00475904 -0.00370787 0.00359038 0.00924912 -0.000414746 -0.00586964 -0.00539161 -0.00298358 0.00519757 -0.00483731 -0.00841857 -0.00110768 -0.0082497 -0.00109809 -0.00413698 -0.00246945 -0.00189917 -0.00108298 0.00129027 0.0016089 -0.00327625 -0.00114023 -0.00606577 -0.00330863 -0.00142596 -0.00197216 0.00173327 0.000525222 0.000518814 -0.000851373 0.000283003 0.00110368 -0.000846826 0.00111444 -0.00137559 0.0039862 -0.00108571 0.00217762 -0.00129492 -0.000560745 0.00129787 -0.00579313 -0.000749331 -0.00156677 0.00505368 -0.000868286 -0.000186371 0.000891124 -0.000342635 -0.000565425 0.00074516 0.005367 0.00344319 0.00414347 -0.000278837 0.00709324 0.0109138 0.000393285 -7.91175e-05 -0.0020173 -0.00279344 0.00362012 -0.00257937 0.0013999 -4.58546e-05 -0.00606113 -0.000384894 -0.00050984 0.000581928 -0.000787776 -0.00200695 -0.000525899 -0.00186513 
-9.31315e-05 -0.00207342 -0.00414138 0.00150109 0.00450719 -0.00158317 -0.00192985 0.145111 -0.00953587 -0.00189459 -0.00747124 -0.00402522 -0.0128597 -0.00862315 -0.00315777 0.00768753 -0.0030663 0.0157967 0.0128546 0.00980052 -0.00685889 0.0041387 -0.00969791 -0.000222077 0.00280796 -0.0112302 -0.000100148 -0.0134109 0.00356578 -0.00907321 -0.0170698 -0.000601866 -0.00259641 -0.00169119 0.00178644 -0.00781722 -0.00788988 0.0188169 -0.00128433 0.0159553 0.00535277 0.00171177 -0.00386468 -0.00207159 -0.000998608 -0.00363467 -0.00759719 -0.00706785 -0.00696741 -0.00249199 -0.00174471 -0.00452491 -0.0110156 -0.00053487 -0.00345352 -0.0033648 -0.00501836 -8.33232e-05 -0.000913722 -0.00065383 -0.00139556 -0.00260174 -0.000138119 -0.00338149 -0.0108845 -4.57958e-05 -0.00172457 -0.00169634 0.00598385 -0.000288779 -0.000531965 0.00600535 -7.45511e-05 -0.00220328 -0.00347962 -0.00260951 0.00108908 -0.00467972 -0.00430412 -0.00819572 -0.013926 -0.000614083 -0.00253025 0.00341594 -0.000721618 -0.00116758 0.0019685 -0.000594453 -0.00231364 -0.00733338 0.0143033 -0.00411627 0.0165953 -6.40858e-05 0.00249308 -0.00078895 -0.000707122 0.00563156 -0.0044206 -0.00534593 
-0.00134066 -0.00186464 -0.0120602 0.010206 0.0033263 -0.00091074 0.00269413 -0.00953587 0.180465 0.00324928 0.00154192 -0.00694015 -0.00708591 -0.00970618 -0.00544477 -0.00887604 0.0273314 -0.0113116 -0.00516772 -0.0347633 -0.0159525 0.00940902 -0.00433416 0.00160554 -0.0188221 -0.00692641 0.0231956 0.0145093 0.00120781 -0.0033485 0.00406239 0.00131796 -0.00595037 -0.00556498 -0.00283305 0.00650234 -0.00627022 -0.0157066 0.000433081 -0.0133216 -0.00666873 0.00189674 -0.000481797 0.00791923 -0.00165677 0.00123869 0.00474117 0.00572758 0.00177424 0.00926426 -0.00225132 0.0073135 -0.00358981 -0.0078995 0.00118896 -0.00158721 0.00287889 -0.000636833 1.38285e-05 -0.00254884 0.000550596 -0.000865468 -0.00536975 -0.00159916 -0.00651673 -0.00196294 0.00126826 0.00281134 -0.00970176 -0.000772952 -0.00271032 0.00253404 -0.00163119 -0.00239079 0.00175675 -0.00267993 -7.6488e-05 0.00142844 0.00263491 -0.00602924 -0.00210245 0.00492006 0.000416139 -0.00619793 -0.00504639 0.000816487 -0.00537621 -0.0105751 -0.00476356 0.00616399 -0.00783368 -0.00562256 -0.0214342 -0.00208211 -0.00267277 0.00159389 0.00165401 -0.00187993 -0.00086552 -0.00344525 
-0.000238084 0.000566825 -0.00428262 -0.00280079 -0.00167388 0.000299231 0.000239416 -0.00189459 0.00324928 0.0660047 -0.00722936 -0.00175642 0.00646035 -0.000528504 0.000249455 -0.000858833 -0.00346666 -0.00515852 -0.00324526 -0.0105477 -0.00377287 -0.00271306 0.000362813 -0.00590756 -0.00467596 -0.00477479 -0.00110902 -0.000695156 0.000893478 -0.00411177 0.00181507 0.00321854 0.00225292 0.00351547 -0.00161103 -0.00318953 -8.56394e-05 0.00413904 -2.76098e-05 -0.00286371 0.00247427 -0.00241378 -0.000547074 0.00100121 -0.000411611 0.000707102 0.00146296 0.000942553 0.00105372 0.00223407 0.0017372 0.000596736 -0.000856731 0.00271273 -0.000762607 0.00173051 -0.00233517 -0.000618553 0.000282138 -0.00137915 0.000127525 -0.00146585 0.000331458 -0.000458358 -0.0019619 -0.00211996 -0.00100303 3.816e-05 -0.0003241 0.000367215 -0.00107391 -0.000261459 -1.44694e-05 -0.000573128 5.11693e-05 -0.00115924 -0.000169021 0.000739734 -0.000705464 -0.00276119 -0.000484261 0.00203176 -0.00174856 -0.00304898 -0.000791091 0.00013541 0.00116791 -0.00184153 0.0020285 0.000414294 -0.00125853 -0.00208631 -0.00150671 -0.000188613 0.0012334 -0.000334923 0.000202198 -0.000529173 -0.00116278 -0.00149445 
-0.000630128 0.0025038 0.0197751 0.00180174 0.00339271 -9.69008e-05 -0.00614712 -0.00747124 0.00154192 -0.00722936 0.178613 0.00836441 0.0155327 0.00176832 -0.00499541 -0.0288319 -0.000509739 0.00729609 -0.0126155 -0.0112942 -0.00235562 -0.0047386 -0.0294265 0.0130189 0.0165163 0.00388559 0.0102541 -0.0071165 -0.0270541 -0.0082676 -0.0150599 -0.0016981 0.0124839 0.00365829 -0.00172175 0.014464 -0.00349133 -0.0175254 0.000742432 0.0109518 -0.00289272 -0.00413101 -0.00139682 -0.00168733 -0.00567038 -0.000472448 0.0114426 0.00334287 -0.0073283 0.000659751 -0.0031219 -0.00393381 -0.00809806 -0.0105376 -0.00234229 -0.00682667 -0.0104617 -0.00291285 0.0017432 -0.000884269 -0.00449245 -0.00195418 -0.00163168 0.00467297 -0.00407812 0.00216287 -0.00424686 0.00180515 -0.0166116 -0.00177345 0.00365695 -0.00475798 0.000743157 0.00347271 0.00670145 -0.00169619 0.00137826 -0.00501135 -0.00353867 -0.007456 -0.00591754 -0.00320073 -0.00502352 -0.00153347 0.00448932 -0.00159482 -0.00377341 -0.011172 -0.00826336 -0.00352897 -0.00695557 -0.00300658 0.00241272 0.00183717 -0.00203754 -0.000728144 0.00506142 0.00703625 -0.00520502 0.000979827 
-2.06563e-06 -0.00455667 -0.00301889 -0.0513938 0.00375363 -0.0017648 -0.00222952 -0.00402522 -0.00694015 -0.00175642 0.00836441 0.214766 0.0254818 0.0142851 0.00109949 -0.0172579 -0.00636809 0.0115403 -0.029393 0.00739791 0.0443465 0.0400802 0.0141819 0.0102707 -0.0193167 -0.015042 -0.0133697 -0.0325837 0.00115592 0.00113009 -0.0228608 -0.0195546 -0.00426469 -0.0052397 -0.00864816 0.00884306 0.00713552 -0.0203866 -0.000748096 0.00564892 -0.00321324 -0.00694357 -0.00326164 -0.00433185 -0.00114653 0.00100812 -0.00632307 -0.00170364 -0.000519234 0.00308528 -0.00542116 -0.00408974 0.0159894 0.0214468 -0.00776212 -6.38353e-05 -0.00641676 0.00139655 -0.00307243 -0.00722612 -0.00843486 0.00284277 -0.00927718 0.00240423 0.0228497 -0.00266355 0.00408893 -0.00259002 -0.0107411 -0.00243509 0.0036572 -0.00556861 -0.00402666 -0.00348158 0.0116591 0.00549433 -0.0017181 0.00232625 -0.0119179 -0.0131988 -0.00789842 -0.00655197 -0.00278669 -0.0103171 -0.00375121 0.000343815 -0.00651953 0.00436651 0.00504271 -0.0172047 -0.000810569 -0.0181631 -0.0106064 0.00039287 0.00133041 0.00163022 0.000119377 -0.00565933 -0.00366592 -0.00875164 
-0.000186031 0.00465194 0.0023013 0.00978248 -0.00636544 -0.000961606 -0.00699346 -0.0128597 -0.00708591 0.00646035 0.0155327 0.0254818 0.161999 0.00227127 -0.010531 -0.0251804 -0.00990618 0.00126395 -0.0306 -0.0336045 0.0222442 0.00613747 0.0047578 -0.0112519 -0.00969969 0.0201911 -0.0205686 -0.0149923 -0.0163146 0.00153842 -0.00739151 -0.00935279 0.0025249 0.00187109 -0.00666263 0.00719479 0.00824475 -0.00698503 0.000340786 0.00205878 -0.00243335 -0.00626026 0.011479 0.000977975 -0.00103372 -0.0013913 0.00431329 0.00160735 0.00262895 -0.00257658 -0.000243939 -0.00158662 0.00329597 -0.000332751 -0.00488578 0.00137952 -0.0064592 -0.000377488 0.000212522 -0.00467803 -0.00350373 -0.00086418 0.00495136 -0.000334984 0.00476422 0.000347382 -0.00200166 -0.00174155 -0.00451972 -0.000678542 0.00272129 -0.00140671 -0.00124813 -0.000952781 0.00678746 0.00390965 -0.00171713 -0.0023518 0.0119512 -0.00433401 -0.00409015 -0.00514476 0.000316192 -0.0159619 -0.00155839 0.000379693 -0.00336812 -0.00321514 0.00631025 -0.0180851 -0.00892089 -0.0127769 0.0102291 -0.00184444 0.00200753 -0.0014741 0.00291446 0.00424546 -0.0064369 -0.0062951 
0.000253631 -0.00459856 0.00915373 0.0368246 -0.0066241 0.000661274 -0.00662315 -0.00862315 -0.00970618 -0.000528504 0.00176832 0.0142851 0.00227127 0.206171 -0.0111794 -0.0196051 -0.0117032 0.0151455 -0.0183168 -0.0198095 0.0131367 -0.00256353 -0.0185901 0.0110887 0.0190618 0.00870014 -0.027325 -0.0111876 -0.0156535 -0.0101291 -0.00582757 -0.0222859 -0.0020247 -0.000429302 0.00173237 0.0106112 0.00783657 -0.00458098 -0.000389698 0.0081295 -0.00587156 -0.00835065 0.00219468 0.0152322 0.00103198 -0.00280213 0.000166851 0.000247994 0.00641524 -0.00348129 -0.00717204 -0.00269322 0.00319954 -0.0255751 -0.00605314 0.00274391 -0.000144382 -0.000943069 0.00292114 0.00302877 -0.00130157 -0.00101055 -0.00320403 0.000674662 0.00858431 0.00277597 -0.00325868 -0.00760723 -0.00246506 -0.000693524 0.00144738 -0.0171853 0.000994712 -0.00402952 0.00384857 0.00231936 -0.00169034 0.000432428 0.00180618 -0.00482022 -0.00665497 -0.00687243 -0.00919991 -0.0216206 0.00326908 0.000444989 0.00663225 -0.00722077 -0.00860856 -0.00899548 0.00113676 0.0135802 -0.0110983 0.00281358 -0.00030641 -0.000991333 0.00268138 -0.0257767 0.00248636 -0.00393956 
-0.000188684 2.84938e-06 -0.00643163 -0.0211901 -0.00373084 0.00191005 -0.000892131 -0.00315777 -0.00544477 0.000249455 -0.00499541 0.00109949 -0.010531 -0.0111794 0.127256 0.00355604 0.0128092 -0.0133586 -0.00893729 0.00635376 -0.0128812 -0.0290705 0.0137535 -0.0159012 -0.0103992 -0.0105788 -0.0019375 0.011393 0.00014225 -0.00221903 0.00663544 0.011461 0.00657714 -0.00341264 -0.00263738 -0.00395165 -0.00748967 0.000599498 -0.00109733 -0.00502676 0.00384154 0.00334833 -0.00296663 -9.55997e-05 0.00101631 0.000648269 -0.0015025 -0.00363243 0.000363242 0.000234598 0.00624725 -0.00406519 -0.00369048 -0.0079745 -0.00484075 0.000168176 0.00820763 -0.000530509 -0.000971125 -0.00222342 -0.000836058 -9.77075e-05 0.00306288 -0.000729295 0.00718005 -0.000236608 0.000907884 0.00308523 -0.0115644 -0.000331615 0.00172839 -0.00947494 -0.00298631 0.000662837 -0.00112177 0.00163794 0.00221658 -0.000869396 -0.00041367 -0.000771178 0.0205965 -0.000894937 0.000152826 0.0314378 -0.00599281 0.00152852 -0.0021404 -0.00423169 -0.00907659 0.00268088 -0.0182034 -0.00228899 -0.00729678 0.00150728 0.00203887 0.00103682 -9.87565e-05 -0.0008981 -0.000540622 0.000894611 
-0.000794279 -0.00474582 -0.0275186 -0.0466786 -0.00111683 -0.00345745 -0.00218869 0.00768753 -0.00887604 -0.000858833 -0.0288319 -0.0172579 -0.0251804 -0.0196051 0.00355604 0.247499 -0.0171646 -0.00292698 0.0503553 0.045887 -0.0252664 0.007407 0.0100864 0.00270745 -0.0141786 -0.0326259 0.0172603 -0.0248523 0.0317731 -0.0105977 0.0276315 0.0155361 -0.013316 0.00335183 -0.000246446 -0.0280464 -0.015217 0.0234744 -0.00436164 -0.00274386 0.000925836 0.000343366 -0.00624305 -0.0095463 -0.00472259 -0.00356083 -0.00894503 0.000933011 -0.00905571 -0.0134712 -0.00647162 -0.0116017 0.00438388 0.0236963 0.0010363 0.00368883 -0.00398988 -0.00160096 -0.0041665 -0.00292305 -0.00221207 -0.00590595 -0.00924523 -0.00411671 -0.0249532 -0.0141015 0.00424707 -0.00140868 0.0158097 0.00101178 -0.00412374 0.0116581 -0.0034417 -0.000238739 -0.00568348 0.00164721 -0.0013215 -0.00558157 -0.0196342 0.00697101 -0.0100367 -0.00309405 -0.0122618 0.00395389 -0.00475797 0.00170859 -0.00124666 0.00116228 -0.0087215 0.00964119 0.0112615 0.00195665 0.0199335 -0.00473244 -0.00100034 -0.00623348 -0.00888978 0.0129813 -0.00429209 -0.000976158 
-0.000658072 -0.00327178 0.000438719 -0.00108795 0.0012131 -0.0014456 -0.00346972 -0.0030663 0.0273314 -0.00346666 -0.000509739 -0.00636809 -0.00990618 -0.0117032 0.0128092 -0.0171646 0.184385 -0.0118066 -0.0392607 -0.0164442 -0.00219174 -0.0015332 -0.0234827 -0.0209123 -0.00613554 -0.00649518 0.0105588 0.00445018 0.00364786 0.00902363 -0.00405546 0.0053867 -0.00681803 -0.0102534 -0.00403705 0.00061141 -0.00870568 -0.00743598 -0.000922664 -0.0138415 -0.00262819 0.00261726 -0.00605313 -0.00802107 0.000287829 0.00461269 0.00969056 -0.00167088 -0.00327113 0.0133309 0.00386988 0.00164906 -0.00738868 0.000643958 -0.000395257 0.00458428 0.00188046 0.00184042 -0.000467199 0.000355664 -0.0052813 0.000772411 -0.00183489 0.00689878 0.00389789 0.0011856 0.00221023 0.000555209 -0.00227763 -0.00329207 0.000478271 -0.00558496 0.00157381 0.000743433 0.00256402 -0.00157145 0.00082404 -0.00381539 -0.000822036 -0.00626864 0.00948696 -0.00089631 0.00373577 0.00610053 -0.00145959 0.00030931 0.00102455 -0.0113518 -0.00302706 0.00465179 -0.0057505 -0.00173821 -0.0162855 -0.000794935 -0.000319589 0.00396554 -0.000124824 -0.0114868 0.0049327 -0.00080088 
-0.000226328 -0.00302865 -0.00290011 -0.00704439 0.0107305 -0.000421885 -0.00531483 0.0157967 -0.0113116 -0.00515852 0.00729609 0.0115403 0.00126395 0.0151455 -0.0133586 -0.00292698 -0.0118066 0.245944 -0.00377955 0.0139545 0.00316025 0.0271962 -0.0513584 0.00974596 0.0126399 -0.0334368 -0.0179326 -0.030902 -0.0162573 0.00140048 -0.0150849 -0.00106169 0.00197857 0.000199731 0.00493008 0.0117298 -0.0157401 0.0103519 0.00158996 -0.00515668 -0.00178739 -0.00123603 -0.00253505 0.00281932 -0.000145619 -0.000496716 -0.014801 -0.00556194 0.00464962 -0.00042326 -0.00277082 -0.00135608 -0.0105748 -0.023267 -0.0083047 -0.00965046 -0.00968145 0.00359473 -0.000967196 0.000239202 -0.00950789 -0.00165349 -0.00530164 -0.00113371 -0.00852555 -0.00112837 -9.5574e-05 -0.00612472 0.0267861 0.000310506 -0.00244242 -0.012465 -0.00129731 -0.00171039 0.00972489 -0.00593865 -0.0016498 -0.00675061 0.00285693 0.00117667 -0.0305373 0.00477265 -0.0113391 -0.00804053 0.0078683 -0.00132084 -0.000428332 0.00571536 -0.00795397 -0.0323231 0.0268045 0.0032853 0.010306 0.00138377 0.000862126 -0.00167773 -0.00146748 0.00622559 -0.00841971 -0.00897445 
-0.00114244 -0.00534365 -0.00191887 0.0143818 -0.00245051 0.00109272 0.00598623 0.0128546 -0.00516772 -0.00324526 -0.0126155 -0.029393 -0.0306 -0.0183168 -0.00893729 0.0503553 -0.0392607 -0.00377955 0.226319 0.0171801 -0.0208503 0.016954 0.0191135 -0.00882659 -0.0302277 -0.0176079 0.0116732 -0.0100586 0.0175596 -0.023002 -0.0135945 0.00181923 0.0104333 0.00380782 0.00350212 -0.0145175 -0.0129493 0.0147948 -0.00171163 0.00749666 0.00202462 -0.00432368 -0.00636682 -0.00664583 -0.00334303 -0.00898038 -0.00377531 0.00410377 -0.0101389 -0.00715707 -0.00472588 0.00322901 -0.0012013 0.0113968 0.000409149 -0.00530649 -0.000885006 -0.0043946 -0.00175998 0.00028271 0.00503287 -0.00175263 -0.000583609 -0.0030845 -0.023535 -0.00515853 0.000738621 -0.00275815 0.000233644 0.00345472 -0.00527771 0.00893092 -0.00414215 0.000709079 -0.00447906 -0.0021995 -0.000830286 -0.00694811 -0.00116693 -0.00746474 -0.00976775 0.000605306 -0.00247685 -0.00544435 -0.00984268 -0.00404157 -0.00666394 0.00152956 -0.00834309 -0.00373151 0.0185979 0.00202553 0.0151001 -0.00370152 0.000715174 -0.00518777 -0.00465862 0.00254656 -0.00211028 0.00288271 
0.000959512 -0.00299065 -0.0112649 -0.0535633 0.00477844 6.85366e-05 -0.013725 0.00980052 -0.0347633 -0.0105477 -0.0112942 0.00739791 -0.0336045 -0.0198095 0.00635376 0.045887 -0.0164442 0.0139545 0.0171801 0.239581 0.00592232 0.0121141 0.0187204 0.0198505 -0.00754155 -0.0175862 -0.0130493 -0.032443 0.0130081 -0.00450314 -0.00833854 -0.00427486 -0.0130265 0.00660139 0.00594455 -0.0231102 -0.0035454 0.0154751 -0.00430157 0.0165402 0.00592432 0.00290501 -0.000193981 -0.0179617 -0.00467281 -0.00474757 -0.00925648 -0.00667277 0.00248843 0.0100751 -0.00810587 -0.00895638 0.00713264 0.00929871 -0.00629282 -0.00772141 -9.36319e-05 0.00157861 -0.00731501 -0.00282982 -0.0058605 -0.00161453 -0.00658145 -0.00395838 -0.00984848 0.00227336 0.00094809 -0.00122133 0.0338392 0.00249371 -0.000781637 0.00242488 -0.00185259 -0.0014498 -0.00804064 -0.000153957 -0.00174113 0.00179669 -0.0334705 -0.00419023 -0.0179106 -0.000523086 -0.0179315 -0.00960288 0.00325227 -0.00197649 0.00356615 0.0103273 -0.00750192 0.00181893 0.0059917 -0.000132303 0.00775056 -0.00356639 -0.00206948 -0.00147323 -0.00557428 0.00437969 -0.00523996 -0.00158895 
0.00102979 -0.00156959 -0.00379831 -0.021849 0.0127757 -0.000727679 -0.00623572 -0.00685889 -0.0159525 -0.00377287 -0.00235562 0.0443465 0.0222442 0.0131367 -0.0128812 -0.0252664 -0.00219174 0.00316025 -0.0208503 0.00592232 0.223487 0.000137933 0.0037526 -0.04077 -0.0455776 -0.0116182 -0.0077602 -0.039237 -0.00960132 0.0173207 0.0066469 -0.0274082 0.00984783 -0.00386899 -0.00702353 0.00603561 0.0113616 -0.00532455 0.00239103 0.0247875 -0.00390701 0.00112294 0.00625345 -0.00863761 -0.000546562 0.00116391 -0.00997804 -0.000929115 0.00949208 -0.000963861 -0.0110544 -0.00767159 -0.00549099 0.00640127 -0.00704031 0.00222131 -0.00674916 0.0037174 -0.000265939 -0.000912333 0.000733018 0.00195696 0.000506237 0.00481751 0.0108865 0.00267118 -0.00355934 -0.00206725 -0.00413311 0.001083 0.00130264 0.000122142 -0.00348343 -0.00281144 0.00176928 0.00569573 -0.00264305 0.001285 0.0118841 -0.0018887 0.00134662 -0.00728742 0.00412709 -0.0225805 -0.0132971 -0.00100349 -0.00492765 0.00341285 0.00691754 -0.0170302 -0.0141626 -0.0064123 -0.0235673 -0.00178236 -0.000565179 0.0041684 0.00156978 0.0203369 0.00055215 -0.0060519 
-0.000835973 -0.00339273 0.00342374 -0.0067084 -0.00419796 -0.00113378 -0.00794777 0.0041387 0.00940902 -0.00271306 -0.0047386 0.0400802 0.00613747 -0.00256353 -0.0290705 0.007407 -0.0015332 0.0271962 0.016954 0.0121141 0.000137933 0.211152 -0.0214575 0.0102185 0.0024942 -0.0167383 0.0298841 -0.00819496 0.00956556 -0.0135894 -0.0400093 -0.0232603 -0.00504437 -0.00107777 -0.00235319 0.00895623 -0.00574499 0.00568819 -0.00417347 0.000232813 -0.00202161 -0.0149494 -0.00527472 1.47105e-05 -0.00184911 -0.00216591 -0.00112727 0.000578142 -0.00452137 0.00779479 0.0012105 0.000653692 -0.00433477 0.0197051 0.00183464 -0.0103248 -0.00728017 -0.00225818 -0.0050162 -0.00438117 -0.00727093 0.000495571 -0.00974553 -0.00294621 -0.00499039 -0.00305521 -0.00309313 -0.00405806 0.00678237 0.000169077 5.94922e-05 -0.0109065 -0.00206371 -0.00403854 0.0038903 -0.00480006 -0.00339273 -0.00588961 -0.0140208 -0.0206386 -0.0429109 0.00550522 -0.0109238 -0.0298336 0.0112104 -0.00279531 -0.000183712 -3.58451e-05 0.0043626 0.00101312 0.0139961 -0.0158574 0.00111374 0.00276566 -5.07004e-05 -0.00113704 -0.00313335 -0.00218281 -0.00549748 -0.000909771 
0.000211501 -0.0078593 0.00210103 -0.00709246 -0.00240885 -0.0010354 0.00633207 -0.00969791 -0.00433416 0.000362813 -0.0294265 0.0141819 0.0047578 -0.0185901 0.0137535 0.0100864 -0.0234827 -0.0513584 0.0191135 0.0187204 0.0037526 -0.0214575 0.246343 -0.00618077 -0.0581415 -0.000569015 -0.00974089 -0.00216762 0.00941878 0.00536161 0.000156698 -0.00885029 -0.0313434 -0.00266562 -0.0106196 -0.0217859 0.0111733 -0.00260102 -0.00325876 -0.017649 0.00396516 -0.0127498 -0.000243119 -0.000251531 -0.00285131 -0.00549067 -0.013219 -0.00614046 0.0049755 -0.0141553 -0.00574849 0.00124017 0.0251118 0.0202851 -0.0014173 -0.00564003 0.0151389 -0.00161983 -0.00611911 -0.00764818 0.00219277 0.00404894 0.0120165 -0.0037072 0.00643678 0.00073561 0.00887395 0.00505366 -0.00922693 -0.00210126 0.0036528 0.0093546 -0.00571657 -0.0064123 -0.00994976 -0.00265123 -0.00015116 0.00741406 0.00279243 -0.000731821 0.0119876 0.0145527 -0.00207274 0.0141283 -0.018966 -0.00173143 -0.00354512 -0.00266656 0.00215674 0.0118794 -0.015438 -0.00914885 -0.0114852 -0.0035267 -0.000371177 -0.000522987 -0.00227056 0.00756009 -0.0053046 -0.00807167 
0.00014505 -0.00224273 -0.0104738 -0.0136036 -0.00777816 -0.00412779 0.000421835 -0.000222077 0.00160554 -0.00590756 0.0130189 0.0102707 -0.0112519 0.0110887 -0.0159012 0.00270745 -0.0209123 0.00974596 -0.00882659 0.0198505 -0.04077 0.0102185 -0.00618077 0.249932 0.0367129 0.0121604 -0.0161638 -0.00595582 -0.000827684 -0.011885 0.00306272 0.00218623 -0.021483 -0.00995655 0.00514712 0.0158238 -0.0125342 -0.0282079 -0.00199293 0.0133636 -0.00578106 0.000940688 -0.00300979 0.00251431 -0.0015057 -0.00747574 0.00883031 -0.00689857 -0.0108865 -0.0119095 -0.0110812 -0.0114304 -0.00668857 -0.00551363 -0.00642726 -0.019496 -0.00372239 -0.000797966 -0.00248614 -0.00598202 -0.00531346 -0.00480422 -0.0060434 -0.00696095 -0.00936177 0.000928738 -0.0102947 -0.0029711 0.0150074 -0.00534609 0.00155662 0.0159654 0.00152551 -0.00733883 0.00267095 -0.00511818 -0.000687436 -0.000532791 -0.0301977 0.00716979 0.000582414 -0.0121702 -0.00660057 0.00437082 0.00152278 -0.00290407 -0.000186916 0.000191029 0.00683208 -0.00114332 0.0294079 -0.0121049 0.0243409 0.00542789 -0.00204672 -0.00613633 -0.00770857 -0.0192987 -0.00378807 0.00010915 
-0.00133817 0.00957096 0.00717631 0.012552 -0.0153091 0.00136333 -0.0110965 0.00280796 -0.0188221 -0.00467596 0.0165163 -0.0193167 -0.00969969 0.0190618 -0.0103992 -0.0141786 -0.00613554 0.0126399 -0.0302277 -0.00754155 -0.0455776 0.0024942 -0.0581415 0.0367129 0.242103 0.0226063 -0.00805311 0.0129367 -0.0238143 -0.00826368 0.00615667 0.00141034 -0.00291604 0.00628951 0.00579392 -0.00685024 0.00909367 -0.00548733 -0.00283247 -0.00591039 -0.00178986 0.0137761 -0.00322172 0.00433592 0.00134677 -0.00204448 0.00535842 -0.00535902 -0.0111233 0.00181744 0.00300214 -0.00426268 0.00317168 -0.0252103 0.000669745 -0.00899407 -0.00196922 -0.00224686 0.00204578 0.00634006 -0.00311698 -0.00140315 -0.00440888 -0.000864897 -0.00376258 0.00188739 -0.0076915 -0.0050449 0.0133956 -0.00208799 -0.00458167 -0.0132546 0.00562239 -0.00392352 -0.00189323 -0.00846564 -0.00261483 -0.00972001 -0.0146448 0.0204681 -0.0107426 -0.00589379 -0.00805425 -0.00816097 0.0168691 -0.00224718 0.0105438 -0.00177204 -0.00991611 -0.00500634 0.0055022 0.00887555 -0.00186633 0.00328915 -0.00475634 -0.00617669 -0.00055733 -0.0235311 -0.00301295 0.00637908 
0.000840268 0.00431535 0.0104744 0.0310503 -0.0138646 -0.00034854 0.00418991 -0.0112302 -0.00692641 -0.00477479 0.00388559 -0.015042 0.0201911 0.00870014 -0.0105788 -0.0326259 -0.00649518 -0.0334368 -0.0176079 -0.0175862 -0.0116182 -0.0167383 -0.000569015 0.0121604 0.0226063 0.15309 -0.0124494 0.0223192 -0.011759 -0.00679984 -0.00988644 -0.00570384 -0.00497528 -0.00296853 -0.002939 0.00117999 0.00270034 -0.00532988 -0.00248877 -0.0036418 -0.000934207 0.00416392 0.00637171 -0.000527901 0.00141755 0.00067859 0.00759633 -0.00503295 0.000873104 7.3978e-05 -0.00444711 -0.00360735 -0.00704082 -0.0206764 0.00290574 -0.00426011 0.000536041 -0.0014552 0.00104424 0.00407684 -0.000336178 0.00131852 0.00450858 -0.00180946 0.00465855 0.00308092 -0.00341739 -0.00149206 -0.00373077 -0.00040012 0.0037738 -0.00423308 0.00276032 -0.000991467 -0.00120388 -0.000640007 -0.00117316 0.00133723 0.00639295 0.000635287 0.0133862 -0.00364327 0.00808587 -0.00709882 0.00601928 -0.000584815 0.00048995 0.000699629 0.00409277 -0.00867402 -0.0128535 -0.00226615 -7.24158e-05 -5.94455e-05 -0.00182307 -0.00148096 0.00204092 -0.0158479 -0.00105928 0.000535758 
-0.00164603 0.000338734 -0.00111857 -0.000442779 0.00111176 0.000383621 0.0110547 -0.000100148 0.0231956 -0.00110902 0.0102541 -0.0133697 -0.0205686 -0.027325 -0.0019375 0.0172603 0.0105588 -0.0179326 0.0116732 -0.0130493 -0.0077602 0.0298841 -0.00974089 -0.0161638 -0.00805311 -0.0124494 0.211824 0.00680713 -0.00294941 -0.0110491 -0.00667547 -0.00302258 -0.0172405 -0.00302403 -0.00386396 0.00589847 -0.00935562 0.00102867 -0.00288764 -0.0150594 -0.00348716 -0.00254513 -0.00621419 -0.0102766 -0.00281531 0.00382559 0.00613787 0.00512533 -0.00591062 -0.00327374 -0.00626706 -0.00570289 -0.00063162 0.0220555 0.011235 -0.00319084 -0.00963369 0.000556766 -0.00450243 -0.00352628 -0.00425088 -0.000691792 -0.00487653 -8.44457e-05 -0.00697443 -0.00280952 0.000158327 0.0036982 -0.0177216 -0.00209417 -0.00390706 0.00010841 -0.000579592 -0.00010158 0.001714 -0.0035657 0.00146466 -0.00331138 -0.00342063 -0.00877556 -0.0130834 0.00120705 0.00794689 0.00216221 -0.00334941 0.000131512 -0.0051382 -0.00630095 -0.012035 0.0123583 -0.00484543 -0.0135879 -0.0141348 0.00192806 -0.00214064 0.00190286 1.50785e-05 0.00325221 0.00278513 0.00261005 
-0.00052243 -0.00130914 0.000524014 0.0227238 -0.00746415 0.00124147 0.00475904 -0.0134109 0.0145093 -0.000695156 -0.0071165 -0.0325837 -0.0149923 -0.0111876 0.011393 -0.0248523 0.00445018 -0.030902 -0.0100586 -0.032443 -0.039237 -0.00819496 -0.00216762 -0.00595582 0.0129367 0.0223192 0.00680713 0.172499 0.00354856 0.00328975 -0.00111867 0.00300661 -0.0149773 -0.00149053 -0.00570235 0.00548097 0.00428777 0.00175804 -0.00250621 -0.0250532 4.9624e-06 0.00219258 -0.00277185 0.00486269 0.00397354 0.00184305 0.00974043 -0.00449842 -0.00103286 -0.00351715 0.0098886 0.00157128 -0.0145129 -0.0156668 0.00629255 -0.000176625 0.00869157 -0.00372111 0.000267439 0.00810449 0.00387146 -0.000534826 -0.00368235 -0.00351651 0.000102087 0.00351502 -0.00158458 0.000640526 -0.0118768 -0.000973125 -0.00195729 -0.00303222 0.000114896 0.00305509 -0.00360397 -0.00193188 0.00114334 -0.00381891 0.00277244 -0.00160929 0.00258939 0.00179865 0.00278077 0.0225583 -0.000576827 0.00165 0.00105274 -0.00449637 -0.00799422 0.0241654 -0.0126544 0.000743927 -0.0244499 -0.00357694 -0.000479392 0.0010965 -0.00204661 -0.00782465 0.00722144 0.00822046 
0.000975738 -0.00497064 -0.00844136 -0.0204383 0.0113978 -0.00121974 -0.00370787 0.00356578 0.00120781 0.000893478 -0.0270541 0.00115592 -0.0163146 -0.0156535 0.00014225 0.0317731 0.00364786 -0.0162573 0.0175596 0.0130081 -0.00960132 0.00956556 0.00941878 -0.000827684 -0.0238143 -0.011759 -0.00294941 0.00354856 0.178782 -0.0104135 0.000300092 -0.00306013 -0.00632551 -0.000920841 -0.00700131 -0.0155721 -0.0138572 0.0184816 0.00127623 -0.0110891 0.000850537 -0.0101258 -0.00521387 -0.0137191 0.000298743 -0.00318118 -0.00922711 -0.000306187 -0.00368063 -0.00188731 0.000215234 0.00227589 0.00215092 0.0174957 0.00562337 0.00491279 -3.34577e-05 -0.00178172 -0.00363984 -0.0012852 0.000395854 -0.00263765 -0.00886668 0.000321024 -0.0107324 -0.00547535 -0.00109954 -0.00259398 -0.000510689 0.000964187 -0.000105464 -0.00202371 -0.00168757 -0.00197531 -0.00482131 0.00587013 -0.00161599 0.000763353 -0.0130173 -0.0134055 -0.00906906 -0.00289383 -0.0056243 0.00819346 -0.00170967 -0.00120765 -0.000987533 0.0042037 -0.00397644 0.0114336 -0.00151086 -0.00191228 0.01854 -0.00423176 0.00233482 -0.00305145 -0.00210856 -0.00407959 0.00482518 -0.000106936 
1.07312e-05 -0.00113452 -0.0028054 -0.0086637 0.000764201 -0.00112212 0.00359038 -0.00907321 -0.0033485 -0.00411177 -0.0082676 0.00113009 0.00153842 -0.0101291 -0.00221903 -0.0105977 0.00902363 0.00140048 -0.023002 -0.00450314 0.0173207 -0.0135894 0.00536161 -0.011885 -0.00826368 -0.00679984 -0.0110491 0.00328975 -0.0104135 0.117649 0.0119892 -0.000375394 -0.00741579 0.00424843 -0.00421461 -0.00556654 0.0120024 -0.00732224 0.00482026 0.00238802 -0.00123754 0.000476984 -0.00240404 -0.00254734 0.00294713 0.00119872 -0.00501843 -0.0029138 0.000459485 -0.00895245 0.000295786 -0.0027195 -0.00231945 -0.00366228 -0.00145106 0.00297265 0.00775598 0.00129067 0.000109198 -0.00158576 0.000165813 0.00143684 0.00173664 0.00010566 -0.00153428 -0.0015941 0.00116728 -0.00125892 -0.00262751 -0.000911516 -0.00280292 -0.00426148 -0.00229556 -0.00162223 9.93293e-05 -0.00243792 -0.00135223 -0.000170272 0.000982061 0.0136326 0.00471175 0.000324536 0.00896035 0.00533558 -0.00219494 0.000598093 -0.000937571 0.00231183 -0.00466292 -0.00122572 -0.00688705 0.00262293 -0.0113217 -0.00195202 -0.00142746 0.00244173 -0.000407077 0.00463401 0.00151878 -0.00224967 
-0.00123071 -0.00223882 -0.0205449 -0.0442456 0.00402178 0.000913785 0.00924912 -0.0170698 0.00406239 0.00181507 -0.0150599 -0.0228608 -0.00739151 -0.00582757 0.00663544 0.0276315 -0.00405546 -0.0150849 -0.0135945 -0.00833854 0.0066469 -0.0400093 0.000156698 0.00306272 0.00615667 -0.00988644 -0.00667547 -0.00111867 0.000300092 0.0119892 0.223619 0.0170142 0.00222417 -0.00471543 -0.0077208 -0.00344793 0.00302858 -0.00569406 -0.00288541 -0.0176643 -0.0025654 0.0052977 -0.00160993 -0.00916195 0.000537707 -0.000737687 -0.00791947 0.00321313 -0.0045174 -0.0130939 -0.00190515 -0.0141191 -0.00479139 -0.00249523 0.00376975 0.00811064 -0.00451619 -0.000595958 0.00472012 0.00161402 0.00279849 -0.00275204 0.00199482 -0.0043442 -0.00184142 -0.00354355 0.00130726 0.00168216 -0.0170515 -0.00376504 -0.00351892 0.017467 -0.00379399 -0.00159458 -0.00517591 -0.00155199 -0.00328167 0.00160082 0.00389502 0.0231996 0.0237145 -0.00282657 -0.00119709 0.0147969 -0.0110789 0.000624033 -0.00422064 -0.00272745 -0.00203582 0.00139318 -0.00616742 0.0092656 -0.0143455 -0.00449115 -0.00385762 -0.00367572 -0.00533551 -0.000554331 0.00186247 -0.00127393 
-0.000865269 -0.00118724 -0.00948198 -0.0242277 0.0025953 -0.0014057 -0.000414746 -0.000601866 0.00131796 0.00321854 -0.0016981 -0.0195546 -0.00935279 -0.0222859 0.011461 0.0155361 0.0053867 -0.00106169 0.00181923 -0.00427486 -0.0274082 -0.0232603 -0.00885029 0.00218623 0.00141034 -0.00570384 -0.00302258 0.00300661 -0.00306013 -0.000375394 0.0170142 0.133123 0.00273198 -0.00462256 -0.000485056 -0.00935146 -0.00907061 0.00536962 0.00109502 -0.00919397 0.00320907 -0.00161529 -0.000693205 -0.000536834 -0.000654733 0.0029664 -0.00329048 0.000551763 -0.00326029 -0.00108136 0.00359072 -0.00882054 -0.00956462 -0.00750503 0.000244883 -0.0014162 -0.00260235 -0.000229687 -0.000492462 0.00195405 -0.00113193 -0.00167273 -0.000189097 -0.00297555 0.000134073 -0.00307971 0.000162076 0.000929736 -0.000304071 8.85375e-05 -0.000658028 -0.00203553 -0.00206835 -0.000453491 -0.00198586 -0.00170874 0.000560578 0.000212063 -0.0108929 0.0146131 0.0153465 0.00378275 0.00391896 0.0102746 0.00405428 0.000637567 -0.0026349 0.00174059 0.00166552 0.00273658 -0.00303148 -0.00531858 0.0082967 0.0016328 -0.00100987 -0.00152751 -0.00263543 -0.00525425 0.00112343 0.00144919 
9.54769e-05 0.00103739 -0.00758272 -0.0223709 -0.00330128 0.00145932 -0.00586964 -0.00259641 -0.00595037 0.00225292 0.0124839 -0.00426469 0.0025249 -0.0020247 0.00657714 -0.013316 -0.00681803 0.00197857 0.0104333 -0.0130265 0.00984783 -0.00504437 -0.0313434 -0.021483 -0.00291604 -0.00497528 -0.0172405 -0.0149773 -0.00632551 -0.00741579 0.00222417 0.00273198 0.177212 0.00193381 -0.00494605 0.0062307 -4.14879e-05 0.00721721 0.00107884 0.0180706 0.00333784 -0.00100566 0.00329833 0.0020664 -2.57501e-05 0.0016129 -0.0097873 -0.000985626 -0.0012768 -0.00255088 0.00140089 -0.00114395 -0.00961081 -0.00943185 -0.00414523 0.00578572 -0.00389882 0.00102753 0.00108035 0.000116885 -0.00040277 -0.00194804 -0.00194702 0.00401156 -0.00822425 -0.00386258 -0.0050903 -0.000356529 0.00438171 0.00139387 -0.00139302 0.000639915 0.00111014 0.00518627 -0.00108331 0.00544663 -0.000688008 -0.00215562 0.00337431 0.00482085 0.00238552 -0.00962407 -0.00622971 -0.0165862 8.3405e-05 -0.000583128 -0.00354865 0.00361799 0.000280047 -0.0165746 -0.00762912 -0.00119405 0.00816066 -0.00302772 -0.00162414 -0.00225637 -0.00128332 0.0139615 -0.00114892 0.00218254 
0.000123046 6.75023e-05 -0.00115044 -0.00267256 -0.00390096 0.000527389 -0.00539161 -0.00169119 -0.00556498 0.00351547 0.00365829 -0.0052397 0.00187109 -0.000429302 -0.00341264 0.00335183 -0.0102534 0.000199731 0.00380782 0.00660139 -0.00386899 -0.00107777 -0.00266562 -0.00995655 0.00628951 -0.00296853 -0.00302403 -0.00149053 -0.000920841 0.00424843 -0.00471543 -0.00462256 0.00193381 0.0831998 -0.000570203 -0.00729087 0.00835569 0.00432645 0.000513944 0.0106941 0.000733219 -0.00122776 0.00016681 -0.00231827 0.000370496 -0.00133823 0.00126513 0.000939019 -0.000298114 -0.00183452 0.00344024 -0.00133323 0.00192409 0.00178378 -0.000155618 -0.00161504 -0.00287091 -0.000218445 -0.00104132 -0.000458607 -0.00170518 -0.000361356 -0.00127671 -0.00141519 -0.00707547 -0.00245083 -0.0018102 0.00155569 -0.00119125 0.00323342 -0.00107667 -0.00195756 -0.000360273 0.000416796 0.000928269 -0.000672957 -0.000329962 -0.000385458 -0.00254411 -0.002914 -0.00782603 0.00212342 -0.00419449 -0.0106058 0.00317013 -0.00047151 -1.51379e-05 -0.000229087 -0.0031745 -0.00169931 -0.00807904 -0.00170897 -0.00427001 -0.00215511 0.00186432 -0.000290438 0.00129064 0.000590121 0.000200268 0.000554209 
