0.0244174 0.000319193 -3.08687e-05 8.27688e-05 0.000223645 -8.23602e-05 -0.00123085 -0.00178759 -0.000173582 0.000359548 0.000572464 -0.00114778 -0.00365432 0.00123308 -0.000409237 0.00134114 0.0029291 -0.000454193 0.00127822 -0.00368804 -0.00152202 -0.00219949 -0.00160449 -0.00363596 -0.0002237 -0.000202011 -0.00156492 0.00190578 0.000975464 -0.00103993 -0.00318607 -0.00202151 1.55296e-05 -0.000528139 0.000156812 -0.00218973 0.000712943 0.00025759 0.000152812 0.00104357 -2.57999e-05 -0.000802783 -0.000162978 -0.00100256 -0.000197006 -0.00109256 0.000129673 -0.00289211 -0.000987509 -0.000179319 9.5249e-05 -0.000110845 0.000130431 -0.000510295 -0.00039445 0.000436691 0.000319047 -0.000518149 0.00180171 0.000719169 0.00138223 0.00162945 0.000828386 -0.000923996 0.000169987 0.000375846 5.01903e-05 0.00018444 0.000172268 -0.000570013 -8.24099e-05 -8.71583e-05 0.0014693 0.000445008 -0.000144093 -0.000186037 -0.000419934 -0.000413015 0.000201775 -0.000471909 0.000993607 -0.000330437 0.00016676 0.000414871 -0.000564391 0.000499675 -0.000111771 -0.00103851 -0.000186221 0.000260455 -0.000345246 -0.000202348 -0.000136675 0.000149907 -0.000891304 -0.000177496 -0.00123129 0.000651965 -0.000451944 -0.00123585 
0.000319193 0.0549058 0.0100811 0.000140315 -0.00181472 -0.00195706 -0.00142842 -0.00408211 -0.00843028 0.00212482 -0.00124629 -0.00785877 -0.00266215 -0.00268619 0.00519944 0.00559937 0.00300042 -0.00795025 0.00698574 -0.0036433 -0.00992517 -0.00250992 0.000851977 -0.0052568 -0.0125244 0.00144258 -0.00100588 -0.0016285 0.000963743 -0.00574943 -0.00671718 -0.0038187 -0.00524052 -0.00231567 0.00379689 0.00140157 -0.000447966 -0.00124353 -0.000913622 0.00125806 -0.00196673 0.00363046 -0.000564256 -0.00187579 6.12285e-06 0.000874289 -0.000995278 -0.00336949 -0.00246923 -0.00109184 0.000485136 0.00083331 0.00118615 -0.00082623 0.00166101 0.000443747 0.00153065 0.00352778 -3.88431e-06 0.000786514 0.00400806 0.000728572 0.00230046 0.000184594 -1.66664e-06 0.00168172 0.00120542 -0.00105139 0.000553798 0.00240098 -9.90552e-05 -0.000270279 -3.38148e-05 -0.00167237 0.00210905 0.00114247 -0.000453979 -0.000889724 0.000723001 0.00376171 -0.00418496 -0.0043604 -0.000316709 0.00064016 0.00194794 0.000573895 0.00209951 -1.4289e-05 -0.000833913 -4.80705e-05 -0.00130509 -0.00105356 -0.000802769 -0.000677995 -0.000157762 -0.00292856 -0.00093654 0.00123628 -0.000342592 -0.00167885 
-3.08687e-05 0.0100811 0.05487 2.95895e-05 0.00206514 -0.00024376 0.000415027 -0.00398819 -0.00440618 0.00121323 -0.0021849 -0.00828155 -0.0050002 -0.00223637 0.0066951 0.00513903 0.00201403 -0.00284183 0.00432654 -0.00735606 -0.0136429 -0.000301851 -0.00541085 -0.00858779 -0.00376312 0.00246718 0.000175023 0.000856498 0.00392093 -0.00125793 -0.00741763 -0.00366978 -0.00719293 0.00117596 0.00383627 -0.00125538 -0.000831601 -0.00144021 -0.00315615 0.000469167 0.000133857 -0.000380982 0.000360526 -0.00296753 -0.000167195 5.02114e-06 -0.00143405 -0.00665698 -0.00381456 -0.00102127 -0.00107899 0.000653708 0.00164302 -0.000807653 0.00197643 -0.00126262 -4.367e-05 9.73774e-05 0.00125926 0.0026712 0.0059261 0.00470607 0.00272175 -0.00279729 -0.000676736 0.00114073 0.000596607 -0.00107257 0.000494297 0.00110039 0.0013134 -0.000492541 0.000765308 -0.0017943 0.0047994 0.000537406 -0.000458669 -0.00131729 2.4815e-05 0.00144531 0.000837364 -0.00509281 -0.00222156 -0.000268874 0.00244903 -0.000541964 0.00273067 -0.000375095 -0.001111 -0.000951891 -0.000239042 -0.000226864 -0.00202656 0.000307857 -0.00102598 -0.00140696 -0.00333374 0.00102916 -0.000559117 0.000648501 
8.27688e-05 0.000140315 2.95895e-05 0.0242401 -0.000323576 -7.25544e-05 0.000370265 -0.0024686 -0.00396844 0.00022499 -0.000330032 -0.0028473 0.00058301 -0.0013998 0.0025855 -0.00259605 0.00341927 0.0038143 0.00215923 -0.0045207 -0.00251293 -0.00212396 -0.00205816 -0.001832 -0.00350754 0.00251959 -0.00388513 -0.0038247 -0.00195673 -0.0012108 -0.0030678 0.00101162 -0.00182761 0.000154097 0.00138738 -0.000835728 0.000210104 -0.0012401 0.000410554 -0.000373245 -0.000441496 0.00138837 -0.000238214 0.000170588 -0.000239154 -0.000572735 0.0011194 -0.00326407 -0.00186661 -0.000259411 0.000395708 -1.15417e-05 -6.10266e-05 -0.000300763 -0.00100207 0.000529759 -8.59253e-05 -0.000436508 0.001547 0.00060753 -7.88663e-05 0.00192258 0.000773848 0.000698788 0.000608295 -0.000244153 3.2244e-05 -0.000212411 0.000391153 -0.000512635 -0.000146951 -0.000164314 8.09468e-05 0.000349563 4.87459e-05 0.000407405 0.000162806 -0.00042195 0.000557494 0.00159343 0.00396693 0.000542454 -0.000602998 0.000135344 -0.000473686 -6.10343e-05 -7.18543e-05 -0.000210277 9.56887e-05 0.00010345 -0.000127974 0.000242733 -0.000414281 7.38945e-05 -0.000253718 -0.000593815 -0.00140808 0.000995377 -0.000121108 0.0007989 
0.000223645 -0.00181472 0.00206514 -0.000323576 0.0790649 0.00401781 -0.003782 -0.000286768 -0.00687733 0.000939307 -0.000503324 0.00599584 -0.0055359 0.000473777 -0.0132564 0.00728944 -0.00252951 -0.000335823 0.00305588 -0.0189036 -0.000116845 0.0123781 -0.00873246 -0.00457926 -0.00275617 -0.00685505 -0.00310161 -0.00255138 0.00826603 0.00708968 -0.00229261 -0.00192898 0.00381915 -0.00320231 0.00919222 -0.00388788 -0.000468319 0.00453998 -5.09345e-05 -0.00054228 -0.000655568 -0.000443607 -4.09469e-06 -0.00213755 -0.000997548 -0.00118424 -0.0028562 -0.00882857 -0.00342249 -0.000499195 -0.00223864 0.000863543 -0.00087681 0.000301197 0.00224299 0.00773921 -0.00127763 -0.00292795 -0.00121663 0.000126095 0.00270746 -0.0112745 0.00241643 -0.00450259 -0.00223138 -0.00249974 -0.000222031 -0.000864785 -0.00041005 0.00488719 -0.00102272 -0.00042251 -0.000976949 -0.000846689 -0.0010312 -0.00049826 0.00153676 -0.00112864 0.000211554 0.00205938 -0.00575918 -0.0013577 0.00117436 0.000450252 0.000622609 -0.00257099 0.00237284 0.00146949 -0.000993786 0.00211863 0.000316684 0.00198807 -0.00134564 0.000267183 -0.00173977 -0.0054005 -0.00521187 3.53181e-05 -0.00260007 -0.00462469 
-8.23602e-05 -0.00195706 -0.00024376 -7.25544e-05 0.00401781 0.0602327 -0.00201554 0.0059849 -0.000504949 0.000583293 0.000991253 0.00502446 -0.000857817 -0.00433236 -0.00730331 -0.00298279 -0.00899896 -0.00151475 -0.0063768 -0.00576596 -0.00262008 -0.00291701 0.00866454 0.010265 -0.00682396 0.0023173 -0.00292736 -0.00570775 0.00402938 -0.000955183 0.00131055 0.00432549 -1.53304e-05 -0.000382682 0.000213086 -0.00310675 -0.00130652 0.000187738 -0.00215563 -7.33382e-06 7.38302e-05 -0.000830217 -0.000758636 -0.00146824 -6.19693e-05 -0.00305521 0.00221697 -0.00467221 -0.00112231 -0.00108664 0.000844528 2.97589e-05 -0.000228655 0.000389482 -0.00120175 0.00232112 -0.00115615 -0.00190091 -0.00103349 0.000163076 0.000954323 -0.00290561 6.43824e-05 -0.00322302 0.00106905 0.000788216 0.000868975 -0.0020306 -0.00073938 -0.00364955 -0.000646478 0.000181278 -0.00281878 0.000653337 -0.0022025 -0.000431795 -0.000217749 0.000450828 -0.000101687 0.0010324 -0.00324624 -0.00323862 -0.00122394 0.000730469 0.0032323 -0.00188942 0.000996454 -0.00033979 0.00193806 -0.000212433 -0.00166672 0.00169241 -0.00221682 0.000105487 -0.00182008 -0.000943226 1.04656e-05 -0.000665351 0.00032937 -0.0023434 
-0.00123085 -0.00142842 0.000415027 0.000370265 -0.003782 -0.00201554 0.0949565 -0.0121271 0.0135113 -0.00236038 -0.00682696 -0.00542038 -0.00953585 -0.00214482 0.00776701 -0.00697697 -0.0246996 -0.0156231 -0.0118403 0.00748951 -0.00962392 -0.00546172 0.00529887 0.000584783 0.00732242 -0.00017178 0.00171245 -0.00350408 -0.000824383 -0.00825995 0.00661732 0.00558228 0.0151638 -0.000860649 -0.00175184 0.0148299 -0.0021396 -0.00216386 -0.00459259 -0.00117846 0.00265649 -0.002192 0.00340961 0.00227356 0.00013923 -0.00158832 -0.00151616 0.0112485 0.0014306 -0.000164471 0.00185634 -0.00159091 0.000182114 0.000603435 -0.00148743 -0.00564505 0.00116256 -0.00110385 -0.00165682 -0.000228873 -0.011368 -0.0144349 -0.0012034 -0.00213884 -0.00210601 -0.00155265 -0.000136828 -0.00182953 0.00196125 -0.00383552 0.00233067 0.000161136 -0.00139204 -0.00279436 0.000979653 -0.00191866 -0.000604423 0.00243211 0.000587747 0.00090874 -0.00484138 0.00365832 0.00886377 -0.00188056 0.00176291 0.00245971 -0.00740897 0.000116133 0.00189805 -0.00296089 -0.000480825 -0.00120687 0.000247528 -0.00109442 0.000189293 -0.00480534 0.00261627 -0.000842697 0.00127015 -0.00447105 
-0.00178759 -0.00408211 -0.00398819 -0.0024686 -0.000286768 0.0059849 -0.0121271 0.218345 -0.0018256 0.00113037 0.00522354 0.0129237 0.000811698 -0.013142 0.000198271 0.0137202 -0.0209538 0.0140145 -0.00883369 0.0265379 0.00288509 0.00346314 0.0183396 0.0105399 0.000726705 -0.0211036 -0.00747421 -0.00592759 -0.0198365 -0.0212587 0.00118584 -0.00777548 -0.0120296 -0.0061873 -0.0141163 -0.00578598 -0.00122778 -0.00556935 0.00733211 0.00613109 -0.00350184 -0.000305751 -0.00308334 -0.00489466 0.00103612 -0.000534545 -0.00465217 -0.0129556 0.00683118 -0.00241331 -0.00326313 0.000635353 0.00259534 -0.00211134 0.0052401 -0.00247389 0.00147646 -0.00222657 -0.00967313 -0.00255069 0.00117151 -0.0111593 -0.00187929 -9.99482e-05 0.00018333 0.00218082 -0.00226104 -0.00615185 -0.00274065 -0.00564423 -0.00279783 -0.00310981 -0.00577695 0.00579691 -0.00525129 -0.00227827 -0.00283309 0.00221228 -0.000187067 -0.0178367 -0.0116406 -0.0188855 -0.0176257 -0.00423229 -0.00152573 -0.00409459 0.0147633 0.00973904 -0.00563072 -0.000263069 -0.000749008 0.000213999 -0.00442815 0.000660385 -0.0101717 0.00558859 1.67931e-05 0.00861309 -0.00378517 -0.0129808 
-0.000173582 -0.00843028 -0.00440618 -0.00396844 -0.00687733 -0.000504949 0.0135113 -0.0018256 0.201659 -0.00360446 0.00705751 0.00644368 0.00601283 0.00181845 -0.0397219 0.00956954 -0.0152315 -0.0235473 -0.0447996 0.0258021 -0.00240146 -0.0131491 0.00398798 0.000484689 0.0120041 -0.00871381 0.0280486 0.0148171 -0.023542 -0.0330184 0.0306099 -0.0135942 0.0334677 0.00642241 9.69449e-05 0.0247737 -0.0013043 0.00454638 -0.0122213 -0.0061326 -0.00436614 -0.0125522 0.00387436 -0.00832508 -0.00283645 -0.0146691 -0.0103003 0.0258406 0.03742 -0.00168166 0.00435925 -0.00389972 -0.00168753 -0.00138492 0.00599172 -0.00932245 -0.00252508 -0.00805287 -0.00747204 -0.00103807 -0.0312525 -0.0321737 -0.00562654 -0.000188115 -0.00266238 -0.0103142 -0.00101045 -0.000256894 -0.00273453 0.00774697 0.00193555 4.26494e-05 -0.00330387 0.00535409 0.00129845 -0.00236812 -0.00162941 0.00212296 0.00192661 -0.00441721 -0.0229104 0.00243352 0.0028926 -0.00172202 -0.00851487 -0.00242548 -0.00866463 -0.00558717 0.00352866 -0.00280043 -0.00572818 0.00167944 -0.0046856 0.0027982 -0.00740177 -0.00292977 -0.00199086 -0.00663981 0.000725432 -0.00588412 
0.000359548 0.00212482 0.00121323 0.00022499 0.000939307 0.000583293 -0.00236038 0.00113037 -0.00360446 0.0476087 -0.00365432 -0.00486933 -0.0018044 2.90131e-05 -0.00289795 0.00361066 -0.00710698 -0.00921475 0.00586909 -0.00674521 -0.0066261 0.00637004 0.00273365 -0.00543693 -0.00197776 -0.00338092 -0.0104644 -0.00226796 0.0083958 -0.00136377 -0.00651392 0.00660483 -0.00177343 -0.00123078 0.00140737 -0.00182419 0.000245426 -0.00223119 -0.00413026 -4.52188e-05 -0.0013033 0.00536316 0.000936412 -0.00162476 9.61143e-05 -0.0016484 -0.000646971 -0.00363025 -0.000525546 0.000162761 -0.000570024 -0.000334346 -0.000168692 -0.000788298 0.00073102 0.00204195 0.000741706 -0.000849351 -0.00103531 0.000209283 0.0106601 -0.00646108 0.00289341 -0.00202312 -2.50962e-05 -0.000843542 0.00223943 -0.000503758 -0.000542442 -0.00465786 -0.000747813 0.000739664 0.00130908 -0.00110753 -0.00176692 -0.00033292 0.00111183 0.000644045 -0.000801598 -0.00104201 0.00129812 0.00198314 -0.000982504 0.000658307 0.00162123 0.00505678 0.00194489 -0.000724038 1.9863e-05 -0.000463022 0.000711168 -0.00042662 3.7962e-05 0.000317408 0.00103605 -0.000849421 -0.00218014 -0.00123929 -0.0005476 -0.0010968 
0.000572464 -0.00124629 -0.0021849 -0.000330032 -0.000503324 0.000991253 -0.00682696 0.00522354 0.00705751 -0.00365432 0.158715 0.0028759 0.00683709 -0.00401837 -0.010746 0.0266939 0.00653693 -0.0169038 -0.0218987 -0.00140526 0.00300481 -0.00599006 0.00168869 -0.00458074 0.0064147 -0.0154184 0.00337005 -0.00682778 -0.00606122 -0.00535249 0.0111433 -0.0124252 0.0099536 0.00039877 -0.00214231 -0.0136555 -0.00706617 0.00854899 0.00498524 0.00126744 -0.00171506 -0.00311005 -0.00239528 -0.0079042 -0.00104283 0.00850499 -0.0065155 0.00523048 -0.000492477 0.00152984 0.0018026 -0.000435584 -0.00120907 -0.00115384 -5.41658e-05 -0.00484563 -0.00380409 -0.00907203 8.50228e-05 -0.0031009 -0.00995824 -0.00583313 -0.0015817 -0.0092757 -0.00193005 0.00178041 -0.0032321 -0.00532894 -0.00143399 -0.00875778 -0.00436071 -0.00113462 0.00047764 -0.00149211 -0.00264961 -0.0034768 0.00195545 0.00315073 -0.00126708 -0.00701793 -0.0057644 -0.0107156 -0.00104929 -0.0026379 -0.0051556 0.00622574 0.00262611 -0.00592954 -0.0012451 0.004814 -0.00249002 0.000840852 -0.00350927 0.000857196 -0.00555519 0.00224489 0.000464015 -0.00274413 0.00528741 -0.00254188 
-0.00114778 -0.00785877 -0.00828155 -0.0028473 0.00599584 0.00502446 -0.00542038 0.0129237 0.00644368 -0.00486933 0.0028759 0.210459 -0.00617723 -0.0127735 -0.0393886 0.015301 -0.00178692 -0.0209243 0.000310908 0.0290651 0.016984 0.00624507 0.0278128 -0.0329958 -0.012948 -0.0232584 -0.00615772 -0.00787577 -0.00202841 -0.02256 0.00307792 -0.0132605 0.00369423 -0.002549 0.000476483 -0.00854583 1.74294e-05 0.00681899 0.00692554 0.00681688 -0.00224707 -0.0033788 -0.000419631 0.00817059 -0.00193814 -0.0047089 -0.00958182 0.0233409 0.00740176 -0.000641018 -0.00113797 -0.00550948 -0.0026953 0.00157267 -0.00168765 0.00101582 -0.00293023 0.00330833 -0.000926687 -0.00382711 0.000927503 -0.00625912 -0.00459988 -0.0119037 0.00220756 0.00143548 -0.00544082 0.000364865 -0.00134877 0.00275461 0.000256645 -0.000892053 -0.00816306 -0.00785262 -0.00238131 0.00099617 1.54206e-05 -0.00437252 0.000386588 -0.0013921 -0.0282874 -0.0111494 -0.00511532 0.00212232 -0.00899775 -0.00315878 -0.00777337 -0.00895604 0.00453641 0.00413418 -0.0076162 0.00154067 0.00178267 -0.00411526 -0.00289829 0.00279499 0.000357665 -0.00666283 -0.00856948 0.00449824 
-0.00365432 -0.00266215 -0.0050002 0.00058301 -0.0055359 -0.000857817 -0.00953585 0.000811698 0.00601283 -0.0018044 0.00683709 -0.00617723 0.224794 -0.0125751 0.00897192 -0.0102286 0.0103459 0.0378142 -0.0319394 0.0151924 -0.00054306 -0.0136915 -0.00515552 0.00195569 0.00079765 0.0131627 0.00164337 -0.0177547 -0.0213855 -0.0379032 -0.0214584 -0.00406191 -0.0224917 0.00222197 0.0109287 0.0113895 -0.00102735 -0.0133031 -0.00394077 -0.00276645 -0.0102603 -0.0143614 -0.00125675 0.00566024 -0.00230201 0.00395794 0.00173904 -0.00284009 0.0114194 0.00248699 -0.00462179 -0.00379606 -0.0023352 -0.00240331 -0.00537784 -0.0151222 -0.000923871 0.0102221 -0.0122506 -0.00146912 -0.0199939 0.0164661 -0.00522032 0.0138832 -0.00354011 -0.00456344 -0.000423394 -0.00333872 -0.002676 -0.00793347 -0.00786168 -0.000310611 0.00191796 0.000520624 0.00728531 -0.000166136 -0.00446179 0.00336509 -0.00184034 -0.0051484 0.000501477 0.00800522 -0.0116452 0.000111981 0.00377726 -0.00470134 -0.0079713 -0.00486668 0.000785832 -0.00513455 -0.00326788 0.00228009 7.23916e-05 -0.00264554 0.00200319 0.00142493 0.00232847 0.00510525 -0.0079472 -0.00834989 
0.00123308 -0.00268619 -0.00223637 -0.0013998 0.000473777 -0.00433236 -0.00214482 -0.013142 0.00181845 2.90131e-05 -0.00401837 -0.0127735 -0.0125751 0.161009 -0.00531241 -0.00864996 -0.0058722 -0.0174508 -0.0206776 -0.0275661 -0.000490773 0.00806022 -0.019755 0.0173475 0.00360352 -0.00427655 -0.0103883 0.0297993 0.00887891 0.0299675 -0.00713553 0.00850502 0.0039601 -0.000758612 0.00885266 -0.0143783 0.00079845 -0.00359117 -0.013196 -0.00189839 0.000735599 -0.00665181 0.00232334 -0.00724361 0.000515758 -0.00231829 -0.00654821 -0.0130985 0.00278234 -0.00350527 0.00209434 -0.000338251 0.00102223 0.000294932 -0.00268021 0.0142322 0.00541197 -0.00694486 -0.00151923 0.00209116 -0.00649317 -0.0124955 0.00625805 -0.00535999 -0.0038401 0.0022865 0.000312498 -0.00247392 0.000394882 -0.00582905 -0.00296366 0.00254852 0.000601459 0.000392682 -0.00549027 0.00159857 -0.00295202 0.00151565 -0.00143889 0.0019865 -0.000763318 0.014756 0.00642917 -0.000936221 -0.000619153 -0.00388861 -0.00547477 -0.00255827 -0.00218502 -0.00602678 -0.000793194 0.000509146 -0.000603219 -0.00116899 0.00329976 -0.00739113 -0.0122416 -0.00119182 0.00486647 -0.000862775 
-0.000409237 0.00519944 0.0066951 0.0025855 -0.0132564 -0.00730331 0.00776701 0.000198271 -0.0397219 -0.00289795 -0.010746 -0.0393886 0.00897192 -0.00531241 0.24098 -0.0471201 0.0280209 0.0596774 0.010002 -0.00372518 -0.0284325 -0.0127751 -0.000456717 0.00110517 0.0199151 0.0261627 -0.0281876 -0.0342474 -0.0295992 0.00184933 -0.0503765 -0.018084 -0.0130265 -0.0132679 -0.00537225 -0.0193028 0.000961701 -0.00855021 0.0138894 -0.00306286 -0.00951011 -0.000591101 -0.00265401 0.00463412 -0.000383382 0.00482189 0.0131519 -0.0322975 -0.0341757 -0.00586366 -0.00448688 6.04902e-05 0.00201078 -0.00344356 -0.0128715 0.0025752 -0.00490215 0.0131946 0.00704097 0.00294798 -0.00134382 0.0554647 -0.00578131 0.0195941 0.00794856 -0.00462549 -0.00112162 -0.00819269 0.00125047 -0.00228172 -0.00291182 0.000201793 -0.00269323 0.00345484 0.0125228 -0.00357333 -0.00768258 -0.002395 -0.00457815 -0.0037373 0.0416979 -0.00966436 0.00190017 -0.00193367 0.000190713 -0.0055469 -0.000596483 0.00494148 -0.00211451 -0.00562876 -0.000721709 -0.00381269 -0.00225134 -0.00461916 -0.00245742 -0.00834801 -0.00513888 0.00942148 0.00619878 0.000347638 
0.00134114 0.00559937 0.00513903 -0.00259605 0.00728944 -0.00298279 -0.00697697 0.0137202 0.00956954 0.00361066 0.0266939 0.015301 -0.0102286 -0.00864996 -0.0471201 0.177808 -0.00175589 -0.0306535 -0.00669366 -0.00177136 -0.0160272 -0.000893517 0.00658189 -0.0221211 -0.00907325 -0.0154814 0.0123884 -0.00333522 -0.00734656 -0.00958925 0.0231637 -0.0150548 -0.00480184 0.00156304 -0.000771332 -0.00156227 0.00164619 0.0113612 -0.00941798 0.000518465 0.00266865 0.00453497 0.00127539 -0.00860851 -0.00138788 0.00686567 0.000595251 -0.000879177 0.00625011 -0.000624932 -0.000214197 -0.000422902 0.00173011 0.00101836 0.00709065 -0.00870951 -0.00286479 -0.00315801 0.0061763 -0.0018697 0.00331976 -0.00976812 0.00294031 -0.010116 -0.004298 -0.00238356 -0.00468659 -0.00264888 -0.000613144 -0.00353029 0.000773779 0.000805521 -0.00884423 0.000472056 -0.00817285 0.000936908 -0.00159772 -0.000366885 -0.00234897 -0.00408684 -0.0168866 -0.00699481 -0.000480166 -0.0020484 -0.00210947 0.00035773 -0.00149807 -0.00988688 -0.00287638 0.00245554 0.00327807 -0.000835957 -0.000125825 0.00103932 -0.00802286 0.0075936 0.000117232 -0.000624515 -0.000316471 -0.00577787 
0.0029291 0.00300042 0.00201403 0.00341927 -0.00252951 -0.00899896 -0.0246996 -0.0209538 -0.0152315 -0.00710698 0.00653693 -0.00178692 0.0103459 -0.0058722 0.0280209 -0.00175589 0.244482 0.0520916 0.0182589 -0.0295113 -0.00118674 -0.00590563 -0.0282016 -0.0244732 0.0130927 -0.00655814 -0.0119918 -0.00486432 -0.0158824 -0.00345773 -0.0302903 -0.0395045 -0.0127891 -0.00367361 -0.0051256 -0.00876447 -0.000331368 -0.00173675 0.00727167 0.000604292 -0.00717301 0.00569182 -0.00522144 0.012951 -0.00397943 -0.00884329 -0.00177565 -0.00397273 -0.0196684 -0.00143634 -0.00691145 0.00059057 0.0008176 -0.00365618 -0.0107556 0.00720714 -0.00433881 0.0126642 -0.00814258 0.00104266 0.0106342 0.0462799 0.000785121 0.0055996 0.00388549 -0.00977783 -0.00167064 0.00090866 -0.003166 -0.00353135 -0.00328305 -0.00183665 -0.00201592 -0.000852955 0.00294793 -0.00236893 -0.000626749 -0.00359037 -0.00672988 -0.00817413 0.0285259 5.28363e-05 -0.0080115 0.00127284 -0.0130041 -0.000201428 -0.00488119 -0.0105318 -0.00186851 0.00410226 -0.00046501 -0.000350136 0.00379116 -0.00678018 -0.00845475 -0.00853404 -0.0133498 -0.00237507 -0.00498554 -0.0013421 
-0.000454193 -0.00795025 -0.00284183 0.0038143 -0.000335823 -0.00151475 -0.0156231 0.0140145 -0.0235473 -0.00921475 -0.0169038 -0.0209243 0.0378142 -0.0174508 0.0596774 -0.0306535 0.0520916 0.24815 0.00965213 -0.023542 0.00827349 -0.0313376 -0.015001 0.0235485 -0.00630188 0.0189222 -0.00815659 -0.0125354 -0.0469873 -0.0196516 -0.0425987 -0.0213634 -0.0160342 -0.011786 0.00336012 -0.0220575 0.00107726 -0.00162159 0.0124707 -0.00220131 -0.00405931 -0.0156269 -0.00436704 -0.00183604 -0.00523443 0.00197606 0.0110873 -0.0373613 -0.0195024 -0.00231449 -0.00730912 0.00527208 -0.000708529 -0.000363536 -0.0129234 0.00827979 -0.0039788 0.00933769 0.00161407 -0.00242004 -0.00910813 0.0493986 -0.00247254 0.00653801 0.000443569 -0.0160374 -0.00392844 -0.014405 -0.00276693 0.0158469 -0.00737856 -0.000113626 0.00341771 0.00730112 0.0101061 0.000203135 -0.00961172 0.000708043 -0.00248801 -0.00784429 0.0319558 0.0031244 -0.0039122 -0.00229866 -0.00175681 -0.012821 0.0104406 -0.00128238 -0.00589715 -0.00362539 0.000422506 0.00361626 -0.00497768 -0.00645238 -0.00973094 -0.0106976 0.00161922 0.0087963 0.00213137 -0.000299853 
0.00127822 0.00698574 0.00432654 0.00215923 0.00305588 -0.0063768 -0.0118403 -0.00883369 -0.0447996 0.00586909 -0.0218987 0.000310908 -0.0319394 -0.0206776 0.010002 -0.00669366 0.0182589 0.00965213 0.222899 -0.00858787 -0.00860077 -0.00258779 -0.00472483 -0.0336295 -0.0285629 -0.015361 -0.0241433 -0.00428545 0.0198747 0.00724594 -0.0337631 0.00984658 -0.0138817 -0.00365799 -0.00348947 -0.0208902 0.000824242 0.0128125 0.00371077 0.00438197 0.000998882 0.0159867 -0.0046205 0.00204311 -0.000475772 -0.0113721 0.00129764 -0.0134373 -0.03633 0.000466327 -0.00309754 0.00391602 -0.000556981 -0.00339321 0.00540264 0.0152355 0.00172931 -0.00155054 -0.00431137 0.000552926 0.0309277 0.0232891 0.00489033 -0.0105749 0.000274253 -0.00268041 -0.000236968 0.0016019 0.00219643 -0.00331745 0.00247395 -0.000236212 0.00223684 -0.00804487 0.00422573 0.000116356 -0.00454552 -0.00769288 -0.00213844 0.00590912 0.00329205 0.00866379 -0.0199698 -0.000731133 0.00237963 0.00405245 0.0135648 -0.0016933 -0.00312922 0.0011489 0.00269663 -0.00488604 0.0039224 -0.000421434 0.00167611 -0.010667 -0.00108826 0.00856676 -0.00623386 0.00742972 
-0.00368804 -0.0036433 -0.00735606 -0.0045207 -0.0189036 -0.00576596 0.00748951 0.0265379 0.0258021 -0.00674521 -0.00140526 0.0290651 0.0151924 -0.0275661 -0.00372518 -0.00177136 -0.0295113 -0.023542 -0.00858787 0.249995 -0.0055649 -0.0227307 0.00704444 -0.0255833 0.0212123 -0.00686374 0.0527537 -0.0178899 -0.0417683 -0.0477536 0.0283666 -0.0353806 -0.0212713 -0.000528676 -0.016104 0.0201767 -0.00636565 -0.0129661 0.0163107 -0.00529148 0.00768412 -0.0109598 0.000184584 -0.00284661 0.00130316 0.0103817 -0.00683161 0.028905 0.0108128 0.00337085 -0.00720764 -0.00307932 -0.00110637 -0.00147636 0.0067945 -0.0203318 0.00165489 -0.00383888 0.00344355 -0.00385698 -0.0115559 0.0180736 -0.00904324 0.0150746 0.00389854 -0.0012418 0.000847201 -0.00936736 -0.00105659 0.00838128 0.00379728 -0.00160668 -0.00981854 0.00106965 0.00462216 -0.00454504 0.00332113 -0.011804 0.00502082 -0.022381 -0.0231231 -0.00651527 -0.00618104 -0.000626904 -0.0163953 0.00356543 -0.00292118 0.00409627 5.46759e-05 -0.0122966 -0.00369426 -0.0041477 0.00136937 -0.00383174 -0.0136099 0.0205279 0.00123926 -0.00725351 -0.0015662 -0.0105289 
-0.00152202 -0.00992517 -0.0136429 -0.00251293 -0.000116845 -0.00262008 -0.00962392 0.00288509 -0.00240146 -0.0066261 0.00300481 0.016984 -0.00054306 -0.000490773 -0.0284325 -0.0160272 -0.00118674 0.00827349 -0.00860077 -0.0055649 0.247233 0.00342382 -0.0281068 0.0155149 -0.013336 0.00239953 -0.0364657 -0.012311 0.00918997 0.000476256 -0.0119767 -0.001751 0.0155445 -0.00189306 -0.0155619 -0.0148435 -0.00749317 -0.000430168 0.0115946 0.00241214 -0.000465127 -0.00827403 -0.00220268 0.00445319 -0.00242048 0.00200875 -0.00379897 0.00626004 -0.00832074 0.00054626 0.00127586 -0.0030692 -0.00295461 0.00422116 -0.00772145 -0.0071151 0.000511382 -0.00547867 -0.011072 -0.000539442 0.00400039 -0.00373011 -0.00368547 -0.00158833 -0.00210967 -0.00463514 -0.00560403 -0.000998408 -0.000179819 0.00753083 0.0012496 -0.00347342 -0.000464581 -0.00523337 -0.00616868 0.00202061 -0.00264019 -0.00400746 -0.000898844 0.00817414 -0.00740264 -0.00145508 0.000331659 -0.00103236 0.00424913 -0.0047198 0.00322268 -0.000970929 -0.00449461 0.00500881 -0.00548999 -0.000163484 0.00785786 -0.000728666 0.00117705 -0.0134227 -0.00488434 0.00256587 -0.00349492 0.0055143 
-0.00219949 -0.00250992 -0.000301851 -0.00212396 0.0123781 -0.00291701 -0.00546172 0.00346314 -0.0131491 0.00637004 -0.00599006 0.00624507 -0.0136915 0.00806022 -0.0127751 -0.000893517 -0.00590563 -0.0313376 -0.00258779 -0.0227307 0.00342382 0.181208 -0.0130166 -0.0149844 0.00915203 -0.00781891 -0.0139669 -0.00412346 0.0104774 0.0351108 -0.0270275 -0.00294945 0.0081902 -0.0117855 0.000625149 -0.0159523 -0.00686044 0.00195125 -0.00328268 -0.00132108 0.00081109 0.00399644 -0.000407833 0.00888463 -0.00081748 0.00450457 -0.00335895 -0.00784163 -0.00510662 -0.00170112 -0.00329432 -0.00334428 0.000821479 -0.00169844 0.0043697 0.010597 -0.00115235 -0.00229239 -0.00774126 0.00131034 -0.00350766 -0.0265571 -0.00104381 -0.0147217 -0.0025536 -0.00158536 0.00401184 -0.0011067 0.000409841 -0.00613193 0.00332245 2.48162e-05 0.00143817 -0.00550548 -0.00841362 -0.00152557 0.00226518 0.00364547 -0.00227428 0.00252309 0.00153384 0.00683342 -0.00205074 -0.00219945 0.00336899 -0.00226432 -0.00733147 0.00362965 -0.00241049 0.000701767 0.00082981 -0.00249528 0.0158441 -0.00356296 0.0118496 -0.00395109 -0.00439024 -0.00322179 -0.00332856 0.0143719 
-0.00160449 0.000851977 -0.00541085 -0.00205816 -0.00873246 0.00866454 0.00529887 0.0183396 0.00398798 0.00273365 0.00168869 0.0278128 -0.00515552 -0.019755 -0.000456717 0.00658189 -0.0282016 -0.015001 -0.00472483 0.00704444 -0.0281068 -0.0130166 0.217556 -0.00100864 -0.0330666 -0.0268485 -0.0120019 -0.03278 -0.00226429 -0.0351855 0.0238648 0.00436811 -0.000482619 -0.0153817 -0.00464993 0.00928547 0.00425781 0.00189172 0.00211387 0.0121617 -0.0103983 0.0114065 0.0016891 -0.000261219 0.00060736 -0.00652935 0.00255489 0.000956395 0.00145843 -0.00090564 0.000427742 -0.00340637 -0.00112083 -7.51235e-05 -0.00570717 0.00481125 -0.00481256 0.0126047 -0.00189712 0.00105738 0.00321363 -0.032888 -0.0013008 -0.00467846 0.00644593 -0.00473764 -0.00174458 -0.00298713 -0.00145749 -0.0104336 -0.00351809 0.00271358 -0.00127698 -0.000638504 -0.00404015 -0.00109349 0.00216064 0.0071631 0.00276731 -0.00515868 -0.0205783 -0.0167216 -0.00149051 0.0012516 -0.00549353 0.00609963 0.00580198 -0.00281307 0.00296176 0.00471089 0.00156528 0.000717357 -0.0111464 -0.000344603 -0.000601904 0.00404616 0.0148915 -0.000820693 0.00440262 -1.93148e-05 
-0.00363596 -0.0052568 -0.00858779 -0.001832 -0.00457926 0.010265 0.000584783 0.0105399 0.000484689 -0.00543693 -0.00458074 -0.0329958 0.00195569 0.0173475 0.00110517 -0.0221211 -0.0244732 0.0235485 -0.0336295 -0.0255833 0.0155149 -0.0149844 -0.00100864 0.218882 -0.0118663 -0.000324135 -0.00822397 0.00811637 0.00182964 0.0229726 0.01239 0.028569 0.0125453 -0.00775686 -0.0110315 -0.00570216 -0.00705894 -0.0104233 -0.00339935 -0.00549822 0.0039657 -0.00857083 -0.00210467 -0.00961351 -0.000734978 -0.0114274 0.00212325 -0.0207359 0.00958487 -0.00595762 0.000476023 0.00142695 -0.0018513 0.00310649 -0.00891101 0.00440199 0.00179251 -0.012719 -0.0148106 -0.00190422 -0.000810235 -0.0110998 -0.00376459 -0.002819 -0.00319619 0.0114262 -0.0036208 -0.00787955 -0.00234581 -0.0161978 -0.00424823 -0.0018198 0.00163145 0.0121851 -0.0128555 -0.000987101 -0.00312775 -0.000133853 0.00405673 -0.00246788 0.000297266 0.00231196 -0.00795376 -0.00424625 0.00272275 -0.00602376 0.0016613 0.00871794 -0.000269723 -0.00376532 -0.00451857 0.00728851 -0.0114826 0.000844963 0.00393262 -0.00919766 0.011264 -0.0026539 0.00239274 0.00255451 
-0.0002237 -0.0125244 -0.00376312 -0.00350754 -0.00275617 -0.00682396 0.00732242 0.000726705 0.0120041 -0.00197776 0.0064147 -0.012948 0.00079765 0.00360352 0.0199151 -0.00907325 0.0130927 -0.00630188 -0.0285629 0.0212123 -0.013336 0.00915203 -0.0330666 -0.0118663 0.223906 0.00200371 0.00740786 -0.00516222 -0.0114787 0.0125166 -0.0117792 -0.0261193 0.00434462 -0.00207291 -0.002679 0.0158417 -0.00630216 -0.00682198 -0.00684479 -0.0170413 0.00295477 -0.0120486 -0.000927066 -0.000631521 -0.000115609 0.0131356 -0.00356505 0.0277618 -0.0200034 -0.00359217 -0.00448111 -0.0029858 -0.00486616 -0.00238074 0.00380496 -0.00348366 0.00122677 -0.0140576 0.000349378 -0.00698283 -0.0120765 0.0255084 -0.00507959 -0.00562544 -0.00121787 -0.00584898 -0.0004522 -0.00462192 -0.0046329 -0.0201315 -0.00130838 -0.00550223 0.000856123 -0.00677195 -0.0160698 -0.00477907 -0.000469264 -0.00320743 -0.00945403 -0.0044509 0.0236393 0.0174055 0.0106195 -0.0077413 -0.00610281 0.00559291 -0.0114587 -0.00127586 -0.000332766 -0.00258113 -0.00409451 -0.0033725 0.00879679 -0.00549809 -0.00330802 0.00959777 -0.0099925 -0.0110862 -0.00408857 -0.00572379 
-0.000202011 0.00144258 0.00246718 0.00251959 -0.00685505 0.0023173 -0.00017178 -0.0211036 -0.00871381 -0.00338092 -0.0154184 -0.0232584 0.0131627 -0.00427655 0.0261627 -0.0154814 -0.00655814 0.0189222 -0.015361 -0.00686374 0.00239953 -0.00781891 -0.0268485 -0.000324135 0.00200371 0.168996 -0.00530072 -0.0144789 -0.00453954 0.0123618 -0.0165944 0.00149966 -0.00996434 0.00227205 -0.00179277 -0.000682594 -0.000201189 -0.0110879 -0.00289725 -0.00779901 -0.000905677 0.00104573 0.00251469 -0.00248406 0.000454535 -0.00551886 0.0013381 -0.00438761 -0.0169714 -0.00093968 -0.00197439 -0.00246289 -0.00165418 -0.0020783 0.0011149 -0.0107952 8.09848e-05 -0.00319057 -0.0058269 0.000223206 -0.0164882 0.0237929 -0.000179557 0.00958454 0.000664842 -0.005072 0.00120811 -0.00372571 0.000831667 -0.00295992 -3.63053e-05 4.61569e-06 -0.00164567 0.0011547 0.00345665 0.00348524 0.0013798 -0.00406248 -0.00191627 0.00535502 0.014946 -3.29869e-05 0.00539873 0.000942966 0.0137812 -0.00113718 -0.00762949 -0.00118 0.00150223 -0.00588555 -0.00114992 -0.00536393 -0.000205873 0.000545799 0.00180705 -0.00213558 0.000334469 -0.00544236 0.00286523 0.00707272 
-0.00156492 -0.00100588 0.000175023 -0.00388513 -0.00310161 -0.00292736 0.00171245 -0.00747421 0.0280486 -0.0104644 0.00337005 -0.00615772 0.00164337 -0.0103883 -0.0281876 0.0123884 -0.0119918 -0.00815659 -0.0241433 0.0527537 -0.0364657 -0.0139669 -0.0120019 -0.00822397 0.00740786 -0.00530072 0.24952 0.0173251 -0.00440059 -0.023331 0.0400449 -0.0257478 0.00478929 0.00815438 -0.00110085 0.0017453 -0.00730833 -0.00502792 0.00613727 -0.0091333 0.0117016 -0.0183403 -0.00453948 -0.00586759 -0.00289919 0.00546548 -0.00234467 0.0332222 0.0302524 0.00360174 0.00601178 0.0025656 -0.000307713 -0.0063395 0.00803686 -0.021359 -0.00999721 -0.0152618 0.00414566 -0.00235083 -0.0170918 -0.00131659 -0.00480012 -0.00618475 -0.00261747 -0.0091674 -0.00400204 -0.0106848 -0.00272325 0.0127732 -0.00689651 -0.0026091 0.0127759 0.000283087 0.0014048 -0.00534039 -0.00267359 0.00170231 0.000419877 -0.0173438 -0.0139742 -0.012203 -0.00219356 -0.000791125 -0.0118427 -0.00282351 -0.000603433 -0.00302518 -0.00198241 -0.00773303 -0.000318136 -0.000789428 -0.0123267 -0.00379062 -0.01145 0.00816043 -0.00220351 -0.0172368 0.00188636 -0.0198209 
0.00190578 -0.0016285 0.000856498 -0.0038247 -0.00255138 -0.00570775 -0.00350408 -0.00592759 0.0148171 -0.00226796 -0.00682778 -0.00787577 -0.0177547 0.0297993 -0.0342474 -0.00333522 -0.00486432 -0.0125354 -0.00428545 -0.0178899 -0.012311 -0.00412346 -0.03278 0.00811637 -0.00516222 -0.0144789 0.0173251 0.221689 0.00691672 0.0104977 0.0162581 0.026906 -0.000518395 0.00174602 -0.000212994 0.00688833 0.00379429 -0.00502789 -0.00896385 -0.00286584 -0.00407419 -0.00921483 -0.00201681 -0.0120694 0.0023376 -0.00970845 -0.00718404 0.000615498 0.0353046 -0.00240276 -0.0049725 0.00322785 -0.00112016 -0.0013846 0.00117328 -0.0027967 0.00262856 -0.00280248 -0.00593839 -0.00159486 -0.00817863 -0.0316313 0.00099198 -0.000485867 -0.00933123 0.00707715 -0.000139229 0.00639044 -4.59624e-05 -0.0137262 -0.00532837 -0.00138183 0.000590295 -0.00438425 0.00350427 -0.00220737 -0.00214998 0.00318357 -0.000875361 -0.00447919 -0.0203228 0.00886755 -0.000897581 -0.00412314 -0.00757539 -0.00203211 -0.0105845 0.00632844 -0.00319473 -0.00784105 -0.00442667 0.00074614 -0.00136132 0.00303015 0.00392153 -0.00651078 -0.0131966 0.00219569 -0.00321455 -0.0012517 
0.000975464 0.000963743 0.00392093 -0.00195673 0.00826603 0.00402938 -0.000824383 -0.0198365 -0.023542 0.0083958 -0.00606122 -0.00202841 -0.0213855 0.00887891 -0.0295992 -0.00734656 -0.0158824 -0.0469873 0.0198747 -0.0417683 0.00918997 0.0104774 -0.00226429 0.00182964 -0.0114787 -0.00453954 -0.00440059 0.00691672 0.167834 0.0340944 -0.00856426 0.0292654 -0.00417566 0.00110396 0.00164842 -0.000647894 -0.00612455 -0.00362492 -0.00892833 0.0038614 0.00473745 0.010493 -0.00187017 0.00485422 0.000391703 -0.0126467 -0.00520635 0.00579974 -0.00806414 0.000658517 0.00484513 -0.000199152 -0.000383109 -0.00219089 -0.000845263 -0.000411074 -1.18007e-05 -0.00712385 -0.00042776 -0.00154349 0.0107212 -0.0127628 0.00692852 -0.0118552 -0.00448677 0.00284658 0.00238572 0.00436285 -0.00168393 -0.00860096 -0.000819715 -0.00286601 0.0149956 -0.00860076 -0.0070265 -0.000133883 0.00258809 -0.00273853 -0.00327408 0.00468717 -0.00671241 -0.0139429 -0.00552608 0.00193853 0.00804608 0.00281862 -0.00198973 -0.0044321 -0.0017055 0.00431425 0.000414886 -0.00338874 -0.00917205 0.0032112 0.0119089 -0.00301246 0.00126892 -0.007437 -0.00347932 0.00179487 
-0.00103993 -0.00574943 -0.00125793 -0.0012108 0.00708968 -0.000955183 -0.00825995 -0.0212587 -0.0330184 -0.00136377 -0.00535249 -0.02256 -0.0379032 0.0299675 0.00184933 -0.00958925 -0.00345773 -0.0196516 0.00724594 -0.0477536 0.000476256 0.0351108 -0.0351855 0.0229726 0.0125166 0.0123618 -0.023331 0.0104977 0.0340944 0.219052 -0.00996803 0.034549 -1.382e-05 0.0056478 -0.0142451 -0.0163202 -0.00306692 -0.00504516 -0.0103389 -0.00654794 0.00455733 0.0103679 -0.00401962 -0.0062487 0.0010547 -0.0142147 0.00273066 -0.0113643 -0.0328786 -0.00470852 0.000483487 -0.00255625 -0.00381893 -0.00382326 -0.00223062 0.0085731 0.000235188 -0.00991354 -0.0117213 -0.00295911 0.00883895 -0.00337096 0.00156675 -0.0152954 -0.00466805 0.0052408 -0.0015603 0.00128525 0.00156331 -0.0107675 -0.000722753 0.000756871 0.000289204 -0.00472949 -0.00965015 6.5261e-05 0.00253344 -0.0051584 -0.00641568 0.0111199 0.0113028 0.00367549 -0.000220492 -0.000628111 0.0084188 -0.00865693 -0.00673365 0.00346945 -0.00406328 -0.00575867 0.00168011 -0.00247854 0.0047932 0.00189996 0.0164992 -0.00677968 0.000982374 -0.00878188 -0.00211811 0.0160456 
-0.00318607 -0.00671718 -0.00741763 -0.0030678 -0.00229261 0.00131055 0.00661732 0.00118584 0.0306099 -0.00651392 0.0111433 0.00307792 -0.0214584 -0.00713553 -0.0503765 0.0231637 -0.0302903 -0.0425987 -0.0337631 0.0283666 -0.0119767 -0.0270275 0.0238648 0.01239 -0.0117792 -0.0165944 0.0400449 0.0162581 -0.00856426 -0.00996803 0.224492 0.00440065 0.0135153 0.00431711 -0.0121572 0.0240353 0.00171977 0.00239373 -0.00435281 0.00134215 0.000571961 -0.00211452 0.00343609 -0.0180459 -0.00109889 -0.00461849 -0.00950907 0.0177165 0.0334948 -0.000544434 0.000647534 -0.00114052 -0.00157169 -0.0063366 0.00924568 -0.00901288 -0.0060776 -0.0110337 0.00110317 -0.00452001 -0.00972807 -0.0411174 -0.00457605 -0.00256973 -0.00617083 -0.00148158 -0.00396973 -0.00235328 -0.00395169 0.0123659 -0.000559637 0.00162447 -0.00293816 0.00289713 -0.00326235 -0.00302901 0.00248209 -0.00184104 -0.000838041 -0.0091607 -0.0335664 -0.0232811 -0.00250881 0.00102302 -0.0100162 0.00308041 -0.00150254 0.00109223 0.000900669 0.000256532 0.00607389 0.00352253 -0.00968513 0.0060549 -0.0113458 0.0170734 0.00597208 -0.00438757 -0.00904962 -0.00913135 
-0.00202151 -0.0038187 -0.00366978 0.00101162 -0.00192898 0.00432549 0.00558228 -0.00777548 -0.0135942 0.00660483 -0.0124252 -0.0132605 -0.00406191 0.00850502 -0.018084 -0.0150548 -0.0395045 -0.0213634 0.00984658 -0.0353806 -0.001751 -0.00294945 0.00436811 0.028569 -0.0261193 0.00149966 -0.0257478 0.026906 0.0292654 0.034549 0.00440065 0.155853 -0.00758501 0.00279827 0.00304658 0.0136837 0.00121206 -0.0054108 -0.0165819 0.000979361 -0.00175142 0.00750533 -0.000976269 -0.0102761 -0.00035087 -0.0177602 4.94706e-05 -0.00122364 0.00361028 -0.00262415 0.003824 -0.00207277 -0.00338027 -0.00358053 -0.0048582 0.00481832 0.00190811 -0.00758146 -0.00663405 0.00320929 -0.00262543 -0.0356491 0.00359951 -0.00440273 -0.00528813 0.00572131 -0.000266404 0.00556945 -0.000764956 -0.0170519 -0.00242664 0.000344002 -0.00343686 -0.00109535 -0.00497625 0.000253066 0.002805 0.000334287 -0.00135856 0.00672406 -0.00843948 0.0114737 -0.00388375 -4.49992e-06 0.0176799 -0.00219179 -0.00313936 0.00431034 -5.3925e-05 -0.00285169 -0.00338515 -0.00125949 -0.00114375 0.0044867 0.0144803 -0.00605519 0.0054195 -0.00349858 -0.0044025 0.00967769 
1.55296e-05 -0.00524052 -0.00719293 -0.00182761 0.00381915 -1.53304e-05 0.0151638 -0.0120296 0.0334677 -0.00177343 0.0099536 0.00369423 -0.0224917 0.0039601 -0.0130265 -0.00480184 -0.0127891 -0.0160342 -0.0138817 -0.0212713 0.0155445 0.0081902 -0.000482619 0.0125453 0.00434462 -0.00996434 0.00478929 -0.000518395 -0.00417566 -1.382e-05 0.0135153 -0.00758501 0.172035 -0.00827509 -0.00309125 -0.00869251 -0.0079925 0.0115052 0.000650988 -0.00141231 -0.00321641 -0.00446811 -0.000228133 -0.00204838 -0.000665985 -0.00324934 -0.00651814 0.0187623 0.00305146 -0.00273808 0.0094457 -0.00441112 -0.000388268 -0.00111732 -0.000735427 -0.00459368 -0.0044567 -0.01337 -0.00222891 -0.000852613 -0.00244511 -0.024872 -0.00134907 -0.0137915 -0.00213794 -8.31156e-05 -0.000873149 -0.00639345 0.00029758 0.00432888 -0.00136734 6.57635e-05 0.00129407 0.000158977 -0.00556753 -0.00284405 -0.00122789 0.00125552 -0.00144594 0.00169912 -0.00489187 0.00371021 0.000711046 -0.00368202 -0.00535035 0.00423087 -0.00998436 -0.00216065 -0.000647134 0.000349887 -0.0022154 0.000653729 -0.00427318 0.000378163 -0.00373964 -0.0104259 -0.00653016 -0.00281152 0.000361425 -0.00297273 
-0.000528139 -0.00231567 0.00117596 0.000154097 -0.00320231 -0.000382682 -0.000860649 -0.0061873 0.00642241 -0.00123078 0.00039877 -0.002549 0.00222197 -0.000758612 -0.0132679 0.00156304 -0.00367361 -0.011786 -0.00365799 -0.000528676 -0.00189306 -0.0117855 -0.0153817 -0.00775686 -0.00207291 0.00227205 0.00815438 0.00174602 0.00110396 0.0056478 0.00431711 0.00279827 -0.00827509 0.104478 0.00494095 -0.00227395 0.00159469 -0.00339927 -0.00509774 -0.000409416 0.000103778 -0.00164962 0.000917479 -0.00142086 0.000310881 -0.00422543 0.00448481 0.00986534 -0.000106754 -0.00150309 0.00327823 -0.00103028 -0.000772835 0.000157515 0.00260248 -0.000599742 -0.00277792 -0.000724304 -0.00472857 -0.000866282 -0.00261388 -0.00153376 -0.00114192 -0.00529976 0.000634367 -0.00176912 0.000634357 0.00319689 -0.0010377 -0.00551274 -0.000587946 0.000600807 -0.00401732 -0.00184019 -0.00258522 0.000307801 -0.000733309 -0.00104834 -0.000536021 0.00280921 0.00578751 -0.00314501 -0.00186007 0.00113965 0.00443192 -0.00389316 -0.00447357 -0.00130216 -0.00117721 -0.00164843 -0.0020096 -0.00260212 -0.000718179 0.00197263 -0.000458618 -0.00513789 -0.00616946 -8.48098e-06 0.00148127 0.000835271 
