0.102193 0.00280632 8.47596e-05 0.000976111 0.0016653 -0.00354607 -0.00152931 -0.00336764 -0.0204794 -0.00490119 -0.00591107 0.00583056 -0.00200502 -0.00668337 -0.00595693 -0.00627925 -0.0201221 -0.0177994 0.00957593 -0.00702486 0.0025057 0.00632077 -0.00398093 -0.0142338 0.0118917 0.00530392 0.00238883 0.000244873 0.00158818 -0.00242148 -0.00202327 -0.000685011 -0.0035463 -0.00162481 -0.00112706 0.00392045 -0.000724963 -0.000960534 -0.000545747 0.000752033 -0.00767962 0.00144828 -0.000876392 -0.00116017 0.00590249 -0.000271392 -0.000879479 0.00529826 -0.00138011 -0.000672744 -0.00337207 -0.000371307 3.31753e-05 0.00278054 -0.000451366 5.80275e-05 -0.000828781 -0.000616596 -0.000490225 -0.00141907 -0.000685436 0.00574334 -0.000919383 0.00431905 -0.000561123 -0.00390026 -0.00101873 0.000218808 0.00252979 -0.00326112 0.0040608 0.001979 0.00410157 -0.00094627 0.00024156 0.00359297 -8.51211e-05 -0.00312916 -7.06992e-06 -0.00107528 0.000598686 -0.00346467 0.00262969 0.00109766 0.00179799 -0.00781275 0.00371603 -0.00176329 -0.00163566 -0.00562923 0.000223834 -0.000852118 -0.00899733 -0.00248207 0.000180741 -0.000849296 -0.00277831 0.000633353 0.000366155 -0.00179719 
0.00280632 0.0521608 8.95762e-05 0.000429132 0.00308475 0.000469768 0.00514188 0.00193432 -0.00452765 -0.00157829 -0.00494759 0.0057179 -0.0100016 -0.000388298 -0.004449 0.0020143 0.000678632 -0.00884262 -0.00750527 -0.00284675 -0.0096995 0.000636659 -0.0109689 0.00302789 0.00853276 -0.00181909 -0.00359792 -0.00307619 -0.000574368 0.000600365 -0.00105675 0.00119266 -0.00167378 -0.00219653 0.00106097 -0.000752126 -0.000717081 -0.00118081 0.000330283 0.00222526 -0.00162811 -0.000705073 -0.00294885 -0.00028058 0.00189942 0.00147566 -0.000520553 0.00153152 0.000223964 -0.000505586 0.0018981 5.92156e-05 0.0022889 0.000156171 6.12561e-05 -0.000151858 0.00157842 -0.00128892 -0.00139069 -0.000433797 -0.000191868 0.00246653 0.000563499 0.00225862 -0.000175565 0.000698509 0.00119363 -0.0019741 -4.96621e-05 0.000426175 -0.00230519 0.0018492 0.000238073 0.00153755 0.000628092 0.000424369 -0.00107012 0.000231799 -0.0011875 -0.000223078 -0.000787552 0.00286463 0.00190397 -0.00022126 -0.000637791 -0.00810679 -0.00143506 -0.000169205 0.0012773 -0.0026719 -0.000425223 -4.13661e-05 -0.00148366 0.00127651 -0.00104104 0.00123306 -0.00161984 0.000225968 -0.00699995 0.000467521 
8.47596e-05 8.95762e-05 0.0286993 0.00111536 4.46386e-05 0.000123539 -0.000300295 -0.0015247 -0.00483829 -1.2582e-05 -0.000326952 -0.00188819 -0.00484308 0.00205604 -0.00355496 -0.00242096 -0.000139175 -0.00108823 -0.00186488 0.00261335 -0.00221858 -0.00445751 -0.00596443 0.00301147 0.000130696 -0.00181774 -0.00262173 0.00117322 -0.000190198 0.000452167 0.0013018 -3.57171e-05 0.00016811 0.000405904 -0.000166325 0.000219725 1.44246e-05 -3.0609e-05 0.000286723 -0.00120288 -0.000140796 -0.000611253 -0.00166791 -0.00174391 0.00263111 0.000471137 0.00152984 0.000118177 -0.000544998 0.00100575 7.94737e-05 0.000843116 0.000299715 -0.00037372 0.000416115 0.000221541 -0.00154221 -0.000716961 -0.000139862 -0.000159152 -0.000579989 0.000252971 -0.000165964 -0.000460342 0.000188688 0.00301802 -0.000377587 0.000124418 -0.00080087 -8.20448e-07 -0.00168967 -0.000990795 -0.000740074 -0.000413324 0.0015285 -0.000132167 0.000285293 -1.64003e-05 6.07933e-05 0.000464518 0.00295334 0.00144683 -0.000502649 0.000231535 -0.000418255 -0.00137368 -0.000152603 0.000509 -0.00127873 -0.00307622 0.000260479 8.19228e-05 -0.000502436 0.00201437 2.38023e-05 0.000371487 -0.00169211 0.0001553 0.00116696 -0.000231534 
0.000976111 0.000429132 0.00111536 0.0568158 -0.00118333 -0.000814095 0.0026166 -0.0039148 -0.00766121 -0.00159549 -0.00522859 -0.00134945 -0.00510302 -0.00424784 -0.00286036 -0.00525328 0.00325208 -0.0105752 0.00091362 -0.00501704 -0.00646728 0.0075281 -0.00187558 0.00126432 0.0015607 -0.00720758 0.00250412 -0.00315271 0.00179197 0.00119359 0.00464554 0.00222426 -0.000599679 -0.00148312 -8.6997e-06 -0.000149031 0.00567537 0.000856132 0.000336541 -0.000688723 -0.000980111 -0.000457256 -0.00294966 -0.00318432 0.000523455 -0.00107105 -0.00145507 0.00173881 -0.00012617 -3.67422e-05 -0.000100507 -0.000771901 -0.00247255 0.000915179 -0.000509849 -0.000148594 -0.000610777 -0.00227275 -0.000502367 0.000547385 -0.000112741 0.000883829 -0.000416776 0.00377819 0.000274941 -0.00288007 -0.000871802 -0.00255127 0.000566257 -0.00228302 -0.00303324 0.000406671 0.0010015 -0.000292407 0.0004436 4.42194e-05 -0.00127937 0.000355923 0.000781727 -0.00132897 0.000870817 0.000714346 0.00115316 -0.000302198 0.000890253 -0.00508591 0.00033683 -0.000395846 -0.000481203 -0.00205677 0.000232497 0.000298905 0.00476046 0.00178685 -0.00100654 0.00063329 0.000575353 -0.00138776 -0.000197091 -0.000165037 
0.0016653 0.00308475 4.46386e-05 -0.00118333 0.0390633 -0.000656435 0.00376441 0.000273992 0.000945936 0.00187559 -0.00209175 -0.00347937 -0.00220579 -0.00213221 0.00462392 0.00257708 -0.0035248 -0.00100491 -0.00396216 0.00332534 -0.00694809 0.00119551 -0.00674243 -0.00618612 -0.00285476 -0.000321316 -0.00371662 0.00189047 -0.00101229 0.000380453 -7.47019e-05 0.000449704 -0.00174457 -0.00296658 -0.000169965 0.000357814 -0.000437715 -0.000106272 0.000350433 0.00074978 -0.000776238 -2.36731e-05 -0.00215149 0.00128291 -0.00017205 0.000467109 0.00128824 0.000461495 6.57241e-05 0.000273983 -2.7089e-06 -0.000142622 -0.000113225 -0.000193289 -0.000275302 1.19844e-05 -0.00110355 -0.000495012 -0.000399782 -0.000299843 -0.000144593 0.00167863 0.000211555 -0.00148686 -1.23177e-05 -0.000363552 -0.000915518 -0.0027807 -0.000427013 0.001991 0.000709831 -0.000654541 -0.0004586 0.00127812 0.00131768 0.000613559 5.80983e-05 -0.00105045 -0.000244604 9.91136e-05 -0.000360591 0.000254354 2.1381e-05 0.000226887 0.0013321 -0.00124393 -0.000764735 -0.000300876 -0.00100425 -0.00275133 0.000297988 7.92782e-05 -0.00416272 2.89597e-06 6.4095e-05 -0.000360868 0.000667844 0.000293151 -0.00229719 -0.000211189 
-0.00354607 0.000469768 0.000123539 -0.000814095 -0.000656435 0.0663193 -0.00469091 -0.000606912 -0.00963939 -0.00411778 -0.00694574 0.00783843 -0.0029561 0.00501983 -0.00361658 0.00575043 -0.0185601 0.00279537 0.00559224 0.00596014 0.00628202 -0.0109755 0.00400299 0.00423121 0.00517996 -0.00799309 -0.0170493 0.00136493 -0.000693531 -0.00277884 -0.00280391 -0.00234514 0.00111087 -0.000309105 -0.000642434 -0.0016015 -0.000606437 -0.00339769 -0.000454485 -0.000991723 -0.00259274 0.00161505 0.00361239 -0.00219871 -0.00169707 -6.68471e-05 0.00140223 0.00162909 -0.00214509 0.00318897 -0.000253619 -1.32468e-05 0.00401949 0.000218158 0.00114982 -0.000114236 0.00103425 0.00267441 0.0015291 0.000101011 -0.000538035 6.65765e-05 -0.000910138 -0.000255275 0.000543645 0.0013188 2.21078e-05 -0.00160112 -0.00304436 -0.00253413 0.0002773 -0.0016832 -0.0024215 -0.00132242 -0.00224481 6.71587e-05 -0.000829944 -0.000636108 -4.93998e-05 -0.000176966 0.00161768 0.00370253 0.00352309 0.000441499 0.00114609 -0.0104806 6.68781e-05 0.000504575 -0.00174149 -0.00516501 8.34019e-05 -0.000174824 -0.00375699 0.000161259 0.000248062 7.25762e-05 0.0003525 0.0014593 -0.0014625 -0.000986806 
-0.00152931 0.00514188 -0.000300295 0.0026166 0.00376441 -0.00469091 0.130186 0.000971687 0.0244805 0.000227232 -0.00104454 -0.000932892 -0.00812346 0.00736314 0.00165002 -0.00490362 0.0154862 -0.0105556 -0.0174817 -0.00632678 -0.0165513 0.0148004 -0.0246055 -0.00844173 0.0028919 -0.00605644 -0.0251072 -0.00883405 0.000193959 0.00343439 0.00925244 -0.00379817 -0.00809674 0.00206657 0.00283547 -0.00206251 0.00136758 -0.0054874 0.000275462 0.00483091 -0.000872272 -0.00519999 -0.0119446 -0.00367988 0.00389959 0.00067177 -0.000789257 -0.00420329 0.000385851 -0.0013397 0.000602838 -0.000351779 0.0020779 0.00265506 -0.00235768 -0.000961775 -0.000947961 0.000156073 -0.00075512 -0.000808006 0.000178762 -0.000372613 -0.00351749 0.00880472 -0.000370281 -0.00474839 -0.00428469 -0.00798711 0.00376446 -0.00086785 -0.00899258 -0.000834248 -0.00669009 0.0017005 -0.00333673 0.00146583 -0.000600365 -0.0023024 -0.00338132 0.00239306 -0.00250102 0.00507107 -0.0020873 -0.000223228 -0.00222286 -0.000955933 0.00679597 -0.00178538 -0.00497005 -0.00905691 -0.000824771 -0.0012589 -0.00424851 -0.00103955 -0.00105237 0.00496683 0.0102731 9.86563e-05 -0.0103838 0.000239667 
-0.00336764 0.00193432 -0.0015247 -0.0039148 0.000273992 -0.000606912 0.000971687 0.114481 0.0034212 0.00053571 -0.00843055 0.00530969 0.00594207 0.0113418 -0.0048117 0.0187772 -0.00320972 0.0103141 -0.0145255 -0.00248243 -0.000254323 -0.000586407 -0.00410237 -0.0165893 -0.0067415 -0.0014837 -0.00331933 -0.00385149 -0.00249412 0.000252063 0.00108452 -0.00310812 0.000231536 -0.00781148 -0.000604907 -0.00365617 0.00407744 -0.00806158 -0.000227153 0.00288181 -0.00100317 0.0031431 -0.00106305 -0.00452415 -0.00518595 0.00532737 -0.00092819 -0.00308154 -0.00408767 -0.00262507 0.000407993 -0.00332159 -0.00312068 -4.25164e-05 -0.00155252 0.000485818 -0.00661759 0.000174411 -0.00301547 0.000362526 -0.0015085 -0.00283381 -0.00444053 -0.00295123 -0.000896663 -0.00220118 0.0063169 0.0108951 -0.00378726 0.000847149 -0.00228838 -0.00383909 -0.00755506 -0.000557761 -0.00259666 0.00110196 -0.00135734 -0.00460351 -0.0016037 -0.00192696 -0.00256929 0.000289992 -0.0020785 -0.000716855 -0.00274602 0.000657382 0.00197253 -0.000196208 -0.000857829 -0.00384661 -0.00210736 -0.00064439 -0.00162293 0.000387061 0.00366682 -0.000123168 -0.00155768 -0.000532674 -0.0109644 0.00358073 
-0.0204794 -0.00452765 -0.00483829 -0.00766121 0.000945936 -0.00963939 0.0244805 0.0034212 0.249784 0.01343 0.0173837 -0.0205955 0.0567829 -0.011 0.0356269 0.0222519 0.0412989 0.0343939 -0.00410768 -0.00762792 -0.00780293 0.0224842 0.00282179 -0.025011 -0.0375434 -0.0175923 -0.0210956 -0.0191631 -0.0103423 0.0109863 0.00376953 -0.0103776 -0.00464763 -0.0123007 -0.00175568 -0.0135554 0.0004 -0.016863 -0.00151342 0.00728529 -0.0112652 -0.00192956 -0.0154507 0.000629993 -0.012757 -0.00483132 -0.00392081 -0.0147676 -0.00177297 -0.00501128 -0.000977934 -0.00446686 -0.00838186 -0.00427594 -0.00496288 -0.00123878 0.00286315 0.00555431 -0.00335408 -0.000523592 -0.00189089 -0.0062452 -0.0077014 -0.0164765 -0.000633541 -0.0130283 -0.00231855 -0.025216 -0.00885846 -0.00355232 -0.0132943 -0.00366665 0.00286529 0.00317766 -0.0155576 0.00233985 -0.00189616 -0.0233044 -0.00652123 -0.000365997 -0.00261676 -0.00260809 -0.0215788 -0.00347845 -0.00921255 0.0297193 -0.00544087 -0.000304444 -0.0110886 0.0123781 -0.00545926 -0.00121587 -0.00850214 -0.0103744 -0.00252735 0.00534212 0.016342 -0.00265994 -0.00107265 -0.000161362 
-0.00490119 -0.00157829 -1.2582e-05 -0.00159549 0.00187559 -0.00411778 0.000227232 0.00053571 0.01343 0.140368 -0.0139691 -0.00860195 -0.00745604 -0.0159622 0.0355562 0.0121149 0.0211724 -0.00571299 0.000722638 0.00479079 -0.00444479 0.0120734 -0.00653241 0.0131072 -0.0136207 -0.0327871 0.00584763 -0.00405751 -0.0018633 -0.0024546 -0.00779786 -0.00132518 0.00542303 -0.0033337 0.000843088 -0.00128932 -0.00640652 -0.0128751 0.000308888 0.00694805 -0.0111866 -0.00560608 -0.00866488 0.00869191 -0.00613386 0.00108695 -0.0011565 -0.00154485 -0.00348871 -0.000335597 0.0024602 -0.00211359 -0.00229887 -0.00329771 -0.000809747 -0.00183574 -0.00988949 -0.00026591 -0.00112991 -0.00228831 0.000692793 0.00239197 -0.00208838 -0.0150376 -0.000297863 -0.00613495 -0.00128398 -0.00623019 -0.00442444 0.00920807 -0.00222421 -0.0010819 -0.00296639 -0.00251123 0.00183444 -0.00119972 -0.00239962 -0.00224249 -0.000927498 -0.00084774 -0.0029091 -0.00143137 -0.00693517 0.0011724 -0.00234139 -0.0083749 -0.0043927 -0.000681272 -0.00664119 0.0190882 0.000275679 0.00194958 -0.000857191 -0.00321113 0.000658568 -0.00284642 -0.00608439 -0.000546138 0.000105383 -0.0010683 
-0.00591107 -0.00494759 -0.000326952 -0.00522859 -0.00209175 -0.00694574 -0.00104454 -0.00843055 0.0173837 -0.0139691 0.196031 -0.00238725 0.0143173 -0.0115532 -0.000932613 -0.0249658 -0.00375007 0.010619 -0.00491714 -0.00199573 -0.0120277 -0.00151116 -0.00860639 -0.000805363 -0.0148526 0.00886229 0.00600295 -0.00335424 -0.00297678 -0.00640435 0.00232917 -0.000739973 -0.00415412 -0.00571585 0.000100977 -0.00349281 -0.00325889 0.00180414 -0.00085817 0.00480635 0.0147966 -0.00280549 -0.00944788 -0.00836943 -0.00407359 -0.00966581 0.000690946 -0.00831535 0.00711419 0.000852303 -0.00186564 0.000626192 -0.00748051 -0.00409743 -0.000874668 -0.00042991 -0.00328011 -0.00454587 -0.00210913 0.00174863 -0.00386599 -0.00715343 -0.000965771 0.00280199 -0.00137331 -0.0132768 -0.00971774 0.0064326 -0.00137158 0.000533468 -0.00451337 -0.00223391 -0.00825997 -0.0029657 -0.00618394 0.000896583 0.00540361 -0.00776315 -0.00218787 0.000119824 -0.00496335 -0.000598787 0.000989889 -0.000185533 -0.0047018 0.0218938 -0.00645312 -0.00235249 -0.000652845 -0.00981078 -0.00285412 -0.00185613 -0.00457429 0.00370712 0.000131269 -0.00216656 -2.63163e-05 -0.000812673 0.0178041 0.000558484 
0.00583056 0.0057179 -0.00188819 -0.00134945 -0.00347937 0.00783843 -0.000932892 0.00530969 -0.0205955 -0.00860195 -0.00238725 0.19952 -0.036647 -0.0147876 -0.0115362 -0.00936269 -0.0317841 -0.0201613 -0.0263204 -0.0154367 0.013363 0.0117481 0.0169636 0.027211 0.0402065 -0.0172184 -0.0248262 -0.00661967 0.000516452 -0.0130024 -0.000954308 0.00650371 -0.0135629 0.0060958 -0.00348818 0.00131854 -0.00233758 0.00631209 -0.0018575 -0.00804051 0.00409863 -0.00751726 -0.0022835 8.36436e-05 0.000119106 0.00207786 0.0062719 0.00200374 -0.00333361 -0.00094907 -0.0064252 0.000899256 0.00891311 0.00448721 -0.00245993 0.000415745 -0.0063933 0.00557438 -0.00113741 -0.00134225 4.07496e-05 0.00151594 -0.00479101 0.00911567 -0.00131748 -0.00226744 0.00355607 -0.0126673 0.0131492 -0.00241295 -0.00727542 -0.00379698 -0.00136933 0.00538923 0.0127562 -0.000397017 -0.00342252 0.00317987 0.00194263 -0.00144783 -0.00482903 -0.00440974 0.0150692 0.00131726 -0.00421134 -0.0412037 -0.00321936 -0.00195065 -3.65994e-05 -0.0169344 -0.000641669 -0.00163186 0.0365751 -0.00934896 -0.00138028 -0.00180311 -0.0230033 -0.000849502 -0.00773899 0.000370751 
-0.00200502 -0.0100016 -0.00484308 -0.00510302 -0.00220579 -0.0029561 -0.00812346 0.00594207 0.0567829 -0.00745604 0.0143173 -0.036647 0.25 0.0196532 0.0198812 0.0272028 -0.00086894 0.00549734 0.0564372 -0.0244951 0.013836 -0.0075921 -0.00924527 -0.0667158 -0.0338851 0.0224125 0.00554374 -0.0111431 -0.0142453 0.00508559 0.00393819 -0.0159006 0.00318034 -0.0064387 0.00077376 -0.0103018 -0.00306137 0.00192257 -0.00229386 0.0049455 -0.0103155 0.0118721 0.005844 -0.00725106 -0.012555 0.00054514 -0.010195 -0.0179112 -0.00945393 0.00103483 -0.00801435 -0.0118211 -0.00744392 -0.00522953 -0.00118405 -9.45278e-05 0.0026872 0.000660217 -6.79136e-05 0.00052586 -0.00573434 -0.0120406 -0.00409009 -0.0130671 -0.000508041 -0.0333194 -0.0152946 0.0188785 -0.0185691 -0.00796317 -0.00213759 -0.00222907 -0.00277896 -0.0073378 -0.00686261 -0.000654246 -0.00585967 -0.0194821 -0.0112063 -0.000814219 0.000629337 -0.0141361 -0.0167168 -0.00244689 -0.00252243 0.0528126 -0.00361791 -0.00308468 -0.0114385 0.00286757 -0.00236978 -0.000851055 -0.0340036 -0.012685 0.00220267 -0.00419137 0.0251225 0.000632848 0.0222084 -0.000797747 
-0.00668337 -0.000388298 0.00205604 -0.00424784 -0.00213221 0.00501983 0.00736314 0.0113418 -0.011 -0.0159622 -0.0115532 -0.0147876 0.0196532 0.18412 -0.046841 0.0173527 -0.00197146 0.00134337 -0.0125975 0.00912097 0.00492805 -0.0273995 -0.0384992 0.000103821 -0.000663667 0.0207463 -0.0238946 -0.00659978 -0.00120584 -0.00251402 0.0072082 -0.00620959 0.00641892 0.00884209 0.00375154 -0.0026145 -0.00362517 -0.00180355 0.00180944 -0.0055857 0.00798204 0.000365771 0.0124555 -0.0140938 0.0158463 0.00207265 -0.00220467 -0.0081112 -0.00474834 -0.00157025 -0.0015638 0.000867614 -0.00144171 -0.000417181 0.00127599 0.00167483 -0.00388923 0.00450091 -0.00232119 0.000247231 -0.00280888 -0.0023755 -0.00603144 0.00415581 -6.03778e-05 -0.000567448 -0.00490208 0.013452 -0.00552963 -0.00946197 -0.00225457 -0.00941205 -0.0117507 -0.00289281 0.00372935 -0.00244921 0.00227266 0.000565939 0.00551127 -2.28889e-05 -0.00132181 -0.00362853 -0.0106434 -0.000891221 0.00244624 0.00228196 0.00238236 0.000387656 0.00247624 -0.0254098 -0.0032411 -0.00161057 -0.00705074 0.000706813 0.00600529 -0.00126716 0.0120069 0.00430246 -0.0181607 0.00173491 
-0.00595693 -0.004449 -0.00355496 -0.00286036 0.00462392 -0.00361658 0.00165002 -0.0048117 0.0356269 0.0355562 -0.000932613 -0.0115362 0.0198812 -0.046841 0.241799 0.0292393 0.0176433 0.0379714 0.0107568 0.00650901 -0.00169477 0.0252748 0.0101 -0.0101168 -0.0284821 -0.0441207 0.000427043 -0.000331655 -0.013537 -0.0093624 -0.00602082 -0.00245887 -0.00988846 -0.00415597 -0.0023 -0.00717081 -0.00392456 -0.00402063 -0.00103684 -0.006467 -0.00695468 -0.0175279 -0.0178895 0.0041825 -0.0157808 -0.00298846 0.00112719 0.00244722 -0.00430654 -0.000712056 0.00315468 -0.00420856 -0.00830837 -0.00451188 -0.00309112 -0.00421338 -0.0219167 0.00187467 -0.00259852 -0.00236299 0.00571063 -0.00395742 -0.00932452 -0.0140594 0.00015182 -0.00806708 -8.68272e-05 -0.0214901 -0.00827785 0.00849257 -0.00182846 0.00507246 -0.000176072 -0.00308504 -0.00149472 -0.00170405 -0.00676298 -0.0061722 -0.00788877 -0.00061676 -0.00166727 -0.00487536 -0.0142708 0.00235448 -0.00541825 0.00772233 -0.00534381 -0.00367142 -0.00526931 0.0197485 -0.00421267 -0.00160402 -0.012229 -0.0246934 -0.00282926 -0.00727438 0.00566285 -0.00267227 0.00453275 -0.0012499 
-0.00627925 0.0020143 -0.00242096 -0.00525328 0.00257708 0.00575043 -0.00490362 0.0187772 0.0222519 0.0121149 -0.0249658 -0.00936269 0.0272028 0.0173527 0.0292393 0.247053 0.00602916 0.0290366 -0.0040006 0.0212907 -0.0193446 -0.00831844 -0.00720932 -0.0403111 -0.0127633 -0.0323288 -0.00802647 -0.00258482 -0.0114479 0.00418512 -0.0200605 0.0010866 0.00582349 -0.0109503 -0.00737687 -0.00455961 -0.0112863 -0.0304174 -0.00137977 0.00758534 -0.0085625 0.00011861 0.00561702 -0.00451094 -0.0193525 -0.00181852 0.000696087 -0.010917 -0.00954069 -0.00475166 0.000392429 -0.00218966 0.00739498 -0.00535355 0.00175958 -0.000241042 -0.00407152 0.00457297 -0.00516404 -0.000184456 -0.00347136 -0.0104926 -0.0107924 -0.0239069 -0.00235766 0.0184349 -0.00108067 0.00223688 -0.00988751 0.00782123 0.0134278 -0.00565187 -0.014531 -0.00431183 0.00221549 -4.4579e-05 -0.00355276 0.00511725 0.00141794 -0.00412537 0.0013921 0.0031912 -0.0135348 -0.000515022 0.00135404 0.0269792 0.00118665 0.000943389 -0.0150068 -0.0038959 -0.0063589 -0.00237197 -0.0266964 -0.0147743 -0.00103675 -0.00547556 0.0120259 0.000107563 -0.0281574 -0.00353353 
-0.0201221 0.000678632 -0.000139175 0.00325208 -0.0035248 -0.0185601 0.0154862 -0.00320972 0.0412989 0.0211724 -0.00375007 -0.0317841 -0.00086894 -0.00197146 0.0176433 0.00602916 0.23337 0.0107213 -0.0327795 -0.000983875 -0.0247892 0.035303 -0.014795 0.0218327 -0.0153231 -0.0327985 0.0252886 -0.01375 -0.00804189 0.00681441 -0.00816813 -0.0061441 0.00189958 -0.0123734 0.00506674 -0.00577387 -0.00193291 -0.0133929 -0.00244926 0.00225621 -0.00187084 -0.0129302 -0.00994222 0.00351537 -0.00478541 -0.000814593 -0.00728347 -0.00749895 -0.00449225 -0.00662948 0.00849277 0.000499908 -0.0110875 -0.00469882 -0.00535599 -0.00281513 -0.0168367 -0.0023573 -0.00431464 -0.00295445 -0.00126828 0.00113307 -0.00614051 -0.00676787 0.000173411 0.0111457 0.00889658 0.000828696 -0.0050558 -0.000746608 -0.00283549 0.00519586 -0.0128445 -0.00200973 -0.00518513 -0.0136269 -0.000616294 0.0037027 -0.00436803 -0.000454293 -0.00740089 0.00787566 -0.0184847 -0.00392232 -0.00138125 0.00318347 -0.0090966 -0.00326362 0.000821992 0.0180098 -0.00420703 0.00237899 -0.00508928 0.0069683 -0.00338414 0.0010061 -0.000483501 -0.00611076 -0.0219544 -0.00115025 
-0.0177994 -0.00884262 -0.00108823 -0.0105752 -0.00100491 0.00279537 -0.0105556 0.0103141 0.0343939 -0.00571299 0.010619 -0.0201613 0.00549734 0.00134337 0.0379714 0.0290366 0.0107213 0.24433 -0.00729903 0.0144396 0.00562617 -0.00399924 0.0111195 -0.00597056 -0.0415349 -0.0113512 -0.00773762 0.00331642 -0.0151982 0.000603809 0.0032757 0.00757738 -0.00418265 0.00177986 -0.00674802 -0.00278737 -0.00524293 -0.0203444 -0.0026022 -0.00605239 0.0259439 -0.0125998 0.00244899 -0.00942557 -0.0164327 -0.00715939 0.00278241 -0.0104627 -5.10346e-05 -0.000853943 0.0028012 -0.00514844 -0.00986419 -0.00875743 0.00136066 -0.00197545 -0.0128907 -0.000824875 -0.000483467 -0.00317518 -0.0016402 -0.000556248 -0.00898472 -0.0291157 -0.0017083 0.00714682 0.00752471 -0.0317089 -0.00649111 -0.00546171 0.00215983 -0.0123137 -0.00904519 -0.00828757 -0.00340331 0.00083091 0.00114897 -0.00304751 0.00471184 0.00369419 -0.000666332 -0.00388342 -0.0172403 0.000124649 0.000712083 0.032689 -0.00561946 -0.000180793 -0.0079658 0.00463779 -0.0141 -0.00204465 -0.0198272 -0.0132963 -0.00261611 -0.00292478 0.0082822 -0.00609775 -0.00600534 -0.00263249 
0.00957593 -0.00750527 -0.00186488 0.00091362 -0.00396216 0.00559224 -0.0174817 -0.0145255 -0.00410768 0.000722638 -0.00491714 -0.0263204 0.0564372 -0.0125975 0.0107568 -0.0040006 -0.0327795 -0.00729903 0.237091 -0.00840782 0.00497304 -0.0409566 0.00862164 -0.0255749 -0.0107211 0.0110503 -0.003405 0.00299943 -0.00510745 0.00043143 -0.00955804 -0.0111702 0.0112818 -0.00327545 -0.00123504 -0.00596089 -0.00494676 0.00629134 0.000636078 0.0032581 -0.0173743 0.014679 0.00738492 0.0078396 -0.00624292 -0.00595961 -0.00347771 -0.0124534 -0.00675831 0.00321914 0.00153609 -0.00855059 -0.00557179 -0.00457423 0.00345312 -0.00300332 0.00906461 -0.00276378 0.00224731 -0.00182611 -0.00382968 -0.00807608 0.00877964 -0.0105031 -7.15274e-05 -0.0242679 -0.0125864 0.0113721 -0.0134731 -0.00574333 0.00882066 0.0018398 0.00375399 -0.00823812 -0.00216258 9.91467e-05 -0.00516746 -0.00992445 -0.00444191 0.00106397 0.00629652 -0.00685833 -0.00412267 -0.000627549 -0.00248763 0.0235896 0.000727745 0.00207514 -0.00312027 0.00728645 -0.000663481 0.00196749 -0.00635342 -0.0202035 -0.00398016 -0.00080306 0.0111256 -0.00173269 0.00223476 -0.0054138 
-0.00702486 -0.00284675 0.00261335 -0.00501704 0.00332534 0.00596014 -0.00632678 -0.00248243 -0.00762792 0.00479079 -0.00199573 -0.0154367 -0.0244951 0.00912097 0.00650901 0.0212907 -0.000983875 0.0144396 -0.00840782 0.173764 -0.0192261 -0.0195924 -0.0193091 -0.0107061 -0.00505063 -0.0257391 -0.0175884 0.013131 0.0020566 -0.00601524 0.00132959 0.0086292 0.00558019 -0.00738767 -0.00185465 0.00734299 -0.00452608 -0.00875676 -0.000528392 -0.00267696 0.00521835 0.00533913 -0.00336607 -0.00579578 -0.00184288 0.0015406 0.00921176 -0.00561081 0.00185245 -0.00253609 -0.000148488 0.000566337 -0.0010907 -0.00537796 0.0026907 0.00215512 -0.00576118 0.00246801 -0.00206332 -0.00106297 -0.000179809 -0.00114848 -0.00329568 -0.0113609 0.00102747 0.0141617 -0.00588623 -0.00183076 -0.00805087 0.00531889 0.00188311 -0.00287499 -0.00747859 0.00329516 0.00127937 -0.000115283 0.00610311 0.00289509 0.00211584 0.0057001 0.00448252 0.0114981 -0.00518377 0.00117013 0.00303716 -0.00746622 0.00246359 0.00012764 -0.00583318 -0.0176589 0.000787303 -0.000724141 -0.00199112 -0.00717914 0.00212492 -0.000931877 -0.0114968 0.00161641 -0.0128087 -0.00225887 
0.0025057 -0.0096995 -0.00221858 -0.00646728 -0.00694809 0.00628202 -0.0165513 -0.000254323 -0.00780293 -0.00444479 -0.0120277 0.013363 0.013836 0.00492805 -0.00169477 -0.0193446 -0.0247892 0.00562617 0.00497304 -0.0192261 0.227675 -0.000877823 0.0210898 0.0140255 0.00745834 0.019526 0.0206333 0.00310721 -0.00139898 -0.00207922 -0.00619625 -0.0050532 0.00155246 0.000220002 0.000829268 -0.0125521 -0.00442367 -0.00422171 -0.00473928 -0.0227184 -0.0210658 0.00373495 0.0211893 -0.00745761 -0.00383855 0.00114924 -0.00353333 0.0036492 -0.000290306 -0.000574429 -0.0166395 0.000151081 -0.0140136 0.001617 -6.57072e-05 -0.00176988 0.000745192 0.00325094 -0.000285216 -0.00207816 -0.00331107 -0.000699273 -0.0121309 -0.000123445 -0.000800941 -0.0134728 -0.0216354 0.0160134 0.000500026 -0.0080508 0.00371671 -0.00474036 0.0011401 -0.00466737 0.00716468 -0.00292052 -0.0106539 -0.0106656 -0.0040357 -0.00394514 -0.00330984 -0.0118341 0.00257106 -0.00177839 -0.0057914 -0.00454855 -0.000686755 -0.00044348 0.00337623 -0.00123112 -0.00931368 -0.000103729 -0.00823919 -0.00515616 -0.0045358 -0.00832863 -0.00326266 -0.00336746 0.00663332 -0.00310713 
0.00632077 0.000636659 -0.00445751 0.0075281 0.00119551 -0.0109755 0.0148004 -0.000586407 0.0224842 0.0120734 -0.00151116 0.0117481 -0.0075921 -0.0273995 0.0252748 -0.00831844 0.035303 -0.00399924 -0.0409566 -0.0195924 -0.000877823 0.199226 0.00350788 0.012822 0.000375923 -0.0332613 0.00223321 -0.00867611 -0.00518572 0.00258835 0.0020734 -0.00473041 -0.00829044 -0.00686847 -0.000475233 0.000311783 0.00171998 -0.00190057 -0.0034227 0.00375509 0.00518655 -0.0194842 -0.0212316 -0.0139024 0.00701373 -0.00104556 -0.00736641 0.00427597 -0.00387226 -0.00298219 0.000489424 -0.00481814 -0.00982047 0.00230016 -0.00708214 -0.000686 -0.0145945 -0.00585058 0.00198692 -0.000387204 0.000199371 0.00364968 -0.00840007 0.00946989 -0.000172856 -0.00901539 0.00563576 -0.0260681 0.0125975 0.00241462 -0.0149191 -0.000328821 -0.000705209 0.00110909 -0.00162458 -0.000611417 4.65697e-05 0.00321806 -0.0100587 -0.00411745 -0.0101243 -0.000508492 -0.00220277 0.00122122 -0.00281906 0.00517992 -0.000893965 -0.00432128 -0.00717188 -0.00347753 -0.00273289 -0.00731235 0.0169148 -0.00370965 -0.000622889 0.00209556 -0.00993989 -0.00543239 -0.000657585 -0.000833932 
-0.00398093 -0.0109689 -0.00596443 -0.00187558 -0.00674243 0.00400299 -0.0246055 -0.00410237 0.00282179 -0.00653241 -0.00860639 0.0169636 -0.00924527 -0.0384992 0.0101 -0.00720932 -0.014795 0.0111195 0.00862164 -0.0193091 0.0210898 0.00350788 0.2484 0.0256879 -0.0108524 -0.00336159 0.00640705 -0.0082583 0.00207575 -0.00841772 -0.00437344 0.000650606 -0.0113116 -0.00816096 -0.00321005 0.00344409 -0.00925481 -0.00378271 -0.00614905 -0.0122602 -0.0110219 -0.0161125 -0.00320558 0.00425748 -0.00494072 -0.000448728 -0.000863002 0.00446719 -0.00407674 -0.00194385 -0.00761199 -0.000695208 -0.00343823 -0.000710033 -0.000676303 -0.00352642 0.0102603 -5.64894e-05 0.00336815 -0.0013401 0.00268676 -0.00659411 0.00306696 -0.0107693 3.46448e-05 -0.00867418 -0.00315111 -0.0190119 0.0124041 -0.0115335 -0.002921 -0.00400985 0.000727145 -0.00292121 -0.00998615 -0.00673135 -0.00652436 0.00431133 0.000745841 -0.00825745 0.000814829 -0.00988151 0.00177597 -0.00228682 0.00147002 -0.00710877 -8.02453e-05 0.00300031 0.00297375 0.0194147 0.00497237 -0.00106961 0.00316081 -0.000374151 -0.0103662 0.00184515 -0.00836461 -0.00339864 0.00807791 -0.00221532 
-0.0142338 0.00302789 0.00301147 0.00126432 -0.00618612 0.00423121 -0.00844173 -0.0165893 -0.025011 0.0131072 -0.000805363 0.027211 -0.0667158 0.000103821 -0.0101168 -0.0403111 0.0218327 -0.00597056 -0.0255749 -0.0107061 0.0140255 0.012822 0.0256879 0.236029 0.00728851 -0.0229645 0.00431674 -0.012655 0.00329363 -0.0110546 -0.00902578 0.00721696 -0.00322706 0.00305222 -0.00299628 -0.000691133 -0.00253239 -0.00189042 -0.000448369 -0.00737702 0.018095 -0.0182699 -0.00507618 -0.000113185 0.00665903 0.0015079 0.00350455 0.00882614 -0.010533 0.000637556 0.00546126 0.00158481 -0.00755023 0.00184852 -0.00169892 -0.00207677 -0.00469466 -0.000815328 -0.00055692 0.00262528 0.00511986 0.00571781 -0.0008815 -0.00381169 -0.000583311 0.00183805 0.00976938 -0.0192631 -0.00162858 -0.00349325 -0.00918543 -0.0010182 -0.00409674 -0.00175484 0.00644765 -0.00687545 -0.00319817 0.012628 -0.00110857 -0.000374599 -0.00658484 -0.00209236 0.00950282 0.000919832 -0.00199049 -0.0480558 -0.00291005 0.00360603 0.0133697 -0.00466425 -0.000656461 0.00104273 0.020595 -0.000588317 -0.00357699 -0.00172461 -0.023737 0.00164797 -0.0195351 -0.000176593 
0.0118917 0.00853276 0.000130696 0.0015607 -0.00285476 0.00517996 0.0028919 -0.0067415 -0.0375434 -0.0136207 -0.0148526 0.0402065 -0.0338851 -0.000663667 -0.0284821 -0.0127633 -0.0153231 -0.0415349 -0.0107211 -0.00505063 0.00745834 0.000375923 -0.0108524 0.00728851 0.167805 0.00373168 -0.00778659 0.00750405 0.00705965 -0.00587001 -0.0121781 0.00211004 -0.00827554 0.00602787 0.000832449 0.00465474 0.00687193 -0.00331342 -0.00116855 -0.00865971 -0.0212584 0.000786913 0.0115996 -0.00636089 0.00558042 -0.00168185 0.00248742 0.00126023 -0.00432044 -0.0036697 -0.00105192 0.00314684 0.0012771 1.72832e-05 0.000309795 0.0028365 -0.00293926 -0.00142804 -0.00352081 -0.00194782 -0.000508718 0.000458316 -0.00291986 0.0218565 -0.000901524 0.00189229 -0.0033732 0.00673343 0.00354065 -0.0032867 0.00862032 0.00133717 0.000814598 0.00785442 0.00310426 -6.99995e-05 0.0014742 0.00729708 -0.000474147 -0.00105325 -0.00193466 0.00804505 0.0132258 -5.05097e-05 -0.000859505 -0.0344252 0.00546087 -0.000740103 0.00343391 -0.0200887 0.0029315 -0.000760447 0.0029443 0.00460951 0.000495122 -8.79013e-05 -0.00779679 -0.00182312 -0.0165021 0.000430252 
0.00530392 -0.00181909 -0.00181774 -0.00720758 -0.000321316 -0.00799309 -0.00605644 -0.0014837 -0.0175923 -0.0327871 0.00886229 -0.0172184 0.0224125 0.0207463 -0.0441207 -0.0323288 -0.0327985 -0.0113512 0.0110503 -0.0257391 0.019526 -0.0332613 -0.00336159 -0.0229645 0.00373168 0.225849 0.00594937 0.00888086 0.00222952 -0.00184901 0.0010018 -0.0100236 -0.00774167 0.0144402 -0.00669758 -0.00342703 -0.00118374 0.00549009 -0.00225371 -0.0107687 0.00276935 0.010115 0.0119195 -0.0133933 0.00841514 -0.00269285 -0.00660154 -0.00193629 0.00122622 -2.94532e-05 -0.00410378 0.00377571 -0.00388007 0.000897491 -0.000814509 0.00147468 0.0110989 -0.00566744 0.00121632 -0.00154862 -0.00431068 -0.00391169 0.00578618 0.00442576 -0.00159031 -0.00668074 -0.00535317 0.0155335 -0.00587769 -0.0161701 0.00435025 -0.00500999 0.000283225 -0.00247485 -0.00410686 0.00113756 -0.00206945 -0.0096414 -0.000994651 -0.00513345 0.000491134 -0.00955575 0.00791313 -0.00267471 0.000250677 0.0166526 -0.00102063 -0.00148638 0.00413311 -0.00667305 0.00441769 0.000622148 -0.0107226 0.00425385 -0.00135122 0.00190551 0.0123301 -0.00428589 0.00641714 -0.00335527 
0.00238883 -0.00359792 -0.00262173 0.00250412 -0.00371662 -0.0170493 -0.0251072 -0.00331933 -0.0210956 0.00584763 0.00600295 -0.0248262 0.00554374 -0.0238946 0.000427043 -0.00802647 0.0252886 -0.00773762 -0.003405 -0.0175884 0.0206333 0.00223321 0.00640705 0.00431674 -0.00778659 0.00594937 0.248408 -0.000135246 -0.00173796 -0.00176497 -0.00348404 -0.0036844 0.0113247 -0.0119656 -0.0083259 -0.00273162 -0.007591 -0.00462759 -0.00100384 -0.00188573 -0.0147312 -0.00469812 0.0172362 0.0056768 -0.00878568 -0.00496026 -0.0118335 -0.000867419 -0.00226373 -0.00418479 -0.00923709 -0.00221634 -0.00474871 -0.00402096 -0.000860978 -0.00337724 -0.0139568 -0.00299768 -0.00749588 -0.00282738 -0.00235289 -0.00931253 -0.00588977 0.000535218 0.000818212 0.012431 -0.0126749 0.0128972 -0.0197075 0.00191174 0.00523661 0.00126488 0.00554342 -0.0111088 -0.0033635 -0.00533325 -0.00662111 -0.000589434 0.00359758 -0.003467 -0.0024349 -0.0127641 0.000887835 -0.00106293 0.00267352 0.00648922 -0.00231211 -0.0026195 0.00393606 0.0201475 -0.00270085 -0.00335285 0.00263698 0.0105655 -0.00328999 -0.007601 -0.0178545 -0.00391202 0.0026458 -0.00130649 
0.000244873 -0.00307619 0.00117322 -0.00315271 0.00189047 0.00136493 -0.00883405 -0.00385149 -0.0191631 -0.00405751 -0.00335424 -0.00661967 -0.0111431 -0.00659978 -0.000331655 -0.00258482 -0.01375 0.00331642 0.00299943 0.013131 0.00310721 -0.00867611 -0.0082583 -0.012655 0.00750405 0.00888086 -0.000135246 0.110896 0.00045803 0.00207956 -0.00477559 0.0027246 0.000709989 0.0022775 -0.00323095 0.0017648 -0.00334504 0.00123891 -0.000536175 -0.00649963 -0.000811577 -0.00442247 0.00829393 -0.00393186 0.00203726 0.00111437 0.00105198 -0.000109264 0.00378538 -0.00198913 -0.000471877 -0.000642595 0.00650141 -0.00144185 -0.000122792 -0.000461167 0.00137152 0.000140769 -0.000990035 0.000318514 -0.00104648 -0.0013639 0.00290136 -0.00753444 -0.00099817 0.0123921 0.00238732 -0.00883665 -0.00142966 -0.00349982 0.00642022 -0.00211932 -0.00317153 -0.000482544 0.00143335 0.00235578 0.00163323 -0.00288059 0.00154634 -0.00184567 0.00513784 0.00342253 0.000515386 0.000461514 0.000758515 0.00246196 -0.00296083 -0.000604699 -0.00234326 -0.0121848 0.00152466 -0.00138805 -0.00709244 -0.00283963 -0.00064132 -0.00303459 -0.00801272 -0.0012609 -0.00724657 -0.000885654 
0.00158818 -0.000574368 -0.000190198 0.00179197 -0.00101229 -0.000693531 0.000193959 -0.00249412 -0.0103423 -0.0018633 -0.00297678 0.000516452 -0.0142453 -0.00120584 -0.013537 -0.0114479 -0.00804189 -0.0151982 -0.00510745 0.0020566 -0.00139898 -0.00518572 0.00207575 0.00329363 0.00705965 0.00222952 -0.00173796 0.00045803 0.053223 -0.000578652 -0.00287824 0.000440386 7.73992e-05 -0.000716926 -0.000447029 0.000465988 6.27037e-05 0.000428128 0.000164692 0.0012964 -0.00357584 0.00305434 0.0013472 -0.000248225 0.000289416 0.000329248 0.00220522 0.000419494 0.00244442 0.000400705 0.00035795 0.00188734 -0.000139809 0.000646568 -0.000103656 -0.000234208 0.00162503 -0.00112817 -0.000197756 -0.000139142 -0.000372396 0.00394424 -0.000545967 0.00700616 -6.27722e-05 -0.00214605 -0.000799204 0.000794721 0.00192115 -0.00178457 -0.00124861 0.000579634 -0.00179629 0.000835062 -0.00173166 -1.11939e-05 -0.000190159 0.00408192 0.00552052 0.00114284 -0.000435417 0.00475245 0.000903249 -0.000111905 -0.000830333 -0.0161785 0.00198962 0.00154337 0.00277488 -0.00161192 0.002519 -0.00047425 0.00337553 0.00511504 -0.000691638 0.0029143 -0.00458784 -0.000421913 -0.000651495 0.000181852 
-0.00242148 0.000600365 0.000452167 0.00119359 0.000380453 -0.00277884 0.00343439 0.000252063 0.0109863 -0.0024546 -0.00640435 -0.0130024 0.00508559 -0.00251402 -0.0093624 0.00418512 0.00681441 0.000603809 0.00043143 -0.00601524 -0.00207922 0.00258835 -0.00841772 -0.0110546 -0.00587001 -0.00184901 -0.00176497 0.00207956 -0.000578652 0.0669119 -0.00179285 -0.000859347 0.0042321 -0.00232323 0.00172316 -0.00114579 0.000294512 -0.00453442 -0.000465802 0.0033678 -0.00232348 0.0043069 -0.000200244 -0.000132412 -0.000699552 0.00142547 -0.00230038 -0.00110339 -0.000658796 -1.98587e-05 0.000426702 -0.00191431 -0.00162818 0.000291194 0.000740181 -0.000107782 0.00522889 -0.00125661 -0.000733424 0.000343936 -0.00116336 0.000254762 -0.00168065 -0.0026668 -1.23421e-05 0.00120758 -0.0024266 -0.00298426 0.00154167 0.00192869 -0.000476751 -0.00136487 -0.00121413 -0.00118882 -0.00159298 -0.000232884 -0.00196482 -0.00398805 -0.00227977 -0.000249939 -0.000182271 -0.00324941 -0.00336068 -0.000785596 -0.000141138 0.00298184 0.00292777 -0.000699036 0.00194379 0.000772975 -0.00161413 0.000522702 -0.00600959 0.00271127 -0.00130463 0.00148043 -0.000938485 -0.00060676 -0.00203725 0.000529556 
-0.00202327 -0.00105675 0.0013018 0.00464554 -7.47019e-05 -0.00280391 0.00925244 0.00108452 0.00376953 -0.00779786 0.00232917 -0.000954308 0.00393819 0.0072082 -0.00602082 -0.0200605 -0.00816813 0.0032757 -0.00955804 0.00132959 -0.00619625 0.0020734 -0.00437344 -0.00902578 -0.0121781 0.0010018 -0.00348404 -0.00477559 -0.00287824 -0.00179285 0.116381 0.000883402 -0.00536798 -0.00320399 -0.000867826 0.00364038 0.00517972 0.00257216 0.00134985 -0.00401617 0.00596293 -0.00357834 -0.00587221 -0.00541605 0.00430334 -0.00116694 -0.00284541 -0.00236273 0.000313282 -0.00269868 -0.00107367 -0.00137348 -0.00512755 -0.000530804 -0.000456231 0.000333322 -0.00606809 -0.000255123 0.00228785 -0.000235939 -0.000824144 -0.00244485 -0.00137246 -0.00154484 0.000967357 -0.00372512 -0.00218137 -0.00938197 0.00341207 -0.00302526 -0.00593225 0.00242616 0.00200544 0.0014099 -5.93084e-06 0.0019729 -7.52393e-06 0.0026213 -0.000118865 0.00111049 -0.00165175 -0.000817219 -0.00611048 -0.000772168 -0.000963162 0.00625346 -0.000743912 -0.000783963 -0.00284282 -0.0150273 -0.00031598 -0.00174348 0.00903835 0.00127803 -0.00148084 0.000177514 -0.00224619 0.00135194 0.0016682 0.0016932 
-0.000685011 0.00119266 -3.57171e-05 0.00222426 0.000449704 -0.00234514 -0.00379817 -0.00310812 -0.0103776 -0.00132518 -0.000739973 0.00650371 -0.0159006 -0.00620959 -0.00245887 0.0010866 -0.0061441 0.00757738 -0.0111702 0.0086292 -0.0050532 -0.00473041 0.000650606 0.00721696 0.00211004 -0.0100236 -0.0036844 0.0027246 0.000440386 -0.000859347 0.000883402 0.0772292 -0.00232659 -0.00215643 -0.000275366 0.00375352 0.000552699 -0.00711309 -3.09149e-05 -0.00386732 -0.00122145 -0.000573376 -1.51559e-05 -0.00301801 -0.000747143 -0.0010071 0.00209295 -6.52844e-05 -0.00185006 -0.000427155 0.00257858 0.000679286 -0.0015103 0.000498483 0.000137108 0.000281591 9.20875e-05 -0.00140218 4.87042e-05 0.000576472 0.00130042 0.000822556 -0.00203732 -0.00284321 -0.00065317 0.00446386 -0.000494343 -0.0106657 0.00243537 -0.00309154 0.00421419 -0.00113926 -0.00433817 0.00165925 -0.00142743 0.000308724 0.000998802 0.00556307 0.000785295 -0.000330334 -0.00106142 0.0013888 0.000517956 0.000105433 0.00194375 0.00140975 -0.00128089 -0.000510476 -0.000813536 -0.00574575 0.000951291 -0.000456643 0.000817488 0.00459145 -0.00119046 -0.00144312 -0.00415447 -0.000493044 -0.003682 -0.000379232 
-0.0035463 -0.00167378 0.00016811 -0.000599679 -0.00174457 0.00111087 -0.00809674 0.000231536 -0.00464763 0.00542303 -0.00415412 -0.0135629 0.00318034 0.00641892 -0.00988846 0.00582349 0.00189958 -0.00418265 0.0112818 0.00558019 0.00155246 -0.00829044 -0.0113116 -0.00322706 -0.00827554 -0.00774167 0.0113247 0.000709989 7.73992e-05 0.0042321 -0.00536798 -0.00232659 0.0827695 -0.00498466 0.000809641 -0.000135737 0.00067152 -0.00338088 -0.0005511 0.00413343 0.00255399 0.00132406 0.00468225 -0.00323938 -0.0024027 -0.00065833 -0.000141619 -0.00155706 -0.00056566 0.000232105 -0.00256765 -0.00203242 -0.00214529 -0.000343599 0.000927542 0.00024645 -0.00192124 -0.000459988 -0.00160523 -0.000114486 -0.0011139 0.00023409 -0.000389064 -0.00111877 6.46784e-05 -0.00266412 -0.00365202 0.010859 -0.00316396 0.00252965 -0.000859567 -0.000955962 -0.00406092 -0.00274251 -0.00214331 -0.000500538 -0.000351187 0.000403763 0.000204534 0.000159577 0.00402837 -0.00396299 -0.00464795 -3.14515e-05 0.000124971 0.00193392 -0.00280508 0.000980488 -0.00322994 0.000448383 -0.00162719 -0.000481937 0.00218206 -0.00130952 -0.00105636 -0.000997794 -0.00551675 -0.000278815 -0.00318553 -0.00122665 
-0.00162481 -0.00219653 0.000405904 -0.00148312 -0.00296658 -0.000309105 0.00206657 -0.00781148 -0.0123007 -0.0033337 -0.00571585 0.0060958 -0.0064387 0.00884209 -0.00415597 -0.0109503 -0.0123734 0.00177986 -0.00327545 -0.00738767 0.000220002 -0.00686847 -0.00816096 0.00305222 0.00602787 0.0144402 -0.0119656 0.0022775 -0.000716926 -0.00232323 -0.00320399 -0.00215643 -0.00498466 0.108207 0.001626 -0.00112091 -0.00226213 0.00992539 -0.000642012 -0.000279156 0.00338446 0.00029158 0.00432013 -0.00555659 -0.000347235 -0.00151656 -0.00216634 -0.00354249 -0.00134116 -0.00215227 -0.000675057 0.00230212 0.00293243 -0.0026743 0.000825154 0.00128797 -0.00164433 0.000382871 -7.78096e-05 -0.000452211 0.00010629 -0.00305042 -0.00260494 0.0074923 -0.000476231 -0.00159074 -0.00190319 -0.00619251 -0.000956506 -0.00147702 -0.00515315 -0.00469057 0.00277672 -0.00186554 0.00695525 -0.000681095 -0.00209243 -0.000849592 0.000379438 -0.000920705 -0.00214878 -0.0014421 -0.0020135 -0.000153792 -0.00149455 -0.00876335 -0.00126284 0.000552603 0.000911687 -0.00673971 0.000575094 -0.00132711 0.0125788 -0.00733601 -0.000723589 -0.000860415 0.000394493 0.000162721 0.00528163 -0.000935406 
