0.0675066 -0.00149249 0.00117993 -0.0010422 -0.00172671 -0.00256766 0.000858227 -0.00112487 0.00042454 -0.0057958 -0.00178218 0.00782898 0.00189151 0.000149533 0.00251111 0.00154719 -0.00786976 0.00437558 0.00583645 -0.00912385 -0.00258923 -0.00924178 0.00737679 -0.00531098 -0.00802652 0.000953126 0.0052719 0.00235039 -0.00286674 -0.00380697 0.00267273 -0.00255714 -0.000746749 -0.00677038 -0.00176702 -9.69987e-05 -0.00107857 -0.0045738 -0.000482143 -0.00122638 -0.00020066 -0.000226122 -0.00693383 -0.0035879 -0.000524051 0.000976335 -0.000160022 -0.000773736 -0.00150983 -0.00301129 0.000730617 0.00213465 9.90866e-05 0.00048493 -0.000893507 -0.000739933 -0.000732277 -0.00271544 0.000426364 -0.0046102 0.0035649 -0.000193624 0.000831695 -0.00539051 0.00673324 -0.0047719 -0.00463945 0.0025109 0.00466234 0.000698588 1.72698e-05 0.00226799 0.000416963 0.00139781 -0.000393517 -0.002016 -0.00128299 -0.00340947 0.00458313 -0.00304238 -0.000943386 -0.00108973 -0.0030251 0.000430077 -6.46834e-05 0.00115636 -0.000844232 0.00104842 -0.0012566 0.00232925 -0.00073148 -0.000502471 -0.00120492 -0.000644004 -0.00112383 -0.0006783 -0.00139453 -0.000824605 2.3587e-05 -0.00050561 
-0.00149249 0.072017 -0.000495808 0.00485599 -0.0022358 -0.00419496 0.000985318 -0.000132934 -0.000972972 -0.00514928 0.00686817 0.00551529 -0.00848694 -0.00228408 -0.00153282 -0.0102015 -0.00777085 -0.00124797 0.00404993 0.0111732 -7.40447e-05 0.00156074 -0.00965018 -0.00255769 -0.00284117 0.00314839 -0.00475556 -0.00351054 -0.00284889 0.00124624 -0.000681779 -0.00802572 6.68855e-05 0.00821569 -0.000864717 -0.000208966 -0.000464663 -0.00204716 0.000107735 0.00345939 0.000991776 -0.000811652 -0.00838213 -0.00156119 0.000779142 -0.000528215 -5.70575e-05 -0.00660523 0.00371394 -0.000663804 0.00055695 -0.00116208 -0.000945429 0.00021555 -0.00156779 -0.00237499 -0.00127096 -0.00394809 0.000188249 0.00602541 0.000142025 0.00052327 -0.000661296 -0.00401189 -0.00282942 0.00146651 0.00160185 -0.00803879 -0.014381 -0.000171879 0.000100978 -0.000213158 -0.00362217 -0.00151563 -4.38925e-05 -0.000199885 -0.000829328 0.011978 -0.00185691 0.006611 -0.00231414 -0.00213415 0.00347078 -0.000399271 -0.000327758 -0.00091745 -0.000598331 -0.000667093 0.00177799 0.000730158 -0.00237862 -0.00108514 -0.0014257 -0.000978865 0.00140107 0.00084414 0.00188212 -0.00133165 -5.8105e-05 -0.000671216 
0.00117993 -0.000495808 0.0659119 0.00365049 0.000181198 0.0029222 -0.00157341 0.000383968 0.0026477 -0.0049659 -0.00251253 0.00355412 -0.00375903 0.000227858 -0.00623154 -0.010832 -0.00443682 0.0020318 -0.00146512 -0.00405591 0.000142869 -0.00187685 -1.03321e-05 0.00111025 -0.00458564 -0.004171 -0.00616992 -0.00245049 0.00133859 -0.00418886 -0.000685096 -0.0030017 -0.00083668 -0.0101811 -0.00135427 -0.000265011 2.26383e-05 -0.00129251 -0.000703247 -0.000741168 0.00332105 -9.69651e-05 -0.00132929 0.000202599 -0.000556016 -0.000877741 -0.00247854 -0.00168278 -0.00207295 0.00014719 -0.00106979 0.000504492 0.000554385 -0.00143419 -0.00124017 -4.02969e-05 -0.000950376 -0.00309418 -0.000368621 0.00522066 0.00513544 -0.00115452 0.000699773 -0.000426348 0.00397372 0.00194945 -0.00377889 0.000668414 -0.00772464 -0.000486854 -4.70788e-05 -0.000416511 -0.00507194 -0.00115468 -0.000514493 -0.00164553 0.000264459 0.000831615 -0.000817216 0.000227171 -0.000250372 0.00423015 0.00263336 0.000670193 0.000726049 0.000125532 8.38996e-05 0.000238269 0.000565178 0.000404374 0.000152862 0.00205928 -0.0010066 0.000947697 -0.00108196 -0.000631888 -0.00129997 0.0047166 -0.00137373 0.00245769 
-0.0010422 0.00485599 0.00365049 0.0636886 0.00390459 -0.00077147 0.000358346 -0.000185627 0.000538454 -0.000548674 0.00074896 -0.0043229 -0.00802679 0.0075614 -0.0111379 -0.00499553 0.00452924 -0.00422128 -0.00262223 0.0108795 0.00579162 -0.00394745 -0.0061791 -0.000333568 -0.00623322 -0.00444367 -0.0105242 0.00212246 -0.00597841 0.00174903 -0.000844961 -0.00930533 -0.000703522 -0.00568528 0.000686937 -0.000630593 -0.0003169 -0.00130115 0.00251859 0.00201532 6.64752e-05 -0.00021086 -0.000258488 0.0048654 0.000189322 -0.000814709 0.000135969 -0.0046142 -0.000109237 0.000411902 0.00028187 -0.00115549 0.000501281 -0.0012342 -0.00102847 -0.000857458 -0.00139267 -0.00328946 0.000362629 -0.00265236 -0.00385612 0.000776951 -0.000150769 -0.00400122 -0.00193385 0.00128721 0.00192163 -0.00615154 -0.00628069 0.000340091 9.0995e-05 -0.00202604 -0.00326525 -0.00127617 -0.000497222 -0.000866173 0.00023412 0.000171726 -0.00160639 0.00393589 0.00191312 -0.0018389 0.000666983 0.000938298 -0.000837271 -0.000228945 0.000962335 -0.000448922 0.00456986 0.00447231 0.00217548 -0.000597963 -0.000229131 0.000212872 6.18026e-06 -0.000493246 -0.000198838 0.000214189 0.000694422 0.000705098 
-0.00172671 -0.0022358 0.000181198 0.00390459 0.0797613 0.00111758 -0.000137569 -0.000203116 0.00206782 -0.00182565 -0.00145073 -0.0126903 0.00657513 -0.000889363 -0.0244706 0.000699737 0.00790275 -0.0130678 -0.0102588 0.00395794 0.00469035 -0.00606288 0.000462175 -0.00518599 -0.00498061 -0.00318804 -0.0120183 0.00562485 0.00159531 -0.00498613 -0.000460142 -0.00795874 -0.00160074 -0.00118392 -0.0010345 -0.000444481 0.00129541 -0.000885124 0.0045877 -0.00164252 0.00181229 -0.000177968 0.00383739 -0.000337776 0.0015085 0.00128757 0.00497383 -0.00288618 0.00205581 0.00829321 0.000565082 0.00134352 0.000409604 -0.000849951 -0.0024201 -0.0010275 0.00144407 -0.00494862 -0.000434936 0.00258737 -0.00228604 0.00211193 0.00106101 0.00279818 -0.00610492 0.000766976 0.001799 -0.00648457 0.0018452 -0.000404917 -1.56869e-05 -0.00531425 -0.0045712 0.00176167 0.000825244 -0.00164733 -0.000498133 -0.00390666 -0.00181759 0.000181 0.00279793 -0.00204905 -0.00228535 0.00260338 0.00340693 -0.000753954 0.000107009 0.00111932 0.000943125 -0.00131312 7.36676e-05 -0.00160919 -0.000603875 0.0020327 0.000285188 -0.00120278 0.00103903 -0.00260194 -0.000496844 -0.0024615 
-0.00256766 -0.00419496 0.0029222 -0.00077147 0.00111758 0.108614 0.00286729 -0.0021012 0.00266457 0.0146401 -0.0014677 -0.0124775 -0.00691831 -0.00258134 -0.0175735 -0.0146068 0.00613322 -0.0136813 -0.00578322 0.00438634 0.0084035 -0.000607506 -0.00189146 -0.00197951 0.00827619 -0.0025751 -0.0148205 -0.00122352 -0.00766831 -0.00270954 -0.00175511 -0.0181921 -0.00235428 -0.00827302 0.00102453 0.00126066 0.000260717 0.000243306 0.00192955 -0.00168118 -5.94953e-05 -0.000671784 0.00421305 0.00886551 -0.00113888 -0.0013652 -0.000304548 -0.00316363 0.00102292 -0.00244655 0.00116741 4.47265e-06 -0.00137201 -0.00360509 -0.00169418 0.00384763 -0.00070044 0.00683909 -0.000916895 -0.00597565 0.0051434 0.000183088 0.00410813 0.00182371 -0.00650439 0.000920366 -0.000472898 -0.00257603 0.00029859 0.000915018 6.62443e-05 0.000261555 1.85007e-05 -0.00232958 -0.0023514 -0.000357815 -0.000594501 -0.00323354 -0.00399078 -0.00327714 -0.00185708 0.00976195 -0.000171716 -0.000341221 -0.0013076 0.000153175 -0.00068257 0.000427366 -0.00401027 -0.00086356 -0.000356121 0.00380115 0.00218778 -0.000524331 -0.00185981 -6.93553e-05 -0.00159554 -0.00405454 0.00147963 -0.00500145 
0.000858227 0.000985318 -0.00157341 0.000358346 -0.000137569 0.00286729 0.0527018 -0.00056045 0.000898153 -0.00277557 0.00519348 0.000983433 -0.00594705 0.000125179 -0.00336813 -0.00814648 -0.00556461 0.000992045 -0.00727764 0.00430272 -0.00611481 0.00217661 -0.00156901 -0.00656141 0.00167022 0.00314798 -0.00734692 -0.000251713 -0.000762716 -0.00135705 -0.000526627 -0.0118653 -0.000660934 0.004062 0.000281608 0.00168685 -0.000631873 -0.00330467 -0.000670296 -0.000169163 0.000369561 -0.000232307 -0.00206283 -0.00141007 -2.63549e-05 -0.000688203 0.000218989 -0.00225559 0.00117946 -0.00092351 0.00102814 0.000683938 -0.000605991 0.00474416 -0.000544514 0.0041843 0.000493224 0.000562229 -0.000231198 -0.00386234 -7.92255e-05 0.00204648 -0.000463798 -0.000641254 -0.00217489 -0.000829765 0.000595139 -0.00142258 -0.00267517 -1.15025e-05 0.000202886 0.00373555 -0.0014174 8.21212e-05 0.000445965 -0.00105236 -0.00080936 -0.0017468 0.00103814 0.00178448 -0.00139275 0.00361801 0.00153522 -0.000810082 -0.000938655 -0.000602187 0.000732841 0.000516387 -0.000840953 -0.00270373 -0.000734263 -0.00021834 0.000461073 0.000659083 -0.000402837 0.000861037 -0.00170847 -0.000793718 -5.32937e-05 -0.000559981 
-0.00112487 -0.000132934 0.000383968 -0.000185627 -0.000203116 -0.0021012 -0.00056045 0.0482804 -0.000141208 0.0014781 -0.000980351 0.000119245 -0.00201197 -0.00204929 -0.00896765 0.000891465 0.000404378 -0.00686081 -0.00642658 -0.000441357 -0.00384714 -0.00450101 -0.0060101 -0.00232353 -0.00648398 0.0026294 0.0043298 0.000601524 0.00785817 0.000661911 -0.000311475 -0.0025919 0.00049821 0.00256451 -0.00041906 4.76136e-05 0.000314965 0.00046005 0.000589117 -0.000343962 0.000578611 -1.37442e-05 -0.00367428 -0.00146297 0.00024862 0.000833572 -0.000299179 -0.0024743 -0.000111094 0.0022182 0.000817911 -0.000337888 0.00210238 0.000286356 -0.000785018 -0.00124864 -9.79292e-05 0.00521052 0.000155066 0.00322869 -0.00286291 0.000466077 -0.000345627 -0.00168578 0.000565295 -0.00135553 -0.00295718 -0.00552693 0.00072309 -0.000570679 9.05663e-05 -8.96037e-05 0.00105409 -0.000269173 -0.00119434 0.000571913 0.000626963 -0.000334038 -0.00122682 -0.00142166 3.13649e-05 -0.000405235 -2.46884e-05 -0.000474574 1.29562e-06 -0.000630125 0.000613046 0.000884669 0.00133382 -0.00262464 -0.000186985 -0.00115766 0.00197784 -0.000343027 0.000272969 0.000193959 0.000190568 -0.000608972 -0.000560241 -0.00100928 
0.00042454 -0.000972972 0.0026477 0.000538454 0.00206782 0.00266457 0.000898153 -0.000141208 0.0467136 0.00100868 -0.00158072 0.0057857 0.00211571 -0.000540382 -0.00640088 -0.00397949 -0.000868858 -0.0027149 -0.00496121 -0.00322538 0.00137545 -0.00463062 -0.00172051 -0.00517944 -0.0114156 -0.00217573 -0.00413134 6.91956e-05 0.0061799 -0.0023722 0.000970264 -0.00297315 -0.000382344 -0.00540538 -0.000275784 -0.000488189 0.000645799 -0.00303465 1.78306e-05 0.000570076 -0.00122429 0.000823499 -0.00159663 0.00125471 -0.000403668 0.000325619 0.00102179 -0.00161189 0.000274129 0.000504592 5.51996e-05 -0.00081813 -0.000129903 0.000689716 -0.00121548 -0.000148805 -0.000584302 0.00575332 -0.00011007 -0.000862761 -0.00456714 0.000783542 -7.50427e-05 -0.0019445 -0.00216151 -0.00196316 -0.00135628 -0.00136774 0.00242591 0.000143898 -6.59618e-05 -0.00100314 -0.00063524 -0.00109493 0.000997535 0.000397407 -2.96904e-05 -0.00655319 -0.000477461 0.00183749 1.79499e-05 0.00374227 -0.000239222 -0.000291186 0.000759062 0.00126852 -4.56338e-05 0.00107618 -0.00101038 0.00669208 0.000225463 0.00169839 -0.00057452 -0.000363593 -0.000305093 -0.000130445 -0.00146935 -0.00231285 0.000905184 -5.28421e-05 
-0.0057958 -0.00514928 -0.0049659 -0.000548674 -0.00182565 0.0146401 -0.00277557 0.0014781 0.00100868 0.173719 -0.005767 -0.0149024 -0.00136908 0.00563732 -0.0219966 -0.0153426 0.0261724 -0.0284404 -0.0340756 -0.000173643 0.000113555 0.0136263 0.00675353 0.00740575 0.0259569 -0.00436493 -0.00188447 0.00371736 -0.0177374 -0.0197871 0.00123372 0.00362433 -0.00293273 0.00242963 0.00249887 -0.00120081 0.00115456 -0.00454593 0.00103268 0.000249847 0.000730828 -0.00381065 0.00548118 0.00350306 0.00105804 0.000237779 -0.00643816 -0.00218082 -0.00510782 -0.00362062 0.000174331 0.00362191 0.0059166 -0.00818916 0.00311611 0.00081198 0.00248195 0.00555175 -0.00247931 -0.00595797 -0.0169887 -0.00150015 0.00339714 -0.000315771 -0.0153142 0.00328699 -0.00623077 -0.0210832 -0.00676141 -0.00172424 -0.000600629 -0.00875212 -0.00661769 0.00191635 -0.00104502 -0.00196787 -3.57287e-05 -0.00302173 -0.00211895 -0.0053372 0.000572514 -0.000767364 -0.00141398 -0.00177612 -0.00693314 -0.000782398 4.36962e-05 -0.00133467 -0.00816591 0.00389969 0.00229613 0.00371162 -0.00020375 -0.00115648 0.00130095 0.00217881 0.00349227 0.00570131 0.00218658 -0.00380703 
-0.00178218 0.00686817 -0.00251253 0.00074896 -0.00145073 -0.0014677 0.00519348 -0.000980351 -0.00158072 -0.005767 0.0929694 0.000173268 -0.0121632 -0.002809 -0.00050118 -0.00547844 0.00348314 0.000905336 -0.0187252 0.00424042 -0.000303322 -0.00041802 -0.0175083 -0.0129465 -0.00942441 0.0124882 -0.0107356 0.00346629 0.00434885 -0.000984725 -0.00054008 -0.0109059 0.000805318 0.0158584 -0.000739823 0.00104875 0.00173974 -0.00453024 -0.00100119 -0.000380782 -0.0020696 0.000124219 0.000474596 0.00131129 0.0036698 0.0021734 0.000526149 -0.00640156 0.0045905 0.000212174 0.00131369 -0.00204387 -0.000768416 0.000946712 -0.00120566 0.00058072 -0.000319703 0.00357328 -0.000549071 -0.00911537 0.000249652 0.00600224 -0.00138179 0.00144443 -0.0142447 -0.00278461 0.0097571 -0.00554616 -0.0110047 0.000434579 0.000377821 0.0049323 -3.97812e-05 -0.00130444 0.000440967 0.000857313 -0.000384413 -0.00406796 -0.0029033 0.00744259 -0.00284197 -0.00220546 0.00140087 0.00172426 -0.000412619 -0.000542024 -0.000954901 2.1256e-05 -0.000936445 -0.00383949 -0.00172108 -0.00138336 -0.00197889 0.000900492 0.00187983 -0.000368202 -0.00104841 -0.00267235 -0.00120397 0.00218132 
0.00782898 0.00551529 0.00355412 -0.0043229 -0.0126903 -0.0124775 0.000983433 0.000119245 0.0057857 -0.0149024 0.000173268 0.197328 -0.005021 -0.00563643 0.0241396 -0.0104247 -0.0326948 0.0458464 0.0253083 -0.0099593 -0.0278991 0.000909009 -0.00439499 -0.00853185 -0.0269671 0.0100714 -0.0123328 -0.00218284 0.0262498 0.00711266 0.00058618 0.0093755 0.00238172 -0.00400098 -0.00558929 -2.94334e-05 -0.0027805 -0.0180057 -0.00525315 -0.00252207 0.00292449 0.000931688 -0.0196589 -0.00746514 0.000393936 -0.00340507 -0.00903878 -0.00933304 -0.00430761 6.46792e-05 -0.00290513 -0.00379957 -0.00546403 0.000617796 -0.00274663 -0.00511478 -0.00374018 0.000926186 0.00379335 0.00662154 0.0010759 -0.00119966 -0.00220144 -0.0168367 0.000483036 0.00173411 -0.0149339 0.0169392 -0.0198342 -0.000529716 -0.000256932 -8.9823e-06 0.00554677 -0.00437141 -0.00310243 -0.00233352 -0.000796045 -0.00895772 0.00287209 -0.00716375 -0.00817583 -0.00159143 -0.00412218 -0.0023759 -0.00636533 0.0075068 -0.00108636 0.00271563 -0.00333956 0.011051 -0.00535443 3.04784e-05 -0.00518983 -8.23729e-05 -0.00402787 0.00113229 -0.00455714 -0.00479353 -0.00133509 -0.000107761 
0.00189151 -0.00848694 -0.00375903 -0.00802679 0.00657513 -0.00691831 -0.00594705 -0.00201197 0.00211571 -0.00136908 -0.0121632 -0.005021 0.197712 0.00918145 -0.0110307 0.0038095 0.000226519 0.0107008 -0.00198451 0.000906733 -0.0145805 0.000293444 0.00117801 -0.00806054 -0.0126294 0.011153 0.00670698 -0.0136136 -0.00257489 -0.0184335 -0.00351448 0.00264757 -0.00104517 -0.0054065 -0.00597158 -0.000608131 0.00273245 0.00911608 0.00215206 -0.00569617 -0.000146532 -0.000572212 -0.00529552 -0.0094862 -0.00182106 -0.00124486 -0.00817337 -0.00581077 -0.00127313 0.00375677 0.000989613 -0.00284085 -0.00324758 -0.00609435 -0.00408426 -0.00518147 0.000176752 0.00198649 0.000792942 -0.000370851 -0.00945905 0.00853103 0.00228977 0.00988405 -0.0118016 -0.0034608 -0.0027891 -0.0150337 -0.00324143 -0.000645583 -0.000253587 -0.00571552 -0.00378702 0.00357895 -0.00401141 0.000942465 -0.00238909 -0.0197655 -0.00101139 -0.00446583 -0.00575695 0.0027269 -0.00650228 -0.00282191 0.0051028 -0.00036956 -0.00150086 0.00112427 0.00341112 -0.00574811 0.000875455 -0.000741434 0.00634472 0.00158144 0.000891408 -0.00353904 0.0051407 0.00352054 0.00262425 -0.00606444 
0.000149533 -0.00228408 0.000227858 0.0075614 -0.000889363 -0.00258134 0.000125179 -0.00204929 -0.000540382 0.00563732 -0.002809 -0.00563643 0.00918145 0.128708 -0.00104517 0.00657192 0.00299726 0.00345356 -0.00627462 -0.00260148 0.000109021 0.00889156 0.000584953 -0.000373365 -0.0117299 0.000150201 -0.00182812 -0.00696428 -0.00145131 -0.00948499 0.000284964 0.0080323 0.00218607 -0.010054 -0.00324989 0.00270284 -0.000526208 0.00372217 0.00115016 -0.000684632 -0.0032918 0.000185334 -0.0103541 0.00526933 -0.00174106 -0.00183303 -0.00529224 -0.00898349 -0.000839371 -0.00437109 0.00174898 -0.00432288 -0.00169137 -0.00371735 0.00155698 -0.00435967 -0.000797007 -0.00417773 0.000256083 -0.0148831 -0.00347316 -5.44854e-05 0.000313419 -0.00419182 -0.00594433 -0.00670799 -0.00556683 -0.0031488 -0.0193696 0.00131764 -0.0002796 -0.00367974 0.00469226 0.00149855 -0.00226438 -0.00264893 0.00308043 -0.00154794 -0.00208131 -0.00135245 -0.000233101 0.0053954 -0.000922474 -0.000828778 -0.00190054 -0.000675489 -0.000569093 -0.000569443 -0.000234709 -0.00599375 0.00669451 -0.00142045 -0.00145115 -0.00141984 -0.00234273 -0.00113975 -0.00091537 0.00207972 -2.81767e-05 0.000153048 
0.00251111 -0.00153282 -0.00623154 -0.0111379 -0.0244706 -0.0175735 -0.00336813 -0.00896765 -0.00640088 -0.0219966 -0.00050118 0.0241396 -0.0110307 -0.00104517 0.242494 0.00592281 -0.0413206 0.0440247 0.046451 -0.038261 -0.0180817 0.00625793 -0.0010461 0.00302 0.00449056 0.00748155 0.000301289 -0.00190075 -0.017556 0.00988101 0.000614175 0.0163001 -0.00396859 0.00435239 -0.0014788 -0.00198192 -0.00519428 -0.0165048 -0.00582734 -0.00253519 -0.0107534 -0.000486684 0.000365986 0.00145625 -0.00336199 -0.00353902 0.0031309 -0.0119607 -0.00605796 -0.0206097 0.000233257 -0.0129491 -0.00662732 -0.00449618 0.00290177 -0.00909504 -0.00664624 -0.001695 -0.000138929 -0.0110461 0.0156912 -0.0121847 -0.00403807 -0.00311735 0.0162016 -0.0052423 -0.0155302 0.0219249 0.00330424 0.00217337 -0.000464548 0.00832497 0.0107138 -0.00519467 -0.00808861 -0.00148321 -0.00640951 -0.00160838 0.00101127 -0.00271385 -0.00291279 1.44912e-05 0.000487162 -0.00117063 -0.00939607 0.00107168 -0.00152514 -0.000449034 0.000238498 -0.0113237 -0.00316957 0.00294183 -0.0072513 -0.00219214 -0.00183101 -0.000860618 -0.0101333 -0.0067329 -0.00584563 -0.000182784 
0.00154719 -0.0102015 -0.010832 -0.00499553 0.000699737 -0.0146068 -0.00814648 0.000891465 -0.00397949 -0.0153426 -0.00547844 -0.0104247 0.0038095 0.00657192 0.00592281 0.222935 0.0147871 -0.00791121 0.0127418 -0.00914136 0.00958112 -0.0052347 -0.0258297 0.00760187 0.0102438 -0.0249107 0.0127949 -0.00364086 0.00490995 0.00761058 -0.00187433 -0.00825494 -0.00306758 -0.0132576 -0.00365691 -0.00204134 -0.00108037 0.0169961 0.00082062 -0.00861889 -0.0077568 -0.00149315 0.0076443 -0.00495601 -0.00410934 0.00203937 -0.00489377 -0.00635793 -0.0014508 -0.00848352 -0.00250154 0.00105453 -0.00256941 0.000728756 -0.0038243 -0.000401428 -0.00142879 0.00429797 -0.000896721 -0.0128743 0.0057323 0.00142962 -0.00198811 0.00227017 0.00853823 -0.0115034 0.00600645 -0.00741961 0.00286954 -0.0014776 -4.95524e-05 -0.00688742 -0.00555203 -0.00172452 0.00091225 -0.00327303 -0.00390343 0.00409084 -0.00371576 -0.0155833 0.00522493 -0.0172792 -0.00736937 0.00330479 0.000187212 -0.00195298 -0.00220868 9.26857e-06 -0.00203011 -0.0104952 -0.00105777 -0.00629768 -0.000311082 8.76532e-05 -0.00681072 -0.0033477 -0.00633546 -0.000183935 -0.00651004 0.00489958 
-0.00786976 -0.00777085 -0.00443682 0.00452924 0.00790275 0.00613322 -0.00556461 0.000404378 -0.000868858 0.0261724 0.00348314 -0.0326948 0.000226519 0.00299726 -0.0413206 0.0147871 0.237133 -0.0404331 -0.0293884 0.00846751 0.0169889 -0.0232755 0.000787184 0.0107318 -0.0114136 -0.0130799 0.0147984 0.0216762 -0.0299618 -0.00880356 -0.00322436 -0.00768318 0.00124116 -0.00333427 -0.0100809 -0.00166684 0.00186638 -1.8216e-05 -0.00177353 -0.00304756 -0.00182508 -0.00303815 0.0161807 0.000928246 0.000511655 -0.000563387 0.00381123 0.000868802 -0.00186472 0.000902693 -0.00249734 0.00640394 0.0105184 -0.00960168 0.000886061 0.00316654 0.000250429 0.00571632 -0.00345935 0.00483398 -0.0267837 0.000184088 -0.000679142 0.00927345 -0.0193674 0.0131324 0.00957318 -0.0262648 0.0107873 -0.00149299 -0.000327337 -0.00788479 -0.00491199 0.000312556 0.000653973 0.00497449 0.00587481 -0.0179546 0.00246737 -0.00532433 0.00836177 -0.00858804 -0.00432907 -0.00111683 -0.00144375 -0.00554537 -0.000426026 -0.00521949 -0.00411857 -0.00591224 -0.00188821 -0.00277059 0.00458614 -0.00227568 0.000596306 -0.00327861 -0.00602217 -0.0258998 -0.00308183 -0.00261587 
0.00437558 -0.00124797 0.0020318 -0.00422128 -0.0130678 -0.0136813 0.000992045 -0.00686081 -0.0027149 -0.0284404 0.000905336 0.0458464 0.0107008 0.00345356 0.0440247 -0.00791121 -0.0404331 0.241345 -0.00142422 0.0229351 -0.0169889 0.0131883 -0.00256582 -0.00045506 -0.0180217 0.0072844 -0.0304877 -0.0133555 0.0284929 0.00485351 -0.00385141 -0.00166744 -0.00261028 0.00646141 -0.00799912 -0.0020996 -0.00449736 -0.0128681 -0.00436723 -0.0021301 -0.00814503 0.00142218 -0.014939 -0.00306886 -0.000984225 -0.0063153 -0.00846628 -0.00226622 -0.00871599 -0.00259072 -0.00264483 -0.00972319 -0.00963106 0.00775386 -0.00293719 -0.00941876 -0.00259781 -0.0210112 0.0018122 0.00382532 -0.00369554 -0.00513323 -0.00527501 -0.0146339 -0.0152928 -0.00207134 -0.0113244 0.0332719 -0.0135796 -0.00294792 -0.0011299 0.013067 0.00345661 -0.00347175 -0.00347361 -0.0109836 -0.00542156 -0.00102994 -2.24563e-06 0.000644254 -0.0057862 0.00402181 -0.0118534 -0.00206386 -0.00516239 0.00649351 -0.00260355 0.00174242 -0.00274108 -0.0104553 -0.00544543 0.00289373 -0.0074239 -0.00505082 -0.00139544 -0.00300457 0.00128703 0.00124633 -0.00183132 0.00187875 
0.00583645 0.00404993 -0.00146512 -0.00262223 -0.0102588 -0.00578322 -0.00727764 -0.00642658 -0.00496121 -0.0340756 -0.0187252 0.0253083 -0.00198451 -0.00627462 0.046451 0.0127418 -0.0293884 -0.00142422 0.24961 -0.0434603 -0.0305154 -0.00196211 -0.00413278 0.00943044 0.00651189 -0.0160845 0.0226894 -0.0135546 -0.0140291 0.0139597 -0.00398154 0.0038183 -0.00186197 -0.0273075 -0.00411933 -0.00319268 -0.00424917 -0.00977029 -0.00131675 -0.0055541 -0.00922348 0.000959091 0.00140747 -0.0046431 -0.00389659 -0.00532794 -0.0016533 0.00852667 -0.0051112 -0.0115683 -0.000657003 0.00203719 -0.00371198 -0.00758812 -0.00212415 -0.00398261 -0.00457184 -0.0154205 0.00306144 -0.0128658 0.00900789 -0.00376367 0.000131763 -0.0160275 0.0237592 -0.00213982 0.00197638 0.0370088 0.0139309 -0.000727568 -0.000198623 -0.005305 0.00695186 -0.00210734 -0.00789893 -0.00125997 -0.00601849 0.00904996 0.000387107 -0.00161797 -0.00425516 -0.0071772 -0.006792 -0.00275144 -0.00168967 0.00115389 -0.00570985 -0.0025204 0.00759617 -0.0163643 -0.00693925 -0.00389813 -0.00748095 0.00328661 -0.00399855 0.000838409 -0.00788049 0.0032275 -0.00256557 0.000487474 
-0.00912385 0.0111732 -0.00405591 0.0108795 0.00395794 0.00438634 0.00430272 -0.000441357 -0.00322538 -0.000173643 0.00424042 -0.0099593 0.000906733 -0.00260148 -0.038261 -0.00914136 0.00846751 0.0229351 -0.0434603 0.249917 0.0206656 0.0208747 -0.0337577 0.00576611 -0.0095679 -0.0127082 -0.0586152 -0.00255535 -0.00751945 0.00589987 -0.000369999 -0.0382175 -0.00238998 0.0304675 0.00203124 0.000499421 0.00197096 -0.000858655 -0.00328129 0.00939822 -0.00217013 0.000730496 -0.0126207 -0.00434398 -0.00252597 -0.000380369 -0.00820425 -0.0129218 0.000878077 0.0110785 -0.000129859 0.00880549 -0.00212431 -0.00350826 -0.00273978 -0.00150155 0.000161629 -0.0104988 -0.00115154 0.0117895 -0.00401333 0.00352031 -0.00331544 -0.00392458 -0.0261149 0.000914221 0.00277635 -0.00959364 -0.0130844 -0.00250956 -0.000602726 7.89996e-05 -0.0288266 -0.00240977 0.00253002 -0.00544491 0.00186802 0.0125217 -0.00600704 0.00320816 -0.00266877 -0.00365129 -0.00758942 -0.000845638 -0.00189602 -0.000264374 -0.000522424 0.00200814 0.00383245 0.00325512 -0.00301768 -0.00273334 0.0013715 0.0023328 -0.00220539 -0.00476462 0.00850069 -0.00624782 0.00357987 -0.00712186 
-0.00258923 -7.40447e-05 0.000142869 0.00579162 0.00469035 0.0084035 -0.00611481 -0.00384714 0.00137545 0.000113555 -0.000303322 -0.0278991 -0.0145805 0.000109021 -0.0180817 0.00958112 0.0169889 -0.0169889 -0.0305154 0.0206656 0.24785 0.000991168 -0.0198493 0.0196117 -0.0320785 -0.0394932 -0.0371187 0.00208257 0.00257161 0.00488005 0.000867241 -0.000658904 -0.00167175 0.00813762 -0.00123692 -0.00134767 0.00308954 -0.00215919 0.000398558 0.00485901 0.00539514 -0.00130041 0.000685746 0.0127228 -0.00531559 0.000786393 0.00402983 -0.0149656 0.00319 0.0056168 -0.00121417 -0.0162284 0.00519198 -0.00417438 -0.00363467 -0.0123353 0.000521394 -0.00280135 -0.000301767 -0.00778518 -0.00861486 0.000583876 -0.00221608 -0.00554262 -0.00743627 0.00688898 0.00536252 -0.00792384 0.0219905 -0.00161471 -0.000479583 -0.0121074 -0.022124 -0.00317421 -0.00628423 -0.00593591 -0.00323736 0.000131314 -0.000809755 -0.0116373 -0.00105493 0.00257343 0.0095888 0.00112551 0.00612927 -0.000515748 -0.00187211 -0.00330543 -0.00269448 0.00474238 0.00100287 -0.00602713 0.00229503 -0.00538253 0.00030552 -0.0026422 -0.00525072 -0.00849356 -0.000367167 -0.000651407 
-0.00924178 0.00156074 -0.00187685 -0.00394745 -0.00606288 -0.000607506 0.00217661 -0.00450101 -0.00463062 0.0136263 -0.00041802 0.000909009 0.000293444 0.00889156 0.00625793 -0.0052347 -0.0232755 0.0131883 -0.00196211 0.0208747 0.000991168 0.158464 -0.021362 0.00746929 0.010179 -0.00100496 -0.0214804 -0.0129232 -0.0116243 -0.024354 -0.0012611 0.000906242 -0.00355988 0.0157963 -0.00405709 -0.00312137 -0.00209451 0.00142143 -0.00398836 0.00110324 0.00249551 -0.00140437 -0.0129726 -0.0045068 0.000580596 -0.000208998 -0.0111538 0.00706705 0.00329988 -0.0061766 -0.00232848 -0.00702242 -0.00287408 -0.00202955 -0.00314285 -0.00456439 0.000594787 -0.000178064 -0.00132176 -0.00829838 0.00670633 -0.000499291 -0.00190915 -0.00235396 -0.0102932 -0.00157354 -0.00704752 0.00522377 -0.00576168 -0.00196964 -0.000484929 0.000238563 0.00632701 -0.00335012 -0.00101398 0.00178572 0.00105453 0.00437385 0.00154718 0.000290183 -0.00115479 0.00927017 -0.00122616 0.000224731 -0.0101791 -0.00174051 -0.000939605 -0.00140704 -0.00162427 0.0034694 -0.000508723 -0.00243303 -0.00773811 -0.000332328 -0.00237737 -0.00100573 -0.00371265 0.00324467 -0.00684265 -0.00165132 
0.00737679 -0.00965018 -1.03321e-05 -0.0061791 0.000462175 -0.00189146 -0.00156901 -0.0060101 -0.00172051 0.00675353 -0.0175083 -0.00439499 0.00117801 0.000584953 -0.0010461 -0.0258297 0.000787184 -0.00256582 -0.00413278 -0.0337577 -0.0198493 -0.021362 0.207842 -0.00487156 0.00538472 0.00278645 0.0218805 0.00313828 -0.0170689 -0.0143287 -0.00155503 0.0202944 -0.00266741 -0.035643 0.00154524 0.000264753 -0.00207487 -0.00460039 -0.000361335 -0.00515476 -0.000889117 0.000601432 -0.00326737 -0.000529566 0.00102502 -0.00331556 0.00649193 0.00773863 -0.00651579 -0.0123711 -0.00120352 -0.0103607 0.000548327 0.00105246 0.00284654 0.00266583 -0.00273161 -0.00543834 -0.000851565 0.0166774 -0.00678502 -0.00502523 -5.77968e-05 0.00312987 0.0138564 -0.00047352 -0.00274387 -0.00972692 0.00419535 0.00010791 0.000338253 -0.00381282 0.00878736 0.0080781 -0.00164364 -0.00315817 0.000100662 -0.0157121 0.00381031 -0.00400291 -0.00222267 0.00373704 -0.00688185 -0.00557691 -0.00544188 -2.92632e-05 0.000787639 -0.00376013 -0.00290694 0.000170527 0.00807717 -0.000601037 -0.00384845 -0.00234761 -0.00360636 0.000955892 0.00095239 0.00656361 0.00606045 -0.00599342 
-0.00531098 -0.00255769 0.00111025 -0.000333568 -0.00518599 -0.00197951 -0.00656141 -0.00232353 -0.00517944 0.00740575 -0.0129465 -0.00853185 -0.00806054 -0.000373365 0.00302 0.00760187 0.0107318 -0.00045506 0.00943044 0.00576611 0.0196117 0.00746929 -0.00487156 0.129038 0.0156337 -0.0203265 -0.00393905 -0.00578831 -0.00976291 0.00239414 -0.00272185 -0.000784476 -0.00452094 -0.00286653 -0.00272184 -0.000707083 -0.00199467 0.0023523 -0.00179903 0.00292334 0.00102772 -0.00367101 0.0111248 -0.00133897 -0.004585 -0.00459821 0.000808887 0.000978611 -0.00710442 0.00335052 -0.00176986 -0.00217908 -4.1029e-05 -0.00516805 -0.00182248 -0.00534049 -0.00311873 -0.00800319 -0.0027646 -0.00120628 0.00102143 -0.00842705 -0.000384421 -0.0039233 0.00164344 0.00392988 -0.00534025 0.00383028 0.00481771 -0.00488692 -0.000491966 -0.00669856 -0.0214031 -0.00747101 -0.00182898 -0.00518697 0.00126538 0.0160532 -0.00573019 -0.00476125 0.00227749 0.00363772 0.00347928 -0.00220284 -0.00222922 -0.00304524 -0.0044284 -0.00637157 -0.00215553 -0.000525372 -0.00084465 -0.00263779 0.000134907 -0.00223661 -0.00319494 -0.00298056 0.0030186 0.000977358 -0.00389092 0.000727687 
-0.00802652 -0.00284117 -0.00458564 -0.00623322 -0.00498061 0.00827619 0.00167022 -0.00648398 -0.0114156 0.0259569 -0.00942441 -0.0269671 -0.0126294 -0.0117299 0.00449056 0.0102438 -0.0114136 -0.0180217 0.00651189 -0.0095679 -0.0320785 0.010179 0.00538472 0.0156337 0.245994 -0.0242467 -0.0124554 -0.0114077 -0.0120118 -0.0179536 -0.00129125 -0.0291802 -0.00800838 -0.0130861 0.0055634 -0.00274353 -0.00425512 -0.0057692 -0.000185372 -0.00287368 0.00101153 -0.00470613 0.035336 -0.00261364 0.000694278 -0.00520924 0.000246543 0.0113798 -0.0020553 -0.00933107 -0.00405815 0.00890949 -0.00459009 -0.00451506 0.000344836 0.00788981 -0.00236071 -0.00301048 -0.00271468 -0.0224859 0.00142534 -0.00703525 0.000945373 0.0104951 0.0199963 0.00231086 0.0133131 0.00318639 -0.0188902 -0.00133044 -0.000813776 0.00124092 -0.0141758 0.00222147 -0.000916908 -0.000685588 -0.00429676 0.029541 -0.0127368 0.00305387 0.000324283 0.000979514 -0.00621288 -0.00768485 -0.00137907 -0.0037039 -0.00237471 -0.00321498 -0.00570923 -0.0129061 -0.00214215 0.000674101 -0.00167303 5.64893e-05 -0.0011602 0.00361167 0.00183903 0.00583382 -0.0044482 -0.00375708 
0.000953126 0.00314839 -0.004171 -0.00444367 -0.00318804 -0.0025751 0.00314798 0.0026294 -0.00217573 -0.00436493 0.0124882 0.0100714 0.011153 0.000150201 0.00748155 -0.0249107 -0.0130799 0.0072844 -0.0160845 -0.0127082 -0.0394932 -0.00100496 0.00278645 -0.0203265 -0.0242467 0.176263 0.00353533 -0.00118154 0.00428801 -0.00406924 0.000164484 0.00218099 0.00409207 0.00763794 0.00334186 0.000580458 -0.00130744 0.0044451 -0.000411907 -0.00684367 -0.00258841 0.000926311 -0.0168789 -0.000549205 0.00339102 0.00121068 0.00259865 -0.00967915 -0.00153245 0.00106928 0.00199394 -0.0022561 -0.00110653 0.00953782 -0.000825394 -0.00367753 -0.00163986 -0.0026611 -0.000158597 0.0126269 -0.0138994 0.00751112 -0.000959257 0.0122849 -0.0155825 -0.00948693 -0.00668848 -0.018852 -0.0150698 0.000387368 0.000100404 0.00759095 0.0210083 -0.000404715 0.00678099 -0.000613714 -0.00260252 -0.0172118 -0.00122006 0.00815584 -0.00503977 -0.00339129 -0.00314597 -0.00260748 0.000188253 0.00181615 -0.000434906 0.00146369 -0.00428079 -0.00325963 -0.00247227 0.000884236 -0.00455599 -0.000162098 0.00307628 0.000644765 -0.00644625 -0.0017405 0.00165225 -0.00445545 
0.0052719 -0.00475556 -0.00616992 -0.0105242 -0.0120183 -0.0148205 -0.00734692 0.0043298 -0.00413134 -0.00188447 -0.0107356 -0.0123328 0.00670698 -0.00182812 0.000301289 0.0127949 0.0147984 -0.0304877 0.0226894 -0.0586152 -0.0371187 -0.0214804 0.0218805 -0.00393905 -0.0124554 0.00353533 0.241217 -0.00458321 0.00544997 0.00672443 -0.00396108 0.0622505 0.00308496 -0.00271638 -0.00378814 -0.00128803 -0.00300959 0.0193773 -0.00164062 -0.00519051 -0.00734365 -0.00397237 -0.015201 -0.0109603 -0.00127554 -0.00201777 0.00043598 -0.013162 -0.00694942 -0.0129587 -0.000357477 0.00467631 -0.00157886 -0.0112085 0.00139804 6.90812e-05 -0.00169887 -0.000817615 -0.000686379 0.0112701 -0.0105766 -0.00239168 0.000702325 0.00212259 0.0238229 -0.0110494 0.00237854 -0.0182861 -0.00153592 -0.00143199 0.000490079 -0.000642444 0.00982944 0.00336961 0.00260733 -0.00166886 0.00365277 -0.00055579 0.00310663 -0.00229996 -0.00381493 -0.0306411 -0.00476324 -0.00331075 -0.00349959 -0.00645239 -0.00156065 -0.00217999 -0.00117678 -0.00449197 -0.00336689 -0.00349786 -0.000976958 -0.00273089 -0.0038948 0.000520551 -0.00243313 -0.00228567 0.00169159 -0.00402984 
0.00235039 -0.00351054 -0.00245049 0.00212246 0.00562485 -0.00122352 -0.000251713 0.000601524 6.91956e-05 0.00371736 0.00346629 -0.00218284 -0.0136136 -0.00696428 -0.00190075 -0.00364086 0.0216762 -0.0133555 -0.0135546 -0.00255535 0.00208257 -0.0129232 0.00313828 -0.00578831 -0.0114077 -0.00118154 -0.00458321 0.104045 -0.0116145 -0.00447193 -0.000637349 -0.00964093 0.000515316 -0.0100732 0.000998749 -0.000968619 6.42766e-05 -0.00610441 -0.00166421 0.0016328 0.0021219 0.000688119 -0.00012858 0.00260025 -0.00222794 0.00170765 0.00256864 -0.00474088 0.00178183 -0.00299463 0.000128423 -0.000347253 0.00357218 -0.00258446 0.000255422 0.00942315 0.00154683 0.00338704 -0.0011585 0.00467711 -0.00249446 -0.00123042 -0.000608142 0.00463433 -0.0100061 -0.00174378 -0.00245933 -0.00523716 0.00875537 -0.000158667 -0.000158901 -0.00131367 -0.00203441 0.00191269 0.000491942 0.000132961 -4.81318e-05 -0.0116986 0.00539751 -6.30926e-05 0.00694517 -0.00488423 -0.00077098 -0.000293875 -0.00286906 -0.000471262 0.00234803 -0.00176212 -0.00248295 0.000899634 0.00128399 0.00124054 0.000663984 -0.000908352 0.0023386 -0.000485494 -0.00306181 -0.00377376 -0.00054841 -0.00159599 
-0.00286674 -0.00284889 0.00133859 -0.00597841 0.00159531 -0.00766831 -0.000762716 0.00785817 0.0061799 -0.0177374 0.00434885 0.0262498 -0.00257489 -0.00145131 -0.017556 0.00490995 -0.0299618 0.0284929 -0.0140291 -0.00751945 0.00257161 -0.0116243 -0.0170689 -0.00976291 -0.0120118 0.00428801 0.00544997 -0.0116145 0.204714 0.019658 -0.00314883 -0.00795817 0.00115901 0.00704913 -0.00315406 -0.000108222 0.00145303 0.0033053 0.00223502 -0.00460853 -0.00442476 -0.00158074 -0.0285274 -0.00585598 -0.00143212 -0.00322556 -0.00373409 -0.0161972 -0.000520414 0.00426401 -0.0023572 -0.000436579 -0.00577893 0.00386623 -0.00739126 -0.00829892 -0.0021425 0.00348576 -0.000878283 0.0113418 0.00235821 0.00021094 -0.00219955 -0.00718687 -0.0101652 -0.0113926 -0.00606618 0.0152479 -0.0134288 -0.00198239 -0.000276289 0.00571195 0.00318553 -0.0041739 0.00110697 -0.00576264 -0.00103855 -0.00518196 -0.0068497 -0.00180159 -0.0106045 -0.0132297 -0.00222649 -0.00219497 -0.00194184 0.00307857 -0.00238347 0.00298309 -0.001023 0.00399013 -0.00733113 -0.00127693 0.00113957 -0.00220358 0.0016409 -0.00298898 0.0101947 0.00462909 -0.00316123 0.00157689 
-0.00380697 0.00124624 -0.00418886 0.00174903 -0.00498613 -0.00270954 -0.00135705 0.000661911 -0.0023722 -0.0197871 -0.000984725 0.00711266 -0.0184335 -0.00948499 0.00988101 0.00761058 -0.00880356 0.00485351 0.0139597 0.00589987 0.00488005 -0.024354 -0.0143287 0.00239414 -0.0179536 -0.00406924 0.00672443 -0.00447193 0.019658 0.154816 -0.0040918 -2.67305e-05 0.00233616 -0.00323812 0.00524513 0.000640876 -0.000446656 -0.00995525 0.00257765 -0.00378318 -0.00318447 0.000908184 -0.011797 0.00232731 -0.00191338 -0.00156413 0.00185451 -0.00833348 -0.00211371 0.00492838 -0.00113393 -0.00623289 -0.00379477 0.00263602 -0.00350895 -0.00373464 -0.00158031 -0.00172625 -0.00101589 -0.00273636 0.00316325 -0.00356342 -0.00150956 -0.0104402 0.00400913 -0.000714618 -0.00759485 0.0191325 0.00346647 -0.000291139 0.000302326 -0.00687049 -0.00100465 -0.00398402 -0.000864915 -0.0028321 -0.00379263 -0.00578176 -0.00156448 -0.00968255 -0.00173574 -0.00871268 0.00481755 0.00266601 1.26901e-05 0.000536955 -0.000432674 0.00105795 0.00455004 -0.00526403 -0.00278921 -0.000971871 0.00328423 -0.00160714 -0.00218071 -0.00318951 -0.00168296 -0.00703201 -0.000486577 0.0026802 
0.00267273 -0.000681779 -0.000685096 -0.000844961 -0.000460142 -0.00175511 -0.000526627 -0.000311475 0.000970264 0.00123372 -0.00054008 0.00058618 -0.00351448 0.000284964 0.000614175 -0.00187433 -0.00322436 -0.00385141 -0.00398154 -0.000369999 0.000867241 -0.0012611 -0.00155503 -0.00272185 -0.00129125 0.000164484 -0.00396108 -0.000637349 -0.00314883 -0.0040918 0.0365109 -0.00158638 -0.000308203 -0.00156409 0.000503701 0.00038878 -0.000229915 -0.00210086 -0.000477831 0.000285841 0.000264543 2.49295e-05 0.0015281 -0.000176099 -0.000236568 0.00336377 -0.000337112 -0.00113033 -0.000643911 0.00075632 3.06483e-05 -0.000645571 0.000187376 -0.000781821 -2.70769e-05 -0.000561636 0.000146126 -0.000542817 0.000289255 -0.00236821 0.000800291 -0.000916713 -0.000127214 -0.00131424 0.00182858 -5.13342e-05 0.000454394 -0.00183465 0.00270658 6.33055e-05 -0.000126444 -0.00109739 -0.000453159 -0.000561041 -0.000468802 -0.000676738 -1.32386e-05 -3.66809e-05 0.00126488 0.000279462 -0.00153599 -7.96486e-05 0.000611866 0.000132328 0.000281886 0.000129653 0.000707876 3.23026e-06 0.000109945 0.00210621 -0.000180991 0.000395583 -0.000299104 0.000548684 0.000714325 0.0004114 -0.000454785 0.00100836 5.6495e-07 -0.000997142 
-0.00255714 -0.00802572 -0.0030017 -0.00930533 -0.00795874 -0.0181921 -0.0118653 -0.0025919 -0.00297315 0.00362433 -0.0109059 0.0093755 0.00264757 0.0080323 0.0163001 -0.00825494 -0.00768318 -0.00166744 0.0038183 -0.0382175 -0.000658904 0.000906242 0.0202944 -0.000784476 -0.0291802 0.00218099 0.0622505 -0.00964093 -0.00795817 -2.67305e-05 -0.00158638 0.232522 0.00177208 0.0112431 -0.00697569 -0.00117847 -0.00263262 0.00477826 -0.00543802 -0.000424091 -0.00132061 -0.00520254 -0.00286977 -0.00321335 -0.00161839 0.00172859 -0.00404325 -0.00654431 -0.00481157 -0.0106315 -0.00487 -0.00572287 -0.000644757 -0.00759279 0.00938138 -0.0123083 0.00107866 -0.0100594 0.00178681 0.00224696 -0.00872688 -0.00422379 -0.00132691 -0.00598533 0.0176851 -0.00650897 -0.00442365 -0.025499 0.0129284 -0.00044617 -0.00105131 -0.0143468 0.0118499 -0.000940604 -0.00536629 -0.00402151 -0.000765913 0.000283451 0.00179969 0.00174079 -0.00616638 -0.0205343 0.00225769 -0.0035838 -0.00286738 -0.00249305 -0.00335635 -0.00283788 -0.00624643 0.0105256 0.000332156 -0.00332523 -0.00505163 -0.00402483 -0.00158189 -0.00291518 -0.0122604 -0.0137483 -0.00282609 0.00321886 
-0.000746749 6.68855e-05 -0.00083668 -0.000703522 -0.00160074 -0.00235428 -0.000660934 0.00049821 -0.000382344 -0.00293273 0.000805318 0.00238172 -0.00104517 0.00218607 -0.00396859 -0.00306758 0.00124116 -0.00261028 -0.00186197 -0.00238998 -0.00167175 -0.00355988 -0.00266741 -0.00452094 -0.00800838 0.00409207 0.00308496 0.000515316 0.00115901 0.00233616 -0.000308203 0.00177208 0.0400244 0.000272988 -0.000475408 0.00060817 0.000303778 -0.000659317 0.00167647 -0.000494131 0.00174868 0.00044978 -0.00643307 -0.000129194 -8.38757e-05 0.000662682 -0.000697923 0.000287964 0.000525058 0.00125111 -0.000300328 0.00222045 4.49923e-05 -6.34376e-05 0.00121632 -0.0010078 -0.00037372 -7.92732e-05 0.000207885 -0.0036213 -0.000395559 0.0016522 0.000205607 -0.00108485 -0.00498717 -0.00162022 -0.000820667 -0.00308455 -0.00137824 0.000237155 -5.7804e-05 0.000210298 0.00542287 1.85072e-05 -0.000218242 0.000718424 -0.000538258 -0.00329389 0.00116485 0.000729453 -0.000188459 -0.00121734 -0.00155282 0.000361526 0.000158155 0.000252677 0.000551746 -0.000115815 -0.000635641 -0.00077473 0.000329675 -3.82007e-05 0.000668583 0.000196759 8.21626e-05 -0.000217339 -0.00114756 -0.00178241 0.000192777 0.000673557 
-0.00677038 0.00821569 -0.0101811 -0.00568528 -0.00118392 -0.00827302 0.004062 0.00256451 -0.00540538 0.00242963 0.0158584 -0.00400098 -0.0054065 -0.010054 0.00435239 -0.0132576 -0.00333427 0.00646141 -0.0273075 0.0304675 0.00813762 0.0157963 -0.035643 -0.00286653 -0.0130861 0.00763794 -0.00271638 -0.0100732 0.00704913 -0.00323812 -0.00156409 0.0112431 0.000272988 0.187459 -0.00247669 0.000478871 -0.000825216 -0.0078105 -0.0022343 0.00181429 -0.00687552 0.000509954 -0.0143681 -0.00219234 0.00154804 0.00130647 -0.00269954 -0.0138877 0.00237323 0.0032698 -0.00109747 0.0065739 -0.00625418 -0.00266975 0.00282039 -0.006664 -0.00266373 -0.0054212 -0.000192639 -0.00403935 -0.0134201 0.00400102 -0.00375975 0.00136016 -0.0234376 -0.00491539 -0.00328048 -0.0165309 -0.00408617 -0.00179462 1.76006e-05 -0.00153738 -0.0112832 -0.00382562 0.00550787 0.00378176 0.00096872 0.0131467 0.0032894 0.0152887 -0.00613959 -0.00678347 0.00239593 -0.00286374 -0.000793622 -0.0015066 6.36268e-05 0.00376901 -0.00724279 -0.00625808 -0.00550155 -0.00341568 0.00012877 -0.00158414 0.00131867 -0.000555631 0.000414487 -0.00512957 0.000166757 -0.000256616 
