0.107366 -0.000919865 -0.00362975 -0.000547791 0.00179497 -0.00349509 -0.00358094 -0.00122644 -0.00211337 0.00571465 0.00660216 -0.000648227 -0.00193033 -0.00363184 -0.000773166 -0.00194234 -8.21275e-05 0.00622119 0.00579015 -0.00694289 -0.00122641 -0.00558509 -0.00237519 0.00179112 -0.00711773 -0.00312068 -0.0078384 -0.00855326 -0.008533 0.00131449 -0.00138224 -0.00516652 -8.7773e-05 0.00691037 0.000396125 -0.00271974 0.00449389 -0.00141025 0.00721719 -0.0101938 0.0004112 -0.0044107 -0.00121758 0.00280591 -0.00218971 -0.00342742 -0.00289487 0.00014234 0.00437608 -0.000942076 -0.000549135 -0.00424719 0.000143714 -0.0103608 -0.00257343 -0.00043586 -0.000753754 -0.00112146 0.000682108 0.00100044 -0.00370126 -0.000688426 0.0073119 -0.00302273 0.00101322 -0.00218723 0.000597494 -0.00484566 -0.00287632 -0.000557395 0.00169675 0.00119553 0.0072359 0.000639629 -0.000938558 -0.00358108 0.000885401 -0.000565737 -0.00109652 -0.0030291 -0.00335152 -0.000994328 -0.000827992 -0.00250923 0.00340756 -0.00119459 0.00092001 0.00139746 -0.000726077 -0.00164741 -0.00304989 -2.26214e-05 -0.00214604 -4.66823e-05 -0.00207262 -0.00389055 0.0018282 -0.0117117 2.20801e-05 -0.000146031 
-0.000919865 0.0604306 0.000594425 -0.00057114 0.000122404 0.00817427 -0.000872397 0.000386523 -0.000308431 0.00115196 -0.00414842 0.00147136 0.000807469 -0.00280278 -0.00231226 -0.00608915 0.0020487 -0.00829517 0.00148103 -0.00184854 0.00385737 -0.00582299 -0.00841618 0.00464213 0.000264085 -0.00627336 -0.000116062 0.000524429 -0.00461765 0.000953874 0.00105636 -0.00149546 -0.00167248 -0.0027724 0.000550259 -0.00145938 0.00576569 0.00133463 -0.00222288 -0.00241918 -0.0017439 0.00371903 -0.00445564 -0.00299496 -0.0049663 -0.00127568 0.00072379 0.000105149 0.00202443 -0.00273792 -0.000233934 -0.000472189 -0.00147564 0.0014355 -2.42912e-05 3.89272e-05 -0.00178989 -8.81549e-05 -0.000288429 -0.00012733 5.25378e-05 0.00121738 -0.00175475 -0.000345394 0.00632552 -0.00122221 0.000544139 -0.000675339 -0.00304863 -0.000494941 0.00017644 0.000181276 0.000523733 -0.0021983 0.00015654 -0.00176018 0.000222798 -0.00175036 -0.00141335 -0.000230932 -0.00237965 -0.000188174 -0.000996024 -0.000889399 -0.00211764 0.000214801 0.00173143 -0.00124635 0.000865993 -0.00184969 -0.00179012 7.15181e-05 -0.00138078 -0.00182475 -0.00135289 0.000506287 -0.000586984 0.00107846 -0.00050005 0.00259398 
-0.00362975 0.000594425 0.0652443 -0.00142149 0.00249292 0.00229709 0.00164156 0.000895151 0.00123036 -0.00568837 -0.00376465 0.000778783 -0.0030031 -0.00947234 -0.000806216 -0.00329237 -0.00418251 -0.00129648 8.70602e-05 -0.00612559 -0.00495762 0.000787015 -0.00107545 -0.0113765 -7.09651e-05 -0.00462658 0.00986251 0.00642602 -0.00369722 -0.00226202 0.00143317 -0.00405191 -0.00158446 0.00188088 -4.64516e-05 0.00172559 0.000153964 -0.000173352 -0.00352197 -0.00202327 -0.00101906 0.00100693 -0.00245226 -0.000256973 -0.00981506 -0.00413294 -0.000429495 0.00119559 0.000185309 0.00162335 -0.000211341 0.00561109 0.000689567 1.16702e-05 -0.00118833 5.00872e-05 -0.00197449 0.000392727 -0.00111966 -0.000782501 -0.00292813 0.00141241 0.000506549 6.76569e-05 0.00982748 0.00012572 -0.00135866 0.00187027 0.00244102 0.0002258 -9.68246e-05 -0.000456129 -0.00339087 -0.00150088 0.000163067 -1.22369e-07 -0.000646957 0.000563961 -0.000976238 -0.000709191 0.000193676 -0.000769863 4.45015e-05 0.000804627 -0.00297695 -0.000411313 -0.000186183 -0.000300928 0.000557793 -0.00143757 -0.00100915 -6.10282e-05 -0.0022177 -0.00214865 0.00435729 -0.00357299 -0.000538826 0.00305691 -0.000109398 -0.00117863 
-0.000547791 -0.00057114 -0.00142149 0.0400303 -0.00142688 -0.00123653 0.00076219 -0.000275371 0.00186755 0.0023791 0.00139442 0.00234752 -0.00746164 0.00199281 -0.000135104 -0.00183046 0.00263786 -0.00126214 -0.00350055 -0.00251809 -0.00172215 7.83574e-05 -0.00262687 0.00343134 -0.00351945 -0.00099669 -0.00334108 -0.0016419 4.60072e-05 -4.93841e-05 0.00140599 0.00123335 0.00137354 0.000687808 -0.00032048 0.00143298 -0.00151868 -0.000658086 0.000699065 -0.000973404 0.00130438 -0.00156161 5.99322e-05 -0.000305653 -0.00207421 -0.00128995 -0.00147202 0.000251495 -0.00111867 0.000694883 -0.00111121 -0.00436527 0.000692053 0.00193473 0.000396611 -8.38936e-05 -0.00033825 0.00054009 -0.000881101 -0.000100719 -0.000637067 -0.000341291 -0.000244721 -0.00121039 -0.00309253 -0.00111411 0.000698818 0.000760734 -0.00183317 0.000266224 -0.000455638 0.00106798 -0.00272998 -0.00204782 0.000591831 -8.53792e-05 0.00175103 -0.000166069 -0.000963635 -0.000105407 -0.00165053 -0.000205224 -0.000682377 -0.00119452 0.000849878 0.000738164 -0.000228344 0.000769672 -0.000156803 -0.00123407 -0.000778128 -7.62302e-05 1.92025e-06 0.00221493 0.000557812 0.000318899 0.000241811 -0.00367044 -0.000391009 -0.000951245 
0.00179497 0.000122404 0.00249292 -0.00142688 0.0803146 0.00198725 -0.0028782 0.0033431 0.000505336 0.00599191 -0.00382051 -0.00401252 0.00409415 -0.00685308 -0.00474799 -0.00301275 -0.00872498 0.0093568 0.000502643 -0.00833326 -0.0184186 -0.00232159 -0.00938358 -0.0111682 0.00209985 -0.0113491 0.0162935 0.000652481 -0.00584361 -0.00566162 -0.00189183 0.00390969 -0.00133186 0.00361673 -0.0059696 -0.000892699 -0.0020916 -0.00118428 0.00350088 0.000787303 0.000886755 -0.00419539 -0.00240347 -0.00297518 -0.0051117 0.0027496 -0.00161935 0.000615601 -0.0009282 0.00150513 0.00140723 -0.00228364 -0.000419945 0.00206191 -0.00139188 0.00028061 0.000440568 -0.000261959 -0.00138797 0.00390506 -0.00104566 -0.00030001 -0.00150705 -4.19117e-05 0.0051888 -0.00349159 -0.000236714 -0.000466226 0.000785026 -0.000790763 0.00293527 0.00117871 -0.00109986 -0.00123208 -0.00052097 -0.0013078 0.00155509 -0.000983538 0.000275017 -0.000380062 -0.00130937 -0.000911078 -0.00218465 2.45645e-05 0.00229296 0.00193509 0.00118945 -0.000328773 -0.000250368 0.000371005 -0.00122305 0.000942598 -0.00171325 -0.00134317 0.0031583 -0.00526592 -0.000609037 -0.00167014 -0.00177089 -0.000769951 
-0.00349509 0.00817427 0.00229709 -0.00123653 0.00198725 0.170936 -0.00174363 8.17464e-05 0.00135868 -0.00275428 0.00385467 0.00159719 0.012104 -0.00443329 0.00399723 -0.0263422 -0.00923153 -0.00261106 -0.00158877 -0.00512271 -0.0134467 0.00290823 -0.0157431 0.0111564 -0.00927707 -0.0172216 0.00520315 -0.00613914 -0.0170564 0.00576259 -0.00113328 0.00511773 0.00804909 -0.0206109 0.0065378 -0.00468067 -0.0015031 0.00252321 -0.0033971 -0.00262502 -0.00570272 0.00701321 -0.00803896 -0.0019293 -0.00551901 -0.00949309 -0.000942896 -0.0010894 0.00365775 -0.000517378 -0.000166339 0.000322017 -0.00161218 0.00101956 0.00291504 -0.000101263 0.00793734 0.00055878 -0.00404885 -0.00047374 -0.00396801 0.00015004 -0.00488249 -0.0020752 -0.00752553 -0.0120812 -0.000245392 -0.000798502 -0.00452717 -0.000465477 -0.000100656 0.00265384 -0.000333782 -0.000745264 0.000232446 -0.000923753 -0.00594479 -0.0003223 -0.0062478 0.00518763 -0.00353427 -0.00219199 -0.00771123 0.00420555 0.00378063 0.00113101 0.000472659 -0.00087639 -0.000237272 -0.00512959 -0.00285612 -0.000295635 -0.00523731 0.000979828 0.00190453 -0.000253493 -0.00263733 -0.00394768 0.00245267 -0.00309656 
-0.00358094 -0.000872397 0.00164156 0.00076219 -0.0028782 -0.00174363 0.0903499 0.00177229 -0.000771245 -0.0116474 -0.00257561 -0.0013093 -0.00206289 -0.00323002 -0.00054555 -0.000264822 -0.00102691 -0.00664862 0.00367715 -0.00377723 0.00225386 0.00847989 0.00740716 -0.00936788 -0.0135724 0.000516418 -0.00095109 -0.000487528 -0.00191934 -0.00289557 -0.00331164 0.00343649 -0.00371271 -0.00842821 -0.00148634 0.00176641 -0.00580815 -3.30848e-05 -0.00232498 -0.00186853 0.000805827 0.00612969 -0.00182828 0.000607275 0.0030164 0.00029364 -0.00117215 0.00116411 -0.00187923 0.00533823 -0.0014916 0.000529318 -0.00361113 -0.00931647 0.000387892 -0.000509329 -0.000405711 0.00132275 -0.00167033 -0.00108407 -0.00454983 -0.00119093 0.00379599 0.00123558 -0.0127004 0.0010738 -0.00157098 -3.29719e-05 -0.000513666 0.00112286 -0.000413992 0.00188428 -0.00820736 -0.0031453 -0.000333797 0.000365335 0.0024218 -0.00243774 0.000862082 0.000528372 -0.00190091 -0.00185816 -0.00383314 0.00272486 -0.00307642 -0.000607993 -0.00109897 0.000521975 0.00143282 0.00290027 -0.00139271 -0.000497042 -0.00190365 0.0010217 -0.00154204 0.0060836 -0.000949789 0.00536559 0.00135267 -0.000523668 
-0.00122644 0.000386523 0.000895151 -0.000275371 0.0033431 8.17464e-05 0.00177229 0.0463054 -0.000232107 0.0022346 0.000742363 -0.00150672 -0.00188372 0.00063104 -0.001724 -0.0044597 2.71231e-05 -0.00554561 0.000471973 -0.00510123 0.00309313 -0.00464063 -0.00519308 -0.00346899 -0.00122642 -0.000973952 0.00642964 0.00117538 1.33392e-05 -0.00172154 -0.000375849 -0.00278601 0.00158053 -0.00236193 0.0021091 -0.000455166 -0.000769485 4.25411e-05 -2.40092e-05 -0.00209305 -0.00120825 0.00128402 -0.000953024 -0.0012288 -0.00540595 -0.00527904 0.000201422 0.00112127 0.000285115 0.00266228 -0.000750367 0.000433 -0.00169953 -0.00659783 -0.00067343 0.000130312 0.000286971 -0.000287771 0.00109217 -0.000729659 0.000380308 -0.000579632 -9.48178e-05 -0.00120693 0.000877408 -0.00142136 0.000933974 0.00247252 0.000261523 -0.000349746 -0.000271283 0.000200627 -0.00464065 0.000451588 0.000332496 0.0014962 0.00276139 -0.00230335 0.000938711 -0.000329343 -0.00032715 -0.00111855 -0.00182134 0.00141528 -0.000640725 -4.39831e-05 -3.15032e-05 0.000239084 -0.000145052 -0.000204714 0.000266664 0.00019121 -0.00178342 -0.00236324 -0.00109362 -0.00196005 7.58917e-06 0.00420358 -0.000594154 -7.83438e-05 
-0.00211337 -0.000308431 0.00123036 0.00186755 0.000505336 0.00135868 -0.000771245 -0.000232107 0.0640173 -0.00581446 0.00156832 0.00137566 -0.0039485 -0.00270821 0.00443632 -0.0118989 0.010155 0.00539896 -0.0166706 0.000577756 -0.00490796 -0.00297236 0.00223578 -0.00434257 -0.0155049 -0.000511916 -0.000150854 -0.00415553 -0.00471692 0.000665345 -0.00312839 0.00924739 -0.0025765 -0.00360869 0.00138081 -0.000914613 -0.00361761 0.000975155 0.00142356 -0.00311487 -0.00251784 -0.0022228 0.000512913 -0.00378864 -0.00260336 -0.0009877 -0.00226868 -0.000556161 0.00172883 0.00162262 -0.00114961 -0.00228303 -0.00184183 -0.00953831 0.00103356 -2.02935e-05 -0.00355493 0.000986337 -0.000294438 -0.000470927 -0.00045314 0.000677545 0.00050951 0.00239671 -0.00541588 -0.000246175 0.000801388 -0.00278702 -0.00312905 0.000178558 -1.78266e-05 -0.0011844 0.0023281 0.00415253 0.000770546 -0.00198101 0.00381684 0.0029742 0.00268951 0.00305968 0.000653295 0.00285884 -0.000473688 0.00523183 -0.000242248 -0.000206082 0.00143205 -0.000343601 -0.000214251 0.00165807 -0.00203065 0.000489191 -0.00262652 0.00120865 0.000519314 0.00397723 -0.000266215 -0.0023151 -2.54137e-06 3.63288e-05 
0.00571465 0.00115196 -0.00568837 0.0023791 0.00599191 -0.00275428 -0.0116474 0.0022346 -0.00581446 0.207268 0.00975877 0.00263993 0.0390671 -0.00608825 0.000360058 0.00113863 -0.00761476 -0.0298842 -0.00163918 -0.042817 0.00486513 -0.0165366 -0.0607344 0.0208096 0.0211106 -0.0110023 -0.0163678 -0.0125323 -0.000488185 -0.0169582 0.00391129 -0.00463662 0.00598322 0.0277303 -0.000355214 -0.00997676 0.0174283 -0.00394196 -0.0151243 -0.00425915 0.00408848 -0.000716823 -0.0195381 0.0104548 -0.00536955 -0.0163798 -0.00119583 0.00498589 -0.00177031 -0.00369398 0.00166335 0.0133612 0.00170503 0.0156719 0.00387386 0.000129361 0.00201378 -0.000226395 -0.00494778 0.00656159 -0.00289042 0.00047958 -0.00377548 -0.00842988 0.0146995 -0.00741602 0.0026155 -0.00414142 -0.00436659 -0.000900356 -0.00330345 0.00498402 0.000744267 -0.00891945 -0.00192137 -0.00305688 -0.00493868 0.0066497 -0.00809013 -0.00357729 0.000624429 -0.00348917 -0.000706031 -0.00194433 0.00741121 0.00448916 -0.00410807 -0.00107062 -0.00153614 -0.00591939 -0.00746672 0.00294331 -0.00242732 -0.000122469 -0.0011334 -0.0139638 -0.00267995 -0.0285506 -0.00578378 -0.00236386 
0.00660216 -0.00414842 -0.00376465 0.00139442 -0.00382051 0.00385467 -0.00257561 0.000742363 0.00156832 0.00975877 0.122247 0.00617017 0.0056141 -0.00561947 0.00338857 -0.00277381 0.00318018 -0.0105053 -0.0106232 -0.0057589 -0.000455973 -0.0192619 0.00199374 0.0021575 -0.00018719 -0.00739569 -0.00910407 -0.0140549 0.00598814 -0.0104965 -0.00302258 0.000175453 -0.00199692 -0.00544084 -0.00212773 -0.00140689 0.001285 0.000283375 -0.0043059 -0.0053575 -0.00123866 -0.00201652 0.0044787 0.0014768 -0.00200307 -0.00423379 -0.000825184 -0.00201196 0.00324283 0.00562118 -0.00101262 0.000814561 -6.13392e-05 -0.00492585 -0.00278109 -0.000452538 -0.00100891 0.00119593 -0.000378294 0.00630313 -0.0044262 0.00150108 -0.00229142 -0.00262538 -0.00416379 -0.00130733 0.00373615 -0.00501303 -0.00448276 -0.000232835 -0.00137756 0.00118337 0.00179026 -0.00549856 -0.000832032 -0.00486571 -0.00179317 0.00070469 -0.00268926 0.00506839 -0.00125238 -0.000218905 -0.00668708 -0.00196673 0.0144658 0.00166592 -0.00141427 0.00228159 0.00170269 -0.00157309 -0.00213929 4.23482e-05 -0.00217341 0.000982426 -0.0053931 -0.0021112 -0.000321148 -0.00800354 -0.00184832 -0.000806021 
-0.000648227 0.00147136 0.000778783 0.00234752 -0.00401252 0.00159719 -0.0013093 -0.00150672 0.00137566 0.00263993 0.00617017 0.0709363 -0.00990197 0.00330238 0.00467554 -0.00860615 0.00148917 -0.0084832 -0.0140644 -0.00204657 0.00458209 -0.00699804 -0.00334703 0.00696787 -0.00958646 -0.000740758 -0.013114 -0.00377618 -0.00084193 0.00198241 -0.00126506 -0.000590328 0.000459355 -0.00596886 0.00305535 -0.000352427 -0.00174634 -0.000124824 0.00154549 -0.000177419 0.00142792 -0.00334112 0.0037006 0.00268799 -0.00646718 -0.00381044 -0.00263979 -0.000264431 -0.000862745 0.00302947 -0.000170317 -0.00322734 0.000805753 0.00176769 0.00274855 0.000126155 -0.000102837 -1.63362e-05 0.000278722 9.93214e-05 -0.000489888 0.00373527 -0.000778633 -0.00243629 -0.00332725 -0.00214512 0.00145941 -0.000688834 -0.00362707 -0.000217 -0.000331645 0.000262525 -0.00498725 0.000495109 0.000811653 -0.00220101 0.00412747 0.00133961 -0.00114556 0.000235097 0.000355857 0.00206751 0.00749268 0.00486898 0.0038523 0.00036597 -0.000418079 -0.00113276 -0.00108448 -0.000420113 -0.00302685 0.000108334 -0.00107159 -0.00269366 -0.00174614 0.000859588 -0.000503227 -0.00650335 -0.00137217 -0.00202695 
-0.00193033 0.000807469 -0.0030031 -0.00746164 0.00409415 0.012104 -0.00206289 -0.00188372 -0.0039485 0.0390671 0.0056141 -0.00990197 0.24944 -0.01545 -0.00363926 -0.0159887 -0.0182479 0.000985191 -0.00519764 -0.046709 -0.0106687 0.025898 -0.0552357 -0.00668393 0.0244244 -0.00352233 0.0190534 -0.0107099 0.00495505 -0.00798773 -0.00544019 -0.00318599 -0.000437832 0.00102918 -0.00993026 -0.00723882 -0.000701456 -0.00189762 -0.0134957 0.000677261 -0.0121311 0.0310309 -0.012838 0.00404867 -0.00770597 -0.00605649 0.00835078 -4.47996e-05 0.00050304 -0.00619694 0.000669321 0.0235218 -0.00418931 -0.00968931 -0.00920973 -0.000333492 -0.00687122 -0.00226682 -0.00780802 0.00451737 0.000806549 -0.00141267 -0.00438732 -0.0184347 0.0248112 0.0208352 -0.00278746 0.00265399 0.00155313 -0.00170086 -0.000604403 0.00339623 0.00110822 -0.00926722 -0.00157472 0.000934097 -0.00974093 -0.0185762 -0.00507637 -0.00160067 -0.00727316 -0.00868856 -0.00963714 -0.00516256 0.00468735 -0.000142337 -0.00237022 -0.00593668 -0.00193962 -0.00645644 -0.00731787 0.00199788 0.00658846 0.0106476 -0.00267579 -0.00379245 -0.00446761 -0.0320501 -0.00826315 -0.0015715 
-0.00363184 -0.00280278 -0.00947234 0.00199281 -0.00685308 -0.00443329 -0.00323002 0.00063104 -0.00270821 -0.00608825 -0.00561947 0.00330238 -0.01545 0.180222 0.00404772 -0.0158098 -0.00351574 -0.00912376 -0.00464114 0.00641351 0.000354262 -0.0190654 0.00292079 0.0215423 -0.0232252 0.0171841 -0.013465 -0.00642611 -0.00356018 0.0145211 0.00480289 -0.00949546 0.0075321 -0.00252361 -0.0132231 -0.0073782 -0.01016 -0.00342273 0.0103312 0.00496561 -0.00258034 -0.00457088 0.00882023 -0.000449674 0.00280474 -0.0156372 -0.0039187 -0.001429 -0.00319495 -5.65391e-05 -0.00590987 -0.0166444 -0.00447117 -0.011775 -0.000602029 -0.000457279 -0.00282967 -7.8422e-05 0.00391298 -0.00548514 0.0148244 -0.00142283 0.000402208 -0.00174176 -0.0111013 -0.00249363 -0.00196349 -0.00887281 0.000176491 -0.00276599 -0.00151496 -0.00312021 -0.00827844 0.00748251 -0.00115858 0.00416471 -0.00537692 0.00258187 0.00383927 -0.00218459 0.00837068 0.00554883 -0.00820592 -0.0004853 0.00499401 -0.00220848 0.00348218 -0.000189774 -0.00143432 -0.00197782 0.00657931 -0.000429446 0.004621 -0.00264028 -0.00868542 -0.00377018 0.00271907 0.0111656 -0.00527916 -0.00453713 
-0.000773166 -0.00231226 -0.000806216 -0.000135104 -0.00474799 0.00399723 -0.00054555 -0.001724 0.00443632 0.000360058 0.00338857 0.00467554 -0.00363926 0.00404772 0.107933 -0.00922126 0.0131014 -0.00986032 -0.0098886 0.00276588 0.0130997 -0.0118708 0.00387022 -0.00576414 -0.0165467 -0.00994951 -0.0156034 -0.0125027 -0.00628386 0.00413867 0.00160867 0.0026027 -0.0034258 -0.00691971 0.00461431 -0.000379633 0.000456455 0.000594069 -0.00202724 -0.0025836 -0.00282098 -0.00640919 0.00515118 -0.00156153 0.00800369 -0.00603637 -0.0027325 -0.000511031 -0.00257171 -0.0032889 -0.00210548 0.00407709 0.000436368 -0.00921267 0.0010198 -0.000473819 -0.00121561 2.62877e-05 -0.000488322 -0.00174342 -0.000547379 -0.000638597 -0.00177686 -0.000463284 -0.0134116 0.00295368 -0.00264351 -0.0027965 -0.00603875 -0.00128288 -0.000243153 -0.00230984 0.00755481 0.00183709 -0.000877707 -0.00241835 -0.00302393 -0.00274673 0.00679588 0.00158715 0.000159164 0.000557129 -0.000424242 -0.000306988 0.00709703 -0.00114607 0.000426593 -0.000202104 -0.00223336 0.00108569 0.00242188 5.0757e-05 -0.000313382 -0.00319577 0.000470664 0.010881 0.000198609 -0.00949341 0.000446996 -0.00171245 
-0.00194234 -0.00608915 -0.00329237 -0.00183046 -0.00301275 -0.0263422 -0.000264822 -0.0044597 -0.0118989 0.00113863 -0.00277381 -0.00860615 -0.0159887 -0.0158098 -0.00922126 0.248759 -0.00296882 -0.00829391 0.0155465 -0.0047803 -0.0195402 0.00839069 0.020826 0.00875532 0.0270647 0.0115733 -0.0265552 0.0109909 0.00870676 -0.0245962 -0.00518817 -0.0140852 0.000672178 0.0207054 0.00270383 0.00528684 -0.0209021 -0.00184739 -0.0166436 -0.00732786 -0.00135907 -0.0232384 0.017512 0.00686738 0.00829743 -0.0066091 -0.00494923 -0.000428052 -0.00293608 -0.0122777 -0.00494311 -0.0300852 -0.00642648 0.011528 0.00254687 -0.00047616 0.00453923 -0.00229439 -0.00184076 0.00210242 0.00143687 -0.0010538 -0.000768589 0.0010805 0.0146699 -0.00681503 -0.00370698 -0.00566264 0.00523707 -0.00177207 -0.00547942 -0.00377022 -0.00730293 -0.00873965 -0.0023194 -0.00354647 -0.00661327 -0.00135996 -0.00222909 -0.00862085 -0.00132037 -0.000539381 0.0054691 -0.00701595 -0.00232793 0.00176824 -0.00410398 -0.00511219 -0.00135294 0.0030902 0.00147268 -0.00206531 -0.00316051 -0.00587453 -0.0086521 -0.0111657 -0.000955697 0.0137384 -0.0012838 -0.00566025 
-8.21275e-05 0.0020487 -0.00418251 0.00263786 -0.00872498 -0.00923153 -0.00102691 2.71231e-05 0.010155 -0.00761476 0.00318018 0.00148917 -0.0182479 -0.00351574 0.0131014 -0.00296882 0.162719 -0.0134969 -0.0113963 0.0109075 0.0189047 -0.011927 -0.00172612 0.00281806 -0.000554453 0.00439785 -0.0143392 0.00667458 0.0116598 0.0103032 0.00363113 0.00192124 3.55973e-05 -0.00557651 -0.00323454 -0.000893069 -0.00605683 -0.000446428 0.00149487 0.00636532 -2.24423e-05 -0.00829811 -0.00248904 -0.0119382 -0.008823 0.00126543 -0.00581115 -0.00234696 -0.002324 -0.00236271 -0.00840856 -0.017364 0.0032443 -0.0179496 -0.00851464 9.30141e-06 -0.00473851 0.00132961 0.00283463 -0.00478295 -0.00549253 -0.00795577 0.000593743 0.00414565 -0.0208274 0.0098279 0.00252939 -0.00729299 -0.00831144 0.00042497 0.000515463 -0.00154616 0.00601392 -0.000529809 0.000468476 -0.002231 0.00700836 -0.00469334 0.00489017 0.00211539 -0.000649481 0.00044455 -0.00387495 -0.00368775 0.000572542 -0.00154829 -0.00111819 -0.000224552 -0.00191071 -0.000783638 -0.00548855 0.000536293 -0.00818201 -0.0054453 -0.00799562 0.00943571 -0.00284103 -0.00426488 -0.000115062 0.00574849 
0.00622119 -0.00829517 -0.00129648 -0.00126214 0.0093568 -0.00261106 -0.00664862 -0.00554561 0.00539896 -0.0298842 -0.0105053 -0.0084832 0.000985191 -0.00912376 -0.00986032 -0.00829391 -0.0134969 0.227484 0.0125994 -0.00380926 -0.0461575 0.00797906 -0.00587287 -0.029641 -0.040923 -0.011441 0.0102037 -0.00321144 -0.0258987 0.00975981 -0.0063332 0.00198501 0.00525002 -0.00195882 -0.00119908 -0.0015833 0.00213739 -0.00168445 0.0138465 -0.00773315 0.00384513 -0.00298577 0.00183536 0.0112421 0.0127072 0.0189047 -0.00387313 -0.00359283 0.00252955 -0.00500875 -0.00414137 -0.00327985 0.00438675 -0.00610864 0.00216488 -4.85007e-05 0.00884633 0.001445 -0.00238242 -0.00186247 0.0114192 -0.00255633 -0.00166551 0.00426577 -0.0246487 0.00549912 -0.00191574 0.00348878 0.00252695 0.00119369 0.00274102 -0.00220783 0.0171795 -0.00525896 -0.00116086 0.00747883 -0.00303168 -0.00432716 -0.00480057 0.000484921 -0.00919755 -0.00199171 0.00177968 -0.00555485 -0.0148312 0.000468918 0.00115476 -0.00535425 -0.000847322 -0.0041815 -0.00272049 -0.000260572 -0.000317964 6.948e-05 0.00730415 -0.000512557 1.09314e-05 -0.0153554 0.00115473 -0.000598259 
0.00579015 0.00148103 8.70602e-05 -0.00350055 0.000502643 -0.00158877 0.00367715 0.000471973 -0.0166706 -0.00163918 -0.0106232 -0.0140644 -0.00519764 -0.00464114 -0.0098886 0.0155465 -0.0113963 0.0125994 0.17103 0.000189093 0.00331129 0.00920853 0.0215224 -0.0193998 -0.00529172 -0.00705255 0.0106445 -0.0025849 -0.00530985 -0.0097634 -0.00119467 -0.017412 -0.0164643 0.0118881 0.00179223 -0.00186757 0.000363314 -0.0041166 0.00253397 -0.00602609 0.00626018 -0.000819448 -0.00905419 0.00647115 -0.0213782 0.00455929 0.00157164 -0.00488599 -0.00115995 -0.00292138 -0.00472404 0.00463148 -0.00457082 0.00938517 -0.00107053 -0.00120688 -0.00216275 -0.000906516 -0.00511044 -0.00391258 -0.00169164 -0.00222099 -0.00534696 -0.00212011 0.0179176 0.00323252 -0.00259115 -0.00193068 0.00780766 -0.000793749 -0.00168678 0.00309391 0.00278197 -0.00577172 -0.0043396 0.00265739 0.000303098 -0.00475748 -0.00474616 -0.00884657 0.000595285 -0.0117138 -0.0129311 -0.00652337 -0.00670769 -0.00363653 -0.00102962 -0.00174119 0.00233222 -0.00372445 0.000796556 -0.000901221 -0.000628702 0.00196095 -0.0044789 -0.00409237 -8.30306e-05 -0.000709169 -0.00110413 -0.0025711 
-0.00694289 -0.00184854 -0.00612559 -0.00251809 -0.00833326 -0.00512271 -0.00377723 -0.00510123 0.000577756 -0.042817 -0.0057589 -0.00204657 -0.046709 0.00641351 0.00276588 -0.0047803 0.0109075 -0.00380926 0.000189093 0.249963 0.0323416 -0.025003 0.0286625 -0.00614798 -0.0256618 -0.0103328 -0.0174493 0.00764003 0.00741594 0.00953709 -0.00681824 0.00450252 -0.00597338 -0.0402119 0.00128557 0.00587572 -0.00515309 -0.00612362 -0.00393064 0.00806239 0.00234138 -0.00622071 0.00879032 -0.0204828 0.0124861 0.0249507 -0.00869832 -0.00280137 -0.00213711 -0.00968534 -0.00273544 -0.0127766 -0.00148238 0.0229033 -0.0117825 -0.00098678 -0.00181602 -0.00123118 -0.000455591 -0.0114174 -0.00946564 -0.00781448 -0.00561314 0.0182718 -0.0394998 -0.0142419 -0.00245694 0.00494458 0.00220903 4.18206e-05 0.000499433 -0.00470174 0.00296053 0.00266042 -0.000782737 -0.00901858 -0.00135664 0.00382869 0.00987312 0.0045605 -0.00436572 0.00467962 -0.0152055 0.00379891 -0.000305867 -0.00172478 -0.00288572 -0.000734099 -0.00654909 0.00963913 0.00736775 -0.00303022 0.00715218 -0.0146568 -0.00639263 -0.000801662 0.00326296 0.00498738 0.00787106 -0.00141069 
-0.00122641 0.00385737 -0.00495762 -0.00172215 -0.0184186 -0.0134467 0.00225386 0.00309313 -0.00490796 0.00486513 -0.000455973 0.00458209 -0.0106687 0.000354262 0.0130997 -0.0195402 0.0189047 -0.0461575 0.00331129 0.0323416 0.248224 -0.0328446 -0.00449113 -0.00389813 0.00958447 8.18992e-05 -0.00600647 0.0110177 0.0204817 0.00131811 -0.00236675 -0.0248577 -0.0187522 -0.0113009 0.00963876 -0.00617149 0.0072144 -0.00174016 -0.00815257 0.0117799 -0.00858225 0.00254763 -0.0118802 -0.0184668 -0.00460712 -0.0174738 -0.0108211 0.000100523 -0.00537776 0.00189795 0.00228189 -0.0084069 -0.00441183 0.0051047 0.000658764 -0.000821877 -0.00962797 -0.00126307 0.00502073 -0.0126904 -0.00583065 -0.00919431 0.00339631 -0.00603691 -0.00283754 -0.00430708 -0.00105516 0.000508393 -0.00621958 -0.00144023 -0.00223918 -0.00378302 -0.0100281 0.00294897 -0.00237984 -0.00607435 0.0119934 0.00618742 0.00644977 -0.00609858 0.00438664 0.000706123 0.00494715 -0.00148495 -0.00224697 -0.00472306 -0.00595143 0.001747 -0.000366055 0.00282905 -0.00429866 -0.000879288 -0.00233502 -0.0164436 -0.00708053 -0.00381024 -0.000222784 0.0091745 0.000797326 -0.00580648 
-0.00558509 -0.00582299 0.000787015 7.83574e-05 -0.00232159 0.00290823 0.00847989 -0.00464063 -0.00297236 -0.0165366 -0.0192619 -0.00699804 0.025898 -0.0190654 -0.0118708 0.00839069 -0.011927 0.00797906 0.00920853 -0.025003 -0.0328446 0.249996 -0.0149822 -0.0183748 0.00525052 -0.00168581 -0.00694691 0.0123993 -0.0133399 -0.00275934 0.00383244 -0.0100476 0.000393332 -0.0115805 -0.00616048 0.00160307 -0.0139692 0.00346611 0.000185522 0.00833717 -0.00110723 0.0146971 -0.0160385 -0.0172571 -0.00728489 0.00460948 0.0121294 0.000703064 0.00529614 -0.00873867 -0.00310476 -0.00172426 0.000377159 -0.0142244 0.00109232 -0.000345633 0.00931574 -0.000902272 0.000593481 -0.0123496 -0.0149635 -0.00405049 1.34491e-05 -0.0026164 0.00585499 0.0126323 -0.00329481 0.000981191 -0.00143091 -4.88424e-05 0.000679624 0.00414375 0.000587916 -0.00071281 -0.000424932 -0.0015233 0.00219022 -0.0080641 -0.00306761 -0.00628332 -0.00745081 -0.000567124 -0.00886214 -1.67385e-05 -0.0230371 -0.0021118 -0.0063602 3.07222e-05 -0.0054895 0.00151153 0.00394741 -0.000330395 -0.00651198 0.00361832 0.00310599 0.025526 -0.00232354 0.000108184 1.58074e-05 -0.00563746 
-0.00237519 -0.00841618 -0.00107545 -0.00262687 -0.00938358 -0.0157431 0.00740716 -0.00519308 0.00223578 -0.0607344 0.00199374 -0.00334703 -0.0552357 0.00292079 0.00387022 0.020826 -0.00172612 -0.00587287 0.0215224 0.0286625 -0.00449113 -0.0149822 0.237775 -0.0124598 -0.025722 0.00345066 0.00922538 -0.0203299 0.00436109 -0.00756964 -0.0109694 0.0121892 -0.0170939 -0.0234714 0.00514267 0.00268813 -0.0110879 0.000771869 0.00669947 -0.0265862 -0.00192834 0.00746551 0.0167965 0.00428313 -0.000212774 0.00334414 -0.00425754 -0.00527642 -0.00134156 -0.0042239 -0.0109713 -0.0035457 -0.00688052 -0.00153957 0.000264836 -0.000930497 -0.0148809 -0.000260463 -0.000896017 -0.00294929 0.00429748 -0.00245874 0.00136608 0.00232018 -0.0178333 0.00182445 0.00150219 -0.0113215 0.00094371 -0.00487325 -0.000567386 -0.0104241 -0.00998644 -0.00262653 -0.00113055 0.000589807 0.00100563 0.00551184 0.00300162 -0.000869945 0.0035474 0.000193093 0.0033989 0.00528323 0.0121519 -0.00729725 0.00148523 0.00293888 -0.00114654 0.00433101 0.00736973 -0.0041741 -0.00471258 -0.00884387 -0.00264575 -0.0076685 0.00377208 0.0307234 0.00168172 0.00203262 
0.00179112 0.00464213 -0.0113765 0.00343134 -0.0111682 0.0111564 -0.00936788 -0.00346899 -0.00434257 0.0208096 0.0021575 0.00696787 -0.00668393 0.0215423 -0.00576414 0.00875532 0.00281806 -0.029641 -0.0193998 -0.00614798 -0.00389813 -0.0183748 -0.0124598 0.221649 0.0146314 -0.0174677 -0.0409357 -0.0147213 0.0108221 -0.00521553 0.000140112 0.00822635 -0.00380625 0.0122362 0.0119011 0.00120555 0.00330812 -0.00270604 -0.00573175 -0.00399704 0.00417855 -0.01896 0.00268957 0.0104491 0.00478802 0.000188733 -0.00974109 -0.000146375 -0.00861258 0.000340783 -0.000439022 -0.0238378 -0.00347983 0.000127047 -0.000175345 -0.000242853 -0.00144881 -0.00191487 0.00225756 0.00601723 -2.19653e-05 -0.00689624 -0.00441368 -0.00933468 -0.0019349 -0.00663441 0.00321029 -0.0100139 -0.00646964 -0.000853589 -0.00308537 -0.00452123 -0.00300447 -0.00336226 0.000914471 -0.0100434 -0.0134175 0.00232107 -0.0034085 -0.000166763 -0.000871424 0.00488553 0.00152671 0.00275351 -0.0011134 0.000923811 -0.00246831 0.000972715 -0.000541793 -0.00202015 -0.0032255 -0.000436308 0.00374526 -0.000570422 -0.00336353 -0.0143116 -0.00298125 0.0164355 -0.00129035 -0.0104665 
-0.00711773 0.000264085 -7.09651e-05 -0.00351945 0.00209985 -0.00927707 -0.0135724 -0.00122642 -0.0155049 0.0211106 -0.00018719 -0.00958646 0.0244244 -0.0232252 -0.0165467 0.0270647 -0.000554453 -0.040923 -0.00529172 -0.0256618 0.00958447 0.00525052 -0.025722 0.0146314 0.227724 -0.0146403 0.0121546 0.00376903 0.0145642 -0.00848467 -0.0004808 -0.0191294 -0.0087417 0.00568526 -0.00722564 0.000680215 0.00147051 -0.00380445 -0.0175646 0.00940984 -0.00791353 -0.00273438 -0.00679866 -0.00352283 -0.0171059 -0.00622135 0.00390617 -0.00133181 -0.00566402 -0.00692457 0.010625 0.00425283 -0.00218583 0.0214055 -0.00396192 -0.000410711 -0.00137 -0.00371959 0.00348271 -0.00296055 0.00175296 -0.00112138 -0.00131113 -0.00608258 0.0395356 -0.0067523 -0.000621663 0.00112978 0.00334887 -0.00174695 -0.00204031 -0.00575758 -0.00665717 -0.00934501 -0.000526091 -0.0113597 -0.00495896 -0.000932097 -0.00742049 -0.00375537 0.00607927 -0.000673497 0.00224277 -0.0120406 -0.0129045 0.00294916 -0.00245363 -0.00166105 0.000741148 -0.00414676 -0.00867078 -0.000604018 0.00392433 0.000694753 0.000225838 -0.017103 -0.00377852 -0.00547899 -0.00354972 0.00815469 
-0.00312068 -0.00627336 -0.00462658 -0.00099669 -0.0113491 -0.0172216 0.000516418 -0.000973952 -0.000511916 -0.0110023 -0.00739569 -0.000740758 -0.00352233 0.0171841 -0.00994951 0.0115733 0.00439785 -0.011441 -0.00705255 -0.0103328 8.18992e-05 -0.00168581 0.00345066 -0.0174677 -0.0146403 0.218574 -0.00939031 0.0123548 -0.00140038 0.000745661 -0.0100794 0.0030809 0.0123782 0.0074734 -0.0191237 -0.00153361 -0.00867647 0.000302214 0.0084948 0.00549831 0.00493905 -0.00240693 -0.000634848 0.00498609 0.00904651 -0.0139654 -0.00088636 -0.00574095 -0.00483426 0.00817344 -0.0128151 -0.00768009 -0.00230783 -0.0170211 -0.00971576 -0.000444064 0.00313368 -0.00172308 0.00200689 -0.00290366 -0.00852096 -0.00279667 0.00792491 -0.00589406 0.000237154 -0.00777158 -0.00200471 0.0011788 -0.00527536 -0.00134781 9.55101e-05 -0.0010946 -0.0279262 0.00097343 -0.000945392 0.0107145 -0.0031465 -0.000295191 0.00147921 -0.00358688 -0.00138559 -0.00434211 -0.00822011 -0.00383728 -0.00111018 -0.000449155 -0.00276908 -0.00143565 -0.00536105 -0.00324446 -0.00791754 1.24491e-05 0.00128531 0.00631495 -0.00981894 0.00998501 0.00119305 0.0180025 -0.00155642 -0.00214779 
-0.0078384 -0.000116062 0.00986251 -0.00334108 0.0162935 0.00520315 -0.00095109 0.00642964 -0.000150854 -0.0163678 -0.00910407 -0.013114 0.0190534 -0.013465 -0.0156034 -0.0265552 -0.0143392 0.0102037 0.0106445 -0.0174493 -0.00600647 -0.00694691 0.00922538 -0.0409357 0.0121546 -0.00939031 0.197175 0.0117098 -0.00619394 -0.00899946 -0.0066478 -0.00698311 -0.00345053 -0.0176859 -0.00712285 -0.0070917 -0.00235064 -4.17578e-05 -0.00682665 -0.00598436 -0.0100635 0.01989 -0.0112889 -0.0101916 -0.016167 -0.0124291 0.002703 -0.00270081 -0.00639985 0.00991835 0.00637805 0.0113348 0.000209459 0.00278992 -0.0104852 0.000311831 -0.00956951 0.000768217 -0.00272778 -0.000835933 0.00673822 -0.00132928 0.00115124 -0.00288034 0.0183252 0.00546034 -0.00207745 0.00722068 0.0073103 -0.000445207 -0.000375154 0.000453227 -0.0153737 -0.00127123 -0.00109957 0.0118883 0.0045346 -0.0129964 -0.00261353 -0.00064477 0.00155358 -0.00500436 -0.00545511 -0.00214628 0.00440826 -0.00181443 0.00352819 0.00178235 0.00502257 -0.00211754 -0.000732796 -0.00102435 -0.00469865 0.00647207 0.00105296 -0.01587 -0.000893109 0.000589629 -0.00243816 0.00746357 
-0.00855326 0.000524429 0.00642602 -0.0016419 0.000652481 -0.00613914 -0.000487528 0.00117538 -0.00415553 -0.0125323 -0.0140549 -0.00377618 -0.0107099 -0.00642611 -0.0125027 0.0109909 0.00667458 -0.00321144 -0.0025849 0.00764003 0.0110177 0.0123993 -0.0203299 -0.0147213 0.00376903 0.0123548 0.0117098 0.151596 0.00114231 -0.00315689 -0.00115072 -0.0135965 0.00100631 0.00305163 -0.0115666 0.000355625 -0.0106299 0.00158748 -0.00779392 0.0104301 -0.0008567 0.000652884 -0.00775113 -0.00929339 -0.00356577 -0.0059843 -0.00166629 -0.000642149 -0.00215442 0.00531151 -0.000513464 -0.0191071 -0.00302842 0.00520513 -0.0044996 0.000539511 0.00243143 0.000749322 -3.22617e-05 -0.00345392 -0.0122966 -0.00618587 -0.00282783 0.00719612 -0.00144334 -0.00994124 -0.000630733 0.0166053 -0.000322827 0.0035161 -0.000809819 -0.000803781 -0.0066442 0.00224498 0.00147215 0.000390869 -0.00320247 -0.00589384 0.00253315 -0.00279563 -0.00434436 0.000189597 -0.00754114 -0.00583434 -0.00954752 -0.00116058 -0.0015227 -0.0023976 0.000888324 0.00168715 0.00167272 -0.000551151 -0.000399654 -0.00484151 -0.000249884 -0.0045985 0.000293639 0.0130122 0.0032114 0.00475039 
-0.008533 -0.00461765 -0.00369722 4.60072e-05 -0.00584361 -0.0170564 -0.00191934 1.33392e-05 -0.00471692 -0.000488185 0.00598814 -0.00084193 0.00495505 -0.00356018 -0.00628386 0.00870676 0.0116598 -0.0258987 -0.00530985 0.00741594 0.0204817 -0.0133399 0.00436109 0.0108221 0.0145642 -0.00140038 -0.00619394 0.00114231 0.149154 -0.00855449 -0.0023492 -0.00465087 -0.00211074 0.00390367 -0.00584009 -0.000735091 -2.88473e-05 0.000490906 -0.00353458 0.00481635 0.00465617 -0.00901467 0.00296273 -0.00544716 -0.0111739 -0.00409228 -0.000408617 -0.00263252 -0.00103989 5.13887e-05 -0.00480264 -0.0074478 -0.00406246 0.00665254 -4.10734e-05 -0.000151117 -0.00559711 -0.00163463 0.00457158 -0.00037241 -0.0098468 -0.00439525 -0.00341997 0.000387347 -0.00409491 -0.00326067 -0.00050157 -0.00101782 -0.00209945 -0.00136716 -0.00222614 -0.00252053 -0.0136442 -0.0076282 8.72751e-05 -0.0090538 -0.00609457 -0.000885293 -0.00023778 -0.001422 0.00483949 0.000293877 -0.00170423 -0.00180474 0.00580851 0.00181 5.69081e-05 -0.000308046 0.00351836 -0.00346956 0.00157486 -0.000315563 -0.000614901 0.00021586 -0.00415807 -0.00753511 -0.000250605 0.0026618 0.000401265 0.000228636 
0.00131449 0.000953874 -0.00226202 -4.93841e-05 -0.00566162 0.00576259 -0.00289557 -0.00172154 0.000665345 -0.0169582 -0.0104965 0.00198241 -0.00798773 0.0145211 0.00413867 -0.0245962 0.0103032 0.00975981 -0.0097634 0.00953709 0.00131811 -0.00275934 -0.00756964 -0.00521553 -0.00848467 0.000745661 -0.00899946 -0.00315689 -0.00855449 0.114494 -0.00023848 -0.0107148 -0.00237096 -0.0155227 0.00520465 0.00707736 -0.00381647 -0.000274024 0.00351899 0.00835756 -0.00338147 0.000489063 -0.00535371 -0.00577142 -0.000675739 0.00290641 -0.000586158 -0.000303929 0.00337596 -0.000964148 -0.00406494 0.00449912 0.000986628 -0.0163511 -0.000730165 -5.98464e-05 0.000821316 0.0012212 -0.000226587 -0.00490113 -0.00301804 -0.00033981 0.00155263 -8.5441e-05 -0.0142303 0.00029901 -0.00147636 -0.000167148 -0.00314637 0.000797661 0.000970741 0.000419118 0.00400799 0.00106305 0.000761666 0.0004669 0.00234266 -0.00344033 0.000473963 0.000244059 -0.00259325 -0.000157961 -0.00165143 0.00172542 -0.00075217 -0.00142624 0.000211855 -0.000368676 -0.00236132 -0.00140843 0.00185331 -0.000354234 -0.00207698 0.000529198 -0.00155101 0.016451 -0.000623868 -0.000616059 -8.07275e-05 -0.00275855 
-0.00138224 0.00105636 0.00143317 0.00140599 -0.00189183 -0.00113328 -0.00331164 -0.000375849 -0.00312839 0.00391129 -0.00302258 -0.00126506 -0.00544019 0.00480289 0.00160867 -0.00518817 0.00363113 -0.0063332 -0.00119467 -0.00681824 -0.00236675 0.00383244 -0.0109694 0.000140112 -0.0004808 -0.0100794 -0.0066478 -0.00115072 -0.0023492 -0.00023848 0.0901351 -0.00322404 0.00260893 0.00673369 -0.00124976 -0.00282141 0.000715126 -0.00184759 0.00050715 0.0113862 -0.00182187 0.00476836 -0.00192469 -0.00342238 -0.00275397 -0.00622376 -0.000926866 -0.000256452 -0.000727166 0.00256106 0.00251979 0.00279234 -0.000158501 0.00202937 0.0039026 0.000239438 0.00198086 -0.000342478 0.000755588 -0.00165831 -0.00598695 -0.00164166 -0.00261681 -0.00492513 -0.00430844 0.00363477 -0.00174802 -0.00159952 -0.00174257 -0.000734341 -0.000985208 -0.000609352 -0.00137235 -0.00292006 0.000290061 3.65277e-05 -0.00175303 -0.00108284 -0.00096505 -0.00251368 -0.00194805 -0.000574064 -0.000912574 -0.00459058 -0.0046788 -0.000460297 0.000914948 0.000915745 0.00226382 -0.000988463 -0.00159517 0.000399276 0.000418602 -0.0033467 -0.00161358 0.000355884 7.97911e-05 -0.00207043 -0.00208503 0.0017288 
-0.00516652 -0.00149546 -0.00405191 0.00123335 0.00390969 0.00511773 0.00343649 -0.00278601 0.00924739 -0.00463662 0.000175453 -0.000590328 -0.00318599 -0.00949546 0.0026027 -0.0140852 0.00192124 0.00198501 -0.017412 0.00450252 -0.0248577 -0.0100476 0.0121892 0.00822635 -0.0191294 0.0030809 -0.00698311 -0.0135965 -0.00465087 -0.0107148 -0.00322404 0.160549 -0.00389725 -0.00567221 -0.00286797 0.00145433 -0.000244943 0.000451077 0.00566153 -0.002591 0.000165005 -0.00693106 -0.00495347 0.00805198 0.027228 0.0174721 -0.00325305 -0.00110446 -0.000826442 0.00263058 -0.00625936 -0.00097269 -0.00144467 -0.0225469 -0.00168955 -0.000352441 -0.00365802 0.000416221 -0.00329449 0.0113795 -0.00363584 0.000697513 -0.0017624 0.00552864 -0.0243547 -0.00282026 -0.000184904 -0.00663082 -0.00643454 0.000942791 -0.000122323 -0.00187448 -0.000410447 -0.000106166 0.00197886 -7.7052e-05 -0.00454803 0.000140185 -0.00470527 0.00337424 -0.00494834 -0.0025225 0.00302679 0.00252394 -0.01139 0.000381911 -0.000609059 -0.00220326 0.000595866 0.000279571 -0.000634422 -0.00045777 -0.00379186 -0.00163621 -0.00126699 -0.00415657 -0.0011698 0.0132744 0.000803999 -0.00551314 
-8.7773e-05 -0.00167248 -0.00158446 0.00137354 -0.00133186 0.00804909 -0.00371271 0.00158053 -0.0025765 0.00598322 -0.00199692 0.000459355 -0.000437832 0.0075321 -0.0034258 0.000672178 3.55973e-05 0.00525002 -0.0164643 -0.00597338 -0.0187522 0.000393332 -0.0170939 -0.00380625 -0.0087417 0.0123782 -0.00345053 0.00100631 -0.00211074 -0.00237096 0.00260893 -0.00389725 0.111482 -0.00763214 -0.00666372 -0.00489019 -0.00561344 -0.000844713 0.00286699 -0.00543318 0.000885145 -0.00475889 -0.0024332 -0.00127084 0.0121282 -0.00687104 -0.00372053 -0.00198722 0.00227811 -0.00418656 0.0024616 -0.00453069 0.00012825 -0.00507001 -0.00138157 -0.000361709 3.38956e-05 -0.000522428 0.00119924 0.000460613 0.00439571 -0.00144819 0.00210632 0.00393389 -0.00399524 -0.00232478 -0.000367225 -0.00359831 0.00136652 -0.000603351 -0.00131893 -0.000695788 -0.00162311 0.00103958 1.35769e-05 0.00109997 -0.00319587 -0.00164999 -0.000375073 0.00298308 -0.00170109 0.00104786 -0.0058549 0.000614584 0.00843381 0.0021778 -0.00132672 -0.00185833 0.000167027 -0.00186412 0.00185995 0.000585574 -0.000729583 0.00289944 -0.00178375 -0.000743939 0.00171791 -0.00749081 -0.00196607 -0.00351385 
0.00691037 -0.0027724 0.00188088 0.000687808 0.00361673 -0.0206109 -0.00842821 -0.00236193 -0.00360869 0.0277303 -0.00544084 -0.00596886 0.00102918 -0.00252361 -0.00691971 0.0207054 -0.00557651 -0.00195882 0.0118881 -0.0402119 -0.0113009 -0.0115805 -0.0234714 0.0122362 0.00568526 0.0074734 -0.0176859 0.00305163 0.00390367 -0.0155227 0.00673369 -0.00567221 -0.00763214 0.198213 -0.00825585 -0.00244574 0.0010322 -0.00317606 0.0048207 -0.00341325 0.00666549 -0.0205805 9.59949e-05 0.0117729 -0.0256664 -0.00357971 -0.00370652 -0.000927292 -0.00906186 0.000903396 0.00189103 -0.0036684 -0.00819614 -0.00526463 -0.00625118 0.0006534 0.00048152 -0.00263289 -0.00302344 0.00578012 -0.00574458 -0.00806656 -0.00131648 0.00748348 0.0271546 -0.0153595 -0.00181445 0.00161109 0.00433855 -0.00229356 -0.000223406 -0.00274827 0.00353812 -0.00119714 -0.000859335 0.00225738 0.00693865 0.00198566 -0.00684716 -0.00626766 0.0059608 -0.00301877 0.000221781 -0.00816736 -0.00301543 -0.000143324 -0.0021629 -0.00163537 -0.00120009 -0.00551106 -0.00303602 0.000384525 0.00269151 -0.0024613 0.00938134 -0.00868181 -0.00254298 -0.0106313 -0.00279313 -0.00295317 
