0.0365369 0.00014222 0.000337843 0.000292289 -0.00256053 -0.000486116 -0.00125363 0.000317619 -0.00365961 0.000213514 0.00111282 -0.00119063 -0.00583395 -0.00115218 0.000100671 0.00294429 -0.00114721 -0.00122183 -0.00356752 -0.00342371 0.00225454 -0.00365545 -0.00473358 0.000657019 -0.00337637 -0.000892419 0.00327303 6.06203e-05 0.000847242 0.0010604 -0.00257595 -0.000662982 -0.00125107 -0.00198084 0.00120799 0.00126681 -0.00044784 -0.00050032 0.000711451 -0.000749774 -0.00104645 -0.00163234 -0.00149474 -0.00245807 0.00163393 0.000511678 0.000523619 -0.00122197 -0.000904258 -2.83471e-05 -0.00079374 -0.000451005 -0.000861891 0.00150663 -0.000400915 0.000449482 -0.00196233 0.000343372 -0.00295222 -0.000715096 -0.000539612 -0.000800012 0.00298571 0.000941108 0.00272733 0.000929492 -0.000939403 0.00207686 0.00229547 -0.000489277 0.000236366 0.000510328 -0.000852766 0.000205317 0.000177198 -0.000143505 0.00111259 0.000495655 -0.00131322 -0.000202542 -0.000967056 0.000777941 0.00010715 -0.00138198 -0.000285814 0.00474016 0.00027573 -0.00132314 -0.00137568 -0.000687436 -0.00139669 0.00120164 0.000559583 -0.00174456 0.000378731 -0.00114072 -0.000661406 -0.000604637 0.000118091 -0.00106208 
0.00014222 0.0123292 0.000210799 -8.40487e-05 -0.00114465 -4.85996e-06 -0.00133868 -0.00100316 -0.000720294 -0.000289947 -0.000260718 -0.00113444 -0.000110609 -0.000977826 -0.00284866 -0.00151236 0.000493556 -0.00180455 -0.000218719 -0.000960797 -6.84812e-05 -0.00136569 0.000563628 -0.00098882 0.00119649 -0.00150589 -0.000417242 0.000862212 -0.000611281 0.000260005 -0.00140646 0.000919355 0.000385327 0.00041655 0.000331889 9.55818e-05 -0.000104111 -8.73306e-05 0.00106391 -0.000143556 -0.000178573 8.50807e-05 -0.000404373 -0.000544971 0.000589738 0.00161927 0.000421176 -0.00049056 0.000494936 -0.000280171 -0.000748939 0.000637268 -6.69701e-05 -0.000216115 0.000127687 -0.000168349 -0.000744986 0.000166604 -6.02423e-05 -0.000313848 -0.000166654 -0.000131972 -0.000353117 0.000154634 -0.00133289 0.000294449 -0.000268006 -0.000223758 0.00038287 -0.000371726 -0.000132113 0.000101647 9.26385e-05 -0.000150245 0.000292663 -8.52297e-05 -1.7738e-06 0.000208401 -0.000183922 0.000608336 -7.7715e-05 0.00044532 -0.000157309 4.03346e-05 -4.27301e-05 -0.00162195 0.000187553 3.37602e-05 -0.000203389 0.000956188 0.000629724 7.2172e-05 -0.000120665 0.0012341 0.00023713 0.000239865 0.000579754 0.00082225 -0.000189471 0.000119694 
0.000337843 0.000210799 0.0340091 -0.000386891 -0.000943199 0.000670726 -0.00189789 -0.00184084 -0.00464261 -0.0013294 0.00145067 -0.00533613 0.00389219 -0.00188968 -0.00346674 -0.00113848 -0.000363493 0.00332341 -0.000543769 0.00115528 -0.00392786 -0.00046072 -0.00599091 -0.00201558 0.00366433 -0.000805249 0.00349833 0.000251986 0.00081998 0.000889841 -0.00129245 0.00428858 -0.00205129 -0.00155901 -1.44916e-05 0.00042325 -0.000408269 -0.00118063 -0.00107207 -0.000650967 0.00176204 -0.00140176 0.00101417 0.00109798 -0.00189502 -0.00119883 -0.000127374 -0.000256674 -0.00101576 -0.000476118 0.000777998 -0.000697165 -0.00134434 -0.000710238 -0.000653372 -0.000835127 -0.000487777 1.23608e-05 -0.000398985 0.000625416 -0.000177218 0.000432123 -0.00294539 0.00106377 -0.00142639 0.000696179 0.000172144 -0.000464984 -0.000547692 -0.000567715 -7.33039e-05 -0.0002586 -0.0010489 0.000490786 0.000548347 -0.000324107 -7.91651e-05 -0.000326652 0.000184576 -0.00107481 -0.00162597 -0.000216544 -0.000578438 0.00401152 -0.000657196 -0.00279697 -0.000720857 -0.000544882 0.00259933 0.000335019 -0.000562873 -0.000640374 0.000142787 -0.000651336 -0.000487205 -0.00128616 0.00114244 -0.00082426 -0.000444604 0.00206438 
0.000292289 -8.40487e-05 -0.000386891 0.0640146 -0.000627582 0.000326402 -0.00411006 0.0087247 0.00663202 -0.000885809 -0.00324951 -0.00606513 -0.00350909 9.45067e-05 0.00500612 -0.00300368 0.000214054 0.000257914 0.00454716 0.000832934 -0.0126205 -0.00434011 0.00376793 0.00631163 0.000724821 -0.0120023 -0.00664488 -0.0140813 -0.00569182 -0.00721189 -0.00652859 0.00148883 -0.0029835 0.000174383 4.64801e-05 -0.00021227 -0.000308982 -0.00161235 -0.00138196 -0.000528808 0.000650978 -0.000900492 0.00409067 0.00306703 -0.00076227 0.00231441 0.000273899 -1.24792e-05 0.00274158 0.000985259 -0.00324077 -0.00273145 -0.00106949 0.000176892 9.37698e-05 0.00204765 -0.00700229 -0.00295804 -0.0048672 0.00322202 -0.00125207 -0.00294174 0.00366569 -0.00145511 0.00951499 -0.000645479 -0.00223475 -0.000767306 -0.00241517 -0.00225282 -0.000243626 -0.000606531 0.000343413 0.000310811 0.000854141 -0.000992334 -0.000531408 0.00012686 0.00239817 0.00158427 0.00239897 -0.00104378 0.00360499 -0.00377674 -5.37649e-05 0.00205325 0.000594082 0.00157066 -0.00624283 0.00217134 -0.0010144 0.000723775 0.000380559 0.00220413 -0.000547735 -0.003434 -0.000417087 -0.000756093 -0.00160775 -0.000772903 
-0.00256053 -0.00114465 -0.000943199 -0.000627582 0.165097 -0.000229324 -0.00387649 0.00768693 0.00270478 0.00171252 -0.0137664 -0.0260043 -0.0104976 -0.00531225 0.0031597 0.0226455 0.00375297 -0.0138681 0.00370263 0.0170794 -0.0117213 0.0109584 -0.0290916 -0.009341 0.0103395 -0.00583687 -0.0151805 -0.023594 -0.00657556 0.00412673 -0.0124928 -0.0101574 0.0087552 0.0101672 -0.000291277 -0.00173627 0.0030459 -0.000277287 0.00766511 -0.00146589 -0.00653766 -0.0108994 -0.0136947 0.0142332 9.47361e-05 -0.000684213 -0.0035022 0.00323175 0.00591089 -0.00829055 0.000978456 0.00564795 0.00197664 -0.00270766 -0.00189691 -0.000746944 -0.00802989 0.0180866 -0.00471521 -0.00136222 0.00103294 -0.000670576 0.00208888 -0.00312339 -0.000720988 -0.00132884 -0.00448168 -0.000875463 -0.000275671 -0.00071135 -0.00504031 -0.000579074 -0.00357837 -0.0034699 -0.000960884 -0.000928404 0.000875912 -0.00103426 0.0103092 -0.0147716 -0.00196822 0.00337494 -0.000563695 0.00790006 0.00293412 -0.00410299 0.000199871 -0.00601472 0.00631284 -0.012724 -0.00164222 -0.000623653 0.00129809 -0.0110236 -0.0037938 -0.0047265 -0.00237111 0.00243221 -0.000782368 -0.00897145 
-0.000486116 -4.85996e-06 0.000670726 0.000326402 -0.000229324 0.0305396 -0.00249398 -0.000225116 -0.00217139 -0.000974743 -0.00117199 -0.00259138 -0.000744637 -0.00157199 0.00138683 -0.00242833 0.00565962 -0.00233078 -0.000291721 0.000194988 -0.00513879 0.0020377 0.000714143 -0.00102869 0.00351943 -0.0036258 0.000662071 0.00143221 -0.000536646 6.39187e-05 -0.000146572 0.000802877 0.0017338 -0.00237312 -0.000761747 9.79385e-05 -0.00104924 -0.000396081 -0.000861274 -0.00039636 -0.000629908 -0.000874556 5.31012e-05 -0.000702937 -0.000596831 0.000322219 -0.000293616 -0.00014588 4.57534e-05 -0.000232418 -0.000861133 -0.000564379 -0.00115939 -0.000211186 0.00142276 0.000265886 -0.000293997 -0.000317292 -0.00177929 2.35878e-05 0.000385106 -0.00166386 -0.00183012 -0.00167063 -0.00132926 -0.000184972 -0.000922334 0.000521694 -0.000711177 0.000121667 0.00139924 0.000540712 0.000748843 0.000161702 0.000791811 -0.000758142 0.000568343 -7.34949e-05 3.14738e-05 -0.000802468 -0.000546097 -0.000549529 -0.000212988 -0.00192 0.000115325 -0.00104006 -2.1428e-05 0.000218255 -0.00109418 0.00144214 -0.00110803 -0.000447427 0.000300186 -0.00114693 0.000256311 -0.00121941 -0.000339063 0.000458643 -0.000377992 0.00262608 
-0.00125363 -0.00133868 -0.00189789 -0.00411006 -0.00387649 -0.00249398 0.167338 0.00173479 0.00602043 0.00433027 0.00372818 0.0104572 -0.011042 -0.00422902 -0.00442821 -0.0125459 -0.00878267 -0.000806081 0.00285174 0.031034 -0.000487745 -0.00743001 -0.00807282 0.00563279 -0.00256326 0.00363407 -0.00677827 -0.0209111 -0.00657596 0.00458457 -0.000980401 -0.0147605 -0.0203881 -0.00999422 -0.0073702 -0.00134839 0.00295207 0.000729619 -0.00300786 -0.000663797 -0.00405894 0.00862317 -0.00877428 0.00484375 -0.00130986 9.10219e-05 -0.00513778 -0.000306449 -0.00314209 -0.00364148 -0.00448344 -0.000538375 0.00356711 -0.00229287 -0.00179598 -0.0017681 0.00990701 -0.00543338 0.0068213 -0.00517364 -0.00204553 0.0125002 0.00727684 -0.0049843 -0.00482288 -0.00218845 -0.004095 0.00774484 -0.00190503 -0.00230548 -0.00661664 -0.00265666 -0.00217496 0.000985827 -0.00168478 0.000878038 -0.00530367 0.000964011 -0.00200713 -0.00499997 0.00257664 -0.00333343 -0.00220361 0.00360123 -0.00309936 0.0022557 -0.00134526 0.00676803 -0.00770686 -0.00600273 0.00159858 -0.00197807 -0.00190063 -0.0113921 -0.00134025 -0.0109583 -0.00501927 -0.00466648 0.00304122 -0.00434192 
0.000317619 -0.00100316 -0.00184084 0.0087247 0.00768693 -0.000225116 0.00173479 0.121239 0.00158849 0.0029443 -0.00621306 -0.0121093 -0.0114241 -0.0146876 0.00475168 0.011983 -0.00203854 -0.00230331 0.00876829 0.0211016 -0.0115056 0.0218083 -0.00222592 0.00154294 -0.00788039 -0.00644207 -0.0105209 -0.0190797 -0.0083495 -0.00982803 -0.00331502 -0.00267238 -0.00852874 0.00820335 0.000663252 0.000301362 0.0044778 -0.00061406 -0.0106886 -0.00372489 -0.00366405 -0.00062103 -0.00948532 0.00254622 0.00201791 0.00924807 -0.00419128 0.00606173 0.00112712 0.00512645 -0.00203566 0.000964571 -0.00102347 -0.000931757 -0.00147228 -0.00227713 0.00180729 -0.00831883 -0.00965281 0.000588238 -0.00110712 -0.000247938 0.00623978 -0.00693706 0.0119001 -0.000683707 -0.0037622 0.00193118 -0.00412153 0.000517685 -0.00428732 -0.00200717 -0.00319195 -0.00219866 -0.00182292 0.00677345 -0.00147959 -0.000462178 -0.00454882 -0.00637216 -0.00138817 -0.00175439 0.000621364 -0.00369499 0.00122119 0.00461891 -0.00150673 0.000322424 -0.0100277 0.00261587 -0.00297422 -0.00146087 -0.000126854 -0.00171952 0.00174807 -0.0106525 -0.000470602 -0.00272487 -0.00486784 -0.00834113 
-0.00365961 -0.000720294 -0.00464261 0.00663202 0.00270478 -0.00217139 0.00602043 0.00158849 0.147999 0.000958151 -0.0054993 -0.0123684 -0.0106982 0.00574153 0.022307 0.00940499 -0.00406855 -0.0109039 0.00428296 -0.0036728 0.0050655 0.00149992 -0.00243479 -0.00238926 -0.0083228 -0.00313537 -0.00861953 -0.014077 -0.0106928 -0.012817 -0.00622879 0.000121334 0.00158806 -0.00714768 -0.0019401 -0.00218821 -0.00133601 -0.00315858 -0.00408777 0.00158858 -0.0044392 0.0127028 0.00154425 0.00377837 0.0020473 -0.00311097 -0.000804924 -0.00482724 0.000672559 0.00161425 -0.00230574 -0.00354512 -0.00443043 -0.000840378 -0.000193829 -0.00369442 -0.0104699 -0.00473786 -0.003676 0.000451469 0.00201064 -0.011514 -0.00412287 -0.00350223 0.00265159 -0.00139718 -0.00406813 -0.00215607 -0.00680158 0.00329868 -0.000561609 -0.00131599 -0.00346473 -0.000248652 -0.00152554 0.00556432 -0.000556487 -0.000503106 0.00527228 -0.0117063 0.00120793 -0.00214997 0.00069751 -0.00466874 -0.00451085 0.00236512 0.000445651 -0.00748611 -0.000914126 0.00152842 0.00465531 0.00669781 -0.00294424 0.000173755 -0.0010506 0.00373061 -0.00270628 -0.00154085 0.000265519 -0.00540615 
0.000213514 -0.000289947 -0.0013294 -0.000885809 0.00171252 -0.000974743 0.00433027 0.0029443 0.000958151 0.0718486 0.00339539 -0.00746457 -0.00469865 -0.00645425 -0.00332994 0.00269329 0.00159859 -0.00821388 -0.000537257 0.0036867 0.00288172 -0.00799335 -0.00756588 0.00789931 -0.0129208 0.000864297 -0.0133032 -0.00238307 0.00127603 -0.00846374 -0.00534958 -0.00484209 -0.00194409 -0.00410959 -0.00116148 0.000922467 0.00257501 -0.00127057 -0.00687643 0.00097035 -0.00163144 -0.00174275 -0.00182259 0.00260574 0.00111349 -0.00171586 -0.000266068 0.000766215 0.00109009 0.00102985 0.00246303 0.00163499 -0.000101603 -0.000298928 -0.00135936 -0.00153072 -0.00543819 -3.90599e-05 -0.0070129 0.000704855 0.000321577 0.00155941 0.00810915 -0.00257754 -0.000228175 0.000799363 -0.000400615 0.000187457 -0.00331124 0.00255145 -0.00254283 -0.00152151 -0.00135583 0.000840414 -0.000255028 0.0010759 0.000670061 0.000235069 0.00373604 0.0106566 0.00583902 -0.000951825 0.00138457 -0.00225314 0.00168213 0.00396398 0.00125816 -0.000529288 -0.00712263 -0.00254314 0.00112069 0.000355564 -0.000332374 0.00211762 5.66947e-05 -0.00336583 0.0024996 -0.000636986 -0.00198172 -0.00596777 
0.00111282 -0.000260718 0.00145067 -0.00324951 -0.0137664 -0.00117199 0.00372818 -0.00621306 -0.0054993 0.00339539 0.129671 -0.00750745 0.00251993 -0.00673363 -0.0050532 0.00036817 -0.00978002 -0.00472623 -0.00497481 -0.0106736 0.0204563 -0.00815345 -0.00942556 -0.00789216 -0.0181209 0.00575071 0.000892796 0.0161801 0.00877307 0.0132451 -0.00262165 -0.000801873 0.000590827 -0.011441 -0.000427315 -5.83705e-05 -6.56386e-05 -0.000337135 -0.009185 0.000480628 -0.00400811 -0.00186288 0.00088186 -0.00392283 -0.00625557 -0.00436835 -0.00235442 -0.00617165 -0.0025389 0.00265484 0.000452928 -0.00345527 -0.000646129 -0.000810992 -0.00277778 -0.00423349 0.00398048 -0.0063402 0.00171212 -0.00401291 -0.00213576 -0.00334313 0.00218047 0.00204652 -0.0110028 0.00153867 -0.00610697 -0.00250985 0.00048215 0.00337055 -0.000816116 -0.0027038 -0.00374108 -0.0016844 0.000334209 -0.000567653 -0.00433433 0.00039066 0.00399996 0.0154858 0.00371536 -0.00144052 -0.00193537 -0.00344667 -0.00299699 -0.00553683 0.00115862 -0.00440239 -0.00587262 0.000538596 -0.00357115 0.000474981 -0.00101002 0.00542943 0.00428427 -0.0103575 0.00769448 0.00035342 0.00478464 0.00485509 
-0.00119063 -0.00113444 -0.00533613 -0.00606513 -0.0260043 -0.00259138 0.0104572 -0.0121093 -0.0123684 -0.00746457 -0.00750745 0.245338 0.0238207 0.0153892 -0.0338997 -0.0166668 -0.0230268 -0.0148385 0.000542727 -0.0182973 0.0077559 -0.0201981 0.0377724 -0.0173738 -0.000391815 -0.000710266 -0.00470149 0.0126311 0.0086272 0.00696493 0.0131472 -0.0120504 -0.0165138 0.00629764 0.000240411 -0.000510572 0.00248961 -0.00763592 0.0020615 -0.00460365 0.00884862 -0.00261614 -0.00225196 0.00266513 -0.0118318 -0.00280582 -0.00725117 0.00376683 -0.000572328 0.00634123 -0.0309206 -0.00460125 -0.00306706 -0.00264753 0.000999873 0.000431846 0.0281632 0.00559494 0.0104472 -0.00743393 -0.00673628 0.0107702 0.00484136 0.0017178 0.0161858 -0.00431967 -0.00643346 -0.0100459 -0.0028356 -0.00387473 -0.00637488 -0.000940733 0.00478917 0.00159059 -0.000947078 -0.00568036 -0.00637101 -0.00163174 -0.00786567 -0.00340423 -0.0111084 -0.00510593 -0.00483562 -0.0207945 -0.00475467 -0.0262957 -0.0088604 0.00236682 0.00892109 -0.00556715 0.0069657 -0.00719489 0.00282773 -0.00398237 -0.00120658 0.0160238 -0.00536948 -0.00510165 -0.00274873 -0.008217 
-0.00583395 -0.000110609 0.00389219 -0.00350909 -0.0104976 -0.000744637 -0.011042 -0.0114241 -0.0106982 -0.00469865 0.00251993 0.0238207 0.207437 0.000859156 -0.0466385 0.00581378 0.000321683 0.000479878 -0.0079613 0.0163404 -0.0266497 -0.0132374 0.00149317 -0.00571554 0.0056716 -0.0181941 -0.00916856 -0.000282035 0.00502884 -0.00491701 -0.0123984 -3.51899e-06 0.0172149 0.0117954 0.00558389 -0.00294671 -0.000482609 -0.00199623 -0.00140731 0.00134719 0.0084023 -0.0130538 0.00451117 0.00185999 -0.0183424 -0.00446347 -0.000954862 0.00720523 0.00106785 0.00585323 -0.0194585 -0.00513306 -0.0096894 -0.00358373 0.000180911 -0.000294454 0.000763437 0.00163326 0.000848993 0.00431382 -0.00301725 -0.00724418 -0.0102049 -0.010609 -0.00509871 -0.00270259 0.0139575 -0.00552525 -0.00592855 -0.00400555 0.0031479 -0.000596899 0.0082739 -0.00325296 0.00143674 -0.00219738 -0.00568035 -0.00315782 -0.00491426 0.0136254 0.000393947 -0.000494587 -0.0052895 -0.00222394 -0.00232802 -0.0111126 0.00031833 -0.011527 0.00925347 -0.000666494 -0.00581655 -0.00509483 -0.00171453 0.00584167 0.00198062 -0.00424988 0.00254876 -0.0042818 -0.00380997 0.0112389 
-0.00115218 -0.000977826 -0.00188968 9.45067e-05 -0.00531225 -0.00157199 -0.00422902 -0.0146876 0.00574153 -0.00645425 -0.00673363 0.0153892 0.000859156 0.181538 0.00390968 -0.0199923 -0.010153 0.0252214 -0.0259873 -0.0385306 0.00619393 -0.0190612 0.0063683 -0.0273991 -0.0158671 -0.0248494 -0.0135351 -0.00263818 0.00186851 -0.0184365 0.0316477 0.00870655 0.00330518 0.0060413 -0.00246715 0.00158787 -0.00273503 -0.000716933 0.00555682 0.000453986 0.00135562 0.0200327 0.0144483 -0.016549 -0.00830048 -0.00923484 -0.00273669 -0.0100364 0.000701993 -0.00685585 0.00651512 -0.00666493 -0.00117649 -0.00245812 0.0017326 0.00218065 0.00431876 0.00354139 0.0127004 -0.0026321 -0.00160077 -0.002448 -0.0122993 0.00537713 -0.0114538 -0.00132305 -0.00567231 -0.00889244 -0.00515189 -0.00637479 0.00346666 0.000246323 0.00606003 0.00467996 0.00250634 0.00108371 -0.00558419 0.00264356 -0.00503632 -0.00028057 -0.0102734 0.00103809 0.00142665 -0.00290091 -0.0015791 -0.00930237 -0.00406784 0.00187797 0.0189349 0.0063664 -0.00502782 0.00612524 -0.00300255 0.00700451 -0.00604244 0.00657416 -0.00305501 -0.00707711 0.00533349 -0.00228752 
0.000100671 -0.00284866 -0.00346674 0.00500612 0.0031597 0.00138683 -0.00442821 0.00475168 0.022307 -0.00332994 -0.0050532 -0.0338997 -0.0466385 0.00390968 0.248852 0.0021082 0.00406362 0.0527429 -0.00395318 0.0232583 0.0143972 0.00855828 -0.0351653 0.00375224 -0.0160699 0.00872817 0.0145235 -0.00585085 -0.0241562 -0.0330394 -0.00193892 0.00275581 -0.0230126 -0.0175889 -0.0111321 0.00867795 -0.00696044 0.000989396 -0.0154935 0.00448423 -0.0187456 -0.00310365 0.00110074 -0.0151619 0.0108673 -0.00340418 0.0106243 -0.00700002 -0.00220891 -0.00729728 0.011837 -0.00939415 7.48369e-05 -0.000319341 0.000132476 -0.00816993 -0.00683717 -0.00328188 -0.028224 -0.0048977 0.00294555 -0.00146684 -0.0130308 0.0066765 0.00624638 0.00080913 0.000794748 0.000825617 -0.00708579 -0.00822844 0.000320681 -0.00136244 -1.52474e-05 0.00227063 -0.00565399 0.00224327 0.00461925 -0.00296662 -0.00424242 -0.0202026 0.00702765 -0.00262961 0.00170117 0.00261976 -0.0113528 0.015174 -0.00633889 0.000773611 -0.00994145 0.00450482 0.0041601 0.00271731 -0.00439696 -0.000237877 -0.00451629 -0.00598328 -0.00659106 -0.0153483 0.00168843 0.00239496 
0.00294429 -0.00151236 -0.00113848 -0.00300368 0.0226455 -0.00242833 -0.0125459 0.011983 0.00940499 0.00269329 0.00036817 -0.0166668 0.00581378 -0.0199923 0.0021082 0.227467 -0.00118421 -0.0171379 0.0307381 -0.00607415 0.0193687 0.0299909 -0.0381271 0.00124341 -0.0363779 -0.00279485 -0.0303846 -0.0160761 0.0043962 -0.00560347 -0.0246179 -0.00945776 -0.00660296 0.00880534 0.00482807 0.00197619 0.00941252 0.00417962 0.00477724 -0.0026637 -0.00166341 -0.00601302 -0.0056343 0.0110213 -0.00946049 0.00780458 0.00752446 -0.00718788 0.00541817 -0.00579867 0.0134623 0.00129911 0.00217437 0.00263225 -0.00206727 -0.00539956 -0.0344862 0.00945628 -0.0106831 -0.002344 0.000455552 -0.0209453 -0.00459324 -0.00539639 0.00524802 -0.00152989 -0.00551007 -0.0075089 0.00553493 0.0167174 -0.00464918 -0.00858319 -0.00258457 -0.00598781 -0.00318347 0.00373284 -0.00266395 -0.00240336 0.00873315 0.00373375 0.00126078 -0.00260099 -0.000878644 0.0129131 -0.00459121 0.00431211 0.000777483 -0.0217591 -0.0112047 -0.009382 -0.0128493 0.0022927 -0.00144386 -0.000573532 -0.00139773 -0.0161831 0.000106232 -0.00649244 -0.00427042 -0.0174609 
-0.00114721 0.000493556 -0.000363493 0.000214054 0.00375297 0.00565962 -0.00878267 -0.00203854 -0.00406855 0.00159859 -0.00978002 -0.0230268 0.000321683 -0.010153 0.00406362 -0.00118421 0.182908 0.0120932 -0.00327722 0.00703192 -0.025502 0.00563965 -0.0277137 0.00713465 0.0182304 -0.0248871 0.00290859 0.00277935 -0.00852323 0.00234694 -0.0206224 4.39118e-05 -0.0039143 0.00385172 -0.000937668 0.00469469 -0.00577015 0.0029909 -0.00403157 -0.00258476 -0.00777031 -0.00907074 -0.00885411 0.00369278 -0.00199441 0.00388771 -0.000914563 -0.0044248 0.00484994 0.00224947 0.00531102 -0.00365592 -0.00579595 -0.0031044 0.00972113 -0.00706348 -0.00711109 -0.00714228 0.00358818 -0.00176271 -0.00260804 -0.00770505 -0.00749783 -0.00590166 -0.00789549 0.000189548 -0.00899511 0.00762558 0.00773882 0.000484141 0.00602075 0.000995958 -0.0064442 -0.000986976 0.000807582 0.00141645 -0.00344626 -0.000757038 -0.00125054 -0.00645293 0.00288578 0.000845803 -0.00139716 0.00100483 0.00241821 -0.0115234 -0.000395218 0.00753741 0.00899234 0.00225465 -0.00325667 -0.00444008 0.000244627 -0.00203949 0.00611868 -0.0170749 0.00247381 -0.00121037 0.000455771 -0.00431766 
-0.00122183 -0.00180455 0.00332341 0.000257914 -0.0138681 -0.00233078 -0.000806081 -0.00230331 -0.0109039 -0.00821388 -0.00472623 -0.0148385 0.000479878 0.0252214 0.0527429 -0.0171379 0.0120932 0.248485 -0.0481421 -0.00321154 -0.0324433 -0.024003 -0.0188399 0.0141206 0.0107237 -0.0327686 0.0195475 -0.015426 -0.0172215 -0.0220727 0.0113923 -0.00464091 -0.000675638 -0.00887788 0.00165078 0.00451477 -0.00352419 -0.00260009 -0.0156996 -0.000198946 -0.00148187 0.00676182 -0.0163731 -0.0186483 -0.00564713 -0.0169684 0.0130128 -0.00802283 -3.76567e-05 0.00690055 0.00312221 -0.00529419 -0.00073469 -0.00372343 -0.00375765 -0.00484356 0.011091 -0.00689907 -0.00271033 -0.00225348 -0.00121391 -0.00157864 -0.0299455 0.00711416 0.00239571 0.00259779 0.00798692 0.00343263 -0.00233423 -0.0173162 0.00943937 0.00280171 0.0029147 0.00205558 -0.00183918 -0.000536938 -0.00292011 0.000111021 -0.015035 0.0073541 -0.00222847 0.00625161 -0.00272322 0.00509361 -0.00177774 0.00245885 -0.00498654 0.0107881 0.00832104 0.00419743 -0.00335543 -0.00411388 -0.00299557 0.019767 0.00531773 -0.027697 0.000863072 -0.00862387 -0.00273992 0.00315468 
-0.00356752 -0.000218719 -0.000543769 0.00454716 0.00370263 -0.000291721 0.00285174 0.00876829 0.00428296 -0.000537257 -0.00497481 0.000542727 -0.0079613 -0.0259873 -0.00395318 0.0307381 -0.00327722 -0.0481421 0.237345 0.00156775 0.017563 0.0272807 -0.0109008 0.0082262 -0.0326717 -0.0107873 -0.0286064 -0.0313451 -0.0197915 -0.00387474 -0.013192 0.0106626 -0.0111069 0.0108335 0.00423717 -0.0049757 0.00342625 -0.00796486 0.0134572 -0.00450406 0.000831604 -0.00233956 0.00439786 0.027273 -0.00307341 0.0149183 -0.00623039 0.00470341 0.0020945 -0.0085941 0.0112605 -0.00270247 0.000323276 -0.00338655 -0.00771541 -0.0144816 -0.00889703 0.0040102 -0.0140578 -0.00316599 -0.000111089 0.00245918 -0.000815212 -0.0103711 0.0122118 -0.00166716 -0.0120598 -0.00691813 -0.00567047 0.00454783 -0.00701486 -0.00816551 -0.00882875 -0.00229165 -0.00675193 -0.00344732 0.000562461 -0.00184698 0.00912225 -0.0153001 0.00372435 -0.00620234 0.00414699 0.00912327 -0.00394167 -0.00392824 0.00238878 -0.0136222 0.0057569 -0.0032699 -0.00126129 -0.00143003 -0.000820333 -0.0107939 0.000435293 -0.010355 -0.0062444 -0.00312839 -0.00679378 0.00254688 
-0.00342371 -0.000960797 0.00115528 0.000832934 0.0170794 0.000194988 0.031034 0.0211016 -0.0036728 0.0036867 -0.0106736 -0.0182973 0.0163404 -0.0385306 0.0232583 -0.00607415 0.00703192 -0.00321154 0.00156775 0.247816 -0.0390022 0.0153083 -0.0204219 -0.0157094 0.0066323 0.00368283 -0.00697455 -0.0370482 -0.0106437 -0.00490463 -0.0304261 -0.016895 -0.00814832 -0.00492652 0.00224068 0.00118179 0.00164775 0.00305619 -0.0175 0.00516399 -0.000528116 -0.0148665 -0.000288618 0.00774025 -0.00392518 0.00613831 0.00451903 0.0143287 -0.00841607 0.00404367 -0.0155071 -3.53922e-05 -0.00335945 0.00210381 -0.000319664 -0.00261066 0.004651 -0.00161781 -0.012176 0.00520338 -0.00150813 0.0110251 -0.0157734 0.000977983 -0.000311846 -0.00113794 0.0065639 0.00428863 -0.00216573 -0.00123837 -0.00488416 -0.000230246 0.00182512 0.000625327 -0.0015653 0.00345399 -0.00604686 -0.0047608 -0.0144899 -0.0164319 0.0125999 -0.00345612 -0.00348397 0.0148152 0.000953599 0.00617959 0.00151207 0.00180255 -0.0156379 -0.00754376 0.000293657 -0.00702697 -0.000950387 -0.0096607 -0.000680096 -0.0218588 -0.00273132 -0.00457364 -0.00425916 -0.0121542 
0.00225454 -6.84812e-05 -0.00392786 -0.0126205 -0.0117213 -0.00513879 -0.000487745 -0.0115056 0.0050655 0.00288172 0.0204563 0.0077559 -0.0266497 0.00619393 0.0143972 0.0193687 -0.025502 -0.0324433 0.017563 -0.0390022 0.248008 0.0115462 -0.0183375 0.000794992 -0.0438751 0.0135842 -0.00740091 0.025871 0.0092096 0.0125797 0.00299728 -0.00171987 -0.0452989 -0.0377938 -0.0022066 -0.00160707 0.00106056 -0.00536614 0.0104424 -0.00415464 -0.00580967 -0.00623124 -0.010967 -0.0100232 0.00425204 0.00244118 -0.00426042 -0.00435792 -0.00422976 -0.00722364 0.0160087 -0.00366029 0.00927512 0.00124422 -0.00288258 -0.00800357 0.00284641 0.0180637 0.00395201 -0.00616049 -6.6584e-06 0.00170727 -0.00292359 0.005663 -0.00099584 -0.00348227 -0.00811709 -0.00890438 -0.00135362 0.0209987 -0.00287367 -0.00609023 -0.00860528 -0.00367085 -0.00401795 0.000377603 0.00327733 -0.000751666 0.00509542 0.000740294 0.00178527 -0.00404306 -0.0082425 -0.00558627 -0.00833289 -0.000218265 0.00099305 -0.0144808 0.00139195 -0.00208671 -0.00591454 0.00350816 -0.00416735 -0.0108358 -0.00725851 0.00803732 0.00125059 -0.0129254 0.00806646 -0.00648333 
-0.00365545 -0.00136569 -0.00046072 -0.00434011 0.0109584 0.0020377 -0.00743001 0.0218083 0.00149992 -0.00799335 -0.00815345 -0.0201981 -0.0132374 -0.0190612 0.00855828 0.0299909 0.00563965 -0.024003 0.0272807 0.0153083 0.0115462 0.185453 -0.00681024 -0.0118077 -0.00927314 0.00483094 -0.00112521 -0.0132525 -0.00449432 0.000530788 -0.0222449 -4.61266e-05 -0.0114603 -0.00466124 0.000894002 -0.00161233 0.00129871 -0.00480902 -0.00629987 -0.00249781 0.00246467 -0.0122797 -0.00200272 0.0066318 -0.000669799 0.0102817 -0.0016642 0.00462095 -0.00143738 -0.00510444 0.00950454 0.00234638 0.00262191 -0.00124126 -0.00474664 -0.00107809 -0.01071 0.00083548 -0.00942185 0.00193078 0.00453127 -0.00613802 -0.00882209 -0.000407966 -0.00412176 0.00125069 -0.00901098 -0.0031826 -2.13759e-05 0.0177255 0.000372102 -0.00392451 -0.00165622 -0.00182232 -0.00260511 -0.00105885 -0.000604764 -0.00234734 -0.00585489 -0.0123789 -0.00509561 -0.00300555 -0.00190628 0.00571378 -0.00500721 -0.00832396 -0.00223638 -0.0139446 0.00587946 -0.000529008 -0.0090866 0.000632166 0.00353385 -0.0104263 0.000480234 -0.0153554 -0.000770641 -0.000416963 -0.00329803 -0.00498312 
-0.00473358 0.000563628 -0.00599091 0.00376793 -0.0290916 0.000714143 -0.00807282 -0.00222592 -0.00243479 -0.00756588 -0.00942556 0.0377724 0.00149317 0.0063683 -0.0351653 -0.0381271 -0.0277137 -0.0188399 -0.0109008 -0.0204219 -0.0183375 -0.00681024 0.24899 -0.0150416 0.00992346 0.0226811 -0.00555584 -0.0153701 0.00266422 -0.0111518 0.0468259 -0.0151815 0.0242043 0.00328281 0.00420486 -0.0081156 -0.00575249 -0.00768716 -0.011534 0.00265452 -0.0059359 0.0160021 0.00828718 -0.00462019 0.00756602 -0.0100125 -0.0092334 0.0045689 -0.00789416 0.00702708 -0.0315844 0.00338211 -0.000141811 -0.00601647 -0.00193622 0.000903586 0.0170447 -0.0127959 0.0145795 0.00128049 -0.00362745 0.00082409 0.00063406 -0.012732 0.000195423 -0.00191699 -0.0018294 0.00145892 -0.00703445 -0.00736571 -0.00247701 0.00494197 0.00775255 0.000858925 0.00334487 -0.00418346 0.00210903 0.00145802 -0.0155278 -0.0146697 -0.0129763 -0.00314192 0.00357428 -0.0232011 0.000374537 0.00742553 -0.00713042 0.00427492 -0.0142785 0.006309 -0.004737 -0.00389937 -0.000288669 0.0110586 -0.00438176 0.00768094 -0.00410877 0.0193385 -0.00170454 0.00226433 
0.000657019 -0.00098882 -0.00201558 0.00631163 -0.009341 -0.00102869 0.00563279 0.00154294 -0.00238926 0.00789931 -0.00789216 -0.0173738 -0.00571554 -0.0273991 0.00375224 0.00124341 0.00713465 0.0141206 0.0082262 -0.0157094 0.000794992 -0.0118077 -0.0150416 0.221718 -0.0315277 -0.00533443 -0.0214132 -0.00878847 -0.000970136 -0.00828168 -0.0277392 -0.0232748 -0.0113718 -0.0240269 -0.00691201 -8.08021e-05 -0.000296237 0.00293431 -0.000508713 -0.00753161 -0.000286171 0.00233228 0.000682289 0.00891483 -0.010028 -0.00272721 0.000371679 0.00317698 -0.00390866 0.00781414 0.00893172 0.00462182 -0.000239711 0.00305796 -0.00562112 -0.000924681 -0.019513 -0.00672039 -0.0219351 -0.00255954 0.000557231 -0.00915278 0.0115099 -0.00151673 0.0217068 -0.00197873 0.013171 -0.00603712 -0.0141037 0.00462059 -0.004119 -0.00355128 -0.00959039 0.000925655 -0.00220074 -0.00242418 0.00244175 0.00211567 -0.0082024 0.0158038 0.0175665 -0.00297384 0.00241345 0.0171451 0.00125763 0.0223578 0.00924556 -0.00406209 -0.00271553 -0.000245518 -0.00330708 -0.00167849 0.004406 -0.00845903 -0.000496548 -0.00729766 0.00194583 -0.00177401 -0.00482337 -0.00112814 
-0.00337637 0.00119649 0.00366433 0.000724821 0.0103395 0.00351943 -0.00256326 -0.00788039 -0.0083228 -0.0129208 -0.0181209 -0.000391815 0.0056716 -0.0158671 -0.0160699 -0.0363779 0.0182304 0.0107237 -0.0326717 0.0066323 -0.0438751 -0.00927314 0.00992346 -0.0315277 0.230227 0.0012738 0.0324849 0.0107856 -0.0208948 0.00254004 -0.00635971 -0.0130634 0.0217532 0.00170096 -0.00235096 -0.00539589 -0.0104928 -0.00319938 -0.0113106 -0.00316072 -0.000829189 -0.0101529 -0.0118722 0.0208953 0.00500223 -0.00603176 -0.00457285 -0.00263619 -0.00261656 0.00158956 -0.00145752 -0.0043086 0.000792067 -0.00707332 -0.00094959 0.00441185 0.00160326 0.0017255 0.0100011 0.00280917 -0.00745863 0.000962324 -0.0127284 -0.0124978 -0.000673395 -0.00227216 0.00485683 0.0143834 0.00343669 -0.0146598 0.0079319 0.00567228 0.00198798 0.00167305 0.00136859 -0.00215456 -0.000861126 -0.00615432 0.00142787 0.00045535 -0.0119937 -0.000859407 -0.00811337 -0.0164935 -0.00184773 -0.0246741 -0.00359264 0.0109737 0.00212742 -0.00452795 0.00379512 -0.00386119 0.000864479 0.007907 -0.00257326 0.00175904 -0.000587886 0.0034846 -0.00283212 0.0140953 
-0.000892419 -0.00150589 -0.000805249 -0.0120023 -0.00583687 -0.0036258 0.00363407 -0.00644207 -0.00313537 0.000864297 0.00575071 -0.000710266 -0.0181941 -0.0248494 0.00872817 -0.00279485 -0.0248871 -0.0327686 -0.0107873 0.00368283 0.0135842 0.00483094 0.0226811 -0.00533443 0.0012738 0.24524 0.00394914 0.0205794 0.0154474 -0.00745311 0.0151173 -0.0102126 -0.00433405 -0.027513 -0.010003 -0.0070742 -0.0013873 0.00218879 -0.0221868 0.00216264 -0.0117217 0.00338277 0.000936343 0.00415739 0.00954808 -0.00921039 -0.00749633 0.00620284 -0.00986132 0.00478491 0.00715591 -0.00241236 0.000187813 0.00306382 -0.00182513 -0.00310688 0.012181 -0.0056342 0.00401215 0.00128371 -0.00178472 -0.0120908 0.00163699 0.00219262 -0.0143401 0.000725765 0.00170072 -0.00163427 -0.00725374 0.00197731 -0.0090818 -0.00432899 -0.00544087 -0.00144049 -0.000183103 -0.00567117 0.000745972 -0.00306448 -0.00342086 0.0017965 -0.0159444 -0.00711915 -0.00799308 -0.00629889 -0.00256558 0.00855584 -0.00676743 -0.000298235 -0.0180946 0.00983915 -0.00320515 -0.00421614 0.00199011 -0.00896911 -0.00837257 -0.00225489 -0.00131925 0.0114336 0.00524565 -0.0152934 
0.00327303 -0.000417242 0.00349833 -0.00664488 -0.0151805 0.000662071 -0.00677827 -0.0105209 -0.00861953 -0.0133032 0.000892796 -0.00470149 -0.00916856 -0.0135351 0.0145235 -0.0303846 0.00290859 0.0195475 -0.0286064 -0.00697455 -0.00740091 -0.00112521 -0.00555584 -0.0214132 0.0324849 0.00394914 0.175543 0.0189411 -0.0104562 0.0111938 -0.018583 0.012272 -0.000517004 0.0035437 -0.000201608 -0.00079731 -0.00698492 -0.00400619 -0.00606982 -0.000599174 -0.00437297 -0.0143195 -0.00717275 -0.0113706 0.00217498 -0.00501056 0.00344657 -0.00155401 -0.00411392 -0.00843884 -0.00707114 -0.00541088 -0.00332067 0.00235324 0.00636407 0.00217488 0.00735945 -0.00393447 0.00564153 0.000642803 -0.00207224 0.00617069 -0.0210812 0.00800921 -0.00572853 0.0029546 0.00762286 0.0148555 0.00917623 -0.00880954 0.00366018 0.00621431 0.00180047 -0.000115017 -0.00174497 -0.00411548 0.00122616 -0.00273301 -0.00090095 -0.0106733 -0.00840136 0.000532645 -0.000127843 -0.0101879 -0.00343462 0.00382968 -0.00453059 -0.000309444 -0.000926199 -0.00118385 0.00157711 -0.00253324 -0.000280045 0.000992462 0.00115724 0.00468703 -0.00287014 -0.00742678 0.00420299 0.00276182 
6.06203e-05 0.000862212 0.000251986 -0.0140813 -0.023594 0.00143221 -0.0209111 -0.0190797 -0.014077 -0.00238307 0.0161801 0.0126311 -0.000282035 -0.00263818 -0.00585085 -0.0160761 0.00277935 -0.015426 -0.0313451 -0.0370482 0.025871 -0.0132525 -0.0153701 -0.00878847 0.0107856 0.0205794 0.0189411 0.230728 0.0101281 -0.00156586 0.0030732 0.0102812 0.0115021 -0.021823 -0.00809583 -0.00290241 -0.00145038 0.00906091 -0.000784334 -0.000622401 -0.000503138 0.00234016 -0.00107259 -0.0153228 0.00297029 -0.00404834 -0.00311297 -0.0140875 -0.00346324 -0.00427997 0.0113002 -0.0130318 -0.000485042 -0.0078667 -0.00363349 -0.00847724 -0.00463133 0.00147456 0.000218259 -0.00456585 0.00071546 -0.0161993 0.00823938 -0.000719515 -0.0166957 -0.000761865 0.000714251 -0.00583586 0.00192824 0.00531675 0.00300443 -0.00129667 -0.00879566 -0.00418826 -0.00105455 0.0001053 -0.00163895 -0.00256608 0.000978555 0.0121501 -0.001703 -0.00259163 -0.00786679 -0.0133153 -0.00101364 -0.0133255 0.00245093 0.0113969 -0.0105484 0.00220241 -0.00584207 0.00588353 -0.00545892 0.00407591 -0.00650418 0.00993222 0.00547203 -0.00222502 0.00716558 0.0109938 
0.000847242 -0.000611281 0.00081998 -0.00569182 -0.00657556 -0.000536646 -0.00657596 -0.0083495 -0.0106928 0.00127603 0.00877307 0.0086272 0.00502884 0.00186851 -0.0241562 0.0043962 -0.00852323 -0.0172215 -0.0197915 -0.0106437 0.0092096 -0.00449432 0.00266422 -0.000970136 -0.0208948 0.0154474 -0.0104562 0.0101281 0.13046 0.0043901 0.00585698 -0.00601486 -0.00242048 -0.0031124 0.00157366 -0.00282986 0.000186541 -0.000543303 -0.0103283 -0.00341756 0.00880372 1.17672e-05 0.00802586 -0.00782851 -0.00128005 -0.00833984 0.00156407 -0.0031408 -0.00147247 0.0020415 -0.00469707 -0.00449191 -0.00234439 -0.00225696 -0.00173644 -0.00190023 0.00222989 -0.00133948 0.00733653 -0.000268407 0.00473811 -0.00312652 0.00379438 0.00344049 -0.00839864 0.00145634 0.00548148 -0.00259989 -0.000433569 0.00199542 -0.00237419 0.000367487 -0.00126523 -0.000743706 0.00161694 -0.00237083 0.000148023 0.000834525 -0.00497648 0.00539285 -0.00329037 -0.00133019 -0.00369037 -0.00477409 0.00266444 0.00271416 0.000456731 -0.00134243 -0.00735657 -0.00862452 -0.0052513 -0.00138859 0.000150114 0.00290425 -0.00126551 0.00405316 0.00264777 0.00607936 -0.00106699 -0.000884757 
0.0010604 0.000260005 0.000889841 -0.00721189 0.00412673 6.39187e-05 0.00458457 -0.00982803 -0.012817 -0.00846374 0.0132451 0.00696493 -0.00491701 -0.0184365 -0.0330394 -0.00560347 0.00234694 -0.0220727 -0.00387474 -0.00490463 0.0125797 0.000530788 -0.0111518 -0.00828168 0.00254004 -0.00745311 0.0111938 -0.00156586 0.0043901 0.218267 -0.0253364 -0.010369 -0.00477491 0.0101404 -0.000485816 -0.00321526 -0.00207352 -0.00300177 0.0157085 -0.00506508 0.0115502 -0.0039148 -0.0100807 0.00209224 -0.0145003 0.00530545 -0.00759841 -0.00698562 -0.00718376 -0.00772435 -0.0169324 0.00351116 -0.00740076 0.00192824 -0.000250255 0.0104459 -0.00114695 -0.00094717 0.00171678 -0.00370436 -0.00179187 0.0101901 0.0129631 0.00268033 -0.00949219 -0.00236968 -0.0155343 -0.000204672 0.00945186 0.00189059 -0.00417059 -0.00151474 -0.0105073 0.000428251 0.00187023 0.00206557 -0.00616701 -0.000887895 0.00738312 -0.0145746 -0.00746547 0.00446592 -0.00216782 -0.0035183 0.00160797 -0.00594509 0.000960031 -0.00219543 -0.00747502 -0.003691 0.00417608 -0.00379645 -0.00216992 -0.00952817 0.003536 0.0137402 -0.000354426 -0.00328233 0.00251158 -0.00424585 
-0.00257595 -0.00140646 -0.00129245 -0.00652859 -0.0124928 -0.000146572 -0.000980401 -0.00331502 -0.00622879 -0.00534958 -0.00262165 0.0131472 -0.0123984 0.0316477 -0.00193892 -0.0246179 -0.0206224 0.0113923 -0.013192 -0.0304261 0.00299728 -0.0222449 0.0468259 -0.0277392 -0.00635971 0.0151173 -0.018583 0.0030732 0.00585698 -0.0253364 0.218328 0.00708124 -0.00533551 0.0227005 -0.00677082 -0.00447209 -0.00838808 -0.00411597 -0.00551785 0.001139 -0.0113547 0.0186635 0.00846994 -0.0182484 0.00511241 -0.0148637 -0.00870501 -0.00137302 0.00104014 -0.000771563 -0.0025242 0.00215403 0.00391717 -0.00666624 0.00490795 -0.00484881 0.0253091 -0.0127194 0.0225119 -0.00221357 0.0017526 -0.0102812 -0.00422337 -0.00613608 -0.0207608 -0.00112156 -0.00293207 -0.00592495 -0.00146192 -0.00919301 -0.00391131 0.000184251 0.00391598 -0.00122923 -0.0005878 -0.0029423 0.00256683 0.00241483 -0.0128342 -0.0121062 -0.0118585 -0.000557883 0.00175295 -0.0144619 0.000306505 0.00839828 -0.00844149 0.00366812 -0.00335141 0.00638607 -0.00464759 0.00036716 -0.000799329 0.000188731 -0.00494787 0.00441344 -0.005645 0.0110311 -0.00130099 -0.00179589 
-0.000662982 0.000919355 0.00428858 0.00148883 -0.0101574 0.000802877 -0.0147605 -0.00267238 0.000121334 -0.00484209 -0.000801873 -0.0120504 -3.51899e-06 0.00870655 0.00275581 -0.00945776 4.39118e-05 -0.00464091 0.0106626 -0.016895 -0.00171987 -4.61266e-05 -0.0151815 -0.0232748 -0.0130634 -0.0102126 0.012272 0.0102812 -0.00601486 -0.010369 0.00708124 0.138397 0.00527278 0.00247081 -0.0012334 0.00361439 0.000294222 -0.000908927 0.0156838 0.000547869 0.00208445 -0.00399601 0.0028621 -0.0120613 0.00216217 -0.000149985 -0.00329521 -0.0037716 -0.000691502 -0.00336184 -0.000815363 -0.00530639 -0.00597437 0.00146553 -0.00244708 -0.0063732 -0.0085143 -0.0036291 0.00692225 -0.00135351 0.00491449 -0.0041371 -0.00872088 0.00267111 -0.00562254 -0.000264846 -0.00435439 -0.00273795 0.00411115 -0.00629671 0.000608693 -0.00167653 0.00235035 -0.00251565 -0.00128655 -0.00183881 -0.00365346 0.000249711 0.00130276 -0.0017744 -0.00128218 -0.00223821 0.00139115 -0.000289319 4.23168e-05 -0.0114606 -0.00153978 -0.000121472 0.00828559 0.0140329 -0.00232424 -8.1177e-05 0.000309758 -0.0012355 -6.20413e-05 0.00332322 -0.00317155 -0.00466433 0.00216721 0.0070988 
-0.00125107 0.000385327 -0.00205129 -0.0029835 0.0087552 0.0017338 -0.0203881 -0.00852874 0.00158806 -0.00194409 0.000590827 -0.0165138 0.0172149 0.00330518 -0.0230126 -0.00660296 -0.0039143 -0.000675638 -0.0111069 -0.00814832 -0.0452989 -0.0114603 0.0242043 -0.0113718 0.0217532 -0.00433405 -0.000517004 0.0115021 -0.00242048 -0.00477491 -0.00533551 0.00527278 0.157753 0.00173403 0.00369969 -0.00273743 -0.000629255 0.00278256 0.00963118 0.00110172 0.00648278 0.00578779 -0.000976778 -0.00252776 -0.00714907 -0.00167465 0.00337204 -0.00186499 0.000181666 -0.00834233 -0.0101409 -0.000194429 -0.000739573 0.00418606 -0.00010218 -0.000258782 -0.0181879 -0.00627335 -0.00398912 0.00299898 -0.00211097 -0.0158578 -0.0120657 0.000456114 -0.0154023 -0.00166088 0.00692964 0.00159743 -0.00504051 -0.00774806 0.00346143 0.00284217 -0.00135296 -0.00292478 0.00210189 0.00169847 -0.000458784 0.000134659 0.00053607 0.0108856 -0.00248302 0.00859699 -0.0011946 -0.0087043 0.00202193 -0.0143495 2.14906e-05 -0.00286912 -0.00961139 0.0019974 -0.00615564 0.00401378 -0.00249833 0.00904471 0.00246603 0.00212845 0.000486201 0.00868162 0.000199605 0.00459258 
-0.00198084 0.00041655 -0.00155901 0.000174383 0.0101672 -0.00237312 -0.00999422 0.00820335 -0.00714768 -0.00410959 -0.011441 0.00629764 0.0117954 0.0060413 -0.0175889 0.00880534 0.00385172 -0.00887788 0.0108335 -0.00492652 -0.0377938 -0.00466124 0.00328281 -0.0240269 0.00170096 -0.027513 0.0035437 -0.021823 -0.0031124 0.0101404 0.0227005 0.00247081 0.00173403 0.174182 0.00251094 6.66487e-05 -0.000533915 -0.000889748 0.00285603 -0.00316161 -0.00629265 -0.000597236 0.00610475 0.00783308 0.00525621 0.00481117 -0.00823545 -0.00130834 0.00426624 -0.00781802 -0.0175889 0.00245989 -0.00306062 -0.00530626 0.000802832 -0.000988991 0.0156094 -0.0137284 0.000434466 -0.00160168 -0.00317994 -0.00261043 0.00352762 -0.00101502 -0.00580222 -0.00249299 -0.00805003 0.000533293 0.00881431 -0.0122842 0.000859925 0.00338556 -0.0010406 -0.00258586 -0.00190961 -0.00229633 0.00528582 -0.00217129 -0.000881889 -0.00688572 -0.00777624 -0.00159612 0.00436958 -0.00452108 -0.000665783 0.0166526 -0.00557098 -0.00290353 0.0014534 -0.0103507 -0.00035863 -0.00448337 -0.001923 -0.0086786 -0.00110029 0.00264934 -0.0073136 0.000349016 -0.00406509 -0.0126799 
