0.180125 -0.00403101 -0.0100062 -0.00215751 0.000521931 -0.00488088 0.00254464 -0.00513391 0.0063451 -0.00472656 0.0123547 8.97955e-05 0.0141164 -0.0065845 -0.00743646 0.01844 -0.0170932 -0.0108913 -0.0035205 -0.0216023 -0.00649056 0.00013146 -0.00358914 -0.0130806 0.00755185 -0.00453741 0.0119 0.0135804 -0.00659716 -0.000622474 -0.00208785 -0.00363368 -0.000834266 0.000168077 0.0125371 -0.0133967 0.0118548 -0.00736878 -0.00064202 -0.00124486 0.00628018 0.0185037 -0.00168344 -0.0085144 -0.000744646 -0.00416462 -0.0026614 0.000401265 -0.000616636 0.00728366 -0.000475416 -0.00356198 -0.00192691 -0.00214234 0.00112034 -0.00572256 -0.00178387 -0.00686037 -0.00495067 -0.00140953 -0.0110982 0.00315361 -0.0142004 -0.00204402 1.07652e-05 -0.00166121 4.10006e-05 -0.000673048 -0.00391234 -0.00411454 0.00246433 0.0031512 -0.0156387 -0.00121569 -0.00483599 -0.00826662 -0.00294351 -0.00175144 -0.00142366 -0.00279073 -0.00455807 0.000365847 -0.00287416 0.0018307 -0.00383676 0.00586393 0.00102754 0.00775084 -0.00183545 -0.00307048 -0.0134203 -0.00289765 -0.00153706 0.0013854 -0.00594526 -0.000712092 -0.00102645 -0.00996465 -0.00360274 -0.0116357 
-0.00403101 0.0413227 -0.00253389 0.00119576 -0.000863064 -0.00231934 -0.000809402 -5.45362e-05 -0.00306035 -0.000446659 -0.0021985 0.00216972 -0.000570056 -0.00116996 -0.000822548 0.000582363 0.00355809 -0.00419506 0.000758092 -0.00114584 -0.00147756 -0.00398604 -0.00290186 -0.00137526 0.00154671 -0.000388078 -0.00185123 -0.00348276 0.000999779 0.000971133 -0.000692031 -0.000694124 6.46568e-05 -0.000432585 -0.000996335 0.000877867 -0.00200178 -0.00134683 -0.000534217 -0.000543528 -0.0016709 -0.00164632 -0.000407142 -0.000602871 -0.000698686 -0.000724461 0.000663315 -0.00173518 -0.000946925 -0.000224957 -8.38659e-05 0.000216418 -0.000477587 7.71809e-05 -9.98421e-05 0.000880343 -0.000152931 0.00262492 -0.00101842 -0.00058933 -0.00105183 -0.000454164 -0.00140087 0.000944962 -0.000241562 -8.95133e-05 -0.000481862 0.00126332 0.000369807 0.00311058 0.00137204 -0.000741137 -0.0023946 0.00024365 -0.00186486 0.000143733 0.000269531 0.000105737 3.54894e-05 0.000202249 0.000202876 0.00114154 0.00130718 0.00162988 0.000596257 0.000298282 -0.000101599 -0.000938002 -0.000455537 -0.000891662 -0.00176354 0.000262433 -0.000559798 -0.00142569 -0.000297956 -0.000271812 0.000111503 0.00104564 0.000231764 3.2385e-05 
-0.0100062 -0.00253389 0.153731 0.00210461 -0.00031674 -0.0162787 0.00074029 0.000743023 -0.00299502 -0.001844 -0.0164571 0.00161098 -0.00863256 -0.00317777 -0.0162936 0.0138526 -0.0120451 -0.00142735 0.00792428 -0.0141387 0.0124683 0.0323125 8.13825e-05 0.0190991 -0.0133657 0.012645 -0.00596852 -0.00779633 -0.00399777 -0.00454589 -0.00523194 -0.00209914 0.000972162 0.00355403 -0.0140412 0.00243289 -0.000954282 0.0141464 -0.00257403 0.00177108 -0.0108922 0.00249355 0.0024541 -0.00589588 -0.00246613 -0.0014255 -0.0053924 -0.00952744 0.00373129 -0.00183094 -0.00340634 -0.00343299 0.000463444 -0.00153634 -0.000903626 -0.00297728 -0.00171651 -0.0044429 0.00155647 -0.00276988 0.00289615 -0.0021437 0.00438251 -0.00393021 -0.0015686 -0.00594875 0.000892296 -0.00189268 -0.0016722 -0.0012406 0.00118465 -0.0130482 0.00757313 -0.00254141 -0.00689917 0.00167673 -0.00492792 -0.000526437 0.000429822 -0.00372629 -0.00282249 -0.00598203 -0.00716115 -0.0113608 -0.00157271 -0.00185673 -0.00429485 -0.000785376 -0.00281234 -0.000572222 -0.00247771 -0.00113482 -0.00479219 -6.08229e-05 0.00227211 -0.000966783 -0.00126933 -0.000717925 -0.00137928 0.015228 
-0.00215751 0.00119576 0.00210461 0.114246 -0.00243979 -0.00763086 -0.000870677 -0.00208887 0.00373437 -0.00133468 0.00297774 -0.00176395 0.000153572 0.0145488 0.0122774 -0.000603088 -0.00863209 -0.000188653 -0.000503046 -0.00831115 0.00799292 0.0103339 -0.00617689 -0.00887002 -0.00899415 -0.00236935 5.07188e-06 -0.00357847 -0.000583999 0.00180034 -0.000793527 -0.00594788 -0.0033946 0.000778503 -0.00700119 0.00439265 0.0143769 -0.00484743 -0.000233088 -0.00228865 -0.00699149 -0.0200091 0.0112317 -0.00208763 -0.00174194 -0.000288063 0.00328293 -0.010003 0.0031031 -0.00356743 -0.000199902 -0.0044755 0.00181662 0.0043494 -0.000811475 -3.36644e-05 -0.000654317 -0.00306773 -0.00428192 -0.0023375 0.000357012 0.00140973 -0.00316237 -0.00335449 0.00239608 -0.00297901 -0.00163755 -0.00242145 -0.000879482 0.00283557 -0.00253662 -0.0110692 -0.00359651 -0.00201512 -0.00276612 0.00109311 0.00121773 0.00182919 0.000740028 -0.00190664 -0.0027994 -0.000218989 -0.00431193 -0.00421261 -0.00371395 -0.00398056 -0.00347359 -0.00252423 7.59521e-08 -0.00367059 -0.00562158 -0.00194587 0.00044893 -0.00626638 0.00489998 -0.00135534 -0.000728933 0.00766506 -0.00106462 -0.00322769 
0.000521931 -0.000863064 -0.00031674 -0.00243979 0.0583753 -0.00830441 -0.00220457 -0.000722084 0.00262049 -6.71306e-05 0.00135352 -0.00497313 -0.00406933 0.0039501 0.00272129 0.00470389 0.000907302 0.00293125 -0.00257726 0.00579778 -0.00738873 -0.0013672 -0.000704235 -0.0066995 -0.00818344 -0.00766394 -0.00269788 0.00492326 -0.00163138 0.000563503 0.00153831 0.00208683 -0.000987317 -0.000861778 -0.00317369 -0.00322361 -0.00058213 0.00122822 0.000272064 -0.000103859 -0.00257225 -0.00356753 -0.000168845 -0.000551225 0.00019788 0.00190497 -0.000161481 -0.00187591 0.00143021 -0.00176429 -0.000417212 -3.48264e-05 0.00138254 0.00017885 0.00230674 -4.70116e-05 -8.7905e-05 0.000263644 -0.000446144 -0.00231946 -0.00342222 -0.000765944 0.000556558 -0.00169133 0.00125624 -0.00214266 -0.00117556 0.000791112 -0.00051407 -0.00226612 -0.000906442 0.00453255 -0.00433654 0.00432564 -0.00537694 -0.00236893 0.000581299 -0.000781504 7.17741e-05 0.00143604 -0.00105539 -0.00149816 -0.00244438 -0.000342271 0.00148814 -0.0010781 -0.000411661 0.00132592 -0.00129096 -0.000582144 0.00900677 -0.00113716 -0.00173411 0.0024549 -0.00157815 0.000735419 2.2672e-05 -0.00250388 -0.00047138 -0.0030486 
-0.00488088 -0.00231934 -0.0162787 -0.00763086 -0.00830441 0.178325 -0.00117939 0.00129959 -0.00889943 -0.00252838 0.00095375 -0.0130099 -0.00422485 -0.0212229 0.00782673 0.0122596 0.0121158 -0.0146917 0.00142239 0.0174891 -0.0269614 0.00465389 -0.00977164 -0.0159345 0.0104788 -0.00299306 -0.00815804 -0.00886826 -0.00932957 -0.000260063 -0.00194536 -0.00968697 0.000824159 -0.00763727 0.00192868 -0.0126679 -0.00714804 0.0102517 -0.00207097 0.000375228 -0.00226421 0.00791226 -0.0047182 0.00275835 0.000799841 5.51592e-05 -0.000752821 0.00472153 -0.00606777 0.00238722 -0.00242868 0.00564073 0.000653743 -0.00197312 0.000261642 -0.00278855 0.000105068 0.00228062 0.00138929 -0.000510534 -0.00497137 -0.0032029 -0.00241314 0.00439317 -0.0026375 -0.0145301 -0.0012087 -0.00287144 0.00125446 0.00295132 -0.00241395 -0.00239819 -0.00490776 0.00352806 0.0141376 -0.00553104 0.00288568 0.00104218 -0.00185836 -0.000622064 -0.00374382 0.00393509 0.0091303 0.0107227 0.00161895 0.0118279 -0.0012508 -0.00484965 -0.00359914 -0.00210513 -0.0183365 0.00554493 -0.0051126 -0.00864522 -0.00740281 -0.00183321 -5.76577e-06 -0.0038692 -0.00397992 0.00226563 
0.00254464 -0.000809402 0.00074029 -0.000870677 -0.00220457 -0.00117939 0.0824526 -0.000369521 -0.000441069 -0.00140605 -0.00278564 -0.000521726 -0.00400743 -0.000521989 -0.00267368 -0.00249379 -0.00506344 -0.00114258 -0.00412073 -0.00331209 0.00299461 0.00620684 -0.00767129 -0.00149532 -0.00428391 0.00611513 0.00306289 -0.00235083 0.00260257 -0.00057948 -0.00252778 -0.00324646 0.00180066 -0.000338902 -0.00318092 -0.00342187 -0.00364915 0.00273426 0.000686449 0.00383491 0.0018784 -0.000188771 -0.00409037 -0.00403099 -0.000216349 0.000595862 7.86733e-05 -0.00396673 -0.000684647 0.00131695 -0.00387726 -0.0020842 0.000253001 0.00049378 0.000204046 -0.000503845 -0.000333733 -0.00394985 -0.00222973 0.00017053 0.00524498 0.00119694 -0.00302279 0.000372907 -0.000984627 -0.00381921 -0.000611649 -0.00176246 0.000749988 -0.00156809 -0.000261199 -0.00549009 0.00186747 -0.00283875 -0.00629132 -0.00171486 -0.00161342 -0.000974874 -0.000357265 -0.000557315 0.00384385 -0.00154483 -0.000265826 0.00025861 0.000688661 -0.00352617 0.00484687 -0.0028093 -0.000364752 -0.000105294 -0.00311681 0.000225563 -0.000226261 -0.00316654 -0.000649316 -0.000910188 -0.000666421 -7.51264e-05 8.17738e-05 0.00197621 
-0.00513391 -5.45362e-05 0.000743023 -0.00208887 -0.000722084 0.00129959 -0.000369521 0.0425065 0.00190802 0.000694351 -0.00227977 -0.000322438 -0.000901749 5.14984e-05 -0.00176739 0.00157687 0.00876192 -0.0044789 -0.00417617 -0.00427662 -0.000816364 0.00312852 8.40861e-05 -0.00277398 -0.00706616 -0.00205787 -0.00186373 -0.00455986 -0.000679662 0.00155923 0.00107249 -0.000494902 -0.000724942 0.000249888 -0.00458487 0.00235805 -0.00517771 -0.000308253 -2.49289e-05 0.000357847 0.000586661 -0.00660604 -0.0023946 -0.000786955 -0.000174961 -0.000181228 -9.56787e-05 0.00260476 -0.000703919 -0.00178895 8.71448e-05 0.000565487 -0.000606469 0.000553774 0.000318817 -0.000938388 0.0010782 -0.000229517 -0.000407097 0.000298749 -0.000392519 4.29458e-05 -0.000437974 -0.000889921 -0.000463259 -0.00147793 0.000887878 -0.000909762 0.00018361 0.00212139 0.00133569 -0.0022382 0.00333544 0.00222484 -0.00337719 -0.00119379 -0.000620366 0.000450005 -5.19472e-05 -0.000405301 0.000497011 -0.000663981 -0.000382167 -0.000505354 0.00128208 -0.000563402 0.00353759 -0.000807174 0.00211495 -0.000925248 -0.00507305 0.00127705 0.000600359 -0.00148787 0.000472434 -0.000165367 -0.000365926 0.000212819 -0.000418394 0.00341356 
0.0063451 -0.00306035 -0.00299502 0.00373437 0.00262049 -0.00889943 -0.000441069 0.00190802 0.119815 0.00175622 0.022412 -0.00254671 -0.0054256 0.00256097 0.00404419 0.00254976 0.000686223 -0.00167591 -0.0088042 -0.0132682 0.0171684 0.0173147 -0.00876976 -0.0295382 -0.0173979 -0.0147705 0.00896921 -0.0115595 -0.00493312 0.00779245 -0.00114037 -0.00289398 -0.000962406 -0.00285986 -0.00307681 0.0072639 0.00340176 0.000768841 0.00115659 -0.00118033 -0.00213706 -0.00174266 -0.00740563 -0.00111252 -0.000322721 -0.00183598 -0.000402004 0.00293561 -0.00323327 0.000545084 0.00219567 -0.0081567 0.000263703 -0.00181703 -0.000425187 -0.00119233 0.000195152 0.00325907 -0.00118103 0.00140811 0.00289767 -0.00241051 -0.00352164 -0.00422454 -0.000520267 -0.00429433 -0.00226645 -0.00325219 -0.000508834 -0.00322498 -0.00154566 0.00387315 -0.00409365 -0.00143079 -0.00227199 -0.00627514 -0.00222792 -0.00123822 -0.000262986 -0.000405078 -0.00392581 -0.00174257 -0.00618805 -0.00154849 -0.00108173 0.0126123 -0.00064874 -0.00351133 0.00131449 -0.00176106 -0.00979886 -0.00113899 -0.00299927 -0.00423328 -0.0014558 -0.00161193 -0.000367355 0.00348348 -0.00249868 -0.00160145 
-0.00472656 -0.000446659 -0.001844 -0.00133468 -6.71306e-05 -0.00252838 -0.00140605 0.000694351 0.00175622 0.0448269 -0.00420819 0.00158015 -0.00620785 0.0034015 0.000156076 -0.00832758 -0.00195276 0.00358201 -0.00371501 -0.00341279 0.000953326 -0.00221766 0.000263212 0.00261211 -0.00269153 -0.0086165 -0.000117588 0.00194437 0.00119787 -0.00033605 0.00105608 -0.00268993 -0.00106611 0.00185284 -0.00173743 -0.00120573 -0.00357824 -0.00105548 0.000402482 -0.000333196 -0.000550475 -0.00541879 -0.00135135 -0.00201711 -0.000140092 -0.000799187 -0.000471598 0.000885462 -0.00179228 0.000706548 0.00043919 -0.00085877 -0.00013558 -0.00102785 0.000488441 0.000743187 0.000102496 4.92785e-05 -0.00102708 -0.000320455 -0.00157623 -0.000305418 0.00434984 -0.000517159 0.000286954 0.00135645 0.000155361 0.00126849 0.000430694 0.000625809 0.00148993 0.00119889 -0.00247817 0.000439192 0.00151763 0.000192534 -0.00103401 -0.00031107 0.000328656 0.000837158 -0.000915875 -2.51069e-05 -0.00116927 -0.00030767 0.000322301 0.000364994 -0.00145877 -0.000625526 0.00223133 0.00223053 0.00479617 -0.000305804 0.00283593 -2.38484e-05 -0.000513728 0.000466552 -0.0001468 -0.00136812 -0.000865244 -0.00173802 
0.0123547 -0.0021985 -0.0164571 0.00297774 0.00135352 0.00095375 -0.00278564 -0.00227977 0.022412 -0.00420819 0.154068 0.00225243 0.011571 -0.0137062 -0.0074961 0.00262324 0.00565186 -0.0102835 -0.00261064 -0.00386444 0.0027199 0.00478519 -0.011995 -0.0420074 -0.0086132 0.0142928 -0.00160085 -0.0117665 -0.00371337 -0.00146911 0.00269757 -0.00162223 -0.00351527 -0.00689201 -0.001436 0.00179801 -0.0132521 0.00493558 0.000712107 -0.0013661 0.00209535 0.0196788 -0.0114313 0.00135012 -9.49596e-05 -0.00149019 4.85185e-06 0.00556594 -0.00346842 0.00273058 -0.00255653 -0.00398332 -0.00178217 -0.00239828 0.00222104 -0.00356578 0.000555691 0.000639754 -0.00327912 -0.00474513 -0.00135157 1.05326e-05 -0.00570073 -0.0043739 -0.00210431 0.000850288 -0.00142569 -0.00183934 0.0022985 -0.00852462 -0.000156276 0.00519547 -0.00501354 0.000451494 -0.0124508 -0.00379434 -0.00447429 0.00126249 -0.00055553 -0.000944621 -0.00275393 0.000469587 -0.0068586 0.00479312 -0.00100929 0.00753806 0.00229406 -0.00330136 -0.000499756 -0.00203324 -0.0110043 -0.00279845 -0.0080693 0.00242115 -0.000107649 -0.00186567 -0.00204953 0.00886674 -0.0022879 -0.00816976 
8.97955e-05 0.00216972 0.00161098 -0.00176395 -0.00497313 -0.0130099 -0.000521726 -0.000322438 -0.00254671 0.00158015 0.00225243 0.127505 0.010971 -0.00171457 -0.0116919 -0.023047 -0.0132479 -0.0253377 0.00496238 -0.00187347 0.00591791 -0.0148701 -0.0117658 -0.00465851 -0.0109659 0.0128671 0.00210601 -0.0186053 0.00039689 -0.00457941 0.00259646 -0.00201637 0.0084624 -0.00508156 0.00625992 0.00187322 -0.00659193 0.0108515 -0.00201818 -0.00120588 -0.00227795 0.0232402 -0.00915163 -0.000704303 -0.00056989 0.00161552 -0.000447928 -0.00496361 -0.00198538 -0.00138642 -0.00431967 -0.00259812 -0.000781941 -0.00201044 -0.000502889 0.00607722 -0.000339673 0.00372559 -0.00141725 -0.000128762 -0.000200745 -0.000129182 -0.00523237 0.00236209 -0.000436122 0.000896046 0.00585981 -0.000493479 0.000954639 -0.00273784 -0.000669538 0.0012112 -0.00414233 0.00120844 -0.00901751 0.00748663 0.00216573 -0.000815625 -0.000944177 -0.00241465 0.00114902 -0.00180507 -0.0042487 -0.00110138 -0.00026793 -0.0047917 0.00600917 0.000304903 0.0020409 -0.00103338 -0.0164719 -0.000784507 0.00159469 0.000834354 -0.00718338 -0.00100647 -0.000571543 0.00509381 0.0047698 0.00142165 
0.0141164 -0.000570056 -0.00863256 0.000153572 -0.00406933 -0.00422485 -0.00400743 -0.000901749 -0.0054256 -0.00620785 0.011571 0.010971 0.220727 -0.00195238 -0.000988945 -0.0204728 -0.0119789 -0.0148219 0.0118721 -0.00260426 0.00949934 -0.024395 -0.017925 -0.0308405 0.00636288 0.0235396 -0.00631175 -0.00992161 -0.0131412 -0.00560812 -0.00495387 0.009535 -0.00625703 -0.0012883 -0.00313692 0.0144979 0.00346733 -0.00793916 -0.00423828 -0.00412522 -0.00310349 0.0304133 -0.0205444 0.00558702 0.00246773 0.000732422 -0.00266022 -0.000487159 -0.00158998 -0.00537354 -0.00231317 -0.00284842 -0.00141407 -0.00569823 0.000605364 -0.00740184 -0.00267531 0.00138457 -0.0027217 0.00225038 -0.00475019 0.00221794 -0.00533399 -0.00411176 0.00199097 0.0110333 0.000438628 -0.00193711 -0.000895511 -0.00811187 -0.00645417 -0.00311017 0.00187393 -0.00277592 -0.0184357 0.00010709 0.0036441 0.000212372 -0.00149853 -0.00353409 -0.00442197 -0.00239905 0.00213918 -0.00856495 0.00122934 0.00858996 -0.0013548 -0.00256713 -0.00747302 -0.00410834 -0.0358078 -0.00583205 0.00391337 -0.00505011 0.00296316 -0.00128964 0.000175215 0.000213673 0.00234856 0.00274487 
-0.0065845 -0.00116996 -0.00317777 0.0145488 0.0039501 -0.0212229 -0.000521989 5.14984e-05 0.00256097 0.0034015 -0.0137062 -0.00171457 -0.00195238 0.178886 0.0260701 0.00319301 -0.00361877 0.00798237 0.0042545 -0.00195108 0.00524227 -0.025221 -0.0104946 0.00118269 -0.0146454 -0.0203872 0.000373966 0.00376624 -0.000811945 -0.000438435 0.00433773 0.0053744 -0.00324126 -0.00384289 -0.00560881 0.00120885 0.0152506 -0.0140421 -0.00108207 -0.00190674 -0.00636444 -0.0330468 0.002957 -0.00309464 -0.00298923 -0.00140157 0.00233648 -0.00878 -0.000983183 -0.00556053 5.94144e-05 0.00201533 0.00060685 0.00541164 0.00332825 0.00779234 0.00087349 0.00135815 -0.00364752 0.000520035 -0.00351181 -0.00331631 -0.0114412 -0.00388153 -0.000249891 0.00646995 -0.00436142 -0.00403463 -0.00363437 0.00194224 -0.00540097 -0.0158747 -0.00490289 0.00245339 -0.00535436 -0.00539536 -0.00275293 0.000740807 -0.000130937 0.00322064 0.00158665 -0.000982524 0.00475058 -0.00178269 0.000935969 -0.0173289 -0.00349004 0.000546323 0.000982541 -0.0037975 0.0054674 -0.0018409 0.0011247 -0.0117084 -9.84508e-05 0.00243573 -0.00282616 0.000954928 -0.00437007 0.00317304 
-0.00743646 -0.000822548 -0.0162936 0.0122774 0.00272129 0.00782673 -0.00267368 -0.00176739 0.00404419 0.000156076 -0.0074961 -0.0116919 -0.000988945 0.0260701 0.173706 -0.0123065 -0.00979243 -0.0262803 0.000849207 -0.0103358 -0.00469108 -0.0278255 -0.00705137 -0.0108141 -0.00681817 -0.0373059 0.011351 0.00704046 0.00484201 0.00754778 0.00115385 0.00514679 -0.00256215 0.00288176 -0.000742983 0.00219832 0.0304771 -0.0222181 -0.00116866 -0.000919089 0.00272793 -0.0331221 0.000866286 -0.000782115 0.00525854 -0.00252924 0.00225763 -0.00990414 -0.000432082 -0.00137185 0.00181988 0.00565346 -0.000628343 0.00336978 0.00146913 0.0034699 0.00180329 0.00900564 -0.00506283 0.00265203 -0.00320033 -0.000427669 -0.00401108 -0.00337927 0.00143605 0.00144176 -0.00206739 -0.00338662 -0.00180864 0.00181731 -0.000448051 -0.0165866 -0.00639374 0.0021958 0.014912 -0.0147348 0.000923572 0.00144322 0.00065089 0.00499559 0.000845548 0.00726606 0.00597141 -0.0025134 0.00109749 -0.00153666 -0.00236235 0.000135848 -0.00503361 -0.00104368 0.00525077 0.000227918 -0.00124772 -0.0111216 0.00109558 0.00156351 0.000313686 -0.0100473 -0.00364119 -0.0154002 
0.01844 0.000582363 0.0138526 -0.000603088 0.00470389 0.0122596 -0.00249379 0.00157687 0.00254976 -0.00832758 0.00262324 -0.023047 -0.0204728 0.00319301 -0.0123065 0.217344 0.00875375 0.029483 -0.000787994 -0.0114875 -0.00672852 0.0308988 -0.0110886 -0.014861 -0.0153315 -0.00919939 -0.0119831 0.00514261 -0.00449906 0.00612497 -0.00669467 0.0057152 -0.00360807 -0.00509049 -0.0117314 -0.0264398 -0.0100526 0.00788329 -0.00260621 -0.00359368 0.00275106 0.00145521 0.00325716 -0.00314468 -0.00762336 -0.00172674 -0.0016884 -0.00231749 -0.00405967 0.00802377 0.00226136 -0.00296662 -0.00264207 0.000620516 -0.00332109 -0.0053653 -0.00322363 -0.00869467 -0.00120248 -0.0053551 -0.0109404 -0.00344577 -0.0080902 -0.0102686 -0.00336384 -0.0167149 -0.00608589 -0.00439435 -0.00555515 -0.000537301 -0.00569777 -0.0131627 0.0115466 0.00238466 0.0141466 -0.00237541 -0.00713233 -0.00102633 -0.00184483 -0.00381168 0.00213997 -0.007294 -0.00515058 0.00253259 -0.0044777 -0.00494308 -0.010167 0.000216015 -0.00180247 -0.00914409 0.00776427 0.00292389 -0.00683121 0.00469573 -0.00382832 -0.000109491 -0.0032411 -0.00937557 -0.00936855 0.0187003 
-0.0170932 0.00355809 -0.0120451 -0.00863209 0.000907302 0.0121158 -0.00506344 0.00876192 0.000686223 -0.00195276 0.00565186 -0.0132479 -0.0119789 -0.00361877 -0.00979243 0.00875375 0.161206 -0.00313974 -0.00758092 0.00797881 -0.0175843 -0.00638438 0.00392169 -0.0203881 -0.0104828 -0.00570813 -0.0119444 -0.0193971 -0.00427191 -0.00406485 0.00272691 -0.00673235 -0.0012876 -0.00439002 -0.00790104 0.000525705 -0.00535697 0.00174214 0.00351079 -0.00169314 0.00569892 -0.0126158 -0.00430367 0.0108856 -0.00479103 0.00244527 0.000302835 0.0146267 0.00202333 -0.000498686 0.00668312 -0.00291398 -0.00205554 0.000409478 -0.00107394 -0.00148574 0.00135497 0.00455787 -0.00238631 0.000763525 -0.00075126 -0.00281933 -0.0108474 -0.00109196 -0.00124732 -0.000554839 -0.00362911 0.00206495 -0.000756482 0.00614771 -0.00123658 -0.000444108 -0.00854433 0.00453804 -0.00468981 -0.00310146 0.00510427 0.00093752 0.00176968 0.00356302 0.00525762 -0.0014399 0.000905608 -0.000779608 -0.000674397 -0.000894781 0.0048623 -0.00230084 -0.00199786 -0.00414143 -0.010734 0.00680972 -0.000166424 -0.00922529 0.000444809 0.000972099 -0.00126658 -0.00129705 -0.00166172 0.0149754 
-0.0108913 -0.00419506 -0.00142735 -0.000188653 0.00293125 -0.0146917 -0.00114258 -0.0044789 -0.00167591 0.00358201 -0.0102835 -0.0253377 -0.0148219 0.00798237 -0.0262803 0.029483 -0.00313974 0.240949 -0.018364 -0.00874404 0.00444835 0.0190588 -0.011943 -0.0204394 -0.00573789 -0.0310651 -0.00421923 0.0191465 -0.0211858 0.00536571 -0.00748126 -0.00478871 0.000430697 -0.00091284 0.00198958 0.00981346 -0.0305321 -0.00241292 0.00291603 0.00212974 -0.0083571 0.0149773 0.00077987 -0.000135265 -0.00258032 -0.000797533 0.00648587 0.00680109 -0.000717156 0.0012584 -0.00160499 0.00287028 0.00164879 -0.00181555 -0.0027794 -0.00699106 -0.00232236 -0.00660378 0.000910393 -0.00262065 -0.00637093 -0.0025598 0.00442861 -0.00531689 0.000874346 0.00494151 -0.00174585 -0.000304295 0.000837669 0.000133484 -0.00424703 0.0175068 -0.00935648 -0.0109104 -0.00665197 0.00027351 -0.00130678 -0.00189898 -0.00183219 0.000232074 -0.0114131 -0.00753933 -0.0134305 -0.00823852 -0.0010727 -0.0244288 -0.00568842 0.0020498 -0.00414541 -0.00096607 0.0272416 -0.000414119 0.00457469 0.00752382 -0.000840401 0.00154334 0.00285299 -0.00541233 -0.00150363 0.000327654 
-0.0035205 0.000758092 0.00792428 -0.000503046 -0.00257726 0.00142239 -0.00412073 -0.00417617 -0.0088042 -0.00371501 -0.00261064 0.00496238 0.0118721 0.0042545 0.000849207 -0.000787994 -0.00758092 -0.018364 0.161777 0.0193392 0.0155756 -0.00646366 -0.0256673 0.00340498 -0.0124679 0.00499282 -7.04312e-05 -0.0136988 -0.0129869 -0.00806894 -0.00217791 0.00108767 0.00112297 -0.00581664 -0.00844417 0.00354135 0.00324256 0.00498907 -0.00793962 -0.00490825 0.000571115 0.0148012 -0.0115084 0.0032586 -0.00531479 -0.00372151 -0.00582526 -0.00493655 -0.00124956 0.00295898 -0.000888626 0.00567518 -0.00219259 -0.00470583 -3.19069e-05 -0.000467881 -0.00103927 0.00041708 0.00389242 -0.00923602 -0.00788685 -0.00366698 -0.00308541 -0.000701431 -0.000445245 0.00102864 -0.00103594 0.0036537 -0.00489552 -0.00386505 -0.00710658 0.0113289 -0.00929308 -0.00454321 -0.00584738 -0.00792836 -0.00197412 -0.00102204 -0.000963553 -0.00221529 0.00347722 0.000631217 0.000125932 0.00252456 -0.00290783 -0.00603216 -0.00270568 -0.00110364 -0.00190938 0.00111876 0.00641629 -0.00261951 -0.013358 -0.000375733 -0.00521445 -0.00246826 -0.00302662 0.00501591 -0.00425138 0.0110258 
-0.0216023 -0.00114584 -0.0141387 -0.00831115 0.00579778 0.0174891 -0.00331209 -0.00427662 -0.0132682 -0.00341279 -0.00386444 -0.00187347 -0.00260426 -0.00195108 -0.0103358 -0.0114875 0.00797881 -0.00874404 0.0193392 0.183308 -0.0468763 -0.010697 0.00131332 0.0100141 0.0172782 0.0456295 -0.0322832 0.0182813 -0.00378051 -0.0110917 0.00238593 -0.00743598 -0.00453651 -0.0151212 -0.0163397 -0.00996508 -0.000797196 0.0157828 -0.00313641 -9.62492e-05 -0.00530451 -0.00615674 -0.0143942 0.00953026 -0.000462818 0.00486235 -0.00453351 0.00147892 -0.00646589 -0.00806054 -0.00527413 0.00193453 -0.00133531 -0.0084243 -0.00242628 0.00221664 -0.0017914 0.00181239 -0.00296982 -0.00383191 -0.000417085 -0.00275767 -0.0014539 0.000160787 -0.000155338 -0.000911232 -0.000274591 0.00151905 0.00110994 -0.00202348 -0.00158175 0.0059006 -0.00608733 0.00670836 -0.0125811 -0.00661959 0.00408958 -0.00298636 -0.00247767 0.00054238 -0.000267773 0.00248448 0.00419118 -0.00850116 -0.000683312 0.0116713 0.00362893 -5.70009e-05 -0.00961465 0.00314762 0.00679481 -0.00262613 -0.00303695 -0.000983544 -0.01704 0.00068055 -0.0025051 -0.00107987 0.00183303 0.00974332 
-0.00649056 -0.00147756 0.0124683 0.00799292 -0.00738873 -0.0269614 0.00299461 -0.000816364 0.0171684 0.000953326 0.0027199 0.00591791 0.00949934 0.00524227 -0.00469108 -0.00672852 -0.0175843 0.00444835 0.0155756 -0.0468763 0.247301 0.026506 -0.0401326 0.0171716 -0.0396568 -0.0354592 0.0213853 -0.0360089 0.00489918 0.00432048 -0.00615087 0.00395032 -0.00152082 0.00218564 0.0187626 0.056219 -0.0141951 -0.0182369 -0.00244527 -0.00649721 -0.0235979 0.0260759 -0.0140093 -0.0204756 -0.00277517 -0.00377692 0.00285794 0.00370709 -0.00142332 0.00955445 -0.00953246 -0.0182033 -0.00187623 0.00299212 0.000657631 -0.00382617 0.000804026 0.00444875 0.00330611 -0.00631665 0.00320528 -0.00101521 -0.00114492 -0.00386896 -0.00408111 -0.00258192 0.00244135 -0.00268288 -0.000268914 0.00868075 -0.00387893 0.00252027 -0.00801852 -0.0123003 -0.0156457 0.0011287 -0.00433871 5.21888e-05 3.96311e-05 -0.00127818 0.000844219 0.000899491 -0.00722277 0.000446043 -0.00441067 -0.0154269 -0.00421267 -0.0122625 0.000443786 -0.00114482 -0.0100285 -0.00311305 -0.00197808 -0.00321537 0.00978066 -0.00374118 -0.000469109 -0.00218409 -0.00546391 -0.0114587 
0.00013146 -0.00398604 0.0323125 0.0103339 -0.0013672 0.00465389 0.00620684 0.00312852 0.0173147 -0.00221766 0.00478519 -0.0148701 -0.024395 -0.025221 -0.0278255 0.0308988 -0.00638438 0.0190588 -0.00646366 -0.010697 0.026506 0.241746 -0.0207993 -0.0136176 -0.0377056 0.0241812 -0.00433834 -0.0201857 -0.0120452 -0.00183688 -0.0133167 -0.00844813 -0.00134169 -0.00719808 -0.0054845 0.00875513 -0.0169026 0.0228181 0.00153857 -0.000339908 -0.011202 0.0228788 -0.00589603 0.000903245 -0.00479854 -0.00169506 -0.00398577 -0.00393707 -0.00532791 0.0073161 -0.00919514 -0.0121592 -0.00520466 -0.00137152 -0.00549861 -0.00162094 -0.0042205 -0.00255797 -0.0105783 -0.00990499 -0.000493523 -0.00316246 0.0039145 -0.0114216 -0.00685853 -0.0163868 -0.00678225 -0.00549812 -0.0017509 -0.000275924 1.86915e-05 -0.00022872 -0.00687106 0.00128634 0.015133 0.00342872 -0.00696357 -0.00249726 -0.00139867 -0.00881403 -0.0061705 -0.0114323 -0.00836238 -0.00232524 -0.00541009 0.00438626 -0.00143469 -0.00815743 0.00484612 -0.00567944 0.00050838 -0.00208928 -0.00726364 0.0069165 0.00228181 -0.00269516 -0.0043474 -6.01585e-05 -0.007915 0.0106996 
-0.00358914 -0.00290186 8.13825e-05 -0.00617689 -0.000704235 -0.00977164 -0.00767129 8.40861e-05 -0.00876976 0.000263212 -0.011995 -0.0117658 -0.017925 -0.0104946 -0.00705137 -0.0110886 0.00392169 -0.011943 -0.0256673 0.00131332 -0.0401326 -0.0207993 0.187992 0.0098172 0.0323855 0.00205326 -0.00772511 0.0275536 6.33833e-05 -0.00338881 0.00334607 -0.00834309 -0.00674896 0.0039826 -0.0068681 -0.0279243 0.00267041 -0.0150012 0.00467881 0.00151056 0.00911994 -0.036391 0.0221427 -0.00472483 -0.00561245 -0.000431292 -0.000126962 -0.00195688 0.00603558 -0.00719757 -0.000589694 0.0073465 0.00314726 -0.00040616 -0.00335069 -0.00140868 -0.00139916 -0.000785144 0.000409 0.0071202 0.00233351 0.00234041 0.000691029 0.00572658 0.000805931 -0.00149199 -0.00127929 -0.00213379 -0.00391161 -0.00304312 -0.000811305 -0.0111821 0.0137389 -0.00366813 0.0105825 0.00168611 -0.00328909 0.000519411 -0.000149073 -0.00120723 -0.0071349 -0.00328193 -0.00871881 -0.00585721 0.000155385 0.0242705 -0.00197766 0.00209067 -0.00033252 -0.00634393 0.0208005 0.000998208 0.0119732 -0.0106378 0.000559033 0.000661415 0.000483532 -0.00532431 0.0043427 -0.0111946 
-0.0130806 -0.00137526 0.0190991 -0.00887002 -0.0066995 -0.0159345 -0.00149532 -0.00277398 -0.0295382 0.00261211 -0.0420074 -0.00465851 -0.0308405 0.00118269 -0.0108141 -0.014861 -0.0203881 -0.0204394 0.00340498 0.0100141 0.0171716 -0.0136176 0.0098172 0.241541 0.00943638 -0.00332079 -0.00319621 0.00450211 0.0079844 -0.0127255 -0.012416 -0.000642287 -0.00465263 0.00519789 -0.00926117 -0.00592823 -0.00583311 -0.0134585 -0.00391305 -0.0054315 -0.0106272 -0.023352 0.0100256 -0.0109299 -0.000735969 -0.00501886 -0.00386282 -0.00745504 0.00277865 -0.0197904 -0.00386248 0.0040308 -0.00046796 0.00121982 -0.0040203 0.00323694 -0.00213272 -0.00588702 0.000925587 -0.00402955 0.00484549 -0.00254671 0.0137631 0.00528286 -0.0019821 -0.00438719 0.00371225 0.000397582 0.000955862 0.00466523 0.00218542 4.64921e-05 0.0253636 -0.00912565 -0.00442163 0.0120243 -0.00269276 -0.00474366 -1.22786e-05 -0.00231648 -0.00307772 -0.00191662 0.00494576 0.00517417 0.00443935 -0.0109523 -0.00150606 -0.00519533 0.00503571 0.00578463 0.0226193 -0.00113122 -0.00126645 0.00297175 0.00618141 -0.0021118 0.000856146 -0.000791132 0.00216582 -0.00707487 
0.00755185 0.00154671 -0.0133657 -0.00899415 -0.00818344 0.0104788 -0.00428391 -0.00706616 -0.0173979 -0.00269153 -0.0086132 -0.0109659 0.00636288 -0.0146454 -0.00681817 -0.0153315 -0.0104828 -0.00573789 -0.0124679 0.0172782 -0.0396568 -0.0377056 0.0323855 0.00943638 0.204876 0.015264 -0.00536508 0.0155467 0.00343543 -0.00220472 0.00175449 -0.00896464 0.00134826 -0.00414049 0.00273053 -0.0177248 0.00518405 -0.00326993 -0.00210729 0.00507754 0.00200384 0.000483702 0.00238133 -0.0043422 0.000120122 0.00180464 0.00084177 0.0065967 -0.0032458 -0.0134826 -0.000599656 0.00755774 0.00020679 -0.00176065 -0.00350045 0.002416 -0.000361055 -0.00907769 -0.00135321 0.00298501 0.00285493 0.00373377 -0.00236172 0.013121 0.00349972 0.00027624 -0.00279366 0.00462694 0.000628407 -0.00765812 0.00409389 -0.0160799 -0.00549416 -0.00266403 -0.00790876 -0.0111371 0.000732113 0.001576 -0.00209147 0.000374706 -0.00699984 0.00168677 -0.000362813 -0.00700865 -0.00211661 0.0171595 -0.00396192 0.00219103 -0.00620414 -0.00438573 -0.0015249 -0.0042375 -0.00245014 -0.00726647 -0.0087255 -0.000107689 0.00144337 0.00185361 0.00348447 -0.0115421 
-0.00453741 -0.000388078 0.012645 -0.00236935 -0.00766394 -0.00299306 0.00611513 -0.00205787 -0.0147705 -0.0086165 0.0142928 0.0128671 0.0235396 -0.0203872 -0.0373059 -0.00919939 -0.00570813 -0.0310651 0.00499282 0.0456295 -0.0354592 0.0241812 0.00205326 -0.00332079 0.015264 0.240441 -0.0170879 0.000968081 0.00444032 -0.0150385 -0.00111941 -0.0084169 0.000424017 -0.0137128 -0.0100752 -0.0165533 0.00080502 0.0243678 -0.0053172 0.000804342 0.00674371 0.0147326 -0.0175668 -0.00527045 -0.00301066 0.000800641 -0.00851002 -0.0151086 -0.00932778 -0.0102687 -0.0116001 0.000170341 -0.00342106 -0.00564817 -0.00378698 0.00427778 -0.00302978 -0.0138997 -0.0115766 0.00247316 0.00320744 -0.000436653 -0.00269493 -0.00497919 -0.00114186 0.00202901 -0.00257619 -0.00229296 -0.000660959 -0.00876149 0.00526911 -0.0238436 -0.0050217 0.00516906 -0.0191218 -0.00013964 0.00122577 -0.00279646 -0.00206472 -0.00430617 -0.00355389 0.00315185 0.00522573 -0.0116604 0.00215537 0.00120379 0.00811263 -0.00447162 0.000316664 0.00162036 -0.0299654 -0.0022263 -0.000738821 0.00694705 -0.00578626 -0.00154132 -0.00292937 0.000742591 0.00512716 0.0243678 
0.0119 -0.00185123 -0.00596852 5.07188e-06 -0.00269788 -0.00815804 0.00306289 -0.00186373 0.00896921 -0.000117588 -0.00160085 0.00210601 -0.00631175 0.000373966 0.011351 -0.0119831 -0.0119444 -0.00421923 -7.04312e-05 -0.0322832 0.0213853 -0.00433834 -0.00772511 -0.00319621 -0.00536508 -0.0170879 0.130784 -0.0110869 0.00297847 -0.00663658 -0.00627287 0.00646813 0.00445973 0.0083009 0.0118776 0.00323009 0.00332262 -0.00844919 -0.000301613 -0.00220769 -0.00586977 0.0157396 -0.00718324 -0.0127967 0.00641509 -0.00255298 0.00175222 -0.0105303 -0.00342475 0.00754962 0.00087601 -0.00250074 -0.000617642 0.00130127 0.00161995 0.00210282 0.00124122 -0.00547246 -0.00316101 0.00168539 -0.000373852 0.000199309 -0.00440937 -0.00124895 -0.00178173 0.00692392 0.00449511 -0.000224429 0.000625816 -0.00274471 -0.00108095 -0.0142692 -0.00742799 -0.0031487 -0.00299745 -0.0053909 -0.00384504 -0.000232865 -0.000208658 -0.00187588 -0.00317367 0.00222532 -0.00510949 0.000745787 -0.00154678 -0.00795618 0.0022335 0.00594991 0.0011428 -0.00200079 -0.00319585 0.000808043 -0.00189719 -0.00638514 0.00451459 -0.00118127 0.00118554 -0.000841196 -0.00212274 0.000610718 
0.0135804 -0.00348276 -0.00779633 -0.00357847 0.00492326 -0.00886826 -0.00235083 -0.00455986 -0.0115595 0.00194437 -0.0117665 -0.0186053 -0.00992161 0.00376624 0.00704046 0.00514261 -0.0193971 0.0191465 -0.0136988 0.0182813 -0.0360089 -0.0201857 0.0275536 0.00450211 0.0155467 0.000968081 -0.0110869 0.188872 -0.00595675 0.00500432 0.00119391 0.00248605 -0.00376498 0.00281741 -0.0163794 -0.0193259 0.0249284 -0.00845751 0.00103706 0.00169421 0.00425828 -0.0305151 0.0013104 -0.00707443 0.00456444 -0.00191863 0.000819266 -0.00957769 -0.00554514 -0.00304369 -0.00395485 0.000557756 0.000834169 -0.00203125 0.00354838 -0.000324251 -0.000414781 -0.00653197 -4.35042e-05 0.00278851 -0.00437961 0.00140627 -0.00019284 -0.00382128 0.00192675 -0.00726907 -0.00128683 -0.00344626 -0.000522093 -0.00847164 0.000988651 -0.000120295 -0.00076616 0.00180329 -0.00320888 -0.00906772 -0.000756934 -0.000481844 -0.00113321 0.0023221 -0.00114783 0.000611158 -0.00363548 -0.00670923 -0.00223347 0.0162395 -0.00463032 2.49941e-06 -0.00211546 0.000955391 0.0107269 -0.00418152 0.00442455 0.00164882 -0.00736769 0.00160176 0.000294046 -0.0173635 0.00320913 -0.0152348 
-0.00659716 0.000999779 -0.00399777 -0.000583999 -0.00163138 -0.00932957 0.00260257 -0.000679662 -0.00493312 0.00119787 -0.00371337 0.00039689 -0.0131412 -0.000811945 0.00484201 -0.00449906 -0.00427191 -0.0211858 -0.0129869 -0.00378051 0.00489918 -0.0120452 6.33833e-05 0.0079844 0.00343543 0.00444032 0.00297847 -0.00595675 0.110347 -0.000438409 0.00170096 0.00205298 0.000333622 0.000168266 0.0058119 -0.00126825 -0.00117702 -0.00553721 0.00043909 -0.000945901 0.000547834 -0.00311543 0.00267702 -0.000578294 -0.0033027 0.0023387 -0.00123215 -0.00158042 -0.00367102 -0.00658628 0.00219614 -0.00413794 2.01363e-05 0.00249246 -0.000215483 0.00600583 0.000386695 -0.000948361 -0.00526858 0.000943204 -0.00135423 -0.000342392 0.00607267 -0.00154372 -0.00153118 -0.00430344 0.00343798 0.00170925 -0.000950556 0.00196097 -0.000498138 -0.0125677 0.00430731 -0.00113775 -0.000541425 0.00504921 -0.000155139 0.00077963 0.000104832 0.00136814 0.00542013 -0.000366959 0.00448762 -0.00480772 -0.00321322 -0.00525152 0.00204542 -0.00333986 0.00224972 0.00273807 -0.0153045 -8.96322e-05 -0.00308522 -0.00066374 0.00471417 6.65076e-05 -0.000273561 -0.00150995 -0.000247861 -0.00558589 
-0.000622474 0.000971133 -0.00454589 0.00180034 0.000563503 -0.000260063 -0.00057948 0.00155923 0.00779245 -0.00033605 -0.00146911 -0.00457941 -0.00560812 -0.000438435 0.00754778 0.00612497 -0.00406485 0.00536571 -0.00806894 -0.0110917 0.00432048 -0.00183688 -0.00338881 -0.0127255 -0.00220472 -0.0150385 -0.00663658 0.00500432 -0.000438409 0.0836904 0.00208256 0.00181096 -0.000335615 -0.00496901 0.000629742 0.00685129 0.00435682 -0.00671924 0.00120928 0.000458514 -0.00170777 -0.00888576 -0.00327884 -0.00074396 -0.00109261 -0.00156614 0.00129676 -0.000498871 -0.00334996 9.45224e-05 -7.85634e-05 -0.00231745 0.00122764 0.000128306 -0.00122178 -0.00157578 0.000659637 0.00244868 0.00392521 -0.00128726 -0.000464958 -0.00192341 -0.000500786 0.000173918 0.00105798 -0.000381941 -0.00121664 -0.00102256 -0.000154235 0.000608974 0.000410019 -0.000244272 -0.00288471 -0.00122606 0.000391375 -0.00321869 0.00473718 0.000504849 0.000209595 0.000739272 2.06333e-06 0.00198833 0.00167117 0.00126744 -0.000393243 4.63653e-05 -0.00159648 -0.00319241 -0.00233091 -0.00184461 -0.000671378 0.00107202 0.000235693 -0.0018383 -0.00451183 -0.000554427 0.00235686 -0.00536537 -0.000694599 -0.00959886 
-0.00208785 -0.000692031 -0.00523194 -0.000793527 0.00153831 -0.00194536 -0.00252778 0.00107249 -0.00114037 0.00105608 0.00269757 0.00259646 -0.00495387 0.00433773 0.00115385 -0.00669467 0.00272691 -0.00748126 -0.00217791 0.00238593 -0.00615087 -0.0133167 0.00334607 -0.012416 0.00175449 -0.00111941 -0.00627287 0.00119391 0.00170096 0.00208256 0.0679713 -0.00394264 -0.00222877 -0.00265007 0.00215085 -5.93787e-05 0.0047802 -0.00210409 0.000815358 -0.000857096 0.00423545 -0.00291063 -0.00153207 0.00461968 -0.000676228 0.00249676 -0.000887028 -0.00137055 0.000741471 -0.003684 0.00244447 -9.32786e-05 0.000845403 -0.000725138 0.00148643 0.000414308 0.000589045 0.000715907 0.00208419 -0.000253409 0.000920866 -0.00181459 -0.00332826 0.00369794 0.0012294 -0.00256543 -0.00124991 -0.00117485 -8.94483e-06 -0.000509231 -0.000816032 -0.00343135 -0.00740847 0.00108718 -0.00359403 -0.00442019 0.000690059 -5.80744e-05 0.00104157 0.00289205 0.00274994 -0.00170281 0.00206039 0.00402914 -0.000407202 -0.00149413 0.000810416 2.78635e-05 -0.00145447 -0.000718837 -0.0010362 -0.000711912 -0.00106293 -0.00154616 -0.00275241 0.00124518 0.000558749 -0.00149899 0.00197965 -0.00731237 
-0.00363368 -0.000694124 -0.00209914 -0.00594788 0.00208683 -0.00968697 -0.00324646 -0.000494902 -0.00289398 -0.00268993 -0.00162223 -0.00201637 0.009535 0.0053744 0.00514679 0.0057152 -0.00673235 -0.00478871 0.00108767 -0.00743598 0.00395032 -0.00844813 -0.00834309 -0.000642287 -0.00896464 -0.0084169 0.00646813 0.00248605 0.00205298 0.00181096 -0.00394264 0.099855 -0.00199741 -0.00607756 -0.000483198 0.00462411 0.000344235 -0.00794657 -0.00137173 0.000658127 -0.00127579 0.00435849 -0.00484758 0.00047361 0.0018729 0.0015599 0.00128496 -0.00416405 0.0021894 -0.00144726 -0.00237973 -0.00325927 0.000378064 -0.000746275 -0.00186931 -0.00188566 0.00142125 -0.00227575 -0.000109888 -0.000252711 -0.00436356 0.00140509 -0.00272691 -0.000789134 -0.00030168 -0.00013814 0.00127206 -0.000419214 -0.000958774 -0.00115453 -0.00163411 0.00447515 0.0054776 -0.000286628 -0.00450766 -0.00231791 -0.00139675 -0.00103289 -0.000236999 0.000436949 0.00226185 0.000210576 0.0027856 -0.000597224 -0.000861913 -0.00686106 -0.00132465 -0.00337411 -0.00187699 0.00103835 -0.00642309 -0.00145725 -0.000708776 0.00181948 0.00444753 -0.000623017 0.00125181 -0.00438576 -0.00179016 -0.00393738 
-0.000834266 6.46568e-05 0.000972162 -0.0033946 -0.000987317 0.000824159 0.00180066 -0.000724942 -0.000962406 -0.00106611 -0.00351527 0.0084624 -0.00625703 -0.00324126 -0.00256215 -0.00360807 -0.0012876 0.000430697 0.00112297 -0.00453651 -0.00152082 -0.00134169 -0.00674896 -0.00465263 0.00134826 0.000424017 0.00445973 -0.00376498 0.000333622 -0.000335615 -0.00222877 -0.00199741 0.0578115 -0.00150395 -0.000615022 0.000205697 -0.0044015 0.00146792 0.000100138 -0.000457512 -0.00252773 0.0106027 -0.00366733 -0.00359013 -1.47007e-05 0.000205373 0.00156594 -0.00347475 -0.00191434 -0.00341529 -0.00182306 -0.000550678 -0.00100782 0.00121125 0.000140429 0.000389237 0.000543023 -0.00243469 -0.000150374 0.000422929 0.00177225 0.000336428 -0.000179969 -0.000110394 -0.000450693 0.00139734 0.000736624 0.000793294 0.00183029 -0.00185417 -0.000306976 0.00307273 -0.00518462 -0.00101126 -0.00158164 0.000280793 -0.00148023 -0.0006254 0.000111191 4.42619e-05 0.000826998 0.00511268 0.00105957 -0.00380582 -0.000368167 9.62347e-05 -0.000315694 -0.00140558 -0.000485506 -0.0002144 -0.00516765 -0.000375434 -0.00187786 0.00145172 -0.000372604 -0.00047735 -0.000143807 0.00221622 -0.00115193 1.63323e-05 
0.000168077 -0.000432585 0.00355403 0.000778503 -0.000861778 -0.00763727 -0.000338902 0.000249888 -0.00285986 0.00185284 -0.00689201 -0.00508156 -0.0012883 -0.00384289 0.00288176 -0.00509049 -0.00439002 -0.00091284 -0.00581664 -0.0151212 0.00218564 -0.00719808 0.0039826 0.00519789 -0.00414049 -0.0137128 0.0083009 0.00281741 0.000168266 -0.00496901 -0.00265007 -0.00607756 -0.00150395 0.107489 -0.00799577 -0.0092508 -0.00501125 0.000233799 -0.000155197 -0.00105981 -0.000570133 -0.0142611 0.00725073 -0.00466469 0.000688155 -0.00368537 0.000425943 -0.00303919 0.00244905 -0.00159519 0.00398281 0.0025474 0.000908141 -0.000631249 0.0028124 -0.00254432 -0.000288419 0.00129696 0.00160978 0.000655074 -0.00379168 0.00240965 0.00337139 -0.00171493 0.00329274 0.00374165 -0.000550466 -0.00121557 0.00216458 0.000413433 0.00105617 -0.00935287 -0.00849688 -0.0029858 0.00212313 -0.00628269 -0.00172229 0.00107609 -0.00015436 -0.000247044 -0.00109091 -0.000246387 -0.00183439 -0.000998449 0.00111701 -0.0025415 0.00146565 0.0013716 -0.000659053 0.00491302 0.0133303 -0.0021794 0.00266607 0.00194454 -0.00364482 -0.00146466 -0.000423736 -0.0036361 -0.00170997 0.00157025 
