0.165933 0.00150061 0.00135153 0.00116388 0.00145504 -0.00111682 0.00149893 -0.00155359 0.00216914 -0.00584817 -0.00718368 0.00297052 -0.00547162 0.0247884 -0.00668349 -0.0013238 -0.010427 -0.00663743 -0.0267149 -0.0146982 0.0174418 0.0113241 0.024455 0.0199953 0.0103666 -0.0160194 -0.0159763 0.0316687 -0.0099355 -0.00650723 -0.0100242 -0.00636283 -0.00223515 -0.00403703 -0.00475209 -0.0341019 -0.00803102 -0.000440069 -0.00257743 -0.00154598 0.00360603 0.00098816 -0.00252966 0.000634532 0.00524108 -0.000256634 -0.000358649 0.00346241 0.00125056 0.00540671 -0.00755112 -0.00294517 -0.0116923 0.0123732 -0.00859589 -0.0107314 6.27048e-05 -0.00727447 0.00216285 -0.00969896 -0.00223504 -0.00126902 -0.00978713 -0.00104679 -0.00653894 -0.00432995 -0.00427338 -0.00477869 -0.00041445 -0.0013398 0.00658306 -0.000467643 -0.00152586 -0.0026205 -0.00152668 0.00526046 -0.00252686 -0.00509826 -0.00128501 0.00195234 -0.00638246 -0.00657528 0.00172197 -0.00396811 0.000219507 -0.00187882 -0.00370075 -0.00293725 -0.00622059 -0.00163814 0.00258538 -0.00443451 -0.00514139 -0.00410131 0.00687991 -0.00155956 0.000989883 -0.00387502 -0.0061949 0.0020476 
0.00150061 0.0650176 -0.000583704 -0.000644687 0.000409905 0.000841012 0.000619201 0.000623588 0.00290544 -0.0011699 0.000189964 0.00207074 0.000794412 -0.000493531 -0.00099761 -0.00689141 -0.00640288 -0.0112802 -0.00885236 -0.00214806 -0.00233203 -0.00724323 0.00592003 0.00736414 -0.00811392 -0.00942263 -0.00346296 0.00262667 -0.00179014 -0.00238017 -0.00152424 -0.00133652 0.000196714 0.000138858 0.00275421 -0.0117265 -0.00123323 -0.000380136 -0.000149251 -0.000880486 -0.00134088 -0.000415118 3.06531e-05 0.000179522 0.00233361 0.000310464 0.000290701 -0.00159497 0.000494636 0.00310845 -0.00601867 -0.000407618 -0.00437665 0.00469149 -0.000344053 -0.00243463 -9.65776e-05 -0.00141495 -0.00423385 0.000473149 -0.00019417 2.99815e-05 0.00721713 -0.00157253 0.00185636 -0.00202543 -0.000522213 -0.00326386 -0.000369573 0.000399821 0.00129984 0.00262926 -0.00136225 -0.000271135 -0.00157154 0.00250514 0.00193495 -0.000566251 0.00330952 -0.00268309 -0.00548183 -0.00127559 -0.0013436 0.000452804 0.00513824 -0.00100598 0.000249896 -0.00190651 0.0118096 0.000965312 -0.0021031 0.00299433 -0.00035925 -0.00293003 0.00439259 -0.00160791 0.000611439 -0.00309888 -0.00147112 -0.00257826 
0.00135153 -0.000583704 0.0562605 0.00106484 -0.00375884 0.0012952 0.00339037 -0.000163244 -0.00111076 0.00141579 -0.00323004 -0.00280428 -0.00289998 -0.00286682 0.00400124 -0.00371067 -0.000388875 0.0075586 -0.00536487 0.00112938 -0.00196158 -0.00917841 0.00826805 -0.00537595 0.0003574 0.00107002 -0.00421529 -0.00108019 0.00118338 -0.000896918 -0.00263731 -0.00241837 0.000340052 0.00408386 -0.00318675 -0.00500333 -0.00353519 0.000322481 0.00271352 0.00332439 0.000133895 -0.000530537 0.000935896 -0.000169619 -0.00283294 0.000299369 -0.00024406 -0.00122687 0.00119762 -0.00219356 -0.00131033 -6.64804e-05 -0.00263954 0.00587651 -0.00141507 0.00222786 -0.000865923 -0.000733198 0.000149021 -0.00224974 -0.00131837 -0.000537016 -0.00165977 -0.00183137 -0.00150469 -0.0034302 -0.00133442 -0.00305765 -0.000499959 0.000281147 -0.00197238 0.000193336 -0.000804202 -0.000620783 -0.000959719 -4.11123e-05 -0.000531583 -0.000558571 0.000967672 0.00264992 0.000494218 0.0010797 -0.000604552 -0.00100335 -0.00323237 -0.00073933 -0.000219919 0.000415688 -0.00236073 -0.00106161 0.0017219 -0.002598 -0.00157414 -0.00194797 -0.00055044 0.00101642 0.00149187 0.00090637 0.000187315 -0.00195293 
0.00116388 -0.000644687 0.00106484 0.0214513 -0.000139026 6.40775e-05 -0.000154531 -0.000127599 0.000384279 -0.000265812 -0.00085416 -0.000246038 3.89031e-05 -0.00111705 0.000578868 -0.00129015 -0.00170131 0.00318599 -0.000863278 -0.0035899 -0.000269599 -0.00127108 -0.00159484 4.69338e-05 0.000764879 -0.00123705 -0.00241404 -0.00323188 -0.000549157 0.000477245 -0.00386573 0.000161939 0.000145615 -0.000573684 -0.000627536 -0.00287524 -0.000496985 -0.000272843 0.000178016 -6.71554e-05 0.000208664 0.000360071 -1.08647e-06 -0.000313185 0.00205848 0.000140935 0.000203884 -1.52741e-05 0.000357495 -0.00134034 -0.000171897 0.000411307 0.000576904 -0.000921223 -0.00100591 4.93909e-05 -7.43203e-05 -0.000487582 0.00056835 -0.000752952 -0.000298976 0.000153002 0.000128812 8.55891e-05 0.000256593 -0.00201206 -0.000314863 0.00114734 -0.000252292 -0.000162847 0.000310988 0.000779138 0.000764529 2.00645e-05 0.00037072 -0.00046376 0.000358585 0.000627864 0.00120293 0.000238722 -0.000392153 -0.000921083 0.00117806 0.000643111 -0.00350364 0.000376297 -0.000163682 0.000139618 -0.00140587 0.000694926 7.08345e-05 -0.00118877 3.78062e-06 -4.94711e-05 0.000468302 0.00010978 0.000349226 7.6091e-06 0.00185083 -0.000425868 
0.00145504 0.000409905 -0.00375884 -0.000139026 0.137856 -0.00180547 0.00294104 -0.00469112 0.000576523 -0.00449193 0.000161829 -0.00672455 0.0019007 0.00848462 0.000350003 -0.0100652 0.00526911 -0.00229112 0.0149245 -0.00013093 -0.011485 -0.00424812 -0.0209974 0.00516868 -0.01771 0.00400732 0.00119192 -0.00389903 -0.00630473 -0.00247031 -0.0104191 0.00770864 -0.00207194 -0.00298742 -0.00237214 -0.0031278 0.00465935 -0.00130403 -0.00149982 -0.00129827 -0.000394708 -0.000257243 -0.000959398 -0.00238528 0.012592 -0.000151304 -0.00113351 0.00031397 0.000500826 -0.00922325 0.00674429 -0.00164431 0.00679901 0.00273992 -0.00235276 -0.0037386 0.00227551 -0.00484053 -0.00475889 -0.0032303 -0.00216609 -0.00118447 -0.00432398 -0.0040027 -0.000223312 -0.00769378 0.00297214 -0.0067247 -0.00290536 -0.000350565 -0.00725898 0.0018379 0.000233272 -0.000895905 0.000372412 -0.00423734 -9.12624e-06 -0.00190779 -0.00588102 -0.0109122 0.000453362 -0.0060369 -0.000594186 -0.00141463 -0.00685636 -5.33977e-05 -0.00268711 0.00291426 -0.00268441 -0.00435875 0.00422088 0.00229557 -0.00125129 0.00674617 -0.00244911 -0.00261836 -0.00295088 -0.00104849 0.00142277 0.00454563 
-0.00111682 0.000841012 0.0012952 6.40775e-05 -0.00180547 0.040747 0.00117689 0.00188518 0.000488176 -1.44981e-05 0.00418611 -0.00205886 -0.000823762 -0.00139346 -0.00135323 -6.64006e-05 0.000468557 -0.00293501 -0.00428143 -0.00674864 -0.00457869 -0.00156904 -0.00066587 -0.00970777 -0.0025319 -0.00102533 0.00102967 0.000878956 -0.00302778 -6.6203e-05 0.00226045 -0.00110485 -0.000748637 -0.00045395 0.00207315 -0.00178119 -0.00133083 -0.000114882 0.00192767 -0.000445086 -3.8936e-05 -0.000640581 0.00049526 -0.000768573 0.000808987 0.00073234 0.000308478 -0.000272615 -0.000346886 0.000391397 0.00271779 2.28178e-05 -0.00401048 -0.00183313 -0.000106222 0.000463661 0.000513321 0.000311952 0.00446967 -0.00103862 -0.000462191 6.59213e-05 0.00382285 -5.57319e-05 -0.000223029 -0.00200842 1.52338e-05 -0.00225666 8.69001e-05 -0.000294665 0.000641877 -0.000225458 -0.000571288 -0.000305268 -0.000521599 0.000596899 -0.00035475 -3.90739e-05 -0.000610085 -0.00155138 0.00116841 -0.00105821 -0.00206062 0.000357098 0.00177026 -0.000165632 0.000124932 -0.000718159 0.00167933 0.000381054 -0.000923257 0.00241425 -0.00110442 -0.00295978 -0.00156303 -0.000189182 0.00082789 -0.000727126 -0.00215363 -0.000602399 
0.00149893 0.000619201 0.00339037 -0.000154531 0.00294104 0.00117689 0.138264 -0.00302837 0.00173952 -0.00547587 -0.00117591 0.00257539 -0.000389956 0.00625967 -0.00850748 -0.00628492 0.00676802 -0.0112199 0.004107 -0.000104391 -0.00386651 -0.0100514 0.0131012 -0.0112651 -0.00523812 -0.00565211 0.00764186 -0.00264166 -0.00433445 -0.000362794 0.00810654 -0.000643142 -0.000385978 -0.00160064 -0.000512462 0.000320951 0.0044964 -0.00169782 -0.00756302 0.00352573 0.000784636 0.00109812 -0.00179118 -0.00415508 0.00483031 0.00139863 0.000354977 0.00129647 0.000831547 -0.00163823 -0.0168171 -0.00125942 -0.00609897 -0.0105871 0.000160649 -0.00670226 -0.000736961 -0.00218839 0.00575751 -0.0044805 -0.00253711 -0.000275297 -0.00676313 -0.00515988 -0.00435627 -0.00232972 -0.000330265 -0.00439582 0.003931 8.19284e-05 0.00159254 -0.00282318 0.000231271 -0.00104877 -0.000400933 0.00583676 0.0101575 -0.0031361 -0.00882665 -0.00368941 -0.00207742 -0.00774067 -0.00378992 0.000894016 -0.00930649 -0.00191241 -0.00151756 0.00104804 0.00190694 -0.00448892 -0.00318432 0.0010787 -0.00229084 -0.0137932 -0.00109114 0.00162282 0.00233201 -0.00534461 0.00553996 -0.00807759 
-0.00155359 0.000623588 -0.000163244 -0.000127599 -0.00469112 0.00188518 -0.00302837 0.0483643 -0.000648884 0.00123439 -0.000195963 -0.00268214 -0.00232237 -0.00254313 -0.00144027 0.000831413 0.000310751 -0.00468429 -0.00304126 -0.00700063 -0.00955645 0.00580805 -0.00409407 -0.000666858 -0.00675992 -0.00168471 0.0031071 -0.00119286 -0.000907141 0.000530378 0.00235217 0.000444637 -0.000530028 0.000876323 -0.00148962 -0.000796816 -0.00218218 0.000289492 -0.000491742 0.000895886 0.0013962 0.000194391 0.000951576 0.00133289 -0.00116151 0.000130302 -4.12733e-05 0.00118241 0.000350451 0.000867844 -0.00205886 8.30738e-05 -0.00317691 -0.000373678 -0.000871214 0.00266362 -0.000371447 -0.000164274 0.000635723 0.00274617 -0.000868085 -0.000285306 0.00162174 -0.000928717 0.00131452 -0.000918459 -0.000217138 0.00403948 0.00129919 -0.000500685 -0.000951897 -0.00132984 -0.00116605 0.000313817 0.00129899 -0.0018879 2.96269e-05 -0.000999386 0.000176012 -0.00078184 0.000391135 -0.00235742 -0.00276653 0.00014565 -0.00022566 0.00051172 0.00096636 -0.000119335 -0.000953562 0.000853458 -0.00202643 0.00103549 0.000896531 0.000711327 -0.00209912 0.0023829 -0.000131116 -0.00238386 -0.00111122 -0.000372273 
0.00216914 0.00290544 -0.00111076 0.000384279 0.000576523 0.000488176 0.00173952 -0.000648884 0.0611475 -0.000734875 0.00184357 -0.00326644 -0.00201954 0.00758445 0.00020556 -0.003014 -0.00224287 -0.00581539 -0.00251644 -0.00234619 0.00230148 0.00294239 -0.00152927 -0.0101079 -0.00964376 -0.00429041 -0.00343033 0.00466348 0.00187609 -0.000951856 0.00368659 -0.000122272 -0.000508493 0.00109955 -0.0043697 -0.00605811 0.000147754 -0.000719574 -0.00253656 -0.000267698 -0.000210753 -0.000784926 -0.001275 -0.000255263 0.000430344 -0.000162623 -0.000236477 0.000301437 0.00123171 -0.00353659 -0.00126251 -0.000204604 0.000851421 0.000364272 -0.00110635 -0.00157359 9.11117e-05 -0.0021349 0.00103243 -0.000243656 -0.000442786 -0.000229967 1.54802e-05 -0.000854158 -0.00104332 -0.00320252 -0.00102909 0.00176769 -0.000685881 -0.000293796 1.35134e-05 0.00206286 0.00153826 0.000246295 -0.000825419 0.00167662 0.000533935 -0.000617507 0.00340273 -0.00115192 -0.00239722 -0.00602116 0.00214989 -0.00139611 -0.00951224 -0.000443918 -0.000274687 -8.32193e-05 0.00313772 0.000245825 -0.00041929 -0.00239045 0.000784396 -0.000117598 -1.34343e-05 -0.00114232 0.0016374 -0.00385024 -0.00173431 0.00213437 
-0.00584817 -0.0011699 0.00141579 -0.000265812 -0.00449193 -1.44981e-05 -0.00547587 0.00123439 -0.000734875 0.0762043 0.00964369 -0.0028096 0.00202408 -0.006071 -0.00267222 0.00183247 -0.00521091 0.000338835 -0.0160075 0.00483753 -0.0087831 0.00293778 0.00154748 -0.00282582 0.00275997 -0.00484014 -0.00168394 0.00313304 0.0019211 0.000645748 -0.00195447 0.000219088 -0.000454751 -0.000249584 -0.00327682 -0.00505581 -0.00135287 -0.000667324 0.00497371 0.00105901 -0.000804413 0.00158482 -0.000289348 -3.93822e-05 0.0042092 -0.000196878 0.000526857 -0.000905807 0.000750224 -0.00349107 0.00215969 0.00271907 -0.00521738 -0.00701768 0.00147302 -0.000521008 -0.000816386 0.000810454 -0.00460779 -0.00102806 0.00073234 0.00105531 -0.00112988 -7.55927e-05 0.000637967 0.00292833 -0.00172574 -0.00358416 0.000976214 -0.000344021 -0.00118128 0.00085009 0.000931485 -0.000747832 -0.00235193 -0.00208179 0.00116598 -0.00120133 0.0014678 0.00124309 0.00200858 -0.00480614 0.000290878 -0.000266222 -0.00394119 0.000300368 -0.00144399 0.000776409 0.00216599 0.000198939 -0.000476129 -0.000977622 -0.00151313 -0.00264127 -0.00200309 -0.000524869 -0.000876719 -0.00355852 -0.000884371 -0.00350214 
-0.00718368 0.000189964 -0.00323004 -0.00085416 0.000161829 0.00418611 -0.00117591 -0.000195963 0.00184357 0.00964369 0.1201 -0.00478875 -3.73784e-05 -0.000320599 -0.00543734 0.0037989 0.0126807 -0.0311001 -0.00289089 0.000313873 -0.00970511 -0.00033191 -0.0148402 -0.0249782 -0.0160397 0.00941674 0.00696617 0.00853404 -0.00217413 -0.00236896 0.00701891 0.000723191 -0.00043415 -0.00224481 -0.0102802 0.000701367 -0.000455031 0.000620474 -0.00342462 0.000359204 0.00192405 -0.00221263 0.000430251 0.00449122 0.00167248 -0.00142437 0.000532638 -0.00407492 -0.00105308 -0.000571564 0.0157229 -0.00043048 -0.00339644 -0.0142645 -0.0010218 -0.000168173 -0.000869538 0.0031346 -0.00399062 -0.00201842 -0.000704218 0.00182328 0.000538236 0.000781244 -0.00143889 0.0142668 -0.000377784 -0.00245499 -0.00234227 -0.000229959 -0.00229719 0.00152449 0.00363687 0.000513524 -0.00244488 -0.00319552 0.0002608 -0.000485055 0.0058969 -0.00633358 0.00753283 -0.00664488 -0.00263641 0.00109526 -0.0125375 0.000602503 -0.00101032 -0.00327316 0.000808549 -0.000389722 0.000900077 0.00708209 -0.00271233 -0.01723 -0.0035895 -0.0020736 0.00239326 -0.00296237 -0.0046528 -0.00281828 
0.00297052 0.00207074 -0.00280428 -0.000246038 -0.00672455 -0.00205886 0.00257539 -0.00268214 -0.00326644 -0.0028096 -0.00478875 0.153542 0.00304434 0.00454948 -0.00150319 -0.00302911 -0.00602348 0.00204534 -0.0137622 0.00780832 -0.00261051 -0.0156712 0.00708706 0.00481643 0.00269083 -0.0159651 -0.0280202 -0.0128902 -0.00879241 -0.00372639 -0.0101842 -0.00567003 -0.00265142 -0.00481599 0.0178956 0.00498871 -0.00653631 0.000793291 -0.00410751 0.000678687 -0.00191789 0.000167499 -0.00176424 0.000900975 -0.00903544 0.0012417 -0.000311457 0.000352187 -0.000768384 -0.00191087 -0.00286394 -0.00120402 0.00918525 -0.00917086 0.000140303 -0.000211492 0.000400219 -0.00395212 -0.00789272 -0.00746715 -0.00318218 -0.000797016 0.00324569 -0.0027168 -4.27699e-05 -0.00866321 -0.000671508 -0.00183081 0.00184712 -9.96231e-05 0.00304443 -0.00093033 0.000456501 -0.00190695 -0.00347165 0.00863076 0.00382455 -0.000505591 -0.00621273 0.000662203 -0.0143269 0.00156563 -0.00172012 0.00173146 0.015594 -0.000377636 -0.000702893 -0.00257158 -0.00105671 -0.00629265 -0.00730893 0.00147757 -0.000932862 0.0127102 0.00372864 0.00365346 -0.00578319 -0.00417797 0.00943098 -0.00545495 
-0.00547162 0.000794412 -0.00289998 3.89031e-05 0.0019007 -0.000823762 -0.000389956 -0.00232237 -0.00201954 0.00202408 -3.73784e-05 0.00304434 0.0898751 0.00310553 -0.00113866 -0.00117431 -0.0068587 0.000143337 -0.0132133 -0.00342382 -0.00788048 0.000154518 -0.00980553 0.00384925 0.0075414 -0.00905152 -0.00079707 0.00770905 -0.00506866 0.00413421 -0.018003 -0.003752 0.000741055 -0.00378744 -0.00457062 -0.00238401 0.00446635 -0.000400211 -0.00135114 0.00468456 -0.00234668 -0.00124978 0.000535534 0.00266963 -0.00203626 -0.000203202 -0.0007577 -0.00406151 -0.000196031 0.00139468 0.00295471 0.00123977 0.00680799 -0.00691387 0.00195305 -0.00198649 0.000845519 -0.00111636 -0.00435703 0.00685272 -0.000269562 -0.000170233 0.00773472 0.00735521 0.00290947 0.00116236 0.00146489 -0.00262244 0.000173443 -0.000492898 -0.00281972 0.000623392 0.000702126 0.00168778 0.000248546 -0.0016134 0.00134251 -0.00152796 -0.00473316 0.000528159 -0.00757477 -0.00693982 -0.00315134 0.00176254 -0.00458393 -0.00139795 -0.00143515 -0.00130209 0.00450612 -0.002479 -0.00512429 -0.00011304 -0.00132958 -0.00215359 0.00212767 -0.00137026 0.00252262 -0.00914951 -0.000916375 -0.00119178 
0.0247884 -0.000493531 -0.00286682 -0.00111705 0.00848462 -0.00139346 0.00625967 -0.00254313 0.00758445 -0.006071 -0.000320599 0.00454948 0.00310553 0.249703 -0.0011424 0.0167673 -0.0178279 -0.018902 0.0111215 -0.025298 -0.00256689 0.00758692 0.0135668 -0.00348463 0.0199989 -0.0011039 -0.00305204 0.0114385 -0.0200973 -0.00313404 -0.0401866 -0.00468977 -0.00850303 -0.0109315 -0.0147628 -0.0442586 0.00519777 -0.00281093 0.00107283 -0.0015655 0.00307914 -0.00545984 -0.00747788 -6.65875e-05 -3.2958e-06 -0.00102651 0.00030455 0.00195456 0.00183736 0.00582765 0.014837 -0.003342 -0.00377546 -0.0149849 -0.0035681 -0.00272164 -8.55253e-05 -0.0100865 -0.00438056 -0.00375805 -0.00531044 0.000758658 -0.0143544 -0.00720417 0.00120224 -0.0106071 0.000276302 -0.016572 0.00132165 0.000353582 -0.00120712 0.00113692 -0.000294325 -0.00368334 0.00159354 3.02562e-05 -0.00157361 -0.0066601 0.00168799 0.00307331 0.00245037 -0.011149 0.00161131 -0.00803054 0.000631308 -0.00225642 -0.0108511 0.000282848 -0.0191762 -0.00119538 0.0100335 0.000920941 0.000343044 -0.00514993 0.00510413 -0.00986456 -0.000936746 -0.0130748 -0.00490849 0.00204211 
-0.00668349 -0.00099761 0.00400124 0.000578868 0.000350003 -0.00135323 -0.00850748 -0.00144027 0.00020556 -0.00267222 -0.00543734 -0.00150319 -0.00113866 -0.0011424 0.122784 -0.00344982 -0.00560389 0.0086776 0.0205046 -0.004464 0.00345804 0.00123777 0.0136991 -0.0109538 -0.017535 -0.00365988 -0.0256176 -0.0215727 -3.3004e-05 -0.000381094 -0.0126993 -0.00181934 -0.000734044 -0.00360099 -0.00125898 0.00396172 -0.00479023 -0.00124249 -0.00296699 -0.00104125 -0.0012541 -0.00230639 0.00034762 -0.0027325 -4.4952e-05 0.000381732 0.000584999 -9.08075e-05 0.00197591 -0.00794249 0.000869531 -0.00123545 -0.00405281 -0.014494 -0.00446194 0.00752023 -0.000903921 0.00193318 -0.00280986 0.000697395 -0.00276629 -0.0007227 0.000640198 0.000746757 -0.00157356 -0.00410375 0.00362792 -0.00271123 -0.00109453 0.000282312 0.0120578 0.000164535 -0.00152021 0.000144105 -0.000452658 -0.00276169 -0.00329023 0.00218391 -0.00445823 -0.00578905 0.0104172 0.00583267 0.0082972 -0.00177309 0.0111862 0.00219903 0.00050074 0.00691196 -0.00612389 -0.0030437 -0.00316195 -0.00422369 -0.000637131 -0.000903095 0.000841283 -0.000384114 0.000661195 -0.00269338 -0.00525657 -0.00438968 
-0.0013238 -0.00689141 -0.00371067 -0.00129015 -0.0100652 -6.64006e-05 -0.00628492 0.000831413 -0.003014 0.00183247 0.0037989 -0.00302911 -0.00117431 0.0167673 -0.00344982 0.146142 0.00770569 -0.00147952 -0.0111008 -0.0144027 -0.00782802 0.00558295 -0.0159942 -0.00987738 0.0116532 0.00676689 0.0135079 0.0038034 0.0074594 0.00207092 -0.0190655 0.00138087 -0.00158695 -0.0017518 -0.00354178 -0.00116997 -0.000979492 -0.00142023 -0.00332875 -0.00102482 0.00240333 -0.00093364 -0.00014782 -0.00279392 -0.0146883 -0.00123897 -0.000712802 0.00835319 0.000176395 0.00585715 -0.00486768 0.000890523 0.00775863 -0.00760498 0.000708249 -0.00013198 -0.0024753 0.00749225 0.00108987 0.000299758 -0.00165383 0.00320257 -0.00384057 -0.00111016 0.0019381 -0.00689137 -0.00303746 -0.000206929 0.00371587 0.000910208 -0.00352819 -0.00149412 0.000261299 0.000713406 -6.67905e-05 -0.00197373 0.000751778 -0.00268374 -0.00944936 2.78782e-05 0.0014834 -0.00880254 -0.00501531 -0.00183612 -0.00264888 0.00162278 -0.0028747 -0.0046213 -0.00811527 -0.00500757 -0.00920015 0.00414243 -0.00208901 -0.00722798 -0.00708729 0.00208862 0.00165359 -0.00929035 -0.00539137 -0.00125386 
-0.010427 -0.00640288 -0.000388875 -0.00170131 0.00526911 0.000468557 0.00676802 0.000310751 -0.00224287 -0.00521091 0.0126807 -0.00602348 -0.0068587 -0.0178279 -0.00560389 0.00770569 0.160314 -0.00952221 0.015991 0.0137003 -0.0107933 -0.0128242 -0.0326502 -0.038109 -0.0327579 0.0254289 0.00478635 -0.0139155 -3.79432e-05 -0.00190004 0.0210528 0.00464207 0.00108118 0.00845692 0.00186737 0.0128905 0.00173292 0.000950336 -0.00856119 -0.000910079 -0.00297471 -0.00492419 -0.00164196 -0.00292306 -0.00796607 0.00152207 -6.43327e-05 0.00171526 2.48417e-05 -0.00137476 0.00170378 0.000235968 -0.00267399 0.00956026 -0.000502439 0.00831216 -0.00338911 0.00818472 0.00189234 -0.00414166 -0.00181617 0.00076017 -0.00244969 -0.00799621 4.69513e-05 -0.00602381 0.00138293 -0.00275273 0.00332643 0.000680965 -0.00476108 0.000264373 0.000555624 -0.0022408 0.00161174 -0.00622538 0.000289067 -0.00508607 -0.00622005 -0.0132341 -0.000928172 0.0118155 -0.00584848 -4.85003e-05 -0.0250675 -0.00118785 0.00732391 0.00171481 -0.00049475 -0.00147443 -0.0054604 0.00575484 -0.00478979 -0.00632663 -0.00805007 0.00205687 0.00131569 -7.16736e-05 0.00509965 -0.0074481 
-0.00663743 -0.0112802 0.0075586 0.00318599 -0.00229112 -0.00293501 -0.0112199 -0.00468429 -0.00581539 0.000338835 -0.0311001 0.00204534 0.000143337 -0.018902 0.0086776 -0.00147952 -0.00952221 0.248155 -0.0102133 -0.0106993 0.0211052 -0.0118329 -0.00997781 -0.000163799 0.0444775 -0.041205 -0.0319005 -0.0330799 0.00424546 0.00346285 -0.0180741 4.06532e-05 -0.000760519 0.00365211 0.00998847 0.017817 -0.0026875 -0.00273497 0.00171049 -0.00220743 0.00273434 0.00518968 -0.00149939 -0.00542078 -0.0138182 -6.0572e-05 -0.00219801 -0.000285426 -0.00169833 -0.0114717 -0.0412869 0.00354017 0.013619 0.0137231 -0.00147361 0.000741879 -0.00622396 0.0023329 -0.00349036 -0.010811 -0.000835057 6.37824e-05 0.0059248 -0.000458285 0.000390186 -0.0452011 0.000624182 0.00119659 -0.0068151 -0.00115857 -0.00276859 -0.0016512 -0.000653396 0.00171463 -0.00741338 -0.00665908 -0.00846132 0.000444766 0.00407997 0.00828596 4.33246e-05 0.020876 0.013058 -0.0023214 0.00823855 -0.00122566 0.001189 0.00834226 -0.016489 0.00279655 -0.0304762 -0.0125696 0.00129617 0.0131604 -0.00707485 0.000997765 0.00604417 0.00465375 0.00679079 0.0046776 
-0.0267149 -0.00885236 -0.00536487 -0.000863278 0.0149245 -0.00428143 0.004107 -0.00304126 -0.00251644 -0.0160075 -0.00289089 -0.0137622 -0.0132133 0.0111215 0.0205046 -0.0111008 0.015991 -0.0102133 0.249978 0.00375835 -0.0267006 -0.0182248 -0.00100598 -0.0107384 -0.035476 0.0264193 0.00589851 -0.0585195 0.00181384 -0.00405315 -0.00483718 0.0206001 -0.00427642 0.000191789 0.00143499 0.0425308 0.00563927 -0.000151703 -0.0120025 -0.00613569 -0.00654363 -0.00576626 0.00261553 -0.0043512 0.00499946 -0.00210654 -0.000432019 -0.00726453 -0.00251214 -0.0167146 -0.00178387 -0.00388762 -0.00588062 -0.0236948 -0.00833173 0.00723144 0.000284126 -0.00235108 0.0261359 0.000753119 -0.00562043 0.000670067 -0.0214821 -0.010779 -0.00108046 -0.0103795 0.00569167 0.00446484 -0.00196913 -0.000104406 -0.0119473 -0.00208066 -0.00179376 -0.00104796 0.0042194 -0.00957911 -0.00171579 0.00854266 0.00656595 -0.0147103 0.0314842 -0.00250931 -0.00829095 -0.00217804 -0.00732132 -0.000649412 -7.01944e-05 0.00430344 -0.0093598 -0.00303794 0.000297032 0.00195579 0.00116486 0.00541446 -0.0118397 0.000415449 0.00367489 0.0103474 -0.00986078 -0.0141727 
-0.0146982 -0.00214806 0.00112938 -0.0035899 -0.00013093 -0.00674864 -0.000104391 -0.00700063 -0.00234619 0.00483753 0.000313873 0.00780832 -0.00342382 -0.025298 -0.004464 -0.0144027 0.0137003 -0.0106993 0.00375835 0.218348 0.00430772 -0.0282574 -0.0246765 0.0287126 -0.0176275 0.00987363 -0.011153 -0.00878042 0.00201037 -0.00821896 -0.00442394 -0.00614291 -0.000821694 0.00144803 -0.0183263 0.0149612 -0.00647734 0.00225389 -0.00945786 1.40896e-05 -2.91283e-05 -0.00306854 -0.0030642 -0.0062803 -0.012536 -0.00330143 -0.00177885 -0.00522758 -0.00359377 -0.0105342 0.0108301 -2.4731e-05 0.0137802 0.00184808 0.00674664 0.00257784 -0.0016644 -0.0072394 0.00135523 -0.00220738 -0.00166935 -0.00120994 -0.00680785 0.00246974 -0.00434502 0.0104707 -0.00339293 0.00162044 0.00327419 -6.11065e-05 0.00189757 0.000483817 0.000665528 0.000939078 -0.00383319 -0.00505717 -0.000227721 -0.00582404 0.00517243 0.0177002 -0.0235232 -0.0019734 -0.0069069 0.000468806 -0.0216989 -0.0030444 0.000232733 -0.0052729 0.00380659 -0.00160454 0.00129641 -0.00108889 -0.00191421 0.00856203 -0.00409929 -0.000746781 0.000226483 0.00387417 0.00626187 -0.0157676 
0.0174418 -0.00233203 -0.00196158 -0.000269599 -0.011485 -0.00457869 -0.00386651 -0.00955645 0.00230148 -0.0087831 -0.00970511 -0.00261051 -0.00788048 -0.00256689 0.00345804 -0.00782802 -0.0107933 0.0211052 -0.0267006 0.00430772 0.221169 0.0183161 -0.00739956 0.0184441 0.014695 -0.0356598 -0.00367512 0.0314125 -0.00252268 -0.00848357 0.00706172 -0.0225235 0.000148866 0.00112688 -0.0135146 -0.0263813 0.00112844 0.001817 0.00138748 -0.00193345 -0.00414224 -0.00294082 -0.00596423 -0.00748684 -0.0182372 3.06168e-05 -0.00175014 0.00925574 -0.000190705 -0.00824112 -0.0156479 -0.00156407 -0.00350077 0.0243581 -0.00122939 -0.00249745 -0.00306253 0.00353532 -0.0102224 -0.00870876 0.00149898 -0.000677084 0.000471934 0.000178846 -0.00692973 0.00615095 -0.00696552 -0.000569309 -0.00314002 -0.00323533 0.00393324 -0.0063596 -0.00418557 0.000523135 0.000634472 0.00260364 -0.00601081 -0.00428651 -3.52435e-05 -0.00668543 -0.0179898 0.0046712 0.0159731 -0.00545941 0.00587188 -0.00140763 0.00195939 -0.00154948 -0.00885157 0.00177507 -0.00147629 -0.00333333 0.00023204 -0.010445 -0.00485748 -0.00503736 -0.00613627 -0.0137863 0.011928 -0.00309894 
0.0113241 -0.00724323 -0.00917841 -0.00127108 -0.00424812 -0.00156904 -0.0100514 0.00580805 0.00294239 0.00293778 -0.00033191 -0.0156712 0.000154518 0.00758692 0.00123777 0.00558295 -0.0128242 -0.0118329 -0.0182248 -0.0282574 0.0183161 0.241092 0.00447259 0.00247304 -0.0108521 -0.0366964 0.00602415 0.0399351 -0.00863075 -0.00322041 -0.00868902 0.00185911 -0.000625835 -0.00802167 -0.0167728 -0.0127777 -0.0102909 -0.00256213 0.00190728 -0.0033077 -0.00229531 -0.00263263 -0.000752497 0.00206774 -0.00815921 0.00274461 -0.00219684 0.00815554 0.00150698 -0.00179215 -0.0102836 -0.00366483 -0.00657156 0.00443714 0.00154809 0.00315437 0.00022236 -0.00557664 0.000998169 0.00739936 0.00153388 -0.000104148 -0.00783174 0.000836645 -0.00408513 0.011071 -0.00623376 0.00903347 0.00233954 -0.00290555 -0.00789449 -0.00501256 -0.00320232 0.00202544 -0.00186061 -0.00285216 -0.00963647 0.00505444 -0.00650439 -0.0156382 -0.00488658 -0.0145942 -0.00171182 -0.00406194 0.00973598 0.000280924 -0.0041376 -0.00012772 0.00124644 -0.00731019 -0.0123148 0.0037099 -0.00474081 0.00626038 -0.00626988 -0.00036584 0.00204213 -0.0193732 -0.00949365 0.0091673 
0.024455 0.00592003 0.00826805 -0.00159484 -0.0209974 -0.00066587 0.0131012 -0.00409407 -0.00152927 0.00154748 -0.0148402 0.00708706 -0.00980553 0.0135668 0.0136991 -0.0159942 -0.0326502 -0.00997781 -0.00100598 -0.0246765 -0.00739956 0.00447259 0.24976 -0.0245693 0.0322697 -0.00846808 -0.03685 0.00706606 -0.00440744 -0.00997693 0.014718 -0.00999846 -0.00086508 -0.00785198 0.0017481 0.00298357 -0.00807123 -0.00433065 0.00297566 -0.00628393 -0.00613507 0.000670896 0.0044776 0.000988581 -0.00311091 0.00012763 -0.000615446 -0.00489526 0.000939419 0.00374378 -0.0043268 -0.00124622 -0.0329144 -0.00832019 -0.00452352 -0.0111464 0.000532229 -0.00695881 -0.00984936 -0.00823169 -0.00449225 -0.000479034 0.0107132 -0.00683658 -0.00597747 -0.00631463 0.000782973 -0.0106988 -0.000289216 0.000497753 0.00622937 -0.000225573 -0.0094356 -0.00555185 -0.00353881 0.0149865 -0.00133939 0.00540373 0.00496851 -0.000116493 -0.00609356 0.00944934 -0.00507468 -0.00891808 0.037024 -0.00430134 -0.00624169 0.00541835 0.00609515 -0.00719829 -0.0055572 -0.0115682 -0.00509618 -0.0185947 0.00485195 0.00231967 -0.00895877 -0.00430587 -0.0045164 -0.00296049 
0.0199953 0.00736414 -0.00537595 4.69338e-05 0.00516868 -0.00970777 -0.0112651 -0.000666858 -0.0101079 -0.00282582 -0.0249782 0.00481643 0.00384925 -0.00348463 -0.0109538 -0.00987738 -0.038109 -0.000163799 -0.0107384 0.0287126 0.0184441 0.00247304 -0.0245693 0.248245 0.00345036 -0.0216108 0.0037502 0.00636231 -0.0068793 -0.00242329 -0.0309534 -0.00701692 -0.000876342 -0.0032218 0.00399917 -0.0386461 -0.0023275 0.000835483 -0.00371295 0.00256087 -0.00713829 0.000486416 -0.00403707 7.54021e-05 0.0037223 -0.00167407 -0.00130825 0.00150293 -0.00226682 -0.00653612 0.00761067 -0.00396073 0.0067148 0.00613635 -0.00926188 -0.00691405 -0.000520904 -0.0189924 -0.0032631 -0.000993468 -0.0027779 -0.00471315 -0.00570673 0.00212973 0.00440709 0.000566978 -0.00768434 0.0110921 -0.00847549 -0.00229358 0.00727248 0.000601568 -0.00271335 0.00126382 -0.00435104 -0.00875735 -0.00885638 -0.00480769 -0.00396498 0.0137016 -0.0230423 0.00205796 0.00246868 0.000279756 0.00623707 -0.00103973 -0.00555589 -0.0109398 -0.000137943 -0.00257849 0.0058027 -0.000280843 0.00244257 0.012982 0.00756901 -0.0046279 -0.0079129 0.00224983 -0.00797986 0.00710915 
0.0103666 -0.00811392 0.0003574 0.000764879 -0.01771 -0.0025319 -0.00523812 -0.00675992 -0.00964376 0.00275997 -0.0160397 0.00269083 0.0075414 0.0199989 -0.017535 0.0116532 -0.0327579 0.0444775 -0.035476 -0.0176275 0.014695 -0.0108521 0.0322697 0.00345036 0.249061 -0.0278465 0.00111031 0.00337533 -0.0105674 0.000685548 -0.016538 -0.0182072 0.00075525 -0.00564745 0.00534698 -0.0090662 0.00337685 -0.00183907 0.00893653 -0.000392182 0.000455107 0.00430552 -0.0024238 0.00411155 -0.0111984 -0.00224802 -0.00135033 -0.00632694 -0.00129158 0.0112817 0.000689099 0.00389563 0.00529124 -0.0105102 0.0050837 -0.0052983 -0.00306921 0.00124286 -0.0132915 -0.0061335 0.000204421 -0.000615306 -0.0014226 -0.00132373 -0.00087012 -0.0187757 -0.00749256 -0.0107351 -0.00479145 -0.000590987 -0.0079053 -0.00354422 -0.0058351 -0.00355075 -0.00509654 0.00877412 0.00434989 -0.00424996 -0.0044961 0.0081403 -0.0200656 0.0034872 0.00263491 -0.00628981 0.00405054 -0.000899876 -0.00907399 -0.0109071 -0.0167997 0.00720964 0.00471269 -0.0175328 -0.00170441 -0.00225932 0.000414672 -0.00147089 -0.0068946 -0.0012548 0.00700926 -0.00103707 
-0.0160194 -0.00942263 0.00107002 -0.00123705 0.00400732 -0.00102533 -0.00565211 -0.00168471 -0.00429041 -0.00484014 0.00941674 -0.0159651 -0.00905152 -0.0011039 -0.00365988 0.00676689 0.0254289 -0.041205 0.0264193 0.00987363 -0.0356598 -0.0366964 -0.00846808 -0.0216108 -0.0278465 0.18185 0.00366129 -0.0402644 -0.00128463 0.00186253 0.0182582 0.00554479 -0.00263358 -0.00192263 0.00354446 0.013951 2.91009e-05 -0.000441577 -0.00456189 -0.00256026 0.00270391 -0.00196188 0.000761559 0.00186491 0.0133198 -0.00180453 0.00381756 -0.00772439 -0.00329214 0.0045288 0.0211939 -0.00231224 -0.0111038 -0.0121904 -0.0054116 0.00236875 0.000277909 0.00306005 -0.00472152 0.00202107 0.000416689 -9.47467e-05 -0.00843072 -0.00458151 -0.000170949 0.0167714 0.00713034 -0.00551328 0.000435335 0.00313292 -0.00325763 0.00160438 0.00225637 -0.00166015 0.00153609 -0.00603908 -0.00103869 -0.000937252 0.00551524 -0.00669831 0.0150168 -0.00884158 -0.0158234 0.00450906 -0.0113503 -0.00228406 0.00189373 -0.00311312 -0.00778873 -0.000495491 0.0136956 -0.000471595 -0.000753469 -0.0111383 -0.0015853 -0.00238979 -0.00706795 0.0178171 -0.00274406 0.00456665 
-0.0159763 -0.00346296 -0.00421529 -0.00241404 0.00119192 0.00102967 0.00764186 0.0031071 -0.00343033 -0.00168394 0.00696617 -0.0280202 -0.00079707 -0.00305204 -0.0256176 0.0135079 0.00478635 -0.0319005 0.00589851 -0.011153 -0.00367512 0.00602415 -0.03685 0.0037502 0.00111031 0.00366129 0.249421 -0.00634675 -0.00624767 0.00453146 0.032908 0.00111699 -0.0043101 -0.00264481 -0.0237374 -0.0110571 0.0132723 0.002312 -0.00172588 0.00114869 0.00588054 0.00289952 0.000200575 -0.0126782 0.0200965 -0.00129967 0.000342247 0.00176648 -0.00114467 -0.00525439 0.0178634 0.00426002 -0.00316147 -0.0183787 0.0164753 0.00289815 -0.00181807 -0.00120823 0.0099104 0.00470877 0.0023589 -0.000848488 -0.0262718 -0.00297495 0.00476252 0.00585511 -0.00622914 0.00931254 -0.00312186 -1.56807e-06 -0.0155419 -0.00207368 0.00257075 -0.00265512 0.00312552 0.00473901 -0.000495457 -0.00374954 -0.00925182 -0.0128986 0.00880967 -0.0135949 -0.0163336 -0.0005153 -0.0347326 -0.00148305 0.00232822 -0.00728603 0.00154188 0.00131939 -0.00885966 -0.00435528 -0.0020139 -0.0207781 -0.0146065 -0.00802677 0.00104818 -0.0105986 0.00265808 0.00144196 
0.0316687 0.00262667 -0.00108019 -0.00323188 -0.00389903 0.000878956 -0.00264166 -0.00119286 0.00466348 0.00313304 0.00853404 -0.0128902 0.00770905 0.0114385 -0.0215727 0.0038034 -0.0139155 -0.0330799 -0.0585195 -0.00878042 0.0314125 0.0399351 0.00706606 0.00636231 0.00337533 -0.0402644 -0.00634675 0.249306 -0.0076061 0.00117863 -0.00304911 -0.0169713 0.00328063 0.00351162 -0.037866 -0.0391704 -0.00557131 -0.000230594 0.00445647 0.0016599 0.00509033 -0.00231415 -0.00467779 0.00637395 -0.00190306 -0.003569 -0.00449808 0.0113298 0.00160461 0.0105029 -0.0030942 -0.00400922 0.00380629 0.00990013 -0.00181455 -0.00835661 -0.00551211 -0.00652761 -0.00536192 -0.00243093 0.00372567 -0.00236751 0.0148733 0.0066127 -0.00446252 0.0258096 -0.0042445 -0.00716353 7.64262e-05 -0.00397843 -0.00347469 0.000313515 -0.0028541 -0.000809671 -0.00118386 0.00425996 -0.00125629 -0.00374826 -0.0110076 -0.00386642 -0.0158758 -0.0184763 0.00406007 1.18684e-05 -0.0134401 0.0020424 -0.00601322 -0.00886414 0.0101621 -0.00823568 0.0082581 -0.00213937 -0.00489547 -0.0340259 -0.00246015 -0.0016517 0.00108436 -0.0131566 -0.00892865 0.00463137 
-0.0099355 -0.00179014 0.00118338 -0.000549157 -0.00630473 -0.00302778 -0.00433445 -0.000907141 0.00187609 0.0019211 -0.00217413 -0.00879241 -0.00506866 -0.0200973 -3.3004e-05 0.0074594 -3.79432e-05 0.00424546 0.00181384 0.00201037 -0.00252268 -0.00863075 -0.00440744 -0.0068793 -0.0105674 -0.00128463 -0.00624767 -0.0076061 0.101764 -0.00399855 0.0112201 0.0010594 0.00195698 0.00139879 -0.00645486 0.0118102 0.00168869 -0.000328623 0.000255386 -0.00161954 0.00152725 -0.000718422 0.0018073 -0.00113881 -0.0102388 -0.0014288 -0.000634647 -0.00116932 -0.000228253 -0.00540005 -0.0113302 0.00149345 0.00146251 -0.00247434 -0.00116683 -0.00184745 5.07148e-05 -0.00264733 -0.00321969 -0.00278788 -0.00119039 -0.000138725 -0.0027897 -0.00250916 -0.000613639 0.0010571 0.00302441 0.00384928 -0.000408454 -0.000243879 0.00367189 -0.00223909 -0.0028662 0.0018845 0.000772874 0.00158712 -0.00144976 0.00120261 -0.00176268 -0.00138931 0.0129087 0.000320203 -0.00021606 -0.000457716 0.000198726 0.00167835 0.00168451 0.0113332 -0.00182155 0.00306244 -0.00839599 -0.00438005 0.00182624 -0.00415293 -0.000811377 0.00412259 0.00194645 -0.004136 -0.00278762 0.000655243 
-0.00650723 -0.00238017 -0.000896918 0.000477245 -0.00247031 -6.6203e-05 -0.000362794 0.000530378 -0.000951856 0.000645748 -0.00236896 -0.00372639 0.00413421 -0.00313404 -0.000381094 0.00207092 -0.00190004 0.00346285 -0.00405315 -0.00821896 -0.00848357 -0.00322041 -0.00997693 -0.00242329 0.000685548 0.00186253 0.00453146 0.00117863 -0.00399855 0.0705946 -0.00850345 -5.76951e-06 0.000428788 -8.25033e-05 -0.00164173 -0.0038221 0.000232476 0.000108433 -0.00226003 0.00534405 0.0014977 -0.00148072 0.00149558 -0.00212027 0.0104557 0.000336554 -0.000205624 -0.000168445 -0.000161187 -0.00134235 -0.00210931 0.000642622 0.00103654 -0.00536625 -0.000625746 -0.00183877 -0.00120818 0.00141931 -0.00215795 0.00461762 -0.000581413 9.49595e-05 -0.00109753 0.000677739 0.00187525 -0.00593687 -0.000288492 0.00327183 0.000771271 -0.000656613 -0.00249911 0.00113106 0.00259247 0.000454567 0.000216557 -0.00351424 0.000383891 -0.00198092 -0.00364848 0.0021188 -0.0019055 -0.00120836 -0.000738091 0.00578324 -0.00678907 0.00210516 -0.000301725 -0.0022254 0.00223073 -0.00145637 -0.00207819 -0.00140211 1.64716e-05 -0.00156179 -0.00153529 -0.00169414 0.00103786 -0.00305213 0.000980824 0.00324093 
-0.0100242 -0.00152424 -0.00263731 -0.00386573 -0.0104191 0.00226045 0.00810654 0.00235217 0.00368659 -0.00195447 0.00701891 -0.0101842 -0.018003 -0.0401866 -0.0126993 -0.0190655 0.0210528 -0.0180741 -0.00483718 -0.00442394 0.00706172 -0.00868902 0.014718 -0.0309534 -0.016538 0.0182582 0.032908 -0.00304911 0.0112201 -0.00850345 0.222074 -0.0112627 -0.000981542 0.00262115 -0.00540263 0.00817279 0.00185717 0.0010261 -0.00438303 -0.00573241 -0.00742237 0.00224941 -0.000483232 -0.00760358 -0.0108026 -0.00121345 -0.000407913 0.00206947 -0.00166773 -0.00162134 -0.012511 -0.000175783 -0.0195766 0.000538224 0.00389548 -0.00172173 -0.00226761 0.00817809 0.00168917 0.00304104 0.00268483 -0.00197298 -0.0017778 -0.00838697 -0.00480959 0.00435505 -0.00340892 0.00835627 -0.00194366 -0.000471729 0.00609181 -0.000770705 -0.00533051 -0.00303127 -0.000177207 0.00459385 0.00078844 -0.00215004 0.000224081 -0.00614662 0.00630607 -0.0023543 -0.010678 3.58319e-06 0.00417734 -0.00470666 0.00506897 0.00164242 0.00997505 0.00101822 -0.0205678 -0.00712734 -0.00426514 -0.0157062 -0.00200277 0.00120374 -0.0118526 -0.00886122 0.000984239 0.00584019 
-0.00636283 -0.00133652 -0.00241837 0.000161939 0.00770864 -0.00110485 -0.000643142 0.000444637 -0.000122272 0.000219088 0.000723191 -0.00567003 -0.003752 -0.00468977 -0.00181934 0.00138087 0.00464207 4.06532e-05 0.0206001 -0.00614291 -0.0225235 0.00185911 -0.00999846 -0.00701692 -0.0182072 0.00554479 0.00111699 -0.0169713 0.0010594 -5.76951e-06 -0.0112627 0.0852703 -0.000197257 -0.000425044 -0.000905315 0.0113567 0.00262332 -0.000412173 -0.00327889 -0.000820607 -0.00165427 0.000261536 0.000486369 -0.00119513 0.00556774 -2.24625e-05 0.000752223 -0.00277682 0.000949166 -0.00439537 7.08111e-05 -7.72055e-05 -0.000540041 -0.00094848 0.00179981 -2.09948e-05 0.000661487 -0.00268544 0.00388989 -0.000445572 -0.00168698 0.00070645 -0.00394612 -0.00306832 0.000127634 -0.00908745 0.00356668 0.00597632 -0.00113376 -0.00055807 -0.00518119 0.00128477 -0.000349575 0.00144117 0.000572199 -0.00372552 -0.00207084 0.000705339 0.000910825 -0.00672596 0.0140197 -0.00649723 -0.00166426 -0.00048305 -0.0067692 -0.00122155 0.000544214 -0.000513663 -0.000673066 0.000294916 0.000300417 0.00174632 -0.00113213 -0.000521091 -0.0025995 -0.000594237 0.00360927 0.00674542 -0.0026871 0.00199645 
-0.00223515 0.000196714 0.000340052 0.000145615 -0.00207194 -0.000748637 -0.000385978 -0.000530028 -0.000508493 -0.000454751 -0.00043415 -0.00265142 0.000741055 -0.00850303 -0.000734044 -0.00158695 0.00108118 -0.000760519 -0.00427642 -0.000821694 0.000148866 -0.000625835 -0.00086508 -0.000876342 0.00075525 -0.00263358 -0.0043101 0.00328063 0.00195698 0.000428788 -0.000981542 -0.000197257 0.0337906 0.000404551 -0.00149224 -0.00191799 0.00137285 0.000296979 0.000535555 -0.000170036 -0.000355694 -0.000294046 0.00101688 0.000596021 -0.000376578 -4.30444e-05 -0.000415781 0.000799533 0.000312526 -0.00131597 -0.0001137 -8.26417e-05 -0.00109333 0.00296166 -0.000920362 -0.00105656 -0.000118018 0.00036611 -0.0022819 -0.000403207 -0.000172492 -0.000140214 0.000748451 0.000317346 -9.30716e-05 -0.00127689 -0.000462881 -0.000613608 -0.000273184 -9.45153e-05 -0.000555649 -6.89006e-05 -0.000301281 -0.000233417 -6.55618e-05 0.000378867 -0.000177986 0.000434612 -0.000242436 0.00169258 -0.00254659 0.000270338 -0.000131005 0.000112317 -0.00307207 -3.30127e-05 -0.000223956 -0.0009444 -0.000656855 0.00158136 -0.000492463 0.00217926 0.000536483 9.4922e-05 -0.000127972 0.00086582 0.000568213 0.00165466 0.000564871 -0.000884026 
-0.00403703 0.000138858 0.00408386 -0.000573684 -0.00298742 -0.00045395 -0.00160064 0.000876323 0.00109955 -0.000249584 -0.00224481 -0.00481599 -0.00378744 -0.0109315 -0.00360099 -0.0017518 0.00845692 0.00365211 0.000191789 0.00144803 0.00112688 -0.00802167 -0.00785198 -0.0032218 -0.00564745 -0.00192263 -0.00264481 0.00351162 0.00139879 -8.25033e-05 0.00262115 -0.000425044 0.000404551 0.0711742 -0.00266667 -0.00686534 -0.00437993 0.00164046 0.000391087 0.00118352 0.000492928 0.000788946 -0.000635568 0.00075954 -0.00145966 -0.000332131 -0.000262224 0.000520203 0.00117543 -0.00102697 -0.00793743 0.00121362 -0.000392961 0.0118066 0.000721311 0.000290768 -0.000260728 0.00231255 0.00142967 0.000939801 -5.29977e-05 3.09701e-05 -0.00145599 -0.00120845 -0.001243 -0.00446677 -0.00234152 -0.000354631 0.000696177 -0.000617293 -0.00118812 -0.00010847 0.000257876 0.00112625 -0.000846889 -0.0021503 -0.00108447 9.22461e-05 0.000976124 -0.00379481 0.00039651 -0.00338719 -0.00278186 -0.000654068 -0.00379695 -0.000171241 0.00227559 0.000397622 -0.00403786 -0.000600024 -0.00260111 -0.00233346 -0.0010218 0.0076968 -0.00170213 -0.000431938 -0.00245325 -0.00244229 0.0031672 -0.000563194 
