0.143125 -0.00357323 -0.00730699 0.000838434 -0.0118469 0.00250462 0.00874256 0.00059737 -0.000468657 -0.00457344 -0.00509344 0.0268762 -0.00614174 -0.00681088 -0.00985258 -0.00960146 0.00131965 0.00820002 -0.0197579 -0.000608489 0.0141569 -0.00848671 0.00769279 -0.00741107 -0.0074259 0.00394639 -0.00663338 -0.00456869 -0.00185353 0.00148866 0.00260032 -0.000110052 0.00195407 0.000604753 0.00237882 0.0047132 0.00167526 -0.00118975 -0.000356841 0.00196947 0.00490987 0.000810303 -0.00823523 0.00770305 0.00506416 0.00452468 -0.00453132 -0.00728326 -0.000452516 0.00268601 -0.00281567 -0.00640159 -0.00749646 -0.00360354 0.0125861 -0.00510972 0.00266923 -0.00146904 -0.00247964 0.000579392 -0.00807268 -0.000615451 -0.00121531 -0.000445076 0.0164106 -0.00929115 -0.00303197 0.00390745 -0.00728987 0.00184997 0.000855481 -0.000685454 -0.0116472 -0.00140887 0.00173305 -0.000734087 -0.000948649 -0.00486569 0.000216748 -0.00303223 -0.00206441 -0.00574528 0.00637115 -0.00512243 -0.00163317 -0.00277224 -0.0150086 0.00223777 -0.00889162 -0.0054763 -0.0158477 -0.0151255 -0.00424425 0.00174225 -0.00862818 -0.00116091 0.0069849 -0.0046803 0.00495465 -0.000947485 
-0.00357323 0.115775 -0.00400118 -0.000265865 0.000566001 -0.000903397 0.0030935 -0.00174847 0.00617279 -0.00252807 0.0116044 -0.00447351 2.01626e-05 0.00564408 -0.000228317 0.0082874 0.00957304 -0.0119629 -0.0107534 0.0143883 -0.0218396 -0.00838265 0.0101615 -0.00194233 -0.00659084 0.0119083 -0.00353775 0.00910506 -0.00235313 0.00100584 -0.0162197 -0.00310835 0.000452594 -0.00552631 0.000863624 0.00535728 -0.00147175 -0.000889802 -0.000271431 0.00273718 -0.00119626 0.000508979 0.00246286 -0.00265315 -0.00433076 -0.00482374 -0.00421102 0.0040567 -0.0012149 -0.00288769 -0.00108857 -0.00331358 -0.00137669 -0.00199975 -0.0147854 -0.00247816 -0.0019407 -0.00505692 -0.0031784 -0.00202642 -0.00101855 -0.00255505 -0.00142255 -0.00167514 -0.00194908 -0.0147585 -0.00494504 0.000245608 -0.00610555 0.00284519 -0.000538695 0.00358703 0.00314467 -0.000290197 -0.00402952 -0.000250257 0.00226611 -0.00444223 -0.00089001 -0.000212412 -0.0003704 -0.00464441 0.00210914 -0.00315652 -0.00586742 -0.000312324 -0.00549559 -0.00643648 0.00839522 -0.00266813 -0.00517856 0.0140697 0.000916479 -0.00521363 -0.00173325 0.00225272 -0.00147047 -0.0032192 -0.001392 -0.000201046 
-0.00730699 -0.00400118 0.0799616 0.00314061 0.0180979 -0.000348223 -0.00158162 0.000118495 -0.00750683 -0.002539 8.84901e-05 -0.00712726 -0.00223958 0.0035333 -0.00275931 -0.00264633 -0.0060411 0.00836578 0.0146719 -0.00208412 0.00104589 -0.00159362 -0.0101392 -0.00488643 -0.000740989 -0.00748126 -0.000310425 -0.000750141 -0.00325991 -0.00105698 0.00742109 -0.00036397 0.00218378 -0.000840897 -0.00119981 -0.00683917 0.00129057 -0.000321646 0.000144817 -0.000758081 -0.00209816 -0.00253976 -0.0086778 0.0014941 0.00173293 -0.00303762 0.000623493 -5.1856e-05 0.000134737 0.00238612 0.00184427 -0.000309938 -0.00215817 -0.00106734 -0.00599189 0.00452005 0.00182481 -0.00222485 0.00121582 0.000735724 7.43901e-05 -0.00135318 -0.00114337 -0.000316683 0.00405766 0.00651772 0.00079347 -0.0031934 0.0026353 -0.00343782 0.000309184 -0.00284436 -0.00532599 4.94563e-05 -0.00174155 0.00320233 0.00107167 0.000618299 -0.00101487 -0.00265267 0.000350559 -0.00211258 -0.00658952 -0.00757712 -0.00376472 0.000228887 -0.00201356 -0.00580287 -0.00192295 -0.00471929 -0.00386525 0.00129217 -0.00203197 -0.000118778 0.000176747 -0.000413182 -0.00193384 0.00330265 -0.000718294 0.000232336 
0.000838434 -0.000265865 0.00314061 0.0517322 0.00216212 0.00036409 0.00107205 0.000592799 -0.00106014 -0.00129398 0.00402273 -0.00207688 -0.00179037 0.000549375 0.00456495 -0.000266222 -0.00737563 -0.00079295 0.00409797 0.00352609 0.00432418 -0.00209182 -0.00933761 -0.00384349 0.00053258 -0.00492886 -0.000140469 -0.000659502 0.00250158 -0.000198011 0.00202216 0.00138019 0.0016732 -0.000358471 -0.000577965 -0.00185878 0.000638844 0.000404096 0.000348414 -0.000233269 -8.64115e-05 -0.00135747 -0.00302479 -0.000494602 -0.000227082 0.00132579 -0.00144019 0.0012546 -0.000375183 -0.00109495 -0.00185656 -0.000554478 -5.74879e-06 0.00033787 -0.00434447 -0.00440321 0.000616114 -0.00266557 0.000266551 -0.00022168 -0.00143317 -2.8564e-05 -0.000173475 0.00108555 0.0033366 -0.00150633 -0.00274104 -0.00202001 -0.000709406 0.000367277 -0.000864933 -0.0035222 -6.7415e-05 0.000709628 0.00240863 0.00064472 0.00185714 -0.00185387 -0.000416201 -0.00128547 -0.00138167 -0.00294045 -0.00350764 -0.00314313 -0.00020833 -0.000841828 -0.00359897 8.09362e-05 -0.00280039 -0.0050674 -0.0045003 0.000791071 0.000822312 -0.000641313 0.000853086 6.57157e-05 0.00111495 -0.00080161 -0.00092499 -0.000144436 
-0.0118469 0.000566001 0.0180979 0.00216212 0.213369 -0.00151388 -0.00133879 0.00814164 -0.0128983 -0.00842951 -0.0040443 -0.0213912 -0.00443048 0.00708577 0.00439313 1.6994e-05 -0.00711996 0.0215581 0.0358203 -0.00518738 0.0218879 -0.0136212 0.00203615 -0.0196059 -0.000291537 -0.0144068 0.00431807 -0.000353173 -0.0151354 0.000556668 0.0181124 0.00175431 -0.00299722 0.00169064 -0.00402181 -0.00809462 -0.00201603 -0.00196911 0.0012649 6.00718e-05 -0.00739224 -0.00998278 -0.0219594 -0.0065046 -0.000110372 -0.00215558 -0.00680173 -0.00333979 0.00120122 0.00526933 -0.00379844 -0.00184419 -0.00057418 -0.00106106 -0.00343016 -0.00152423 -0.00021328 -0.0178444 0.0025874 -0.00167019 -0.0121792 0.00242216 -0.00558374 -0.00142657 0.0258982 0.000910847 -0.00168124 -0.00913562 0.00151125 0.00364811 0.00302523 -0.00865939 -0.02336 0.00231667 -0.00628556 -0.00502473 -0.00513426 -0.0035703 -0.00995933 -0.00613395 0.000243551 -0.009398 -0.0161485 0.00261519 -0.012074 -0.00476738 0.00866167 -0.0172629 -0.0155601 -0.00788623 0.00876775 -0.0136011 -0.00846741 0.0162189 0.0054875 0.00321609 -0.00371975 -0.00318612 0.00800205 -0.00376995 
0.00250462 -0.000903397 -0.000348223 0.00036409 -0.00151388 0.0542744 0.000149371 -0.00250921 0.00116217 -0.000686857 -0.00146461 0.00176273 -0.00129261 0.000358966 -0.00202911 -0.00152448 -0.00237157 0.0023295 -0.00449563 -0.00179318 0.00475984 -0.00509122 -0.0021437 -0.0027435 -0.00433919 -0.00729189 -0.00500038 0.00167312 0.000183733 0.000425865 -0.00206357 -0.000566611 0.000569338 0.00254168 -0.000290577 0.00132228 0.000454339 0.000489699 1.3118e-05 -0.000900887 0.00116669 0.00130279 -0.000927616 -0.000542158 0.00200646 -0.00146933 -7.57065e-05 -0.000265103 0.000504126 0.00252874 0.0026773 0.00110721 0.00059952 0.000763041 -0.00388726 -0.00210621 0.00225238 -0.00143664 0.00208312 -0.00048173 -0.00473334 -0.000800961 -0.00122298 0.000557566 -0.00272358 -0.00298751 -0.000315328 -0.000382247 -0.00174929 0.000666431 0.000720839 6.24433e-05 -0.00355864 -0.000644477 -0.00202956 -0.000966692 -0.00279248 0.00194086 -0.000178483 -0.00110601 0.00242619 0.000942963 -0.000674004 0.00057134 -3.80127e-06 -0.00161911 0.000531977 -0.00151217 -0.00176359 0.000443466 -0.00365331 -0.00395646 0.000351777 -0.000953638 0.00068432 3.46102e-05 0.00224614 -0.000368927 -0.00121607 -4.24882e-05 
0.00874256 0.0030935 -0.00158162 0.00107205 -0.00133879 0.000149371 0.0706208 0.00177302 0.00590115 -0.00171814 1.02876e-05 0.00234034 -0.00152259 -0.00608727 -0.00253625 -0.000910916 0.0010129 -0.01214 -0.00851377 0.00128398 -0.0052584 -0.00357828 0.00197602 -0.00907225 0.00386241 0.00968374 -0.00198464 -6.60666e-05 0.00202821 0.00216844 -0.0060576 -0.00089673 0.00183406 -0.000813329 0.000246566 -5.98654e-05 -0.000595492 -0.000728488 0.000665636 -0.00106485 0.00157942 0.00194634 -0.00560325 -0.000537182 -0.00207981 0.000430503 -0.00223391 0.000810121 0.00261469 0.00139973 -0.000225024 -0.00184594 -0.00141057 0.00278092 0.000371761 -0.00307232 0.00044933 -0.00118599 -0.00117054 0.00033702 -0.00223212 -0.00208413 -0.00058179 0.00341682 -0.00130644 -0.00411677 -0.00262143 0.000306144 0.00139627 0.00473232 0.000280902 -4.4988e-05 -0.00484724 0.00242875 0.00107524 0.000548539 0.00167406 -0.00254765 -0.00188931 -0.000302685 0.00187645 -0.00827464 0.000613763 -0.00612526 -0.00185322 -0.0019622 -0.00796379 -0.00205864 -0.00232346 -0.00693762 -0.00687841 0.00253845 -0.00096039 -0.000707899 -0.00248321 -0.00091635 0.00216868 -0.000510891 0.00369551 0.000483558 
0.00059737 -0.00174847 0.000118495 0.000592799 0.00814164 -0.00250921 0.00177302 0.0958197 -0.000575125 -0.00217757 -0.00464357 -0.00616408 0.00267186 -9.03745e-05 0.00918434 -0.0163138 0.00664932 -0.00478902 -0.00360195 0.0150016 0.00919945 -0.00528406 0.00106907 -0.00437543 0.00579399 -0.0207862 -0.00697195 -0.00799502 -0.00260644 -0.00247709 0.00115862 0.00429238 -0.00151173 -0.00631584 0.00101541 -0.00399409 0.00214692 0.00111372 7.74922e-05 0.00166937 -0.00251046 -0.00230987 -0.00643622 -0.000100905 -9.91096e-05 2.28826e-05 -0.00246395 -0.00257257 9.40809e-05 0.00863062 -0.00583463 -0.00230399 0.000478289 0.000606047 0.00750927 -0.00235499 -0.00172527 -0.00724252 -0.00367934 0.000621766 -0.00715039 -0.00202058 -0.000701686 -0.000663389 -0.00670558 -0.00104354 -0.00232405 -0.00314608 -0.000590176 -0.00518453 0.0021164 0.0017744 0.00207295 0.00181688 -0.000703984 0.0020592 -0.00130416 0.000985664 -0.00106134 -0.000181801 -0.000434953 -0.0165592 0.00271874 -0.00553725 0.00125093 -0.00341381 -0.00172258 0.0062931 -0.00488409 -0.0018562 -0.00745226 0.000916205 -0.000642367 -0.000494437 -0.00104742 0.0037406 0.00531173 -0.00264045 0.0065033 0.000421575 
-0.000468657 0.00617279 -0.00750683 -0.00106014 -0.0128983 0.00116217 0.00590115 -0.000575125 0.122564 0.000492501 -0.00230225 -0.00511815 0.00384262 -0.00658387 -0.00456776 -0.00071015 -0.00498388 -0.0215015 -0.0305834 0.0170045 -0.0237314 -0.000668106 0.00849242 -0.00268694 -0.00154191 -0.00808729 -0.00563025 0.0020888 0.00946718 0.00223845 -0.0126509 -0.00139584 -0.00112717 0.00755373 0.000787482 -0.00707768 -0.00238938 -0.000605642 -0.000281804 -0.00298569 0.0056682 0.00765205 -0.00148949 -0.0012026 -0.00216297 -0.000374324 -0.0019417 0.00418734 0.00141535 -0.000172962 0.0034199 -0.00254715 -0.00968707 -0.00239674 -0.00400657 0.00395827 0.000373235 0.00428193 0.00574238 -0.0012577 0.000217153 -0.000227209 0.000128096 -0.00279942 -0.00719589 -0.0051825 0.00116691 -0.000100499 -0.00472159 0.0165162 0.000246523 0.00315573 0.00729502 0.00182094 -0.000672366 -0.0029959 -0.000591697 -0.0029532 0.000157801 0.000203001 -0.00155259 -0.00787352 0.0081685 -0.00189058 -0.00242973 -0.00219042 0.00397939 0.00327373 -0.00401375 0.000166449 -0.00173252 0.0128499 -0.000341257 -0.010919 -0.00542745 -0.000417567 -0.00762747 -0.0027167 -0.00896047 -0.00131929 
-0.00457344 -0.00252807 -0.002539 -0.00129398 -0.00842951 -0.000686857 -0.00171814 -0.00217757 0.000492501 0.0698754 -0.00247215 -0.00511317 0.00514823 -0.0111174 -0.0014066 -0.00606095 0.00153396 -0.00541339 0.000557286 -0.00977901 -0.00406787 0.00461514 -0.0118048 0.00415835 0.00338974 0.00447178 -0.00164479 -0.000253797 0.00504997 -0.000963664 -0.00554234 -0.0021 -0.000578695 -0.000597347 -0.0012998 0.00444331 -0.000853175 0.00105978 -0.000765321 -0.000129665 7.23427e-06 -0.000657624 -0.000542038 0.00154319 -0.000381016 0.000201954 -0.00245828 -0.00186136 -3.263e-05 0.000503398 -0.000522529 0.00129608 0.00102174 -0.000616364 -0.00562779 0.00339926 0.0003424 0.00234103 0.000810565 -2.24923e-05 8.95161e-05 0.00266151 1.76859e-05 -9.77121e-05 0.00234902 -0.0052101 -0.00330931 -0.00248112 0.00363401 -0.00278888 -0.00127668 -0.000650977 0.00285731 -0.000626009 9.91268e-05 -0.00148244 -0.00272117 0.00111851 -0.000576013 -0.000549386 -0.00223366 0.0018144 -0.0033799 -0.000613027 -0.000937727 0.00322745 -0.00127405 0.00982203 0.00289994 0.000890593 -0.000817173 -0.000973165 0.000669387 -0.00493048 -0.00135946 -1.80331e-05 0.0012667 0.00214851 -0.00430256 -0.000586408 
-0.00509344 0.0116044 8.84901e-05 0.00402273 -0.0040443 -0.00146461 1.02876e-05 -0.00464357 -0.00230225 -0.00247215 0.13227 -0.00155956 0.00641988 0.005994 -0.00499077 -0.0137547 -0.00584902 0.00219901 0.000335094 0.00199344 -0.00919417 0.00743272 -0.018751 -0.000975928 -0.00062126 0.0169081 0.00190746 -0.00230714 -0.00251537 -0.00069474 -0.0119837 0.00085574 -0.00142657 -0.00847099 -0.00109812 0.0011832 0.000323852 -1.31918e-05 0.000846397 -0.00227415 -0.000522448 -0.0021001 0.00399057 0.00336188 -0.00292945 0.00742381 -0.00457543 -0.001611 -0.000373922 -0.00924445 0.00284643 -0.00107281 -0.00399935 -0.00165278 -0.0144194 -0.00924793 -0.000186137 0.00294828 -0.00301624 0.000184079 -0.00714161 -0.00053117 -0.00123105 0.000177311 -0.0123506 -0.0110054 0.00129366 -0.00536736 -0.00353401 -0.00637032 -0.00247012 0.00544531 -0.00177084 -0.00206537 -0.00117392 0.00261499 0.00430116 0.00619727 -0.00290496 0.00127931 0.000336422 -0.0129469 0.00463316 -0.0104801 0.00983267 -0.0017972 -0.00296093 -0.00410484 0.00866544 -0.00108168 -0.0129583 0.00344808 0.00145129 -0.00954587 0.00578077 0.00174886 -0.00166097 -0.00225353 0.00501132 0.00179215 
0.0268762 -0.00447351 -0.00712726 -0.00207688 -0.0213912 0.00176273 0.00234034 -0.00616408 -0.00511815 -0.00511317 -0.00155956 0.187724 -0.00414343 0.0222915 -0.0130462 0.00890867 -0.0307233 -0.000172457 -0.0328793 -0.0160262 -0.00544146 -0.0237444 0.0165336 -0.00240935 -0.0238079 0.0177517 -0.0139779 0.0121824 -0.00853269 -0.00259115 -0.000891344 -0.00308351 0.00254345 0.00323915 -0.00113617 0.00549707 0.00183792 0.00165641 -0.000798464 0.00280219 -0.00229926 0.00959611 0.00816138 0.00398783 -0.00291444 0.00575542 0.00124541 -0.0117824 -0.00308207 0.0028199 -0.00202474 -0.00748716 -0.0173787 -0.001991 0.0076867 -0.00952007 0.00116495 -0.000590176 -0.00411998 0.000476633 -0.0103339 -0.0077676 0.00125113 -0.00328786 -0.00719765 0.00470893 0.00675886 0.00597531 -0.00613683 -0.00346595 -0.00286101 0.00970048 -0.00157492 -0.00107407 0.000533865 0.00212599 -0.0119068 -0.00423227 -0.00658975 0.00317874 -0.000672045 0.0170032 -0.00130338 0.0159697 0.00262923 -0.00112302 -0.0071429 -0.0143335 0.000527185 -0.00623703 -0.00993425 -0.0183691 -0.000136321 0.00998596 -0.00872763 -0.00558755 0.00503687 -0.00467464 0.0046605 -0.000598312 
-0.00614174 2.01626e-05 -0.00223958 -0.00179037 -0.00443048 -0.00129261 -0.00152259 0.00267186 0.00384262 0.00514823 0.00641988 -0.00414343 0.0770551 -0.00338671 -0.00119438 -0.0131805 0.000242275 -0.00721189 -0.00473373 0.00981438 -0.00470917 -0.000868213 -0.00702812 0.0130583 0.00112335 -0.00643191 -0.00407792 -0.00199335 -0.00360047 -0.000519309 -0.0103034 0.00266278 1.78734e-05 -0.00379466 0.00138049 0.000533905 0.000236033 0.00133499 -0.000427921 -0.00255838 -2.44098e-05 -0.00105501 -0.00450025 -0.00014032 -0.000451103 -0.000989871 0.000216388 -0.000285708 -0.000709287 0.000452642 -0.00125853 0.00105701 0.000730879 0.00109928 0.00495576 0.000314136 -0.000538062 -0.00305667 0.00111051 0.00107214 0.00203211 -0.00102229 0.000447978 -0.000287914 -0.00433196 -0.0075241 -0.00291517 -6.99653e-05 -0.00284086 -0.00288615 -0.000332243 -0.00230562 6.01044e-05 -0.000556204 -0.000472036 -0.000906514 0.00514797 -0.00261232 -0.000828639 0.00044557 -0.00345541 -0.0164048 0.00256636 -8.83556e-05 -0.000141541 -0.000463198 0.00484508 0.00758296 0.00819496 0.000401048 -0.000153682 0.00300138 -0.00241281 -0.00634888 0.00347689 -0.000399354 -0.00490152 0.00113372 -0.000871109 0.000215502 
-0.00681088 0.00564408 0.0035333 0.000549375 0.00708577 0.000358966 -0.00608727 -9.03745e-05 -0.00658387 -0.0111174 0.005994 0.0222915 -0.00338671 0.204221 0.00923648 0.00335068 -0.0166744 -0.0102247 -0.022236 0.0133167 0.00303638 -0.0140336 0.00597181 -0.0238907 0.00353245 -0.0174472 -0.0108132 0.00664352 0.000615099 -0.00437496 -0.00215885 -0.0012641 0.00156403 0.00785464 -0.00187058 -0.00587836 -0.00531631 0.00372682 -0.00149843 0.00560521 -0.00583267 -0.00425459 0.00901288 -0.00302179 0.00137953 0.00147419 -0.00283019 -0.00512705 -0.00118503 -0.00424645 -0.00757477 -0.000376124 -0.0115481 0.000472961 0.022593 -0.0139717 0.00273608 -0.00614616 -0.00436927 -0.000694225 -0.012642 -0.00274443 0.0012458 -0.00485524 0.0034175 0.00462387 0.00837867 0.00599303 -0.00265603 -0.00931318 -0.00192254 -0.00281527 -0.00227216 -0.000821415 -0.00114917 -0.00246995 -0.0113476 -0.00636209 -0.00180897 -0.00124118 -0.00211271 0.00879917 -0.00472509 -0.00572234 0.0051888 -0.00667819 0.0075454 -0.00938773 -0.00218298 -0.0128429 -0.012722 0.003597 -0.00910779 -0.00366051 -0.00519413 -0.00325369 0.000350781 -0.00864196 -0.00776462 0.00041348 
-0.00985258 -0.000228317 -0.00275931 0.00456495 0.00439313 -0.00202911 -0.00253625 0.00918434 -0.00456776 -0.0014066 -0.00499077 -0.0130462 -0.00119438 0.00923648 0.148019 -0.00976816 -0.0137692 -0.00679193 -0.00581063 -0.00306249 -0.00920617 -0.0115076 -0.026137 -0.00195499 0.0140937 -0.0220017 0.00849428 0.00185202 0.00431827 -0.00217551 0.0064188 -0.000913291 -0.00284313 -0.00891647 -0.00154796 -0.00147284 0.00495903 -0.000143116 -3.58043e-05 -0.000435901 0.000111936 -0.00250171 0.00486264 -0.00319198 0.00222481 -0.0066936 -0.00294152 -0.00226214 0.00125631 0.00247423 -0.00517331 0.0057724 0.0148651 0.00424805 -0.00740377 -0.00218751 0.00115052 -0.00784291 -0.000146049 -0.00162543 -0.0113325 -0.00121816 -0.000489639 -0.000998982 -0.00386256 -0.00322492 0.0037742 -0.00267383 0.00768247 -0.0043185 0.0029901 -9.66692e-06 0.00413269 0.00457997 -0.00174399 -0.000241764 0.00716968 -0.00385696 0.00293713 0.00516463 -0.00155436 -0.00398519 0.00621286 -0.00385866 -0.00469018 -0.00409977 -0.00815087 0.00556739 0.000927246 -0.0137105 -0.00818057 -0.0104059 0.00152857 0.00444997 -0.00330987 0.00261418 0.00260388 -0.000984993 -0.00623928 0.00138137 
-0.00960146 0.0082874 -0.00264633 -0.000266222 1.6994e-05 -0.00152448 -0.000910916 -0.0163138 -0.00071015 -0.00606095 -0.0137547 0.00890867 -0.0131805 0.00335068 -0.00976816 0.226718 -0.0295272 0.0035731 -0.00180144 -0.027776 -0.0221856 0.00282621 0.00073257 -0.0110152 -0.00665195 0.027837 -0.0163583 0.000816653 0.00348643 -0.00845261 0.00597089 -0.0112608 0.00016612 0.00147462 -0.00625878 0.00323779 -0.0045659 -0.00905305 -0.0014127 0.00323655 0.00140836 0.00643982 0.014578 -0.00220456 -0.00666023 -0.0139216 0.00293086 0.00620635 -0.00316254 -0.017512 -0.00489041 -0.00115654 -0.00816976 -0.00426406 -0.0102056 -0.00166675 -0.0102556 0.00284084 0.00164143 -0.00265695 -0.00390139 0.0020346 -0.0027006 0.00196052 0.00559406 -0.00333768 -0.00776179 -0.00643042 -0.000600694 -0.0010971 -0.00289979 0.00165571 -0.00123713 -0.000912608 0.00403767 -0.00350515 -0.00319874 -0.00633475 -0.00502179 -0.00645524 -0.00117178 0.042351 -0.0145291 0.00996586 -0.0018014 0.00174619 0.00275607 0.00726022 0.00221594 -0.012966 0.00439201 0.0107625 0.00673444 0.00215922 -0.0123312 -0.00870835 -0.00397117 -0.00204101 -0.0105885 -0.00102443 
0.00131965 0.00957304 -0.0060411 -0.00737563 -0.00711996 -0.00237157 0.0010129 0.00664932 -0.00498388 0.00153396 -0.00584902 -0.0307233 0.000242275 -0.0166744 -0.0137692 -0.0295272 0.247979 -0.0349977 0.0263653 0.0108886 -0.00372284 0.00594645 0.0276812 -0.00512331 -0.0157279 -0.00677976 0.00845324 -0.0128616 9.93771e-05 -0.00384944 -0.0244278 0.00352391 -0.00580049 -0.0234501 -0.00162671 -0.00352981 -0.00239532 0.00242257 -0.00318763 -0.0104386 -0.0017671 -0.00405014 0.00509296 -0.00522285 0.00232628 -0.00816059 -0.00471848 -0.00464056 -0.00346386 -0.000377121 -0.00227555 -0.00340747 0.00612511 0.00048353 0.0150164 0.0195192 -0.00323159 -0.00478053 -0.0115001 -0.00122123 0.00646027 -0.000625302 -0.00221643 -0.00679858 -0.0035024 -0.00257126 -0.0296262 -0.00219537 0.00023983 -0.00489862 -0.000868132 -0.00702388 0.0134661 -0.00562802 -0.00242739 -0.00358488 0.00369412 0.000406794 0.00838498 0.00333256 0.000920323 -0.0243308 -0.000831511 0.00320296 -7.5702e-05 0.00744529 0.0192771 0.00263364 -0.00771984 -0.00366286 -0.000807188 0.0108764 -0.00392116 -0.00895279 -0.00756487 1.65725e-05 -0.00165561 -0.00831106 0.00110614 -0.00274648 
0.00820002 -0.0119629 0.00836578 -0.00079295 0.0215581 0.0023295 -0.01214 -0.00478902 -0.0215015 -0.00541339 0.00219901 -0.000172457 -0.00721189 -0.0102247 -0.00679193 0.0035731 -0.0349977 0.245346 0.0368295 -0.0417052 0.0494136 0.0248104 -0.0251673 -0.0104483 -0.0166097 -0.00611881 -0.00462482 -0.0213189 -0.032647 -0.00112952 0.0336517 -0.00489357 0.000885651 -0.00194258 -0.00335345 -0.0177506 0.00271023 -0.000936152 -0.00146589 -0.00185002 -0.00813142 -0.000267419 -0.00901765 0.00495745 0.00285236 0.00399097 -0.00092173 0.00162864 -0.00119904 -0.0113569 0.00885563 -0.000555756 0.000467012 -0.00467655 -0.0380507 -0.0165112 -0.000687473 0.00338191 0.000273569 -0.00346983 -0.00972293 -0.00821562 -0.00405627 0.000897726 0.0200328 0.00718719 0.0189287 0.00298269 -0.0115368 0.0043353 -0.000242947 -0.00114977 -0.019797 -0.00269394 -0.00767599 -0.00675606 -0.00992171 0.00488623 -0.0013477 -0.00861307 -0.000654433 0.0378083 -0.0109751 -0.013312 -0.00225688 -0.0117142 -0.00925857 -0.0273478 -0.0124659 0.00719112 -0.0118455 -0.0257458 -0.00452151 0.0217819 0.0132765 0.00261489 0.00409291 0.00310359 0.0101107 -0.000877532 
-0.0197579 -0.0107534 0.0146719 0.00409797 0.0358203 -0.00449563 -0.00851377 -0.00360195 -0.0305834 0.000557286 0.000335094 -0.0328793 -0.00473373 -0.022236 -0.00581063 -0.00180144 0.0263653 0.0368295 0.249976 -0.0343018 0.0387516 0.0389876 -0.0303646 -0.00767401 0.0102032 -0.0236824 0.0196773 -0.0264196 -0.00760565 -0.00300533 0.0152137 -0.00646891 0.00203188 -0.0218046 -0.00497643 -0.0312592 -0.00343305 -0.00128967 0.00024906 -0.0035054 -0.00462741 -0.0138683 -0.0265189 -0.00406865 0.00163964 -0.0126644 -0.00104539 0.0119843 0.00158511 -0.00231743 -0.00186661 0.00386272 0.0260635 0.00151972 -0.0204807 0.00601389 -0.00627637 -0.0141633 -0.00185855 -0.00390486 -0.0077772 -0.00806351 -0.00466386 -0.00472502 0.0160985 0.0191182 -0.0174935 -0.0122063 0.0117007 -0.00338055 -0.00195644 -0.00584384 0.0106882 -0.00138536 -0.00384994 0.00469221 -0.00672401 -0.00486185 -0.00460109 -0.00202858 0.00335074 -0.00324887 -0.0194103 0.000746749 0.000223469 0.00289021 0.0116609 -0.00720521 -0.0162444 -0.0178296 -0.00883064 -0.0136486 -0.000831938 0.00555197 0.0152896 -0.00194863 -0.0090228 0.00925871 -0.00206553 -0.00324047 
-0.000608489 0.0143883 -0.00208412 0.00352609 -0.00518738 -0.00179318 0.00128398 0.0150016 0.0170045 -0.00977901 0.00199344 -0.0160262 0.00981438 0.0133167 -0.00306249 -0.027776 0.0108886 -0.0417052 -0.0343018 0.188763 -0.0110877 -0.0260843 0.012418 0.00166838 -0.00504187 -0.0264148 -0.00331462 0.00433326 -0.00681142 0.00269056 -0.0145483 0.00842813 -0.0056187 -0.00403246 0.00386262 0.00740567 -0.00559391 0.00136437 0.0016831 -0.0055449 0.00270133 -0.00296871 -0.0113272 -0.00150372 -0.00169662 0.00629552 -0.00645606 -0.00683006 -0.00109379 0.00422027 -0.0056278 -0.00686651 -0.00894256 -0.000749375 0.0165595 0.0112985 0.00150468 -0.00995098 0.00132304 0.00156597 -0.00637531 0.00499994 0.00120513 -0.000981774 0.00706681 -0.0158748 -0.00735745 -0.00384534 -0.00558253 -0.000942175 -0.000584722 -0.00742049 0.00556442 0.00506377 0.000745175 0.00137347 0.0172231 0.000506632 0.00118575 -0.00219398 0.000333687 -0.0405153 0.00115763 -0.0115977 0.000851781 -0.00584046 -0.00956896 -0.00281717 -0.00108591 0.012341 -0.00249328 0.0303861 -0.00333533 -0.00412765 -0.00173028 0.00343657 -0.00356461 -0.00306159 0.00233212 0.00025052 
0.0141569 -0.0218396 0.00104589 0.00432418 0.0218879 0.00475984 -0.0052584 0.00919945 -0.0237314 -0.00406787 -0.00919417 -0.00544146 -0.00470917 0.00303638 -0.00920617 -0.0221856 -0.00372284 0.0494136 0.0387516 -0.0110877 0.236588 0.0245044 -0.0336313 -0.0127881 -0.00395189 -0.0355702 0.00215701 -0.0178189 -0.0209157 -0.0029919 0.0195905 -0.00771147 -0.00232419 -0.0200327 -0.00213059 -0.0121905 -0.00373636 -0.00221782 0.000754556 -0.00556003 -0.00999919 -0.0119711 -0.0107515 -0.00255967 0.000581475 0.00245827 0.00642286 0.00181447 -0.00142366 0.00975476 -0.000414145 -0.00305231 0.00990279 -0.00410002 0.0160087 -0.00098272 0.00193769 -0.015033 -0.0052771 -0.00249556 -0.00900139 -0.00402215 -0.00377619 -5.43082e-05 0.00582164 0.0130622 -0.00769817 0.00195903 -0.00615612 -0.0119636 -0.000419554 -0.00933127 0.00480849 -0.00508623 -0.00649106 -0.000891774 -0.00549274 0.00283705 -0.00254534 -0.0123555 -0.00754601 -0.0113866 -0.0131899 -0.00652275 0.00912361 -0.00583284 0.0061346 -0.0178398 -0.0166402 0.0139351 -0.00114672 -0.019611 -0.00293314 0.00364961 0.00956799 -0.00155126 0.00538842 0.00536514 0.00336171 -0.00250356 
-0.00848671 -0.00838265 -0.00159362 -0.00209182 -0.0136212 -0.00509122 -0.00357828 -0.00528406 -0.000668106 0.00461514 0.00743272 -0.0237444 -0.000868213 -0.0140336 -0.0115076 0.00282621 0.00594645 0.0248104 0.0389876 -0.0260843 0.0245044 0.248768 -0.00680831 0.00512599 0.0241169 0.00938906 -0.00484924 -0.0232713 -0.00712131 -0.00614835 -0.00722018 -0.00609589 -0.00211346 0.00246498 -0.00368251 -0.0162682 -0.00357383 -0.000795266 -0.00401826 -0.00610717 -0.00392146 -0.00990557 -0.00744725 -0.00301867 -0.00396543 0.00242724 0.00213549 0.00922598 -0.00312966 -0.0156543 0.00835312 0.00314204 0.0123886 -0.00357491 -0.0144323 -0.00695987 -0.00535156 -0.0090865 -0.000842833 -0.00243843 0.0140905 -0.0125706 -0.00216588 -0.0039534 -0.0190008 0.00284852 -0.00819845 -0.0041268 0.0152299 0.000118402 -0.00267861 0.00782288 0.015402 -0.00520648 -0.00354588 -0.00103478 -0.00813025 0.00678194 -0.00570547 -0.00911952 -0.00919481 -0.000392525 -0.0174069 -0.0150356 -0.0127419 -0.00112725 0.0102819 0.00102286 -0.00761051 -0.00847512 -0.00613841 0.00367105 0.00337045 -0.0301634 0.000880115 0.00124845 0.000265101 -0.0070265 -0.00506382 -0.00104267 
0.00769279 0.0101615 -0.0101392 -0.00933761 0.00203615 -0.0021437 0.00197602 0.00106907 0.00849242 -0.0118048 -0.018751 0.0165336 -0.00702812 0.00597181 -0.026137 0.00073257 0.0276812 -0.0251673 -0.0303646 0.012418 -0.0336313 -0.00680831 0.243781 -0.0192201 -0.00986767 -0.0161844 0.00227928 0.00395078 -0.00138451 0.00401487 -0.011315 0.000852946 -0.00138109 0.0177804 -0.00357336 0.00727314 -0.0054573 -0.0030554 -0.0029741 0.0020309 -0.00428073 0.00758866 -0.00827319 -0.00602722 5.79463e-05 -0.00394966 -0.00417988 -0.00901733 0.000215958 0.00909324 0.00165424 -0.00243721 -0.00853988 -0.00160643 0.0233605 -0.00546281 0.000245002 0.000790375 -0.00377804 -0.00255502 -0.00388862 0.00277809 -0.000647257 -0.0060238 0.000166338 0.00204677 -0.00480839 0.00218179 -4.22976e-05 0.00593556 -0.00260972 -0.00215547 -0.0107326 -0.0047416 -0.000848174 -0.000448347 -0.0106394 -0.00655615 -0.00405223 -0.00833374 -0.0033271 -0.00186659 -0.027591 0.00734441 -0.016532 -0.00579532 0.00973229 -0.00712482 -0.00354604 0.0122197 0.00572802 0.010855 -0.00162357 -0.00225809 -0.00178391 -0.011697 -0.00517246 -0.00778032 0.00317439 -0.00343793 
-0.00741107 -0.00194233 -0.00488643 -0.00384349 -0.0196059 -0.0027435 -0.00907225 -0.00437543 -0.00268694 0.00415835 -0.000975928 -0.00240935 0.0130583 -0.0238907 -0.00195499 -0.0110152 -0.00512331 -0.0104483 -0.00767401 0.00166838 -0.0127881 0.00512599 -0.0192201 0.190371 -0.00351443 0.0137052 -0.00979473 -0.00193742 -0.00780054 -0.00507905 -0.0206562 0.00414057 -0.00137358 0.017718 0.0036695 0.00483064 0.00204253 0.00071629 -0.00129119 0.000892242 0.00161933 -0.00447054 0.000637319 0.00110511 -0.00529651 -0.000518312 -0.00134192 -0.00542084 -0.0023115 -0.00579416 -0.000948658 -0.00349783 0.00936058 -0.000684699 -0.00348015 0.0115061 0.000180176 0.0093748 -0.00462895 0.00122644 -0.00301723 0.00403978 0.000501296 -0.00330207 -0.00379579 -0.0174832 0.00583194 -0.00183512 -0.00266316 -0.00788918 -0.00125174 0.0129565 0.00432719 -0.00348215 0.000570691 -0.00160382 0.000703324 -0.00341754 -0.0011387 0.00816064 -0.00363944 -0.0227544 0.00170358 0.00330312 0.00292384 -0.000843009 -0.00805923 -0.00509318 0.0074483 -0.00505076 0.00556608 0.000422976 -0.0007423 -0.00957148 -0.00840554 -0.00270411 0.00294018 0.00278565 -0.00210803 0.000467614 
-0.0074259 -0.00659084 -0.000740989 0.00053258 -0.000291537 -0.00433919 0.00386241 0.00579399 -0.00154191 0.00338974 -0.00062126 -0.0238079 0.00112335 0.00353245 0.0140937 -0.00665195 -0.0157279 -0.0166097 0.0102032 -0.00504187 -0.00395189 0.0241169 -0.00986767 -0.00351443 0.19185 -0.0273177 0.000642834 -0.00143123 0.0129136 -0.00580391 -0.00927655 0.00513176 0.00299657 -0.00144239 0.00109527 -0.0138032 1.00264e-05 -0.00237256 -0.00235037 -0.000782205 0.00150945 -0.0100033 -0.00753354 -0.00273169 -0.000867057 0.00570288 -0.00146587 -0.000502834 0.00454259 -0.000985723 -0.00622277 0.010304 0.00192115 -0.00181868 0.00577614 0.00133582 0.00038162 -0.000672899 0.00116019 -0.00274797 0.00274722 -0.00214636 -0.00200911 -0.00295197 0.00927791 0.000368798 -0.000301425 -0.00345405 0.0123043 -0.010086 -0.00156708 -0.00396486 -0.00601409 7.63154e-05 0.000708048 -5.7229e-05 -0.0109476 -0.00194245 -0.0036067 -0.00273662 -0.00114735 0.0011915 -0.0185702 -0.0126565 -0.00650549 -0.000547709 -0.0101586 0.00773275 -0.00769196 -0.0176308 -0.0150584 0.000825817 -0.00110726 -0.00176491 0.000823824 -0.00326933 0.00526516 0.00119488 -0.00132286 -0.000364885 
0.00394639 0.0119083 -0.00748126 -0.00492886 -0.0144068 -0.00729189 0.00968374 -0.0207862 -0.00808729 0.00447178 0.0169081 0.0177517 -0.00643191 -0.0174472 -0.0220017 0.027837 -0.00677976 -0.00611881 -0.0236824 -0.0264148 -0.0355702 0.00938906 -0.0161844 0.0137052 -0.0273177 0.247731 -0.0191645 -0.0024507 0.00377416 -0.00639716 -0.00514347 -0.00723684 0.00238135 -0.0070621 0.00174519 0.025854 0.00184244 -0.00412354 -0.000432582 0.00198932 -0.00632802 0.00612085 0.0100145 0.00618542 -0.0116676 -0.00767047 -0.00434913 -0.00400878 -0.00318203 -0.0154519 -0.00732693 -0.00803598 -0.0123028 -0.0014564 -0.0212044 0.0017764 0.00125652 0.00260911 0.00177337 -0.00253101 0.013524 -0.00128842 0.000646472 0.0066433 -0.0188182 -0.0151051 0.0008534 0.00859261 -0.012394 -0.00410257 -0.00473155 0.00373056 -0.00488685 -0.00116402 0.00150246 -0.000118735 0.017311 -0.00900346 -0.00244731 0.00271795 0.00316596 0.00763248 0.0211051 -0.00485107 0.00460049 0.00453607 0.0014305 0.00227193 0.0152611 -0.0108127 -0.00011148 -0.018552 0.00506385 -0.0138689 -0.0107517 0.00336772 -0.00834145 -0.00404214 0.000112372 -0.000875307 
-0.00663338 -0.00353775 -0.000310425 -0.000140469 0.00431807 -0.00500038 -0.00198464 -0.00697195 -0.00563025 -0.00164479 0.00190746 -0.0139779 -0.00407792 -0.0108132 0.00849428 -0.0163583 0.00845324 -0.00462482 0.0196773 -0.00331462 0.00215701 -0.00484924 0.00227928 -0.00979473 0.000642834 -0.0191645 0.123614 -0.000960354 -0.00722361 0.00404704 -0.000553547 -0.000540262 -0.00219557 -0.000437342 -0.00189014 -0.00578803 -0.000582365 -0.00106609 0.000626188 -0.00359441 -0.00385309 0.000361178 -0.00834228 -0.00307238 0.00397596 -0.0036347 0.000574794 -0.00312253 0.00137563 -0.000722862 0.00163236 0.000885686 0.0109134 0.000865922 0.00641677 -0.0038213 8.02501e-06 0.00149998 -0.00146221 -2.40583e-05 0.00554102 -0.00241301 -3.9864e-05 0.000192669 0.00859954 0.00548322 0.000508331 -0.00438188 0.00653845 0.000920149 -0.000289409 -0.00115987 -0.00480222 -0.000958428 0.000503976 -0.000787709 -0.00338318 -0.000987646 0.000471594 -0.00192035 -0.00166568 -0.00324985 -0.0081976 -0.00653452 -0.00536358 -0.00219982 -0.00604223 0.000300723 -0.000461719 -0.00364301 0.00180463 0.000160671 -0.00576721 -0.00132852 0.00460114 -0.000707051 -0.00346263 0.00567315 -0.00415957 -0.000402586 
-0.00456869 0.00910506 -0.000750141 -0.000659502 -0.000353173 0.00167312 -6.60666e-05 -0.00799502 0.0020888 -0.000253797 -0.00230714 0.0121824 -0.00199335 0.00664352 0.00185202 0.000816653 -0.0128616 -0.0213189 -0.0264196 0.00433326 -0.0178189 -0.0232713 0.00395078 -0.00193742 -0.00143123 -0.0024507 -0.000960354 0.124772 0.00388897 0.0021922 -0.0172164 -0.00137382 0.00106776 -0.00499928 0.000536876 0.00653882 0.00204241 0.000757215 -7.13368e-05 -0.000980505 0.000951579 -0.00270706 0.0035718 -0.000560816 -0.00182054 -0.00104354 0.00237487 0.000424828 0.000650507 0.0100737 -0.00324949 0.00107808 -0.00295201 -0.000923942 -0.00323362 -0.00525315 0.00721805 0.000328162 -0.0026813 0.00142247 -0.00924868 -0.0077968 0.000592454 0.000532112 -0.00313816 -0.00695073 0.000247034 -0.00252068 0.0053806 -0.00353678 0.00238504 0.00891231 -0.00219464 0.00213742 0.0017733 -0.00274058 0.000119127 -0.00323985 0.000777497 0.0012488 -0.00152448 0.00223421 -0.00292086 0.011103 -0.00233887 0.00242841 -0.00124063 -0.00315637 0.0109124 -0.00117259 -0.00455837 -0.00206046 -0.00535086 -0.00161805 -0.00155974 -0.00396431 -0.00612489 -0.00330128 -0.0055545 0.000977805 
-0.00185353 -0.00235313 -0.00325991 0.00250158 -0.0151354 0.000183733 0.00202821 -0.00260644 0.00946718 0.00504997 -0.00251537 -0.00853269 -0.00360047 0.000615099 0.00431827 0.00348643 9.93771e-05 -0.032647 -0.00760565 -0.00681142 -0.0209157 -0.00712131 -0.00138451 -0.00780054 0.0129136 0.00377416 -0.00722361 0.00388897 0.118977 0.000750741 -0.0202396 0.00350427 0.00079325 -0.00936327 -0.00200101 0.0020239 -0.000105361 -0.00126591 -5.55372e-06 0.00353417 0.00506572 0.00479678 0.011565 7.5657e-05 -0.00240308 -0.00208258 0.00438557 -0.00160764 0.00149073 -0.000551674 -0.00326849 0.00330516 -0.00413 -1.17715e-05 0.000863944 0.000920806 -0.00118943 -0.000166087 -0.00112473 0.0016884 0.000815847 0.00645993 0.00130401 0.00114211 -0.0173647 0.00172267 -0.00454148 -0.00215679 0.00621352 -0.000329324 7.38253e-05 -0.00134309 -0.000922837 0.000884329 -0.00101995 -0.00125153 -0.00196339 -0.00453292 -0.000608543 -0.000256059 -0.00118006 -0.00815116 0.00182174 -0.00515015 -0.00234189 0.00437074 -0.0010469 0.0101086 -0.000331737 -0.00248843 -0.00754116 0.0101555 0.0044507 -0.00708516 -0.000181352 5.04345e-05 0.000224918 -0.000358701 -0.00861968 -0.000216053 
0.00148866 0.00100584 -0.00105698 -0.000198011 0.000556668 0.000425865 0.00216844 -0.00247709 0.00223845 -0.000963664 -0.00069474 -0.00259115 -0.000519309 -0.00437496 -0.00217551 -0.00845261 -0.00384944 -0.00112952 -0.00300533 0.00269056 -0.0029919 -0.00614835 0.00401487 -0.00507905 -0.00580391 -0.00639716 0.00404704 0.0021922 0.000750741 0.0613923 -0.000150493 -0.000409803 0.00168279 -0.00196677 -0.000484076 -0.00283521 -0.000200803 -0.000872517 0.000551678 0.00222595 -0.00036793 0.00219372 -0.00387008 -0.00129382 -0.000197946 -0.00101704 0.000661552 0.000299013 0.00158792 -0.00213799 4.69241e-05 0.00136675 -0.00374062 0.000197673 -0.00163533 -0.00126101 3.4214e-05 0.000402755 0.000971665 0.000408469 3.73928e-05 -0.000491374 0.000185005 -0.000456372 0.00145052 -0.000888918 0.00229967 -0.00191284 -0.000805846 0.00028389 0.000432395 -0.000592824 -0.00518119 -0.000503549 -0.00128011 -0.000742718 -0.000316205 -0.00107006 4.29908e-05 -0.000420076 -0.00251867 -0.00652285 -0.00174713 -0.00101463 -0.00316451 -0.00182104 0.00281733 -0.00296956 0.000520347 0.00468467 -0.00105973 0.00392197 0.00253576 0.00513652 0.00568679 -0.00267778 -0.00339546 -0.00100069 -0.00243622 -0.000297494 
0.00260032 -0.0162197 0.00742109 0.00202216 0.0181124 -0.00206357 -0.0060576 0.00115862 -0.0126509 -0.00554234 -0.0119837 -0.000891344 -0.0103034 -0.00215885 0.0064188 0.00597089 -0.0244278 0.0336517 0.0152137 -0.0145483 0.0195905 -0.00722018 -0.011315 -0.0206562 -0.00927655 -0.00514347 -0.000553547 -0.0172164 -0.0202396 -0.000150493 0.183446 -0.0054322 -0.000962312 -0.00986241 -0.000532434 -0.0121551 0.000334775 -0.00189194 -0.000609771 0.00360171 -0.00270375 0.00213231 -0.00895865 -0.000163993 0.000399621 -0.0102239 -0.00245347 -0.00441102 0.000578841 -0.0109021 -0.00198162 -0.00120086 -0.00363692 0.000386017 -0.0105298 -0.0113436 -0.00222129 0.00948898 0.00451889 6.48243e-05 0.00323117 -0.00287627 -0.00135888 0.000314295 -0.00244923 0.01899 0.0153328 -0.00594583 -0.00832405 -0.00115204 -0.002608 -0.0083192 -0.0115798 -0.000265306 0.000602858 -0.00157472 -0.000555258 0.00115693 -0.00280903 -0.000568188 0.00241512 0.0200076 -0.0032981 -0.0132441 -0.00141822 -0.00567347 -0.00380865 0.00216523 -0.0120309 -0.00618802 0.00654434 -0.0225884 -0.00509945 0.018071 -0.00059461 7.71462e-05 0.00105219 0.00434745 0.0152466 -0.00154101 
-0.000110052 -0.00310835 -0.00036397 0.00138019 0.00175431 -0.000566611 -0.00089673 0.00429238 -0.00139584 -0.0021 0.00085574 -0.00308351 0.00266278 -0.0012641 -0.000913291 -0.0112608 0.00352391 -0.00489357 -0.00646891 0.00842813 -0.00771147 -0.00609589 0.000852946 0.00414057 0.00513176 -0.00723684 -0.000540262 -0.00137382 0.00350427 -0.000409803 -0.0054322 0.0535208 -0.000418533 0.00143001 -0.000518612 -0.00131152 -0.000418257 0.000415601 0.000430192 -0.00117736 0.00216444 -0.000962711 -0.00152325 0.000572311 0.000301729 0.00667063 -0.00119074 -0.0023473 -0.000310988 0.00166243 -0.00143576 -0.000964856 -0.00203672 9.77651e-05 0.00579461 -0.0036284 0.00245878 -6.56999e-06 0.00050851 0.00115385 0.00202022 0.000979236 0.00129462 -0.000594807 -0.00145003 -0.00457849 9.30973e-05 0.000349917 -0.000106195 0.0010829 -0.000238797 -0.00177255 -0.000709624 0.000295928 -0.000437791 -0.000398606 -0.00270911 -0.000332619 0.000196387 -5.33969e-05 -0.000671903 -0.00683345 -0.00116664 0.00204177 -0.000165015 -0.0017123 -0.00203624 -0.0015085 -0.00199959 -2.79616e-05 -0.00196288 -0.0019214 0.000948619 -0.00105197 -0.00163215 -0.000521167 0.000891861 -0.00210737 -0.00132515 -0.000399939 
0.00195407 0.000452594 0.00218378 0.0016732 -0.00299722 0.000569338 0.00183406 -0.00151173 -0.00112717 -0.000578695 -0.00142657 0.00254345 1.78734e-05 0.00156403 -0.00284313 0.00016612 -0.00580049 0.000885651 0.00203188 -0.0056187 -0.00232419 -0.00211346 -0.00138109 -0.00137358 0.00299657 0.00238135 -0.00219557 0.00106776 0.00079325 0.00168279 -0.000962312 -0.000418533 0.0474208 0.000953063 -0.000660843 -0.00079786 -0.00013641 0.000671251 -0.000299073 0.00179362 -0.000261388 -0.0010668 -0.00163065 0.00132358 0.000941434 -0.00173891 -0.00137162 -0.000900017 0.000215169 0.00165878 3.75936e-05 0.000130743 -0.00358774 0.000707656 -0.000916189 -0.000791215 0.000135707 0.00132561 -0.000457249 -3.65527e-05 -0.00112108 -0.000909989 -5.52884e-05 -0.000523675 -0.0026574 -0.0036832 -0.0027987 -0.00147822 0.000169954 -0.00222898 0.000606268 -0.00156289 -0.00238237 -0.000278087 0.0010838 0.00111521 -0.000579672 -0.00250777 -0.00115192 -0.000367224 0.000216156 -0.00209273 0.00133842 -0.000936813 -0.00218068 5.67577e-05 -0.000339561 -0.00229186 0.000159273 -0.00463899 -0.00451129 -0.00252373 0.00273525 -0.00125273 0.00354515 -0.00107054 -0.000383496 0.000921776 0.000152963 -0.000379945 
0.000604753 -0.00552631 -0.000840897 -0.000358471 0.00169064 0.00254168 -0.000813329 -0.00631584 0.00755373 -0.000597347 -0.00847099 0.00323915 -0.00379466 0.00785464 -0.00891647 0.00147462 -0.0234501 -0.00194258 -0.0218046 -0.00403246 -0.0200327 0.00246498 0.0177804 0.017718 -0.00144239 -0.0070621 -0.000437342 -0.00499928 -0.00936327 -0.00196677 -0.00986241 0.00143001 0.000953063 0.182922 -0.00130887 0.0031963 -0.00457815 -0.00278201 -0.00204405 0.00175686 0.000144483 0.00420056 1.60674e-05 0.00277173 -0.00117738 -0.000238321 -0.00583636 6.89076e-05 -0.00190771 3.28871e-05 0.00423638 -0.00122015 -0.00732869 0.000416019 0.00217637 -0.00447737 0.00033971 0.00365313 0.00173279 -0.00142228 0.0111897 0.000479673 0.00315423 0.00169748 0.0200783 -0.00813484 0.00341316 0.00141867 -0.00726649 0.00112944 -0.00236616 -0.00722985 -0.0137388 -0.00126882 0.00229557 -0.00538121 -0.0122566 -0.00917114 -0.00290699 -0.00295006 -0.00380898 0.00829997 -0.00808526 -0.00271899 -0.00329708 -0.00301157 0.00399032 0.0170456 -0.00308813 -0.0201773 -0.00149739 -0.00853491 -0.00523323 -0.0130201 -0.00964204 -0.00646321 0.00145324 -0.00319711 -0.00714327 -0.000674189 
